station,time,latitude [degrees_north],longitude [degrees_east],elevation [feet],temp_2m [degF],temp_9m [degF],apparent_temperature [degF],relative_humidity [percent],dewpoint [degF],precip_incremental [inch],precip_local [inch],precip_max_intensity [inch/hour],precip_1hr [inch],avg_wind_speed_prop [mile/hr],max_wind_speed_prop [mile/hr],wind_speed_stddev_prop [mile/hr],wind_direction_prop [degrees],wind_direction_stddev_prop [degrees],avg_wind_speed_sonic [mile/hr],max_wind_speed_sonic [mile/hr],wind_speed_stddev_sonic [mile/hr],wind_direction_sonic [degrees],wind_direction_stddev_sonic [degrees],avg_wind_speed_merge [mile/hr],max_wind_speed_merge [mile/hr],wind_speed_stddev_merge [mile/hr],wind_direction_merge [degrees],wind_direction_stddev_merge [degrees],solar_insolation [W/m^2],station_pressure [inHg],snow_depth,frozen_soil_05cm [bit],frozen_soil_25cm [bit],frozen_soil_50cm [bit],soil_temp_05cm [degF],soil_temp_25cm [degF],soil_temp_50cm [degF],soil_moisture_05cm [m^3/m^3],soil_moisture_25cm [m^3/m^3],soil_moisture_50cm [m^3/m^3]
BATA,2016-04-05 00:00:00 EDT,43.01994,-78.13566,906,18.8,19.2,7.7,68.8,10.2,0.000,0.211,0.00,0.000,9.4,11.6,0.8,250,5,,,,,,9.4,11.6,0.8,250,5,0,29.21,,,,,,,,,,
BATA,2016-04-05 00:05:00 EDT,43.01994,-78.13566,906,18.7,19.1,7.6,69.3,10.4,0.000,0.000,0.00,0.000,9.5,11.5,0.8,250,4,,,,,,9.5,11.5,0.8,250,4,0,29.22,,,,,,,,,,
BATA,2016-04-05 00:10:00 EDT,43.01994,-78.13566,906,18.6,19.0,7.4,69.7,10.3,0.000,0.000,0.00,0.000,9.5,12.3,0.9,250,5,,,,,,9.5,12.3,0.9,250,5,0,29.22,,,,,,,,,,
BATA,2016-04-05 00:15:00 EDT,43.01994,-78.13566,906,18.6,18.9,7.5,69.9,10.4,0.000,0.000,0.00,0.000,9.5,12.1,1.1,250,5,,,,,,9.5,12.1,1.1,250,5,0,29.22,,,,,,,,,,
BATA,2016-04-05 00:20:00 EDT,43.01994,-78.13566,906,18.6,19.0,7.3,70.0,10.5,0.000,0.000,0.00,0.000,9.7,11.7,1.0,249,5,,,,,,9.7,11.7,1.0,249,5,0,29.22,,,,,,,,,,
BATA,2016-04-05 00:25:00 EDT,43.01994,-78.13566,906,18.5,18.9,7.5,70.2,10.4,0.000,0.000,0.00,0.000,9.2,12.1,0.9,252,4,,,,,,9.2,12.1,0.9,252,4,0,29.22,,,,,,,,,,
BATA,2016-04-05 00:30:00 EDT,43.01994,-78.13566,906,18.4,18.9,7.3,70.7,10.5,0.000,0.000,0.00,0.000,9.3,10.8,0.6,252,4,,,,,,9.3,10.8,0.6,252,4,0,29.22,,,,,,,,,,
BATA,2016-04-05 00:35:00 EDT,43.01994,-78.13566,906,18.6,19.0,7.2,70.6,10.7,0.000,0.000,0.00,0.000,9.9,11.5,0.7,254,6,,,,,,9.9,11.5,0.7,254,6,0,29.22,,,,,,,,,,
BATA,2016-04-05 00:40:00 EDT,43.01994,-78.13566,906,18.3,19.0,6.6,70.8,10.5,0.000,0.000,0.00,0.000,10.3,12.9,0.8,257,4,,,,,,10.3,12.9,0.8,257,4,0,29.22,,,,,,,,,,
BATA,2016-04-05 00:45:00 EDT,43.01994,-78.13566,906,18.3,19.0,6.5,71.0,10.5,0.000,0.000,0.00,0.000,10.4,12.5,0.8,258,4,,,,,,10.4,12.5,0.8,258,4,0,29.22,,,,,,,,,,
BATA,2016-04-05 00:50:00 EDT,43.01994,-78.13566,906,18.3,19.0,6.4,71.3,10.6,0.000,0.000,0.00,0.000,10.5,13.8,0.8,257,5,,,,,,10.5,13.8,0.8,257,5,0,29.22,,,,,,,,,,
BATA,2016-04-05 00:55:00 EDT,43.01994,-78.13566,906,18.3,19.2,6.4,71.5,10.6,0.000,0.000,0.00,0.000,10.5,12.8,0.8,259,6,,,,,,10.5,12.8,0.8,259,6,0,29.22,,,,,,,,,,
BATA,2016-04-05 01:00:00 EDT,43.01994,-78.13566,906,18.4,19.1,6.4,71.6,10.7,0.000,0.000,0.00,0.000,10.7,13.0,0.9,259,5,,,,,,10.7,13.0,0.9,259,5,0,29.22,,,,,,,,,,
BATA,2016-04-05 01:05:00 EDT,43.01994,-78.13566,906,18.5,19.2,6.7,71.8,10.9,0.000,0.000,0.00,0.000,10.5,12.4,0.7,258,5,,,,,,10.5,12.4,0.7,258,5,0,29.22,,,,,,,,,,
BATA,2016-04-05 01:10:00 EDT,43.01994,-78.13566,906,18.6,19.3,6.7,71.5,11.0,0.000,0.000,0.00,0.000,10.7,12.4,0.8,259,6,,,,,,10.7,12.4,0.8,259,6,0,29.23,,,,,,,,,,
BATA,2016-04-05 01:15:00 EDT,43.01994,-78.13566,906,18.9,19.4,7.2,71.5,11.2,0.000,0.000,0.00,0.000,10.4,13.2,1.0,256,6,,,,,,10.4,13.2,1.0,256,6,0,29.23,,,,,,,,,,
BATA,2016-04-05 01:20:00 EDT,43.01994,-78.13566,906,19.0,19.5,7.1,71.4,11.2,0.000,0.000,0.00,0.000,10.8,12.9,1.0,257,5,,,,,,10.8,12.9,1.0,257,5,0,29.23,,,,,,,,,,
BATA,2016-04-05 01:25:00 EDT,43.01994,-78.13566,906,19.1,19.5,7.0,71.5,11.4,0.000,0.000,0.00,0.000,11.1,13.9,1.0,256,5,,,,,,11.1,13.9,1.0,256,5,0,29.23,,,,,,,,,,
BATA,2016-04-05 01:30:00 EDT,43.01994,-78.13566,906,19.3,19.7,7.4,71.2,11.5,0.000,0.000,0.00,0.000,11.0,13.5,0.8,260,6,,,,,,11.0,13.5,0.8,260,6,0,29.23,,,,,,,,,,
BATA,2016-04-05 01:35:00 EDT,43.01994,-78.13566,906,19.5,19.9,7.7,71.2,11.7,0.000,0.000,0.00,0.000,11.0,13.4,0.9,261,6,,,,,,11.0,13.4,0.9,261,6,0,29.23,,,,,,,,,,
BATA,2016-04-05 01:40:00 EDT,43.01994,-78.13566,906,19.8,20.1,7.9,70.4,11.7,0.000,0.000,0.00,0.000,11.2,14.3,1.1,264,7,,,,,,11.2,14.3,1.1,264,7,0,29.23,,,,,,,,,,
BATA,2016-04-05 01:45:00 EDT,43.01994,-78.13566,906,20.1,20.4,8.4,69.7,11.8,0.000,0.000,0.00,0.000,11.0,14.0,1.1,262,6,11.0,11.0,0.0,258,0,11.0,14.0,1.1,262,6,0,29.23,,,,,,,,,,
BATA,2016-04-05 01:50:00 EDT,43.01994,-78.13566,906,20.2,20.5,9.1,69.3,11.8,0.000,0.000,0.00,0.000,10.1,12.1,0.9,264,7,,,,,,10.1,12.1,0.9,264,7,0,29.23,,,,,,,,,,
BATA,2016-04-05 01:55:00 EDT,43.01994,-78.13566,906,20.4,20.5,9.3,69.1,11.8,0.000,0.000,0.00,0.000,9.9,13.4,1.1,265,6,,,,,,9.9,13.4,1.1,265,6,0,29.23,,,,,,,,,,
BATA,2016-04-05 02:00:00 EDT,43.01994,-78.13566,906,20.5,20.7,9.4,69.4,12.1,0.000,0.000,0.00,0.000,10.1,14.6,1.2,263,6,,,,,,10.1,14.6,1.2,263,6,0,29.23,,,,,,,,,,
BATA,2016-04-05 02:05:00 EDT,43.01994,-78.13566,906,20.7,20.9,9.7,68.9,12.1,0.000,0.000,0.00,0.000,10.0,11.9,0.9,266,7,,,,,,10.0,11.9,0.9,266,7,0,29.23,,,,,,,,,,
BATA,2016-04-05 02:10:00 EDT,43.01994,-78.13566,906,21.0,21.1,10.6,67.8,12.0,0.000,0.000,0.00,0.000,9.3,11.5,1.1,268,8,,,,,,9.3,11.5,1.1,268,8,0,29.23,,,,,,,,,,
BATA,2016-04-05 02:15:00 EDT,43.01994,-78.13566,906,21.0,21.1,10.9,67.1,11.8,0.000,0.000,0.00,0.000,8.7,11.6,1.0,274,7,,,,,,8.7,11.6,1.0,274,7,0,29.24,,,,,,,,,,
BATA,2016-04-05 02:20:00 EDT,43.01994,-78.13566,906,20.8,21.0,10.3,67.7,11.8,0.000,0.000,0.00,0.000,9.3,11.0,0.8,274,6,,,,,,9.3,11.0,0.8,274,6,0,29.24,,,,,,,,,,
BATA,2016-04-05 02:25:00 EDT,43.01994,-78.13566,906,20.8,21.1,10.8,67.2,11.7,0.000,0.000,0.00,0.000,8.6,10.5,0.8,272,6,,,,,,8.6,10.5,0.8,272,6,0,29.24,,,,,,,,,,
BATA,2016-04-05 02:30:00 EDT,43.01994,-78.13566,906,20.8,21.0,10.7,67.3,11.7,0.000,0.000,0.00,0.000,8.7,11.5,0.8,271,6,,,,,,8.7,11.5,0.8,271,6,0,29.24,,,,,,,,,,
BATA,2016-04-05 02:35:00 EDT,43.01994,-78.13566,906,20.7,20.9,11.1,67.2,11.5,0.000,0.000,0.00,0.000,7.9,9.7,0.6,272,6,,,,,,7.9,9.7,0.6,272,6,0,29.24,,,,,,,,,,
BATA,2016-04-05 02:40:00 EDT,43.01994,-78.13566,906,20.2,20.7,10.7,68.0,11.3,0.000,0.000,0.00,0.000,7.7,9.4,0.8,270,7,,,,,,7.7,9.4,0.8,270,7,0,29.24,,,,,,,,,,
BATA,2016-04-05 02:45:00 EDT,43.01994,-78.13566,906,19.8,20.3,10.7,68.5,11.1,0.000,0.000,0.00,0.000,7.1,9.4,1.0,274,10,,,,,,7.1,9.4,1.0,274,10,0,29.24,,,,,,,,,,
BATA,2016-04-05 02:50:00 EDT,43.01994,-78.13566,906,19.8,20.3,12.2,69.3,11.4,0.000,0.000,0.00,0.000,5.5,7.7,1.0,296,18,,,,,,5.5,7.7,1.0,296,18,0,29.24,,,,,,,,,,
BATA,2016-04-05 02:55:00 EDT,43.01994,-78.13566,906,20.3,20.7,11.4,68.5,11.6,0.000,0.000,0.00,0.000,6.9,9.4,1.0,288,7,,,,,,6.9,9.4,1.0,288,7,0,29.25,,,,,,,,,,
BATA,2016-04-05 03:00:00 EDT,43.01994,-78.13566,906,19.4,20.3,10.5,68.6,10.8,0.000,0.000,0.00,0.000,6.8,8.7,1.0,296,5,,,,,,6.8,8.7,1.0,296,5,0,29.25,,,,,,,,,,
BATA,2016-04-05 03:05:00 EDT,43.01994,-78.13566,906,19.6,20.5,11.0,69.8,11.4,0.000,0.000,0.00,0.000,6.6,7.7,0.5,301,4,,,,,,6.6,7.7,0.5,301,4,0,29.25,,,,,,,,,,
BATA,2016-04-05 03:10:00 EDT,43.01994,-78.13566,906,20.0,20.6,12.1,67.9,11.1,0.000,0.000,0.00,0.000,5.9,6.9,0.4,301,4,,,,,,5.9,6.9,0.4,301,4,0,29.25,,,,,,,,,,
BATA,2016-04-05 03:15:00 EDT,43.01994,-78.13566,906,19.9,20.6,12.4,67.4,10.9,0.000,0.000,0.00,0.000,5.5,6.2,0.4,303,4,,,,,,5.5,6.2,0.4,303,4,0,29.25,,,,,,,,,,
BATA,2016-04-05 03:20:00 EDT,43.01994,-78.13566,906,20.0,20.6,12.4,67.6,11.0,0.000,0.000,0.00,0.000,5.5,6.1,0.3,305,4,,,,,,5.5,6.1,0.3,305,4,0,29.25,,,,,,,,,,
BATA,2016-04-05 03:25:00 EDT,43.01994,-78.13566,906,20.0,20.8,12.9,67.2,10.9,0.000,0.000,0.00,0.000,5.1,6.4,0.5,311,5,,,,,,5.1,6.4,0.5,311,5,0,29.26,,,,,,,,,,
BATA,2016-04-05 03:30:00 EDT,43.01994,-78.13566,906,20.3,20.9,13.9,66.8,11.1,0.000,0.000,0.00,0.000,4.5,5.0,0.3,315,4,,,,,,4.5,5.0,0.3,315,4,0,29.26,,,,,,,,,,
BATA,2016-04-05 03:35:00 EDT,43.01994,-78.13566,906,20.2,21.0,13.9,66.2,10.7,0.000,0.000,0.00,0.000,4.4,5.0,0.3,321,7,,,,,,4.4,5.0,0.3,321,7,0,29.26,,,,,,,,,,
BATA,2016-04-05 03:40:00 EDT,43.01994,-78.13566,906,20.3,21.4,13.6,65.9,10.7,0.000,0.000,0.00,0.000,4.8,6.6,0.6,341,15,,,,,,4.8,6.6,0.6,341,15,0,29.26,,,,,,,,,,
BATA,2016-04-05 03:45:00 EDT,43.01994,-78.13566,906,20.5,21.4,13.9,64.8,10.5,0.000,0.000,0.00,0.000,4.7,6.9,0.7,350,14,,,,,,4.7,6.9,0.7,350,14,0,29.27,,,,,,,,,,
BATA,2016-04-05 03:50:00 EDT,43.01994,-78.13566,906,20.5,21.4,14.1,64.4,10.3,0.000,0.000,0.00,0.000,4.5,7.5,0.8,349,9,,,,,,4.5,7.5,0.8,349,9,0,29.27,,,,,,,,,,
BATA,2016-04-05 03:55:00 EDT,43.01994,-78.13566,906,20.7,21.3,13.2,63.4,10.2,0.000,0.000,0.00,0.000,5.5,6.9,0.6,343,15,,,,,,5.5,6.9,0.6,343,15,0,29.27,,,,,,,,,,
BATA,2016-04-05 04:00:00 EDT,43.01994,-78.13566,906,20.1,21.1,12.5,63.0,9.5,0.000,0.000,0.00,0.000,5.6,6.8,0.6,348,9,,,,,,5.6,6.8,0.6,348,9,0,29.27,,,,,,,,,,
BATA,2016-04-05 04:05:00 EDT,43.01994,-78.13566,906,19.9,21.0,12.2,62.6,9.2,0.000,0.000,0.00,0.000,5.6,7.0,0.4,346,12,,,,,,5.6,7.0,0.4,346,12,0,29.27,,,,,,,,,,
BATA,2016-04-05 04:10:00 EDT,43.01994,-78.13566,906,19.6,21.1,11.4,63.4,9.2,0.000,0.000,0.00,0.000,6.1,8.3,0.6,343,12,,,,,,6.1,8.3,0.6,343,12,0,29.28,,,,,,,,,,
BATA,2016-04-05 04:15:00 EDT,43.01994,-78.13566,906,20.1,21.2,11.8,61.4,8.9,0.000,0.000,0.00,0.000,6.3,8.3,0.8,355,11,,,,,,6.3,8.3,0.8,355,11,0,29.28,,,,,,,,,,
BATA,2016-04-05 04:20:00 EDT,43.01994,-78.13566,906,19.8,20.9,12.3,61.0,8.5,0.000,0.000,0.00,0.000,5.4,7.2,0.6,346,7,,,,,,5.4,7.2,0.6,346,7,0,29.28,,,,,,,,,,
BATA,2016-04-05 04:25:00 EDT,43.01994,-78.13566,906,19.6,20.7,10.6,60.5,8.1,0.000,0.000,0.00,0.000,6.9,8.8,0.7,341,7,,,,,,6.9,8.8,0.7,341,7,0,29.28,,,,,,,,,,
BATA,2016-04-05 04:30:00 EDT,43.01994,-78.13566,906,18.9,20.3,9.8,61.7,7.9,0.000,0.000,0.00,0.000,7.0,7.7,0.3,327,4,,,,,,7.0,7.7,0.3,327,4,0,29.29,,,,,,,,,,
BATA,2016-04-05 04:35:00 EDT,43.01994,-78.13566,906,18.7,20.4,9.5,62.7,8.0,0.000,0.000,0.00,0.000,6.9,9.1,0.8,337,10,,,,,,6.9,9.1,0.8,337,10,0,29.29,,,,,,,,,,
BATA,2016-04-05 04:40:00 EDT,43.01994,-78.13566,906,19.5,20.7,10.0,59.3,7.6,0.000,0.000,0.00,0.000,7.6,9.9,0.8,355,9,,,,,,7.6,9.9,0.8,355,9,0,29.29,,,,,,,,,,
BATA,2016-04-05 04:45:00 EDT,43.01994,-78.13566,906,20.3,20.9,11.2,56.8,7.4,0.000,0.000,0.00,0.000,7.3,9.8,0.9,360,7,,,,,,7.3,9.8,0.9,360,7,0,29.30,,,,,,,,,,
BATA,2016-04-05 04:50:00 EDT,43.01994,-78.13566,906,20.0,20.7,11.6,56.4,7.0,0.000,0.000,0.00,0.000,6.4,9.2,1.1,359,16,,,,,,6.4,9.2,1.1,359,16,0,29.30,,,,,,,,,,
BATA,2016-04-05 04:55:00 EDT,43.01994,-78.13566,906,19.8,20.5,11.6,57.0,7.0,0.000,0.000,0.00,0.000,6.1,8.1,0.8,357,15,,,,,,6.1,8.1,0.8,357,15,0,29.30,,,,,,,,,,
BATA,2016-04-05 05:00:00 EDT,43.01994,-78.13566,906,19.8,20.4,11.7,56.9,7.0,0.000,0.000,0.00,0.000,6.0,8.2,0.7,359,14,,,,,,6.0,8.2,0.7,359,14,0,29.30,,,,,,,,,,
BATA,2016-04-05 05:05:00 EDT,43.01994,-78.13566,906,19.5,20.1,11.4,57.3,6.8,0.000,0.000,0.00,0.000,5.9,8.3,0.9,353,10,,,,,,5.9,8.3,0.9,353,10,0,29.31,,,,,,,,,,
BATA,2016-04-05 05:10:00 EDT,43.01994,-78.13566,906,19.4,20.1,11.0,57.4,6.8,0.000,0.000,0.00,0.000,6.2,7.9,0.7,355,12,,,,,,6.2,7.9,0.7,355,12,0,29.31,,,,,,,,,,
BATA,2016-04-05 05:15:00 EDT,43.01994,-78.13566,906,19.2,19.9,10.9,57.4,6.6,0.000,0.000,0.00,0.000,6.1,7.5,0.6,347,8,,,,,,6.1,7.5,0.6,347,8,0,29.31,,,,,,,,,,
BATA,2016-04-05 05:20:00 EDT,43.01994,-78.13566,906,18.8,19.8,10.4,57.8,6.4,0.000,0.000,0.00,0.000,6.1,8.0,0.8,343,6,,,,,,6.1,8.0,0.8,343,6,0,29.32,,,,,,,,,,
BATA,2016-04-05 05:25:00 EDT,43.01994,-78.13566,906,18.7,19.7,10.2,57.9,6.4,0.000,0.000,0.00,0.000,6.2,8.1,0.6,345,6,,,,,,6.2,8.1,0.6,345,6,0,29.32,,,,,,,,,,
BATA,2016-04-05 05:30:00 EDT,43.01994,-78.13566,906,18.6,19.5,9.7,57.9,6.3,0.000,0.000,0.00,0.000,6.7,8.3,0.6,343,6,,,,,,6.7,8.3,0.6,343,6,0,29.32,,,,,,,,,,
BATA,2016-04-05 05:35:00 EDT,43.01994,-78.13566,906,18.6,19.6,10.2,58.1,6.4,0.000,0.000,0.00,0.000,6.1,8.2,0.7,344,15,,,,,,6.1,8.2,0.7,344,15,0,29.32,,,,,,,,,,
BATA,2016-04-05 05:40:00 EDT,43.01994,-78.13566,906,18.6,19.5,10.7,58.2,6.3,0.000,0.000,0.00,0.000,5.5,6.9,0.6,343,5,,,,,,5.5,6.9,0.6,343,5,0,29.33,,,,,,,,,,
BATA,2016-04-05 05:45:00 EDT,43.01994,-78.13566,906,18.5,19.4,10.4,58.3,6.3,0.000,0.000,0.00,0.000,5.8,8.5,0.7,338,6,,,,,,5.8,8.5,0.7,338,6,0,29.33,,,,,,,,,,
BATA,2016-04-05 05:50:00 EDT,43.01994,-78.13566,906,18.3,19.2,10.0,58.3,6.0,0.000,0.000,0.00,0.000,5.9,7.3,0.6,338,6,,,,,,5.9,7.3,0.6,338,6,0,29.33,,,,,,,,,,
BATA,2016-04-05 05:55:00 EDT,43.01994,-78.13566,906,18.4,19.4,10.2,57.7,6.0,0.000,0.000,0.00,0.000,5.8,7.5,0.6,341,6,6.3,6.3,0.0,344,0,5.8,7.5,0.6,341,6,0,29.34,,,,,,,,,,
BATA,2016-04-05 06:00:00 EDT,43.01994,-78.13566,906,18.5,19.3,10.2,56.5,5.6,0.000,0.000,0.00,0.000,6.0,7.5,0.6,341,8,,,,,,6.0,7.5,0.6,341,8,0,29.34,,,,,,,,,,
BATA,2016-04-05 06:05:00 EDT,43.01994,-78.13566,906,17.9,19.2,9.5,56.3,4.9,0.000,0.000,0.00,0.000,5.9,8.0,0.6,341,6,,,,,,5.9,8.0,0.6,341,6,0,29.34,,,,,,,,,,
BATA,2016-04-05 06:10:00 EDT,43.01994,-78.13566,906,18.0,19.1,9.6,56.5,5.2,0.000,0.000,0.00,0.000,5.9,7.7,0.6,339,6,,,,,,5.9,7.7,0.6,339,6,0,29.35,,,,,,,,,,
BATA,2016-04-05 06:15:00 EDT,43.01994,-78.13566,906,18.1,19.2,9.6,56.0,5.0,0.000,0.000,0.00,0.000,6.0,8.1,0.6,335,5,,,,,,6.0,8.1,0.6,335,5,0,29.35,,,,,,,,,,
BATA,2016-04-05 06:20:00 EDT,43.01994,-78.13566,906,18.0,19.0,9.2,55.9,4.9,0.000,0.000,0.00,0.000,6.3,8.5,0.6,334,5,,,,,,6.3,8.5,0.6,334,5,0,29.36,,,,,,,,,,
BATA,2016-04-05 06:25:00 EDT,43.01994,-78.13566,906,17.4,18.8,8.7,55.9,4.3,0.000,0.000,0.00,0.000,6.2,7.2,0.5,331,5,,,,,,6.2,7.2,0.5,331,5,0,29.36,,,,,,,,,,
BATA,2016-04-05 06:30:00 EDT,43.01994,-78.13566,906,17.6,18.8,9.2,56.1,4.6,0.000,0.000,0.00,0.000,6.0,7.5,0.5,325,5,,,,,,6.0,7.5,0.5,325,5,0,29.36,,,,,,,,,,
BATA,2016-04-05 06:35:00 EDT,43.01994,-78.13566,906,17.8,18.8,9.7,55.7,4.6,0.000,0.000,0.00,0.000,5.6,6.7,0.3,322,4,,,,,,5.6,6.7,0.3,322,4,1,29.37,,,,,,,,,,
BATA,2016-04-05 06:40:00 EDT,43.01994,-78.13566,906,18.0,18.9,9.8,55.3,4.6,0.000,0.000,0.00,0.000,5.7,6.9,0.3,322,3,,,,,,5.7,6.9,0.3,322,3,2,29.37,,,,,,,,,,
BATA,2016-04-05 06:45:00 EDT,43.01994,-78.13566,906,17.8,18.8,10.1,55.5,4.6,0.000,0.000,0.00,0.000,5.3,6.6,0.5,324,5,,,,,,5.3,6.6,0.5,324,5,3,29.37,,,,,,,,,,
BATA,2016-04-05 06:50:00 EDT,43.01994,-78.13566,906,17.9,18.8,10.6,55.5,4.7,0.000,0.000,0.00,0.000,4.9,5.8,0.3,327,3,,,,,,4.9,5.8,0.3,327,3,5,29.37,,,,,,,,,,
BATA,2016-04-05 06:55:00 EDT,43.01994,-78.13566,906,17.9,18.7,10.6,55.3,4.6,0.000,0.000,0.00,0.000,5.0,5.6,0.2,322,4,,,,,,5.0,5.6,0.2,322,4,8,29.38,,,,,,,,,,
BATA,2016-04-05 07:00:00 EDT,43.01994,-78.13566,906,17.8,18.6,10.6,55.5,4.5,0.000,0.000,0.00,0.000,4.8,5.5,0.3,319,3,,,,,,4.8,5.5,0.3,319,3,11,29.38,,,,,,,,,,
BATA,2016-04-05 07:05:00 EDT,43.01994,-78.13566,906,17.6,18.5,10.8,55.7,4.4,0.000,0.000,0.00,0.000,4.4,4.8,0.2,318,3,,,,,,4.4,4.8,0.2,318,3,16,29.38,,,,,,,,,,
BATA,2016-04-05 07:10:00 EDT,43.01994,-78.13566,906,17.5,18.5,11.0,55.9,4.5,0.000,0.000,0.00,0.000,4.3,4.8,0.2,316,3,,,,,,4.3,4.8,0.2,316,3,26,29.38,,,,,,,,,,
BATA,2016-04-05 07:15:00 EDT,43.01994,-78.13566,906,17.5,18.5,10.9,56.0,4.4,0.000,0.000,0.00,0.000,4.3,5.0,0.3,315,3,,,,,,4.3,5.0,0.3,315,3,43,29.38,,,,,,,,,,
BATA,2016-04-05 07:20:00 EDT,43.01994,-78.13566,906,17.7,18.6,11.0,55.8,4.5,0.000,0.000,0.00,0.000,4.4,4.8,0.2,313,3,,,,,,4.4,4.8,0.2,313,3,57,29.39,,,,,,,,,,
BATA,2016-04-05 07:25:00 EDT,43.01994,-78.13566,906,17.9,18.7,11.8,55.2,4.5,0.000,0.000,0.00,0.000,3.9,4.6,0.3,311,4,,,,,,3.9,4.6,0.3,311,4,73,29.39,,,,,,,,,,
BATA,2016-04-05 07:30:00 EDT,43.01994,-78.13566,906,17.8,18.8,12.4,54.8,4.3,0.000,0.000,0.00,0.000,3.6,4.2,0.2,311,5,,,,,,3.6,4.2,0.2,311,5,91,29.39,,,,,,,,,,
BATA,2016-04-05 07:35:00 EDT,43.01994,-78.13566,906,17.9,18.9,11.6,54.5,4.3,0.000,0.000,0.00,0.000,4.2,5.0,0.3,316,3,,,,,,4.2,5.0,0.3,316,3,109,29.39,,,,,,,,,,
BATA,2016-04-05 07:40:00 EDT,43.01994,-78.13566,906,18.4,19.0,11.5,53.6,4.4,0.000,0.000,0.00,0.000,4.7,5.2,0.2,318,3,,,,,,4.7,5.2,0.2,318,3,125,29.39,,,,,,,,,,
BATA,2016-04-05 07:45:00 EDT,43.01994,-78.13566,906,18.3,18.9,11.3,53.1,4.0,0.000,0.000,0.00,0.000,4.8,5.3,0.3,321,3,,,,,,4.8,5.3,0.3,321,3,139,29.40,,,,,,,,,,
BATA,2016-04-05 07:50:00 EDT,43.01994,-78.13566,906,18.2,19.1,11.4,53.3,4.1,0.000,0.000,0.00,0.000,4.6,5.3,0.4,322,3,,,,,,4.6,5.3,0.4,322,3,153,29.40,,,,,,,,,,
BATA,2016-04-05 07:55:00 EDT,43.01994,-78.13566,906,18.6,19.1,12.3,52.6,4.2,0.000,0.000,0.00,0.000,4.3,5.1,0.3,324,4,,,,,,4.3,5.1,0.3,324,4,168,29.40,,,,,,,,,,
BATA,2016-04-05 08:00:00 EDT,43.01994,-78.13566,906,18.8,19.3,13.0,51.9,4.0,0.000,0.000,0.00,0.000,3.9,5.0,0.3,321,5,,,,,,3.9,5.0,0.3,321,5,183,29.40,,,,,,,,,,
BATA,2016-04-05 08:05:00 EDT,43.01994,-78.13566,906,19.0,19.4,13.0,51.4,4.0,0.000,0.000,0.00,0.000,4.0,5.0,0.3,321,5,,,,,,4.0,5.0,0.3,321,5,199,29.40,,,,,,,,,,
BATA,2016-04-05 08:10:00 EDT,43.01994,-78.13566,906,19.0,19.6,12.9,51.0,3.8,0.000,0.000,0.00,0.000,4.1,5.3,0.4,329,6,,,,,,4.1,5.3,0.4,329,6,215,29.41,,,,,,,,,,
BATA,2016-04-05 08:15:00 EDT,43.01994,-78.13566,906,19.1,19.6,12.5,50.9,3.9,0.000,0.000,0.00,0.000,4.5,5.6,0.3,318,5,,,,,,4.5,5.6,0.3,318,5,231,29.41,,,,,,,,,,
BATA,2016-04-05 08:20:00 EDT,43.01994,-78.13566,906,19.2,19.6,12.2,51.1,4.1,0.000,0.000,0.00,0.000,4.9,5.7,0.4,314,5,,,,,,4.9,5.7,0.4,314,5,246,29.41,,,,,,,,,,
BATA,2016-04-05 08:25:00 EDT,43.01994,-78.13566,906,19.2,19.6,12.9,51.0,4.1,0.000,0.000,0.00,0.000,4.3,5.3,0.3,317,4,,,,,,4.3,5.3,0.3,317,4,263,29.41,,,,,,,,,,
BATA,2016-04-05 08:30:00 EDT,43.01994,-78.13566,906,19.4,19.7,12.5,50.9,4.2,0.000,0.000,0.00,0.000,4.8,5.7,0.3,318,4,,,,,,4.8,5.7,0.3,318,4,279,29.42,,,,,,,,,,
BATA,2016-04-05 08:35:00 EDT,43.01994,-78.13566,906,19.5,19.9,12.3,50.8,4.2,0.000,0.000,0.00,0.000,5.0,6.8,0.5,316,5,,,,,,5.0,6.8,0.5,316,5,295,29.42,,,,,,,,,,
BATA,2016-04-05 08:40:00 EDT,43.01994,-78.13566,906,19.5,19.9,12.6,50.7,4.2,0.000,0.000,0.00,0.000,4.9,6.1,0.4,317,5,,,,,,4.9,6.1,0.4,317,5,311,29.42,,,,,,,,,,
BATA,2016-04-05 08:45:00 EDT,43.01994,-78.13566,906,19.6,20.1,12.4,51.0,4.4,0.000,0.000,0.00,0.000,5.0,7.2,0.6,316,7,,,,,,5.0,7.2,0.6,316,7,327,29.43,,,,,,,,,,
BATA,2016-04-05 08:50:00 EDT,43.01994,-78.13566,906,19.9,20.3,13.0,50.6,4.5,0.000,0.000,0.00,0.000,4.9,6.0,0.5,315,6,,,,,,4.9,6.0,0.5,315,6,343,29.43,,,,,,,,,,
BATA,2016-04-05 08:55:00 EDT,43.01994,-78.13566,906,20.3,20.6,13.2,50.0,4.6,0.000,0.000,0.00,0.000,5.1,7.2,0.8,320,9,,,,,,5.1,7.2,0.8,320,9,360,29.43,,,,,,,,,,
BATA,2016-04-05 09:00:00 EDT,43.01994,-78.13566,906,20.6,20.9,12.8,49.8,4.8,0.000,0.000,0.00,0.000,5.9,8.3,1.1,327,12,,,,,,5.9,8.3,1.1,327,12,376,29.43,,,,,,,,,,
BATA,2016-04-05 09:05:00 EDT,43.01994,-78.13566,906,21.0,21.3,13.4,48.7,4.7,0.000,0.000,0.00,0.000,5.8,7.9,0.9,326,8,,,,,,5.8,7.9,0.9,326,8,392,29.43,,,,,,,,,,
BATA,2016-04-05 09:10:00 EDT,43.01994,-78.13566,906,21.3,21.5,12.9,48.7,4.9,0.000,0.000,0.00,0.000,6.6,9.9,1.2,330,11,,,,,,6.6,9.9,1.2,330,11,408,29.44,,,,,,,,,,
BATA,2016-04-05 09:15:00 EDT,43.01994,-78.13566,906,21.8,21.8,12.8,47.5,4.9,0.000,0.000,0.00,0.000,7.4,9.8,1.1,337,9,,,,,,7.4,9.8,1.1,337,9,423,29.44,,,,,,,,,,
BATA,2016-04-05 09:20:00 EDT,43.01994,-78.13566,906,21.9,22.0,11.8,47.1,4.8,0.000,0.000,0.00,0.000,9.0,12.1,1.1,336,8,,,,,,9.0,12.1,1.1,336,8,439,29.44,,,,,,,,,,
BATA,2016-04-05 09:25:00 EDT,43.01994,-78.13566,906,22.1,22.1,13.5,47.3,5.0,0.000,0.000,0.00,0.000,7.1,9.5,1.0,338,7,,,,,,7.1,9.5,1.0,338,7,454,29.44,,,,,,,,,,
BATA,2016-04-05 09:30:00 EDT,43.01994,-78.13566,906,22.1,22.2,14.3,48.7,5.7,0.000,0.000,0.00,0.000,6.2,9.1,1.1,347,17,,,,,,6.2,9.1,1.1,347,17,470,29.44,,,,,,,,,,
BATA,2016-04-05 09:35:00 EDT,43.01994,-78.13566,906,22.3,22.3,13.4,47.3,5.3,0.000,0.000,0.00,0.000,7.6,12.0,2.2,2,11,,,,,,7.6,12.0,2.2,2,11,486,29.44,,,,,,,,,,
BATA,2016-04-05 09:40:00 EDT,43.01994,-78.13566,906,22.3,22.3,12.9,46.9,5.1,0.000,0.000,0.00,0.000,8.1,10.4,0.9,8,8,,,,,,8.1,10.4,0.9,8,8,501,29.44,,,,,,,,,,
BATA,2016-04-05 09:45:00 EDT,43.01994,-78.13566,906,22.5,22.4,13.4,46.3,4.9,0.000,0.000,0.00,0.000,7.8,10.4,1.5,1,15,,,,,,7.8,10.4,1.5,1,15,516,29.44,,,,,,,,,,
BATA,2016-04-05 09:50:00 EDT,43.01994,-78.13566,906,22.6,22.5,13.3,46.4,5.1,0.000,0.000,0.00,0.000,8.2,11.4,1.4,359,15,,,,,,8.2,11.4,1.4,359,15,533,29.44,,,,,,,,,,
BATA,2016-04-05 09:55:00 EDT,43.01994,-78.13566,906,22.6,22.6,14.3,45.5,4.7,0.000,0.000,0.00,0.000,6.9,11.1,1.4,359,11,,,,,,6.9,11.1,1.4,359,11,549,29.45,,,,,,,,,,
BATA,2016-04-05 10:00:00 EDT,43.01994,-78.13566,906,22.7,22.5,13.5,45.0,4.5,0.000,0.000,0.00,0.000,8.0,10.7,1.3,6,17,,,,,,8.0,10.7,1.3,6,17,554,29.45,,,,,,,,,,
BATA,2016-04-05 10:05:00 EDT,43.01994,-78.13566,906,22.8,22.6,13.5,44.7,4.5,0.000,0.000,0.00,0.000,8.2,11.0,1.3,357,19,,,,,,8.2,11.0,1.3,357,19,583,29.45,,,,,,,,,,
BATA,2016-04-05 10:10:00 EDT,43.01994,-78.13566,906,22.9,22.7,14.2,45.7,5.0,0.000,0.000,0.00,0.000,7.4,11.7,2.1,330,6,,,,,,7.4,11.7,2.1,330,6,600,29.45,,,,,,,,,,
BATA,2016-04-05 10:15:00 EDT,43.01994,-78.13566,906,23.0,22.8,15.8,45.9,5.2,0.000,0.000,0.00,0.000,5.6,9.4,1.4,351,18,,,,,,5.6,9.4,1.4,351,18,627,29.46,,,,,,,,,,
BATA,2016-04-05 10:20:00 EDT,43.01994,-78.13566,906,23.2,23.0,13.7,45.8,5.4,0.000,0.000,0.00,0.000,8.7,12.9,1.8,356,11,,,,,,8.7,12.9,1.8,356,11,663,29.46,,,,,,,,,,
BATA,2016-04-05 10:25:00 EDT,43.01994,-78.13566,906,23.3,23.1,13.9,45.7,5.4,0.000,0.000,0.00,0.000,8.5,11.5,1.4,328,8,,,,,,8.5,11.5,1.4,328,8,675,29.46,,,,,,,,,,
BATA,2016-04-05 10:30:00 EDT,43.01994,-78.13566,906,23.3,23.1,14.2,44.7,5.0,0.000,0.000,0.00,0.000,8.1,12.4,1.7,318,13,,,,,,8.1,12.4,1.7,318,13,692,29.46,,,,,,,,,,
BATA,2016-04-05 10:35:00 EDT,43.01994,-78.13566,906,23.2,23.0,15.1,44.3,4.7,0.000,0.000,0.00,0.000,6.8,13.9,1.5,308,10,,,,,,6.8,13.9,1.5,308,10,634,29.46,,,,,,,,,,
BATA,2016-04-05 10:40:00 EDT,43.01994,-78.13566,906,23.5,23.3,14.1,44.4,4.9,0.000,0.000,0.00,0.000,8.5,14.8,2.7,342,18,,,,,,8.5,14.8,2.7,342,18,600,29.46,,,,,,,,,,
BATA,2016-04-05 10:45:00 EDT,43.01994,-78.13566,906,23.4,23.2,14.8,42.7,4.0,0.000,0.000,0.00,0.000,7.5,10.4,1.2,326,10,,,,,,7.5,10.4,1.2,326,10,698,29.47,,,,,,,,,,
BATA,2016-04-05 10:50:00 EDT,43.01994,-78.13566,906,23.7,23.4,14.2,44.3,5.0,0.000,0.000,0.00,0.000,8.7,13.2,1.8,346,12,,,,,,8.7,13.2,1.8,346,12,704,29.47,,,,,,,,,,
BATA,2016-04-05 10:55:00 EDT,43.01994,-78.13566,906,23.7,23.4,13.0,43.0,4.4,0.000,0.000,0.00,0.000,10.8,15.2,1.8,337,7,,,,,,10.8,15.2,1.8,337,7,715,29.47,,,,,,,,,,
BATA,2016-04-05 11:00:00 EDT,43.01994,-78.13566,906,23.5,23.2,15.0,42.7,4.1,0.000,0.000,0.00,0.000,7.2,10.9,1.5,345,12,,,,,,7.2,10.9,1.5,345,12,731,29.47,,,,,,,,,,
BATA,2016-04-05 11:05:00 EDT,43.01994,-78.13566,906,23.7,23.4,16.1,43.6,4.8,0.000,0.000,0.00,0.000,6.2,9.8,1.8,349,15,,,,,,6.2,9.8,1.8,349,15,730,29.47,,,,,,,,,,
BATA,2016-04-05 11:10:00 EDT,43.01994,-78.13566,906,23.7,23.4,14.9,43.2,4.5,0.000,0.000,0.00,0.000,7.7,12.2,2.6,304,35,,,,,,7.7,12.2,2.6,304,35,748,29.47,,,,,,,,,,
BATA,2016-04-05 11:15:00 EDT,43.01994,-78.13566,906,23.5,23.2,15.2,43.6,4.5,0.000,0.000,0.00,0.000,7.0,9.5,1.4,299,12,,,,,,7.0,9.5,1.4,299,12,717,29.47,,,,,,,,,,
BATA,2016-04-05 11:20:00 EDT,43.01994,-78.13566,906,23.7,23.4,13.1,44.5,5.2,0.000,0.000,0.00,0.000,10.6,15.2,1.9,317,6,,,,,,10.6,15.2,1.9,317,6,742,29.47,,,,,,,,,,
BATA,2016-04-05 11:25:00 EDT,43.01994,-78.13566,906,23.8,23.5,14.5,44.6,5.3,0.000,0.000,0.00,0.000,8.4,11.7,1.6,324,17,,,,,,8.4,11.7,1.6,324,17,650,29.47,,,,,,,,,,
BATA,2016-04-05 11:30:00 EDT,43.01994,-78.13566,906,23.8,23.4,13.5,42.8,4.4,0.000,0.000,0.00,0.000,10.1,12.9,1.7,353,9,,,,,,10.1,12.9,1.7,353,9,766,29.47,,,,,,,,,,
BATA,2016-04-05 11:35:00 EDT,43.01994,-78.13566,906,24.0,23.7,15.1,42.8,4.6,0.000,0.000,0.00,0.000,8.0,11.1,1.8,348,20,,,,,,8.0,11.1,1.8,348,20,774,29.47,,,,,,,,,,
BATA,2016-04-05 11:40:00 EDT,43.01994,-78.13566,906,24.0,23.6,15.4,43.7,5.0,0.000,0.000,0.00,0.000,7.5,12.0,1.4,328,8,,,,,,7.5,12.0,1.4,328,8,786,29.47,,,,,,,,,,
BATA,2016-04-05 11:45:00 EDT,43.01994,-78.13566,906,23.9,23.5,16.3,44.0,5.2,0.000,0.000,0.00,0.000,6.4,11.1,1.7,314,14,,,,,,6.4,11.1,1.7,314,14,812,29.47,,,,,,,,,,
BATA,2016-04-05 11:50:00 EDT,43.01994,-78.13566,906,24.0,23.7,15.8,43.0,4.7,0.000,0.000,0.00,0.000,7.1,9.6,1.9,313,9,,,,,,7.1,9.6,1.9,313,9,810,29.47,,,,,,,,,,
BATA,2016-04-05 11:55:00 EDT,43.01994,-78.13566,906,24.1,23.7,15.6,42.0,4.3,0.000,0.000,0.00,0.000,7.4,9.9,0.9,318,9,,,,,,7.4,9.9,0.9,318,9,817,29.47,,,,,,,,,,
BATA,2016-04-05 12:00:00 EDT,43.01994,-78.13566,906,24.1,23.7,16.8,43.1,4.9,0.000,0.000,0.00,0.000,6.1,9.2,1.9,323,13,,,,,,6.1,9.2,1.9,323,13,809,29.47,,,,,,,,,,
BATA,2016-04-05 12:05:00 EDT,43.01994,-78.13566,906,24.2,23.8,17.6,43.6,5.2,0.000,0.000,0.00,0.000,5.4,9.7,2.1,347,16,,,,,,5.4,9.7,2.1,347,16,798,29.46,,,,,,,,,,
BATA,2016-04-05 12:10:00 EDT,43.01994,-78.13566,906,24.1,23.8,15.6,44.8,5.7,0.000,0.000,0.00,0.000,7.6,11.5,2.1,324,11,,,,,,7.6,11.5,2.1,324,11,787,29.46,,,,,,,,,,
BATA,2016-04-05 12:15:00 EDT,43.01994,-78.13566,906,24.2,23.8,16.8,44.6,5.7,0.000,0.000,0.00,0.000,6.1,9.5,1.4,327,12,,,,,,6.1,9.5,1.4,327,12,821,29.46,,,,,,,,,,
BATA,2016-04-05 12:20:00 EDT,43.01994,-78.13566,906,24.5,24.1,18.4,45.0,6.1,0.000,0.000,0.00,0.000,4.8,9.1,2.2,304,23,,,,,,4.8,9.1,2.2,304,23,830,29.46,,,,,,,,,,
BATA,2016-04-05 12:25:00 EDT,43.01994,-78.13566,906,24.3,24.0,16.9,44.3,5.6,0.000,0.000,0.00,0.000,6.2,9.1,1.4,338,32,,,,,,6.2,9.1,1.4,338,32,839,29.46,,,,,,,,,,
BATA,2016-04-05 12:30:00 EDT,43.01994,-78.13566,906,24.5,24.1,16.3,44.0,5.7,0.000,0.000,0.00,0.000,7.2,11.4,2.4,314,22,,,,,,7.2,11.4,2.4,314,22,835,29.46,,,,,,,,,,
BATA,2016-04-05 12:35:00 EDT,43.01994,-78.13566,906,24.2,23.8,15.5,44.5,5.6,0.000,0.000,0.00,0.000,7.8,12.0,2.0,329,20,,,,,,7.8,12.0,2.0,329,20,837,29.46,,,,,,,,,,
BATA,2016-04-05 12:40:00 EDT,43.01994,-78.13566,906,24.4,24.0,17.6,44.0,5.6,0.000,0.000,0.00,0.000,5.5,8.5,1.0,319,12,,,,,,5.5,8.5,1.0,319,12,840,29.46,,,,,,,,,,
BATA,2016-04-05 12:45:00 EDT,43.01994,-78.13566,906,24.7,24.3,15.2,44.1,5.9,0.000,0.000,0.00,0.000,9.0,14.6,2.3,295,14,,,,,,9.0,14.6,2.3,295,14,842,29.46,,,,,,,,,,
BATA,2016-04-05 12:50:00 EDT,43.01994,-78.13566,906,24.3,24.0,16.2,42.3,4.7,0.000,0.000,0.00,0.000,7.1,12.6,1.7,285,9,,,,,,7.1,12.6,1.7,285,9,845,29.47,,,,,,,,,,
BATA,2016-04-05 12:55:00 EDT,43.01994,-78.13566,906,24.4,24.0,19.1,40.8,3.9,0.000,0.000,0.00,0.000,4.1,10.6,2.4,295,19,,,,,,4.1,10.6,2.4,295,19,847,29.46,,,,,,,,,,
BATA,2016-04-05 13:00:00 EDT,43.01994,-78.13566,906,24.5,24.2,16.4,41.0,4.1,0.000,0.000,0.00,0.000,7.1,10.4,1.8,304,12,,,,,,7.1,10.4,1.8,304,12,848,29.46,,,,,,,,,,
BATA,2016-04-05 13:05:00 EDT,43.01994,-78.13566,906,24.6,24.4,15.9,41.3,4.4,0.000,0.000,0.00,0.000,7.9,10.0,1.0,300,11,,,,,,7.9,10.0,1.0,300,11,850,29.46,,,,,,,,,,
BATA,2016-04-05 13:10:00 EDT,43.01994,-78.13566,906,24.5,24.2,18.1,39.0,3.1,0.000,0.000,0.00,0.000,5.2,12.9,2.2,320,16,,,,,,5.2,12.9,2.2,320,16,852,29.46,,,,,,,,,,
BATA,2016-04-05 13:15:00 EDT,43.01994,-78.13566,906,24.7,24.2,24.7,39.5,3.6,0.000,0.000,0.00,0.000,2.9,4.3,0.6,278,21,,,,,,2.9,4.3,0.6,278,21,854,29.46,,,,,,,,,,
BATA,2016-04-05 13:20:00 EDT,43.01994,-78.13566,906,25.0,24.6,17.0,39.4,3.7,0.000,0.000,0.00,0.000,7.0,10.7,1.9,312,19,,,,,,7.0,10.7,1.9,312,19,852,29.45,,,,,,,,,,
BATA,2016-04-05 13:25:00 EDT,43.01994,-78.13566,906,24.7,24.4,17.4,40.3,3.9,0.000,0.000,0.00,0.000,6.1,8.3,1.1,290,11,,,,,,6.1,8.3,1.1,290,11,850,29.45,,,,,,,,,,
BATA,2016-04-05 13:30:00 EDT,43.01994,-78.13566,906,24.7,24.3,18.6,40.0,3.8,0.000,0.000,0.00,0.000,4.9,8.8,1.4,313,13,,,,,,4.9,8.8,1.4,313,13,850,29.45,,,,,,,,,,
BATA,2016-04-05 13:35:00 EDT,43.01994,-78.13566,906,24.8,24.4,17.3,40.2,4.0,0.000,0.000,0.00,0.000,6.4,10.2,1.8,277,15,,,,,,6.4,10.2,1.8,277,15,849,29.45,,,,,,,,,,
BATA,2016-04-05 13:40:00 EDT,43.01994,-78.13566,906,25.0,24.5,25.0,36.1,1.8,0.000,0.000,0.00,0.000,2.8,7.2,1.9,288,28,,,,,,2.8,7.2,1.9,288,28,848,29.45,,,,,,,,,,
BATA,2016-04-05 13:45:00 EDT,43.01994,-78.13566,906,25.1,24.7,18.7,37.7,2.9,0.000,0.000,0.00,0.000,5.3,8.5,1.6,310,11,,,,,,5.3,8.5,1.6,310,11,847,29.45,,,,,,,,,,
BATA,2016-04-05 13:50:00 EDT,43.01994,-78.13566,906,25.4,24.9,17.7,39.1,3.9,0.000,0.000,0.00,0.000,6.8,9.7,1.4,308,20,,,,,,6.8,9.7,1.4,308,20,844,29.45,,,,,,,,,,
BATA,2016-04-05 13:55:00 EDT,43.01994,-78.13566,906,24.9,24.5,18.3,36.4,1.9,0.000,0.000,0.00,0.000,5.5,9.9,2.7,291,16,,,,,,5.5,9.9,2.7,291,16,841,29.45,,,,,,,,,,
BATA,2016-04-05 14:00:00 EDT,43.01994,-78.13566,906,25.0,24.7,18.0,36.5,2.1,0.000,0.000,0.00,0.000,5.8,8.6,1.1,295,11,,,,,,5.8,8.6,1.1,295,11,839,29.45,,,,,,,,,,
BATA,2016-04-05 14:05:00 EDT,43.01994,-78.13566,906,25.0,24.7,19.8,36.6,2.1,0.000,0.000,0.00,0.000,4.1,8.6,1.7,299,12,,,,,,4.1,8.6,1.7,299,12,835,29.45,,,,,,,,,,
BATA,2016-04-05 14:10:00 EDT,43.01994,-78.13566,906,25.3,24.9,20.7,35.2,1.5,0.000,0.000,0.00,0.000,3.7,6.6,1.4,295,18,,,,,,3.7,6.6,1.4,295,18,832,29.45,,,,,,,,,,
BATA,2016-04-05 14:15:00 EDT,43.01994,-78.13566,906,25.7,25.2,18.2,37.8,3.4,0.000,0.000,0.00,0.000,6.5,11.5,2.2,279,12,,,,,,6.5,11.5,2.2,279,12,828,29.45,,,,,,,,,,
BATA,2016-04-05 14:20:00 EDT,43.01994,-78.13566,906,25.5,25.2,16.1,35.3,1.8,0.000,0.000,0.00,0.000,9.3,13.0,1.8,256,8,,,,,,9.3,13.0,1.8,256,8,821,29.45,,,,,,,,,,
BATA,2016-04-05 14:25:00 EDT,43.01994,-78.13566,906,25.4,25.1,18.2,34.8,1.4,0.000,0.000,0.00,0.000,6.2,10.2,2.3,269,13,,,,,,6.2,10.2,2.3,269,13,817,29.45,,,,,,,,,,
BATA,2016-04-05 14:30:00 EDT,43.01994,-78.13566,906,25.3,24.9,21.5,32.8,0.0,0.000,0.000,0.00,0.000,3.1,7.6,1.8,284,14,,,,,,3.1,7.6,1.8,284,14,812,29.45,,,,,,,,,,
BATA,2016-04-05 14:35:00 EDT,43.01994,-78.13566,906,25.5,25.2,25.5,30.8,-1.1,0.000,0.000,0.00,0.000,2.5,6.9,2.2,285,19,,,,,,2.5,6.9,2.2,285,19,809,29.45,,,,,,,,,,
BATA,2016-04-05 14:40:00 EDT,43.01994,-78.13566,906,25.8,25.5,18.6,31.6,-0.3,0.000,0.000,0.00,0.000,6.3,9.8,1.6,272,18,,,,,,6.3,9.8,1.6,272,18,801,29.45,,,,,,,,,,
BATA,2016-04-05 14:45:00 EDT,43.01994,-78.13566,906,25.8,25.5,19.6,32.0,-0.1,0.000,0.000,0.00,0.000,5.2,8.1,1.4,278,29,,,,,,5.2,8.1,1.4,278,29,793,29.45,,,,,,,,,,
BATA,2016-04-05 14:50:00 EDT,43.01994,-78.13566,906,25.9,25.5,19.6,31.9,-0.0,0.000,0.000,0.00,0.000,5.3,7.4,0.9,326,6,,,,,,5.3,7.4,0.9,326,6,787,29.44,,,,,,,,,,
BATA,2016-04-05 14:55:00 EDT,43.01994,-78.13566,906,26.0,25.7,18.5,33.7,1.2,0.000,0.000,0.00,0.000,6.7,9.8,1.8,307,10,,,,,,6.7,9.8,1.8,307,10,779,29.45,,,,,,,,,,
BATA,2016-04-05 15:00:00 EDT,43.01994,-78.13566,906,26.2,26.0,17.4,34.4,1.9,0.000,0.000,0.00,0.000,8.6,11.5,1.2,309,7,,,,,,8.6,11.5,1.2,309,7,770,29.44,,,,,,,,,,
BATA,2016-04-05 15:05:00 EDT,43.01994,-78.13566,906,26.1,25.9,18.7,34.0,1.5,0.000,0.000,0.00,0.000,6.6,9.8,1.1,306,13,,,,,,6.6,9.8,1.1,306,13,761,29.44,,,,,,,,,,
BATA,2016-04-05 15:10:00 EDT,43.01994,-78.13566,906,26.1,25.9,19.4,34.7,2.0,0.000,0.000,0.00,0.000,5.8,8.4,1.1,303,15,,,,,,5.8,8.4,1.1,303,15,754,29.44,,,,,,,,,,
BATA,2016-04-05 15:15:00 EDT,43.01994,-78.13566,906,26.2,25.9,20.7,35.1,2.3,0.000,0.000,0.00,0.000,4.5,7.5,1.6,306,18,,,,,,4.5,7.5,1.6,306,18,745,29.44,,,,,,,,,,
BATA,2016-04-05 15:20:00 EDT,43.01994,-78.13566,906,26.5,26.2,18.3,35.4,2.7,0.000,0.000,0.00,0.000,7.7,9.9,1.7,299,22,,,,,,7.7,9.9,1.7,299,22,737,29.44,,,,,,,,,,
BATA,2016-04-05 15:25:00 EDT,43.01994,-78.13566,906,26.3,26.1,18.7,35.4,2.6,0.000,0.000,0.00,0.000,7.0,10.2,1.3,297,13,,,,,,7.0,10.2,1.3,297,13,727,29.44,,,,,,,,,,
BATA,2016-04-05 15:30:00 EDT,43.01994,-78.13566,906,26.3,26.1,19.1,34.0,1.7,0.000,0.000,0.00,0.000,6.4,8.8,1.0,301,11,,,,,,6.4,8.8,1.0,301,11,717,29.44,,,,,,,,,,
BATA,2016-04-05 15:35:00 EDT,43.01994,-78.13566,906,26.4,26.2,19.2,33.9,1.8,0.000,0.000,0.00,0.000,6.4,9.2,1.3,301,11,,,,,,6.4,9.2,1.3,301,11,708,29.44,,,,,,,,,,
BATA,2016-04-05 15:40:00 EDT,43.01994,-78.13566,906,26.8,26.5,20.6,35.9,3.3,0.000,0.000,0.00,0.000,5.4,7.5,1.0,322,11,,,,,,5.4,7.5,1.0,322,11,697,29.44,,,,,,,,,,
BATA,2016-04-05 15:45:00 EDT,43.01994,-78.13566,906,,,,,,,,,,,,,,,,,,,,,,,,,,,,,,,,,,,,
BATA,2016-04-05 15:50:00 EDT,43.01994,-78.13566,906,,,,,,,,,,,,,,,,,,,,,,,,,,,,,,,,,,,,
BATA,2016-04-05 15:55:00 EDT,43.01994,-78.13566,906,26.8,26.6,20.1,33.8,2.1,,0.000,0.00,0.000,6.0,8.3,1.2,310,15,,,,,,6.0,8.3,1.2,310,15,663,29.44,,,,,,,,,,
BATA,2016-04-05 16:00:00 EDT,43.01994,-78.13566,906,27.1,26.8,20.5,34.5,2.7,0.000,0.000,0.00,0.000,5.8,8.1,1.3,306,20,,,,,,5.8,8.1,1.3,306,20,652,29.44,,,,,,,,,,
BATA,2016-04-05 16:05:00 EDT,43.01994,-78.13566,906,27.2,27.0,17.9,33.8,2.4,0.000,0.000,0.00,0.000,9.9,13.1,1.7,303,9,,,,,,9.9,13.1,1.7,303,9,640,29.43,,,,,,,,,,
BATA,2016-04-05 16:10:00 EDT,43.01994,-78.13566,906,27.1,26.9,19.9,34.5,2.7,0.000,0.000,0.00,0.000,6.7,11.1,2.0,307,11,,,,,,6.7,11.1,2.0,307,11,628,29.44,,,,,,,,,,
BATA,2016-04-05 16:15:00 EDT,43.01994,-78.13566,906,27.1,26.8,20.4,33.3,2.0,0.000,0.000,0.00,0.000,6.0,7.5,0.9,326,10,,,,,,6.0,7.5,0.9,326,10,615,29.43,,,,,,,,,,
BATA,2016-04-05 16:20:00 EDT,43.01994,-78.13566,906,27.4,27.2,19.2,34.2,2.8,0.000,0.000,0.00,0.000,8.2,11.4,1.3,303,12,,,,,,8.2,11.4,1.3,303,12,602,29.43,,,,,,,,,,
BATA,2016-04-05 16:25:00 EDT,43.01994,-78.13566,906,27.3,27.1,19.7,32.9,1.9,0.000,0.000,0.00,0.000,7.2,9.2,0.8,303,9,,,,,,7.2,9.2,0.8,303,9,590,29.43,,,,,,,,,,
BATA,2016-04-05 16:30:00 EDT,43.01994,-78.13566,906,27.4,27.2,20.8,33.7,2.5,0.000,0.000,0.00,0.000,5.9,8.8,1.6,305,13,,,,,,5.9,8.8,1.6,305,13,576,29.43,,,,,,,,,,
BATA,2016-04-05 16:35:00 EDT,43.01994,-78.13566,906,27.4,27.2,18.8,32.2,1.5,0.000,0.000,0.00,0.000,8.7,11.3,1.1,292,7,,,,,,8.7,11.3,1.1,292,7,563,29.43,,,,,,,,,,
BATA,2016-04-05 16:40:00 EDT,43.01994,-78.13566,906,27.4,27.2,18.4,32.6,1.8,0.000,0.000,0.00,0.000,9.5,12.9,1.6,309,9,,,,,,9.5,12.9,1.6,309,9,548,29.43,,,,,,,,,,
BATA,2016-04-05 16:45:00 EDT,43.01994,-78.13566,906,27.6,27.3,19.0,33.8,2.7,0.000,0.000,0.00,,8.8,11.6,1.2,321,8,,,,,,8.8,11.6,1.2,321,8,534,29.43,,,,,,,,,,
BATA,2016-04-05 16:50:00 EDT,43.01994,-78.13566,906,27.6,27.4,20.0,33.8,2.7,0.000,0.000,0.00,,7.2,9.7,1.1,313,12,,,,,,7.2,9.7,1.1,313,12,519,29.43,,,,,,,,,,
BATA,2016-04-05 16:55:00 EDT,43.01994,-78.13566,906,27.7,27.6,18.8,34.9,3.5,0.000,0.000,0.00,0.000,9.4,13.3,2.0,286,11,,,,,,9.4,13.3,2.0,286,11,505,29.43,,,,,,,,,,
BATA,2016-04-05 17:00:00 EDT,43.01994,-78.13566,906,27.7,27.5,19.2,33.7,2.7,0.000,0.000,0.00,0.000,8.6,12.6,1.9,309,12,,,,,,8.6,12.6,1.9,309,12,491,29.43,,,,,,,,,,
BATA,2016-04-05 17:05:00 EDT,43.01994,-78.13566,906,27.8,27.6,19.1,34.1,3.1,0.000,0.000,0.00,0.000,9.1,12.6,1.2,311,10,,,,,,9.1,12.6,1.2,311,10,476,29.42,,,,,,,,,,
BATA,2016-04-05 17:10:00 EDT,43.01994,-78.13566,906,27.8,27.7,18.8,34.4,3.3,0.000,0.000,0.00,0.000,9.6,13.7,1.6,301,9,,,,,,9.6,13.7,1.6,301,9,460,29.42,,,,,,,,,,
BATA,2016-04-05 17:15:00 EDT,43.01994,-78.13566,906,27.8,27.6,20.0,33.8,2.9,0.000,0.000,0.00,0.000,7.5,10.7,1.0,312,8,,,,,,7.5,10.7,1.0,312,8,445,29.42,,,,,,,,,,
BATA,2016-04-05 17:20:00 EDT,43.01994,-78.13566,906,27.7,27.6,18.2,33.2,2.5,0.000,0.000,0.00,0.000,10.3,14.2,1.9,284,9,,,,,,10.3,14.2,1.9,284,9,430,29.42,,,,,,,,,,
BATA,2016-04-05 17:25:00 EDT,43.01994,-78.13566,906,27.7,27.6,18.5,32.3,1.9,0.000,0.000,0.00,0.000,9.8,13.4,1.4,278,7,,,,,,9.8,13.4,1.4,278,7,414,29.42,,,,,,,,,,
BATA,2016-04-05 17:30:00 EDT,43.01994,-78.13566,906,27.9,27.8,19.7,35.2,3.9,0.000,0.000,0.00,0.000,8.3,10.2,1.0,293,12,,,,,,8.3,10.2,1.0,293,12,399,29.42,,,,,,,,,,
BATA,2016-04-05 17:35:00 EDT,43.01994,-78.13566,906,27.8,27.7,18.7,32.9,2.3,0.000,0.000,0.00,0.000,9.7,13.7,1.2,293,9,,,,,,9.7,13.7,1.2,293,9,383,29.42,,,,,,,,,,
BATA,2016-04-05 17:40:00 EDT,43.01994,-78.13566,906,27.8,27.7,18.2,34.4,3.3,0.000,0.000,0.00,0.000,10.6,12.3,1.0,288,5,,,,,,10.6,12.3,1.0,288,5,367,29.42,,,,,,,,,,
BATA,2016-04-05 17:45:00 EDT,43.01994,-78.13566,906,27.7,27.6,19.7,32.9,2.3,0.000,0.000,0.00,0.000,7.9,12.7,1.9,291,7,,,,,,7.9,12.7,1.9,291,7,350,29.42,,,,,,,,,,
BATA,2016-04-05 17:50:00 EDT,43.01994,-78.13566,906,27.9,27.8,19.3,31.8,1.7,0.000,0.000,0.00,0.000,8.8,12.5,1.7,299,10,,,,,,8.8,12.5,1.7,299,10,333,29.42,,,,,,,,,,
BATA,2016-04-05 17:55:00 EDT,43.01994,-78.13566,906,27.8,27.7,19.3,31.6,1.5,0.000,0.000,0.00,0.000,8.8,12.2,1.3,301,7,,,,,,8.8,12.2,1.3,301,7,317,29.42,,,,,,,,,,
BATA,2016-04-05 18:00:00 EDT,43.01994,-78.13566,906,27.8,27.7,19.1,33.2,2.6,0.000,0.000,0.00,0.000,9.1,11.9,1.0,300,7,,,,,,9.1,11.9,1.0,300,7,301,29.42,,,,,,,,,,
BATA,2016-04-05 18:05:00 EDT,43.01994,-78.13566,906,27.9,27.7,18.8,33.1,2.5,0.000,0.000,0.00,0.000,9.6,14.2,1.6,310,7,,,,,,9.6,14.2,1.6,310,7,284,29.42,,,,,,,,,,
BATA,2016-04-05 18:10:00 EDT,43.01994,-78.13566,906,27.8,27.8,19.3,34.5,3.4,0.000,0.000,0.00,0.000,8.7,11.2,1.1,299,10,,,,,,8.7,11.2,1.1,299,10,269,29.42,,,,,,,,,,
BATA,2016-04-05 18:15:00 EDT,43.01994,-78.13566,906,27.9,27.8,18.4,34.4,3.4,0.000,0.000,0.00,0.000,10.6,14.5,2.0,308,8,,,,,,10.6,14.5,2.0,308,8,252,29.42,,,,,,,,,,
BATA,2016-04-05 18:20:00 EDT,43.01994,-78.13566,906,27.9,27.8,18.7,34.4,3.4,0.000,0.000,0.00,0.000,9.9,12.9,1.4,302,10,,,,,,9.9,12.9,1.4,302,10,236,29.42,,,,,,,,,,
BATA,2016-04-05 18:25:00 EDT,43.01994,-78.13566,906,27.9,27.8,18.8,34.4,3.4,0.000,0.000,0.00,0.000,9.7,13.1,1.6,297,9,,,,,,9.7,13.1,1.6,297,9,219,29.42,,,,,,,,,,
BATA,2016-04-05 18:30:00 EDT,43.01994,-78.13566,906,27.7,27.7,19.2,35.0,3.6,0.000,0.000,0.00,0.000,8.8,12.3,1.3,308,6,,,,,,8.8,12.3,1.3,308,6,203,29.42,,,,,,,,,,
BATA,2016-04-05 18:35:00 EDT,43.01994,-78.13566,906,27.7,27.7,19.9,35.2,3.8,0.000,0.000,0.00,0.000,7.6,11.5,1.1,306,7,,,,,,7.6,11.5,1.1,306,7,188,29.42,,,,,,,,,,
BATA,2016-04-05 18:40:00 EDT,43.01994,-78.13566,906,27.7,27.6,18.7,33.9,2.8,0.000,0.000,0.00,0.000,9.3,12.5,1.2,301,8,,,,,,9.3,12.5,1.2,301,8,172,29.41,,,,,,,,,,
BATA,2016-04-05 18:45:00 EDT,43.01994,-78.13566,906,27.5,27.5,18.8,35.2,3.6,0.000,0.000,0.00,0.000,8.9,12.4,1.6,299,7,,,,,,8.9,12.4,1.6,299,7,157,29.41,,,,,,,,,,
BATA,2016-04-05 18:50:00 EDT,43.01994,-78.13566,906,27.4,27.4,18.7,36.7,4.3,0.000,0.000,0.00,0.000,8.7,12.8,1.3,300,7,,,,,,8.7,12.8,1.3,300,7,141,29.41,,,,,,,,,,
BATA,2016-04-05 18:55:00 EDT,43.01994,-78.13566,906,27.3,27.3,18.4,34.4,2.8,0.000,0.000,0.00,0.000,9.2,12.3,0.9,299,7,,,,,,9.2,12.3,0.9,299,7,127,29.41,,,,,,,,,,
BATA,2016-04-05 19:00:00 EDT,43.01994,-78.13566,906,27.3,27.3,18.5,34.8,3.1,0.000,0.000,0.00,0.000,8.9,12.0,1.3,302,7,,,,,,8.9,12.0,1.3,302,7,111,29.41,,,,,,,,,,
BATA,2016-04-05 19:05:00 EDT,43.01994,-78.13566,906,27.2,27.2,18.5,33.4,2.1,0.000,0.000,0.00,0.000,8.8,11.1,1.1,308,8,,,,,,8.8,11.1,1.1,308,8,92,29.41,,,,,,,,,,
BATA,2016-04-05 19:10:00 EDT,43.01994,-78.13566,906,27.0,27.1,19.3,35.6,3.4,0.000,0.000,0.00,0.000,7.2,10.0,1.1,305,9,,,,,,7.2,10.0,1.1,305,9,75,29.41,,,,,,,,,,
BATA,2016-04-05 19:15:00 EDT,43.01994,-78.13566,906,26.9,27.0,18.0,37.3,4.3,0.000,0.000,0.00,0.000,9.0,12.3,1.4,298,7,,,,,,9.0,12.3,1.4,298,7,60,29.41,,,,,,,,,,
BATA,2016-04-05 19:20:00 EDT,43.01994,-78.13566,906,26.8,26.9,18.5,37.8,4.4,0.000,0.000,0.00,0.000,8.0,10.7,1.3,297,7,,,,,,8.0,10.7,1.3,297,7,43,29.41,,,,,,,,,,
BATA,2016-04-05 19:25:00 EDT,43.01994,-78.13566,906,26.6,26.8,19.4,38.8,4.8,0.000,0.000,0.00,0.000,6.4,8.3,0.8,298,8,,,,,,6.4,8.3,0.8,298,8,32,29.40,,,,,,,,,,
BATA,2016-04-05 19:30:00 EDT,43.01994,-78.13566,906,26.5,26.7,18.6,38.7,4.7,0.000,0.000,0.00,0.000,7.3,10.4,1.2,302,8,,,,,,7.3,10.4,1.2,302,8,18,29.40,,,,,,,,,,
BATA,2016-04-05 19:35:00 EDT,43.01994,-78.13566,906,26.4,26.7,18.4,38.2,4.3,0.000,0.000,0.00,0.000,7.5,9.7,0.9,301,7,,,,,,7.5,9.7,0.9,301,7,10,29.40,,,,,,,,,,
BATA,2016-04-05 19:40:00 EDT,43.01994,-78.13566,906,26.3,26.5,19.1,38.8,4.5,0.000,0.000,0.00,0.000,6.4,8.0,0.7,294,6,,,,,,6.4,8.0,0.7,294,6,7,29.40,,,,,,,,,,
BATA,2016-04-05 19:45:00 EDT,43.01994,-78.13566,906,26.1,26.5,18.7,39.6,4.8,0.000,0.000,0.00,0.000,6.6,8.0,0.5,296,5,6.9,6.9,0.0,295,0,6.6,8.0,0.5,296,5,5,29.39,,,,,,,,,,
BATA,2016-04-05 19:50:00 EDT,43.01994,-78.13566,906,26.0,26.4,19.1,40.0,5.0,0.000,0.000,0.00,0.000,6.1,8.0,0.7,294,5,,,,,,6.1,8.0,0.7,294,5,3,29.39,,,,,,,,,,
BATA,2016-04-05 19:55:00 EDT,43.01994,-78.13566,906,25.9,26.3,19.2,39.7,4.7,0.000,0.000,0.00,0.000,5.8,7.4,0.6,296,5,,,,,,5.8,7.4,0.6,296,5,1,29.39,,,,,,,,,,
BATA,2016-04-05 20:00:00 EDT,43.01994,-78.13566,906,25.7,26.1,18.7,39.7,4.5,0.000,0.000,0.00,0.000,6.0,7.2,0.6,299,5,,,,,,6.0,7.2,0.6,299,5,1,29.39,,,,,,,,,,
BATA,2016-04-05 20:05:00 EDT,43.01994,-78.13566,906,25.7,26.2,19.0,39.7,4.5,0.000,0.000,0.00,0.000,5.7,7.1,0.5,301,6,,,,,,5.7,7.1,0.5,301,6,0,29.39,,,,,,,,,,
BATA,2016-04-05 20:10:00 EDT,43.01994,-78.13566,906,25.9,26.3,19.5,38.7,4.1,0.000,0.000,0.00,0.000,5.4,6.4,0.5,294,4,5.6,5.6,0.0,299,0,5.4,6.4,0.5,294,4,0,29.38,,,,,,,,,,
BATA,2016-04-05 20:15:00 EDT,43.01994,-78.13566,906,25.8,26.2,20.2,38.9,4.1,0.000,0.000,0.00,0.000,4.6,5.7,0.3,291,3,,,,,,4.6,5.7,0.3,291,3,0,29.38,,,,,,,,,,
BATA,2016-04-05 20:20:00 EDT,43.01994,-78.13566,906,25.9,26.2,21.0,39.0,4.3,0.000,0.000,0.00,0.000,4.0,4.5,0.3,289,3,,,,,,4.0,4.5,0.3,289,3,0,29.38,,,,,,,,,,
BATA,2016-04-05 20:25:00 EDT,43.01994,-78.13566,906,25.9,26.2,21.6,38.7,4.2,0.000,0.000,0.00,0.000,3.6,4.1,0.3,291,2,,,,,,3.6,4.1,0.3,291,2,0,29.38,,,,,,,,,,
BATA,2016-04-05 20:30:00 EDT,43.01994,-78.13566,906,26.0,26.2,26.0,38.3,4.0,0.000,0.000,0.00,0.000,3.0,3.7,0.3,298,2,,,,,,3.0,3.7,0.3,298,2,0,29.38,,,,,,,,,,
BATA,2016-04-05 20:35:00 EDT,43.01994,-78.13566,906,26.1,26.2,26.1,38.0,3.9,0.000,0.000,0.00,0.000,2.6,3.3,0.3,292,3,,,,,,2.6,3.3,0.3,292,3,0,29.38,,,,,,,,,,
BATA,2016-04-05 20:40:00 EDT,43.01994,-78.13566,906,26.1,26.2,26.1,37.3,3.5,0.000,0.000,0.00,0.000,2.7,2.9,0.1,292,1,,,,,,2.7,2.9,0.1,292,1,0,29.38,,,,,,,,,,
BATA,2016-04-05 20:45:00 EDT,43.01994,-78.13566,906,26.0,26.2,26.0,38.2,3.9,0.000,0.000,0.00,0.000,2.4,2.7,0.2,291,0,,,,,,2.4,2.7,0.2,291,0,0,29.38,,,,,,,,,,
BATA,2016-04-05 20:50:00 EDT,43.01994,-78.13566,906,26.0,26.3,26.0,38.6,4.2,0.000,0.000,0.00,0.000,2.3,2.6,0.1,292,0,,,,,,2.3,2.6,0.1,292,0,0,29.37,,,,,,,,,,
BATA,2016-04-05 20:55:00 EDT,43.01994,-78.13566,906,25.8,26.2,25.8,39.3,4.4,0.000,0.000,0.00,0.000,2.1,2.3,0.1,282,6,2.2,2.2,0.0,265,0,2.1,2.3,0.1,282,6,0,29.38,,,,,,,,,,
BATA,2016-04-05 21:00:00 EDT,43.01994,-78.13566,906,25.8,26.1,25.8,39.7,4.6,0.000,0.000,0.00,0.000,1.7,2.0,0.2,264,6,2.0,2.0,0.0,246,0,1.7,2.0,0.2,264,6,0,29.38,,,,,,,,,,
BATA,2016-04-05 21:05:00 EDT,43.01994,-78.13566,906,25.9,26.1,25.9,40.1,4.9,0.000,0.000,0.00,0.000,1.4,1.8,0.2,251,7,,,,,,1.4,1.8,0.2,251,7,0,29.38,,,,,,,,,,
BATA,2016-04-05 21:10:00 EDT,43.01994,-78.13566,906,25.5,26.1,25.5,43.9,6.5,0.000,0.000,0.00,0.000,2.3,2.9,0.4,246,3,1.8,1.8,0.0,237,0,2.3,2.9,0.4,246,3,0,29.38,,,,,,,,,,
BATA,2016-04-05 21:15:00 EDT,43.01994,-78.13566,906,25.3,25.8,25.3,43.2,6.0,0.000,0.000,0.00,0.000,2.7,3.0,0.1,244,4,,,,,,2.7,3.0,0.1,244,4,0,29.38,,,,,,,,,,
BATA,2016-04-05 21:20:00 EDT,43.01994,-78.13566,906,25.3,25.7,25.3,43.5,6.2,0.000,0.000,0.00,0.000,2.8,3.1,0.2,239,0,,,,,,2.8,3.1,0.2,239,0,0,29.39,,,,,,,,,,
BATA,2016-04-05 21:25:00 EDT,43.01994,-78.13566,906,25.2,26.0,21.0,45.6,7.1,0.000,0.000,0.00,0.000,3.4,4.0,0.3,236,3,,,,,,3.4,4.0,0.3,236,3,0,29.39,,,,,,,,,,
BATA,2016-04-05 21:30:00 EDT,43.01994,-78.13566,906,25.4,26.1,20.9,45.7,7.3,0.000,0.000,0.00,0.000,3.6,3.9,0.1,227,2,,,,,,3.6,3.9,0.1,227,2,0,29.38,,,,,,,,,,
BATA,2016-04-05 21:35:00 EDT,43.01994,-78.13566,906,25.8,26.2,21.8,41.1,5.3,0.000,0.000,0.00,0.000,3.3,3.8,0.4,217,9,,,,,,3.3,3.8,0.4,217,9,0,29.38,,,,,,,,,,
BATA,2016-04-05 21:40:00 EDT,43.01994,-78.13566,906,25.2,25.7,19.3,42.1,5.4,0.000,0.000,0.00,0.000,4.8,6.0,0.9,188,5,,,,,,4.8,6.0,0.9,188,5,0,29.38,,,,,,,,,,
BATA,2016-04-05 21:45:00 EDT,43.01994,-78.13566,906,25.2,25.6,19.1,44.2,6.4,0.000,0.000,0.00,0.000,4.9,6.1,0.5,204,3,,,,,,4.9,6.1,0.5,204,3,0,29.38,,,,,,,,,,
BATA,2016-04-05 21:50:00 EDT,43.01994,-78.13566,906,25.5,25.7,20.6,42.7,6.0,0.000,0.000,0.00,0.000,4.0,5.7,0.6,213,8,,,,,,4.0,5.7,0.6,213,8,0,29.38,,,,,,,,,,
BATA,2016-04-05 21:55:00 EDT,43.01994,-78.13566,906,24.7,25.3,19.7,45.4,6.6,0.000,0.000,0.00,0.000,4.0,4.7,0.3,229,4,,,,,,4.0,4.7,0.3,229,4,0,29.38,,,,,,,,,,
BATA,2016-04-05 22:00:00 EDT,43.01994,-78.13566,906,24.9,25.3,19.5,45.9,7.0,0.000,0.000,0.00,0.000,4.3,5.3,0.4,227,4,,,,,,4.3,5.3,0.4,227,4,0,29.38,,,,,,,,,,
BATA,2016-04-05 22:05:00 EDT,43.01994,-78.13566,906,25.0,25.3,19.7,45.0,6.6,0.000,0.000,0.00,0.000,4.2,5.5,0.7,218,9,,,,,,4.2,5.5,0.7,218,9,0,29.38,,,,,,,,,,
BATA,2016-04-05 22:10:00 EDT,43.01994,-78.13566,906,25.1,25.3,19.3,44.4,6.4,0.000,0.000,0.00,0.000,4.7,6.6,0.8,219,7,,,,,,4.7,6.6,0.8,219,7,0,29.38,,,,,,,,,,
BATA,2016-04-05 22:15:00 EDT,43.01994,-78.13566,906,25.2,25.3,18.9,44.5,6.5,0.000,0.000,0.00,0.000,5.1,6.5,0.6,222,6,,,,,,5.1,6.5,0.6,222,6,0,29.38,,,,,,,,,,
BATA,2016-04-05 22:20:00 EDT,43.01994,-78.13566,906,25.2,25.2,18.8,45.2,6.9,0.000,0.000,0.00,0.000,5.2,7.0,1.0,206,11,,,,,,5.2,7.0,1.0,206,11,0,29.38,,,,,,,,,,
BATA,2016-04-05 22:25:00 EDT,43.01994,-78.13566,906,25.0,25.0,18.6,47.0,7.6,0.000,0.000,0.00,0.000,5.3,6.9,0.7,205,9,,,,,,5.3,6.9,0.7,205,9,0,29.38,,,,,,,,,,
BATA,2016-04-05 22:30:00 EDT,43.01994,-78.13566,906,24.9,24.9,18.9,48.5,8.2,0.000,0.000,0.00,0.000,4.9,6.3,0.7,211,10,,,,,,4.9,6.3,0.7,211,10,0,29.37,,,,,,,,,,
BATA,2016-04-05 22:35:00 EDT,43.01994,-78.13566,906,24.4,24.6,19.1,51.0,8.9,0.000,0.000,0.00,0.000,4.2,5.6,0.6,225,7,,,,,,4.2,5.6,0.6,225,7,0,29.37,,,,,,,,,,
BATA,2016-04-05 22:40:00 EDT,43.01994,-78.13566,906,24.6,24.7,19.9,51.2,9.1,0.000,0.000,0.00,0.000,3.7,5.2,0.7,216,8,,,,,,3.7,5.2,0.7,216,8,0,29.36,,,,,,,,,,
BATA,2016-04-05 22:45:00 EDT,43.01994,-78.13566,906,24.5,24.7,19.8,50.5,8.7,0.000,0.000,0.00,0.000,3.7,5.4,0.9,229,7,,,,,,3.7,5.4,0.9,229,7,0,29.36,,,,,,,,,,
BATA,2016-04-05 22:50:00 EDT,43.01994,-78.13566,906,24.1,24.5,19.2,51.6,8.8,0.000,0.000,0.00,0.000,3.8,4.7,0.4,235,4,,,,,,3.8,4.7,0.4,235,4,0,29.36,,,,,,,,,,
BATA,2016-04-05 22:55:00 EDT,43.01994,-78.13566,906,24.2,24.5,19.3,51.0,8.6,0.000,0.000,0.00,0.000,3.8,5.7,0.6,225,9,,,,,,3.8,5.7,0.6,225,9,0,29.36,,,,,,,,,,
BATA,2016-04-05 23:00:00 EDT,43.01994,-78.13566,906,24.3,24.6,18.7,50.3,8.4,0.000,0.000,0.00,0.000,4.4,5.8,0.7,222,6,,,,,,4.4,5.8,0.7,222,6,0,29.36,,,,,,,,,,
BATA,2016-04-05 23:05:00 EDT,43.01994,-78.13566,906,24.1,24.4,17.6,50.4,8.4,0.000,0.000,0.00,0.000,5.2,6.7,0.7,227,4,5.6,5.6,0.0,225,0,5.2,6.7,0.7,227,4,0,29.36,,,,,,,,,,
BATA,2016-04-05 23:10:00 EDT,43.01994,-78.13566,906,24.2,24.5,17.7,50.6,8.5,0.000,0.000,0.00,0.000,5.1,6.4,0.6,223,5,,,,,,5.1,6.4,0.6,223,5,0,29.36,,,,,,,,,,
BATA,2016-04-05 23:15:00 EDT,43.01994,-78.13566,906,24.4,24.5,18.3,50.3,8.5,0.000,0.000,0.00,0.000,4.9,6.4,0.7,217,9,,,,,,4.9,6.4,0.7,217,9,0,29.36,,,,,,,,,,
BATA,2016-04-05 23:20:00 EDT,43.01994,-78.13566,906,24.2,24.4,18.2,50.8,8.6,0.000,0.000,0.00,0.000,4.8,6.4,0.9,221,6,,,,,,4.8,6.4,0.9,221,6,0,29.35,,,,,,,,,,
BATA,2016-04-05 23:25:00 EDT,43.01994,-78.13566,906,24.3,24.4,17.4,51.3,8.9,0.000,0.000,0.00,0.000,5.7,7.9,0.9,217,7,,,,,,5.7,7.9,0.9,217,7,0,29.35,,,,,,,,,,
BATA,2016-04-05 23:30:00 EDT,43.01994,-78.13566,906,23.9,24.1,16.8,53.1,9.3,0.000,0.000,0.00,0.000,5.8,7.2,0.8,217,8,,,,,,5.8,7.2,0.8,217,8,0,29.35,,,,,,,,,,
BATA,2016-04-05 23:35:00 EDT,43.01994,-78.13566,906,23.7,23.9,16.4,54.8,9.8,0.000,0.000,0.00,0.000,6.0,7.1,0.4,220,6,,,,,,6.0,7.1,0.4,220,6,0,29.35,,,,,,,,,,
BATA,2016-04-05 23:40:00 EDT,43.01994,-78.13566,906,23.9,24.0,16.9,53.9,9.6,0.000,0.000,0.00,0.000,5.8,7.1,0.7,218,6,,,,,,5.8,7.1,0.7,218,6,0,29.35,,,,,,,,,,
BATA,2016-04-05 23:45:00 EDT,43.01994,-78.13566,906,24.0,24.1,17.3,53.8,9.7,0.000,0.000,0.00,0.000,5.4,7.8,0.8,211,9,,,,,,5.4,7.8,0.8,211,9,0,29.35,,,,,,,,,,
BATA,2016-04-05 23:50:00 EDT,43.01994,-78.13566,906,23.8,24.0,17.5,54.3,9.6,0.000,0.000,0.00,0.000,4.9,6.8,0.8,213,9,,,,,,4.9,6.8,0.8,213,9,0,29.35,,,,,,,,,,
BATA,2016-04-05 23:55:00 EDT,43.01994,-78.13566,906,23.7,23.9,17.8,55.2,10.0,0.000,0.000,0.00,0.000,4.6,6.8,0.9,208,10,,,,,,4.6,6.8,0.9,208,10,0,29.34,,,,,,,,,,
BELD,2016-04-05 00:00:00 EDT,42.22322,-75.66852,1543,20.1,20.0,12.3,77.5,14.2,,,,,5.8,9.8,1.5,345,21,6.7,11.0,1.7,352,16,5.8,9.8,1.5,345,21,0,28.43,,0,0,0,40.1,41.4,42.8,0.41,0.46,0.41
BELD,2016-04-05 00:05:00 EDT,42.22322,-75.66852,1543,20.0,20.0,12.6,77.3,14.1,,,,,5.4,9.6,1.8,342,21,6.2,11.0,2.1,350,16,5.4,9.6,1.8,342,21,0,28.43,,0,0,0,40.1,41.4,42.8,0.41,0.46,0.41
BELD,2016-04-05 00:10:00 EDT,42.22322,-75.66852,1543,20.0,20.0,12.9,77.0,14.0,,,,,5.1,9.5,1.8,337,18,5.9,11.2,2.1,344,15,5.1,9.5,1.8,337,18,0,28.44,,0,0,0,40.1,41.4,42.8,0.41,0.46,0.41
BELD,2016-04-05 00:15:00 EDT,42.22322,-75.66852,1543,20.0,19.9,12.7,76.2,13.7,,,,,5.2,8.8,1.6,341,27,5.9,10.3,1.9,349,26,5.2,8.8,1.6,341,27,0,28.44,,0,0,0,40.1,41.4,42.8,0.41,0.46,0.41
BELD,2016-04-05 00:20:00 EDT,42.22322,-75.66852,1543,20.0,19.9,11.2,73.6,12.9,,,,,6.8,10.4,2.0,336,14,8.0,13.4,2.1,345,12,6.8,10.4,2.0,336,14,0,28.44,,0,0,0,40.1,41.4,42.8,0.41,0.46,0.41
BELD,2016-04-05 00:25:00 EDT,42.22322,-75.66852,1543,19.9,19.9,12.2,71.3,12.1,,,,,5.6,9.7,1.7,336,16,6.5,12.3,2.1,343,15,5.6,9.7,1.7,336,16,0,28.44,,0,0,0,40.1,41.4,42.8,0.41,0.46,0.41
BELD,2016-04-05 00:30:00 EDT,42.22322,-75.66852,1543,19.6,19.7,10.8,69.5,11.3,,,,,6.7,13.0,3.0,334,20,7.3,14.1,3.0,340,18,6.7,13.0,3.0,334,20,0,28.44,,0,0,0,40.1,41.4,42.8,0.41,0.46,0.41
BELD,2016-04-05 00:35:00 EDT,42.22322,-75.66852,1543,19.6,19.6,10.3,66.9,10.4,,,,,7.2,10.9,2.0,331,15,8.0,12.3,2.4,340,14,7.2,10.9,2.0,331,15,0,28.44,,0,0,0,40.1,41.4,42.8,0.41,0.46,0.41
BELD,2016-04-05 00:40:00 EDT,42.22322,-75.66852,1543,19.3,19.4,10.3,65.7,9.7,,,,,6.9,10.4,1.3,331,18,7.8,11.9,1.7,339,17,6.9,10.4,1.3,331,18,0,28.44,,0,0,0,40.1,41.4,42.8,0.41,0.46,0.41
BELD,2016-04-05 00:45:00 EDT,42.22322,-75.66852,1543,19.2,19.3,9.1,63.0,8.6,,,,,8.1,16.1,2.9,343,21,9.3,18.6,3.6,349,16,8.1,16.1,2.9,343,21,0,28.44,,0,0,0,40.1,41.4,42.8,0.41,0.46,0.41
BELD,2016-04-05 00:50:00 EDT,42.22322,-75.66852,1543,19.1,19.1,9.7,60.3,7.6,,,,,7.3,12.9,2.0,337,24,8.2,15.0,2.5,345,18,7.3,12.9,2.0,337,24,0,28.44,,0,0,0,40.1,41.4,42.8,0.41,0.46,0.41
BELD,2016-04-05 00:55:00 EDT,42.22322,-75.66852,1543,18.9,19.0,9.5,59.1,7.0,,,,,7.2,10.9,1.8,338,16,8.4,13.9,2.1,345,13,7.2,10.9,1.8,338,16,0,28.44,,0,0,0,40.1,41.4,42.8,0.41,0.46,0.41
BELD,2016-04-05 01:00:00 EDT,42.22322,-75.66852,1543,18.7,18.8,10.8,59.0,6.7,,,,,5.6,9.1,1.4,342,17,6.7,11.9,1.7,349,15,5.6,9.1,1.4,342,17,0,28.44,,0,0,0,40.1,41.4,42.8,0.41,0.46,0.41
BELD,2016-04-05 01:05:00 EDT,42.22322,-75.66852,1543,18.5,18.7,9.8,59.7,6.9,,,,,6.4,11.8,2.7,340,19,7.4,14.3,3.0,348,15,6.4,11.8,2.7,340,19,0,28.45,,0,0,0,40.1,41.4,42.8,0.41,0.46,0.41
BELD,2016-04-05 01:10:00 EDT,42.22322,-75.66852,1543,18.4,18.5,10.6,59.7,6.7,,,,,5.4,10.5,1.9,337,17,6.4,12.1,2.3,345,17,5.4,10.5,1.9,337,17,0,28.45,,0,0,0,40.1,41.4,42.8,0.41,0.46,0.41
BELD,2016-04-05 01:15:00 EDT,42.22322,-75.66852,1543,18.3,18.5,8.9,59.4,6.5,,,,,7.1,11.6,1.9,342,16,8.3,14.8,2.2,349,16,7.1,11.6,1.9,342,16,0,28.45,,0,0,0,40.1,41.4,42.8,0.41,0.46,0.41
BELD,2016-04-05 01:20:00 EDT,42.22322,-75.66852,1543,18.0,18.3,9.0,59.3,6.1,,,,,6.6,12.6,1.7,324,20,7.2,14.5,2.2,332,19,6.6,12.6,1.7,324,20,0,28.44,,0,0,0,40.1,41.4,42.7,0.41,0.46,0.41
BELD,2016-04-05 01:25:00 EDT,42.22322,-75.66852,1543,17.9,18.2,8.9,59.8,6.3,,,,,6.6,10.6,1.6,325,19,7.3,12.1,2.0,332,17,6.6,10.6,1.6,325,19,0,28.44,,0,0,0,40.1,41.4,42.8,0.41,0.46,0.41
BELD,2016-04-05 01:30:00 EDT,42.22322,-75.66852,1543,17.9,18.0,9.7,60.0,6.4,,,,,5.8,9.5,1.7,330,18,6.7,12.8,1.9,338,18,5.8,9.5,1.7,330,18,0,28.45,,0,0,0,40.1,41.4,42.8,0.41,0.46,0.41
BELD,2016-04-05 01:35:00 EDT,42.22322,-75.66852,1543,17.6,17.8,10.8,59.7,6.0,,,,,4.5,8.3,1.7,344,24,5.4,10.5,2.2,351,19,4.5,8.3,1.7,344,24,0,28.45,,0,0,0,40.1,41.4,42.7,0.41,0.46,0.41
BELD,2016-04-05 01:40:00 EDT,42.22322,-75.66852,1543,17.5,17.7,10.9,59.6,5.8,,,,,4.3,7.9,1.4,340,20,5.1,8.9,1.6,348,15,4.3,7.9,1.4,340,20,0,28.45,,0,0,0,40.1,41.4,42.7,0.41,0.46,0.41
BELD,2016-04-05 01:45:00 EDT,42.22322,-75.66852,1543,17.3,17.5,10.5,59.2,5.5,,,,,4.4,7.4,1.3,344,18,5.1,9.8,1.8,350,17,4.4,7.4,1.3,344,18,0,28.45,,0,0,0,40.1,41.4,42.7,0.41,0.46,0.41
BELD,2016-04-05 01:50:00 EDT,42.22322,-75.66852,1543,17.0,17.4,8.9,58.9,5.1,,,,,5.5,8.5,1.3,334,16,6.4,10.1,1.5,343,15,5.5,8.5,1.3,334,16,0,28.45,,0,0,0,40.1,41.4,42.7,0.41,0.46,0.41
BELD,2016-04-05 01:55:00 EDT,42.22322,-75.66852,1543,17.1,17.3,7.6,58.4,5.0,,,,,6.9,12.9,2.3,342,19,8.1,16.6,2.8,350,15,6.9,12.9,2.3,342,19,0,28.45,,0,0,0,40.1,41.4,42.7,0.41,0.46,0.41
BELD,2016-04-05 02:00:00 EDT,42.22322,-75.66852,1543,16.9,17.2,8.4,58.2,4.7,,,,,5.9,9.5,1.4,342,15,6.9,11.9,1.8,349,13,5.9,9.5,1.4,342,15,0,28.46,,0,0,0,40.1,41.4,42.7,0.41,0.46,0.41
BELD,2016-04-05 02:05:00 EDT,42.22322,-75.66852,1543,16.6,16.9,8.0,59.0,4.8,,,,,5.9,10.2,1.4,331,14,6.7,12.3,1.7,338,14,5.9,10.2,1.4,331,14,0,28.46,,0,0,0,40.1,41.4,42.7,0.41,0.46,0.41
BELD,2016-04-05 02:10:00 EDT,42.22322,-75.66852,1543,16.2,16.6,7.9,59.5,4.6,,,,,5.6,12.6,2.1,333,17,6.4,14.3,2.6,341,16,5.6,12.6,2.1,333,17,0,28.45,,0,0,0,40.1,41.4,42.7,0.41,0.46,0.41
BELD,2016-04-05 02:15:00 EDT,42.22322,-75.66852,1543,16.3,16.6,7.4,59.0,4.5,,,,,6.1,9.1,1.2,330,14,6.7,10.7,1.6,338,15,6.1,9.1,1.2,330,14,0,28.45,,0,0,0,40.0,41.4,42.6,0.41,0.46,0.41
BELD,2016-04-05 02:20:00 EDT,42.22322,-75.66852,1543,16.3,16.6,6.4,58.1,4.2,,,,,7.2,11.0,2.0,341,21,8.3,13.4,2.4,350,16,7.2,11.0,2.0,341,21,0,28.46,,0,0,0,40.0,41.4,42.6,0.41,0.46,0.41
BELD,2016-04-05 02:25:00 EDT,42.22322,-75.66852,1543,16.4,16.6,6.8,56.9,3.7,,,,,6.9,11.5,1.7,344,14,8.0,13.2,2.0,352,12,6.9,11.5,1.7,344,14,0,28.46,,0,0,0,40.0,41.4,42.6,0.41,0.46,0.41
BELD,2016-04-05 02:30:00 EDT,42.22322,-75.66852,1543,16.4,16.5,6.5,57.0,3.8,,,,,7.2,12.6,1.7,344,18,8.3,17.9,2.2,350,16,7.2,12.6,1.7,344,18,0,28.46,,0,0,0,40.0,41.4,42.6,0.41,0.46,0.41
BELD,2016-04-05 02:35:00 EDT,42.22322,-75.66852,1543,16.2,16.3,7.2,57.1,3.6,,,,,6.2,10.2,1.7,329,16,6.9,11.0,2.0,336,17,6.2,10.2,1.7,329,16,0,28.46,,0,0,0,40.0,41.4,42.6,0.41,0.46,0.41
BELD,2016-04-05 02:40:00 EDT,42.22322,-75.66852,1543,15.8,16.0,7.0,57.9,3.6,,,,,5.9,9.6,1.6,334,16,6.7,11.2,2.1,342,15,5.9,9.6,1.6,334,16,0,28.46,,0,0,0,40.0,41.4,42.6,0.41,0.46,0.41
BELD,2016-04-05 02:45:00 EDT,42.22322,-75.66852,1543,15.6,15.9,6.7,58.4,3.6,,,,,6.1,10.2,1.9,334,16,7.0,16.3,2.4,342,15,6.1,10.2,1.9,334,16,0,28.46,,0,0,0,40.0,41.4,42.6,0.41,0.46,0.41
BELD,2016-04-05 02:50:00 EDT,42.22322,-75.66852,1543,15.6,15.9,6.8,58.2,3.5,,,,,5.9,10.8,1.9,336,19,6.7,12.3,2.1,342,18,5.9,10.8,1.9,336,19,0,28.46,,0,0,0,40.0,41.4,42.6,0.41,0.46,0.41
BELD,2016-04-05 02:55:00 EDT,42.22322,-75.66852,1543,15.6,15.9,6.7,57.3,3.2,,,,,6.0,10.1,2.1,341,13,7.2,12.5,2.3,348,13,6.0,10.1,2.1,341,13,0,28.46,,0,0,0,40.0,41.4,42.6,0.41,0.46,0.41
BELD,2016-04-05 03:00:00 EDT,42.22322,-75.66852,1543,15.7,15.9,6.7,56.2,2.9,,,,,6.2,8.9,1.7,340,14,7.3,10.7,1.8,347,12,6.2,8.9,1.7,340,14,0,28.46,,0,0,0,40.0,41.4,42.6,0.41,0.46,0.41
BELD,2016-04-05 03:05:00 EDT,42.22322,-75.66852,1543,15.6,15.9,6.5,55.3,2.4,,,,,6.2,11.0,2.0,347,16,7.3,12.8,2.4,353,14,6.2,11.0,2.0,347,16,0,28.47,,0,0,0,40.0,41.4,42.6,0.41,0.46,0.41
BELD,2016-04-05 03:10:00 EDT,42.22322,-75.66852,1543,15.5,15.8,7.3,55.3,2.3,,,,,5.4,8.3,1.1,348,17,6.2,8.9,1.3,354,15,5.4,8.3,1.1,348,17,0,28.47,,0,0,0,39.9,41.3,42.6,0.41,0.46,0.41
BELD,2016-04-05 03:15:00 EDT,42.22322,-75.66852,1543,15.5,15.8,6.9,54.3,2.0,,,,,5.7,10.7,1.8,352,16,6.7,12.8,2.2,358,13,5.7,10.7,1.8,352,16,0,28.47,,0,0,0,39.9,41.4,42.6,0.41,0.46,0.41
BELD,2016-04-05 03:20:00 EDT,42.22322,-75.66852,1543,15.5,15.6,7.7,54.3,1.9,,,,,4.9,9.5,1.5,348,21,5.8,11.2,1.7,355,14,4.9,9.5,1.5,348,21,0,28.47,,0,0,0,39.9,41.4,42.6,0.41,0.46,0.41
BELD,2016-04-05 03:25:00 EDT,42.22322,-75.66852,1543,15.4,15.6,6.9,54.3,1.8,,,,,5.6,9.3,1.5,345,15,6.7,12.1,1.9,353,13,5.6,9.3,1.5,345,15,0,28.47,,0,0,0,39.9,41.4,42.6,0.41,0.46,0.41
BELD,2016-04-05 03:30:00 EDT,42.22322,-75.66852,1543,15.3,15.6,6.1,54.7,1.8,,,,,6.2,11.9,1.9,339,14,7.3,15.0,2.3,347,13,6.2,11.9,1.9,339,14,0,28.47,,0,0,0,39.9,41.3,42.6,0.41,0.46,0.41
BELD,2016-04-05 03:35:00 EDT,42.22322,-75.66852,1543,15.3,15.5,6.6,54.4,1.8,,,,,5.7,8.8,1.2,341,15,6.7,10.7,1.5,347,14,5.7,8.8,1.2,341,15,0,28.48,,0,0,0,39.9,41.3,42.6,0.41,0.46,0.41
BELD,2016-04-05 03:40:00 EDT,42.22322,-75.66852,1543,15.2,15.4,6.3,54.5,1.7,,,,,6.0,10.7,1.4,345,17,7.0,13.9,1.9,352,15,6.0,10.7,1.4,345,17,0,28.48,,0,0,0,39.9,41.3,42.6,0.41,0.46,0.41
BELD,2016-04-05 03:45:00 EDT,42.22322,-75.66852,1543,15.3,15.5,4.9,54.4,1.7,,,,,7.5,12.3,1.9,341,15,8.6,14.3,2.2,347,13,7.5,12.3,1.9,341,15,0,28.48,,0,0,0,39.9,41.3,42.6,0.41,0.46,0.41
BELD,2016-04-05 03:50:00 EDT,42.22322,-75.66852,1543,15.3,15.4,4.4,54.2,1.7,,,,,8.2,11.8,1.6,339,14,9.3,13.6,2.0,347,12,8.2,11.8,1.6,339,14,0,28.48,,0,0,0,39.9,41.3,42.6,0.41,0.46,0.41
BELD,2016-04-05 03:55:00 EDT,42.22322,-75.66852,1543,15.0,15.2,5.9,54.7,1.6,,,,,6.1,11.8,2.0,344,17,7.3,13.4,2.3,352,13,6.1,11.8,2.0,344,17,0,28.49,,0,0,0,39.9,41.3,42.6,0.41,0.46,0.41
BELD,2016-04-05 04:00:00 EDT,42.22322,-75.66852,1543,15.0,15.2,5.4,54.9,1.6,,,,,6.6,10.8,1.9,340,21,7.4,12.8,2.2,347,18,6.6,10.8,1.9,340,21,0,28.49,,0,0,0,39.9,41.3,42.6,0.41,0.46,0.41
BELD,2016-04-05 04:05:00 EDT,42.22322,-75.66852,1543,15.1,15.3,5.5,54.4,1.6,,,,,6.6,11.9,1.7,344,15,7.5,13.2,2.1,351,12,6.6,11.9,1.7,344,15,0,28.49,,0,0,0,39.9,41.3,42.6,0.41,0.46,0.41
BELD,2016-04-05 04:10:00 EDT,42.22322,-75.66852,1543,14.9,15.2,6.0,53.7,1.1,,,,,5.8,11.0,2.0,355,19,7.0,13.9,2.5,0,16,5.8,11.0,2.0,355,19,0,28.49,,0,0,0,39.9,41.3,42.6,0.41,0.46,0.41
BELD,2016-04-05 04:15:00 EDT,42.22322,-75.66852,1543,15.1,15.3,5.7,53.3,1.2,,,,,6.5,10.6,1.8,357,18,7.6,11.9,2.1,2,14,6.5,10.6,1.8,357,18,0,28.50,,0,0,0,39.9,41.3,42.6,0.41,0.46,0.41
BELD,2016-04-05 04:20:00 EDT,42.22322,-75.66852,1543,14.6,15.0,7.1,53.6,0.8,,,,,4.6,9.0,2.1,348,19,5.5,10.3,2.2,352,18,4.6,9.0,2.1,348,19,0,28.50,,0,0,0,39.9,41.2,42.6,0.41,0.46,0.41
BELD,2016-04-05 04:25:00 EDT,42.22322,-75.66852,1543,14.3,14.7,6.4,54.8,1.0,,,,,4.9,9.1,1.3,338,17,6.0,11.4,1.7,347,14,4.9,9.1,1.3,338,17,0,28.50,,0,0,0,39.9,41.3,42.6,0.41,0.46,0.41
BELD,2016-04-05 04:30:00 EDT,42.22322,-75.66852,1543,14.3,14.7,6.3,55.4,1.3,,,,,5.0,8.8,1.5,340,18,5.8,10.5,1.8,346,17,5.0,8.8,1.5,340,18,0,28.50,,0,0,0,39.9,41.2,42.6,0.41,0.46,0.41
BELD,2016-04-05 04:35:00 EDT,42.22322,-75.66852,1543,14.4,14.7,5.9,55.2,1.3,,,,,5.5,11.3,1.6,345,16,6.6,13.2,2.1,352,13,5.5,11.3,1.6,345,16,0,28.50,,0,0,0,39.9,41.3,42.6,0.41,0.46,0.41
BELD,2016-04-05 04:40:00 EDT,42.22322,-75.66852,1543,14.6,14.8,6.1,54.7,1.2,,,,,5.5,9.4,1.4,339,23,6.3,11.9,1.6,346,14,5.5,9.4,1.4,339,23,0,28.51,,0,0,0,39.9,41.2,42.6,0.41,0.46,0.41
BELD,2016-04-05 04:45:00 EDT,42.22322,-75.66852,1543,14.4,14.7,5.6,54.6,1.0,,,,,5.7,10.5,1.5,341,18,6.7,13.4,2.0,348,14,5.7,10.5,1.5,341,18,0,28.51,,0,0,0,39.9,41.2,42.6,0.41,0.46,0.41
BELD,2016-04-05 04:50:00 EDT,42.22322,-75.66852,1543,14.5,14.7,4.9,54.5,1.0,,,,,6.4,10.4,1.7,337,18,7.3,13.2,2.1,344,15,6.4,10.4,1.7,337,18,0,28.51,,0,0,0,39.9,41.2,42.6,0.41,0.46,0.41
BELD,2016-04-05 04:55:00 EDT,42.22322,-75.66852,1543,14.7,14.8,4.8,54.2,1.1,,,,,6.8,9.6,1.4,338,18,7.9,12.5,1.8,345,13,6.8,9.6,1.4,338,18,0,28.51,,0,0,0,39.9,41.2,42.6,0.41,0.46,0.41
BELD,2016-04-05 05:00:00 EDT,42.22322,-75.66852,1543,14.3,14.7,5.2,54.3,0.8,,,,,6.0,10.6,1.2,328,19,6.7,12.1,1.5,337,14,6.0,10.6,1.2,328,19,0,28.52,,0,0,0,39.9,41.2,42.6,0.41,0.46,0.41
BELD,2016-04-05 05:05:00 EDT,42.22322,-75.66852,1543,14.2,14.6,5.0,54.9,0.9,,,,,6.0,10.0,1.3,333,14,6.8,11.4,1.7,341,13,6.0,10.0,1.3,333,14,0,28.52,,0,0,0,39.9,41.2,42.6,0.40,0.46,0.41
BELD,2016-04-05 05:10:00 EDT,42.22322,-75.66852,1543,14.1,14.5,5.5,54.9,0.9,,,,,5.5,9.1,1.4,332,21,6.1,11.0,1.8,340,18,5.5,9.1,1.4,332,21,0,28.52,,0,0,0,39.9,41.2,42.6,0.40,0.46,0.41
BELD,2016-04-05 05:15:00 EDT,42.22322,-75.66852,1543,14.1,14.4,5.3,55.3,1.0,,,,,5.6,9.4,1.3,328,17,6.3,11.2,1.7,337,17,5.6,9.4,1.3,328,17,0,28.52,,0,0,0,39.9,41.2,42.6,0.40,0.46,0.41
BELD,2016-04-05 05:20:00 EDT,42.22322,-75.66852,1543,13.7,14.2,5.3,55.8,0.8,,,,,5.2,8.8,1.3,326,14,5.8,10.1,1.6,333,13,5.2,8.8,1.3,326,14,0,28.52,,0,0,0,39.9,41.2,42.6,0.40,0.46,0.41
BELD,2016-04-05 05:25:00 EDT,42.22322,-75.66852,1543,14.0,14.4,4.8,55.8,1.0,,,,,5.9,9.4,1.2,322,17,6.4,11.4,1.6,332,15,5.9,9.4,1.2,322,17,0,28.53,,0,0,0,39.9,41.2,42.6,0.40,0.46,0.41
BELD,2016-04-05 05:30:00 EDT,42.22322,-75.66852,1543,13.6,14.1,4.8,55.9,0.8,,,,,5.6,9.9,1.3,322,14,6.0,11.9,1.5,327,14,5.6,9.9,1.3,322,14,0,28.53,,0,0,0,39.9,41.2,42.6,0.40,0.46,0.41
BELD,2016-04-05 05:35:00 EDT,42.22322,-75.66852,1543,13.3,13.9,4.6,56.9,0.9,,,,,5.4,8.2,1.1,315,16,5.8,9.8,1.5,323,17,5.4,8.2,1.1,315,16,0,28.53,,0,0,0,39.9,41.2,42.6,0.40,0.46,0.41
BELD,2016-04-05 05:40:00 EDT,42.22322,-75.66852,1543,13.5,14.0,5.3,56.9,1.0,,,,,5.0,9.1,1.4,325,17,5.4,9.8,1.6,333,16,5.0,9.1,1.4,325,17,0,28.53,,0,0,0,39.9,41.2,42.6,0.40,0.46,0.41
BELD,2016-04-05 05:45:00 EDT,42.22322,-75.66852,1543,13.6,14.0,5.1,56.4,1.0,,,,,5.3,7.9,1.2,317,17,5.8,10.7,1.4,325,18,5.3,7.9,1.2,317,17,0,28.54,,0,0,0,39.9,41.2,42.6,0.40,0.46,0.41
BELD,2016-04-05 05:50:00 EDT,42.22322,-75.66852,1543,13.6,14.0,5.8,56.1,0.8,,,,,4.7,9.4,1.3,319,21,5.2,11.2,1.8,325,20,4.7,9.4,1.3,319,21,0,28.54,,0,0,0,39.9,41.2,42.6,0.40,0.46,0.41
BELD,2016-04-05 05:55:00 EDT,42.22322,-75.66852,1543,13.4,13.9,6.0,56.4,0.8,,,,,4.4,7.9,1.3,315,15,4.7,8.5,1.6,320,14,4.4,7.9,1.3,315,15,0,28.54,,0,0,0,39.9,41.2,42.6,0.40,0.46,0.41
BELD,2016-04-05 06:00:00 EDT,42.22322,-75.66852,1543,13.1,13.8,5.3,56.7,0.6,,,,,4.7,8.5,1.1,308,20,4.9,8.3,1.3,314,19,4.7,8.5,1.1,308,20,0,28.54,,0,0,0,39.9,41.2,42.6,0.40,0.46,0.41
BELD,2016-04-05 06:05:00 EDT,42.22322,-75.66852,1543,12.9,13.6,4.9,57.6,0.8,,,,,4.8,7.2,1.1,310,17,5.0,9.4,1.3,317,15,4.8,7.2,1.1,310,17,0,28.55,,0,0,0,39.9,41.2,42.6,0.40,0.46,0.41
BELD,2016-04-05 06:10:00 EDT,42.22322,-75.66852,1543,12.7,13.5,4.3,58.5,0.9,,,,,5.1,8.5,1.2,307,15,5.4,9.2,1.4,313,15,5.1,8.5,1.2,307,15,0,28.55,,0,0,0,39.9,41.2,42.6,0.40,0.46,0.41
BELD,2016-04-05 06:15:00 EDT,42.22322,-75.66852,1543,12.9,13.6,4.1,58.4,1.1,,,,,5.4,8.0,1.1,305,17,5.7,9.6,1.3,310,16,5.4,8.0,1.1,305,17,0,28.55,,0,0,0,39.9,41.2,42.6,0.40,0.46,0.41
BELD,2016-04-05 06:20:00 EDT,42.22322,-75.66852,1543,12.7,13.4,4.3,58.3,0.8,,,,,5.1,8.6,1.1,307,14,5.3,8.7,1.2,313,13,5.1,8.6,1.1,307,14,0,28.56,,0,0,0,39.9,41.2,42.6,0.40,0.46,0.41
BELD,2016-04-05 06:25:00 EDT,42.22322,-75.66852,1543,12.7,13.3,4.7,58.8,1.0,,,,,4.7,7.7,1.0,305,18,5.0,8.7,1.2,311,16,4.7,7.7,1.0,305,18,1,28.56,,0,0,0,39.9,41.2,42.6,0.40,0.46,0.41
BELD,2016-04-05 06:30:00 EDT,42.22322,-75.66852,1543,12.6,13.4,4.2,59.0,1.0,,,,,5.1,7.8,1.0,311,19,5.4,8.7,1.2,315,17,5.1,7.8,1.0,311,19,2,28.56,,0,0,0,39.9,41.2,42.6,0.40,0.46,0.41
BELD,2016-04-05 06:35:00 EDT,42.22322,-75.66852,1543,12.7,13.5,5.1,58.1,0.7,,,,,4.4,6.9,0.9,309,17,4.7,8.3,1.2,315,16,4.4,6.9,0.9,309,17,3,28.57,,0,0,0,39.9,41.2,42.6,0.40,0.46,0.41
BELD,2016-04-05 06:40:00 EDT,42.22322,-75.66852,1543,12.0,13.2,4.3,59.1,0.5,,,,,4.5,6.9,1.0,302,14,4.8,7.8,1.1,307,12,4.5,6.9,1.0,302,14,5,28.57,,0,0,0,39.9,41.2,42.6,0.40,0.46,0.41
BELD,2016-04-05 06:45:00 EDT,42.22322,-75.66852,1543,12.2,13.1,3.8,60.1,1.0,,,,,5.0,8.5,1.0,304,15,5.3,9.6,1.2,310,15,5.0,8.5,1.0,304,15,7,28.57,,0,0,0,39.9,41.2,42.6,0.40,0.46,0.41
BELD,2016-04-05 06:50:00 EDT,42.22322,-75.66852,1543,12.4,13.1,3.9,59.7,1.0,,,,,5.1,6.7,0.7,302,14,5.3,8.1,0.9,307,12,5.1,6.7,0.7,302,14,12,28.57,,0,0,0,39.9,41.2,42.6,0.40,0.46,0.41
BELD,2016-04-05 06:55:00 EDT,42.22322,-75.66852,1543,12.1,13.0,3.3,59.7,0.8,,,,,5.3,7.6,1.1,298,15,5.6,8.1,1.1,303,14,5.3,7.6,1.1,298,15,21,28.58,,0,0,0,39.9,41.2,42.6,0.40,0.46,0.41
BELD,2016-04-05 07:00:00 EDT,42.22322,-75.66852,1543,12.3,13.1,3.9,59.2,0.7,,,,,5.0,7.7,0.8,296,14,5.3,8.1,1.0,301,14,5.0,7.7,0.8,296,14,31,28.58,,0,0,0,39.9,41.2,42.6,0.40,0.46,0.41
BELD,2016-04-05 07:05:00 EDT,42.22322,-75.66852,1543,12.9,13.4,3.7,58.5,1.0,,,,,5.8,8.1,1.0,300,14,6.1,8.7,1.0,306,14,5.8,8.1,1.0,300,14,46,28.58,,0,0,0,39.9,41.2,42.6,0.40,0.46,0.41
BELD,2016-04-05 07:10:00 EDT,42.22322,-75.66852,1543,13.1,13.6,4.3,57.0,0.7,,,,,5.5,8.1,1.2,304,14,5.7,9.4,1.3,309,14,5.5,8.1,1.2,304,14,59,28.58,,0,0,0,39.9,41.2,42.6,0.40,0.46,0.41
BELD,2016-04-05 07:15:00 EDT,42.22322,-75.66852,1543,13.6,13.9,4.1,55.9,0.8,,,,,6.3,9.8,1.1,309,15,6.4,8.9,1.1,315,14,6.3,9.8,1.1,309,15,75,28.59,,0,0,0,39.9,41.2,42.6,0.40,0.46,0.41
BELD,2016-04-05 07:20:00 EDT,42.22322,-75.66852,1543,13.7,14.0,5.0,54.8,0.4,,,,,5.5,8.9,1.3,310,13,5.5,9.6,1.3,316,11,5.5,8.9,1.3,310,13,95,28.59,,0,0,0,39.9,41.2,42.5,0.40,0.46,0.41
BELD,2016-04-05 07:25:00 EDT,42.22322,-75.66852,1543,13.8,14.2,5.8,54.4,0.3,,,,,4.9,8.8,1.3,310,16,5.1,8.9,1.4,319,15,4.9,8.8,1.3,310,16,113,28.59,,0,0,0,39.9,41.2,42.5,0.40,0.46,0.41
BELD,2016-04-05 07:30:00 EDT,42.22322,-75.66852,1543,14.1,14.4,4.9,53.6,0.3,,,,,5.9,9.9,1.6,315,14,6.3,10.5,1.8,322,14,5.9,9.9,1.6,315,14,131,28.59,,0,0,0,39.9,41.2,42.5,0.40,0.46,0.41
BELD,2016-04-05 07:35:00 EDT,42.22322,-75.66852,1543,14.3,14.6,6.7,53.1,0.3,,,,,4.7,7.5,1.2,307,15,5.0,8.5,1.3,313,14,4.7,7.5,1.2,307,15,148,28.60,,0,0,0,39.9,41.2,42.5,0.40,0.46,0.41
BELD,2016-04-05 07:40:00 EDT,42.22322,-75.66852,1543,14.4,14.7,6.1,52.8,0.3,,,,,5.3,9.1,1.2,313,15,5.6,9.4,1.2,319,15,5.3,9.1,1.2,313,15,163,28.60,,0,0,0,39.9,41.2,42.5,0.40,0.46,0.41
BELD,2016-04-05 07:45:00 EDT,42.22322,-75.66852,1543,14.6,15.0,5.5,52.1,0.2,,,,,6.1,9.6,1.4,325,16,6.6,10.7,1.6,333,14,6.1,9.6,1.4,325,16,180,28.60,,0,0,0,39.9,41.2,42.5,0.40,0.46,0.41
BELD,2016-04-05 07:50:00 EDT,42.22322,-75.66852,1543,14.9,15.2,6.2,51.5,0.2,,,,,5.7,8.8,1.2,329,19,6.4,10.3,1.3,337,17,5.7,8.8,1.2,329,19,196,28.60,,0,0,0,39.9,41.2,42.4,0.40,0.46,0.41
BELD,2016-04-05 07:55:00 EDT,42.22322,-75.66852,1543,15.0,15.3,7.5,51.0,0.1,,,,,4.7,6.3,0.8,325,15,5.3,7.6,1.1,334,15,4.7,6.3,0.8,325,15,213,28.60,,0,0,0,39.9,41.2,42.5,0.40,0.46,0.41
BELD,2016-04-05 08:00:00 EDT,42.22322,-75.66852,1543,15.1,15.4,7.3,51.0,0.2,,,,,4.9,8.1,1.3,331,20,5.5,9.8,1.5,339,16,4.9,8.1,1.3,331,20,231,28.61,,0,0,0,39.9,41.2,42.5,0.40,0.46,0.41
BELD,2016-04-05 08:05:00 EDT,42.22322,-75.66852,1543,15.4,15.6,7.3,50.4,0.2,,,,,5.2,10.6,1.8,333,19,5.8,11.0,2.0,341,18,5.2,10.6,1.8,333,19,248,28.61,,0,0,0,39.9,41.2,42.4,0.40,0.46,0.41
BELD,2016-04-05 08:10:00 EDT,42.22322,-75.66852,1543,15.4,15.8,7.1,49.7,-0.0,,,,,5.4,9.7,1.3,333,16,6.2,10.7,1.5,341,17,5.4,9.7,1.3,333,16,265,28.61,,0,0,0,39.9,41.2,42.4,0.40,0.46,0.41
BELD,2016-04-05 08:15:00 EDT,42.22322,-75.66852,1543,15.8,16.1,8.4,49.0,-0.0,,,,,4.7,7.5,1.2,331,20,5.4,9.2,1.5,339,18,4.7,7.5,1.2,331,20,283,28.61,,0,0,0,39.9,41.2,42.4,0.40,0.46,0.41
BELD,2016-04-05 08:20:00 EDT,42.22322,-75.66852,1543,16.1,16.3,8.9,48.7,0.1,,,,,4.6,8.5,1.4,344,17,5.6,11.9,1.8,351,16,4.6,8.5,1.4,344,17,301,28.61,,0,0,0,39.9,41.2,42.5,0.40,0.46,0.41
BELD,2016-04-05 08:25:00 EDT,42.22322,-75.66852,1543,16.2,16.4,8.4,48.4,0.2,,,,,5.1,8.5,1.1,334,19,5.9,10.7,1.4,342,15,5.1,8.5,1.1,334,19,318,28.62,,0,0,0,39.9,41.2,42.4,0.40,0.46,0.41
BELD,2016-04-05 08:30:00 EDT,42.22322,-75.66852,1543,16.3,16.6,9.1,48.8,0.3,,,,,4.6,7.4,1.3,337,16,5.4,9.6,1.6,343,17,4.6,7.4,1.3,337,16,333,28.62,,0,0,0,39.9,41.2,42.5,0.40,0.46,0.41
BELD,2016-04-05 08:35:00 EDT,42.22322,-75.66852,1543,16.6,16.8,10.8,49.0,0.7,,,,,3.6,6.3,1.1,351,28,4.4,7.8,1.5,359,26,3.6,6.3,1.1,351,28,350,28.62,,0,0,0,39.9,41.2,42.4,0.40,0.46,0.41
BELD,2016-04-05 08:40:00 EDT,42.22322,-75.66852,1543,16.9,17.1,10.0,47.6,0.4,,,,,4.5,9.2,1.6,350,17,5.4,11.2,1.9,358,14,4.5,9.2,1.6,350,17,366,28.62,,0,0,0,39.9,41.2,42.4,0.40,0.46,0.41
BELD,2016-04-05 08:45:00 EDT,42.22322,-75.66852,1543,17.1,17.3,8.0,46.1,-0.1,,,,,6.5,12.8,2.3,11,19,7.5,14.3,2.2,17,19,6.5,12.8,2.3,11,19,382,28.62,,0,0,0,39.9,41.2,42.4,0.40,0.46,0.41
BELD,2016-04-05 08:50:00 EDT,42.22322,-75.66852,1543,17.1,17.3,8.7,46.4,0.1,,,,,5.8,13.2,2.6,10,14,6.7,14.8,2.8,12,15,5.8,13.2,2.6,10,14,400,28.62,,0,0,0,39.9,41.2,42.4,0.40,0.46,0.41
BELD,2016-04-05 08:55:00 EDT,42.22322,-75.66852,1543,17.2,17.3,7.2,46.1,-0.1,,,,,7.5,12.9,2.6,351,23,8.4,13.6,2.9,359,21,7.5,12.9,2.6,351,23,417,28.63,,0,0,0,39.9,41.1,42.5,0.40,0.46,0.41
BELD,2016-04-05 09:00:00 EDT,42.22322,-75.66852,1543,17.4,17.5,8.1,46.1,0.2,,,,,6.8,10.5,1.8,357,22,7.7,12.5,2.0,3,17,6.8,10.5,1.8,357,22,433,28.63,,0,0,0,39.9,41.1,42.4,0.40,0.46,0.41
BELD,2016-04-05 09:05:00 EDT,42.22322,-75.66852,1543,17.4,17.6,8.9,46.3,0.3,,,,,6.0,10.8,1.8,359,21,6.7,12.3,2.0,5,21,6.0,10.8,1.8,359,21,449,28.63,,0,0,0,39.9,41.1,42.4,0.40,0.46,0.41
BELD,2016-04-05 09:10:00 EDT,42.22322,-75.66852,1543,17.6,17.7,8.3,45.2,-0.1,,,,,6.8,10.4,1.6,2,21,7.7,12.1,1.8,8,18,6.8,10.4,1.6,2,21,469,28.63,,0,0,0,39.9,41.1,42.4,0.40,0.46,0.41
BELD,2016-04-05 09:15:00 EDT,42.22322,-75.66852,1543,17.9,17.9,11.2,44.7,-0.1,,,,,4.4,7.3,1.2,4,20,5.3,8.7,1.5,11,20,4.4,7.3,1.2,4,20,488,28.63,,0,0,0,39.9,41.1,42.4,0.40,0.46,0.41
BELD,2016-04-05 09:20:00 EDT,42.22322,-75.66852,1543,17.9,18.1,9.2,44.4,-0.2,,,,,6.3,9.9,1.6,344,18,7.2,11.6,2.0,352,16,6.3,9.9,1.6,344,18,501,28.63,,0,0,0,39.9,41.0,42.4,0.40,0.46,0.41
BELD,2016-04-05 09:25:00 EDT,42.22322,-75.66852,1543,18.3,18.4,11.9,44.0,-0.0,,,,,4.2,7.4,1.1,354,20,4.9,8.7,1.2,1,18,4.2,7.4,1.1,354,20,517,28.64,,0,0,0,39.9,41.1,42.4,0.40,0.46,0.41
BELD,2016-04-05 09:30:00 EDT,42.22322,-75.66852,1543,18.8,18.7,12.3,43.3,0.1,,,,,4.4,9.0,1.9,29,23,5.0,9.6,1.9,34,21,4.4,9.0,1.9,29,23,536,28.64,,0,0,0,39.9,41.0,42.4,0.40,0.46,0.41
BELD,2016-04-05 09:35:00 EDT,42.22322,-75.66852,1543,18.9,18.9,8.9,39.7,-1.6,,,,,8.0,16.9,4.1,30,18,9.1,17.9,4.1,35,18,8.0,16.9,4.1,30,18,554,28.64,,0,0,0,39.8,41.0,42.4,0.40,0.46,0.41
BELD,2016-04-05 09:40:00 EDT,42.22322,-75.66852,1543,19.1,19.0,9.2,40.2,-1.2,,,,,7.9,13.5,2.0,26,23,9.0,15.7,2.2,29,22,7.9,13.5,2.0,26,23,569,28.64,,0,0,0,39.9,41.0,42.4,0.40,0.46,0.41
BELD,2016-04-05 09:45:00 EDT,42.22322,-75.66852,1543,19.0,19.0,8.0,39.0,-1.9,,,,,9.5,16.4,2.9,18,15,10.6,18.3,3.1,23,13,9.5,16.4,2.9,18,15,583,28.64,,0,0,0,39.8,41.0,42.4,0.40,0.46,0.41
BELD,2016-04-05 09:50:00 EDT,42.22322,-75.66852,1543,19.0,18.9,8.7,37.9,-2.5,,,,,8.4,13.6,2.9,11,14,9.3,15.4,3.0,17,14,8.4,13.6,2.9,11,14,599,28.65,,0,0,0,39.9,41.0,42.4,0.40,0.46,0.41
BELD,2016-04-05 09:55:00 EDT,42.22322,-75.66852,1543,19.3,19.2,9.5,38.4,-2.0,,,,,7.8,14.7,2.7,17,20,8.7,16.3,2.8,23,19,7.8,14.7,2.7,17,20,614,28.65,,0,0,0,39.8,41.0,42.4,0.40,0.46,0.41
BELD,2016-04-05 10:00:00 EDT,42.22322,-75.66852,1543,19.8,19.5,10.0,39.0,-1.2,,,,,7.9,14.1,2.5,43,16,8.7,15.0,2.5,49,14,7.9,14.1,2.5,43,16,630,28.65,,0,0,0,39.8,41.0,42.4,0.40,0.46,0.41
BELD,2016-04-05 10:05:00 EDT,42.22322,-75.66852,1543,20.0,19.7,11.5,37.9,-1.7,,,,,6.4,10.4,1.5,13,24,7.1,13.2,1.8,19,23,6.4,10.4,1.5,13,24,643,28.65,,0,0,0,39.8,41.0,42.4,0.40,0.46,0.41
BELD,2016-04-05 10:10:00 EDT,42.22322,-75.66852,1543,20.2,20.0,12.1,38.1,-1.4,,,,,6.0,11.3,2.0,7,27,7.0,13.0,2.3,14,24,6.0,11.3,2.0,7,27,657,28.66,,0,0,0,39.8,41.0,42.4,0.40,0.46,0.41
BELD,2016-04-05 10:15:00 EDT,42.22322,-75.66852,1543,20.2,19.9,12.2,36.5,-2.3,,,,,5.9,9.6,2.0,360,31,6.7,11.2,2.1,8,29,5.9,9.6,2.0,360,31,670,28.66,,0,0,0,39.8,41.0,42.4,0.40,0.46,0.41
BELD,2016-04-05 10:20:00 EDT,42.22322,-75.66852,1543,20.4,20.2,11.1,36.7,-2.0,,,,,7.5,11.8,1.7,6,24,8.5,13.2,1.9,11,21,7.5,11.8,1.7,6,24,682,28.66,,0,0,0,39.8,41.0,42.4,0.40,0.46,0.41
BELD,2016-04-05 10:25:00 EDT,42.22322,-75.66852,1543,20.1,20.0,11.8,36.2,-2.5,,,,,6.2,9.6,1.1,357,13,7.1,10.5,1.4,3,10,6.2,9.6,1.1,357,13,696,28.66,,0,0,0,39.8,41.0,42.4,0.40,0.46,0.41
BELD,2016-04-05 10:30:00 EDT,42.22322,-75.66852,1543,20.6,20.5,12.4,36.7,-1.7,,,,,6.3,10.9,1.9,347,21,7.2,12.3,2.1,354,17,6.3,10.9,1.9,347,21,708,28.66,,0,0,0,39.8,41.0,42.4,0.40,0.46,0.41
BELD,2016-04-05 10:35:00 EDT,42.22322,-75.66852,1543,20.5,20.4,11.9,36.3,-2.1,,,,,6.7,14.2,2.8,356,22,7.8,14.5,3.2,2,20,6.7,14.2,2.8,356,22,720,28.66,,0,0,0,39.7,41.0,42.4,0.40,0.46,0.41
BELD,2016-04-05 10:40:00 EDT,42.22322,-75.66852,1543,20.4,20.3,8.6,35.8,-2.4,,,,,11.2,17.2,2.5,5,18,12.7,18.3,2.9,11,18,11.2,17.2,2.5,5,18,731,28.67,,0,0,0,39.8,41.0,42.4,0.40,0.46,0.41
BELD,2016-04-05 10:45:00 EDT,42.22322,-75.66852,1543,20.4,20.3,13.1,36.5,-2.0,,,,,5.3,8.1,1.8,353,25,6.3,10.1,1.9,0,17,5.3,8.1,1.8,353,25,742,28.67,,0,0,0,39.7,41.0,42.4,0.40,0.46,0.41
BELD,2016-04-05 10:50:00 EDT,42.22322,-75.66852,1543,20.6,20.5,11.5,36.4,-1.9,,,,,7.4,12.1,2.6,322,19,8.0,13.9,2.6,331,18,7.4,12.1,2.6,322,19,754,28.67,,0,0,0,39.7,41.0,42.4,0.40,0.46,0.41
BELD,2016-04-05 10:55:00 EDT,42.22322,-75.66852,1543,20.9,20.9,12.0,36.6,-1.5,,,,,7.2,13.2,1.7,321,18,7.7,13.2,1.6,329,18,7.2,13.2,1.7,321,18,764,28.67,,0,0,0,39.7,41.0,42.4,0.40,0.46,0.41
BELD,2016-04-05 11:00:00 EDT,42.22322,-75.66852,1543,20.8,20.7,12.7,36.0,-2.1,,,,,6.1,11.1,2.1,333,24,6.7,11.6,2.1,340,23,6.1,11.1,2.1,333,24,775,28.67,,0,0,0,39.7,41.0,42.4,0.40,0.46,0.41
BELD,2016-04-05 11:05:00 EDT,42.22322,-75.66852,1543,21.6,21.4,12.1,36.9,-0.7,,,,,8.1,13.7,1.9,352,23,9.2,16.3,2.2,358,21,8.1,13.7,1.9,352,23,786,28.67,,0,0,0,39.8,41.0,42.4,0.40,0.46,0.41
BELD,2016-04-05 11:10:00 EDT,42.22322,-75.66852,1543,21.7,21.6,13.2,37.3,-0.4,,,,,6.9,10.8,2.0,332,21,7.6,11.6,2.2,341,19,6.9,10.8,2.0,332,21,794,28.67,,0,0,0,39.7,41.0,42.4,0.40,0.46,0.41
BELD,2016-04-05 11:15:00 EDT,42.22322,-75.66852,1543,21.6,21.3,17.2,36.8,-0.8,,,,,3.2,10.7,3.0,353,47,4.1,12.1,3.0,358,51,3.2,10.7,3.0,353,47,804,28.67,,0,0,0,39.7,41.0,42.4,0.40,0.46,0.41
BELD,2016-04-05 11:20:00 EDT,42.22322,-75.66852,1543,22.2,22.0,12.9,36.6,-0.4,,,,,8.0,14.8,3.0,341,41,9.0,17.7,3.4,347,40,8.0,14.8,3.0,341,41,814,28.67,,0,0,0,39.7,41.0,42.4,0.40,0.46,0.41
BELD,2016-04-05 11:25:00 EDT,42.22322,-75.66852,1543,22.7,22.5,13.3,36.3,-0.1,,,,,8.2,16.2,3.2,314,22,8.8,16.8,3.5,320,22,8.2,16.2,3.2,314,22,821,28.67,,0,0,0,39.7,41.0,42.4,0.40,0.46,0.41
BELD,2016-04-05 11:30:00 EDT,42.22322,-75.66852,1543,22.9,22.9,14.2,36.7,0.3,,,,,7.5,15.0,2.7,310,18,7.9,16.3,2.8,317,19,7.5,15.0,2.7,310,18,829,28.67,,0,0,0,39.7,41.0,42.4,0.40,0.46,0.41
BELD,2016-04-05 11:35:00 EDT,42.22322,-75.66852,1543,23.0,22.9,12.7,35.7,-0.2,,,,,9.8,17.3,2.3,323,12,10.3,18.3,2.5,332,13,9.8,17.3,2.3,323,12,835,28.67,,0,0,0,39.7,41.0,42.4,0.40,0.46,0.41
BELD,2016-04-05 11:40:00 EDT,42.22322,-75.66852,1543,22.8,22.7,14.2,36.0,-0.2,,,,,7.3,15.0,2.0,346,23,8.0,15.7,2.3,353,20,7.3,15.0,2.0,346,23,843,28.67,,0,0,0,39.7,41.0,42.4,0.40,0.46,0.41
BELD,2016-04-05 11:45:00 EDT,42.22322,-75.66852,1543,23.5,23.3,16.1,35.6,0.2,,,,,6.0,11.2,2.1,322,31,6.7,13.2,2.3,328,31,6.0,11.2,2.1,322,31,850,28.67,,0,0,0,39.7,41.0,42.4,0.40,0.46,0.41
BELD,2016-04-05 11:50:00 EDT,42.22322,-75.66852,1543,23.6,23.4,13.4,34.7,-0.2,,,,,10.0,17.4,3.1,327,23,10.8,17.9,3.2,337,22,10.0,17.4,3.1,327,23,857,28.66,,0,0,0,39.7,41.0,42.4,0.40,0.46,0.41
BELD,2016-04-05 11:55:00 EDT,42.22322,-75.66852,1543,23.5,23.3,12.9,34.3,-0.6,,,,,10.6,17.5,4.1,340,19,11.9,20.4,4.8,348,10,10.6,17.5,4.1,340,19,863,28.66,,0,0,0,39.7,41.0,42.4,0.40,0.46,0.41
BELD,2016-04-05 12:00:00 EDT,42.22322,-75.66852,1543,24.2,24.0,14.8,35.1,0.5,,,,,9.0,16.1,3.2,306,35,10.1,18.1,3.6,309,35,9.0,16.1,3.2,306,35,870,28.66,,0,0,0,39.7,41.0,42.4,0.40,0.46,0.41
BELD,2016-04-05 12:05:00 EDT,42.22322,-75.66852,1543,24.3,24.1,14.3,33.6,-0.3,,,,,9.7,17.8,3.2,305,20,10.5,19.7,3.2,312,22,9.7,17.8,3.2,305,20,876,28.66,,0,0,0,39.7,41.0,42.4,0.40,0.46,0.41
BELD,2016-04-05 12:10:00 EDT,42.22322,-75.66852,1543,23.9,23.8,13.1,33.0,-1.1,,,,,11.1,19.9,3.3,303,19,11.6,21.7,3.2,309,19,11.1,19.9,3.3,303,19,881,28.66,,0,0,0,39.7,41.0,42.4,0.40,0.46,0.41
BELD,2016-04-05 12:15:00 EDT,42.22322,-75.66852,1543,23.8,23.6,13.0,33.3,-1.0,,,,,10.9,19.1,3.2,326,20,11.8,21.7,3.8,335,20,10.9,19.1,3.2,326,20,885,28.66,,0,0,0,39.7,41.0,42.4,0.40,0.46,0.41
BELD,2016-04-05 12:20:00 EDT,42.22322,-75.66852,1543,24.4,24.3,13.5,33.5,-0.3,,,,,11.4,18.9,4.4,300,22,12.0,21.3,4.5,307,22,11.4,18.9,4.4,300,22,889,28.66,,0,0,0,39.7,41.0,42.4,0.40,0.46,0.41
BELD,2016-04-05 12:25:00 EDT,42.22322,-75.66852,1543,24.5,24.4,13.4,33.3,-0.3,,,,,11.9,17.2,2.7,339,21,13.0,21.0,3.3,347,19,11.9,17.2,2.7,339,21,893,28.67,,0,0,0,39.7,41.0,42.4,0.40,0.46,0.41
BELD,2016-04-05 12:30:00 EDT,42.22322,-75.66852,1543,24.1,24.0,12.2,33.1,-0.9,,,,,13.3,25.6,3.6,321,19,13.7,25.9,3.7,328,19,13.3,25.6,3.6,321,19,895,28.66,,0,0,0,39.7,41.0,42.4,0.40,0.46,0.41
BELD,2016-04-05 12:35:00 EDT,42.22322,-75.66852,1543,24.5,24.4,14.6,32.2,-1.1,,,,,9.8,17.9,2.9,299,18,10.3,18.8,2.8,305,17,9.8,17.9,2.9,299,18,899,28.67,,0,0,0,39.7,41.0,42.4,0.40,0.46,0.41
BELD,2016-04-05 12:40:00 EDT,42.22322,-75.66852,1543,24.6,24.4,15.0,32.1,-1.0,,,,,9.3,16.1,3.8,314,17,9.8,16.8,3.8,320,18,9.3,16.1,3.8,314,17,902,28.67,,0,0,0,39.7,41.0,42.4,0.40,0.46,0.41
BELD,2016-04-05 12:45:00 EDT,42.22322,-75.66852,1543,24.9,24.8,15.3,33.0,-0.2,,,,,9.4,17.8,2.6,325,17,9.9,18.6,2.5,332,16,9.4,17.8,2.6,325,17,904,28.67,,0,0,0,39.7,41.0,42.4,0.40,0.46,0.41
BELD,2016-04-05 12:50:00 EDT,42.22322,-75.66852,1543,24.6,24.6,14.5,31.6,-1.4,,,,,10.2,18.4,3.1,329,17,10.7,19.2,3.5,336,17,10.2,18.4,3.1,329,17,906,28.67,,0,0,0,39.7,41.0,42.4,0.40,0.46,0.41
BELD,2016-04-05 12:55:00 EDT,42.22322,-75.66852,1543,24.6,24.6,13.9,32.4,-0.9,,,,,11.1,17.2,3.3,318,17,11.5,17.9,3.3,325,17,11.1,17.2,3.3,318,17,906,28.67,,0,0,0,39.7,41.0,42.4,0.40,0.46,0.41
BELD,2016-04-05 13:00:00 EDT,42.22322,-75.66852,1543,24.6,24.4,17.4,34.1,0.2,,,,,6.0,12.6,2.5,338,28,6.7,13.2,2.7,346,27,6.0,12.6,2.5,338,28,908,28.67,,0,0,0,39.7,41.0,42.4,0.40,0.46,0.41
BELD,2016-04-05 13:05:00 EDT,42.22322,-75.66852,1543,24.8,24.7,15.3,33.3,-0.1,,,,,9.2,13.8,2.3,310,40,10.4,17.0,2.7,316,40,9.2,13.8,2.3,310,40,908,28.66,,0,0,0,39.7,41.0,42.4,0.40,0.46,0.41
BELD,2016-04-05 13:10:00 EDT,42.22322,-75.66852,1543,25.2,25.1,15.9,34.1,0.8,,,,,8.9,15.4,3.1,304,23,9.5,15.9,3.0,309,25,8.9,15.4,3.1,304,23,909,28.66,,0,0,0,39.7,41.0,42.4,0.40,0.46,0.41
BELD,2016-04-05 13:15:00 EDT,42.22322,-75.66852,1543,25.5,25.4,16.3,33.7,0.8,,,,,9.0,17.6,2.5,323,20,9.4,17.4,2.5,331,19,9.0,17.6,2.5,323,20,909,28.66,,0,0,0,39.7,41.0,42.4,0.40,0.46,0.41
BELD,2016-04-05 13:20:00 EDT,42.22322,-75.66852,1543,25.1,25.0,16.5,32.6,-0.3,,,,,7.9,14.3,2.8,341,20,8.9,16.6,3.1,348,17,7.9,14.3,2.8,341,20,906,28.66,,0,0,0,39.7,41.0,42.4,0.40,0.46,0.41
BELD,2016-04-05 13:25:00 EDT,42.22322,-75.66852,1543,25.2,25.2,14.2,32.7,-0.1,,,,,12.1,19.5,2.5,321,20,12.9,20.8,2.8,329,19,12.1,19.5,2.5,321,20,907,28.66,,0,0,0,39.7,41.0,42.4,0.40,0.46,0.41
BELD,2016-04-05 13:30:00 EDT,42.22322,-75.66852,1543,25.2,25.1,15.2,32.5,-0.2,,,,,10.1,17.0,2.8,305,27,11.3,18.6,3.3,311,28,10.1,17.0,2.8,305,27,906,28.66,,0,0,0,39.7,41.0,42.4,0.40,0.46,0.41
BELD,2016-04-05 13:35:00 EDT,42.22322,-75.66852,1543,25.1,25.0,14.0,31.1,-1.3,,,,,12.0,18.3,3.2,292,17,12.8,21.0,3.6,297,16,12.0,18.3,3.2,292,17,904,28.66,,0,0,0,39.7,41.0,42.4,0.40,0.46,0.41
BELD,2016-04-05 13:40:00 EDT,42.22322,-75.66852,1543,25.1,25.1,14.5,31.6,-0.9,,,,,11.4,18.3,3.4,290,23,12.5,21.0,4.0,295,23,11.4,18.3,3.4,290,23,901,28.66,,0,0,0,39.7,41.0,42.4,0.40,0.46,0.41
BELD,2016-04-05 13:45:00 EDT,42.22322,-75.66852,1543,25.5,25.3,16.1,31.9,-0.4,,,,,9.2,17.8,4.1,311,24,9.6,17.0,4.0,318,24,9.2,17.8,4.1,311,24,898,28.66,,0,0,0,39.7,41.0,42.4,0.40,0.46,0.41
BELD,2016-04-05 13:50:00 EDT,42.22322,-75.66852,1543,25.2,25.1,15.0,30.6,-1.5,,,,,10.5,16.1,2.7,306,18,10.7,16.8,2.6,313,17,10.5,16.1,2.7,306,18,895,28.66,,0,0,0,39.7,41.0,42.4,0.40,0.46,0.41
BELD,2016-04-05 13:55:00 EDT,42.22322,-75.66852,1543,25.3,25.2,14.3,30.5,-1.5,,,,,12.1,19.3,3.3,313,19,12.6,19.5,3.2,320,18,12.1,19.3,3.3,313,19,891,28.66,,0,0,0,39.7,41.0,42.4,0.40,0.46,0.41
BELD,2016-04-05 14:00:00 EDT,42.22322,-75.66852,1543,25.2,25.1,14.5,30.7,-1.5,,,,,11.5,20.7,3.3,319,18,12.0,22.8,3.8,327,17,11.5,20.7,3.3,319,18,886,28.66,,0,0,0,39.7,41.0,42.4,0.40,0.46,0.41
BELD,2016-04-05 14:05:00 EDT,42.22322,-75.66852,1543,25.4,25.3,14.9,31.5,-0.7,,,,,11.2,17.2,2.9,306,17,12.0,18.6,3.1,311,19,11.2,17.2,2.9,306,17,882,28.66,,0,0,0,39.7,41.0,42.4,0.40,0.46,0.41
BELD,2016-04-05 14:10:00 EDT,42.22322,-75.66852,1543,25.4,25.3,15.0,31.0,-1.0,,,,,11.1,17.5,2.2,302,19,11.7,19.7,2.4,308,18,11.1,17.5,2.2,302,19,877,28.66,,0,0,0,39.7,41.0,42.4,0.40,0.46,0.41
BELD,2016-04-05 14:15:00 EDT,42.22322,-75.66852,1543,25.3,25.2,15.1,31.2,-1.1,,,,,10.5,17.1,2.1,319,20,11.0,17.9,2.3,326,20,10.5,17.1,2.1,319,20,872,28.66,,0,0,0,39.7,41.0,42.4,0.40,0.46,0.41
BELD,2016-04-05 14:20:00 EDT,42.22322,-75.66852,1543,25.4,25.3,15.3,31.9,-0.4,,,,,10.5,15.3,2.8,324,17,11.1,17.0,2.9,332,18,10.5,15.3,2.8,324,17,866,28.65,,0,0,0,39.7,41.0,42.4,0.41,0.46,0.41
BELD,2016-04-05 14:25:00 EDT,42.22322,-75.66852,1543,25.4,25.4,15.1,31.2,-0.9,,,,,10.9,19.9,3.2,310,21,11.5,20.1,3.1,315,20,10.9,19.9,3.2,310,21,859,28.65,,0,0,0,39.7,41.0,42.4,0.41,0.46,0.41
BELD,2016-04-05 14:30:00 EDT,42.22322,-75.66852,1543,25.9,25.8,17.2,31.8,-0.1,,,,,8.3,16.1,2.7,287,17,9.2,19.0,3.1,293,16,8.3,16.1,2.7,287,17,852,28.65,,0,0,0,39.7,41.0,42.3,0.41,0.46,0.41
BELD,2016-04-05 14:35:00 EDT,42.22322,-75.66852,1543,26.0,25.9,15.2,30.2,-1.1,,,,,12.0,18.3,2.5,296,16,12.4,19.7,2.8,301,16,12.0,18.3,2.5,296,16,846,28.65,,0,0,0,39.7,41.0,42.3,0.41,0.46,0.41
BELD,2016-04-05 14:40:00 EDT,42.22322,-75.66852,1543,25.6,25.5,16.1,29.5,-1.9,,,,,9.5,15.2,3.0,306,19,10.2,17.0,2.9,312,20,9.5,15.2,3.0,306,19,839,28.65,,0,0,0,39.7,41.0,42.3,0.41,0.46,0.41
BELD,2016-04-05 14:45:00 EDT,42.22322,-75.66852,1543,26.1,26.0,17.2,30.1,-1.0,,,,,8.7,13.5,2.6,306,32,9.7,15.2,3.0,313,32,8.7,13.5,2.6,306,32,832,28.65,,0,0,0,39.7,41.0,42.3,0.41,0.46,0.41
BELD,2016-04-05 14:50:00 EDT,42.22322,-75.66852,1543,26.0,25.9,17.9,29.6,-1.5,,,,,7.6,15.6,2.4,301,22,8.2,15.4,2.4,307,22,7.6,15.6,2.4,301,22,824,28.65,,0,0,0,39.7,41.0,42.3,0.41,0.46,0.41
BELD,2016-04-05 14:55:00 EDT,42.22322,-75.66852,1543,26.1,26.0,17.8,30.5,-0.8,,,,,7.8,14.2,3.0,308,19,8.2,14.3,3.0,314,19,7.8,14.2,3.0,308,19,814,28.65,,0,0,0,39.7,41.0,42.3,0.41,0.46,0.41
BELD,2016-04-05 15:00:00 EDT,42.22322,-75.66852,1543,26.1,26.0,16.3,29.7,-1.4,,,,,10.2,16.4,2.4,306,17,10.6,16.8,2.5,311,16,10.2,16.4,2.4,306,17,806,28.65,,0,0,0,39.7,41.0,42.3,0.41,0.46,0.41
BELD,2016-04-05 15:05:00 EDT,42.22322,-75.66852,1543,25.7,25.6,15.8,30.7,-1.1,,,,,10.1,16.7,2.8,325,13,10.7,16.8,2.9,333,12,10.1,16.7,2.8,325,13,794,28.65,,0,0,0,39.7,41.0,42.3,0.41,0.46,0.41
BELD,2016-04-05 15:10:00 EDT,42.22322,-75.66852,1543,26.0,25.9,17.5,31.9,0.0,,,,,8.0,14.9,2.8,324,22,8.9,15.4,3.1,331,23,8.0,14.9,2.8,324,22,786,28.65,,0,0,0,39.7,41.0,42.3,0.41,0.46,0.41
BELD,2016-04-05 15:15:00 EDT,42.22322,-75.66852,1543,25.9,25.9,17.0,31.3,-0.4,,,,,8.7,15.1,2.2,296,22,9.4,16.8,2.3,302,22,8.7,15.1,2.2,296,22,776,28.65,,0,0,0,39.7,41.0,42.3,0.41,0.46,0.41
BELD,2016-04-05 15:20:00 EDT,42.22322,-75.66852,1543,26.3,26.2,16.7,32.8,0.9,,,,,9.8,17.1,2.6,315,24,10.5,20.6,2.9,322,25,9.8,17.1,2.6,315,24,766,28.65,,0,0,0,39.7,41.0,42.3,0.41,0.46,0.41
BELD,2016-04-05 15:25:00 EDT,42.22322,-75.66852,1543,26.1,26.1,17.7,29.5,-1.5,,,,,7.9,14.2,2.2,309,19,8.2,14.3,2.3,317,20,7.9,14.2,2.2,309,19,755,28.65,,0,0,0,39.7,41.0,42.3,0.41,0.46,0.41
BELD,2016-04-05 15:30:00 EDT,42.22322,-75.66852,1543,26.5,26.4,18.7,32.9,1.1,,,,,7.2,15.6,3.1,307,24,7.7,16.8,3.0,315,25,7.2,15.6,3.1,307,24,744,28.65,,0,0,0,39.7,41.0,42.3,0.41,0.46,0.41
BELD,2016-04-05 15:35:00 EDT,42.22322,-75.66852,1543,26.6,26.5,17.3,33.5,1.7,,,,,9.6,14.8,2.4,288,16,10.3,17.7,2.8,294,13,9.6,14.8,2.4,288,16,734,28.65,,0,0,0,39.7,41.0,42.3,0.41,0.46,0.41
BELD,2016-04-05 15:40:00 EDT,42.22322,-75.66852,1543,26.3,26.2,18.3,33.2,1.2,,,,,7.5,14.2,2.6,293,25,8.5,16.8,2.8,299,26,7.5,14.2,2.6,293,25,720,28.65,,0,0,0,39.7,41.0,42.3,0.41,0.46,0.41
BELD,2016-04-05 15:45:00 EDT,42.22322,-75.66852,1543,26.4,26.4,17.7,33.4,1.4,,,,,8.5,12.7,1.5,309,21,9.1,13.4,1.8,316,21,8.5,12.7,1.5,309,21,708,28.65,,0,0,0,39.7,41.0,42.3,0.41,0.46,0.41
BELD,2016-04-05 15:50:00 EDT,42.22322,-75.66852,1543,26.8,26.6,18.1,33.3,1.7,,,,,8.7,20.3,4.5,329,29,9.6,21.9,4.9,337,29,8.7,20.3,4.5,329,29,696,28.65,,0,0,0,39.7,41.0,42.3,0.41,0.46,0.41
BELD,2016-04-05 15:55:00 EDT,42.22322,-75.66852,1543,26.1,26.1,16.7,33.2,1.0,,,,,9.5,18.7,2.8,332,17,10.4,18.6,2.9,342,12,9.5,18.7,2.8,332,17,682,28.65,,0,0,0,39.6,40.9,42.3,0.41,0.46,0.41
BELD,2016-04-05 16:00:00 EDT,42.22322,-75.66852,1543,26.5,26.5,18.1,33.5,1.5,,,,,8.0,14.2,2.6,283,24,8.8,16.3,3.1,286,23,8.0,14.2,2.6,283,24,670,28.65,,0,0,0,39.6,40.9,42.3,0.41,0.46,0.41
BELD,2016-04-05 16:05:00 EDT,42.22322,-75.66852,1543,26.7,26.7,17.3,33.3,1.6,,,,,9.6,15.4,2.9,318,19,10.2,17.0,3.2,325,17,9.6,15.4,2.9,318,19,657,28.65,,0,0,0,39.6,41.0,42.3,0.41,0.46,0.41
BELD,2016-04-05 16:10:00 EDT,42.22322,-75.66852,1543,26.2,26.1,17.4,32.9,0.9,,,,,8.7,16.0,2.8,312,16,8.9,17.2,2.7,318,17,8.7,16.0,2.8,312,16,644,28.64,,0,0,0,39.6,40.9,42.3,0.41,0.46,0.41
BELD,2016-04-05 16:15:00 EDT,42.22322,-75.66852,1543,26.1,26.0,17.2,33.5,1.2,,,,,8.7,11.8,2.0,304,13,8.7,12.8,2.1,313,14,8.7,11.8,2.0,304,13,630,28.64,,0,0,0,39.6,40.9,42.3,0.41,0.46,0.41
BELD,2016-04-05 16:20:00 EDT,42.22322,-75.66852,1543,26.6,26.5,17.0,33.7,1.7,,,,,10.0,17.0,2.7,293,24,10.8,18.1,3.0,299,24,10.0,17.0,2.7,293,24,616,28.65,,0,0,0,39.6,40.9,42.3,0.41,0.46,0.41
BELD,2016-04-05 16:25:00 EDT,42.22322,-75.66852,1543,26.7,26.7,18.6,33.2,1.6,,,,,7.7,14.9,3.4,282,20,8.8,16.8,3.7,286,18,7.7,14.9,3.4,282,20,602,28.65,,0,0,0,39.6,40.9,42.3,0.41,0.46,0.41
BELD,2016-04-05 16:30:00 EDT,42.22322,-75.66852,1543,26.7,26.6,17.5,32.6,1.2,,,,,9.5,13.5,2.1,301,22,10.1,15.2,2.3,306,22,9.5,13.5,2.1,301,22,588,28.65,,0,0,0,39.6,40.9,42.3,0.41,0.45,0.41
BELD,2016-04-05 16:35:00 EDT,42.22322,-75.66852,1543,26.5,26.4,18.9,32.4,0.8,,,,,6.9,12.8,2.4,289,21,7.6,13.9,2.7,293,22,6.9,12.8,2.4,289,21,572,28.65,,0,0,0,39.6,40.9,42.3,0.41,0.46,0.41
BELD,2016-04-05 16:40:00 EDT,42.22322,-75.66852,1543,26.7,26.7,17.8,32.0,0.8,,,,,8.8,14.3,2.1,309,24,9.4,14.3,2.1,318,23,8.8,14.3,2.1,309,24,557,28.65,,0,0,0,39.6,40.9,42.3,0.41,0.46,0.41
BELD,2016-04-05 16:45:00 EDT,42.22322,-75.66852,1543,26.7,26.6,17.5,32.1,0.8,,,,,9.4,15.1,2.9,317,18,9.8,15.9,2.9,326,18,9.4,15.1,2.9,317,18,541,28.65,,0,0,0,39.6,40.9,42.3,0.41,0.46,0.41
BELD,2016-04-05 16:50:00 EDT,42.22322,-75.66852,1543,26.7,26.6,17.1,30.9,-0.0,,,,,9.9,16.9,2.8,305,17,10.3,19.0,3.0,311,19,9.9,16.9,2.8,305,17,526,28.65,,0,0,0,39.6,40.8,42.3,0.41,0.46,0.41
BELD,2016-04-05 16:55:00 EDT,42.22322,-75.66852,1543,26.8,26.7,19.4,31.1,0.2,,,,,6.8,14.2,3.3,304,21,7.3,13.2,2.9,312,20,6.8,14.2,3.3,304,21,509,28.65,,0,0,0,39.6,40.8,42.3,0.42,0.46,0.41
BELD,2016-04-05 17:00:00 EDT,42.22322,-75.66852,1543,26.8,26.8,19.0,32.3,1.1,,,,,7.4,13.1,2.4,298,25,8.0,14.8,2.9,303,25,7.4,13.1,2.4,298,25,493,28.65,,0,0,0,39.6,40.8,42.3,0.42,0.46,0.41
BELD,2016-04-05 17:05:00 EDT,42.22322,-75.66852,1543,26.8,26.8,19.1,32.0,0.9,,,,,7.2,13.9,3.1,315,29,7.8,14.5,3.1,324,30,7.2,13.9,3.1,315,29,476,28.65,,0,0,0,39.6,40.8,42.3,0.42,0.45,0.41
BELD,2016-04-05 17:10:00 EDT,42.22322,-75.66852,1543,26.7,26.7,17.7,31.7,0.6,,,,,9.1,14.2,2.2,323,23,9.8,14.8,2.4,331,21,9.1,14.2,2.2,323,23,460,28.65,,0,0,0,39.6,40.8,42.3,0.42,0.45,0.41
BELD,2016-04-05 17:15:00 EDT,42.22322,-75.66852,1543,26.7,26.7,18.4,31.7,0.6,,,,,8.0,14.1,2.3,305,23,8.5,14.8,2.3,313,23,8.0,14.1,2.3,305,23,443,28.65,,0,0,0,39.6,40.8,42.3,0.42,0.46,0.41
BELD,2016-04-05 17:20:00 EDT,42.22322,-75.66852,1543,26.6,26.6,17.5,32.4,0.9,,,,,9.3,14.8,2.2,326,25,10.2,15.9,2.5,332,25,9.3,14.8,2.2,326,25,426,28.65,,0,0,0,39.6,40.8,42.3,0.42,0.45,0.41
BELD,2016-04-05 17:25:00 EDT,42.22322,-75.66852,1543,26.6,26.6,17.6,31.8,0.5,,,,,9.1,15.3,2.3,298,20,9.8,18.6,2.7,304,20,9.1,15.3,2.3,298,20,408,28.65,,0,0,0,39.6,40.8,42.3,0.42,0.46,0.41
BELD,2016-04-05 17:30:00 EDT,42.22322,-75.66852,1543,26.5,26.5,17.4,31.4,0.2,,,,,9.2,14.6,2.4,315,29,10.3,17.7,3.1,322,27,9.2,14.6,2.4,315,29,391,28.65,,0,0,0,39.6,40.8,42.3,0.42,0.45,0.41
BELD,2016-04-05 17:35:00 EDT,42.22322,-75.66852,1543,26.6,26.6,18.6,31.8,0.6,,,,,7.6,12.3,2.2,320,23,8.2,14.8,2.5,328,21,7.6,12.3,2.2,320,23,374,28.65,,0,0,0,39.6,40.8,42.3,0.42,0.45,0.41
BELD,2016-04-05 17:40:00 EDT,42.22322,-75.66852,1543,26.4,26.5,19.1,32.3,0.7,,,,,6.6,12.1,2.4,324,21,7.2,14.3,2.7,331,19,6.6,12.1,2.4,324,21,356,28.65,,0,0,0,39.6,40.8,42.3,0.42,0.45,0.41
BELD,2016-04-05 17:45:00 EDT,42.22322,-75.66852,1543,26.6,26.6,18.7,33.4,1.6,,,,,7.4,13.5,3.3,282,28,8.6,16.1,3.5,289,29,7.4,13.5,3.3,282,28,339,28.65,,0,0,0,39.6,40.8,42.3,0.42,0.45,0.41
BELD,2016-04-05 17:50:00 EDT,42.22322,-75.66852,1543,26.5,26.4,19.0,34.9,2.5,,,,,6.9,12.1,2.1,288,18,7.7,13.9,2.4,293,18,6.9,12.1,2.1,288,18,321,28.65,,0,0,0,39.6,40.8,42.3,0.42,0.45,0.41
BELD,2016-04-05 17:55:00 EDT,42.22322,-75.66852,1543,26.3,26.4,18.1,35.5,2.7,,,,,7.8,14.0,2.6,319,22,8.6,15.9,2.9,327,21,7.8,14.0,2.6,319,22,304,28.66,,0,0,0,39.6,40.8,42.3,0.42,0.45,0.41
BELD,2016-04-05 18:00:00 EDT,42.22322,-75.66852,1543,26.1,26.1,16.9,35.2,2.3,,,,,9.2,14.5,2.2,315,24,9.9,16.8,2.6,323,24,9.2,14.5,2.2,315,24,285,28.66,,0,0,0,39.6,40.8,42.3,0.42,0.45,0.41
BELD,2016-04-05 18:05:00 EDT,42.22322,-75.66852,1543,26.1,26.0,18.6,35.3,2.3,,,,,6.7,13.0,2.5,309,20,7.1,13.0,2.4,314,20,6.7,13.0,2.5,309,20,268,28.66,,0,0,0,39.6,40.8,42.3,0.42,0.45,0.41
BELD,2016-04-05 18:10:00 EDT,42.22322,-75.66852,1543,25.9,25.9,16.7,35.3,2.1,,,,,9.0,13.9,2.1,321,16,9.5,13.6,2.1,330,16,9.0,13.9,2.1,321,16,250,28.65,,0,0,0,39.6,40.8,42.3,0.42,0.45,0.41
BELD,2016-04-05 18:15:00 EDT,42.22322,-75.66852,1543,25.8,25.9,18.9,34.8,1.7,,,,,5.9,11.5,2.2,315,19,6.4,12.8,2.3,321,20,5.9,11.5,2.2,315,19,234,28.65,,0,0,0,39.6,40.8,42.3,0.42,0.45,0.41
BELD,2016-04-05 18:20:00 EDT,42.22322,-75.66852,1543,25.7,25.7,16.1,35.0,1.7,,,,,9.5,14.5,2.2,311,11,9.6,15.7,2.4,318,11,9.5,14.5,2.2,311,11,217,28.65,,0,0,0,39.6,40.8,42.3,0.42,0.45,0.41
BELD,2016-04-05 18:25:00 EDT,42.22322,-75.66852,1543,25.5,25.6,16.7,35.1,1.7,,,,,8.4,13.8,2.2,313,18,8.9,14.3,2.3,321,18,8.4,13.8,2.2,313,18,200,28.66,,0,0,0,39.6,40.8,42.3,0.42,0.45,0.41
BELD,2016-04-05 18:30:00 EDT,42.22322,-75.66852,1543,25.4,25.5,16.9,35.3,1.8,,,,,7.9,12.6,1.6,314,14,8.2,12.8,1.6,321,14,7.9,12.6,1.6,314,14,184,28.66,,0,0,0,39.6,40.8,42.3,0.42,0.45,0.41
BELD,2016-04-05 18:35:00 EDT,42.22322,-75.66852,1543,25.5,25.6,18.1,35.2,1.8,,,,,6.5,10.2,1.7,309,19,7.0,12.5,1.9,316,20,6.5,10.2,1.7,309,19,168,28.66,,0,0,0,39.6,40.8,42.3,0.42,0.45,0.41
BELD,2016-04-05 18:40:00 EDT,42.22322,-75.66852,1543,25.4,25.4,16.3,33.9,0.8,,,,,8.7,16.9,2.1,310,16,9.0,15.2,2.0,317,16,8.7,16.9,2.1,310,16,152,28.66,,0,0,0,39.6,40.8,42.3,0.42,0.45,0.41
BELD,2016-04-05 18:45:00 EDT,42.22322,-75.66852,1543,25.2,25.2,16.2,34.7,1.1,,,,,8.6,12.9,1.9,311,19,9.0,14.5,2.1,318,18,8.6,12.9,1.9,311,19,136,28.66,,0,0,0,39.6,40.8,42.3,0.42,0.45,0.41
BELD,2016-04-05 18:50:00 EDT,42.22322,-75.66852,1543,24.9,25.0,15.7,35.7,1.5,,,,,8.6,14.8,2.7,317,18,8.8,15.0,2.7,324,15,8.6,14.8,2.7,317,18,86,28.66,,0,0,0,39.6,40.8,42.3,0.42,0.45,0.41
BELD,2016-04-05 18:55:00 EDT,42.22322,-75.66852,1543,24.8,24.9,15.9,36.9,2.1,,,,,8.3,15.3,2.5,304,18,8.6,14.8,2.5,310,17,8.3,15.3,2.5,304,18,29,28.66,,0,0,0,39.6,40.8,42.3,0.42,0.45,0.41
BELD,2016-04-05 19:00:00 EDT,42.22322,-75.66852,1543,24.6,24.7,16.9,37.5,2.3,,,,,6.6,13.7,2.2,307,18,6.9,13.2,2.2,312,18,6.6,13.7,2.2,307,18,21,28.66,,0,0,0,39.6,40.8,42.3,0.42,0.45,0.41
BELD,2016-04-05 19:05:00 EDT,42.22322,-75.66852,1543,24.3,24.5,16.8,37.9,2.3,,,,,6.3,12.1,2.2,312,18,6.7,12.5,2.4,320,17,6.3,12.1,2.2,312,18,18,28.66,,0,0,0,39.6,40.8,42.3,0.42,0.45,0.41
BELD,2016-04-05 19:10:00 EDT,42.22322,-75.66852,1543,24.4,24.4,15.5,37.6,2.1,,,,,8.2,11.1,1.6,312,13,8.1,12.3,1.7,318,11,8.2,11.1,1.6,312,13,16,28.65,,0,0,0,39.6,40.8,42.3,0.42,0.45,0.41
BELD,2016-04-05 19:15:00 EDT,42.22322,-75.66852,1543,24.2,24.3,16.0,38.7,2.6,,,,,7.1,11.5,1.8,316,17,7.6,12.3,1.8,323,16,7.1,11.5,1.8,316,17,14,28.65,,0,0,0,39.6,40.8,42.3,0.42,0.45,0.41
BELD,2016-04-05 19:20:00 EDT,42.22322,-75.66852,1543,24.0,24.1,14.5,38.8,2.5,,,,,8.9,14.6,2.4,304,15,9.2,16.1,2.5,310,15,8.9,14.6,2.4,304,15,12,28.65,,0,0,0,39.6,40.8,42.2,0.42,0.45,0.41
BELD,2016-04-05 19:25:00 EDT,42.22322,-75.66852,1543,23.7,23.9,17.4,39.5,2.6,,,,,5.0,9.2,1.4,307,18,5.5,11.0,1.6,312,14,5.0,9.2,1.4,307,18,10,28.65,,0,0,0,39.6,40.8,42.2,0.42,0.45,0.41
BELD,2016-04-05 19:30:00 EDT,42.22322,-75.66852,1543,23.6,23.8,15.8,39.5,2.6,,,,,6.6,11.0,1.5,311,18,6.9,11.0,1.6,316,15,6.6,11.0,1.5,311,18,8,28.65,,0,0,0,39.6,40.8,42.2,0.42,0.45,0.41
BELD,2016-04-05 19:35:00 EDT,42.22322,-75.66852,1543,23.5,23.6,17.3,39.9,2.7,,,,,4.8,7.9,1.1,307,15,5.0,7.6,1.1,313,13,4.8,7.9,1.1,307,15,5,28.66,,0,0,0,39.6,40.8,42.2,0.42,0.45,0.41
BELD,2016-04-05 19:40:00 EDT,42.22322,-75.66852,1543,23.4,23.5,16.1,40.5,2.8,,,,,5.9,8.8,1.2,303,15,6.1,9.8,1.1,311,15,5.9,8.8,1.2,303,15,3,28.65,,0,0,0,39.6,40.8,42.2,0.42,0.45,0.41
BELD,2016-04-05 19:45:00 EDT,42.22322,-75.66852,1543,23.2,23.3,17.7,41.1,3.0,,,,,4.2,7.2,1.2,308,15,4.4,7.4,1.2,314,14,4.2,7.2,1.2,308,15,1,28.65,,0,0,0,39.6,40.8,42.3,0.42,0.45,0.41
BELD,2016-04-05 19:50:00 EDT,42.22322,-75.66852,1543,23.2,23.2,16.6,41.2,3.1,,,,,5.1,8.0,1.2,300,11,5.3,8.5,1.4,306,10,5.1,8.0,1.2,300,11,1,28.66,,0,0,0,39.6,40.8,42.2,0.42,0.45,0.41
BELD,2016-04-05 19:55:00 EDT,42.22322,-75.66852,1543,23.0,23.0,16.3,41.2,2.9,,,,,5.2,8.4,1.3,303,14,5.4,8.9,1.4,309,14,5.2,8.4,1.3,303,14,0,28.66,,0,0,0,39.6,40.8,42.2,0.42,0.46,0.41
BELD,2016-04-05 20:00:00 EDT,42.22322,-75.66852,1543,22.8,22.9,17.6,41.7,2.9,,,,,3.9,6.6,1.2,311,19,4.2,8.9,1.4,319,17,3.9,6.6,1.2,311,19,0,28.66,,0,0,0,39.6,40.8,42.2,0.42,0.46,0.41
BELD,2016-04-05 20:05:00 EDT,42.22322,-75.66852,1543,22.6,22.8,22.6,42.2,3.0,,,,,2.5,3.7,0.6,305,21,2.7,4.7,0.7,310,21,2.5,3.7,0.6,305,21,0,28.66,,0,0,0,39.6,40.8,42.2,0.42,0.46,0.41
BELD,2016-04-05 20:10:00 EDT,42.22322,-75.66852,1543,22.3,22.5,22.3,43.2,3.2,,,,,2.3,5.2,1.1,299,22,2.7,5.8,1.1,304,21,2.3,5.2,1.1,299,22,0,28.66,,0,0,0,39.6,40.8,42.2,0.42,0.46,0.41
BELD,2016-04-05 20:15:00 EDT,42.22322,-75.66852,1543,22.3,22.4,22.3,43.4,3.3,,,,,2.8,5.0,0.9,300,20,3.0,6.7,1.1,304,19,2.8,5.0,0.9,300,20,0,28.66,,0,0,0,39.6,40.8,42.2,0.42,0.46,0.41
BELD,2016-04-05 20:20:00 EDT,42.22322,-75.66852,1543,22.1,22.3,17.7,43.6,3.3,,,,,3.3,5.7,1.0,296,14,3.4,6.5,1.1,301,14,3.3,5.7,1.0,296,14,0,28.66,,0,0,0,39.6,40.8,42.2,0.42,0.46,0.41
BELD,2016-04-05 20:25:00 EDT,42.22322,-75.66852,1543,22.0,22.2,22.0,43.7,3.2,,,,,2.6,4.9,0.8,311,17,2.8,6.7,1.1,318,19,2.6,4.9,0.8,311,17,0,28.66,,0,0,0,39.6,40.8,42.2,0.42,0.46,0.41
BELD,2016-04-05 20:30:00 EDT,42.22322,-75.66852,1543,21.9,22.1,21.9,43.5,3.0,,,,,2.6,4.5,0.8,308,16,2.8,5.4,1.0,314,15,2.6,4.5,0.8,308,16,0,28.66,,0,0,0,39.6,40.8,42.1,0.42,0.46,0.41
BELD,2016-04-05 20:35:00 EDT,42.22322,-75.66852,1543,21.8,22.0,21.8,43.7,3.1,,,,,1.8,3.4,0.8,283,14,2.2,4.3,0.8,288,13,1.8,3.4,0.8,283,14,0,28.66,,0,0,0,39.6,40.8,42.1,0.42,0.46,0.41
BELD,2016-04-05 20:40:00 EDT,42.22322,-75.66852,1543,21.6,21.8,21.6,44.6,3.3,,,,,1.5,2.9,0.5,280,16,1.9,3.1,0.6,285,16,1.5,2.9,0.5,280,16,0,28.66,,0,0,0,39.6,40.8,42.1,0.42,0.46,0.41
BELD,2016-04-05 20:45:00 EDT,42.22322,-75.66852,1543,21.6,21.7,21.6,44.6,3.3,,,,,2.6,3.7,0.5,293,15,2.8,4.5,0.6,299,16,2.6,3.7,0.5,293,15,0,28.66,,0,0,0,39.6,40.8,42.1,0.42,0.46,0.41
BELD,2016-04-05 20:50:00 EDT,42.22322,-75.66852,1543,21.4,21.6,21.4,44.5,3.1,,,,,2.3,3.6,0.7,289,11,2.6,4.3,0.8,296,11,2.3,3.6,0.7,289,11,0,28.66,,0,0,0,39.6,40.8,42.1,0.42,0.46,0.41
BELD,2016-04-05 20:55:00 EDT,42.22322,-75.66852,1543,21.1,21.5,21.1,45.3,3.2,,,,,2.2,3.1,0.5,278,15,2.5,4.0,0.6,286,16,2.2,3.1,0.5,278,15,0,28.67,,0,0,0,39.6,40.8,42.1,0.42,0.46,0.41
BELD,2016-04-05 21:00:00 EDT,42.22322,-75.66852,1543,20.7,21.2,20.7,46.7,3.5,,,,,1.6,2.3,0.4,279,13,1.9,2.9,0.4,283,13,1.6,2.3,0.4,279,13,0,28.67,,0,0,0,39.6,40.8,42.1,0.42,0.46,0.41
BELD,2016-04-05 21:05:00 EDT,42.22322,-75.66852,1543,20.7,21.2,20.7,47.0,3.6,,,,,2.7,4.6,0.6,286,11,3.0,5.1,0.7,293,11,2.7,4.6,0.6,286,11,0,28.67,,0,0,0,39.6,40.8,42.1,0.42,0.46,0.41
BELD,2016-04-05 21:10:00 EDT,42.22322,-75.66852,1543,20.6,21.0,16.0,46.8,3.5,,,,,3.3,4.7,0.8,288,13,3.6,5.4,0.8,293,13,3.3,4.7,0.8,288,13,0,28.67,,0,0,0,39.6,40.8,42.1,0.42,0.46,0.41
BELD,2016-04-05 21:15:00 EDT,42.22322,-75.66852,1543,20.5,21.0,15.4,47.1,3.5,,,,,3.5,5.8,0.9,285,11,3.9,7.8,1.1,291,10,3.5,5.8,0.9,285,11,0,28.67,,0,0,0,39.6,40.8,42.1,0.42,0.46,0.41
BELD,2016-04-05 21:20:00 EDT,42.22322,-75.66852,1543,20.6,21.0,15.1,46.9,3.5,,,,,3.9,6.0,0.8,283,10,4.3,6.7,1.0,289,9,3.9,6.0,0.8,283,10,0,28.67,,0,0,0,39.6,40.8,42.1,0.42,0.46,0.41
BELD,2016-04-05 21:25:00 EDT,42.22322,-75.66852,1543,20.5,21.0,15.0,47.2,3.6,,,,,3.8,5.3,0.6,282,11,4.3,6.7,0.8,287,11,3.8,5.3,0.6,282,11,0,28.67,,0,0,0,39.6,40.8,42.1,0.42,0.46,0.41
BELD,2016-04-05 21:30:00 EDT,42.22322,-75.66852,1543,20.7,20.9,15.2,46.5,3.4,,,,,3.9,5.3,0.6,284,12,4.2,6.3,0.8,291,12,3.9,5.3,0.6,284,12,0,28.67,,0,0,0,39.6,40.7,42.1,0.42,0.46,0.41
BELD,2016-04-05 21:35:00 EDT,42.22322,-75.66852,1543,20.3,20.7,15.9,46.9,3.2,,,,,3.1,4.2,0.5,282,13,3.4,5.1,0.7,287,12,3.1,4.2,0.5,282,13,0,28.67,,0,0,0,39.6,40.7,42.1,0.42,0.46,0.41
BELD,2016-04-05 21:40:00 EDT,42.22322,-75.66852,1543,20.2,20.7,15.8,47.9,3.5,,,,,3.1,5.1,1.0,281,11,3.4,6.0,1.1,288,11,3.1,5.1,1.0,281,11,0,28.67,,0,0,0,39.6,40.7,42.1,0.42,0.46,0.41
BELD,2016-04-05 21:45:00 EDT,42.22322,-75.66852,1543,19.9,20.5,19.9,49.6,4.1,,,,,2.5,4.3,0.8,273,12,2.9,5.6,0.9,279,12,2.5,4.3,0.8,273,12,0,28.67,,0,0,0,39.6,40.7,42.1,0.42,0.46,0.41
BELD,2016-04-05 21:50:00 EDT,42.22322,-75.66852,1543,19.6,20.4,19.6,50.5,4.2,,,,,2.4,4.2,0.7,277,14,2.7,4.9,0.8,281,13,2.4,4.2,0.7,277,14,0,28.67,,0,0,0,39.6,40.7,42.1,0.42,0.46,0.41
BELD,2016-04-05 21:55:00 EDT,42.22322,-75.66852,1543,19.7,20.3,19.7,49.7,3.9,,,,,2.3,3.4,0.4,282,16,2.6,3.8,0.5,286,16,2.3,3.4,0.4,282,16,0,28.67,,0,0,0,39.6,40.7,42.1,0.42,0.46,0.41
BELD,2016-04-05 22:00:00 EDT,42.22322,-75.66852,1543,20.0,20.4,20.0,48.9,3.8,,,,,2.6,4.0,0.6,296,12,2.7,4.7,0.7,301,11,2.6,4.0,0.6,296,12,0,28.67,,0,0,0,39.6,40.7,42.1,0.42,0.46,0.41
BELD,2016-04-05 22:05:00 EDT,42.22322,-75.66852,1543,20.1,20.4,20.1,47.7,3.4,,,,,1.7,3.6,0.6,297,16,1.8,3.6,0.5,301,16,1.7,3.6,0.6,297,16,0,28.67,,0,0,0,39.6,40.7,42.1,0.42,0.46,0.41
BELD,2016-04-05 22:10:00 EDT,42.22322,-75.66852,1543,19.9,20.3,19.9,48.0,3.4,,,,,1.6,4.1,0.7,287,21,2.0,4.9,0.7,289,20,1.6,4.1,0.7,287,21,0,28.67,,0,0,0,39.5,40.7,42.1,0.42,0.46,0.41
BELD,2016-04-05 22:15:00 EDT,42.22322,-75.66852,1543,19.0,20.2,19.0,50.7,3.7,,,,,0.8,2.8,0.5,286,20,1.3,3.1,0.5,286,22,0.8,2.8,0.5,286,20,0,28.67,,0,0,0,39.5,40.7,42.1,0.42,0.46,0.41
BELD,2016-04-05 22:20:00 EDT,42.22322,-75.66852,1543,18.8,20.2,18.8,51.7,3.9,,,,,0.5,1.5,0.4,262,16,1.1,2.2,0.3,252,23,0.5,1.5,0.4,262,16,0,28.67,,0,0,0,39.5,40.6,42.1,0.42,0.46,0.41
BELD,2016-04-05 22:25:00 EDT,42.22322,-75.66852,1543,18.9,20.0,18.9,52.1,4.2,,,,,0.1,0.7,0.2,217,0,0.6,1.1,0.3,225,36,0.1,0.7,0.2,217,0,0,28.67,,0,0,0,39.5,40.7,42.1,0.42,0.46,0.41
BELD,2016-04-05 22:30:00 EDT,42.22322,-75.66852,1543,18.3,18.7,18.3,52.8,3.9,,,,,0.7,1.8,0.7,101,8,1.2,2.2,0.5,108,18,0.7,1.8,0.7,101,8,0,28.67,,0,0,0,39.5,40.7,42.1,0.42,0.46,0.41
BELD,2016-04-05 22:35:00 EDT,42.22322,-75.66852,1543,17.7,18.1,17.7,54.9,4.2,,,,,0.1,0.6,0.2,115,4,0.7,1.3,0.2,98,32,0.1,0.6,0.2,115,4,0,28.67,,0,0,0,39.5,40.6,42.1,0.42,0.46,0.41
BELD,2016-04-05 22:40:00 EDT,42.22322,-75.66852,1543,18.0,18.3,18.0,55.3,4.7,,,,,0.3,1.2,0.4,341,3,0.9,2.0,0.5,346,17,0.3,1.2,0.4,341,3,0,28.67,,0,0,0,39.4,40.6,42.1,0.42,0.46,0.41
BELD,2016-04-05 22:45:00 EDT,42.22322,-75.66852,1543,18.2,18.5,18.2,54.3,4.4,,,,,0.1,0.5,0.1,336,4,0.4,1.1,0.2,292,38,0.1,0.5,0.1,336,4,0,28.67,,0,0,0,39.4,40.7,42.1,0.42,0.46,0.41
BELD,2016-04-05 22:50:00 EDT,42.22322,-75.66852,1543,17.7,18.2,17.7,53.8,3.8,,,,,1.0,1.5,0.4,285,6,1.5,2.0,0.3,289,8,1.0,1.5,0.4,285,6,0,28.67,,0,0,0,39.4,40.6,42.1,0.42,0.46,0.41
BELD,2016-04-05 22:55:00 EDT,42.22322,-75.66852,1543,17.7,18.7,17.7,52.5,3.2,,,,,0.7,1.1,0.2,273,18,1.2,1.6,0.2,279,19,0.7,1.1,0.2,273,18,0,28.67,,0,0,0,39.4,40.6,42.1,0.42,0.46,0.41
BELD,2016-04-05 23:00:00 EDT,42.22322,-75.66852,1543,17.5,18.8,17.5,51.3,2.6,,,,,1.1,1.6,0.2,258,11,1.5,2.0,0.2,264,14,1.1,1.6,0.2,258,11,0,28.66,,0,0,0,39.4,40.6,42.1,0.42,0.46,0.41
BELD,2016-04-05 23:05:00 EDT,42.22322,-75.66852,1543,17.6,18.7,17.6,50.8,2.5,,,,,1.9,2.3,0.3,238,9,2.0,2.9,0.4,243,10,1.9,2.3,0.3,238,9,0,28.66,,0,0,0,39.4,40.6,42.1,0.42,0.46,0.41
BELD,2016-04-05 23:10:00 EDT,42.22322,-75.66852,1543,18.0,19.0,18.0,50.8,2.8,,,,,1.8,2.5,0.2,229,5,1.9,2.9,0.3,234,6,1.8,2.5,0.2,229,5,0,28.66,,0,0,0,39.4,40.6,42.1,0.42,0.46,0.41
BELD,2016-04-05 23:15:00 EDT,42.22322,-75.66852,1543,18.0,18.9,18.0,50.7,2.8,,,,,2.0,2.5,0.2,244,7,2.3,2.9,0.4,250,7,2.0,2.5,0.2,244,7,0,28.66,,0,0,0,39.4,40.6,42.1,0.42,0.46,0.41
BELD,2016-04-05 23:20:00 EDT,42.22322,-75.66852,1543,17.7,18.9,17.7,51.1,2.7,,,,,1.8,2.3,0.3,249,6,2.2,2.7,0.3,254,7,1.8,2.3,0.3,249,6,0,28.66,,0,0,0,39.4,40.6,42.1,0.42,0.46,0.41
BELD,2016-04-05 23:25:00 EDT,42.22322,-75.66852,1543,17.8,18.9,17.8,51.3,2.8,,,,,2.2,2.8,0.3,246,7,2.6,3.4,0.3,251,9,2.2,2.8,0.3,246,7,0,28.66,,0,0,0,39.4,40.6,42.1,0.42,0.46,0.41
BELD,2016-04-05 23:30:00 EDT,42.22322,-75.66852,1543,17.8,19.0,17.8,51.8,3.1,,,,,2.2,2.5,0.1,240,6,2.3,3.1,0.3,244,8,2.2,2.5,0.1,240,6,0,28.66,,0,0,0,39.4,40.6,42.1,0.42,0.46,0.41
BELD,2016-04-05 23:35:00 EDT,42.22322,-75.66852,1543,18.1,19.2,18.1,51.5,3.2,,,,,1.8,2.4,0.2,247,7,2.1,2.9,0.3,252,8,1.8,2.4,0.2,247,7,0,28.66,,0,0,0,39.4,40.6,42.1,0.42,0.46,0.41
BELD,2016-04-05 23:40:00 EDT,42.22322,-75.66852,1543,17.7,19.1,17.7,50.8,2.6,,,,,2.0,2.5,0.2,246,5,2.3,2.9,0.3,250,8,2.0,2.5,0.2,246,5,0,28.65,,0,0,0,39.4,40.6,42.1,0.42,0.46,0.41
BELD,2016-04-05 23:45:00 EDT,42.22322,-75.66852,1543,17.6,18.9,17.6,51.8,2.9,,,,,0.9,2.1,0.7,230,4,1.2,2.5,0.6,242,14,0.9,2.1,0.7,230,4,0,28.65,,0,0,0,39.4,40.6,42.1,0.42,0.46,0.41
BELD,2016-04-05 23:50:00 EDT,42.22322,-75.66852,1543,18.6,19.2,18.6,50.6,3.3,,,,,0.2,0.9,0.3,277,6,0.8,1.6,0.4,276,22,0.2,0.9,0.3,277,6,0,28.65,,0,0,0,39.4,40.6,42.1,0.42,0.46,0.41
BELD,2016-04-05 23:55:00 EDT,42.22322,-75.66852,1543,17.6,19.1,17.6,50.9,2.5,,,,,1.5,2.1,0.4,307,9,1.7,2.7,0.4,311,7,1.5,2.1,0.4,307,9,0,28.65,,0,0,0,39.4,40.6,42.1,0.42,0.46,0.41
BERK,2016-04-05 00:00:00 EDT,42.32030,-76.20319,1291,19.0,19.3,10.3,59.4,7.2,,,,,6.5,10.0,1.3,325,12,6.9,10.5,1.4,324,10,6.5,10.0,1.3,325,12,0,28.73,,0,0,0,38.7,40.5,41.5,0.39,0.34,0.41
BERK,2016-04-05 00:05:00 EDT,42.32030,-76.20319,1291,18.8,19.2,10.2,58.9,6.8,,,,,6.3,9.8,1.3,329,14,6.8,11.0,1.4,330,13,6.3,9.8,1.3,329,14,0,28.74,,0,0,0,38.7,40.5,41.5,0.39,0.34,0.41
BERK,2016-04-05 00:10:00 EDT,42.32030,-76.20319,1291,19.0,19.3,10.0,58.2,6.7,,,,,6.8,10.6,1.3,323,8,7.2,11.2,1.3,323,9,6.8,10.6,1.3,323,8,0,28.74,,0,0,0,38.7,40.4,41.5,0.39,0.34,0.41
BERK,2016-04-05 00:15:00 EDT,42.32030,-76.20319,1291,18.6,19.0,11.3,58.1,6.3,,,,,5.1,7.1,1.0,322,10,5.4,7.2,1.0,323,9,5.1,7.1,1.0,322,10,0,28.74,,0,0,0,38.7,40.4,41.5,0.39,0.34,0.41
BERK,2016-04-05 00:20:00 EDT,42.32030,-76.20319,1291,18.3,18.8,10.9,59.2,6.4,,,,,5.1,8.0,1.1,319,8,5.3,8.3,1.1,320,8,5.1,8.0,1.1,319,8,0,28.74,,0,0,0,38.7,40.4,41.5,0.39,0.34,0.41
BERK,2016-04-05 00:25:00 EDT,42.32030,-76.20319,1291,18.2,18.8,10.6,58.8,6.2,,,,,5.2,8.3,1.1,319,13,5.6,8.9,1.2,320,13,5.2,8.3,1.1,319,13,0,28.74,,0,0,0,38.7,40.4,41.5,0.39,0.34,0.41
BERK,2016-04-05 00:30:00 EDT,42.32030,-76.20319,1291,17.9,18.7,9.9,58.9,6.0,,,,,5.5,8.3,0.9,316,10,5.9,8.9,0.9,316,9,5.5,8.3,0.9,316,10,0,28.74,,0,0,0,38.7,40.4,41.5,0.39,0.34,0.41
BERK,2016-04-05 00:35:00 EDT,42.32030,-76.20319,1291,17.4,18.2,9.6,58.9,5.4,,,,,5.2,7.2,0.7,312,7,5.5,7.8,0.8,313,7,5.2,7.2,0.7,312,7,0,28.74,,0,0,0,38.7,40.4,41.5,0.39,0.34,0.40
BERK,2016-04-05 00:40:00 EDT,42.32030,-76.20319,1291,16.6,18.2,8.4,62.3,5.9,,,,,5.5,7.9,0.8,317,8,5.8,8.7,0.9,317,8,5.5,7.9,0.8,317,8,0,28.74,,0,0,0,38.7,40.4,41.5,0.39,0.34,0.40
BERK,2016-04-05 00:45:00 EDT,42.32030,-76.20319,1291,16.6,17.8,9.7,61.7,5.7,,,,,4.4,6.2,0.8,323,19,4.7,7.4,0.8,324,13,4.4,6.2,0.8,323,19,0,28.74,,0,0,0,38.7,40.4,41.5,0.39,0.34,0.40
BERK,2016-04-05 00:50:00 EDT,42.32030,-76.20319,1291,16.7,17.8,8.5,61.6,5.8,,,,,5.5,7.4,0.9,320,9,5.8,7.8,0.9,320,9,5.5,7.4,0.9,320,9,0,28.75,,0,0,0,38.7,40.3,41.5,0.39,0.34,0.40
BERK,2016-04-05 00:55:00 EDT,42.32030,-76.20319,1291,16.5,17.9,8.0,61.7,5.6,,,,,5.7,7.8,0.7,318,6,5.9,8.1,0.8,318,6,5.7,7.8,0.7,318,6,0,28.75,,0,0,0,38.7,40.3,41.5,0.39,0.34,0.40
BERK,2016-04-05 01:00:00 EDT,42.32030,-76.20319,1291,15.9,17.5,7.5,62.1,5.2,,,,,5.6,7.2,0.7,314,7,5.8,7.4,0.7,315,6,5.6,7.2,0.7,314,7,0,28.75,,0,0,0,38.7,40.3,41.5,0.39,0.34,0.40
BERK,2016-04-05 01:05:00 EDT,42.32030,-76.20319,1291,14.8,17.0,6.2,64.6,5.1,,,,,5.6,6.9,0.5,316,5,6.0,7.6,0.6,317,4,5.6,6.9,0.5,316,5,0,28.75,,0,0,0,38.7,40.4,41.5,0.39,0.34,0.40
BERK,2016-04-05 01:10:00 EDT,42.32030,-76.20319,1291,15.1,17.2,7.0,64.9,5.5,,,,,5.3,6.0,0.4,315,5,5.6,6.9,0.5,315,4,5.3,6.0,0.4,315,5,0,28.75,,0,0,0,38.7,40.3,41.5,0.39,0.34,0.40
BERK,2016-04-05 01:15:00 EDT,42.32030,-76.20319,1291,14.2,16.8,5.9,65.6,4.8,,,,,5.3,6.9,0.8,319,6,5.6,7.6,0.7,318,5,5.3,6.9,0.8,319,6,0,28.75,,0,0,0,38.7,40.3,41.5,0.39,0.34,0.40
BERK,2016-04-05 01:20:00 EDT,42.32030,-76.20319,1291,14.3,16.7,5.9,66.3,5.1,,,,,5.3,7.5,0.9,320,8,5.5,8.3,1.1,320,8,5.3,7.5,0.9,320,8,0,28.75,,0,0,0,38.7,40.3,41.5,0.39,0.34,0.40
BERK,2016-04-05 01:25:00 EDT,42.32030,-76.20319,1291,14.3,16.9,5.6,66.2,5.0,,,,,5.6,7.2,0.6,320,7,5.7,7.6,0.7,320,7,5.6,7.2,0.6,320,7,0,28.75,,0,0,0,38.7,40.3,41.5,0.39,0.34,0.40
BERK,2016-04-05 01:30:00 EDT,42.32030,-76.20319,1291,13.8,16.6,4.4,66.2,4.6,,,,,6.2,7.3,0.4,313,4,6.5,8.3,0.5,314,4,6.2,7.3,0.4,313,4,0,28.75,,0,0,0,38.7,40.3,41.5,0.39,0.34,0.40
BERK,2016-04-05 01:35:00 EDT,42.32030,-76.20319,1291,14.5,17.0,4.9,66.1,5.3,,,,,6.5,8.9,0.9,318,9,7.0,10.5,1.1,319,9,6.5,8.9,0.9,318,9,0,28.75,,0,0,0,38.7,40.3,41.5,0.39,0.34,0.40
BERK,2016-04-05 01:40:00 EDT,42.32030,-76.20319,1291,14.2,16.8,5.4,63.6,4.2,,,,,5.7,7.1,0.7,316,9,5.9,8.1,0.8,316,9,5.7,7.1,0.7,316,9,0,28.75,,0,0,0,38.7,40.3,41.5,0.39,0.34,0.40
BERK,2016-04-05 01:45:00 EDT,42.32030,-76.20319,1291,13.6,16.2,5.1,65.5,4.1,,,,,5.3,7.1,0.9,318,8,5.6,7.8,0.9,318,8,5.3,7.1,0.9,318,8,0,28.75,,0,0,0,38.7,40.3,41.5,0.39,0.34,0.40
BERK,2016-04-05 01:50:00 EDT,42.32030,-76.20319,1291,13.2,16.2,3.8,67.4,4.4,,,,,6.1,8.6,0.9,311,9,6.4,9.2,1.1,311,8,6.1,8.6,0.9,311,9,0,28.75,,0,0,0,38.7,40.3,41.5,0.39,0.34,0.40
BERK,2016-04-05 01:55:00 EDT,42.32030,-76.20319,1291,12.7,15.9,3.4,66.2,3.5,,,,,5.8,7.4,0.6,310,8,6.0,8.3,0.7,310,7,5.8,7.4,0.6,310,8,0,28.75,,0,0,0,38.7,40.3,41.5,0.39,0.34,0.40
BERK,2016-04-05 02:00:00 EDT,42.32030,-76.20319,1291,12.5,16.0,3.4,68.2,4.0,,,,,5.7,7.2,0.5,309,5,5.8,7.2,0.5,309,6,5.7,7.2,0.5,309,5,0,28.75,,0,0,0,38.7,40.3,41.5,0.39,0.34,0.40
BERK,2016-04-05 02:05:00 EDT,42.32030,-76.20319,1291,12.8,15.6,4.8,67.8,4.2,,,,,4.8,6.0,0.3,313,7,5.1,6.3,0.5,313,7,4.8,6.0,0.3,313,7,0,28.75,,0,0,0,38.7,40.3,41.5,0.39,0.34,0.40
BERK,2016-04-05 02:10:00 EDT,42.32030,-76.20319,1291,12.9,15.6,5.9,67.4,4.1,,,,,4.1,5.3,0.6,319,11,4.2,6.0,0.7,319,11,4.1,5.3,0.6,319,11,0,28.76,,0,0,0,38.7,40.3,41.5,0.39,0.34,0.40
BERK,2016-04-05 02:15:00 EDT,42.32030,-76.20319,1291,12.9,16.0,4.6,66.3,3.8,,,,,5.0,6.4,0.5,314,8,5.3,6.9,0.6,314,8,5.0,6.4,0.5,314,8,0,28.75,,0,0,0,38.7,40.3,41.5,0.39,0.34,0.40
BERK,2016-04-05 02:20:00 EDT,42.32030,-76.20319,1291,11.8,15.8,3.0,68.8,3.6,,,,,5.3,6.1,0.4,308,5,5.5,6.7,0.5,310,5,5.3,6.1,0.4,308,5,0,28.76,,0,0,0,38.7,40.3,41.5,0.39,0.34,0.40
BERK,2016-04-05 02:25:00 EDT,42.32030,-76.20319,1291,10.9,14.7,1.7,71.2,3.4,,,,,5.4,6.9,0.6,310,5,5.6,7.8,0.7,311,6,5.4,6.9,0.6,310,5,0,28.76,,0,0,0,38.7,40.3,41.5,0.39,0.34,0.40
BERK,2016-04-05 02:30:00 EDT,42.32030,-76.20319,1291,11.0,15.5,1.0,71.5,3.5,,,,,6.1,7.2,0.7,311,7,6.4,8.3,0.9,312,7,6.1,7.2,0.7,311,7,0,28.76,,0,0,0,38.7,40.3,41.5,0.39,0.34,0.40
BERK,2016-04-05 02:35:00 EDT,42.32030,-76.20319,1291,11.1,15.4,0.8,71.3,3.6,,,,,6.5,7.5,0.5,311,5,6.7,8.5,0.6,312,5,6.5,7.5,0.5,311,5,0,28.76,,0,0,0,38.7,40.3,41.5,0.39,0.34,0.40
BERK,2016-04-05 02:40:00 EDT,42.32030,-76.20319,1291,11.0,14.2,0.5,71.5,3.6,,,,,6.8,8.4,0.8,312,4,7.0,8.5,0.8,313,4,6.8,8.4,0.8,312,4,0,28.76,,0,0,0,38.7,40.3,41.5,0.39,0.34,0.40
BERK,2016-04-05 02:45:00 EDT,42.32030,-76.20319,1291,11.4,14.7,0.4,69.1,3.2,,,,,7.3,8.5,0.5,310,4,7.5,8.9,0.6,311,5,7.3,8.5,0.5,310,4,0,28.76,,0,0,0,38.7,40.3,41.5,0.39,0.34,0.40
BERK,2016-04-05 02:50:00 EDT,42.32030,-76.20319,1291,12.0,15.1,1.8,69.3,3.9,,,,,6.6,8.0,0.6,314,5,6.9,8.9,0.6,315,5,6.6,8.0,0.6,314,5,0,28.76,,0,0,0,38.7,40.3,41.5,0.39,0.34,0.40
BERK,2016-04-05 02:55:00 EDT,42.32030,-76.20319,1291,12.3,15.7,2.8,67.2,3.5,,,,,6.0,7.2,0.5,316,6,6.2,7.6,0.6,316,5,6.0,7.2,0.5,316,6,0,28.76,,0,0,0,38.7,40.3,41.5,0.39,0.34,0.39
BERK,2016-04-05 03:00:00 EDT,42.32030,-76.20319,1291,12.7,15.7,3.4,65.1,3.2,,,,,5.8,7.6,0.6,313,9,6.1,7.6,0.6,313,8,5.8,7.6,0.6,313,9,0,28.76,,0,0,0,38.7,40.3,41.5,0.39,0.34,0.39
BERK,2016-04-05 03:05:00 EDT,42.32030,-76.20319,1291,12.2,15.8,2.4,65.1,2.7,,,,,6.2,7.5,0.6,314,7,6.4,8.1,0.8,314,5,6.2,7.5,0.6,314,7,0,28.77,,0,0,0,38.7,40.3,41.5,0.39,0.34,0.39
BERK,2016-04-05 03:10:00 EDT,42.32030,-76.20319,1291,11.9,15.1,2.5,66.7,3.0,,,,,5.9,8.0,0.8,317,6,6.1,9.4,1.0,318,5,5.9,8.0,0.8,317,6,0,28.77,,0,0,0,38.7,40.3,41.5,0.39,0.34,0.39
BERK,2016-04-05 03:15:00 EDT,42.32030,-76.20319,1291,11.2,15.2,0.7,66.7,2.3,,,,,6.7,8.0,0.6,317,7,7.0,8.7,0.7,317,5,6.7,8.0,0.6,317,7,0,28.77,,0,0,0,38.7,40.3,41.5,0.39,0.34,0.39
BERK,2016-04-05 03:20:00 EDT,42.32030,-76.20319,1291,11.6,15.3,0.8,66.7,2.6,,,,,7.1,8.2,0.5,314,4,7.4,9.4,0.6,315,4,7.1,8.2,0.5,314,4,0,28.77,,0,0,0,38.7,40.3,41.5,0.39,0.34,0.39
BERK,2016-04-05 03:25:00 EDT,42.32030,-76.20319,1291,12.8,15.8,2.2,64.3,3.0,,,,,7.2,9.0,0.8,317,5,7.5,11.0,1.0,318,4,7.2,9.0,0.8,317,5,0,28.77,,0,0,0,38.7,40.3,41.4,0.39,0.34,0.39
BERK,2016-04-05 03:30:00 EDT,42.32030,-76.20319,1291,12.6,15.4,2.5,62.3,2.1,,,,,6.5,8.2,0.6,316,7,6.9,8.7,0.7,317,7,6.5,8.2,0.6,316,7,0,28.77,,0,0,0,38.7,40.3,41.4,0.39,0.34,0.39
BERK,2016-04-05 03:35:00 EDT,42.32030,-76.20319,1291,12.6,15.4,2.7,63.3,2.5,,,,,6.4,8.8,0.7,316,8,6.7,9.2,0.8,318,8,6.4,8.8,0.7,316,8,0,28.78,,0,0,0,38.7,40.3,41.4,0.39,0.34,0.39
BERK,2016-04-05 03:40:00 EDT,42.32030,-76.20319,1291,12.4,14.9,3.4,62.7,2.0,,,,,5.5,6.5,0.7,313,7,5.7,7.2,0.9,314,7,5.5,6.5,0.7,313,7,0,28.78,,0,0,0,38.7,40.3,41.4,0.39,0.34,0.39
BERK,2016-04-05 03:45:00 EDT,42.32030,-76.20319,1291,12.2,15.6,3.1,64.8,2.6,,,,,5.6,8.2,0.8,316,7,5.9,8.5,0.9,317,7,5.6,8.2,0.8,316,7,0,28.78,,0,0,0,38.7,40.3,41.4,0.39,0.34,0.39
BERK,2016-04-05 03:50:00 EDT,42.32030,-76.20319,1291,11.6,15.3,2.9,64.2,1.9,,,,,5.2,6.1,0.4,313,7,5.4,6.7,0.5,314,6,5.2,6.1,0.4,313,7,0,28.79,,0,0,0,38.7,40.3,41.4,0.39,0.34,0.39
BERK,2016-04-05 03:55:00 EDT,42.32030,-76.20319,1291,11.4,15.4,2.8,65.1,2.0,,,,,5.1,6.0,0.4,310,6,5.3,7.2,0.5,311,7,5.1,6.0,0.4,310,6,0,28.79,,0,0,0,38.6,40.3,41.4,0.39,0.34,0.39
BERK,2016-04-05 04:00:00 EDT,42.32030,-76.20319,1291,10.6,14.7,2.2,67.8,2.0,,,,,4.8,5.8,0.4,310,6,5.1,6.3,0.5,310,6,4.8,5.8,0.4,310,6,0,28.79,,0,0,0,38.6,40.3,41.4,0.39,0.34,0.38
BERK,2016-04-05 04:05:00 EDT,42.32030,-76.20319,1291,10.3,14.4,2.0,68.3,1.9,,,,,4.7,7.4,0.6,322,7,5.0,8.1,0.8,322,8,4.7,7.4,0.6,322,7,0,28.79,,0,0,0,38.6,40.3,41.4,0.39,0.34,0.38
BERK,2016-04-05 04:10:00 EDT,42.32030,-76.20319,1291,10.7,14.4,2.5,68.2,2.3,,,,,4.7,5.6,0.4,320,8,4.8,6.0,0.5,320,7,4.7,5.6,0.4,320,8,0,28.80,,0,0,0,38.6,40.3,41.4,0.39,0.34,0.38
BERK,2016-04-05 04:15:00 EDT,42.32030,-76.20319,1291,11.1,13.8,3.5,66.4,2.1,,,,,4.2,6.1,0.5,317,7,4.4,7.4,0.8,317,7,4.2,6.1,0.5,317,7,0,28.80,,0,0,0,38.6,40.3,41.4,0.39,0.34,0.38
BERK,2016-04-05 04:20:00 EDT,42.32030,-76.20319,1291,10.4,13.1,3.3,66.6,1.5,,,,,3.9,5.0,0.5,317,7,4.0,5.1,0.6,317,7,3.9,5.0,0.5,317,7,0,28.80,,0,0,0,38.7,40.3,41.4,0.39,0.34,0.38
BERK,2016-04-05 04:25:00 EDT,42.32030,-76.20319,1291,9.7,13.2,2.2,67.9,1.2,,,,,4.1,5.0,0.4,316,6,4.2,5.4,0.5,317,6,4.1,5.0,0.4,316,6,0,28.80,,0,0,0,38.6,40.3,41.4,0.39,0.34,0.38
BERK,2016-04-05 04:30:00 EDT,42.32030,-76.20319,1291,9.5,13.6,2.1,69.0,1.4,,,,,4.0,4.7,0.3,322,6,4.1,5.1,0.5,321,6,4.0,4.7,0.3,322,6,0,28.80,,0,0,0,38.6,40.3,41.4,0.39,0.34,0.38
BERK,2016-04-05 04:35:00 EDT,42.32030,-76.20319,1291,9.7,13.4,1.8,68.2,1.3,,,,,4.4,5.9,0.5,318,4,4.7,6.3,0.5,318,3,4.4,5.9,0.5,318,4,0,28.80,,0,0,0,38.6,40.3,41.4,0.39,0.34,0.38
BERK,2016-04-05 04:40:00 EDT,42.32030,-76.20319,1291,8.7,13.6,-0.0,69.6,0.8,,,,,4.8,5.3,0.3,318,5,5.1,6.5,0.4,318,5,4.8,5.3,0.3,318,5,0,28.80,,0,0,0,38.7,40.3,41.4,0.39,0.34,0.38
BERK,2016-04-05 04:45:00 EDT,42.32030,-76.20319,1291,8.2,13.4,-1.3,71.5,0.9,,,,,5.3,6.1,0.5,317,4,5.6,6.5,0.5,318,3,5.3,6.1,0.5,317,4,0,28.81,,0,0,0,38.6,40.3,41.4,0.39,0.34,0.38
BERK,2016-04-05 04:50:00 EDT,42.32030,-76.20319,1291,8.2,13.9,-0.7,71.9,1.0,,,,,4.9,5.5,0.3,316,4,5.2,6.0,0.3,317,3,4.9,5.5,0.3,316,4,0,28.81,,0,0,0,38.6,40.3,41.4,0.39,0.34,0.38
BERK,2016-04-05 04:55:00 EDT,42.32030,-76.20319,1291,9.0,13.9,0.7,71.0,1.5,,,,,4.5,5.1,0.3,316,5,4.7,5.6,0.4,317,4,4.5,5.1,0.3,316,5,0,28.81,,0,0,0,38.6,40.3,41.4,0.39,0.34,0.38
BERK,2016-04-05 05:00:00 EDT,42.32030,-76.20319,1291,8.5,13.8,0.9,70.2,0.8,,,,,4.1,4.7,0.5,322,5,4.3,5.1,0.5,322,5,4.1,4.7,0.5,322,5,0,28.81,,0,0,0,38.6,40.3,41.4,0.39,0.34,0.38
BERK,2016-04-05 05:05:00 EDT,42.32030,-76.20319,1291,8.3,13.5,1.3,71.6,1.0,,,,,3.6,5.1,0.5,323,10,3.8,5.4,0.6,323,10,3.6,5.1,0.5,323,10,0,28.82,,0,0,0,38.6,40.3,41.4,0.39,0.34,0.38
BERK,2016-04-05 05:10:00 EDT,42.32030,-76.20319,1291,8.0,12.8,8.0,71.6,0.7,,,,,2.5,3.5,0.4,342,16,2.8,3.8,0.5,344,15,2.5,3.5,0.4,342,16,0,28.82,,0,0,0,38.6,40.3,41.4,0.39,0.34,0.38
BERK,2016-04-05 05:15:00 EDT,42.32030,-76.20319,1291,8.4,12.9,8.4,72.5,1.4,,,,,2.1,3.1,0.4,339,12,2.6,3.6,0.4,339,14,2.1,3.1,0.4,339,12,0,28.82,,0,0,0,38.6,40.3,41.4,0.39,0.34,0.38
BERK,2016-04-05 05:20:00 EDT,42.32030,-76.20319,1291,8.5,12.6,8.5,71.9,1.3,,,,,2.0,3.4,0.6,341,14,2.5,3.8,0.4,344,16,2.0,3.4,0.6,341,14,0,28.82,,0,0,0,38.6,40.3,41.4,0.39,0.34,0.38
BERK,2016-04-05 05:25:00 EDT,42.32030,-76.20319,1291,7.7,12.2,7.7,73.2,0.9,,,,,1.8,2.8,0.6,353,38,2.1,3.1,0.6,353,21,1.8,2.8,0.6,353,38,0,28.83,,0,0,0,38.6,40.3,41.4,0.39,0.34,0.38
BERK,2016-04-05 05:30:00 EDT,42.32030,-76.20319,1291,8.6,12.8,8.6,73.2,1.7,,,,,1.6,2.4,0.4,341,10,2.1,3.1,0.4,347,13,1.6,2.4,0.4,341,10,0,28.83,,0,0,0,38.6,40.3,41.4,0.39,0.34,0.38
BERK,2016-04-05 05:35:00 EDT,42.32030,-76.20319,1291,8.2,12.8,8.2,71.9,1.0,,,,,0.9,2.4,0.6,342,5,1.5,2.9,0.5,358,15,0.9,2.4,0.6,342,5,0,28.83,,0,0,0,38.6,40.3,41.4,0.39,0.34,0.38
BERK,2016-04-05 05:40:00 EDT,42.32030,-76.20319,1291,8.2,12.9,8.2,73.4,1.5,,,,,0.9,1.7,0.3,345,5,1.5,2.7,0.4,357,14,0.9,1.7,0.3,345,5,0,28.83,,0,0,0,38.6,40.3,41.4,0.39,0.34,0.38
BERK,2016-04-05 05:45:00 EDT,42.32030,-76.20319,1291,7.0,12.5,7.0,73.2,0.3,,,,,1.4,2.0,0.3,347,5,2.1,2.9,0.3,353,8,1.4,2.0,0.3,347,5,0,28.84,,0,0,0,38.5,40.3,41.4,0.39,0.34,0.38
BERK,2016-04-05 05:50:00 EDT,42.32030,-76.20319,1291,6.9,11.8,6.9,73.9,0.3,,,,,1.0,2.3,0.4,354,6,1.5,2.7,0.4,3,14,1.0,2.3,0.4,354,6,0,28.84,,0,0,0,38.6,40.3,41.4,0.39,0.34,0.38
BERK,2016-04-05 05:55:00 EDT,42.32030,-76.20319,1291,6.8,12.0,6.8,74.5,0.4,,,,,0.6,1.1,0.3,0,0,1.1,1.8,0.3,7,7,0.6,1.1,0.3,0,0,0,28.84,,0,0,0,38.6,40.3,41.4,0.39,0.34,0.38
BERK,2016-04-05 06:00:00 EDT,42.32030,-76.20319,1291,6.2,11.6,6.2,76.1,0.3,,,,,0.2,0.8,0.3,0,0,0.9,1.6,0.2,343,20,0.2,0.8,0.3,0,0,0,28.84,,0,0,0,38.6,40.3,41.4,0.39,0.34,0.38
BERK,2016-04-05 06:05:00 EDT,42.32030,-76.20319,1291,5.7,11.1,5.7,78.0,0.3,,,,,1.5,2.5,0.6,334,4,1.8,2.5,0.3,327,7,1.5,2.5,0.6,334,4,0,28.85,,0,0,0,38.6,40.3,41.4,0.39,0.34,0.38
BERK,2016-04-05 06:10:00 EDT,42.32030,-76.20319,1291,5.0,11.0,5.0,79.7,0.0,,,,,1.4,2.1,0.3,337,4,1.9,2.5,0.3,345,11,1.4,2.1,0.3,337,4,0,28.85,,0,0,0,38.5,40.3,41.4,0.39,0.34,0.38
BERK,2016-04-05 06:15:00 EDT,42.32030,-76.20319,1291,5.0,10.5,5.0,80.0,0.2,,,,,1.5,2.0,0.2,340,0,2.0,2.7,0.3,344,7,1.5,2.0,0.2,340,0,0,28.85,,0,0,0,38.6,40.3,41.4,0.39,0.34,0.38
BERK,2016-04-05 06:20:00 EDT,42.32030,-76.20319,1291,5.0,9.6,5.0,78.9,-0.1,,,,,0.4,1.7,0.5,341,0,1.0,2.2,0.5,14,27,0.4,1.7,0.5,341,0,0,28.86,,0,0,0,38.5,40.3,41.4,0.39,0.34,0.38
BERK,2016-04-05 06:25:00 EDT,42.32030,-76.20319,1291,5.6,8.9,5.6,78.5,0.3,,,,,0.0,0.0,0.0,0,0,0.4,2.2,0.3,77,40,0.0,0.0,0.0,0,0,0,28.86,,0,0,0,38.5,40.3,41.4,0.39,0.34,0.38
BERK,2016-04-05 06:30:00 EDT,42.32030,-76.20319,1291,6.3,8.9,6.3,77.8,0.9,,,,,0.0,0.0,0.0,0,0,0.5,1.1,0.2,90,33,0.0,0.0,0.0,0,0,1,28.86,,0,0,0,38.5,40.2,41.4,0.39,0.34,0.38
BERK,2016-04-05 06:35:00 EDT,42.32030,-76.20319,1291,6.3,8.8,6.3,76.9,0.6,,,,,0.0,0.0,0.0,0,0,0.3,0.7,0.2,48,49,0.0,0.0,0.0,0,0,2,28.87,,0,0,0,38.5,40.3,41.4,0.39,0.34,0.38
BERK,2016-04-05 06:40:00 EDT,42.32030,-76.20319,1291,5.4,8.4,5.4,78.0,0.0,,,,,0.0,0.0,0.0,0,0,0.3,0.9,0.2,20,78,0.0,0.0,0.0,0,0,4,28.87,,0,0,0,38.5,40.2,41.4,0.39,0.34,0.38
BERK,2016-04-05 06:45:00 EDT,42.32030,-76.20319,1291,4.9,8.3,4.9,79.9,0.1,,,,,0.0,0.0,0.0,0,0,0.4,0.9,0.2,147,33,0.0,0.0,0.0,0,0,6,28.87,,0,0,0,38.5,40.2,41.4,0.39,0.34,0.38
BERK,2016-04-05 06:50:00 EDT,42.32030,-76.20319,1291,5.3,8.3,5.3,80.3,0.5,,,,,0.0,0.0,0.0,0,0,0.5,0.9,0.2,196,22,0.0,0.0,0.0,0,0,9,28.88,,0,0,0,38.5,40.2,41.4,0.39,0.34,0.38
BERK,2016-04-05 06:55:00 EDT,42.32030,-76.20319,1291,4.9,8.4,4.9,79.2,-0.1,,,,,0.0,0.0,0.0,0,0,1.1,1.8,0.4,270,12,0.0,0.0,0.0,0,0,11,28.88,,0,0,0,38.5,40.2,41.4,0.39,0.34,0.38
BERK,2016-04-05 07:00:00 EDT,42.32030,-76.20319,1291,3.8,8.8,3.8,81.2,-0.7,,,,,0.7,1.3,0.4,288,0,1.3,2.0,0.3,277,21,0.7,1.3,0.4,288,0,14,28.88,,0,0,0,38.5,40.2,41.4,0.39,0.34,0.38
BERK,2016-04-05 07:05:00 EDT,42.32030,-76.20319,1291,4.3,8.2,4.3,83.4,0.4,,,,,0.8,1.9,0.5,303,18,1.4,2.5,0.5,330,16,0.8,1.9,0.5,303,18,16,28.88,,0,0,0,38.5,40.2,41.4,0.39,0.34,0.37
BERK,2016-04-05 07:10:00 EDT,42.32030,-76.20319,1291,4.2,8.6,4.2,81.5,-0.2,,,,,0.5,1.2,0.5,328,0,1.0,1.8,0.5,335,10,0.5,1.2,0.5,328,0,30,28.88,,0,0,0,38.5,40.2,41.4,0.39,0.34,0.37
BERK,2016-04-05 07:15:00 EDT,42.32030,-76.20319,1291,4.5,9.0,4.5,81.6,0.1,,,,,0.7,1.5,0.5,328,0,1.1,1.8,0.2,310,9,0.7,1.5,0.5,328,0,68,28.89,,0,0,0,38.5,40.2,41.4,0.39,0.34,0.37
BERK,2016-04-05 07:20:00 EDT,42.32030,-76.20319,1291,4.4,9.0,4.4,80.7,-0.2,,,,,1.2,2.2,0.5,326,1,1.3,2.2,0.3,316,9,1.2,2.2,0.5,326,1,88,28.89,,0,0,0,38.5,40.2,41.4,0.39,0.34,0.37
BERK,2016-04-05 07:25:00 EDT,42.32030,-76.20319,1291,4.4,8.9,4.4,79.9,-0.5,,,,,1.6,2.0,0.3,319,2,1.7,2.5,0.4,325,12,1.6,2.0,0.3,319,2,107,28.89,,0,0,0,38.5,40.2,41.3,0.39,0.34,0.37
BERK,2016-04-05 07:30:00 EDT,42.32030,-76.20319,1291,5.0,9.1,5.0,78.0,-0.3,,,,,1.6,2.0,0.2,344,6,2.2,2.9,0.4,352,8,1.6,2.0,0.2,344,6,127,28.89,,0,0,0,38.5,40.2,41.3,0.39,0.34,0.37
BERK,2016-04-05 07:35:00 EDT,42.32030,-76.20319,1291,5.6,9.7,5.6,74.7,-0.7,,,,,1.7,3.2,0.6,340,6,2.2,4.0,0.6,346,14,1.7,3.2,0.6,340,6,144,28.90,,0,0,0,38.5,40.1,41.4,0.39,0.34,0.37
BERK,2016-04-05 07:40:00 EDT,42.32030,-76.20319,1291,5.9,11.8,-0.7,73.3,-0.8,,,,,3.2,4.2,0.5,331,4,3.4,4.7,0.6,330,6,3.2,4.2,0.5,331,4,160,28.90,,0,0,0,38.5,40.2,41.3,0.39,0.34,0.37
BERK,2016-04-05 07:45:00 EDT,42.32030,-76.20319,1291,7.8,13.1,-1.1,72.1,0.6,,,,,4.8,6.1,0.6,322,6,5.0,6.5,0.7,322,6,4.8,6.1,0.6,322,6,175,28.90,,0,0,0,38.5,40.1,41.3,0.39,0.34,0.37
BERK,2016-04-05 07:50:00 EDT,42.32030,-76.20319,1291,10.3,13.6,1.3,66.2,1.3,,,,,5.2,6.7,0.6,319,7,5.5,7.2,0.7,319,6,5.2,6.7,0.6,319,7,190,28.90,,0,0,0,38.5,40.1,41.4,0.39,0.34,0.37
BERK,2016-04-05 07:55:00 EDT,42.32030,-76.20319,1291,11.4,14.1,2.9,62.8,1.1,,,,,4.9,6.3,0.6,318,7,5.3,6.7,0.7,319,6,4.9,6.3,0.6,318,7,205,28.90,,0,0,0,38.5,40.1,41.3,0.39,0.34,0.37
BERK,2016-04-05 08:00:00 EDT,42.32030,-76.20319,1291,12.4,14.5,5.1,60.1,1.2,,,,,4.3,6.1,0.6,318,8,4.5,6.3,0.7,317,7,4.3,6.1,0.6,318,8,220,28.91,,0,0,0,38.5,40.1,41.3,0.39,0.34,0.37
BERK,2016-04-05 08:05:00 EDT,42.32030,-76.20319,1291,13.2,15.2,6.7,58.1,1.2,,,,,3.8,5.0,0.8,320,7,4.0,5.4,0.9,320,6,3.8,5.0,0.8,320,7,236,28.91,,0,0,0,38.5,40.1,41.3,0.39,0.34,0.37
BERK,2016-04-05 08:10:00 EDT,42.32030,-76.20319,1291,13.9,15.5,13.9,55.5,0.9,,,,,2.6,4.3,0.6,318,13,2.8,4.9,0.7,317,14,2.6,4.3,0.6,318,13,254,28.91,,0,0,0,38.5,40.1,41.3,0.39,0.34,0.37
BERK,2016-04-05 08:15:00 EDT,42.32030,-76.20319,1291,11.9,15.6,11.9,55.1,-1.2,,,,,1.7,3.1,0.9,330,17,2.0,3.6,0.9,329,20,1.7,3.1,0.9,330,17,272,28.91,,0,0,0,38.5,40.1,41.3,0.39,0.34,0.37
BERK,2016-04-05 08:20:00 EDT,42.32030,-76.20319,1291,11.4,15.0,11.4,57.4,-0.8,,,,,0.4,1.6,0.5,221,50,0.9,2.2,0.4,96,75,0.4,1.6,0.5,221,50,291,28.91,,0,0,0,38.5,40.1,41.3,0.39,0.34,0.37
BERK,2016-04-05 08:25:00 EDT,42.32030,-76.20319,1291,11.9,15.7,11.9,57.0,-0.4,,,,,0.1,1.0,0.3,54,11,0.7,1.6,0.3,48,50,0.1,1.0,0.3,54,11,306,28.91,,0,0,0,38.5,40.1,41.3,0.39,0.34,0.37
BERK,2016-04-05 08:30:00 EDT,42.32030,-76.20319,1291,12.8,15.9,12.8,56.6,0.3,,,,,1.1,4.7,1.3,9,29,1.7,6.0,1.4,15,42,1.1,4.7,1.3,9,29,323,28.92,,0,0,0,38.5,40.1,41.4,0.39,0.34,0.37
BERK,2016-04-05 08:35:00 EDT,42.32030,-76.20319,1291,16.0,17.2,16.0,50.5,0.8,,,,,2.6,4.8,0.6,5,22,3.0,4.5,0.7,6,23,2.6,4.8,0.6,5,22,341,28.92,,0,0,0,38.5,40.1,41.3,0.39,0.34,0.37
BERK,2016-04-05 08:40:00 EDT,42.32030,-76.20319,1291,17.2,18.0,12.2,47.2,0.5,,,,,3.2,5.8,1.2,5,24,3.7,6.0,1.3,4,25,3.2,5.8,1.2,5,24,359,28.92,,0,0,0,38.5,40.1,41.3,0.39,0.34,0.37
BERK,2016-04-05 08:45:00 EDT,42.32030,-76.20319,1291,18.1,18.4,11.0,45.4,0.5,,,,,4.8,7.7,1.1,358,19,5.5,8.7,1.2,358,10,4.8,7.7,1.1,358,19,379,28.92,,0,0,0,38.5,40.1,41.3,0.39,0.34,0.37
BERK,2016-04-05 08:50:00 EDT,42.32030,-76.20319,1291,18.4,18.6,12.8,45.3,0.7,,,,,3.7,7.4,1.3,3,19,4.2,7.8,1.4,2,13,3.7,7.4,1.3,3,19,395,28.92,,0,0,0,38.5,40.1,41.3,0.39,0.34,0.37
BERK,2016-04-05 08:55:00 EDT,42.32030,-76.20319,1291,18.4,18.6,11.3,44.9,0.6,,,,,4.9,7.3,1.2,0,18,5.6,8.3,1.4,360,15,4.9,7.3,1.2,0,18,414,28.92,,0,0,0,38.5,40.1,41.3,0.39,0.34,0.37
BERK,2016-04-05 09:00:00 EDT,42.32030,-76.20319,1291,18.6,18.7,10.4,44.2,0.4,,,,,5.8,8.8,1.3,351,18,6.5,10.1,1.5,352,17,5.8,8.8,1.3,351,18,432,28.93,,0,0,0,38.5,40.1,41.3,0.39,0.34,0.37
BERK,2016-04-05 09:05:00 EDT,42.32030,-76.20319,1291,18.5,18.7,10.0,44.7,0.6,,,,,6.2,9.4,1.5,353,21,6.8,10.1,1.6,352,13,6.2,9.4,1.5,353,21,448,28.93,,0,0,0,38.4,40.1,41.3,0.39,0.34,0.37
BERK,2016-04-05 09:10:00 EDT,42.32030,-76.20319,1291,18.6,18.8,10.4,44.7,0.6,,,,,5.9,8.8,1.7,326,11,6.4,9.8,1.7,328,13,5.9,8.8,1.7,326,11,464,28.93,,0,0,0,38.4,40.1,41.3,0.39,0.34,0.37
BERK,2016-04-05 09:15:00 EDT,42.32030,-76.20319,1291,18.9,19.1,10.1,44.3,0.7,,,,,6.5,9.1,1.2,322,19,6.8,9.6,1.2,324,12,6.5,9.1,1.2,322,19,482,28.93,,0,0,0,38.4,40.1,41.3,0.39,0.34,0.37
BERK,2016-04-05 09:20:00 EDT,42.32030,-76.20319,1291,19.1,19.2,9.8,44.0,0.7,,,,,7.1,9.4,1.2,316,8,7.5,11.2,1.3,317,7,7.1,9.4,1.2,316,8,498,28.93,,0,0,0,38.5,40.1,41.3,0.39,0.34,0.37
BERK,2016-04-05 09:25:00 EDT,42.32030,-76.20319,1291,19.3,19.5,11.2,43.7,0.8,,,,,6.0,8.5,1.0,339,24,6.5,9.6,1.3,340,14,6.0,8.5,1.0,339,24,515,28.93,,0,0,0,38.4,40.1,41.3,0.39,0.34,0.37
BERK,2016-04-05 09:30:00 EDT,42.32030,-76.20319,1291,19.6,19.7,13.2,42.7,0.6,,,,,4.5,9.0,1.5,331,16,4.8,9.4,1.8,331,15,4.5,9.0,1.5,331,16,532,28.94,,0,0,0,38.4,40.1,41.2,0.39,0.34,0.37
BERK,2016-04-05 09:35:00 EDT,42.32030,-76.20319,1291,19.9,20.0,13.0,41.4,0.1,,,,,4.8,6.9,1.1,347,24,5.5,8.5,1.3,347,15,4.8,6.9,1.1,347,24,547,28.94,,0,0,0,38.4,40.1,41.2,0.39,0.34,0.37
BERK,2016-04-05 09:40:00 EDT,42.32030,-76.20319,1291,20.0,20.1,11.8,40.6,-0.2,,,,,6.2,8.8,1.5,3,19,6.9,10.3,1.6,3,7,6.2,8.8,1.5,3,19,562,28.94,,0,0,0,38.4,40.1,41.2,0.39,0.34,0.37
BERK,2016-04-05 09:45:00 EDT,42.32030,-76.20319,1291,20.3,20.3,12.1,40.2,-0.1,,,,,6.2,10.2,1.6,350,21,7.1,11.2,1.7,351,14,6.2,10.2,1.6,350,21,578,28.94,,0,0,0,38.4,40.1,41.2,0.39,0.34,0.37
BERK,2016-04-05 09:50:00 EDT,42.32030,-76.20319,1291,20.6,20.5,13.1,40.2,0.1,,,,,5.5,9.6,2.1,4,22,6.2,10.5,2.3,3,18,5.5,9.6,2.1,4,22,593,28.95,,0,0,0,38.4,40.1,41.3,0.39,0.34,0.37
BERK,2016-04-05 09:55:00 EDT,42.32030,-76.20319,1291,21.1,21.1,14.7,39.4,0.2,,,,,4.6,7.6,1.6,9,30,5.4,8.7,1.8,8,27,4.6,7.6,1.6,9,30,607,28.95,,0,0,0,38.4,40.1,41.2,0.39,0.34,0.37
BERK,2016-04-05 10:00:00 EDT,42.32030,-76.20319,1291,21.5,21.5,13.5,38.1,-0.2,,,,,6.3,13.5,2.3,3,34,7.2,14.1,2.5,4,26,6.3,13.5,2.3,3,34,622,28.95,,0,0,0,38.3,40.1,41.2,0.39,0.34,0.37
BERK,2016-04-05 10:05:00 EDT,42.32030,-76.20319,1291,21.9,21.9,13.7,37.8,0.0,,,,,6.6,10.0,1.6,358,21,7.5,11.4,1.8,359,15,6.6,10.0,1.6,358,21,636,28.95,,0,0,0,38.3,40.1,41.2,0.39,0.34,0.37
BERK,2016-04-05 10:10:00 EDT,42.32030,-76.20319,1291,22.0,22.0,12.9,36.5,-0.6,,,,,7.7,13.0,2.5,347,20,8.6,15.7,2.7,348,16,7.7,13.0,2.5,347,20,649,28.95,,0,0,0,38.3,40.1,41.2,0.39,0.34,0.37
BERK,2016-04-05 10:15:00 EDT,42.32030,-76.20319,1291,22.4,22.4,11.3,34.8,-1.3,,,,,10.8,14.8,1.9,322,12,11.2,15.2,2.0,323,11,10.8,14.8,1.9,322,12,663,28.95,,0,0,0,38.3,40.1,41.2,0.39,0.34,0.37
BERK,2016-04-05 10:20:00 EDT,42.32030,-76.20319,1291,22.3,22.3,12.0,35.4,-1.0,,,,,9.5,13.3,2.0,333,14,10.2,14.5,2.2,335,13,9.5,13.3,2.0,333,14,675,28.96,,0,0,0,38.3,40.1,41.2,0.39,0.34,0.37
BERK,2016-04-05 10:25:00 EDT,42.32030,-76.20319,1291,22.6,22.6,13.0,35.5,-0.7,,,,,8.7,12.3,1.6,349,26,9.6,14.8,2.0,351,15,8.7,12.3,1.6,349,26,689,28.96,,0,0,0,38.3,40.1,41.2,0.39,0.34,0.37
BERK,2016-04-05 10:30:00 EDT,42.32030,-76.20319,1291,22.9,22.8,12.7,35.2,-0.6,,,,,9.5,16.9,2.6,321,15,9.8,15.7,2.6,322,10,9.5,16.9,2.6,321,15,702,28.96,,0,0,0,38.3,40.1,41.2,0.39,0.34,0.37
BERK,2016-04-05 10:35:00 EDT,42.32030,-76.20319,1291,22.6,22.6,12.2,34.7,-1.2,,,,,9.9,14.7,2.6,313,17,10.1,15.2,2.4,314,14,9.9,14.7,2.6,313,17,714,28.96,,0,0,0,38.4,40.1,41.2,0.39,0.34,0.37
BERK,2016-04-05 10:40:00 EDT,42.32030,-76.20319,1291,22.3,22.3,10.6,35.9,-0.7,,,,,11.9,19.3,2.9,310,9,12.1,20.4,2.9,311,9,11.9,19.3,2.9,310,9,726,28.96,,0,0,0,38.3,40.1,41.2,0.39,0.34,0.37
BERK,2016-04-05 10:45:00 EDT,42.32030,-76.20319,1291,22.2,22.2,9.9,35.5,-1.0,,,,,13.1,16.7,1.8,314,11,13.6,18.1,2.0,314,10,13.1,16.7,1.8,314,11,738,28.96,,0,0,0,38.3,40.1,41.2,0.39,0.34,0.37
BERK,2016-04-05 10:50:00 EDT,42.32030,-76.20319,1291,22.2,22.1,10.0,35.1,-1.3,,,,,12.8,18.2,2.1,317,10,13.1,18.6,2.1,318,10,12.8,18.2,2.1,317,10,749,28.97,,0,0,0,38.3,40.1,41.2,0.39,0.34,0.37
BERK,2016-04-05 10:55:00 EDT,42.32030,-76.20319,1291,22.3,22.3,11.4,35.8,-0.7,,,,,10.5,17.2,2.8,331,17,11.0,18.1,3.0,334,13,10.5,17.2,2.8,331,17,759,28.97,,0,0,0,38.3,40.1,41.2,0.39,0.34,0.37
BERK,2016-04-05 11:00:00 EDT,42.32030,-76.20319,1291,22.2,22.2,11.5,36.0,-0.7,,,,,10.3,14.2,2.1,341,20,11.1,16.3,2.4,342,14,10.3,14.2,2.1,341,20,769,28.97,,0,0,0,38.3,40.1,41.2,0.39,0.34,0.37
BERK,2016-04-05 11:05:00 EDT,42.32030,-76.20319,1291,22.5,22.3,12.9,36.3,-0.3,,,,,8.4,15.4,2.2,334,22,9.2,18.8,2.4,334,20,8.4,15.4,2.2,334,22,779,28.97,,0,0,0,38.3,40.1,41.2,0.39,0.34,0.37
BERK,2016-04-05 11:10:00 EDT,42.32030,-76.20319,1291,22.9,22.8,11.6,35.6,-0.3,,,,,11.4,18.8,2.7,339,22,12.3,22.4,3.2,341,15,11.4,18.8,2.7,339,22,789,28.97,,0,0,0,38.3,40.1,41.2,0.39,0.34,0.37
BERK,2016-04-05 11:15:00 EDT,42.32030,-76.20319,1291,22.8,22.7,11.6,36.1,-0.1,,,,,11.3,16.3,2.8,331,12,12.1,17.2,2.8,331,13,11.3,16.3,2.8,331,12,798,28.97,,0,0,0,38.3,40.1,41.2,0.39,0.34,0.37
BERK,2016-04-05 11:20:00 EDT,42.32030,-76.20319,1291,22.8,22.7,12.3,36.3,-0.0,,,,,10.1,19.4,3.5,332,21,10.7,19.7,3.3,334,17,10.1,19.4,3.5,332,21,807,28.97,,0,0,0,38.3,40.1,41.2,0.39,0.34,0.37
BERK,2016-04-05 11:25:00 EDT,42.32030,-76.20319,1291,23.1,23.0,13.1,36.5,0.3,,,,,9.4,14.4,2.0,346,23,10.5,15.7,2.3,347,18,9.4,14.4,2.0,346,23,816,28.97,,0,0,0,38.3,40.1,41.2,0.39,0.34,0.37
BERK,2016-04-05 11:30:00 EDT,42.32030,-76.20319,1291,23.3,23.1,13.9,36.8,0.7,,,,,8.6,18.3,3.7,347,22,9.7,19.9,3.9,348,13,8.6,18.3,3.7,347,22,824,28.97,,0,0,0,38.3,40.1,41.2,0.39,0.34,0.37
BERK,2016-04-05 11:35:00 EDT,42.32030,-76.20319,1291,23.6,23.4,13.1,37.6,1.4,,,,,10.4,14.3,2.3,359,25,11.8,17.2,2.6,358,11,10.4,14.3,2.3,359,25,831,28.97,,0,0,0,38.3,40.0,41.2,0.39,0.34,0.37
BERK,2016-04-05 11:40:00 EDT,42.32030,-76.20319,1291,24.1,23.9,14.2,37.8,2.0,,,,,9.5,15.8,2.3,344,27,10.4,17.2,2.5,345,18,9.5,15.8,2.3,344,27,839,28.97,,0,0,0,38.3,40.0,41.2,0.39,0.34,0.37
BERK,2016-04-05 11:45:00 EDT,42.32030,-76.20319,1291,24.1,24.0,13.0,37.8,2.0,,,,,11.9,16.4,2.3,313,26,12.5,16.8,2.3,314,24,11.9,16.4,2.3,313,26,845,28.97,,0,0,0,38.3,40.1,41.2,0.39,0.34,0.37
BERK,2016-04-05 11:50:00 EDT,42.32030,-76.20319,1291,24.2,24.2,13.6,36.9,1.6,,,,,11.0,16.4,2.4,331,20,11.6,18.8,2.6,333,17,11.0,16.4,2.4,331,20,851,28.97,,0,0,0,38.3,40.1,41.2,0.39,0.34,0.37
BERK,2016-04-05 11:55:00 EDT,42.32030,-76.20319,1291,24.6,24.4,15.1,37.5,2.3,,,,,9.1,14.3,2.0,320,16,9.7,15.4,1.9,321,16,9.1,14.3,2.0,320,16,858,28.97,,0,0,0,38.3,40.0,41.2,0.39,0.34,0.37
BERK,2016-04-05 12:00:00 EDT,42.32030,-76.20319,1291,25.1,24.9,15.5,37.4,2.7,,,,,9.4,15.3,2.2,328,23,10.2,18.3,2.3,331,17,9.4,15.3,2.2,328,23,863,28.97,,0,0,0,38.3,40.0,41.2,0.39,0.34,0.37
BERK,2016-04-05 12:05:00 EDT,42.32030,-76.20319,1291,24.9,24.8,13.0,34.6,0.9,,,,,13.7,20.0,3.1,320,14,14.4,19.9,3.0,322,14,13.7,20.0,3.1,320,14,871,28.97,,0,0,0,38.3,40.0,41.2,0.39,0.34,0.37
BERK,2016-04-05 12:10:00 EDT,42.32030,-76.20319,1291,24.8,24.6,12.9,35.6,1.4,,,,,13.7,20.2,2.6,309,13,14.2,20.6,2.5,310,11,13.7,20.2,2.6,309,13,877,28.97,,0,0,0,38.3,40.0,41.2,0.39,0.34,0.37
BERK,2016-04-05 12:15:00 EDT,42.32030,-76.20319,1291,24.1,24.0,10.9,37.2,1.7,,,,,16.5,20.9,2.4,300,9,16.9,21.3,2.5,300,9,16.5,20.9,2.4,300,9,883,28.97,,0,0,0,38.3,40.0,41.2,0.39,0.34,0.37
BERK,2016-04-05 12:20:00 EDT,42.32030,-76.20319,1291,24.2,24.0,11.4,36.8,1.5,,,,,15.4,21.7,2.4,306,11,15.5,22.4,2.7,306,11,15.4,21.7,2.4,306,11,886,28.97,,0,0,0,38.3,40.0,41.2,0.39,0.34,0.37
BERK,2016-04-05 12:25:00 EDT,42.32030,-76.20319,1291,24.4,24.3,12.1,35.9,1.2,,,,,14.4,19.8,2.4,313,12,14.6,19.9,2.5,312,12,14.4,19.8,2.4,313,12,890,28.97,,0,0,0,38.3,40.0,41.2,0.39,0.34,0.37
BERK,2016-04-05 12:30:00 EDT,42.32030,-76.20319,1291,24.3,24.2,11.4,36.9,1.7,,,,,15.8,21.2,2.7,308,10,16.2,24.2,2.8,309,10,15.8,21.2,2.7,308,10,893,28.97,,0,0,0,38.3,40.0,41.2,0.39,0.34,0.37
BERK,2016-04-05 12:35:00 EDT,42.32030,-76.20319,1291,24.9,24.7,15.0,37.5,2.5,,,,,9.8,16.7,3.1,318,23,10.3,18.1,3.2,319,19,9.8,16.7,3.1,318,23,896,28.97,,0,0,0,38.3,39.9,41.2,0.39,0.34,0.37
BERK,2016-04-05 12:40:00 EDT,42.32030,-76.20319,1291,24.5,24.4,11.9,38.9,3.0,,,,,15.2,20.7,2.9,317,18,15.8,21.9,3.0,318,19,15.2,20.7,2.9,317,18,898,28.97,,0,0,0,38.3,39.9,41.2,0.39,0.34,0.37
BERK,2016-04-05 12:45:00 EDT,42.32030,-76.20319,1291,24.6,24.4,12.3,36.4,1.6,,,,,14.5,21.6,3.4,326,18,15.1,23.0,3.7,327,13,14.5,21.6,3.4,326,18,902,28.97,,0,0,0,38.3,39.9,41.2,0.39,0.34,0.37
BERK,2016-04-05 12:50:00 EDT,42.32030,-76.20319,1291,24.8,24.7,13.8,38.3,2.9,,,,,11.9,20.7,2.9,318,18,12.5,23.0,3.1,318,17,11.9,20.7,2.9,318,18,903,28.97,,0,0,0,38.3,39.9,41.2,0.39,0.34,0.37
BERK,2016-04-05 12:55:00 EDT,42.32030,-76.20319,1291,24.6,24.5,12.9,38.3,2.8,,,,,13.4,19.4,2.8,317,19,13.9,19.9,2.9,317,18,13.4,19.4,2.8,317,19,905,28.97,,0,0,0,38.3,39.9,41.1,0.39,0.34,0.37
BERK,2016-04-05 13:00:00 EDT,42.32030,-76.20319,1291,24.3,24.3,11.9,39.6,3.2,,,,,14.6,20.2,2.9,305,18,15.3,22.4,2.9,305,18,14.6,20.2,2.9,305,18,905,28.97,,0,0,0,38.3,39.9,41.2,0.39,0.34,0.37
BERK,2016-04-05 13:05:00 EDT,42.32030,-76.20319,1291,24.2,24.0,11.3,41.0,3.8,,,,,15.5,20.1,2.6,300,9,15.9,20.8,2.4,299,8,15.5,20.1,2.6,300,9,906,28.97,,0,0,0,38.3,39.9,41.2,0.39,0.34,0.37
BERK,2016-04-05 13:10:00 EDT,42.32030,-76.20319,1291,23.9,23.8,12.2,40.2,3.1,,,,,12.8,20.2,2.4,304,11,13.2,20.6,2.6,304,10,12.8,20.2,2.4,304,11,906,28.97,,0,0,0,38.3,39.9,41.1,0.39,0.34,0.37
BERK,2016-04-05 13:15:00 EDT,42.32030,-76.20319,1291,24.2,24.0,11.6,39.9,3.2,,,,,15.0,22.4,2.3,296,10,15.5,25.1,2.7,294,9,15.0,22.4,2.3,296,10,905,28.97,,0,0,0,38.3,39.9,41.2,0.39,0.34,0.37
BERK,2016-04-05 13:20:00 EDT,42.32030,-76.20319,1291,24.3,24.1,10.4,40.8,3.8,,,,,18.3,24.2,2.5,301,9,18.5,25.1,2.6,300,8,18.3,24.2,2.5,301,9,904,28.97,,0,0,0,38.3,39.9,41.2,0.39,0.34,0.37
BERK,2016-04-05 13:25:00 EDT,42.32030,-76.20319,1291,24.0,23.8,11.0,40.8,3.6,,,,,16.0,22.1,2.7,303,8,16.1,23.3,2.6,303,8,16.0,22.1,2.7,303,8,903,28.97,,0,0,0,38.3,39.9,41.1,0.39,0.34,0.37
BERK,2016-04-05 13:30:00 EDT,42.32030,-76.20319,1291,24.5,24.2,12.3,39.5,3.3,,,,,14.1,23.2,2.2,313,11,14.4,23.9,2.4,313,11,14.1,23.2,2.2,313,11,902,28.97,,0,0,0,38.3,39.9,41.2,0.39,0.34,0.37
BERK,2016-04-05 13:35:00 EDT,42.32030,-76.20319,1291,24.3,24.1,12.6,38.5,2.6,,,,,13.1,22.2,4.3,316,10,13.7,22.6,4.1,316,9,13.1,22.2,4.3,316,10,901,28.97,,0,0,0,38.3,39.9,41.1,0.39,0.34,0.37
BERK,2016-04-05 13:40:00 EDT,42.32030,-76.20319,1291,24.9,24.7,16.8,38.8,3.3,,,,,7.2,14.5,2.9,345,26,8.0,16.1,3.2,346,20,7.2,14.5,2.9,345,26,899,28.97,,0,0,0,38.3,39.9,41.2,0.39,0.34,0.37
BERK,2016-04-05 13:45:00 EDT,42.32030,-76.20319,1291,24.7,24.4,12.3,40.1,3.8,,,,,14.7,21.3,2.8,307,18,15.2,21.5,2.7,307,16,14.7,21.3,2.8,307,18,897,28.97,,0,0,0,38.3,39.9,41.1,0.39,0.34,0.37
BERK,2016-04-05 13:50:00 EDT,42.32030,-76.20319,1291,24.3,24.2,14.1,41.6,4.3,,,,,10.3,14.1,1.8,300,9,10.6,14.8,1.8,300,8,10.3,14.1,1.8,300,9,892,28.97,,0,0,0,38.3,39.9,41.2,0.39,0.34,0.37
BERK,2016-04-05 13:55:00 EDT,42.32030,-76.20319,1291,24.9,24.7,14.1,39.3,3.5,,,,,11.5,22.1,2.9,306,13,11.9,21.7,3.0,306,13,11.5,22.1,2.9,306,13,889,28.97,,0,0,0,38.3,39.9,41.1,0.39,0.34,0.37
BERK,2016-04-05 14:00:00 EDT,42.32030,-76.20319,1291,25.2,25.0,13.4,38.9,3.6,,,,,13.8,19.9,2.6,320,12,14.3,20.1,2.6,320,12,13.8,19.9,2.6,320,12,887,28.97,,0,0,0,38.3,39.9,41.1,0.39,0.34,0.37
BERK,2016-04-05 14:05:00 EDT,42.32030,-76.20319,1291,25.5,25.3,15.4,38.2,3.5,,,,,10.5,14.7,1.7,327,18,11.1,16.8,1.9,327,17,10.5,14.7,1.7,327,18,881,28.96,,0,0,0,38.3,39.9,41.1,0.39,0.34,0.37
BERK,2016-04-05 14:10:00 EDT,42.32030,-76.20319,1291,25.0,24.9,13.3,38.6,3.3,,,,,13.6,19.7,3.1,316,10,13.9,20.4,3.4,316,8,13.6,19.7,3.1,316,10,876,28.96,,0,0,0,38.3,39.9,41.2,0.39,0.34,0.37
BERK,2016-04-05 14:15:00 EDT,42.32030,-76.20319,1291,25.3,25.2,13.6,40.9,4.8,,,,,13.6,19.7,3.2,299,11,14.1,20.1,3.2,299,11,13.6,19.7,3.2,299,11,870,28.96,,0,0,0,38.3,39.9,41.2,0.39,0.34,0.37
BERK,2016-04-05 14:20:00 EDT,42.32030,-76.20319,1291,25.2,25.2,13.6,40.0,4.2,,,,,13.4,19.7,3.2,310,15,14.0,21.3,3.2,310,15,13.4,19.7,3.2,310,15,864,28.96,,0,0,0,38.3,39.9,41.1,0.39,0.34,0.37
BERK,2016-04-05 14:25:00 EDT,42.32030,-76.20319,1291,25.5,25.3,15.4,38.6,3.7,,,,,10.4,17.2,2.9,324,18,11.3,17.7,3.0,325,17,10.4,17.2,2.9,324,18,858,28.96,,0,0,0,38.3,39.9,41.2,0.39,0.34,0.37
BERK,2016-04-05 14:30:00 EDT,42.32030,-76.20319,1291,25.4,25.3,15.6,39.3,4.0,,,,,10.0,17.0,2.8,318,10,10.1,17.7,2.6,318,10,10.0,17.0,2.8,318,10,850,28.96,,0,0,0,38.3,39.9,41.1,0.39,0.34,0.37
BERK,2016-04-05 14:35:00 EDT,42.32030,-76.20319,1291,25.8,25.7,15.6,41.4,5.6,,,,,10.9,16.4,2.9,309,10,11.2,17.2,2.8,309,10,10.9,16.4,2.9,309,10,845,28.96,,0,0,0,38.3,39.9,41.1,0.39,0.34,0.37
BERK,2016-04-05 14:40:00 EDT,42.32030,-76.20319,1291,25.8,25.6,15.6,41.0,5.3,,,,,10.7,19.9,3.6,315,21,11.4,19.5,3.5,317,22,10.7,19.9,3.6,315,21,840,28.96,,0,0,0,38.3,39.9,41.1,0.39,0.34,0.37
BERK,2016-04-05 14:45:00 EDT,42.32030,-76.20319,1291,25.3,25.2,13.0,43.2,6.1,,,,,15.1,22.8,3.7,295,11,15.9,24.2,3.8,295,10,15.1,22.8,3.7,295,11,830,28.95,,0,0,0,38.3,39.9,41.1,0.39,0.34,0.37
BERK,2016-04-05 14:50:00 EDT,42.32030,-76.20319,1291,25.7,25.5,14.0,43.6,6.5,,,,,13.7,19.2,2.6,311,10,14.2,20.1,2.7,312,10,13.7,19.2,2.6,311,10,823,28.96,,0,0,0,38.3,39.9,41.1,0.39,0.34,0.37
BERK,2016-04-05 14:55:00 EDT,42.32030,-76.20319,1291,25.4,25.4,12.7,43.9,6.5,,,,,16.3,21.4,2.6,297,8,16.8,22.8,2.5,297,7,16.3,21.4,2.6,297,8,814,28.95,,0,0,0,38.3,39.9,41.1,0.39,0.34,0.37
BERK,2016-04-05 15:00:00 EDT,42.32030,-76.20319,1291,25.6,25.5,13.5,42.1,5.8,,,,,15.0,19.9,2.3,301,14,15.6,20.8,2.5,300,13,15.0,19.9,2.3,301,14,806,28.96,,0,0,0,38.3,39.9,41.1,0.39,0.34,0.37
BERK,2016-04-05 15:05:00 EDT,42.32030,-76.20319,1291,25.7,25.6,13.9,42.3,6.0,,,,,14.2,21.6,2.8,305,8,14.6,21.9,2.8,304,7,14.2,21.6,2.8,305,8,797,28.96,,0,0,0,38.3,39.9,41.1,0.39,0.34,0.37
BERK,2016-04-05 15:10:00 EDT,42.32030,-76.20319,1291,25.6,25.6,14.6,41.2,5.3,,,,,12.4,16.6,2.5,308,9,12.7,17.2,2.4,308,9,12.4,16.6,2.5,308,9,787,28.95,,0,0,0,38.3,39.9,41.1,0.39,0.34,0.37
BERK,2016-04-05 15:15:00 EDT,42.32030,-76.20319,1291,26.2,26.1,14.7,39.7,5.0,,,,,13.8,18.6,2.3,315,12,14.0,18.6,2.3,315,11,13.8,18.6,2.3,315,12,778,28.95,,0,0,0,38.3,39.9,41.1,0.39,0.34,0.37
BERK,2016-04-05 15:20:00 EDT,42.32030,-76.20319,1291,26.1,25.9,14.9,39.9,5.0,,,,,12.8,19.7,3.1,305,12,13.2,20.6,3.2,304,11,12.8,19.7,3.1,305,12,768,28.95,,0,0,0,38.3,39.9,41.1,0.39,0.34,0.37
BERK,2016-04-05 15:25:00 EDT,42.32030,-76.20319,1291,26.4,26.3,16.4,41.0,5.9,,,,,10.8,17.8,2.6,320,14,11.5,17.7,2.5,320,13,10.8,17.8,2.6,320,14,758,28.95,,0,0,0,38.3,39.9,41.1,0.39,0.34,0.37
BERK,2016-04-05 15:30:00 EDT,42.32030,-76.20319,1291,26.0,25.9,16.3,40.9,5.4,,,,,9.9,16.8,3.4,295,11,10.5,17.2,3.5,294,10,9.9,16.8,3.4,295,11,746,28.95,,0,0,0,38.3,39.9,41.1,0.39,0.34,0.37
BERK,2016-04-05 15:35:00 EDT,42.32030,-76.20319,1291,26.0,25.9,14.7,43.2,6.6,,,,,13.1,17.7,1.8,295,9,13.5,19.0,2.1,295,9,13.1,17.7,1.8,295,9,735,28.95,,0,0,0,38.3,39.9,41.1,0.39,0.34,0.37
BERK,2016-04-05 15:40:00 EDT,42.32030,-76.20319,1291,25.8,25.7,14.9,43.8,6.7,,,,,12.1,17.5,2.4,293,10,12.7,18.3,2.6,292,9,12.1,17.5,2.4,293,10,721,28.95,,0,0,0,38.3,39.9,41.1,0.39,0.34,0.37
BERK,2016-04-05 15:45:00 EDT,42.32030,-76.20319,1291,26.1,26.0,14.9,43.1,6.7,,,,,13.0,17.5,2.7,286,12,13.9,20.1,2.9,286,11,13.0,17.5,2.7,286,12,709,28.95,,0,0,0,38.3,39.9,41.1,0.39,0.34,0.37
BERK,2016-04-05 15:50:00 EDT,42.32030,-76.20319,1291,26.1,26.0,15.3,43.2,6.8,,,,,12.2,19.7,2.9,302,8,12.6,20.4,2.9,302,8,12.2,19.7,2.9,302,8,697,28.95,,0,0,0,38.3,39.9,41.1,0.39,0.34,0.37
BERK,2016-04-05 15:55:00 EDT,42.32030,-76.20319,1291,25.9,25.8,13.7,42.5,6.2,,,,,15.2,19.4,2.2,296,8,15.7,20.4,2.2,296,7,15.2,19.4,2.2,296,8,683,28.95,,0,0,0,38.3,39.9,41.1,0.39,0.34,0.37
BERK,2016-04-05 16:00:00 EDT,42.32030,-76.20319,1291,25.9,25.8,14.2,43.8,6.8,,,,,14.0,17.6,1.8,300,11,14.6,19.5,2.0,300,11,14.0,17.6,1.8,300,11,670,28.95,,0,0,0,38.3,39.9,41.0,0.39,0.34,0.37
BERK,2016-04-05 16:05:00 EDT,42.32030,-76.20319,1291,26.0,26.0,15.2,42.1,6.1,,,,,12.1,18.9,2.4,286,17,13.2,20.4,2.8,284,14,12.1,18.9,2.4,286,17,658,28.95,,0,0,0,38.3,39.9,41.0,0.39,0.34,0.37
BERK,2016-04-05 16:10:00 EDT,42.32030,-76.20319,1291,26.1,26.0,14.9,43.1,6.7,,,,,12.8,20.2,2.4,293,8,13.5,21.9,2.6,293,8,12.8,20.2,2.4,293,8,644,28.95,,0,0,0,38.3,39.9,41.0,0.39,0.34,0.37
BERK,2016-04-05 16:15:00 EDT,42.32030,-76.20319,1291,26.0,26.0,16.3,43.1,6.6,,,,,10.0,17.2,2.4,284,20,10.9,19.5,2.5,283,18,10.0,17.2,2.4,284,20,632,28.95,,0,0,0,38.3,39.9,41.0,0.39,0.34,0.37
BERK,2016-04-05 16:20:00 EDT,42.32030,-76.20319,1291,26.4,26.3,15.0,42.1,6.4,,,,,13.5,18.6,2.1,302,8,13.7,18.8,2.2,303,8,13.5,18.6,2.1,302,8,617,28.95,,0,0,0,38.3,39.9,41.0,0.39,0.34,0.37
BERK,2016-04-05 16:25:00 EDT,42.32030,-76.20319,1291,26.3,26.2,15.8,43.5,7.0,,,,,11.6,16.9,2.3,293,9,12.1,17.2,2.5,292,8,11.6,16.9,2.3,293,9,602,28.95,,0,0,0,38.3,39.9,41.0,0.39,0.34,0.37
BERK,2016-04-05 16:30:00 EDT,42.32030,-76.20319,1291,26.1,26.1,15.1,42.3,6.3,,,,,12.7,17.8,2.5,295,13,13.2,17.9,2.5,295,12,12.7,17.8,2.5,295,13,588,28.95,,0,0,0,38.3,39.9,41.0,0.39,0.34,0.37
BERK,2016-04-05 16:35:00 EDT,42.32030,-76.20319,1291,26.0,25.9,15.5,42.5,6.2,,,,,11.4,19.4,3.8,286,20,12.4,21.9,4.2,285,20,11.4,19.4,3.8,286,20,572,28.95,,0,0,0,38.3,39.9,41.0,0.39,0.34,0.37
BERK,2016-04-05 16:40:00 EDT,42.32030,-76.20319,1291,26.2,26.2,16.7,43.4,6.9,,,,,9.7,15.0,2.4,294,17,10.6,16.6,2.7,294,16,9.7,15.0,2.4,294,17,557,28.95,,0,0,0,38.3,39.9,41.0,0.39,0.34,0.37
BERK,2016-04-05 16:45:00 EDT,42.32030,-76.20319,1291,26.5,26.5,15.7,43.9,7.5,,,,,12.4,17.0,1.9,305,13,12.8,17.4,1.9,306,12,12.4,17.0,1.9,305,13,542,28.95,,0,0,0,38.3,39.9,41.0,0.39,0.34,0.37
BERK,2016-04-05 16:50:00 EDT,42.32030,-76.20319,1291,26.4,26.3,15.0,44.0,7.4,,,,,13.5,17.5,1.7,301,9,13.8,18.1,1.8,301,9,13.5,17.5,1.7,301,9,526,28.95,,0,0,0,38.3,39.9,41.0,0.39,0.34,0.37
BERK,2016-04-05 16:55:00 EDT,42.32030,-76.20319,1291,26.6,26.6,16.2,43.8,7.5,,,,,11.5,17.5,2.4,308,15,12.0,17.7,2.3,308,15,11.5,17.5,2.4,308,15,510,28.95,,0,0,0,38.3,39.9,41.0,0.39,0.34,0.37
BERK,2016-04-05 17:00:00 EDT,42.32030,-76.20319,1291,26.3,26.3,15.7,44.2,7.4,,,,,11.8,18.7,3.8,305,9,12.1,19.2,3.8,305,9,11.8,18.7,3.8,305,9,493,28.95,,0,0,0,38.3,39.9,41.0,0.39,0.34,0.37
BERK,2016-04-05 17:05:00 EDT,42.32030,-76.20319,1291,26.1,26.1,16.1,43.9,7.1,,,,,10.6,13.7,1.4,299,9,11.0,14.5,1.6,298,9,10.6,13.7,1.4,299,9,477,28.95,,0,0,0,38.3,39.9,41.0,0.39,0.34,0.37
BERK,2016-04-05 17:10:00 EDT,42.32030,-76.20319,1291,26.4,26.4,16.0,42.7,6.8,,,,,11.4,19.0,3.2,307,6,11.4,19.5,3.1,308,7,11.4,19.0,3.2,307,6,461,28.95,,0,0,0,38.3,39.9,41.0,0.39,0.34,0.37
BERK,2016-04-05 17:15:00 EDT,42.32030,-76.20319,1291,26.5,26.5,15.4,38.7,4.7,,,,,12.9,19.7,3.7,310,16,13.4,20.8,3.6,311,16,12.9,19.7,3.7,310,16,445,28.95,,0,0,0,38.2,39.9,41.0,0.39,0.34,0.37
BERK,2016-04-05 17:20:00 EDT,42.32030,-76.20319,1291,26.5,26.6,16.3,38.4,4.5,,,,,11.0,15.6,2.1,307,10,11.4,16.1,2.2,307,10,11.0,15.6,2.1,307,10,427,28.95,,0,0,0,38.3,39.9,41.0,0.39,0.34,0.37
BERK,2016-04-05 17:25:00 EDT,42.32030,-76.20319,1291,26.5,26.5,16.5,38.2,4.4,,,,,10.8,16.4,2.6,329,13,11.5,18.1,2.5,329,13,10.8,16.4,2.6,329,13,409,28.95,,0,0,0,38.3,39.9,41.0,0.39,0.34,0.37
BERK,2016-04-05 17:30:00 EDT,42.32030,-76.20319,1291,26.5,26.5,16.4,40.2,5.5,,,,,10.8,16.4,2.7,323,17,11.6,17.2,2.7,322,15,10.8,16.4,2.7,323,17,393,28.95,,0,0,0,38.3,39.9,41.0,0.39,0.34,0.37
BERK,2016-04-05 17:35:00 EDT,42.32030,-76.20319,1291,26.6,26.6,17.2,42.5,6.8,,,,,9.7,13.4,1.7,321,19,10.2,15.4,1.7,322,12,9.7,13.4,1.7,321,19,376,28.95,,0,0,0,38.2,39.9,41.0,0.39,0.34,0.37
BERK,2016-04-05 17:40:00 EDT,42.32030,-76.20319,1291,26.5,26.5,16.1,43.3,7.2,,,,,11.6,16.1,2.3,313,20,12.0,17.0,2.4,314,17,11.6,16.1,2.3,313,20,360,28.95,,0,0,0,38.2,39.9,41.0,0.39,0.34,0.37
BERK,2016-04-05 17:45:00 EDT,42.32030,-76.20319,1291,26.2,26.4,15.6,45.5,8.0,,,,,11.9,16.5,2.6,307,11,12.4,18.1,2.5,306,11,11.9,16.5,2.6,307,11,342,28.95,,0,0,0,38.2,39.8,41.0,0.39,0.34,0.37
BERK,2016-04-05 17:50:00 EDT,42.32030,-76.20319,1291,26.4,26.5,17.0,42.4,6.6,,,,,9.7,14.0,1.8,322,16,10.2,14.3,1.9,323,17,9.7,14.0,1.8,322,16,324,28.95,,0,0,0,38.2,39.9,41.0,0.39,0.34,0.37
BERK,2016-04-05 17:55:00 EDT,42.32030,-76.20319,1291,26.5,26.6,17.1,42.5,6.7,,,,,9.5,15.0,2.6,311,9,10.0,15.0,2.4,312,9,9.5,15.0,2.6,311,9,308,28.95,,0,0,0,38.3,39.9,41.0,0.39,0.34,0.37
BERK,2016-04-05 18:00:00 EDT,42.32030,-76.20319,1291,26.6,26.7,18.9,42.0,6.6,,,,,7.1,11.0,1.9,328,18,7.9,12.1,2.1,329,17,7.1,11.0,1.9,328,18,290,28.95,,0,0,0,38.2,39.8,41.0,0.39,0.34,0.37
BERK,2016-04-05 18:05:00 EDT,42.32030,-76.20319,1291,26.4,26.6,17.7,41.3,6.1,,,,,8.6,14.9,2.3,325,20,9.1,15.7,2.4,326,16,8.6,14.9,2.3,325,20,272,28.95,,0,0,0,38.2,39.8,41.0,0.39,0.34,0.37
BERK,2016-04-05 18:10:00 EDT,42.32030,-76.20319,1291,26.6,26.6,17.7,42.7,7.0,,,,,8.9,13.2,2.0,319,12,9.4,14.5,2.2,319,12,8.9,13.2,2.0,319,12,255,28.95,,0,0,0,38.2,39.9,41.0,0.39,0.34,0.37
BERK,2016-04-05 18:15:00 EDT,42.32030,-76.20319,1291,26.4,26.5,17.3,43.2,7.0,,,,,9.2,12.9,1.4,308,10,9.4,14.1,1.7,309,10,9.2,12.9,1.4,308,10,238,28.95,,0,0,0,38.2,39.9,41.0,0.39,0.34,0.37
BERK,2016-04-05 18:20:00 EDT,42.32030,-76.20319,1291,26.4,26.5,18.2,43.0,6.9,,,,,7.8,12.0,1.7,332,15,8.3,13.9,1.9,334,13,7.8,12.0,1.7,332,15,221,28.95,,0,0,0,38.2,39.8,41.0,0.39,0.34,0.37
BERK,2016-04-05 18:25:00 EDT,42.32030,-76.20319,1291,26.6,26.6,18.3,42.3,6.7,,,,,7.9,12.0,2.0,327,20,8.6,13.2,2.0,329,17,7.9,12.0,2.0,327,20,203,28.95,,0,0,0,38.2,39.8,41.0,0.39,0.34,0.37
BERK,2016-04-05 18:30:00 EDT,42.32030,-76.20319,1291,26.1,26.3,17.0,42.3,6.3,,,,,9.1,14.0,2.3,312,15,9.5,14.3,2.2,312,15,9.1,14.0,2.3,312,15,186,28.95,,0,0,0,38.2,39.9,41.0,0.39,0.34,0.37
BERK,2016-04-05 18:35:00 EDT,42.32030,-76.20319,1291,25.8,26.0,15.7,43.6,6.6,,,,,10.5,15.1,2.0,304,11,10.9,15.4,1.9,304,11,10.5,15.1,2.0,304,11,170,28.95,,0,0,0,38.2,39.8,41.0,0.39,0.34,0.37
BERK,2016-04-05 18:40:00 EDT,42.32030,-76.20319,1291,25.8,26.0,18.0,43.1,6.5,,,,,7.1,11.7,2.1,333,21,7.6,13.2,2.1,335,13,7.1,11.7,2.1,333,21,154,28.95,,0,0,0,38.2,39.8,41.0,0.39,0.34,0.37
BERK,2016-04-05 18:45:00 EDT,42.32030,-76.20319,1291,25.9,26.0,17.6,42.2,6.0,,,,,7.7,12.0,2.1,314,15,8.1,12.1,2.0,315,15,7.7,12.0,2.1,314,15,139,28.95,,0,0,0,38.2,39.8,41.0,0.39,0.34,0.37
BERK,2016-04-05 18:50:00 EDT,42.32030,-76.20319,1291,25.7,25.9,16.7,42.5,6.0,,,,,8.8,13.9,2.2,318,11,9.1,14.3,2.2,319,11,8.8,13.9,2.2,318,11,123,28.95,,0,0,0,38.2,39.8,41.0,0.39,0.34,0.37
BERK,2016-04-05 18:55:00 EDT,42.32030,-76.20319,1291,25.5,25.7,16.7,42.2,5.7,,,,,8.3,12.6,1.8,317,17,8.9,13.9,1.8,319,17,8.3,12.6,1.8,317,17,104,28.95,,0,0,0,38.2,39.8,41.0,0.39,0.34,0.37
BERK,2016-04-05 19:00:00 EDT,42.32030,-76.20319,1291,25.3,25.6,16.0,42.5,5.6,,,,,9.0,14.7,2.6,314,12,9.4,15.2,2.6,315,12,9.0,14.7,2.6,314,12,45,28.95,,0,0,0,38.2,39.8,41.0,0.39,0.34,0.37
BERK,2016-04-05 19:05:00 EDT,42.32030,-76.20319,1291,25.2,25.4,16.7,42.6,5.6,,,,,7.8,12.2,1.8,319,12,8.2,12.1,1.9,320,11,7.8,12.2,1.8,319,12,20,28.95,,0,0,0,38.2,39.8,41.0,0.39,0.34,0.37
BERK,2016-04-05 19:10:00 EDT,42.32030,-76.20319,1291,25.0,25.2,15.6,42.1,5.1,,,,,9.0,14.8,2.5,321,13,9.5,15.2,2.4,323,13,9.0,14.8,2.5,321,13,18,28.95,,0,0,0,38.2,39.8,41.0,0.39,0.34,0.37
BERK,2016-04-05 19:15:00 EDT,42.32030,-76.20319,1291,24.8,25.0,16.1,42.5,5.2,,,,,7.9,12.9,1.9,323,18,8.3,13.0,1.9,324,14,7.9,12.9,1.9,323,18,16,28.95,,0,0,0,38.2,39.8,41.0,0.39,0.34,0.37
BERK,2016-04-05 19:20:00 EDT,42.32030,-76.20319,1291,24.5,24.9,17.1,43.2,5.3,,,,,6.3,10.5,1.5,319,15,6.8,10.7,1.5,321,15,6.3,10.5,1.5,319,15,14,28.95,,0,0,0,38.2,39.7,41.0,0.39,0.34,0.37
BERK,2016-04-05 19:25:00 EDT,42.32030,-76.20319,1291,24.6,24.9,17.8,42.1,4.8,,,,,5.6,7.7,1.2,316,13,5.9,8.3,1.1,317,11,5.6,7.7,1.2,316,13,11,28.95,,0,0,0,38.1,39.7,41.0,0.39,0.34,0.37
BERK,2016-04-05 19:30:00 EDT,42.32030,-76.20319,1291,,,,,,,,,,,,,,,,,,,,,,,,,,,,,,,,,,,,
BERK,2016-04-05 19:35:00 EDT,42.32030,-76.20319,1291,24.4,24.7,15.9,42.1,4.6,,,,,7.6,10.4,1.2,313,11,7.8,11.0,1.2,314,11,7.6,10.4,1.2,313,11,6,28.94,,0,0,0,38.2,39.7,41.0,0.39,0.34,0.37
BERK,2016-04-05 19:40:00 EDT,42.32030,-76.20319,1291,24.1,24.4,16.4,42.4,4.5,,,,,6.5,8.6,1.0,311,9,6.8,9.6,1.1,313,8,6.5,8.6,1.0,311,9,4,28.95,,0,0,0,38.1,39.8,41.0,0.39,0.34,0.37
BERK,2016-04-05 19:45:00 EDT,42.32030,-76.20319,1291,23.9,24.4,17.6,43.3,4.8,,,,,5.0,7.7,1.5,329,12,5.3,8.5,1.5,329,12,5.0,7.7,1.5,329,12,2,28.95,,0,0,0,38.1,39.7,41.0,0.39,0.34,0.37
BERK,2016-04-05 19:50:00 EDT,42.32030,-76.20319,1291,23.9,24.2,17.9,42.7,4.4,,,,,4.6,8.3,1.4,334,18,5.2,9.6,1.6,336,17,4.6,8.3,1.4,334,18,1,28.94,,0,0,0,38.2,39.7,41.0,0.39,0.34,0.37
BERK,2016-04-05 19:55:00 EDT,42.32030,-76.20319,1291,23.5,24.0,17.1,42.9,4.2,,,,,5.0,7.8,1.1,323,10,5.5,8.5,1.1,323,10,5.0,7.8,1.1,323,10,0,28.94,,0,0,0,38.1,39.7,41.0,0.39,0.34,0.37
BERK,2016-04-05 20:00:00 EDT,42.32030,-76.20319,1291,23.1,23.8,18.6,45.7,5.3,,,,,3.5,5.1,0.7,322,12,3.7,6.3,0.9,322,12,3.5,5.1,0.7,322,12,0,28.94,,0,0,0,38.1,39.7,41.0,0.39,0.34,0.37
BERK,2016-04-05 20:05:00 EDT,42.32030,-76.20319,1291,23.3,23.8,17.2,43.7,4.4,,,,,4.6,7.3,1.0,321,13,4.9,8.3,1.2,322,13,4.6,7.3,1.0,321,13,0,28.95,,0,0,0,38.1,39.7,41.0,0.39,0.34,0.37
BERK,2016-04-05 20:10:00 EDT,42.32030,-76.20319,1291,22.7,23.4,18.2,43.8,4.0,,,,,3.4,5.2,0.9,325,13,3.7,5.8,1.0,327,14,3.4,5.2,0.9,325,13,0,28.95,,0,0,0,38.1,39.7,41.0,0.39,0.34,0.37
BERK,2016-04-05 20:15:00 EDT,42.32030,-76.20319,1291,21.5,22.8,21.5,53.7,7.3,,,,,1.6,2.5,0.4,347,7,2.0,2.9,0.4,349,12,1.6,2.5,0.4,347,7,0,28.95,,0,0,0,38.1,39.7,41.0,0.39,0.34,0.37
BERK,2016-04-05 20:20:00 EDT,42.32030,-76.20319,1291,21.6,22.5,21.6,54.0,7.5,,,,,1.2,1.6,0.1,343,2,1.6,2.0,0.2,343,9,1.2,1.6,0.1,343,2,0,28.95,,0,0,0,38.1,39.7,41.0,0.39,0.34,0.37
BERK,2016-04-05 20:25:00 EDT,42.32030,-76.20319,1291,21.6,22.2,21.6,50.5,6.0,,,,,0.5,1.2,0.4,347,5,1.1,1.6,0.3,349,32,0.5,1.2,0.4,347,5,0,28.95,,0,0,0,38.1,39.7,41.0,0.39,0.34,0.37
BERK,2016-04-05 20:30:00 EDT,42.32030,-76.20319,1291,21.5,22.3,21.5,50.7,6.0,,,,,1.0,1.8,0.5,303,20,1.4,2.2,0.4,302,27,1.0,1.8,0.5,303,20,0,28.95,,0,0,0,38.1,39.7,41.0,0.39,0.34,0.37
BERK,2016-04-05 20:35:00 EDT,42.32030,-76.20319,1291,21.2,21.8,21.2,53.1,6.8,,,,,1.6,2.1,0.3,273,6,1.8,2.5,0.4,280,9,1.6,2.1,0.3,273,6,0,28.95,,0,0,0,38.1,39.7,41.0,0.39,0.34,0.37
BERK,2016-04-05 20:40:00 EDT,42.32030,-76.20319,1291,20.2,21.6,20.2,54.7,6.5,,,,,0.8,1.5,0.4,311,21,1.2,2.0,0.3,309,29,0.8,1.5,0.4,311,21,0,28.95,,0,0,0,38.1,39.7,41.0,0.39,0.34,0.37
BERK,2016-04-05 20:45:00 EDT,42.32030,-76.20319,1291,20.6,21.6,20.6,53.8,6.5,,,,,0.0,0.5,0.1,328,0,0.6,1.1,0.3,302,18,0.0,0.5,0.1,328,0,0,28.95,,0,0,0,38.1,39.7,41.0,0.39,0.34,0.37
BERK,2016-04-05 20:50:00 EDT,42.32030,-76.20319,1291,19.7,21.1,19.7,60.3,8.2,,,,,0.0,0.4,0.1,328,0,0.6,1.1,0.3,6,39,0.0,0.4,0.1,328,0,0,28.95,,0,0,0,38.1,39.7,41.0,0.39,0.34,0.37
BERK,2016-04-05 20:55:00 EDT,42.32030,-76.20319,1291,19.4,20.8,19.4,64.9,9.5,,,,,0.3,1.8,0.6,42,3,1.0,2.0,0.4,81,32,0.3,1.8,0.6,42,3,0,28.95,,0,0,0,38.1,39.7,41.0,0.39,0.34,0.37
BERK,2016-04-05 21:00:00 EDT,42.32030,-76.20319,1291,19.7,20.9,19.7,61.5,8.6,,,,,0.1,1.7,0.3,51,0,0.8,1.8,0.4,95,18,0.1,1.7,0.3,51,0,0,28.95,,0,0,0,38.1,39.7,41.0,0.39,0.34,0.37
BERK,2016-04-05 21:05:00 EDT,42.32030,-76.20319,1291,19.4,20.8,19.4,64.1,9.3,,,,,0.0,0.0,0.0,0,0,0.2,0.4,0.1,243,54,0.0,0.0,0.0,0,0,0,28.95,,0,0,0,38.1,39.7,41.0,0.39,0.34,0.37
BERK,2016-04-05 21:10:00 EDT,42.32030,-76.20319,1291,17.9,20.1,17.9,59.5,6.1,,,,,0.5,1.4,0.5,22,10,1.2,2.0,0.5,13,12,0.5,1.4,0.5,22,10,0,28.95,,0,0,0,38.1,39.7,41.0,0.39,0.34,0.37
BERK,2016-04-05 21:15:00 EDT,42.32030,-76.20319,1291,18.4,20.2,18.4,60.5,7.0,,,,,0.4,1.5,0.5,344,14,0.9,1.6,0.4,348,18,0.4,1.5,0.5,344,14,0,28.95,,0,0,0,38.1,39.7,41.0,0.39,0.34,0.37
BERK,2016-04-05 21:20:00 EDT,42.32030,-76.20319,1291,17.1,19.7,17.1,65.6,7.5,,,,,1.7,3.4,1.0,305,9,1.9,3.6,0.8,310,13,1.7,3.4,1.0,305,9,0,28.96,,0,0,0,38.1,39.7,41.0,0.39,0.34,0.37
BERK,2016-04-05 21:25:00 EDT,42.32030,-76.20319,1291,16.8,19.2,16.8,66.0,7.4,,,,,2.5,3.4,0.5,307,3,2.3,3.6,0.5,312,4,2.5,3.4,0.5,307,3,0,28.96,,0,0,0,38.1,39.7,40.9,0.39,0.34,0.37
BERK,2016-04-05 21:30:00 EDT,42.32030,-76.20319,1291,16.2,18.3,10.8,68.5,7.7,,,,,3.4,3.9,0.3,312,1,3.3,4.0,0.4,313,3,3.4,3.9,0.3,312,1,0,28.96,,0,0,0,38.1,39.7,40.9,0.39,0.34,0.37
BERK,2016-04-05 21:35:00 EDT,42.32030,-76.20319,1291,16.3,18.2,10.9,70.9,8.5,,,,,3.3,3.8,0.3,311,0,3.3,4.0,0.4,314,2,3.3,3.8,0.3,311,0,0,28.96,,0,0,0,38.1,39.7,41.0,0.39,0.34,0.37
BERK,2016-04-05 21:40:00 EDT,42.32030,-76.20319,1291,15.9,18.3,10.4,71.4,8.2,,,,,3.4,3.9,0.4,314,2,3.3,4.0,0.5,315,2,3.4,3.9,0.4,314,2,0,28.96,,0,0,0,38.1,39.7,40.9,0.39,0.34,0.37
BERK,2016-04-05 21:45:00 EDT,42.32030,-76.20319,1291,15.8,18.3,10.4,71.7,8.3,,,,,3.4,4.1,0.5,314,4,3.4,4.3,0.5,313,4,3.4,4.1,0.5,314,4,0,28.96,,0,0,0,38.1,39.7,40.9,0.39,0.34,0.37
BERK,2016-04-05 21:50:00 EDT,42.32030,-76.20319,1291,16.0,18.4,16.0,68.4,7.4,,,,,3.0,3.3,0.1,303,3,3.0,3.4,0.2,303,5,3.0,3.3,0.1,303,3,0,28.96,,0,0,0,38.1,39.7,41.0,0.39,0.34,0.37
BERK,2016-04-05 21:55:00 EDT,42.32030,-76.20319,1291,15.7,17.7,15.7,70.0,7.6,,,,,2.9,3.4,0.2,298,2,3.0,3.6,0.2,298,5,2.9,3.4,0.2,298,2,0,28.95,,0,0,0,38.1,39.7,40.9,0.39,0.34,0.37
BERK,2016-04-05 22:00:00 EDT,42.32030,-76.20319,1291,14.8,16.9,9.4,71.7,7.3,,,,,3.3,3.7,0.2,322,8,3.3,3.8,0.2,324,8,3.3,3.7,0.2,322,8,0,28.95,,0,0,0,38.1,39.7,40.9,0.39,0.34,0.37
BERK,2016-04-05 22:05:00 EDT,42.32030,-76.20319,1291,16.0,17.8,16.0,68.7,7.5,,,,,2.8,3.4,0.3,328,3,2.8,3.6,0.3,324,4,2.8,3.4,0.3,328,3,0,28.95,,0,0,0,38.1,39.7,40.9,0.39,0.34,0.37
BERK,2016-04-05 22:10:00 EDT,42.32030,-76.20319,1291,15.1,17.9,15.1,68.8,6.7,,,,,2.8,3.1,0.2,311,4,2.7,3.1,0.2,310,3,2.8,3.1,0.2,311,4,0,28.95,,0,0,0,38.1,39.7,40.9,0.39,0.34,0.37
BERK,2016-04-05 22:15:00 EDT,42.32030,-76.20319,1291,14.5,16.8,8.9,72.2,7.2,,,,,3.3,3.9,0.4,303,4,3.3,4.0,0.4,304,4,3.3,3.9,0.4,303,4,0,28.95,,0,0,0,38.1,39.7,40.9,0.39,0.34,0.37
BERK,2016-04-05 22:20:00 EDT,42.32030,-76.20319,1291,14.0,16.2,14.0,74.2,7.3,,,,,2.9,3.3,0.2,314,8,2.8,3.1,0.2,317,7,2.9,3.3,0.2,314,8,0,28.95,,0,0,0,38.1,39.7,40.9,0.39,0.34,0.37
BERK,2016-04-05 22:25:00 EDT,42.32030,-76.20319,1291,14.3,16.4,9.0,74.5,7.6,,,,,3.1,3.7,0.3,332,5,3.3,3.8,0.3,333,7,3.1,3.7,0.3,332,5,0,28.95,,0,0,0,38.1,39.7,40.9,0.39,0.34,0.37
BERK,2016-04-05 22:30:00 EDT,42.32030,-76.20319,1291,14.4,17.4,8.7,73.1,7.4,,,,,3.4,3.9,0.3,327,1,3.4,4.0,0.4,326,2,3.4,3.9,0.3,327,1,0,28.95,,0,0,0,38.1,39.7,40.9,0.39,0.34,0.37
BERK,2016-04-05 22:35:00 EDT,42.32030,-76.20319,1291,14.4,16.9,8.8,72.2,7.1,,,,,3.4,3.7,0.1,315,8,3.4,3.8,0.2,312,8,3.4,3.7,0.1,315,8,0,28.95,,0,0,0,38.1,39.7,40.8,0.39,0.34,0.37
BERK,2016-04-05 22:40:00 EDT,42.32030,-76.20319,1291,14.4,17.2,8.6,71.8,6.9,,,,,3.4,3.9,0.2,302,2,3.3,3.8,0.2,304,3,3.4,3.9,0.2,302,2,0,28.95,,0,0,0,38.1,39.7,40.9,0.39,0.34,0.37
BERK,2016-04-05 22:45:00 EDT,42.32030,-76.20319,1291,12.8,15.6,12.8,76.1,6.7,,,,,3.0,3.6,0.4,327,31,3.3,3.8,0.2,337,19,3.0,3.6,0.4,327,31,0,28.95,,0,0,0,38.1,39.7,40.9,0.39,0.34,0.37
BERK,2016-04-05 22:50:00 EDT,42.32030,-76.20319,1291,13.7,15.9,13.7,76.4,7.6,,,,,1.2,2.3,0.7,0,0,1.8,2.9,0.7,0,13,1.2,2.3,0.7,0,0,0,28.95,,0,0,0,38.1,39.7,40.8,0.39,0.34,0.37
BERK,2016-04-05 22:55:00 EDT,42.32030,-76.20319,1291,13.7,16.1,13.7,75.3,7.4,,,,,1.0,2.7,1.0,307,1,1.3,2.9,0.6,307,15,1.0,2.7,1.0,307,1,0,28.95,,0,0,0,38.1,39.7,40.9,0.39,0.34,0.37
BERK,2016-04-05 23:00:00 EDT,42.32030,-76.20319,1291,14.3,16.9,9.2,71.6,6.8,,,,,3.0,3.4,0.2,308,2,2.9,3.4,0.3,311,5,3.0,3.4,0.2,308,2,0,28.95,,0,0,0,38.1,39.7,40.8,0.39,0.34,0.37
BERK,2016-04-05 23:05:00 EDT,42.32030,-76.20319,1291,13.0,15.8,7.7,74.8,6.5,,,,,3.1,3.5,0.2,312,1,3.0,3.6,0.3,312,3,3.1,3.5,0.2,312,1,0,28.95,,0,0,0,38.1,39.7,40.8,0.39,0.34,0.37
BERK,2016-04-05 23:10:00 EDT,42.32030,-76.20319,1291,12.7,14.9,12.7,76.4,6.7,,,,,2.2,3.1,0.4,310,3,2.1,3.1,0.4,308,4,2.2,3.1,0.4,310,3,0,28.95,,0,0,0,38.1,39.7,40.8,0.39,0.34,0.37
BERK,2016-04-05 23:15:00 EDT,42.32030,-76.20319,1291,12.6,15.2,12.6,77.5,6.9,,,,,1.7,2.3,0.3,318,13,1.8,2.2,0.2,336,18,1.7,2.3,0.3,318,13,0,28.94,,0,0,0,38.1,39.7,40.8,0.39,0.34,0.37
BERK,2016-04-05 23:20:00 EDT,42.32030,-76.20319,1291,13.1,15.9,13.1,76.0,6.9,,,,,0.3,1.0,0.4,342,0,1.0,1.6,0.3,47,43,0.3,1.0,0.4,342,0,0,28.94,,0,0,0,38.1,39.7,40.8,0.39,0.34,0.37
BERK,2016-04-05 23:25:00 EDT,42.32030,-76.20319,1291,14.4,15.4,14.4,72.7,7.3,,,,,0.0,0.7,0.1,342,0,0.5,1.1,0.3,309,64,0.0,0.7,0.1,342,0,0,28.94,,0,0,0,38.1,39.7,40.9,0.39,0.34,0.37
BERK,2016-04-05 23:30:00 EDT,42.32030,-76.20319,1291,12.3,15.0,12.3,74.7,5.8,,,,,0.0,0.6,0.1,342,0,0.6,1.1,0.2,4,39,0.0,0.6,0.1,342,0,0,28.94,,0,0,0,38.1,39.7,40.8,0.39,0.34,0.37
BERK,2016-04-05 23:35:00 EDT,42.32030,-76.20319,1291,12.1,15.3,12.1,78.1,6.6,,,,,0.0,0.5,0.1,342,0,0.6,1.1,0.2,37,28,0.0,0.5,0.1,342,0,0,28.94,,0,0,0,38.1,39.7,40.9,0.39,0.34,0.37
BERK,2016-04-05 23:40:00 EDT,42.32030,-76.20319,1291,12.1,14.9,12.1,78.3,6.7,,,,,1.1,2.9,1.0,321,9,1.4,2.9,0.7,320,20,1.1,2.9,1.0,321,9,0,28.94,,0,0,0,38.1,39.7,40.8,0.39,0.34,0.37
BERK,2016-04-05 23:45:00 EDT,42.32030,-76.20319,1291,11.4,14.2,4.9,80.5,6.6,,,,,3.6,4.4,0.5,310,3,3.5,4.5,0.6,309,4,3.6,4.4,0.5,310,3,0,28.94,,0,0,0,38.1,39.7,40.8,0.39,0.34,0.37
BERK,2016-04-05 23:50:00 EDT,42.32030,-76.20319,1291,11.5,14.1,4.4,81.7,7.0,,,,,4.0,4.6,0.4,308,5,4.0,4.7,0.4,312,5,4.0,4.6,0.4,308,5,0,28.94,,0,0,0,38.1,39.7,40.8,0.39,0.34,0.37
BERK,2016-04-05 23:55:00 EDT,42.32030,-76.20319,1291,12.6,14.5,12.6,76.4,6.6,,,,,2.7,3.2,0.3,316,0,2.6,3.1,0.4,318,2,2.7,3.2,0.3,316,0,0,28.94,,0,0,0,38.1,39.7,40.8,0.39,0.34,0.37
CHES,2016-04-05 00:00:00 EDT,43.65390,-73.77736,1089,13.9,15.2,13.9,70.4,6.1,,,,,2.4,3.4,0.4,330,11,2.8,4.0,0.5,327,11,2.4,3.4,0.4,330,11,0,28.94,,0,0,0,33.3,36.1,37.2,0.26,0.22,0.16
CHES,2016-04-05 00:05:00 EDT,43.65390,-73.77736,1089,13.7,15.0,13.7,70.8,5.9,,,,,2.4,3.2,0.4,326,11,2.7,4.5,0.5,322,10,2.4,3.2,0.4,326,11,0,28.94,,0,0,0,33.3,36.1,37.2,0.26,0.22,0.17
CHES,2016-04-05 00:10:00 EDT,43.65390,-73.77736,1089,13.1,14.7,13.1,72.7,6.0,,,,,2.8,4.2,0.5,320,16,2.9,4.5,0.7,317,16,2.8,4.2,0.5,320,16,0,28.94,,0,0,0,33.3,36.1,37.2,0.26,0.22,0.16
CHES,2016-04-05 00:15:00 EDT,43.65390,-73.77736,1089,12.0,14.0,12.0,77.3,6.3,,,,,2.4,3.9,0.4,316,11,2.5,3.6,0.5,312,10,2.4,3.9,0.4,316,11,0,28.94,,0,0,0,33.3,36.1,37.2,0.26,0.22,0.16
CHES,2016-04-05 00:20:00 EDT,43.65390,-73.77736,1089,12.4,13.9,12.4,78.3,6.9,,,,,2.2,3.1,0.4,312,12,2.4,3.8,0.5,309,11,2.2,3.1,0.4,312,12,0,28.94,,0,0,0,33.3,36.0,37.2,0.26,0.22,0.16
CHES,2016-04-05 00:25:00 EDT,43.65390,-73.77736,1089,11.6,13.4,11.6,77.6,6.0,,,,,2.1,2.9,0.4,279,12,2.4,3.4,0.4,276,13,2.1,2.9,0.4,279,12,0,28.94,,0,0,0,33.3,36.0,37.2,0.26,0.22,0.17
CHES,2016-04-05 00:30:00 EDT,43.65390,-73.77736,1089,12.2,13.3,12.2,78.6,6.8,,,,,2.0,2.8,0.3,293,8,2.2,3.1,0.4,293,9,2.0,2.8,0.3,293,8,0,28.94,,0,0,0,33.3,36.0,37.2,0.26,0.22,0.16
CHES,2016-04-05 00:35:00 EDT,43.65390,-73.77736,1089,11.7,13.0,11.7,79.0,6.4,,,,,1.4,1.8,0.2,305,7,1.6,2.2,0.2,303,8,1.4,1.8,0.2,305,7,0,28.94,,0,0,0,33.3,36.0,37.2,0.26,0.22,0.16
CHES,2016-04-05 00:40:00 EDT,43.65390,-73.77736,1089,11.6,13.0,11.6,81.4,7.0,,,,,1.8,2.2,0.2,302,5,2.0,2.5,0.2,301,4,1.8,2.2,0.2,302,5,0,28.94,,0,0,0,33.3,36.0,37.2,0.26,0.22,0.16
CHES,2016-04-05 00:45:00 EDT,43.65390,-73.77736,1089,11.6,13.0,11.6,81.0,6.9,,,,,1.7,2.5,0.5,305,9,1.9,2.9,0.5,306,10,1.7,2.5,0.5,305,9,0,28.94,,0,0,0,33.3,36.0,37.2,0.26,0.22,0.16
CHES,2016-04-05 00:50:00 EDT,43.65390,-73.77736,1089,11.0,13.1,11.0,81.2,6.3,,,,,1.2,2.0,0.4,311,7,1.4,2.0,0.3,309,8,1.2,2.0,0.4,311,7,0,28.94,,0,0,0,33.3,36.0,37.2,0.26,0.22,0.16
CHES,2016-04-05 00:55:00 EDT,43.65390,-73.77736,1089,10.4,13.1,10.4,83.1,6.3,,,,,0.8,1.2,0.4,303,2,1.2,1.6,0.3,302,9,0.8,1.2,0.4,303,2,0,28.95,,0,0,0,33.3,36.0,37.2,0.26,0.22,0.17
CHES,2016-04-05 01:00:00 EDT,43.65390,-73.77736,1089,10.6,13.6,10.6,83.8,6.6,,,,,0.9,1.3,0.2,309,10,1.2,1.8,0.2,308,8,0.9,1.3,0.2,309,10,0,28.95,,0,0,0,33.3,36.0,37.2,0.26,0.22,0.16
CHES,2016-04-05 01:05:00 EDT,43.65390,-73.77736,1089,10.2,13.3,10.2,83.1,6.0,,,,,0.7,1.6,0.5,296,9,1.2,1.8,0.3,288,14,0.7,1.6,0.5,296,9,0,28.95,,0,0,0,33.3,36.0,37.2,0.26,0.22,0.16
CHES,2016-04-05 01:10:00 EDT,43.65390,-73.77736,1089,10.8,13.9,10.8,84.4,7.1,,,,,1.4,2.0,0.3,297,12,1.6,2.2,0.3,295,14,1.4,2.0,0.3,297,12,0,28.95,,0,0,0,33.3,36.0,37.2,0.26,0.22,0.16
CHES,2016-04-05 01:15:00 EDT,43.65390,-73.77736,1089,10.8,13.8,10.8,82.4,6.5,,,,,1.7,2.4,0.2,320,12,1.9,3.1,0.3,318,13,1.7,2.4,0.2,320,12,0,28.95,,0,0,0,33.3,36.0,37.2,0.26,0.22,0.16
CHES,2016-04-05 01:20:00 EDT,43.65390,-73.77736,1089,10.7,13.3,10.7,82.5,6.4,,,,,1.7,2.4,0.4,320,7,1.9,2.7,0.4,316,8,1.7,2.4,0.4,320,7,0,28.95,,0,0,0,33.3,36.0,37.2,0.26,0.22,0.16
CHES,2016-04-05 01:25:00 EDT,43.65390,-73.77736,1089,11.0,12.8,11.0,82.2,6.6,,,,,1.4,1.8,0.2,321,3,1.5,2.0,0.2,316,6,1.4,1.8,0.2,321,3,0,28.95,,0,0,0,33.3,36.0,37.2,0.26,0.22,0.16
CHES,2016-04-05 01:30:00 EDT,43.65390,-73.77736,1089,10.7,12.7,10.7,82.2,6.3,,,,,1.3,2.1,0.4,313,8,1.5,2.2,0.3,313,10,1.3,2.1,0.4,313,8,0,28.95,,0,0,0,33.3,36.0,37.2,0.26,0.22,0.16
CHES,2016-04-05 01:35:00 EDT,43.65390,-73.77736,1089,10.2,12.1,10.2,83.6,6.3,,,,,0.2,0.8,0.3,332,0,1.0,1.3,0.2,325,17,0.2,0.8,0.3,332,0,0,28.95,,0,0,0,33.3,36.0,37.2,0.26,0.22,0.17
CHES,2016-04-05 01:40:00 EDT,43.65390,-73.77736,1089,9.3,11.6,9.3,84.8,5.6,,,,,0.1,0.1,0.0,338,0,0.7,1.1,0.2,312,25,0.1,0.1,0.0,338,0,0,28.95,,0,0,0,33.3,36.0,37.2,0.26,0.22,0.17
CHES,2016-04-05 01:45:00 EDT,43.65390,-73.77736,1089,9.1,11.4,9.1,86.7,5.9,,,,,0.0,0.1,0.0,335,4,0.9,1.1,0.1,303,11,0.0,0.1,0.0,335,4,0,28.95,,0,0,0,33.3,36.0,37.2,0.26,0.22,0.17
CHES,2016-04-05 01:50:00 EDT,43.65390,-73.77736,1089,9.3,11.6,9.3,89.0,6.7,,,,,1.7,2.5,0.5,294,10,2.0,2.9,0.4,292,11,1.7,2.5,0.5,294,10,0,28.96,,0,0,0,33.3,36.0,37.2,0.26,0.22,0.17
CHES,2016-04-05 01:55:00 EDT,43.65390,-73.77736,1089,9.6,12.5,9.6,88.6,6.9,,,,,1.5,2.9,0.5,319,8,1.7,3.1,0.5,316,10,1.5,2.9,0.5,319,8,0,28.96,,0,0,0,33.3,36.0,37.2,0.26,0.22,0.17
CHES,2016-04-05 02:00:00 EDT,43.65390,-73.77736,1089,9.8,12.1,9.8,87.1,6.8,,,,,1.4,2.0,0.3,317,7,1.6,2.2,0.2,315,9,1.4,2.0,0.3,317,7,0,28.96,,0,0,0,33.3,36.0,37.2,0.26,0.22,0.17
CHES,2016-04-05 02:05:00 EDT,43.65390,-73.77736,1089,10.2,12.9,10.2,86.1,6.9,,,,,1.8,2.5,0.3,306,7,1.9,2.9,0.3,304,7,1.8,2.5,0.3,306,7,0,28.96,,0,0,0,33.3,36.0,37.2,0.26,0.22,0.16
CHES,2016-04-05 02:10:00 EDT,43.65390,-73.77736,1089,10.3,12.8,10.3,84.7,6.6,,,,,1.9,3.3,0.3,307,7,2.0,3.4,0.4,305,8,1.9,3.3,0.3,307,7,0,28.96,,0,0,0,33.3,36.0,37.2,0.26,0.22,0.16
CHES,2016-04-05 02:15:00 EDT,43.65390,-73.77736,1089,9.8,12.2,9.8,84.4,6.0,,,,,1.2,2.0,0.3,321,8,1.5,2.2,0.2,319,8,1.2,2.0,0.3,321,8,0,28.96,,0,0,0,33.3,36.0,37.2,0.26,0.22,0.16
CHES,2016-04-05 02:20:00 EDT,43.65390,-73.77736,1089,8.8,11.3,8.8,85.0,5.2,,,,,0.9,1.2,0.1,314,5,1.3,1.6,0.2,312,9,0.9,1.2,0.1,314,5,0,28.96,,0,0,0,33.3,36.0,37.2,0.26,0.22,0.16
CHES,2016-04-05 02:25:00 EDT,43.65390,-73.77736,1089,9.2,11.1,9.2,86.8,6.1,,,,,1.0,1.7,0.2,333,11,1.4,2.5,0.3,332,13,1.0,1.7,0.2,333,11,0,28.96,,0,0,0,33.3,36.0,37.2,0.26,0.22,0.17
CHES,2016-04-05 02:30:00 EDT,43.65390,-73.77736,1089,9.2,10.7,9.2,86.1,5.9,,,,,1.9,3.1,0.7,335,7,2.3,3.4,0.7,331,9,1.9,3.1,0.7,335,7,0,28.96,,0,0,0,33.3,36.0,37.2,0.26,0.22,0.17
CHES,2016-04-05 02:35:00 EDT,43.65390,-73.77736,1089,9.8,11.8,9.8,85.5,6.3,,,,,2.9,3.3,0.2,317,4,3.0,3.8,0.3,313,4,2.9,3.3,0.2,317,4,0,28.96,,0,0,0,33.3,36.0,37.2,0.26,0.22,0.16
CHES,2016-04-05 02:40:00 EDT,43.65390,-73.77736,1089,9.3,11.4,9.3,83.2,5.2,,,,,2.7,3.8,0.4,305,9,2.8,4.5,0.4,303,8,2.7,3.8,0.4,305,9,0,28.96,,0,0,0,33.3,36.0,37.2,0.26,0.22,0.17
CHES,2016-04-05 02:45:00 EDT,43.65390,-73.77736,1089,8.4,11.5,8.4,84.2,4.6,,,,,2.7,3.7,0.3,299,7,2.9,4.5,0.4,298,7,2.7,3.7,0.3,299,7,0,28.96,,0,0,0,33.3,36.0,37.2,0.26,0.22,0.17
CHES,2016-04-05 02:50:00 EDT,43.65390,-73.77736,1089,9.0,11.3,9.0,85.7,5.6,,,,,2.3,2.6,0.1,293,2,2.5,2.9,0.2,293,4,2.3,2.6,0.1,293,2,0,28.96,,0,0,0,33.3,36.0,37.2,0.26,0.22,0.17
CHES,2016-04-05 02:55:00 EDT,43.65390,-73.77736,1089,9.4,11.4,9.4,84.9,5.8,,,,,1.6,2.0,0.3,296,2,1.9,2.5,0.3,296,4,1.6,2.0,0.3,296,2,0,28.96,,0,0,0,33.3,36.0,37.2,0.26,0.22,0.16
CHES,2016-04-05 03:00:00 EDT,43.65390,-73.77736,1089,9.3,11.4,9.3,84.2,5.5,,,,,0.8,1.4,0.5,291,2,1.1,1.8,0.4,294,7,0.8,1.4,0.5,291,2,0,28.96,,0,0,0,33.3,36.0,37.2,0.26,0.22,0.17
CHES,2016-04-05 03:05:00 EDT,43.65390,-73.77736,1089,8.4,10.7,8.4,84.6,4.8,,,,,0.0,0.1,0.0,290,0,0.7,1.1,0.2,282,10,0.0,0.1,0.0,290,0,0,28.96,,0,0,0,33.3,36.0,37.2,0.26,0.22,0.17
CHES,2016-04-05 03:10:00 EDT,43.65390,-73.77736,1089,8.3,10.5,8.3,86.9,5.2,,,,,0.8,1.5,0.6,283,9,1.4,1.8,0.3,281,15,0.8,1.5,0.6,283,9,0,28.97,,0,0,0,33.3,36.0,37.2,0.25,0.23,0.17
CHES,2016-04-05 03:15:00 EDT,43.65390,-73.77736,1089,8.1,10.1,8.1,87.8,5.2,,,,,1.2,1.5,0.1,315,9,1.5,1.8,0.2,313,9,1.2,1.5,0.1,315,9,0,28.97,,0,0,0,33.3,36.0,37.2,0.25,0.23,0.17
CHES,2016-04-05 03:20:00 EDT,43.65390,-73.77736,1089,7.7,9.6,1.5,87.8,4.8,,,,,3.1,4.2,0.8,318,5,3.4,4.7,0.8,315,5,3.1,4.2,0.8,318,5,0,28.97,,0,0,0,33.3,36.0,37.2,0.25,0.23,0.17
CHES,2016-04-05 03:25:00 EDT,43.65390,-73.77736,1089,7.4,10.0,-0.1,87.4,4.5,,,,,3.9,4.4,0.3,317,6,4.3,5.1,0.4,315,6,3.9,4.4,0.3,317,6,0,28.97,,0,0,0,33.3,36.0,37.2,0.25,0.22,0.17
CHES,2016-04-05 03:30:00 EDT,43.65390,-73.77736,1089,7.5,10.0,7.5,86.9,4.5,,,,,2.8,3.7,0.4,332,8,3.3,4.0,0.4,329,9,2.8,3.7,0.4,332,8,0,28.97,,0,0,0,33.3,36.0,37.2,0.25,0.23,0.17
CHES,2016-04-05 03:35:00 EDT,43.65390,-73.77736,1089,6.0,8.5,6.0,85.4,2.6,,,,,1.1,2.3,0.5,24,22,1.6,2.9,0.6,27,26,1.1,2.3,0.5,24,22,0,28.97,,0,0,0,33.3,36.0,37.2,0.25,0.23,0.17
CHES,2016-04-05 03:40:00 EDT,43.65390,-73.77736,1089,5.8,7.6,5.8,87.2,2.8,,,,,1.0,1.9,0.5,115,16,1.5,2.2,0.4,110,24,1.0,1.9,0.5,115,16,0,28.97,,0,0,0,33.3,36.0,37.2,0.25,0.22,0.17
CHES,2016-04-05 03:45:00 EDT,43.65390,-73.77736,1089,5.7,7.4,5.7,87.7,2.9,,,,,0.8,1.2,0.3,133,26,1.3,1.8,0.2,134,28,0.8,1.2,0.3,133,26,0,28.98,,0,0,0,33.3,36.0,37.2,0.25,0.22,0.17
CHES,2016-04-05 03:50:00 EDT,43.65390,-73.77736,1089,6.3,8.3,6.3,88.8,3.6,,,,,0.1,0.9,0.3,235,21,0.8,1.6,0.3,226,44,0.1,0.9,0.3,235,21,0,28.98,,0,0,0,33.3,36.0,37.2,0.25,0.22,0.17
CHES,2016-04-05 03:55:00 EDT,43.65390,-73.77736,1089,5.9,9.3,5.9,87.8,3.1,,,,,0.3,0.9,0.4,251,7,1.0,1.6,0.2,249,13,0.3,0.9,0.4,251,7,0,28.98,,0,0,0,33.3,36.0,37.2,0.26,0.22,0.17
CHES,2016-04-05 04:00:00 EDT,43.65390,-73.77736,1089,6.3,9.4,6.3,87.7,3.5,,,,,0.0,0.4,0.1,271,2,0.6,1.3,0.3,291,25,0.0,0.4,0.1,271,2,0,28.98,,0,0,0,33.3,36.0,37.2,0.26,0.22,0.17
CHES,2016-04-05 04:05:00 EDT,43.65390,-73.77736,1089,6.4,8.9,6.4,88.2,3.7,,,,,1.2,1.7,0.5,260,8,1.6,2.2,0.4,254,10,1.2,1.7,0.5,260,8,0,28.98,,0,0,0,33.3,36.0,37.2,0.25,0.22,0.17
CHES,2016-04-05 04:10:00 EDT,43.65390,-73.77736,1089,6.2,8.9,6.2,87.4,3.3,,,,,1.2,1.5,0.2,284,9,1.6,2.0,0.2,283,11,1.2,1.5,0.2,284,9,0,28.99,,0,0,0,33.3,36.0,37.2,0.26,0.22,0.17
CHES,2016-04-05 04:15:00 EDT,43.65390,-73.77736,1089,6.3,9.0,6.3,88.4,3.6,,,,,2.3,3.7,0.7,299,7,2.5,4.5,0.8,298,7,2.3,3.7,0.7,299,7,0,28.99,,0,0,0,33.3,36.0,37.2,0.26,0.22,0.17
CHES,2016-04-05 04:20:00 EDT,43.65390,-73.77736,1089,6.7,9.2,0.3,89.7,4.3,,,,,3.2,4.1,0.4,300,11,3.5,4.9,0.6,297,11,3.2,4.1,0.4,300,11,0,28.99,,0,0,0,33.3,36.0,37.2,0.26,0.23,0.17
CHES,2016-04-05 04:25:00 EDT,43.65390,-73.77736,1089,6.3,8.9,6.3,87.1,3.2,,,,,2.3,3.2,0.5,338,23,2.7,4.0,0.7,338,22,2.3,3.2,0.5,338,23,0,28.99,,0,0,0,33.2,36.0,37.2,0.26,0.23,0.17
CHES,2016-04-05 04:30:00 EDT,43.65390,-73.77736,1089,5.9,9.5,5.9,86.1,2.6,,,,,2.2,2.7,0.3,327,25,2.6,3.8,0.4,329,26,2.2,2.7,0.3,327,25,0,28.99,,0,0,0,33.2,36.0,37.2,0.26,0.22,0.17
CHES,2016-04-05 04:35:00 EDT,43.65390,-73.77736,1089,6.2,8.7,6.2,89.0,3.6,,,,,1.6,2.8,0.6,320,29,2.0,2.9,0.4,321,29,1.6,2.8,0.6,320,29,0,28.99,,0,0,0,33.2,36.0,37.2,0.25,0.22,0.17
CHES,2016-04-05 04:40:00 EDT,43.65390,-73.77736,1089,5.9,7.6,5.9,88.0,3.1,,,,,1.0,1.5,0.3,350,21,1.5,2.0,0.3,349,22,1.0,1.5,0.3,350,21,0,29.00,,0,0,0,33.2,36.0,37.2,0.25,0.23,0.16
CHES,2016-04-05 04:45:00 EDT,43.65390,-73.77736,1089,5.4,7.8,5.4,88.1,2.7,,,,,0.8,2.3,0.8,40,30,1.3,2.7,0.6,7,54,0.8,2.3,0.8,40,30,0,29.00,,0,0,0,33.2,36.0,37.2,0.25,0.23,0.16
CHES,2016-04-05 04:50:00 EDT,43.65390,-73.77736,1089,4.9,7.3,4.9,88.7,2.3,,,,,0.5,1.9,0.6,74,35,1.1,2.5,0.6,100,64,0.5,1.9,0.6,74,35,0,29.00,,0,0,0,33.2,36.0,37.2,0.25,0.22,0.17
CHES,2016-04-05 04:55:00 EDT,43.65390,-73.77736,1089,5.1,7.0,5.1,88.4,2.4,,,,,0.0,0.1,0.0,195,0,0.5,0.9,0.2,174,29,0.0,0.1,0.0,195,0,0,29.00,,0,0,0,33.2,36.0,37.2,0.25,0.22,0.17
CHES,2016-04-05 05:00:00 EDT,43.65390,-73.77736,1089,4.1,6.4,4.1,88.0,1.3,,,,,1.6,2.2,0.7,111,9,2.0,2.7,0.6,107,10,1.6,2.2,0.7,111,9,0,29.01,,0,0,0,33.2,36.0,37.2,0.25,0.22,0.17
CHES,2016-04-05 05:05:00 EDT,43.65390,-73.77736,1089,3.8,6.3,3.8,87.1,0.8,,,,,1.4,1.8,0.2,101,5,1.8,2.2,0.2,96,6,1.4,1.8,0.2,101,5,0,29.01,,0,0,0,33.2,36.0,37.2,0.25,0.23,0.17
CHES,2016-04-05 05:10:00 EDT,43.65390,-73.77736,1089,4.0,6.1,4.0,86.4,0.8,,,,,1.0,1.6,0.5,144,31,1.3,4.9,0.5,150,36,1.0,1.6,0.5,144,31,0,29.01,,0,0,0,33.2,36.0,37.2,0.25,0.22,0.17
CHES,2016-04-05 05:15:00 EDT,43.65390,-73.77736,1089,4.7,6.8,4.7,89.0,2.1,,,,,1.6,2.8,0.8,213,5,1.8,2.7,0.6,210,6,1.6,2.8,0.8,213,5,0,29.01,,0,0,0,33.2,36.0,37.2,0.25,0.22,0.17
CHES,2016-04-05 05:20:00 EDT,43.65390,-73.77736,1089,5.6,8.4,5.6,90.0,3.3,,,,,0.0,0.0,0.0,0,0,0.8,1.3,0.3,251,14,0.0,0.0,0.0,0,0,0,29.02,,0,0,0,33.2,36.0,37.2,0.25,0.22,0.17
CHES,2016-04-05 05:25:00 EDT,43.65390,-73.77736,1089,5.4,8.2,5.4,89.5,3.0,,,,,1.5,2.6,0.8,251,8,1.9,2.9,0.4,249,11,1.5,2.6,0.8,251,8,0,29.02,,0,0,0,33.1,36.0,37.2,0.25,0.22,0.16
CHES,2016-04-05 05:30:00 EDT,43.65390,-73.77736,1089,4.0,6.8,4.0,86.6,0.9,,,,,1.3,2.6,0.9,251,5,1.7,3.1,0.7,253,15,1.3,2.6,0.9,251,5,0,29.02,,0,0,0,33.1,36.0,37.2,0.25,0.22,0.17
CHES,2016-04-05 05:35:00 EDT,43.65390,-73.77736,1089,4.3,6.2,4.3,85.9,1.0,,,,,0.3,0.9,0.4,247,3,0.7,1.6,0.3,220,64,0.3,0.9,0.4,247,3,0,29.02,,0,0,0,33.1,36.0,37.2,0.25,0.22,0.16
CHES,2016-04-05 05:40:00 EDT,43.65390,-73.77736,1089,3.8,6.0,3.8,87.6,0.9,,,,,0.2,0.8,0.3,79,6,0.9,1.6,0.3,76,32,0.2,0.8,0.3,79,6,0,29.03,,0,0,0,33.1,36.0,37.2,0.25,0.22,0.17
CHES,2016-04-05 05:45:00 EDT,43.65390,-73.77736,1089,4.4,7.0,4.4,87.4,1.5,,,,,0.0,0.6,0.1,78,0,0.7,1.3,0.3,296,49,0.0,0.6,0.1,78,0,0,29.03,,0,0,0,33.1,36.0,37.2,0.25,0.22,0.17
CHES,2016-04-05 05:50:00 EDT,43.65390,-73.77736,1089,4.7,6.8,4.7,87.7,1.8,,,,,0.0,0.0,0.0,0,0,0.7,0.9,0.1,292,17,0.0,0.0,0.0,0,0,0,29.03,,0,0,0,33.1,36.0,37.2,0.25,0.22,0.17
CHES,2016-04-05 05:55:00 EDT,43.65390,-73.77736,1089,4.5,7.1,4.5,87.5,1.6,,,,,0.4,0.9,0.4,332,0,1.1,1.8,0.2,333,20,0.4,0.9,0.4,332,0,0,29.03,,0,0,0,33.1,36.0,37.2,0.25,0.23,0.16
CHES,2016-04-05 06:00:00 EDT,43.65390,-73.77736,1089,4.7,7.4,4.7,88.3,2.0,,,,,0.1,0.8,0.2,332,0,1.0,2.2,0.2,333,12,0.1,0.8,0.2,332,0,0,29.04,,0,0,0,33.1,36.0,37.2,0.25,0.22,0.16
CHES,2016-04-05 06:05:00 EDT,43.65390,-73.77736,1089,4.6,7.4,4.6,88.1,1.9,,,,,0.2,0.9,0.3,332,0,0.9,1.6,0.2,333,10,0.2,0.9,0.3,332,0,0,29.04,,0,0,0,33.1,36.0,37.2,0.25,0.22,0.17
CHES,2016-04-05 06:10:00 EDT,43.65390,-73.77736,1089,4.3,6.5,4.3,86.4,1.2,,,,,0.1,0.9,0.2,332,0,0.8,1.6,0.3,346,18,0.1,0.9,0.2,332,0,0,29.04,,0,0,0,33.1,36.0,37.2,0.25,0.22,0.16
CHES,2016-04-05 06:15:00 EDT,43.65390,-73.77736,1089,4.7,6.6,4.7,86.8,1.6,,,,,0.0,0.7,0.1,306,1,0.7,1.1,0.2,306,18,0.0,0.7,0.1,306,1,0,29.04,,0,0,0,33.1,36.0,37.2,0.25,0.22,0.16
CHES,2016-04-05 06:20:00 EDT,43.65390,-73.77736,1089,3.5,5.9,3.5,86.2,0.3,,,,,0.0,0.0,0.0,0,0,0.5,1.3,0.3,235,48,0.0,0.0,0.0,0,0,1,29.05,,0,0,0,33.1,36.0,37.2,0.25,0.22,0.16
CHES,2016-04-05 06:25:00 EDT,43.65390,-73.77736,1089,4.1,5.9,4.1,86.4,1.0,,,,,0.6,1.5,0.5,266,4,1.1,1.8,0.4,265,8,0.6,1.5,0.5,266,4,2,29.05,,0,0,0,33.1,36.0,37.2,0.25,0.22,0.16
CHES,2016-04-05 06:30:00 EDT,43.65390,-73.77736,1089,3.9,6.3,3.9,87.4,1.0,,,,,0.7,1.2,0.3,261,0,1.1,1.6,0.2,259,8,0.7,1.2,0.3,261,0,4,29.05,,0,0,0,33.1,36.0,37.2,0.25,0.22,0.16
CHES,2016-04-05 06:35:00 EDT,43.65390,-73.77736,1089,3.9,6.7,3.9,87.0,0.9,,,,,0.1,0.7,0.3,261,0,0.8,1.1,0.2,272,12,0.1,0.7,0.3,261,0,7,29.05,,0,0,0,33.1,36.0,37.2,0.25,0.22,0.16
CHES,2016-04-05 06:40:00 EDT,43.65390,-73.77736,1089,3.8,6.5,3.8,86.7,0.7,,,,,0.0,0.1,0.0,261,0,0.7,0.9,0.1,284,15,0.0,0.1,0.0,261,0,9,29.06,,0,0,0,33.1,36.0,37.2,0.25,0.22,0.16
CHES,2016-04-05 06:45:00 EDT,43.65390,-73.77736,1089,4.0,6.3,4.0,87.2,1.1,,,,,1.5,2.6,0.8,280,7,2.0,3.1,0.7,278,4,1.5,2.6,0.8,280,7,12,29.06,,0,0,0,33.1,36.0,37.2,0.25,0.22,0.16
CHES,2016-04-05 06:50:00 EDT,43.65390,-73.77736,1089,4.0,7.4,4.0,88.0,1.2,,,,,2.1,2.7,0.4,298,15,2.4,3.4,0.6,295,15,2.1,2.7,0.4,298,15,15,29.06,,0,0,0,33.1,36.0,37.2,0.25,0.22,0.16
CHES,2016-04-05 06:55:00 EDT,43.65390,-73.77736,1089,4.1,7.1,4.1,87.1,1.1,,,,,1.9,2.3,0.2,322,14,2.0,2.9,0.3,319,14,1.9,2.3,0.2,322,14,32,29.06,,0,0,0,33.1,36.0,37.2,0.25,0.22,0.16
CHES,2016-04-05 07:00:00 EDT,43.65390,-73.77736,1089,5.0,7.8,5.0,86.6,1.9,,,,,2.4,2.6,0.2,291,8,2.6,3.1,0.4,286,8,2.4,2.6,0.2,291,8,48,29.06,,0,0,0,33.1,36.0,37.2,0.25,0.22,0.16
CHES,2016-04-05 07:05:00 EDT,43.65390,-73.77736,1089,4.9,7.7,4.9,85.3,1.4,,,,,1.7,2.1,0.2,323,13,1.8,2.9,0.3,323,14,1.7,2.1,0.2,323,13,60,29.06,,0,0,0,33.1,36.0,37.2,0.25,0.22,0.16
CHES,2016-04-05 07:10:00 EDT,43.65390,-73.77736,1089,4.1,7.7,4.1,83.6,0.2,,,,,1.0,1.7,0.4,1,17,1.6,2.5,0.4,2,13,1.0,1.7,0.4,1,17,72,29.07,,0,0,0,33.1,36.0,37.2,0.25,0.22,0.16
CHES,2016-04-05 07:15:00 EDT,43.65390,-73.77736,1089,4.5,7.7,4.5,82.7,0.4,,,,,0.5,0.9,0.4,22,14,0.9,1.6,0.3,8,26,0.5,0.9,0.4,22,14,84,29.07,,0,0,0,33.1,36.0,37.2,0.25,0.22,0.16
CHES,2016-04-05 07:20:00 EDT,43.65390,-73.77736,1089,4.5,7.2,4.5,82.8,0.4,,,,,0.2,1.3,0.4,320,7,0.7,1.3,0.3,333,34,0.2,1.3,0.4,320,7,99,29.07,,0,0,0,33.1,36.0,37.2,0.25,0.22,0.16
CHES,2016-04-05 07:25:00 EDT,43.65390,-73.77736,1089,5.3,6.8,5.3,80.7,0.7,,,,,1.0,1.9,0.7,322,8,1.1,2.0,0.6,323,18,1.0,1.9,0.7,322,8,114,29.07,,0,0,0,33.1,36.0,37.2,0.25,0.22,0.16
CHES,2016-04-05 07:30:00 EDT,43.65390,-73.77736,1089,5.8,6.9,5.8,81.0,1.2,,,,,1.6,2.0,0.2,347,14,2.0,2.7,0.3,348,16,1.6,2.0,0.2,347,14,131,29.08,,0,0,0,33.1,36.0,37.2,0.25,0.22,0.16
CHES,2016-04-05 07:35:00 EDT,43.65390,-73.77736,1089,6.1,7.7,6.1,79.5,1.1,,,,,1.1,1.3,0.1,55,19,1.3,1.8,0.2,51,18,1.1,1.3,0.1,55,19,146,29.08,,0,0,0,33.1,36.0,37.2,0.25,0.22,0.16
CHES,2016-04-05 07:40:00 EDT,43.65390,-73.77736,1089,6.5,8.5,6.5,80.8,1.9,,,,,0.5,1.1,0.4,51,9,0.9,1.3,0.2,38,13,0.5,1.1,0.4,51,9,163,29.08,,0,0,0,33.1,36.0,37.2,0.25,0.22,0.16
CHES,2016-04-05 07:45:00 EDT,43.65390,-73.77736,1089,7.5,8.7,7.5,77.5,1.9,,,,,0.0,0.0,0.0,0,0,0.3,0.7,0.1,7,50,0.0,0.0,0.0,0,0,182,29.08,,0,0,0,33.1,36.0,37.2,0.25,0.22,0.16
CHES,2016-04-05 07:50:00 EDT,43.65390,-73.77736,1089,8.3,8.9,8.3,78.3,2.9,,,,,0.3,1.1,0.4,281,3,0.9,1.6,0.4,282,24,0.3,1.1,0.4,281,3,202,29.08,,0,0,0,33.1,35.9,37.2,0.25,0.22,0.16
CHES,2016-04-05 07:55:00 EDT,43.65390,-73.77736,1089,8.4,9.2,8.4,76.3,2.5,,,,,0.4,0.9,0.3,281,0,1.0,4.9,0.4,273,23,0.4,0.9,0.3,281,0,220,29.09,,0,0,0,33.1,36.0,37.2,0.25,0.22,0.16
CHES,2016-04-05 08:00:00 EDT,43.65390,-73.77736,1089,9.1,9.6,9.1,77.3,3.4,,,,,0.1,0.8,0.3,281,0,0.6,1.1,0.2,267,12,0.1,0.8,0.3,281,0,236,29.09,,0,0,0,33.1,36.0,37.2,0.25,0.22,0.16
CHES,2016-04-05 08:05:00 EDT,43.65390,-73.77736,1089,9.5,10.1,9.5,76.6,3.7,,,,,0.4,1.5,0.5,281,0,0.8,1.8,0.4,296,10,0.4,1.5,0.5,281,0,256,29.09,,0,0,0,33.1,36.0,37.2,0.25,0.22,0.16
CHES,2016-04-05 08:10:00 EDT,43.65390,-73.77736,1089,9.9,10.8,9.9,71.7,2.6,,,,,1.7,2.0,0.1,284,4,2.0,2.5,0.2,286,5,1.7,2.0,0.1,284,4,278,29.09,,0,0,0,33.1,36.0,37.2,0.25,0.22,0.16
CHES,2016-04-05 08:15:00 EDT,43.65390,-73.77736,1089,10.5,11.2,10.5,69.9,2.6,,,,,1.5,2.3,0.2,295,6,1.7,2.2,0.3,294,7,1.5,2.3,0.2,295,6,292,29.09,,0,0,0,33.1,36.0,37.2,0.25,0.22,0.16
CHES,2016-04-05 08:20:00 EDT,43.65390,-73.77736,1089,11.0,11.5,11.0,67.0,2.2,,,,,1.9,2.3,0.2,313,7,1.7,2.2,0.3,310,7,1.9,2.3,0.2,313,7,306,29.10,,0,0,0,33.1,35.9,37.2,0.25,0.22,0.16
CHES,2016-04-05 08:25:00 EDT,43.65390,-73.77736,1089,11.3,11.6,11.3,64.4,1.7,,,,,1.6,2.4,0.6,311,9,1.5,2.2,0.3,312,8,1.6,2.4,0.6,311,9,319,29.10,,0,0,0,33.1,35.9,37.1,0.25,0.22,0.16
CHES,2016-04-05 08:30:00 EDT,43.65390,-73.77736,1089,11.6,11.9,11.6,64.0,1.8,,,,,2.4,3.2,0.5,323,5,2.2,3.4,0.5,320,5,2.4,3.2,0.5,323,5,333,29.10,,0,0,0,33.1,35.9,37.1,0.25,0.22,0.16
CHES,2016-04-05 08:35:00 EDT,43.65390,-73.77736,1089,11.8,12.1,11.8,63.7,1.9,,,,,2.9,3.6,0.4,328,7,2.9,3.8,0.4,325,9,2.9,3.6,0.4,328,7,346,29.10,,0,0,0,33.1,35.9,37.1,0.25,0.22,0.16
CHES,2016-04-05 08:40:00 EDT,43.65390,-73.77736,1089,12.1,12.4,12.1,63.8,2.2,,,,,2.6,3.4,0.3,336,5,3.0,3.8,0.4,334,7,2.6,3.4,0.3,336,5,363,29.10,,0,0,0,33.1,35.9,37.1,0.25,0.22,0.16
CHES,2016-04-05 08:45:00 EDT,43.65390,-73.77736,1089,12.7,12.9,12.7,63.8,2.7,,,,,2.2,3.5,0.6,335,11,2.4,3.8,0.6,333,13,2.2,3.5,0.6,335,11,378,29.10,,0,0,0,33.1,35.9,37.1,0.25,0.22,0.16
CHES,2016-04-05 08:50:00 EDT,43.65390,-73.77736,1089,13.3,13.6,13.3,62.7,2.9,,,,,1.6,2.4,0.4,330,13,1.9,3.4,0.6,328,14,1.6,2.4,0.4,330,13,395,29.11,,0,0,0,33.1,35.9,37.1,0.25,0.22,0.16
CHES,2016-04-05 08:55:00 EDT,43.65390,-73.77736,1089,13.7,13.9,13.7,60.3,2.4,,,,,2.2,3.8,0.7,324,15,2.4,4.3,0.7,323,14,2.2,3.8,0.7,324,15,413,29.11,,0,0,0,33.1,35.9,37.1,0.25,0.22,0.16
CHES,2016-04-05 09:00:00 EDT,43.65390,-73.77736,1089,14.0,14.2,14.0,59.7,2.5,,,,,1.8,3.4,0.8,314,17,2.0,4.3,0.8,313,14,1.8,3.4,0.8,314,17,431,29.11,,0,0,0,33.1,35.9,37.1,0.25,0.22,0.16
CHES,2016-04-05 09:05:00 EDT,43.65390,-73.77736,1089,14.5,14.8,14.5,59.4,2.9,,,,,2.0,3.5,0.6,329,12,2.2,4.0,0.7,328,12,2.0,3.5,0.6,329,12,449,29.11,,0,0,0,33.1,35.9,37.0,0.25,0.22,0.16
CHES,2016-04-05 09:10:00 EDT,43.65390,-73.77736,1089,15.2,15.5,10.3,57.3,2.8,,,,,3.0,4.7,0.9,325,16,3.4,5.6,1.1,326,16,3.0,4.7,0.9,325,16,466,29.11,,0,0,0,33.1,35.9,37.1,0.25,0.22,0.16
CHES,2016-04-05 09:15:00 EDT,43.65390,-73.77736,1089,15.8,16.0,9.8,56.3,3.0,,,,,3.7,5.6,1.0,319,10,3.9,6.0,1.0,317,9,3.7,5.6,1.0,319,10,485,29.11,,0,0,0,33.1,35.8,37.0,0.25,0.22,0.16
CHES,2016-04-05 09:20:00 EDT,43.65390,-73.77736,1089,16.1,16.3,9.7,54.3,2.5,,,,,4.1,6.7,1.1,303,11,4.3,8.1,1.3,301,12,4.1,6.7,1.1,303,11,500,29.11,,0,0,0,33.1,35.8,37.1,0.25,0.22,0.16
CHES,2016-04-05 09:25:00 EDT,43.65390,-73.77736,1089,16.5,16.7,8.8,53.7,2.6,,,,,5.1,6.5,0.7,291,9,5.5,6.9,0.8,288,9,5.1,6.5,0.7,291,9,515,29.11,,0,0,0,33.1,35.8,37.0,0.25,0.22,0.16
CHES,2016-04-05 09:30:00 EDT,43.65390,-73.77736,1089,16.8,17.0,9.7,53.8,3.0,,,,,4.6,6.9,0.7,278,14,5.0,7.6,0.9,276,15,4.6,6.9,0.7,278,14,530,29.12,,0,0,0,33.1,35.8,37.1,0.25,0.22,0.16
CHES,2016-04-05 09:35:00 EDT,43.65390,-73.77736,1089,17.1,17.3,11.8,53.4,3.1,,,,,3.4,8.1,1.8,305,16,3.9,8.9,2.0,304,17,3.4,8.1,1.8,305,16,546,29.12,,0,0,0,33.1,35.8,37.1,0.25,0.22,0.16
CHES,2016-04-05 09:40:00 EDT,43.65390,-73.77736,1089,17.7,17.8,10.9,53.3,3.5,,,,,4.4,8.9,1.8,291,27,4.8,8.9,1.8,290,27,4.4,8.9,1.8,291,27,560,29.12,,0,0,0,33.1,35.8,37.1,0.25,0.22,0.16
CHES,2016-04-05 09:45:00 EDT,43.65390,-73.77736,1089,17.9,18.0,13.2,52.6,3.5,,,,,3.1,5.3,0.9,275,29,3.6,5.8,1.1,273,28,3.1,5.3,0.9,275,29,577,29.12,,0,0,0,33.1,35.8,37.0,0.25,0.22,0.16
CHES,2016-04-05 09:50:00 EDT,43.65390,-73.77736,1089,18.4,18.2,18.4,50.9,3.2,,,,,2.8,6.1,1.6,2,18,3.5,7.2,1.6,360,18,2.8,6.1,1.6,2,18,597,29.12,,0,0,0,33.1,35.8,37.0,0.25,0.22,0.16
CHES,2016-04-05 09:55:00 EDT,43.65390,-73.77736,1089,18.6,18.6,12.9,50.0,3.1,,,,,3.8,6.2,1.1,343,19,4.5,7.8,1.2,343,18,3.8,6.2,1.1,343,19,575,29.12,,0,0,0,33.1,35.8,37.1,0.25,0.22,0.16
CHES,2016-04-05 10:00:00 EDT,43.65390,-73.77736,1089,19.0,19.0,14.3,48.4,2.7,,,,,3.1,7.5,1.6,293,25,3.5,8.1,1.8,292,26,3.1,7.5,1.6,293,25,665,29.12,,0,0,0,33.1,35.8,37.1,0.25,0.22,0.16
CHES,2016-04-05 10:05:00 EDT,43.65390,-73.77736,1089,19.9,19.6,15.4,48.3,3.4,,,,,3.1,6.1,1.3,325,78,3.7,7.2,1.6,350,78,3.1,6.1,1.3,325,78,698,29.12,,0,0,0,33.1,35.8,37.1,0.25,0.22,0.16
CHES,2016-04-05 10:10:00 EDT,43.65390,-73.77736,1089,20.1,19.3,15.7,49.1,4.0,,,,,3.1,8.6,2.2,46,51,3.7,9.8,2.2,40,53,3.1,8.6,2.2,46,51,522,29.13,,0,0,0,33.1,35.8,37.0,0.25,0.22,0.16
CHES,2016-04-05 10:15:00 EDT,43.65390,-73.77736,1089,19.0,19.0,11.1,47.9,2.4,,,,,5.6,10.5,1.3,316,18,6.0,11.6,1.4,314,18,5.6,10.5,1.3,316,18,457,29.13,,0,0,0,33.1,35.8,37.0,0.25,0.22,0.16
CHES,2016-04-05 10:20:00 EDT,43.65390,-73.77736,1089,19.0,19.1,19.0,48.5,2.7,,,,,2.7,6.3,1.4,316,34,3.2,6.5,1.4,315,35,2.7,6.3,1.4,316,34,234,29.13,,0,0,0,33.1,35.8,37.1,0.25,0.22,0.16
CHES,2016-04-05 10:25:00 EDT,43.65390,-73.77736,1089,19.4,19.4,19.4,46.9,2.4,,,,,2.1,4.1,1.2,327,25,2.6,5.8,1.2,329,27,2.1,4.1,1.2,327,25,691,29.13,,0,0,0,33.1,35.8,37.1,0.25,0.22,0.16
CHES,2016-04-05 10:30:00 EDT,43.65390,-73.77736,1089,19.8,19.8,14.9,45.3,2.0,,,,,3.4,6.6,1.4,297,21,3.9,7.8,1.6,294,24,3.4,6.6,1.4,297,21,407,29.13,,0,0,0,33.1,35.8,37.0,0.25,0.22,0.16
CHES,2016-04-05 10:35:00 EDT,43.65390,-73.77736,1089,19.5,19.6,13.6,45.7,2.0,,,,,4.1,6.0,1.0,286,16,4.5,8.1,1.3,283,16,4.1,6.0,1.0,286,16,175,29.13,,0,0,0,33.1,35.8,37.1,0.25,0.22,0.16
CHES,2016-04-05 10:40:00 EDT,43.65390,-73.77736,1089,19.5,19.7,12.8,46.6,2.3,,,,,4.7,8.1,1.4,289,16,5.1,8.7,1.6,286,15,4.7,8.1,1.4,289,16,540,29.13,,0,0,0,33.1,35.8,37.0,0.25,0.22,0.16
CHES,2016-04-05 10:45:00 EDT,43.65390,-73.77736,1089,20.5,20.5,13.4,43.9,2.0,,,,,5.2,9.8,2.2,336,32,5.8,10.7,2.3,336,34,5.2,9.8,2.2,336,32,639,29.13,,0,0,0,33.1,35.8,37.0,0.25,0.22,0.16
CHES,2016-04-05 10:50:00 EDT,43.65390,-73.77736,1089,20.9,20.9,15.0,42.0,1.4,,,,,4.2,9.5,2.3,13,28,5.0,11.0,2.4,9,30,4.2,9.5,2.3,13,28,800,29.14,,0,0,0,33.1,35.8,37.0,0.25,0.22,0.16
CHES,2016-04-05 10:55:00 EDT,43.65390,-73.77736,1089,21.7,21.2,16.2,41.3,1.7,,,,,4.0,8.8,1.7,51,19,4.6,8.9,1.8,47,21,4.0,8.8,1.7,51,19,797,29.14,,0,0,0,33.1,35.8,37.0,0.25,0.22,0.16
CHES,2016-04-05 11:00:00 EDT,43.65390,-73.77736,1089,22.2,21.5,15.6,41.9,2.5,,,,,5.0,10.2,2.6,49,35,5.9,11.6,2.7,50,37,5.0,10.2,2.6,49,35,798,29.14,,0,0,0,33.1,35.8,37.0,0.25,0.22,0.16
CHES,2016-04-05 11:05:00 EDT,43.65390,-73.77736,1089,21.4,21.3,13.9,42.1,1.9,,,,,5.7,9.8,2.6,358,27,6.5,11.2,2.8,357,29,5.7,9.8,2.6,358,27,810,29.14,,0,0,0,33.1,35.8,37.0,0.25,0.22,0.16
CHES,2016-04-05 11:10:00 EDT,43.65390,-73.77736,1089,21.2,21.4,21.2,41.7,1.5,,,,,1.6,6.1,1.9,353,24,2.3,7.6,1.9,349,34,1.6,6.1,1.9,353,24,829,29.14,,0,0,0,33.1,35.8,37.0,0.25,0.22,0.16
CHES,2016-04-05 11:15:00 EDT,43.65390,-73.77736,1089,21.5,21.4,21.5,40.6,1.2,,,,,1.3,3.6,1.0,198,25,1.7,4.3,1.0,199,37,1.3,3.6,1.0,198,25,880,29.14,,0,0,0,33.1,35.8,37.1,0.25,0.22,0.16
CHES,2016-04-05 11:20:00 EDT,43.65390,-73.77736,1089,22.3,22.0,22.3,40.5,1.8,,,,,2.8,5.4,1.4,163,20,3.2,6.0,1.5,157,22,2.8,5.4,1.4,163,20,721,29.13,,0,0,0,33.1,35.8,37.0,0.25,0.22,0.16
CHES,2016-04-05 11:25:00 EDT,43.65390,-73.77736,1089,21.8,21.6,21.8,40.5,1.4,,,,,0.9,4.3,1.0,120,37,1.3,5.8,1.0,92,58,0.9,4.3,1.0,120,37,429,29.13,,0,0,0,33.1,35.8,37.0,0.25,0.22,0.16
CHES,2016-04-05 11:30:00 EDT,43.65390,-73.77736,1089,22.5,22.1,15.5,43.4,3.5,,,,,5.4,9.7,2.3,164,14,5.9,10.1,2.3,158,14,5.4,9.7,2.3,164,14,694,29.13,,0,0,0,33.1,35.8,37.0,0.25,0.22,0.16
CHES,2016-04-05 11:35:00 EDT,43.65390,-73.77736,1089,23.1,22.6,23.1,42.1,3.4,,,,,2.7,5.0,1.0,148,12,2.8,5.4,1.1,142,13,2.7,5.0,1.0,148,12,873,29.13,,0,0,0,33.1,35.8,37.0,0.25,0.22,0.16
CHES,2016-04-05 11:40:00 EDT,43.65390,-73.77736,1089,23.1,22.5,23.1,40.2,2.4,,,,,2.0,4.5,1.2,158,20,2.4,5.1,1.3,151,23,2.0,4.5,1.2,158,20,681,29.13,,0,0,0,33.1,35.8,37.0,0.25,0.22,0.16
CHES,2016-04-05 11:45:00 EDT,43.65390,-73.77736,1089,23.2,23.1,23.2,38.5,1.6,,,,,1.4,4.9,1.2,118,58,1.8,6.0,1.2,105,69,1.4,4.9,1.2,118,58,913,29.13,,0,0,0,33.1,35.8,37.1,0.25,0.22,0.16
CHES,2016-04-05 11:50:00 EDT,43.65390,-73.77736,1089,23.4,23.3,16.8,36.5,0.6,,,,,5.1,9.3,2.1,3,24,5.8,11.0,2.4,1,16,5.1,9.3,2.1,3,24,820,29.12,,0,0,0,33.1,35.8,37.0,0.25,0.22,0.16
CHES,2016-04-05 11:55:00 EDT,43.65390,-73.77736,1089,23.5,23.1,18.3,39.1,2.2,,,,,4.0,8.3,1.9,336,30,4.4,8.3,2.1,336,29,4.0,8.3,1.9,336,30,860,29.12,,0,0,0,33.1,35.8,37.0,0.25,0.22,0.16
CHES,2016-04-05 12:00:00 EDT,43.65390,-73.77736,1089,24.0,23.9,18.5,39.5,2.9,,,,,4.3,7.6,1.4,304,34,5.2,8.7,1.5,300,34,4.3,7.6,1.4,304,34,881,29.12,,0,0,0,33.1,35.8,37.0,0.25,0.22,0.16
CHES,2016-04-05 12:05:00 EDT,43.65390,-73.77736,1089,24.5,23.9,19.7,39.3,3.2,,,,,3.7,8.3,1.7,34,55,4.4,10.1,2.0,27,55,3.7,8.3,1.7,34,55,908,29.12,,0,0,0,33.1,35.8,37.0,0.25,0.22,0.16
CHES,2016-04-05 12:10:00 EDT,43.65390,-73.77736,1089,24.1,24.0,19.0,35.8,0.8,,,,,4.0,8.0,2.0,317,40,4.5,10.1,2.3,316,40,4.0,8.0,2.0,317,40,696,29.11,,0,0,0,33.1,35.8,37.0,0.25,0.22,0.16
CHES,2016-04-05 12:15:00 EDT,43.65390,-73.77736,1089,25.1,24.9,18.8,37.8,2.9,,,,,5.1,9.8,2.0,358,31,5.9,10.1,2.3,354,31,5.1,9.8,2.0,358,31,803,29.11,,0,0,0,33.1,35.8,37.0,0.25,0.22,0.16
CHES,2016-04-05 12:20:00 EDT,43.65390,-73.77736,1089,24.9,24.8,20.5,37.1,2.3,,,,,3.6,7.3,1.7,302,51,4.2,9.8,1.8,299,51,3.6,7.3,1.7,302,51,842,29.11,,0,0,0,33.1,35.8,37.0,0.25,0.22,0.16
CHES,2016-04-05 12:25:00 EDT,43.65390,-73.77736,1089,25.1,25.0,19.6,39.2,3.7,,,,,4.4,7.5,1.6,252,32,5.1,8.7,1.6,252,32,4.4,7.5,1.6,252,32,910,29.11,,0,0,0,33.1,35.8,37.0,0.25,0.22,0.16
CHES,2016-04-05 12:30:00 EDT,43.65390,-73.77736,1089,25.3,25.3,16.5,37.4,2.9,,,,,8.3,16.2,4.6,299,19,9.0,18.3,4.7,298,19,8.3,16.2,4.6,299,19,915,29.11,,0,0,0,33.1,35.8,37.0,0.25,0.22,0.16
CHES,2016-04-05 12:35:00 EDT,43.65390,-73.77736,1089,25.2,25.1,18.4,36.3,2.1,,,,,5.7,13.6,3.3,320,24,6.4,15.4,3.6,320,22,5.7,13.6,3.3,320,24,913,29.11,,0,0,0,33.1,35.8,37.0,0.25,0.22,0.16
CHES,2016-04-05 12:40:00 EDT,43.65390,-73.77736,1089,25.9,25.8,16.7,37.5,3.5,,,,,9.1,14.2,2.7,312,23,9.8,15.9,2.8,308,23,9.1,14.2,2.7,312,23,888,29.11,,0,0,0,33.1,35.8,37.0,0.25,0.22,0.16
CHES,2016-04-05 12:45:00 EDT,43.65390,-73.77736,1089,25.2,25.1,17.4,35.5,1.6,,,,,6.8,14.8,2.9,300,21,7.4,13.9,2.9,299,22,6.8,14.8,2.9,300,21,883,29.11,,0,0,0,33.1,35.8,37.0,0.25,0.22,0.16
CHES,2016-04-05 12:50:00 EDT,43.65390,-73.77736,1089,25.8,25.6,16.3,37.4,3.3,,,,,9.7,18.0,4.6,277,20,10.7,20.4,4.8,273,21,9.7,18.0,4.6,277,20,886,29.11,,0,0,0,33.1,35.8,37.0,0.25,0.22,0.16
CHES,2016-04-05 12:55:00 EDT,43.65390,-73.77736,1089,26.1,25.8,15.9,38.1,4.0,,,,,10.9,15.6,1.7,292,23,11.8,16.1,2.1,289,22,10.9,15.6,1.7,292,23,637,29.11,,0,0,0,33.1,35.8,37.0,0.25,0.22,0.16
CHES,2016-04-05 13:00:00 EDT,43.65390,-73.77736,1089,25.6,25.5,18.1,35.9,2.2,,,,,6.6,14.0,2.7,299,17,7.2,15.7,2.9,297,16,6.6,14.0,2.7,299,17,861,29.11,,0,0,0,33.1,35.8,37.0,0.25,0.22,0.16
CHES,2016-04-05 13:05:00 EDT,43.65390,-73.77736,1089,27.0,26.9,19.6,36.9,4.1,,,,,6.9,14.3,2.6,305,26,7.6,14.3,2.9,303,27,6.9,14.3,2.6,305,26,879,29.10,,0,0,0,33.1,35.8,37.0,0.25,0.22,0.16
CHES,2016-04-05 13:10:00 EDT,43.65390,-73.77736,1089,26.3,26.1,16.1,36.0,2.9,,,,,10.9,16.0,3.4,273,12,11.9,17.2,3.7,271,11,10.9,16.0,3.4,273,12,888,29.10,,0,0,0,33.1,35.8,37.0,0.25,0.22,0.16
CHES,2016-04-05 13:15:00 EDT,43.65390,-73.77736,1089,26.7,26.4,21.4,35.9,3.2,,,,,4.5,11.0,3.1,288,33,5.2,12.5,3.3,287,35,4.5,11.0,3.1,288,33,886,29.10,,0,0,0,33.1,35.8,37.0,0.25,0.22,0.16
CHES,2016-04-05 13:20:00 EDT,43.65390,-73.77736,1089,26.9,26.6,18.9,34.5,2.6,,,,,7.7,14.5,2.7,315,20,8.5,16.6,2.6,314,21,7.7,14.5,2.7,315,20,901,29.10,,0,0,0,33.1,35.8,37.0,0.25,0.22,0.16
CHES,2016-04-05 13:25:00 EDT,43.65390,-73.77736,1089,26.7,26.5,17.8,34.6,2.5,,,,,8.9,18.5,3.6,277,24,9.8,20.8,3.9,272,25,8.9,18.5,3.6,277,24,656,29.10,,0,0,0,33.1,35.8,37.0,0.25,0.22,0.16
CHES,2016-04-05 13:30:00 EDT,43.65390,-73.77736,1089,26.9,26.7,16.5,32.7,1.4,,,,,11.7,17.4,2.3,304,16,12.4,19.7,2.8,300,17,11.7,17.4,2.3,304,16,868,29.10,,0,0,0,33.1,35.8,37.0,0.25,0.22,0.16
CHES,2016-04-05 13:35:00 EDT,43.65390,-73.77736,1089,27.1,26.8,18.5,33.7,2.2,,,,,8.6,14.4,2.4,308,25,9.5,17.4,2.7,305,24,8.6,14.4,2.4,308,25,864,29.10,,0,0,0,33.1,35.8,37.0,0.25,0.22,0.16
CHES,2016-04-05 13:40:00 EDT,43.65390,-73.77736,1089,26.6,26.4,18.0,32.8,1.2,,,,,8.4,15.5,2.6,276,26,9.0,16.8,3.0,273,25,8.4,15.5,2.6,276,26,866,29.09,,0,0,0,33.1,35.8,37.0,0.25,0.22,0.16
CHES,2016-04-05 13:45:00 EDT,43.65390,-73.77736,1089,27.4,27.3,17.8,32.7,1.8,,,,,10.3,16.6,3.3,298,17,10.9,19.0,3.5,297,17,10.3,16.6,3.3,298,17,863,29.09,,0,0,0,33.1,35.8,37.0,0.25,0.22,0.16
CHES,2016-04-05 13:50:00 EDT,43.65390,-73.77736,1089,26.9,26.7,18.1,32.2,1.1,,,,,8.8,13.5,2.2,306,23,9.3,15.4,2.4,305,23,8.8,13.5,2.2,306,23,853,29.09,,0,0,0,33.1,35.8,37.0,0.25,0.22,0.16
CHES,2016-04-05 13:55:00 EDT,43.65390,-73.77736,1089,27.5,27.2,21.3,32.7,1.9,,,,,5.5,9.2,1.5,240,39,6.1,10.1,1.5,237,39,5.5,9.2,1.5,240,39,848,29.09,,0,0,0,33.1,35.8,37.0,0.25,0.22,0.16
CHES,2016-04-05 14:00:00 EDT,43.65390,-73.77736,1089,28.4,28.0,20.3,33.6,3.4,,,,,8.3,18.9,4.4,328,30,9.1,20.4,4.2,327,31,8.3,18.9,4.4,328,30,845,29.09,,0,0,0,33.1,35.8,37.0,0.25,0.22,0.16
CHES,2016-04-05 14:05:00 EDT,43.65390,-73.77736,1089,27.8,27.5,18.3,31.1,1.1,,,,,10.4,14.8,2.5,305,18,11.2,17.2,2.6,302,18,10.4,14.8,2.5,305,18,838,29.09,,0,0,0,33.1,35.8,37.0,0.25,0.22,0.16
CHES,2016-04-05 14:10:00 EDT,43.65390,-73.77736,1089,27.7,27.4,18.4,30.7,0.7,,,,,9.9,16.6,3.0,297,31,10.6,18.8,3.2,294,30,9.9,16.6,3.0,297,31,831,29.09,,0,0,0,33.1,35.7,37.0,0.25,0.22,0.16
CHES,2016-04-05 14:15:00 EDT,43.65390,-73.77736,1089,27.6,27.4,18.2,30.3,0.4,,,,,10.2,16.3,2.4,278,15,11.2,18.1,2.8,275,15,10.2,16.3,2.4,278,15,825,29.09,,0,0,0,33.1,35.8,37.0,0.25,0.22,0.16
CHES,2016-04-05 14:20:00 EDT,43.65390,-73.77736,1089,28.3,28.0,19.8,30.1,0.8,,,,,8.8,14.8,2.7,320,29,9.8,15.4,3.0,319,28,8.8,14.8,2.7,320,29,818,29.09,,0,0,0,33.1,35.7,37.0,0.25,0.22,0.16
CHES,2016-04-05 14:25:00 EDT,43.65390,-73.77736,1089,28.2,27.9,21.7,29.6,0.4,,,,,5.9,13.7,2.9,322,29,6.7,14.5,2.9,323,28,5.9,13.7,2.9,322,29,812,29.09,,0,0,0,33.1,35.8,37.0,0.25,0.22,0.16
CHES,2016-04-05 14:30:00 EDT,43.65390,-73.77736,1089,28.5,28.3,19.4,29.4,0.6,,,,,10.1,14.7,2.1,298,16,10.9,16.8,2.4,296,16,10.1,14.7,2.1,298,16,808,29.08,,0,0,0,33.1,35.7,37.0,0.25,0.22,0.16
CHES,2016-04-05 14:35:00 EDT,43.65390,-73.77736,1089,28.0,27.7,20.3,28.4,-0.7,,,,,7.4,13.0,3.6,292,38,8.1,15.7,3.6,289,39,7.4,13.0,3.6,292,38,799,29.08,,0,0,0,33.1,35.7,37.0,0.25,0.22,0.16
CHES,2016-04-05 14:40:00 EDT,43.65390,-73.77736,1089,28.3,27.9,19.4,28.3,-0.5,,,,,9.4,13.7,2.1,274,17,10.5,15.2,2.4,273,17,9.4,13.7,2.1,274,17,791,29.08,,0,0,0,33.1,35.7,37.0,0.25,0.22,0.16
CHES,2016-04-05 14:45:00 EDT,43.65390,-73.77736,1089,29.2,28.9,19.7,28.1,0.2,,,,,11.1,19.7,3.2,309,16,12.1,20.8,3.1,307,16,11.1,19.7,3.2,309,16,782,29.08,,0,0,0,33.1,35.7,37.0,0.25,0.22,0.16
CHES,2016-04-05 14:50:00 EDT,43.65390,-73.77736,1089,29.2,29.0,20.2,27.5,-0.3,,,,,10.2,17.3,3.6,306,17,11.1,18.8,3.4,304,16,10.2,17.3,3.6,306,17,774,29.08,,0,0,0,33.1,35.7,37.0,0.25,0.22,0.16
CHES,2016-04-05 14:55:00 EDT,43.65390,-73.77736,1089,29.2,28.8,19.7,27.2,-0.6,,,,,11.0,16.9,2.6,306,24,11.5,17.9,2.7,305,25,11.0,16.9,2.6,306,24,766,29.08,,0,0,0,33.1,35.6,37.0,0.25,0.22,0.16
CHES,2016-04-05 15:00:00 EDT,43.65390,-73.77736,1089,29.8,29.3,21.2,27.7,0.4,,,,,9.5,15.4,2.9,300,28,10.3,17.2,3.1,297,27,9.5,15.4,2.9,300,28,757,29.08,,0,0,0,33.1,35.6,37.0,0.25,0.22,0.16
CHES,2016-04-05 15:05:00 EDT,43.65390,-73.77736,1089,29.5,29.1,20.0,24.8,-2.2,,,,,11.1,15.6,2.1,312,17,11.5,18.6,2.4,311,18,11.1,15.6,2.1,312,17,749,29.08,,0,0,0,33.1,35.6,37.0,0.25,0.22,0.16
CHES,2016-04-05 15:10:00 EDT,43.65390,-73.77736,1089,29.4,29.1,20.3,24.9,-2.2,,,,,10.3,18.2,3.5,314,17,10.8,17.9,3.7,312,15,10.3,18.2,3.5,314,17,738,29.08,,0,0,0,33.1,35.6,37.0,0.25,0.22,0.16
CHES,2016-04-05 15:15:00 EDT,43.65390,-73.77736,1089,30.1,29.8,21.7,25.9,-0.8,,,,,9.5,16.1,2.7,299,17,10.3,17.9,2.9,296,16,9.5,16.1,2.7,299,17,727,29.08,,0,0,0,33.1,35.6,37.0,0.25,0.22,0.16
CHES,2016-04-05 15:20:00 EDT,43.65390,-73.77736,1089,30.0,29.6,20.9,25.1,-1.5,,,,,10.7,17.7,3.4,292,19,11.7,19.5,3.8,291,18,10.7,17.7,3.4,292,19,716,29.07,,0,0,0,33.1,35.6,37.0,0.25,0.22,0.16
CHES,2016-04-05 15:25:00 EDT,43.65390,-73.77736,1089,30.1,29.8,20.8,24.2,-2.2,,,,,11.0,21.3,3.2,327,16,11.6,21.3,3.2,326,15,11.0,21.3,3.2,327,16,706,29.07,,0,0,0,33.1,35.6,37.0,0.25,0.22,0.16
CHES,2016-04-05 15:30:00 EDT,43.65390,-73.77736,1089,29.7,29.4,22.7,25.0,-1.9,,,,,7.1,11.5,2.0,327,22,8.0,13.6,2.1,325,21,7.1,11.5,2.0,327,22,696,29.07,,0,0,0,33.1,35.6,37.0,0.25,0.22,0.16
CHES,2016-04-05 15:35:00 EDT,43.65390,-73.77736,1089,29.7,29.5,22.9,24.4,-2.4,,,,,6.8,10.2,1.5,284,23,7.3,11.2,1.7,281,22,6.8,10.2,1.5,284,23,685,29.07,,0,0,0,33.1,35.6,37.0,0.25,0.22,0.16
CHES,2016-04-05 15:40:00 EDT,43.65390,-73.77736,1089,30.5,30.1,22.1,25.3,-1.0,,,,,9.6,15.3,2.8,292,16,10.7,16.1,3.0,290,15,9.6,15.3,2.8,292,16,673,29.07,,0,0,0,33.1,35.6,37.0,0.25,0.22,0.16
CHES,2016-04-05 15:45:00 EDT,43.65390,-73.77736,1089,30.1,29.7,23.3,25.2,-1.4,,,,,6.8,12.1,2.4,296,19,7.6,13.6,2.8,293,18,6.8,12.1,2.4,296,19,660,29.07,,0,0,0,33.1,35.6,37.0,0.25,0.22,0.16
CHES,2016-04-05 15:50:00 EDT,43.65390,-73.77736,1089,30.3,30.0,21.4,24.7,-1.6,,,,,10.6,17.9,2.6,323,26,11.5,18.6,2.9,323,25,10.6,17.9,2.6,323,26,648,29.07,,0,0,0,33.1,35.6,37.0,0.25,0.22,0.16
CHES,2016-04-05 15:55:00 EDT,43.65390,-73.77736,1089,30.6,30.3,24.6,25.4,-0.7,,,,,6.0,11.0,1.9,298,20,6.7,12.5,2.1,295,22,6.0,11.0,1.9,298,20,636,29.07,,0,0,0,33.1,35.6,37.0,0.25,0.22,0.16
CHES,2016-04-05 16:00:00 EDT,43.65390,-73.77736,1089,30.9,30.5,20.8,24.5,-1.3,,,,,13.6,22.7,4.0,291,23,14.9,25.1,4.4,289,23,13.6,22.7,4.0,291,23,624,29.07,,0,0,0,33.1,35.6,37.0,0.25,0.22,0.16
CHES,2016-04-05 16:05:00 EDT,43.65390,-73.77736,1089,30.6,30.2,20.5,23.8,-2.2,,,,,13.0,22.7,3.4,293,13,14.1,23.5,3.6,290,11,13.0,22.7,3.4,293,13,610,29.07,,0,0,0,33.1,35.6,37.0,0.25,0.22,0.16
CHES,2016-04-05 16:10:00 EDT,43.65390,-73.77736,1089,30.5,30.1,20.7,24.2,-1.8,,,,,12.6,18.8,2.4,291,15,13.5,22.4,2.7,290,13,12.6,18.8,2.4,291,15,597,29.07,,0,0,0,33.1,35.6,37.0,0.25,0.22,0.16
CHES,2016-04-05 16:15:00 EDT,43.65390,-73.77736,1089,30.4,30.1,21.9,23.3,-2.7,,,,,9.7,16.6,2.7,321,20,10.6,17.0,2.7,319,20,9.7,16.6,2.7,321,20,583,29.07,,0,0,0,33.1,35.6,37.0,0.25,0.22,0.16
CHES,2016-04-05 16:20:00 EDT,43.65390,-73.77736,1089,30.5,30.2,20.6,23.0,-2.9,,,,,12.7,18.6,3.0,296,15,13.4,21.7,3.3,294,15,12.7,18.6,3.0,296,15,569,29.07,,0,0,0,33.1,35.6,37.0,0.25,0.22,0.16
CHES,2016-04-05 16:25:00 EDT,43.65390,-73.77736,1089,31.0,30.5,23.6,23.9,-1.7,,,,,8.1,13.9,2.4,282,18,8.9,15.4,2.7,280,17,8.1,13.9,2.4,282,18,556,29.07,,0,0,0,33.1,35.6,36.9,0.25,0.22,0.16
CHES,2016-04-05 16:30:00 EDT,43.65390,-73.77736,1089,31.7,31.2,23.6,23.6,-1.4,,,,,9.6,14.2,2.2,315,25,10.3,15.4,2.5,313,24,9.6,14.2,2.2,315,25,540,29.07,,0,0,0,33.1,35.6,36.9,0.26,0.22,0.16
CHES,2016-04-05 16:35:00 EDT,43.65390,-73.77736,1089,31.2,30.8,21.7,22.6,-2.8,,,,,12.0,18.3,2.8,320,13,12.6,18.6,2.7,319,13,12.0,18.3,2.8,320,13,526,29.07,,0,0,0,33.1,35.6,37.0,0.26,0.22,0.16
CHES,2016-04-05 16:40:00 EDT,43.65390,-73.77736,1089,31.0,30.7,22.6,24.0,-1.6,,,,,9.9,15.8,2.8,319,17,10.9,17.7,2.8,318,18,9.9,15.8,2.8,319,17,510,29.07,,0,0,0,33.1,35.6,37.0,0.26,0.22,0.16
CHES,2016-04-05 16:45:00 EDT,43.65390,-73.77736,1089,31.1,30.8,23.2,23.9,-1.7,,,,,8.9,16.4,3.8,304,19,9.8,18.8,3.8,302,20,8.9,16.4,3.8,304,19,495,29.07,,0,0,0,33.1,35.6,36.9,0.26,0.22,0.16
CHES,2016-04-05 16:50:00 EDT,43.65390,-73.77736,1089,30.8,30.4,23.4,23.6,-2.2,,,,,8.0,14.8,2.3,275,18,9.1,17.4,2.7,272,17,8.0,14.8,2.3,275,18,480,29.07,,0,0,0,33.1,35.6,36.9,0.26,0.22,0.16
CHES,2016-04-05 16:55:00 EDT,43.65390,-73.77736,1089,31.1,30.6,21.6,24.3,-1.3,,,,,12.0,20.8,3.3,290,19,13.1,21.5,3.4,287,19,12.0,20.8,3.3,290,19,464,29.07,,0,0,0,33.1,35.6,36.9,0.26,0.22,0.16
CHES,2016-04-05 17:00:00 EDT,43.65390,-73.77736,1089,30.9,30.5,22.0,24.2,-1.6,,,,,10.6,16.1,2.8,301,16,11.3,18.3,3.0,297,16,10.6,16.1,2.8,301,16,449,29.07,,0,0,0,33.1,35.6,36.9,0.26,0.22,0.16
CHES,2016-04-05 17:05:00 EDT,43.65390,-73.77736,1089,30.8,30.5,21.2,23.2,-2.5,,,,,12.1,19.1,3.1,312,14,12.5,19.2,3.0,310,12,12.1,19.1,3.1,312,14,433,29.07,,0,0,0,33.1,35.6,36.9,0.26,0.22,0.16
CHES,2016-04-05 17:10:00 EDT,43.65390,-73.77736,1089,30.4,30.2,21.6,23.4,-2.7,,,,,10.5,20.9,4.2,322,30,11.3,23.0,4.4,320,31,10.5,20.9,4.2,322,30,417,29.07,,0,0,0,33.1,35.6,36.9,0.26,0.22,0.16
CHES,2016-04-05 17:15:00 EDT,43.65390,-73.77736,1089,30.8,30.4,23.3,23.4,-2.4,,,,,8.0,18.0,2.6,284,21,9.0,22.1,3.2,280,18,8.0,18.0,2.6,284,21,401,29.07,,0,0,0,33.1,35.6,36.9,0.26,0.22,0.16
CHES,2016-04-05 17:20:00 EDT,43.65390,-73.77736,1089,31.2,30.8,22.0,23.5,-2.0,,,,,11.3,17.6,2.9,288,15,12.6,21.9,3.5,284,13,11.3,17.6,2.9,288,15,384,29.07,,0,0,0,33.1,35.6,36.9,0.26,0.22,0.16
CHES,2016-04-05 17:25:00 EDT,43.65390,-73.77736,1089,30.8,30.5,21.9,23.7,-2.1,,,,,10.5,17.5,3.1,284,15,11.6,19.9,3.5,280,14,10.5,17.5,3.1,284,15,367,29.08,,0,0,0,33.1,35.6,36.9,0.26,0.22,0.16
CHES,2016-04-05 17:30:00 EDT,43.65390,-73.77736,1089,31.0,30.7,23.7,24.4,-1.2,,,,,7.9,17.4,4.0,291,15,8.9,17.9,4.1,288,16,7.9,17.4,4.0,291,15,351,29.07,,0,0,0,33.1,35.6,36.9,0.26,0.22,0.16
CHES,2016-04-05 17:35:00 EDT,43.65390,-73.77736,1089,30.9,30.7,22.6,23.4,-2.2,,,,,9.6,15.0,2.7,323,19,10.3,16.1,3.0,323,20,9.6,15.0,2.7,323,19,335,29.07,,0,0,0,33.1,35.6,36.9,0.26,0.22,0.16
CHES,2016-04-05 17:40:00 EDT,43.65390,-73.77736,1089,30.9,30.7,22.4,23.6,-2.1,,,,,9.9,15.6,2.4,317,19,10.7,16.8,2.4,316,19,9.9,15.6,2.4,317,19,317,29.08,,0,0,0,33.1,35.6,36.9,0.26,0.22,0.16
CHES,2016-04-05 17:45:00 EDT,43.65390,-73.77736,1089,30.7,30.6,23.8,23.1,-2.7,,,,,7.3,11.2,2.0,300,21,8.1,14.3,2.1,298,19,7.3,11.2,2.0,300,21,302,29.08,,0,0,0,33.1,35.6,36.9,0.26,0.22,0.16
CHES,2016-04-05 17:50:00 EDT,43.65390,-73.77736,1089,30.6,30.5,21.6,22.9,-2.9,,,,,10.8,18.8,2.8,298,18,11.7,20.6,3.0,295,16,10.8,18.8,2.8,298,18,286,29.08,,0,0,0,33.1,35.6,36.9,0.26,0.22,0.16
CHES,2016-04-05 17:55:00 EDT,43.65390,-73.77736,1089,30.4,30.3,22.8,23.3,-2.7,,,,,8.2,14.1,2.6,301,19,9.1,16.1,2.7,299,18,8.2,14.1,2.6,301,19,269,29.08,,0,0,0,33.1,35.6,36.9,0.26,0.22,0.16
CHES,2016-04-05 18:00:00 EDT,43.65390,-73.77736,1089,30.5,30.3,23.0,23.0,-3.0,,,,,7.9,14.4,2.2,295,16,8.8,16.3,2.6,292,13,7.9,14.4,2.2,295,16,252,29.08,,0,0,0,33.1,35.6,36.9,0.26,0.22,0.16
CHES,2016-04-05 18:05:00 EDT,43.65390,-73.77736,1089,30.2,30.1,20.6,22.1,-4.0,,,,,11.8,17.1,2.5,315,16,12.5,18.8,2.6,314,17,11.8,17.1,2.5,315,16,235,29.08,,0,0,0,33.1,35.6,36.9,0.26,0.22,0.16
CHES,2016-04-05 18:10:00 EDT,43.65390,-73.77736,1089,30.2,30.1,21.4,22.0,-4.2,,,,,10.1,15.6,2.3,305,16,10.8,17.4,2.4,302,16,10.1,15.6,2.3,305,16,219,29.08,,0,0,0,33.1,35.6,36.9,0.26,0.22,0.16
CHES,2016-04-05 18:15:00 EDT,43.65390,-73.77736,1089,30.1,30.0,22.1,22.8,-3.5,,,,,8.6,18.0,2.8,309,18,9.5,17.0,2.8,306,16,8.6,18.0,2.8,309,18,203,29.08,,0,0,0,33.1,35.6,36.9,0.26,0.22,0.16
CHES,2016-04-05 18:20:00 EDT,43.65390,-73.77736,1089,29.9,29.9,21.4,22.5,-4.0,,,,,9.5,14.8,2.4,307,16,10.2,15.7,2.6,304,16,9.5,14.8,2.4,307,16,188,29.08,,0,0,0,33.1,35.6,36.9,0.26,0.22,0.16
CHES,2016-04-05 18:25:00 EDT,43.65390,-73.77736,1089,29.9,29.9,22.9,22.9,-3.6,,,,,7.0,10.9,1.9,305,18,7.5,11.6,2.1,303,19,7.0,10.9,1.9,305,18,172,29.08,,0,0,0,33.1,35.6,36.9,0.26,0.22,0.16
CHES,2016-04-05 18:30:00 EDT,43.65390,-73.77736,1089,29.9,29.9,21.5,23.3,-3.2,,,,,9.2,14.0,2.1,296,19,10.1,15.7,2.2,294,18,9.2,14.0,2.1,296,19,157,29.08,,0,0,0,33.1,35.6,36.9,0.26,0.22,0.16
CHES,2016-04-05 18:35:00 EDT,43.65390,-73.77736,1089,29.8,29.8,22.8,23.2,-3.4,,,,,7.1,10.9,1.8,315,22,7.7,12.1,2.0,314,24,7.1,10.9,1.8,315,22,141,29.08,,0,0,0,33.1,35.6,36.9,0.26,0.22,0.16
CHES,2016-04-05 18:40:00 EDT,43.65390,-73.77736,1089,29.8,29.8,22.5,23.0,-3.5,,,,,7.6,11.7,1.8,313,17,8.0,11.9,1.8,310,16,7.6,11.7,1.8,313,17,126,29.08,,0,0,0,33.1,35.6,36.9,0.26,0.22,0.16
CHES,2016-04-05 18:45:00 EDT,43.65390,-73.77736,1089,29.6,29.7,23.6,24.4,-2.5,,,,,5.7,10.2,1.6,317,20,6.6,11.4,1.7,315,20,5.7,10.2,1.6,317,20,108,29.08,,0,0,0,33.1,35.6,36.9,0.26,0.22,0.16
CHES,2016-04-05 18:50:00 EDT,43.65390,-73.77736,1089,29.4,29.5,22.9,24.4,-2.6,,,,,6.3,11.6,1.9,314,13,6.9,11.9,1.9,312,13,6.3,11.6,1.9,314,13,90,29.08,,0,0,0,33.1,35.6,36.9,0.26,0.22,0.16
CHES,2016-04-05 18:55:00 EDT,43.65390,-73.77736,1089,29.2,29.4,24.2,24.7,-2.5,,,,,4.6,6.6,1.1,316,19,5.0,7.2,1.1,314,19,4.6,6.6,1.1,316,19,72,29.08,,0,0,0,33.1,35.6,36.9,0.26,0.22,0.16
CHES,2016-04-05 19:00:00 EDT,43.65390,-73.77736,1089,29.1,29.2,22.3,24.7,-2.7,,,,,6.6,9.9,1.5,312,12,6.8,11.2,1.4,310,10,6.6,9.9,1.5,312,12,56,29.08,,0,0,0,33.1,35.6,36.9,0.26,0.22,0.16
CHES,2016-04-05 19:05:00 EDT,43.65390,-73.77736,1089,28.7,29.0,22.8,24.8,-2.9,,,,,5.4,8.7,1.3,312,14,5.8,10.1,1.4,309,13,5.4,8.7,1.3,312,14,42,29.08,,0,0,0,33.1,35.6,36.9,0.26,0.22,0.16
CHES,2016-04-05 19:10:00 EDT,43.65390,-73.77736,1089,28.5,28.7,23.5,25.1,-2.8,,,,,4.5,7.6,1.5,319,16,5.0,7.8,1.5,319,17,4.5,7.6,1.5,319,16,26,29.08,,0,0,0,33.1,35.6,36.9,0.26,0.22,0.16
CHES,2016-04-05 19:15:00 EDT,43.65390,-73.77736,1089,28.2,28.5,21.4,25.9,-2.4,,,,,6.4,10.8,1.9,320,13,6.9,11.6,2.0,319,14,6.4,10.8,1.9,320,13,13,29.08,,0,0,0,33.1,35.6,36.9,0.26,0.22,0.16
CHES,2016-04-05 19:20:00 EDT,43.65390,-73.77736,1089,28.0,28.3,21.3,26.5,-2.1,,,,,6.1,10.7,1.5,314,15,6.6,12.1,1.8,313,17,6.1,10.7,1.5,314,15,10,29.08,,0,0,0,33.1,35.6,36.9,0.26,0.22,0.16
CHES,2016-04-05 19:25:00 EDT,43.65390,-73.77736,1089,27.8,28.1,21.7,26.7,-2.2,,,,,5.4,9.2,1.5,315,13,5.8,10.5,1.5,312,14,5.4,9.2,1.5,315,13,7,29.08,,0,0,0,33.1,35.6,36.9,0.26,0.22,0.16
CHES,2016-04-05 19:30:00 EDT,43.65390,-73.77736,1089,27.4,27.8,22.1,27.4,-1.9,,,,,4.6,8.3,1.4,307,14,4.9,8.5,1.5,306,11,4.6,8.3,1.4,307,14,5,29.08,,0,0,0,33.1,35.6,36.9,0.26,0.22,0.16
CHES,2016-04-05 19:35:00 EDT,43.65390,-73.77736,1089,27.4,27.7,20.9,27.6,-1.8,,,,,5.8,8.4,1.3,309,15,6.2,8.9,1.4,307,15,5.8,8.4,1.3,309,15,3,29.08,,0,0,0,33.1,35.5,36.9,0.26,0.22,0.16
CHES,2016-04-05 19:40:00 EDT,43.65390,-73.77736,1089,27.3,27.5,21.5,28.1,-1.6,,,,,5.0,9.3,1.3,309,12,5.4,9.4,1.3,308,11,5.0,9.3,1.3,309,12,1,29.08,,0,0,0,33.1,35.5,36.9,0.26,0.22,0.16
CHES,2016-04-05 19:45:00 EDT,43.65390,-73.77736,1089,27.1,27.3,22.0,28.7,-1.2,,,,,4.3,8.3,1.3,309,14,4.7,8.7,1.4,307,13,4.3,8.3,1.3,309,14,0,29.08,,0,0,0,33.1,35.5,36.9,0.26,0.22,0.16
CHES,2016-04-05 19:50:00 EDT,43.65390,-73.77736,1089,27.0,27.3,22.2,28.8,-1.2,,,,,4.1,9.1,1.2,310,15,4.5,9.6,1.4,307,15,4.1,9.1,1.2,310,15,0,29.08,,0,0,0,33.1,35.5,36.9,0.26,0.22,0.16
CHES,2016-04-05 19:55:00 EDT,43.65390,-73.77736,1089,26.7,27.1,21.8,30.0,-0.6,,,,,4.1,8.1,1.2,318,14,4.5,9.2,1.4,316,12,4.1,8.1,1.2,318,14,0,29.08,,0,0,0,33.1,35.5,36.9,0.26,0.22,0.16
CHES,2016-04-05 20:00:00 EDT,43.65390,-73.77736,1089,26.5,26.8,26.5,30.7,-0.3,,,,,2.8,4.6,0.6,312,16,3.1,5.1,0.8,310,15,2.8,4.6,0.6,312,16,0,29.08,,0,0,0,33.1,35.5,36.9,0.26,0.22,0.16
CHES,2016-04-05 20:05:00 EDT,43.65390,-73.77736,1089,26.4,26.7,26.4,30.3,-0.7,,,,,2.7,5.3,1.1,298,24,3.3,7.2,1.3,298,24,2.7,5.3,1.1,298,24,0,29.08,,0,0,0,33.1,35.5,36.9,0.26,0.22,0.16
CHES,2016-04-05 20:10:00 EDT,43.65390,-73.77736,1089,26.3,26.7,20.9,30.2,-0.8,,,,,4.6,9.7,2.1,310,18,5.0,11.9,2.2,308,18,4.6,9.7,2.1,310,18,0,29.09,,0,0,0,33.1,35.5,36.9,0.26,0.22,0.16
CHES,2016-04-05 20:15:00 EDT,43.65390,-73.77736,1089,26.5,26.7,20.6,30.1,-0.7,,,,,5.1,8.8,1.4,298,19,5.8,10.3,1.4,297,18,5.1,8.8,1.4,298,19,0,29.09,,0,0,0,33.1,35.5,36.9,0.26,0.22,0.16
CHES,2016-04-05 20:20:00 EDT,43.65390,-73.77736,1089,26.3,26.6,20.8,30.5,-0.6,,,,,4.6,7.2,1.1,298,17,5.3,9.6,1.4,296,15,4.6,7.2,1.1,298,17,0,29.09,,0,0,0,33.1,35.5,36.9,0.26,0.22,0.16
CHES,2016-04-05 20:25:00 EDT,43.65390,-73.77736,1089,26.2,26.5,20.7,30.7,-0.5,,,,,4.5,9.6,1.5,309,21,5.0,9.4,1.6,307,19,4.5,9.6,1.5,309,21,0,29.09,,0,0,0,33.1,35.5,36.9,0.26,0.22,0.16
CHES,2016-04-05 20:30:00 EDT,43.65390,-73.77736,1089,26.1,26.5,20.1,31.0,-0.4,,,,,5.1,9.6,1.7,300,15,5.5,9.8,1.8,298,14,5.1,9.6,1.7,300,15,0,29.09,,0,0,0,33.1,35.5,36.9,0.26,0.22,0.16
CHES,2016-04-05 20:35:00 EDT,43.65390,-73.77736,1089,26.0,26.3,19.7,31.2,-0.4,,,,,5.4,10.8,2.5,307,16,5.9,13.6,2.6,307,14,5.4,10.8,2.5,307,16,0,29.09,,0,0,0,33.1,35.5,36.9,0.26,0.22,0.16
CHES,2016-04-05 20:40:00 EDT,43.65390,-73.77736,1089,25.9,26.3,19.8,31.2,-0.5,,,,,5.1,9.6,1.7,301,18,5.8,11.6,1.9,300,17,5.1,9.6,1.7,301,18,0,29.09,,0,0,0,33.1,35.5,36.9,0.25,0.22,0.16
CHES,2016-04-05 20:45:00 EDT,43.65390,-73.77736,1089,26.0,26.3,19.2,30.8,-0.7,,,,,5.9,10.9,2.1,298,17,6.4,12.1,2.3,296,14,5.9,10.9,2.1,298,17,0,29.09,,0,0,0,33.1,35.5,36.9,0.26,0.22,0.16
CHES,2016-04-05 20:50:00 EDT,43.65390,-73.77736,1089,25.8,26.1,19.7,31.2,-0.5,,,,,5.1,8.5,1.5,302,18,5.6,9.4,1.8,299,16,5.1,8.5,1.5,302,18,0,29.09,,0,0,0,33.1,35.4,36.9,0.25,0.22,0.16
CHES,2016-04-05 20:55:00 EDT,43.65390,-73.77736,1089,25.7,26.0,19.8,31.5,-0.5,,,,,4.8,9.9,2.1,307,21,5.3,10.3,2.1,305,20,4.8,9.9,2.1,307,21,0,29.09,,0,0,0,33.1,35.5,36.9,0.25,0.22,0.16
CHES,2016-04-05 21:00:00 EDT,43.65390,-73.77736,1089,25.9,26.1,19.4,30.7,-0.8,,,,,5.5,9.9,1.9,311,18,5.8,10.5,1.8,309,18,5.5,9.9,1.9,311,18,0,29.09,,0,0,0,33.1,35.5,36.9,0.25,0.22,0.16
CHES,2016-04-05 21:05:00 EDT,43.65390,-73.77736,1089,25.6,25.9,21.8,30.9,-0.9,,,,,3.2,6.1,1.3,296,25,3.5,7.4,1.5,294,24,3.2,6.1,1.3,296,25,0,29.09,,0,0,0,33.1,35.4,36.9,0.25,0.22,0.16
CHES,2016-04-05 21:10:00 EDT,43.65390,-73.77736,1089,25.3,25.7,25.3,31.8,-0.6,,,,,2.1,5.8,1.2,285,27,2.5,6.7,1.2,279,28,2.1,5.8,1.2,285,27,0,29.10,,0,0,0,33.1,35.5,36.9,0.25,0.22,0.16
CHES,2016-04-05 21:15:00 EDT,43.65390,-73.77736,1089,25.5,25.8,21.2,31.6,-0.6,,,,,3.5,5.7,0.7,274,14,3.8,6.0,0.9,272,14,3.5,5.7,0.7,274,14,0,29.10,,0,0,0,33.1,35.4,36.9,0.25,0.22,0.16
CHES,2016-04-05 21:20:00 EDT,43.65390,-73.77736,1089,25.3,25.6,25.3,31.8,-0.6,,,,,2.7,4.7,0.9,289,16,3.1,4.7,0.9,287,16,2.7,4.7,0.9,289,16,0,29.10,,0,0,0,33.1,35.4,36.9,0.25,0.22,0.16
CHES,2016-04-05 21:25:00 EDT,43.65390,-73.77736,1089,25.0,25.4,25.0,32.1,-0.7,,,,,1.5,3.1,0.8,296,15,1.9,3.6,0.6,293,15,1.5,3.1,0.8,296,15,0,29.10,,0,0,0,33.1,35.4,36.9,0.25,0.22,0.16
CHES,2016-04-05 21:30:00 EDT,43.65390,-73.77736,1089,24.6,25.1,24.6,33.1,-0.4,,,,,1.4,3.7,0.7,282,18,1.8,4.7,0.6,279,19,1.4,3.7,0.7,282,18,0,29.10,,0,0,0,33.1,35.4,36.9,0.25,0.22,0.16
CHES,2016-04-05 21:35:00 EDT,43.65390,-73.77736,1089,24.2,24.9,24.2,35.4,0.8,,,,,1.7,3.4,0.6,280,14,2.0,3.6,0.6,277,15,1.7,3.4,0.6,280,14,0,29.10,,0,0,0,33.1,35.4,36.9,0.25,0.22,0.16
CHES,2016-04-05 21:40:00 EDT,43.65390,-73.77736,1089,24.1,24.9,24.1,35.9,0.9,,,,,1.1,2.7,0.7,278,10,1.5,3.4,0.7,274,13,1.1,2.7,0.7,278,10,0,29.10,,0,0,0,33.1,35.4,36.9,0.25,0.22,0.16
CHES,2016-04-05 21:45:00 EDT,43.65390,-73.77736,1089,23.3,24.5,23.3,37.5,1.1,,,,,1.3,2.5,0.4,245,14,1.6,3.4,0.4,240,16,1.3,2.5,0.4,245,14,0,29.10,,0,0,0,33.1,35.4,36.9,0.25,0.22,0.16
CHES,2016-04-05 21:50:00 EDT,43.65390,-73.77736,1089,23.2,24.4,23.2,38.5,1.6,,,,,1.2,1.9,0.4,244,8,1.4,2.2,0.4,241,10,1.2,1.9,0.4,244,8,0,29.11,,0,0,0,33.1,35.4,36.9,0.25,0.22,0.16
CHES,2016-04-05 21:55:00 EDT,43.65390,-73.77736,1089,23.5,24.6,23.5,37.0,1.0,,,,,2.2,3.3,0.4,250,9,2.4,3.6,0.5,245,9,2.2,3.3,0.4,250,9,0,29.11,,0,0,0,33.1,35.4,36.9,0.26,0.22,0.16
CHES,2016-04-05 22:00:00 EDT,43.65390,-73.77736,1089,22.4,24.4,22.4,38.8,1.1,,,,,2.3,3.0,0.4,255,10,2.5,3.8,0.5,249,12,2.3,3.0,0.4,255,10,0,29.11,,0,0,0,33.1,35.4,36.9,0.25,0.22,0.16
CHES,2016-04-05 22:05:00 EDT,43.65390,-73.77736,1089,22.4,24.3,22.4,40.3,1.9,,,,,2.9,4.3,0.6,249,7,3.1,4.5,0.7,244,8,2.9,4.3,0.6,249,7,0,29.11,,0,0,0,33.1,35.4,36.9,0.25,0.22,0.16
CHES,2016-04-05 22:10:00 EDT,43.65390,-73.77736,1089,23.3,24.7,19.0,37.4,1.1,,,,,3.3,4.5,0.4,248,9,3.5,5.4,0.6,243,9,3.3,4.5,0.4,248,9,0,29.11,,0,0,0,33.1,35.4,36.9,0.25,0.22,0.16
CHES,2016-04-05 22:15:00 EDT,43.65390,-73.77736,1089,23.2,24.6,23.2,36.6,0.5,,,,,2.4,3.3,0.3,242,8,2.4,4.0,0.4,237,8,2.4,3.3,0.3,242,8,0,29.11,,0,0,0,33.1,35.4,36.9,0.26,0.22,0.16
CHES,2016-04-05 22:20:00 EDT,43.65390,-73.77736,1089,23.5,24.6,23.5,35.9,0.4,,,,,2.7,3.7,0.5,237,8,2.7,4.0,0.6,232,6,2.7,3.7,0.5,237,8,0,29.11,,0,0,0,33.1,35.4,36.9,0.25,0.22,0.16
CHES,2016-04-05 22:25:00 EDT,43.65390,-73.77736,1089,22.7,24.6,22.7,37.3,0.4,,,,,2.8,4.0,0.5,243,7,2.9,4.7,0.6,237,8,2.8,4.0,0.5,243,7,0,29.11,,0,0,0,33.1,35.4,36.9,0.25,0.22,0.16
CHES,2016-04-05 22:30:00 EDT,43.65390,-73.77736,1089,23.2,24.7,19.0,36.5,0.5,,,,,3.3,4.5,0.3,243,7,3.3,4.9,0.5,238,7,3.3,4.5,0.3,243,7,0,29.11,,0,0,0,33.1,35.4,36.9,0.25,0.22,0.16
CHES,2016-04-05 22:35:00 EDT,43.65390,-73.77736,1089,23.2,24.4,18.4,35.7,-0.1,,,,,3.6,5.4,0.7,247,8,3.9,6.3,0.8,242,8,3.6,5.4,0.7,247,8,0,29.11,,0,0,0,33.1,35.4,36.9,0.25,0.22,0.16
CHES,2016-04-05 22:40:00 EDT,43.65390,-73.77736,1089,23.0,24.4,17.1,37.6,0.9,,,,,4.5,6.6,0.7,261,10,4.9,7.4,0.8,258,9,4.5,6.6,0.7,261,10,0,29.11,,0,0,0,33.1,35.4,36.9,0.25,0.22,0.16
CHES,2016-04-05 22:45:00 EDT,43.65390,-73.77736,1089,23.3,24.5,17.9,36.4,0.5,,,,,4.1,5.5,0.6,270,9,4.4,6.5,0.7,266,8,4.1,5.5,0.6,270,9,0,29.11,,0,0,0,33.1,35.4,36.9,0.26,0.22,0.16
CHES,2016-04-05 22:50:00 EDT,43.65390,-73.77736,1089,22.8,24.2,16.6,37.2,0.5,,,,,4.7,6.1,0.6,263,6,5.0,6.7,0.7,261,6,4.7,6.1,0.6,263,6,0,29.11,,0,0,0,33.1,35.4,36.9,0.25,0.22,0.16
CHES,2016-04-05 22:55:00 EDT,43.65390,-73.77736,1089,22.9,24.0,16.2,38.0,1.0,,,,,5.2,6.5,0.5,267,6,5.5,7.4,0.6,265,5,5.2,6.5,0.5,267,6,0,29.11,,0,0,0,33.1,35.4,36.8,0.25,0.22,0.16
CHES,2016-04-05 23:00:00 EDT,43.65390,-73.77736,1089,23.0,23.9,16.2,37.6,0.9,,,,,5.3,6.9,0.6,276,8,5.7,7.6,0.7,274,7,5.3,6.9,0.6,276,8,0,29.11,,0,0,0,33.1,35.4,36.8,0.25,0.22,0.16
CHES,2016-04-05 23:05:00 EDT,43.65390,-73.77736,1089,22.8,23.8,16.3,38.2,1.1,,,,,5.0,6.8,0.8,284,8,5.4,7.8,0.9,281,8,5.0,6.8,0.8,284,8,0,29.11,,0,0,0,33.1,35.4,36.9,0.25,0.22,0.16
CHES,2016-04-05 23:10:00 EDT,43.65390,-73.77736,1089,22.7,23.6,16.2,38.9,1.3,,,,,4.9,7.1,1.0,281,9,5.3,7.8,1.2,279,8,4.9,7.1,1.0,281,9,0,29.11,,0,0,0,33.1,35.4,36.8,0.25,0.22,0.16
CHES,2016-04-05 23:15:00 EDT,43.65390,-73.77736,1089,22.7,23.4,16.3,40.1,2.0,,,,,4.9,7.2,1.0,281,10,5.4,8.9,1.1,279,8,4.9,7.2,1.0,281,10,0,29.12,,0,0,0,33.1,35.4,36.9,0.25,0.22,0.16
CHES,2016-04-05 23:20:00 EDT,43.65390,-73.77736,1089,22.3,23.1,16.6,41.5,2.4,,,,,4.2,6.6,1.0,273,11,4.6,8.1,1.2,271,11,4.2,6.6,1.0,273,11,0,29.12,,0,0,0,33.1,35.4,36.9,0.25,0.22,0.16
CHES,2016-04-05 23:25:00 EDT,43.65390,-73.77736,1089,22.3,23.1,15.7,42.1,2.8,,,,,5.0,6.6,0.8,266,10,5.4,7.2,1.0,263,10,5.0,6.6,0.8,266,10,0,29.12,,0,0,0,33.1,35.4,36.9,0.25,0.22,0.16
CHES,2016-04-05 23:30:00 EDT,43.65390,-73.77736,1089,22.6,23.1,16.2,41.0,2.4,,,,,4.8,6.9,0.9,274,11,5.3,8.1,1.0,271,10,4.8,6.9,0.9,274,11,0,29.12,,0,0,0,33.1,35.4,36.9,0.25,0.22,0.16
CHES,2016-04-05 23:35:00 EDT,43.65390,-73.77736,1089,22.2,22.9,17.9,41.3,2.2,,,,,3.2,4.4,0.5,258,7,3.5,4.9,0.6,255,8,3.2,4.4,0.5,258,7,0,29.12,,0,0,0,33.1,35.4,36.9,0.25,0.22,0.16
CHES,2016-04-05 23:40:00 EDT,43.65390,-73.77736,1089,21.7,22.6,21.7,42.7,2.5,,,,,1.5,3.0,0.8,243,16,1.7,3.4,0.7,238,20,1.5,3.0,0.8,243,16,0,29.12,,0,0,0,33.1,35.4,36.8,0.25,0.22,0.16
CHES,2016-04-05 23:45:00 EDT,43.65390,-73.77736,1089,19.9,21.9,19.9,46.6,2.7,,,,,1.5,3.7,1.0,262,15,2.0,4.5,1.0,260,24,1.5,3.7,1.0,262,15,0,29.12,,0,0,0,33.1,35.4,36.8,0.25,0.22,0.16
CHES,2016-04-05 23:50:00 EDT,43.65390,-73.77736,1089,19.3,21.5,19.3,49.7,3.6,,,,,0.5,1.8,0.6,101,9,1.0,2.5,0.6,97,29,0.5,1.8,0.6,101,9,0,29.12,,0,0,0,33.1,35.4,36.8,0.25,0.22,0.16
CHES,2016-04-05 23:55:00 EDT,43.65390,-73.77736,1089,19.2,22.1,19.2,49.2,3.3,,,,,1.5,2.0,0.3,82,9,1.8,2.7,0.4,74,12,1.5,2.0,0.3,82,9,0,29.12,,0,0,0,33.1,35.4,36.8,0.25,0.22,0.16
COBL,2016-04-05 00:00:00 EDT,42.67627,-74.50797,1076,16.8,17.2,16.8,89.4,14.3,0.000,0.491,0.00,0.000,0.0,0.0,0.0,0,0,0.5,0.9,0.2,227,55,0.0,0.0,0.0,0,0,0,28.95,,,,,36.7,40.8,43.7,,,
COBL,2016-04-05 00:05:00 EDT,42.67627,-74.50797,1076,17.1,17.4,17.1,90.4,14.7,0.000,0.000,0.00,0.000,0.1,0.6,0.2,107,0,0.7,1.3,0.4,272,43,0.1,0.6,0.2,107,0,0,28.95,,,,,36.7,40.8,43.6,,,
COBL,2016-04-05 00:10:00 EDT,42.67627,-74.50797,1076,17.1,17.4,17.1,90.4,14.8,0.000,0.000,0.00,0.000,0.1,0.7,0.2,107,0,1.0,1.8,0.4,66,21,0.1,0.7,0.2,107,0,0,28.95,,,,,36.7,40.8,43.7,,,
COBL,2016-04-05 00:15:00 EDT,42.67627,-74.50797,1076,16.9,17.2,16.9,90.1,14.5,0.000,0.000,0.00,0.000,0.8,2.0,0.7,26,6,1.3,2.0,0.4,30,13,0.8,2.0,0.7,26,6,0,28.95,,,,,36.7,40.8,43.7,,,
COBL,2016-04-05 00:20:00 EDT,42.67627,-74.50797,1076,17.0,17.1,17.0,90.7,14.8,0.000,0.000,0.00,0.000,1.7,2.4,0.4,23,3,1.8,2.5,0.3,32,6,1.7,2.4,0.4,23,3,0,28.95,,,,,36.7,40.8,43.7,,,
COBL,2016-04-05 00:25:00 EDT,42.67627,-74.50797,1076,17.1,17.3,17.1,90.5,14.8,0.000,0.000,0.00,0.000,1.7,2.7,0.4,2,10,2.2,3.6,0.6,11,11,1.7,2.7,0.4,2,10,0,28.95,,,,,36.7,40.8,43.7,,,
COBL,2016-04-05 00:30:00 EDT,42.67627,-74.50797,1076,17.3,17.6,17.3,90.4,15.0,0.000,0.000,0.00,0.000,2.0,2.8,0.5,336,9,2.5,3.6,0.6,343,11,2.0,2.8,0.5,336,9,0,28.95,,,,,36.7,40.8,43.7,,,
COBL,2016-04-05 00:35:00 EDT,42.67627,-74.50797,1076,17.5,17.9,17.5,90.0,15.1,0.000,0.000,0.00,0.000,1.9,2.6,0.3,325,7,2.1,3.1,0.4,331,9,1.9,2.6,0.3,325,7,0,28.95,,,,,36.7,40.8,43.6,,,
COBL,2016-04-05 00:40:00 EDT,42.67627,-74.50797,1076,17.7,18.3,17.7,88.8,15.0,0.000,0.000,0.00,0.000,1.4,2.2,0.4,7,22,1.7,2.9,0.6,16,24,1.4,2.2,0.4,7,22,0,28.95,,,,,36.7,40.7,43.6,,,
COBL,2016-04-05 00:45:00 EDT,42.67627,-74.50797,1076,17.4,18.0,17.4,87.2,14.2,0.000,0.000,0.00,0.000,0.8,2.3,0.7,102,28,1.3,2.2,0.4,106,31,0.8,2.3,0.7,102,28,0,28.96,,,,,36.7,40.7,43.6,,,
COBL,2016-04-05 00:50:00 EDT,42.67627,-74.50797,1076,16.3,17.1,16.3,87.3,13.2,0.000,0.000,0.00,0.000,1.3,2.2,0.4,117,6,1.5,2.2,0.3,122,11,1.3,2.2,0.4,117,6,0,28.96,,,,,36.7,40.7,43.7,,,
COBL,2016-04-05 00:55:00 EDT,42.67627,-74.50797,1076,16.3,16.9,16.3,89.6,13.8,0.000,0.000,0.00,0.000,0.2,1.1,0.4,89,0,0.7,1.6,0.4,77,33,0.2,1.1,0.4,89,0,0,28.96,,,,,36.7,40.7,43.6,,,
COBL,2016-04-05 01:00:00 EDT,42.67627,-74.50797,1076,16.6,16.8,16.6,91.0,14.5,0.000,0.000,0.00,0.000,0.1,0.7,0.2,47,34,0.7,1.1,0.3,285,20,0.1,0.7,0.2,47,34,0,28.96,,,,,36.7,40.7,43.6,,,
COBL,2016-04-05 01:05:00 EDT,42.67627,-74.50797,1076,16.8,16.9,16.8,90.9,14.6,0.000,0.000,0.00,0.000,0.1,0.7,0.2,296,0,0.7,1.1,0.3,25,32,0.1,0.7,0.2,296,0,0,28.96,,,,,36.7,40.7,43.6,,,
COBL,2016-04-05 01:10:00 EDT,42.67627,-74.50797,1076,16.7,16.9,16.7,90.7,14.5,0.000,0.000,0.00,0.000,0.8,1.4,0.5,4,8,1.3,1.8,0.3,11,15,0.8,1.4,0.5,4,8,0,28.96,,,,,36.7,40.7,43.6,,,
COBL,2016-04-05 01:15:00 EDT,42.67627,-74.50797,1076,17.0,17.0,17.0,91.4,14.9,0.000,0.000,0.00,0.000,1.0,2.0,0.5,335,13,1.4,2.9,0.6,347,19,1.0,2.0,0.5,335,13,0,28.96,,,,,36.7,40.6,43.6,,,
COBL,2016-04-05 01:20:00 EDT,42.67627,-74.50797,1076,17.0,17.4,17.0,91.0,14.8,0.000,0.000,0.00,0.000,2.1,2.8,0.6,323,8,2.4,3.4,0.6,332,8,2.1,2.8,0.6,323,8,0,28.97,,,,,36.7,40.7,43.6,,,
COBL,2016-04-05 01:25:00 EDT,42.67627,-74.50797,1076,16.9,18.4,16.9,89.1,14.2,0.000,0.000,0.00,0.000,2.7,3.6,0.3,339,9,3.2,4.0,0.4,348,10,2.7,3.6,0.3,339,9,0,28.97,,,,,36.7,40.7,43.6,,,
COBL,2016-04-05 01:30:00 EDT,42.67627,-74.50797,1076,17.0,18.7,17.0,87.9,14.0,0.000,0.000,0.00,0.000,2.1,3.3,0.5,328,9,2.4,4.3,0.7,334,12,2.1,3.3,0.5,328,9,0,28.97,,,,,36.7,40.7,43.6,,,
COBL,2016-04-05 01:35:00 EDT,42.67627,-74.50797,1076,13.8,16.6,13.8,82.7,9.6,0.000,0.000,0.00,0.000,0.2,1.3,0.4,179,17,0.8,1.8,0.4,145,58,0.2,1.3,0.4,179,17,0,28.97,,,,,36.7,40.7,43.6,,,
COBL,2016-04-05 01:40:00 EDT,42.67627,-74.50797,1076,15.1,15.8,15.1,89.9,12.6,0.000,0.000,0.00,0.000,0.3,1.1,0.4,31,5,0.9,2.0,0.3,45,23,0.3,1.1,0.4,31,5,0,28.97,,,,,36.7,40.6,43.6,,,
COBL,2016-04-05 01:45:00 EDT,42.67627,-74.50797,1076,15.8,16.0,15.8,93.1,14.1,0.000,0.000,0.00,0.000,0.0,0.0,0.0,0,0,0.2,0.9,0.2,312,56,0.0,0.0,0.0,0,0,0,28.97,,,,,36.7,40.7,43.6,,,
COBL,2016-04-05 01:50:00 EDT,42.67627,-74.50797,1076,15.5,16.0,15.5,92.4,13.7,0.000,0.000,0.00,0.000,1.0,1.8,0.7,298,16,1.4,2.2,0.3,300,20,1.0,1.8,0.7,298,16,0,28.97,,,,,36.7,40.7,43.6,,,
COBL,2016-04-05 01:55:00 EDT,42.67627,-74.50797,1076,15.9,16.3,15.9,90.2,13.5,0.000,0.000,0.00,0.000,1.2,2.4,0.4,325,6,1.5,2.9,0.5,334,11,1.2,2.4,0.4,325,6,0,28.97,,,,,36.7,40.7,43.6,,,
COBL,2016-04-05 02:00:00 EDT,42.67627,-74.50797,1076,16.0,16.5,16.0,89.2,13.4,0.000,0.000,0.00,0.000,1.5,3.1,0.5,323,9,1.7,4.0,0.7,330,11,1.5,3.1,0.5,323,9,0,28.97,,,,,36.7,40.7,43.6,,,
COBL,2016-04-05 02:05:00 EDT,42.67627,-74.50797,1076,16.2,17.8,11.4,87.8,13.2,0.000,0.000,0.00,0.000,3.0,3.8,0.5,335,7,3.6,4.9,0.5,345,8,3.0,3.8,0.5,335,7,0,28.97,,,,,36.7,40.6,43.6,,,
COBL,2016-04-05 02:10:00 EDT,42.67627,-74.50797,1076,15.9,18.4,11.1,85.9,12.5,0.000,0.000,0.00,0.000,3.1,4.8,0.5,335,13,3.5,5.4,0.6,343,14,3.1,4.8,0.5,335,13,0,28.97,,,,,36.7,40.6,43.6,,,
COBL,2016-04-05 02:15:00 EDT,42.67627,-74.50797,1076,16.1,18.3,10.7,85.8,12.6,0.000,0.000,0.00,0.000,3.4,4.8,0.6,339,12,4.0,5.6,0.7,348,12,3.4,4.8,0.6,339,12,0,28.97,,,,,36.7,40.6,43.6,,,
COBL,2016-04-05 02:20:00 EDT,42.67627,-74.50797,1076,16.1,18.3,9.9,84.1,12.2,0.000,0.000,0.00,0.000,3.9,5.0,0.4,332,5,4.4,5.8,0.5,343,5,3.9,5.0,0.4,332,5,0,28.97,,,,,36.7,40.6,43.5,,,
COBL,2016-04-05 02:25:00 EDT,42.67627,-74.50797,1076,15.8,18.1,8.7,84.5,12.0,0.000,0.000,0.00,0.000,4.5,6.0,0.7,331,8,5.0,6.9,0.8,341,8,4.5,6.0,0.7,331,8,0,28.97,,,,,36.7,40.6,43.6,,,
COBL,2016-04-05 02:30:00 EDT,42.67627,-74.50797,1076,15.4,18.0,7.7,83.8,11.4,0.000,0.000,0.00,0.000,4.9,6.2,0.6,330,5,5.4,7.2,0.8,340,6,4.9,6.2,0.6,330,5,0,28.97,,,,,36.7,40.6,43.6,,,
COBL,2016-04-05 02:35:00 EDT,42.67627,-74.50797,1076,15.1,17.9,6.4,83.6,11.1,0.000,0.000,0.00,0.000,5.7,7.5,0.6,328,8,6.1,9.2,0.9,338,8,5.7,7.5,0.6,328,8,0,28.97,,,,,36.7,40.6,43.6,,,
COBL,2016-04-05 02:40:00 EDT,42.67627,-74.50797,1076,15.1,17.6,6.9,81.5,10.4,0.000,0.000,0.00,0.000,5.2,6.5,0.5,328,7,5.7,7.2,0.6,340,7,5.2,6.5,0.5,328,7,0,28.97,,,,,36.7,40.6,43.6,,,
COBL,2016-04-05 02:45:00 EDT,42.67627,-74.50797,1076,14.6,17.7,6.8,80.9,9.8,0.000,0.000,0.00,0.000,4.9,6.0,0.5,331,5,5.5,6.7,0.6,342,5,4.9,6.0,0.5,331,5,0,28.97,,,,,36.7,40.6,43.5,,,
COBL,2016-04-05 02:50:00 EDT,42.67627,-74.50797,1076,14.8,17.0,9.9,80.3,9.8,0.000,0.000,0.00,0.000,3.0,5.6,1.4,335,17,3.4,6.0,1.4,345,22,3.0,5.6,1.4,335,17,0,28.98,,,,,36.7,40.6,43.5,,,
COBL,2016-04-05 02:55:00 EDT,42.67627,-74.50797,1076,12.6,13.6,12.6,81.7,8.0,0.000,0.000,0.00,0.000,1.1,2.6,0.7,216,32,1.5,3.4,0.6,223,43,1.1,2.6,0.7,216,32,0,28.98,,,,,36.7,40.6,43.5,,,
COBL,2016-04-05 03:00:00 EDT,42.67627,-74.50797,1076,12.6,13.1,12.6,87.7,9.6,0.000,0.000,0.00,0.000,2.5,3.4,0.4,223,9,2.5,3.6,0.5,231,9,2.5,3.4,0.4,223,9,0,28.98,,,,,36.7,40.6,43.5,,,
COBL,2016-04-05 03:05:00 EDT,42.67627,-74.50797,1076,12.7,13.2,12.7,89.6,10.2,0.000,0.000,0.00,0.000,2.4,3.4,0.3,240,10,2.5,3.6,0.3,247,12,2.4,3.4,0.3,240,10,0,28.98,,,,,36.7,40.6,43.5,,,
COBL,2016-04-05 03:10:00 EDT,42.67627,-74.50797,1076,13.7,14.2,13.7,89.6,11.2,0.000,0.000,0.00,0.000,1.5,2.5,0.5,249,8,1.7,2.7,0.5,255,12,1.5,2.5,0.5,249,8,0,28.98,,,,,36.7,40.6,43.5,,,
COBL,2016-04-05 03:15:00 EDT,42.67627,-74.50797,1076,14.7,15.6,14.7,86.2,11.4,0.000,0.000,0.00,0.000,1.8,2.8,0.7,327,9,2.2,3.6,0.8,335,9,1.8,2.8,0.7,327,9,0,28.98,,,,,36.7,40.6,43.5,,,
COBL,2016-04-05 03:20:00 EDT,42.67627,-74.50797,1076,14.6,15.8,14.6,85.4,11.0,0.000,0.000,0.00,0.000,1.9,3.2,0.7,330,5,2.2,3.6,0.7,336,7,1.9,3.2,0.7,330,5,0,28.99,,,,,36.7,40.6,43.5,,,
COBL,2016-04-05 03:25:00 EDT,42.67627,-74.50797,1076,12.7,14.7,12.7,83.6,8.7,0.000,0.000,0.00,0.000,1.2,2.9,1.0,286,35,1.5,3.8,0.8,286,55,1.2,2.9,1.0,286,35,0,28.99,,,,,36.7,40.6,43.5,,,
COBL,2016-04-05 03:30:00 EDT,42.67627,-74.50797,1076,10.7,12.2,10.7,83.9,6.8,0.000,0.000,0.00,0.000,0.5,2.9,0.7,24,36,1.1,3.8,0.9,24,56,0.5,2.9,0.7,24,36,0,28.99,,,,,36.7,40.6,43.5,,,
COBL,2016-04-05 03:35:00 EDT,42.67627,-74.50797,1076,11.2,12.0,11.2,88.4,8.4,0.000,0.000,0.00,0.000,0.7,1.7,0.6,243,12,1.1,2.0,0.4,252,19,0.7,1.7,0.6,243,12,0,28.99,,,,,36.7,40.6,43.5,,,
COBL,2016-04-05 03:40:00 EDT,42.67627,-74.50797,1076,11.5,11.9,11.5,90.7,9.3,0.000,0.000,0.00,0.000,2.5,3.2,0.4,233,8,2.4,3.1,0.3,239,10,2.5,3.2,0.4,233,8,0,29.00,,,,,36.7,40.6,43.5,,,
COBL,2016-04-05 03:45:00 EDT,42.67627,-74.50797,1076,12.0,12.5,12.0,91.1,9.9,0.000,0.000,0.00,0.000,1.9,2.6,0.4,249,22,2.1,2.9,0.4,259,21,1.9,2.6,0.4,249,22,0,29.00,,,,,36.7,40.5,43.5,,,
COBL,2016-04-05 03:50:00 EDT,42.67627,-74.50797,1076,12.1,12.6,12.1,90.3,9.8,0.000,0.000,0.00,0.000,1.8,3.0,0.5,263,22,2.0,3.4,0.5,272,25,1.8,3.0,0.5,263,22,0,29.00,,,,,36.7,40.6,43.5,,,
COBL,2016-04-05 03:55:00 EDT,42.67627,-74.50797,1076,12.5,13.1,12.5,90.0,10.1,0.000,0.000,0.00,0.000,1.6,3.2,0.7,271,25,1.9,4.0,0.7,279,26,1.6,3.2,0.7,271,25,0,29.00,,,,,36.7,40.6,43.5,,,
COBL,2016-04-05 04:00:00 EDT,42.67627,-74.50797,1076,12.5,13.3,12.5,89.3,9.9,0.000,0.000,0.00,0.000,1.7,2.9,0.6,321,14,1.9,3.8,0.6,329,20,1.7,2.9,0.6,321,14,0,29.00,,,,,36.7,40.5,43.5,,,
COBL,2016-04-05 04:05:00 EDT,42.67627,-74.50797,1076,12.0,13.0,12.0,87.7,9.1,0.000,0.000,0.00,0.000,1.0,1.5,0.2,42,12,1.4,2.2,0.2,52,11,1.0,1.5,0.2,42,12,0,29.01,,,,,36.7,40.5,43.5,,,
COBL,2016-04-05 04:10:00 EDT,42.67627,-74.50797,1076,12.5,13.1,12.5,87.9,9.6,0.000,0.000,0.00,0.000,0.6,0.9,0.3,32,8,1.0,1.6,0.2,42,10,0.6,0.9,0.3,32,8,0,29.01,,,,,36.7,40.6,43.5,,,
COBL,2016-04-05 04:15:00 EDT,42.67627,-74.50797,1076,10.3,11.6,10.3,83.8,6.4,0.000,0.000,0.00,0.000,1.3,2.6,0.4,71,17,1.9,3.6,0.5,78,19,1.3,2.6,0.4,71,17,0,29.01,,,,,36.7,40.6,43.5,,,
COBL,2016-04-05 04:20:00 EDT,42.67627,-74.50797,1076,8.8,9.8,8.8,86.5,5.6,0.000,0.000,0.00,0.000,1.2,2.6,0.6,70,11,1.7,3.1,0.6,75,13,1.2,2.6,0.6,70,11,0,29.01,,,,,36.7,40.6,43.5,,,
COBL,2016-04-05 04:25:00 EDT,42.67627,-74.50797,1076,8.4,9.2,8.4,88.9,5.8,0.000,0.000,0.00,0.000,0.5,1.8,0.6,48,1,1.0,2.2,0.4,49,17,0.5,1.8,0.6,48,1,0,29.01,,,,,36.7,40.6,43.5,,,
COBL,2016-04-05 04:30:00 EDT,42.67627,-74.50797,1076,8.4,9.1,8.4,90.4,6.2,0.000,0.000,0.00,0.000,0.5,1.1,0.4,5,37,1.0,1.8,0.3,357,62,0.5,1.1,0.4,5,37,0,29.01,,,,,36.7,40.5,43.4,,,
COBL,2016-04-05 04:35:00 EDT,42.67627,-74.50797,1076,8.7,9.8,8.7,91.1,6.7,0.000,0.000,0.00,0.000,0.4,1.8,0.6,221,13,1.0,2.2,0.5,227,30,0.4,1.8,0.6,221,13,0,29.01,,,,,36.7,40.6,43.4,,,
COBL,2016-04-05 04:40:00 EDT,42.67627,-74.50797,1076,9.5,10.3,9.5,92.4,7.8,0.000,0.000,0.00,0.000,0.6,2.0,0.6,231,14,1.1,2.0,0.4,223,52,0.6,2.0,0.6,231,14,0,29.02,,,,,36.7,40.5,43.5,,,
COBL,2016-04-05 04:45:00 EDT,42.67627,-74.50797,1076,7.8,9.2,7.8,89.2,5.3,0.000,0.000,0.00,0.000,1.4,2.3,0.5,146,9,1.7,2.9,0.4,150,12,1.4,2.3,0.5,146,9,0,29.02,,,,,36.7,40.5,43.4,,,
COBL,2016-04-05 04:50:00 EDT,42.67627,-74.50797,1076,7.8,8.8,7.8,88.9,5.2,0.000,0.000,0.00,0.000,1.6,2.8,0.6,230,21,1.9,3.1,0.6,236,21,1.6,2.8,0.6,230,21,0,29.02,,,,,36.7,40.5,43.5,,,
COBL,2016-04-05 04:55:00 EDT,42.67627,-74.50797,1076,8.9,9.9,8.9,90.6,6.7,0.000,0.000,0.00,0.000,1.4,2.5,0.5,279,28,1.6,2.9,0.5,291,31,1.4,2.5,0.5,279,28,0,29.02,,,,,36.6,40.5,43.4,,,
COBL,2016-04-05 05:00:00 EDT,42.67627,-74.50797,1076,9.0,10.4,9.0,88.8,6.4,0.000,0.000,0.00,0.000,1.7,3.1,0.5,351,20,2.2,4.3,0.8,358,21,1.7,3.1,0.5,351,20,0,29.02,,,,,36.7,40.5,43.4,,,
COBL,2016-04-05 05:05:00 EDT,42.67627,-74.50797,1076,9.3,11.0,9.3,86.7,6.1,0.000,0.000,0.00,0.000,0.7,1.8,0.5,27,29,1.2,2.7,0.5,46,35,0.7,1.8,0.5,27,29,0,29.03,,,,,36.7,40.5,43.4,,,
COBL,2016-04-05 05:10:00 EDT,42.67627,-74.50797,1076,8.6,10.3,8.6,84.4,4.9,0.000,0.000,0.00,0.000,0.5,1.4,0.4,298,55,0.9,2.0,0.4,282,64,0.5,1.4,0.4,298,55,0,29.03,,,,,36.6,40.5,43.4,,,
COBL,2016-04-05 05:15:00 EDT,42.67627,-74.50797,1076,9.6,10.4,9.6,87.7,6.7,0.000,0.000,0.00,0.000,0.1,0.8,0.2,227,1,0.6,0.9,0.2,220,35,0.1,0.8,0.2,227,1,0,29.03,,,,,36.7,40.5,43.4,,,
COBL,2016-04-05 05:20:00 EDT,42.67627,-74.50797,1076,9.0,9.7,9.0,87.3,6.0,0.000,0.000,0.00,0.000,0.4,1.2,0.4,159,8,1.0,1.8,0.4,158,21,0.4,1.2,0.4,159,8,0,29.04,,,,,36.7,40.5,43.4,,,
COBL,2016-04-05 05:25:00 EDT,42.67627,-74.50797,1076,7.3,8.8,7.3,85.8,3.9,0.000,0.000,0.00,0.000,0.2,0.7,0.2,96,18,0.8,1.3,0.3,107,24,0.2,0.7,0.2,96,18,0,29.04,,,,,36.6,40.5,43.4,,,
COBL,2016-04-05 05:30:00 EDT,42.67627,-74.50797,1076,7.1,8.6,7.1,86.7,4.0,0.000,0.000,0.00,0.000,0.0,0.0,0.0,0,0,0.4,0.9,0.2,226,57,0.0,0.0,0.0,0,0,0,29.04,,,,,36.7,40.5,43.3,,,
COBL,2016-04-05 05:35:00 EDT,42.67627,-74.50797,1076,7.4,8.3,7.4,88.9,4.8,0.000,0.000,0.00,0.000,0.2,0.9,0.3,221,15,0.8,1.3,0.2,255,33,0.2,0.9,0.3,221,15,0,29.04,,,,,36.7,40.5,43.3,,,
COBL,2016-04-05 05:40:00 EDT,42.67627,-74.50797,1076,7.3,8.8,7.3,89.0,4.7,0.000,0.000,0.00,0.000,0.0,0.0,0.0,0,0,0.5,1.1,0.2,189,38,0.0,0.0,0.0,0,0,0,29.05,,,,,36.7,40.5,43.4,,,
COBL,2016-04-05 05:45:00 EDT,42.67627,-74.50797,1076,7.5,8.8,7.5,89.3,5.0,0.000,0.000,0.00,0.000,0.1,0.9,0.2,193,6,0.8,1.6,0.3,183,61,0.1,0.9,0.2,193,6,0,29.05,,,,,36.7,40.5,43.3,,,
COBL,2016-04-05 05:50:00 EDT,42.67627,-74.50797,1076,8.8,9.1,8.8,90.6,6.6,0.000,0.000,0.00,0.000,1.1,2.1,0.7,319,6,1.5,2.2,0.6,322,9,1.1,2.1,0.7,319,6,0,29.05,,,,,36.7,40.5,43.3,,,
COBL,2016-04-05 05:55:00 EDT,42.67627,-74.50797,1076,8.8,9.5,8.8,87.7,5.9,0.000,0.000,0.00,0.000,1.4,2.3,0.5,284,19,1.6,2.5,0.4,289,21,1.4,2.3,0.5,284,19,0,29.06,,,,,36.7,40.5,43.4,,,
COBL,2016-04-05 06:00:00 EDT,42.67627,-74.50797,1076,8.1,9.2,8.1,85.4,4.6,0.000,0.000,0.00,0.000,1.9,2.4,0.3,249,9,2.1,2.9,0.4,255,10,1.9,2.4,0.3,249,9,0,29.06,,,,,36.7,40.5,43.3,,,
COBL,2016-04-05 06:05:00 EDT,42.67627,-74.50797,1076,8.5,9.6,8.5,86.7,5.4,0.000,0.000,0.00,0.000,1.4,1.9,0.2,226,8,1.5,2.0,0.2,230,9,1.4,1.9,0.2,226,8,0,29.06,,,,,36.6,40.4,43.3,,,
COBL,2016-04-05 06:10:00 EDT,42.67627,-74.50797,1076,8.1,9.3,8.1,86.1,4.8,0.000,0.000,0.00,0.000,0.9,1.5,0.4,220,19,1.1,1.8,0.4,233,20,0.9,1.5,0.4,220,19,0,29.06,,,,,36.7,40.4,43.3,,,
COBL,2016-04-05 06:15:00 EDT,42.67627,-74.50797,1076,9.3,9.7,9.3,87.9,6.4,0.000,0.000,0.00,0.000,0.7,1.5,0.4,240,19,1.0,2.0,0.4,247,20,0.7,1.5,0.4,240,19,0,29.07,,,,,36.6,40.5,43.3,,,
COBL,2016-04-05 06:20:00 EDT,42.67627,-74.50797,1076,8.0,9.6,8.0,86.0,4.6,0.000,0.000,0.00,0.000,0.5,1.2,0.5,57,27,1.1,1.8,0.5,75,43,0.5,1.2,0.5,57,27,1,29.07,,,,,36.7,40.4,43.3,,,
COBL,2016-04-05 06:25:00 EDT,42.67627,-74.50797,1076,5.7,8.1,5.7,83.7,1.8,0.000,0.000,0.00,0.000,0.8,2.0,0.6,76,6,1.4,2.7,0.6,81,13,0.8,2.0,0.6,76,6,1,29.07,,,,,36.6,40.4,43.3,,,
COBL,2016-04-05 06:30:00 EDT,42.67627,-74.50797,1076,5.1,6.9,5.1,85.7,1.8,0.000,0.000,0.00,0.000,1.3,2.3,0.7,51,10,1.7,2.9,0.7,53,13,1.3,2.3,0.7,51,10,3,29.08,,,,,36.6,40.5,43.3,,,
COBL,2016-04-05 06:35:00 EDT,42.67627,-74.50797,1076,4.6,6.3,4.6,86.0,1.3,0.000,0.000,0.00,0.000,0.7,1.4,0.5,58,17,1.2,1.8,0.4,72,21,0.7,1.4,0.5,58,17,5,29.08,,,,,36.6,40.4,43.3,,,
COBL,2016-04-05 06:40:00 EDT,42.67627,-74.50797,1076,3.9,4.9,3.9,86.3,0.7,0.000,0.000,0.00,0.000,0.8,2.0,0.7,57,5,1.3,2.9,0.7,62,15,0.8,2.0,0.7,57,5,8,29.08,,,,,36.6,40.4,43.3,,,
COBL,2016-04-05 06:45:00 EDT,42.67627,-74.50797,1076,2.7,4.0,2.7,86.1,-0.5,0.000,0.000,0.00,0.000,1.7,2.6,0.5,41,18,2.1,3.8,0.5,47,17,1.7,2.6,0.5,41,18,13,29.09,,,,,36.6,40.4,43.3,,,
COBL,2016-04-05 06:50:00 EDT,42.67627,-74.50797,1076,3.4,4.3,3.4,86.8,0.3,0.000,0.000,0.00,0.000,0.6,1.8,0.5,24,18,1.1,2.0,0.4,37,28,0.6,1.8,0.5,24,18,21,29.09,,,,,36.6,40.4,43.3,,,
COBL,2016-04-05 06:55:00 EDT,42.67627,-74.50797,1076,3.7,4.6,3.7,86.2,0.5,0.000,0.000,0.00,0.000,0.7,1.8,0.6,24,8,1.0,2.0,0.5,28,22,0.7,1.8,0.6,24,8,31,29.09,,,,,36.6,40.4,43.3,,,
COBL,2016-04-05 07:00:00 EDT,42.67627,-74.50797,1076,3.8,4.7,3.8,85.1,0.3,0.000,0.000,0.00,0.000,0.5,2.3,0.7,246,10,1.0,2.9,0.7,256,34,0.5,2.3,0.7,246,10,41,29.09,,,,,36.6,40.4,43.3,,,
COBL,2016-04-05 07:05:00 EDT,42.67627,-74.50797,1076,4.3,5.6,4.3,85.0,0.8,0.000,0.000,0.00,0.000,2.0,3.4,0.7,209,12,2.0,3.6,0.8,214,11,2.0,3.4,0.7,209,12,51,29.09,,,,,36.6,40.4,43.3,,,
COBL,2016-04-05 07:10:00 EDT,42.67627,-74.50797,1076,4.2,5.3,4.2,83.2,0.2,0.000,0.000,0.00,0.000,1.8,3.4,0.9,199,12,2.0,4.0,0.9,205,14,1.8,3.4,0.9,199,12,67,29.10,,,,,36.6,40.3,43.3,,,
COBL,2016-04-05 07:15:00 EDT,42.67627,-74.50797,1076,4.1,4.7,4.1,81.8,-0.2,0.000,0.000,0.00,0.000,0.5,1.2,0.4,194,1,0.8,1.8,0.3,208,40,0.5,1.2,0.4,194,1,86,29.10,,,,,36.6,40.3,43.3,,,
COBL,2016-04-05 07:20:00 EDT,42.67627,-74.50797,1076,4.4,5.2,4.4,81.3,-0.1,0.000,0.000,0.00,0.000,0.1,0.7,0.2,146,14,0.8,1.3,0.2,120,57,0.1,0.7,0.2,146,14,104,29.10,,,,,36.6,40.4,43.3,,,
COBL,2016-04-05 07:25:00 EDT,42.67627,-74.50797,1076,4.8,5.6,4.8,82.3,0.6,0.000,0.000,0.00,0.000,0.9,2.0,0.6,184,21,1.2,2.2,0.4,185,26,0.9,2.0,0.6,184,21,122,29.11,,,,,36.6,40.3,43.3,,,
COBL,2016-04-05 07:30:00 EDT,42.67627,-74.50797,1076,4.7,5.4,4.7,77.5,-0.8,0.000,0.000,0.00,0.000,1.6,2.8,0.6,222,16,1.6,3.1,0.5,229,15,1.6,2.8,0.6,222,16,138,29.11,,,,,36.6,40.3,43.3,,,
COBL,2016-04-05 07:35:00 EDT,42.67627,-74.50797,1076,5.2,6.0,5.2,79.6,0.3,0.000,0.000,0.00,0.000,2.1,2.9,0.4,219,8,2.1,2.7,0.4,226,8,2.1,2.9,0.4,219,8,154,29.11,,,,,36.6,40.3,43.3,,,
COBL,2016-04-05 07:40:00 EDT,42.67627,-74.50797,1076,5.9,6.7,5.9,79.6,1.0,0.000,0.000,0.00,0.000,0.9,1.5,0.4,220,11,1.1,1.8,0.3,226,17,0.9,1.5,0.4,220,11,170,29.11,,,,,36.6,40.3,43.3,,,
COBL,2016-04-05 07:45:00 EDT,42.67627,-74.50797,1076,6.3,7.1,6.3,79.0,1.2,0.000,0.000,0.00,0.000,0.5,1.3,0.5,202,10,0.9,1.6,0.3,205,19,0.5,1.3,0.5,202,10,185,29.11,,,,,36.6,40.3,43.3,,,
COBL,2016-04-05 07:50:00 EDT,42.67627,-74.50797,1076,7.2,7.8,7.2,77.7,1.7,0.000,0.000,0.00,0.000,0.4,1.8,0.5,235,10,0.9,2.0,0.4,228,25,0.4,1.8,0.5,235,10,203,29.12,,,,,36.6,40.3,43.2,,,
COBL,2016-04-05 07:55:00 EDT,42.67627,-74.50797,1076,7.6,8.4,7.6,75.4,1.4,0.000,0.000,0.00,0.000,0.5,1.2,0.5,190,9,1.0,1.6,0.3,198,23,0.5,1.2,0.5,190,9,219,29.12,,,,,36.6,40.3,43.3,,,
COBL,2016-04-05 08:00:00 EDT,42.67627,-74.50797,1076,7.9,8.9,7.9,74.3,1.4,0.000,0.000,0.00,0.000,1.0,2.3,0.8,199,11,1.3,2.5,0.6,199,21,1.0,2.3,0.8,199,11,233,29.12,,,,,36.6,40.3,43.3,,,
COBL,2016-04-05 08:05:00 EDT,42.67627,-74.50797,1076,8.4,9.2,8.4,73.8,1.7,0.000,0.000,0.00,0.000,0.3,1.0,0.4,195,5,0.7,1.3,0.3,197,34,0.3,1.0,0.4,195,5,250,29.12,,,,,36.6,40.3,43.2,,,
COBL,2016-04-05 08:10:00 EDT,42.67627,-74.50797,1076,8.9,9.7,8.9,72.0,1.7,0.000,0.000,0.00,0.000,0.2,1.2,0.3,197,0,0.8,1.6,0.3,204,33,0.2,1.2,0.3,197,0,266,29.13,,,,,36.6,40.3,43.3,,,
COBL,2016-04-05 08:15:00 EDT,42.67627,-74.50797,1076,9.4,10.3,9.4,69.3,1.4,0.000,0.000,0.00,0.000,0.2,1.2,0.4,197,0,0.9,1.6,0.3,186,37,0.2,1.2,0.4,197,0,282,29.13,,,,,36.6,40.3,43.2,,,
COBL,2016-04-05 08:20:00 EDT,42.67627,-74.50797,1076,10.2,10.9,10.2,70.1,2.4,0.000,0.000,0.00,0.000,0.1,1.0,0.3,197,0,0.6,1.8,0.4,179,41,0.1,1.0,0.3,197,0,298,29.13,,,,,36.6,40.3,43.3,,,
COBL,2016-04-05 08:25:00 EDT,42.67627,-74.50797,1076,11.2,11.7,11.2,71.6,3.8,0.000,0.000,0.00,0.000,0.3,2.1,0.6,137,1,1.0,2.2,0.5,107,44,0.3,2.1,0.6,137,1,313,29.13,,,,,36.6,40.3,43.2,,,
COBL,2016-04-05 08:30:00 EDT,42.67627,-74.50797,1076,11.4,12.2,11.4,71.6,4.0,0.000,0.000,0.00,0.000,1.0,2.6,0.7,57,20,1.5,2.9,0.6,68,24,1.0,2.6,0.7,57,20,330,29.13,,,,,36.6,40.3,43.2,,,
COBL,2016-04-05 08:35:00 EDT,42.67627,-74.50797,1076,11.7,12.3,11.7,70.5,4.0,0.000,0.000,0.00,0.000,0.3,1.4,0.4,48,0,0.9,1.8,0.4,56,28,0.3,1.4,0.4,48,0,346,29.13,,,,,36.6,40.3,43.2,,,
COBL,2016-04-05 08:40:00 EDT,42.67627,-74.50797,1076,12.7,13.0,12.7,70.3,4.9,0.000,0.000,0.00,0.000,0.4,1.5,0.4,56,13,1.2,2.2,0.3,62,37,0.4,1.5,0.4,56,13,363,29.14,,,,,36.6,40.3,43.2,,,
COBL,2016-04-05 08:45:00 EDT,42.67627,-74.50797,1076,13.9,14.6,13.9,69.2,5.7,0.000,0.000,0.00,0.000,1.3,3.2,0.9,112,55,1.8,3.6,0.8,116,52,1.3,3.2,0.9,112,55,379,29.14,,,,,36.6,40.3,43.2,,,
COBL,2016-04-05 08:50:00 EDT,42.67627,-74.50797,1076,15.6,15.7,15.6,67.2,6.7,0.000,0.000,0.00,0.000,1.4,2.4,0.6,99,32,1.8,3.1,0.5,101,34,1.4,2.4,0.6,99,32,392,29.14,,,,,36.5,40.3,43.2,,,
COBL,2016-04-05 08:55:00 EDT,42.67627,-74.50797,1076,15.7,15.9,15.7,65.1,6.1,0.000,0.000,0.00,0.000,1.7,2.9,0.8,88,33,2.1,3.8,0.8,94,34,1.7,2.9,0.8,88,33,408,29.14,,,,,36.5,40.3,43.2,,,
COBL,2016-04-05 09:00:00 EDT,42.67627,-74.50797,1076,16.4,16.4,16.4,64.0,6.4,0.000,0.000,0.00,0.000,1.2,2.4,0.8,90,27,1.7,2.9,0.7,97,30,1.2,2.4,0.8,90,27,424,29.14,,,,,36.6,40.3,43.2,,,
COBL,2016-04-05 09:05:00 EDT,42.67627,-74.50797,1076,17.7,18.7,17.7,57.4,5.2,0.000,0.000,0.00,0.000,2.4,4.2,1.1,98,36,3.0,4.9,1.1,104,35,2.4,4.2,1.1,98,36,440,29.14,,,,,36.6,40.3,43.2,,,
COBL,2016-04-05 09:10:00 EDT,42.67627,-74.50797,1076,19.4,19.1,14.2,49.3,3.5,0.000,0.000,0.00,0.000,3.5,6.4,1.2,15,37,4.0,7.6,1.5,23,34,3.5,6.4,1.2,15,37,454,29.14,,,,,36.6,40.3,43.2,,,
COBL,2016-04-05 09:15:00 EDT,42.67627,-74.50797,1076,20.1,19.9,14.3,41.2,0.3,0.000,0.000,0.00,0.000,4.1,8.5,1.5,2,24,4.8,10.3,1.7,11,22,4.1,8.5,1.5,2,24,469,29.14,,,,,36.6,40.3,43.2,,,
COBL,2016-04-05 09:20:00 EDT,42.67627,-74.50797,1076,19.9,20.0,10.5,39.0,-1.1,0.000,0.000,0.00,0.000,7.5,11.8,2.3,330,17,8.2,12.5,2.3,342,16,7.5,11.8,2.3,330,17,484,29.15,,,,,36.5,40.3,43.2,,,
COBL,2016-04-05 09:25:00 EDT,42.67627,-74.50797,1076,19.9,20.0,11.8,39.4,-0.9,0.000,0.000,0.00,0.000,6.1,10.2,1.5,344,17,7.0,12.5,1.7,354,11,6.1,10.2,1.5,344,17,500,29.15,,,,,36.5,40.3,43.2,,,
COBL,2016-04-05 09:30:00 EDT,42.67627,-74.50797,1076,19.9,20.1,10.2,38.0,-1.6,0.000,0.000,0.00,0.000,8.0,12.1,1.7,339,9,8.7,13.9,1.9,349,8,8.0,12.1,1.7,339,9,517,29.15,,,,,36.5,40.3,43.2,,,
COBL,2016-04-05 09:35:00 EDT,42.67627,-74.50797,1076,20.5,20.4,12.8,37.4,-1.4,0.000,0.000,0.00,0.000,5.8,8.6,1.2,4,27,6.5,9.6,1.3,13,25,5.8,8.6,1.2,4,27,533,29.15,,,,,36.5,40.3,43.2,,,
COBL,2016-04-05 09:40:00 EDT,42.67627,-74.50797,1076,20.4,20.4,11.8,37.3,-1.6,0.000,0.000,0.00,0.000,6.6,9.5,1.3,349,28,7.4,12.5,1.6,1,27,6.6,9.5,1.3,349,28,546,29.15,,,,,36.5,40.3,43.1,,,
COBL,2016-04-05 09:45:00 EDT,42.67627,-74.50797,1076,20.8,20.7,11.5,36.6,-1.7,0.000,0.000,0.00,0.000,7.6,12.3,2.0,2,32,8.1,13.0,2.2,11,31,7.6,12.3,2.0,2,32,563,29.15,,,,,36.5,40.3,43.2,,,
COBL,2016-04-05 09:50:00 EDT,42.67627,-74.50797,1076,20.6,20.6,11.7,36.4,-1.9,0.000,0.000,0.00,0.000,7.1,11.6,1.8,354,22,7.7,12.8,1.9,3,21,7.1,11.6,1.8,354,22,579,29.15,,,,,36.5,40.3,43.2,,,
COBL,2016-04-05 09:55:00 EDT,42.67627,-74.50797,1076,21.4,21.1,14.9,37.7,-0.4,0.000,0.000,0.00,0.000,4.8,10.1,1.8,30,18,5.4,11.4,1.9,38,17,4.8,10.1,1.8,30,18,594,29.15,,,,,36.5,40.3,43.2,,,
COBL,2016-04-05 10:00:00 EDT,42.67627,-74.50797,1076,21.4,21.1,12.1,35.6,-1.7,0.000,0.000,0.00,0.000,7.7,11.6,1.9,15,21,8.6,13.6,2.2,22,17,7.7,11.6,1.9,15,21,606,29.16,,,,,36.5,40.3,43.2,,,
COBL,2016-04-05 10:05:00 EDT,42.67627,-74.50797,1076,20.9,20.8,13.7,35.4,-2.2,0.000,0.000,0.00,0.000,5.3,7.8,1.4,352,21,6.1,9.8,1.7,1,19,5.3,7.8,1.4,352,21,618,29.16,,,,,36.5,40.3,43.2,,,
COBL,2016-04-05 10:10:00 EDT,42.67627,-74.50797,1076,21.4,21.1,13.1,35.3,-1.9,0.000,0.000,0.00,0.000,6.5,11.6,1.8,5,24,7.3,12.8,1.9,14,23,6.5,11.6,1.8,5,24,634,29.16,,,,,36.5,40.3,43.1,,,
COBL,2016-04-05 10:15:00 EDT,42.67627,-74.50797,1076,21.7,21.3,13.4,33.6,-2.6,0.000,0.000,0.00,0.000,6.6,10.8,1.8,26,18,7.3,12.1,1.9,32,13,6.6,10.8,1.8,26,18,646,29.16,,,,,36.5,40.3,43.2,,,
COBL,2016-04-05 10:20:00 EDT,42.67627,-74.50797,1076,21.6,21.4,15.1,34.4,-2.3,0.000,0.000,0.00,0.000,4.7,7.7,1.4,346,30,5.3,9.6,1.6,356,27,4.7,7.7,1.4,346,30,660,29.16,,,,,36.5,40.3,43.2,,,
COBL,2016-04-05 10:25:00 EDT,42.67627,-74.50797,1076,22.1,21.6,14.4,33.6,-2.4,0.000,0.000,0.00,0.000,6.0,10.4,1.6,22,20,6.7,13.0,1.9,31,14,6.0,10.4,1.6,22,20,674,29.16,,,,,36.5,40.3,43.1,,,
COBL,2016-04-05 10:30:00 EDT,42.67627,-74.50797,1076,22.0,21.7,13.2,33.8,-2.3,0.000,0.000,0.00,0.000,7.4,12.1,2.5,13,12,8.3,14.5,2.7,22,13,7.4,12.1,2.5,13,12,686,29.16,,,,,36.5,40.3,43.2,,,
COBL,2016-04-05 10:35:00 EDT,42.67627,-74.50797,1076,22.3,22.1,14.2,35.1,-1.2,0.000,0.000,0.00,0.000,6.5,13.4,2.4,17,17,7.4,13.6,2.6,25,15,6.5,13.4,2.4,17,17,697,29.16,,,,,36.5,40.3,43.1,,,
COBL,2016-04-05 10:40:00 EDT,42.67627,-74.50797,1076,22.4,22.1,14.9,33.8,-1.9,0.000,0.000,0.00,0.000,5.9,10.3,1.9,19,17,6.6,12.8,2.3,29,15,5.9,10.3,1.9,19,17,708,29.16,,,,,36.5,40.3,43.1,,,
COBL,2016-04-05 10:45:00 EDT,42.67627,-74.50797,1076,22.6,22.4,14.5,33.5,-1.9,0.000,0.000,0.00,0.000,6.5,12.9,3.3,307,29,6.9,14.3,3.2,318,30,6.5,12.9,3.3,307,29,719,29.17,,,,,36.5,40.2,43.1,,,
COBL,2016-04-05 10:50:00 EDT,42.67627,-74.50797,1076,22.6,22.4,14.5,32.6,-2.5,0.000,0.000,0.00,0.000,6.5,15.7,2.8,302,19,7.1,15.7,2.9,312,20,6.5,15.7,2.8,302,19,728,29.17,,,,,36.5,40.2,43.1,,,
COBL,2016-04-05 10:55:00 EDT,42.67627,-74.50797,1076,22.5,22.5,11.7,32.8,-2.4,0.000,0.000,0.00,0.000,10.5,15.3,2.6,312,18,10.9,16.6,2.6,321,18,10.5,15.3,2.6,312,18,737,29.17,,,,,36.5,40.2,43.1,,,
COBL,2016-04-05 11:00:00 EDT,42.67627,-74.50797,1076,22.6,22.5,12.2,33.9,-1.7,0.000,0.000,0.00,0.000,9.8,14.8,2.2,322,25,10.4,16.8,2.4,332,22,9.8,14.8,2.2,322,25,746,29.17,,,,,36.5,40.2,43.1,,,
COBL,2016-04-05 11:05:00 EDT,42.67627,-74.50797,1076,22.9,22.8,13.7,33.9,-1.4,0.000,0.000,0.00,0.000,8.1,13.5,3.5,327,27,8.8,15.9,3.8,338,26,8.1,13.5,3.5,327,27,757,29.17,,,,,36.5,40.2,43.1,,,
COBL,2016-04-05 11:10:00 EDT,42.67627,-74.50797,1076,22.9,22.7,14.5,34.2,-1.2,0.000,0.000,0.00,0.000,7.0,12.7,1.8,339,23,7.7,14.1,2.0,348,21,7.0,12.7,1.8,339,23,766,29.17,,,,,36.5,40.2,43.1,,,
COBL,2016-04-05 11:15:00 EDT,42.67627,-74.50797,1076,23.2,23.1,14.8,33.4,-1.4,0.000,0.000,0.00,0.000,7.1,10.4,1.7,330,19,7.8,12.3,1.9,341,17,7.1,10.4,1.7,330,19,776,29.17,,,,,36.5,40.2,43.1,,,
COBL,2016-04-05 11:20:00 EDT,42.67627,-74.50797,1076,23.3,23.2,15.4,33.0,-1.6,0.000,0.000,0.00,0.000,6.5,10.8,2.3,310,27,7.1,12.1,2.3,320,25,6.5,10.8,2.3,310,27,783,29.17,,,,,36.5,40.2,43.0,,,
COBL,2016-04-05 11:25:00 EDT,42.67627,-74.50797,1076,23.5,23.4,16.1,32.8,-1.5,0.000,0.000,0.00,0.000,6.0,11.1,2.0,309,24,6.7,13.0,2.1,319,24,6.0,11.1,2.0,309,24,792,29.17,,,,,36.5,40.2,43.1,,,
COBL,2016-04-05 11:30:00 EDT,42.67627,-74.50797,1076,23.5,23.4,14.4,32.3,-1.9,0.000,0.000,0.00,0.000,8.1,14.7,2.2,314,16,8.4,14.1,2.3,325,15,8.1,14.7,2.2,314,16,800,29.17,,,,,36.5,40.2,43.1,,,
COBL,2016-04-05 11:35:00 EDT,42.67627,-74.50797,1076,23.8,23.7,14.8,31.2,-2.3,0.000,0.000,0.00,0.000,8.2,13.7,2.1,305,23,8.7,15.7,2.3,315,23,8.2,13.7,2.1,305,23,808,29.17,,,,,36.5,40.1,43.1,,,
COBL,2016-04-05 11:40:00 EDT,42.67627,-74.50797,1076,24.1,24.0,16.2,30.9,-2.2,0.000,0.000,0.00,0.000,6.8,13.7,2.2,322,23,7.2,13.6,2.3,332,22,6.8,13.7,2.2,322,23,817,29.17,,,,,36.5,40.1,43.0,,,
COBL,2016-04-05 11:45:00 EDT,42.67627,-74.50797,1076,24.1,23.9,14.3,29.4,-3.3,0.000,0.000,0.00,0.000,9.4,17.0,3.0,335,29,10.4,18.8,3.2,345,27,9.4,17.0,3.0,335,29,823,29.17,,,,,36.4,40.1,43.1,,,
COBL,2016-04-05 11:50:00 EDT,42.67627,-74.50797,1076,24.2,24.0,14.3,29.7,-3.1,0.000,0.000,0.00,0.000,9.6,16.2,2.6,331,24,10.6,19.5,3.0,341,22,9.6,16.2,2.6,331,24,828,29.17,,,,,36.5,40.2,43.0,,,
COBL,2016-04-05 11:55:00 EDT,42.67627,-74.50797,1076,,,,,,,,,,,,,,,,,,,,,,,,,,,,,,,,,,,,
COBL,2016-04-05 12:00:00 EDT,42.67627,-74.50797,1076,24.2,24.1,13.4,29.0,-3.6,,0.000,0.00,0.000,11.1,16.7,3.0,314,19,11.7,17.9,3.0,324,17,11.1,16.7,3.0,314,19,841,29.16,,,,,36.4,40.1,43.1,,,
COBL,2016-04-05 12:05:00 EDT,42.67627,-74.50797,1076,24.0,23.9,13.3,29.3,-3.5,0.000,0.000,0.00,0.000,11.0,20.5,3.6,317,25,11.9,21.3,3.8,326,26,11.0,20.5,3.6,317,25,845,29.16,,,,,36.4,40.1,43.0,,,
COBL,2016-04-05 12:10:00 EDT,42.67627,-74.50797,1076,24.3,24.2,14.2,30.7,-2.2,0.000,0.000,0.00,0.000,10.0,18.0,3.9,341,16,10.9,19.5,4.0,351,14,10.0,18.0,3.9,341,16,849,29.16,,,,,36.4,40.1,43.0,,,
COBL,2016-04-05 12:15:00 EDT,42.67627,-74.50797,1076,24.4,24.3,15.3,30.3,-2.4,0.000,0.000,0.00,0.000,8.4,18.6,4.0,331,25,9.1,20.1,4.3,341,23,8.4,18.6,4.0,331,25,853,29.16,,,,,36.4,40.1,43.0,,,
COBL,2016-04-05 12:20:00 EDT,42.67627,-74.50797,1076,24.5,24.4,15.6,29.4,-3.0,0.000,0.000,0.00,0.000,8.2,16.7,3.1,310,33,8.9,17.0,3.4,321,34,8.2,16.7,3.1,310,33,858,29.16,,,,,36.5,40.1,43.0,,,
COBL,2016-04-05 12:25:00 EDT,42.67627,-74.50797,1076,24.4,24.2,14.7,29.4,-3.1,0.000,0.000,0.00,0.000,9.3,14.8,2.4,301,26,9.7,16.8,2.4,312,25,9.3,14.8,2.4,301,26,860,29.16,,,,,36.5,40.1,43.0,,,
COBL,2016-04-05 12:30:00 EDT,42.67627,-74.50797,1076,24.8,24.7,17.3,30.3,-2.1,0.000,0.000,0.00,0.000,6.5,14.3,3.1,295,25,6.9,15.0,3.2,303,25,6.5,14.3,3.1,295,25,862,29.16,,,,,36.4,40.1,43.0,,,
COBL,2016-04-05 12:35:00 EDT,42.67627,-74.50797,1076,25.0,24.9,14.5,30.7,-1.6,0.000,0.000,0.00,0.000,11.1,20.3,3.4,314,18,11.6,21.5,3.4,324,17,11.1,20.3,3.4,314,18,865,29.16,,,,,36.4,40.1,43.0,,,
COBL,2016-04-05 12:40:00 EDT,42.67627,-74.50797,1076,24.5,24.4,14.3,31.0,-1.8,0.000,0.000,0.00,0.000,10.3,18.6,3.1,328,18,10.8,21.5,3.3,338,13,10.3,18.6,3.1,328,18,867,29.16,,,,,36.5,40.1,43.0,,,
COBL,2016-04-05 12:45:00 EDT,42.67627,-74.50797,1076,25.1,25.0,15.2,32.5,-0.3,0.000,0.000,0.00,0.000,9.9,16.1,2.9,309,20,10.4,17.2,2.9,318,20,9.9,16.1,2.9,309,20,868,29.16,,,,,36.4,40.1,43.0,,,
COBL,2016-04-05 12:50:00 EDT,42.67627,-74.50797,1076,25.0,24.9,16.4,31.7,-0.9,0.000,0.000,0.00,0.000,8.0,15.6,3.1,309,36,8.7,16.1,3.2,320,34,8.0,15.6,3.1,309,36,868,29.16,,,,,36.4,40.1,43.0,,,
COBL,2016-04-05 12:55:00 EDT,42.67627,-74.50797,1076,25.2,25.2,15.4,32.9,0.0,0.000,0.000,0.00,,9.9,17.6,2.6,306,38,10.8,17.4,2.9,315,39,9.9,17.6,2.6,306,38,870,29.16,,,,,36.4,40.1,43.0,,,
COBL,2016-04-05 13:00:00 EDT,42.67627,-74.50797,1076,25.5,25.4,16.6,31.6,-0.6,0.000,0.000,0.00,0.000,8.5,15.9,3.3,290,32,9.3,15.7,3.5,299,31,8.5,15.9,3.3,290,32,870,29.16,,,,,36.4,40.1,43.0,,,
COBL,2016-04-05 13:05:00 EDT,42.67627,-74.50797,1076,25.4,25.3,15.7,32.8,0.1,0.000,0.000,0.00,0.000,9.7,16.7,2.9,303,21,10.4,19.5,3.2,312,23,9.7,16.7,2.9,303,21,870,29.16,,,,,36.4,40.1,43.0,,,
COBL,2016-04-05 13:10:00 EDT,42.67627,-74.50797,1076,25.4,25.4,15.9,32.4,-0.1,0.000,0.000,0.00,0.000,9.5,15.5,2.9,294,31,10.3,16.8,3.1,303,32,9.5,15.5,2.9,294,31,870,29.16,,,,,36.4,40.1,43.0,,,
COBL,2016-04-05 13:15:00 EDT,42.67627,-74.50797,1076,25.6,25.3,19.8,31.8,-0.4,0.000,0.000,0.00,0.000,4.7,8.0,1.5,348,22,5.4,9.6,1.8,358,21,4.7,8.0,1.5,348,22,871,29.16,,,,,36.4,40.1,43.0,,,
COBL,2016-04-05 13:20:00 EDT,42.67627,-74.50797,1076,26.0,25.8,17.2,32.1,0.2,0.000,0.000,0.00,0.000,8.4,16.3,3.5,329,18,9.1,17.4,3.9,339,14,8.4,16.3,3.5,329,18,870,29.15,,,,,36.4,40.1,43.0,,,
COBL,2016-04-05 13:25:00 EDT,42.67627,-74.50797,1076,26.4,26.2,20.9,31.4,0.1,0.000,0.000,0.00,0.000,4.6,9.6,1.8,253,41,5.2,9.4,2.0,262,43,4.6,9.6,1.8,253,41,869,29.15,,,,,36.4,40.1,43.0,,,
COBL,2016-04-05 13:30:00 EDT,42.67627,-74.50797,1076,26.4,26.2,17.3,30.9,-0.3,0.000,0.000,0.00,0.000,9.1,17.0,3.0,252,26,9.9,21.9,3.4,260,26,9.1,17.0,3.0,252,26,867,29.15,,,,,36.4,40.1,42.9,,,
COBL,2016-04-05 13:35:00 EDT,42.67627,-74.50797,1076,26.0,25.8,16.7,29.9,-1.3,0.000,0.000,0.00,0.000,9.3,18.3,4.5,300,28,10.1,20.6,4.7,307,27,9.3,18.3,4.5,300,28,864,29.15,,,,,36.4,40.1,43.0,,,
COBL,2016-04-05 13:40:00 EDT,42.67627,-74.50797,1076,26.1,26.0,16.1,29.9,-1.3,0.000,0.000,0.00,0.000,10.5,19.0,4.3,313,19,10.9,20.1,4.2,322,20,10.5,19.0,4.3,313,19,861,29.15,,,,,36.4,40.1,42.9,,,
COBL,2016-04-05 13:45:00 EDT,42.67627,-74.50797,1076,26.2,26.1,18.9,31.0,-0.3,0.000,0.000,0.00,0.000,6.6,12.5,2.8,307,30,7.3,14.8,3.2,318,30,6.6,12.5,2.8,307,30,860,29.15,,,,,36.4,40.1,42.9,,,
COBL,2016-04-05 13:50:00 EDT,42.67627,-74.50797,1076,26.6,26.5,17.1,29.4,-1.1,0.000,0.000,0.00,0.000,9.9,17.0,3.6,270,30,11.0,20.1,4.0,280,30,9.9,17.0,3.6,270,30,857,29.15,,,,,36.4,40.1,43.0,,,
COBL,2016-04-05 13:55:00 EDT,42.67627,-74.50797,1076,26.7,26.6,18.7,27.5,-2.5,0.000,0.000,0.00,0.000,7.6,14.2,2.4,281,31,8.5,15.0,2.6,287,31,7.6,14.2,2.4,281,31,853,29.15,,,,,36.4,40.1,42.9,,,
COBL,2016-04-05 14:00:00 EDT,42.67627,-74.50797,1076,26.9,26.8,20.2,26.6,-3.0,0.000,0.000,0.00,0.000,6.0,12.9,2.8,273,26,6.7,15.2,3.0,283,27,6.0,12.9,2.8,273,26,849,29.15,,,,,36.4,40.1,42.9,,,
COBL,2016-04-05 14:05:00 EDT,42.67627,-74.50797,1076,26.9,26.8,18.2,25.4,-4.0,0.000,0.000,0.00,0.000,8.6,15.0,3.0,303,23,8.9,16.8,2.9,312,22,8.6,15.0,3.0,303,23,843,29.15,,,,,36.4,40.0,42.9,,,
COBL,2016-04-05 14:10:00 EDT,42.67627,-74.50797,1076,26.9,26.8,17.5,26.3,-3.3,0.000,0.000,0.00,0.000,9.7,15.2,2.9,304,21,10.4,15.9,2.9,313,22,9.7,15.2,2.9,304,21,837,29.15,,,,,36.4,40.0,42.9,,,
COBL,2016-04-05 14:15:00 EDT,42.67627,-74.50797,1076,26.9,26.8,19.7,26.9,-2.8,0.000,0.000,0.00,0.000,6.5,15.4,3.1,303,29,7.2,15.7,3.1,312,30,6.5,15.4,3.1,303,29,832,29.14,,,,,36.4,40.0,42.9,,,
COBL,2016-04-05 14:20:00 EDT,42.67627,-74.50797,1076,27.3,27.1,19.1,27.0,-2.4,0.000,0.000,0.00,0.000,8.1,15.1,4.0,252,28,9.1,17.9,4.1,260,30,8.1,15.1,4.0,252,28,826,29.14,,,,,36.4,40.0,42.9,,,
COBL,2016-04-05 14:25:00 EDT,42.67627,-74.50797,1076,27.1,27.0,17.0,27.8,-1.8,0.000,0.000,0.00,0.000,11.3,17.8,3.3,328,21,12.3,18.8,3.6,338,19,11.3,17.8,3.3,328,21,819,29.14,,,,,36.4,40.0,42.9,,,
COBL,2016-04-05 14:30:00 EDT,42.67627,-74.50797,1076,27.3,27.3,17.8,28.5,-1.2,0.000,0.000,0.00,0.000,10.3,19.8,3.6,324,18,10.9,20.8,3.8,335,15,10.3,19.8,3.6,324,18,813,29.14,,,,,36.3,40.0,42.9,,,
COBL,2016-04-05 14:35:00 EDT,42.67627,-74.50797,1076,27.2,27.1,18.6,28.1,-1.6,0.000,0.000,0.00,0.000,8.6,16.4,2.9,304,24,9.2,16.1,2.8,314,24,8.6,16.4,2.9,304,24,805,29.14,,,,,36.4,40.0,42.9,,,
COBL,2016-04-05 14:40:00 EDT,42.67627,-74.50797,1076,27.1,27.1,17.3,28.3,-1.4,0.000,0.000,0.00,0.000,10.7,16.8,2.6,322,20,11.6,18.3,2.8,332,19,10.7,16.8,2.6,322,20,799,29.14,,,,,36.3,40.0,42.9,,,
COBL,2016-04-05 14:45:00 EDT,42.67627,-74.50797,1076,27.5,27.4,17.2,27.7,-1.7,0.000,0.000,0.00,0.000,11.7,16.7,2.6,307,16,12.1,18.1,2.5,317,14,11.7,16.7,2.6,307,16,792,29.14,,,,,36.3,40.0,42.9,,,
COBL,2016-04-05 14:50:00 EDT,42.67627,-74.50797,1076,27.5,27.5,18.5,27.6,-1.7,0.000,0.000,0.00,0.000,9.4,18.8,4.0,317,24,10.0,21.3,4.2,329,24,9.4,18.8,4.0,317,24,784,29.14,,,,,36.4,39.9,42.9,,,
COBL,2016-04-05 14:55:00 EDT,42.67627,-74.50797,1076,27.5,27.4,17.3,28.0,-1.4,0.000,0.000,0.00,0.000,11.7,17.9,3.3,306,20,12.2,20.6,3.3,316,20,11.7,17.9,3.3,306,20,775,29.14,,,,,36.3,40.0,42.9,,,
COBL,2016-04-05 15:00:00 EDT,42.67627,-74.50797,1076,27.5,27.4,20.1,27.8,-1.5,0.000,0.000,0.00,0.000,7.0,13.4,2.7,296,25,7.8,14.3,2.7,306,26,7.0,13.4,2.7,296,25,766,29.14,,,,,36.4,40.0,42.9,,,
COBL,2016-04-05 15:05:00 EDT,42.67627,-74.50797,1076,28.1,28.0,20.3,28.5,-0.5,0.000,0.000,0.00,0.000,7.7,15.6,2.9,298,38,8.7,15.9,3.5,307,38,7.7,15.6,2.9,298,38,757,29.14,,,,,36.4,40.0,42.9,,,
COBL,2016-04-05 15:10:00 EDT,42.67627,-74.50797,1076,27.7,27.6,19.5,28.0,-1.2,0.000,0.000,0.00,0.000,8.1,14.3,3.0,302,24,8.8,15.0,3.0,311,25,8.1,14.3,3.0,302,24,747,29.14,,,,,36.3,40.0,42.9,,,
COBL,2016-04-05 15:15:00 EDT,42.67627,-74.50797,1076,28.1,28.1,18.8,28.6,-0.4,0.000,0.000,0.00,0.000,10.2,20.5,4.5,314,21,10.6,21.9,4.5,324,19,10.2,20.5,4.5,314,21,737,29.13,,,,,36.4,40.0,42.9,,,
COBL,2016-04-05 15:20:00 EDT,42.67627,-74.50797,1076,28.1,28.0,18.9,28.9,-0.2,0.000,0.000,0.00,0.000,10.0,17.5,3.5,315,16,10.4,18.8,3.6,327,15,10.0,17.5,3.5,315,16,727,29.13,,,,,36.3,39.9,42.9,,,
COBL,2016-04-05 15:25:00 EDT,42.67627,-74.50797,1076,28.0,27.9,19.1,28.8,-0.4,0.000,0.000,0.00,0.000,9.2,15.8,2.3,306,22,9.8,17.4,2.4,316,21,9.2,15.8,2.3,306,22,715,29.13,,,,,36.3,39.9,42.9,,,
COBL,2016-04-05 15:30:00 EDT,42.67627,-74.50797,1076,28.2,28.2,20.0,28.6,-0.3,0.000,0.000,0.00,0.000,8.3,15.7,3.5,296,30,9.2,16.8,3.4,303,29,8.3,15.7,3.5,296,30,705,29.13,,,,,36.4,40.0,42.9,,,
COBL,2016-04-05 15:35:00 EDT,42.67627,-74.50797,1076,28.3,28.1,20.5,27.9,-0.8,0.000,0.000,0.00,0.000,7.7,12.7,2.6,296,22,8.5,15.9,2.8,305,21,7.7,12.7,2.6,296,22,695,29.13,,,,,36.3,39.9,42.9,,,
COBL,2016-04-05 15:40:00 EDT,42.67627,-74.50797,1076,28.2,27.9,21.0,27.7,-1.0,0.000,0.000,0.00,0.000,6.9,16.4,4.6,316,40,7.5,18.3,4.8,323,40,6.9,16.4,4.6,316,40,683,29.13,,,,,36.4,39.9,42.9,,,
COBL,2016-04-05 15:45:00 EDT,42.67627,-74.50797,1076,28.6,28.4,21.5,26.9,-1.3,0.000,0.000,0.00,0.000,6.8,15.7,3.7,297,34,7.5,16.8,3.8,307,34,6.8,15.7,3.7,297,34,671,29.13,,,,,36.3,39.9,42.9,,,
COBL,2016-04-05 15:50:00 EDT,42.67627,-74.50797,1076,28.3,28.2,20.7,27.2,-1.3,0.000,0.000,0.00,0.000,7.6,17.2,4.1,315,24,8.2,17.4,4.2,324,26,7.6,17.2,4.1,315,24,659,29.13,,,,,36.4,39.9,42.9,,,
COBL,2016-04-05 15:55:00 EDT,42.67627,-74.50797,1076,28.9,28.8,20.8,28.8,0.4,0.000,0.000,0.00,0.000,8.3,17.8,4.1,279,32,9.4,20.6,4.8,287,32,8.3,17.8,4.1,279,32,645,29.13,,,,,36.4,39.9,42.9,,,
COBL,2016-04-05 16:00:00 EDT,42.67627,-74.50797,1076,28.6,28.5,20.1,27.9,-0.5,0.000,0.000,0.00,0.000,9.0,17.4,3.4,263,25,9.8,20.4,3.7,271,24,9.0,17.4,3.4,263,25,632,29.13,,,,,36.3,39.9,42.8,,,
COBL,2016-04-05 16:05:00 EDT,42.67627,-74.50797,1076,28.9,28.7,22.1,27.8,-0.3,0.000,0.000,0.00,0.000,6.4,11.5,2.5,285,28,7.2,13.2,2.9,294,28,6.4,11.5,2.5,285,28,621,29.14,,,,,36.3,39.9,42.9,,,
COBL,2016-04-05 16:10:00 EDT,42.67627,-74.50797,1076,28.8,28.7,23.7,27.9,-0.3,0.000,0.000,0.00,0.000,4.7,10.5,2.5,252,52,5.4,11.4,2.5,258,56,4.7,10.5,2.5,252,52,608,29.13,,,,,36.3,39.9,42.8,,,
COBL,2016-04-05 16:15:00 EDT,42.67627,-74.50797,1076,28.6,28.5,23.7,27.7,-0.6,0.000,0.000,0.00,0.000,4.5,10.4,2.3,241,33,5.1,12.1,2.6,247,32,4.5,10.4,2.3,241,33,594,29.13,,,,,36.4,39.9,42.8,,,
COBL,2016-04-05 16:20:00 EDT,42.67627,-74.50797,1076,28.9,28.7,23.6,28.9,0.5,0.000,0.000,0.00,0.000,4.8,15.1,2.4,248,40,5.3,16.8,2.6,255,42,4.8,15.1,2.4,248,40,579,29.13,,,,,36.4,39.9,42.8,,,
COBL,2016-04-05 16:25:00 EDT,42.67627,-74.50797,1076,29.0,28.8,22.9,27.6,-0.4,0.000,0.000,0.59,0.000,5.7,15.1,4.0,264,29,6.4,17.0,4.2,272,30,5.7,15.1,4.0,264,29,566,29.13,,,,,36.3,39.9,42.8,,,
COBL,2016-04-05 16:30:00 EDT,42.67627,-74.50797,1076,29.0,28.9,20.7,28.0,-0.1,0.000,0.000,0.00,0.000,8.7,17.2,3.0,279,25,9.5,21.0,3.5,286,25,8.7,17.2,3.0,279,25,552,29.13,,,,,36.3,39.9,42.8,,,
COBL,2016-04-05 16:35:00 EDT,42.67627,-74.50797,1076,28.9,28.8,24.7,28.1,-0.1,0.000,0.000,0.00,0.000,3.8,9.5,1.9,263,38,4.4,11.4,2.2,274,39,3.8,9.5,1.9,263,38,536,29.13,,,,,36.3,39.9,42.8,,,
COBL,2016-04-05 16:40:00 EDT,42.67627,-74.50797,1076,29.1,28.9,22.9,28.1,0.1,0.000,0.000,0.00,0.000,5.8,12.6,3.1,310,32,6.5,15.7,3.5,316,35,5.8,12.6,3.1,310,32,521,29.13,,,,,36.4,39.9,42.8,,,
COBL,2016-04-05 16:45:00 EDT,42.67627,-74.50797,1076,28.7,28.6,20.2,27.8,-0.5,0.000,0.000,0.00,0.000,9.0,13.2,1.9,317,21,9.4,14.8,2.1,328,21,9.0,13.2,1.9,317,21,506,29.13,,,,,36.3,39.9,42.8,,,
COBL,2016-04-05 16:50:00 EDT,42.67627,-74.50797,1076,28.9,28.8,21.9,27.7,-0.4,0.000,0.000,0.00,0.000,6.8,13.3,3.1,312,28,7.5,15.2,3.3,323,28,6.8,13.3,3.1,312,28,490,29.13,,,,,36.3,39.9,42.8,,,
COBL,2016-04-05 16:55:00 EDT,42.67627,-74.50797,1076,29.1,29.1,24.0,29.1,0.8,0.000,0.000,0.00,0.000,4.6,11.0,2.4,310,37,5.3,12.3,2.7,321,37,4.6,11.0,2.4,310,37,474,29.13,,,,,36.3,39.9,42.8,,,
COBL,2016-04-05 17:00:00 EDT,42.67627,-74.50797,1076,29.2,29.1,23.1,29.0,0.8,0.000,0.000,0.00,0.000,5.7,12.1,3.1,307,36,6.4,12.5,3.1,315,39,5.7,12.1,3.1,307,36,459,29.13,,,,,36.3,39.9,42.8,,,
COBL,2016-04-05 17:05:00 EDT,42.67627,-74.50797,1076,29.0,29.0,22.4,29.2,0.8,0.000,0.000,0.00,0.000,6.2,15.9,3.5,318,24,6.7,16.8,3.7,330,24,6.2,15.9,3.5,318,24,442,29.13,,,,,36.3,39.9,42.8,,,
COBL,2016-04-05 17:10:00 EDT,42.67627,-74.50797,1076,28.8,28.8,21.4,28.6,0.2,0.003,0.003,0.00,0.003,7.3,15.3,3.1,296,34,8.0,18.3,3.2,303,36,7.3,15.3,3.1,296,34,427,29.14,,,,,36.3,39.9,42.9,,,
COBL,2016-04-05 17:15:00 EDT,42.67627,-74.50797,1076,28.7,28.7,21.5,28.4,0.0,0.000,0.003,0.00,0.003,7.1,12.7,2.1,270,37,7.9,13.0,2.1,276,39,7.1,12.7,2.1,270,37,410,29.13,,,,,36.3,39.9,42.8,,,
COBL,2016-04-05 17:20:00 EDT,42.67627,-74.50797,1076,28.7,28.6,21.4,28.4,-0.0,0.000,0.003,0.00,0.003,7.1,12.3,2.5,241,28,7.9,16.1,2.6,251,32,7.1,12.3,2.5,241,28,394,29.13,,,,,36.3,39.9,42.8,,,
COBL,2016-04-05 17:25:00 EDT,42.67627,-74.50797,1076,28.7,28.7,23.2,28.9,0.3,0.000,0.003,0.00,0.003,4.9,12.1,2.2,281,43,5.5,14.5,2.5,288,44,4.9,12.1,2.2,281,43,377,29.13,,,,,36.3,39.9,42.8,,,
COBL,2016-04-05 17:30:00 EDT,42.67627,-74.50797,1076,28.5,28.6,21.0,29.4,0.5,0.000,0.003,0.00,0.003,7.4,14.1,2.7,322,17,8.2,15.2,2.6,332,14,7.4,14.1,2.7,322,17,361,29.13,,,,,36.3,39.9,42.8,,,
COBL,2016-04-05 17:35:00 EDT,42.67627,-74.50797,1076,28.6,28.6,21.6,29.0,0.3,0.000,0.003,0.00,0.003,6.6,11.5,2.5,299,34,7.3,13.2,2.7,310,33,6.6,11.5,2.5,299,34,344,29.13,,,,,36.3,39.9,42.8,,,
COBL,2016-04-05 17:40:00 EDT,42.67627,-74.50797,1076,28.7,28.6,21.8,28.3,-0.2,0.000,0.003,0.00,0.003,6.6,10.3,1.7,270,27,7.2,12.8,2.0,280,27,6.6,10.3,1.7,270,27,327,29.13,,,,,36.3,39.9,42.8,,,
COBL,2016-04-05 17:45:00 EDT,42.67627,-74.50797,1076,28.7,28.6,22.3,28.7,0.2,0.000,0.003,0.00,0.003,6.0,13.9,2.9,274,35,6.9,17.4,3.5,283,34,6.0,13.9,2.9,274,35,310,29.14,,,,,36.4,39.9,42.8,,,
COBL,2016-04-05 17:50:00 EDT,42.67627,-74.50797,1076,28.6,28.6,21.4,29.3,0.5,0.000,0.003,0.00,0.003,6.9,12.4,2.1,285,21,7.9,13.6,2.4,292,19,6.9,12.4,2.1,285,21,293,29.14,,,,,36.3,39.9,42.8,,,
COBL,2016-04-05 17:55:00 EDT,42.67627,-74.50797,1076,28.3,28.3,21.6,29.5,0.4,0.000,0.003,0.00,0.003,6.3,13.4,2.9,266,27,7.1,15.0,3.2,276,27,6.3,13.4,2.9,266,27,276,29.14,,,,,36.3,39.9,42.8,,,
COBL,2016-04-05 18:00:00 EDT,42.67627,-74.50797,1076,28.3,28.3,21.9,29.8,0.6,0.000,0.003,0.00,0.003,5.8,11.5,1.9,261,25,6.4,13.4,2.3,270,23,5.8,11.5,1.9,261,25,258,29.14,,,,,36.4,39.9,42.8,,,
COBL,2016-04-05 18:05:00 EDT,42.67627,-74.50797,1076,28.3,28.2,20.6,29.1,0.1,0.000,0.003,0.00,0.003,7.6,16.8,3.4,295,21,8.1,16.1,3.4,303,20,7.6,16.8,3.4,295,21,242,29.14,,,,,36.3,39.9,42.8,,,
COBL,2016-04-05 18:10:00 EDT,42.67627,-74.50797,1076,28.2,28.2,22.1,29.7,0.5,0.000,0.003,0.00,0.000,5.6,14.9,2.7,306,24,6.1,15.0,3.0,317,25,5.6,14.9,2.7,306,24,225,29.14,,,,,36.3,39.9,42.8,,,
COBL,2016-04-05 18:15:00 EDT,42.67627,-74.50797,1076,28.1,28.3,21.3,30.5,0.9,0.000,0.003,0.00,0.000,6.3,11.8,2.1,307,25,6.8,13.2,2.3,318,23,6.3,11.8,2.1,307,25,208,29.14,,,,,36.4,39.8,42.8,,,
COBL,2016-04-05 18:20:00 EDT,42.67627,-74.50797,1076,27.9,28.0,21.1,30.3,0.7,0.000,0.003,0.00,0.000,6.3,12.2,3.2,300,25,6.8,13.6,3.3,309,27,6.3,12.2,3.2,300,25,117,29.15,,,,,36.3,39.9,42.8,,,
COBL,2016-04-05 18:25:00 EDT,42.67627,-74.50797,1076,27.5,27.8,22.2,30.9,0.7,0.000,0.003,0.00,0.000,4.6,8.7,2.0,296,28,5.2,9.8,2.0,308,26,4.6,8.7,2.0,296,28,30,29.14,,,,,36.3,39.9,42.8,,,
COBL,2016-04-05 18:30:00 EDT,42.67627,-74.50797,1076,27.5,27.6,22.0,30.8,0.7,0.000,0.003,0.00,0.000,4.8,10.5,2.5,305,24,5.4,11.6,2.6,313,25,4.8,10.5,2.5,305,24,26,29.14,,,,,36.3,39.8,42.8,,,
COBL,2016-04-05 18:35:00 EDT,42.67627,-74.50797,1076,27.3,27.6,20.9,31.8,1.2,0.000,0.003,0.00,0.000,5.8,13.2,2.6,316,18,6.2,14.1,2.7,326,16,5.8,13.2,2.6,316,18,25,29.14,,,,,36.3,39.8,42.7,,,
COBL,2016-04-05 18:40:00 EDT,42.67627,-74.50797,1076,27.2,27.4,21.3,31.8,1.1,0.000,0.003,0.00,0.000,5.2,10.5,2.6,307,23,5.6,11.9,2.8,317,23,5.2,10.5,2.6,307,23,23,29.14,,,,,36.3,39.8,42.8,,,
COBL,2016-04-05 18:45:00 EDT,42.67627,-74.50797,1076,27.2,27.4,21.2,31.9,1.1,0.000,0.003,0.00,0.000,5.2,9.3,2.1,311,16,5.8,10.1,2.3,322,17,5.2,9.3,2.1,311,16,22,29.14,,,,,36.3,39.8,42.8,,,
COBL,2016-04-05 18:50:00 EDT,42.67627,-74.50797,1076,27.1,27.3,20.9,31.8,1.0,0.000,0.003,0.00,0.000,5.5,10.2,1.8,302,18,5.8,11.6,2.0,315,17,5.5,10.2,1.8,302,18,20,29.14,,,,,36.3,39.8,42.8,,,
COBL,2016-04-05 18:55:00 EDT,42.67627,-74.50797,1076,27.0,27.2,21.7,32.2,1.1,0.000,0.003,0.00,0.000,4.5,9.2,2.0,287,21,5.0,9.6,2.2,297,22,4.5,9.2,2.0,287,21,19,29.14,,,,,36.3,39.8,42.7,,,
COBL,2016-04-05 19:00:00 EDT,42.67627,-74.50797,1076,26.9,27.1,23.5,32.4,1.2,0.000,0.003,0.00,0.000,3.1,9.9,2.1,308,31,3.5,10.1,2.1,322,29,3.1,9.9,2.1,308,31,17,29.14,,,,,36.3,39.8,42.7,,,
COBL,2016-04-05 19:05:00 EDT,42.67627,-74.50797,1076,26.7,26.9,20.9,32.6,1.2,0.000,0.003,0.00,0.000,5.0,9.4,1.8,296,23,5.3,10.5,2.0,306,24,5.0,9.4,1.8,296,23,16,29.14,,,,,36.3,39.8,42.7,,,
COBL,2016-04-05 19:10:00 EDT,42.67627,-74.50797,1076,26.6,26.8,22.9,32.7,1.1,0.000,0.003,0.00,0.000,3.2,6.1,1.2,274,26,3.7,7.2,1.5,282,25,3.2,6.1,1.2,274,26,14,29.14,,,,,36.3,39.8,42.7,,,
COBL,2016-04-05 19:15:00 EDT,42.67627,-74.50797,1076,26.2,26.6,22.0,34.0,1.6,0.000,0.003,0.00,0.000,3.5,6.3,1.2,286,30,3.8,7.4,1.3,294,29,3.5,6.3,1.2,286,30,12,29.14,,,,,36.3,39.8,42.7,,,
COBL,2016-04-05 19:20:00 EDT,42.67627,-74.50797,1076,26.1,26.4,26.1,33.8,1.4,0.000,0.003,0.00,0.000,2.2,5.8,1.3,282,39,2.7,6.3,1.3,291,43,2.2,5.8,1.3,282,39,10,29.14,,,,,36.3,39.8,42.7,,,
COBL,2016-04-05 19:25:00 EDT,42.67627,-74.50797,1076,26.0,26.2,21.2,34.0,1.4,0.000,0.003,0.00,0.000,4.0,8.0,1.6,298,23,4.4,9.6,2.0,311,22,4.0,8.0,1.6,298,23,8,29.14,,,,,36.3,39.8,42.7,,,
COBL,2016-04-05 19:30:00 EDT,42.67627,-74.50797,1076,25.8,26.1,21.4,34.3,1.4,0.000,0.003,0.00,0.000,3.6,6.9,1.3,303,22,4.0,8.9,1.5,313,21,3.6,6.9,1.3,303,22,5,29.14,,,,,36.3,39.8,42.7,,,
COBL,2016-04-05 19:35:00 EDT,42.67627,-74.50797,1076,25.9,26.1,19.8,34.0,1.4,0.000,0.003,0.00,0.000,5.1,8.5,1.5,280,20,5.7,10.1,1.9,289,20,5.1,8.5,1.5,280,20,3,29.14,,,,,36.3,39.8,42.7,,,
COBL,2016-04-05 19:40:00 EDT,42.67627,-74.50797,1076,25.5,25.8,25.5,35.0,1.6,0.000,0.003,0.00,0.000,2.4,5.1,1.2,283,26,2.7,6.3,1.3,291,27,2.4,5.1,1.2,283,26,2,29.14,,,,,36.3,39.8,42.7,,,
COBL,2016-04-05 19:45:00 EDT,42.67627,-74.50797,1076,25.5,25.7,20.9,35.3,1.7,0.000,0.003,0.00,0.000,3.7,7.2,1.7,265,25,4.1,8.5,1.9,273,26,3.7,7.2,1.7,265,25,1,29.14,,,,,36.3,39.8,42.7,,,
COBL,2016-04-05 19:50:00 EDT,42.67627,-74.50797,1076,25.6,25.7,19.9,34.2,1.2,0.000,0.003,0.00,0.000,4.7,9.0,1.6,281,21,5.3,10.3,1.8,291,20,4.7,9.0,1.6,281,21,0,29.14,,,,,36.3,39.7,42.7,,,
COBL,2016-04-05 19:55:00 EDT,42.67627,-74.50797,1076,25.4,25.5,20.0,34.4,1.2,0.000,0.003,0.00,0.000,4.4,10.4,2.4,273,20,5.1,12.5,2.7,281,19,4.4,10.4,2.4,273,20,0,29.14,,,,,36.3,39.7,42.7,,,
COBL,2016-04-05 20:00:00 EDT,42.67627,-74.50797,1076,25.2,25.4,25.2,35.2,1.4,0.000,0.003,0.00,0.000,2.3,5.7,1.3,276,24,2.7,6.9,1.4,285,24,2.3,5.7,1.3,276,24,0,29.14,,,,,36.2,39.8,42.7,,,
COBL,2016-04-05 20:05:00 EDT,42.67627,-74.50797,1076,25.1,25.3,25.1,35.9,1.8,0.000,0.003,0.00,0.000,2.3,4.8,0.9,279,25,2.7,6.3,1.1,285,24,2.3,4.8,0.9,279,25,0,29.15,,,,,36.3,39.8,42.7,,,
COBL,2016-04-05 20:10:00 EDT,42.67627,-74.50797,1076,25.1,25.2,20.9,36.0,1.9,0.000,0.003,0.00,0.000,3.4,6.4,1.3,274,19,3.9,7.4,1.5,285,19,3.4,6.4,1.3,274,19,0,29.15,,,,,36.3,39.7,42.7,,,
COBL,2016-04-05 20:15:00 EDT,42.67627,-74.50797,1076,24.9,25.1,24.9,36.2,1.8,0.000,0.003,0.00,0.000,2.6,5.8,1.2,282,34,3.0,6.5,1.3,294,33,2.6,5.8,1.2,282,34,0,29.16,,,,,36.3,39.7,42.7,,,
COBL,2016-04-05 20:20:00 EDT,42.67627,-74.50797,1076,24.9,25.0,19.5,36.6,2.0,0.000,0.003,0.00,0.000,4.3,10.2,1.6,260,29,4.9,9.8,1.7,270,30,4.3,10.2,1.6,260,29,0,29.16,,,,,36.3,39.7,42.7,,,
COBL,2016-04-05 20:25:00 EDT,42.67627,-74.50797,1076,24.8,24.9,19.8,36.7,2.0,0.000,0.003,0.00,0.000,4.0,8.4,1.5,286,20,4.4,8.9,1.7,296,19,4.0,8.4,1.5,286,20,0,29.16,,,,,36.2,39.7,42.6,,,
COBL,2016-04-05 20:30:00 EDT,42.67627,-74.50797,1076,24.5,24.6,24.5,37.4,2.1,0.000,0.003,0.00,0.000,1.2,6.0,1.4,263,26,1.8,6.9,1.4,262,52,1.2,6.0,1.4,263,26,0,29.16,,,,,36.3,39.7,42.7,,,
COBL,2016-04-05 20:35:00 EDT,42.67627,-74.50797,1076,24.4,24.5,20.3,37.8,2.3,0.000,0.003,0.00,0.000,3.3,8.3,2.3,240,19,3.8,9.2,2.3,247,23,3.3,8.3,2.3,240,19,0,29.16,,,,,36.3,39.7,42.7,,,
COBL,2016-04-05 20:40:00 EDT,42.67627,-74.50797,1076,24.2,24.4,19.4,37.5,2.0,0.000,0.003,0.00,0.000,3.7,8.1,1.2,243,28,4.2,9.2,1.4,253,29,3.7,8.1,1.2,243,28,0,29.16,,,,,36.2,39.7,42.6,,,
COBL,2016-04-05 20:45:00 EDT,42.67627,-74.50797,1076,24.1,24.3,19.5,37.7,2.0,0.000,0.003,0.00,0.000,3.6,8.7,1.4,258,20,4.1,10.1,1.8,269,20,3.6,8.7,1.4,258,20,0,29.16,,,,,36.3,39.7,42.6,,,
COBL,2016-04-05 20:50:00 EDT,42.67627,-74.50797,1076,24.0,24.2,17.7,38.0,2.1,0.000,0.003,0.00,0.000,5.0,8.0,1.6,277,24,5.6,9.6,1.8,287,23,5.0,8.0,1.6,277,24,0,29.16,,,,,36.2,39.7,42.6,,,
COBL,2016-04-05 20:55:00 EDT,42.67627,-74.50797,1076,23.9,24.0,18.4,38.4,2.2,0.000,0.003,0.00,0.000,4.3,7.9,1.6,274,20,4.8,9.8,1.8,283,19,4.3,7.9,1.6,274,20,0,29.16,,,,,36.2,39.7,42.6,,,
COBL,2016-04-05 21:00:00 EDT,42.67627,-74.50797,1076,23.8,23.9,17.4,38.3,2.1,0.000,0.003,0.00,0.000,5.0,9.1,1.4,267,19,5.8,11.9,1.7,277,19,5.0,9.1,1.4,267,19,0,29.16,,,,,36.2,39.7,42.6,,,
COBL,2016-04-05 21:05:00 EDT,42.67627,-74.50797,1076,23.6,23.8,18.9,38.6,2.0,0.000,0.003,0.00,0.000,3.6,6.5,1.4,261,23,4.1,7.2,1.5,271,28,3.6,6.5,1.4,261,23,0,29.16,,,,,36.2,39.7,42.6,,,
COBL,2016-04-05 21:10:00 EDT,42.67627,-74.50797,1076,23.3,23.6,18.3,39.0,2.0,0.000,0.003,0.00,0.000,3.8,7.7,1.7,246,26,4.1,9.8,2.0,254,25,3.8,7.7,1.7,246,26,0,29.16,,,,,36.2,39.7,42.6,,,
COBL,2016-04-05 21:15:00 EDT,42.67627,-74.50797,1076,23.4,23.5,17.5,38.3,1.7,0.000,0.003,0.00,0.000,4.5,8.3,1.6,263,19,5.2,10.3,1.9,273,17,4.5,8.3,1.6,263,19,0,29.16,,,,,36.2,39.7,42.6,,,
COBL,2016-04-05 21:20:00 EDT,42.67627,-74.50797,1076,23.2,23.3,16.5,38.2,1.4,0.000,0.003,0.00,0.000,5.3,8.9,1.6,259,21,6.1,10.5,2.1,268,21,5.3,8.9,1.6,259,21,0,29.16,,,,,36.2,39.7,42.6,,,
COBL,2016-04-05 21:25:00 EDT,42.67627,-74.50797,1076,23.1,23.3,16.5,38.1,1.3,0.000,0.003,0.00,0.000,5.1,8.3,1.4,244,24,5.6,10.3,1.6,254,24,5.1,8.3,1.4,244,24,0,29.16,,,,,36.2,39.7,42.6,,,
COBL,2016-04-05 21:30:00 EDT,42.67627,-74.50797,1076,22.5,22.9,15.7,39.7,1.7,0.000,0.003,0.00,0.000,5.2,8.3,1.2,240,25,5.6,8.9,1.4,248,25,5.2,8.3,1.2,240,25,0,29.17,,,,,36.2,39.7,42.6,,,
COBL,2016-04-05 21:35:00 EDT,42.67627,-74.50797,1076,22.6,22.8,16.8,39.8,1.8,0.000,0.003,0.00,0.000,4.3,6.9,0.8,236,17,4.6,7.4,1.0,245,18,4.3,6.9,0.8,236,17,0,29.17,,,,,36.2,39.7,42.6,,,
COBL,2016-04-05 21:40:00 EDT,42.67627,-74.50797,1076,22.1,22.4,17.9,41.2,2.1,0.000,0.003,0.00,0.000,3.2,4.7,0.8,238,18,3.4,6.0,1.0,245,19,3.2,4.7,0.8,238,18,0,29.17,,,,,36.2,39.7,42.6,,,
COBL,2016-04-05 21:45:00 EDT,42.67627,-74.50797,1076,21.8,22.3,16.6,42.4,2.4,0.000,0.003,0.00,0.000,3.8,5.8,0.8,223,18,4.0,6.5,1.0,231,19,3.8,5.8,0.8,223,18,0,29.17,,,,,36.1,39.6,42.6,,,
COBL,2016-04-05 21:50:00 EDT,42.67627,-74.50797,1076,21.1,21.9,15.1,44.1,2.6,0.000,0.003,0.00,0.000,4.3,6.2,0.9,218,13,4.5,6.7,1.1,225,14,4.3,6.2,0.9,218,13,0,29.17,,,,,36.2,39.6,42.6,,,
COBL,2016-04-05 21:55:00 EDT,42.67627,-74.50797,1076,21.2,21.8,15.5,44.5,3.0,0.000,0.003,0.00,0.000,4.1,5.3,0.7,221,23,4.3,6.0,0.7,231,22,4.1,5.3,0.7,221,23,0,29.17,,,,,36.1,39.6,42.6,,,
COBL,2016-04-05 22:00:00 EDT,42.67627,-74.50797,1076,20.7,21.6,15.1,45.6,3.0,0.000,0.003,0.00,0.000,3.9,6.7,0.8,226,14,4.2,6.7,0.9,233,15,3.9,6.7,0.8,226,14,0,29.17,,,,,36.1,39.7,42.6,,,
COBL,2016-04-05 22:05:00 EDT,42.67627,-74.50797,1076,21.4,21.8,15.5,43.8,2.7,0.000,0.003,0.00,0.000,4.3,7.2,1.1,232,20,4.5,7.6,1.2,240,22,4.3,7.2,1.1,232,20,0,29.17,,,,,36.1,39.6,42.6,,,
COBL,2016-04-05 22:10:00 EDT,42.67627,-74.50797,1076,21.5,21.8,17.2,43.0,2.4,0.000,0.003,0.00,0.000,3.1,5.7,1.0,254,24,3.4,6.9,1.2,264,25,3.1,5.7,1.0,254,24,0,29.17,,,,,36.1,39.6,42.6,,,
COBL,2016-04-05 22:15:00 EDT,42.67627,-74.50797,1076,21.6,21.8,16.8,42.7,2.3,0.000,0.003,0.00,0.000,3.5,8.8,1.8,263,27,4.0,10.1,2.0,272,26,3.5,8.8,1.8,263,27,0,29.17,,,,,36.1,39.6,42.6,,,
COBL,2016-04-05 22:20:00 EDT,42.67627,-74.50797,1076,21.9,22.0,15.3,41.6,2.1,0.000,0.003,0.00,0.000,4.8,8.2,1.0,266,16,5.3,8.1,1.1,274,15,4.8,8.2,1.0,266,16,0,29.17,,,,,36.1,39.7,42.6,,,
COBL,2016-04-05 22:25:00 EDT,42.67627,-74.50797,1076,21.7,21.9,15.7,42.1,2.2,0.000,0.003,0.00,0.000,4.4,6.9,1.1,270,22,4.8,9.4,1.4,279,21,4.4,6.9,1.1,270,22,0,29.17,,,,,36.1,39.6,42.6,,,
COBL,2016-04-05 22:30:00 EDT,42.67627,-74.50797,1076,21.6,21.8,15.4,42.2,2.1,0.000,0.003,0.00,0.000,4.5,7.2,1.1,262,22,5.0,8.3,1.3,270,23,4.5,7.2,1.1,262,22,0,29.17,,,,,36.1,39.6,42.6,,,
COBL,2016-04-05 22:35:00 EDT,42.67627,-74.50797,1076,21.2,21.6,16.6,44.0,2.7,0.000,0.003,0.00,0.000,3.3,5.5,0.8,249,18,3.6,6.0,1.0,258,19,3.3,5.5,0.8,249,18,0,29.17,,,,,36.1,39.6,42.6,,,
COBL,2016-04-05 22:40:00 EDT,42.67627,-74.50797,1076,21.2,21.6,21.2,43.8,2.5,0.000,0.003,0.00,0.000,2.6,6.0,0.9,263,24,3.1,7.2,1.1,270,26,2.6,6.0,0.9,263,24,0,29.17,,,,,36.1,39.6,42.6,,,
COBL,2016-04-05 22:45:00 EDT,42.67627,-74.50797,1076,21.1,21.4,21.1,44.3,2.7,0.000,0.003,0.00,0.000,2.9,4.6,0.9,259,20,3.2,5.6,1.0,268,21,2.9,4.6,0.9,259,20,0,29.17,,,,,36.1,39.6,42.6,,,
COBL,2016-04-05 22:50:00 EDT,42.67627,-74.50797,1076,21.5,21.7,15.8,43.9,2.8,0.000,0.003,0.00,0.000,4.1,7.2,1.1,272,15,4.5,7.6,1.3,283,14,4.1,7.2,1.1,272,15,0,29.17,,,,,36.0,39.6,42.6,,,
COBL,2016-04-05 22:55:00 EDT,42.67627,-74.50797,1076,21.2,21.5,15.7,43.7,2.5,0.000,0.003,0.00,0.000,3.9,6.6,1.1,263,13,4.4,8.1,1.4,274,13,3.9,6.6,1.1,263,13,0,29.17,,,,,36.0,39.6,42.5,,,
COBL,2016-04-05 23:00:00 EDT,42.67627,-74.50797,1076,21.3,21.5,14.8,44.2,2.8,0.000,0.003,0.00,0.000,4.7,7.8,1.1,254,14,5.2,9.2,1.5,263,13,4.7,7.8,1.1,254,14,0,29.17,,,,,36.0,39.6,42.6,,,
COBL,2016-04-05 23:05:00 EDT,42.67627,-74.50797,1076,21.0,21.3,15.4,44.5,2.7,0.000,0.003,0.00,0.000,4.0,7.9,1.2,262,16,4.3,8.7,1.3,271,16,4.0,7.9,1.2,262,16,0,29.17,,,,,36.0,39.6,42.6,,,
COBL,2016-04-05 23:10:00 EDT,42.67627,-74.50797,1076,20.7,21.1,15.6,45.4,2.8,0.000,0.003,0.00,0.000,3.6,5.3,0.8,257,12,3.9,6.5,0.9,267,11,3.6,5.3,0.8,257,12,0,29.17,,,,,36.1,39.6,42.5,,,
COBL,2016-04-05 23:15:00 EDT,42.67627,-74.50797,1076,20.5,21.1,15.1,46.2,3.0,0.000,0.003,0.00,0.000,3.8,5.8,0.6,235,12,4.1,6.7,0.9,244,13,3.8,5.8,0.6,235,12,0,29.17,,,,,36.0,39.6,42.5,,,
COBL,2016-04-05 23:20:00 EDT,42.67627,-74.50797,1076,19.9,20.6,19.9,47.6,3.2,0.000,0.003,0.00,0.000,2.8,4.2,0.7,248,18,3.1,4.9,0.8,257,20,2.8,4.2,0.7,248,18,0,29.17,,,,,36.0,39.6,42.5,,,
COBL,2016-04-05 23:25:00 EDT,42.67627,-74.50797,1076,19.8,20.5,19.8,48.0,3.3,0.000,0.003,0.00,0.000,2.6,3.7,0.4,245,17,2.8,4.3,0.5,254,18,2.6,3.7,0.4,245,17,0,29.17,,,,,36.0,39.6,42.5,,,
COBL,2016-04-05 23:30:00 EDT,42.67627,-74.50797,1076,19.4,20.3,19.4,49.9,3.8,0.000,0.003,0.00,0.000,2.9,4.5,0.7,254,15,3.1,5.1,0.9,263,16,2.9,4.5,0.7,254,15,0,29.17,,,,,36.0,39.6,42.5,,,
COBL,2016-04-05 23:35:00 EDT,42.67627,-74.50797,1076,18.9,20.0,18.9,51.4,3.9,0.000,0.003,0.00,0.000,2.9,3.8,0.3,245,14,3.0,4.3,0.5,253,16,2.9,3.8,0.3,245,14,0,29.17,,,,,36.0,39.6,42.5,,,
COBL,2016-04-05 23:40:00 EDT,42.67627,-74.50797,1076,18.8,19.6,13.8,52.6,4.3,0.000,0.003,0.00,0.000,3.3,4.3,0.4,243,11,3.4,4.5,0.5,252,12,3.3,4.3,0.4,243,11,0,29.17,,,,,36.0,39.6,42.5,,,
COBL,2016-04-05 23:45:00 EDT,42.67627,-74.50797,1076,18.9,19.6,13.6,52.7,4.4,0.000,0.003,0.00,0.000,3.5,4.7,0.4,244,10,3.7,4.7,0.5,252,10,3.5,4.7,0.4,244,10,0,29.16,,,,,36.0,39.6,42.5,,,
COBL,2016-04-05 23:50:00 EDT,42.67627,-74.50797,1076,19.2,20.0,12.9,51.3,4.1,0.000,0.003,0.00,0.000,4.3,5.2,0.4,243,7,4.6,5.4,0.4,252,6,4.3,5.2,0.4,243,7,0,29.16,,,,,36.0,39.6,42.5,,,
COBL,2016-04-05 23:55:00 EDT,42.67627,-74.50797,1076,18.4,20.1,12.5,51.9,3.6,0.000,0.003,0.00,0.000,3.9,5.0,0.4,254,10,4.2,5.8,0.6,263,9,3.9,5.0,0.4,254,10,0,29.16,,,,,36.0,39.6,42.5,,,
COLD,2016-04-05 00:00:00 EDT,43.26127,-74.97878,1422,15.6,16.6,6.1,60.6,4.4,,,,,6.6,8.9,0.9,348,12,7.5,10.7,1.1,349,8,6.6,8.9,0.9,348,12,0,28.57,,,,,,,,,,
COLD,2016-04-05 00:05:00 EDT,43.26127,-74.97878,1422,15.5,16.6,4.9,60.6,4.3,,,,,7.7,10.5,0.9,349,9,8.6,11.0,1.1,350,8,7.7,10.5,0.9,349,9,0,28.57,,,,,,,,,,
COLD,2016-04-05 00:10:00 EDT,43.26127,-74.97878,1422,15.6,16.5,6.0,60.0,4.2,,,,,6.7,8.9,0.8,346,9,7.5,10.5,0.9,347,7,6.7,8.9,0.8,346,9,0,28.58,,,,,,,,,,
COLD,2016-04-05 00:15:00 EDT,43.26127,-74.97878,1422,15.6,16.5,6.5,59.1,3.8,,,,,6.2,9.7,1.1,344,9,7.0,10.7,1.2,346,8,6.2,9.7,1.1,344,9,0,28.58,,,,,,,,,,
COLD,2016-04-05 00:20:00 EDT,43.26127,-74.97878,1422,14.7,16.2,6.5,59.7,3.3,,,,,5.2,6.9,0.7,349,11,6.0,8.1,0.9,350,9,5.2,6.9,0.7,349,11,0,28.58,,,,,,,,,,
COLD,2016-04-05 00:25:00 EDT,43.26127,-74.97878,1422,14.5,16.0,6.9,60.3,3.2,,,,,4.8,6.9,0.7,350,15,5.6,8.1,0.8,353,6,4.8,6.9,0.7,350,15,0,28.58,,,,,,,,,,
COLD,2016-04-05 00:30:00 EDT,43.26127,-74.97878,1422,14.2,15.9,5.1,59.9,2.8,,,,,5.9,8.7,0.9,358,10,6.8,11.0,1.1,357,6,5.9,8.7,0.9,358,10,0,28.58,,,,,,,,,,
COLD,2016-04-05 00:35:00 EDT,43.26127,-74.97878,1422,14.3,15.6,6.1,60.0,3.0,,,,,5.2,7.1,0.9,4,19,6.0,9.2,1.2,4,7,5.2,7.1,0.9,4,19,0,28.58,,,,,,,,,,
COLD,2016-04-05 00:40:00 EDT,43.26127,-74.97878,1422,13.9,15.5,5.7,60.1,2.6,,,,,5.0,6.8,0.7,357,12,5.8,8.3,0.9,358,8,5.0,6.8,0.7,357,12,0,28.58,,,,,,,,,,
COLD,2016-04-05 00:45:00 EDT,43.26127,-74.97878,1422,13.7,15.3,5.0,60.3,2.5,,,,,5.5,7.2,0.6,351,7,6.3,8.3,0.7,353,6,5.5,7.2,0.6,351,7,0,28.58,,,,,,,,,,
COLD,2016-04-05 00:50:00 EDT,43.26127,-74.97878,1422,13.7,15.1,6.3,60.7,2.6,,,,,4.5,6.6,0.9,352,16,5.1,8.1,1.1,352,10,4.5,6.6,0.9,352,16,0,28.58,,,,,,,,,,
COLD,2016-04-05 00:55:00 EDT,43.26127,-74.97878,1422,13.8,15.1,5.9,60.1,2.5,,,,,4.8,7.4,0.9,5,9,5.5,8.5,1.1,5,7,4.8,7.4,0.9,5,9,0,28.59,,,,,,,,,,
COLD,2016-04-05 01:00:00 EDT,43.26127,-74.97878,1422,13.7,14.9,7.4,59.6,2.3,,,,,3.7,5.6,0.6,20,9,4.0,6.7,0.8,20,10,3.7,5.6,0.6,20,9,0,28.59,,,,,,,,,,
COLD,2016-04-05 01:05:00 EDT,43.26127,-74.97878,1422,13.6,14.9,8.5,59.7,2.1,,,,,3.0,4.4,0.6,27,9,3.3,5.1,0.6,28,11,3.0,4.4,0.6,27,9,0,28.59,,,,,,,,,,
COLD,2016-04-05 01:10:00 EDT,43.26127,-74.97878,1422,13.8,14.8,8.2,59.7,2.3,,,,,3.3,5.0,0.8,39,14,3.6,5.8,0.9,39,12,3.3,5.0,0.8,39,14,0,28.59,,,,,,,,,,
COLD,2016-04-05 01:15:00 EDT,43.26127,-74.97878,1422,13.3,14.4,6.4,59.5,1.8,,,,,4.1,5.8,0.7,29,10,4.5,6.5,0.8,30,9,4.1,5.8,0.7,29,10,0,28.59,,,,,,,,,,
COLD,2016-04-05 01:20:00 EDT,43.26127,-74.97878,1422,13.0,14.0,5.7,61.3,2.1,,,,,4.3,5.8,0.7,40,10,4.6,6.9,0.7,39,9,4.3,5.8,0.7,40,10,0,28.59,,,,,,,,,,
COLD,2016-04-05 01:25:00 EDT,43.26127,-74.97878,1422,13.0,13.9,5.8,62.0,2.4,,,,,4.2,6.8,0.7,43,8,4.4,7.2,0.8,43,7,4.2,6.8,0.7,43,8,0,28.59,,,,,,,,,,
COLD,2016-04-05 01:30:00 EDT,43.26127,-74.97878,1422,12.6,13.8,5.2,61.4,1.8,,,,,4.3,5.8,0.6,40,9,4.6,6.5,0.7,40,7,4.3,5.8,0.6,40,9,0,28.59,,,,,,,,,,
COLD,2016-04-05 01:35:00 EDT,43.26127,-74.97878,1422,12.1,13.7,5.1,62.1,1.6,,,,,4.0,4.7,0.4,35,6,4.3,5.1,0.5,36,7,4.0,4.7,0.4,35,6,0,28.59,,,,,,,,,,
COLD,2016-04-05 01:40:00 EDT,43.26127,-74.97878,1422,12.3,13.5,6.1,63.4,2.3,,,,,3.5,4.3,0.2,31,4,3.7,4.7,0.4,32,5,3.5,4.3,0.2,31,4,0,28.59,,,,,,,,,,
COLD,2016-04-05 01:45:00 EDT,43.26127,-74.97878,1422,12.6,13.3,6.1,64.4,2.9,,,,,3.7,4.3,0.3,32,2,3.9,4.9,0.4,33,4,3.7,4.3,0.3,32,2,0,28.59,,,,,,,,,,
COLD,2016-04-05 01:50:00 EDT,43.26127,-74.97878,1422,12.3,13.4,3.9,64.2,2.5,,,,,5.0,5.8,0.4,32,4,5.2,6.3,0.5,33,4,5.0,5.8,0.4,32,4,0,28.59,,,,,,,,,,
COLD,2016-04-05 01:55:00 EDT,43.26127,-74.97878,1422,12.2,13.6,2.8,64.0,2.3,,,,,5.9,7.2,0.6,25,4,6.2,7.8,0.6,25,5,5.9,7.2,0.6,25,4,0,28.59,,,,,,,,,,
COLD,2016-04-05 02:00:00 EDT,43.26127,-74.97878,1422,11.9,13.6,1.8,63.3,1.8,,,,,6.4,8.9,0.8,23,4,6.9,10.5,0.9,22,4,6.4,8.9,0.8,23,4,0,28.59,,,,,,,,,,
COLD,2016-04-05 02:05:00 EDT,43.26127,-74.97878,1422,11.6,13.6,1.2,61.9,1.0,,,,,6.6,8.8,0.7,29,5,7.1,9.2,0.8,29,6,6.6,8.8,0.7,29,5,0,28.59,,,,,,,,,,
COLD,2016-04-05 02:10:00 EDT,43.26127,-74.97878,1422,11.8,13.5,1.7,61.8,1.2,,,,,6.5,8.5,0.9,34,7,6.9,9.2,1.0,34,8,6.5,8.5,0.9,34,7,0,28.59,,,,,,,,,,
COLD,2016-04-05 02:15:00 EDT,43.26127,-74.97878,1422,12.0,13.5,2.2,60.8,1.0,,,,,6.2,8.1,0.9,36,6,6.7,8.5,1.0,37,6,6.2,8.1,0.9,36,6,0,28.59,,,,,,,,,,
COLD,2016-04-05 02:20:00 EDT,43.26127,-74.97878,1422,12.1,13.5,2.6,59.9,0.9,,,,,6.0,7.8,0.6,39,8,6.4,8.9,0.7,40,7,6.0,7.8,0.6,39,8,0,28.59,,,,,,,,,,
COLD,2016-04-05 02:25:00 EDT,43.26127,-74.97878,1422,12.1,13.5,2.2,59.3,0.6,,,,,6.3,8.5,0.8,33,7,6.7,8.9,0.9,34,7,6.3,8.5,0.8,33,7,0,28.59,,,,,,,,,,
COLD,2016-04-05 02:30:00 EDT,43.26127,-74.97878,1422,11.2,13.0,2.3,60.6,0.2,,,,,5.3,7.6,0.8,35,7,5.7,8.9,1.0,36,7,5.3,7.6,0.8,35,7,0,28.59,,,,,,,,,,
COLD,2016-04-05 02:35:00 EDT,43.26127,-74.97878,1422,11.0,12.8,2.9,62.0,0.6,,,,,4.7,6.4,0.6,31,7,5.1,7.4,0.8,31,8,4.7,6.4,0.6,31,7,0,28.59,,,,,,,,,,
COLD,2016-04-05 02:40:00 EDT,43.26127,-74.97878,1422,10.9,12.8,3.0,62.3,0.5,,,,,4.5,5.8,0.5,34,7,4.8,6.0,0.6,35,7,4.5,5.8,0.5,34,7,0,28.60,,,,,,,,,,
COLD,2016-04-05 02:45:00 EDT,43.26127,-74.97878,1422,11.3,12.7,3.5,62.9,1.1,,,,,4.5,6.7,0.8,36,8,4.7,7.4,1.0,36,7,4.5,6.7,0.8,36,8,0,28.60,,,,,,,,,,
COLD,2016-04-05 02:50:00 EDT,43.26127,-74.97878,1422,10.8,12.6,2.8,62.2,0.4,,,,,4.6,7.3,0.8,41,8,4.9,7.8,0.9,41,7,4.6,7.3,0.8,41,8,0,28.60,,,,,,,,,,
COLD,2016-04-05 02:55:00 EDT,43.26127,-74.97878,1422,10.3,12.4,2.6,62.8,0.1,,,,,4.3,6.7,0.6,40,6,4.6,7.2,0.7,41,5,4.3,6.7,0.6,40,6,0,28.60,,,,,,,,,,
COLD,2016-04-05 03:00:00 EDT,43.26127,-74.97878,1422,10.3,12.3,2.4,64.4,0.7,,,,,4.4,5.7,0.5,39,6,4.7,5.8,0.6,40,5,4.4,5.7,0.5,39,6,0,28.60,,,,,,,,,,
COLD,2016-04-05 03:05:00 EDT,43.26127,-74.97878,1422,10.7,12.3,2.9,64.6,1.2,,,,,4.4,5.7,0.5,39,8,4.7,6.3,0.6,40,8,4.4,5.7,0.5,39,8,0,28.60,,,,,,,,,,
COLD,2016-04-05 03:10:00 EDT,43.26127,-74.97878,1422,10.6,12.3,2.8,63.5,0.7,,,,,4.4,5.6,0.5,39,6,4.7,6.3,0.6,40,5,4.4,5.6,0.5,39,6,0,28.60,,,,,,,,,,
COLD,2016-04-05 03:15:00 EDT,43.26127,-74.97878,1422,10.6,12.3,2.6,63.3,0.6,,,,,4.5,5.5,0.5,36,7,4.9,6.0,0.6,37,7,4.5,5.5,0.5,36,7,0,28.61,,,,,,,,,,
COLD,2016-04-05 03:20:00 EDT,43.26127,-74.97878,1422,10.5,12.2,1.5,63.0,0.3,,,,,5.2,7.0,0.7,36,7,5.5,7.2,0.8,37,6,5.2,7.0,0.7,36,7,0,28.61,,,,,,,,,,
COLD,2016-04-05 03:25:00 EDT,43.26127,-74.97878,1422,10.0,11.8,1.7,63.3,-0.0,,,,,4.6,5.9,0.6,31,7,4.9,6.5,0.7,31,8,4.6,5.9,0.6,31,7,0,28.61,,,,,,,,,,
COLD,2016-04-05 03:30:00 EDT,43.26127,-74.97878,1422,9.7,11.4,3.4,64.6,0.1,,,,,3.4,4.1,0.4,14,9,3.8,4.7,0.4,13,8,3.4,4.1,0.4,14,9,0,28.61,,,,,,,,,,
COLD,2016-04-05 03:35:00 EDT,43.26127,-74.97878,1422,9.7,11.3,9.7,65.4,0.4,,,,,3.0,4.0,0.5,9,7,3.5,4.7,0.5,9,6,3.0,4.0,0.5,9,7,0,28.61,,,,,,,,,,
COLD,2016-04-05 03:40:00 EDT,43.26127,-74.97878,1422,9.6,11.4,3.1,65.5,0.4,,,,,3.5,4.6,0.4,1,6,4.1,5.6,0.5,2,5,3.5,4.6,0.4,1,6,0,28.61,,,,,,,,,,
COLD,2016-04-05 03:45:00 EDT,43.26127,-74.97878,1422,9.9,11.3,2.8,65.1,0.5,,,,,3.8,5.3,0.7,358,11,4.4,6.5,0.9,359,6,3.8,5.3,0.7,358,11,0,28.61,,,,,,,,,,
COLD,2016-04-05 03:50:00 EDT,43.26127,-74.97878,1422,9.8,11.1,3.1,64.6,0.3,,,,,3.6,4.8,0.5,346,9,4.2,5.4,0.7,348,9,3.6,4.8,0.5,346,9,0,28.61,,,,,,,,,,
COLD,2016-04-05 03:55:00 EDT,43.26127,-74.97878,1422,9.8,10.9,2.9,64.4,0.2,,,,,3.7,4.7,0.5,349,21,4.3,6.0,0.8,350,12,3.7,4.7,0.5,349,21,0,28.62,,,,,,,,,,
COLD,2016-04-05 04:00:00 EDT,43.26127,-74.97878,1422,9.4,10.6,2.5,65.0,0.0,,,,,3.7,4.7,0.4,351,8,4.3,5.6,0.5,352,8,3.7,4.7,0.4,351,8,0,28.62,,,,,,,,,,
COLD,2016-04-05 04:05:00 EDT,43.26127,-74.97878,1422,8.8,10.1,1.4,65.9,-0.3,,,,,3.9,6.2,0.9,350,11,4.5,7.2,1.1,352,11,3.9,6.2,0.9,350,11,0,28.62,,,,,,,,,,
COLD,2016-04-05 04:10:00 EDT,43.26127,-74.97878,1422,8.3,9.7,0.6,67.3,-0.4,,,,,4.0,5.3,0.7,358,17,4.7,6.3,0.7,359,7,4.0,5.3,0.7,358,17,0,28.62,,,,,,,,,,
COLD,2016-04-05 04:15:00 EDT,43.26127,-74.97878,1422,8.4,9.7,8.4,68.4,0.2,,,,,2.3,3.4,0.5,350,10,2.8,4.3,0.7,353,11,2.3,3.4,0.5,350,10,0,28.62,,,,,,,,,,
COLD,2016-04-05 04:20:00 EDT,43.26127,-74.97878,1422,9.0,9.7,9.0,69.2,1.0,,,,,1.4,2.5,0.5,346,11,1.9,3.4,0.6,347,13,1.4,2.5,0.5,346,11,0,28.63,,,,,,,,,,
COLD,2016-04-05 04:25:00 EDT,43.26127,-74.97878,1422,9.2,9.6,9.2,68.8,1.0,,,,,0.7,2.2,0.5,360,19,1.1,2.7,0.5,357,21,0.7,2.2,0.5,360,19,0,28.63,,,,,,,,,,
COLD,2016-04-05 04:30:00 EDT,43.26127,-74.97878,1422,9.2,9.5,9.2,69.4,1.2,,,,,1.2,2.4,0.5,344,11,1.7,3.1,0.5,347,14,1.2,2.4,0.5,344,11,0,28.63,,,,,,,,,,
COLD,2016-04-05 04:35:00 EDT,43.26127,-74.97878,1422,9.1,9.5,9.1,69.5,1.1,,,,,0.9,2.0,0.4,347,14,1.3,2.9,0.5,346,18,0.9,2.0,0.4,347,14,0,28.63,,,,,,,,,,
COLD,2016-04-05 04:40:00 EDT,43.26127,-74.97878,1422,8.7,9.3,8.7,70.1,0.9,,,,,0.9,2.0,0.4,344,8,1.4,2.9,0.4,346,13,0.9,2.0,0.4,344,8,0,28.63,,,,,,,,,,
COLD,2016-04-05 04:45:00 EDT,43.26127,-74.97878,1422,8.7,9.2,8.7,71.3,1.3,,,,,1.1,2.1,0.4,360,10,1.6,3.1,0.5,0,13,1.1,2.1,0.4,360,10,0,28.64,,,,,,,,,,
COLD,2016-04-05 04:50:00 EDT,43.26127,-74.97878,1422,8.7,9.1,8.7,71.7,1.4,,,,,1.7,2.6,0.5,3,11,2.3,3.6,0.7,5,7,1.7,2.6,0.5,3,11,0,28.64,,,,,,,,,,
COLD,2016-04-05 04:55:00 EDT,43.26127,-74.97878,1422,8.5,9.1,8.5,70.8,1.0,,,,,1.9,2.6,0.3,20,11,2.3,3.4,0.4,20,11,1.9,2.6,0.3,20,11,0,28.64,,,,,,,,,,
COLD,2016-04-05 05:00:00 EDT,43.26127,-74.97878,1422,8.1,9.0,8.1,70.8,0.5,,,,,1.6,2.4,0.3,34,9,1.8,2.7,0.4,35,10,1.6,2.4,0.3,34,9,0,28.65,,,,,,,,,,
COLD,2016-04-05 05:05:00 EDT,43.26127,-74.97878,1422,7.9,9.0,7.9,71.7,0.7,,,,,1.1,2.3,0.4,45,3,1.3,2.2,0.3,43,7,1.1,2.3,0.4,45,3,0,28.65,,,,,,,,,,
COLD,2016-04-05 05:10:00 EDT,43.26127,-74.97878,1422,7.4,9.0,7.4,73.2,0.7,,,,,1.2,1.9,0.3,38,9,1.4,2.2,0.4,37,10,1.2,1.9,0.3,38,9,0,28.65,,,,,,,,,,
COLD,2016-04-05 05:15:00 EDT,43.26127,-74.97878,1422,6.5,8.7,6.5,74.1,0.0,,,,,0.3,1.3,0.4,33,3,0.8,1.6,0.4,25,18,0.3,1.3,0.4,33,3,0,28.66,,,,,,,,,,
COLD,2016-04-05 05:20:00 EDT,43.26127,-74.97878,1422,6.3,8.5,6.3,75.2,0.1,,,,,0.6,1.5,0.6,329,8,1.1,2.2,0.5,335,20,0.6,1.5,0.6,329,8,0,28.66,,,,,,,,,,
COLD,2016-04-05 05:25:00 EDT,43.26127,-74.97878,1422,6.4,8.2,6.4,75.9,0.5,,,,,1.7,2.3,0.2,314,7,1.8,2.2,0.2,314,8,1.7,2.3,0.2,314,7,0,28.66,,,,,,,,,,
COLD,2016-04-05 05:30:00 EDT,43.26127,-74.97878,1422,5.7,8.2,5.7,74.9,-0.6,,,,,2.5,3.4,0.3,318,8,2.5,3.6,0.4,318,8,2.5,3.4,0.3,318,8,0,28.66,,,,,,,,,,
COLD,2016-04-05 05:35:00 EDT,43.26127,-74.97878,1422,5.4,8.5,5.4,75.5,-0.7,,,,,2.5,3.3,0.4,327,11,2.6,4.0,0.5,327,12,2.5,3.3,0.4,327,11,0,28.67,,,,,,,,,,
COLD,2016-04-05 05:40:00 EDT,43.26127,-74.97878,1422,5.7,8.5,5.7,76.8,0.0,,,,,2.4,3.2,0.3,338,6,2.7,3.8,0.5,339,8,2.4,3.2,0.3,338,6,0,28.67,,,,,,,,,,
COLD,2016-04-05 05:45:00 EDT,43.26127,-74.97878,1422,5.5,8.3,5.5,76.8,-0.2,,,,,2.1,3.0,0.4,345,6,2.5,3.8,0.5,346,8,2.1,3.0,0.4,345,6,0,28.67,,,,,,,,,,
COLD,2016-04-05 05:50:00 EDT,43.26127,-74.97878,1422,6.0,8.3,6.0,77.4,0.5,,,,,1.5,2.2,0.3,347,7,1.9,3.1,0.4,349,10,1.5,2.2,0.3,347,7,0,28.67,,,,,,,,,,
COLD,2016-04-05 05:55:00 EDT,43.26127,-74.97878,1422,5.6,8.1,5.6,77.5,0.1,,,,,1.4,1.8,0.2,338,4,1.7,2.2,0.2,336,8,1.4,1.8,0.2,338,4,0,28.68,,,,,,,,,,
COLD,2016-04-05 06:00:00 EDT,43.26127,-74.97878,1422,5.6,8.0,5.6,78.6,0.4,,,,,1.2,1.7,0.3,321,4,1.4,2.5,0.3,318,8,1.2,1.7,0.3,321,4,0,28.68,,,,,,,,,,
COLD,2016-04-05 06:05:00 EDT,43.26127,-74.97878,1422,5.9,7.8,5.9,77.6,0.4,,,,,1.7,2.0,0.3,309,3,1.8,2.2,0.3,309,5,1.7,2.0,0.3,309,3,0,28.68,,,,,,,,,,
COLD,2016-04-05 06:10:00 EDT,43.26127,-74.97878,1422,5.3,7.7,5.3,77.4,-0.2,,,,,2.7,4.1,0.5,301,5,2.8,4.5,0.6,303,6,2.7,4.1,0.5,301,5,0,28.68,,,,,,,,,,
COLD,2016-04-05 06:15:00 EDT,43.26127,-74.97878,1422,4.6,7.8,-1.9,76.7,-1.1,,,,,3.1,3.8,0.2,315,3,3.1,4.0,0.3,316,4,3.1,3.8,0.2,315,3,0,28.69,,,,,,,,,,
COLD,2016-04-05 06:20:00 EDT,43.26127,-74.97878,1422,4.6,7.9,-3.0,77.3,-1.0,,,,,3.7,4.5,0.4,317,4,3.8,5.1,0.5,318,6,3.7,4.5,0.4,317,4,0,28.69,,,,,,,,,,
COLD,2016-04-05 06:25:00 EDT,43.26127,-74.97878,1422,3.2,8.2,-6.0,77.4,-2.2,,,,,4.6,5.5,0.4,319,4,4.8,6.3,0.5,319,4,4.6,5.5,0.4,319,4,1,28.69,,,,,,,,,,
COLD,2016-04-05 06:30:00 EDT,43.26127,-74.97878,1422,2.0,8.7,-6.8,78.3,-3.2,,,,,4.1,5.3,0.6,325,8,4.5,6.0,0.7,326,8,4.1,5.3,0.6,325,8,2,28.70,,,,,,,,,,
COLD,2016-04-05 06:35:00 EDT,43.26127,-74.97878,1422,5.1,8.7,-3.0,80.1,0.3,,,,,4.0,6.5,0.9,326,8,4.1,6.7,1.0,327,8,4.0,6.5,0.9,326,8,4,28.70,,,,,,,,,,
COLD,2016-04-05 06:40:00 EDT,43.26127,-74.97878,1422,6.3,8.5,-1.7,77.0,0.7,,,,,4.1,5.4,0.6,321,7,4.4,5.6,0.6,322,6,4.1,5.4,0.6,321,7,6,28.70,,,,,,,,,,
COLD,2016-04-05 06:45:00 EDT,43.26127,-74.97878,1422,6.3,8.6,-2.1,76.4,0.5,,,,,4.4,5.8,0.7,326,8,4.7,6.3,0.8,326,9,4.4,5.8,0.7,326,8,9,28.70,,,,,,,,,,
COLD,2016-04-05 06:50:00 EDT,43.26127,-74.97878,1422,5.3,8.4,-2.0,75.8,-0.6,,,,,3.6,5.5,0.8,328,10,3.8,6.0,0.8,329,9,3.6,5.5,0.8,328,10,12,28.71,,,,,,,,,,
COLD,2016-04-05 06:55:00 EDT,43.26127,-74.97878,1422,5.4,8.2,-2.3,77.6,-0.1,,,,,3.8,6.3,0.8,327,10,4.1,7.2,1.0,326,10,3.8,6.3,0.8,327,10,16,28.71,,,,,,,,,,
COLD,2016-04-05 07:00:00 EDT,43.26127,-74.97878,1422,7.2,8.1,-2.4,77.6,1.7,,,,,5.2,7.1,0.8,328,10,5.7,8.1,0.9,328,11,5.2,7.1,0.8,328,10,23,28.71,,,,,,,,,,
COLD,2016-04-05 07:05:00 EDT,43.26127,-74.97878,1422,7.0,7.9,-2.1,76.1,1.1,,,,,4.9,6.4,0.9,327,9,5.2,7.2,1.0,329,9,4.9,6.4,0.9,327,9,33,28.72,,,,,,,,,,
COLD,2016-04-05 07:10:00 EDT,43.26127,-74.97878,1422,6.8,7.7,-2.2,76.7,1.1,,,,,4.8,6.8,0.6,331,9,5.2,7.4,0.7,333,10,4.8,6.8,0.6,331,9,44,28.72,,,,,,,,,,
COLD,2016-04-05 07:15:00 EDT,43.26127,-74.97878,1422,6.8,7.7,-2.9,77.7,1.3,,,,,5.3,7.5,0.7,333,8,5.7,8.7,0.8,335,9,5.3,7.5,0.7,333,8,58,28.72,,,,,,,,,,
COLD,2016-04-05 07:20:00 EDT,43.26127,-74.97878,1422,6.6,7.5,-3.0,77.4,1.1,,,,,5.2,6.9,0.6,332,9,5.6,7.6,0.7,334,9,5.2,6.9,0.6,332,9,74,28.72,,,,,,,,,,
COLD,2016-04-05 07:25:00 EDT,43.26127,-74.97878,1422,6.6,7.4,-2.8,76.5,0.8,,,,,5.1,6.6,0.7,331,9,5.5,7.8,0.8,332,9,5.1,6.6,0.7,331,9,91,28.72,,,,,,,,,,
COLD,2016-04-05 07:30:00 EDT,43.26127,-74.97878,1422,6.7,7.3,-3.3,75.0,0.5,,,,,5.5,7.4,0.7,336,9,6.1,7.8,0.8,338,9,5.5,7.4,0.7,336,9,109,28.73,,,,,,,,,,
COLD,2016-04-05 07:35:00 EDT,43.26127,-74.97878,1422,6.7,7.2,-3.5,74.3,0.3,,,,,5.7,8.3,0.9,332,10,6.2,10.1,1.0,335,10,5.7,8.3,0.9,332,10,128,28.73,,,,,,,,,,
COLD,2016-04-05 07:40:00 EDT,43.26127,-74.97878,1422,6.9,7.3,-2.5,73.8,0.3,,,,,5.1,7.5,0.8,331,9,5.4,8.7,1.0,332,9,5.1,7.5,0.8,331,9,145,28.73,,,,,,,,,,
COLD,2016-04-05 07:45:00 EDT,43.26127,-74.97878,1422,7.2,7.6,-3.1,72.9,0.3,,,,,5.8,8.8,1.1,327,10,6.1,8.9,1.2,327,9,5.8,8.8,1.1,327,10,159,28.73,,,,,,,,,,
COLD,2016-04-05 07:50:00 EDT,43.26127,-74.97878,1422,7.7,8.1,-4.1,72.1,0.5,,,,,7.2,9.4,1.0,323,9,7.5,10.3,1.0,323,9,7.2,9.4,1.0,323,9,173,28.74,,,,,,,,,,
COLD,2016-04-05 07:55:00 EDT,43.26127,-74.97878,1422,7.8,8.2,-3.6,71.0,0.3,,,,,6.8,8.9,0.9,318,8,7.1,9.6,1.0,320,7,6.8,8.9,0.9,318,8,189,28.74,,,,,,,,,,
COLD,2016-04-05 08:00:00 EDT,43.26127,-74.97878,1422,8.2,8.7,-3.3,70.2,0.5,,,,,7.1,9.9,1.0,318,7,7.3,9.6,1.0,319,6,7.1,9.9,1.0,318,7,204,28.74,,,,,,,,,,
COLD,2016-04-05 08:05:00 EDT,43.26127,-74.97878,1422,8.6,9.1,-3.0,69.1,0.5,,,,,7.2,9.0,0.9,318,6,7.5,9.2,0.9,319,5,7.2,9.0,0.9,318,6,222,28.74,,,,,,,,,,
COLD,2016-04-05 08:10:00 EDT,43.26127,-74.97878,1422,9.2,9.5,-1.7,67.7,0.7,,,,,6.7,9.6,1.0,319,7,7.0,10.1,1.1,320,6,6.7,9.6,1.0,319,7,239,28.74,,,,,,,,,,
COLD,2016-04-05 08:15:00 EDT,43.26127,-74.97878,1422,9.9,10.1,-1.1,66.1,0.8,,,,,6.9,10.4,1.2,318,8,7.0,11.0,1.2,319,7,6.9,10.4,1.2,318,8,256,28.75,,,,,,,,,,
COLD,2016-04-05 08:20:00 EDT,43.26127,-74.97878,1422,10.3,10.5,0.8,64.8,0.8,,,,,5.7,9.1,0.9,315,7,5.8,9.4,1.0,316,6,5.7,9.1,0.9,315,7,274,28.75,,,,,,,,,,
COLD,2016-04-05 08:25:00 EDT,43.26127,-74.97878,1422,10.7,10.9,1.6,64.2,1.0,,,,,5.3,7.2,0.8,317,11,5.6,7.6,0.9,317,10,5.3,7.2,0.8,317,11,293,28.75,,,,,,,,,,
COLD,2016-04-05 08:30:00 EDT,43.26127,-74.97878,1422,11.2,11.4,2.1,63.3,1.2,,,,,5.4,7.3,0.9,317,10,5.5,7.4,0.9,318,9,5.4,7.3,0.9,317,10,311,28.75,,,,,,,,,,
COLD,2016-04-05 08:35:00 EDT,43.26127,-74.97878,1422,11.6,11.7,4.5,62.4,1.2,,,,,4.0,6.5,1.1,328,12,4.4,7.6,1.2,329,13,4.0,6.5,1.1,328,12,327,28.75,,,,,,,,,,
COLD,2016-04-05 08:40:00 EDT,43.26127,-74.97878,1422,12.1,12.1,5.0,61.3,1.3,,,,,4.0,5.8,0.8,341,10,4.5,6.5,0.9,342,10,4.0,5.8,0.8,341,10,343,28.76,,,,,,,,,,
COLD,2016-04-05 08:45:00 EDT,43.26127,-74.97878,1422,12.4,12.4,4.9,59.7,1.1,,,,,4.4,6.6,1.0,335,21,4.8,7.4,1.1,336,19,4.4,6.6,1.0,335,21,363,28.76,,,,,,,,,,
COLD,2016-04-05 08:50:00 EDT,43.26127,-74.97878,1422,12.8,12.7,4.0,57.9,0.8,,,,,5.4,8.6,1.3,343,13,6.1,9.4,1.4,346,12,5.4,8.6,1.3,343,13,380,28.76,,,,,,,,,,
COLD,2016-04-05 08:55:00 EDT,43.26127,-74.97878,1422,12.9,12.8,5.7,57.7,0.8,,,,,4.2,6.7,1.2,332,18,4.8,7.4,1.3,334,19,4.2,6.7,1.2,332,18,396,28.76,,,,,,,,,,
COLD,2016-04-05 09:00:00 EDT,43.26127,-74.97878,1422,13.3,13.1,5.4,57.2,1.0,,,,,4.8,7.9,1.1,326,26,5.3,8.3,1.4,329,23,4.8,7.9,1.1,326,26,412,28.76,,,,,,,,,,
COLD,2016-04-05 09:05:00 EDT,43.26127,-74.97878,1422,13.4,13.3,6.3,55.6,0.5,,,,,4.2,8.2,1.4,326,24,4.5,8.7,1.5,330,24,4.2,8.2,1.4,326,24,429,28.76,,,,,,,,,,
COLD,2016-04-05 09:10:00 EDT,43.26127,-74.97878,1422,13.8,13.6,7.2,54.0,0.2,,,,,3.9,6.5,1.1,339,14,4.4,7.8,1.1,342,14,3.9,6.5,1.1,339,14,448,28.76,,,,,,,,,,
COLD,2016-04-05 09:15:00 EDT,43.26127,-74.97878,1422,14.2,14.0,5.6,53.7,0.5,,,,,5.5,7.9,1.4,340,20,5.9,8.5,1.4,341,20,5.5,7.9,1.4,340,20,466,28.76,,,,,,,,,,
COLD,2016-04-05 09:20:00 EDT,43.26127,-74.97878,1422,14.3,14.1,6.3,54.3,0.8,,,,,5.0,7.1,1.2,338,18,5.5,8.1,1.1,342,17,5.0,7.1,1.2,338,18,482,28.76,,,,,,,,,,
COLD,2016-04-05 09:25:00 EDT,43.26127,-74.97878,1422,14.8,14.7,5.9,53.9,1.1,,,,,5.9,9.1,0.9,343,14,6.4,9.6,1.1,347,13,5.9,9.1,0.9,343,14,501,28.76,,,,,,,,,,
COLD,2016-04-05 09:30:00 EDT,43.26127,-74.97878,1422,15.3,15.1,9.2,52.7,1.1,,,,,3.7,7.0,1.2,348,22,4.2,7.4,1.1,349,21,3.7,7.0,1.2,348,22,516,28.77,,,,,,,,,,
COLD,2016-04-05 09:35:00 EDT,43.26127,-74.97878,1422,15.5,15.3,6.8,52.1,1.1,,,,,5.8,8.8,1.3,328,13,6.3,9.6,1.5,329,14,5.8,8.8,1.3,328,13,530,28.77,,,,,,,,,,
COLD,2016-04-05 09:40:00 EDT,43.26127,-74.97878,1422,15.9,15.6,7.1,51.9,1.3,,,,,6.0,9.5,1.3,348,18,6.6,10.5,1.4,350,17,6.0,9.5,1.3,348,18,544,28.77,,,,,,,,,,
COLD,2016-04-05 09:45:00 EDT,43.26127,-74.97878,1422,16.2,16.0,7.4,51.5,1.5,,,,,6.0,10.1,1.8,328,15,6.4,11.0,1.9,329,16,6.0,10.1,1.8,328,15,560,28.77,,,,,,,,,,
COLD,2016-04-05 09:50:00 EDT,43.26127,-74.97878,1422,16.5,16.3,6.9,50.9,1.5,,,,,7.0,9.9,1.6,337,13,7.6,11.0,1.5,339,13,7.0,9.9,1.6,337,13,575,28.77,,,,,,,,,,
COLD,2016-04-05 09:55:00 EDT,43.26127,-74.97878,1422,17.0,16.4,7.7,50.9,1.9,,,,,6.6,9.0,1.1,8,11,7.4,9.8,1.3,8,9,6.6,9.0,1.1,8,11,592,28.78,,,,,,,,,,
COLD,2016-04-05 10:00:00 EDT,43.26127,-74.97878,1422,17.3,16.9,9.0,50.0,1.8,,,,,5.7,9.6,1.9,347,18,6.4,10.5,1.9,349,18,5.7,9.6,1.9,347,18,607,28.78,,,,,,,,,,
COLD,2016-04-05 10:05:00 EDT,43.26127,-74.97878,1422,17.2,17.0,7.0,50.9,2.1,,,,,7.8,9.9,1.1,301,10,8.0,10.5,1.2,301,10,7.8,9.9,1.1,301,10,620,28.78,,,,,,,,,,
COLD,2016-04-05 10:10:00 EDT,43.26127,-74.97878,1422,17.7,17.5,8.1,49.0,1.8,,,,,7.2,12.1,2.6,324,15,7.5,13.4,2.4,326,16,7.2,12.1,2.6,324,15,634,28.78,,,,,,,,,,
COLD,2016-04-05 10:15:00 EDT,43.26127,-74.97878,1422,18.1,17.9,8.1,48.2,1.8,,,,,7.8,12.3,2.0,316,17,8.3,13.6,1.9,317,17,7.8,12.3,2.0,316,17,647,28.78,,,,,,,,,,
COLD,2016-04-05 10:20:00 EDT,43.26127,-74.97878,1422,18.7,18.5,8.3,45.4,1.0,,,,,8.4,12.3,1.5,324,16,9.0,13.6,1.6,325,16,8.4,12.3,1.5,324,16,661,28.78,,,,,,,,,,
COLD,2016-04-05 10:25:00 EDT,43.26127,-74.97878,1422,18.9,18.8,9.0,45.0,1.0,,,,,7.9,14.4,2.1,325,17,8.4,15.7,2.1,326,17,7.9,14.4,2.1,325,17,674,28.78,,,,,,,,,,
COLD,2016-04-05 10:30:00 EDT,43.26127,-74.97878,1422,19.4,19.3,9.0,44.9,1.5,,,,,8.7,14.8,2.5,311,14,9.2,15.7,2.6,311,14,8.7,14.8,2.5,311,14,689,28.78,,,,,,,,,,
COLD,2016-04-05 10:35:00 EDT,43.26127,-74.97878,1422,19.3,19.1,10.3,43.2,0.5,,,,,6.9,14.2,2.4,316,21,7.3,15.4,2.6,317,21,6.9,14.2,2.4,316,21,701,28.78,,,,,,,,,,
COLD,2016-04-05 10:40:00 EDT,43.26127,-74.97878,1422,19.7,19.4,9.8,42.4,0.5,,,,,8.2,17.4,3.3,333,24,9.0,17.9,3.5,335,24,8.2,17.4,3.3,333,24,714,28.78,,,,,,,,,,
COLD,2016-04-05 10:45:00 EDT,43.26127,-74.97878,1422,19.7,19.7,6.4,39.5,-1.0,,,,,13.8,19.0,2.3,304,18,14.4,20.4,2.3,304,18,13.8,19.0,2.3,304,18,726,28.78,,,,,,,,,,
COLD,2016-04-05 10:50:00 EDT,43.26127,-74.97878,1422,20.0,19.9,8.4,41.0,0.0,,,,,10.7,15.9,2.4,307,11,11.2,17.7,2.2,307,12,10.7,15.9,2.4,307,11,738,28.79,,,,,,,,,,
COLD,2016-04-05 10:55:00 EDT,43.26127,-74.97878,1422,20.0,19.9,8.5,39.1,-1.0,,,,,10.5,16.1,2.9,328,21,11.0,17.0,2.9,331,21,10.5,16.1,2.9,328,21,749,28.79,,,,,,,,,,
COLD,2016-04-05 11:00:00 EDT,43.26127,-74.97878,1422,20.0,19.9,8.0,38.3,-1.4,,,,,11.5,15.9,2.2,305,11,12.0,16.6,2.1,306,13,11.5,15.9,2.2,305,11,760,28.79,,,,,,,,,,
COLD,2016-04-05 11:05:00 EDT,43.26127,-74.97878,1422,19.9,19.7,8.2,38.8,-1.3,,,,,10.8,16.2,2.3,301,14,11.3,16.1,2.2,301,15,10.8,16.2,2.3,301,14,770,28.79,,,,,,,,,,
COLD,2016-04-05 11:10:00 EDT,43.26127,-74.97878,1422,20.4,20.2,9.4,38.6,-0.9,,,,,9.9,15.3,2.0,316,17,10.3,17.4,2.0,317,16,9.9,15.3,2.0,316,17,779,28.79,,,,,,,,,,
COLD,2016-04-05 11:15:00 EDT,43.26127,-74.97878,1422,20.2,20.1,9.2,37.7,-1.5,,,,,10.0,15.7,2.9,316,10,10.1,16.3,2.9,317,10,10.0,15.7,2.9,316,10,789,28.79,,,,,,,,,,
COLD,2016-04-05 11:20:00 EDT,43.26127,-74.97878,1422,20.6,20.4,9.9,38.6,-0.7,,,,,9.6,16.2,2.6,301,15,10.1,17.2,2.7,300,15,9.6,16.2,2.6,301,15,800,28.79,,,,,,,,,,
COLD,2016-04-05 11:25:00 EDT,43.26127,-74.97878,1422,20.5,20.3,9.6,37.5,-1.4,,,,,9.8,16.8,3.4,316,11,10.0,16.6,3.5,317,11,9.8,16.8,3.4,316,11,808,28.79,,,,,,,,,,
COLD,2016-04-05 11:30:00 EDT,43.26127,-74.97878,1422,20.8,20.6,7.9,38.0,-0.8,,,,,13.5,24.0,4.1,287,16,14.4,23.3,4.3,287,15,13.5,24.0,4.1,287,16,817,28.78,,,,,,,,,,
COLD,2016-04-05 11:35:00 EDT,43.26127,-74.97878,1422,21.1,20.8,8.6,38.7,-0.2,,,,,12.9,18.8,2.5,312,11,13.2,20.1,2.6,313,10,12.9,18.8,2.5,312,11,825,28.79,,,,,,,,,,
COLD,2016-04-05 11:40:00 EDT,43.26127,-74.97878,1422,21.1,20.8,12.6,37.5,-0.8,,,,,6.7,13.4,3.3,300,21,7.1,14.1,3.4,301,23,6.7,13.4,3.3,300,21,835,28.79,,,,,,,,,,
COLD,2016-04-05 11:45:00 EDT,43.26127,-74.97878,1422,21.6,21.2,11.8,36.2,-1.1,,,,,8.5,20.3,5.4,311,28,9.1,21.5,5.5,310,28,8.5,20.3,5.4,311,28,842,28.78,,,,,,,,,,
COLD,2016-04-05 11:50:00 EDT,43.26127,-74.97878,1422,21.4,21.1,9.8,38.8,0.2,,,,,11.4,18.6,2.7,324,20,12.1,18.8,2.6,326,17,11.4,18.6,2.7,324,20,851,28.79,,,,,,,,,,
COLD,2016-04-05 11:55:00 EDT,43.26127,-74.97878,1422,,,,,,,,,,,,,,,,,,,,,,,,,,,,,,,,,,,,
COLD,2016-04-05 12:00:00 EDT,43.26127,-74.97878,1422,,,,,,,,,,,,,,,,,,,,,,,,,,,,,,,,,,,,
COLD,2016-04-05 12:05:00 EDT,43.26127,-74.97878,1422,,,,,,,,,,,,,,,,,,,,,,,,,,,,,,,,,,,,
COLD,2016-04-05 12:10:00 EDT,43.26127,-74.97878,1422,22.1,21.6,13.1,37.3,-0.1,,,,,7.5,10.6,1.7,326,28,8.3,12.8,2.1,330,27,7.5,10.6,1.7,326,28,874,28.78,,,,,,,,0.19,0.17,0.16
COLD,2016-04-05 12:15:00 EDT,43.26127,-74.97878,1422,22.7,22.3,13.1,37.0,0.3,,,,,8.7,16.4,3.2,318,21,9.0,16.6,3.0,319,23,8.7,16.4,3.2,318,21,881,28.78,,0,0,0,34.4,37.2,39.2,0.19,0.16,0.16
COLD,2016-04-05 12:20:00 EDT,43.26127,-74.97878,1422,22.7,22.4,11.6,36.5,0.0,,,,,11.0,15.1,1.9,300,14,11.5,17.4,2.0,299,14,11.0,15.1,1.9,300,14,885,28.78,,0,0,0,34.5,37.2,39.2,0.19,0.16,0.16
COLD,2016-04-05 12:25:00 EDT,43.26127,-74.97878,1422,22.6,22.3,11.0,37.4,0.4,,,,,11.9,17.3,2.4,293,27,12.7,19.0,2.6,292,27,11.9,17.3,2.4,293,27,890,28.78,,0,0,0,34.5,37.2,39.2,0.19,0.16,0.16
COLD,2016-04-05 12:30:00 EDT,43.26127,-74.97878,1422,22.9,22.7,11.5,36.2,0.0,,,,,11.8,17.5,1.7,299,12,12.2,18.1,1.9,299,12,11.8,17.5,1.7,299,12,893,28.78,,0,0,0,34.6,37.2,39.2,0.19,0.16,0.17
COLD,2016-04-05 12:35:00 EDT,43.26127,-74.97878,1422,22.9,22.6,11.1,38.4,1.3,,,,,12.5,18.0,1.9,287,15,13.4,19.0,2.1,286,14,12.5,18.0,1.9,287,15,896,28.78,,0,0,0,34.7,37.2,39.2,0.19,0.16,0.16
COLD,2016-04-05 12:40:00 EDT,43.26127,-74.97878,1422,23.0,22.6,13.1,37.2,0.7,,,,,9.1,16.0,2.8,324,26,9.6,15.2,2.7,325,26,9.1,16.0,2.8,324,26,900,28.78,,0,0,0,34.7,37.2,39.2,0.19,0.16,0.17
COLD,2016-04-05 12:45:00 EDT,43.26127,-74.97878,1422,23.3,22.8,15.2,38.4,1.6,,,,,6.8,11.3,2.2,334,26,7.4,12.5,2.1,335,23,6.8,11.3,2.2,334,26,901,28.78,,0,0,0,34.7,37.2,39.2,0.19,0.16,0.17
COLD,2016-04-05 12:50:00 EDT,43.26127,-74.97878,1422,23.3,23.0,12.7,37.1,0.9,,,,,10.5,15.4,2.7,318,14,10.9,15.4,2.7,318,14,10.5,15.4,2.7,318,14,904,28.78,,0,0,0,34.7,37.2,39.2,0.19,0.16,0.17
COLD,2016-04-05 12:55:00 EDT,43.26127,-74.97878,1422,23.0,22.7,13.6,37.8,1.0,,,,,8.6,14.4,3.1,296,26,9.3,15.2,3.2,295,27,8.6,14.4,3.1,296,26,906,28.78,,0,0,0,34.7,37.2,39.2,0.19,0.16,0.16
COLD,2016-04-05 13:00:00 EDT,43.26127,-74.97878,1422,23.4,23.0,12.7,37.2,1.0,,,,,10.6,19.1,3.4,286,11,11.3,22.1,3.9,285,12,10.6,19.1,3.4,286,11,910,28.78,,0,0,0,34.7,37.2,39.2,0.19,0.16,0.17
COLD,2016-04-05 13:05:00 EDT,43.26127,-74.97878,1422,23.6,23.3,12.3,37.2,1.2,,,,,11.8,20.9,4.1,310,18,12.4,22.8,4.1,310,19,11.8,20.9,4.1,310,18,909,28.78,,0,0,0,34.7,37.2,39.2,0.19,0.16,0.17
COLD,2016-04-05 13:10:00 EDT,43.26127,-74.97878,1422,23.2,22.7,13.1,37.7,1.1,,,,,9.5,20.5,4.7,326,14,9.9,21.0,4.7,327,14,9.5,20.5,4.7,326,14,908,28.78,,0,0,0,34.7,37.2,39.2,0.19,0.16,0.17
COLD,2016-04-05 13:15:00 EDT,43.26127,-74.97878,1422,22.9,22.5,12.5,38.5,1.3,,,,,10.0,20.5,3.9,318,20,10.3,20.4,3.7,318,20,10.0,20.5,3.9,318,20,909,28.77,,0,0,0,34.7,37.2,39.2,0.19,0.16,0.17
COLD,2016-04-05 13:20:00 EDT,43.26127,-74.97878,1422,23.5,23.1,12.9,38.3,1.7,,,,,10.5,17.8,2.2,308,25,11.2,19.0,2.2,307,26,10.5,17.8,2.2,308,25,909,28.77,,0,0,0,34.7,37.2,39.2,0.19,0.16,0.17
COLD,2016-04-05 13:25:00 EDT,43.26127,-74.97878,1422,23.8,23.3,15.1,39.4,2.6,,,,,7.6,14.1,2.9,297,17,8.2,15.4,3.1,297,17,7.6,14.1,2.9,297,17,908,28.77,,0,0,0,34.7,37.2,39.2,0.19,0.16,0.17
COLD,2016-04-05 13:30:00 EDT,43.26127,-74.97878,1422,23.9,23.5,11.9,36.7,1.2,,,,,13.2,18.2,2.6,303,13,13.8,19.0,2.6,303,14,13.2,18.2,2.6,303,13,909,28.77,,0,0,0,34.7,37.2,39.2,0.19,0.16,0.17
COLD,2016-04-05 13:35:00 EDT,43.26127,-74.97878,1422,23.6,23.2,12.1,37.7,1.5,,,,,12.2,18.6,4.2,322,12,12.7,18.8,4.1,322,11,12.2,18.6,4.2,322,12,906,28.77,,0,0,0,34.7,37.2,39.2,0.19,0.16,0.16
COLD,2016-04-05 13:40:00 EDT,43.26127,-74.97878,1422,23.3,22.9,14.9,35.8,0.1,,,,,7.1,11.8,2.1,306,19,7.6,12.3,2.1,307,18,7.1,11.8,2.1,306,19,905,28.77,,0,0,0,34.7,37.2,39.2,0.19,0.16,0.16
COLD,2016-04-05 13:45:00 EDT,43.26127,-74.97878,1422,24.3,24.0,14.0,36.0,1.2,,,,,10.3,17.0,2.8,280,26,11.2,17.9,3.1,280,24,10.3,17.0,2.8,280,26,903,28.77,,0,0,0,34.7,37.2,39.2,0.19,0.16,0.16
COLD,2016-04-05 13:50:00 EDT,43.26127,-74.97878,1422,24.4,24.1,12.9,34.9,0.6,,,,,12.5,20.4,2.8,322,12,12.9,21.3,2.8,324,13,12.5,20.4,2.8,322,12,899,28.77,,0,0,0,34.7,37.2,39.2,0.19,0.16,0.16
COLD,2016-04-05 13:55:00 EDT,43.26127,-74.97878,1422,24.7,24.3,13.8,36.2,1.6,,,,,11.6,17.0,3.1,313,15,11.9,17.2,3.0,314,15,11.6,17.0,3.1,313,15,896,28.77,,0,0,0,34.7,37.2,39.2,0.19,0.16,0.17
COLD,2016-04-05 14:00:00 EDT,43.26127,-74.97878,1422,24.0,23.6,17.5,35.1,0.4,,,,,5.2,11.5,2.9,298,19,5.7,12.8,3.0,298,19,5.2,11.5,2.9,298,19,892,28.77,,0,0,0,34.7,37.2,39.2,0.19,0.16,0.17
COLD,2016-04-05 14:05:00 EDT,43.26127,-74.97878,1422,24.6,24.2,14.6,35.5,1.1,,,,,9.9,16.8,3.8,292,15,10.7,17.2,4.0,290,15,9.9,16.8,3.8,292,15,889,28.76,,0,0,0,34.7,37.2,39.2,0.19,0.16,0.16
COLD,2016-04-05 14:10:00 EDT,43.26127,-74.97878,1422,24.6,24.2,13.7,34.6,0.6,,,,,11.5,17.0,1.9,300,18,12.2,17.4,2.0,299,18,11.5,17.0,1.9,300,18,884,28.76,,0,0,0,34.7,37.2,39.2,0.19,0.16,0.16
COLD,2016-04-05 14:15:00 EDT,43.26127,-74.97878,1422,24.4,24.1,13.3,33.8,-0.1,,,,,12.0,19.7,2.4,295,10,12.5,19.9,2.6,294,10,12.0,19.7,2.4,295,10,879,28.76,,0,0,0,34.7,37.2,39.2,0.19,0.16,0.17
COLD,2016-04-05 14:20:00 EDT,43.26127,-74.97878,1422,24.9,24.6,14.4,34.2,0.6,,,,,11.0,15.6,2.1,291,21,11.8,17.2,2.4,290,21,11.0,15.6,2.1,291,21,874,28.76,,0,0,0,34.7,37.2,39.2,0.19,0.16,0.16
COLD,2016-04-05 14:25:00 EDT,43.26127,-74.97878,1422,25.3,25.0,15.4,33.8,0.7,,,,,10.0,15.6,2.3,289,19,10.7,17.4,2.7,288,19,10.0,15.6,2.3,289,19,870,28.76,,0,0,0,34.7,37.2,39.2,0.19,0.16,0.16
COLD,2016-04-05 14:30:00 EDT,43.26127,-74.97878,1422,25.2,24.8,14.2,33.6,0.5,,,,,11.9,16.7,2.3,297,14,12.7,17.7,2.3,295,15,11.9,16.7,2.3,297,14,863,28.76,,0,0,0,34.7,37.2,39.2,0.19,0.16,0.16
COLD,2016-04-05 14:35:00 EDT,43.26127,-74.97878,1422,25.4,25.1,13.6,33.0,0.3,,,,,14.0,21.1,3.4,290,19,14.9,23.3,3.7,288,19,14.0,21.1,3.4,290,19,856,28.76,,0,0,0,34.7,37.2,39.2,0.19,0.16,0.16
COLD,2016-04-05 14:40:00 EDT,43.26127,-74.97878,1422,25.3,25.0,14.7,33.4,0.4,,,,,11.4,16.7,2.3,278,10,12.5,18.1,2.5,277,9,11.4,16.7,2.3,278,10,849,28.76,,0,0,0,34.7,37.2,39.2,0.19,0.16,0.16
COLD,2016-04-05 14:45:00 EDT,43.26127,-74.97878,1422,25.4,25.1,13.6,32.0,-0.4,,,,,13.9,21.5,3.4,299,20,14.6,22.8,3.6,299,21,13.9,21.5,3.4,299,20,842,28.76,,0,0,0,34.7,37.2,39.2,0.19,0.16,0.16
COLD,2016-04-05 14:50:00 EDT,43.26127,-74.97878,1422,25.2,24.9,14.8,32.4,-0.4,,,,,10.9,16.6,2.8,300,12,11.4,17.9,2.8,300,11,10.9,16.6,2.8,300,12,834,28.76,,0,0,0,34.7,37.2,39.2,0.19,0.16,0.16
COLD,2016-04-05 14:55:00 EDT,43.26127,-74.97878,1422,25.4,25.1,14.3,31.2,-1.0,,,,,12.4,17.8,2.3,283,13,13.4,19.0,2.6,283,11,12.4,17.8,2.3,283,13,827,28.76,,0,0,0,34.7,37.2,39.2,0.19,0.17,0.16
COLD,2016-04-05 15:00:00 EDT,43.26127,-74.97878,1422,25.6,25.3,14.7,31.3,-0.7,,,,,12.1,18.0,1.9,314,23,12.6,18.1,2.1,316,19,12.1,18.0,1.9,314,23,818,28.76,,0,0,0,34.7,37.2,39.2,0.19,0.17,0.16
COLD,2016-04-05 15:05:00 EDT,43.26127,-74.97878,1422,25.5,25.2,14.7,31.9,-0.4,,,,,11.8,15.6,2.0,301,19,12.4,16.1,2.2,302,19,11.8,15.6,2.0,301,19,809,28.76,,0,0,0,34.7,37.2,39.2,0.19,0.16,0.16
COLD,2016-04-05 15:10:00 EDT,43.26127,-74.97878,1422,25.4,25.1,17.1,30.4,-1.5,,,,,7.6,14.3,2.6,300,26,8.4,15.2,2.6,300,24,7.6,14.3,2.6,300,26,802,28.75,,0,0,0,34.7,37.2,39.2,0.19,0.16,0.16
COLD,2016-04-05 15:15:00 EDT,43.26127,-74.97878,1422,26.1,25.8,15.9,30.0,-1.1,,,,,11.0,16.0,2.2,285,16,11.8,17.0,2.4,284,14,11.0,16.0,2.2,285,16,792,28.76,,0,0,0,34.7,37.2,39.2,0.19,0.17,0.16
COLD,2016-04-05 15:20:00 EDT,43.26127,-74.97878,1422,25.7,25.5,14.9,27.0,-3.7,,,,,12.0,26.2,4.0,267,19,13.1,27.5,4.3,267,17,12.0,26.2,4.0,267,19,783,28.75,,0,0,0,34.7,37.2,39.2,0.19,0.16,0.16
COLD,2016-04-05 15:25:00 EDT,43.26127,-74.97878,1422,25.7,25.5,14.3,28.4,-2.6,,,,,13.4,22.9,3.5,308,16,13.9,23.7,3.6,308,18,13.4,22.9,3.5,308,16,771,28.75,,0,0,0,34.7,37.2,39.2,0.19,0.17,0.16
COLD,2016-04-05 15:30:00 EDT,43.26127,-74.97878,1422,25.8,25.6,13.7,30.2,-1.3,,,,,14.9,20.8,2.7,308,12,15.3,20.8,2.7,307,11,14.9,20.8,2.7,308,12,760,28.76,,0,0,0,34.7,37.2,39.2,0.19,0.17,0.16
COLD,2016-04-05 15:35:00 EDT,43.26127,-74.97878,1422,25.5,25.3,13.3,27.8,-3.2,,,,,15.1,21.0,2.5,301,19,15.6,21.9,2.8,302,19,15.1,21.0,2.5,301,19,749,28.76,,0,0,0,34.7,37.2,39.2,0.19,0.17,0.16
COLD,2016-04-05 15:40:00 EDT,43.26127,-74.97878,1422,26.0,25.8,15.8,28.2,-2.5,,,,,11.0,15.9,2.7,302,14,11.6,17.0,2.7,301,14,11.0,15.9,2.7,302,14,739,28.76,,0,0,0,34.7,37.2,39.2,0.19,0.17,0.16
COLD,2016-04-05 15:45:00 EDT,43.26127,-74.97878,1422,26.3,26.0,14.9,26.8,-3.4,,,,,13.5,21.0,3.1,316,18,14.0,21.5,2.9,317,17,13.5,21.0,3.1,316,18,727,28.76,,0,0,0,34.7,37.2,39.2,0.19,0.17,0.16
COLD,2016-04-05 15:50:00 EDT,43.26127,-74.97878,1422,26.0,25.7,13.7,26.1,-4.2,,,,,15.5,22.1,3.0,311,12,15.8,23.7,3.1,312,12,15.5,22.1,3.0,311,12,715,28.76,,0,0,0,34.7,37.2,39.2,0.19,0.17,0.16
COLD,2016-04-05 15:55:00 EDT,43.26127,-74.97878,1422,26.0,25.8,13.2,26.3,-4.0,,,,,16.8,21.8,2.4,315,12,17.1,23.7,2.5,316,12,16.8,21.8,2.4,315,12,703,28.76,,0,0,0,34.7,37.2,39.2,0.19,0.17,0.16
COLD,2016-04-05 16:00:00 EDT,43.26127,-74.97878,1422,26.2,26.0,14.7,26.3,-3.9,,,,,13.6,20.0,2.5,307,10,14.0,21.3,2.5,307,10,13.6,20.0,2.5,307,10,690,28.76,,0,0,0,34.7,37.2,39.2,0.19,0.17,0.16
COLD,2016-04-05 16:05:00 EDT,43.26127,-74.97878,1422,26.1,25.9,15.5,27.4,-3.0,,,,,11.7,19.7,2.8,297,14,12.4,20.4,3.0,297,15,11.7,19.7,2.8,297,14,677,28.76,,0,0,0,34.7,37.2,39.2,0.19,0.17,0.16
COLD,2016-04-05 16:10:00 EDT,43.26127,-74.97878,1422,26.5,26.2,15.8,26.2,-3.7,,,,,12.1,18.6,2.7,328,16,12.9,20.6,3.0,328,17,12.1,18.6,2.7,328,16,663,28.76,,0,0,0,34.7,37.2,39.2,0.19,0.17,0.16
COLD,2016-04-05 16:15:00 EDT,43.26127,-74.97878,1422,26.8,26.7,15.9,26.6,-3.1,,,,,12.7,20.2,3.1,317,10,13.1,20.8,3.1,317,9,12.7,20.2,3.1,317,10,649,28.76,,0,0,0,34.7,37.2,39.2,0.19,0.17,0.16
COLD,2016-04-05 16:20:00 EDT,43.26127,-74.97878,1422,26.6,26.4,15.8,25.4,-4.2,,,,,12.3,18.7,2.8,325,10,12.8,19.2,2.7,326,11,12.3,18.7,2.8,325,10,636,28.76,,0,0,0,34.7,37.2,39.2,0.19,0.17,0.16
COLD,2016-04-05 16:25:00 EDT,43.26127,-74.97878,1422,26.9,26.7,17.4,27.2,-2.5,,,,,10.1,16.1,2.8,316,28,10.8,17.4,3.0,317,27,10.1,16.1,2.8,316,28,621,28.76,,0,0,0,34.7,37.2,39.2,0.19,0.17,0.16
COLD,2016-04-05 16:30:00 EDT,43.26127,-74.97878,1422,26.9,26.7,16.0,26.8,-2.8,,,,,13.0,18.3,2.4,323,17,13.6,21.3,2.4,324,17,13.0,18.3,2.4,323,17,606,28.76,,0,0,0,34.7,37.2,39.2,0.19,0.17,0.16
COLD,2016-04-05 16:35:00 EDT,43.26127,-74.97878,1422,26.7,26.5,16.4,27.8,-2.2,,,,,11.4,16.6,2.0,319,15,11.7,17.9,2.2,320,16,11.4,16.6,2.0,319,15,590,28.76,,0,0,0,34.7,37.2,39.2,0.19,0.17,0.16
COLD,2016-04-05 16:40:00 EDT,43.26127,-74.97878,1422,26.9,26.7,17.7,29.1,-1.1,,,,,9.5,16.7,2.8,319,22,10.1,17.4,3.0,319,22,9.5,16.7,2.8,319,22,575,28.76,,0,0,0,34.7,37.2,39.2,0.19,0.17,0.16
COLD,2016-04-05 16:45:00 EDT,43.26127,-74.97878,1422,26.9,26.7,16.7,27.5,-2.3,,,,,11.2,15.6,2.2,336,13,11.9,17.2,2.4,337,13,11.2,15.6,2.2,336,13,559,28.75,,0,0,0,34.7,37.2,39.2,0.19,0.17,0.16
COLD,2016-04-05 16:50:00 EDT,43.26127,-74.97878,1422,27.1,26.9,18.1,29.4,-0.7,,,,,9.2,14.2,2.2,319,18,9.6,14.8,2.2,319,17,9.2,14.2,2.2,319,18,544,28.75,,0,0,0,34.7,37.2,39.2,0.19,0.17,0.16
COLD,2016-04-05 16:55:00 EDT,43.26127,-74.97878,1422,27.2,27.0,18.0,27.8,-1.8,,,,,9.7,15.3,2.5,326,18,10.4,16.6,2.6,329,18,9.7,15.3,2.5,326,18,527,28.75,,0,0,0,34.7,37.2,39.2,0.19,0.17,0.16
COLD,2016-04-05 17:00:00 EDT,43.26127,-74.97878,1422,27.0,26.8,16.4,27.3,-2.4,,,,,12.0,19.3,2.6,335,15,12.8,19.7,2.5,337,14,12.0,19.3,2.6,335,15,513,28.75,,0,0,0,34.7,37.2,39.2,0.19,0.17,0.16
COLD,2016-04-05 17:05:00 EDT,43.26127,-74.97878,1422,26.9,26.7,18.2,27.8,-2.1,,,,,8.7,14.4,2.1,321,16,9.0,15.2,2.3,323,16,8.7,14.4,2.1,321,16,496,28.75,,0,0,0,34.7,37.2,39.2,0.19,0.17,0.16
COLD,2016-04-05 17:10:00 EDT,43.26127,-74.97878,1422,26.8,26.7,16.7,27.4,-2.4,,,,,11.3,18.4,3.6,309,18,11.7,18.6,3.6,309,19,11.3,18.4,3.6,309,18,480,28.75,,0,0,0,34.7,37.2,39.2,0.19,0.17,0.16
COLD,2016-04-05 17:15:00 EDT,43.26127,-74.97878,1422,27.0,26.8,17.8,28.9,-1.1,,,,,9.5,15.2,2.3,332,16,10.3,16.3,2.4,334,17,9.5,15.2,2.3,332,16,463,28.75,,0,0,0,34.7,37.2,39.2,0.19,0.17,0.16
COLD,2016-04-05 17:20:00 EDT,43.26127,-74.97878,1422,27.1,27.0,17.1,29.2,-0.9,,,,,11.1,17.2,3.2,324,11,11.5,18.3,3.1,325,10,11.1,17.2,3.2,324,11,445,28.75,,0,0,0,34.7,37.2,39.2,0.19,0.17,0.16
COLD,2016-04-05 17:25:00 EDT,43.26127,-74.97878,1422,27.0,27.0,18.0,29.2,-0.9,,,,,9.3,15.0,1.8,326,16,9.8,16.1,2.0,328,12,9.3,15.0,1.8,326,16,428,28.75,,0,0,0,34.7,37.2,39.2,0.19,0.17,0.16
COLD,2016-04-05 17:30:00 EDT,43.26127,-74.97878,1422,26.9,26.8,17.2,29.4,-0.9,,,,,10.6,16.5,2.3,333,14,11.2,17.4,2.3,335,16,10.6,16.5,2.3,333,14,410,28.75,,0,0,0,34.7,37.2,39.2,0.19,0.17,0.16
COLD,2016-04-05 17:35:00 EDT,43.26127,-74.97878,1422,27.1,27.0,17.3,29.8,-0.4,,,,,10.7,14.8,1.9,342,19,11.7,16.8,2.2,344,13,10.7,14.8,1.9,342,19,392,28.75,,0,0,0,34.7,37.2,39.2,0.19,0.17,0.16
COLD,2016-04-05 17:40:00 EDT,43.26127,-74.97878,1422,27.0,27.0,17.8,30.3,-0.2,,,,,9.3,13.6,1.7,311,18,10.0,14.5,1.8,311,20,9.3,13.6,1.7,311,18,375,28.76,,0,0,0,34.7,37.2,39.2,0.19,0.17,0.16
COLD,2016-04-05 17:45:00 EDT,43.26127,-74.97878,1422,27.0,27.0,18.4,29.3,-0.8,,,,,8.6,15.3,2.8,328,28,9.5,18.6,3.0,329,25,8.6,15.3,2.8,328,28,357,28.76,,0,0,0,34.7,37.2,39.2,0.19,0.17,0.16
COLD,2016-04-05 17:50:00 EDT,43.26127,-74.97878,1422,27.0,27.0,16.3,30.0,-0.4,,,,,12.4,17.8,2.4,340,13,13.3,20.6,2.8,342,12,12.4,17.8,2.4,340,13,338,28.76,,0,0,0,34.7,37.2,39.2,0.19,0.17,0.16
COLD,2016-04-05 17:55:00 EDT,43.26127,-74.97878,1422,26.9,26.9,17.3,30.2,-0.3,,,,,10.1,15.7,2.5,326,14,10.9,15.9,2.6,326,14,10.1,15.7,2.5,326,14,320,28.76,,0,0,0,34.7,37.2,39.2,0.19,0.17,0.16
COLD,2016-04-05 18:00:00 EDT,43.26127,-74.97878,1422,26.9,26.9,17.8,29.8,-0.6,,,,,9.4,14.5,2.1,333,15,10.2,15.0,2.1,334,15,9.4,14.5,2.1,333,15,302,28.76,,0,0,0,34.7,37.2,39.2,0.19,0.17,0.16
COLD,2016-04-05 18:05:00 EDT,43.26127,-74.97878,1422,27.0,27.0,16.8,29.5,-0.8,,,,,11.2,16.4,2.4,323,12,11.7,17.2,2.4,324,12,11.2,16.4,2.4,323,12,284,28.76,,0,0,0,34.7,37.2,39.2,0.19,0.17,0.16
COLD,2016-04-05 18:10:00 EDT,43.26127,-74.97878,1422,26.7,26.8,16.8,30.1,-0.6,,,,,10.6,14.2,1.8,323,17,11.1,14.8,1.7,324,14,10.6,14.2,1.8,323,17,265,28.76,,0,0,0,34.7,37.2,39.2,0.19,0.17,0.16
COLD,2016-04-05 18:15:00 EDT,43.26127,-74.97878,1422,26.7,26.7,18.0,30.2,-0.5,,,,,8.7,11.6,1.3,326,12,8.9,13.4,1.6,327,13,8.7,11.6,1.3,326,12,248,28.76,,0,0,0,34.7,37.2,39.2,0.19,0.17,0.16
COLD,2016-04-05 18:20:00 EDT,43.26127,-74.97878,1422,26.8,26.8,17.6,30.9,0.0,,,,,9.3,13.6,1.9,328,22,10.0,15.9,2.1,329,19,9.3,13.6,1.9,328,22,230,28.75,,0,0,0,34.7,37.2,39.2,0.19,0.17,0.16
COLD,2016-04-05 18:25:00 EDT,43.26127,-74.97878,1422,26.5,26.7,17.7,31.9,0.6,,,,,8.8,12.9,1.5,322,19,9.3,13.2,1.6,322,16,8.8,12.9,1.5,322,19,212,28.75,,0,0,0,34.7,37.2,39.2,0.19,0.17,0.16
COLD,2016-04-05 18:30:00 EDT,43.26127,-74.97878,1422,26.5,26.6,16.8,32.3,0.8,,,,,10.1,13.7,2.1,324,10,10.7,14.5,2.0,325,10,10.1,13.7,2.1,324,10,194,28.76,,0,0,0,34.7,37.2,39.2,0.19,0.17,0.16
COLD,2016-04-05 18:35:00 EDT,43.26127,-74.97878,1422,26.3,26.5,16.1,31.5,0.1,,,,,11.2,15.6,1.7,316,10,11.6,15.7,1.7,317,10,11.2,15.6,1.7,316,10,177,28.76,,0,0,0,34.7,37.2,39.1,0.19,0.17,0.16
COLD,2016-04-05 18:40:00 EDT,43.26127,-74.97878,1422,26.1,26.4,16.7,32.3,0.5,,,,,9.6,13.3,2.0,308,11,10.0,14.8,2.0,309,12,9.6,13.3,2.0,308,11,160,28.76,,0,0,0,34.7,37.2,39.1,0.19,0.17,0.16
COLD,2016-04-05 18:45:00 EDT,43.26127,-74.97878,1422,26.0,26.3,16.6,32.9,0.7,,,,,9.4,13.0,1.9,312,10,9.8,14.1,1.8,313,10,9.4,13.0,1.9,312,10,143,28.75,,0,0,0,34.7,37.2,39.1,0.19,0.17,0.16
COLD,2016-04-05 18:50:00 EDT,43.26127,-74.97878,1422,26.0,26.3,16.9,33.5,1.1,,,,,9.0,13.2,2.1,306,12,9.4,14.1,2.2,307,12,9.0,13.2,2.1,306,12,128,28.75,,0,0,0,34.7,37.2,39.1,0.19,0.17,0.16
COLD,2016-04-05 18:55:00 EDT,43.26127,-74.97878,1422,26.0,26.2,17.4,32.6,0.6,,,,,8.3,13.2,2.4,297,11,8.7,13.0,2.3,296,11,8.3,13.2,2.4,297,11,112,28.75,,0,0,0,34.7,37.2,39.0,0.19,0.17,0.16
COLD,2016-04-05 19:00:00 EDT,43.26127,-74.97878,1422,26.0,26.2,17.1,33.0,0.8,,,,,8.7,11.5,1.6,317,11,8.9,11.9,1.6,317,9,8.7,11.5,1.6,317,11,93,28.75,,0,0,0,34.7,37.2,39.0,0.19,0.17,0.16
COLD,2016-04-05 19:05:00 EDT,43.26127,-74.97878,1422,25.7,26.0,16.3,33.8,1.0,,,,,9.4,13.0,1.5,308,10,9.6,13.6,1.4,309,10,9.4,13.0,1.5,308,10,74,28.75,,0,0,0,34.7,37.2,39.1,0.19,0.17,0.16
COLD,2016-04-05 19:10:00 EDT,43.26127,-74.97878,1422,25.5,25.9,16.5,35.0,1.6,,,,,8.5,11.8,1.6,302,15,8.9,12.8,1.7,301,15,8.5,11.8,1.6,302,15,57,28.75,,0,0,0,34.7,37.2,39.0,0.19,0.17,0.16
COLD,2016-04-05 19:15:00 EDT,43.26127,-74.97878,1422,25.1,25.7,17.7,36.5,2.2,,,,,6.5,9.9,1.3,290,13,6.9,11.2,1.4,290,12,6.5,9.9,1.3,290,13,42,28.75,,0,0,0,34.7,37.2,39.0,0.19,0.17,0.16
COLD,2016-04-05 19:20:00 EDT,43.26127,-74.97878,1422,25.2,25.7,17.1,36.0,1.9,,,,,7.3,10.5,1.1,300,11,7.5,11.0,1.2,300,11,7.3,10.5,1.1,300,11,20,28.75,,0,0,0,34.7,37.2,39.0,0.19,0.17,0.16
COLD,2016-04-05 19:25:00 EDT,43.26127,-74.97878,1422,24.7,25.3,16.2,37.3,2.3,,,,,7.7,11.1,1.1,315,9,7.9,10.7,1.2,315,8,7.7,11.1,1.1,315,9,11,28.75,,0,0,0,34.7,37.2,39.0,0.19,0.17,0.16
COLD,2016-04-05 19:30:00 EDT,43.26127,-74.97878,1422,24.6,25.2,16.6,37.8,2.4,,,,,7.0,11.3,1.5,299,13,7.3,11.9,1.5,300,13,7.0,11.3,1.5,299,13,8,28.75,,0,0,0,34.7,37.2,39.0,0.19,0.17,0.16
COLD,2016-04-05 19:35:00 EDT,43.26127,-74.97878,1422,24.5,25.1,15.7,38.3,2.7,,,,,8.0,12.3,1.3,300,11,8.4,12.5,1.4,300,10,8.0,12.3,1.3,300,11,5,28.75,,0,0,0,34.7,37.2,39.0,0.19,0.17,0.16
COLD,2016-04-05 19:40:00 EDT,43.26127,-74.97878,1422,24.5,25.0,16.4,37.9,2.4,,,,,7.1,10.1,1.3,294,11,7.5,11.0,1.3,294,10,7.1,10.1,1.3,294,11,3,28.76,,0,0,0,34.7,37.1,39.0,0.19,0.17,0.16
COLD,2016-04-05 19:45:00 EDT,43.26127,-74.97878,1422,24.5,24.9,16.8,38.2,2.6,,,,,6.6,10.1,1.2,278,12,7.0,11.4,1.3,277,10,6.6,10.1,1.2,278,12,1,28.76,,0,0,0,34.7,37.1,39.0,0.19,0.17,0.16
COLD,2016-04-05 19:50:00 EDT,43.26127,-74.97878,1422,24.2,24.7,16.6,39.4,3.0,,,,,6.4,10.7,1.7,274,13,7.1,12.1,1.9,274,12,6.4,10.7,1.7,274,13,0,28.76,,0,0,0,34.7,37.1,39.0,0.19,0.17,0.16
COLD,2016-04-05 19:55:00 EDT,43.26127,-74.97878,1422,24.1,24.5,16.0,40.0,3.2,,,,,7.0,9.4,1.3,282,14,7.5,10.3,1.4,283,13,7.0,9.4,1.3,282,14,0,28.76,,0,0,0,34.7,37.1,39.0,0.19,0.17,0.16
COLD,2016-04-05 20:00:00 EDT,43.26127,-74.97878,1422,23.8,24.2,16.2,41.1,3.5,,,,,6.3,10.1,1.4,278,19,6.7,10.7,1.5,277,18,6.3,10.1,1.4,278,19,0,28.76,,0,0,0,34.7,37.1,39.0,0.19,0.17,0.16
COLD,2016-04-05 20:05:00 EDT,43.26127,-74.97878,1422,23.3,23.5,15.6,43.7,4.4,,,,,6.2,10.2,1.8,263,12,6.8,11.4,1.9,264,12,6.2,10.2,1.8,263,12,0,28.76,,0,0,0,34.7,37.1,39.0,0.19,0.16,0.16
COLD,2016-04-05 20:10:00 EDT,43.26127,-74.97878,1422,23.0,23.2,15.3,45.2,4.9,,,,,6.3,10.2,1.4,255,13,6.9,12.3,1.7,257,10,6.3,10.2,1.4,255,13,0,28.76,,0,0,0,34.7,37.0,39.0,0.19,0.17,0.16
COLD,2016-04-05 20:15:00 EDT,43.26127,-74.97878,1422,22.8,23.1,13.6,45.5,4.8,,,,,8.0,16.0,2.8,258,15,8.6,16.6,3.0,257,14,8.0,16.0,2.8,258,15,0,28.76,,0,0,0,34.7,37.1,39.0,0.19,0.17,0.16
COLD,2016-04-05 20:20:00 EDT,43.26127,-74.97878,1422,22.7,23.0,13.1,44.9,4.5,,,,,8.7,13.4,1.9,277,14,9.5,15.0,2.1,277,13,8.7,13.4,1.9,277,14,0,28.76,,0,0,0,34.7,37.0,39.0,0.19,0.17,0.16
COLD,2016-04-05 20:25:00 EDT,43.26127,-74.97878,1422,22.6,22.8,13.1,45.0,4.5,,,,,8.5,13.3,1.9,267,12,9.4,15.4,2.3,268,11,8.5,13.3,1.9,267,12,0,28.76,,0,0,0,34.7,37.0,39.0,0.19,0.17,0.16
COLD,2016-04-05 20:30:00 EDT,43.26127,-74.97878,1422,22.5,22.6,11.8,45.1,4.4,,,,,10.3,14.9,2.0,268,11,11.3,17.0,2.3,268,9,10.3,14.9,2.0,268,11,0,28.76,,0,0,0,34.7,37.0,39.0,0.19,0.17,0.16
COLD,2016-04-05 20:35:00 EDT,43.26127,-74.97878,1422,22.0,22.2,13.7,46.9,4.7,,,,,6.6,12.3,2.1,266,13,7.2,14.1,2.5,266,12,6.6,12.3,2.1,266,13,0,28.75,,0,0,0,34.7,37.0,39.0,0.19,0.16,0.16
COLD,2016-04-05 20:40:00 EDT,43.26127,-74.97878,1422,22.1,22.3,13.0,47.0,4.9,,,,,7.6,13.0,2.3,274,13,8.4,15.2,2.7,274,12,7.6,13.0,2.3,274,13,0,28.76,,0,0,0,34.7,37.0,39.0,0.19,0.17,0.16
COLD,2016-04-05 20:45:00 EDT,43.26127,-74.97878,1422,21.7,22.0,13.4,47.8,5.0,,,,,6.7,11.5,1.7,278,12,7.3,12.1,1.9,278,10,6.7,11.5,1.7,278,12,0,28.76,,0,0,0,34.7,37.0,39.0,0.19,0.17,0.16
COLD,2016-04-05 20:50:00 EDT,43.26127,-74.97878,1422,21.7,21.9,13.2,48.4,5.1,,,,,6.8,9.9,1.2,279,11,7.5,12.1,1.5,278,11,6.8,9.9,1.2,279,11,0,28.76,,0,0,0,34.7,37.0,39.0,0.19,0.17,0.16
COLD,2016-04-05 20:55:00 EDT,43.26127,-74.97878,1422,21.6,21.8,13.2,48.6,5.2,,,,,6.7,10.2,1.3,274,12,7.2,10.7,1.4,274,11,6.7,10.2,1.3,274,12,0,28.76,,0,0,0,34.7,37.0,39.0,0.19,0.17,0.16
COLD,2016-04-05 21:00:00 EDT,43.26127,-74.97878,1422,21.3,21.6,14.3,49.4,5.2,,,,,5.1,8.0,1.1,266,10,5.5,9.2,1.3,267,10,5.1,8.0,1.1,266,10,0,28.77,,0,0,0,34.7,37.0,39.0,0.19,0.17,0.16
COLD,2016-04-05 21:05:00 EDT,43.26127,-74.97878,1422,21.1,21.5,12.1,50.1,5.4,,,,,7.3,13.7,1.6,268,13,7.9,15.2,1.8,268,12,7.3,13.7,1.6,268,13,0,28.77,,0,0,0,34.7,37.0,39.0,0.19,0.17,0.16
COLD,2016-04-05 21:10:00 EDT,43.26127,-74.97878,1422,20.9,21.3,12.4,51.2,5.7,,,,,6.6,9.8,1.3,282,11,7.1,11.2,1.5,282,10,6.6,9.8,1.3,282,11,0,28.77,,0,0,0,34.7,37.0,39.0,0.19,0.17,0.16
COLD,2016-04-05 21:15:00 EDT,43.26127,-74.97878,1422,20.8,21.1,11.9,51.9,5.9,,,,,7.1,9.9,1.1,269,12,7.7,11.2,1.2,270,10,7.1,9.9,1.1,269,12,0,28.78,,0,0,0,34.7,37.0,39.0,0.19,0.17,0.16
COLD,2016-04-05 21:20:00 EDT,43.26127,-74.97878,1422,20.8,21.0,12.8,51.9,5.9,,,,,6.1,8.8,1.0,280,15,6.5,9.6,1.2,280,13,6.1,8.8,1.0,280,15,0,28.78,,0,0,0,34.7,37.0,39.0,0.19,0.17,0.16
COLD,2016-04-05 21:25:00 EDT,43.26127,-74.97878,1422,20.5,20.8,12.1,52.9,6.0,,,,,6.4,10.1,1.4,281,10,6.9,11.0,1.6,281,9,6.4,10.1,1.4,281,10,0,28.78,,0,0,0,34.7,37.0,39.0,0.19,0.17,0.16
COLD,2016-04-05 21:30:00 EDT,43.26127,-74.97878,1422,20.4,20.6,11.1,53.2,6.0,,,,,7.4,11.5,1.4,283,12,7.9,11.9,1.6,283,11,7.4,11.5,1.4,283,12,0,28.78,,0,0,0,34.7,37.0,39.0,0.19,0.17,0.16
COLD,2016-04-05 21:35:00 EDT,43.26127,-74.97878,1422,20.0,20.4,11.0,54.1,6.1,,,,,7.0,11.6,1.7,283,10,7.6,13.9,1.9,283,10,7.0,11.6,1.7,283,10,0,28.78,,0,0,0,34.7,37.0,39.0,0.19,0.17,0.16
COLD,2016-04-05 21:40:00 EDT,43.26127,-74.97878,1422,20.1,20.3,10.4,54.3,6.2,,,,,7.9,11.6,1.5,280,10,8.6,12.5,1.7,279,10,7.9,11.6,1.5,280,10,0,28.78,,0,0,0,34.7,37.0,39.0,0.19,0.17,0.16
COLD,2016-04-05 21:45:00 EDT,43.26127,-74.97878,1422,20.0,20.2,10.5,54.0,6.0,,,,,7.7,13.2,2.2,289,11,8.2,13.9,2.3,288,11,7.7,13.2,2.2,289,11,0,28.78,,0,0,0,34.7,37.0,39.0,0.19,0.17,0.16
COLD,2016-04-05 21:50:00 EDT,43.26127,-74.97878,1422,19.9,20.1,10.3,53.8,5.8,,,,,7.7,10.5,1.1,292,11,8.2,11.4,1.1,291,10,7.7,10.5,1.1,292,11,0,28.78,,0,0,0,34.7,37.0,39.0,0.19,0.17,0.16
COLD,2016-04-05 21:55:00 EDT,43.26127,-74.97878,1422,19.8,20.1,11.5,53.9,5.8,,,,,6.1,7.7,0.7,293,8,6.5,8.3,0.9,292,8,6.1,7.7,0.7,293,8,0,28.78,,0,0,0,34.7,37.0,39.0,0.19,0.17,0.16
COLD,2016-04-05 22:00:00 EDT,43.26127,-74.97878,1422,19.7,20.0,11.4,53.5,5.5,,,,,6.2,8.7,1.0,294,10,6.5,10.5,1.1,293,10,6.2,8.7,1.0,294,10,0,28.78,,0,0,0,34.7,37.0,39.0,0.19,0.17,0.16
COLD,2016-04-05 22:05:00 EDT,43.26127,-74.97878,1422,19.3,19.7,12.4,54.2,5.5,,,,,4.8,6.4,0.6,300,9,5.1,7.4,0.8,300,9,4.8,6.4,0.6,300,9,0,28.78,,0,0,0,34.7,37.0,39.0,0.19,0.17,0.16
COLD,2016-04-05 22:10:00 EDT,43.26127,-74.97878,1422,18.9,19.6,12.6,54.8,5.3,,,,,4.3,6.3,0.8,290,10,4.5,6.5,0.9,290,10,4.3,6.3,0.8,290,10,0,28.79,,0,0,0,34.7,37.0,39.0,0.19,0.17,0.16
COLD,2016-04-05 22:15:00 EDT,43.26127,-74.97878,1422,18.8,19.4,13.6,54.9,5.2,,,,,3.5,5.0,0.6,287,12,3.8,6.0,0.7,288,11,3.5,5.0,0.6,287,12,0,28.79,,0,0,0,34.7,37.0,39.0,0.19,0.17,0.16
COLD,2016-04-05 22:20:00 EDT,43.26127,-74.97878,1422,18.6,19.3,13.8,55.5,5.3,,,,,3.2,4.4,0.6,296,9,3.4,4.9,0.7,298,9,3.2,4.4,0.6,296,9,0,28.79,,0,0,0,34.7,37.0,39.0,0.19,0.17,0.16
COLD,2016-04-05 22:25:00 EDT,43.26127,-74.97878,1422,18.4,19.3,18.4,55.9,5.2,,,,,2.7,3.6,0.4,295,9,2.8,3.8,0.5,297,10,2.7,3.6,0.4,295,9,0,28.79,,0,0,0,34.8,37.0,38.9,0.19,0.17,0.16
COLD,2016-04-05 22:30:00 EDT,43.26127,-74.97878,1422,18.2,19.2,18.2,56.6,5.4,,,,,2.7,4.1,0.4,287,8,2.9,4.3,0.5,288,9,2.7,4.1,0.4,287,8,0,28.79,,0,0,0,34.7,37.0,38.9,0.19,0.17,0.16
COLD,2016-04-05 22:35:00 EDT,43.26127,-74.97878,1422,18.6,19.1,18.6,55.9,5.4,,,,,2.3,3.1,0.4,295,9,2.4,3.4,0.5,297,10,2.3,3.1,0.4,295,9,0,28.78,,0,0,0,34.7,37.0,38.9,0.19,0.17,0.16
COLD,2016-04-05 22:40:00 EDT,43.26127,-74.97878,1422,18.3,19.1,18.3,55.8,5.2,,,,,2.7,3.6,0.5,306,12,2.7,3.8,0.5,307,13,2.7,3.6,0.5,306,12,0,28.78,,0,0,0,34.7,37.0,38.9,0.19,0.17,0.16
COLD,2016-04-05 22:45:00 EDT,43.26127,-74.97878,1422,18.4,18.9,18.4,56.0,5.3,,,,,2.7,3.8,0.4,303,9,2.8,4.5,0.5,305,9,2.7,3.8,0.4,303,9,0,28.78,,0,0,0,34.8,37.0,38.9,0.19,0.17,0.16
COLD,2016-04-05 22:50:00 EDT,43.26127,-74.97878,1422,18.2,18.9,13.6,56.0,5.1,,,,,3.0,4.5,0.6,298,9,3.1,5.1,0.7,299,9,3.0,4.5,0.6,298,9,0,28.78,,0,0,0,34.8,37.0,38.9,0.19,0.17,0.16
COLD,2016-04-05 22:55:00 EDT,43.26127,-74.97878,1422,17.9,18.7,17.9,56.4,5.0,,,,,2.8,4.2,0.5,302,10,2.9,4.5,0.5,304,10,2.8,4.2,0.5,302,10,0,28.78,,0,0,0,34.8,37.0,38.8,0.19,0.17,0.16
COLD,2016-04-05 23:00:00 EDT,43.26127,-74.97878,1422,17.4,18.7,17.4,56.9,4.7,,,,,2.7,4.6,0.5,305,8,2.7,4.7,0.5,307,8,2.7,4.6,0.5,305,8,0,28.78,,0,0,0,34.7,37.0,38.8,0.19,0.17,0.16
COLD,2016-04-05 23:05:00 EDT,43.26127,-74.97878,1422,16.6,18.5,16.6,58.6,4.6,,,,,2.6,3.4,0.3,287,8,2.8,3.6,0.4,289,9,2.6,3.4,0.3,287,8,0,28.78,,0,0,0,34.8,37.0,38.8,0.19,0.17,0.16
COLD,2016-04-05 23:10:00 EDT,43.26127,-74.97878,1422,16.4,18.7,11.6,60.1,5.0,,,,,3.1,3.9,0.3,305,9,3.1,4.0,0.4,306,9,3.1,3.9,0.3,305,9,0,28.78,,0,0,0,34.8,37.0,38.8,0.19,0.17,0.16
COLD,2016-04-05 23:15:00 EDT,43.26127,-74.97878,1422,16.7,18.7,16.7,59.1,4.9,,,,,3.0,3.8,0.3,316,5,3.0,4.3,0.4,317,4,3.0,3.8,0.3,316,5,0,28.77,,0,0,0,34.8,37.0,38.8,0.19,0.17,0.16
COLD,2016-04-05 23:20:00 EDT,43.26127,-74.97878,1422,16.6,18.6,16.6,59.0,4.7,,,,,2.7,3.2,0.3,305,6,2.7,3.6,0.4,306,6,2.7,3.2,0.3,305,6,0,28.77,,0,0,0,34.7,37.0,38.8,0.19,0.17,0.16
COLD,2016-04-05 23:25:00 EDT,43.26127,-74.97878,1422,16.4,18.3,16.4,60.7,5.2,,,,,2.2,2.6,0.2,317,6,2.2,2.7,0.2,317,6,2.2,2.6,0.2,317,6,0,28.77,,0,0,0,34.8,37.0,38.8,0.19,0.17,0.16
COLD,2016-04-05 23:30:00 EDT,43.26127,-74.97878,1422,16.7,18.3,16.7,60.8,5.5,,,,,1.5,2.5,0.4,325,7,1.6,2.7,0.4,326,9,1.5,2.5,0.4,325,7,0,28.77,,0,0,0,34.8,37.0,38.8,0.19,0.17,0.16
COLD,2016-04-05 23:35:00 EDT,43.26127,-74.97878,1422,16.5,18.2,16.5,61.1,5.4,,,,,1.7,2.5,0.4,342,12,2.0,3.4,0.5,346,13,1.7,2.5,0.4,342,12,0,28.77,,0,0,0,34.8,37.0,38.8,0.19,0.17,0.16
COLD,2016-04-05 23:40:00 EDT,43.26127,-74.97878,1422,16.7,18.0,16.7,61.4,5.7,,,,,1.8,2.3,0.3,347,8,2.4,3.1,0.3,348,9,1.8,2.3,0.3,347,8,0,28.77,,0,0,0,34.8,37.0,38.8,0.19,0.17,0.16
COLD,2016-04-05 23:45:00 EDT,43.26127,-74.97878,1422,16.3,17.6,16.3,61.8,5.5,,,,,1.5,2.2,0.3,1,3,2.0,2.9,0.4,1,6,1.5,2.2,0.3,1,3,0,28.77,,0,0,0,34.7,37.0,38.8,0.19,0.17,0.16
COLD,2016-04-05 23:50:00 EDT,43.26127,-74.97878,1422,15.3,17.4,15.3,63.8,5.2,,,,,0.5,1.1,0.3,344,5,1.0,1.6,0.3,338,12,0.5,1.1,0.3,344,5,0,28.77,,0,0,0,34.7,37.0,38.8,0.19,0.17,0.16
COLD,2016-04-05 23:55:00 EDT,43.26127,-74.97878,1422,15.9,17.4,15.9,65.1,6.2,,,,,0.3,1.2,0.3,350,10,0.8,2.0,0.3,338,20,0.3,1.2,0.3,350,10,0,28.77,,0,0,0,34.7,37.0,38.8,0.19,0.17,0.16
COPE,2016-04-05 00:00:00 EDT,43.92056,-75.60786,817,12.9,14.0,12.9,68.8,4.6,,,,,0.6,2.3,0.6,228,21,,,,,,0.6,2.3,0.6,228,21,0,29.29,,0,0,,35.8,39.5,,0.43,0.73,
COPE,2016-04-05 00:05:00 EDT,43.92056,-75.60786,817,13.0,14.5,13.0,67.0,4.1,,,,,1.3,2.6,0.7,210,13,,,,,,1.3,2.6,0.7,210,13,0,29.29,,0,0,,35.8,39.5,,0.43,0.73,
COPE,2016-04-05 00:10:00 EDT,43.92056,-75.60786,817,12.0,13.7,12.0,68.2,3.5,,,,,0.7,2.6,0.9,224,14,,,,,,0.7,2.6,0.9,224,14,0,29.29,,0,0,,35.8,39.5,,0.43,0.74,
COPE,2016-04-05 00:15:00 EDT,43.92056,-75.60786,817,12.2,13.9,12.2,70.8,4.5,,,,,2.2,3.1,0.4,249,21,,,,,,2.2,3.1,0.4,249,21,0,29.29,,0,0,,35.8,39.6,,0.43,0.74,
COPE,2016-04-05 00:20:00 EDT,43.92056,-75.60786,817,12.4,13.4,12.4,70.8,4.7,,,,,1.0,2.4,0.5,271,26,,,,,,1.0,2.4,0.5,271,26,0,29.29,,0,0,,35.8,39.5,,0.43,0.73,
COPE,2016-04-05 00:25:00 EDT,43.92056,-75.60786,817,12.8,13.5,12.8,69.2,4.6,,,,,1.4,3.1,0.7,257,22,,,,,,1.4,3.1,0.7,257,22,0,29.29,,0,0,,35.8,39.5,,0.43,0.73,
COPE,2016-04-05 00:30:00 EDT,43.92056,-75.60786,817,12.2,12.9,12.2,71.2,4.6,,,,,1.0,3.1,0.8,289,39,,,,,,1.0,3.1,0.8,289,39,0,29.29,,0,0,,35.8,39.5,,0.43,0.74,
COPE,2016-04-05 00:35:00 EDT,43.92056,-75.60786,817,11.9,12.4,11.9,73.1,4.9,,,,,0.8,2.6,0.7,331,23,,,,,,0.8,2.6,0.7,331,23,0,29.29,,0,0,,35.7,39.5,,0.43,0.73,
COPE,2016-04-05 00:40:00 EDT,43.92056,-75.60786,817,11.8,12.5,11.8,72.9,4.8,,,,,1.3,3.6,1.0,236,33,,,,,,1.3,3.6,1.0,236,33,0,29.29,,0,0,,35.7,39.5,,0.43,0.74,
COPE,2016-04-05 00:45:00 EDT,43.92056,-75.60786,817,11.9,12.5,11.9,72.3,4.7,,,,,0.9,2.3,0.7,276,52,,,,,,0.9,2.3,0.7,276,52,0,29.29,,0,0,,35.7,39.5,,0.43,0.73,
COPE,2016-04-05 00:50:00 EDT,43.92056,-75.60786,817,12.2,12.9,12.2,71.6,4.8,,,,,1.0,3.4,0.8,324,35,,,,,,1.0,3.4,0.8,324,35,0,29.29,,0,0,,35.7,39.5,,0.43,0.73,
COPE,2016-04-05 00:55:00 EDT,43.92056,-75.60786,817,11.8,12.8,11.8,70.7,4.1,,,,,0.5,2.3,0.6,312,45,,,,,,0.5,2.3,0.6,312,45,0,29.29,,0,0,,35.7,39.5,,0.43,0.74,
COPE,2016-04-05 01:00:00 EDT,43.92056,-75.60786,817,10.7,11.5,10.7,72.8,3.7,,,,,0.7,2.0,0.5,89,38,,,,,,0.7,2.0,0.5,89,38,0,29.29,,0,0,,35.6,39.5,,0.43,0.73,
COPE,2016-04-05 01:05:00 EDT,43.92056,-75.60786,817,10.7,11.5,10.7,74.7,4.2,,,,,1.4,6.2,2.0,256,30,,,,,,1.4,6.2,2.0,256,30,0,29.30,,0,0,,35.6,39.5,,0.43,0.73,
COPE,2016-04-05 01:10:00 EDT,43.92056,-75.60786,817,10.6,11.7,4.7,75.0,4.2,,,,,3.2,6.1,1.9,245,12,,,,,,3.2,6.1,1.9,245,12,0,29.30,,0,0,,35.6,39.5,,0.43,0.73,
COPE,2016-04-05 01:15:00 EDT,43.92056,-75.60786,817,10.2,10.9,10.2,76.0,4.2,,,,,2.0,4.9,1.5,236,24,,,,,,2.0,4.9,1.5,236,24,0,29.30,,0,0,,35.6,39.5,,0.43,0.74,
COPE,2016-04-05 01:20:00 EDT,43.92056,-75.60786,817,10.1,10.9,10.1,76.4,4.2,,,,,1.8,5.1,1.3,245,38,,,,,,1.8,5.1,1.3,245,38,0,29.30,,0,0,,35.6,39.5,,0.43,0.74,
COPE,2016-04-05 01:25:00 EDT,43.92056,-75.60786,817,10.6,10.8,10.6,75.6,4.4,,,,,0.9,3.0,0.9,256,44,,,,,,0.9,3.0,0.9,256,44,0,29.30,,0,0,,35.6,39.5,,0.43,0.74,
COPE,2016-04-05 01:30:00 EDT,43.92056,-75.60786,817,10.6,11.2,10.6,74.5,4.1,,,,,1.6,3.5,0.7,266,36,,,,,,1.6,3.5,0.7,266,36,0,29.30,,0,0,,35.6,39.5,,0.43,0.73,
COPE,2016-04-05 01:35:00 EDT,43.92056,-75.60786,817,10.2,11.2,10.2,75.2,3.9,,,,,1.3,3.7,0.7,299,61,,,,,,1.3,3.7,0.7,299,61,0,29.30,,0,0,,35.6,39.5,,0.43,0.73,
COPE,2016-04-05 01:40:00 EDT,43.92056,-75.60786,817,10.1,11.0,10.1,75.9,4.0,,,,,1.6,4.0,1.0,284,32,,,,,,1.6,4.0,1.0,284,32,0,29.30,,0,0,,35.6,39.6,,0.43,0.73,
COPE,2016-04-05 01:45:00 EDT,43.92056,-75.60786,817,10.0,10.8,10.0,76.9,4.2,,,,,1.4,3.9,1.1,269,38,,,,,,1.4,3.9,1.1,269,38,0,29.30,,0,0,,35.6,39.5,,0.43,0.73,
COPE,2016-04-05 01:50:00 EDT,43.92056,-75.60786,817,9.9,10.6,9.9,76.4,4.0,,,,,2.1,4.2,1.1,257,45,,,,,,2.1,4.2,1.1,257,45,0,29.30,,0,0,,35.6,39.6,,0.43,0.73,
COPE,2016-04-05 01:55:00 EDT,43.92056,-75.60786,817,10.1,10.7,10.1,76.3,4.1,,,,,1.7,3.4,0.9,330,37,,,,,,1.7,3.4,0.9,330,37,0,29.30,,0,0,,35.6,39.5,,0.43,0.73,
COPE,2016-04-05 02:00:00 EDT,43.92056,-75.60786,817,10.4,12.4,1.6,75.1,4.1,,,,,5.1,7.8,1.7,245,13,,,,,,5.1,7.8,1.7,245,13,0,29.30,,0,0,,35.5,39.5,,0.43,0.73,
COPE,2016-04-05 02:05:00 EDT,43.92056,-75.60786,817,9.5,10.5,9.5,75.5,3.4,,,,,1.3,3.1,0.8,271,47,,,,,,1.3,3.1,0.8,271,47,0,29.30,,0,0,,35.5,39.6,,0.43,0.73,
COPE,2016-04-05 02:10:00 EDT,43.92056,-75.60786,817,9.9,10.5,9.9,76.7,4.0,,,,,0.8,4.5,1.1,227,23,,,,,,0.8,4.5,1.1,227,23,0,29.31,,0,0,,35.5,39.6,,0.43,0.73,
COPE,2016-04-05 02:15:00 EDT,43.92056,-75.60786,817,9.6,10.2,9.6,76.9,3.8,,,,,1.2,4.3,1.4,230,30,,,,,,1.2,4.3,1.4,230,30,0,29.31,,0,0,,35.5,39.5,,0.43,0.72,
COPE,2016-04-05 02:20:00 EDT,43.92056,-75.60786,817,9.5,10.0,9.5,77.4,3.9,,,,,0.9,4.1,1.0,227,23,,,,,,0.9,4.1,1.0,227,23,0,29.31,,0,0,,35.5,39.6,,0.43,0.72,
COPE,2016-04-05 02:25:00 EDT,43.92056,-75.60786,817,9.5,10.1,9.5,77.8,4.0,,,,,1.3,3.4,1.0,203,31,,,,,,1.3,3.4,1.0,203,31,0,29.31,,0,0,,35.5,39.6,,0.43,0.71,
COPE,2016-04-05 02:30:00 EDT,43.92056,-75.60786,817,9.3,9.9,9.3,77.2,3.6,,,,,0.5,1.8,0.5,355,52,,,,,,0.5,1.8,0.5,355,52,0,29.31,,0,0,,35.5,39.6,,0.43,0.70,
COPE,2016-04-05 02:35:00 EDT,43.92056,-75.60786,817,9.3,10.1,9.3,77.0,3.5,,,,,1.1,5.2,1.3,257,41,,,,,,1.1,5.2,1.3,257,41,0,29.31,,0,0,,35.4,39.6,,0.43,0.65,
COPE,2016-04-05 02:40:00 EDT,43.92056,-75.60786,817,9.6,10.8,4.0,77.1,3.9,,,,,3.0,5.9,1.5,238,14,,,,,,3.0,5.9,1.5,238,14,0,29.31,,0,0,,35.4,39.6,,0.43,0.62,
COPE,2016-04-05 02:45:00 EDT,43.92056,-75.60786,817,10.0,12.3,1.3,77.1,4.2,,,,,4.9,7.0,1.5,247,8,,,,,,4.9,7.0,1.5,247,8,0,29.31,,0,0,,35.4,39.5,,0.43,0.60,
COPE,2016-04-05 02:50:00 EDT,43.92056,-75.60786,817,11.3,14.9,0.4,73.7,4.5,,,,,7.2,8.0,0.4,256,5,,,,,,7.2,8.0,0.4,256,5,0,29.32,,0,0,,35.4,39.6,,0.43,0.58,
COPE,2016-04-05 02:55:00 EDT,43.92056,-75.60786,817,12.5,15.8,2.5,68.4,4.0,,,,,6.4,7.8,0.6,260,8,,,,,,6.4,7.8,0.6,260,8,0,29.32,,0,0,,35.4,39.6,,0.43,0.56,
COPE,2016-04-05 03:00:00 EDT,43.92056,-75.60786,817,12.8,15.7,3.0,65.6,3.5,,,,,6.4,7.7,0.6,260,7,,,,,,6.4,7.7,0.6,260,7,0,29.32,,0,0,,35.4,39.5,,0.43,0.54,
COPE,2016-04-05 03:05:00 EDT,43.92056,-75.60786,817,13.2,15.5,3.1,64.0,3.3,,,,,6.8,7.7,0.5,258,7,,,,,,6.8,7.7,0.5,258,7,0,29.32,,0,0,,35.4,39.6,,0.43,0.52,
COPE,2016-04-05 03:10:00 EDT,43.92056,-75.60786,817,10.7,13.0,2.6,66.7,1.9,,,,,4.7,6.9,1.5,257,11,,,,,,4.7,6.9,1.5,257,11,0,29.32,,0,0,,35.4,39.6,,0.43,0.49,
COPE,2016-04-05 03:15:00 EDT,43.92056,-75.60786,817,10.5,12.7,2.0,72.0,3.3,,,,,4.9,7.2,1.4,273,14,,,,,,4.9,7.2,1.4,273,14,0,29.32,,0,0,,35.4,39.6,,0.43,0.47,
COPE,2016-04-05 03:20:00 EDT,43.92056,-75.60786,817,12.8,15.4,3.1,67.0,4.0,,,,,6.3,8.7,0.7,276,10,,,,,,6.3,8.7,0.7,276,10,0,29.32,,0,0,,35.4,39.6,,0.43,0.44,
COPE,2016-04-05 03:25:00 EDT,43.92056,-75.60786,817,12.8,14.9,3.1,65.0,3.2,,,,,6.2,7.5,0.7,275,10,,,,,,6.2,7.5,0.7,275,10,0,29.32,,0,0,,35.4,39.6,,0.43,0.40,
COPE,2016-04-05 03:30:00 EDT,43.92056,-75.60786,817,13.2,14.9,3.6,65.0,3.6,,,,,6.2,7.7,0.6,280,9,,,,,,6.2,7.7,0.6,280,9,0,29.33,,0,0,,35.4,39.6,,0.43,0.32,
COPE,2016-04-05 03:35:00 EDT,43.92056,-75.60786,817,13.7,15.1,4.8,63.9,3.8,,,,,5.7,7.7,0.8,284,9,,,,,,5.7,7.7,0.8,284,9,0,29.33,,0,0,,35.4,39.5,,0.43,0.22,
COPE,2016-04-05 03:40:00 EDT,43.92056,-75.60786,817,14.0,15.0,6.0,62.6,3.6,,,,,5.0,6.4,0.7,293,10,,,,,,5.0,6.4,0.7,293,10,0,29.33,,0,0,,35.4,39.5,,0.43,0.20,
COPE,2016-04-05 03:45:00 EDT,43.92056,-75.60786,817,13.6,14.9,6.7,63.9,3.6,,,,,4.1,5.6,0.7,306,11,,,,,,4.1,5.6,0.7,306,11,0,29.34,,0,0,,35.4,39.5,,0.43,0.20,
COPE,2016-04-05 03:50:00 EDT,43.92056,-75.60786,817,14.2,15.8,6.9,62.9,3.9,,,,,4.5,7.4,1.0,334,17,,,,,,4.5,7.4,1.0,334,17,0,29.34,,0,0,,35.4,39.6,,0.43,0.19,
COPE,2016-04-05 03:55:00 EDT,43.92056,-75.60786,817,15.0,16.4,8.0,62.3,4.4,,,,,4.3,7.9,1.3,338,13,,,,,,4.3,7.9,1.3,338,13,0,29.34,,0,0,,35.4,39.5,,0.43,0.19,
COPE,2016-04-05 04:00:00 EDT,43.92056,-75.60786,817,15.9,16.6,8.9,59.4,4.2,,,,,4.4,8.0,1.2,337,14,,,,,,4.4,8.0,1.2,337,14,0,29.34,,0,0,,35.4,39.5,,0.43,0.19,
COPE,2016-04-05 04:05:00 EDT,43.92056,-75.60786,817,15.8,16.5,9.1,59.2,4.1,,,,,4.2,6.0,0.9,338,11,,,,,,4.2,6.0,0.9,338,11,0,29.35,,0,0,,35.4,39.5,,0.43,0.19,
COPE,2016-04-05 04:10:00 EDT,43.92056,-75.60786,817,16.0,16.6,8.3,59.1,4.3,,,,,5.0,7.5,1.0,340,17,,,,,,5.0,7.5,1.0,340,17,0,29.35,,0,0,,35.4,39.5,,0.43,0.18,
COPE,2016-04-05 04:15:00 EDT,43.92056,-75.60786,817,15.8,16.4,9.4,59.4,4.1,,,,,3.9,6.4,0.9,335,14,,,,,,3.9,6.4,0.9,335,14,0,29.35,,0,0,,35.4,39.6,,0.43,0.19,
COPE,2016-04-05 04:20:00 EDT,43.92056,-75.60786,817,15.8,16.3,9.6,59.6,4.2,,,,,3.8,5.8,0.7,338,16,,,,,,3.8,5.8,0.7,338,16,0,29.36,,0,0,,35.4,39.5,,0.43,0.18,
COPE,2016-04-05 04:25:00 EDT,43.92056,-75.60786,817,15.5,16.1,10.3,59.3,3.8,,,,,3.2,5.1,0.6,343,15,,,,,,3.2,5.1,0.6,343,15,0,29.36,,0,0,,35.4,39.5,,0.43,0.18,
COPE,2016-04-05 04:30:00 EDT,43.92056,-75.60786,817,15.3,15.9,15.3,59.6,3.8,,,,,2.7,4.1,0.7,342,17,,,,,,2.7,4.1,0.7,342,17,0,29.36,,0,0,,35.3,39.5,,0.43,0.18,
COPE,2016-04-05 04:35:00 EDT,43.92056,-75.60786,817,15.4,16.0,15.4,59.7,3.9,,,,,2.9,4.3,0.7,338,15,,,,,,2.9,4.3,0.7,338,15,0,29.36,,0,0,,35.4,39.5,,0.43,0.18,
COPE,2016-04-05 04:40:00 EDT,43.92056,-75.60786,817,14.5,15.9,14.5,61.0,3.5,,,,,2.9,5.5,0.8,326,11,,,,,,2.9,5.5,0.8,326,11,0,29.36,,0,0,,35.4,39.5,,0.43,0.18,
COPE,2016-04-05 04:45:00 EDT,43.92056,-75.60786,817,14.1,15.7,8.1,61.7,3.3,,,,,3.5,5.6,0.7,327,12,,,,,,3.5,5.6,0.7,327,12,0,29.37,,0,0,,35.3,39.5,,0.42,0.18,
COPE,2016-04-05 04:50:00 EDT,43.92056,-75.60786,817,15.2,15.8,9.4,61.1,4.1,,,,,3.5,5.6,1.0,339,19,,,,,,3.5,5.6,1.0,339,19,0,29.37,,0,0,,35.3,39.5,,0.43,0.18,
COPE,2016-04-05 04:55:00 EDT,43.92056,-75.60786,817,14.9,15.6,14.9,60.3,3.6,,,,,2.6,4.2,0.8,350,17,,,,,,2.6,4.2,0.8,350,17,0,29.37,,0,0,,35.3,39.5,,0.42,0.18,
COPE,2016-04-05 05:00:00 EDT,43.92056,-75.60786,817,14.8,15.6,9.8,60.7,3.7,,,,,3.0,5.3,0.8,336,13,,,,,,3.0,5.3,0.8,336,13,0,29.37,,0,0,,35.3,39.5,,0.43,0.18,
COPE,2016-04-05 05:05:00 EDT,43.92056,-75.60786,817,14.1,15.5,8.2,61.3,3.2,,,,,3.5,5.9,0.9,344,17,,,,,,3.5,5.9,0.9,344,17,0,29.38,,0,0,,35.3,39.5,,0.43,0.18,
COPE,2016-04-05 05:10:00 EDT,43.92056,-75.60786,817,14.2,15.3,14.2,61.7,3.4,,,,,2.9,4.7,0.9,341,14,,,,,,2.9,4.7,0.9,341,14,0,29.38,,0,0,,35.2,39.5,,0.43,0.18,
COPE,2016-04-05 05:15:00 EDT,43.92056,-75.60786,817,14.4,15.3,8.5,61.2,3.4,,,,,3.5,7.4,1.3,339,21,,,,,,3.5,7.4,1.3,339,21,0,29.38,,0,0,,35.2,39.5,,0.42,0.18,
COPE,2016-04-05 05:20:00 EDT,43.92056,-75.60786,817,14.2,15.3,8.7,61.0,3.2,,,,,3.3,7.1,1.0,352,14,,,,,,3.3,7.1,1.0,352,14,0,29.39,,0,0,,35.2,39.5,,0.42,0.18,
COPE,2016-04-05 05:25:00 EDT,43.92056,-75.60786,817,14.3,15.2,14.3,61.1,3.4,,,,,2.3,3.7,0.6,341,15,,,,,,2.3,3.7,0.6,341,15,0,29.39,,0,0,,35.2,39.5,,0.42,0.17,
COPE,2016-04-05 05:30:00 EDT,43.92056,-75.60786,817,13.7,15.1,13.7,60.5,2.6,,,,,3.0,4.1,0.6,325,11,,,,,,3.0,4.1,0.6,325,11,0,29.39,,0,0,,35.2,39.5,,0.43,0.18,
COPE,2016-04-05 05:35:00 EDT,43.92056,-75.60786,817,12.8,14.7,12.8,62.8,2.6,,,,,3.0,4.3,0.6,317,12,,,,,,3.0,4.3,0.6,317,12,0,29.39,,0,0,,35.2,39.5,,0.43,0.17,
COPE,2016-04-05 05:40:00 EDT,43.92056,-75.60786,817,13.1,14.6,7.3,65.3,3.6,,,,,3.3,4.0,0.3,302,8,,,,,,3.3,4.0,0.3,302,8,0,29.40,,0,0,,35.2,39.5,,0.43,0.17,
COPE,2016-04-05 05:45:00 EDT,43.92056,-75.60786,817,13.3,14.4,7.1,64.6,3.6,,,,,3.6,5.3,0.5,300,8,,,,,,3.6,5.3,0.5,300,8,0,29.40,,0,0,,35.2,39.5,,0.43,0.17,
COPE,2016-04-05 05:50:00 EDT,43.92056,-75.60786,817,12.8,14.3,6.0,65.0,3.3,,,,,3.9,5.6,0.6,305,8,,,,,,3.9,5.6,0.6,305,8,0,29.40,,0,0,,35.2,39.5,,0.43,0.18,
COPE,2016-04-05 05:55:00 EDT,43.92056,-75.60786,817,12.8,14.3,5.3,66.0,3.6,,,,,4.4,5.6,0.5,307,8,,,,,,4.4,5.6,0.5,307,8,0,29.40,,0,0,,35.2,39.5,,0.43,0.17,
COPE,2016-04-05 06:00:00 EDT,43.92056,-75.60786,817,13.3,14.3,7.4,65.2,3.8,,,,,3.5,4.3,0.4,295,8,,,,,,3.5,4.3,0.4,295,8,0,29.41,,0,0,,35.2,39.5,,0.43,0.17,
COPE,2016-04-05 06:05:00 EDT,43.92056,-75.60786,817,13.3,14.3,7.6,64.4,3.6,,,,,3.3,5.3,0.6,297,13,,,,,,3.3,5.3,0.6,297,13,0,29.41,,0,0,,35.2,39.5,,0.43,0.17,
COPE,2016-04-05 06:10:00 EDT,43.92056,-75.60786,817,12.8,14.1,7.0,65.1,3.3,,,,,3.3,4.1,0.4,300,8,,,,,,3.3,4.1,0.4,300,8,0,29.41,,0,0,,35.2,39.5,,0.43,0.17,
COPE,2016-04-05 06:15:00 EDT,43.92056,-75.60786,817,12.6,14.1,6.8,65.7,3.3,,,,,3.3,4.1,0.4,299,12,,,,,,3.3,4.1,0.4,299,12,0,29.42,,0,0,,35.2,39.5,,0.43,0.17,
COPE,2016-04-05 06:20:00 EDT,43.92056,-75.60786,817,12.9,14.2,6.8,66.3,3.8,,,,,3.5,5.0,0.5,290,9,,,,,,3.5,5.0,0.5,290,9,0,29.42,,0,0,,35.2,39.5,,0.43,0.17,
COPE,2016-04-05 06:25:00 EDT,43.92056,-75.60786,817,13.0,14.2,7.2,65.5,3.6,,,,,3.4,4.5,0.4,292,13,,,,,,3.4,4.5,0.4,292,13,1,29.42,,0,0,,35.2,39.4,,0.43,0.17,
COPE,2016-04-05 06:30:00 EDT,43.92056,-75.60786,817,13.5,14.3,7.5,65.2,4.0,,,,,3.5,4.2,0.3,284,7,,,,,,3.5,4.2,0.3,284,7,2,29.42,,0,0,,35.2,39.4,,0.43,0.17,
COPE,2016-04-05 06:35:00 EDT,43.92056,-75.60786,817,13.2,14.3,6.8,65.2,3.7,,,,,3.7,5.1,0.4,275,9,,,,,,3.7,5.1,0.4,275,9,3,29.43,,0,0,,35.2,39.5,,0.43,0.17,
COPE,2016-04-05 06:40:00 EDT,43.92056,-75.60786,817,13.1,14.1,6.5,65.5,3.7,,,,,3.8,5.3,0.5,273,9,,,,,,3.8,5.3,0.5,273,9,6,29.43,,0,0,,35.2,39.4,,0.43,0.17,
COPE,2016-04-05 06:45:00 EDT,43.92056,-75.60786,817,13.1,14.0,6.7,65.5,3.7,,,,,3.7,4.6,0.5,279,11,,,,,,3.7,4.6,0.5,279,11,8,29.43,,0,0,,35.1,39.4,,0.43,0.17,
COPE,2016-04-05 06:50:00 EDT,43.92056,-75.60786,817,13.0,14.1,5.9,66.0,3.7,,,,,4.1,5.6,0.5,273,9,,,,,,4.1,5.6,0.5,273,9,13,29.44,,0,0,,35.1,39.4,,0.43,0.17,
COPE,2016-04-05 06:55:00 EDT,43.92056,-75.60786,817,13.0,14.1,5.7,65.8,3.7,,,,,4.4,6.0,0.7,272,8,,,,,,4.4,6.0,0.7,272,8,20,29.44,,0,0,,35.2,39.4,,0.43,0.17,
COPE,2016-04-05 07:00:00 EDT,43.92056,-75.60786,817,13.4,14.3,5.6,64.6,3.7,,,,,4.7,6.1,0.6,268,7,,,,,,4.7,6.1,0.6,268,7,29,29.44,,0,0,,35.1,39.4,,0.43,0.17,
COPE,2016-04-05 07:05:00 EDT,43.92056,-75.60786,817,13.3,14.2,5.6,64.4,3.5,,,,,4.6,5.8,0.5,268,7,,,,,,4.6,5.8,0.5,268,7,41,29.44,,0,0,,35.1,39.4,,0.43,0.17,
COPE,2016-04-05 07:10:00 EDT,43.92056,-75.60786,817,13.5,14.2,5.8,63.9,3.5,,,,,4.6,5.7,0.5,267,8,,,,,,4.6,5.7,0.5,267,8,55,29.44,,0,0,,35.1,39.4,,0.43,0.17,
COPE,2016-04-05 07:15:00 EDT,43.92056,-75.60786,817,13.7,14.1,6.8,63.4,3.6,,,,,4.1,5.5,0.6,277,9,,,,,,4.1,5.5,0.6,277,9,71,29.44,,0,0,,35.1,39.4,,0.43,0.17,
COPE,2016-04-05 07:20:00 EDT,43.92056,-75.60786,817,13.9,14.2,7.2,62.0,3.3,,,,,4.0,5.6,0.6,292,11,,,,,,4.0,5.6,0.6,292,11,87,29.45,,0,0,,35.1,39.4,,0.43,0.17,
COPE,2016-04-05 07:25:00 EDT,43.92056,-75.60786,817,14.2,14.4,8.5,61.3,3.3,,,,,3.4,5.0,0.6,297,11,,,,,,3.4,5.0,0.6,297,11,105,29.45,,0,0,,35.1,39.4,,0.43,0.17,
COPE,2016-04-05 07:30:00 EDT,43.92056,-75.60786,817,14.4,14.7,7.9,60.1,3.1,,,,,3.9,5.3,0.6,304,11,,,,,,3.9,5.3,0.6,304,11,124,29.45,,0,0,,35.1,39.4,,0.43,0.17,
COPE,2016-04-05 07:35:00 EDT,43.92056,-75.60786,817,14.8,15.0,14.8,59.8,3.3,,,,,2.7,4.5,0.9,329,17,,,,,,2.7,4.5,0.9,329,17,141,29.45,,0,0,,35.1,39.4,,0.43,0.17,
COPE,2016-04-05 07:40:00 EDT,43.92056,-75.60786,817,15.3,15.5,8.9,57.5,2.9,,,,,3.9,7.4,1.4,342,15,,,,,,3.9,7.4,1.4,342,15,157,29.45,,0,0,,35.0,39.4,,0.43,0.17,
COPE,2016-04-05 07:45:00 EDT,43.92056,-75.60786,817,15.5,15.6,9.9,57.1,3.0,,,,,3.4,5.1,0.8,332,19,,,,,,3.4,5.1,0.8,332,19,173,29.45,,0,0,,35.1,39.4,,0.43,0.17,
COPE,2016-04-05 07:50:00 EDT,43.92056,-75.60786,817,15.8,15.9,8.6,56.2,3.0,,,,,4.5,6.8,0.8,345,17,,,,,,4.5,6.8,0.8,345,17,189,29.46,,0,0,,35.1,39.4,,0.43,0.17,
COPE,2016-04-05 07:55:00 EDT,43.92056,-75.60786,817,16.0,16.0,6.5,54.7,2.5,,,,,6.6,9.3,1.5,336,14,,,,,,6.6,9.3,1.5,336,14,204,29.46,,0,0,,35.0,39.4,,0.43,0.17,
COPE,2016-04-05 08:00:00 EDT,43.92056,-75.60786,817,16.2,16.2,8.5,54.6,2.7,,,,,5.0,7.7,1.0,343,14,,,,,,5.0,7.7,1.0,343,14,223,29.46,,0,0,,35.1,39.4,,0.43,0.17,
COPE,2016-04-05 08:05:00 EDT,43.92056,-75.60786,817,16.6,16.5,9.6,54.6,3.1,,,,,4.5,7.4,1.2,7,23,,,,,,4.5,7.4,1.2,7,23,238,29.46,,0,0,,35.0,39.4,,0.43,0.17,
COPE,2016-04-05 08:10:00 EDT,43.92056,-75.60786,817,16.6,16.7,7.0,52.7,2.4,,,,,7.0,11.2,2.3,346,17,,,,,,7.0,11.2,2.3,346,17,253,29.47,,0,0,,35.0,39.4,,0.43,0.17,
COPE,2016-04-05 08:15:00 EDT,43.92056,-75.60786,817,16.6,16.6,6.1,52.3,2.2,,,,,7.9,12.0,1.4,352,20,,,,,,7.9,12.0,1.4,352,20,270,29.47,,0,0,,35.1,39.4,,0.43,0.17,
COPE,2016-04-05 08:20:00 EDT,43.92056,-75.60786,817,16.9,16.9,7.1,53.5,2.9,,,,,7.2,10.8,1.8,355,17,,,,,,7.2,10.8,1.8,355,17,286,29.47,,0,0,,35.0,39.4,,0.43,0.17,
COPE,2016-04-05 08:25:00 EDT,43.92056,-75.60786,817,17.0,16.9,7.0,51.9,2.4,,,,,7.6,11.1,1.7,14,23,,,,,,7.6,11.1,1.7,14,23,303,29.47,,0,0,,35.0,39.4,,0.43,0.17,
COPE,2016-04-05 08:30:00 EDT,43.92056,-75.60786,817,17.2,17.1,7.7,49.7,1.6,,,,,6.9,11.1,1.9,7,22,,,,,,6.9,11.1,1.9,7,22,322,29.47,,0,0,,35.0,39.4,,0.43,0.17,
COPE,2016-04-05 08:35:00 EDT,43.92056,-75.60786,817,17.4,17.2,9.5,49.8,1.9,,,,,5.5,9.1,1.7,11,18,,,,,,5.5,9.1,1.7,11,18,340,29.47,,0,0,,35.0,39.3,,0.42,0.17,
COPE,2016-04-05 08:40:00 EDT,43.92056,-75.60786,817,17.8,17.5,9.5,49.3,1.9,,,,,5.8,10.0,1.6,16,19,,,,,,5.8,10.0,1.6,16,19,357,29.47,,0,0,,35.0,39.3,,0.42,0.17,
COPE,2016-04-05 08:45:00 EDT,43.92056,-75.60786,817,17.9,17.6,8.5,49.1,2.0,,,,,6.9,12.6,2.8,5,16,,,,,,6.9,12.6,2.8,5,16,374,29.47,,0,0,,35.0,39.4,,0.42,0.17,
COPE,2016-04-05 08:50:00 EDT,43.92056,-75.60786,817,18.0,17.8,9.6,48.8,1.9,,,,,5.9,10.7,1.8,5,16,,,,,,5.9,10.7,1.8,5,16,390,29.47,,0,0,,35.0,39.3,,0.42,0.17,
COPE,2016-04-05 08:55:00 EDT,43.92056,-75.60786,817,18.3,17.9,8.8,46.3,1.1,,,,,7.2,11.5,1.9,26,13,,,,,,7.2,11.5,1.9,26,13,408,29.48,,0,0,,35.0,39.3,,0.42,0.17,
COPE,2016-04-05 09:00:00 EDT,43.92056,-75.60786,817,18.7,18.3,8.9,45.7,1.2,,,,,7.7,14.1,2.3,22,19,,,,,,7.7,14.1,2.3,22,19,425,29.48,,0,0,,35.0,39.3,,0.42,0.17,
COPE,2016-04-05 09:05:00 EDT,43.92056,-75.60786,817,18.3,18.0,7.3,44.8,0.4,,,,,9.1,14.3,2.1,352,17,,,,,,9.1,14.3,2.1,352,17,442,29.48,,0,0,,35.0,39.3,,0.43,0.17,
COPE,2016-04-05 09:10:00 EDT,43.92056,-75.60786,817,18.5,18.3,8.3,44.8,0.6,,,,,8.2,12.6,2.1,3,12,,,,,,8.2,12.6,2.1,3,12,457,29.48,,0,0,,35.0,39.3,,0.43,0.17,
COPE,2016-04-05 09:15:00 EDT,43.92056,-75.60786,817,18.9,18.5,9.4,43.9,0.5,,,,,7.4,12.3,2.0,16,21,,,,,,7.4,12.3,2.0,16,21,474,29.48,,0,0,,35.0,39.3,,0.43,0.17,
COPE,2016-04-05 09:20:00 EDT,43.92056,-75.60786,817,19.3,18.7,11.2,42.9,0.4,,,,,5.8,11.0,1.8,27,14,,,,,,5.8,11.0,1.8,27,14,491,29.49,,0,0,,35.0,39.3,,0.43,0.17,
COPE,2016-04-05 09:25:00 EDT,43.92056,-75.60786,817,19.5,19.0,11.0,43.5,0.9,,,,,6.4,11.9,2.3,15,25,,,,,,6.4,11.9,2.3,15,25,507,29.49,,0,0,,35.0,39.3,,0.42,0.17,
COPE,2016-04-05 09:30:00 EDT,43.92056,-75.60786,817,19.4,18.9,10.3,41.0,-0.4,,,,,7.1,12.3,1.5,33,13,,,,,,7.1,12.3,1.5,33,13,523,29.49,,0,0,,35.0,39.3,,0.42,0.17,
COPE,2016-04-05 09:35:00 EDT,43.92056,-75.60786,817,19.5,19.1,10.7,41.1,-0.3,,,,,6.7,11.4,2.6,19,21,,,,,,6.7,11.4,2.6,19,21,539,29.49,,0,0,,35.0,39.3,,0.42,0.17,
COPE,2016-04-05 09:40:00 EDT,43.92056,-75.60786,817,19.7,19.3,11.3,41.5,0.0,,,,,6.3,9.8,1.7,356,22,,,,,,6.3,9.8,1.7,356,22,555,29.49,,0,0,,35.0,39.3,,0.43,0.17,
COPE,2016-04-05 09:45:00 EDT,43.92056,-75.60786,817,20.0,19.5,10.1,41.0,0.0,,,,,8.2,12.8,2.4,350,21,,,,,,8.2,12.8,2.4,350,21,571,29.50,,0,0,,35.0,39.3,,0.43,0.17,
COPE,2016-04-05 09:50:00 EDT,43.92056,-75.60786,817,20.2,19.8,12.3,40.1,-0.2,,,,,5.9,9.9,2.1,25,21,,,,,,5.9,9.9,2.1,25,21,585,29.50,,0,0,,35.0,39.3,,0.43,0.17,
COPE,2016-04-05 09:55:00 EDT,43.92056,-75.60786,817,20.8,20.1,11.6,39.0,-0.3,,,,,7.4,13.4,2.1,30,15,,,,,,7.4,13.4,2.1,30,15,600,29.50,,0,0,,34.9,39.2,,0.43,0.17,
COPE,2016-04-05 10:00:00 EDT,43.92056,-75.60786,817,20.4,19.9,11.1,38.3,-1.0,,,,,7.6,12.1,1.8,355,16,,,,,,7.6,12.1,1.8,355,16,614,29.50,,0,0,,34.9,39.3,,0.43,0.17,
COPE,2016-04-05 10:05:00 EDT,43.92056,-75.60786,817,20.4,20.0,11.6,37.2,-1.7,,,,,6.9,12.2,1.8,5,22,,,,,,6.9,12.2,1.8,5,22,628,29.50,,0,0,,34.9,39.3,,0.43,0.17,
COPE,2016-04-05 10:10:00 EDT,43.92056,-75.60786,817,21.2,20.6,13.4,38.8,0.0,,,,,6.0,11.9,2.7,16,24,,,,,,6.0,11.9,2.7,16,24,643,29.50,,0,0,,34.9,39.3,,0.43,0.17,
COPE,2016-04-05 10:15:00 EDT,43.92056,-75.60786,817,21.2,20.4,11.2,37.2,-1.0,,,,,8.7,14.2,2.6,37,16,,,,,,8.7,14.2,2.6,37,16,655,29.51,,0,0,,34.9,39.2,,0.43,0.17,
COPE,2016-04-05 10:20:00 EDT,43.92056,-75.60786,817,21.3,20.7,12.3,36.7,-1.1,,,,,7.4,14.5,2.7,33,18,,,,,,7.4,14.5,2.7,33,18,668,29.51,,0,0,,34.9,39.2,,0.43,0.17,
COPE,2016-04-05 10:25:00 EDT,43.92056,-75.60786,817,21.6,20.7,12.3,37.7,-0.3,,,,,7.8,13.2,2.9,13,19,,,,,,7.8,13.2,2.9,13,19,681,29.51,,0,0,,34.9,39.2,,0.43,0.17,
COPE,2016-04-05 10:30:00 EDT,43.92056,-75.60786,817,21.6,20.9,12.3,37.5,-0.4,,,,,7.9,13.2,2.3,29,24,,,,,,7.9,13.2,2.3,29,24,692,29.51,,0,0,,34.9,39.2,,0.43,0.17,
COPE,2016-04-05 10:35:00 EDT,43.92056,-75.60786,817,21.6,20.9,10.6,36.0,-1.3,,,,,10.4,15.5,2.6,39,12,,,,,,10.4,15.5,2.6,39,12,704,29.51,,0,0,,34.9,39.2,,0.43,0.17,
COPE,2016-04-05 10:40:00 EDT,43.92056,-75.60786,817,21.7,20.8,11.5,37.2,-0.6,,,,,9.1,15.5,2.5,46,14,,,,,,9.1,15.5,2.5,46,14,715,29.51,,0,0,,34.9,39.2,,0.43,0.17,
COPE,2016-04-05 10:45:00 EDT,43.92056,-75.60786,817,21.7,21.0,13.3,36.6,-0.8,,,,,6.8,13.5,2.8,32,15,,,,,,6.8,13.5,2.8,32,15,728,29.51,,0,0,,34.9,39.2,,0.43,0.17,
COPE,2016-04-05 10:50:00 EDT,43.92056,-75.60786,817,22.2,21.6,13.6,36.6,-0.4,,,,,7.2,10.7,1.6,33,21,,,,,,7.2,10.7,1.6,33,21,739,29.51,,0,0,,34.9,39.2,,0.43,0.17,
COPE,2016-04-05 10:55:00 EDT,43.92056,-75.60786,817,22.5,21.9,13.4,37.6,0.5,,,,,7.8,13.3,1.8,355,30,,,,,,7.8,13.3,1.8,355,30,749,29.51,,0,0,,34.9,39.2,,0.43,0.17,
COPE,2016-04-05 11:00:00 EDT,43.92056,-75.60786,817,21.9,21.4,14.5,36.9,-0.5,,,,,5.7,10.5,1.9,354,23,,,,,,5.7,10.5,1.9,354,23,761,29.51,,0,0,,34.9,39.2,,0.43,0.17,
COPE,2016-04-05 11:05:00 EDT,43.92056,-75.60786,817,22.6,22.0,14.9,38.6,1.1,,,,,6.1,10.5,2.0,359,19,,,,,,6.1,10.5,2.0,359,19,771,29.51,,0,0,,34.9,39.2,,0.43,0.17,
COPE,2016-04-05 11:10:00 EDT,43.92056,-75.60786,817,22.5,21.7,15.4,36.9,0.0,,,,,5.4,11.3,2.2,11,18,,,,,,5.4,11.3,2.2,11,18,782,29.51,,0,0,,34.9,39.2,,0.43,0.17,
COPE,2016-04-05 11:15:00 EDT,43.92056,-75.60786,817,22.3,21.7,12.4,34.7,-1.4,,,,,9.0,14.1,2.7,338,21,,,,,,9.0,14.1,2.7,338,21,791,29.51,,0,0,,34.9,39.2,,0.43,0.17,
COPE,2016-04-05 11:20:00 EDT,43.92056,-75.60786,817,22.4,21.9,13.3,35.3,-1.0,,,,,7.8,12.0,2.1,340,23,,,,,,7.8,12.0,2.1,340,23,797,29.51,,0,0,,34.9,39.2,,0.43,0.17,
COPE,2016-04-05 11:25:00 EDT,43.92056,-75.60786,817,22.5,22.1,14.4,33.8,-1.8,,,,,6.5,11.0,1.8,326,12,,,,,,6.5,11.0,1.8,326,12,806,29.51,,0,0,,34.9,39.2,,0.43,0.17,
COPE,2016-04-05 11:30:00 EDT,43.92056,-75.60786,817,23.0,22.3,13.3,35.5,-0.3,,,,,8.9,12.5,1.7,351,17,,,,,,8.9,12.5,1.7,351,17,815,29.51,,0,0,,34.9,39.2,,0.43,0.17,
COPE,2016-04-05 11:35:00 EDT,43.92056,-75.60786,817,23.2,22.6,14.4,36.7,0.6,,,,,7.7,11.8,1.9,335,19,,,,,,7.7,11.8,1.9,335,19,823,29.51,,0,0,,34.9,39.2,,0.43,0.17,
COPE,2016-04-05 11:40:00 EDT,43.92056,-75.60786,817,22.4,21.9,12.8,34.5,-1.5,,,,,8.5,14.5,2.0,309,23,,,,,,8.5,14.5,2.0,309,23,830,29.51,,0,0,,34.9,39.2,,0.43,0.17,
COPE,2016-04-05 11:45:00 EDT,43.92056,-75.60786,817,22.7,22.1,15.1,34.4,-1.3,,,,,6.1,10.5,1.6,332,22,,,,,,6.1,10.5,1.6,332,22,836,29.51,,0,0,,34.9,39.2,,0.43,0.17,
COPE,2016-04-05 11:50:00 EDT,43.92056,-75.60786,817,23.5,22.7,15.4,36.9,1.0,,,,,6.8,10.2,2.1,321,21,,,,,,6.8,10.2,2.1,321,21,842,29.50,,0,0,,34.9,39.2,,0.43,0.18,
COPE,2016-04-05 11:55:00 EDT,43.92056,-75.60786,817,23.9,23.0,14.1,36.7,1.2,,,,,9.4,12.9,2.3,341,25,,,,,,9.4,12.9,2.3,341,25,848,29.51,,0,0,,34.9,39.2,,0.43,0.17,
COPE,2016-04-05 12:00:00 EDT,43.92056,-75.60786,817,23.4,22.7,14.7,34.2,-0.8,,,,,7.5,12.6,2.1,338,17,,,,,,7.5,12.6,2.1,338,17,855,29.51,,0,0,,34.9,39.2,,0.43,0.18,
COPE,2016-04-05 12:05:00 EDT,43.92056,-75.60786,817,23.4,22.8,15.5,34.0,-0.9,,,,,6.6,10.5,1.4,295,19,,,,,,6.6,10.5,1.4,295,19,862,29.51,,0,0,,34.9,39.2,,0.43,0.18,
COPE,2016-04-05 12:10:00 EDT,43.92056,-75.60786,817,24.0,23.1,14.3,35.9,0.8,,,,,9.2,14.0,2.7,324,15,,,,,,9.2,14.0,2.7,324,15,866,29.50,,0,0,,34.9,39.2,,0.43,0.18,
COPE,2016-04-05 12:15:00 EDT,43.92056,-75.60786,817,23.6,23.0,18.3,34.6,-0.3,,,,,4.1,6.9,1.2,320,31,,,,,,4.1,6.9,1.2,320,31,869,29.50,,0,0,,34.9,39.2,,0.43,0.19,
COPE,2016-04-05 12:20:00 EDT,43.92056,-75.60786,817,24.8,23.7,17.2,35.7,1.4,,,,,6.4,9.4,1.3,15,14,,,,,,6.4,9.4,1.3,15,14,877,29.50,,0,0,,34.9,39.2,,0.43,0.19,
COPE,2016-04-05 12:25:00 EDT,43.92056,-75.60786,817,24.2,23.5,15.6,33.9,-0.2,,,,,7.5,13.3,2.5,348,18,,,,,,7.5,13.3,2.5,348,18,880,29.50,,0,0,,34.9,39.2,,0.43,0.24,
COPE,2016-04-05 12:30:00 EDT,43.92056,-75.60786,817,24.3,23.7,16.9,34.6,0.3,,,,,6.2,16.1,3.1,325,21,,,,,,6.2,16.1,3.1,325,21,883,29.50,,0,0,,34.9,39.2,,0.43,0.48,
COPE,2016-04-05 12:35:00 EDT,43.92056,-75.60786,817,24.2,23.5,15.0,34.6,0.2,,,,,8.5,13.8,2.6,300,11,,,,,,8.5,13.8,2.6,300,11,885,29.50,,0,0,,34.9,39.2,,0.43,0.57,
COPE,2016-04-05 12:40:00 EDT,43.92056,-75.60786,817,24.5,23.7,16.3,35.0,0.7,,,,,7.2,15.6,3.1,339,25,,,,,,7.2,15.6,3.1,339,25,886,29.50,,0,0,,34.9,39.2,,0.43,0.65,
COPE,2016-04-05 12:45:00 EDT,43.92056,-75.60786,817,25.0,24.1,15.3,36.7,2.2,,,,,9.6,15.8,2.7,325,12,,,,,,9.6,15.8,2.7,325,12,888,29.50,,0,0,,34.9,39.2,,0.43,0.72,
COPE,2016-04-05 12:50:00 EDT,43.92056,-75.60786,817,25.0,24.0,15.3,36.0,1.7,,,,,9.5,15.6,1.9,321,14,,,,,,9.5,15.6,1.9,321,14,891,29.50,,0,0,,34.9,39.2,,0.43,0.73,
COPE,2016-04-05 12:55:00 EDT,43.92056,-75.60786,817,24.8,24.1,16.8,36.7,2.0,,,,,7.1,11.8,2.1,306,14,,,,,,7.1,11.8,2.1,306,14,891,29.49,,0,0,,34.9,39.2,,0.43,0.73,
COPE,2016-04-05 13:00:00 EDT,43.92056,-75.60786,817,24.3,23.6,18.8,34.2,0.0,,,,,4.3,7.5,1.4,344,30,,,,,,4.3,7.5,1.4,344,30,893,29.49,,0,0,,35.0,39.2,,0.43,0.73,
COPE,2016-04-05 13:05:00 EDT,43.92056,-75.60786,817,25.4,24.4,17.3,37.0,2.7,,,,,7.3,13.4,3.7,313,25,,,,,,7.3,13.4,3.7,313,25,894,29.49,,0,0,,35.0,39.1,,0.43,0.73,
COPE,2016-04-05 13:10:00 EDT,43.92056,-75.60786,817,25.7,24.8,16.3,38.7,4.0,,,,,9.4,12.6,1.4,302,26,,,,,,9.4,12.6,1.4,302,26,892,29.49,,0,0,,35.0,39.1,,0.43,0.73,
COPE,2016-04-05 13:15:00 EDT,43.92056,-75.60786,817,25.3,24.5,16.7,35.7,1.9,,,,,8.0,13.4,2.3,340,16,,,,,,8.0,13.4,2.3,340,16,891,29.49,,0,0,,35.0,39.1,,0.44,0.73,
COPE,2016-04-05 13:20:00 EDT,43.92056,-75.60786,817,25.4,24.5,15.5,36.6,2.5,,,,,10.1,17.9,2.8,290,17,,,,,,10.1,17.9,2.8,290,17,891,29.49,,0,0,,35.1,39.0,,0.44,0.73,
COPE,2016-04-05 13:25:00 EDT,43.92056,-75.60786,817,25.9,24.8,17.1,37.7,3.6,,,,,8.4,11.9,1.7,317,25,,,,,,8.4,11.9,1.7,317,25,890,29.49,,0,0,,35.2,39.0,,0.44,0.73,
COPE,2016-04-05 13:30:00 EDT,43.92056,-75.60786,817,25.9,25.0,17.2,37.0,3.2,,,,,8.4,16.7,3.3,330,16,,,,,,8.4,16.7,3.3,330,16,889,29.48,,0,0,,35.3,39.0,,0.44,0.73,
COPE,2016-04-05 13:35:00 EDT,43.92056,-75.60786,817,26.0,24.9,15.4,36.2,2.8,,,,,11.6,16.2,2.1,314,9,,,,,,11.6,16.2,2.1,314,9,885,29.48,,0,0,,35.4,39.0,,0.44,0.73,
COPE,2016-04-05 13:40:00 EDT,43.92056,-75.60786,817,25.9,25.2,17.0,35.0,2.0,,,,,8.7,14.8,2.7,319,17,,,,,,8.7,14.8,2.7,319,17,883,29.48,,0,0,,35.6,39.0,,0.44,0.73,
COPE,2016-04-05 13:45:00 EDT,43.92056,-75.60786,817,25.6,24.8,16.6,34.5,1.4,,,,,8.7,13.1,1.8,307,9,,,,,,8.7,13.1,1.8,307,9,883,29.48,,0,0,,35.7,39.0,,0.44,0.73,
COPE,2016-04-05 13:50:00 EDT,43.92056,-75.60786,817,26.0,25.1,16.6,35.7,2.5,,,,,9.5,14.1,1.8,314,15,,,,,,9.5,14.1,1.8,314,15,878,29.48,,0,0,,35.8,39.0,,0.44,0.73,
COPE,2016-04-05 13:55:00 EDT,43.92056,-75.60786,817,26.5,25.5,17.8,37.8,4.2,,,,,8.6,12.5,1.7,302,30,,,,,,8.6,12.5,1.7,302,30,873,29.48,,0,0,,36.0,39.0,,0.44,0.73,
COPE,2016-04-05 14:00:00 EDT,43.92056,-75.60786,817,26.6,25.8,19.8,38.5,4.7,,,,,6.0,18.1,4.0,310,37,,,,,,6.0,18.1,4.0,310,37,868,29.48,,0,0,,36.1,39.0,,0.44,0.73,
COPE,2016-04-05 14:05:00 EDT,43.92056,-75.60786,817,27.0,26.1,19.0,39.7,5.7,,,,,7.6,10.5,1.7,285,16,,,,,,7.6,10.5,1.7,285,16,863,29.48,,0,0,,36.3,39.0,,0.44,0.73,
COPE,2016-04-05 14:10:00 EDT,43.92056,-75.60786,817,27.5,26.5,18.6,40.3,6.4,,,,,9.2,16.3,2.5,313,34,,,,,,9.2,16.3,2.5,313,34,861,29.48,,0,0,,36.5,39.0,,0.44,0.73,
COPE,2016-04-05 14:15:00 EDT,43.92056,-75.60786,817,26.6,25.9,18.1,36.2,3.4,,,,,8.3,16.1,3.1,306,14,,,,,,8.3,16.1,3.1,306,14,856,29.48,,0,0,,36.7,39.0,,0.44,0.73,
COPE,2016-04-05 14:20:00 EDT,43.92056,-75.60786,817,26.9,26.2,18.4,37.3,4.3,,,,,8.3,15.0,3.0,310,12,,,,,,8.3,15.0,3.0,310,12,849,29.47,,0,0,,36.9,39.0,,0.44,0.73,
COPE,2016-04-05 14:25:00 EDT,43.92056,-75.60786,817,27.0,26.1,19.2,39.4,5.5,,,,,7.4,12.6,3.3,334,23,,,,,,7.4,12.6,3.3,334,23,843,29.47,,0,0,,37.1,39.0,,0.44,0.73,
COPE,2016-04-05 14:30:00 EDT,43.92056,-75.60786,817,27.0,26.4,19.2,39.1,5.3,,,,,7.3,14.2,3.6,277,21,,,,,,7.3,14.2,3.6,277,21,837,29.47,,0,0,,37.2,39.0,,0.44,0.73,
COPE,2016-04-05 14:35:00 EDT,43.92056,-75.60786,817,26.8,26.0,19.0,38.5,4.9,,,,,7.4,11.2,1.9,267,18,,,,,,7.4,11.2,1.9,267,18,830,29.47,,0,0,,37.4,39.0,,0.44,0.73,
COPE,2016-04-05 14:40:00 EDT,43.92056,-75.60786,817,27.2,26.3,17.2,37.9,4.9,,,,,11.1,16.1,2.1,307,16,,,,,,11.1,16.1,2.1,307,16,823,29.47,,0,0,,37.6,39.0,,0.44,0.73,
COPE,2016-04-05 14:45:00 EDT,43.92056,-75.60786,817,27.4,26.1,16.5,38.8,5.5,,,,,13.0,18.5,3.0,288,12,,,,,,13.0,18.5,3.0,288,12,817,29.47,,0,0,,37.8,39.0,,0.45,0.73,
COPE,2016-04-05 14:50:00 EDT,43.92056,-75.60786,817,27.0,26.2,18.8,36.4,3.8,,,,,8.0,12.1,1.8,295,15,,,,,,8.0,12.1,1.8,295,15,808,29.46,,0,0,,38.0,39.0,,0.45,0.73,
COPE,2016-04-05 14:55:00 EDT,43.92056,-75.60786,817,27.6,26.9,19.0,37.8,5.2,,,,,8.9,15.6,2.6,292,13,,,,,,8.9,15.6,2.6,292,13,801,29.46,,0,0,,38.2,38.9,,0.45,0.73,
COPE,2016-04-05 15:00:00 EDT,43.92056,-75.60786,817,27.9,26.8,18.2,37.9,5.5,,,,,10.9,16.7,2.8,307,17,,,,,,10.9,16.7,2.8,307,17,792,29.46,,0,0,,38.4,38.9,,0.45,0.73,
COPE,2016-04-05 15:05:00 EDT,43.92056,-75.60786,817,27.9,26.9,19.7,37.3,5.1,,,,,8.2,13.8,2.4,313,14,,,,,,8.2,13.8,2.4,313,14,781,29.46,,0,0,,38.6,38.8,,0.46,0.73,
COPE,2016-04-05 15:10:00 EDT,43.92056,-75.60786,817,27.9,27.1,18.4,36.3,4.6,,,,,10.4,14.3,2.0,291,22,,,,,,10.4,14.3,2.0,291,22,774,29.46,,0,0,,38.7,38.8,,0.46,0.73,
COPE,2016-04-05 15:15:00 EDT,43.92056,-75.60786,817,27.7,26.9,18.6,36.6,4.6,,,,,9.7,16.7,2.9,285,13,,,,,,9.7,16.7,2.9,285,13,763,29.46,,0,0,,38.9,38.8,,0.47,0.73,
COPE,2016-04-05 15:20:00 EDT,43.92056,-75.60786,817,27.9,27.1,20.1,37.1,5.1,,,,,7.7,16.1,3.0,305,15,,,,,,7.7,16.1,3.0,305,15,753,29.46,,0,0,,39.0,38.8,,0.47,0.73,
COPE,2016-04-05 15:25:00 EDT,43.92056,-75.60786,817,27.9,27.3,19.1,36.0,4.4,,,,,9.2,17.8,2.7,289,15,,,,,,9.2,17.8,2.7,289,15,742,29.47,,0,0,,39.1,38.8,,0.48,0.73,
COPE,2016-04-05 15:30:00 EDT,43.92056,-75.60786,817,28.1,27.3,19.5,35.7,4.4,,,,,9.0,12.3,1.8,324,26,,,,,,9.0,12.3,1.8,324,26,731,29.46,,0,0,,39.2,38.7,,0.49,0.73,
COPE,2016-04-05 15:35:00 EDT,43.92056,-75.60786,817,28.0,27.3,19.1,34.6,3.6,,,,,9.5,18.4,4.2,304,15,,,,,,9.5,18.4,4.2,304,15,722,29.46,,0,0,,39.2,38.7,,0.50,0.73,
COPE,2016-04-05 15:40:00 EDT,43.92056,-75.60786,817,,,,,,,,,,,,,,,,,,,,,,,,,,,,,,,,,,,,
COPE,2016-04-05 15:45:00 EDT,43.92056,-75.60786,817,,,,,,,,,,,,,,,,,,,,,,,,,,,,,,,,,,,,
COPE,2016-04-05 15:50:00 EDT,43.92056,-75.60786,817,,,,,,,,,,,,,,,,,,,,,,,,,,,,,,,,,,,,
COPE,2016-04-05 15:55:00 EDT,43.92056,-75.60786,817,,,,,,,,,,,,,,,,,,,,,,,,,,,,,,,,,,,,
COPE,2016-04-05 16:00:00 EDT,43.92056,-75.60786,817,,,,,,,,,,,,,,,,,,,,,,,,,,,,,,,,,,,,
COPE,2016-04-05 16:05:00 EDT,43.92056,-75.60786,817,28.4,27.7,19.4,41.5,8.0,,,,,9.9,18.9,2.8,293,18,10.8,19.2,3.0,291,14,9.9,18.9,2.8,293,18,658,29.46,,0,0,,39.8,38.6,,0.53,0.73,
COPE,2016-04-05 16:10:00 EDT,43.92056,-75.60786,817,28.1,27.4,19.5,41.5,7.6,,,,,8.9,14.3,2.2,268,12,9.2,13.9,2.1,267,10,8.9,14.3,2.2,268,12,634,29.46,,0,0,,39.9,38.6,,0.53,0.73,
COPE,2016-04-05 16:15:00 EDT,43.92056,-75.60786,817,,,,,,,,,,,,,,,,,,,,,,,,,,,,,,,,,,,,
COPE,2016-04-05 16:20:00 EDT,43.92056,-75.60786,817,28.1,27.3,18.6,41.3,7.5,,,,,10.5,16.1,2.8,274,13,11.5,16.8,3.2,272,13,10.5,16.1,2.8,274,13,609,29.46,,0,0,,40.0,38.7,,0.54,0.73,
COPE,2016-04-05 16:25:00 EDT,43.92056,-75.60786,817,28.3,27.3,18.1,43.5,8.9,,,,,12.0,18.4,2.9,268,15,17.3,19.2,1.7,274,10,12.0,18.4,2.9,268,15,592,29.46,,0,0,,40.1,38.7,,0.54,0.73,
COPE,2016-04-05 16:30:00 EDT,43.92056,-75.60786,817,27.7,27.0,17.4,42.9,8.0,,,,,11.9,16.9,2.2,257,14,,,,,,11.9,16.9,2.2,257,14,578,29.46,,0,0,,40.1,38.6,,0.54,0.73,
COPE,2016-04-05 16:35:00 EDT,43.92056,-75.60786,817,28.3,27.5,18.6,44.4,9.3,,,,,11.0,17.3,2.0,263,14,,,,,,11.0,17.3,2.0,263,14,563,29.46,,0,0,,40.1,38.7,,0.54,0.73,
COPE,2016-04-05 16:40:00 EDT,43.92056,-75.60786,817,27.8,27.1,17.7,40.7,7.0,,,,,11.6,16.4,2.3,277,15,,,,,,11.6,16.4,2.3,277,15,548,29.46,,0,0,,40.2,38.7,,0.54,0.73,
COPE,2016-04-05 16:45:00 EDT,43.92056,-75.60786,817,27.8,27.0,17.5,40.2,6.6,,,,,12.0,15.4,1.7,291,17,13.9,16.8,1.7,270,7,12.0,15.4,1.7,291,17,533,29.46,,0,0,,40.2,38.7,,0.54,0.73,
COPE,2016-04-05 16:50:00 EDT,43.92056,-75.60786,817,27.6,27.0,18.0,40.8,6.8,,,,,10.5,16.4,2.7,262,12,10.0,11.9,1.0,259,6,10.5,16.4,2.7,262,12,517,29.46,,0,0,,40.2,38.7,,0.54,0.73,
COPE,2016-04-05 16:55:00 EDT,43.92056,-75.60786,817,27.8,27.1,17.6,40.9,7.1,,,,,11.9,19.9,3.1,276,21,,,,,,11.9,19.9,3.1,276,21,502,29.46,,0,0,,40.2,38.7,,0.54,0.73,
COPE,2016-04-05 17:00:00 EDT,43.92056,-75.60786,817,28.0,27.4,19.7,41.1,7.4,,,,,8.4,14.8,2.1,264,14,,,,,,8.4,14.8,2.1,264,14,486,29.46,,0,0,,40.3,38.7,,0.54,0.73,
COPE,2016-04-05 17:05:00 EDT,43.92056,-75.60786,817,28.1,27.5,17.8,39.7,6.7,,,,,12.3,16.1,2.2,289,16,,,,,,12.3,16.1,2.2,289,16,470,29.46,,0,0,,40.3,38.7,,0.54,0.73,
COPE,2016-04-05 17:10:00 EDT,43.92056,-75.60786,817,28.0,27.4,19.1,38.5,5.9,,,,,9.5,13.8,2.1,296,13,,,,,,9.5,13.8,2.1,296,13,455,29.46,,0,0,,40.3,38.7,,0.53,0.73,
COPE,2016-04-05 17:15:00 EDT,43.92056,-75.60786,817,27.9,27.4,18.4,38.1,5.6,,,,,10.4,14.5,2.6,295,13,,,,,,10.4,14.5,2.6,295,13,439,29.46,,0,0,,40.2,38.7,,0.53,0.73,
COPE,2016-04-05 17:20:00 EDT,43.92056,-75.60786,817,28.2,27.6,19.0,38.9,6.3,,,,,10.1,13.9,2.3,279,12,,,,,,10.1,13.9,2.3,279,12,423,29.46,,0,0,,40.3,38.7,,0.53,0.73,
COPE,2016-04-05 17:25:00 EDT,43.92056,-75.60786,817,28.0,27.5,18.9,38.8,6.1,,,,,9.7,15.8,2.1,271,16,,,,,,9.7,15.8,2.1,271,16,406,29.46,,0,0,,40.3,38.7,,0.53,0.73,
COPE,2016-04-05 17:30:00 EDT,43.92056,-75.60786,817,27.8,27.3,18.0,39.0,6.0,,,,,10.8,18.0,3.0,265,9,18.3,18.8,0.4,264,0,10.8,18.0,3.0,265,9,390,29.46,,0,0,,40.2,38.7,,0.53,0.73,
COPE,2016-04-05 17:35:00 EDT,43.92056,-75.60786,817,28.0,27.5,18.1,39.2,6.3,,,,,11.3,17.6,2.1,289,22,,,,,,11.3,17.6,2.1,289,22,371,29.46,,0,0,,40.2,38.7,,0.52,0.73,
COPE,2016-04-05 17:40:00 EDT,43.92056,-75.60786,817,28.0,27.5,19.5,38.3,5.8,,,,,8.8,12.8,2.2,297,22,,,,,,8.8,12.8,2.2,297,22,356,29.46,,0,0,,40.1,38.7,,0.52,0.73,
COPE,2016-04-05 17:45:00 EDT,43.92056,-75.60786,817,27.9,27.5,17.7,38.0,5.6,,,,,12.0,18.3,2.2,292,13,,,,,,12.0,18.3,2.2,292,13,338,29.46,,0,0,,40.1,38.8,,0.52,0.73,
COPE,2016-04-05 17:50:00 EDT,43.92056,-75.60786,817,27.8,27.4,17.6,38.3,5.6,,,,,11.8,18.9,3.7,287,14,,,,,,11.8,18.9,3.7,287,14,321,29.46,,0,0,,40.1,38.8,,0.52,0.73,
COPE,2016-04-05 17:55:00 EDT,43.92056,-75.60786,817,27.3,27.0,16.3,36.8,4.3,,,,,13.2,17.2,1.9,290,9,17.4,19.2,1.1,290,3,13.2,17.2,1.9,290,9,304,29.46,,0,0,,40.1,38.8,,0.52,0.73,
COPE,2016-04-05 18:00:00 EDT,43.92056,-75.60786,817,27.4,27.1,17.0,36.8,4.4,,,,,12.1,16.2,2.3,281,10,,,,,,12.1,16.2,2.3,281,10,285,29.46,,0,0,,40.0,38.8,,0.51,0.73,
COPE,2016-04-05 18:05:00 EDT,43.92056,-75.60786,817,27.3,27.1,17.4,41.7,7.1,,,,,11.0,16.0,2.2,261,11,,,,,,11.0,16.0,2.2,261,11,268,29.46,,0,0,,39.9,38.8,,0.51,0.73,
COPE,2016-04-05 18:10:00 EDT,43.92056,-75.60786,817,27.5,27.1,17.5,44.4,8.6,,,,,11.1,16.4,3.4,274,14,,,,,,11.1,16.4,3.4,274,14,251,29.46,,0,0,,39.9,38.8,,0.51,0.73,
COPE,2016-04-05 18:15:00 EDT,43.92056,-75.60786,817,27.0,26.7,17.3,41.6,6.7,,,,,10.4,16.1,2.5,284,13,,,,,,10.4,16.1,2.5,284,13,234,29.46,,0,0,,39.9,38.8,,0.51,0.73,
COPE,2016-04-05 18:20:00 EDT,43.92056,-75.60786,817,26.9,26.6,16.7,45.2,8.5,,,,,11.3,17.4,2.5,271,13,,,,,,11.3,17.4,2.5,271,13,217,29.46,,0,0,,39.8,38.8,,0.50,0.73,
COPE,2016-04-05 18:25:00 EDT,43.92056,-75.60786,817,26.6,26.3,17.1,45.9,8.5,,,,,9.8,15.3,2.2,275,12,15.9,16.1,0.2,267,4,9.8,15.3,2.2,275,12,201,29.46,,0,0,,39.7,38.8,,0.50,0.73,
COPE,2016-04-05 18:30:00 EDT,43.92056,-75.60786,817,26.5,26.2,16.0,47.3,9.0,,,,,11.6,15.1,1.9,264,15,,,,,,11.6,15.1,1.9,264,15,185,29.46,,0,0,,39.7,38.8,,0.50,0.73,
COPE,2016-04-05 18:35:00 EDT,43.92056,-75.60786,817,26.2,26.0,16.0,45.7,8.1,,,,,11.0,14.5,2.1,266,10,,,,,,11.0,14.5,2.1,266,10,169,29.46,,0,0,,39.6,38.9,,0.50,0.73,
COPE,2016-04-05 18:40:00 EDT,43.92056,-75.60786,817,26.2,26.1,16.5,48.0,9.2,,,,,10.3,16.2,2.8,270,11,,,,,,10.3,16.2,2.8,270,11,152,29.46,,0,0,,39.6,38.8,,0.49,0.73,
COPE,2016-04-05 18:45:00 EDT,43.92056,-75.60786,817,25.7,25.6,14.3,48.2,8.8,,,,,13.2,17.1,2.0,267,14,14.8,16.8,1.4,247,7,13.2,17.1,2.0,267,14,137,29.45,,0,0,,39.5,38.9,,0.49,0.73,
COPE,2016-04-05 18:50:00 EDT,43.92056,-75.60786,817,25.7,25.5,15.2,51.4,10.2,,,,,11.3,16.1,2.5,253,12,,,,,,11.3,16.1,2.5,253,12,121,29.46,,0,0,,39.4,38.9,,0.49,0.73,
COPE,2016-04-05 18:55:00 EDT,43.92056,-75.60786,817,25.5,25.3,14.8,50.8,9.8,,,,,11.6,17.5,2.6,257,13,,,,,,11.6,17.5,2.6,257,13,103,29.46,,0,0,,39.3,38.9,,0.49,0.73,
COPE,2016-04-05 19:00:00 EDT,43.92056,-75.60786,817,25.3,25.1,13.4,51.3,9.8,,,,,13.9,20.4,2.5,254,8,16.6,20.6,4.0,271,9,13.9,20.4,2.5,254,8,84,29.46,,0,0,,39.2,38.9,,0.49,0.73,
COPE,2016-04-05 19:05:00 EDT,43.92056,-75.60786,817,25.1,25.0,14.5,52.1,10.0,,,,,11.1,17.4,2.5,262,13,14.2,16.3,2.1,244,4,11.1,17.4,2.5,262,13,66,29.46,,0,0,,39.2,38.9,,0.49,0.73,
COPE,2016-04-05 19:10:00 EDT,43.92056,-75.60786,817,25.0,24.9,14.8,51.3,9.5,,,,,10.3,13.6,1.3,264,8,14.3,14.3,0.0,262,0,10.3,13.6,1.3,264,8,50,29.46,,0,0,,39.2,38.9,,0.47,0.73,
COPE,2016-04-05 19:15:00 EDT,43.92056,-75.60786,817,24.9,24.9,14.3,52.0,9.7,,,,,11.2,18.0,3.0,258,13,14.0,15.4,1.0,238,8,11.2,18.0,3.0,258,13,28,29.46,,0,0,,39.2,38.9,,0.47,0.73,
COPE,2016-04-05 19:20:00 EDT,43.92056,-75.60786,817,24.7,24.7,13.8,53.6,10.2,,,,,11.6,19.3,3.1,262,13,18.5,21.5,3.2,267,6,11.6,19.3,3.1,262,13,14,29.46,,0,0,,39.1,39.0,,0.47,0.73,
COPE,2016-04-05 19:25:00 EDT,43.92056,-75.60786,817,24.5,24.5,13.3,52.5,9.5,,,,,12.0,18.9,2.6,264,11,12.2,16.6,1.9,264,9,12.0,18.9,2.6,264,11,11,29.46,,0,0,,39.0,39.0,,0.47,0.73,
COPE,2016-04-05 19:30:00 EDT,43.92056,-75.60786,817,24.5,24.5,13.5,54.2,10.3,,,,,11.7,17.2,2.2,251,9,,,,,,11.7,17.2,2.2,251,9,9,29.45,,0,0,,38.9,39.0,,0.46,0.73,
COPE,2016-04-05 19:35:00 EDT,43.92056,-75.60786,817,24.4,24.4,13.8,55.8,10.8,,,,,10.9,16.7,2.5,252,9,8.3,8.3,0.0,239,0,10.9,16.7,2.5,252,9,6,29.45,,0,0,,38.8,39.0,,0.46,0.73,
COPE,2016-04-05 19:40:00 EDT,43.92056,-75.60786,817,24.2,24.2,12.9,55.1,10.4,,,,,12.2,19.4,2.3,263,11,13.4,19.2,2.5,261,7,12.2,19.4,2.3,263,11,4,29.45,,0,0,,38.7,39.0,,0.46,0.73,
COPE,2016-04-05 19:45:00 EDT,43.92056,-75.60786,817,24.1,24.1,14.3,55.9,10.6,,,,,9.4,14.6,2.2,259,11,14.3,14.3,0.0,254,0,9.4,14.6,2.2,259,11,2,29.44,,0,0,,38.6,39.0,,0.46,0.73,
COPE,2016-04-05 19:50:00 EDT,43.92056,-75.60786,817,24.0,24.1,13.8,56.8,10.9,,,,,10.1,15.1,2.6,248,11,,,,,,10.1,15.1,2.6,248,11,1,29.44,,0,0,,38.5,39.0,,0.46,0.73,
COPE,2016-04-05 19:55:00 EDT,43.92056,-75.60786,817,24.0,24.0,14.2,56.6,10.8,,,,,9.3,15.2,2.6,246,12,,,,,,9.3,15.2,2.6,246,12,0,29.44,,0,0,,38.4,39.0,,0.46,0.73,
COPE,2016-04-05 20:00:00 EDT,43.92056,-75.60786,817,23.8,23.9,14.3,56.4,10.6,,,,,8.8,13.5,1.9,250,13,12.5,12.5,0.0,240,0,8.8,13.5,1.9,250,13,0,29.44,,0,0,,38.3,39.0,,0.46,0.73,
COPE,2016-04-05 20:05:00 EDT,43.92056,-75.60786,817,23.8,23.8,13.4,57.6,11.0,,,,,10.2,15.6,2.5,253,8,13.8,15.0,1.8,245,5,10.2,15.6,2.5,253,8,0,29.44,,0,0,,38.3,39.0,,0.45,0.73,
COPE,2016-04-05 20:10:00 EDT,43.92056,-75.60786,817,23.8,23.8,12.4,56.9,10.7,,,,,12.1,16.1,2.1,253,10,14.1,14.1,0.0,251,0,12.1,16.1,2.1,253,10,0,29.44,,0,0,,38.2,39.0,,0.45,0.73,
COPE,2016-04-05 20:15:00 EDT,43.92056,-75.60786,817,23.7,23.7,11.8,57.4,10.8,,,,,13.2,18.0,2.3,251,9,,,,,,13.2,18.0,2.3,251,9,0,29.44,,0,0,,38.1,39.0,,0.45,0.73,
COPE,2016-04-05 20:20:00 EDT,43.92056,-75.60786,817,23.6,23.6,13.5,58.1,11.0,,,,,9.7,14.1,2.0,251,9,,,,,,9.7,14.1,2.0,251,9,0,29.44,,0,0,,38.0,39.0,,0.45,0.73,
COPE,2016-04-05 20:25:00 EDT,43.92056,-75.60786,817,23.5,23.6,13.0,59.1,11.3,,,,,10.3,15.9,2.8,250,11,,,,,,10.3,15.9,2.8,250,11,0,29.44,,0,0,,37.9,39.0,,0.45,0.73,
COPE,2016-04-05 20:30:00 EDT,43.92056,-75.60786,817,23.5,23.6,12.1,58.5,11.1,,,,,12.2,15.9,1.8,252,7,12.8,12.8,0.0,243,0,12.2,15.9,1.8,252,7,0,29.44,,0,0,,37.8,39.0,,0.45,0.73,
COPE,2016-04-05 20:35:00 EDT,43.92056,-75.60786,817,23.5,23.5,13.9,58.2,10.9,,,,,8.8,13.1,1.6,247,10,,,,,,8.8,13.1,1.6,247,10,0,29.44,,0,0,,37.7,39.0,,0.45,0.73,
COPE,2016-04-05 20:40:00 EDT,43.92056,-75.60786,817,23.4,23.4,13.6,59.4,11.3,,,,,9.1,14.5,2.2,249,13,8.3,8.3,0.0,234,0,9.1,14.5,2.2,249,13,0,29.44,,0,0,,37.7,39.1,,0.45,0.73,
COPE,2016-04-05 20:45:00 EDT,43.92056,-75.60786,817,23.4,23.4,13.2,59.3,11.3,,,,,9.8,13.8,1.8,250,10,6.9,6.9,0.0,233,0,9.8,13.8,1.8,250,10,0,29.44,,0,0,,37.6,39.0,,0.44,0.73,
COPE,2016-04-05 20:50:00 EDT,43.92056,-75.60786,817,23.4,23.4,12.2,58.7,11.0,,,,,11.5,15.9,1.9,251,9,14.5,14.5,0.0,257,0,11.5,15.9,1.9,251,9,0,29.44,,0,0,,37.5,39.1,,0.44,0.73,
COPE,2016-04-05 20:55:00 EDT,43.92056,-75.60786,817,23.3,23.4,12.6,59.9,11.5,,,,,10.6,14.8,1.8,250,10,,,,,,10.6,14.8,1.8,250,10,0,29.44,,0,0,,37.4,39.1,,0.44,0.73,
COPE,2016-04-05 21:00:00 EDT,43.92056,-75.60786,817,23.3,23.4,12.7,59.9,11.5,,,,,10.5,14.7,2.3,249,8,,,,,,10.5,14.7,2.3,249,8,0,29.44,,0,0,,37.4,39.1,,0.44,0.73,
COPE,2016-04-05 21:05:00 EDT,43.92056,-75.60786,817,23.3,23.4,13.5,60.6,11.7,,,,,9.0,13.2,2.1,248,9,12.3,12.3,0.0,242,0,9.0,13.2,2.1,248,9,0,29.44,,0,0,,37.3,39.1,,0.44,0.73,
COPE,2016-04-05 21:10:00 EDT,43.92056,-75.60786,817,23.2,23.3,14.0,60.7,11.6,,,,,8.2,14.1,2.1,245,11,,,,,,8.2,14.1,2.1,245,11,0,29.45,,0,0,,37.2,39.1,,0.44,0.73,
COPE,2016-04-05 21:15:00 EDT,43.92056,-75.60786,817,23.1,23.2,13.2,61.1,11.7,,,,,9.3,13.7,1.8,245,10,7.4,7.4,0.0,240,0,9.3,13.7,1.8,245,10,0,29.45,,0,0,,37.2,39.1,,0.44,0.73,
COPE,2016-04-05 21:20:00 EDT,43.92056,-75.60786,817,23.1,23.1,13.2,60.7,11.5,,,,,9.2,13.8,1.8,244,8,,,,,,9.2,13.8,1.8,244,8,0,29.45,,0,0,,37.2,39.1,,0.44,0.73,
COPE,2016-04-05 21:25:00 EDT,43.92056,-75.60786,817,23.0,23.0,13.4,61.0,11.5,,,,,8.7,14.2,2.0,242,10,,,,,,8.7,14.2,2.0,242,10,0,29.44,,0,0,,37.2,39.1,,0.44,0.73,
COPE,2016-04-05 21:30:00 EDT,43.92056,-75.60786,817,22.9,22.9,12.7,61.7,11.7,,,,,9.6,13.9,1.5,243,11,11.2,11.2,0.0,236,0,9.6,13.9,1.5,243,11,0,29.44,,0,0,,37.2,39.2,,0.44,0.73,
COPE,2016-04-05 21:35:00 EDT,43.92056,-75.60786,817,22.8,22.9,13.2,61.6,11.6,,,,,8.7,11.5,1.4,243,11,6.9,6.9,0.0,230,0,8.7,11.5,1.4,243,11,0,29.44,,0,0,,37.2,39.1,,0.44,0.73,
COPE,2016-04-05 21:40:00 EDT,43.92056,-75.60786,817,22.9,22.9,12.8,61.5,11.6,,,,,9.3,13.4,1.9,235,9,,,,,,9.3,13.4,1.9,235,9,0,29.44,,0,0,,37.1,39.1,,0.44,0.73,
COPE,2016-04-05 21:45:00 EDT,43.92056,-75.60786,817,22.8,22.9,12.6,61.2,11.5,,,,,9.6,15.4,2.3,239,10,8.3,8.3,0.0,235,0,9.6,15.4,2.3,239,10,0,29.44,,0,0,,37.0,39.2,,0.44,0.73,
COPE,2016-04-05 21:50:00 EDT,43.92056,-75.60786,817,22.7,22.8,13.6,61.9,11.6,,,,,7.9,13.6,2.0,241,10,,,,,,7.9,13.6,2.0,241,10,0,29.44,,0,0,,37.0,39.2,,0.44,0.73,
COPE,2016-04-05 21:55:00 EDT,43.92056,-75.60786,817,22.7,22.8,12.6,62.1,11.7,,,,,9.3,15.1,2.2,247,9,,,,,,9.3,15.1,2.2,247,9,0,29.44,,0,0,,36.9,39.1,,0.44,0.73,
COPE,2016-04-05 22:00:00 EDT,43.92056,-75.60786,817,22.8,22.8,12.7,62.1,11.7,,,,,9.2,12.1,1.4,242,11,,,,,,9.2,12.1,1.4,242,11,0,29.45,,0,0,,36.8,39.2,,0.44,0.73,
COPE,2016-04-05 22:05:00 EDT,43.92056,-75.60786,817,22.8,22.9,13.1,62.4,11.9,,,,,8.8,13.3,1.5,245,11,,,,,,8.8,13.3,1.5,245,11,0,29.45,,0,0,,36.8,39.2,,0.44,0.73,
COPE,2016-04-05 22:10:00 EDT,43.92056,-75.60786,817,22.8,22.9,13.4,62.9,12.0,,,,,8.3,13.6,2.2,245,11,,,,,,8.3,13.6,2.2,245,11,0,29.45,,0,0,,36.7,39.2,,0.44,0.73,
COPE,2016-04-05 22:15:00 EDT,43.92056,-75.60786,817,22.9,23.0,13.1,62.2,11.9,,,,,8.9,11.6,1.5,240,11,9.8,9.8,0.0,224,0,8.9,11.6,1.5,240,11,0,29.45,,0,0,,36.7,39.2,,0.44,0.73,
COPE,2016-04-05 22:20:00 EDT,43.92056,-75.60786,817,22.7,22.8,13.2,62.3,11.8,,,,,8.5,11.8,1.5,245,12,,,,,,8.5,11.8,1.5,245,12,0,29.45,,0,0,,36.7,39.2,,0.44,0.73,
COPE,2016-04-05 22:25:00 EDT,43.92056,-75.60786,817,22.7,22.8,12.5,62.5,11.8,,,,,9.4,13.5,1.8,244,9,,,,,,9.4,13.5,1.8,244,9,0,29.44,,0,0,,36.7,39.2,,0.44,0.73,
COPE,2016-04-05 22:30:00 EDT,43.92056,-75.60786,817,22.7,22.8,12.2,62.1,11.7,,,,,10.0,14.5,1.9,238,11,8.3,8.3,0.0,244,0,10.0,14.5,1.9,238,11,0,29.44,,0,0,,36.6,39.2,,0.43,0.73,
COPE,2016-04-05 22:35:00 EDT,43.92056,-75.60786,817,22.7,22.8,12.5,62.4,11.7,,,,,9.4,13.7,1.5,233,12,9.2,11.4,1.4,228,12,9.4,13.7,1.5,233,12,0,29.44,,0,0,,36.5,39.2,,0.43,0.73,
COPE,2016-04-05 22:40:00 EDT,43.92056,-75.60786,817,22.7,22.8,12.2,62.3,11.7,,,,,10.1,15.2,1.9,234,11,10.5,10.5,0.0,230,0,10.1,15.2,1.9,234,11,0,29.44,,0,0,,36.5,39.2,,0.43,0.73,
COPE,2016-04-05 22:45:00 EDT,43.92056,-75.60786,817,22.8,22.9,12.1,61.3,11.4,,,,,10.3,14.2,1.4,231,10,,,,,,10.3,14.2,1.4,231,10,0,29.44,,0,0,,36.5,39.2,,0.43,0.73,
COPE,2016-04-05 22:50:00 EDT,43.92056,-75.60786,817,22.8,22.9,12.1,61.5,11.5,,,,,10.3,14.4,2.0,230,10,,,,,,10.3,14.4,2.0,230,10,0,29.44,,0,0,,36.4,39.2,,0.43,0.73,
COPE,2016-04-05 22:55:00 EDT,43.92056,-75.60786,817,22.8,22.9,12.6,61.0,11.4,,,,,9.5,14.2,2.3,235,10,,,,,,9.5,14.2,2.3,235,10,0,29.43,,0,0,,36.3,39.2,,0.43,0.73,
COPE,2016-04-05 23:00:00 EDT,43.92056,-75.60786,817,22.9,23.1,12.7,61.2,11.5,,,,,9.6,12.6,1.7,230,12,8.3,8.3,0.0,233,0,9.6,12.6,1.7,230,12,0,29.43,,0,0,,36.3,39.2,,0.43,0.73,
COPE,2016-04-05 23:05:00 EDT,43.92056,-75.60786,817,22.9,23.1,12.5,60.2,11.2,,,,,9.9,15.1,1.8,230,10,13.9,13.9,0.0,217,0,9.9,15.1,1.8,230,10,0,29.43,,0,0,,36.3,39.2,,0.43,0.72,
COPE,2016-04-05 23:10:00 EDT,43.92056,-75.60786,817,22.9,23.0,12.8,60.2,11.1,,,,,9.4,12.1,1.4,235,10,,,,,,9.4,12.1,1.4,235,10,0,29.43,,0,0,,36.3,39.2,,0.43,0.71,
COPE,2016-04-05 23:15:00 EDT,43.92056,-75.60786,817,22.7,22.9,14.0,59.9,10.9,,,,,7.4,11.7,1.7,239,12,,,,,,7.4,11.7,1.7,239,12,0,29.43,,0,0,,36.3,39.2,,0.43,0.63,
COPE,2016-04-05 23:20:00 EDT,43.92056,-75.60786,817,22.7,22.9,14.0,60.2,11.0,,,,,7.5,11.6,1.3,238,12,,,,,,7.5,11.6,1.3,238,12,0,29.43,,0,0,,36.2,39.2,,0.43,0.59,
COPE,2016-04-05 23:25:00 EDT,43.92056,-75.60786,817,22.9,23.0,13.5,60.1,11.1,,,,,8.3,13.0,1.7,233,11,,,,,,8.3,13.0,1.7,233,11,0,29.43,,0,0,,36.1,39.2,,0.43,0.54,
COPE,2016-04-05 23:30:00 EDT,43.92056,-75.60786,817,23.0,23.1,13.7,60.6,11.4,,,,,8.1,11.5,1.4,234,12,,,,,,8.1,11.5,1.4,234,12,0,29.43,,0,0,,36.1,39.2,,0.43,0.49,
COPE,2016-04-05 23:35:00 EDT,43.92056,-75.60786,817,23.0,23.1,13.7,59.7,11.1,,,,,8.2,14.0,2.0,237,13,,,,,,8.2,14.0,2.0,237,13,0,29.43,,0,0,,36.1,39.2,,0.43,0.43,
COPE,2016-04-05 23:40:00 EDT,43.92056,-75.60786,817,22.9,23.1,14.7,60.4,11.3,,,,,6.9,9.6,1.2,239,12,,,,,,6.9,9.6,1.2,239,12,0,29.43,,0,0,,36.1,39.2,,0.43,0.29,
COPE,2016-04-05 23:45:00 EDT,43.92056,-75.60786,817,23.0,23.2,14.0,60.2,11.3,,,,,7.9,11.2,1.8,236,13,,,,,,7.9,11.2,1.8,236,13,0,29.43,,0,0,,36.0,39.2,,0.43,0.20,
COPE,2016-04-05 23:50:00 EDT,43.92056,-75.60786,817,23.1,23.3,14.0,60.6,11.5,,,,,8.1,11.2,1.4,235,10,6.0,6.0,0.0,218,0,8.1,11.2,1.4,235,10,0,29.43,,0,0,,36.0,39.2,,0.43,0.19,
COPE,2016-04-05 23:55:00 EDT,43.92056,-75.60786,817,23.2,23.4,14.5,61.1,11.8,,,,,7.6,11.8,1.5,233,10,7.8,7.8,0.0,220,0,7.6,11.8,1.5,233,10,0,29.43,,0,0,,36.0,39.2,,0.43,0.19,
CSQR,2016-04-05 00:00:00 EDT,43.32613,-76.10445,453,17.0,19.2,17.0,68.7,8.5,0.000,0.220,0.00,0.000,0.0,0.6,0.1,321,10,0.5,2.2,0.3,13,55,0.0,0.6,0.1,321,10,0,29.70,,0,0,0,35.8,40.3,42.1,0.47,0.58,0.45
CSQR,2016-04-05 00:05:00 EDT,43.32613,-76.10445,453,16.6,18.7,16.6,70.9,8.8,0.000,0.000,0.00,0.000,0.0,0.1,0.0,325,4,0.4,0.9,0.2,320,60,0.0,0.1,0.0,325,4,0,29.70,,0,0,0,35.8,40.3,42.0,0.47,0.58,0.46
CSQR,2016-04-05 00:10:00 EDT,43.32613,-76.10445,453,16.6,18.1,16.6,70.3,8.6,0.000,0.000,0.00,0.000,0.0,0.6,0.1,266,10,0.6,1.1,0.2,304,34,0.0,0.6,0.1,266,10,0,29.70,,0,0,0,35.8,40.3,42.0,0.47,0.58,0.45
CSQR,2016-04-05 00:15:00 EDT,43.32613,-76.10445,453,16.5,18.0,16.5,69.4,8.2,0.000,0.000,0.00,0.000,0.1,0.7,0.2,303,8,0.7,1.3,0.2,312,26,0.1,0.7,0.2,303,8,0,29.71,,0,0,0,35.8,40.3,42.1,0.47,0.58,0.45
CSQR,2016-04-05 00:20:00 EDT,43.32613,-76.10445,453,15.9,18.0,15.9,72.4,8.6,0.000,0.000,0.00,0.000,0.6,1.3,0.3,309,24,1.0,1.8,0.3,310,20,0.6,1.3,0.3,309,24,0,29.71,,0,0,0,35.8,40.3,42.0,0.47,0.58,0.45
CSQR,2016-04-05 00:25:00 EDT,43.32613,-76.10445,453,15.9,18.2,15.9,72.3,8.6,0.000,0.000,0.00,0.000,0.4,1.3,0.4,296,13,1.0,1.6,0.3,304,27,0.4,1.3,0.4,296,13,0,29.71,,0,0,0,35.8,40.3,42.1,0.47,0.58,0.45
CSQR,2016-04-05 00:30:00 EDT,43.32613,-76.10445,453,15.5,17.2,15.5,72.1,8.1,0.000,0.000,0.00,0.000,0.4,1.3,0.4,295,14,0.9,1.8,0.3,310,29,0.4,1.3,0.4,295,14,0,29.71,,0,0,0,35.8,40.3,42.0,0.47,0.58,0.45
CSQR,2016-04-05 00:35:00 EDT,43.32613,-76.10445,453,15.3,16.3,15.3,72.6,8.1,0.000,0.000,0.00,0.000,0.0,0.0,0.0,0,0,0.3,0.7,0.2,345,61,0.0,0.0,0.0,0,0,0,29.71,,0,0,0,35.8,40.3,42.0,0.47,0.58,0.45
CSQR,2016-04-05 00:40:00 EDT,43.32613,-76.10445,453,14.6,15.7,14.6,72.8,7.5,0.000,0.000,0.00,0.000,0.0,0.0,0.0,0,0,0.4,0.9,0.2,22,41,0.0,0.0,0.0,0,0,0,29.71,,0,0,0,35.8,40.3,42.0,0.47,0.58,0.45
CSQR,2016-04-05 00:45:00 EDT,43.32613,-76.10445,453,14.5,15.4,14.5,74.0,7.7,0.000,0.000,0.00,0.000,0.1,0.7,0.2,339,5,0.6,1.6,0.3,331,33,0.1,0.7,0.2,339,5,0,29.71,,0,0,0,35.8,40.3,42.0,0.47,0.58,0.45
CSQR,2016-04-05 00:50:00 EDT,43.32613,-76.10445,453,14.1,14.7,14.1,75.8,7.8,0.000,0.000,0.00,0.000,0.2,0.9,0.2,310,19,0.7,1.6,0.3,325,29,0.2,0.9,0.2,310,19,0,29.72,,0,0,0,35.8,40.3,42.0,0.47,0.58,0.46
CSQR,2016-04-05 00:55:00 EDT,43.32613,-76.10445,453,13.8,14.6,13.8,76.6,7.8,0.000,0.000,0.00,0.000,0.3,0.9,0.3,288,12,0.8,1.3,0.2,298,18,0.3,0.9,0.3,288,12,0,29.72,,0,0,0,35.8,40.3,42.0,0.47,0.58,0.45
CSQR,2016-04-05 01:00:00 EDT,43.32613,-76.10445,453,13.3,14.1,13.3,77.6,7.6,0.000,0.000,0.00,0.000,0.0,0.0,0.0,0,0,0.3,0.7,0.2,52,52,0.0,0.0,0.0,0,0,0,29.72,,0,0,0,35.8,40.3,42.0,0.47,0.58,0.46
CSQR,2016-04-05 01:05:00 EDT,43.32613,-76.10445,453,13.0,13.5,13.0,79.2,7.8,0.000,0.000,0.00,0.000,0.0,0.1,0.0,329,5,0.6,0.9,0.2,79,27,0.0,0.1,0.0,329,5,0,29.72,,0,0,0,35.8,40.3,41.9,0.47,0.58,0.46
CSQR,2016-04-05 01:10:00 EDT,43.32613,-76.10445,453,13.2,13.3,13.2,79.7,8.1,0.000,0.000,0.00,0.000,0.0,0.0,0.0,0,0,0.5,1.1,0.2,89,27,0.0,0.0,0.0,0,0,0,29.72,,0,0,0,35.8,40.3,41.9,0.47,0.58,0.45
CSQR,2016-04-05 01:15:00 EDT,43.32613,-76.10445,453,13.1,13.4,13.1,79.5,7.9,0.000,0.000,0.00,0.000,0.0,0.0,0.0,0,0,0.6,1.1,0.2,31,19,0.0,0.0,0.0,0,0,0,29.72,,0,0,0,35.8,40.3,42.0,0.47,0.58,0.45
CSQR,2016-04-05 01:20:00 EDT,43.32613,-76.10445,453,13.2,13.4,13.2,79.4,8.0,0.000,0.000,0.00,0.000,0.0,0.0,0.0,0,0,0.4,0.7,0.1,2,21,0.0,0.0,0.0,0,0,0,29.72,,0,0,0,35.8,40.2,41.9,0.47,0.58,0.45
CSQR,2016-04-05 01:25:00 EDT,43.32613,-76.10445,453,12.8,13.3,12.8,79.5,7.6,0.000,0.000,0.00,0.000,0.0,0.0,0.0,0,0,0.5,0.9,0.2,12,26,0.0,0.0,0.0,0,0,0,29.72,,0,0,0,35.8,40.2,41.9,0.47,0.57,0.46
CSQR,2016-04-05 01:30:00 EDT,43.32613,-76.10445,453,12.4,13.0,12.4,79.6,7.3,0.000,0.000,0.00,0.000,0.0,0.0,0.0,0,0,0.5,0.9,0.2,0,24,0.0,0.0,0.0,0,0,0,29.72,,0,0,0,35.8,40.2,41.9,0.47,0.58,0.45
CSQR,2016-04-05 01:35:00 EDT,43.32613,-76.10445,453,12.5,13.0,12.5,79.6,7.4,0.000,0.000,0.00,0.000,0.0,0.0,0.0,0,0,0.4,0.7,0.1,338,28,0.0,0.0,0.0,0,0,0,29.72,,0,0,0,35.8,40.3,41.9,0.47,0.58,0.45
CSQR,2016-04-05 01:40:00 EDT,43.32613,-76.10445,453,12.4,12.9,12.4,80.4,7.5,0.000,0.000,0.00,0.000,0.1,0.8,0.2,25,2,0.7,1.3,0.3,44,25,0.1,0.8,0.2,25,2,0,29.72,,0,0,0,35.8,40.2,41.9,0.47,0.58,0.45
CSQR,2016-04-05 01:45:00 EDT,43.32613,-76.10445,453,11.9,12.6,11.9,80.9,7.2,0.000,0.000,0.00,0.000,0.0,0.5,0.1,19,4,0.6,1.6,0.3,31,26,0.0,0.5,0.1,19,4,0,29.73,,0,0,0,35.9,40.2,41.9,0.47,0.58,0.46
CSQR,2016-04-05 01:50:00 EDT,43.32613,-76.10445,453,11.6,12.3,11.6,81.1,6.9,0.000,0.000,0.00,0.000,0.0,0.0,0.0,0,0,0.7,1.1,0.2,72,32,0.0,0.0,0.0,0,0,0,29.73,,0,0,0,35.9,40.2,41.9,0.47,0.58,0.45
CSQR,2016-04-05 01:55:00 EDT,43.32613,-76.10445,453,11.4,12.2,11.4,81.5,6.9,0.000,0.000,0.00,0.000,0.0,0.0,0.0,0,0,0.4,1.1,0.3,78,56,0.0,0.0,0.0,0,0,0,29.73,,0,0,0,35.9,40.2,41.9,0.47,0.58,0.45
CSQR,2016-04-05 02:00:00 EDT,43.32613,-76.10445,453,11.3,12.1,11.3,81.9,6.9,0.000,0.000,0.00,0.000,0.4,1.2,0.4,360,16,1.0,2.0,0.3,8,24,0.4,1.2,0.4,360,16,0,29.73,,0,0,0,35.9,40.2,41.9,0.47,0.58,0.45
CSQR,2016-04-05 02:05:00 EDT,43.32613,-76.10445,453,11.0,11.8,11.0,82.4,6.7,0.000,0.000,0.00,0.000,0.2,0.8,0.3,275,13,0.7,1.1,0.2,287,35,0.2,0.8,0.3,275,13,0,29.73,,0,0,0,35.9,40.2,41.9,0.47,0.58,0.45
CSQR,2016-04-05 02:10:00 EDT,43.32613,-76.10445,453,10.5,11.6,10.5,82.2,6.1,0.000,0.000,0.00,0.000,0.4,1.0,0.4,321,7,1.0,1.8,0.4,325,14,0.4,1.0,0.4,321,7,0,29.73,,0,0,0,35.9,40.2,41.9,0.47,0.58,0.46
CSQR,2016-04-05 02:15:00 EDT,43.32613,-76.10445,453,11.0,11.7,11.0,83.2,6.9,0.000,0.000,0.00,0.000,0.2,0.9,0.2,329,15,0.6,1.6,0.3,17,37,0.2,0.9,0.2,329,15,0,29.73,,0,0,0,35.9,40.1,41.9,0.47,0.58,0.45
CSQR,2016-04-05 02:20:00 EDT,43.32613,-76.10445,453,10.9,11.4,10.9,83.7,6.9,0.000,0.000,0.00,0.000,0.1,0.1,0.0,348,0,0.3,0.7,0.2,51,21,0.1,0.1,0.0,348,0,0,29.73,,0,0,0,35.9,40.2,41.9,0.47,0.58,0.45
CSQR,2016-04-05 02:25:00 EDT,43.32613,-76.10445,453,10.6,11.2,10.6,84.0,6.7,0.000,0.000,0.00,0.000,0.1,0.1,0.0,350,3,0.5,1.1,0.2,36,21,0.1,0.1,0.0,350,3,0,29.73,,0,0,0,35.9,40.2,41.9,0.47,0.58,0.45
CSQR,2016-04-05 02:30:00 EDT,43.32613,-76.10445,453,10.4,11.2,10.4,84.1,6.6,0.000,0.000,0.00,0.000,0.0,0.0,0.0,0,0,0.4,0.9,0.3,72,22,0.0,0.0,0.0,0,0,0,29.73,,0,0,0,36.0,40.1,41.9,0.47,0.58,0.46
CSQR,2016-04-05 02:35:00 EDT,43.32613,-76.10445,453,10.3,11.1,10.3,83.9,6.4,0.000,0.000,0.00,0.000,0.0,0.0,0.0,0,0,0.3,0.7,0.2,311,34,0.0,0.0,0.0,0,0,0,29.73,,0,0,0,36.0,40.1,41.9,0.47,0.58,0.45
CSQR,2016-04-05 02:40:00 EDT,43.32613,-76.10445,453,9.6,10.3,9.6,83.8,5.7,0.000,0.000,0.00,0.000,0.0,0.0,0.0,0,0,0.5,1.1,0.3,33,46,0.0,0.0,0.0,0,0,0,29.74,,0,0,0,35.9,40.1,41.9,0.47,0.58,0.45
CSQR,2016-04-05 02:45:00 EDT,43.32613,-76.10445,453,9.5,10.2,9.5,84.0,5.7,0.000,0.000,0.00,0.000,0.0,0.0,0.0,0,0,0.4,0.7,0.1,53,18,0.0,0.0,0.0,0,0,0,29.74,,0,0,0,35.9,40.1,41.9,0.47,0.58,0.45
CSQR,2016-04-05 02:50:00 EDT,43.32613,-76.10445,453,9.7,10.2,9.7,85.3,6.2,0.000,0.000,0.00,0.000,0.0,0.0,0.0,0,0,0.4,0.7,0.1,32,18,0.0,0.0,0.0,0,0,0,29.74,,0,0,0,36.0,40.1,41.9,0.47,0.58,0.45
CSQR,2016-04-05 02:55:00 EDT,43.32613,-76.10445,453,9.5,10.2,9.5,85.6,6.0,0.000,0.000,0.00,0.000,0.0,0.0,0.0,0,0,0.4,0.9,0.2,26,23,0.0,0.0,0.0,0,0,0,29.74,,0,0,0,35.9,40.1,41.9,0.47,0.58,0.45
CSQR,2016-04-05 03:00:00 EDT,43.32613,-76.10445,453,9.4,10.2,9.4,85.6,5.9,0.000,0.000,0.00,0.000,0.1,0.8,0.2,28,4,0.8,1.3,0.3,26,13,0.1,0.8,0.2,28,4,0,29.74,,0,0,0,36.0,40.1,41.9,0.47,0.58,0.45
CSQR,2016-04-05 03:05:00 EDT,43.32613,-76.10445,453,9.3,10.0,9.3,85.2,5.8,0.000,0.000,0.00,0.000,0.2,0.7,0.2,9,6,0.8,1.3,0.3,4,16,0.2,0.7,0.2,9,6,0,29.74,,0,0,0,36.0,40.1,41.9,0.47,0.58,0.46
CSQR,2016-04-05 03:10:00 EDT,43.32613,-76.10445,453,9.2,9.8,9.2,85.2,5.6,0.000,0.000,0.00,0.000,0.1,0.7,0.2,2,7,0.7,1.3,0.3,10,16,0.1,0.7,0.2,2,7,0,29.74,,0,0,0,36.0,40.1,41.9,0.47,0.58,0.45
CSQR,2016-04-05 03:15:00 EDT,43.32613,-76.10445,453,9.1,9.4,9.1,85.4,5.6,0.000,0.000,0.00,0.000,0.0,0.1,0.0,345,8,0.6,0.9,0.2,281,42,0.0,0.1,0.0,345,8,0,29.74,,0,0,0,36.0,40.1,41.8,0.47,0.58,0.45
CSQR,2016-04-05 03:20:00 EDT,43.32613,-76.10445,453,8.9,9.4,8.9,85.4,5.4,0.000,0.000,0.00,0.000,0.1,0.6,0.1,15,5,0.8,1.3,0.2,18,15,0.1,0.6,0.1,15,5,0,29.74,,0,0,0,36.0,40.1,41.8,0.47,0.58,0.45
CSQR,2016-04-05 03:25:00 EDT,43.32613,-76.10445,453,8.7,9.2,8.7,85.9,5.3,0.000,0.000,0.00,0.000,0.2,0.7,0.3,27,1,0.9,1.3,0.3,24,12,0.2,0.7,0.3,27,1,0,29.74,,0,0,0,36.0,40.1,41.8,0.47,0.58,0.45
CSQR,2016-04-05 03:30:00 EDT,43.32613,-76.10445,453,8.4,8.9,8.4,86.2,5.1,0.000,0.000,0.00,0.000,0.1,0.6,0.2,18,0,0.6,1.1,0.3,12,24,0.1,0.6,0.2,18,0,0,29.74,,0,0,0,36.0,40.1,41.8,0.47,0.58,0.46
CSQR,2016-04-05 03:35:00 EDT,43.32613,-76.10445,453,8.1,8.6,8.1,86.2,4.8,0.000,0.000,0.00,0.000,0.0,0.0,0.0,0,0,0.7,1.1,0.2,27,12,0.0,0.0,0.0,0,0,0,29.75,,0,0,0,36.0,40.1,41.8,0.47,0.58,0.45
CSQR,2016-04-05 03:40:00 EDT,43.32613,-76.10445,453,8.2,8.6,8.2,87.3,5.2,0.000,0.000,0.00,0.000,0.0,0.0,0.0,0,0,0.6,1.1,0.2,50,15,0.0,0.0,0.0,0,0,0,29.75,,0,0,0,36.0,40.1,41.8,0.47,0.58,0.45
CSQR,2016-04-05 03:45:00 EDT,43.32613,-76.10445,453,8.3,8.6,8.3,87.4,5.3,0.000,0.000,0.00,0.000,0.0,0.0,0.0,0,0,0.5,1.1,0.2,76,32,0.0,0.0,0.0,0,0,0,29.75,,0,0,0,36.0,40.1,41.8,0.47,0.58,0.45
CSQR,2016-04-05 03:50:00 EDT,43.32613,-76.10445,453,8.3,8.5,8.3,87.1,5.3,0.000,0.000,0.00,0.000,0.1,0.9,0.2,31,2,0.8,1.6,0.3,51,29,0.1,0.9,0.2,31,2,0,29.75,,0,0,0,36.0,40.1,41.7,0.47,0.58,0.45
CSQR,2016-04-05 03:55:00 EDT,43.32613,-76.10445,453,7.7,8.4,7.7,86.7,4.5,0.000,0.000,0.00,0.000,0.4,0.9,0.3,27,1,1.1,1.6,0.2,33,11,0.4,0.9,0.3,27,1,0,29.75,,0,0,0,36.0,40.1,41.8,0.47,0.58,0.46
CSQR,2016-04-05 04:00:00 EDT,43.32613,-76.10445,453,7.4,8.4,7.4,86.8,4.3,0.000,0.000,0.00,0.000,0.4,1.1,0.4,14,3,0.8,1.8,0.4,12,17,0.4,1.1,0.4,14,3,0,29.75,,0,0,0,36.0,40.1,41.8,0.47,0.58,0.45
CSQR,2016-04-05 04:05:00 EDT,43.32613,-76.10445,453,7.4,8.2,7.4,87.4,4.4,0.000,0.000,0.00,0.000,0.0,0.0,0.0,0,0,0.5,0.7,0.1,21,13,0.0,0.0,0.0,0,0,0,29.76,,0,0,0,36.0,40.1,41.8,0.47,0.58,0.46
CSQR,2016-04-05 04:10:00 EDT,43.32613,-76.10445,453,7.2,8.0,7.2,87.2,4.2,0.000,0.000,0.00,0.000,0.0,0.0,0.0,0,0,0.6,0.9,0.2,75,18,0.0,0.0,0.0,0,0,0,29.76,,0,0,0,36.0,40.1,41.7,0.47,0.58,0.45
CSQR,2016-04-05 04:15:00 EDT,43.32613,-76.10445,453,7.0,7.9,7.0,87.9,4.2,0.000,0.000,0.00,0.000,0.3,1.0,0.4,16,4,1.0,1.6,0.2,36,17,0.3,1.0,0.4,16,4,0,29.76,,0,0,0,36.0,40.1,41.7,0.47,0.58,0.45
CSQR,2016-04-05 04:20:00 EDT,43.32613,-76.10445,453,6.9,7.7,6.9,88.3,4.2,0.000,0.000,0.00,0.000,0.4,1.0,0.4,17,4,0.8,1.6,0.4,16,10,0.4,1.0,0.4,17,4,0,29.76,,0,0,0,36.0,40.0,41.8,0.47,0.58,0.45
CSQR,2016-04-05 04:25:00 EDT,43.32613,-76.10445,453,7.0,7.7,7.0,88.3,4.3,0.000,0.000,0.00,0.000,0.0,0.0,0.0,0,0,0.5,0.9,0.1,35,18,0.0,0.0,0.0,0,0,0,29.76,,0,0,0,36.0,40.1,41.7,0.47,0.58,0.45
CSQR,2016-04-05 04:30:00 EDT,43.32613,-76.10445,453,7.0,7.5,7.0,88.5,4.3,0.000,0.000,0.00,0.000,0.0,0.0,0.0,0,0,0.5,0.9,0.2,45,13,0.0,0.0,0.0,0,0,0,29.77,,0,0,0,36.0,40.0,41.7,0.47,0.58,0.45
CSQR,2016-04-05 04:35:00 EDT,43.32613,-76.10445,453,7.1,7.5,7.1,88.9,4.5,0.000,0.000,0.00,0.000,0.1,0.5,0.2,12,0,0.7,1.1,0.2,24,13,0.1,0.5,0.2,12,0,0,29.77,,0,0,0,36.0,40.0,41.7,0.46,0.58,0.45
CSQR,2016-04-05 04:40:00 EDT,43.32613,-76.10445,453,7.1,7.7,7.1,87.9,4.3,0.000,0.000,0.00,0.000,0.2,0.9,0.3,35,7,0.8,1.3,0.3,27,21,0.2,0.9,0.3,35,7,0,29.77,,0,0,0,36.0,40.0,41.7,0.47,0.58,0.45
CSQR,2016-04-05 04:45:00 EDT,43.32613,-76.10445,453,6.8,7.6,6.8,87.3,3.8,0.000,0.000,0.00,0.000,0.1,0.8,0.2,357,25,0.7,1.1,0.2,357,49,0.1,0.8,0.2,357,25,0,29.77,,0,0,0,36.0,40.0,41.7,0.47,0.58,0.45
CSQR,2016-04-05 04:50:00 EDT,43.32613,-76.10445,453,6.5,7.3,6.5,87.1,3.5,0.000,0.000,0.00,0.000,0.2,0.7,0.2,50,6,0.8,1.3,0.3,2,56,0.2,0.7,0.2,50,6,0,29.78,,0,0,0,36.0,40.0,41.7,0.47,0.58,0.45
CSQR,2016-04-05 04:55:00 EDT,43.32613,-76.10445,453,6.6,7.5,6.6,87.3,3.6,0.000,0.000,0.00,0.000,0.6,1.1,0.4,4,21,1.2,1.8,0.3,2,19,0.6,1.1,0.4,4,21,0,29.78,,0,0,0,36.0,40.0,41.7,0.47,0.58,0.45
CSQR,2016-04-05 05:00:00 EDT,43.32613,-76.10445,453,6.9,7.7,6.9,87.1,3.9,0.000,0.000,0.00,0.000,0.4,0.9,0.3,28,3,1.0,1.6,0.2,31,11,0.4,0.9,0.3,28,3,0,29.78,,0,0,0,36.0,40.0,41.7,0.47,0.58,0.45
CSQR,2016-04-05 05:05:00 EDT,43.32613,-76.10445,453,6.8,7.3,6.8,86.6,3.6,0.000,0.000,0.00,0.000,0.7,1.2,0.2,30,7,1.2,1.8,0.3,30,12,0.7,1.2,0.2,30,7,0,29.79,,0,0,0,36.0,40.0,41.7,0.47,0.58,0.45
CSQR,2016-04-05 05:10:00 EDT,43.32613,-76.10445,453,6.6,7.2,6.6,85.5,3.2,0.000,0.000,0.00,0.000,0.8,1.3,0.2,8,9,1.3,2.0,0.2,5,10,0.8,1.3,0.2,8,9,0,29.79,,0,0,0,36.0,39.9,41.7,0.46,0.58,0.45
CSQR,2016-04-05 05:15:00 EDT,43.32613,-76.10445,453,6.3,6.7,6.3,85.1,2.8,0.000,0.000,0.00,0.000,0.7,1.5,0.4,19,11,1.3,2.2,0.3,21,14,0.7,1.5,0.4,19,11,0,29.79,,0,0,0,36.0,39.9,41.7,0.47,0.58,0.46
CSQR,2016-04-05 05:20:00 EDT,43.32613,-76.10445,453,5.8,6.5,5.8,85.1,2.3,0.000,0.000,0.00,0.000,1.2,1.8,0.2,22,18,1.7,2.2,0.2,21,19,1.2,1.8,0.2,22,18,0,29.80,,0,0,0,36.0,39.9,41.7,0.47,0.58,0.45
CSQR,2016-04-05 05:25:00 EDT,43.32613,-76.10445,453,5.9,6.8,5.9,85.9,2.6,0.000,0.000,0.00,0.000,0.5,0.9,0.3,6,24,1.1,1.8,0.3,9,24,0.5,0.9,0.3,6,24,0,29.80,,0,0,0,36.0,39.9,41.7,0.47,0.58,0.45
CSQR,2016-04-05 05:30:00 EDT,43.32613,-76.10445,453,6.2,7.4,6.2,86.1,2.9,0.000,0.000,0.00,0.000,0.6,1.3,0.4,29,6,1.2,1.8,0.3,27,17,0.6,1.3,0.4,29,6,0,29.81,,0,0,0,36.0,39.9,41.7,0.47,0.58,0.45
CSQR,2016-04-05 05:35:00 EDT,43.32613,-76.10445,453,5.7,6.7,5.7,85.2,2.2,0.000,0.000,0.00,0.000,0.7,1.3,0.3,16,10,1.3,1.8,0.2,18,14,0.7,1.3,0.3,16,10,0,29.81,,0,0,0,36.0,39.9,41.7,0.47,0.58,0.45
CSQR,2016-04-05 05:40:00 EDT,43.32613,-76.10445,453,5.2,6.3,5.2,84.3,1.5,0.000,0.000,0.00,0.000,0.6,1.2,0.3,25,12,1.2,2.0,0.3,23,16,0.6,1.2,0.3,25,12,0,29.81,,0,0,0,36.0,39.9,41.7,0.47,0.58,0.45
CSQR,2016-04-05 05:45:00 EDT,43.32613,-76.10445,453,5.3,6.1,5.3,85.8,2.0,0.000,0.000,0.00,0.000,0.5,1.4,0.4,12,8,1.1,2.0,0.5,9,16,0.5,1.4,0.4,12,8,0,29.82,,0,0,0,36.0,39.9,41.7,0.47,0.58,0.45
CSQR,2016-04-05 05:50:00 EDT,43.32613,-76.10445,453,5.5,6.2,5.5,87.2,2.6,0.000,0.000,0.00,0.000,0.3,0.9,0.3,18,6,1.0,1.6,0.3,12,16,0.3,0.9,0.3,18,6,0,29.82,,0,0,0,36.0,39.9,41.7,0.47,0.58,0.46
CSQR,2016-04-05 05:55:00 EDT,43.32613,-76.10445,453,5.7,6.4,5.7,87.2,2.8,0.000,0.000,0.00,0.000,0.1,1.2,0.3,11,7,0.9,1.6,0.3,12,22,0.1,1.2,0.3,11,7,0,29.82,,0,0,0,36.0,39.9,41.7,0.47,0.58,0.45
CSQR,2016-04-05 06:00:00 EDT,43.32613,-76.10445,453,5.9,6.5,5.9,87.0,2.9,0.000,0.000,0.00,0.000,0.3,1.3,0.4,8,8,1.0,2.0,0.5,8,29,0.3,1.3,0.4,8,8,0,29.82,,0,0,0,36.0,39.9,41.7,0.47,0.58,0.45
CSQR,2016-04-05 06:05:00 EDT,43.32613,-76.10445,453,5.7,6.4,5.7,86.2,2.4,0.000,0.000,0.00,0.000,0.3,1.4,0.4,353,14,0.9,2.0,0.4,345,25,0.3,1.4,0.4,353,14,0,29.83,,0,0,0,36.0,39.9,41.7,0.47,0.58,0.45
CSQR,2016-04-05 06:10:00 EDT,43.32613,-76.10445,453,5.7,6.7,5.7,86.0,2.4,0.000,0.000,0.00,0.000,0.1,1.2,0.3,8,2,0.7,1.8,0.3,338,40,0.1,1.2,0.3,8,2,0,29.83,,0,0,0,36.0,39.9,41.7,0.47,0.58,0.45
CSQR,2016-04-05 06:15:00 EDT,43.32613,-76.10445,453,5.6,6.7,5.6,85.8,2.2,0.000,0.000,0.00,0.000,0.1,1.1,0.3,6,5,0.8,2.0,0.4,0,32,0.1,1.1,0.3,6,5,0,29.84,,0,0,0,36.0,39.9,41.7,0.47,0.58,0.45
CSQR,2016-04-05 06:20:00 EDT,43.32613,-76.10445,453,4.6,6.3,4.6,85.1,1.2,0.000,0.000,0.00,0.000,0.1,0.9,0.2,342,5,0.8,1.8,0.3,349,19,0.1,0.9,0.2,342,5,0,29.84,,0,0,0,36.1,39.9,41.7,0.47,0.58,0.45
CSQR,2016-04-05 06:25:00 EDT,43.32613,-76.10445,453,5.0,6.7,5.0,85.9,1.7,0.000,0.000,0.00,0.000,0.1,0.9,0.2,350,1,0.8,1.6,0.3,355,14,0.1,0.9,0.2,350,1,1,29.84,,0,0,0,36.0,39.9,41.7,0.47,0.58,0.45
CSQR,2016-04-05 06:30:00 EDT,43.32613,-76.10445,453,5.4,6.8,5.4,87.3,2.4,0.000,0.000,0.00,0.000,0.1,0.7,0.2,3,2,0.8,1.3,0.3,357,25,0.1,0.7,0.2,3,2,1,29.84,,0,0,0,36.1,39.9,41.7,0.47,0.58,0.45
CSQR,2016-04-05 06:35:00 EDT,43.32613,-76.10445,453,6.0,7.0,6.0,87.7,3.1,0.000,0.000,0.00,0.000,0.1,0.6,0.1,338,8,0.6,1.3,0.3,351,36,0.1,0.6,0.1,338,8,3,29.85,,0,0,0,36.1,39.9,41.7,0.47,0.58,0.45
CSQR,2016-04-05 06:40:00 EDT,43.32613,-76.10445,453,6.0,7.1,6.0,86.6,2.9,0.000,0.000,0.00,0.000,0.1,0.7,0.2,327,23,0.7,1.3,0.3,327,38,0.1,0.7,0.2,327,23,5,29.85,,0,0,0,36.1,39.9,41.7,0.47,0.58,0.45
CSQR,2016-04-05 06:45:00 EDT,43.32613,-76.10445,453,6.1,7.8,6.1,85.6,2.8,0.000,0.000,0.00,0.000,0.3,1.2,0.4,316,16,0.9,2.0,0.4,324,32,0.3,1.2,0.4,316,16,7,29.85,,0,0,0,36.1,39.9,41.6,0.47,0.58,0.46
CSQR,2016-04-05 06:50:00 EDT,43.32613,-76.10445,453,6.2,7.2,6.2,84.9,2.6,0.000,0.000,0.00,0.000,0.1,1.1,0.2,7,3,0.6,1.8,0.3,329,44,0.1,1.1,0.2,7,3,10,29.86,,0,0,0,36.0,39.9,41.6,0.47,0.58,0.46
CSQR,2016-04-05 06:55:00 EDT,43.32613,-76.10445,453,6.0,6.7,6.0,84.9,2.4,0.000,0.000,0.00,0.000,0.0,0.1,0.0,348,1,0.6,1.1,0.2,14,33,0.0,0.1,0.0,348,1,16,29.86,,0,0,0,36.1,39.9,41.6,0.47,0.58,0.46
CSQR,2016-04-05 07:00:00 EDT,43.32613,-76.10445,453,6.1,6.8,6.1,84.7,2.5,0.000,0.000,0.00,0.000,0.0,0.0,0.0,0,0,0.5,0.9,0.2,19,28,0.0,0.0,0.0,0,0,30,29.86,,0,0,0,36.1,39.9,41.6,0.47,0.58,0.46
CSQR,2016-04-05 07:05:00 EDT,43.32613,-76.10445,453,5.3,6.6,5.3,82.7,1.1,0.000,0.000,0.00,0.000,0.0,0.5,0.1,0,0,0.7,1.3,0.2,340,18,0.0,0.5,0.1,0,0,40,29.87,,0,0,0,36.1,39.9,41.6,0.47,0.58,0.46
CSQR,2016-04-05 07:10:00 EDT,43.32613,-76.10445,453,6.4,7.6,6.4,82.9,2.3,0.000,0.000,0.00,0.000,0.5,1.2,0.4,315,9,1.0,1.8,0.3,322,15,0.5,1.2,0.4,315,9,52,29.87,,0,0,0,36.1,39.9,41.6,0.47,0.58,0.46
CSQR,2016-04-05 07:15:00 EDT,43.32613,-76.10445,453,7.2,9.8,7.2,82.7,3.1,0.000,0.000,0.00,0.000,0.7,1.8,0.4,336,18,1.1,3.1,0.5,339,21,0.7,1.8,0.4,336,18,67,29.87,,0,0,0,36.1,39.9,41.6,0.47,0.58,0.46
CSQR,2016-04-05 07:20:00 EDT,43.32613,-76.10445,453,7.4,9.2,7.4,81.3,2.9,0.000,0.000,0.00,0.000,0.2,1.2,0.2,356,14,0.7,1.6,0.3,349,24,0.2,1.2,0.2,356,14,84,29.87,,0,0,0,36.1,39.9,41.6,0.47,0.58,0.46
CSQR,2016-04-05 07:25:00 EDT,43.32613,-76.10445,453,6.7,9.4,6.7,79.4,1.6,0.000,0.000,0.00,0.000,0.1,0.3,0.0,337,6,0.7,1.6,0.3,350,22,0.1,0.3,0.0,337,6,99,29.87,,0,0,0,36.1,39.8,41.5,0.47,0.58,0.46
CSQR,2016-04-05 07:30:00 EDT,43.32613,-76.10445,453,5.4,9.6,5.4,78.5,0.2,0.000,0.000,0.00,0.000,0.4,1.5,0.4,15,5,1.0,2.2,0.4,18,20,0.4,1.5,0.4,15,5,117,29.88,,0,0,0,36.1,39.8,41.6,0.47,0.58,0.46
CSQR,2016-04-05 07:35:00 EDT,43.32613,-76.10445,453,6.0,9.5,6.0,78.6,0.8,0.000,0.000,0.00,0.000,0.4,1.5,0.4,342,11,1.0,2.0,0.4,345,20,0.4,1.5,0.4,342,11,134,29.88,,0,0,0,36.1,39.9,41.6,0.47,0.58,0.46
CSQR,2016-04-05 07:40:00 EDT,43.32613,-76.10445,453,7.8,10.0,7.8,79.0,2.7,0.000,0.000,0.00,0.000,0.2,1.1,0.3,326,9,0.7,1.6,0.3,339,19,0.2,1.1,0.3,326,9,148,29.88,,0,0,0,36.1,39.9,41.5,0.47,0.58,0.46
CSQR,2016-04-05 07:45:00 EDT,43.32613,-76.10445,453,9.2,10.8,9.2,78.1,3.8,0.000,0.000,0.00,0.000,0.2,1.5,0.3,351,17,1.0,3.1,0.5,6,26,0.2,1.5,0.3,351,17,164,29.88,,0,0,0,36.1,39.9,41.5,0.47,0.58,0.46
CSQR,2016-04-05 07:50:00 EDT,43.32613,-76.10445,453,9.7,11.4,9.7,74.2,3.1,0.000,0.000,0.00,0.000,0.5,2.3,0.6,330,15,1.0,2.5,0.6,338,27,0.5,2.3,0.6,330,15,181,29.89,,0,0,0,36.1,39.8,41.5,0.47,0.58,0.46
CSQR,2016-04-05 07:55:00 EDT,43.32613,-76.10445,453,9.7,12.5,9.7,73.5,3.0,0.000,0.000,0.00,0.000,1.0,2.2,0.6,335,16,1.3,2.9,0.6,338,19,1.0,2.2,0.6,335,16,197,29.89,,0,0,0,36.1,39.8,41.5,0.47,0.58,0.46
CSQR,2016-04-05 08:00:00 EDT,43.32613,-76.10445,453,9.2,12.9,9.2,70.1,1.4,0.000,0.000,0.00,0.000,0.3,0.9,0.3,314,20,0.8,1.8,0.3,322,30,0.3,0.9,0.3,314,20,213,29.89,,0,0,0,36.1,39.8,41.5,0.47,0.58,0.46
CSQR,2016-04-05 08:05:00 EDT,43.32613,-76.10445,453,10.0,13.8,10.0,68.7,1.7,0.000,0.000,0.00,0.000,1.0,2.6,0.7,326,26,1.4,4.0,0.7,329,29,1.0,2.6,0.7,326,26,228,29.89,,0,0,0,36.1,39.8,41.5,0.47,0.58,0.46
CSQR,2016-04-05 08:10:00 EDT,43.32613,-76.10445,453,11.1,14.8,11.1,68.5,2.8,0.000,0.000,0.00,0.000,2.4,4.4,0.7,317,13,2.4,5.4,0.8,319,11,2.4,4.4,0.7,317,13,245,29.89,,0,0,0,36.1,39.8,41.6,0.47,0.58,0.46
CSQR,2016-04-05 08:15:00 EDT,43.32613,-76.10445,453,13.7,16.0,8.3,65.6,4.3,0.000,0.000,0.00,0.000,3.2,5.6,1.1,319,16,3.4,6.3,1.3,321,15,3.2,5.6,1.1,319,16,262,29.89,,0,0,0,36.1,39.8,41.5,0.47,0.58,0.46
CSQR,2016-04-05 08:20:00 EDT,43.32613,-76.10445,453,16.0,16.7,16.0,59.0,4.2,0.000,0.000,0.00,0.000,2.9,5.9,0.9,314,15,3.0,5.8,0.9,314,14,2.9,5.9,0.9,314,15,280,29.90,,0,0,0,36.2,39.8,41.5,0.47,0.58,0.46
CSQR,2016-04-05 08:25:00 EDT,43.32613,-76.10445,453,16.8,17.3,11.4,56.5,4.0,0.000,0.000,0.00,0.000,3.4,7.4,1.4,327,27,3.8,7.6,1.4,331,21,3.4,7.4,1.4,327,27,298,29.90,,0,0,0,36.1,39.8,41.5,0.47,0.58,0.46
CSQR,2016-04-05 08:30:00 EDT,43.32613,-76.10445,453,17.7,17.8,10.0,52.1,3.0,0.000,0.000,0.00,0.000,5.2,9.2,1.5,333,18,5.9,10.7,1.9,334,15,5.2,9.2,1.5,333,18,317,29.90,,0,0,0,36.1,39.8,41.5,0.47,0.58,0.45
CSQR,2016-04-05 08:35:00 EDT,43.32613,-76.10445,453,18.0,18.1,10.0,50.1,2.5,0.000,0.000,0.00,0.000,5.5,7.9,1.4,334,15,6.3,10.3,1.6,335,14,5.5,7.9,1.4,334,15,335,29.90,,0,0,0,36.1,39.8,41.5,0.47,0.58,0.46
CSQR,2016-04-05 08:40:00 EDT,43.32613,-76.10445,453,18.3,18.4,11.5,49.4,2.5,0.000,0.000,0.00,0.000,4.6,7.3,1.4,328,12,5.1,8.7,1.4,328,12,4.6,7.3,1.4,328,12,352,29.90,,0,0,0,36.1,39.7,41.5,0.47,0.58,0.46
CSQR,2016-04-05 08:45:00 EDT,43.32613,-76.10445,453,18.5,18.6,12.1,49.0,2.5,0.000,0.000,0.00,0.000,4.4,7.2,1.3,341,22,5.0,8.7,1.6,342,20,4.4,7.2,1.3,341,22,371,29.91,,0,0,0,36.2,39.8,41.5,0.47,0.58,0.46
CSQR,2016-04-05 08:50:00 EDT,43.32613,-76.10445,453,18.8,18.8,14.2,47.5,2.1,0.000,0.000,0.00,0.000,3.1,7.4,1.2,329,22,3.7,8.1,1.3,330,22,3.1,7.4,1.2,329,22,391,29.91,,0,0,0,36.2,39.8,41.5,0.47,0.58,0.46
CSQR,2016-04-05 08:55:00 EDT,43.32613,-76.10445,453,19.1,19.1,13.6,47.4,2.3,0.000,0.000,0.00,0.000,3.7,5.9,1.3,322,21,4.2,7.8,1.2,324,22,3.7,5.9,1.3,322,21,409,29.91,,0,0,0,36.2,39.7,41.5,0.47,0.58,0.46
CSQR,2016-04-05 09:00:00 EDT,43.32613,-76.10445,453,19.4,19.4,13.9,45.5,1.7,0.000,0.000,0.00,0.000,3.8,6.5,1.4,339,23,4.5,7.6,1.6,340,21,3.8,6.5,1.4,339,23,425,29.91,,0,0,0,36.2,39.7,41.5,0.47,0.58,0.46
CSQR,2016-04-05 09:05:00 EDT,43.32613,-76.10445,453,19.9,19.9,19.9,44.3,1.6,0.000,0.000,0.00,0.000,2.7,6.8,1.4,359,30,3.4,8.3,1.5,358,30,2.7,6.8,1.4,359,30,442,29.91,,0,0,0,36.2,39.7,41.5,0.47,0.58,0.46
CSQR,2016-04-05 09:10:00 EDT,43.32613,-76.10445,453,20.1,20.2,15.7,43.3,1.3,0.000,0.000,0.00,0.000,3.1,8.4,2.3,324,15,3.7,8.7,2.1,324,16,3.1,8.4,2.3,324,15,459,29.91,,0,0,0,36.2,39.8,41.5,0.47,0.58,0.46
CSQR,2016-04-05 09:15:00 EDT,43.32613,-76.10445,453,20.1,20.1,12.9,42.3,0.9,0.000,0.000,0.00,0.000,5.2,9.6,2.3,332,21,5.8,10.3,2.3,333,22,5.2,9.6,2.3,332,21,474,29.91,,0,0,0,36.2,39.7,41.5,0.47,0.58,0.46
CSQR,2016-04-05 09:20:00 EDT,43.32613,-76.10445,453,20.1,20.2,13.1,42.9,1.1,0.000,0.000,0.00,0.000,4.9,10.5,2.0,319,17,5.3,11.2,2.1,320,17,4.9,10.5,2.0,319,17,490,29.91,,0,0,0,36.2,39.7,41.5,0.47,0.58,0.46
CSQR,2016-04-05 09:25:00 EDT,43.32613,-76.10445,453,20.3,20.2,12.1,42.5,1.1,0.000,0.000,0.00,0.000,6.2,8.8,1.5,323,12,6.4,9.4,1.5,324,12,6.2,8.8,1.5,323,12,505,29.92,,0,0,0,36.2,39.7,41.5,0.47,0.58,0.46
CSQR,2016-04-05 09:30:00 EDT,43.32613,-76.10445,453,20.5,20.5,14.7,42.2,1.2,0.000,0.000,0.00,0.000,4.1,7.0,1.4,318,19,4.6,7.8,1.5,320,18,4.1,7.0,1.4,318,19,520,29.92,,0,0,0,36.2,39.7,41.5,0.47,0.58,0.46
CSQR,2016-04-05 09:35:00 EDT,43.32613,-76.10445,453,20.8,20.8,20.8,41.5,1.1,0.000,0.000,0.00,0.000,1.4,3.9,1.0,312,52,2.0,4.9,1.1,314,55,1.4,3.9,1.0,312,52,537,29.92,,0,0,0,36.2,39.7,41.5,0.47,0.58,0.46
CSQR,2016-04-05 09:40:00 EDT,43.32613,-76.10445,453,21.2,21.2,21.2,40.1,0.7,0.000,0.000,0.00,0.000,2.8,6.2,1.5,286,54,3.3,6.9,1.6,288,57,2.8,6.2,1.5,286,54,553,29.92,,0,0,0,36.3,39.7,41.5,0.47,0.58,0.46
CSQR,2016-04-05 09:45:00 EDT,43.32613,-76.10445,453,21.6,21.6,12.5,39.5,0.7,0.000,0.000,0.00,0.000,7.5,10.7,1.4,327,17,8.2,11.9,1.7,328,18,7.5,10.7,1.4,327,17,568,29.92,,0,0,0,36.2,39.7,41.5,0.47,0.58,0.46
CSQR,2016-04-05 09:50:00 EDT,43.32613,-76.10445,453,21.9,21.8,14.1,40.4,1.4,0.000,0.000,0.00,0.000,6.0,11.2,2.4,327,19,6.5,12.1,2.3,327,20,6.0,11.2,2.4,327,19,581,29.92,,0,0,0,36.3,39.7,41.5,0.47,0.58,0.46
CSQR,2016-04-05 09:55:00 EDT,43.32613,-76.10445,453,22.2,22.1,17.2,39.8,1.4,0.000,0.000,0.00,0.000,3.6,7.6,2.0,318,23,4.3,9.2,1.9,316,26,3.6,7.6,2.0,318,23,597,29.93,,0,0,0,36.3,39.7,41.4,0.47,0.58,0.46
CSQR,2016-04-05 10:00:00 EDT,43.32613,-76.10445,453,22.2,22.2,15.4,38.5,0.7,0.000,0.000,0.00,0.000,5.2,10.2,2.3,317,16,5.5,10.1,2.3,318,16,5.2,10.2,2.3,317,16,611,29.93,,0,0,0,36.3,39.7,41.4,0.47,0.58,0.46
CSQR,2016-04-05 10:05:00 EDT,43.32613,-76.10445,453,22.5,22.4,14.1,38.1,0.7,0.000,0.000,0.00,0.000,7.0,13.9,2.4,320,23,7.7,14.5,2.6,321,25,7.0,13.9,2.4,320,23,625,29.93,,0,0,0,36.3,39.7,41.4,0.47,0.58,0.46
CSQR,2016-04-05 10:10:00 EDT,43.32613,-76.10445,453,22.6,22.5,16.3,36.6,-0.1,0.000,0.000,0.00,0.000,4.7,8.6,1.7,302,20,5.1,9.4,1.8,302,22,4.7,8.6,1.7,302,20,639,29.93,,0,0,0,36.3,39.7,41.4,0.47,0.58,0.46
CSQR,2016-04-05 10:15:00 EDT,43.32613,-76.10445,453,22.8,22.8,15.6,37.9,0.9,0.000,0.000,0.00,0.000,5.7,10.0,1.8,319,22,6.3,11.4,2.1,317,22,5.7,10.0,1.8,319,22,652,29.93,,0,0,0,36.3,39.7,41.4,0.47,0.58,0.46
CSQR,2016-04-05 10:20:00 EDT,43.32613,-76.10445,453,22.9,22.8,15.0,35.4,-0.5,0.000,0.000,0.00,0.000,6.5,11.4,2.2,313,19,6.9,12.3,2.2,312,19,6.5,11.4,2.2,313,19,664,29.93,,0,0,0,36.3,39.7,41.4,0.47,0.58,0.46
CSQR,2016-04-05 10:25:00 EDT,43.32613,-76.10445,453,23.3,23.2,17.8,35.8,0.2,0.000,0.000,0.00,0.000,4.2,10.2,2.3,316,45,5.0,11.2,2.4,314,46,4.2,10.2,2.3,316,45,677,29.93,,0,0,0,36.3,39.7,41.4,0.47,0.58,0.46
CSQR,2016-04-05 10:30:00 EDT,43.32613,-76.10445,453,23.5,23.4,16.6,33.7,-1.0,0.000,0.000,0.00,0.000,5.4,8.6,1.9,289,21,5.9,8.9,1.9,287,20,5.4,8.6,1.9,289,21,690,29.94,,0,0,0,36.3,39.7,41.4,0.47,0.58,0.46
CSQR,2016-04-05 10:35:00 EDT,43.32613,-76.10445,453,23.5,23.4,14.0,33.7,-1.0,0.000,0.000,0.00,0.000,8.7,13.7,1.9,304,19,9.0,15.0,2.2,302,18,8.7,13.7,1.9,304,19,701,29.94,,0,0,0,36.3,39.7,41.4,0.47,0.58,0.46
CSQR,2016-04-05 10:40:00 EDT,43.32613,-76.10445,453,23.3,23.2,14.3,32.9,-1.6,0.000,0.000,0.00,0.000,8.0,12.2,2.2,274,12,8.9,13.6,2.5,274,11,8.0,12.2,2.2,274,12,713,29.94,,0,0,0,36.3,39.7,41.4,0.47,0.58,0.46
CSQR,2016-04-05 10:45:00 EDT,43.32613,-76.10445,453,23.8,23.7,15.1,34.1,-0.5,0.000,0.000,0.00,0.000,7.6,10.5,1.3,290,13,8.2,12.1,1.5,288,13,7.6,10.5,1.3,290,13,724,29.94,,0,0,0,36.3,39.7,41.4,0.47,0.58,0.46
CSQR,2016-04-05 10:50:00 EDT,43.32613,-76.10445,453,24.0,23.9,15.0,32.2,-1.5,0.000,0.000,0.00,0.000,8.1,14.9,2.1,297,21,9.0,16.8,2.4,294,21,8.1,14.9,2.1,297,21,736,29.93,,0,0,0,36.3,39.7,41.4,0.47,0.58,0.46
CSQR,2016-04-05 10:55:00 EDT,43.32613,-76.10445,453,24.1,24.0,14.1,32.3,-1.4,0.000,0.000,0.00,0.000,9.8,14.0,2.1,307,14,10.2,16.3,2.3,304,14,9.8,14.0,2.1,307,14,747,29.93,,0,0,0,36.3,39.7,41.4,0.47,0.58,0.46
CSQR,2016-04-05 11:00:00 EDT,43.32613,-76.10445,453,24.2,24.2,13.7,32.8,-0.9,0.000,0.000,0.00,0.000,10.7,18.9,2.9,307,15,11.0,19.7,2.9,304,13,10.7,18.9,2.9,307,15,758,29.94,,0,0,0,36.3,39.7,41.4,0.47,0.58,0.46
CSQR,2016-04-05 11:05:00 EDT,43.32613,-76.10445,453,24.1,24.0,14.6,31.3,-2.0,0.000,0.000,0.00,0.000,9.1,13.5,1.5,299,13,9.5,14.3,1.9,297,12,9.1,13.5,1.5,299,13,768,29.93,,0,0,0,36.3,39.7,41.4,0.47,0.58,0.46
CSQR,2016-04-05 11:10:00 EDT,43.32613,-76.10445,453,24.4,24.2,15.3,32.1,-1.2,0.000,0.000,0.00,0.000,8.4,15.1,2.3,302,16,8.9,15.7,2.2,300,17,8.4,15.1,2.3,302,16,778,29.94,,0,0,0,36.3,39.7,41.4,0.47,0.58,0.46
CSQR,2016-04-05 11:15:00 EDT,43.32613,-76.10445,453,24.7,24.5,16.3,31.0,-1.6,0.000,0.000,0.00,0.000,7.6,11.6,2.2,310,20,7.9,12.3,2.4,309,19,7.6,11.6,2.2,310,20,787,29.94,,0,0,0,36.3,39.6,41.4,0.47,0.58,0.46
CSQR,2016-04-05 11:20:00 EDT,43.32613,-76.10445,453,24.8,24.7,16.0,29.6,-2.6,0.000,0.000,0.00,0.000,8.1,13.3,2.1,305,16,8.5,13.4,2.2,305,16,8.1,13.3,2.1,305,16,796,29.94,,0,0,0,36.3,39.6,41.4,0.47,0.58,0.46
CSQR,2016-04-05 11:25:00 EDT,43.32613,-76.10445,453,25.1,24.9,19.1,28.4,-3.2,0.000,0.000,0.00,0.000,4.8,12.1,2.2,326,34,5.6,13.0,2.3,327,34,4.8,12.1,2.2,326,34,805,29.94,,0,0,0,36.3,39.6,41.4,0.47,0.58,0.46
CSQR,2016-04-05 11:30:00 EDT,43.32613,-76.10445,453,24.9,24.6,15.7,28.1,-3.6,0.000,0.000,0.00,0.000,8.6,12.7,2.6,304,26,9.3,15.2,2.8,302,25,8.6,12.7,2.6,304,26,813,29.94,,0,0,0,36.4,39.6,41.4,0.47,0.58,0.46
CSQR,2016-04-05 11:35:00 EDT,43.32613,-76.10445,453,24.7,24.6,14.9,27.5,-4.2,0.000,0.000,0.00,0.000,9.7,13.7,2.1,306,18,10.1,16.1,2.4,305,19,9.7,13.7,2.1,306,18,821,29.94,,0,0,0,36.3,39.6,41.4,0.47,0.58,0.46
CSQR,2016-04-05 11:40:00 EDT,43.32613,-76.10445,453,24.6,24.4,16.4,27.6,-4.2,0.000,0.000,0.00,0.000,7.2,11.3,2.0,310,18,7.5,12.8,2.0,310,18,7.2,11.3,2.0,310,18,827,29.94,,0,0,0,36.4,39.7,41.4,0.47,0.58,0.46
CSQR,2016-04-05 11:45:00 EDT,43.32613,-76.10445,453,25.0,24.9,14.7,28.6,-3.1,0.000,0.000,0.00,0.000,10.8,16.1,2.5,314,19,11.1,16.8,2.8,313,19,10.8,16.1,2.5,314,19,835,29.94,,0,0,0,36.4,39.6,41.4,0.47,0.58,0.46
CSQR,2016-04-05 11:50:00 EDT,43.32613,-76.10445,453,25.2,25.0,15.2,29.5,-2.2,0.000,0.000,0.00,0.000,10.1,13.7,1.8,294,15,10.9,15.0,2.1,293,15,10.1,13.7,1.8,294,15,841,29.94,,0,0,0,36.4,39.6,41.4,0.47,0.58,0.46
CSQR,2016-04-05 11:55:00 EDT,43.32613,-76.10445,453,25.2,25.0,15.9,29.1,-2.6,0.000,0.000,0.00,0.000,9.0,17.2,2.2,295,14,9.7,17.4,2.2,293,14,9.0,17.2,2.2,295,14,847,29.94,,0,0,0,36.4,39.6,41.4,0.47,0.58,0.46
CSQR,2016-04-05 12:00:00 EDT,43.32613,-76.10445,453,25.5,25.2,15.1,27.6,-3.5,0.000,0.000,0.00,0.000,11.1,17.5,2.5,297,15,11.8,18.6,2.8,296,13,11.1,17.5,2.5,297,15,854,29.94,,0,0,0,36.4,39.6,41.4,0.47,0.58,0.46
CSQR,2016-04-05 12:05:00 EDT,43.32613,-76.10445,453,25.6,25.3,14.8,28.3,-2.9,0.000,0.000,0.00,0.000,11.7,15.6,1.8,297,15,12.4,16.6,2.0,294,13,11.7,15.6,1.8,297,15,859,29.94,,0,0,0,36.4,39.6,41.3,0.47,0.58,0.46
CSQR,2016-04-05 12:10:00 EDT,43.32613,-76.10445,453,25.6,25.4,16.4,28.9,-2.3,0.000,0.000,0.00,0.000,9.0,13.5,2.0,305,16,9.8,16.6,2.4,303,15,9.0,13.5,2.0,305,16,863,29.94,,0,0,0,36.4,39.6,41.4,0.47,0.58,0.46
CSQR,2016-04-05 12:15:00 EDT,43.32613,-76.10445,453,25.9,25.7,17.6,29.2,-1.9,0.000,0.000,0.00,0.000,7.7,13.7,3.0,319,23,8.3,14.5,3.1,320,23,7.7,13.7,3.0,319,23,868,29.94,,0,0,0,36.4,39.6,41.4,0.47,0.58,0.46
CSQR,2016-04-05 12:20:00 EDT,43.32613,-76.10445,453,25.8,25.6,16.8,29.9,-1.4,0.000,0.000,0.00,0.000,8.8,13.9,2.1,311,18,9.2,13.9,2.1,311,18,8.8,13.9,2.1,311,18,871,29.94,,0,0,0,36.4,39.6,41.3,0.47,0.58,0.46
CSQR,2016-04-05 12:25:00 EDT,43.32613,-76.10445,453,26.0,25.8,18.8,29.7,-1.5,0.000,0.000,0.00,0.000,6.3,11.6,1.9,297,19,7.0,12.3,2.1,297,20,6.3,11.6,1.9,297,19,876,29.94,,0,0,0,36.4,39.6,41.3,0.47,0.58,0.46
CSQR,2016-04-05 12:30:00 EDT,43.32613,-76.10445,453,25.6,25.3,16.7,29.8,-1.7,0.000,0.000,0.00,0.000,8.5,16.4,3.0,281,15,9.3,18.3,3.5,279,14,8.5,16.4,3.0,281,15,879,29.94,,0,0,0,36.5,39.6,41.3,0.47,0.58,0.46
CSQR,2016-04-05 12:35:00 EDT,43.32613,-76.10445,453,26.1,25.9,16.0,30.2,-1.0,0.000,0.000,0.00,0.000,10.7,17.8,2.8,313,21,11.1,20.4,2.9,312,21,10.7,17.8,2.8,313,21,881,29.94,,0,0,0,36.5,39.6,41.4,0.47,0.58,0.46
CSQR,2016-04-05 12:40:00 EDT,43.32613,-76.10445,453,26.1,25.9,17.1,29.6,-1.5,0.000,0.000,0.00,0.000,8.8,16.5,3.6,322,14,9.2,16.6,3.4,323,13,8.8,16.5,3.6,322,14,885,29.94,,0,0,0,36.4,39.6,41.3,0.47,0.58,0.46
CSQR,2016-04-05 12:45:00 EDT,43.32613,-76.10445,453,26.1,25.8,16.0,29.9,-1.3,0.000,0.000,0.00,0.000,10.7,14.5,1.7,303,18,11.2,16.3,2.0,303,18,10.7,14.5,1.7,303,18,886,29.94,,0,0,0,36.5,39.6,41.4,0.47,0.58,0.46
CSQR,2016-04-05 12:50:00 EDT,43.32613,-76.10445,453,25.7,25.5,16.3,29.4,-1.9,0.000,0.000,0.00,0.000,9.4,14.0,2.3,291,13,10.1,14.8,2.5,289,14,9.4,14.0,2.3,291,13,889,29.94,,0,0,0,36.5,39.6,41.3,0.47,0.58,0.46
CSQR,2016-04-05 12:55:00 EDT,43.32613,-76.10445,453,26.2,26.0,17.1,30.3,-0.9,0.000,0.000,0.00,0.000,9.0,14.9,2.4,308,30,10.0,16.3,2.8,307,31,9.0,14.9,2.4,308,30,889,29.93,,0,0,0,36.5,39.6,41.3,0.47,0.58,0.46
CSQR,2016-04-05 13:00:00 EDT,43.32613,-76.10445,453,26.1,26.1,17.0,29.3,-1.6,0.000,0.000,0.00,0.000,9.1,19.1,3.1,321,24,9.5,18.3,3.1,322,24,9.1,19.1,3.1,321,24,890,29.93,,0,0,0,36.5,39.6,41.3,0.47,0.58,0.46
CSQR,2016-04-05 13:05:00 EDT,43.32613,-76.10445,453,26.0,25.7,15.8,29.8,-1.4,0.000,0.000,0.00,0.000,10.8,16.7,2.3,291,11,11.5,17.7,2.5,289,11,10.8,16.7,2.3,291,11,890,29.93,,0,0,0,36.5,39.6,41.3,0.47,0.58,0.46
CSQR,2016-04-05 13:10:00 EDT,43.32613,-76.10445,453,26.0,25.8,15.4,30.6,-0.8,0.000,0.000,0.00,0.000,11.8,16.4,2.2,293,17,12.4,19.5,2.6,290,16,11.8,16.4,2.2,293,17,891,29.93,,0,0,0,36.5,39.6,41.3,0.47,0.58,0.46
CSQR,2016-04-05 13:15:00 EDT,43.32613,-76.10445,453,26.4,26.2,16.9,29.9,-0.9,0.000,0.000,0.00,0.000,9.7,16.6,2.8,320,24,10.1,16.6,2.9,320,25,9.7,16.6,2.8,320,24,891,29.93,,0,0,0,36.5,39.6,41.3,0.47,0.58,0.46
CSQR,2016-04-05 13:20:00 EDT,43.32613,-76.10445,453,26.1,26.0,16.6,29.1,-1.8,0.000,0.000,0.00,0.000,9.7,15.2,2.2,297,13,10.1,16.6,2.3,296,14,9.7,15.2,2.2,297,13,891,29.93,,0,0,0,36.4,39.6,41.3,0.47,0.58,0.46
CSQR,2016-04-05 13:25:00 EDT,43.32613,-76.10445,453,26.5,26.3,17.4,29.8,-1.0,0.000,0.000,0.00,0.000,9.1,14.2,2.7,308,16,9.5,15.7,2.8,307,17,9.1,14.2,2.7,308,16,889,29.93,,0,0,0,36.4,39.6,41.3,0.47,0.58,0.46
CSQR,2016-04-05 13:30:00 EDT,43.32613,-76.10445,453,26.1,25.9,16.9,30.1,-1.0,0.000,0.000,0.00,0.000,9.2,15.7,2.9,289,15,9.8,17.4,3.1,288,13,9.2,15.7,2.9,289,15,888,29.93,,0,0,0,36.4,39.6,41.3,0.47,0.58,0.46
CSQR,2016-04-05 13:35:00 EDT,43.32613,-76.10445,453,26.4,26.1,15.7,30.4,-0.5,0.000,0.000,0.00,0.000,12.2,16.8,2.7,288,12,13.1,19.2,3.0,286,11,12.2,16.8,2.7,288,12,886,29.93,,0,0,0,36.4,39.6,41.3,0.47,0.58,0.46
CSQR,2016-04-05 13:40:00 EDT,43.32613,-76.10445,453,26.3,26.1,19.0,29.1,-1.7,0.000,0.000,0.00,0.000,6.4,11.1,1.5,298,29,7.0,12.3,1.5,297,30,6.4,11.1,1.5,298,29,885,29.93,,0,0,0,36.5,39.6,41.3,0.47,0.58,0.46
CSQR,2016-04-05 13:45:00 EDT,43.32613,-76.10445,453,26.4,26.2,18.0,27.3,-2.9,0.000,0.000,0.00,0.000,8.1,13.9,2.7,301,16,8.5,15.7,2.8,300,17,8.1,13.9,2.7,301,16,883,29.93,,0,0,0,36.4,39.6,41.3,0.47,0.58,0.46
CSQR,2016-04-05 13:50:00 EDT,43.32613,-76.10445,453,26.5,26.3,16.9,27.5,-2.7,0.000,0.000,0.00,0.000,10.0,17.2,2.5,293,17,10.7,17.9,2.7,291,16,10.0,17.2,2.5,293,17,879,29.93,,0,0,0,36.4,39.6,41.3,0.47,0.58,0.46
CSQR,2016-04-05 13:55:00 EDT,43.32613,-76.10445,453,26.9,26.7,17.1,25.1,-4.2,0.000,0.000,0.00,0.000,10.6,16.4,2.1,321,17,11.1,18.1,2.5,321,16,10.6,16.4,2.1,321,17,877,29.93,,0,0,0,36.4,39.6,41.3,0.47,0.58,0.46
CSQR,2016-04-05 14:00:00 EDT,43.32613,-76.10445,453,26.7,26.6,17.9,25.0,-4.4,0.000,0.000,0.00,0.000,8.9,15.5,3.2,321,17,9.3,18.3,3.5,323,18,8.9,15.5,3.2,321,17,873,29.93,,0,0,0,36.4,39.6,41.3,0.47,0.58,0.46
CSQR,2016-04-05 14:05:00 EDT,43.32613,-76.10445,453,26.5,26.4,19.1,27.5,-2.6,0.000,0.000,0.00,0.000,6.8,12.9,2.7,314,25,7.3,13.0,2.7,313,26,6.8,12.9,2.7,314,25,868,29.93,,0,0,0,36.4,39.6,41.3,0.47,0.58,0.46
CSQR,2016-04-05 14:10:00 EDT,43.32613,-76.10445,453,,,,,,,,,,,,,,,,,,,,,,,,,,,,,,,,,,,,
CSQR,2016-04-05 14:15:00 EDT,43.32613,-76.10445,453,27.0,26.8,17.8,28.6,-1.3,,0.000,0.00,0.000,9.6,15.3,2.2,335,26,10.6,16.1,2.4,336,22,9.6,15.3,2.2,335,26,857,29.93,,0,0,0,36.3,39.6,41.3,0.47,0.58,0.46
CSQR,2016-04-05 14:20:00 EDT,43.32613,-76.10445,453,27.0,26.8,19.9,28.2,-1.6,0.000,0.000,0.00,0.000,6.5,9.9,1.7,329,28,7.3,11.6,1.7,329,29,6.5,9.9,1.7,329,28,851,29.92,,0,0,0,36.3,39.6,41.3,0.47,0.58,0.46
CSQR,2016-04-05 14:25:00 EDT,43.32613,-76.10445,453,26.8,26.6,18.4,28.4,-1.7,0.000,0.000,0.00,0.000,8.3,16.3,3.2,314,19,9.0,17.0,3.0,312,19,8.3,16.3,3.2,314,19,845,29.92,,0,0,0,36.3,39.6,41.3,0.47,0.58,0.46
CSQR,2016-04-05 14:30:00 EDT,43.32613,-76.10445,453,26.9,26.7,19.9,28.6,-1.5,0.000,0.000,0.00,0.000,6.3,14.5,2.9,309,30,6.8,15.0,3.1,309,26,6.3,14.5,2.9,309,30,839,29.92,,0,0,0,36.3,39.6,41.3,0.47,0.58,0.46
CSQR,2016-04-05 14:35:00 EDT,43.32613,-76.10445,453,26.7,26.5,17.1,26.7,-3.1,0.000,0.000,0.00,0.000,10.2,17.8,3.2,328,16,10.7,18.1,3.4,329,17,10.2,17.8,3.2,328,16,832,29.92,,0,0,0,36.3,39.6,41.2,0.47,0.58,0.46
CSQR,2016-04-05 14:40:00 EDT,43.32613,-76.10445,453,26.9,26.8,17.6,26.8,-2.8,0.000,0.000,0.00,0.000,9.9,15.6,2.0,301,18,10.5,17.0,2.3,299,18,9.9,15.6,2.0,301,18,826,29.92,,0,0,0,36.2,39.6,41.2,0.47,0.58,0.46
CSQR,2016-04-05 14:45:00 EDT,43.32613,-76.10445,453,26.7,26.6,18.5,26.3,-3.4,0.000,0.000,0.00,0.000,7.9,14.5,2.8,332,18,8.6,15.7,3.0,333,16,7.9,14.5,2.8,332,18,816,29.92,,0,0,0,36.1,39.6,41.2,0.47,0.58,0.46
CSQR,2016-04-05 14:50:00 EDT,43.32613,-76.10445,453,27.1,27.0,17.8,28.0,-1.7,0.000,0.000,0.00,0.000,9.7,17.8,3.6,315,16,10.0,18.1,3.5,314,15,9.7,17.8,3.6,315,16,809,29.92,,0,0,0,36.1,39.5,41.2,0.47,0.58,0.46
CSQR,2016-04-05 14:55:00 EDT,43.32613,-76.10445,453,26.8,26.7,18.6,28.9,-1.3,0.000,0.000,0.00,0.000,8.0,12.4,1.9,309,21,8.3,15.4,2.1,310,21,8.0,12.4,1.9,309,21,801,29.92,,0,0,0,36.0,39.5,41.2,0.47,0.58,0.46
CSQR,2016-04-05 15:00:00 EDT,43.32613,-76.10445,453,27.2,27.0,17.7,28.0,-1.6,0.000,0.000,0.00,0.000,10.1,15.4,2.4,321,20,10.7,17.2,2.4,322,21,10.1,15.4,2.4,321,20,791,29.92,,0,0,0,36.0,39.5,41.2,0.47,0.58,0.46
CSQR,2016-04-05 15:05:00 EDT,43.32613,-76.10445,453,27.3,27.3,21.0,28.8,-0.9,0.000,0.000,0.00,0.000,5.7,12.7,2.6,326,21,6.3,12.8,2.7,327,23,5.7,12.7,2.6,326,21,781,29.92,,0,0,0,36.0,39.5,41.2,0.47,0.58,0.46
CSQR,2016-04-05 15:10:00 EDT,43.32613,-76.10445,453,28.1,27.7,22.2,30.5,1.0,0.000,0.000,0.00,,5.3,14.2,3.6,338,26,6.2,16.6,4.1,338,27,5.3,14.2,3.6,338,26,773,29.92,,0,0,0,36.0,39.5,41.2,0.47,0.58,0.46
CSQR,2016-04-05 15:15:00 EDT,43.32613,-76.10445,453,27.8,27.5,19.3,29.2,-0.3,0.000,0.000,0.00,0.000,8.7,14.9,3.6,313,29,9.4,17.0,3.7,315,29,8.7,14.9,3.6,313,29,763,29.92,,0,0,0,36.0,39.6,41.2,0.47,0.58,0.46
CSQR,2016-04-05 15:20:00 EDT,43.32613,-76.10445,453,27.6,27.4,18.5,29.0,-0.6,0.000,0.000,0.00,0.000,9.6,15.1,2.8,299,16,10.2,16.6,3.0,298,17,9.6,15.1,2.8,299,16,752,29.92,,0,0,0,36.0,39.6,41.2,0.47,0.58,0.46
CSQR,2016-04-05 15:25:00 EDT,43.32613,-76.10445,453,27.4,27.1,18.5,28.7,-1.0,0.000,0.000,0.00,0.000,9.0,14.3,2.4,302,21,9.6,15.7,2.6,299,19,9.0,14.3,2.4,302,21,743,29.92,,0,0,0,36.0,39.5,41.2,0.47,0.58,0.46
CSQR,2016-04-05 15:30:00 EDT,43.32613,-76.10445,453,27.3,27.1,19.2,29.5,-0.4,0.000,0.000,0.00,0.000,7.9,14.7,2.9,295,20,8.5,16.6,3.2,293,20,7.9,14.7,2.9,295,20,732,29.92,,0,0,0,35.9,39.6,41.2,0.47,0.58,0.46
CSQR,2016-04-05 15:35:00 EDT,43.32613,-76.10445,453,27.8,27.6,18.7,28.0,-1.1,0.000,0.000,0.00,0.000,9.8,15.4,2.4,313,23,10.6,17.9,2.5,311,25,9.8,15.4,2.4,313,23,720,29.92,,0,0,0,35.9,39.5,41.2,0.47,0.58,0.46
CSQR,2016-04-05 15:40:00 EDT,43.32613,-76.10445,453,27.8,27.6,18.9,27.0,-1.9,0.000,0.000,0.00,0.000,9.3,16.4,3.1,312,19,9.7,17.2,3.1,307,19,9.3,16.4,3.1,312,19,709,29.92,,0,0,0,35.9,39.6,41.2,0.47,0.58,0.46
CSQR,2016-04-05 15:45:00 EDT,43.32613,-76.10445,453,27.3,27.1,17.2,28.3,-1.4,0.000,0.000,0.00,0.000,11.3,18.7,2.7,297,19,12.2,20.1,3.1,294,19,11.3,18.7,2.7,297,19,698,29.92,,0,0,0,35.8,39.5,41.2,0.47,0.58,0.46
CSQR,2016-04-05 15:50:00 EDT,43.32613,-76.10445,453,27.6,27.5,18.4,29.4,-0.3,0.000,0.000,0.00,0.000,9.9,16.5,3.2,301,17,10.6,18.1,3.4,299,17,9.9,16.5,3.2,301,17,685,29.92,,0,0,0,35.8,39.5,41.2,0.47,0.58,0.46
CSQR,2016-04-05 15:55:00 EDT,43.32613,-76.10445,453,28.3,28.2,21.1,30.0,0.8,0.000,0.000,0.00,0.000,7.0,14.8,3.5,326,18,7.8,17.4,3.8,325,19,7.0,14.8,3.5,326,18,674,29.92,,0,0,0,35.8,39.5,41.2,0.47,0.58,0.46
CSQR,2016-04-05 16:00:00 EDT,43.32613,-76.10445,453,27.8,27.6,20.3,28.3,-0.9,0.000,0.000,0.00,0.000,7.1,11.6,1.9,321,23,7.7,13.2,2.1,320,21,7.1,11.6,1.9,321,23,660,29.92,,0,0,0,35.8,39.5,41.2,0.47,0.58,0.46
CSQR,2016-04-05 16:05:00 EDT,43.32613,-76.10445,453,27.9,27.6,18.5,28.3,-0.9,0.000,0.000,0.00,0.000,10.2,16.0,2.4,316,16,10.7,17.4,2.3,315,13,10.2,16.0,2.4,316,16,647,29.92,,0,0,0,35.8,39.5,41.2,0.47,0.58,0.46
CSQR,2016-04-05 16:10:00 EDT,43.32613,-76.10445,453,27.9,27.7,21.2,28.8,-0.4,0.000,0.000,0.00,0.000,6.2,14.0,2.6,328,24,7.0,13.6,2.5,329,23,6.2,14.0,2.6,328,24,633,29.92,,0,0,0,35.8,39.5,41.2,0.47,0.58,0.46
CSQR,2016-04-05 16:15:00 EDT,43.32613,-76.10445,453,28.0,27.8,18.0,28.5,-0.5,0.000,0.000,0.00,0.000,11.4,20.6,2.6,306,18,11.9,18.6,2.7,305,18,11.4,20.6,2.6,306,18,621,29.92,,0,0,0,35.8,39.6,41.1,0.47,0.58,0.46
CSQR,2016-04-05 16:20:00 EDT,43.32613,-76.10445,453,27.6,27.4,18.9,28.1,-1.2,0.000,0.000,0.00,0.000,8.9,15.5,2.7,316,24,9.8,15.9,3.0,316,23,8.9,15.5,2.7,316,24,606,29.92,,0,0,0,35.8,39.5,41.2,0.47,0.58,0.46
CSQR,2016-04-05 16:25:00 EDT,43.32613,-76.10445,453,27.7,27.5,18.9,29.3,-0.2,0.000,0.000,0.00,0.000,9.2,14.3,2.2,328,17,10.0,15.2,2.2,329,17,9.2,14.3,2.2,328,17,592,29.92,,0,0,0,35.8,39.6,41.1,0.47,0.58,0.46
CSQR,2016-04-05 16:30:00 EDT,43.32613,-76.10445,453,27.7,27.5,18.0,29.0,-0.4,0.000,0.000,0.00,0.000,10.9,16.5,2.6,326,14,11.4,16.6,2.5,325,15,10.9,16.5,2.6,326,14,577,29.92,,0,0,0,35.7,39.5,41.2,0.47,0.58,0.46
CSQR,2016-04-05 16:35:00 EDT,43.32613,-76.10445,453,27.8,27.6,19.7,28.7,-0.6,0.000,0.000,0.00,0.000,8.0,12.6,2.2,321,14,8.6,13.0,2.2,320,13,8.0,12.6,2.2,321,14,562,29.91,,0,0,0,35.7,39.6,41.2,0.47,0.58,0.46
CSQR,2016-04-05 16:40:00 EDT,43.32613,-76.10445,453,27.7,27.6,19.7,29.6,-0.0,0.000,0.000,0.00,0.000,7.9,11.5,1.7,316,16,8.4,13.4,1.8,316,15,7.9,11.5,1.7,316,16,547,29.91,,0,0,0,35.7,39.5,41.2,0.47,0.58,0.46
CSQR,2016-04-05 16:45:00 EDT,43.32613,-76.10445,453,28.0,27.8,20.9,30.9,1.1,0.000,0.000,0.00,0.000,6.8,11.0,2.5,307,22,7.4,13.0,2.6,306,22,6.8,11.0,2.5,307,22,532,29.91,,0,0,0,35.7,39.5,41.2,0.47,0.58,0.46
CSQR,2016-04-05 16:50:00 EDT,43.32613,-76.10445,453,27.9,27.7,19.0,31.6,1.5,0.000,0.000,0.00,0.000,9.3,14.6,1.8,307,22,10.0,15.0,1.8,305,21,9.3,14.6,1.8,307,22,515,29.91,,0,0,0,35.7,39.5,41.2,0.47,0.58,0.46
CSQR,2016-04-05 16:55:00 EDT,43.32613,-76.10445,453,27.6,27.5,19.7,31.2,1.0,0.000,0.000,0.00,0.000,7.8,12.0,2.0,294,12,8.3,12.8,2.3,291,12,7.8,12.0,2.0,294,12,500,29.91,,0,0,0,35.7,39.5,41.2,0.47,0.58,0.46
CSQR,2016-04-05 17:00:00 EDT,43.32613,-76.10445,453,27.9,27.9,23.3,30.6,0.9,0.000,0.000,0.00,0.000,4.1,8.3,1.5,323,26,4.7,10.3,1.7,322,25,4.1,8.3,1.5,323,26,485,29.91,,0,0,0,35.6,39.5,41.2,0.47,0.58,0.46
CSQR,2016-04-05 17:05:00 EDT,43.32613,-76.10445,453,28.4,28.3,22.6,31.8,2.1,0.000,0.000,0.00,0.000,5.3,10.7,2.2,308,26,6.1,12.5,2.2,308,29,5.3,10.7,2.2,308,26,469,29.91,,0,0,0,35.6,39.5,41.1,0.47,0.58,0.46
CSQR,2016-04-05 17:10:00 EDT,43.32613,-76.10445,453,28.0,27.9,20.3,32.3,2.1,0.000,0.000,0.00,0.000,7.5,15.7,3.2,298,15,8.1,16.1,3.1,296,14,7.5,15.7,3.2,298,15,453,29.91,,0,0,0,35.6,39.5,41.2,0.47,0.58,0.46
CSQR,2016-04-05 17:15:00 EDT,43.32613,-76.10445,453,27.6,27.5,19.5,32.6,2.0,0.000,0.000,0.00,0.000,7.9,11.4,1.7,293,8,8.4,12.1,1.9,292,6,7.9,11.4,1.7,293,8,437,29.91,,0,0,0,35.6,39.5,41.1,0.47,0.58,0.46
CSQR,2016-04-05 17:20:00 EDT,43.32613,-76.10445,453,27.4,27.3,19.6,33.0,2.1,0.000,0.000,0.00,0.000,7.6,11.8,2.1,282,14,8.2,13.0,2.4,279,13,7.6,11.8,2.1,282,14,420,29.91,,0,0,0,35.6,39.5,41.2,0.47,0.58,0.46
CSQR,2016-04-05 17:25:00 EDT,43.32613,-76.10445,453,27.5,27.4,18.5,34.2,2.9,0.000,0.000,0.00,0.000,9.5,16.1,2.1,276,19,10.2,17.7,2.3,274,18,9.5,16.1,2.1,276,19,403,29.91,,0,0,0,35.6,39.5,41.2,0.47,0.58,0.46
CSQR,2016-04-05 17:30:00 EDT,43.32613,-76.10445,453,27.3,27.2,18.1,34.9,3.2,0.000,0.000,0.00,0.000,9.7,17.2,3.1,276,16,10.4,18.8,3.3,274,16,9.7,17.2,3.1,276,16,386,29.91,,0,0,0,35.6,39.5,41.2,0.47,0.58,0.46
CSQR,2016-04-05 17:35:00 EDT,43.32613,-76.10445,453,27.3,27.2,19.9,35.3,3.4,0.000,0.000,0.00,0.000,6.9,10.2,1.2,266,14,7.6,12.1,1.4,264,12,6.9,10.2,1.2,266,14,369,29.91,,0,0,0,35.6,39.6,41.2,0.47,0.58,0.46
CSQR,2016-04-05 17:40:00 EDT,43.32613,-76.10445,453,27.8,27.7,20.8,33.7,2.8,0.000,0.000,0.00,0.000,6.4,9.6,1.3,311,22,6.8,10.3,1.5,309,22,6.4,9.6,1.3,311,22,353,29.91,,0,0,0,35.6,39.6,41.1,0.47,0.58,0.46
CSQR,2016-04-05 17:45:00 EDT,43.32613,-76.10445,453,27.8,27.7,20.8,32.8,2.3,0.000,0.000,0.00,0.000,6.5,10.2,1.8,300,22,7.0,11.2,2.0,299,23,6.5,10.2,1.8,300,22,336,29.91,,0,0,0,35.6,39.6,41.1,0.47,0.58,0.46
CSQR,2016-04-05 17:50:00 EDT,43.32613,-76.10445,453,27.3,27.2,19.2,34.0,2.6,0.000,0.000,0.00,0.000,7.8,12.9,2.2,276,12,8.5,13.9,2.5,275,11,7.8,12.9,2.2,276,12,319,29.91,,0,0,0,35.6,39.5,41.1,0.47,0.58,0.46
CSQR,2016-04-05 17:55:00 EDT,43.32613,-76.10445,453,27.6,27.5,20.0,33.6,2.7,0.000,0.000,0.00,0.000,7.4,11.3,1.5,307,20,7.9,12.5,1.6,305,19,7.4,11.3,1.5,307,20,302,29.91,,0,0,0,35.5,39.5,41.1,0.47,0.58,0.46
CSQR,2016-04-05 18:00:00 EDT,43.32613,-76.10445,453,27.4,27.3,19.9,33.0,2.1,0.000,0.000,0.00,0.000,7.1,10.0,1.6,288,12,7.7,11.6,1.7,285,10,7.1,10.0,1.6,288,12,285,29.91,,0,0,0,35.5,39.5,41.1,0.47,0.58,0.46
CSQR,2016-04-05 18:05:00 EDT,43.32613,-76.10445,453,27.5,27.4,19.6,33.9,2.7,0.000,0.000,0.00,0.000,7.5,12.1,1.7,278,15,8.1,12.8,2.0,277,14,7.5,12.1,1.7,278,15,268,29.91,,0,0,0,35.6,39.5,41.1,0.47,0.58,0.46
CSQR,2016-04-05 18:10:00 EDT,43.32613,-76.10445,453,27.1,27.2,19.9,35.0,3.1,0.000,0.000,0.00,0.000,6.6,9.1,1.2,251,9,7.3,9.6,1.2,249,9,6.6,9.1,1.2,251,9,251,29.91,,0,0,0,35.5,39.5,41.1,0.47,0.58,0.46
CSQR,2016-04-05 18:15:00 EDT,43.32613,-76.10445,453,27.2,27.4,21.3,35.4,3.4,0.000,0.000,0.00,0.000,5.1,8.4,1.5,284,25,5.6,9.4,1.7,282,25,5.1,8.4,1.5,284,25,235,29.91,,0,0,0,35.6,39.5,41.1,0.47,0.58,0.46
CSQR,2016-04-05 18:20:00 EDT,43.32613,-76.10445,453,27.6,27.6,20.7,32.9,2.2,0.000,0.000,0.00,0.000,6.4,9.1,1.2,301,18,6.9,10.1,1.3,299,19,6.4,9.1,1.2,301,18,218,29.91,,0,0,0,35.5,39.5,41.1,0.47,0.58,0.46
CSQR,2016-04-05 18:25:00 EDT,43.32613,-76.10445,453,27.4,27.3,19.6,33.6,2.4,0.000,0.000,0.00,0.000,7.4,11.2,2.1,284,13,8.0,11.9,2.2,282,12,7.4,11.2,2.1,284,13,202,29.91,,0,0,0,35.6,39.6,41.1,0.47,0.58,0.46
CSQR,2016-04-05 18:30:00 EDT,43.32613,-76.10445,453,27.2,27.2,18.5,34.6,2.9,0.000,0.000,0.00,0.000,8.7,11.6,1.2,277,8,9.5,13.6,1.4,275,7,8.7,11.6,1.2,277,8,186,29.91,,0,0,0,35.6,39.5,41.1,0.47,0.58,0.46
CSQR,2016-04-05 18:35:00 EDT,43.32613,-76.10445,453,27.1,27.1,18.1,35.4,3.3,0.000,0.000,0.00,0.000,9.3,12.9,1.6,278,13,10.1,14.3,1.7,277,12,9.3,12.9,1.6,278,13,171,29.91,,0,0,0,35.6,39.5,41.1,0.47,0.58,0.46
CSQR,2016-04-05 18:40:00 EDT,43.32613,-76.10445,453,26.9,26.9,18.9,35.7,3.3,0.000,0.000,0.00,0.000,7.7,11.7,1.2,275,10,8.4,13.4,1.4,274,9,7.7,11.7,1.2,275,10,155,29.91,,0,0,0,35.6,39.5,41.1,0.47,0.58,0.46
CSQR,2016-04-05 18:45:00 EDT,43.32613,-76.10445,453,26.9,26.9,19.0,35.4,3.1,0.000,0.000,0.00,0.000,7.5,11.6,1.6,268,10,8.2,13.9,1.8,267,9,7.5,11.6,1.6,268,10,140,29.91,,0,0,0,35.6,39.5,41.0,0.47,0.58,0.46
CSQR,2016-04-05 18:50:00 EDT,43.32613,-76.10445,453,26.9,27.0,20.4,36.1,3.5,0.000,0.000,0.00,0.000,5.7,9.4,1.1,275,14,6.3,10.7,1.3,273,13,5.7,9.4,1.1,275,14,124,29.91,,0,0,0,35.6,39.5,41.1,0.47,0.58,0.46
CSQR,2016-04-05 18:55:00 EDT,43.32613,-76.10445,453,26.8,26.9,19.2,35.3,2.9,0.000,0.000,0.00,0.000,7.0,11.1,1.5,280,11,7.5,11.9,1.6,278,10,7.0,11.1,1.5,280,11,105,29.90,,0,0,0,35.6,39.5,41.1,0.47,0.58,0.46
CSQR,2016-04-05 19:00:00 EDT,43.32613,-76.10445,453,26.9,26.9,20.4,34.6,2.6,0.000,0.000,0.00,0.000,5.6,8.7,1.0,279,8,6.0,10.3,1.2,278,8,5.6,8.7,1.0,279,8,87,29.90,,0,0,0,35.5,39.5,41.0,0.47,0.58,0.46
CSQR,2016-04-05 19:05:00 EDT,43.32613,-76.10445,453,26.8,26.9,19.2,34.7,2.6,0.000,0.000,0.00,0.000,7.1,10.5,1.4,282,9,7.6,11.2,1.6,279,9,7.1,10.5,1.4,282,9,69,29.91,,0,0,0,35.6,39.5,41.0,0.47,0.58,0.46
CSQR,2016-04-05 19:10:00 EDT,43.32613,-76.10445,453,26.7,26.8,20.3,35.6,3.0,0.000,0.000,0.00,0.000,5.5,11.9,1.9,292,15,6.0,11.9,1.8,291,14,5.5,11.9,1.9,292,15,53,29.91,,0,0,0,35.6,39.5,41.1,0.47,0.58,0.46
CSQR,2016-04-05 19:15:00 EDT,43.32613,-76.10445,453,26.6,26.7,18.5,35.5,2.9,0.000,0.000,0.00,0.000,7.7,12.1,2.2,296,12,8.1,13.2,2.3,293,11,7.7,12.1,2.2,296,12,40,29.90,,0,0,0,35.6,39.4,41.0,0.47,0.58,0.46
CSQR,2016-04-05 19:20:00 EDT,43.32613,-76.10445,453,26.6,26.6,18.0,35.2,2.7,0.000,0.000,0.00,0.000,8.4,12.4,1.8,299,10,8.7,12.5,1.8,299,10,8.4,12.4,1.8,299,10,29,29.90,,0,0,0,35.6,39.5,41.0,0.47,0.58,0.46
CSQR,2016-04-05 19:25:00 EDT,43.32613,-76.10445,453,26.5,26.5,18.7,35.7,2.9,0.000,0.000,0.00,0.000,7.2,10.0,1.3,293,11,7.7,10.5,1.4,291,10,7.2,10.0,1.3,293,11,19,29.90,,0,0,0,35.6,39.4,41.0,0.47,0.58,0.46
CSQR,2016-04-05 19:30:00 EDT,43.32613,-76.10445,453,26.1,26.2,20.6,36.8,3.2,0.000,0.000,0.00,0.000,4.5,8.1,1.3,284,12,5.0,8.5,1.4,282,12,4.5,8.1,1.3,284,12,11,29.90,,0,0,0,35.6,39.4,41.0,0.47,0.58,0.46
CSQR,2016-04-05 19:35:00 EDT,43.32613,-76.10445,453,25.9,26.1,19.6,37.4,3.4,0.000,0.000,0.00,0.000,5.3,7.5,1.0,293,12,5.6,7.8,1.1,291,12,5.3,7.5,1.0,293,12,7,29.89,,0,0,0,35.6,39.5,41.0,0.47,0.58,0.46
CSQR,2016-04-05 19:40:00 EDT,43.32613,-76.10445,453,25.5,25.8,19.8,38.2,3.5,0.000,0.000,0.00,0.000,4.7,7.8,1.4,283,13,5.1,8.5,1.5,280,13,4.7,7.8,1.4,283,13,4,29.89,,0,0,0,35.6,39.4,41.0,0.47,0.58,0.46
CSQR,2016-04-05 19:45:00 EDT,43.32613,-76.10445,453,25.6,25.9,20.4,38.3,3.7,0.000,0.000,0.00,0.000,4.3,6.3,0.8,287,10,4.6,6.3,0.8,285,11,4.3,6.3,0.8,287,10,2,29.89,,0,0,0,35.6,39.4,41.0,0.47,0.58,0.46
CSQR,2016-04-05 19:50:00 EDT,43.32613,-76.10445,453,25.3,25.6,21.0,39.2,3.9,0.000,0.000,0.00,0.000,3.4,5.0,0.7,284,8,3.7,5.8,0.9,282,9,3.4,5.0,0.7,284,8,1,29.89,,0,0,0,35.6,39.4,41.0,0.47,0.58,0.46
CSQR,2016-04-05 19:55:00 EDT,43.32613,-76.10445,453,25.5,25.7,21.6,39.4,4.1,0.000,0.000,0.00,0.000,3.2,4.7,0.5,297,11,3.4,5.8,0.6,297,10,3.2,4.7,0.5,297,11,0,29.89,,0,0,0,35.6,39.4,41.0,0.47,0.58,0.46
CSQR,2016-04-05 20:00:00 EDT,43.32613,-76.10445,453,25.3,25.5,20.5,39.8,4.2,0.000,0.000,0.00,0.000,3.9,6.1,0.6,293,9,4.1,7.2,0.8,292,8,3.9,6.1,0.6,293,9,0,29.89,,0,0,0,35.6,39.4,41.0,0.47,0.58,0.46
CSQR,2016-04-05 20:05:00 EDT,43.32613,-76.10445,453,25.2,25.4,20.6,40.5,4.6,0.000,0.000,0.00,0.000,3.8,5.5,0.6,294,7,4.0,5.8,0.7,293,7,3.8,5.5,0.6,294,7,0,29.89,,0,0,0,35.6,39.4,41.0,0.47,0.58,0.46
CSQR,2016-04-05 20:10:00 EDT,43.32613,-76.10445,453,25.1,25.4,20.2,40.8,4.6,0.000,0.000,0.00,0.000,3.9,5.5,0.6,285,9,4.2,6.0,0.6,283,8,3.9,5.5,0.6,285,9,0,29.89,,0,0,0,35.6,39.4,41.0,0.47,0.58,0.46
CSQR,2016-04-05 20:15:00 EDT,43.32613,-76.10445,453,24.8,25.2,19.6,41.5,4.7,0.000,0.000,0.00,0.000,4.1,5.3,0.5,281,6,4.5,6.3,0.6,279,6,4.1,5.3,0.5,281,6,0,29.89,,0,0,0,35.6,39.4,41.0,0.47,0.58,0.46
CSQR,2016-04-05 20:20:00 EDT,43.32613,-76.10445,453,24.8,25.2,20.1,41.5,4.7,0.000,0.000,0.00,0.000,3.7,4.8,0.5,286,8,3.9,5.8,0.6,285,8,3.7,4.8,0.5,286,8,0,29.90,,0,0,0,35.6,39.4,41.0,0.47,0.58,0.46
CSQR,2016-04-05 20:25:00 EDT,43.32613,-76.10445,453,24.8,25.0,20.7,42.3,5.0,0.000,0.000,0.00,0.000,3.3,4.7,0.7,291,9,3.4,4.9,0.8,290,9,3.3,4.7,0.7,291,9,0,29.90,,0,0,0,35.6,39.4,41.0,0.47,0.58,0.46
CSQR,2016-04-05 20:30:00 EDT,43.32613,-76.10445,453,24.8,24.9,24.8,42.2,5.1,0.000,0.000,0.00,0.000,2.6,4.2,0.7,294,10,2.6,4.7,0.8,292,11,2.6,4.2,0.7,294,10,0,29.89,,0,0,0,35.6,39.4,41.0,0.47,0.58,0.46
CSQR,2016-04-05 20:35:00 EDT,43.32613,-76.10445,453,24.8,24.8,24.8,42.3,5.1,0.000,0.000,0.00,0.000,2.3,3.7,0.6,297,11,2.4,4.3,0.7,297,12,2.3,3.7,0.6,297,11,0,29.89,,0,0,0,35.6,39.4,41.0,0.47,0.58,0.46
CSQR,2016-04-05 20:40:00 EDT,43.32613,-76.10445,453,24.3,24.7,24.3,42.9,5.0,0.000,0.000,0.00,0.000,1.0,1.8,0.5,313,9,1.2,2.2,0.4,314,11,1.0,1.8,0.5,313,9,0,29.89,,0,0,0,35.6,39.4,41.0,0.47,0.58,0.46
CSQR,2016-04-05 20:45:00 EDT,43.32613,-76.10445,453,23.5,24.5,23.5,45.3,5.4,0.000,0.000,0.00,0.000,0.3,0.9,0.3,327,11,0.8,1.3,0.2,329,18,0.3,0.9,0.3,327,11,0,29.89,,0,0,0,35.6,39.4,41.0,0.47,0.58,0.46
CSQR,2016-04-05 20:50:00 EDT,43.32613,-76.10445,453,23.3,24.1,23.3,45.8,5.4,0.000,0.000,0.00,0.000,0.0,0.1,0.0,311,0,0.4,0.7,0.2,356,34,0.0,0.1,0.0,311,0,0,29.89,,0,0,0,35.6,39.4,41.0,0.47,0.58,0.46
CSQR,2016-04-05 20:55:00 EDT,43.32613,-76.10445,453,23.3,23.9,23.3,45.9,5.5,0.000,0.000,0.00,0.000,0.0,0.0,0.0,0,0,0.6,1.3,0.2,83,31,0.0,0.0,0.0,0,0,0,29.89,,0,0,0,35.6,39.4,41.0,0.47,0.58,0.46
CSQR,2016-04-05 21:00:00 EDT,43.32613,-76.10445,453,21.2,23.0,21.2,48.8,4.9,0.000,0.000,0.00,0.000,1.2,1.6,0.3,112,21,1.7,2.0,0.1,106,16,1.2,1.6,0.3,112,21,0,29.89,,0,0,0,35.6,39.4,41.0,0.47,0.58,0.46
CSQR,2016-04-05 21:05:00 EDT,43.32613,-76.10445,453,22.0,23.2,22.0,56.5,8.9,0.000,0.000,0.00,0.000,1.0,1.3,0.2,89,0,1.6,2.0,0.2,82,4,1.0,1.3,0.2,89,0,0,29.89,,0,0,0,35.6,39.4,41.0,0.47,0.58,0.46
CSQR,2016-04-05 21:10:00 EDT,43.32613,-76.10445,453,22.9,23.4,22.9,58.3,10.4,0.000,0.000,0.00,0.000,0.6,0.9,0.2,88,3,1.1,1.3,0.1,88,11,0.6,0.9,0.2,88,3,0,29.90,,0,0,0,35.6,39.4,41.0,0.47,0.58,0.46
CSQR,2016-04-05 21:15:00 EDT,43.32613,-76.10445,453,22.6,23.1,22.6,58.9,10.4,0.000,0.000,0.00,0.000,0.9,1.4,0.2,83,7,1.4,1.8,0.2,79,9,0.9,1.4,0.2,83,7,0,29.90,,0,0,0,35.6,39.4,41.0,0.47,0.58,0.46
CSQR,2016-04-05 21:20:00 EDT,43.32613,-76.10445,453,22.6,23.0,22.6,56.5,9.4,0.000,0.000,0.00,0.000,1.2,1.5,0.2,52,5,1.4,1.8,0.2,49,5,1.2,1.5,0.2,52,5,0,29.90,,0,0,0,35.6,39.4,41.0,0.47,0.58,0.46
CSQR,2016-04-05 21:25:00 EDT,43.32613,-76.10445,453,22.0,23.0,22.0,58.4,9.7,0.000,0.000,0.00,0.000,1.7,2.8,0.6,93,15,2.1,3.4,0.6,91,17,1.7,2.8,0.6,93,15,0,29.90,,0,0,0,35.6,39.4,41.0,0.47,0.58,0.46
CSQR,2016-04-05 21:30:00 EDT,43.32613,-76.10445,453,20.6,21.4,20.6,59.7,8.8,0.000,0.000,0.00,0.000,2.5,2.8,0.2,110,4,2.9,3.4,0.2,111,7,2.5,2.8,0.2,110,4,0,29.89,,0,0,0,35.6,39.4,41.0,0.47,0.58,0.46
CSQR,2016-04-05 21:35:00 EDT,43.32613,-76.10445,453,19.6,21.0,19.6,63.1,9.1,0.000,0.000,0.00,0.000,1.2,2.3,0.5,107,1,1.6,2.7,0.5,107,6,1.2,2.3,0.5,107,1,0,29.89,,0,0,0,35.6,39.4,41.0,0.47,0.58,0.46
CSQR,2016-04-05 21:40:00 EDT,43.32613,-76.10445,453,19.7,20.8,19.7,68.6,11.0,0.000,0.000,0.00,0.000,1.4,2.2,0.5,105,2,1.9,2.7,0.5,102,5,1.4,2.2,0.5,105,2,0,29.89,,0,0,0,35.7,39.4,41.0,0.47,0.58,0.46
CSQR,2016-04-05 21:45:00 EDT,43.32613,-76.10445,453,20.0,21.4,20.0,62.3,9.2,0.000,0.000,0.00,0.000,2.0,2.6,0.5,108,8,2.4,3.1,0.5,108,10,2.0,2.6,0.5,108,8,0,29.89,,0,0,0,35.6,39.3,41.0,0.47,0.58,0.46
CSQR,2016-04-05 21:50:00 EDT,43.32613,-76.10445,453,20.8,21.5,20.8,60.7,9.4,0.000,0.000,0.00,0.000,1.0,1.5,0.3,98,15,1.4,2.2,0.3,93,18,1.0,1.5,0.3,98,15,0,29.89,,0,0,0,35.7,39.3,41.0,0.47,0.58,0.46
CSQR,2016-04-05 21:55:00 EDT,43.32613,-76.10445,453,21.3,21.8,21.3,62.0,10.3,0.000,0.000,0.00,0.000,0.5,1.0,0.2,86,11,1.1,1.8,0.2,79,15,0.5,1.0,0.2,86,11,0,29.89,,0,0,0,35.7,39.4,41.0,0.47,0.58,0.46
CSQR,2016-04-05 22:00:00 EDT,43.32613,-76.10445,453,21.0,21.8,21.0,61.5,9.8,0.000,0.000,0.00,0.000,0.4,0.9,0.3,98,9,1.1,1.6,0.2,83,30,0.4,0.9,0.3,98,9,0,29.89,,0,0,0,35.7,39.4,41.0,0.47,0.58,0.46
CSQR,2016-04-05 22:05:00 EDT,43.32613,-76.10445,453,19.1,21.0,19.1,65.6,9.4,0.000,0.000,0.00,0.000,0.1,0.7,0.2,20,2,0.6,1.3,0.3,13,35,0.1,0.7,0.2,20,2,0,29.89,,0,0,0,35.7,39.4,41.0,0.47,0.58,0.46
CSQR,2016-04-05 22:10:00 EDT,43.32613,-76.10445,453,18.3,20.1,18.3,70.5,10.3,0.000,0.000,0.00,0.000,0.0,0.1,0.0,325,5,0.7,0.9,0.2,335,21,0.0,0.1,0.0,325,5,0,29.89,,0,0,0,35.7,39.3,41.0,0.47,0.58,0.46
CSQR,2016-04-05 22:15:00 EDT,43.32613,-76.10445,453,18.6,20.3,18.6,69.6,10.3,0.000,0.000,0.00,0.000,0.0,0.1,0.0,317,0,0.6,1.1,0.2,57,17,0.0,0.1,0.0,317,0,0,29.89,,0,0,0,35.7,39.3,41.0,0.47,0.58,0.46
CSQR,2016-04-05 22:20:00 EDT,43.32613,-76.10445,453,19.1,20.1,19.1,70.9,11.2,0.000,0.000,0.00,0.000,0.6,0.9,0.3,77,11,1.2,1.6,0.2,70,13,0.6,0.9,0.3,77,11,0,29.89,,0,0,0,35.7,39.3,41.0,0.47,0.58,0.46
CSQR,2016-04-05 22:25:00 EDT,43.32613,-76.10445,453,19.4,20.1,19.4,71.1,11.6,0.000,0.000,0.00,0.000,0.4,1.2,0.5,57,4,1.0,1.3,0.2,49,15,0.4,1.2,0.5,57,4,0,29.89,,0,0,0,35.7,39.3,41.0,0.47,0.58,0.46
CSQR,2016-04-05 22:30:00 EDT,43.32613,-76.10445,453,18.4,19.5,18.4,72.1,11.0,0.000,0.000,0.00,0.000,0.4,1.2,0.4,95,17,1.1,1.8,0.3,91,19,0.4,1.2,0.4,95,17,0,29.89,,0,0,0,35.7,39.3,41.0,0.47,0.58,0.46
CSQR,2016-04-05 22:35:00 EDT,43.32613,-76.10445,453,17.5,18.9,17.5,74.8,10.9,0.000,0.000,0.00,0.000,1.1,1.6,0.2,85,14,1.6,2.0,0.2,76,14,1.1,1.6,0.2,85,14,0,29.88,,0,0,0,35.8,39.3,41.0,0.47,0.58,0.46
CSQR,2016-04-05 22:40:00 EDT,43.32613,-76.10445,453,18.6,19.4,18.6,75.4,12.2,0.000,0.000,0.00,0.000,1.5,2.0,0.2,74,10,1.9,2.9,0.3,70,12,1.5,2.0,0.2,74,10,0,29.88,,0,0,0,35.7,39.3,41.0,0.47,0.58,0.46
CSQR,2016-04-05 22:45:00 EDT,43.32613,-76.10445,453,19.1,19.7,19.1,74.6,12.4,0.000,0.000,0.00,0.000,1.2,1.8,0.2,93,12,1.7,2.5,0.3,89,15,1.2,1.8,0.2,93,12,0,29.88,,0,0,0,35.8,39.3,41.0,0.47,0.58,0.46
CSQR,2016-04-05 22:50:00 EDT,43.32613,-76.10445,453,19.3,19.7,19.3,71.6,11.7,0.000,0.000,0.00,0.000,1.3,1.6,0.2,74,10,1.7,2.2,0.3,70,12,1.3,1.6,0.2,74,10,0,29.88,,0,0,0,35.8,39.3,41.0,0.47,0.58,0.46
CSQR,2016-04-05 22:55:00 EDT,43.32613,-76.10445,453,19.2,19.9,19.2,71.1,11.4,0.000,0.000,0.00,0.000,0.7,1.3,0.4,75,12,1.2,2.0,0.5,72,16,0.7,1.3,0.4,75,12,0,29.88,,0,0,0,35.8,39.3,41.0,0.47,0.58,0.46
CSQR,2016-04-05 23:00:00 EDT,43.32613,-76.10445,453,18.0,19.4,18.0,74.2,11.2,0.000,0.000,0.00,0.000,0.4,1.0,0.4,22,1,1.0,1.3,0.3,23,11,0.4,1.0,0.4,22,1,0,29.87,,0,0,0,35.7,39.3,41.0,0.47,0.58,0.46
CSQR,2016-04-05 23:05:00 EDT,43.32613,-76.10445,453,17.1,18.5,17.1,76.2,10.9,0.000,0.000,0.00,0.000,0.0,0.4,0.1,31,0,0.6,1.1,0.2,58,19,0.0,0.4,0.1,31,0,0,29.87,,0,0,0,35.8,39.3,41.0,0.47,0.58,0.46
CSQR,2016-04-05 23:10:00 EDT,43.32613,-76.10445,453,17.0,18.3,17.0,78.9,11.6,0.000,0.000,0.00,0.000,0.1,0.6,0.2,31,0,0.8,1.1,0.2,34,11,0.1,0.6,0.2,31,0,0,29.87,,0,0,0,35.8,39.3,40.9,0.47,0.58,0.46
CSQR,2016-04-05 23:15:00 EDT,43.32613,-76.10445,453,17.0,18.0,17.0,80.4,12.0,0.000,0.000,0.00,0.000,0.1,0.6,0.2,64,0,0.8,1.1,0.2,73,11,0.1,0.6,0.2,64,0,0,29.87,,0,0,0,35.8,39.2,41.0,0.47,0.58,0.46
CSQR,2016-04-05 23:20:00 EDT,43.32613,-76.10445,453,17.0,18.1,17.0,80.8,12.1,0.000,0.000,0.00,0.000,0.5,0.9,0.2,66,4,1.1,1.3,0.2,68,15,0.5,0.9,0.2,66,4,0,29.87,,0,0,0,35.8,39.2,40.9,0.47,0.58,0.46
CSQR,2016-04-05 23:25:00 EDT,43.32613,-76.10445,453,16.7,17.6,16.7,80.4,11.7,0.000,0.000,0.00,0.000,0.2,0.6,0.2,113,1,0.8,1.1,0.2,94,26,0.2,0.6,0.2,113,1,0,29.87,,0,0,0,35.8,39.2,40.9,0.47,0.58,0.46
CSQR,2016-04-05 23:30:00 EDT,43.32613,-76.10445,453,16.9,17.9,16.9,81.4,12.2,0.000,0.000,0.00,0.000,0.7,1.1,0.4,91,12,1.3,1.8,0.2,77,18,0.7,1.1,0.4,91,12,0,29.87,,0,0,0,35.8,39.2,40.9,0.47,0.58,0.46
CSQR,2016-04-05 23:35:00 EDT,43.32613,-76.10445,453,17.3,17.9,17.3,79.5,12.1,0.000,0.000,0.00,0.000,1.0,1.5,0.3,135,19,1.3,2.0,0.3,129,18,1.0,1.5,0.3,135,19,0,29.87,,0,0,0,35.8,39.2,40.9,0.47,0.58,0.46
CSQR,2016-04-05 23:40:00 EDT,43.32613,-76.10445,453,15.5,17.4,15.5,76.3,9.4,0.000,0.000,0.00,0.000,0.4,1.1,0.3,109,14,1.0,1.6,0.3,99,15,0.4,1.1,0.3,109,14,0,29.87,,0,0,0,35.8,39.2,40.9,0.47,0.58,0.46
CSQR,2016-04-05 23:45:00 EDT,43.32613,-76.10445,453,17.0,17.7,17.0,78.3,11.5,0.000,0.000,0.00,0.000,0.4,1.1,0.3,112,5,0.9,1.8,0.3,108,13,0.4,1.1,0.3,112,5,0,29.87,,0,0,0,35.8,39.2,40.9,0.47,0.58,0.46
CSQR,2016-04-05 23:50:00 EDT,43.32613,-76.10445,453,16.1,17.6,16.1,77.6,10.4,0.000,0.000,0.00,0.000,0.7,1.2,0.3,124,6,1.1,1.6,0.2,119,9,0.7,1.2,0.3,124,6,0,29.87,,0,0,0,35.8,39.2,40.9,0.47,0.58,0.46
CSQR,2016-04-05 23:55:00 EDT,43.32613,-76.10445,453,16.1,17.9,16.1,80.2,11.1,0.000,0.000,0.00,0.000,0.3,1.2,0.4,108,6,1.0,1.8,0.3,84,22,0.3,1.2,0.4,108,6,0,29.87,,0,0,0,35.8,39.2,40.9,0.47,0.58,0.46
DELE,2016-04-05 00:00:00 EDT,42.41846,-78.42320,2042,,,,82.1,,,,,,5.4,7.4,0.6,303,4,5.8,7.6,0.6,310,4,5.4,7.4,0.6,303,4,0,27.95,,,,,,,,,,
DELE,2016-04-05 00:05:00 EDT,42.41846,-78.42320,2042,,,,81.9,,,,,,4.9,5.6,0.2,301,2,5.4,6.0,0.3,309,3,4.9,5.6,0.2,301,2,0,27.95,,,,,,,,,,
DELE,2016-04-05 00:10:00 EDT,42.41846,-78.42320,2042,,,,81.6,,,,,,5.1,6.0,0.2,303,2,5.5,6.7,0.3,311,3,5.1,6.0,0.2,303,2,0,27.96,,,,,,,,,,
DELE,2016-04-05 00:15:00 EDT,42.41846,-78.42320,2042,,,,81.6,,,,,,5.3,6.7,0.4,304,4,5.8,7.4,0.4,312,4,5.3,6.7,0.4,304,4,0,27.96,,,,,,,,,,
DELE,2016-04-05 00:20:00 EDT,42.41846,-78.42320,2042,,,,81.7,,,,,,5.7,7.3,0.5,304,3,6.1,8.1,0.5,312,4,5.7,7.3,0.5,304,3,0,27.96,,,,,,,,,,
DELE,2016-04-05 00:25:00 EDT,42.41846,-78.42320,2042,,,,81.1,,,,,,7.0,9.8,1.1,305,6,7.4,10.1,1.2,313,6,7.0,9.8,1.1,305,6,0,27.96,,,,,,,,,,
DELE,2016-04-05 00:30:00 EDT,42.41846,-78.42320,2042,,,,80.0,,,,,,7.9,11.5,1.2,308,6,8.4,11.6,1.2,315,6,7.9,11.5,1.2,308,6,0,27.96,,,,,,,,,,
DELE,2016-04-05 00:35:00 EDT,42.41846,-78.42320,2042,,,,79.7,,,,,,8.8,11.3,1.2,308,8,9.2,12.1,1.2,316,7,8.8,11.3,1.2,308,8,0,27.96,,,,,,,,,,
DELE,2016-04-05 00:40:00 EDT,42.41846,-78.42320,2042,,,,79.2,,,,,,7.6,10.2,0.9,309,6,8.2,11.0,1.0,317,6,7.6,10.2,0.9,309,6,0,27.96,,,,,,,,,,
DELE,2016-04-05 00:45:00 EDT,42.41846,-78.42320,2042,,,,80.1,,,,,,8.3,13.2,1.2,309,6,8.8,13.4,1.2,317,4,8.3,13.2,1.2,309,6,0,27.96,,,,,,,,,,
DELE,2016-04-05 00:50:00 EDT,42.41846,-78.42320,2042,,,,79.5,,,,,,8.3,11.5,1.0,309,6,8.7,12.1,1.0,316,6,8.3,11.5,1.0,309,6,0,27.97,,,,,,,,,,
DELE,2016-04-05 00:55:00 EDT,42.41846,-78.42320,2042,,,,79.6,,,,,,8.7,11.3,1.1,308,5,9.2,12.1,1.2,315,5,8.7,11.3,1.1,308,5,0,27.97,,,,,,,,,,
DELE,2016-04-05 01:00:00 EDT,42.41846,-78.42320,2042,,,,79.8,,,,,,8.3,10.7,0.9,307,7,8.8,11.6,0.9,315,7,8.3,10.7,0.9,307,7,0,27.97,,,,,,,,,,
DELE,2016-04-05 01:05:00 EDT,42.41846,-78.42320,2042,,,,80.0,,,,,,8.8,10.6,0.9,307,8,9.2,11.6,1.0,315,7,8.8,10.6,0.9,307,8,0,27.97,,,,,,,,,,
DELE,2016-04-05 01:10:00 EDT,42.41846,-78.42320,2042,,,,79.7,,,,,,8.1,11.0,1.0,309,8,8.5,11.4,1.0,316,7,8.1,11.0,1.0,309,8,0,27.97,,,,,,,,,,
DELE,2016-04-05 01:15:00 EDT,42.41846,-78.42320,2042,,,,79.9,,,,,,7.0,9.0,0.8,311,7,7.5,9.6,0.8,318,7,7.0,9.0,0.8,311,7,0,27.97,,,,,,,,,,
DELE,2016-04-05 01:20:00 EDT,42.41846,-78.42320,2042,,,,80.5,,,,,,7.8,11.0,1.2,313,9,8.2,11.9,1.2,320,8,7.8,11.0,1.2,313,9,0,27.97,,,,,,,,,,
DELE,2016-04-05 01:25:00 EDT,42.41846,-78.42320,2042,,,,80.1,,,,,,7.8,10.4,1.0,311,8,8.4,11.4,1.2,319,8,7.8,10.4,1.0,311,8,0,27.97,,,,,,,,,,
DELE,2016-04-05 01:30:00 EDT,42.41846,-78.42320,2042,,,,80.3,,,,,,8.5,12.2,1.5,309,8,9.0,12.8,1.6,316,7,8.5,12.2,1.5,309,8,0,27.98,,,,,,,,,,
DELE,2016-04-05 01:35:00 EDT,42.41846,-78.42320,2042,,,,80.2,,,,,,8.1,11.7,1.2,309,8,8.6,12.3,1.3,316,7,8.1,11.7,1.2,309,8,0,27.98,,,,,,,,,,
DELE,2016-04-05 01:40:00 EDT,42.41846,-78.42320,2042,,,,80.3,,,,,,7.7,10.0,0.9,308,7,8.1,10.3,0.9,315,6,7.7,10.0,0.9,308,7,0,27.98,,,,,,,,,,
DELE,2016-04-05 01:45:00 EDT,42.41846,-78.42320,2042,,,,80.5,,,,,,8.3,11.9,1.2,307,5,8.7,12.3,1.1,315,5,8.3,11.9,1.2,307,5,0,27.98,,,,,,,,,,
DELE,2016-04-05 01:50:00 EDT,42.41846,-78.42320,2042,,,,80.9,,,,,,7.7,9.9,0.9,306,6,8.2,10.5,0.9,313,5,7.7,9.9,0.9,306,6,0,27.98,,,,,,,,,,
DELE,2016-04-05 01:55:00 EDT,42.41846,-78.42320,2042,,,,81.3,,,,,,7.7,10.6,1.1,304,6,8.1,10.7,1.0,312,6,7.7,10.6,1.1,304,6,0,27.98,,,,,,,,,,
DELE,2016-04-05 02:00:00 EDT,42.41846,-78.42320,2042,,,,81.5,,,,,,8.1,10.2,0.8,306,6,8.7,10.7,0.9,313,6,8.1,10.2,0.8,306,6,0,27.98,,,,,,,,,,
DELE,2016-04-05 02:05:00 EDT,42.41846,-78.42320,2042,,,,81.6,,,,,,8.1,9.8,0.8,306,5,8.7,10.7,0.8,313,5,8.1,9.8,0.8,306,5,0,27.98,,,,,,,,,,
DELE,2016-04-05 02:10:00 EDT,42.41846,-78.42320,2042,,,,81.7,,,,,,8.1,11.5,1.1,308,6,8.6,12.8,1.1,315,5,8.1,11.5,1.1,308,6,0,27.98,,,,,,,,,,
DELE,2016-04-05 02:15:00 EDT,42.41846,-78.42320,2042,,,,81.5,,,,,,8.6,10.5,0.9,306,5,9.1,11.2,1.0,313,5,8.6,10.5,0.9,306,5,0,27.98,,,,,,,,,,
DELE,2016-04-05 02:20:00 EDT,42.41846,-78.42320,2042,,,,81.6,,,,,,8.7,12.1,1.1,305,5,9.2,12.1,1.1,313,5,8.7,12.1,1.1,305,5,0,27.98,,,,,,,,,,
DELE,2016-04-05 02:25:00 EDT,42.41846,-78.42320,2042,,,,81.5,,,,,,8.8,11.8,1.0,303,6,9.3,12.5,1.1,310,7,8.8,11.8,1.0,303,6,0,27.99,,,,,,,,,,
DELE,2016-04-05 02:30:00 EDT,42.41846,-78.42320,2042,,,,81.9,,,,,,8.5,12.1,1.2,303,7,8.9,12.5,1.3,310,7,8.5,12.1,1.2,303,7,0,27.99,,,,,,,,,,
DELE,2016-04-05 02:35:00 EDT,42.41846,-78.42320,2042,,,,82.0,,,,,,8.1,11.3,1.0,304,7,8.5,11.9,1.1,310,6,8.1,11.3,1.0,304,7,0,27.99,,,,,,,,,,
DELE,2016-04-05 02:40:00 EDT,42.41846,-78.42320,2042,,,,82.0,,,,,,8.2,10.5,0.8,303,5,8.8,11.6,0.9,311,5,8.2,10.5,0.8,303,5,0,27.99,,,,,,,,,,
DELE,2016-04-05 02:45:00 EDT,42.41846,-78.42320,2042,,,,82.2,,,,,,8.7,11.2,0.8,302,6,9.2,11.6,0.9,309,6,8.7,11.2,0.8,302,6,0,27.99,,,,,,,,,,
DELE,2016-04-05 02:50:00 EDT,42.41846,-78.42320,2042,,,,81.9,,,,,,9.1,11.4,0.9,303,6,9.6,12.1,1.0,310,6,9.1,11.4,0.9,303,6,0,27.99,,,,,,,,,,
DELE,2016-04-05 02:55:00 EDT,42.41846,-78.42320,2042,,,,81.2,,,,,,9.8,13.3,1.1,302,5,10.2,13.2,1.1,309,6,9.8,13.3,1.1,302,5,0,27.99,,,,,,,,,,
DELE,2016-04-05 03:00:00 EDT,42.41846,-78.42320,2042,,,,81.0,,,,,,9.2,12.1,1.0,305,6,9.8,12.8,1.0,311,7,9.2,12.1,1.0,305,6,0,27.99,,,,,,,,,,
DELE,2016-04-05 03:05:00 EDT,42.41846,-78.42320,2042,,,,81.4,,,,,,8.9,11.3,1.1,301,5,9.4,12.3,1.1,309,5,8.9,11.3,1.1,301,5,0,27.99,,,,,,,,,,
DELE,2016-04-05 03:10:00 EDT,42.41846,-78.42320,2042,,,,81.4,,,,,,8.3,10.2,0.8,300,6,8.8,11.0,0.8,306,7,8.3,10.2,0.8,300,6,0,27.99,,,,,,,,,,
DELE,2016-04-05 03:15:00 EDT,42.41846,-78.42320,2042,,,,82.0,,,,,,8.8,11.0,1.0,301,7,9.2,12.1,1.1,308,7,8.8,11.0,1.0,301,7,0,27.99,,,,,,,,,,
DELE,2016-04-05 03:20:00 EDT,42.41846,-78.42320,2042,,,,82.4,,,,,,8.8,12.4,1.0,300,6,9.2,12.8,1.0,306,6,8.8,12.4,1.0,300,6,0,27.99,,,,,,,,,,
DELE,2016-04-05 03:25:00 EDT,42.41846,-78.42320,2042,,,,82.7,,,,,,8.5,10.4,0.8,298,5,9.0,11.4,0.9,305,5,8.5,10.4,0.8,298,5,0,27.99,,,,,,,,,,
DELE,2016-04-05 03:30:00 EDT,42.41846,-78.42320,2042,,,,83.0,,,,,,8.7,11.7,1.0,299,5,9.2,12.3,1.1,306,5,8.7,11.7,1.0,299,5,0,28.00,,,,,,,,,,
DELE,2016-04-05 03:35:00 EDT,42.41846,-78.42320,2042,,,,83.0,,,,,,8.4,10.2,0.9,299,6,9.0,12.1,1.0,306,6,8.4,10.2,0.9,299,6,0,28.00,,,,,,,,,,
DELE,2016-04-05 03:40:00 EDT,42.41846,-78.42320,2042,,,,82.9,,,,,,8.4,11.8,1.0,301,5,8.9,11.9,1.0,308,5,8.4,11.8,1.0,301,5,0,28.00,,,,,,,,,,
DELE,2016-04-05 03:45:00 EDT,42.41846,-78.42320,2042,,,,83.2,,,,,,7.9,10.4,0.9,300,5,8.4,10.5,0.9,307,5,7.9,10.4,0.9,300,5,0,28.00,,,,,,,,,,
DELE,2016-04-05 03:50:00 EDT,42.41846,-78.42320,2042,,,,83.0,,,,,,7.8,10.2,0.9,299,5,8.1,10.3,0.9,306,5,7.8,10.2,0.9,299,5,0,28.00,,,,,,,,,,
DELE,2016-04-05 03:55:00 EDT,42.41846,-78.42320,2042,,,,83.3,,,,,,7.4,8.8,0.7,297,5,7.8,9.8,0.7,304,5,7.4,8.8,0.7,297,5,0,28.00,,,,,,,,,,
DELE,2016-04-05 04:00:00 EDT,42.41846,-78.42320,2042,,,,83.4,,,,,,7.4,9.0,0.7,296,5,7.8,10.1,0.7,303,5,7.4,9.0,0.7,296,5,0,28.00,,,,,,,,,,
DELE,2016-04-05 04:05:00 EDT,42.41846,-78.42320,2042,,,,83.8,,,,,,7.5,9.3,0.7,296,5,7.9,9.6,0.7,303,5,7.5,9.3,0.7,296,5,0,28.00,,,,,,,,,,
DELE,2016-04-05 04:10:00 EDT,42.41846,-78.42320,2042,,,,83.5,,,,,,7.4,8.6,0.6,295,5,7.8,9.2,0.7,302,4,7.4,8.6,0.6,295,5,0,28.00,,,,,,,,,,
DELE,2016-04-05 04:15:00 EDT,42.41846,-78.42320,2042,,,,83.6,,,,,,7.2,9.4,0.8,293,6,7.6,9.2,0.8,300,5,7.2,9.4,0.8,293,6,0,28.01,,,,,,,,,,
DELE,2016-04-05 04:20:00 EDT,42.41846,-78.42320,2042,,,,82.9,,,,,,7.2,8.7,0.6,295,5,7.6,9.2,0.6,302,5,7.2,8.7,0.6,295,5,0,28.01,,,,,,,,,,
DELE,2016-04-05 04:25:00 EDT,42.41846,-78.42320,2042,,,,83.2,,,,,,6.6,8.1,0.6,299,4,7.0,8.9,0.7,306,4,6.6,8.1,0.6,299,4,0,28.01,,,,,,,,,,
DELE,2016-04-05 04:30:00 EDT,42.41846,-78.42320,2042,,,,82.0,,,,,,7.6,9.5,0.7,301,5,8.1,9.8,0.8,308,5,7.6,9.5,0.7,301,5,0,28.01,,,,,,,,,,
DELE,2016-04-05 04:35:00 EDT,42.41846,-78.42320,2042,,,,80.7,,,,,,8.0,9.9,0.7,302,5,8.4,10.3,0.7,309,5,8.0,9.9,0.7,302,5,0,28.01,,,,,,,,,,
DELE,2016-04-05 04:40:00 EDT,42.41846,-78.42320,2042,,,,80.0,,,,,,8.4,10.8,0.9,303,5,8.9,11.4,0.8,311,5,8.4,10.8,0.9,303,5,0,28.01,,,,,,,,,,
DELE,2016-04-05 04:45:00 EDT,42.41846,-78.42320,2042,,,,78.7,,,,,,8.8,11.7,0.9,304,5,9.4,11.6,0.9,311,5,8.8,11.7,0.9,304,5,0,28.02,,,,,,,,,,
DELE,2016-04-05 04:50:00 EDT,42.41846,-78.42320,2042,,,,78.2,,,,,,9.2,11.1,0.8,305,5,9.8,11.6,0.8,312,5,9.2,11.1,0.8,305,5,0,28.02,,,,,,,,,,
DELE,2016-04-05 04:55:00 EDT,42.41846,-78.42320,2042,,,,77.3,,,,,,9.2,12.2,1.2,307,6,9.7,13.2,1.1,314,5,9.2,12.2,1.2,307,6,0,28.02,,,,,,,,,,
DELE,2016-04-05 05:00:00 EDT,42.41846,-78.42320,2042,,,,77.2,,,,,,8.7,12.2,1.0,311,6,9.1,13.6,1.1,319,6,8.7,12.2,1.0,311,6,0,28.02,,,,,,,,,,
DELE,2016-04-05 05:05:00 EDT,42.41846,-78.42320,2042,,,,76.7,,,,,,8.6,11.4,1.2,310,8,9.1,12.1,1.1,316,8,8.6,11.4,1.2,310,8,0,28.02,,,,,,,,,,
DELE,2016-04-05 05:10:00 EDT,42.41846,-78.42320,2042,,,,76.9,,,,,,8.4,10.7,0.9,313,8,9.0,11.9,1.0,320,7,8.4,10.7,0.9,313,8,0,28.03,,,,,,,,,,
DELE,2016-04-05 05:15:00 EDT,42.41846,-78.42320,2042,,,,77.6,,,,,,7.7,9.9,0.9,314,8,8.2,10.7,1.0,321,7,7.7,9.9,0.9,314,8,0,28.03,,,,,,,,,,
DELE,2016-04-05 05:20:00 EDT,42.41846,-78.42320,2042,,,,77.6,,,,,,7.2,9.9,0.9,317,7,7.7,10.5,0.9,324,6,7.2,9.9,0.9,317,7,0,28.04,,,,,,,,,,
DELE,2016-04-05 05:25:00 EDT,42.41846,-78.42320,2042,,,,78.0,,,,,,6.9,8.3,0.7,320,9,7.4,9.4,0.8,327,8,6.9,8.3,0.7,320,9,0,28.04,,,,,,,,,,
DELE,2016-04-05 05:30:00 EDT,42.41846,-78.42320,2042,,,,78.6,,,,,,6.5,8.5,0.6,320,7,7.0,9.2,0.7,328,7,6.5,8.5,0.6,320,7,0,28.04,,,,,,,,,,
DELE,2016-04-05 05:35:00 EDT,42.41846,-78.42320,2042,,,,78.8,,,,,,6.9,9.3,0.9,320,6,7.3,10.1,0.9,328,6,6.9,9.3,0.9,320,6,0,28.04,,,,,,,,,,
DELE,2016-04-05 05:40:00 EDT,42.41846,-78.42320,2042,,,,78.6,,,,,,7.1,9.6,1.0,319,6,7.6,10.7,1.0,326,6,7.1,9.6,1.0,319,6,0,28.05,,,,,,,,,,
DELE,2016-04-05 05:45:00 EDT,42.41846,-78.42320,2042,,,,79.1,,,,,,7.1,9.0,0.9,320,6,7.6,10.1,0.9,327,6,7.1,9.0,0.9,320,6,0,28.05,,,,,,,,,,
DELE,2016-04-05 05:50:00 EDT,42.41846,-78.42320,2042,,,,79.4,,,,,,7.0,9.5,0.9,321,5,7.5,10.5,0.9,328,5,7.0,9.5,0.9,321,5,0,28.05,,,,,,,,,,
DELE,2016-04-05 05:55:00 EDT,42.41846,-78.42320,2042,,,,79.5,,,,,,6.8,8.9,0.7,325,6,7.4,9.8,0.8,333,7,6.8,8.9,0.7,325,6,0,28.06,,,,,,,,,,
DELE,2016-04-05 06:00:00 EDT,42.41846,-78.42320,2042,,,,79.8,,,,,,6.9,9.0,0.7,326,6,7.5,10.1,0.8,334,7,6.9,9.0,0.7,326,6,0,28.06,,,,,,,,,,
DELE,2016-04-05 06:05:00 EDT,42.41846,-78.42320,2042,,,,80.1,,,,,,7.0,9.6,0.8,328,8,7.7,10.5,1.0,336,7,7.0,9.6,0.8,328,8,0,28.06,,,,,,,,,,
DELE,2016-04-05 06:10:00 EDT,42.41846,-78.42320,2042,,,,80.5,,,,,,6.5,8.7,0.7,330,7,7.2,8.9,0.7,338,7,6.5,8.7,0.7,330,7,0,28.07,,,,,,,,,,
DELE,2016-04-05 06:15:00 EDT,42.41846,-78.42320,2042,,,,81.0,,,,,,7.3,9.1,0.5,334,4,8.1,9.6,0.6,343,4,7.3,9.1,0.5,334,4,0,28.07,,,,,,,,,,
DELE,2016-04-05 06:20:00 EDT,42.41846,-78.42320,2042,,,,81.9,,,,,,7.3,8.1,0.4,332,2,8.0,8.9,0.4,342,3,7.3,8.1,0.4,332,2,0,28.07,,,,,,,,,,
DELE,2016-04-05 06:25:00 EDT,42.41846,-78.42320,2042,,,,82.1,,,,,,6.9,8.1,0.5,333,3,7.7,9.2,0.5,342,3,6.9,8.1,0.5,333,3,0,28.07,,,,,,,,,,
DELE,2016-04-05 06:30:00 EDT,42.41846,-78.42320,2042,,,,82.6,,,,,,6.9,7.5,0.3,337,2,7.8,8.5,0.3,347,2,6.9,7.5,0.3,337,2,0,28.08,,,,,,,,,,
DELE,2016-04-05 06:35:00 EDT,42.41846,-78.42320,2042,,,,83.0,,,,,,6.5,7.5,0.4,340,2,7.4,8.5,0.4,349,2,6.5,7.5,0.4,340,2,1,28.08,,,,,,,,,,
DELE,2016-04-05 06:40:00 EDT,42.41846,-78.42320,2042,,,,83.2,,,,,,6.3,6.7,0.2,336,2,7.1,7.8,0.3,345,2,6.3,6.7,0.2,336,2,1,28.08,,,,,,,,,,
DELE,2016-04-05 06:45:00 EDT,42.41846,-78.42320,2042,,,,83.6,,,,,,6.6,7.0,0.2,336,2,7.4,8.1,0.3,345,2,6.6,7.0,0.2,336,2,3,28.09,,,,,,,,,,
DELE,2016-04-05 06:50:00 EDT,42.41846,-78.42320,2042,,,,83.2,,,,,,6.5,7.2,0.2,331,2,7.2,8.1,0.4,341,3,6.5,7.2,0.2,331,2,5,28.09,,,,,,,,,,
DELE,2016-04-05 06:55:00 EDT,42.41846,-78.42320,2042,,,,82.3,,,,,,6.8,7.9,0.4,329,4,7.4,8.9,0.5,337,4,6.8,7.9,0.4,329,4,8,28.09,,,,,,,,,,
DELE,2016-04-05 07:00:00 EDT,42.41846,-78.42320,2042,,,,82.1,,,,,,6.6,7.9,0.5,334,3,7.4,8.5,0.6,343,3,6.6,7.9,0.5,334,3,14,28.09,,,,,,,,,,
DELE,2016-04-05 07:05:00 EDT,42.41846,-78.42320,2042,,,,82.1,,,,,,6.3,7.2,0.4,335,2,7.1,8.3,0.5,344,3,6.3,7.2,0.4,335,2,22,28.10,,,,,,,,,,
DELE,2016-04-05 07:10:00 EDT,42.41846,-78.42320,2042,,,,81.8,,,,,,6.4,7.1,0.3,337,2,7.2,8.1,0.3,346,2,6.4,7.1,0.3,337,2,32,28.10,,,,,,,,,,
DELE,2016-04-05 07:15:00 EDT,42.41846,-78.42320,2042,,,,81.5,,,,,,6.5,7.2,0.2,335,2,7.3,8.1,0.3,345,2,6.5,7.2,0.2,335,2,46,28.10,,,,,,,,,,
DELE,2016-04-05 07:20:00 EDT,42.41846,-78.42320,2042,,,,81.2,,,,,,6.9,7.5,0.3,332,2,7.6,8.5,0.4,341,3,6.9,7.5,0.3,332,2,60,28.11,,,,,,,,,,
DELE,2016-04-05 07:25:00 EDT,42.41846,-78.42320,2042,,,,80.4,,,,,,6.5,7.7,0.5,332,3,7.1,8.3,0.6,341,3,6.5,7.7,0.5,332,3,76,28.11,,,,,,,,,,
DELE,2016-04-05 07:30:00 EDT,42.41846,-78.42320,2042,,,,79.9,,,,,,7.0,7.9,0.5,335,4,7.8,9.4,0.6,344,4,7.0,7.9,0.5,335,4,93,28.11,,,,,,,,,,
DELE,2016-04-05 07:35:00 EDT,42.41846,-78.42320,2042,,,,79.5,,,,,,6.9,7.8,0.4,336,3,7.8,8.9,0.5,345,3,6.9,7.8,0.4,336,3,111,28.11,,,,,,,,,,
DELE,2016-04-05 07:40:00 EDT,42.41846,-78.42320,2042,,,,79.5,,,,,,7.2,7.7,0.3,334,2,8.0,8.7,0.3,344,2,7.2,7.7,0.3,334,2,127,28.11,,,,,,,,,,
DELE,2016-04-05 07:45:00 EDT,42.41846,-78.42320,2042,,,,79.0,,,,,,7.0,7.9,0.4,334,2,7.8,8.9,0.5,344,2,7.0,7.9,0.4,334,2,141,28.11,,,,,,,,,,
DELE,2016-04-05 07:50:00 EDT,42.41846,-78.42320,2042,,,,78.5,,,,,,6.8,7.9,0.5,334,2,7.5,8.9,0.6,343,2,6.8,7.9,0.5,334,2,156,28.12,,,,,,,,,,
DELE,2016-04-05 07:55:00 EDT,42.41846,-78.42320,2042,,,,77.6,,,,,,6.2,7.7,0.4,335,3,6.9,8.7,0.5,345,4,6.2,7.7,0.4,335,3,171,28.12,,,,,,,,,,
DELE,2016-04-05 08:00:00 EDT,42.41846,-78.42320,2042,,,,76.9,,,,,,6.7,7.6,0.5,336,3,7.5,8.5,0.5,346,3,6.7,7.6,0.5,336,3,185,28.12,,,,,,,,,,
DELE,2016-04-05 08:05:00 EDT,42.41846,-78.42320,2042,,,,76.6,,,,,,6.6,7.4,0.4,334,2,7.4,8.5,0.5,344,3,6.6,7.4,0.4,334,2,201,28.12,,,,,,,,,,
DELE,2016-04-05 08:10:00 EDT,42.41846,-78.42320,2042,,,,75.9,,,,,,6.2,8.8,0.7,334,5,6.9,9.8,0.9,344,5,6.2,8.8,0.7,334,5,217,28.13,,,,,,,,,,
DELE,2016-04-05 08:15:00 EDT,42.41846,-78.42320,2042,,,,75.1,,,,,,6.0,7.7,0.6,336,4,6.8,8.7,0.7,346,5,6.0,7.7,0.6,336,4,233,28.13,,,,,,,,,,
DELE,2016-04-05 08:20:00 EDT,42.41846,-78.42320,2042,,,,74.7,,,,,,6.4,7.6,0.5,336,3,7.3,8.5,0.5,346,3,6.4,7.6,0.5,336,3,249,28.13,,,,,,,,,,
DELE,2016-04-05 08:25:00 EDT,42.41846,-78.42320,2042,,,,74.7,,,,,,6.3,7.8,0.5,338,4,7.1,8.7,0.5,348,5,6.3,7.8,0.5,338,4,267,28.13,,,,,,,,,,
DELE,2016-04-05 08:30:00 EDT,42.41846,-78.42320,2042,,,,74.4,,,,,,6.6,7.2,0.3,338,2,7.4,8.1,0.4,348,3,6.6,7.2,0.3,338,2,284,28.13,,,,,,,,,,
DELE,2016-04-05 08:35:00 EDT,42.41846,-78.42320,2042,,,,73.9,,,,,,6.8,7.3,0.3,335,2,7.6,8.3,0.3,345,2,6.8,7.3,0.3,335,2,300,28.14,,,,,,,,,,
DELE,2016-04-05 08:40:00 EDT,42.41846,-78.42320,2042,,,,73.5,,,,,,6.5,7.1,0.4,335,2,7.3,8.3,0.4,345,2,6.5,7.1,0.4,335,2,317,28.14,,,,,,,,,,
DELE,2016-04-05 08:45:00 EDT,42.41846,-78.42320,2042,,,,72.8,,,,,,6.5,7.7,0.5,331,2,7.2,8.3,0.4,341,3,6.5,7.7,0.5,331,2,334,28.14,,,,,,,,,,
DELE,2016-04-05 08:50:00 EDT,42.41846,-78.42320,2042,,,,71.7,,,,,,6.9,8.0,0.5,331,3,7.5,9.2,0.5,341,3,6.9,8.0,0.5,331,3,352,28.15,,,,,,,,,,
DELE,2016-04-05 08:55:00 EDT,42.41846,-78.42320,2042,,,,71.0,,,,,,6.7,7.8,0.4,332,4,7.4,8.7,0.5,342,4,6.7,7.8,0.4,332,4,369,28.15,,,,,,,,,,
DELE,2016-04-05 09:00:00 EDT,42.41846,-78.42320,2042,,,,70.4,,,,,,6.3,7.6,0.5,334,2,7.1,8.5,0.5,344,3,6.3,7.6,0.5,334,2,385,28.15,,,,,,,,,,
DELE,2016-04-05 09:05:00 EDT,42.41846,-78.42320,2042,,,,69.4,,,,,,5.3,6.3,0.5,340,4,6.2,7.4,0.6,350,5,5.3,6.3,0.5,340,4,402,28.15,,,,,,,,,,
DELE,2016-04-05 09:10:00 EDT,42.41846,-78.42320,2042,,,,68.4,,,,,,4.7,5.9,0.4,347,6,5.5,6.7,0.5,357,6,4.7,5.9,0.4,347,6,420,28.15,,,,,,,,,,
DELE,2016-04-05 09:15:00 EDT,42.41846,-78.42320,2042,,,,67.0,,,,,,4.2,5.6,0.5,355,8,5.0,6.7,0.6,3,7,4.2,5.6,0.5,355,8,437,28.15,,,,,,,,,,
DELE,2016-04-05 09:20:00 EDT,42.41846,-78.42320,2042,,,,65.6,,,,,,4.8,6.7,1.1,17,15,5.3,8.3,1.1,24,16,4.8,6.7,1.1,17,15,454,28.15,,,,,,,,,,
DELE,2016-04-05 09:25:00 EDT,42.41846,-78.42320,2042,,,,64.2,,,,,,5.2,7.7,0.8,26,11,5.6,8.5,0.9,34,11,5.2,7.7,0.8,26,11,471,28.15,,,,,,,,,,
DELE,2016-04-05 09:30:00 EDT,42.41846,-78.42320,2042,,,,62.2,,,,,,5.3,8.0,1.1,27,16,5.8,8.5,1.1,34,14,5.3,8.0,1.1,27,16,488,28.15,,,,,,,,,,
DELE,2016-04-05 09:35:00 EDT,42.41846,-78.42320,2042,,,,60.0,,,,,,6.6,8.8,1.1,13,12,7.2,10.5,1.3,19,11,6.6,8.8,1.1,13,12,504,28.15,,,,,,,,,,
DELE,2016-04-05 09:40:00 EDT,42.41846,-78.42320,2042,,,,59.9,,,,,,7.4,10.3,1.3,14,7,7.9,11.6,1.4,21,7,7.4,10.3,1.3,14,7,518,28.16,,,,,,,,,,
DELE,2016-04-05 09:45:00 EDT,42.41846,-78.42320,2042,,,,59.3,,,,,,7.4,9.6,1.0,20,9,7.8,10.1,1.0,27,9,7.4,9.6,1.0,20,9,533,28.16,,,,,,,,,,
DELE,2016-04-05 09:50:00 EDT,42.41846,-78.42320,2042,,,,58.3,,,,,,5.8,8.5,1.0,26,11,6.2,8.9,1.0,34,11,5.8,8.5,1.0,26,11,548,28.16,,,,,,,,,,
DELE,2016-04-05 09:55:00 EDT,42.41846,-78.42320,2042,,,,59.3,,,,,,4.5,6.8,1.0,357,17,5.2,8.1,1.1,4,15,4.5,6.8,1.0,357,17,563,28.16,,,,,,,,,,
DELE,2016-04-05 10:00:00 EDT,42.41846,-78.42320,2042,,,,59.1,,,,,,5.6,7.7,1.3,328,6,6.1,8.1,1.2,337,7,5.6,7.7,1.3,328,6,577,28.16,,,,,,,,,,
DELE,2016-04-05 10:05:00 EDT,42.41846,-78.42320,2042,,,,58.2,,,,,,5.5,7.5,0.6,326,9,6.0,9.2,0.8,335,10,5.5,7.5,0.6,326,9,591,28.17,,,,,,,,,,
DELE,2016-04-05 10:10:00 EDT,42.41846,-78.42320,2042,,,,55.5,,,,,,5.5,6.6,0.7,332,8,6.1,7.8,0.8,342,9,5.5,6.6,0.7,332,8,606,28.17,,,,,,,,,,
DELE,2016-04-05 10:15:00 EDT,42.41846,-78.42320,2042,,,,54.4,,,,,,5.6,7.2,0.9,344,6,6.4,8.5,1.0,354,6,5.6,7.2,0.9,344,6,620,28.17,,,,,,,,,,
DELE,2016-04-05 10:20:00 EDT,42.41846,-78.42320,2042,,,,53.1,,,,,,6.5,9.8,0.8,331,6,7.2,10.5,0.9,341,7,6.5,9.8,0.8,331,6,633,28.17,,,,,,,,,,
DELE,2016-04-05 10:25:00 EDT,42.41846,-78.42320,2042,,,,51.7,,,,,,6.9,9.9,1.0,351,19,7.8,11.9,1.2,359,13,6.9,9.9,1.0,351,19,646,28.18,,,,,,,,,,
DELE,2016-04-05 10:30:00 EDT,42.41846,-78.42320,2042,,,,51.4,,,,,,6.8,9.8,1.3,344,17,7.7,11.2,1.3,353,10,6.8,9.8,1.3,344,17,659,28.18,,,,,,,,,,
DELE,2016-04-05 10:35:00 EDT,42.41846,-78.42320,2042,,,,,,,,,,,,,,,,,,,,,,,,,,,,,,,,,,,,
DELE,2016-04-05 10:40:00 EDT,42.41846,-78.42320,2042,,,,,,,,,,,,,,,,,,,,,,,,,,,,,,,,,,,,
DELE,2016-04-05 10:45:00 EDT,42.41846,-78.42320,2042,,,,,,,,,,,,,,,,,,,,,,,,,,,,,,,,,,,,
DELE,2016-04-05 10:50:00 EDT,42.41846,-78.42320,2042,,,,,,,,,,,,,,,,,,,,,,,,,,,,,,,,,,,,
DELE,2016-04-05 10:55:00 EDT,42.41846,-78.42320,2042,,,,,,,,,,,,,,,,,,,,,,,,,,,,,,,,,,,,
DELE,2016-04-05 11:00:00 EDT,42.41846,-78.42320,2042,,,,,,,,,,,,,,,,,,,,,,,,,,,,,,,,,,,,
DELE,2016-04-05 11:05:00 EDT,42.41846,-78.42320,2042,,,,,,,,,,,,,,,,,,,,,,,,,,,,,,,,,,,,
DELE,2016-04-05 11:10:00 EDT,42.41846,-78.42320,2042,,,,,,,,,,,,,,,,,,,,,,,,,,,,,,,,,,,,
DELE,2016-04-05 11:15:00 EDT,42.41846,-78.42320,2042,,,,,,,,,,,,,,,,,,,,,,,,,,,,,,,,,,,,
DELE,2016-04-05 11:20:00 EDT,42.41846,-78.42320,2042,,,,,,,,,,,,,,,,,,,,,,,,,,,,,,,,,,,,
DELE,2016-04-05 11:25:00 EDT,42.41846,-78.42320,2042,,,,,,,,,,,,,,,,,,,,,,,,,,,,,,,,,,,,
DELE,2016-04-05 11:30:00 EDT,42.41846,-78.42320,2042,,,,,,,,,,,,,,,,,,,,,,,,,,,,,,,,,,,,
DELE,2016-04-05 11:35:00 EDT,42.41846,-78.42320,2042,,,,,,,,,,,,,,,,,,,,,,,,,,,,,,,,,,,,
DELE,2016-04-05 11:40:00 EDT,42.41846,-78.42320,2042,,,,,,,,,,,,,,,,,,,,,,,,,,,,,,,,,,,,
DELE,2016-04-05 11:45:00 EDT,42.41846,-78.42320,2042,,,,,,,,,,,,,,,,,,,,,,,,,,,,,,,,,,,,
DELE,2016-04-05 11:50:00 EDT,42.41846,-78.42320,2042,,,,,,,,,,,,,,,,,,,,,,,,,,,,,,,,,,,,
DELE,2016-04-05 11:55:00 EDT,42.41846,-78.42320,2042,,,,,,,,,,,,,,,,,,,,,,,,,,,,,,,,,,,,
DELE,2016-04-05 12:00:00 EDT,42.41846,-78.42320,2042,,,,,,,,,,,,,,,,,,,,,,,,,,,,,,,,,,,,
DELE,2016-04-05 12:05:00 EDT,42.41846,-78.42320,2042,,,,,,,,,,,,,,,,,,,,,,,,,,,,,,,,,,,,
DELE,2016-04-05 12:10:00 EDT,42.41846,-78.42320,2042,,,,,,,,,,,,,,,,,,,,,,,,,,,,,,,,,,,,
DELE,2016-04-05 12:15:00 EDT,42.41846,-78.42320,2042,,,,,,,,,,,,,,,,,,,,,,,,,,,,,,,,,,,,
DELE,2016-04-05 12:20:00 EDT,42.41846,-78.42320,2042,,,,,,,,,,,,,,,,,,,,,,,,,,,,,,,,,,,,
DELE,2016-04-05 12:25:00 EDT,42.41846,-78.42320,2042,,,,,,,,,,,,,,,,,,,,,,,,,,,,,,,,,,,,
DELE,2016-04-05 12:30:00 EDT,42.41846,-78.42320,2042,,,,,,,,,,,,,,,,,,,,,,,,,,,,,,,,,,,,
DELE,2016-04-05 12:35:00 EDT,42.41846,-78.42320,2042,,,,,,,,,,,,,,,,,,,,,,,,,,,,,,,,,,,,
DELE,2016-04-05 12:40:00 EDT,42.41846,-78.42320,2042,,,,,,,,,,,,,,,,,,,,,,,,,,,,,,,,,,,,
DELE,2016-04-05 12:45:00 EDT,42.41846,-78.42320,2042,,,,,,,,,,,,,,,,,,,,,,,,,,,,,,,,,,,,
DELE,2016-04-05 12:50:00 EDT,42.41846,-78.42320,2042,,,,,,,,,,,,,,,,,,,,,,,,,,,,,,,,,,,,
DELE,2016-04-05 12:55:00 EDT,42.41846,-78.42320,2042,,,,,,,,,,,,,,,,,,,,,,,,,,,,,,,,,,,,
DELE,2016-04-05 13:00:00 EDT,42.41846,-78.42320,2042,,,,,,,,,,,,,,,,,,,,,,,,,,,,,,,,,,,,
DELE,2016-04-05 13:05:00 EDT,42.41846,-78.42320,2042,,,,,,,,,,,,,,,,,,,,,,,,,,,,,,,,,,,,
DELE,2016-04-05 13:10:00 EDT,42.41846,-78.42320,2042,,,,,,,,,,,,,,,,,,,,,,,,,,,,,,,,,,,,
DELE,2016-04-05 13:15:00 EDT,42.41846,-78.42320,2042,,,,,,,,,,,,,,,,,,,,,,,,,,,,,,,,,,,,
DELE,2016-04-05 13:20:00 EDT,42.41846,-78.42320,2042,,,,,,,,,,,,,,,,,,,,,,,,,,,,,,,,,,,,
DELE,2016-04-05 13:25:00 EDT,42.41846,-78.42320,2042,,,,,,,,,,,,,,,,,,,,,,,,,,,,,,,,,,,,
DELE,2016-04-05 13:30:00 EDT,42.41846,-78.42320,2042,,,,,,,,,,,,,,,,,,,,,,,,,,,,,,,,,,,,
DELE,2016-04-05 13:35:00 EDT,42.41846,-78.42320,2042,,,,,,,,,,,,,,,,,,,,,,,,,,,,,,,,,,,,
DELE,2016-04-05 13:40:00 EDT,42.41846,-78.42320,2042,,,,,,,,,,,,,,,,,,,,,,,,,,,,,,,,,,,,
DELE,2016-04-05 13:45:00 EDT,42.41846,-78.42320,2042,22.0,22.5,17.1,43.7,3.2,,,,,3.6,8.5,2.7,17,39,3.9,8.9,3.2,14,28,3.6,8.5,2.7,17,39,870,28.17,,,,,,,,,,
DELE,2016-04-05 13:50:00 EDT,42.41846,-78.42320,2042,22.0,21.9,15.0,41.9,2.3,,,,,5.3,7.5,1.4,1,8,6.1,8.7,1.6,8,7,5.3,7.5,1.4,1,8,868,28.17,,,,,,,,,,
DELE,2016-04-05 13:55:00 EDT,42.41846,-78.42320,2042,,,,,,,,,,,,,,,,,,,,,,,,,,,,,,,,,,,,
DELE,2016-04-05 14:00:00 EDT,42.41846,-78.42320,2042,22.9,22.7,15.1,41.4,2.8,,,,,6.3,10.7,2.0,326,36,7.1,12.5,2.2,334,35,6.3,10.7,2.0,326,36,867,28.17,,,,,,,,,,
DELE,2016-04-05 14:05:00 EDT,42.41846,-78.42320,2042,23.0,22.8,16.6,42.4,3.5,,,,,4.9,9.5,1.9,291,27,5.6,9.8,1.9,297,27,4.9,9.5,1.9,291,27,860,28.17,,,,,,,,,,
DELE,2016-04-05 14:10:00 EDT,42.41846,-78.42320,2042,23.0,22.8,17.1,39.1,1.7,,,,,4.5,6.5,1.2,311,14,4.8,7.2,1.4,318,14,4.5,6.5,1.2,311,14,856,28.17,,,,,,,,,,
DELE,2016-04-05 14:15:00 EDT,42.41846,-78.42320,2042,23.0,22.7,15.4,44.3,4.5,,,,,6.2,8.0,1.1,337,7,7.0,9.2,1.2,345,8,6.2,8.0,1.1,337,7,847,28.17,,,,,,,,,,
DELE,2016-04-05 14:20:00 EDT,42.41846,-78.42320,2042,23.0,22.8,15.8,42.4,3.5,,,,,5.6,9.5,2.2,342,21,6.4,11.4,2.5,351,19,5.6,9.5,2.2,342,21,845,28.17,,,,,,,,,,
DELE,2016-04-05 14:25:00 EDT,42.41846,-78.42320,2042,23.3,22.9,18.0,39.7,2.3,,,,,3.9,8.3,1.7,20,19,4.5,9.2,2.0,26,18,3.9,8.3,1.7,20,19,842,28.17,,,,,,,,,,
DELE,2016-04-05 14:30:00 EDT,42.41846,-78.42320,2042,23.3,23.2,14.2,41.2,3.2,,,,,8.2,11.8,1.8,335,13,8.7,12.1,1.8,345,14,8.2,11.8,1.8,335,13,834,28.17,,,,,,,,,,
DELE,2016-04-05 14:35:00 EDT,42.41846,-78.42320,2042,23.4,23.3,16.3,39.5,2.3,,,,,5.7,10.6,1.9,331,30,6.2,12.1,1.9,338,30,5.7,10.6,1.9,331,30,827,28.17,,,,,,,,,,
DELE,2016-04-05 14:40:00 EDT,42.41846,-78.42320,2042,23.5,23.1,23.5,37.5,1.3,,,,,2.7,4.7,0.9,14,13,3.0,5.6,1.0,22,13,2.7,4.7,0.9,14,13,823,28.17,,,,,,,,,,
DELE,2016-04-05 14:45:00 EDT,42.41846,-78.42320,2042,23.5,23.2,18.2,37.5,1.3,,,,,4.0,6.2,0.9,7,10,4.6,6.9,1.0,14,9,4.0,6.2,0.9,7,10,817,28.16,,,,,,,,,,
DELE,2016-04-05 14:50:00 EDT,42.41846,-78.42320,2042,23.8,23.5,19.0,39.1,2.5,,,,,3.7,5.6,1.0,328,14,4.2,6.5,1.2,337,14,3.7,5.6,1.0,328,14,811,28.16,,,,,,,,,,
DELE,2016-04-05 14:55:00 EDT,42.41846,-78.42320,2042,24.0,23.8,16.1,39.3,2.7,,,,,6.7,9.6,1.7,348,14,7.6,11.4,1.8,359,7,6.7,9.6,1.7,348,14,802,28.16,,,,,,,,,,
DELE,2016-04-05 15:00:00 EDT,42.41846,-78.42320,2042,24.1,24.0,15.9,39.0,2.7,,,,,7.1,11.2,1.5,330,20,8.1,12.3,1.6,339,19,7.1,11.2,1.5,330,20,793,28.16,,,,,,,,,,
DELE,2016-04-05 15:05:00 EDT,42.41846,-78.42320,2042,24.4,24.4,17.5,40.3,3.7,,,,,5.7,8.7,1.5,291,20,6.5,10.3,1.7,298,18,5.7,8.7,1.5,291,20,786,28.16,,,,,,,,,,
DELE,2016-04-05 15:10:00 EDT,42.41846,-78.42320,2042,24.2,24.0,17.0,38.2,2.3,,,,,6.0,8.3,1.4,337,21,6.7,9.8,1.5,346,22,6.0,8.3,1.4,337,21,775,28.16,,,,,,,,,,
DELE,2016-04-05 15:15:00 EDT,42.41846,-78.42320,2042,24.2,24.0,16.7,40.1,3.3,,,,,6.3,11.3,2.2,316,20,6.8,12.3,2.4,325,20,6.3,11.3,2.2,316,20,768,28.16,,,,,,,,,,
DELE,2016-04-05 15:20:00 EDT,42.41846,-78.42320,2042,24.2,24.0,17.9,38.6,2.5,,,,,5.0,10.6,2.0,333,28,5.6,12.1,2.0,343,25,5.0,10.6,2.0,333,28,759,28.16,,,,,,,,,,
DELE,2016-04-05 15:25:00 EDT,42.41846,-78.42320,2042,24.4,24.3,16.9,38.1,2.4,,,,,6.4,10.4,1.7,305,13,6.9,11.6,1.7,312,13,6.4,10.4,1.7,305,13,750,28.16,,,,,,,,,,
DELE,2016-04-05 15:30:00 EDT,42.41846,-78.42320,2042,24.6,24.4,18.2,38.3,2.7,,,,,5.2,8.9,1.8,287,33,5.9,9.6,1.8,296,33,5.2,8.9,1.8,287,33,739,28.16,,,,,,,,,,
DELE,2016-04-05 15:35:00 EDT,42.41846,-78.42320,2042,24.3,24.1,16.3,40.0,3.5,,,,,6.9,9.4,1.2,346,7,7.8,10.3,1.3,355,7,6.9,9.4,1.2,346,7,729,28.16,,,,,,,,,,
DELE,2016-04-05 15:40:00 EDT,42.41846,-78.42320,2042,24.6,24.5,16.6,38.4,2.8,,,,,7.1,12.1,2.3,315,27,7.7,13.6,2.4,322,28,7.1,12.1,2.3,315,27,719,28.16,,,,,,,,,,
DELE,2016-04-05 15:45:00 EDT,42.41846,-78.42320,2042,24.9,24.9,15.3,38.7,3.2,,,,,9.4,13.6,1.5,308,16,9.8,14.3,1.6,316,16,9.4,13.6,1.5,308,16,708,28.16,,,,,,,,,,
DELE,2016-04-05 15:50:00 EDT,42.41846,-78.42320,2042,24.8,24.8,14.9,39.9,3.8,,,,,9.9,13.0,1.5,312,15,10.4,13.6,1.5,320,15,9.9,13.0,1.5,312,15,696,28.16,,,,,,,,,,
DELE,2016-04-05 15:55:00 EDT,42.41846,-78.42320,2042,24.7,24.6,16.2,41.2,4.4,,,,,7.6,11.5,1.8,334,13,8.4,12.3,1.9,342,13,7.6,11.5,1.8,334,13,686,28.16,,,,,,,,,,
DELE,2016-04-05 16:00:00 EDT,42.41846,-78.42320,2042,25.1,25.0,17.6,40.5,4.4,,,,,6.4,10.0,1.4,275,22,7.2,10.5,1.4,282,20,6.4,10.0,1.4,275,22,675,28.16,,,,,,,,,,
DELE,2016-04-05 16:05:00 EDT,42.41846,-78.42320,2042,25.2,25.1,15.8,41.2,4.9,,,,,9.1,12.9,1.9,317,9,9.7,13.9,1.9,325,9,9.1,12.9,1.9,317,9,662,28.16,,,,,,,,,,
DELE,2016-04-05 16:10:00 EDT,42.41846,-78.42320,2042,24.9,24.9,16.3,38.9,3.4,,,,,7.9,11.0,1.4,303,20,8.4,12.5,1.6,310,20,7.9,11.0,1.4,303,20,651,28.16,,,,,,,,,,
DELE,2016-04-05 16:15:00 EDT,42.41846,-78.42320,2042,25.0,25.0,16.3,38.2,3.1,,,,,8.1,11.8,1.9,287,15,8.8,13.0,1.9,293,15,8.1,11.8,1.9,287,15,637,28.16,,,,,,,,,,
DELE,2016-04-05 16:20:00 EDT,42.41846,-78.42320,2042,25.1,25.1,16.2,39.2,3.7,,,,,8.4,11.7,1.8,285,12,9.0,12.5,1.7,292,12,8.4,11.7,1.8,285,12,625,28.16,,,,,,,,,,
DELE,2016-04-05 16:25:00 EDT,42.41846,-78.42320,2042,25.1,25.1,16.1,38.4,3.2,,,,,8.4,11.6,1.4,280,13,9.0,12.5,1.5,285,12,8.4,11.6,1.4,280,13,612,28.16,,,,,,,,,,
DELE,2016-04-05 16:30:00 EDT,42.41846,-78.42320,2042,24.9,25.0,16.0,36.3,1.9,,,,,8.3,12.3,2.0,261,10,9.0,13.2,2.1,268,9,8.3,12.3,2.0,261,10,599,28.15,,,,,,,,,,
DELE,2016-04-05 16:35:00 EDT,42.41846,-78.42320,2042,25.1,25.1,16.4,37.0,2.4,,,,,8.1,11.3,1.9,268,19,8.7,12.1,1.9,274,18,8.1,11.3,1.9,268,19,586,28.15,,,,,,,,,,
DELE,2016-04-05 16:40:00 EDT,42.41846,-78.42320,2042,24.9,24.9,15.9,37.4,2.5,,,,,8.4,10.7,1.3,278,12,9.1,13.0,1.4,284,12,8.4,10.7,1.3,278,12,572,28.15,,,,,,,,,,
DELE,2016-04-05 16:45:00 EDT,42.41846,-78.42320,2042,25.2,25.2,16.9,36.7,2.3,,,,,7.5,12.3,1.7,270,19,8.1,13.9,1.9,277,18,7.5,12.3,1.7,270,19,558,28.15,,,,,,,,,,
DELE,2016-04-05 16:50:00 EDT,42.41846,-78.42320,2042,25.2,25.2,16.6,37.6,2.9,,,,,7.9,11.8,1.7,290,18,8.5,12.5,1.6,297,19,7.9,11.8,1.7,290,18,543,28.15,,,,,,,,,,
DELE,2016-04-05 16:55:00 EDT,42.41846,-78.42320,2042,25.0,25.0,18.0,36.4,2.0,,,,,5.9,8.0,1.1,288,12,6.4,8.9,1.2,294,12,5.9,8.0,1.1,288,12,529,28.15,,,,,,,,,,
DELE,2016-04-05 17:00:00 EDT,42.41846,-78.42320,2042,25.4,25.3,16.9,36.6,2.5,,,,,7.9,13.4,2.2,301,15,8.3,13.9,2.3,306,16,7.9,13.4,2.2,301,15,514,28.15,,,,,,,,,,
DELE,2016-04-05 17:05:00 EDT,42.41846,-78.42320,2042,25.2,25.1,16.9,37.3,2.7,,,,,7.5,10.7,1.3,318,13,7.9,11.6,1.4,325,13,7.5,10.7,1.3,318,13,499,28.15,,,,,,,,,,
DELE,2016-04-05 17:10:00 EDT,42.41846,-78.42320,2042,25.5,25.5,17.4,39.5,4.2,,,,,7.3,9.6,1.0,292,24,8.0,11.0,1.2,298,23,7.3,9.6,1.0,292,24,483,28.15,,,,,,,,,,
DELE,2016-04-05 17:15:00 EDT,42.41846,-78.42320,2042,25.3,25.2,17.2,37.8,3.1,,,,,7.3,11.5,1.5,311,16,7.8,12.5,1.6,318,16,7.3,11.5,1.5,311,16,467,28.15,,,,,,,,,,
DELE,2016-04-05 17:20:00 EDT,42.41846,-78.42320,2042,25.3,25.3,16.8,37.6,3.0,,,,,7.9,11.6,1.4,296,17,8.5,12.3,1.5,302,17,7.9,11.6,1.4,296,17,450,28.15,,,,,,,,,,
DELE,2016-04-05 17:25:00 EDT,42.41846,-78.42320,2042,25.2,25.2,17.7,36.7,2.4,,,,,6.5,9.9,1.8,279,13,7.1,11.2,1.9,285,12,6.5,9.9,1.8,279,13,433,28.15,,,,,,,,,,
DELE,2016-04-05 17:30:00 EDT,42.41846,-78.42320,2042,25.1,25.1,17.6,37.1,2.5,,,,,6.4,8.3,1.0,323,14,6.9,9.4,1.1,332,14,6.4,8.3,1.0,323,14,417,28.15,,,,,,,,,,
DELE,2016-04-05 17:35:00 EDT,42.41846,-78.42320,2042,25.1,25.0,18.2,35.5,1.5,,,,,5.8,11.5,2.4,283,13,6.2,12.1,2.5,290,12,5.8,11.5,2.4,283,13,400,28.15,,,,,,,,,,
DELE,2016-04-05 17:40:00 EDT,42.41846,-78.42320,2042,25.2,25.1,19.1,36.5,2.3,,,,,4.9,10.1,1.8,282,17,5.7,11.0,2.1,288,16,4.9,10.1,1.8,282,17,383,28.14,,,,,,,,,,
DELE,2016-04-05 17:45:00 EDT,42.41846,-78.42320,2042,25.3,25.3,16.3,38.2,3.3,,,,,8.5,11.2,1.2,280,13,9.2,11.9,1.3,286,12,8.5,11.2,1.2,280,13,365,28.14,,,,,,,,,,
DELE,2016-04-05 17:50:00 EDT,42.41846,-78.42320,2042,25.1,25.1,16.3,38.5,3.3,,,,,8.2,10.5,1.2,302,11,8.6,11.6,1.3,309,11,8.2,10.5,1.2,302,11,348,28.14,,,,,,,,,,
DELE,2016-04-05 17:55:00 EDT,42.41846,-78.42320,2042,25.0,25.1,15.7,39.1,3.6,,,,,9.0,12.0,1.1,309,10,9.4,12.8,1.1,316,10,9.0,12.0,1.1,309,10,331,28.14,,,,,,,,,,
DELE,2016-04-05 18:00:00 EDT,42.41846,-78.42320,2042,25.1,25.1,15.7,39.3,3.8,,,,,9.1,12.7,2.1,306,13,9.6,13.6,2.2,313,13,9.1,12.7,2.1,306,13,313,28.14,,,,,,,,,,
DELE,2016-04-05 18:05:00 EDT,42.41846,-78.42320,2042,25.1,25.1,15.5,41.0,4.7,,,,,9.4,12.5,1.5,282,14,10.1,13.4,1.6,288,14,9.4,12.5,1.5,282,14,295,28.14,,,,,,,,,,
DELE,2016-04-05 18:10:00 EDT,42.41846,-78.42320,2042,24.9,24.9,16.0,40.5,4.2,,,,,8.2,11.4,1.3,296,12,8.8,11.9,1.4,303,13,8.2,11.4,1.3,296,12,278,28.15,,,,,,,,,,
DELE,2016-04-05 18:15:00 EDT,42.41846,-78.42320,2042,24.8,24.8,16.2,39.3,3.5,,,,,7.9,10.2,1.2,300,10,8.3,11.6,1.3,306,10,7.9,10.2,1.2,300,10,261,28.15,,,,,,,,,,
DELE,2016-04-05 18:20:00 EDT,42.41846,-78.42320,2042,24.7,24.8,15.9,40.5,4.0,,,,,8.0,12.2,1.3,313,7,8.4,13.2,1.4,320,6,8.0,12.2,1.3,313,7,244,28.15,,,,,,,,,,
DELE,2016-04-05 18:25:00 EDT,42.41846,-78.42320,2042,24.7,24.8,15.0,42.9,5.3,,,,,9.5,11.9,1.6,311,9,10.2,14.1,1.6,318,8,9.5,11.9,1.6,311,9,227,28.15,,,,,,,,,,
DELE,2016-04-05 18:30:00 EDT,42.41846,-78.42320,2042,24.7,24.8,15.7,42.8,5.3,,,,,8.3,11.0,1.4,311,8,8.8,11.4,1.5,319,8,8.3,11.0,1.4,311,8,210,28.15,,,,,,,,,,
DELE,2016-04-05 18:35:00 EDT,42.41846,-78.42320,2042,24.6,24.8,16.2,44.4,6.0,,,,,7.5,10.2,1.2,304,12,8.1,11.0,1.2,312,12,7.5,10.2,1.2,304,12,193,28.15,,,,,,,,,,
DELE,2016-04-05 18:40:00 EDT,42.41846,-78.42320,2042,24.7,24.7,15.7,43.8,5.7,,,,,8.3,11.2,1.5,303,13,8.9,12.3,1.5,310,14,8.3,11.2,1.5,303,13,177,28.15,,,,,,,,,,
DELE,2016-04-05 18:45:00 EDT,42.41846,-78.42320,2042,24.4,24.5,14.8,43.9,5.5,,,,,9.1,11.7,1.1,297,8,9.6,12.3,1.2,303,9,9.1,11.7,1.1,297,8,161,28.15,,,,,,,,,,
DELE,2016-04-05 18:50:00 EDT,42.41846,-78.42320,2042,24.3,24.4,15.2,43.6,5.3,,,,,8.4,11.8,1.2,295,9,8.9,12.3,1.2,302,10,8.4,11.8,1.2,295,9,146,28.15,,,,,,,,,,
DELE,2016-04-05 18:55:00 EDT,42.41846,-78.42320,2042,24.2,24.3,15.4,42.7,4.8,,,,,8.0,10.2,1.2,297,8,8.4,10.7,1.2,303,8,8.0,10.2,1.2,297,8,130,28.15,,,,,,,,,,
DELE,2016-04-05 19:00:00 EDT,42.41846,-78.42320,2042,24.2,24.2,15.7,42.4,4.5,,,,,7.5,11.0,1.0,300,12,7.9,12.5,1.1,307,12,7.5,11.0,1.0,300,12,113,28.14,,,,,,,,,,
DELE,2016-04-05 19:05:00 EDT,42.41846,-78.42320,2042,24.0,24.1,14.7,42.2,4.3,,,,,8.6,10.4,1.1,297,6,9.0,11.2,1.1,305,6,8.6,10.4,1.1,297,6,94,28.14,,,,,,,,,,
DELE,2016-04-05 19:10:00 EDT,42.41846,-78.42320,2042,23.8,24.0,14.9,42.8,4.4,,,,,7.9,10.2,0.9,300,7,8.4,10.1,0.9,307,7,7.9,10.2,0.9,300,7,77,28.14,,,,,,,,,,
DELE,2016-04-05 19:15:00 EDT,42.41846,-78.42320,2042,23.6,23.8,14.4,42.3,4.1,,,,,8.3,11.1,1.3,301,8,8.8,11.6,1.3,309,8,8.3,11.1,1.3,301,8,61,28.14,,,,,,,,,,
DELE,2016-04-05 19:20:00 EDT,42.41846,-78.42320,2042,23.5,23.7,14.8,42.0,3.8,,,,,7.7,10.1,1.0,308,5,8.1,11.0,1.1,316,5,7.7,10.1,1.0,308,5,46,28.14,,,,,,,,,,
DELE,2016-04-05 19:25:00 EDT,42.41846,-78.42320,2042,23.4,23.6,14.1,42.0,3.6,,,,,8.4,10.7,0.9,304,6,8.9,11.2,1.0,312,7,8.4,10.7,0.9,304,6,34,28.14,,,,,,,,,,
DELE,2016-04-05 19:30:00 EDT,42.41846,-78.42320,2042,23.2,23.4,14.9,42.1,3.5,,,,,7.0,8.4,0.9,302,7,7.5,9.2,0.9,310,7,7.0,8.4,0.9,302,7,24,28.14,,,,,,,,,,
DELE,2016-04-05 19:35:00 EDT,42.41846,-78.42320,2042,23.0,23.2,16.0,42.5,3.6,,,,,5.5,7.5,0.9,298,6,6.0,8.3,0.9,305,6,5.5,7.5,0.9,298,6,15,28.13,,,,,,,,,,
DELE,2016-04-05 19:40:00 EDT,42.41846,-78.42320,2042,22.9,23.2,15.5,42.2,3.3,,,,,5.9,7.3,0.7,297,8,6.3,8.1,0.8,305,8,5.9,7.3,0.7,297,8,9,28.13,,,,,,,,,,
DELE,2016-04-05 19:45:00 EDT,42.41846,-78.42320,2042,22.7,23.0,15.2,42.6,3.4,,,,,6.0,8.1,0.7,299,7,6.4,9.2,0.8,307,7,6.0,8.1,0.7,299,7,5,28.13,,,,,,,,,,
DELE,2016-04-05 19:50:00 EDT,42.41846,-78.42320,2042,22.4,22.8,15.4,44.0,3.8,,,,,5.4,6.9,0.7,299,8,5.8,8.1,0.8,306,8,5.4,6.9,0.7,299,8,3,28.13,,,,,,,,,,
DELE,2016-04-05 19:55:00 EDT,42.41846,-78.42320,2042,22.4,22.7,16.0,43.7,3.6,,,,,4.8,6.5,0.5,293,5,5.2,7.6,0.6,300,6,4.8,6.5,0.5,293,5,1,28.13,,,,,,,,,,
DELE,2016-04-05 20:00:00 EDT,42.41846,-78.42320,2042,22.4,22.7,16.5,43.2,3.3,,,,,4.3,5.6,0.5,289,6,4.8,6.0,0.6,297,7,4.3,5.6,0.5,289,6,1,28.13,,,,,,,,,,
DELE,2016-04-05 20:05:00 EDT,42.41846,-78.42320,2042,22.2,22.5,17.3,42.9,3.0,,,,,3.6,4.8,0.5,287,7,4.0,5.6,0.6,294,8,3.6,4.8,0.5,287,7,0,28.13,,,,,,,,,,
DELE,2016-04-05 20:10:00 EDT,42.41846,-78.42320,2042,22.1,22.4,18.1,42.5,2.8,,,,,3.0,4.2,0.5,305,10,3.2,4.3,0.6,312,9,3.0,4.2,0.5,305,10,0,28.12,,,,,,,,,,
DELE,2016-04-05 20:15:00 EDT,42.41846,-78.42320,2042,22.1,22.3,22.1,42.3,2.6,,,,,3.0,4.2,0.4,323,9,3.4,4.7,0.6,330,10,3.0,4.2,0.4,323,9,0,28.12,,,,,,,,,,
DELE,2016-04-05 20:20:00 EDT,42.41846,-78.42320,2042,22.1,22.3,16.9,41.6,2.3,,,,,3.8,4.3,0.4,326,4,4.2,5.4,0.5,333,5,3.8,4.3,0.4,326,4,0,28.12,,,,,,,,,,
DELE,2016-04-05 20:25:00 EDT,42.41846,-78.42320,2042,22.0,22.2,17.3,41.3,2.1,,,,,3.5,4.2,0.3,315,5,3.8,4.5,0.3,322,5,3.5,4.2,0.3,315,5,0,28.12,,,,,,,,,,
DELE,2016-04-05 20:30:00 EDT,42.41846,-78.42320,2042,21.8,22.0,17.5,41.9,2.2,,,,,3.2,4.0,0.4,310,4,3.4,4.5,0.5,317,5,3.2,4.0,0.4,310,4,0,28.12,,,,,,,,,,
DELE,2016-04-05 20:35:00 EDT,42.41846,-78.42320,2042,21.7,22.1,17.5,42.2,2.3,,,,,3.1,3.8,0.3,302,6,3.3,4.0,0.4,309,4,3.1,3.8,0.3,302,6,0,28.12,,,,,,,,,,
DELE,2016-04-05 20:40:00 EDT,42.41846,-78.42320,2042,21.7,21.9,21.7,42.3,2.3,,,,,2.6,3.1,0.3,287,4,2.8,3.6,0.4,296,5,2.6,3.1,0.3,287,4,0,28.12,,,,,,,,,,
DELE,2016-04-05 20:45:00 EDT,42.41846,-78.42320,2042,21.7,21.9,21.7,42.7,2.5,,,,,2.7,3.1,0.2,286,3,3.0,3.6,0.3,295,4,2.7,3.1,0.2,286,3,0,28.12,,,,,,,,,,
DELE,2016-04-05 20:50:00 EDT,42.41846,-78.42320,2042,21.7,21.8,21.7,42.7,2.5,,,,,2.6,3.0,0.2,285,7,2.9,3.4,0.2,293,8,2.6,3.0,0.2,285,7,0,28.12,,,,,,,,,,
DELE,2016-04-05 20:55:00 EDT,42.41846,-78.42320,2042,21.5,21.7,21.5,43.4,2.6,,,,,2.7,3.4,0.3,263,6,3.1,3.8,0.3,269,7,2.7,3.4,0.3,263,6,0,28.12,,,,,,,,,,
DELE,2016-04-05 21:00:00 EDT,42.41846,-78.42320,2042,21.0,21.6,16.4,44.8,2.9,,,,,3.3,3.8,0.3,258,6,3.7,4.5,0.4,265,7,3.3,3.8,0.3,258,6,0,28.12,,,,,,,,,,
DELE,2016-04-05 21:05:00 EDT,42.41846,-78.42320,2042,21.0,21.5,21.0,45.3,3.1,,,,,2.5,3.2,0.3,273,8,2.9,3.8,0.4,282,10,2.5,3.2,0.3,273,8,0,28.12,,,,,,,,,,
DELE,2016-04-05 21:10:00 EDT,42.41846,-78.42320,2042,21.1,21.4,21.1,45.3,3.2,,,,,2.1,2.7,0.2,269,4,2.5,3.1,0.2,275,6,2.1,2.7,0.2,269,4,0,28.12,,,,,,,,,,
DELE,2016-04-05 21:15:00 EDT,42.41846,-78.42320,2042,21.1,21.4,21.1,45.2,3.2,,,,,2.1,2.6,0.2,281,8,2.5,2.9,0.2,291,9,2.1,2.6,0.2,281,8,0,28.12,,,,,,,,,,
DELE,2016-04-05 21:20:00 EDT,42.41846,-78.42320,2042,21.3,21.5,21.3,44.7,3.1,,,,,2.0,2.3,0.2,287,0,2.2,2.5,0.2,300,3,2.0,2.3,0.2,287,0,0,28.12,,,,,,,,,,
DELE,2016-04-05 21:25:00 EDT,42.41846,-78.42320,2042,21.4,21.5,21.4,44.3,3.0,,,,,1.8,2.2,0.1,288,2,2.1,2.7,0.2,300,6,1.8,2.2,0.1,288,2,0,28.13,,,,,,,,,,
DELE,2016-04-05 21:30:00 EDT,42.41846,-78.42320,2042,21.4,21.5,21.4,44.7,3.2,,,,,1.9,2.3,0.1,283,0,2.3,2.7,0.2,293,5,1.9,2.3,0.1,283,0,0,28.13,,,,,,,,,,
DELE,2016-04-05 21:35:00 EDT,42.41846,-78.42320,2042,21.3,21.4,21.3,45.3,3.4,,,,,2.3,2.8,0.4,285,2,2.6,3.1,0.4,296,3,2.3,2.8,0.4,285,2,0,28.13,,,,,,,,,,
DELE,2016-04-05 21:40:00 EDT,42.41846,-78.42320,2042,21.2,21.3,21.2,45.4,3.4,,,,,2.4,2.8,0.1,283,1,2.7,3.4,0.2,292,3,2.4,2.8,0.1,283,1,0,28.13,,,,,,,,,,
DELE,2016-04-05 21:45:00 EDT,42.41846,-78.42320,2042,21.1,21.2,21.1,45.9,3.5,,,,,2.3,2.7,0.1,276,1,2.7,3.4,0.2,281,4,2.3,2.7,0.1,276,1,0,28.13,,,,,,,,,,
DELE,2016-04-05 21:50:00 EDT,42.41846,-78.42320,2042,20.9,21.1,20.9,46.3,3.5,,,,,2.4,2.7,0.1,277,2,2.8,3.1,0.2,288,5,2.4,2.7,0.1,277,2,0,28.13,,,,,,,,,,
DELE,2016-04-05 21:55:00 EDT,42.41846,-78.42320,2042,20.9,21.1,20.9,46.9,3.8,,,,,2.7,2.9,0.1,283,3,3.1,3.4,0.2,292,3,2.7,2.9,0.1,283,3,0,28.13,,,,,,,,,,
DELE,2016-04-05 22:00:00 EDT,42.41846,-78.42320,2042,20.9,21.1,20.9,47.6,4.1,,,,,2.8,3.3,0.3,282,2,3.2,3.8,0.3,292,3,2.8,3.3,0.3,282,2,0,28.12,,,,,,,,,,
DELE,2016-04-05 22:05:00 EDT,42.41846,-78.42320,2042,20.8,21.0,16.2,48.2,4.3,,,,,3.3,3.8,0.3,274,3,3.8,4.5,0.3,282,3,3.3,3.8,0.3,274,3,0,28.12,,,,,,,,,,
DELE,2016-04-05 22:10:00 EDT,42.41846,-78.42320,2042,20.6,21.0,15.9,48.3,4.1,,,,,3.3,3.7,0.3,268,5,3.8,4.3,0.4,273,6,3.3,3.7,0.3,268,5,0,28.12,,,,,,,,,,
DELE,2016-04-05 22:15:00 EDT,42.41846,-78.42320,2042,20.6,20.9,20.6,48.6,4.2,,,,,1.9,2.6,0.4,264,0,2.3,3.1,0.4,267,5,1.9,2.6,0.4,264,0,0,28.12,,,,,,,,,,
DELE,2016-04-05 22:20:00 EDT,42.41846,-78.42320,2042,20.7,20.8,20.7,48.8,4.4,,,,,1.9,2.6,0.3,242,6,2.1,2.9,0.3,243,5,1.9,2.6,0.3,242,6,0,28.12,,,,,,,,,,
DELE,2016-04-05 22:25:00 EDT,42.41846,-78.42320,2042,20.6,20.9,20.6,48.1,4.1,,,,,1.3,1.7,0.2,239,0,1.7,2.2,0.2,248,6,1.3,1.7,0.2,239,0,0,28.12,,,,,,,,,,
DELE,2016-04-05 22:30:00 EDT,42.41846,-78.42320,2042,20.6,20.9,20.6,47.5,3.8,,,,,1.8,2.2,0.2,237,3,2.1,2.7,0.2,242,5,1.8,2.2,0.2,237,3,0,28.12,,,,,,,,,,
DELE,2016-04-05 22:35:00 EDT,42.41846,-78.42320,2042,20.5,20.7,20.5,47.2,3.5,,,,,2.1,2.7,0.3,215,11,2.3,3.4,0.4,220,8,2.1,2.7,0.3,215,11,0,28.11,,,,,,,,,,
DELE,2016-04-05 22:40:00 EDT,42.41846,-78.42320,2042,19.8,20.2,19.8,48.5,3.5,,,,,2.8,3.6,0.4,179,10,3.3,4.3,0.5,186,11,2.8,3.6,0.4,179,10,0,28.11,,,,,,,,,,
DELE,2016-04-05 22:45:00 EDT,42.41846,-78.42320,2042,19.4,20.0,13.9,50.7,4.1,,,,,3.7,4.0,0.1,169,5,4.3,4.7,0.2,175,4,3.7,4.0,0.1,169,5,0,28.11,,,,,,,,,,
DELE,2016-04-05 22:50:00 EDT,42.41846,-78.42320,2042,19.1,20.0,12.9,51.6,4.2,,,,,4.2,4.5,0.2,165,2,4.8,5.4,0.2,171,2,4.2,4.5,0.2,165,2,0,28.11,,,,,,,,,,
DELE,2016-04-05 22:55:00 EDT,42.41846,-78.42320,2042,19.2,20.1,12.9,51.8,4.3,,,,,4.2,4.5,0.1,162,3,4.9,5.4,0.2,168,3,4.2,4.5,0.1,162,3,0,28.10,,,,,,,,,,
DELE,2016-04-05 23:00:00 EDT,42.41846,-78.42320,2042,19.0,20.0,13.3,52.1,4.3,,,,,3.9,4.2,0.2,155,2,4.5,5.1,0.3,161,3,3.9,4.2,0.2,155,2,0,28.10,,,,,,,,,,
DELE,2016-04-05 23:05:00 EDT,42.41846,-78.42320,2042,19.2,19.9,13.2,52.1,4.5,,,,,4.0,4.3,0.1,165,3,4.6,4.9,0.2,171,4,4.0,4.3,0.1,165,3,0,28.10,,,,,,,,,,
DELE,2016-04-05 23:10:00 EDT,42.41846,-78.42320,2042,19.2,19.9,13.7,52.3,4.6,,,,,3.8,4.1,0.1,176,2,4.3,4.7,0.2,183,2,3.8,4.1,0.1,176,2,0,28.10,,,,,,,,,,
DELE,2016-04-05 23:15:00 EDT,42.41846,-78.42320,2042,19.0,19.9,13.0,52.7,4.5,,,,,4.0,4.5,0.3,172,5,4.6,5.1,0.3,177,4,4.0,4.5,0.3,172,5,0,28.10,,,,,,,,,,
DELE,2016-04-05 23:20:00 EDT,42.41846,-78.42320,2042,18.8,19.8,12.3,53.4,4.6,,,,,4.4,4.6,0.1,167,2,4.9,5.4,0.2,173,3,4.4,4.6,0.1,167,2,0,28.09,,,,,,,,,,
DELE,2016-04-05 23:25:00 EDT,42.41846,-78.42320,2042,18.9,20.0,12.5,53.9,5.0,,,,,4.4,4.6,0.1,176,2,5.0,5.4,0.2,182,3,4.4,4.6,0.1,176,2,0,28.09,,,,,,,,,,
DELE,2016-04-05 23:30:00 EDT,42.41846,-78.42320,2042,19.0,20.0,12.6,54.0,5.1,,,,,4.3,4.8,0.2,182,2,4.9,5.4,0.2,189,3,4.3,4.8,0.2,182,2,0,28.09,,,,,,,,,,
DELE,2016-04-05 23:35:00 EDT,42.41846,-78.42320,2042,18.7,20.0,11.6,53.8,4.7,,,,,4.9,5.3,0.2,182,2,5.5,5.8,0.2,188,3,4.9,5.3,0.2,182,2,0,28.09,,,,,,,,,,
DELE,2016-04-05 23:40:00 EDT,42.41846,-78.42320,2042,18.6,20.2,11.8,54.6,4.9,,,,,4.7,5.0,0.2,185,1,5.2,5.6,0.3,192,2,4.7,5.0,0.2,185,1,0,28.09,,,,,,,,,,
DELE,2016-04-05 23:45:00 EDT,42.41846,-78.42320,2042,18.6,20.0,12.1,54.7,5.0,,,,,4.4,4.6,0.1,179,2,5.0,5.4,0.2,183,2,4.4,4.6,0.1,179,2,0,28.09,,,,,,,,,,
DELE,2016-04-05 23:50:00 EDT,42.41846,-78.42320,2042,18.3,19.3,11.0,55.0,4.8,,,,,5.0,5.3,0.2,170,2,5.5,6.0,0.2,175,1,5.0,5.3,0.2,170,2,0,28.09,,,,,,,,,,
DELE,2016-04-05 23:55:00 EDT,42.41846,-78.42320,2042,18.1,19.0,10.4,55.5,4.8,,,,,5.3,5.5,0.1,167,2,5.9,6.0,0.1,173,2,5.3,5.5,0.1,167,2,0,28.09,,,,,,,,,,
ESSX,2016-04-05 00:00:00 EDT,44.31360,-73.37189,182,16.7,18.6,16.7,58.3,4.6,,,,,2.1,3.9,0.6,324,14,2.3,4.3,0.7,324,15,2.1,3.9,0.6,324,14,0,29.98,,0,0,0,35.4,39.0,40.2,0.48,0.43,0.37
ESSX,2016-04-05 00:05:00 EDT,44.31360,-73.37189,182,16.9,18.5,16.9,59.8,5.3,,,,,2.8,3.9,0.5,309,16,2.9,4.7,0.7,310,15,2.8,3.9,0.5,309,16,0,29.98,,0,0,0,35.4,39.0,40.1,0.48,0.43,0.37
ESSX,2016-04-05 00:10:00 EDT,44.31360,-73.37189,182,16.9,18.5,16.9,59.7,5.3,,,,,2.8,5.2,0.7,306,21,3.0,5.1,0.8,304,19,2.8,5.2,0.7,306,21,0,29.98,,0,0,0,35.4,39.0,40.1,0.48,0.43,0.37
ESSX,2016-04-05 00:15:00 EDT,44.31360,-73.37189,182,17.2,18.6,17.2,58.1,5.0,,,,,2.2,4.2,0.7,302,23,2.4,4.3,0.8,302,23,2.2,4.2,0.7,302,23,0,29.99,,0,0,0,35.3,39.0,40.1,0.48,0.43,0.37
ESSX,2016-04-05 00:20:00 EDT,44.31360,-73.37189,182,17.3,18.6,17.3,57.3,4.8,,,,,2.6,4.2,0.7,300,17,2.9,5.1,0.8,299,17,2.6,4.2,0.7,300,17,0,29.99,,0,0,0,35.3,39.0,40.1,0.48,0.43,0.37
ESSX,2016-04-05 00:25:00 EDT,44.31360,-73.37189,182,16.7,18.4,16.7,57.9,4.5,,,,,2.6,4.6,1.2,305,17,2.7,5.1,1.2,305,20,2.6,4.6,1.2,305,17,0,29.99,,0,0,0,35.3,39.0,40.1,0.48,0.43,0.37
ESSX,2016-04-05 00:30:00 EDT,44.31360,-73.37189,182,16.4,18.5,16.4,59.1,4.6,,,,,2.5,3.8,0.7,301,13,2.8,4.7,0.7,303,12,2.5,3.8,0.7,301,13,0,29.99,,0,0,0,35.3,39.0,40.1,0.48,0.43,0.37
ESSX,2016-04-05 00:35:00 EDT,44.31360,-73.37189,182,16.7,18.8,16.7,59.2,4.9,,,,,2.8,5.0,0.8,296,16,3.1,5.4,0.9,297,17,2.8,5.0,0.8,296,16,0,29.99,,0,0,0,35.3,39.0,40.1,0.48,0.43,0.37
ESSX,2016-04-05 00:40:00 EDT,44.31360,-73.37189,182,15.9,18.6,15.9,61.5,5.0,,,,,2.4,4.0,0.7,293,14,2.7,4.9,0.8,294,14,2.4,4.0,0.7,293,14,0,29.99,,0,0,0,35.2,39.0,40.1,0.48,0.43,0.37
ESSX,2016-04-05 00:45:00 EDT,44.31360,-73.37189,182,16.7,18.4,11.1,59.2,5.0,,,,,3.6,5.3,0.7,294,11,3.9,6.3,0.9,293,11,3.6,5.3,0.7,294,11,0,29.99,,0,0,0,35.2,39.0,40.1,0.48,0.43,0.37
ESSX,2016-04-05 00:50:00 EDT,44.31360,-73.37189,182,17.0,18.4,11.6,56.9,4.4,,,,,3.5,5.4,0.7,287,11,3.8,6.5,0.9,287,11,3.5,5.4,0.7,287,11,0,29.99,,0,0,0,35.2,39.0,40.1,0.48,0.43,0.37
ESSX,2016-04-05 00:55:00 EDT,44.31360,-73.37189,182,16.5,18.3,16.5,58.2,4.4,,,,,2.8,4.7,0.6,289,13,3.2,5.6,0.8,290,14,2.8,4.7,0.6,289,13,0,29.99,,0,0,0,35.2,39.0,40.1,0.48,0.43,0.37
ESSX,2016-04-05 01:00:00 EDT,44.31360,-73.37189,182,16.4,18.3,16.4,58.6,4.4,,,,,2.7,4.2,0.7,292,13,3.0,5.1,0.9,294,11,2.7,4.2,0.7,292,13,0,29.99,,0,0,0,35.2,39.0,40.1,0.48,0.43,0.37
ESSX,2016-04-05 01:05:00 EDT,44.31360,-73.37189,182,16.0,18.4,16.0,60.5,4.8,,,,,2.3,3.7,0.9,289,17,2.7,4.7,1.0,289,16,2.3,3.7,0.9,289,17,0,30.00,,0,0,0,35.2,39.0,40.1,0.48,0.43,0.37
ESSX,2016-04-05 01:10:00 EDT,44.31360,-73.37189,182,16.2,18.3,16.2,59.9,4.7,,,,,2.5,4.7,0.8,291,14,2.9,6.3,1.0,292,13,2.5,4.7,0.8,291,14,0,30.00,,0,0,0,35.2,39.0,40.1,0.48,0.43,0.37
ESSX,2016-04-05 01:15:00 EDT,44.31360,-73.37189,182,16.1,18.2,16.1,60.0,4.7,,,,,2.6,4.6,0.9,294,14,2.8,5.1,0.9,295,12,2.6,4.6,0.9,294,14,0,30.00,,0,0,0,35.2,39.0,40.1,0.48,0.43,0.37
ESSX,2016-04-05 01:20:00 EDT,44.31360,-73.37189,182,16.4,18.3,16.4,59.4,4.7,,,,,2.5,4.8,0.9,296,19,2.8,6.0,1.0,296,18,2.5,4.8,0.9,296,19,0,30.00,,0,0,0,35.2,39.0,40.1,0.48,0.43,0.37
ESSX,2016-04-05 01:25:00 EDT,44.31360,-73.37189,182,16.8,18.5,16.8,57.5,4.4,,,,,2.6,4.6,0.7,301,15,2.8,5.4,0.9,301,15,2.6,4.6,0.7,301,15,0,30.00,,0,0,0,35.2,38.9,40.1,0.48,0.43,0.37
ESSX,2016-04-05 01:30:00 EDT,44.31360,-73.37189,182,17.1,18.6,17.1,56.4,4.2,,,,,2.9,5.3,0.7,296,15,3.2,5.8,0.9,297,14,2.9,5.3,0.7,296,15,0,30.00,,0,0,0,35.2,38.9,40.1,0.48,0.43,0.37
ESSX,2016-04-05 01:35:00 EDT,44.31360,-73.37189,182,16.5,18.4,16.5,56.8,3.8,,,,,1.8,4.5,0.9,303,22,2.2,5.4,1.0,302,23,1.8,4.5,0.9,303,22,0,30.00,,0,0,0,35.2,38.9,40.1,0.48,0.43,0.37
ESSX,2016-04-05 01:40:00 EDT,44.31360,-73.37189,182,15.9,18.3,15.9,60.0,4.5,,,,,2.0,4.1,0.6,305,16,2.2,4.7,0.8,304,17,2.0,4.1,0.6,305,16,0,30.00,,0,0,0,35.2,38.9,40.1,0.48,0.43,0.37
ESSX,2016-04-05 01:45:00 EDT,44.31360,-73.37189,182,16.8,18.2,16.8,57.9,4.5,,,,,3.0,5.0,0.8,293,15,3.3,5.6,0.9,293,15,3.0,5.0,0.8,293,15,0,30.00,,0,0,0,35.2,38.9,40.1,0.48,0.43,0.37
ESSX,2016-04-05 01:50:00 EDT,44.31360,-73.37189,182,16.2,18.0,16.2,58.3,4.1,,,,,2.3,5.3,0.8,305,17,2.6,6.3,0.9,304,16,2.3,5.3,0.8,305,17,0,30.00,,0,0,0,35.2,38.9,40.1,0.48,0.43,0.37
ESSX,2016-04-05 01:55:00 EDT,44.31360,-73.37189,182,16.0,17.8,16.0,59.5,4.4,,,,,1.8,3.6,0.6,302,17,2.1,3.6,0.6,303,16,1.8,3.6,0.6,302,17,0,30.00,,0,0,0,35.2,38.9,40.1,0.48,0.43,0.37
ESSX,2016-04-05 02:00:00 EDT,44.31360,-73.37189,182,15.4,17.8,15.4,61.1,4.4,,,,,2.3,4.9,0.9,298,19,2.6,5.4,1.1,299,19,2.3,4.9,0.9,298,19,0,30.00,,0,0,0,35.2,38.9,40.1,0.48,0.43,0.37
ESSX,2016-04-05 02:05:00 EDT,44.31360,-73.37189,182,15.2,17.6,15.2,62.4,4.7,,,,,2.6,4.2,0.7,319,16,2.7,4.3,0.7,319,16,2.6,4.2,0.7,319,16,0,30.00,,0,0,0,35.2,38.9,40.1,0.48,0.43,0.37
ESSX,2016-04-05 02:10:00 EDT,44.31360,-73.37189,182,14.7,17.7,14.7,64.0,4.7,,,,,2.2,4.0,0.8,310,10,2.4,4.5,0.8,311,10,2.2,4.0,0.8,310,10,0,30.00,,0,0,0,35.2,38.8,40.1,0.48,0.43,0.37
ESSX,2016-04-05 02:15:00 EDT,44.31360,-73.37189,182,14.2,17.6,14.2,65.5,4.8,,,,,2.0,3.7,0.6,302,15,2.2,4.3,0.7,302,16,2.0,3.7,0.6,302,15,0,30.00,,0,0,0,35.2,38.8,40.1,0.48,0.43,0.37
ESSX,2016-04-05 02:20:00 EDT,44.31360,-73.37189,182,14.5,17.5,14.5,66.4,5.3,,,,,2.6,4.6,0.8,305,12,2.9,6.0,0.9,306,10,2.6,4.6,0.8,305,12,0,30.00,,0,0,0,35.2,38.8,40.1,0.48,0.43,0.37
ESSX,2016-04-05 02:25:00 EDT,44.31360,-73.37189,182,13.8,17.3,13.8,68.7,5.5,,,,,2.7,4.7,0.6,310,13,3.0,4.9,0.7,311,12,2.7,4.7,0.6,310,13,0,30.00,,0,0,0,35.2,38.8,40.1,0.48,0.43,0.37
ESSX,2016-04-05 02:30:00 EDT,44.31360,-73.37189,182,14.2,17.3,8.5,68.4,5.7,,,,,3.4,5.4,0.7,316,11,3.5,4.9,0.8,318,10,3.4,5.4,0.7,316,11,0,30.00,,0,0,0,35.2,38.8,40.1,0.47,0.43,0.37
ESSX,2016-04-05 02:35:00 EDT,44.31360,-73.37189,182,14.9,17.8,9.5,66.1,5.7,,,,,3.3,4.6,0.7,321,10,3.4,5.4,0.9,321,10,3.3,4.6,0.7,321,10,0,30.00,,0,0,0,35.2,38.8,40.1,0.47,0.43,0.37
ESSX,2016-04-05 02:40:00 EDT,44.31360,-73.37189,182,14.0,17.1,14.0,67.3,5.2,,,,,3.0,5.3,0.8,320,12,3.1,5.8,0.9,322,11,3.0,5.3,0.8,320,12,0,30.00,,0,0,0,35.2,38.8,40.1,0.47,0.43,0.37
ESSX,2016-04-05 02:45:00 EDT,44.31360,-73.37189,182,14.4,16.6,14.4,70.1,6.5,,,,,1.4,2.7,0.5,3,41,1.8,3.6,0.5,9,41,1.4,2.7,0.5,3,41,0,30.01,,0,0,0,35.1,38.8,40.1,0.47,0.43,0.37
ESSX,2016-04-05 02:50:00 EDT,44.31360,-73.37189,182,14.4,16.1,14.4,71.0,6.7,,,,,1.4,2.6,0.7,122,10,1.5,3.1,0.7,124,21,1.4,2.6,0.7,122,10,0,30.01,,0,0,0,35.1,38.8,40.1,0.47,0.43,0.37
ESSX,2016-04-05 02:55:00 EDT,44.31360,-73.37189,182,14.0,15.7,14.0,70.5,6.2,,,,,0.1,0.9,0.3,124,0,0.6,1.1,0.3,211,71,0.1,0.9,0.3,124,0,0,30.01,,0,0,0,35.1,38.8,40.1,0.48,0.43,0.37
ESSX,2016-04-05 03:00:00 EDT,44.31360,-73.37189,182,14.7,16.7,14.7,68.1,6.1,,,,,0.3,1.7,0.5,274,31,0.7,2.0,0.5,299,54,0.3,1.7,0.5,274,31,0,30.01,,0,0,0,35.1,38.8,40.1,0.47,0.43,0.37
ESSX,2016-04-05 03:05:00 EDT,44.31360,-73.37189,182,14.4,17.9,14.4,66.5,5.3,,,,,0.3,1.7,0.5,291,7,0.8,2.2,0.5,296,56,0.3,1.7,0.5,291,7,0,30.01,,0,0,0,35.1,38.8,40.1,0.47,0.43,0.37
ESSX,2016-04-05 03:10:00 EDT,44.31360,-73.37189,182,13.3,17.0,13.3,68.8,5.0,,,,,0.5,1.5,0.5,311,9,0.8,1.8,0.5,311,33,0.5,1.5,0.5,311,9,0,30.01,,0,0,0,35.1,38.8,40.1,0.47,0.43,0.37
ESSX,2016-04-05 03:15:00 EDT,44.31360,-73.37189,182,13.4,15.8,13.4,70.8,5.7,,,,,0.2,1.0,0.3,129,37,0.6,1.3,0.3,131,76,0.2,1.0,0.3,129,37,0,30.02,,0,0,0,35.1,38.8,40.1,0.47,0.43,0.37
ESSX,2016-04-05 03:20:00 EDT,44.31360,-73.37189,182,13.2,15.3,13.2,72.9,6.1,,,,,0.1,0.8,0.2,135,0,0.7,1.3,0.3,94,49,0.1,0.8,0.2,135,0,0,30.02,,0,0,0,35.1,38.8,40.1,0.47,0.43,0.37
ESSX,2016-04-05 03:25:00 EDT,44.31360,-73.37189,182,12.7,14.8,12.7,74.9,6.3,,,,,0.3,2.0,0.6,310,32,0.8,2.0,0.5,265,71,0.3,2.0,0.6,310,32,0,30.02,,0,0,0,35.1,38.8,40.1,0.47,0.43,0.37
ESSX,2016-04-05 03:30:00 EDT,44.31360,-73.37189,182,12.8,15.4,12.8,73.4,5.9,,,,,0.3,1.2,0.3,258,21,0.9,1.3,0.2,249,23,0.3,1.2,0.3,258,21,0,30.02,,0,0,0,35.1,38.8,40.1,0.47,0.43,0.37
ESSX,2016-04-05 03:35:00 EDT,44.31360,-73.37189,182,12.6,15.2,12.6,73.9,5.9,,,,,0.0,0.7,0.1,355,0,0.4,1.3,0.3,321,63,0.0,0.7,0.1,355,0,0,30.02,,0,0,0,35.1,38.8,40.1,0.47,0.43,0.37
ESSX,2016-04-05 03:40:00 EDT,44.31360,-73.37189,182,12.3,15.4,12.3,76.2,6.2,,,,,0.1,0.1,0.0,355,0,0.5,0.9,0.2,80,45,0.1,0.1,0.0,355,0,0,30.02,,0,0,0,35.1,38.8,40.1,0.47,0.43,0.37
ESSX,2016-04-05 03:45:00 EDT,44.31360,-73.37189,182,12.3,14.6,12.3,75.1,5.9,,,,,0.1,0.1,0.0,355,0,0.5,1.1,0.2,59,48,0.1,0.1,0.0,355,0,0,30.02,,0,0,0,35.1,38.8,40.0,0.47,0.43,0.37
ESSX,2016-04-05 03:50:00 EDT,44.31360,-73.37189,182,12.2,14.6,12.2,74.9,5.8,,,,,0.3,1.8,0.5,232,53,1.0,2.0,0.5,214,13,0.3,1.8,0.5,232,53,0,30.02,,0,0,0,35.1,38.8,40.0,0.47,0.43,0.37
ESSX,2016-04-05 03:55:00 EDT,44.31360,-73.37189,182,12.2,15.5,12.2,73.2,5.2,,,,,1.2,2.3,0.7,226,5,1.5,2.5,0.5,222,15,1.2,2.3,0.7,226,5,0,30.03,,0,0,0,35.1,38.8,40.0,0.47,0.43,0.37
ESSX,2016-04-05 04:00:00 EDT,44.31360,-73.37189,182,12.1,14.7,12.1,74.1,5.5,,,,,0.7,2.1,0.7,268,8,1.1,3.1,0.8,272,38,0.7,2.1,0.7,268,8,0,30.03,,0,0,0,35.1,38.8,40.0,0.47,0.43,0.37
ESSX,2016-04-05 04:05:00 EDT,44.31360,-73.37189,182,12.5,14.4,12.5,74.7,6.0,,,,,0.6,2.4,0.9,248,29,1.1,2.9,0.8,251,58,0.6,2.4,0.9,248,29,0,30.03,,0,0,0,35.1,38.8,40.0,0.47,0.43,0.37
ESSX,2016-04-05 04:10:00 EDT,44.31360,-73.37189,182,12.2,14.5,12.2,74.1,5.6,,,,,0.7,1.8,0.6,249,43,1.1,2.5,0.6,245,57,0.7,1.8,0.6,249,43,0,30.03,,0,0,0,35.1,38.8,40.1,0.47,0.43,0.37
ESSX,2016-04-05 04:15:00 EDT,44.31360,-73.37189,182,12.9,14.9,12.9,73.0,5.9,,,,,0.2,1.1,0.3,220,9,0.7,1.6,0.3,221,27,0.2,1.1,0.3,220,9,0,30.04,,0,0,0,35.1,38.8,40.0,0.47,0.43,0.37
ESSX,2016-04-05 04:20:00 EDT,44.31360,-73.37189,182,12.7,14.5,12.7,71.0,5.1,,,,,0.0,0.0,0.0,0,0,0.5,1.1,0.3,301,37,0.0,0.0,0.0,0,0,0,30.04,,0,0,0,35.1,38.8,40.0,0.47,0.43,0.37
ESSX,2016-04-05 04:25:00 EDT,44.31360,-73.37189,182,13.0,14.7,13.0,71.4,5.5,,,,,1.1,2.5,1.0,264,5,1.7,3.1,0.8,261,10,1.1,2.5,1.0,264,5,0,30.04,,0,0,0,35.1,38.8,40.0,0.47,0.43,0.37
ESSX,2016-04-05 04:30:00 EDT,44.31360,-73.37189,182,12.6,15.9,12.6,71.4,5.1,,,,,1.5,2.2,0.3,278,18,1.9,2.7,0.4,276,22,1.5,2.2,0.3,278,18,0,30.04,,0,0,0,35.1,38.8,40.0,0.47,0.43,0.37
ESSX,2016-04-05 04:35:00 EDT,44.31360,-73.37189,182,13.0,16.8,13.0,72.4,5.8,,,,,1.8,3.3,0.5,312,15,2.0,4.3,0.5,312,15,1.8,3.3,0.5,312,15,0,30.05,,0,0,0,35.1,38.8,40.0,0.47,0.43,0.37
ESSX,2016-04-05 04:40:00 EDT,44.31360,-73.37189,182,12.8,16.8,12.8,73.8,6.1,,,,,1.6,2.3,0.4,291,13,1.8,3.1,0.5,292,16,1.6,2.3,0.4,291,13,0,30.05,,0,0,0,35.1,38.8,40.0,0.47,0.43,0.37
ESSX,2016-04-05 04:45:00 EDT,44.31360,-73.37189,182,12.1,17.1,12.1,73.9,5.4,,,,,1.7,3.2,0.6,264,16,2.1,3.8,0.6,264,18,1.7,3.2,0.6,264,16,0,30.05,,0,0,0,35.1,38.8,40.0,0.47,0.43,0.37
ESSX,2016-04-05 04:50:00 EDT,44.31360,-73.37189,182,12.0,16.6,12.0,76.6,6.0,,,,,1.4,2.2,0.4,265,19,1.8,2.9,0.5,264,20,1.4,2.2,0.4,265,19,0,30.05,,0,0,0,35.1,38.8,39.9,0.47,0.43,0.37
ESSX,2016-04-05 04:55:00 EDT,44.31360,-73.37189,182,12.1,17.0,12.1,76.2,6.0,,,,,1.7,2.8,0.4,293,17,2.1,3.6,0.6,292,16,1.7,2.8,0.4,293,17,0,30.05,,0,0,0,35.1,38.7,40.0,0.47,0.43,0.37
ESSX,2016-04-05 05:00:00 EDT,44.31360,-73.37189,182,12.9,17.2,12.9,73.4,6.0,,,,,2.2,3.9,0.7,301,16,2.5,4.3,0.7,303,15,2.2,3.9,0.7,301,16,0,30.05,,0,0,0,35.1,38.7,39.9,0.47,0.43,0.37
ESSX,2016-04-05 05:05:00 EDT,44.31360,-73.37189,182,13.2,16.7,13.2,71.4,5.6,,,,,1.9,3.2,0.6,310,13,2.1,4.0,0.7,311,14,1.9,3.2,0.6,310,13,0,30.06,,0,0,0,35.0,38.7,39.9,0.47,0.43,0.37
ESSX,2016-04-05 05:10:00 EDT,44.31360,-73.37189,182,13.1,16.8,13.1,72.6,5.9,,,,,1.8,3.7,0.5,317,12,1.8,3.4,0.5,319,14,1.8,3.7,0.5,317,12,0,30.06,,0,0,0,35.0,38.7,39.9,0.47,0.43,0.37
ESSX,2016-04-05 05:15:00 EDT,44.31360,-73.37189,182,12.9,17.1,12.9,73.6,6.1,,,,,2.0,3.7,0.6,323,11,2.0,4.9,0.7,322,14,2.0,3.7,0.6,323,11,0,30.06,,0,0,0,35.0,38.7,39.9,0.47,0.43,0.37
ESSX,2016-04-05 05:20:00 EDT,44.31360,-73.37189,182,13.4,17.8,13.4,72.4,6.2,,,,,2.2,3.1,0.4,316,9,2.3,4.0,0.5,316,10,2.2,3.1,0.4,316,9,0,30.06,,0,0,0,35.0,38.7,39.9,0.47,0.43,0.37
ESSX,2016-04-05 05:25:00 EDT,44.31360,-73.37189,182,13.7,18.0,13.7,72.1,6.4,,,,,2.7,4.0,0.6,318,11,2.8,4.7,0.8,318,11,2.7,4.0,0.6,318,11,0,30.07,,0,0,0,35.0,38.7,39.9,0.47,0.43,0.37
ESSX,2016-04-05 05:30:00 EDT,44.31360,-73.37189,182,14.3,18.0,14.3,70.0,6.3,,,,,2.8,4.5,0.7,323,12,3.0,5.4,0.9,325,13,2.8,4.5,0.7,323,12,0,30.07,,0,0,0,34.9,38.7,39.9,0.47,0.43,0.37
ESSX,2016-04-05 05:35:00 EDT,44.31360,-73.37189,182,14.4,17.7,14.4,69.8,6.3,,,,,2.8,4.6,0.6,330,12,3.0,5.6,0.8,331,12,2.8,4.6,0.6,330,12,0,30.07,,0,0,0,34.9,38.7,39.9,0.47,0.43,0.37
ESSX,2016-04-05 05:40:00 EDT,44.31360,-73.37189,182,14.9,18.0,14.9,67.8,6.2,,,,,2.8,4.6,0.7,323,14,2.8,4.7,0.8,324,11,2.8,4.6,0.7,323,14,0,30.07,,0,0,0,34.9,38.7,39.9,0.47,0.43,0.37
ESSX,2016-04-05 05:45:00 EDT,44.31360,-73.37189,182,15.2,17.9,15.2,66.6,6.0,,,,,2.5,3.8,0.6,331,19,2.9,4.7,0.7,334,16,2.5,3.8,0.6,331,19,0,30.08,,0,0,0,34.9,38.7,39.9,0.47,0.43,0.37
ESSX,2016-04-05 05:50:00 EDT,44.31360,-73.37189,182,15.9,17.9,10.7,65.0,6.2,,,,,3.2,6.3,1.1,338,11,3.8,7.4,1.3,339,9,3.2,6.3,1.1,338,11,0,30.08,,0,0,0,34.9,38.7,39.9,0.47,0.43,0.37
ESSX,2016-04-05 05:55:00 EDT,44.31360,-73.37189,182,16.1,18.4,10.2,64.0,6.0,,,,,3.7,5.2,0.7,337,11,4.2,7.2,0.8,338,11,3.7,5.2,0.7,337,11,0,30.08,,0,0,0,34.9,38.7,39.9,0.47,0.43,0.37
ESSX,2016-04-05 06:00:00 EDT,44.31360,-73.37189,182,17.7,19.0,10.5,59.5,6.0,,,,,4.8,7.3,0.9,331,12,5.5,8.3,1.2,332,11,4.8,7.3,0.9,331,12,0,30.08,,0,0,0,34.9,38.7,39.9,0.47,0.43,0.37
ESSX,2016-04-05 06:05:00 EDT,44.31360,-73.37189,182,18.0,19.1,11.2,57.0,5.4,,,,,4.6,9.1,1.3,325,12,5.0,9.6,1.4,326,11,4.6,9.1,1.3,325,12,0,30.09,,0,0,0,34.9,38.7,39.9,0.47,0.43,0.37
ESSX,2016-04-05 06:10:00 EDT,44.31360,-73.37189,182,18.0,19.0,11.6,56.1,5.0,,,,,4.2,6.3,0.7,338,11,4.9,7.8,0.9,339,11,4.2,6.3,0.7,338,11,0,30.09,,0,0,0,34.9,38.7,39.9,0.47,0.43,0.37
ESSX,2016-04-05 06:15:00 EDT,44.31360,-73.37189,182,18.1,19.1,9.4,56.8,5.4,,,,,6.3,8.9,1.4,343,18,7.1,10.3,1.5,344,10,6.3,8.9,1.4,343,18,1,30.09,,0,0,0,34.9,38.7,39.9,0.47,0.43,0.37
ESSX,2016-04-05 06:20:00 EDT,44.31360,-73.37189,182,18.6,19.2,9.3,55.4,5.3,,,,,7.1,10.2,1.3,337,13,8.0,12.8,1.7,339,12,7.1,10.2,1.3,337,13,2,30.10,,0,0,0,34.9,38.7,39.9,0.47,0.43,0.37
ESSX,2016-04-05 06:25:00 EDT,44.31360,-73.37189,182,18.7,19.3,8.2,57.2,6.0,,,,,8.6,12.7,1.6,340,13,9.6,14.1,1.7,341,11,8.6,12.7,1.6,340,13,3,30.10,,0,0,0,34.9,38.7,39.9,0.47,0.43,0.37
ESSX,2016-04-05 06:30:00 EDT,44.31360,-73.37189,182,18.8,19.3,8.1,59.3,6.9,,,,,8.8,12.6,1.7,343,12,9.8,14.8,1.8,343,11,8.8,12.6,1.7,343,12,5,30.10,,0,0,0,34.9,38.7,39.9,0.47,0.43,0.37
ESSX,2016-04-05 06:35:00 EDT,44.31360,-73.37189,182,18.7,19.3,8.6,60.6,7.3,,,,,8.1,12.3,1.5,344,12,9.2,13.4,1.6,345,10,8.1,12.3,1.5,344,12,7,30.11,,0,0,0,34.9,38.7,39.9,0.47,0.43,0.37
ESSX,2016-04-05 06:40:00 EDT,44.31360,-73.37189,182,18.8,19.2,7.6,60.8,7.5,,,,,9.5,15.3,2.1,342,13,10.3,17.4,2.3,344,10,9.5,15.3,2.1,342,13,9,30.11,,0,0,0,34.9,38.7,39.9,0.47,0.43,0.37
ESSX,2016-04-05 06:45:00 EDT,44.31360,-73.37189,182,18.7,19.2,7.3,61.5,7.6,,,,,9.9,14.5,1.7,344,15,10.6,16.1,1.9,345,9,9.9,14.5,1.7,344,15,12,30.11,,0,0,0,34.9,38.7,39.9,0.47,0.43,0.37
ESSX,2016-04-05 06:50:00 EDT,44.31360,-73.37189,182,18.7,19.1,8.4,62.0,7.8,,,,,8.2,12.0,1.4,340,15,9.1,12.8,1.6,343,12,8.2,12.0,1.4,340,15,13,30.11,,0,0,0,34.9,38.7,39.9,0.47,0.43,0.37
ESSX,2016-04-05 06:55:00 EDT,44.31360,-73.37189,182,18.7,19.1,6.6,61.6,7.7,,,,,11.1,14.5,1.5,341,11,12.2,17.0,1.9,344,11,11.1,14.5,1.5,341,11,14,30.12,,0,0,0,34.9,38.7,39.9,0.47,0.43,0.37
ESSX,2016-04-05 07:00:00 EDT,44.31360,-73.37189,182,18.7,19.1,6.7,61.4,7.6,,,,,10.7,16.5,2.2,345,14,11.8,17.9,2.5,345,10,10.7,16.5,2.2,345,14,16,30.12,,0,0,0,34.9,38.7,39.9,0.47,0.43,0.37
ESSX,2016-04-05 07:05:00 EDT,44.31360,-73.37189,182,18.6,19.0,7.6,61.9,7.7,,,,,9.3,14.5,2.0,343,11,10.4,15.7,2.1,345,11,9.3,14.5,2.0,343,11,19,30.12,,0,0,0,34.9,38.7,39.9,0.47,0.43,0.37
ESSX,2016-04-05 07:10:00 EDT,44.31360,-73.37189,182,18.7,19.1,6.7,62.0,7.8,,,,,10.9,15.7,2.0,348,17,12.1,18.6,2.4,349,10,10.9,15.7,2.0,348,17,25,30.12,,0,0,0,34.9,38.7,39.9,0.47,0.43,0.37
ESSX,2016-04-05 07:15:00 EDT,44.31360,-73.37189,182,18.8,19.2,6.7,62.5,8.1,,,,,11.0,16.7,2.2,348,19,12.1,18.6,2.4,350,9,11.0,16.7,2.2,348,19,44,30.13,,0,0,0,34.9,38.7,39.9,0.47,0.43,0.37
ESSX,2016-04-05 07:20:00 EDT,44.31360,-73.37189,182,18.9,19.3,7.0,62.5,8.2,,,,,10.9,15.6,2.2,352,14,12.3,17.4,2.5,353,9,10.9,15.6,2.2,352,14,75,30.13,,0,0,0,34.9,38.6,39.9,0.47,0.43,0.37
ESSX,2016-04-05 07:25:00 EDT,44.31360,-73.37189,182,19.1,19.4,6.9,61.6,8.1,,,,,11.3,16.7,2.7,358,14,12.7,18.1,2.9,357,9,11.3,16.7,2.7,358,14,132,30.13,,0,0,0,34.9,38.6,39.9,0.47,0.43,0.37
ESSX,2016-04-05 07:30:00 EDT,44.31360,-73.37189,182,19.2,19.5,7.5,62.2,8.4,,,,,10.6,15.8,2.1,352,13,11.7,19.2,2.4,353,10,10.6,15.8,2.1,352,13,112,30.13,,0,0,0,34.9,38.6,39.9,0.47,0.43,0.37
ESSX,2016-04-05 07:35:00 EDT,44.31360,-73.37189,182,19.3,19.5,6.0,62.4,8.5,,,,,13.5,19.8,2.7,350,11,15.0,21.9,2.8,352,9,13.5,19.8,2.7,350,11,161,30.13,,0,0,0,34.9,38.6,39.9,0.47,0.43,0.37
ESSX,2016-04-05 07:40:00 EDT,44.31360,-73.37189,182,19.4,19.6,6.5,62.0,8.5,,,,,12.7,18.1,2.3,352,15,14.0,21.5,2.4,352,8,12.7,18.1,2.3,352,15,183,30.14,,0,0,0,34.9,38.6,39.9,0.47,0.43,0.37
ESSX,2016-04-05 07:45:00 EDT,44.31360,-73.37189,182,19.5,19.7,7.1,61.6,8.4,,,,,11.9,17.6,2.2,352,12,13.2,19.2,2.6,354,8,11.9,17.6,2.2,352,12,203,30.14,,0,0,0,34.9,38.6,39.9,0.47,0.43,0.37
ESSX,2016-04-05 07:50:00 EDT,44.31360,-73.37189,182,19.6,19.7,6.6,61.8,8.6,,,,,13.1,18.9,2.3,352,19,14.5,21.5,2.6,353,8,13.1,18.9,2.3,352,19,216,30.14,,0,0,0,34.9,38.5,39.9,0.47,0.43,0.37
ESSX,2016-04-05 07:55:00 EDT,44.31360,-73.37189,182,19.5,19.6,6.7,61.4,8.4,,,,,12.8,18.0,2.3,348,17,14.0,20.4,2.5,350,9,12.8,18.0,2.3,348,17,215,30.14,,0,0,0,34.9,38.5,39.9,0.47,0.43,0.37
ESSX,2016-04-05 08:00:00 EDT,44.31360,-73.37189,182,19.5,19.6,7.3,60.9,8.2,,,,,11.6,17.2,2.4,350,12,12.9,19.5,2.7,352,10,11.6,17.2,2.4,350,12,236,30.15,,0,0,0,34.9,38.5,39.9,0.47,0.43,0.37
ESSX,2016-04-05 08:05:00 EDT,44.31360,-73.37189,182,19.8,19.8,6.9,61.1,8.6,,,,,13.1,18.7,2.2,350,16,14.5,20.8,2.5,350,12,13.1,18.7,2.2,350,16,251,30.15,,0,0,0,34.9,38.5,39.9,0.47,0.43,0.37
ESSX,2016-04-05 08:10:00 EDT,44.31360,-73.37189,182,20.1,20.0,8.8,61.1,8.9,,,,,10.3,14.3,1.6,351,15,11.4,15.7,1.7,351,10,10.3,14.3,1.6,351,15,273,30.15,,0,0,0,34.9,38.5,39.9,0.47,0.43,0.37
ESSX,2016-04-05 08:15:00 EDT,44.31360,-73.37189,182,20.2,20.0,7.8,61.4,9.1,,,,,12.4,17.8,2.2,348,13,13.6,21.0,2.5,349,10,12.4,17.8,2.2,348,13,234,30.16,,0,0,0,34.9,38.5,39.9,0.47,0.43,0.37
ESSX,2016-04-05 08:20:00 EDT,44.31360,-73.37189,182,19.8,19.6,6.8,61.8,8.8,,,,,13.2,19.7,2.1,351,17,14.4,21.7,2.2,351,8,13.2,19.7,2.1,351,17,152,30.16,,0,0,0,34.9,38.5,39.9,0.47,0.43,0.37
ESSX,2016-04-05 08:25:00 EDT,44.31360,-73.37189,182,19.4,19.4,6.5,62.3,8.6,,,,,13.0,17.6,2.2,353,9,14.3,20.8,2.3,354,7,13.0,17.6,2.2,353,9,134,30.16,,0,0,0,34.9,38.5,39.9,0.47,0.43,0.37
ESSX,2016-04-05 08:30:00 EDT,44.31360,-73.37189,182,19.6,19.6,8.2,63.2,9.2,,,,,10.4,18.1,3.4,356,15,11.7,20.8,3.5,358,7,10.4,18.1,3.4,356,15,138,30.16,,0,0,0,34.9,38.5,39.9,0.47,0.43,0.37
ESSX,2016-04-05 08:35:00 EDT,44.31360,-73.37189,182,19.7,19.7,8.3,62.5,9.0,,,,,10.2,16.0,2.2,354,14,11.3,17.9,2.3,355,11,10.2,16.0,2.2,354,14,147,30.16,,0,0,0,34.9,38.5,39.9,0.47,0.43,0.37
ESSX,2016-04-05 08:40:00 EDT,44.31360,-73.37189,182,19.9,19.8,8.7,62.7,9.2,,,,,10.1,15.2,2.0,359,19,11.3,17.7,2.2,0,14,10.1,15.2,2.0,359,19,206,30.17,,0,0,0,34.9,38.5,39.9,0.47,0.43,0.37
ESSX,2016-04-05 08:45:00 EDT,44.31360,-73.37189,182,19.8,19.7,6.5,61.7,8.8,,,,,13.8,18.6,1.8,351,15,15.1,21.5,2.3,351,8,13.8,18.6,1.8,351,15,106,30.17,,0,0,0,34.9,38.5,39.9,0.47,0.43,0.37
ESSX,2016-04-05 08:50:00 EDT,44.31360,-73.37189,182,19.6,19.6,7.7,62.0,8.7,,,,,11.1,15.3,2.2,354,11,12.6,17.7,2.5,356,9,11.1,15.3,2.2,354,11,98,30.17,,0,0,0,34.9,38.5,39.9,0.47,0.43,0.37
ESSX,2016-04-05 08:55:00 EDT,44.31360,-73.37189,182,19.5,19.5,6.6,61.9,8.6,,,,,13.0,17.6,1.7,351,17,14.3,20.4,2.3,353,10,13.0,17.6,1.7,351,17,79,30.17,,0,0,0,34.9,38.5,39.9,0.47,0.43,0.37
ESSX,2016-04-05 09:00:00 EDT,44.31360,-73.37189,182,19.7,19.7,8.7,62.8,9.1,,,,,9.7,14.0,2.1,347,11,10.8,16.8,2.5,347,9,9.7,14.0,2.1,347,11,73,30.17,,0,0,0,34.9,38.5,39.9,0.47,0.43,0.37
ESSX,2016-04-05 09:05:00 EDT,44.31360,-73.37189,182,19.8,19.7,8.1,62.4,9.0,,,,,10.8,15.9,2.0,343,14,12.0,18.6,2.2,345,12,10.8,15.9,2.0,343,14,87,30.17,,0,0,0,34.9,38.5,39.8,0.47,0.43,0.37
ESSX,2016-04-05 09:10:00 EDT,44.31360,-73.37189,182,19.8,19.8,8.6,62.7,9.1,,,,,9.9,14.5,1.9,346,14,11.0,16.6,2.1,347,10,9.9,14.5,1.9,346,14,73,30.18,,0,0,0,34.9,38.5,39.8,0.47,0.43,0.37
ESSX,2016-04-05 09:15:00 EDT,44.31360,-73.37189,182,19.8,19.7,7.8,63.1,9.2,,,,,11.3,17.1,2.4,345,17,12.4,19.9,2.6,346,12,11.3,17.1,2.4,345,17,85,30.18,,0,0,0,34.9,38.5,39.8,0.47,0.43,0.37
ESSX,2016-04-05 09:20:00 EDT,44.31360,-73.37189,182,19.8,19.7,7.6,63.1,9.3,,,,,11.8,16.7,2.2,357,17,13.3,18.8,2.4,357,11,11.8,16.7,2.2,357,17,82,30.18,,0,0,0,34.9,38.5,39.9,0.47,0.43,0.37
ESSX,2016-04-05 09:25:00 EDT,44.31360,-73.37189,182,19.8,19.8,8.2,63.4,9.4,,,,,10.7,15.7,2.5,350,15,11.9,17.4,2.8,352,8,10.7,15.7,2.5,350,15,99,30.18,,0,0,0,34.8,38.5,39.8,0.47,0.43,0.37
ESSX,2016-04-05 09:30:00 EDT,44.31360,-73.37189,182,20.3,20.2,10.1,62.4,9.4,,,,,8.6,12.9,1.4,358,13,9.8,14.1,1.6,358,10,8.6,12.9,1.4,358,13,121,30.18,,0,0,0,34.8,38.5,39.8,0.47,0.43,0.37
ESSX,2016-04-05 09:35:00 EDT,44.31360,-73.37189,182,20.3,20.2,8.8,61.6,9.2,,,,,10.7,18.6,2.1,358,27,12.0,19.9,2.7,359,13,10.7,18.6,2.1,358,27,148,30.18,,0,0,0,34.8,38.5,39.8,0.47,0.43,0.37
ESSX,2016-04-05 09:40:00 EDT,44.31360,-73.37189,182,20.4,20.2,7.9,58.8,8.2,,,,,12.4,20.2,3.2,350,20,13.8,22.1,3.3,350,8,12.4,20.2,3.2,350,20,139,30.18,,0,0,0,34.7,38.4,39.8,0.47,0.43,0.37
ESSX,2016-04-05 09:45:00 EDT,44.31360,-73.37189,182,20.7,20.4,9.1,59.4,8.8,,,,,11.1,15.1,1.9,349,15,12.3,17.4,2.0,350,8,11.1,15.1,1.9,349,15,347,30.19,,0,0,0,34.7,38.5,39.8,0.47,0.43,0.37
ESSX,2016-04-05 09:50:00 EDT,44.31360,-73.37189,182,21.8,21.3,13.4,57.3,9.0,,,,,6.7,10.7,1.9,10,20,7.5,12.3,2.0,11,15,6.7,10.7,1.9,10,20,350,30.19,,0,0,0,34.7,38.4,39.8,0.47,0.43,0.37
ESSX,2016-04-05 09:55:00 EDT,44.31360,-73.37189,182,22.2,21.4,10.8,53.8,8.0,,,,,11.3,17.2,2.9,357,13,12.6,19.2,3.2,357,12,11.3,17.2,2.9,357,13,572,30.19,,0,0,0,34.7,38.4,39.8,0.47,0.43,0.37
ESSX,2016-04-05 10:00:00 EDT,44.31360,-73.37189,182,21.7,21.3,10.4,51.7,6.7,,,,,11.1,14.8,1.8,2,18,12.2,17.4,1.9,4,17,11.1,14.8,1.8,2,18,345,30.19,,0,0,0,34.7,38.4,39.8,0.47,0.43,0.37
ESSX,2016-04-05 10:05:00 EDT,44.31360,-73.37189,182,22.9,21.8,12.1,51.3,7.6,,,,,10.7,16.8,2.0,350,19,11.7,19.0,2.2,352,17,10.7,16.8,2.0,350,19,678,30.19,,0,0,0,34.7,38.4,39.8,0.47,0.43,0.37
ESSX,2016-04-05 10:10:00 EDT,44.31360,-73.37189,182,23.3,22.3,12.3,48.3,6.6,,,,,11.1,18.6,2.6,346,14,12.5,20.1,2.8,347,10,11.1,18.6,2.6,346,14,655,30.19,,0,0,0,34.7,38.4,39.7,0.47,0.43,0.37
ESSX,2016-04-05 10:15:00 EDT,44.31360,-73.37189,182,23.8,22.7,13.8,47.6,6.8,,,,,9.7,13.5,1.7,22,28,10.6,15.7,1.8,21,26,9.7,13.5,1.7,22,28,645,30.19,,0,0,0,34.7,38.4,39.8,0.47,0.43,0.37
ESSX,2016-04-05 10:20:00 EDT,44.31360,-73.37189,182,23.5,22.4,13.3,46.8,6.1,,,,,9.9,18.0,3.2,20,21,10.9,19.2,3.5,19,17,9.9,18.0,3.2,20,21,643,30.20,,0,0,0,34.7,38.3,39.8,0.47,0.43,0.37
ESSX,2016-04-05 10:25:00 EDT,44.31360,-73.37189,182,24.3,23.2,13.8,46.1,6.6,,,,,10.8,18.7,2.9,25,18,11.7,22.6,3.4,25,15,10.8,18.7,2.9,25,18,656,30.20,,0,0,0,34.7,38.3,39.7,0.47,0.43,0.37
ESSX,2016-04-05 10:30:00 EDT,44.31360,-73.37189,182,23.1,22.2,11.3,45.7,5.2,,,,,12.5,19.9,3.2,24,18,13.5,24.8,3.7,24,18,12.5,19.9,3.2,24,18,395,30.20,,0,0,0,34.7,38.3,39.8,0.47,0.43,0.37
ESSX,2016-04-05 10:35:00 EDT,44.31360,-73.37189,182,23.7,22.5,12.8,47.7,6.7,,,,,11.2,19.7,4.2,31,19,12.0,22.1,4.4,31,19,11.2,19.7,4.2,31,19,691,30.20,,0,0,0,34.7,38.3,39.8,0.47,0.43,0.37
ESSX,2016-04-05 10:40:00 EDT,44.31360,-73.37189,182,24.1,22.8,12.7,45.0,5.8,,,,,12.2,19.4,3.5,30,15,13.3,21.7,3.7,29,15,12.2,19.4,3.5,30,15,704,30.20,,0,0,0,34.7,38.3,39.8,0.47,0.43,0.37
ESSX,2016-04-05 10:45:00 EDT,44.31360,-73.37189,182,24.0,23.0,12.8,44.8,5.6,,,,,11.9,16.0,2.4,21,14,13.0,18.6,2.8,19,15,11.9,16.0,2.4,21,14,748,30.20,,0,0,0,34.7,38.3,39.7,0.47,0.43,0.37
ESSX,2016-04-05 10:50:00 EDT,44.31360,-73.37189,182,25.4,24.1,16.2,44.3,6.7,,,,,8.9,15.3,2.2,14,23,10.1,16.6,2.4,15,21,8.9,15.3,2.2,14,23,707,30.20,,0,0,0,34.7,38.3,39.7,0.47,0.43,0.37
ESSX,2016-04-05 10:55:00 EDT,44.31360,-73.37189,182,24.6,23.3,13.6,44.2,5.9,,,,,11.9,16.7,2.7,28,15,13.0,19.2,3.0,27,15,11.9,16.7,2.7,28,15,761,30.20,,0,0,0,34.7,38.3,39.7,0.47,0.43,0.37
ESSX,2016-04-05 11:00:00 EDT,44.31360,-73.37189,182,24.4,23.3,13.1,42.1,4.6,,,,,12.3,19.4,2.8,28,15,13.2,20.4,3.2,28,15,12.3,19.4,2.8,28,15,735,30.21,,0,0,0,34.7,38.3,39.7,0.47,0.43,0.37
ESSX,2016-04-05 11:05:00 EDT,44.31360,-73.37189,182,24.3,23.3,13.4,42.9,4.9,,,,,11.3,17.5,2.8,27,20,12.4,19.5,3.3,26,19,11.3,17.5,2.8,27,20,763,30.20,,0,0,0,34.7,38.3,39.8,0.47,0.43,0.37
ESSX,2016-04-05 11:10:00 EDT,44.31360,-73.37189,182,24.8,23.3,12.8,42.6,5.2,,,,,13.9,21.3,2.7,29,20,14.9,22.1,3.2,27,18,13.9,21.3,2.7,29,20,773,30.20,,0,0,0,34.7,38.3,39.7,0.47,0.43,0.37
ESSX,2016-04-05 11:15:00 EDT,44.31360,-73.37189,182,24.7,23.5,14.2,42.5,5.1,,,,,10.7,18.1,2.5,25,21,12.0,19.7,2.9,23,20,10.7,18.1,2.5,25,21,735,30.20,,0,0,0,34.7,38.3,39.7,0.47,0.43,0.37
ESSX,2016-04-05 11:20:00 EDT,44.31360,-73.37189,182,24.6,23.2,13.2,41.7,4.6,,,,,12.5,19.8,3.0,38,16,13.5,20.1,3.0,36,16,12.5,19.8,3.0,38,16,725,30.20,,0,0,0,34.7,38.3,39.8,0.47,0.43,0.37
ESSX,2016-04-05 11:25:00 EDT,44.31360,-73.37189,182,24.7,23.2,13.9,42.0,4.8,,,,,11.4,17.8,2.4,29,19,12.2,19.9,2.6,28,18,11.4,17.8,2.4,29,19,798,30.20,,0,0,0,34.7,38.3,39.7,0.47,0.43,0.37
ESSX,2016-04-05 11:30:00 EDT,44.31360,-73.37189,182,25.2,23.5,14.7,41.5,5.0,,,,,11.0,16.4,2.7,34,17,11.8,17.7,2.9,33,16,11.0,16.4,2.7,34,17,810,30.20,,0,0,0,34.6,38.3,39.7,0.47,0.43,0.37
ESSX,2016-04-05 11:35:00 EDT,44.31360,-73.37189,182,24.7,23.4,13.9,40.2,3.9,,,,,11.3,18.0,3.1,32,20,12.1,21.7,3.4,31,20,11.3,18.0,3.1,32,20,816,30.20,,0,0,0,34.6,38.3,39.7,0.47,0.43,0.37
ESSX,2016-04-05 11:40:00 EDT,44.31360,-73.37189,182,25.3,23.6,14.2,39.3,3.9,,,,,12.1,16.7,1.9,28,22,13.1,19.5,2.5,26,19,12.1,16.7,1.9,28,22,822,30.19,,0,0,0,34.7,38.3,39.7,0.47,0.43,0.37
ESSX,2016-04-05 11:45:00 EDT,44.31360,-73.37189,182,24.6,23.3,14.0,37.2,2.1,,,,,11.0,17.0,2.5,21,20,12.1,18.3,2.7,21,19,11.0,17.0,2.5,21,20,816,30.19,,0,0,0,34.6,38.3,39.7,0.47,0.43,0.37
ESSX,2016-04-05 11:50:00 EDT,44.31360,-73.37189,182,25.5,23.9,14.5,39.1,4.0,,,,,12.2,23.7,3.0,38,16,12.9,24.8,3.0,38,16,12.2,23.7,3.0,38,16,818,30.19,,0,0,0,34.6,38.3,39.7,0.47,0.43,0.37
ESSX,2016-04-05 11:55:00 EDT,44.31360,-73.37189,182,25.6,24.0,15.5,38.4,3.7,,,,,10.6,16.9,2.6,34,16,11.5,18.6,2.8,31,15,10.6,16.9,2.6,34,16,834,30.19,,0,0,0,34.6,38.3,39.7,0.47,0.43,0.37
ESSX,2016-04-05 12:00:00 EDT,44.31360,-73.37189,182,25.5,24.1,15.7,37.6,3.2,,,,,10.0,16.4,2.7,34,15,10.8,18.3,2.6,33,15,10.0,16.4,2.7,34,15,839,30.19,,0,0,0,34.6,38.3,39.7,0.47,0.43,0.37
ESSX,2016-04-05 12:05:00 EDT,44.31360,-73.37189,182,26.0,24.4,16.2,38.2,4.0,,,,,10.1,15.4,2.2,46,16,10.7,15.9,2.3,47,14,10.1,15.4,2.2,46,16,842,30.19,,0,0,0,34.6,38.3,39.7,0.47,0.43,0.37
ESSX,2016-04-05 12:10:00 EDT,44.31360,-73.37189,182,25.9,24.0,15.1,37.4,3.4,,,,,12.1,17.8,2.4,29,12,13.0,20.1,2.6,30,12,12.1,17.8,2.4,29,12,839,30.19,,0,0,0,34.5,38.3,39.7,0.47,0.43,0.37
ESSX,2016-04-05 12:15:00 EDT,44.31360,-73.37189,182,25.9,24.3,14.9,39.2,4.4,,,,,12.4,18.6,2.6,45,15,13.2,20.1,2.7,44,13,12.4,18.6,2.6,45,15,846,30.18,,0,0,0,34.5,38.3,39.7,0.47,0.43,0.37
ESSX,2016-04-05 12:20:00 EDT,44.31360,-73.37189,182,26.0,24.3,15.4,38.6,4.1,,,,,11.5,17.2,2.7,38,12,12.3,18.1,2.4,37,13,11.5,17.2,2.7,38,12,835,30.18,,0,0,0,34.5,38.3,39.7,0.47,0.43,0.37
ESSX,2016-04-05 12:25:00 EDT,44.31360,-73.37189,182,25.6,24.0,14.9,38.4,3.7,,,,,11.6,15.9,2.0,33,15,12.5,17.9,2.3,32,13,11.6,15.9,2.0,33,15,830,30.18,,0,0,0,34.5,38.3,39.7,0.47,0.43,0.37
ESSX,2016-04-05 12:30:00 EDT,44.31360,-73.37189,182,25.9,24.3,15.7,39.1,4.4,,,,,11.0,15.7,2.1,39,20,11.9,16.6,2.3,37,20,11.0,15.7,2.1,39,20,851,30.18,,0,0,0,34.5,38.3,39.7,0.47,0.43,0.37
ESSX,2016-04-05 12:35:00 EDT,44.31360,-73.37189,182,26.3,25.2,17.2,38.4,4.4,,,,,9.2,15.6,2.5,45,17,9.8,17.0,2.7,45,16,9.2,15.6,2.5,45,17,856,30.18,,0,0,0,34.5,38.3,39.7,0.47,0.43,0.37
ESSX,2016-04-05 12:40:00 EDT,44.31360,-73.37189,182,26.5,24.6,15.6,40.0,5.4,,,,,12.7,18.8,2.6,44,12,13.3,19.5,2.6,44,12,12.7,18.8,2.6,44,12,858,30.18,,0,0,0,34.5,38.3,39.7,0.47,0.43,0.37
ESSX,2016-04-05 12:45:00 EDT,44.31360,-73.37189,182,26.5,24.7,16.5,40.7,5.8,,,,,10.9,14.9,2.1,43,12,11.4,16.3,2.2,43,10,10.9,14.9,2.1,43,12,861,30.17,,0,0,0,34.5,38.3,39.7,0.47,0.43,0.37
ESSX,2016-04-05 12:50:00 EDT,44.31360,-73.37189,182,26.5,25.1,16.5,38.2,4.4,,,,,10.7,19.1,3.6,31,22,11.7,21.7,3.9,29,20,10.7,19.1,3.6,31,22,862,30.17,,0,0,0,34.5,38.2,39.7,0.47,0.43,0.37
ESSX,2016-04-05 12:55:00 EDT,44.31360,-73.37189,182,26.8,25.4,17.4,39.3,5.3,,,,,9.8,14.6,2.1,26,15,10.8,15.4,2.3,26,15,9.8,14.6,2.1,26,15,864,30.17,,0,0,0,34.5,38.2,39.7,0.47,0.43,0.37
ESSX,2016-04-05 13:00:00 EDT,44.31360,-73.37189,182,27.1,25.6,18.0,39.4,5.6,,,,,9.4,15.3,2.4,35,15,10.3,16.6,2.5,33,14,9.4,15.3,2.4,35,15,865,30.17,,0,0,0,34.5,38.2,39.7,0.47,0.43,0.37
ESSX,2016-04-05 13:05:00 EDT,44.31360,-73.37189,182,27.1,25.1,17.1,37.9,4.8,,,,,11.1,19.0,2.9,42,12,11.7,19.7,2.9,42,13,11.1,19.0,2.9,42,12,864,30.17,,0,0,0,34.5,38.2,39.7,0.47,0.43,0.37
ESSX,2016-04-05 13:10:00 EDT,44.31360,-73.37189,182,26.3,24.7,15.5,38.8,4.6,,,,,12.3,20.0,2.8,46,13,12.9,20.6,2.8,47,13,12.3,20.0,2.8,46,13,863,30.17,,0,0,0,34.5,38.1,39.7,0.47,0.43,0.37
ESSX,2016-04-05 13:15:00 EDT,44.31360,-73.37189,182,26.8,25.6,17.2,38.3,4.8,,,,,10.1,17.0,2.9,30,20,11.1,18.8,3.0,30,19,10.1,17.0,2.9,30,20,861,30.16,,0,0,0,34.5,38.1,39.7,0.47,0.43,0.37
ESSX,2016-04-05 13:20:00 EDT,44.31360,-73.37189,182,27.3,26.1,19.7,38.5,5.3,,,,,7.3,13.3,2.2,25,18,8.4,15.4,2.3,25,17,7.3,13.3,2.2,25,18,861,30.16,,0,0,0,34.5,38.1,39.7,0.47,0.43,0.37
ESSX,2016-04-05 13:25:00 EDT,44.31360,-73.37189,182,27.2,25.8,18.1,38.7,5.3,,,,,9.6,18.0,3.5,53,16,10.3,18.8,3.5,51,16,9.6,18.0,3.5,53,16,859,30.16,,0,0,0,34.5,38.1,39.7,0.47,0.43,0.37
ESSX,2016-04-05 13:30:00 EDT,44.31360,-73.37189,182,26.8,25.9,17.9,37.2,4.1,,,,,9.0,16.4,2.4,29,18,10.0,19.7,2.9,25,17,9.0,16.4,2.4,29,18,856,30.16,,0,0,0,34.5,38.1,39.7,0.47,0.43,0.37
ESSX,2016-04-05 13:35:00 EDT,44.31360,-73.37189,182,26.4,25.1,16.1,37.4,3.8,,,,,11.3,18.6,2.5,46,15,12.0,20.4,2.8,45,15,11.3,18.6,2.5,46,15,853,30.16,,0,0,0,34.5,38.1,39.7,0.47,0.43,0.37
ESSX,2016-04-05 13:40:00 EDT,44.31360,-73.37189,182,27.4,26.2,18.3,38.8,5.5,,,,,9.4,15.9,2.6,26,24,10.5,15.9,2.6,24,24,9.4,15.9,2.6,26,24,850,30.16,,0,0,0,34.5,38.1,39.7,0.47,0.43,0.37
ESSX,2016-04-05 13:45:00 EDT,44.31360,-73.37189,182,26.8,25.1,17.2,37.3,4.1,,,,,10.1,14.5,2.5,31,16,10.9,15.7,2.5,31,16,10.1,14.5,2.5,31,16,846,30.16,,0,0,0,34.5,38.1,39.7,0.47,0.43,0.37
ESSX,2016-04-05 13:50:00 EDT,44.31360,-73.37189,182,27.4,26.2,18.2,37.8,5.0,,,,,9.6,14.8,2.0,32,25,10.6,17.0,2.3,30,24,9.6,14.8,2.0,32,25,842,30.16,,0,0,0,34.5,38.1,39.7,0.47,0.43,0.37
ESSX,2016-04-05 13:55:00 EDT,44.31360,-73.37189,182,26.8,25.5,17.9,37.9,4.5,,,,,9.1,14.6,2.4,34,14,9.6,15.4,2.4,34,13,9.1,14.6,2.4,34,14,838,30.16,,0,0,0,34.5,38.1,39.7,0.47,0.43,0.37
ESSX,2016-04-05 14:00:00 EDT,44.31360,-73.37189,182,27.5,26.2,19.1,38.5,5.4,,,,,8.3,14.2,1.9,46,16,9.0,15.2,2.1,44,16,8.3,14.2,1.9,46,16,834,30.15,,0,0,0,34.5,38.1,39.7,0.47,0.43,0.37
ESSX,2016-04-05 14:05:00 EDT,44.31360,-73.37189,182,27.8,26.4,18.7,38.8,6.0,,,,,9.7,15.9,3.0,19,19,10.8,17.2,3.2,18,19,9.7,15.9,3.0,19,19,828,30.15,,0,0,0,34.5,38.1,39.7,0.47,0.43,0.37
ESSX,2016-04-05 14:10:00 EDT,44.31360,-73.37189,182,27.7,25.9,18.9,37.9,5.3,,,,,9.3,15.1,2.5,29,11,10.1,16.1,2.8,28,11,9.3,15.1,2.5,29,11,822,30.15,,0,0,0,34.5,38.1,39.7,0.47,0.43,0.37
ESSX,2016-04-05 14:15:00 EDT,44.31360,-73.37189,182,27.3,25.9,18.8,36.9,4.4,,,,,8.6,13.1,2.2,28,17,9.4,15.9,2.4,29,15,8.6,13.1,2.2,28,17,816,30.15,,0,0,0,34.5,38.1,39.6,0.47,0.43,0.37
ESSX,2016-04-05 14:20:00 EDT,44.31360,-73.37189,182,27.8,26.7,19.9,38.2,5.6,,,,,7.8,14.0,2.1,23,24,8.8,16.3,2.3,22,21,7.8,14.0,2.1,23,24,810,30.15,,0,0,0,34.5,38.1,39.6,0.47,0.43,0.37
ESSX,2016-04-05 14:25:00 EDT,44.31360,-73.37189,182,27.7,26.2,19.7,35.9,4.1,,,,,7.8,13.4,2.5,24,18,8.6,17.4,2.7,22,13,7.8,13.4,2.5,24,18,804,30.15,,0,0,0,34.5,38.1,39.6,0.47,0.43,0.37
ESSX,2016-04-05 14:30:00 EDT,44.31360,-73.37189,182,28.3,26.9,22.1,37.3,5.5,,,,,5.7,12.0,2.5,34,17,6.4,13.4,2.4,36,17,5.7,12.0,2.5,34,17,797,30.15,,0,0,0,34.5,38.1,39.6,0.47,0.43,0.37
ESSX,2016-04-05 14:35:00 EDT,44.31360,-73.37189,182,28.9,27.4,20.5,39.3,7.2,,,,,9.0,13.5,1.8,49,25,9.9,14.3,1.9,50,24,9.0,13.5,1.8,49,25,789,30.15,,0,0,0,34.5,38.0,39.6,0.47,0.43,0.37
ESSX,2016-04-05 14:40:00 EDT,44.31360,-73.37189,182,28.4,27.0,19.7,37.6,5.8,,,,,9.2,14.0,2.1,43,15,9.7,14.1,2.3,42,14,9.2,14.0,2.1,43,15,781,30.15,,0,0,0,34.5,38.0,39.6,0.47,0.43,0.37
ESSX,2016-04-05 14:45:00 EDT,44.31360,-73.37189,182,27.6,26.4,19.1,36.0,4.1,,,,,8.6,14.8,3.2,41,15,9.2,15.4,3.0,40,15,8.6,14.8,3.2,41,15,775,30.15,,0,0,0,34.5,38.0,39.6,0.47,0.43,0.37
ESSX,2016-04-05 14:50:00 EDT,44.31360,-73.37189,182,28.4,27.1,20.5,37.2,5.6,,,,,7.9,11.3,1.6,25,18,8.7,12.8,1.6,24,16,7.9,11.3,1.6,25,18,766,30.14,,0,0,0,34.5,38.0,39.6,0.47,0.43,0.37
ESSX,2016-04-05 14:55:00 EDT,44.31360,-73.37189,182,28.7,27.1,19.6,37.1,5.7,,,,,9.9,16.8,2.1,33,12,10.6,18.1,2.2,31,11,9.9,16.8,2.1,33,12,757,30.14,,0,0,0,34.5,38.0,39.6,0.47,0.43,0.37
ESSX,2016-04-05 15:00:00 EDT,44.31360,-73.37189,182,28.6,27.0,20.9,37.4,5.8,,,,,7.7,12.3,2.0,47,9,8.3,12.5,2.0,46,10,7.7,12.3,2.0,47,9,749,30.14,,0,0,0,34.5,38.0,39.6,0.47,0.43,0.37
ESSX,2016-04-05 15:05:00 EDT,44.31360,-73.37189,182,28.7,27.6,21.4,36.2,5.3,,,,,7.3,12.6,2.6,19,17,8.2,15.4,2.9,16,15,7.3,12.6,2.6,19,17,739,30.14,,0,0,0,34.5,38.0,39.6,0.47,0.43,0.37
ESSX,2016-04-05 15:10:00 EDT,44.31360,-73.37189,182,29.5,27.8,22.3,36.7,6.2,,,,,7.2,11.2,2.0,30,13,7.9,12.8,2.1,29,10,7.2,11.2,2.0,30,13,729,30.13,,0,0,0,34.5,37.9,39.6,0.47,0.43,0.37
ESSX,2016-04-05 15:15:00 EDT,44.31360,-73.37189,182,29.1,28.0,20.7,35.8,5.3,,,,,9.0,13.4,2.0,16,19,10.1,16.1,2.3,16,18,9.0,13.4,2.0,16,19,719,30.13,,0,0,0,34.5,37.9,39.6,0.47,0.43,0.37
ESSX,2016-04-05 15:20:00 EDT,44.31360,-73.37189,182,29.0,27.7,20.9,36.0,5.4,,,,,8.5,12.8,2.2,43,14,9.0,13.6,2.4,43,14,8.5,12.8,2.2,43,14,707,30.13,,0,0,0,34.5,38.0,39.6,0.47,0.43,0.37
ESSX,2016-04-05 15:25:00 EDT,44.31360,-73.37189,182,29.0,27.6,21.0,35.4,5.0,,,,,8.4,12.0,1.6,38,17,9.1,13.2,1.7,37,17,8.4,12.0,1.6,38,17,696,30.13,,0,0,0,34.5,38.0,39.6,0.47,0.43,0.37
ESSX,2016-04-05 15:30:00 EDT,44.31360,-73.37189,182,29.3,28.0,20.7,35.3,5.2,,,,,9.4,13.9,2.1,54,13,10.0,15.0,2.1,53,12,9.4,13.9,2.1,54,13,686,30.13,,0,0,0,34.5,37.9,39.6,0.47,0.43,0.37
ESSX,2016-04-05 15:35:00 EDT,44.31360,-73.37189,182,30.0,28.3,22.7,36.1,6.3,,,,,7.6,12.3,2.2,42,15,8.2,13.0,2.1,43,13,7.6,12.3,2.2,42,15,675,30.13,,0,0,0,34.5,37.9,39.6,0.47,0.43,0.37
ESSX,2016-04-05 15:40:00 EDT,44.31360,-73.37189,182,30.3,28.7,22.4,35.6,6.3,,,,,8.7,13.2,2.0,31,15,9.3,14.3,2.0,31,17,8.7,13.2,2.0,31,15,663,30.13,,0,0,0,34.5,37.9,39.6,0.47,0.43,0.37
ESSX,2016-04-05 15:45:00 EDT,44.31360,-73.37189,182,30.1,28.9,22.7,34.2,5.2,,,,,7.8,12.1,1.8,21,20,8.7,14.1,2.0,21,18,7.8,12.1,1.8,21,20,651,30.12,,0,0,0,34.5,37.9,39.6,0.47,0.43,0.37
ESSX,2016-04-05 15:50:00 EDT,44.31360,-73.37189,182,29.9,28.8,21.1,32.7,4.0,,,,,10.1,15.6,2.2,12,11,11.3,17.7,2.6,10,9,10.1,15.6,2.2,12,11,637,30.12,,0,0,0,34.5,37.9,39.6,0.47,0.43,0.37
ESSX,2016-04-05 15:55:00 EDT,44.31360,-73.37189,182,29.8,29.0,23.6,33.6,4.6,,,,,6.0,10.2,1.7,34,16,6.6,11.2,1.8,34,15,6.0,10.2,1.7,34,16,625,30.12,,0,0,0,34.5,37.9,39.6,0.47,0.43,0.37
ESSX,2016-04-05 16:00:00 EDT,44.31360,-73.37189,182,30.7,29.5,23.4,34.0,5.6,,,,,7.8,13.0,1.8,21,17,8.7,14.3,2.0,19,16,7.8,13.0,1.8,21,17,613,30.12,,0,0,0,34.5,37.9,39.6,0.47,0.43,0.37
ESSX,2016-04-05 16:05:00 EDT,44.31360,-73.37189,182,31.0,29.6,24.0,33.8,5.7,,,,,7.4,9.6,1.1,29,16,8.2,11.4,1.4,29,16,7.4,9.6,1.1,29,16,600,30.12,,0,0,0,34.5,37.9,39.6,0.47,0.43,0.37
ESSX,2016-04-05 16:10:00 EDT,44.31360,-73.37189,182,30.8,30.1,23.6,33.0,5.0,,,,,7.7,12.8,2.2,46,16,8.1,13.2,2.3,46,15,7.7,12.8,2.2,46,16,586,30.12,,0,0,0,34.5,37.9,39.6,0.47,0.43,0.37
ESSX,2016-04-05 16:15:00 EDT,44.31360,-73.37189,182,31.2,30.2,23.6,33.4,5.7,,,,,8.3,13.4,2.3,39,19,9.2,14.8,2.2,38,21,8.3,13.4,2.3,39,19,573,30.12,,0,0,0,34.5,37.9,39.6,0.47,0.43,0.37
ESSX,2016-04-05 16:20:00 EDT,44.31360,-73.37189,182,30.9,30.2,23.1,32.6,4.9,,,,,8.8,13.0,2.0,29,22,9.7,15.4,2.4,27,20,8.8,13.0,2.0,29,22,557,30.11,,0,0,0,34.5,37.9,39.6,0.47,0.43,0.37
ESSX,2016-04-05 16:25:00 EDT,44.31360,-73.37189,182,31.7,30.5,25.3,32.8,5.6,,,,,6.7,12.4,2.2,32,20,7.4,13.0,2.0,29,19,6.7,12.4,2.2,32,20,544,30.11,,0,0,0,34.5,37.9,39.6,0.47,0.43,0.37
ESSX,2016-04-05 16:30:00 EDT,44.31360,-73.37189,182,31.3,30.0,23.6,32.2,5.0,,,,,8.8,12.8,1.7,35,12,9.3,14.5,1.9,35,10,8.8,12.8,1.7,35,12,529,30.11,,0,0,0,34.5,37.9,39.6,0.47,0.43,0.37
ESSX,2016-04-05 16:35:00 EDT,44.31360,-73.37189,182,31.5,30.5,24.6,33.1,5.7,,,,,7.4,11.5,1.7,39,16,8.2,13.0,1.8,39,17,7.4,11.5,1.7,39,16,515,30.11,,0,0,0,34.5,37.9,39.6,0.47,0.43,0.37
ESSX,2016-04-05 16:40:00 EDT,44.31360,-73.37189,182,31.3,30.5,23.8,32.3,5.0,,,,,8.4,12.3,2.1,33,21,9.4,14.1,2.1,30,21,8.4,12.3,2.1,33,21,499,30.11,,0,0,0,34.5,37.9,39.6,0.47,0.43,0.37
ESSX,2016-04-05 16:45:00 EDT,44.31360,-73.37189,182,31.8,30.7,24.6,32.2,5.4,,,,,8.0,11.6,1.4,26,19,8.7,12.3,1.6,26,18,8.0,11.6,1.4,26,19,485,30.11,,0,0,0,34.5,37.9,39.6,0.47,0.43,0.37
ESSX,2016-04-05 16:50:00 EDT,44.31360,-73.37189,182,31.3,30.6,23.5,32.2,5.0,,,,,8.9,12.4,1.6,19,13,9.9,13.9,1.8,17,12,8.9,12.4,1.6,19,13,469,30.11,,0,0,0,34.5,37.9,39.6,0.47,0.43,0.37
ESSX,2016-04-05 16:55:00 EDT,44.31360,-73.37189,182,31.4,30.6,24.2,32.9,5.6,,,,,7.9,11.5,1.5,39,13,8.4,11.6,1.4,38,13,7.9,11.5,1.5,39,13,453,30.11,,0,0,0,34.5,37.9,39.6,0.47,0.43,0.37
ESSX,2016-04-05 17:00:00 EDT,44.31360,-73.37189,182,31.5,30.6,24.0,33.0,5.7,,,,,8.4,12.3,1.7,62,12,9.1,13.0,1.8,62,12,8.4,12.3,1.7,62,12,438,30.11,,0,0,0,34.5,37.9,39.6,0.47,0.43,0.37
ESSX,2016-04-05 17:05:00 EDT,44.31360,-73.37189,182,31.1,30.5,24.4,31.7,4.4,,,,,7.0,12.3,2.0,33,14,7.5,13.0,1.9,32,14,7.0,12.3,2.0,33,14,422,30.11,,0,0,0,34.5,37.9,39.6,0.47,0.43,0.37
ESSX,2016-04-05 17:10:00 EDT,44.31360,-73.37189,182,31.3,30.7,25.9,31.6,4.6,,,,,5.4,8.8,1.7,27,27,6.2,9.6,1.7,26,26,5.4,8.8,1.7,27,27,407,30.11,,0,0,0,34.5,37.9,39.6,0.47,0.43,0.37
ESSX,2016-04-05 17:15:00 EDT,44.31360,-73.37189,182,31.9,31.2,25.4,31.8,5.2,,,,,6.9,12.3,2.1,29,20,7.6,14.5,2.2,27,20,6.9,12.3,2.1,29,20,390,30.12,,0,0,0,34.5,37.9,39.6,0.47,0.43,0.37
ESSX,2016-04-05 17:20:00 EDT,44.31360,-73.37189,182,31.3,30.9,24.7,31.6,4.6,,,,,7.0,11.1,1.7,48,17,7.6,11.4,1.8,47,17,7.0,11.1,1.7,48,17,373,30.12,,0,0,0,34.5,37.9,39.6,0.47,0.43,0.37
ESSX,2016-04-05 17:25:00 EDT,44.31360,-73.37189,182,31.5,30.8,25.4,32.6,5.4,,,,,6.2,8.8,1.2,41,11,6.7,9.6,1.3,42,9,6.2,8.8,1.2,41,11,357,30.12,,0,0,0,34.5,37.9,39.6,0.47,0.43,0.37
ESSX,2016-04-05 17:30:00 EDT,44.31360,-73.37189,182,31.9,31.3,26.4,32.9,6.0,,,,,5.7,8.5,1.4,58,17,6.3,11.4,1.5,59,16,5.7,8.5,1.4,58,17,341,30.12,,0,0,0,34.5,37.9,39.6,0.47,0.43,0.37
ESSX,2016-04-05 17:35:00 EDT,44.31360,-73.37189,182,31.4,30.8,23.1,32.0,4.9,,,,,9.7,14.7,2.7,61,9,10.3,15.2,2.7,61,8,9.7,14.7,2.7,61,9,325,30.12,,0,0,0,34.5,37.9,39.6,0.47,0.43,0.37
ESSX,2016-04-05 17:40:00 EDT,44.31360,-73.37189,182,31.1,30.6,23.5,31.6,4.4,,,,,8.4,12.1,1.8,57,15,8.9,13.4,1.7,57,15,8.4,12.1,1.8,57,15,308,30.12,,0,0,0,34.5,37.9,39.6,0.47,0.43,0.37
ESSX,2016-04-05 17:45:00 EDT,44.31360,-73.37189,182,31.5,30.9,25.0,32.3,5.2,,,,,6.8,11.5,2.0,45,13,7.3,11.6,2.0,46,13,6.8,11.5,2.0,45,13,291,30.12,,0,0,0,34.6,37.9,39.6,0.47,0.43,0.37
ESSX,2016-04-05 17:50:00 EDT,44.31360,-73.37189,182,31.7,31.2,26.9,31.8,5.0,,,,,4.8,8.0,1.3,49,20,5.5,8.5,1.3,49,18,4.8,8.0,1.3,49,20,275,30.11,,0,0,0,34.5,37.8,39.6,0.47,0.43,0.37
ESSX,2016-04-05 17:55:00 EDT,44.31360,-73.37189,182,31.8,31.4,25.6,33.8,6.4,,,,,6.5,9.7,1.6,61,13,7.1,11.0,1.6,61,13,6.5,9.7,1.6,61,13,259,30.11,,0,0,0,34.5,37.8,39.6,0.47,0.43,0.37
ESSX,2016-04-05 18:00:00 EDT,44.31360,-73.37189,182,31.8,31.5,25.9,34.3,6.8,,,,,6.1,11.7,1.7,55,14,6.8,11.6,1.8,55,13,6.1,11.7,1.7,55,14,243,30.11,,0,0,0,34.6,37.8,39.6,0.47,0.43,0.37
ESSX,2016-04-05 18:05:00 EDT,44.31360,-73.37189,182,31.9,31.6,25.0,35.3,7.5,,,,,7.6,11.6,1.9,64,14,8.4,13.0,1.9,62,12,7.6,11.6,1.9,64,14,227,30.11,,0,0,0,34.6,37.8,39.6,0.47,0.43,0.37
ESSX,2016-04-05 18:10:00 EDT,44.31360,-73.37189,182,31.7,31.5,25.1,35.4,7.4,,,,,7.0,13.2,2.4,65,14,7.7,14.3,2.5,64,12,7.0,13.2,2.4,65,14,210,30.11,,0,0,0,34.6,37.8,39.6,0.47,0.43,0.37
ESSX,2016-04-05 18:15:00 EDT,44.31360,-73.37189,182,31.7,31.5,25.9,35.5,7.5,,,,,5.9,11.5,2.4,64,15,6.6,11.6,2.3,64,14,5.9,11.5,2.4,64,15,194,30.11,,0,0,0,34.7,37.8,39.6,0.47,0.43,0.37
ESSX,2016-04-05 18:20:00 EDT,44.31360,-73.37189,182,31.9,31.8,25.9,32.7,5.9,,,,,6.4,12.0,2.0,57,16,6.8,12.3,2.0,58,16,6.4,12.0,2.0,57,16,179,30.11,,0,0,0,34.7,37.8,39.6,0.47,0.43,0.37
ESSX,2016-04-05 18:25:00 EDT,44.31360,-73.37189,182,31.6,31.5,27.1,33.6,6.2,,,,,4.6,7.5,1.2,64,20,5.3,8.7,1.4,64,19,4.6,7.5,1.2,64,20,164,30.11,,0,0,0,34.7,37.8,39.5,0.47,0.43,0.37
ESSX,2016-04-05 18:30:00 EDT,44.31360,-73.37189,182,31.6,31.5,28.5,32.9,5.7,,,,,3.3,6.6,1.7,97,31,3.9,8.1,1.8,98,31,3.3,6.6,1.7,97,31,148,30.10,,0,0,0,34.7,37.8,39.6,0.47,0.43,0.37
ESSX,2016-04-05 18:35:00 EDT,44.31360,-73.37189,182,31.7,31.7,31.7,32.5,5.5,,,,,0.4,1.5,0.5,181,44,1.1,2.2,0.5,192,59,0.4,1.5,0.5,181,44,134,30.10,,0,0,0,34.7,37.8,39.5,0.47,0.43,0.37
ESSX,2016-04-05 18:40:00 EDT,44.31360,-73.37189,182,31.3,31.7,31.3,31.6,4.5,,,,,1.2,2.1,0.5,249,31,1.6,2.7,0.5,243,36,1.2,2.1,0.5,249,31,117,30.11,,0,0,0,34.7,37.8,39.5,0.47,0.43,0.37
ESSX,2016-04-05 18:45:00 EDT,44.31360,-73.37189,182,31.8,32.1,31.8,30.0,3.9,,,,,2.5,4.0,0.4,137,17,2.7,5.1,0.7,134,17,2.5,4.0,0.4,137,17,87,30.10,,0,0,0,34.7,37.8,39.6,0.47,0.43,0.37
ESSX,2016-04-05 18:50:00 EDT,44.31360,-73.37189,182,31.4,32.1,31.4,29.8,3.4,,,,,1.4,3.1,0.6,209,32,1.8,3.4,0.6,208,32,1.4,3.1,0.6,209,32,28,30.10,,0,0,0,34.7,37.8,39.5,0.47,0.43,0.37
ESSX,2016-04-05 18:55:00 EDT,44.31360,-73.37189,182,30.7,31.8,30.7,31.4,3.9,,,,,0.9,2.2,0.9,244,0,1.2,2.5,0.7,239,35,0.9,2.2,0.9,244,0,19,30.10,,0,0,0,34.7,37.8,39.6,0.47,0.43,0.37
ESSX,2016-04-05 19:00:00 EDT,44.31360,-73.37189,182,29.5,31.3,29.5,34.2,4.7,,,,,1.7,3.0,0.8,293,18,2.0,3.4,0.7,298,24,1.7,3.0,0.8,293,18,18,30.11,,0,0,0,34.7,37.8,39.6,0.47,0.43,0.37
ESSX,2016-04-05 19:05:00 EDT,44.31360,-73.37189,182,30.0,31.3,26.4,33.4,4.6,,,,,3.4,6.4,1.2,265,15,3.8,7.2,1.4,264,16,3.4,6.4,1.2,265,15,16,30.11,,0,0,0,34.7,37.8,39.6,0.47,0.43,0.37
ESSX,2016-04-05 19:10:00 EDT,44.31360,-73.37189,182,30.1,30.7,25.8,33.5,4.7,,,,,4.1,6.3,0.8,256,12,4.4,7.2,1.0,256,11,4.1,6.3,0.8,256,12,14,30.11,,0,0,0,34.7,37.8,39.5,0.47,0.43,0.37
ESSX,2016-04-05 19:15:00 EDT,44.31360,-73.37189,182,29.8,30.4,26.3,34.6,5.2,,,,,3.4,5.5,0.8,246,13,3.5,6.3,0.8,245,15,3.4,5.5,0.8,246,13,11,30.11,,0,0,0,34.7,37.8,39.5,0.47,0.43,0.37
ESSX,2016-04-05 19:20:00 EDT,44.31360,-73.37189,182,29.9,30.5,25.5,34.2,5.0,,,,,4.2,5.6,0.8,251,10,4.6,6.5,0.9,251,10,4.2,5.6,0.8,251,10,9,30.11,,0,0,0,34.7,37.8,39.6,0.47,0.43,0.37
ESSX,2016-04-05 19:25:00 EDT,44.31360,-73.37189,182,29.4,30.2,24.4,34.9,5.0,,,,,4.6,7.0,1.2,241,10,4.9,7.6,1.3,240,11,4.6,7.0,1.2,241,10,7,30.10,,0,0,0,34.7,37.8,39.5,0.47,0.43,0.37
ESSX,2016-04-05 19:30:00 EDT,44.31360,-73.37189,182,28.8,29.8,24.7,36.1,5.2,,,,,3.7,6.4,0.9,237,11,4.0,6.5,1.0,237,12,3.7,6.4,0.9,237,11,5,30.10,,0,0,0,34.7,37.8,39.5,0.47,0.43,0.37
ESSX,2016-04-05 19:35:00 EDT,44.31360,-73.37189,182,28.7,29.7,24.0,36.4,5.3,,,,,4.2,6.5,0.8,236,9,4.3,6.9,0.9,235,9,4.2,6.5,0.8,236,9,3,30.10,,0,0,0,34.7,37.8,39.5,0.47,0.43,0.37
ESSX,2016-04-05 19:40:00 EDT,44.31360,-73.37189,182,28.6,29.7,24.2,36.2,5.1,,,,,4.0,6.6,0.8,234,9,4.2,6.9,0.9,234,10,4.0,6.6,0.8,234,9,1,30.11,,0,0,0,34.7,37.8,39.5,0.47,0.43,0.37
ESSX,2016-04-05 19:45:00 EDT,44.31360,-73.37189,182,28.8,29.8,24.8,35.4,4.8,,,,,3.7,5.1,0.6,241,11,3.8,5.6,0.8,241,11,3.7,5.1,0.6,241,11,1,30.11,,0,0,0,34.7,37.8,39.5,0.47,0.43,0.37
ESSX,2016-04-05 19:50:00 EDT,44.31360,-73.37189,182,28.5,29.5,24.9,35.4,4.6,,,,,3.3,5.2,0.7,233,11,3.5,5.6,0.7,232,11,3.3,5.2,0.7,233,11,0,30.11,,0,0,0,34.7,37.8,39.5,0.47,0.43,0.37
ESSX,2016-04-05 19:55:00 EDT,44.31360,-73.37189,182,27.8,29.3,27.8,36.8,4.8,,,,,2.8,4.2,0.6,237,9,3.0,4.5,0.6,235,9,2.8,4.2,0.6,237,9,0,30.11,,0,0,0,34.7,37.8,39.5,0.47,0.43,0.37
ESSX,2016-04-05 20:00:00 EDT,44.31360,-73.37189,182,26.8,29.1,26.8,39.5,5.4,,,,,2.4,4.6,0.8,241,9,2.5,5.1,0.9,239,10,2.4,4.6,0.8,241,9,0,30.11,,0,0,0,34.7,37.8,39.5,0.47,0.43,0.37
ESSX,2016-04-05 20:05:00 EDT,44.31360,-73.37189,182,25.2,28.6,25.2,44.4,6.5,,,,,0.9,3.0,0.7,230,8,1.1,2.7,0.4,228,13,0.9,3.0,0.7,230,8,0,30.11,,0,0,0,34.7,37.8,39.4,0.47,0.43,0.37
ESSX,2016-04-05 20:10:00 EDT,44.31360,-73.37189,182,23.9,27.4,23.9,49.4,7.7,,,,,0.2,0.9,0.3,204,8,0.6,1.3,0.3,214,31,0.2,0.9,0.3,204,8,0,30.11,,0,0,0,34.7,37.8,39.5,0.47,0.43,0.37
ESSX,2016-04-05 20:15:00 EDT,44.31360,-73.37189,182,23.6,27.0,23.6,53.0,9.0,,,,,0.1,0.9,0.2,184,1,0.4,1.1,0.3,163,35,0.1,0.9,0.2,184,1,0,30.11,,0,0,0,34.7,37.8,39.5,0.47,0.43,0.37
ESSX,2016-04-05 20:20:00 EDT,44.31360,-73.37189,182,23.4,26.5,23.4,52.7,8.7,,,,,0.8,2.1,0.8,197,8,1.2,2.2,0.7,206,20,0.8,2.1,0.8,197,8,0,30.11,,0,0,0,34.7,37.8,39.4,0.47,0.43,0.37
ESSX,2016-04-05 20:25:00 EDT,44.31360,-73.37189,182,24.2,26.4,24.2,48.8,7.7,,,,,0.4,1.8,0.6,207,0,0.9,2.0,0.4,242,44,0.4,1.8,0.6,207,0,0,30.11,,0,0,0,34.7,37.7,39.4,0.47,0.43,0.37
ESSX,2016-04-05 20:30:00 EDT,44.31360,-73.37189,182,23.5,26.3,23.5,50.3,7.7,,,,,0.0,0.0,0.0,0,0,0.4,1.1,0.3,255,46,0.0,0.0,0.0,0,0,0,30.11,,0,0,0,34.7,37.7,39.4,0.47,0.43,0.37
ESSX,2016-04-05 20:35:00 EDT,44.31360,-73.37189,182,23.3,26.0,23.3,52.4,8.4,,,,,0.2,0.9,0.3,207,0,0.8,4.9,0.5,189,28,0.2,0.9,0.3,207,0,0,30.11,,0,0,0,34.7,37.8,39.4,0.47,0.43,0.37
ESSX,2016-04-05 20:40:00 EDT,44.31360,-73.37189,182,23.7,25.7,23.7,51.1,8.2,,,,,0.0,0.5,0.1,207,0,0.6,1.1,0.2,217,18,0.0,0.5,0.1,207,0,0,30.12,,0,0,0,34.7,37.8,39.4,0.47,0.43,0.37
ESSX,2016-04-05 20:45:00 EDT,44.31360,-73.37189,182,22.9,25.6,22.9,50.9,7.4,,,,,0.4,1.0,0.4,207,0,1.0,1.3,0.2,226,18,0.4,1.0,0.4,207,0,0,30.12,,0,0,0,34.7,37.8,39.4,0.47,0.43,0.37
ESSX,2016-04-05 20:50:00 EDT,44.31360,-73.37189,182,23.3,25.3,23.3,51.3,8.0,,,,,0.6,1.3,0.4,207,0,1.0,1.8,0.3,197,16,0.6,1.3,0.4,207,0,0,30.12,,0,0,0,34.7,37.8,39.4,0.47,0.43,0.37
ESSX,2016-04-05 20:55:00 EDT,44.31360,-73.37189,182,22.9,25.5,22.9,52.3,8.1,,,,,0.2,0.9,0.3,207,0,0.7,1.3,0.3,236,18,0.2,0.9,0.3,207,0,0,30.12,,0,0,0,34.7,37.8,39.4,0.47,0.43,0.37
ESSX,2016-04-05 21:00:00 EDT,44.31360,-73.37189,182,22.0,24.6,22.0,54.3,8.0,,,,,0.1,1.2,0.4,207,0,0.7,1.6,0.4,347,43,0.1,1.2,0.4,207,0,0,30.12,,0,0,0,34.7,37.7,39.4,0.47,0.43,0.37
ESSX,2016-04-05 21:05:00 EDT,44.31360,-73.37189,182,22.1,24.3,22.1,54.8,8.3,,,,,0.7,1.4,0.4,207,0,1.1,1.8,0.4,31,13,0.7,1.4,0.4,207,0,0,30.12,,0,0,0,34.7,37.7,39.4,0.47,0.43,0.37
ESSX,2016-04-05 21:10:00 EDT,44.31360,-73.37189,182,21.0,24.4,21.0,57.7,8.4,,,,,0.0,0.0,0.0,0,0,0.3,0.9,0.2,39,44,0.0,0.0,0.0,0,0,0,30.12,,0,0,0,34.7,37.8,39.4,0.47,0.43,0.37
ESSX,2016-04-05 21:15:00 EDT,44.31360,-73.37189,182,21.3,24.0,21.3,56.8,8.3,,,,,0.0,0.0,0.0,0,0,0.5,1.1,0.2,181,22,0.0,0.0,0.0,0,0,0,30.12,,0,0,0,34.7,37.8,39.4,0.47,0.43,0.37
ESSX,2016-04-05 21:20:00 EDT,44.31360,-73.37189,182,22.0,24.0,22.0,53.8,7.9,,,,,0.0,0.0,0.0,0,0,0.6,1.1,0.3,199,14,0.0,0.0,0.0,0,0,0,30.12,,0,0,0,34.7,37.7,39.4,0.47,0.43,0.37
ESSX,2016-04-05 21:25:00 EDT,44.31360,-73.37189,182,22.0,23.9,22.0,50.1,6.2,,,,,0.0,0.0,0.0,0,0,0.2,0.7,0.1,220,54,0.0,0.0,0.0,0,0,0,30.12,,0,0,0,34.7,37.8,39.4,0.47,0.43,0.37
ESSX,2016-04-05 21:30:00 EDT,44.31360,-73.37189,182,21.8,23.9,21.8,50.4,6.2,,,,,0.0,0.0,0.0,0,0,0.3,0.9,0.2,224,40,0.0,0.0,0.0,0,0,0,30.12,,0,0,0,34.7,37.7,39.4,0.47,0.43,0.37
ESSX,2016-04-05 21:35:00 EDT,44.31360,-73.37189,182,21.4,23.8,21.4,51.7,6.4,,,,,0.4,1.2,0.4,207,0,1.0,1.6,0.2,199,7,0.4,1.2,0.4,207,0,0,30.12,,0,0,0,34.7,37.7,39.4,0.47,0.43,0.37
ESSX,2016-04-05 21:40:00 EDT,44.31360,-73.37189,182,21.3,23.2,21.3,53.0,6.8,,,,,0.6,1.5,0.5,207,0,1.1,1.8,0.3,202,15,0.6,1.5,0.5,207,0,0,30.12,,0,0,0,34.7,37.7,39.4,0.47,0.43,0.37
ESSX,2016-04-05 21:45:00 EDT,44.31360,-73.37189,182,21.2,23.1,21.2,52.0,6.3,,,,,1.1,2.3,0.9,197,7,1.6,2.7,0.7,202,19,1.1,2.3,0.9,197,7,0,30.12,,0,0,0,34.7,37.7,39.4,0.47,0.43,0.37
ESSX,2016-04-05 21:50:00 EDT,44.31360,-73.37189,182,20.9,23.6,20.9,52.4,6.2,,,,,1.6,2.3,0.4,215,12,1.8,2.7,0.5,219,10,1.6,2.3,0.4,215,12,0,30.12,,0,0,0,34.7,37.7,39.4,0.47,0.43,0.37
ESSX,2016-04-05 21:55:00 EDT,44.31360,-73.37189,182,20.9,23.6,20.9,52.5,6.2,,,,,0.6,1.7,0.4,242,27,1.1,2.0,0.4,241,35,0.6,1.7,0.4,242,27,0,30.12,,0,0,0,34.6,37.7,39.4,0.47,0.43,0.37
ESSX,2016-04-05 22:00:00 EDT,44.31360,-73.37189,182,20.5,23.5,20.5,53.2,6.2,,,,,0.7,1.5,0.6,200,1,1.0,2.0,0.6,201,20,0.7,1.5,0.6,200,1,0,30.13,,0,0,0,34.6,37.7,39.4,0.47,0.43,0.37
ESSX,2016-04-05 22:05:00 EDT,44.31360,-73.37189,182,20.1,23.1,20.1,52.9,5.6,,,,,0.2,0.9,0.3,199,0,0.8,1.6,0.3,208,20,0.2,0.9,0.3,199,0,0,30.13,,0,0,0,34.7,37.7,39.4,0.47,0.43,0.37
ESSX,2016-04-05 22:10:00 EDT,44.31360,-73.37189,182,19.9,22.5,19.9,54.8,6.2,,,,,1.1,1.9,0.6,206,5,1.5,2.2,0.5,208,9,1.1,1.9,0.6,206,5,0,30.13,,0,0,0,34.6,37.7,39.4,0.47,0.43,0.37
ESSX,2016-04-05 22:15:00 EDT,44.31360,-73.37189,182,19.1,23.1,19.1,58.5,6.9,,,,,1.4,1.8,0.1,219,9,1.7,2.2,0.2,217,10,1.4,1.8,0.1,219,9,0,30.13,,0,0,0,34.6,37.7,39.4,0.47,0.43,0.37
ESSX,2016-04-05 22:20:00 EDT,44.31360,-73.37189,182,19.8,22.1,19.8,57.9,7.3,,,,,0.8,1.3,0.2,237,10,1.2,1.6,0.2,243,16,0.8,1.3,0.2,237,10,0,30.13,,0,0,0,34.6,37.6,39.4,0.47,0.43,0.37
ESSX,2016-04-05 22:25:00 EDT,44.31360,-73.37189,182,19.8,22.1,19.8,57.8,7.3,,,,,0.1,0.5,0.1,235,0,0.7,1.1,0.2,303,35,0.1,0.5,0.1,235,0,0,30.13,,0,0,0,34.6,37.6,39.4,0.47,0.43,0.37
ESSX,2016-04-05 22:30:00 EDT,44.31360,-73.37189,182,19.7,22.1,19.7,57.3,7.1,,,,,0.0,0.4,0.0,235,0,0.7,1.3,0.2,233,51,0.0,0.4,0.0,235,0,0,30.13,,0,0,0,34.6,37.7,39.4,0.47,0.43,0.37
ESSX,2016-04-05 22:35:00 EDT,44.31360,-73.37189,182,19.3,22.6,19.3,57.9,6.9,,,,,1.2,2.1,0.4,238,8,1.5,2.2,0.3,231,15,1.2,2.1,0.4,238,8,0,30.13,,0,0,0,34.6,37.6,39.4,0.47,0.43,0.37
ESSX,2016-04-05 22:40:00 EDT,44.31360,-73.37189,182,19.4,22.6,19.4,59.5,7.6,,,,,1.4,2.0,0.3,231,9,1.6,2.2,0.2,230,11,1.4,2.0,0.3,231,9,0,30.13,,0,0,0,34.6,37.6,39.4,0.47,0.43,0.37
ESSX,2016-04-05 22:45:00 EDT,44.31360,-73.37189,182,18.7,22.2,18.7,61.1,7.5,,,,,0.9,1.5,0.3,228,14,1.4,2.0,0.2,207,11,0.9,1.5,0.3,228,14,0,30.13,,0,0,0,34.6,37.6,39.4,0.47,0.43,0.37
ESSX,2016-04-05 22:50:00 EDT,44.31360,-73.37189,182,19.0,21.6,19.0,60.7,7.7,,,,,1.2,1.6,0.2,204,7,1.5,2.0,0.2,206,9,1.2,1.6,0.2,204,7,0,30.13,,0,0,0,34.6,37.6,39.4,0.47,0.43,0.37
ESSX,2016-04-05 22:55:00 EDT,44.31360,-73.37189,182,19.1,22.2,19.1,60.2,7.6,,,,,1.5,2.1,0.3,235,15,1.8,2.5,0.3,238,17,1.5,2.1,0.3,235,15,0,30.13,,0,0,0,34.6,37.6,39.4,0.47,0.43,0.37
ESSX,2016-04-05 23:00:00 EDT,44.31360,-73.37189,182,18.9,22.6,18.9,61.7,7.9,,,,,0.6,2.0,0.8,266,2,1.2,2.5,0.6,287,26,0.6,2.0,0.8,266,2,0,30.13,,0,0,0,34.5,37.6,39.4,0.47,0.43,0.37
ESSX,2016-04-05 23:05:00 EDT,44.31360,-73.37189,182,18.2,21.0,18.2,63.5,7.9,,,,,0.6,1.7,0.7,312,6,1.2,1.8,0.3,315,13,0.6,1.7,0.7,312,6,0,30.13,,0,0,0,34.5,37.6,39.4,0.47,0.43,0.37
ESSX,2016-04-05 23:10:00 EDT,44.31360,-73.37189,182,18.6,21.1,18.6,63.2,8.1,,,,,1.4,1.7,0.1,314,5,1.6,2.0,0.2,315,7,1.4,1.7,0.1,314,5,0,30.13,,0,0,0,34.5,37.6,39.4,0.47,0.43,0.37
ESSX,2016-04-05 23:15:00 EDT,44.31360,-73.37189,182,18.3,21.4,18.3,63.6,8.0,,,,,1.8,3.6,0.7,277,15,2.2,4.3,0.8,277,17,1.8,3.6,0.7,277,15,0,30.13,,0,0,0,34.5,37.6,39.4,0.47,0.43,0.37
ESSX,2016-04-05 23:20:00 EDT,44.31360,-73.37189,182,17.9,20.9,17.9,64.6,8.0,,,,,0.9,2.0,0.5,316,20,1.2,2.7,0.5,318,21,0.9,2.0,0.5,316,20,0,30.13,,0,0,0,34.5,37.6,39.4,0.47,0.43,0.37
ESSX,2016-04-05 23:25:00 EDT,44.31360,-73.37189,182,18.5,21.1,18.5,63.5,8.2,,,,,0.5,2.1,0.7,314,19,1.0,2.5,0.5,294,57,0.5,2.1,0.7,314,19,0,30.13,,0,0,0,34.5,37.6,39.4,0.47,0.43,0.37
ESSX,2016-04-05 23:30:00 EDT,44.31360,-73.37189,182,18.2,20.5,18.2,64.9,8.3,,,,,0.8,2.3,0.8,196,5,1.2,2.7,0.8,202,34,0.8,2.3,0.8,196,5,0,30.13,,0,0,0,34.5,37.6,39.4,0.47,0.43,0.37
ESSX,2016-04-05 23:35:00 EDT,44.31360,-73.37189,182,17.5,20.4,17.5,65.3,7.8,,,,,1.2,2.2,0.7,234,16,1.5,2.5,0.6,226,21,1.2,2.2,0.7,234,16,0,30.13,,0,0,0,34.5,37.6,39.4,0.47,0.43,0.37
ESSX,2016-04-05 23:40:00 EDT,44.31360,-73.37189,182,17.1,21.0,17.1,67.5,8.2,,,,,1.2,2.5,0.6,258,39,1.5,2.9,0.6,257,40,1.2,2.5,0.6,258,39,0,30.13,,0,0,0,34.5,37.6,39.4,0.47,0.43,0.37
ESSX,2016-04-05 23:45:00 EDT,44.31360,-73.37189,182,18.3,21.1,18.3,65.1,8.5,,,,,1.9,2.3,0.3,209,20,2.1,2.7,0.3,208,19,1.9,2.3,0.3,209,20,0,30.13,,0,0,0,34.5,37.6,39.4,0.47,0.43,0.37
ESSX,2016-04-05 23:50:00 EDT,44.31360,-73.37189,182,18.5,20.6,18.5,62.0,7.7,,,,,1.8,3.7,0.9,205,51,2.2,4.0,0.9,202,52,1.8,3.7,0.9,205,51,0,30.13,,0,0,0,34.5,37.6,39.4,0.47,0.43,0.37
ESSX,2016-04-05 23:55:00 EDT,44.31360,-73.37189,182,17.7,19.2,17.7,63.0,7.2,,,,,1.0,2.8,0.8,177,6,1.5,3.1,0.7,177,25,1.0,2.8,0.8,177,6,0,30.13,,0,0,0,34.5,37.6,39.4,0.47,0.43,0.37
GABR,2016-04-05 00:00:00 EDT,44.41742,-74.17867,1758,11.2,12.0,11.2,62.9,1.0,,,,,2.5,3.3,0.4,347,12,2.6,3.6,0.5,347,9,2.5,3.3,0.4,347,12,0,28.21,,,,,,,,0.18,,
GABR,2016-04-05 00:05:00 EDT,44.41742,-74.17867,1758,11.3,12.0,11.3,62.0,0.9,,,,,2.3,2.9,0.3,340,5,2.3,3.1,0.4,339,7,2.3,2.9,0.3,340,5,0,28.21,,,,,,,,,,
GABR,2016-04-05 00:10:00 EDT,44.41742,-74.17867,1758,11.5,12.1,11.5,61.0,0.7,,,,,1.9,2.3,0.2,332,6,1.7,2.2,0.3,329,8,1.9,2.3,0.2,332,6,0,28.22,,,,,,,,,,
GABR,2016-04-05 00:15:00 EDT,44.41742,-74.17867,1758,11.7,12.4,11.7,59.5,0.3,,,,,2.2,2.4,0.1,330,2,1.8,2.0,0.2,326,5,2.2,2.4,0.1,330,2,0,28.22,,,,,,,,,,0.43
GABR,2016-04-05 00:20:00 EDT,44.41742,-74.17867,1758,11.5,12.1,11.5,59.2,0.0,,,,,1.8,2.6,0.2,328,8,1.6,2.5,0.3,323,11,1.8,2.6,0.2,328,8,0,28.22,,,,,,,,0.18,,
GABR,2016-04-05 00:25:00 EDT,44.41742,-74.17867,1758,11.4,12.2,11.4,59.5,-0.0,,,,,2.3,3.0,0.3,335,6,2.1,3.1,0.5,334,7,2.3,3.0,0.3,335,6,0,28.22,,,,,,,,,,
GABR,2016-04-05 00:30:00 EDT,44.41742,-74.17867,1758,11.1,12.0,11.1,62.5,0.8,,,,,1.8,2.7,0.3,347,6,1.9,3.1,0.4,346,9,1.8,2.7,0.3,347,6,0,28.22,,,,,,,,,0.38,
GABR,2016-04-05 00:35:00 EDT,44.41742,-74.17867,1758,10.3,11.7,10.3,67.1,1.5,,,,,1.9,2.6,0.2,353,6,1.9,2.9,0.4,352,8,1.9,2.6,0.2,353,6,0,28.22,,,,,,,,,,
GABR,2016-04-05 00:40:00 EDT,44.41742,-74.17867,1758,10.4,11.8,10.4,68.8,2.2,,,,,2.1,3.1,0.4,341,7,2.1,3.4,0.4,340,9,2.1,3.1,0.4,341,7,0,28.22,,,,,,,,,,
GABR,2016-04-05 00:45:00 EDT,44.41742,-74.17867,1758,11.1,11.8,11.1,63.7,1.2,,,,,2.4,3.1,0.4,335,9,2.3,3.6,0.5,333,12,2.4,3.1,0.4,335,9,0,28.22,,,,,,,,,,
GABR,2016-04-05 00:50:00 EDT,44.41742,-74.17867,1758,11.6,11.8,11.6,61.6,0.9,,,,,2.3,2.9,0.2,327,6,1.9,2.9,0.3,324,7,2.3,2.9,0.2,327,6,0,28.22,,,,,,,,,,
GABR,2016-04-05 00:55:00 EDT,44.41742,-74.17867,1758,11.5,11.8,11.5,60.4,0.4,,,,,2.1,2.8,0.3,322,7,1.7,2.7,0.3,318,8,2.1,2.8,0.3,322,7,0,28.22,,,,,,,,,,
GABR,2016-04-05 01:00:00 EDT,44.41742,-74.17867,1758,11.3,11.7,11.3,59.6,-0.0,,,,,1.5,2.3,0.3,324,6,1.2,1.8,0.3,317,8,1.5,2.3,0.3,324,6,0,28.22,,,,,,,,0.17,0.37,
GABR,2016-04-05 01:05:00 EDT,44.41742,-74.17867,1758,10.7,11.6,10.7,60.9,-0.1,,,,,0.7,1.5,0.5,330,3,0.7,1.3,0.3,322,16,0.7,1.5,0.5,330,3,0,28.22,,,,,,,,,0.37,0.43
GABR,2016-04-05 01:10:00 EDT,44.41742,-74.17867,1758,9.2,11.6,9.2,67.9,0.8,,,,,0.4,0.9,0.3,293,5,0.7,0.9,0.2,285,16,0.4,0.9,0.3,293,5,0,28.22,,,,,,,,,,
GABR,2016-04-05 01:15:00 EDT,44.41742,-74.17867,1758,9.2,11.9,9.2,71.8,1.9,,,,,0.1,0.9,0.2,309,0,0.5,0.9,0.2,273,29,0.1,0.9,0.2,309,0,0,28.22,,,,,,,,,,
GABR,2016-04-05 01:20:00 EDT,44.41742,-74.17867,1758,9.0,11.9,9.0,73.1,2.1,,,,,0.0,0.0,0.0,0,0,0.3,0.9,0.2,258,42,0.0,0.0,0.0,0,0,0,28.22,,,,,,,,,,
GABR,2016-04-05 01:25:00 EDT,44.41742,-74.17867,1758,9.0,11.7,9.0,74.0,2.4,,,,,0.0,0.0,0.0,0,0,0.5,1.1,0.2,288,26,0.0,0.0,0.0,0,0,0,28.22,,,,,,,,,,
GABR,2016-04-05 01:30:00 EDT,44.41742,-74.17867,1758,9.0,11.2,9.0,69.7,1.1,,,,,0.4,1.6,0.5,307,8,0.8,1.6,0.3,306,20,0.4,1.6,0.5,307,8,0,28.23,,,,,,,,,,
GABR,2016-04-05 01:35:00 EDT,44.41742,-74.17867,1758,8.9,11.2,8.9,68.4,0.6,,,,,1.1,2.0,0.3,307,7,1.0,1.8,0.2,303,12,1.1,2.0,0.3,307,7,0,28.23,,,,,,,,,,
GABR,2016-04-05 01:40:00 EDT,44.41742,-74.17867,1758,9.2,11.3,9.2,68.2,0.9,,,,,1.1,1.7,0.2,308,7,1.1,1.6,0.2,302,9,1.1,1.7,0.2,308,7,0,28.23,,,,,,,,,,
GABR,2016-04-05 01:45:00 EDT,44.41742,-74.17867,1758,8.8,11.0,8.8,70.3,1.1,,,,,0.7,1.5,0.5,318,11,0.8,1.3,0.3,317,18,0.7,1.5,0.5,318,11,0,28.23,,,,,,,,0.15,,
GABR,2016-04-05 01:50:00 EDT,44.41742,-74.17867,1758,8.3,9.5,8.3,68.7,0.1,,,,,0.0,0.1,0.0,331,0,0.5,0.9,0.2,261,28,0.0,0.1,0.0,331,0,0,28.23,,,,,,,,,,
GABR,2016-04-05 01:55:00 EDT,44.41742,-74.17867,1758,6.6,9.9,6.6,76.5,0.8,,,,,0.5,1.2,0.4,295,3,0.9,1.3,0.2,282,15,0.5,1.2,0.4,295,3,0,28.23,,,,,,,,,,
GABR,2016-04-05 02:00:00 EDT,44.41742,-74.17867,1758,6.1,9.9,6.1,79.8,1.1,,,,,0.5,1.2,0.4,291,4,0.7,1.3,0.3,279,15,0.5,1.2,0.4,291,4,0,28.23,,,,,,,,,,
GABR,2016-04-05 02:05:00 EDT,44.41742,-74.17867,1758,5.4,9.3,5.4,81.6,1.0,,,,,0.8,1.5,0.4,295,1,1.0,1.6,0.2,288,9,0.8,1.5,0.4,295,1,0,28.23,,,,,,,,,,
GABR,2016-04-05 02:10:00 EDT,44.41742,-74.17867,1758,6.6,10.7,6.6,81.8,2.2,,,,,0.8,1.2,0.3,289,4,0.9,1.3,0.2,268,15,0.8,1.2,0.3,289,4,0,28.23,,,,,,,,,,
GABR,2016-04-05 02:15:00 EDT,44.41742,-74.17867,1758,7.5,10.7,7.5,80.6,2.8,,,,,0.4,0.8,0.3,289,7,0.7,1.1,0.2,267,17,0.4,0.8,0.3,289,7,0,28.23,,,,,,,,0.14,,
GABR,2016-04-05 02:20:00 EDT,44.41742,-74.17867,1758,6.4,10.8,6.4,79.3,1.4,,,,,1.1,1.8,0.3,307,7,1.0,1.6,0.3,301,11,1.1,1.8,0.3,307,7,0,28.23,,,,,,,,,,
GABR,2016-04-05 02:25:00 EDT,44.41742,-74.17867,1758,6.1,11.0,6.1,79.0,1.0,,,,,1.7,2.2,0.2,305,6,1.5,2.2,0.2,302,8,1.7,2.2,0.2,305,6,0,28.23,,,,,,,,,,
GABR,2016-04-05 02:30:00 EDT,44.41742,-74.17867,1758,7.2,11.0,7.2,80.8,2.5,,,,,1.7,2.6,0.4,314,9,1.5,2.2,0.3,311,10,1.7,2.6,0.4,314,9,0,28.23,,,,,,,,,,
GABR,2016-04-05 02:35:00 EDT,44.41742,-74.17867,1758,6.6,9.3,6.6,80.9,2.0,,,,,1.3,2.0,0.3,356,61,1.4,2.9,0.4,31,65,1.3,2.0,0.3,356,61,0,28.24,,,,,,,,,,
GABR,2016-04-05 02:40:00 EDT,44.41742,-74.17867,1758,5.6,7.2,5.6,82.1,1.3,,,,,0.2,1.2,0.3,69,38,0.8,1.3,0.4,108,63,0.2,1.2,0.3,69,38,0,28.24,,,,,,,,,,
GABR,2016-04-05 02:45:00 EDT,44.41742,-74.17867,1758,5.6,7.9,5.6,84.3,1.9,,,,,0.2,1.4,0.4,295,4,0.6,1.3,0.3,245,46,0.2,1.4,0.4,295,4,0,28.24,,,,,,,,,,
GABR,2016-04-05 02:50:00 EDT,44.41742,-74.17867,1758,5.8,8.5,5.8,85.4,2.3,,,,,1.4,2.2,0.5,305,13,1.4,1.8,0.2,298,19,1.4,2.2,0.5,305,13,0,28.24,,,,,,,,,,
GABR,2016-04-05 02:55:00 EDT,44.41742,-74.17867,1758,5.9,9.9,5.9,84.0,2.1,,,,,1.9,2.3,0.2,320,4,1.6,2.0,0.2,316,6,1.9,2.3,0.2,320,4,0,28.24,,,,,,,,,,
GABR,2016-04-05 03:00:00 EDT,44.41742,-74.17867,1758,6.0,9.7,6.0,83.0,1.9,,,,,1.7,2.1,0.2,322,5,1.5,2.0,0.2,317,6,1.7,2.1,0.2,322,5,0,28.24,,,,,,,,,,
GABR,2016-04-05 03:05:00 EDT,44.41742,-74.17867,1758,6.1,9.4,6.1,82.3,1.9,,,,,1.9,2.6,0.3,322,5,1.6,2.5,0.3,318,6,1.9,2.6,0.3,322,5,0,28.24,,,,,,,,,,
GABR,2016-04-05 03:10:00 EDT,44.41742,-74.17867,1758,6.8,9.2,6.8,80.6,2.0,,,,,2.4,2.9,0.3,322,6,2.1,2.7,0.3,318,6,2.4,2.9,0.3,322,6,0,28.24,,,,,,,,,,
GABR,2016-04-05 03:15:00 EDT,44.41742,-74.17867,1758,7.4,8.9,7.4,78.8,2.2,,,,,2.5,3.1,0.2,326,6,2.1,2.9,0.3,322,6,2.5,3.1,0.2,326,6,0,28.24,,,,,,,,,,
GABR,2016-04-05 03:20:00 EDT,44.41742,-74.17867,1758,7.9,8.8,7.9,75.5,1.8,,,,,2.6,3.1,0.3,332,6,2.4,3.1,0.4,330,7,2.6,3.1,0.3,332,6,0,28.24,,,,,,,,,,
GABR,2016-04-05 03:25:00 EDT,44.41742,-74.17867,1758,6.1,8.2,6.1,74.9,-0.2,,,,,1.9,2.6,0.3,323,8,1.6,2.7,0.3,319,9,1.9,2.6,0.3,323,8,0,28.25,,,,,,,,,,
GABR,2016-04-05 03:30:00 EDT,44.41742,-74.17867,1758,6.0,8.2,6.0,76.7,0.3,,,,,2.0,2.4,0.2,322,7,1.7,2.2,0.2,318,8,2.0,2.4,0.2,322,7,0,28.25,,,,,,,,0.11,,
GABR,2016-04-05 03:35:00 EDT,44.41742,-74.17867,1758,5.5,8.0,5.5,78.2,0.2,,,,,1.5,2.0,0.2,334,13,1.4,2.2,0.3,332,14,1.5,2.0,0.2,334,13,0,28.25,,,,,,,,,,
GABR,2016-04-05 03:40:00 EDT,44.41742,-74.17867,1758,5.3,7.8,5.3,79.8,0.4,,,,,1.5,1.9,0.2,333,5,1.4,2.2,0.3,331,8,1.5,1.9,0.2,333,5,0,28.25,,,,,,,,0.10,,
GABR,2016-04-05 03:45:00 EDT,44.41742,-74.17867,1758,7.1,7.8,7.1,78.6,1.9,,,,,2.1,2.6,0.2,342,7,2.2,3.4,0.3,341,9,2.1,2.6,0.2,342,7,0,28.25,,,,,,,,,,
GABR,2016-04-05 03:50:00 EDT,44.41742,-74.17867,1758,7.4,7.6,7.4,75.3,1.3,,,,,2.0,2.7,0.3,330,7,1.8,2.7,0.4,327,9,2.0,2.7,0.3,330,7,0,28.25,,,,,,,,,,
GABR,2016-04-05 03:55:00 EDT,44.41742,-74.17867,1758,7.4,7.7,7.4,75.8,1.4,,,,,1.6,2.4,0.4,325,8,1.4,2.5,0.4,321,11,1.6,2.4,0.4,325,8,0,28.25,,,,,,,,,,
GABR,2016-04-05 04:00:00 EDT,44.41742,-74.17867,1758,7.6,7.8,7.6,75.6,1.5,,,,,2.0,2.7,0.3,328,8,1.7,2.9,0.4,324,8,2.0,2.7,0.3,328,8,0,28.26,,,,,,,,0.09,0.36,0.43
GABR,2016-04-05 04:05:00 EDT,44.41742,-74.17867,1758,7.4,7.6,7.4,75.7,1.3,,,,,1.6,2.1,0.3,322,7,1.4,1.8,0.3,317,9,1.6,2.1,0.3,322,7,0,28.26,,,,,,,,,,
GABR,2016-04-05 04:10:00 EDT,44.41742,-74.17867,1758,5.9,7.3,5.9,75.9,-0.1,,,,,1.5,2.3,0.3,328,10,1.3,2.2,0.3,323,12,1.5,2.3,0.3,328,10,0,28.26,,,,,,,,,,
GABR,2016-04-05 04:15:00 EDT,44.41742,-74.17867,1758,5.4,7.1,5.4,77.3,-0.1,,,,,1.7,2.4,0.4,313,12,1.5,2.2,0.3,309,10,1.7,2.4,0.4,313,12,0,28.26,,,,,,,,,,
GABR,2016-04-05 04:20:00 EDT,44.41742,-74.17867,1758,6.6,7.0,6.6,79.8,1.7,,,,,1.8,2.8,0.5,310,13,1.6,2.7,0.4,306,13,1.8,2.8,0.5,310,13,0,28.27,,,,,,,,0.08,,
GABR,2016-04-05 04:25:00 EDT,44.41742,-74.17867,1758,6.2,6.8,6.2,78.1,0.9,,,,,1.2,2.1,0.5,329,18,1.3,2.5,0.5,325,20,1.2,2.1,0.5,329,18,0,28.27,,,,,,,,,,
GABR,2016-04-05 04:30:00 EDT,44.41742,-74.17867,1758,5.7,6.4,5.7,78.2,0.3,,,,,1.5,2.8,0.5,40,37,1.7,3.4,0.7,48,37,1.5,2.8,0.5,40,37,0,28.27,,,,,,,,,,
GABR,2016-04-05 04:35:00 EDT,44.41742,-74.17867,1758,4.7,5.7,4.7,80.5,-0.0,,,,,1.8,2.9,0.5,75,27,2.2,3.8,0.7,81,24,1.8,2.9,0.5,75,27,0,28.27,,,,,,,,0.08,0.36,0.43
GABR,2016-04-05 04:40:00 EDT,44.41742,-74.17867,1758,5.6,6.2,5.6,80.3,0.9,,,,,0.8,1.7,0.5,78,12,1.2,2.5,0.5,81,13,0.8,1.7,0.5,78,12,0,28.27,,,,,,,,,,
GABR,2016-04-05 04:45:00 EDT,44.41742,-74.17867,1758,6.0,6.5,6.0,79.6,1.0,,,,,0.5,1.4,0.4,344,14,0.7,1.6,0.3,352,28,0.5,1.4,0.4,344,14,0,28.28,,,,,,,,,,
GABR,2016-04-05 04:50:00 EDT,44.41742,-74.17867,1758,6.0,6.6,6.0,79.7,1.1,,,,,0.9,1.8,0.3,11,7,1.1,2.5,0.3,17,15,0.9,1.8,0.3,11,7,0,28.28,,,,,,,,,0.36,
GABR,2016-04-05 04:55:00 EDT,44.41742,-74.17867,1758,6.4,6.5,6.4,80.5,1.6,,,,,1.3,2.3,0.4,7,6,1.4,2.5,0.4,10,10,1.3,2.3,0.4,7,6,0,28.28,,,,,,,,,,
GABR,2016-04-05 05:00:00 EDT,44.41742,-74.17867,1758,6.4,6.2,6.4,80.0,1.5,,,,,0.9,1.8,0.5,349,19,1.0,2.0,0.3,350,24,0.9,1.8,0.5,349,19,0,28.28,,,,,,,,,,
GABR,2016-04-05 05:05:00 EDT,44.41742,-74.17867,1758,6.2,6.1,6.2,78.7,1.0,,,,,1.7,3.1,0.5,324,9,1.5,2.9,0.5,321,12,1.7,3.1,0.5,324,9,0,28.28,,,,,,,,,,
GABR,2016-04-05 05:10:00 EDT,44.41742,-74.17867,1758,5.9,6.0,5.9,78.2,0.5,,,,,2.2,3.6,0.5,320,9,1.9,3.4,0.4,316,10,2.2,3.6,0.5,320,9,0,28.28,,,,,,,,0.07,0.36,
GABR,2016-04-05 05:15:00 EDT,44.41742,-74.17867,1758,5.7,6.0,5.7,79.0,0.6,,,,,2.2,3.7,0.8,321,19,2.0,3.4,0.6,320,16,2.2,3.7,0.8,321,19,0,28.29,,,,,,,,0.08,0.36,
GABR,2016-04-05 05:20:00 EDT,44.41742,-74.17867,1758,5.1,6.0,5.1,79.7,0.2,,,,,1.2,2.6,0.8,323,20,1.2,2.9,0.6,322,31,1.2,2.6,0.8,323,20,0,28.29,,,,,,,,,,
GABR,2016-04-05 05:25:00 EDT,44.41742,-74.17867,1758,5.4,5.9,5.4,79.7,0.5,,,,,1.0,2.3,0.7,325,20,1.1,3.6,0.6,327,31,1.0,2.3,0.7,325,20,0,28.29,,,,,,,,,,
GABR,2016-04-05 05:30:00 EDT,44.41742,-74.17867,1758,5.4,5.6,5.4,80.4,0.7,,,,,0.8,2.3,0.7,336,14,1.0,2.0,0.5,342,30,0.8,2.3,0.7,336,14,0,28.29,,,,,,,,,,
GABR,2016-04-05 05:35:00 EDT,44.41742,-74.17867,1758,6.0,5.8,6.0,81.2,1.5,,,,,0.7,1.9,0.6,325,18,0.9,2.0,0.4,325,36,0.7,1.9,0.6,325,18,0,28.30,,,,,,,,,,
GABR,2016-04-05 05:40:00 EDT,44.41742,-74.17867,1758,5.8,6.0,5.8,80.5,1.1,,,,,1.7,3.0,0.5,320,15,1.5,2.7,0.4,315,17,1.7,3.0,0.5,320,15,0,28.30,,,,,,,,,,
GABR,2016-04-05 05:45:00 EDT,44.41742,-74.17867,1758,5.7,6.2,5.7,79.0,0.6,,,,,0.7,2.8,0.9,327,22,1.1,3.6,0.7,314,48,0.7,2.8,0.9,327,22,0,28.30,,,,,,,,,,
GABR,2016-04-05 05:50:00 EDT,44.41742,-74.17867,1758,5.8,6.5,5.8,79.0,0.7,,,,,0.6,2.7,0.7,336,25,0.8,2.9,0.6,340,51,0.6,2.7,0.7,336,25,0,28.30,,,,,,,,,,
GABR,2016-04-05 05:55:00 EDT,44.41742,-74.17867,1758,5.5,6.2,5.5,79.7,0.6,,,,,2.3,3.7,0.8,326,11,2.2,4.0,0.8,324,13,2.3,3.7,0.8,326,11,0,28.31,,,,,,,,,,
GABR,2016-04-05 06:00:00 EDT,44.41742,-74.17867,1758,5.4,6.2,5.4,81.2,0.8,,,,,2.7,4.1,0.5,327,6,2.4,3.6,0.5,324,8,2.7,4.1,0.5,327,6,0,28.31,,,,,,,,0.07,,
GABR,2016-04-05 06:05:00 EDT,44.41742,-74.17867,1758,5.4,6.1,5.4,80.9,0.8,,,,,2.9,4.0,0.4,326,7,2.7,4.0,0.6,324,8,2.9,4.0,0.4,326,7,0,28.31,,,,,,,,,,
GABR,2016-04-05 06:10:00 EDT,44.41742,-74.17867,1758,5.7,6.3,-2.5,80.4,1.0,,,,,4.1,5.2,0.5,330,4,4.0,5.4,0.6,328,5,4.1,5.2,0.5,330,4,0,28.31,,,,,,,,,,
GABR,2016-04-05 06:15:00 EDT,44.41742,-74.17867,1758,5.9,6.3,-2.9,78.2,0.6,,,,,4.5,5.6,0.5,331,5,4.5,6.0,0.6,329,6,4.5,5.6,0.5,331,5,1,28.31,,,,,,,,,,
GABR,2016-04-05 06:20:00 EDT,44.41742,-74.17867,1758,6.2,6.6,-4.3,77.8,0.7,,,,,5.8,7.3,0.7,326,6,5.7,7.4,0.7,323,5,5.8,7.3,0.7,326,6,1,28.32,,,,,,,,,,
GABR,2016-04-05 06:25:00 EDT,44.41742,-74.17867,1758,6.7,6.9,-4.3,77.0,1.0,,,,,6.3,8.2,0.7,323,7,6.2,7.8,0.7,322,6,6.3,8.2,0.7,323,7,3,28.32,,,,,,,,,,
GABR,2016-04-05 06:30:00 EDT,44.41742,-74.17867,1758,6.6,6.8,-3.7,76.4,0.8,,,,,5.8,7.0,0.5,323,6,5.6,7.2,0.6,321,4,5.8,7.0,0.5,323,6,4,28.32,,,,,,,,,,0.43
GABR,2016-04-05 06:35:00 EDT,44.41742,-74.17867,1758,6.4,6.6,-2.0,76.6,0.6,,,,,4.3,5.9,0.9,318,10,4.1,5.8,0.9,316,9,4.3,5.9,0.9,318,10,7,28.32,,,,,,,,,0.35,
GABR,2016-04-05 06:40:00 EDT,44.41742,-74.17867,1758,6.6,6.9,-1.4,77.5,1.1,,,,,4.1,5.6,0.8,321,13,4.0,5.6,0.9,320,12,4.1,5.6,0.8,321,13,12,28.32,,,,,,,,,,
GABR,2016-04-05 06:45:00 EDT,44.41742,-74.17867,1758,6.7,7.0,-1.9,77.3,1.1,,,,,4.5,6.6,0.8,321,11,4.4,6.3,0.8,321,12,4.5,6.6,0.8,321,11,20,28.33,,,,,,,,,,
GABR,2016-04-05 06:50:00 EDT,44.41742,-74.17867,1758,7.0,7.1,-1.9,76.7,1.2,,,,,4.7,6.7,0.9,324,9,4.4,7.2,1.0,323,9,4.7,6.7,0.9,324,9,32,28.33,,,,,,,,,,0.43
GABR,2016-04-05 06:55:00 EDT,44.41742,-74.17867,1758,7.2,7.2,0.1,75.9,1.2,,,,,3.6,5.0,0.7,333,12,3.4,5.4,0.8,330,12,3.6,5.0,0.7,333,12,44,28.33,,,,,,,,,,
GABR,2016-04-05 07:00:00 EDT,44.41742,-74.17867,1758,7.5,7.3,7.5,75.4,1.3,,,,,2.9,4.2,0.8,333,12,3.0,5.4,0.9,333,12,2.9,4.2,0.8,333,12,59,28.33,,,,,,,,,,
GABR,2016-04-05 07:05:00 EDT,44.41742,-74.17867,1758,8.0,7.7,8.0,75.4,1.8,,,,,2.6,4.3,0.9,342,13,2.8,5.4,1.0,345,15,2.6,4.3,0.9,342,13,77,28.34,,,,,,,,,,
GABR,2016-04-05 07:10:00 EDT,44.41742,-74.17867,1758,8.4,8.1,8.4,73.8,1.8,,,,,2.0,3.5,0.7,358,11,2.2,4.0,0.9,360,14,2.0,3.5,0.7,358,11,95,28.34,,,,,,,,,,
GABR,2016-04-05 07:15:00 EDT,44.41742,-74.17867,1758,9.0,8.5,9.0,73.4,2.2,,,,,1.7,2.6,0.4,17,19,1.7,3.4,0.5,23,21,1.7,2.6,0.4,17,19,113,28.34,,,,,,,,,,
GABR,2016-04-05 07:20:00 EDT,44.41742,-74.17867,1758,9.4,8.7,9.4,72.7,2.4,,,,,2.0,3.0,0.5,42,15,2.2,3.8,0.5,47,15,2.0,3.0,0.5,42,15,129,28.35,,,,,,,,,,
GABR,2016-04-05 07:25:00 EDT,44.41742,-74.17867,1758,9.4,8.9,3.0,72.2,2.3,,,,,3.4,4.8,0.5,22,11,3.7,5.1,0.6,24,12,3.4,4.8,0.5,22,11,145,28.35,,,,,,,,,,
GABR,2016-04-05 07:30:00 EDT,44.41742,-74.17867,1758,9.8,9.2,2.8,72.3,2.7,,,,,3.8,4.8,0.5,22,11,4.0,5.1,0.6,26,12,3.8,4.8,0.5,22,11,160,28.35,,,,,,,,,,
GABR,2016-04-05 07:35:00 EDT,44.41742,-74.17867,1758,9.7,9.3,3.2,71.4,2.3,,,,,3.5,4.9,0.6,9,18,3.7,5.1,0.7,9,17,3.5,4.9,0.6,9,18,174,28.35,,,,,,,,,,
GABR,2016-04-05 07:40:00 EDT,44.41742,-74.17867,1758,10.2,9.7,10.2,71.5,2.8,,,,,2.6,4.5,0.7,0,15,2.9,5.1,0.9,4,13,2.6,4.5,0.7,0,15,190,28.35,,,,,,,,,,
GABR,2016-04-05 07:45:00 EDT,44.41742,-74.17867,1758,10.4,9.9,10.4,71.1,2.9,,,,,1.9,3.2,0.5,0,19,2.2,3.8,0.6,5,20,1.9,3.2,0.5,0,19,204,28.35,,,,,,,,,0.35,0.43
GABR,2016-04-05 07:50:00 EDT,44.41742,-74.17867,1758,11.0,10.6,5.3,70.9,3.4,,,,,3.2,5.6,0.9,359,17,3.4,6.9,1.1,1,17,3.2,5.6,0.9,359,17,220,28.35,,,,,,,,,,
GABR,2016-04-05 07:55:00 EDT,44.41742,-74.17867,1758,11.3,10.7,2.7,71.0,3.7,,,,,5.1,9.6,1.7,355,16,5.5,11.4,1.8,356,16,5.1,9.6,1.7,355,16,236,28.36,,,,,,,,,,
GABR,2016-04-05 08:00:00 EDT,44.41742,-74.17867,1758,11.9,11.2,3.3,72.2,4.6,,,,,5.1,8.6,1.4,357,16,5.3,9.4,1.5,359,14,5.1,8.6,1.4,357,16,251,28.36,,,,,,,,,,
GABR,2016-04-05 08:05:00 EDT,44.41742,-74.17867,1758,12.1,11.3,3.7,71.6,4.6,,,,,5.0,9.2,1.6,352,17,5.5,9.4,1.5,352,16,5.0,9.2,1.6,352,17,268,28.36,,,,,,,,,,
GABR,2016-04-05 08:10:00 EDT,44.41742,-74.17867,1758,12.4,11.5,1.7,71.5,4.9,,,,,7.2,11.5,2.0,1,13,7.8,13.0,2.1,2,10,7.2,11.5,2.0,1,13,287,28.37,,,,,,,,,,
GABR,2016-04-05 08:15:00 EDT,44.41742,-74.17867,1758,12.3,11.5,2.2,70.4,4.5,,,,,6.6,11.5,1.8,360,17,7.1,12.8,2.2,0,11,6.6,11.5,1.8,360,17,306,28.37,,,,,,,,,,
GABR,2016-04-05 08:20:00 EDT,44.41742,-74.17867,1758,12.8,11.8,3.5,70.3,4.9,,,,,5.9,9.7,1.3,1,15,6.4,10.7,1.6,2,13,5.9,9.7,1.3,1,15,319,28.37,,,,,,,,,,
GABR,2016-04-05 08:25:00 EDT,44.41742,-74.17867,1758,13.3,12.2,3.6,70.3,5.5,,,,,6.4,9.5,1.4,359,20,6.7,9.8,1.5,360,18,6.4,9.5,1.4,359,20,335,28.37,,,,,,,,,,
GABR,2016-04-05 08:30:00 EDT,44.41742,-74.17867,1758,13.7,12.7,4.6,69.5,5.6,,,,,5.8,8.3,1.0,2,16,6.3,9.2,1.2,3,13,5.8,8.3,1.0,2,16,353,28.37,,,,,,,,,,
GABR,2016-04-05 08:35:00 EDT,44.41742,-74.17867,1758,13.6,12.6,4.5,68.4,5.1,,,,,5.8,8.4,1.3,352,17,6.3,9.2,1.5,354,13,5.8,8.4,1.3,352,17,370,28.37,,,,,,,,,,
GABR,2016-04-05 08:40:00 EDT,44.41742,-74.17867,1758,13.7,12.5,2.4,65.3,4.2,,,,,8.1,11.3,1.9,4,12,8.5,12.8,2.2,5,7,8.1,11.3,1.9,4,12,392,28.37,,,,,,,,,0.36,0.43
GABR,2016-04-05 08:45:00 EDT,44.41742,-74.17867,1758,13.8,12.6,3.4,63.4,3.7,,,,,7.3,11.5,1.6,359,20,7.9,12.5,1.7,1,9,7.3,11.5,1.6,359,20,402,28.37,,,,,,,,,,
GABR,2016-04-05 08:50:00 EDT,44.41742,-74.17867,1758,13.7,12.7,4.0,61.5,2.9,,,,,6.4,9.9,1.8,4,20,6.9,11.0,1.8,6,16,6.4,9.9,1.8,4,20,382,28.37,,,,,,,,,,
GABR,2016-04-05 08:55:00 EDT,44.41742,-74.17867,1758,13.9,12.8,3.6,61.5,3.1,,,,,7.1,12.1,1.6,354,18,7.5,13.0,1.8,356,16,7.1,12.1,1.6,354,18,259,28.37,,,,,,,,,,
GABR,2016-04-05 09:00:00 EDT,44.41742,-74.17867,1758,14.4,13.1,4.0,59.8,3.0,,,,,7.4,11.0,2.0,18,25,7.9,11.9,2.2,19,23,7.4,11.0,2.0,18,25,405,28.37,,,,,,,,,,
GABR,2016-04-05 09:05:00 EDT,44.41742,-74.17867,1758,14.4,13.1,3.3,59.0,2.7,,,,,8.1,12.8,2.1,7,21,8.5,14.1,2.3,6,18,8.1,12.8,2.1,7,21,410,28.38,,,,,,,,,,0.43
GABR,2016-04-05 09:10:00 EDT,44.41742,-74.17867,1758,14.1,12.8,4.5,58.7,2.2,,,,,6.3,9.4,1.4,354,26,6.7,10.3,1.5,356,26,6.3,9.4,1.4,354,26,206,28.38,,,,,,,,,,
GABR,2016-04-05 09:15:00 EDT,44.41742,-74.17867,1758,13.9,13.0,3.6,59.4,2.4,,,,,7.2,9.9,1.6,12,13,7.5,10.5,1.7,13,9,7.2,9.9,1.6,12,13,315,28.38,,,,,,,,,,
GABR,2016-04-05 09:20:00 EDT,44.41742,-74.17867,1758,14.3,13.1,3.9,60.4,3.1,,,,,7.2,10.4,2.0,24,7,7.5,10.7,2.0,24,8,7.2,10.4,2.0,24,7,270,28.38,,,,,,,,,,
GABR,2016-04-05 09:25:00 EDT,44.41742,-74.17867,1758,13.9,12.9,5.5,58.6,2.1,,,,,5.2,8.9,1.7,8,16,5.5,9.4,1.8,9,15,5.2,8.9,1.7,8,16,337,28.38,,,,,,,,,,
GABR,2016-04-05 09:30:00 EDT,44.41742,-74.17867,1758,14.2,13.4,8.9,55.4,1.2,,,,,3.2,6.3,1.8,30,19,3.6,6.5,1.8,33,21,3.2,6.3,1.8,30,19,518,28.38,,,,,,,,,,
GABR,2016-04-05 09:35:00 EDT,44.41742,-74.17867,1758,14.6,13.7,6.0,55.1,1.4,,,,,5.6,10.2,2.3,12,15,5.9,10.7,2.3,13,13,5.6,10.2,2.3,12,15,429,28.38,,,,,,,,,,
GABR,2016-04-05 09:40:00 EDT,44.41742,-74.17867,1758,15.3,14.1,6.7,54.4,1.8,,,,,5.7,10.3,2.0,3,24,5.9,10.7,2.2,5,22,5.7,10.3,2.0,3,24,635,28.38,,,,,,,,,,
GABR,2016-04-05 09:45:00 EDT,44.41742,-74.17867,1758,16.0,14.5,5.9,52.3,1.6,,,,,7.4,11.7,2.0,345,19,7.7,12.1,2.2,346,15,7.4,11.7,2.0,345,19,527,28.39,,,,,,,,,,
GABR,2016-04-05 09:50:00 EDT,44.41742,-74.17867,1758,16.2,14.6,7.1,51.3,1.3,,,,,6.3,9.9,1.8,316,18,6.2,10.5,1.8,317,19,6.3,9.9,1.8,316,18,685,28.39,,,,,,,,,,
GABR,2016-04-05 09:55:00 EDT,44.41742,-74.17867,1758,16.9,15.4,6.4,50.4,1.6,,,,,8.0,17.4,3.4,328,21,8.4,17.2,3.3,329,17,8.0,17.4,3.4,328,21,571,28.39,,,,,,,,0.08,0.36,
GABR,2016-04-05 10:00:00 EDT,44.41742,-74.17867,1758,16.4,15.3,6.7,50.2,1.1,,,,,7.0,11.6,1.9,325,16,7.0,12.8,2.0,325,17,7.0,11.6,1.9,325,16,451,28.39,,,,,,,,,,
GABR,2016-04-05 10:05:00 EDT,44.41742,-74.17867,1758,16.8,15.2,7.2,46.5,-0.2,,,,,7.0,14.3,2.9,326,20,7.1,13.4,2.9,327,20,7.0,14.3,2.9,326,20,654,28.39,,,,,,,,,,
GABR,2016-04-05 10:10:00 EDT,44.41742,-74.17867,1758,17.0,15.6,6.9,45.4,-0.5,,,,,7.6,15.0,3.2,335,20,7.8,14.5,2.9,335,22,7.6,15.0,3.2,335,20,636,28.40,,,,,,,,,,
GABR,2016-04-05 10:15:00 EDT,44.41742,-74.17867,1758,,,,,,,,,,,,,,,,,,,,,,,,,,,,,,,,,,,,
GABR,2016-04-05 10:20:00 EDT,44.41742,-74.17867,1758,17.5,16.2,8.7,45.5,-0.0,,,,,6.3,14.0,2.1,331,26,6.6,14.1,2.2,331,26,6.3,14.0,2.1,331,26,689,28.40,,,,,,,,,,
GABR,2016-04-05 10:25:00 EDT,44.41742,-74.17867,1758,17.4,15.8,7.0,46.4,0.3,,,,,8.1,14.9,2.9,348,27,8.5,15.4,3.1,349,27,8.1,14.9,2.9,348,27,688,28.40,,,,,,,,,,
GABR,2016-04-05 10:30:00 EDT,44.41742,-74.17867,1758,17.8,16.1,7.9,45.8,0.4,,,,,7.5,14.6,2.9,331,25,7.5,13.6,2.8,331,24,7.5,14.6,2.9,331,25,667,28.40,,,,,,,,,,
GABR,2016-04-05 10:35:00 EDT,44.41742,-74.17867,1758,18.4,16.3,7.2,44.4,0.3,,,,,9.6,16.7,2.9,341,13,10.2,17.9,3.2,342,12,9.6,16.7,2.9,341,13,681,28.40,,,,,,,,,,
GABR,2016-04-05 10:40:00 EDT,44.41742,-74.17867,1758,17.4,15.7,8.7,42.1,-1.8,,,,,6.1,10.9,2.4,358,14,6.8,12.1,2.5,359,13,6.1,10.9,2.4,358,14,723,28.40,,,,,,,,,,
GABR,2016-04-05 10:45:00 EDT,44.41742,-74.17867,1758,17.9,16.1,6.0,40.6,-2.0,,,,,10.5,17.7,3.2,354,19,11.1,20.6,3.5,355,17,10.5,17.7,3.2,354,19,733,28.40,,,,,,,,,,
GABR,2016-04-05 10:50:00 EDT,44.41742,-74.17867,1758,18.4,16.8,7.6,39.6,-2.1,,,,,9.0,11.9,2.2,323,25,9.2,13.2,2.2,323,25,9.0,11.9,2.2,323,25,743,28.40,,,,,,,,,,
GABR,2016-04-05 10:55:00 EDT,44.41742,-74.17867,1758,18.2,16.9,6.8,37.2,-3.6,,,,,9.8,14.3,2.4,324,20,9.9,16.8,2.7,323,20,9.8,14.3,2.4,324,20,752,28.40,,,,,,,,,,
GABR,2016-04-05 11:00:00 EDT,44.41742,-74.17867,1758,18.7,17.1,8.2,36.5,-3.6,,,,,8.6,18.1,3.2,320,28,8.9,16.8,3.1,320,30,8.6,18.1,3.2,320,28,761,28.40,,,,,,,,,0.35,
GABR,2016-04-05 11:05:00 EDT,44.41742,-74.17867,1758,18.0,16.6,8.7,34.8,-5.2,,,,,6.8,19.8,4.4,330,36,7.0,20.6,4.4,332,37,6.8,19.8,4.4,330,36,770,28.40,,,,,,,,,,
GABR,2016-04-05 11:10:00 EDT,44.41742,-74.17867,1758,19.4,17.6,9.3,36.4,-3.0,,,,,8.3,15.5,3.3,355,35,8.9,16.6,3.5,355,35,8.3,15.5,3.3,355,35,780,28.40,,,,,,,,,,
GABR,2016-04-05 11:15:00 EDT,44.41742,-74.17867,1758,19.9,18.4,9.5,35.3,-3.2,,,,,8.9,15.5,2.5,326,22,9.3,16.1,2.6,324,25,8.9,15.5,2.5,326,22,786,28.40,,,,,,,,,,
GABR,2016-04-05 11:20:00 EDT,44.41742,-74.17867,1758,19.2,17.5,8.6,33.5,-4.9,,,,,8.8,15.5,3.2,329,21,9.0,14.5,3.2,331,22,8.8,15.5,3.2,329,21,795,28.40,,,,,,,,,,
GABR,2016-04-05 11:25:00 EDT,44.41742,-74.17867,1758,20.1,17.8,8.7,35.3,-3.0,,,,,10.5,14.8,2.3,342,18,11.1,16.3,2.6,344,14,10.5,14.8,2.3,342,18,802,28.40,,,,,,,,,,
GABR,2016-04-05 11:30:00 EDT,44.41742,-74.17867,1758,19.5,17.8,10.0,33.1,-4.9,,,,,7.5,11.6,2.2,336,28,7.9,13.0,2.4,337,26,7.5,11.6,2.2,336,28,809,28.40,,,,,,,,,,
GABR,2016-04-05 11:35:00 EDT,44.41742,-74.17867,1758,19.6,17.9,10.5,32.8,-5.0,,,,,7.1,13.4,2.8,309,19,7.0,14.3,2.6,307,21,7.1,13.4,2.8,309,19,815,28.40,,,,,,,,,,
GABR,2016-04-05 11:40:00 EDT,44.41742,-74.17867,1758,19.2,18.0,9.4,32.0,-5.9,,,,,7.8,15.3,3.2,290,26,8.2,15.2,3.2,286,26,7.8,15.3,3.2,290,26,821,28.40,,,,,,,,,,0.43
GABR,2016-04-05 11:45:00 EDT,44.41742,-74.17867,1758,19.4,18.3,11.7,33.1,-5.0,,,,,5.6,11.2,2.4,343,32,6.0,13.0,2.6,345,34,5.6,11.2,2.4,343,32,827,28.40,,,,,,,,,,
GABR,2016-04-05 11:50:00 EDT,44.41742,-74.17867,1758,20.8,18.5,10.2,35.2,-2.5,,,,,9.4,15.3,2.6,358,14,10.0,16.3,2.7,359,14,9.4,15.3,2.6,358,14,832,28.40,,,,,,,,,,
GABR,2016-04-05 11:55:00 EDT,44.41742,-74.17867,1758,19.8,18.0,10.6,33.7,-4.3,,,,,7.2,13.6,3.1,357,28,7.8,15.2,3.5,359,22,7.2,13.6,3.1,357,28,837,28.40,,,,,,,,,,
GABR,2016-04-05 12:00:00 EDT,44.41742,-74.17867,1758,19.9,18.7,11.9,31.9,-5.3,,,,,5.9,11.8,2.3,278,30,6.4,11.9,2.3,273,33,5.9,11.8,2.3,278,30,842,28.40,,,,,,,,,,
GABR,2016-04-05 12:05:00 EDT,44.41742,-74.17867,1758,20.3,18.8,10.1,34.0,-3.6,,,,,8.8,14.4,2.8,7,14,9.4,16.6,2.9,8,12,8.8,14.4,2.8,7,14,847,28.40,,,,,,,,,,
GABR,2016-04-05 12:10:00 EDT,44.41742,-74.17867,1758,21.2,19.1,9.7,35.1,-2.2,,,,,11.1,16.0,2.1,354,23,11.2,18.6,2.2,353,22,11.1,16.0,2.1,354,23,851,28.39,,,,,,,,,,
GABR,2016-04-05 12:15:00 EDT,44.41742,-74.17867,1758,21.4,19.2,10.0,35.4,-1.8,,,,,11.1,16.0,2.4,355,20,11.5,17.0,2.4,355,18,11.1,16.0,2.4,355,20,854,28.39,,,,,,,,,,
GABR,2016-04-05 12:20:00 EDT,44.41742,-74.17867,1758,20.5,18.9,11.1,34.7,-3.0,,,,,7.7,14.1,3.1,346,25,8.1,15.0,3.1,347,20,7.7,14.1,3.1,346,25,857,28.39,,,,,,,,,,
GABR,2016-04-05 12:25:00 EDT,44.41742,-74.17867,1758,20.9,19.3,12.4,35.4,-2.3,,,,,6.6,16.4,3.1,306,24,6.7,15.9,3.1,303,24,6.6,16.4,3.1,306,24,861,28.39,,,,,,,,,,
GABR,2016-04-05 12:30:00 EDT,44.41742,-74.17867,1758,20.8,19.2,11.9,35.8,-2.1,,,,,7.1,14.0,3.5,308,25,7.4,14.8,3.3,309,27,7.1,14.0,3.5,308,25,862,28.39,,,,,,,,,,
GABR,2016-04-05 12:35:00 EDT,44.41742,-74.17867,1758,20.8,19.5,12.0,36.0,-2.0,,,,,7.1,16.2,2.8,323,20,7.2,15.7,2.9,323,22,7.1,16.2,2.8,323,20,863,28.39,,,,,,,,,,
GABR,2016-04-05 12:40:00 EDT,44.41742,-74.17867,1758,21.0,19.6,10.0,35.6,-2.0,,,,,10.1,17.0,3.4,311,22,10.2,17.9,3.3,308,23,10.1,17.0,3.4,311,22,866,28.39,,,,,,,,,,
GABR,2016-04-05 12:45:00 EDT,44.41742,-74.17867,1758,21.2,19.8,14.8,35.8,-1.8,,,,,4.6,12.6,3.4,309,26,5.1,13.9,3.4,303,28,4.6,12.6,3.4,309,26,867,28.39,,,,,,,,,,
GABR,2016-04-05 12:50:00 EDT,44.41742,-74.17867,1758,21.7,20.1,12.2,35.3,-1.6,,,,,8.1,12.3,2.0,321,16,8.1,12.3,2.0,320,17,8.1,12.3,2.0,321,16,868,28.39,,,,,,,,,,
GABR,2016-04-05 12:55:00 EDT,44.41742,-74.17867,1758,21.3,19.9,13.3,34.2,-2.7,,,,,6.1,13.2,3.4,296,22,6.4,14.1,3.4,290,23,6.1,13.2,3.4,296,22,868,28.39,,,,,,,,,,
GABR,2016-04-05 13:00:00 EDT,44.41742,-74.17867,1758,22.0,20.3,13.7,34.0,-2.1,,,,,6.7,11.5,2.0,235,27,7.3,12.3,2.1,230,28,6.7,11.5,2.0,235,27,869,28.38,,,,,,,,,,
GABR,2016-04-05 13:05:00 EDT,44.41742,-74.17867,1758,21.8,20.4,13.1,32.2,-3.5,,,,,7.0,16.1,4.1,285,23,7.5,19.2,4.6,281,24,7.0,16.1,4.1,285,23,867,28.38,,,,,,,,,,
GABR,2016-04-05 13:10:00 EDT,44.41742,-74.17867,1758,22.4,20.7,13.2,32.4,-2.8,,,,,8.0,15.2,3.3,324,21,8.1,15.9,3.3,326,22,8.0,15.2,3.3,324,21,867,28.38,,,,,,,,,,
GABR,2016-04-05 13:15:00 EDT,44.41742,-74.17867,1758,22.6,20.9,12.5,32.9,-2.3,,,,,9.2,19.8,3.5,323,24,9.5,19.5,3.3,325,21,9.2,19.8,3.5,323,24,865,28.38,,,,,,,,,,
GABR,2016-04-05 13:20:00 EDT,44.41742,-74.17867,1758,22.3,20.7,12.8,32.1,-3.0,,,,,8.3,13.6,2.5,314,21,8.5,13.9,2.6,313,21,8.3,13.6,2.5,314,21,864,28.38,,,,,,,,,,
GABR,2016-04-05 13:25:00 EDT,44.41742,-74.17867,1758,22.2,20.7,12.3,30.9,-4.0,,,,,8.9,16.4,2.9,299,16,9.3,19.0,3.3,299,15,8.9,16.4,2.9,299,16,862,28.38,,,,,,,,,,
GABR,2016-04-05 13:30:00 EDT,44.41742,-74.17867,1758,22.9,21.6,15.2,30.9,-3.3,,,,,6.3,12.3,2.2,326,33,6.8,12.8,2.3,324,32,6.3,12.3,2.2,326,33,861,28.37,,,,,,,,,,
GABR,2016-04-05 13:35:00 EDT,44.41742,-74.17867,1758,23.1,21.6,12.3,30.6,-3.4,,,,,10.7,18.2,3.2,310,19,10.7,18.1,3.3,309,18,10.7,18.2,3.2,310,19,857,28.37,,,,,,,,,,
GABR,2016-04-05 13:40:00 EDT,44.41742,-74.17867,1758,24.4,22.9,16.1,31.4,-1.7,,,,,7.3,15.3,4.2,312,23,8.0,20.1,4.3,311,24,7.3,15.3,4.2,312,23,854,28.37,,,,,,,,,,
GABR,2016-04-05 13:45:00 EDT,44.41742,-74.17867,1758,23.2,21.7,13.6,28.3,-4.9,,,,,8.8,17.2,2.9,305,20,9.1,17.4,2.9,301,19,8.8,17.2,2.9,305,20,851,28.38,,,,,,,,,,
GABR,2016-04-05 13:50:00 EDT,44.41742,-74.17867,1758,23.5,21.7,13.5,29.8,-3.6,,,,,9.5,20.4,3.9,325,15,9.7,23.9,3.9,327,15,9.5,20.4,3.9,325,15,847,28.37,,,,,,,,,,
GABR,2016-04-05 13:55:00 EDT,44.41742,-74.17867,1758,23.2,21.7,12.9,28.9,-4.5,,,,,9.8,16.2,2.5,305,17,9.7,15.4,2.5,304,18,9.8,16.2,2.5,305,17,842,28.37,,,,,,,,,,
GABR,2016-04-05 14:00:00 EDT,44.41742,-74.17867,1758,23.1,21.7,12.5,29.2,-4.3,,,,,10.4,18.6,3.3,311,25,10.8,18.3,3.1,310,26,10.4,18.6,3.3,311,25,837,28.37,,,,,,,,0.13,0.35,0.43
GABR,2016-04-05 14:05:00 EDT,44.41742,-74.17867,1758,23.6,22.1,13.5,28.8,-4.2,,,,,9.7,17.5,4.0,327,22,10.2,18.3,4.2,327,22,9.7,17.5,4.0,327,22,831,28.37,,,,,,,,,,0.43
GABR,2016-04-05 14:10:00 EDT,44.41742,-74.17867,1758,24.3,22.1,13.2,30.7,-2.2,,,,,11.8,19.4,2.6,348,19,12.4,19.2,2.7,348,13,11.8,19.4,2.6,348,19,825,28.37,,,,,,,,,,
GABR,2016-04-05 14:15:00 EDT,44.41742,-74.17867,1758,24.3,22.1,14.0,30.5,-2.4,,,,,10.3,16.7,2.4,331,19,10.4,17.2,2.6,331,18,10.3,16.7,2.4,331,19,819,28.37,,,,,,,,,0.35,
GABR,2016-04-05 14:20:00 EDT,44.41742,-74.17867,1758,23.4,21.6,14.5,30.2,-3.4,,,,,7.9,13.7,2.5,344,17,8.3,13.9,2.5,344,18,7.9,13.7,2.5,344,17,811,28.37,,,,,,,,,,
GABR,2016-04-05 14:25:00 EDT,44.41742,-74.17867,1758,24.4,23.0,16.5,30.1,-2.6,,,,,6.7,12.2,1.8,267,27,7.3,13.4,2.2,267,27,6.7,12.2,1.8,267,27,805,28.37,,,,,,,,,,
GABR,2016-04-05 14:30:00 EDT,44.41742,-74.17867,1758,24.2,22.6,16.1,29.4,-3.2,,,,,7.1,15.2,3.1,315,23,7.4,15.7,3.1,313,24,7.1,15.2,3.1,315,23,798,28.37,,,,,,,,,0.35,
GABR,2016-04-05 14:35:00 EDT,44.41742,-74.17867,1758,24.8,23.3,17.1,28.7,-3.2,,,,,6.7,11.8,2.4,299,21,7.0,14.3,2.6,298,21,6.7,11.8,2.4,299,21,792,,,,,,,,,,,
GABR,2016-04-05 14:40:00 EDT,44.41742,-74.17867,1758,24.5,23.2,15.2,27.2,-4.7,,,,,8.8,13.7,2.2,282,21,9.6,15.4,2.7,279,17,8.8,13.7,2.2,282,21,784,,,,,,,,,,,
GABR,2016-04-05 14:45:00 EDT,44.41742,-74.17867,1758,24.6,23.2,16.0,27.1,-4.5,,,,,7.8,17.5,3.7,249,21,8.4,18.6,3.6,246,22,7.8,17.5,3.7,249,21,774,28.36,,,,,,,,,,
GABR,2016-04-05 14:50:00 EDT,44.41742,-74.17867,1758,25.4,23.8,17.7,29.1,-2.5,,,,,6.8,16.0,3.2,324,30,7.4,15.0,2.9,323,29,6.8,16.0,3.2,324,30,766,28.36,,,,,,,,,,
GABR,2016-04-05 14:55:00 EDT,44.41742,-74.17867,1758,25.1,23.5,14.0,28.5,-3.1,,,,,12.1,19.0,3.6,331,16,12.5,18.8,3.7,330,16,12.1,19.0,3.6,331,16,758,28.36,,,,,,,,,,
GABR,2016-04-05 15:00:00 EDT,44.41742,-74.17867,1758,25.6,23.2,14.3,29.8,-1.8,,,,,12.7,20.6,3.0,324,16,12.8,21.5,3.0,324,14,12.7,20.6,3.0,324,16,748,28.36,,,,,,,,,,
GABR,2016-04-05 15:05:00 EDT,44.41742,-74.17867,1758,24.8,23.3,14.6,28.5,-3.4,,,,,10.4,20.2,3.0,308,17,10.7,20.1,3.0,305,18,10.4,20.2,3.0,308,17,739,28.36,,,,,,,,,,
GABR,2016-04-05 15:10:00 EDT,44.41742,-74.17867,1758,24.6,23.1,13.8,28.6,-3.4,,,,,11.4,18.7,2.8,339,25,11.5,20.1,2.8,339,20,11.4,18.7,2.8,339,25,729,28.36,,,,,,,,,,
GABR,2016-04-05 15:15:00 EDT,44.41742,-74.17867,1758,25.1,23.6,14.1,28.8,-2.9,,,,,11.9,21.4,3.7,323,16,11.9,21.3,3.8,323,15,11.9,21.4,3.7,323,16,718,28.36,,,,,,,,0.13,0.36,
GABR,2016-04-05 15:20:00 EDT,44.41742,-74.17867,1758,25.4,23.5,14.7,29.7,-2.0,,,,,11.6,18.3,2.8,327,12,11.8,17.2,2.6,327,11,11.6,18.3,2.8,327,12,709,,,,,,,,,,,
GABR,2016-04-05 15:25:00 EDT,44.41742,-74.17867,1758,25.1,23.8,15.9,27.3,-4.0,,,,,8.8,16.6,3.0,297,16,9.3,18.8,3.2,292,14,8.8,16.6,3.0,297,16,698,28.36,,,,,,,,,,
GABR,2016-04-05 15:30:00 EDT,44.41742,-74.17867,1758,24.9,23.7,15.5,27.5,-4.1,,,,,9.0,15.6,3.2,319,22,9.1,15.7,3.3,318,21,9.0,15.6,3.2,319,22,685,28.36,,,,,,,,,,
GABR,2016-04-05 15:35:00 EDT,44.41742,-74.17867,1758,25.1,23.5,16.0,28.8,-2.9,,,,,8.6,16.2,2.5,348,31,9.0,15.9,2.7,346,23,8.6,16.2,2.5,348,31,673,28.36,,,,,,,,,,
GABR,2016-04-05 15:40:00 EDT,44.41742,-74.17867,1758,25.7,24.1,17.4,29.0,-2.2,,,,,7.7,13.3,2.2,322,30,8.0,14.1,2.4,321,33,7.7,13.3,2.2,322,30,663,28.36,,,,,,,,,,
GABR,2016-04-05 15:45:00 EDT,44.41742,-74.17867,1758,25.6,24.6,16.3,27.5,-3.4,,,,,9.2,14.5,2.5,277,29,10.1,17.4,2.6,274,28,9.2,14.5,2.5,277,29,650,28.36,,,,,,,,,,
GABR,2016-04-05 15:50:00 EDT,44.41742,-74.17867,1758,25.4,24.2,15.9,27.1,-3.8,,,,,9.5,18.7,3.2,310,19,9.8,18.6,3.4,308,18,9.5,18.7,3.2,310,19,637,28.36,,,,,,,,,,
GABR,2016-04-05 15:55:00 EDT,44.41742,-74.17867,1758,25.8,24.1,15.0,27.6,-3.1,,,,,11.9,20.1,3.9,322,12,12.0,21.7,3.8,322,10,11.9,20.1,3.9,322,12,626,28.36,,,,,,,,,,
GABR,2016-04-05 16:00:00 EDT,44.41742,-74.17867,1758,25.7,24.2,15.6,28.1,-2.9,,,,,10.5,15.9,2.6,312,18,10.6,16.3,2.5,311,17,10.5,15.9,2.6,312,18,613,28.36,,,,,,,,,,
GABR,2016-04-05 16:05:00 EDT,44.41742,-74.17867,1758,25.5,24.3,16.5,28.0,-3.2,,,,,8.6,15.1,2.6,319,19,8.8,15.2,2.4,319,19,8.6,15.1,2.6,319,19,599,28.36,,,,,,,,,,
GABR,2016-04-05 16:10:00 EDT,44.41742,-74.17867,1758,25.4,24.0,15.6,28.9,-2.5,,,,,9.9,15.1,2.7,314,20,10.1,17.2,2.7,314,18,9.9,15.1,2.7,314,20,585,28.36,,,,,,,,0.13,,
GABR,2016-04-05 16:15:00 EDT,44.41742,-74.17867,1758,25.1,23.9,15.5,28.2,-3.4,,,,,9.5,15.9,2.9,317,19,9.6,16.3,2.8,315,20,9.5,15.9,2.9,317,19,570,28.36,,,,,,,,,,
GABR,2016-04-05 16:20:00 EDT,44.41742,-74.17867,1758,26.2,25.2,19.5,28.5,-2.1,,,,,5.8,10.7,2.1,278,27,6.4,12.5,2.3,277,27,5.8,10.7,2.1,278,27,557,28.35,,,,,,,,,0.36,0.43
GABR,2016-04-05 16:25:00 EDT,44.41742,-74.17867,1758,26.0,24.7,17.6,28.8,-2.1,,,,,7.9,15.5,2.9,324,21,8.5,15.2,3.0,323,23,7.9,15.5,2.9,324,21,542,28.35,,,,,,,,,,0.43
GABR,2016-04-05 16:30:00 EDT,44.41742,-74.17867,1758,26.3,24.7,17.1,29.7,-1.2,,,,,9.2,17.2,2.9,328,18,9.7,19.7,3.1,328,19,9.2,17.2,2.9,328,18,527,28.35,,,,,,,,,0.36,0.43
GABR,2016-04-05 16:35:00 EDT,44.41742,-74.17867,1758,26.0,24.9,17.7,28.5,-2.3,,,,,7.8,17.0,3.2,299,23,8.0,17.2,3.3,298,25,7.8,17.0,3.2,299,23,512,28.36,,,,0,,,36.1,0.13,0.36,0.43
GABR,2016-04-05 16:40:00 EDT,44.41742,-74.17867,1758,25.1,24.2,17.0,26.8,-4.3,,,,,7.3,13.9,2.3,296,20,7.7,13.6,2.5,294,18,7.3,13.9,2.3,296,20,498,28.36,,,,,,,,,,
GABR,2016-04-05 16:45:00 EDT,44.41742,-74.17867,1758,26.1,25.1,16.8,26.8,-3.5,,,,,9.4,16.4,2.5,275,31,10.1,16.3,2.6,271,31,9.4,16.4,2.5,275,31,482,28.36,,,,,,,,,,
GABR,2016-04-05 16:50:00 EDT,44.41742,-74.17867,1758,26.0,24.9,16.9,26.4,-3.9,,,,,9.1,16.4,2.9,282,28,10.0,19.0,3.3,280,30,9.1,16.4,2.9,282,28,467,28.36,,,,,,,,,,0.43
GABR,2016-04-05 16:55:00 EDT,44.41742,-74.17867,1758,25.7,24.7,16.9,26.5,-4.1,,,,,8.5,15.6,3.1,246,15,9.1,16.8,3.1,244,16,8.5,15.6,3.1,246,15,452,28.36,,,,,,,,,,
GABR,2016-04-05 17:00:00 EDT,44.41742,-74.17867,1758,26.0,25.2,16.9,26.9,-3.5,,,,,8.9,18.3,3.2,262,21,9.7,18.1,3.4,259,21,8.9,18.3,3.2,262,21,436,28.36,,,,,,,,,,
GABR,2016-04-05 17:05:00 EDT,44.41742,-74.17867,1758,25.9,24.9,16.9,27.3,-3.3,,,,,8.7,14.8,2.6,276,27,9.2,15.0,2.7,275,30,8.7,14.8,2.6,276,27,420,28.36,,,,,,,,,0.36,
GABR,2016-04-05 17:10:00 EDT,44.41742,-74.17867,1758,25.8,24.9,16.6,27.8,-3.0,,,,,9.1,16.7,3.0,290,22,9.9,18.3,3.3,287,20,9.1,16.7,3.0,290,22,404,28.36,,,,,,,,,,
GABR,2016-04-05 17:15:00 EDT,44.41742,-74.17867,1758,25.7,24.8,18.2,27.7,-3.2,,,,,6.5,12.8,2.9,276,31,7.0,14.3,3.0,272,29,6.5,12.8,2.9,276,31,388,28.36,,,,,,,,,,
GABR,2016-04-05 17:20:00 EDT,44.41742,-74.17867,1758,25.9,24.9,17.6,28.2,-2.6,,,,,7.7,12.7,2.7,300,23,7.9,14.3,3.1,298,22,7.7,12.7,2.7,300,23,371,28.36,,,,,,,,,,
GABR,2016-04-05 17:25:00 EDT,44.41742,-74.17867,1758,26.3,25.3,17.7,27.2,-3.1,,,,,8.3,13.5,2.9,254,23,9.1,16.6,3.0,251,22,8.3,13.5,2.9,254,23,355,28.36,,,,,,,,,,
GABR,2016-04-05 17:30:00 EDT,44.41742,-74.17867,1758,26.1,25.3,18.4,26.9,-3.4,,,,,7.0,13.7,3.0,303,21,7.3,13.9,3.0,301,23,7.0,13.7,3.0,303,21,339,28.36,,,,,,,,0.13,,
GABR,2016-04-05 17:35:00 EDT,44.41742,-74.17867,1758,25.4,24.6,17.2,26.9,-4.0,,,,,7.6,14.8,3.0,299,17,7.9,14.8,2.9,297,18,7.6,14.8,3.0,299,17,321,28.36,,,,,,,,,,
GABR,2016-04-05 17:40:00 EDT,44.41742,-74.17867,1758,25.6,25.0,18.7,27.1,-3.7,,,,,5.9,12.0,2.2,304,23,6.3,12.8,2.5,302,23,5.9,12.0,2.2,304,23,305,28.36,,,,,,,,0.13,0.36,0.43
GABR,2016-04-05 17:45:00 EDT,44.41742,-74.17867,1758,25.4,24.7,15.4,26.7,-4.2,,,,,10.4,16.1,2.7,306,17,10.4,16.3,2.4,306,16,10.4,16.1,2.7,306,17,289,28.36,,,,,,,,,,
GABR,2016-04-05 17:50:00 EDT,44.41742,-74.17867,1758,25.9,25.1,18.1,27.3,-3.3,,,,,7.1,15.2,3.3,309,18,7.5,15.2,3.2,306,19,7.1,15.2,3.3,309,18,272,28.36,,,,,,,,,,
GABR,2016-04-05 17:55:00 EDT,44.41742,-74.17867,1758,25.6,24.9,17.8,28.1,-3.0,,,,,6.9,11.9,2.4,266,26,7.5,13.9,2.5,265,25,6.9,11.9,2.4,266,26,255,28.36,,,,,,,,,,
GABR,2016-04-05 18:00:00 EDT,44.41742,-74.17867,1758,26.1,25.4,20.0,29.5,-1.5,,,,,5.2,12.1,2.2,285,33,5.6,13.9,2.6,280,32,5.2,12.1,2.2,285,33,240,28.36,,,,,,,,,,
GABR,2016-04-05 18:05:00 EDT,44.41742,-74.17867,1758,25.5,24.9,17.5,28.9,-2.5,,,,,7.3,12.5,2.5,283,21,8.0,14.8,2.6,281,22,7.3,12.5,2.5,283,21,224,28.36,,,,,,,,,,
GABR,2016-04-05 18:10:00 EDT,44.41742,-74.17867,1758,25.4,24.8,16.8,29.4,-2.2,,,,,7.9,14.9,3.3,268,24,8.4,17.4,3.5,265,24,7.9,14.9,3.3,268,24,208,28.36,,,,,,,,,,
GABR,2016-04-05 18:15:00 EDT,44.41742,-74.17867,1758,25.4,24.9,17.1,29.3,-2.3,,,,,7.6,15.0,2.9,269,22,8.4,16.3,3.2,266,20,7.6,15.0,2.9,269,22,193,28.36,,,,,,,,,,
GABR,2016-04-05 18:20:00 EDT,44.41742,-74.17867,1758,25.3,24.8,18.6,28.9,-2.6,,,,,5.6,11.2,2.0,293,24,5.9,11.9,2.2,287,21,5.6,11.2,2.0,293,24,177,28.36,,,,,,,,,,
GABR,2016-04-05 18:25:00 EDT,44.41742,-74.17867,1758,25.0,24.5,18.6,28.9,-2.8,,,,,5.3,11.2,2.1,282,26,5.7,12.5,2.3,278,24,5.3,11.2,2.1,282,26,162,28.36,,,,,,,,,,
GABR,2016-04-05 18:30:00 EDT,44.41742,-74.17867,1758,24.9,24.5,16.0,29.1,-2.9,,,,,8.3,13.7,2.4,250,18,8.9,14.5,2.5,246,19,8.3,13.7,2.4,250,18,148,28.36,,,,,,,,,,
GABR,2016-04-05 18:35:00 EDT,44.41742,-74.17867,1758,24.7,24.4,17.3,29.0,-3.1,,,,,6.3,11.2,2.2,267,18,7.0,13.6,2.6,264,16,6.3,11.2,2.2,267,18,133,28.36,,,,,,,,,,
GABR,2016-04-05 18:40:00 EDT,44.41742,-74.17867,1758,24.7,24.4,17.4,29.0,-3.1,,,,,6.2,12.3,1.9,289,23,6.5,14.3,2.2,285,22,6.2,12.3,1.9,289,23,108,28.36,,,,,,,,,,
GABR,2016-04-05 18:45:00 EDT,44.41742,-74.17867,1758,24.3,24.2,16.6,29.3,-3.2,,,,,6.5,11.2,2.3,289,20,7.0,14.3,2.5,284,20,6.5,11.2,2.3,289,20,48,28.36,,,,,,,,,,
GABR,2016-04-05 18:50:00 EDT,44.41742,-74.17867,1758,24.0,24.0,16.6,29.7,-3.2,,,,,6.2,12.5,2.7,257,23,6.6,16.1,3.0,253,24,6.2,12.5,2.7,257,23,24,28.36,,,,,,,,,,
GABR,2016-04-05 18:55:00 EDT,44.41742,-74.17867,1758,24.0,24.0,14.1,29.1,-3.6,,,,,9.5,15.2,2.9,258,16,10.4,16.8,3.2,256,17,9.5,15.2,2.9,258,16,22,28.35,,,,,,,,,,
GABR,2016-04-05 19:00:00 EDT,44.41742,-74.17867,1758,23.9,23.8,16.1,29.0,-3.8,,,,,6.5,13.7,2.5,279,25,7.1,14.5,2.9,276,24,6.5,13.7,2.5,279,25,19,28.36,,,,,,,,,,
GABR,2016-04-05 19:05:00 EDT,44.41742,-74.17867,1758,23.7,23.7,15.7,29.5,-3.6,,,,,6.7,14.5,2.9,271,23,7.4,16.8,3.4,266,22,6.7,14.5,2.9,271,23,16,28.35,,,,,,,,,,
GABR,2016-04-05 19:10:00 EDT,44.41742,-74.17867,1758,23.6,23.4,15.5,29.7,-3.6,,,,,6.8,12.6,2.5,267,20,7.6,15.4,2.9,265,20,6.8,12.6,2.5,267,20,14,28.35,,,,,,,,,,
GABR,2016-04-05 19:15:00 EDT,44.41742,-74.17867,1758,23.5,23.3,15.6,29.6,-3.7,,,,,6.6,13.5,2.3,266,23,7.1,15.0,2.6,262,23,6.6,13.5,2.3,266,23,12,28.35,,,,,,,,,,
GABR,2016-04-05 19:20:00 EDT,44.41742,-74.17867,1758,23.4,23.2,16.0,29.6,-3.8,,,,,6.0,10.7,2.2,277,26,6.5,12.5,2.4,273,25,6.0,10.7,2.2,277,26,10,28.35,,,,,,,,,,
GABR,2016-04-05 19:25:00 EDT,44.41742,-74.17867,1758,23.2,23.1,17.1,29.7,-3.9,,,,,4.6,8.9,1.6,270,29,5.1,10.3,1.9,268,28,4.6,8.9,1.6,270,29,8,28.35,,,,,,,,,,
GABR,2016-04-05 19:30:00 EDT,44.41742,-74.17867,1758,23.0,22.9,16.5,30.3,-3.7,,,,,5.0,10.7,2.3,276,24,5.6,12.3,2.5,273,21,5.0,10.7,2.3,276,24,6,28.35,,,,,,,,0.14,0.36,0.43
GABR,2016-04-05 19:35:00 EDT,44.41742,-74.17867,1758,22.9,22.8,16.5,30.3,-3.7,,,,,4.9,9.3,1.9,269,21,5.4,11.6,2.2,265,19,4.9,9.3,1.9,269,21,4,28.35,,,,,,,,,,
GABR,2016-04-05 19:40:00 EDT,44.41742,-74.17867,1758,22.9,22.8,15.7,29.8,-4.1,,,,,5.8,10.6,2.2,279,22,6.4,12.8,2.6,274,22,5.8,10.6,2.2,279,22,2,28.35,,,,,,,,,,0.43
GABR,2016-04-05 19:45:00 EDT,44.41742,-74.17867,1758,22.8,22.7,16.2,29.8,-4.2,,,,,5.1,9.6,1.6,279,22,5.4,12.5,2.0,276,21,5.1,9.6,1.6,279,22,1,28.35,,,,,,,,,,
GABR,2016-04-05 19:50:00 EDT,44.41742,-74.17867,1758,22.6,22.6,16.1,30.2,-4.0,,,,,5.0,10.4,1.9,270,24,5.3,12.5,2.2,268,23,5.0,10.4,1.9,270,24,0,28.35,,,,,,,,,,
GABR,2016-04-05 19:55:00 EDT,44.41742,-74.17867,1758,22.6,22.5,16.3,30.5,-3.9,,,,,4.7,8.5,1.7,264,24,5.3,9.8,1.9,260,24,4.7,8.5,1.7,264,24,0,28.35,,,,,,,,,,
GABR,2016-04-05 20:00:00 EDT,44.41742,-74.17867,1758,22.4,22.4,16.8,30.6,-4.0,,,,,4.2,9.1,1.7,278,19,4.6,10.5,2.0,275,19,4.2,9.1,1.7,278,19,0,28.35,,,,,,,,,,
GABR,2016-04-05 20:05:00 EDT,44.41742,-74.17867,1758,22.3,22.3,16.6,30.9,-3.9,,,,,4.2,7.2,1.2,273,17,4.4,7.6,1.5,269,17,4.2,7.2,1.2,273,17,0,28.35,,,,,,,,,,
GABR,2016-04-05 20:10:00 EDT,44.41742,-74.17867,1758,22.1,22.0,22.1,31.3,-3.8,,,,,2.5,5.2,1.3,274,20,2.7,6.3,1.4,269,24,2.5,5.2,1.3,274,20,0,28.35,,,,,,,,,,
GABR,2016-04-05 20:15:00 EDT,44.41742,-74.17867,1758,21.8,21.8,21.8,32.2,-3.4,,,,,2.3,4.8,1.1,272,20,2.5,5.8,1.3,264,21,2.3,4.8,1.1,272,20,0,28.35,,,,,,,,,,
GABR,2016-04-05 20:20:00 EDT,44.41742,-74.17867,1758,21.8,21.8,21.8,32.2,-3.5,,,,,2.6,9.2,1.5,257,20,3.0,11.2,1.8,248,20,2.6,9.2,1.5,257,20,0,28.35,,,,,,,,,,
GABR,2016-04-05 20:25:00 EDT,44.41742,-74.17867,1758,21.9,21.9,16.6,32.2,-3.4,,,,,3.8,9.8,1.7,264,18,4.1,10.3,1.9,258,19,3.8,9.8,1.7,264,18,0,28.35,,,,,,,,,,
GABR,2016-04-05 20:30:00 EDT,44.41742,-74.17867,1758,21.7,21.7,21.7,32.5,-3.3,,,,,2.8,5.3,0.8,260,21,2.9,6.3,1.0,253,22,2.8,5.3,0.8,260,21,0,28.35,,,,,,,,,,
GABR,2016-04-05 20:35:00 EDT,44.41742,-74.17867,1758,21.4,21.6,21.4,33.0,-3.2,,,,,2.8,4.6,0.8,253,15,2.8,5.8,1.0,247,15,2.8,4.6,0.8,253,15,0,28.35,,,,,,,,,,
GABR,2016-04-05 20:40:00 EDT,44.41742,-74.17867,1758,21.1,21.4,21.1,33.9,-3.0,,,,,2.2,4.2,0.7,253,13,2.2,4.7,0.7,244,15,2.2,4.2,0.7,253,13,0,28.35,,,,,,,,,,
GABR,2016-04-05 20:45:00 EDT,44.41742,-74.17867,1758,20.9,21.2,20.9,34.6,-2.7,,,,,1.7,3.3,0.4,244,17,1.7,3.8,0.4,234,19,1.7,3.3,0.4,244,17,0,28.35,,,,,,,,,,
GABR,2016-04-05 20:50:00 EDT,44.41742,-74.17867,1758,20.6,20.8,20.6,38.0,-1.0,,,,,1.6,2.6,0.2,231,9,1.5,2.7,0.3,218,10,1.6,2.6,0.2,231,9,0,28.35,,,,,,,,,,
GABR,2016-04-05 20:55:00 EDT,44.41742,-74.17867,1758,20.0,20.4,20.0,40.1,-0.4,,,,,1.4,2.3,0.3,225,11,1.6,2.5,0.3,213,10,1.4,2.3,0.3,225,11,0,28.35,,,,,,,,,,
GABR,2016-04-05 21:00:00 EDT,44.41742,-74.17867,1758,20.1,20.5,20.1,41.5,0.4,,,,,1.8,2.6,0.2,231,6,1.7,2.7,0.2,220,7,1.8,2.6,0.2,231,6,0,28.35,,,,,,,,,,
GABR,2016-04-05 21:05:00 EDT,44.41742,-74.17867,1758,19.6,20.5,19.6,39.4,-1.2,,,,,2.2,3.6,0.4,235,9,2.1,3.8,0.5,224,8,2.2,3.6,0.4,235,9,0,28.35,,,,,,,,,,
GABR,2016-04-05 21:10:00 EDT,44.41742,-74.17867,1758,19.3,20.4,19.3,40.8,-0.7,,,,,2.2,3.4,0.4,239,8,2.0,3.6,0.5,228,9,2.2,3.4,0.4,239,8,0,28.35,,,,,,,,,,
GABR,2016-04-05 21:15:00 EDT,44.41742,-74.17867,1758,19.5,20.3,19.5,41.2,-0.3,,,,,2.2,3.3,0.4,239,8,2.1,3.4,0.4,228,8,2.2,3.3,0.4,239,8,0,28.35,,,,,,,,,,
GABR,2016-04-05 21:20:00 EDT,44.41742,-74.17867,1758,19.2,20.1,13.3,42.2,-0.1,,,,,4.0,11.9,2.7,252,23,4.2,13.6,3.2,246,25,4.0,11.9,2.7,252,23,0,28.36,,,,,,,,,,
GABR,2016-04-05 21:25:00 EDT,44.41742,-74.17867,1758,20.2,20.4,13.3,40.2,-0.2,,,,,4.9,8.2,1.1,257,15,5.1,8.9,1.3,253,15,4.9,8.2,1.1,257,15,0,28.36,,,,,,,,,,
GABR,2016-04-05 21:30:00 EDT,44.41742,-74.17867,1758,20.2,20.2,20.2,39.4,-0.6,,,,,2.9,6.2,1.0,267,24,3.1,7.6,1.2,263,25,2.9,6.2,1.0,267,24,0,28.36,,,,,,,,,,
GABR,2016-04-05 21:35:00 EDT,44.41742,-74.17867,1758,19.9,20.0,19.9,41.1,0.0,,,,,2.4,4.3,0.9,256,22,2.5,5.4,1.0,247,21,2.4,4.3,0.9,256,22,0,28.36,,,,,,,,,,
GABR,2016-04-05 21:40:00 EDT,44.41742,-74.17867,1758,19.9,20.1,15.0,42.7,0.9,,,,,3.4,5.9,1.1,270,25,3.8,7.4,1.3,262,26,3.4,5.9,1.1,270,25,0,28.36,,,,,,,,,,
GABR,2016-04-05 21:45:00 EDT,44.41742,-74.17867,1758,20.2,20.2,15.5,44.0,1.7,,,,,3.3,6.6,1.2,267,20,3.5,7.4,1.4,264,22,3.3,6.6,1.2,267,20,0,28.36,,,,,,,,,,
GABR,2016-04-05 21:50:00 EDT,44.41742,-74.17867,1758,20.0,20.0,14.9,45.9,2.5,,,,,3.5,6.7,1.6,278,19,3.7,8.5,1.8,275,20,3.5,6.7,1.6,278,19,0,28.36,,,,,,,,,,
GABR,2016-04-05 21:55:00 EDT,44.41742,-74.17867,1758,19.9,19.9,19.9,46.7,2.8,,,,,2.6,6.5,1.6,276,23,2.9,7.6,1.8,270,23,2.6,6.5,1.6,276,23,0,28.36,,,,,,,,,,
GABR,2016-04-05 22:00:00 EDT,44.41742,-74.17867,1758,19.9,19.9,14.8,47.4,3.1,,,,,3.5,6.2,1.1,259,19,3.7,6.9,1.3,253,20,3.5,6.2,1.1,259,19,0,28.36,,,,,,,,,,
GABR,2016-04-05 22:05:00 EDT,44.41742,-74.17867,1758,19.8,19.8,19.8,48.2,3.3,,,,,1.7,3.7,0.8,267,26,2.0,4.0,0.8,261,30,1.7,3.7,0.8,267,26,0,28.36,,,,,,,,,,
GABR,2016-04-05 22:10:00 EDT,44.41742,-74.17867,1758,19.4,19.6,19.4,49.0,3.3,,,,,3.0,5.8,1.2,255,18,3.1,6.0,1.2,246,19,3.0,5.8,1.2,255,18,0,28.36,,,,,,,,,,
GABR,2016-04-05 22:15:00 EDT,44.41742,-74.17867,1758,18.6,19.3,13.4,51.1,3.5,,,,,3.5,4.2,0.4,241,8,3.5,4.9,0.4,232,8,3.5,4.2,0.4,241,8,0,28.36,,,,,,,,,,
GABR,2016-04-05 22:20:00 EDT,44.41742,-74.17867,1758,18.3,19.0,18.3,52.7,3.9,,,,,2.2,3.4,0.4,244,5,2.2,3.4,0.4,233,6,2.2,3.4,0.4,244,5,0,28.36,,,,,,,,,,
GABR,2016-04-05 22:25:00 EDT,44.41742,-74.17867,1758,18.4,18.8,12.8,52.0,3.7,,,,,3.7,7.3,1.4,243,14,3.9,7.8,1.5,234,14,3.7,7.3,1.4,243,14,0,28.37,,,,,,,,,,
GABR,2016-04-05 22:30:00 EDT,44.41742,-74.17867,1758,18.8,18.9,9.6,52.8,4.4,,,,,6.9,12.8,2.1,247,13,7.3,13.4,2.2,243,12,6.9,12.8,2.1,247,13,0,28.36,,,,,,,,,,
GABR,2016-04-05 22:35:00 EDT,44.41742,-74.17867,1758,19.1,19.0,9.8,52.8,4.7,,,,,7.2,12.0,1.9,250,17,7.7,12.5,1.9,246,16,7.2,12.0,1.9,250,17,0,28.36,,,,,,,,,,
GABR,2016-04-05 22:40:00 EDT,44.41742,-74.17867,1758,19.0,19.0,11.3,53.2,4.8,,,,,5.5,9.1,1.4,251,19,5.9,10.1,1.6,248,17,5.5,9.1,1.4,251,19,0,28.36,,,,,,,,,,
GABR,2016-04-05 22:45:00 EDT,44.41742,-74.17867,1758,18.6,18.7,11.9,54.1,4.7,,,,,4.6,8.0,1.4,251,16,4.8,9.2,1.5,245,16,4.6,8.0,1.4,251,16,0,28.37,,,,,,,,,,
GABR,2016-04-05 22:50:00 EDT,44.41742,-74.17867,1758,18.3,18.6,11.5,55.1,4.9,,,,,4.6,6.1,0.7,245,8,4.7,6.5,0.8,238,9,4.6,6.1,0.7,245,8,0,28.37,,,,,,,,,,
GABR,2016-04-05 22:55:00 EDT,44.41742,-74.17867,1758,18.3,18.4,11.8,55.2,4.9,,,,,4.3,7.6,1.2,246,16,4.5,7.8,1.3,242,15,4.3,7.6,1.2,246,16,0,28.37,,,,,,,,,,
GABR,2016-04-05 23:00:00 EDT,44.41742,-74.17867,1758,18.5,18.4,9.1,56.3,5.5,,,,,7.1,12.7,2.1,252,14,7.6,15.4,2.3,249,15,7.1,12.7,2.1,252,14,0,28.37,,,,,,,,,,
GABR,2016-04-05 23:05:00 EDT,44.41742,-74.17867,1758,18.3,18.3,9.6,57.4,5.8,,,,,6.4,10.4,1.3,251,14,6.7,11.4,1.5,247,14,6.4,10.4,1.3,251,14,0,28.37,,,,,,,,,,
GABR,2016-04-05 23:10:00 EDT,44.41742,-74.17867,1758,18.3,18.2,9.2,58.6,6.2,,,,,6.8,11.5,2.2,253,18,7.2,13.4,2.3,248,16,6.8,11.5,2.2,253,18,0,28.37,,,,,,,,,,
GABR,2016-04-05 23:15:00 EDT,44.41742,-74.17867,1758,18.2,18.2,11.4,59.2,6.3,,,,,4.5,6.9,1.2,251,15,4.9,8.3,1.3,248,13,4.5,6.9,1.2,251,15,0,28.37,,,,,,,,,,
GABR,2016-04-05 23:20:00 EDT,44.41742,-74.17867,1758,17.9,17.9,9.9,60.2,6.5,,,,,5.6,9.4,1.3,244,14,6.0,11.6,1.6,238,13,5.6,9.4,1.3,244,14,0,28.37,,,,,,,,,,
GABR,2016-04-05 23:25:00 EDT,44.41742,-74.17867,1758,18.1,17.9,9.6,60.5,6.7,,,,,6.0,9.6,1.5,247,12,6.3,11.2,1.7,243,12,6.0,9.6,1.5,247,12,0,28.36,,,,,,,,,,
GABR,2016-04-05 23:30:00 EDT,44.41742,-74.17867,1758,17.9,17.8,9.4,61.0,6.8,,,,,6.1,11.3,1.9,245,13,6.3,11.0,1.9,240,13,6.1,11.3,1.9,245,13,0,28.36,,,,,,,,,,
GABR,2016-04-05 23:35:00 EDT,44.41742,-74.17867,1758,17.8,17.7,9.7,61.6,6.8,,,,,5.6,8.5,1.2,243,12,5.8,8.7,1.2,239,12,5.6,8.5,1.2,243,12,0,28.37,,,,,,,,,,
GABR,2016-04-05 23:40:00 EDT,44.41742,-74.17867,1758,17.8,17.7,8.5,62.2,7.1,,,,,7.0,12.6,2.4,248,14,7.3,13.0,2.5,244,12,7.0,12.6,2.4,248,14,0,28.37,,,,,,,,,,
GABR,2016-04-05 23:45:00 EDT,44.41742,-74.17867,1758,17.8,17.7,8.9,62.6,7.2,,,,,6.5,12.2,2.0,251,17,6.9,15.2,2.2,247,16,6.5,12.2,2.0,251,17,0,28.37,,,,,,,,,,
GABR,2016-04-05 23:50:00 EDT,44.41742,-74.17867,1758,17.8,17.7,8.3,63.3,7.4,,,,,7.1,13.2,2.0,244,15,7.3,13.6,2.2,241,15,7.1,13.2,2.0,244,15,0,28.37,,,,,,,,,,
GABR,2016-04-05 23:55:00 EDT,44.41742,-74.17867,1758,17.7,17.6,9.2,63.8,7.5,,,,,6.0,9.9,1.6,247,16,6.3,10.3,1.8,244,16,6.0,9.9,1.6,247,16,0,28.37,,,,,,,,,,
JOHN,2016-04-05 00:00:00 EDT,42.98428,-74.30177,745,10.7,17.6,4.5,90.7,8.5,0.000,0.354,0.00,0.000,3.4,4.7,0.5,25,7,3.6,5.1,0.6,24,8,3.4,4.7,0.5,25,7,0,29.32,,,,,,,,,,
JOHN,2016-04-05 00:05:00 EDT,42.98428,-74.30177,745,11.1,17.7,5.3,89.6,8.6,0.000,0.000,0.00,,3.2,4.7,0.7,34,7,3.2,4.9,0.7,33,7,3.2,4.7,0.7,34,7,0,29.32,,,,,,,,,,
JOHN,2016-04-05 00:10:00 EDT,42.98428,-74.30177,745,9.7,18.3,3.9,88.2,7.0,0.000,0.000,0.00,0.000,3.1,5.6,0.8,20,8,3.5,5.8,0.9,18,10,3.1,5.6,0.8,20,8,0,29.32,,,,,,,,,,
JOHN,2016-04-05 00:15:00 EDT,42.98428,-74.30177,745,10.4,18.4,10.4,88.0,7.6,0.000,0.000,0.00,0.000,2.9,4.6,0.5,14,10,3.4,5.4,0.6,12,9,2.9,4.6,0.5,14,10,0,29.33,,,,,,,,,,
JOHN,2016-04-05 00:20:00 EDT,42.98428,-74.30177,745,11.6,18.4,11.6,88.5,8.9,0.000,0.000,0.00,0.000,1.9,3.4,0.9,15,7,2.3,4.7,1.0,13,10,1.9,3.4,0.9,15,7,0,29.33,,,,,,,,,,
JOHN,2016-04-05 00:25:00 EDT,42.98428,-74.30177,745,11.3,17.6,11.3,88.9,8.7,0.000,0.000,0.00,0.000,0.6,1.5,0.5,142,30,1.2,1.8,0.4,124,39,0.6,1.5,0.5,142,30,0,29.33,,,,,,,,,,
JOHN,2016-04-05 00:30:00 EDT,42.98428,-74.30177,745,8.6,16.6,8.6,84.4,4.9,0.000,0.000,0.00,0.000,1.7,2.7,0.4,135,4,1.9,3.1,0.4,132,5,1.7,2.7,0.4,135,4,0,29.33,,,,,,,,,,
JOHN,2016-04-05 00:35:00 EDT,42.98428,-74.30177,745,9.6,16.9,9.6,88.8,7.0,0.000,0.000,0.00,,0.8,1.4,0.4,95,21,1.3,1.8,0.3,79,27,0.8,1.4,0.4,95,21,0,29.33,,,,,,,,,,
JOHN,2016-04-05 00:40:00 EDT,42.98428,-74.30177,745,8.7,16.4,8.7,87.3,5.7,0.000,0.000,0.00,0.000,0.1,0.5,0.2,72,0,0.8,1.3,0.2,27,12,0.1,0.5,0.2,72,0,0,29.34,,,,,,,,,,
JOHN,2016-04-05 00:45:00 EDT,42.98428,-74.30177,745,7.7,16.1,7.7,87.2,4.7,0.000,0.000,0.00,0.000,0.0,0.0,0.0,0,0,0.8,1.1,0.1,341,10,0.0,0.0,0.0,0,0,0,29.34,,,,,,,,,,
JOHN,2016-04-05 00:50:00 EDT,42.98428,-74.30177,745,6.9,16.2,6.9,85.9,3.6,0.000,0.000,0.00,,0.3,1.2,0.4,296,0,0.8,1.6,0.3,306,12,0.3,1.2,0.4,296,0,0,29.34,,,,,,,,,,
JOHN,2016-04-05 00:55:00 EDT,42.98428,-74.30177,745,6.3,15.5,6.3,85.3,2.9,0.000,0.000,0.00,0.000,1.2,3.0,0.8,305,8,1.5,3.4,0.7,301,14,1.2,3.0,0.8,305,8,0,29.34,,,,,,,,,,
JOHN,2016-04-05 01:00:00 EDT,42.98428,-74.30177,745,6.0,15.4,6.0,86.5,2.9,0.000,0.000,0.00,0.000,0.9,2.9,0.8,304,2,1.2,3.1,0.7,308,7,0.9,2.9,0.8,304,2,0,29.34,,,,,,,,,,
JOHN,2016-04-05 01:05:00 EDT,42.98428,-74.30177,745,8.5,15.9,8.5,89.8,6.2,0.000,0.000,0.00,0.000,0.0,0.1,0.0,303,0,0.4,0.9,0.3,292,43,0.0,0.1,0.0,303,0,0,29.34,,,,,,,,,,
JOHN,2016-04-05 01:10:00 EDT,42.98428,-74.30177,745,7.9,16.0,7.9,89.2,5.4,0.000,0.000,0.00,0.000,0.3,1.2,0.4,303,0,0.8,1.6,0.3,281,33,0.3,1.2,0.4,303,0,0,29.34,,,,,,,,,,
JOHN,2016-04-05 01:15:00 EDT,42.98428,-74.30177,745,8.7,16.5,8.7,88.8,6.1,0.000,0.000,0.00,0.000,0.6,1.7,0.7,190,16,1.2,2.2,0.6,192,21,0.6,1.7,0.7,190,16,0,29.34,,,,,,,,,,
JOHN,2016-04-05 01:20:00 EDT,42.98428,-74.30177,745,8.6,16.1,8.6,89.6,6.2,0.000,0.000,0.00,0.000,2.2,3.2,0.6,143,26,2.6,4.0,0.7,141,25,2.2,3.2,0.6,143,26,0,29.34,,,,,,,,,,
JOHN,2016-04-05 01:25:00 EDT,42.98428,-74.30177,745,6.5,15.3,6.5,87.6,3.6,0.000,0.000,0.00,0.000,1.8,2.9,0.9,149,10,2.1,3.6,0.7,144,24,1.8,2.9,0.9,149,10,0,29.34,,,,,,,,,,
JOHN,2016-04-05 01:30:00 EDT,42.98428,-74.30177,745,8.0,15.0,8.0,89.1,5.5,0.000,0.000,0.00,0.000,0.4,1.2,0.5,167,1,0.9,1.8,0.4,176,24,0.4,1.2,0.5,167,1,0,29.34,,,,,,,,,,
JOHN,2016-04-05 01:35:00 EDT,42.98428,-74.30177,745,,,,,,,,,,,,,,,,,,,,,,,,,,,,,,,,,,,,
JOHN,2016-04-05 01:40:00 EDT,42.98428,-74.30177,745,5.6,15.5,5.6,85.0,2.1,,0.000,0.00,0.000,0.0,0.5,0.1,168,0,0.6,2.2,0.3,135,45,0.0,0.5,0.1,168,0,0,29.35,,,,,,,,,,
JOHN,2016-04-05 01:45:00 EDT,42.98428,-74.30177,745,5.9,15.6,5.9,86.2,2.6,0.000,0.000,0.00,0.000,0.0,0.0,0.0,0,0,0.6,1.3,0.2,100,32,0.0,0.0,0.0,0,0,0,29.35,,,,,,,,,,
JOHN,2016-04-05 01:50:00 EDT,42.98428,-74.30177,745,4.4,14.7,4.4,84.9,0.8,0.000,0.000,0.00,0.000,0.5,1.3,0.4,167,0,1.2,2.2,0.4,15,19,0.5,1.3,0.4,167,0,0,29.35,,,,,,,,,,
JOHN,2016-04-05 01:55:00 EDT,42.98428,-74.30177,745,,,,,,,,,,,,,,,,,,,,,,,,,,,,,,,,,,,,
JOHN,2016-04-05 02:00:00 EDT,42.98428,-74.30177,745,3.5,14.4,3.5,86.0,0.2,,0.000,0.00,0.000,1.0,1.7,0.2,358,16,1.5,2.2,0.3,340,13,1.0,1.7,0.2,358,16,0,29.35,,,,,,,,,,
JOHN,2016-04-05 02:05:00 EDT,42.98428,-74.30177,745,2.9,15.0,2.9,85.4,-0.5,0.000,0.000,0.00,0.000,0.9,2.0,0.6,334,17,1.4,2.0,0.3,313,3,0.9,2.0,0.6,334,17,0,29.35,,,,,,,,,,
JOHN,2016-04-05 02:10:00 EDT,42.98428,-74.30177,745,1.6,14.0,1.6,83.4,-2.2,0.000,0.000,0.00,0.000,2.1,2.3,0.1,320,4,2.1,2.5,0.2,318,4,2.1,2.3,0.1,320,4,0,29.35,,,,,,,,,,
JOHN,2016-04-05 02:15:00 EDT,42.98428,-74.30177,745,1.5,13.7,1.5,83.7,-2.3,0.000,0.000,0.00,0.000,1.8,2.0,0.2,321,2,1.7,2.0,0.2,319,3,1.8,2.0,0.2,321,2,0,29.35,,,,,,,,,,
JOHN,2016-04-05 02:20:00 EDT,42.98428,-74.30177,745,1.8,13.9,1.8,84.4,-1.8,0.000,0.000,0.00,0.000,1.9,2.3,0.2,311,4,1.9,2.5,0.3,311,3,1.9,2.3,0.2,311,4,0,29.35,,,,,,,,,,
JOHN,2016-04-05 02:25:00 EDT,42.98428,-74.30177,745,1.7,14.2,1.7,84.3,-1.9,0.000,0.000,0.00,0.000,2.1,2.6,0.2,309,0,2.2,2.7,0.2,311,3,2.1,2.6,0.2,309,0,0,29.35,,,,,,,,,,
JOHN,2016-04-05 02:30:00 EDT,42.98428,-74.30177,745,0.7,13.6,0.7,83.2,-3.2,0.000,0.000,0.00,0.000,2.2,2.6,0.3,305,5,2.3,2.7,0.3,307,5,2.2,2.6,0.3,305,5,0,29.35,,,,,,,,,,
JOHN,2016-04-05 02:35:00 EDT,42.98428,-74.30177,745,2.2,14.4,2.2,84.6,-1.4,0.000,0.000,0.00,,1.7,2.3,0.3,296,8,1.8,2.7,0.2,296,11,1.7,2.3,0.3,296,8,0,29.35,,,,,,,,,,
JOHN,2016-04-05 02:40:00 EDT,42.98428,-74.30177,745,1.6,14.9,1.6,84.3,-2.0,0.000,0.000,0.00,0.000,1.9,2.1,0.1,288,3,2.1,2.5,0.2,290,7,1.9,2.1,0.1,288,3,0,29.35,,,,,,,,,,
JOHN,2016-04-05 02:45:00 EDT,42.98428,-74.30177,745,0.6,15.4,0.6,83.1,-3.3,0.000,0.000,0.00,0.000,2.0,2.4,0.2,289,6,2.2,2.7,0.2,292,9,2.0,2.4,0.2,289,6,0,29.35,,,,,,,,,,
JOHN,2016-04-05 02:50:00 EDT,42.98428,-74.30177,745,,,,,,,,,,,,,,,,,,,,,,,,,,,,,,,,,,,,
JOHN,2016-04-05 02:55:00 EDT,42.98428,-74.30177,745,0.7,15.1,0.7,84.2,-3.0,,0.000,0.00,,2.4,3.1,0.3,300,9,2.5,3.1,0.3,302,10,2.4,3.1,0.3,300,9,0,29.36,,,,,,,,,,
JOHN,2016-04-05 03:00:00 EDT,42.98428,-74.30177,745,-0.2,14.6,-0.2,83.3,-4.0,0.000,0.000,0.00,0.000,2.9,3.4,0.3,308,5,3.1,3.6,0.3,310,4,2.9,3.4,0.3,308,5,0,29.36,,,,,,,,,,
JOHN,2016-04-05 03:05:00 EDT,42.98428,-74.30177,745,-0.7,14.3,-7.9,82.9,-4.6,0.000,0.000,0.00,0.000,3.1,3.5,0.2,307,4,3.2,3.6,0.2,309,4,3.1,3.5,0.2,307,4,0,29.36,,,,,,,,,,
JOHN,2016-04-05 03:10:00 EDT,42.98428,-74.30177,745,-0.5,14.2,-7.8,82.9,-4.4,0.000,0.000,0.00,0.000,3.2,3.5,0.2,304,6,3.3,3.8,0.2,307,5,3.2,3.5,0.2,304,6,0,29.36,,,,,,,,,,
JOHN,2016-04-05 03:15:00 EDT,42.98428,-74.30177,745,-0.8,15.4,-0.8,83.3,-4.6,0.000,0.000,0.00,0.000,3.0,3.3,0.2,302,2,3.1,3.4,0.2,306,3,3.0,3.3,0.2,302,2,0,29.36,,,,,,,,,,
JOHN,2016-04-05 03:20:00 EDT,42.98428,-74.30177,745,-0.7,14.8,-0.7,82.5,-4.7,0.000,0.000,0.00,0.000,2.4,2.9,0.4,307,11,2.5,3.1,0.4,313,11,2.4,2.9,0.4,307,11,0,29.36,,,,,,,,,,
JOHN,2016-04-05 03:25:00 EDT,42.98428,-74.30177,745,0.8,14.6,0.8,85.6,-2.5,0.000,0.000,0.00,0.000,2.2,3.0,0.3,314,8,2.2,3.1,0.4,314,6,2.2,3.0,0.3,314,8,0,29.36,,,,,,,,,,
JOHN,2016-04-05 03:30:00 EDT,42.98428,-74.30177,745,0.2,15.1,0.2,83.5,-3.6,0.000,0.000,0.00,0.000,2.5,3.4,0.5,308,8,2.6,4.0,0.6,309,7,2.5,3.4,0.5,308,8,0,29.37,,,,,,,,,,
JOHN,2016-04-05 03:35:00 EDT,42.98428,-74.30177,745,0.1,15.3,0.1,83.1,-3.8,0.000,0.000,0.00,0.000,2.4,3.0,0.3,297,8,2.5,3.4,0.4,301,10,2.4,3.0,0.3,297,8,0,29.37,,,,,,,,,,
JOHN,2016-04-05 03:40:00 EDT,42.98428,-74.30177,745,2.2,14.7,2.2,85.0,-1.3,0.000,0.000,0.00,0.000,1.9,2.7,0.5,305,5,2.0,2.9,0.4,307,10,1.9,2.7,0.5,305,5,0,29.37,,,,,,,,,,
JOHN,2016-04-05 03:45:00 EDT,42.98428,-74.30177,745,1.8,14.6,1.8,84.8,-1.8,0.000,0.000,0.00,0.000,1.8,3.4,0.6,297,4,2.0,3.6,0.6,297,8,1.8,3.4,0.6,297,4,0,29.37,,,,,,,,,,
JOHN,2016-04-05 03:50:00 EDT,42.98428,-74.30177,745,0.1,14.4,0.1,82.2,-4.0,0.000,0.000,0.00,,2.5,3.4,0.4,298,8,2.6,3.8,0.4,301,9,2.5,3.4,0.4,298,8,0,29.38,,,,,,,,,,
JOHN,2016-04-05 03:55:00 EDT,42.98428,-74.30177,745,2.3,14.2,2.3,84.9,-1.2,0.000,0.000,0.00,0.000,2.7,3.2,0.3,301,11,2.8,3.6,0.2,303,11,2.7,3.2,0.3,301,11,0,29.38,,,,,,,,,,
JOHN,2016-04-05 04:00:00 EDT,42.98428,-74.30177,745,0.8,13.9,0.8,83.4,-3.1,0.000,0.000,0.00,0.000,2.2,3.0,0.5,318,7,2.2,3.1,0.5,317,8,2.2,3.0,0.5,318,7,0,29.38,,,,,,,,,,
JOHN,2016-04-05 04:05:00 EDT,42.98428,-74.30177,745,1.8,15.1,1.8,84.3,-1.8,0.000,0.000,0.00,0.000,2.0,2.6,0.2,291,13,2.1,2.7,0.3,292,16,2.0,2.6,0.2,291,13,0,29.38,,,,,,,,,,
JOHN,2016-04-05 04:10:00 EDT,42.98428,-74.30177,745,2.5,13.4,2.5,84.7,-1.1,0.000,0.000,0.00,0.000,0.4,1.2,0.4,307,3,0.9,1.8,0.3,321,27,0.4,1.2,0.4,307,3,0,29.38,,,,,,,,,,
JOHN,2016-04-05 04:15:00 EDT,42.98428,-74.30177,745,1.0,13.5,1.0,83.7,-2.8,0.000,0.000,0.00,0.000,1.5,2.3,0.6,326,8,1.7,2.7,0.5,330,8,1.5,2.3,0.6,326,8,0,29.38,,,,,,,,,,
JOHN,2016-04-05 04:20:00 EDT,42.98428,-74.30177,745,-0.3,12.7,-0.3,82.7,-4.3,0.000,0.000,0.00,0.000,1.8,2.6,0.6,348,8,2.5,3.6,0.8,356,11,1.8,2.6,0.6,348,8,0,29.39,,,,,,,,,,
JOHN,2016-04-05 04:25:00 EDT,42.98428,-74.30177,745,1.1,14.2,1.1,84.6,-2.4,0.000,0.000,0.00,0.000,2.1,2.7,0.2,313,16,2.2,2.9,0.3,313,14,2.1,2.7,0.2,313,16,0,29.39,,,,,,,,,,
JOHN,2016-04-05 04:30:00 EDT,42.98428,-74.30177,745,-0.6,12.5,-8.6,81.9,-4.8,0.000,0.000,0.00,0.000,3.5,3.8,0.2,315,9,3.6,4.5,0.4,315,8,3.5,3.8,0.2,315,9,0,29.39,,,,,,,,,,
JOHN,2016-04-05 04:35:00 EDT,42.98428,-74.30177,745,-1.4,13.8,-9.4,82.3,-5.5,0.000,0.000,0.00,0.000,3.4,4.6,0.5,304,6,3.6,5.1,0.6,306,6,3.4,4.6,0.5,304,6,0,29.39,,,,,,,,,,
JOHN,2016-04-05 04:40:00 EDT,42.98428,-74.30177,745,-1.5,11.5,-1.5,81.8,-5.7,0.000,0.000,0.00,0.000,2.9,3.7,0.4,321,16,3.1,4.5,0.5,321,16,2.9,3.7,0.4,321,16,0,29.39,,,,,,,,,,
JOHN,2016-04-05 04:45:00 EDT,42.98428,-74.30177,745,-1.8,12.0,-9.6,82.7,-5.7,0.000,0.000,0.00,0.000,3.3,4.4,0.6,315,10,3.4,4.7,0.7,314,10,3.3,4.4,0.6,315,10,0,29.39,,,,,,,,,,
JOHN,2016-04-05 04:50:00 EDT,42.98428,-74.30177,745,-2.0,11.7,-10.8,82.4,-6.1,0.000,0.000,0.00,0.000,3.7,4.5,0.4,314,10,3.9,4.7,0.4,314,9,3.7,4.5,0.4,314,10,0,29.40,,,,,,,,,,
JOHN,2016-04-05 04:55:00 EDT,42.98428,-74.30177,745,-0.5,10.9,-0.5,83.1,-4.4,0.000,0.000,0.00,0.000,2.6,3.7,0.4,321,14,2.8,3.8,0.4,322,14,2.6,3.7,0.4,321,14,0,29.40,,,,,,,,,,
JOHN,2016-04-05 05:00:00 EDT,42.98428,-74.30177,745,-0.0,10.8,-0.0,83.9,-3.7,0.000,0.000,0.00,0.000,2.1,2.9,0.3,323,9,2.1,2.9,0.3,322,9,2.1,2.9,0.3,323,9,0,29.40,,,,,,,,,,
JOHN,2016-04-05 05:05:00 EDT,42.98428,-74.30177,745,-0.6,11.6,-7.6,83.3,-4.5,0.000,0.000,0.00,0.000,3.0,3.8,0.3,309,11,3.1,4.5,0.4,310,9,3.0,3.8,0.3,309,11,0,29.41,,,,,,,,,,
JOHN,2016-04-05 05:10:00 EDT,42.98428,-74.30177,745,-0.8,11.4,-0.8,82.7,-4.8,0.000,0.000,0.00,0.000,2.9,4.1,0.4,304,10,3.0,3.8,0.5,307,8,2.9,4.1,0.4,304,10,0,29.41,,,,,,,,,,
JOHN,2016-04-05 05:15:00 EDT,42.98428,-74.30177,745,-0.7,10.4,-0.7,82.8,-4.7,0.000,0.000,0.00,0.000,2.7,3.8,0.6,328,19,3.0,4.3,0.6,329,20,2.7,3.8,0.6,328,19,0,29.41,,,,,,,,,,
JOHN,2016-04-05 05:20:00 EDT,42.98428,-74.30177,745,-0.7,11.0,-8.8,82.5,-4.8,0.000,0.000,0.00,0.000,3.5,4.5,0.5,310,12,3.7,4.9,0.6,312,10,3.5,4.5,0.5,310,12,0,29.41,,,,,,,,,,
JOHN,2016-04-05 05:25:00 EDT,42.98428,-74.30177,745,-1.9,11.4,-9.9,81.4,-6.2,0.000,0.000,0.00,0.000,3.4,4.7,0.7,312,15,3.6,4.9,0.7,313,13,3.4,4.7,0.7,312,15,0,29.42,,,,,,,,,,
JOHN,2016-04-05 05:30:00 EDT,42.98428,-74.30177,745,-0.4,11.6,-0.4,83.4,-4.2,0.000,0.000,0.00,0.000,3.0,4.2,0.5,310,14,3.0,4.7,0.6,312,11,3.0,4.2,0.5,310,14,0,29.42,,,,,,,,,,
JOHN,2016-04-05 05:35:00 EDT,42.98428,-74.30177,745,-3.2,11.2,-11.3,81.4,-7.4,0.000,0.000,0.00,0.000,3.4,4.2,0.4,312,6,3.4,4.5,0.6,312,5,3.4,4.2,0.4,312,6,0,29.42,,,,,,,,,,
JOHN,2016-04-05 05:40:00 EDT,42.98428,-74.30177,745,-1.9,9.4,-1.9,81.8,-6.1,0.000,0.000,0.00,0.000,1.8,3.7,0.9,332,28,2.1,3.8,0.8,338,31,1.8,3.7,0.9,332,28,0,29.42,,,,,,,,,,
JOHN,2016-04-05 05:45:00 EDT,42.98428,-74.30177,745,0.4,9.0,0.4,85.6,-2.9,0.000,0.000,0.00,0.000,1.7,3.1,0.6,32,37,1.9,3.1,0.6,30,33,1.7,3.1,0.6,32,37,0,29.43,,,,,,,,,,
JOHN,2016-04-05 05:50:00 EDT,42.98428,-74.30177,745,-1.5,9.0,-1.5,83.5,-5.3,0.000,0.000,0.00,0.000,1.5,2.4,0.5,60,6,2.0,2.9,0.5,57,8,1.5,2.4,0.5,60,6,0,29.43,,,,,,,,,,
JOHN,2016-04-05 05:55:00 EDT,42.98428,-74.30177,745,,,,,,,,,,,,,,,,,,,,,,,,,,,,,,,,,,,,
JOHN,2016-04-05 06:00:00 EDT,42.98428,-74.30177,745,0.6,10.3,0.6,84.4,-3.0,,0.000,0.00,0.000,0.7,2.0,0.7,71,10,1.3,2.7,0.7,68,28,0.7,2.0,0.7,71,10,0,29.43,,,,,,,,,,
JOHN,2016-04-05 06:05:00 EDT,42.98428,-74.30177,745,0.1,11.9,0.1,83.4,-3.7,0.000,0.000,0.00,0.000,1.1,1.8,0.3,293,17,1.3,2.2,0.3,292,18,1.1,1.8,0.3,293,17,0,29.44,,,,,,,,,,
JOHN,2016-04-05 06:10:00 EDT,42.98428,-74.30177,745,1.3,11.9,1.3,84.0,-2.4,0.000,0.000,0.00,0.000,1.9,3.0,0.4,284,21,2.2,3.6,0.4,288,21,1.9,3.0,0.4,284,21,0,29.44,,,,,,,,,,
JOHN,2016-04-05 06:15:00 EDT,42.98428,-74.30177,745,-0.6,8.3,-0.6,82.0,-4.8,0.000,0.000,0.00,0.000,1.6,2.4,0.3,323,29,1.9,2.9,0.5,326,30,1.6,2.4,0.3,323,29,0,29.44,,,,,,,,,,
JOHN,2016-04-05 06:20:00 EDT,42.98428,-74.30177,745,-1.7,8.6,-1.7,82.1,-5.8,0.000,0.000,0.00,0.000,2.1,3.1,0.3,294,20,2.3,3.1,0.4,294,21,2.1,3.1,0.3,294,20,1,29.45,,,,,,,,,,
JOHN,2016-04-05 06:25:00 EDT,42.98428,-74.30177,745,-1.1,9.0,-1.1,82.2,-5.2,0.000,0.000,0.00,0.000,2.1,2.6,0.3,319,16,2.3,3.1,0.4,324,19,2.1,2.6,0.3,319,16,2,29.45,,,,,,,,,,
JOHN,2016-04-05 06:30:00 EDT,42.98428,-74.30177,745,-0.3,9.2,-0.3,83.2,-4.2,0.000,0.000,0.00,0.000,2.3,3.3,0.4,332,21,2.5,3.8,0.7,330,22,2.3,3.3,0.4,332,21,3,29.45,,,,,,,,,,
JOHN,2016-04-05 06:35:00 EDT,42.98428,-74.30177,745,0.7,10.8,-7.4,83.9,-3.0,0.000,0.000,0.00,0.000,3.7,4.9,0.8,310,12,3.4,4.7,0.8,315,12,3.7,4.9,0.8,310,12,5,29.45,,,,,,,,,,
JOHN,2016-04-05 06:40:00 EDT,42.98428,-74.30177,745,-0.5,11.6,-8.3,82.4,-4.6,0.000,0.000,0.00,0.000,3.4,4.7,0.6,305,8,3.7,4.3,0.4,307,6,3.4,4.7,0.6,305,8,7,29.46,,,,,,,,,,
JOHN,2016-04-05 06:45:00 EDT,42.98428,-74.30177,745,1.0,11.5,-6.6,83.3,-2.9,0.000,0.000,0.00,0.000,3.4,4.8,0.7,301,9,3.6,4.3,0.3,302,8,3.4,4.8,0.7,301,9,12,29.46,,,,,,,,,,
JOHN,2016-04-05 06:50:00 EDT,42.98428,-74.30177,745,0.9,10.0,0.9,83.1,-3.1,0.000,0.000,0.00,0.000,2.3,3.9,0.7,317,14,,,,,,2.3,3.9,0.7,317,14,17,29.46,,,,,,,,,,
JOHN,2016-04-05 06:55:00 EDT,42.98428,-74.30177,745,1.0,11.1,1.0,83.4,-2.8,0.000,0.000,0.00,,1.7,2.8,0.6,312,11,,,,,,1.7,2.8,0.6,312,11,21,29.46,,,,,,,,,,
JOHN,2016-04-05 07:00:00 EDT,42.98428,-74.30177,745,0.8,9.0,0.8,82.1,-3.4,0.000,0.000,0.00,0.000,1.4,2.7,0.6,316,20,,,,,,1.4,2.7,0.6,316,20,28,29.46,,,,,,,,,,
JOHN,2016-04-05 07:05:00 EDT,42.98428,-74.30177,745,0.5,11.0,0.5,82.2,-3.6,0.000,0.000,0.00,0.000,2.7,3.3,0.3,305,5,,,,,,2.7,3.3,0.3,305,5,36,29.47,,,,,,,,,,
JOHN,2016-04-05 07:10:00 EDT,42.98428,-74.30177,745,1.3,12.2,1.3,82.3,-2.9,0.000,0.000,0.00,0.000,2.4,3.6,0.5,299,6,,,,,,2.4,3.6,0.5,299,6,46,29.47,,,,,,,,,,
JOHN,2016-04-05 07:15:00 EDT,42.98428,-74.30177,745,2.6,13.0,2.6,84.1,-1.1,0.000,0.000,0.00,0.000,2.0,3.0,0.6,291,6,,,,,,2.0,3.0,0.6,291,6,58,29.47,,,,,,,,,,
JOHN,2016-04-05 07:20:00 EDT,42.98428,-74.30177,745,2.9,11.5,2.9,83.7,-0.9,0.000,0.000,0.00,0.000,1.3,2.7,0.8,301,10,,,,,,1.3,2.7,0.8,301,10,73,29.47,,,,,,,,,,
JOHN,2016-04-05 07:25:00 EDT,42.98428,-74.30177,745,3.5,10.4,3.5,83.2,-0.4,0.000,0.000,0.00,0.000,0.9,2.6,0.7,282,12,,,,,,0.9,2.6,0.7,282,12,89,29.48,,,,,,,,,,
JOHN,2016-04-05 07:30:00 EDT,42.98428,-74.30177,745,4.3,10.5,4.3,83.7,0.4,0.000,0.000,0.00,0.000,1.9,4.8,0.6,267,13,,,,,,1.9,4.8,0.6,267,13,106,29.48,,,,,,,,,,
JOHN,2016-04-05 07:35:00 EDT,42.98428,-74.30177,745,6.4,12.6,0.0,83.6,2.5,0.000,0.000,0.00,0.000,3.2,5.2,0.8,280,8,,,,,,3.2,5.2,0.8,280,8,126,29.48,,,,,,,,,,
JOHN,2016-04-05 07:40:00 EDT,42.98428,-74.30177,745,10.1,13.6,4.0,84.2,6.3,0.000,0.000,0.00,0.000,3.3,5.4,0.9,285,12,,,,,,3.3,5.4,0.9,285,12,147,29.48,,,,,,,,,,
JOHN,2016-04-05 07:45:00 EDT,42.98428,-74.30177,745,12.7,14.2,6.7,83.7,8.7,0.000,0.000,0.00,0.000,3.4,5.5,0.8,280,12,3.1,3.1,0.0,270,0,3.4,5.5,0.8,280,12,170,29.49,,,,,,,,,,
JOHN,2016-04-05 07:50:00 EDT,42.98428,-74.30177,745,13.2,14.5,6.7,81.5,8.6,0.000,0.000,0.00,0.000,3.8,5.4,0.8,266,12,4.5,4.9,0.4,269,1,3.8,5.4,0.8,266,12,193,29.49,,,,,,,,,,
JOHN,2016-04-05 07:55:00 EDT,42.98428,-74.30177,745,13.1,14.3,7.6,78.1,7.6,0.000,0.000,0.00,0.000,3.2,4.7,0.6,248,13,2.6,2.7,0.1,246,2,3.2,4.7,0.6,248,13,212,29.49,,,,,,,,,,
JOHN,2016-04-05 08:00:00 EDT,42.98428,-74.30177,745,12.3,13.4,5.4,73.7,5.5,0.000,0.000,0.00,0.000,4.0,4.8,0.6,229,10,,,,,,4.0,4.8,0.6,229,10,229,29.49,,,,,,,,,,
JOHN,2016-04-05 08:05:00 EDT,42.98428,-74.30177,745,12.0,12.8,12.0,73.4,5.2,0.000,0.000,0.00,0.000,2.8,3.8,0.5,206,10,,,,,,2.8,3.8,0.5,206,10,245,29.50,,,,,,,,,,
JOHN,2016-04-05 08:10:00 EDT,42.98428,-74.30177,745,12.6,13.2,12.6,73.6,5.8,0.000,0.000,0.00,0.000,3.0,3.9,0.6,214,14,,,,,,3.0,3.9,0.6,214,14,260,29.50,,,,,,,,,,
JOHN,2016-04-05 08:15:00 EDT,42.98428,-74.30177,745,12.3,13.2,6.0,69.1,4.1,0.000,0.000,0.00,0.000,3.5,4.3,0.3,222,7,,,,,,3.5,4.3,0.3,222,7,273,29.50,,,,,,,,,,
JOHN,2016-04-05 08:20:00 EDT,42.98428,-74.30177,745,12.2,12.7,6.3,68.3,3.8,0.000,0.000,0.00,0.000,3.3,4.1,0.5,215,5,,,,,,3.3,4.1,0.5,215,5,288,29.50,,,,,,,,,,
JOHN,2016-04-05 08:25:00 EDT,42.98428,-74.30177,745,,,,,,,,,,,,,,,,,,,,,,,,,,,,,,,,,,,,
JOHN,2016-04-05 08:30:00 EDT,42.98428,-74.30177,745,,,,,,,,,,,,,,,,,,,,,,,,,,,,,,,,,,,,
JOHN,2016-04-05 08:35:00 EDT,42.98428,-74.30177,745,,,,,,,,,,,,,,,,,,,,,,,,,,,,,,,,,,,,
JOHN,2016-04-05 08:40:00 EDT,42.98428,-74.30177,745,,,,,,,,,,,,,,,,,,,,,,,,,,,,,,,,,,,,
JOHN,2016-04-05 08:45:00 EDT,42.98428,-74.30177,745,,,,,,,,,,,,,,,,,,,,,,,,,,,,,,,,,,,,
JOHN,2016-04-05 08:50:00 EDT,42.98428,-74.30177,745,,,,,,,,,,,,,,,,,,,,,,,,,,,,,,,,,,,,
JOHN,2016-04-05 08:55:00 EDT,42.98428,-74.30177,745,,,,,,,,,,,,,,,,,,,,,,,,,,,,,,,,,,,,
JOHN,2016-04-05 09:00:00 EDT,42.98428,-74.30177,745,,,,,,,,,,,,,,,,,,,,,,,,,,,,,,,,,,,,
JOHN,2016-04-05 09:05:00 EDT,42.98428,-74.30177,745,,,,,,,,,,,,,,,,,,,,,,,,,,,,,,,,,,,,
JOHN,2016-04-05 09:10:00 EDT,42.98428,-74.30177,745,,,,,,,,,,,,,,,,,,,,,,,,,,,,,,,,,,,,
JOHN,2016-04-05 09:15:00 EDT,42.98428,-74.30177,745,,,,,,,,,,,,,,,,,,,,,,,,,,,,,,,,,,,,
JOHN,2016-04-05 09:20:00 EDT,42.98428,-74.30177,745,,,,,,,,,,,,,,,,,,,,,,,,,,,,,,,,,,,,
JOHN,2016-04-05 09:25:00 EDT,42.98428,-74.30177,745,,,,,,,,,,,,,,,,,,,,,,,,,,,,,,,,,,,,
JOHN,2016-04-05 09:30:00 EDT,42.98428,-74.30177,745,,,,,,,,,,,,,,,,,,,,,,,,,,,,,,,,,,,,
JOHN,2016-04-05 09:35:00 EDT,42.98428,-74.30177,745,,,,,,,,,,,,,,,,,,,,,,,,,,,,,,,,,,,,
JOHN,2016-04-05 09:40:00 EDT,42.98428,-74.30177,745,,,,,,,,,,,,,,,,,,,,,,,,,,,,,,,,,,,,
JOHN,2016-04-05 09:45:00 EDT,42.98428,-74.30177,745,,,,,,,,,,,,,,,,,,,,,,,,,,,,,,,,,,,,
JOHN,2016-04-05 09:50:00 EDT,42.98428,-74.30177,745,,,,,,,,,,,,,,,,,,,,,,,,,,,,,,,,,,,,
JOHN,2016-04-05 09:55:00 EDT,42.98428,-74.30177,745,21.7,20.4,13.0,53.4,7.3,,0.000,0.00,,7.1,10.6,1.0,210,9,,,,,,7.1,10.6,1.0,210,9,600,29.52,,,,,,,,,,
JOHN,2016-04-05 10:00:00 EDT,42.98428,-74.30177,745,22.5,21.2,14.2,52.9,7.9,0.001,0.001,0.00,,6.7,9.1,1.2,214,6,,,,,,6.7,9.1,1.2,214,6,612,29.52,,,,,,,,,,
JOHN,2016-04-05 10:05:00 EDT,42.98428,-74.30177,745,22.7,21.4,13.9,51.8,7.6,0.000,0.001,0.00,,7.5,9.4,1.2,210,7,,,,,,7.5,9.4,1.2,210,7,625,29.52,,,,,,,,,,
JOHN,2016-04-05 10:10:00 EDT,42.98428,-74.30177,745,23.0,21.8,14.7,48.9,6.6,0.000,0.001,0.00,,6.9,9.4,1.4,210,6,,,,,,6.9,9.4,1.4,210,6,640,29.53,,,,,,,,,,
JOHN,2016-04-05 10:15:00 EDT,42.98428,-74.30177,745,23.8,22.7,16.6,45.8,5.9,0.000,0.001,0.00,,5.8,8.8,1.4,221,15,,,,,,5.8,8.8,1.4,221,15,654,29.53,,,,,,,,,,
JOHN,2016-04-05 10:20:00 EDT,42.98428,-74.30177,745,23.7,23.1,23.7,45.7,5.8,0.000,0.001,0.00,,2.5,6.2,1.7,202,44,,,,,,2.5,6.2,1.7,202,44,664,29.53,,,,,,,,,,
JOHN,2016-04-05 10:25:00 EDT,42.98428,-74.30177,745,24.1,23.6,18.0,40.7,3.6,0.000,0.001,0.00,,4.8,13.6,3.0,180,52,,,,,,4.8,13.6,3.0,180,52,683,29.53,,,,,,,,,,
JOHN,2016-04-05 10:30:00 EDT,42.98428,-74.30177,745,25.3,24.8,18.9,30.1,-1.8,0.000,0.001,0.00,,5.3,10.8,2.5,337,22,,,,,,5.3,10.8,2.5,337,22,694,29.53,,,,,,,,,,
JOHN,2016-04-05 10:35:00 EDT,42.98428,-74.30177,745,25.7,25.0,18.1,30.2,-1.4,0.000,0.001,0.00,,6.7,10.1,1.7,331,34,,,,,,6.7,10.1,1.7,331,34,704,29.53,,,,,,,,,,
JOHN,2016-04-05 10:40:00 EDT,42.98428,-74.30177,745,25.7,25.0,21.3,32.7,0.4,0.000,0.001,0.00,,3.6,7.3,1.7,261,29,,,,,,3.6,7.3,1.7,261,29,714,29.53,,,,,,,,,,
JOHN,2016-04-05 10:45:00 EDT,42.98428,-74.30177,745,25.4,24.7,18.8,36.4,2.4,0.000,0.001,0.00,,5.6,10.3,2.4,234,28,,,,,,5.6,10.3,2.4,234,28,724,29.53,,,,,,,,,,
JOHN,2016-04-05 10:50:00 EDT,42.98428,-74.30177,745,25.6,24.3,18.5,42.0,5.7,0.000,0.001,0.00,,6.2,9.4,1.9,213,14,,,,,,6.2,9.4,1.9,213,14,735,29.53,,,,,,,,,,
JOHN,2016-04-05 10:55:00 EDT,42.98428,-74.30177,745,26.1,24.8,19.1,41.7,5.9,0.000,0.001,0.00,0.001,6.1,9.3,1.5,228,20,,,,,,6.1,9.3,1.5,228,20,747,29.53,,,,,,,,,,
JOHN,2016-04-05 11:00:00 EDT,42.98428,-74.30177,745,25.8,24.4,17.9,42.1,5.9,0.000,0.001,0.00,0.000,7.2,10.7,1.8,248,11,,,,,,7.2,10.7,1.8,248,11,757,29.53,,,,,,,,,,
JOHN,2016-04-05 11:05:00 EDT,42.98428,-74.30177,745,25.8,24.3,18.4,40.9,5.3,0.000,0.001,0.00,0.000,6.5,10.2,1.8,221,11,,,,,,6.5,10.2,1.8,221,11,766,29.53,,,,,,,,,,
JOHN,2016-04-05 11:10:00 EDT,42.98428,-74.30177,745,25.8,24.5,18.6,39.9,4.7,0.000,0.001,0.00,0.000,6.3,10.1,1.6,230,16,,,,,,6.3,10.1,1.6,230,16,775,29.54,,,,,,,,,,
JOHN,2016-04-05 11:15:00 EDT,42.98428,-74.30177,745,26.3,25.3,21.3,39.5,5.0,0.000,0.001,0.00,0.000,4.2,6.6,1.2,220,27,,,,,,4.2,6.6,1.2,220,27,785,29.54,,,,,,,,,,
JOHN,2016-04-05 11:20:00 EDT,42.98428,-74.30177,745,26.7,25.7,21.0,40.2,5.7,0.000,0.001,0.00,0.000,4.8,7.2,1.1,226,24,,,,,,4.8,7.2,1.1,226,24,792,29.53,,,,,,,,,,
JOHN,2016-04-05 11:25:00 EDT,42.98428,-74.30177,745,27.4,26.1,20.9,38.7,5.5,0.000,0.001,0.00,0.000,5.9,10.3,1.9,253,19,,,,,,5.9,10.3,1.9,253,19,799,29.53,,,,,,,,,,
JOHN,2016-04-05 11:30:00 EDT,42.98428,-74.30177,745,27.2,26.0,20.4,35.2,3.3,0.000,0.001,0.00,0.000,6.2,10.2,2.0,249,33,,,,,,6.2,10.2,2.0,249,33,808,29.53,,,,,,,,,,
JOHN,2016-04-05 11:35:00 EDT,42.98428,-74.30177,745,27.5,26.8,21.4,29.8,-0.1,0.000,0.001,0.00,0.000,5.4,12.3,2.6,291,43,,,,,,5.4,12.3,2.6,291,43,817,29.53,,,,,,,,,,
JOHN,2016-04-05 11:40:00 EDT,42.98428,-74.30177,745,27.6,27.0,21.0,26.7,-2.3,0.000,0.001,0.00,0.000,6.0,13.4,3.1,315,24,,,,,,6.0,13.4,3.1,315,24,824,29.53,,,,,,,,,,
JOHN,2016-04-05 11:45:00 EDT,42.98428,-74.30177,745,28.0,26.8,20.6,32.2,2.1,0.000,0.001,0.00,0.000,7.2,12.6,2.2,276,24,,,,,,7.2,12.6,2.2,276,24,829,29.53,,,,,,,,,,
JOHN,2016-04-05 11:50:00 EDT,42.98428,-74.30177,745,28.0,26.8,21.1,35.8,4.3,0.000,0.001,0.00,0.000,6.5,13.8,2.2,250,16,,,,,,6.5,13.8,2.2,250,16,834,29.53,,,,,,,,,,
JOHN,2016-04-05 11:55:00 EDT,42.98428,-74.30177,745,28.1,26.9,18.6,37.0,5.2,0.000,0.001,0.00,0.000,10.6,13.9,1.7,252,10,,,,,,10.6,13.9,1.7,252,10,837,29.52,,,,,,,,,,
JOHN,2016-04-05 12:00:00 EDT,42.98428,-74.30177,745,28.1,26.7,18.6,37.0,5.1,0.000,0.001,0.00,0.000,10.6,13.5,1.6,254,9,,,,,,10.6,13.5,1.6,254,9,842,29.52,,,,,,,,,,
JOHN,2016-04-05 12:05:00 EDT,42.98428,-74.30177,745,27.9,26.6,17.9,38.0,5.6,0.000,0.001,0.00,0.000,11.4,14.7,1.8,246,12,,,,,,11.4,14.7,1.8,246,12,847,29.52,,,,,,,,,,
JOHN,2016-04-05 12:10:00 EDT,42.98428,-74.30177,745,27.8,26.4,17.8,38.4,5.7,0.000,0.001,0.00,0.000,11.3,16.4,2.5,241,10,,,,,,11.3,16.4,2.5,241,10,854,29.52,,,,,,,,,,
JOHN,2016-04-05 12:15:00 EDT,42.98428,-74.30177,745,28.3,26.9,18.6,37.8,5.8,0.000,0.001,0.00,0.000,11.1,14.8,1.8,257,10,,,,,,11.1,14.8,1.8,257,10,857,29.52,,,,,,,,,,
JOHN,2016-04-05 12:20:00 EDT,42.98428,-74.30177,745,28.1,26.7,19.1,37.6,5.5,0.000,0.001,0.00,0.000,9.7,14.0,1.8,250,10,,,,,,9.7,14.0,1.8,250,10,860,29.52,,,,,,,,,,
JOHN,2016-04-05 12:25:00 EDT,42.98428,-74.30177,745,28.3,26.9,19.9,37.3,5.5,0.000,0.001,0.00,0.000,8.7,13.6,2.1,253,14,,,,,,8.7,13.6,2.1,253,14,863,29.52,,,,,,,,,,
JOHN,2016-04-05 12:30:00 EDT,42.98428,-74.30177,745,28.1,26.7,18.3,37.4,5.4,0.000,0.001,0.00,0.000,11.3,14.5,2.0,237,8,,,,,,11.3,14.5,2.0,237,8,865,29.52,,,,,,,,,,
JOHN,2016-04-05 12:35:00 EDT,42.98428,-74.30177,745,28.4,27.1,18.9,37.7,5.9,0.000,0.001,0.00,0.000,10.8,14.8,2.1,245,11,,,,,,10.8,14.8,2.1,245,11,869,29.52,,,,,,,,,,
JOHN,2016-04-05 12:40:00 EDT,42.98428,-74.30177,745,28.8,27.4,20.7,36.6,5.5,0.000,0.001,0.00,0.000,8.4,13.7,2.5,240,19,,,,,,8.4,13.7,2.5,240,19,872,29.52,,,,,,,,,,
JOHN,2016-04-05 12:45:00 EDT,42.98428,-74.30177,745,28.8,27.5,19.6,37.1,5.8,0.000,0.001,0.00,0.000,10.2,14.9,2.5,234,14,,,,,,10.2,14.9,2.5,234,14,874,29.52,,,,,,,,,,
JOHN,2016-04-05 12:50:00 EDT,42.98428,-74.30177,745,28.7,27.4,19.0,37.7,6.1,0.000,0.001,0.00,0.000,11.1,15.6,2.1,231,14,,,,,,11.1,15.6,2.1,231,14,874,29.52,,,,,,,,,,
JOHN,2016-04-05 12:55:00 EDT,42.98428,-74.30177,745,28.7,27.5,18.2,38.1,6.3,0.000,0.001,0.00,0.000,12.9,18.7,2.3,230,12,,,,,,12.9,18.7,2.3,230,12,875,29.51,,,,,,,,,,
JOHN,2016-04-05 13:00:00 EDT,42.98428,-74.30177,745,28.7,27.5,17.7,38.6,6.6,0.000,0.001,0.00,0.000,14.0,18.3,2.7,224,12,,,,,,14.0,18.3,2.7,224,12,873,29.51,,,,,,,,,,
JOHN,2016-04-05 13:05:00 EDT,42.98428,-74.30177,745,28.7,27.5,18.0,38.4,6.5,0.000,0.001,0.00,0.000,13.3,18.9,2.8,227,11,,,,,,13.3,18.9,2.8,227,11,875,29.51,,,,,,,,,,
JOHN,2016-04-05 13:10:00 EDT,42.98428,-74.30177,745,28.8,27.7,19.3,37.2,5.8,0.000,0.001,0.00,0.000,10.7,17.8,2.6,234,13,,,,,,10.7,17.8,2.6,234,13,875,29.51,,,,,,,,,,
JOHN,2016-04-05 13:15:00 EDT,42.98428,-74.30177,745,29.3,28.1,18.8,37.1,6.3,0.000,0.001,0.00,0.000,13.3,18.9,2.7,238,13,,,,,,13.3,18.9,2.7,238,13,875,29.51,,,,,,,,,,
JOHN,2016-04-05 13:20:00 EDT,42.98428,-74.30177,745,29.6,28.3,19.9,35.8,5.7,0.000,0.001,0.00,0.000,11.7,17.9,2.6,234,12,,,,,,11.7,17.9,2.6,234,12,874,29.50,,,,,,,,,,
JOHN,2016-04-05 13:25:00 EDT,42.98428,-74.30177,745,29.5,28.3,18.7,35.6,5.6,0.000,0.001,0.00,0.000,14.2,20.0,2.2,227,11,,,,,,14.2,20.0,2.2,227,11,872,29.50,,,,,,,,,,
JOHN,2016-04-05 13:30:00 EDT,42.98428,-74.30177,745,29.7,28.4,19.2,36.2,6.0,0.000,0.001,0.00,0.000,13.6,18.0,2.6,238,15,,,,,,13.6,18.0,2.6,238,15,870,29.50,,,,,,,,,,
JOHN,2016-04-05 13:35:00 EDT,42.98428,-74.30177,745,29.5,28.3,18.6,35.1,5.2,0.000,0.001,0.00,0.000,14.5,21.7,3.4,233,13,,,,,,14.5,21.7,3.4,233,13,867,29.50,,,,,,,,,,
JOHN,2016-04-05 13:40:00 EDT,42.98428,-74.30177,745,29.8,28.6,19.1,36.1,6.2,0.000,0.001,0.00,0.000,14.2,18.5,2.1,246,8,,,,,,14.2,18.5,2.1,246,8,864,29.50,,,,,,,,,,
JOHN,2016-04-05 13:45:00 EDT,42.98428,-74.30177,745,30.3,28.9,19.2,35.6,6.3,0.000,0.001,0.00,0.000,15.7,23.7,3.2,248,10,,,,,,15.7,23.7,3.2,248,10,861,29.50,,,,,,,,,,
JOHN,2016-04-05 13:50:00 EDT,42.98428,-74.30177,745,30.2,29.0,19.2,35.6,6.2,0.000,0.001,0.00,0.000,15.3,22.0,3.1,247,11,,,,,,15.3,22.0,3.1,247,11,858,29.49,,,,,,,,,,
JOHN,2016-04-05 13:55:00 EDT,42.98428,-74.30177,745,30.2,29.0,18.4,34.2,5.3,0.000,0.001,0.00,0.000,17.5,24.6,3.3,258,10,,,,,,17.5,24.6,3.3,258,10,853,29.49,,,,,,,,,,
JOHN,2016-04-05 14:00:00 EDT,42.98428,-74.30177,745,30.4,29.2,19.6,35.8,6.5,0.000,0.001,0.00,0.000,15.0,22.5,2.8,253,13,,,,,,15.0,22.5,2.8,253,13,849,29.49,,,,,,,,,,
JOHN,2016-04-05 14:05:00 EDT,42.98428,-74.30177,745,30.0,28.9,17.9,34.5,5.2,0.000,0.001,0.00,0.000,17.9,25.9,3.5,253,8,,,,,,17.9,25.9,3.5,253,8,844,29.49,,,,,,,,,,
JOHN,2016-04-05 14:10:00 EDT,42.98428,-74.30177,745,30.1,28.9,18.2,35.4,6.0,0.000,0.001,0.00,0.000,17.7,25.0,3.5,251,10,,,,,,17.7,25.0,3.5,251,10,839,29.49,,,,,,,,,,
JOHN,2016-04-05 14:15:00 EDT,42.98428,-74.30177,745,30.1,28.9,18.1,35.1,5.7,0.000,0.001,0.00,0.000,17.9,25.1,3.4,257,8,,,,,,17.9,25.1,3.4,257,8,832,29.49,,,,,,,,,,
JOHN,2016-04-05 14:20:00 EDT,42.98428,-74.30177,745,30.3,29.1,19.0,35.4,6.1,0.000,0.001,0.00,0.000,16.0,20.9,2.7,246,12,,,,,,16.0,20.9,2.7,246,12,826,29.49,,,,,,,,,,
JOHN,2016-04-05 14:25:00 EDT,42.98428,-74.30177,745,31.0,29.8,21.0,36.9,7.7,0.000,0.001,0.00,0.000,13.2,19.0,2.3,248,14,,,,,,13.2,19.0,2.3,248,14,819,29.49,,,,,,,,,,
JOHN,2016-04-05 14:30:00 EDT,42.98428,-74.30177,745,31.2,30.0,20.8,35.0,6.7,0.000,0.001,0.00,0.000,14.3,19.6,2.6,256,11,,,,,,14.3,19.6,2.6,256,11,814,29.48,,,,,,,,,,
JOHN,2016-04-05 14:35:00 EDT,42.98428,-74.30177,745,31.1,29.8,19.7,35.0,6.6,0.000,0.001,0.00,0.000,17.2,23.5,3.2,258,10,,,,,,17.2,23.5,3.2,258,10,807,29.48,,,,,,,,,,
JOHN,2016-04-05 14:40:00 EDT,42.98428,-74.30177,745,31.1,29.8,20.2,34.8,6.4,0.000,0.001,0.00,0.000,15.5,21.2,3.1,246,11,,,,,,15.5,21.2,3.1,246,11,799,29.48,,,,,,,,,,
JOHN,2016-04-05 14:45:00 EDT,42.98428,-74.30177,745,31.6,30.4,21.0,34.8,6.9,0.000,0.001,0.00,0.000,15.4,20.4,2.6,262,11,,,,,,15.4,20.4,2.6,262,11,791,29.48,,,,,,,,,,
JOHN,2016-04-05 14:50:00 EDT,42.98428,-74.30177,745,31.1,29.9,19.2,32.7,5.1,0.000,0.001,0.00,0.000,18.7,26.8,3.8,257,9,,,,,,18.7,26.8,3.8,257,9,784,29.48,,,,,,,,,,
JOHN,2016-04-05 14:55:00 EDT,42.98428,-74.30177,745,30.8,29.8,18.7,32.8,5.0,0.000,0.001,0.00,0.000,19.2,27.6,3.3,258,11,,,,,,19.2,27.6,3.3,258,11,775,29.48,,,,,,,,,,
JOHN,2016-04-05 15:00:00 EDT,42.98428,-74.30177,745,30.9,30.0,19.3,32.9,5.1,0.000,0.001,0.00,0.000,17.8,23.2,2.8,261,10,,,,,,17.8,23.2,2.8,261,10,767,29.48,,,,,,,,,,
JOHN,2016-04-05 15:05:00 EDT,42.98428,-74.30177,745,31.0,29.9,19.1,32.4,4.8,0.000,0.001,0.00,0.000,18.3,25.4,3.6,256,10,,,,,,18.3,25.4,3.6,256,10,759,29.48,,,,,,,,,,
JOHN,2016-04-05 15:10:00 EDT,42.98428,-74.30177,745,30.8,29.8,18.5,32.4,4.7,0.000,0.001,0.00,0.000,19.6,25.8,2.8,256,9,,,,,,19.6,25.8,2.8,256,9,749,29.48,,,,,,,,,,
JOHN,2016-04-05 15:15:00 EDT,42.98428,-74.30177,745,31.1,30.0,19.1,32.2,4.8,0.000,0.001,0.00,0.000,19.0,26.2,3.6,263,9,,,,,,19.0,26.2,3.6,263,9,738,29.48,,,,,,,,,,
JOHN,2016-04-05 15:20:00 EDT,42.98428,-74.30177,745,31.0,30.0,19.3,32.2,4.7,0.000,0.001,0.00,0.000,17.8,23.7,2.8,256,11,,,,,,17.8,23.7,2.8,256,11,728,29.47,,,,,,,,,,
JOHN,2016-04-05 15:25:00 EDT,42.98428,-74.30177,745,31.5,30.4,20.9,32.6,5.4,0.000,0.001,0.00,0.000,15.0,20.7,2.6,256,10,,,,,,15.0,20.7,2.6,256,10,718,29.47,,,,,,,,,,
JOHN,2016-04-05 15:30:00 EDT,42.98428,-74.30177,745,31.4,30.3,19.9,32.6,5.3,0.000,0.001,0.00,0.000,17.6,23.9,3.4,254,10,,,,,,17.6,23.9,3.4,254,10,708,29.47,,,,,,,,,,
JOHN,2016-04-05 15:35:00 EDT,42.98428,-74.30177,745,31.4,30.4,19.2,32.6,5.4,0.000,0.001,0.00,0.000,20.0,27.1,3.2,255,9,,,,,,20.0,27.1,3.2,255,9,696,29.47,,,,,,,,,,
JOHN,2016-04-05 15:40:00 EDT,42.98428,-74.30177,745,31.3,30.3,19.9,32.2,5.0,0.000,0.001,0.00,0.000,17.4,22.8,2.7,254,9,,,,,,17.4,22.8,2.7,254,9,685,29.47,,,,,,,,,,
JOHN,2016-04-05 15:45:00 EDT,42.98428,-74.30177,745,32.0,30.9,21.3,33.4,6.4,0.000,0.001,0.00,0.000,15.6,22.7,3.0,257,10,,,,,,15.6,22.7,3.0,257,10,673,29.47,,,,,,,,,,
JOHN,2016-04-05 15:50:00 EDT,42.98428,-74.30177,745,31.9,31.0,20.9,31.6,5.1,0.000,0.001,0.00,0.000,16.6,24.2,3.7,261,13,,,,,,16.6,24.2,3.7,261,13,662,29.47,,,,,,,,,,
JOHN,2016-04-05 15:55:00 EDT,42.98428,-74.30177,745,32.0,31.1,20.7,30.5,4.4,0.000,0.001,0.00,0.000,17.7,25.6,3.3,263,10,,,,,,17.7,25.6,3.3,263,10,650,29.47,,,,,,,,,,
JOHN,2016-04-05 16:00:00 EDT,42.98428,-74.30177,745,32.0,31.2,20.8,30.7,4.6,0.000,0.001,0.00,0.000,17.5,23.4,3.3,261,10,,,,,,17.5,23.4,3.3,261,10,636,29.47,,,,,,,,,,
JOHN,2016-04-05 16:05:00 EDT,42.98428,-74.30177,745,32.0,31.1,21.0,30.7,4.6,0.000,0.001,0.00,0.000,16.9,24.3,3.7,260,10,,,,,,16.9,24.3,3.7,260,10,624,29.47,,,,,,,,,,
JOHN,2016-04-05 16:10:00 EDT,42.98428,-74.30177,745,31.8,30.9,20.4,30.8,4.4,0.000,0.001,0.00,0.000,17.6,24.2,4.0,254,10,,,,,,17.6,24.2,4.0,254,10,611,29.47,,,,,,,,,,
JOHN,2016-04-05 16:15:00 EDT,42.98428,-74.30177,745,32.1,31.2,20.6,31.8,5.4,0.000,0.001,0.00,0.000,18.1,27.0,3.5,258,13,,,,,,18.1,27.0,3.5,258,13,597,29.47,,,,,,,,,,
JOHN,2016-04-05 16:20:00 EDT,42.98428,-74.30177,745,31.6,30.9,20.1,30.0,3.7,0.000,0.001,0.00,0.000,17.8,25.6,3.1,263,10,,,,,,17.8,25.6,3.1,263,10,583,29.47,,,,,,,,,,
JOHN,2016-04-05 16:25:00 EDT,42.98428,-74.30177,745,31.8,31.0,20.6,30.2,4.0,0.000,0.001,0.00,0.000,17.2,25.5,3.5,255,10,,,,,,17.2,25.5,3.5,255,10,570,29.47,,,,,,,,,,
JOHN,2016-04-05 16:30:00 EDT,42.98428,-74.30177,745,32.0,31.2,21.0,30.7,4.6,0.000,0.001,0.00,0.000,16.6,23.5,3.1,257,10,,,,,,16.6,23.5,3.1,257,10,555,29.47,,,,,,,,,,
JOHN,2016-04-05 16:35:00 EDT,42.98428,-74.30177,745,32.2,31.4,21.6,30.2,4.3,0.000,0.001,0.00,0.000,15.7,22.7,2.9,263,11,,,,,,15.7,22.7,2.9,263,11,540,29.47,,,,,,,,,,
JOHN,2016-04-05 16:40:00 EDT,42.98428,-74.30177,745,31.8,31.0,20.0,29.2,3.3,0.000,0.001,0.00,0.000,19.2,27.1,3.8,259,10,,,,,,19.2,27.1,3.8,259,10,525,29.47,,,,,,,,,,
JOHN,2016-04-05 16:45:00 EDT,42.98428,-74.30177,745,31.9,31.0,20.4,29.1,3.2,0.000,0.001,0.00,0.000,18.1,25.7,3.8,253,9,,,,,,18.1,25.7,3.8,253,9,510,29.47,,,,,,,,,,
JOHN,2016-04-05 16:50:00 EDT,42.98428,-74.30177,745,32.0,31.3,20.7,29.1,3.3,0.000,0.001,0.00,0.000,17.7,26.3,3.7,255,9,,,,,,17.7,26.3,3.7,255,9,495,29.47,,,,,,,,,,
JOHN,2016-04-05 16:55:00 EDT,42.98428,-74.30177,745,32.1,31.4,20.5,28.1,2.7,0.000,0.001,0.00,0.000,18.5,24.8,3.4,263,12,,,,,,18.5,24.8,3.4,263,12,479,29.47,,,,,,,,,,
JOHN,2016-04-05 17:00:00 EDT,42.98428,-74.30177,745,32.0,31.4,20.3,27.3,2.0,0.000,0.001,0.00,0.000,18.9,25.6,3.7,259,9,,,,,,18.9,25.6,3.7,259,9,463,29.47,,,,,,,,,,
JOHN,2016-04-05 17:05:00 EDT,42.98428,-74.30177,745,32.1,31.5,20.9,27.8,2.4,0.000,0.001,0.00,0.000,17.3,25.4,3.5,261,11,,,,,,17.3,25.4,3.5,261,11,447,29.47,,,,,,,,,,
JOHN,2016-04-05 17:10:00 EDT,42.98428,-74.30177,745,32.2,31.6,20.9,27.4,2.2,0.000,0.001,0.00,0.000,17.8,24.9,3.0,260,10,,,,,,17.8,24.9,3.0,260,10,430,29.47,,,,,,,,,,
JOHN,2016-04-05 17:15:00 EDT,42.98428,-74.30177,745,32.7,32.2,22.6,27.3,2.6,0.000,0.001,0.00,0.000,14.7,21.6,3.4,272,15,,,,,,14.7,21.6,3.4,272,15,413,29.47,,,,,,,,,,
JOHN,2016-04-05 17:20:00 EDT,42.98428,-74.30177,745,33.0,32.6,23.9,26.0,1.8,0.000,0.001,0.00,0.000,12.4,19.1,3.1,275,15,,,,,,12.4,19.1,3.1,275,15,396,29.47,,,,,,,,,,
JOHN,2016-04-05 17:25:00 EDT,42.98428,-74.30177,745,32.9,32.4,23.1,25.8,1.5,0.000,0.001,0.00,0.000,13.9,22.3,3.7,270,14,,,,,,13.9,22.3,3.7,270,14,380,29.47,,,,,,,,,,
JOHN,2016-04-05 17:30:00 EDT,42.98428,-74.30177,745,32.6,32.3,22.1,24.7,0.4,0.000,0.001,0.00,0.000,15.8,25.4,4.4,274,15,,,,,,15.8,25.4,4.4,274,15,363,29.47,,,,,,,,,,
JOHN,2016-04-05 17:35:00 EDT,42.98428,-74.30177,745,32.8,32.4,24.8,25.3,1.1,0.000,0.001,0.00,0.000,9.8,19.3,2.7,286,20,,,,,,9.8,19.3,2.7,286,20,347,29.47,,,,,,,,,,
JOHN,2016-04-05 17:40:00 EDT,42.98428,-74.30177,745,32.5,32.1,23.1,24.3,-0.0,0.000,0.001,0.00,0.000,12.8,21.5,3.5,283,19,,,,,,12.8,21.5,3.5,283,19,329,29.48,,,,,,,,,,
JOHN,2016-04-05 17:45:00 EDT,42.98428,-74.30177,745,32.5,32.1,23.6,24.4,-0.0,0.000,0.001,0.00,0.000,11.6,20.2,3.8,283,19,,,,,,11.6,20.2,3.8,283,19,313,29.48,,,,,,,,,,
JOHN,2016-04-05 17:50:00 EDT,42.98428,-74.30177,745,32.4,32.1,23.1,24.2,-0.3,0.000,0.001,0.00,0.000,12.4,20.5,3.6,272,18,,,,,,12.4,20.5,3.6,272,18,295,29.48,,,,,,,,,,
JOHN,2016-04-05 17:55:00 EDT,42.98428,-74.30177,745,32.4,32.1,22.5,23.9,-0.5,0.000,0.001,0.00,0.000,14.0,22.4,4.4,272,14,,,,,,14.0,22.4,4.4,272,14,278,29.48,,,,,,,,,,
JOHN,2016-04-05 18:00:00 EDT,42.98428,-74.30177,745,32.5,32.2,24.0,24.0,-0.3,0.000,0.001,0.00,0.000,10.6,19.4,3.3,274,14,,,,,,10.6,19.4,3.3,274,14,261,29.48,,,,,,,,,,
JOHN,2016-04-05 18:05:00 EDT,42.98428,-74.30177,745,32.4,32.1,23.0,24.6,0.1,0.000,0.001,0.00,0.000,12.7,20.8,2.8,267,12,,,,,,12.7,20.8,2.8,267,12,245,29.48,,,,,,,,,,
JOHN,2016-04-05 18:10:00 EDT,42.98428,-74.30177,745,32.1,31.9,23.3,24.8,0.0,0.000,0.001,0.00,0.000,11.3,20.5,3.5,277,19,,,,,,11.3,20.5,3.5,277,19,228,29.49,,,,,,,,,,
JOHN,2016-04-05 18:15:00 EDT,42.98428,-74.30177,745,32.1,31.9,22.5,24.5,-0.3,0.000,0.001,0.00,0.000,12.9,19.4,2.7,298,19,,,,,,12.9,19.4,2.7,298,19,211,29.49,,,,,,,,,,
JOHN,2016-04-05 18:20:00 EDT,42.98428,-74.30177,745,31.8,31.7,23.0,24.1,-0.9,0.000,0.001,0.00,0.000,11.0,24.0,4.3,279,18,,,,,,11.0,24.0,4.3,279,18,195,29.49,,,,,,,,,,
JOHN,2016-04-05 18:25:00 EDT,42.98428,-74.30177,745,31.7,31.5,22.2,23.4,-1.6,0.000,0.001,0.00,0.000,12.4,18.6,3.0,274,16,,,,,,12.4,18.6,3.0,274,16,178,29.49,,,,,,,,,,
JOHN,2016-04-05 18:30:00 EDT,42.98428,-74.30177,745,31.3,31.1,22.0,25.9,0.2,0.000,0.001,0.00,0.000,11.7,19.7,2.4,268,12,,,,,,11.7,19.7,2.4,268,12,162,29.49,,,,,,,,,,
JOHN,2016-04-05 18:35:00 EDT,42.98428,-74.30177,745,30.8,30.6,20.4,30.4,3.2,0.000,0.001,0.00,0.000,13.9,21.8,3.3,272,12,,,,,,13.9,21.8,3.3,272,12,146,29.49,,,,,,,,,,
JOHN,2016-04-05 18:40:00 EDT,42.98428,-74.30177,745,30.1,30.0,19.7,33.3,4.6,0.000,0.001,0.00,0.000,13.6,19.3,2.3,265,11,,,,,,13.6,19.3,2.3,265,11,131,29.49,,,,,,,,,,
JOHN,2016-04-05 18:45:00 EDT,42.98428,-74.30177,745,29.7,29.6,19.0,35.1,5.4,0.000,0.001,0.00,0.000,14.1,23.3,3.6,264,10,,,,,,14.1,23.3,3.6,264,10,115,29.49,,,,,,,,,,
JOHN,2016-04-05 18:50:00 EDT,42.98428,-74.30177,745,29.2,29.2,18.8,35.6,5.3,0.000,0.001,0.00,0.000,13.1,20.2,3.0,264,12,,,,,,13.1,20.2,3.0,264,12,97,29.49,,,,,,,,,,
JOHN,2016-04-05 18:55:00 EDT,42.98428,-74.30177,745,29.0,29.0,17.1,36.1,5.4,0.000,0.001,0.00,0.000,16.8,24.3,3.9,264,11,,,,,,16.8,24.3,3.9,264,11,79,29.49,,,,,,,,,,
JOHN,2016-04-05 19:00:00 EDT,42.98428,-74.30177,745,28.8,28.9,18.1,36.5,5.5,0.000,0.001,0.00,0.000,13.5,19.5,2.8,268,11,,,,,,13.5,19.5,2.8,268,11,63,29.49,,,,,,,,,,
JOHN,2016-04-05 19:05:00 EDT,42.98428,-74.30177,745,28.6,28.7,18.4,36.8,5.4,0.000,0.001,0.00,0.000,12.1,18.7,2.4,268,13,,,,,,12.1,18.7,2.4,268,13,48,29.49,,,,,,,,,,
JOHN,2016-04-05 19:10:00 EDT,42.98428,-74.30177,745,28.3,28.4,17.4,37.7,5.7,0.000,0.001,0.00,0.000,13.6,23.4,3.7,268,12,,,,,,13.6,23.4,3.7,268,12,32,29.49,,,,,,,,,,
JOHN,2016-04-05 19:15:00 EDT,42.98428,-74.30177,745,28.1,28.3,17.9,37.4,5.4,0.000,0.001,0.00,0.000,11.9,18.9,2.5,270,13,14.7,18.3,1.8,268,5,11.9,18.9,2.5,270,13,16,29.49,,,,,,,,,,
JOHN,2016-04-05 19:20:00 EDT,42.98428,-74.30177,745,27.7,28.0,16.8,38.5,5.7,0.000,0.001,0.00,0.000,13.3,20.8,2.8,266,12,13.5,20.4,2.5,263,6,13.3,20.8,2.8,266,12,11,29.49,,,,,,,,,,
JOHN,2016-04-05 19:25:00 EDT,42.98428,-74.30177,745,27.4,27.6,16.3,39.3,5.9,0.000,0.001,0.00,0.000,13.6,21.0,2.4,264,11,14.8,19.9,2.5,264,8,13.6,21.0,2.4,264,11,8,29.49,,,,,,,,,,
JOHN,2016-04-05 19:30:00 EDT,42.98428,-74.30177,745,27.3,27.5,16.2,39.1,5.6,0.000,0.001,0.00,0.000,13.4,20.0,3.0,266,13,13.6,19.7,3.6,270,11,13.4,20.0,3.0,266,13,6,29.49,,,,,,,,,,
JOHN,2016-04-05 19:35:00 EDT,42.98428,-74.30177,745,27.1,27.3,16.2,39.2,5.5,0.000,0.001,0.00,0.000,12.9,19.6,2.8,265,12,14.6,19.5,2.8,267,5,12.9,19.6,2.8,265,12,4,29.49,,,,,,,,,,
JOHN,2016-04-05 19:40:00 EDT,42.98428,-74.30177,745,27.0,27.2,16.4,39.6,5.6,0.000,0.001,0.00,0.000,12.1,20.3,3.1,271,12,14.2,24.8,3.7,270,10,12.1,20.3,3.1,271,12,2,29.49,,,,,,,,,,
JOHN,2016-04-05 19:45:00 EDT,42.98428,-74.30177,745,26.9,27.1,17.4,39.2,5.3,0.000,0.001,0.00,0.000,9.9,16.2,2.5,274,13,10.7,15.0,2.4,273,11,9.9,16.2,2.5,274,13,1,29.50,,,,,,,,,,
JOHN,2016-04-05 19:50:00 EDT,42.98428,-74.30177,745,26.4,26.8,16.9,40.6,5.7,0.000,0.001,0.00,0.000,9.8,15.1,2.0,263,10,11.2,16.8,2.2,262,5,9.8,15.1,2.0,263,10,0,29.50,,,,,,,,,,
JOHN,2016-04-05 19:55:00 EDT,42.98428,-74.30177,745,26.2,26.6,16.2,41.9,6.1,0.000,0.001,0.00,0.000,10.7,15.5,1.7,265,11,11.3,17.2,2.0,266,6,10.7,15.5,1.7,265,11,0,29.50,,,,,,,,,,
JOHN,2016-04-05 20:00:00 EDT,42.98428,-74.30177,745,26.3,26.5,15.6,40.8,5.6,0.000,0.001,0.00,0.000,11.9,18.6,2.7,270,13,11.6,15.7,2.0,270,10,11.9,18.6,2.7,270,13,0,29.50,,,,,,,,,,
JOHN,2016-04-05 20:05:00 EDT,42.98428,-74.30177,745,26.2,26.5,15.9,40.0,5.2,0.000,0.001,0.00,0.000,11.3,15.3,1.9,272,12,12.6,17.2,2.3,270,10,11.3,15.3,1.9,272,12,0,29.50,,,,,,,,,,
JOHN,2016-04-05 20:10:00 EDT,42.98428,-74.30177,745,26.1,26.3,15.7,39.9,5.0,0.000,0.001,0.00,0.000,11.3,17.5,3.1,270,12,12.5,18.3,2.9,272,9,11.3,17.5,3.1,270,12,0,29.51,,,,,,,,,,
JOHN,2016-04-05 20:15:00 EDT,42.98428,-74.30177,745,26.1,26.3,15.2,40.0,5.0,0.000,0.001,0.00,0.000,12.1,17.9,2.5,272,13,12.3,19.9,3.5,274,10,12.1,17.9,2.5,272,13,0,29.51,,,,,,,,,,
JOHN,2016-04-05 20:20:00 EDT,42.98428,-74.30177,745,25.9,26.2,16.2,40.1,4.9,0.000,0.001,0.00,0.000,9.9,15.9,2.2,272,15,11.2,15.0,2.7,269,10,9.9,15.9,2.2,272,15,0,29.51,,,,,,,,,,
JOHN,2016-04-05 20:25:00 EDT,42.98428,-74.30177,745,25.9,26.1,15.4,40.0,4.9,0.000,0.001,0.00,0.000,11.4,18.8,2.7,271,11,12.4,20.1,3.8,270,8,11.4,18.8,2.7,271,11,0,29.51,,,,,,,,,,
JOHN,2016-04-05 20:30:00 EDT,42.98428,-74.30177,745,25.6,25.8,16.0,40.5,4.9,0.000,0.001,0.00,0.000,9.7,13.4,1.7,268,13,9.8,12.8,1.8,266,14,9.7,13.4,1.7,268,13,0,29.52,,,,,,,,,,
JOHN,2016-04-05 20:35:00 EDT,42.98428,-74.30177,745,25.1,25.5,15.5,42.7,5.6,0.000,0.001,0.00,0.000,9.4,13.9,1.9,263,10,9.4,14.8,1.9,264,7,9.4,13.9,1.9,263,10,0,29.52,,,,,,,,,,
JOHN,2016-04-05 20:40:00 EDT,42.98428,-74.30177,745,24.9,25.4,15.2,43.3,5.7,0.000,0.001,0.00,0.000,9.5,12.6,1.3,267,11,10.3,12.8,1.3,269,7,9.5,12.6,1.3,267,11,0,29.52,,,,,,,,,,
JOHN,2016-04-05 20:45:00 EDT,42.98428,-74.30177,745,24.9,25.2,15.3,42.7,5.4,0.000,0.001,0.00,0.000,9.4,13.1,1.6,267,11,10.5,14.8,2.1,268,11,9.4,13.1,1.6,267,11,0,29.51,,,,,,,,,,
JOHN,2016-04-05 20:50:00 EDT,42.98428,-74.30177,745,24.5,24.9,15.6,43.2,5.3,0.000,0.001,0.00,0.000,8.2,11.0,1.3,266,11,8.6,11.4,1.6,265,9,8.2,11.0,1.3,266,11,0,29.51,,,,,,,,,,
JOHN,2016-04-05 20:55:00 EDT,42.98428,-74.30177,745,24.3,24.7,15.4,43.8,5.4,0.000,0.001,0.00,0.000,8.1,12.4,1.2,265,10,8.5,11.2,1.4,264,8,8.1,12.4,1.2,265,10,0,29.51,,,,,,,,,,
JOHN,2016-04-05 21:00:00 EDT,42.98428,-74.30177,745,24.3,24.7,15.1,43.8,5.4,0.000,0.001,0.00,0.000,8.4,12.9,1.6,266,10,9.8,13.9,2.2,266,7,8.4,12.9,1.6,266,10,0,29.51,,,,,,,,,,
JOHN,2016-04-05 21:05:00 EDT,42.98428,-74.30177,745,24.1,24.5,15.0,44.0,5.3,0.000,0.001,0.00,0.000,8.4,13.4,1.9,267,12,8.9,13.4,2.2,269,9,8.4,13.4,1.9,267,12,0,29.52,,,,,,,,,,
JOHN,2016-04-05 21:10:00 EDT,42.98428,-74.30177,745,24.1,24.5,15.5,43.5,5.1,0.000,0.001,0.00,0.000,7.6,11.3,1.5,269,11,7.9,11.0,1.8,267,11,7.6,11.3,1.5,269,11,0,29.52,,,,,,,,,,
JOHN,2016-04-05 21:15:00 EDT,42.98428,-74.30177,745,23.9,24.3,14.6,44.0,5.1,0.000,0.001,0.00,0.000,8.5,11.8,1.2,264,11,8.9,13.0,1.6,264,7,8.5,11.8,1.2,264,11,0,29.52,,,,,,,,,,
JOHN,2016-04-05 21:20:00 EDT,42.98428,-74.30177,745,23.5,24.1,14.0,45.2,5.4,0.000,0.001,0.00,0.000,8.7,12.0,1.3,260,10,8.9,11.4,1.5,260,6,8.7,12.0,1.3,260,10,0,29.52,,,,,,,,,,
JOHN,2016-04-05 21:25:00 EDT,42.98428,-74.30177,745,23.6,24.1,14.3,44.7,5.2,0.000,0.001,0.00,0.000,8.5,11.2,1.6,263,9,8.9,12.3,1.8,263,6,8.5,11.2,1.6,263,9,0,29.52,,,,,,,,,,
JOHN,2016-04-05 21:30:00 EDT,42.98428,-74.30177,745,23.3,23.8,14.4,44.8,5.0,0.000,0.001,0.00,0.000,7.8,11.3,1.6,263,11,7.7,12.5,2.1,266,6,7.8,11.3,1.6,263,11,0,29.53,,,,,,,,,,
JOHN,2016-04-05 21:35:00 EDT,42.98428,-74.30177,745,23.0,23.6,14.0,45.9,5.3,0.000,0.001,0.00,0.000,8.0,11.3,1.3,261,8,8.3,11.9,1.8,261,5,8.0,11.3,1.3,261,8,0,29.53,,,,,,,,,,
JOHN,2016-04-05 21:40:00 EDT,42.98428,-74.30177,745,23.1,23.6,13.7,46.3,5.5,0.000,0.001,0.00,0.000,8.5,11.2,1.4,257,8,9.0,11.6,2.0,259,7,8.5,11.2,1.4,257,8,0,29.53,,,,,,,,,,
JOHN,2016-04-05 21:45:00 EDT,42.98428,-74.30177,745,23.0,23.7,13.5,46.4,5.5,0.000,0.001,0.00,0.000,8.7,11.9,1.3,258,7,9.2,11.6,1.9,258,5,8.7,11.9,1.3,258,7,0,29.53,,,,,,,,,,
JOHN,2016-04-05 21:50:00 EDT,42.98428,-74.30177,745,22.9,23.6,13.4,46.7,5.6,0.000,0.001,0.00,0.000,8.7,12.2,1.2,260,8,9.4,13.2,1.5,263,5,8.7,12.2,1.2,260,8,0,29.53,,,,,,,,,,
JOHN,2016-04-05 21:55:00 EDT,42.98428,-74.30177,745,23.0,23.5,13.6,46.5,5.5,0.000,0.001,0.00,0.000,8.5,12.0,1.2,263,9,9.4,11.6,1.3,265,5,8.5,12.0,1.2,263,9,0,29.53,,,,,,,,,,
JOHN,2016-04-05 22:00:00 EDT,42.98428,-74.30177,745,22.9,23.4,14.2,46.5,5.4,0.000,0.001,0.00,0.000,7.4,9.8,1.1,267,10,8.0,10.7,1.2,267,8,7.4,9.8,1.1,267,10,0,29.53,,,,,,,,,,
JOHN,2016-04-05 22:05:00 EDT,42.98428,-74.30177,745,22.7,23.3,13.7,47.0,5.5,0.000,0.001,0.00,0.000,7.8,10.7,1.1,261,9,8.3,13.0,1.6,264,10,7.8,10.7,1.1,261,9,0,29.53,,,,,,,,,,
JOHN,2016-04-05 22:10:00 EDT,42.98428,-74.30177,745,22.3,23.2,13.5,48.2,5.7,0.000,0.001,0.00,0.000,7.4,9.0,0.7,254,6,7.8,9.4,0.8,254,5,7.4,9.0,0.7,254,6,0,29.53,,,,,,,,,,
JOHN,2016-04-05 22:15:00 EDT,42.98428,-74.30177,745,21.8,22.9,13.5,49.1,5.6,0.000,0.001,0.00,0.000,6.7,8.5,0.7,250,6,7.2,8.9,0.8,255,6,6.7,8.5,0.7,250,6,0,29.53,,,,,,,,,,
JOHN,2016-04-05 22:20:00 EDT,42.98428,-74.30177,745,21.9,23.0,13.4,49.2,5.8,0.000,0.001,0.00,0.000,6.9,8.9,0.8,258,7,7.4,8.9,0.9,262,6,6.9,8.9,0.8,258,7,0,29.53,,,,,,,,,,
JOHN,2016-04-05 22:25:00 EDT,42.98428,-74.30177,745,22.0,22.9,14.5,48.6,5.5,0.000,0.001,0.00,0.000,5.9,8.0,1.1,266,8,6.4,8.3,1.0,268,7,5.9,8.0,1.1,266,8,0,29.53,,,,,,,,,,
JOHN,2016-04-05 22:30:00 EDT,42.98428,-74.30177,745,22.0,22.6,13.6,48.8,5.6,0.000,0.001,0.00,0.000,6.7,9.4,1.2,268,10,7.3,10.1,1.3,267,5,6.7,9.4,1.2,268,10,0,29.53,,,,,,,,,,
JOHN,2016-04-05 22:35:00 EDT,42.98428,-74.30177,745,21.9,22.4,14.0,49.4,5.8,0.000,0.001,0.00,0.000,6.2,9.7,1.5,274,10,6.8,10.3,1.6,274,8,6.2,9.7,1.5,274,10,0,29.53,,,,,,,,,,
JOHN,2016-04-05 22:40:00 EDT,42.98428,-74.30177,745,22.0,22.4,13.9,49.3,5.9,0.000,0.001,0.00,0.000,6.5,11.4,2.0,272,13,6.5,9.6,2.4,270,10,6.5,11.4,2.0,272,13,0,29.53,,,,,,,,,,
JOHN,2016-04-05 22:45:00 EDT,42.98428,-74.30177,745,22.0,22.4,13.3,49.6,6.0,0.000,0.001,0.00,0.000,7.1,10.9,1.7,273,15,7.9,12.1,2.3,277,11,7.1,10.9,1.7,273,15,0,29.53,,,,,,,,,,
JOHN,2016-04-05 22:50:00 EDT,42.98428,-74.30177,745,21.9,22.4,12.6,49.7,6.0,0.000,0.001,0.00,0.000,8.0,13.2,1.5,269,13,9.1,12.1,1.6,269,8,8.0,13.2,1.5,269,13,0,29.53,,,,,,,,,,
JOHN,2016-04-05 22:55:00 EDT,42.98428,-74.30177,745,22.1,22.5,11.9,49.8,6.2,0.000,0.001,0.00,0.000,9.3,13.0,2.0,269,9,10.1,13.6,1.9,268,6,9.3,13.0,2.0,269,9,0,29.53,,,,,,,,,,
JOHN,2016-04-05 23:00:00 EDT,42.98428,-74.30177,745,22.0,22.4,13.2,49.8,6.1,0.000,0.001,0.00,0.000,7.4,11.8,1.7,273,12,7.1,12.3,2.3,274,10,7.4,11.8,1.7,273,12,0,29.53,,,,,,,,,,
JOHN,2016-04-05 23:05:00 EDT,42.98428,-74.30177,745,21.9,22.2,13.8,50.1,6.1,0.000,0.001,0.00,0.000,6.4,10.1,1.7,268,12,6.8,10.3,1.7,268,14,6.4,10.1,1.7,268,12,0,29.53,,,,,,,,,,
JOHN,2016-04-05 23:10:00 EDT,42.98428,-74.30177,745,21.3,21.9,11.8,52.1,6.4,0.000,0.001,0.00,0.000,7.9,12.0,1.3,255,6,8.5,11.6,1.2,257,4,7.9,12.0,1.3,255,6,0,29.53,,,,,,,,,,
JOHN,2016-04-05 23:15:00 EDT,42.98428,-74.30177,745,21.0,21.6,13.3,53.5,6.7,0.000,0.001,0.00,0.000,5.8,8.2,1.0,256,8,6.0,7.8,1.1,260,6,5.8,8.2,1.0,256,8,0,29.53,,,,,,,,,,
JOHN,2016-04-05 23:20:00 EDT,42.98428,-74.30177,745,20.6,21.3,12.8,54.4,6.7,0.000,0.001,0.00,0.000,5.9,9.3,1.0,257,9,6.3,8.1,1.0,261,6,5.9,9.3,1.0,257,9,0,29.53,,,,,,,,,,
JOHN,2016-04-05 23:25:00 EDT,42.98428,-74.30177,745,20.7,21.2,14.0,54.4,6.8,0.000,0.001,0.00,0.000,4.8,7.7,1.3,269,13,5.6,8.9,1.7,269,13,4.8,7.7,1.3,269,13,0,29.53,,,,,,,,,,
JOHN,2016-04-05 23:30:00 EDT,42.98428,-74.30177,745,20.6,21.2,13.9,53.9,6.5,0.000,0.001,0.00,0.000,4.8,7.6,1.4,268,12,5.7,7.6,0.9,267,8,4.8,7.6,1.4,268,12,0,29.53,,,,,,,,,,
JOHN,2016-04-05 23:35:00 EDT,42.98428,-74.30177,745,21.0,21.5,14.7,53.4,6.7,0.000,0.001,0.00,0.000,4.6,8.3,1.6,276,15,5.4,10.1,2.0,274,10,4.6,8.3,1.6,276,15,0,29.53,,,,,,,,,,
JOHN,2016-04-05 23:40:00 EDT,42.98428,-74.30177,745,20.6,21.4,14.2,53.6,6.4,0.000,0.001,0.00,0.000,4.5,6.2,0.7,252,9,4.7,5.8,0.7,256,9,4.5,6.2,0.7,252,9,0,29.53,,,,,,,,,,
JOHN,2016-04-05 23:45:00 EDT,42.98428,-74.30177,745,19.7,21.2,13.6,55.6,6.4,0.000,0.001,0.00,0.000,4.2,6.3,0.6,235,12,4.4,6.3,0.8,234,15,4.2,6.3,0.6,235,12,0,29.53,,,,,,,,,,
JOHN,2016-04-05 23:50:00 EDT,42.98428,-74.30177,745,19.4,21.0,14.2,56.5,6.4,0.000,0.001,0.00,0.000,3.5,5.0,0.6,238,7,3.5,4.9,0.7,237,7,3.5,5.0,0.6,238,7,0,29.53,,,,,,,,,,
JOHN,2016-04-05 23:55:00 EDT,42.98428,-74.30177,745,19.7,21.0,15.0,56.3,6.6,0.000,0.001,0.00,0.000,3.3,4.1,0.4,257,10,3.6,4.9,0.6,258,8,3.3,4.1,0.4,257,10,0,29.53,,,,,,,,,,
JORD,2016-04-05 00:00:00 EDT,43.06980,-76.47006,402,15.7,17.1,15.7,81.3,11.0,,,,,0.0,0.0,0.0,0,0,0.3,0.7,0.2,118,48,0.0,0.0,0.0,0,0,0,29.76,,0,0,0,41.2,43.3,44.8,0.41,0.36,0.34
JORD,2016-04-05 00:05:00 EDT,43.06980,-76.47006,402,15.4,16.9,15.4,80.6,10.5,,,,,0.0,0.0,0.0,0,0,0.4,0.9,0.2,153,30,0.0,0.0,0.0,0,0,0,29.76,,0,0,0,41.2,43.3,44.8,0.41,0.36,0.34
JORD,2016-04-05 00:10:00 EDT,43.06980,-76.47006,402,15.4,16.8,15.4,81.8,10.8,,,,,0.0,0.3,0.1,164,0,0.5,1.3,0.2,180,26,0.0,0.3,0.1,164,0,0,29.76,,0,0,0,41.2,43.3,44.8,0.41,0.36,0.34
JORD,2016-04-05 00:15:00 EDT,43.06980,-76.47006,402,14.6,16.8,14.6,81.4,9.9,,,,,0.0,0.0,0.0,0,0,0.5,1.6,0.2,187,20,0.0,0.0,0.0,0,0,0,29.77,,0,0,0,41.2,43.3,44.8,0.41,0.36,0.34
JORD,2016-04-05 00:20:00 EDT,43.06980,-76.47006,402,14.7,16.6,14.7,81.8,10.2,,,,,0.3,0.9,0.3,164,0,0.8,1.3,0.3,170,23,0.3,0.9,0.3,164,0,0,29.77,,0,0,0,41.2,43.3,44.8,0.41,0.36,0.34
JORD,2016-04-05 00:25:00 EDT,43.06980,-76.47006,402,14.7,16.5,14.7,81.4,10.0,,,,,0.0,0.0,0.0,0,0,0.4,0.9,0.2,226,19,0.0,0.0,0.0,0,0,0,29.77,,0,0,0,41.2,43.3,44.8,0.41,0.36,0.34
JORD,2016-04-05 00:30:00 EDT,43.06980,-76.47006,402,14.1,16.0,14.1,82.2,9.6,,,,,0.0,0.5,0.1,164,0,0.5,1.1,0.2,123,50,0.0,0.5,0.1,164,0,0,29.77,,0,0,0,41.2,43.3,44.8,0.41,0.36,0.34
JORD,2016-04-05 00:35:00 EDT,43.06980,-76.47006,402,14.1,15.9,14.1,83.3,9.9,,,,,1.2,1.7,0.3,155,10,1.5,2.0,0.3,155,10,1.2,1.7,0.3,155,10,0,29.77,,0,0,0,41.2,43.3,44.8,0.41,0.36,0.34
JORD,2016-04-05 00:40:00 EDT,43.06980,-76.47006,402,14.0,15.5,14.0,82.8,9.7,,,,,1.4,1.7,0.2,151,10,1.6,2.0,0.2,151,10,1.4,1.7,0.2,151,10,0,29.77,,0,0,0,41.2,43.3,44.8,0.41,0.36,0.34
JORD,2016-04-05 00:45:00 EDT,43.06980,-76.47006,402,14.2,15.5,14.2,82.1,9.8,,,,,1.2,2.0,0.4,153,11,1.4,2.2,0.4,148,14,1.2,2.0,0.4,153,11,0,29.77,,0,0,0,41.2,43.3,44.8,0.41,0.36,0.34
JORD,2016-04-05 00:50:00 EDT,43.06980,-76.47006,402,14.3,15.5,14.3,81.6,9.7,,,,,0.8,1.5,0.4,154,6,1.2,2.0,0.3,148,14,0.8,1.5,0.4,154,6,0,29.77,,0,0,0,41.2,43.3,44.8,0.41,0.36,0.34
JORD,2016-04-05 00:55:00 EDT,43.06980,-76.47006,402,13.2,15.2,13.2,79.4,8.0,,,,,0.6,1.1,0.2,149,0,1.0,1.3,0.1,135,11,0.6,1.1,0.2,149,0,0,29.78,,0,0,0,41.2,43.3,44.8,0.41,0.36,0.34
JORD,2016-04-05 01:00:00 EDT,43.06980,-76.47006,402,13.5,15.0,13.5,80.9,8.7,,,,,0.8,1.0,0.1,150,0,1.1,1.6,0.2,145,11,0.8,1.0,0.1,150,0,0,29.78,,0,0,0,41.2,43.3,44.8,0.41,0.36,0.34
JORD,2016-04-05 01:05:00 EDT,43.06980,-76.47006,402,12.7,15.1,12.7,80.1,7.7,,,,,0.8,1.3,0.2,157,12,1.1,1.8,0.2,161,15,0.8,1.3,0.2,157,12,0,29.78,,0,0,0,41.2,43.3,44.8,0.41,0.36,0.34
JORD,2016-04-05 01:10:00 EDT,43.06980,-76.47006,402,11.9,15.0,11.9,79.5,6.7,,,,,1.2,1.6,0.2,176,6,1.5,2.0,0.2,177,6,1.2,1.6,0.2,176,6,0,29.78,,0,0,0,41.2,43.3,44.8,0.41,0.36,0.34
JORD,2016-04-05 01:15:00 EDT,43.06980,-76.47006,402,11.5,14.8,11.5,81.7,7.0,,,,,1.1,1.5,0.1,170,2,1.4,1.8,0.2,166,8,1.1,1.5,0.1,170,2,0,29.78,,0,0,0,41.2,43.3,44.8,0.41,0.36,0.34
JORD,2016-04-05 01:20:00 EDT,43.06980,-76.47006,402,11.3,14.5,11.3,84.4,7.5,,,,,1.2,1.7,0.2,165,2,1.5,2.0,0.2,164,9,1.2,1.7,0.2,165,2,0,29.78,,0,0,0,41.2,43.3,44.8,0.41,0.36,0.34
JORD,2016-04-05 01:25:00 EDT,43.06980,-76.47006,402,11.6,14.0,11.6,83.7,7.6,,,,,0.7,1.1,0.1,165,0,1.1,1.3,0.2,163,6,0.7,1.1,0.1,165,0,0,29.78,,0,0,0,41.2,43.2,44.8,0.41,0.36,0.34
JORD,2016-04-05 01:30:00 EDT,43.06980,-76.47006,402,11.8,13.7,11.8,82.7,7.5,,,,,0.6,0.9,0.1,165,0,1.0,1.3,0.1,159,6,0.6,0.9,0.1,165,0,0,29.78,,0,0,0,41.2,43.2,44.8,0.41,0.36,0.34
JORD,2016-04-05 01:35:00 EDT,43.06980,-76.47006,402,11.9,13.7,11.9,83.4,7.8,,,,,0.4,1.0,0.3,165,0,0.9,1.3,0.2,170,12,0.4,1.0,0.3,165,0,0,29.78,,0,0,0,41.2,43.2,44.8,0.41,0.36,0.34
JORD,2016-04-05 01:40:00 EDT,43.06980,-76.47006,402,11.3,13.4,11.3,82.8,7.1,,,,,0.2,0.7,0.2,165,0,0.7,1.1,0.2,161,16,0.2,0.7,0.2,165,0,0,29.79,,0,0,0,41.2,43.2,44.8,0.41,0.36,0.34
JORD,2016-04-05 01:45:00 EDT,43.06980,-76.47006,402,10.7,13.1,10.7,83.2,6.6,,,,,1.0,1.8,0.3,166,2,1.3,1.8,0.2,164,10,1.0,1.8,0.3,166,2,0,29.79,,0,0,0,41.2,43.2,44.8,0.41,0.36,0.34
JORD,2016-04-05 01:50:00 EDT,43.06980,-76.47006,402,10.9,13.1,10.9,83.9,7.0,,,,,0.8,1.2,0.2,184,7,1.1,1.6,0.2,184,9,0.8,1.2,0.2,184,7,0,29.79,,0,0,0,41.2,43.2,44.8,0.41,0.36,0.34
JORD,2016-04-05 01:55:00 EDT,43.06980,-76.47006,402,10.7,13.1,10.7,85.8,7.3,,,,,1.0,1.5,0.2,178,4,1.4,2.0,0.2,170,8,1.0,1.5,0.2,178,4,0,29.79,,0,0,0,41.2,43.2,44.8,0.41,0.36,0.34
JORD,2016-04-05 02:00:00 EDT,43.06980,-76.47006,402,10.5,12.9,10.5,86.7,7.4,,,,,1.3,1.7,0.2,169,5,1.5,2.2,0.2,169,8,1.3,1.7,0.2,169,5,0,29.79,,0,0,0,41.2,43.2,44.8,0.41,0.36,0.34
JORD,2016-04-05 02:05:00 EDT,43.06980,-76.47006,402,10.6,12.9,10.6,87.6,7.6,,,,,0.9,1.5,0.3,174,7,1.3,1.8,0.3,170,13,0.9,1.5,0.3,174,7,0,29.79,,0,0,0,41.2,43.2,44.8,0.41,0.36,0.34
JORD,2016-04-05 02:10:00 EDT,43.06980,-76.47006,402,10.3,12.5,10.3,86.9,7.2,,,,,1.1,1.5,0.2,156,1,1.3,1.8,0.2,155,7,1.1,1.5,0.2,156,1,0,29.79,,0,0,0,41.1,43.2,44.8,0.41,0.36,0.34
JORD,2016-04-05 02:15:00 EDT,43.06980,-76.47006,402,10.6,12.2,10.6,85.7,7.2,,,,,1.0,1.4,0.2,156,0,1.3,1.8,0.2,153,4,1.0,1.4,0.2,156,0,0,29.79,,0,0,0,41.1,43.2,44.8,0.41,0.36,0.34
JORD,2016-04-05 02:20:00 EDT,43.06980,-76.47006,402,10.7,12.1,10.7,84.2,6.9,,,,,0.6,1.1,0.3,159,5,1.2,1.6,0.2,180,13,0.6,1.1,0.3,159,5,0,29.79,,0,0,0,41.2,43.2,44.7,0.41,0.36,0.34
JORD,2016-04-05 02:25:00 EDT,43.06980,-76.47006,402,10.5,11.9,10.5,84.2,6.7,,,,,0.5,0.8,0.3,171,0,0.8,1.1,0.2,173,6,0.5,0.8,0.3,171,0,0,29.79,,0,0,0,41.1,43.2,44.8,0.41,0.36,0.34
JORD,2016-04-05 02:30:00 EDT,43.06980,-76.47006,402,9.5,11.4,9.5,85.2,6.0,,,,,0.2,1.0,0.4,171,0,0.8,1.3,0.3,153,8,0.2,1.0,0.4,171,0,0,29.79,,0,0,0,41.1,43.2,44.8,0.41,0.36,0.34
JORD,2016-04-05 02:35:00 EDT,43.06980,-76.47006,402,9.0,11.2,9.0,85.1,5.4,,,,,0.7,1.1,0.1,171,0,1.1,1.6,0.1,158,7,0.7,1.1,0.1,171,0,0,29.80,,0,0,0,41.1,43.2,44.7,0.41,0.36,0.34
JORD,2016-04-05 02:40:00 EDT,43.06980,-76.47006,402,9.4,11.0,9.4,86.6,6.2,,,,,0.2,0.7,0.2,171,0,0.8,1.1,0.1,153,9,0.2,0.7,0.2,171,0,0,29.80,,0,0,0,41.1,43.2,44.7,0.41,0.36,0.34
JORD,2016-04-05 02:45:00 EDT,43.06980,-76.47006,402,9.2,11.2,9.2,85.6,5.8,,,,,0.1,0.5,0.2,171,0,0.7,0.9,0.1,172,13,0.1,0.5,0.2,171,0,0,29.80,,0,0,0,41.1,43.2,44.7,0.41,0.36,0.34
JORD,2016-04-05 02:50:00 EDT,43.06980,-76.47006,402,9.0,10.9,9.0,86.3,5.8,,,,,0.0,0.4,0.1,171,0,0.8,0.9,0.1,157,7,0.0,0.4,0.1,171,0,0,29.80,,0,0,0,41.1,43.2,44.7,0.41,0.36,0.34
JORD,2016-04-05 02:55:00 EDT,43.06980,-76.47006,402,8.7,10.8,8.7,87.2,5.7,,,,,0.7,1.2,0.3,171,0,1.1,1.6,0.2,154,11,0.7,1.2,0.3,171,0,0,29.80,,0,0,0,41.1,43.2,44.7,0.41,0.36,0.34
JORD,2016-04-05 03:00:00 EDT,43.06980,-76.47006,402,8.6,10.7,8.6,87.7,5.7,,,,,1.1,1.5,0.2,172,1,1.4,2.0,0.2,177,6,1.1,1.5,0.2,172,1,0,29.80,,0,0,0,41.0,43.2,44.7,0.41,0.36,0.34
JORD,2016-04-05 03:05:00 EDT,43.06980,-76.47006,402,8.4,10.6,8.4,87.7,5.5,,,,,0.1,0.7,0.2,173,0,0.8,1.1,0.2,183,13,0.1,0.7,0.2,173,0,0,29.80,,0,0,0,41.0,43.2,44.6,0.41,0.36,0.34
JORD,2016-04-05 03:10:00 EDT,43.06980,-76.47006,402,8.3,10.7,8.3,88.6,5.7,,,,,1.0,1.9,0.6,175,9,1.4,2.2,0.4,172,14,1.0,1.9,0.6,175,9,0,29.80,,0,0,0,41.1,43.2,44.6,0.41,0.36,0.34
JORD,2016-04-05 03:15:00 EDT,43.06980,-76.47006,402,7.8,10.5,7.8,88.6,5.1,,,,,1.8,2.4,0.3,169,7,2.1,3.1,0.4,170,9,1.8,2.4,0.3,169,7,0,29.80,,0,0,0,41.0,43.2,44.6,0.41,0.36,0.34
JORD,2016-04-05 03:20:00 EDT,43.06980,-76.47006,402,7.7,10.4,7.7,87.7,4.8,,,,,1.0,1.5,0.3,177,2,1.3,2.2,0.3,175,11,1.0,1.5,0.3,177,2,0,29.81,,0,0,0,41.0,43.2,44.6,0.41,0.36,0.34
JORD,2016-04-05 03:25:00 EDT,43.06980,-76.47006,402,8.0,10.0,8.0,88.7,5.4,,,,,0.2,0.7,0.3,177,0,0.7,1.1,0.3,169,12,0.2,0.7,0.3,177,0,0,29.81,,0,0,0,41.0,43.2,44.6,0.41,0.36,0.34
JORD,2016-04-05 03:30:00 EDT,43.06980,-76.47006,402,7.5,9.8,7.5,89.3,5.0,,,,,1.3,1.9,0.3,165,6,1.6,2.5,0.4,164,8,1.3,1.9,0.3,165,6,0,29.81,,0,0,0,41.0,43.2,44.6,0.41,0.36,0.34
JORD,2016-04-05 03:35:00 EDT,43.06980,-76.47006,402,7.9,9.5,7.9,89.0,5.4,,,,,0.7,1.1,0.2,166,0,1.1,1.6,0.2,157,10,0.7,1.1,0.2,166,0,0,29.81,,0,0,0,41.0,43.2,44.6,0.41,0.36,0.34
JORD,2016-04-05 03:40:00 EDT,43.06980,-76.47006,402,8.1,9.5,8.1,87.9,5.2,,,,,0.1,0.7,0.2,166,0,0.7,1.3,0.2,171,14,0.1,0.7,0.2,166,0,0,29.81,,0,0,0,41.0,43.2,44.6,0.41,0.36,0.34
JORD,2016-04-05 03:45:00 EDT,43.06980,-76.47006,402,7.2,9.3,7.2,87.4,4.2,,,,,0.6,1.2,0.4,166,0,1.1,1.3,0.3,158,14,0.6,1.2,0.4,166,0,0,29.81,,0,0,0,41.0,43.2,44.6,0.41,0.36,0.34
JORD,2016-04-05 03:50:00 EDT,43.06980,-76.47006,402,7.5,9.5,7.5,87.4,4.5,,,,,0.1,0.5,0.1,166,0,0.8,1.1,0.2,186,11,0.1,0.5,0.1,166,0,0,29.81,,0,0,0,41.0,43.2,44.6,0.41,0.36,0.34
JORD,2016-04-05 03:55:00 EDT,43.06980,-76.47006,402,7.2,9.3,7.2,87.6,4.3,,,,,0.7,2.1,0.7,177,5,1.2,2.5,0.5,174,14,0.7,2.1,0.7,177,5,0,29.82,,0,0,0,41.0,43.2,44.6,0.41,0.36,0.34
JORD,2016-04-05 04:00:00 EDT,43.06980,-76.47006,402,7.1,9.2,7.1,88.8,4.5,,,,,1.4,2.0,0.3,166,9,1.7,2.7,0.4,164,12,1.4,2.0,0.3,166,9,0,29.82,,0,0,0,41.0,43.2,44.6,0.41,0.36,0.34
JORD,2016-04-05 04:05:00 EDT,43.06980,-76.47006,402,6.7,9.1,6.7,89.0,4.2,,,,,1.1,1.8,0.2,172,5,1.4,2.0,0.2,174,9,1.1,1.8,0.2,172,5,0,29.82,,0,0,0,41.0,43.2,44.6,0.41,0.36,0.34
JORD,2016-04-05 04:10:00 EDT,43.06980,-76.47006,402,6.5,8.8,6.5,87.9,3.7,,,,,0.6,1.1,0.3,174,0,0.9,1.3,0.3,174,15,0.6,1.1,0.3,174,0,0,29.82,,0,0,0,41.0,43.2,44.6,0.41,0.36,0.34
JORD,2016-04-05 04:15:00 EDT,43.06980,-76.47006,402,6.9,8.6,6.9,88.7,4.2,,,,,0.5,1.9,0.6,168,10,1.0,2.5,0.5,164,24,0.5,1.9,0.6,168,10,0,29.82,,0,0,0,41.0,43.2,44.6,0.41,0.36,0.34
JORD,2016-04-05 04:20:00 EDT,43.06980,-76.47006,402,6.6,8.5,6.6,89.5,4.2,,,,,0.9,2.6,0.7,168,15,1.4,3.1,0.6,162,27,0.9,2.6,0.7,168,15,0,29.82,,0,0,0,41.0,43.2,44.6,0.41,0.36,0.34
JORD,2016-04-05 04:25:00 EDT,43.06980,-76.47006,402,6.6,8.2,6.6,89.4,4.2,,,,,0.4,1.8,0.6,192,2,1.0,2.0,0.4,175,21,0.4,1.8,0.6,192,2,0,29.83,,0,0,0,41.0,43.2,44.6,0.41,0.36,0.34
JORD,2016-04-05 04:30:00 EDT,43.06980,-76.47006,402,6.7,8.2,6.7,90.1,4.4,,,,,0.0,0.0,0.0,0,0,0.7,1.1,0.2,164,24,0.0,0.0,0.0,0,0,0,29.83,,0,0,0,41.0,43.2,44.6,0.41,0.36,0.34
JORD,2016-04-05 04:35:00 EDT,43.06980,-76.47006,402,6.8,8.1,6.8,90.0,4.5,,,,,0.3,0.9,0.3,191,0,0.8,1.3,0.2,200,20,0.3,0.9,0.3,191,0,0,29.83,,0,0,0,41.0,43.2,44.6,0.41,0.36,0.34
JORD,2016-04-05 04:40:00 EDT,43.06980,-76.47006,402,6.9,8.2,6.9,89.9,4.5,,,,,0.5,0.9,0.1,191,0,0.9,1.1,0.1,197,12,0.5,0.9,0.1,191,0,0,29.84,,0,0,0,41.0,43.2,44.6,0.41,0.36,0.34
JORD,2016-04-05 04:45:00 EDT,43.06980,-76.47006,402,6.6,8.2,6.6,90.1,4.3,,,,,0.2,0.6,0.2,191,0,0.8,1.1,0.2,172,10,0.2,0.6,0.2,191,0,0,29.84,,0,0,0,41.0,43.2,44.6,0.41,0.36,0.34
JORD,2016-04-05 04:50:00 EDT,43.06980,-76.47006,402,6.3,8.0,6.3,90.7,4.1,,,,,0.1,0.7,0.2,191,0,0.6,1.1,0.3,199,10,0.1,0.7,0.2,191,0,0,29.84,,0,0,0,41.0,43.2,44.6,0.41,0.36,0.34
JORD,2016-04-05 04:55:00 EDT,43.06980,-76.47006,402,6.4,7.9,6.4,91.1,4.3,,,,,0.1,0.6,0.2,191,0,0.6,1.1,0.2,185,22,0.1,0.6,0.2,191,0,0,29.84,,0,0,0,41.0,43.2,44.6,0.41,0.36,0.34
JORD,2016-04-05 05:00:00 EDT,43.06980,-76.47006,402,6.2,7.6,6.2,91.1,4.2,,,,,0.2,1.0,0.3,191,0,0.9,1.6,0.3,142,22,0.2,1.0,0.3,191,0,0,29.85,,0,0,0,41.0,43.2,44.6,0.41,0.36,0.34
JORD,2016-04-05 05:05:00 EDT,43.06980,-76.47006,402,6.1,7.6,6.1,90.5,3.9,,,,,0.8,1.2,0.2,169,18,1.2,1.8,0.2,159,19,0.8,1.2,0.2,169,18,0,29.85,,0,0,0,41.0,43.2,44.6,0.41,0.36,0.34
JORD,2016-04-05 05:10:00 EDT,43.06980,-76.47006,402,6.1,7.6,6.1,90.2,3.9,,,,,0.8,1.2,0.3,175,18,1.2,1.6,0.2,182,20,0.8,1.2,0.3,175,18,0,29.85,,0,0,0,41.0,43.2,44.6,0.41,0.36,0.34
JORD,2016-04-05 05:15:00 EDT,43.06980,-76.47006,402,6.2,7.6,6.2,89.6,3.7,,,,,1.2,1.5,0.2,223,7,1.3,1.8,0.2,223,7,1.2,1.5,0.2,223,7,0,29.85,,0,0,0,41.0,43.1,44.6,0.41,0.36,0.34
JORD,2016-04-05 05:20:00 EDT,43.06980,-76.47006,402,6.0,7.6,6.0,89.3,3.5,,,,,1.3,1.6,0.2,206,5,1.6,2.0,0.2,206,7,1.3,1.6,0.2,206,5,0,29.86,,0,0,0,41.0,43.1,44.6,0.41,0.36,0.34
JORD,2016-04-05 05:25:00 EDT,43.06980,-76.47006,402,5.8,7.6,5.8,89.4,3.3,,,,,0.3,1.2,0.4,219,2,0.8,1.6,0.3,216,21,0.3,1.2,0.4,219,2,0,29.86,,0,0,0,41.0,43.1,44.6,0.41,0.36,0.34
JORD,2016-04-05 05:30:00 EDT,43.06980,-76.47006,402,5.5,7.3,5.5,90.4,3.3,,,,,0.2,1.0,0.4,146,1,1.0,1.6,0.2,131,16,0.2,1.0,0.4,146,1,0,29.86,,0,0,0,41.0,43.1,44.6,0.41,0.36,0.34
JORD,2016-04-05 05:35:00 EDT,43.06980,-76.47006,402,5.2,6.9,5.2,90.2,2.9,,,,,1.0,1.2,0.1,131,1,1.2,1.3,0.1,128,4,1.0,1.2,0.1,131,1,0,29.87,,0,0,0,41.0,43.0,44.6,0.41,0.36,0.34
JORD,2016-04-05 05:40:00 EDT,43.06980,-76.47006,402,5.3,6.7,5.3,89.1,2.8,,,,,0.9,1.1,0.1,129,1,1.1,1.3,0.1,130,10,0.9,1.1,0.1,129,1,0,29.87,,0,0,0,41.0,43.0,44.6,0.41,0.36,0.34
JORD,2016-04-05 05:45:00 EDT,43.06980,-76.47006,402,5.6,7.0,5.6,89.4,3.1,,,,,1.3,1.7,0.2,120,8,1.5,2.0,0.3,118,9,1.3,1.7,0.2,120,8,0,29.88,,0,0,0,41.0,43.0,44.6,0.41,0.36,0.34
JORD,2016-04-05 05:50:00 EDT,43.06980,-76.47006,402,5.9,6.9,5.9,88.0,3.1,,,,,1.1,1.4,0.1,127,11,1.3,1.6,0.1,130,15,1.1,1.4,0.1,127,11,0,29.88,,0,0,0,41.0,43.0,44.6,0.41,0.36,0.34
JORD,2016-04-05 05:55:00 EDT,43.06980,-76.47006,402,5.9,6.8,5.9,86.3,2.6,,,,,1.7,2.5,0.4,116,23,1.9,2.9,0.5,117,26,1.7,2.5,0.4,116,23,0,29.88,,0,0,0,41.0,43.0,44.6,0.41,0.36,0.34
JORD,2016-04-05 06:00:00 EDT,43.06980,-76.47006,402,6.0,6.9,6.0,85.0,2.4,,,,,1.4,2.2,0.6,133,24,1.7,2.5,0.4,136,25,1.4,2.2,0.6,133,24,0,29.89,,0,0,0,41.0,43.0,44.6,0.41,0.36,0.34
JORD,2016-04-05 06:05:00 EDT,43.06980,-76.47006,402,6.1,7.3,6.1,84.5,2.5,,,,,1.8,2.3,0.3,149,13,2.0,2.7,0.3,150,14,1.8,2.3,0.3,149,13,0,29.89,,0,0,0,41.0,43.0,44.6,0.41,0.36,0.34
JORD,2016-04-05 06:10:00 EDT,43.06980,-76.47006,402,6.3,7.4,6.3,84.5,2.6,,,,,1.3,2.0,0.5,179,11,1.6,2.5,0.5,181,19,1.3,2.0,0.5,179,11,0,29.89,,0,0,0,41.0,43.0,44.6,0.41,0.36,0.34
JORD,2016-04-05 06:15:00 EDT,43.06980,-76.47006,402,4.8,7.5,4.8,83.0,0.7,,,,,1.0,2.1,0.8,171,55,1.3,2.5,0.6,161,61,1.0,2.1,0.8,171,55,0,29.90,,0,0,0,41.0,43.0,44.6,0.41,0.36,0.34
JORD,2016-04-05 06:20:00 EDT,43.06980,-76.47006,402,5.2,6.9,5.2,85.0,1.6,,,,,1.0,1.3,0.2,122,16,1.2,1.6,0.2,125,17,1.0,1.3,0.2,122,16,0,29.90,,0,0,0,41.0,43.0,44.6,0.41,0.36,0.34
JORD,2016-04-05 06:25:00 EDT,43.06980,-76.47006,402,5.4,6.7,5.4,85.5,2.1,,,,,0.8,1.5,0.5,132,16,1.2,1.8,0.4,132,23,0.8,1.5,0.5,132,16,0,29.90,,0,0,0,41.0,43.0,44.6,0.41,0.36,0.34
JORD,2016-04-05 06:30:00 EDT,43.06980,-76.47006,402,5.2,6.7,5.2,86.0,1.9,,,,,0.2,0.9,0.3,106,0,0.9,1.3,0.3,129,25,0.2,0.9,0.3,106,0,1,29.91,,0,0,0,41.0,43.0,44.6,0.41,0.36,0.34
JORD,2016-04-05 06:35:00 EDT,43.06980,-76.47006,402,5.0,6.9,5.0,86.3,1.8,,,,,0.5,1.3,0.4,141,20,1.1,1.6,0.2,156,18,0.5,1.3,0.4,141,20,2,29.91,,0,0,0,41.0,43.0,44.5,0.41,0.36,0.34
JORD,2016-04-05 06:40:00 EDT,43.06980,-76.47006,402,4.1,7.0,4.1,85.5,0.8,,,,,0.8,1.3,0.3,174,6,1.2,1.8,0.3,162,10,0.8,1.3,0.3,174,6,4,29.91,,0,0,0,41.0,43.0,44.6,0.41,0.36,0.34
JORD,2016-04-05 06:45:00 EDT,43.06980,-76.47006,402,4.5,6.7,4.5,85.1,1.0,,,,,1.2,1.6,0.2,157,4,1.5,1.8,0.2,157,12,1.2,1.6,0.2,157,4,6,29.92,,0,0,0,41.0,43.0,44.5,0.41,0.36,0.34
JORD,2016-04-05 06:50:00 EDT,43.06980,-76.47006,402,4.9,6.8,4.9,86.2,1.7,,,,,0.6,1.5,0.5,171,3,1.0,1.8,0.4,172,11,0.6,1.5,0.5,171,3,9,29.92,,0,0,0,41.0,43.0,44.5,0.41,0.36,0.34
JORD,2016-04-05 06:55:00 EDT,43.06980,-76.47006,402,5.1,6.6,5.1,85.7,1.8,,,,,0.0,0.5,0.1,168,0,0.4,0.9,0.2,191,22,0.0,0.5,0.1,168,0,11,29.92,,0,0,0,41.0,43.0,44.5,0.41,0.36,0.34
JORD,2016-04-05 07:00:00 EDT,43.06980,-76.47006,402,4.7,6.7,4.7,86.5,1.5,,,,,0.5,1.8,0.5,161,3,1.0,2.2,0.5,156,12,0.5,1.8,0.5,161,3,14,29.93,,0,0,0,41.0,43.0,44.4,0.41,0.36,0.34
JORD,2016-04-05 07:05:00 EDT,43.06980,-76.47006,402,4.7,6.8,4.7,86.6,1.5,,,,,0.7,1.5,0.6,166,4,1.1,2.0,0.5,164,17,0.7,1.5,0.6,166,4,26,29.93,,0,0,0,41.0,43.0,44.4,0.41,0.36,0.34
JORD,2016-04-05 07:10:00 EDT,43.06980,-76.47006,402,4.9,7.1,4.9,86.3,1.7,,,,,0.2,1.3,0.4,162,0,0.6,1.6,0.3,166,24,0.2,1.3,0.4,162,0,35,29.93,,0,0,0,41.0,43.0,44.4,0.41,0.36,0.34
JORD,2016-04-05 07:15:00 EDT,43.06980,-76.47006,402,4.8,7.2,4.8,85.1,1.3,,,,,0.1,0.9,0.2,162,0,0.5,1.3,0.3,175,35,0.1,0.9,0.2,162,0,45,29.94,,0,0,0,41.0,43.0,44.4,0.41,0.36,0.34
JORD,2016-04-05 07:20:00 EDT,43.06980,-76.47006,402,5.1,7.5,5.1,83.9,1.3,,,,,0.8,1.3,0.4,172,12,1.1,1.6,0.3,173,16,0.8,1.3,0.4,172,12,59,29.94,,0,0,0,41.0,43.0,44.4,0.41,0.36,0.34
JORD,2016-04-05 07:25:00 EDT,43.06980,-76.47006,402,5.7,8.1,5.7,82.9,1.6,,,,,0.4,1.2,0.4,159,0,0.8,1.6,0.4,168,14,0.4,1.2,0.4,159,0,75,29.94,,0,0,0,41.0,43.0,44.4,0.41,0.36,0.34
JORD,2016-04-05 07:30:00 EDT,43.06980,-76.47006,402,6.6,8.9,6.6,82.9,2.5,,,,,0.3,1.1,0.4,159,0,0.8,1.6,0.3,175,18,0.3,1.1,0.4,159,0,92,29.94,,0,0,0,41.0,43.0,44.4,0.41,0.36,0.34
JORD,2016-04-05 07:35:00 EDT,43.06980,-76.47006,402,6.7,9.3,6.7,81.2,2.2,,,,,0.6,1.1,0.3,159,0,0.9,1.3,0.2,159,14,0.6,1.1,0.3,159,0,112,29.94,,0,0,0,41.0,43.0,44.4,0.41,0.36,0.34
JORD,2016-04-05 07:40:00 EDT,43.06980,-76.47006,402,7.7,9.8,7.7,81.1,3.1,,,,,0.5,0.9,0.3,159,0,0.8,1.3,0.3,157,17,0.5,0.9,0.3,159,0,134,29.94,,0,0,0,40.9,43.0,44.4,0.41,0.36,0.34
JORD,2016-04-05 07:45:00 EDT,43.06980,-76.47006,402,8.1,10.0,8.1,77.3,2.5,,,,,0.0,0.0,0.0,0,0,0.5,1.3,0.3,218,43,0.0,0.0,0.0,0,0,153,29.95,,0,0,0,40.9,43.0,44.4,0.41,0.36,0.34
JORD,2016-04-05 07:50:00 EDT,43.06980,-76.47006,402,8.8,10.2,8.8,76.2,2.8,,,,,0.0,0.5,0.1,159,0,0.7,1.1,0.3,208,23,0.0,0.5,0.1,159,0,172,29.95,,0,0,0,40.8,43.0,44.4,0.41,0.36,0.34
JORD,2016-04-05 07:55:00 EDT,43.06980,-76.47006,402,9.1,11.1,9.1,76.5,3.2,,,,,0.1,1.5,0.4,207,9,0.9,1.8,0.3,204,11,0.1,1.5,0.4,207,9,191,29.95,,0,0,0,40.8,43.0,44.4,0.41,0.36,0.34
JORD,2016-04-05 08:00:00 EDT,43.06980,-76.47006,402,9.7,11.9,9.7,68.1,1.3,,,,,0.6,1.5,0.5,212,7,0.9,1.6,0.4,208,18,0.6,1.5,0.5,212,7,207,29.95,,0,0,0,40.8,43.0,44.4,0.41,0.36,0.34
JORD,2016-04-05 08:05:00 EDT,43.06980,-76.47006,402,10.6,12.8,10.6,67.2,1.9,,,,,0.4,0.9,0.4,204,0,0.8,1.3,0.3,224,19,0.4,0.9,0.4,204,0,221,29.96,,0,0,0,40.8,43.0,44.4,0.41,0.36,0.34
JORD,2016-04-05 08:10:00 EDT,43.06980,-76.47006,402,11.5,15.2,11.5,68.5,3.2,,,,,0.4,1.1,0.4,204,0,0.8,1.6,0.3,206,15,0.4,1.1,0.4,204,0,234,29.96,,0,0,0,40.8,43.0,44.4,0.41,0.36,0.34
JORD,2016-04-05 08:15:00 EDT,43.06980,-76.47006,402,13.0,15.9,13.0,68.4,4.5,,,,,0.4,1.0,0.3,204,0,0.9,1.3,0.2,200,10,0.4,1.0,0.3,204,0,250,29.96,,0,0,0,40.8,43.0,44.4,0.41,0.36,0.34
JORD,2016-04-05 08:20:00 EDT,43.06980,-76.47006,402,14.3,16.8,14.3,62.4,3.7,,,,,0.1,0.7,0.2,176,14,0.7,1.3,0.3,161,41,0.1,0.7,0.2,176,14,265,29.96,,0,0,0,40.8,43.0,44.4,0.41,0.36,0.34
JORD,2016-04-05 08:25:00 EDT,43.06980,-76.47006,402,15.8,17.3,15.8,58.1,3.7,,,,,0.4,2.4,0.6,58,19,1.0,3.4,0.7,71,42,0.4,2.4,0.6,58,19,283,29.96,,0,0,0,40.8,43.0,44.4,0.41,0.36,0.34
JORD,2016-04-05 08:30:00 EDT,43.06980,-76.47006,402,17.5,18.1,17.5,55.3,4.2,,,,,1.0,2.5,0.9,74,30,1.3,2.9,0.8,74,47,1.0,2.5,0.9,74,30,301,29.96,,0,0,0,40.8,43.0,44.4,0.41,0.36,0.34
JORD,2016-04-05 08:35:00 EDT,43.06980,-76.47006,402,17.7,18.4,17.7,55.4,4.4,,,,,0.3,1.2,0.4,138,18,0.9,1.6,0.4,137,44,0.3,1.2,0.4,138,18,318,29.97,,0,0,0,40.8,43.0,44.4,0.41,0.36,0.34
JORD,2016-04-05 08:40:00 EDT,43.06980,-76.47006,402,18.6,19.1,18.6,52.2,4.0,,,,,2.3,5.8,1.3,14,30,2.9,7.8,1.5,11,31,2.3,5.8,1.3,14,30,334,29.97,,0,0,0,40.8,43.0,44.4,0.41,0.36,0.34
JORD,2016-04-05 08:45:00 EDT,43.06980,-76.47006,402,19.9,19.9,12.9,49.8,4.2,,,,,5.0,8.3,1.5,34,16,5.6,11.2,1.6,34,16,5.0,8.3,1.5,34,16,351,29.97,,0,0,0,40.8,43.0,44.4,0.41,0.36,0.34
JORD,2016-04-05 08:50:00 EDT,43.06980,-76.47006,402,20.3,20.3,12.6,47.8,3.6,,,,,5.6,9.3,1.6,21,16,6.3,10.3,1.7,20,15,5.6,9.3,1.6,21,16,374,29.97,,0,0,0,40.8,43.0,44.4,0.41,0.36,0.34
JORD,2016-04-05 08:55:00 EDT,43.06980,-76.47006,402,20.7,20.7,13.7,46.9,3.6,,,,,5.1,8.4,1.5,27,16,5.6,10.3,1.8,27,16,5.1,8.4,1.5,27,16,392,29.97,,0,0,0,40.8,43.0,44.4,0.41,0.36,0.34
JORD,2016-04-05 09:00:00 EDT,43.06980,-76.47006,402,21.1,21.0,13.7,44.6,2.8,,,,,5.5,8.1,1.2,19,20,6.1,9.2,1.4,18,15,5.5,8.1,1.2,19,20,409,29.97,,0,0,0,40.8,43.0,44.4,0.41,0.36,0.34
JORD,2016-04-05 09:05:00 EDT,43.06980,-76.47006,402,21.4,21.3,13.4,42.8,2.3,,,,,6.2,9.9,1.9,40,14,6.7,10.3,1.9,42,13,6.2,9.9,1.9,40,14,425,29.98,,0,0,0,40.8,43.0,44.4,0.41,0.36,0.34
JORD,2016-04-05 09:10:00 EDT,43.06980,-76.47006,402,21.6,21.6,15.2,42.0,2.0,,,,,4.7,6.6,0.8,15,15,5.1,7.8,1.0,16,15,4.7,6.6,0.8,15,15,442,29.98,,0,0,0,40.8,42.9,44.4,0.41,0.36,0.34
JORD,2016-04-05 09:15:00 EDT,43.06980,-76.47006,402,21.7,21.7,14.7,40.6,1.4,,,,,5.2,10.5,1.8,31,16,5.8,11.2,1.9,31,15,5.2,10.5,1.8,31,16,458,29.98,,0,0,0,40.8,42.9,44.4,0.41,0.36,0.34
JORD,2016-04-05 09:20:00 EDT,43.06980,-76.47006,402,22.1,21.9,14.7,39.8,1.3,,,,,5.8,10.5,1.9,36,23,6.2,11.9,2.1,37,22,5.8,10.5,1.9,36,23,474,29.98,,0,0,0,40.8,42.9,44.4,0.41,0.36,0.34
JORD,2016-04-05 09:25:00 EDT,43.06980,-76.47006,402,22.3,22.1,15.8,38.5,0.8,,,,,4.9,9.0,1.7,33,23,5.4,9.8,1.8,32,22,4.9,9.0,1.7,33,23,489,29.98,,0,0,0,40.8,42.8,44.4,0.41,0.36,0.34
JORD,2016-04-05 09:30:00 EDT,43.06980,-76.47006,402,22.6,22.5,16.1,38.5,1.1,,,,,5.0,9.0,1.5,30,21,5.6,9.8,1.6,29,21,5.0,9.0,1.5,30,21,505,29.98,,0,0,0,40.8,42.8,44.4,0.41,0.36,0.34
JORD,2016-04-05 09:35:00 EDT,43.06980,-76.47006,402,22.6,22.4,14.7,36.8,0.1,,,,,6.4,9.9,1.5,56,16,7.0,12.1,1.6,58,16,6.4,9.9,1.5,56,16,520,29.98,,0,0,0,40.8,42.8,44.4,0.41,0.36,0.34
JORD,2016-04-05 09:40:00 EDT,43.06980,-76.47006,402,22.6,22.4,15.0,36.3,-0.2,,,,,6.0,9.4,1.7,34,22,6.7,10.7,1.7,34,21,6.0,9.4,1.7,34,22,537,29.99,,0,0,0,40.8,42.8,44.4,0.41,0.36,0.34
JORD,2016-04-05 09:45:00 EDT,43.06980,-76.47006,402,22.9,22.7,14.9,35.9,-0.2,,,,,6.5,9.4,1.4,45,18,7.0,10.3,1.5,45,17,6.5,9.4,1.4,45,18,552,29.99,,0,0,0,40.8,42.8,44.4,0.41,0.36,0.34
JORD,2016-04-05 09:50:00 EDT,43.06980,-76.47006,402,23.0,22.9,15.6,35.2,-0.5,,,,,5.9,9.1,1.5,2,27,6.6,10.5,1.8,4,24,5.9,9.1,1.5,2,27,565,29.99,,0,0,0,40.8,42.8,44.4,0.41,0.36,0.34
JORD,2016-04-05 09:55:00 EDT,43.06980,-76.47006,402,23.3,23.3,16.6,34.3,-0.8,,,,,5.2,8.8,1.6,342,20,6.2,10.5,1.7,345,17,5.2,8.8,1.6,342,20,579,29.99,,0,0,0,40.8,42.8,44.4,0.41,0.36,0.34
JORD,2016-04-05 10:00:00 EDT,43.06980,-76.47006,402,23.2,23.2,15.2,33.5,-1.4,,,,,6.6,10.2,1.9,349,19,7.6,11.4,1.9,352,18,6.6,10.2,1.9,349,19,594,30.00,,0,0,0,40.8,42.8,44.4,0.41,0.36,0.34
JORD,2016-04-05 10:05:00 EDT,43.06980,-76.47006,402,23.4,23.1,17.0,33.9,-1.0,,,,,5.0,9.2,1.8,28,15,5.5,11.0,1.9,29,16,5.0,9.2,1.8,28,15,608,30.00,,0,0,0,40.8,42.8,44.4,0.41,0.36,0.34
JORD,2016-04-05 10:10:00 EDT,43.06980,-76.47006,402,23.8,23.5,18.2,34.8,-0.0,,,,,4.3,8.0,1.6,7,24,5.0,9.8,1.7,6,23,4.3,8.0,1.6,7,24,621,30.00,,0,0,0,40.8,42.8,44.4,0.41,0.36,0.34
JORD,2016-04-05 10:15:00 EDT,43.06980,-76.47006,402,23.7,23.6,16.3,36.4,0.9,,,,,6.1,13.1,3.1,338,21,6.8,14.5,3.4,339,20,6.1,13.1,3.1,338,21,633,30.00,,0,0,0,40.7,42.8,44.4,0.41,0.36,0.34
JORD,2016-04-05 10:20:00 EDT,43.06980,-76.47006,402,23.5,23.4,15.2,37.8,1.5,,,,,7.0,9.6,1.5,348,14,7.8,10.7,1.6,348,11,7.0,9.6,1.5,348,14,647,30.01,,0,0,0,40.7,42.8,44.4,0.41,0.36,0.34
JORD,2016-04-05 10:25:00 EDT,43.06980,-76.47006,402,23.9,23.9,16.0,39.3,2.7,,,,,6.8,10.2,1.9,358,23,7.5,11.4,2.1,1,14,6.8,10.2,1.9,358,23,659,30.01,,0,0,0,40.7,42.8,44.4,0.41,0.36,0.34
JORD,2016-04-05 10:30:00 EDT,43.06980,-76.47006,402,23.9,23.8,15.9,39.5,2.8,,,,,6.9,11.5,2.0,7,20,7.5,12.8,2.0,7,17,6.9,11.5,2.0,7,20,673,30.00,,0,0,0,40.7,42.8,44.4,0.41,0.36,0.34
JORD,2016-04-05 10:35:00 EDT,43.06980,-76.47006,402,24.3,24.3,15.6,39.3,3.1,,,,,7.9,12.9,1.7,355,24,8.9,15.4,2.1,357,17,7.9,12.9,1.7,355,24,687,30.01,,0,0,0,40.7,42.8,44.4,0.41,0.36,0.34
JORD,2016-04-05 10:40:00 EDT,43.06980,-76.47006,402,24.0,23.9,18.9,39.6,3.0,,,,,4.0,8.8,1.9,330,23,4.5,8.9,1.9,333,21,4.0,8.8,1.9,330,23,700,30.00,,0,0,0,40.7,42.8,44.4,0.41,0.36,0.34
JORD,2016-04-05 10:45:00 EDT,43.06980,-76.47006,402,24.2,24.2,18.4,40.0,3.4,,,,,4.6,8.8,1.8,325,19,5.3,10.5,2.0,327,19,4.6,8.8,1.8,325,19,712,30.00,,0,0,0,40.6,42.8,44.4,0.41,0.36,0.34
JORD,2016-04-05 10:50:00 EDT,43.06980,-76.47006,402,24.5,24.3,17.1,39.0,3.0,,,,,6.2,12.5,2.6,357,30,6.9,13.6,2.6,358,25,6.2,12.5,2.6,357,30,727,30.01,,0,0,0,40.7,42.8,44.4,0.41,0.36,0.34
JORD,2016-04-05 10:55:00 EDT,43.06980,-76.47006,402,24.6,24.3,17.8,38.8,3.1,,,,,5.6,10.4,2.8,32,13,6.0,11.4,3.0,32,14,5.6,10.4,2.8,32,13,745,30.01,,0,0,0,40.7,42.8,44.4,0.41,0.36,0.34
JORD,2016-04-05 11:00:00 EDT,43.06980,-76.47006,402,24.9,24.7,20.1,38.5,3.1,,,,,3.8,7.7,1.6,337,33,4.3,8.7,1.8,338,32,3.8,7.7,1.6,337,33,751,30.01,,0,0,0,40.7,42.8,44.4,0.41,0.36,0.34
JORD,2016-04-05 11:05:00 EDT,43.06980,-76.47006,402,25.1,24.9,17.7,38.1,3.0,,,,,6.4,11.5,2.0,323,19,6.8,12.3,2.1,326,18,6.4,11.5,2.0,323,19,757,30.01,,0,0,0,40.7,42.8,44.4,0.41,0.36,0.34
JORD,2016-04-05 11:10:00 EDT,43.06980,-76.47006,402,25.3,25.2,17.7,36.8,2.6,,,,,6.7,12.2,1.8,10,19,7.5,13.2,2.0,8,16,6.7,12.2,1.8,10,19,773,30.01,,0,0,0,40.6,42.8,44.4,0.41,0.36,0.34
JORD,2016-04-05 11:15:00 EDT,43.06980,-76.47006,402,25.5,25.3,17.5,37.3,3.0,,,,,7.2,11.8,2.4,351,24,8.1,14.8,2.7,354,21,7.2,11.8,2.4,351,24,589,30.01,,0,0,0,40.7,42.8,44.3,0.41,0.36,0.34
JORD,2016-04-05 11:20:00 EDT,43.06980,-76.47006,402,25.5,25.3,15.2,37.3,2.9,,,,,10.8,17.0,2.9,330,18,11.2,17.7,3.1,332,19,10.8,17.0,2.9,330,18,784,30.01,,0,0,0,40.6,42.8,44.1,0.41,0.36,0.34
JORD,2016-04-05 11:25:00 EDT,43.06980,-76.47006,402,25.2,25.0,16.1,36.6,2.3,,,,,8.8,15.6,2.6,327,18,9.1,16.6,2.5,330,15,8.8,15.6,2.6,327,18,789,30.02,,0,0,0,40.6,42.8,44.1,0.41,0.36,0.34
JORD,2016-04-05 11:30:00 EDT,43.06980,-76.47006,402,25.4,25.3,17.2,36.8,2.6,,,,,7.5,12.6,2.3,351,25,8.3,14.8,2.8,352,23,7.5,12.6,2.3,351,25,797,30.02,,0,0,0,40.6,42.8,44.1,0.41,0.36,0.34
JORD,2016-04-05 11:35:00 EDT,43.06980,-76.47006,402,25.5,25.4,17.5,36.6,2.6,,,,,7.2,11.1,2.3,353,21,8.0,13.4,2.4,353,21,7.2,11.1,2.3,353,21,805,30.01,,0,0,0,40.6,42.8,44.1,0.41,0.36,0.34
JORD,2016-04-05 11:40:00 EDT,43.06980,-76.47006,402,25.7,25.6,18.3,36.7,2.8,,,,,6.5,16.7,2.6,332,20,7.3,17.4,2.8,335,20,6.5,16.7,2.6,332,20,812,30.02,,0,0,0,40.6,42.8,44.1,0.41,0.36,0.34
JORD,2016-04-05 11:45:00 EDT,43.06980,-76.47006,402,26.0,25.8,16.2,36.7,3.1,,,,,10.0,17.0,2.6,343,22,10.6,17.4,2.8,346,20,10.0,17.0,2.6,343,22,817,30.02,,0,0,0,40.6,42.8,44.1,0.41,0.36,0.34
JORD,2016-04-05 11:50:00 EDT,43.06980,-76.47006,402,25.5,25.4,18.4,35.8,2.2,,,,,6.2,10.1,2.0,310,21,6.3,10.3,2.0,313,21,6.2,10.1,2.0,310,21,826,30.02,,0,0,0,40.6,42.8,44.1,0.41,0.36,0.34
JORD,2016-04-05 11:55:00 EDT,43.06980,-76.47006,402,25.9,25.8,18.0,35.5,2.3,,,,,7.2,11.6,2.2,341,36,7.9,12.8,2.4,344,30,7.2,11.6,2.2,341,36,831,30.02,,0,0,0,40.6,42.8,44.1,0.41,0.36,0.34
JORD,2016-04-05 12:00:00 EDT,43.06980,-76.47006,402,26.4,26.3,17.2,35.6,2.8,,,,,9.3,14.4,2.3,338,29,10.1,15.0,2.5,342,24,9.3,14.4,2.3,338,29,858,30.02,,0,0,0,40.6,42.8,44.1,0.41,0.36,0.34
JORD,2016-04-05 12:05:00 EDT,43.06980,-76.47006,402,26.0,25.8,17.4,35.0,2.1,,,,,8.2,12.8,2.4,328,15,8.5,14.1,2.5,332,14,8.2,12.8,2.4,328,15,845,30.02,,0,0,0,40.6,42.8,44.1,0.41,0.36,0.34
JORD,2016-04-05 12:10:00 EDT,43.06980,-76.47006,402,26.1,25.9,17.4,35.1,2.2,,,,,8.4,13.4,2.7,308,23,8.6,13.9,2.5,311,24,8.4,13.4,2.7,308,23,848,30.02,,0,0,0,40.6,42.8,44.1,0.41,0.36,0.34
JORD,2016-04-05 12:15:00 EDT,43.06980,-76.47006,402,26.1,25.9,17.4,35.6,2.5,,,,,8.5,15.6,2.8,313,29,8.9,15.9,2.8,315,29,8.5,15.6,2.8,313,29,851,30.02,,0,0,0,40.6,42.8,44.1,0.41,0.36,0.34
JORD,2016-04-05 12:20:00 EDT,43.06980,-76.47006,402,26.0,25.8,16.8,35.0,2.1,,,,,9.2,14.5,2.3,328,20,9.7,14.5,2.3,332,20,9.2,14.5,2.3,328,20,855,30.01,,0,0,0,40.6,42.8,44.1,0.41,0.36,0.34
JORD,2016-04-05 12:25:00 EDT,43.06980,-76.47006,402,26.3,26.2,18.3,35.3,2.5,,,,,7.5,12.0,1.9,295,23,7.9,15.2,2.1,296,22,7.5,12.0,1.9,295,23,858,30.01,,0,0,0,40.6,42.8,44.1,0.41,0.36,0.34
JORD,2016-04-05 12:30:00 EDT,43.06980,-76.47006,402,26.1,26.1,18.1,35.3,2.4,,,,,7.4,12.8,2.7,281,18,7.9,14.1,3.0,282,15,7.4,12.8,2.7,281,18,861,30.01,,0,0,0,40.6,42.8,44.1,0.41,0.36,0.34
JORD,2016-04-05 12:35:00 EDT,43.06980,-76.47006,402,26.5,26.3,19.6,35.7,3.0,,,,,6.2,10.5,2.1,339,35,7.0,11.9,2.1,340,31,6.2,10.5,2.1,339,35,865,30.01,,0,0,0,40.6,42.8,44.1,0.41,0.36,0.34
JORD,2016-04-05 12:40:00 EDT,43.06980,-76.47006,402,26.4,26.1,22.2,35.0,2.4,,,,,3.5,8.0,1.6,341,41,4.2,9.8,1.9,343,44,3.5,8.0,1.6,341,41,869,30.01,,0,0,0,40.6,42.8,44.1,0.41,0.36,0.34
JORD,2016-04-05 12:45:00 EDT,43.06980,-76.47006,402,26.8,26.6,19.1,33.7,2.0,,,,,7.2,14.0,2.8,314,23,7.6,15.9,3.0,318,22,7.2,14.0,2.8,314,23,871,30.01,,0,0,0,40.6,42.8,44.1,0.41,0.36,0.34
JORD,2016-04-05 12:50:00 EDT,43.06980,-76.47006,402,26.0,25.8,18.7,33.6,1.2,,,,,6.5,14.6,4.0,319,16,6.6,16.3,3.9,322,17,6.5,14.6,4.0,319,16,872,30.01,,0,0,0,40.6,42.8,44.1,0.41,0.36,0.34
JORD,2016-04-05 12:55:00 EDT,43.06980,-76.47006,402,26.4,26.3,19.4,33.8,1.6,,,,,6.1,13.6,3.5,314,36,6.9,14.8,3.7,315,36,6.1,13.6,3.5,314,36,874,30.01,,0,0,0,40.6,42.8,44.1,0.41,0.36,0.34
JORD,2016-04-05 13:00:00 EDT,43.06980,-76.47006,402,26.7,26.6,19.3,34.1,2.1,,,,,6.8,11.2,2.4,332,30,7.5,12.3,2.7,334,25,6.8,11.2,2.4,332,30,874,30.01,,0,0,0,40.6,42.7,44.1,0.41,0.36,0.34
JORD,2016-04-05 13:05:00 EDT,43.06980,-76.47006,402,26.9,26.8,20.3,33.7,2.1,,,,,5.8,10.2,1.9,315,20,6.6,12.8,2.1,317,20,5.8,10.2,1.9,315,20,877,30.01,,0,0,0,40.6,42.8,44.1,0.41,0.36,0.34
JORD,2016-04-05 13:10:00 EDT,43.06980,-76.47006,402,26.6,26.4,18.4,32.7,1.1,,,,,7.8,12.9,2.4,308,21,8.4,14.1,2.3,309,21,7.8,12.9,2.4,308,21,877,30.01,,0,0,0,40.6,42.7,44.1,0.41,0.36,0.34
JORD,2016-04-05 13:15:00 EDT,43.06980,-76.47006,402,26.7,26.5,18.9,32.2,0.8,,,,,7.2,14.7,2.4,306,25,7.6,13.4,2.4,307,24,7.2,14.7,2.4,306,25,876,30.01,,0,0,0,40.6,42.8,44.1,0.41,0.36,0.33
JORD,2016-04-05 13:20:00 EDT,43.06980,-76.47006,402,26.6,26.4,20.6,33.1,1.4,,,,,5.1,14.3,3.1,345,19,5.9,16.1,3.5,347,18,5.1,14.3,3.1,345,19,876,30.00,,0,0,0,40.6,42.7,44.1,0.41,0.36,0.34
JORD,2016-04-05 13:25:00 EDT,43.06980,-76.47006,402,26.9,26.8,18.4,31.5,0.6,,,,,8.4,14.2,2.6,325,15,8.7,14.5,2.4,329,14,8.4,14.2,2.6,325,15,874,30.00,,0,0,0,40.6,42.7,44.1,0.41,0.36,0.33
JORD,2016-04-05 13:30:00 EDT,43.06980,-76.47006,402,26.9,26.7,19.1,31.5,0.6,,,,,7.3,12.0,2.3,303,21,7.9,14.8,2.3,303,20,7.3,12.0,2.3,303,21,874,30.00,,0,0,0,40.6,42.6,44.1,0.41,0.36,0.34
JORD,2016-04-05 13:35:00 EDT,43.06980,-76.47006,402,26.8,26.6,19.4,31.1,0.3,,,,,6.8,13.1,2.7,316,26,6.9,13.9,2.6,320,26,6.8,13.1,2.7,316,26,871,30.00,,0,0,0,40.6,42.7,44.1,0.41,0.36,0.33
JORD,2016-04-05 13:40:00 EDT,43.06980,-76.47006,402,26.7,26.6,19.0,30.6,-0.2,,,,,7.2,15.5,2.9,353,17,7.8,17.2,3.1,355,13,7.2,15.5,2.9,353,17,868,30.00,,0,0,0,40.6,42.6,44.1,0.41,0.36,0.33
JORD,2016-04-05 13:45:00 EDT,43.06980,-76.47006,402,27.3,27.1,21.6,31.8,1.1,,,,,4.9,9.3,1.5,340,22,5.5,10.1,1.7,342,17,4.9,9.3,1.5,340,22,866,30.00,,0,0,0,40.6,42.6,44.1,0.41,0.36,0.33
JORD,2016-04-05 13:50:00 EDT,43.06980,-76.47006,402,27.4,27.3,19.8,30.6,0.4,,,,,7.1,13.8,3.1,275,19,8.0,15.0,3.1,276,22,7.1,13.8,3.1,275,19,865,30.00,,0,0,0,40.6,42.6,44.1,0.41,0.36,0.34
JORD,2016-04-05 13:55:00 EDT,43.06980,-76.47006,402,27.3,27.2,19.8,30.6,0.3,,,,,7.0,13.2,2.8,285,19,7.6,15.0,3.0,287,18,7.0,13.2,2.8,285,19,859,30.00,,0,0,0,40.6,42.6,44.1,0.41,0.36,0.33
JORD,2016-04-05 14:00:00 EDT,43.06980,-76.47006,402,27.5,27.3,19.9,30.9,0.7,,,,,7.2,11.7,2.4,334,21,7.9,12.8,2.4,337,22,7.2,11.7,2.4,334,21,855,30.00,,0,0,0,40.6,42.6,44.1,0.41,0.36,0.33
JORD,2016-04-05 14:05:00 EDT,43.06980,-76.47006,402,27.2,27.0,20.7,29.6,-0.4,,,,,5.9,9.9,2.1,6,21,6.5,11.0,2.1,7,22,5.9,9.9,2.1,6,21,851,30.00,,0,0,0,40.6,42.6,44.0,0.41,0.36,0.33
JORD,2016-04-05 14:10:00 EDT,43.06980,-76.47006,402,27.2,27.1,20.4,29.5,-0.5,,,,,6.2,11.6,1.8,338,21,6.8,12.5,1.7,341,17,6.2,11.6,1.8,338,21,847,30.00,,0,0,0,40.6,42.6,44.0,0.41,0.36,0.33
JORD,2016-04-05 14:15:00 EDT,43.06980,-76.47006,402,27.6,27.5,20.8,30.7,0.6,,,,,6.2,9.9,1.8,297,20,6.5,11.0,1.9,299,19,6.2,9.9,1.8,297,20,841,30.00,,0,0,0,40.6,42.6,44.1,0.41,0.36,0.33
JORD,2016-04-05 14:20:00 EDT,43.06980,-76.47006,402,27.8,27.7,20.3,30.9,1.0,,,,,7.2,12.9,2.3,299,15,7.5,12.3,2.4,301,15,7.2,12.9,2.3,299,15,836,30.00,,0,0,0,40.6,42.6,44.1,0.41,0.36,0.33
JORD,2016-04-05 14:25:00 EDT,43.06980,-76.47006,402,27.4,27.2,19.6,30.0,-0.0,,,,,7.5,11.8,2.1,273,14,8.1,13.2,2.3,274,14,7.5,11.8,2.1,273,14,830,30.00,,0,0,0,40.6,42.6,44.1,0.41,0.36,0.33
JORD,2016-04-05 14:30:00 EDT,43.06980,-76.47006,402,27.5,27.4,20.9,29.6,-0.3,,,,,5.9,11.4,2.1,289,26,6.3,13.0,2.3,290,27,5.9,11.4,2.1,289,26,823,30.00,,0,0,0,40.6,42.6,44.1,0.41,0.36,0.33
JORD,2016-04-05 14:35:00 EDT,43.06980,-76.47006,402,27.8,27.6,18.9,29.9,0.3,,,,,9.3,13.2,2.0,301,15,9.6,14.1,2.0,303,15,9.3,13.2,2.0,301,15,817,29.99,,0,0,0,40.6,42.6,44.1,0.41,0.36,0.33
JORD,2016-04-05 14:40:00 EDT,43.06980,-76.47006,402,27.4,27.3,19.9,29.0,-0.8,,,,,7.1,12.6,2.6,276,17,7.7,13.4,2.7,277,15,7.1,12.6,2.6,276,17,810,29.99,,0,0,0,40.6,42.6,44.1,0.41,0.36,0.33
JORD,2016-04-05 14:45:00 EDT,43.06980,-76.47006,402,27.7,27.5,19.8,29.7,0.0,,,,,7.6,13.7,2.4,320,29,8.0,13.6,2.6,325,27,7.6,13.7,2.4,320,29,802,29.99,,0,0,0,40.6,42.6,44.1,0.41,0.36,0.33
JORD,2016-04-05 14:50:00 EDT,43.06980,-76.47006,402,27.6,27.4,19.9,31.1,0.9,,,,,7.5,12.9,2.8,295,20,7.8,14.3,2.9,297,19,7.5,12.9,2.8,295,20,794,29.99,,0,0,0,40.6,42.6,44.0,0.41,0.36,0.33
JORD,2016-04-05 14:55:00 EDT,43.06980,-76.47006,402,27.6,27.5,19.9,30.9,0.8,,,,,7.5,11.1,2.0,271,26,7.9,12.8,2.0,272,26,7.5,11.1,2.0,271,26,786,29.99,,0,0,0,40.6,42.6,44.0,0.41,0.36,0.33
JORD,2016-04-05 15:00:00 EDT,43.06980,-76.47006,402,27.8,27.6,22.7,30.6,0.7,,,,,4.4,7.9,1.3,326,33,5.0,8.1,1.3,326,32,4.4,7.9,1.3,326,33,778,29.99,,0,0,0,40.6,42.6,44.0,0.41,0.36,0.33
JORD,2016-04-05 15:05:00 EDT,43.06980,-76.47006,402,28.2,27.9,21.6,30.9,1.3,,,,,6.1,12.6,2.2,346,23,6.8,14.1,2.3,350,19,6.1,12.6,2.2,346,23,769,29.99,,0,0,0,40.6,42.6,44.0,0.41,0.36,0.33
JORD,2016-04-05 15:10:00 EDT,43.06980,-76.47006,402,28.0,27.7,20.0,30.2,0.6,,,,,8.0,14.1,2.2,300,21,8.3,14.3,2.3,304,21,8.0,14.1,2.2,300,21,760,29.99,,0,0,0,40.6,42.6,44.0,0.41,0.36,0.33
JORD,2016-04-05 15:15:00 EDT,43.06980,-76.47006,402,27.9,27.7,20.9,29.3,-0.1,,,,,6.4,11.1,2.0,333,27,7.3,12.5,2.0,334,27,6.4,11.1,2.0,333,27,749,29.99,,0,0,0,40.6,42.6,43.9,0.41,0.36,0.33
JORD,2016-04-05 15:20:00 EDT,43.06980,-76.47006,402,28.3,28.0,21.4,30.2,0.9,,,,,6.5,11.8,2.4,308,26,6.9,13.2,2.6,309,26,6.5,11.8,2.4,308,26,740,29.99,,0,0,0,40.6,42.6,43.9,0.41,0.36,0.33
JORD,2016-04-05 15:25:00 EDT,43.06980,-76.47006,402,28.0,27.8,22.5,30.3,0.7,,,,,4.9,8.4,1.8,296,30,5.3,9.2,1.8,298,30,4.9,8.4,1.8,296,30,731,29.98,,0,0,0,40.6,42.6,43.9,0.41,0.36,0.33
JORD,2016-04-05 15:30:00 EDT,43.06980,-76.47006,402,28.2,28.1,21.4,29.5,0.4,,,,,6.4,11.0,2.0,297,20,6.8,11.6,2.2,296,19,6.4,11.0,2.0,297,20,720,29.98,,0,0,0,40.6,42.6,43.9,0.41,0.36,0.33
JORD,2016-04-05 15:35:00 EDT,43.06980,-76.47006,402,28.1,27.9,21.4,29.5,0.2,,,,,6.2,12.0,2.4,291,21,6.8,14.1,2.7,293,20,6.2,12.0,2.4,291,21,709,29.99,,0,0,0,40.6,42.6,43.9,0.41,0.36,0.33
JORD,2016-04-05 15:40:00 EDT,43.06980,-76.47006,402,28.2,28.1,21.1,29.8,0.6,,,,,6.8,11.8,2.6,290,16,7.2,14.5,2.8,291,15,6.8,11.8,2.6,290,16,697,29.99,,0,0,0,40.6,42.6,43.9,0.41,0.36,0.33
JORD,2016-04-05 15:45:00 EDT,43.06980,-76.47006,402,28.3,28.1,22.5,30.7,1.3,,,,,5.3,11.2,2.9,292,21,5.7,11.9,3.0,293,19,5.3,11.2,2.9,292,21,686,29.98,,0,0,0,40.6,42.6,43.9,0.41,0.36,0.33
JORD,2016-04-05 15:50:00 EDT,43.06980,-76.47006,402,28.5,28.3,22.2,31.1,1.7,,,,,5.9,9.6,2.1,302,20,6.4,11.0,2.1,306,19,5.9,9.6,2.1,302,20,674,29.99,,0,0,0,40.6,42.6,43.9,0.41,0.36,0.33
JORD,2016-04-05 15:55:00 EDT,43.06980,-76.47006,402,28.5,28.3,22.0,29.9,0.9,,,,,6.0,10.7,2.3,318,32,6.7,12.5,2.4,319,31,6.0,10.7,2.3,318,32,662,29.99,,0,0,0,40.6,42.6,43.9,0.41,0.36,0.33
JORD,2016-04-05 16:00:00 EDT,43.06980,-76.47006,402,28.3,28.1,20.4,28.8,-0.1,,,,,7.9,12.2,2.2,295,18,8.4,13.2,2.1,296,17,7.9,12.2,2.2,295,18,649,29.99,,0,0,0,40.6,42.6,43.9,0.41,0.36,0.33
JORD,2016-04-05 16:05:00 EDT,43.06980,-76.47006,402,28.3,28.1,20.7,30.1,0.9,,,,,7.5,11.5,1.8,302,22,8.1,13.6,1.9,305,22,7.5,11.5,1.8,302,22,636,29.99,,0,0,0,40.6,42.6,43.9,0.41,0.36,0.33
JORD,2016-04-05 16:10:00 EDT,43.06980,-76.47006,402,28.6,28.5,21.5,29.9,1.0,,,,,6.9,10.8,1.4,323,26,7.4,11.6,1.6,327,24,6.9,10.8,1.4,323,26,624,29.98,,0,0,0,40.6,42.6,43.9,0.41,0.36,0.33
JORD,2016-04-05 16:15:00 EDT,43.06980,-76.47006,402,28.3,28.1,20.0,29.2,0.2,,,,,8.5,13.0,2.3,305,12,8.6,14.3,2.4,308,12,8.5,13.0,2.3,305,12,611,29.99,,0,0,0,40.6,42.6,43.9,0.41,0.36,0.33
JORD,2016-04-05 16:20:00 EDT,43.06980,-76.47006,402,28.5,28.4,21.7,29.4,0.5,,,,,6.5,9.8,1.5,330,27,7.0,10.5,1.7,332,24,6.5,9.8,1.5,330,27,596,29.98,,0,0,0,40.6,42.6,43.9,0.41,0.36,0.33
JORD,2016-04-05 16:25:00 EDT,43.06980,-76.47006,402,28.5,28.4,22.5,30.1,1.1,,,,,5.5,10.2,2.0,306,26,5.9,12.3,2.1,308,25,5.5,10.2,2.0,306,26,582,29.98,,0,0,0,40.6,42.6,43.9,0.41,0.36,0.33
JORD,2016-04-05 16:30:00 EDT,43.06980,-76.47006,402,28.3,28.2,22.0,29.6,0.5,,,,,5.8,12.1,2.2,290,30,6.5,13.9,2.5,292,30,5.8,12.1,2.2,290,30,568,29.98,,0,0,0,40.6,42.6,43.9,0.41,0.36,0.33
JORD,2016-04-05 16:35:00 EDT,43.06980,-76.47006,402,28.6,28.4,23.3,30.6,1.5,,,,,4.8,9.6,2.0,318,31,5.3,9.8,1.9,319,31,4.8,9.6,2.0,318,31,553,29.98,,0,0,0,40.6,42.6,43.9,0.41,0.36,0.33
JORD,2016-04-05 16:40:00 EDT,43.06980,-76.47006,402,28.7,28.5,23.0,31.1,1.9,,,,,5.2,9.3,1.9,339,24,5.8,11.0,2.1,342,24,5.2,9.3,1.9,339,24,539,29.98,,0,0,0,40.6,42.6,43.9,0.41,0.36,0.33
JORD,2016-04-05 16:45:00 EDT,43.06980,-76.47006,402,28.6,28.4,21.0,30.1,1.1,,,,,7.5,10.6,1.7,334,15,8.2,12.3,1.9,336,15,7.5,10.6,1.7,334,15,524,29.98,,0,0,0,40.6,42.6,43.9,0.41,0.36,0.33
JORD,2016-04-05 16:50:00 EDT,43.06980,-76.47006,402,28.7,28.6,21.1,30.5,1.5,,,,,7.6,11.7,1.6,338,23,8.1,13.2,1.6,340,15,7.6,11.7,1.6,338,23,509,29.98,,0,0,0,40.6,42.6,43.9,0.41,0.36,0.33
JORD,2016-04-05 16:55:00 EDT,43.06980,-76.47006,402,28.7,28.6,23.4,29.9,1.1,,,,,4.9,8.7,1.5,285,24,5.4,10.5,1.8,288,23,4.9,8.7,1.5,285,24,495,29.98,,0,0,0,40.6,42.6,43.9,0.41,0.36,0.33
JORD,2016-04-05 17:00:00 EDT,43.06980,-76.47006,402,28.6,28.4,22.2,29.2,0.4,,,,,5.9,12.9,2.3,296,26,6.3,13.0,2.4,298,26,5.9,12.9,2.3,296,26,480,29.98,,0,0,0,40.6,42.6,43.9,0.41,0.36,0.33
JORD,2016-04-05 17:05:00 EDT,43.06980,-76.47006,402,28.9,28.7,22.5,30.0,1.3,,,,,6.0,13.1,2.3,305,20,6.4,13.4,2.3,307,18,6.0,13.1,2.3,305,20,465,29.98,,0,0,0,40.6,42.6,43.9,0.41,0.36,0.33
JORD,2016-04-05 17:10:00 EDT,43.06980,-76.47006,402,28.4,28.3,22.1,27.6,-0.9,,,,,5.8,12.6,2.4,281,22,6.3,13.6,2.6,282,22,5.8,12.6,2.4,281,22,448,29.98,,0,0,0,40.6,42.5,43.9,0.41,0.36,0.33
JORD,2016-04-05 17:15:00 EDT,43.06980,-76.47006,402,28.6,28.5,22.1,27.1,-1.1,,,,,6.1,10.5,2.0,275,14,6.8,11.4,2.0,278,13,6.1,10.5,2.0,275,14,432,29.98,,0,0,0,40.6,42.5,43.9,0.41,0.36,0.33
JORD,2016-04-05 17:20:00 EDT,43.06980,-76.47006,402,28.5,28.4,22.4,27.2,-1.2,,,,,5.6,8.8,1.7,274,26,6.2,10.3,1.7,274,27,5.6,8.8,1.7,274,26,416,29.98,,0,0,0,40.6,42.5,43.9,0.41,0.36,0.33
JORD,2016-04-05 17:25:00 EDT,43.06980,-76.47006,402,28.5,28.4,22.7,27.4,-1.0,,,,,5.2,9.3,2.0,284,27,5.8,10.5,2.0,285,26,5.2,9.3,2.0,284,27,399,29.98,,0,0,0,40.5,42.5,43.9,0.41,0.36,0.33
JORD,2016-04-05 17:30:00 EDT,43.06980,-76.47006,402,28.5,28.4,22.1,28.0,-0.5,,,,,6.0,10.6,2.1,333,16,6.4,12.3,2.2,336,15,6.0,10.6,2.1,333,16,382,29.98,,0,0,0,40.6,42.5,43.9,0.41,0.36,0.33
JORD,2016-04-05 17:35:00 EDT,43.06980,-76.47006,402,28.5,28.5,20.9,29.3,0.5,,,,,7.6,13.3,3.1,322,17,8.2,14.8,2.9,325,18,7.6,13.3,3.1,322,17,366,29.98,,0,0,0,40.6,42.5,43.9,0.41,0.36,0.33
JORD,2016-04-05 17:40:00 EDT,43.06980,-76.47006,402,28.2,28.1,21.6,30.1,0.8,,,,,6.1,11.7,2.7,318,12,6.1,11.4,2.5,323,13,6.1,11.7,2.7,318,12,348,29.98,,0,0,0,40.5,42.5,43.9,0.41,0.36,0.33
JORD,2016-04-05 17:45:00 EDT,43.06980,-76.47006,402,28.6,28.4,25.4,32.0,2.4,,,,,3.0,6.5,1.6,307,27,3.4,6.9,1.7,308,28,3.0,6.5,1.6,307,27,332,29.98,,0,0,0,40.5,42.5,43.9,0.41,0.36,0.33
JORD,2016-04-05 17:50:00 EDT,43.06980,-76.47006,402,28.7,28.5,22.1,31.8,2.4,,,,,6.3,11.3,2.2,300,18,6.6,11.4,2.2,301,17,6.3,11.3,2.2,300,18,315,29.98,,0,0,0,40.5,42.5,43.9,0.41,0.36,0.33
JORD,2016-04-05 17:55:00 EDT,43.06980,-76.47006,402,28.5,28.3,21.8,30.8,1.5,,,,,6.3,10.0,1.6,293,14,6.8,11.6,1.8,295,13,6.3,10.0,1.6,293,14,298,29.98,,0,0,0,40.5,42.5,43.9,0.41,0.36,0.33
JORD,2016-04-05 18:00:00 EDT,43.06980,-76.47006,402,28.5,28.4,22.0,32.4,2.6,,,,,6.1,11.4,2.3,306,17,6.6,12.5,2.3,309,18,6.1,11.4,2.3,306,17,281,29.98,,0,0,0,40.5,42.5,43.9,0.41,0.36,0.33
JORD,2016-04-05 18:05:00 EDT,43.06980,-76.47006,402,28.5,28.4,21.2,33.4,3.2,,,,,7.0,12.1,2.3,314,18,7.2,12.3,2.3,317,17,7.0,12.1,2.3,314,18,264,29.98,,0,0,0,40.5,42.5,43.9,0.41,0.36,0.33
JORD,2016-04-05 18:10:00 EDT,43.06980,-76.47006,402,28.3,28.3,21.7,33.0,2.9,,,,,6.2,10.5,1.9,291,24,6.8,12.1,1.9,292,23,6.2,10.5,1.9,291,24,248,29.98,,0,0,0,40.5,42.4,43.9,0.41,0.36,0.33
JORD,2016-04-05 18:15:00 EDT,43.06980,-76.47006,402,28.3,28.2,20.6,32.9,2.8,,,,,7.6,10.7,1.7,279,16,8.2,13.0,1.9,281,14,7.6,10.7,1.7,279,16,232,29.98,,0,0,0,40.5,42.4,43.9,0.41,0.36,0.33
JORD,2016-04-05 18:20:00 EDT,43.06980,-76.47006,402,28.2,28.0,21.8,32.5,2.4,,,,,5.9,10.7,2.3,284,16,6.2,11.9,2.5,285,15,5.9,10.7,2.3,284,16,215,29.98,,0,0,0,40.5,42.4,43.9,0.41,0.36,0.33
JORD,2016-04-05 18:25:00 EDT,43.06980,-76.47006,402,28.2,28.2,21.9,32.1,2.2,,,,,5.9,8.9,1.5,285,20,6.3,9.4,1.6,286,19,5.9,8.9,1.5,285,20,199,29.98,,0,0,0,40.5,42.4,43.9,0.41,0.36,0.33
JORD,2016-04-05 18:30:00 EDT,43.06980,-76.47006,402,28.1,28.0,20.8,31.8,1.8,,,,,7.0,11.8,1.9,285,14,7.5,13.4,2.2,286,13,7.0,11.8,1.9,285,14,183,29.98,,0,0,0,40.5,42.4,43.9,0.41,0.36,0.33
JORD,2016-04-05 18:35:00 EDT,43.06980,-76.47006,402,28.1,28.0,21.8,31.4,1.6,,,,,5.7,10.2,1.6,290,16,6.3,11.2,1.8,293,15,5.7,10.2,1.6,290,16,168,29.97,,0,0,0,40.5,42.4,43.9,0.41,0.36,0.33
JORD,2016-04-05 18:40:00 EDT,43.06980,-76.47006,402,28.0,28.0,21.5,30.9,1.2,,,,,6.0,11.7,2.3,282,15,6.4,13.0,2.3,284,13,6.0,11.7,2.3,282,15,153,29.97,,0,0,0,40.5,42.4,43.9,0.41,0.36,0.33
JORD,2016-04-05 18:45:00 EDT,43.06980,-76.47006,402,28.0,28.1,21.7,31.3,1.4,,,,,5.8,12.6,2.3,287,19,6.3,14.1,2.6,288,19,5.8,12.6,2.3,287,19,138,29.97,,0,0,0,40.5,42.4,43.9,0.41,0.36,0.33
JORD,2016-04-05 18:50:00 EDT,43.06980,-76.47006,402,28.1,28.1,23.0,30.0,0.6,,,,,4.5,10.4,2.1,266,14,4.8,10.5,2.2,268,13,4.5,10.4,2.1,266,14,122,29.97,,0,0,0,40.5,42.4,43.9,0.41,0.36,0.33
JORD,2016-04-05 18:55:00 EDT,43.06980,-76.47006,402,28.0,28.1,23.0,31.6,1.6,,,,,4.3,7.7,1.6,300,23,4.7,8.5,1.7,304,24,4.3,7.7,1.6,300,23,104,29.97,,0,0,0,40.5,42.4,43.9,0.41,0.36,0.33
JORD,2016-04-05 19:00:00 EDT,43.06980,-76.47006,402,27.9,27.9,23.0,31.4,1.4,,,,,4.3,8.0,1.3,298,19,4.7,9.8,1.6,298,18,4.3,8.0,1.3,298,19,85,29.97,,0,0,0,40.5,42.4,43.9,0.41,0.36,0.33
JORD,2016-04-05 19:05:00 EDT,43.06980,-76.47006,402,27.8,27.8,23.5,31.6,1.5,,,,,3.8,7.4,1.7,307,19,4.1,8.7,1.7,308,19,3.8,7.4,1.7,307,19,68,29.97,,0,0,0,40.5,42.4,43.9,0.41,0.36,0.33
JORD,2016-04-05 19:10:00 EDT,43.06980,-76.47006,402,27.5,27.6,23.0,32.3,1.7,,,,,3.9,7.7,1.2,287,17,4.1,7.4,1.2,290,15,3.9,7.7,1.2,287,17,53,29.97,,0,0,0,40.5,42.4,43.9,0.41,0.36,0.33
JORD,2016-04-05 19:15:00 EDT,43.06980,-76.47006,402,27.4,27.6,23.7,32.0,1.4,,,,,3.3,6.1,1.3,296,17,3.5,7.2,1.3,298,16,3.3,6.1,1.3,296,17,30,29.96,,0,0,0,40.5,42.4,43.9,0.41,0.36,0.33
JORD,2016-04-05 19:20:00 EDT,43.06980,-76.47006,402,27.4,27.6,23.2,31.5,1.0,,,,,3.7,7.5,1.6,294,18,4.0,8.5,1.6,295,18,3.7,7.5,1.6,294,18,15,29.96,,0,0,0,40.5,42.4,43.9,0.41,0.36,0.33
JORD,2016-04-05 19:25:00 EDT,43.06980,-76.47006,402,27.0,27.3,27.0,33.7,2.2,,,,,2.6,4.3,1.0,309,17,2.8,5.4,1.0,313,16,2.6,4.3,1.0,309,17,12,29.96,,0,0,0,40.5,42.4,43.9,0.41,0.36,0.33
JORD,2016-04-05 19:30:00 EDT,43.06980,-76.47006,402,27.0,27.2,27.0,33.6,2.1,,,,,2.6,4.2,0.7,304,21,2.7,4.9,0.7,307,21,2.6,4.2,0.7,304,21,10,29.96,,0,0,0,40.5,42.4,43.9,0.41,0.36,0.33
JORD,2016-04-05 19:35:00 EDT,43.06980,-76.47006,402,26.8,27.0,26.8,33.5,1.9,,,,,2.3,4.4,0.5,280,13,2.6,4.5,0.6,283,14,2.3,4.4,0.5,280,13,7,29.96,,0,0,0,40.5,42.4,43.9,0.41,0.36,0.33
JORD,2016-04-05 19:40:00 EDT,43.06980,-76.47006,402,26.8,27.0,21.8,32.8,1.4,,,,,4.2,6.7,1.2,288,16,4.6,8.1,1.4,291,16,4.2,6.7,1.2,288,16,4,29.95,,0,0,0,40.5,42.4,43.9,0.41,0.36,0.33
JORD,2016-04-05 19:45:00 EDT,43.06980,-76.47006,402,26.8,26.9,23.0,31.9,0.8,,,,,3.3,5.1,0.9,276,11,3.6,5.8,1.0,277,10,3.3,5.1,0.9,276,11,2,29.95,,0,0,0,40.5,42.4,43.9,0.41,0.36,0.33
JORD,2016-04-05 19:50:00 EDT,43.06980,-76.47006,402,26.6,26.7,22.0,33.2,1.5,,,,,3.9,5.8,0.9,274,13,4.1,6.3,1.0,277,13,3.9,5.8,0.9,274,13,1,29.95,,0,0,0,40.5,42.4,43.9,0.41,0.36,0.33
JORD,2016-04-05 19:55:00 EDT,43.06980,-76.47006,402,26.5,26.7,22.9,33.4,1.5,,,,,3.2,4.4,0.7,274,12,3.4,4.7,0.7,275,13,3.2,4.4,0.7,274,12,0,29.96,,0,0,0,40.5,42.4,43.9,0.41,0.36,0.33
JORD,2016-04-05 20:00:00 EDT,43.06980,-76.47006,402,26.2,26.5,26.2,34.5,1.9,,,,,2.9,4.2,0.7,278,12,3.0,4.9,0.8,279,12,2.9,4.2,0.7,278,12,0,29.96,,0,0,0,40.5,42.4,43.9,0.41,0.36,0.34
JORD,2016-04-05 20:05:00 EDT,43.06980,-76.47006,402,26.0,26.3,26.0,35.4,2.3,,,,,2.6,4.5,0.7,278,14,2.8,5.4,0.8,279,14,2.6,4.5,0.7,278,14,0,29.96,,0,0,0,40.5,42.4,43.9,0.41,0.36,0.33
JORD,2016-04-05 20:10:00 EDT,43.06980,-76.47006,402,25.8,26.2,25.8,36.8,3.0,,,,,2.3,3.8,0.5,266,11,2.5,4.0,0.5,267,12,2.3,3.8,0.5,266,11,0,29.96,,0,0,0,40.4,42.4,43.9,0.41,0.36,0.33
JORD,2016-04-05 20:15:00 EDT,43.06980,-76.47006,402,25.8,26.3,25.8,37.9,3.6,,,,,1.4,2.6,0.5,250,12,1.5,2.7,0.5,246,17,1.4,2.6,0.5,250,12,0,29.96,,0,0,0,40.5,42.4,43.9,0.41,0.36,0.33
JORD,2016-04-05 20:20:00 EDT,43.06980,-76.47006,402,25.3,26.3,25.3,37.6,3.0,,,,,0.5,1.3,0.4,247,22,0.8,1.6,0.3,259,34,0.5,1.3,0.4,247,22,0,29.96,,0,0,0,40.4,42.4,43.9,0.41,0.36,0.33
JORD,2016-04-05 20:25:00 EDT,43.06980,-76.47006,402,25.0,26.1,25.0,38.4,3.1,,,,,0.0,0.0,0.0,0,0,0.7,0.9,0.2,247,22,0.0,0.0,0.0,0,0,0,29.96,,0,0,0,40.3,42.4,43.9,0.41,0.36,0.33
JORD,2016-04-05 20:30:00 EDT,43.06980,-76.47006,402,24.2,25.9,24.2,41.4,4.1,,,,,0.3,1.5,0.6,207,0,0.9,1.8,0.4,215,9,0.3,1.5,0.6,207,0,0,29.95,,0,0,0,40.3,42.4,43.8,0.41,0.36,0.33
JORD,2016-04-05 20:35:00 EDT,43.06980,-76.47006,402,24.3,25.5,24.3,42.6,4.8,,,,,1.1,1.5,0.3,207,5,1.3,1.8,0.2,206,8,1.1,1.5,0.3,207,5,0,29.95,,0,0,0,40.3,42.4,43.8,0.41,0.36,0.33
JORD,2016-04-05 20:40:00 EDT,43.06980,-76.47006,402,23.8,25.4,23.8,45.2,5.6,,,,,0.1,0.7,0.2,206,0,0.7,1.1,0.3,179,13,0.1,0.7,0.2,206,0,0,29.95,,0,0,0,40.3,42.4,43.8,0.41,0.36,0.33
JORD,2016-04-05 20:45:00 EDT,43.06980,-76.47006,402,23.8,24.7,23.8,46.1,6.0,,,,,0.1,0.8,0.2,207,0,0.7,1.3,0.3,162,36,0.1,0.8,0.2,207,0,0,29.95,,0,0,0,40.3,42.4,43.8,0.41,0.36,0.34
JORD,2016-04-05 20:50:00 EDT,43.06980,-76.47006,402,23.0,24.5,23.0,50.8,7.4,,,,,1.6,2.4,0.6,150,8,1.9,2.7,0.4,148,10,1.6,2.4,0.6,150,8,0,29.95,,0,0,0,40.3,42.4,43.7,0.41,0.36,0.33
JORD,2016-04-05 20:55:00 EDT,43.06980,-76.47006,402,23.0,24.4,23.0,51.6,7.8,,,,,1.5,1.9,0.2,157,9,1.7,2.5,0.3,154,11,1.5,1.9,0.2,157,9,0,29.95,,0,0,0,40.3,42.4,43.8,0.41,0.36,0.34
JORD,2016-04-05 21:00:00 EDT,43.06980,-76.47006,402,23.1,23.9,23.1,53.3,8.6,,,,,0.9,1.5,0.3,149,9,1.2,2.0,0.3,146,12,0.9,1.5,0.3,149,9,0,29.95,,0,0,0,40.3,42.4,43.8,0.41,0.36,0.33
JORD,2016-04-05 21:05:00 EDT,43.06980,-76.47006,402,22.4,23.9,22.4,53.1,7.9,,,,,0.9,1.6,0.2,149,5,1.2,1.8,0.2,155,11,0.9,1.6,0.2,149,5,0,29.95,,0,0,0,40.3,42.4,43.7,0.41,0.36,0.33
JORD,2016-04-05 21:10:00 EDT,43.06980,-76.47006,402,22.7,23.6,22.7,52.4,7.9,,,,,1.2,1.5,0.2,154,7,1.5,2.2,0.3,153,8,1.2,1.5,0.2,154,7,0,29.95,,0,0,0,40.3,42.4,43.7,0.41,0.36,0.33
JORD,2016-04-05 21:15:00 EDT,43.06980,-76.47006,402,22.7,23.2,22.7,54.9,8.8,,,,,1.2,1.8,0.2,151,7,1.4,2.0,0.3,150,10,1.2,1.8,0.2,151,7,0,29.95,,0,0,0,40.3,42.4,43.7,0.41,0.36,0.34
JORD,2016-04-05 21:20:00 EDT,43.06980,-76.47006,402,22.3,22.9,22.3,58.0,9.8,,,,,0.6,1.0,0.2,149,8,1.0,1.3,0.2,151,16,0.6,1.0,0.2,149,8,0,29.96,,0,0,0,40.3,42.4,43.7,0.41,0.36,0.33
JORD,2016-04-05 21:25:00 EDT,43.06980,-76.47006,402,22.1,22.7,22.1,59.7,10.2,,,,,1.0,1.5,0.2,142,12,1.2,1.6,0.2,138,13,1.0,1.5,0.2,142,12,0,29.95,,0,0,0,40.3,42.4,43.7,0.41,0.36,0.33
JORD,2016-04-05 21:30:00 EDT,43.06980,-76.47006,402,21.9,22.3,21.9,59.7,10.1,,,,,1.5,1.9,0.2,120,3,1.6,2.0,0.2,124,5,1.5,1.9,0.2,120,3,0,29.95,,0,0,0,40.3,42.4,43.7,0.41,0.36,0.34
JORD,2016-04-05 21:35:00 EDT,43.06980,-76.47006,402,21.5,21.8,21.5,60.1,9.8,,,,,1.4,1.7,0.1,123,4,1.5,1.8,0.1,124,6,1.4,1.7,0.1,123,4,0,29.95,,0,0,0,40.3,42.4,43.7,0.41,0.36,0.34
JORD,2016-04-05 21:40:00 EDT,43.06980,-76.47006,402,21.1,21.4,21.1,61.7,10.0,,,,,1.3,1.5,0.1,131,16,1.4,1.8,0.1,136,16,1.3,1.5,0.1,131,16,0,29.95,,0,0,0,40.3,42.4,43.7,0.41,0.36,0.33
JORD,2016-04-05 21:45:00 EDT,43.06980,-76.47006,402,20.7,21.3,20.7,62.3,9.8,,,,,0.2,1.2,0.4,171,1,0.6,1.8,0.4,155,22,0.2,1.2,0.4,171,1,0,29.95,,0,0,0,40.3,42.4,43.7,0.41,0.36,0.34
JORD,2016-04-05 21:50:00 EDT,43.06980,-76.47006,402,20.5,21.1,20.5,58.2,8.2,,,,,0.1,0.9,0.2,174,0,0.8,1.3,0.3,136,13,0.1,0.9,0.2,174,0,0,29.95,,0,0,0,40.3,42.4,43.7,0.41,0.36,0.34
JORD,2016-04-05 21:55:00 EDT,43.06980,-76.47006,402,20.6,21.3,20.6,59.3,8.6,,,,,0.5,1.2,0.3,168,5,0.9,1.6,0.2,160,12,0.5,1.2,0.3,168,5,0,29.95,,0,0,0,40.3,42.4,43.7,0.41,0.36,0.34
JORD,2016-04-05 22:00:00 EDT,43.06980,-76.47006,402,20.5,21.2,20.5,59.5,8.6,,,,,0.8,1.2,0.3,144,0,1.1,1.6,0.2,139,9,0.8,1.2,0.3,144,0,0,29.95,,0,0,0,40.3,42.4,43.7,0.41,0.36,0.34
JORD,2016-04-05 22:05:00 EDT,43.06980,-76.47006,402,20.2,21.1,20.2,60.0,8.6,,,,,0.7,0.9,0.1,144,0,1.0,1.3,0.1,142,6,0.7,0.9,0.1,144,0,0,29.95,,0,0,0,40.3,42.4,43.7,0.41,0.36,0.33
JORD,2016-04-05 22:10:00 EDT,43.06980,-76.47006,402,19.6,20.9,19.6,60.9,8.3,,,,,0.7,0.9,0.1,143,1,1.0,1.3,0.1,137,8,0.7,0.9,0.1,143,1,0,29.95,,0,0,0,40.3,42.4,43.7,0.41,0.36,0.33
JORD,2016-04-05 22:15:00 EDT,43.06980,-76.47006,402,19.6,20.9,19.6,61.7,8.6,,,,,0.7,1.0,0.2,135,6,1.0,1.3,0.2,125,8,0.7,1.0,0.2,135,6,0,29.95,,0,0,0,40.3,42.4,43.7,0.41,0.36,0.33
JORD,2016-04-05 22:20:00 EDT,43.06980,-76.47006,402,19.6,20.9,19.6,61.0,8.3,,,,,1.0,1.3,0.2,114,2,1.3,1.6,0.2,113,8,1.0,1.3,0.2,114,2,0,29.95,,0,0,0,40.2,42.4,43.7,0.41,0.36,0.33
JORD,2016-04-05 22:25:00 EDT,43.06980,-76.47006,402,19.0,20.6,19.0,61.3,7.9,,,,,1.1,1.5,0.1,113,0,1.2,1.6,0.1,126,3,1.1,1.5,0.1,113,0,0,29.94,,0,0,0,40.2,42.4,43.7,0.41,0.36,0.33
JORD,2016-04-05 22:30:00 EDT,43.06980,-76.47006,402,19.6,20.6,19.6,61.7,8.6,,,,,1.5,1.8,0.1,114,0,1.6,1.8,0.1,121,5,1.5,1.8,0.1,114,0,0,29.94,,0,0,0,40.2,42.4,43.7,0.41,0.36,0.33
JORD,2016-04-05 22:35:00 EDT,43.06980,-76.47006,402,19.7,20.3,19.7,59.4,7.8,,,,,0.9,1.3,0.2,127,12,1.1,1.3,0.2,140,13,0.9,1.3,0.2,127,12,0,29.94,,0,0,0,40.2,42.4,43.7,0.41,0.36,0.33
JORD,2016-04-05 22:40:00 EDT,43.06980,-76.47006,402,19.5,20.1,19.5,60.3,7.9,,,,,0.3,0.8,0.3,150,1,0.8,1.3,0.3,171,24,0.3,0.8,0.3,150,1,0,29.94,,0,0,0,40.1,42.3,43.7,0.41,0.36,0.33
JORD,2016-04-05 22:45:00 EDT,43.06980,-76.47006,402,19.2,20.4,19.2,60.2,7.7,,,,,0.1,0.7,0.2,172,0,0.6,1.1,0.2,179,27,0.1,0.7,0.2,172,0,0,29.94,,0,0,0,40.1,42.3,43.7,0.41,0.36,0.33
JORD,2016-04-05 22:50:00 EDT,43.06980,-76.47006,402,19.1,20.3,19.1,61.2,7.9,,,,,0.7,2.6,0.8,154,8,1.2,2.7,0.7,150,12,0.7,2.6,0.8,154,8,0,29.94,,0,0,0,40.1,42.3,43.7,0.41,0.36,0.33
JORD,2016-04-05 22:55:00 EDT,43.06980,-76.47006,402,18.3,20.2,18.3,62.0,7.4,,,,,1.3,1.8,0.2,132,16,1.5,2.2,0.3,130,16,1.3,1.8,0.2,132,16,0,29.94,,0,0,0,40.1,42.3,43.7,0.41,0.36,0.33
JORD,2016-04-05 23:00:00 EDT,43.06980,-76.47006,402,18.5,20.0,18.5,61.4,7.4,,,,,1.1,1.5,0.2,121,13,1.3,1.6,0.2,122,11,1.1,1.5,0.2,121,13,0,29.94,,0,0,0,40.1,42.3,43.7,0.41,0.36,0.33
JORD,2016-04-05 23:05:00 EDT,43.06980,-76.47006,402,18.5,20.1,18.5,61.6,7.5,,,,,0.2,0.8,0.3,126,3,0.9,1.1,0.1,106,13,0.2,0.8,0.3,126,3,0,29.94,,0,0,0,40.1,42.3,43.7,0.41,0.36,0.33
JORD,2016-04-05 23:10:00 EDT,43.06980,-76.47006,402,18.7,20.0,18.7,63.0,8.2,,,,,0.9,1.5,0.4,122,0,1.1,1.6,0.2,121,6,0.9,1.5,0.4,122,0,0,29.93,,0,0,0,40.1,42.3,43.7,0.41,0.36,0.33
JORD,2016-04-05 23:15:00 EDT,43.06980,-76.47006,402,18.9,19.9,18.9,62.0,8.1,,,,,0.7,1.2,0.2,115,2,1.1,1.3,0.2,108,6,0.7,1.2,0.2,115,2,0,29.93,,0,0,0,40.1,42.3,43.7,0.41,0.36,0.33
JORD,2016-04-05 23:20:00 EDT,43.06980,-76.47006,402,18.8,19.8,18.8,62.4,8.1,,,,,0.9,1.2,0.2,125,8,1.0,1.6,0.2,129,7,0.9,1.2,0.2,125,8,0,29.93,,0,0,0,40.1,42.3,43.7,0.41,0.36,0.33
JORD,2016-04-05 23:25:00 EDT,43.06980,-76.47006,402,18.7,19.8,18.7,62.1,7.8,,,,,0.1,0.7,0.2,132,0,0.5,0.9,0.2,143,20,0.1,0.7,0.2,132,0,0,29.93,,0,0,0,40.1,42.3,43.7,0.41,0.36,0.33
JORD,2016-04-05 23:30:00 EDT,43.06980,-76.47006,402,19.0,20.4,19.0,61.3,7.8,,,,,0.5,1.2,0.3,143,13,0.9,1.6,0.3,142,19,0.5,1.2,0.3,143,13,0,29.93,,0,0,0,40.1,42.3,43.7,0.41,0.36,0.33
JORD,2016-04-05 23:35:00 EDT,43.06980,-76.47006,402,18.9,20.5,18.9,58.3,6.7,,,,,1.2,1.7,0.2,125,8,1.4,1.8,0.2,125,10,1.2,1.7,0.2,125,8,0,29.93,,0,0,0,40.1,42.3,43.7,0.41,0.36,0.33
JORD,2016-04-05 23:40:00 EDT,43.06980,-76.47006,402,18.9,20.4,18.9,60.0,7.3,,,,,1.8,2.5,0.3,114,3,1.9,2.7,0.3,116,6,1.8,2.5,0.3,114,3,0,29.93,,0,0,0,40.1,42.3,43.7,0.41,0.36,0.33
JORD,2016-04-05 23:45:00 EDT,43.06980,-76.47006,402,19.2,20.5,19.2,58.2,6.9,,,,,1.8,2.3,0.2,114,7,1.9,2.5,0.2,117,8,1.8,2.3,0.2,114,7,0,29.93,,0,0,0,40.1,42.3,43.7,0.41,0.36,0.33
JORD,2016-04-05 23:50:00 EDT,43.06980,-76.47006,402,18.2,20.5,18.2,57.1,5.5,,,,,1.2,1.7,0.2,120,13,1.3,1.6,0.2,118,15,1.2,1.7,0.2,120,13,0,29.93,,0,0,0,40.1,42.3,43.7,0.41,0.36,0.33
JORD,2016-04-05 23:55:00 EDT,43.06980,-76.47006,402,18.8,20.6,18.8,57.7,6.3,,,,,1.2,1.8,0.3,133,5,1.3,2.0,0.3,134,10,1.2,1.8,0.3,133,5,0,29.93,,0,0,0,40.1,42.3,43.7,0.41,0.36,0.33
LAUR,2016-04-05 00:00:00 EDT,42.52526,-75.13690,1627,19.4,19.0,13.0,78.4,13.8,,,,,4.4,7.2,1.3,328,24,,,,,,4.4,7.2,1.3,328,24,0,28.33,,0,0,0,39.0,41.2,41.7,0.45,0.45,0.44
LAUR,2016-04-05 00:05:00 EDT,42.52526,-75.13690,1627,19.3,18.9,13.8,78.3,13.6,,,,,3.7,7.0,1.5,327,24,,,,,,3.7,7.0,1.5,327,24,0,28.33,,0,0,0,39.0,41.2,41.7,0.45,0.45,0.44
LAUR,2016-04-05 00:10:00 EDT,42.52526,-75.13690,1627,19.2,18.8,14.5,77.4,13.3,,,,,3.2,9.2,1.3,325,33,,,,,,3.2,9.2,1.3,325,33,0,28.33,,0,0,0,39.0,41.2,41.7,0.45,0.45,0.44
LAUR,2016-04-05 00:15:00 EDT,42.52526,-75.13690,1627,19.1,18.7,14.2,76.3,12.9,,,,,3.3,7.2,1.9,345,30,,,,,,3.3,7.2,1.9,345,30,0,28.33,,0,0,0,39.0,41.2,41.7,0.45,0.45,0.44
LAUR,2016-04-05 00:20:00 EDT,42.52526,-75.13690,1627,19.1,18.7,14.5,75.5,12.7,,,,,3.2,7.2,1.4,344,32,,,,,,3.2,7.2,1.4,344,32,0,28.33,,0,0,0,39.0,41.2,41.7,0.45,0.45,0.44
LAUR,2016-04-05 00:25:00 EDT,42.52526,-75.13690,1627,19.1,18.6,12.5,75.3,12.6,,,,,4.5,10.4,1.9,346,24,,,,,,4.5,10.4,1.9,346,24,0,28.34,,0,0,0,39.0,41.2,41.7,0.45,0.45,0.44
LAUR,2016-04-05 00:30:00 EDT,42.52526,-75.13690,1627,19.1,18.6,14.2,74.6,12.3,,,,,3.3,6.0,1.1,319,26,,,,,,3.3,6.0,1.1,319,26,0,28.34,,0,0,0,39.0,41.2,41.7,0.45,0.45,0.44
LAUR,2016-04-05 00:35:00 EDT,42.52526,-75.13690,1627,19.0,18.5,12.7,74.3,12.2,,,,,4.3,8.2,1.5,322,24,,,,,,4.3,8.2,1.5,322,24,0,28.34,,0,0,0,39.0,41.2,41.7,0.45,0.45,0.44
LAUR,2016-04-05 00:40:00 EDT,42.52526,-75.13690,1627,18.9,18.5,12.5,74.0,12.0,,,,,4.4,8.4,1.4,322,20,,,,,,4.4,8.4,1.4,322,20,0,28.34,,0,0,0,39.0,41.2,41.7,0.45,0.45,0.44
LAUR,2016-04-05 00:45:00 EDT,42.52526,-75.13690,1627,18.9,18.4,12.8,73.8,11.9,,,,,4.1,7.1,1.1,319,21,,,,,,4.1,7.1,1.1,319,21,0,28.34,,0,0,0,39.0,41.1,41.7,0.45,0.45,0.44
LAUR,2016-04-05 00:50:00 EDT,42.52526,-75.13690,1627,18.9,18.4,18.9,73.9,11.9,,,,,2.9,6.5,1.3,327,26,,,,,,2.9,6.5,1.3,327,26,0,28.34,,0,0,0,39.0,41.1,41.7,0.45,0.45,0.44
LAUR,2016-04-05 00:55:00 EDT,42.52526,-75.13690,1627,18.8,18.4,18.8,72.3,11.4,,,,,3.0,7.5,1.7,332,31,,,,,,3.0,7.5,1.7,332,31,0,28.34,,0,0,0,39.0,41.1,41.7,0.45,0.45,0.44
LAUR,2016-04-05 01:00:00 EDT,42.52526,-75.13690,1627,18.8,18.3,12.7,71.9,11.3,,,,,4.1,11.3,2.5,326,32,,,,,,4.1,11.3,2.5,326,32,0,28.34,,0,0,0,39.0,41.1,41.7,0.45,0.45,0.44
LAUR,2016-04-05 01:05:00 EDT,42.52526,-75.13690,1627,18.7,18.3,14.1,71.7,11.1,,,,,3.1,5.8,1.3,348,30,,,,,,3.1,5.8,1.3,348,30,0,28.34,,0,0,0,39.0,41.1,41.7,0.45,0.45,0.44
LAUR,2016-04-05 01:10:00 EDT,42.52526,-75.13690,1627,18.7,18.2,13.8,71.1,10.9,,,,,3.3,8.6,1.8,336,33,,,,,,3.3,8.6,1.8,336,33,0,28.34,,0,0,0,39.0,41.1,41.7,0.45,0.45,0.44
LAUR,2016-04-05 01:15:00 EDT,42.52526,-75.13690,1627,18.6,18.1,13.7,71.2,10.8,,,,,3.3,9.5,2.2,345,30,,,,,,3.3,9.5,2.2,345,30,0,28.34,,0,0,0,39.0,41.1,41.7,0.45,0.45,0.44
LAUR,2016-04-05 01:20:00 EDT,42.52526,-75.13690,1627,18.5,18.1,12.0,70.8,10.6,,,,,4.4,8.8,1.8,329,30,,,,,,4.4,8.8,1.8,329,30,0,28.35,,0,0,0,39.0,41.1,41.7,0.45,0.45,0.44
LAUR,2016-04-05 01:25:00 EDT,42.52526,-75.13690,1627,18.3,17.9,13.0,70.8,10.4,,,,,3.5,7.5,1.4,303,25,,,,,,3.5,7.5,1.4,303,25,0,28.35,,0,0,0,39.0,41.1,41.7,0.45,0.45,0.44
LAUR,2016-04-05 01:30:00 EDT,42.52526,-75.13690,1627,18.1,17.8,18.1,71.5,10.5,,,,,2.4,5.3,1.1,319,23,,,,,,2.4,5.3,1.1,319,23,0,28.35,,0,0,0,39.0,41.1,41.7,0.45,0.45,0.44
LAUR,2016-04-05 01:35:00 EDT,42.52526,-75.13690,1627,18.1,17.7,13.3,70.8,10.2,,,,,3.2,6.4,1.4,345,35,,,,,,3.2,6.4,1.4,345,35,0,28.35,,0,0,0,39.0,41.1,41.7,0.45,0.45,0.44
LAUR,2016-04-05 01:40:00 EDT,42.52526,-75.13690,1627,17.9,17.5,17.9,71.3,10.2,,,,,3.0,7.9,1.4,325,39,,,,,,3.0,7.9,1.4,325,39,0,28.35,,0,0,0,39.0,41.1,41.7,0.45,0.45,0.44
LAUR,2016-04-05 01:45:00 EDT,42.52526,-75.13690,1627,17.9,17.5,12.9,72.4,10.5,,,,,3.3,7.4,1.5,344,38,,,,,,3.3,7.4,1.5,344,38,0,28.35,,0,0,0,39.0,41.1,41.7,0.45,0.45,0.44
LAUR,2016-04-05 01:50:00 EDT,42.52526,-75.13690,1627,17.8,17.5,17.8,72.2,10.4,,,,,2.5,4.3,0.6,299,23,,,,,,2.5,4.3,0.6,299,23,0,28.35,,0,0,0,39.0,41.1,41.7,0.45,0.45,0.44
LAUR,2016-04-05 01:55:00 EDT,42.52526,-75.13690,1627,17.8,17.4,17.8,72.2,10.4,,,,,2.5,5.5,1.2,320,36,,,,,,2.5,5.5,1.2,320,36,0,28.35,,0,0,0,39.0,41.0,41.7,0.45,0.45,0.44
LAUR,2016-04-05 02:00:00 EDT,42.52526,-75.13690,1627,17.8,17.3,17.8,70.6,9.8,,,,,2.5,7.2,1.6,315,31,,,,,,2.5,7.2,1.6,315,31,0,28.35,,0,0,0,39.0,41.1,41.7,0.45,0.45,0.44
LAUR,2016-04-05 02:05:00 EDT,42.52526,-75.13690,1627,17.5,17.2,17.5,69.6,9.3,,,,,2.9,5.8,1.1,309,36,,,,,,2.9,5.8,1.1,309,36,0,28.35,,0,0,0,39.0,41.0,41.7,0.45,0.45,0.44
LAUR,2016-04-05 02:10:00 EDT,42.52526,-75.13690,1627,17.4,17.1,17.4,69.8,9.3,,,,,2.8,6.7,1.3,316,33,,,,,,2.8,6.7,1.3,316,33,0,28.35,,0,0,0,39.0,41.0,41.7,0.45,0.45,0.44
LAUR,2016-04-05 02:15:00 EDT,42.52526,-75.13690,1627,17.5,17.1,17.5,69.0,9.0,,,,,2.9,5.7,1.2,345,39,,,,,,2.9,5.7,1.2,345,39,0,28.35,,0,0,0,39.0,41.0,41.7,0.45,0.45,0.44
LAUR,2016-04-05 02:20:00 EDT,42.52526,-75.13690,1627,17.4,17.0,17.4,68.8,8.9,,,,,2.0,5.3,1.3,321,48,,,,,,2.0,5.3,1.3,321,48,0,28.35,,0,0,0,39.0,41.0,41.7,0.45,0.45,0.44
LAUR,2016-04-05 02:25:00 EDT,42.52526,-75.13690,1627,17.4,16.9,17.4,68.3,8.7,,,,,2.6,6.1,1.5,343,36,,,,,,2.6,6.1,1.5,343,36,0,28.35,,0,0,0,39.0,41.0,41.7,0.45,0.45,0.44
LAUR,2016-04-05 02:30:00 EDT,42.52526,-75.13690,1627,17.3,16.8,17.3,68.5,8.7,,,,,1.9,7.0,1.9,334,30,,,,,,1.9,7.0,1.9,334,30,0,28.36,,0,0,0,39.0,41.0,41.7,0.45,0.45,0.44
LAUR,2016-04-05 02:35:00 EDT,42.52526,-75.13690,1627,17.2,16.7,17.2,68.9,8.8,,,,,2.7,6.6,1.8,353,25,,,,,,2.7,6.6,1.8,353,25,0,28.36,,0,0,0,39.0,41.0,41.7,0.45,0.45,0.44
LAUR,2016-04-05 02:40:00 EDT,42.52526,-75.13690,1627,17.1,16.7,17.1,68.2,8.4,,,,,1.7,5.6,1.3,357,34,,,,,,1.7,5.6,1.3,357,34,0,28.36,,0,0,0,39.0,41.0,41.7,0.45,0.45,0.44
LAUR,2016-04-05 02:45:00 EDT,42.52526,-75.13690,1627,16.8,16.4,16.8,69.0,8.4,,,,,1.0,2.9,0.6,288,37,,,,,,1.0,2.9,0.6,288,37,0,28.36,,0,0,0,39.0,41.0,41.7,0.45,0.45,0.44
LAUR,2016-04-05 02:50:00 EDT,42.52526,-75.13690,1627,16.5,16.3,16.5,69.5,8.2,,,,,2.1,5.7,1.2,320,34,,,,,,2.1,5.7,1.2,320,34,0,28.36,,0,0,0,39.0,41.0,41.7,0.45,0.45,0.44
LAUR,2016-04-05 02:55:00 EDT,42.52526,-75.13690,1627,16.6,16.2,10.4,69.3,8.3,,,,,3.9,9.9,1.9,325,24,,,,,,3.9,9.9,1.9,325,24,0,28.37,,0,0,0,39.0,41.0,41.7,0.45,0.45,0.44
LAUR,2016-04-05 03:00:00 EDT,42.52526,-75.13690,1627,16.5,16.1,11.4,69.1,8.2,,,,,3.2,5.2,1.0,303,31,,,,,,3.2,5.2,1.0,303,31,0,28.37,,0,0,0,39.0,41.0,41.7,0.45,0.45,0.44
LAUR,2016-04-05 03:05:00 EDT,42.52526,-75.13690,1627,16.4,16.0,16.4,70.4,8.5,,,,,1.8,4.9,1.2,327,35,,,,,,1.8,4.9,1.2,327,35,0,28.37,,0,0,0,39.0,41.0,41.7,0.45,0.45,0.44
LAUR,2016-04-05 03:10:00 EDT,42.52526,-75.13690,1627,16.3,15.9,10.9,71.0,8.6,,,,,3.4,7.4,1.8,324,34,,,,,,3.4,7.4,1.8,324,34,0,28.37,,0,0,0,39.0,41.0,41.7,0.45,0.45,0.44
LAUR,2016-04-05 03:15:00 EDT,42.52526,-75.13690,1627,16.0,15.6,16.0,72.9,8.9,,,,,2.9,7.5,1.7,351,35,,,,,,2.9,7.5,1.7,351,35,0,28.37,,0,0,0,39.0,41.0,41.7,0.45,0.45,0.44
LAUR,2016-04-05 03:20:00 EDT,42.52526,-75.13690,1627,15.4,15.3,15.4,72.6,8.2,,,,,2.6,6.4,1.2,334,30,,,,,,2.6,6.4,1.2,334,30,0,28.37,,0,0,0,39.0,41.0,41.7,0.45,0.45,0.44
LAUR,2016-04-05 03:25:00 EDT,42.52526,-75.13690,1627,14.5,14.9,14.5,72.5,7.2,,,,,2.0,3.6,0.9,296,21,,,,,,2.0,3.6,0.9,296,21,0,28.38,,0,0,0,39.0,41.0,41.7,0.45,0.45,0.44
LAUR,2016-04-05 03:30:00 EDT,42.52526,-75.13690,1627,13.3,14.3,13.3,72.9,6.3,,,,,0.9,3.0,0.7,300,41,,,,,,0.9,3.0,0.7,300,41,0,28.38,,0,0,0,39.0,41.0,41.6,0.45,0.45,0.44
LAUR,2016-04-05 03:35:00 EDT,42.52526,-75.13690,1627,14.0,14.3,14.0,72.0,6.6,,,,,1.3,4.1,1.1,332,43,,,,,,1.3,4.1,1.1,332,43,0,28.38,,0,0,0,39.0,41.0,41.7,0.45,0.45,0.44
LAUR,2016-04-05 03:40:00 EDT,42.52526,-75.13690,1627,13.1,13.9,13.1,71.0,5.5,,,,,1.6,3.9,1.0,320,35,,,,,,1.6,3.9,1.0,320,35,0,28.38,,0,0,0,39.0,41.0,41.7,0.45,0.45,0.44
LAUR,2016-04-05 03:45:00 EDT,42.52526,-75.13690,1627,13.1,13.9,13.1,71.3,5.6,,,,,1.4,3.4,0.9,333,46,,,,,,1.4,3.4,0.9,333,46,0,28.39,,0,0,0,39.0,41.0,41.7,0.45,0.45,0.44
LAUR,2016-04-05 03:50:00 EDT,42.52526,-75.13690,1627,12.3,13.6,12.3,70.3,4.4,,,,,1.2,2.8,0.7,288,25,,,,,,1.2,2.8,0.7,288,25,0,28.39,,0,0,0,39.0,41.0,41.6,0.45,0.45,0.44
LAUR,2016-04-05 03:55:00 EDT,42.52526,-75.13690,1627,12.3,13.2,12.3,71.3,4.7,,,,,1.7,4.4,0.9,301,33,,,,,,1.7,4.4,0.9,301,33,0,28.39,,0,0,0,39.0,41.0,41.6,0.45,0.45,0.44
LAUR,2016-04-05 04:00:00 EDT,42.52526,-75.13690,1627,11.2,12.9,11.2,71.2,3.7,,,,,2.5,3.5,0.5,298,16,,,,,,2.5,3.5,0.5,298,16,0,28.39,,0,0,0,39.0,41.0,41.6,0.45,0.45,0.44
LAUR,2016-04-05 04:05:00 EDT,42.52526,-75.13690,1627,9.5,12.5,9.5,76.5,3.6,,,,,2.3,3.7,0.5,305,16,,,,,,2.3,3.7,0.5,305,16,0,28.39,,0,0,0,39.0,41.0,41.6,0.45,0.45,0.44
LAUR,2016-04-05 04:10:00 EDT,42.52526,-75.13690,1627,7.7,12.1,7.7,78.8,2.5,,,,,2.3,3.7,0.5,298,11,,,,,,2.3,3.7,0.5,298,11,0,28.40,,0,0,0,39.0,41.0,41.6,0.45,0.45,0.44
LAUR,2016-04-05 04:15:00 EDT,42.52526,-75.13690,1627,8.7,11.8,8.7,80.8,4.0,,,,,2.3,4.4,0.8,313,17,,,,,,2.3,4.4,0.8,313,17,0,28.40,,0,0,0,39.0,41.0,41.6,0.45,0.45,0.44
LAUR,2016-04-05 04:20:00 EDT,42.52526,-75.13690,1627,8.8,12.3,8.8,79.9,3.9,,,,,1.2,2.9,0.8,309,18,,,,,,1.2,2.9,0.8,309,18,0,28.40,,0,0,0,39.0,41.0,41.6,0.45,0.45,0.44
LAUR,2016-04-05 04:25:00 EDT,42.52526,-75.13690,1627,9.2,12.1,9.2,78.3,3.8,,,,,0.6,3.5,0.7,305,25,,,,,,0.6,3.5,0.7,305,25,0,28.40,,0,0,0,39.0,41.0,41.6,0.45,0.45,0.44
LAUR,2016-04-05 04:30:00 EDT,42.52526,-75.13690,1627,9.3,12.2,9.3,78.3,3.9,,,,,0.2,1.5,0.4,231,27,,,,,,0.2,1.5,0.4,231,27,0,28.40,,0,0,0,39.0,41.0,41.6,0.45,0.45,0.44
LAUR,2016-04-05 04:35:00 EDT,42.52526,-75.13690,1627,8.3,11.9,8.3,76.7,2.5,,,,,0.9,1.7,0.4,249,19,,,,,,0.9,1.7,0.4,249,19,0,28.40,,0,0,0,39.0,41.0,41.6,0.45,0.45,0.44
LAUR,2016-04-05 04:40:00 EDT,42.52526,-75.13690,1627,7.1,11.9,7.1,76.2,1.2,,,,,0.4,1.0,0.3,263,13,,,,,,0.4,1.0,0.3,263,13,0,28.41,,0,0,0,38.9,41.0,41.6,0.45,0.45,0.44
LAUR,2016-04-05 04:45:00 EDT,42.52526,-75.13690,1627,7.2,12.0,7.2,77.8,1.7,,,,,0.3,1.4,0.3,287,8,,,,,,0.3,1.4,0.3,287,8,0,28.41,,0,0,0,38.9,41.0,41.5,0.45,0.45,0.44
LAUR,2016-04-05 04:50:00 EDT,42.52526,-75.13690,1627,7.6,12.2,7.6,78.2,2.2,,,,,0.2,1.5,0.3,114,74,,,,,,0.2,1.5,0.3,114,74,0,28.41,,0,0,0,38.9,41.0,41.5,0.45,0.45,0.44
LAUR,2016-04-05 04:55:00 EDT,42.52526,-75.13690,1627,9.7,11.9,9.7,75.6,3.6,,,,,0.3,1.6,0.4,262,36,,,,,,0.3,1.6,0.4,262,36,0,28.41,,0,0,0,38.9,41.0,41.6,0.45,0.45,0.44
LAUR,2016-04-05 05:00:00 EDT,42.52526,-75.13690,1627,8.4,11.8,8.4,73.4,1.7,,,,,0.4,1.7,0.4,289,27,,,,,,0.4,1.7,0.4,289,27,0,28.42,,0,0,0,38.9,41.0,41.6,0.45,0.45,0.44
LAUR,2016-04-05 05:05:00 EDT,42.52526,-75.13690,1627,8.1,11.4,8.1,74.7,1.7,,,,,0.2,0.9,0.2,259,0,,,,,,0.2,0.9,0.2,259,0,0,28.42,,0,0,0,38.9,41.0,41.5,0.45,0.45,0.44
LAUR,2016-04-05 05:10:00 EDT,42.52526,-75.13690,1627,7.0,11.7,7.0,74.2,0.5,,,,,0.1,0.7,0.1,259,0,,,,,,0.1,0.7,0.1,259,0,0,28.42,,0,0,0,38.9,41.0,41.6,0.45,0.45,0.44
LAUR,2016-04-05 05:15:00 EDT,42.52526,-75.13690,1627,6.4,11.6,6.4,76.2,0.5,,,,,0.1,0.1,0.0,259,0,,,,,,0.1,0.1,0.0,259,0,0,28.42,,0,0,0,38.9,41.0,41.5,0.45,0.45,0.44
LAUR,2016-04-05 05:20:00 EDT,42.52526,-75.13690,1627,6.4,11.5,6.4,76.8,0.7,,,,,0.2,2.0,0.3,246,24,,,,,,0.2,2.0,0.3,246,24,0,28.42,,0,0,0,38.9,41.0,41.5,0.45,0.45,0.44
LAUR,2016-04-05 05:25:00 EDT,42.52526,-75.13690,1627,6.5,11.3,6.5,77.0,0.9,,,,,0.4,1.8,0.4,289,7,,,,,,0.4,1.8,0.4,289,7,0,28.43,,0,0,0,38.9,41.0,41.6,0.45,0.45,0.44
LAUR,2016-04-05 05:30:00 EDT,42.52526,-75.13690,1627,5.8,11.1,5.8,75.6,-0.2,,,,,0.9,1.8,0.3,271,7,,,,,,0.9,1.8,0.3,271,7,0,28.43,,0,0,0,38.9,41.0,41.5,0.45,0.45,0.44
LAUR,2016-04-05 05:35:00 EDT,42.52526,-75.13690,1627,6.1,10.6,6.1,78.1,0.7,,,,,1.0,2.0,0.4,295,13,,,,,,1.0,2.0,0.4,295,13,0,28.43,,0,0,0,38.9,41.0,41.5,0.45,0.45,0.44
LAUR,2016-04-05 05:40:00 EDT,42.52526,-75.13690,1627,6.3,10.4,6.3,79.5,1.3,,,,,1.2,1.9,0.4,284,8,,,,,,1.2,1.9,0.4,284,8,0,28.43,,0,0,0,38.9,41.0,41.5,0.45,0.45,0.44
LAUR,2016-04-05 05:45:00 EDT,42.52526,-75.13690,1627,5.7,10.4,5.7,79.8,0.8,,,,,0.8,2.8,0.6,285,23,,,,,,0.8,2.8,0.6,285,23,0,28.44,,0,0,0,38.9,41.0,41.5,0.45,0.45,0.44
LAUR,2016-04-05 05:50:00 EDT,42.52526,-75.13690,1627,6.5,10.6,6.5,79.9,1.6,,,,,1.0,1.9,0.6,279,6,,,,,,1.0,1.9,0.6,279,6,0,28.44,,0,0,0,38.9,40.9,41.5,0.45,0.45,0.44
LAUR,2016-04-05 05:55:00 EDT,42.52526,-75.13690,1627,6.6,10.9,6.6,80.3,1.8,,,,,0.2,1.0,0.3,263,35,,,,,,0.2,1.0,0.3,263,35,0,28.44,,0,0,0,38.9,41.0,41.5,0.45,0.45,0.44
LAUR,2016-04-05 06:00:00 EDT,42.52526,-75.13690,1627,6.7,10.7,6.7,79.9,1.8,,,,,0.1,0.9,0.2,298,13,,,,,,0.1,0.9,0.2,298,13,0,28.45,,0,0,0,38.9,40.9,41.5,0.45,0.45,0.44
LAUR,2016-04-05 06:05:00 EDT,42.52526,-75.13690,1627,6.6,10.6,6.6,78.9,1.5,,,,,0.2,1.5,0.3,300,26,,,,,,0.2,1.5,0.3,300,26,0,28.45,,0,0,0,38.9,40.9,41.5,0.45,0.45,0.44
LAUR,2016-04-05 06:10:00 EDT,42.52526,-75.13690,1627,6.2,11.0,6.2,78.0,0.8,,,,,0.2,1.5,0.4,238,15,,,,,,0.2,1.5,0.4,238,15,0,28.45,,0,0,0,38.9,40.9,41.5,0.45,0.45,0.44
LAUR,2016-04-05 06:15:00 EDT,42.52526,-75.13690,1627,6.4,10.8,6.4,77.6,0.9,,,,,0.4,1.2,0.4,259,9,,,,,,0.4,1.2,0.4,259,9,0,28.46,,0,0,0,38.9,40.9,41.5,0.45,0.45,0.44
LAUR,2016-04-05 06:20:00 EDT,42.52526,-75.13690,1627,5.7,10.6,5.7,76.5,-0.1,,,,,0.1,0.7,0.2,287,21,,,,,,0.1,0.7,0.2,287,21,0,28.46,,0,0,0,38.8,40.9,41.5,0.45,0.45,0.44
LAUR,2016-04-05 06:25:00 EDT,42.52526,-75.13690,1627,6.8,10.7,6.8,77.4,1.3,,,,,0.7,1.9,0.5,265,18,,,,,,0.7,1.9,0.5,265,18,0,28.46,,0,0,0,38.9,40.9,41.5,0.45,0.45,0.44
LAUR,2016-04-05 06:30:00 EDT,42.52526,-75.13690,1627,5.5,10.3,5.5,75.1,-0.7,,,,,1.0,2.3,0.6,274,23,,,,,,1.0,2.3,0.6,274,23,1,28.46,,0,0,0,38.8,40.9,41.5,0.45,0.45,0.44
LAUR,2016-04-05 06:35:00 EDT,42.52526,-75.13690,1627,6.5,10.3,6.5,75.7,0.5,,,,,1.3,3.3,0.8,261,14,,,,,,1.3,3.3,0.8,261,14,2,28.47,,0,0,0,38.9,40.8,41.5,0.45,0.45,0.44
LAUR,2016-04-05 06:40:00 EDT,42.52526,-75.13690,1627,6.0,9.8,6.0,75.6,-0.1,,,,,1.7,2.7,0.5,269,13,,,,,,1.7,2.7,0.5,269,13,3,28.47,,0,0,0,38.9,40.9,41.5,0.45,0.45,0.44
LAUR,2016-04-05 06:45:00 EDT,42.52526,-75.13690,1627,6.4,9.8,6.4,76.2,0.5,,,,,1.4,3.2,0.8,276,27,,,,,,1.4,3.2,0.8,276,27,4,28.47,,0,0,0,38.8,40.9,41.5,0.45,0.45,0.44
LAUR,2016-04-05 06:50:00 EDT,42.52526,-75.13690,1627,6.5,9.9,6.5,75.1,0.3,,,,,0.6,2.0,0.6,258,28,,,,,,0.6,2.0,0.6,258,28,5,28.48,,0,0,0,38.9,40.8,41.5,0.45,0.45,0.44
LAUR,2016-04-05 06:55:00 EDT,42.52526,-75.13690,1627,7.3,10.4,7.3,74.2,0.8,,,,,0.6,2.2,0.5,247,23,,,,,,0.6,2.2,0.5,247,23,6,28.48,,0,0,0,38.9,40.8,41.5,0.45,0.45,0.44
LAUR,2016-04-05 07:00:00 EDT,42.52526,-75.13690,1627,8.0,9.8,8.0,73.4,1.3,,,,,0.9,2.9,0.8,246,27,,,,,,0.9,2.9,0.8,246,27,8,28.48,,0,0,0,38.8,40.8,41.5,0.45,0.45,0.44
LAUR,2016-04-05 07:05:00 EDT,42.52526,-75.13690,1627,8.1,9.3,8.1,71.7,0.9,,,,,0.6,3.3,0.8,250,41,,,,,,0.6,3.3,0.8,250,41,9,28.48,,0,0,0,38.8,40.8,41.5,0.45,0.45,0.44
LAUR,2016-04-05 07:10:00 EDT,42.52526,-75.13690,1627,8.4,9.9,8.4,71.5,1.1,,,,,1.0,2.8,0.7,265,35,,,,,,1.0,2.8,0.7,265,35,10,28.48,,0,0,0,38.9,40.8,41.5,0.45,0.45,0.44
LAUR,2016-04-05 07:15:00 EDT,42.52526,-75.13690,1627,8.3,10.7,8.3,69.9,0.5,,,,,1.4,3.2,0.7,251,17,,,,,,1.4,3.2,0.7,251,17,11,28.49,,0,0,0,38.8,40.8,41.5,0.46,0.45,0.44
LAUR,2016-04-05 07:20:00 EDT,42.52526,-75.13690,1627,7.5,10.2,7.5,68.6,-0.7,,,,,1.6,2.3,0.4,256,15,,,,,,1.6,2.3,0.4,256,15,11,28.49,,0,0,0,38.8,40.8,41.5,0.45,0.45,0.44
LAUR,2016-04-05 07:25:00 EDT,42.52526,-75.13690,1627,7.1,10.0,7.1,70.5,-0.4,,,,,1.5,2.7,0.4,249,12,,,,,,1.5,2.7,0.4,249,12,12,28.49,,0,0,0,38.8,40.8,41.5,0.45,0.45,0.44
LAUR,2016-04-05 07:30:00 EDT,42.52526,-75.13690,1627,7.4,10.3,7.4,72.1,0.3,,,,,1.1,2.9,0.8,261,24,,,,,,1.1,2.9,0.8,261,24,14,28.49,,0,0,0,38.8,40.8,41.5,0.45,0.45,0.44
LAUR,2016-04-05 07:35:00 EDT,42.52526,-75.13690,1627,7.6,11.3,7.6,70.9,0.2,,,,,1.1,2.8,0.7,275,19,,,,,,1.1,2.8,0.7,275,19,19,28.49,,0,0,0,38.8,40.8,41.5,0.45,0.45,0.44
LAUR,2016-04-05 07:40:00 EDT,42.52526,-75.13690,1627,6.8,11.6,6.8,68.5,-1.4,,,,,1.4,2.6,0.6,260,17,,,,,,1.4,2.6,0.6,260,17,46,28.50,,0,0,0,38.8,40.8,41.5,0.46,0.45,0.44
LAUR,2016-04-05 07:45:00 EDT,42.52526,-75.13690,1627,9.0,11.9,9.0,68.3,0.7,,,,,0.6,1.9,0.6,243,33,,,,,,0.6,1.9,0.6,243,33,55,28.50,,0,0,0,38.8,40.8,41.5,0.45,0.45,0.44
LAUR,2016-04-05 07:50:00 EDT,42.52526,-75.13690,1627,9.9,12.1,9.9,64.5,0.3,,,,,0.9,3.8,0.9,225,33,,,,,,0.9,3.8,0.9,225,33,60,28.50,,0,0,0,38.8,40.8,41.5,0.45,0.45,0.44
LAUR,2016-04-05 07:55:00 EDT,42.52526,-75.13690,1627,10.2,12.2,10.2,61.0,-0.6,,,,,0.9,2.7,0.7,220,55,,,,,,0.9,2.7,0.7,220,55,65,28.50,,0,0,0,38.8,40.8,41.5,0.45,0.45,0.44
LAUR,2016-04-05 08:00:00 EDT,42.52526,-75.13690,1627,11.7,12.5,11.7,59.6,0.4,,,,,0.7,2.6,0.6,300,52,,,,,,0.7,2.6,0.6,300,52,70,28.51,,0,0,0,38.8,40.8,41.5,0.45,0.45,0.44
LAUR,2016-04-05 08:05:00 EDT,42.52526,-75.13690,1627,12.7,13.2,12.7,56.7,0.2,,,,,0.8,2.8,0.7,321,41,,,,,,0.8,2.8,0.7,321,41,76,28.51,,0,0,0,38.8,40.8,41.5,0.45,0.45,0.44
LAUR,2016-04-05 08:10:00 EDT,42.52526,-75.13690,1627,12.6,13.4,12.6,54.8,-0.6,,,,,1.4,4.0,0.7,313,41,,,,,,1.4,4.0,0.7,313,41,81,28.51,,0,0,0,38.8,40.8,41.5,0.45,0.45,0.44
LAUR,2016-04-05 08:15:00 EDT,42.52526,-75.13690,1627,13.1,13.5,13.1,55.6,0.1,,,,,1.6,3.9,1.0,312,34,,,,,,1.6,3.9,1.0,312,34,87,28.51,,0,0,0,38.8,40.8,41.5,0.45,0.45,0.44
LAUR,2016-04-05 08:20:00 EDT,42.52526,-75.13690,1627,13.0,13.5,13.0,55.0,-0.2,,,,,1.0,3.7,0.7,303,34,,,,,,1.0,3.7,0.7,303,34,93,28.52,,0,0,0,38.8,40.8,41.4,0.45,0.45,0.44
LAUR,2016-04-05 08:25:00 EDT,42.52526,-75.13690,1627,13.9,14.1,13.9,54.5,0.5,,,,,1.6,3.9,1.0,299,41,,,,,,1.6,3.9,1.0,299,41,99,28.52,,0,0,0,38.8,40.8,41.4,0.45,0.45,0.44
LAUR,2016-04-05 08:30:00 EDT,42.52526,-75.13690,1627,14.5,14.5,14.5,52.5,0.2,,,,,1.5,3.4,0.8,308,25,,,,,,1.5,3.4,0.8,308,25,105,28.52,,0,0,0,38.8,40.8,41.4,0.45,0.45,0.44
LAUR,2016-04-05 08:35:00 EDT,42.52526,-75.13690,1627,14.8,14.9,14.8,52.0,0.3,,,,,1.2,2.8,0.7,350,34,,,,,,1.2,2.8,0.7,350,34,111,28.52,,0,0,0,38.8,40.8,41.4,0.45,0.45,0.44
LAUR,2016-04-05 08:40:00 EDT,42.52526,-75.13690,1627,15.0,15.2,15.0,50.3,-0.2,,,,,1.3,5.0,1.3,326,31,,,,,,1.3,5.0,1.3,326,31,117,28.52,,0,0,0,38.8,40.8,41.4,0.45,0.45,0.44
LAUR,2016-04-05 08:45:00 EDT,42.52526,-75.13690,1627,15.8,15.5,15.8,49.3,0.1,,,,,1.9,3.9,0.8,306,27,,,,,,1.9,3.9,0.8,306,27,123,28.52,,0,0,0,38.8,40.8,41.4,0.45,0.45,0.44
LAUR,2016-04-05 08:50:00 EDT,42.52526,-75.13690,1627,16.4,16.0,16.4,48.8,0.4,,,,,1.6,5.2,1.1,342,34,,,,,,1.6,5.2,1.1,342,34,129,28.53,,0,0,0,38.8,40.8,41.4,0.45,0.45,0.44
LAUR,2016-04-05 08:55:00 EDT,42.52526,-75.13690,1627,16.5,16.3,16.5,47.3,-0.1,,,,,2.2,3.5,0.6,342,27,,,,,,2.2,3.5,0.6,342,27,135,28.53,,0,0,0,38.8,40.8,41.4,0.45,0.45,0.44
LAUR,2016-04-05 09:00:00 EDT,42.52526,-75.13690,1627,16.6,16.4,16.6,46.8,-0.3,,,,,2.3,5.6,1.6,343,31,,,,,,2.3,5.6,1.6,343,31,142,28.53,,0,0,0,38.8,40.8,41.4,0.45,0.45,0.44
LAUR,2016-04-05 09:05:00 EDT,42.52526,-75.13690,1627,16.9,16.7,16.9,47.1,0.2,,,,,1.3,2.8,0.7,335,28,,,,,,1.3,2.8,0.7,335,28,148,28.53,,0,0,0,38.8,40.8,41.4,0.45,0.45,0.44
LAUR,2016-04-05 09:10:00 EDT,42.52526,-75.13690,1627,17.3,17.0,12.2,45.2,-0.4,,,,,3.2,8.0,1.5,346,25,,,,,,3.2,8.0,1.5,346,25,154,28.53,,0,0,0,38.8,40.8,41.4,0.45,0.45,0.44
LAUR,2016-04-05 09:15:00 EDT,42.52526,-75.13690,1627,17.6,17.3,17.6,46.2,0.5,,,,,2.4,4.8,1.1,347,33,,,,,,2.4,4.8,1.1,347,33,162,28.53,,0,0,0,38.8,40.8,41.4,0.45,0.45,0.44
LAUR,2016-04-05 09:20:00 EDT,42.52526,-75.13690,1627,18.2,17.7,18.2,45.5,0.6,,,,,2.3,8.3,1.7,46,65,,,,,,2.3,8.3,1.7,46,65,169,28.53,,0,0,0,38.7,40.8,41.4,0.45,0.45,0.44
LAUR,2016-04-05 09:25:00 EDT,42.52526,-75.13690,1627,18.7,18.3,13.4,42.8,-0.2,,,,,3.5,7.4,1.4,37,56,,,,,,3.5,7.4,1.4,37,56,177,28.53,,0,0,0,38.7,40.8,41.4,0.45,0.45,0.44
LAUR,2016-04-05 09:30:00 EDT,42.52526,-75.13690,1627,19.3,18.6,12.9,40.9,-0.7,,,,,4.3,10.0,1.8,37,42,,,,,,4.3,10.0,1.8,37,42,183,28.54,,0,0,0,38.7,40.8,41.4,0.45,0.45,0.44
LAUR,2016-04-05 09:35:00 EDT,42.52526,-75.13690,1627,19.4,18.8,19.4,39.2,-1.4,,,,,2.8,7.6,2.0,11,35,,,,,,2.8,7.6,2.0,11,35,190,28.54,,0,0,0,38.8,40.8,41.4,0.45,0.45,0.44
LAUR,2016-04-05 09:40:00 EDT,42.52526,-75.13690,1627,19.3,18.8,19.3,39.5,-1.3,,,,,2.3,9.9,1.8,356,58,,,,,,2.3,9.9,1.8,356,58,200,28.54,,0,0,0,38.7,40.8,41.4,0.45,0.45,0.44
LAUR,2016-04-05 09:45:00 EDT,42.52526,-75.13690,1627,19.3,18.9,12.8,39.0,-1.6,,,,,4.5,12.1,2.4,34,32,,,,,,4.5,12.1,2.4,34,32,208,28.54,,0,0,0,38.7,40.8,41.4,0.45,0.45,0.44
LAUR,2016-04-05 09:50:00 EDT,42.52526,-75.13690,1627,19.8,19.2,19.8,39.3,-1.0,,,,,2.6,7.4,1.9,20,48,,,,,,2.6,7.4,1.9,20,48,220,28.54,,0,0,0,38.7,40.7,41.4,0.45,0.45,0.44
LAUR,2016-04-05 09:55:00 EDT,42.52526,-75.13690,1627,20.0,19.3,20.0,37.0,-2.1,,,,,3.0,6.2,1.6,57,41,,,,,,3.0,6.2,1.6,57,41,235,28.54,,0,0,0,38.7,40.8,41.4,0.45,0.45,0.44
LAUR,2016-04-05 10:00:00 EDT,42.52526,-75.13690,1627,19.9,19.2,15.0,37.7,-1.9,,,,,3.4,7.2,1.4,7,67,,,,,,3.4,7.2,1.4,7,67,244,28.55,,0,0,0,38.7,40.7,41.4,0.45,0.45,0.44
LAUR,2016-04-05 10:05:00 EDT,42.52526,-75.13690,1627,20.1,19.4,14.7,37.1,-2.0,,,,,3.7,9.7,2.6,9,56,,,,,,3.7,9.7,2.6,9,56,255,28.55,,0,0,0,38.7,40.7,41.4,0.45,0.45,0.44
LAUR,2016-04-05 10:10:00 EDT,42.52526,-75.13690,1627,20.5,19.8,13.0,38.0,-1.1,,,,,5.5,10.5,2.3,48,32,,,,,,5.5,10.5,2.3,48,32,264,28.55,,0,0,0,38.7,40.7,41.4,0.45,0.45,0.44
LAUR,2016-04-05 10:15:00 EDT,42.52526,-75.13690,1627,20.9,20.1,20.9,39.6,0.1,,,,,2.5,6.5,1.3,0,41,,,,,,2.5,6.5,1.3,0,41,274,28.55,,0,0,0,38.7,40.7,41.4,0.45,0.45,0.44
LAUR,2016-04-05 10:20:00 EDT,42.52526,-75.13690,1627,20.8,20.2,13.8,38.0,-0.9,,,,,5.1,11.9,2.6,328,31,,,,,,5.1,11.9,2.6,328,31,286,28.55,,0,0,0,38.7,40.7,41.4,0.45,0.45,0.44
LAUR,2016-04-05 10:25:00 EDT,42.52526,-75.13690,1627,20.9,20.3,13.6,38.7,-0.4,,,,,5.4,11.8,2.1,324,19,,,,,,5.4,11.8,2.1,324,19,294,28.55,,0,0,0,38.7,40.7,41.4,0.45,0.45,0.44
LAUR,2016-04-05 10:30:00 EDT,42.52526,-75.13690,1627,20.8,20.2,12.8,37.1,-1.4,,,,,6.1,10.2,1.8,326,25,,,,,,6.1,10.2,1.8,326,25,303,28.56,,0,0,0,38.7,40.7,41.4,0.45,0.45,0.44
LAUR,2016-04-05 10:35:00 EDT,42.52526,-75.13690,1627,20.8,20.3,12.9,37.0,-1.4,,,,,6.0,11.0,1.9,325,30,,,,,,6.0,11.0,1.9,325,30,312,28.56,,0,0,0,38.7,40.7,41.4,0.45,0.45,0.44
LAUR,2016-04-05 10:40:00 EDT,42.52526,-75.13690,1627,20.9,20.3,13.0,36.8,-1.5,,,,,6.0,13.6,2.6,337,25,,,,,,6.0,13.6,2.6,337,25,321,28.56,,0,0,0,38.7,40.7,41.4,0.45,0.45,0.44
LAUR,2016-04-05 10:45:00 EDT,42.52526,-75.13690,1627,21.2,20.7,14.8,37.1,-1.0,,,,,4.7,10.9,2.4,345,34,,,,,,4.7,10.9,2.4,345,34,329,28.56,,0,0,0,38.7,40.7,41.4,0.45,0.45,0.44
LAUR,2016-04-05 10:50:00 EDT,42.52526,-75.13690,1627,20.8,20.3,11.9,36.7,-1.6,,,,,7.2,12.2,2.3,316,19,,,,,,7.2,12.2,2.3,316,19,338,28.56,,0,0,0,38.7,40.7,41.4,0.45,0.45,0.44
LAUR,2016-04-05 10:55:00 EDT,42.52526,-75.13690,1627,20.7,20.1,13.1,38.8,-0.5,,,,,5.7,11.7,2.3,331,29,,,,,,5.7,11.7,2.3,331,29,345,28.57,,0,0,0,38.7,40.7,41.3,0.45,0.45,0.44
LAUR,2016-04-05 11:00:00 EDT,42.52526,-75.13690,1627,21.0,20.3,13.9,36.5,-1.5,,,,,5.3,10.1,2.0,0,27,,,,,,5.3,10.1,2.0,0,27,352,28.57,,0,0,0,38.7,40.7,41.4,0.45,0.45,0.44
LAUR,2016-04-05 11:05:00 EDT,42.52526,-75.13690,1627,21.2,20.5,14.8,37.3,-0.9,,,,,4.6,8.6,2.1,326,33,,,,,,4.6,8.6,2.1,326,33,358,28.57,,0,0,0,38.7,40.7,41.4,0.45,0.45,0.44
LAUR,2016-04-05 11:10:00 EDT,42.52526,-75.13690,1627,21.1,20.5,13.9,37.3,-1.0,,,,,5.3,10.9,2.1,323,23,,,,,,5.3,10.9,2.1,323,23,357,28.57,,0,0,0,38.7,40.7,41.4,0.45,0.45,0.44
LAUR,2016-04-05 11:15:00 EDT,42.52526,-75.13690,1627,21.2,20.6,12.9,37.2,-0.9,,,,,6.5,9.8,2.0,319,21,,,,,,6.5,9.8,2.0,319,21,353,28.57,,0,0,0,38.7,40.7,41.4,0.45,0.45,0.44
LAUR,2016-04-05 11:20:00 EDT,42.52526,-75.13690,1627,21.6,21.0,16.2,38.2,0.0,,,,,3.9,9.3,1.6,322,41,,,,,,3.9,9.3,1.6,322,41,348,28.57,,0,0,0,38.7,40.7,41.3,0.45,0.45,0.44
LAUR,2016-04-05 11:25:00 EDT,42.52526,-75.13690,1627,21.8,21.1,14.4,36.6,-0.8,,,,,5.7,13.2,2.5,349,30,,,,,,5.7,13.2,2.5,349,30,351,28.57,,0,0,0,38.7,40.7,41.4,0.45,0.45,0.44
LAUR,2016-04-05 11:30:00 EDT,42.52526,-75.13690,1627,21.3,20.7,13.4,34.9,-2.2,,,,,6.1,13.2,3.1,355,19,,,,,,6.1,13.2,3.1,355,19,355,28.57,,0,0,0,38.7,40.7,41.3,0.45,0.45,0.44
LAUR,2016-04-05 11:35:00 EDT,42.52526,-75.13690,1627,21.7,21.1,12.5,36.7,-0.8,,,,,7.6,13.3,2.9,317,21,,,,,,7.6,13.3,2.9,317,21,368,28.57,,0,0,0,38.7,40.7,41.4,0.45,0.45,0.44
LAUR,2016-04-05 11:40:00 EDT,42.52526,-75.13690,1627,21.3,20.7,11.4,37.4,-0.7,,,,,8.6,14.9,2.5,301,15,,,,,,8.6,14.9,2.5,301,15,396,28.57,,0,0,0,38.7,40.7,41.4,0.45,0.45,0.44
LAUR,2016-04-05 11:45:00 EDT,42.52526,-75.13690,1627,21.5,20.9,13.2,36.4,-1.2,,,,,6.5,11.5,2.4,335,26,,,,,,6.5,11.5,2.4,335,26,445,28.57,,0,0,0,38.7,40.6,41.4,0.45,0.45,0.44
LAUR,2016-04-05 11:50:00 EDT,42.52526,-75.13690,1627,21.8,21.2,11.9,35.8,-1.2,,,,,8.7,15.5,2.9,335,29,,,,,,8.7,15.5,2.9,335,29,510,28.57,,0,0,0,38.7,40.6,41.3,0.45,0.45,0.44
LAUR,2016-04-05 11:55:00 EDT,42.52526,-75.13690,1627,21.7,21.1,13.0,37.1,-0.5,,,,,7.1,12.0,1.9,306,14,,,,,,7.1,12.0,1.9,306,14,581,28.56,,0,0,0,38.7,40.6,41.3,0.45,0.45,0.44
LAUR,2016-04-05 12:00:00 EDT,42.52526,-75.13690,1627,22.1,21.6,14.5,36.9,-0.3,,,,,5.9,13.4,3.5,294,27,,,,,,5.9,13.4,3.5,294,27,675,28.56,,0,0,0,38.7,40.7,41.4,0.45,0.45,0.44
LAUR,2016-04-05 12:05:00 EDT,42.52526,-75.13690,1627,22.6,22.1,13.9,36.5,-0.0,,,,,7.4,13.4,2.3,334,19,,,,,,7.4,13.4,2.3,334,19,767,28.56,,0,0,0,38.7,40.6,41.3,0.45,0.45,0.44
LAUR,2016-04-05 12:10:00 EDT,42.52526,-75.13690,1627,22.4,21.8,15.6,35.9,-0.6,,,,,5.2,10.7,2.1,310,25,,,,,,5.2,10.7,2.1,310,25,822,28.56,,0,0,0,38.7,40.6,41.3,0.45,0.45,0.44
LAUR,2016-04-05 12:15:00 EDT,42.52526,-75.13690,1627,22.8,22.3,13.7,34.7,-1.0,,,,,7.9,13.4,2.1,336,24,,,,,,7.9,13.4,2.1,336,24,836,28.56,,0,0,0,38.7,40.6,41.3,0.45,0.45,0.44
LAUR,2016-04-05 12:20:00 EDT,42.52526,-75.13690,1627,22.2,21.8,12.3,33.0,-2.6,,,,,8.9,16.1,2.9,338,19,,,,,,8.9,16.1,2.9,338,19,847,28.57,,0,0,0,38.7,40.6,41.4,0.45,0.45,0.44
LAUR,2016-04-05 12:25:00 EDT,42.52526,-75.13690,1627,22.6,22.0,14.8,34.7,-1.2,,,,,6.2,13.1,2.3,324,23,,,,,,6.2,13.1,2.3,324,23,849,28.57,,0,0,0,38.7,40.6,41.4,0.45,0.45,0.44
LAUR,2016-04-05 12:30:00 EDT,42.52526,-75.13690,1627,22.8,22.3,15.3,34.3,-1.2,,,,,6.0,12.9,2.4,351,21,,,,,,6.0,12.9,2.4,351,21,851,28.57,,0,0,0,38.7,40.6,41.3,0.45,0.45,0.44
LAUR,2016-04-05 12:35:00 EDT,42.52526,-75.13690,1627,23.0,22.3,16.3,35.5,-0.3,,,,,5.2,10.6,2.4,331,32,,,,,,5.2,10.6,2.4,331,32,854,28.57,,0,0,0,38.7,40.6,41.3,0.45,0.45,0.44
LAUR,2016-04-05 12:40:00 EDT,42.52526,-75.13690,1627,23.4,22.8,14.2,36.8,0.8,,,,,8.2,14.0,2.4,315,22,,,,,,8.2,14.0,2.4,315,22,854,28.57,,0,0,0,38.7,40.6,41.3,0.45,0.45,0.44
LAUR,2016-04-05 12:45:00 EDT,42.52526,-75.13690,1627,23.0,22.4,12.9,34.7,-0.8,,,,,9.4,16.3,2.7,340,28,,,,,,9.4,16.3,2.7,340,28,857,28.57,,0,0,0,38.7,40.6,41.3,0.45,0.45,0.44
LAUR,2016-04-05 12:50:00 EDT,42.52526,-75.13690,1627,22.6,22.1,12.5,35.1,-0.9,,,,,9.3,17.1,3.3,330,22,,,,,,9.3,17.1,3.3,330,22,857,28.57,,0,0,0,38.7,40.6,41.3,0.45,0.45,0.44
LAUR,2016-04-05 12:55:00 EDT,42.52526,-75.13690,1627,22.5,22.0,13.1,35.5,-0.7,,,,,8.3,15.8,2.8,310,21,,,,,,8.3,15.8,2.8,310,21,857,28.57,,0,0,0,38.7,40.6,41.3,0.45,0.45,0.44
LAUR,2016-04-05 13:00:00 EDT,42.52526,-75.13690,1627,23.0,22.5,13.8,35.8,-0.1,,,,,8.2,16.4,2.8,317,28,,,,,,8.2,16.4,2.8,317,28,858,28.57,,0,0,0,38.7,40.6,41.3,0.45,0.45,0.44
LAUR,2016-04-05 13:05:00 EDT,42.52526,-75.13690,1627,23.2,22.7,12.1,37.0,0.8,,,,,11.3,17.1,3.0,300,11,,,,,,11.3,17.1,3.0,300,11,859,28.57,,0,0,0,38.7,40.6,41.3,0.45,0.45,0.44
LAUR,2016-04-05 13:10:00 EDT,42.52526,-75.13690,1627,23.1,22.6,14.2,37.5,1.0,,,,,7.9,13.4,2.2,307,17,,,,,,7.9,13.4,2.2,307,17,856,28.57,,0,0,0,38.7,40.6,41.3,0.45,0.45,0.44
LAUR,2016-04-05 13:15:00 EDT,42.52526,-75.13690,1627,23.4,22.8,15.0,37.5,1.2,,,,,7.2,11.9,2.5,303,18,,,,,,7.2,11.9,2.5,303,18,855,28.57,,0,0,0,38.7,40.6,41.2,0.45,0.45,0.44
LAUR,2016-04-05 13:20:00 EDT,42.52526,-75.13690,1627,23.5,22.9,16.9,36.9,0.9,,,,,5.2,14.8,2.8,311,35,,,,,,5.2,14.8,2.8,311,35,852,28.56,,0,0,0,38.7,40.6,41.3,0.45,0.45,0.44
LAUR,2016-04-05 13:25:00 EDT,42.52526,-75.13690,1627,23.4,22.8,15.0,36.5,0.6,,,,,7.2,16.4,2.8,331,32,,,,,,7.2,16.4,2.8,331,32,850,28.56,,0,0,0,38.7,40.6,41.3,0.45,0.45,0.44
LAUR,2016-04-05 13:30:00 EDT,42.52526,-75.13690,1627,23.8,23.0,15.1,36.8,1.2,,,,,7.8,17.0,3.9,303,24,,,,,,7.8,17.0,3.9,303,24,848,28.56,,0,0,0,38.7,40.6,41.2,0.45,0.45,0.44
LAUR,2016-04-05 13:35:00 EDT,42.52526,-75.13690,1627,23.6,22.9,15.0,36.3,0.7,,,,,7.6,14.4,2.8,306,19,,,,,,7.6,14.4,2.8,306,19,845,28.56,,0,0,0,38.7,40.6,41.3,0.45,0.45,0.44
LAUR,2016-04-05 13:40:00 EDT,42.52526,-75.13690,1627,23.7,23.0,14.7,36.1,0.7,,,,,8.1,15.1,2.5,321,21,,,,,,8.1,15.1,2.5,321,21,841,28.56,,0,0,0,38.7,40.6,41.2,0.45,0.45,0.44
LAUR,2016-04-05 13:45:00 EDT,42.52526,-75.13690,1627,23.8,23.0,16.6,36.3,0.9,,,,,5.8,9.9,1.8,291,19,,,,,,5.8,9.9,1.8,291,19,836,28.56,,0,0,0,38.7,40.6,41.3,0.45,0.45,0.44
LAUR,2016-04-05 13:50:00 EDT,42.52526,-75.13690,1627,,,,,,,,,,,,,,,,,,,,,,,,,,,,,,,,,,,,
LAUR,2016-04-05 13:55:00 EDT,42.52526,-75.13690,1627,,,,,,,,,,,,,,,,,,,,,,,,,,,,,,,,,,,,
LAUR,2016-04-05 14:00:00 EDT,42.52526,-75.13690,1627,,,,,,,,,,,,,,,,,,,,,,,,,,,,,,,,,,,,
LAUR,2016-04-05 14:05:00 EDT,42.52526,-75.13690,1627,,,,,,,,,,,,,,,,,,,,,,,,,,,,,,,,,,,,
LAUR,2016-04-05 14:10:00 EDT,42.52526,-75.13690,1627,,,,,,,,,,,,,,,,,,,,,,,,,,,,,,,,,,,,
LAUR,2016-04-05 14:15:00 EDT,42.52526,-75.13690,1627,,,,,,,,,,,,,,,,,,,,,,,,,,,,,,,,,,,,
LAUR,2016-04-05 14:20:00 EDT,42.52526,-75.13690,1627,,,,,,,,,,,,,,,,,,,,,,,,,,,,,,,,,,,,
LAUR,2016-04-05 14:25:00 EDT,42.52526,-75.13690,1627,,,,,,,,,,,,,,,,,,,,,,,,,,,,,,,,,,,,
LAUR,2016-04-05 14:30:00 EDT,42.52526,-75.13690,1627,,,,,,,,,,,,,,,,,,,,,,,,,,,,,,,,,,,,
LAUR,2016-04-05 14:35:00 EDT,42.52526,-75.13690,1627,,,,,,,,,,,,,,,,,,,,,,,,,,,,,,,,,,,,
LAUR,2016-04-05 14:40:00 EDT,42.52526,-75.13690,1627,,,,,,,,,,,,,,,,,,,,,,,,,,,,,,,,,,,,
LAUR,2016-04-05 14:45:00 EDT,42.52526,-75.13690,1627,,,,,,,,,,,,,,,,,,,,,,,,,,,,,,,,,,,,
LAUR,2016-04-05 14:50:00 EDT,42.52526,-75.13690,1627,25.0,24.4,18.2,34.5,0.9,,,,,5.7,11.0,2.3,325,27,,,,,,5.7,11.0,2.3,325,27,753,28.55,,0,0,0,38.7,40.6,41.2,0.45,0.45,0.44
LAUR,2016-04-05 14:55:00 EDT,42.52526,-75.13690,1627,25.2,24.6,15.4,34.6,1.1,,,,,9.9,17.0,2.5,294,10,,,,,,9.9,17.0,2.5,294,10,745,28.55,,0,0,0,38.7,40.6,41.2,0.46,0.45,0.44
LAUR,2016-04-05 15:00:00 EDT,42.52526,-75.13690,1627,25.1,24.5,15.2,33.6,0.3,,,,,9.8,15.3,2.2,301,14,,,,,,9.8,15.3,2.2,301,14,736,28.55,,0,0,0,38.7,40.6,41.2,0.45,0.45,0.44
LAUR,2016-04-05 15:05:00 EDT,42.52526,-75.13690,1627,25.1,24.6,16.2,32.8,-0.1,,,,,8.4,13.4,2.7,302,17,,,,,,8.4,13.4,2.7,302,17,725,28.55,,0,0,0,38.7,40.6,41.2,0.45,0.45,0.44
LAUR,2016-04-05 15:10:00 EDT,42.52526,-75.13690,1627,25.2,24.7,16.0,32.3,-0.4,,,,,8.9,14.5,2.4,305,15,,,,,,8.9,14.5,2.4,305,15,715,28.55,,0,0,0,38.7,40.6,41.2,0.45,0.45,0.44
LAUR,2016-04-05 15:15:00 EDT,42.52526,-75.13690,1627,25.0,24.5,15.1,32.6,-0.3,,,,,10.1,16.2,2.8,297,12,,,,,,10.1,16.2,2.8,297,12,704,28.55,,0,0,0,38.7,40.6,41.2,0.45,0.45,0.44
LAUR,2016-04-05 15:20:00 EDT,42.52526,-75.13690,1627,24.6,24.0,14.2,33.1,-0.3,,,,,10.7,17.3,2.4,303,10,,,,,,10.7,17.3,2.4,303,10,694,28.55,,0,0,0,38.7,40.6,41.2,0.46,0.45,0.44
LAUR,2016-04-05 15:25:00 EDT,42.52526,-75.13690,1627,24.8,24.2,14.1,33.2,-0.2,,,,,11.2,18.0,2.0,291,17,,,,,,11.2,18.0,2.0,291,17,683,28.54,,0,0,0,38.7,40.6,41.2,0.46,0.45,0.44
LAUR,2016-04-05 15:30:00 EDT,42.52526,-75.13690,1627,25.2,24.7,16.2,34.3,0.9,,,,,8.6,15.3,2.5,293,17,,,,,,8.6,15.3,2.5,293,17,673,28.55,,0,0,0,38.7,40.6,41.2,0.45,0.45,0.44
LAUR,2016-04-05 15:35:00 EDT,42.52526,-75.13690,1627,25.0,24.4,16.1,31.9,-0.8,,,,,8.3,13.8,2.1,299,19,,,,,,8.3,13.8,2.1,299,19,660,28.55,,0,0,0,38.7,40.6,41.2,0.45,0.45,0.44
LAUR,2016-04-05 15:40:00 EDT,42.52526,-75.13690,1627,25.2,24.6,14.8,31.8,-0.8,,,,,10.8,15.1,2.0,296,13,,,,,,10.8,15.1,2.0,296,13,650,28.55,,0,0,0,38.7,40.5,41.2,0.45,0.45,0.44
LAUR,2016-04-05 15:45:00 EDT,42.52526,-75.13690,1627,25.3,24.7,15.7,32.0,-0.5,,,,,9.5,16.8,2.6,288,17,,,,,,9.5,16.8,2.6,288,17,638,28.55,,0,0,0,38.7,40.5,41.2,0.45,0.45,0.44
LAUR,2016-04-05 15:50:00 EDT,42.52526,-75.13690,1627,25.4,24.8,15.4,31.6,-0.7,,,,,10.2,15.7,2.1,297,15,,,,,,10.2,15.7,2.1,297,15,625,28.55,,0,0,0,38.7,40.5,41.2,0.45,0.45,0.44
LAUR,2016-04-05 15:55:00 EDT,42.52526,-75.13690,1627,25.4,25.0,15.2,30.9,-1.1,,,,,10.6,15.9,2.6,301,13,,,,,,10.6,15.9,2.6,301,13,613,28.55,,0,0,0,38.7,40.5,41.2,0.45,0.45,0.44
LAUR,2016-04-05 16:00:00 EDT,42.52526,-75.13690,1627,25.4,24.8,16.0,31.4,-0.8,,,,,9.2,16.1,2.7,292,14,,,,,,9.2,16.1,2.7,292,14,600,28.55,,0,0,0,38.7,40.5,41.2,0.45,0.45,0.44
LAUR,2016-04-05 16:05:00 EDT,42.52526,-75.13690,1627,25.6,25.1,16.1,31.5,-0.6,,,,,9.5,14.6,2.5,309,20,,,,,,9.5,14.6,2.5,309,20,587,28.55,,0,0,0,38.7,40.5,41.2,0.46,0.45,0.44
LAUR,2016-04-05 16:10:00 EDT,42.52526,-75.13690,1627,25.3,24.8,16.6,30.2,-1.7,,,,,8.2,15.0,2.7,303,18,,,,,,8.2,15.0,2.7,303,18,573,28.55,,0,0,0,38.7,40.5,41.2,0.45,0.45,0.44
LAUR,2016-04-05 16:15:00 EDT,42.52526,-75.13690,1627,25.2,24.7,15.1,30.1,-1.8,,,,,10.4,15.3,2.1,294,9,,,,,,10.4,15.3,2.1,294,9,560,28.54,,0,0,0,38.7,40.5,41.2,0.45,0.45,0.44
LAUR,2016-04-05 16:20:00 EDT,42.52526,-75.13690,1627,25.2,24.7,14.5,30.1,-1.9,,,,,11.4,17.0,2.3,296,11,,,,,,11.4,17.0,2.3,296,11,546,28.55,,0,0,0,38.7,40.5,41.2,0.45,0.45,0.44
LAUR,2016-04-05 16:25:00 EDT,42.52526,-75.13690,1627,25.3,24.8,15.2,30.4,-1.5,,,,,10.4,15.5,2.1,300,20,,,,,,10.4,15.5,2.1,300,20,532,28.54,,0,0,0,38.7,40.5,41.2,0.45,0.45,0.44
LAUR,2016-04-05 16:30:00 EDT,42.52526,-75.13690,1627,25.3,24.8,15.3,29.8,-2.1,,,,,10.2,14.7,1.9,296,12,,,,,,10.2,14.7,1.9,296,12,517,28.54,,0,0,0,38.7,40.5,41.2,0.45,0.45,0.44
LAUR,2016-04-05 16:35:00 EDT,42.52526,-75.13690,1627,25.4,24.9,15.5,29.5,-2.1,,,,,10.0,18.0,3.1,304,22,,,,,,10.0,18.0,3.1,304,22,503,28.54,,0,0,0,38.7,40.5,41.2,0.45,0.45,0.44
LAUR,2016-04-05 16:40:00 EDT,42.52526,-75.13690,1627,25.6,25.2,15.9,30.3,-1.4,,,,,9.9,15.3,2.0,307,15,,,,,,9.9,15.3,2.0,307,15,489,28.55,,0,0,0,38.6,40.5,41.2,0.45,0.45,0.44
LAUR,2016-04-05 16:45:00 EDT,42.52526,-75.13690,1627,25.5,25.0,17.0,29.6,-1.9,,,,,7.9,15.6,2.7,304,26,,,,,,7.9,15.6,2.7,304,26,474,28.55,,0,0,0,38.6,40.5,41.2,0.45,0.45,0.44
LAUR,2016-04-05 16:50:00 EDT,42.52526,-75.13690,1627,25.7,25.2,15.7,29.2,-2.1,,,,,10.5,15.9,2.0,305,16,,,,,,10.5,15.9,2.0,305,16,459,28.55,,0,0,0,38.7,40.5,41.2,0.45,0.45,0.44
LAUR,2016-04-05 16:55:00 EDT,42.52526,-75.13690,1627,25.6,25.2,17.1,29.5,-1.9,,,,,8.0,13.0,2.4,309,32,,,,,,8.0,13.0,2.4,309,32,444,28.54,,0,0,0,38.6,40.5,41.2,0.45,0.45,0.44
LAUR,2016-04-05 17:00:00 EDT,42.52526,-75.13690,1627,26.0,25.5,20.4,30.1,-1.2,,,,,4.6,9.6,1.8,317,22,,,,,,4.6,9.6,1.8,317,22,429,28.55,,0,0,0,38.6,40.5,41.2,0.45,0.45,0.44
LAUR,2016-04-05 17:05:00 EDT,42.52526,-75.13690,1627,25.9,25.4,16.9,30.3,-1.1,,,,,8.7,14.4,2.2,296,13,,,,,,8.7,14.4,2.2,296,13,413,28.55,,0,0,0,38.6,40.5,41.2,0.45,0.45,0.44
LAUR,2016-04-05 17:10:00 EDT,42.52526,-75.13690,1627,25.6,25.1,15.5,30.7,-1.1,,,,,10.4,17.1,2.5,296,17,,,,,,10.4,17.1,2.5,296,17,398,28.55,,0,0,0,38.6,40.5,41.2,0.45,0.45,0.44
LAUR,2016-04-05 17:15:00 EDT,42.52526,-75.13690,1627,25.4,24.9,15.4,29.1,-2.4,,,,,10.3,13.6,1.6,292,12,,,,,,10.3,13.6,1.6,292,12,383,28.55,,0,0,0,38.6,40.5,41.2,0.45,0.45,0.44
LAUR,2016-04-05 17:20:00 EDT,42.52526,-75.13690,1627,25.4,25.0,16.0,29.5,-2.1,,,,,9.2,16.5,2.9,293,13,,,,,,9.2,16.5,2.9,293,13,366,28.55,,0,0,0,38.6,40.5,41.2,0.45,0.45,0.44
LAUR,2016-04-05 17:25:00 EDT,42.52526,-75.13690,1627,25.3,24.9,15.2,29.7,-2.0,,,,,10.5,16.2,2.3,289,11,,,,,,10.5,16.2,2.3,289,11,350,28.55,,0,0,0,38.6,40.5,41.2,0.45,0.45,0.44
LAUR,2016-04-05 17:30:00 EDT,42.52526,-75.13690,1627,25.4,25.0,16.3,29.9,-1.8,,,,,8.9,13.4,1.8,292,11,,,,,,8.9,13.4,1.8,292,11,334,28.55,,0,0,0,38.6,40.5,41.2,0.45,0.45,0.44
LAUR,2016-04-05 17:35:00 EDT,42.52526,-75.13690,1627,25.4,25.0,15.1,30.0,-1.7,,,,,10.8,16.1,2.7,284,13,,,,,,10.8,16.1,2.7,284,13,318,28.55,,0,0,0,38.6,40.5,41.1,0.45,0.45,0.44
LAUR,2016-04-05 17:40:00 EDT,42.52526,-75.13690,1627,25.4,25.0,15.1,30.0,-1.8,,,,,10.7,15.6,2.4,288,16,,,,,,10.7,15.6,2.4,288,16,302,28.55,,0,0,0,38.6,40.5,41.1,0.45,0.45,0.44
LAUR,2016-04-05 17:45:00 EDT,42.52526,-75.13690,1627,25.3,24.9,15.8,29.8,-1.9,,,,,9.4,17.0,2.8,292,14,,,,,,9.4,17.0,2.8,292,14,286,28.55,,0,0,0,38.6,40.5,41.1,0.45,0.45,0.44
LAUR,2016-04-05 17:50:00 EDT,42.52526,-75.13690,1627,25.3,25.0,15.2,30.1,-1.7,,,,,10.4,15.7,2.0,284,11,,,,,,10.4,15.7,2.0,284,11,271,28.55,,0,0,0,38.6,40.5,41.1,0.45,0.45,0.44
LAUR,2016-04-05 17:55:00 EDT,42.52526,-75.13690,1627,25.2,24.8,15.3,31.0,-1.3,,,,,10.0,15.6,2.3,295,12,,,,,,10.0,15.6,2.3,295,12,255,28.55,,0,0,0,38.5,40.5,41.1,0.46,0.45,0.44
LAUR,2016-04-05 18:00:00 EDT,42.52526,-75.13690,1627,25.0,24.7,16.0,31.1,-1.4,,,,,8.6,12.1,1.6,299,15,,,,,,8.6,12.1,1.6,299,15,239,28.56,,0,0,0,38.5,40.4,41.1,0.45,0.45,0.44
LAUR,2016-04-05 18:05:00 EDT,42.52526,-75.13690,1627,25.1,24.7,15.8,31.1,-1.3,,,,,8.9,15.3,1.7,287,11,,,,,,8.9,15.3,1.7,287,11,224,28.56,,0,0,0,38.5,40.5,41.1,0.46,0.45,0.44
LAUR,2016-04-05 18:10:00 EDT,42.52526,-75.13690,1627,25.1,24.8,16.6,31.4,-1.1,,,,,7.9,11.6,1.7,293,15,,,,,,7.9,11.6,1.7,293,15,209,28.55,,0,0,0,38.5,40.5,41.1,0.45,0.45,0.44
LAUR,2016-04-05 18:15:00 EDT,42.52526,-75.13690,1627,25.2,24.8,16.2,31.2,-1.1,,,,,8.6,14.0,2.0,306,14,,,,,,8.6,14.0,2.0,306,14,194,28.55,,0,0,0,38.5,40.5,41.1,0.46,0.45,0.44
LAUR,2016-04-05 18:20:00 EDT,42.52526,-75.13690,1627,25.0,24.6,14.9,30.5,-1.7,,,,,10.3,16.3,2.5,302,16,,,,,,10.3,16.3,2.5,302,16,179,28.55,,0,0,0,38.5,40.5,41.1,0.45,0.45,0.44
LAUR,2016-04-05 18:25:00 EDT,42.52526,-75.13690,1627,24.8,24.5,15.3,31.6,-1.1,,,,,9.2,13.8,1.9,304,13,,,,,,9.2,13.8,1.9,304,13,165,28.55,,0,0,0,38.5,40.5,41.0,0.45,0.45,0.44
LAUR,2016-04-05 18:30:00 EDT,42.52526,-75.13690,1627,24.7,24.3,14.9,30.2,-2.2,,,,,9.6,15.5,2.0,294,14,,,,,,9.6,15.5,2.0,294,14,150,28.55,,0,0,0,38.5,40.4,41.0,0.45,0.45,0.44
LAUR,2016-04-05 18:35:00 EDT,42.52526,-75.13690,1627,24.6,24.3,15.0,30.2,-2.4,,,,,9.2,13.7,1.8,292,13,,,,,,9.2,13.7,1.8,292,13,132,28.55,,0,0,0,38.5,40.4,41.1,0.45,0.45,0.44
LAUR,2016-04-05 18:40:00 EDT,42.52526,-75.13690,1627,24.6,24.2,15.6,30.0,-2.5,,,,,8.3,12.1,1.8,303,13,,,,,,8.3,12.1,1.8,303,13,112,28.55,,0,0,0,38.5,40.4,41.0,0.45,0.45,0.44
LAUR,2016-04-05 18:45:00 EDT,42.52526,-75.13690,1627,24.3,24.0,15.7,31.1,-2.0,,,,,7.6,13.6,1.7,304,19,,,,,,7.6,13.6,1.7,304,19,94,28.55,,0,0,0,38.5,40.4,41.0,0.45,0.45,0.44
LAUR,2016-04-05 18:50:00 EDT,42.52526,-75.13690,1627,24.3,24.1,14.1,31.5,-1.7,,,,,10.2,14.0,1.7,302,12,,,,,,10.2,14.0,1.7,302,12,77,28.55,,0,0,0,38.5,40.4,41.0,0.45,0.45,0.44
LAUR,2016-04-05 18:55:00 EDT,42.52526,-75.13690,1627,24.2,23.9,14.3,32.3,-1.3,,,,,9.5,14.8,2.3,301,11,,,,,,9.5,14.8,2.3,301,11,62,28.55,,0,0,0,38.5,40.4,41.0,0.45,0.45,0.44
LAUR,2016-04-05 19:00:00 EDT,42.52526,-75.13690,1627,24.0,23.7,14.2,34.0,-0.4,,,,,9.2,14.2,1.7,292,13,,,,,,9.2,14.2,1.7,292,13,49,28.55,,0,0,0,38.5,40.4,41.0,0.45,0.45,0.44
LAUR,2016-04-05 19:05:00 EDT,42.52526,-75.13690,1627,24.0,23.7,14.2,34.6,0.0,,,,,9.4,13.4,2.1,305,15,,,,,,9.4,13.4,2.1,305,15,37,28.55,,0,0,0,38.5,40.4,41.0,0.46,0.45,0.44
LAUR,2016-04-05 19:10:00 EDT,42.52526,-75.13690,1627,23.6,23.4,14.6,35.9,0.4,,,,,8.0,12.6,1.8,295,14,,,,,,8.0,12.6,1.8,295,14,27,28.55,,0,0,0,38.5,40.4,41.0,0.46,0.45,0.44
LAUR,2016-04-05 19:15:00 EDT,42.52526,-75.13690,1627,23.4,23.2,14.0,36.5,0.6,,,,,8.6,13.7,2.2,294,12,,,,,,8.6,13.7,2.2,294,12,19,28.55,,0,0,0,38.5,40.4,41.0,0.46,0.45,0.44
LAUR,2016-04-05 19:20:00 EDT,42.52526,-75.13690,1627,23.3,23.1,13.1,36.6,0.6,,,,,9.8,13.7,1.9,290,13,,,,,,9.8,13.7,1.9,290,13,14,28.55,,0,0,0,38.5,40.4,41.0,0.46,0.45,0.44
LAUR,2016-04-05 19:25:00 EDT,42.52526,-75.13690,1627,23.1,22.9,13.3,36.8,0.5,,,,,8.9,15.0,1.9,295,14,,,,,,8.9,15.0,1.9,295,14,10,28.55,,0,0,0,38.5,40.4,41.0,0.45,0.45,0.44
LAUR,2016-04-05 19:30:00 EDT,42.52526,-75.13690,1627,22.9,22.7,13.1,37.1,0.5,,,,,8.8,11.7,1.5,294,10,,,,,,8.8,11.7,1.5,294,10,7,28.55,,0,0,0,38.4,40.4,41.0,0.46,0.45,0.44
LAUR,2016-04-05 19:35:00 EDT,42.52526,-75.13690,1627,22.7,22.6,13.2,37.4,0.5,,,,,8.4,13.2,2.0,301,14,,,,,,8.4,13.2,2.0,301,14,4,28.55,,0,0,0,38.4,40.4,41.0,0.46,0.45,0.44
LAUR,2016-04-05 19:40:00 EDT,42.52526,-75.13690,1627,22.4,22.3,13.6,38.2,0.7,,,,,7.5,11.8,1.8,301,14,,,,,,7.5,11.8,1.8,301,14,2,28.55,,0,0,0,38.4,40.4,41.0,0.46,0.45,0.44
LAUR,2016-04-05 19:45:00 EDT,42.52526,-75.13690,1627,22.5,22.3,12.2,38.3,0.9,,,,,9.7,14.7,1.8,302,14,,,,,,9.7,14.7,1.8,302,14,1,28.55,,0,0,0,38.4,40.4,41.0,0.45,0.45,0.44
LAUR,2016-04-05 19:50:00 EDT,42.52526,-75.13690,1627,22.2,22.1,13.1,38.9,0.9,,,,,7.8,11.8,1.6,302,14,,,,,,7.8,11.8,1.6,302,14,0,28.55,,0,0,0,38.4,40.4,41.0,0.46,0.45,0.44
LAUR,2016-04-05 19:55:00 EDT,42.52526,-75.13690,1627,22.3,22.1,12.2,39.3,1.2,,,,,9.2,14.5,2.0,307,14,,,,,,9.2,14.5,2.0,307,14,0,28.56,,0,0,0,38.4,40.4,41.0,0.46,0.45,0.44
LAUR,2016-04-05 20:00:00 EDT,42.52526,-75.13690,1627,22.1,22.0,11.8,39.9,1.4,,,,,9.4,15.8,2.6,305,13,,,,,,9.4,15.8,2.6,305,13,0,28.56,,0,0,0,38.4,40.4,41.0,0.46,0.45,0.44
LAUR,2016-04-05 20:05:00 EDT,42.52526,-75.13690,1627,21.9,21.9,12.4,39.4,1.0,,,,,8.3,13.7,1.8,300,14,,,,,,8.3,13.7,1.8,300,14,0,28.56,,0,0,0,38.4,40.4,41.0,0.46,0.45,0.44
LAUR,2016-04-05 20:10:00 EDT,42.52526,-75.13690,1627,21.9,21.7,12.3,39.8,1.1,,,,,8.3,12.1,1.6,303,17,,,,,,8.3,12.1,1.6,303,17,0,28.56,,0,0,0,38.4,40.3,41.0,0.46,0.45,0.44
LAUR,2016-04-05 20:15:00 EDT,42.52526,-75.13690,1627,21.7,21.6,13.2,40.3,1.2,,,,,6.8,10.3,1.5,297,12,,,,,,6.8,10.3,1.5,297,12,0,28.56,,0,0,0,38.3,40.3,41.0,0.46,0.45,0.44
LAUR,2016-04-05 20:20:00 EDT,42.52526,-75.13690,1627,21.4,21.4,13.0,40.8,1.2,,,,,6.7,12.0,2.0,302,13,,,,,,6.7,12.0,2.0,302,13,0,28.56,,0,0,0,38.3,40.3,41.0,0.46,0.45,0.44
LAUR,2016-04-05 20:25:00 EDT,42.52526,-75.13690,1627,21.3,21.2,13.4,41.4,1.4,,,,,6.0,10.5,1.9,296,13,,,,,,6.0,10.5,1.9,296,13,0,28.56,,0,0,0,38.3,40.3,41.0,0.45,0.45,0.44
LAUR,2016-04-05 20:30:00 EDT,42.52526,-75.13690,1627,21.1,21.1,13.9,42.2,1.7,,,,,5.3,9.3,1.5,312,15,,,,,,5.3,9.3,1.5,312,15,0,28.56,,0,0,0,38.3,40.3,41.0,0.46,0.45,0.44
LAUR,2016-04-05 20:35:00 EDT,42.52526,-75.13690,1627,21.2,21.1,14.1,42.2,1.8,,,,,5.3,10.1,1.4,318,26,,,,,,5.3,10.1,1.4,318,26,0,28.55,,0,0,0,38.3,40.3,41.0,0.46,0.45,0.44
LAUR,2016-04-05 20:40:00 EDT,42.52526,-75.13690,1627,21.1,20.9,14.0,42.1,1.6,,,,,5.2,10.2,1.7,322,21,,,,,,5.2,10.2,1.7,322,21,0,28.55,,0,0,0,38.3,40.3,41.0,0.46,0.45,0.44
LAUR,2016-04-05 20:45:00 EDT,42.52526,-75.13690,1627,20.9,20.7,20.9,42.5,1.7,,,,,2.3,4.7,1.1,321,29,,,,,,2.3,4.7,1.1,321,29,0,28.56,,0,0,0,38.3,40.3,41.0,0.46,0.45,0.44
LAUR,2016-04-05 20:50:00 EDT,42.52526,-75.13690,1627,20.6,20.4,15.2,43.1,1.7,,,,,3.8,6.6,1.1,307,21,,,,,,3.8,6.6,1.1,307,21,0,28.56,,0,0,0,38.3,40.3,41.0,0.46,0.45,0.44
LAUR,2016-04-05 20:55:00 EDT,42.52526,-75.13690,1627,20.4,20.3,20.4,43.5,1.7,,,,,1.6,5.3,1.3,321,39,,,,,,1.6,5.3,1.3,321,39,0,28.56,,0,0,0,38.3,40.3,41.0,0.46,0.45,0.44
LAUR,2016-04-05 21:00:00 EDT,42.52526,-75.13690,1627,20.1,20.1,20.1,44.2,1.7,,,,,1.6,4.9,1.0,290,27,,,,,,1.6,4.9,1.0,290,27,0,28.56,,0,0,0,38.3,40.3,41.0,0.46,0.45,0.44
LAUR,2016-04-05 21:05:00 EDT,42.52526,-75.13690,1627,20.2,20.0,20.2,44.0,1.7,,,,,2.4,5.7,1.3,291,20,,,,,,2.4,5.7,1.3,291,20,0,28.57,,0,0,0,38.3,40.3,41.0,0.46,0.45,0.44
LAUR,2016-04-05 21:10:00 EDT,42.52526,-75.13690,1627,19.7,19.7,19.7,44.0,1.3,,,,,2.6,4.2,0.7,290,14,,,,,,2.6,4.2,0.7,290,14,0,28.57,,0,0,0,38.3,40.3,41.0,0.46,0.45,0.44
LAUR,2016-04-05 21:15:00 EDT,42.52526,-75.13690,1627,19.5,19.6,19.5,44.6,1.4,,,,,1.9,3.5,0.6,305,20,,,,,,1.9,3.5,0.6,305,20,0,28.57,,0,0,0,38.3,40.3,41.0,0.46,0.45,0.44
LAUR,2016-04-05 21:20:00 EDT,42.52526,-75.13690,1627,19.7,19.6,15.4,44.8,1.7,,,,,3.0,5.2,1.1,313,21,,,,,,3.0,5.2,1.1,313,21,0,28.57,,0,0,0,38.3,40.3,41.0,0.46,0.45,0.44
LAUR,2016-04-05 21:25:00 EDT,42.52526,-75.13690,1627,19.7,19.6,19.7,43.9,1.3,,,,,1.7,4.1,0.9,314,27,,,,,,1.7,4.1,0.9,314,27,0,28.57,,0,0,0,38.3,40.3,41.0,0.46,0.45,0.44
LAUR,2016-04-05 21:30:00 EDT,42.52526,-75.13690,1627,19.6,19.6,19.6,44.2,1.3,,,,,2.1,4.0,0.8,310,19,,,,,,2.1,4.0,0.8,310,19,0,28.57,,0,0,0,38.3,40.3,41.0,0.46,0.45,0.44
LAUR,2016-04-05 21:35:00 EDT,42.52526,-75.13690,1627,19.4,19.6,19.4,44.8,1.4,,,,,1.4,3.2,0.8,314,35,,,,,,1.4,3.2,0.8,314,35,0,28.57,,0,0,0,38.3,40.3,41.0,0.46,0.45,0.44
LAUR,2016-04-05 21:40:00 EDT,42.52526,-75.13690,1627,19.4,19.4,19.4,45.0,1.5,,,,,1.7,3.1,0.6,296,17,,,,,,1.7,3.1,0.6,296,17,0,28.57,,0,0,0,38.3,40.3,41.0,0.46,0.45,0.44
LAUR,2016-04-05 21:45:00 EDT,42.52526,-75.13690,1627,19.1,19.3,19.1,45.5,1.5,,,,,1.5,2.6,0.7,310,20,,,,,,1.5,2.6,0.7,310,20,0,28.57,,0,0,0,38.3,40.3,41.0,0.46,0.45,0.44
LAUR,2016-04-05 21:50:00 EDT,42.52526,-75.13690,1627,18.9,19.2,18.9,45.6,1.3,,,,,1.6,3.0,0.7,304,17,,,,,,1.6,3.0,0.7,304,17,0,28.57,,0,0,0,38.3,40.3,41.0,0.46,0.45,0.44
LAUR,2016-04-05 21:55:00 EDT,42.52526,-75.13690,1627,18.8,19.0,18.8,45.7,1.3,,,,,1.3,2.5,0.8,298,18,,,,,,1.3,2.5,0.8,298,18,0,28.57,,0,0,0,38.3,40.3,41.0,0.46,0.45,0.44
LAUR,2016-04-05 22:00:00 EDT,42.52526,-75.13690,1627,18.3,18.9,18.3,46.6,1.2,,,,,1.2,3.6,0.9,295,16,,,,,,1.2,3.6,0.9,295,16,0,28.57,,0,0,0,38.3,40.3,41.0,0.46,0.45,0.44
LAUR,2016-04-05 22:05:00 EDT,42.52526,-75.13690,1627,17.4,18.7,17.4,47.4,0.8,,,,,0.1,1.0,0.2,227,56,,,,,,0.1,1.0,0.2,227,56,0,28.57,,0,0,0,38.3,40.3,41.0,0.46,0.45,0.44
LAUR,2016-04-05 22:10:00 EDT,42.52526,-75.13690,1627,17.3,18.4,17.3,48.1,1.0,,,,,0.3,2.0,0.4,39,17,,,,,,0.3,2.0,0.4,39,17,0,28.57,,0,0,0,38.3,40.3,41.0,0.46,0.45,0.44
LAUR,2016-04-05 22:15:00 EDT,42.52526,-75.13690,1627,16.9,18.6,16.9,51.4,2.1,,,,,0.6,1.1,0.3,307,29,,,,,,0.6,1.1,0.3,307,29,0,28.57,,0,0,0,38.2,40.3,41.0,0.46,0.45,0.44
LAUR,2016-04-05 22:20:00 EDT,42.52526,-75.13690,1627,16.4,18.3,16.4,51.8,1.7,,,,,0.9,1.8,0.4,247,13,,,,,,0.9,1.8,0.4,247,13,0,28.57,,0,0,0,38.2,40.3,41.0,0.46,0.45,0.44
LAUR,2016-04-05 22:25:00 EDT,42.52526,-75.13690,1627,16.6,17.8,16.6,51.9,2.0,,,,,1.5,3.2,0.7,259,14,,,,,,1.5,3.2,0.7,259,14,0,28.57,,0,0,0,38.2,40.3,41.0,0.46,0.45,0.44
LAUR,2016-04-05 22:30:00 EDT,42.52526,-75.13690,1627,16.7,18.2,16.7,52.0,2.1,,,,,2.7,4.7,0.8,272,8,,,,,,2.7,4.7,0.8,272,8,0,28.57,,0,0,0,38.2,40.3,41.0,0.46,0.45,0.44
LAUR,2016-04-05 22:35:00 EDT,42.52526,-75.13690,1627,17.2,18.6,17.2,51.4,2.3,,,,,2.4,3.7,0.4,275,9,,,,,,2.4,3.7,0.4,275,9,0,28.57,,0,0,0,38.2,40.3,41.0,0.46,0.45,0.44
LAUR,2016-04-05 22:40:00 EDT,42.52526,-75.13690,1627,17.6,18.6,17.6,50.6,2.3,,,,,2.6,4.3,0.6,277,10,,,,,,2.6,4.3,0.6,277,10,0,28.57,,0,0,0,38.1,40.3,41.0,0.46,0.45,0.44
LAUR,2016-04-05 22:45:00 EDT,42.52526,-75.13690,1627,18.2,18.9,13.1,48.5,2.0,,,,,3.4,5.8,0.7,276,10,,,,,,3.4,5.8,0.7,276,10,0,28.57,,0,0,0,38.1,40.3,41.0,0.46,0.45,0.44
LAUR,2016-04-05 22:50:00 EDT,42.52526,-75.13690,1627,18.1,18.8,12.9,47.3,1.4,,,,,3.4,4.6,0.5,270,9,,,,,,3.4,4.6,0.5,270,9,0,28.57,,0,0,0,38.1,40.3,41.0,0.46,0.45,0.44
LAUR,2016-04-05 22:55:00 EDT,42.52526,-75.13690,1627,17.5,18.5,12.6,47.4,0.9,,,,,3.2,5.1,0.6,280,10,,,,,,3.2,5.1,0.6,280,10,0,28.56,,0,0,0,38.1,40.3,41.0,0.46,0.45,0.44
LAUR,2016-04-05 23:00:00 EDT,42.52526,-75.13690,1627,18.0,18.6,13.5,47.5,1.3,,,,,3.0,4.6,0.6,272,8,,,,,,3.0,4.6,0.6,272,8,0,28.56,,0,0,0,38.1,40.3,41.0,0.46,0.45,0.44
LAUR,2016-04-05 23:05:00 EDT,42.52526,-75.13690,1627,17.5,18.5,17.5,47.4,0.9,,,,,3.0,3.8,0.5,272,6,,,,,,3.0,3.8,0.5,272,6,0,28.56,,0,0,0,38.1,40.3,41.0,0.46,0.45,0.44
LAUR,2016-04-05 23:10:00 EDT,42.52526,-75.13690,1627,17.1,18.1,17.1,48.2,0.9,,,,,2.4,3.7,0.4,269,9,,,,,,2.4,3.7,0.4,269,9,0,28.56,,0,0,0,38.1,40.3,41.0,0.46,0.45,0.44
LAUR,2016-04-05 23:15:00 EDT,42.52526,-75.13690,1627,16.0,17.4,16.0,50.0,0.6,,,,,1.8,3.4,0.6,264,10,,,,,,1.8,3.4,0.6,264,10,0,28.56,,0,0,0,38.1,40.3,41.0,0.46,0.45,0.44
LAUR,2016-04-05 23:20:00 EDT,42.52526,-75.13690,1627,15.7,16.9,15.7,51.6,1.0,,,,,0.2,1.1,0.3,219,8,,,,,,0.2,1.1,0.3,219,8,0,28.56,,0,0,0,38.1,40.3,41.0,0.46,0.45,0.44
LAUR,2016-04-05 23:25:00 EDT,42.52526,-75.13690,1627,14.9,17.0,14.9,52.8,0.7,,,,,0.0,0.3,0.0,200,0,,,,,,0.0,0.3,0.0,200,0,0,28.56,,0,0,0,38.1,40.3,41.0,0.46,0.45,0.44
LAUR,2016-04-05 23:30:00 EDT,42.52526,-75.13690,1627,14.8,17.1,14.8,53.7,1.0,,,,,0.0,0.0,0.0,0,0,,,,,,0.0,0.0,0.0,0,0,0,28.56,,0,0,0,38.1,40.3,41.0,0.46,0.45,0.44
LAUR,2016-04-05 23:35:00 EDT,42.52526,-75.13690,1627,14.8,17.1,14.8,54.8,1.5,,,,,0.0,0.0,0.0,0,0,,,,,,0.0,0.0,0.0,0,0,0,28.56,,0,0,0,38.1,40.3,41.0,0.46,0.45,0.44
LAUR,2016-04-05 23:40:00 EDT,42.52526,-75.13690,1627,13.7,17.0,13.7,54.5,0.3,,,,,0.0,0.0,0.0,0,0,,,,,,0.0,0.0,0.0,0,0,0,28.56,,0,0,0,38.0,40.3,41.0,0.46,0.45,0.44
LAUR,2016-04-05 23:45:00 EDT,42.52526,-75.13690,1627,13.3,17.2,13.3,52.3,-1.0,,,,,0.1,0.9,0.2,200,0,,,,,,0.1,0.9,0.2,200,0,0,28.55,,0,0,0,38.0,40.3,41.0,0.46,0.45,0.44
LAUR,2016-04-05 23:50:00 EDT,42.52526,-75.13690,1627,13.1,16.9,13.1,52.0,-1.2,,,,,1.0,1.6,0.4,200,2,,,,,,1.0,1.6,0.4,200,2,0,28.56,,0,0,0,38.0,40.2,41.0,0.46,0.45,0.44
LAUR,2016-04-05 23:55:00 EDT,42.52526,-75.13690,1627,15.6,17.0,15.6,54.2,2.0,,,,,1.9,2.8,0.4,173,11,,,,,,1.9,2.8,0.4,173,11,0,28.56,,0,0,0,38.0,40.3,41.0,0.46,0.45,0.44
LOUI,2016-04-05 00:00:00 EDT,44.87169,-75.05608,279,21.6,22.1,16.1,42.3,2.1,,,,,4.0,6.1,0.9,5,16,4.6,7.8,1.2,6,11,4.0,6.1,0.9,5,16,0,29.90,,,,,,,,,,
LOUI,2016-04-05 00:05:00 EDT,44.87169,-75.05608,279,21.5,22.0,16.5,41.8,1.9,,,,,3.6,6.6,0.9,0,13,4.2,6.7,1.0,4,11,3.6,6.6,0.9,0,13,0,29.90,,,,,,,,,,
LOUI,2016-04-05 00:10:00 EDT,44.87169,-75.05608,279,21.6,22.0,16.3,41.9,1.9,,,,,3.8,6.6,1.0,3,15,4.5,7.8,1.1,4,10,3.8,6.6,1.0,3,15,0,29.91,,,,,,,,,,
LOUI,2016-04-05 00:15:00 EDT,44.87169,-75.05608,279,21.5,22.0,15.2,41.3,1.6,,,,,4.6,7.7,1.0,1,13,5.2,9.6,1.3,3,11,4.6,7.7,1.0,1,13,0,29.91,,,,,,,,,,
LOUI,2016-04-05 00:20:00 EDT,44.87169,-75.05608,279,21.8,22.1,15.1,40.6,1.5,,,,,5.0,7.5,1.2,358,17,5.8,9.2,1.3,360,11,5.0,7.5,1.2,358,17,0,29.91,,,,,,,,,,
LOUI,2016-04-05 00:25:00 EDT,44.87169,-75.05608,279,22.1,22.3,15.1,39.7,1.2,,,,,5.3,7.7,1.0,6,15,6.0,9.4,1.3,7,9,5.3,7.7,1.0,6,15,0,29.91,,,,,,,,,,
LOUI,2016-04-05 00:30:00 EDT,44.87169,-75.05608,279,21.9,22.3,15.2,39.8,1.2,,,,,5.1,7.7,1.1,2,20,5.7,10.1,1.4,4,11,5.1,7.7,1.1,2,20,0,29.91,,,,,,,,,,
LOUI,2016-04-05 00:35:00 EDT,44.87169,-75.05608,279,21.9,22.2,14.9,39.8,1.1,,,,,5.3,8.1,1.5,2,15,5.9,8.9,1.6,5,10,5.3,8.1,1.5,2,15,0,29.91,,,,,,,,,,
LOUI,2016-04-05 00:40:00 EDT,44.87169,-75.05608,279,21.8,22.0,15.3,39.8,1.0,,,,,4.8,10.1,1.4,1,16,5.6,12.3,1.6,2,10,4.8,10.1,1.4,1,16,0,29.91,,,,,,,,,,
LOUI,2016-04-05 00:45:00 EDT,44.87169,-75.05608,279,21.7,21.9,14.3,39.4,0.7,,,,,5.7,8.6,1.2,2,14,6.3,9.8,1.5,5,10,5.7,8.6,1.2,2,14,0,29.92,,,,,,,,,,
LOUI,2016-04-05 00:50:00 EDT,44.87169,-75.05608,279,21.6,21.9,14.1,39.5,0.7,,,,,5.8,9.1,1.4,4,15,6.4,11.6,1.6,5,10,5.8,9.1,1.4,4,15,0,29.92,,,,,,,,,,
LOUI,2016-04-05 00:55:00 EDT,44.87169,-75.05608,279,21.6,21.8,14.0,39.7,0.8,,,,,5.8,9.1,1.7,0,16,6.7,12.3,2.1,4,13,5.8,9.1,1.7,0,16,0,29.92,,,,,,,,,,
LOUI,2016-04-05 01:00:00 EDT,44.87169,-75.05608,279,21.6,21.8,14.0,40.1,1.1,,,,,5.9,9.9,1.7,1,20,6.8,13.2,2.1,2,11,5.9,9.9,1.7,1,20,0,29.92,,,,,,,,,,
LOUI,2016-04-05 01:05:00 EDT,44.87169,-75.05608,279,21.5,21.6,13.5,40.3,1.0,,,,,6.3,10.6,1.6,359,16,7.1,12.8,2.0,2,12,6.3,10.6,1.6,359,16,0,29.92,,,,,,,,,,
LOUI,2016-04-05 01:10:00 EDT,44.87169,-75.05608,279,21.6,21.6,13.7,40.1,1.0,,,,,6.2,10.3,1.7,356,21,7.3,14.1,2.2,358,14,6.2,10.3,1.7,356,21,0,29.92,,,,,,,,,,
LOUI,2016-04-05 01:15:00 EDT,44.87169,-75.05608,279,21.1,21.4,15.0,41.5,1.3,,,,,4.4,7.5,1.1,356,21,5.0,8.3,1.2,357,15,4.4,7.5,1.1,356,21,0,29.92,,,,,,,,,,
LOUI,2016-04-05 01:20:00 EDT,44.87169,-75.05608,279,21.1,21.3,13.5,42.6,1.8,,,,,5.7,10.5,1.9,351,20,6.5,13.2,2.3,354,14,5.7,10.5,1.9,351,20,0,29.93,,,,,,,,,,
LOUI,2016-04-05 01:25:00 EDT,44.87169,-75.05608,279,21.2,21.3,14.1,42.7,2.0,,,,,5.2,8.6,1.2,356,18,5.9,10.1,1.5,358,15,5.2,8.6,1.2,356,18,0,29.93,,,,,,,,,,
LOUI,2016-04-05 01:30:00 EDT,44.87169,-75.05608,279,21.0,21.1,13.7,43.2,2.1,,,,,5.4,10.1,1.8,358,23,6.2,11.4,2.1,2,16,5.4,10.1,1.8,358,23,0,29.93,,,,,,,,,,
LOUI,2016-04-05 01:35:00 EDT,44.87169,-75.05608,279,21.0,21.1,13.2,44.0,2.4,,,,,5.9,9.6,1.5,348,22,6.7,11.2,1.7,352,15,5.9,9.6,1.5,348,22,0,29.93,,,,,,,,,,
LOUI,2016-04-05 01:40:00 EDT,44.87169,-75.05608,279,21.0,21.1,12.4,43.8,2.4,,,,,6.8,11.4,2.1,354,22,8.0,14.1,2.5,358,16,6.8,11.4,2.1,354,22,0,29.93,,,,,,,,,,
LOUI,2016-04-05 01:45:00 EDT,44.87169,-75.05608,279,20.9,21.0,12.6,43.4,2.1,,,,,6.4,9.8,1.3,2,24,7.5,13.0,1.9,3,10,6.4,9.8,1.3,2,24,0,29.93,,,,,,,,,,
LOUI,2016-04-05 01:50:00 EDT,44.87169,-75.05608,279,20.7,20.9,14.5,43.8,2.2,,,,,4.5,9.2,1.5,352,16,5.3,11.0,1.7,355,13,4.5,9.2,1.5,352,16,0,29.93,,,,,,,,,,
LOUI,2016-04-05 01:55:00 EDT,44.87169,-75.05608,279,20.6,20.7,13.3,45.4,2.8,,,,,5.4,10.7,2.1,350,16,6.2,13.6,2.5,355,14,5.4,10.7,2.1,350,16,0,29.94,,,,,,,,,,
LOUI,2016-04-05 02:00:00 EDT,44.87169,-75.05608,279,20.7,20.8,11.0,44.1,2.3,,,,,8.2,15.9,2.5,2,23,9.6,18.3,3.0,5,15,8.2,15.9,2.5,2,23,0,29.94,,,,,,,,,,
LOUI,2016-04-05 02:05:00 EDT,44.87169,-75.05608,279,20.5,20.6,11.9,42.9,1.5,,,,,6.7,11.0,1.8,6,21,7.5,14.1,2.3,8,11,6.7,11.0,1.8,6,21,0,29.94,,,,,,,,,,
LOUI,2016-04-05 02:10:00 EDT,44.87169,-75.05608,279,20.6,20.6,11.4,42.3,1.2,,,,,7.4,13.8,2.1,359,21,8.6,15.9,2.4,3,12,7.4,13.8,2.1,359,21,0,29.94,,,,,,,,,,
LOUI,2016-04-05 02:15:00 EDT,44.87169,-75.05608,279,20.4,20.5,12.6,41.8,0.9,,,,,5.8,10.7,2.1,359,16,6.8,13.0,2.4,2,12,5.8,10.7,2.1,359,16,0,29.94,,,,,,,,,,
LOUI,2016-04-05 02:20:00 EDT,44.87169,-75.05608,279,20.3,20.4,12.0,42.9,1.3,,,,,6.3,11.8,2.0,352,17,7.2,13.9,2.4,355,12,6.3,11.8,2.0,352,17,0,29.94,,,,,,,,,,
LOUI,2016-04-05 02:25:00 EDT,44.87169,-75.05608,279,20.2,20.3,12.4,43.7,1.6,,,,,5.8,10.4,1.5,356,18,6.7,11.9,1.8,359,11,5.8,10.4,1.5,356,18,0,29.94,,,,,,,,,,
LOUI,2016-04-05 02:30:00 EDT,44.87169,-75.05608,279,20.1,20.1,13.5,44.9,2.0,,,,,4.6,8.9,1.2,346,23,5.3,10.1,1.5,349,20,4.6,8.9,1.2,346,23,0,29.95,,,,,,,,,,
LOUI,2016-04-05 02:35:00 EDT,44.87169,-75.05608,279,20.0,20.0,11.0,45.7,2.4,,,,,7.0,15.3,2.7,2,18,8.2,17.2,3.0,5,15,7.0,15.3,2.7,2,18,0,29.95,,,,,,,,,,
LOUI,2016-04-05 02:40:00 EDT,44.87169,-75.05608,279,19.8,19.9,13.1,45.4,2.1,,,,,4.8,9.1,1.2,352,22,5.4,10.3,1.5,355,13,4.8,9.1,1.2,352,22,0,29.95,,,,,,,,,,
LOUI,2016-04-05 02:45:00 EDT,44.87169,-75.05608,279,19.7,19.7,13.3,46.9,2.7,,,,,4.4,8.8,1.6,345,22,5.3,10.5,1.8,350,16,4.4,8.8,1.6,345,22,0,29.95,,,,,,,,,,
LOUI,2016-04-05 02:50:00 EDT,44.87169,-75.05608,279,19.6,19.6,11.5,47.5,2.8,,,,,5.9,12.1,1.9,343,25,6.9,12.3,2.2,349,14,5.9,12.1,1.9,343,25,0,29.95,,,,,,,,,,
LOUI,2016-04-05 02:55:00 EDT,44.87169,-75.05608,279,19.4,19.5,11.2,48.2,3.0,,,,,6.0,11.3,2.1,338,19,6.8,13.0,2.3,343,16,6.0,11.3,2.1,338,19,0,29.95,,,,,,,,,,
LOUI,2016-04-05 03:00:00 EDT,44.87169,-75.05608,279,19.4,19.5,11.3,48.0,2.9,,,,,5.9,11.6,1.8,342,14,7.1,13.6,2.1,348,11,5.9,11.6,1.8,342,14,0,29.96,,,,,,,,,,
LOUI,2016-04-05 03:05:00 EDT,44.87169,-75.05608,279,19.4,19.4,10.2,47.8,2.7,,,,,7.0,10.3,1.6,343,18,8.0,12.3,2.0,348,15,7.0,10.3,1.6,343,18,0,29.96,,,,,,,,,,
LOUI,2016-04-05 03:10:00 EDT,44.87169,-75.05608,279,19.2,19.3,10.2,48.0,2.7,,,,,6.9,12.3,2.1,345,18,7.9,13.9,2.4,348,15,6.9,12.3,2.1,345,18,0,29.96,,,,,,,,,,
LOUI,2016-04-05 03:15:00 EDT,44.87169,-75.05608,279,19.2,19.2,10.1,48.5,2.9,,,,,6.9,12.3,2.0,343,20,7.8,14.5,2.3,348,15,6.9,12.3,2.0,343,20,0,29.96,,,,,,,,,,
LOUI,2016-04-05 03:20:00 EDT,44.87169,-75.05608,279,18.9,18.9,12.3,49.4,3.0,,,,,4.4,7.3,1.2,340,21,5.4,10.3,1.5,344,18,4.4,7.3,1.2,340,21,0,29.96,,,,,,,,,,
LOUI,2016-04-05 03:25:00 EDT,44.87169,-75.05608,279,18.8,18.9,9.9,49.8,3.2,,,,,6.7,11.3,1.8,342,23,7.5,13.6,2.2,348,14,6.7,11.3,1.8,342,23,0,29.97,,,,,,,,,,
LOUI,2016-04-05 03:30:00 EDT,44.87169,-75.05608,279,18.8,18.8,10.2,49.8,3.1,,,,,6.3,10.9,1.6,337,20,7.3,13.2,2.0,341,17,6.3,10.9,1.6,337,20,0,29.97,,,,,,,,,,
LOUI,2016-04-05 03:35:00 EDT,44.87169,-75.05608,279,18.6,18.7,11.7,49.8,2.9,,,,,4.6,8.8,1.3,343,17,5.6,10.5,1.5,347,15,4.6,8.8,1.3,343,17,0,29.97,,,,,,,,,,
LOUI,2016-04-05 03:40:00 EDT,44.87169,-75.05608,279,18.6,18.6,10.6,49.6,2.8,,,,,5.7,11.0,1.5,340,20,6.8,10.7,1.8,344,18,5.7,11.0,1.5,340,20,0,29.97,,,,,,,,,,
LOUI,2016-04-05 03:45:00 EDT,44.87169,-75.05608,279,18.6,18.6,9.8,49.3,2.7,,,,,6.5,13.8,2.8,337,18,7.4,17.2,3.2,344,14,6.5,13.8,2.8,337,18,0,29.97,,,,,,,,,,
LOUI,2016-04-05 03:50:00 EDT,44.87169,-75.05608,279,18.3,18.4,10.6,50.3,2.8,,,,,5.3,8.8,1.5,338,18,6.2,11.2,1.8,343,18,5.3,8.8,1.5,338,18,0,29.97,,,,,,,,,,
LOUI,2016-04-05 03:55:00 EDT,44.87169,-75.05608,279,18.3,18.3,10.5,50.3,2.9,,,,,5.4,8.5,1.5,342,17,6.0,9.2,1.6,346,17,5.4,8.5,1.5,342,17,0,29.97,,,,,,,,,,
LOUI,2016-04-05 04:00:00 EDT,44.87169,-75.05608,279,18.2,18.2,11.3,50.4,2.8,,,,,4.6,9.0,1.6,343,20,5.5,10.3,2.0,345,17,4.6,9.0,1.6,343,20,0,29.98,,,,,,,,,,
LOUI,2016-04-05 04:05:00 EDT,44.87169,-75.05608,279,18.1,18.2,10.3,50.9,2.9,,,,,5.4,10.4,1.9,339,23,6.4,12.5,2.3,346,17,5.4,10.4,1.9,339,23,0,29.98,,,,,,,,,,
LOUI,2016-04-05 04:10:00 EDT,44.87169,-75.05608,279,18.1,18.2,9.1,50.9,2.9,,,,,6.6,11.7,1.7,335,17,7.5,12.8,1.9,340,15,6.6,11.7,1.7,335,17,0,29.98,,,,,,,,,,
LOUI,2016-04-05 04:15:00 EDT,44.87169,-75.05608,279,18.1,18.1,10.3,50.5,2.8,,,,,5.4,9.4,1.7,336,16,6.2,11.6,2.0,342,14,5.4,9.4,1.7,336,16,0,29.98,,,,,,,,,,
LOUI,2016-04-05 04:20:00 EDT,44.87169,-75.05608,279,18.0,18.0,9.9,50.9,2.8,,,,,5.6,9.9,1.9,338,16,6.5,13.2,2.3,341,14,5.6,9.9,1.9,338,16,0,29.99,,,,,,,,,,
LOUI,2016-04-05 04:25:00 EDT,44.87169,-75.05608,279,17.8,17.9,9.7,51.3,2.8,,,,,5.5,9.2,1.6,341,20,6.1,10.3,1.9,346,16,5.5,9.2,1.6,341,20,0,29.99,,,,,,,,,,
LOUI,2016-04-05 04:30:00 EDT,44.87169,-75.05608,279,17.8,17.9,10.2,51.2,2.8,,,,,5.2,9.2,1.7,340,23,6.3,13.2,2.0,343,16,5.2,9.2,1.7,340,23,0,29.99,,,,,,,,,,
LOUI,2016-04-05 04:35:00 EDT,44.87169,-75.05608,279,17.8,17.8,10.0,51.3,2.8,,,,,5.3,9.6,1.7,334,21,6.0,11.9,1.9,337,15,5.3,9.6,1.7,334,21,0,29.99,,,,,,,,,,
LOUI,2016-04-05 04:40:00 EDT,44.87169,-75.05608,279,17.5,17.6,10.6,52.3,3.0,,,,,4.6,10.4,1.8,335,20,5.3,11.9,2.1,340,18,4.6,10.4,1.8,335,20,0,30.00,,,,,,,,,,
LOUI,2016-04-05 04:45:00 EDT,44.87169,-75.05608,279,17.6,17.6,9.2,51.6,2.8,,,,,5.8,10.3,1.8,346,18,7.0,13.4,2.2,350,14,5.8,10.3,1.8,346,18,0,30.00,,,,,,,,,,
LOUI,2016-04-05 04:50:00 EDT,44.87169,-75.05608,279,17.5,17.5,9.5,51.8,2.7,,,,,5.4,9.5,1.8,334,14,6.2,11.6,2.1,338,13,5.4,9.5,1.8,334,14,0,30.00,,,,,,,,,,
LOUI,2016-04-05 04:55:00 EDT,44.87169,-75.05608,279,17.3,17.4,10.1,52.3,2.8,,,,,4.8,9.4,1.8,335,19,5.7,10.7,2.0,339,18,4.8,9.4,1.8,335,19,0,30.00,,,,,,,,,,
LOUI,2016-04-05 05:00:00 EDT,44.87169,-75.05608,279,17.2,17.2,9.7,52.5,2.8,,,,,5.0,10.9,2.0,334,19,6.0,12.1,2.2,339,17,5.0,10.9,2.0,334,19,0,30.00,,,,,,,,,,
LOUI,2016-04-05 05:05:00 EDT,44.87169,-75.05608,279,17.2,17.3,9.4,52.2,2.7,,,,,5.3,8.5,1.3,337,16,6.1,10.5,1.4,342,16,5.3,8.5,1.3,337,16,0,30.00,,,,,,,,,,
LOUI,2016-04-05 05:10:00 EDT,44.87169,-75.05608,279,17.1,17.1,9.4,52.2,2.6,,,,,5.2,10.0,2.0,343,19,6.1,14.5,2.3,348,17,5.2,10.0,2.0,343,19,0,30.01,,,,,,,,,,
LOUI,2016-04-05 05:15:00 EDT,44.87169,-75.05608,279,17.0,17.0,9.8,52.2,2.5,,,,,4.7,9.5,1.6,343,18,5.8,11.4,1.7,345,14,4.7,9.5,1.6,343,18,0,30.01,,,,,,,,,,
LOUI,2016-04-05 05:20:00 EDT,44.87169,-75.05608,279,16.9,17.0,9.6,52.5,2.5,,,,,4.9,7.8,1.4,343,16,5.6,11.4,1.6,345,15,4.9,7.8,1.4,343,16,0,30.01,,,,,,,,,,
LOUI,2016-04-05 05:25:00 EDT,44.87169,-75.05608,279,16.8,16.9,9.2,52.9,2.6,,,,,5.1,8.7,1.5,342,23,5.8,10.3,1.7,347,18,5.1,8.7,1.5,342,23,0,30.02,,,,,,,,,,
LOUI,2016-04-05 05:30:00 EDT,44.87169,-75.05608,279,16.9,16.9,8.7,52.1,2.3,,,,,5.6,9.5,1.9,348,19,6.6,11.4,2.0,352,15,5.6,9.5,1.9,348,19,0,30.02,,,,,,,,,,
LOUI,2016-04-05 05:35:00 EDT,44.87169,-75.05608,279,16.7,16.7,10.3,52.5,2.3,,,,,4.1,8.2,1.5,352,20,4.8,9.4,1.8,355,18,4.1,8.2,1.5,352,20,0,30.02,,,,,,,,,,
LOUI,2016-04-05 05:40:00 EDT,44.87169,-75.05608,279,16.5,16.6,10.0,53.3,2.4,,,,,4.1,10.2,1.8,340,22,5.0,12.8,2.1,346,20,4.1,10.2,1.8,340,22,0,30.02,,,,,,,,,,
LOUI,2016-04-05 05:45:00 EDT,44.87169,-75.05608,279,16.5,16.5,9.5,53.7,2.6,,,,,4.4,9.1,1.6,354,19,4.9,10.7,1.8,355,18,4.4,9.1,1.6,354,19,0,30.03,,,,,,,,,,
LOUI,2016-04-05 05:50:00 EDT,44.87169,-75.05608,279,16.4,16.4,9.3,53.8,2.6,,,,,4.5,8.7,1.5,339,22,5.4,10.3,1.7,347,17,4.5,8.7,1.5,339,22,0,30.03,,,,,,,,,,
LOUI,2016-04-05 05:55:00 EDT,44.87169,-75.05608,279,16.3,16.4,8.7,53.8,2.5,,,,,5.0,9.1,1.6,340,16,5.7,10.7,2.0,345,13,5.0,9.1,1.6,340,16,0,30.03,,,,,,,,,,
LOUI,2016-04-05 06:00:00 EDT,44.87169,-75.05608,279,16.3,16.3,8.7,54.1,2.5,,,,,4.9,8.5,1.4,352,25,5.6,10.7,1.6,355,17,4.9,8.5,1.4,352,25,0,30.03,,,,,,,,,,
LOUI,2016-04-05 06:05:00 EDT,44.87169,-75.05608,279,16.2,16.2,10.4,54.3,2.6,,,,,3.6,5.6,0.7,353,17,4.5,7.2,1.1,356,10,3.6,5.6,0.7,353,17,0,30.04,,,,,,,,,,
LOUI,2016-04-05 06:10:00 EDT,44.87169,-75.05608,279,15.9,16.1,10.7,55.2,2.7,,,,,3.2,5.5,1.2,350,20,4.0,6.9,1.3,354,14,3.2,5.5,1.2,350,20,0,30.04,,,,,,,,,,
LOUI,2016-04-05 06:15:00 EDT,44.87169,-75.05608,279,15.9,16.2,8.9,55.5,2.8,,,,,4.4,7.5,1.1,349,19,5.1,9.4,1.3,353,15,4.4,7.5,1.1,349,19,0,30.04,,,,,,,,,,
LOUI,2016-04-05 06:20:00 EDT,44.87169,-75.05608,279,15.9,16.1,9.8,55.1,2.6,,,,,3.8,6.6,1.1,360,15,4.4,8.7,1.3,3,13,3.8,6.6,1.1,360,15,1,30.04,,,,,,,,,,
LOUI,2016-04-05 06:25:00 EDT,44.87169,-75.05608,279,15.9,16.1,8.9,54.7,2.4,,,,,4.4,7.1,1.2,357,14,5.2,8.3,1.3,0,11,4.4,7.1,1.2,357,14,2,30.04,,,,,,,,,,
LOUI,2016-04-05 06:30:00 EDT,44.87169,-75.05608,279,15.8,16.0,9.1,54.2,2.1,,,,,4.2,6.3,0.9,354,13,4.8,8.7,1.2,357,10,4.2,6.3,0.9,354,13,3,30.05,,,,,,,,,,
LOUI,2016-04-05 06:35:00 EDT,44.87169,-75.05608,279,15.9,16.0,9.4,53.5,2.0,,,,,4.0,7.3,1.2,351,14,4.8,8.7,1.3,356,10,4.0,7.3,1.2,351,14,5,30.05,,,,,,,,,,
LOUI,2016-04-05 06:40:00 EDT,44.87169,-75.05608,279,15.8,16.0,9.0,54.0,2.1,,,,,4.3,7.0,1.0,351,14,5.0,8.5,1.1,355,10,4.3,7.0,1.0,351,14,8,30.05,,,,,,,,,,
LOUI,2016-04-05 06:45:00 EDT,44.87169,-75.05608,279,15.8,16.0,8.8,54.5,2.3,,,,,4.4,6.9,0.9,347,15,5.3,9.4,1.3,353,11,4.4,6.9,0.9,347,15,12,30.06,,,,,,,,,,
LOUI,2016-04-05 06:50:00 EDT,44.87169,-75.05608,279,15.8,15.9,9.2,55.1,2.5,,,,,4.1,6.2,0.8,343,18,4.8,7.4,1.1,346,12,4.1,6.2,0.8,343,18,20,30.06,,,,,,,,,,
LOUI,2016-04-05 06:55:00 EDT,44.87169,-75.05608,279,15.8,15.8,15.8,56.2,2.9,,,,,2.6,4.4,0.5,336,12,3.1,5.8,0.6,340,13,2.6,4.4,0.5,336,12,29,30.06,,,,,,,,,,
LOUI,2016-04-05 07:00:00 EDT,44.87169,-75.05608,279,15.8,15.8,15.8,58.1,3.6,,,,,2.9,3.9,0.4,327,8,3.2,4.7,0.6,330,9,2.9,3.9,0.4,327,8,41,30.06,,,,,,,,,,
LOUI,2016-04-05 07:05:00 EDT,44.87169,-75.05608,279,15.9,15.9,15.9,59.4,4.2,,,,,3.0,4.4,0.7,335,12,3.5,5.4,0.9,339,12,3.0,4.4,0.7,335,12,53,30.07,,,,,,,,,,
LOUI,2016-04-05 07:10:00 EDT,44.87169,-75.05608,279,16.1,16.0,16.1,57.6,3.7,,,,,2.8,5.5,0.9,336,16,3.3,7.6,1.2,341,16,2.8,5.5,0.9,336,16,65,30.07,,,,,,,,,,
LOUI,2016-04-05 07:15:00 EDT,44.87169,-75.05608,279,16.4,16.3,10.0,55.4,3.2,,,,,4.1,7.1,1.0,334,15,4.7,7.4,1.0,337,15,4.1,7.1,1.0,334,15,81,30.07,,,,,,,,,,
LOUI,2016-04-05 07:20:00 EDT,44.87169,-75.05608,279,16.6,16.4,10.6,54.6,3.1,,,,,3.8,6.7,1.2,337,13,4.4,8.1,1.5,341,12,3.8,6.7,1.2,337,13,97,30.08,,,,,,,,,,
LOUI,2016-04-05 07:25:00 EDT,44.87169,-75.05608,279,16.9,16.7,10.5,54.1,3.1,,,,,4.1,8.7,1.8,332,14,4.9,9.2,1.9,337,14,4.1,8.7,1.8,332,14,114,30.08,,,,,,,,,,
LOUI,2016-04-05 07:30:00 EDT,44.87169,-75.05608,279,17.2,16.9,17.2,53.9,3.3,,,,,2.4,3.8,0.6,339,16,3.0,4.9,0.9,344,16,2.4,3.8,0.6,339,16,130,30.08,,,,,,,,,,
LOUI,2016-04-05 07:35:00 EDT,44.87169,-75.05608,279,17.3,17.1,10.7,52.5,2.9,,,,,4.3,8.3,1.4,350,20,5.2,9.6,1.6,354,13,4.3,8.3,1.4,350,20,146,30.08,,,,,,,,,,
LOUI,2016-04-05 07:40:00 EDT,44.87169,-75.05608,279,17.6,17.3,11.3,51.3,2.6,,,,,4.1,6.4,1.0,348,22,4.8,8.5,1.3,352,19,4.1,6.4,1.0,348,22,159,30.09,,,,,,,,,,
LOUI,2016-04-05 07:45:00 EDT,44.87169,-75.05608,279,17.8,17.6,11.1,50.6,2.5,,,,,4.5,6.9,1.1,353,21,5.3,8.7,1.4,354,14,4.5,6.9,1.1,353,21,173,30.09,,,,,,,,,,
LOUI,2016-04-05 07:50:00 EDT,44.87169,-75.05608,279,17.9,17.6,10.9,49.8,2.3,,,,,4.7,7.1,1.2,335,17,5.4,7.6,1.3,340,15,4.7,7.1,1.2,335,17,188,30.09,,,,,,,,,,
LOUI,2016-04-05 07:55:00 EDT,44.87169,-75.05608,279,18.2,17.8,11.7,49.8,2.6,,,,,4.4,6.9,1.2,342,16,5.1,8.7,1.4,347,14,4.4,6.9,1.2,342,16,203,30.09,,,,,,,,,,
LOUI,2016-04-05 08:00:00 EDT,44.87169,-75.05608,279,18.3,17.9,10.2,48.3,2.0,,,,,5.7,8.4,1.4,345,20,6.4,10.3,1.6,349,14,5.7,8.4,1.4,345,20,220,30.09,,,,,,,,,,
LOUI,2016-04-05 08:05:00 EDT,44.87169,-75.05608,279,18.7,18.3,12.2,48.3,2.3,,,,,4.4,7.9,1.7,6,17,5.1,9.2,1.8,7,17,4.4,7.9,1.7,6,17,237,30.09,,,,,,,,,,
LOUI,2016-04-05 08:10:00 EDT,44.87169,-75.05608,279,18.9,18.5,11.4,46.9,1.9,,,,,5.2,8.5,1.5,6,15,6.0,10.3,1.8,8,14,5.2,8.5,1.5,6,15,253,30.09,,,,,,,,,,
LOUI,2016-04-05 08:15:00 EDT,44.87169,-75.05608,279,18.8,18.5,12.2,46.0,1.4,,,,,4.4,7.2,1.3,344,17,5.3,9.4,1.6,349,14,4.4,7.2,1.3,344,17,270,30.10,,,,,,,,,,
LOUI,2016-04-05 08:20:00 EDT,44.87169,-75.05608,279,18.9,18.5,10.7,45.7,1.4,,,,,6.0,8.5,1.2,338,20,6.7,9.8,1.4,343,19,6.0,8.5,1.2,338,20,287,30.10,,,,,,,,,,
LOUI,2016-04-05 08:25:00 EDT,44.87169,-75.05608,279,19.1,18.6,12.7,45.8,1.6,,,,,4.3,6.9,1.2,355,17,5.1,8.1,1.4,359,16,4.3,6.9,1.2,355,17,303,30.10,,,,,,,,,,
LOUI,2016-04-05 08:30:00 EDT,44.87169,-75.05608,279,19.7,19.2,14.0,45.8,2.2,,,,,3.9,7.5,1.4,352,23,4.6,8.7,1.6,357,19,3.9,7.5,1.4,352,23,319,30.10,,,,,,,,,,
LOUI,2016-04-05 08:35:00 EDT,44.87169,-75.05608,279,19.8,19.1,12.9,44.4,1.6,,,,,4.9,8.2,1.2,325,21,5.3,8.9,1.1,332,21,4.9,8.2,1.2,325,21,335,30.10,,,,,,,,,,
LOUI,2016-04-05 08:40:00 EDT,44.87169,-75.05608,279,19.9,19.1,14.8,43.7,1.3,,,,,3.5,5.8,0.9,338,19,4.2,8.3,1.2,343,18,3.5,5.8,0.9,338,19,350,30.10,,,,,,,,,,
LOUI,2016-04-05 08:45:00 EDT,44.87169,-75.05608,279,20.4,19.5,20.4,44.0,1.9,,,,,2.9,5.4,0.9,354,25,3.6,6.9,1.1,358,23,2.9,5.4,0.9,354,25,368,30.10,,,,,,,,,,
LOUI,2016-04-05 08:50:00 EDT,44.87169,-75.05608,279,20.4,19.7,14.6,40.3,0.1,,,,,4.1,7.8,1.6,12,19,4.7,8.7,1.7,15,18,4.1,7.8,1.6,12,19,386,30.10,,,,,,,,,,
LOUI,2016-04-05 08:55:00 EDT,44.87169,-75.05608,279,20.5,19.8,14.2,39.7,-0.2,,,,,4.5,7.1,1.4,20,22,5.1,8.3,1.4,21,24,4.5,7.1,1.4,20,22,400,30.10,,,,,,,,,,
LOUI,2016-04-05 09:00:00 EDT,44.87169,-75.05608,279,20.9,20.1,14.6,38.3,-0.6,,,,,4.5,6.7,1.0,333,23,5.1,7.6,1.0,338,19,4.5,6.7,1.0,333,23,416,30.11,,,,,,,,,,
LOUI,2016-04-05 09:05:00 EDT,44.87169,-75.05608,279,20.6,19.8,14.8,37.7,-1.2,,,,,4.1,7.6,1.7,339,21,4.6,8.7,1.9,344,20,4.1,7.6,1.7,339,21,431,30.11,,,,,,,,,,
LOUI,2016-04-05 09:10:00 EDT,44.87169,-75.05608,279,21.0,20.2,14.3,37.8,-0.7,,,,,4.9,7.5,1.5,355,19,5.7,10.3,1.7,358,17,4.9,7.5,1.5,355,19,447,30.11,,,,,,,,,,
LOUI,2016-04-05 09:15:00 EDT,44.87169,-75.05608,279,21.3,20.6,13.6,33.9,-2.8,,,,,5.8,10.1,1.5,8,15,6.6,11.4,1.6,9,13,5.8,10.1,1.5,8,15,462,30.11,,,,,,,,,,
LOUI,2016-04-05 09:20:00 EDT,44.87169,-75.05608,279,21.6,20.6,15.4,35.9,-1.3,,,,,4.6,9.0,1.7,345,23,5.2,11.2,1.8,349,22,4.6,9.0,1.7,345,23,476,30.11,,,,,,,,,,
LOUI,2016-04-05 09:25:00 EDT,44.87169,-75.05608,279,21.6,20.7,14.0,31.2,-4.3,,,,,5.9,9.0,1.4,349,29,6.7,10.3,1.4,352,28,5.9,9.0,1.4,349,29,491,30.11,,,,,,,,,,
LOUI,2016-04-05 09:30:00 EDT,44.87169,-75.05608,279,22.2,21.3,13.9,30.7,-4.1,,,,,6.7,12.5,2.1,341,25,7.3,12.8,2.2,347,20,6.7,12.5,2.1,341,25,506,30.11,,,,,,,,,,
LOUI,2016-04-05 09:35:00 EDT,44.87169,-75.05608,279,21.7,20.8,14.2,31.2,-4.2,,,,,5.8,11.3,2.5,27,15,6.2,12.5,2.5,29,16,5.8,11.3,2.5,27,15,521,30.11,,,,,,,,,,
LOUI,2016-04-05 09:40:00 EDT,44.87169,-75.05608,279,22.6,21.6,14.2,32.7,-2.4,,,,,7.0,11.8,1.9,329,23,7.7,12.3,1.9,332,22,7.0,11.8,1.9,329,23,536,30.11,,,,,,,,,,
LOUI,2016-04-05 09:45:00 EDT,44.87169,-75.05608,279,22.3,21.1,14.4,30.6,-4.1,,,,,6.2,14.5,2.1,324,29,7.0,15.9,2.3,329,30,6.2,14.5,2.1,324,29,550,30.12,,,,,,,,,,
LOUI,2016-04-05 09:50:00 EDT,44.87169,-75.05608,279,22.7,21.4,12.7,31.0,-3.4,,,,,9.3,13.7,2.0,21,13,10.0,14.5,2.2,24,12,9.3,13.7,2.0,21,13,564,30.12,,,,,,,,,,
LOUI,2016-04-05 09:55:00 EDT,44.87169,-75.05608,279,23.1,21.9,14.1,31.6,-2.7,,,,,7.9,12.9,1.8,14,15,8.7,14.5,2.1,15,13,7.9,12.9,1.8,14,15,578,30.12,,,,,,,,,,
LOUI,2016-04-05 10:00:00 EDT,44.87169,-75.05608,279,22.5,21.4,15.0,31.1,-3.5,,,,,5.9,13.3,3.8,25,17,6.5,14.8,4.0,26,17,5.9,13.3,3.8,25,17,590,30.12,,,,,,,,,,
LOUI,2016-04-05 10:05:00 EDT,44.87169,-75.05608,279,22.7,21.5,14.4,31.6,-3.0,,,,,6.8,11.4,1.7,336,31,7.6,13.2,2.0,342,28,6.8,11.4,1.7,336,31,603,30.12,,,,,,,,,,
LOUI,2016-04-05 10:10:00 EDT,44.87169,-75.05608,279,23.1,21.8,15.4,31.6,-2.7,,,,,6.3,11.1,1.8,345,27,7.1,11.9,2.0,351,22,6.3,11.1,1.8,345,27,616,30.12,,,,,,,,,,
LOUI,2016-04-05 10:15:00 EDT,44.87169,-75.05608,279,23.6,22.6,15.6,30.7,-2.9,,,,,6.7,11.1,2.0,359,22,7.7,12.8,2.2,2,21,6.7,11.1,2.0,359,22,629,30.12,,,,,,,,,,
LOUI,2016-04-05 10:20:00 EDT,44.87169,-75.05608,279,23.0,22.1,14.9,30.1,-3.8,,,,,6.7,12.0,3.0,325,26,7.6,13.4,3.1,328,27,6.7,12.0,3.0,325,26,642,30.12,,,,,,,,,,
LOUI,2016-04-05 10:25:00 EDT,44.87169,-75.05608,279,23.1,22.2,16.7,30.4,-3.6,,,,,4.9,10.0,1.6,321,36,5.7,12.8,1.7,325,32,4.9,10.0,1.6,321,36,652,30.12,,,,,,,,,,
LOUI,2016-04-05 10:30:00 EDT,44.87169,-75.05608,279,23.9,22.8,14.5,30.3,-2.8,,,,,8.8,13.7,2.0,355,22,10.2,16.8,2.3,358,16,8.8,13.7,2.0,355,22,663,30.12,,,,,,,,,,
LOUI,2016-04-05 10:35:00 EDT,44.87169,-75.05608,279,22.7,21.6,17.6,29.4,-4.6,,,,,3.8,9.7,2.4,322,22,4.1,11.4,2.5,329,27,3.8,9.7,2.4,322,22,674,30.12,,,,,,,,,,
LOUI,2016-04-05 10:40:00 EDT,44.87169,-75.05608,279,24.6,23.4,17.7,33.5,-0.2,,,,,5.7,11.0,2.0,6,33,6.5,11.2,2.2,10,29,5.7,11.0,2.0,6,33,686,30.12,,,,,,,,,,
LOUI,2016-04-05 10:45:00 EDT,44.87169,-75.05608,279,23.8,22.8,17.7,31.8,-1.9,,,,,4.8,8.6,1.9,348,25,5.5,10.5,2.1,353,24,4.8,8.6,1.9,348,25,695,30.12,,,,,,,,,,
LOUI,2016-04-05 10:50:00 EDT,44.87169,-75.05608,279,24.0,22.9,15.4,30.4,-2.7,,,,,7.6,17.5,2.8,324,27,8.4,19.2,3.0,332,22,7.6,17.5,2.8,324,27,706,30.12,,,,,,,,,,
LOUI,2016-04-05 10:55:00 EDT,44.87169,-75.05608,279,23.9,22.5,15.7,30.7,-2.7,,,,,6.9,11.6,2.6,293,19,7.6,12.5,2.7,297,19,6.9,11.6,2.6,293,19,714,30.12,,,,,,,,,,
LOUI,2016-04-05 11:00:00 EDT,44.87169,-75.05608,279,24.6,23.5,16.9,29.8,-2.6,,,,,6.6,12.3,2.2,310,28,7.2,14.8,2.3,311,26,6.6,12.3,2.2,310,28,724,30.12,,,,,,,,,,
LOUI,2016-04-05 11:05:00 EDT,44.87169,-75.05608,279,24.6,23.2,16.5,30.0,-2.4,,,,,7.2,12.6,2.6,289,21,8.0,13.9,2.6,292,22,7.2,12.6,2.6,289,21,733,30.13,,,,,,,,,,
LOUI,2016-04-05 11:10:00 EDT,44.87169,-75.05608,279,24.4,23.1,16.2,29.2,-3.2,,,,,7.2,11.8,1.9,304,29,8.0,13.6,2.1,311,29,7.2,11.8,1.9,304,29,744,30.12,,,,,,,,,,
LOUI,2016-04-05 11:15:00 EDT,44.87169,-75.05608,279,24.4,23.1,16.9,29.0,-3.4,,,,,6.3,11.3,1.9,313,23,7.0,12.3,2.0,317,21,6.3,11.3,1.9,313,23,752,30.12,,,,,,,,,,
LOUI,2016-04-05 11:20:00 EDT,44.87169,-75.05608,279,25.9,24.3,17.9,31.5,-0.3,,,,,7.3,15.7,3.1,292,30,8.4,19.9,3.6,295,28,7.3,15.7,3.1,292,30,760,30.13,,,,,,,,,,
LOUI,2016-04-05 11:25:00 EDT,44.87169,-75.05608,279,24.9,23.8,18.7,30.4,-2.0,,,,,5.0,12.1,2.3,293,23,5.8,12.3,2.4,295,22,5.0,12.1,2.3,293,23,767,30.13,,,,,,,,,,
LOUI,2016-04-05 11:30:00 EDT,44.87169,-75.05608,279,24.8,23.5,15.7,30.9,-1.7,,,,,8.4,12.6,2.0,290,30,9.3,14.8,2.4,295,29,8.4,12.6,2.0,290,30,774,30.12,,,,,,,,,,
LOUI,2016-04-05 11:35:00 EDT,44.87169,-75.05608,279,24.8,23.5,16.1,32.4,-0.6,,,,,8.1,13.9,2.3,261,16,9.1,16.3,2.8,265,13,8.1,13.9,2.3,261,16,780,30.12,,,,,,,,,,
LOUI,2016-04-05 11:40:00 EDT,44.87169,-75.05608,279,24.6,23.3,15.2,31.5,-1.5,,,,,8.9,13.7,2.2,267,14,10.0,14.8,2.5,272,12,8.9,13.7,2.2,267,14,787,30.12,,,,,,,,,,
LOUI,2016-04-05 11:45:00 EDT,44.87169,-75.05608,279,25.2,23.8,17.3,33.8,0.6,,,,,7.0,11.7,2.2,240,21,7.7,12.1,2.1,245,22,7.0,11.7,2.2,240,21,792,30.12,,,,,,,,,,
LOUI,2016-04-05 11:50:00 EDT,44.87169,-75.05608,279,25.1,23.8,15.5,31.5,-1.0,,,,,9.5,16.9,3.0,280,20,10.5,19.0,3.3,283,19,9.5,16.9,3.0,280,20,799,30.12,,,,,,,,,,
LOUI,2016-04-05 11:55:00 EDT,44.87169,-75.05608,279,25.2,23.9,17.0,31.7,-0.7,,,,,7.4,13.9,2.5,289,18,8.1,16.6,2.9,291,18,7.4,13.9,2.5,289,18,805,30.12,,,,,,,,,,
LOUI,2016-04-05 12:00:00 EDT,44.87169,-75.05608,279,25.1,23.8,18.1,32.9,-0.1,,,,,5.8,13.3,1.9,257,36,6.4,14.8,2.2,264,36,5.8,13.3,1.9,257,36,808,30.12,,,,,,,,,,
LOUI,2016-04-05 12:05:00 EDT,44.87169,-75.05608,279,25.5,24.2,20.5,34.7,1.4,,,,,4.0,9.5,2.0,348,29,4.7,10.1,2.1,353,28,4.0,9.5,2.0,348,29,815,30.11,,,,,,,,,,
LOUI,2016-04-05 12:10:00 EDT,44.87169,-75.05608,279,25.6,24.4,18.9,33.3,0.7,,,,,5.8,12.5,3.2,272,24,6.9,13.9,3.3,275,23,5.8,12.5,3.2,272,24,815,30.11,,,,,,,,,,
LOUI,2016-04-05 12:15:00 EDT,44.87169,-75.05608,279,26.5,25.1,18.9,34.4,2.1,,,,,6.9,13.0,2.8,280,27,7.8,15.0,3.0,284,27,6.9,13.0,2.8,280,27,821,30.11,,,,,,,,,,
LOUI,2016-04-05 12:20:00 EDT,44.87169,-75.05608,279,26.3,24.7,18.2,33.8,1.6,,,,,7.6,17.6,2.7,248,21,8.5,19.9,2.9,253,21,7.6,17.6,2.7,248,21,825,30.11,,,,,,,,,,
LOUI,2016-04-05 12:25:00 EDT,44.87169,-75.05608,279,26.1,24.8,19.5,34.3,1.7,,,,,5.7,12.9,3.2,241,22,6.4,13.9,3.5,246,22,5.7,12.9,3.2,241,22,828,30.11,,,,,,,,,,
LOUI,2016-04-05 12:30:00 EDT,44.87169,-75.05608,279,26.2,25.0,18.8,32.0,0.3,,,,,6.6,13.1,3.0,300,20,7.2,14.3,3.0,307,21,6.6,13.1,3.0,300,20,833,30.11,,,,,,,,,,
LOUI,2016-04-05 12:35:00 EDT,44.87169,-75.05608,279,26.2,25.2,18.7,32.0,0.4,,,,,6.9,16.0,2.7,297,22,7.6,17.2,2.8,301,22,6.9,16.0,2.7,297,22,834,30.10,,,,,,,,,,
LOUI,2016-04-05 12:40:00 EDT,44.87169,-75.05608,279,26.0,24.9,17.5,32.2,0.3,,,,,8.1,14.0,3.0,273,25,9.1,16.6,3.3,278,25,8.1,14.0,3.0,273,25,836,30.10,,,,,,,,,,
LOUI,2016-04-05 12:45:00 EDT,44.87169,-75.05608,279,26.7,25.2,18.9,32.7,1.2,,,,,7.3,11.6,1.9,299,23,8.1,14.3,2.0,305,21,7.3,11.6,1.9,299,23,837,30.10,,,,,,,,,,
LOUI,2016-04-05 12:50:00 EDT,44.87169,-75.05608,279,26.3,25.0,18.4,32.7,0.8,,,,,7.2,11.0,2.2,305,21,7.9,11.9,2.3,310,18,7.2,11.0,2.2,305,21,840,30.10,,,,,,,,,,
LOUI,2016-04-05 12:55:00 EDT,44.87169,-75.05608,279,26.9,25.3,17.9,33.4,1.8,,,,,9.1,14.2,2.8,312,21,9.7,15.9,2.9,316,20,9.1,14.2,2.8,312,21,829,30.09,,,,,,,,,,
LOUI,2016-04-05 13:00:00 EDT,44.87169,-75.05608,279,26.9,25.7,19.3,33.8,2.1,,,,,7.0,12.3,2.0,282,47,7.9,14.1,2.2,287,47,7.0,12.3,2.0,282,47,845,30.10,,,,,,,,,,
LOUI,2016-04-05 13:05:00 EDT,44.87169,-75.05608,279,26.8,25.5,17.2,33.4,1.8,,,,,10.1,18.1,2.9,239,17,10.8,18.3,2.9,244,18,10.1,18.1,2.9,239,17,844,30.09,,,,,,,,,,
LOUI,2016-04-05 13:10:00 EDT,44.87169,-75.05608,279,27.4,25.9,18.6,32.5,1.8,,,,,9.1,13.5,1.8,260,23,10.0,14.5,1.9,265,23,9.1,13.5,1.8,260,23,844,30.09,,,,,,,,,,
LOUI,2016-04-05 13:15:00 EDT,44.87169,-75.05608,279,26.5,25.4,19.1,30.6,-0.3,,,,,6.7,14.9,3.9,275,22,7.9,16.3,4.0,278,21,6.7,14.9,3.9,275,22,842,30.09,,,,,,,,,,
LOUI,2016-04-05 13:20:00 EDT,44.87169,-75.05608,279,27.1,25.8,17.5,31.2,0.5,,,,,10.1,21.4,3.5,268,13,11.5,24.2,3.9,271,11,10.1,21.4,3.5,268,13,840,30.09,,,,,,,,,,
LOUI,2016-04-05 13:25:00 EDT,44.87169,-75.05608,279,27.6,26.3,19.2,30.4,0.4,,,,,8.5,12.8,1.9,273,21,9.5,14.8,2.3,277,19,8.5,12.8,1.9,273,21,839,30.09,,,,,,,,,,
LOUI,2016-04-05 13:30:00 EDT,44.87169,-75.05608,279,27.9,26.5,18.7,30.5,0.8,,,,,9.9,19.4,3.1,265,18,11.3,21.3,3.4,270,16,9.9,19.4,3.1,265,18,838,30.09,,,,,,,,,,
LOUI,2016-04-05 13:35:00 EDT,44.87169,-75.05608,279,27.3,26.1,19.4,30.5,0.2,,,,,7.5,13.4,3.0,253,15,8.5,15.7,3.4,258,15,7.5,13.4,3.0,253,15,836,30.09,,,,,,,,,,
LOUI,2016-04-05 13:40:00 EDT,44.87169,-75.05608,279,28.0,26.9,20.8,31.2,1.4,,,,,6.9,12.2,2.3,262,32,7.6,16.3,2.6,266,30,6.9,12.2,2.3,262,32,833,30.09,,,,,,,,,,
LOUI,2016-04-05 13:45:00 EDT,44.87169,-75.05608,279,28.5,27.2,19.0,30.4,1.2,,,,,10.8,17.7,2.5,279,19,12.1,20.8,2.9,283,17,10.8,17.7,2.5,279,19,831,30.09,,,,,,,,,,
LOUI,2016-04-05 13:50:00 EDT,44.87169,-75.05608,279,28.3,27.0,20.0,30.3,1.0,,,,,8.4,16.6,3.0,275,18,9.3,18.1,3.0,278,17,8.4,16.6,3.0,275,18,826,30.09,,,,,,,,,,
LOUI,2016-04-05 13:55:00 EDT,44.87169,-75.05608,279,28.5,27.2,20.9,31.0,1.7,,,,,7.6,14.4,2.7,285,26,8.4,15.0,2.9,290,27,7.6,14.4,2.7,285,26,824,30.08,,,,,,,,,,
LOUI,2016-04-05 14:00:00 EDT,44.87169,-75.05608,279,27.6,26.6,19.3,29.8,0.0,,,,,8.2,17.5,2.2,280,19,9.1,20.4,2.5,284,18,8.2,17.5,2.2,280,19,820,30.08,,,,,,,,,,
LOUI,2016-04-05 14:05:00 EDT,44.87169,-75.05608,279,28.9,27.7,19.7,30.7,1.8,,,,,10.3,14.4,2.4,278,13,11.4,16.8,2.7,283,12,10.3,14.4,2.4,278,13,815,30.08,,,,,,,,,,
LOUI,2016-04-05 14:10:00 EDT,44.87169,-75.05608,279,28.8,27.5,20.3,30.8,1.7,,,,,9.0,15.4,2.6,262,22,10.0,17.2,2.7,267,21,9.0,15.4,2.6,262,22,810,30.08,,,,,,,,,,
LOUI,2016-04-05 14:15:00 EDT,44.87169,-75.05608,279,28.8,27.7,20.4,31.2,2.1,,,,,8.9,14.2,2.1,294,26,9.5,15.7,2.2,299,24,8.9,14.2,2.1,294,26,805,30.07,,,,,,,,,,
LOUI,2016-04-05 14:20:00 EDT,44.87169,-75.05608,279,28.8,27.8,22.2,30.9,1.9,,,,,6.2,10.7,2.5,255,36,7.0,12.1,2.5,258,37,6.2,10.7,2.5,255,36,799,30.07,,,,,,,,,,
LOUI,2016-04-05 14:25:00 EDT,44.87169,-75.05608,279,29.5,28.1,21.1,30.9,2.5,,,,,9.1,15.0,2.7,302,27,9.8,15.2,2.7,306,27,9.1,15.0,2.7,302,27,792,30.07,,,,,,,,,,
LOUI,2016-04-05 14:30:00 EDT,44.87169,-75.05608,279,29.2,28.0,21.8,29.5,1.2,,,,,7.5,11.8,1.8,285,23,8.2,13.2,1.7,289,23,7.5,11.8,1.8,285,23,788,30.07,,,,,,,,,,
LOUI,2016-04-05 14:35:00 EDT,44.87169,-75.05608,279,29.5,28.4,21.2,29.2,1.3,,,,,9.0,16.7,2.8,279,23,10.0,19.2,3.4,284,21,9.0,16.7,2.8,279,23,782,30.07,,,,,,,,,,
LOUI,2016-04-05 14:40:00 EDT,44.87169,-75.05608,279,30.1,29.2,23.4,29.1,1.7,,,,,6.6,11.5,2.1,286,30,7.7,11.2,2.0,290,28,6.6,11.5,2.1,286,30,775,30.06,,,,,,,,,,
LOUI,2016-04-05 14:45:00 EDT,44.87169,-75.05608,279,29.9,28.9,22.3,28.5,1.1,,,,,7.9,12.0,1.8,292,29,8.5,14.1,2.0,295,27,7.9,12.0,1.8,292,29,768,30.06,,,,,,,,,,
LOUI,2016-04-05 14:50:00 EDT,44.87169,-75.05608,279,30.2,29.0,23.1,28.5,1.4,,,,,7.4,13.4,2.5,288,20,8.2,14.3,2.7,294,21,7.4,13.4,2.5,288,20,761,30.06,,,,,,,,,,
LOUI,2016-04-05 14:55:00 EDT,44.87169,-75.05608,279,30.4,29.3,24.2,28.6,1.6,,,,,6.3,14.6,4.1,294,23,6.9,14.8,3.9,297,24,6.3,14.6,4.1,294,23,752,30.06,,,,,,,,,,
LOUI,2016-04-05 15:00:00 EDT,44.87169,-75.05608,279,30.8,29.5,22.5,28.8,2.1,,,,,9.6,15.1,2.5,287,17,10.5,16.1,2.6,291,16,9.6,15.1,2.5,287,17,745,30.06,,,,,,,,,,
LOUI,2016-04-05 15:05:00 EDT,44.87169,-75.05608,279,31.5,30.2,23.8,28.9,2.8,,,,,8.8,15.6,3.6,283,18,9.9,17.2,3.9,287,16,8.8,15.6,3.6,283,18,736,30.06,,,,,,,,,,
LOUI,2016-04-05 15:10:00 EDT,44.87169,-75.05608,279,30.7,29.3,23.5,26.9,0.6,,,,,7.8,14.2,2.5,267,20,8.8,15.9,2.6,272,18,7.8,14.2,2.5,267,20,726,30.06,,,,,,,,,,
LOUI,2016-04-05 15:15:00 EDT,44.87169,-75.05608,279,30.9,29.9,24.4,27.9,1.5,,,,,6.7,11.4,2.0,274,17,7.7,13.0,2.1,278,16,6.7,11.4,2.0,274,17,717,30.05,,,,,,,,,,
LOUI,2016-04-05 15:20:00 EDT,44.87169,-75.05608,279,31.5,30.5,24.9,27.8,1.9,,,,,7.0,17.1,3.2,255,18,7.9,18.8,3.6,261,17,7.0,17.1,3.2,255,18,707,30.05,,,,,,,,,,
LOUI,2016-04-05 15:25:00 EDT,44.87169,-75.05608,279,31.2,29.9,22.8,27.1,1.1,,,,,9.8,16.4,2.4,255,18,10.9,19.7,2.8,260,16,9.8,16.4,2.4,255,18,697,30.05,,,,,,,,,,
LOUI,2016-04-05 15:30:00 EDT,44.87169,-75.05608,279,31.0,29.9,24.9,26.5,0.5,,,,,6.2,12.8,2.2,290,21,6.9,13.2,2.2,295,19,6.2,12.8,2.2,290,21,688,30.05,,,,,,,,,,
LOUI,2016-04-05 15:35:00 EDT,44.87169,-75.05608,279,31.1,30.2,22.0,25.8,0.0,,,,,11.3,18.6,3.1,270,14,12.7,21.3,3.4,274,12,11.3,18.6,3.1,270,14,677,30.05,,,,,,,,,,
LOUI,2016-04-05 15:40:00 EDT,44.87169,-75.05608,279,31.3,30.1,23.6,25.4,-0.1,,,,,8.7,13.9,2.0,280,19,9.7,15.4,2.2,282,17,8.7,13.9,2.0,280,19,665,30.05,,,,,,,,,,
LOUI,2016-04-05 15:45:00 EDT,44.87169,-75.05608,279,31.7,30.6,23.4,26.0,0.7,,,,,9.9,17.6,3.7,278,21,11.2,20.8,4.0,282,18,9.9,17.6,3.7,278,21,652,30.05,,,,,,,,,,
LOUI,2016-04-05 15:50:00 EDT,44.87169,-75.05608,279,31.3,30.3,23.8,25.8,0.1,,,,,8.4,14.0,2.2,286,25,9.2,14.5,2.3,290,25,8.4,14.0,2.2,286,25,641,30.04,,,,,,,,,,
LOUI,2016-04-05 15:55:00 EDT,44.87169,-75.05608,279,31.7,30.9,23.9,25.7,0.5,,,,,9.1,17.0,3.2,305,16,9.7,19.2,3.3,308,16,9.1,17.0,3.2,305,16,629,30.04,,,,,,,,,,
LOUI,2016-04-05 16:00:00 EDT,44.87169,-75.05608,279,31.9,30.7,23.3,26.6,1.3,,,,,10.6,18.0,3.1,298,21,11.2,21.0,3.2,302,21,10.6,18.0,3.1,298,21,618,30.04,,,,,,,,,,
LOUI,2016-04-05 16:05:00 EDT,44.87169,-75.05608,279,31.7,30.7,25.2,26.4,1.0,,,,,6.8,13.0,3.0,283,19,7.9,14.1,3.0,287,19,6.8,13.0,3.0,283,19,605,30.04,,,,,,,,,,
LOUI,2016-04-05 16:10:00 EDT,44.87169,-75.05608,279,31.7,30.8,23.7,25.8,0.5,,,,,9.4,17.2,3.0,301,18,10.3,17.9,2.9,304,18,9.4,17.2,3.0,301,18,592,30.04,,,,,,,,,,
LOUI,2016-04-05 16:15:00 EDT,44.87169,-75.05608,279,31.6,30.7,23.3,25.9,0.5,,,,,9.7,14.4,2.2,299,22,10.5,15.9,2.5,303,21,9.7,14.4,2.2,299,22,578,30.04,,,,,,,,,,
LOUI,2016-04-05 16:20:00 EDT,44.87169,-75.05608,279,31.3,30.5,23.8,25.9,0.3,,,,,8.4,13.1,2.5,268,24,9.2,14.3,2.7,273,24,8.4,13.1,2.5,268,24,565,30.04,,,,,,,,,,
LOUI,2016-04-05 16:25:00 EDT,44.87169,-75.05608,279,31.8,30.8,25.0,25.8,0.6,,,,,7.5,13.6,2.0,280,19,8.3,15.2,2.3,285,18,7.5,13.6,2.0,280,19,552,30.04,,,,,,,,,,
LOUI,2016-04-05 16:30:00 EDT,44.87169,-75.05608,279,32.2,31.4,24.8,26.3,1.4,,,,,8.6,13.1,2.2,256,21,9.7,15.2,2.5,261,21,8.6,13.1,2.2,256,21,539,30.04,,,,,,,,,,
LOUI,2016-04-05 16:35:00 EDT,44.87169,-75.05608,279,32.5,31.5,26.1,26.7,1.9,,,,,7.0,13.0,2.3,247,23,7.9,16.3,2.4,251,24,7.0,13.0,2.3,247,23,525,30.04,,,,,,,,,,
LOUI,2016-04-05 16:40:00 EDT,44.87169,-75.05608,279,32.6,31.8,25.7,25.5,1.0,,,,,7.7,12.9,1.9,251,20,8.4,13.2,2.1,256,22,7.7,12.9,1.9,251,20,512,30.04,,,,,,,,,,
LOUI,2016-04-05 16:45:00 EDT,44.87169,-75.05608,279,32.2,31.5,24.1,24.2,-0.4,,,,,9.8,18.8,3.1,281,21,10.9,20.1,3.4,286,19,9.8,18.8,3.1,281,21,497,30.03,,,,,,,,,,
LOUI,2016-04-05 16:50:00 EDT,44.87169,-75.05608,279,32.1,31.3,23.8,22.8,-1.7,,,,,10.1,15.0,2.3,272,22,11.1,17.0,2.5,276,20,10.1,15.0,2.3,272,22,483,30.03,,,,,,,,,,
LOUI,2016-04-05 16:55:00 EDT,44.87169,-75.05608,279,32.3,31.5,26.0,23.1,-1.3,,,,,6.9,13.0,2.0,270,23,7.8,16.1,2.2,276,21,6.9,13.0,2.0,270,23,468,30.03,,,,,,,,,,
LOUI,2016-04-05 17:00:00 EDT,44.87169,-75.05608,279,32.1,31.2,24.5,23.5,-1.2,,,,,8.8,12.9,1.8,267,14,9.8,15.2,2.0,273,13,8.8,12.9,1.8,267,14,452,30.03,,,,,,,,,,
LOUI,2016-04-05 17:05:00 EDT,44.87169,-75.05608,279,32.2,31.3,24.8,23.6,-0.9,,,,,8.6,15.9,2.7,285,18,9.4,16.6,2.7,291,18,8.6,15.9,2.7,285,18,437,30.03,,,,,,,,,,
LOUI,2016-04-05 17:10:00 EDT,44.87169,-75.05608,279,32.6,31.7,24.3,22.5,-1.7,,,,,10.4,15.2,2.2,298,20,11.3,16.8,2.4,301,20,10.4,15.2,2.2,298,20,422,30.03,,,,,,,,,,
LOUI,2016-04-05 17:15:00 EDT,44.87169,-75.05608,279,32.1,31.3,25.0,22.0,-2.6,,,,,7.9,15.1,3.0,290,21,8.9,16.3,2.9,294,22,7.9,15.1,3.0,290,21,406,30.03,,,,,,,,,,
LOUI,2016-04-05 17:20:00 EDT,44.87169,-75.05608,279,31.9,31.2,22.6,21.8,-2.9,,,,,12.0,17.8,3.0,291,15,12.7,18.8,3.3,295,14,12.0,17.8,3.0,291,15,388,30.03,,,,,,,,,,
LOUI,2016-04-05 17:25:00 EDT,44.87169,-75.05608,279,31.5,30.8,23.6,21.7,-3.4,,,,,9.1,14.5,2.5,292,15,9.8,15.0,2.6,297,13,9.1,14.5,2.5,292,15,372,30.03,,,,,,,,,,
LOUI,2016-04-05 17:30:00 EDT,44.87169,-75.05608,279,31.5,30.8,24.6,22.7,-2.4,,,,,7.5,13.4,2.3,277,12,8.3,14.8,2.6,281,11,7.5,13.4,2.3,277,12,357,30.03,,,,,,,,,,
LOUI,2016-04-05 17:35:00 EDT,44.87169,-75.05608,279,32.2,31.6,25.1,23.3,-1.2,,,,,8.0,13.3,2.6,308,21,8.7,16.1,2.8,311,21,8.0,13.3,2.6,308,21,340,30.03,,,,,,,,,,
LOUI,2016-04-05 17:40:00 EDT,44.87169,-75.05608,279,32.0,31.4,24.3,22.2,-2.4,,,,,9.0,15.0,2.7,277,20,10.0,16.1,2.8,280,19,9.0,15.0,2.7,277,20,324,30.03,,,,,,,,,,
LOUI,2016-04-05 17:45:00 EDT,44.87169,-75.05608,279,31.9,31.3,23.6,22.6,-2.1,,,,,10.2,14.9,2.7,258,15,11.4,18.3,3.1,263,14,10.2,14.9,2.7,258,15,307,30.03,,,,,,,,,,
LOUI,2016-04-05 17:50:00 EDT,44.87169,-75.05608,279,32.1,31.5,24.9,23.5,-1.1,,,,,8.1,12.9,2.0,277,22,9.1,14.8,2.3,281,19,8.1,12.9,2.0,277,22,291,30.03,,,,,,,,,,
LOUI,2016-04-05 17:55:00 EDT,44.87169,-75.05608,279,32.1,31.5,26.2,23.3,-1.2,,,,,6.2,10.9,1.8,290,19,6.8,12.3,1.9,294,17,6.2,10.9,1.8,290,19,275,30.03,,,,,,,,,,
LOUI,2016-04-05 18:00:00 EDT,44.87169,-75.05608,279,32.1,31.6,26.6,22.6,-1.9,,,,,5.8,9.5,1.9,268,20,6.5,11.4,2.1,272,19,5.8,9.5,1.9,268,20,259,30.03,,,,,,,,,,
LOUI,2016-04-05 18:05:00 EDT,44.87169,-75.05608,279,31.9,31.3,24.7,22.6,-2.1,,,,,8.0,12.1,1.8,269,13,9.0,15.4,2.1,274,12,8.0,12.1,1.8,269,13,242,30.03,,,,,,,,,,
LOUI,2016-04-05 18:10:00 EDT,44.87169,-75.05608,279,31.8,31.3,26.2,23.4,-1.5,,,,,5.7,10.9,2.1,306,19,6.2,12.1,2.2,310,20,5.7,10.9,2.1,306,19,226,30.03,,,,,,,,,,
LOUI,2016-04-05 18:15:00 EDT,44.87169,-75.05608,279,32.1,31.7,27.3,23.2,-1.4,,,,,4.9,8.3,1.4,282,22,5.4,9.2,1.7,286,22,4.9,8.3,1.4,282,22,211,30.03,,,,,,,,,,
LOUI,2016-04-05 18:20:00 EDT,44.87169,-75.05608,279,31.8,31.4,25.3,22.1,-2.6,,,,,7.0,12.1,2.6,308,24,7.8,13.9,2.5,314,24,7.0,12.1,2.6,308,24,195,30.03,,,,,,,,,,
LOUI,2016-04-05 18:25:00 EDT,44.87169,-75.05608,279,31.8,31.5,25.1,21.9,-2.9,,,,,7.3,14.5,3.0,290,20,8.2,15.7,3.1,293,21,7.3,14.5,3.0,290,20,179,30.02,,,,,,,,,,
LOUI,2016-04-05 18:30:00 EDT,44.87169,-75.05608,279,31.7,31.4,23.4,21.2,-3.6,,,,,9.9,14.8,2.0,302,17,10.4,16.6,2.1,306,16,9.9,14.8,2.0,302,17,164,30.02,,,,,,,,,,
LOUI,2016-04-05 18:35:00 EDT,44.87169,-75.05608,279,31.7,31.4,24.9,21.8,-3.1,,,,,7.3,11.0,1.8,296,17,8.0,13.4,1.9,300,16,7.3,11.0,1.8,296,17,149,30.02,,,,,,,,,,
LOUI,2016-04-05 18:40:00 EDT,44.87169,-75.05608,279,31.5,31.3,24.9,21.7,-3.3,,,,,7.1,11.9,1.9,280,14,7.8,13.0,2.2,284,13,7.1,11.9,1.9,280,14,134,30.02,,,,,,,,,,
LOUI,2016-04-05 18:45:00 EDT,44.87169,-75.05608,279,31.3,31.1,24.8,22.0,-3.2,,,,,6.9,10.7,1.5,283,11,7.6,12.1,1.7,288,10,6.9,10.7,1.5,283,11,120,30.02,,,,,,,,,,
LOUI,2016-04-05 18:50:00 EDT,44.87169,-75.05608,279,31.3,31.1,26.6,22.0,-3.2,,,,,4.7,6.9,0.8,295,19,5.1,7.6,1.0,300,20,4.7,6.9,0.8,295,19,103,30.02,,,,,,,,,,
LOUI,2016-04-05 18:55:00 EDT,44.87169,-75.05608,279,31.2,31.0,25.5,22.4,-2.9,,,,,5.7,11.3,2.0,289,20,6.2,13.0,2.2,294,19,5.7,11.3,2.0,289,20,85,30.02,,,,,,,,,,
LOUI,2016-04-05 19:00:00 EDT,44.87169,-75.05608,279,31.0,31.0,25.9,23.1,-2.5,,,,,4.9,8.9,1.5,302,15,5.3,8.7,1.5,306,14,4.9,8.9,1.5,302,15,69,30.02,,,,,,,,,,
LOUI,2016-04-05 19:05:00 EDT,44.87169,-75.05608,279,31.0,30.9,26.0,22.8,-2.7,,,,,4.8,7.6,1.4,293,17,5.1,8.7,1.6,298,16,4.8,7.6,1.4,293,17,52,30.01,,,,,,,,,,
LOUI,2016-04-05 19:10:00 EDT,44.87169,-75.05608,279,30.8,30.9,27.0,23.7,-2.1,,,,,3.7,6.4,1.4,278,17,4.1,7.2,1.5,282,17,3.7,6.4,1.4,278,17,33,30.01,,,,,,,,,,
LOUI,2016-04-05 19:15:00 EDT,44.87169,-75.05608,279,30.6,30.9,27.2,24.0,-1.9,,,,,3.4,7.7,1.7,281,20,3.8,8.5,1.8,286,20,3.4,7.7,1.7,281,20,22,30.01,,,,,,,,,,
LOUI,2016-04-05 19:20:00 EDT,44.87169,-75.05608,279,30.5,30.7,25.5,24.2,-1.9,,,,,4.7,8.3,1.3,287,23,5.3,10.5,1.6,291,22,4.7,8.3,1.3,287,23,15,30.01,,,,,,,,,,
LOUI,2016-04-05 19:25:00 EDT,44.87169,-75.05608,279,30.4,30.6,25.2,24.2,-2.0,,,,,5.0,9.6,1.6,284,15,5.6,10.3,1.7,287,15,5.0,9.6,1.6,284,15,10,30.01,,,,,,,,,,
LOUI,2016-04-05 19:30:00 EDT,44.87169,-75.05608,279,30.1,30.3,26.7,25.0,-1.5,,,,,3.4,5.2,0.9,313,18,3.7,5.6,1.0,316,16,3.4,5.2,0.9,313,18,8,30.01,,,,,,,,,,
LOUI,2016-04-05 19:35:00 EDT,44.87169,-75.05608,279,29.8,30.0,26.7,26.5,-0.6,,,,,3.1,5.9,1.1,311,14,3.3,6.3,1.2,314,14,3.1,5.9,1.1,311,14,6,30.01,,,,,,,,,,
LOUI,2016-04-05 19:40:00 EDT,44.87169,-75.05608,279,29.7,29.9,29.7,26.6,-0.5,,,,,2.9,5.8,1.0,301,14,3.1,7.2,1.2,304,14,2.9,5.8,1.0,301,14,4,30.00,,,,,,,,,,
LOUI,2016-04-05 19:45:00 EDT,44.87169,-75.05608,279,29.6,29.8,29.6,27.4,-0.0,,,,,2.0,3.5,0.7,250,28,2.1,4.0,0.7,253,28,2.0,3.5,0.7,250,28,2,30.00,,,,,,,,,,
LOUI,2016-04-05 19:50:00 EDT,44.87169,-75.05608,279,29.0,29.5,22.8,30.9,2.0,,,,,5.8,9.4,1.3,216,13,6.3,10.5,1.4,220,11,5.8,9.4,1.3,216,13,1,30.01,,,,,,,,,,
LOUI,2016-04-05 19:55:00 EDT,44.87169,-75.05608,279,29.3,29.3,21.8,36.6,6.0,,,,,7.6,15.6,2.6,231,18,8.1,19.7,3.0,237,18,7.6,15.6,2.6,231,18,0,30.01,,,,,,,,,,
LOUI,2016-04-05 20:00:00 EDT,44.87169,-75.05608,279,29.2,29.2,21.1,39.8,7.7,,,,,8.5,14.8,2.5,241,11,9.1,15.7,2.5,245,10,8.5,14.8,2.5,241,11,0,30.01,,,,,,,,,,
LOUI,2016-04-05 20:05:00 EDT,44.87169,-75.05608,279,29.0,29.0,21.2,40.9,8.1,,,,,7.9,13.9,2.4,236,13,8.5,13.6,2.2,240,14,7.9,13.9,2.4,236,13,0,30.01,,,,,,,,,,
LOUI,2016-04-05 20:10:00 EDT,44.87169,-75.05608,279,28.9,28.9,21.1,41.5,8.4,,,,,8.0,13.5,2.6,245,15,8.6,15.2,2.7,249,13,8.0,13.5,2.6,245,15,0,30.01,,,,,,,,,,
LOUI,2016-04-05 20:15:00 EDT,44.87169,-75.05608,279,28.6,28.6,22.2,43.1,8.9,,,,,5.9,8.5,1.6,242,15,6.3,9.2,1.6,245,15,5.9,8.5,1.6,242,15,0,30.01,,,,,,,,,,
LOUI,2016-04-05 20:20:00 EDT,44.87169,-75.05608,279,28.5,28.5,21.7,43.8,9.2,,,,,6.3,12.9,2.2,243,15,7.0,13.6,2.3,248,15,6.3,12.9,2.2,243,15,0,30.01,,,,,,,,,,
LOUI,2016-04-05 20:25:00 EDT,44.87169,-75.05608,279,28.3,28.4,21.1,45.0,9.7,,,,,6.9,13.0,2.0,241,16,7.6,15.2,2.2,246,15,6.9,13.0,2.0,241,16,0,30.01,,,,,,,,,,
LOUI,2016-04-05 20:30:00 EDT,44.87169,-75.05608,279,28.1,28.1,21.2,46.8,10.3,,,,,6.4,12.9,2.4,239,16,7.0,14.1,2.4,243,14,6.4,12.9,2.4,239,16,0,30.02,,,,,,,,,,
LOUI,2016-04-05 20:35:00 EDT,44.87169,-75.05608,279,28.1,28.1,20.9,47.2,10.5,,,,,6.7,11.5,2.0,230,12,7.0,11.6,2.0,233,12,6.7,11.5,2.0,230,12,0,30.02,,,,,,,,,,
LOUI,2016-04-05 20:40:00 EDT,44.87169,-75.05608,279,27.8,27.8,20.1,48.2,10.8,,,,,7.5,15.3,2.9,227,17,7.9,15.4,2.8,230,17,7.5,15.3,2.9,227,17,0,30.02,,,,,,,,,,
LOUI,2016-04-05 20:45:00 EDT,44.87169,-75.05608,279,27.7,27.7,19.2,49.3,11.2,,,,,8.7,14.5,2.1,225,16,9.2,15.9,2.1,228,15,8.7,14.5,2.1,225,16,0,30.02,,,,,,,,,,
LOUI,2016-04-05 20:50:00 EDT,44.87169,-75.05608,279,27.6,27.6,19.9,49.8,11.3,,,,,7.4,12.4,2.3,234,16,7.9,13.9,2.5,239,17,7.4,12.4,2.3,234,16,0,30.02,,,,,,,,,,
LOUI,2016-04-05 20:55:00 EDT,44.87169,-75.05608,279,27.5,27.5,19.8,50.1,11.3,,,,,7.4,13.3,1.9,242,12,8.0,15.0,2.0,247,13,7.4,13.3,1.9,242,12,0,30.02,,,,,,,,,,
LOUI,2016-04-05 21:00:00 EDT,44.87169,-75.05608,279,27.4,27.4,19.4,50.4,11.4,,,,,7.9,12.9,2.2,236,11,8.4,13.4,2.3,240,12,7.9,12.9,2.2,236,11,0,30.02,,,,,,,,,,
LOUI,2016-04-05 21:05:00 EDT,44.87169,-75.05608,279,27.3,27.3,21.6,51.1,11.5,,,,,5.0,7.9,1.3,231,17,5.3,8.9,1.5,236,16,5.0,7.9,1.3,231,17,0,30.02,,,,,,,,,,
LOUI,2016-04-05 21:10:00 EDT,44.87169,-75.05608,279,27.1,27.2,21.2,51.6,11.7,,,,,5.2,8.6,1.3,233,16,5.6,8.3,1.3,236,15,5.2,8.6,1.3,233,16,0,30.02,,,,,,,,,,
LOUI,2016-04-05 21:15:00 EDT,44.87169,-75.05608,279,27.0,27.1,20.4,52.1,11.8,,,,,5.9,11.4,2.1,234,15,6.2,13.2,2.2,237,14,5.9,11.4,2.1,234,15,0,30.02,,,,,,,,,,
LOUI,2016-04-05 21:20:00 EDT,44.87169,-75.05608,279,27.0,27.1,20.0,52.2,11.8,,,,,6.4,12.0,1.9,232,11,6.7,11.9,1.8,235,12,6.4,12.0,1.9,232,11,0,30.02,,,,,,,,,,
LOUI,2016-04-05 21:25:00 EDT,44.87169,-75.05608,279,27.0,27.0,20.8,53.0,12.1,,,,,5.3,9.6,1.6,225,15,5.8,11.0,1.7,228,15,5.3,9.6,1.6,225,15,0,30.02,,,,,,,,,,
LOUI,2016-04-05 21:30:00 EDT,44.87169,-75.05608,279,26.9,26.9,21.1,53.1,12.1,,,,,4.9,8.0,1.5,227,17,5.3,8.7,1.5,229,17,4.9,8.0,1.5,227,17,0,30.02,,,,,,,,,,
LOUI,2016-04-05 21:35:00 EDT,44.87169,-75.05608,279,26.7,26.8,21.0,53.7,12.2,,,,,4.9,8.2,1.4,217,13,5.2,9.2,1.4,219,12,4.9,8.2,1.4,217,13,0,30.02,,,,,,,,,,
LOUI,2016-04-05 21:40:00 EDT,44.87169,-75.05608,279,26.6,26.7,22.2,54.2,12.3,,,,,3.7,8.0,1.1,214,11,3.9,8.7,1.2,217,12,3.7,8.0,1.1,214,11,0,30.02,,,,,,,,,,
LOUI,2016-04-05 21:45:00 EDT,44.87169,-75.05608,279,26.6,26.7,21.4,55.1,12.6,,,,,4.3,7.6,1.4,210,13,4.7,7.4,1.3,213,13,4.3,7.6,1.4,210,13,0,30.02,,,,,,,,,,
LOUI,2016-04-05 21:50:00 EDT,44.87169,-75.05608,279,26.5,26.5,20.9,55.2,12.6,,,,,4.7,8.7,1.6,213,12,5.2,8.9,1.7,216,12,4.7,8.7,1.6,213,12,0,30.02,,,,,,,,,,
LOUI,2016-04-05 21:55:00 EDT,44.87169,-75.05608,279,26.4,26.5,20.4,55.3,12.5,,,,,5.1,7.5,1.3,215,11,5.3,9.2,1.3,219,10,5.1,7.5,1.3,215,11,0,30.02,,,,,,,,,,
LOUI,2016-04-05 22:00:00 EDT,44.87169,-75.05608,279,26.5,26.5,19.2,55.3,12.6,,,,,6.6,13.0,2.0,215,16,6.9,12.5,2.1,219,16,6.6,13.0,2.0,215,16,0,30.03,,,,,,,,,,
LOUI,2016-04-05 22:05:00 EDT,44.87169,-75.05608,279,26.4,26.4,19.5,55.2,12.5,,,,,6.1,10.4,1.6,214,9,6.4,10.5,1.6,217,10,6.1,10.4,1.6,214,9,0,30.03,,,,,,,,,,
LOUI,2016-04-05 22:10:00 EDT,44.87169,-75.05608,279,26.3,26.3,19.6,56.2,12.8,,,,,5.9,9.9,1.9,208,17,6.4,11.2,2.0,210,16,5.9,9.9,1.9,208,17,0,30.02,,,,,,,,,,
LOUI,2016-04-05 22:15:00 EDT,44.87169,-75.05608,279,26.1,26.2,21.2,56.8,12.9,,,,,4.0,6.3,1.0,215,12,4.4,7.4,1.2,220,12,4.0,6.3,1.0,215,12,0,30.02,,,,,,,,,,
LOUI,2016-04-05 22:20:00 EDT,44.87169,-75.05608,279,26.0,26.2,20.3,57.8,13.2,,,,,4.8,8.1,1.6,205,15,5.0,8.5,1.6,208,15,4.8,8.1,1.6,205,15,0,30.02,,,,,,,,,,
LOUI,2016-04-05 22:25:00 EDT,44.87169,-75.05608,279,26.0,26.0,20.8,57.8,13.1,,,,,4.3,7.7,1.3,214,11,4.6,8.1,1.3,217,12,4.3,7.7,1.3,214,11,0,30.02,,,,,,,,,,
LOUI,2016-04-05 22:30:00 EDT,44.87169,-75.05608,279,25.8,25.9,21.0,59.3,13.5,,,,,3.9,7.5,1.0,204,15,4.3,7.6,1.3,207,15,3.9,7.5,1.0,204,15,0,30.02,,,,,,,,,,
LOUI,2016-04-05 22:35:00 EDT,44.87169,-75.05608,279,25.8,25.9,19.9,59.4,13.6,,,,,4.9,8.5,1.5,209,16,5.3,9.8,1.6,212,15,4.9,8.5,1.5,209,16,0,30.02,,,,,,,,,,
LOUI,2016-04-05 22:40:00 EDT,44.87169,-75.05608,279,25.7,25.8,21.0,59.3,13.5,,,,,3.9,7.8,1.4,207,13,4.0,7.8,1.5,209,14,3.9,7.8,1.4,207,13,0,30.02,,,,,,,,,,
LOUI,2016-04-05 22:45:00 EDT,44.87169,-75.05608,279,25.5,25.7,20.3,60.4,13.7,,,,,4.2,8.1,1.3,210,20,4.4,8.5,1.3,212,19,4.2,8.1,1.3,210,20,0,30.02,,,,,,,,,,
LOUI,2016-04-05 22:50:00 EDT,44.87169,-75.05608,279,25.6,25.7,19.5,61.1,14.0,,,,,5.1,8.5,1.7,207,14,5.4,10.1,1.9,211,13,5.1,8.5,1.7,207,14,0,30.01,,,,,,,,,,
LOUI,2016-04-05 22:55:00 EDT,44.87169,-75.05608,279,25.6,25.7,19.7,60.9,14.0,,,,,4.9,8.7,1.5,211,16,5.4,9.6,1.7,213,15,4.9,8.7,1.5,211,16,0,30.01,,,,,,,,,,
LOUI,2016-04-05 23:00:00 EDT,44.87169,-75.05608,279,25.5,25.6,20.6,62.1,14.4,,,,,4.0,7.3,1.1,203,15,4.3,7.8,1.2,204,14,4.0,7.3,1.1,203,15,0,30.01,,,,,,,,,,
LOUI,2016-04-05 23:05:00 EDT,44.87169,-75.05608,279,25.5,25.6,19.5,63.0,14.6,,,,,4.9,8.3,1.4,202,12,5.3,8.5,1.4,204,11,4.9,8.3,1.4,202,12,0,30.01,,,,,,,,,,
LOUI,2016-04-05 23:10:00 EDT,44.87169,-75.05608,279,25.5,25.6,19.6,62.8,14.6,,,,,4.9,9.1,1.4,204,13,5.4,10.5,1.4,206,12,4.9,9.1,1.4,204,13,0,30.01,,,,,,,,,,
LOUI,2016-04-05 23:15:00 EDT,44.87169,-75.05608,279,25.5,25.6,19.1,62.8,14.6,,,,,5.3,8.8,1.5,202,14,5.7,9.8,1.6,205,13,5.3,8.8,1.5,202,14,0,30.01,,,,,,,,,,
LOUI,2016-04-05 23:20:00 EDT,44.87169,-75.05608,279,25.3,25.4,20.0,64.0,14.8,,,,,4.2,7.2,1.4,208,12,4.6,8.5,1.5,212,11,4.2,7.2,1.4,208,12,0,30.01,,,,,,,,,,
LOUI,2016-04-05 23:25:00 EDT,44.87169,-75.05608,279,25.4,25.4,18.5,63.9,14.9,,,,,5.8,9.4,1.7,209,15,6.2,10.1,1.7,213,14,5.8,9.4,1.7,209,15,0,30.01,,,,,,,,,,
LOUI,2016-04-05 23:30:00 EDT,44.87169,-75.05608,279,25.4,25.4,18.7,63.8,14.8,,,,,5.7,9.6,1.7,204,13,6.1,10.5,1.8,206,12,5.7,9.6,1.7,204,13,0,30.01,,,,,,,,,,
LOUI,2016-04-05 23:35:00 EDT,44.87169,-75.05608,279,25.3,25.3,19.5,64.5,15.0,,,,,4.7,8.2,1.3,205,13,5.1,8.9,1.5,206,13,4.7,8.2,1.3,205,13,0,30.01,,,,,,,,,,
LOUI,2016-04-05 23:40:00 EDT,44.87169,-75.05608,279,25.3,25.3,18.5,65.1,15.2,,,,,5.7,8.5,1.2,201,12,6.1,9.4,1.2,203,10,5.7,8.5,1.2,201,12,0,30.01,,,,,,,,,,
LOUI,2016-04-05 23:45:00 EDT,44.87169,-75.05608,279,25.2,25.3,19.3,65.3,15.2,,,,,4.8,7.4,1.1,199,13,5.2,8.3,1.1,203,11,4.8,7.4,1.1,199,13,0,30.01,,,,,,,,,,
LOUI,2016-04-05 23:50:00 EDT,44.87169,-75.05608,279,25.1,25.2,19.1,65.8,15.3,,,,,4.8,7.1,1.3,199,13,5.2,8.5,1.4,202,13,4.8,7.1,1.3,199,13,0,30.00,,,,,,,,,,
LOUI,2016-04-05 23:55:00 EDT,44.87169,-75.05608,279,24.8,25.0,19.2,67.0,15.4,,,,,4.5,8.2,1.6,201,16,4.7,8.3,1.7,204,15,4.5,8.2,1.6,201,16,0,30.00,,,,,,,,,,
OTIS,2016-04-05 00:00:00 EDT,41.48249,-74.50368,778,24.2,24.1,19.8,81.3,19.3,0.000,0.202,0.00,0.000,3.4,6.9,1.4,1,25,4.6,8.7,1.9,4,25,3.4,6.9,1.4,1,25,0,29.20,,0,0,0,39.2,43.7,45.1,0.19,0.19,0.15
OTIS,2016-04-05 00:05:00 EDT,41.48249,-74.50368,778,24.1,24.1,24.1,80.1,18.8,0.000,0.000,0.00,0.000,3.0,6.6,1.2,354,19,4.1,8.5,1.5,358,17,3.0,6.6,1.2,354,19,0,29.20,,0,0,0,39.2,43.7,45.0,0.19,0.19,0.16
OTIS,2016-04-05 00:10:00 EDT,41.48249,-74.50368,778,23.9,23.9,23.9,80.5,18.8,0.000,0.000,0.00,0.000,2.2,4.8,1.2,3,34,2.9,6.7,1.5,5,33,2.2,4.8,1.2,3,34,0,29.21,,0,0,0,39.2,43.6,45.0,0.19,0.18,0.16
OTIS,2016-04-05 00:15:00 EDT,41.48249,-74.50368,778,23.8,23.8,23.8,80.0,18.6,0.000,0.000,0.00,0.000,1.8,3.5,0.8,22,26,2.7,5.1,0.9,25,26,1.8,3.5,0.8,22,26,0,29.21,,0,0,0,39.2,43.6,45.0,0.19,0.19,0.16
OTIS,2016-04-05 00:20:00 EDT,41.48249,-74.50368,778,23.6,23.7,23.6,79.9,18.3,0.000,0.000,0.00,0.000,2.0,4.7,0.7,39,24,2.6,6.5,0.9,44,23,2.0,4.7,0.7,39,24,0,29.21,,0,0,0,39.2,43.6,45.0,0.19,0.19,0.16
OTIS,2016-04-05 00:25:00 EDT,41.48249,-74.50368,778,23.2,23.4,23.2,81.3,18.3,0.000,0.000,0.00,0.000,2.0,4.2,0.7,53,22,2.6,5.8,0.9,56,22,2.0,4.2,0.7,53,22,0,29.21,,0,0,0,39.2,43.6,45.0,0.19,0.19,0.15
OTIS,2016-04-05 00:30:00 EDT,41.48249,-74.50368,778,23.1,23.3,23.1,82.6,18.6,0.000,0.000,0.00,0.000,1.5,3.7,0.8,35,27,2.1,4.0,0.8,36,28,1.5,3.7,0.8,35,27,0,29.21,,0,0,0,39.2,43.6,45.1,0.19,0.19,0.16
OTIS,2016-04-05 00:35:00 EDT,41.48249,-74.50368,778,22.9,23.0,22.9,83.7,18.7,0.000,0.000,0.00,0.000,0.7,1.8,0.5,34,17,1.3,2.2,0.4,43,27,0.7,1.8,0.5,34,17,0,29.21,,0,0,0,39.2,43.6,45.0,0.19,0.19,0.16
OTIS,2016-04-05 00:40:00 EDT,41.48249,-74.50368,778,22.8,22.9,22.8,84.9,19.0,0.000,0.000,0.00,0.000,1.2,2.3,0.5,19,17,1.7,3.4,0.6,22,18,1.2,2.3,0.5,19,17,0,29.21,,0,0,0,39.2,43.6,45.0,0.19,0.19,0.16
OTIS,2016-04-05 00:45:00 EDT,41.48249,-74.50368,778,22.7,22.8,22.7,85.0,18.9,0.000,0.000,0.00,0.000,0.6,1.8,0.6,35,17,1.2,3.4,0.6,49,34,0.6,1.8,0.6,35,17,0,29.21,,0,0,0,39.2,43.6,45.0,0.19,0.19,0.16
OTIS,2016-04-05 00:50:00 EDT,41.48249,-74.50368,778,22.4,22.6,22.4,85.5,18.7,0.000,0.000,0.00,0.000,0.1,0.7,0.2,52,23,0.9,1.8,0.3,73,45,0.1,0.7,0.2,52,23,0,29.22,,0,0,0,39.2,43.6,45.0,0.19,0.19,0.16
OTIS,2016-04-05 00:55:00 EDT,41.48249,-74.50368,778,22.1,22.4,22.1,86.6,18.7,0.000,0.000,0.00,0.000,1.1,2.6,0.8,60,11,1.9,3.8,0.8,64,13,1.1,2.6,0.8,60,11,0,29.22,,0,0,0,39.1,43.5,45.0,0.19,0.19,0.15
OTIS,2016-04-05 01:00:00 EDT,41.48249,-74.50368,778,22.0,22.3,22.0,88.6,19.2,0.000,0.000,0.00,0.000,2.2,3.4,0.6,71,12,3.0,4.9,0.8,73,12,2.2,3.4,0.6,71,12,0,29.22,,0,0,0,39.1,43.5,45.0,0.19,0.19,0.16
OTIS,2016-04-05 01:05:00 EDT,41.48249,-74.50368,778,21.8,22.1,21.8,89.3,19.2,0.000,0.000,0.00,0.000,0.9,1.8,0.4,22,25,1.5,2.9,0.5,25,26,0.9,1.8,0.4,22,25,0,29.22,,0,0,0,39.0,43.5,45.0,0.19,0.19,0.16
OTIS,2016-04-05 01:10:00 EDT,41.48249,-74.50368,778,21.7,22.0,21.7,90.3,19.3,0.000,0.000,0.00,0.000,1.2,2.2,0.5,2,15,1.9,3.6,0.6,4,15,1.2,2.2,0.5,2,15,0,29.22,,0,0,0,39.0,43.5,45.0,0.19,0.19,0.16
OTIS,2016-04-05 01:15:00 EDT,41.48249,-74.50368,778,21.5,21.7,21.5,90.8,19.2,0.000,0.000,0.00,0.000,1.9,2.8,0.4,15,19,2.6,4.0,0.6,19,16,1.9,2.8,0.4,15,19,0,29.22,,0,0,0,38.9,43.5,45.1,0.19,0.19,0.16
OTIS,2016-04-05 01:20:00 EDT,41.48249,-74.50368,778,21.2,21.6,21.2,90.9,19.0,0.000,0.000,0.00,0.000,1.9,2.9,0.6,70,14,2.6,4.0,0.7,73,14,1.9,2.9,0.6,70,14,0,29.23,,0,0,0,39.0,43.5,45.0,0.19,0.19,0.16
OTIS,2016-04-05 01:25:00 EDT,41.48249,-74.50368,778,21.1,21.5,21.1,90.7,18.8,0.000,0.000,0.00,0.000,1.8,4.0,0.8,57,23,2.6,5.1,0.9,57,23,1.8,4.0,0.8,57,23,0,29.23,,0,0,0,38.9,43.5,45.0,0.19,0.19,0.16
OTIS,2016-04-05 01:30:00 EDT,41.48249,-74.50368,778,21.2,21.4,21.2,90.7,18.9,0.000,0.000,0.00,0.000,1.5,2.8,0.6,35,20,1.9,3.4,0.6,38,21,1.5,2.8,0.6,35,20,0,29.23,,0,0,0,38.9,43.5,45.0,0.19,0.19,0.16
OTIS,2016-04-05 01:35:00 EDT,41.48249,-74.50368,778,21.0,21.2,21.0,90.2,18.6,0.000,0.000,0.00,0.000,1.8,3.8,0.8,68,22,2.6,4.9,0.9,71,21,1.8,3.8,0.8,68,22,0,29.23,,0,0,0,38.9,43.5,45.0,0.19,0.19,0.16
OTIS,2016-04-05 01:40:00 EDT,41.48249,-74.50368,778,20.8,21.0,20.8,88.8,18.0,0.000,0.000,0.00,0.000,2.7,4.6,0.8,56,16,3.5,5.8,1.1,59,14,2.7,4.6,0.8,56,16,0,29.23,,0,0,0,38.9,43.5,45.0,0.19,0.19,0.16
OTIS,2016-04-05 01:45:00 EDT,41.48249,-74.50368,778,20.7,20.9,20.7,88.1,17.8,0.000,0.000,0.00,0.000,2.5,4.2,0.8,63,14,3.2,5.4,1.0,66,14,2.5,4.2,0.8,63,14,0,29.23,,0,0,0,38.9,43.5,45.0,0.19,0.18,0.16
OTIS,2016-04-05 01:50:00 EDT,41.48249,-74.50368,778,20.6,20.8,20.6,87.8,17.6,0.000,0.000,0.00,0.000,2.4,5.6,1.0,62,20,3.1,7.2,1.1,66,18,2.4,5.6,1.0,62,20,0,29.23,,0,0,0,38.9,43.5,45.0,0.19,0.19,0.16
OTIS,2016-04-05 01:55:00 EDT,41.48249,-74.50368,778,20.5,20.7,20.5,86.9,17.2,0.000,0.000,0.00,0.000,2.0,4.1,1.0,65,19,3.0,6.0,1.1,67,20,2.0,4.1,1.0,65,19,0,29.23,,0,0,0,38.9,43.5,45.0,0.19,0.19,0.16
OTIS,2016-04-05 02:00:00 EDT,41.48249,-74.50368,778,20.3,20.6,20.3,86.7,17.0,0.000,0.000,0.00,0.000,1.4,2.7,0.6,62,21,2.0,3.8,0.6,66,20,1.4,2.7,0.6,62,21,0,29.23,,0,0,0,38.8,43.5,44.9,0.19,0.19,0.16
OTIS,2016-04-05 02:05:00 EDT,41.48249,-74.50368,778,20.2,20.4,20.2,87.0,17.0,0.000,0.000,0.00,0.000,0.7,2.6,0.8,61,15,1.2,3.8,0.8,66,22,0.7,2.6,0.8,61,15,0,29.23,,0,0,0,38.8,43.5,44.9,0.19,0.19,0.16
OTIS,2016-04-05 02:10:00 EDT,41.48249,-74.50368,778,20.0,20.3,20.0,87.9,17.0,0.000,0.000,0.00,0.000,0.9,4.5,1.0,52,18,1.8,5.6,0.9,53,27,0.9,4.5,1.0,52,18,0,29.23,,0,0,0,38.8,43.5,44.9,0.19,0.19,0.16
OTIS,2016-04-05 02:15:00 EDT,41.48249,-74.50368,778,20.1,20.3,20.1,87.5,17.0,0.000,0.000,0.00,0.000,2.1,4.6,0.8,63,18,2.9,5.1,0.8,67,18,2.1,4.6,0.8,63,18,0,29.24,,0,0,0,38.8,43.5,44.9,0.19,0.19,0.16
OTIS,2016-04-05 02:20:00 EDT,41.48249,-74.50368,778,19.8,20.2,19.8,87.4,16.6,0.000,0.000,0.00,0.000,1.5,3.0,0.6,64,12,2.1,3.8,0.6,68,14,1.5,3.0,0.6,64,12,0,29.24,,0,0,0,38.7,43.5,45.0,0.19,0.19,0.16
OTIS,2016-04-05 02:25:00 EDT,41.48249,-74.50368,778,19.5,20.1,19.5,87.6,16.5,0.000,0.000,0.00,0.000,1.3,2.0,0.4,65,11,1.9,3.1,0.6,69,13,1.3,2.0,0.4,65,11,0,29.24,,0,0,0,38.7,43.5,44.9,0.19,0.19,0.15
OTIS,2016-04-05 02:30:00 EDT,41.48249,-74.50368,778,19.6,19.9,19.6,87.9,16.6,0.000,0.000,0.00,0.000,0.7,2.3,0.5,51,29,1.4,3.8,0.7,41,35,0.7,2.3,0.5,51,29,0,29.24,,0,0,0,38.7,43.5,44.9,0.19,0.19,0.16
OTIS,2016-04-05 02:35:00 EDT,41.48249,-74.50368,778,19.4,19.7,19.4,88.9,16.7,0.000,0.000,0.00,0.000,0.5,1.1,0.3,46,10,1.0,1.6,0.3,52,17,0.5,1.1,0.3,46,10,0,29.24,,0,0,0,38.7,43.5,44.9,0.19,0.19,0.16
OTIS,2016-04-05 02:40:00 EDT,41.48249,-74.50368,778,19.2,19.5,19.2,89.7,16.7,0.000,0.000,0.00,0.000,0.1,0.4,0.1,72,3,0.8,1.6,0.3,63,23,0.1,0.4,0.1,72,3,0,29.24,,0,0,0,38.6,43.5,44.9,0.19,0.19,0.16
OTIS,2016-04-05 02:45:00 EDT,41.48249,-74.50368,778,19.2,19.4,19.2,90.2,16.8,0.000,0.000,0.00,0.000,0.0,0.0,0.0,0,0,0.6,1.1,0.2,24,28,0.0,0.0,0.0,0,0,0,29.24,,0,0,0,38.6,43.5,44.8,0.19,0.19,0.16
OTIS,2016-04-05 02:50:00 EDT,41.48249,-74.50368,778,19.1,19.4,19.1,90.7,16.8,0.000,0.000,0.00,0.000,0.0,0.0,0.0,0,0,0.7,1.3,0.2,62,19,0.0,0.0,0.0,0,0,0,29.24,,0,0,0,38.6,43.5,44.8,0.19,0.19,0.16
OTIS,2016-04-05 02:55:00 EDT,41.48249,-74.50368,778,19.0,19.4,19.0,91.1,16.9,0.000,0.000,0.00,0.000,0.3,1.1,0.3,352,14,1.0,1.8,0.3,16,30,0.3,1.1,0.3,352,14,0,29.24,,0,0,0,38.6,43.5,44.9,0.19,0.19,0.16
OTIS,2016-04-05 03:00:00 EDT,41.48249,-74.50368,778,18.9,19.1,18.9,91.2,16.7,0.000,0.000,0.00,0.000,0.7,0.9,0.1,10,12,1.3,1.8,0.2,19,12,0.7,0.9,0.1,10,12,0,29.24,,0,0,0,38.5,43.5,44.9,0.19,0.19,0.16
OTIS,2016-04-05 03:05:00 EDT,41.48249,-74.50368,778,18.8,19.2,18.8,90.8,16.5,0.000,0.000,0.00,0.000,0.5,1.2,0.3,12,15,1.1,1.8,0.3,13,18,0.5,1.2,0.3,12,15,0,29.24,,0,0,0,38.5,43.4,44.9,0.19,0.19,0.16
OTIS,2016-04-05 03:10:00 EDT,41.48249,-74.50368,778,18.8,19.0,18.8,90.8,16.5,0.000,0.000,0.00,0.000,1.4,2.3,0.4,354,13,2.2,3.4,0.5,359,14,1.4,2.3,0.4,354,13,0,29.24,,0,0,0,38.5,43.4,44.8,0.19,0.19,0.16
OTIS,2016-04-05 03:15:00 EDT,41.48249,-74.50368,778,18.9,19.1,18.9,89.9,16.4,0.000,0.000,0.00,0.000,1.0,2.0,0.4,11,17,1.5,2.9,0.5,15,19,1.0,2.0,0.4,11,17,0,29.25,,0,0,0,38.5,43.4,44.9,0.19,0.19,0.16
OTIS,2016-04-05 03:20:00 EDT,41.48249,-74.50368,778,18.6,19.0,18.6,89.1,15.9,0.000,0.000,0.00,0.000,0.9,2.0,0.6,355,16,1.6,3.6,0.8,0,19,0.9,2.0,0.6,355,16,0,29.25,,0,0,0,38.4,43.4,44.9,0.19,0.19,0.16
OTIS,2016-04-05 03:25:00 EDT,41.48249,-74.50368,778,19.0,19.1,19.0,89.2,16.3,0.000,0.000,0.00,0.000,0.9,1.5,0.3,16,11,1.4,2.7,0.3,23,14,0.9,1.5,0.3,16,11,0,29.25,,0,0,0,38.4,43.4,44.9,0.19,0.19,0.16
OTIS,2016-04-05 03:30:00 EDT,41.48249,-74.50368,778,18.9,19.1,18.9,88.9,16.1,0.000,0.000,0.00,0.000,0.4,1.0,0.3,28,3,1.0,1.8,0.2,37,15,0.4,1.0,0.3,28,3,0,29.25,,0,0,0,38.3,43.4,44.8,0.19,0.19,0.16
OTIS,2016-04-05 03:35:00 EDT,41.48249,-74.50368,778,18.4,18.7,18.4,89.1,15.8,0.000,0.000,0.00,0.000,0.2,1.2,0.3,5,15,0.8,2.0,0.4,15,20,0.2,1.2,0.3,5,15,0,29.25,,0,0,0,38.3,43.3,44.9,0.19,0.19,0.15
OTIS,2016-04-05 03:40:00 EDT,41.48249,-74.50368,778,18.5,18.8,18.5,89.9,16.0,0.000,0.000,0.00,0.000,1.2,1.8,0.3,338,13,1.7,3.1,0.5,341,16,1.2,1.8,0.3,338,13,0,29.25,,0,0,0,38.2,43.3,44.9,0.19,0.19,0.16
OTIS,2016-04-05 03:45:00 EDT,41.48249,-74.50368,778,18.7,19.0,18.7,88.5,15.9,0.000,0.000,0.00,0.000,0.8,2.1,0.4,10,22,1.4,3.6,0.6,17,22,0.8,2.1,0.4,10,22,0,29.26,,0,0,0,38.2,43.3,44.9,0.19,0.19,0.16
OTIS,2016-04-05 03:50:00 EDT,41.48249,-74.50368,778,18.4,18.8,18.4,88.3,15.5,0.000,0.000,0.00,0.000,0.4,1.8,0.4,51,15,1.2,2.5,0.3,65,22,0.4,1.8,0.4,51,15,0,29.26,,0,0,0,38.1,43.4,44.9,0.19,0.19,0.16
OTIS,2016-04-05 03:55:00 EDT,41.48249,-74.50368,778,17.7,18.5,17.7,89.2,15.0,0.000,0.000,0.00,0.000,0.1,0.7,0.2,79,0,1.0,1.6,0.2,92,12,0.1,0.7,0.2,79,0,0,29.26,,0,0,0,38.2,43.3,44.8,0.19,0.19,0.16
OTIS,2016-04-05 04:00:00 EDT,41.48249,-74.50368,778,17.8,18.5,17.8,90.2,15.4,0.000,0.000,0.00,0.000,0.0,0.0,0.0,0,0,0.8,1.1,0.2,65,15,0.0,0.0,0.0,0,0,0,29.26,,0,0,0,38.2,43.3,44.8,0.19,0.19,0.16
OTIS,2016-04-05 04:05:00 EDT,41.48249,-74.50368,778,17.7,18.4,17.7,90.6,15.4,0.000,0.000,0.00,0.000,0.0,0.0,0.0,0,0,0.8,1.1,0.1,24,20,0.0,0.0,0.0,0,0,0,29.26,,0,0,0,38.2,43.3,44.8,0.19,0.19,0.16
OTIS,2016-04-05 04:10:00 EDT,41.48249,-74.50368,778,17.6,18.2,17.6,90.7,15.3,0.000,0.000,0.00,0.000,0.0,0.0,0.0,0,0,0.8,1.3,0.2,19,19,0.0,0.0,0.0,0,0,0,29.26,,0,0,0,38.1,43.3,44.8,0.19,0.19,0.16
OTIS,2016-04-05 04:15:00 EDT,41.48249,-74.50368,778,17.5,18.1,17.5,91.1,15.4,0.000,0.000,0.00,0.000,0.6,1.8,0.6,343,4,1.4,3.4,0.6,347,9,0.6,1.8,0.6,343,4,0,29.26,,0,0,0,38.2,43.3,44.8,0.19,0.19,0.16
OTIS,2016-04-05 04:20:00 EDT,41.48249,-74.50368,778,17.8,18.1,17.8,91.3,15.7,0.000,0.000,0.00,0.000,1.6,1.8,0.1,330,8,2.0,2.7,0.3,333,9,1.6,1.8,0.1,330,8,0,29.27,,0,0,0,38.1,43.3,44.8,0.19,0.19,0.16
OTIS,2016-04-05 04:25:00 EDT,41.48249,-74.50368,778,17.9,18.0,17.9,90.5,15.6,0.000,0.000,0.00,0.000,1.3,1.8,0.3,326,6,1.5,2.7,0.4,328,8,1.3,1.8,0.3,326,6,0,29.27,,0,0,0,38.1,43.3,44.8,0.19,0.19,0.16
OTIS,2016-04-05 04:30:00 EDT,41.48249,-74.50368,778,17.8,18.1,17.8,90.5,15.5,0.000,0.000,0.00,0.000,1.2,1.6,0.2,329,13,1.5,3.1,0.4,335,15,1.2,1.6,0.2,329,13,0,29.27,,0,0,0,38.1,43.3,44.8,0.19,0.19,0.16
OTIS,2016-04-05 04:35:00 EDT,41.48249,-74.50368,778,17.9,18.3,17.9,90.2,15.5,0.000,0.000,0.00,0.000,2.2,3.7,0.6,337,9,2.9,5.8,0.9,340,11,2.2,3.7,0.6,337,9,0,29.27,,0,0,0,38.1,43.3,44.8,0.19,0.19,0.15
OTIS,2016-04-05 04:40:00 EDT,41.48249,-74.50368,778,17.9,18.3,17.9,89.4,15.3,0.000,0.000,0.00,0.000,2.0,3.4,0.6,336,16,2.7,5.1,0.9,341,16,2.0,3.4,0.6,336,16,0,29.28,,0,0,0,38.1,43.2,44.8,0.19,0.19,0.16
OTIS,2016-04-05 04:45:00 EDT,41.48249,-74.50368,778,18.3,18.6,18.3,87.2,15.1,0.000,0.000,0.00,0.000,2.3,4.4,0.8,353,20,3.2,5.8,1.2,357,18,2.3,4.4,0.8,353,20,0,29.28,,0,0,0,38.1,43.2,44.8,0.19,0.19,0.16
OTIS,2016-04-05 04:50:00 EDT,41.48249,-74.50368,778,18.0,18.7,18.0,85.3,14.4,0.000,0.000,0.00,0.000,1.6,3.6,0.9,30,29,2.3,4.5,1.0,38,31,1.6,3.6,0.9,30,29,0,29.28,,0,0,0,38.1,43.2,44.7,0.19,0.19,0.16
OTIS,2016-04-05 04:55:00 EDT,41.48249,-74.50368,778,18.3,18.8,18.3,85.5,14.6,0.000,0.000,0.00,0.000,1.0,3.1,0.9,55,22,1.7,4.0,0.8,64,25,1.0,3.1,0.9,55,22,0,29.28,,0,0,0,38.0,43.2,44.8,0.19,0.19,0.16
OTIS,2016-04-05 05:00:00 EDT,41.48249,-74.50368,778,17.8,18.7,17.8,84.5,13.9,0.000,0.000,0.00,0.000,1.7,2.9,0.6,78,15,2.3,4.0,0.7,82,16,1.7,2.9,0.6,78,15,0,29.28,,0,0,0,38.0,43.2,44.8,0.19,0.19,0.16
OTIS,2016-04-05 05:05:00 EDT,41.48249,-74.50368,778,17.5,18.6,17.5,87.1,14.3,0.000,0.000,0.00,0.000,2.3,3.4,0.5,70,15,3.0,4.7,0.7,73,14,2.3,3.4,0.5,70,15,0,29.28,,0,0,0,38.0,43.2,44.8,0.19,0.19,0.16
OTIS,2016-04-05 05:10:00 EDT,41.48249,-74.50368,778,17.2,18.4,17.2,87.3,14.0,0.000,0.000,0.00,0.000,0.6,1.6,0.4,31,16,1.1,2.2,0.4,33,23,0.6,1.6,0.4,31,16,0,29.29,,0,0,0,38.0,43.1,44.7,0.19,0.19,0.16
OTIS,2016-04-05 05:15:00 EDT,41.48249,-74.50368,778,17.4,18.4,17.4,88.7,14.6,0.000,0.000,0.00,0.000,0.3,1.3,0.4,62,7,1.0,2.5,0.5,69,23,0.3,1.3,0.4,62,7,0,29.29,,0,0,0,38.0,43.1,44.7,0.19,0.19,0.16
OTIS,2016-04-05 05:20:00 EDT,41.48249,-74.50368,778,17.3,18.1,17.3,88.8,14.6,0.000,0.000,0.00,0.000,0.2,1.2,0.3,35,9,0.8,1.8,0.4,31,30,0.2,1.2,0.3,35,9,0,29.29,,0,0,0,38.0,43.1,44.7,0.19,0.18,0.16
OTIS,2016-04-05 05:25:00 EDT,41.48249,-74.50368,778,17.6,18.1,17.6,89.5,15.0,0.000,0.000,0.00,0.000,0.4,1.3,0.5,323,22,0.9,1.8,0.5,356,43,0.4,1.3,0.5,323,22,0,29.30,,0,0,0,37.9,43.2,44.7,0.19,0.19,0.16
OTIS,2016-04-05 05:30:00 EDT,41.48249,-74.50368,778,17.5,18.1,17.5,89.1,14.8,0.000,0.000,0.00,0.000,0.9,3.1,0.9,330,24,1.4,4.9,1.0,336,31,0.9,3.1,0.9,330,24,0,29.30,,0,0,0,37.9,43.1,44.7,0.19,0.19,0.16
OTIS,2016-04-05 05:35:00 EDT,41.48249,-74.50368,778,17.9,18.7,17.9,87.2,14.8,0.000,0.000,0.00,0.000,1.5,2.8,0.6,1,21,2.2,4.3,0.7,3,21,1.5,2.8,0.6,1,21,0,29.30,,0,0,0,37.9,43.2,44.7,0.18,0.19,0.16
OTIS,2016-04-05 05:40:00 EDT,41.48249,-74.50368,778,16.9,18.5,16.9,85.2,13.3,0.000,0.000,0.00,0.000,0.2,0.9,0.2,315,17,0.8,1.6,0.3,312,43,0.2,0.9,0.2,315,17,0,29.30,,0,0,0,37.8,43.1,44.7,0.19,0.19,0.16
OTIS,2016-04-05 05:45:00 EDT,41.48249,-74.50368,778,17.2,18.5,17.2,87.1,14.0,0.000,0.000,0.00,0.000,0.8,1.3,0.3,298,14,1.1,1.6,0.3,299,21,0.8,1.3,0.3,298,14,0,29.31,,0,0,0,37.8,43.1,44.7,0.19,0.19,0.16
OTIS,2016-04-05 05:50:00 EDT,41.48249,-74.50368,778,16.4,17.9,16.4,87.1,13.2,0.000,0.000,0.00,0.000,0.3,2.3,0.5,285,42,1.1,2.5,0.5,151,75,0.3,2.3,0.5,285,42,0,29.31,,0,0,0,37.8,43.1,44.7,0.19,0.19,0.16
OTIS,2016-04-05 05:55:00 EDT,41.48249,-74.50368,778,16.4,18.0,16.4,87.3,13.2,0.000,0.000,0.00,0.000,0.5,1.8,0.5,22,28,1.0,2.5,0.6,35,44,0.5,1.8,0.5,22,28,0,29.32,,0,0,0,37.8,43.1,44.7,0.19,0.19,0.16
OTIS,2016-04-05 06:00:00 EDT,41.48249,-74.50368,778,16.9,18.2,16.9,85.4,13.2,0.000,0.000,0.00,0.000,0.1,1.6,0.3,9,2,0.7,2.5,0.5,56,52,0.1,1.6,0.3,9,2,0,29.32,,0,0,0,37.8,43.1,44.8,0.18,0.19,0.16
OTIS,2016-04-05 06:05:00 EDT,41.48249,-74.50368,778,17.3,18.3,17.3,83.4,13.2,0.000,0.000,0.00,0.000,0.9,4.7,1.1,349,17,1.7,6.7,1.3,349,25,0.9,4.7,1.1,349,17,0,29.32,,0,0,0,37.7,43.1,44.7,0.19,0.19,0.16
OTIS,2016-04-05 06:10:00 EDT,41.48249,-74.50368,778,18.1,18.4,18.1,78.6,12.6,0.000,0.000,0.00,0.000,1.8,3.4,0.8,328,23,2.2,4.5,0.9,332,28,1.8,3.4,0.8,328,23,0,29.33,,0,0,0,37.7,43.1,44.7,0.19,0.19,0.16
OTIS,2016-04-05 06:15:00 EDT,41.48249,-74.50368,778,17.6,18.2,17.6,77.9,11.8,0.000,0.000,0.00,0.000,1.2,2.6,0.5,329,28,1.7,3.6,0.7,333,32,1.2,2.6,0.5,329,28,0,29.33,,0,0,0,37.6,43.1,44.7,0.19,0.19,0.16
OTIS,2016-04-05 06:20:00 EDT,41.48249,-74.50368,778,17.5,18.2,17.5,78.4,11.9,0.000,0.000,0.00,0.000,1.0,3.1,0.8,332,22,1.7,6.0,1.0,334,29,1.0,3.1,0.8,332,22,0,29.34,,0,0,0,37.6,43.1,44.7,0.19,0.19,0.16
OTIS,2016-04-05 06:25:00 EDT,41.48249,-74.50368,778,17.8,18.1,17.8,78.6,12.2,0.000,0.000,0.00,0.000,1.3,2.6,0.6,332,20,1.8,3.8,0.7,343,22,1.3,2.6,0.6,332,20,1,29.34,,0,0,0,37.6,43.1,44.7,0.19,0.19,0.16
OTIS,2016-04-05 06:30:00 EDT,41.48249,-74.50368,778,17.5,18.1,17.5,78.4,12.0,0.000,0.000,0.00,0.000,1.4,3.1,0.6,341,21,2.0,4.5,0.8,347,24,1.4,3.1,0.6,341,21,2,29.34,,0,0,0,37.5,43.1,44.6,0.19,0.19,0.16
OTIS,2016-04-05 06:35:00 EDT,41.48249,-74.50368,778,17.3,17.9,17.3,78.7,11.8,0.000,0.000,0.00,0.000,0.5,2.6,0.7,337,18,1.2,3.8,0.8,14,48,0.5,2.6,0.7,337,18,4,29.35,,0,0,0,37.5,43.1,44.7,0.19,0.19,0.16
OTIS,2016-04-05 06:40:00 EDT,41.48249,-74.50368,778,17.2,17.9,17.2,77.7,11.4,0.000,0.000,0.00,0.000,0.6,2.4,0.6,353,40,1.2,2.9,0.6,8,52,0.6,2.4,0.6,353,40,8,29.35,,0,0,0,37.5,43.1,44.7,0.19,0.19,0.16
OTIS,2016-04-05 06:45:00 EDT,41.48249,-74.50368,778,17.4,17.9,17.4,77.7,11.6,0.000,0.000,0.00,0.000,0.8,2.6,0.6,4,26,1.4,3.1,0.7,13,29,0.8,2.6,0.6,4,26,11,29.35,,0,0,0,37.5,43.1,44.7,0.18,0.19,0.15
OTIS,2016-04-05 06:50:00 EDT,41.48249,-74.50368,778,16.7,17.6,16.7,77.9,11.0,0.000,0.000,0.00,0.000,0.7,1.7,0.5,17,21,1.4,2.9,0.6,26,24,0.7,1.7,0.5,17,21,15,29.36,,0,0,0,37.5,43.0,44.6,0.19,0.19,0.16
OTIS,2016-04-05 06:55:00 EDT,41.48249,-74.50368,778,17.4,17.8,17.4,78.7,11.9,0.000,0.000,0.00,0.000,1.6,3.7,0.8,5,27,2.2,4.7,1.0,9,27,1.6,3.7,0.8,5,27,24,29.36,,0,0,0,37.5,43.0,44.6,0.19,0.19,0.15
OTIS,2016-04-05 07:00:00 EDT,41.48249,-74.50368,778,17.3,18.0,17.3,77.5,11.5,0.000,0.000,0.00,0.000,1.5,4.2,1.1,343,21,2.3,5.8,1.4,346,21,1.5,4.2,1.1,343,21,58,29.37,,0,0,0,37.4,43.0,44.6,0.19,0.19,0.16
OTIS,2016-04-05 07:05:00 EDT,41.48249,-74.50368,778,17.8,18.2,17.8,75.3,11.3,0.000,0.000,0.00,0.000,1.3,3.4,1.0,337,24,1.9,4.9,1.0,341,35,1.3,3.4,1.0,337,24,48,29.39,,0,0,0,37.4,43.0,44.6,0.19,0.19,0.16
OTIS,2016-04-05 07:10:00 EDT,41.48249,-74.50368,778,18.4,18.6,18.4,73.3,11.3,0.000,0.000,0.00,0.000,1.8,4.5,0.9,359,31,2.6,6.3,1.0,358,25,1.8,4.5,0.9,359,31,79,29.39,,0,0,0,37.4,43.0,44.7,0.19,0.19,0.16
OTIS,2016-04-05 07:15:00 EDT,41.48249,-74.50368,778,18.6,18.7,18.6,72.4,11.2,0.000,0.000,0.00,0.000,2.7,5.7,1.4,339,20,3.6,9.2,1.8,346,19,2.7,5.7,1.4,339,20,58,29.40,,0,0,0,37.4,42.9,44.6,0.19,0.19,0.16
OTIS,2016-04-05 07:20:00 EDT,41.48249,-74.50368,778,18.8,18.9,18.8,71.8,11.2,0.000,0.000,0.00,0.000,2.4,7.3,1.7,355,22,3.3,11.2,2.3,1,22,2.4,7.3,1.7,355,22,87,29.40,,0,0,0,37.4,43.0,44.6,0.19,0.19,0.16
OTIS,2016-04-05 07:25:00 EDT,41.48249,-74.50368,778,19.1,19.2,19.1,69.9,10.9,0.000,0.000,0.00,0.000,2.7,6.8,1.4,6,25,3.5,8.3,1.7,10,25,2.7,6.8,1.4,6,25,128,29.40,,0,0,0,37.4,43.0,44.6,0.19,0.19,0.16
OTIS,2016-04-05 07:30:00 EDT,41.48249,-74.50368,778,19.5,19.5,13.8,67.9,10.7,0.000,0.000,0.00,0.000,3.9,7.1,1.4,348,19,4.9,8.9,1.8,351,18,3.9,7.1,1.4,348,19,144,29.40,,0,0,0,37.4,43.0,44.6,0.19,0.19,0.16
OTIS,2016-04-05 07:35:00 EDT,41.48249,-74.50368,778,19.8,19.7,19.8,67.0,10.6,0.000,0.000,0.00,0.000,2.7,5.0,1.1,349,26,3.6,6.3,1.3,352,23,2.7,5.0,1.1,349,26,111,29.41,,0,0,0,37.4,42.9,44.6,0.18,0.19,0.16
OTIS,2016-04-05 07:40:00 EDT,41.48249,-74.50368,778,19.8,19.8,15.1,67.3,10.7,0.000,0.000,0.00,0.000,3.3,6.4,1.2,355,24,4.1,7.8,1.7,357,21,3.3,6.4,1.2,355,24,118,29.41,,0,0,0,37.4,42.9,44.6,0.19,0.19,0.16
OTIS,2016-04-05 07:45:00 EDT,41.48249,-74.50368,778,20.0,20.0,20.0,67.1,10.8,0.000,0.000,0.00,0.000,2.0,4.5,1.1,353,30,2.8,6.0,1.4,356,26,2.0,4.5,1.1,353,30,180,29.41,,0,0,0,37.4,42.9,44.6,0.18,0.19,0.16
OTIS,2016-04-05 07:50:00 EDT,41.48249,-74.50368,778,20.1,20.0,20.1,68.5,11.4,0.000,0.000,0.00,0.000,2.5,5.8,1.1,351,27,3.4,6.9,1.3,352,27,2.5,5.8,1.1,351,27,94,29.41,,0,0,0,37.4,42.9,44.6,0.19,0.19,0.16
OTIS,2016-04-05 07:55:00 EDT,41.48249,-74.50368,778,20.1,20.1,20.1,67.2,11.0,0.000,0.000,0.00,0.000,2.8,5.8,1.3,346,28,3.6,10.1,1.6,353,24,2.8,5.8,1.3,346,28,153,29.41,,0,0,0,37.3,42.9,44.5,0.19,0.19,0.16
OTIS,2016-04-05 08:00:00 EDT,41.48249,-74.50368,778,20.2,20.2,15.3,66.6,10.9,0.000,0.000,0.00,0.000,3.4,6.1,1.1,353,25,4.3,7.8,1.4,355,21,3.4,6.1,1.1,353,25,143,29.42,,0,0,0,37.3,42.9,44.6,0.19,0.19,0.16
OTIS,2016-04-05 08:05:00 EDT,41.48249,-74.50368,778,20.1,20.1,15.3,68.3,11.4,0.000,0.000,0.00,0.000,3.4,6.4,1.0,355,21,4.0,7.6,1.3,359,20,3.4,6.4,1.0,355,21,81,29.41,,0,0,0,37.3,42.8,44.6,0.19,0.19,0.16
OTIS,2016-04-05 08:10:00 EDT,41.48249,-74.50368,778,20.0,20.0,15.4,65.8,10.4,0.000,0.000,0.00,0.000,3.2,7.1,1.6,356,20,4.0,8.5,1.8,0,21,3.2,7.1,1.6,356,20,159,29.41,,0,0,0,37.3,42.8,44.6,0.19,0.19,0.16
OTIS,2016-04-05 08:15:00 EDT,41.48249,-74.50368,778,20.2,20.2,20.2,66.5,10.8,0.000,0.000,0.00,0.000,2.7,6.6,1.3,342,23,3.5,7.8,1.5,346,21,2.7,6.6,1.3,342,23,256,29.42,,0,0,0,37.3,42.9,44.6,0.19,0.19,0.16
OTIS,2016-04-05 08:20:00 EDT,41.48249,-74.50368,778,20.8,20.7,15.3,65.2,10.9,0.000,0.000,0.00,0.000,3.8,8.3,2.2,346,23,4.8,9.8,2.3,350,23,3.8,8.3,2.2,346,23,269,29.42,,0,0,0,37.3,42.8,44.6,0.19,0.19,0.16
OTIS,2016-04-05 08:25:00 EDT,41.48249,-74.50368,778,21.0,21.0,15.9,62.1,10.1,0.000,0.000,0.00,0.000,3.7,8.3,1.5,355,23,4.5,11.2,1.9,358,19,3.7,8.3,1.5,355,23,282,29.42,,0,0,0,37.3,42.8,44.5,0.19,0.19,0.16
OTIS,2016-04-05 08:30:00 EDT,41.48249,-74.50368,778,21.2,21.2,13.1,61.1,9.9,0.000,0.000,0.00,0.000,6.3,11.8,2.2,345,15,7.6,13.6,2.7,349,11,6.3,11.8,2.2,345,15,294,29.42,,0,0,0,37.3,42.8,44.6,0.18,0.19,0.16
OTIS,2016-04-05 08:35:00 EDT,41.48249,-74.50368,778,21.2,21.2,13.0,58.7,9.0,0.000,0.000,0.00,0.000,6.4,13.0,2.1,350,23,7.8,15.7,2.5,354,16,6.4,13.0,2.1,350,23,305,29.42,,0,0,0,37.3,42.8,44.5,0.18,0.19,0.16
OTIS,2016-04-05 08:40:00 EDT,41.48249,-74.50368,778,21.5,21.5,13.8,59.7,9.7,0.000,0.000,0.00,0.000,6.0,9.9,1.6,351,25,7.3,12.3,1.9,353,23,6.0,9.9,1.6,351,25,318,29.42,,0,0,0,37.3,42.8,44.5,0.19,0.19,0.16
OTIS,2016-04-05 08:45:00 EDT,41.48249,-74.50368,778,21.7,21.7,14.9,59.4,9.7,0.000,0.000,0.00,0.000,5.1,10.0,2.0,351,21,6.4,13.0,2.4,356,18,5.1,10.0,2.0,351,21,331,29.42,,0,0,0,37.3,42.8,44.5,0.19,0.19,0.16
OTIS,2016-04-05 08:50:00 EDT,41.48249,-74.50368,778,21.9,21.8,14.3,59.7,10.0,0.000,0.000,0.00,0.000,5.9,10.7,2.0,347,25,7.3,12.3,2.2,350,17,5.9,10.7,2.0,347,25,347,29.43,,0,0,0,37.3,42.8,44.5,0.19,0.19,0.16
OTIS,2016-04-05 08:55:00 EDT,41.48249,-74.50368,778,22.0,21.9,13.9,58.1,9.5,0.000,0.000,0.00,0.000,6.4,11.0,1.7,339,23,7.3,14.1,2.2,342,21,6.4,11.0,1.7,339,23,360,29.43,,0,0,0,37.3,42.8,44.5,0.19,0.19,0.16
OTIS,2016-04-05 09:00:00 EDT,41.48249,-74.50368,778,22.1,22.1,14.2,57.8,9.5,0.000,0.000,0.00,0.000,6.3,13.3,2.6,347,17,7.5,15.0,3.0,351,13,6.3,13.3,2.6,347,17,373,29.43,,0,0,0,37.3,42.7,44.5,0.19,0.19,0.16
OTIS,2016-04-05 09:05:00 EDT,41.48249,-74.50368,778,22.3,22.3,14.3,56.6,9.2,0.000,0.000,0.00,0.000,6.4,11.7,1.6,351,20,7.5,13.9,2.1,354,15,6.4,11.7,1.6,351,20,385,29.43,,0,0,0,37.3,42.8,44.4,0.19,0.19,0.16
OTIS,2016-04-05 09:10:00 EDT,41.48249,-74.50368,778,22.8,22.7,17.0,58.1,10.3,0.000,0.000,0.00,0.000,4.3,7.5,1.5,335,30,4.9,8.3,1.6,338,27,4.3,7.5,1.5,335,30,400,29.43,,0,0,0,37.3,42.7,44.5,0.19,0.19,0.16
OTIS,2016-04-05 09:15:00 EDT,41.48249,-74.50368,778,23.1,22.9,15.5,56.3,9.8,0.000,0.000,0.00,0.000,6.2,12.1,2.5,2,23,7.4,15.0,3.2,5,19,6.2,12.1,2.5,2,23,414,29.44,,0,0,0,37.3,42.7,44.6,0.19,0.19,0.16
OTIS,2016-04-05 09:20:00 EDT,41.48249,-74.50368,778,22.9,22.8,15.4,52.3,8.0,0.000,0.000,0.00,0.000,6.1,10.0,1.9,343,22,6.9,11.9,2.1,348,18,6.1,10.0,1.9,343,22,425,29.44,,0,0,0,37.3,42.7,44.5,0.19,0.19,0.16
OTIS,2016-04-05 09:25:00 EDT,41.48249,-74.50368,778,23.0,22.9,15.5,52.1,8.0,0.000,0.000,0.00,0.000,6.0,11.9,2.5,342,25,7.0,14.3,2.9,347,18,6.0,11.9,2.5,342,25,438,29.44,,0,0,0,37.3,42.7,44.4,0.19,0.19,0.16
OTIS,2016-04-05 09:30:00 EDT,41.48249,-74.50368,778,23.1,23.0,15.4,51.2,7.7,0.000,0.000,0.00,0.000,6.2,11.0,2.2,345,24,7.2,13.9,2.6,350,15,6.2,11.0,2.2,345,24,450,29.44,,0,0,0,37.3,42.7,44.4,0.18,0.19,0.16
OTIS,2016-04-05 09:35:00 EDT,41.48249,-74.50368,778,23.5,23.3,15.4,52.2,8.5,0.000,0.000,0.00,0.000,6.8,13.1,2.8,0,32,7.6,14.8,3.1,4,31,6.8,13.1,2.8,0,32,463,29.45,,0,0,0,37.3,42.7,44.5,0.19,0.19,0.16
OTIS,2016-04-05 09:40:00 EDT,41.48249,-74.50368,778,23.7,23.5,16.0,51.5,8.4,0.000,0.000,0.00,0.000,6.4,12.1,2.3,4,33,7.5,13.9,2.7,5,28,6.4,12.1,2.3,4,33,475,29.45,,0,0,0,37.3,42.6,44.5,0.19,0.19,0.16
OTIS,2016-04-05 09:45:00 EDT,41.48249,-74.50368,778,24.0,23.8,17.1,53.4,9.5,0.000,0.000,0.00,0.000,5.6,11.3,2.2,2,47,6.4,13.2,2.2,6,46,5.6,11.3,2.2,2,47,487,29.45,,0,0,0,37.3,42.6,44.5,0.19,0.19,0.16
OTIS,2016-04-05 09:50:00 EDT,41.48249,-74.50368,778,23.9,23.7,15.6,50.5,8.2,0.000,0.000,0.00,0.000,7.2,13.4,2.8,32,21,8.0,15.2,2.8,32,20,7.2,13.4,2.8,32,21,499,29.45,,0,0,0,37.3,42.6,44.4,0.19,0.19,0.16
OTIS,2016-04-05 09:55:00 EDT,41.48249,-74.50368,778,24.1,23.8,15.1,49.4,7.9,0.000,0.000,0.00,0.000,8.2,15.0,3.1,39,18,8.7,15.2,3.0,42,18,8.2,15.0,3.1,39,18,509,29.45,,0,0,0,37.4,42.6,44.5,0.19,0.19,0.16
OTIS,2016-04-05 10:00:00 EDT,41.48249,-74.50368,778,24.1,23.9,17.2,48.2,7.3,0.000,0.000,0.00,0.000,5.6,10.6,1.9,25,17,6.2,12.1,2.1,28,16,5.6,10.6,1.9,25,17,520,29.45,,0,0,0,37.4,42.6,44.4,0.19,0.19,0.16
OTIS,2016-04-05 10:05:00 EDT,41.48249,-74.50368,778,24.6,24.3,17.7,50.1,8.7,0.000,0.000,0.00,0.000,5.7,10.7,2.5,27,20,6.2,12.3,2.6,29,19,5.7,10.7,2.5,27,20,531,29.46,,0,0,0,37.5,42.6,44.4,0.19,0.19,0.16
OTIS,2016-04-05 10:10:00 EDT,41.48249,-74.50368,778,24.9,24.6,18.9,50.8,9.2,0.000,0.000,0.00,0.000,4.9,9.6,1.5,31,20,5.6,10.3,1.4,34,19,4.9,9.6,1.5,31,20,542,29.46,,0,0,0,37.4,42.5,44.4,0.18,0.19,0.16
OTIS,2016-04-05 10:15:00 EDT,41.48249,-74.50368,778,25.0,24.5,18.5,50.1,9.0,0.000,0.000,0.00,0.000,5.4,11.1,2.5,49,22,6.3,12.8,2.4,52,21,5.4,11.1,2.5,49,22,551,29.46,,0,0,0,37.5,42.6,44.4,0.19,0.19,0.15
OTIS,2016-04-05 10:20:00 EDT,41.48249,-74.50368,778,25.2,24.6,17.7,47.9,8.2,0.000,0.000,0.00,0.000,6.5,14.1,2.6,63,18,7.2,16.3,2.7,66,18,6.5,14.1,2.6,63,18,562,29.46,,0,0,0,37.5,42.6,44.3,0.19,0.19,0.16
OTIS,2016-04-05 10:25:00 EDT,41.48249,-74.50368,778,25.7,25.3,18.6,49.5,9.4,0.000,0.000,0.00,0.000,6.1,11.3,1.9,15,20,7.0,14.3,2.3,15,17,6.1,11.3,1.9,15,20,572,29.46,,0,0,0,37.7,42.5,44.3,0.19,0.19,0.16
OTIS,2016-04-05 10:30:00 EDT,41.48249,-74.50368,778,25.8,25.4,19.9,48.6,9.1,0.000,0.000,0.00,0.000,4.9,9.6,1.9,42,18,5.6,10.5,1.9,45,18,4.9,9.6,1.9,42,18,582,29.46,,0,0,0,37.9,42.5,44.3,0.19,0.19,0.16
OTIS,2016-04-05 10:35:00 EDT,41.48249,-74.50368,778,26.1,25.6,21.1,48.8,9.5,0.000,0.000,0.00,0.000,4.2,9.4,1.7,52,34,5.0,11.0,1.9,55,31,4.2,9.4,1.7,52,34,591,29.46,,0,0,0,38.0,42.5,44.4,0.19,0.19,0.16
OTIS,2016-04-05 10:40:00 EDT,41.48249,-74.50368,778,26.3,25.8,20.1,47.6,9.1,0.000,0.000,0.00,0.000,5.3,11.2,2.2,54,27,6.2,13.9,2.4,57,26,5.3,11.2,2.2,54,27,601,29.46,,0,0,0,38.1,42.5,44.4,0.19,0.19,0.16
OTIS,2016-04-05 10:45:00 EDT,41.48249,-74.50368,778,26.1,25.9,19.4,46.7,8.5,0.000,0.000,0.00,0.000,5.9,9.6,1.7,13,26,6.9,12.5,2.1,13,22,5.9,9.6,1.7,13,26,611,29.46,,0,0,0,38.1,42.5,44.5,0.19,0.19,0.16
OTIS,2016-04-05 10:50:00 EDT,41.48249,-74.50368,778,26.1,25.7,18.5,40.8,5.5,0.000,0.000,0.00,0.000,6.9,11.2,2.0,32,15,7.4,11.6,2.0,36,16,6.9,11.2,2.0,32,15,622,29.46,,0,0,0,38.4,42.4,44.4,0.19,0.19,0.16
OTIS,2016-04-05 10:55:00 EDT,41.48249,-74.50368,778,26.4,25.8,19.7,42.9,6.8,0.000,0.000,0.00,0.000,5.8,11.5,2.7,6,29,6.6,13.9,2.9,9,27,5.8,11.5,2.7,6,29,627,29.46,,0,0,0,38.6,42.5,44.2,0.19,0.19,0.16
OTIS,2016-04-05 11:00:00 EDT,41.48249,-74.50368,778,26.8,26.0,26.8,44.6,8.1,0.000,0.000,0.00,0.000,2.7,5.3,1.3,53,42,3.5,5.8,1.4,54,40,2.7,5.3,1.3,53,42,633,29.46,,0,0,0,38.7,42.4,44.4,0.19,0.19,0.16
OTIS,2016-04-05 11:05:00 EDT,41.48249,-74.50368,778,26.9,26.3,21.9,45.0,8.4,0.000,0.000,0.00,0.000,4.3,9.0,2.0,24,24,4.8,8.7,2.0,25,24,4.3,9.0,2.0,24,24,645,29.46,,0,0,0,38.9,42.5,44.3,0.19,0.19,0.16
OTIS,2016-04-05 11:10:00 EDT,41.48249,-74.50368,778,27.6,26.6,22.6,44.5,8.7,0.000,0.000,0.00,0.000,4.3,6.8,1.2,55,26,5.0,7.4,1.3,61,25,4.3,6.8,1.2,55,26,651,29.46,,0,0,0,39.0,42.4,44.2,0.19,0.19,0.16
OTIS,2016-04-05 11:15:00 EDT,41.48249,-74.50368,778,27.6,26.8,23.1,44.4,8.7,0.000,0.000,0.00,0.000,3.9,9.3,2.3,57,30,4.7,11.0,2.5,58,29,3.9,9.3,2.3,57,30,662,29.47,,0,0,0,39.2,42.5,44.2,0.19,0.19,0.16
OTIS,2016-04-05 11:20:00 EDT,41.48249,-74.50368,778,28.1,27.3,22.3,43.1,8.5,0.000,0.000,0.00,0.000,5.2,8.9,2.0,49,24,5.9,11.0,2.1,52,22,5.2,8.9,2.0,49,24,679,29.46,,0,0,0,39.2,42.5,44.3,0.19,0.19,0.16
OTIS,2016-04-05 11:25:00 EDT,41.48249,-74.50368,778,28.2,27.7,21.5,40.5,7.2,0.000,0.000,0.00,0.000,6.3,10.7,2.4,349,36,7.1,12.3,2.4,356,34,6.3,10.7,2.4,349,36,692,29.46,,0,0,0,39.3,42.4,44.3,0.19,0.19,0.16
OTIS,2016-04-05 11:30:00 EDT,41.48249,-74.50368,778,28.3,27.8,21.7,39.5,6.7,0.000,0.000,0.00,0.000,6.1,11.3,2.0,34,28,6.8,15.2,2.5,36,23,6.1,11.3,2.0,34,28,704,29.46,,0,0,0,39.4,42.4,44.2,0.20,0.19,0.16
OTIS,2016-04-05 11:35:00 EDT,41.48249,-74.50368,778,29.1,28.4,23.1,40.4,8.0,0.000,0.000,0.00,0.000,5.6,10.7,1.6,18,28,6.5,13.6,2.1,19,27,5.6,10.7,1.6,18,28,718,29.46,,0,0,0,39.5,42.4,44.2,0.20,0.19,0.16
OTIS,2016-04-05 11:40:00 EDT,41.48249,-74.50368,778,29.0,28.4,20.9,37.8,6.4,0.000,0.000,0.00,0.000,8.4,15.3,2.7,11,20,9.6,17.0,3.2,13,18,8.4,15.3,2.7,11,20,745,29.46,,0,0,0,39.8,42.4,44.2,0.20,0.19,0.16
OTIS,2016-04-05 11:45:00 EDT,41.48249,-74.50368,778,29.0,28.5,22.3,36.0,5.4,0.000,0.000,0.00,0.000,6.4,10.7,1.9,338,26,7.2,13.0,2.2,344,25,6.4,10.7,1.9,338,26,757,29.46,,0,0,0,40.0,42.4,44.1,0.20,0.19,0.16
OTIS,2016-04-05 11:50:00 EDT,41.48249,-74.50368,778,29.3,28.7,22.2,35.8,5.5,0.000,0.000,0.00,0.000,7.0,12.3,2.5,12,25,8.3,17.2,3.2,12,21,7.0,12.3,2.5,12,25,767,29.46,,0,0,0,40.1,42.4,44.1,0.20,0.19,0.16
OTIS,2016-04-05 11:55:00 EDT,41.48249,-74.50368,778,29.6,29.1,23.8,35.5,5.6,0.000,0.000,0.00,0.000,5.5,11.9,2.3,329,23,6.2,11.9,2.2,335,22,5.5,11.9,2.3,329,23,776,29.46,,0,0,0,40.3,42.4,44.2,0.20,0.19,0.16
OTIS,2016-04-05 12:00:00 EDT,41.48249,-74.50368,778,29.8,29.4,23.8,33.6,4.6,0.000,0.000,0.00,0.000,5.8,13.9,3.3,335,26,6.4,15.2,3.6,337,25,5.8,13.9,3.3,335,26,784,29.45,,0,0,0,40.5,42.4,44.2,0.20,0.19,0.16
OTIS,2016-04-05 12:05:00 EDT,41.48249,-74.50368,778,30.4,29.8,22.1,35.4,6.2,0.000,0.000,0.00,0.000,9.3,17.9,3.4,314,26,9.9,20.1,3.3,316,22,9.3,17.9,3.4,314,26,791,29.45,,0,0,0,40.7,42.4,44.2,0.20,0.19,0.16
OTIS,2016-04-05 12:10:00 EDT,41.48249,-74.50368,778,30.4,29.8,24.2,34.2,5.5,0.000,0.000,0.00,0.000,6.2,12.2,2.6,323,26,6.8,15.4,3.0,326,27,6.2,12.2,2.6,323,26,799,29.45,,0,0,0,40.9,42.4,44.2,0.21,0.19,0.16
OTIS,2016-04-05 12:15:00 EDT,41.48249,-74.50368,778,30.8,30.3,24.3,33.1,5.1,0.000,0.000,0.00,0.000,6.7,16.0,3.1,338,28,7.5,19.2,3.4,342,25,6.7,16.0,3.1,338,28,807,29.45,,0,0,0,41.0,42.4,44.1,0.21,0.19,0.16
OTIS,2016-04-05 12:20:00 EDT,41.48249,-74.50368,778,30.7,30.1,22.6,31.5,4.0,0.000,0.000,0.00,0.000,9.1,17.0,3.0,345,24,10.3,18.8,3.4,349,18,9.1,17.0,3.0,345,24,817,29.44,,0,0,0,41.2,42.4,44.2,0.21,0.19,0.15
OTIS,2016-04-05 12:25:00 EDT,41.48249,-74.50368,778,30.9,30.4,22.6,31.8,4.4,0.000,0.000,0.00,0.000,9.6,15.1,3.0,340,21,10.7,17.9,3.3,346,16,9.6,15.1,3.0,340,21,827,29.44,,0,0,0,41.4,42.4,44.2,0.22,0.19,0.16
OTIS,2016-04-05 12:30:00 EDT,41.48249,-74.50368,778,31.2,30.7,25.5,33.0,5.4,0.000,0.000,0.00,0.000,5.7,10.4,2.4,353,28,6.7,12.8,2.5,358,26,5.7,10.4,2.4,353,28,835,29.44,,0,0,0,41.6,42.4,44.1,0.22,0.19,0.16
OTIS,2016-04-05 12:35:00 EDT,41.48249,-74.50368,778,31.2,30.6,26.8,32.3,4.9,0.000,0.000,0.00,0.000,4.3,10.5,2.5,345,39,4.9,10.7,2.6,350,39,4.3,10.5,2.5,345,39,842,29.44,,0,0,0,41.7,42.4,44.1,0.22,0.19,0.16
OTIS,2016-04-05 12:40:00 EDT,41.48249,-74.50368,778,31.6,30.8,24.9,32.3,5.3,0.000,0.000,0.00,0.000,7.2,13.7,2.2,316,28,8.3,14.1,2.3,318,28,7.2,13.7,2.2,316,28,844,29.44,,0,0,0,41.9,42.4,44.3,0.22,0.19,0.16
OTIS,2016-04-05 12:45:00 EDT,41.48249,-74.50368,778,31.6,31.1,24.1,30.6,4.1,0.000,0.000,0.00,0.000,8.5,15.1,2.2,323,29,9.3,16.8,2.6,326,29,8.5,15.1,2.2,323,29,851,29.44,,0,0,0,42.1,42.4,44.1,0.22,0.19,0.16
OTIS,2016-04-05 12:50:00 EDT,41.48249,-74.50368,778,31.9,31.4,24.9,30.9,4.5,0.000,0.000,0.00,0.000,7.6,15.3,2.5,333,29,8.4,15.0,2.7,337,25,7.6,15.3,2.5,333,29,857,29.44,,0,0,0,42.3,42.4,44.2,0.22,0.19,0.16
OTIS,2016-04-05 12:55:00 EDT,41.48249,-74.50368,778,31.9,31.3,23.5,30.5,4.2,0.000,0.000,0.00,0.000,10.1,15.7,2.6,326,22,10.8,17.9,2.7,331,21,10.1,15.7,2.6,326,22,864,29.44,,0,0,0,42.3,42.4,44.1,0.23,0.19,0.16
OTIS,2016-04-05 13:00:00 EDT,41.48249,-74.50368,778,31.8,31.3,23.1,29.3,3.4,0.000,0.000,0.00,0.000,10.7,17.6,2.7,349,22,12.0,19.9,3.1,352,17,10.7,17.6,2.7,349,22,870,29.43,,0,0,0,42.6,42.4,44.1,0.23,0.19,0.16
OTIS,2016-04-05 13:05:00 EDT,41.48249,-74.50368,778,32.2,31.6,24.0,29.9,4.1,0.000,0.000,0.00,0.000,9.9,17.0,3.1,348,27,10.7,20.1,3.5,350,24,9.9,17.0,3.1,348,27,875,29.44,,0,0,0,42.8,42.4,44.2,0.23,0.19,0.16
OTIS,2016-04-05 13:10:00 EDT,41.48249,-74.50368,778,32.1,31.4,24.3,28.3,2.9,0.000,0.000,0.00,0.000,9.1,16.8,2.9,349,18,10.5,18.3,3.3,351,16,9.1,16.8,2.9,349,18,879,29.44,,0,0,0,42.8,42.4,44.1,0.23,0.19,0.16
OTIS,2016-04-05 13:15:00 EDT,41.48249,-74.50368,778,32.8,32.2,27.3,30.0,4.7,0.000,0.000,0.00,0.000,5.9,17.9,2.8,346,32,7.1,18.6,2.8,352,29,5.9,17.9,2.8,346,32,880,29.44,,0,0,0,43.0,42.4,44.1,0.22,0.19,0.16
OTIS,2016-04-05 13:20:00 EDT,41.48249,-74.50368,778,32.6,32.1,25.2,28.9,3.8,0.000,0.000,0.00,0.000,8.7,17.7,3.3,335,18,10.0,20.4,3.5,339,18,8.7,17.7,3.3,335,18,881,29.44,,0,0,0,43.0,42.4,44.1,0.23,0.19,0.16
OTIS,2016-04-05 13:25:00 EDT,41.48249,-74.50368,778,32.7,32.0,24.9,28.7,3.7,0.000,0.000,0.00,0.000,9.4,21.0,4.4,336,25,10.2,25.3,4.6,341,21,9.4,21.0,4.4,336,25,881,29.44,,0,0,0,43.1,42.4,44.0,0.23,0.19,0.16
OTIS,2016-04-05 13:30:00 EDT,41.48249,-74.50368,778,32.9,32.1,25.1,28.7,3.9,0.000,0.000,0.00,0.000,9.5,21.0,4.6,348,25,10.5,22.6,4.8,352,22,9.5,21.0,4.6,348,25,880,29.44,,0,0,0,43.4,42.4,44.0,0.23,0.19,0.16
OTIS,2016-04-05 13:35:00 EDT,41.48249,-74.50368,778,33.1,32.3,26.4,28.3,3.7,0.000,0.000,0.00,0.000,7.7,14.5,3.4,352,28,8.8,17.4,3.7,356,25,7.7,14.5,3.4,352,28,879,29.44,,0,0,0,43.5,42.4,44.1,0.23,0.19,0.16
OTIS,2016-04-05 13:40:00 EDT,41.48249,-74.50368,778,33.5,32.6,25.4,28.6,4.3,0.000,0.000,0.00,0.000,10.3,17.1,3.4,331,25,11.2,19.5,3.6,333,25,10.3,17.1,3.4,331,25,876,29.44,,0,0,0,43.6,42.4,44.1,0.22,0.19,0.16
OTIS,2016-04-05 13:45:00 EDT,41.48249,-74.50368,778,33.3,32.6,25.4,27.5,3.3,0.000,0.000,0.00,0.000,9.9,18.9,3.7,323,24,10.4,19.9,3.7,328,21,9.9,18.9,3.7,323,24,872,29.44,,0,0,0,43.7,42.4,44.1,0.23,0.19,0.16
OTIS,2016-04-05 13:50:00 EDT,41.48249,-74.50368,778,33.1,32.4,24.5,26.5,2.3,0.000,0.000,0.00,0.000,11.3,19.6,2.9,319,22,11.6,19.0,3.0,324,21,11.3,19.6,2.9,319,22,869,29.43,,0,0,0,43.7,42.5,44.0,0.23,0.19,0.16
OTIS,2016-04-05 13:55:00 EDT,41.48249,-74.50368,778,33.4,32.7,25.4,27.0,3.0,0.000,0.000,0.00,0.000,10.2,19.4,3.5,318,26,11.1,20.4,3.5,322,25,10.2,19.4,3.5,318,26,864,29.43,,0,0,0,43.8,42.5,44.0,0.23,0.19,0.16
OTIS,2016-04-05 14:00:00 EDT,41.48249,-74.50368,778,33.5,32.7,27.3,27.5,3.5,0.000,0.000,0.00,0.000,7.0,13.2,2.4,321,25,7.5,13.2,2.4,325,23,7.0,13.2,2.4,321,25,860,29.43,,0,0,0,44.0,42.5,44.0,0.22,0.19,0.16
OTIS,2016-04-05 14:05:00 EDT,41.48249,-74.50368,778,33.9,33.1,26.7,28.0,4.2,0.000,0.000,0.00,0.000,8.8,16.1,2.4,334,29,9.9,18.6,2.8,336,25,8.8,16.1,2.4,334,29,856,29.43,,0,0,0,44.1,42.5,43.9,0.23,0.19,0.16
OTIS,2016-04-05 14:10:00 EDT,41.48249,-74.50368,778,33.3,32.7,25.7,26.0,2.0,0.000,0.000,0.00,0.000,9.3,15.1,3.0,321,23,10.1,16.6,3.1,325,24,9.3,15.1,3.0,321,23,850,29.43,,0,0,0,44.3,42.6,44.0,0.23,0.19,0.16
OTIS,2016-04-05 14:15:00 EDT,41.48249,-74.50368,778,33.9,33.2,26.5,27.8,4.0,0.000,0.000,0.00,0.000,9.1,16.0,3.1,320,24,10.2,17.4,3.1,324,24,9.1,16.0,3.1,320,24,846,29.43,,0,0,0,44.4,42.6,44.0,0.23,0.19,0.16
OTIS,2016-04-05 14:20:00 EDT,41.48249,-74.50368,778,33.5,32.9,25.1,26.4,2.6,0.000,0.000,0.00,0.000,11.1,18.6,3.2,309,23,11.7,19.9,3.2,311,24,11.1,18.6,3.2,309,23,842,29.42,,0,0,0,44.6,42.6,44.0,0.22,0.19,0.16
OTIS,2016-04-05 14:25:00 EDT,41.48249,-74.50368,778,33.9,33.2,28.6,27.0,3.4,0.000,0.000,0.00,0.000,5.9,12.9,3.5,319,29,6.5,14.8,3.6,324,31,5.9,12.9,3.5,319,29,838,29.43,,0,0,0,44.6,42.6,44.0,0.23,0.19,0.16
OTIS,2016-04-05 14:30:00 EDT,41.48249,-74.50368,778,33.7,33.0,27.1,26.3,2.7,0.000,0.000,0.00,0.000,7.7,15.7,2.8,323,31,8.6,19.9,2.9,330,29,7.7,15.7,2.8,323,31,836,29.43,,0,0,0,44.7,42.6,44.0,0.23,0.19,0.16
OTIS,2016-04-05 14:35:00 EDT,41.48249,-74.50368,778,34.4,33.6,27.3,26.9,3.8,0.000,0.000,0.00,0.000,8.9,17.7,3.3,337,26,10.0,18.8,3.4,341,23,8.9,17.7,3.3,337,26,836,29.42,,0,0,0,44.7,42.6,44.0,0.23,0.19,0.16
OTIS,2016-04-05 14:40:00 EDT,41.48249,-74.50368,778,34.0,33.3,26.5,26.1,2.8,0.000,0.000,0.00,0.000,9.5,20.0,3.8,347,25,11.1,23.0,4.3,351,22,9.5,20.0,3.8,347,25,827,29.42,,0,0,0,44.9,42.6,43.9,0.22,0.19,0.16
OTIS,2016-04-05 14:45:00 EDT,41.48249,-74.50368,778,34.2,33.5,27.0,25.8,2.7,0.000,0.000,0.00,0.000,8.8,17.9,3.6,341,26,10.2,19.2,4.1,345,24,8.8,17.9,3.6,341,26,820,29.42,,0,0,0,44.9,42.7,43.9,0.22,0.19,0.16
OTIS,2016-04-05 14:50:00 EDT,41.48249,-74.50368,778,34.9,33.9,29.1,27.7,4.8,0.000,0.000,0.00,0.000,6.8,13.0,2.4,337,36,7.7,15.7,2.5,338,34,6.8,13.0,2.4,337,36,809,29.42,,0,0,0,45.0,42.6,44.0,0.22,0.19,0.16
OTIS,2016-04-05 14:55:00 EDT,41.48249,-74.50368,778,34.6,33.9,26.2,24.7,2.0,0.000,0.000,0.00,0.000,11.5,20.2,3.6,359,24,12.7,21.9,4.2,2,22,11.5,20.2,3.6,359,24,803,29.42,,0,0,0,45.1,42.7,44.0,0.22,0.20,0.16
OTIS,2016-04-05 15:00:00 EDT,41.48249,-74.50368,778,35.3,34.4,28.0,25.4,3.3,0.000,0.000,0.00,0.000,9.5,18.0,3.7,342,32,10.5,19.9,3.8,344,28,9.5,18.0,3.7,342,32,795,29.42,,0,0,0,45.1,42.7,44.0,0.22,0.19,0.16
OTIS,2016-04-05 15:05:00 EDT,41.48249,-74.50368,778,34.9,34.0,28.5,24.3,2.0,0.000,0.000,0.00,0.000,7.8,16.1,3.2,338,28,8.8,19.7,3.6,345,24,7.8,16.1,3.2,338,28,786,29.42,,0,0,0,45.1,42.7,44.0,0.22,0.20,0.16
OTIS,2016-04-05 15:10:00 EDT,41.48249,-74.50368,778,35.0,34.2,30.4,24.5,2.2,0.000,0.000,0.00,0.000,5.3,11.3,2.5,349,29,6.2,13.9,3.2,351,29,5.3,11.3,2.5,349,29,775,29.43,,0,0,0,45.2,42.8,43.9,0.22,0.20,0.16
OTIS,2016-04-05 15:15:00 EDT,41.48249,-74.50368,778,35.1,34.3,28.0,23.6,1.5,0.000,0.000,0.00,0.000,9.0,18.9,4.2,347,26,9.9,23.5,4.7,353,23,9.0,18.9,4.2,347,26,765,29.42,,0,0,0,45.2,42.8,43.9,0.22,0.20,0.16
OTIS,2016-04-05 15:20:00 EDT,41.48249,-74.50368,778,35.0,34.2,30.1,24.2,2.0,0.000,0.000,0.00,0.000,5.6,11.9,2.8,347,27,6.4,15.4,3.2,349,24,5.6,11.9,2.8,347,27,753,29.42,,0,0,0,45.2,42.8,44.0,0.22,0.20,0.16
OTIS,2016-04-05 15:25:00 EDT,41.48249,-74.50368,778,35.5,34.6,29.1,24.7,2.8,0.000,0.000,0.00,0.000,8.0,14.5,2.4,333,28,9.0,16.6,2.7,337,23,8.0,14.5,2.4,333,28,742,29.42,,0,0,0,45.2,42.8,43.9,0.22,0.20,0.16
OTIS,2016-04-05 15:30:00 EDT,41.48249,-74.50368,778,35.1,34.3,27.4,23.3,1.2,0.000,0.000,0.00,0.000,10.3,19.4,3.1,306,36,11.7,21.5,3.3,307,35,10.3,19.4,3.1,306,36,730,29.41,,0,0,0,45.3,42.8,43.9,0.22,0.20,0.16
OTIS,2016-04-05 15:35:00 EDT,41.48249,-74.50368,778,35.0,34.2,29.2,23.9,1.7,0.000,0.000,0.00,0.000,6.8,15.1,3.0,333,30,7.8,18.1,3.3,336,30,6.8,15.1,3.0,333,30,719,29.41,,0,0,0,45.3,42.8,43.9,0.22,0.20,0.16
OTIS,2016-04-05 15:40:00 EDT,41.48249,-74.50368,778,35.4,34.5,28.8,24.9,2.9,0.000,0.000,0.00,0.000,8.3,16.7,3.7,328,28,9.2,19.0,4.1,335,26,8.3,16.7,3.7,328,28,706,29.42,,0,0,0,45.2,42.9,43.9,0.22,0.20,0.16
OTIS,2016-04-05 15:45:00 EDT,41.48249,-74.50368,778,35.4,34.7,29.2,24.3,2.4,0.000,0.000,0.00,0.000,7.6,13.1,2.7,359,26,8.9,18.1,3.4,2,24,7.6,13.1,2.7,359,26,695,29.42,,0,0,0,45.2,42.9,43.9,0.22,0.20,0.16
OTIS,2016-04-05 15:50:00 EDT,41.48249,-74.50368,778,35.9,35.0,30.8,24.4,2.9,0.000,0.000,0.00,0.000,6.1,15.6,2.9,331,38,7.6,16.8,3.1,334,38,6.1,15.6,2.9,331,38,683,29.42,,0,0,0,45.1,42.9,43.9,0.22,0.20,0.16
OTIS,2016-04-05 15:55:00 EDT,41.48249,-74.50368,778,35.6,35.0,29.7,22.4,0.9,0.000,0.000,0.00,0.000,7.2,14.3,3.1,334,27,8.3,16.1,3.4,338,23,7.2,14.3,3.1,334,27,668,29.42,,0,0,0,45.0,43.0,43.9,0.22,0.20,0.16
OTIS,2016-04-05 16:00:00 EDT,41.48249,-74.50368,778,35.7,35.0,28.7,23.3,1.8,0.000,0.000,0.00,0.000,9.2,15.1,2.7,336,20,10.3,17.7,3.1,339,17,9.2,15.1,2.7,336,20,655,29.41,,0,0,0,44.8,43.0,43.9,0.22,0.20,0.16
OTIS,2016-04-05 16:05:00 EDT,41.48249,-74.50368,778,36.0,35.3,30.0,22.8,1.5,0.000,0.000,0.00,0.000,7.5,15.1,2.9,340,27,8.5,17.2,3.1,343,26,7.5,15.1,2.9,340,27,641,29.41,,0,0,0,44.7,43.0,43.9,0.22,0.20,0.16
OTIS,2016-04-05 16:10:00 EDT,41.48249,-74.50368,778,36.6,35.8,31.4,24.7,3.8,0.000,0.000,0.00,0.000,6.5,14.8,2.9,344,30,7.5,16.1,3.0,346,28,6.5,14.8,2.9,344,30,628,29.42,,0,0,0,44.7,43.0,43.8,0.22,0.20,0.16
OTIS,2016-04-05 16:15:00 EDT,41.48249,-74.50368,778,35.8,35.0,30.2,21.8,0.4,0.000,0.000,0.00,0.000,6.7,14.7,2.1,355,30,7.7,16.3,2.4,356,28,6.7,14.7,2.1,355,30,614,29.42,,0,0,0,44.6,43.0,43.8,0.22,0.20,0.16
OTIS,2016-04-05 16:20:00 EDT,41.48249,-74.50368,778,36.1,35.4,30.9,22.2,1.1,0.000,0.000,0.00,0.000,6.4,14.2,2.4,316,25,7.5,15.4,2.8,319,24,6.4,14.2,2.4,316,25,599,29.42,,0,0,0,44.5,43.1,43.9,0.22,0.20,0.16
OTIS,2016-04-05 16:25:00 EDT,41.48249,-74.50368,778,36.6,35.7,31.7,23.9,3.1,0.000,0.000,0.00,0.000,6.0,10.4,2.1,317,27,6.7,11.6,2.1,320,27,6.0,10.4,2.1,317,27,584,29.42,,0,0,0,44.4,43.1,43.8,0.22,0.20,0.16
OTIS,2016-04-05 16:30:00 EDT,41.48249,-74.50368,778,36.3,35.6,31.9,23.1,2.1,0.000,0.000,0.00,0.000,5.2,19.3,4.4,347,32,6.2,20.1,4.6,349,32,5.2,19.3,4.4,347,32,570,29.42,,0,0,0,44.3,43.2,43.8,0.22,0.20,0.16
OTIS,2016-04-05 16:35:00 EDT,41.48249,-74.50368,778,35.8,35.0,29.8,24.1,2.6,0.000,0.000,0.00,0.000,7.5,12.1,2.3,326,25,8.1,16.3,2.7,333,21,7.5,12.1,2.3,326,25,555,29.41,,0,0,0,44.1,43.1,43.9,0.22,0.20,0.16
OTIS,2016-04-05 16:40:00 EDT,41.48249,-74.50368,778,36.2,35.4,31.2,24.5,3.3,0.000,0.000,0.00,0.000,6.1,15.8,3.9,317,38,7.1,17.4,4.2,322,40,6.1,15.8,3.9,317,38,541,29.41,,0,0,0,44.0,43.2,43.9,0.22,0.20,0.16
OTIS,2016-04-05 16:45:00 EDT,41.48249,-74.50368,778,35.6,35.0,29.3,21.8,0.2,0.000,0.000,0.00,0.000,7.9,13.9,2.9,310,19,8.4,14.5,2.8,312,20,7.9,13.9,2.9,310,19,526,29.41,,0,0,0,43.8,43.2,43.9,0.22,0.20,0.16
OTIS,2016-04-05 16:50:00 EDT,41.48249,-74.50368,778,35.6,35.0,28.9,21.4,-0.2,0.000,0.000,0.00,0.000,8.6,15.6,3.5,326,22,9.2,16.6,3.4,329,17,8.6,15.6,3.5,326,22,510,29.41,,0,0,0,43.7,43.1,43.8,0.22,0.20,0.16
OTIS,2016-04-05 16:55:00 EDT,41.48249,-74.50368,778,35.8,35.1,30.6,21.7,0.3,0.000,0.000,0.00,0.000,6.1,15.0,2.8,315,32,7.1,15.7,3.0,317,32,6.1,15.0,2.8,315,32,494,29.41,,0,0,0,43.7,43.2,43.8,0.22,0.20,0.16
OTIS,2016-04-05 17:00:00 EDT,41.48249,-74.50368,778,35.5,35.0,29.3,21.4,-0.2,0.000,0.000,0.00,0.000,7.8,13.8,2.0,321,26,8.7,13.6,2.2,324,25,7.8,13.8,2.0,321,26,477,29.41,,0,0,0,43.6,43.2,43.9,0.21,0.20,0.16
OTIS,2016-04-05 17:05:00 EDT,41.48249,-74.50368,778,35.4,34.9,29.0,20.2,-1.6,0.000,0.000,0.00,0.000,8.1,14.5,2.9,300,23,8.6,14.5,2.7,303,23,8.1,14.5,2.9,300,23,460,29.41,,0,0,0,43.5,43.2,43.9,0.21,0.20,0.16
OTIS,2016-04-05 17:10:00 EDT,41.48249,-74.50368,778,35.8,35.2,30.9,21.2,-0.1,0.000,0.000,0.00,0.000,5.9,12.8,2.7,312,28,6.6,14.8,2.8,312,28,5.9,12.8,2.7,312,28,443,29.41,,0,0,0,43.4,43.3,43.8,0.22,0.20,0.16
OTIS,2016-04-05 17:15:00 EDT,41.48249,-74.50368,778,35.4,35.0,29.7,20.1,-1.6,0.000,0.000,0.00,0.000,6.9,15.9,2.8,321,43,7.7,17.9,3.2,323,41,6.9,15.9,2.8,321,43,426,29.41,,0,0,0,43.3,43.3,43.8,0.22,0.20,0.16
OTIS,2016-04-05 17:20:00 EDT,41.48249,-74.50368,778,36.0,35.3,30.8,22.0,0.7,0.000,0.000,0.00,0.000,6.2,12.0,1.9,4,35,7.1,12.8,2.1,4,34,6.2,12.0,1.9,4,35,410,29.41,,0,0,0,43.1,43.3,43.9,0.22,0.20,0.16
OTIS,2016-04-05 17:25:00 EDT,41.48249,-74.50368,778,35.9,35.2,30.0,21.0,-0.4,0.000,0.000,0.00,0.000,7.3,14.9,3.2,309,29,7.9,14.5,3.1,312,29,7.3,14.9,3.2,309,29,394,29.42,,0,0,0,43.1,43.3,43.7,0.22,0.20,0.16
OTIS,2016-04-05 17:30:00 EDT,41.48249,-74.50368,778,35.5,35.1,31.7,21.5,-0.1,0.000,0.000,0.00,0.000,4.5,11.5,2.7,3,31,5.4,13.9,3.1,4,28,4.5,11.5,2.7,3,31,376,29.42,,0,0,0,43.0,43.3,43.8,0.21,0.20,0.16
OTIS,2016-04-05 17:35:00 EDT,41.48249,-74.50368,778,36.0,35.5,32.1,22.9,1.6,0.000,0.000,0.00,0.000,4.6,11.3,3.2,340,38,5.4,13.4,3.2,338,37,4.6,11.3,3.2,340,38,359,29.43,,0,0,0,43.0,43.4,43.8,0.22,0.20,0.16
OTIS,2016-04-05 17:40:00 EDT,41.48249,-74.50368,778,35.7,35.2,30.7,21.4,-0.1,0.000,0.000,0.00,0.000,5.9,11.6,2.0,318,31,6.7,14.8,2.3,320,29,5.9,11.6,2.0,318,31,341,29.42,,0,0,0,42.9,43.4,43.8,0.22,0.20,0.16
OTIS,2016-04-05 17:45:00 EDT,41.48249,-74.50368,778,35.6,35.2,30.2,20.6,-0.9,0.000,0.000,0.00,0.000,6.4,12.9,2.4,338,36,7.4,15.4,2.9,338,32,6.4,12.9,2.4,338,36,324,29.42,,0,0,0,42.8,43.4,43.8,0.21,0.20,0.16
OTIS,2016-04-05 17:50:00 EDT,41.48249,-74.50368,778,35.3,34.9,28.9,20.7,-1.1,0.000,0.000,0.00,0.000,7.9,15.3,2.7,349,30,8.9,17.2,3.0,349,26,7.9,15.3,2.7,349,30,305,29.41,,0,0,0,42.8,43.5,43.8,0.22,0.20,0.16
OTIS,2016-04-05 17:55:00 EDT,41.48249,-74.50368,778,34.9,34.6,28.4,20.5,-1.6,0.000,0.000,0.00,0.000,8.0,16.9,3.3,350,26,9.1,18.1,3.8,355,22,8.0,16.9,3.3,350,26,287,29.42,,0,0,0,42.7,43.5,43.8,0.21,0.20,0.16
OTIS,2016-04-05 18:00:00 EDT,41.48249,-74.50368,778,35.1,34.8,30.1,21.5,-0.5,0.000,0.000,0.00,0.000,5.7,10.9,2.5,343,25,6.5,12.1,2.7,344,23,5.7,10.9,2.5,343,25,271,29.42,,0,0,0,42.5,43.5,43.8,0.22,0.20,0.16
OTIS,2016-04-05 18:05:00 EDT,41.48249,-74.50368,778,34.9,34.6,29.1,21.5,-0.7,0.000,0.000,0.00,0.000,6.7,12.3,2.3,341,27,8.0,16.3,2.6,343,24,6.7,12.3,2.3,341,27,253,29.41,,0,0,0,42.4,43.5,43.8,0.22,0.20,0.16
OTIS,2016-04-05 18:10:00 EDT,41.48249,-74.50368,778,34.8,34.5,29.6,20.9,-1.4,0.000,0.000,0.00,0.000,5.9,10.9,1.8,340,27,6.7,12.8,2.1,343,21,5.9,10.9,1.8,340,27,235,29.42,,0,0,0,42.3,43.5,43.8,0.22,0.20,0.16
OTIS,2016-04-05 18:15:00 EDT,41.48249,-74.50368,778,34.7,34.4,29.6,21.6,-0.7,0.000,0.000,0.00,0.000,5.7,9.9,2.1,343,25,6.7,11.9,2.4,346,23,5.7,9.9,2.1,343,25,218,29.42,,0,0,0,42.3,43.5,43.8,0.21,0.20,0.16
OTIS,2016-04-05 18:20:00 EDT,41.48249,-74.50368,778,34.5,34.3,28.8,21.9,-0.6,0.000,0.000,0.00,0.000,6.5,12.1,2.5,347,26,7.7,13.9,2.8,348,22,6.5,12.1,2.5,347,26,201,29.41,,0,0,0,42.2,43.5,43.8,0.21,0.20,0.15
OTIS,2016-04-05 18:25:00 EDT,41.48249,-74.50368,778,34.4,34.2,28.1,22.5,-0.1,0.000,0.000,0.00,0.000,7.4,12.6,2.3,328,14,8.0,13.2,2.5,332,15,7.4,12.6,2.3,328,14,185,29.42,,0,0,0,42.1,43.5,43.8,0.21,0.20,0.16
OTIS,2016-04-05 18:30:00 EDT,41.48249,-74.50368,778,34.3,34.2,30.4,22.6,-0.1,0.000,0.000,0.00,0.000,4.4,9.4,2.2,334,23,5.2,11.2,2.4,338,23,4.4,9.4,2.2,334,23,169,29.42,,0,0,0,42.0,43.5,43.8,0.21,0.20,0.16
OTIS,2016-04-05 18:35:00 EDT,41.48249,-74.50368,778,34.3,34.2,28.7,22.7,0.0,0.000,0.000,0.00,0.000,6.3,14.2,2.3,345,28,7.3,16.3,2.5,348,22,6.3,14.2,2.3,345,28,153,29.42,,0,0,0,41.9,43.5,43.8,0.21,0.20,0.16
OTIS,2016-04-05 18:40:00 EDT,41.48249,-74.50368,778,34.1,34.0,28.8,23.2,0.3,0.000,0.000,0.00,0.000,5.9,12.9,2.7,326,24,6.4,14.3,2.8,331,24,5.9,12.9,2.7,326,24,137,29.42,,0,0,0,41.8,43.5,43.8,0.21,0.20,0.16
OTIS,2016-04-05 18:45:00 EDT,41.48249,-74.50368,778,33.9,34.0,29.1,24.2,1.1,0.000,0.000,0.00,0.000,5.3,12.1,3.0,308,26,5.7,12.1,2.9,310,27,5.3,12.1,3.0,308,26,113,29.42,,0,0,0,41.7,43.5,43.8,0.21,0.20,0.16
OTIS,2016-04-05 18:50:00 EDT,41.48249,-74.50368,778,33.8,33.9,28.4,24.6,1.3,0.000,0.000,0.00,0.000,5.9,11.2,2.2,332,29,6.7,12.5,2.2,338,29,5.9,11.2,2.2,332,29,48,29.42,,0,0,0,41.6,43.5,43.7,0.21,0.20,0.16
OTIS,2016-04-05 18:55:00 EDT,41.48249,-74.50368,778,33.5,33.7,28.0,25.5,1.8,0.000,0.000,0.00,0.000,5.9,11.0,2.2,325,23,6.8,11.4,2.0,328,22,5.9,11.0,2.2,325,23,35,29.42,,0,0,0,41.6,43.5,43.7,0.21,0.20,0.16
OTIS,2016-04-05 19:00:00 EDT,41.48249,-74.50368,778,33.2,33.5,28.4,25.9,1.9,0.000,0.000,0.00,0.000,5.1,11.4,2.3,309,25,5.9,13.9,2.6,308,26,5.1,11.4,2.3,309,25,20,29.42,,0,0,0,41.5,43.6,43.7,0.21,0.20,0.16
OTIS,2016-04-05 19:05:00 EDT,41.48249,-74.50368,778,33.2,33.3,27.8,25.5,1.5,0.000,0.000,0.00,0.000,5.7,11.0,2.0,319,19,6.4,10.3,1.9,320,20,5.7,11.0,2.0,319,19,17,29.42,,0,0,0,41.4,43.6,43.8,0.21,0.20,0.16
OTIS,2016-04-05 19:10:00 EDT,41.48249,-74.50368,778,32.7,33.0,28.6,26.4,1.9,0.000,0.000,0.00,0.000,4.3,8.4,1.6,335,22,4.9,10.7,2.0,340,20,4.3,8.4,1.6,335,22,15,29.42,,0,0,0,41.4,43.5,43.9,0.21,0.20,0.16
OTIS,2016-04-05 19:15:00 EDT,41.48249,-74.50368,778,32.2,32.6,28.0,26.6,1.6,0.000,0.000,0.00,0.000,4.3,9.3,1.6,325,25,5.1,10.3,1.7,327,26,4.3,9.3,1.6,325,25,12,29.42,,0,0,0,41.3,43.6,43.8,0.21,0.20,0.16
OTIS,2016-04-05 19:20:00 EDT,41.48249,-74.50368,778,32.3,32.5,26.7,25.5,0.8,0.000,0.000,0.00,0.000,5.9,9.1,1.6,328,21,6.4,10.1,1.8,331,20,5.9,9.1,1.6,328,21,10,29.42,,0,0,0,41.2,43.6,43.8,0.21,0.20,0.16
OTIS,2016-04-05 19:25:00 EDT,41.48249,-74.50368,778,32.2,32.4,26.8,24.5,-0.2,0.000,0.000,0.00,0.000,5.6,10.7,2.0,330,26,6.4,13.9,2.0,334,25,5.6,10.7,2.0,330,26,8,29.42,,0,0,0,41.1,43.6,43.8,0.21,0.20,0.16
OTIS,2016-04-05 19:30:00 EDT,41.48249,-74.50368,778,31.9,32.2,26.9,25.3,0.3,0.000,0.000,0.00,0.000,5.1,8.2,1.5,325,23,5.8,9.2,1.6,328,22,5.1,8.2,1.5,325,23,5,29.42,,0,0,0,40.9,43.6,43.8,0.21,0.20,0.16
OTIS,2016-04-05 19:35:00 EDT,41.48249,-74.50368,778,31.4,31.8,27.6,26.9,1.2,0.000,0.000,0.00,0.000,3.8,8.4,2.1,330,19,4.5,9.6,2.0,335,20,3.8,8.4,2.1,330,19,3,29.42,,0,0,0,40.9,43.6,43.9,0.21,0.20,0.16
OTIS,2016-04-05 19:40:00 EDT,41.48249,-74.50368,778,31.6,31.8,26.3,25.2,-0.1,0.000,0.000,0.00,0.000,5.3,10.1,1.6,321,28,6.0,11.0,1.6,325,29,5.3,10.1,1.6,321,28,2,29.42,,0,0,0,40.8,43.6,43.8,0.21,0.20,0.16
OTIS,2016-04-05 19:45:00 EDT,41.48249,-74.50368,778,31.4,31.8,26.9,25.5,-0.0,0.000,0.000,0.00,0.000,4.4,9.9,2.3,330,23,4.9,11.0,2.4,333,24,4.4,9.9,2.3,330,23,1,29.42,,0,0,0,40.8,43.6,43.8,0.21,0.20,0.16
OTIS,2016-04-05 19:50:00 EDT,41.48249,-74.50368,778,31.4,31.7,26.1,24.3,-1.0,0.000,0.000,0.00,0.000,5.4,11.3,2.2,329,15,6.0,12.3,2.4,334,16,5.4,11.3,2.2,329,15,0,29.43,,0,0,0,40.7,43.6,43.8,0.21,0.20,0.15
OTIS,2016-04-05 19:55:00 EDT,41.48249,-74.50368,778,31.0,31.3,27.2,25.7,-0.2,0.000,0.000,0.00,0.000,3.7,7.2,1.7,324,35,4.3,8.1,1.8,330,35,3.7,7.2,1.7,324,35,0,29.43,,0,0,0,40.7,43.6,43.8,0.21,0.20,0.16
OTIS,2016-04-05 20:00:00 EDT,41.48249,-74.50368,778,31.1,31.4,31.1,24.8,-0.8,0.000,0.000,0.00,0.000,2.7,7.3,1.8,319,43,3.3,8.1,1.9,320,46,2.7,7.3,1.8,319,43,0,29.43,,0,0,0,40.6,43.6,43.8,0.21,0.20,0.16
OTIS,2016-04-05 20:05:00 EDT,41.48249,-74.50368,778,30.7,31.4,30.7,26.0,-0.2,0.000,0.000,0.00,0.000,2.4,6.4,1.6,341,30,3.1,8.5,1.8,341,38,2.4,6.4,1.6,341,30,0,29.43,,0,0,0,40.5,43.6,43.8,0.21,0.20,0.16
OTIS,2016-04-05 20:10:00 EDT,41.48249,-74.50368,778,31.1,31.3,31.1,24.7,-1.0,0.000,0.000,0.00,0.000,3.0,5.9,1.3,345,23,3.5,8.1,1.5,347,17,3.0,5.9,1.3,345,23,0,29.44,,0,0,0,40.5,43.6,43.8,0.21,0.20,0.16
OTIS,2016-04-05 20:15:00 EDT,41.48249,-74.50368,778,30.4,31.1,30.4,26.6,0.1,0.000,0.000,0.00,0.000,1.2,7.0,1.2,326,42,1.6,7.2,1.3,329,49,1.2,7.0,1.2,326,42,0,29.44,,0,0,0,40.4,43.6,43.8,0.21,0.20,0.16
OTIS,2016-04-05 20:20:00 EDT,41.48249,-74.50368,778,30.9,31.3,30.9,24.5,-1.3,0.000,0.000,0.00,0.000,2.5,5.8,1.4,311,19,2.6,6.0,1.3,313,20,2.5,5.8,1.4,311,19,0,29.44,,0,0,0,40.2,43.6,43.8,0.21,0.20,0.16
OTIS,2016-04-05 20:25:00 EDT,41.48249,-74.50368,778,30.5,31.1,30.5,25.8,-0.5,0.000,0.000,0.00,0.000,1.6,2.8,0.6,329,46,2.1,4.0,0.7,338,46,1.6,2.8,0.6,329,46,0,29.45,,0,0,0,40.2,43.6,43.8,0.21,0.20,0.16
OTIS,2016-04-05 20:30:00 EDT,41.48249,-74.50368,778,30.0,31.1,30.0,26.5,-0.4,0.000,0.000,0.00,0.000,1.3,2.7,0.7,25,53,1.8,3.4,0.6,26,56,1.3,2.7,0.7,25,53,0,29.45,,0,0,0,40.1,43.6,43.8,0.21,0.20,0.16
OTIS,2016-04-05 20:35:00 EDT,41.48249,-74.50368,778,30.0,31.1,30.0,26.5,-0.5,0.000,0.000,0.00,0.000,1.5,3.1,0.8,28,22,2.0,3.6,0.8,33,26,1.5,3.1,0.8,28,22,0,29.45,,0,0,0,40.2,43.6,43.8,0.21,0.20,0.16
OTIS,2016-04-05 20:40:00 EDT,41.48249,-74.50368,778,29.9,30.7,29.9,27.2,0.1,0.000,0.000,0.00,0.000,0.9,2.8,0.8,55,18,1.4,3.1,0.7,57,23,0.9,2.8,0.8,55,18,0,29.45,,0,0,0,40.1,43.6,43.8,0.21,0.20,0.16
OTIS,2016-04-05 20:45:00 EDT,41.48249,-74.50368,778,28.6,30.1,28.6,30.1,1.1,0.000,0.000,0.00,0.000,0.9,2.6,0.6,25,61,1.5,3.4,0.6,34,69,0.9,2.6,0.6,25,61,0,29.45,,0,0,0,40.0,43.6,43.8,0.21,0.20,0.16
OTIS,2016-04-05 20:50:00 EDT,41.48249,-74.50368,778,28.7,30.0,24.7,31.1,1.9,0.000,0.000,0.00,0.000,3.6,7.2,1.1,294,19,3.9,7.2,1.1,294,19,3.6,7.2,1.1,294,19,0,29.46,,0,0,0,39.9,43.6,43.8,0.21,0.20,0.16
OTIS,2016-04-05 20:55:00 EDT,41.48249,-74.50368,778,29.8,30.8,26.1,27.3,0.1,0.000,0.000,0.00,0.000,3.5,5.6,1.0,325,22,4.0,5.8,1.1,329,23,3.5,5.6,1.0,325,22,0,29.47,,0,0,0,39.8,43.6,43.8,0.21,0.20,0.16
OTIS,2016-04-05 21:00:00 EDT,41.48249,-74.50368,778,29.3,30.3,29.3,29.6,1.4,0.000,0.000,0.00,0.000,2.9,4.9,1.0,315,26,3.4,5.6,1.1,316,25,2.9,4.9,1.0,315,26,0,29.47,,0,0,0,39.8,43.6,43.8,0.21,0.20,0.16
OTIS,2016-04-05 21:05:00 EDT,41.48249,-74.50368,778,29.4,30.0,29.4,30.7,2.2,0.000,0.000,0.00,0.000,1.7,4.5,1.0,336,27,2.0,5.4,1.0,341,29,1.7,4.5,1.0,336,27,0,29.47,,0,0,0,39.7,43.6,43.9,0.21,0.20,0.16
OTIS,2016-04-05 21:10:00 EDT,41.48249,-74.50368,778,28.2,29.8,28.2,35.2,4.2,0.000,0.000,0.00,0.000,0.9,1.6,0.4,41,20,1.4,2.2,0.3,47,20,0.9,1.6,0.4,41,20,0,29.47,,0,0,0,39.5,43.5,43.8,0.21,0.20,0.16
OTIS,2016-04-05 21:15:00 EDT,41.48249,-74.50368,778,28.8,29.7,28.8,33.7,3.8,0.000,0.000,0.00,0.000,1.5,4.9,1.3,260,50,2.1,5.6,1.3,258,51,1.5,4.9,1.3,260,50,0,29.46,,0,0,0,39.4,43.6,43.8,0.21,0.20,0.16
OTIS,2016-04-05 21:20:00 EDT,41.48249,-74.50368,778,28.9,29.6,28.9,33.4,3.6,0.000,0.000,0.00,0.000,1.1,3.3,1.0,290,22,1.5,4.9,0.9,288,26,1.1,3.3,1.0,290,22,0,29.46,,0,0,0,39.4,43.5,43.8,0.21,0.20,0.16
OTIS,2016-04-05 21:25:00 EDT,41.48249,-74.50368,778,28.4,29.6,28.4,34.5,3.9,0.000,0.000,0.00,0.000,0.9,1.5,0.4,226,33,1.3,2.0,0.3,219,34,0.9,1.5,0.4,226,33,0,29.47,,0,0,0,39.4,43.5,43.8,0.21,0.20,0.16
OTIS,2016-04-05 21:30:00 EDT,41.48249,-74.50368,778,27.6,29.1,27.6,37.9,5.2,0.000,0.000,0.00,0.000,2.4,5.0,0.7,247,30,2.8,5.8,0.8,246,30,2.4,5.0,0.7,247,30,0,29.47,,0,0,0,39.4,43.5,43.8,0.21,0.20,0.16
OTIS,2016-04-05 21:35:00 EDT,41.48249,-74.50368,778,28.4,29.6,24.9,35.3,4.4,0.000,0.000,0.00,0.000,3.3,6.0,1.0,256,15,3.7,7.2,1.2,255,17,3.3,6.0,1.0,256,15,0,29.47,,0,0,0,39.4,43.5,43.8,0.21,0.20,0.16
OTIS,2016-04-05 21:40:00 EDT,41.48249,-74.50368,778,29.2,29.6,29.2,33.4,3.9,0.000,0.000,0.00,0.000,2.9,4.4,0.7,263,12,3.3,5.1,0.8,262,14,2.9,4.4,0.7,263,12,0,29.48,,0,0,0,39.3,43.5,43.9,0.21,0.20,0.16
OTIS,2016-04-05 21:45:00 EDT,41.48249,-74.50368,778,28.7,29.4,28.7,34.2,3.9,0.000,0.000,0.00,0.000,2.2,4.3,0.9,274,29,2.5,5.1,0.9,276,33,2.2,4.3,0.9,274,29,0,29.48,,0,0,0,39.2,43.5,43.8,0.21,0.20,0.16
OTIS,2016-04-05 21:50:00 EDT,41.48249,-74.50368,778,28.2,29.0,28.2,36.7,5.1,0.000,0.000,0.00,0.000,1.4,5.8,1.0,265,19,1.8,6.9,1.1,262,22,1.4,5.8,1.0,265,19,0,29.48,,0,0,0,39.2,43.5,43.9,0.21,0.20,0.16
OTIS,2016-04-05 21:55:00 EDT,41.48249,-74.50368,778,28.3,28.8,25.1,37.9,5.9,0.000,0.000,0.00,0.000,3.0,6.1,1.2,277,22,3.4,6.9,1.3,279,22,3.0,6.1,1.2,277,22,0,29.48,,0,0,0,39.2,43.5,43.8,0.21,0.20,0.16
OTIS,2016-04-05 22:00:00 EDT,41.48249,-74.50368,778,28.0,28.7,28.0,39.0,6.2,0.000,0.000,0.00,0.000,2.9,4.9,0.8,306,23,3.1,5.8,1.0,308,25,2.9,4.9,0.8,306,23,0,29.48,,0,0,0,39.2,43.5,43.8,0.21,0.20,0.16
OTIS,2016-04-05 22:05:00 EDT,41.48249,-74.50368,778,28.0,28.7,23.1,39.9,6.7,0.000,0.000,0.00,0.000,4.3,6.9,1.3,298,16,4.6,8.1,1.4,299,14,4.3,6.9,1.3,298,16,0,29.48,,0,0,0,39.2,43.5,43.9,0.21,0.20,0.16
OTIS,2016-04-05 22:10:00 EDT,41.48249,-74.50368,778,28.0,28.7,24.6,39.8,6.6,0.000,0.000,0.00,0.000,3.1,5.6,0.9,290,17,3.4,6.7,1.2,291,16,3.1,5.6,0.9,290,17,0,29.48,,0,0,0,39.2,43.5,43.8,0.21,0.20,0.16
OTIS,2016-04-05 22:15:00 EDT,41.48249,-74.50368,778,28.0,28.6,28.0,39.2,6.3,0.000,0.000,0.00,0.000,2.6,5.5,1.2,280,23,3.0,6.7,1.3,281,25,2.6,5.5,1.2,280,23,0,29.48,,0,0,0,39.1,43.5,43.8,0.20,0.20,0.16
OTIS,2016-04-05 22:20:00 EDT,41.48249,-74.50368,778,28.0,28.4,28.0,39.6,6.5,0.000,0.000,0.00,0.000,2.6,5.2,1.2,296,22,2.9,6.7,1.4,299,22,2.6,5.2,1.2,296,22,0,29.48,,0,0,0,39.0,43.5,43.9,0.21,0.20,0.16
OTIS,2016-04-05 22:25:00 EDT,41.48249,-74.50368,778,27.8,28.3,27.8,38.9,6.0,0.000,0.000,0.00,0.000,1.9,4.5,0.8,296,24,2.2,5.1,0.9,298,27,1.9,4.5,0.8,296,24,0,29.48,,0,0,0,38.9,43.5,43.9,0.21,0.20,0.16
OTIS,2016-04-05 22:30:00 EDT,41.48249,-74.50368,778,27.4,28.1,27.4,39.8,6.1,0.000,0.000,0.00,0.000,1.8,5.3,1.0,281,28,2.2,7.2,1.0,279,29,1.8,5.3,1.0,281,28,0,29.48,,0,0,0,38.9,43.5,43.8,0.21,0.20,0.16
OTIS,2016-04-05 22:35:00 EDT,41.48249,-74.50368,778,27.6,28.1,27.6,39.1,5.9,0.000,0.000,0.00,0.000,3.0,5.0,0.8,284,21,3.3,5.6,0.9,283,21,3.0,5.0,0.8,284,21,0,29.48,,0,0,0,38.9,43.5,43.9,0.21,0.20,0.16
OTIS,2016-04-05 22:40:00 EDT,41.48249,-74.50368,778,27.7,28.1,22.4,38.2,5.5,0.000,0.000,0.00,0.000,4.7,8.5,1.6,304,18,5.0,9.6,1.7,305,20,4.7,8.5,1.6,304,18,0,29.49,,0,0,0,38.9,43.4,43.9,0.21,0.20,0.16
OTIS,2016-04-05 22:45:00 EDT,41.48249,-74.50368,778,27.7,28.0,22.2,38.5,5.6,0.000,0.000,0.00,0.000,4.8,9.2,1.3,308,22,5.2,11.6,1.6,310,23,4.8,9.2,1.3,308,22,0,29.49,,0,0,0,38.9,43.4,43.9,0.21,0.20,0.16
OTIS,2016-04-05 22:50:00 EDT,41.48249,-74.50368,778,27.5,27.8,22.9,38.4,5.4,0.000,0.000,0.00,0.000,4.0,7.5,1.7,301,18,4.4,8.1,1.7,305,18,4.0,7.5,1.7,301,18,0,29.49,,0,0,0,38.8,43.4,43.9,0.21,0.20,0.16
OTIS,2016-04-05 22:55:00 EDT,41.48249,-74.50368,778,27.3,27.7,22.4,39.2,5.7,0.000,0.000,0.00,0.000,4.2,9.1,2.2,308,22,4.7,11.0,2.3,309,23,4.2,9.1,2.2,308,22,0,29.49,,0,0,0,38.7,43.4,43.9,0.21,0.20,0.16
OTIS,2016-04-05 23:00:00 EDT,41.48249,-74.50368,778,27.5,27.7,23.7,38.5,5.4,0.000,0.000,0.00,0.000,3.3,6.6,1.4,316,27,3.8,8.3,1.6,318,28,3.3,6.6,1.4,316,27,0,29.49,,0,0,0,38.7,43.4,43.9,0.20,0.20,0.16
OTIS,2016-04-05 23:05:00 EDT,41.48249,-74.50368,778,27.4,27.7,22.9,38.2,5.2,0.000,0.000,0.00,0.000,3.9,8.4,2.1,316,22,4.1,8.5,2.1,318,21,3.9,8.4,2.1,316,22,0,29.49,,0,0,0,38.7,43.3,43.9,0.20,0.20,0.16
OTIS,2016-04-05 23:10:00 EDT,41.48249,-74.50368,778,27.0,27.4,22.4,40.5,6.1,0.000,0.000,0.00,0.000,3.9,8.1,1.5,321,17,4.2,9.2,1.6,323,17,3.9,8.1,1.5,321,17,0,29.49,,0,0,0,38.6,43.4,43.9,0.21,0.20,0.16
OTIS,2016-04-05 23:15:00 EDT,41.48249,-74.50368,778,26.8,27.3,22.8,42.1,6.8,0.000,0.000,0.00,0.000,3.4,7.4,1.1,317,14,3.7,7.8,1.3,318,14,3.4,7.4,1.1,317,14,0,29.48,,0,0,0,38.6,43.3,43.9,0.21,0.20,0.16
OTIS,2016-04-05 23:20:00 EDT,41.48249,-74.50368,778,26.8,27.3,23.5,40.5,6.0,0.000,0.000,0.00,0.000,3.0,6.2,1.0,313,16,3.3,6.7,1.0,312,16,3.0,6.2,1.0,313,16,0,29.48,,0,0,0,38.5,43.3,43.9,0.20,0.20,0.16
OTIS,2016-04-05 23:25:00 EDT,41.48249,-74.50368,778,26.8,27.2,23.4,41.5,6.5,0.000,0.000,0.00,0.000,3.0,5.8,1.2,306,17,3.3,6.5,1.2,306,16,3.0,5.8,1.2,306,17,0,29.48,,0,0,0,38.5,43.3,43.9,0.21,0.20,0.16
OTIS,2016-04-05 23:30:00 EDT,41.48249,-74.50368,778,26.4,27.0,26.4,42.0,6.4,0.000,0.000,0.00,0.000,2.6,4.6,0.7,301,20,2.8,5.1,0.8,302,20,2.6,4.6,0.7,301,20,0,29.48,,0,0,0,38.5,43.3,43.9,0.21,0.20,0.16
OTIS,2016-04-05 23:35:00 EDT,41.48249,-74.50368,778,26.5,27.1,21.9,42.1,6.5,0.000,0.000,0.00,0.000,3.8,7.1,1.1,302,18,4.2,8.1,1.1,305,18,3.8,7.1,1.1,302,18,0,29.49,,0,0,0,38.4,43.3,43.9,0.20,0.20,0.16
OTIS,2016-04-05 23:40:00 EDT,41.48249,-74.50368,778,26.4,27.1,21.8,41.7,6.2,0.000,0.000,0.00,0.000,3.9,6.9,1.0,311,15,4.1,6.9,1.1,312,14,3.9,6.9,1.0,311,15,0,29.49,,0,0,0,38.2,43.2,43.8,0.21,0.20,0.16
OTIS,2016-04-05 23:45:00 EDT,41.48249,-74.50368,778,26.7,27.2,20.7,40.4,5.8,0.000,0.000,0.00,0.000,5.1,7.6,1.0,306,12,5.2,8.1,1.2,309,12,5.1,7.6,1.0,306,12,0,29.49,,0,0,0,38.3,43.3,43.9,0.21,0.20,0.16
OTIS,2016-04-05 23:50:00 EDT,41.48249,-74.50368,778,26.7,27.1,22.2,39.8,5.4,0.000,0.000,0.00,0.000,3.8,6.9,1.3,307,15,4.0,7.8,1.4,311,16,3.8,6.9,1.3,307,15,0,29.49,,0,0,0,38.1,43.3,43.8,0.21,0.20,0.16
OTIS,2016-04-05 23:55:00 EDT,41.48249,-74.50368,778,26.7,27.0,26.7,39.1,5.1,0.000,0.000,0.00,0.000,2.3,4.8,0.9,301,12,2.4,5.1,0.9,303,13,2.3,4.8,0.9,301,12,0,29.49,,0,0,0,38.2,43.2,43.9,0.21,0.20,0.16
SBRI,2016-04-05 00:00:00 EDT,42.75217,-77.35931,1147,20.7,20.6,11.1,63.1,10.1,0.000,0.297,0.00,0.000,8.0,12.2,1.5,310,8,,,,,,8.0,12.2,1.5,310,8,0,28.93,,,,,,,,,,
SBRI,2016-04-05 00:05:00 EDT,42.75217,-77.35931,1147,20.7,20.6,10.5,62.5,9.9,0.000,0.000,0.00,0.000,8.8,11.2,1.0,309,7,,,,,,8.8,11.2,1.0,309,7,0,28.93,,,,,,,,,,
SBRI,2016-04-05 00:10:00 EDT,42.75217,-77.35931,1147,20.6,20.6,10.6,62.6,9.9,0.000,0.000,0.00,0.000,8.5,13.0,1.5,306,8,,,,,,8.5,13.0,1.5,306,8,0,28.93,,,,,,,,,,
SBRI,2016-04-05 00:15:00 EDT,42.75217,-77.35931,1147,20.6,20.6,10.6,62.5,9.8,0.000,0.000,0.00,0.000,8.6,11.8,1.1,304,8,,,,,,8.6,11.8,1.1,304,8,0,28.93,,,,,,,,,,
SBRI,2016-04-05 00:20:00 EDT,42.75217,-77.35931,1147,20.8,20.7,10.5,62.1,9.9,0.000,0.000,0.00,0.000,9.0,11.7,1.1,305,7,,,,,,9.0,11.7,1.1,305,7,0,28.93,,,,,,,,,,
SBRI,2016-04-05 00:25:00 EDT,42.75217,-77.35931,1147,21.0,20.8,10.5,61.8,9.9,0.000,0.000,0.00,0.000,9.3,11.9,1.1,302,7,,,,,,9.3,11.9,1.1,302,7,0,28.93,,,,,,,,,,
SBRI,2016-04-05 00:30:00 EDT,42.75217,-77.35931,1147,20.9,20.6,10.5,62.7,10.1,0.000,0.000,0.00,0.000,9.1,12.3,1.2,307,8,,,,,,9.1,12.3,1.2,307,8,0,28.93,,,,,,,,,,
SBRI,2016-04-05 00:35:00 EDT,42.75217,-77.35931,1147,20.9,20.7,10.9,63.2,10.3,0.000,0.000,0.00,0.000,8.5,11.8,1.3,311,8,,,,,,8.5,11.8,1.3,311,8,0,28.93,,,,,,,,,,
SBRI,2016-04-05 00:40:00 EDT,42.75217,-77.35931,1147,20.7,20.5,10.1,63.4,10.2,0.000,0.000,0.00,0.000,9.4,13.0,1.5,308,7,,,,,,9.4,13.0,1.5,308,7,0,28.93,,,,,,,,,,
SBRI,2016-04-05 00:45:00 EDT,42.75217,-77.35931,1147,20.7,20.6,10.1,63.8,10.4,0.000,0.000,0.00,0.000,9.4,11.5,1.0,310,7,,,,,,9.4,11.5,1.0,310,7,0,28.93,,,,,,,,,,
SBRI,2016-04-05 00:50:00 EDT,42.75217,-77.35931,1147,20.8,20.7,9.9,63.3,10.3,0.000,0.000,0.00,0.000,10.0,12.6,1.1,304,7,,,,,,10.0,12.6,1.1,304,7,0,28.93,,,,,,,,,,
SBRI,2016-04-05 00:55:00 EDT,42.75217,-77.35931,1147,20.7,20.6,9.6,64.1,10.5,0.000,0.000,0.00,0.000,10.3,14.2,1.7,303,8,,,,,,10.3,14.2,1.7,303,8,0,28.93,,,,,,,,,,
SBRI,2016-04-05 01:00:00 EDT,42.75217,-77.35931,1147,20.8,20.7,9.5,65.8,11.2,0.000,0.000,0.00,0.000,10.6,14.0,1.2,300,7,,,,,,10.6,14.0,1.2,300,7,0,28.93,,,,,,,,,,
SBRI,2016-04-05 01:05:00 EDT,42.75217,-77.35931,1147,20.9,20.7,10.9,66.7,11.6,0.000,0.000,0.00,0.000,8.6,11.6,1.2,302,7,,,,,,8.6,11.6,1.2,302,7,0,28.94,,,,,,,,,,
SBRI,2016-04-05 01:10:00 EDT,42.75217,-77.35931,1147,21.1,20.9,11.2,64.1,10.8,0.000,0.000,0.00,0.000,8.4,11.8,1.3,304,9,,,,,,8.4,11.8,1.3,304,9,0,28.94,,,,,,,,,,
SBRI,2016-04-05 01:15:00 EDT,42.75217,-77.35931,1147,21.2,21.0,10.8,62.8,10.4,0.000,0.000,0.00,0.000,9.2,12.6,1.3,307,7,,,,,,9.2,12.6,1.3,307,7,0,28.94,,,,,,,,,,
SBRI,2016-04-05 01:20:00 EDT,42.75217,-77.35931,1147,21.1,21.0,10.8,62.0,10.1,0.000,0.000,0.00,0.000,9.1,11.9,1.0,305,7,,,,,,9.1,11.9,1.0,305,7,0,28.94,,,,,,,,,,
SBRI,2016-04-05 01:25:00 EDT,42.75217,-77.35931,1147,21.1,21.0,10.4,62.1,10.1,0.000,0.000,0.00,0.000,9.7,14.0,1.6,305,7,,,,,,9.7,14.0,1.6,305,7,0,28.94,,,,,,,,,,
SBRI,2016-04-05 01:30:00 EDT,42.75217,-77.35931,1147,20.8,20.7,9.3,64.6,10.8,0.000,0.000,0.00,0.000,10.9,13.2,1.2,303,7,,,,,,10.9,13.2,1.2,303,7,0,28.94,,,,,,,,,,
SBRI,2016-04-05 01:35:00 EDT,42.75217,-77.35931,1147,20.6,20.4,9.8,70.1,12.4,0.000,0.000,0.00,0.000,9.6,13.0,1.1,301,7,,,,,,9.6,13.0,1.1,301,7,0,28.94,,,,,,,,,,
SBRI,2016-04-05 01:40:00 EDT,42.75217,-77.35931,1147,20.7,20.7,9.3,68.0,11.8,0.000,0.000,0.00,0.000,10.6,14.3,1.4,291,6,,,,,,10.6,14.3,1.4,291,6,0,28.94,,,,,,,,,,
SBRI,2016-04-05 01:45:00 EDT,42.75217,-77.35931,1147,20.9,21.0,9.1,63.7,10.5,0.000,0.000,0.00,0.000,11.5,15.1,1.7,299,7,,,,,,11.5,15.1,1.7,299,7,0,28.94,,,,,,,,,,
SBRI,2016-04-05 01:50:00 EDT,42.75217,-77.35931,1147,20.7,20.8,9.2,62.5,9.9,0.000,0.000,0.00,0.000,10.8,13.7,1.3,298,7,,,,,,10.8,13.7,1.3,298,7,0,28.94,,,,,,,,,,
SBRI,2016-04-05 01:55:00 EDT,42.75217,-77.35931,1147,20.4,20.5,9.1,63.2,9.8,0.000,0.000,0.00,0.000,10.4,14.2,1.3,298,7,,,,,,10.4,14.2,1.3,298,7,0,28.94,,,,,,,,,,
SBRI,2016-04-05 02:00:00 EDT,42.75217,-77.35931,1147,20.0,20.2,9.0,64.7,10.0,0.000,0.000,0.00,0.000,9.8,12.5,1.3,297,6,,,,,,9.8,12.5,1.3,297,6,0,28.94,,,,,,,,,,
SBRI,2016-04-05 02:05:00 EDT,42.75217,-77.35931,1147,19.8,20.1,9.0,65.3,10.1,0.000,0.000,0.00,0.000,9.4,12.2,1.1,300,7,,,,,,9.4,12.2,1.1,300,7,0,28.94,,,,,,,,,,
SBRI,2016-04-05 02:10:00 EDT,42.75217,-77.35931,1147,19.7,20.0,8.8,64.9,9.8,0.002,0.002,0.00,0.002,9.5,13.2,1.3,298,6,,,,,,9.5,13.2,1.3,298,6,0,28.95,,,,,,,,,,
SBRI,2016-04-05 02:15:00 EDT,42.75217,-77.35931,1147,19.7,20.0,8.3,64.4,9.6,0.000,0.002,0.00,0.002,10.3,14.1,1.3,297,7,,,,,,10.3,14.1,1.3,297,7,0,28.95,,,,,,,,,,
SBRI,2016-04-05 02:20:00 EDT,42.75217,-77.35931,1147,19.4,19.8,8.5,65.1,9.5,0.000,0.002,0.00,0.002,9.4,12.8,1.2,295,7,,,,,,9.4,12.8,1.2,295,7,0,28.95,,,,,,,,,,
SBRI,2016-04-05 02:25:00 EDT,42.75217,-77.35931,1147,19.4,19.8,8.2,65.6,9.7,0.000,0.002,0.00,0.002,9.8,12.8,1.3,298,7,,,,,,9.8,12.8,1.3,298,7,0,28.95,,,,,,,,,,
SBRI,2016-04-05 02:30:00 EDT,42.75217,-77.35931,1147,19.2,19.6,9.1,65.7,9.6,0.000,0.002,0.00,0.002,8.2,10.6,0.9,303,7,,,,,,8.2,10.6,0.9,303,7,0,28.95,,,,,,,,,,
SBRI,2016-04-05 02:35:00 EDT,42.75217,-77.35931,1147,19.1,19.6,8.2,66.2,9.7,0.000,0.002,0.00,0.002,9.3,12.2,1.2,302,8,,,,,,9.3,12.2,1.2,302,8,0,28.95,,,,,,,,,,
SBRI,2016-04-05 02:40:00 EDT,42.75217,-77.35931,1147,19.1,19.5,8.5,66.3,9.7,0.000,0.002,0.00,0.002,8.7,11.8,0.9,305,6,,,,,,8.7,11.8,0.9,305,6,0,28.95,,,,,,,,,,
SBRI,2016-04-05 02:45:00 EDT,42.75217,-77.35931,1147,19.1,19.5,8.4,67.3,10.0,0.000,0.002,0.00,0.002,9.0,11.8,1.1,305,7,,,,,,9.0,11.8,1.1,305,7,0,28.95,,,,,,,,,,
SBRI,2016-04-05 02:50:00 EDT,42.75217,-77.35931,1147,18.8,19.3,9.0,67.6,9.9,0.000,0.002,0.00,0.002,7.8,9.5,0.8,307,8,,,,,,7.8,9.5,0.8,307,8,0,28.96,,,,,,,,,,
SBRI,2016-04-05 02:55:00 EDT,42.75217,-77.35931,1147,18.2,18.9,9.2,68.5,9.6,0.000,0.002,0.00,0.002,6.7,8.7,0.9,319,8,,,,,,6.7,8.7,0.9,319,8,0,28.96,,,,,,,,,,
SBRI,2016-04-05 03:00:00 EDT,42.75217,-77.35931,1147,18.5,19.1,9.7,68.7,9.9,0.000,0.002,0.00,0.002,6.4,7.7,0.7,327,7,,,,,,6.4,7.7,0.7,327,7,0,28.96,,,,,,,,,,
SBRI,2016-04-05 03:05:00 EDT,42.75217,-77.35931,1147,18.4,19.1,9.2,68.3,9.7,0.000,0.002,0.00,0.002,6.9,8.5,0.7,316,6,,,,,,6.9,8.5,0.7,316,6,0,28.96,,,,,,,,,,
SBRI,2016-04-05 03:10:00 EDT,42.75217,-77.35931,1147,18.0,19.0,8.8,68.6,9.4,0.000,0.002,0.00,0.000,6.8,8.7,0.8,317,7,,,,,,6.8,8.7,0.8,317,7,0,28.96,,,,,,,,,,
SBRI,2016-04-05 03:15:00 EDT,42.75217,-77.35931,1147,18.1,18.9,9.1,69.0,9.7,0.000,0.002,0.00,0.000,6.6,8.3,0.7,319,7,,,,,,6.6,8.3,0.7,319,7,0,28.96,,,,,,,,,,
SBRI,2016-04-05 03:20:00 EDT,42.75217,-77.35931,1147,18.0,18.8,9.6,69.1,9.6,0.000,0.002,0.00,0.000,6.0,8.0,0.8,325,8,,,,,,6.0,8.0,0.8,325,8,0,28.96,,,,,,,,,,
SBRI,2016-04-05 03:25:00 EDT,42.75217,-77.35931,1147,18.1,18.8,9.3,69.1,9.7,0.000,0.002,0.00,0.000,6.4,8.5,0.9,319,9,,,,,,6.4,8.5,0.9,319,9,0,28.97,,,,,,,,,,
SBRI,2016-04-05 03:30:00 EDT,42.75217,-77.35931,1147,18.2,18.9,9.2,69.3,9.9,0.000,0.002,0.00,0.000,6.6,8.3,0.8,315,7,,,,,,6.6,8.3,0.8,315,7,0,28.97,,,,,,,,,,
SBRI,2016-04-05 03:35:00 EDT,42.75217,-77.35931,1147,18.6,19.2,8.4,68.5,9.9,0.000,0.002,0.00,0.000,8.1,10.5,1.1,312,5,,,,,,8.1,10.5,1.1,312,5,0,28.97,,,,,,,,,,
SBRI,2016-04-05 03:40:00 EDT,42.75217,-77.35931,1147,18.0,18.9,9.0,68.2,9.3,0.000,0.002,0.00,0.000,6.6,8.4,0.7,311,6,,,,,,6.6,8.4,0.7,311,6,0,28.97,,,,,,,,,,
SBRI,2016-04-05 03:45:00 EDT,42.75217,-77.35931,1147,18.3,19.0,9.2,69.4,10.0,0.000,0.002,0.00,0.000,6.7,8.5,0.8,319,8,,,,,,6.7,8.5,0.8,319,8,0,28.97,,,,,,,,,,
SBRI,2016-04-05 03:50:00 EDT,42.75217,-77.35931,1147,18.7,19.2,9.6,68.0,9.8,0.000,0.002,0.00,0.000,6.8,8.0,0.6,319,6,,,,,,6.8,8.0,0.6,319,6,0,28.97,,,,,,,,,,
SBRI,2016-04-05 03:55:00 EDT,42.75217,-77.35931,1147,18.5,19.0,9.8,67.8,9.6,0.000,0.002,0.00,0.000,6.3,7.7,0.7,317,8,,,,,,6.3,7.7,0.7,317,8,0,28.97,,,,,,,,,,
SBRI,2016-04-05 04:00:00 EDT,42.75217,-77.35931,1147,17.5,18.7,8.4,69.0,9.1,0.000,0.002,0.00,0.000,6.5,8.3,0.8,316,7,,,,,,6.5,8.3,0.8,316,7,0,28.98,,,,,,,,,,
SBRI,2016-04-05 04:05:00 EDT,42.75217,-77.35931,1147,17.8,18.8,9.1,69.4,9.5,0.000,0.002,0.00,0.000,6.2,7.5,0.6,320,9,,,,,,6.2,7.5,0.6,320,9,0,28.98,,,,,,,,,,
SBRI,2016-04-05 04:10:00 EDT,42.75217,-77.35931,1147,17.9,18.9,8.4,69.2,9.5,0.000,0.002,0.00,0.000,7.0,8.3,0.6,311,9,,,,,,7.0,8.3,0.6,311,9,0,28.98,,,,,,,,,,
SBRI,2016-04-05 04:15:00 EDT,42.75217,-77.35931,1147,17.3,18.7,8.3,69.4,9.1,0.000,0.002,0.00,0.000,6.5,8.1,0.6,313,8,,,,,,6.5,8.1,0.6,313,8,0,28.98,,,,,,,,,,
SBRI,2016-04-05 04:20:00 EDT,42.75217,-77.35931,1147,17.4,18.8,8.2,69.9,9.3,0.000,0.002,0.00,0.000,6.7,8.8,1.0,313,5,,,,,,6.7,8.8,1.0,313,5,0,28.98,,,,,,,,,,
SBRI,2016-04-05 04:25:00 EDT,42.75217,-77.35931,1147,17.4,18.8,8.2,69.6,9.2,0.000,0.002,0.00,0.000,6.7,8.1,0.7,316,7,,,,,,6.7,8.1,0.7,316,7,0,28.99,,,,,,,,,,
SBRI,2016-04-05 04:30:00 EDT,42.75217,-77.35931,1147,17.7,18.8,8.7,69.1,9.2,0.000,0.002,0.00,0.000,6.5,8.4,0.6,316,6,,,,,,6.5,8.4,0.6,316,6,0,28.99,,,,,,,,,,
SBRI,2016-04-05 04:35:00 EDT,42.75217,-77.35931,1147,17.3,18.7,8.0,69.2,8.9,0.000,0.002,0.00,0.000,6.8,8.3,0.8,312,7,,,,,,6.8,8.3,0.8,312,7,0,28.99,,,,,,,,,,
SBRI,2016-04-05 04:40:00 EDT,42.75217,-77.35931,1147,17.3,18.8,8.1,68.7,8.8,0.000,0.002,0.00,0.000,6.6,8.4,0.8,314,5,,,,,,6.6,8.4,0.8,314,5,0,28.99,,,,,,,,,,
SBRI,2016-04-05 04:45:00 EDT,42.75217,-77.35931,1147,17.2,18.9,7.6,69.3,8.8,0.000,0.002,0.00,0.000,7.0,8.9,0.8,310,4,,,,,,7.0,8.9,0.8,310,4,0,28.99,,,,,,,,,,
SBRI,2016-04-05 04:50:00 EDT,42.75217,-77.35931,1147,17.4,18.8,8.0,68.2,8.7,0.000,0.002,0.00,0.000,6.9,8.6,0.9,313,10,,,,,,6.9,8.6,0.9,313,10,0,29.00,,,,,,,,,,
SBRI,2016-04-05 04:55:00 EDT,42.75217,-77.35931,1147,15.6,18.1,6.2,69.7,7.5,0.000,0.002,0.00,0.000,6.6,8.3,0.8,311,7,,,,,,6.6,8.3,0.8,311,7,0,29.00,,,,,,,,,,
SBRI,2016-04-05 05:00:00 EDT,42.75217,-77.35931,1147,17.0,18.6,7.6,69.8,8.8,0.000,0.002,0.00,0.000,6.8,9.1,0.8,312,7,,,,,,6.8,9.1,0.8,312,7,0,29.00,,,,,,,,,,
SBRI,2016-04-05 05:05:00 EDT,42.75217,-77.35931,1147,17.0,18.7,7.9,68.8,8.5,0.000,0.002,0.00,0.000,6.5,8.3,0.7,319,9,,,,,,6.5,8.3,0.7,319,9,0,29.00,,,,,,,,,,
SBRI,2016-04-05 05:10:00 EDT,42.75217,-77.35931,1147,16.2,18.3,7.5,68.7,7.7,0.000,0.002,0.00,0.000,6.0,8.3,0.6,317,6,,,,,,6.0,8.3,0.6,317,6,0,29.01,,,,,,,,,,
SBRI,2016-04-05 05:15:00 EDT,42.75217,-77.35931,1147,15.5,17.6,6.0,70.5,7.6,0.000,0.002,0.00,0.000,6.6,8.6,0.8,319,9,,,,,,6.6,8.6,0.8,319,9,0,29.01,,,,,,,,,,
SBRI,2016-04-05 05:20:00 EDT,42.75217,-77.35931,1147,16.5,18.1,6.8,70.4,8.5,0.000,0.002,0.00,0.000,7.0,11.3,1.3,316,7,,,,,,7.0,11.3,1.3,316,7,0,29.01,,,,,,,,,,
SBRI,2016-04-05 05:25:00 EDT,42.75217,-77.35931,1147,17.2,18.4,7.3,67.0,8.1,0.000,0.002,0.00,0.000,7.4,9.9,0.9,314,7,,,,,,7.4,9.9,0.9,314,7,0,29.02,,,,,,,,,,
SBRI,2016-04-05 05:30:00 EDT,42.75217,-77.35931,1147,17.6,18.6,7.7,65.7,8.1,0.000,0.002,0.00,0.000,7.6,10.9,1.3,317,8,,,,,,7.6,10.9,1.3,317,8,0,29.02,,,,,,,,,,
SBRI,2016-04-05 05:35:00 EDT,42.75217,-77.35931,1147,17.7,18.5,8.0,65.0,7.9,0.000,0.002,0.00,0.000,7.3,9.6,1.1,318,10,,,,,,7.3,9.6,1.1,318,10,0,29.02,,,,,,,,,,
SBRI,2016-04-05 05:40:00 EDT,42.75217,-77.35931,1147,18.0,18.5,8.3,64.0,7.8,0.000,0.002,0.00,0.000,7.3,10.0,1.1,322,10,,,,,,7.3,10.0,1.1,322,10,0,29.03,,,,,,,,,,
SBRI,2016-04-05 05:45:00 EDT,42.75217,-77.35931,1147,17.8,18.4,8.9,63.4,7.5,0.000,0.002,0.00,0.000,6.5,9.1,1.2,329,11,,,,,,6.5,9.1,1.2,329,11,0,29.03,,,,,,,,,,
SBRI,2016-04-05 05:50:00 EDT,42.75217,-77.35931,1147,17.8,18.4,8.2,62.8,7.2,0.000,0.002,0.00,0.000,7.2,10.5,1.1,327,11,,,,,,7.2,10.5,1.1,327,11,0,29.03,,,,,,,,,,
SBRI,2016-04-05 05:55:00 EDT,42.75217,-77.35931,1147,17.6,18.3,8.2,63.3,7.3,0.000,0.002,0.00,0.000,7.0,11.8,1.8,330,11,,,,,,7.0,11.8,1.8,330,11,0,29.04,,,,,,,,,,
SBRI,2016-04-05 06:00:00 EDT,42.75217,-77.35931,1147,17.5,18.3,8.4,62.8,7.0,0.000,0.002,0.00,0.000,6.6,9.3,1.2,326,9,,,,,,6.6,9.3,1.2,326,9,0,29.04,,,,,,,,,,
SBRI,2016-04-05 06:05:00 EDT,42.75217,-77.35931,1147,17.7,18.3,8.4,62.8,7.2,0.000,0.002,0.00,0.000,6.9,9.2,1.0,324,11,,,,,,6.9,9.2,1.0,324,11,0,29.04,,,,,,,,,,
SBRI,2016-04-05 06:10:00 EDT,42.75217,-77.35931,1147,17.5,18.1,8.7,62.3,6.8,0.000,0.002,0.00,0.000,6.3,9.4,1.4,327,11,,,,,,6.3,9.4,1.4,327,11,0,29.05,,,,,,,,,,
SBRI,2016-04-05 06:15:00 EDT,42.75217,-77.35931,1147,17.4,18.1,8.3,62.4,6.7,0.000,0.002,0.00,0.000,6.6,9.1,0.9,328,10,,,,,,6.6,9.1,0.9,328,10,0,29.05,,,,,,,,,,
SBRI,2016-04-05 06:20:00 EDT,42.75217,-77.35931,1147,17.0,17.9,7.8,62.9,6.5,0.000,0.002,0.00,0.000,6.6,9.7,1.4,324,10,,,,,,6.6,9.7,1.4,324,10,0,29.05,,,,,,,,,,
SBRI,2016-04-05 06:25:00 EDT,42.75217,-77.35931,1147,17.1,18.1,8.5,62.3,6.4,0.000,0.002,0.00,0.000,6.0,8.3,0.9,327,10,,,,,,6.0,8.3,0.9,327,10,0,29.06,,,,,,,,,,
SBRI,2016-04-05 06:30:00 EDT,42.75217,-77.35931,1147,17.0,17.9,8.1,61.7,6.2,0.000,0.002,0.00,0.000,6.3,8.4,0.9,326,9,,,,,,6.3,8.4,0.9,326,9,0,29.06,,,,,,,,,,
SBRI,2016-04-05 06:35:00 EDT,42.75217,-77.35931,1147,16.7,17.7,8.2,62.0,6.0,0.000,0.002,0.00,0.000,5.8,8.1,0.9,327,10,,,,,,5.8,8.1,0.9,327,10,1,29.06,,,,,,,,,,
SBRI,2016-04-05 06:40:00 EDT,42.75217,-77.35931,1147,16.7,17.9,7.7,61.8,5.8,0.000,0.002,0.00,0.000,6.3,8.4,0.8,326,9,,,,,,6.3,8.4,0.8,326,9,2,29.07,,,,,,,,,,
SBRI,2016-04-05 06:45:00 EDT,42.75217,-77.35931,1147,17.0,17.9,8.2,60.8,5.8,0.000,0.002,0.00,0.000,6.1,8.0,0.8,324,8,,,,,,6.1,8.0,0.8,324,8,4,29.07,,,,,,,,,,
SBRI,2016-04-05 06:50:00 EDT,42.75217,-77.35931,1147,16.8,17.8,7.7,60.8,5.6,0.000,0.002,0.00,0.000,6.4,8.5,1.0,321,8,,,,,,6.4,8.5,1.0,321,8,8,29.07,,,,,,,,,,
SBRI,2016-04-05 06:55:00 EDT,42.75217,-77.35931,1147,16.9,17.9,7.7,60.4,5.6,0.000,0.002,0.00,0.000,6.6,9.9,1.2,326,8,,,,,,6.6,9.9,1.2,326,8,12,29.07,,,,,,,,,,
SBRI,2016-04-05 07:00:00 EDT,42.75217,-77.35931,1147,16.5,17.7,8.4,60.7,5.3,0.000,0.002,0.00,0.000,5.4,7.8,0.9,326,9,,,,,,5.4,7.8,0.9,326,9,16,29.08,,,,,,,,,,
SBRI,2016-04-05 07:05:00 EDT,42.75217,-77.35931,1147,16.9,17.9,7.9,60.8,5.7,0.000,0.002,0.00,0.000,6.3,9.9,1.3,322,9,,,,,,6.3,9.9,1.3,322,9,19,29.08,,,,,,,,,,
SBRI,2016-04-05 07:10:00 EDT,42.75217,-77.35931,1147,17.2,17.9,8.3,59.3,5.4,0.000,0.002,0.00,0.000,6.3,8.9,1.2,321,12,,,,,,6.3,8.9,1.2,321,12,23,29.08,,,,,,,,,,
SBRI,2016-04-05 07:15:00 EDT,42.75217,-77.35931,1147,17.0,17.9,8.9,59.3,5.3,0.000,0.002,0.00,0.000,5.5,8.7,1.0,327,11,,,,,,5.5,8.7,1.0,327,11,28,29.08,,,,,,,,,,
SBRI,2016-04-05 07:20:00 EDT,42.75217,-77.35931,1147,17.6,18.4,8.8,58.1,5.4,0.000,0.002,0.00,0.000,6.2,9.2,1.1,322,12,,,,,,6.2,9.2,1.1,322,12,32,29.08,,,,,,,,,,
SBRI,2016-04-05 07:25:00 EDT,42.75217,-77.35931,1147,17.2,18.2,8.4,58.4,5.1,0.000,0.002,0.00,0.000,6.1,9.1,1.0,323,10,,,,,,6.1,9.1,1.0,323,10,36,29.09,,,,,,,,,,
SBRI,2016-04-05 07:30:00 EDT,42.75217,-77.35931,1147,17.9,18.5,9.1,57.8,5.5,0.000,0.002,0.00,0.000,6.3,9.6,1.3,328,9,,,,,,6.3,9.6,1.3,328,9,40,29.09,,,,,,,,,,
SBRI,2016-04-05 07:35:00 EDT,42.75217,-77.35931,1147,17.9,18.5,9.8,57.6,5.4,0.000,0.002,0.00,0.000,5.6,8.4,1.2,327,11,,,,,,5.6,8.4,1.2,327,11,43,29.09,,,,,,,,,,
SBRI,2016-04-05 07:40:00 EDT,42.75217,-77.35931,1147,18.6,19.0,9.9,56.9,5.8,0.000,0.002,0.00,0.000,6.3,9.4,1.1,326,9,,,,,,6.3,9.4,1.1,326,9,45,29.09,,,,,,,,,,
SBRI,2016-04-05 07:45:00 EDT,42.75217,-77.35931,1147,18.8,19.1,10.5,56.3,5.8,0.000,0.002,0.00,0.000,6.0,8.9,1.3,329,11,,,,,,6.0,8.9,1.3,329,11,48,29.10,,,,,,,,,,
SBRI,2016-04-05 07:50:00 EDT,42.75217,-77.35931,1147,19.1,19.4,10.5,55.5,5.8,0.000,0.002,0.00,0.000,6.4,8.3,0.9,330,14,,,,,,6.4,8.3,0.9,330,14,51,29.10,,,,,,,,,,
SBRI,2016-04-05 07:55:00 EDT,42.75217,-77.35931,1147,19.3,19.5,11.1,55.2,5.9,0.000,0.002,0.00,0.000,6.0,9.6,1.1,337,14,,,,,,6.0,9.6,1.1,337,14,54,29.10,,,,,,,,,,
SBRI,2016-04-05 08:00:00 EDT,42.75217,-77.35931,1147,19.4,19.5,11.8,55.3,6.0,0.000,0.002,0.00,0.000,5.5,7.8,1.0,332,12,,,,,,5.5,7.8,1.0,332,12,57,29.10,,,,,,,,,,
SBRI,2016-04-05 08:05:00 EDT,42.75217,-77.35931,1147,19.7,19.8,11.9,54.8,6.0,0.000,0.002,0.00,0.000,5.7,9.0,1.4,330,16,,,,,,5.7,9.0,1.4,330,16,64,29.10,,,,,,,,,,
SBRI,2016-04-05 08:10:00 EDT,42.75217,-77.35931,1147,19.9,19.9,11.9,54.5,6.1,0.000,0.002,0.00,0.000,5.8,8.5,1.3,334,12,,,,,,5.8,8.5,1.3,334,12,84,29.10,,,,,,,,,,
SBRI,2016-04-05 08:15:00 EDT,42.75217,-77.35931,1147,20.1,20.1,11.7,53.8,6.0,0.000,0.002,0.00,0.000,6.3,10.2,1.2,330,13,,,,,,6.3,10.2,1.2,330,13,161,29.10,,,,,,,,,,
SBRI,2016-04-05 08:20:00 EDT,42.75217,-77.35931,1147,20.2,20.2,11.5,53.4,6.0,0.000,0.002,0.00,0.000,6.8,10.5,1.3,328,17,,,,,,6.8,10.5,1.3,328,17,222,29.11,,,,,,,,,,
SBRI,2016-04-05 08:25:00 EDT,42.75217,-77.35931,1147,20.3,20.3,12.7,53.5,6.1,0.000,0.002,0.00,0.000,5.7,9.6,1.4,335,13,,,,,,5.7,9.6,1.4,335,13,256,29.11,,,,,,,,,,
SBRI,2016-04-05 08:30:00 EDT,42.75217,-77.35931,1147,20.6,20.5,12.8,53.1,6.2,0.000,0.002,0.00,0.000,5.8,8.3,0.9,339,17,,,,,,5.8,8.3,0.9,339,17,281,29.11,,,,,,,,,,
SBRI,2016-04-05 08:35:00 EDT,42.75217,-77.35931,1147,20.7,20.6,12.9,52.7,6.1,0.000,0.002,0.00,0.000,5.9,8.2,1.0,321,13,,,,,,5.9,8.2,1.0,321,13,302,29.11,,,,,,,,,,
SBRI,2016-04-05 08:40:00 EDT,42.75217,-77.35931,1147,20.9,20.7,13.1,52.6,6.3,0.000,0.002,0.00,0.000,5.9,9.9,1.7,329,14,,,,,,5.9,9.9,1.7,329,14,326,29.11,,,,,,,,,,
SBRI,2016-04-05 08:45:00 EDT,42.75217,-77.35931,1147,20.9,20.8,12.5,52.4,6.2,0.000,0.002,0.00,0.000,6.5,9.4,1.3,331,21,,,,,,6.5,9.4,1.3,331,21,251,29.12,,,,,,,,,,
SBRI,2016-04-05 08:50:00 EDT,42.75217,-77.35931,1147,21.0,20.8,13.3,52.3,6.2,0.000,0.002,0.00,0.000,5.7,8.2,1.0,345,22,,,,,,5.7,8.2,1.0,345,22,372,29.12,,,,,,,,,,
SBRI,2016-04-05 08:55:00 EDT,42.75217,-77.35931,1147,21.1,20.9,14.7,51.9,6.1,0.000,0.002,0.00,0.000,4.6,6.9,1.3,330,17,,,,,,4.6,6.9,1.3,330,17,402,29.12,,,,,,,,,,
SBRI,2016-04-05 09:00:00 EDT,42.75217,-77.35931,1147,21.3,21.0,15.8,51.6,6.2,0.000,0.002,0.00,0.000,3.9,7.7,1.6,343,19,,,,,,3.9,7.7,1.6,343,19,405,29.12,,,,,,,,,,
SBRI,2016-04-05 09:05:00 EDT,42.75217,-77.35931,1147,21.4,21.2,16.3,50.9,6.1,0.000,0.002,0.00,0.000,3.7,7.7,1.3,2,25,,,,,,3.7,7.7,1.3,2,25,465,29.13,,,,,,,,,,
SBRI,2016-04-05 09:10:00 EDT,42.75217,-77.35931,1147,22.0,21.7,14.3,49.5,5.9,0.000,0.002,0.00,0.000,5.9,9.1,1.6,19,26,,,,,,5.9,9.1,1.6,19,26,481,29.13,,,,,,,,,,
SBRI,2016-04-05 09:15:00 EDT,42.75217,-77.35931,1147,21.9,21.5,14.6,50.1,6.1,0.000,0.002,0.00,0.000,5.5,7.5,0.9,27,28,,,,,,5.5,7.5,0.9,27,28,476,29.13,,,,,,,,,,
SBRI,2016-04-05 09:20:00 EDT,42.75217,-77.35931,1147,21.9,21.5,12.9,49.6,5.9,0.000,0.002,0.00,0.000,7.5,13.4,1.9,39,14,,,,,,7.5,13.4,1.9,39,14,479,29.13,,,,,,,,,,
SBRI,2016-04-05 09:25:00 EDT,42.75217,-77.35931,1147,22.1,21.5,12.8,49.3,6.0,0.000,0.002,0.00,0.000,7.9,12.3,2.2,52,14,,,,,,7.9,12.3,2.2,52,14,493,29.14,,,,,,,,,,
SBRI,2016-04-05 09:30:00 EDT,42.75217,-77.35931,1147,21.9,21.5,11.9,50.7,6.4,0.000,0.002,0.00,0.000,9.0,11.9,1.3,60,9,,,,,,9.0,11.9,1.3,60,9,502,29.14,,,,,,,,,,
SBRI,2016-04-05 09:35:00 EDT,42.75217,-77.35931,1147,22.2,21.8,13.8,50.6,6.7,0.000,0.002,0.00,0.000,7.0,10.2,1.4,42,11,,,,,,7.0,10.2,1.4,42,11,527,29.14,,,,,,,,,,
SBRI,2016-04-05 09:40:00 EDT,42.75217,-77.35931,1147,22.4,21.9,12.8,49.5,6.3,0.000,0.002,0.00,0.000,8.4,12.9,1.8,43,11,,,,,,8.4,12.9,1.8,43,11,552,29.14,,,,,,,,,,
SBRI,2016-04-05 09:45:00 EDT,42.75217,-77.35931,1147,22.3,21.8,13.5,50.0,6.5,0.000,0.002,0.00,0.000,7.4,9.7,1.2,57,13,,,,,,7.4,9.7,1.2,57,13,578,29.14,,,,,,,,,,
SBRI,2016-04-05 09:50:00 EDT,42.75217,-77.35931,1147,22.5,22.0,14.9,50.5,6.9,0.000,0.002,0.00,0.000,6.1,10.3,1.8,44,29,,,,,,6.1,10.3,1.8,44,29,581,29.14,,,,,,,,,,
SBRI,2016-04-05 09:55:00 EDT,42.75217,-77.35931,1147,22.7,22.3,12.5,49.8,6.7,0.000,0.002,0.00,0.000,9.5,15.6,2.9,0,18,,,,,,9.5,15.6,2.9,0,18,603,29.15,,,,,,,,,,
SBRI,2016-04-05 10:00:00 EDT,42.75217,-77.35931,1147,22.6,22.2,13.3,50.5,7.0,0.000,0.002,0.00,0.000,8.2,13.4,1.8,352,16,,,,,,8.2,13.4,1.8,352,16,551,29.15,,,,,,,,,,
SBRI,2016-04-05 10:05:00 EDT,42.75217,-77.35931,1147,22.8,22.3,14.5,49.8,6.9,0.000,0.002,0.00,0.000,6.9,11.3,3.3,341,18,,,,,,6.9,11.3,3.3,341,18,677,29.15,,,,,,,,,,
SBRI,2016-04-05 10:10:00 EDT,42.75217,-77.35931,1147,23.3,22.7,15.1,48.5,6.7,0.000,0.002,0.00,0.000,6.9,10.7,2.4,13,18,,,,,,6.9,10.7,2.4,13,18,536,29.15,,,,,,,,,,
SBRI,2016-04-05 10:15:00 EDT,42.75217,-77.35931,1147,22.6,22.2,12.7,47.6,5.6,0.000,0.002,0.00,0.000,8.9,12.6,1.4,349,11,,,,,,8.9,12.6,1.4,349,11,560,29.15,,,,,,,,,,
SBRI,2016-04-05 10:20:00 EDT,42.75217,-77.35931,1147,23.0,22.6,13.0,48.5,6.5,0.000,0.002,0.00,0.000,9.3,14.2,2.8,357,17,,,,,,9.3,14.2,2.8,357,17,593,29.15,,,,,,,,,,
SBRI,2016-04-05 10:25:00 EDT,42.75217,-77.35931,1147,22.8,22.4,12.9,47.2,5.6,0.000,0.002,0.00,0.000,9.0,14.2,2.5,2,11,,,,,,9.0,14.2,2.5,2,11,391,29.15,,,,,,,,,,
SBRI,2016-04-05 10:30:00 EDT,42.75217,-77.35931,1147,23.3,22.9,13.8,45.2,5.2,0.000,0.002,0.00,0.000,8.6,14.0,2.0,7,18,,,,,,8.6,14.0,2.0,7,18,672,29.16,,,,,,,,,,
SBRI,2016-04-05 10:35:00 EDT,42.75217,-77.35931,1147,23.5,23.0,14.9,45.5,5.5,0.000,0.002,0.00,0.000,7.5,11.5,1.8,338,22,,,,,,7.5,11.5,1.8,338,22,603,29.16,,,,,,,,,,
SBRI,2016-04-05 10:40:00 EDT,42.75217,-77.35931,1147,23.4,22.9,14.4,45.4,5.3,0.000,0.002,0.00,0.000,7.9,11.8,1.8,315,16,,,,,,7.9,11.8,1.8,315,16,612,29.16,,,,,,,,,,
SBRI,2016-04-05 10:45:00 EDT,42.75217,-77.35931,1147,23.8,23.3,16.5,44.5,5.3,0.000,0.002,0.00,0.000,6.0,10.1,1.8,335,17,,,,,,6.0,10.1,1.8,335,17,721,29.16,,,,,,,,,,
SBRI,2016-04-05 10:50:00 EDT,42.75217,-77.35931,1147,23.8,23.3,15.2,44.4,5.3,0.000,0.002,0.00,0.000,7.6,13.9,2.7,333,17,,,,,,7.6,13.9,2.7,333,17,334,29.16,,,,,,,,,,
SBRI,2016-04-05 10:55:00 EDT,42.75217,-77.35931,1147,23.7,23.3,15.2,46.4,6.1,0.000,0.002,0.00,0.000,7.4,11.5,2.1,353,19,,,,,,7.4,11.5,2.1,353,19,555,29.16,,,,,,,,,,
SBRI,2016-04-05 11:00:00 EDT,42.75217,-77.35931,1147,23.7,23.2,15.3,45.4,5.7,0.000,0.002,0.00,0.000,7.3,11.1,1.7,329,21,,,,,,7.3,11.1,1.7,329,21,682,29.17,,,,,,,,,,
SBRI,2016-04-05 11:05:00 EDT,42.75217,-77.35931,1147,24.3,23.6,16.7,45.2,6.1,0.000,0.002,0.00,0.000,6.4,12.7,1.7,344,17,,,,,,6.4,12.7,1.7,344,17,664,29.17,,,,,,,,,,
SBRI,2016-04-05 11:10:00 EDT,42.75217,-77.35931,1147,23.9,23.4,13.6,44.6,5.5,0.000,0.002,0.00,0.000,10.1,15.3,2.6,323,13,,,,,,10.1,15.3,2.6,323,13,553,29.17,,,,,,,,,,
SBRI,2016-04-05 11:15:00 EDT,42.75217,-77.35931,1147,24.4,23.8,13.9,42.7,5.0,0.000,0.002,0.00,0.000,10.8,17.0,2.1,318,11,,,,,,10.8,17.0,2.1,318,11,897,29.17,,,,,,,,,,
SBRI,2016-04-05 11:20:00 EDT,42.75217,-77.35931,1147,24.7,24.0,15.5,42.9,5.3,0.000,0.002,0.00,0.000,8.8,12.6,2.2,337,15,,,,,,8.8,12.6,2.2,337,15,924,29.17,,,,,,,,,,
SBRI,2016-04-05 11:25:00 EDT,42.75217,-77.35931,1147,24.5,23.9,14.4,42.2,4.8,0.000,0.002,0.00,0.000,10.1,17.4,2.8,337,14,,,,,,10.1,17.4,2.8,337,14,705,29.17,,,,,,,,,,
SBRI,2016-04-05 11:30:00 EDT,42.75217,-77.35931,1147,24.3,23.8,15.5,41.8,4.4,0.000,0.002,0.00,0.000,8.0,12.7,2.3,9,25,,,,,,8.0,12.7,2.3,9,25,784,29.17,,,,,,,,,,
SBRI,2016-04-05 11:35:00 EDT,42.75217,-77.35931,1147,24.4,24.0,15.1,41.7,4.5,0.000,0.002,0.00,0.000,8.8,12.3,2.1,341,20,,,,,,8.8,12.3,2.1,341,20,567,29.17,,,,,,,,,,
SBRI,2016-04-05 11:40:00 EDT,42.75217,-77.35931,1147,24.6,24.1,13.6,42.0,4.8,0.000,0.002,0.00,0.000,11.9,16.1,2.3,320,21,,,,,,11.9,16.1,2.3,320,21,792,29.17,,,,,,,,,,
SBRI,2016-04-05 11:45:00 EDT,42.75217,-77.35931,1147,24.8,24.1,15.5,42.2,5.0,0.000,0.002,0.00,0.000,8.8,17.0,3.1,325,30,,,,,,8.8,17.0,3.1,325,30,886,29.17,,,,,,,,,,
SBRI,2016-04-05 11:50:00 EDT,42.75217,-77.35931,1147,24.9,24.1,16.0,42.9,5.4,0.000,0.002,0.00,0.000,8.1,16.6,3.1,312,25,,,,,,8.1,16.6,3.1,312,25,866,29.16,,,,,,,,,,
SBRI,2016-04-05 11:55:00 EDT,42.75217,-77.35931,1147,25.2,24.5,15.2,42.5,5.6,0.000,0.002,0.00,0.000,10.1,14.3,2.2,318,14,,,,,,10.1,14.3,2.2,318,14,850,29.16,,,,,,,,,,
SBRI,2016-04-05 12:00:00 EDT,42.75217,-77.35931,1147,24.8,24.2,14.9,41.7,4.7,0.000,0.002,0.00,0.000,9.7,14.0,2.0,322,27,,,,,,9.7,14.0,2.0,322,27,880,29.16,,,,,,,,,,
SBRI,2016-04-05 12:05:00 EDT,42.75217,-77.35931,1147,24.8,24.2,14.5,41.5,4.7,0.000,0.002,0.00,0.000,10.4,16.2,2.7,9,14,,,,,,10.4,16.2,2.7,9,14,890,29.16,,,,,,,,,,
SBRI,2016-04-05 12:10:00 EDT,42.75217,-77.35931,1147,24.8,24.3,18.2,41.9,4.9,0.000,0.002,0.00,0.000,5.4,10.6,1.8,359,21,,,,,,5.4,10.6,1.8,359,21,878,29.16,,,,,,,,,,
SBRI,2016-04-05 12:15:00 EDT,42.75217,-77.35931,1147,25.1,24.5,15.8,42.6,5.5,0.000,0.002,0.00,0.000,8.9,12.9,1.6,326,24,,,,,,8.9,12.9,1.6,326,24,869,29.16,,,,,,,,,,
SBRI,2016-04-05 12:20:00 EDT,42.75217,-77.35931,1147,25.2,24.5,14.9,43.3,6.0,0.000,0.002,0.00,0.000,10.8,17.5,2.6,346,17,,,,,,10.8,17.5,2.6,346,17,923,29.17,,,,,,,,,,
SBRI,2016-04-05 12:25:00 EDT,42.75217,-77.35931,1147,24.8,24.4,16.4,42.3,5.2,0.000,0.002,0.00,0.000,7.6,16.0,2.6,336,19,,,,,,7.6,16.0,2.6,336,19,810,29.17,,,,,,,,,,
SBRI,2016-04-05 12:30:00 EDT,42.75217,-77.35931,1147,24.4,23.9,13.2,42.9,5.0,0.000,0.002,0.00,0.000,12.1,17.7,2.6,323,9,,,,,,12.1,17.7,2.6,323,9,584,29.17,,,,,,,,,,
SBRI,2016-04-05 12:35:00 EDT,42.75217,-77.35931,1147,24.8,24.2,15.1,41.8,4.8,0.000,0.002,0.00,0.000,9.5,14.5,2.2,315,12,,,,,,9.5,14.5,2.2,315,12,910,29.16,,,,,,,,,,
SBRI,2016-04-05 12:40:00 EDT,42.75217,-77.35931,1147,25.0,24.5,14.5,42.1,5.1,0.000,0.002,0.00,0.000,11.0,16.1,2.3,318,9,,,,,,11.0,16.1,2.3,318,9,910,29.16,,,,,,,,,,
SBRI,2016-04-05 12:45:00 EDT,42.75217,-77.35931,1147,25.0,24.4,15.5,41.7,4.9,0.000,0.002,0.00,0.000,9.2,14.9,3.0,323,15,,,,,,9.2,14.9,3.0,323,15,915,29.16,,,,,,,,,,
SBRI,2016-04-05 12:50:00 EDT,42.75217,-77.35931,1147,25.1,24.5,17.7,41.8,5.1,0.000,0.002,0.00,0.000,6.3,15.1,3.2,357,19,,,,,,6.3,15.1,3.2,357,19,862,29.16,,,,,,,,,,
SBRI,2016-04-05 12:55:00 EDT,42.75217,-77.35931,1147,25.1,24.6,15.0,40.5,4.4,0.000,0.002,0.00,0.000,10.3,16.5,2.9,346,22,,,,,,10.3,16.5,2.9,346,22,872,29.16,,,,,,,,,,
SBRI,2016-04-05 13:00:00 EDT,42.75217,-77.35931,1147,25.1,24.6,14.8,41.2,4.8,0.000,0.002,0.00,0.000,10.6,17.5,2.1,346,13,,,,,,10.6,17.5,2.1,346,13,919,29.16,,,,,,,,,,
SBRI,2016-04-05 13:05:00 EDT,42.75217,-77.35931,1147,25.3,24.9,17.4,41.6,5.2,0.000,0.002,0.00,0.000,7.1,16.7,3.2,323,31,,,,,,7.1,16.7,3.2,323,31,936,29.16,,,,,,,,,,
SBRI,2016-04-05 13:10:00 EDT,42.75217,-77.35931,1147,25.3,24.8,17.1,41.4,5.1,0.000,0.002,0.00,0.000,7.4,13.4,2.5,341,26,,,,,,7.4,13.4,2.5,341,26,840,29.16,,,,,,,,,,
SBRI,2016-04-05 13:15:00 EDT,42.75217,-77.35931,1147,25.3,24.7,14.9,40.7,4.7,0.000,0.002,0.00,0.000,11.0,16.4,2.1,325,14,,,,,,11.0,16.4,2.1,325,14,897,29.16,,,,,,,,,,
SBRI,2016-04-05 13:20:00 EDT,42.75217,-77.35931,1147,25.3,24.8,16.5,42.3,5.6,0.000,0.002,0.00,0.000,8.2,13.9,1.7,3,22,,,,,,8.2,13.9,1.7,3,22,894,29.16,,,,,,,,,,
SBRI,2016-04-05 13:25:00 EDT,42.75217,-77.35931,1147,25.9,25.3,16.8,41.5,5.7,0.000,0.002,0.00,0.000,8.9,13.9,1.8,330,27,,,,,,8.9,13.9,1.8,330,27,898,29.16,,,,,,,,,,
SBRI,2016-04-05 13:30:00 EDT,42.75217,-77.35931,1147,25.4,24.9,16.6,41.3,5.1,0.000,0.002,0.00,0.000,8.3,14.2,2.2,350,20,,,,,,8.3,14.2,2.2,350,20,900,29.16,,,,,,,,,,
SBRI,2016-04-05 13:35:00 EDT,42.75217,-77.35931,1147,25.7,25.0,15.3,41.7,5.5,0.000,0.002,0.00,0.000,11.0,15.1,1.8,5,19,,,,,,11.0,15.1,1.8,5,19,877,29.16,,,,,,,,,,
SBRI,2016-04-05 13:40:00 EDT,42.75217,-77.35931,1147,25.6,25.0,16.4,40.0,4.6,0.000,0.002,0.00,0.000,8.9,12.1,1.5,348,20,,,,,,8.9,12.1,1.5,348,20,876,29.16,,,,,,,,,,
SBRI,2016-04-05 13:45:00 EDT,42.75217,-77.35931,1147,25.6,25.1,18.3,39.0,4.1,0.000,0.002,0.00,0.000,6.4,11.3,2.2,358,17,,,,,,6.4,11.3,2.2,358,17,879,29.15,,,,,,,,,,
SBRI,2016-04-05 13:50:00 EDT,42.75217,-77.35931,1147,26.3,25.6,19.5,40.0,5.2,0.000,0.002,0.00,0.000,5.9,13.4,2.6,319,32,,,,,,5.9,13.4,2.6,319,32,869,29.15,,,,,,,,,,
SBRI,2016-04-05 13:55:00 EDT,42.75217,-77.35931,1147,26.0,25.4,16.2,40.2,5.0,0.000,0.002,0.00,0.000,10.0,15.3,2.5,333,14,,,,,,10.0,15.3,2.5,333,14,865,29.15,,,,,,,,,,
SBRI,2016-04-05 14:00:00 EDT,42.75217,-77.35931,1147,25.6,25.0,17.4,40.7,5.0,0.000,0.002,0.00,0.000,7.5,12.7,2.4,319,19,,,,,,7.5,12.7,2.4,319,19,843,29.15,,,,,,,,,,
SBRI,2016-04-05 14:05:00 EDT,42.75217,-77.35931,1147,26.1,25.5,18.0,40.3,5.2,0.000,0.002,0.00,0.000,7.4,10.2,1.4,344,21,,,,,,7.4,10.2,1.4,344,21,854,29.15,,,,,,,,,,
SBRI,2016-04-05 14:10:00 EDT,42.75217,-77.35931,1147,26.0,25.5,19.4,37.8,3.8,0.000,0.002,0.00,0.000,5.7,11.8,2.8,332,19,,,,,,5.7,11.8,2.8,332,19,850,29.15,,,,,,,,,,
SBRI,2016-04-05 14:15:00 EDT,42.75217,-77.35931,1147,26.4,25.7,17.5,39.4,5.0,0.000,0.002,0.00,0.000,8.9,12.8,1.8,296,23,,,,,,8.9,12.8,1.8,296,23,846,29.15,,,,,,,,,,
SBRI,2016-04-05 14:20:00 EDT,42.75217,-77.35931,1147,26.2,25.6,17.4,38.6,4.4,0.000,0.002,0.00,0.000,8.6,13.6,1.7,330,12,,,,,,8.6,13.6,1.7,330,12,839,29.15,,,,,,,,,,
SBRI,2016-04-05 14:25:00 EDT,42.75217,-77.35931,1147,26.4,25.8,16.8,39.7,5.2,0.000,0.002,0.00,0.000,10.0,16.6,3.6,306,25,,,,,,10.0,16.6,3.6,306,25,832,29.15,,,,,,,,,,
SBRI,2016-04-05 14:30:00 EDT,42.75217,-77.35931,1147,26.2,25.5,19.0,37.6,3.8,0.000,0.002,0.00,0.000,6.3,12.6,3.0,307,15,,,,,,6.3,12.6,3.0,307,15,826,29.15,,,,,,,,,,
SBRI,2016-04-05 14:35:00 EDT,42.75217,-77.35931,1147,26.3,25.7,18.5,39.7,5.1,0.000,0.002,0.00,0.000,7.2,12.3,3.5,308,24,,,,,,7.2,12.3,3.5,308,24,819,29.15,,,,,,,,,,
SBRI,2016-04-05 14:40:00 EDT,42.75217,-77.35931,1147,26.6,26.0,22.5,39.5,5.2,0.000,0.002,0.00,0.000,3.5,6.6,1.6,309,35,,,,,,3.5,6.6,1.6,309,35,813,29.15,,,,,,,,,,
SBRI,2016-04-05 14:45:00 EDT,42.75217,-77.35931,1147,26.9,26.3,19.0,39.9,5.7,0.000,0.002,0.00,0.000,7.5,12.6,2.9,318,21,,,,,,7.5,12.6,2.9,318,21,809,29.15,,,,,,,,,,
SBRI,2016-04-05 14:50:00 EDT,42.75217,-77.35931,1147,26.7,26.1,20.9,37.5,4.2,0.000,0.002,0.00,0.000,4.9,9.2,1.9,279,29,,,,,,4.9,9.2,1.9,279,29,801,29.15,,,,,,,,,,
SBRI,2016-04-05 14:55:00 EDT,42.75217,-77.35931,1147,26.6,26.0,17.6,38.3,4.6,0.000,0.002,0.00,0.000,9.2,17.2,3.9,296,12,,,,,,9.2,17.2,3.9,296,12,792,29.15,,,,,,,,,,
SBRI,2016-04-05 15:00:00 EDT,42.75217,-77.35931,1147,26.7,26.0,19.1,38.3,4.7,0.000,0.002,0.00,0.000,7.1,13.4,2.8,288,14,,,,,,7.1,13.4,2.8,288,14,785,29.15,,,,,,,,,,
SBRI,2016-04-05 15:05:00 EDT,42.75217,-77.35931,1147,26.9,26.3,17.6,37.2,4.2,0.000,0.002,0.00,0.000,9.7,18.3,2.9,275,13,,,,,,9.7,18.3,2.9,275,13,777,29.15,,,,,,,,,,
SBRI,2016-04-05 15:10:00 EDT,42.75217,-77.35931,1147,26.6,26.0,19.0,37.4,4.0,0.000,0.002,0.00,0.000,6.9,15.7,3.6,294,17,,,,,,6.9,15.7,3.6,294,17,768,29.14,,,,,,,,,,
SBRI,2016-04-05 15:15:00 EDT,42.75217,-77.35931,1147,27.0,26.4,17.1,39.4,5.6,0.000,0.002,0.00,0.000,10.9,15.3,2.1,272,18,,,,,,10.9,15.3,2.1,272,18,758,29.14,,,,,,,,,,
SBRI,2016-04-05 15:20:00 EDT,42.75217,-77.35931,1147,26.9,26.3,18.1,39.9,5.7,0.000,0.002,0.00,0.000,8.8,14.7,2.4,300,28,,,,,,8.8,14.7,2.4,300,28,749,29.14,,,,,,,,,,
SBRI,2016-04-05 15:25:00 EDT,42.75217,-77.35931,1147,26.7,26.1,18.1,36.9,3.8,0.000,0.002,0.00,0.000,8.4,12.3,2.0,267,13,,,,,,8.4,12.3,2.0,267,13,739,29.14,,,,,,,,,,
SBRI,2016-04-05 15:30:00 EDT,42.75217,-77.35931,1147,26.8,26.2,18.7,37.2,4.1,0.000,0.002,0.00,0.000,7.8,12.6,2.6,280,23,,,,,,7.8,12.6,2.6,280,23,728,29.14,,,,,,,,,,
SBRI,2016-04-05 15:35:00 EDT,42.75217,-77.35931,1147,26.9,26.4,18.8,38.1,4.7,0.000,0.002,0.00,0.000,7.8,17.6,4.0,315,17,,,,,,7.8,17.6,4.0,315,17,717,29.14,,,,,,,,,,
SBRI,2016-04-05 15:40:00 EDT,42.75217,-77.35931,1147,27.2,26.6,20.0,37.7,4.8,0.000,0.002,0.00,0.000,6.6,14.2,2.1,302,34,,,,,,6.6,14.2,2.1,302,34,707,29.14,,,,,,,,,,
SBRI,2016-04-05 15:45:00 EDT,42.75217,-77.35931,1147,27.0,26.6,18.5,35.7,3.4,0.000,0.002,0.00,0.000,8.4,12.5,1.6,350,13,,,,,,8.4,12.5,1.6,350,13,696,29.14,,,,,,,,,,
SBRI,2016-04-05 15:50:00 EDT,42.75217,-77.35931,1147,27.1,26.6,18.2,37.0,4.2,0.000,0.002,0.00,0.000,9.0,13.7,2.1,326,19,,,,,,9.0,13.7,2.1,326,19,685,29.14,,,,,,,,,,
SBRI,2016-04-05 15:55:00 EDT,42.75217,-77.35931,1147,27.0,26.5,21.5,35.4,3.1,0.000,0.002,0.00,0.000,4.7,10.5,2.0,292,29,,,,,,4.7,10.5,2.0,292,29,672,29.14,,,,,,,,,,
SBRI,2016-04-05 16:00:00 EDT,42.75217,-77.35931,1147,27.4,26.9,19.5,37.6,4.8,0.000,0.002,0.00,0.000,7.7,14.7,3.1,324,14,,,,,,7.7,14.7,3.1,324,14,661,29.14,,,,,,,,,,
SBRI,2016-04-05 16:05:00 EDT,42.75217,-77.35931,1147,27.3,26.8,17.3,37.7,4.8,0.000,0.002,0.00,0.000,11.0,15.0,1.7,322,17,,,,,,11.0,15.0,1.7,322,17,647,29.14,,,,,,,,,,
SBRI,2016-04-05 16:10:00 EDT,42.75217,-77.35931,1147,27.2,26.7,19.3,36.7,4.2,0.000,0.002,0.00,0.000,7.6,12.1,1.9,312,23,,,,,,7.6,12.1,1.9,312,23,635,29.14,,,,,,,,,,
SBRI,2016-04-05 16:15:00 EDT,42.75217,-77.35931,1147,27.4,27.0,18.3,36.4,4.1,0.000,0.002,0.00,0.000,9.5,14.8,2.2,320,11,,,,,,9.5,14.8,2.2,320,11,623,29.14,,,,,,,,,,
SBRI,2016-04-05 16:20:00 EDT,42.75217,-77.35931,1147,27.3,26.9,17.3,38.3,5.1,0.000,0.002,0.00,0.000,11.1,17.0,2.4,321,20,,,,,,11.1,17.0,2.4,321,20,610,29.14,,,,,,,,,,
SBRI,2016-04-05 16:25:00 EDT,42.75217,-77.35931,1147,27.3,26.9,17.8,38.5,5.3,0.000,0.002,0.00,0.000,10.3,16.3,2.9,297,15,,,,,,10.3,16.3,2.9,297,15,596,29.14,,,,,,,,,,
SBRI,2016-04-05 16:30:00 EDT,42.75217,-77.35931,1147,27.5,27.1,19.0,39.1,5.8,0.000,0.002,0.00,0.000,8.6,12.2,1.7,301,16,,,,,,8.6,12.2,1.7,301,16,582,29.14,,,,,,,,,,
SBRI,2016-04-05 16:35:00 EDT,42.75217,-77.35931,1147,27.6,27.2,18.3,39.4,6.1,0.000,0.002,0.00,0.000,9.9,14.1,2.0,328,17,,,,,,9.9,14.1,2.0,328,17,567,29.13,,,,,,,,,,
SBRI,2016-04-05 16:40:00 EDT,42.75217,-77.35931,1147,27.4,27.0,18.2,40.6,6.6,0.000,0.002,0.00,0.000,9.6,14.5,1.9,327,18,,,,,,9.6,14.5,1.9,327,18,554,29.13,,,,,,,,,,
SBRI,2016-04-05 16:45:00 EDT,42.75217,-77.35931,1147,27.5,27.1,19.1,40.4,6.5,0.000,0.002,0.00,0.000,8.3,13.5,2.3,308,19,,,,,,8.3,13.5,2.3,308,19,540,29.14,,,,,,,,,,
SBRI,2016-04-05 16:50:00 EDT,42.75217,-77.35931,1147,27.6,27.2,18.9,37.3,4.9,0.000,0.002,0.00,0.000,8.9,20.0,5.2,318,20,,,,,,8.9,20.0,5.2,318,20,524,29.14,,,,,,,,,,
SBRI,2016-04-05 16:55:00 EDT,42.75217,-77.35931,1147,27.4,27.0,17.9,38.8,5.5,0.000,0.002,0.00,0.000,10.3,14.8,2.0,313,9,,,,,,10.3,14.8,2.0,313,9,509,29.14,,,,,,,,,,
SBRI,2016-04-05 17:00:00 EDT,42.75217,-77.35931,1147,27.6,27.3,18.2,39.3,6.0,0.000,0.002,0.00,0.000,10.1,15.2,2.0,284,21,,,,,,10.1,15.2,2.0,284,21,493,29.14,,,,,,,,,,
SBRI,2016-04-05 17:05:00 EDT,42.75217,-77.35931,1147,27.7,27.4,19.4,38.9,5.9,0.000,0.002,0.00,0.000,8.3,12.7,2.0,287,14,,,,,,8.3,12.7,2.0,287,14,478,29.13,,,,,,,,,,
SBRI,2016-04-05 17:10:00 EDT,42.75217,-77.35931,1147,27.5,27.2,18.6,39.4,6.0,0.000,0.002,0.00,0.000,9.3,13.5,2.0,331,16,,,,,,9.3,13.5,2.0,331,16,462,29.13,,,,,,,,,,
SBRI,2016-04-05 17:15:00 EDT,42.75217,-77.35931,1147,27.6,27.2,19.2,38.8,5.7,0.000,0.002,0.00,0.000,8.4,11.8,1.8,282,28,,,,,,8.4,11.8,1.8,282,28,446,29.13,,,,,,,,,,
SBRI,2016-04-05 17:20:00 EDT,42.75217,-77.35931,1147,27.6,27.2,20.7,37.4,4.9,0.000,0.002,0.00,0.000,6.3,10.2,1.3,322,26,,,,,,6.3,10.2,1.3,322,26,430,29.13,,,,,,,,,,
SBRI,2016-04-05 17:25:00 EDT,42.75217,-77.35931,1147,27.9,27.6,20.3,36.6,4.7,0.000,0.002,0.00,0.000,7.4,12.2,2.0,309,14,,,,,,7.4,12.2,2.0,309,14,414,29.13,,,,,,,,,,
SBRI,2016-04-05 17:30:00 EDT,42.75217,-77.35931,1147,27.6,27.3,18.3,35.5,3.8,0.000,0.002,0.00,0.000,9.9,14.7,2.5,316,15,,,,,,9.9,14.7,2.5,316,15,397,29.13,,,,,,,,,,
SBRI,2016-04-05 17:35:00 EDT,42.75217,-77.35931,1147,27.4,27.2,18.8,36.7,4.4,0.000,0.002,0.00,0.000,8.7,13.8,1.8,302,21,,,,,,8.7,13.8,1.8,302,21,381,29.13,,,,,,,,,,
SBRI,2016-04-05 17:40:00 EDT,42.75217,-77.35931,1147,27.3,27.0,19.9,35.1,3.3,0.000,0.002,0.00,0.000,7.0,11.1,1.6,321,19,,,,,,7.0,11.1,1.6,321,19,364,29.13,,,,,,,,,,
SBRI,2016-04-05 17:45:00 EDT,42.75217,-77.35931,1147,27.6,27.3,19.0,35.7,3.9,0.000,0.002,0.00,0.000,8.7,13.3,1.9,311,18,,,,,,8.7,13.3,1.9,311,18,347,29.13,,,,,,,,,,
SBRI,2016-04-05 17:50:00 EDT,42.75217,-77.35931,1147,27.6,27.3,20.1,34.3,3.0,0.000,0.002,0.00,0.000,7.1,12.9,2.6,297,20,,,,,,7.1,12.9,2.6,297,20,330,29.13,,,,,,,,,,
SBRI,2016-04-05 17:55:00 EDT,42.75217,-77.35931,1147,27.6,27.4,18.9,35.5,3.8,0.000,0.002,0.00,0.000,9.0,14.6,2.3,317,13,,,,,,9.0,14.6,2.3,317,13,314,29.13,,,,,,,,,,
SBRI,2016-04-05 18:00:00 EDT,42.75217,-77.35931,1147,27.3,27.2,19.1,35.4,3.5,0.000,0.002,0.00,0.000,8.1,12.2,1.8,317,17,,,,,,8.1,12.2,1.8,317,17,296,29.13,,,,,,,,,,
SBRI,2016-04-05 18:05:00 EDT,42.75217,-77.35931,1147,27.4,27.2,20.1,34.9,3.3,0.000,0.002,0.00,0.000,6.8,12.1,1.9,308,24,,,,,,6.8,12.1,1.9,308,24,279,29.13,,,,,,,,,,
SBRI,2016-04-05 18:10:00 EDT,42.75217,-77.35931,1147,27.5,27.3,18.4,35.0,3.4,0.000,0.002,0.00,0.000,9.5,15.1,2.1,316,26,,,,,,9.5,15.1,2.1,316,26,262,29.13,,,,,,,,,,
SBRI,2016-04-05 18:15:00 EDT,42.75217,-77.35931,1147,27.3,27.1,18.9,35.7,3.6,0.000,0.002,0.00,0.000,8.4,15.3,2.2,319,20,,,,,,8.4,15.3,2.2,319,20,245,29.13,,,,,,,,,,
SBRI,2016-04-05 18:20:00 EDT,42.75217,-77.35931,1147,27.2,27.1,19.5,34.5,2.8,0.000,0.002,0.00,0.000,7.3,10.4,1.3,312,12,,,,,,7.3,10.4,1.3,312,12,228,29.13,,,,,,,,,,
SBRI,2016-04-05 18:25:00 EDT,42.75217,-77.35931,1147,27.3,27.1,19.5,34.4,2.8,0.000,0.002,0.00,0.000,7.4,15.2,3.2,309,15,,,,,,7.4,15.2,3.2,309,15,211,29.13,,,,,,,,,,
SBRI,2016-04-05 18:30:00 EDT,42.75217,-77.35931,1147,27.1,27.0,17.4,35.1,3.1,0.000,0.002,0.00,0.000,10.4,15.4,2.1,324,11,,,,,,10.4,15.4,2.1,324,11,195,29.13,,,,,,,,,,
SBRI,2016-04-05 18:35:00 EDT,42.75217,-77.35931,1147,27.0,26.9,16.6,35.1,3.0,0.000,0.002,0.00,0.000,11.7,15.8,1.8,326,12,,,,,,11.7,15.8,1.8,326,12,179,29.13,,,,,,,,,,
SBRI,2016-04-05 18:40:00 EDT,42.75217,-77.35931,1147,26.9,26.7,19.0,35.0,2.8,0.000,0.002,0.00,0.000,7.4,10.8,1.5,313,15,,,,,,7.4,10.8,1.5,313,15,164,29.13,,,,,,,,,,
SBRI,2016-04-05 18:45:00 EDT,42.75217,-77.35931,1147,26.9,26.8,19.3,34.1,2.4,0.000,0.002,0.00,0.000,7.1,9.6,1.3,303,13,,,,,,7.1,9.6,1.3,303,13,148,29.13,,,,,,,,,,
SBRI,2016-04-05 18:50:00 EDT,42.75217,-77.35931,1147,26.8,26.8,17.4,34.2,2.3,0.000,0.002,0.00,0.000,9.8,15.1,2.1,314,15,,,,,,9.8,15.1,2.1,314,15,133,29.12,,,,,,,,,,
SBRI,2016-04-05 18:55:00 EDT,42.75217,-77.35931,1147,26.7,26.7,17.5,34.8,2.6,0.000,0.002,0.00,0.000,9.4,12.0,1.5,306,14,,,,,,9.4,12.0,1.5,306,14,103,29.12,,,,,,,,,,
SBRI,2016-04-05 19:00:00 EDT,42.75217,-77.35931,1147,26.2,26.4,18.9,36.1,2.9,0.000,0.002,0.00,0.000,6.4,9.5,1.3,299,11,,,,,,6.4,9.5,1.3,299,11,22,29.12,,,,,,,,,,
SBRI,2016-04-05 19:05:00 EDT,42.75217,-77.35931,1147,26.2,26.3,18.8,36.7,3.2,0.000,0.002,0.00,0.000,6.6,9.7,1.6,308,17,,,,,,6.6,9.7,1.6,308,17,20,29.12,,,,,,,,,,
SBRI,2016-04-05 19:10:00 EDT,42.75217,-77.35931,1147,26.1,26.3,18.3,37.2,3.5,0.000,0.002,0.00,0.000,7.2,9.6,1.5,314,11,,,,,,7.2,9.6,1.5,314,11,18,29.12,,,,,,,,,,
SBRI,2016-04-05 19:15:00 EDT,42.75217,-77.35931,1147,25.9,26.1,18.6,37.9,3.7,0.000,0.002,0.00,0.000,6.4,9.7,1.6,319,13,,,,,,6.4,9.7,1.6,319,13,17,29.12,,,,,,,,,,
SBRI,2016-04-05 19:20:00 EDT,42.75217,-77.35931,1147,26.0,26.1,17.7,37.6,3.6,0.000,0.002,0.00,0.000,7.8,12.1,1.6,314,10,,,,,,7.8,12.1,1.6,314,10,15,29.12,,,,,,,,,,
SBRI,2016-04-05 19:25:00 EDT,42.75217,-77.35931,1147,25.9,26.0,16.7,37.7,3.6,0.000,0.002,0.00,0.000,9.2,11.9,1.6,326,9,,,,,,9.2,11.9,1.6,326,9,13,29.12,,,,,,,,,,
SBRI,2016-04-05 19:30:00 EDT,42.75217,-77.35931,1147,25.9,26.0,17.1,37.7,3.5,0.000,0.002,0.00,0.000,8.4,12.1,1.5,324,9,,,,,,8.4,12.1,1.5,324,9,10,29.12,,,,,,,,,,
SBRI,2016-04-05 19:35:00 EDT,42.75217,-77.35931,1147,25.6,25.8,18.4,38.4,3.7,0.000,0.002,0.00,0.000,6.3,9.1,1.2,329,10,,,,,,6.3,9.1,1.2,329,10,8,29.12,,,,,,,,,,
SBRI,2016-04-05 19:40:00 EDT,42.75217,-77.35931,1147,25.5,25.8,18.5,38.7,3.8,0.000,0.002,0.00,0.000,6.0,9.0,1.2,330,12,,,,,,6.0,9.0,1.2,330,12,5,29.12,,,,,,,,,,
SBRI,2016-04-05 19:45:00 EDT,42.75217,-77.35931,1147,25.1,25.5,20.0,39.6,3.9,0.000,0.002,0.00,0.000,4.1,6.0,1.1,327,12,,,,,,4.1,6.0,1.1,327,12,3,29.12,,,,,,,,,,
SBRI,2016-04-05 19:50:00 EDT,42.75217,-77.35931,1147,25.1,25.5,20.5,39.7,4.0,0.000,0.002,0.00,0.000,3.7,5.9,1.0,322,11,,,,,,3.7,5.9,1.0,322,11,2,29.12,,,,,,,,,,
SBRI,2016-04-05 19:55:00 EDT,42.75217,-77.35931,1147,25.1,25.5,20.2,38.8,3.5,0.000,0.002,0.00,0.000,3.9,5.8,0.8,318,12,,,,,,3.9,5.8,0.8,318,12,1,29.12,,,,,,,,,,
SBRI,2016-04-05 20:00:00 EDT,42.75217,-77.35931,1147,24.9,25.3,20.1,39.0,3.4,0.000,0.002,0.00,0.000,3.8,5.8,0.7,315,10,,,,,,3.8,5.8,0.7,315,10,0,29.12,,,,,,,,,,
SBRI,2016-04-05 20:05:00 EDT,42.75217,-77.35931,1147,24.7,25.3,20.5,39.4,3.5,0.000,0.002,0.00,0.000,3.4,4.7,0.5,315,8,,,,,,3.4,4.7,0.5,315,8,0,29.11,,,,,,,,,,
SBRI,2016-04-05 20:10:00 EDT,42.75217,-77.35931,1147,24.7,25.1,24.7,39.4,3.5,0.000,0.002,0.00,0.000,2.3,3.0,0.3,319,16,,,,,,2.3,3.0,0.3,319,16,0,29.11,,,,,,,,,,
SBRI,2016-04-05 20:15:00 EDT,42.75217,-77.35931,1147,24.5,25.0,24.5,40.5,3.9,0.000,0.002,0.00,0.000,1.9,2.4,0.3,303,17,,,,,,1.9,2.4,0.3,303,17,0,29.11,,,,,,,,,,
SBRI,2016-04-05 20:20:00 EDT,42.75217,-77.35931,1147,24.0,24.9,24.0,43.7,5.1,0.000,0.002,0.00,0.000,1.9,2.7,0.4,290,11,,,,,,1.9,2.7,0.4,290,11,0,29.11,,,,,,,,,,
SBRI,2016-04-05 20:25:00 EDT,42.75217,-77.35931,1147,23.6,24.9,23.6,43.7,4.7,0.000,0.002,0.00,0.000,2.8,4.1,0.6,289,9,,,,,,2.8,4.1,0.6,289,9,0,29.11,,,,,,,,,,
SBRI,2016-04-05 20:30:00 EDT,42.75217,-77.35931,1147,23.4,24.8,23.4,44.4,4.9,0.000,0.002,0.00,0.000,2.4,3.6,0.4,292,9,,,,,,2.4,3.6,0.4,292,9,0,29.11,,,,,,,,,,
SBRI,2016-04-05 20:35:00 EDT,42.75217,-77.35931,1147,23.2,24.5,23.2,45.5,5.2,0.000,0.002,0.00,0.000,2.8,3.5,0.3,295,7,,,,,,2.8,3.5,0.3,295,7,0,29.11,,,,,,,,,,
SBRI,2016-04-05 20:40:00 EDT,42.75217,-77.35931,1147,23.7,24.5,23.7,44.3,5.1,0.000,0.002,0.00,0.000,2.2,2.7,0.2,299,6,,,,,,2.2,2.7,0.2,299,6,0,29.11,,,,,,,,,,
SBRI,2016-04-05 20:45:00 EDT,42.75217,-77.35931,1147,23.6,24.4,23.6,43.7,4.7,0.000,0.002,0.00,0.000,1.7,2.1,0.2,301,6,,,,,,1.7,2.1,0.2,301,6,0,29.11,,,,,,,,,,
SBRI,2016-04-05 20:50:00 EDT,42.75217,-77.35931,1147,23.2,24.4,23.2,44.7,4.8,0.000,0.002,0.00,0.000,1.2,1.6,0.2,282,10,,,,,,1.2,1.6,0.2,282,10,0,29.11,,,,,,,,,,
SBRI,2016-04-05 20:55:00 EDT,42.75217,-77.35931,1147,21.7,24.1,21.7,50.9,6.3,0.000,0.002,0.00,0.000,1.8,2.1,0.2,254,7,,,,,,1.8,2.1,0.2,254,7,0,29.11,,,,,,,,,,
SBRI,2016-04-05 21:00:00 EDT,42.75217,-77.35931,1147,21.8,24.0,21.8,54.1,7.7,0.000,0.002,0.00,0.000,1.9,2.6,0.3,241,3,,,,,,1.9,2.6,0.3,241,3,0,29.11,,,,,,,,,,
SBRI,2016-04-05 21:05:00 EDT,42.75217,-77.35931,1147,21.6,23.9,21.6,53.8,7.4,0.000,0.002,0.00,0.000,1.3,2.3,0.4,250,8,,,,,,1.3,2.3,0.4,250,8,0,29.11,,,,,,,,,,
SBRI,2016-04-05 21:10:00 EDT,42.75217,-77.35931,1147,21.0,23.3,21.0,53.6,6.8,0.000,0.002,0.00,0.000,2.3,3.1,0.4,249,6,,,,,,2.3,3.1,0.4,249,6,0,29.11,,,,,,,,,,
SBRI,2016-04-05 21:15:00 EDT,42.75217,-77.35931,1147,21.2,23.5,21.2,53.7,7.0,0.000,0.002,0.00,0.000,2.0,2.8,0.3,262,13,,,,,,2.0,2.8,0.3,262,13,0,29.11,,,,,,,,,,
SBRI,2016-04-05 21:20:00 EDT,42.75217,-77.35931,1147,21.0,23.0,21.0,53.0,6.5,0.000,0.002,0.00,0.000,1.8,3.1,0.6,281,5,,,,,,1.8,3.1,0.6,281,5,0,29.11,,,,,,,,,,
SBRI,2016-04-05 21:25:00 EDT,42.75217,-77.35931,1147,20.7,22.0,20.7,54.5,6.9,0.000,0.002,0.00,0.000,2.2,3.1,0.3,290,6,,,,,,2.2,3.1,0.3,290,6,0,29.11,,,,,,,,,,
SBRI,2016-04-05 21:30:00 EDT,42.75217,-77.35931,1147,20.3,21.8,20.3,54.2,6.4,0.000,0.002,0.00,0.000,2.8,3.6,0.4,294,5,,,,,,2.8,3.6,0.4,294,5,0,29.11,,,,,,,,,,
SBRI,2016-04-05 21:35:00 EDT,42.75217,-77.35931,1147,20.1,21.8,15.8,55.6,6.8,0.000,0.002,0.00,0.000,3.0,3.7,0.3,284,9,,,,,,3.0,3.7,0.3,284,9,0,29.11,,,,,,,,,,
SBRI,2016-04-05 21:40:00 EDT,42.75217,-77.35931,1147,20.7,22.0,20.7,53.8,6.6,0.000,0.002,0.00,0.000,1.8,2.6,0.4,248,9,,,,,,1.8,2.6,0.4,248,9,0,29.11,,,,,,,,,,
SBRI,2016-04-05 21:45:00 EDT,42.75217,-77.35931,1147,20.4,22.1,20.4,55.4,6.9,0.000,0.002,0.00,0.000,1.0,1.8,0.3,270,23,,,,,,1.0,1.8,0.3,270,23,0,29.11,,,,,,,,,,
SBRI,2016-04-05 21:50:00 EDT,42.75217,-77.35931,1147,19.5,21.4,19.5,58.2,7.2,0.000,0.002,0.00,0.000,2.3,3.1,0.6,303,7,,,,,,2.3,3.1,0.6,303,7,0,29.11,,,,,,,,,,
SBRI,2016-04-05 21:55:00 EDT,42.75217,-77.35931,1147,19.2,20.8,19.2,58.8,7.1,0.000,0.002,0.00,0.000,2.1,2.9,0.7,288,11,,,,,,2.1,2.9,0.7,288,11,0,29.11,,,,,,,,,,
SBRI,2016-04-05 22:00:00 EDT,42.75217,-77.35931,1147,20.2,20.5,20.2,56.9,7.4,0.000,0.002,0.00,0.000,1.0,1.6,0.3,272,14,,,,,,1.0,1.6,0.3,272,14,0,29.11,,,,,,,,,,
SBRI,2016-04-05 22:05:00 EDT,42.75217,-77.35931,1147,19.8,20.5,19.8,57.1,7.1,0.000,0.002,0.00,0.000,1.5,4.1,1.4,303,5,,,,,,1.5,4.1,1.4,303,5,0,29.11,,,,,,,,,,
SBRI,2016-04-05 22:10:00 EDT,42.75217,-77.35931,1147,20.0,21.1,20.0,53.9,5.9,0.000,0.002,0.00,0.000,2.5,4.2,0.7,318,7,,,,,,2.5,4.2,0.7,318,7,0,29.11,,,,,,,,,,
SBRI,2016-04-05 22:15:00 EDT,42.75217,-77.35931,1147,20.0,20.9,20.0,52.4,5.3,0.000,0.002,0.00,0.000,1.8,2.1,0.1,302,5,,,,,,1.8,2.1,0.1,302,5,0,29.11,,,,,,,,,,
SBRI,2016-04-05 22:20:00 EDT,42.75217,-77.35931,1147,20.2,21.2,20.2,51.6,5.2,0.000,0.002,0.00,0.000,2.2,3.0,0.6,302,5,,,,,,2.2,3.0,0.6,302,5,0,29.10,,,,,,,,,,
SBRI,2016-04-05 22:25:00 EDT,42.75217,-77.35931,1147,18.9,20.6,18.9,57.4,6.3,0.000,0.002,0.00,0.000,2.8,3.3,0.3,294,8,,,,,,2.8,3.3,0.3,294,8,0,29.11,,,,,,,,,,
SBRI,2016-04-05 22:30:00 EDT,42.75217,-77.35931,1147,19.4,20.5,19.4,58.1,7.1,0.000,0.002,0.00,0.000,1.6,2.8,0.4,289,8,,,,,,1.6,2.8,0.4,289,8,0,29.10,,,,,,,,,,
SBRI,2016-04-05 22:35:00 EDT,42.75217,-77.35931,1147,20.0,20.3,20.0,56.2,6.9,0.000,0.002,0.00,0.000,0.9,2.6,0.7,261,30,,,,,,0.9,2.6,0.7,261,30,0,29.10,,,,,,,,,,
SBRI,2016-04-05 22:40:00 EDT,42.75217,-77.35931,1147,19.5,20.8,19.5,59.3,7.7,0.000,0.002,0.00,0.000,2.5,3.3,0.4,232,3,,,,,,2.5,3.3,0.4,232,3,0,29.10,,,,,,,,,,
SBRI,2016-04-05 22:45:00 EDT,42.75217,-77.35931,1147,19.0,20.9,19.0,59.1,7.1,0.000,0.002,0.00,0.000,2.8,3.3,0.2,235,1,,,,,,2.8,3.3,0.2,235,1,0,29.10,,,,,,,,,,
SBRI,2016-04-05 22:50:00 EDT,42.75217,-77.35931,1147,18.9,20.9,18.9,60.5,7.5,0.000,0.002,0.00,0.000,2.4,2.7,0.2,235,2,,,,,,2.4,2.7,0.2,235,2,0,29.10,,,,,,,,,,
SBRI,2016-04-05 22:55:00 EDT,42.75217,-77.35931,1147,18.6,21.5,18.6,62.2,7.8,0.000,0.002,0.00,0.000,2.4,3.3,0.4,235,3,,,,,,2.4,3.3,0.4,235,3,0,29.09,,,,,,,,,,
SBRI,2016-04-05 23:00:00 EDT,42.75217,-77.35931,1147,18.4,21.1,12.0,63.5,8.1,0.000,0.002,0.00,0.000,4.3,5.1,0.4,245,3,,,,,,4.3,5.1,0.4,245,3,0,29.09,,,,,,,,,,
SBRI,2016-04-05 23:05:00 EDT,42.75217,-77.35931,1147,19.0,20.2,13.3,61.4,7.9,0.000,0.002,0.00,0.000,3.8,4.7,0.5,256,6,,,,,,3.8,4.7,0.5,256,6,0,29.09,,,,,,,,,,
SBRI,2016-04-05 23:10:00 EDT,42.75217,-77.35931,1147,18.7,20.8,18.7,59.3,6.8,0.000,0.002,0.00,0.000,2.6,3.3,0.3,282,7,,,,,,2.6,3.3,0.3,282,7,0,29.09,,,,,,,,,,
SBRI,2016-04-05 23:15:00 EDT,42.75217,-77.35931,1147,18.7,20.9,18.7,58.5,6.5,0.000,0.002,0.00,0.000,2.7,3.8,0.5,285,7,,,,,,2.7,3.8,0.5,285,7,0,29.08,,,,,,,,,,
SBRI,2016-04-05 23:20:00 EDT,42.75217,-77.35931,1147,18.9,20.7,13.1,56.7,6.0,0.000,0.002,0.00,0.000,3.8,5.0,0.6,285,6,,,,,,3.8,5.0,0.6,285,6,0,29.09,,,,,,,,,,
SBRI,2016-04-05 23:25:00 EDT,42.75217,-77.35931,1147,18.9,21.1,18.9,57.1,6.2,0.000,0.002,0.00,0.000,2.8,3.9,0.3,278,6,,,,,,2.8,3.9,0.3,278,6,0,29.09,,,,,,,,,,
SBRI,2016-04-05 23:30:00 EDT,42.75217,-77.35931,1147,19.8,21.5,19.8,53.8,5.7,0.000,0.002,0.00,0.000,2.3,3.1,0.4,274,11,,,,,,2.3,3.1,0.4,274,11,0,29.09,,,,,,,,,,
SBRI,2016-04-05 23:35:00 EDT,42.75217,-77.35931,1147,19.2,21.5,19.2,55.7,5.9,0.000,0.002,0.00,0.000,1.4,2.2,0.4,262,10,,,,,,1.4,2.2,0.4,262,10,0,29.09,,,,,,,,,,
SBRI,2016-04-05 23:40:00 EDT,42.75217,-77.35931,1147,19.9,21.5,19.9,54.0,5.9,0.000,0.002,0.00,0.000,1.2,1.9,0.3,270,13,,,,,,1.2,1.9,0.3,270,13,0,29.09,,,,,,,,,,
SBRI,2016-04-05 23:45:00 EDT,42.75217,-77.35931,1147,20.6,21.4,20.6,50.6,5.1,0.000,0.002,0.00,0.000,1.9,2.6,0.3,260,4,,,,,,1.9,2.6,0.3,260,4,0,29.09,,,,,,,,,,
SBRI,2016-04-05 23:50:00 EDT,42.75217,-77.35931,1147,19.8,20.8,19.8,53.4,5.6,0.000,0.002,0.00,0.000,2.2,2.7,0.2,255,11,,,,,,2.2,2.7,0.2,255,11,0,29.09,,,,,,,,,,
SBRI,2016-04-05 23:55:00 EDT,42.75217,-77.35931,1147,19.6,21.0,19.6,55.0,6.1,0.000,0.002,0.00,0.000,1.6,2.3,0.4,201,24,,,,,,1.6,2.3,0.4,201,24,0,29.08,,,,,,,,,,
SCHU,2016-04-05 00:00:00 EDT,43.11700,-73.57829,103,17.0,18.4,17.0,89.1,14.4,0.000,0.348,0.00,0.000,1.3,2.1,0.3,8,12,1.6,2.7,0.5,7,13,1.3,2.1,0.3,8,12,0,30.06,,0,0,0,36.7,40.4,43.8,0.17,0.14,0.08
SCHU,2016-04-05 00:05:00 EDT,43.11700,-73.57829,103,17.0,18.2,17.0,89.4,14.4,0.000,0.000,0.00,0.000,1.2,1.7,0.2,15,8,1.4,2.0,0.3,13,13,1.2,1.7,0.2,15,8,0,30.06,,0,0,0,36.8,40.4,43.7,0.17,0.14,0.08
SCHU,2016-04-05 00:10:00 EDT,43.11700,-73.57829,103,15.4,17.9,15.4,89.6,12.9,0.000,0.000,0.00,0.000,0.4,1.5,0.5,11,2,0.9,2.0,0.4,13,55,0.4,1.5,0.5,11,2,0,30.06,,0,0,0,36.7,40.4,43.7,0.17,0.14,0.08
SCHU,2016-04-05 00:15:00 EDT,43.11700,-73.57829,103,15.4,17.2,15.4,92.1,13.5,0.000,0.000,0.00,0.000,0.2,0.6,0.2,126,0,1.0,1.6,0.2,146,13,0.2,0.6,0.2,126,0,0,30.06,,0,0,0,36.7,40.4,43.7,0.17,0.14,0.09
SCHU,2016-04-05 00:20:00 EDT,43.11700,-73.57829,103,14.8,17.2,14.8,92.7,13.1,0.000,0.000,0.00,0.000,0.0,0.0,0.0,0,0,1.1,1.3,0.2,184,13,0.0,0.0,0.0,0,0,0,30.07,,0,0,0,36.7,40.4,43.7,0.17,0.14,0.09
SCHU,2016-04-05 00:25:00 EDT,43.11700,-73.57829,103,15.1,16.8,15.1,94.3,13.7,0.000,0.000,0.00,0.000,0.0,0.0,0.0,0,0,0.7,1.1,0.2,127,20,0.0,0.0,0.0,0,0,0,30.07,,0,0,0,36.8,40.4,43.7,0.17,0.14,0.08
SCHU,2016-04-05 00:30:00 EDT,43.11700,-73.57829,103,14.4,17.0,14.4,94.3,13.1,0.000,0.000,0.00,0.000,0.0,0.0,0.0,0,0,0.5,1.8,0.3,117,48,0.0,0.0,0.0,0,0,0,30.07,,0,0,0,36.7,40.4,43.7,0.17,0.14,0.08
SCHU,2016-04-05 00:35:00 EDT,43.11700,-73.57829,103,14.5,16.7,14.5,94.4,13.2,0.000,0.000,0.00,0.000,0.4,0.9,0.3,286,6,0.9,1.3,0.3,277,18,0.4,0.9,0.3,286,6,0,30.07,,0,0,0,36.7,40.4,43.7,0.17,0.14,0.08
SCHU,2016-04-05 00:40:00 EDT,43.11700,-73.57829,103,14.3,16.8,14.3,94.6,13.0,0.000,0.000,0.00,0.000,1.0,2.1,0.3,332,14,1.2,3.1,0.5,332,14,1.0,2.1,0.3,332,14,0,30.07,,0,0,0,36.8,40.4,43.7,0.17,0.14,0.09
SCHU,2016-04-05 00:45:00 EDT,43.11700,-73.57829,103,14.0,16.7,14.0,94.1,12.6,0.000,0.000,0.00,0.000,1.5,1.9,0.2,337,6,1.7,2.5,0.3,333,11,1.5,1.9,0.2,337,6,0,30.07,,0,0,0,36.8,40.3,43.6,0.17,0.14,0.09
SCHU,2016-04-05 00:50:00 EDT,43.11700,-73.57829,103,13.9,16.8,13.9,93.4,12.3,0.000,0.000,0.00,0.000,1.2,1.7,0.2,344,5,1.5,2.5,0.3,339,10,1.2,1.7,0.2,344,5,0,30.07,,0,0,0,36.8,40.3,43.6,0.17,0.14,0.09
SCHU,2016-04-05 00:55:00 EDT,43.11700,-73.57829,103,13.9,16.6,13.9,93.7,12.4,0.000,0.000,0.00,0.000,1.3,1.6,0.2,338,5,1.5,2.0,0.2,332,7,1.3,1.6,0.2,338,5,0,30.07,,0,0,0,36.7,40.3,43.6,0.17,0.14,0.08
SCHU,2016-04-05 01:00:00 EDT,43.11700,-73.57829,103,13.5,16.5,13.5,93.4,12.0,0.000,0.000,0.00,0.000,1.2,1.8,0.3,333,9,1.5,2.2,0.4,330,10,1.2,1.8,0.3,333,9,0,30.07,,0,0,0,36.7,40.3,43.6,0.17,0.14,0.08
SCHU,2016-04-05 01:05:00 EDT,43.11700,-73.57829,103,13.8,16.5,13.8,93.8,12.4,0.000,0.000,0.00,0.000,1.2,2.3,0.3,352,13,1.4,2.5,0.3,348,16,1.2,2.3,0.3,352,13,0,30.07,,0,0,0,36.8,40.3,43.6,0.17,0.14,0.08
SCHU,2016-04-05 01:10:00 EDT,43.11700,-73.57829,103,13.0,16.1,13.0,93.7,11.6,0.000,0.000,0.00,0.000,1.3,2.3,0.6,12,11,1.5,2.9,0.5,10,15,1.3,2.3,0.6,12,11,0,30.07,,0,0,0,36.8,40.3,43.6,0.17,0.14,0.08
SCHU,2016-04-05 01:15:00 EDT,43.11700,-73.57829,103,12.9,15.7,12.9,93.7,11.4,0.000,0.000,0.00,0.000,1.0,1.8,0.4,348,21,1.3,2.7,0.4,342,26,1.0,1.8,0.4,348,21,0,30.08,,0,0,0,36.7,40.3,43.6,0.17,0.14,0.08
SCHU,2016-04-05 01:20:00 EDT,43.11700,-73.57829,103,13.0,15.5,13.0,94.3,11.7,0.000,0.000,0.00,0.000,1.4,2.0,0.2,313,7,1.6,2.5,0.2,309,6,1.4,2.0,0.2,313,7,0,30.08,,0,0,0,36.8,40.3,43.6,0.17,0.14,0.08
SCHU,2016-04-05 01:25:00 EDT,43.11700,-73.57829,103,13.4,15.5,13.4,95.0,12.2,0.000,0.000,0.00,0.000,1.6,1.9,0.1,308,2,1.7,2.0,0.2,306,4,1.6,1.9,0.1,308,2,0,30.08,,0,0,0,36.7,40.3,43.6,0.17,0.14,0.09
SCHU,2016-04-05 01:30:00 EDT,43.11700,-73.57829,103,13.2,15.4,13.2,94.0,11.8,0.000,0.000,0.00,0.000,1.8,2.5,0.2,313,6,2.1,2.9,0.3,311,6,1.8,2.5,0.2,313,6,0,30.08,,0,0,0,36.7,40.3,43.6,0.17,0.14,0.08
SCHU,2016-04-05 01:35:00 EDT,43.11700,-73.57829,103,13.4,15.6,13.4,93.8,11.9,0.000,0.000,0.00,0.000,1.4,2.3,0.3,345,10,1.6,2.9,0.3,340,13,1.4,2.3,0.3,345,10,0,30.08,,0,0,0,36.8,40.3,43.5,0.17,0.14,0.08
SCHU,2016-04-05 01:40:00 EDT,43.11700,-73.57829,103,13.4,15.6,13.4,94.1,12.1,0.000,0.000,0.00,0.000,1.8,3.1,0.6,347,17,2.2,4.0,0.7,345,12,1.8,3.1,0.6,347,17,0,30.08,,0,0,0,36.7,40.3,43.5,0.17,0.14,0.08
SCHU,2016-04-05 01:45:00 EDT,43.11700,-73.57829,103,13.4,15.2,13.4,93.9,12.0,0.000,0.000,0.00,0.000,1.8,2.3,0.2,338,6,2.0,2.9,0.4,334,8,1.8,2.3,0.2,338,6,0,30.08,,0,0,0,36.7,40.2,43.5,0.17,0.14,0.08
SCHU,2016-04-05 01:50:00 EDT,43.11700,-73.57829,103,13.1,15.2,13.1,93.7,11.6,0.000,0.000,0.00,0.000,1.4,2.3,0.3,350,12,1.8,2.9,0.4,346,15,1.4,2.3,0.3,350,12,0,30.08,,0,0,0,36.7,40.3,43.5,0.17,0.14,0.08
SCHU,2016-04-05 01:55:00 EDT,43.11700,-73.57829,103,13.4,15.0,13.4,94.1,12.0,0.000,0.000,0.00,0.000,1.3,1.8,0.2,333,7,1.5,2.2,0.3,327,11,1.3,1.8,0.2,333,7,0,30.08,,0,0,0,36.7,40.3,43.5,0.17,0.14,0.08
SCHU,2016-04-05 02:00:00 EDT,43.11700,-73.57829,103,13.1,14.9,13.1,93.5,11.6,0.000,0.000,0.00,0.000,0.9,2.0,0.5,330,22,1.3,2.5,0.5,323,28,0.9,2.0,0.5,330,22,0,30.08,,0,0,0,36.7,40.2,43.5,0.17,0.14,0.08
SCHU,2016-04-05 02:05:00 EDT,43.11700,-73.57829,103,13.2,15.3,13.2,93.3,11.7,0.000,0.000,0.00,0.000,1.6,2.8,0.5,3,13,1.9,3.4,0.7,0,16,1.6,2.8,0.5,3,13,0,30.08,,0,0,0,36.7,40.2,43.5,0.17,0.14,0.08
SCHU,2016-04-05 02:10:00 EDT,43.11700,-73.57829,103,12.9,15.2,12.9,93.3,11.4,0.000,0.000,0.00,0.000,1.3,2.2,0.4,347,12,1.7,3.6,0.5,344,14,1.3,2.2,0.4,347,12,0,30.08,,0,0,0,36.7,40.2,43.5,0.17,0.14,0.08
SCHU,2016-04-05 02:15:00 EDT,43.11700,-73.57829,103,12.4,14.9,12.4,92.3,10.6,0.000,0.000,0.00,0.000,1.3,2.5,0.4,338,12,1.6,3.4,0.5,333,18,1.3,2.5,0.4,338,12,0,30.08,,0,0,0,36.7,40.3,43.5,0.17,0.14,0.08
SCHU,2016-04-05 02:20:00 EDT,43.11700,-73.57829,103,13.1,14.9,13.1,93.1,11.5,0.000,0.000,0.00,0.000,1.0,1.6,0.3,338,23,1.3,2.5,0.4,328,22,1.0,1.6,0.3,338,23,0,30.09,,0,0,0,36.7,40.2,43.5,0.17,0.14,0.09
SCHU,2016-04-05 02:25:00 EDT,43.11700,-73.57829,103,12.8,14.9,12.8,93.5,11.3,0.000,0.000,0.00,0.000,1.4,2.3,0.3,333,11,1.7,3.1,0.4,328,13,1.4,2.3,0.3,333,11,0,30.09,,0,0,0,36.7,40.2,43.5,0.17,0.14,0.08
SCHU,2016-04-05 02:30:00 EDT,43.11700,-73.57829,103,12.7,15.0,12.7,92.5,10.9,0.000,0.000,0.00,0.000,1.5,2.1,0.3,344,11,1.9,3.1,0.4,341,12,1.5,2.1,0.3,344,11,0,30.09,,0,0,0,36.7,40.2,43.5,0.17,0.14,0.09
SCHU,2016-04-05 02:35:00 EDT,43.11700,-73.57829,103,12.8,14.8,12.8,92.7,11.1,0.000,0.000,0.00,0.000,1.9,3.3,0.6,339,15,2.2,4.3,0.7,336,16,1.9,3.3,0.6,339,15,0,30.09,,0,0,0,36.7,40.2,43.5,0.17,0.14,0.08
SCHU,2016-04-05 02:40:00 EDT,43.11700,-73.57829,103,12.6,14.6,12.6,92.5,10.9,0.000,0.000,0.00,0.000,2.1,3.3,0.6,330,14,2.4,3.8,0.7,328,15,2.1,3.3,0.6,330,14,0,30.09,,0,0,0,36.7,40.2,43.5,0.17,0.14,0.09
SCHU,2016-04-05 02:45:00 EDT,43.11700,-73.57829,103,12.4,14.1,12.4,92.7,10.7,0.000,0.000,0.00,0.000,0.5,2.5,0.6,334,28,1.1,2.9,0.5,321,48,0.5,2.5,0.6,334,28,0,30.09,,0,0,0,36.7,40.2,43.5,0.17,0.14,0.08
SCHU,2016-04-05 02:50:00 EDT,43.11700,-73.57829,103,12.9,14.3,12.9,92.4,11.1,0.000,0.000,0.00,0.000,2.5,4.0,0.9,351,18,3.0,5.6,1.2,348,18,2.5,4.0,0.9,351,18,0,30.09,,0,0,0,36.7,40.1,43.5,0.17,0.14,0.08
SCHU,2016-04-05 02:55:00 EDT,43.11700,-73.57829,103,13.0,14.2,13.0,93.5,11.5,0.000,0.000,0.00,0.000,1.8,3.5,0.6,346,15,2.3,4.7,0.9,344,14,1.8,3.5,0.6,346,15,0,30.09,,0,0,0,36.7,40.2,43.5,0.17,0.14,0.08
SCHU,2016-04-05 03:00:00 EDT,43.11700,-73.57829,103,12.7,13.8,12.7,92.5,11.0,0.000,0.000,0.00,0.000,0.8,1.4,0.3,311,28,1.1,2.2,0.4,299,31,0.8,1.4,0.3,311,28,0,30.09,,0,0,0,36.7,40.2,43.5,0.17,0.14,0.08
SCHU,2016-04-05 03:05:00 EDT,43.11700,-73.57829,103,11.9,13.8,11.9,91.4,9.8,0.000,0.000,0.00,0.000,0.8,1.8,0.4,338,30,1.2,2.7,0.5,327,33,0.8,1.8,0.4,338,30,0,30.10,,0,0,0,36.7,40.2,43.5,0.17,0.14,0.08
SCHU,2016-04-05 03:10:00 EDT,43.11700,-73.57829,103,11.8,13.6,11.8,91.5,9.8,0.000,0.000,0.00,0.000,0.9,4.1,1.1,342,16,1.5,5.4,1.2,334,29,0.9,4.1,1.1,342,16,0,30.10,,0,0,0,36.7,40.1,43.5,0.17,0.14,0.08
SCHU,2016-04-05 03:15:00 EDT,43.11700,-73.57829,103,12.1,13.7,12.1,92.8,10.4,0.000,0.000,0.00,0.000,1.9,3.4,0.7,349,23,2.1,3.6,0.8,345,24,1.9,3.4,0.7,349,23,0,30.10,,0,0,0,36.7,40.2,43.4,0.17,0.14,0.08
SCHU,2016-04-05 03:20:00 EDT,43.11700,-73.57829,103,12.0,13.5,12.0,92.9,10.3,0.000,0.000,0.00,0.000,2.0,4.2,0.8,339,18,2.5,5.4,1.0,335,16,2.0,4.2,0.8,339,18,0,30.10,,0,0,0,36.7,40.2,43.5,0.17,0.14,0.08
SCHU,2016-04-05 03:25:00 EDT,43.11700,-73.57829,103,11.6,13.4,11.6,92.2,9.8,0.000,0.000,0.00,0.000,1.7,3.1,0.5,337,16,2.1,4.0,0.6,337,19,1.7,3.1,0.5,337,16,0,30.10,,0,0,0,36.7,40.1,43.5,0.17,0.14,0.08
SCHU,2016-04-05 03:30:00 EDT,43.11700,-73.57829,103,11.8,13.6,11.8,92.2,9.9,0.000,0.000,0.00,0.000,2.2,3.7,0.7,342,18,2.5,4.7,1.0,338,19,2.2,3.7,0.7,342,18,0,30.10,,0,0,0,36.6,40.1,43.4,0.17,0.14,0.09
SCHU,2016-04-05 03:35:00 EDT,43.11700,-73.57829,103,12.1,13.6,12.1,92.8,10.4,0.000,0.000,0.00,0.000,1.8,3.1,0.6,336,22,2.1,3.6,0.7,334,23,1.8,3.1,0.6,336,22,0,30.10,,0,0,0,36.6,40.1,43.4,0.17,0.14,0.08
SCHU,2016-04-05 03:40:00 EDT,43.11700,-73.57829,103,12.1,13.7,12.1,92.7,10.4,0.000,0.000,0.00,0.000,1.4,2.6,0.6,329,14,1.8,4.5,0.7,326,16,1.4,2.6,0.6,329,14,0,30.11,,0,0,0,36.7,40.1,43.4,0.17,0.14,0.08
SCHU,2016-04-05 03:45:00 EDT,43.11700,-73.57829,103,11.9,13.8,11.9,92.5,10.1,0.000,0.000,0.00,0.000,0.8,1.9,0.5,346,22,1.2,2.9,0.5,345,31,0.8,1.9,0.5,346,22,0,30.11,,0,0,0,36.7,40.2,43.4,0.17,0.14,0.08
SCHU,2016-04-05 03:50:00 EDT,43.11700,-73.57829,103,10.6,13.5,10.6,91.6,8.7,0.000,0.000,0.00,0.000,1.0,1.7,0.3,302,24,1.3,2.7,0.4,294,26,1.0,1.7,0.3,302,24,0,30.11,,0,0,0,36.7,40.1,43.4,0.17,0.14,0.09
SCHU,2016-04-05 03:55:00 EDT,43.11700,-73.57829,103,11.3,13.3,11.3,90.6,9.0,0.000,0.000,0.00,0.000,0.4,1.2,0.3,327,31,0.9,2.2,0.4,318,48,0.4,1.2,0.3,327,31,0,30.11,,0,0,0,36.7,40.1,43.4,0.17,0.14,0.09
SCHU,2016-04-05 04:00:00 EDT,43.11700,-73.57829,103,12.0,13.3,12.0,93.1,10.4,0.000,0.000,0.00,0.000,0.1,0.7,0.2,311,22,0.7,1.3,0.3,275,39,0.1,0.7,0.2,311,22,0,30.11,,0,0,0,36.7,40.1,43.4,0.17,0.14,0.08
SCHU,2016-04-05 04:05:00 EDT,43.11700,-73.57829,103,10.7,13.3,10.7,92.2,8.9,0.000,0.000,0.00,0.000,0.0,0.1,0.0,340,2,0.7,1.6,0.3,194,45,0.0,0.1,0.0,340,2,0,30.12,,0,0,0,36.7,40.1,43.3,0.17,0.14,0.08
SCHU,2016-04-05 04:10:00 EDT,43.11700,-73.57829,103,10.9,13.2,10.9,92.2,9.1,0.000,0.000,0.00,0.000,0.0,0.0,0.0,0,0,0.8,1.8,0.3,138,34,0.0,0.0,0.0,0,0,0,30.12,,0,0,0,36.6,40.1,43.4,0.17,0.14,0.08
SCHU,2016-04-05 04:15:00 EDT,43.11700,-73.57829,103,9.6,13.2,9.6,91.9,7.8,0.000,0.000,0.00,0.000,0.4,1.4,0.4,113,10,1.0,2.2,0.4,115,24,0.4,1.4,0.4,113,10,0,30.12,,0,0,0,36.6,40.1,43.3,0.17,0.14,0.09
SCHU,2016-04-05 04:20:00 EDT,43.11700,-73.57829,103,9.6,13.3,9.6,91.7,7.7,0.000,0.000,0.00,0.000,0.4,1.2,0.4,88,18,0.9,2.2,0.4,93,34,0.4,1.2,0.4,88,18,0,30.13,,0,0,0,36.7,40.1,43.4,0.17,0.14,0.09
SCHU,2016-04-05 04:25:00 EDT,43.11700,-73.57829,103,10.9,13.2,10.9,92.8,9.3,0.000,0.000,0.00,0.000,0.1,0.9,0.3,236,0,0.8,5.6,0.6,191,54,0.1,0.9,0.3,236,0,0,30.13,,0,0,0,36.6,40.0,43.4,0.17,0.14,0.09
SCHU,2016-04-05 04:30:00 EDT,43.11700,-73.57829,103,11.2,13.0,11.2,93.5,9.7,0.000,0.000,0.00,0.000,0.4,1.1,0.4,278,13,0.9,1.8,0.4,273,25,0.4,1.1,0.4,278,13,0,30.13,,0,0,0,36.6,40.1,43.4,0.17,0.14,0.08
SCHU,2016-04-05 04:35:00 EDT,43.11700,-73.57829,103,11.1,12.9,11.1,92.6,9.4,0.000,0.000,0.00,0.000,1.1,1.7,0.3,310,9,1.3,2.0,0.3,308,13,1.1,1.7,0.3,310,9,0,30.13,,0,0,0,36.6,40.1,43.3,0.17,0.14,0.09
SCHU,2016-04-05 04:40:00 EDT,43.11700,-73.57829,103,11.2,12.9,11.2,92.5,9.4,0.000,0.000,0.00,0.000,0.9,1.4,0.2,328,4,1.1,1.8,0.2,322,8,0.9,1.4,0.2,328,4,0,30.13,,0,0,0,36.6,40.0,43.3,0.17,0.14,0.08
SCHU,2016-04-05 04:45:00 EDT,43.11700,-73.57829,103,10.6,12.8,10.6,91.6,8.6,0.000,0.000,0.00,0.000,0.9,1.2,0.2,328,10,1.2,1.8,0.3,323,15,0.9,1.2,0.2,328,10,0,30.13,,0,0,0,36.6,40.1,43.3,0.17,0.14,0.08
SCHU,2016-04-05 04:50:00 EDT,43.11700,-73.57829,103,10.8,12.6,10.8,91.7,8.9,0.000,0.000,0.00,0.000,1.0,1.8,0.2,332,7,1.3,2.2,0.3,323,10,1.0,1.8,0.2,332,7,0,30.13,,0,0,0,36.6,40.1,43.3,0.17,0.14,0.08
SCHU,2016-04-05 04:55:00 EDT,43.11700,-73.57829,103,10.8,12.5,10.8,91.5,8.8,0.000,0.000,0.00,0.000,1.2,2.1,0.4,349,18,1.5,2.9,0.4,344,19,1.2,2.1,0.4,349,18,0,30.14,,0,0,0,36.6,40.1,43.3,0.17,0.14,0.09
SCHU,2016-04-05 05:00:00 EDT,43.11700,-73.57829,103,10.5,12.2,10.5,91.5,8.5,0.000,0.000,0.00,0.000,0.7,2.3,0.6,3,21,1.1,2.5,0.5,344,37,0.7,2.3,0.6,3,21,0,30.14,,0,0,0,36.6,40.1,43.3,0.17,0.14,0.09
SCHU,2016-04-05 05:05:00 EDT,43.11700,-73.57829,103,10.2,12.2,10.2,91.3,8.2,0.000,0.000,0.00,0.000,1.4,2.6,0.5,340,21,1.6,3.4,0.6,337,24,1.4,2.6,0.5,340,21,0,30.14,,0,0,0,36.6,40.0,43.3,0.17,0.14,0.08
SCHU,2016-04-05 05:10:00 EDT,43.11700,-73.57829,103,9.2,11.7,9.2,90.4,6.9,0.000,0.000,0.00,0.000,0.6,1.0,0.3,282,16,1.0,1.6,0.3,272,17,0.6,1.0,0.3,282,16,0,30.14,,0,0,0,36.6,40.0,43.3,0.17,0.14,0.09
SCHU,2016-04-05 05:15:00 EDT,43.11700,-73.57829,103,7.9,11.6,7.9,89.2,5.4,0.000,0.000,0.00,0.000,0.5,1.0,0.3,272,1,1.0,1.6,0.3,262,15,0.5,1.0,0.3,272,1,0,30.14,,0,0,0,36.6,39.9,43.2,0.17,0.14,0.09
SCHU,2016-04-05 05:20:00 EDT,43.11700,-73.57829,103,9.3,11.1,9.3,90.0,6.9,0.000,0.000,0.00,0.000,0.7,1.1,0.2,263,6,1.2,1.6,0.2,253,14,0.7,1.1,0.2,263,6,0,30.15,,0,0,0,36.5,40.0,43.3,0.17,0.14,0.09
SCHU,2016-04-05 05:25:00 EDT,43.11700,-73.57829,103,9.3,11.4,9.3,91.7,7.3,0.000,0.000,0.00,0.000,0.7,1.4,0.4,291,16,1.2,1.8,0.4,280,21,0.7,1.4,0.4,291,16,0,30.15,,0,0,0,36.5,40.0,43.2,0.17,0.14,0.08
SCHU,2016-04-05 05:30:00 EDT,43.11700,-73.57829,103,9.8,11.2,9.8,91.4,7.8,0.000,0.000,0.00,0.000,0.4,1.1,0.3,354,26,0.9,2.0,0.3,354,52,0.4,1.1,0.3,354,26,0,30.15,,0,0,0,36.6,40.0,43.2,0.17,0.14,0.09
SCHU,2016-04-05 05:35:00 EDT,43.11700,-73.57829,103,9.7,11.3,9.7,91.9,7.8,0.000,0.000,0.00,0.000,0.4,1.5,0.4,311,18,1.0,2.5,0.4,282,40,0.4,1.5,0.4,311,18,0,30.16,,0,0,0,36.6,40.0,43.2,0.17,0.14,0.08
SCHU,2016-04-05 05:40:00 EDT,43.11700,-73.57829,103,7.6,11.2,7.6,90.9,5.5,0.000,0.000,0.00,0.000,0.3,1.4,0.3,250,42,1.0,1.8,0.3,220,41,0.3,1.4,0.3,250,42,0,30.16,,0,0,0,36.5,40.0,43.3,0.17,0.14,0.08
SCHU,2016-04-05 05:45:00 EDT,43.11700,-73.57829,103,9.1,11.4,9.1,92.7,7.4,0.000,0.000,0.00,0.000,0.2,0.9,0.3,270,23,0.9,1.8,0.4,240,51,0.2,0.9,0.3,270,23,0,30.16,,0,0,0,36.5,39.9,43.2,0.17,0.14,0.08
SCHU,2016-04-05 05:50:00 EDT,43.11700,-73.57829,103,9.1,11.5,9.1,92.0,7.2,0.000,0.000,0.00,0.000,0.0,0.6,0.1,288,2,0.7,1.6,0.4,249,52,0.0,0.6,0.1,288,2,0,30.16,,0,0,0,36.5,40.0,43.2,0.17,0.14,0.09
SCHU,2016-04-05 05:55:00 EDT,43.11700,-73.57829,103,9.8,11.4,9.8,91.5,7.8,0.000,0.000,0.00,0.000,0.0,0.0,0.0,0,0,0.6,4.5,0.6,244,63,0.0,0.0,0.0,0,0,0,30.17,,0,0,0,36.5,39.9,43.2,0.17,0.14,0.09
SCHU,2016-04-05 06:00:00 EDT,43.11700,-73.57829,103,9.9,11.4,9.9,92.3,8.1,0.000,0.000,0.00,0.000,0.0,0.4,0.1,288,0,0.6,2.2,0.4,272,54,0.0,0.4,0.1,288,0,0,30.17,,0,0,0,36.5,39.9,43.2,0.17,0.14,0.09
SCHU,2016-04-05 06:05:00 EDT,43.11700,-73.57829,103,9.6,11.5,9.6,92.0,7.7,0.000,0.000,0.00,0.000,0.0,0.4,0.1,288,0,0.6,1.8,0.3,275,22,0.0,0.4,0.1,288,0,0,30.17,,0,0,0,36.5,39.9,43.2,0.17,0.14,0.08
SCHU,2016-04-05 06:10:00 EDT,43.11700,-73.57829,103,9.2,11.6,9.2,91.3,7.2,0.000,0.000,0.00,0.000,0.4,0.9,0.3,327,5,0.8,1.8,0.3,321,17,0.4,0.9,0.3,327,5,0,30.17,,0,0,0,36.5,39.9,43.2,0.17,0.14,0.09
SCHU,2016-04-05 06:15:00 EDT,43.11700,-73.57829,103,8.6,11.6,8.6,90.2,6.3,0.000,0.000,0.00,0.000,0.2,0.7,0.2,336,5,0.7,1.6,0.3,348,37,0.2,0.7,0.2,336,5,0,30.18,,0,0,0,36.5,39.9,43.2,0.17,0.14,0.08
SCHU,2016-04-05 06:20:00 EDT,43.11700,-73.57829,103,7.6,11.4,7.6,89.9,5.2,0.000,0.000,0.00,0.000,0.0,0.0,0.0,0,0,0.6,2.9,0.3,328,58,0.0,0.0,0.0,0,0,1,30.18,,0,0,0,36.5,39.9,43.2,0.17,0.14,0.09
SCHU,2016-04-05 06:25:00 EDT,43.11700,-73.57829,103,8.6,11.2,8.6,90.4,6.3,0.000,0.000,0.00,0.000,0.6,1.3,0.4,338,8,1.0,1.6,0.2,323,11,0.6,1.3,0.4,338,8,2,30.18,,0,0,0,36.5,39.9,43.2,0.17,0.14,0.09
SCHU,2016-04-05 06:30:00 EDT,43.11700,-73.57829,103,8.6,11.1,8.6,91.1,6.5,0.000,0.000,0.00,0.000,1.1,2.4,0.5,353,13,1.5,3.6,0.7,352,15,1.1,2.4,0.5,353,13,4,30.19,,0,0,0,36.5,39.9,43.2,0.17,0.14,0.09
SCHU,2016-04-05 06:35:00 EDT,43.11700,-73.57829,103,8.4,10.9,8.4,91.5,6.4,0.000,0.000,0.00,0.000,0.9,1.6,0.4,349,12,1.4,2.5,0.5,342,19,0.9,1.6,0.4,349,12,6,30.19,,0,0,0,36.6,39.9,43.2,0.17,0.14,0.09
SCHU,2016-04-05 06:40:00 EDT,43.11700,-73.57829,103,8.5,10.9,8.5,90.7,6.3,0.000,0.000,0.00,0.000,0.2,1.1,0.3,9,17,0.7,1.3,0.3,25,51,0.2,1.1,0.3,9,17,9,30.19,,0,0,0,36.5,39.9,43.1,0.17,0.14,0.08
SCHU,2016-04-05 06:45:00 EDT,43.11700,-73.57829,103,8.0,11.0,8.0,90.9,5.9,0.000,0.000,0.00,0.000,0.0,0.0,0.0,0,0,0.7,3.8,0.6,22,71,0.0,0.0,0.0,0,0,11,30.20,,0,0,0,36.5,39.9,43.2,0.17,0.14,0.08
SCHU,2016-04-05 06:50:00 EDT,43.11700,-73.57829,103,8.2,10.9,8.2,90.5,6.0,0.000,0.000,0.00,0.000,0.0,0.0,0.0,0,0,0.9,4.5,0.7,148,73,0.0,0.0,0.0,0,0,15,30.20,,0,0,0,36.5,39.9,43.1,0.17,0.14,0.09
SCHU,2016-04-05 06:55:00 EDT,43.11700,-73.57829,103,8.6,10.6,8.6,90.3,6.4,0.000,0.000,0.00,0.000,0.1,0.9,0.2,99,0,0.8,1.8,0.3,114,24,0.1,0.9,0.2,99,0,16,30.20,,0,0,0,36.5,39.9,43.2,0.17,0.14,0.09
SCHU,2016-04-05 07:00:00 EDT,43.11700,-73.57829,103,8.8,10.6,8.8,91.4,6.8,0.000,0.000,0.00,0.000,0.4,1.0,0.4,110,0,1.0,1.8,0.3,117,13,0.4,1.0,0.4,110,0,19,30.20,,0,0,0,36.5,39.9,43.1,0.17,0.14,0.09
SCHU,2016-04-05 07:05:00 EDT,43.11700,-73.57829,103,8.5,10.7,8.5,90.8,6.3,0.000,0.000,0.00,0.000,1.0,1.4,0.2,102,12,1.5,2.2,0.3,101,17,1.0,1.4,0.2,102,12,22,30.20,,0,0,0,36.5,39.9,43.1,0.17,0.14,0.09
SCHU,2016-04-05 07:10:00 EDT,43.11700,-73.57829,103,8.5,10.7,8.5,91.2,6.5,0.000,0.000,0.00,0.000,0.9,1.5,0.3,73,9,1.4,2.2,0.4,72,14,0.9,1.5,0.3,73,9,28,30.21,,0,0,0,36.5,39.9,43.2,0.17,0.14,0.09
SCHU,2016-04-05 07:15:00 EDT,43.11700,-73.57829,103,9.1,10.7,9.1,90.4,6.8,0.000,0.000,0.00,0.000,0.5,1.0,0.3,63,7,0.9,1.8,0.3,65,19,0.5,1.0,0.3,63,7,28,30.21,,0,0,0,36.4,39.9,43.1,0.17,0.14,0.09
SCHU,2016-04-05 07:20:00 EDT,43.11700,-73.57829,103,9.7,10.7,9.7,90.9,7.6,0.000,0.000,0.00,0.000,0.0,0.0,0.0,0,0,0.8,3.1,0.6,178,63,0.0,0.0,0.0,0,0,36,30.21,,0,0,0,36.4,39.9,43.2,0.17,0.14,0.09
SCHU,2016-04-05 07:25:00 EDT,43.11700,-73.57829,103,10.3,11.1,10.3,91.2,8.2,0.000,0.000,0.00,0.000,0.0,0.0,0.0,0,0,0.5,1.1,0.2,250,57,0.0,0.0,0.0,0,0,48,30.21,,0,0,0,36.4,39.9,43.1,0.17,0.14,0.09
SCHU,2016-04-05 07:30:00 EDT,43.11700,-73.57829,103,11.0,11.4,11.0,90.9,8.8,0.000,0.000,0.00,0.000,0.1,0.9,0.2,24,3,0.6,1.6,0.3,343,54,0.1,0.9,0.2,24,3,63,30.22,,0,0,0,36.4,39.8,43.1,0.17,0.14,0.09
SCHU,2016-04-05 07:35:00 EDT,43.11700,-73.57829,103,,,,,,,,,,,,,,,,,,,,,,,,,,,,,,,,,,,,
SCHU,2016-04-05 07:40:00 EDT,43.11700,-73.57829,103,11.8,12.3,11.8,91.7,9.8,,0.000,0.00,0.000,0.8,1.9,0.5,64,11,1.4,2.5,0.5,61,29,0.8,1.9,0.5,64,11,91,30.22,,0,0,0,36.4,39.9,43.1,0.17,0.14,0.09
SCHU,2016-04-05 07:45:00 EDT,43.11700,-73.57829,103,11.8,12.8,11.8,92.0,9.9,0.000,0.000,0.00,0.000,0.0,0.6,0.1,42,0,0.8,2.0,0.4,129,47,0.0,0.6,0.1,42,0,94,30.22,,0,0,0,36.4,39.8,43.1,0.17,0.14,0.09
SCHU,2016-04-05 07:50:00 EDT,43.11700,-73.57829,103,12.1,12.9,12.1,90.6,9.9,0.000,0.000,0.00,0.000,0.2,0.9,0.3,190,7,1.0,1.6,0.4,175,26,0.2,0.9,0.3,190,7,168,30.23,,0,0,0,36.4,39.9,43.1,0.17,0.14,0.09
SCHU,2016-04-05 07:55:00 EDT,43.11700,-73.57829,103,12.7,13.4,12.7,91.7,10.7,0.000,0.000,0.00,0.000,0.2,0.9,0.3,146,6,0.8,1.8,0.3,161,31,0.2,0.9,0.3,146,6,199,30.23,,0,0,0,36.4,39.8,43.1,0.17,0.14,0.09
SCHU,2016-04-05 08:00:00 EDT,43.11700,-73.57829,103,13.1,14.2,13.1,90.6,10.9,0.000,0.000,0.00,0.000,0.3,1.0,0.3,135,6,0.9,1.8,0.2,140,18,0.3,1.0,0.3,135,6,216,30.23,,0,0,0,36.4,39.8,43.1,0.17,0.14,0.08
SCHU,2016-04-05 08:05:00 EDT,43.11700,-73.57829,103,14.5,14.6,14.5,91.8,12.5,0.000,0.000,0.00,0.000,0.3,1.1,0.4,125,4,1.0,1.6,0.2,137,20,0.3,1.1,0.4,125,4,231,30.23,,0,0,0,36.4,39.8,43.1,0.17,0.14,0.08
SCHU,2016-04-05 08:10:00 EDT,43.11700,-73.57829,103,14.0,14.7,14.0,89.2,11.4,0.000,0.000,0.00,0.000,0.1,0.5,0.2,152,5,0.9,1.6,0.3,148,28,0.1,0.5,0.2,152,5,247,30.24,,0,0,0,36.4,39.7,43.0,0.17,0.14,0.08
SCHU,2016-04-05 08:15:00 EDT,43.11700,-73.57829,103,14.6,14.9,14.6,90.0,12.2,0.000,0.000,0.00,0.000,0.0,0.0,0.0,0,0,0.9,1.3,0.2,115,15,0.0,0.0,0.0,0,0,264,30.24,,0,0,0,36.3,39.8,43.1,0.17,0.14,0.09
SCHU,2016-04-05 08:20:00 EDT,43.11700,-73.57829,103,14.5,15.3,14.5,88.2,11.7,0.000,0.000,0.00,0.000,0.0,0.0,0.0,0,0,0.7,3.1,0.5,179,59,0.0,0.0,0.0,0,0,283,30.24,,0,0,0,36.3,39.8,43.1,0.17,0.14,0.09
SCHU,2016-04-05 08:25:00 EDT,43.11700,-73.57829,103,14.7,15.8,14.7,84.9,11.0,0.000,0.000,0.00,0.000,0.0,0.5,0.1,160,0,0.9,1.6,0.3,170,23,0.0,0.5,0.1,160,0,297,30.24,,0,0,0,36.3,39.7,43.1,0.17,0.14,0.08
SCHU,2016-04-05 08:30:00 EDT,43.11700,-73.57829,103,15.3,16.0,15.3,85.2,11.6,0.000,0.000,0.00,0.000,0.4,0.8,0.3,176,14,1.0,1.6,0.3,173,26,0.4,0.8,0.3,176,14,310,30.24,,0,0,0,36.3,39.7,43.0,0.17,0.14,0.09
SCHU,2016-04-05 08:35:00 EDT,43.11700,-73.57829,103,15.3,15.9,15.3,84.3,11.4,0.000,0.000,0.00,,0.0,0.3,0.0,194,0,0.7,2.2,0.5,154,62,0.0,0.3,0.0,194,0,323,30.24,,0,0,0,36.3,39.7,43.0,0.17,0.14,0.09
SCHU,2016-04-05 08:40:00 EDT,43.11700,-73.57829,103,15.9,16.4,15.9,85.5,12.3,0.000,0.000,0.00,0.000,0.0,0.1,0.0,354,1,0.7,1.6,0.3,144,61,0.0,0.1,0.0,354,1,336,30.24,,0,0,0,36.3,39.7,43.0,0.17,0.14,0.09
SCHU,2016-04-05 08:45:00 EDT,43.11700,-73.57829,103,16.2,16.6,16.2,81.0,11.4,0.000,0.000,0.00,0.000,0.7,2.6,0.9,342,12,1.4,3.6,0.9,339,41,0.7,2.6,0.9,342,12,350,30.25,,0,0,0,36.3,39.7,43.0,0.17,0.14,0.09
SCHU,2016-04-05 08:50:00 EDT,43.11700,-73.57829,103,16.8,17.2,16.8,81.7,12.2,0.000,0.000,0.00,0.000,0.8,2.6,0.9,330,21,1.3,3.4,0.7,324,37,0.8,2.6,0.9,330,21,362,30.25,,0,0,0,36.3,39.8,43.0,0.17,0.14,0.09
SCHU,2016-04-05 08:55:00 EDT,43.11700,-73.57829,103,17.1,17.3,17.1,77.5,11.3,0.000,0.000,0.00,0.000,1.1,2.8,0.9,333,19,1.6,3.6,0.8,324,32,1.1,2.8,0.9,333,19,377,30.25,,0,0,0,36.3,39.7,43.0,0.17,0.14,0.09
SCHU,2016-04-05 09:00:00 EDT,43.11700,-73.57829,103,17.7,17.8,17.7,77.6,11.9,0.000,0.000,0.00,0.000,1.5,3.7,1.1,332,20,1.8,4.5,1.1,334,26,1.5,3.7,1.1,332,20,395,30.25,,0,0,0,36.3,39.7,43.0,0.17,0.14,0.08
SCHU,2016-04-05 09:05:00 EDT,43.11700,-73.57829,103,17.7,17.8,17.7,71.7,10.1,0.000,0.000,0.00,0.000,2.1,3.7,0.7,333,20,2.2,4.9,0.9,333,20,2.1,3.7,0.7,333,20,415,30.26,,0,0,0,36.3,39.8,43.0,0.17,0.14,0.08
SCHU,2016-04-05 09:10:00 EDT,43.11700,-73.57829,103,18.3,18.4,13.8,68.5,9.7,0.000,0.000,0.00,0.000,3.1,5.2,0.9,343,21,3.6,7.2,1.0,342,21,3.1,5.2,0.9,343,21,435,30.26,,0,0,0,36.3,39.7,43.0,0.17,0.14,0.09
SCHU,2016-04-05 09:15:00 EDT,43.11700,-73.57829,103,18.5,18.5,13.1,62.9,8.0,0.000,0.000,0.00,0.000,3.6,6.0,1.1,333,19,4.0,6.5,1.0,333,17,3.6,6.0,1.1,333,19,457,30.26,,0,0,0,36.3,39.7,43.0,0.17,0.14,0.09
SCHU,2016-04-05 09:20:00 EDT,43.11700,-73.57829,103,18.9,19.0,13.6,60.8,7.6,0.000,0.000,0.00,0.000,3.6,5.8,1.2,326,16,3.8,7.6,1.3,327,16,3.6,5.8,1.2,326,16,480,30.26,,0,0,0,36.3,39.7,43.0,0.17,0.14,0.09
SCHU,2016-04-05 09:25:00 EDT,43.11700,-73.57829,103,19.4,19.3,14.4,57.8,6.9,0.000,0.000,0.00,0.000,3.4,6.1,1.4,333,19,3.9,7.4,1.6,333,18,3.4,6.1,1.4,333,19,506,30.26,,0,0,0,36.2,39.7,42.9,0.17,0.14,0.09
SCHU,2016-04-05 09:30:00 EDT,43.11700,-73.57829,103,20.4,20.2,14.7,55.5,7.0,0.000,0.000,0.00,0.000,4.0,7.7,1.2,334,19,4.6,8.5,1.5,334,17,4.0,7.7,1.2,334,19,531,30.26,,0,0,0,36.3,39.7,43.0,0.17,0.14,0.09
SCHU,2016-04-05 09:35:00 EDT,43.11700,-73.57829,103,21.7,21.5,16.2,52.2,6.8,0.000,0.000,0.00,0.000,4.0,6.8,1.5,355,28,4.9,8.3,1.8,354,22,4.0,6.8,1.5,355,28,550,30.26,,0,0,0,36.3,39.7,42.9,0.17,0.14,0.09
SCHU,2016-04-05 09:40:00 EDT,43.11700,-73.57829,103,22.7,22.5,16.7,50.2,6.9,0.000,0.000,0.00,0.000,4.6,7.2,1.4,2,24,5.1,8.5,1.4,1,23,4.6,7.2,1.4,2,24,565,30.26,,0,0,0,36.3,39.6,42.9,0.17,0.14,0.09
SCHU,2016-04-05 09:45:00 EDT,43.11700,-73.57829,103,23.2,22.8,16.7,47.3,6.0,0.000,0.000,0.00,0.000,5.0,7.7,1.4,19,18,5.8,8.9,1.7,16,16,5.0,7.7,1.4,19,18,581,30.26,,0,0,0,36.3,39.6,42.9,0.17,0.14,0.09
SCHU,2016-04-05 09:50:00 EDT,43.11700,-73.57829,103,23.5,23.2,18.5,47.7,6.5,0.000,0.000,0.00,0.000,3.8,6.3,1.4,349,33,4.2,8.1,1.7,350,32,3.8,6.3,1.4,349,33,595,30.26,,0,0,0,36.3,39.6,42.9,0.17,0.14,0.08
SCHU,2016-04-05 09:55:00 EDT,43.11700,-73.57829,103,23.9,23.8,19.7,46.2,6.2,0.000,0.000,0.00,0.000,3.3,7.5,1.5,16,41,3.9,8.7,1.8,15,40,3.3,7.5,1.5,16,41,609,30.26,,0,0,0,36.3,39.6,42.9,0.17,0.14,0.09
SCHU,2016-04-05 10:00:00 EDT,43.11700,-73.57829,103,23.8,23.9,23.8,45.7,5.9,0.000,0.000,0.00,0.000,1.8,5.0,1.5,300,46,2.5,6.3,1.4,297,55,1.8,5.0,1.5,300,46,624,30.27,,0,0,0,36.3,39.6,42.9,0.17,0.14,0.09
SCHU,2016-04-05 10:05:00 EDT,43.11700,-73.57829,103,24.5,24.3,24.5,46.4,6.8,0.000,0.000,0.00,0.000,1.2,4.7,1.0,267,46,1.8,5.4,1.0,259,51,1.2,4.7,1.0,267,46,638,30.27,,0,0,0,36.3,39.6,42.9,0.17,0.14,0.09
SCHU,2016-04-05 10:10:00 EDT,43.11700,-73.57829,103,25.2,24.6,21.3,46.3,7.5,0.000,0.000,0.00,0.000,3.3,6.0,1.3,40,39,4.0,6.9,1.4,37,39,3.3,6.0,1.3,40,39,652,30.27,,0,0,0,36.2,39.6,42.9,0.17,0.14,0.09
SCHU,2016-04-05 10:15:00 EDT,43.11700,-73.57829,103,25.3,25.0,19.6,43.4,6.1,0.000,0.000,0.00,0.000,4.7,11.3,2.9,329,25,5.4,11.4,2.8,333,25,4.7,11.3,2.9,329,25,664,30.27,,0,0,0,36.3,39.6,42.9,0.17,0.14,0.09
SCHU,2016-04-05 10:20:00 EDT,43.11700,-73.57829,103,25.3,25.0,18.2,41.4,5.1,0.000,0.000,0.00,0.000,6.0,9.4,1.8,20,17,6.8,11.4,2.0,17,12,6.0,9.4,1.8,20,17,676,30.27,,0,0,0,36.3,39.6,42.9,0.17,0.14,0.09
SCHU,2016-04-05 10:25:00 EDT,43.11700,-73.57829,103,25.9,25.2,20.0,41.3,5.5,0.000,0.000,0.00,0.000,4.9,11.3,1.5,19,19,5.5,13.2,1.8,17,17,4.9,11.3,1.5,19,19,689,30.27,,0,0,0,36.2,39.5,42.9,0.17,0.14,0.08
SCHU,2016-04-05 10:30:00 EDT,43.11700,-73.57829,103,25.9,25.4,21.7,40.6,5.2,0.000,0.000,0.00,0.000,3.5,5.8,1.1,17,29,3.9,6.7,1.3,15,23,3.5,5.8,1.1,17,29,702,30.27,,0,0,0,36.2,39.6,42.8,0.17,0.14,0.09
SCHU,2016-04-05 10:35:00 EDT,43.11700,-73.57829,103,25.9,25.5,19.9,39.4,4.5,0.000,0.000,0.00,0.000,5.0,9.4,1.7,5,28,5.7,10.1,1.9,3,28,5.0,9.4,1.7,5,28,714,30.27,,0,0,0,36.2,39.5,42.8,0.17,0.14,0.09
SCHU,2016-04-05 10:40:00 EDT,43.11700,-73.57829,103,25.8,25.6,19.1,39.6,4.5,0.000,0.000,0.00,0.000,5.6,8.7,1.7,354,22,6.6,10.7,1.9,355,18,5.6,8.7,1.7,354,22,728,30.27,,0,0,0,36.3,39.6,42.8,0.17,0.14,0.08
SCHU,2016-04-05 10:45:00 EDT,43.11700,-73.57829,103,25.9,25.3,20.6,39.3,4.5,0.000,0.000,0.00,0.000,4.3,8.0,1.8,15,14,4.9,10.3,2.2,14,13,4.3,8.0,1.8,15,14,741,30.28,,0,0,0,36.3,39.5,42.8,0.17,0.14,0.09
SCHU,2016-04-05 10:50:00 EDT,43.11700,-73.57829,103,26.2,25.9,22.7,39.7,5.0,0.000,0.000,0.00,0.000,3.0,8.5,2.0,27,37,3.7,9.6,2.1,25,36,3.0,8.5,2.0,27,37,750,30.28,,0,0,0,36.2,39.5,42.8,0.17,0.14,0.09
SCHU,2016-04-05 10:55:00 EDT,43.11700,-73.57829,103,26.3,26.1,20.9,38.8,4.5,0.000,0.000,0.00,0.000,4.5,9.9,2.2,349,28,5.3,11.9,2.6,351,28,4.5,9.9,2.2,349,28,762,30.28,,0,0,0,36.3,39.5,42.8,0.17,0.14,0.09
SCHU,2016-04-05 11:00:00 EDT,43.11700,-73.57829,103,26.0,25.9,18.7,38.6,4.2,0.000,0.000,0.00,0.000,6.5,13.0,2.8,321,24,7.1,14.8,2.7,321,22,6.5,13.0,2.8,321,24,771,30.28,,0,0,0,36.2,39.5,42.8,0.17,0.14,0.09
SCHU,2016-04-05 11:05:00 EDT,43.11700,-73.57829,103,26.6,26.2,21.1,40.6,5.8,0.000,0.000,0.00,0.000,4.7,8.4,1.3,4,21,5.2,8.7,1.4,3,16,4.7,8.4,1.3,4,21,781,30.28,,0,0,0,36.1,39.5,42.8,0.17,0.14,0.08
SCHU,2016-04-05 11:10:00 EDT,43.11700,-73.57829,103,26.8,26.3,23.3,39.1,5.2,0.000,0.000,0.00,0.000,3.1,7.7,1.6,36,52,3.9,8.5,1.7,35,49,3.1,7.7,1.6,36,52,793,30.28,,0,0,0,36.2,39.5,42.8,0.17,0.14,0.09
SCHU,2016-04-05 11:15:00 EDT,43.11700,-73.57829,103,27.5,26.5,20.5,42.0,7.3,0.000,0.000,0.00,0.000,6.3,9.8,1.4,10,39,7.1,10.7,1.5,9,37,6.3,9.8,1.4,10,39,801,30.28,,0,0,0,36.2,39.5,42.8,0.17,0.14,0.08
SCHU,2016-04-05 11:20:00 EDT,43.11700,-73.57829,103,26.4,26.0,20.9,40.0,5.3,0.000,0.000,0.00,0.000,4.6,9.6,2.1,8,17,5.3,12.1,2.6,8,16,4.6,9.6,2.1,8,17,809,30.28,,0,0,0,36.2,39.5,42.8,0.17,0.14,0.09
SCHU,2016-04-05 11:25:00 EDT,43.11700,-73.57829,103,27.4,26.6,27.4,39.2,5.8,0.000,0.000,0.00,0.000,1.7,7.5,1.5,8,38,2.3,8.9,1.6,4,48,1.7,7.5,1.5,8,38,817,30.28,,0,0,0,36.2,39.4,42.8,0.17,0.14,0.09
SCHU,2016-04-05 11:30:00 EDT,43.11700,-73.57829,103,27.8,26.7,19.9,39.6,6.3,0.000,0.000,0.00,0.000,7.7,13.1,2.1,30,22,8.7,15.7,2.5,28,21,7.7,13.1,2.1,30,22,823,30.28,,0,0,0,36.2,39.4,42.8,0.17,0.14,0.09
SCHU,2016-04-05 11:35:00 EDT,43.11700,-73.57829,103,27.5,26.7,20.7,40.8,6.8,0.000,0.000,0.00,0.000,6.2,10.7,1.9,21,19,6.8,14.8,2.3,18,18,6.2,10.7,1.9,21,19,828,30.28,,0,0,0,36.2,39.5,42.8,0.17,0.14,0.09
SCHU,2016-04-05 11:40:00 EDT,43.11700,-73.57829,103,27.7,27.2,20.7,40.5,6.8,0.000,0.000,0.00,0.000,6.5,11.8,2.2,15,21,7.3,13.6,2.5,15,19,6.5,11.8,2.2,15,21,834,30.27,,0,0,0,36.2,39.5,42.8,0.17,0.14,0.09
SCHU,2016-04-05 11:45:00 EDT,43.11700,-73.57829,103,27.4,27.0,20.9,41.0,6.8,0.000,0.000,0.00,0.000,5.8,12.6,2.4,347,32,6.5,12.8,2.6,350,30,5.8,12.6,2.4,347,32,842,30.27,,0,0,0,36.2,39.4,42.7,0.17,0.14,0.08
SCHU,2016-04-05 11:50:00 EDT,43.11700,-73.57829,103,27.8,27.0,19.5,41.3,7.3,0.000,0.000,0.00,0.000,8.4,14.9,2.7,34,20,9.3,16.8,3.0,31,18,8.4,14.9,2.7,34,20,850,30.27,,0,0,0,36.2,39.4,42.8,0.17,0.14,0.09
SCHU,2016-04-05 11:55:00 EDT,43.11700,-73.57829,103,27.6,26.9,18.9,41.3,7.1,0.000,0.000,0.00,0.000,8.8,14.7,2.2,23,13,9.7,16.1,2.6,20,11,8.8,14.7,2.2,23,13,839,30.27,,0,0,0,36.2,39.4,42.8,0.17,0.14,0.08
SCHU,2016-04-05 12:00:00 EDT,43.11700,-73.57829,103,28.0,26.9,24.6,40.6,7.1,0.000,0.000,0.00,0.000,3.1,8.3,1.7,46,22,3.5,9.6,1.8,44,22,3.1,8.3,1.7,46,22,862,30.27,,0,0,0,36.1,39.4,42.8,0.17,0.14,0.09
SCHU,2016-04-05 12:05:00 EDT,43.11700,-73.57829,103,28.2,27.1,22.7,42.7,8.4,0.000,0.000,0.00,0.000,5.0,8.3,1.2,35,24,5.4,8.5,1.3,34,24,5.0,8.3,1.2,35,24,870,30.26,,0,0,0,36.2,39.4,42.8,0.17,0.14,0.09
SCHU,2016-04-05 12:10:00 EDT,43.11700,-73.57829,103,28.0,27.1,22.1,43.8,8.8,0.000,0.000,0.00,0.000,5.3,9.4,2.5,31,23,5.9,10.7,2.7,30,23,5.3,9.4,2.5,31,23,868,30.26,,0,0,0,36.2,39.4,42.7,0.17,0.14,0.09
SCHU,2016-04-05 12:15:00 EDT,43.11700,-73.57829,103,28.2,27.1,21.1,45.7,9.9,0.000,0.000,0.00,0.000,6.7,11.3,1.4,72,16,7.3,13.2,1.6,71,15,6.7,11.3,1.4,72,16,872,30.26,,0,0,0,36.2,39.4,42.8,0.17,0.14,0.09
SCHU,2016-04-05 12:20:00 EDT,43.11700,-73.57829,103,28.3,27.1,22.4,47.1,10.7,0.000,0.000,0.00,0.000,5.4,9.1,1.7,70,20,6.1,9.6,1.7,67,21,5.4,9.1,1.7,70,20,876,30.26,,0,0,0,36.2,39.4,42.7,0.17,0.14,0.09
SCHU,2016-04-05 12:25:00 EDT,43.11700,-73.57829,103,28.2,27.3,22.9,45.8,10.0,0.000,0.000,0.00,0.000,4.8,10.2,1.9,56,24,5.3,10.7,2.1,54,23,4.8,10.2,1.9,56,24,881,30.26,,0,0,0,36.2,39.4,42.7,0.17,0.14,0.09
SCHU,2016-04-05 12:30:00 EDT,43.11700,-73.57829,103,28.8,27.7,22.1,45.7,10.5,0.000,0.000,0.00,0.000,6.4,9.5,1.3,64,11,7.0,9.8,1.4,63,12,6.4,9.5,1.3,64,11,860,30.26,,0,0,0,36.2,39.4,42.7,0.17,0.14,0.09
SCHU,2016-04-05 12:35:00 EDT,43.11700,-73.57829,103,28.6,27.4,23.1,45.2,10.0,0.000,0.000,0.00,0.000,4.9,9.3,1.8,56,25,5.5,10.1,1.8,54,24,4.9,9.3,1.8,56,25,866,30.26,,0,0,0,36.2,39.4,42.7,0.17,0.14,0.08
SCHU,2016-04-05 12:40:00 EDT,43.11700,-73.57829,103,28.7,28.0,24.3,44.3,9.7,0.000,0.000,0.00,0.000,4.0,8.4,1.4,46,26,4.6,9.4,1.5,45,25,4.0,8.4,1.4,46,26,885,30.26,,0,0,0,36.2,39.4,42.7,0.17,0.14,0.09
SCHU,2016-04-05 12:45:00 EDT,43.11700,-73.57829,103,28.1,27.6,28.1,40.4,7.1,0.000,0.000,0.00,0.000,2.4,6.6,1.6,11,38,2.7,7.8,1.6,17,42,2.4,6.6,1.6,11,38,888,30.25,,0,0,0,36.2,39.4,42.7,0.17,0.14,0.09
SCHU,2016-04-05 12:50:00 EDT,43.11700,-73.57829,103,28.6,28.4,23.7,40.4,7.5,0.000,0.000,0.00,0.000,4.4,9.6,2.8,350,26,5.3,10.5,2.9,347,27,4.4,9.6,2.8,350,26,889,30.25,,0,0,0,36.1,39.4,42.7,0.17,0.14,0.09
SCHU,2016-04-05 12:55:00 EDT,43.11700,-73.57829,103,28.5,28.3,24.3,39.9,7.2,0.000,0.000,0.00,0.000,3.8,7.7,1.6,331,30,4.3,9.2,1.8,331,29,3.8,7.7,1.6,331,30,887,30.25,,0,0,0,36.1,39.4,42.7,0.17,0.14,0.09
SCHU,2016-04-05 13:00:00 EDT,43.11700,-73.57829,103,29.5,28.5,26.2,41.3,8.8,0.000,0.000,0.00,0.000,3.2,6.6,1.5,47,37,3.9,7.8,1.6,45,40,3.2,6.6,1.5,47,37,888,30.25,,0,0,0,36.1,39.4,42.7,0.17,0.14,0.09
SCHU,2016-04-05 13:05:00 EDT,43.11700,-73.57829,103,29.9,28.6,25.1,40.6,8.8,0.000,0.000,0.00,0.000,4.5,9.1,2.0,53,23,5.0,9.6,2.1,51,24,4.5,9.1,2.0,53,23,891,30.25,,0,0,0,36.1,39.4,42.6,0.17,0.14,0.08
SCHU,2016-04-05 13:10:00 EDT,43.11700,-73.57829,103,29.5,28.8,23.7,40.4,8.4,0.000,0.000,0.00,0.000,5.5,11.0,2.3,14,23,6.2,13.4,2.6,14,20,5.5,11.0,2.3,14,23,829,30.25,,0,0,0,36.1,39.4,42.7,0.17,0.14,0.09
SCHU,2016-04-05 13:15:00 EDT,43.11700,-73.57829,103,29.6,28.8,24.7,40.5,8.4,0.000,0.000,0.00,0.000,4.5,6.8,1.3,18,22,5.2,8.5,1.3,16,22,4.5,6.8,1.3,18,22,888,30.25,,0,0,0,36.1,39.4,42.7,0.17,0.14,0.08
SCHU,2016-04-05 13:20:00 EDT,43.11700,-73.57829,103,30.1,29.0,25.8,39.7,8.5,0.000,0.000,0.00,0.000,4.1,6.2,1.1,66,26,4.6,7.4,1.3,65,23,4.1,6.2,1.1,66,26,885,30.25,,0,0,0,36.2,39.4,42.7,0.17,0.14,0.09
SCHU,2016-04-05 13:25:00 EDT,43.11700,-73.57829,103,30.2,29.2,26.1,39.6,8.6,0.000,0.000,0.00,0.000,4.0,7.2,1.4,13,25,4.4,9.2,1.7,12,25,4.0,7.2,1.4,13,25,882,30.25,,0,0,0,36.0,39.4,42.6,0.17,0.14,0.09
SCHU,2016-04-05 13:30:00 EDT,43.11700,-73.57829,103,29.8,29.4,25.8,37.8,7.1,0.000,0.000,0.00,0.000,3.8,7.4,1.6,356,39,4.2,9.2,1.7,355,40,3.8,7.4,1.6,356,39,881,30.24,,0,0,0,36.1,39.4,42.6,0.17,0.14,0.09
SCHU,2016-04-05 13:35:00 EDT,43.11700,-73.57829,103,30.5,29.4,25.9,39.3,8.6,0.000,0.000,0.00,0.000,4.4,7.7,2.0,64,32,5.0,9.2,2.1,64,32,4.4,7.7,2.0,64,32,877,30.24,,0,0,0,36.1,39.4,42.6,0.17,0.14,0.09
SCHU,2016-04-05 13:40:00 EDT,43.11700,-73.57829,103,30.5,29.3,25.2,39.2,8.6,0.000,0.000,0.00,0.000,5.1,9.9,1.6,44,19,5.5,11.4,1.9,43,19,5.1,9.9,1.6,44,19,872,30.24,,0,0,0,36.1,39.3,42.6,0.17,0.14,0.09
SCHU,2016-04-05 13:45:00 EDT,43.11700,-73.57829,103,30.7,29.6,27.1,40.0,9.2,0.000,0.000,0.00,0.000,3.6,8.3,1.7,51,19,4.1,8.9,1.9,49,18,3.6,8.3,1.7,51,19,869,30.23,,0,0,0,36.1,39.4,42.6,0.17,0.14,0.09
SCHU,2016-04-05 13:50:00 EDT,43.11700,-73.57829,103,30.2,29.4,23.2,39.8,8.7,0.000,0.000,0.00,0.000,7.1,9.6,1.3,15,14,7.8,10.5,1.4,12,13,7.1,9.6,1.3,15,14,866,30.23,,0,0,0,36.0,39.4,42.7,0.17,0.14,0.09
SCHU,2016-04-05 13:55:00 EDT,43.11700,-73.57829,103,30.1,29.2,25.0,38.7,7.9,0.000,0.000,0.00,0.000,4.8,8.2,1.7,20,23,5.3,8.9,1.7,19,21,4.8,8.2,1.7,20,23,861,30.23,,0,0,0,36.1,39.4,42.6,0.17,0.14,0.08
SCHU,2016-04-05 14:00:00 EDT,43.11700,-73.57829,103,30.2,29.4,26.7,38.3,7.8,0.000,0.000,0.00,0.000,3.4,7.6,1.7,54,25,3.8,7.6,1.6,53,26,3.4,7.6,1.7,54,25,858,30.23,,0,0,0,36.1,39.3,42.6,0.17,0.14,0.09
SCHU,2016-04-05 14:05:00 EDT,43.11700,-73.57829,103,30.9,29.7,30.9,37.8,8.1,0.000,0.000,0.00,0.000,2.2,4.7,1.2,67,37,2.9,6.0,1.3,72,41,2.2,4.7,1.2,67,37,854,30.22,,0,0,0,36.1,39.4,42.6,0.17,0.14,0.09
SCHU,2016-04-05 14:10:00 EDT,43.11700,-73.57829,103,31.0,30.0,31.0,37.4,7.9,0.000,0.000,0.00,0.000,2.4,6.8,1.9,44,24,3.0,7.4,1.8,41,27,2.4,6.8,1.9,44,24,849,30.22,,0,0,0,36.1,39.4,42.6,0.17,0.14,0.09
SCHU,2016-04-05 14:15:00 EDT,43.11700,-73.57829,103,31.7,30.4,27.7,40.2,10.2,0.000,0.000,0.00,0.000,4.0,6.8,1.1,41,30,4.6,7.8,1.2,39,27,4.0,6.8,1.1,41,30,842,30.22,,0,0,0,36.1,39.4,42.6,0.17,0.14,0.08
SCHU,2016-04-05 14:20:00 EDT,43.11700,-73.57829,103,32.2,30.5,32.2,41.6,11.4,0.000,0.000,0.00,0.000,2.9,6.0,1.4,36,25,3.3,6.7,1.4,35,28,2.9,6.0,1.4,36,25,834,30.22,,0,0,0,36.0,39.3,42.6,0.17,0.14,0.08
SCHU,2016-04-05 14:25:00 EDT,43.11700,-73.57829,103,32.0,30.6,32.0,38.3,9.4,0.000,0.000,0.00,0.000,1.6,3.5,1.1,71,30,2.1,4.3,1.1,71,37,1.6,3.5,1.1,71,30,828,30.22,,0,0,0,36.0,39.4,42.6,0.17,0.14,0.09
SCHU,2016-04-05 14:30:00 EDT,43.11700,-73.57829,103,31.8,31.0,31.8,38.8,9.5,0.000,0.000,0.00,0.000,1.1,2.2,0.6,121,55,1.7,3.1,0.6,122,54,1.1,2.2,0.6,121,55,825,30.21,,0,0,0,36.0,39.3,42.6,0.17,0.14,0.08
SCHU,2016-04-05 14:35:00 EDT,43.11700,-73.57829,103,32.0,31.0,28.1,36.1,8.1,0.000,0.000,0.00,0.000,4.0,8.3,2.0,35,20,4.6,9.2,2.0,32,19,4.0,8.3,2.0,35,20,817,30.21,,0,0,0,36.0,39.3,42.5,0.17,0.14,0.08
SCHU,2016-04-05 14:40:00 EDT,43.11700,-73.57829,103,32.6,31.1,32.6,36.8,9.0,0.000,0.000,0.00,0.000,2.7,6.6,1.5,62,27,3.1,6.9,1.5,61,28,2.7,6.6,1.5,62,27,808,30.21,,0,0,0,36.0,39.3,42.6,0.17,0.14,0.09
SCHU,2016-04-05 14:45:00 EDT,43.11700,-73.57829,103,32.7,31.5,32.7,36.7,9.1,0.000,0.000,0.00,0.000,3.0,6.8,1.4,63,34,3.5,7.4,1.4,65,39,3.0,6.8,1.4,63,34,800,30.21,,0,0,0,36.0,39.3,42.5,0.17,0.14,0.08
SCHU,2016-04-05 14:50:00 EDT,43.11700,-73.57829,103,33.2,31.9,29.5,37.4,10.0,0.000,0.000,0.00,0.000,3.9,6.7,1.1,46,18,4.3,8.1,1.2,43,17,3.9,6.7,1.1,46,18,790,30.21,,0,0,0,36.0,39.3,42.5,0.17,0.14,0.09
SCHU,2016-04-05 14:55:00 EDT,43.11700,-73.57829,103,33.1,31.9,30.2,35.9,9.0,0.000,0.000,0.00,0.000,3.3,6.0,1.6,77,26,3.9,6.9,1.6,76,25,3.3,6.0,1.6,77,26,779,30.21,,0,0,0,36.0,39.3,42.5,0.17,0.14,0.09
SCHU,2016-04-05 15:00:00 EDT,43.11700,-73.57829,103,32.8,32.1,32.8,34.1,7.6,0.000,0.000,0.00,0.000,2.3,3.8,0.6,167,37,2.8,4.7,0.7,165,38,2.3,3.8,0.6,167,37,769,30.21,,0,0,0,36.0,39.3,42.5,0.18,0.14,0.08
SCHU,2016-04-05 15:05:00 EDT,43.11700,-73.57829,103,33.0,32.4,33.0,35.6,8.7,0.000,0.000,0.00,0.000,1.4,2.9,0.9,169,27,2.0,4.0,0.8,159,33,1.4,2.9,0.9,169,27,759,30.20,,0,0,0,36.0,39.3,42.5,0.18,0.14,0.09
SCHU,2016-04-05 15:10:00 EDT,43.11700,-73.57829,103,33.4,32.3,28.8,35.8,9.2,0.000,0.000,0.00,0.000,4.9,8.3,1.2,31,14,5.5,9.2,1.4,29,13,4.9,8.3,1.2,31,14,749,30.20,,0,0,0,36.0,39.3,42.5,0.18,0.14,0.09
SCHU,2016-04-05 15:15:00 EDT,43.11700,-73.57829,103,33.7,32.2,29.8,34.8,8.8,0.000,0.000,0.00,0.000,4.3,7.1,1.0,79,27,4.9,8.5,1.2,76,25,4.3,7.1,1.0,79,27,737,30.20,,0,0,0,36.0,39.3,42.5,0.18,0.14,0.09
SCHU,2016-04-05 15:20:00 EDT,43.11700,-73.57829,103,33.7,32.7,33.7,35.3,9.1,0.000,0.000,0.00,0.000,2.2,4.5,1.2,128,30,2.6,5.1,1.2,120,36,2.2,4.5,1.2,128,30,726,30.20,,0,0,0,36.0,39.3,42.5,0.18,0.14,0.09
SCHU,2016-04-05 15:25:00 EDT,43.11700,-73.57829,103,34.2,33.2,34.2,36.9,10.5,0.000,0.000,0.00,0.000,1.8,3.7,0.8,231,63,2.3,4.9,0.9,222,67,1.8,3.7,0.8,231,63,715,30.20,,0,0,0,36.0,39.3,42.4,0.18,0.14,0.09
SCHU,2016-04-05 15:30:00 EDT,43.11700,-73.57829,103,33.7,33.2,33.7,33.7,8.1,0.000,0.000,0.00,0.000,1.2,4.4,1.1,271,46,1.7,5.6,1.0,262,55,1.2,4.4,1.1,271,46,703,30.20,,0,0,0,36.0,39.3,42.5,0.18,0.14,0.09
SCHU,2016-04-05 15:35:00 EDT,43.11700,-73.57829,103,34.7,33.5,34.7,32.7,8.2,0.000,0.000,0.00,0.000,1.0,3.1,0.8,350,56,1.6,3.4,0.7,345,71,1.0,3.1,0.8,350,56,691,30.20,,0,0,0,36.0,39.2,42.5,0.19,0.14,0.09
SCHU,2016-04-05 15:40:00 EDT,43.11700,-73.57829,103,34.6,33.5,34.6,32.7,8.3,0.000,0.000,0.00,0.000,1.8,4.9,0.9,315,64,2.3,6.9,1.0,311,67,1.8,4.9,0.9,315,64,682,30.20,,0,0,0,36.0,39.2,42.5,0.19,0.14,0.08
SCHU,2016-04-05 15:45:00 EDT,43.11700,-73.57829,103,33.8,33.6,33.8,31.1,6.4,0.000,0.000,0.00,0.000,2.6,5.5,1.5,305,23,3.1,6.7,1.6,304,27,2.6,5.5,1.5,305,23,668,30.20,,0,0,0,36.0,39.2,42.5,0.19,0.14,0.09
SCHU,2016-04-05 15:50:00 EDT,43.11700,-73.57829,103,33.8,33.4,33.8,31.2,6.5,0.000,0.000,0.00,0.000,2.4,5.6,1.8,265,16,2.9,6.5,1.8,261,23,2.4,5.6,1.8,265,16,653,30.19,,0,0,0,36.0,39.2,42.4,0.19,0.14,0.09
SCHU,2016-04-05 15:55:00 EDT,43.11700,-73.57829,103,34.0,33.5,34.0,32.2,7.4,0.000,0.000,0.00,0.000,1.8,3.8,0.9,240,22,2.3,4.9,0.9,234,29,1.8,3.8,0.9,240,22,642,30.19,,0,0,0,36.0,39.3,42.5,0.19,0.14,0.08
SCHU,2016-04-05 16:00:00 EDT,43.11700,-73.57829,103,34.2,33.8,34.2,33.5,8.4,0.000,0.000,0.00,0.000,1.3,3.8,1.0,216,37,1.7,4.5,0.9,213,43,1.3,3.8,1.0,216,37,629,30.19,,0,0,0,36.0,39.2,42.4,0.19,0.14,0.09
SCHU,2016-04-05 16:05:00 EDT,43.11700,-73.57829,103,34.0,34.1,34.0,31.8,7.1,0.000,0.000,0.00,0.000,2.0,3.7,0.9,168,17,2.6,4.5,0.9,163,20,2.0,3.7,0.9,168,17,616,30.19,,0,0,0,36.0,39.2,42.4,0.19,0.14,0.08
SCHU,2016-04-05 16:10:00 EDT,43.11700,-73.57829,103,34.9,34.1,34.9,33.7,9.1,0.000,0.000,0.00,0.000,2.9,4.9,1.0,116,20,3.3,5.6,1.2,114,20,2.9,4.9,1.0,116,20,601,30.19,,0,0,0,36.0,39.2,42.4,0.19,0.14,0.08
SCHU,2016-04-05 16:15:00 EDT,43.11700,-73.57829,103,35.5,34.0,33.2,35.2,10.7,0.000,0.000,0.00,0.000,3.1,4.8,0.8,81,22,3.6,5.4,0.9,79,22,3.1,4.8,0.8,81,22,586,30.19,,0,0,0,36.0,39.2,42.5,0.19,0.14,0.09
SCHU,2016-04-05 16:20:00 EDT,43.11700,-73.57829,103,35.2,34.0,32.9,34.1,9.7,0.000,0.000,0.00,0.000,3.1,4.7,0.8,27,19,3.4,5.8,1.0,25,20,3.1,4.7,0.8,27,19,571,30.19,,0,0,0,36.0,39.2,42.4,0.19,0.14,0.08
SCHU,2016-04-05 16:25:00 EDT,43.11700,-73.57829,103,35.2,34.4,35.2,32.9,8.8,0.000,0.000,0.00,0.000,1.0,3.0,0.9,284,50,1.5,4.0,0.9,273,61,1.0,3.0,0.9,284,50,557,30.19,,0,0,0,36.0,39.2,42.4,0.19,0.14,0.09
SCHU,2016-04-05 16:30:00 EDT,43.11700,-73.57829,103,35.3,34.7,35.3,30.8,7.5,0.000,0.000,0.00,0.000,0.6,1.9,0.5,155,41,1.3,2.7,0.6,146,46,0.6,1.9,0.5,155,41,544,30.19,,0,0,0,36.1,39.2,42.4,0.19,0.14,0.08
SCHU,2016-04-05 16:35:00 EDT,43.11700,-73.57829,103,35.5,34.9,35.5,32.9,9.1,0.000,0.000,0.00,0.000,2.5,5.3,1.4,132,19,3.0,6.5,1.4,128,20,2.5,5.3,1.4,132,19,528,30.19,,0,0,0,36.1,39.2,42.4,0.19,0.14,0.09
SCHU,2016-04-05 16:40:00 EDT,43.11700,-73.57829,103,34.9,34.9,31.9,33.1,8.8,0.000,0.000,0.00,0.000,3.6,4.8,0.5,161,10,4.0,5.6,0.7,158,9,3.6,4.8,0.5,161,10,511,30.19,,0,0,0,36.0,39.2,42.4,0.20,0.14,0.09
SCHU,2016-04-05 16:45:00 EDT,43.11700,-73.57829,103,35.1,35.1,35.1,32.5,8.5,0.000,0.000,0.00,0.000,1.3,3.0,0.8,179,30,1.8,3.1,0.7,177,30,1.3,3.0,0.8,179,30,496,30.19,,0,0,0,36.1,39.2,42.4,0.19,0.14,0.09
SCHU,2016-04-05 16:50:00 EDT,43.11700,-73.57829,103,35.4,35.0,35.4,31.6,8.2,0.000,0.000,0.00,0.000,0.8,3.1,0.6,169,40,1.5,3.4,0.6,173,43,0.8,3.1,0.6,169,40,481,30.19,,0,0,0,36.1,39.2,42.4,0.19,0.14,0.09
SCHU,2016-04-05 16:55:00 EDT,43.11700,-73.57829,103,35.4,34.9,35.4,31.4,8.0,0.000,0.000,0.00,0.000,0.9,2.3,0.7,207,37,1.6,3.1,0.7,197,39,0.9,2.3,0.7,207,37,464,30.19,,0,0,0,36.1,39.2,42.4,0.19,0.14,0.08
SCHU,2016-04-05 17:00:00 EDT,43.11700,-73.57829,103,35.4,34.9,35.4,30.9,7.6,0.000,0.000,0.00,0.000,1.8,3.7,0.8,273,18,2.2,5.4,1.0,272,18,1.8,3.7,0.8,273,18,448,30.19,,0,0,0,36.1,39.2,42.4,0.20,0.14,0.09
SCHU,2016-04-05 17:05:00 EDT,43.11700,-73.57829,103,35.8,35.2,35.8,31.8,8.6,0.000,0.000,0.00,0.000,1.6,3.9,0.8,275,21,2.0,4.9,0.9,273,22,1.6,3.9,0.8,275,21,433,30.19,,0,0,0,36.2,39.2,42.3,0.19,0.14,0.09
SCHU,2016-04-05 17:10:00 EDT,43.11700,-73.57829,103,35.8,35.4,33.5,32.5,9.1,0.000,0.000,0.00,0.000,3.1,5.6,1.0,184,31,3.6,6.5,1.1,182,30,3.1,5.6,1.0,184,31,417,30.19,,0,0,0,36.2,39.2,42.4,0.19,0.14,0.09
SCHU,2016-04-05 17:15:00 EDT,43.11700,-73.57829,103,35.4,35.4,35.4,30.4,7.3,0.000,0.000,0.00,0.000,2.1,4.6,0.9,168,13,2.6,5.1,1.0,166,14,2.1,4.6,0.9,168,13,399,30.19,,0,0,0,36.3,39.2,42.4,0.19,0.14,0.09
SCHU,2016-04-05 17:20:00 EDT,43.11700,-73.57829,103,36.0,35.5,36.0,30.5,7.9,0.000,0.000,0.00,0.000,1.3,5.4,1.4,198,45,1.8,4.9,1.1,181,62,1.3,5.4,1.4,198,45,383,30.19,,0,0,0,36.3,39.2,42.4,0.19,0.14,0.08
SCHU,2016-04-05 17:25:00 EDT,43.11700,-73.57829,103,36.2,35.8,33.4,31.4,8.7,0.000,0.000,0.00,0.000,3.5,5.0,0.9,213,39,4.0,5.6,1.0,215,42,3.5,5.0,0.9,213,39,367,30.19,,0,0,0,36.3,39.2,42.4,0.19,0.14,0.08
SCHU,2016-04-05 17:30:00 EDT,43.11700,-73.57829,103,36.1,35.6,36.1,31.1,8.4,0.000,0.000,0.00,0.000,2.6,6.5,1.9,254,20,3.1,6.9,1.9,253,22,2.6,6.5,1.9,254,20,351,30.19,,0,0,0,36.4,39.2,42.4,0.19,0.14,0.08
SCHU,2016-04-05 17:35:00 EDT,43.11700,-73.57829,103,35.7,35.5,35.7,29.5,6.9,0.000,0.000,0.00,0.000,2.6,4.9,1.1,244,36,3.0,5.8,1.1,241,38,2.6,4.9,1.1,244,36,334,30.19,,0,0,0,36.4,39.2,42.3,0.19,0.14,0.08
SCHU,2016-04-05 17:40:00 EDT,43.11700,-73.57829,103,36.0,35.8,36.0,29.5,7.2,0.000,0.000,0.00,0.000,1.4,3.0,1.0,165,13,2.0,4.3,0.9,164,20,1.4,3.0,1.0,165,13,317,30.19,,0,0,0,36.4,39.2,42.4,0.19,0.14,0.08
SCHU,2016-04-05 17:45:00 EDT,43.11700,-73.57829,103,35.9,35.7,35.9,28.8,6.5,0.000,0.000,0.00,0.000,1.6,3.1,0.9,211,20,1.9,3.6,0.8,204,21,1.6,3.1,0.9,211,20,300,30.19,,0,0,0,36.5,39.2,42.3,0.19,0.14,0.08
SCHU,2016-04-05 17:50:00 EDT,43.11700,-73.57829,103,36.0,35.8,36.0,27.6,5.8,0.000,0.000,0.00,0.000,0.4,1.5,0.4,183,23,1.0,2.0,0.4,172,28,0.4,1.5,0.4,183,23,283,30.19,,0,0,0,36.6,39.2,42.3,0.19,0.14,0.09
SCHU,2016-04-05 17:55:00 EDT,43.11700,-73.57829,103,36.1,36.0,36.1,29.4,7.2,0.000,0.000,0.00,0.000,0.7,2.7,0.9,255,13,1.2,3.1,0.9,246,42,0.7,2.7,0.9,255,13,266,30.19,,0,0,0,36.5,39.2,42.3,0.19,0.14,0.08
SCHU,2016-04-05 18:00:00 EDT,43.11700,-73.57829,103,35.9,35.8,35.9,27.7,5.7,0.000,0.000,0.00,0.000,0.8,2.6,0.6,236,21,1.3,2.2,0.6,226,27,0.8,2.6,0.6,236,21,249,30.19,,0,0,0,36.6,39.2,42.3,0.19,0.14,0.07
SCHU,2016-04-05 18:05:00 EDT,43.11700,-73.57829,103,36.0,35.8,36.0,29.0,6.8,0.000,0.000,0.00,0.000,0.7,2.0,0.5,243,40,1.2,2.5,0.4,230,46,0.7,2.0,0.5,243,40,232,30.19,,0,0,0,36.7,39.2,42.3,0.19,0.14,0.08
SCHU,2016-04-05 18:10:00 EDT,43.11700,-73.57829,103,36.1,36.0,36.1,31.4,8.7,0.000,0.000,0.00,0.000,2.3,4.0,1.0,232,16,2.6,4.7,1.0,228,17,2.3,4.0,1.0,232,16,213,30.18,,0,0,0,36.7,39.2,42.3,0.19,0.14,0.08
SCHU,2016-04-05 18:15:00 EDT,43.11700,-73.57829,103,36.0,36.0,36.0,29.9,7.5,0.000,0.000,0.00,0.000,1.5,3.5,1.0,232,16,1.8,3.6,0.7,223,21,1.5,3.5,1.0,232,16,165,30.19,,0,0,0,36.7,39.2,42.3,0.19,0.14,0.08
SCHU,2016-04-05 18:20:00 EDT,43.11700,-73.57829,103,36.0,35.9,36.0,27.8,5.9,0.000,0.000,0.00,0.000,2.8,4.5,1.1,294,11,3.2,5.1,1.2,294,13,2.8,4.5,1.1,294,11,170,30.19,,0,0,0,36.7,39.2,42.4,0.19,0.14,0.09
SCHU,2016-04-05 18:25:00 EDT,43.11700,-73.57829,103,36.0,36.0,36.0,27.9,5.9,0.000,0.000,0.00,0.000,1.6,3.9,0.9,328,39,2.0,4.7,0.9,322,42,1.6,3.9,0.9,328,39,127,30.19,,0,0,0,36.9,39.2,42.3,0.20,0.15,0.09
SCHU,2016-04-05 18:30:00 EDT,43.11700,-73.57829,103,35.7,35.9,35.7,28.1,5.8,0.000,0.000,0.00,0.000,1.4,2.8,0.6,263,51,1.7,3.1,0.6,256,51,1.4,2.8,0.6,263,51,74,30.19,,0,0,0,36.9,39.2,42.3,0.19,0.15,0.08
SCHU,2016-04-05 18:35:00 EDT,43.11700,-73.57829,103,35.7,36.1,35.7,28.8,6.4,0.000,0.000,0.00,0.000,1.8,3.4,0.9,320,24,2.0,4.0,0.9,318,23,1.8,3.4,0.9,320,24,45,30.19,,0,0,0,36.9,39.2,42.3,0.19,0.14,0.08
SCHU,2016-04-05 18:40:00 EDT,43.11700,-73.57829,103,35.9,36.1,35.9,27.4,5.4,0.000,0.000,0.00,0.000,1.9,3.2,0.6,336,28,2.3,3.6,0.6,333,29,1.9,3.2,0.6,336,28,49,30.19,,0,0,0,36.9,39.2,42.3,0.20,0.14,0.08
SCHU,2016-04-05 18:45:00 EDT,43.11700,-73.57829,103,35.9,36.1,35.9,26.9,5.0,0.000,0.000,0.00,0.000,2.1,3.6,0.5,315,20,2.3,4.5,0.7,313,21,2.1,3.6,0.5,315,20,43,30.19,,0,0,0,37.0,39.2,42.3,0.20,0.15,0.09
SCHU,2016-04-05 18:50:00 EDT,43.11700,-73.57829,103,35.8,36.1,35.8,27.1,5.1,0.000,0.000,0.00,0.000,1.9,2.9,0.4,331,23,2.1,3.6,0.5,330,24,1.9,2.9,0.4,331,23,61,30.19,,0,0,0,37.0,39.2,42.3,0.19,0.14,0.09
SCHU,2016-04-05 18:55:00 EDT,43.11700,-73.57829,103,35.7,36.0,35.7,27.2,5.1,0.000,0.000,0.00,0.000,1.8,3.6,0.8,293,25,2.1,4.5,0.8,287,28,1.8,3.6,0.8,293,25,44,30.19,,0,0,0,37.0,39.2,42.3,0.19,0.15,0.07
SCHU,2016-04-05 19:00:00 EDT,43.11700,-73.57829,103,35.3,35.9,35.3,29.4,6.5,0.009,0.009,0.00,0.009,2.2,4.6,1.0,325,24,2.5,4.9,0.9,326,23,2.2,4.6,1.0,325,24,21,30.19,,0,0,0,37.1,39.2,42.3,0.19,0.15,0.08
SCHU,2016-04-05 19:05:00 EDT,43.11700,-73.57829,103,34.7,35.8,34.7,32.8,8.4,0.000,0.009,0.00,0.009,0.8,2.2,0.7,333,27,1.3,3.4,0.5,316,35,0.8,2.2,0.7,333,27,15,30.19,,0,0,0,37.1,39.2,42.3,0.20,0.15,0.08
SCHU,2016-04-05 19:10:00 EDT,43.11700,-73.57829,103,34.6,35.7,34.6,33.4,8.7,0.000,0.009,0.00,0.009,1.9,4.3,0.9,354,21,2.1,4.5,1.0,352,22,1.9,4.3,0.9,354,21,12,30.19,,0,0,0,37.1,39.2,42.3,0.20,0.14,0.08
SCHU,2016-04-05 19:15:00 EDT,43.11700,-73.57829,103,34.7,35.6,31.2,29.8,6.2,0.000,0.009,0.00,0.009,4.0,8.7,2.2,4,22,4.9,10.1,2.4,360,18,4.0,8.7,2.2,4,22,10,30.19,,0,0,0,37.2,39.2,42.3,0.20,0.15,0.08
SCHU,2016-04-05 19:20:00 EDT,43.11700,-73.57829,103,34.8,35.2,32.1,27.7,4.7,0.000,0.009,0.00,0.009,3.2,5.8,1.1,7,17,3.8,6.3,1.2,3,17,3.2,5.8,1.1,7,17,8,30.18,,0,0,0,37.2,39.2,42.3,0.20,0.15,0.08
SCHU,2016-04-05 19:25:00 EDT,43.11700,-73.57829,103,34.5,35.1,34.5,29.4,5.7,0.000,0.009,0.00,0.009,2.9,5.8,1.0,8,16,3.3,6.9,1.2,6,16,2.9,5.8,1.0,8,16,6,30.18,,0,0,0,37.1,39.2,42.3,0.19,0.15,0.08
SCHU,2016-04-05 19:30:00 EDT,43.11700,-73.57829,103,33.7,34.6,33.7,31.5,6.6,0.000,0.009,0.00,0.009,2.9,6.4,1.4,358,23,3.3,7.2,1.5,355,19,2.9,6.4,1.4,358,23,3,30.18,,0,0,0,37.1,39.2,42.3,0.20,0.15,0.08
SCHU,2016-04-05 19:35:00 EDT,43.11700,-73.57829,103,33.4,34.5,33.4,31.2,6.2,0.000,0.009,0.00,0.009,2.9,5.2,0.9,354,18,3.4,6.7,1.2,353,15,2.9,5.2,0.9,354,18,2,30.18,,0,0,0,37.2,39.2,42.3,0.19,0.15,0.08
SCHU,2016-04-05 19:40:00 EDT,43.11700,-73.57829,103,33.8,34.4,33.8,29.8,5.5,0.000,0.009,0.00,0.009,3.0,4.8,0.7,1,22,3.4,6.7,1.1,358,17,3.0,4.8,0.7,1,22,0,30.19,,0,0,0,37.1,39.2,42.3,0.19,0.15,0.08
SCHU,2016-04-05 19:45:00 EDT,43.11700,-73.57829,103,33.6,34.1,31.1,31.0,6.1,0.000,0.009,0.00,0.009,3.0,5.3,1.0,3,16,3.6,6.7,1.3,2,15,3.0,5.3,1.0,3,16,0,30.19,,0,0,0,37.1,39.2,42.3,0.19,0.15,0.09
SCHU,2016-04-05 19:50:00 EDT,43.11700,-73.57829,103,33.6,34.0,31.0,30.9,6.1,0.000,0.009,0.00,0.009,3.1,5.6,0.8,5,16,3.6,6.5,1.0,1,13,3.1,5.6,0.8,5,16,0,30.19,,0,0,0,37.1,39.2,42.3,0.19,0.15,0.09
SCHU,2016-04-05 19:55:00 EDT,43.11700,-73.57829,103,33.1,33.7,33.1,32.3,6.6,0.000,0.009,0.00,0.009,2.2,3.9,0.6,360,11,2.4,4.7,0.8,358,10,2.2,3.9,0.6,360,11,0,30.19,,0,0,0,37.1,39.2,42.3,0.19,0.15,0.09
SCHU,2016-04-05 20:00:00 EDT,43.11700,-73.57829,103,32.5,33.3,32.5,39.1,10.3,0.000,0.009,0.00,0.000,1.7,2.8,0.5,12,11,1.9,3.1,0.5,11,13,1.7,2.8,0.5,12,11,0,30.19,,0,0,0,37.1,39.2,42.3,0.19,0.15,0.09
SCHU,2016-04-05 20:05:00 EDT,43.11700,-73.57829,103,31.2,33.0,31.2,41.0,10.2,0.000,0.009,0.00,0.000,2.1,4.3,0.8,351,16,2.6,5.1,1.0,349,13,2.1,4.3,0.8,351,16,0,30.19,,0,0,0,37.0,39.2,42.3,0.19,0.15,0.09
SCHU,2016-04-05 20:10:00 EDT,43.11700,-73.57829,103,31.0,32.7,31.0,41.7,10.5,0.000,0.009,0.00,0.000,1.8,4.0,0.7,350,24,2.0,4.7,0.9,346,21,1.8,4.0,0.7,350,24,0,30.19,,0,0,0,37.0,39.2,42.2,0.19,0.15,0.07
SCHU,2016-04-05 20:15:00 EDT,43.11700,-73.57829,103,30.5,32.3,30.5,44.3,11.3,0.000,0.009,0.00,0.000,1.0,2.8,0.6,333,30,1.3,3.8,0.7,324,38,1.0,2.8,0.6,333,30,0,30.20,,0,0,0,37.0,39.2,42.2,0.19,0.15,0.09
SCHU,2016-04-05 20:20:00 EDT,43.11700,-73.57829,103,30.3,32.1,30.3,43.2,10.5,0.000,0.009,0.00,0.000,0.7,3.3,0.9,346,22,1.0,3.8,0.8,336,39,0.7,3.3,0.9,346,22,0,30.20,,0,0,0,37.0,39.2,42.3,0.19,0.15,0.08
SCHU,2016-04-05 20:25:00 EDT,43.11700,-73.57829,103,29.8,31.8,29.8,44.5,10.8,0.000,0.009,0.00,0.000,0.2,0.7,0.2,349,11,0.6,0.9,0.2,346,27,0.2,0.7,0.2,349,11,0,30.20,,0,0,0,36.9,39.2,42.2,0.19,0.15,0.08
SCHU,2016-04-05 20:30:00 EDT,43.11700,-73.57829,103,27.9,31.7,27.9,50.0,11.7,0.000,0.009,0.00,0.000,0.1,0.7,0.2,270,61,0.6,1.3,0.3,230,56,0.1,0.7,0.2,270,61,0,30.20,,0,0,0,36.9,39.2,42.2,0.19,0.15,0.08
SCHU,2016-04-05 20:35:00 EDT,43.11700,-73.57829,103,28.9,31.0,28.9,50.5,12.8,0.000,0.009,0.00,0.000,0.6,0.9,0.1,200,13,1.1,1.6,0.1,200,12,0.6,0.9,0.1,200,13,0,30.21,,0,0,0,36.9,39.2,42.2,0.19,0.15,0.08
SCHU,2016-04-05 20:40:00 EDT,43.11700,-73.57829,103,27.8,30.6,27.8,54.2,13.4,0.000,0.009,0.00,0.000,0.8,1.2,0.3,231,10,1.1,1.6,0.2,228,9,0.8,1.2,0.3,231,10,0,30.21,,0,0,0,36.9,39.2,42.2,0.19,0.16,0.08
SCHU,2016-04-05 20:45:00 EDT,43.11700,-73.57829,103,28.6,30.3,28.6,51.6,13.0,0.000,0.009,0.00,0.000,0.3,1.1,0.4,254,1,0.9,1.3,0.3,244,9,0.3,1.1,0.4,254,1,0,30.22,,0,0,0,36.9,39.2,42.2,0.19,0.16,0.08
SCHU,2016-04-05 20:50:00 EDT,43.11700,-73.57829,103,28.0,30.2,28.0,55.6,14.2,0.000,0.009,0.00,0.000,0.3,0.9,0.3,274,6,0.8,1.3,0.2,273,15,0.3,0.9,0.3,274,6,0,30.22,,0,0,0,36.9,39.2,42.2,0.19,0.15,0.09
SCHU,2016-04-05 20:55:00 EDT,43.11700,-73.57829,103,27.5,29.5,27.5,58.1,14.7,0.000,0.009,0.00,0.000,0.7,1.2,0.4,286,16,1.0,1.6,0.3,286,28,0.7,1.2,0.4,286,16,0,30.22,,0,0,0,36.8,39.2,42.2,0.19,0.15,0.09
SCHU,2016-04-05 21:00:00 EDT,43.11700,-73.57829,103,27.7,29.5,27.7,55.7,13.9,0.000,0.009,0.00,0.000,1.0,1.5,0.2,346,16,1.3,2.0,0.3,345,21,1.0,1.5,0.2,346,16,0,30.22,,0,0,0,36.9,39.2,42.2,0.19,0.15,0.08
SCHU,2016-04-05 21:05:00 EDT,43.11700,-73.57829,103,27.4,29.3,27.4,49.6,11.0,0.000,0.009,0.00,0.000,0.4,0.9,0.3,318,1,0.7,1.1,0.2,317,15,0.4,0.9,0.3,318,1,0,30.22,,0,0,0,36.9,39.2,42.2,0.19,0.15,0.09
SCHU,2016-04-05 21:10:00 EDT,43.11700,-73.57829,103,27.5,29.0,27.5,43.8,8.3,0.000,0.009,0.00,0.000,0.1,0.1,0.0,320,0,0.3,0.4,0.1,327,73,0.1,0.1,0.0,320,0,0,30.22,,0,0,0,36.8,39.2,42.2,0.19,0.15,0.09
SCHU,2016-04-05 21:15:00 EDT,43.11700,-73.57829,103,26.5,28.7,26.5,60.7,14.7,0.000,0.009,0.00,0.000,0.3,1.1,0.4,168,40,0.7,1.6,0.5,164,14,0.3,1.1,0.4,168,40,0,30.22,,0,0,0,36.8,39.2,42.1,0.19,0.16,0.09
SCHU,2016-04-05 21:20:00 EDT,43.11700,-73.57829,103,26.2,28.5,26.2,62.5,15.1,0.000,0.009,0.00,0.000,0.9,1.1,0.1,165,6,1.4,1.8,0.1,164,12,0.9,1.1,0.1,165,6,0,30.22,,0,0,0,36.8,39.2,42.2,0.19,0.16,0.08
SCHU,2016-04-05 21:25:00 EDT,43.11700,-73.57829,103,26.5,28.3,26.5,63.4,15.8,0.000,0.009,0.00,0.000,0.8,1.1,0.3,207,8,1.2,1.6,0.2,204,10,0.8,1.1,0.3,207,8,0,30.22,,0,0,0,36.7,39.2,42.2,0.19,0.16,0.08
SCHU,2016-04-05 21:30:00 EDT,43.11700,-73.57829,103,26.3,27.8,26.3,64.5,15.9,0.000,0.009,0.00,0.000,0.6,1.1,0.4,152,10,1.0,1.6,0.3,154,13,0.6,1.1,0.4,152,10,0,30.22,,0,0,0,36.7,39.2,42.2,0.19,0.16,0.08
SCHU,2016-04-05 21:35:00 EDT,43.11700,-73.57829,103,25.8,27.7,25.8,62.5,14.8,0.000,0.009,0.00,0.000,0.3,0.9,0.3,144,0,0.8,1.3,0.3,157,17,0.3,0.9,0.3,144,0,0,30.22,,0,0,0,36.7,39.2,42.1,0.19,0.15,0.08
SCHU,2016-04-05 21:40:00 EDT,43.11700,-73.57829,103,26.0,27.7,26.0,61.9,14.7,0.000,0.009,0.00,0.000,0.7,1.1,0.3,205,3,1.2,1.6,0.2,204,5,0.7,1.1,0.3,205,3,0,30.22,,0,0,0,36.7,39.2,42.1,0.19,0.16,0.09
SCHU,2016-04-05 21:45:00 EDT,43.11700,-73.57829,103,25.8,27.5,25.8,59.3,13.6,0.000,0.009,0.00,0.000,0.9,1.8,0.3,160,23,1.3,2.0,0.2,158,18,0.9,1.8,0.3,160,23,0,30.23,,0,0,0,36.7,39.2,42.1,0.19,0.16,0.09
SCHU,2016-04-05 21:50:00 EDT,43.11700,-73.57829,103,25.4,27.1,25.4,66.9,15.9,0.000,0.009,0.00,0.000,1.8,2.2,0.2,123,20,2.0,2.5,0.2,121,21,1.8,2.2,0.2,123,20,0,30.23,,0,0,0,36.7,39.2,42.1,0.19,0.15,0.08
SCHU,2016-04-05 21:55:00 EDT,43.11700,-73.57829,103,24.8,27.7,24.8,68.8,16.0,0.000,0.009,0.00,0.000,0.9,2.3,0.7,88,10,1.4,2.9,0.6,92,18,0.9,2.3,0.7,88,10,0,30.23,,0,0,0,36.6,39.2,42.1,0.19,0.16,0.09
SCHU,2016-04-05 22:00:00 EDT,43.11700,-73.57829,103,25.3,27.7,25.3,67.5,16.1,0.000,0.009,0.00,0.000,1.5,2.2,0.5,190,14,1.9,2.7,0.5,187,18,1.5,2.2,0.5,190,14,0,30.23,,0,0,0,36.7,39.2,42.1,0.19,0.16,0.09
SCHU,2016-04-05 22:05:00 EDT,43.11700,-73.57829,103,25.1,27.2,25.1,67.4,15.8,0.000,0.009,0.00,0.000,1.6,2.4,0.4,245,20,1.9,2.7,0.4,242,21,1.6,2.4,0.4,245,20,0,30.24,,0,0,0,36.6,39.2,42.1,0.19,0.16,0.09
SCHU,2016-04-05 22:10:00 EDT,43.11700,-73.57829,103,24.7,25.8,24.7,66.7,15.2,0.000,0.009,0.00,0.000,2.0,2.7,0.3,242,20,2.2,3.1,0.4,237,18,2.0,2.7,0.3,242,20,0,30.24,,0,0,0,36.6,39.2,42.1,0.19,0.16,0.08
SCHU,2016-04-05 22:15:00 EDT,43.11700,-73.57829,103,24.4,26.7,24.4,66.4,14.8,0.000,0.009,0.00,0.000,1.4,2.3,0.4,222,20,1.7,2.5,0.4,222,20,1.4,2.3,0.4,222,20,0,30.24,,0,0,0,36.6,39.2,42.1,0.19,0.15,0.08
SCHU,2016-04-05 22:20:00 EDT,43.11700,-73.57829,103,25.2,26.7,25.2,61.5,13.8,0.000,0.009,0.00,0.000,0.3,1.2,0.4,288,4,0.7,1.8,0.4,275,16,0.3,1.2,0.4,288,4,0,30.24,,0,0,0,36.5,39.2,42.1,0.19,0.16,0.08
SCHU,2016-04-05 22:25:00 EDT,43.11700,-73.57829,103,25.2,27.2,25.2,59.2,13.0,0.000,0.009,0.00,0.000,0.4,1.5,0.5,164,15,1.1,2.0,0.4,177,29,0.4,1.5,0.5,164,15,0,30.24,,0,0,0,36.5,39.2,42.1,0.19,0.15,0.08
SCHU,2016-04-05 22:30:00 EDT,43.11700,-73.57829,103,24.1,26.6,24.1,63.1,13.4,0.000,0.009,0.00,0.000,1.3,2.0,0.4,167,20,1.7,2.7,0.4,166,23,1.3,2.0,0.4,167,20,0,30.24,,0,0,0,36.5,39.2,42.1,0.19,0.15,0.08
SCHU,2016-04-05 22:35:00 EDT,43.11700,-73.57829,103,25.1,26.4,25.1,64.4,14.8,0.000,0.009,0.00,0.000,1.0,1.7,0.3,150,12,1.5,2.0,0.3,150,12,1.0,1.7,0.3,150,12,0,30.24,,0,0,0,36.5,39.2,42.1,0.19,0.16,0.08
SCHU,2016-04-05 22:40:00 EDT,43.11700,-73.57829,103,23.9,26.7,23.9,66.0,14.2,0.000,0.009,0.00,0.000,1.2,2.5,0.5,163,28,1.7,3.8,0.5,162,25,1.2,2.5,0.5,163,28,0,30.24,,0,0,0,36.4,39.2,42.1,0.19,0.16,0.09
SCHU,2016-04-05 22:45:00 EDT,43.11700,-73.57829,103,24.4,26.8,24.4,69.6,15.9,0.000,0.009,0.00,0.000,1.3,1.8,0.3,123,25,1.6,2.2,0.3,124,28,1.3,1.8,0.3,123,25,0,30.24,,0,0,0,36.4,39.2,42.1,0.19,0.16,0.07
SCHU,2016-04-05 22:50:00 EDT,43.11700,-73.57829,103,24.5,26.6,24.5,69.0,15.8,0.000,0.009,0.00,0.000,0.7,1.4,0.5,76,16,1.1,2.0,0.4,88,32,0.7,1.4,0.5,76,16,0,30.24,,0,0,0,36.4,39.2,42.1,0.19,0.16,0.08
SCHU,2016-04-05 22:55:00 EDT,43.11700,-73.57829,103,24.8,26.6,24.8,70.2,16.5,0.000,0.009,0.00,0.000,1.7,2.3,0.4,141,7,1.9,2.5,0.4,138,8,1.7,2.3,0.4,141,7,0,30.24,,0,0,0,36.4,39.2,42.1,0.19,0.16,0.08
SCHU,2016-04-05 23:00:00 EDT,43.11700,-73.57829,103,25.0,26.7,25.0,70.0,16.6,0.000,0.009,0.00,0.000,2.0,2.7,0.4,151,15,2.3,3.6,0.5,149,15,2.0,2.7,0.4,151,15,0,30.25,,0,0,0,36.3,39.2,42.1,0.19,0.15,0.08
SCHU,2016-04-05 23:05:00 EDT,43.11700,-73.57829,103,25.2,27.0,25.2,69.2,16.6,0.000,0.009,0.00,0.000,1.2,2.3,0.4,127,15,1.6,2.5,0.4,126,17,1.2,2.3,0.4,127,15,0,30.25,,0,0,0,36.3,39.2,42.1,0.19,0.16,0.09
SCHU,2016-04-05 23:10:00 EDT,43.11700,-73.57829,103,24.7,27.0,24.7,68.8,15.9,0.000,0.009,0.00,0.000,0.7,1.6,0.4,133,13,1.2,2.0,0.3,138,23,0.7,1.6,0.4,133,13,0,30.25,,0,0,0,36.3,39.2,42.1,0.19,0.16,0.08
SCHU,2016-04-05 23:15:00 EDT,43.11700,-73.57829,103,24.5,27.1,24.5,67.7,15.3,0.000,0.009,0.00,0.000,0.3,1.0,0.3,219,2,0.8,1.6,0.3,207,16,0.3,1.0,0.3,219,2,0,30.25,,0,0,0,36.3,39.2,42.1,0.19,0.16,0.08
SCHU,2016-04-05 23:20:00 EDT,43.11700,-73.57829,103,24.8,26.6,24.8,65.6,14.9,0.000,0.009,0.00,0.000,0.0,0.6,0.1,205,1,0.7,1.1,0.2,181,33,0.0,0.6,0.1,205,1,0,30.25,,0,0,0,36.3,39.2,42.1,0.19,0.16,0.09
SCHU,2016-04-05 23:25:00 EDT,43.11700,-73.57829,103,24.6,26.5,24.6,66.3,15.0,0.000,0.009,0.00,0.000,1.3,2.3,0.5,163,14,1.8,2.7,0.4,160,15,1.3,2.3,0.5,163,14,0,30.25,,0,0,0,36.3,39.2,42.1,0.19,0.16,0.08
SCHU,2016-04-05 23:30:00 EDT,43.11700,-73.57829,103,24.7,26.4,24.7,67.4,15.4,0.000,0.009,0.00,0.000,1.6,2.0,0.2,146,10,1.8,2.5,0.3,143,11,1.6,2.0,0.2,146,10,0,30.25,,0,0,0,36.2,39.2,42.1,0.19,0.15,0.08
SCHU,2016-04-05 23:35:00 EDT,43.11700,-73.57829,103,24.8,26.6,24.8,67.4,15.5,0.000,0.009,0.00,0.000,1.8,2.5,0.3,108,12,2.0,2.9,0.3,106,13,1.8,2.5,0.3,108,12,0,30.25,,0,0,0,36.2,39.2,42.1,0.19,0.16,0.08
SCHU,2016-04-05 23:40:00 EDT,43.11700,-73.57829,103,23.3,26.9,23.3,67.9,14.3,0.000,0.009,0.00,0.000,1.4,2.2,0.4,78,17,1.7,2.7,0.4,74,18,1.4,2.2,0.4,78,17,0,30.25,,0,0,0,36.2,39.2,42.1,0.19,0.15,0.08
SCHU,2016-04-05 23:45:00 EDT,43.11700,-73.57829,103,23.9,26.8,23.9,68.1,14.9,0.000,0.009,0.00,0.000,0.6,1.5,0.5,7,27,1.0,2.2,0.5,5,33,0.6,1.5,0.5,7,27,0,30.25,,0,0,0,36.2,39.2,42.1,0.19,0.16,0.07
SCHU,2016-04-05 23:50:00 EDT,43.11700,-73.57829,103,23.9,26.4,23.9,69.6,15.4,0.000,0.009,0.00,0.000,0.7,1.9,0.6,233,11,1.1,2.0,0.5,221,30,0.7,1.9,0.6,233,11,0,30.24,,0,0,0,36.1,39.2,42.1,0.19,0.16,0.08
SCHU,2016-04-05 23:55:00 EDT,43.11700,-73.57829,103,23.3,25.3,23.3,67.3,14.1,0.000,0.009,0.00,0.000,1.5,2.2,0.3,218,6,1.8,2.5,0.3,215,8,1.5,2.2,0.3,218,6,0,30.24,,0,0,0,36.1,39.2,42.1,0.19,0.16,0.08
SHER,2016-04-05 00:00:00 EDT,42.64026,-75.48370,1157,21.1,21.4,13.3,55.4,7.6,0.000,0.334,0.00,0.000,5.9,9.6,1.6,330,16,4.3,4.3,0.0,341,0,5.9,9.6,1.6,330,16,0,28.87,,,,,,,,,,
SHER,2016-04-05 00:05:00 EDT,42.64026,-75.48370,1157,20.9,21.3,12.7,55.1,7.3,0.000,0.000,0.00,0.000,6.3,10.2,1.4,331,14,,,,,,6.3,10.2,1.4,331,14,0,28.87,,,,,,,,,,
SHER,2016-04-05 00:10:00 EDT,42.64026,-75.48370,1157,20.8,21.2,12.8,54.8,7.1,0.000,0.000,0.00,0.000,6.1,9.7,1.7,335,15,,,,,,6.1,9.7,1.7,335,15,0,28.87,,,,,,,,,,
SHER,2016-04-05 00:15:00 EDT,42.64026,-75.48370,1157,20.6,21.0,12.8,54.7,6.9,0.000,0.000,0.00,0.000,5.9,9.9,1.3,327,13,4.5,4.5,0.0,357,0,5.9,9.9,1.3,327,13,0,28.87,,,,,,,,,,
SHER,2016-04-05 00:20:00 EDT,42.64026,-75.48370,1157,20.3,20.8,11.8,54.6,6.6,0.000,0.000,0.00,0.000,6.5,8.5,1.3,323,16,,,,,,6.5,8.5,1.3,323,16,0,28.87,,,,,,,,,,
SHER,2016-04-05 00:25:00 EDT,42.64026,-75.48370,1157,20.0,20.4,11.1,54.2,6.0,0.000,0.000,0.00,0.000,6.8,11.4,1.9,326,13,,,,,,6.8,11.4,1.9,326,13,0,28.87,,,,,,,,,,
SHER,2016-04-05 00:30:00 EDT,42.64026,-75.48370,1157,19.6,20.2,10.7,54.0,5.7,0.000,0.000,0.00,0.000,6.8,13.2,1.9,326,13,,,,,,6.8,13.2,1.9,326,13,0,28.88,,,,,,,,,,
SHER,2016-04-05 00:35:00 EDT,42.64026,-75.48370,1157,19.5,20.1,12.8,53.1,5.2,0.000,0.000,0.00,0.000,4.7,7.7,1.4,330,17,6.1,7.8,1.9,336,16,4.7,7.7,1.4,330,17,0,28.88,,,,,,,,,,
SHER,2016-04-05 00:40:00 EDT,42.64026,-75.48370,1157,19.5,20.0,14.6,53.2,5.2,0.000,0.000,0.00,0.000,3.4,7.6,1.6,333,22,3.1,4.7,1.6,324,5,3.4,7.6,1.6,333,22,0,28.88,,,,,,,,,,
SHER,2016-04-05 00:45:00 EDT,42.64026,-75.48370,1157,19.4,19.9,12.5,52.8,4.9,0.000,0.000,0.00,0.000,4.7,7.7,1.4,338,18,4.0,4.0,0.0,324,0,4.7,7.7,1.4,338,18,0,28.88,,,,,,,,,,
SHER,2016-04-05 00:50:00 EDT,42.64026,-75.48370,1157,19.1,19.8,10.9,52.8,4.7,0.000,0.000,0.00,0.000,6.0,9.3,1.3,331,18,6.7,6.7,0.0,331,0,6.0,9.3,1.3,331,18,0,28.88,,,,,,,,,,
SHER,2016-04-05 00:55:00 EDT,42.64026,-75.48370,1157,18.8,19.5,10.4,53.4,4.7,0.000,0.000,0.00,0.000,6.1,10.7,1.6,330,13,,,,,,6.1,10.7,1.6,330,13,0,28.88,,,,,,,,,,
SHER,2016-04-05 01:00:00 EDT,42.64026,-75.48370,1157,18.1,19.1,10.4,54.2,4.3,0.000,0.000,0.00,0.000,5.3,10.0,1.4,325,12,3.9,4.5,0.6,325,1,5.3,10.0,1.4,325,12,0,28.89,,,,,,,,,,
SHER,2016-04-05 01:05:00 EDT,42.64026,-75.48370,1157,17.2,18.5,11.0,55.3,3.9,0.000,0.000,0.00,0.000,4.0,9.1,1.4,325,15,5.8,5.8,0.0,329,0,4.0,9.1,1.4,325,15,0,28.89,,,,,,,,,,
SHER,2016-04-05 01:10:00 EDT,42.64026,-75.48370,1157,16.5,17.8,16.5,56.9,3.9,0.000,0.000,0.00,0.000,1.3,4.7,1.2,308,20,1.1,1.1,0.0,268,0,1.3,4.7,1.2,308,20,0,28.89,,,,,,,,,,
SHER,2016-04-05 01:15:00 EDT,42.64026,-75.48370,1157,16.5,17.8,16.5,58.6,4.5,0.000,0.000,0.00,0.000,1.1,3.1,0.9,267,41,,,,,,1.1,3.1,0.9,267,41,0,28.89,,,,,,,,,,
SHER,2016-04-05 01:20:00 EDT,42.64026,-75.48370,1157,,,,,,,,,,,,,,,,,,,,,,,,,,,,,,,,,,,,
SHER,2016-04-05 01:25:00 EDT,42.64026,-75.48370,1157,17.0,18.1,17.0,58.2,4.8,,0.000,0.00,0.000,1.4,3.1,0.8,308,33,,,,,,1.4,3.1,0.8,308,33,0,28.89,,,,,,,,,,
SHER,2016-04-05 01:30:00 EDT,42.64026,-75.48370,1157,16.9,17.9,16.9,58.5,4.8,0.000,0.000,0.00,0.000,1.0,3.7,1.0,322,25,1.3,2.7,0.8,349,16,1.0,3.7,1.0,322,25,0,28.89,,,,,,,,,,
SHER,2016-04-05 01:35:00 EDT,42.64026,-75.48370,1157,17.1,18.0,17.1,57.8,4.8,0.000,0.000,0.00,0.000,2.0,4.0,1.0,331,27,,,,,,2.0,4.0,1.0,331,27,0,28.89,,,,,,,,,,
SHER,2016-04-05 01:40:00 EDT,42.64026,-75.48370,1157,16.6,17.6,16.6,57.5,4.2,0.000,0.000,0.00,0.000,1.8,4.5,1.1,329,31,,,,,,1.8,4.5,1.1,329,31,0,28.90,,,,,,,,,,
SHER,2016-04-05 01:45:00 EDT,42.64026,-75.48370,1157,16.8,17.7,16.8,58.1,4.6,0.000,0.000,0.00,0.000,1.8,4.9,1.0,308,29,,,,,,1.8,4.9,1.0,308,29,0,28.90,,,,,,,,,,
SHER,2016-04-05 01:50:00 EDT,42.64026,-75.48370,1157,15.7,17.2,15.7,58.1,3.6,0.000,0.000,0.00,0.000,1.0,2.4,0.5,251,27,1.3,1.8,0.4,216,25,1.0,2.4,0.5,251,27,0,28.89,,,,,,,,,,
SHER,2016-04-05 01:55:00 EDT,42.64026,-75.48370,1157,15.7,16.8,15.7,60.7,4.5,0.000,0.000,0.00,0.000,0.5,1.5,0.5,222,11,,,,,,0.5,1.5,0.5,222,11,0,28.90,,,,,,,,,,
SHER,2016-04-05 02:00:00 EDT,42.64026,-75.48370,1157,15.4,16.6,15.4,62.1,4.7,0.000,0.000,0.00,0.000,0.3,1.2,0.4,196,13,1.0,1.6,0.4,181,33,0.3,1.2,0.4,196,13,0,28.90,,,,,,,,,,
SHER,2016-04-05 02:05:00 EDT,42.64026,-75.48370,1157,15.0,16.3,15.0,63.1,4.7,0.000,0.000,0.00,0.000,0.9,1.9,0.6,143,50,1.6,1.6,0.0,177,0,0.9,1.9,0.6,143,50,0,28.90,,,,,,,,,,
SHER,2016-04-05 02:10:00 EDT,42.64026,-75.48370,1157,15.1,16.3,15.1,62.7,4.7,0.000,0.000,0.00,0.000,0.7,2.3,0.6,175,56,,,,,,0.7,2.3,0.6,175,56,0,28.90,,,,,,,,,,
SHER,2016-04-05 02:15:00 EDT,42.64026,-75.48370,1157,15.8,16.6,15.8,62.0,5.1,0.000,0.000,0.00,0.000,2.2,5.0,1.2,323,32,,,,,,2.2,5.0,1.2,323,32,0,28.90,,,,,,,,,,
SHER,2016-04-05 02:20:00 EDT,42.64026,-75.48370,1157,15.0,16.2,15.0,59.7,3.5,0.000,0.000,0.00,,0.7,2.3,0.6,140,51,0.2,0.2,0.0,194,0,0.7,2.3,0.6,140,51,0,28.90,,,,,,,,,,
SHER,2016-04-05 02:25:00 EDT,42.64026,-75.48370,1157,15.2,16.1,15.2,61.8,4.4,0.000,0.000,0.00,0.000,0.9,2.6,0.6,126,48,,,,,,0.9,2.6,0.6,126,48,0,28.90,,,,,,,,,,
SHER,2016-04-05 02:30:00 EDT,42.64026,-75.48370,1157,15.3,15.9,15.3,61.2,4.4,0.000,0.000,0.00,0.000,0.6,2.1,0.6,164,24,1.1,1.1,0.0,128,18,0.6,2.1,0.6,164,24,0,28.90,,,,,,,,,,
SHER,2016-04-05 02:35:00 EDT,42.64026,-75.48370,1157,14.9,16.0,14.9,60.3,3.6,0.000,0.000,0.00,0.000,0.3,1.8,0.5,11,31,2.0,2.0,0.0,17,0,0.3,1.8,0.5,11,31,0,28.91,,,,,,,,,,
SHER,2016-04-05 02:40:00 EDT,42.64026,-75.48370,1157,15.0,16.1,15.0,60.2,3.6,0.000,0.000,0.00,0.000,1.4,4.2,1.1,332,18,,,,,,1.4,4.2,1.1,332,18,0,28.91,,,,,,,,,,
SHER,2016-04-05 02:45:00 EDT,42.64026,-75.48370,1157,14.4,15.8,14.4,61.3,3.5,0.000,0.000,0.00,0.000,0.5,2.2,0.5,299,36,,,,,,0.5,2.2,0.5,299,36,0,28.91,,,,,,,,,,
SHER,2016-04-05 02:50:00 EDT,42.64026,-75.48370,1157,13.9,15.3,13.9,63.2,3.7,0.000,0.000,0.00,0.000,1.2,3.3,0.9,297,25,1.7,2.5,0.5,299,25,1.2,3.3,0.9,297,25,0,28.91,,,,,,,,,,
SHER,2016-04-05 02:55:00 EDT,42.64026,-75.48370,1157,13.3,14.7,13.3,64.4,3.5,0.000,0.000,0.00,0.000,0.3,1.5,0.4,324,9,1.3,1.3,0.0,318,0,0.3,1.5,0.4,324,9,0,28.91,,,,,,,,,,
SHER,2016-04-05 03:00:00 EDT,42.64026,-75.48370,1157,12.8,14.3,12.8,65.5,3.4,0.000,0.000,0.00,0.000,0.7,1.9,0.7,78,33,,,,,,0.7,1.9,0.7,78,33,0,28.91,,,,,,,,,,
SHER,2016-04-05 03:05:00 EDT,42.64026,-75.48370,1157,12.5,13.9,12.5,65.7,3.2,0.000,0.000,0.00,0.000,1.2,1.8,0.4,112,23,,,,,,1.2,1.8,0.4,112,23,0,28.91,,,,,,,,,,
SHER,2016-04-05 03:10:00 EDT,42.64026,-75.48370,1157,12.3,13.5,12.3,67.2,3.5,0.000,0.000,0.00,0.000,1.1,2.4,0.7,111,19,,,,,,1.1,2.4,0.7,111,19,0,28.92,,,,,,,,,,
SHER,2016-04-05 03:15:00 EDT,42.64026,-75.48370,1157,12.4,14.0,12.4,66.7,3.4,0.000,0.000,0.00,0.000,1.3,2.2,0.7,133,11,1.3,1.3,0.0,124,0,1.3,2.2,0.7,133,11,0,28.92,,,,,,,,,,
SHER,2016-04-05 03:20:00 EDT,42.64026,-75.48370,1157,12.4,13.9,12.4,65.9,3.1,0.000,0.000,0.00,0.000,1.4,2.7,0.8,125,25,,,,,,1.4,2.7,0.8,125,25,0,28.92,,,,,,,,,,
SHER,2016-04-05 03:25:00 EDT,42.64026,-75.48370,1157,12.1,13.7,12.1,65.4,2.7,0.000,0.000,0.00,0.000,1.8,2.8,0.6,106,21,2.9,2.9,0.0,132,0,1.8,2.8,0.6,106,21,0,28.92,,,,,,,,,,
SHER,2016-04-05 03:30:00 EDT,42.64026,-75.48370,1157,12.7,13.6,12.7,65.9,3.4,0.000,0.000,0.00,0.000,0.2,1.5,0.4,47,32,,,,,,0.2,1.5,0.4,47,32,0,28.92,,,,,,,,,,
SHER,2016-04-05 03:35:00 EDT,42.64026,-75.48370,1157,12.1,13.1,12.1,67.4,3.3,0.000,0.000,0.00,0.000,0.2,1.5,0.3,353,26,1.3,1.3,0.0,87,0,0.2,1.5,0.3,353,26,0,28.92,,,,,,,,,,
SHER,2016-04-05 03:40:00 EDT,42.64026,-75.48370,1157,,,,,,,,,,,,,,,,,,,,,,,,,,,,,,,,,,,,
SHER,2016-04-05 03:45:00 EDT,42.64026,-75.48370,1157,11.6,13.0,11.6,69.0,3.4,,0.000,0.00,0.000,1.2,2.3,0.6,45,20,,,,,,1.2,2.3,0.6,45,20,0,28.93,,,,,,,,,,
SHER,2016-04-05 03:50:00 EDT,42.64026,-75.48370,1157,10.9,12.4,10.9,69.9,3.0,0.000,0.000,0.00,0.000,2.9,4.5,0.9,88,14,5.1,5.1,0.0,99,0,2.9,4.5,0.9,88,14,0,28.93,,,,,,,,,,
SHER,2016-04-05 03:55:00 EDT,42.64026,-75.48370,1157,11.1,11.9,4.3,70.7,3.4,0.000,0.000,0.00,0.000,3.7,4.2,0.3,88,5,4.3,4.3,0.0,93,0,3.7,4.2,0.3,88,5,0,28.93,,,,,,,,,,
SHER,2016-04-05 04:00:00 EDT,42.64026,-75.48370,1157,10.5,11.8,3.0,69.8,2.6,0.000,0.000,0.00,0.000,4.2,5.2,0.4,93,4,6.5,6.5,0.0,98,0,4.2,5.2,0.4,93,4,0,28.93,,,,,,,,,,
SHER,2016-04-05 04:05:00 EDT,42.64026,-75.48370,1157,9.5,11.1,1.3,70.9,2.0,0.000,0.000,0.00,0.000,4.5,5.3,0.3,96,4,5.4,5.6,0.2,99,1,4.5,5.3,0.3,96,4,0,28.94,,,,,,,,,,
SHER,2016-04-05 04:10:00 EDT,42.64026,-75.48370,1157,9.8,10.8,2.6,71.7,2.5,0.000,0.000,0.00,0.000,3.9,5.0,0.6,99,5,,,,,,3.9,5.0,0.6,99,5,0,28.94,,,,,,,,,,
SHER,2016-04-05 04:15:00 EDT,42.64026,-75.48370,1157,9.7,11.1,2.4,71.0,2.1,0.000,0.000,0.00,0.000,3.9,4.6,0.3,97,6,,,,,,3.9,4.6,0.3,97,6,0,28.94,,,,,,,,,,
SHER,2016-04-05 04:20:00 EDT,42.64026,-75.48370,1157,7.6,10.0,-1.2,71.1,0.2,0.000,0.000,0.00,0.000,4.7,5.8,0.5,94,5,6.0,7.2,1.1,96,3,4.7,5.8,0.5,94,5,0,28.94,,,,,,,,,,
SHER,2016-04-05 04:25:00 EDT,42.64026,-75.48370,1157,7.1,8.9,-2.9,74.6,0.7,0.000,0.000,0.00,0.000,5.5,6.4,0.4,96,3,6.3,6.3,0.0,92,0,5.5,6.4,0.4,96,3,0,28.95,,,,,,,,,,
SHER,2016-04-05 04:30:00 EDT,42.64026,-75.48370,1157,7.3,9.0,-2.3,74.5,0.9,0.000,0.000,0.00,0.000,5.2,6.1,0.4,95,4,5.5,5.6,0.1,93,1,5.2,6.1,0.4,95,4,0,28.95,,,,,,,,,,
SHER,2016-04-05 04:35:00 EDT,42.64026,-75.48370,1157,7.0,8.7,-2.5,74.2,0.5,0.000,0.000,0.00,0.000,5.2,5.6,0.2,91,5,6.3,6.3,0.0,90,0,5.2,5.6,0.2,91,5,0,28.95,,,,,,,,,,
SHER,2016-04-05 04:40:00 EDT,42.64026,-75.48370,1157,7.3,9.3,-1.7,75.5,1.2,0.000,0.000,0.00,,4.9,5.8,0.5,89,3,,,,,,4.9,5.8,0.5,89,3,0,28.95,,,,,,,,,,
SHER,2016-04-05 04:45:00 EDT,42.64026,-75.48370,1157,7.0,9.3,-1.2,74.2,0.5,0.000,0.000,0.00,0.000,4.3,4.8,0.2,88,3,,,,,,4.3,4.8,0.2,88,3,0,28.95,,,,,,,,,,
SHER,2016-04-05 04:50:00 EDT,42.64026,-75.48370,1157,6.6,9.1,-2.3,74.8,0.3,0.000,0.000,0.00,0.000,4.6,5.4,0.5,89,4,,,,,,4.6,5.4,0.5,89,4,0,28.95,,,,,,,,,,
SHER,2016-04-05 04:55:00 EDT,42.64026,-75.48370,1157,6.3,9.1,-2.9,75.6,0.3,0.000,0.000,0.00,0.000,4.9,5.6,0.4,88,3,5.6,5.6,0.0,89,0,4.9,5.6,0.4,88,3,0,28.96,,,,,,,,,,
SHER,2016-04-05 05:00:00 EDT,42.64026,-75.48370,1157,6.5,9.2,-0.2,74.9,0.2,0.000,0.000,0.00,0.000,3.3,4.4,0.7,83,5,3.8,4.7,0.9,87,0,3.3,4.4,0.7,83,5,0,28.96,,,,,,,,,,
SHER,2016-04-05 05:05:00 EDT,42.64026,-75.48370,1157,5.8,7.7,5.8,74.4,-0.6,0.000,0.000,0.00,0.000,2.9,5.0,1.1,85,8,4.1,4.3,0.1,94,1,2.9,5.0,1.1,85,8,0,28.96,,,,,,,,,,
SHER,2016-04-05 05:10:00 EDT,42.64026,-75.48370,1157,6.1,8.0,-1.2,76.3,0.3,0.000,0.000,0.00,0.000,3.6,5.2,0.9,90,6,4.7,4.7,0.0,95,0,3.6,5.2,0.9,90,6,0,28.97,,,,,,,,,,
SHER,2016-04-05 05:15:00 EDT,42.64026,-75.48370,1157,6.2,8.4,-0.9,76.3,0.3,0.000,0.000,0.00,0.000,3.5,4.4,0.6,89,8,,,,,,3.5,4.4,0.6,89,8,0,28.97,,,,,,,,,,
SHER,2016-04-05 05:20:00 EDT,42.64026,-75.48370,1157,5.8,8.0,-2.9,76.2,-0.1,0.000,0.000,0.00,0.000,4.4,4.7,0.2,92,3,,,,,,4.4,4.7,0.2,92,3,0,28.97,,,,,,,,,,
SHER,2016-04-05 05:25:00 EDT,42.64026,-75.48370,1157,5.2,7.4,-4.5,76.6,-0.6,0.000,0.000,0.00,0.000,5.1,5.6,0.3,90,3,,,,,,5.1,5.6,0.3,90,3,0,28.97,,,,,,,,,,
SHER,2016-04-05 05:30:00 EDT,42.64026,-75.48370,1157,6.4,7.8,-2.4,78.0,1.0,0.000,0.000,0.00,0.000,4.5,5.3,0.3,86,4,5.8,5.8,0.0,89,0,4.5,5.3,0.3,86,4,0,28.98,,,,,,,,,,
SHER,2016-04-05 05:35:00 EDT,42.64026,-75.48370,1157,5.4,7.2,-4.5,75.1,-0.8,0.000,0.000,0.00,0.000,5.2,6.3,0.6,90,4,,,,,,5.2,6.3,0.6,90,4,0,28.98,,,,,,,,,,
SHER,2016-04-05 05:40:00 EDT,42.64026,-75.48370,1157,4.5,6.2,-6.1,77.0,-1.2,0.000,0.000,0.00,0.000,5.6,6.1,0.4,91,3,,,,,,5.6,6.1,0.4,91,3,0,28.98,,,,,,,,,,
SHER,2016-04-05 05:45:00 EDT,42.64026,-75.48370,1157,5.4,6.3,-4.8,78.5,0.1,0.000,0.000,0.00,0.000,5.4,5.9,0.4,89,4,,,,,,5.4,5.9,0.4,89,4,0,28.98,,,,,,,,,,
SHER,2016-04-05 05:50:00 EDT,42.64026,-75.48370,1157,5.1,6.0,-5.2,77.0,-0.5,0.000,0.000,0.00,0.000,5.5,5.9,0.1,89,3,,,,,,5.5,5.9,0.1,89,3,0,28.99,,,,,,,,,,
SHER,2016-04-05 05:55:00 EDT,42.64026,-75.48370,1157,4.4,6.0,-6.0,78.0,-1.0,0.000,0.000,0.00,0.000,5.5,6.1,0.2,92,3,,,,,,5.5,6.1,0.2,92,3,0,28.99,,,,,,,,,,
SHER,2016-04-05 06:00:00 EDT,42.64026,-75.48370,1157,,,,,,,,,,,,,,,,,,,,,,,,,,,,,,,,,,,,
SHER,2016-04-05 06:05:00 EDT,42.64026,-75.48370,1157,4.6,6.1,-5.4,78.2,-0.7,,0.000,0.00,0.000,5.2,5.6,0.2,87,3,,,,,,5.2,5.6,0.2,87,3,0,28.99,,,,,,,,,,
SHER,2016-04-05 06:10:00 EDT,42.64026,-75.48370,1157,4.8,6.4,-4.9,79.6,-0.1,0.000,0.000,0.00,0.000,5.0,5.3,0.1,89,2,,,,,,5.0,5.3,0.1,89,2,0,29.00,,,,,,,,,,
SHER,2016-04-05 06:15:00 EDT,42.64026,-75.48370,1157,4.7,6.7,-4.5,79.1,-0.4,0.000,0.000,0.00,0.000,4.6,5.0,0.2,91,2,5.4,5.4,0.0,97,0,4.6,5.0,0.2,91,2,0,29.00,,,,,,,,,,
SHER,2016-04-05 06:20:00 EDT,42.64026,-75.48370,1157,4.4,6.7,-3.8,78.2,-0.9,0.000,0.000,0.00,0.000,4.0,4.7,0.4,87,5,4.5,4.5,0.0,89,0,4.0,4.7,0.4,87,5,0,29.00,,,,,,,,,,
SHER,2016-04-05 06:25:00 EDT,42.64026,-75.48370,1157,4.1,6.1,4.1,80.1,-0.6,0.000,0.000,0.00,0.000,0.9,2.0,0.5,349,19,,,,,,0.9,2.0,0.5,349,19,0,29.01,,,,,,,,,,
SHER,2016-04-05 06:30:00 EDT,42.64026,-75.48370,1157,4.3,5.9,4.3,82.2,0.1,0.000,0.000,0.00,0.000,0.8,3.7,1.1,97,16,,,,,,0.8,3.7,1.1,97,16,1,29.01,,,,,,,,,,
SHER,2016-04-05 06:35:00 EDT,42.64026,-75.48370,1157,3.8,6.0,-2.9,80.8,-0.7,0.000,0.000,0.00,0.000,3.2,3.9,0.5,95,5,,,,,,3.2,3.9,0.5,95,5,2,29.02,,,,,,,,,,
SHER,2016-04-05 06:40:00 EDT,42.64026,-75.48370,1157,3.8,6.4,3.8,80.3,-0.9,0.000,0.000,0.00,0.000,2.6,3.7,0.5,89,5,2.7,2.7,0.0,109,0,2.6,3.7,0.5,89,5,3,29.02,,,,,,,,,,
SHER,2016-04-05 06:45:00 EDT,42.64026,-75.48370,1157,3.6,6.0,3.6,79.2,-1.4,0.000,0.000,0.00,0.000,1.8,2.7,0.6,88,25,,,,,,1.8,2.7,0.6,88,25,4,29.02,,,,,,,,,,
SHER,2016-04-05 06:50:00 EDT,42.64026,-75.48370,1157,3.0,4.3,3.0,80.8,-1.6,0.000,0.000,0.00,0.000,0.6,1.8,0.4,306,45,,,,,,0.6,1.8,0.4,306,45,5,29.02,,,,,,,,,,
SHER,2016-04-05 06:55:00 EDT,42.64026,-75.48370,1157,3.4,4.8,3.4,84.6,-0.2,0.000,0.000,0.00,0.000,2.5,3.9,0.8,87,7,,,,,,2.5,3.9,0.8,87,7,6,29.03,,,,,,,,,,
SHER,2016-04-05 07:00:00 EDT,42.64026,-75.48370,1157,3.0,5.3,-5.5,81.5,-1.4,0.000,0.000,0.00,,4.0,4.5,0.2,86,4,,,,,,4.0,4.5,0.2,86,4,8,29.03,,,,,,,,,,
SHER,2016-04-05 07:05:00 EDT,42.64026,-75.48370,1157,3.2,5.2,3.2,81.6,-1.2,0.000,0.000,0.00,0.000,2.5,4.2,1.7,83,3,,,,,,2.5,4.2,1.7,83,3,9,29.03,,,,,,,,,,
SHER,2016-04-05 07:10:00 EDT,42.64026,-75.48370,1157,3.0,3.9,3.0,82.1,-1.2,0.000,0.000,0.00,0.000,0.3,0.9,0.3,285,9,,,,,,0.3,0.9,0.3,285,9,10,29.03,,,,,,,,,,
SHER,2016-04-05 07:15:00 EDT,42.64026,-75.48370,1157,2.7,3.9,2.7,82.4,-1.4,0.000,0.000,0.00,0.000,0.0,0.3,0.1,114,1,,,,,,0.0,0.3,0.1,114,1,13,29.04,,,,,,,,,,
SHER,2016-04-05 07:20:00 EDT,42.64026,-75.48370,1157,3.4,4.3,3.4,82.0,-0.9,0.000,0.000,0.00,0.000,0.0,0.4,0.1,120,0,,,,,,0.0,0.4,0.1,120,0,16,29.04,,,,,,,,,,
SHER,2016-04-05 07:25:00 EDT,42.64026,-75.48370,1157,4.1,4.8,4.1,78.7,-1.1,0.000,0.000,0.00,0.000,0.0,0.0,0.0,0,0,,,,,,0.0,0.0,0.0,0,0,18,29.04,,,,,,,,,,
SHER,2016-04-05 07:30:00 EDT,42.64026,-75.48370,1157,3.7,4.3,3.7,73.3,-3.0,0.000,0.000,0.00,0.000,0.0,0.0,0.0,0,0,0.4,0.4,0.0,41,0,0.0,0.0,0.0,0,0,20,29.04,,,,,,,,,,
SHER,2016-04-05 07:35:00 EDT,42.64026,-75.48370,1157,3.6,4.6,3.6,70.0,-4.0,0.000,0.000,0.00,0.000,0.0,0.4,0.1,120,0,0.4,0.4,0.0,39,0,0.0,0.4,0.1,120,0,21,29.05,,,,,,,,,,
SHER,2016-04-05 07:40:00 EDT,42.64026,-75.48370,1157,3.7,4.7,3.7,73.0,-3.1,0.000,0.000,0.00,0.000,0.0,0.0,0.0,0,0,0.4,0.4,0.0,41,0,0.0,0.0,0.0,0,0,23,29.05,,,,,,,,,,
SHER,2016-04-05 07:45:00 EDT,42.64026,-75.48370,1157,3.9,4.9,3.9,76.3,-1.9,0.000,0.000,0.00,0.000,0.5,1.2,0.4,120,0,,,,,,0.5,1.2,0.4,120,0,25,29.05,,,,,,,,,,
SHER,2016-04-05 07:50:00 EDT,42.64026,-75.48370,1157,4.0,4.8,4.0,76.8,-1.7,0.000,0.000,0.00,0.000,0.2,0.7,0.3,120,0,0.4,0.9,0.4,322,0,0.2,0.7,0.3,120,0,26,29.05,,,,,,,,,,
SHER,2016-04-05 07:55:00 EDT,42.64026,-75.48370,1157,,,,,,,,,,,,,,,,,,,,,,,,,,,,,,,,,,,,
SHER,2016-04-05 08:00:00 EDT,42.64026,-75.48370,1157,6.3,6.0,6.3,69.7,-1.5,,0.000,0.00,0.000,1.0,1.3,0.2,113,8,,,,,,1.0,1.3,0.2,113,8,29,29.06,,,,,,,,,,
SHER,2016-04-05 08:05:00 EDT,42.64026,-75.48370,1157,7.5,6.9,7.5,70.0,-0.2,0.000,0.000,0.00,0.000,1.1,1.5,0.2,111,11,2.0,2.0,0.0,112,4,1.1,1.5,0.2,111,11,31,29.06,,,,,,,,,,
SHER,2016-04-05 08:10:00 EDT,42.64026,-75.48370,1157,8.1,7.9,8.1,69.0,0.1,0.000,0.000,0.00,0.000,0.1,0.7,0.2,109,1,,,,,,0.1,0.7,0.2,109,1,32,29.06,,,,,,,,,,
SHER,2016-04-05 08:15:00 EDT,42.64026,-75.48370,1157,7.5,7.8,7.5,64.6,-1.9,0.000,0.000,0.00,0.000,0.0,0.0,0.0,0,0,0.3,0.7,0.3,297,0,0.0,0.0,0.0,0,0,33,29.06,,,,,,,,,,
SHER,2016-04-05 08:20:00 EDT,42.64026,-75.48370,1157,7.0,7.8,7.0,63.1,-2.9,0.000,0.000,0.00,0.000,0.3,0.7,0.2,342,0,,,,,,0.3,0.7,0.2,342,0,35,29.07,,,,,,,,,,
SHER,2016-04-05 08:25:00 EDT,42.64026,-75.48370,1157,6.6,7.6,6.6,66.2,-2.2,0.000,0.000,0.00,0.000,0.3,0.6,0.2,342,0,0.7,0.9,0.1,11,20,0.3,0.6,0.2,342,0,36,29.07,,,,,,,,,,
SHER,2016-04-05 08:30:00 EDT,42.64026,-75.48370,1157,7.4,7.9,7.4,64.6,-2.0,0.000,0.000,0.00,0.000,0.0,0.0,0.0,0,0,0.9,0.9,0.0,95,0,0.0,0.0,0.0,0,0,37,29.07,,,,,,,,,,
SHER,2016-04-05 08:35:00 EDT,42.64026,-75.48370,1157,9.2,8.4,9.2,63.6,-0.7,0.000,0.000,0.00,0.000,1.6,2.2,0.6,104,3,2.5,2.5,0.0,102,0,1.6,2.2,0.6,104,3,39,29.07,,,,,,,,,,
SHER,2016-04-05 08:40:00 EDT,42.64026,-75.48370,1157,10.3,9.7,10.3,66.7,1.4,0.000,0.000,0.00,0.000,1.0,2.0,0.6,90,9,1.9,2.5,0.6,81,6,1.0,2.0,0.6,90,9,41,29.07,,,,,,,,,,
SHER,2016-04-05 08:45:00 EDT,42.64026,-75.48370,1157,8.7,9.8,8.7,63.0,-1.4,0.000,0.000,0.00,0.000,0.6,1.7,0.6,355,13,1.6,2.0,0.3,24,11,0.6,1.7,0.6,355,13,44,29.07,,,,,,,,,,
SHER,2016-04-05 08:50:00 EDT,42.64026,-75.48370,1157,8.9,10.2,8.9,63.9,-0.9,0.000,0.000,0.00,0.000,0.3,0.8,0.3,7,0,1.0,1.3,0.3,23,20,0.3,0.8,0.3,7,0,48,29.07,,,,,,,,,,
SHER,2016-04-05 08:55:00 EDT,42.64026,-75.48370,1157,10.9,10.9,10.9,61.3,0.1,0.000,0.000,0.00,,0.0,0.8,0.2,7,0,0.6,0.7,0.1,79,50,0.0,0.8,0.2,7,0,53,29.07,,,,,,,,,,
SHER,2016-04-05 09:00:00 EDT,42.64026,-75.48370,1157,10.8,12.1,10.8,54.9,-2.3,0.000,0.000,0.00,0.000,0.0,0.0,0.0,0,0,0.7,0.7,0.0,91,10,0.0,0.0,0.0,0,0,57,29.08,,,,,,,,,,
SHER,2016-04-05 09:05:00 EDT,42.64026,-75.48370,1157,12.4,12.8,12.4,52.3,-1.8,0.000,0.000,0.00,0.000,0.5,2.2,0.6,335,14,1.0,1.1,0.2,56,5,0.5,2.2,0.6,335,14,63,29.08,,,,,,,,,,
SHER,2016-04-05 09:10:00 EDT,42.64026,-75.48370,1157,10.5,11.6,10.5,58.7,-1.1,0.000,0.000,0.00,0.000,1.5,2.2,0.5,325,4,1.8,2.2,0.3,337,6,1.5,2.2,0.5,325,4,70,29.08,,,,,,,,,,
SHER,2016-04-05 09:15:00 EDT,42.64026,-75.48370,1157,11.3,12.3,11.3,64.4,1.6,0.000,0.000,0.00,0.000,0.8,1.4,0.4,336,6,0.9,1.6,0.5,359,12,0.8,1.4,0.4,336,6,77,29.08,,,,,,,,,,
SHER,2016-04-05 09:20:00 EDT,42.64026,-75.48370,1157,12.6,13.3,12.6,60.2,1.4,0.000,0.000,0.00,0.000,0.0,0.0,0.0,0,0,0.7,0.9,0.2,6,25,0.0,0.0,0.0,0,0,85,29.08,,,,,,,,,,
SHER,2016-04-05 09:25:00 EDT,42.64026,-75.48370,1157,13.6,14.0,13.6,54.9,0.4,0.000,0.000,0.00,0.000,0.1,0.9,0.3,349,2,0.8,1.6,0.3,12,29,0.1,0.9,0.3,349,2,94,29.09,,,,,,,,,,
SHER,2016-04-05 09:30:00 EDT,42.64026,-75.48370,1157,,,,,,,,,,,,,,,,,,,,,,,,,,,,,,,,,,,,
SHER,2016-04-05 09:35:00 EDT,42.64026,-75.48370,1157,13.8,14.9,13.8,50.4,-1.2,,0.000,0.00,0.000,0.0,0.3,0.0,354,0,0.6,0.9,0.2,110,73,0.0,0.3,0.0,354,0,113,29.09,,,,,,,,,,
SHER,2016-04-05 09:40:00 EDT,42.64026,-75.48370,1157,14.2,14.7,14.2,50.8,-0.7,0.000,0.000,0.00,0.000,0.0,1.2,0.2,313,2,0.7,1.1,0.3,213,48,0.0,1.2,0.2,313,2,122,29.09,,,,,,,,,,
SHER,2016-04-05 09:45:00 EDT,42.64026,-75.48370,1157,14.8,15.5,14.8,53.3,0.8,0.000,0.000,0.00,0.000,0.4,1.5,0.5,286,21,0.8,1.1,0.4,28,57,0.4,1.5,0.5,286,21,132,29.09,,,,,,,,,,
SHER,2016-04-05 09:50:00 EDT,42.64026,-75.48370,1157,15.8,16.1,15.8,51.7,1.2,0.000,0.000,0.00,0.000,0.6,1.9,0.6,183,31,1.5,2.2,0.5,181,36,0.6,1.9,0.6,183,31,142,29.09,,,,,,,,,,
SHER,2016-04-05 09:55:00 EDT,42.64026,-75.48370,1157,15.8,16.5,15.8,50.9,0.9,0.000,0.000,0.00,0.000,0.7,4.7,1.2,343,31,1.2,1.6,0.4,147,68,0.7,4.7,1.2,343,31,152,29.10,,,,,,,,,,
SHER,2016-04-05 10:00:00 EDT,42.64026,-75.48370,1157,17.1,17.3,17.1,46.6,0.1,0.000,0.000,0.00,0.000,3.0,5.0,0.8,340,19,3.4,5.1,1.1,338,16,3.0,5.0,0.8,340,19,163,29.10,,,,,,,,,,
SHER,2016-04-05 10:05:00 EDT,42.64026,-75.48370,1157,17.7,17.9,10.4,47.3,1.1,0.000,0.000,0.00,0.000,4.9,7.5,1.3,341,16,5.6,5.6,0.0,357,0,4.9,7.5,1.3,341,16,172,29.10,,,,,,,,,,
SHER,2016-04-05 10:10:00 EDT,42.64026,-75.48370,1157,18.1,18.4,9.8,47.7,1.6,0.000,0.000,0.00,0.000,5.9,8.5,1.2,324,15,5.9,6.9,1.0,333,13,5.9,8.5,1.2,324,15,183,29.10,,,,,,,,,,
SHER,2016-04-05 10:15:00 EDT,42.64026,-75.48370,1157,18.2,18.5,9.4,47.2,1.4,0.000,0.000,0.00,0.000,6.4,8.2,0.8,320,7,6.4,7.4,0.8,327,9,6.4,8.2,0.8,320,7,196,29.10,,,,,,,,,,
SHER,2016-04-05 10:20:00 EDT,42.64026,-75.48370,1157,18.5,18.8,9.4,48.1,2.1,0.000,0.000,0.00,0.000,6.7,9.2,1.1,316,7,6.9,9.4,1.2,321,4,6.7,9.2,1.1,316,7,210,29.10,,,,,,,,,,
SHER,2016-04-05 10:25:00 EDT,42.64026,-75.48370,1157,,,,,,,,,,,,,,,,,,,,,,,,,,,,,,,,,,,,
SHER,2016-04-05 10:30:00 EDT,42.64026,-75.48370,1157,19.1,19.3,12.1,44.6,1.1,,0.000,0.00,,4.8,9.1,1.3,331,22,5.4,8.9,1.3,339,16,4.8,9.1,1.3,331,22,238,29.10,,,,,,,,,,
SHER,2016-04-05 10:35:00 EDT,42.64026,-75.48370,1157,19.3,19.5,13.7,44.7,1.3,0.000,0.000,0.00,0.000,3.8,6.4,1.2,317,25,4.2,6.3,1.4,327,26,3.8,6.4,1.2,317,25,251,29.11,,,,,,,,,,
SHER,2016-04-05 10:40:00 EDT,42.64026,-75.48370,1157,,,,,,,,,,,,,,,,,,,,,,,,,,,,,,,,,,,,
SHER,2016-04-05 10:45:00 EDT,42.64026,-75.48370,1157,20.0,20.2,14.0,42.6,0.9,,0.000,0.00,0.000,4.2,5.8,0.7,309,9,4.0,5.1,0.9,322,6,4.2,5.8,0.7,309,9,280,29.11,,,,,,,,,,
SHER,2016-04-05 10:50:00 EDT,42.64026,-75.48370,1157,20.3,20.5,11.5,43.3,1.5,0.000,0.000,0.00,0.000,6.8,10.9,1.8,316,13,7.4,10.3,1.8,325,11,6.8,10.9,1.8,316,13,295,29.11,,,,,,,,,,
SHER,2016-04-05 10:55:00 EDT,42.64026,-75.48370,1157,20.3,20.5,11.4,42.9,1.2,0.000,0.000,0.00,0.000,7.0,9.8,1.4,292,13,6.9,9.4,1.5,298,12,7.0,9.8,1.4,292,13,311,29.11,,,,,,,,,,
SHER,2016-04-05 11:00:00 EDT,42.64026,-75.48370,1157,20.5,20.7,11.9,42.4,1.2,0.000,0.000,0.00,0.000,6.7,10.7,2.1,320,11,7.1,9.6,1.6,323,9,6.7,10.7,2.1,320,11,330,29.11,,,,,,,,,,
SHER,2016-04-05 11:05:00 EDT,42.64026,-75.48370,1157,20.6,20.7,13.0,40.7,0.4,0.000,0.000,0.00,0.000,5.6,9.2,1.4,333,16,6.1,10.1,1.6,341,16,5.6,9.2,1.4,333,16,351,29.11,,,,,,,,,,
SHER,2016-04-05 11:10:00 EDT,42.64026,-75.48370,1157,20.7,20.8,14.8,41.0,0.7,0.000,0.000,0.00,0.000,4.2,7.7,1.2,315,27,4.9,7.4,1.2,321,26,4.2,7.7,1.2,315,27,370,29.11,,,,,,,,,,
SHER,2016-04-05 11:15:00 EDT,42.64026,-75.48370,1157,21.1,21.1,12.5,40.6,0.8,0.000,0.000,0.00,0.000,6.8,13.4,2.9,295,12,7.2,11.9,2.9,297,10,6.8,13.4,2.9,295,12,385,29.11,,,,,,,,,,
SHER,2016-04-05 11:20:00 EDT,42.64026,-75.48370,1157,21.1,21.3,10.3,39.6,0.3,0.000,0.000,0.00,0.000,9.8,12.9,1.6,302,13,9.7,12.8,1.7,307,11,9.8,12.9,1.6,302,13,407,29.11,,,,,,,,,,
SHER,2016-04-05 11:25:00 EDT,42.64026,-75.48370,1157,21.3,21.4,11.8,39.0,0.1,0.000,0.000,0.00,,8.0,12.9,1.9,325,10,8.2,10.5,1.3,337,6,8.0,12.9,1.9,325,10,433,29.11,,,,,,,,,,
SHER,2016-04-05 11:30:00 EDT,42.64026,-75.48370,1157,21.3,21.4,13.1,37.3,-0.7,0.000,0.000,0.00,0.000,6.5,10.2,1.8,325,13,6.6,10.3,2.1,335,11,6.5,10.2,1.8,325,13,459,29.11,,,,,,,,,,
SHER,2016-04-05 11:35:00 EDT,42.64026,-75.48370,1157,,,,,,,,,,,,,,,,,,,,,,,,,,,,,,,,,,,,
SHER,2016-04-05 11:40:00 EDT,42.64026,-75.48370,1157,21.9,22.0,11.6,36.8,-0.6,,0.000,0.00,,9.3,13.8,1.7,325,16,9.6,14.8,2.0,329,15,9.3,13.8,1.7,325,16,510,29.11,,,,,,,,,,
SHER,2016-04-05 11:45:00 EDT,42.64026,-75.48370,1157,22.2,22.3,12.8,36.9,-0.2,0.000,0.000,0.00,0.000,8.1,14.0,1.9,333,15,9.3,11.4,1.7,339,11,8.1,14.0,1.9,333,15,538,29.11,,,,,,,,,,
SHER,2016-04-05 11:50:00 EDT,42.64026,-75.48370,1157,22.3,22.4,12.0,37.0,-0.1,0.000,0.000,0.00,0.000,9.4,13.1,1.5,329,15,9.6,12.8,1.9,336,15,9.4,13.1,1.5,329,15,563,29.11,,,,,,,,,,
SHER,2016-04-05 11:55:00 EDT,42.64026,-75.48370,1157,22.5,22.5,14.3,38.0,0.7,0.000,0.000,0.00,0.000,6.6,11.0,2.0,348,22,7.2,9.6,1.9,353,18,6.6,11.0,2.0,348,22,579,29.11,,,,,,,,,,
SHER,2016-04-05 12:00:00 EDT,42.64026,-75.48370,1157,22.8,22.9,13.9,37.2,0.5,0.000,0.000,0.00,0.000,7.7,13.1,2.9,334,21,9.3,13.4,2.6,337,18,7.7,13.1,2.9,334,21,589,29.11,,,,,,,,,,
SHER,2016-04-05 12:05:00 EDT,42.64026,-75.48370,1157,22.4,22.5,14.4,36.1,-0.5,0.000,0.000,0.00,0.000,6.5,10.6,1.8,333,15,6.1,9.6,2.2,342,13,6.5,10.6,1.8,333,15,600,29.11,,,,,,,,,,
SHER,2016-04-05 12:10:00 EDT,42.64026,-75.48370,1157,23.0,23.1,12.5,37.4,0.8,0.000,0.000,0.00,0.000,10.1,17.8,2.5,335,12,10.2,15.4,3.0,343,12,10.1,17.8,2.5,335,12,609,29.11,,,,,,,,,,
SHER,2016-04-05 12:15:00 EDT,42.64026,-75.48370,1157,22.9,23.0,12.4,38.0,1.1,0.000,0.000,0.00,0.000,10.2,13.9,1.9,337,11,11.4,14.3,2.2,342,11,10.2,13.9,1.9,337,11,620,29.11,,,,,,,,,,
SHER,2016-04-05 12:20:00 EDT,42.64026,-75.48370,1157,23.2,23.2,13.0,37.9,1.2,0.000,0.000,0.00,0.000,9.7,14.9,2.1,334,15,11.2,15.7,2.2,341,11,9.7,14.9,2.1,334,15,631,29.11,,,,,,,,,,
SHER,2016-04-05 12:25:00 EDT,42.64026,-75.48370,1157,23.3,23.4,13.0,38.5,1.7,0.000,0.000,0.00,0.000,9.9,14.8,2.1,333,15,10.3,12.8,1.2,342,13,9.9,14.8,2.1,333,15,643,29.11,,,,,,,,,,
SHER,2016-04-05 12:30:00 EDT,42.64026,-75.48370,1157,23.5,23.6,12.4,36.6,0.8,0.000,0.000,0.00,0.000,11.6,19.2,3.7,328,11,11.6,16.1,3.2,336,6,11.6,19.2,3.7,328,11,655,29.11,,,,,,,,,,
SHER,2016-04-05 12:35:00 EDT,42.64026,-75.48370,1157,23.6,23.7,12.4,37.5,1.4,0.000,0.000,0.00,,11.8,18.0,2.2,336,11,12.9,16.8,2.7,349,9,11.8,18.0,2.2,336,11,669,29.11,,,,,,,,,,
SHER,2016-04-05 12:40:00 EDT,42.64026,-75.48370,1157,23.4,23.5,12.7,37.0,0.9,0.000,0.000,0.00,0.000,10.6,16.2,1.9,324,12,10.8,11.4,0.6,335,15,10.6,16.2,1.9,324,12,687,29.11,,,,,,,,,,
SHER,2016-04-05 12:45:00 EDT,42.64026,-75.48370,1157,23.4,23.5,13.7,39.8,2.5,0.000,0.000,0.00,0.000,9.0,13.0,1.9,317,10,8.9,12.3,2.2,322,7,9.0,13.0,1.9,317,10,701,29.11,,,,,,,,,,
SHER,2016-04-05 12:50:00 EDT,42.64026,-75.48370,1157,23.7,23.8,13.2,39.8,2.7,0.000,0.000,0.00,0.000,10.4,15.9,1.9,328,12,11.7,17.4,4.3,345,13,10.4,15.9,1.9,328,12,721,29.11,,,,,,,,,,
SHER,2016-04-05 12:55:00 EDT,42.64026,-75.48370,1157,,,,,,,,,,,,,,,,,,,,,,,,,,,,,,,,,,,,
SHER,2016-04-05 13:00:00 EDT,42.64026,-75.48370,1157,24.1,24.1,11.8,38.6,2.4,,0.000,0.00,0.000,14.0,18.4,2.4,322,8,14.6,18.6,2.8,336,4,14.0,18.4,2.4,322,8,756,29.11,,,,,,,,,,
SHER,2016-04-05 13:05:00 EDT,42.64026,-75.48370,1157,23.9,24.1,11.8,38.4,2.1,0.000,0.000,0.00,0.000,13.6,21.3,2.5,299,11,13.4,15.9,1.7,304,13,13.6,21.3,2.5,299,11,765,29.10,,,,,,,,,,
SHER,2016-04-05 13:10:00 EDT,42.64026,-75.48370,1157,24.4,24.5,12.7,39.1,3.0,0.000,0.000,0.00,0.000,13.0,21.3,2.4,323,9,13.8,15.4,1.4,334,13,13.0,21.3,2.4,323,9,806,29.10,,,,,,,,,,
SHER,2016-04-05 13:15:00 EDT,42.64026,-75.48370,1157,24.4,24.5,12.2,37.8,2.3,0.000,0.000,0.00,0.000,14.2,22.1,2.7,321,6,14.0,17.4,2.7,327,4,14.2,22.1,2.7,321,6,851,29.10,,,,,,,,,,
SHER,2016-04-05 13:20:00 EDT,42.64026,-75.48370,1157,24.3,24.4,13.9,36.7,1.5,0.000,0.000,0.00,0.000,10.4,15.3,2.1,317,10,8.5,9.8,1.3,314,11,10.4,15.3,2.1,317,10,878,29.10,,,,,,,,,,
SHER,2016-04-05 13:25:00 EDT,42.64026,-75.48370,1157,24.7,24.8,14.1,37.5,2.4,0.000,0.000,0.00,0.000,11.0,15.9,1.6,321,9,11.1,11.6,0.6,326,0,11.0,15.9,1.6,321,9,877,29.10,,,,,,,,,,
SHER,2016-04-05 13:30:00 EDT,42.64026,-75.48370,1157,24.8,24.9,13.2,35.5,1.3,0.000,0.000,0.00,0.000,13.2,20.2,3.0,327,11,14.5,16.8,2.8,346,5,13.2,20.2,3.0,327,11,877,29.10,,,,,,,,,,
SHER,2016-04-05 13:35:00 EDT,42.64026,-75.48370,1157,24.9,25.0,14.2,36.5,2.0,0.000,0.000,0.00,0.000,11.4,15.9,1.8,325,11,9.8,9.8,0.0,328,8,11.4,15.9,1.8,325,11,882,29.10,,,,,,,,,,
SHER,2016-04-05 13:40:00 EDT,42.64026,-75.48370,1157,24.6,24.6,12.6,33.3,-0.3,0.000,0.000,0.00,0.000,13.9,21.5,3.0,318,18,13.9,13.9,0.0,315,0,13.9,21.5,3.0,318,18,878,29.10,,,,,,,,,,
SHER,2016-04-05 13:45:00 EDT,42.64026,-75.48370,1157,24.5,24.7,12.6,33.6,-0.1,0.000,0.000,0.00,0.000,13.5,20.2,3.4,299,18,16.6,20.1,2.3,311,16,13.5,20.2,3.4,299,18,874,29.10,,,,,,,,,,
SHER,2016-04-05 13:50:00 EDT,42.64026,-75.48370,1157,24.8,24.9,13.0,33.5,0.0,0.000,0.000,0.00,0.000,13.4,19.7,2.6,317,11,13.1,14.3,1.5,324,1,13.4,19.7,2.6,317,11,870,29.10,,,,,,,,,,
SHER,2016-04-05 13:55:00 EDT,42.64026,-75.48370,1157,24.6,24.8,12.3,33.5,-0.1,0.000,0.000,0.00,,14.5,19.6,2.1,302,9,16.4,16.8,0.3,316,8,14.5,19.6,2.1,302,9,864,29.10,,,,,,,,,,
SHER,2016-04-05 14:00:00 EDT,42.64026,-75.48370,1157,,,,,,,,,,,,,,,,,,,,,,,,,,,,,,,,,,,,
SHER,2016-04-05 14:05:00 EDT,42.64026,-75.48370,1157,25.1,25.2,15.4,32.9,-0.0,,0.000,0.00,0.000,9.6,16.5,2.5,313,15,10.3,14.8,3.5,324,5,9.6,16.5,2.5,313,15,856,29.09,,,,,,,,,,
SHER,2016-04-05 14:10:00 EDT,42.64026,-75.48370,1157,25.4,25.5,14.1,32.6,0.0,0.000,0.000,0.00,0.000,12.9,21.1,3.2,325,10,14.0,17.4,2.3,337,9,12.9,21.1,3.2,325,10,851,29.09,,,,,,,,,,
SHER,2016-04-05 14:15:00 EDT,42.64026,-75.48370,1157,25.0,25.1,13.2,32.7,-0.3,0.000,0.000,0.00,0.000,13.6,18.0,1.8,311,7,13.9,14.8,0.9,320,2,13.6,18.0,1.8,311,7,844,29.09,,,,,,,,,,
SHER,2016-04-05 14:20:00 EDT,42.64026,-75.48370,1157,24.8,25.0,13.6,33.7,0.2,0.000,0.000,0.00,0.000,12.3,17.5,2.0,304,10,10.3,10.3,0.0,306,0,12.3,17.5,2.0,304,10,837,29.09,,,,,,,,,,
SHER,2016-04-05 14:25:00 EDT,42.64026,-75.48370,1157,25.2,25.3,13.9,34.4,0.9,0.000,0.000,0.00,0.000,12.7,22.6,3.9,302,16,14.5,16.3,1.8,301,5,12.7,22.6,3.9,302,16,832,29.09,,,,,,,,,,
SHER,2016-04-05 14:30:00 EDT,42.64026,-75.48370,1157,,,,,,,,,,,,,,,,,,,,,,,,,,,,,,,,,,,,
SHER,2016-04-05 14:35:00 EDT,42.64026,-75.48370,1157,25.3,25.3,15.6,31.0,-1.2,,0.000,0.00,0.000,9.7,14.8,1.8,331,11,,,,,,9.7,14.8,1.8,331,11,819,29.09,,,,,,,,,,
SHER,2016-04-05 14:40:00 EDT,42.64026,-75.48370,1157,25.5,25.4,15.0,32.9,0.3,0.000,0.000,0.00,0.000,11.1,19.8,4.6,320,14,15.7,19.9,5.7,330,10,11.1,19.8,4.6,320,14,812,29.09,,,,,,,,,,
SHER,2016-04-05 14:45:00 EDT,42.64026,-75.48370,1157,25.6,25.7,13.4,34.0,1.1,0.000,0.000,0.00,0.000,15.0,19.2,1.7,315,7,13.9,15.2,1.3,313,1,15.0,19.2,1.7,315,7,804,29.09,,,,,,,,,,
SHER,2016-04-05 14:50:00 EDT,42.64026,-75.48370,1157,25.6,25.7,14.3,32.5,0.1,0.000,0.000,0.00,0.000,12.8,18.8,2.6,317,9,,,,,,12.8,18.8,2.6,317,9,796,29.09,,,,,,,,,,
SHER,2016-04-05 14:55:00 EDT,42.64026,-75.48370,1157,25.6,25.8,15.1,32.0,-0.2,0.000,0.000,0.00,0.000,11.4,15.6,1.9,312,14,10.7,10.7,0.0,320,0,11.4,15.6,1.9,312,14,787,29.09,,,,,,,,,,
SHER,2016-04-05 15:00:00 EDT,42.64026,-75.48370,1157,25.9,25.9,15.8,30.9,-0.7,0.000,0.000,0.00,,10.7,14.8,1.7,325,17,10.8,14.1,1.8,331,14,10.7,14.8,1.7,325,17,779,29.09,,,,,,,,,,
SHER,2016-04-05 15:05:00 EDT,42.64026,-75.48370,1157,26.3,26.3,16.5,31.6,0.1,0.000,0.000,0.00,0.000,10.3,17.1,2.4,333,18,11.1,13.6,1.9,332,11,10.3,17.1,2.4,333,18,770,29.09,,,,,,,,,,
SHER,2016-04-05 15:10:00 EDT,42.64026,-75.48370,1157,26.1,26.2,15.2,30.6,-0.7,0.000,0.000,0.00,0.000,12.3,18.0,2.6,322,11,13.8,17.0,3.3,328,5,12.3,18.0,2.6,322,11,760,29.09,,,,,,,,,,
SHER,2016-04-05 15:15:00 EDT,42.64026,-75.48370,1157,26.3,26.3,15.5,30.2,-0.8,0.000,0.000,0.00,0.000,12.1,18.6,2.6,323,15,12.9,14.8,1.9,325,24,12.1,18.6,2.6,323,15,750,29.09,,,,,,,,,,
SHER,2016-04-05 15:20:00 EDT,42.64026,-75.48370,1157,26.4,26.5,15.8,31.2,-0.1,0.000,0.000,0.00,0.000,11.9,15.3,1.7,317,12,14.1,15.7,1.6,339,0,11.9,15.3,1.7,317,12,740,29.08,,,,,,,,,,
SHER,2016-04-05 15:25:00 EDT,42.64026,-75.48370,1157,26.5,26.6,15.9,32.2,0.8,0.000,0.000,0.00,0.000,12.1,18.0,2.1,325,9,12.7,13.6,0.7,326,4,12.1,18.0,2.1,325,9,731,29.08,,,,,,,,,,
SHER,2016-04-05 15:30:00 EDT,42.64026,-75.48370,1157,26.7,26.7,16.2,32.0,0.7,0.000,0.000,0.00,,11.7,19.4,2.8,322,10,10.9,12.3,0.8,337,18,11.7,19.4,2.8,322,10,720,29.08,,,,,,,,,,
SHER,2016-04-05 15:35:00 EDT,42.64026,-75.48370,1157,26.4,26.4,14.8,30.7,-0.4,0.000,0.000,0.00,0.000,14.0,20.0,2.6,325,15,15.7,16.6,0.9,327,4,14.0,20.0,2.6,325,15,709,29.08,,,,,,,,,,
SHER,2016-04-05 15:40:00 EDT,42.64026,-75.48370,1157,26.5,26.6,15.2,31.0,-0.1,0.000,0.000,0.00,0.000,13.5,17.0,1.7,323,8,13.4,15.2,1.6,335,5,13.5,17.0,1.7,323,8,698,29.08,,,,,,,,,,
SHER,2016-04-05 15:45:00 EDT,42.64026,-75.48370,1157,26.5,26.6,15.5,31.9,0.5,0.000,0.000,0.00,0.000,12.8,17.5,2.5,310,12,14.5,14.5,0.0,339,0,12.8,17.5,2.5,310,12,687,29.08,,,,,,,,,,
SHER,2016-04-05 15:50:00 EDT,42.64026,-75.48370,1157,26.6,26.7,15.6,31.2,0.2,0.000,0.000,0.00,0.000,12.8,18.0,1.9,324,16,11.4,15.4,2.5,334,15,12.8,18.0,1.9,324,16,674,29.08,,,,,,,,,,
SHER,2016-04-05 15:55:00 EDT,42.64026,-75.48370,1157,26.6,26.7,15.2,30.2,-0.6,0.000,0.000,0.00,0.000,13.6,19.7,2.4,321,10,13.7,15.7,1.8,329,12,13.6,19.7,2.4,321,10,662,29.08,,,,,,,,,,
SHER,2016-04-05 16:00:00 EDT,42.64026,-75.48370,1157,26.7,26.8,16.5,31.4,0.3,0.000,0.000,0.00,0.000,11.2,16.4,2.0,315,11,10.5,10.5,0.0,307,0,11.2,16.4,2.0,315,11,649,29.08,,,,,,,,,,
SHER,2016-04-05 16:05:00 EDT,42.64026,-75.48370,1157,26.8,27.0,16.5,33.2,1.6,0.000,0.000,0.00,0.000,11.5,17.5,2.1,314,11,11.2,12.8,1.1,318,5,11.5,17.5,2.1,314,11,636,29.08,,,,,,,,,,
SHER,2016-04-05 16:10:00 EDT,42.64026,-75.48370,1157,26.9,26.9,15.0,32.0,0.9,0.000,0.000,0.00,0.000,14.9,20.2,2.6,324,7,15.3,18.8,2.0,328,5,14.9,20.2,2.6,324,7,623,29.08,,,,,,,,,,
SHER,2016-04-05 16:15:00 EDT,42.64026,-75.48370,1157,26.9,27.0,16.8,31.8,0.8,0.000,0.000,0.00,0.000,11.2,15.9,1.9,321,9,12.8,16.1,1.9,339,7,11.2,15.9,1.9,321,9,610,29.08,,,,,,,,,,
SHER,2016-04-05 16:20:00 EDT,42.64026,-75.48370,1157,27.0,27.0,15.7,31.0,0.3,0.000,0.000,0.00,0.000,13.7,20.7,3.8,327,10,13.7,15.0,0.9,346,13,13.7,20.7,3.8,327,10,597,29.08,,,,,,,,,,
SHER,2016-04-05 16:25:00 EDT,42.64026,-75.48370,1157,26.8,26.9,14.6,30.8,0.0,0.000,0.000,0.00,0.000,15.7,18.9,1.6,314,11,15.8,17.2,1.3,317,15,15.7,18.9,1.6,314,11,582,29.08,,,,,,,,,,
SHER,2016-04-05 16:30:00 EDT,42.64026,-75.48370,1157,26.8,27.0,16.0,31.9,0.8,0.000,0.000,0.00,0.000,12.5,17.8,2.2,311,10,10.5,12.5,1.4,328,3,12.5,17.8,2.2,311,10,568,29.08,,,,,,,,,,
SHER,2016-04-05 16:35:00 EDT,42.64026,-75.48370,1157,26.7,26.9,16.2,32.6,1.2,0.000,0.000,0.00,0.000,11.8,17.3,2.5,308,13,15.0,15.0,0.0,299,0,11.8,17.3,2.5,308,13,554,29.08,,,,,,,,,,
SHER,2016-04-05 16:40:00 EDT,42.64026,-75.48370,1157,27.1,27.2,16.8,29.9,-0.3,0.000,0.000,0.00,0.000,11.7,16.2,2.1,335,14,12.6,13.6,0.9,340,11,11.7,16.2,2.1,335,14,539,29.08,,,,,,,,,,
SHER,2016-04-05 16:45:00 EDT,42.64026,-75.48370,1157,27.1,27.3,16.7,29.0,-1.0,0.000,0.000,0.00,0.000,11.9,15.5,1.7,332,10,12.2,15.2,1.8,330,5,11.9,15.5,1.7,332,10,524,29.08,,,,,,,,,,
SHER,2016-04-05 16:50:00 EDT,42.64026,-75.48370,1157,27.2,27.3,17.0,29.8,-0.4,0.000,0.000,0.00,0.000,11.5,18.3,2.4,327,11,11.1,13.6,1.8,351,10,11.5,18.3,2.4,327,11,507,29.08,,,,,,,,,,
SHER,2016-04-05 16:55:00 EDT,42.64026,-75.48370,1157,27.3,27.4,16.7,31.2,0.8,0.000,0.000,0.00,0.000,12.6,17.5,1.8,329,8,11.3,13.9,2.6,327,2,12.6,17.5,1.8,329,8,492,29.08,,,,,,,,,,
SHER,2016-04-05 17:00:00 EDT,42.64026,-75.48370,1157,27.3,27.4,15.4,31.9,1.2,0.000,0.000,0.00,0.000,15.4,19.1,2.1,325,8,16.6,17.0,0.4,335,15,15.4,19.1,2.1,325,8,476,29.08,,,,,,,,,,
SHER,2016-04-05 17:05:00 EDT,42.64026,-75.48370,1157,26.9,27.0,16.6,33.0,1.6,0.000,0.000,0.00,0.000,11.4,16.7,2.9,312,11,10.4,11.6,1.2,321,7,11.4,16.7,2.9,312,11,460,29.08,,,,,,,,,,
SHER,2016-04-05 17:10:00 EDT,42.64026,-75.48370,1157,26.9,27.2,16.3,34.0,2.3,0.000,0.000,0.00,0.000,12.2,16.7,2.2,308,9,14.0,15.0,0.7,302,4,12.2,16.7,2.2,308,9,444,29.08,,,,,,,,,,
SHER,2016-04-05 17:15:00 EDT,42.64026,-75.48370,1157,26.9,27.2,15.6,33.6,2.0,0.000,0.000,0.00,0.000,13.7,19.5,2.5,312,9,12.5,13.2,1.1,309,5,13.7,19.5,2.5,312,9,427,29.08,,,,,,,,,,
SHER,2016-04-05 17:20:00 EDT,42.64026,-75.48370,1157,27.1,27.3,16.2,33.3,1.9,0.000,0.000,0.00,0.000,12.8,18.8,1.5,319,7,13.6,16.3,1.6,326,9,12.8,18.8,1.5,319,7,411,29.08,,,,,,,,,,
SHER,2016-04-05 17:25:00 EDT,42.64026,-75.48370,1157,27.0,27.3,16.3,33.9,2.2,0.000,0.000,0.00,0.000,12.4,19.3,2.7,305,14,,,,,,12.4,19.3,2.7,305,14,394,29.08,,,,,,,,,,
SHER,2016-04-05 17:30:00 EDT,42.64026,-75.48370,1157,26.7,27.1,15.6,33.4,1.7,0.000,0.000,0.00,0.000,13.2,18.6,2.2,304,14,15.8,17.7,1.5,307,1,13.2,18.6,2.2,304,14,378,29.08,,,,,,,,,,
SHER,2016-04-05 17:35:00 EDT,42.64026,-75.48370,1157,26.8,27.0,15.2,33.8,2.0,0.000,0.000,0.00,0.000,14.2,17.9,1.6,315,10,13.7,16.8,2.6,328,5,14.2,17.9,1.6,315,10,361,29.08,,,,,,,,,,
SHER,2016-04-05 17:40:00 EDT,42.64026,-75.48370,1157,26.8,27.1,16.3,34.3,2.4,0.000,0.000,0.00,0.000,12.0,15.2,1.6,320,7,12.7,13.4,0.7,324,5,12.0,15.2,1.6,320,7,344,29.09,,,,,,,,,,
SHER,2016-04-05 17:45:00 EDT,42.64026,-75.48370,1157,26.9,27.0,15.2,33.3,1.8,0.000,0.000,0.00,0.000,14.7,21.0,2.2,322,7,,,,,,14.7,21.0,2.2,322,7,328,29.09,,,,,,,,,,
SHER,2016-04-05 17:50:00 EDT,42.64026,-75.48370,1157,26.7,27.0,15.2,33.2,1.5,0.000,0.000,0.00,0.000,14.1,18.6,1.9,315,9,14.7,17.7,2.3,314,9,14.1,18.6,1.9,315,9,311,29.09,,,,,,,,,,
SHER,2016-04-05 17:55:00 EDT,42.64026,-75.48370,1157,26.7,27.0,15.7,34.5,2.4,0.000,0.000,0.00,0.000,13.1,16.4,1.7,321,6,11.6,11.6,0.0,328,0,13.1,16.4,1.7,321,6,294,29.09,,,,,,,,,,
SHER,2016-04-05 18:00:00 EDT,42.64026,-75.48370,1157,26.7,26.9,15.7,33.0,1.4,0.000,0.000,0.00,0.000,12.9,17.4,1.7,320,8,13.0,13.0,0.0,323,0,12.9,17.4,1.7,320,8,277,29.09,,,,,,,,,,
SHER,2016-04-05 18:05:00 EDT,42.64026,-75.48370,1157,26.5,26.8,15.4,32.7,1.1,0.000,0.000,0.00,0.000,13.1,18.3,2.1,316,8,14.2,15.0,0.8,319,1,13.1,18.3,2.1,316,8,260,29.09,,,,,,,,,,
SHER,2016-04-05 18:10:00 EDT,42.64026,-75.48370,1157,26.2,26.7,16.8,33.6,1.4,0.000,0.000,0.00,0.000,9.7,12.1,1.2,300,10,9.6,10.1,0.5,303,9,9.7,12.1,1.2,300,10,243,29.09,,,,,,,,,,
SHER,2016-04-05 18:15:00 EDT,42.64026,-75.48370,1157,26.3,26.7,15.6,34.6,2.1,0.000,0.000,0.00,0.000,12.0,15.4,1.5,312,7,12.2,13.6,1.0,318,7,12.0,15.4,1.5,312,7,227,29.08,,,,,,,,,,
SHER,2016-04-05 18:20:00 EDT,42.64026,-75.48370,1157,26.3,26.7,16.0,34.8,2.2,0.000,0.000,0.00,0.000,11.2,15.7,1.7,312,11,10.1,11.4,1.1,316,7,11.2,15.7,1.7,312,11,210,29.08,,,,,,,,,,
SHER,2016-04-05 18:25:00 EDT,42.64026,-75.48370,1157,26.1,26.5,15.9,36.9,3.3,0.000,0.000,0.00,0.000,10.8,14.6,1.7,311,11,10.7,11.6,0.9,324,4,10.8,14.6,1.7,311,11,194,29.08,,,,,,,,,,
SHER,2016-04-05 18:30:00 EDT,42.64026,-75.48370,1157,26.0,26.4,14.8,36.0,2.7,0.000,0.000,0.00,0.000,13.1,16.1,1.5,318,6,12.5,14.1,1.8,321,3,13.1,16.1,1.5,318,6,178,29.08,,,,,,,,,,
SHER,2016-04-05 18:35:00 EDT,42.64026,-75.48370,1157,26.0,26.3,14.5,34.3,1.6,0.000,0.000,0.00,0.000,13.5,16.7,1.5,314,6,14.2,15.0,1.2,323,1,13.5,16.7,1.5,314,6,162,29.08,,,,,,,,,,
SHER,2016-04-05 18:40:00 EDT,42.64026,-75.48370,1157,25.7,26.2,14.8,36.0,2.4,0.000,0.000,0.00,0.000,12.3,15.1,1.5,316,7,12.8,14.1,1.3,322,5,12.3,15.1,1.5,316,7,146,29.08,,,,,,,,,,
SHER,2016-04-05 18:45:00 EDT,42.64026,-75.48370,1157,25.6,26.1,14.8,35.6,2.1,0.000,0.000,0.00,0.000,11.9,15.3,1.0,314,8,,,,,,11.9,15.3,1.0,314,8,131,29.08,,,,,,,,,,
SHER,2016-04-05 18:50:00 EDT,42.64026,-75.48370,1157,25.3,25.9,14.4,36.2,2.2,0.000,0.000,0.00,0.000,12.0,15.2,1.6,308,8,13.1,13.6,0.6,318,2,12.0,15.2,1.6,308,8,115,29.08,,,,,,,,,,
SHER,2016-04-05 18:55:00 EDT,42.64026,-75.48370,1157,25.2,25.7,14.9,36.8,2.4,0.000,0.000,0.00,0.000,10.7,13.7,1.2,318,7,11.7,13.4,0.9,322,5,10.7,13.7,1.2,318,7,97,29.09,,,,,,,,,,
SHER,2016-04-05 19:00:00 EDT,42.64026,-75.48370,1157,24.8,25.5,14.4,37.9,2.7,0.000,0.000,0.00,0.000,10.6,13.7,1.5,314,8,11.0,11.2,0.1,317,1,10.6,13.7,1.5,314,8,78,29.09,,,,,,,,,,
SHER,2016-04-05 19:05:00 EDT,42.64026,-75.48370,1157,24.3,25.3,13.8,38.2,2.5,0.000,0.000,0.00,0.000,10.8,14.3,1.4,303,6,,,,,,10.8,14.3,1.4,303,6,44,29.09,,,,,,,,,,
SHER,2016-04-05 19:10:00 EDT,42.64026,-75.48370,1157,24.2,24.9,14.7,38.3,2.4,0.000,0.000,0.00,0.000,8.9,12.7,1.3,306,8,7.7,8.1,0.3,313,3,8.9,12.7,1.3,306,8,17,29.08,,,,,,,,,,
SHER,2016-04-05 19:15:00 EDT,42.64026,-75.48370,1157,24.2,24.9,12.9,38.2,2.3,0.000,0.000,0.00,0.000,12.2,15.6,1.5,308,7,11.2,11.2,0.0,318,0,12.2,15.6,1.5,308,7,15,29.08,,,,,,,,,,
SHER,2016-04-05 19:20:00 EDT,42.64026,-75.48370,1157,24.0,24.6,14.2,38.8,2.4,0.000,0.000,0.00,0.000,9.3,11.9,1.2,316,8,,,,,,9.3,11.9,1.2,316,8,13,29.08,,,,,,,,,,
SHER,2016-04-05 19:25:00 EDT,42.64026,-75.48370,1157,23.6,24.5,13.9,39.8,2.7,0.000,0.000,0.00,0.000,9.1,12.1,1.2,309,8,9.8,9.8,0.0,320,0,9.1,12.1,1.2,309,8,10,29.08,,,,,,,,,,
SHER,2016-04-05 19:30:00 EDT,42.64026,-75.48370,1157,23.4,24.4,13.5,40.2,2.7,0.000,0.000,0.00,0.000,9.3,13.3,1.6,302,8,,,,,,9.3,13.3,1.6,302,8,8,29.08,,,,,,,,,,
SHER,2016-04-05 19:35:00 EDT,42.64026,-75.48370,1157,23.5,24.4,13.0,39.5,2.4,0.000,0.000,0.00,0.000,10.3,13.2,1.1,300,9,10.2,10.7,0.5,313,5,10.3,13.2,1.1,300,9,5,29.09,,,,,,,,,,
SHER,2016-04-05 19:40:00 EDT,42.64026,-75.48370,1157,23.4,24.2,13.2,39.9,2.5,0.000,0.000,0.00,0.000,9.8,12.9,1.4,309,7,9.8,11.4,1.6,310,3,9.8,12.9,1.4,309,7,3,29.09,,,,,,,,,,
SHER,2016-04-05 19:45:00 EDT,42.64026,-75.48370,1157,23.1,24.0,13.1,40.8,2.7,0.000,0.000,0.00,0.000,9.3,12.4,1.4,313,7,11.2,11.2,0.0,317,0,9.3,12.4,1.4,313,7,1,29.09,,,,,,,,,,
SHER,2016-04-05 19:50:00 EDT,42.64026,-75.48370,1157,23.0,24.0,13.7,40.3,2.4,0.000,0.000,0.00,0.000,8.2,10.6,1.0,309,6,9.2,9.2,0.0,314,0,8.2,10.6,1.0,309,6,1,29.09,,,,,,,,,,
SHER,2016-04-05 19:55:00 EDT,42.64026,-75.48370,1157,22.3,23.6,13.5,42.6,3.0,0.000,0.000,0.00,0.000,7.4,9.3,1.0,310,8,9.2,9.2,0.0,304,0,7.4,9.3,1.0,310,8,0,29.09,,,,,,,,,,
SHER,2016-04-05 20:00:00 EDT,42.64026,-75.48370,1157,22.3,23.6,14.0,42.2,2.8,0.000,0.000,0.00,0.000,6.8,8.8,0.7,311,8,,,,,,6.8,8.8,0.7,311,8,0,29.09,,,,,,,,,,
SHER,2016-04-05 20:05:00 EDT,42.64026,-75.48370,1157,22.1,23.5,14.1,42.6,2.7,0.000,0.000,0.00,0.000,6.3,8.5,0.8,309,7,6.0,6.0,0.0,310,0,6.3,8.5,0.8,309,7,0,29.09,,,,,,,,,,
SHER,2016-04-05 20:10:00 EDT,42.64026,-75.48370,1157,21.7,23.2,14.3,43.2,2.7,0.000,0.000,0.00,0.000,5.7,7.8,0.6,311,9,,,,,,5.7,7.8,0.6,311,9,0,29.09,,,,,,,,,,
SHER,2016-04-05 20:15:00 EDT,42.64026,-75.48370,1157,21.5,23.0,14.2,43.7,2.8,0.000,0.000,0.00,0.000,5.5,7.2,0.6,309,6,5.8,5.8,0.0,312,0,5.5,7.2,0.6,309,6,0,29.09,,,,,,,,,,
SHER,2016-04-05 20:20:00 EDT,42.64026,-75.48370,1157,21.4,22.9,15.5,44.5,3.1,0.000,0.000,0.00,0.000,4.2,5.9,0.7,313,7,,,,,,4.2,5.9,0.7,313,7,0,29.09,,,,,,,,,,
SHER,2016-04-05 20:25:00 EDT,42.64026,-75.48370,1157,20.7,22.7,14.1,45.1,2.7,0.000,0.000,0.00,0.000,4.7,6.8,0.7,307,8,5.8,5.8,0.0,328,0,4.7,6.8,0.7,307,8,0,29.09,,,,,,,,,,
SHER,2016-04-05 20:30:00 EDT,42.64026,-75.48370,1157,20.7,22.6,14.5,45.8,3.1,0.000,0.000,0.00,0.000,4.4,7.2,0.8,306,8,5.8,7.4,1.6,298,10,4.4,7.2,0.8,306,8,0,29.09,,,,,,,,,,
SHER,2016-04-05 20:35:00 EDT,42.64026,-75.48370,1157,20.4,22.3,15.3,47.2,3.5,0.000,0.000,0.00,0.000,3.6,5.0,0.5,308,8,,,,,,3.6,5.0,0.5,308,8,0,29.09,,,,,,,,,,
SHER,2016-04-05 20:40:00 EDT,42.64026,-75.48370,1157,20.3,22.2,14.7,47.1,3.3,0.000,0.000,0.00,0.000,3.9,6.4,1.0,303,8,,,,,,3.9,6.4,1.0,303,8,0,29.09,,,,,,,,,,
SHER,2016-04-05 20:45:00 EDT,42.64026,-75.48370,1157,21.4,22.5,13.4,44.0,2.8,0.000,0.000,0.00,0.000,6.2,9.9,2.1,312,11,,,,,,6.2,9.9,2.1,312,11,0,29.09,,,,,,,,,,
SHER,2016-04-05 20:50:00 EDT,42.64026,-75.48370,1157,21.9,23.0,13.9,40.9,1.7,0.000,0.000,0.00,0.000,6.3,9.4,1.0,312,9,9.6,9.6,0.0,316,0,6.3,9.4,1.0,312,9,0,29.09,,,,,,,,,,
SHER,2016-04-05 20:55:00 EDT,42.64026,-75.48370,1157,21.7,22.9,14.9,41.0,1.6,0.000,0.000,0.00,0.000,5.0,7.5,1.0,308,12,,,,,,5.0,7.5,1.0,308,12,0,29.10,,,,,,,,,,
SHER,2016-04-05 21:00:00 EDT,42.64026,-75.48370,1157,22.0,23.0,16.2,40.1,1.4,0.000,0.000,0.00,0.000,4.3,6.5,1.2,313,14,,,,,,4.3,6.5,1.2,313,14,0,29.09,,,,,,,,,,
SHER,2016-04-05 21:05:00 EDT,42.64026,-75.48370,1157,22.0,22.9,16.1,39.5,1.0,0.000,0.000,0.00,0.000,4.3,6.1,0.9,316,14,3.6,3.6,0.0,312,0,4.3,6.1,0.9,316,14,0,29.10,,,,,,,,,,
SHER,2016-04-05 21:10:00 EDT,42.64026,-75.48370,1157,22.2,23.1,16.6,38.6,0.7,0.000,0.000,0.00,0.000,4.1,6.2,0.8,306,8,3.6,3.6,0.0,314,0,4.1,6.2,0.8,306,8,0,29.10,,,,,,,,,,
SHER,2016-04-05 21:15:00 EDT,42.64026,-75.48370,1157,22.0,22.8,17.7,39.1,0.8,0.000,0.000,0.00,0.000,3.2,5.1,0.7,314,9,3.4,3.4,0.0,323,0,3.2,5.1,0.7,314,9,0,29.10,,,,,,,,,,
SHER,2016-04-05 21:20:00 EDT,42.64026,-75.48370,1157,20.9,22.5,20.9,41.9,1.3,0.000,0.000,0.00,0.000,2.5,4.2,0.7,308,10,,,,,,2.5,4.2,0.7,308,10,0,29.10,,,,,,,,,,
SHER,2016-04-05 21:25:00 EDT,42.64026,-75.48370,1157,20.7,22.4,20.7,43.2,1.8,0.000,0.000,0.00,0.000,2.0,4.5,1.3,320,15,,,,,,2.0,4.5,1.3,320,15,0,29.10,,,,,,,,,,
SHER,2016-04-05 21:30:00 EDT,42.64026,-75.48370,1157,20.4,21.7,20.4,45.1,2.5,0.000,0.000,0.00,0.000,0.0,0.6,0.1,58,10,,,,,,0.0,0.6,0.1,58,10,0,29.10,,,,,,,,,,
SHER,2016-04-05 21:35:00 EDT,42.64026,-75.48370,1157,20.0,21.4,20.0,44.1,1.7,0.000,0.000,0.00,0.000,0.2,1.8,0.4,339,28,,,,,,0.2,1.8,0.4,339,28,0,29.10,,,,,,,,,,
SHER,2016-04-05 21:40:00 EDT,42.64026,-75.48370,1157,18.6,20.5,18.6,50.7,3.3,0.000,0.000,0.00,0.000,2.4,4.5,1.2,111,11,4.5,4.5,0.0,109,0,2.4,4.5,1.2,111,11,0,29.10,,,,,,,,,,
SHER,2016-04-05 21:45:00 EDT,42.64026,-75.48370,1157,18.5,20.1,13.1,53.6,4.4,0.000,0.000,0.00,0.000,3.6,4.7,0.8,100,6,5.6,5.6,0.0,101,0,3.6,4.7,0.8,100,6,0,29.10,,,,,,,,,,
SHER,2016-04-05 21:50:00 EDT,42.64026,-75.48370,1157,18.5,19.9,13.6,51.8,3.7,0.000,0.000,0.00,0.000,3.3,4.8,1.4,97,12,4.9,4.9,0.0,99,0,3.3,4.8,1.4,97,12,0,29.10,,,,,,,,,,
SHER,2016-04-05 21:55:00 EDT,42.64026,-75.48370,1157,17.5,20.0,10.8,55.0,4.0,0.000,0.000,0.00,0.000,4.3,5.4,0.5,101,5,,,,,,4.3,5.4,0.5,101,5,0,29.10,,,,,,,,,,
SHER,2016-04-05 22:00:00 EDT,42.64026,-75.48370,1157,17.3,19.2,9.6,59.3,5.5,0.000,0.000,0.00,0.000,5.2,6.0,0.4,101,4,,,,,,5.2,6.0,0.4,101,4,0,29.10,,,,,,,,,,
SHER,2016-04-05 22:05:00 EDT,42.64026,-75.48370,1157,18.1,19.1,10.5,54.1,4.3,0.000,0.000,0.00,0.000,5.3,5.9,0.4,99,4,6.7,6.7,0.0,100,0,5.3,5.9,0.4,99,4,0,29.10,,,,,,,,,,
SHER,2016-04-05 22:10:00 EDT,42.64026,-75.48370,1157,18.2,19.5,9.9,52.6,3.7,0.000,0.000,0.00,0.000,5.9,6.5,0.3,100,4,,,,,,5.9,6.5,0.3,100,4,0,29.10,,,,,,,,,,
SHER,2016-04-05 22:15:00 EDT,42.64026,-75.48370,1157,17.2,19.8,9.1,54.0,3.4,0.000,0.000,0.00,0.000,5.6,6.1,0.3,99,4,6.9,6.9,0.0,98,0,5.6,6.1,0.3,99,4,0,29.10,,,,,,,,,,
SHER,2016-04-05 22:20:00 EDT,42.64026,-75.48370,1157,16.3,18.5,7.7,60.1,4.9,0.000,0.000,0.00,0.000,5.9,6.6,0.5,103,2,,,,,,5.9,6.6,0.5,103,2,0,29.09,,,,,,,,,,
SHER,2016-04-05 22:25:00 EDT,42.64026,-75.48370,1157,15.8,17.5,6.9,63.8,5.7,0.000,0.000,0.00,0.000,6.0,6.5,0.3,100,2,6.5,6.5,0.0,98,0,6.0,6.5,0.3,100,2,0,29.09,,,,,,,,,,
SHER,2016-04-05 22:30:00 EDT,42.64026,-75.48370,1157,15.7,17.7,7.3,62.3,5.1,0.000,0.000,0.00,0.000,5.5,6.2,0.4,98,1,,,,,,5.5,6.2,0.4,98,1,0,29.09,,,,,,,,,,
SHER,2016-04-05 22:35:00 EDT,42.64026,-75.48370,1157,15.6,17.2,6.7,62.3,5.0,0.000,0.000,0.00,0.000,6.0,6.6,0.4,100,2,,,,,,6.0,6.6,0.4,100,2,0,29.09,,,,,,,,,,
SHER,2016-04-05 22:40:00 EDT,42.64026,-75.48370,1157,15.6,18.0,6.3,62.4,5.0,0.000,0.000,0.00,0.000,6.4,6.8,0.3,101,2,,,,,,6.4,6.8,0.3,101,2,0,29.09,,,,,,,,,,
SHER,2016-04-05 22:45:00 EDT,42.64026,-75.48370,1157,16.1,18.4,7.0,58.6,4.1,0.000,0.000,0.00,0.000,6.3,6.9,0.2,98,2,7.2,7.2,0.0,100,0,6.3,6.9,0.2,98,2,0,29.09,,,,,,,,,,
SHER,2016-04-05 22:50:00 EDT,42.64026,-75.48370,1157,15.5,17.8,7.2,60.9,4.4,0.000,0.000,0.00,0.000,5.4,6.2,0.4,102,4,,,,,,5.4,6.2,0.4,102,4,0,29.09,,,,,,,,,,
SHER,2016-04-05 22:55:00 EDT,42.64026,-75.48370,1157,14.6,16.6,6.4,67.0,5.6,0.000,0.000,0.00,0.000,5.2,6.4,0.7,108,7,,,,,,5.2,6.4,0.7,108,7,0,29.09,,,,,,,,,,
SHER,2016-04-05 23:00:00 EDT,42.64026,-75.48370,1157,14.3,17.0,5.1,67.9,5.6,0.000,0.000,0.00,0.000,6.0,7.2,0.4,105,3,6.7,6.7,0.0,105,0,6.0,7.2,0.4,105,3,0,29.09,,,,,,,,,,
SHER,2016-04-05 23:05:00 EDT,42.64026,-75.48370,1157,14.9,16.9,5.4,65.0,5.3,0.000,0.000,0.00,0.000,6.5,7.3,0.3,106,3,7.6,7.6,0.0,104,0,6.5,7.3,0.3,106,3,0,29.09,,,,,,,,,,
SHER,2016-04-05 23:10:00 EDT,42.64026,-75.48370,1157,14.5,16.8,4.5,66.2,5.2,0.000,0.000,0.00,0.000,6.9,7.4,0.3,101,3,,,,,,6.9,7.4,0.3,101,3,0,29.09,,,,,,,,,,
SHER,2016-04-05 23:15:00 EDT,42.64026,-75.48370,1157,14.7,17.4,4.9,65.4,5.2,0.000,0.000,0.00,0.000,6.7,7.5,0.3,101,2,,,,,,6.7,7.5,0.3,101,2,0,29.09,,,,,,,,,,
SHER,2016-04-05 23:20:00 EDT,42.64026,-75.48370,1157,13.9,15.9,4.4,67.8,5.2,0.000,0.000,0.00,0.000,6.3,6.7,0.3,107,3,7.6,7.6,0.0,110,0,6.3,6.7,0.3,107,3,0,29.08,,,,,,,,,,
SHER,2016-04-05 23:25:00 EDT,42.64026,-75.48370,1157,13.4,15.3,5.0,69.9,5.4,0.000,0.000,0.00,0.000,5.2,5.9,0.5,109,3,,,,,,5.2,5.9,0.5,109,3,0,29.09,,,,,,,,,,
SHER,2016-04-05 23:30:00 EDT,42.64026,-75.48370,1157,13.5,14.8,5.2,69.4,5.3,0.000,0.000,0.00,0.000,5.1,5.7,0.3,106,4,,,,,,5.1,5.7,0.3,106,4,0,29.09,,,,,,,,,,
SHER,2016-04-05 23:35:00 EDT,42.64026,-75.48370,1157,13.4,15.2,3.9,69.3,5.2,0.000,0.000,0.00,0.000,6.2,7.1,0.4,111,2,6.9,6.9,0.0,114,0,6.2,7.1,0.4,111,2,0,29.08,,,,,,,,,,
SHER,2016-04-05 23:40:00 EDT,42.64026,-75.48370,1157,13.1,14.7,2.9,70.4,5.3,0.000,0.000,0.00,0.000,6.8,7.3,0.3,107,2,,,,,,6.8,7.3,0.3,107,2,0,29.08,,,,,,,,,,
SHER,2016-04-05 23:45:00 EDT,42.64026,-75.48370,1157,12.9,15.1,3.1,71.2,5.3,0.000,0.000,0.00,0.000,6.4,7.1,0.3,103,2,,,,,,6.4,7.1,0.3,103,2,0,29.08,,,,,,,,,,
SHER,2016-04-05 23:50:00 EDT,42.64026,-75.48370,1157,13.8,16.2,3.5,68.4,5.3,0.000,0.000,0.00,0.000,7.1,8.1,0.5,104,4,,,,,,7.1,8.1,0.5,104,4,0,29.08,,,,,,,,,,
SHER,2016-04-05 23:55:00 EDT,42.64026,-75.48370,1157,13.1,15.4,3.4,69.7,5.1,0.000,0.000,0.00,0.000,6.3,7.3,0.4,107,2,7.0,8.3,1.2,108,3,6.3,7.3,0.4,107,2,0,29.08,,,,,,,,,,
SPRA,2016-04-05 00:00:00 EDT,42.87427,-74.50859,656,17.2,19.0,17.2,87.8,14.2,,,,,2.6,3.1,0.4,212,8,2.8,3.4,0.4,216,7,2.6,3.1,0.4,212,8,0,29.42,,0,0,0,34.3,38.8,41.7,0.32,0.39,0.41
SPRA,2016-04-05 00:05:00 EDT,42.87427,-74.50859,656,16.2,18.5,16.2,87.8,13.3,,,,,2.7,3.3,0.6,210,4,2.9,3.6,0.6,214,4,2.7,3.3,0.6,210,4,0,29.43,,0,0,0,34.3,38.8,41.7,0.32,0.39,0.41
SPRA,2016-04-05 00:10:00 EDT,42.87427,-74.50859,656,16.5,17.7,16.5,87.4,13.4,,,,,1.9,2.9,0.6,183,8,2.2,3.4,0.6,186,10,1.9,2.9,0.6,183,8,0,29.43,,0,0,0,34.3,38.8,41.7,0.32,0.39,0.41
SPRA,2016-04-05 00:15:00 EDT,42.87427,-74.50859,656,16.8,18.7,11.9,89.5,14.2,,,,,3.1,3.5,0.2,201,6,3.3,3.8,0.2,206,7,3.1,3.5,0.2,201,6,0,29.43,,0,0,0,34.3,38.8,41.7,0.32,0.39,0.41
SPRA,2016-04-05 00:20:00 EDT,42.87427,-74.50859,656,16.3,18.9,10.6,89.2,13.7,,,,,3.6,3.9,0.2,202,3,3.8,4.5,0.3,205,4,3.6,3.9,0.2,202,3,0,29.43,,0,0,0,34.3,38.8,41.7,0.32,0.39,0.41
SPRA,2016-04-05 00:25:00 EDT,42.87427,-74.50859,656,16.1,19.3,11.0,89.2,13.5,,,,,3.2,3.7,0.3,204,6,3.4,4.3,0.4,208,7,3.2,3.7,0.3,204,6,0,29.43,,0,0,0,34.3,38.8,41.7,0.32,0.39,0.41
SPRA,2016-04-05 00:30:00 EDT,42.87427,-74.50859,656,15.6,19.4,15.6,89.3,13.0,,,,,2.4,3.5,0.4,195,7,2.6,4.0,0.5,199,8,2.4,3.5,0.4,195,7,0,29.43,,0,0,0,34.3,38.8,41.7,0.32,0.39,0.41
SPRA,2016-04-05 00:35:00 EDT,42.87427,-74.50859,656,16.1,19.6,16.1,90.6,13.8,,,,,2.1,2.6,0.2,210,8,2.2,2.9,0.3,214,7,2.1,2.6,0.2,210,8,0,29.43,,0,0,0,34.3,38.7,41.7,0.32,0.39,0.41
SPRA,2016-04-05 00:40:00 EDT,42.87427,-74.50859,656,12.9,19.0,12.9,88.4,10.1,,,,,1.9,2.3,0.2,209,4,2.1,2.7,0.3,215,4,1.9,2.3,0.2,209,4,0,29.44,,0,0,0,34.3,38.7,41.7,0.32,0.39,0.41
SPRA,2016-04-05 00:45:00 EDT,42.87427,-74.50859,656,12.9,18.6,12.9,88.0,10.1,,,,,1.5,1.7,0.1,217,8,1.6,2.0,0.1,219,7,1.5,1.7,0.1,217,8,0,29.44,,0,0,0,34.3,38.7,41.7,0.32,0.39,0.41
SPRA,2016-04-05 00:50:00 EDT,42.87427,-74.50859,656,13.8,17.8,13.8,90.2,11.4,,,,,1.5,2.1,0.3,230,8,1.6,2.2,0.2,229,8,1.5,2.1,0.3,230,8,0,29.44,,0,0,0,34.3,38.7,41.7,0.32,0.39,0.41
SPRA,2016-04-05 00:55:00 EDT,42.87427,-74.50859,656,13.3,17.2,13.3,90.6,11.1,,,,,1.9,2.4,0.3,249,10,2.1,2.9,0.2,251,10,1.9,2.4,0.3,249,10,0,29.44,,0,0,0,34.3,38.7,41.7,0.32,0.39,0.41
SPRA,2016-04-05 01:00:00 EDT,42.87427,-74.50859,656,14.5,17.2,14.5,92.6,12.7,,,,,2.5,2.8,0.1,246,2,2.8,3.1,0.2,245,2,2.5,2.8,0.1,246,2,0,29.44,,0,0,0,34.3,38.7,41.7,0.32,0.39,0.41
SPRA,2016-04-05 01:05:00 EDT,42.87427,-74.50859,656,14.9,16.9,14.9,92.7,13.1,,,,,1.7,2.6,0.4,225,9,1.8,2.9,0.4,224,7,1.7,2.6,0.4,225,9,0,29.44,,0,0,0,34.3,38.7,41.7,0.32,0.39,0.41
SPRA,2016-04-05 01:10:00 EDT,42.87427,-74.50859,656,15.2,17.0,15.2,92.1,13.3,,,,,1.4,1.6,0.2,212,6,1.6,1.8,0.1,212,11,1.4,1.6,0.2,212,6,0,29.45,,0,0,0,34.3,38.7,41.7,0.32,0.39,0.41
SPRA,2016-04-05 01:15:00 EDT,42.87427,-74.50859,656,15.1,17.2,15.1,91.9,13.2,,,,,1.3,1.6,0.1,194,5,1.5,1.8,0.1,191,9,1.3,1.6,0.1,194,5,0,29.45,,0,0,0,34.3,38.7,41.7,0.32,0.39,0.41
SPRA,2016-04-05 01:20:00 EDT,42.87427,-74.50859,656,15.0,17.6,15.0,92.0,13.1,,,,,1.4,1.6,0.1,163,8,1.6,2.0,0.2,157,8,1.4,1.6,0.1,163,8,0,29.45,,0,0,0,34.3,38.7,41.7,0.32,0.39,0.41
SPRA,2016-04-05 01:25:00 EDT,42.87427,-74.50859,656,15.6,18.1,15.6,92.5,13.8,,,,,1.9,2.6,0.5,187,12,2.1,2.9,0.4,192,14,1.9,2.6,0.5,187,12,0,29.45,,0,0,0,34.3,38.7,41.7,0.32,0.39,0.41
SPRA,2016-04-05 01:30:00 EDT,42.87427,-74.50859,656,15.5,18.4,15.5,92.5,13.7,,,,,2.3,3.0,0.3,212,6,2.4,3.1,0.4,216,4,2.3,3.0,0.3,212,6,0,29.45,,0,0,0,34.3,38.7,41.7,0.32,0.39,0.41
SPRA,2016-04-05 01:35:00 EDT,42.87427,-74.50859,656,14.4,18.5,14.4,91.7,12.4,,,,,2.8,3.1,0.2,221,4,2.9,3.6,0.3,222,3,2.8,3.1,0.2,221,4,0,29.45,,0,0,0,34.3,38.7,41.7,0.32,0.39,0.41
SPRA,2016-04-05 01:40:00 EDT,42.87427,-74.50859,656,14.8,18.4,14.8,91.5,12.8,,,,,3.0,3.9,0.4,219,5,3.1,4.5,0.5,221,4,3.0,3.9,0.4,219,5,0,29.45,,0,0,0,34.3,38.7,41.7,0.32,0.39,0.41
SPRA,2016-04-05 01:45:00 EDT,42.87427,-74.50859,656,10.3,16.4,3.1,89.9,7.9,,,,,3.9,4.9,0.4,202,5,4.3,5.4,0.4,204,5,3.9,4.9,0.4,202,5,0,29.45,,0,0,0,34.3,38.7,41.7,0.32,0.39,0.41
SPRA,2016-04-05 01:50:00 EDT,42.87427,-74.50859,656,9.8,15.6,1.8,88.4,7.1,,,,,4.4,5.2,0.4,192,4,4.8,5.6,0.5,195,4,4.4,5.2,0.4,192,4,0,29.45,,0,0,0,34.3,38.7,41.7,0.32,0.39,0.41
SPRA,2016-04-05 01:55:00 EDT,42.87427,-74.50859,656,10.9,17.2,4.3,90.6,8.7,,,,,3.6,4.4,0.3,190,6,4.0,4.9,0.4,193,7,3.6,4.4,0.3,190,6,0,29.45,,0,0,0,34.3,38.7,41.7,0.32,0.39,0.41
SPRA,2016-04-05 02:00:00 EDT,42.87427,-74.50859,656,9.9,16.8,9.9,89.6,7.5,,,,,2.9,4.1,0.6,180,12,3.3,4.9,0.7,181,13,2.9,4.1,0.6,180,12,0,29.45,,0,0,0,34.3,38.7,41.7,0.32,0.39,0.41
SPRA,2016-04-05 02:05:00 EDT,42.87427,-74.50859,656,11.8,16.0,11.8,92.4,10.0,,,,,2.6,4.1,0.9,130,61,2.9,4.7,1.0,132,59,2.6,4.1,0.9,130,61,0,29.45,,0,0,0,34.3,38.7,41.7,0.32,0.39,0.41
SPRA,2016-04-05 02:10:00 EDT,42.87427,-74.50859,656,13.9,16.7,13.9,94.0,12.5,,,,,1.0,2.0,0.7,164,15,1.4,2.7,0.6,161,20,1.0,2.0,0.7,164,15,0,29.45,,0,0,0,34.3,38.7,41.7,0.32,0.39,0.41
SPRA,2016-04-05 02:15:00 EDT,42.87427,-74.50859,656,12.7,16.0,12.7,90.5,10.4,,,,,2.3,3.1,0.5,155,46,2.6,3.8,0.5,155,49,2.3,3.1,0.5,155,46,0,29.45,,0,0,0,34.3,38.7,41.7,0.32,0.39,0.41
SPRA,2016-04-05 02:20:00 EDT,42.87427,-74.50859,656,11.1,15.5,11.1,88.8,8.4,,,,,2.6,3.0,0.3,219,7,2.7,3.4,0.4,221,6,2.6,3.0,0.3,219,7,0,29.45,,0,0,0,34.3,38.7,41.7,0.32,0.39,0.41
SPRA,2016-04-05 02:25:00 EDT,42.87427,-74.50859,656,11.3,14.7,11.3,88.7,8.7,,,,,1.4,2.6,0.7,222,13,1.6,2.9,0.6,219,15,1.4,2.6,0.7,222,13,0,29.46,,0,0,0,34.3,38.7,41.7,0.32,0.39,0.41
SPRA,2016-04-05 02:30:00 EDT,42.87427,-74.50859,656,12.1,15.2,12.1,90.6,9.8,,,,,2.2,3.4,0.6,192,6,2.5,3.8,0.6,195,8,2.2,3.4,0.6,192,6,0,29.46,,0,0,0,34.3,38.7,41.7,0.32,0.39,0.41
SPRA,2016-04-05 02:35:00 EDT,42.87427,-74.50859,656,10.8,13.7,10.8,88.9,8.2,,,,,2.5,3.7,0.7,188,4,2.9,4.3,0.6,190,5,2.5,3.7,0.7,188,4,0,29.46,,0,0,0,34.3,38.7,41.7,0.32,0.39,0.41
SPRA,2016-04-05 02:40:00 EDT,42.87427,-74.50859,656,9.3,13.4,3.0,88.1,6.5,,,,,3.3,4.2,0.7,197,5,3.7,4.7,0.9,200,7,3.3,4.2,0.7,197,5,0,29.46,,0,0,0,34.3,38.7,41.7,0.32,0.39,0.41
SPRA,2016-04-05 02:45:00 EDT,42.87427,-74.50859,656,8.1,13.7,1.8,87.5,5.1,,,,,3.2,4.0,0.6,196,4,3.5,4.7,0.8,200,5,3.2,4.0,0.6,196,4,0,29.46,,0,0,0,34.3,38.7,41.7,0.32,0.39,0.41
SPRA,2016-04-05 02:50:00 EDT,42.87427,-74.50859,656,9.4,13.3,9.4,88.6,6.7,,,,,2.8,3.5,0.4,200,6,3.1,4.3,0.5,204,6,2.8,3.5,0.4,200,6,0,29.46,,0,0,0,34.3,38.7,41.7,0.32,0.39,0.41
SPRA,2016-04-05 02:55:00 EDT,42.87427,-74.50859,656,8.0,13.7,1.7,87.9,5.2,,,,,3.2,4.2,0.5,196,4,3.5,4.7,0.6,200,5,3.2,4.2,0.5,196,4,0,29.46,,0,0,0,34.3,38.7,41.7,0.32,0.39,0.41
SPRA,2016-04-05 03:00:00 EDT,42.87427,-74.50859,656,9.6,13.4,3.3,88.8,6.9,,,,,3.4,4.2,0.4,201,6,3.7,4.9,0.6,205,6,3.4,4.2,0.4,201,6,0,29.46,,0,0,0,34.3,38.7,41.7,0.32,0.39,0.41
SPRA,2016-04-05 03:05:00 EDT,42.87427,-74.50859,656,9.1,12.9,2.0,89.3,6.6,,,,,3.8,4.7,0.6,198,5,4.2,5.6,0.7,202,6,3.8,4.7,0.6,198,5,0,29.47,,0,0,0,34.3,38.7,41.6,0.32,0.39,0.41
SPRA,2016-04-05 03:10:00 EDT,42.87427,-74.50859,656,10.4,12.9,3.8,90.1,8.1,,,,,3.6,4.8,0.7,196,5,4.0,5.4,0.7,199,6,3.6,4.8,0.7,196,5,0,29.47,,0,0,0,34.3,38.7,41.6,0.32,0.39,0.41
SPRA,2016-04-05 03:15:00 EDT,42.87427,-74.50859,656,10.5,13.0,4.0,89.4,8.0,,,,,3.5,4.3,0.3,203,8,4.0,4.7,0.4,207,7,3.5,4.3,0.3,203,8,0,29.47,,0,0,0,34.3,38.7,41.6,0.32,0.39,0.41
SPRA,2016-04-05 03:20:00 EDT,42.87427,-74.50859,656,10.7,13.1,4.6,89.5,8.3,,,,,3.4,4.2,0.4,216,6,3.5,4.7,0.6,219,5,3.4,4.2,0.4,216,6,0,29.47,,0,0,0,34.3,38.7,41.6,0.32,0.39,0.41
SPRA,2016-04-05 03:25:00 EDT,42.87427,-74.50859,656,10.7,12.8,10.7,89.1,8.2,,,,,2.7,3.2,0.3,231,6,2.7,3.6,0.4,231,7,2.7,3.2,0.3,231,6,0,29.47,,0,0,0,34.3,38.7,41.5,0.32,0.39,0.41
SPRA,2016-04-05 03:30:00 EDT,42.87427,-74.50859,656,10.2,12.3,10.2,87.8,7.3,,,,,2.9,3.4,0.3,232,5,3.0,3.6,0.4,232,5,2.9,3.4,0.3,232,5,0,29.47,,0,0,0,34.3,38.7,41.5,0.32,0.39,0.41
SPRA,2016-04-05 03:35:00 EDT,42.87427,-74.50859,656,9.8,12.6,9.8,87.0,6.7,,,,,2.5,3.0,0.2,219,4,2.6,3.4,0.3,221,3,2.5,3.0,0.2,219,4,0,29.48,,0,0,0,34.3,38.7,41.5,0.32,0.39,0.41
SPRA,2016-04-05 03:40:00 EDT,42.87427,-74.50859,656,9.8,13.1,9.8,87.0,6.7,,,,,2.5,2.9,0.2,216,7,2.6,3.1,0.2,219,5,2.5,2.9,0.2,216,7,0,29.48,,0,0,0,34.3,38.7,41.5,0.32,0.39,0.41
SPRA,2016-04-05 03:45:00 EDT,42.87427,-74.50859,656,10.1,13.3,10.1,87.2,7.0,,,,,2.4,3.0,0.4,234,6,2.4,3.1,0.5,233,7,2.4,3.0,0.4,234,6,0,29.48,,0,0,0,34.3,38.7,41.5,0.32,0.39,0.41
SPRA,2016-04-05 03:50:00 EDT,42.87427,-74.50859,656,10.3,13.3,10.3,87.8,7.4,,,,,1.7,2.1,0.2,237,2,1.8,2.2,0.2,235,5,1.7,2.1,0.2,237,2,0,29.48,,0,0,0,34.3,38.7,41.5,0.32,0.39,0.41
SPRA,2016-04-05 03:55:00 EDT,42.87427,-74.50859,656,10.1,12.9,10.1,87.8,7.2,,,,,1.9,2.5,0.3,210,5,2.1,2.9,0.3,213,5,1.9,2.5,0.3,210,5,0,29.49,,0,0,0,34.3,38.7,41.5,0.32,0.39,0.41
SPRA,2016-04-05 04:00:00 EDT,42.87427,-74.50859,656,9.4,13.6,9.4,86.3,6.1,,,,,2.0,2.8,0.6,215,7,2.1,3.1,0.6,217,9,2.0,2.8,0.6,215,7,0,29.49,,0,0,0,34.3,38.6,41.5,0.32,0.39,0.41
SPRA,2016-04-05 04:05:00 EDT,42.87427,-74.50859,656,11.1,14.4,11.1,87.7,8.2,,,,,3.0,3.4,0.2,221,6,3.1,3.8,0.4,222,5,3.0,3.4,0.2,221,6,0,29.49,,0,0,0,34.3,38.6,41.5,0.32,0.39,0.41
SPRA,2016-04-05 04:10:00 EDT,42.87427,-74.50859,656,11.5,14.5,11.5,89.3,9.0,,,,,2.6,3.4,0.3,232,6,2.6,4.0,0.4,232,6,2.6,3.4,0.3,232,6,0,29.49,,0,0,0,34.3,38.6,41.5,0.32,0.39,0.41
SPRA,2016-04-05 04:15:00 EDT,42.87427,-74.50859,656,7.0,13.6,7.0,83.9,3.2,,,,,2.6,3.4,0.3,218,9,2.7,3.6,0.4,220,8,2.6,3.4,0.3,218,9,0,29.49,,0,0,0,34.3,38.6,41.5,0.32,0.39,0.41
SPRA,2016-04-05 04:20:00 EDT,42.87427,-74.50859,656,8.7,13.5,2.4,84.3,4.9,,,,,3.3,3.7,0.2,219,4,3.5,4.0,0.3,221,3,3.3,3.7,0.2,219,4,0,29.49,,0,0,0,34.3,38.6,41.5,0.32,0.39,0.41
SPRA,2016-04-05 04:25:00 EDT,42.87427,-74.50859,656,10.1,13.2,4.4,88.2,7.2,,,,,3.1,3.6,0.2,225,4,3.1,4.0,0.3,225,5,3.1,3.6,0.2,225,4,0,29.50,,0,0,0,34.3,38.6,41.5,0.32,0.39,0.41
SPRA,2016-04-05 04:30:00 EDT,42.87427,-74.50859,656,9.4,13.0,9.4,88.1,6.6,,,,,2.9,3.4,0.3,229,3,2.8,3.8,0.4,229,4,2.9,3.4,0.3,229,3,0,29.50,,0,0,0,34.3,38.5,41.5,0.33,0.39,0.41
SPRA,2016-04-05 04:35:00 EDT,42.87427,-74.50859,656,7.4,12.0,7.4,84.8,3.7,,,,,2.3,3.0,0.4,216,3,2.4,3.1,0.3,218,4,2.3,3.0,0.4,216,3,0,29.50,,0,0,0,34.3,38.5,41.5,0.32,0.39,0.41
SPRA,2016-04-05 04:40:00 EDT,42.87427,-74.50859,656,9.5,12.0,9.5,86.6,6.3,,,,,2.2,2.6,0.2,224,4,2.1,2.7,0.2,225,3,2.2,2.6,0.2,224,4,0,29.50,,0,0,0,34.3,38.5,41.5,0.33,0.39,0.41
SPRA,2016-04-05 04:45:00 EDT,42.87427,-74.50859,656,8.5,12.0,8.5,87.4,5.5,,,,,1.8,2.3,0.3,230,3,1.8,2.5,0.2,231,6,1.8,2.3,0.3,230,3,0,29.50,,0,0,0,34.3,38.5,41.5,0.33,0.39,0.41
SPRA,2016-04-05 04:50:00 EDT,42.87427,-74.50859,656,7.6,11.7,7.6,86.1,4.4,,,,,1.9,2.5,0.2,232,4,1.9,2.5,0.2,230,5,1.9,2.5,0.2,232,4,0,29.51,,0,0,0,34.3,38.5,41.5,0.32,0.39,0.41
SPRA,2016-04-05 04:55:00 EDT,42.87427,-74.50859,656,8.1,11.5,8.1,86.9,5.0,,,,,2.2,2.9,0.3,233,1,2.2,3.6,0.3,233,3,2.2,2.9,0.3,233,1,0,29.51,,0,0,0,34.3,38.5,41.5,0.32,0.39,0.41
SPRA,2016-04-05 05:00:00 EDT,42.87427,-74.50859,656,7.8,11.2,7.8,87.3,4.8,,,,,1.9,2.4,0.3,239,3,2.0,2.7,0.3,240,4,1.9,2.4,0.3,239,3,0,29.51,,0,0,0,34.3,38.5,41.5,0.32,0.39,0.41
SPRA,2016-04-05 05:05:00 EDT,42.87427,-74.50859,656,7.3,10.5,7.3,86.5,4.1,,,,,1.9,2.3,0.2,238,3,2.0,2.9,0.2,236,6,1.9,2.3,0.2,238,3,0,29.51,,0,0,0,34.3,38.5,41.5,0.33,0.39,0.41
SPRA,2016-04-05 05:10:00 EDT,42.87427,-74.50859,656,7.8,10.1,7.8,86.6,4.7,,,,,1.9,2.2,0.2,231,5,1.9,2.5,0.2,230,6,1.9,2.2,0.2,231,5,0,29.52,,0,0,0,34.3,38.5,41.5,0.32,0.39,0.41
SPRA,2016-04-05 05:15:00 EDT,42.87427,-74.50859,656,7.9,10.2,7.9,86.7,4.8,,,,,1.7,2.0,0.2,219,6,1.8,2.2,0.2,218,7,1.7,2.0,0.2,219,6,0,29.52,,0,0,0,34.3,38.5,41.5,0.32,0.39,0.41
SPRA,2016-04-05 05:20:00 EDT,42.87427,-74.50859,656,7.5,10.7,7.5,86.0,4.2,,,,,1.8,2.6,0.4,201,5,2.0,2.7,0.4,203,7,1.8,2.6,0.4,201,5,0,29.52,,0,0,0,34.3,38.5,41.5,0.32,0.39,0.41
SPRA,2016-04-05 05:25:00 EDT,42.87427,-74.50859,656,7.5,11.1,7.5,85.3,4.0,,,,,2.2,2.8,0.3,191,5,2.4,3.1,0.3,193,8,2.2,2.8,0.3,191,5,0,29.53,,0,0,0,34.3,38.5,41.5,0.32,0.39,0.41
SPRA,2016-04-05 05:30:00 EDT,42.87427,-74.50859,656,7.1,11.5,7.1,85.0,3.5,,,,,2.5,3.1,0.3,216,4,2.7,3.4,0.3,219,3,2.5,3.1,0.3,216,4,0,29.53,,0,0,0,34.3,38.5,41.5,0.32,0.39,0.41
SPRA,2016-04-05 05:35:00 EDT,42.87427,-74.50859,656,7.3,11.8,7.3,85.5,3.9,,,,,2.5,2.8,0.2,217,8,2.6,3.1,0.3,219,7,2.5,2.8,0.2,217,8,0,29.53,,0,0,0,34.3,38.5,41.5,0.32,0.39,0.41
SPRA,2016-04-05 05:40:00 EDT,42.87427,-74.50859,656,7.8,11.6,7.8,85.5,4.4,,,,,2.4,3.0,0.3,217,9,2.4,3.1,0.3,218,9,2.4,3.0,0.3,217,9,0,29.54,,0,0,0,34.3,38.5,41.5,0.32,0.39,0.41
SPRA,2016-04-05 05:45:00 EDT,42.87427,-74.50859,656,7.0,11.9,7.0,85.6,3.6,,,,,2.8,3.6,0.3,211,8,3.0,4.0,0.4,215,7,2.8,3.6,0.3,211,8,0,29.54,,0,0,0,34.3,38.5,41.5,0.33,0.39,0.41
SPRA,2016-04-05 05:50:00 EDT,42.87427,-74.50859,656,5.7,11.7,-0.5,83.7,1.8,,,,,3.0,3.7,0.3,221,6,3.0,4.0,0.4,222,5,3.0,3.7,0.3,221,6,0,29.54,,0,0,0,34.3,38.5,41.5,0.32,0.39,0.41
SPRA,2016-04-05 05:55:00 EDT,42.87427,-74.50859,656,7.7,11.6,0.9,86.2,4.5,,,,,3.5,4.4,0.4,229,4,3.7,4.9,0.6,229,5,3.5,4.4,0.4,229,4,0,29.54,,0,0,0,34.3,38.5,41.5,0.32,0.39,0.41
SPRA,2016-04-05 06:00:00 EDT,42.87427,-74.50859,656,9.1,11.6,9.1,85.6,5.7,,,,,2.7,3.4,0.3,230,8,2.7,4.0,0.4,230,8,2.7,3.4,0.3,230,8,0,29.55,,0,0,0,34.3,38.5,41.5,0.32,0.39,0.41
SPRA,2016-04-05 06:05:00 EDT,42.87427,-74.50859,656,8.4,11.2,8.4,84.1,4.6,,,,,2.6,3.4,0.4,227,9,2.7,3.8,0.4,227,9,2.6,3.4,0.4,227,9,0,29.55,,0,0,0,34.3,38.5,41.5,0.32,0.39,0.41
SPRA,2016-04-05 06:10:00 EDT,42.87427,-74.50859,656,6.0,10.4,6.0,82.9,1.9,,,,,2.9,3.7,0.4,213,10,3.1,4.3,0.6,216,10,2.9,3.7,0.4,213,10,0,29.55,,0,0,0,34.3,38.5,41.5,0.32,0.39,0.41
SPRA,2016-04-05 06:15:00 EDT,42.87427,-74.50859,656,8.6,11.1,8.6,85.2,5.1,,,,,2.7,3.6,0.4,216,9,2.8,4.0,0.5,219,6,2.7,3.6,0.4,216,9,0,29.56,,0,0,0,34.3,38.5,41.5,0.32,0.39,0.41
SPRA,2016-04-05 06:20:00 EDT,42.87427,-74.50859,656,7.6,10.8,0.1,84.0,3.8,,,,,3.9,4.8,0.5,226,10,4.2,5.4,0.6,227,10,3.9,4.8,0.5,226,10,1,29.56,,0,0,0,34.3,38.5,41.5,0.32,0.39,0.41
SPRA,2016-04-05 06:25:00 EDT,42.87427,-74.50859,656,7.3,10.6,0.4,82.1,3.0,,,,,3.5,4.5,0.5,237,9,3.8,6.0,0.7,240,11,3.5,4.5,0.5,237,9,2,29.56,,0,0,0,34.3,38.5,41.5,0.32,0.39,0.41
SPRA,2016-04-05 06:30:00 EDT,42.87427,-74.50859,656,7.3,10.1,0.8,81.4,2.8,,,,,3.3,3.9,0.3,238,6,3.5,4.3,0.4,239,7,3.3,3.9,0.3,238,6,3,29.57,,0,0,0,34.3,38.5,41.5,0.32,0.39,0.41
SPRA,2016-04-05 06:35:00 EDT,42.87427,-74.50859,656,7.7,10.0,1.4,81.3,3.2,,,,,3.2,3.9,0.4,241,5,3.5,4.7,0.5,243,6,3.2,3.9,0.4,241,5,5,29.57,,0,0,0,34.3,38.5,41.5,0.32,0.39,0.41
SPRA,2016-04-05 06:40:00 EDT,42.87427,-74.50859,656,7.9,9.9,7.9,81.0,3.3,,,,,2.4,3.9,0.5,239,12,2.5,5.1,0.7,240,12,2.4,3.9,0.5,239,12,8,29.57,,0,0,0,34.3,38.5,41.4,0.32,0.39,0.41
SPRA,2016-04-05 06:45:00 EDT,42.87427,-74.50859,656,7.9,9.8,7.9,81.0,3.3,,,,,2.3,3.2,0.3,230,7,2.3,3.6,0.4,230,7,2.3,3.2,0.3,230,7,11,29.58,,0,0,0,34.3,38.5,41.4,0.32,0.39,0.41
SPRA,2016-04-05 06:50:00 EDT,42.87427,-74.50859,656,7.8,10.0,7.8,80.4,3.0,,,,,2.4,2.8,0.2,234,4,2.4,3.1,0.3,233,5,2.4,2.8,0.2,234,4,17,29.58,,0,0,0,34.3,38.5,41.4,0.32,0.39,0.41
SPRA,2016-04-05 06:55:00 EDT,42.87427,-74.50859,656,7.9,10.0,1.3,79.3,2.8,,,,,3.3,4.3,0.5,232,4,3.4,4.9,0.7,232,5,3.3,4.3,0.5,232,4,27,29.58,,0,0,0,34.3,38.5,41.4,0.32,0.39,0.41
SPRA,2016-04-05 07:00:00 EDT,42.87427,-74.50859,656,7.7,9.8,-0.0,77.7,2.2,,,,,4.1,4.6,0.2,232,5,4.4,5.1,0.4,232,6,4.1,4.6,0.2,232,5,39,29.58,,0,0,0,34.3,38.5,41.4,0.32,0.39,0.41
SPRA,2016-04-05 07:05:00 EDT,42.87427,-74.50859,656,7.5,9.7,0.2,76.9,1.8,,,,,3.8,4.7,0.4,235,6,4.1,5.4,0.5,236,7,3.8,4.7,0.4,235,6,54,29.58,,0,0,0,34.3,38.5,41.4,0.32,0.39,0.41
SPRA,2016-04-05 07:10:00 EDT,42.87427,-74.50859,656,7.8,9.5,0.2,76.4,1.9,,,,,4.0,5.3,0.4,234,6,4.3,5.6,0.5,235,7,4.0,5.3,0.4,234,6,72,29.59,,0,0,0,34.3,38.5,41.4,0.32,0.39,0.41
SPRA,2016-04-05 07:15:00 EDT,42.87427,-74.50859,656,7.5,9.2,0.6,76.2,1.6,,,,,3.5,4.2,0.2,232,6,3.6,4.7,0.4,232,7,3.5,4.2,0.2,232,6,90,29.59,,0,0,0,34.3,38.5,41.4,0.32,0.39,0.41
SPRA,2016-04-05 07:20:00 EDT,42.87427,-74.50859,656,7.4,9.5,-0.5,76.3,1.5,,,,,4.1,5.1,0.4,240,7,4.5,6.3,0.6,242,8,4.1,5.1,0.4,240,7,110,29.59,,0,0,0,34.3,38.5,41.4,0.33,0.39,0.41
SPRA,2016-04-05 07:25:00 EDT,42.87427,-74.50859,656,7.7,9.7,-0.1,76.7,1.9,,,,,4.1,5.4,0.6,243,8,4.5,6.3,0.7,246,8,4.1,5.4,0.6,243,8,128,29.59,,0,0,0,34.3,38.5,41.4,0.32,0.39,0.41
SPRA,2016-04-05 07:30:00 EDT,42.87427,-74.50859,656,8.2,10.1,0.8,76.3,2.3,,,,,3.9,4.9,0.5,244,8,4.3,5.8,0.7,248,8,3.9,4.9,0.5,244,8,147,29.60,,0,0,0,34.3,38.5,41.4,0.32,0.39,0.41
SPRA,2016-04-05 07:35:00 EDT,42.87427,-74.50859,656,8.5,10.4,1.6,76.2,2.5,,,,,3.6,4.6,0.4,244,10,4.0,5.6,0.7,246,10,3.6,4.6,0.4,244,10,165,29.60,,0,0,0,34.3,38.5,41.4,0.32,0.39,0.41
SPRA,2016-04-05 07:40:00 EDT,42.87427,-74.50859,656,8.9,10.7,2.0,75.7,2.8,,,,,3.6,4.6,0.4,242,9,4.1,5.4,0.5,244,10,3.6,4.6,0.4,242,9,182,29.60,,0,0,0,34.3,38.5,41.4,0.32,0.39,0.41
SPRA,2016-04-05 07:45:00 EDT,42.87427,-74.50859,656,9.2,10.6,9.2,75.3,3.0,,,,,2.9,4.7,0.9,239,15,3.2,5.6,1.0,240,14,2.9,4.7,0.9,239,15,198,29.60,,0,0,0,34.3,38.5,41.4,0.33,0.39,0.41
SPRA,2016-04-05 07:50:00 EDT,42.87427,-74.50859,656,9.4,10.8,9.4,75.4,3.2,,,,,1.9,3.4,0.9,246,18,2.2,4.0,0.8,249,24,1.9,3.4,0.9,246,18,213,29.61,,0,0,0,34.3,38.5,41.4,0.33,0.39,0.41
SPRA,2016-04-05 07:55:00 EDT,42.87427,-74.50859,656,9.8,11.1,9.8,75.3,3.6,,,,,1.4,3.5,0.9,295,25,1.8,4.3,1.0,297,28,1.4,3.5,0.9,295,25,228,29.61,,0,0,0,34.3,38.5,41.4,0.33,0.39,0.41
SPRA,2016-04-05 08:00:00 EDT,42.87427,-74.50859,656,10.4,11.4,10.4,72.6,3.3,,,,,1.5,3.5,0.8,254,27,1.9,5.1,0.8,254,32,1.5,3.5,0.8,254,27,243,29.61,,0,0,0,34.3,38.5,41.4,0.32,0.39,0.41
SPRA,2016-04-05 08:05:00 EDT,42.87427,-74.50859,656,11.1,11.6,11.1,72.2,3.9,,,,,1.5,5.8,1.8,286,12,2.1,6.0,1.7,287,25,1.5,5.8,1.8,286,12,258,29.61,,0,0,0,34.3,38.5,41.4,0.33,0.39,0.41
SPRA,2016-04-05 08:10:00 EDT,42.87427,-74.50859,656,11.8,12.3,5.8,68.2,3.4,,,,,3.4,5.8,1.0,299,16,3.7,6.5,1.1,300,15,3.4,5.8,1.0,299,16,274,29.61,,0,0,0,34.3,38.5,41.4,0.32,0.39,0.41
SPRA,2016-04-05 08:15:00 EDT,42.87427,-74.50859,656,11.7,12.2,4.7,69.2,3.5,,,,,3.9,6.4,1.1,311,18,4.5,6.9,1.3,313,17,3.9,6.4,1.1,311,18,290,29.61,,0,0,0,34.3,38.5,41.4,0.32,0.39,0.41
SPRA,2016-04-05 08:20:00 EDT,42.87427,-74.50859,656,11.8,12.2,2.5,69.6,3.8,,,,,5.7,7.7,0.7,318,10,6.0,8.5,0.9,321,10,5.7,7.7,0.7,318,10,307,29.62,,0,0,0,34.3,38.5,41.4,0.32,0.39,0.41
SPRA,2016-04-05 08:25:00 EDT,42.87427,-74.50859,656,11.9,12.4,4.6,70.1,4.1,,,,,4.2,6.5,1.0,316,11,4.5,7.2,1.2,318,11,4.2,6.5,1.0,316,11,323,29.62,,0,0,0,34.3,38.4,41.4,0.32,0.39,0.41
SPRA,2016-04-05 08:30:00 EDT,42.87427,-74.50859,656,12.2,12.7,12.2,70.5,4.4,,,,,2.6,4.7,0.9,287,21,2.9,5.4,0.9,289,20,2.6,4.7,0.9,287,21,337,29.62,,0,0,0,34.3,38.4,41.4,0.32,0.39,0.41
SPRA,2016-04-05 08:35:00 EDT,42.87427,-74.50859,656,12.7,13.1,6.2,68.6,4.3,,,,,3.8,6.0,0.8,297,16,4.1,6.9,0.9,298,15,3.8,6.0,0.8,297,16,353,29.62,,0,0,0,34.3,38.4,41.4,0.32,0.39,0.41
SPRA,2016-04-05 08:40:00 EDT,42.87427,-74.50859,656,12.5,13.2,12.5,67.5,3.8,,,,,2.6,4.7,1.0,305,27,3.0,5.1,1.1,307,27,2.6,4.7,1.0,305,27,369,29.63,,0,0,0,34.3,38.3,41.4,0.32,0.39,0.41
SPRA,2016-04-05 08:45:00 EDT,42.87427,-74.50859,656,12.4,13.2,12.4,67.0,3.6,,,,,1.9,2.7,0.4,347,12,2.4,3.4,0.4,350,12,1.9,2.7,0.4,347,12,386,29.63,,0,0,0,34.3,38.3,41.4,0.32,0.39,0.41
SPRA,2016-04-05 08:50:00 EDT,42.87427,-74.50859,656,13.0,13.4,13.0,66.3,3.9,,,,,1.7,2.3,0.3,356,11,2.1,2.9,0.3,356,10,1.7,2.3,0.3,356,11,403,29.63,,0,0,0,34.3,38.3,41.4,0.32,0.39,0.41
SPRA,2016-04-05 08:55:00 EDT,42.87427,-74.50859,656,13.4,13.7,13.4,64.4,3.7,,,,,2.3,3.0,0.3,358,8,2.7,3.4,0.4,358,7,2.3,3.0,0.3,358,8,421,29.63,,0,0,0,34.2,38.3,41.4,0.32,0.39,0.41
SPRA,2016-04-05 09:00:00 EDT,42.87427,-74.50859,656,13.8,14.3,13.8,64.1,4.0,,,,,2.8,3.9,0.5,347,10,3.2,4.5,0.6,349,9,2.8,3.9,0.5,347,10,439,29.63,,0,0,0,34.2,38.3,41.4,0.33,0.39,0.41
SPRA,2016-04-05 09:05:00 EDT,42.87427,-74.50859,656,14.6,15.0,9.5,63.6,4.5,,,,,3.1,4.6,0.9,335,10,3.5,5.6,1.0,338,10,3.1,4.6,0.9,335,10,458,29.63,,0,0,0,34.2,38.3,41.4,0.32,0.39,0.41
SPRA,2016-04-05 09:10:00 EDT,42.87427,-74.50859,656,15.2,15.5,8.5,62.2,4.5,,,,,4.1,6.4,1.1,322,9,4.6,7.4,1.3,325,9,4.1,6.4,1.1,322,9,479,29.63,,0,0,0,34.2,38.3,41.4,0.33,0.39,0.41
SPRA,2016-04-05 09:15:00 EDT,42.87427,-74.50859,656,15.8,16.1,9.6,61.0,4.8,,,,,3.9,5.5,0.9,318,16,4.3,6.5,1.0,321,17,3.9,5.5,0.9,318,16,497,29.63,,0,0,0,34.2,38.3,41.4,0.32,0.39,0.41
SPRA,2016-04-05 09:20:00 EDT,42.87427,-74.50859,656,16.2,16.4,10.8,59.8,4.6,,,,,3.4,5.4,0.8,326,19,3.7,6.7,1.0,328,17,3.4,5.4,0.8,326,19,513,29.64,,0,0,0,34.2,38.3,41.4,0.33,0.39,0.41
SPRA,2016-04-05 09:25:00 EDT,42.87427,-74.50859,656,16.1,16.3,9.2,60.2,4.7,,,,,4.4,6.7,0.8,336,13,4.9,7.8,0.9,339,10,4.4,6.7,0.8,336,13,528,29.64,,0,0,0,34.2,38.3,41.4,0.33,0.39,0.41
SPRA,2016-04-05 09:30:00 EDT,42.87427,-74.50859,656,16.6,16.8,9.6,58.9,4.7,,,,,4.6,6.4,0.8,327,11,5.0,7.4,0.9,329,11,4.6,6.4,0.8,327,11,547,29.64,,0,0,0,34.2,38.3,41.4,0.33,0.39,0.41
SPRA,2016-04-05 09:35:00 EDT,42.87427,-74.50859,656,17.2,17.3,11.0,57.6,4.7,,,,,4.0,6.1,0.9,322,14,4.3,6.9,1.1,326,13,4.0,6.1,0.9,322,14,563,29.64,,0,0,0,34.2,38.3,41.4,0.33,0.39,0.41
SPRA,2016-04-05 09:40:00 EDT,42.87427,-74.50859,656,17.7,17.8,11.7,57.7,5.3,,,,,3.9,6.6,0.8,322,18,4.4,7.4,0.9,324,18,3.9,6.6,0.8,322,18,575,29.64,,0,0,0,34.2,38.3,41.4,0.33,0.39,0.41
SPRA,2016-04-05 09:45:00 EDT,42.87427,-74.50859,656,18.3,18.4,10.8,55.7,5.1,,,,,5.2,7.1,0.9,313,21,5.7,7.6,0.9,314,21,5.2,7.1,0.9,313,21,589,29.64,,0,0,0,34.2,38.3,41.4,0.33,0.39,0.41
SPRA,2016-04-05 09:50:00 EDT,42.87427,-74.50859,656,18.6,18.7,13.3,55.2,5.2,,,,,3.5,5.5,1.1,312,22,3.9,6.7,1.3,313,22,3.5,5.5,1.1,312,22,607,29.64,,0,0,0,34.2,38.3,41.4,0.33,0.39,0.41
SPRA,2016-04-05 09:55:00 EDT,42.87427,-74.50859,656,18.9,19.0,14.4,53.3,4.7,,,,,3.1,6.6,1.7,293,21,3.6,7.4,1.8,294,21,3.1,6.6,1.7,293,21,623,29.64,,0,0,0,34.2,38.3,41.4,0.33,0.39,0.41
SPRA,2016-04-05 10:00:00 EDT,42.87427,-74.50859,656,19.3,19.4,13.3,53.8,5.2,,,,,4.1,5.9,0.8,306,33,4.6,6.5,0.9,310,32,4.1,5.9,0.8,306,33,635,29.64,,0,0,0,34.2,38.3,41.3,0.33,0.39,0.41
SPRA,2016-04-05 10:05:00 EDT,42.87427,-74.50859,656,19.9,20.0,19.9,50.9,4.6,,,,,2.5,7.0,1.4,286,29,3.1,7.4,1.4,288,31,2.5,7.0,1.4,286,29,651,29.64,,0,0,0,34.2,38.3,41.4,0.33,0.39,0.41
SPRA,2016-04-05 10:10:00 EDT,42.87427,-74.50859,656,20.4,20.5,14.5,49.7,4.6,,,,,4.1,7.0,1.1,306,23,4.6,7.4,1.3,309,22,4.1,7.0,1.1,306,23,666,29.64,,0,0,0,34.2,38.3,41.3,0.33,0.39,0.41
SPRA,2016-04-05 10:15:00 EDT,42.87427,-74.50859,656,20.9,21.0,13.6,49.8,5.1,,,,,5.4,10.4,2.0,290,21,6.0,11.4,2.3,292,21,5.4,10.4,2.0,290,21,679,29.64,,0,0,0,34.2,38.3,41.3,0.33,0.39,0.41
SPRA,2016-04-05 10:20:00 EDT,42.87427,-74.50859,656,21.3,21.4,13.1,46.6,4.0,,,,,6.5,8.6,1.1,270,14,7.2,9.8,1.2,273,12,6.5,8.6,1.1,270,14,692,29.64,,0,0,0,34.2,38.3,41.3,0.33,0.39,0.41
SPRA,2016-04-05 10:25:00 EDT,42.87427,-74.50859,656,21.8,21.9,14.5,46.7,4.5,,,,,5.6,8.5,1.2,288,21,6.3,9.4,1.4,290,20,5.6,8.5,1.2,288,21,704,29.64,,0,0,0,34.2,38.3,41.2,0.33,0.39,0.41
SPRA,2016-04-05 10:30:00 EDT,42.87427,-74.50859,656,21.9,22.0,15.8,46.7,4.6,,,,,4.5,8.1,1.5,305,18,4.9,9.2,1.6,307,19,4.5,8.1,1.5,305,18,715,29.65,,0,0,0,34.2,38.3,41.2,0.33,0.39,0.41
SPRA,2016-04-05 10:35:00 EDT,42.87427,-74.50859,656,22.5,22.5,15.1,44.6,4.1,,,,,5.8,9.4,1.9,267,18,6.6,10.7,2.1,269,16,5.8,9.4,1.9,267,18,726,29.65,,0,0,0,34.2,38.3,41.2,0.33,0.39,0.41
SPRA,2016-04-05 10:40:00 EDT,42.87427,-74.50859,656,22.7,22.7,14.5,42.6,3.3,,,,,6.8,10.7,1.9,285,21,7.6,12.1,2.1,285,20,6.8,10.7,1.9,285,21,737,29.65,,0,0,0,34.2,38.3,41.2,0.33,0.39,0.41
SPRA,2016-04-05 10:45:00 EDT,42.87427,-74.50859,656,22.7,22.7,16.1,42.0,3.0,,,,,5.1,9.3,1.7,271,21,5.7,10.3,1.8,272,19,5.1,9.3,1.7,271,21,748,29.65,,0,0,0,34.2,38.3,41.2,0.33,0.39,0.41
SPRA,2016-04-05 10:50:00 EDT,42.87427,-74.50859,656,,,,,,,,,,,,,,,,,,,,,,,,,,,,,,,,,,,,
SPRA,2016-04-05 10:55:00 EDT,42.87427,-74.50859,656,,,,,,,,,,,,,,,,,,,,,,,,,,,,,,,,,,,,
SPRA,2016-04-05 11:00:00 EDT,42.87427,-74.50859,656,,,,,,,,,,,,,,,,,,,,,,,,,,,,,,,,,,,,
SPRA,2016-04-05 11:05:00 EDT,42.87427,-74.50859,656,23.5,23.6,15.4,36.3,0.6,,,,,6.9,11.4,1.8,273,16,7.7,11.9,2.1,274,15,6.9,11.4,1.8,273,16,788,29.65,,0,0,0,34.2,38.3,41.2,0.33,0.39,0.41
SPRA,2016-04-05 11:10:00 EDT,42.87427,-74.50859,656,24.0,24.0,13.8,36.7,1.3,,,,,10.0,15.9,2.1,261,12,11.1,17.0,2.4,263,12,10.0,15.9,2.1,261,12,797,29.65,,0,0,0,34.2,38.3,41.2,0.33,0.39,0.41
SPRA,2016-04-05 11:15:00 EDT,42.87427,-74.50859,656,24.2,24.2,15.0,36.5,1.3,,,,,8.5,14.3,2.7,263,17,9.5,16.3,2.8,266,16,8.5,14.3,2.7,263,17,806,29.65,,0,0,0,34.2,38.3,41.2,0.33,0.39,0.41
SPRA,2016-04-05 11:20:00 EDT,42.87427,-74.50859,656,24.5,24.5,15.9,35.5,1.0,,,,,7.7,13.4,2.0,282,16,8.6,15.0,2.1,283,14,7.7,13.4,2.0,282,16,815,29.65,,0,0,0,34.2,38.3,41.2,0.32,0.39,0.41
SPRA,2016-04-05 11:25:00 EDT,42.87427,-74.50859,656,24.5,24.6,14.2,35.2,0.9,,,,,10.4,14.8,1.9,269,15,11.6,17.4,2.3,272,13,10.4,14.8,1.9,269,15,824,29.65,,0,0,0,34.3,38.3,41.2,0.33,0.39,0.41
SPRA,2016-04-05 11:30:00 EDT,42.87427,-74.50859,656,24.8,24.8,15.3,35.4,1.2,,,,,9.1,16.0,2.2,269,13,10.1,17.0,2.4,270,11,9.1,16.0,2.2,269,13,831,29.65,,0,0,0,34.3,38.3,41.2,0.33,0.39,0.41
SPRA,2016-04-05 11:35:00 EDT,42.87427,-74.50859,656,24.9,24.9,14.8,36.7,2.0,,,,,10.1,16.0,2.4,289,14,11.0,17.9,2.6,289,14,10.1,16.0,2.4,289,14,839,29.65,,0,0,0,34.3,38.3,41.2,0.33,0.39,0.41
SPRA,2016-04-05 11:40:00 EDT,42.87427,-74.50859,656,24.8,24.9,15.0,36.2,1.8,,,,,9.7,14.3,2.1,282,11,10.7,15.9,2.3,283,11,9.7,14.3,2.1,282,11,845,29.65,,0,0,0,34.3,38.3,41.2,0.32,0.39,0.41
SPRA,2016-04-05 11:45:00 EDT,42.87427,-74.50859,656,25.0,25.0,14.2,36.5,2.1,,,,,11.5,18.1,2.3,266,17,12.9,19.9,2.5,269,15,11.5,18.1,2.3,266,17,852,29.65,,0,0,0,34.2,38.3,41.2,0.33,0.39,0.41
SPRA,2016-04-05 11:50:00 EDT,42.87427,-74.50859,656,24.8,24.8,13.4,36.6,1.9,,,,,12.6,17.9,2.2,266,9,14.1,19.5,2.3,267,7,12.6,17.9,2.2,266,9,858,29.64,,0,0,0,34.2,38.3,41.2,0.33,0.39,0.41
SPRA,2016-04-05 11:55:00 EDT,42.87427,-74.50859,656,25.0,25.0,15.2,37.6,2.7,,,,,9.8,15.4,2.5,288,15,10.7,16.3,2.5,289,14,9.8,15.4,2.5,288,15,864,29.64,,0,0,0,34.2,38.3,41.2,0.33,0.39,0.41
SPRA,2016-04-05 12:00:00 EDT,42.87427,-74.50859,656,25.1,25.2,14.2,36.9,2.4,,,,,11.8,17.5,2.3,281,20,12.8,17.9,2.5,283,20,11.8,17.5,2.3,281,20,870,29.64,,0,0,0,34.3,38.3,41.2,0.33,0.39,0.41
SPRA,2016-04-05 12:05:00 EDT,42.87427,-74.50859,656,25.4,25.5,15.3,36.8,2.6,,,,,10.5,16.9,2.6,271,21,11.8,17.9,3.1,274,19,10.5,16.9,2.6,271,21,875,29.64,,0,0,0,34.3,38.3,41.2,0.33,0.39,0.41
SPRA,2016-04-05 12:10:00 EDT,42.87427,-74.50859,656,25.9,26.0,16.3,36.6,2.9,,,,,9.8,17.8,3.5,291,17,10.8,18.1,3.6,292,18,9.8,17.8,3.5,291,17,881,29.63,,0,0,0,34.3,38.3,41.2,0.32,0.39,0.41
SPRA,2016-04-05 12:15:00 EDT,42.87427,-74.50859,656,26.1,26.1,16.9,37.2,3.4,,,,,9.1,13.8,2.3,286,18,10.2,15.2,2.4,287,15,9.1,13.8,2.3,286,18,885,29.64,,0,0,0,34.3,38.3,41.2,0.33,0.39,0.41
SPRA,2016-04-05 12:20:00 EDT,42.87427,-74.50859,656,26.1,26.1,15.5,35.4,2.4,,,,,11.8,18.2,3.1,270,16,13.2,20.1,3.4,271,13,11.8,18.2,3.1,270,16,888,29.64,,0,0,0,34.3,38.3,41.2,0.33,0.39,0.41
SPRA,2016-04-05 12:25:00 EDT,42.87427,-74.50859,656,26.1,26.1,14.7,34.4,1.8,,,,,13.3,17.8,1.9,270,13,14.9,20.1,2.2,273,12,13.3,17.8,1.9,270,13,892,29.64,,0,0,0,34.3,38.3,41.2,0.33,0.39,0.41
SPRA,2016-04-05 12:30:00 EDT,42.87427,-74.50859,656,26.0,26.1,15.1,34.2,1.6,,,,,12.2,20.4,3.5,267,16,13.4,21.9,3.9,269,15,12.2,20.4,3.5,267,16,894,29.64,,0,0,0,34.3,38.3,41.2,0.33,0.39,0.41
SPRA,2016-04-05 12:35:00 EDT,42.87427,-74.50859,656,26.5,26.6,17.1,34.3,2.1,,,,,9.7,15.9,2.2,281,20,10.7,16.8,2.4,282,18,9.7,15.9,2.2,281,20,898,29.64,,0,0,0,34.3,38.3,41.2,0.33,0.39,0.41
SPRA,2016-04-05 12:40:00 EDT,42.87427,-74.50859,656,26.6,26.7,17.2,33.9,2.0,,,,,9.7,18.0,3.0,276,17,11.1,21.0,3.4,278,17,9.7,18.0,3.0,276,17,901,29.64,,0,0,0,34.3,38.3,41.2,0.33,0.39,0.41
SPRA,2016-04-05 12:45:00 EDT,42.87427,-74.50859,656,26.7,26.7,15.9,33.7,1.8,,,,,12.3,19.9,2.8,275,19,13.4,22.1,3.1,277,17,12.3,19.9,2.8,275,19,903,29.64,,0,0,0,34.3,38.3,41.2,0.33,0.39,0.41
SPRA,2016-04-05 12:50:00 EDT,42.87427,-74.50859,656,26.6,26.7,15.7,32.7,1.2,,,,,12.7,17.7,2.2,267,12,14.3,19.7,2.4,271,9,12.7,17.7,2.2,267,12,904,29.64,,0,0,0,34.3,38.3,41.2,0.33,0.39,0.41
SPRA,2016-04-05 12:55:00 EDT,42.87427,-74.50859,656,26.8,26.9,15.9,32.8,1.4,,,,,12.9,20.0,2.8,270,11,14.5,22.4,3.1,271,9,12.9,20.0,2.8,270,11,903,29.64,,0,0,0,34.3,38.3,41.2,0.33,0.39,0.41
SPRA,2016-04-05 13:00:00 EDT,42.87427,-74.50859,656,26.9,26.9,15.7,33.1,1.7,,,,,13.5,19.9,3.1,271,11,15.2,22.6,3.3,272,9,13.5,19.9,3.1,271,11,904,29.64,,0,0,0,34.3,38.3,41.2,0.33,0.39,0.41
SPRA,2016-04-05 13:05:00 EDT,42.87427,-74.50859,656,26.8,26.8,15.8,32.2,1.0,,,,,12.8,19.8,3.1,265,12,14.4,21.7,3.4,268,11,12.8,19.8,3.1,265,12,904,29.63,,0,0,0,34.3,38.3,41.2,0.33,0.39,0.41
SPRA,2016-04-05 13:10:00 EDT,42.87427,-74.50859,656,27.1,27.1,16.2,31.6,0.8,,,,,12.9,19.1,2.2,270,15,14.4,21.3,2.4,271,13,12.9,19.1,2.2,270,15,904,29.63,,0,0,0,34.3,38.3,41.2,0.33,0.39,0.41
SPRA,2016-04-05 13:15:00 EDT,42.87427,-74.50859,656,27.5,27.5,16.9,31.9,1.4,,,,,12.5,19.2,2.9,276,16,14.0,21.3,3.1,278,13,12.5,19.2,2.9,276,16,904,29.63,,0,0,0,34.3,38.3,41.2,0.33,0.39,0.41
SPRA,2016-04-05 13:20:00 EDT,42.87427,-74.50859,656,27.6,27.6,17.2,31.1,1.0,,,,,12.0,18.7,3.0,267,18,13.3,19.9,3.3,270,17,12.0,18.7,3.0,267,18,902,29.63,,0,0,0,34.3,38.3,41.2,0.33,0.39,0.41
SPRA,2016-04-05 13:25:00 EDT,42.87427,-74.50859,656,27.9,27.9,18.2,31.1,1.2,,,,,10.9,17.1,2.8,286,19,12.1,18.1,2.9,286,18,10.9,17.1,2.8,286,19,901,29.63,,0,0,0,34.3,38.3,41.2,0.33,0.39,0.41
SPRA,2016-04-05 13:30:00 EDT,42.87427,-74.50859,656,27.8,27.9,17.9,30.3,0.6,,,,,11.4,19.1,3.5,278,16,12.6,20.8,3.8,279,15,11.4,19.1,3.5,278,16,899,29.62,,0,0,0,34.3,38.3,41.2,0.32,0.39,0.41
SPRA,2016-04-05 13:35:00 EDT,42.87427,-74.50859,656,28.0,28.0,17.3,29.9,0.4,,,,,13.0,19.1,2.6,267,14,14.7,22.1,2.9,270,12,13.0,19.1,2.6,267,14,896,29.63,,0,0,0,34.3,38.2,41.2,0.33,0.39,0.41
SPRA,2016-04-05 13:40:00 EDT,42.87427,-74.50859,656,28.0,28.0,17.2,29.2,-0.1,,,,,13.2,23.4,2.9,283,16,14.4,25.3,3.0,284,15,13.2,23.4,2.9,283,16,892,29.62,,0,0,0,34.3,38.2,41.2,0.33,0.39,0.41
SPRA,2016-04-05 13:45:00 EDT,42.87427,-74.50859,656,28.0,28.0,17.7,29.7,0.3,,,,,12.1,20.9,3.5,273,17,13.5,22.1,3.7,274,15,12.1,20.9,3.5,273,17,890,29.62,,0,0,0,34.3,38.2,41.1,0.33,0.39,0.41
SPRA,2016-04-05 13:50:00 EDT,42.87427,-74.50859,656,28.1,28.2,18.1,28.8,-0.3,,,,,11.6,19.8,3.6,273,18,12.7,21.3,3.9,274,17,11.6,19.8,3.6,273,18,887,29.62,,0,0,0,34.3,38.2,41.1,0.33,0.39,0.41
SPRA,2016-04-05 13:55:00 EDT,42.87427,-74.50859,656,28.4,28.5,18.6,29.6,0.6,,,,,11.2,17.3,3.4,272,14,12.6,19.7,3.7,273,11,11.2,17.3,3.4,272,14,882,29.62,,0,0,0,34.3,38.2,41.1,0.33,0.39,0.41
SPRA,2016-04-05 14:00:00 EDT,42.87427,-74.50859,656,28.3,28.3,17.9,28.7,-0.2,,,,,12.3,19.3,2.8,276,18,13.6,20.4,3.0,277,16,12.3,19.3,2.8,276,18,877,29.62,,0,0,0,34.2,38.2,41.1,0.33,0.39,0.41
SPRA,2016-04-05 14:05:00 EDT,42.87427,-74.50859,656,28.5,28.5,18.8,30.0,1.0,,,,,11.2,18.8,3.4,297,17,12.1,19.9,3.3,298,14,11.2,18.8,3.4,297,17,871,29.62,,0,0,0,34.3,38.1,41.0,0.33,0.39,0.41
SPRA,2016-04-05 14:10:00 EDT,42.87427,-74.50859,656,28.8,28.8,18.1,29.2,0.6,,,,,13.3,22.5,4.0,279,17,14.5,25.1,4.3,279,16,13.3,22.5,4.0,279,17,866,29.62,,0,0,0,34.3,38.1,41.1,0.33,0.39,0.41
SPRA,2016-04-05 14:15:00 EDT,42.87427,-74.50859,656,28.7,28.7,18.0,27.7,-0.6,,,,,13.4,23.7,4.2,269,15,14.9,25.9,4.7,269,13,13.4,23.7,4.2,269,15,860,29.62,,0,0,0,34.3,38.1,41.0,0.33,0.39,0.41
SPRA,2016-04-05 14:20:00 EDT,42.87427,-74.50859,656,28.6,28.6,17.4,28.6,-0.0,,,,,14.6,21.5,3.0,269,12,16.3,23.9,3.3,270,10,14.6,21.5,3.0,269,12,853,29.61,,0,0,0,34.3,38.1,41.0,0.33,0.39,0.41
SPRA,2016-04-05 14:25:00 EDT,42.87427,-74.50859,656,29.0,29.0,18.8,28.6,0.4,,,,,12.3,22.8,3.0,292,18,13.3,25.1,3.3,293,17,12.3,22.8,3.0,292,18,847,29.61,,0,0,0,34.3,38.1,41.0,0.33,0.39,0.41
SPRA,2016-04-05 14:30:00 EDT,42.87427,-74.50859,656,29.3,29.3,20.4,28.8,0.7,,,,,9.9,17.1,2.7,287,20,10.9,19.0,2.6,288,18,9.9,17.1,2.7,287,20,841,29.61,,0,0,0,34.3,38.1,41.0,0.33,0.39,0.41
SPRA,2016-04-05 14:35:00 EDT,42.87427,-74.50859,656,29.4,29.4,19.1,28.1,0.4,,,,,12.9,22.4,4.3,266,14,14.4,24.4,4.7,269,12,12.9,22.4,4.3,266,14,834,29.61,,0,0,0,34.3,38.1,41.0,0.33,0.39,0.41
SPRA,2016-04-05 14:40:00 EDT,42.87427,-74.50859,656,29.1,29.1,18.2,26.1,-1.5,,,,,14.1,22.1,3.0,275,14,15.7,23.7,3.0,276,12,14.1,22.1,3.0,275,14,826,29.61,,0,0,0,34.3,38.1,41.0,0.33,0.39,0.41
SPRA,2016-04-05 14:45:00 EDT,42.87427,-74.50859,656,29.5,29.5,18.2,27.5,-0.1,,,,,15.5,24.3,3.5,273,12,17.3,24.8,3.7,274,11,15.5,24.3,3.5,273,12,818,29.61,,0,0,0,34.3,38.1,41.0,0.33,0.39,0.41
SPRA,2016-04-05 14:50:00 EDT,42.87427,-74.50859,656,29.8,29.8,20.1,27.9,0.5,,,,,11.8,18.4,2.6,283,14,13.0,19.5,2.7,282,13,11.8,18.4,2.6,283,14,809,29.61,,0,0,0,34.3,38.1,41.0,0.32,0.39,0.41
SPRA,2016-04-05 14:55:00 EDT,42.87427,-74.50859,656,29.7,29.6,19.9,27.3,-0.1,,,,,11.8,19.2,2.7,276,19,13.0,21.3,2.9,277,16,11.8,19.2,2.7,276,19,801,29.61,,0,0,0,34.3,38.1,41.0,0.33,0.39,0.41
SPRA,2016-04-05 15:00:00 EDT,42.87427,-74.50859,656,29.9,29.9,19.6,27.0,-0.0,,,,,13.4,20.5,2.9,291,15,14.5,21.7,3.1,292,14,13.4,20.5,2.9,291,15,792,29.61,,0,0,0,34.3,38.1,41.0,0.33,0.39,0.41
SPRA,2016-04-05 15:05:00 EDT,42.87427,-74.50859,656,30.1,30.0,20.9,27.5,0.4,,,,,10.9,18.6,2.5,288,19,12.2,20.6,2.6,288,17,10.9,18.6,2.5,288,19,782,29.61,,0,0,0,34.3,38.1,41.0,0.33,0.39,0.41
SPRA,2016-04-05 15:10:00 EDT,42.87427,-74.50859,656,30.4,30.4,22.1,29.0,1.9,,,,,9.5,14.8,2.4,286,24,10.7,15.4,2.6,287,22,9.5,14.8,2.4,286,24,773,29.60,,0,0,0,34.3,38.1,41.0,0.33,0.39,0.41
SPRA,2016-04-05 15:15:00 EDT,42.87427,-74.50859,656,30.4,30.4,21.3,27.0,0.3,,,,,10.9,19.4,2.8,281,16,12.1,20.1,3.1,282,13,10.9,19.4,2.8,281,16,762,29.60,,0,0,0,34.2,38.1,41.0,0.33,0.39,0.41
SPRA,2016-04-05 15:20:00 EDT,42.87427,-74.50859,656,30.1,30.1,20.4,26.8,-0.1,,,,,12.0,19.7,3.2,266,12,13.4,21.5,3.4,268,10,12.0,19.7,3.2,266,12,752,29.60,,0,0,0,34.2,38.1,41.0,0.33,0.39,0.41
SPRA,2016-04-05 15:25:00 EDT,42.87427,-74.50859,656,30.7,30.6,21.3,27.1,0.7,,,,,11.5,20.0,4.0,291,19,12.7,23.3,4.3,290,17,11.5,20.0,4.0,291,19,741,29.60,,0,0,0,34.2,38.1,41.0,0.33,0.39,0.41
SPRA,2016-04-05 15:30:00 EDT,42.87427,-74.50859,656,30.3,30.3,20.2,25.8,-0.7,,,,,13.0,19.7,3.1,280,21,14.2,21.0,3.3,280,19,13.0,19.7,3.1,280,21,728,29.60,,0,0,0,34.2,38.1,41.0,0.33,0.39,0.41
SPRA,2016-04-05 15:35:00 EDT,42.87427,-74.50859,656,30.7,30.6,21.0,26.5,0.2,,,,,12.3,22.1,3.5,296,18,13.0,22.8,3.5,296,16,12.3,22.1,3.5,296,18,717,29.60,,0,0,0,34.2,38.1,41.0,0.33,0.39,0.41
SPRA,2016-04-05 15:40:00 EDT,42.87427,-74.50859,656,30.5,30.5,19.9,25.0,-1.2,,,,,14.4,23.3,3.3,283,16,15.9,24.6,3.8,285,14,14.4,23.3,3.3,283,16,705,29.60,,0,0,0,34.2,38.1,41.0,0.33,0.39,0.41
SPRA,2016-04-05 15:45:00 EDT,42.87427,-74.50859,656,30.7,30.7,21.3,25.6,-0.6,,,,,11.5,17.2,2.7,301,20,12.5,21.0,2.8,301,18,11.5,17.2,2.7,301,20,693,29.60,,0,0,0,34.2,38.1,41.0,0.33,0.39,0.41
SPRA,2016-04-05 15:50:00 EDT,42.87427,-74.50859,656,30.8,30.8,20.5,25.2,-0.8,,,,,13.8,22.0,3.7,283,18,15.1,24.2,3.9,284,16,13.8,22.0,3.7,283,18,680,29.60,,0,0,0,34.2,38.1,41.0,0.33,0.39,0.41
SPRA,2016-04-05 15:55:00 EDT,42.87427,-74.50859,656,30.7,30.7,20.4,25.4,-0.7,,,,,13.8,20.5,3.0,291,15,15.0,21.7,3.3,291,14,13.8,20.5,3.0,291,15,667,29.60,,0,0,0,34.2,38.1,41.0,0.33,0.39,0.41
SPRA,2016-04-05 16:00:00 EDT,42.87427,-74.50859,656,30.8,30.8,21.2,24.8,-1.1,,,,,12.1,18.8,3.3,285,16,13.5,21.3,3.7,285,13,12.1,18.8,3.3,285,16,654,29.60,,0,0,0,34.2,38.1,41.0,0.33,0.39,0.41
SPRA,2016-04-05 16:05:00 EDT,42.87427,-74.50859,656,30.8,30.8,21.4,24.2,-1.6,,,,,11.9,18.2,3.2,283,17,13.1,23.3,3.5,284,14,11.9,18.2,3.2,283,17,640,29.60,,0,0,0,34.2,38.1,41.0,0.33,0.39,0.41
SPRA,2016-04-05 16:10:00 EDT,42.87427,-74.50859,656,31.1,31.1,21.3,24.6,-1.0,,,,,12.6,18.5,2.5,283,16,13.9,19.2,2.6,283,13,12.6,18.5,2.5,283,16,627,29.60,,0,0,0,34.2,38.1,41.0,0.33,0.39,0.41
SPRA,2016-04-05 16:15:00 EDT,42.87427,-74.50859,656,31.2,31.2,22.0,24.6,-1.0,,,,,11.3,18.3,3.0,292,18,12.3,20.6,3.3,293,16,11.3,18.3,3.0,292,18,613,29.60,,0,0,0,34.2,38.1,41.0,0.33,0.39,0.41
SPRA,2016-04-05 16:20:00 EDT,42.87427,-74.50859,656,31.2,31.2,21.7,24.1,-1.4,,,,,12.1,22.0,3.1,286,15,13.3,25.1,3.3,286,14,12.1,22.0,3.1,286,15,598,29.59,,0,0,0,34.2,38.1,41.0,0.33,0.39,0.41
SPRA,2016-04-05 16:25:00 EDT,42.87427,-74.50859,656,31.2,31.2,21.3,23.9,-1.5,,,,,13.1,24.5,4.9,303,16,14.1,26.4,4.9,304,16,13.1,24.5,4.9,303,16,584,29.60,,0,0,0,34.2,38.1,41.0,0.33,0.39,0.41
SPRA,2016-04-05 16:30:00 EDT,42.87427,-74.50859,656,31.3,31.3,22.4,23.9,-1.5,,,,,10.8,17.1,2.8,300,18,11.8,19.5,3.0,300,17,10.8,17.1,2.8,300,18,568,29.60,,0,0,0,34.3,38.1,41.0,0.33,0.39,0.41
SPRA,2016-04-05 16:35:00 EDT,42.87427,-74.50859,656,31.6,31.6,23.0,24.3,-0.8,,,,,10.4,17.4,2.7,284,15,11.7,19.5,3.1,284,14,10.4,17.4,2.7,284,15,554,29.60,,0,0,0,34.3,38.1,41.0,0.33,0.39,0.41
SPRA,2016-04-05 16:40:00 EDT,42.87427,-74.50859,656,31.4,31.4,21.5,25.3,-0.1,,,,,13.3,21.8,3.0,312,16,14.2,22.8,3.2,315,15,13.3,21.8,3.0,312,16,539,29.60,,0,0,0,34.3,38.1,41.0,0.33,0.39,0.41
SPRA,2016-04-05 16:45:00 EDT,42.87427,-74.50859,656,31.4,31.4,21.5,23.8,-1.5,,,,,13.2,20.4,2.8,283,19,14.6,23.3,3.3,284,17,13.2,20.4,2.8,283,19,522,29.60,,0,0,0,34.3,38.1,41.0,0.33,0.39,0.41
SPRA,2016-04-05 16:50:00 EDT,42.87427,-74.50859,656,31.4,31.4,21.7,23.4,-1.8,,,,,12.8,21.5,3.0,283,17,14.2,23.9,3.4,284,14,12.8,21.5,3.0,283,17,507,29.60,,0,0,0,34.3,38.1,41.0,0.33,0.39,0.41
SPRA,2016-04-05 16:55:00 EDT,42.87427,-74.50859,656,31.5,31.5,21.8,23.0,-2.1,,,,,12.7,19.6,3.3,289,14,13.7,21.3,3.4,290,12,12.7,19.6,3.3,289,14,490,29.60,,0,0,0,34.3,38.1,41.0,0.33,0.39,0.41
SPRA,2016-04-05 17:00:00 EDT,42.87427,-74.50859,656,31.4,31.5,21.6,23.4,-1.8,,,,,13.0,21.8,3.4,290,16,14.0,23.7,3.6,290,13,13.0,21.8,3.4,290,16,473,29.60,,0,0,0,34.3,38.1,41.0,0.33,0.39,0.41
SPRA,2016-04-05 17:05:00 EDT,42.87427,-74.50859,656,31.4,31.4,21.8,24.0,-1.2,,,,,12.6,21.1,3.4,299,16,13.4,21.3,3.4,300,14,12.6,21.1,3.4,299,16,456,29.60,,0,0,0,34.3,38.1,41.0,0.33,0.39,0.41
SPRA,2016-04-05 17:10:00 EDT,42.87427,-74.50859,656,31.4,31.4,21.7,24.7,-0.7,,,,,12.8,20.0,2.7,302,17,13.4,20.1,2.8,303,15,12.8,20.0,2.7,302,17,438,29.60,,0,0,0,34.3,38.1,41.0,0.33,0.39,0.41
SPRA,2016-04-05 17:15:00 EDT,42.87427,-74.50859,656,31.5,31.5,23.0,27.0,1.3,,,,,10.2,19.3,3.0,301,17,10.9,20.1,3.0,302,16,10.2,19.3,3.0,301,17,420,29.60,,0,0,0,34.3,38.1,41.0,0.33,0.39,0.41
SPRA,2016-04-05 17:20:00 EDT,42.87427,-74.50859,656,31.6,31.6,23.6,27.3,1.6,,,,,9.2,12.9,2.1,301,16,9.8,13.9,2.1,302,16,9.2,12.9,2.1,301,16,404,29.60,,0,0,0,34.3,38.1,41.0,0.33,0.39,0.41
SPRA,2016-04-05 17:25:00 EDT,42.87427,-74.50859,656,31.4,31.5,22.5,27.5,1.7,,,,,11.0,17.0,2.1,291,13,11.9,17.4,2.3,292,11,11.0,17.0,2.1,291,13,387,29.60,,0,0,0,34.3,38.0,41.0,0.33,0.39,0.41
SPRA,2016-04-05 17:30:00 EDT,42.87427,-74.50859,656,31.1,31.1,22.9,29.2,2.6,,,,,9.4,16.1,2.8,274,15,10.8,19.7,3.4,275,13,9.4,16.1,2.8,274,15,369,29.60,,0,0,0,34.3,38.0,41.0,0.33,0.39,0.41
SPRA,2016-04-05 17:35:00 EDT,42.87427,-74.50859,656,31.0,31.1,22.5,30.1,3.3,,,,,10.2,17.2,3.1,270,15,11.4,19.7,3.6,272,13,10.2,17.2,3.1,270,15,352,29.60,,0,0,0,34.3,38.0,41.0,0.33,0.39,0.41
SPRA,2016-04-05 17:40:00 EDT,42.87427,-74.50859,656,30.8,30.9,21.1,30.0,3.0,,,,,12.4,17.6,2.4,268,12,13.8,19.2,2.5,270,10,12.4,17.6,2.4,268,12,334,29.60,,0,0,0,34.3,38.0,41.0,0.33,0.39,0.41
SPRA,2016-04-05 17:45:00 EDT,42.87427,-74.50859,656,30.9,31.0,22.5,30.9,3.7,,,,,9.9,16.4,2.5,285,15,10.9,18.3,2.7,286,14,9.9,16.4,2.5,285,15,318,29.60,,0,0,0,34.3,38.0,41.0,0.33,0.39,0.41
SPRA,2016-04-05 17:50:00 EDT,42.87427,-74.50859,656,30.6,30.7,21.2,30.7,3.3,,,,,11.7,17.9,2.7,272,12,13.3,19.0,2.9,273,10,11.7,17.9,2.7,272,12,300,29.61,,0,0,0,34.3,37.9,41.0,0.33,0.39,0.41
SPRA,2016-04-05 17:55:00 EDT,42.87427,-74.50859,656,30.5,30.6,21.6,30.8,3.3,,,,,10.6,15.6,2.1,276,14,11.9,18.1,2.5,277,13,10.6,15.6,2.1,276,14,283,29.61,,0,0,0,34.3,38.0,41.0,0.33,0.39,0.41
SPRA,2016-04-05 18:00:00 EDT,42.87427,-74.50859,656,30.5,30.7,21.5,31.3,3.6,,,,,10.7,18.0,2.7,267,12,12.0,20.6,3.0,268,10,10.7,18.0,2.7,267,12,265,29.61,,0,0,0,34.3,37.9,41.0,0.33,0.39,0.41
SPRA,2016-04-05 18:05:00 EDT,42.87427,-74.50859,656,30.2,30.3,19.7,30.7,3.0,,,,,14.0,20.8,3.2,270,11,15.7,22.8,3.6,272,9,14.0,20.8,3.2,270,11,248,29.61,,0,0,0,34.3,37.9,41.0,0.33,0.39,0.41
SPRA,2016-04-05 18:10:00 EDT,42.87427,-74.50859,656,30.1,30.2,20.6,31.0,3.1,,,,,11.6,17.2,2.6,267,11,12.9,19.2,2.8,269,10,11.6,17.2,2.6,267,11,231,29.61,,0,0,0,34.3,37.9,41.0,0.33,0.39,0.41
SPRA,2016-04-05 18:15:00 EDT,42.87427,-74.50859,656,30.1,30.2,21.4,32.3,3.9,,,,,9.9,15.1,2.4,275,19,11.2,17.0,2.8,276,17,9.9,15.1,2.4,275,19,214,29.61,,0,0,0,34.3,37.9,41.0,0.33,0.39,0.41
SPRA,2016-04-05 18:20:00 EDT,42.87427,-74.50859,656,30.1,30.2,21.0,31.8,3.6,,,,,10.7,17.5,3.4,277,14,12.0,20.8,3.9,279,11,10.7,17.5,3.4,277,14,197,29.61,,0,0,0,34.3,37.9,41.0,0.33,0.39,0.41
SPRA,2016-04-05 18:25:00 EDT,42.87427,-74.50859,656,29.8,29.9,21.0,32.3,3.7,,,,,10.0,17.0,2.6,277,15,11.2,18.6,2.8,277,12,10.0,17.0,2.6,277,15,181,29.62,,0,0,0,34.3,37.9,41.0,0.33,0.39,0.41
SPRA,2016-04-05 18:30:00 EDT,42.87427,-74.50859,656,29.5,29.7,20.2,32.6,3.7,,,,,10.9,19.7,3.1,279,17,12.1,21.7,3.5,280,14,10.9,19.7,3.1,279,17,165,29.62,,0,0,0,34.3,37.9,40.9,0.33,0.39,0.41
SPRA,2016-04-05 18:35:00 EDT,42.87427,-74.50859,656,29.3,29.5,20.1,33.0,3.7,,,,,10.6,17.7,3.4,289,15,11.5,19.9,3.4,291,14,10.6,17.7,3.4,289,15,149,29.61,,0,0,0,34.3,38.0,40.9,0.33,0.39,0.41
SPRA,2016-04-05 18:40:00 EDT,42.87427,-74.50859,656,29.2,29.3,20.3,32.8,3.5,,,,,9.9,15.9,1.8,282,12,11.1,17.9,2.1,283,10,9.9,15.9,1.8,282,12,134,29.61,,0,0,0,34.3,37.9,40.9,0.33,0.39,0.41
SPRA,2016-04-05 18:45:00 EDT,42.87427,-74.50859,656,29.0,29.1,20.5,33.6,3.8,,,,,9.1,13.8,2.2,283,18,10.1,15.7,2.3,283,16,9.1,13.8,2.2,283,18,117,29.61,,0,0,0,34.3,37.9,40.9,0.33,0.39,0.41
SPRA,2016-04-05 18:50:00 EDT,42.87427,-74.50859,656,28.8,29.0,19.2,33.6,3.7,,,,,11.0,17.0,2.5,280,11,12.3,19.0,2.7,280,10,11.0,17.0,2.5,280,11,99,29.61,,0,0,0,34.3,37.9,40.9,0.33,0.39,0.41
SPRA,2016-04-05 18:55:00 EDT,42.87427,-74.50859,656,28.6,28.7,20.3,34.6,4.1,,,,,8.5,13.7,1.8,275,13,9.6,15.2,2.2,276,10,8.5,13.7,1.8,275,13,80,29.61,,0,0,0,34.3,37.9,40.9,0.33,0.39,0.41
SPRA,2016-04-05 19:00:00 EDT,42.87427,-74.50859,656,28.2,28.4,19.1,35.9,4.6,,,,,9.8,13.7,1.9,280,15,10.7,15.4,2.0,281,13,9.8,13.7,1.9,280,15,63,29.61,,0,0,0,34.3,37.9,40.9,0.33,0.39,0.41
SPRA,2016-04-05 19:05:00 EDT,42.87427,-74.50859,656,28.0,28.2,18.6,35.7,4.2,,,,,10.2,14.2,1.6,279,14,11.3,17.0,1.9,279,13,10.2,14.2,1.6,279,14,49,29.61,,0,0,0,34.3,37.9,40.8,0.33,0.39,0.41
SPRA,2016-04-05 19:10:00 EDT,42.87427,-74.50859,656,27.8,28.0,18.6,35.8,4.2,,,,,9.8,15.5,2.3,271,17,10.8,17.4,2.6,272,15,9.8,15.5,2.3,271,17,36,29.61,,0,0,0,34.3,37.9,40.8,0.33,0.39,0.41
SPRA,2016-04-05 19:15:00 EDT,42.87427,-74.50859,656,27.5,27.8,19.2,36.3,4.3,,,,,8.4,13.4,2.2,277,12,9.3,14.3,2.3,278,10,8.4,13.4,2.2,277,12,26,29.61,,0,0,0,34.3,37.9,40.8,0.33,0.39,0.41
SPRA,2016-04-05 19:20:00 EDT,42.87427,-74.50859,656,27.3,27.5,18.7,36.8,4.3,,,,,8.6,14.5,1.8,274,12,9.6,17.4,2.0,276,10,8.6,14.5,1.8,274,12,17,29.61,,0,0,0,34.3,37.9,40.8,0.33,0.39,0.41
SPRA,2016-04-05 19:25:00 EDT,42.87427,-74.50859,656,27.1,27.4,18.1,36.6,4.1,,,,,9.3,14.3,1.7,273,15,10.4,16.1,2.0,274,13,9.3,14.3,1.7,273,15,9,29.61,,0,0,0,34.3,37.9,40.8,0.33,0.39,0.41
SPRA,2016-04-05 19:30:00 EDT,42.87427,-74.50859,656,27.0,27.2,17.6,36.4,3.8,,,,,9.8,16.4,2.3,271,9,11.2,19.0,2.6,273,7,9.8,16.4,2.3,271,9,7,29.61,,0,0,0,34.3,37.9,40.8,0.33,0.39,0.41
SPRA,2016-04-05 19:35:00 EDT,42.87427,-74.50859,656,26.8,27.0,17.7,36.4,3.6,,,,,9.3,12.6,1.6,276,13,10.4,15.0,2.0,277,10,9.3,12.6,1.6,276,13,4,29.61,,0,0,0,34.3,37.9,40.8,0.33,0.39,0.41
SPRA,2016-04-05 19:40:00 EDT,42.87427,-74.50859,656,26.7,26.9,16.8,36.0,3.3,,,,,10.7,15.9,2.5,269,14,12.0,17.7,2.7,271,12,10.7,15.9,2.5,269,14,2,29.61,,0,0,0,34.3,37.9,40.8,0.33,0.39,0.41
SPRA,2016-04-05 19:45:00 EDT,42.87427,-74.50859,656,26.4,26.7,17.2,36.6,3.4,,,,,9.4,15.6,2.6,275,13,10.5,17.0,2.9,276,12,9.4,15.6,2.6,275,13,1,29.61,,0,0,0,34.3,37.9,40.8,0.33,0.39,0.41
SPRA,2016-04-05 19:50:00 EDT,42.87427,-74.50859,656,26.4,26.6,16.9,36.4,3.3,,,,,9.8,16.5,2.3,276,13,10.9,18.3,2.5,276,11,9.8,16.5,2.3,276,13,0,29.61,,0,0,0,34.3,37.9,40.8,0.33,0.39,0.41
SPRA,2016-04-05 19:55:00 EDT,42.87427,-74.50859,656,26.1,26.4,18.0,37.3,3.5,,,,,7.5,9.5,1.0,265,11,8.3,11.4,1.1,267,9,7.5,9.5,1.0,265,11,0,29.62,,0,0,0,34.3,37.9,40.8,0.33,0.39,0.41
SPRA,2016-04-05 20:00:00 EDT,42.87427,-74.50859,656,26.0,26.2,16.6,37.3,3.5,,,,,9.4,15.8,1.7,264,10,10.6,16.8,1.9,266,9,9.4,15.8,1.7,264,10,0,29.62,,0,0,0,34.3,37.9,40.8,0.33,0.39,0.41
SPRA,2016-04-05 20:05:00 EDT,42.87427,-74.50859,656,25.8,26.0,16.6,37.3,3.3,,,,,9.1,14.9,2.0,267,12,10.1,15.9,2.1,269,9,9.1,14.9,2.0,267,12,0,29.63,,0,0,0,34.3,37.9,40.8,0.33,0.39,0.41
SPRA,2016-04-05 20:10:00 EDT,42.87427,-74.50859,656,25.7,25.9,16.4,37.1,3.1,,,,,9.2,13.6,1.9,271,15,10.3,15.2,2.2,271,12,9.2,13.6,1.9,271,15,0,29.63,,0,0,0,34.3,37.9,40.8,0.33,0.39,0.41
SPRA,2016-04-05 20:15:00 EDT,42.87427,-74.50859,656,25.5,25.8,16.6,37.4,3.0,,,,,8.5,12.3,1.7,268,12,9.6,15.0,2.0,269,10,8.5,12.3,1.7,268,12,0,29.63,,0,0,0,34.3,37.9,40.8,0.33,0.39,0.41
SPRA,2016-04-05 20:20:00 EDT,42.87427,-74.50859,656,25.3,25.6,16.3,37.5,2.9,,,,,8.5,14.5,2.0,265,11,9.6,15.7,2.2,267,8,8.5,14.5,2.0,265,11,0,29.63,,0,0,0,34.3,37.9,40.8,0.33,0.39,0.41
SPRA,2016-04-05 20:25:00 EDT,42.87427,-74.50859,656,25.2,25.5,16.4,37.5,2.9,,,,,8.3,11.5,1.6,273,12,9.4,12.5,1.8,275,10,8.3,11.5,1.6,273,12,0,29.63,,0,0,0,34.3,37.9,40.8,0.33,0.39,0.41
SPRA,2016-04-05 20:30:00 EDT,42.87427,-74.50859,656,25.0,25.3,16.4,38.0,3.0,,,,,7.9,13.1,2.0,264,13,8.9,16.6,2.3,266,11,7.9,13.1,2.0,264,13,0,29.63,,0,0,0,34.4,37.9,40.8,0.33,0.39,0.41
SPRA,2016-04-05 20:35:00 EDT,42.87427,-74.50859,656,24.9,25.2,16.9,37.9,2.8,,,,,7.1,11.3,1.8,263,12,7.9,13.2,2.0,266,10,7.1,11.3,1.8,263,12,0,29.63,,0,0,0,34.4,37.9,40.8,0.33,0.39,0.41
SPRA,2016-04-05 20:40:00 EDT,42.87427,-74.50859,656,24.7,25.0,16.9,38.8,3.1,,,,,6.8,9.6,1.5,263,11,7.5,11.0,1.6,265,9,6.8,9.6,1.5,263,11,0,29.63,,0,0,0,34.4,37.9,40.8,0.33,0.39,0.41
SPRA,2016-04-05 20:45:00 EDT,42.87427,-74.50859,656,24.1,24.6,17.8,40.5,3.5,,,,,5.0,10.5,1.3,256,13,5.7,11.4,1.5,259,12,5.0,10.5,1.3,256,13,0,29.63,,0,0,0,34.4,37.9,40.8,0.33,0.39,0.41
SPRA,2016-04-05 20:50:00 EDT,42.87427,-74.50859,656,23.9,24.5,18.3,41.4,3.8,,,,,4.3,6.9,1.0,254,11,4.8,7.6,1.1,258,11,4.3,6.9,1.0,254,11,0,29.63,,0,0,0,34.5,37.9,40.8,0.33,0.39,0.41
SPRA,2016-04-05 20:55:00 EDT,42.87427,-74.50859,656,23.8,24.3,16.7,41.6,3.9,,,,,5.8,10.2,1.7,254,10,6.5,11.4,1.9,257,9,5.8,10.2,1.7,254,10,0,29.63,,0,0,0,34.5,37.9,40.8,0.33,0.39,0.41
SPRA,2016-04-05 21:00:00 EDT,42.87427,-74.50859,656,23.6,24.1,17.4,41.8,3.7,,,,,4.8,7.1,0.9,249,9,5.3,7.6,1.0,252,9,4.8,7.1,0.9,249,9,0,29.63,,0,0,0,34.5,37.9,40.8,0.33,0.39,0.41
SPRA,2016-04-05 21:05:00 EDT,42.87427,-74.50859,656,22.9,23.9,16.4,42.9,3.7,,,,,5.0,6.3,0.6,240,9,5.5,7.2,0.7,241,9,5.0,6.3,0.6,240,9,0,29.63,,0,0,0,34.5,37.9,40.8,0.33,0.39,0.41
SPRA,2016-04-05 21:10:00 EDT,42.87427,-74.50859,656,22.5,23.6,16.2,44.2,4.0,,,,,4.8,7.9,0.8,236,8,5.1,8.7,1.0,238,8,4.8,7.9,0.8,236,8,0,29.63,,0,0,0,34.5,37.9,40.8,0.33,0.39,0.41
SPRA,2016-04-05 21:15:00 EDT,42.87427,-74.50859,656,22.1,23.5,14.5,45.0,4.0,,,,,6.0,8.3,0.9,240,8,6.5,8.9,1.0,242,8,6.0,8.3,0.9,240,8,0,29.63,,0,0,0,34.5,37.9,40.8,0.33,0.39,0.41
SPRA,2016-04-05 21:20:00 EDT,42.87427,-74.50859,656,22.3,23.5,14.9,44.7,4.0,,,,,5.7,7.5,0.8,243,9,6.4,8.5,0.8,244,8,5.7,7.5,0.8,243,9,0,29.64,,0,0,0,34.5,37.9,40.8,0.33,0.39,0.41
SPRA,2016-04-05 21:25:00 EDT,42.87427,-74.50859,656,22.7,23.5,15.2,44.5,4.2,,,,,5.9,8.8,1.0,249,8,6.6,9.2,1.2,252,8,5.9,8.8,1.0,249,8,0,29.64,,0,0,0,34.5,37.9,40.8,0.33,0.39,0.41
SPRA,2016-04-05 21:30:00 EDT,42.87427,-74.50859,656,22.9,23.5,15.3,44.0,4.2,,,,,6.1,9.4,1.3,249,8,6.7,10.3,1.3,252,8,6.1,9.4,1.3,249,8,0,29.64,,0,0,0,34.5,37.9,40.8,0.33,0.39,0.41
SPRA,2016-04-05 21:35:00 EDT,42.87427,-74.50859,656,23.0,23.5,15.4,44.1,4.4,,,,,6.1,10.2,1.3,255,11,6.8,11.2,1.5,258,9,6.1,10.2,1.3,255,11,0,29.64,,0,0,0,34.5,37.9,40.8,0.33,0.39,0.41
SPRA,2016-04-05 21:40:00 EDT,42.87427,-74.50859,656,23.0,23.4,14.8,44.1,4.4,,,,,6.8,9.5,1.2,250,10,7.5,10.5,1.3,253,10,6.8,9.5,1.2,250,10,0,29.64,,0,0,0,34.5,37.9,40.8,0.33,0.39,0.41
SPRA,2016-04-05 21:45:00 EDT,42.87427,-74.50859,656,22.7,23.2,15.1,44.7,4.4,,,,,6.1,7.9,0.8,249,8,6.7,8.9,1.0,252,7,6.1,7.9,0.8,249,8,0,29.64,,0,0,0,34.5,37.9,40.8,0.33,0.39,0.41
SPRA,2016-04-05 21:50:00 EDT,42.87427,-74.50859,656,22.5,23.1,14.3,45.4,4.5,,,,,6.8,8.6,0.9,248,8,7.4,9.6,1.0,250,8,6.8,8.6,0.9,248,8,0,29.65,,0,0,0,34.5,37.9,40.8,0.33,0.39,0.41
SPRA,2016-04-05 21:55:00 EDT,42.87427,-74.50859,656,22.3,23.0,14.2,45.7,4.5,,,,,6.5,8.1,0.8,247,7,7.2,8.9,0.9,249,6,6.5,8.1,0.8,247,7,0,29.65,,0,0,0,34.5,37.9,40.8,0.33,0.39,0.41
SPRA,2016-04-05 22:00:00 EDT,42.87427,-74.50859,656,22.1,22.9,13.6,46.7,4.7,,,,,6.9,8.9,0.8,244,8,7.5,9.8,0.9,246,8,6.9,8.9,0.8,244,8,0,29.65,,0,0,0,34.5,37.9,40.8,0.33,0.39,0.41
SPRA,2016-04-05 22:05:00 EDT,42.87427,-74.50859,656,22.3,23.0,13.4,46.3,4.8,,,,,7.6,10.6,1.2,247,7,8.3,11.6,1.3,250,7,7.6,10.6,1.2,247,7,0,29.65,,0,0,0,34.5,37.9,40.8,0.33,0.39,0.41
SPRA,2016-04-05 22:10:00 EDT,42.87427,-74.50859,656,22.4,23.0,13.6,45.9,4.7,,,,,7.5,9.7,1.0,248,7,8.1,11.0,1.0,250,7,7.5,9.7,1.0,248,7,0,29.65,,0,0,0,34.5,37.9,40.8,0.33,0.39,0.41
SPRA,2016-04-05 22:15:00 EDT,42.87427,-74.50859,656,22.4,22.9,13.9,46.0,4.7,,,,,7.0,8.5,0.8,249,7,7.6,9.8,0.8,251,7,7.0,8.5,0.8,249,7,0,29.65,,0,0,0,34.5,37.9,40.8,0.33,0.39,0.41
SPRA,2016-04-05 22:20:00 EDT,42.87427,-74.50859,656,22.1,22.8,14.3,47.1,5.0,,,,,6.2,7.9,0.9,249,9,6.8,9.4,1.0,253,9,6.2,7.9,0.9,249,9,0,29.65,,0,0,0,34.5,37.9,40.8,0.33,0.39,0.41
SPRA,2016-04-05 22:25:00 EDT,42.87427,-74.50859,656,22.0,22.7,13.5,47.0,4.8,,,,,6.9,9.3,0.7,245,7,7.6,9.8,0.9,246,7,6.9,9.3,0.7,245,7,0,29.65,,0,0,0,34.5,37.9,40.8,0.33,0.39,0.41
SPRA,2016-04-05 22:30:00 EDT,42.87427,-74.50859,656,21.8,22.5,13.3,47.7,4.9,,,,,6.8,8.5,0.7,246,7,7.5,9.4,0.8,249,7,6.8,8.5,0.7,246,7,0,29.65,,0,0,0,34.5,37.9,40.8,0.33,0.39,0.41
SPRA,2016-04-05 22:35:00 EDT,42.87427,-74.50859,656,21.9,22.5,13.7,47.8,5.1,,,,,6.5,9.5,1.0,247,8,7.2,10.3,1.1,250,8,6.5,9.5,1.0,247,8,0,29.65,,0,0,0,34.5,37.9,40.8,0.33,0.39,0.41
SPRA,2016-04-05 22:40:00 EDT,42.87427,-74.50859,656,21.7,22.4,13.5,47.7,4.8,,,,,6.5,8.7,0.9,244,7,7.1,9.6,0.9,247,6,6.5,8.7,0.9,244,7,0,29.65,,0,0,0,34.5,37.9,40.8,0.33,0.39,0.41
SPRA,2016-04-05 22:45:00 EDT,42.87427,-74.50859,656,21.2,22.2,12.6,48.9,4.9,,,,,6.8,9.0,0.7,240,6,7.4,9.6,0.9,242,6,6.8,9.0,0.7,240,6,0,29.65,,0,0,0,34.5,37.9,40.8,0.33,0.39,0.41
SPRA,2016-04-05 22:50:00 EDT,42.87427,-74.50859,656,20.5,21.9,12.0,49.7,4.7,,,,,6.6,8.7,0.8,242,7,7.1,9.2,0.8,243,7,6.6,8.7,0.8,242,7,0,29.65,,0,0,0,34.5,37.9,40.8,0.33,0.39,0.41
SPRA,2016-04-05 22:55:00 EDT,42.87427,-74.50859,656,20.5,21.9,12.3,50.0,4.8,,,,,6.3,7.7,0.6,242,7,6.9,8.7,0.8,245,6,6.3,7.7,0.6,242,7,0,29.65,,0,0,0,34.5,37.9,40.8,0.33,0.39,0.41
SPRA,2016-04-05 23:00:00 EDT,42.87427,-74.50859,656,20.4,21.7,12.5,50.4,4.9,,,,,5.9,8.9,1.2,245,8,6.6,10.1,1.4,248,8,5.9,8.9,1.2,245,8,0,29.65,,0,0,0,34.5,37.9,40.8,0.33,0.39,0.41
SPRA,2016-04-05 23:05:00 EDT,42.87427,-74.50859,656,20.8,21.8,12.8,50.2,5.2,,,,,6.2,8.3,1.0,246,7,6.8,9.6,1.1,247,7,6.2,8.3,1.0,246,7,0,29.65,,0,0,0,34.5,37.9,40.8,0.33,0.39,0.41
SPRA,2016-04-05 23:10:00 EDT,42.87427,-74.50859,656,21.0,21.9,12.8,50.0,5.3,,,,,6.3,8.3,0.8,249,8,7.0,9.6,1.0,252,7,6.3,8.3,0.8,249,8,0,29.64,,0,0,0,34.5,37.9,40.7,0.33,0.39,0.41
SPRA,2016-04-05 23:15:00 EDT,42.87427,-74.50859,656,21.0,21.9,12.5,49.1,4.8,,,,,6.6,8.0,0.6,245,8,7.3,9.4,0.8,247,7,6.6,8.0,0.6,245,8,0,29.64,,0,0,0,34.5,37.9,40.7,0.33,0.39,0.41
SPRA,2016-04-05 23:20:00 EDT,42.87427,-74.50859,656,19.9,21.3,10.8,50.8,4.6,,,,,7.1,9.0,0.8,236,6,7.7,9.8,0.9,237,7,7.1,9.0,0.8,236,6,0,29.64,,0,0,0,34.5,37.9,40.7,0.33,0.39,0.41
SPRA,2016-04-05 23:25:00 EDT,42.87427,-74.50859,656,19.6,21.0,10.6,52.5,5.0,,,,,7.0,8.6,0.9,234,5,7.5,9.2,0.9,234,5,7.0,8.6,0.9,234,5,0,29.64,,0,0,0,34.5,37.9,40.7,0.33,0.39,0.41
SPRA,2016-04-05 23:30:00 EDT,42.87427,-74.50859,656,19.3,21.0,10.9,52.9,4.9,,,,,6.2,7.7,0.4,235,4,6.7,8.1,0.6,236,4,6.2,7.7,0.4,235,4,0,29.64,,0,0,0,34.5,37.9,40.7,0.33,0.39,0.41
SPRA,2016-04-05 23:35:00 EDT,42.87427,-74.50859,656,19.3,20.7,10.8,52.9,4.9,,,,,6.4,7.7,0.5,234,5,6.8,8.7,0.6,235,5,6.4,7.7,0.5,234,5,0,29.64,,0,0,0,34.5,37.9,40.6,0.33,0.39,0.41
SPRA,2016-04-05 23:40:00 EDT,42.87427,-74.50859,656,18.9,20.5,11.3,53.8,4.9,,,,,5.4,6.9,0.6,237,5,5.7,7.2,0.6,238,5,5.4,6.9,0.6,237,5,0,29.64,,0,0,0,34.5,37.9,40.6,0.33,0.39,0.41
SPRA,2016-04-05 23:45:00 EDT,42.87427,-74.50859,656,18.9,20.5,11.7,53.7,4.9,,,,,5.1,7.0,0.8,238,6,5.5,7.6,1.0,239,6,5.1,7.0,0.8,238,6,0,29.64,,0,0,0,34.5,37.9,40.7,0.33,0.39,0.41
SPRA,2016-04-05 23:50:00 EDT,42.87427,-74.50859,656,18.9,20.5,12.6,53.4,4.8,,,,,4.3,5.6,0.6,237,7,4.7,6.5,0.7,239,7,4.3,5.6,0.6,237,7,0,29.64,,0,0,0,34.5,37.9,40.7,0.33,0.39,0.41
SPRA,2016-04-05 23:55:00 EDT,42.87427,-74.50859,656,18.7,20.7,12.2,53.5,4.6,,,,,4.4,5.5,0.6,237,7,4.8,6.3,0.7,239,8,4.4,5.5,0.6,237,7,0,29.64,,0,0,0,34.5,37.9,40.6,0.33,0.39,0.41
STEP,2016-04-05 00:00:00 EDT,42.52620,-73.35906,951,18.2,18.7,9.3,80.2,13.1,,,,,6.5,8.9,1.1,348,10,7.2,9.6,1.2,344,9,6.5,8.9,1.1,348,10,0,29.05,,0,0,0,37.2,39.9,42.3,0.22,0.22,0.29
STEP,2016-04-05 00:05:00 EDT,42.52620,-73.35906,951,18.0,18.6,8.4,80.5,13.0,,,,,7.3,9.8,1.0,335,8,7.8,10.3,1.1,331,7,7.3,9.8,1.0,335,8,0,29.05,,0,0,0,37.2,39.9,42.3,0.22,0.22,0.29
STEP,2016-04-05 00:10:00 EDT,42.52620,-73.35906,951,18.2,18.5,7.7,81.0,13.3,,,,,8.4,12.9,1.9,331,11,9.0,13.9,1.9,327,10,8.4,12.9,1.9,331,11,0,29.05,,0,0,0,37.2,39.9,42.3,0.22,0.22,0.29
STEP,2016-04-05 00:15:00 EDT,42.52620,-73.35906,951,18.2,18.6,7.4,80.8,13.2,,,,,8.7,11.0,0.9,335,8,9.4,12.1,1.0,331,7,8.7,11.0,0.9,335,8,0,29.05,,0,0,0,37.2,40.0,42.3,0.22,0.22,0.29
STEP,2016-04-05 00:20:00 EDT,42.52620,-73.35906,951,18.2,18.7,6.0,80.7,13.3,,,,,10.9,14.4,1.5,338,15,11.6,15.2,1.7,335,9,10.9,14.4,1.5,338,15,0,29.05,,0,0,0,37.2,39.9,42.3,0.22,0.22,0.29
STEP,2016-04-05 00:25:00 EDT,42.52620,-73.35906,951,18.3,18.8,7.5,79.9,13.1,,,,,8.8,11.3,1.2,345,9,9.8,13.4,1.4,341,9,8.8,11.3,1.2,345,9,0,29.05,,0,0,0,37.2,39.9,42.3,0.22,0.22,0.29
STEP,2016-04-05 00:30:00 EDT,42.52620,-73.35906,951,17.9,18.7,7.7,80.4,12.9,,,,,8.0,9.8,0.8,334,6,8.4,11.2,0.9,330,6,8.0,9.8,0.8,334,6,0,29.06,,0,0,0,37.2,39.9,42.3,0.22,0.22,0.29
STEP,2016-04-05 00:35:00 EDT,42.52620,-73.35906,951,17.7,18.4,7.1,80.5,12.7,,,,,8.4,10.4,0.7,341,7,9.1,11.6,0.9,337,8,8.4,10.4,0.7,341,7,0,29.06,,0,0,0,37.2,39.9,42.3,0.22,0.22,0.29
STEP,2016-04-05 00:40:00 EDT,42.52620,-73.35906,951,17.6,18.2,7.8,80.5,12.6,,,,,7.4,9.8,1.0,349,12,8.1,10.5,1.1,345,8,7.4,9.8,1.0,349,12,0,29.06,,0,0,0,37.2,39.9,42.3,0.22,0.22,0.29
STEP,2016-04-05 00:45:00 EDT,42.52620,-73.35906,951,17.4,18.0,7.7,80.1,12.3,,,,,7.2,10.2,1.3,347,9,8.0,11.2,1.4,343,9,7.2,10.2,1.3,347,9,0,29.06,,0,0,0,37.2,39.9,42.3,0.22,0.22,0.29
STEP,2016-04-05 00:50:00 EDT,42.52620,-73.35906,951,17.5,18.0,7.2,79.8,12.4,,,,,8.1,10.3,0.8,342,7,8.8,11.6,1.0,338,7,8.1,10.3,0.8,342,7,0,29.06,,0,0,0,37.2,39.8,42.3,0.22,0.22,0.29
STEP,2016-04-05 00:55:00 EDT,42.52620,-73.35906,951,17.1,17.8,6.1,78.7,11.7,,,,,8.9,10.7,1.1,340,8,9.5,11.6,1.1,336,8,8.9,10.7,1.1,340,8,0,29.06,,0,0,0,37.2,39.9,42.3,0.22,0.22,0.29
STEP,2016-04-05 01:00:00 EDT,42.52620,-73.35906,951,17.3,17.9,5.8,77.7,11.5,,,,,9.4,11.5,0.8,333,5,9.9,11.6,1.0,329,5,9.4,11.5,0.8,333,5,0,29.06,,0,0,0,37.2,39.9,42.3,0.22,0.22,0.29
STEP,2016-04-05 01:05:00 EDT,42.52620,-73.35906,951,16.9,17.7,5.6,76.6,10.8,,,,,9.2,12.3,1.2,333,6,9.7,12.8,1.2,329,6,9.2,12.3,1.2,333,6,0,29.06,,0,0,0,37.2,39.8,42.3,0.22,0.22,0.29
STEP,2016-04-05 01:10:00 EDT,42.52620,-73.35906,951,17.1,17.7,5.7,75.8,10.8,,,,,9.4,11.4,1.0,329,6,9.9,12.3,1.0,324,5,9.4,11.4,1.0,329,6,0,29.06,,0,0,0,37.2,39.8,42.3,0.22,0.22,0.29
STEP,2016-04-05 01:15:00 EDT,42.52620,-73.35906,951,16.9,17.6,5.5,75.0,10.4,,,,,9.4,12.9,1.4,330,7,9.8,13.6,1.6,326,6,9.4,12.9,1.4,330,7,0,29.06,,0,0,0,37.2,39.8,42.3,0.22,0.22,0.29
STEP,2016-04-05 01:20:00 EDT,42.52620,-73.35906,951,16.7,17.5,4.7,73.6,9.7,,,,,10.0,12.1,1.0,330,6,10.5,13.2,1.1,327,6,10.0,12.1,1.0,330,6,0,29.06,,0,0,0,37.2,39.8,42.3,0.22,0.22,0.29
STEP,2016-04-05 01:25:00 EDT,42.52620,-73.35906,951,16.9,17.4,5.8,72.8,9.6,,,,,8.8,10.7,0.8,331,7,9.2,11.4,0.9,327,7,8.8,10.7,0.8,331,7,0,29.06,,0,0,0,37.2,39.8,42.3,0.22,0.22,0.29
STEP,2016-04-05 01:30:00 EDT,42.52620,-73.35906,951,16.7,17.3,5.7,71.2,9.0,,,,,8.7,10.2,0.7,331,6,9.3,11.2,0.8,328,6,8.7,10.2,0.7,331,6,0,29.06,,0,0,0,37.2,39.8,42.3,0.22,0.22,0.29
STEP,2016-04-05 01:35:00 EDT,42.52620,-73.35906,951,16.6,17.2,5.6,70.2,8.6,,,,,8.7,11.3,1.2,338,7,9.4,12.3,1.3,334,7,8.7,11.3,1.2,338,7,0,29.07,,0,0,0,37.2,39.8,42.3,0.22,0.22,0.29
STEP,2016-04-05 01:40:00 EDT,42.52620,-73.35906,951,16.4,17.0,6.1,70.3,8.4,,,,,7.6,10.4,1.0,339,8,8.2,11.0,1.1,336,8,7.6,10.4,1.0,339,8,0,29.07,,0,0,0,37.2,39.8,42.3,0.22,0.22,0.29
STEP,2016-04-05 01:45:00 EDT,42.52620,-73.35906,951,16.0,16.8,5.5,70.5,8.2,,,,,7.9,11.0,1.0,335,7,8.4,12.1,1.1,331,6,7.9,11.0,1.0,335,7,0,29.07,,0,0,0,37.2,39.8,42.3,0.22,0.22,0.29
STEP,2016-04-05 01:50:00 EDT,42.52620,-73.35906,951,16.1,16.8,5.1,71.2,8.5,,,,,8.6,11.1,1.3,331,7,9.1,11.9,1.4,327,6,8.6,11.1,1.3,331,7,0,29.07,,0,0,0,37.2,39.8,42.3,0.22,0.22,0.29
STEP,2016-04-05 01:55:00 EDT,42.52620,-73.35906,951,16.5,16.8,5.4,70.7,8.6,,,,,8.7,11.5,1.2,324,10,9.2,12.5,1.3,321,9,8.7,11.5,1.2,324,10,0,29.07,,0,0,0,37.2,39.8,42.3,0.22,0.22,0.29
STEP,2016-04-05 02:00:00 EDT,42.52620,-73.35906,951,16.3,16.6,6.7,70.4,8.3,,,,,6.8,11.0,1.8,325,12,7.2,11.9,1.7,322,12,6.8,11.0,1.8,325,12,0,29.07,,0,0,0,37.2,39.8,42.3,0.22,0.22,0.29
STEP,2016-04-05 02:05:00 EDT,42.52620,-73.35906,951,16.0,16.4,9.2,71.3,8.4,,,,,4.3,7.5,1.4,326,13,4.6,7.8,1.5,323,13,4.3,7.5,1.4,326,13,0,29.07,,0,0,0,37.2,39.8,42.3,0.22,0.22,0.29
STEP,2016-04-05 02:10:00 EDT,42.52620,-73.35906,951,14.7,15.9,14.7,71.8,7.2,,,,,1.8,4.2,1.2,339,48,2.2,5.1,1.2,345,51,1.8,4.2,1.2,339,48,0,29.07,,0,0,0,37.1,39.8,42.3,0.22,0.22,0.29
STEP,2016-04-05 02:15:00 EDT,42.52620,-73.35906,951,14.0,15.3,14.0,76.9,8.0,,,,,1.3,2.3,0.7,141,15,1.7,2.9,0.6,134,19,1.3,2.3,0.7,141,15,0,29.07,,0,0,0,37.2,39.8,42.3,0.22,0.22,0.29
STEP,2016-04-05 02:20:00 EDT,42.52620,-73.35906,951,13.0,15.4,13.0,76.2,6.9,,,,,0.7,1.5,0.4,165,20,1.1,1.8,0.3,151,26,0.7,1.5,0.4,165,20,0,29.07,,0,0,0,37.1,39.8,42.3,0.22,0.22,0.29
STEP,2016-04-05 02:25:00 EDT,42.52620,-73.35906,951,12.8,14.8,12.8,81.9,8.4,,,,,0.5,1.5,0.4,97,43,1.3,4.0,0.6,71,56,0.5,1.5,0.4,97,43,0,29.08,,0,0,0,37.1,39.7,42.3,0.22,0.22,0.29
STEP,2016-04-05 02:30:00 EDT,42.52620,-73.35906,951,11.7,13.6,11.7,82.1,7.3,,,,,0.7,1.7,0.6,143,16,1.3,2.2,0.5,128,32,0.7,1.7,0.6,143,16,0,29.08,,0,0,0,37.2,39.8,42.3,0.22,0.22,0.29
STEP,2016-04-05 02:35:00 EDT,42.52620,-73.35906,951,12.0,13.9,12.0,84.0,8.1,,,,,1.3,2.0,0.3,112,18,1.8,3.1,0.4,106,19,1.3,2.0,0.3,112,18,0,29.08,,0,0,0,37.1,39.8,42.3,0.22,0.22,0.29
STEP,2016-04-05 02:40:00 EDT,42.52620,-73.35906,951,10.9,13.9,10.9,84.1,7.1,,,,,1.5,2.4,0.6,146,12,2.0,2.7,0.5,135,13,1.5,2.4,0.6,146,12,0,29.08,,0,0,0,37.2,39.7,42.3,0.22,0.22,0.29
STEP,2016-04-05 02:45:00 EDT,42.52620,-73.35906,951,10.8,12.6,10.8,85.0,7.2,,,,,0.9,1.8,0.5,132,18,1.3,2.5,0.5,120,21,0.9,1.8,0.5,132,18,0,29.08,,0,0,0,37.2,39.8,42.3,0.22,0.22,0.29
STEP,2016-04-05 02:50:00 EDT,42.52620,-73.35906,951,10.8,12.7,10.8,86.2,7.5,,,,,1.7,2.2,0.3,152,12,2.0,2.7,0.4,142,9,1.7,2.2,0.3,152,12,0,29.08,,0,0,0,37.2,39.7,42.2,0.22,0.22,0.29
STEP,2016-04-05 02:55:00 EDT,42.52620,-73.35906,951,10.9,13.3,10.9,88.3,8.1,,,,,0.7,1.8,0.5,153,23,1.1,2.0,0.4,155,32,0.7,1.8,0.5,153,23,0,29.09,,0,0,0,37.2,39.8,42.2,0.22,0.22,0.29
STEP,2016-04-05 03:00:00 EDT,42.52620,-73.35906,951,10.8,12.2,10.8,89.4,8.3,,,,,1.0,2.0,0.6,179,30,1.4,2.2,0.4,172,31,1.0,2.0,0.6,179,30,0,29.09,,0,0,0,37.2,39.7,42.2,0.22,0.22,0.29
STEP,2016-04-05 03:05:00 EDT,42.52620,-73.35906,951,10.6,12.0,10.6,87.0,7.5,,,,,2.1,2.6,0.3,171,14,2.5,3.1,0.4,162,17,2.1,2.6,0.3,171,14,0,29.09,,0,0,0,37.1,39.8,42.3,0.22,0.22,0.29
STEP,2016-04-05 03:10:00 EDT,42.52620,-73.35906,951,9.7,12.0,9.7,90.2,7.4,,,,,1.1,1.6,0.3,187,11,1.5,2.2,0.3,178,15,1.1,1.6,0.3,187,11,0,29.09,,0,0,0,37.1,39.8,42.2,0.22,0.22,0.29
STEP,2016-04-05 03:15:00 EDT,42.52620,-73.35906,951,9.5,11.2,9.5,90.6,7.3,,,,,1.0,1.5,0.2,178,5,1.5,2.0,0.3,167,10,1.0,1.5,0.2,178,5,0,29.09,,0,0,0,37.1,39.7,42.2,0.22,0.22,0.29
STEP,2016-04-05 03:20:00 EDT,42.52620,-73.35906,951,9.5,11.5,9.5,90.5,7.3,,,,,0.5,1.5,0.5,203,12,1.0,2.0,0.4,190,30,0.5,1.5,0.5,203,12,0,29.09,,0,0,0,37.1,39.7,42.2,0.22,0.22,0.29
STEP,2016-04-05 03:25:00 EDT,42.52620,-73.35906,951,9.7,11.2,9.7,91.7,7.7,,,,,0.9,2.0,0.7,151,5,1.3,2.2,0.5,152,39,0.9,2.0,0.7,151,5,0,29.10,,0,0,0,37.2,39.7,42.2,0.22,0.22,0.29
STEP,2016-04-05 03:30:00 EDT,42.52620,-73.35906,951,10.3,10.8,10.3,91.7,8.3,,,,,0.4,1.1,0.3,186,19,0.9,1.6,0.3,179,26,0.4,1.1,0.3,186,19,0,29.10,,0,0,0,37.2,39.7,42.2,0.22,0.22,0.29
STEP,2016-04-05 03:35:00 EDT,42.52620,-73.35906,951,9.4,10.7,9.4,91.3,7.4,,,,,0.9,1.9,0.7,223,6,1.2,2.5,0.6,218,11,0.9,1.9,0.7,223,6,0,29.10,,0,0,0,37.1,39.7,42.1,0.22,0.22,0.29
STEP,2016-04-05 03:40:00 EDT,42.52620,-73.35906,951,7.9,10.4,7.9,90.5,5.7,,,,,0.6,1.0,0.2,234,12,1.1,1.6,0.2,229,9,0.6,1.0,0.2,234,12,0,29.10,,0,0,0,37.1,39.7,42.1,0.22,0.22,0.29
STEP,2016-04-05 03:45:00 EDT,42.52620,-73.35906,951,7.8,9.5,7.8,90.6,5.6,,,,,1.1,1.8,0.2,151,19,1.5,2.0,0.2,140,18,1.1,1.8,0.2,151,19,0,29.10,,0,0,0,37.2,39.7,42.1,0.22,0.22,0.29
STEP,2016-04-05 03:50:00 EDT,42.52620,-73.35906,951,7.8,9.7,7.8,91.2,5.8,,,,,1.4,1.8,0.3,162,18,1.7,2.7,0.3,156,19,1.4,1.8,0.3,162,18,0,29.10,,0,0,0,37.1,39.7,42.2,0.22,0.22,0.29
STEP,2016-04-05 03:55:00 EDT,42.52620,-73.35906,951,7.4,9.3,7.4,89.9,5.0,,,,,1.3,2.0,0.3,188,10,1.8,2.7,0.3,181,13,1.3,2.0,0.3,188,10,0,29.11,,0,0,0,37.1,39.7,42.1,0.22,0.22,0.29
STEP,2016-04-05 04:00:00 EDT,42.52620,-73.35906,951,7.9,9.0,7.9,90.9,5.8,,,,,1.0,1.6,0.3,215,5,1.3,2.0,0.3,210,8,1.0,1.6,0.3,215,5,0,29.11,,0,0,0,37.1,39.7,42.1,0.22,0.22,0.29
STEP,2016-04-05 04:05:00 EDT,42.52620,-73.35906,951,7.5,9.1,7.5,90.7,5.3,,,,,0.4,1.5,0.6,209,7,1.0,2.0,0.5,178,43,0.4,1.5,0.6,209,7,0,29.11,,0,0,0,37.1,39.7,42.1,0.22,0.22,0.29
STEP,2016-04-05 04:10:00 EDT,42.52620,-73.35906,951,7.8,9.1,7.8,90.1,5.5,,,,,0.5,1.1,0.4,195,43,1.1,1.6,0.3,215,71,0.5,1.1,0.4,195,43,0,29.11,,0,0,0,37.1,39.7,42.1,0.22,0.22,0.29
STEP,2016-04-05 04:15:00 EDT,42.52620,-73.35906,951,7.7,9.1,7.7,90.5,5.5,,,,,0.0,0.0,0.0,0,0,0.5,0.7,0.2,174,47,0.0,0.0,0.0,0,0,0,29.11,,0,0,0,37.1,39.7,42.1,0.22,0.22,0.29
STEP,2016-04-05 04:20:00 EDT,42.52620,-73.35906,951,6.8,8.7,6.8,89.2,4.3,,,,,0.3,1.1,0.3,249,15,0.9,1.6,0.3,235,53,0.3,1.1,0.3,249,15,0,29.11,,0,0,0,37.1,39.7,42.1,0.22,0.22,0.29
STEP,2016-04-05 04:25:00 EDT,42.52620,-73.35906,951,7.3,8.4,7.3,89.3,4.8,,,,,0.1,1.8,0.4,5,6,0.6,3.4,0.6,40,53,0.1,1.8,0.4,5,6,0,29.11,,0,0,0,37.1,39.7,42.1,0.22,0.22,0.29
STEP,2016-04-05 04:30:00 EDT,42.52620,-73.35906,951,6.4,8.4,6.4,89.1,3.9,,,,,0.1,0.1,0.0,320,0,0.4,1.1,0.3,304,55,0.1,0.1,0.0,320,0,0,29.12,,0,0,0,37.1,39.6,42.1,0.22,0.22,0.29
STEP,2016-04-05 04:35:00 EDT,42.52620,-73.35906,951,7.1,8.3,7.1,89.8,4.7,,,,,0.2,0.7,0.2,320,0,0.7,1.3,0.3,358,47,0.2,0.7,0.2,320,0,0,29.12,,0,0,0,37.1,39.7,42.1,0.22,0.22,0.29
STEP,2016-04-05 04:40:00 EDT,42.52620,-73.35906,951,6.4,7.8,6.4,89.0,3.8,,,,,0.1,0.1,0.0,320,0,0.4,0.9,0.2,49,43,0.1,0.1,0.0,320,0,0,29.12,,0,0,0,37.1,39.6,42.1,0.22,0.22,0.29
STEP,2016-04-05 04:45:00 EDT,42.52620,-73.35906,951,6.1,8.1,6.1,88.5,3.5,,,,,0.1,0.1,0.0,320,0,0.5,0.9,0.2,114,55,0.1,0.1,0.0,320,0,0,29.12,,0,0,0,37.1,39.7,42.1,0.22,0.22,0.29
STEP,2016-04-05 04:50:00 EDT,42.52620,-73.35906,951,5.8,7.5,5.8,87.7,2.9,,,,,0.2,0.7,0.2,262,58,0.8,1.3,0.2,161,26,0.2,0.7,0.2,262,58,0,29.12,,0,0,0,37.1,39.7,42.1,0.22,0.22,0.29
STEP,2016-04-05 04:55:00 EDT,42.52620,-73.35906,951,5.7,7.5,5.7,88.0,2.9,,,,,0.7,1.1,0.4,222,12,1.2,1.6,0.2,212,18,0.7,1.1,0.4,222,12,0,29.12,,0,0,0,37.1,39.7,42.1,0.22,0.22,0.29
STEP,2016-04-05 05:00:00 EDT,42.52620,-73.35906,951,5.7,7.4,5.7,88.7,3.1,,,,,0.7,1.5,0.5,241,6,1.1,1.8,0.4,231,16,0.7,1.5,0.5,241,6,0,29.13,,0,0,0,37.1,39.6,42.1,0.22,0.22,0.29
STEP,2016-04-05 05:05:00 EDT,42.52620,-73.35906,951,5.7,7.6,5.7,88.4,3.0,,,,,0.4,1.2,0.4,227,7,0.8,1.6,0.4,227,16,0.4,1.2,0.4,227,7,0,29.13,,0,0,0,37.1,39.7,42.1,0.22,0.22,0.29
STEP,2016-04-05 05:10:00 EDT,42.52620,-73.35906,951,5.0,7.0,5.0,87.6,2.1,,,,,0.1,0.7,0.2,185,0,0.8,1.3,0.2,187,26,0.1,0.7,0.2,185,0,0,29.13,,0,0,0,37.1,39.6,42.1,0.23,0.22,0.29
STEP,2016-04-05 05:15:00 EDT,42.52620,-73.35906,951,4.9,6.4,4.9,86.1,1.7,,,,,0.0,0.0,0.0,0,0,0.8,1.1,0.1,180,14,0.0,0.0,0.0,0,0,0,29.13,,0,0,0,37.1,39.6,42.1,0.22,0.22,0.29
STEP,2016-04-05 05:20:00 EDT,42.52620,-73.35906,951,4.9,6.5,4.9,87.0,1.9,,,,,0.4,1.2,0.5,239,11,1.0,1.6,0.3,237,23,0.4,1.2,0.5,239,11,0,29.14,,0,0,0,37.1,39.6,42.1,0.22,0.22,0.29
STEP,2016-04-05 05:25:00 EDT,42.52620,-73.35906,951,4.0,6.0,4.0,86.2,0.8,,,,,0.3,1.6,0.4,207,9,1.0,2.0,0.3,185,19,0.3,1.6,0.4,207,9,0,29.14,,0,0,0,37.1,39.7,42.1,0.23,0.22,0.29
STEP,2016-04-05 05:30:00 EDT,42.52620,-73.35906,951,4.5,5.8,4.5,87.0,1.5,,,,,0.7,1.8,0.5,194,11,1.3,2.5,0.5,184,15,0.7,1.8,0.5,194,11,0,29.14,,0,0,0,37.1,39.7,42.1,0.22,0.22,0.29
STEP,2016-04-05 05:35:00 EDT,42.52620,-73.35906,951,4.3,5.6,4.3,86.9,1.3,,,,,1.1,1.9,0.4,182,15,1.5,2.5,0.4,171,18,1.1,1.9,0.4,182,15,0,29.15,,0,0,0,37.0,39.6,42.1,0.22,0.22,0.29
STEP,2016-04-05 05:40:00 EDT,42.52620,-73.35906,951,3.7,5.3,3.7,85.8,0.4,,,,,0.3,0.9,0.3,155,10,0.8,1.3,0.3,173,42,0.3,0.9,0.3,155,10,0,29.15,,0,0,0,37.0,39.7,42.1,0.22,0.22,0.29
STEP,2016-04-05 05:45:00 EDT,42.52620,-73.35906,951,3.8,5.7,3.8,86.5,0.7,,,,,0.0,0.1,0.0,218,0,0.4,0.9,0.2,240,22,0.0,0.1,0.0,218,0,0,29.15,,0,0,0,37.0,39.6,42.1,0.23,0.22,0.29
STEP,2016-04-05 05:50:00 EDT,42.52620,-73.35906,951,3.3,5.4,3.3,86.1,0.1,,,,,0.2,0.9,0.3,162,4,0.8,1.6,0.4,159,39,0.2,0.9,0.3,162,4,0,29.15,,0,0,0,37.0,39.7,42.1,0.22,0.22,0.29
STEP,2016-04-05 05:55:00 EDT,42.52620,-73.35906,951,3.3,5.2,3.3,85.8,-0.0,,,,,0.3,1.2,0.4,178,1,0.7,1.8,0.5,162,34,0.3,1.2,0.4,178,1,0,29.16,,0,0,0,37.1,39.6,42.1,0.22,0.22,0.29
STEP,2016-04-05 06:00:00 EDT,42.52620,-73.35906,951,2.8,5.4,2.8,85.7,-0.5,,,,,0.2,0.9,0.3,280,6,0.9,1.6,0.3,276,26,0.2,0.9,0.3,280,6,0,29.16,,0,0,0,37.0,39.6,42.1,0.23,0.22,0.29
STEP,2016-04-05 06:05:00 EDT,42.52620,-73.35906,951,2.7,5.2,2.7,86.0,-0.5,,,,,0.4,1.5,0.5,79,5,1.0,2.0,0.5,73,22,0.4,1.5,0.5,79,5,0,29.16,,0,0,0,37.0,39.7,42.1,0.22,0.22,0.29
STEP,2016-04-05 06:10:00 EDT,42.52620,-73.35906,951,3.1,5.5,3.1,87.2,0.1,,,,,0.5,1.5,0.6,10,14,1.1,2.7,0.8,4,33,0.5,1.5,0.6,10,14,0,29.17,,0,0,0,37.0,39.6,42.1,0.22,0.22,0.29
STEP,2016-04-05 06:15:00 EDT,42.52620,-73.35906,951,3.4,5.3,3.4,86.8,0.3,,,,,0.1,0.9,0.3,32,8,0.8,1.8,0.4,29,38,0.1,0.9,0.3,32,8,0,29.17,,0,0,0,37.1,39.6,42.1,0.22,0.22,0.29
STEP,2016-04-05 06:20:00 EDT,42.52620,-73.35906,951,3.2,4.7,3.2,86.3,0.1,,,,,0.3,1.5,0.4,6,35,1.0,2.2,0.4,25,45,0.3,1.5,0.4,6,35,1,29.17,,0,0,0,37.1,39.7,42.1,0.22,0.22,0.29
STEP,2016-04-05 06:25:00 EDT,42.52620,-73.35906,951,3.3,4.9,3.3,87.0,0.3,,,,,0.2,0.9,0.3,315,14,0.7,1.3,0.4,315,42,0.2,0.9,0.3,315,14,2,29.17,,0,0,0,37.0,39.6,42.1,0.23,0.22,0.29
STEP,2016-04-05 06:30:00 EDT,42.52620,-73.35906,951,3.2,4.8,3.2,86.7,0.1,,,,,0.1,0.4,0.1,303,4,1.0,1.6,0.4,1,32,0.1,0.4,0.1,303,4,5,29.17,,0,0,0,37.1,39.7,42.1,0.22,0.22,0.29
STEP,2016-04-05 06:35:00 EDT,42.52620,-73.35906,951,3.6,4.6,3.6,86.8,0.5,,,,,0.0,0.1,0.0,356,1,0.7,1.1,0.2,34,14,0.0,0.1,0.0,356,1,7,29.18,,0,0,0,37.0,39.6,42.1,0.22,0.22,0.29
STEP,2016-04-05 06:40:00 EDT,42.52620,-73.35906,951,3.4,4.5,3.4,86.7,0.3,,,,,0.1,0.9,0.3,347,13,1.0,1.3,0.2,357,27,0.1,0.9,0.3,347,13,11,29.18,,0,0,0,37.0,39.6,42.0,0.23,0.22,0.29
STEP,2016-04-05 06:45:00 EDT,42.52620,-73.35906,951,3.6,4.7,3.6,86.6,0.6,,,,,0.7,1.2,0.3,349,7,1.5,2.0,0.3,352,8,0.7,1.2,0.3,349,7,15,29.18,,0,0,0,37.0,39.6,42.0,0.22,0.22,0.29
STEP,2016-04-05 06:50:00 EDT,42.52620,-73.35906,951,3.2,4.7,3.2,86.2,0.0,,,,,0.1,0.1,0.0,352,0,1.0,1.3,0.2,358,11,0.1,0.1,0.0,352,0,21,29.19,,0,0,0,37.0,39.6,42.0,0.23,0.22,0.29
STEP,2016-04-05 06:55:00 EDT,42.52620,-73.35906,951,3.4,4.5,3.4,85.8,0.1,,,,,0.2,0.8,0.3,348,2,1.0,1.6,0.2,1,22,0.2,0.8,0.3,348,2,26,29.19,,0,0,0,37.0,39.6,42.0,0.22,0.22,0.29
STEP,2016-04-05 07:00:00 EDT,42.52620,-73.35906,951,3.4,4.5,3.4,85.7,0.1,,,,,0.3,1.1,0.3,348,0,1.2,2.0,0.3,355,7,0.3,1.1,0.3,348,0,30,29.19,,0,0,0,37.0,39.6,42.0,0.22,0.22,0.29
STEP,2016-04-05 07:05:00 EDT,42.52620,-73.35906,951,3.0,4.6,3.0,84.9,-0.6,,,,,0.3,0.7,0.2,348,0,1.1,1.6,0.3,2,6,0.3,0.7,0.2,348,0,45,29.20,,0,0,0,37.0,39.6,42.0,0.23,0.22,0.29
STEP,2016-04-05 07:10:00 EDT,42.52620,-73.35906,951,3.1,4.6,3.1,84.9,-0.4,,,,,0.1,0.6,0.2,348,0,0.7,1.3,0.2,2,38,0.1,0.6,0.2,348,0,53,29.20,,0,0,0,37.0,39.6,42.0,0.22,0.22,0.29
STEP,2016-04-05 07:15:00 EDT,42.52620,-73.35906,951,3.5,5.3,3.5,84.9,-0.0,,,,,0.1,0.6,0.2,17,17,0.7,1.6,0.3,40,23,0.1,0.6,0.2,17,17,44,29.21,,0,0,0,37.0,39.6,42.0,0.23,0.22,0.29
STEP,2016-04-05 07:20:00 EDT,42.52620,-73.35906,951,3.4,4.7,3.4,84.5,-0.3,,,,,0.0,0.0,0.0,0,0,0.4,0.9,0.3,67,27,0.0,0.0,0.0,0,0,51,29.21,,0,0,0,37.0,39.6,42.0,0.22,0.22,0.29
STEP,2016-04-05 07:25:00 EDT,42.52620,-73.35906,951,3.7,4.8,3.7,84.9,0.2,,,,,0.0,0.1,0.0,190,2,0.5,1.1,0.3,159,66,0.0,0.1,0.0,190,2,44,29.22,,0,0,0,37.0,39.6,42.0,0.22,0.22,0.29
STEP,2016-04-05 07:30:00 EDT,42.52620,-73.35906,951,3.7,5.1,3.7,84.5,0.1,,,,,0.0,0.0,0.0,0,0,0.4,0.9,0.2,273,54,0.0,0.0,0.0,0,0,57,29.22,,0,0,0,37.0,39.6,42.0,0.22,0.22,0.29
STEP,2016-04-05 07:35:00 EDT,42.52620,-73.35906,951,3.9,5.3,3.9,85.0,0.4,,,,,0.0,0.3,0.0,235,0,0.6,0.9,0.2,213,31,0.0,0.3,0.0,235,0,62,29.22,,0,0,0,36.9,39.6,42.0,0.22,0.22,0.29
STEP,2016-04-05 07:40:00 EDT,42.52620,-73.35906,951,4.1,5.3,4.1,84.5,0.5,,,,,0.0,0.1,0.0,235,0,1.0,1.3,0.2,180,11,0.0,0.1,0.0,235,0,63,29.22,,0,0,0,37.0,39.6,41.9,0.23,0.22,0.29
STEP,2016-04-05 07:45:00 EDT,42.52620,-73.35906,951,4.2,5.6,4.2,84.5,0.6,,,,,0.5,1.2,0.4,202,8,1.1,1.8,0.3,186,15,0.5,1.2,0.4,202,8,78,29.23,,0,0,0,36.9,39.5,41.9,0.22,0.22,0.29
STEP,2016-04-05 07:50:00 EDT,42.52620,-73.35906,951,4.4,5.8,4.4,84.6,0.7,,,,,1.1,1.8,0.5,176,12,1.6,2.7,0.5,164,14,1.1,1.8,0.5,176,12,81,29.23,,0,0,0,36.9,39.6,41.9,0.23,0.22,0.29
STEP,2016-04-05 07:55:00 EDT,42.52620,-73.35906,951,4.8,6.2,4.8,84.2,1.1,,,,,1.2,1.8,0.3,179,7,1.7,2.5,0.4,167,10,1.2,1.8,0.3,179,7,168,29.23,,0,0,0,37.0,39.6,41.9,0.23,0.22,0.29
STEP,2016-04-05 08:00:00 EDT,42.52620,-73.35906,951,5.8,7.0,5.8,84.5,2.1,,,,,1.0,1.5,0.3,172,8,1.6,2.2,0.3,161,11,1.0,1.5,0.3,172,8,204,29.23,,0,0,0,36.9,39.6,41.9,0.22,0.22,0.29
STEP,2016-04-05 08:05:00 EDT,42.52620,-73.35906,951,,,,,,,,,,,,,,,,,,,,,,,,,,,,,,,,,,,,
STEP,2016-04-05 08:10:00 EDT,42.52620,-73.35906,951,7.5,8.3,7.5,85.2,3.9,,,,,0.9,1.8,0.4,181,24,1.3,2.5,0.4,171,24,0.9,1.8,0.4,181,24,228,29.24,,0,0,0,37.0,39.6,41.9,0.22,0.22,0.29
STEP,2016-04-05 08:15:00 EDT,42.52620,-73.35906,951,8.3,9.2,8.3,82.0,3.9,,,,,1.1,2.0,0.5,175,12,1.6,2.5,0.5,166,15,1.1,2.0,0.5,175,12,290,29.24,,0,0,0,37.0,39.5,41.9,0.22,0.22,0.29
STEP,2016-04-05 08:20:00 EDT,42.52620,-73.35906,951,9.2,9.8,9.2,83.7,5.3,,,,,0.3,1.0,0.3,211,15,0.9,1.6,0.3,211,32,0.3,1.0,0.3,211,15,304,29.24,,0,0,0,36.9,39.5,41.9,0.22,0.22,0.29
STEP,2016-04-05 08:25:00 EDT,42.52620,-73.35906,951,10.1,11.1,10.1,81.6,5.6,,,,,1.4,2.0,0.4,168,24,1.8,2.7,0.4,159,22,1.4,2.0,0.4,168,24,319,29.24,,0,0,0,37.0,39.6,41.9,0.22,0.22,0.29
STEP,2016-04-05 08:30:00 EDT,42.52620,-73.35906,951,11.2,11.5,11.2,79.3,6.1,,,,,1.6,2.4,0.3,121,9,1.9,2.7,0.4,113,11,1.6,2.4,0.3,121,9,321,29.24,,0,0,0,36.9,39.5,41.9,0.22,0.22,0.29
STEP,2016-04-05 08:35:00 EDT,42.52620,-73.35906,951,11.4,12.5,11.4,78.3,5.9,,,,,0.8,1.2,0.2,151,7,1.0,1.6,0.2,135,10,0.8,1.2,0.2,151,7,328,29.24,,0,0,0,36.9,39.5,41.9,0.22,0.22,0.29
STEP,2016-04-05 08:40:00 EDT,42.52620,-73.35906,951,11.9,13.0,11.9,74.9,5.5,,,,,1.2,1.6,0.2,137,8,1.3,1.8,0.2,126,9,1.2,1.6,0.2,137,8,344,29.25,,0,0,0,36.9,39.5,41.9,0.22,0.22,0.29
STEP,2016-04-05 08:45:00 EDT,42.52620,-73.35906,951,12.4,13.3,12.4,69.3,4.3,,,,,0.8,1.4,0.3,106,27,1.2,1.8,0.3,97,29,0.8,1.4,0.3,106,27,362,29.25,,0,0,0,36.9,39.5,41.9,0.22,0.22,0.29
STEP,2016-04-05 08:50:00 EDT,42.52620,-73.35906,951,12.7,14.0,12.7,63.4,2.6,,,,,0.1,1.0,0.3,81,4,0.6,1.6,0.4,74,59,0.1,1.0,0.3,81,4,381,29.25,,0,0,0,36.9,39.5,41.9,0.23,0.22,0.29
STEP,2016-04-05 08:55:00 EDT,42.52620,-73.35906,951,12.6,14.3,12.6,57.5,0.4,,,,,0.2,1.2,0.4,69,3,0.8,2.0,0.4,74,43,0.2,1.2,0.4,69,3,399,29.25,,0,0,0,36.9,39.4,41.9,0.23,0.22,0.29
STEP,2016-04-05 09:00:00 EDT,42.52620,-73.35906,951,12.6,14.6,12.6,53.4,-1.2,,,,,0.8,1.8,0.3,70,16,1.3,2.5,0.3,61,17,0.8,1.8,0.3,70,16,421,29.25,,0,0,0,36.9,39.4,41.9,0.22,0.22,0.29
STEP,2016-04-05 09:05:00 EDT,42.52620,-73.35906,951,13.7,15.0,13.7,51.7,-0.8,,,,,0.7,2.1,0.7,63,5,1.1,2.0,0.5,55,15,0.7,2.1,0.7,63,5,441,29.25,,0,0,0,36.9,39.4,41.9,0.23,0.22,0.29
STEP,2016-04-05 09:10:00 EDT,42.52620,-73.35906,951,15.6,15.7,15.6,51.4,0.9,,,,,1.5,2.2,0.4,53,16,1.8,2.9,0.4,47,15,1.5,2.2,0.4,53,16,456,29.25,,0,0,0,36.9,39.5,41.9,0.22,0.22,0.29
STEP,2016-04-05 09:15:00 EDT,42.52620,-73.35906,951,16.9,16.3,16.9,48.4,0.7,,,,,1.8,3.2,0.7,50,25,2.2,3.8,0.7,48,25,1.8,3.2,0.7,50,25,472,29.26,,0,0,0,36.9,39.5,41.8,0.22,0.22,0.29
STEP,2016-04-05 09:20:00 EDT,42.52620,-73.35906,951,17.1,16.9,17.1,47.6,0.6,,,,,1.1,2.7,0.7,48,32,1.6,3.4,0.7,40,35,1.1,2.7,0.7,48,32,484,29.26,,0,0,0,36.9,39.4,41.8,0.22,0.22,0.29
STEP,2016-04-05 09:25:00 EDT,42.52620,-73.35906,951,17.7,17.3,17.7,46.1,0.4,,,,,1.7,4.0,1.0,12,25,2.4,4.7,1.0,11,22,1.7,4.0,1.0,12,25,500,29.26,,0,0,0,36.9,39.4,41.9,0.22,0.22,0.29
STEP,2016-04-05 09:30:00 EDT,42.52620,-73.35906,951,18.1,18.3,9.9,45.5,0.5,,,,,5.8,14.5,3.6,338,15,6.8,15.4,3.9,336,16,5.8,14.5,3.6,338,15,514,29.26,,0,0,0,36.8,39.4,41.8,0.22,0.22,0.29
STEP,2016-04-05 09:35:00 EDT,42.52620,-73.35906,951,19.0,19.3,8.1,43.5,0.4,,,,,9.3,14.0,1.8,344,13,10.3,15.0,2.0,340,12,9.3,14.0,1.8,344,13,525,29.26,,0,0,0,36.9,39.5,41.8,0.22,0.22,0.29
STEP,2016-04-05 09:40:00 EDT,42.52620,-73.35906,951,19.4,19.6,7.6,42.5,0.3,,,,,10.8,15.1,2.3,340,10,11.7,16.1,2.3,338,9,10.8,15.1,2.3,340,10,539,29.26,,0,0,0,36.8,39.4,41.7,0.22,0.22,0.29
STEP,2016-04-05 09:45:00 EDT,42.52620,-73.35906,951,19.8,19.9,7.5,40.9,-0.2,,,,,11.8,17.4,2.1,334,11,12.5,19.5,2.1,331,10,11.8,17.4,2.1,334,11,552,29.26,,0,0,0,36.9,39.4,41.8,0.22,0.22,0.29
STEP,2016-04-05 09:50:00 EDT,42.52620,-73.35906,951,20.0,20.2,8.0,40.4,-0.3,,,,,11.4,15.3,1.7,337,10,12.2,17.4,1.7,333,9,11.4,15.3,1.7,337,10,564,29.26,,0,0,0,36.8,39.4,41.7,0.22,0.22,0.29
STEP,2016-04-05 09:55:00 EDT,42.52620,-73.35906,951,20.2,20.4,8.4,40.3,-0.1,,,,,11.2,15.4,1.7,348,13,12.3,17.2,1.9,344,12,11.2,15.4,1.7,348,13,578,29.26,,0,0,0,36.9,39.4,41.8,0.22,0.22,0.29
STEP,2016-04-05 10:00:00 EDT,42.52620,-73.35906,951,20.4,20.6,8.3,40.1,-0.1,,,,,11.8,17.5,2.2,340,14,12.9,17.9,2.1,337,11,11.8,17.5,2.2,340,14,592,29.26,,0,0,0,36.8,39.4,41.8,0.22,0.22,0.29
STEP,2016-04-05 10:05:00 EDT,42.52620,-73.35906,951,20.5,20.7,8.5,40.0,-0.0,,,,,11.6,14.5,1.4,333,11,12.1,15.0,1.5,329,11,11.6,14.5,1.4,333,11,605,29.26,,0,0,0,36.8,39.4,41.8,0.22,0.22,0.29
STEP,2016-04-05 10:10:00 EDT,42.52620,-73.35906,951,20.9,21.1,10.5,39.4,0.0,,,,,9.2,14.3,1.8,341,13,10.0,14.8,1.9,337,13,9.2,14.3,1.8,341,13,617,29.26,,0,0,0,36.8,39.3,41.8,0.22,0.22,0.29
STEP,2016-04-05 10:15:00 EDT,42.52620,-73.35906,951,21.0,21.1,9.5,40.8,0.8,,,,,11.0,14.9,1.7,336,11,11.7,16.6,1.6,332,11,11.0,14.9,1.7,336,11,629,29.27,,0,0,0,36.8,39.4,41.8,0.22,0.22,0.29
STEP,2016-04-05 10:20:00 EDT,42.52620,-73.35906,951,21.0,21.1,9.0,39.2,-0.0,,,,,11.8,15.6,1.9,337,6,12.5,16.1,1.8,334,5,11.8,15.6,1.9,337,6,640,29.27,,0,0,0,36.8,39.4,41.7,0.22,0.22,0.29
STEP,2016-04-05 10:25:00 EDT,42.52620,-73.35906,951,21.5,21.6,10.3,39.6,0.7,,,,,10.7,15.0,1.9,345,17,11.6,16.1,2.1,341,12,10.7,15.0,1.9,345,17,652,29.27,,0,0,0,36.8,39.4,41.7,0.22,0.22,0.29
STEP,2016-04-05 10:30:00 EDT,42.52620,-73.35906,951,21.6,21.8,9.9,39.1,0.5,,,,,11.7,18.2,2.7,342,12,12.7,19.0,2.7,339,11,11.7,18.2,2.7,342,12,662,29.27,,0,0,0,36.8,39.4,41.8,0.22,0.22,0.29
STEP,2016-04-05 10:35:00 EDT,42.52620,-73.35906,951,21.6,21.7,10.2,39.3,0.6,,,,,11.2,15.8,2.3,356,14,12.4,17.2,2.4,352,10,11.2,15.8,2.3,356,14,671,29.27,,0,0,0,36.9,39.4,41.7,0.22,0.22,0.29
STEP,2016-04-05 10:40:00 EDT,42.52620,-73.35906,951,21.7,21.9,10.7,39.6,0.9,,,,,10.5,16.4,2.1,347,12,11.4,16.6,2.2,342,12,10.5,16.4,2.1,347,12,683,29.27,,0,0,0,36.8,39.3,41.7,0.22,0.22,0.29
STEP,2016-04-05 10:45:00 EDT,42.52620,-73.35906,951,22.0,22.0,11.8,38.7,0.6,,,,,9.2,13.6,1.6,14,16,10.5,16.8,1.8,7,13,9.2,13.6,1.6,14,16,692,29.27,,0,0,0,36.9,39.3,41.7,0.22,0.22,0.29
STEP,2016-04-05 10:50:00 EDT,42.52620,-73.35906,951,22.4,22.4,12.5,37.9,0.5,,,,,8.8,12.9,2.1,10,17,10.0,16.8,2.4,4,13,8.8,12.9,2.1,10,17,702,29.27,,0,0,0,36.8,39.3,41.7,0.22,0.22,0.29
STEP,2016-04-05 10:55:00 EDT,42.52620,-73.35906,951,22.6,22.7,11.2,37.3,0.4,,,,,11.5,18.7,2.3,345,15,12.5,21.0,2.4,343,11,11.5,18.7,2.3,345,15,713,29.27,,0,0,0,36.9,39.3,41.7,0.22,0.22,0.29
STEP,2016-04-05 11:00:00 EDT,42.52620,-73.35906,951,22.7,22.8,10.9,37.4,0.5,,,,,12.3,17.3,2.2,353,17,13.3,19.2,2.5,348,14,12.3,17.3,2.2,353,17,721,29.27,,0,0,0,36.8,39.3,41.7,0.23,0.22,0.29
STEP,2016-04-05 11:05:00 EDT,42.52620,-73.35906,951,22.9,23.0,10.1,37.4,0.7,,,,,14.6,20.3,2.2,349,19,15.8,21.7,2.4,347,12,14.6,20.3,2.2,349,19,730,29.27,,0,0,0,36.8,39.3,41.7,0.22,0.22,0.29
STEP,2016-04-05 11:10:00 EDT,42.52620,-73.35906,951,23.0,23.1,10.7,36.5,0.2,,,,,13.5,20.0,2.5,353,13,15.1,21.3,3.1,348,10,13.5,20.0,2.5,353,13,741,29.27,,0,0,0,36.9,39.3,41.7,0.22,0.22,0.29
STEP,2016-04-05 11:15:00 EDT,42.52620,-73.35906,951,23.2,23.3,10.8,36.2,0.3,,,,,14.0,21.0,2.5,358,15,15.4,21.9,2.7,353,8,14.0,21.0,2.5,358,15,750,29.27,,0,0,0,36.8,39.3,41.7,0.22,0.22,0.29
STEP,2016-04-05 11:20:00 EDT,42.52620,-73.35906,951,23.2,23.3,10.2,35.3,-0.2,,,,,15.3,20.5,2.9,4,12,17.2,25.9,3.4,358,5,15.3,20.5,2.9,4,12,757,29.27,,0,0,0,36.8,39.3,41.7,0.22,0.22,0.29
STEP,2016-04-05 11:25:00 EDT,42.52620,-73.35906,951,23.3,23.3,10.4,34.8,-0.4,,,,,15.3,20.5,1.9,2,9,16.2,19.2,1.7,355,8,15.3,20.5,1.9,2,9,763,29.27,,0,0,0,36.9,39.3,41.7,0.22,0.22,0.29
STEP,2016-04-05 11:30:00 EDT,42.52620,-73.35906,951,23.5,23.5,10.7,34.8,-0.3,,,,,15.0,21.0,2.1,358,12,16.3,21.7,2.3,357,12,15.0,21.0,2.1,358,12,770,29.27,,0,0,0,36.8,39.3,41.7,0.23,0.22,0.29
STEP,2016-04-05 11:35:00 EDT,42.52620,-73.35906,951,23.5,23.5,12.0,36.3,0.7,,,,,12.3,20.3,3.1,356,12,12.5,22.1,3.2,352,10,12.3,20.3,3.1,356,12,778,29.27,,0,0,0,36.9,39.3,41.7,0.22,0.22,0.29
STEP,2016-04-05 11:40:00 EDT,42.52620,-73.35906,951,23.8,23.8,11.8,36.3,0.9,,,,,13.5,19.3,2.5,9,9,14.9,21.7,2.7,3,7,13.5,19.3,2.5,9,9,783,29.27,,0,0,0,36.9,39.3,41.7,0.23,0.22,0.29
STEP,2016-04-05 11:45:00 EDT,42.52620,-73.35906,951,24.0,23.9,12.1,35.9,0.8,,,,,13.2,16.9,1.7,15,9,14.6,19.2,2.1,9,8,13.2,16.9,1.7,15,9,790,29.27,,0,0,0,36.8,39.3,41.7,0.22,0.22,0.29
STEP,2016-04-05 11:50:00 EDT,42.52620,-73.35906,951,24.1,24.1,12.9,37.0,1.6,,,,,12.1,16.7,2.0,13,8,13.6,19.7,2.4,4,7,12.1,16.7,2.0,13,8,795,29.27,,0,0,0,36.9,39.3,41.7,0.22,0.22,0.29
STEP,2016-04-05 11:55:00 EDT,42.52620,-73.35906,951,24.5,24.3,13.4,36.5,1.6,,,,,12.0,16.8,2.2,23,18,13.5,20.6,2.5,17,15,12.0,16.8,2.2,23,18,801,29.27,,0,0,0,36.9,39.3,41.7,0.22,0.22,0.29
STEP,2016-04-05 12:00:00 EDT,42.52620,-73.35906,951,24.6,24.5,14.3,37.0,2.0,,,,,10.4,15.7,2.4,357,20,11.5,16.3,2.5,352,17,10.4,15.7,2.4,357,20,807,29.27,,0,0,0,36.9,39.3,41.7,0.22,0.22,0.29
STEP,2016-04-05 12:05:00 EDT,42.52620,-73.35906,951,24.5,24.5,14.0,38.0,2.4,,,,,10.6,15.4,2.0,3,8,11.8,17.0,2.3,358,6,10.6,15.4,2.0,3,8,810,29.26,,0,0,0,36.8,39.3,41.7,0.22,0.22,0.29
STEP,2016-04-05 12:10:00 EDT,42.52620,-73.35906,951,24.7,24.6,14.8,38.0,2.7,,,,,9.8,13.7,1.6,21,17,10.8,15.2,1.8,12,16,9.8,13.7,1.6,21,17,813,29.26,,0,0,0,36.9,39.3,41.7,0.22,0.22,0.29
STEP,2016-04-05 12:15:00 EDT,42.52620,-73.35906,951,24.9,24.8,14.3,39.1,3.5,,,,,11.2,14.1,1.6,12,18,12.5,16.3,1.8,6,14,11.2,14.1,1.6,12,18,815,29.26,,0,0,0,36.9,39.3,41.7,0.22,0.22,0.29
STEP,2016-04-05 12:20:00 EDT,42.52620,-73.35906,951,24.8,24.7,14.6,38.4,3.0,,,,,10.5,18.9,2.9,16,16,11.9,20.1,3.2,8,14,10.5,18.9,2.9,16,16,818,29.26,,0,0,0,36.9,39.3,41.7,0.22,0.22,0.29
STEP,2016-04-05 12:25:00 EDT,42.52620,-73.35906,951,25.2,25.1,16.1,38.3,3.3,,,,,8.7,16.7,3.2,357,19,9.8,19.5,3.5,352,17,8.7,16.7,3.2,357,19,823,29.26,,0,0,0,36.9,39.3,41.7,0.22,0.22,0.29
STEP,2016-04-05 12:30:00 EDT,42.52620,-73.35906,951,25.1,25.0,14.2,39.0,3.6,,,,,11.8,15.0,1.7,11,19,13.1,16.6,2.0,4,18,11.8,15.0,1.7,11,19,819,29.26,,0,0,0,36.9,39.3,41.7,0.22,0.22,0.29
STEP,2016-04-05 12:35:00 EDT,42.52620,-73.35906,951,25.4,25.5,14.8,38.5,3.6,,,,,11.4,18.9,3.2,350,13,12.5,20.4,3.5,347,11,11.4,18.9,3.2,350,13,826,29.26,,0,0,0,36.9,39.3,41.7,0.22,0.22,0.29
STEP,2016-04-05 12:40:00 EDT,42.52620,-73.35906,951,25.4,25.5,13.1,38.8,3.8,,,,,15.2,23.7,2.6,352,16,16.7,25.3,3.1,347,14,15.2,23.7,2.6,352,16,828,29.26,,0,0,0,36.9,39.3,41.7,0.23,0.22,0.29
STEP,2016-04-05 12:45:00 EDT,42.52620,-73.35906,951,25.2,25.2,14.2,38.2,3.3,,,,,12.1,20.6,3.9,349,25,13.1,20.8,4.0,344,23,12.1,20.6,3.9,349,25,831,29.26,,0,0,0,36.9,39.3,41.7,0.22,0.22,0.29
STEP,2016-04-05 12:50:00 EDT,42.52620,-73.35906,951,25.6,25.6,13.7,36.4,2.5,,,,,14.1,19.2,2.7,329,11,14.2,19.0,2.9,322,12,14.1,19.2,2.7,329,11,830,29.26,,0,0,0,36.9,39.3,41.6,0.22,0.22,0.29
STEP,2016-04-05 12:55:00 EDT,42.52620,-73.35906,951,25.3,25.3,15.3,38.6,3.6,,,,,10.3,16.4,2.2,357,14,11.3,18.3,2.5,354,12,10.3,16.4,2.2,357,14,833,29.26,,0,0,0,37.0,39.3,41.7,0.22,0.22,0.29
STEP,2016-04-05 13:00:00 EDT,42.52620,-73.35906,951,25.6,25.7,14.7,37.1,2.9,,,,,12.1,20.8,3.7,341,15,13.0,20.8,3.8,337,12,12.1,20.8,3.7,341,15,832,29.26,,0,0,0,36.9,39.3,41.7,0.22,0.22,0.29
STEP,2016-04-05 13:05:00 EDT,42.52620,-73.35906,951,25.9,26.0,14.4,34.7,1.8,,,,,13.6,20.1,3.2,329,14,13.9,20.8,3.1,327,11,13.6,20.1,3.2,329,14,834,29.25,,0,0,0,36.8,39.3,41.6,0.22,0.22,0.29
STEP,2016-04-05 13:10:00 EDT,42.52620,-73.35906,951,26.2,26.2,16.6,33.2,1.1,,,,,10.0,16.2,2.9,325,15,10.8,18.8,2.8,322,14,10.0,16.2,2.9,325,15,833,29.26,,0,0,0,37.0,39.3,41.6,0.22,0.22,0.29
STEP,2016-04-05 13:15:00 EDT,42.52620,-73.35906,951,26.2,26.2,15.0,34.1,1.7,,,,,13.1,20.2,2.7,345,15,14.2,22.4,2.8,342,14,13.1,20.2,2.7,345,15,833,29.25,,0,0,0,36.9,39.3,41.7,0.22,0.22,0.29
STEP,2016-04-05 13:20:00 EDT,42.52620,-73.35906,951,26.0,26.0,14.5,34.0,1.4,,,,,13.4,18.4,2.3,0,13,14.9,20.6,2.6,355,5,13.4,18.4,2.3,0,13,832,29.25,,0,0,0,36.9,39.3,41.6,0.22,0.22,0.29
STEP,2016-04-05 13:25:00 EDT,42.52620,-73.35906,951,26.4,26.4,16.5,34.0,1.8,,,,,10.6,16.4,2.2,331,18,11.1,17.7,2.4,328,19,10.6,16.4,2.2,331,18,830,29.25,,0,0,0,36.9,39.3,41.6,0.22,0.22,0.29
STEP,2016-04-05 13:30:00 EDT,42.52620,-73.35906,951,26.9,26.8,17.6,33.0,1.6,,,,,9.5,15.8,1.9,308,20,10.0,14.3,1.9,304,21,9.5,15.8,1.9,308,20,828,29.25,,0,0,0,36.9,39.3,41.6,0.22,0.22,0.29
STEP,2016-04-05 13:35:00 EDT,42.52620,-73.35906,951,27.1,27.1,18.2,34.5,2.7,,,,,9.0,16.6,2.5,327,17,9.6,17.9,2.7,326,16,9.0,16.6,2.5,327,17,825,29.25,,0,0,0,36.9,39.2,41.6,0.22,0.22,0.29
STEP,2016-04-05 13:40:00 EDT,42.52620,-73.35906,951,27.1,27.2,16.4,33.8,2.3,,,,,12.4,19.9,4.1,312,20,12.5,20.4,4.5,306,20,12.4,19.9,4.1,312,20,823,29.25,,0,0,0,36.9,39.3,41.7,0.23,0.22,0.29
STEP,2016-04-05 13:45:00 EDT,42.52620,-73.35906,951,27.3,27.4,16.2,33.9,2.6,,,,,13.6,20.2,3.5,331,17,14.0,21.0,3.2,332,13,13.6,20.2,3.5,331,17,819,29.25,,0,0,0,36.9,39.3,41.7,0.22,0.22,0.29
STEP,2016-04-05 13:50:00 EDT,42.52620,-73.35906,951,27.0,27.1,17.1,35.5,3.3,,,,,10.8,15.5,2.1,345,16,11.6,16.6,2.3,342,15,10.8,15.5,2.1,345,16,815,29.25,,0,0,0,36.9,39.3,41.6,0.22,0.22,0.29
STEP,2016-04-05 13:55:00 EDT,42.52620,-73.35906,951,27.3,27.4,18.0,35.1,3.3,,,,,9.9,15.9,2.8,319,20,10.6,17.0,2.9,315,21,9.9,15.9,2.8,319,20,811,29.25,,0,0,0,36.9,39.3,41.6,0.22,0.22,0.29
STEP,2016-04-05 14:00:00 EDT,42.52620,-73.35906,951,27.6,27.7,18.7,35.5,3.8,,,,,9.3,17.1,3.1,329,23,10.2,18.1,3.0,323,23,9.3,17.1,3.1,329,23,806,29.25,,0,0,0,36.9,39.3,41.6,0.23,0.22,0.29
STEP,2016-04-05 14:05:00 EDT,42.52620,-73.35906,951,27.5,27.5,17.4,35.2,3.5,,,,,11.3,17.1,2.8,319,17,11.9,17.4,2.9,314,18,11.3,17.1,2.8,319,17,802,29.25,,0,0,0,37.0,39.3,41.6,0.22,0.22,0.29
STEP,2016-04-05 14:10:00 EDT,42.52620,-73.35906,951,27.1,27.1,17.8,35.3,3.2,,,,,9.6,14.8,2.4,344,23,11.0,16.6,2.5,341,19,9.6,14.8,2.4,344,23,795,29.24,,0,0,0,36.9,39.3,41.6,0.23,0.22,0.29
STEP,2016-04-05 14:15:00 EDT,42.52620,-73.35906,951,27.4,27.3,22.2,34.5,3.0,,,,,4.6,11.9,4.0,2,24,5.7,14.1,4.1,356,27,4.6,11.9,4.0,2,24,789,29.24,,0,0,0,37.0,39.3,41.6,0.23,0.22,0.29
STEP,2016-04-05 14:20:00 EDT,42.52620,-73.35906,951,27.5,27.6,17.5,36.0,4.0,,,,,11.2,16.3,2.5,349,18,12.3,18.3,2.7,345,17,11.2,16.3,2.5,349,18,784,29.24,,0,0,0,36.9,39.3,41.6,0.23,0.22,0.29
STEP,2016-04-05 14:25:00 EDT,42.52620,-73.35906,951,27.8,27.9,17.7,36.4,4.5,,,,,11.7,18.7,3.6,335,17,12.5,20.6,3.7,333,12,11.7,18.7,3.6,335,17,776,29.24,,0,0,0,36.9,39.3,41.6,0.23,0.22,0.29
STEP,2016-04-05 14:30:00 EDT,42.52620,-73.35906,951,27.5,27.6,18.4,36.5,4.3,,,,,9.6,13.7,1.9,342,18,10.5,14.8,2.0,341,13,9.6,13.7,1.9,342,18,769,29.24,,0,0,0,36.9,39.3,41.6,0.22,0.22,0.29
STEP,2016-04-05 14:35:00 EDT,42.52620,-73.35906,951,,,,,,,,,,,,,,,,,,,,,,,,,,,,,,,,,,,,
STEP,2016-04-05 14:40:00 EDT,42.52620,-73.35906,951,27.7,27.8,17.8,36.6,4.6,,,,,11.3,15.3,2.6,4,11,12.8,17.7,2.8,359,7,11.3,15.3,2.6,4,11,755,29.24,,0,0,0,36.9,39.3,41.6,0.22,0.22,0.29
STEP,2016-04-05 14:45:00 EDT,42.52620,-73.35906,951,28.1,28.2,19.1,35.7,4.4,,,,,9.6,16.7,3.0,349,14,10.6,18.3,3.2,345,12,9.6,16.7,3.0,349,14,749,29.24,,0,0,0,36.9,39.2,41.5,0.23,0.22,0.29
STEP,2016-04-05 14:50:00 EDT,42.52620,-73.35906,951,28.3,28.5,17.5,35.6,4.5,,,,,13.5,20.8,3.0,346,20,14.4,21.9,3.1,342,11,13.5,20.8,3.0,346,20,741,29.23,,0,0,0,36.9,39.3,41.5,0.22,0.22,0.29
STEP,2016-04-05 14:55:00 EDT,42.52620,-73.35906,951,28.4,28.6,18.8,36.3,5.0,,,,,10.9,17.9,3.3,333,12,11.8,19.2,3.5,330,11,10.9,17.9,3.3,333,12,732,29.23,,0,0,0,37.0,39.3,41.6,0.23,0.22,0.29
STEP,2016-04-05 15:00:00 EDT,42.52620,-73.35906,951,28.7,28.7,19.3,33.1,3.2,,,,,10.5,16.2,2.6,325,19,11.1,17.2,2.7,321,19,10.5,16.2,2.6,325,19,721,29.23,,0,0,0,36.9,39.2,41.6,0.23,0.22,0.29
STEP,2016-04-05 15:05:00 EDT,42.52620,-73.35906,951,28.7,28.8,19.9,34.1,3.8,,,,,9.4,16.5,2.7,330,23,10.2,16.1,2.8,329,20,9.4,16.5,2.7,330,23,713,29.24,,0,0,0,37.0,39.2,41.5,0.22,0.22,0.29
STEP,2016-04-05 15:10:00 EDT,42.52620,-73.35906,951,,,,,,,,,,,,,,,,,,,,,,,,,,,,,,,,,,,,
STEP,2016-04-05 15:15:00 EDT,42.52620,-73.35906,951,29.1,29.1,20.1,32.6,3.3,,,,,10.0,15.6,2.9,306,31,10.8,17.9,3.5,306,28,10.0,15.6,2.9,306,31,694,29.23,,0,0,0,36.9,39.3,41.5,0.22,0.22,0.29
STEP,2016-04-05 15:20:00 EDT,42.52620,-73.35906,951,29.4,29.5,20.9,31.8,3.0,,,,,9.2,14.9,2.6,296,32,10.3,17.9,3.2,289,30,9.2,14.9,2.6,296,32,683,29.23,,0,0,0,36.9,39.3,41.5,0.22,0.22,0.29
STEP,2016-04-05 15:25:00 EDT,42.52620,-73.35906,951,,,,,,,,,,,,,,,,,,,,,,,,,,,,,,,,,,,,
STEP,2016-04-05 15:30:00 EDT,42.52620,-73.35906,951,29.2,29.4,19.8,33.3,3.9,,,,,11.0,16.3,3.1,338,20,11.8,17.0,3.1,336,16,11.0,16.3,3.1,338,20,662,29.23,,0,0,0,36.9,39.3,41.5,0.23,0.22,0.29
STEP,2016-04-05 15:35:00 EDT,42.52620,-73.35906,951,29.3,29.4,20.4,34.8,4.8,,,,,10.0,15.5,3.8,323,33,10.2,16.8,3.9,317,31,10.0,15.5,3.8,323,33,650,29.23,,0,0,0,37.0,39.3,41.5,0.23,0.22,0.29
STEP,2016-04-05 15:40:00 EDT,42.52620,-73.35906,951,,,,,,,,,,,,,,,,,,,,,,,,,,,,,,,,,,,,
STEP,2016-04-05 15:45:00 EDT,42.52620,-73.35906,951,29.5,29.6,21.7,32.2,3.4,,,,,8.1,14.0,2.6,292,27,8.9,16.8,3.1,287,26,8.1,14.0,2.6,292,27,626,29.23,,0,0,0,37.0,39.3,41.5,0.23,0.22,0.29
STEP,2016-04-05 15:50:00 EDT,42.52620,-73.35906,951,29.4,29.5,22.7,33.1,3.8,,,,,6.6,12.3,2.4,309,36,7.5,12.5,2.5,307,37,6.6,12.3,2.4,309,36,614,29.23,,0,0,0,36.9,39.3,41.5,0.23,0.22,0.29
STEP,2016-04-05 15:55:00 EDT,42.52620,-73.35906,951,29.9,30.0,22.3,32.4,3.9,,,,,8.1,14.2,2.6,291,19,9.1,16.6,3.0,287,20,8.1,14.2,2.6,291,19,603,29.23,,0,0,0,36.9,39.2,41.5,0.22,0.22,0.29
STEP,2016-04-05 16:00:00 EDT,42.52620,-73.35906,951,29.7,29.8,22.7,31.4,3.0,,,,,7.1,13.9,3.0,291,22,7.6,14.8,3.0,285,21,7.1,13.9,3.0,291,22,591,29.23,,0,0,0,36.9,39.2,41.5,0.22,0.22,0.29
STEP,2016-04-05 16:05:00 EDT,42.52620,-73.35906,951,29.5,29.7,22.2,33.1,3.9,,,,,7.3,13.9,2.7,338,15,8.1,15.2,2.8,335,13,7.3,13.9,2.7,338,15,579,29.23,,0,0,0,36.9,39.2,41.5,0.22,0.22,0.29
STEP,2016-04-05 16:10:00 EDT,42.52620,-73.35906,951,29.7,29.9,20.9,32.7,3.9,,,,,9.9,17.9,4.0,324,24,10.2,18.3,4.1,322,19,9.9,17.9,4.0,324,24,567,29.23,,0,0,0,36.9,39.3,41.5,0.22,0.22,0.29
STEP,2016-04-05 16:15:00 EDT,42.52620,-73.35906,951,29.4,29.6,23.3,33.4,4.1,,,,,5.8,9.9,2.4,318,42,6.6,12.8,2.9,309,44,5.8,9.9,2.4,318,42,552,29.23,,0,0,0,36.9,39.3,41.5,0.23,0.22,0.29
STEP,2016-04-05 16:20:00 EDT,42.52620,-73.35906,951,29.9,30.0,22.5,32.9,4.2,,,,,7.6,14.8,2.6,311,37,8.7,18.1,3.2,308,38,7.6,14.8,2.6,311,37,539,29.23,,0,0,0,36.9,39.3,41.5,0.23,0.22,0.29
STEP,2016-04-05 16:25:00 EDT,42.52620,-73.35906,951,29.9,30.0,22.5,31.9,3.5,,,,,7.8,11.8,2.4,316,34,8.6,13.4,2.7,315,35,7.8,11.8,2.4,316,34,523,29.22,,0,0,0,36.9,39.3,41.5,0.23,0.22,0.29
STEP,2016-04-05 16:30:00 EDT,42.52620,-73.35906,951,,,,,,,,,,,,,,,,,,,,,,,,,,,,,,,,,,,,
STEP,2016-04-05 16:35:00 EDT,42.52620,-73.35906,951,30.1,30.3,23.2,33.0,4.4,,,,,6.9,12.4,2.7,306,28,7.7,12.5,2.8,298,30,6.9,12.4,2.7,306,28,495,29.23,,0,0,0,37.0,39.3,41.4,0.23,0.22,0.29
STEP,2016-04-05 16:40:00 EDT,42.52620,-73.35906,951,30.4,30.5,23.0,31.9,3.9,,,,,7.7,11.8,2.2,303,22,8.6,14.1,2.4,295,22,7.7,11.8,2.2,303,22,481,29.23,,0,0,0,36.9,39.2,41.5,0.22,0.22,0.29
STEP,2016-04-05 16:45:00 EDT,42.52620,-73.35906,951,30.2,30.3,23.1,31.7,3.7,,,,,7.4,11.3,2.2,276,22,8.2,13.4,2.6,270,20,7.4,11.3,2.2,276,22,465,29.23,,0,0,0,36.9,39.2,41.4,0.23,0.22,0.29
STEP,2016-04-05 16:50:00 EDT,42.52620,-73.35906,951,30.2,30.2,26.3,30.8,3.0,,,,,3.8,11.5,2.7,319,35,4.2,10.5,2.9,313,38,3.8,11.5,2.7,319,35,451,29.23,,0,0,0,36.9,39.2,41.4,0.23,0.22,0.29
STEP,2016-04-05 16:55:00 EDT,42.52620,-73.35906,951,30.4,30.6,24.6,31.2,3.4,,,,,5.6,13.8,3.5,306,37,6.4,14.3,3.3,299,35,5.6,13.8,3.5,306,37,436,29.23,,0,0,0,36.9,39.2,41.4,0.22,0.22,0.29
STEP,2016-04-05 17:00:00 EDT,42.52620,-73.35906,951,30.5,30.7,23.2,31.4,3.7,,,,,7.8,13.0,2.1,295,25,8.7,15.0,2.6,292,25,7.8,13.0,2.1,295,25,420,29.23,,0,0,0,36.9,39.2,41.5,0.23,0.22,0.29
STEP,2016-04-05 17:05:00 EDT,42.52620,-73.35906,951,30.5,30.7,22.9,30.6,3.2,,,,,8.2,14.3,2.6,290,28,8.6,16.3,2.6,288,25,8.2,14.3,2.6,290,28,404,29.23,,0,0,0,36.8,39.2,41.4,0.22,0.22,0.29
STEP,2016-04-05 17:10:00 EDT,42.52620,-73.35906,951,30.3,30.6,22.3,31.6,3.7,,,,,8.9,15.0,2.7,330,26,9.9,17.0,3.1,326,26,8.9,15.0,2.7,330,26,389,29.23,,0,0,0,36.9,39.2,41.4,0.23,0.22,0.29
STEP,2016-04-05 17:15:00 EDT,42.52620,-73.35906,951,30.6,30.8,22.5,30.8,3.4,,,,,9.1,18.4,3.0,321,13,9.5,18.8,3.0,319,12,9.1,18.4,3.0,321,13,375,29.23,,0,0,0,36.9,39.2,41.4,0.22,0.22,0.29
STEP,2016-04-05 17:20:00 EDT,42.52620,-73.35906,951,30.5,30.7,21.9,30.8,3.3,,,,,10.0,16.1,2.2,326,16,10.5,15.2,2.2,323,15,10.0,16.1,2.2,326,16,359,29.23,,0,0,0,36.9,39.2,41.4,0.23,0.22,0.29
STEP,2016-04-05 17:25:00 EDT,42.52620,-73.35906,951,30.5,30.8,22.2,31.5,3.8,,,,,9.5,13.6,1.8,326,19,10.3,17.4,2.1,323,19,9.5,13.6,1.8,326,19,342,29.23,,0,0,0,36.8,39.2,41.4,0.22,0.22,0.29
STEP,2016-04-05 17:30:00 EDT,42.52620,-73.35906,951,30.5,30.8,23.3,31.1,3.5,,,,,7.5,12.3,1.9,336,16,8.1,13.4,2.1,334,16,7.5,12.3,1.9,336,16,326,29.23,,0,0,0,36.8,39.3,41.4,0.22,0.22,0.29
STEP,2016-04-05 17:35:00 EDT,42.52620,-73.35906,951,30.6,31.0,23.6,31.8,4.1,,,,,7.4,12.9,2.1,341,17,8.0,15.4,2.3,338,14,7.4,12.9,2.1,341,17,311,29.23,,0,0,0,36.8,39.2,41.4,0.22,0.22,0.29
STEP,2016-04-05 17:40:00 EDT,42.52620,-73.35906,951,31.1,31.3,25.0,30.8,3.8,,,,,6.3,12.0,1.8,278,26,7.0,14.5,2.1,274,25,6.3,12.0,1.8,278,26,295,29.23,,0,0,0,36.9,39.2,41.4,0.23,0.22,0.29
STEP,2016-04-05 17:45:00 EDT,42.52620,-73.35906,951,31.1,31.4,23.6,30.7,3.7,,,,,8.2,17.5,3.3,318,19,9.0,18.1,3.4,313,19,8.2,17.5,3.3,318,19,279,29.23,,0,0,0,36.8,39.2,41.4,0.22,0.22,0.29
STEP,2016-04-05 17:50:00 EDT,42.52620,-73.35906,951,30.9,31.2,23.7,30.3,3.3,,,,,7.7,12.6,2.8,320,18,8.3,13.4,2.9,317,18,7.7,12.6,2.8,320,18,263,29.23,,0,0,0,36.9,39.2,41.4,0.23,0.22,0.29
STEP,2016-04-05 17:55:00 EDT,42.52620,-73.35906,951,31.0,31.3,23.8,30.2,3.3,,,,,7.9,13.2,2.1,308,21,8.5,14.8,2.3,303,20,7.9,13.2,2.1,308,21,247,29.23,,0,0,0,36.8,39.2,41.4,0.22,0.22,0.29
STEP,2016-04-05 18:00:00 EDT,42.52620,-73.35906,951,31.1,31.3,23.1,29.9,3.1,,,,,9.0,18.0,3.4,333,16,9.7,18.6,3.6,330,15,9.0,18.0,3.4,333,16,231,29.23,,0,0,0,36.8,39.2,41.4,0.22,0.22,0.29
STEP,2016-04-05 18:05:00 EDT,42.52620,-73.35906,951,30.7,31.1,22.0,31.8,4.1,,,,,10.0,18.2,3.9,328,17,10.6,19.2,4.1,325,16,10.0,18.2,3.9,328,17,215,29.23,,0,0,0,36.8,39.2,41.4,0.23,0.22,0.29
STEP,2016-04-05 18:10:00 EDT,42.52620,-73.35906,951,30.9,31.1,24.2,30.7,3.5,,,,,6.9,15.1,3.1,307,27,7.8,15.7,3.3,304,27,6.9,15.1,3.1,307,27,199,29.23,,0,0,0,36.8,39.2,41.4,0.23,0.22,0.29
STEP,2016-04-05 18:15:00 EDT,42.52620,-73.35906,951,30.9,31.2,24.8,30.6,3.4,,,,,6.1,11.5,2.0,301,30,6.7,11.6,2.1,297,31,6.1,11.5,2.0,301,30,184,29.23,,0,0,0,36.9,39.2,41.4,0.22,0.22,0.29
STEP,2016-04-05 18:20:00 EDT,42.52620,-73.35906,951,30.7,31.1,22.6,30.8,3.5,,,,,9.1,12.7,1.8,337,13,9.8,15.2,2.2,334,13,9.1,12.7,1.8,337,13,168,29.23,,0,0,0,36.9,39.2,41.4,0.23,0.22,0.29
STEP,2016-04-05 18:25:00 EDT,42.52620,-73.35906,951,30.3,30.8,23.1,31.7,3.7,,,,,7.5,12.2,1.8,333,13,8.0,12.8,1.9,330,12,7.5,12.2,1.8,333,13,153,29.23,,0,0,0,36.8,39.2,41.4,0.22,0.22,0.29
STEP,2016-04-05 18:30:00 EDT,42.52620,-73.35906,951,30.5,30.9,24.0,30.5,3.0,,,,,6.5,11.0,1.9,318,14,7.2,12.1,2.2,317,15,6.5,11.0,1.9,318,14,139,29.23,,0,0,0,36.7,39.2,41.4,0.22,0.22,0.29
STEP,2016-04-05 18:35:00 EDT,42.52620,-73.35906,951,30.5,30.9,23.0,30.6,3.1,,,,,8.0,13.5,2.5,323,14,8.7,14.5,2.6,321,13,8.0,13.5,2.5,323,14,125,29.23,,0,0,0,36.8,39.2,41.4,0.23,0.22,0.29
STEP,2016-04-05 18:40:00 EDT,42.52620,-73.35906,951,30.2,30.8,24.7,30.9,3.1,,,,,5.2,7.9,1.3,322,16,5.7,8.3,1.4,320,14,5.2,7.9,1.3,322,16,111,29.23,,0,0,0,36.7,39.2,41.4,0.23,0.22,0.29
STEP,2016-04-05 18:45:00 EDT,42.52620,-73.35906,951,30.3,30.7,24.3,31.0,3.2,,,,,5.9,9.9,2.0,325,17,6.3,11.4,2.1,324,16,5.9,9.9,2.0,325,17,94,29.23,,0,0,0,36.7,39.2,41.4,0.23,0.22,0.29
STEP,2016-04-05 18:50:00 EDT,42.52620,-73.35906,951,29.9,30.5,23.4,30.9,2.8,,,,,6.3,10.0,2.1,322,20,6.8,11.2,2.3,318,20,6.3,10.0,2.1,322,20,76,29.23,,0,0,0,36.8,39.2,41.4,0.22,0.22,0.29
STEP,2016-04-05 18:55:00 EDT,42.52620,-73.35906,951,29.9,30.3,29.9,31.5,3.3,,,,,1.9,4.7,1.2,294,43,2.4,6.3,1.2,293,46,1.9,4.7,1.2,294,43,41,29.23,,0,0,0,36.7,39.2,41.4,0.23,0.22,0.29
STEP,2016-04-05 19:00:00 EDT,42.52620,-73.35906,951,30.0,30.3,24.1,30.5,2.6,,,,,5.7,11.3,2.6,300,18,6.0,12.5,2.7,297,18,5.7,11.3,2.6,300,18,18,29.24,,0,0,0,36.7,39.1,41.4,0.23,0.22,0.29
STEP,2016-04-05 19:05:00 EDT,42.52620,-73.35906,951,29.9,30.1,23.2,30.0,2.2,,,,,6.8,10.6,1.8,295,25,7.4,10.7,2.0,290,25,6.8,10.6,1.8,295,25,15,29.24,,0,0,0,36.7,39.2,41.4,0.23,0.22,0.29
STEP,2016-04-05 19:10:00 EDT,42.52620,-73.35906,951,29.6,29.8,21.7,30.2,2.1,,,,,8.3,13.7,2.4,285,23,9.1,15.4,2.8,278,20,8.3,13.7,2.4,285,23,13,29.24,,0,0,0,36.8,39.1,41.4,0.23,0.22,0.29
STEP,2016-04-05 19:15:00 EDT,42.52620,-73.35906,951,29.4,29.6,22.5,29.9,1.7,,,,,6.9,11.6,2.3,287,19,7.8,13.6,2.7,283,18,6.9,11.6,2.3,287,19,10,29.24,,0,0,0,36.7,39.1,41.4,0.23,0.22,0.29
STEP,2016-04-05 19:20:00 EDT,42.52620,-73.35906,951,29.3,29.5,23.9,29.6,1.4,,,,,5.0,9.1,1.8,280,22,5.7,10.1,1.9,275,20,5.0,9.1,1.8,280,22,8,29.24,,0,0,0,36.7,39.2,41.4,0.23,0.22,0.29
STEP,2016-04-05 19:25:00 EDT,42.52620,-73.35906,951,29.0,29.3,29.0,30.1,1.5,,,,,2.9,5.3,0.9,280,24,3.4,6.3,1.0,278,26,2.9,5.3,0.9,280,24,6,29.24,,0,0,0,36.7,39.1,41.4,0.23,0.22,0.29
STEP,2016-04-05 19:30:00 EDT,42.52620,-73.35906,951,29.1,29.2,29.1,29.8,1.3,,,,,2.8,7.8,1.6,267,32,3.3,7.8,1.7,263,31,2.8,7.8,1.6,267,32,4,29.23,,0,0,0,36.6,39.2,41.4,0.23,0.22,0.29
STEP,2016-04-05 19:35:00 EDT,42.52620,-73.35906,951,28.9,29.0,24.9,30.0,1.3,,,,,3.6,8.0,1.3,281,19,4.0,7.6,1.4,275,18,3.6,8.0,1.3,281,19,2,29.23,,0,0,0,36.7,39.1,41.4,0.22,0.22,0.29
STEP,2016-04-05 19:40:00 EDT,42.52620,-73.35906,951,28.5,28.7,28.5,30.6,1.3,,,,,2.7,6.1,1.3,281,24,3.3,7.4,1.5,277,20,2.7,6.1,1.3,281,24,1,29.23,,0,0,0,36.6,39.1,41.3,0.22,0.22,0.29
STEP,2016-04-05 19:45:00 EDT,42.52620,-73.35906,951,28.3,28.8,24.7,31.4,1.8,,,,,3.3,8.4,1.2,297,22,3.6,10.7,1.6,294,21,3.3,8.4,1.2,297,22,0,29.24,,0,0,0,36.6,39.1,41.4,0.23,0.22,0.29
STEP,2016-04-05 19:50:00 EDT,42.52620,-73.35906,951,28.4,28.7,24.9,30.8,1.5,,,,,3.3,9.6,1.4,285,22,3.7,12.8,1.6,280,19,3.3,9.6,1.4,285,22,0,29.24,,0,0,0,36.6,39.1,41.4,0.23,0.22,0.29
STEP,2016-04-05 19:55:00 EDT,42.52620,-73.35906,951,28.3,28.7,22.0,30.3,1.0,,,,,5.9,10.7,2.7,294,22,6.6,12.8,3.0,290,22,5.9,10.7,2.7,294,22,0,29.24,,0,0,0,36.7,39.2,41.3,0.22,0.22,0.29
STEP,2016-04-05 20:00:00 EDT,42.52620,-73.35906,951,28.1,28.5,23.0,30.2,0.8,,,,,4.6,11.1,2.5,284,22,5.3,13.6,2.9,279,23,4.6,11.1,2.5,284,22,0,29.24,,0,0,0,36.6,39.1,41.3,0.23,0.22,0.29
STEP,2016-04-05 20:05:00 EDT,42.52620,-73.35906,951,28.1,28.5,23.0,30.0,0.6,,,,,4.5,8.5,1.7,301,19,5.1,9.2,1.8,296,17,4.5,8.5,1.7,301,19,0,29.24,,0,0,0,36.6,39.1,41.4,0.23,0.22,0.29
STEP,2016-04-05 20:10:00 EDT,42.52620,-73.35906,951,27.8,28.3,23.1,30.5,0.7,,,,,4.1,7.7,1.6,283,24,4.7,9.4,1.8,280,23,4.1,7.7,1.6,283,24,0,29.24,,0,0,0,36.5,39.1,41.3,0.23,0.22,0.29
STEP,2016-04-05 20:15:00 EDT,42.52620,-73.35906,951,27.9,28.2,24.3,30.7,0.9,,,,,3.2,5.9,1.2,272,19,3.8,7.2,1.3,269,18,3.2,5.9,1.2,272,19,0,29.25,,0,0,0,36.6,39.1,41.3,0.23,0.22,0.29
STEP,2016-04-05 20:20:00 EDT,42.52620,-73.35906,951,27.6,28.0,23.4,31.9,1.5,,,,,3.7,6.4,1.4,264,27,4.0,7.2,1.5,260,26,3.7,6.4,1.4,264,27,0,29.25,,0,0,0,36.5,39.1,41.4,0.23,0.22,0.29
STEP,2016-04-05 20:25:00 EDT,42.52620,-73.35906,951,27.5,27.7,24.0,32.6,1.9,,,,,3.2,5.0,0.8,252,20,3.6,6.0,1.0,247,22,3.2,5.0,0.8,252,20,0,29.25,,0,0,0,36.5,39.1,41.3,0.23,0.22,0.29
STEP,2016-04-05 20:30:00 EDT,42.52620,-73.35906,951,27.2,27.5,23.5,33.9,2.5,,,,,3.3,6.5,1.3,246,24,3.7,8.1,1.5,241,24,3.3,6.5,1.3,246,24,0,29.25,,0,0,0,36.5,39.1,41.3,0.23,0.22,0.29
STEP,2016-04-05 20:35:00 EDT,42.52620,-73.35906,951,27.4,27.5,22.2,34.1,2.7,,,,,4.5,8.8,1.7,262,21,5.1,10.3,1.9,257,21,4.5,8.8,1.7,262,21,0,29.26,,0,0,0,36.5,39.1,41.3,0.23,0.22,0.29
STEP,2016-04-05 20:40:00 EDT,42.52620,-73.35906,951,26.9,27.2,23.2,34.9,2.8,,,,,3.2,6.8,1.0,268,22,3.7,8.5,1.2,265,20,3.2,6.8,1.0,268,22,0,29.26,,0,0,0,36.5,39.1,41.3,0.23,0.22,0.29
STEP,2016-04-05 20:45:00 EDT,42.52620,-73.35906,951,26.8,27.0,26.8,35.6,3.1,,,,,1.8,3.5,0.9,267,35,2.3,4.9,1.0,260,38,1.8,3.5,0.9,267,35,0,29.26,,0,0,0,36.4,39.1,41.3,0.23,0.22,0.29
STEP,2016-04-05 20:50:00 EDT,42.52620,-73.35906,951,26.9,27.0,26.9,35.8,3.3,,,,,2.7,7.2,1.6,277,30,3.3,8.9,1.8,274,32,2.7,7.2,1.6,277,30,0,29.26,,0,0,0,36.4,39.1,41.3,0.23,0.22,0.29
STEP,2016-04-05 20:55:00 EDT,42.52620,-73.35906,951,26.4,26.8,22.7,36.6,3.4,,,,,3.2,9.1,2.2,271,24,4.0,9.8,2.3,269,26,3.2,9.1,2.2,271,24,0,29.27,,0,0,0,36.4,39.1,41.3,0.23,0.22,0.29
STEP,2016-04-05 21:00:00 EDT,42.52620,-73.35906,951,26.5,26.7,21.6,36.3,3.3,,,,,4.1,7.7,1.6,309,25,4.8,8.3,1.8,303,26,4.1,7.7,1.6,309,25,0,29.27,,0,0,0,36.5,39.1,41.3,0.23,0.22,0.29
STEP,2016-04-05 21:05:00 EDT,42.52620,-73.35906,951,26.6,26.7,21.2,36.5,3.5,,,,,4.5,8.6,2.0,286,21,5.1,11.0,2.2,283,22,4.5,8.6,2.0,286,21,0,29.27,,0,0,0,36.4,39.1,41.3,0.23,0.22,0.29
STEP,2016-04-05 21:10:00 EDT,42.52620,-73.35906,951,26.4,26.6,22.0,36.7,3.5,,,,,3.8,7.1,1.5,300,27,4.4,9.2,1.7,297,27,3.8,7.1,1.5,300,27,0,29.27,,0,0,0,36.4,39.1,41.3,0.23,0.22,0.29
STEP,2016-04-05 21:15:00 EDT,42.52620,-73.35906,951,26.3,26.5,19.6,37.0,3.5,,,,,5.8,10.5,1.9,311,22,6.4,12.5,2.1,308,22,5.8,10.5,1.9,311,22,0,29.27,,0,0,0,36.4,39.1,41.3,0.23,0.22,0.29
STEP,2016-04-05 21:20:00 EDT,42.52620,-73.35906,951,26.1,26.4,19.6,37.3,3.6,,,,,5.6,10.4,1.9,310,20,6.3,13.4,2.2,307,21,5.6,10.4,1.9,310,20,0,29.27,,0,0,0,36.4,39.1,41.3,0.23,0.22,0.29
STEP,2016-04-05 21:25:00 EDT,42.52620,-73.35906,951,25.9,26.2,19.5,38.0,3.7,,,,,5.4,9.3,2.0,311,23,6.1,9.8,2.1,306,22,5.4,9.3,2.0,311,23,0,29.27,,0,0,0,36.5,39.1,41.3,0.23,0.22,0.29
STEP,2016-04-05 21:30:00 EDT,42.52620,-73.35906,951,25.8,26.2,21.7,38.2,3.8,,,,,3.4,6.3,1.3,291,27,4.0,6.9,1.4,287,29,3.4,6.3,1.3,291,27,0,29.27,,0,0,0,36.4,39.1,41.3,0.23,0.22,0.29
STEP,2016-04-05 21:35:00 EDT,42.52620,-73.35906,951,25.7,25.9,25.7,38.5,3.9,,,,,2.0,5.5,1.0,280,24,2.5,6.5,1.1,275,23,2.0,5.5,1.0,280,24,0,29.27,,0,0,0,36.4,39.1,41.3,0.23,0.22,0.29
STEP,2016-04-05 21:40:00 EDT,42.52620,-73.35906,951,25.4,25.7,25.4,38.9,3.8,,,,,2.1,3.9,0.8,280,29,2.7,5.1,0.9,278,31,2.1,3.9,0.8,280,29,0,29.27,,0,0,0,36.4,39.1,41.3,0.23,0.22,0.29
STEP,2016-04-05 21:45:00 EDT,42.52620,-73.35906,951,25.6,25.7,25.6,38.9,4.0,,,,,2.3,5.3,1.5,297,23,2.8,6.3,1.5,297,26,2.3,5.3,1.5,297,23,0,29.27,,0,0,0,36.4,39.1,41.2,0.23,0.22,0.29
STEP,2016-04-05 21:50:00 EDT,42.52620,-73.35906,951,25.3,25.6,25.3,39.0,3.8,,,,,1.8,3.9,1.1,314,31,2.2,5.4,1.2,314,33,1.8,3.9,1.1,314,31,0,29.27,,0,0,0,36.4,39.1,41.3,0.23,0.22,0.29
STEP,2016-04-05 21:55:00 EDT,42.52620,-73.35906,951,24.5,25.3,24.5,40.3,3.8,,,,,0.8,4.8,1.2,316,25,1.4,5.4,1.2,310,42,0.8,4.8,1.2,316,25,0,29.27,,0,0,0,36.4,39.1,41.2,0.23,0.22,0.29
STEP,2016-04-05 22:00:00 EDT,42.52620,-73.35906,951,25.1,25.3,25.1,40.3,4.3,,,,,2.7,7.1,1.5,312,27,3.2,6.7,1.4,309,26,2.7,7.1,1.5,312,27,0,29.27,,0,0,0,36.4,39.1,41.2,0.23,0.22,0.29
STEP,2016-04-05 22:05:00 EDT,42.52620,-73.35906,951,24.3,25.0,24.3,40.7,3.7,,,,,2.8,6.4,1.0,333,24,3.2,7.4,1.0,332,25,2.8,6.4,1.0,333,24,0,29.27,,0,0,0,36.4,39.1,41.2,0.23,0.22,0.29
STEP,2016-04-05 22:10:00 EDT,42.52620,-73.35906,951,24.1,25.0,20.0,42.0,4.3,,,,,3.3,6.8,1.3,346,18,3.8,7.4,1.5,345,17,3.3,6.8,1.3,346,18,0,29.28,,0,0,0,36.4,39.1,41.2,0.22,0.22,0.29
STEP,2016-04-05 22:15:00 EDT,42.52620,-73.35906,951,23.8,24.7,23.8,43.5,4.8,,,,,1.7,4.2,1.0,320,41,2.3,4.9,1.0,316,42,1.7,4.2,1.0,320,41,0,29.28,,0,0,0,36.4,39.1,41.2,0.23,0.22,0.29
STEP,2016-04-05 22:20:00 EDT,42.52620,-73.35906,951,23.7,24.6,23.7,43.2,4.6,,,,,0.4,2.0,0.6,152,48,1.0,3.6,0.6,183,72,0.4,2.0,0.6,152,48,0,29.28,,0,0,0,36.4,39.1,41.2,0.22,0.22,0.29
STEP,2016-04-05 22:25:00 EDT,42.52620,-73.35906,951,22.6,23.9,22.6,46.8,5.3,,,,,1.2,2.8,0.8,123,23,1.7,3.6,0.7,115,35,1.2,2.8,0.8,123,23,0,29.28,,0,0,0,36.3,39.0,41.2,0.22,0.22,0.29
STEP,2016-04-05 22:30:00 EDT,42.52620,-73.35906,951,23.6,24.5,23.6,45.2,5.4,,,,,0.5,1.6,0.5,100,64,1.0,2.0,0.4,91,74,0.5,1.6,0.5,100,64,0,29.28,,0,0,0,36.3,39.1,41.2,0.23,0.22,0.29
STEP,2016-04-05 22:35:00 EDT,42.52620,-73.35906,951,23.1,24.5,23.1,46.3,5.5,,,,,1.4,3.1,0.7,354,25,2.1,4.3,0.8,352,21,1.4,3.1,0.7,354,25,0,29.28,,0,0,0,36.4,39.0,41.2,0.23,0.22,0.29
STEP,2016-04-05 22:40:00 EDT,42.52620,-73.35906,951,21.7,23.1,21.7,46.0,4.1,,,,,0.6,2.5,0.6,344,20,1.2,3.4,0.7,346,30,0.6,2.5,0.6,344,20,0,29.29,,0,0,0,36.3,39.1,41.2,0.23,0.22,0.29
STEP,2016-04-05 22:45:00 EDT,42.52620,-73.35906,951,21.8,23.4,21.8,49.0,5.5,,,,,0.2,1.8,0.5,192,15,0.8,3.6,0.7,201,59,0.2,1.8,0.5,192,15,0,29.29,,0,0,0,36.4,39.1,41.2,0.23,0.22,0.29
STEP,2016-04-05 22:50:00 EDT,42.52620,-73.35906,951,21.4,23.0,21.4,52.4,6.7,,,,,0.8,2.1,0.5,148,62,1.5,3.1,0.6,165,70,0.8,2.1,0.5,148,62,0,29.29,,0,0,0,36.3,39.0,41.2,0.23,0.22,0.29
STEP,2016-04-05 22:55:00 EDT,42.52620,-73.35906,951,23.2,23.7,23.2,48.1,6.4,,,,,2.1,6.2,1.4,231,40,2.8,8.1,1.4,229,41,2.1,6.2,1.4,231,40,0,29.29,,0,0,0,36.3,39.1,41.2,0.22,0.22,0.29
STEP,2016-04-05 23:00:00 EDT,42.52620,-73.35906,951,23.0,23.6,23.0,44.5,4.5,,,,,1.0,3.4,0.8,265,38,1.5,4.3,0.9,256,48,1.0,3.4,0.8,265,38,0,29.29,,0,0,0,36.3,39.0,41.2,0.23,0.22,0.29
STEP,2016-04-05 23:05:00 EDT,42.52620,-73.35906,951,23.0,23.7,18.5,45.1,4.8,,,,,3.4,6.9,1.3,241,23,3.9,6.7,1.3,236,25,3.4,6.9,1.3,241,23,0,29.29,,0,0,0,36.2,39.0,41.2,0.23,0.22,0.29
STEP,2016-04-05 23:10:00 EDT,42.52620,-73.35906,951,22.5,23.3,22.5,47.4,5.4,,,,,2.9,5.8,1.1,252,34,3.5,6.5,1.2,245,36,2.9,5.8,1.1,252,34,0,29.29,,0,0,0,36.2,39.0,41.2,0.22,0.22,0.29
STEP,2016-04-05 23:15:00 EDT,42.52620,-73.35906,951,21.5,22.9,21.5,49.4,5.4,,,,,1.1,3.2,0.9,157,37,1.6,4.7,0.8,158,45,1.1,3.2,0.9,157,37,0,29.29,,0,0,0,36.3,39.1,41.2,0.22,0.22,0.29
STEP,2016-04-05 23:20:00 EDT,42.52620,-73.35906,951,21.1,22.7,21.1,55.9,7.8,,,,,1.8,2.9,0.9,177,24,2.3,3.6,0.7,169,24,1.8,2.9,0.9,177,24,0,29.29,,0,0,0,36.2,39.0,41.2,0.23,0.22,0.29
STEP,2016-04-05 23:25:00 EDT,42.52620,-73.35906,951,22.8,23.3,22.8,47.4,5.7,,,,,1.3,3.9,1.1,207,38,1.8,4.7,1.0,206,51,1.3,3.9,1.1,207,38,0,29.29,,0,0,0,36.2,39.0,41.2,0.23,0.22,0.29
STEP,2016-04-05 23:30:00 EDT,42.52620,-73.35906,951,22.5,23.2,22.5,46.2,4.9,,,,,0.9,2.2,0.6,148,48,1.3,2.9,0.6,138,50,0.9,2.2,0.6,148,48,0,29.29,,0,0,0,36.2,39.1,41.2,0.22,0.22,0.29
STEP,2016-04-05 23:35:00 EDT,42.52620,-73.35906,951,20.1,22.5,20.1,51.7,5.1,,,,,2.6,3.3,0.4,148,12,2.9,3.8,0.4,138,10,2.6,3.3,0.4,148,12,0,29.29,,0,0,0,36.2,38.9,41.2,0.22,0.22,0.29
STEP,2016-04-05 23:40:00 EDT,42.52620,-73.35906,951,18.9,21.5,18.9,58.0,6.6,,,,,1.9,2.4,0.3,160,14,2.2,2.9,0.4,150,16,1.9,2.4,0.3,160,14,0,29.29,,0,0,0,36.2,39.0,41.2,0.23,0.22,0.29
STEP,2016-04-05 23:45:00 EDT,42.52620,-73.35906,951,19.0,20.7,19.0,61.6,8.0,,,,,1.6,3.1,0.4,136,13,1.8,3.4,0.4,129,10,1.6,3.1,0.4,136,13,0,29.30,,0,0,0,36.2,38.9,41.2,0.23,0.22,0.29
STEP,2016-04-05 23:50:00 EDT,42.52620,-73.35906,951,18.8,21.1,18.8,62.8,8.2,,,,,2.7,3.1,0.2,143,7,2.9,3.6,0.3,133,4,2.7,3.1,0.2,143,7,0,29.30,,0,0,0,36.2,39.0,41.1,0.23,0.22,0.29
STEP,2016-04-05 23:55:00 EDT,42.52620,-73.35906,951,17.6,20.7,17.6,63.2,7.2,,,,,2.1,2.9,0.5,151,8,2.3,3.4,0.6,141,9,2.1,2.9,0.5,151,8,0,29.29,,0,0,0,36.1,38.9,41.2,0.23,0.22,0.29
TICO,2016-04-05 00:00:00 EDT,43.87469,-73.41879,274,18.6,20.2,10.9,46.9,1.7,0.000,,0.00,0.000,5.5,8.3,1.0,354,15,,,,,,5.5,8.3,1.0,354,15,0,29.87,,,,,,,,,,
TICO,2016-04-05 00:05:00 EDT,43.87469,-73.41879,274,18.4,20.0,10.6,47.5,1.7,0.000,0.000,0.00,0.000,5.4,8.0,0.8,354,9,,,,,,5.4,8.0,0.8,354,9,0,29.87,,,,,,,,,,
TICO,2016-04-05 00:10:00 EDT,43.87469,-73.41879,274,18.9,20.5,10.9,47.4,2.1,0.000,0.000,0.00,0.000,5.7,7.7,0.8,354,11,,,,,,5.7,7.7,0.8,354,11,0,29.87,,,,,,,,,,
TICO,2016-04-05 00:15:00 EDT,43.87469,-73.41879,274,18.5,20.4,11.6,46.4,1.3,0.000,0.000,0.00,0.000,4.8,6.8,0.7,359,9,,,,,,4.8,6.8,0.7,359,9,0,29.87,,,,,,,,,,
TICO,2016-04-05 00:20:00 EDT,43.87469,-73.41879,274,18.5,20.1,12.3,46.8,1.5,0.000,0.000,0.00,0.000,4.2,5.8,0.6,358,8,,,,,,4.2,5.8,0.6,358,8,0,29.87,,,,,,,,,,
TICO,2016-04-05 00:25:00 EDT,43.87469,-73.41879,274,19.1,20.4,12.9,46.2,1.8,0.000,0.000,0.00,0.000,4.2,6.3,0.8,353,7,,,,,,4.2,6.3,0.8,353,7,0,29.87,,,,,,,,,,
TICO,2016-04-05 00:30:00 EDT,43.87469,-73.41879,274,19.0,20.2,14.5,45.7,1.5,0.000,0.000,0.00,0.000,3.1,5.1,0.8,347,10,,,,,,3.1,5.1,0.8,347,10,0,29.87,,,,,,,,,,
TICO,2016-04-05 00:35:00 EDT,43.87469,-73.41879,274,18.6,20.0,18.6,46.1,1.3,0.000,0.000,0.00,0.000,1.9,3.1,0.5,346,10,,,,,,1.9,3.1,0.5,346,10,0,29.87,,,,,,,,,,
TICO,2016-04-05 00:40:00 EDT,43.87469,-73.41879,274,18.4,19.8,18.4,47.2,1.6,0.000,0.000,0.00,0.000,1.1,2.9,0.7,350,23,,,,,,1.1,2.9,0.7,350,23,0,29.87,,,,,,,,,,
TICO,2016-04-05 00:45:00 EDT,43.87469,-73.41879,274,17.4,19.7,17.4,48.2,1.1,0.000,0.000,0.00,0.000,2.4,3.8,0.6,68,32,,,,,,2.4,3.8,0.6,68,32,0,29.88,,,,,,,,,,
TICO,2016-04-05 00:50:00 EDT,43.87469,-73.41879,274,17.6,19.8,17.6,48.6,1.4,0.000,0.000,0.00,0.000,2.7,3.6,0.5,77,12,,,,,,2.7,3.6,0.5,77,12,0,29.88,,,,,,,,,,
TICO,2016-04-05 00:55:00 EDT,43.87469,-73.41879,274,17.8,20.1,17.8,48.2,1.5,0.000,0.000,0.00,0.000,2.0,3.2,0.4,30,17,,,,,,2.0,3.2,0.4,30,17,0,29.88,,,,,,,,,,
TICO,2016-04-05 01:00:00 EDT,43.87469,-73.41879,274,17.6,20.0,17.6,47.7,1.1,0.000,0.000,0.00,0.000,2.6,3.5,0.6,14,11,,,,,,2.6,3.5,0.6,14,11,0,29.88,,,,,,,,,,
TICO,2016-04-05 01:05:00 EDT,43.87469,-73.41879,274,17.8,19.8,17.8,48.4,1.6,0.000,0.000,0.00,0.000,2.3,3.6,0.7,356,11,,,,,,2.3,3.6,0.7,356,11,0,29.88,,,,,,,,,,
TICO,2016-04-05 01:10:00 EDT,43.87469,-73.41879,274,18.4,19.4,18.4,48.2,2.0,0.000,0.000,0.00,0.000,2.3,3.1,0.4,6,13,,,,,,2.3,3.1,0.4,6,13,0,29.88,,,,,,,,,,
TICO,2016-04-05 01:15:00 EDT,43.87469,-73.41879,274,18.5,19.9,13.3,47.4,1.8,0.000,0.000,0.00,0.000,3.5,4.6,0.6,346,10,,,,,,3.5,4.6,0.6,346,10,0,29.88,,,,,,,,,,
TICO,2016-04-05 01:20:00 EDT,43.87469,-73.41879,274,18.3,19.8,12.6,47.6,1.7,0.000,0.000,0.00,0.000,3.8,5.5,0.7,344,7,,,,,,3.8,5.5,0.7,344,7,0,29.88,,,,,,,,,,
TICO,2016-04-05 01:25:00 EDT,43.87469,-73.41879,274,18.3,19.8,11.2,46.4,1.1,0.000,0.000,0.00,0.000,4.8,6.5,0.6,347,12,,,,,,4.8,6.5,0.6,347,12,0,29.88,,,,,,,,,,
TICO,2016-04-05 01:30:00 EDT,43.87469,-73.41879,274,17.5,19.2,10.4,47.6,0.9,0.000,0.000,0.00,0.000,4.7,6.3,0.6,3,6,,,,,,4.7,6.3,0.6,3,6,0,29.88,,,,,,,,,,
TICO,2016-04-05 01:35:00 EDT,43.87469,-73.41879,274,17.9,19.9,8.9,47.7,1.3,0.000,0.000,0.00,0.000,6.5,8.0,0.8,7,5,,,,,,6.5,8.0,0.8,7,5,0,29.88,,,,,,,,,,
TICO,2016-04-05 01:40:00 EDT,43.87469,-73.41879,274,18.4,20.1,9.9,47.4,1.7,0.000,0.000,0.00,0.000,6.2,7.4,0.5,9,4,,,,,,6.2,7.4,0.5,9,4,0,29.88,,,,,,,,,,
TICO,2016-04-05 01:45:00 EDT,43.87469,-73.41879,274,17.8,19.7,9.9,47.4,1.1,0.000,0.000,0.00,0.000,5.5,6.9,0.6,4,8,,,,,,5.5,6.9,0.6,4,8,0,29.88,,,,,,,,,,
TICO,2016-04-05 01:50:00 EDT,43.87469,-73.41879,274,17.1,19.1,9.7,49.2,1.3,0.000,0.000,0.00,0.000,4.9,6.2,0.4,353,5,,,,,,4.9,6.2,0.4,353,5,0,29.89,,,,,,,,,,
TICO,2016-04-05 01:55:00 EDT,43.87469,-73.41879,274,16.9,18.8,10.1,50.1,1.5,0.000,0.000,0.00,0.000,4.5,5.3,0.6,342,5,,,,,,4.5,5.3,0.6,342,5,0,29.89,,,,,,,,,,
TICO,2016-04-05 02:00:00 EDT,43.87469,-73.41879,274,17.1,18.5,11.3,49.5,1.5,0.000,0.000,0.00,0.000,3.7,4.6,0.4,337,7,,,,,,3.7,4.6,0.4,337,7,0,29.89,,,,,,,,,,
TICO,2016-04-05 02:05:00 EDT,43.87469,-73.41879,274,16.9,18.3,11.3,50.0,1.4,0.000,0.000,0.00,0.000,3.5,5.0,0.4,333,5,,,,,,3.5,5.0,0.4,333,5,0,29.89,,,,,,,,,,
TICO,2016-04-05 02:10:00 EDT,43.87469,-73.41879,274,15.7,18.3,15.7,51.5,1.0,0.000,0.000,0.00,0.000,2.7,3.7,0.3,344,7,,,,,,2.7,3.7,0.3,344,7,0,29.89,,,,,,,,,,
TICO,2016-04-05 02:15:00 EDT,43.87469,-73.41879,274,16.1,18.4,16.1,52.8,1.9,0.000,0.000,0.00,0.000,2.5,3.2,0.3,342,9,,,,,,2.5,3.2,0.3,342,9,0,29.89,,,,,,,,,,
TICO,2016-04-05 02:20:00 EDT,43.87469,-73.41879,274,15.2,17.9,15.2,52.9,1.0,0.000,0.000,0.00,0.000,1.9,3.4,0.5,307,23,,,,,,1.9,3.4,0.5,307,23,0,29.89,,,,,,,,,,
TICO,2016-04-05 02:25:00 EDT,43.87469,-73.41879,274,15.5,18.1,15.5,53.0,1.4,0.000,0.000,0.00,0.000,3.0,3.8,0.3,302,13,,,,,,3.0,3.8,0.3,302,13,0,29.89,,,,,,,,,,
TICO,2016-04-05 02:30:00 EDT,43.87469,-73.41879,274,16.8,18.5,11.4,52.2,2.3,0.000,0.000,0.00,0.000,3.4,4.2,0.3,318,5,,,,,,3.4,4.2,0.3,318,5,0,29.89,,,,,,,,,,
TICO,2016-04-05 02:35:00 EDT,43.87469,-73.41879,274,16.8,18.6,10.4,52.5,2.4,0.000,0.000,0.00,0.000,4.1,5.1,0.4,328,5,,,,,,4.1,5.1,0.4,328,5,0,29.89,,,,,,,,,,
TICO,2016-04-05 02:40:00 EDT,43.87469,-73.41879,274,17.1,18.6,10.2,51.2,2.1,0.000,0.000,0.00,0.000,4.5,5.3,0.3,341,7,,,,,,4.5,5.3,0.3,341,7,0,29.89,,,,,,,,,,
TICO,2016-04-05 02:45:00 EDT,43.87469,-73.41879,274,17.2,18.4,10.7,50.3,1.8,0.000,0.000,0.00,0.000,4.2,5.3,0.4,344,4,,,,,,4.2,5.3,0.4,344,4,0,29.89,,,,,,,,,,
TICO,2016-04-05 02:50:00 EDT,43.87469,-73.41879,274,16.9,18.1,10.2,50.5,1.7,0.000,0.000,0.00,0.000,4.3,5.6,0.4,347,4,,,,,,4.3,5.6,0.4,347,4,0,29.89,,,,,,,,,,
TICO,2016-04-05 02:55:00 EDT,43.87469,-73.41879,274,16.7,18.0,10.5,50.9,1.6,0.000,0.000,0.00,0.000,3.9,5.0,0.4,341,5,,,,,,3.9,5.0,0.4,341,5,0,29.90,,,,,,,,,,
TICO,2016-04-05 03:00:00 EDT,43.87469,-73.41879,274,16.0,17.6,16.0,51.5,1.3,0.000,0.000,0.00,0.000,2.5,3.5,0.5,333,6,,,,,,2.5,3.5,0.5,333,6,0,29.90,,,,,,,,,,
TICO,2016-04-05 03:05:00 EDT,43.87469,-73.41879,274,14.4,17.3,14.4,53.8,0.6,0.000,0.000,0.00,0.000,1.9,2.3,0.2,324,6,,,,,,1.9,2.3,0.2,324,6,0,29.90,,,,,,,,,,
TICO,2016-04-05 03:10:00 EDT,43.87469,-73.41879,274,12.8,17.0,12.8,58.9,1.1,0.000,0.000,0.00,0.000,2.0,2.7,0.2,305,13,,,,,,2.0,2.7,0.2,305,13,0,29.90,,,,,,,,,,
TICO,2016-04-05 03:15:00 EDT,43.87469,-73.41879,274,13.8,17.2,13.8,58.6,1.9,0.000,0.000,0.00,0.000,2.6,3.2,0.3,303,6,,,,,,2.6,3.2,0.3,303,6,0,29.90,,,,,,,,,,
TICO,2016-04-05 03:20:00 EDT,43.87469,-73.41879,274,14.3,17.2,14.3,57.4,2.0,0.000,0.000,0.00,0.000,2.8,3.4,0.2,295,7,,,,,,2.8,3.4,0.2,295,7,0,29.90,,,,,,,,,,
TICO,2016-04-05 03:25:00 EDT,43.87469,-73.41879,274,13.7,17.1,8.5,56.7,1.2,0.000,0.000,0.00,0.000,3.1,3.7,0.3,296,4,,,,,,3.1,3.7,0.3,296,4,0,29.90,,,,,,,,,,
TICO,2016-04-05 03:30:00 EDT,43.87469,-73.41879,274,13.4,17.3,8.1,58.0,1.4,0.000,0.000,0.00,0.000,3.1,3.6,0.2,297,4,,,,,,3.1,3.6,0.2,297,4,0,29.90,,,,,,,,,,
TICO,2016-04-05 03:35:00 EDT,43.87469,-73.41879,274,13.0,17.1,13.0,58.8,1.3,0.000,0.000,0.00,0.000,2.9,3.7,0.2,302,4,,,,,,2.9,3.7,0.2,302,4,0,29.90,,,,,,,,,,
TICO,2016-04-05 03:40:00 EDT,43.87469,-73.41879,274,13.0,16.9,13.0,59.4,1.4,0.000,0.000,0.00,0.000,2.5,2.8,0.2,307,4,,,,,,2.5,2.8,0.2,307,4,0,29.91,,,,,,,,,,
TICO,2016-04-05 03:45:00 EDT,43.87469,-73.41879,274,12.8,16.8,12.8,59.8,1.5,0.000,0.000,0.00,0.000,2.8,3.4,0.2,308,4,,,,,,2.8,3.4,0.2,308,4,0,29.91,,,,,,,,,,
TICO,2016-04-05 03:50:00 EDT,43.87469,-73.41879,274,12.8,16.8,12.8,60.6,1.7,0.000,0.000,0.00,0.000,2.9,3.4,0.1,305,5,,,,,,2.9,3.4,0.1,305,5,0,29.91,,,,,,,,,,
TICO,2016-04-05 03:55:00 EDT,43.87469,-73.41879,274,12.6,16.9,12.6,61.1,1.7,0.000,0.000,0.00,0.000,2.7,3.2,0.1,298,6,,,,,,2.7,3.2,0.1,298,6,0,29.91,,,,,,,,,,
TICO,2016-04-05 04:00:00 EDT,43.87469,-73.41879,274,13.2,16.5,13.2,60.8,2.2,0.000,0.000,0.00,0.000,2.8,3.4,0.2,287,7,,,,,,2.8,3.4,0.2,287,7,0,29.91,,,,,,,,,,
TICO,2016-04-05 04:05:00 EDT,43.87469,-73.41879,274,12.7,15.5,12.7,60.4,1.5,0.000,0.000,0.00,0.000,2.9,3.6,0.3,274,9,,,,,,2.9,3.6,0.3,274,9,0,29.92,,,,,,,,,,
TICO,2016-04-05 04:10:00 EDT,43.87469,-73.41879,274,11.4,14.0,11.4,64.1,1.6,0.000,0.000,0.00,0.000,2.9,3.4,0.2,271,5,,,,,,2.9,3.4,0.2,271,5,0,29.92,,,,,,,,,,
TICO,2016-04-05 04:15:00 EDT,43.87469,-73.41879,274,11.6,13.4,11.6,66.5,2.6,0.000,0.000,0.00,0.000,2.6,3.1,0.3,273,9,,,,,,2.6,3.1,0.3,273,9,0,29.92,,,,,,,,,,
TICO,2016-04-05 04:20:00 EDT,43.87469,-73.41879,274,12.0,13.4,12.0,66.6,3.0,0.000,0.000,0.00,0.000,2.1,2.9,0.4,268,13,,,,,,2.1,2.9,0.4,268,13,0,29.92,,,,,,,,,,
TICO,2016-04-05 04:25:00 EDT,43.87469,-73.41879,274,12.4,13.6,12.4,65.3,2.9,0.000,0.000,0.00,0.000,2.0,2.7,0.3,255,12,,,,,,2.0,2.7,0.3,255,12,0,29.93,,,,,,,,,,
TICO,2016-04-05 04:30:00 EDT,43.87469,-73.41879,274,12.7,13.7,12.7,64.5,2.9,0.000,0.000,0.00,0.000,2.4,2.9,0.3,243,13,,,,,,2.4,2.9,0.3,243,13,0,29.93,,,,,,,,,,
TICO,2016-04-05 04:35:00 EDT,43.87469,-73.41879,274,12.3,13.4,6.9,64.3,2.6,0.000,0.000,0.00,0.000,3.1,4.0,0.4,258,13,,,,,,3.1,4.0,0.4,258,13,0,29.93,,,,,,,,,,
TICO,2016-04-05 04:40:00 EDT,43.87469,-73.41879,274,11.2,13.8,4.5,65.6,1.9,0.000,0.000,0.00,0.000,3.7,4.7,0.6,283,7,,,,,,3.7,4.7,0.6,283,7,0,29.93,,,,,,,,,,
TICO,2016-04-05 04:45:00 EDT,43.87469,-73.41879,274,10.4,14.4,2.3,67.6,1.8,0.000,0.000,0.00,0.000,4.6,5.6,0.3,287,5,,,,,,4.6,5.6,0.3,287,5,0,29.93,,,,,,,,,,
TICO,2016-04-05 04:50:00 EDT,43.87469,-73.41879,274,9.9,14.7,1.6,68.7,1.6,0.000,0.000,0.00,0.000,4.6,5.3,0.3,287,5,,,,,,4.6,5.3,0.3,287,5,0,29.94,,,,,,,,,,
TICO,2016-04-05 04:55:00 EDT,43.87469,-73.41879,274,9.8,15.2,1.3,69.7,1.8,0.000,0.000,0.00,0.000,4.7,5.3,0.2,292,6,,,,,,4.7,5.3,0.2,292,6,0,29.94,,,,,,,,,,
TICO,2016-04-05 05:00:00 EDT,43.87469,-73.41879,274,10.1,15.5,1.9,69.3,2.0,0.000,0.000,0.00,0.000,4.6,5.1,0.2,296,4,,,,,,4.6,5.1,0.2,296,4,0,29.94,,,,,,,,,,
TICO,2016-04-05 05:05:00 EDT,43.87469,-73.41879,274,10.6,15.0,2.7,69.3,2.6,0.000,0.000,0.00,0.000,4.5,5.0,0.2,296,4,,,,,,4.5,5.0,0.2,296,4,0,29.94,,,,,,,,,,
TICO,2016-04-05 05:10:00 EDT,43.87469,-73.41879,274,10.8,15.6,2.7,68.4,2.5,0.000,0.000,0.00,0.000,4.6,5.4,0.2,303,4,,,,,,4.6,5.4,0.2,303,4,0,29.95,,,,,,,,,,
TICO,2016-04-05 05:15:00 EDT,43.87469,-73.41879,274,10.7,15.8,2.3,67.9,2.1,0.000,0.000,0.00,0.000,4.8,5.6,0.2,301,5,,,,,,4.8,5.6,0.2,301,5,0,29.95,,,,,,,,,,
TICO,2016-04-05 05:20:00 EDT,43.87469,-73.41879,274,10.1,15.1,1.0,68.7,1.8,0.000,0.000,0.00,0.000,5.3,6.1,0.3,286,9,,,,,,5.3,6.1,0.3,286,9,0,29.95,,,,,,,,,,
TICO,2016-04-05 05:25:00 EDT,43.87469,-73.41879,274,9.3,15.0,0.6,69.9,1.4,0.000,0.000,0.00,0.000,4.8,5.8,0.4,281,6,,,,,,4.8,5.8,0.4,281,6,0,29.95,,,,,,,,,,
TICO,2016-04-05 05:30:00 EDT,43.87469,-73.41879,274,9.5,14.4,0.5,71.3,2.1,0.000,0.000,0.00,0.000,5.1,5.9,0.4,281,7,,,,,,5.1,5.9,0.4,281,7,0,29.96,,,,,,,,,,
TICO,2016-04-05 05:35:00 EDT,43.87469,-73.41879,274,10.2,14.3,0.3,70.5,2.5,0.000,0.000,0.00,0.000,5.9,7.1,0.6,281,4,,,,,,5.9,7.1,0.6,281,4,0,29.96,,,,,,,,,,
TICO,2016-04-05 05:40:00 EDT,43.87469,-73.41879,274,10.4,15.1,0.8,70.2,2.6,0.000,0.000,0.00,0.000,5.7,7.0,0.4,287,6,,,,,,5.7,7.0,0.4,287,6,0,29.96,,,,,,,,,,
TICO,2016-04-05 05:45:00 EDT,43.87469,-73.41879,274,10.8,15.2,1.4,69.5,2.8,0.000,0.000,0.00,0.000,5.6,6.7,0.3,288,6,,,,,,5.6,6.7,0.3,288,6,0,29.96,,,,,,,,,,
TICO,2016-04-05 05:50:00 EDT,43.87469,-73.41879,274,11.1,16.1,2.7,67.7,2.5,0.000,0.000,0.00,0.000,4.9,5.9,0.4,300,5,,,,,,4.9,5.9,0.4,300,5,0,29.96,,,,,,,,,,
TICO,2016-04-05 05:55:00 EDT,43.87469,-73.41879,274,11.2,16.3,3.0,67.5,2.6,0.000,0.000,0.00,0.000,4.7,5.6,0.3,308,8,,,,,,4.7,5.6,0.3,308,8,0,29.97,,,,,,,,,,
TICO,2016-04-05 06:00:00 EDT,43.87469,-73.41879,274,12.0,17.4,4.2,65.3,2.6,0.000,0.000,0.00,0.000,4.6,6.2,0.5,310,7,,,,,,4.6,6.2,0.5,310,7,0,29.97,,,,,,,,,,
TICO,2016-04-05 06:05:00 EDT,43.87469,-73.41879,274,11.8,17.3,5.3,64.1,2.0,0.000,0.000,0.00,0.000,3.7,4.3,0.3,298,9,,,,,,3.7,4.3,0.3,298,9,0,29.97,,,,,,,,,,
TICO,2016-04-05 06:10:00 EDT,43.87469,-73.41879,274,11.4,17.4,4.7,63.7,1.5,0.000,0.000,0.00,0.000,3.7,4.4,0.2,296,6,,,,,,3.7,4.4,0.2,296,6,0,29.97,,,,,,,,,,
TICO,2016-04-05 06:15:00 EDT,43.87469,-73.41879,274,11.5,17.1,4.5,64.3,1.8,0.000,0.000,0.00,0.000,3.9,4.6,0.2,289,6,,,,,,3.9,4.6,0.2,289,6,1,29.98,,,,,,,,,,
TICO,2016-04-05 06:20:00 EDT,43.87469,-73.41879,274,11.5,17.1,4.4,64.5,1.8,0.000,0.000,0.00,0.000,4.0,4.6,0.2,284,3,,,,,,4.0,4.6,0.2,284,3,2,29.98,,,,,,,,,,
TICO,2016-04-05 06:25:00 EDT,43.87469,-73.41879,274,12.2,17.2,5.1,63.7,2.2,0.000,0.000,0.00,0.000,4.0,4.7,0.3,285,3,,,,,,4.0,4.7,0.3,285,3,3,29.98,,,,,,,,,,
TICO,2016-04-05 06:30:00 EDT,43.87469,-73.41879,274,13.0,16.4,5.1,61.6,2.3,0.000,0.000,0.00,0.000,4.7,5.3,0.3,288,2,,,,,,4.7,5.3,0.3,288,2,5,29.99,,,,,,,,,,
TICO,2016-04-05 06:35:00 EDT,43.87469,-73.41879,274,12.8,16.6,4.9,60.1,1.5,0.000,0.000,0.00,0.000,4.7,5.2,0.3,294,3,,,,,,4.7,5.2,0.3,294,3,8,29.99,,,,,,,,,,
TICO,2016-04-05 06:40:00 EDT,43.87469,-73.41879,274,12.6,16.4,5.3,60.1,1.4,0.000,0.000,0.00,0.000,4.3,5.2,0.4,297,3,,,,,,4.3,5.2,0.4,297,3,13,29.99,,,,,,,,,,
TICO,2016-04-05 06:45:00 EDT,43.87469,-73.41879,274,12.0,16.8,5.5,60.4,0.9,0.000,0.000,0.00,0.000,3.6,4.3,0.2,301,5,,,,,,3.6,4.3,0.2,301,5,21,29.99,,,,,,,,,,
TICO,2016-04-05 06:50:00 EDT,43.87469,-73.41879,274,11.7,17.1,5.8,61.8,1.1,0.000,0.000,0.00,0.000,3.3,4.1,0.4,309,3,,,,,,3.3,4.1,0.4,309,3,31,30.00,,,,,,,,,,
TICO,2016-04-05 06:55:00 EDT,43.87469,-73.41879,274,11.8,17.0,11.8,61.4,1.1,0.000,0.000,0.00,0.000,2.5,3.0,0.2,308,4,,,,,,2.5,3.0,0.2,308,4,42,30.00,,,,,,,,,,
TICO,2016-04-05 07:00:00 EDT,43.87469,-73.41879,274,11.5,17.2,11.5,62.6,1.2,0.000,0.000,0.00,0.000,2.3,3.1,0.3,313,4,,,,,,2.3,3.1,0.3,313,4,55,30.00,,,,,,,,,,
TICO,2016-04-05 07:05:00 EDT,43.87469,-73.41879,274,12.1,16.8,12.1,62.1,1.6,0.000,0.000,0.00,0.000,1.5,2.0,0.3,313,9,,,,,,1.5,2.0,0.3,313,9,68,30.00,,,,,,,,,,
TICO,2016-04-05 07:10:00 EDT,43.87469,-73.41879,274,13.3,16.8,13.3,60.3,2.1,0.000,0.000,0.00,0.000,1.1,1.9,0.3,329,18,,,,,,1.1,1.9,0.3,329,18,85,30.00,,,,,,,,,,
TICO,2016-04-05 07:15:00 EDT,43.87469,-73.41879,274,14.6,17.3,14.6,57.1,2.1,0.000,0.000,0.00,0.000,1.8,2.7,0.4,338,9,,,,,,1.8,2.7,0.4,338,9,100,30.01,,,,,,,,,,
TICO,2016-04-05 07:20:00 EDT,43.87469,-73.41879,274,15.9,17.4,15.9,54.9,2.5,0.000,0.000,0.00,0.000,2.7,3.8,0.4,342,6,,,,,,2.7,3.8,0.4,342,6,115,30.01,,,,,,,,,,
TICO,2016-04-05 07:25:00 EDT,43.87469,-73.41879,274,16.4,17.6,11.4,53.2,2.4,0.000,0.000,0.00,0.000,3.2,4.2,0.4,348,8,,,,,,3.2,4.2,0.4,348,8,130,30.01,,,,,,,,,,
TICO,2016-04-05 07:30:00 EDT,43.87469,-73.41879,274,16.6,17.7,11.0,52.0,2.0,0.000,0.000,0.00,0.000,3.5,4.7,0.5,351,8,,,,,,3.5,4.7,0.5,351,8,145,30.01,,,,,,,,,,
TICO,2016-04-05 07:35:00 EDT,43.87469,-73.41879,274,17.0,18.0,10.2,51.7,2.3,0.000,0.000,0.00,0.000,4.4,6.0,0.8,345,8,,,,,,4.4,6.0,0.8,345,8,160,30.02,,,,,,,,,,
TICO,2016-04-05 07:40:00 EDT,43.87469,-73.41879,274,17.6,18.5,9.9,53.1,3.4,0.000,0.000,0.00,0.000,5.3,6.8,0.7,342,8,,,,,,5.3,6.8,0.7,342,8,177,30.02,,,,,,,,,,
TICO,2016-04-05 07:45:00 EDT,43.87469,-73.41879,274,18.1,18.9,11.0,53.7,4.1,0.000,0.000,0.00,0.000,4.8,6.5,0.7,342,13,,,,,,4.8,6.5,0.7,342,13,202,30.02,,,,,,,,,,
TICO,2016-04-05 07:50:00 EDT,43.87469,-73.41879,274,18.9,19.2,11.7,53.3,4.6,0.000,0.000,0.00,0.000,4.9,6.5,0.8,346,8,,,,,,4.9,6.5,0.8,346,8,240,30.02,,,,,,,,,,
TICO,2016-04-05 07:55:00 EDT,43.87469,-73.41879,274,20.0,20.0,9.9,53.3,5.7,0.000,0.000,0.00,0.000,8.4,11.8,1.5,337,8,,,,,,8.4,11.8,1.5,337,8,274,30.02,,,,,,,,,,
TICO,2016-04-05 08:00:00 EDT,43.87469,-73.41879,274,20.8,20.7,9.1,54.6,7.0,0.000,0.000,0.00,0.000,11.2,14.6,1.8,337,10,,,,,,11.2,14.6,1.8,337,10,243,30.02,,,,,,,,,,
TICO,2016-04-05 08:05:00 EDT,43.87469,-73.41879,274,21.0,20.9,9.2,57.3,8.3,0.000,0.000,0.00,0.000,11.6,17.0,1.8,353,10,,,,,,11.6,17.0,1.8,353,10,223,30.03,,,,,,,,,,
TICO,2016-04-05 08:10:00 EDT,43.87469,-73.41879,274,21.2,21.1,8.3,60.0,9.5,0.000,0.000,0.00,0.000,13.9,19.4,2.2,357,18,,,,,,13.9,19.4,2.2,357,18,234,30.03,,,,,,,,,,
TICO,2016-04-05 08:15:00 EDT,43.87469,-73.41879,274,21.0,20.8,7.8,62.6,10.2,0.000,0.000,0.00,0.000,14.4,18.9,1.9,3,19,,,,,,14.4,18.9,1.9,3,19,211,30.03,,,,,,,,,,
TICO,2016-04-05 08:20:00 EDT,43.87469,-73.41879,274,21.1,20.9,8.1,62.4,10.2,0.000,0.000,0.00,0.000,13.9,22.9,2.9,357,12,,,,,,13.9,22.9,2.9,357,12,236,30.03,,,,,,,,,,
TICO,2016-04-05 08:25:00 EDT,43.87469,-73.41879,274,20.7,20.5,5.8,62.6,10.0,0.000,0.000,0.00,0.000,18.3,22.9,2.2,356,18,,,,,,18.3,22.9,2.2,356,18,205,30.03,,,,,,,,,,
TICO,2016-04-05 08:30:00 EDT,43.87469,-73.41879,274,20.6,20.5,6.8,63.3,10.1,0.000,0.000,0.00,0.000,15.3,20.7,1.9,346,14,,,,,,15.3,20.7,1.9,346,14,220,30.04,,,,,,,,,,
TICO,2016-04-05 08:35:00 EDT,43.87469,-73.41879,274,20.7,20.5,6.9,62.0,9.7,0.000,0.000,0.00,0.000,15.5,19.7,1.8,345,8,,,,,,15.5,19.7,1.8,345,8,302,30.04,,,,,,,,,,
TICO,2016-04-05 08:40:00 EDT,43.87469,-73.41879,274,20.9,20.8,7.2,61.0,9.6,0.000,0.000,0.00,0.000,15.6,20.8,2.8,2,9,,,,,,15.6,20.8,2.8,2,9,383,30.04,,,,,,,,,,
TICO,2016-04-05 08:45:00 EDT,43.87469,-73.41879,274,21.2,21.0,7.3,59.7,9.4,0.000,0.000,0.00,0.000,16.1,21.0,2.0,354,14,,,,,,16.1,21.0,2.0,354,14,412,30.04,,,,,,,,,,
TICO,2016-04-05 08:50:00 EDT,43.87469,-73.41879,274,21.3,21.0,7.6,59.6,9.4,0.000,0.000,0.00,0.000,15.8,20.5,2.4,360,12,,,,,,15.8,20.5,2.4,360,12,473,30.05,,,,,,,,,,
TICO,2016-04-05 08:55:00 EDT,43.87469,-73.41879,274,21.5,21.2,9.6,58.9,9.3,0.000,0.000,0.00,0.000,11.8,18.3,3.2,351,18,,,,,,11.8,18.3,3.2,351,18,471,30.05,,,,,,,,,,
TICO,2016-04-05 09:00:00 EDT,43.87469,-73.41879,274,21.6,21.4,9.0,58.1,9.1,0.000,0.000,0.00,0.000,13.3,18.2,2.1,3,16,,,,,,13.3,18.2,2.1,3,16,431,30.05,,,,,,,,,,
TICO,2016-04-05 09:05:00 EDT,43.87469,-73.41879,274,21.1,20.9,7.8,59.5,9.2,0.000,0.000,0.00,0.000,14.7,20.1,2.0,349,18,,,,,,14.7,20.1,2.0,349,18,273,30.05,,,,,,,,,,
TICO,2016-04-05 09:10:00 EDT,43.87469,-73.41879,274,21.2,21.0,7.9,60.0,9.4,0.000,0.000,0.00,0.000,14.6,20.2,2.4,353,18,,,,,,14.6,20.2,2.4,353,18,384,30.05,,,,,,,,,,
TICO,2016-04-05 09:15:00 EDT,43.87469,-73.41879,274,21.4,21.2,7.9,59.2,9.4,0.000,0.000,0.00,0.000,15.4,22.5,2.7,4,8,,,,,,15.4,22.5,2.7,4,8,328,30.05,,,,,,,,,,
TICO,2016-04-05 09:20:00 EDT,43.87469,-73.41879,274,20.8,20.6,6.9,58.9,8.7,0.000,0.000,0.00,0.000,15.6,19.2,2.1,350,14,,,,,,15.6,19.2,2.1,350,14,287,30.06,,,,,,,,,,
TICO,2016-04-05 09:25:00 EDT,43.87469,-73.41879,274,21.1,20.9,6.9,59.1,9.1,0.000,0.000,0.00,0.000,16.8,22.1,2.0,347,9,,,,,,16.8,22.1,2.0,347,9,356,30.06,,,,,,,,,,
TICO,2016-04-05 09:30:00 EDT,43.87469,-73.41879,274,20.9,20.8,7.7,59.7,9.1,0.000,0.000,0.00,0.000,14.1,19.1,2.5,341,8,,,,,,14.1,19.1,2.5,341,8,193,30.06,,,,,,,,,,
TICO,2016-04-05 09:35:00 EDT,43.87469,-73.41879,274,20.7,20.6,7.4,60.3,9.1,0.000,0.000,0.00,0.000,14.5,18.1,1.6,354,11,,,,,,14.5,18.1,1.6,354,11,283,30.06,,,,,,,,,,
TICO,2016-04-05 09:40:00 EDT,43.87469,-73.41879,274,21.0,20.8,8.6,59.1,9.0,0.000,0.000,0.00,0.000,12.7,17.2,1.9,360,14,,,,,,12.7,17.2,1.9,360,14,327,30.06,,,,,,,,,,
TICO,2016-04-05 09:45:00 EDT,43.87469,-73.41879,274,21.6,21.3,8.7,58.8,9.4,0.000,0.000,0.00,0.000,14.2,21.0,2.6,2,14,,,,,,14.2,21.0,2.6,2,14,412,30.07,,,,,,,,,,
TICO,2016-04-05 09:50:00 EDT,43.87469,-73.41879,274,21.5,21.1,8.7,59.2,9.4,0.000,0.000,0.00,0.000,13.8,19.6,2.3,1,9,,,,,,13.8,19.6,2.3,1,9,383,30.07,,,,,,,,,,
TICO,2016-04-05 09:55:00 EDT,43.87469,-73.41879,274,21.4,21.1,8.0,59.3,9.4,0.000,0.000,0.00,0.000,15.2,19.4,2.1,3,15,,,,,,15.2,19.4,2.1,3,15,250,30.07,,,,,,,,,,
TICO,2016-04-05 10:00:00 EDT,43.87469,-73.41879,274,21.5,21.2,8.9,59.6,9.7,0.000,0.000,0.00,0.000,13.5,18.8,2.4,355,16,,,,,,13.5,18.8,2.4,355,16,401,30.07,,,,,,,,,,
TICO,2016-04-05 10:05:00 EDT,43.87469,-73.41879,274,21.7,21.2,8.0,59.9,9.9,0.000,0.000,0.00,0.000,15.8,24.1,2.7,9,21,,,,,,15.8,24.1,2.7,9,21,359,30.07,,,,,,,,,,
TICO,2016-04-05 10:10:00 EDT,43.87469,-73.41879,274,21.7,21.2,8.6,58.3,9.3,0.000,0.000,0.00,0.000,14.3,18.6,1.9,4,13,,,,,,14.3,18.6,1.9,4,13,490,30.08,,,,,,,,,,
TICO,2016-04-05 10:15:00 EDT,43.87469,-73.41879,274,22.3,21.6,9.2,58.9,10.1,0.000,0.000,0.00,0.000,14.8,19.1,2.5,23,10,,,,,,14.8,19.1,2.5,23,10,674,30.08,,,,,,,,,,
TICO,2016-04-05 10:20:00 EDT,43.87469,-73.41879,274,22.2,21.7,8.9,58.1,9.7,0.000,0.000,0.00,0.000,15.4,20.3,2.3,10,19,,,,,,15.4,20.3,2.3,10,19,514,30.08,,,,,,,,,,
TICO,2016-04-05 10:25:00 EDT,43.87469,-73.41879,274,22.0,21.5,9.5,60.0,10.2,0.000,0.000,0.00,0.000,13.5,17.9,2.2,7,13,,,,,,13.5,17.9,2.2,7,13,428,30.08,,,,,,,,,,
TICO,2016-04-05 10:30:00 EDT,43.87469,-73.41879,274,22.1,21.6,10.2,61.8,11.0,0.000,0.000,0.00,0.000,12.4,19.6,2.1,15,15,,,,,,12.4,19.6,2.1,15,15,447,30.08,,,,,,,,,,
TICO,2016-04-05 10:35:00 EDT,43.87469,-73.41879,274,22.0,21.5,9.0,60.3,10.4,0.000,0.000,0.00,0.000,14.5,21.3,2.7,17,9,,,,,,14.5,21.3,2.7,17,9,465,30.09,,,,,,,,,,
TICO,2016-04-05 10:40:00 EDT,43.87469,-73.41879,274,22.2,21.7,9.7,58.9,10.0,0.000,0.000,0.00,0.000,13.6,19.4,1.8,23,12,,,,,,13.6,19.4,1.8,23,12,677,30.09,,,,,,,,,,
TICO,2016-04-05 10:45:00 EDT,43.87469,-73.41879,274,22.4,21.7,9.9,59.3,10.3,0.000,0.000,0.00,0.000,13.5,17.5,1.9,21,9,,,,,,13.5,17.5,1.9,21,9,643,30.09,,,,,,,,,,
TICO,2016-04-05 10:50:00 EDT,43.87469,-73.41879,274,22.7,21.9,10.2,59.2,10.6,0.000,0.000,0.00,0.000,13.7,18.0,1.9,20,12,,,,,,13.7,18.0,1.9,20,12,600,30.09,,,,,,,,,,
TICO,2016-04-05 10:55:00 EDT,43.87469,-73.41879,274,22.3,21.6,10.0,61.2,11.0,0.000,0.000,0.00,0.000,13.3,19.7,2.0,28,11,,,,,,13.3,19.7,2.0,28,11,649,30.09,,,,,,,,,,
TICO,2016-04-05 11:00:00 EDT,43.87469,-73.41879,274,22.9,22.0,10.3,63.3,12.3,0.000,0.000,0.00,0.000,14.2,17.5,1.9,42,9,,,,,,14.2,17.5,1.9,42,9,563,30.09,,,,,,,,,,
TICO,2016-04-05 11:05:00 EDT,43.87469,-73.41879,274,22.6,21.9,9.9,61.9,11.5,0.000,0.000,0.00,0.000,14.3,21.0,2.3,32,10,,,,,,14.3,21.0,2.3,32,10,466,30.09,,,,,,,,,,
TICO,2016-04-05 11:10:00 EDT,43.87469,-73.41879,274,22.8,22.0,10.2,62.3,11.8,0.000,0.000,0.00,0.000,14.0,20.0,2.6,28,14,,,,,,14.0,20.0,2.6,28,14,706,30.09,,,,,,,,,,
TICO,2016-04-05 11:15:00 EDT,43.87469,-73.41879,274,22.9,22.1,9.9,60.6,11.3,0.000,0.000,0.00,0.000,15.1,20.2,2.5,26,7,,,,,,15.1,20.2,2.5,26,7,727,30.09,,,,,,,,,,
TICO,2016-04-05 11:20:00 EDT,43.87469,-73.41879,274,23.5,22.5,11.7,61.9,12.3,0.000,0.000,0.00,0.000,12.7,16.2,2.0,36,8,,,,,,12.7,16.2,2.0,36,8,803,30.09,,,,,,,,,,
TICO,2016-04-05 11:25:00 EDT,43.87469,-73.41879,274,23.4,22.2,11.6,60.6,11.8,0.000,0.000,0.00,0.000,12.7,16.3,1.9,38,7,,,,,,12.7,16.3,1.9,38,7,814,30.09,,,,,,,,,,
TICO,2016-04-05 11:30:00 EDT,43.87469,-73.41879,274,23.3,22.5,11.1,58.8,11.0,0.000,0.000,0.00,0.000,13.6,22.1,2.5,30,12,,,,,,13.6,22.1,2.5,30,12,591,30.09,,,,,,,,,,
TICO,2016-04-05 11:35:00 EDT,43.87469,-73.41879,274,23.7,22.5,12.7,57.2,10.8,0.000,0.000,0.00,0.000,11.4,19.7,2.4,37,11,,,,,,11.4,19.7,2.4,37,11,831,30.08,,,,,,,,,,
TICO,2016-04-05 11:40:00 EDT,43.87469,-73.41879,274,24.3,23.3,14.4,54.2,10.1,0.000,0.000,0.00,0.000,9.6,18.7,3.2,1,18,,,,,,9.6,18.7,3.2,1,18,821,30.08,,,,,,,,,,
TICO,2016-04-05 11:45:00 EDT,43.87469,-73.41879,274,24.5,23.3,13.7,54.9,10.6,0.000,0.000,0.00,0.000,11.2,16.4,2.3,32,9,,,,,,11.2,16.4,2.3,32,9,820,30.08,,,,,,,,,,
TICO,2016-04-05 11:50:00 EDT,43.87469,-73.41879,274,24.4,23.2,13.6,55.7,10.8,0.000,0.000,0.00,0.000,11.2,15.1,2.4,44,15,,,,,,11.2,15.1,2.4,44,15,772,30.08,,,,,,,,,,
TICO,2016-04-05 11:55:00 EDT,43.87469,-73.41879,274,24.2,23.3,13.4,55.3,10.5,0.000,0.000,0.00,0.000,11.2,14.8,1.9,29,15,,,,,,11.2,14.8,1.9,29,15,339,30.08,,,,,,,,,,
TICO,2016-04-05 12:00:00 EDT,43.87469,-73.41879,274,24.6,23.6,14.5,52.9,9.9,0.000,0.000,0.00,0.000,10.1,16.4,2.8,13,14,,,,,,10.1,16.4,2.8,13,14,823,30.07,,,,,,,,,,
TICO,2016-04-05 12:05:00 EDT,43.87469,-73.41879,274,24.6,23.7,14.1,49.7,8.5,0.000,0.000,0.00,0.000,10.8,14.7,1.9,13,17,,,,,,10.8,14.7,1.9,13,17,843,30.07,,,,,,,,,,
TICO,2016-04-05 12:10:00 EDT,43.87469,-73.41879,274,25.1,23.9,15.0,51.6,9.7,0.000,0.000,0.00,0.000,10.3,14.5,2.0,28,21,,,,,,10.3,14.5,2.0,28,21,837,30.07,,,,,,,,,,
TICO,2016-04-05 12:15:00 EDT,43.87469,-73.41879,274,25.3,24.0,14.7,51.8,10.1,0.000,0.000,0.00,0.000,11.4,16.9,2.5,35,14,,,,,,11.4,16.9,2.5,35,14,838,30.07,,,,,,,,,,
TICO,2016-04-05 12:20:00 EDT,43.87469,-73.41879,274,25.4,24.1,15.2,51.0,9.8,0.000,0.000,0.00,0.000,10.6,14.5,2.0,23,13,,,,,,10.6,14.5,2.0,23,13,861,30.06,,,,,,,,,,
TICO,2016-04-05 12:25:00 EDT,43.87469,-73.41879,274,26.0,24.4,15.8,53.6,11.5,0.000,0.000,0.00,0.000,11.0,14.0,2.2,33,11,,,,,,11.0,14.0,2.2,33,11,772,30.06,,,,,,,,,,
TICO,2016-04-05 12:30:00 EDT,43.87469,-73.41879,274,25.6,24.1,15.5,49.3,9.2,0.000,0.000,0.00,0.000,10.3,14.7,2.2,36,11,,,,,,10.3,14.7,2.2,36,11,833,30.06,,,,,,,,,,
TICO,2016-04-05 12:35:00 EDT,43.87469,-73.41879,274,26.0,24.4,16.0,50.7,10.2,0.000,0.000,0.00,0.000,10.5,17.0,2.7,30,11,,,,,,10.5,17.0,2.7,30,11,854,30.06,,,,,,,,,,
TICO,2016-04-05 12:40:00 EDT,43.87469,-73.41879,274,26.6,24.8,16.7,50.8,10.8,0.000,0.000,0.00,0.000,10.5,14.9,2.0,35,10,,,,,,10.5,14.9,2.0,35,10,850,30.06,,,,,,,,,,
TICO,2016-04-05 12:45:00 EDT,43.87469,-73.41879,274,26.4,25.0,17.1,49.1,9.9,0.000,0.000,0.00,0.000,9.4,14.8,3.0,43,11,,,,,,9.4,14.8,3.0,43,11,850,30.06,,,,,,,,,,
TICO,2016-04-05 12:50:00 EDT,43.87469,-73.41879,274,27.0,25.6,18.1,51.1,11.3,0.000,0.000,0.00,0.000,8.9,15.0,2.6,59,20,,,,,,8.9,15.0,2.6,59,20,851,30.06,,,,,,,,,,
TICO,2016-04-05 12:55:00 EDT,43.87469,-73.41879,274,26.4,24.9,16.4,47.5,9.1,0.000,0.000,0.00,0.000,10.7,14.4,2.0,8,12,,,,,,10.7,14.4,2.0,8,12,849,30.06,,,,,,,,,,
TICO,2016-04-05 13:00:00 EDT,43.87469,-73.41879,274,27.3,25.7,17.7,49.1,10.7,0.000,0.000,0.00,0.000,10.3,16.1,2.6,20,14,,,,,,10.3,16.1,2.6,20,14,848,30.05,,,,,,,,,,
TICO,2016-04-05 13:05:00 EDT,43.87469,-73.41879,274,26.8,25.6,18.9,47.4,9.4,0.000,0.000,0.00,0.000,7.4,13.3,2.6,13,13,,,,,,7.4,13.3,2.6,13,13,846,30.05,,,,,,,,,,
TICO,2016-04-05 13:10:00 EDT,43.87469,-73.41879,274,27.4,26.2,17.8,47.8,10.2,0.000,0.000,0.00,0.000,10.5,16.2,3.0,20,18,,,,,,10.5,16.2,3.0,20,18,849,30.05,,,,,,,,,,
TICO,2016-04-05 13:15:00 EDT,43.87469,-73.41879,274,27.4,26.0,18.7,47.0,9.8,0.000,0.000,0.00,0.000,8.8,13.4,1.6,17,14,,,,,,8.8,13.4,1.6,17,14,848,30.05,,,,,,,,,,
TICO,2016-04-05 13:20:00 EDT,43.87469,-73.41879,274,27.7,26.2,19.2,48.3,10.7,0.000,0.000,0.00,0.000,8.5,13.5,2.4,34,19,,,,,,8.5,13.5,2.4,34,19,847,30.05,,,,,,,,,,
TICO,2016-04-05 13:25:00 EDT,43.87469,-73.41879,274,27.7,26.0,19.2,48.0,10.6,0.000,0.000,0.00,0.000,8.6,13.4,2.4,49,19,,,,,,8.6,13.4,2.4,49,19,842,30.05,,,,,,,,,,
TICO,2016-04-05 13:30:00 EDT,43.87469,-73.41879,274,28.5,26.7,19.2,49.7,12.1,0.000,0.000,0.00,0.000,10.4,13.6,1.5,34,13,,,,,,10.4,13.6,1.5,34,13,840,30.04,,,,,,,,,,
TICO,2016-04-05 13:35:00 EDT,43.87469,-73.41879,274,27.9,26.4,19.5,45.0,9.3,0.000,0.000,0.00,0.000,8.5,14.8,2.3,31,17,,,,,,8.5,14.8,2.3,31,17,838,30.04,,,,,,,,,,
TICO,2016-04-05 13:40:00 EDT,43.87469,-73.41879,274,28.7,26.6,19.6,45.4,10.2,0.000,0.000,0.00,0.000,10.1,17.2,2.5,27,20,,,,,,10.1,17.2,2.5,27,20,833,30.04,,,,,,,,,,
TICO,2016-04-05 13:45:00 EDT,43.87469,-73.41879,274,28.3,26.6,19.3,44.6,9.5,0.000,0.000,0.00,0.000,9.6,14.3,2.9,45,13,,,,,,9.6,14.3,2.9,45,13,830,30.04,,,,,,,,,,
TICO,2016-04-05 13:50:00 EDT,43.87469,-73.41879,274,28.8,27.0,19.8,45.1,10.2,0.000,0.000,0.00,0.000,10.1,13.3,1.5,27,19,,,,,,10.1,13.3,1.5,27,19,824,30.04,,,,,,,,,,
TICO,2016-04-05 13:55:00 EDT,43.87469,-73.41879,274,28.1,26.7,19.7,41.2,7.5,0.000,0.000,0.00,0.000,8.6,14.5,3.7,13,18,,,,,,8.6,14.5,3.7,13,18,821,30.03,,,,,,,,,,
TICO,2016-04-05 14:00:00 EDT,43.87469,-73.41879,274,27.9,26.6,20.9,40.1,6.7,0.000,0.000,0.00,0.000,6.5,14.3,3.8,17,16,,,,,,6.5,14.3,3.8,17,16,816,30.03,,,,,,,,,,
TICO,2016-04-05 14:05:00 EDT,43.87469,-73.41879,274,28.8,27.4,21.9,43.9,9.5,0.000,0.000,0.00,0.000,6.6,12.9,2.9,31,22,,,,,,6.6,12.9,2.9,31,22,812,30.03,,,,,,,,,,
TICO,2016-04-05 14:10:00 EDT,43.87469,-73.41879,274,28.9,27.1,20.7,41.9,8.6,0.000,0.000,0.00,0.000,8.6,14.2,1.6,36,22,,,,,,8.6,14.2,1.6,36,22,806,30.03,,,,,,,,,,
TICO,2016-04-05 14:15:00 EDT,43.87469,-73.41879,274,28.6,27.4,23.1,41.4,8.0,0.000,0.000,0.00,0.000,5.0,13.5,2.6,50,25,,,,,,5.0,13.5,2.6,50,25,800,30.03,,,,,,,,,,
TICO,2016-04-05 14:20:00 EDT,43.87469,-73.41879,274,29.0,27.4,21.0,42.6,9.1,0.000,0.000,0.00,0.000,8.4,13.9,3.1,59,13,,,,,,8.4,13.9,3.1,59,13,793,30.03,,,,,,,,,,
TICO,2016-04-05 14:25:00 EDT,43.87469,-73.41879,274,29.6,28.1,22.1,42.6,9.6,0.000,0.000,0.00,0.000,7.7,13.4,2.4,39,26,,,,,,7.7,13.4,2.4,39,26,788,30.03,,,,,,,,,,
TICO,2016-04-05 14:30:00 EDT,43.87469,-73.41879,274,30.2,28.5,23.1,41.9,9.7,0.000,0.000,0.00,0.000,7.3,11.3,2.2,359,22,,,,,,7.3,11.3,2.2,359,22,781,30.02,,,,,,,,,,
TICO,2016-04-05 14:35:00 EDT,43.87469,-73.41879,274,29.7,28.2,22.1,41.0,8.9,0.000,0.000,0.00,0.000,8.0,11.9,2.4,53,14,,,,,,8.0,11.9,2.4,53,14,774,30.02,,,,,,,,,,
TICO,2016-04-05 14:40:00 EDT,43.87469,-73.41879,274,29.6,28.1,22.6,40.0,8.2,0.000,0.000,0.00,0.000,7.1,13.0,2.7,61,36,,,,,,7.1,13.0,2.7,61,36,765,30.02,,,,,,,,,,
TICO,2016-04-05 14:45:00 EDT,43.87469,-73.41879,274,30.8,28.7,22.4,41.7,10.3,0.000,0.000,0.00,0.000,9.7,13.6,2.2,353,11,,,,,,9.7,13.6,2.2,353,11,757,30.02,,,,,,,,,,
TICO,2016-04-05 14:50:00 EDT,43.87469,-73.41879,274,30.6,29.0,22.0,40.3,9.3,0.000,0.000,0.00,0.000,9.9,21.3,2.8,17,23,,,,,,9.9,21.3,2.8,17,23,749,30.02,,,,,,,,,,
TICO,2016-04-05 14:55:00 EDT,43.87469,-73.41879,274,29.9,28.5,21.9,38.2,7.4,0.000,0.000,0.00,0.000,8.7,16.8,2.6,29,17,,,,,,8.7,16.8,2.6,29,17,740,30.02,,,,,,,,,,
TICO,2016-04-05 15:00:00 EDT,43.87469,-73.41879,274,30.5,29.0,21.5,40.4,9.3,0.000,0.000,0.00,0.000,10.7,17.0,2.6,6,25,,,,,,10.7,17.0,2.6,6,25,731,30.02,,,,,,,,,,
TICO,2016-04-05 15:05:00 EDT,43.87469,-73.41879,274,30.4,28.7,22.1,39.9,8.9,0.000,0.000,0.00,0.000,9.3,15.9,3.2,52,10,,,,,,9.3,15.9,3.2,52,10,722,30.02,,,,,,,,,,
TICO,2016-04-05 15:10:00 EDT,43.87469,-73.41879,274,30.4,28.8,23.2,39.8,8.8,0.000,0.000,0.00,0.000,7.5,12.3,1.8,44,18,,,,,,7.5,12.3,1.8,44,18,712,30.02,,,,,,,,,,
TICO,2016-04-05 15:15:00 EDT,43.87469,-73.41879,274,30.8,29.2,21.4,39.0,8.8,0.000,0.000,0.00,0.000,11.7,16.5,2.1,13,18,,,,,,11.7,16.5,2.1,13,18,702,30.02,,,,,,,,,,
TICO,2016-04-05 15:20:00 EDT,43.87469,-73.41879,274,30.3,28.7,22.7,37.6,7.5,0.000,0.000,0.00,0.000,8.2,11.7,2.3,49,12,,,,,,8.2,11.7,2.3,49,12,691,30.02,,,,,,,,,,
TICO,2016-04-05 15:25:00 EDT,43.87469,-73.41879,274,30.8,29.3,24.7,38.1,8.2,0.000,0.000,0.00,0.000,6.0,10.4,1.4,20,26,,,,,,6.0,10.4,1.4,20,26,682,30.01,,,,,,,,,,
TICO,2016-04-05 15:30:00 EDT,43.87469,-73.41879,274,31.1,29.5,22.9,37.4,8.1,0.000,0.000,0.00,0.000,9.5,13.7,2.3,15,17,,,,,,9.5,13.7,2.3,15,17,672,30.01,,,,,,,,,,
TICO,2016-04-05 15:35:00 EDT,43.87469,-73.41879,274,31.5,29.9,24.1,38.6,9.2,0.000,0.000,0.00,0.000,8.2,12.3,1.7,30,24,,,,,,8.2,12.3,1.7,30,24,659,30.01,,,,,,,,,,
TICO,2016-04-05 15:40:00 EDT,43.87469,-73.41879,274,31.5,29.9,23.0,36.3,7.8,0.000,0.000,0.00,0.000,10.2,13.5,2.1,7,15,,,,,,10.2,13.5,2.1,7,15,648,30.01,,,,,,,,,,
TICO,2016-04-05 15:45:00 EDT,43.87469,-73.41879,274,31.0,29.4,22.7,37.2,7.9,0.000,0.000,0.00,0.000,9.6,15.6,2.1,34,10,,,,,,9.6,15.6,2.1,34,10,637,30.01,,,,,,,,,,
TICO,2016-04-05 15:50:00 EDT,43.87469,-73.41879,274,31.7,30.0,24.2,39.2,9.6,0.000,0.000,0.00,0.000,8.4,13.2,2.4,26,22,,,,,,8.4,13.2,2.4,26,22,625,30.01,,,,,,,,,,
TICO,2016-04-05 15:55:00 EDT,43.87469,-73.41879,274,31.1,29.7,23.9,34.7,6.5,0.000,0.000,0.00,0.000,7.8,13.2,1.7,5,17,,,,,,7.8,13.2,1.7,5,17,613,30.01,,,,,,,,,,
TICO,2016-04-05 16:00:00 EDT,43.87469,-73.41879,274,30.9,29.7,23.3,35.3,6.6,0.000,0.000,0.00,0.000,8.4,12.9,2.4,35,18,,,,,,8.4,12.9,2.4,35,18,599,30.01,,,,,,,,,,
TICO,2016-04-05 16:05:00 EDT,43.87469,-73.41879,274,30.6,29.3,22.4,34.9,6.1,0.000,0.000,0.00,0.000,9.3,13.9,2.6,14,13,,,,,,9.3,13.9,2.6,14,13,587,30.01,,,,,,,,,,
TICO,2016-04-05 16:10:00 EDT,43.87469,-73.41879,274,30.6,29.3,23.1,35.1,6.2,0.000,0.000,0.00,0.000,8.1,11.5,1.5,13,17,,,,,,8.1,11.5,1.5,13,17,574,30.01,,,,,,,,,,
TICO,2016-04-05 16:15:00 EDT,43.87469,-73.41879,274,31.1,29.9,22.9,35.5,6.9,0.000,0.000,0.00,0.000,9.4,12.6,1.8,13,9,,,,,,9.4,12.6,1.8,13,9,562,30.01,,,,,,,,,,
TICO,2016-04-05 16:20:00 EDT,43.87469,-73.41879,274,30.2,29.4,30.2,32.0,3.9,0.000,0.000,0.00,0.000,3.0,7.2,1.7,41,23,,,,,,3.0,7.2,1.7,41,23,549,30.01,,,,,,,,,,
TICO,2016-04-05 16:25:00 EDT,43.87469,-73.41879,274,31.2,29.9,24.3,35.4,6.9,0.000,0.000,0.00,0.000,7.4,12.1,3.4,20,23,,,,,,7.4,12.1,3.4,20,23,535,30.01,,,,,,,,,,
TICO,2016-04-05 16:30:00 EDT,43.87469,-73.41879,274,30.9,29.7,24.3,33.9,5.7,0.000,0.000,0.00,0.000,6.8,10.4,1.0,38,11,,,,,,6.8,10.4,1.0,38,11,520,30.01,,,,,,,,,,
TICO,2016-04-05 16:35:00 EDT,43.87469,-73.41879,274,30.8,30.0,23.7,34.4,6.0,0.000,0.000,0.00,0.000,7.5,13.7,2.4,40,13,,,,,,7.5,13.7,2.4,40,13,506,30.01,,,,,,,,,,
TICO,2016-04-05 16:40:00 EDT,43.87469,-73.41879,274,31.2,29.9,24.1,35.2,6.8,0.000,0.000,0.00,0.000,7.7,11.0,1.4,60,10,,,,,,7.7,11.0,1.4,60,10,490,30.00,,,,,,,,,,
TICO,2016-04-05 16:45:00 EDT,43.87469,-73.41879,274,31.6,30.1,26.0,35.1,7.1,0.000,0.000,0.00,0.000,5.6,9.9,1.9,39,29,,,,,,5.6,9.9,1.9,39,29,476,30.00,,,,,,,,,,
TICO,2016-04-05 16:50:00 EDT,43.87469,-73.41879,274,31.3,30.4,24.2,34.7,6.7,0.000,0.000,0.00,0.000,7.8,11.5,1.6,355,22,,,,,,7.8,11.5,1.6,355,22,461,30.00,,,,,,,,,,
TICO,2016-04-05 16:55:00 EDT,43.87469,-73.41879,274,32.2,30.8,25.9,35.8,8.1,0.000,0.000,0.00,0.000,6.8,10.1,1.8,11,15,,,,,,6.8,10.1,1.8,11,15,445,30.00,,,,,,,,,,
TICO,2016-04-05 17:00:00 EDT,43.87469,-73.41879,274,32.1,30.9,27.0,33.4,6.5,0.000,0.000,0.00,0.000,5.2,8.3,1.0,0,18,,,,,,5.2,8.3,1.0,0,18,430,30.00,,,,,,,,,,
TICO,2016-04-05 17:05:00 EDT,43.87469,-73.41879,274,31.2,30.4,24.2,32.5,5.1,0.000,0.000,0.00,0.000,7.6,12.3,2.1,11,22,,,,,,7.6,12.3,2.1,11,22,413,30.01,,,,,,,,,,
TICO,2016-04-05 17:10:00 EDT,43.87469,-73.41879,274,31.8,30.6,25.7,34.4,6.9,0.000,0.000,0.00,0.000,6.4,9.6,1.3,356,17,,,,,,6.4,9.6,1.3,356,17,397,30.01,,,,,,,,,,
TICO,2016-04-05 17:15:00 EDT,43.87469,-73.41879,274,31.3,30.6,24.7,32.3,5.1,0.000,0.000,0.00,0.000,7.0,11.3,2.6,6,12,,,,,,7.0,11.3,2.6,6,12,381,30.01,,,,,,,,,,
TICO,2016-04-05 17:20:00 EDT,43.87469,-73.41879,274,31.3,30.4,25.0,32.9,5.4,0.000,0.000,0.00,0.000,6.5,9.8,1.8,5,16,,,,,,6.5,9.8,1.8,5,16,364,30.01,,,,,,,,,,
TICO,2016-04-05 17:25:00 EDT,43.87469,-73.41879,274,31.5,30.7,25.0,34.5,6.7,0.000,0.000,0.00,0.000,6.8,10.2,1.2,25,15,,,,,,6.8,10.2,1.2,25,15,348,30.01,,,,,,,,,,
TICO,2016-04-05 17:30:00 EDT,43.87469,-73.41879,274,31.4,30.6,24.2,33.3,5.7,0.000,0.000,0.00,0.000,7.8,14.8,2.4,4,12,,,,,,7.8,14.8,2.4,4,12,331,30.01,,,,,,,,,,
TICO,2016-04-05 17:35:00 EDT,43.87469,-73.41879,274,31.4,30.5,23.5,33.8,6.1,0.000,0.000,0.00,0.000,9.0,12.8,1.6,358,10,,,,,,9.0,12.8,1.6,358,10,315,30.01,,,,,,,,,,
TICO,2016-04-05 17:40:00 EDT,43.87469,-73.41879,274,31.3,30.5,24.1,32.9,5.5,0.000,0.000,0.00,0.000,8.0,9.7,1.0,2,17,,,,,,8.0,9.7,1.0,2,17,298,30.01,,,,,,,,,,
TICO,2016-04-05 17:45:00 EDT,43.87469,-73.41879,274,31.5,30.8,24.5,34.9,6.9,0.000,0.000,0.00,0.000,7.7,9.6,1.2,18,11,,,,,,7.7,9.6,1.2,18,11,281,30.01,,,,,,,,,,
TICO,2016-04-05 17:50:00 EDT,43.87469,-73.41879,274,31.3,30.6,24.4,32.6,5.2,0.000,0.000,0.00,0.000,7.2,11.5,1.4,14,15,,,,,,7.2,11.5,1.4,14,15,265,30.01,,,,,,,,,,
TICO,2016-04-05 17:55:00 EDT,43.87469,-73.41879,274,31.3,30.6,23.8,34.5,6.5,0.000,0.000,0.00,0.000,8.4,10.8,1.2,23,16,,,,,,8.4,10.8,1.2,23,16,248,30.01,,,,,,,,,,
TICO,2016-04-05 18:00:00 EDT,43.87469,-73.41879,274,31.2,30.6,24.2,34.3,6.3,0.000,0.000,0.00,0.000,7.5,9.7,1.2,25,7,,,,,,7.5,9.7,1.2,25,7,232,30.01,,,,,,,,,,
TICO,2016-04-05 18:05:00 EDT,43.87469,-73.41879,274,31.4,30.8,24.2,34.1,6.2,0.000,0.000,0.00,0.000,7.8,11.6,1.4,20,17,,,,,,7.8,11.6,1.4,20,17,215,30.01,,,,,,,,,,
TICO,2016-04-05 18:10:00 EDT,43.87469,-73.41879,274,31.1,30.8,24.2,33.4,5.6,0.000,0.000,0.00,0.000,7.3,9.9,1.2,6,15,,,,,,7.3,9.9,1.2,6,15,200,30.01,,,,,,,,,,
TICO,2016-04-05 18:15:00 EDT,43.87469,-73.41879,274,31.1,30.8,24.0,34.6,6.4,0.000,0.000,0.00,0.000,7.7,10.7,1.0,7,18,,,,,,7.7,10.7,1.0,7,18,184,30.01,,,,,,,,,,
TICO,2016-04-05 18:20:00 EDT,43.87469,-73.41879,274,31.0,30.6,24.9,34.1,5.9,0.000,0.000,0.00,0.000,6.1,8.1,1.0,8,16,,,,,,6.1,8.1,1.0,8,16,169,30.01,,,,,,,,,,
TICO,2016-04-05 18:25:00 EDT,43.87469,-73.41879,274,30.9,30.7,24.8,34.4,6.1,0.000,0.000,0.00,0.000,6.1,8.1,0.9,11,8,,,,,,6.1,8.1,0.9,11,8,154,30.01,,,,,,,,,,
TICO,2016-04-05 18:30:00 EDT,43.87469,-73.41879,274,30.8,30.6,24.9,34.9,6.3,0.000,0.000,0.00,0.000,5.8,8.0,1.2,11,13,,,,,,5.8,8.0,1.2,11,13,139,30.01,,,,,,,,,,
TICO,2016-04-05 18:35:00 EDT,43.87469,-73.41879,274,30.6,30.5,24.4,36.3,6.9,0.000,0.000,0.00,0.000,6.1,8.7,1.3,356,15,,,,,,6.1,8.7,1.3,356,15,125,30.01,,,,,,,,,,
TICO,2016-04-05 18:40:00 EDT,43.87469,-73.41879,274,30.2,30.3,23.5,35.9,6.4,0.000,0.000,0.00,0.000,6.8,7.8,0.5,342,5,,,,,,6.8,7.8,0.5,342,5,109,30.01,,,,,,,,,,
TICO,2016-04-05 18:45:00 EDT,43.87469,-73.41879,274,30.1,30.3,23.5,36.1,6.4,0.000,0.000,0.00,0.000,6.5,7.7,0.6,344,4,,,,,,6.5,7.7,0.6,344,4,92,30.01,,,,,,,,,,
TICO,2016-04-05 18:50:00 EDT,43.87469,-73.41879,274,29.9,30.3,24.0,36.0,6.2,0.000,0.000,0.00,0.000,5.7,7.2,0.5,355,8,,,,,,5.7,7.2,0.5,355,8,76,30.01,,,,,,,,,,
TICO,2016-04-05 18:55:00 EDT,43.87469,-73.41879,274,29.9,30.3,24.7,35.5,5.9,0.000,0.000,0.00,0.000,5.0,6.1,0.6,354,11,,,,,,5.0,6.1,0.6,354,11,60,30.01,,,,,,,,,,
TICO,2016-04-05 19:00:00 EDT,43.87469,-73.41879,274,29.5,30.2,23.3,35.6,5.6,0.000,0.000,0.00,0.000,6.0,7.2,0.6,344,6,,,,,,6.0,7.2,0.6,344,6,47,30.01,,,,,,,,,,
TICO,2016-04-05 19:05:00 EDT,43.87469,-73.41879,274,29.1,29.9,23.4,37.3,6.2,0.000,0.000,0.00,0.000,5.3,6.4,0.4,332,4,,,,,,5.3,6.4,0.4,332,4,32,30.01,,,,,,,,,,
TICO,2016-04-05 19:10:00 EDT,43.87469,-73.41879,274,28.9,29.6,23.5,37.6,6.2,0.000,0.000,0.00,0.000,4.9,5.5,0.4,331,3,,,,,,4.9,5.5,0.4,331,3,14,30.01,,,,,,,,,,
TICO,2016-04-05 19:15:00 EDT,43.87469,-73.41879,274,28.6,29.4,22.9,37.9,6.1,0.000,0.000,0.00,0.000,5.1,6.1,0.4,328,3,,,,,,5.1,6.1,0.4,328,3,12,30.01,,,,,,,,,,
TICO,2016-04-05 19:20:00 EDT,43.87469,-73.41879,274,28.4,29.2,23.1,37.7,5.8,0.000,0.000,0.00,0.000,4.8,6.2,0.4,329,4,,,,,,4.8,6.2,0.4,329,4,9,30.01,,,,,,,,,,
TICO,2016-04-05 19:25:00 EDT,43.87469,-73.41879,274,28.0,28.8,22.2,38.3,5.8,0.000,0.000,0.00,0.000,5.2,5.9,0.3,339,5,,,,,,5.2,5.9,0.3,339,5,7,30.00,,,,,,,,,,
TICO,2016-04-05 19:30:00 EDT,43.87469,-73.41879,274,27.5,28.6,21.7,40.2,6.4,0.000,0.000,0.00,0.000,5.1,6.1,0.3,337,4,,,,,,5.1,6.1,0.3,337,4,5,30.00,,,,,,,,,,
TICO,2016-04-05 19:35:00 EDT,43.87469,-73.41879,274,27.3,28.4,21.9,40.9,6.7,0.000,0.000,0.00,0.000,4.7,5.5,0.3,336,3,,,,,,4.7,5.5,0.3,336,3,3,30.00,,,,,,,,,,
TICO,2016-04-05 19:40:00 EDT,43.87469,-73.41879,274,27.6,28.6,21.6,39.5,6.1,0.000,0.000,0.00,0.000,5.3,6.4,0.5,330,4,,,,,,5.3,6.4,0.5,330,4,1,30.00,,,,,,,,,,
TICO,2016-04-05 19:45:00 EDT,43.87469,-73.41879,274,27.9,28.7,21.7,38.3,5.7,0.000,0.000,0.00,0.000,5.6,6.3,0.3,327,4,,,,,,5.6,6.3,0.3,327,4,1,30.01,,,,,,,,,,
TICO,2016-04-05 19:50:00 EDT,43.87469,-73.41879,274,27.7,28.6,21.6,37.6,5.2,0.000,0.000,0.00,0.000,5.5,6.4,0.3,331,4,,,,,,5.5,6.4,0.3,331,4,0,30.00,,,,,,,,,,
TICO,2016-04-05 19:55:00 EDT,43.87469,-73.41879,274,27.1,28.4,21.2,40.0,5.9,0.000,0.000,0.00,0.000,5.1,6.1,0.4,325,3,,,,,,5.1,6.1,0.4,325,3,0,30.01,,,,,,,,,,
TICO,2016-04-05 20:00:00 EDT,43.87469,-73.41879,274,26.8,28.3,21.7,41.9,6.7,0.000,0.000,0.00,0.000,4.3,5.0,0.3,325,4,,,,,,4.3,5.0,0.3,325,4,0,30.01,,,,,,,,,,
TICO,2016-04-05 20:05:00 EDT,43.87469,-73.41879,274,26.9,28.2,22.1,40.8,6.2,0.000,0.000,0.00,0.000,4.0,4.9,0.4,325,4,,,,,,4.0,4.9,0.4,325,4,0,30.01,,,,,,,,,,
TICO,2016-04-05 20:10:00 EDT,43.87469,-73.41879,274,27.1,28.0,23.5,40.3,6.1,0.000,0.000,0.00,0.000,3.2,4.0,0.3,323,4,,,,,,3.2,4.0,0.3,323,4,0,30.01,,,,,,,,,,
TICO,2016-04-05 20:15:00 EDT,43.87469,-73.41879,274,27.3,27.9,27.3,39.7,5.9,0.000,0.000,0.00,0.000,2.9,3.7,0.3,318,4,,,,,,2.9,3.7,0.3,318,4,0,30.01,,,,,,,,,,
TICO,2016-04-05 20:20:00 EDT,43.87469,-73.41879,274,27.6,28.0,27.6,38.7,5.6,0.000,0.000,0.00,0.000,2.9,3.7,0.3,310,5,,,,,,2.9,3.7,0.3,310,5,0,30.01,,,,,,,,,,
TICO,2016-04-05 20:25:00 EDT,43.87469,-73.41879,274,27.4,28.0,27.4,38.9,5.6,0.000,0.000,0.00,0.000,1.9,2.8,0.5,294,8,,,,,,1.9,2.8,0.5,294,8,0,30.01,,,,,,,,,,
TICO,2016-04-05 20:30:00 EDT,43.87469,-73.41879,274,26.9,27.5,26.9,40.6,6.2,0.000,0.000,0.00,0.000,1.9,2.6,0.4,273,8,,,,,,1.9,2.6,0.4,273,8,0,30.01,,,,,,,,,,
TICO,2016-04-05 20:35:00 EDT,43.87469,-73.41879,274,24.9,26.5,20.4,47.2,7.6,0.000,0.000,0.00,0.000,3.6,4.6,0.6,258,5,,,,,,3.6,4.6,0.6,258,5,0,30.01,,,,,,,,,,
TICO,2016-04-05 20:40:00 EDT,43.87469,-73.41879,274,24.7,27.0,18.7,52.6,9.8,0.000,0.000,0.00,0.000,4.8,5.3,0.3,277,3,,,,,,4.8,5.3,0.3,277,3,0,30.01,,,,,,,,,,
TICO,2016-04-05 20:45:00 EDT,43.87469,-73.41879,274,25.0,27.3,18.2,52.5,10.1,0.000,0.000,0.00,0.000,5.7,6.2,0.2,276,3,,,,,,5.7,6.2,0.2,276,3,0,30.02,,,,,,,,,,
TICO,2016-04-05 20:50:00 EDT,43.87469,-73.41879,274,24.9,27.0,18.4,51.8,9.7,0.000,0.000,0.00,0.000,5.4,6.0,0.3,278,4,,,,,,5.4,6.0,0.3,278,4,0,30.02,,,,,,,,,,
TICO,2016-04-05 20:55:00 EDT,43.87469,-73.41879,274,25.5,27.1,19.6,49.3,9.1,0.000,0.000,0.00,0.000,4.9,5.6,0.4,285,3,,,,,,4.9,5.6,0.4,285,3,0,30.02,,,,,,,,,,
TICO,2016-04-05 21:00:00 EDT,43.87469,-73.41879,274,24.0,25.8,18.4,55.0,10.2,0.000,0.000,0.00,0.000,4.4,6.7,1.3,228,32,,,,,,4.4,6.7,1.3,228,32,0,30.02,,,,,,,,,,
TICO,2016-04-05 21:05:00 EDT,43.87469,-73.41879,274,23.9,25.4,17.0,60.3,12.1,0.000,0.000,0.00,0.000,5.5,6.0,0.2,211,4,,,,,,5.5,6.0,0.2,211,4,0,30.02,,,,,,,,,,
TICO,2016-04-05 21:10:00 EDT,43.87469,-73.41879,274,23.9,25.5,17.0,59.7,11.9,0.000,0.000,0.00,0.000,5.6,6.1,0.3,216,1,,,,,,5.6,6.1,0.3,216,1,0,30.02,,,,,,,,,,
TICO,2016-04-05 21:15:00 EDT,43.87469,-73.41879,274,24.2,25.9,18.0,56.9,11.1,0.000,0.000,0.00,0.000,5.0,5.3,0.2,220,2,,,,,,5.0,5.3,0.2,220,2,0,30.02,,,,,,,,,,
TICO,2016-04-05 21:20:00 EDT,43.87469,-73.41879,274,24.6,26.1,19.1,54.5,10.5,0.000,0.000,0.00,0.000,4.4,4.7,0.4,228,4,,,,,,4.4,4.7,0.4,228,4,0,30.02,,,,,,,,,,
TICO,2016-04-05 21:25:00 EDT,43.87469,-73.41879,274,24.9,25.8,20.5,48.6,8.2,0.000,0.000,0.00,0.000,3.5,3.8,0.2,238,2,,,,,,3.5,3.8,0.2,238,2,0,30.02,,,,,,,,,,
TICO,2016-04-05 21:30:00 EDT,43.87469,-73.41879,274,24.0,25.3,18.9,51.3,8.6,0.000,0.000,0.00,0.000,3.9,4.5,0.3,241,2,,,,,,3.9,4.5,0.3,241,2,0,30.02,,,,,,,,,,
TICO,2016-04-05 21:35:00 EDT,43.87469,-73.41879,274,23.6,25.1,18.6,52.9,8.9,0.000,0.000,0.00,0.000,3.8,4.1,0.1,240,6,,,,,,3.8,4.1,0.1,240,6,0,30.02,,,,,,,,,,
TICO,2016-04-05 21:40:00 EDT,43.87469,-73.41879,274,23.0,24.5,16.8,61.1,11.6,0.000,0.000,0.00,0.000,4.7,5.8,0.6,216,2,,,,,,4.7,5.8,0.6,216,2,0,30.02,,,,,,,,,,
TICO,2016-04-05 21:45:00 EDT,43.87469,-73.41879,274,23.0,24.7,15.7,60.9,11.5,0.000,0.000,0.00,0.000,5.8,6.1,0.1,219,2,,,,,,5.8,6.1,0.1,219,2,0,30.02,,,,,,,,,,
TICO,2016-04-05 21:50:00 EDT,43.87469,-73.41879,274,23.0,24.9,15.7,59.1,10.8,0.000,0.000,0.00,0.000,5.8,6.4,0.2,214,5,,,,,,5.8,6.4,0.2,214,5,0,30.02,,,,,,,,,,
TICO,2016-04-05 21:55:00 EDT,43.87469,-73.41879,274,22.8,24.8,14.8,61.4,11.5,0.000,0.000,0.00,0.000,6.6,7.7,0.4,211,2,,,,,,6.6,7.7,0.4,211,2,0,30.03,,,,,,,,,,
TICO,2016-04-05 22:00:00 EDT,43.87469,-73.41879,274,22.9,24.6,15.5,60.2,11.2,0.000,0.000,0.00,0.000,5.9,6.4,0.2,218,2,,,,,,5.9,6.4,0.2,218,2,0,30.03,,,,,,,,,,
TICO,2016-04-05 22:05:00 EDT,43.87469,-73.41879,274,23.2,24.5,17.0,58.7,10.9,0.000,0.000,0.00,0.000,4.7,5.6,0.5,219,2,,,,,,4.7,5.6,0.5,219,2,0,30.03,,,,,,,,,,
TICO,2016-04-05 22:10:00 EDT,43.87469,-73.41879,274,23.5,24.4,18.2,56.3,10.2,0.000,0.000,0.00,0.000,4.0,4.5,0.2,219,3,,,,,,4.0,4.5,0.2,219,3,0,30.03,,,,,,,,,,
TICO,2016-04-05 22:15:00 EDT,43.87469,-73.41879,274,23.1,24.2,16.1,58.6,10.7,0.000,0.000,0.00,0.000,5.5,6.4,0.6,210,2,,,,,,5.5,6.4,0.6,210,2,0,30.03,,,,,,,,,,
TICO,2016-04-05 22:20:00 EDT,43.87469,-73.41879,274,22.4,23.9,14.8,60.8,10.9,0.000,0.000,0.00,0.000,6.0,6.9,0.4,212,3,,,,,,6.0,6.9,0.4,212,3,0,30.03,,,,,,,,,,
TICO,2016-04-05 22:25:00 EDT,43.87469,-73.41879,274,22.8,24.1,14.9,59.6,10.8,0.000,0.000,0.00,0.000,6.4,7.1,0.3,206,3,,,,,,6.4,7.1,0.3,206,3,0,30.03,,,,,,,,,,
TICO,2016-04-05 22:30:00 EDT,43.87469,-73.41879,274,22.9,24.0,16.0,59.1,10.8,0.000,0.000,0.00,0.000,5.5,6.4,0.3,208,3,,,,,,5.5,6.4,0.3,208,3,0,30.03,,,,,,,,,,
TICO,2016-04-05 22:35:00 EDT,43.87469,-73.41879,274,22.5,24.3,15.1,59.9,10.7,0.000,0.000,0.00,0.000,5.8,6.5,0.4,199,4,,,,,,5.8,6.5,0.4,199,4,0,30.03,,,,,,,,,,
TICO,2016-04-05 22:40:00 EDT,43.87469,-73.41879,274,21.7,24.5,14.0,64.7,11.6,0.000,0.000,0.00,0.000,5.9,6.6,0.4,208,3,,,,,,5.9,6.6,0.4,208,3,0,30.03,,,,,,,,,,
TICO,2016-04-05 22:45:00 EDT,43.87469,-73.41879,274,22.3,24.2,14.3,61.5,11.0,0.000,0.000,0.00,0.000,6.3,7.5,0.6,207,4,,,,,,6.3,7.5,0.6,207,4,0,30.02,,,,,,,,,,
TICO,2016-04-05 22:50:00 EDT,43.87469,-73.41879,274,22.6,24.2,14.1,58.8,10.3,0.000,0.000,0.00,0.000,7.0,7.9,0.3,210,2,,,,,,7.0,7.9,0.3,210,2,0,30.03,,,,,,,,,,
TICO,2016-04-05 22:55:00 EDT,43.87469,-73.41879,274,22.2,23.3,15.2,60.7,10.6,0.000,0.000,0.00,0.000,5.3,6.6,0.6,216,2,,,,,,5.3,6.6,0.6,216,2,0,30.03,,,,,,,,,,
TICO,2016-04-05 23:00:00 EDT,43.87469,-73.41879,274,22.2,23.5,15.4,59.3,10.1,0.000,0.000,0.00,0.000,5.1,6.4,0.5,222,2,,,,,,5.1,6.4,0.5,222,2,0,30.03,,,,,,,,,,
TICO,2016-04-05 23:05:00 EDT,43.87469,-73.41879,274,22.1,23.6,14.1,59.5,10.2,0.000,0.000,0.00,0.000,6.4,7.2,0.3,217,3,,,,,,6.4,7.2,0.3,217,3,0,30.03,,,,,,,,,,
TICO,2016-04-05 23:10:00 EDT,43.87469,-73.41879,274,21.6,23.1,12.8,61.7,10.5,0.000,0.000,0.00,0.000,7.3,8.0,0.8,218,7,,,,,,7.3,8.0,0.8,218,7,0,30.03,,,,,,,,,,
TICO,2016-04-05 23:15:00 EDT,43.87469,-73.41879,274,21.7,23.1,14.1,61.1,10.3,0.000,0.000,0.00,0.000,5.8,6.6,0.4,221,8,,,,,,5.8,6.6,0.4,221,8,0,30.03,,,,,,,,,,
TICO,2016-04-05 23:20:00 EDT,43.87469,-73.41879,274,20.9,22.6,14.1,60.9,9.5,0.000,0.000,0.00,0.000,5.0,5.9,0.5,235,8,,,,,,5.0,5.9,0.5,235,8,0,30.03,,,,,,,,,,
TICO,2016-04-05 23:25:00 EDT,43.87469,-73.41879,274,21.1,22.6,14.2,60.3,9.5,0.000,0.000,0.00,0.000,5.1,6.1,0.5,215,9,,,,,,5.1,6.1,0.5,215,9,0,30.03,,,,,,,,,,
TICO,2016-04-05 23:30:00 EDT,43.87469,-73.41879,274,21.1,23.0,13.5,61.8,10.1,0.000,0.000,0.00,0.000,5.8,7.2,0.7,214,9,,,,,,5.8,7.2,0.7,214,9,0,30.03,,,,,,,,,,
TICO,2016-04-05 23:35:00 EDT,43.87469,-73.41879,274,21.6,23.4,13.9,61.0,10.2,0.000,0.000,0.00,0.000,5.9,6.9,0.4,206,9,,,,,,5.9,6.9,0.4,206,9,0,30.03,,,,,,,,,,
TICO,2016-04-05 23:40:00 EDT,43.87469,-73.41879,274,22.0,24.2,16.3,58.0,9.4,0.000,0.000,0.00,0.000,4.2,5.4,0.5,195,7,,,,,,4.2,5.4,0.5,195,7,0,30.03,,,,,,,,,,
TICO,2016-04-05 23:45:00 EDT,43.87469,-73.41879,274,21.5,24.1,15.5,60.9,10.1,0.000,0.000,0.00,0.000,4.3,5.0,0.3,193,4,,,,,,4.3,5.0,0.3,193,4,0,30.03,,,,,,,,,,
TICO,2016-04-05 23:50:00 EDT,43.87469,-73.41879,274,22.3,25.2,15.5,56.1,9.0,0.000,0.000,0.00,0.000,5.1,5.9,0.5,214,13,,,,,,5.1,5.9,0.5,214,13,0,30.03,,,,,,,,,,
TICO,2016-04-05 23:55:00 EDT,43.87469,-73.41879,274,22.3,24.2,18.3,56.5,9.2,0.000,0.000,0.00,0.000,3.0,4.3,0.6,214,18,,,,,,3.0,4.3,0.6,214,18,0,30.03,,,,,,,,,,
TULL,2016-04-05 00:00:00 EDT,42.79463,-76.11555,1241,16.7,18.1,10.8,57.5,4.3,0.000,0.270,0.00,0.000,3.7,5.3,0.6,338,7,4.4,6.7,0.7,343,8,3.7,5.3,0.6,338,7,0,28.80,,,,,37.2,40.1,42.8,,,
TULL,2016-04-05 00:05:00 EDT,42.79463,-76.11555,1241,17.2,18.1,10.8,56.9,4.5,0.000,0.000,0.00,0.000,4.1,5.8,0.5,347,5,4.7,6.3,0.6,353,5,4.1,5.8,0.5,347,5,0,28.80,,,,,37.2,40.1,42.8,,,
TULL,2016-04-05 00:10:00 EDT,42.79463,-76.11555,1241,16.9,18.0,11.0,58.7,4.9,0.000,0.000,0.00,0.000,3.7,5.1,0.4,346,5,4.4,6.0,0.5,352,5,3.7,5.1,0.4,346,5,0,28.80,,,,,37.2,40.1,42.8,,,
TULL,2016-04-05 00:15:00 EDT,42.79463,-76.11555,1241,16.6,18.0,10.8,59.4,4.9,0.000,0.000,0.00,0.000,3.7,5.6,0.5,349,6,4.3,6.5,0.6,354,5,3.7,5.6,0.5,349,6,0,28.80,,,,,37.2,40.1,42.8,,,
TULL,2016-04-05 00:20:00 EDT,42.79463,-76.11555,1241,16.6,17.9,11.2,59.3,4.9,0.000,0.000,0.00,0.000,3.4,4.5,0.4,354,7,4.0,6.0,0.5,359,7,3.4,4.5,0.4,354,7,0,28.81,,,,,37.2,40.1,42.8,,,
TULL,2016-04-05 00:25:00 EDT,42.79463,-76.11555,1241,16.5,17.8,10.6,58.6,4.5,0.000,0.000,0.00,0.000,3.7,4.5,0.3,4,12,4.2,5.4,0.4,7,5,3.7,4.5,0.3,4,12,0,28.81,,,,,37.2,40.1,42.8,,,
TULL,2016-04-05 00:30:00 EDT,42.79463,-76.11555,1241,16.2,17.7,10.2,58.2,4.1,0.000,0.000,0.00,0.000,3.7,4.4,0.3,359,5,4.3,5.4,0.3,3,4,3.7,4.4,0.3,359,5,0,28.81,,,,,37.2,40.1,42.8,,,
TULL,2016-04-05 00:35:00 EDT,42.79463,-76.11555,1241,16.2,17.5,9.9,58.3,4.1,0.000,0.000,0.00,0.000,3.9,4.5,0.3,1,13,4.4,5.4,0.3,4,4,3.9,4.5,0.3,1,13,0,28.81,,,,,37.2,40.1,42.8,,,
TULL,2016-04-05 00:40:00 EDT,42.79463,-76.11555,1241,15.8,17.5,9.1,58.8,3.9,0.000,0.000,0.00,0.000,4.2,5.0,0.3,358,8,4.7,5.8,0.3,1,3,4.2,5.0,0.3,358,8,0,28.81,,,,,37.2,40.1,42.8,,,
TULL,2016-04-05 00:45:00 EDT,42.79463,-76.11555,1241,15.8,17.4,9.7,59.1,4.1,0.000,0.000,0.00,0.000,3.8,5.0,0.4,357,5,4.4,5.6,0.4,1,4,3.8,5.0,0.4,357,5,0,28.81,,,,,37.2,40.1,42.7,,,
TULL,2016-04-05 00:50:00 EDT,42.79463,-76.11555,1241,15.3,17.3,8.9,60.2,3.9,0.000,0.000,0.00,0.000,3.9,4.6,0.3,350,5,4.5,5.6,0.3,354,5,3.9,4.6,0.3,350,5,0,28.81,,,,,37.2,40.1,42.7,,,
TULL,2016-04-05 00:55:00 EDT,42.79463,-76.11555,1241,14.9,17.2,8.1,62.7,4.5,0.000,0.000,0.00,0.000,4.2,5.6,0.7,344,7,4.9,6.7,0.8,349,7,4.2,5.6,0.7,344,7,0,28.81,,,,,37.2,40.1,42.7,,,
TULL,2016-04-05 01:00:00 EDT,42.79463,-76.11555,1241,15.4,17.0,8.2,61.9,4.7,0.000,0.000,0.00,0.000,4.5,6.3,0.7,341,7,5.2,7.6,0.8,347,7,4.5,6.3,0.7,341,7,0,28.81,,,,,37.2,40.1,42.7,,,
TULL,2016-04-05 01:05:00 EDT,42.79463,-76.11555,1241,15.7,17.2,8.3,59.4,4.0,0.000,0.000,0.00,0.000,4.7,6.1,0.6,337,8,5.4,7.6,0.8,342,8,4.7,6.1,0.6,337,8,0,28.81,,,,,37.2,40.1,42.7,,,
TULL,2016-04-05 01:10:00 EDT,42.79463,-76.11555,1241,15.5,17.4,8.3,59.2,3.8,0.000,0.000,0.00,0.000,4.5,5.7,0.6,337,6,5.1,6.5,0.7,342,7,4.5,5.7,0.6,337,6,0,28.81,,,,,37.2,40.1,42.7,,,
TULL,2016-04-05 01:15:00 EDT,42.79463,-76.11555,1241,16.1,17.4,9.5,59.8,4.6,0.000,0.000,0.00,0.000,4.1,5.2,0.4,344,5,4.8,5.8,0.5,349,6,4.1,5.2,0.4,344,5,0,28.81,,,,,37.2,40.1,42.7,,,
TULL,2016-04-05 01:20:00 EDT,42.79463,-76.11555,1241,15.9,17.4,9.9,60.5,4.6,0.000,0.000,0.00,0.000,3.7,4.8,0.4,351,3,4.4,6.0,0.4,356,4,3.7,4.8,0.4,351,3,0,28.81,,,,,37.2,40.1,42.7,,,
TULL,2016-04-05 01:25:00 EDT,42.79463,-76.11555,1241,15.4,17.3,9.8,61.9,4.6,0.000,0.000,0.00,0.000,3.4,4.1,0.3,347,10,4.1,4.9,0.4,354,5,3.4,4.1,0.3,347,10,0,28.82,,,,,37.2,40.1,42.6,,,
TULL,2016-04-05 01:30:00 EDT,42.79463,-76.11555,1241,15.5,17.2,9.1,61.8,4.7,0.000,0.000,0.00,0.000,3.9,5.3,0.6,350,4,4.5,5.8,0.6,355,5,3.9,5.3,0.6,350,4,0,28.82,,,,,37.2,40.1,42.6,,,
TULL,2016-04-05 01:35:00 EDT,42.79463,-76.11555,1241,14.6,17.2,8.0,61.4,3.7,0.000,0.000,0.00,0.000,4.0,5.1,0.5,354,6,4.6,5.6,0.5,358,5,4.0,5.1,0.5,354,6,0,28.82,,,,,37.2,40.1,42.7,,,
TULL,2016-04-05 01:40:00 EDT,42.79463,-76.11555,1241,14.5,17.0,8.3,63.0,4.2,0.000,0.000,0.00,0.000,3.7,4.8,0.4,348,5,4.3,5.8,0.4,353,6,3.7,4.8,0.4,348,5,0,28.82,,,,,37.2,40.1,42.6,,,
TULL,2016-04-05 01:45:00 EDT,42.79463,-76.11555,1241,14.9,17.1,8.3,62.4,4.4,0.000,0.000,0.00,0.000,4.0,5.5,0.5,348,6,4.7,6.7,0.6,353,6,4.0,5.5,0.5,348,6,0,28.82,,,,,37.2,40.1,42.6,,,
TULL,2016-04-05 01:50:00 EDT,42.79463,-76.11555,1241,14.8,17.1,8.9,62.2,4.2,0.000,0.000,0.00,0.000,3.5,5.2,0.5,347,7,4.3,7.2,0.6,352,7,3.5,5.2,0.5,347,7,0,28.82,,,,,37.2,40.1,42.6,,,
TULL,2016-04-05 01:55:00 EDT,42.79463,-76.11555,1241,15.2,17.1,9.7,62.1,4.6,0.000,0.000,0.00,0.000,3.4,4.2,0.3,348,5,4.1,4.9,0.3,352,5,3.4,4.2,0.3,348,5,0,28.82,,,,,37.2,40.0,42.6,,,
TULL,2016-04-05 02:00:00 EDT,42.79463,-76.11555,1241,14.1,16.8,9.0,62.2,3.6,0.000,0.000,0.00,0.000,3.0,4.5,0.4,353,4,3.7,5.6,0.4,359,4,3.0,4.5,0.4,353,4,0,28.82,,,,,37.2,40.0,42.6,,,
TULL,2016-04-05 02:05:00 EDT,42.79463,-76.11555,1241,11.2,16.3,11.2,65.5,1.9,0.000,0.000,0.00,0.000,2.7,3.3,0.2,354,6,3.4,4.0,0.3,360,6,2.7,3.3,0.2,354,6,0,28.82,,,,,37.2,40.0,42.6,,,
TULL,2016-04-05 02:10:00 EDT,42.79463,-76.11555,1241,9.3,16.0,9.3,69.0,1.2,0.000,0.000,0.00,0.000,2.7,3.3,0.3,2,14,3.2,4.3,0.4,8,12,2.7,3.3,0.3,2,14,0,28.82,,,,,37.2,40.0,42.6,,,
TULL,2016-04-05 02:15:00 EDT,42.79463,-76.11555,1241,8.0,14.9,2.0,74.8,1.7,0.000,0.000,0.00,0.000,3.1,3.9,0.2,15,5,3.4,5.1,0.4,20,7,3.1,3.9,0.2,15,5,0,28.82,,,,,37.2,39.9,42.6,,,
TULL,2016-04-05 02:20:00 EDT,42.79463,-76.11555,1241,6.3,16.4,-1.0,75.7,0.3,0.000,0.000,0.00,0.000,3.7,4.5,0.3,15,6,4.1,5.1,0.4,19,7,3.7,4.5,0.3,15,6,0,28.82,,,,,37.2,39.9,42.6,,,
TULL,2016-04-05 02:25:00 EDT,42.79463,-76.11555,1241,9.1,16.7,1.8,80.2,4.2,0.000,0.000,0.00,0.000,3.9,4.6,0.3,9,4,4.3,5.4,0.5,12,6,3.9,4.6,0.3,9,4,0,28.83,,,,,37.2,39.9,42.6,,,
TULL,2016-04-05 02:30:00 EDT,42.79463,-76.11555,1241,10.6,16.5,2.9,76.6,4.7,0.000,0.000,0.00,0.000,4.3,5.3,0.4,2,10,4.8,6.5,0.5,5,6,4.3,5.3,0.4,2,10,0,28.83,,,,,37.2,39.9,42.6,,,
TULL,2016-04-05 02:35:00 EDT,42.79463,-76.11555,1241,7.9,15.8,0.6,73.7,1.2,0.000,0.000,0.00,0.000,3.8,4.5,0.3,14,5,4.1,4.9,0.4,18,6,3.8,4.5,0.3,14,5,0,28.83,,,,,37.2,39.9,42.6,,,
TULL,2016-04-05 02:40:00 EDT,42.79463,-76.11555,1241,6.6,14.1,-1.1,74.6,0.2,0.000,0.000,0.00,0.000,3.9,4.5,0.2,20,4,4.1,4.7,0.4,25,6,3.9,4.5,0.2,20,4,0,28.83,,,,,37.2,39.9,42.6,,,
TULL,2016-04-05 02:45:00 EDT,42.79463,-76.11555,1241,6.8,10.9,6.8,77.5,1.2,0.000,0.000,0.00,0.000,3.0,3.9,0.3,28,4,3.0,4.7,0.5,35,7,3.0,3.9,0.3,28,4,0,28.83,,,,,37.2,39.9,42.6,,,
TULL,2016-04-05 02:50:00 EDT,42.79463,-76.11555,1241,6.6,10.8,0.1,79.4,1.6,0.000,0.000,0.00,0.000,3.2,4.1,0.4,25,4,3.3,4.9,0.5,30,7,3.2,4.1,0.4,25,4,0,28.83,,,,,37.2,39.9,42.6,,,
TULL,2016-04-05 02:55:00 EDT,42.79463,-76.11555,1241,6.8,10.7,6.8,79.3,1.8,0.000,0.000,0.00,0.000,2.8,3.7,0.4,24,5,2.9,4.5,0.6,32,7,2.8,3.7,0.4,24,5,0,28.83,,,,,37.2,39.9,42.6,,,
TULL,2016-04-05 03:00:00 EDT,42.79463,-76.11555,1241,5.8,10.5,5.8,78.7,0.7,0.000,0.000,0.00,0.000,2.5,3.2,0.4,30,7,2.6,3.6,0.4,37,8,2.5,3.2,0.4,30,7,0,28.83,,,,,37.2,39.9,42.6,,,
TULL,2016-04-05 03:05:00 EDT,42.79463,-76.11555,1241,6.6,11.8,0.3,82.0,2.3,0.000,0.000,0.00,0.000,3.1,3.9,0.4,20,4,3.3,4.5,0.5,25,7,3.1,3.9,0.4,20,4,0,28.83,,,,,37.2,39.9,42.6,,,
TULL,2016-04-05 03:10:00 EDT,42.79463,-76.11555,1241,6.2,10.7,6.2,79.7,1.3,0.000,0.000,0.00,0.000,2.5,3.9,0.7,28,8,2.6,4.3,0.7,35,10,2.5,3.9,0.7,28,8,0,28.84,,,,,37.2,39.9,42.6,,,
TULL,2016-04-05 03:15:00 EDT,42.79463,-76.11555,1241,3.6,7.9,-3.2,79.5,-1.4,0.000,0.000,0.00,0.000,3.2,3.7,0.3,53,5,3.3,4.3,0.4,54,5,3.2,3.7,0.3,53,5,0,28.84,,,,,37.2,39.9,42.6,,,
TULL,2016-04-05 03:20:00 EDT,42.79463,-76.11555,1241,4.1,7.0,4.1,81.5,-0.3,0.000,0.000,0.00,0.000,2.3,4.0,0.9,42,12,2.4,4.5,0.9,43,12,2.3,4.0,0.9,42,12,0,28.84,,,,,37.2,39.9,42.6,,,
TULL,2016-04-05 03:25:00 EDT,42.79463,-76.11555,1241,5.4,7.6,5.4,85.0,1.8,0.000,0.000,0.00,0.000,1.8,3.0,0.6,32,7,2.0,3.4,0.5,39,9,1.8,3.0,0.6,32,7,0,28.84,,,,,37.2,39.9,42.6,,,
TULL,2016-04-05 03:30:00 EDT,42.79463,-76.11555,1241,4.5,8.0,4.5,82.5,0.4,0.000,0.000,0.00,0.000,2.2,3.6,0.5,36,8,2.3,4.3,0.6,42,7,2.2,3.6,0.5,36,8,0,28.84,,,,,37.2,39.9,42.6,,,
TULL,2016-04-05 03:35:00 EDT,42.79463,-76.11555,1241,3.1,6.5,-3.8,80.4,-1.5,0.000,0.000,0.00,0.000,3.2,4.0,0.4,49,3,3.2,4.5,0.6,50,3,3.2,4.0,0.4,49,3,0,28.84,,,,,37.2,39.9,42.6,,,
TULL,2016-04-05 03:40:00 EDT,42.79463,-76.11555,1241,4.0,6.8,4.0,83.8,0.2,0.000,0.000,0.00,0.000,2.4,3.4,0.5,37,9,2.4,3.4,0.4,40,7,2.4,3.4,0.5,37,9,0,28.84,,,,,37.2,39.9,42.6,,,
TULL,2016-04-05 03:45:00 EDT,42.79463,-76.11555,1241,4.3,7.5,4.3,84.0,0.5,0.000,0.000,0.00,0.000,1.5,2.2,0.3,30,8,1.8,2.7,0.3,35,8,1.5,2.2,0.3,30,8,0,28.85,,,,,37.2,39.9,42.6,,,
TULL,2016-04-05 03:50:00 EDT,42.79463,-76.11555,1241,3.8,7.4,3.8,83.0,-0.2,0.000,0.000,0.00,0.000,1.9,2.9,0.5,47,17,2.1,3.4,0.6,52,14,1.9,2.9,0.5,47,17,0,28.85,,,,,37.1,39.9,42.6,,,
TULL,2016-04-05 03:55:00 EDT,42.79463,-76.11555,1241,3.9,5.7,3.9,84.3,0.2,0.000,0.000,0.00,0.000,1.6,2.3,0.3,59,1,2.0,2.5,0.3,65,6,1.6,2.3,0.3,59,1,0,28.85,,,,,37.1,39.9,42.5,,,
TULL,2016-04-05 04:00:00 EDT,42.79463,-76.11555,1241,4.2,5.6,4.2,84.2,0.5,0.000,0.000,0.00,0.000,1.5,2.2,0.3,62,7,2.1,2.9,0.3,74,6,1.5,2.2,0.3,62,7,0,28.85,,,,,37.1,39.9,42.5,,,
TULL,2016-04-05 04:05:00 EDT,42.79463,-76.11555,1241,4.2,5.4,4.2,84.2,0.5,0.000,0.000,0.00,0.000,1.4,1.8,0.2,79,0,1.8,2.5,0.2,83,6,1.4,1.8,0.2,79,0,0,28.85,,,,,37.0,39.9,42.5,,,
TULL,2016-04-05 04:10:00 EDT,42.79463,-76.11555,1241,2.4,5.5,2.4,84.6,-1.1,0.000,0.000,0.00,0.000,1.3,1.9,0.3,75,1,1.8,2.5,0.3,74,7,1.3,1.9,0.3,75,1,0,28.86,,,,,37.1,39.9,42.4,,,
TULL,2016-04-05 04:15:00 EDT,42.79463,-76.11555,1241,1.3,5.3,1.3,86.0,-1.9,0.000,0.000,0.00,0.000,1.5,1.8,0.1,74,0,2.0,2.5,0.2,79,6,1.5,1.8,0.1,74,0,0,28.86,,,,,37.1,39.9,42.5,,,
TULL,2016-04-05 04:20:00 EDT,42.79463,-76.11555,1241,0.9,5.2,0.9,86.5,-2.1,0.000,0.000,0.00,0.000,1.5,1.8,0.2,74,0,2.1,2.7,0.3,77,6,1.5,1.8,0.2,74,0,0,28.86,,,,,37.0,39.9,42.4,,,
TULL,2016-04-05 04:25:00 EDT,42.79463,-76.11555,1241,1.6,5.3,1.6,87.8,-1.2,0.000,0.000,0.00,0.000,1.5,1.9,0.2,74,0,2.1,2.5,0.2,78,6,1.5,1.9,0.2,74,0,0,28.86,,,,,37.0,39.9,42.4,,,
TULL,2016-04-05 04:30:00 EDT,42.79463,-76.11555,1241,2.8,5.1,2.8,87.9,0.1,0.000,0.000,0.00,0.000,1.7,2.0,0.1,74,0,2.4,2.7,0.1,77,4,1.7,2.0,0.1,74,0,0,28.86,,,,,37.0,39.9,42.5,,,
TULL,2016-04-05 04:35:00 EDT,42.79463,-76.11555,1241,2.7,5.3,2.7,84.7,-0.8,0.000,0.000,0.00,0.000,1.4,1.9,0.3,71,3,1.9,2.5,0.4,65,7,1.4,1.9,0.3,71,3,0,28.87,,,,,37.0,39.9,42.5,,,
TULL,2016-04-05 04:40:00 EDT,42.79463,-76.11555,1241,2.1,5.9,2.1,82.6,-2.0,0.000,0.000,0.00,0.000,0.9,1.2,0.2,68,0,1.3,1.8,0.2,58,6,0.9,1.2,0.2,68,0,0,28.87,,,,,37.0,39.9,42.4,,,
TULL,2016-04-05 04:45:00 EDT,42.79463,-76.11555,1241,1.9,5.9,1.9,83.5,-1.9,0.000,0.000,0.00,0.000,0.6,1.1,0.4,68,0,1.1,1.6,0.2,54,6,0.6,1.1,0.4,68,0,0,28.87,,,,,37.0,39.9,42.4,,,
TULL,2016-04-05 04:50:00 EDT,42.79463,-76.11555,1241,2.0,5.7,2.0,85.5,-1.3,0.000,0.000,0.00,0.000,1.3,2.1,0.5,68,0,1.8,2.7,0.5,67,6,1.3,2.1,0.5,68,0,0,28.87,,,,,37.0,39.9,42.4,,,
TULL,2016-04-05 04:55:00 EDT,42.79463,-76.11555,1241,1.4,4.6,1.4,84.6,-2.2,0.000,0.000,0.00,0.000,1.8,2.1,0.2,68,0,2.3,2.7,0.2,74,2,1.8,2.1,0.2,68,0,0,28.88,,,,,37.0,39.9,42.4,,,
TULL,2016-04-05 05:00:00 EDT,42.79463,-76.11555,1241,2.0,4.4,2.0,87.1,-0.9,0.000,0.000,0.00,0.000,1.9,2.2,0.1,68,0,2.4,2.9,0.2,73,4,1.9,2.2,0.1,68,0,0,28.88,,,,,37.0,39.9,42.4,,,
TULL,2016-04-05 05:05:00 EDT,42.79463,-76.11555,1241,1.3,4.3,1.3,85.3,-2.0,0.000,0.000,0.00,0.000,1.8,2.0,0.1,68,0,2.1,2.7,0.2,65,6,1.8,2.0,0.1,68,0,0,28.88,,,,,37.0,39.9,42.4,,,
TULL,2016-04-05 05:10:00 EDT,42.79463,-76.11555,1241,2.0,4.4,2.0,85.4,-1.4,0.000,0.000,0.00,0.000,2.1,2.4,0.3,68,0,2.6,3.1,0.4,69,4,2.1,2.4,0.3,68,0,0,28.88,,,,,37.0,39.9,42.4,,,
TULL,2016-04-05 05:15:00 EDT,42.79463,-76.11555,1241,1.7,4.6,1.7,85.0,-1.7,0.000,0.000,0.00,0.000,1.9,2.4,0.2,67,0,2.2,3.1,0.3,64,4,1.9,2.4,0.2,67,0,0,28.88,,,,,37.0,39.8,42.4,,,
TULL,2016-04-05 05:20:00 EDT,42.79463,-76.11555,1241,0.3,4.4,0.3,83.8,-3.4,0.000,0.000,0.00,0.000,1.5,2.0,0.5,67,0,1.8,2.5,0.4,60,9,1.5,2.0,0.5,67,0,0,28.89,,,,,37.0,39.7,42.4,,,
TULL,2016-04-05 05:25:00 EDT,42.79463,-76.11555,1241,-0.0,5.3,-0.0,83.3,-3.9,0.000,0.000,0.00,0.000,0.7,1.2,0.3,67,0,1.2,1.6,0.2,43,6,0.7,1.2,0.3,67,0,0,28.89,,,,,37.0,39.8,42.4,,,
TULL,2016-04-05 05:30:00 EDT,42.79463,-76.11555,1241,0.1,5.1,0.1,86.2,-3.1,0.000,0.000,0.00,0.000,1.3,1.8,0.2,51,7,1.5,2.2,0.2,49,5,1.3,1.8,0.2,51,7,0,28.89,,,,,37.0,39.8,42.4,,,
TULL,2016-04-05 05:35:00 EDT,42.79463,-76.11555,1241,0.8,4.6,0.8,86.0,-2.4,0.000,0.000,0.00,0.000,1.3,1.9,0.3,51,1,1.6,2.5,0.3,56,10,1.3,1.9,0.3,51,1,0,28.89,,,,,37.0,39.8,42.4,,,
TULL,2016-04-05 05:40:00 EDT,42.79463,-76.11555,1241,0.7,3.9,0.7,85.5,-2.6,0.000,0.000,0.00,0.000,1.4,2.0,0.3,54,2,1.8,2.5,0.4,63,7,1.4,2.0,0.3,54,2,0,28.90,,,,,37.0,39.8,42.4,,,
TULL,2016-04-05 05:45:00 EDT,42.79463,-76.11555,1241,0.4,3.8,0.4,85.5,-2.9,0.000,0.000,0.00,0.000,1.3,1.9,0.3,58,0,1.6,2.5,0.4,57,8,1.3,1.9,0.3,58,0,0,28.90,,,,,37.0,39.7,42.4,,,
TULL,2016-04-05 05:50:00 EDT,42.79463,-76.11555,1241,-0.4,4.3,-0.4,84.4,-4.0,0.000,0.000,0.00,0.000,1.2,1.9,0.3,58,0,1.5,2.5,0.3,54,6,1.2,1.9,0.3,58,0,0,28.90,,,,,37.0,39.7,42.4,,,
TULL,2016-04-05 05:55:00 EDT,42.79463,-76.11555,1241,-0.4,3.9,-0.4,84.9,-3.9,0.000,0.000,0.00,0.000,0.8,1.3,0.3,58,0,1.3,2.0,0.3,52,11,0.8,1.3,0.3,58,0,0,28.90,,,,,37.0,39.7,42.4,,,
TULL,2016-04-05 06:00:00 EDT,42.79463,-76.11555,1241,-0.6,3.6,-0.6,85.8,-3.8,0.000,0.000,0.00,0.000,1.3,2.3,0.5,58,0,1.7,2.9,0.5,59,8,1.3,2.3,0.5,58,0,0,28.91,,,,,37.0,39.7,42.4,,,
TULL,2016-04-05 06:05:00 EDT,42.79463,-76.11555,1241,-1.1,3.7,-1.1,85.0,-4.5,0.000,0.000,0.00,0.000,0.7,1.4,0.2,58,0,1.1,1.6,0.2,46,6,0.7,1.4,0.2,58,0,0,28.91,,,,,37.0,39.7,42.4,,,
TULL,2016-04-05 06:10:00 EDT,42.79463,-76.11555,1241,-0.7,3.7,-0.7,85.4,-4.0,0.000,0.000,0.00,0.000,0.8,1.8,0.5,58,0,1.4,2.5,0.5,60,11,0.8,1.8,0.5,58,0,0,28.91,,,,,37.0,39.7,42.4,,,
TULL,2016-04-05 06:15:00 EDT,42.79463,-76.11555,1241,-0.3,2.9,-0.3,87.2,-3.2,0.000,0.000,0.00,0.000,1.8,2.1,0.2,71,4,2.4,2.7,0.2,78,6,1.8,2.1,0.2,71,4,0,28.92,,,,,37.0,39.7,42.4,,,
TULL,2016-04-05 06:20:00 EDT,42.79463,-76.11555,1241,0.0,2.9,0.0,87.1,-2.9,0.000,0.000,0.00,0.000,1.5,2.1,0.3,73,0,2.1,2.9,0.3,72,3,1.5,2.1,0.3,73,0,0,28.92,,,,,37.0,39.7,42.4,,,
TULL,2016-04-05 06:25:00 EDT,42.79463,-76.11555,1241,-0.6,2.8,-0.6,85.2,-4.0,0.000,0.000,0.00,0.000,1.6,2.0,0.2,73,0,2.3,2.7,0.3,78,6,1.6,2.0,0.2,73,0,0,28.93,,,,,37.0,39.7,42.4,,,
TULL,2016-04-05 06:30:00 EDT,42.79463,-76.11555,1241,0.1,2.7,0.1,85.8,-3.2,0.000,0.000,0.00,0.000,2.1,2.6,0.2,73,0,2.8,3.4,0.3,80,5,2.1,2.6,0.2,73,0,1,28.93,,,,,37.0,39.7,42.4,,,
TULL,2016-04-05 06:35:00 EDT,42.79463,-76.11555,1241,0.6,2.6,0.6,85.4,-2.8,0.000,0.000,0.00,0.000,2.2,2.5,0.1,72,2,2.8,3.1,0.2,75,7,2.2,2.5,0.1,72,2,1,28.93,,,,,37.0,39.7,42.4,,,
TULL,2016-04-05 06:40:00 EDT,42.79463,-76.11555,1241,-0.1,2.9,-0.1,84.0,-3.8,0.000,0.000,0.00,0.000,1.2,2.3,0.6,51,9,1.5,2.7,0.4,49,7,1.2,2.3,0.6,51,9,2,28.93,,,,,36.9,39.7,42.4,,,
TULL,2016-04-05 06:45:00 EDT,42.79463,-76.11555,1241,-1.4,3.4,-1.4,82.1,-5.5,0.000,0.000,0.00,0.000,0.6,1.3,0.4,45,1,1.1,1.8,0.3,36,13,0.6,1.3,0.4,45,1,3,28.94,,,,,36.9,39.7,42.4,,,
TULL,2016-04-05 06:50:00 EDT,42.79463,-76.11555,1241,-0.4,3.1,-0.4,84.6,-3.9,0.000,0.000,0.00,0.000,0.9,1.6,0.4,46,4,1.3,2.2,0.4,54,9,0.9,1.6,0.4,46,4,4,28.94,,,,,36.9,39.7,42.4,,,
TULL,2016-04-05 06:55:00 EDT,42.79463,-76.11555,1241,-1.2,3.0,-1.2,84.5,-4.7,0.000,0.000,0.00,0.000,1.6,3.1,0.7,60,4,1.9,3.8,0.9,58,11,1.6,3.1,0.7,60,4,6,28.94,,,,,36.9,39.7,42.4,,,
TULL,2016-04-05 07:00:00 EDT,42.79463,-76.11555,1241,-0.1,3.3,-0.1,85.4,-3.4,0.000,0.000,0.00,0.000,1.2,2.0,0.4,58,0,1.7,2.5,0.3,63,8,1.2,2.0,0.4,58,0,11,28.94,,,,,36.9,39.7,42.4,,,
TULL,2016-04-05 07:05:00 EDT,42.79463,-76.11555,1241,0.3,2.9,0.3,83.5,-3.5,0.000,0.000,0.00,0.000,1.0,1.8,0.7,58,0,1.6,2.7,0.8,69,18,1.0,1.8,0.7,58,0,23,28.95,,,,,36.9,39.7,42.4,,,
TULL,2016-04-05 07:10:00 EDT,42.79463,-76.11555,1241,-0.7,4.3,-0.7,81.5,-5.0,0.000,0.000,0.00,0.000,0.3,2.1,0.5,58,0,1.1,3.4,0.5,42,27,0.3,2.1,0.5,58,0,28,28.95,,,,,36.9,39.7,42.4,,,
TULL,2016-04-05 07:15:00 EDT,42.79463,-76.11555,1241,-0.2,3.8,-0.2,80.5,-4.8,0.000,0.000,0.00,0.000,1.9,3.4,0.7,57,2,2.2,4.0,0.8,60,8,1.9,3.4,0.7,57,2,32,28.95,,,,,36.9,39.7,42.4,,,
TULL,2016-04-05 07:20:00 EDT,42.79463,-76.11555,1241,0.5,4.5,0.5,80.8,-4.0,0.000,0.000,0.00,0.000,0.7,2.2,0.9,56,1,1.3,2.9,0.7,42,26,0.7,2.2,0.9,56,1,35,28.96,,,,,36.9,39.7,42.4,,,
TULL,2016-04-05 07:25:00 EDT,42.79463,-76.11555,1241,1.4,5.7,1.4,80.4,-3.2,0.000,0.000,0.00,0.000,0.2,1.0,0.4,57,0,0.9,1.3,0.4,31,33,0.2,1.0,0.4,57,0,39,28.96,,,,,36.9,39.7,42.4,,,
TULL,2016-04-05 07:30:00 EDT,42.79463,-76.11555,1241,2.6,5.3,2.6,80.1,-2.1,0.000,0.000,0.00,0.000,0.2,0.7,0.3,57,0,0.9,1.6,0.4,72,21,0.2,0.7,0.3,57,0,43,28.96,,,,,36.9,39.7,42.4,,,
TULL,2016-04-05 07:35:00 EDT,42.79463,-76.11555,1241,2.9,5.6,2.9,77.9,-2.4,0.000,0.000,0.00,0.000,0.6,1.8,0.5,57,0,1.3,2.2,0.4,81,22,0.6,1.8,0.5,57,0,47,28.96,,,,,36.9,39.7,42.4,,,
TULL,2016-04-05 07:40:00 EDT,42.79463,-76.11555,1241,3.0,6.1,3.0,78.2,-2.2,0.000,0.000,0.00,0.000,0.4,1.7,0.6,57,0,1.1,2.7,0.8,80,18,0.4,1.7,0.6,57,0,51,28.96,,,,,36.9,39.7,42.4,,,
TULL,2016-04-05 07:45:00 EDT,42.79463,-76.11555,1241,3.3,6.6,3.3,78.1,-1.9,0.000,0.000,0.00,0.000,0.5,1.7,0.6,57,0,1.1,2.7,0.7,70,19,0.5,1.7,0.6,57,0,55,28.97,,,,,36.9,39.7,42.4,,,
TULL,2016-04-05 07:50:00 EDT,42.79463,-76.11555,1241,4.1,7.2,4.1,77.0,-1.5,0.000,0.000,0.00,0.000,0.0,0.1,0.0,57,0,0.6,1.6,0.3,19,55,0.0,0.1,0.0,57,0,60,28.97,,,,,36.8,39.7,42.4,,,
TULL,2016-04-05 07:55:00 EDT,42.79463,-76.11555,1241,5.2,7.4,5.2,76.0,-0.7,0.000,0.000,0.00,0.000,0.0,0.0,0.0,0,0,0.4,2.2,0.3,331,55,0.0,0.0,0.0,0,0,64,28.97,,,,,36.8,39.7,42.4,,,
TULL,2016-04-05 08:00:00 EDT,42.79463,-76.11555,1241,6.6,8.0,6.6,70.7,-0.9,0.000,0.000,0.00,0.000,0.0,0.0,0.0,0,0,0.4,1.1,0.3,115,38,0.0,0.0,0.0,0,0,69,28.97,,,,,36.8,39.6,42.4,,,
TULL,2016-04-05 08:05:00 EDT,42.79463,-76.11555,1241,6.9,8.6,6.9,69.6,-0.9,0.000,0.000,0.00,0.000,0.0,0.0,0.0,0,0,0.6,1.3,0.4,123,45,0.0,0.0,0.0,0,0,73,28.97,,,,,36.7,39.6,42.4,,,
TULL,2016-04-05 08:10:00 EDT,42.79463,-76.11555,1241,7.4,9.2,7.4,67.3,-1.1,0.000,0.000,0.00,0.000,0.0,0.0,0.0,0,0,0.9,1.6,0.4,148,27,0.0,0.0,0.0,0,0,77,28.97,,,,,36.7,39.6,42.4,,,
TULL,2016-04-05 08:15:00 EDT,42.79463,-76.11555,1241,7.4,9.2,7.4,67.9,-1.0,0.000,0.000,0.00,0.000,0.0,0.0,0.0,0,0,0.6,1.1,0.2,164,26,0.0,0.0,0.0,0,0,82,28.98,,,,,36.7,39.6,42.4,,,
TULL,2016-04-05 08:20:00 EDT,42.79463,-76.11555,1241,8.4,9.7,8.4,67.3,-0.2,0.000,0.000,0.00,0.000,0.1,0.8,0.2,58,0,1.0,1.8,0.3,170,29,0.1,0.8,0.2,58,0,86,28.98,,,,,36.7,39.6,42.3,,,
TULL,2016-04-05 08:25:00 EDT,42.79463,-76.11555,1241,8.0,10.0,8.0,67.3,-0.6,0.000,0.000,0.00,0.000,0.3,1.2,0.4,58,0,1.5,1.8,0.2,181,19,0.3,1.2,0.4,58,0,91,28.98,,,,,36.7,39.6,42.3,,,
TULL,2016-04-05 08:30:00 EDT,42.79463,-76.11555,1241,7.9,10.1,7.9,68.3,-0.3,0.000,0.000,0.00,0.000,0.7,1.1,0.3,131,63,1.3,2.9,0.4,190,18,0.7,1.1,0.3,131,63,96,28.98,,,,,36.7,39.6,42.3,,,
TULL,2016-04-05 08:35:00 EDT,42.79463,-76.11555,1241,8.7,11.1,8.7,67.5,0.2,0.000,0.000,0.00,0.000,0.6,1.4,0.4,187,11,1.1,2.0,0.4,178,21,0.6,1.4,0.4,187,11,101,28.98,,,,,36.7,39.6,42.3,,,
TULL,2016-04-05 08:40:00 EDT,42.79463,-76.11555,1241,10.0,13.0,10.0,68.9,1.8,0.000,0.000,0.00,0.000,0.5,1.8,0.5,221,41,1.1,2.2,0.4,268,66,0.5,1.8,0.5,221,41,105,28.98,,,,,36.7,39.6,42.3,,,
TULL,2016-04-05 08:45:00 EDT,42.79463,-76.11555,1241,11.8,14.3,11.8,64.8,2.2,0.000,0.000,0.00,0.000,1.1,2.3,0.6,330,27,1.5,2.7,0.5,336,34,1.1,2.3,0.6,330,27,110,28.99,,,,,36.7,39.6,42.3,,,
TULL,2016-04-05 08:50:00 EDT,42.79463,-76.11555,1241,13.6,14.7,13.6,60.6,2.5,0.000,0.000,0.00,0.000,1.8,5.2,1.4,291,23,2.3,6.0,1.4,297,30,1.8,5.2,1.4,291,23,116,28.99,,,,,36.7,39.6,42.3,,,
TULL,2016-04-05 08:55:00 EDT,42.79463,-76.11555,1241,15.1,15.3,5.6,56.4,2.4,0.000,0.000,0.00,0.000,6.5,8.7,1.0,306,9,6.5,8.5,1.0,311,9,6.5,8.7,1.0,306,9,121,28.99,,,,,36.7,39.6,42.3,,,
TULL,2016-04-05 09:00:00 EDT,42.79463,-76.11555,1241,15.3,15.4,5.5,56.1,2.4,0.000,0.000,0.00,0.000,6.9,9.2,0.9,312,9,6.9,9.4,0.9,317,7,6.9,9.2,0.9,312,9,127,28.99,,,,,36.7,39.6,42.3,,,
TULL,2016-04-05 09:05:00 EDT,42.79463,-76.11555,1241,15.5,15.6,6.2,56.3,2.7,0.000,0.000,0.00,0.000,6.3,9.8,1.4,316,10,6.5,10.1,1.4,320,10,6.3,9.8,1.4,316,10,132,28.99,,,,,36.7,39.6,42.3,,,
TULL,2016-04-05 09:10:00 EDT,42.79463,-76.11555,1241,15.6,15.7,4.6,56.3,2.8,0.000,0.000,0.00,0.000,8.3,9.4,0.7,314,6,8.3,10.3,0.8,318,5,8.3,9.4,0.7,314,6,137,29.00,,,,,36.7,39.6,42.3,,,
TULL,2016-04-05 09:15:00 EDT,42.79463,-76.11555,1241,15.7,15.8,5.4,56.3,2.9,0.000,0.000,0.00,0.000,7.4,9.4,0.9,315,8,7.7,10.5,0.9,317,8,7.4,9.4,0.9,315,8,143,29.00,,,,,36.7,39.6,42.3,,,
TULL,2016-04-05 09:20:00 EDT,42.79463,-76.11555,1241,15.9,16.0,5.3,56.0,3.0,0.000,0.000,0.00,0.000,7.9,9.9,0.9,310,9,8.0,10.3,1.0,314,8,7.9,9.9,0.9,310,9,148,29.00,,,,,36.7,39.6,42.3,,,
TULL,2016-04-05 09:25:00 EDT,42.79463,-76.11555,1241,16.0,16.1,4.9,55.8,3.0,0.000,0.000,0.00,0.000,8.7,11.3,1.2,312,8,8.7,11.4,1.3,316,8,8.7,11.3,1.2,312,8,154,29.00,,,,,36.7,39.6,42.3,,,
TULL,2016-04-05 09:30:00 EDT,42.79463,-76.11555,1241,16.0,16.1,4.3,56.3,3.2,0.000,0.000,0.00,0.000,9.4,11.5,1.2,315,8,9.5,11.6,1.0,319,8,9.4,11.5,1.2,315,8,160,29.00,,,,,36.7,39.6,42.3,,,
TULL,2016-04-05 09:35:00 EDT,42.79463,-76.11555,1241,16.1,16.1,5.0,57.2,3.6,0.000,0.000,0.00,0.000,8.6,10.7,0.9,314,9,8.8,10.7,0.9,318,8,8.6,10.7,0.9,314,9,166,29.01,,,,,36.7,39.6,42.3,,,
TULL,2016-04-05 09:40:00 EDT,42.79463,-76.11555,1241,16.5,16.5,5.7,56.6,3.8,0.000,0.000,0.00,0.000,8.4,10.9,0.9,304,9,8.6,11.2,1.0,308,9,8.4,10.9,0.9,304,9,173,29.01,,,,,36.7,39.6,42.3,,,
TULL,2016-04-05 09:45:00 EDT,42.79463,-76.11555,1241,16.6,16.6,6.0,56.2,3.7,0.000,0.000,0.00,0.000,8.2,10.2,0.9,311,9,8.2,10.7,1.0,315,9,8.2,10.2,0.9,311,9,179,29.01,,,,,36.7,39.6,42.2,,,
TULL,2016-04-05 09:50:00 EDT,42.79463,-76.11555,1241,16.8,16.8,6.2,55.4,3.6,0.000,0.000,0.00,0.000,8.1,11.0,1.3,312,7,8.2,11.4,1.3,316,6,8.1,11.0,1.3,312,7,186,29.01,,,,,36.7,39.6,42.3,,,
TULL,2016-04-05 09:55:00 EDT,42.79463,-76.11555,1241,17.0,17.0,6.4,55.6,3.8,0.000,0.000,0.00,0.000,8.1,10.4,0.8,318,6,8.3,10.3,0.8,322,6,8.1,10.4,0.8,318,6,193,29.01,,,,,36.7,39.6,42.3,,,
TULL,2016-04-05 10:00:00 EDT,42.79463,-76.11555,1241,17.1,17.1,7.2,55.4,3.8,0.000,0.000,0.00,0.000,7.3,9.7,1.2,314,9,7.4,10.3,1.3,318,8,7.3,9.7,1.2,314,9,199,29.02,,,,,36.7,39.6,42.3,,,
TULL,2016-04-05 10:05:00 EDT,42.79463,-76.11555,1241,17.4,17.4,8.1,54.6,3.9,0.000,0.000,0.00,0.000,6.8,8.4,0.7,314,8,7.0,8.9,0.8,318,8,6.8,8.4,0.7,314,8,206,29.02,,,,,36.6,39.6,42.3,,,
TULL,2016-04-05 10:10:00 EDT,42.79463,-76.11555,1241,17.9,17.7,8.4,53.0,3.7,0.000,0.000,0.00,0.000,7.2,10.2,1.0,305,10,7.2,9.8,1.0,310,10,7.2,10.2,1.0,305,10,214,29.02,,,,,36.6,39.6,42.3,,,
TULL,2016-04-05 10:15:00 EDT,42.79463,-76.11555,1241,18.1,17.9,8.6,52.2,3.5,0.000,0.000,0.00,0.000,7.3,10.2,1.3,306,10,7.3,10.3,1.3,311,9,7.3,10.2,1.3,306,10,222,29.02,,,,,,39.6,42.3,,,
TULL,2016-04-05 10:20:00 EDT,42.79463,-76.11555,1241,18.3,18.2,8.7,51.6,3.5,0.000,0.000,0.00,0.000,7.3,9.5,1.2,310,10,7.5,10.1,1.1,314,9,7.3,9.5,1.2,310,10,229,29.03,,,,,36.5,39.6,42.2,,,
TULL,2016-04-05 10:25:00 EDT,42.79463,-76.11555,1241,18.4,18.3,8.1,51.4,3.4,0.000,0.000,0.00,0.000,8.2,10.7,1.3,310,8,8.3,11.0,1.2,314,7,8.2,10.7,1.3,310,8,237,29.03,,,,,36.5,39.6,42.2,,,
TULL,2016-04-05 10:30:00 EDT,42.79463,-76.11555,1241,18.6,18.5,8.3,50.8,3.4,0.000,0.000,0.00,0.000,8.3,11.4,1.3,311,11,8.3,11.4,1.3,316,10,8.3,11.4,1.3,311,11,246,29.03,,,,,36.5,39.6,42.2,,,
TULL,2016-04-05 10:35:00 EDT,42.79463,-76.11555,1241,18.8,18.7,10.5,50.9,3.6,0.000,0.000,0.00,0.000,6.0,9.1,1.4,310,10,6.1,8.7,1.3,314,9,6.0,9.1,1.4,310,10,254,29.03,,,,,36.5,39.5,42.1,,,
TULL,2016-04-05 10:40:00 EDT,42.79463,-76.11555,1241,19.0,18.8,11.3,48.3,2.6,0.000,0.000,0.00,0.000,5.4,9.1,1.5,311,11,5.5,9.2,1.6,316,11,5.4,9.1,1.5,311,11,261,29.03,,,,,36.5,39.5,42.1,,,
TULL,2016-04-05 10:45:00 EDT,42.79463,-76.11555,1241,19.4,19.2,11.8,47.5,2.6,0.000,0.000,0.00,0.000,5.4,9.0,1.7,315,16,5.7,9.8,1.7,319,15,5.4,9.0,1.7,315,16,269,29.03,,,,,36.5,39.5,42.1,,,
TULL,2016-04-05 10:50:00 EDT,42.79463,-76.11555,1241,19.7,19.6,13.5,44.6,1.5,0.000,0.000,0.00,0.000,4.3,6.9,1.3,356,22,5.1,8.7,1.4,1,17,4.3,6.9,1.3,356,22,278,29.03,,,,,36.5,39.5,42.1,,,
TULL,2016-04-05 10:55:00 EDT,42.79463,-76.11555,1241,19.9,19.8,10.8,42.4,0.7,0.000,0.000,0.00,0.000,7.1,11.8,3.1,312,15,7.5,12.8,3.0,318,15,7.1,11.8,3.1,312,15,287,29.03,,,,,36.5,39.4,42.1,,,
TULL,2016-04-05 11:00:00 EDT,42.79463,-76.11555,1241,20.0,19.9,11.5,42.2,0.7,0.000,0.000,0.00,0.000,6.5,10.8,2.2,325,18,6.8,11.6,2.0,329,18,6.5,10.8,2.2,325,18,298,29.03,,,,,36.5,39.4,42.1,,,
TULL,2016-04-05 11:05:00 EDT,42.79463,-76.11555,1241,20.5,20.4,11.3,41.1,0.6,0.000,0.000,0.00,0.000,7.4,14.0,2.6,354,12,8.2,15.7,2.9,359,11,7.4,14.0,2.6,354,12,307,29.03,,,,,36.5,39.4,42.1,,,
TULL,2016-04-05 11:10:00 EDT,42.79463,-76.11555,1241,20.3,20.2,11.2,41.1,0.3,0.000,0.000,0.00,0.000,7.2,10.7,1.7,0,15,7.9,12.5,2.1,5,10,7.2,10.7,1.7,0,15,315,29.03,,,,,36.5,39.4,42.1,,,
TULL,2016-04-05 11:15:00 EDT,42.79463,-76.11555,1241,20.3,20.2,11.6,41.3,0.5,0.000,0.000,0.00,0.000,6.8,12.1,2.4,319,14,7.1,13.9,2.5,324,14,6.8,12.1,2.4,319,14,326,29.03,,,,,36.5,39.4,42.1,,,
TULL,2016-04-05 11:20:00 EDT,42.79463,-76.11555,1241,20.6,20.4,11.2,40.9,0.5,0.000,0.000,0.00,0.000,7.6,12.1,1.5,322,9,7.8,13.6,1.7,326,11,7.6,12.1,1.5,322,9,340,29.03,,,,,36.5,39.4,42.1,,,
TULL,2016-04-05 11:25:00 EDT,42.79463,-76.11555,1241,20.7,20.6,11.5,40.0,0.2,0.000,0.000,0.00,0.000,7.6,10.9,1.7,325,12,7.9,11.2,1.7,331,13,7.6,10.9,1.7,325,12,358,29.04,,,,,36.5,39.4,42.1,,,
TULL,2016-04-05 11:30:00 EDT,42.79463,-76.11555,1241,21.0,20.9,11.6,40.4,0.6,0.000,0.000,0.00,0.000,7.8,12.9,2.1,335,25,8.6,16.1,2.4,342,21,7.8,12.9,2.1,335,25,372,29.04,,,,,36.5,39.4,42.1,,,
TULL,2016-04-05 11:35:00 EDT,42.79463,-76.11555,1241,21.3,21.3,11.6,39.8,0.6,0.000,0.000,0.00,0.000,8.3,14.1,2.3,359,18,9.2,15.2,2.5,2,14,8.3,14.1,2.3,359,18,379,29.04,,,,,36.5,39.4,42.1,,,
TULL,2016-04-05 11:40:00 EDT,42.79463,-76.11555,1241,21.2,21.1,13.5,38.7,-0.1,0.000,0.000,0.00,0.000,5.9,10.0,1.8,340,18,6.7,12.5,2.2,345,17,5.9,10.0,1.8,340,18,391,29.04,,,,,36.5,39.4,42.1,,,
TULL,2016-04-05 11:45:00 EDT,42.79463,-76.11555,1241,21.0,21.0,10.8,38.7,-0.2,0.000,0.000,0.00,0.000,9.0,14.8,2.5,347,19,10.0,18.1,2.8,353,14,9.0,14.8,2.5,347,19,406,29.04,,,,,36.5,39.4,42.1,,,
TULL,2016-04-05 11:50:00 EDT,42.79463,-76.11555,1241,21.1,21.0,11.3,39.2,0.1,0.000,0.000,0.00,0.000,8.4,13.2,2.2,323,12,8.8,14.1,2.1,328,12,8.4,13.2,2.2,323,12,851,29.04,,,,,36.5,39.4,42.1,,,
TULL,2016-04-05 11:55:00 EDT,42.79463,-76.11555,1241,21.5,21.3,11.5,38.6,0.1,0.000,0.000,0.00,0.000,8.7,13.3,1.7,336,19,9.5,14.1,2.1,341,18,8.7,13.3,1.7,336,19,855,29.04,,,,,36.5,39.4,42.1,,,
TULL,2016-04-05 12:00:00 EDT,42.79463,-76.11555,1241,21.3,21.2,12.2,38.4,-0.1,0.000,0.000,0.00,0.000,7.6,12.1,2.3,349,29,8.6,13.9,2.3,354,23,7.6,12.1,2.3,349,29,860,29.04,,,,,36.5,39.4,42.1,,,
TULL,2016-04-05 12:05:00 EDT,42.79463,-76.11555,1241,21.7,21.6,12.0,38.0,-0.0,0.000,0.000,0.00,0.000,8.4,14.8,2.8,342,20,9.5,17.7,3.0,348,19,8.4,14.8,2.8,342,20,866,29.04,,,,,36.5,39.4,42.1,,,
TULL,2016-04-05 12:10:00 EDT,42.79463,-76.11555,1241,22.0,21.8,12.2,38.1,0.3,0.000,0.000,0.00,0.000,8.6,13.1,2.1,338,19,9.5,14.5,2.3,344,17,8.6,13.1,2.1,338,19,871,29.04,,,,,36.5,39.4,42.1,,,
TULL,2016-04-05 12:15:00 EDT,42.79463,-76.11555,1241,21.9,21.7,12.8,38.5,0.5,0.000,0.000,0.00,0.000,7.7,10.7,1.5,338,14,8.5,12.3,1.7,345,13,7.7,10.7,1.5,338,14,876,29.04,,,,,36.5,39.4,42.1,,,
TULL,2016-04-05 12:20:00 EDT,42.79463,-76.11555,1241,21.7,21.5,15.0,36.7,-0.7,0.000,0.000,0.00,0.000,5.0,10.8,2.0,313,15,5.3,11.0,2.1,319,15,5.0,10.8,2.0,313,15,880,29.04,,,,,36.5,39.4,42.1,,,
TULL,2016-04-05 12:25:00 EDT,42.79463,-76.11555,1241,22.3,22.1,13.2,37.0,-0.1,0.000,0.000,0.00,0.000,7.8,15.1,2.8,1,18,8.6,17.9,3.2,5,17,7.8,15.1,2.8,1,18,884,29.04,,,,,36.5,39.4,42.1,,,
TULL,2016-04-05 12:30:00 EDT,42.79463,-76.11555,1241,22.5,22.2,13.0,37.6,0.5,0.000,0.000,0.00,0.000,8.4,14.4,2.3,314,17,8.9,15.2,2.4,318,17,8.4,14.4,2.3,314,17,889,29.04,,,,,36.5,39.4,42.1,,,
TULL,2016-04-05 12:35:00 EDT,42.79463,-76.11555,1241,22.4,22.3,13.7,37.5,0.3,0.000,0.000,0.00,0.000,7.3,11.2,1.5,325,19,8.0,12.8,1.7,330,19,7.3,11.2,1.5,325,19,890,29.04,,,,,36.5,39.4,42.1,,,
TULL,2016-04-05 12:40:00 EDT,42.79463,-76.11555,1241,22.9,22.8,13.5,39.1,1.6,0.000,0.000,0.00,0.000,8.4,14.3,2.6,304,23,8.9,14.3,2.5,308,21,8.4,14.3,2.6,304,23,892,29.04,,,,,36.5,39.4,42.1,,,
TULL,2016-04-05 12:45:00 EDT,42.79463,-76.11555,1241,23.2,22.9,12.4,38.3,1.4,0.000,0.000,0.00,0.000,10.6,15.9,2.4,279,14,11.6,18.6,2.8,283,12,10.6,15.9,2.4,279,14,894,29.03,,,,,36.5,39.4,42.1,,,
TULL,2016-04-05 12:50:00 EDT,42.79463,-76.11555,1241,23.3,23.1,12.4,38.1,1.5,0.000,0.000,0.00,0.000,11.0,17.0,2.9,293,17,11.9,17.9,3.0,296,16,11.0,17.0,2.9,293,17,897,29.03,,,,,36.5,39.4,42.1,,,
TULL,2016-04-05 12:55:00 EDT,42.79463,-76.11555,1241,22.9,22.7,11.7,39.2,1.7,0.000,0.000,0.00,0.000,11.3,17.7,2.4,305,12,11.6,19.7,2.5,309,12,11.3,17.7,2.4,305,12,898,29.03,,,,,36.5,39.4,42.1,,,
TULL,2016-04-05 13:00:00 EDT,42.79463,-76.11555,1241,22.9,22.7,15.0,37.5,0.7,0.000,0.000,0.00,0.000,6.4,11.8,3.4,287,24,7.0,14.3,3.6,290,25,6.4,11.8,3.4,287,24,899,29.03,,,,,36.5,39.3,42.1,,,
TULL,2016-04-05 13:05:00 EDT,42.79463,-76.11555,1241,23.4,23.3,15.1,38.0,1.5,0.000,0.000,0.00,0.000,7.0,10.4,1.7,349,36,7.9,15.2,1.8,355,33,7.0,10.4,1.7,349,36,901,29.03,,,,,36.5,39.3,42.1,,,
TULL,2016-04-05 13:10:00 EDT,42.79463,-76.11555,1241,23.5,23.3,13.1,38.4,1.8,0.000,0.000,0.00,0.000,10.2,15.6,2.3,289,19,11.2,17.4,2.6,292,20,10.2,15.6,2.3,289,19,902,29.03,,,,,36.5,39.3,42.1,,,
TULL,2016-04-05 13:15:00 EDT,42.79463,-76.11555,1241,23.9,23.6,13.7,36.6,1.1,0.000,0.000,0.00,0.000,10.0,17.9,2.8,274,13,11.1,18.6,3.3,278,12,10.0,17.9,2.8,274,13,901,29.03,,,,,36.5,39.2,42.1,,,
TULL,2016-04-05 13:20:00 EDT,42.79463,-76.11555,1241,24.0,23.9,14.2,37.2,1.6,0.000,0.000,0.00,0.000,9.5,17.8,2.5,291,17,10.3,22.4,2.9,293,16,9.5,17.8,2.5,291,17,900,29.03,,,,,36.5,39.2,42.1,,,
TULL,2016-04-05 13:25:00 EDT,42.79463,-76.11555,1241,23.8,23.7,13.9,37.6,1.6,0.000,0.000,0.00,0.000,9.5,16.4,2.6,293,15,10.1,16.8,2.7,297,14,9.5,16.4,2.6,293,15,900,29.03,,,,,36.5,39.2,42.1,,,
TULL,2016-04-05 13:30:00 EDT,42.79463,-76.11555,1241,23.5,23.3,12.4,35.9,0.4,0.000,0.000,0.00,0.000,11.5,16.5,2.3,299,16,12.0,17.2,2.3,303,16,11.5,16.5,2.3,299,16,900,29.03,,,,,36.5,39.2,42.1,,,
TULL,2016-04-05 13:35:00 EDT,42.79463,-76.11555,1241,23.3,23.1,11.7,37.2,0.9,0.000,0.000,0.00,0.000,12.1,17.0,2.3,324,9,12.5,18.1,2.2,329,9,12.1,17.0,2.3,324,9,897,29.03,,,,,36.5,39.2,42.1,,,
TULL,2016-04-05 13:40:00 EDT,42.79463,-76.11555,1241,23.4,23.2,13.0,37.7,1.4,0.000,0.000,0.00,0.000,10.2,17.0,2.8,311,17,10.5,17.7,2.6,316,17,10.2,17.0,2.8,311,17,895,29.03,,,,,36.5,39.2,42.1,,,
TULL,2016-04-05 13:45:00 EDT,42.79463,-76.11555,1241,23.8,23.6,13.3,37.0,1.3,0.000,0.000,0.00,0.000,10.5,15.1,2.4,290,18,11.0,15.4,2.2,294,18,10.5,15.1,2.4,290,18,892,29.03,,,,,36.5,39.2,42.1,,,
TULL,2016-04-05 13:50:00 EDT,42.79463,-76.11555,1241,24.0,23.7,13.0,36.3,1.1,0.000,0.000,0.00,0.000,11.4,14.8,1.9,291,13,12.2,17.7,2.1,294,13,11.4,14.8,1.9,291,13,890,29.03,,,,,36.5,39.2,42.1,,,
TULL,2016-04-05 13:55:00 EDT,42.79463,-76.11555,1241,24.1,23.7,15.8,36.0,1.0,0.000,0.000,0.00,0.000,7.2,12.6,2.2,268,18,8.0,15.4,2.6,272,16,7.2,12.6,2.2,268,18,886,29.03,,,,,36.5,39.2,42.1,,,
TULL,2016-04-05 14:00:00 EDT,42.79463,-76.11555,1241,24.2,24.1,13.2,35.6,0.8,0.000,0.000,0.00,0.000,11.5,16.0,1.9,315,20,12.0,18.8,2.1,320,21,11.5,16.0,1.9,315,20,882,29.03,,,,,36.5,39.2,42.1,,,
TULL,2016-04-05 14:05:00 EDT,42.79463,-76.11555,1241,24.2,24.1,14.0,36.5,1.4,0.000,0.000,0.00,0.000,10.1,13.7,1.8,292,16,10.7,15.2,1.7,296,16,10.1,13.7,1.8,292,16,878,29.02,,,,,36.5,39.2,42.0,,,
TULL,2016-04-05 14:10:00 EDT,42.79463,-76.11555,1241,24.3,24.1,13.5,35.8,1.1,0.000,0.000,0.00,0.000,11.3,15.1,2.6,290,15,11.9,17.4,3.0,294,15,11.3,15.1,2.6,290,15,874,29.02,,,,,36.5,39.2,42.0,,,
TULL,2016-04-05 14:15:00 EDT,42.79463,-76.11555,1241,24.3,24.1,15.9,35.1,0.6,0.000,0.000,0.00,0.000,7.4,14.5,2.4,298,18,8.0,14.8,2.5,302,18,7.4,14.5,2.4,298,18,869,29.02,,,,,36.5,39.2,42.0,,,
TULL,2016-04-05 14:20:00 EDT,42.79463,-76.11555,1241,24.7,24.4,15.5,31.4,-1.4,0.000,0.000,0.00,0.000,8.6,16.8,3.4,287,15,9.4,17.4,3.6,291,14,8.6,16.8,3.4,287,15,864,29.02,,,,,36.5,39.2,42.0,,,
TULL,2016-04-05 14:25:00 EDT,42.79463,-76.11555,1241,24.4,24.3,13.9,34.6,0.4,0.000,0.000,0.00,0.000,10.7,16.0,2.1,321,8,11.1,16.3,2.1,326,8,10.7,16.0,2.1,321,8,859,29.02,,,,,36.5,39.2,42.0,,,
TULL,2016-04-05 14:30:00 EDT,42.79463,-76.11555,1241,24.3,24.2,14.9,35.0,0.6,0.000,0.000,0.00,0.000,8.8,12.9,1.8,308,16,9.3,13.0,1.7,313,16,8.8,12.9,1.8,308,16,852,29.02,,,,,36.5,39.2,42.0,,,
TULL,2016-04-05 14:35:00 EDT,42.79463,-76.11555,1241,24.1,24.1,17.4,33.8,-0.4,0.000,0.000,0.00,0.000,5.3,12.9,3.3,274,21,6.0,15.0,3.7,277,21,5.3,12.9,3.3,274,21,845,29.02,,,,,36.5,39.2,41.9,,,
TULL,2016-04-05 14:40:00 EDT,42.79463,-76.11555,1241,24.9,24.6,15.8,32.6,-0.4,0.000,0.000,0.00,0.000,8.6,16.3,3.1,297,16,9.2,16.8,3.0,300,16,8.6,16.3,3.1,297,16,839,29.02,,,,,36.5,39.2,41.9,,,
TULL,2016-04-05 14:45:00 EDT,42.79463,-76.11555,1241,24.3,24.3,14.5,33.5,-0.4,0.000,0.000,0.00,0.000,9.6,16.1,3.0,325,13,10.0,17.0,2.9,330,14,9.6,16.1,3.0,325,13,832,29.02,,,,,36.5,39.2,42.0,,,
TULL,2016-04-05 14:50:00 EDT,42.79463,-76.11555,1241,24.7,24.7,15.8,35.7,1.3,0.000,0.000,0.00,0.000,8.3,13.6,1.9,314,19,9.0,14.8,2.0,319,18,8.3,13.6,1.9,314,19,824,29.02,,,,,36.5,39.2,41.9,,,
TULL,2016-04-05 14:55:00 EDT,42.79463,-76.11555,1241,24.5,24.4,15.0,32.9,-0.6,0.000,0.000,0.00,0.000,9.1,13.2,1.7,307,12,9.5,14.8,1.9,312,11,9.1,13.2,1.7,307,12,817,29.02,,,,,36.5,39.2,41.9,,,
TULL,2016-04-05 15:00:00 EDT,42.79463,-76.11555,1241,25.1,24.8,15.8,33.1,0.1,0.000,0.000,0.00,0.000,8.9,14.9,2.4,284,24,9.8,17.4,2.7,288,23,8.9,14.9,2.4,284,24,809,29.02,,,,,36.5,39.2,41.9,,,
TULL,2016-04-05 15:05:00 EDT,42.79463,-76.11555,1241,24.8,24.6,16.4,32.2,-0.8,0.000,0.000,0.00,0.000,7.6,12.1,2.0,299,14,8.1,14.3,2.1,303,14,7.6,12.1,2.0,299,14,799,29.02,,,,,36.5,39.2,41.9,,,
TULL,2016-04-05 15:10:00 EDT,42.79463,-76.11555,1241,24.7,24.6,14.9,32.7,-0.6,0.000,0.000,0.00,0.000,9.5,16.2,2.8,311,14,9.8,16.8,2.9,316,14,9.5,16.2,2.8,311,14,790,29.02,,,,,36.5,39.2,41.9,,,
TULL,2016-04-05 15:15:00 EDT,42.79463,-76.11555,1241,24.7,24.6,14.4,31.9,-1.1,0.000,0.000,0.00,0.000,10.5,14.5,2.3,309,15,10.7,14.5,2.1,313,15,10.5,14.5,2.3,309,15,780,29.02,,,,,36.5,39.2,41.9,,,
TULL,2016-04-05 15:20:00 EDT,42.79463,-76.11555,1241,24.6,24.6,14.8,33.4,-0.1,0.000,0.000,0.00,0.000,9.7,14.1,1.9,315,11,10.1,16.1,2.0,320,11,9.7,14.1,1.9,315,11,771,29.02,,,,,36.5,39.2,41.9,,,
TULL,2016-04-05 15:25:00 EDT,42.79463,-76.11555,1241,24.7,24.6,15.2,35.1,0.9,0.000,0.000,0.00,0.000,9.1,15.1,2.7,303,27,9.8,17.7,2.9,307,28,9.1,15.1,2.7,303,27,761,29.01,,,,,36.5,39.2,41.9,,,
TULL,2016-04-05 15:30:00 EDT,42.79463,-76.11555,1241,25.1,24.9,17.3,34.8,1.2,0.000,0.000,0.00,0.000,6.9,10.2,1.7,297,14,7.2,11.6,1.9,301,15,6.9,10.2,1.7,297,14,750,29.01,,,,,36.5,39.2,41.9,,,
TULL,2016-04-05 15:35:00 EDT,42.79463,-76.11555,1241,25.6,25.4,17.2,34.4,1.3,0.000,0.000,0.00,0.000,7.8,12.9,2.5,295,21,8.4,14.8,2.7,298,21,7.8,12.9,2.5,295,21,740,29.02,,,,,36.5,39.2,41.9,,,
TULL,2016-04-05 15:40:00 EDT,42.79463,-76.11555,1241,25.5,25.3,16.8,33.6,0.8,0.000,0.000,0.00,0.000,8.2,11.8,1.9,301,19,8.9,12.5,2.0,305,20,8.2,11.8,1.9,301,19,729,29.01,,,,,36.5,39.2,41.9,,,
TULL,2016-04-05 15:45:00 EDT,42.79463,-76.11555,1241,25.4,25.2,17.0,32.6,0.0,0.000,0.000,0.00,0.000,7.7,14.1,2.6,281,16,8.5,14.5,2.8,284,14,7.7,14.1,2.6,281,16,718,29.01,,,,,36.5,39.2,41.9,,,
TULL,2016-04-05 15:50:00 EDT,42.79463,-76.11555,1241,25.5,25.2,16.3,33.4,0.6,0.000,0.000,0.00,0.000,8.9,13.3,1.8,306,24,9.5,14.1,2.0,310,26,8.9,13.3,1.8,306,24,705,29.01,,,,,36.5,39.2,41.9,,,
TULL,2016-04-05 15:55:00 EDT,42.79463,-76.11555,1241,25.1,24.9,16.7,32.0,-0.7,0.000,0.000,0.00,0.000,7.6,11.1,2.0,300,15,7.9,11.4,1.9,304,15,7.6,11.1,2.0,300,15,693,29.02,,,,,36.5,39.2,41.9,,,
TULL,2016-04-05 16:00:00 EDT,42.79463,-76.11555,1241,25.7,25.5,18.2,34.0,1.2,0.000,0.000,0.00,0.000,6.6,10.7,2.2,291,24,7.2,13.0,2.3,296,22,6.6,10.7,2.2,291,24,681,29.01,,,,,36.5,39.2,41.9,,,
TULL,2016-04-05 16:05:00 EDT,42.79463,-76.11555,1241,25.5,25.4,16.7,34.0,1.0,0.000,0.000,0.00,0.000,8.3,14.1,1.9,307,20,8.6,15.0,2.1,312,19,8.3,14.1,1.9,307,20,669,29.02,,,,,36.5,39.2,41.9,,,
TULL,2016-04-05 16:10:00 EDT,42.79463,-76.11555,1241,25.7,25.5,17.3,34.4,1.5,0.000,0.000,0.00,0.000,7.9,14.5,2.4,288,17,8.6,15.4,2.6,292,16,7.9,14.5,2.4,288,17,656,29.02,,,,,36.5,39.2,41.9,,,
TULL,2016-04-05 16:15:00 EDT,42.79463,-76.11555,1241,25.5,25.3,17.4,33.7,0.8,0.000,0.000,0.00,0.000,7.4,15.9,2.5,268,15,8.4,17.2,2.9,272,11,7.4,15.9,2.5,268,15,642,29.01,,,,,36.5,39.2,41.9,,,
TULL,2016-04-05 16:20:00 EDT,42.79463,-76.11555,1241,25.6,25.3,17.1,33.6,0.9,0.000,0.000,0.00,0.000,8.0,14.2,2.7,259,12,9.0,16.1,2.9,265,11,8.0,14.2,2.7,259,12,628,29.01,,,,,36.5,39.2,41.9,,,
TULL,2016-04-05 16:25:00 EDT,42.79463,-76.11555,1241,25.6,25.3,15.9,32.9,0.4,0.000,0.000,0.00,0.000,9.8,14.1,1.7,285,19,10.6,14.1,2.0,289,19,9.8,14.1,1.7,285,19,615,29.01,,,,,36.5,39.2,41.9,,,
TULL,2016-04-05 16:30:00 EDT,42.79463,-76.11555,1241,25.3,25.3,15.8,32.9,0.1,0.000,0.000,0.00,0.000,9.5,15.7,2.8,308,20,10.0,16.1,2.8,311,19,9.5,15.7,2.8,308,20,602,29.02,,,,,36.5,39.2,41.9,,,
TULL,2016-04-05 16:35:00 EDT,42.79463,-76.11555,1241,25.4,25.3,16.2,32.5,-0.1,0.000,0.000,0.00,0.000,8.9,13.4,2.2,302,20,9.4,14.3,2.3,306,20,8.9,13.4,2.2,302,20,586,29.02,,,,,36.5,39.2,41.9,,,
TULL,2016-04-05 16:40:00 EDT,42.79463,-76.11555,1241,25.1,25.1,16.0,33.3,0.3,0.000,0.000,0.00,0.000,8.7,12.9,1.9,315,14,8.9,13.6,2.0,320,15,8.7,12.9,1.9,315,14,572,29.01,,,,,36.5,39.2,41.9,,,
TULL,2016-04-05 16:45:00 EDT,42.79463,-76.11555,1241,25.0,25.0,18.0,34.0,0.5,0.000,0.000,0.00,0.000,5.9,10.7,2.0,310,19,6.2,10.7,2.0,316,18,5.9,10.7,2.0,310,19,556,29.01,,,,,36.5,39.2,41.9,,,
TULL,2016-04-05 16:50:00 EDT,42.79463,-76.11555,1241,25.5,25.3,18.4,33.9,0.9,0.000,0.000,0.00,0.000,6.1,11.5,2.0,287,17,6.7,13.4,2.3,290,17,6.1,11.5,2.0,287,17,540,29.01,,,,,36.5,39.2,41.9,,,
TULL,2016-04-05 16:55:00 EDT,42.79463,-76.11555,1241,25.6,25.4,17.5,34.8,1.5,0.000,0.000,0.00,0.000,7.3,12.4,2.3,288,21,8.0,14.1,2.6,292,20,7.3,12.4,2.3,288,21,524,29.01,,,,,36.5,39.2,41.9,,,
TULL,2016-04-05 17:00:00 EDT,42.79463,-76.11555,1241,26.1,26.0,19.7,36.4,3.0,0.000,0.000,0.00,0.000,5.5,9.2,1.4,279,16,6.1,11.9,1.6,283,14,5.5,9.2,1.4,279,16,508,29.01,,,,,36.5,39.2,41.9,,,
TULL,2016-04-05 17:05:00 EDT,42.79463,-76.11555,1241,25.7,25.7,18.4,36.4,2.6,0.000,0.000,0.00,0.000,6.3,11.2,1.9,284,22,7.0,12.8,2.0,287,21,6.3,11.2,1.9,284,22,491,29.01,,,,,36.5,39.2,41.9,,,
TULL,2016-04-05 17:10:00 EDT,42.79463,-76.11555,1241,25.6,25.6,17.0,37.1,3.0,0.000,0.000,0.00,0.000,8.1,14.1,2.2,312,21,8.6,15.7,2.5,317,20,8.1,14.1,2.2,312,21,475,29.01,,,,,36.5,39.2,41.9,,,
TULL,2016-04-05 17:15:00 EDT,42.79463,-76.11555,1241,25.8,25.7,17.3,36.7,2.9,0.000,0.000,0.00,0.000,7.9,12.9,1.9,287,18,8.9,15.2,2.2,292,18,7.9,12.9,1.9,287,18,458,29.01,,,,,36.5,39.2,41.9,,,
TULL,2016-04-05 17:20:00 EDT,42.79463,-76.11555,1241,25.6,25.4,16.8,35.3,1.9,0.000,0.000,0.00,0.000,8.3,12.3,1.9,302,19,8.8,13.6,2.0,306,19,8.3,12.3,1.9,302,19,441,29.01,,,,,36.5,39.2,41.8,,,
TULL,2016-04-05 17:25:00 EDT,42.79463,-76.11555,1241,25.1,25.1,15.7,36.9,2.4,0.000,0.000,0.00,0.000,9.0,15.0,2.1,311,17,9.5,15.4,2.0,317,17,9.0,15.0,2.1,311,17,423,29.01,,,,,36.5,39.2,41.8,,,
TULL,2016-04-05 17:30:00 EDT,42.79463,-76.11555,1241,25.3,25.2,16.8,36.8,2.5,0.000,0.000,0.00,0.000,8.0,12.6,1.7,295,17,8.4,15.2,1.8,299,17,8.0,12.6,1.7,295,17,406,29.02,,,,,36.5,39.2,41.8,,,
TULL,2016-04-05 17:35:00 EDT,42.79463,-76.11555,1241,25.4,25.3,16.5,36.5,2.4,0.000,0.000,0.00,0.000,8.5,14.9,2.5,285,16,9.2,17.9,2.9,289,15,8.5,14.9,2.5,285,16,388,29.02,,,,,36.5,39.2,41.7,,,
TULL,2016-04-05 17:40:00 EDT,42.79463,-76.11555,1241,25.5,25.4,16.2,36.1,2.2,0.000,0.000,0.00,0.000,9.1,14.0,2.3,288,18,9.8,15.7,2.5,292,17,9.1,14.0,2.3,288,18,371,29.02,,,,,36.5,39.2,41.7,,,
TULL,2016-04-05 17:45:00 EDT,42.79463,-76.11555,1241,25.0,24.9,15.6,35.1,1.2,0.000,0.000,0.00,0.000,9.1,14.2,2.1,302,11,9.4,15.4,2.1,307,11,9.1,14.2,2.1,302,11,353,29.02,,,,,36.5,39.2,41.7,,,
TULL,2016-04-05 17:50:00 EDT,42.79463,-76.11555,1241,25.3,25.2,17.4,35.9,1.9,0.000,0.000,0.00,0.000,7.0,11.5,1.6,293,16,7.4,11.4,1.7,296,15,7.0,11.5,1.6,293,16,335,29.01,,,,,36.5,39.2,41.8,,,
TULL,2016-04-05 17:55:00 EDT,42.79463,-76.11555,1241,24.8,24.9,16.2,36.6,2.0,0.000,0.000,0.00,0.000,7.8,10.9,1.6,309,16,8.3,12.3,1.8,313,16,7.8,10.9,1.6,309,16,318,29.01,,,,,36.5,39.2,41.7,,,
TULL,2016-04-05 18:00:00 EDT,42.79463,-76.11555,1241,25.2,25.1,17.1,35.1,1.4,0.000,0.000,0.00,0.000,7.3,10.2,1.3,281,15,8.0,11.6,1.4,285,14,7.3,10.2,1.3,281,15,300,29.01,,,,,36.5,39.2,41.7,,,
TULL,2016-04-05 18:05:00 EDT,42.79463,-76.11555,1241,25.1,25.0,17.4,34.2,0.7,0.000,0.000,0.00,0.000,6.7,12.2,2.0,293,16,7.3,13.6,2.1,296,15,6.7,12.2,2.0,293,16,283,29.01,,,,,36.5,39.2,41.7,,,
TULL,2016-04-05 18:10:00 EDT,42.79463,-76.11555,1241,24.9,25.0,16.0,35.7,1.5,0.000,0.000,0.00,0.000,8.2,13.7,2.2,313,11,8.6,14.1,2.4,318,12,8.2,13.7,2.2,313,11,266,29.01,,,,,36.5,39.2,41.7,,,
TULL,2016-04-05 18:15:00 EDT,42.79463,-76.11555,1241,24.9,24.9,16.3,34.9,1.0,0.000,0.000,0.00,0.000,7.8,12.1,1.8,283,14,8.5,14.3,2.1,287,13,7.8,12.1,1.8,283,14,248,29.01,,,,,36.5,39.2,41.7,,,
TULL,2016-04-05 18:20:00 EDT,42.79463,-76.11555,1241,24.8,24.8,16.6,34.7,0.8,0.000,0.000,0.00,0.000,7.2,11.0,2.1,306,23,7.8,12.1,2.0,311,24,7.2,11.0,2.1,306,23,231,29.01,,,,,36.4,39.2,41.7,,,
TULL,2016-04-05 18:25:00 EDT,42.79463,-76.11555,1241,24.5,24.7,14.4,34.6,0.5,0.000,0.000,0.00,0.000,10.0,13.5,1.4,315,9,10.3,14.1,1.4,320,8,10.0,13.5,1.4,315,9,207,29.01,,,,,36.5,39.2,41.7,,,
TULL,2016-04-05 18:30:00 EDT,42.79463,-76.11555,1241,24.4,24.5,14.1,35.1,0.7,0.000,0.000,0.00,0.000,10.3,13.9,1.5,321,12,10.8,14.8,1.5,327,11,10.3,13.9,1.5,321,12,193,29.01,,,,,36.4,39.2,41.7,,,
TULL,2016-04-05 18:35:00 EDT,42.79463,-76.11555,1241,24.3,24.5,15.2,36.1,1.2,0.000,0.000,0.00,0.000,8.3,11.8,1.7,316,13,8.8,13.2,1.8,320,12,8.3,11.8,1.7,316,13,180,29.02,,,,,36.5,39.2,41.7,,,
TULL,2016-04-05 18:40:00 EDT,42.79463,-76.11555,1241,24.2,24.4,15.2,35.6,0.8,0.000,0.000,0.00,0.000,8.2,11.9,1.6,312,13,8.7,12.5,1.6,317,12,8.2,11.9,1.6,312,13,164,29.02,,,,,36.4,39.2,41.7,,,
TULL,2016-04-05 18:45:00 EDT,42.79463,-76.11555,1241,24.2,24.4,14.1,34.8,0.4,0.000,0.000,0.00,0.000,10.0,14.5,1.4,316,8,10.3,14.3,1.5,322,8,10.0,14.5,1.4,316,8,148,29.01,,,,,36.4,39.2,41.7,,,
TULL,2016-04-05 18:50:00 EDT,42.79463,-76.11555,1241,24.3,24.4,15.8,34.7,0.4,0.000,0.000,0.00,0.000,7.6,11.3,2.0,296,15,8.1,12.1,2.2,300,14,7.6,11.3,2.0,296,15,132,29.01,,,,,36.4,39.2,41.7,,,
TULL,2016-04-05 18:55:00 EDT,42.79463,-76.11555,1241,24.1,24.2,14.8,34.3,-0.1,0.000,0.000,0.00,0.000,8.6,11.5,1.1,305,10,8.9,11.4,1.2,310,9,8.6,11.5,1.1,305,10,111,29.01,,,,,36.4,39.2,41.7,,,
TULL,2016-04-05 19:00:00 EDT,42.79463,-76.11555,1241,23.9,24.1,15.3,35.1,0.3,0.000,0.000,0.00,0.000,7.6,10.6,1.6,310,15,7.8,12.3,1.7,314,15,7.6,10.6,1.6,310,15,93,29.01,,,,,36.4,39.2,41.7,,,
TULL,2016-04-05 19:05:00 EDT,42.79463,-76.11555,1241,23.7,24.0,15.7,35.2,0.1,0.000,0.000,0.00,0.000,6.7,11.2,1.4,319,9,7.1,11.6,1.4,323,10,6.7,11.2,1.4,319,9,75,29.01,,,,,36.4,39.2,41.7,,,
TULL,2016-04-05 19:10:00 EDT,42.79463,-76.11555,1241,23.6,23.9,15.6,35.1,0.0,0.000,0.000,0.00,0.000,6.8,9.9,1.2,316,12,7.1,11.4,1.3,321,12,6.8,9.9,1.2,316,12,58,29.01,,,,,36.4,39.2,41.7,,,
TULL,2016-04-05 19:15:00 EDT,42.79463,-76.11555,1241,23.6,23.8,15.5,35.7,0.3,0.000,0.000,0.00,0.000,6.8,9.5,1.3,315,9,7.1,10.1,1.3,320,10,6.8,9.5,1.3,315,9,43,29.01,,,,,36.4,39.2,41.7,,,
TULL,2016-04-05 19:20:00 EDT,42.79463,-76.11555,1241,23.2,23.6,15.8,36.8,0.6,0.000,0.000,0.00,0.000,5.9,8.2,1.0,314,10,6.3,9.8,1.1,319,9,5.9,8.2,1.0,314,10,28,29.01,,,,,36.4,39.2,41.7,,,
TULL,2016-04-05 19:25:00 EDT,42.79463,-76.11555,1241,22.8,23.3,15.5,38.3,1.1,0.000,0.000,0.00,0.000,5.8,8.5,1.1,320,12,6.2,8.9,1.2,325,11,5.8,8.5,1.1,320,12,12,29.01,,,,,36.4,39.2,41.7,,,
TULL,2016-04-05 19:30:00 EDT,42.79463,-76.11555,1241,22.5,23.2,16.6,39.3,1.4,0.000,0.000,0.00,0.000,4.5,6.3,0.9,312,10,4.8,6.9,1.1,317,9,4.5,6.3,0.9,312,10,9,29.01,,,,,36.3,39.2,41.7,,,
TULL,2016-04-05 19:35:00 EDT,42.79463,-76.11555,1241,22.6,23.1,16.9,39.5,1.6,0.000,0.000,0.00,0.000,4.3,6.5,0.9,308,10,4.4,6.5,1.0,312,8,4.3,6.5,0.9,308,10,7,29.01,,,,,36.3,39.2,41.7,,,
TULL,2016-04-05 19:40:00 EDT,42.79463,-76.11555,1241,22.6,23.1,17.2,39.4,1.5,0.000,0.000,0.00,0.000,4.0,6.7,1.2,318,9,4.3,6.9,1.2,323,9,4.0,6.7,1.2,318,9,4,29.01,,,,,36.3,39.2,41.7,,,
TULL,2016-04-05 19:45:00 EDT,42.79463,-76.11555,1241,22.2,22.7,22.2,40.3,1.7,0.000,0.000,0.00,0.000,2.0,2.9,0.5,324,14,2.3,3.6,0.5,327,15,2.0,2.9,0.5,324,14,2,29.00,,,,,36.3,39.2,41.7,,,
TULL,2016-04-05 19:50:00 EDT,42.79463,-76.11555,1241,22.1,22.7,22.1,40.4,1.6,0.000,0.000,0.00,0.000,2.4,4.1,0.7,330,12,2.9,5.1,0.7,334,13,2.4,4.1,0.7,330,12,1,29.00,,,,,36.3,39.2,41.7,,,
TULL,2016-04-05 19:55:00 EDT,42.79463,-76.11555,1241,22.1,22.7,22.1,40.2,1.6,0.000,0.000,0.00,0.000,2.5,3.4,0.5,334,11,2.9,4.0,0.6,341,13,2.5,3.4,0.5,334,11,0,29.00,,,,,36.3,39.2,41.7,,,
TULL,2016-04-05 20:00:00 EDT,42.79463,-76.11555,1241,21.9,22.6,21.9,40.4,1.5,0.000,0.000,0.00,0.000,1.7,3.1,0.6,328,12,2.0,3.6,0.7,332,15,1.7,3.1,0.6,328,12,0,29.00,,,,,36.3,39.2,41.7,,,
TULL,2016-04-05 20:05:00 EDT,42.79463,-76.11555,1241,21.7,22.3,21.7,41.7,2.0,0.000,0.000,0.00,0.000,1.1,2.2,0.3,304,14,1.4,2.2,0.3,310,15,1.1,2.2,0.3,304,14,0,29.00,,,,,36.3,39.2,41.7,,,
TULL,2016-04-05 20:10:00 EDT,42.79463,-76.11555,1241,21.4,22.2,21.4,41.9,1.8,0.000,0.000,0.00,0.000,2.3,3.4,0.4,301,5,2.3,3.6,0.4,304,7,2.3,3.4,0.4,301,5,0,29.00,,,,,36.3,39.2,41.7,,,
TULL,2016-04-05 20:15:00 EDT,42.79463,-76.11555,1241,20.5,22.1,20.5,43.0,1.6,0.000,0.000,0.00,0.000,2.2,3.2,0.4,291,8,2.3,3.4,0.4,293,8,2.2,3.2,0.4,291,8,0,29.00,,,,,36.3,39.1,41.7,,,
TULL,2016-04-05 20:20:00 EDT,42.79463,-76.11555,1241,19.8,22.1,19.8,45.2,2.0,0.000,0.000,0.00,0.000,1.8,3.0,0.6,283,7,2.0,3.4,0.5,286,8,1.8,3.0,0.6,283,7,0,29.00,,,,,36.3,39.1,41.7,,,
TULL,2016-04-05 20:25:00 EDT,42.79463,-76.11555,1241,20.3,21.6,20.3,45.9,2.7,0.000,0.000,0.00,0.000,0.8,2.0,0.6,288,8,1.2,2.2,0.4,301,20,0.8,2.0,0.6,288,8,0,29.00,,,,,36.3,39.1,41.7,,,
TULL,2016-04-05 20:30:00 EDT,42.79463,-76.11555,1241,19.9,21.6,19.9,46.1,2.4,0.000,0.000,0.00,0.000,0.0,0.0,0.0,0,0,0.7,1.6,0.3,17,45,0.0,0.0,0.0,0,0,0,29.00,,,,,36.3,39.1,41.7,,,
TULL,2016-04-05 20:35:00 EDT,42.79463,-76.11555,1241,19.1,21.6,19.1,45.9,1.7,0.000,0.000,0.00,0.000,0.0,0.0,0.0,0,0,0.7,2.5,0.5,21,61,0.0,0.0,0.0,0,0,0,29.00,,,,,36.3,39.1,41.7,,,
TULL,2016-04-05 20:40:00 EDT,42.79463,-76.11555,1241,17.7,21.1,17.7,48.2,1.4,0.000,0.000,0.00,0.000,0.4,1.3,0.5,69,5,1.1,1.8,0.4,75,18,0.4,1.3,0.5,69,5,0,29.00,,,,,36.3,39.1,41.7,,,
TULL,2016-04-05 20:45:00 EDT,42.79463,-76.11555,1241,17.2,20.9,17.2,51.7,2.5,0.000,0.000,0.00,0.000,0.9,1.5,0.3,79,3,1.4,2.0,0.3,98,7,0.9,1.5,0.3,79,3,0,29.00,,,,,36.3,39.0,41.7,,,
TULL,2016-04-05 20:50:00 EDT,42.79463,-76.11555,1241,17.2,20.5,17.2,54.2,3.5,0.000,0.000,0.00,0.000,1.3,1.8,0.3,85,0,1.7,2.5,0.4,87,8,1.3,1.8,0.3,85,0,0,29.00,,,,,36.3,39.0,41.7,,,
TULL,2016-04-05 20:55:00 EDT,42.79463,-76.11555,1241,17.5,20.0,17.5,55.4,4.3,0.000,0.000,0.00,0.000,2.0,2.3,0.2,91,5,2.4,2.9,0.2,95,7,2.0,2.3,0.2,91,5,0,29.00,,,,,36.3,39.0,41.7,,,
TULL,2016-04-05 21:00:00 EDT,42.79463,-76.11555,1241,16.3,19.8,16.3,58.3,4.3,0.000,0.000,0.00,0.000,2.0,2.3,0.2,77,4,2.4,2.9,0.3,76,7,2.0,2.3,0.2,77,4,0,29.00,,,,,36.3,39.0,41.7,,,
TULL,2016-04-05 21:05:00 EDT,42.79463,-76.11555,1241,15.8,19.6,15.8,62.9,5.4,0.000,0.000,0.00,0.000,1.2,1.8,0.2,67,0,1.6,2.2,0.3,66,6,1.2,1.8,0.2,67,0,0,29.00,,,,,36.3,39.0,41.7,,,
TULL,2016-04-05 21:10:00 EDT,42.79463,-76.11555,1241,16.2,19.5,16.2,66.1,6.8,0.000,0.000,0.00,0.000,0.8,1.2,0.1,58,12,1.2,1.6,0.2,51,16,0.8,1.2,0.1,58,12,0,29.00,,,,,36.3,39.0,41.7,,,
TULL,2016-04-05 21:15:00 EDT,42.79463,-76.11555,1241,16.6,19.4,16.6,65.3,7.0,0.000,0.000,0.00,0.000,0.7,1.1,0.2,31,0,1.2,1.6,0.2,46,13,0.7,1.1,0.2,31,0,0,29.01,,,,,36.3,39.0,41.7,,,
TULL,2016-04-05 21:20:00 EDT,42.79463,-76.11555,1241,15.1,19.0,15.1,64.8,5.4,0.000,0.000,0.00,0.000,0.8,1.1,0.1,31,0,1.6,2.0,0.2,63,6,0.8,1.1,0.1,31,0,0,29.01,,,,,36.3,39.0,41.7,,,
TULL,2016-04-05 21:25:00 EDT,42.79463,-76.11555,1241,14.7,18.5,14.7,68.0,6.1,0.000,0.000,0.00,0.000,1.1,1.2,0.1,32,0,2.0,2.2,0.1,67,3,1.1,1.2,0.1,32,0,0,29.01,,,,,36.3,39.0,41.7,,,
TULL,2016-04-05 21:30:00 EDT,42.79463,-76.11555,1241,15.5,18.0,15.5,69.4,7.3,0.000,0.000,0.00,0.000,1.7,2.2,0.5,51,11,2.2,2.5,0.2,63,7,1.7,2.2,0.5,51,11,0,29.01,,,,,36.3,39.0,41.7,,,
TULL,2016-04-05 21:35:00 EDT,42.79463,-76.11555,1241,15.1,17.7,15.1,65.2,5.5,0.000,0.000,0.00,0.000,1.9,2.4,0.2,47,5,2.0,2.5,0.3,50,5,1.9,2.4,0.2,47,5,0,29.01,,,,,36.3,39.0,41.6,,,
TULL,2016-04-05 21:40:00 EDT,42.79463,-76.11555,1241,16.3,17.5,16.3,63.7,6.2,0.000,0.000,0.00,0.000,2.0,2.4,0.2,53,3,2.0,2.7,0.3,53,5,2.0,2.4,0.2,53,3,0,29.01,,,,,36.3,39.0,41.6,,,
TULL,2016-04-05 21:45:00 EDT,42.79463,-76.11555,1241,15.4,17.2,15.4,62.6,4.9,0.000,0.000,0.00,0.000,1.8,2.7,0.5,54,7,2.0,3.4,0.6,59,8,1.8,2.7,0.5,54,7,0,29.00,,,,,36.3,39.0,41.6,,,
TULL,2016-04-05 21:50:00 EDT,42.79463,-76.11555,1241,15.8,16.8,15.8,63.7,5.7,0.000,0.000,0.00,0.000,2.6,2.9,0.2,54,5,2.6,3.4,0.3,54,5,2.6,2.9,0.2,54,5,0,29.00,,,,,36.3,39.0,41.6,,,
TULL,2016-04-05 21:55:00 EDT,42.79463,-76.11555,1241,15.6,16.3,15.6,63.0,5.2,0.000,0.000,0.00,0.000,2.2,2.6,0.2,54,5,2.2,2.9,0.3,57,7,2.2,2.6,0.2,54,5,0,29.00,,,,,36.3,39.0,41.6,,,
TULL,2016-04-05 22:00:00 EDT,42.79463,-76.11555,1241,15.3,16.2,15.3,63.2,5.1,0.000,0.000,0.00,0.000,1.9,2.3,0.3,56,0,2.0,2.9,0.4,60,8,1.9,2.3,0.3,56,0,0,29.00,,,,,36.3,39.0,41.6,,,
TULL,2016-04-05 22:05:00 EDT,42.79463,-76.11555,1241,15.0,16.1,15.0,63.5,4.8,0.000,0.000,0.00,0.000,1.6,1.9,0.1,57,8,1.9,2.5,0.3,60,9,1.6,1.9,0.1,57,8,0,29.00,,,,,36.3,39.0,41.6,,,
TULL,2016-04-05 22:10:00 EDT,42.79463,-76.11555,1241,14.0,15.6,14.0,65.6,4.6,0.000,0.000,0.00,0.000,1.2,1.8,0.2,64,0,1.6,2.2,0.3,65,8,1.2,1.8,0.2,64,0,0,29.00,,,,,36.3,39.0,41.6,,,
TULL,2016-04-05 22:15:00 EDT,42.79463,-76.11555,1241,12.0,15.0,12.0,68.4,3.6,0.000,0.000,0.00,0.000,1.0,1.3,0.1,65,0,1.5,2.0,0.2,91,8,1.0,1.3,0.1,65,0,0,29.00,,,,,36.3,39.0,41.6,,,
TULL,2016-04-05 22:20:00 EDT,42.79463,-76.11555,1241,11.9,14.7,11.9,73.3,5.0,0.000,0.000,0.00,0.000,1.2,2.0,0.5,88,11,1.8,2.5,0.3,98,13,1.2,2.0,0.5,88,11,0,29.00,,,,,36.3,39.0,41.6,,,
TULL,2016-04-05 22:25:00 EDT,42.79463,-76.11555,1241,12.5,14.8,12.5,75.8,6.3,0.000,0.000,0.00,0.000,1.6,2.0,0.3,76,9,2.1,2.7,0.3,77,14,1.6,2.0,0.3,76,9,0,29.00,,,,,36.3,39.0,41.6,,,
TULL,2016-04-05 22:30:00 EDT,42.79463,-76.11555,1241,12.3,14.5,12.3,71.3,4.8,0.000,0.000,0.00,0.000,2.2,2.7,0.3,64,8,2.4,2.9,0.2,61,7,2.2,2.7,0.3,64,8,0,29.00,,,,,36.3,39.0,41.5,,,
TULL,2016-04-05 22:35:00 EDT,42.79463,-76.11555,1241,13.0,14.5,13.0,69.6,4.9,0.000,0.000,0.00,0.000,2.0,2.8,0.3,54,2,2.1,2.9,0.3,58,6,2.0,2.8,0.3,54,2,0,29.00,,,,,36.3,39.0,41.5,,,
TULL,2016-04-05 22:40:00 EDT,42.79463,-76.11555,1241,12.7,14.5,12.7,68.8,4.4,0.000,0.000,0.00,0.000,2.4,2.8,0.2,60,4,2.6,3.4,0.3,62,6,2.4,2.8,0.2,60,4,0,29.00,,,,,36.2,39.0,41.5,,,
TULL,2016-04-05 22:45:00 EDT,42.79463,-76.11555,1241,12.7,14.0,12.7,68.5,4.3,0.000,0.000,0.00,0.000,2.2,2.6,0.1,65,3,2.6,2.9,0.2,71,7,2.2,2.6,0.1,65,3,0,28.99,,,,,36.3,39.0,41.5,,,
TULL,2016-04-05 22:50:00 EDT,42.79463,-76.11555,1241,12.8,13.6,12.8,67.9,4.1,0.000,0.000,0.00,0.000,1.8,2.1,0.1,69,1,2.3,2.7,0.2,71,5,1.8,2.1,0.1,69,1,0,28.99,,,,,36.2,39.0,41.5,,,
TULL,2016-04-05 22:55:00 EDT,42.79463,-76.11555,1241,12.8,13.6,12.8,67.6,4.1,0.000,0.000,0.00,0.000,1.9,2.1,0.2,66,5,2.0,2.5,0.3,59,7,1.9,2.1,0.2,66,5,0,28.99,,,,,36.2,39.0,41.5,,,
TULL,2016-04-05 23:00:00 EDT,42.79463,-76.11555,1241,11.9,13.7,11.9,68.4,3.5,0.000,0.000,0.00,0.000,1.9,2.3,0.1,52,6,2.0,2.7,0.2,56,8,1.9,2.3,0.1,52,6,0,28.99,,,,,36.2,39.0,41.5,,,
TULL,2016-04-05 23:05:00 EDT,42.79463,-76.11555,1241,11.1,13.4,11.1,68.8,2.9,0.000,0.000,0.00,0.000,1.3,1.9,0.3,58,1,1.8,2.5,0.3,77,12,1.3,1.9,0.3,58,1,0,28.99,,,,,36.1,39.0,41.5,,,
TULL,2016-04-05 23:10:00 EDT,42.79463,-76.11555,1241,10.8,13.1,10.8,71.6,3.4,0.000,0.000,0.00,0.000,1.4,1.8,0.2,64,10,1.9,2.2,0.2,86,8,1.4,1.8,0.2,64,10,0,28.99,,,,,36.1,39.0,41.5,,,
TULL,2016-04-05 23:15:00 EDT,42.79463,-76.11555,1241,11.1,12.8,11.1,76.3,5.1,0.000,0.000,0.00,0.000,1.9,2.6,0.3,86,4,2.3,3.1,0.4,98,4,1.9,2.6,0.3,86,4,0,28.99,,,,,36.1,39.0,41.5,,,
TULL,2016-04-05 23:20:00 EDT,42.79463,-76.11555,1241,10.9,12.5,10.9,76.9,5.1,0.000,0.000,0.00,0.000,2.3,2.8,0.3,77,12,2.7,3.4,0.3,78,15,2.3,2.8,0.3,77,12,0,28.99,,,,,36.1,39.0,41.5,,,
TULL,2016-04-05 23:25:00 EDT,42.79463,-76.11555,1241,11.1,12.7,11.1,72.2,3.9,0.000,0.000,0.00,0.000,2.2,3.0,0.5,48,6,2.3,3.1,0.5,48,6,2.2,3.0,0.5,48,6,0,28.99,,,,,36.1,39.0,41.5,,,
TULL,2016-04-05 23:30:00 EDT,42.79463,-76.11555,1241,10.7,13.0,10.7,71.0,3.2,0.000,0.000,0.00,0.000,0.9,1.9,0.4,52,13,1.3,2.7,0.4,56,16,0.9,1.9,0.4,52,13,0,28.99,,,,,36.1,39.0,41.5,,,
TULL,2016-04-05 23:35:00 EDT,42.79463,-76.11555,1241,9.9,12.8,9.9,71.0,2.4,0.000,0.000,0.00,0.000,1.2,1.8,0.4,54,3,1.5,2.0,0.3,48,7,1.2,1.8,0.4,54,3,0,28.99,,,,,36.1,39.0,41.5,,,
TULL,2016-04-05 23:40:00 EDT,42.79463,-76.11555,1241,9.3,13.0,9.3,72.8,2.4,0.000,0.000,0.00,0.000,0.7,1.1,0.3,49,0,1.2,1.6,0.2,31,12,0.7,1.1,0.3,49,0,0,28.99,,,,,36.1,39.0,41.5,,,
TULL,2016-04-05 23:45:00 EDT,42.79463,-76.11555,1241,9.7,12.9,9.7,77.2,4.0,0.000,0.000,0.00,0.000,0.8,1.3,0.3,49,0,1.1,1.6,0.3,44,7,0.8,1.3,0.3,49,0,0,28.99,,,,,36.1,39.0,41.5,,,
TULL,2016-04-05 23:50:00 EDT,42.79463,-76.11555,1241,9.0,12.8,9.0,75.3,2.8,0.000,0.000,0.00,0.000,1.6,1.8,0.2,54,5,1.8,2.5,0.3,57,7,1.6,1.8,0.2,54,5,0,28.98,,,,,36.1,39.0,41.5,,,
TULL,2016-04-05 23:55:00 EDT,42.79463,-76.11555,1241,9.9,12.3,9.9,74.9,3.5,0.000,0.000,0.00,0.000,1.8,2.2,0.2,56,4,2.0,2.7,0.3,59,7,1.8,2.2,0.2,56,4,0,28.98,,,,,36.1,39.0,41.5,,,
WATE,2016-04-05 00:00:00 EDT,42.87966,-76.81255,478,16.5,21.2,8.3,,,,,,,5.5,7.0,0.7,281,4,5.9,7.6,0.8,285,4,5.5,7.0,0.7,281,4,0,29.68,,0,0,0,36.3,40.4,43.9,0.32,0.45,0.45
WATE,2016-04-05 00:05:00 EDT,42.87966,-76.81255,478,17.6,21.3,10.9,,,,,,,4.4,5.6,0.7,281,5,4.7,6.3,0.8,285,5,4.4,5.6,0.7,281,5,0,29.68,,0,0,0,36.3,40.4,43.9,0.32,0.45,0.46
WATE,2016-04-05 00:10:00 EDT,42.87966,-76.81255,478,16.3,20.1,16.3,,,,,,,1.7,3.3,0.6,333,56,1.9,3.4,0.6,341,54,1.7,3.3,0.6,333,56,0,29.68,,0,0,0,36.3,40.3,43.9,0.32,0.45,0.45
WATE,2016-04-05 00:15:00 EDT,42.87966,-76.81255,478,16.8,21.1,16.8,,,,,,,2.1,2.6,0.3,314,23,2.3,3.1,0.3,317,24,2.1,2.6,0.3,314,23,0,29.68,,0,0,0,36.3,40.3,43.9,0.32,0.45,0.45
WATE,2016-04-05 00:20:00 EDT,42.87966,-76.81255,478,16.3,20.2,16.3,,,,,,,1.4,2.3,0.3,277,18,1.7,3.1,0.3,283,18,1.4,2.3,0.3,277,18,0,29.68,,0,0,0,36.3,40.3,43.9,0.32,0.45,0.45
WATE,2016-04-05 00:25:00 EDT,42.87966,-76.81255,478,15.0,20.4,15.0,,,,,,,0.4,1.0,0.3,271,10,0.9,1.3,0.2,279,14,0.4,1.0,0.3,271,10,0,29.68,,0,0,0,36.3,40.3,43.9,0.32,0.45,0.45
WATE,2016-04-05 00:30:00 EDT,42.87966,-76.81255,478,15.8,20.6,15.8,,,,,,,0.5,1.2,0.4,296,4,1.0,1.6,0.3,303,11,0.5,1.2,0.4,296,4,0,29.69,,0,0,0,36.3,40.3,43.9,0.32,0.45,0.45
WATE,2016-04-05 00:35:00 EDT,42.87966,-76.81255,478,15.5,20.9,15.5,,,,,,,1.3,2.0,0.5,300,8,1.5,2.0,0.4,307,9,1.3,2.0,0.5,300,8,0,29.69,,0,0,0,36.3,40.3,43.9,0.32,0.45,0.45
WATE,2016-04-05 00:40:00 EDT,42.87966,-76.81255,478,14.4,20.7,14.4,,,,,,,0.9,1.5,0.2,298,13,1.3,1.6,0.2,304,12,0.9,1.5,0.2,298,13,0,29.69,,0,0,0,36.2,40.3,43.9,0.32,0.45,0.45
WATE,2016-04-05 00:45:00 EDT,42.87966,-76.81255,478,14.8,20.9,14.8,,,,,,,1.7,2.7,0.6,297,13,1.9,3.1,0.5,301,16,1.7,2.7,0.6,297,13,0,29.69,,0,0,0,36.2,40.3,43.9,0.32,0.45,0.45
WATE,2016-04-05 00:50:00 EDT,42.87966,-76.81255,478,14.8,20.0,14.8,,,,,,,0.5,1.9,0.6,306,14,0.9,2.0,0.4,316,27,0.5,1.9,0.6,306,14,0,29.69,,0,0,0,36.1,40.3,43.9,0.32,0.45,0.45
WATE,2016-04-05 00:55:00 EDT,42.87966,-76.81255,478,16.7,20.3,16.7,,,,,,,0.9,1.6,0.5,338,22,1.2,2.7,0.5,343,25,0.9,1.6,0.5,338,22,0,29.69,,0,0,0,36.1,40.3,43.9,0.32,0.45,0.45
WATE,2016-04-05 01:00:00 EDT,42.87966,-76.81255,478,16.0,20.6,16.0,,,,,,,1.0,1.8,0.6,303,7,1.3,1.8,0.4,305,12,1.0,1.8,0.6,303,7,0,29.69,,0,0,0,36.1,40.3,43.9,0.32,0.45,0.45
WATE,2016-04-05 01:05:00 EDT,42.87966,-76.81255,478,15.5,20.3,15.5,,,,,,,1.0,2.3,0.9,309,8,1.2,2.7,0.7,316,24,1.0,2.3,0.9,309,8,0,29.69,,0,0,0,36.1,40.3,43.9,0.32,0.45,0.45
WATE,2016-04-05 01:10:00 EDT,42.87966,-76.81255,478,12.5,20.7,12.5,,,,,,,1.7,2.3,0.4,307,7,1.8,2.5,0.4,311,7,1.7,2.3,0.4,307,7,0,29.70,,0,0,0,36.1,40.3,43.9,0.32,0.45,0.46
WATE,2016-04-05 01:15:00 EDT,42.87966,-76.81255,478,12.9,20.6,12.9,,,,,,,1.0,2.0,0.3,307,8,1.3,2.2,0.3,312,9,1.0,2.0,0.3,307,8,0,29.70,,0,0,0,36.1,40.3,43.9,0.32,0.45,0.45
WATE,2016-04-05 01:20:00 EDT,42.87966,-76.81255,478,13.8,20.7,13.8,,,,,,,1.8,2.8,0.5,288,8,2.1,3.1,0.5,294,10,1.8,2.8,0.5,288,8,0,29.70,,0,0,0,36.1,40.3,43.9,0.32,0.45,0.45
WATE,2016-04-05 01:25:00 EDT,42.87966,-76.81255,478,13.5,20.2,13.5,,,,,,,2.0,2.6,0.3,293,10,2.2,3.1,0.4,297,10,2.0,2.6,0.3,293,10,0,29.70,,0,0,0,36.1,40.3,43.9,0.32,0.45,0.45
WATE,2016-04-05 01:30:00 EDT,42.87966,-76.81255,478,14.3,19.9,14.3,,,,,,,2.6,3.1,0.2,284,5,2.8,3.6,0.3,288,5,2.6,3.1,0.2,284,5,0,29.70,,0,0,0,36.1,40.3,43.9,0.32,0.45,0.45
WATE,2016-04-05 01:35:00 EDT,42.87966,-76.81255,478,13.6,19.9,13.6,,,,,,,2.6,3.0,0.2,275,5,2.9,3.4,0.2,279,5,2.6,3.0,0.2,275,5,0,29.70,,0,0,0,36.1,40.3,43.9,0.32,0.45,0.45
WATE,2016-04-05 01:40:00 EDT,42.87966,-76.81255,478,14.0,19.8,14.0,,,,,,,2.7,3.2,0.4,274,6,3.0,3.8,0.4,279,7,2.7,3.2,0.4,274,6,0,29.70,,0,0,0,36.1,40.3,43.9,0.32,0.45,0.45
WATE,2016-04-05 01:45:00 EDT,42.87966,-76.81255,478,13.3,19.3,13.3,,,,,,,2.5,3.1,0.4,277,3,2.8,3.4,0.4,281,5,2.5,3.1,0.4,277,3,0,29.70,,0,0,0,36.0,40.3,43.9,0.32,0.45,0.45
WATE,2016-04-05 01:50:00 EDT,42.87966,-76.81255,478,13.2,19.4,13.2,,,,,,,2.5,3.1,0.4,274,4,2.7,3.4,0.3,278,4,2.5,3.1,0.4,274,4,0,29.70,,0,0,0,36.0,40.2,43.9,0.32,0.45,0.45
WATE,2016-04-05 01:55:00 EDT,42.87966,-76.81255,478,13.0,18.9,13.0,,,,,,,2.0,2.8,0.4,275,1,2.3,3.1,0.4,279,3,2.0,2.8,0.4,275,1,0,29.70,,0,0,0,36.0,40.2,43.9,0.32,0.45,0.45
WATE,2016-04-05 02:00:00 EDT,42.87966,-76.81255,478,13.1,18.9,13.1,,,,,,,1.9,2.3,0.2,260,8,2.2,2.7,0.2,263,9,1.9,2.3,0.2,260,8,0,29.71,,0,0,0,36.0,40.2,43.9,0.32,0.45,0.45
WATE,2016-04-05 02:05:00 EDT,42.87966,-76.81255,478,12.8,18.0,12.8,,,,,,,1.5,1.8,0.2,266,7,1.8,2.2,0.2,271,7,1.5,1.8,0.2,266,7,0,29.71,,0,0,0,36.0,40.1,43.8,0.32,0.45,0.45
WATE,2016-04-05 02:10:00 EDT,42.87966,-76.81255,478,14.2,19.1,14.2,,,,,,,1.2,2.2,0.3,264,12,1.6,2.7,0.4,272,14,1.2,2.2,0.3,264,12,0,29.71,,0,0,0,36.0,40.1,43.8,0.32,0.45,0.45
WATE,2016-04-05 02:15:00 EDT,42.87966,-76.81255,478,11.1,18.0,11.1,,,,,,,1.5,2.3,0.5,274,9,1.8,2.7,0.5,278,11,1.5,2.3,0.5,274,9,0,29.71,,0,0,0,36.0,40.1,43.8,0.32,0.45,0.45
WATE,2016-04-05 02:20:00 EDT,42.87966,-76.81255,478,11.2,18.6,11.2,,,,,,,2.4,2.7,0.2,276,5,2.7,3.1,0.2,280,6,2.4,2.7,0.2,276,5,0,29.71,,0,0,0,36.0,40.1,43.8,0.32,0.45,0.45
WATE,2016-04-05 02:25:00 EDT,42.87966,-76.81255,478,11.1,18.4,11.1,,,,,,,2.1,2.8,0.4,264,9,2.4,3.1,0.4,266,11,2.1,2.8,0.4,264,9,0,29.71,,0,0,0,36.0,40.1,43.8,0.32,0.45,0.45
WATE,2016-04-05 02:30:00 EDT,42.87966,-76.81255,478,11.1,18.0,11.1,,,,,,,1.9,2.1,0.2,264,5,2.2,2.5,0.2,270,3,1.9,2.1,0.2,264,5,0,29.71,,0,0,0,36.0,40.1,43.8,0.32,0.45,0.45
WATE,2016-04-05 02:35:00 EDT,42.87966,-76.81255,478,10.7,17.4,10.7,,,,,,,2.1,2.6,0.2,265,3,2.4,2.9,0.2,270,5,2.1,2.6,0.2,265,3,0,29.71,,0,0,0,36.0,40.1,43.8,0.32,0.45,0.45
WATE,2016-04-05 02:40:00 EDT,42.87966,-76.81255,478,10.6,17.4,10.6,,,,,,,2.4,3.1,0.2,264,7,2.6,3.6,0.2,269,6,2.4,3.1,0.2,264,7,0,29.71,,0,0,0,36.0,40.1,43.8,0.32,0.45,0.45
WATE,2016-04-05 02:45:00 EDT,42.87966,-76.81255,478,9.0,16.0,9.0,,,,,,,2.0,2.3,0.2,275,4,2.3,2.9,0.3,278,5,2.0,2.3,0.2,275,4,0,29.71,,0,0,0,36.0,40.1,43.8,0.32,0.45,0.45
WATE,2016-04-05 02:50:00 EDT,42.87966,-76.81255,478,11.0,16.5,11.0,,,,,,,2.3,2.8,0.2,256,4,2.6,3.4,0.3,258,5,2.3,2.8,0.2,256,4,0,29.71,,0,0,0,36.0,40.1,43.8,0.32,0.45,0.45
WATE,2016-04-05 02:55:00 EDT,42.87966,-76.81255,478,11.8,15.8,11.8,,,,,,,2.4,3.1,0.3,262,8,2.7,3.6,0.4,266,10,2.4,3.1,0.3,262,8,0,29.72,,0,0,0,36.0,40.1,43.7,0.32,0.45,0.45
WATE,2016-04-05 03:00:00 EDT,42.87966,-76.81255,478,10.9,16.8,10.9,,,,,,,2.8,3.5,0.4,264,4,3.0,3.8,0.4,269,5,2.8,3.5,0.4,264,4,0,29.72,,0,0,0,36.0,40.1,43.8,0.32,0.45,0.45
WATE,2016-04-05 03:05:00 EDT,42.87966,-76.81255,478,10.0,15.2,10.0,,,,,,,1.6,2.0,0.2,262,11,1.9,2.5,0.2,264,14,1.6,2.0,0.2,262,11,0,29.72,,0,0,0,36.0,40.1,43.7,0.32,0.45,0.46
WATE,2016-04-05 03:10:00 EDT,42.87966,-76.81255,478,11.5,16.1,11.5,,,,,,,2.5,3.2,0.4,261,7,2.8,3.6,0.4,266,8,2.5,3.2,0.4,261,7,0,29.72,,0,0,0,36.0,40.1,43.7,0.32,0.45,0.45
WATE,2016-04-05 03:15:00 EDT,42.87966,-76.81255,478,9.4,15.6,9.4,,,,,,,1.9,2.4,0.3,263,6,2.3,2.9,0.3,269,8,1.9,2.4,0.3,263,6,0,29.72,,0,0,0,35.9,40.1,43.7,0.32,0.45,0.45
WATE,2016-04-05 03:20:00 EDT,42.87966,-76.81255,478,9.8,15.5,9.8,,,,,,,2.2,2.4,0.1,257,7,2.5,2.7,0.2,260,9,2.2,2.4,0.1,257,7,0,29.72,,0,0,0,35.9,40.0,43.7,0.32,0.45,0.45
WATE,2016-04-05 03:25:00 EDT,42.87966,-76.81255,478,10.9,15.6,10.9,,,,,,,2.3,2.8,0.2,249,3,2.6,3.4,0.3,251,5,2.3,2.8,0.2,249,3,0,29.72,,0,0,0,35.9,40.0,43.7,0.32,0.45,0.46
WATE,2016-04-05 03:30:00 EDT,42.87966,-76.81255,478,9.6,16.2,9.6,,,,,,,2.8,3.4,0.3,255,3,3.2,4.0,0.4,259,5,2.8,3.4,0.3,255,3,0,29.72,,0,0,0,35.9,40.0,43.7,0.32,0.45,0.45
WATE,2016-04-05 03:35:00 EDT,42.87966,-76.81255,478,10.4,16.2,10.4,,,,,,,2.4,2.8,0.2,265,4,2.7,3.4,0.2,271,4,2.4,2.8,0.2,265,4,0,29.73,,0,0,0,35.9,39.9,43.7,0.32,0.45,0.45
WATE,2016-04-05 03:40:00 EDT,42.87966,-76.81255,478,10.1,16.0,10.1,,,,,,,2.6,3.4,0.4,262,2,2.9,3.6,0.4,267,3,2.6,3.4,0.4,262,2,0,29.73,,0,0,0,35.8,39.9,43.7,0.32,0.45,0.45
WATE,2016-04-05 03:45:00 EDT,42.87966,-76.81255,478,9.6,15.8,9.6,,,,,,,2.0,2.3,0.1,262,1,2.3,2.7,0.2,267,3,2.0,2.3,0.1,262,1,0,29.73,,0,0,0,35.8,39.9,43.7,0.32,0.45,0.45
WATE,2016-04-05 03:50:00 EDT,42.87966,-76.81255,478,9.8,15.9,9.8,,,,,,,2.2,2.3,0.1,257,1,2.5,2.9,0.2,261,4,2.2,2.3,0.1,257,1,0,29.73,,0,0,0,35.8,39.9,43.7,0.32,0.45,0.46
WATE,2016-04-05 03:55:00 EDT,42.87966,-76.81255,478,9.9,15.7,9.9,,,,,,,2.1,2.5,0.1,256,1,2.5,2.9,0.2,260,4,2.1,2.5,0.1,256,1,0,29.73,,0,0,0,35.8,39.9,43.7,0.32,0.45,0.45
WATE,2016-04-05 04:00:00 EDT,42.87966,-76.81255,478,9.8,16.2,9.8,,,,,,,2.8,3.8,0.4,258,3,3.1,4.3,0.4,263,4,2.8,3.8,0.4,258,3,0,29.73,,0,0,0,35.8,39.9,43.7,0.32,0.45,0.45
WATE,2016-04-05 04:05:00 EDT,42.87966,-76.81255,478,9.6,16.0,9.6,,,,,,,2.5,3.0,0.2,257,2,2.8,3.6,0.2,260,4,2.5,3.0,0.2,257,2,0,29.74,,0,0,0,35.8,39.9,43.7,0.32,0.45,0.45
WATE,2016-04-05 04:10:00 EDT,42.87966,-76.81255,478,10.3,16.1,10.3,,,,,,,2.6,3.1,0.2,259,4,2.9,3.6,0.3,263,6,2.6,3.1,0.2,259,4,0,29.74,,0,0,0,35.8,39.9,43.7,0.32,0.45,0.45
WATE,2016-04-05 04:15:00 EDT,42.87966,-76.81255,478,9.6,15.8,9.6,,,,,,,2.2,3.0,0.2,262,4,2.5,3.4,0.3,266,5,2.2,3.0,0.2,262,4,0,29.74,,0,0,0,35.8,39.9,43.7,0.32,0.45,0.45
WATE,2016-04-05 04:20:00 EDT,42.87966,-76.81255,478,9.2,15.4,9.2,,,,,,,2.3,2.7,0.2,256,3,2.6,3.1,0.2,261,5,2.3,2.7,0.2,256,3,0,29.74,,0,0,0,35.8,39.9,43.7,0.32,0.45,0.45
WATE,2016-04-05 04:25:00 EDT,42.87966,-76.81255,478,10.2,15.3,10.2,,,,,,,2.8,3.7,0.3,253,6,3.1,4.5,0.4,256,7,2.8,3.7,0.3,253,6,0,29.74,,0,0,0,35.8,39.9,43.7,0.32,0.45,0.46
WATE,2016-04-05 04:30:00 EDT,42.87966,-76.81255,478,10.3,15.2,10.3,,,,,,,2.7,3.1,0.1,257,2,3.0,4.0,0.3,261,4,2.7,3.1,0.1,257,2,0,29.75,,0,0,0,35.7,39.9,43.7,0.32,0.45,0.45
WATE,2016-04-05 04:35:00 EDT,42.87966,-76.81255,478,9.2,15.1,9.2,,,,,,,2.7,4.0,0.4,266,4,3.0,4.5,0.5,270,5,2.7,4.0,0.4,266,4,0,29.75,,0,0,0,35.6,39.9,43.7,0.32,0.45,0.45
WATE,2016-04-05 04:40:00 EDT,42.87966,-76.81255,478,9.0,14.9,9.0,,,,,,,2.7,3.7,0.3,264,3,3.0,4.7,0.4,269,4,2.7,3.7,0.3,264,3,0,29.75,,0,0,0,35.6,39.9,43.7,0.32,0.45,0.45
WATE,2016-04-05 04:45:00 EDT,42.87966,-76.81255,478,8.4,15.0,2.5,,,,,,,3.0,4.3,0.3,282,8,3.3,4.7,0.4,287,8,3.0,4.3,0.3,282,8,0,29.75,,0,0,0,35.6,39.9,43.7,0.32,0.45,0.45
WATE,2016-04-05 04:50:00 EDT,42.87966,-76.81255,478,7.8,15.6,1.0,,,,,,,3.5,4.4,0.4,274,7,3.8,4.9,0.5,278,7,3.5,4.4,0.4,274,7,0,29.75,,0,0,0,35.6,39.9,43.7,0.32,0.45,0.45
WATE,2016-04-05 04:55:00 EDT,42.87966,-76.81255,478,8.3,15.3,2.0,,,,,,,3.3,3.8,0.2,273,6,3.6,4.5,0.3,277,6,3.3,3.8,0.2,273,6,0,29.76,,0,0,0,35.6,39.9,43.7,0.32,0.45,0.45
WATE,2016-04-05 05:00:00 EDT,42.87966,-76.81255,478,8.0,15.3,1.7,,,,,,,3.3,3.9,0.3,274,4,3.6,4.3,0.3,278,4,3.3,3.9,0.3,274,4,0,29.76,,0,0,0,35.6,39.9,43.7,0.32,0.45,0.45
WATE,2016-04-05 05:05:00 EDT,42.87966,-76.81255,478,8.7,15.2,2.4,,,,,,,3.3,3.9,0.2,268,4,3.6,4.3,0.3,272,4,3.3,3.9,0.2,268,4,0,29.76,,0,0,0,35.6,39.9,43.7,0.32,0.45,0.45
WATE,2016-04-05 05:10:00 EDT,42.87966,-76.81255,478,8.3,15.1,2.1,,,,,,,3.2,3.8,0.2,268,4,3.5,4.3,0.3,273,4,3.2,3.8,0.2,268,4,0,29.77,,0,0,0,35.6,39.8,43.7,0.32,0.45,0.45
WATE,2016-04-05 05:15:00 EDT,42.87966,-76.81255,478,7.4,15.0,0.9,,,,,,,3.3,4.7,0.4,272,4,3.6,5.4,0.4,276,4,3.3,4.7,0.4,272,4,0,29.77,,0,0,0,35.6,39.8,43.6,0.32,0.45,0.45
WATE,2016-04-05 05:20:00 EDT,42.87966,-76.81255,478,7.4,14.9,1.1,,,,,,,3.2,3.9,0.3,269,5,3.5,4.3,0.3,274,5,3.2,3.9,0.3,269,5,0,29.77,,0,0,0,35.5,39.8,43.7,0.32,0.45,0.45
WATE,2016-04-05 05:25:00 EDT,42.87966,-76.81255,478,7.6,14.8,1.3,,,,,,,3.2,3.8,0.2,267,5,3.5,4.3,0.3,272,5,3.2,3.8,0.2,267,5,0,29.77,,0,0,0,35.5,39.7,43.7,0.32,0.45,0.45
WATE,2016-04-05 05:30:00 EDT,42.87966,-76.81255,478,7.7,14.8,1.5,,,,,,,3.2,3.9,0.4,271,4,3.5,4.5,0.4,275,5,3.2,3.9,0.4,271,4,0,29.78,,0,0,0,35.4,39.7,43.7,0.32,0.45,0.45
WATE,2016-04-05 05:35:00 EDT,42.87966,-76.81255,478,8.0,14.7,1.5,,,,,,,3.4,4.4,0.3,271,6,3.7,4.7,0.4,276,6,3.4,4.4,0.3,271,6,0,29.78,,0,0,0,35.4,39.7,43.6,0.32,0.45,0.45
WATE,2016-04-05 05:40:00 EDT,42.87966,-76.81255,478,8.3,14.7,2.0,,,,,,,3.3,3.8,0.2,275,4,3.6,4.5,0.3,279,5,3.3,3.8,0.2,275,4,0,29.78,,0,0,0,35.4,39.7,43.6,0.32,0.45,0.45
WATE,2016-04-05 05:45:00 EDT,42.87966,-76.81255,478,7.9,14.5,1.3,,,,,,,3.4,4.0,0.3,270,6,3.8,4.7,0.4,275,6,3.4,4.0,0.3,270,6,0,29.78,,0,0,0,35.4,39.7,43.6,0.32,0.45,0.45
WATE,2016-04-05 05:50:00 EDT,42.87966,-76.81255,478,8.0,14.6,0.1,,,,,,,4.1,5.5,0.5,275,5,4.5,6.3,0.6,279,5,4.1,5.5,0.5,275,5,0,29.79,,0,0,0,35.4,39.7,43.6,0.32,0.45,0.45
WATE,2016-04-05 05:55:00 EDT,42.87966,-76.81255,478,7.7,15.0,-0.9,,,,,,,4.6,5.3,0.3,275,4,5.0,5.8,0.4,279,4,4.6,5.3,0.3,275,4,0,29.79,,0,0,0,35.4,39.7,43.6,0.32,0.45,0.45
WATE,2016-04-05 06:00:00 EDT,42.87966,-76.81255,478,7.7,14.8,-0.5,,,,,,,4.4,5.5,0.4,273,6,4.8,6.0,0.5,278,5,4.4,5.5,0.4,273,6,0,29.79,,0,0,0,35.4,39.7,43.6,0.32,0.45,0.45
WATE,2016-04-05 06:05:00 EDT,42.87966,-76.81255,478,8.8,14.8,0.9,,,,,,,4.2,5.6,0.6,278,5,4.6,6.3,0.6,281,5,4.2,5.6,0.6,278,5,0,29.80,,0,0,0,35.4,39.7,43.6,0.32,0.45,0.45
WATE,2016-04-05 06:10:00 EDT,42.87966,-76.81255,478,7.9,14.4,1.3,,,,,,,3.4,4.2,0.4,270,8,3.8,4.7,0.5,274,8,3.4,4.2,0.4,270,8,0,29.80,,0,0,0,35.4,39.7,43.5,0.32,0.45,0.45
WATE,2016-04-05 06:15:00 EDT,42.87966,-76.81255,478,8.7,14.3,2.9,,,,,,,3.0,4.2,0.4,270,6,3.4,4.7,0.5,275,6,3.0,4.2,0.4,270,6,0,29.81,,0,0,0,35.4,39.7,43.6,0.32,0.45,0.45
WATE,2016-04-05 06:20:00 EDT,42.87966,-76.81255,478,9.1,14.5,1.6,,,,,,,4.0,5.0,0.5,262,5,4.4,5.4,0.6,266,6,4.0,5.0,0.5,262,5,0,29.81,,0,0,0,35.3,39.7,43.5,0.32,0.45,0.45
WATE,2016-04-05 06:25:00 EDT,42.87966,-76.81255,478,7.3,13.8,1.1,,,,,,,3.1,4.8,0.9,260,5,3.5,5.1,0.9,265,7,3.1,4.8,0.9,260,5,0,29.81,,0,0,0,35.3,39.7,43.6,0.32,0.45,0.45
WATE,2016-04-05 06:30:00 EDT,42.87966,-76.81255,478,8.6,13.6,2.7,,,,,,,3.1,4.0,0.3,274,4,3.4,4.7,0.3,278,5,3.1,4.0,0.3,274,4,1,29.81,,0,0,0,35.2,39.7,43.5,0.32,0.45,0.45
WATE,2016-04-05 06:35:00 EDT,42.87966,-76.81255,478,8.2,13.7,1.6,,,,,,,3.4,4.7,0.3,278,5,3.7,5.1,0.4,281,4,3.4,4.7,0.3,278,5,2,29.81,,0,0,0,35.2,39.6,43.5,0.32,0.45,0.45
WATE,2016-04-05 06:40:00 EDT,42.87966,-76.81255,478,7.7,13.8,0.6,,,,,,,3.7,4.6,0.3,275,4,4.0,4.9,0.4,280,4,3.7,4.6,0.3,275,4,4,29.82,,0,0,0,35.2,39.6,43.5,0.32,0.45,0.46
WATE,2016-04-05 06:45:00 EDT,42.87966,-76.81255,478,8.4,13.4,2.5,,,,,,,3.1,3.9,0.3,279,3,3.3,4.3,0.4,283,4,3.1,3.9,0.3,279,3,6,29.82,,0,0,0,35.2,39.6,43.5,0.32,0.45,0.45
WATE,2016-04-05 06:50:00 EDT,42.87966,-76.81255,478,8.7,13.9,1.9,,,,,,,3.5,4.6,0.3,279,3,3.9,5.1,0.4,283,4,3.5,4.6,0.3,279,3,10,29.82,,0,0,0,35.2,39.6,43.5,0.32,0.45,0.45
WATE,2016-04-05 06:55:00 EDT,42.87966,-76.81255,478,9.1,14.2,2.3,,,,,,,3.6,4.6,0.5,291,9,3.9,5.4,0.7,294,10,3.6,4.6,0.5,291,9,16,29.83,,0,0,0,35.2,39.6,43.5,0.32,0.45,0.45
WATE,2016-04-05 07:00:00 EDT,42.87966,-76.81255,478,10.3,14.1,4.2,,,,,,,3.3,5.0,0.7,305,14,3.6,6.3,1.0,309,14,3.3,5.0,0.7,305,14,23,29.83,,0,0,0,35.2,39.6,43.5,0.32,0.45,0.45
WATE,2016-04-05 07:05:00 EDT,42.87966,-76.81255,478,10.9,15.0,3.1,,,,,,,4.4,7.3,1.1,323,6,4.7,7.8,1.3,327,6,4.4,7.3,1.1,323,6,32,29.84,,0,0,0,35.2,39.6,43.5,0.32,0.45,0.45
WATE,2016-04-05 07:10:00 EDT,42.87966,-76.81255,478,11.4,15.6,3.2,,,,,,,4.8,6.5,0.7,332,9,5.5,8.1,0.9,336,9,4.8,6.5,0.7,332,9,43,29.84,,0,0,0,35.2,39.6,43.5,0.32,0.45,0.45
WATE,2016-04-05 07:15:00 EDT,42.87966,-76.81255,478,11.9,15.8,2.2,,,,,,,6.1,9.1,1.5,357,14,7.0,11.0,1.8,1,8,6.1,9.1,1.5,357,14,57,29.84,,0,0,0,35.2,39.6,43.5,0.32,0.45,0.45
WATE,2016-04-05 07:20:00 EDT,42.87966,-76.81255,478,13.2,17.0,2.2,,,,,,,7.7,11.1,1.0,9,6,8.7,13.2,1.3,12,5,7.7,11.1,1.0,9,6,74,29.85,,0,0,0,35.1,39.6,43.5,0.32,0.45,0.46
WATE,2016-04-05 07:25:00 EDT,42.87966,-76.81255,478,15.5,17.7,5.7,,,,,,,6.9,10.9,1.4,24,11,7.5,12.1,1.6,26,10,6.9,10.9,1.4,24,11,93,29.85,,0,0,0,35.1,39.6,43.5,0.32,0.45,0.46
WATE,2016-04-05 07:30:00 EDT,42.87966,-76.81255,478,17.8,18.5,8.0,,,,,,,7.5,12.3,1.8,28,12,8.1,13.4,1.9,31,12,7.5,12.3,1.8,28,12,113,29.85,,0,0,0,35.1,39.6,43.5,0.32,0.45,0.45
WATE,2016-04-05 07:35:00 EDT,42.87966,-76.81255,478,18.6,18.9,8.2,,,,,,,8.5,13.2,1.4,34,11,9.1,15.4,1.7,37,10,8.5,13.2,1.4,34,11,136,29.85,,0,0,0,35.1,39.6,43.5,0.32,0.45,0.45
WATE,2016-04-05 07:40:00 EDT,42.87966,-76.81255,478,18.5,18.8,8.9,,,,,,,7.4,10.5,1.3,38,12,8.0,11.6,1.4,41,9,7.4,10.5,1.3,38,12,156,29.86,,0,0,0,35.1,39.6,43.5,0.32,0.45,0.45
WATE,2016-04-05 07:45:00 EDT,42.87966,-76.81255,478,18.7,19.0,7.7,,,,,,,9.3,13.4,1.7,43,10,9.8,13.4,1.8,45,8,9.3,13.4,1.7,43,10,169,29.86,,0,0,0,35.1,39.6,43.5,0.32,0.45,0.45
WATE,2016-04-05 07:50:00 EDT,42.87966,-76.81255,478,18.7,19.0,8.3,,,,,,,8.5,13.7,1.5,41,10,8.9,13.4,1.6,43,9,8.5,13.7,1.5,41,10,178,29.86,,0,0,0,35.1,39.6,43.5,0.32,0.45,0.45
WATE,2016-04-05 07:55:00 EDT,42.87966,-76.81255,478,18.8,19.1,10.9,,,,,,,5.6,8.6,1.0,37,10,6.0,9.2,1.1,40,8,5.6,8.6,1.0,37,10,190,29.86,,0,0,0,35.1,39.6,43.5,0.32,0.45,0.45
WATE,2016-04-05 08:00:00 EDT,42.87966,-76.81255,478,19.0,19.2,10.2,,,,,,,6.6,10.6,1.6,42,11,6.9,10.7,1.6,45,10,6.6,10.6,1.6,42,11,203,29.86,,0,0,0,35.0,39.6,43.5,0.32,0.45,0.45
WATE,2016-04-05 08:05:00 EDT,42.87966,-76.81255,478,19.3,19.5,10.1,,,,,,,7.1,11.5,1.7,39,13,7.6,11.4,1.7,43,11,7.1,11.5,1.7,39,13,219,29.87,,0,0,0,35.0,39.5,43.5,0.32,0.45,0.45
WATE,2016-04-05 08:10:00 EDT,42.87966,-76.81255,478,19.5,19.6,10.6,,,,,,,6.7,10.8,1.2,37,12,7.3,11.4,1.3,39,11,6.7,10.8,1.2,37,12,235,29.87,,0,0,0,35.0,39.5,43.5,0.32,0.45,0.45
WATE,2016-04-05 08:15:00 EDT,42.87966,-76.81255,478,19.7,19.8,11.0,,,,,,,6.7,10.4,1.5,36,13,7.2,12.1,1.6,40,12,6.7,10.4,1.5,36,13,252,29.87,,0,0,0,34.9,39.5,43.5,0.32,0.45,0.45
WATE,2016-04-05 08:20:00 EDT,42.87966,-76.81255,478,19.9,20.0,10.7,,,,,,,7.3,10.2,1.3,40,10,7.7,10.5,1.3,43,8,7.3,10.2,1.3,40,10,270,29.87,,0,0,0,34.9,39.5,43.5,0.32,0.45,0.45
WATE,2016-04-05 08:25:00 EDT,42.87966,-76.81255,478,20.1,20.1,11.8,,,,,,,6.3,9.3,1.2,40,11,6.9,10.3,1.2,42,10,6.3,9.3,1.2,40,11,286,29.87,,0,0,0,34.9,39.4,43.5,0.32,0.45,0.45
WATE,2016-04-05 08:30:00 EDT,42.87966,-76.81255,478,20.4,20.3,11.6,,,,,,,6.9,9.6,1.1,42,12,7.4,11.4,1.1,45,11,6.9,9.6,1.1,42,12,304,29.88,,0,0,0,34.9,39.4,43.5,0.32,0.45,0.45
WATE,2016-04-05 08:35:00 EDT,42.87966,-76.81255,478,20.6,20.5,11.8,,,,,,,7.0,9.9,1.2,42,10,7.5,10.3,1.3,45,7,7.0,9.9,1.2,42,10,321,29.88,,0,0,0,34.9,39.4,43.5,0.32,0.45,0.45
WATE,2016-04-05 08:40:00 EDT,42.87966,-76.81255,478,20.9,20.7,12.2,,,,,,,6.9,9.9,1.3,43,11,7.2,10.7,1.3,46,9,6.9,9.9,1.3,43,11,337,29.88,,0,0,0,34.9,39.4,43.5,0.32,0.45,0.45
WATE,2016-04-05 08:45:00 EDT,42.87966,-76.81255,478,21.1,21.0,12.9,,,,,,,6.4,12.5,1.9,37,16,6.9,12.1,1.8,39,12,6.4,12.5,1.9,37,16,353,29.88,,0,0,0,34.9,39.4,43.5,0.32,0.45,0.45
WATE,2016-04-05 08:50:00 EDT,42.87966,-76.81255,478,21.4,21.2,12.2,,,,,,,7.7,11.1,1.4,39,10,8.1,11.9,1.5,42,9,7.7,11.1,1.4,39,10,370,29.88,,0,0,0,34.9,39.4,43.5,0.32,0.45,0.45
WATE,2016-04-05 08:55:00 EDT,42.87966,-76.81255,478,21.6,21.4,11.8,,,,,,,8.4,15.9,2.4,35,13,9.1,16.8,2.6,40,11,8.4,15.9,2.4,35,13,386,29.89,,0,0,0,34.9,39.4,43.5,0.32,0.45,0.45
WATE,2016-04-05 09:00:00 EDT,42.87966,-76.81255,478,21.7,21.5,11.8,,,,,,,8.8,11.9,1.3,42,10,9.4,12.5,1.3,44,9,8.8,11.9,1.3,42,10,402,29.89,,0,0,0,34.9,39.4,43.5,0.32,0.45,0.45
WATE,2016-04-05 09:05:00 EDT,42.87966,-76.81255,478,21.9,21.6,13.2,,,,,,,7.1,11.3,1.4,40,11,7.8,11.9,1.4,43,10,7.1,11.3,1.4,40,11,419,29.89,,0,0,0,34.9,39.4,43.4,0.32,0.45,0.45
WATE,2016-04-05 09:10:00 EDT,42.87966,-76.81255,478,22.2,21.9,13.2,,,,,,,7.6,11.3,1.5,45,13,8.3,11.9,1.6,48,12,7.6,11.3,1.5,45,13,434,29.89,,0,0,0,34.9,39.4,43.4,0.32,0.45,0.45
WATE,2016-04-05 09:15:00 EDT,42.87966,-76.81255,478,22.2,21.8,11.6,,,,,,,9.9,14.5,1.8,50,8,10.4,14.5,1.9,52,6,9.9,14.5,1.8,50,8,451,29.89,,0,0,0,34.9,39.3,43.4,0.32,0.45,0.45
WATE,2016-04-05 09:20:00 EDT,42.87966,-76.81255,478,22.4,21.9,12.7,,,,,,,8.6,10.8,1.0,54,8,9.1,11.0,1.1,56,7,8.6,10.8,1.0,54,8,467,29.90,,0,0,0,34.9,39.4,43.4,0.32,0.45,0.45
WATE,2016-04-05 09:25:00 EDT,42.87966,-76.81255,478,22.6,22.1,13.7,,,,,,,7.5,11.5,1.3,52,9,7.9,11.2,1.2,54,8,7.5,11.5,1.3,52,9,482,29.90,,0,0,0,34.9,39.4,43.4,0.32,0.45,0.45
WATE,2016-04-05 09:30:00 EDT,42.87966,-76.81255,478,22.6,22.2,14.7,,,,,,,6.4,9.5,1.2,21,15,7.1,11.0,1.5,24,14,6.4,9.5,1.2,21,15,498,29.90,,0,0,0,34.9,39.3,43.4,0.32,0.45,0.45
WATE,2016-04-05 09:35:00 EDT,42.87966,-76.81255,478,22.7,22.3,14.0,,,,,,,7.4,11.2,2.1,33,10,8.0,11.6,2.3,36,11,7.4,11.2,2.1,33,10,513,29.90,,0,0,0,34.9,39.3,43.4,0.32,0.45,0.45
WATE,2016-04-05 09:40:00 EDT,42.87966,-76.81255,478,23.0,22.5,16.9,,,,,,,4.6,10.3,2.3,17,19,5.4,11.0,2.5,20,13,4.6,10.3,2.3,17,19,530,29.90,,0,0,0,34.9,39.3,43.3,0.32,0.45,0.45
WATE,2016-04-05 09:45:00 EDT,42.87966,-76.81255,478,22.8,22.5,14.5,,,,,,,7.0,12.3,1.8,24,14,7.5,13.9,1.9,27,13,7.0,12.3,1.8,24,14,543,29.91,,0,0,0,34.9,39.2,43.4,0.32,0.45,0.45
WATE,2016-04-05 09:50:00 EDT,42.87966,-76.81255,478,23.2,22.6,16.6,,,,,,,5.1,7.2,0.9,49,11,5.6,8.7,1.0,52,9,5.1,7.2,0.9,49,11,558,29.91,,0,0,0,34.9,39.2,43.4,0.32,0.45,0.45
WATE,2016-04-05 09:55:00 EDT,42.87966,-76.81255,478,23.6,22.9,16.6,,,,,,,5.6,7.7,1.2,31,18,6.2,8.5,1.2,34,16,5.6,7.7,1.2,31,18,573,29.91,,0,0,0,34.9,39.2,43.3,0.32,0.45,0.45
WATE,2016-04-05 10:00:00 EDT,42.87966,-76.81255,478,23.5,23.1,17.3,,,,,,,4.8,8.6,1.4,5,19,5.5,10.3,1.6,9,19,4.8,8.6,1.4,5,19,587,29.91,,0,0,0,34.9,39.2,43.4,0.32,0.45,0.45
WATE,2016-04-05 10:05:00 EDT,42.87966,-76.81255,478,23.8,23.1,17.7,,,,,,,4.8,7.3,1.2,36,26,5.3,8.1,1.4,37,25,4.8,7.3,1.2,36,26,602,29.92,,0,0,0,34.9,39.2,43.4,0.32,0.45,0.45
WATE,2016-04-05 10:10:00 EDT,42.87966,-76.81255,478,23.8,23.4,15.6,,,,,,,7.1,10.2,1.6,8,11,8.0,12.1,1.8,10,9,7.1,10.2,1.6,8,11,616,29.92,,0,0,0,34.9,39.2,43.3,0.32,0.45,0.45
WATE,2016-04-05 10:15:00 EDT,42.87966,-76.81255,478,23.8,23.4,14.6,,,,,,,8.5,13.9,2.0,354,14,9.7,15.7,2.3,359,8,8.5,13.9,2.0,354,14,628,29.92,,0,0,0,34.9,39.2,43.3,0.32,0.45,0.45
WATE,2016-04-05 10:20:00 EDT,42.87966,-76.81255,478,23.9,23.5,13.9,,,,,,,9.6,14.8,2.7,358,8,10.9,17.7,3.0,2,6,9.6,14.8,2.7,358,8,643,29.92,,0,0,0,34.9,39.2,43.3,0.32,0.45,0.45
WATE,2016-04-05 10:25:00 EDT,42.87966,-76.81255,478,24.0,23.5,15.4,,,,,,,7.5,12.3,1.8,354,13,8.5,15.2,2.1,359,11,7.5,12.3,1.8,354,13,656,29.92,,0,0,0,34.9,39.2,43.3,0.32,0.45,0.45
WATE,2016-04-05 10:30:00 EDT,42.87966,-76.81255,478,24.1,23.7,16.6,,,,,,,6.2,9.2,1.1,21,13,6.8,10.3,1.3,24,12,6.2,9.2,1.1,21,13,667,29.92,,0,0,0,34.9,39.2,43.3,0.32,0.45,0.45
WATE,2016-04-05 10:35:00 EDT,42.87966,-76.81255,478,24.3,23.8,15.6,,,,,,,7.8,11.9,1.9,28,16,8.3,12.1,1.8,32,16,7.8,11.9,1.9,28,16,692,29.92,,0,0,0,34.9,39.2,43.3,0.32,0.45,0.45
WATE,2016-04-05 10:40:00 EDT,42.87966,-76.81255,478,24.4,23.9,17.5,,,,,,,5.7,9.6,2.0,31,12,6.1,10.3,2.1,33,12,5.7,9.6,2.0,31,12,717,29.92,,0,0,0,34.9,39.2,43.3,0.32,0.45,0.45
WATE,2016-04-05 10:45:00 EDT,42.87966,-76.81255,478,24.4,23.9,17.5,,,,,,,5.6,10.0,1.8,1,15,6.5,11.9,2.1,5,10,5.6,10.0,1.8,1,15,698,29.92,,0,0,0,34.9,39.2,43.3,0.32,0.45,0.45
WATE,2016-04-05 10:50:00 EDT,42.87966,-76.81255,478,24.4,24.0,17.3,,,,,,,5.9,10.2,2.3,355,21,6.6,11.9,2.5,360,17,5.9,10.2,2.3,355,21,722,29.93,,0,0,0,34.9,39.2,43.3,0.32,0.45,0.45
WATE,2016-04-05 10:55:00 EDT,42.87966,-76.81255,478,25.2,24.6,16.7,,,,,,,7.8,10.0,1.0,10,16,8.7,11.2,1.1,13,9,7.8,10.0,1.0,10,16,854,29.93,,0,0,0,34.9,39.2,43.3,0.32,0.45,0.45
WATE,2016-04-05 11:00:00 EDT,42.87966,-76.81255,478,24.9,24.4,18.9,,,,,,,4.9,8.1,1.6,16,22,5.4,9.2,1.7,18,20,4.9,8.1,1.6,16,22,627,29.93,,0,0,0,34.9,39.2,43.3,0.32,0.45,0.45
WATE,2016-04-05 11:05:00 EDT,42.87966,-76.81255,478,25.0,24.3,16.6,,,,,,,7.6,11.9,1.7,359,14,8.5,13.0,2.0,3,11,7.6,11.9,1.7,359,14,677,29.93,,0,0,0,34.9,39.2,43.3,0.32,0.45,0.45
WATE,2016-04-05 11:10:00 EDT,42.87966,-76.81255,478,24.6,24.1,17.8,,,,,,,5.5,11.7,2.4,23,22,6.2,13.0,2.6,25,21,5.5,11.7,2.4,23,22,581,29.93,,0,0,0,34.9,39.2,43.3,0.32,0.45,0.45
WATE,2016-04-05 11:15:00 EDT,42.87966,-76.81255,478,24.9,24.4,16.8,,,,,,,7.2,12.1,2.9,6,15,8.0,13.9,3.1,8,13,7.2,12.1,2.9,6,15,464,29.93,,0,0,0,34.9,39.2,43.3,0.32,0.45,0.45
WATE,2016-04-05 11:20:00 EDT,42.87966,-76.81255,478,25.2,24.7,16.5,,,,,,,8.0,12.9,2.0,337,36,8.7,14.3,2.3,343,34,8.0,12.9,2.0,337,36,610,29.93,,0,0,0,34.9,39.2,43.3,0.32,0.45,0.45
WATE,2016-04-05 11:25:00 EDT,42.87966,-76.81255,478,25.3,25.0,17.1,,,,,,,7.3,11.8,2.3,315,15,7.7,12.5,2.3,319,13,7.3,11.8,2.3,315,15,719,29.93,,0,0,0,34.9,39.2,43.3,0.32,0.45,0.45
WATE,2016-04-05 11:30:00 EDT,42.87966,-76.81255,478,25.1,24.7,16.6,,,,,,,7.7,11.7,1.5,324,7,8.1,12.3,1.6,328,8,7.7,11.7,1.5,324,7,621,29.93,,0,0,0,34.9,39.2,43.3,0.32,0.45,0.46
WATE,2016-04-05 11:35:00 EDT,42.87966,-76.81255,478,25.3,24.8,18.3,,,,,,,6.0,8.8,1.2,335,12,6.6,10.3,1.3,339,11,6.0,8.8,1.2,335,12,770,29.93,,0,0,0,34.9,39.2,43.3,0.32,0.45,0.45
WATE,2016-04-05 11:40:00 EDT,42.87966,-76.81255,478,25.5,25.1,18.1,,,,,,,6.4,11.6,2.1,316,17,7.0,11.9,2.1,320,16,6.4,11.6,2.1,316,17,849,29.93,,0,0,0,34.9,39.2,43.3,0.32,0.45,0.45
WATE,2016-04-05 11:45:00 EDT,42.87966,-76.81255,478,25.6,25.3,18.4,,,,,,,6.3,9.0,1.4,309,16,6.7,9.8,1.6,314,16,6.3,9.0,1.4,309,16,914,29.93,,0,0,0,34.9,39.2,43.3,0.32,0.45,0.45
WATE,2016-04-05 11:50:00 EDT,42.87966,-76.81255,478,25.5,25.2,18.5,,,,,,,6.0,10.6,1.7,296,11,6.2,11.6,1.9,301,12,6.0,10.6,1.7,296,11,961,29.93,,0,0,0,34.9,39.2,43.3,0.32,0.45,0.45
WATE,2016-04-05 11:55:00 EDT,42.87966,-76.81255,478,25.7,25.4,18.1,,,,,,,6.8,10.3,1.6,292,13,7.4,11.4,1.6,296,13,6.8,10.3,1.6,292,13,847,29.93,,0,0,0,34.9,39.2,43.3,0.32,0.45,0.45
WATE,2016-04-05 12:00:00 EDT,42.87966,-76.81255,478,26.4,26.0,20.1,,,,,,,5.4,9.2,2.0,308,19,6.0,10.3,2.2,311,19,5.4,9.2,2.0,308,19,735,29.93,,0,0,0,34.9,39.2,43.3,0.32,0.45,0.45
WATE,2016-04-05 12:05:00 EDT,42.87966,-76.81255,478,26.3,25.8,20.7,,,,,,,4.6,6.9,0.9,3,22,5.2,8.9,1.1,7,18,4.6,6.9,0.9,3,22,666,29.93,,0,0,0,34.9,39.2,43.2,0.32,0.45,0.45
WATE,2016-04-05 12:10:00 EDT,42.87966,-76.81255,478,26.3,25.8,18.1,,,,,,,7.7,12.1,1.7,344,24,8.5,13.2,1.8,351,21,7.7,12.1,1.7,344,24,434,29.93,,0,0,0,34.9,39.2,43.2,0.32,0.45,0.45
WATE,2016-04-05 12:15:00 EDT,42.87966,-76.81255,478,26.3,25.9,19.6,,,,,,,5.7,15.0,2.4,344,27,6.6,18.1,2.8,350,22,5.7,15.0,2.4,344,27,710,29.93,,0,0,0,35.0,39.2,43.3,0.32,0.45,0.45
WATE,2016-04-05 12:20:00 EDT,42.87966,-76.81255,478,26.1,25.7,16.6,,,,,,,9.8,15.2,2.1,356,13,11.1,17.0,2.4,1,11,9.8,15.2,2.1,356,13,376,29.93,,0,0,0,35.0,39.2,43.2,0.32,0.45,0.45
WATE,2016-04-05 12:25:00 EDT,42.87966,-76.81255,478,26.6,26.2,19.4,,,,,,,6.5,9.9,1.4,339,18,7.4,11.2,1.6,345,13,6.5,9.9,1.4,339,18,943,29.93,,0,0,0,35.0,39.2,43.3,0.32,0.45,0.46
WATE,2016-04-05 12:30:00 EDT,42.87966,-76.81255,478,27.1,26.6,18.9,,,,,,,7.9,12.9,2.0,346,22,8.9,13.4,2.1,351,15,7.9,12.9,2.0,346,22,990,29.93,,0,0,0,35.0,39.2,43.2,0.32,0.45,0.45
WATE,2016-04-05 12:35:00 EDT,42.87966,-76.81255,478,27.1,26.6,17.6,,,,,,,10.1,14.8,2.1,331,12,10.8,15.0,2.2,335,12,10.1,14.8,2.1,331,12,971,29.93,,0,0,0,35.0,39.2,43.2,0.32,0.45,0.45
WATE,2016-04-05 12:40:00 EDT,42.87966,-76.81255,478,27.2,26.7,19.3,,,,,,,7.6,11.8,2.0,343,17,8.5,13.6,2.1,349,16,7.6,11.8,2.0,343,17,907,29.93,,0,0,0,35.0,39.2,43.2,0.32,0.45,0.45
WATE,2016-04-05 12:45:00 EDT,42.87966,-76.81255,478,27.0,26.4,18.3,,,,,,,8.7,12.6,1.9,359,17,9.9,14.8,2.3,3,10,8.7,12.6,1.9,359,17,794,29.93,,0,0,0,35.0,39.2,43.2,0.32,0.45,0.45
WATE,2016-04-05 12:50:00 EDT,42.87966,-76.81255,478,26.7,26.2,18.3,,,,,,,8.2,14.4,2.1,345,31,8.8,14.8,2.4,349,31,8.2,14.4,2.1,345,31,746,29.92,,0,0,0,35.1,39.2,43.2,0.32,0.45,0.46
WATE,2016-04-05 12:55:00 EDT,42.87966,-76.81255,478,27.0,26.5,18.9,,,,,,,7.7,11.7,1.5,330,11,8.5,12.8,1.6,333,10,7.7,11.7,1.5,330,11,937,29.93,,0,0,0,35.1,39.1,43.2,0.32,0.45,0.45
WATE,2016-04-05 13:00:00 EDT,42.87966,-76.81255,478,27.2,26.8,19.4,,,,,,,7.4,12.1,1.7,332,21,8.2,11.9,1.8,338,20,7.4,12.1,1.7,332,21,908,29.92,,0,0,0,35.1,39.1,43.2,0.32,0.45,0.45
WATE,2016-04-05 13:05:00 EDT,42.87966,-76.81255,478,26.8,26.4,20.1,,,,,,,5.9,9.6,1.5,334,16,6.7,10.7,1.6,339,17,5.9,9.6,1.5,334,16,895,29.92,,0,0,0,35.1,39.1,43.2,0.32,0.45,0.45
WATE,2016-04-05 13:10:00 EDT,42.87966,-76.81255,478,26.8,26.5,20.0,,,,,,,6.1,9.3,1.4,336,29,6.7,10.7,1.6,341,26,6.1,9.3,1.4,336,29,929,29.92,,0,0,0,35.1,39.1,43.2,0.32,0.45,0.46
WATE,2016-04-05 13:15:00 EDT,42.87966,-76.81255,478,27.5,26.9,19.5,,,,,,,7.8,12.2,1.7,330,22,8.5,13.0,1.7,334,23,7.8,12.2,1.7,330,22,794,29.92,,0,0,0,35.2,39.0,43.2,0.32,0.45,0.45
WATE,2016-04-05 13:20:00 EDT,42.87966,-76.81255,478,27.5,27.1,18.9,,,,,,,8.8,13.6,2.6,320,20,9.7,15.2,2.8,326,20,8.8,13.6,2.6,320,20,843,29.92,,0,0,0,35.2,39.0,43.2,0.32,0.45,0.45
WATE,2016-04-05 13:25:00 EDT,42.87966,-76.81255,478,27.0,26.5,18.9,,,,,,,7.8,13.7,2.5,343,19,8.8,15.2,2.7,349,16,7.8,13.7,2.5,343,19,907,29.92,,0,0,0,35.2,39.0,43.2,0.32,0.45,0.46
WATE,2016-04-05 13:30:00 EDT,42.87966,-76.81255,478,27.2,26.7,19.1,,,,,,,7.8,13.1,2.2,333,23,8.5,15.2,2.2,339,22,7.8,13.1,2.2,333,23,889,29.92,,0,0,0,35.3,39.0,43.2,0.32,0.45,0.46
WATE,2016-04-05 13:35:00 EDT,42.87966,-76.81255,478,27.1,26.7,21.3,,,,,,,5.0,8.5,1.6,318,17,5.6,8.7,1.4,323,17,5.0,8.5,1.6,318,17,583,29.92,,0,0,0,35.4,39.0,43.2,0.32,0.45,0.46
WATE,2016-04-05 13:40:00 EDT,42.87966,-76.81255,478,27.0,26.7,19.7,,,,,,,6.7,11.6,2.2,310,17,7.2,12.5,2.2,316,17,6.7,11.6,2.2,310,17,862,29.92,,0,0,0,35.4,39.0,43.2,0.32,0.45,0.45
WATE,2016-04-05 13:45:00 EDT,42.87966,-76.81255,478,27.3,26.9,17.7,,,,,,,10.3,17.1,3.9,335,14,11.3,18.8,4.0,340,13,10.3,17.1,3.9,335,14,875,29.92,,0,0,0,35.4,39.0,43.2,0.32,0.45,0.45
WATE,2016-04-05 13:50:00 EDT,42.87966,-76.81255,478,27.3,26.8,18.7,,,,,,,8.7,14.0,2.0,329,11,9.3,14.8,2.1,333,11,8.7,14.0,2.0,329,11,871,29.92,,0,0,0,35.5,39.0,43.2,0.32,0.45,0.45
WATE,2016-04-05 13:55:00 EDT,42.87966,-76.81255,478,27.2,26.7,22.0,,,,,,,4.4,8.1,1.9,314,19,4.9,8.7,2.0,317,20,4.4,8.1,1.9,314,19,867,29.92,,0,0,0,35.6,39.0,43.1,0.32,0.45,0.46
WATE,2016-04-05 14:00:00 EDT,42.87966,-76.81255,478,27.8,27.1,20.1,,,,,,,7.4,13.8,4.1,353,15,8.3,15.7,4.3,358,13,7.4,13.8,4.1,353,15,864,29.91,,0,0,0,35.6,39.0,43.2,0.32,0.45,0.45
WATE,2016-04-05 14:05:00 EDT,42.87966,-76.81255,478,27.4,26.8,19.9,,,,,,,7.0,11.7,1.9,339,31,7.7,13.0,2.0,344,28,7.0,11.7,1.9,339,31,857,29.91,,0,0,0,35.6,39.0,43.1,0.32,0.45,0.45
WATE,2016-04-05 14:10:00 EDT,42.87966,-76.81255,478,27.9,27.5,19.2,,,,,,,8.9,14.2,2.1,316,18,9.4,15.0,2.1,320,18,8.9,14.2,2.1,316,18,852,29.91,,0,0,0,35.7,39.0,43.1,0.32,0.45,0.46
WATE,2016-04-05 14:15:00 EDT,42.87966,-76.81255,478,27.7,27.3,21.0,,,,,,,6.1,9.0,1.4,329,19,6.8,9.6,1.5,333,20,6.1,9.0,1.4,329,19,848,29.91,,0,0,0,35.7,39.0,43.2,0.32,0.45,0.46
WATE,2016-04-05 14:20:00 EDT,42.87966,-76.81255,478,27.9,27.5,19.0,,,,,,,9.5,13.9,2.3,320,19,10.2,15.0,2.2,324,18,9.5,13.9,2.3,320,19,842,29.91,,0,0,0,35.8,39.0,43.1,0.32,0.45,0.46
WATE,2016-04-05 14:25:00 EDT,42.87966,-76.81255,478,27.6,27.2,19.6,,,,,,,7.9,11.9,2.5,330,10,8.5,12.8,2.4,334,9,7.9,11.9,2.5,330,10,837,29.91,,0,0,0,35.8,39.0,43.1,0.32,0.45,0.46
WATE,2016-04-05 14:30:00 EDT,42.87966,-76.81255,478,28.1,27.7,21.8,,,,,,,5.8,13.6,1.6,341,20,6.7,16.3,2.2,346,16,5.8,13.6,1.6,341,20,830,29.91,,0,0,0,35.8,39.0,43.1,0.32,0.45,0.46
WATE,2016-04-05 14:35:00 EDT,42.87966,-76.81255,478,28.3,27.8,19.4,,,,,,,9.5,14.1,1.9,334,24,10.4,16.1,2.3,338,21,9.5,14.1,1.9,334,24,824,29.91,,0,0,0,35.9,38.9,43.1,0.32,0.45,0.45
WATE,2016-04-05 14:40:00 EDT,42.87966,-76.81255,478,27.9,27.4,20.2,,,,,,,7.5,13.2,2.3,330,18,8.1,15.2,2.6,337,18,7.5,13.2,2.3,330,18,816,29.91,,0,0,0,36.0,38.9,43.1,0.32,0.45,0.46
WATE,2016-04-05 14:45:00 EDT,42.87966,-76.81255,478,28.6,28.0,20.2,,,,,,,8.7,15.9,2.6,329,14,9.4,15.9,2.7,333,14,8.7,15.9,2.6,329,14,808,29.91,,0,0,0,36.0,38.9,43.1,0.32,0.45,0.46
WATE,2016-04-05 14:50:00 EDT,42.87966,-76.81255,478,28.3,27.6,19.5,,,,,,,9.3,12.9,1.7,346,12,10.6,15.7,2.0,350,11,9.3,12.9,1.7,346,12,800,29.90,,0,0,0,36.0,38.9,43.1,0.32,0.45,0.46
WATE,2016-04-05 14:55:00 EDT,42.87966,-76.81255,478,28.4,27.8,20.5,,,,,,,8.1,11.7,1.8,326,16,8.6,14.3,2.0,332,16,8.1,11.7,1.8,326,16,793,29.91,,0,0,0,36.0,39.0,43.1,0.32,0.46,0.46
WATE,2016-04-05 15:00:00 EDT,42.87966,-76.81255,478,28.3,27.8,20.8,,,,,,,7.3,10.9,1.6,337,17,8.2,11.4,1.5,342,15,7.3,10.9,1.6,337,17,784,29.90,,0,0,0,36.1,39.0,43.1,0.32,0.46,0.45
WATE,2016-04-05 15:05:00 EDT,42.87966,-76.81255,478,28.6,28.0,20.6,,,,,,,8.3,12.8,1.9,346,18,9.4,14.3,2.0,352,11,8.3,12.8,1.9,346,18,775,29.90,,0,0,0,36.1,39.0,43.1,0.32,0.46,0.46
WATE,2016-04-05 15:10:00 EDT,42.87966,-76.81255,478,28.4,27.8,20.8,,,,,,,7.4,11.4,1.7,349,22,8.3,13.2,1.9,353,20,7.4,11.4,1.7,349,22,766,29.90,,0,0,0,36.3,39.0,43.1,0.32,0.46,0.46
WATE,2016-04-05 15:15:00 EDT,42.87966,-76.81255,478,28.9,28.1,20.8,,,,,,,8.4,12.4,1.7,336,14,9.3,13.2,1.7,342,14,8.4,12.4,1.7,336,14,757,29.90,,0,0,0,36.4,39.0,43.1,0.32,0.46,0.46
WATE,2016-04-05 15:20:00 EDT,42.87966,-76.81255,478,29.0,28.2,20.6,,,,,,,9.0,13.2,1.8,341,18,9.9,14.8,2.1,347,13,9.0,13.2,1.8,341,18,746,29.90,,0,0,0,36.5,39.0,43.0,0.32,0.46,0.46
WATE,2016-04-05 15:25:00 EDT,42.87966,-76.81255,478,29.0,28.2,20.9,,,,,,,8.4,11.7,1.5,348,14,9.4,13.6,1.8,353,12,8.4,11.7,1.5,348,14,736,29.90,,0,0,0,36.6,39.0,43.0,0.32,0.46,0.46
WATE,2016-04-05 15:30:00 EDT,42.87966,-76.81255,478,29.2,28.6,20.8,,,,,,,9.0,12.6,1.7,342,14,10.0,15.2,1.8,347,13,9.0,12.6,1.7,342,14,726,29.90,,0,0,0,36.7,39.0,43.0,0.32,0.46,0.46
WATE,2016-04-05 15:35:00 EDT,42.87966,-76.81255,478,28.9,28.4,22.4,,,,,,,6.2,11.4,1.7,338,23,6.7,12.5,2.0,342,22,6.2,11.4,1.7,338,23,714,29.90,,0,0,0,36.9,39.0,43.0,0.33,0.46,0.46
WATE,2016-04-05 15:40:00 EDT,42.87966,-76.81255,478,28.9,28.3,21.8,,,,,,,6.9,11.0,1.8,341,15,7.6,11.9,1.9,346,12,6.9,11.0,1.8,341,15,703,29.90,,0,0,0,37.0,38.9,43.0,0.33,0.46,0.46
WATE,2016-04-05 15:45:00 EDT,42.87966,-76.81255,478,29.2,28.6,22.4,,,,,,,6.7,10.2,1.5,332,19,7.6,13.0,1.7,339,18,6.7,10.2,1.5,332,19,692,29.90,,0,0,0,37.1,38.9,43.0,0.33,0.46,0.45
WATE,2016-04-05 15:50:00 EDT,42.87966,-76.81255,478,29.5,28.9,22.6,,,,,,,6.8,10.2,1.4,320,18,7.3,11.0,1.4,326,16,6.8,10.2,1.4,320,18,679,29.90,,0,0,0,37.2,38.9,43.0,0.33,0.46,0.46
WATE,2016-04-05 15:55:00 EDT,42.87966,-76.81255,478,29.7,29.0,21.9,,,,,,,8.1,12.5,1.9,327,14,8.8,13.9,2.1,332,14,8.1,12.5,1.9,327,14,668,29.90,,0,0,0,37.2,38.9,43.0,0.33,0.46,0.46
WATE,2016-04-05 16:00:00 EDT,42.87966,-76.81255,478,29.5,28.8,21.9,,,,,,,7.8,11.8,1.8,334,12,8.5,13.2,1.8,339,12,7.8,11.8,1.8,334,12,656,29.90,,0,0,0,37.3,38.9,43.0,0.33,0.46,0.46
WATE,2016-04-05 16:05:00 EDT,42.87966,-76.81255,478,29.7,29.0,22.5,,,,,,,7.4,10.9,1.3,319,20,7.9,11.0,1.2,325,20,7.4,10.9,1.3,319,20,644,29.89,,0,0,0,37.4,38.9,43.0,0.33,0.46,0.46
WATE,2016-04-05 16:10:00 EDT,42.87966,-76.81255,478,29.8,29.1,23.8,,,,,,,5.8,10.4,1.5,329,18,6.4,10.7,1.5,334,16,5.8,10.4,1.5,329,18,631,29.89,,0,0,0,37.5,38.9,43.0,0.33,0.46,0.46
WATE,2016-04-05 16:15:00 EDT,42.87966,-76.81255,478,29.6,28.8,22.6,,,,,,,7.1,13.2,2.8,354,15,8.0,14.1,2.9,357,13,7.1,13.2,2.8,354,15,619,29.89,,0,0,0,37.6,38.8,43.0,0.33,0.46,0.45
WATE,2016-04-05 16:20:00 EDT,42.87966,-76.81255,478,29.8,29.2,22.1,,,,,,,8.1,12.9,2.2,334,23,9.0,14.1,2.3,337,24,8.1,12.9,2.2,334,23,606,29.89,,0,0,0,37.7,38.8,43.0,0.33,0.46,0.46
WATE,2016-04-05 16:25:00 EDT,42.87966,-76.81255,478,30.0,29.5,22.0,,,,,,,8.7,12.6,2.0,295,10,9.4,13.4,1.9,299,9,8.7,12.6,2.0,295,10,594,29.90,,0,0,0,37.8,38.8,43.0,0.34,0.46,0.46
WATE,2016-04-05 16:30:00 EDT,42.87966,-76.81255,478,29.8,29.3,22.1,,,,,,,8.1,13.8,2.2,291,16,8.7,13.9,2.3,295,15,8.1,13.8,2.2,291,16,579,29.90,,0,0,0,37.9,38.8,43.0,0.34,0.46,0.46
WATE,2016-04-05 16:35:00 EDT,42.87966,-76.81255,478,29.8,29.2,21.9,,,,,,,8.4,13.8,2.1,303,33,9.3,15.0,2.5,307,34,8.4,13.8,2.1,303,33,565,29.90,,0,0,0,38.0,38.9,43.0,0.33,0.46,0.45
WATE,2016-04-05 16:40:00 EDT,42.87966,-76.81255,478,29.8,29.2,21.5,,,,,,,9.1,13.2,1.8,336,14,10.0,15.4,2.0,341,14,9.1,13.2,1.8,336,14,551,29.90,,0,0,0,38.1,38.9,43.0,0.34,0.46,0.46
WATE,2016-04-05 16:45:00 EDT,42.87966,-76.81255,478,29.9,29.3,21.2,,,,,,,9.7,14.2,2.3,326,14,10.4,15.7,2.5,331,12,9.7,14.2,2.3,326,14,536,29.90,,0,0,0,38.3,38.9,43.0,0.34,0.46,0.46
WATE,2016-04-05 16:50:00 EDT,42.87966,-76.81255,478,29.8,29.2,22.2,,,,,,,8.0,12.9,2.0,316,21,8.6,13.9,2.3,322,22,8.0,12.9,2.0,316,21,521,29.90,,0,0,0,38.3,38.9,43.0,0.34,0.46,0.46
WATE,2016-04-05 16:55:00 EDT,42.87966,-76.81255,478,29.9,29.4,24.1,,,,,,,5.6,10.2,2.0,330,21,6.5,12.3,2.4,335,20,5.6,10.2,2.0,330,21,506,29.89,,0,0,0,38.4,39.0,43.0,0.34,0.46,0.46
WATE,2016-04-05 17:00:00 EDT,42.87966,-76.81255,478,30.1,29.5,22.6,,,,,,,8.0,10.4,1.5,327,15,8.6,11.4,1.5,333,15,8.0,10.4,1.5,327,15,491,29.89,,0,0,0,38.5,39.0,43.0,0.34,0.46,0.46
WATE,2016-04-05 17:05:00 EDT,42.87966,-76.81255,478,29.8,29.3,21.7,,,,,,,8.8,13.3,2.2,310,14,9.2,14.1,2.3,315,13,8.8,13.3,2.2,310,14,476,29.89,,0,0,0,38.5,39.0,43.0,0.34,0.46,0.46
WATE,2016-04-05 17:10:00 EDT,42.87966,-76.81255,478,30.2,29.4,22.2,,,,,,,8.7,13.2,1.7,343,20,9.7,14.3,1.7,348,15,8.7,13.2,1.7,343,20,460,29.89,,0,0,0,38.6,39.0,43.0,0.34,0.46,0.46
WATE,2016-04-05 17:15:00 EDT,42.87966,-76.81255,478,29.9,29.3,21.4,,,,,,,9.6,14.5,1.7,334,13,10.6,14.8,1.7,339,12,9.6,14.5,1.7,334,13,444,29.89,,0,0,0,38.6,39.0,42.9,0.35,0.46,0.46
WATE,2016-04-05 17:20:00 EDT,42.87966,-76.81255,478,29.9,29.2,22.5,,,,,,,7.6,12.1,2.4,336,11,8.5,14.1,2.7,342,10,7.6,12.1,2.4,336,11,428,29.89,,0,0,0,38.7,39.0,43.0,0.34,0.46,0.46
WATE,2016-04-05 17:25:00 EDT,42.87966,-76.81255,478,30.2,29.6,23.7,,,,,,,6.5,10.2,1.7,330,17,7.2,11.6,1.7,335,17,6.5,10.2,1.7,330,17,411,29.89,,0,0,0,38.6,39.0,43.0,0.35,0.46,0.46
WATE,2016-04-05 17:30:00 EDT,42.87966,-76.81255,478,,,,,,,,,,,,,,,,,,,,,,,,,,,,,,,,,,,,
WATE,2016-04-05 17:35:00 EDT,42.87966,-76.81255,478,,,,,,,,,,,,,,,,,,,,,,,,,,,,,,,,,,,,
WATE,2016-04-05 17:40:00 EDT,42.87966,-76.81255,478,,,,,,,,,,,,,,,,,,,,,,,,,,,,,,,,,,,,
WATE,2016-04-05 17:45:00 EDT,42.87966,-76.81255,478,30.1,29.5,22.6,33.0,4.5,,,0.00,,8.0,11.7,1.6,326,12,8.7,12.8,1.7,331,12,8.0,11.7,1.6,326,12,345,29.89,,0,0,0,38.6,39.1,42.9,0.35,0.46,0.46
WATE,2016-04-05 17:50:00 EDT,42.87966,-76.81255,478,29.9,29.4,23.7,30.8,2.7,,,0.00,,6.0,7.9,0.9,313,14,6.4,8.3,0.9,318,13,6.0,7.9,0.9,313,14,328,29.89,,0,0,0,38.6,39.2,43.0,0.35,0.46,0.46
WATE,2016-04-05 17:55:00 EDT,42.87966,-76.81255,478,30.2,29.6,22.9,33.6,4.8,,,0.00,,7.5,12.9,2.2,325,20,8.2,13.4,2.4,331,18,7.5,12.9,2.2,325,20,311,29.89,,0,0,0,38.6,39.2,42.9,0.35,0.46,0.46
WATE,2016-04-05 18:00:00 EDT,42.87966,-76.81255,478,29.9,29.3,21.4,33.9,4.8,,,0.00,,9.6,13.6,1.7,347,17,10.7,15.7,2.0,352,12,9.6,13.6,1.7,347,17,295,29.89,,0,0,0,38.5,39.2,42.9,0.35,0.46,0.46
WATE,2016-04-05 18:05:00 EDT,42.87966,-76.81255,478,29.8,29.3,22.0,33.3,4.3,,,0.00,,8.2,11.1,1.4,330,14,9.0,12.3,1.6,335,12,8.2,11.1,1.4,330,14,278,29.89,,0,0,0,38.5,39.2,42.9,0.35,0.46,0.46
WATE,2016-04-05 18:10:00 EDT,42.87966,-76.81255,478,29.8,29.2,22.9,34.9,5.4,,,0.00,,6.8,11.4,1.6,339,15,7.7,14.1,1.8,343,9,6.8,11.4,1.6,339,15,261,29.89,,0,0,0,38.5,39.2,42.9,0.35,0.46,0.46
WATE,2016-04-05 18:15:00 EDT,42.87966,-76.81255,478,29.7,29.3,21.5,33.8,4.6,,,0.00,,8.9,13.4,2.0,339,13,10.1,16.1,2.1,345,13,8.9,13.4,2.0,339,13,243,29.89,,0,0,0,38.5,39.2,42.9,0.35,0.46,0.46
WATE,2016-04-05 18:20:00 EDT,42.87966,-76.81255,478,29.4,29.0,21.1,32.7,3.6,,,0.00,,8.9,12.1,1.4,338,14,9.9,13.2,1.7,345,8,8.9,12.1,1.4,338,14,227,29.89,,0,0,0,38.4,39.2,42.9,0.35,0.46,0.46
WATE,2016-04-05 18:25:00 EDT,42.87966,-76.81255,478,29.3,28.9,20.7,31.2,2.5,,,0.00,,9.5,12.4,1.7,351,18,10.8,14.1,1.9,356,8,9.5,12.4,1.7,351,18,211,29.89,,0,0,0,38.3,39.2,42.9,0.35,0.46,0.46
WATE,2016-04-05 18:30:00 EDT,42.87966,-76.81255,478,29.2,28.9,20.8,31.1,2.4,,,0.00,,9.2,12.8,1.6,339,11,10.1,13.6,1.6,345,8,9.2,12.8,1.6,339,11,195,29.89,,0,0,0,38.3,39.2,42.9,0.35,0.47,0.46
WATE,2016-04-05 18:35:00 EDT,42.87966,-76.81255,478,29.3,28.9,21.6,33.9,4.3,,,0.00,,7.9,12.9,1.7,341,14,8.6,14.5,1.9,346,12,7.9,12.9,1.7,341,14,179,29.88,,0,0,0,38.3,39.2,42.8,0.35,0.46,0.46
WATE,2016-04-05 18:40:00 EDT,42.87966,-76.81255,478,29.1,28.7,21.3,32.1,2.9,,,0.00,,8.0,11.0,0.9,330,10,8.6,12.5,1.1,335,10,8.0,11.0,0.9,330,10,163,29.89,,0,0,0,38.2,39.2,42.8,0.35,0.46,0.46
WATE,2016-04-05 18:45:00 EDT,42.87966,-76.81255,478,29.1,28.8,22.9,33.2,3.6,,,0.00,,5.8,9.0,1.5,344,15,6.5,11.0,1.6,349,14,5.8,9.0,1.5,344,15,147,29.89,,0,0,0,38.1,39.2,42.9,0.35,0.46,0.46
WATE,2016-04-05 18:50:00 EDT,42.87966,-76.81255,478,29.0,28.8,21.5,32.4,3.1,,,0.00,,7.5,11.3,1.6,340,13,8.2,13.6,1.8,344,12,7.5,11.3,1.6,340,13,133,29.89,,0,0,0,38.0,39.2,42.8,0.35,0.46,0.46
WATE,2016-04-05 18:55:00 EDT,42.87966,-76.81255,478,28.9,28.7,22.4,33.7,3.8,,,0.00,,6.2,9.4,1.3,343,14,7.0,11.4,1.5,348,10,6.2,9.4,1.3,343,14,117,29.88,,0,0,0,38.0,39.2,42.8,0.35,0.47,0.46
WATE,2016-04-05 19:00:00 EDT,42.87966,-76.81255,478,28.8,28.6,21.5,34.6,4.3,,,0.00,,7.2,11.7,1.9,335,11,8.1,13.4,2.1,341,11,7.2,11.7,1.9,335,11,98,29.88,,0,0,0,37.9,39.2,42.8,0.35,0.46,0.46
WATE,2016-04-05 19:05:00 EDT,42.87966,-76.81255,478,28.7,28.5,20.7,33.6,3.6,,,0.00,,8.2,12.6,1.8,348,15,9.2,14.8,2.0,354,10,8.2,12.6,1.8,348,15,80,29.88,,0,0,0,37.9,39.3,42.8,0.35,0.46,0.46
WATE,2016-04-05 19:10:00 EDT,42.87966,-76.81255,478,28.6,28.5,22.3,36.1,5.1,,,0.00,,5.9,9.0,1.1,344,14,6.6,10.3,1.3,347,13,5.9,9.0,1.1,344,14,64,29.88,,0,0,0,37.8,39.3,42.8,0.35,0.47,0.46
WATE,2016-04-05 19:15:00 EDT,42.87966,-76.81255,478,28.4,28.4,20.8,34.1,3.7,,,0.00,,7.5,10.9,1.7,336,11,8.4,11.9,1.8,342,10,7.5,10.9,1.7,336,11,48,29.88,,0,0,0,37.8,39.3,42.8,0.35,0.46,0.46
WATE,2016-04-05 19:20:00 EDT,42.87966,-76.81255,478,28.2,28.2,22.1,36.3,4.8,,,0.00,,5.6,8.2,1.2,346,17,6.4,9.2,1.3,351,11,5.6,8.2,1.2,346,17,33,29.88,,0,0,0,37.7,39.4,42.8,0.35,0.46,0.46
WATE,2016-04-05 19:25:00 EDT,42.87966,-76.81255,478,28.0,28.1,21.6,35.4,4.1,,,0.00,,5.9,10.9,1.7,334,10,6.5,11.0,1.9,340,9,5.9,10.9,1.7,334,10,16,29.87,,0,0,0,37.6,39.4,42.8,0.35,0.46,0.46
WATE,2016-04-05 19:30:00 EDT,42.87966,-76.81255,478,27.9,28.1,21.3,35.0,3.8,,,0.00,,6.1,8.4,1.2,340,10,7.0,10.3,1.4,346,9,6.1,8.4,1.2,340,10,10,29.87,,0,0,0,37.6,39.4,42.8,0.35,0.47,0.46
WATE,2016-04-05 19:35:00 EDT,42.87966,-76.81255,478,27.7,27.9,21.8,35.3,3.8,,,0.00,,5.3,7.5,0.9,332,9,5.8,8.3,1.1,337,9,5.3,7.5,0.9,332,9,7,29.87,,0,0,0,37.6,39.4,42.8,0.35,0.46,0.46
WATE,2016-04-05 19:40:00 EDT,42.87966,-76.81255,478,27.4,27.7,22.1,37.2,4.6,,,0.00,,4.6,6.3,0.6,331,9,5.0,6.7,0.8,336,10,4.6,6.3,0.6,331,9,5,29.87,,0,0,0,37.5,39.4,42.8,0.35,0.46,0.46
WATE,2016-04-05 19:45:00 EDT,42.87966,-76.81255,478,27.3,27.6,21.7,36.7,4.2,,,0.00,,4.8,6.7,0.8,337,10,5.5,7.6,1.0,342,10,4.8,6.7,0.8,337,10,3,29.88,,0,0,0,37.4,39.4,42.8,0.35,0.47,0.46
WATE,2016-04-05 19:50:00 EDT,42.87966,-76.81255,478,27.2,27.5,22.3,36.6,4.1,,,0.00,,4.3,5.9,0.7,335,11,4.9,7.4,0.9,340,11,4.3,5.9,0.7,335,11,1,29.88,,0,0,0,37.4,39.5,42.8,0.35,0.47,0.46
WATE,2016-04-05 19:55:00 EDT,42.87966,-76.81255,478,26.9,27.3,22.6,37.4,4.3,,,0.00,,3.7,4.8,0.7,329,9,4.0,5.6,0.9,333,10,3.7,4.8,0.7,329,9,1,29.88,,0,0,0,37.3,39.5,42.8,0.35,0.47,0.46
WATE,2016-04-05 20:00:00 EDT,42.87966,-76.81255,478,26.7,27.2,22.9,38.2,4.6,,,0.00,,3.3,4.8,0.5,329,8,3.5,5.4,0.7,332,8,3.3,4.8,0.5,329,8,0,29.88,,0,0,0,37.2,39.5,42.8,0.36,0.46,0.46
WATE,2016-04-05 20:05:00 EDT,42.87966,-76.81255,478,26.7,27.1,26.7,39.0,5.0,0.000,,0.00,,2.6,3.8,0.5,334,9,2.9,4.3,0.5,338,10,2.6,3.8,0.5,334,9,0,29.88,,0,0,0,37.2,39.5,42.8,0.35,0.46,0.46
WATE,2016-04-05 20:10:00 EDT,42.87966,-76.81255,478,26.8,27.1,26.8,38.1,4.6,0.000,,0.00,,2.1,3.2,0.4,317,10,2.1,3.6,0.5,321,9,2.1,3.2,0.4,317,10,0,29.87,,0,0,0,37.2,39.6,42.8,0.35,0.46,0.46
WATE,2016-04-05 20:15:00 EDT,42.87966,-76.81255,478,26.7,27.0,26.7,37.8,4.4,0.000,,0.00,,1.5,3.0,0.4,310,9,1.7,3.1,0.4,313,8,1.5,3.0,0.4,310,9,0,29.87,,0,0,0,37.2,39.6,42.8,0.35,0.46,0.46
WATE,2016-04-05 20:20:00 EDT,42.87966,-76.81255,478,26.3,27.0,26.3,39.0,4.7,0.000,,0.00,,1.0,1.8,0.3,313,8,1.2,2.0,0.3,317,12,1.0,1.8,0.3,313,8,0,29.87,,0,0,0,37.2,39.6,42.8,0.35,0.47,0.46
WATE,2016-04-05 20:25:00 EDT,42.87966,-76.81255,478,26.1,26.8,26.1,40.4,5.3,0.000,,0.00,,0.8,1.2,0.2,318,11,1.0,1.3,0.2,322,10,0.8,1.2,0.2,318,11,0,29.87,,0,0,0,37.2,39.6,42.8,0.35,0.46,0.46
WATE,2016-04-05 20:30:00 EDT,42.87966,-76.81255,478,25.9,26.9,25.9,39.9,4.8,0.000,,0.00,,0.8,1.3,0.2,324,4,1.1,1.8,0.2,334,7,0.8,1.3,0.2,324,4,0,29.87,,0,0,0,37.2,39.6,42.8,0.35,0.47,0.46
WATE,2016-04-05 20:35:00 EDT,42.87966,-76.81255,478,23.8,26.4,23.8,49.0,7.4,0.000,,0.00,,0.1,0.4,0.1,329,0,0.7,0.9,0.1,290,21,0.1,0.4,0.1,329,0,0,29.87,,0,0,0,37.1,39.6,42.8,0.35,0.47,0.46
WATE,2016-04-05 20:40:00 EDT,42.87966,-76.81255,478,24.3,26.5,24.3,48.0,7.4,0.000,,0.00,,0.0,0.1,0.0,329,0,0.7,0.9,0.1,275,23,0.0,0.1,0.0,329,0,0,29.87,,0,0,0,37.0,39.6,42.8,0.35,0.46,0.46
WATE,2016-04-05 20:45:00 EDT,42.87966,-76.81255,478,23.6,26.3,23.6,50.8,8.0,0.000,,0.00,,0.1,0.7,0.2,329,0,0.7,1.1,0.2,283,33,0.1,0.7,0.2,329,0,0,29.87,,0,0,0,37.0,39.6,42.8,0.35,0.46,0.46
WATE,2016-04-05 20:50:00 EDT,42.87966,-76.81255,478,24.1,26.7,24.1,48.5,7.5,0.000,,0.00,,0.3,0.8,0.3,329,0,0.8,1.3,0.3,295,21,0.3,0.8,0.3,329,0,0,29.87,,0,0,0,36.9,39.6,42.8,0.35,0.47,0.46
WATE,2016-04-05 20:55:00 EDT,42.87966,-76.81255,478,22.3,25.9,22.3,60.7,10.8,0.000,,0.00,,0.0,0.6,0.1,257,5,0.7,1.1,0.2,265,19,0.0,0.6,0.1,257,5,0,29.87,,0,0,0,36.9,39.6,42.8,0.35,0.47,0.46
WATE,2016-04-05 21:00:00 EDT,42.87966,-76.81255,478,22.8,25.2,22.8,63.0,12.1,0.000,,0.00,,0.0,0.0,0.0,0,0,0.4,0.7,0.2,298,47,0.0,0.0,0.0,0,0,0,29.87,,0,0,0,36.9,39.6,42.8,0.35,0.47,0.46
WATE,2016-04-05 21:05:00 EDT,42.87966,-76.81255,478,23.4,25.3,23.4,55.3,9.8,0.000,,0.00,0.000,0.6,1.1,0.4,204,2,1.0,1.6,0.2,194,8,0.6,1.1,0.4,204,2,0,29.87,,0,0,0,36.9,39.6,42.8,0.35,0.47,0.46
WATE,2016-04-05 21:10:00 EDT,42.87966,-76.81255,478,23.6,25.5,23.6,50.4,7.9,0.000,,0.00,0.000,1.2,1.5,0.3,189,4,1.4,1.8,0.2,185,5,1.2,1.5,0.3,189,4,0,29.87,,0,0,0,36.7,39.6,42.8,0.35,0.47,0.46
WATE,2016-04-05 21:15:00 EDT,42.87966,-76.81255,478,23.3,25.6,23.3,50.3,7.5,0.000,,0.00,0.000,1.9,2.6,0.3,181,4,2.1,2.9,0.3,178,5,1.9,2.6,0.3,181,4,0,29.87,,0,0,0,36.7,39.6,42.8,0.35,0.47,0.46
WATE,2016-04-05 21:20:00 EDT,42.87966,-76.81255,478,22.2,25.8,22.2,57.7,9.5,0.000,,0.00,0.000,2.3,2.6,0.2,179,2,2.6,2.9,0.2,180,4,2.3,2.6,0.2,179,2,0,29.87,,0,0,0,36.7,39.6,42.8,0.35,0.46,0.46
WATE,2016-04-05 21:25:00 EDT,42.87966,-76.81255,478,21.1,25.6,21.1,65.7,11.4,0.000,,0.00,0.000,1.9,2.2,0.2,181,1,2.1,2.5,0.2,185,5,1.9,2.2,0.2,181,1,0,29.87,,0,0,0,36.7,39.6,42.8,0.35,0.47,0.46
WATE,2016-04-05 21:30:00 EDT,42.87966,-76.81255,478,21.1,25.3,21.1,69.1,12.5,0.000,,0.00,0.000,2.3,2.6,0.1,185,1,2.6,3.1,0.2,185,3,2.3,2.6,0.1,185,1,0,29.87,,0,0,0,36.6,39.6,42.8,0.35,0.47,0.46
WATE,2016-04-05 21:35:00 EDT,42.87966,-76.81255,478,22.5,25.4,22.5,66.5,13.0,0.000,,0.00,0.000,2.2,2.5,0.1,166,7,2.6,2.9,0.1,162,7,2.2,2.5,0.1,166,7,0,29.86,,0,0,0,36.5,39.6,42.8,0.35,0.47,0.46
WATE,2016-04-05 21:40:00 EDT,42.87966,-76.81255,478,21.8,25.4,21.8,62.6,11.0,0.000,,0.00,0.000,2.0,2.1,0.1,163,6,2.2,2.5,0.1,163,10,2.0,2.1,0.1,163,6,0,29.86,,0,0,0,36.5,39.6,42.8,0.35,0.46,0.46
WATE,2016-04-05 21:45:00 EDT,42.87966,-76.81255,478,20.5,25.0,20.5,67.2,11.3,0.000,,0.00,0.000,2.2,2.8,0.4,188,4,2.5,3.4,0.5,191,3,2.2,2.8,0.4,188,4,0,29.86,,0,0,0,36.5,39.6,42.8,0.35,0.46,0.46
WATE,2016-04-05 21:50:00 EDT,42.87966,-76.81255,478,19.9,24.9,15.4,73.3,12.8,0.000,,0.00,0.000,3.1,3.4,0.1,187,1,3.4,3.8,0.1,190,2,3.1,3.4,0.1,187,1,0,29.86,,0,0,0,36.5,39.6,42.8,0.35,0.46,0.46
WATE,2016-04-05 21:55:00 EDT,42.87966,-76.81255,478,19.9,24.9,14.8,77.1,13.9,0.000,,0.00,0.000,3.5,3.9,0.3,195,2,3.8,4.5,0.4,198,2,3.5,3.9,0.3,195,2,0,29.86,,0,0,0,36.3,39.6,42.8,0.35,0.47,0.46
WATE,2016-04-05 22:00:00 EDT,42.87966,-76.81255,478,20.3,24.6,20.3,76.0,14.0,0.000,,0.00,0.000,2.6,2.9,0.2,193,1,2.8,3.1,0.2,197,2,2.6,2.9,0.2,193,1,0,29.87,,0,0,0,36.3,39.6,42.8,0.35,0.47,0.46
WATE,2016-04-05 22:05:00 EDT,42.87966,-76.81255,478,20.4,24.1,20.4,74.4,13.6,0.000,,0.00,0.000,2.5,2.8,0.1,196,3,2.6,3.1,0.2,199,3,2.5,2.8,0.1,196,3,0,29.87,,0,0,0,36.3,39.6,42.7,0.35,0.47,0.46
WATE,2016-04-05 22:10:00 EDT,42.87966,-76.81255,478,19.8,23.5,15.5,76.2,13.5,0.000,,0.00,0.000,3.0,3.4,0.2,199,5,3.1,3.6,0.3,202,7,3.0,3.4,0.2,199,5,0,29.87,,0,0,0,36.3,39.6,42.7,0.35,0.47,0.46
WATE,2016-04-05 22:15:00 EDT,42.87966,-76.81255,478,19.7,23.8,14.8,78.4,14.0,0.000,,0.00,0.000,3.3,3.7,0.2,190,2,3.6,4.0,0.2,193,2,3.3,3.7,0.2,190,2,0,29.86,,0,0,0,36.3,39.6,42.7,0.35,0.47,0.46
WATE,2016-04-05 22:20:00 EDT,42.87966,-76.81255,478,19.9,23.6,14.2,77.8,14.1,0.000,,0.00,0.000,4.0,4.7,0.6,191,2,4.3,5.1,0.6,194,2,4.0,4.7,0.6,191,2,0,29.86,,0,0,0,36.2,39.6,42.7,0.35,0.47,0.46
WATE,2016-04-05 22:25:00 EDT,42.87966,-76.81255,478,19.0,23.6,12.3,78.1,13.3,0.000,,0.00,0.000,4.6,4.8,0.1,193,4,5.0,5.4,0.2,196,4,4.6,4.8,0.1,193,4,0,29.86,,0,0,0,36.1,39.6,42.7,0.35,0.47,0.46
WATE,2016-04-05 22:30:00 EDT,42.87966,-76.81255,478,19.6,23.8,13.6,77.8,13.7,0.000,,0.00,0.000,4.1,4.5,0.2,195,2,4.3,5.1,0.3,197,3,4.1,4.5,0.2,195,2,0,29.86,,0,0,0,36.1,39.6,42.7,0.35,0.46,0.46
WATE,2016-04-05 22:35:00 EDT,42.87966,-76.81255,478,19.3,23.8,13.2,76.1,13.0,0.000,,0.00,0.000,4.1,4.9,0.3,194,1,4.4,5.1,0.4,197,2,4.1,4.9,0.3,194,1,0,29.86,,0,0,0,36.1,39.6,42.7,0.35,0.47,0.46
WATE,2016-04-05 22:40:00 EDT,42.87966,-76.81255,478,20.7,23.6,14.6,67.6,11.7,0.000,,0.00,0.000,4.4,5.0,0.3,191,2,4.7,5.4,0.4,195,2,4.4,5.0,0.3,191,2,0,29.86,,0,0,0,36.1,39.6,42.7,0.35,0.47,0.46
WATE,2016-04-05 22:45:00 EDT,42.87966,-76.81255,478,20.2,24.0,14.7,66.6,10.8,0.000,,0.00,0.000,3.8,4.4,0.3,196,2,4.0,4.7,0.3,199,2,3.8,4.4,0.3,196,2,0,29.86,,0,0,0,36.0,39.6,42.7,0.35,0.47,0.46
WATE,2016-04-05 22:50:00 EDT,42.87966,-76.81255,478,20.0,24.0,15.1,70.6,12.0,0.000,,0.00,0.000,3.4,3.7,0.2,192,2,3.5,4.0,0.2,195,3,3.4,3.7,0.2,192,2,0,29.86,,0,0,0,36.0,39.6,42.7,0.35,0.47,0.46
WATE,2016-04-05 22:55:00 EDT,42.87966,-76.81255,478,20.4,23.7,15.4,70.0,12.1,0.000,,0.00,0.000,3.5,3.9,0.3,186,2,3.8,4.5,0.3,190,3,3.5,3.9,0.3,186,2,0,29.86,,0,0,0,36.0,39.6,42.7,0.35,0.47,0.46
WATE,2016-04-05 23:00:00 EDT,42.87966,-76.81255,478,21.0,23.5,15.6,62.6,10.3,0.000,,0.00,0.000,3.8,4.2,0.1,185,2,4.2,4.7,0.2,188,3,3.8,4.2,0.1,185,2,0,29.86,,0,0,0,36.0,39.6,42.7,0.35,0.47,0.46
WATE,2016-04-05 23:05:00 EDT,42.87966,-76.81255,478,19.9,23.6,14.1,67.8,11.0,0.000,,0.00,0.000,4.0,4.2,0.1,184,1,4.4,4.7,0.1,187,2,4.0,4.2,0.1,184,1,0,29.85,,0,0,0,36.0,39.6,42.7,0.35,0.47,0.46
WATE,2016-04-05 23:10:00 EDT,42.87966,-76.81255,478,18.8,24.0,12.7,71.8,11.2,0.000,,0.00,0.000,4.1,4.4,0.1,192,3,4.4,4.9,0.2,195,3,4.1,4.4,0.1,192,3,0,29.85,,0,0,0,36.0,39.6,42.6,0.35,0.47,0.46
WATE,2016-04-05 23:15:00 EDT,42.87966,-76.81255,478,19.5,24.2,13.7,74.6,12.8,0.000,,0.00,0.000,4.0,4.5,0.2,193,2,4.2,4.9,0.3,196,2,4.0,4.5,0.2,193,2,0,29.85,,0,0,0,36.0,39.6,42.6,0.35,0.47,0.46
WATE,2016-04-05 23:20:00 EDT,42.87966,-76.81255,478,19.7,23.8,14.1,73.4,12.6,0.000,,0.00,0.000,3.9,4.2,0.1,187,2,4.2,4.5,0.2,190,3,3.9,4.2,0.1,187,2,0,29.85,,0,0,0,36.0,39.6,42.6,0.35,0.47,0.46
WATE,2016-04-05 23:25:00 EDT,42.87966,-76.81255,478,19.4,22.6,13.4,73.0,12.1,0.000,,0.00,0.000,4.0,4.6,0.2,184,3,4.4,5.1,0.2,187,4,4.0,4.6,0.2,184,3,0,29.84,,0,0,0,35.9,39.6,42.6,0.35,0.47,0.46
WATE,2016-04-05 23:30:00 EDT,42.87966,-76.81255,478,18.8,22.8,12.8,75.5,12.4,0.000,,0.00,0.000,4.1,4.4,0.1,184,4,4.5,4.9,0.2,187,5,4.1,4.4,0.1,184,4,0,29.84,,0,0,0,35.9,39.6,42.6,0.35,0.47,0.46
WATE,2016-04-05 23:35:00 EDT,42.87966,-76.81255,478,18.3,23.8,12.6,76.5,12.1,0.000,,0.00,0.000,3.8,4.2,0.2,187,2,4.1,4.7,0.2,191,2,3.8,4.2,0.2,187,2,0,29.84,,0,0,0,35.9,39.6,42.6,0.35,0.47,0.46
WATE,2016-04-05 23:40:00 EDT,42.87966,-76.81255,478,18.0,23.4,12.3,77.2,12.1,0.000,,0.00,0.000,3.8,4.2,0.3,199,4,4.0,4.5,0.3,203,5,3.8,4.2,0.3,199,4,0,29.84,,0,0,0,35.8,39.5,42.6,0.35,0.47,0.46
WATE,2016-04-05 23:45:00 EDT,42.87966,-76.81255,478,18.6,23.3,18.6,78.4,13.0,0.000,,0.00,0.000,2.9,3.7,0.5,206,5,2.9,4.0,0.6,211,6,2.9,3.7,0.5,206,5,0,29.84,,0,0,0,35.8,39.6,42.6,0.35,0.47,0.46
WATE,2016-04-05 23:50:00 EDT,42.87966,-76.81255,478,19.0,22.6,19.0,80.2,13.9,0.000,,0.00,0.000,2.3,2.9,0.3,209,5,2.2,3.1,0.3,213,6,2.3,2.9,0.3,209,5,0,29.85,,0,0,0,35.8,39.6,42.6,0.35,0.47,0.46
WATE,2016-04-05 23:55:00 EDT,42.87966,-76.81255,478,18.7,22.2,13.5,76.0,12.4,0.000,,0.00,0.000,3.5,4.6,0.6,203,5,3.6,4.9,0.8,207,7,3.5,4.6,0.6,203,5,0,29.85,,0,0,0,35.8,39.6,42.6,0.35,0.47,0.46
WEST,2016-04-05 00:00:00 EDT,43.10647,-75.46146,655,20.3,21.2,14.6,44.8,2.2,0.000,0.208,0.00,0.000,4.0,6.6,1.3,332,14,,,,,,4.0,6.6,1.3,332,14,0,29.46,,0,0,0,37.3,41.2,42.6,0.37,0.36,0.33
WEST,2016-04-05 00:05:00 EDT,43.10647,-75.46146,655,20.6,21.2,15.4,44.4,2.3,0.000,0.000,0.00,0.000,3.6,7.7,1.3,333,15,,,,,,3.6,7.7,1.3,333,15,0,29.46,,0,0,0,37.3,41.2,42.6,0.37,0.36,0.33
WEST,2016-04-05 00:10:00 EDT,43.10647,-75.46146,655,20.4,21.1,14.9,44.8,2.3,0.000,0.000,0.00,0.000,3.8,7.1,1.3,331,18,,,,,,3.8,7.1,1.3,331,18,0,29.46,,0,0,0,37.3,41.2,42.6,0.37,0.36,0.33
WEST,2016-04-05 00:15:00 EDT,43.10647,-75.46146,655,20.2,20.8,20.2,45.4,2.4,0.000,0.000,0.00,0.000,2.4,3.9,0.7,340,19,,,,,,2.4,3.9,0.7,340,19,0,29.47,,0,0,0,37.3,41.2,42.6,0.37,0.36,0.33
WEST,2016-04-05 00:20:00 EDT,43.10647,-75.46146,655,20.2,20.6,20.2,45.9,2.6,0.000,0.000,0.00,0.000,1.7,2.8,0.7,333,16,,,,,,1.7,2.8,0.7,333,16,0,29.47,,0,0,0,37.3,41.2,42.6,0.37,0.36,0.33
WEST,2016-04-05 00:25:00 EDT,43.10647,-75.46146,655,19.3,20.3,19.3,47.7,2.6,0.000,0.000,0.00,0.000,1.9,2.8,0.3,298,9,,,,,,1.9,2.8,0.3,298,9,0,29.47,,0,0,0,37.3,41.2,42.6,0.37,0.36,0.33
WEST,2016-04-05 00:30:00 EDT,43.10647,-75.46146,655,17.5,20.0,17.5,52.3,3.0,0.000,0.000,0.00,0.000,2.7,3.7,0.5,288,7,,,,,,2.7,3.7,0.5,288,7,0,29.47,,0,0,0,37.3,41.2,42.6,0.37,0.36,0.33
WEST,2016-04-05 00:35:00 EDT,43.10647,-75.46146,655,17.5,19.6,17.5,55.8,4.4,0.000,0.000,0.00,0.000,1.7,2.9,0.6,290,10,,,,,,1.7,2.9,0.6,290,10,0,29.47,,0,0,0,37.3,41.2,42.6,0.37,0.36,0.33
WEST,2016-04-05 00:40:00 EDT,43.10647,-75.46146,655,16.7,18.4,16.7,58.8,4.8,0.000,0.000,0.00,0.000,1.5,3.1,0.6,288,7,,,,,,1.5,3.1,0.6,288,7,0,29.47,,0,0,0,37.3,41.2,42.6,0.37,0.36,0.33
WEST,2016-04-05 00:45:00 EDT,43.10647,-75.46146,655,15.5,18.5,15.5,60.3,4.1,0.000,0.000,0.00,0.000,2.4,3.3,0.5,287,7,,,,,,2.4,3.3,0.5,287,7,0,29.47,,0,0,0,37.3,41.2,42.6,0.37,0.36,0.33
WEST,2016-04-05 00:50:00 EDT,43.10647,-75.46146,655,15.7,17.5,15.7,59.9,4.2,0.000,0.000,0.00,0.000,1.7,2.8,0.5,294,15,,,,,,1.7,2.8,0.5,294,15,0,29.48,,0,0,0,37.3,41.1,42.6,0.37,0.36,0.33
WEST,2016-04-05 00:55:00 EDT,43.10647,-75.46146,655,14.3,17.5,14.3,61.9,3.6,0.000,0.000,0.00,0.000,1.8,2.5,0.4,279,6,,,,,,1.8,2.5,0.4,279,6,0,29.48,,0,0,0,37.3,41.1,42.6,0.37,0.36,0.33
WEST,2016-04-05 01:00:00 EDT,43.10647,-75.46146,655,13.8,16.4,13.8,62.3,3.3,0.000,0.000,0.00,0.000,0.9,1.3,0.2,290,4,,,,,,0.9,1.3,0.2,290,4,0,29.48,,0,0,0,37.3,41.1,42.6,0.37,0.36,0.33
WEST,2016-04-05 01:05:00 EDT,43.10647,-75.46146,655,14.2,15.8,14.2,66.3,5.0,0.000,0.000,0.00,0.000,1.6,2.6,0.4,261,10,,,,,,1.6,2.6,0.4,261,10,0,29.48,,0,0,0,37.3,41.1,42.6,0.37,0.36,0.33
WEST,2016-04-05 01:10:00 EDT,43.10647,-75.46146,655,13.6,14.9,13.6,68.2,5.1,0.000,0.000,0.00,0.000,1.5,2.4,0.3,272,10,,,,,,1.5,2.4,0.3,272,10,0,29.48,,0,0,0,37.3,41.1,42.6,0.37,0.36,0.34
WEST,2016-04-05 01:15:00 EDT,43.10647,-75.46146,655,13.6,15.2,13.6,68.5,5.1,0.000,0.000,0.00,0.000,2.3,3.1,0.4,263,11,,,,,,2.3,3.1,0.4,263,11,0,29.48,,0,0,0,37.2,41.1,42.6,0.37,0.36,0.33
WEST,2016-04-05 01:20:00 EDT,43.10647,-75.46146,655,13.2,14.5,13.2,68.9,4.9,0.000,0.000,0.00,0.000,2.1,2.9,0.5,263,9,,,,,,2.1,2.9,0.5,263,9,0,29.48,,0,0,0,37.3,41.1,42.6,0.37,0.36,0.33
WEST,2016-04-05 01:25:00 EDT,43.10647,-75.46146,655,12.9,13.9,12.9,68.7,4.5,0.000,0.000,0.00,0.000,2.3,3.0,0.5,256,5,,,,,,2.3,3.0,0.5,256,5,0,29.48,,0,0,0,37.3,41.1,42.6,0.37,0.36,0.33
WEST,2016-04-05 01:30:00 EDT,43.10647,-75.46146,655,12.3,14.4,12.3,70.3,4.5,0.000,0.000,0.00,0.000,2.5,3.1,0.4,260,3,,,,,,2.5,3.1,0.4,260,3,0,29.48,,0,0,0,37.3,41.1,42.5,0.37,0.36,0.33
WEST,2016-04-05 01:35:00 EDT,43.10647,-75.46146,655,12.1,14.1,12.1,71.7,4.7,0.000,0.000,0.00,0.000,1.6,2.0,0.2,265,6,,,,,,1.6,2.0,0.2,265,6,0,29.48,,0,0,0,37.3,41.0,42.6,0.37,0.36,0.33
WEST,2016-04-05 01:40:00 EDT,43.10647,-75.46146,655,11.2,13.6,11.2,71.9,4.0,0.000,0.000,0.00,0.000,2.1,3.0,0.3,257,6,,,,,,2.1,3.0,0.3,257,6,0,29.49,,0,0,0,37.3,41.0,42.5,0.37,0.36,0.33
WEST,2016-04-05 01:45:00 EDT,43.10647,-75.46146,655,10.5,14.6,10.5,74.9,4.1,0.000,0.000,0.00,0.000,2.2,3.0,0.6,245,3,,,,,,2.2,3.0,0.6,245,3,0,29.49,,0,0,0,37.3,41.0,42.5,0.37,0.36,0.33
WEST,2016-04-05 01:50:00 EDT,43.10647,-75.46146,655,8.7,12.8,8.7,75.0,2.4,0.000,0.000,0.00,0.000,0.8,1.5,0.4,204,26,,,,,,0.8,1.5,0.4,204,26,0,29.49,,0,0,0,37.3,41.0,42.5,0.37,0.36,0.33
WEST,2016-04-05 01:55:00 EDT,43.10647,-75.46146,655,8.7,11.5,8.7,79.1,3.5,0.000,0.000,0.00,0.000,0.6,1.5,0.6,150,3,,,,,,0.6,1.5,0.6,150,3,0,29.49,,0,0,0,37.3,41.0,42.5,0.37,0.36,0.33
WEST,2016-04-05 02:00:00 EDT,43.10647,-75.46146,655,9.2,11.5,9.2,82.3,4.9,0.000,0.000,0.00,0.000,0.1,0.7,0.2,155,2,,,,,,0.1,0.7,0.2,155,2,0,29.49,,0,0,0,37.3,41.0,42.5,0.37,0.36,0.33
WEST,2016-04-05 02:05:00 EDT,43.10647,-75.46146,655,8.9,11.2,8.9,82.1,4.6,0.000,0.000,0.00,0.000,0.0,0.1,0.0,259,0,,,,,,0.0,0.1,0.0,259,0,0,29.49,,0,0,0,37.3,41.0,42.5,0.37,0.36,0.33
WEST,2016-04-05 02:10:00 EDT,43.10647,-75.46146,655,9.6,11.3,9.6,82.2,5.2,0.000,0.000,0.00,0.000,1.5,2.6,0.8,282,14,,,,,,1.5,2.6,0.8,282,14,0,29.49,,0,0,0,37.3,41.0,42.5,0.37,0.36,0.33
WEST,2016-04-05 02:15:00 EDT,43.10647,-75.46146,655,9.9,11.4,9.9,82.1,5.5,0.000,0.000,0.00,0.000,2.0,2.4,0.2,263,7,,,,,,2.0,2.4,0.2,263,7,0,29.49,,0,0,0,37.3,41.0,42.4,0.37,0.36,0.34
WEST,2016-04-05 02:20:00 EDT,43.10647,-75.46146,655,9.3,11.3,9.3,80.7,4.5,0.000,0.000,0.00,0.000,1.6,2.1,0.2,264,4,,,,,,1.6,2.1,0.2,264,4,0,29.49,,0,0,0,37.3,41.0,42.4,0.37,0.36,0.33
WEST,2016-04-05 02:25:00 EDT,43.10647,-75.46146,655,8.8,11.1,8.8,81.0,4.2,0.000,0.000,0.00,0.000,1.4,1.8,0.1,268,5,,,,,,1.4,1.8,0.1,268,5,0,29.49,,0,0,0,37.3,41.0,42.4,0.37,0.36,0.34
WEST,2016-04-05 02:30:00 EDT,43.10647,-75.46146,655,8.9,10.9,8.9,83.4,4.9,0.000,0.000,0.00,0.000,1.4,2.0,0.3,261,6,,,,,,1.4,2.0,0.3,261,6,0,29.49,,0,0,0,37.3,41.0,42.4,0.37,0.36,0.34
WEST,2016-04-05 02:35:00 EDT,43.10647,-75.46146,655,8.7,11.0,8.7,83.7,4.8,0.000,0.000,0.00,0.000,1.1,1.5,0.2,265,6,,,,,,1.1,1.5,0.2,265,6,0,29.49,,0,0,0,37.3,41.0,42.4,0.37,0.36,0.33
WEST,2016-04-05 02:40:00 EDT,43.10647,-75.46146,655,7.8,10.9,7.8,82.3,3.6,0.000,0.000,0.00,0.000,1.5,2.1,0.3,257,5,,,,,,1.5,2.1,0.3,257,5,0,29.49,,0,0,0,37.2,41.0,42.5,0.37,0.36,0.34
WEST,2016-04-05 02:45:00 EDT,43.10647,-75.46146,655,7.1,10.4,7.1,82.8,3.0,0.000,0.000,0.00,0.000,1.3,2.0,0.4,269,4,,,,,,1.3,2.0,0.4,269,4,0,29.50,,0,0,0,37.3,41.0,42.4,0.37,0.36,0.34
WEST,2016-04-05 02:50:00 EDT,43.10647,-75.46146,655,7.1,9.6,7.1,84.7,3.5,0.000,0.000,0.00,0.000,0.9,1.3,0.2,263,2,,,,,,0.9,1.3,0.2,263,2,0,29.50,,0,0,0,37.3,41.0,42.4,0.37,0.36,0.33
WEST,2016-04-05 02:55:00 EDT,43.10647,-75.46146,655,7.5,9.1,7.5,86.4,4.3,0.000,0.000,0.00,0.000,0.8,1.3,0.2,259,0,,,,,,0.8,1.3,0.2,259,0,0,29.50,,0,0,0,37.3,41.0,42.4,0.37,0.36,0.34
WEST,2016-04-05 03:00:00 EDT,43.10647,-75.46146,655,7.1,8.8,7.1,86.6,3.9,0.000,0.000,0.00,0.000,1.4,1.8,0.2,262,5,,,,,,1.4,1.8,0.2,262,5,0,29.50,,0,0,0,37.3,41.0,42.4,0.37,0.36,0.34
WEST,2016-04-05 03:05:00 EDT,43.10647,-75.46146,655,7.2,8.6,7.2,87.1,4.2,0.000,0.000,0.00,0.000,1.9,2.3,0.2,260,3,,,,,,1.9,2.3,0.2,260,3,0,29.50,,0,0,0,37.3,41.0,42.4,0.37,0.37,0.34
WEST,2016-04-05 03:10:00 EDT,43.10647,-75.46146,655,7.1,8.4,7.1,87.2,4.1,0.000,0.000,0.00,0.000,1.6,2.0,0.2,257,10,,,,,,1.6,2.0,0.2,257,10,0,29.50,,0,0,0,37.2,41.0,42.4,0.37,0.36,0.34
WEST,2016-04-05 03:15:00 EDT,43.10647,-75.46146,655,6.6,8.2,6.6,87.1,3.6,0.000,0.000,0.00,0.000,1.8,2.1,0.2,256,8,,,,,,1.8,2.1,0.2,256,8,0,29.51,,0,0,0,37.3,41.0,42.4,0.37,0.36,0.34
WEST,2016-04-05 03:20:00 EDT,43.10647,-75.46146,655,6.9,7.9,6.9,87.9,4.0,0.000,0.000,0.00,0.000,1.4,1.8,0.2,252,7,,,,,,1.4,1.8,0.2,252,7,0,29.51,,0,0,0,37.3,41.0,42.4,0.37,0.36,0.33
WEST,2016-04-05 03:25:00 EDT,43.10647,-75.46146,655,6.6,8.5,6.6,87.8,3.8,0.000,0.000,0.00,0.000,0.8,1.2,0.3,250,17,,,,,,0.8,1.2,0.3,250,17,0,29.51,,0,0,0,37.2,41.0,42.4,0.37,0.36,0.34
WEST,2016-04-05 03:30:00 EDT,43.10647,-75.46146,655,6.5,8.6,6.5,87.5,3.5,0.000,0.000,0.00,0.000,0.7,1.5,0.5,266,12,,,,,,0.7,1.5,0.5,266,12,0,29.51,,0,0,0,37.2,41.0,42.4,0.37,0.36,0.34
WEST,2016-04-05 03:35:00 EDT,43.10647,-75.46146,655,6.1,8.5,6.1,86.9,3.1,0.000,0.000,0.00,0.000,1.3,2.0,0.5,251,5,,,,,,1.3,2.0,0.5,251,5,0,29.51,,0,0,0,37.2,41.0,42.4,0.37,0.36,0.33
WEST,2016-04-05 03:40:00 EDT,43.10647,-75.46146,655,5.4,8.4,5.4,86.9,2.4,0.000,0.000,0.00,0.000,1.8,2.2,0.2,254,9,,,,,,1.8,2.2,0.2,254,9,0,29.51,,0,0,0,37.2,41.0,42.4,0.37,0.36,0.33
WEST,2016-04-05 03:45:00 EDT,43.10647,-75.46146,655,5.1,8.0,5.1,86.9,2.1,0.000,0.000,0.00,0.000,1.6,2.1,0.3,264,7,,,,,,1.6,2.1,0.3,264,7,0,29.51,,0,0,0,37.2,41.0,42.4,0.37,0.36,0.33
WEST,2016-04-05 03:50:00 EDT,43.10647,-75.46146,655,5.7,7.9,5.7,88.2,3.0,0.000,0.000,0.00,0.000,1.6,2.0,0.2,267,5,,,,,,1.6,2.0,0.2,267,5,0,29.51,,0,0,0,37.2,41.0,42.4,0.37,0.36,0.34
WEST,2016-04-05 03:55:00 EDT,43.10647,-75.46146,655,5.9,7.7,5.9,88.6,3.3,0.000,0.000,0.00,0.000,1.4,1.8,0.2,270,2,,,,,,1.4,1.8,0.2,270,2,0,29.52,,0,0,0,37.3,41.0,42.4,0.37,0.36,0.33
WEST,2016-04-05 04:00:00 EDT,43.10647,-75.46146,655,5.7,7.9,5.7,87.1,2.7,0.000,0.000,0.00,0.000,1.5,1.8,0.2,281,6,,,,,,1.5,1.8,0.2,281,6,0,29.52,,0,0,0,37.2,41.0,42.4,0.37,0.36,0.33
WEST,2016-04-05 04:05:00 EDT,43.10647,-75.46146,655,5.8,7.9,5.8,86.4,2.6,0.000,0.000,0.00,0.000,1.5,1.9,0.2,275,1,,,,,,1.5,1.9,0.2,275,1,0,29.52,,0,0,0,37.2,41.0,42.4,0.37,0.36,0.34
WEST,2016-04-05 04:10:00 EDT,43.10647,-75.46146,655,5.4,7.6,5.4,86.8,2.3,0.000,0.000,0.00,0.000,1.7,2.0,0.1,273,3,,,,,,1.7,2.0,0.1,273,3,0,29.52,,0,0,0,37.2,41.0,42.4,0.37,0.36,0.34
WEST,2016-04-05 04:15:00 EDT,43.10647,-75.46146,655,5.2,7.4,5.2,88.0,2.4,0.000,0.000,0.00,0.000,1.2,1.6,0.2,268,7,,,,,,1.2,1.6,0.2,268,7,0,29.52,,0,0,0,37.3,41.0,42.4,0.37,0.36,0.33
WEST,2016-04-05 04:20:00 EDT,43.10647,-75.46146,655,5.2,7.1,5.2,88.0,2.4,0.000,0.000,0.00,0.000,0.9,1.7,0.6,254,4,,,,,,0.9,1.7,0.6,254,4,0,29.53,,0,0,0,37.2,41.0,42.4,0.37,0.36,0.33
WEST,2016-04-05 04:25:00 EDT,43.10647,-75.46146,655,5.1,7.0,5.1,89.2,2.6,0.000,0.000,0.00,0.000,0.1,0.8,0.2,247,0,,,,,,0.1,0.8,0.2,247,0,0,29.53,,0,0,0,37.2,41.0,42.4,0.37,0.36,0.33
WEST,2016-04-05 04:30:00 EDT,43.10647,-75.46146,655,4.7,6.7,4.7,89.1,2.1,0.000,0.000,0.00,0.000,0.0,0.1,0.0,247,0,,,,,,0.0,0.1,0.0,247,0,0,29.53,,0,0,0,37.2,41.0,42.4,0.37,0.36,0.33
WEST,2016-04-05 04:35:00 EDT,43.10647,-75.46146,655,4.3,6.4,4.3,88.5,1.7,0.000,0.000,0.00,0.000,0.0,0.0,0.0,0,0,,,,,,0.0,0.0,0.0,0,0,0,29.53,,0,0,0,37.2,41.0,42.4,0.37,0.36,0.33
WEST,2016-04-05 04:40:00 EDT,43.10647,-75.46146,655,4.4,6.5,4.4,88.4,1.8,0.000,0.000,0.00,0.000,0.0,0.0,0.0,0,0,,,,,,0.0,0.0,0.0,0,0,0,29.53,,0,0,0,37.2,41.0,42.4,0.37,0.36,0.33
WEST,2016-04-05 04:45:00 EDT,43.10647,-75.46146,655,4.4,6.1,4.4,88.4,1.7,0.000,0.000,0.00,0.000,0.1,0.8,0.2,247,0,,,,,,0.1,0.8,0.2,247,0,0,29.53,,0,0,0,37.2,41.0,42.4,0.37,0.36,0.33
WEST,2016-04-05 04:50:00 EDT,43.10647,-75.46146,655,5.3,6.0,5.3,88.9,2.7,0.000,0.000,0.00,0.000,1.0,1.6,0.3,274,7,,,,,,1.0,1.6,0.3,274,7,0,29.54,,0,0,0,37.2,41.0,42.4,0.37,0.36,0.33
WEST,2016-04-05 04:55:00 EDT,43.10647,-75.46146,655,5.6,6.1,5.6,88.5,3.0,0.000,0.000,0.00,0.000,1.2,1.6,0.2,282,8,,,,,,1.2,1.6,0.2,282,8,0,29.54,,0,0,0,37.2,41.0,42.4,0.37,0.36,0.33
WEST,2016-04-05 05:00:00 EDT,43.10647,-75.46146,655,5.5,6.5,5.5,87.7,2.7,0.000,0.000,0.00,0.000,1.0,1.5,0.2,288,9,,,,,,1.0,1.5,0.2,288,9,0,29.55,,0,0,0,37.2,41.0,42.4,0.37,0.36,0.33
WEST,2016-04-05 05:05:00 EDT,43.10647,-75.46146,655,4.3,6.2,4.3,86.3,1.1,0.000,0.000,0.00,0.000,0.9,1.3,0.2,287,5,,,,,,0.9,1.3,0.2,287,5,0,29.55,,0,0,0,37.2,41.0,42.4,0.37,0.36,0.33
WEST,2016-04-05 05:10:00 EDT,43.10647,-75.46146,655,2.9,6.3,2.9,84.4,-0.8,0.000,0.000,0.00,0.000,1.3,1.6,0.2,289,10,,,,,,1.3,1.6,0.2,289,10,0,29.55,,0,0,0,37.2,41.0,42.4,0.37,0.36,0.33
WEST,2016-04-05 05:15:00 EDT,43.10647,-75.46146,655,3.4,6.3,3.4,85.4,0.0,0.000,0.000,0.00,0.000,0.6,1.5,0.6,303,4,,,,,,0.6,1.5,0.6,303,4,0,29.56,,0,0,0,37.2,41.0,42.4,0.37,0.36,0.33
WEST,2016-04-05 05:20:00 EDT,43.10647,-75.46146,655,3.9,6.7,3.9,87.0,0.9,0.000,0.000,0.00,0.000,0.1,0.4,0.1,315,0,,,,,,0.1,0.4,0.1,315,0,0,29.56,,0,0,0,37.2,41.0,42.4,0.37,0.36,0.33
WEST,2016-04-05 05:25:00 EDT,43.10647,-75.46146,655,3.6,6.4,3.6,86.4,0.5,0.000,0.000,0.00,0.000,0.0,0.1,0.0,314,0,,,,,,0.0,0.1,0.0,314,0,0,29.56,,0,0,0,37.2,41.0,42.4,0.37,0.36,0.33
WEST,2016-04-05 05:30:00 EDT,43.10647,-75.46146,655,2.4,6.0,2.4,85.5,-1.0,0.000,0.000,0.00,0.000,0.0,0.1,0.0,314,0,,,,,,0.0,0.1,0.0,314,0,0,29.56,,0,0,0,37.2,41.0,42.4,0.37,0.36,0.33
WEST,2016-04-05 05:35:00 EDT,43.10647,-75.46146,655,2.1,5.9,2.1,85.3,-1.3,0.000,0.000,0.00,0.000,0.0,0.1,0.0,314,0,,,,,,0.0,0.1,0.0,314,0,0,29.57,,0,0,0,37.2,41.0,42.4,0.37,0.36,0.33
WEST,2016-04-05 05:40:00 EDT,43.10647,-75.46146,655,1.9,5.9,1.9,85.9,-1.3,0.000,0.000,0.00,0.000,0.1,0.6,0.1,314,0,,,,,,0.1,0.6,0.1,314,0,0,29.57,,0,0,0,37.2,41.0,42.4,0.37,0.36,0.33
WEST,2016-04-05 05:45:00 EDT,43.10647,-75.46146,655,1.0,5.8,1.0,85.8,-2.3,0.000,0.000,0.00,0.000,0.5,1.2,0.4,295,12,,,,,,0.5,1.2,0.4,295,12,0,29.57,,0,0,0,37.2,41.0,42.4,0.37,0.36,0.33
WEST,2016-04-05 05:50:00 EDT,43.10647,-75.46146,655,0.6,5.4,0.6,85.1,-2.8,0.000,0.000,0.00,0.000,1.0,1.3,0.2,253,8,,,,,,1.0,1.3,0.2,253,8,0,29.58,,0,0,0,37.2,41.0,42.4,0.37,0.36,0.33
WEST,2016-04-05 05:55:00 EDT,43.10647,-75.46146,655,1.2,4.9,1.2,86.1,-1.9,0.000,0.000,0.00,0.000,1.0,1.3,0.1,260,12,,,,,,1.0,1.3,0.1,260,12,0,29.58,,0,0,0,37.2,41.0,42.4,0.37,0.36,0.33
WEST,2016-04-05 06:00:00 EDT,43.10647,-75.46146,655,1.9,4.9,1.9,87.5,-0.9,0.000,0.000,0.00,0.000,1.5,2.0,0.2,250,5,,,,,,1.5,2.0,0.2,250,5,0,29.58,,0,0,0,37.2,40.9,42.4,0.37,0.36,0.33
WEST,2016-04-05 06:05:00 EDT,43.10647,-75.46146,655,2.1,4.2,2.1,88.3,-0.6,0.000,0.000,0.00,0.000,1.5,1.9,0.2,259,5,,,,,,1.5,1.9,0.2,259,5,0,29.58,,0,0,0,37.2,41.0,42.4,0.37,0.36,0.33
WEST,2016-04-05 06:10:00 EDT,43.10647,-75.46146,655,2.7,4.4,2.7,87.7,-0.1,0.000,0.000,0.00,0.000,1.2,1.8,0.3,248,4,,,,,,1.2,1.8,0.3,248,4,0,29.59,,0,0,0,37.2,40.9,42.4,0.37,0.36,0.33
WEST,2016-04-05 06:15:00 EDT,43.10647,-75.46146,655,1.8,3.8,1.8,87.0,-1.2,0.000,0.000,0.00,0.000,0.7,1.0,0.2,242,0,,,,,,0.7,1.0,0.2,242,0,0,29.59,,0,0,0,37.2,40.9,42.4,0.37,0.36,0.33
WEST,2016-04-05 06:20:00 EDT,43.10647,-75.46146,655,1.5,3.6,1.5,85.7,-1.8,0.000,0.000,0.00,0.000,0.2,0.7,0.2,236,3,,,,,,0.2,0.7,0.2,236,3,0,29.59,,0,0,0,37.2,40.9,42.4,0.37,0.36,0.33
WEST,2016-04-05 06:25:00 EDT,43.10647,-75.46146,655,1.4,3.5,1.4,86.1,-1.8,0.000,0.000,0.00,0.000,0.0,0.1,0.0,231,0,,,,,,0.0,0.1,0.0,231,0,1,29.60,,0,0,0,37.2,40.9,42.4,0.37,0.36,0.33
WEST,2016-04-05 06:30:00 EDT,43.10647,-75.46146,655,0.9,3.3,0.9,86.0,-2.3,0.000,0.000,0.00,0.000,0.0,0.0,0.0,0,0,,,,,,0.0,0.0,0.0,0,0,2,29.60,,0,0,0,37.2,40.9,42.4,0.37,0.36,0.33
WEST,2016-04-05 06:35:00 EDT,43.10647,-75.46146,655,0.9,2.8,0.9,85.8,-2.3,0.000,0.000,0.00,0.000,0.0,0.0,0.0,0,0,,,,,,0.0,0.0,0.0,0,0,4,29.60,,0,0,0,37.2,40.9,42.4,0.37,0.36,0.33
WEST,2016-04-05 06:40:00 EDT,43.10647,-75.46146,655,1.0,3.2,1.0,86.4,-2.2,0.000,0.000,0.00,0.000,0.0,0.0,0.0,0,0,,,,,,0.0,0.0,0.0,0,0,6,29.60,,0,0,0,37.2,40.9,42.4,0.37,0.36,0.33
WEST,2016-04-05 06:45:00 EDT,43.10647,-75.46146,655,0.6,3.0,0.6,85.6,-2.7,0.000,0.000,0.00,0.000,0.1,0.6,0.2,231,0,,,,,,0.1,0.6,0.2,231,0,9,29.61,,0,0,0,37.2,40.9,42.4,0.37,0.36,0.33
WEST,2016-04-05 06:50:00 EDT,43.10647,-75.46146,655,0.6,3.0,0.6,85.4,-2.8,0.000,0.000,0.00,0.000,0.4,1.8,0.6,231,0,,,,,,0.4,1.8,0.6,231,0,12,29.61,,0,0,0,37.2,40.9,42.4,0.37,0.36,0.33
WEST,2016-04-05 06:55:00 EDT,43.10647,-75.46146,655,1.5,3.0,1.5,85.9,-1.7,0.000,0.000,0.00,0.000,1.4,2.4,0.7,285,19,,,,,,1.4,2.4,0.7,285,19,15,29.61,,0,0,0,37.2,40.9,42.4,0.37,0.36,0.33
WEST,2016-04-05 07:00:00 EDT,43.10647,-75.46146,655,2.0,3.2,2.0,86.0,-1.2,0.000,0.000,0.00,0.000,2.1,3.2,0.6,280,13,,,,,,2.1,3.2,0.6,280,13,41,29.62,,0,0,0,37.2,40.9,42.4,0.37,0.36,0.33
WEST,2016-04-05 07:05:00 EDT,43.10647,-75.46146,655,2.0,3.7,2.0,85.2,-1.4,0.000,0.000,0.00,0.000,2.3,3.1,0.4,273,13,,,,,,2.3,3.1,0.4,273,13,59,29.62,,0,0,0,37.2,40.9,42.4,0.37,0.36,0.33
WEST,2016-04-05 07:10:00 EDT,43.10647,-75.46146,655,2.3,3.6,2.3,84.3,-1.4,0.000,0.000,0.00,0.000,1.7,2.1,0.2,281,13,,,,,,1.7,2.1,0.2,281,13,76,29.62,,0,0,0,37.2,40.9,42.4,0.37,0.36,0.33
WEST,2016-04-05 07:15:00 EDT,43.10647,-75.46146,655,2.1,4.1,2.1,83.5,-1.7,0.000,0.000,0.00,0.000,1.5,2.3,0.4,270,9,,,,,,1.5,2.3,0.4,270,9,93,29.62,,0,0,0,37.2,40.9,42.4,0.37,0.36,0.33
WEST,2016-04-05 07:20:00 EDT,43.10647,-75.46146,655,1.0,3.9,1.0,82.6,-3.1,0.000,0.000,0.00,0.000,1.2,1.8,0.3,271,6,,,,,,1.2,1.8,0.3,271,6,111,29.63,,0,0,0,37.2,40.9,42.4,0.37,0.36,0.33
WEST,2016-04-05 07:25:00 EDT,43.10647,-75.46146,655,0.7,4.1,0.7,82.1,-3.5,0.000,0.000,0.00,0.000,1.6,2.5,0.7,261,9,,,,,,1.6,2.5,0.7,261,9,129,29.63,,0,0,0,37.2,40.8,42.3,0.37,0.36,0.33
WEST,2016-04-05 07:30:00 EDT,43.10647,-75.46146,655,2.5,4.8,2.5,82.3,-1.7,0.000,0.000,0.00,0.000,0.8,2.3,0.6,260,10,,,,,,0.8,2.3,0.6,260,10,147,29.63,,0,0,0,37.2,40.8,42.4,0.37,0.36,0.33
WEST,2016-04-05 07:35:00 EDT,43.10647,-75.46146,655,2.7,5.1,2.7,81.8,-1.6,0.000,0.000,0.00,0.000,1.0,2.4,0.9,252,6,,,,,,1.0,2.4,0.9,252,6,164,29.64,,0,0,0,37.2,40.8,42.4,0.37,0.36,0.33
WEST,2016-04-05 07:40:00 EDT,43.10647,-75.46146,655,3.1,5.3,3.1,82.1,-1.1,0.000,0.000,0.00,0.000,0.3,1.5,0.5,263,6,,,,,,0.3,1.5,0.5,263,6,178,29.64,,0,0,0,37.2,40.8,42.4,0.37,0.36,0.33
WEST,2016-04-05 07:45:00 EDT,43.10647,-75.46146,655,2.9,5.7,2.9,81.5,-1.5,0.000,0.000,0.00,0.000,0.2,0.7,0.3,167,0,,,,,,0.2,0.7,0.3,167,0,194,29.64,,0,0,0,37.2,40.8,42.4,0.37,0.36,0.33
WEST,2016-04-05 07:50:00 EDT,43.10647,-75.46146,655,3.5,6.6,3.5,83.4,-0.4,0.000,0.000,0.00,0.000,0.2,0.7,0.2,166,0,,,,,,0.2,0.7,0.2,166,0,209,29.64,,0,0,0,37.2,40.8,42.3,0.37,0.36,0.33
WEST,2016-04-05 07:55:00 EDT,43.10647,-75.46146,655,5.0,6.9,5.0,79.7,0.1,0.000,0.000,0.00,0.000,0.1,1.1,0.3,166,0,,,,,,0.1,1.1,0.3,166,0,226,29.64,,0,0,0,37.2,40.8,42.3,0.37,0.36,0.33
WEST,2016-04-05 08:00:00 EDT,43.10647,-75.46146,655,6.3,7.8,6.3,76.6,0.5,0.000,0.000,0.00,0.000,0.2,1.1,0.4,166,0,,,,,,0.2,1.1,0.4,166,0,242,29.64,,0,0,0,37.2,40.8,42.3,0.37,0.36,0.33
WEST,2016-04-05 08:05:00 EDT,43.10647,-75.46146,655,7.5,8.7,7.5,75.3,1.4,0.000,0.000,0.00,0.000,0.1,0.5,0.2,166,0,,,,,,0.1,0.5,0.2,166,0,258,29.64,,0,0,0,37.2,40.8,42.3,0.37,0.36,0.33
WEST,2016-04-05 08:10:00 EDT,43.10647,-75.46146,655,7.6,10.0,7.6,69.5,-0.3,0.000,0.000,0.00,0.000,0.1,0.4,0.1,326,2,,,,,,0.1,0.4,0.1,326,2,274,29.65,,0,0,0,37.2,40.8,42.3,0.37,0.36,0.33
WEST,2016-04-05 08:15:00 EDT,43.10647,-75.46146,655,8.7,10.9,8.7,60.7,-2.2,0.000,0.000,0.00,0.000,0.1,0.1,0.0,325,0,,,,,,0.1,0.1,0.0,325,0,290,29.65,,0,0,0,37.2,40.8,42.3,0.37,0.36,0.33
WEST,2016-04-05 08:20:00 EDT,43.10647,-75.46146,655,9.2,11.7,9.2,61.0,-1.5,0.000,0.000,0.00,0.000,0.2,0.9,0.2,206,37,,,,,,0.2,0.9,0.2,206,37,306,29.65,,0,0,0,37.2,40.8,42.3,0.37,0.36,0.33
WEST,2016-04-05 08:25:00 EDT,43.10647,-75.46146,655,10.5,12.1,10.5,60.1,-0.6,0.000,0.000,0.00,0.000,0.1,0.7,0.2,196,0,,,,,,0.1,0.7,0.2,196,0,318,29.65,,0,0,0,37.2,40.8,42.3,0.37,0.36,0.33
WEST,2016-04-05 08:30:00 EDT,43.10647,-75.46146,655,11.8,13.8,11.8,58.4,-0.1,0.000,0.000,0.00,0.000,1.5,2.2,0.4,163,17,,,,,,1.5,2.2,0.4,163,17,329,29.65,,0,0,0,37.2,40.8,42.3,0.37,0.36,0.33
WEST,2016-04-05 08:35:00 EDT,43.10647,-75.46146,655,12.0,14.4,12.0,61.9,1.5,0.000,0.000,0.00,0.000,1.6,2.2,0.3,185,10,,,,,,1.6,2.2,0.3,185,10,343,29.65,,0,0,0,37.2,40.8,42.3,0.37,0.36,0.33
WEST,2016-04-05 08:40:00 EDT,43.10647,-75.46146,655,12.3,15.2,12.3,61.9,1.7,0.000,0.000,0.00,0.000,1.8,2.9,0.6,216,24,,,,,,1.8,2.9,0.6,216,24,361,29.65,,0,0,0,37.1,40.8,42.2,0.37,0.36,0.33
WEST,2016-04-05 08:45:00 EDT,43.10647,-75.46146,655,13.9,16.2,13.9,58.7,2.1,0.000,0.000,0.00,0.000,1.5,2.7,0.7,266,28,,,,,,1.5,2.7,0.7,266,28,378,29.65,,0,0,0,37.1,40.8,42.2,0.37,0.36,0.33
WEST,2016-04-05 08:50:00 EDT,43.10647,-75.46146,655,15.4,16.6,15.4,56.5,2.7,0.000,0.000,0.00,0.000,0.2,2.3,0.4,331,14,,,,,,0.2,2.3,0.4,331,14,396,29.66,,0,0,0,37.1,40.8,42.2,0.37,0.36,0.33
WEST,2016-04-05 08:55:00 EDT,43.10647,-75.46146,655,17.0,17.4,17.0,48.7,1.0,0.000,0.000,0.00,0.000,2.6,5.7,1.2,339,43,,,,,,2.6,5.7,1.2,339,43,414,29.66,,0,0,0,37.1,40.8,42.3,0.37,0.36,0.33
WEST,2016-04-05 09:00:00 EDT,43.10647,-75.46146,655,17.6,17.8,17.6,47.6,1.0,0.000,0.000,0.00,0.000,3.0,6.9,1.6,4,17,,,,,,3.0,6.9,1.6,4,17,432,29.66,,0,0,0,37.1,40.8,42.3,0.37,0.36,0.33
WEST,2016-04-05 09:05:00 EDT,43.10647,-75.46146,655,17.9,18.2,11.8,47.8,1.4,0.000,0.000,0.00,0.000,4.0,6.3,1.1,335,25,,,,,,4.0,6.3,1.1,335,25,450,29.66,,0,0,0,37.1,40.8,42.2,0.37,0.36,0.33
WEST,2016-04-05 09:10:00 EDT,43.10647,-75.46146,655,18.1,18.3,18.1,47.8,1.6,0.000,0.000,0.00,0.000,2.8,5.5,1.0,324,18,,,,,,2.8,5.5,1.0,324,18,466,29.66,,0,0,0,37.1,40.8,42.2,0.37,0.36,0.33
WEST,2016-04-05 09:15:00 EDT,43.10647,-75.46146,655,18.4,18.7,13.4,46.6,1.3,0.000,0.000,0.00,0.000,3.3,6.1,1.5,344,14,,,,,,3.3,6.1,1.5,344,14,484,29.67,,0,0,0,37.0,40.8,42.2,0.37,0.36,0.33
WEST,2016-04-05 09:20:00 EDT,43.10647,-75.46146,655,18.9,19.1,18.9,45.5,1.2,0.000,0.000,0.00,0.000,2.9,5.2,1.1,350,21,,,,,,2.9,5.2,1.1,350,21,499,29.67,,0,0,0,37.0,40.8,42.2,0.37,0.36,0.33
WEST,2016-04-05 09:25:00 EDT,43.10647,-75.46146,655,19.7,19.6,19.7,44.4,1.5,0.000,0.000,0.00,0.000,1.2,2.9,0.9,17,22,,,,,,1.2,2.9,0.9,17,22,515,29.67,,0,0,0,37.0,40.8,42.2,0.37,0.36,0.33
WEST,2016-04-05 09:30:00 EDT,43.10647,-75.46146,655,20.2,20.2,20.2,42.6,1.1,0.000,0.000,0.00,0.000,2.3,6.3,1.5,25,26,,,,,,2.3,6.3,1.5,25,26,529,29.67,,0,0,0,37.0,40.8,42.2,0.37,0.36,0.33
WEST,2016-04-05 09:35:00 EDT,43.10647,-75.46146,655,20.1,20.1,20.1,41.9,0.6,0.000,0.000,0.00,0.000,1.9,3.2,0.7,320,27,,,,,,1.9,3.2,0.7,320,27,544,29.67,,0,0,0,37.0,40.8,42.2,0.37,0.36,0.33
WEST,2016-04-05 09:40:00 EDT,43.10647,-75.46146,655,20.3,20.5,15.9,41.7,0.7,0.000,0.000,0.00,0.000,3.1,7.0,2.3,304,38,,,,,,3.1,7.0,2.3,304,38,561,29.67,,0,0,0,37.0,40.8,42.2,0.37,0.36,0.33
WEST,2016-04-05 09:45:00 EDT,43.10647,-75.46146,655,19.9,20.2,13.4,45.0,2.0,0.000,0.000,0.00,0.000,4.6,7.8,1.4,256,16,,,,,,4.6,7.8,1.4,256,16,573,29.68,,0,0,0,37.0,40.8,42.2,0.37,0.36,0.33
WEST,2016-04-05 09:50:00 EDT,43.10647,-75.46146,655,20.0,20.1,12.1,46.3,2.7,0.000,0.000,0.00,0.000,5.9,8.9,1.9,268,22,,,,,,5.9,8.9,1.9,268,22,587,29.68,,0,0,0,37.0,40.8,42.2,0.37,0.36,0.33
WEST,2016-04-05 09:55:00 EDT,43.10647,-75.46146,655,20.3,20.4,14.2,44.7,2.2,0.000,0.000,0.00,0.000,4.2,6.5,1.2,294,13,,,,,,4.2,6.5,1.2,294,13,600,29.68,,0,0,0,37.0,40.8,42.2,0.37,0.36,0.33
WEST,2016-04-05 10:00:00 EDT,43.10647,-75.46146,655,20.2,20.3,14.8,44.5,2.0,0.000,0.000,0.00,0.000,3.8,6.6,1.4,268,18,,,,,,3.8,6.6,1.4,268,18,615,29.68,,0,0,0,37.0,40.8,42.2,0.37,0.36,0.33
WEST,2016-04-05 10:05:00 EDT,43.10647,-75.46146,655,20.6,20.7,15.3,44.0,2.1,0.000,0.000,0.00,0.000,3.7,6.1,1.2,296,13,,,,,,3.7,6.1,1.2,296,13,631,29.68,,0,0,0,37.0,40.8,42.2,0.37,0.36,0.33
WEST,2016-04-05 10:10:00 EDT,43.10647,-75.46146,655,20.8,20.9,15.0,42.9,1.7,0.000,0.000,0.00,0.000,4.1,6.7,1.7,291,14,,,,,,4.1,6.7,1.7,291,14,644,29.68,,0,0,0,37.0,40.8,42.2,0.37,0.36,0.33
WEST,2016-04-05 10:15:00 EDT,43.10647,-75.46146,655,21.2,21.3,16.0,42.4,1.9,0.000,0.000,0.00,0.000,3.7,5.8,1.3,300,28,,,,,,3.7,5.8,1.3,300,28,657,29.68,,0,0,0,37.0,40.7,42.2,0.37,0.36,0.33
WEST,2016-04-05 10:20:00 EDT,43.10647,-75.46146,655,21.2,21.4,16.3,41.9,1.6,0.000,0.000,0.00,0.000,3.5,6.1,1.1,314,29,,,,,,3.5,6.1,1.1,314,29,669,29.69,,0,0,0,37.0,40.8,42.2,0.37,0.36,0.33
WEST,2016-04-05 10:25:00 EDT,43.10647,-75.46146,655,21.6,21.4,21.6,41.5,1.8,0.000,0.000,0.00,0.000,1.3,3.3,0.9,242,57,,,,,,1.3,3.3,0.9,242,57,686,29.69,,0,0,0,37.0,40.7,42.2,0.37,0.36,0.33
WEST,2016-04-05 10:30:00 EDT,43.10647,-75.46146,655,21.6,21.6,14.1,42.5,2.2,0.000,0.000,0.00,0.000,5.7,10.5,2.3,281,11,,,,,,5.7,10.5,2.3,281,11,698,29.69,,0,0,0,37.0,40.7,42.2,0.37,0.36,0.33
WEST,2016-04-05 10:35:00 EDT,43.10647,-75.46146,655,21.9,22.0,14.7,43.0,2.8,0.000,0.000,0.00,0.000,5.5,9.9,1.4,302,22,,,,,,5.5,9.9,1.4,302,22,706,29.69,,0,0,0,37.0,40.8,42.2,0.37,0.36,0.33
WEST,2016-04-05 10:40:00 EDT,43.10647,-75.46146,655,21.8,21.8,13.5,43.4,2.9,0.000,0.000,0.00,0.000,6.7,9.8,1.6,286,16,6.7,6.7,0.0,298,0,6.7,9.8,1.6,286,16,720,29.69,,0,0,0,37.0,40.7,42.1,0.37,0.36,0.33
WEST,2016-04-05 10:45:00 EDT,43.10647,-75.46146,655,21.7,21.7,13.8,43.3,2.8,0.000,0.000,0.00,0.000,6.2,9.2,1.1,278,14,6.8,9.2,1.2,274,14,6.2,9.2,1.1,278,14,731,29.69,,0,0,0,37.0,40.7,42.1,0.37,0.36,0.33
WEST,2016-04-05 10:50:00 EDT,43.10647,-75.46146,655,,,,,,,,,,,,,,,,,,,,,,,,,,,,,,,,,,,,
WEST,2016-04-05 10:55:00 EDT,43.10647,-75.46146,655,21.9,21.8,12.5,44.2,3.4,,0.000,0.00,0.000,8.0,10.0,1.1,245,7,8.2,10.3,1.2,242,10,8.0,10.0,1.1,245,7,752,29.69,,0,0,0,36.9,40.7,42.1,0.37,0.36,0.33
WEST,2016-04-05 11:00:00 EDT,43.10647,-75.46146,655,,,,,,,,,,,,,,,,,,,,,,,,,,,,,,,,,,,,
WEST,2016-04-05 11:05:00 EDT,43.10647,-75.46146,655,22.5,22.4,16.4,40.4,1.9,,0.000,0.00,0.000,4.5,8.5,1.8,313,19,4.7,8.1,1.8,316,20,4.5,8.5,1.8,313,19,772,29.69,,0,0,0,36.9,40.7,42.1,0.37,0.36,0.33
WEST,2016-04-05 11:10:00 EDT,43.10647,-75.46146,655,,,,,,,,,,,,,,,,,,,,,,,,,,,,,,,,,,,,
WEST,2016-04-05 11:15:00 EDT,43.10647,-75.46146,655,,,,,,,,,,,,,,,,,,,,,,,,,,,,,,,,,,,,
WEST,2016-04-05 11:20:00 EDT,43.10647,-75.46146,655,23.4,23.4,18.3,37.5,1.2,,0.000,0.00,0.000,3.9,7.3,1.2,284,21,4.5,8.7,1.5,283,17,3.9,7.3,1.2,284,21,801,29.69,,0,0,0,36.9,40.6,42.1,0.37,0.36,0.33
WEST,2016-04-05 11:25:00 EDT,43.10647,-75.46146,655,23.2,23.1,15.5,37.1,0.8,0.000,0.000,0.00,0.000,6.3,10.0,2.2,267,17,6.7,11.0,2.2,268,16,6.3,10.0,2.2,267,17,811,29.69,,0,0,0,36.8,40.6,42.1,0.37,0.36,0.33
WEST,2016-04-05 11:30:00 EDT,43.10647,-75.46146,655,,,,,,,,,,,,,,,,,,,,,,,,,,,,,,,,,,,,
WEST,2016-04-05 11:35:00 EDT,43.10647,-75.46146,655,23.7,23.6,16.1,38.4,2.0,,0.000,0.00,0.000,6.2,8.8,1.2,264,12,7.2,10.5,1.4,261,10,6.2,8.8,1.2,264,12,827,29.69,,0,0,0,36.8,40.6,42.1,0.37,0.36,0.33
WEST,2016-04-05 11:40:00 EDT,43.10647,-75.46146,655,24.0,23.9,14.0,37.2,1.6,0.000,0.000,0.00,0.000,9.7,13.8,2.1,273,13,10.5,14.8,2.4,269,13,9.7,13.8,2.1,273,13,831,29.69,,0,0,0,36.8,40.6,42.1,0.37,0.36,0.33
WEST,2016-04-05 11:45:00 EDT,43.10647,-75.46146,655,24.3,24.1,16.0,37.4,1.9,0.000,0.000,0.00,0.000,7.2,13.3,2.5,254,13,7.8,13.9,2.6,253,12,7.2,13.3,2.5,254,13,838,29.69,,0,0,0,36.8,40.6,42.1,0.37,0.36,0.33
WEST,2016-04-05 11:50:00 EDT,43.10647,-75.46146,655,24.6,24.5,14.3,36.7,1.8,0.000,0.000,0.00,,10.6,14.7,2.0,262,14,11.5,16.1,2.2,260,14,10.6,14.7,2.0,262,14,846,29.69,,0,0,0,36.8,40.6,42.1,0.37,0.36,0.33
WEST,2016-04-05 11:55:00 EDT,43.10647,-75.46146,655,24.9,24.8,15.5,36.0,1.7,0.000,0.000,0.00,0.000,9.1,12.5,1.6,263,15,10.0,13.4,1.6,261,15,9.1,12.5,1.6,263,15,852,29.69,,0,0,0,36.7,40.6,42.1,0.37,0.36,0.33
WEST,2016-04-05 12:00:00 EDT,43.10647,-75.46146,655,25.2,25.1,16.4,35.0,1.3,0.000,0.000,0.00,,8.3,12.9,2.0,269,12,9.2,14.8,2.3,267,13,8.3,12.9,2.0,269,12,858,29.69,,0,0,0,36.7,40.6,42.1,0.37,0.36,0.33
WEST,2016-04-05 12:05:00 EDT,43.10647,-75.46146,655,25.2,25.1,15.5,34.1,0.8,0.000,0.000,0.00,0.000,9.7,14.8,2.0,261,11,10.4,17.2,2.3,260,11,9.7,14.8,2.0,261,11,863,29.69,,0,0,0,36.7,40.6,42.1,0.37,0.36,0.33
WEST,2016-04-05 12:10:00 EDT,43.10647,-75.46146,655,25.5,25.4,15.9,33.7,0.9,0.000,0.000,0.00,,9.8,19.6,4.8,251,12,10.4,20.4,5.0,250,12,9.8,19.6,4.8,251,12,870,29.69,,0,0,0,36.7,40.6,42.1,0.37,0.36,0.33
WEST,2016-04-05 12:15:00 EDT,43.10647,-75.46146,655,25.8,25.8,16.8,32.3,0.2,0.000,0.000,0.00,,8.8,15.8,2.3,276,11,9.8,16.3,2.5,275,11,8.8,15.8,2.3,276,11,874,29.69,,0,0,0,36.7,40.6,42.1,0.37,0.36,0.33
WEST,2016-04-05 12:20:00 EDT,43.10647,-75.46146,655,26.2,26.2,19.0,30.4,-0.8,0.000,0.000,0.00,0.000,6.3,13.0,2.7,298,25,7.1,13.9,2.8,297,26,6.3,13.0,2.7,298,25,880,29.68,,0,0,0,36.7,40.6,42.1,0.37,0.36,0.33
WEST,2016-04-05 12:25:00 EDT,43.10647,-75.46146,655,26.5,26.5,18.8,28.8,-1.6,0.000,0.000,0.00,0.000,7.2,11.1,1.8,308,14,7.5,11.6,1.8,307,15,7.2,11.1,1.8,308,14,885,29.68,,0,0,0,36.7,40.6,42.1,0.37,0.36,0.33
WEST,2016-04-05 12:30:00 EDT,43.10647,-75.46146,655,26.6,26.5,17.8,28.1,-2.1,0.000,0.000,0.00,,8.7,14.1,2.5,293,22,9.3,15.0,2.7,293,23,8.7,14.1,2.5,293,22,887,29.68,,0,0,0,36.7,40.6,42.1,0.37,0.36,0.33
WEST,2016-04-05 12:35:00 EDT,43.10647,-75.46146,655,26.6,26.5,16.0,30.1,-0.7,0.000,0.000,0.00,0.000,11.9,17.0,2.5,300,14,12.8,18.1,2.6,296,15,11.9,17.0,2.5,300,14,890,29.68,,0,0,0,36.7,40.6,42.1,0.37,0.36,0.33
WEST,2016-04-05 12:40:00 EDT,43.10647,-75.46146,655,26.5,26.5,16.2,31.2,0.1,0.000,0.000,0.00,0.000,11.3,15.9,2.0,289,14,12.4,15.7,2.4,288,14,11.3,15.9,2.0,289,14,892,29.68,,0,0,0,36.7,40.6,42.1,0.37,0.36,0.33
WEST,2016-04-05 12:45:00 EDT,43.10647,-75.46146,655,26.5,26.4,16.9,32.5,0.9,0.000,0.000,0.00,0.000,10.0,13.7,1.7,276,13,11.2,13.2,1.5,274,13,10.0,13.7,1.7,276,13,894,29.68,,0,0,0,36.7,40.6,42.1,0.37,0.36,0.33
WEST,2016-04-05 12:50:00 EDT,43.10647,-75.46146,655,26.4,26.4,16.2,32.9,1.1,0.000,0.000,0.00,0.000,11.0,15.9,2.2,274,15,11.1,15.0,2.0,263,18,11.0,15.9,2.2,274,15,895,29.68,,0,0,0,36.6,40.6,42.1,0.37,0.36,0.33
WEST,2016-04-05 12:55:00 EDT,43.10647,-75.46146,655,26.3,26.2,16.2,31.2,-0.1,0.000,0.000,0.00,0.000,10.9,16.8,2.3,276,12,13.0,15.9,2.6,274,6,10.9,16.8,2.3,276,12,896,29.68,,0,0,0,36.6,40.6,42.1,0.37,0.36,0.33
WEST,2016-04-05 13:00:00 EDT,43.10647,-75.46146,655,26.2,26.2,15.5,30.8,-0.5,0.000,0.000,0.00,0.000,12.0,17.2,2.4,273,10,13.4,15.4,1.6,277,7,12.0,17.2,2.4,273,10,897,29.68,,0,0,0,36.6,40.6,42.1,0.37,0.36,0.33
WEST,2016-04-05 13:05:00 EDT,43.10647,-75.46146,655,26.5,26.4,15.8,32.5,0.9,0.000,0.000,0.00,0.000,12.2,16.5,2.0,271,12,,,,,,12.2,16.5,2.0,271,12,898,29.68,,0,0,0,36.6,40.6,42.1,0.37,0.36,0.33
WEST,2016-04-05 13:10:00 EDT,43.10647,-75.46146,655,26.4,26.4,16.8,33.3,1.4,0.000,0.000,0.00,0.000,10.1,16.9,2.6,270,14,,,,,,10.1,16.9,2.6,270,14,897,29.68,,0,0,0,36.6,40.6,42.1,0.37,0.36,0.33
WEST,2016-04-05 13:15:00 EDT,43.10647,-75.46146,655,26.7,26.6,16.2,31.9,0.7,0.000,0.000,0.00,0.000,11.9,17.8,3.1,258,10,,,,,,11.9,17.8,3.1,258,10,897,29.67,,0,0,0,36.6,40.6,42.1,0.37,0.36,0.33
WEST,2016-04-05 13:20:00 EDT,43.10647,-75.46146,655,27.0,26.9,16.1,31.4,0.6,0.000,0.000,0.00,0.000,12.8,21.3,2.8,259,11,,,,,,12.8,21.3,2.8,259,11,896,29.67,,0,0,0,36.6,40.6,42.1,0.37,0.36,0.33
WEST,2016-04-05 13:25:00 EDT,43.10647,-75.46146,655,27.2,27.0,16.6,31.7,0.9,0.000,0.000,0.00,0.000,12.2,17.2,2.7,260,12,,,,,,12.2,17.2,2.7,260,12,895,29.67,,0,0,0,36.5,40.6,42.1,0.37,0.36,0.33
WEST,2016-04-05 13:30:00 EDT,43.10647,-75.46146,655,27.4,27.3,17.7,31.0,0.7,0.000,0.000,0.00,0.000,10.6,16.7,3.0,259,13,,,,,,10.6,16.7,3.0,259,13,894,29.67,,0,0,0,36.5,40.6,42.1,0.37,0.36,0.33
WEST,2016-04-05 13:35:00 EDT,43.10647,-75.46146,655,27.4,27.3,18.0,29.3,-0.6,0.000,0.000,0.00,0.000,10.0,14.0,1.7,286,16,,,,,,10.0,14.0,1.7,286,16,892,29.67,,0,0,0,36.5,40.6,42.1,0.37,0.36,0.33
WEST,2016-04-05 13:40:00 EDT,43.10647,-75.46146,655,27.4,27.4,18.7,28.4,-1.1,0.000,0.000,0.00,0.000,9.0,14.0,2.5,271,14,,,,,,9.0,14.0,2.5,271,14,890,29.67,,0,0,0,36.5,40.6,42.1,0.37,0.36,0.33
WEST,2016-04-05 13:45:00 EDT,43.10647,-75.46146,655,27.3,27.3,17.6,28.3,-1.3,0.000,0.000,0.00,0.000,10.7,17.7,2.6,274,10,,,,,,10.7,17.7,2.6,274,10,886,29.67,,0,0,0,36.5,40.6,42.1,0.37,0.36,0.33
WEST,2016-04-05 13:50:00 EDT,43.10647,-75.46146,655,27.8,27.7,16.3,30.9,1.0,0.000,0.000,0.00,0.000,14.9,21.3,3.3,273,11,,,,,,14.9,21.3,3.3,273,11,882,29.67,,0,0,0,36.5,40.6,42.1,0.37,0.36,0.33
WEST,2016-04-05 13:55:00 EDT,43.10647,-75.46146,655,27.6,27.6,17.4,29.6,-0.1,0.000,0.000,0.00,0.000,11.7,21.4,2.2,285,12,,,,,,11.7,21.4,2.2,285,12,879,29.66,,0,0,0,36.5,40.6,42.1,0.37,0.36,0.33
WEST,2016-04-05 14:00:00 EDT,43.10647,-75.46146,655,27.8,27.8,18.0,30.3,0.6,0.000,0.000,0.00,0.000,11.1,17.2,2.5,277,13,,,,,,11.1,17.2,2.5,277,13,874,29.66,,0,0,0,36.5,40.6,42.1,0.37,0.36,0.33
WEST,2016-04-05 14:05:00 EDT,43.10647,-75.46146,655,27.9,27.9,16.6,29.2,-0.1,0.000,0.000,0.00,0.000,14.5,19.4,2.7,271,10,,,,,,14.5,19.4,2.7,271,10,871,29.66,,0,0,0,36.5,40.6,42.1,0.37,0.36,0.33
WEST,2016-04-05 14:10:00 EDT,43.10647,-75.46146,655,28.0,27.9,17.3,30.2,0.6,0.000,0.000,0.00,0.000,12.9,18.5,2.3,272,10,,,,,,12.9,18.5,2.3,272,10,866,29.66,,0,0,0,36.5,40.6,42.1,0.37,0.36,0.33
WEST,2016-04-05 14:15:00 EDT,43.10647,-75.46146,655,28.2,28.1,17.7,30.9,1.3,0.000,0.000,0.00,0.000,12.7,19.0,2.5,274,10,,,,,,12.7,19.0,2.5,274,10,859,29.66,,0,0,0,36.5,40.6,42.0,0.37,0.36,0.33
WEST,2016-04-05 14:20:00 EDT,43.10647,-75.46146,655,28.0,27.9,18.0,30.3,0.7,0.000,0.000,0.00,0.000,11.4,16.4,2.1,283,13,,,,,,11.4,16.4,2.1,283,13,853,29.66,,0,0,0,36.5,40.6,42.1,0.37,0.36,0.33
WEST,2016-04-05 14:25:00 EDT,43.10647,-75.46146,655,28.3,28.3,18.5,29.1,0.1,0.000,0.000,0.00,0.000,11.3,15.2,1.9,287,12,,,,,,11.3,15.2,1.9,287,12,847,29.66,,0,0,0,36.5,40.6,42.1,0.37,0.36,0.33
WEST,2016-04-05 14:30:00 EDT,43.10647,-75.46146,655,28.2,28.1,17.7,30.1,0.7,0.000,0.000,0.00,0.000,12.7,20.5,2.9,279,9,,,,,,12.7,20.5,2.9,279,9,842,29.66,,0,0,0,36.5,40.6,42.0,0.37,0.36,0.33
WEST,2016-04-05 14:35:00 EDT,43.10647,-75.46146,655,28.2,28.2,17.2,30.6,1.1,0.000,0.000,0.00,0.000,13.9,20.9,3.0,275,12,,,,,,13.9,20.9,3.0,275,12,834,29.66,,0,0,0,36.5,40.6,42.0,0.37,0.36,0.33
WEST,2016-04-05 14:40:00 EDT,43.10647,-75.46146,655,28.1,28.1,16.8,31.0,1.3,0.000,0.000,0.00,0.000,14.6,20.2,2.6,269,10,,,,,,14.6,20.2,2.6,269,10,826,29.65,,0,0,0,36.4,40.5,42.0,0.37,0.36,0.33
WEST,2016-04-05 14:45:00 EDT,43.10647,-75.46146,655,28.4,28.3,18.1,30.0,0.9,0.000,0.000,0.00,0.000,12.4,18.9,2.8,279,12,,,,,,12.4,18.9,2.8,279,12,818,29.65,,0,0,0,36.4,40.5,42.1,0.37,0.36,0.33
WEST,2016-04-05 14:50:00 EDT,43.10647,-75.46146,655,28.6,28.5,18.3,30.0,1.1,0.000,0.000,0.00,0.000,12.4,18.9,2.4,276,11,,,,,,12.4,18.9,2.4,276,11,810,29.65,,0,0,0,36.5,40.5,42.0,0.37,0.36,0.33
WEST,2016-04-05 14:55:00 EDT,43.10647,-75.46146,655,28.2,28.2,17.6,30.9,1.4,0.000,0.000,0.00,0.000,12.9,17.6,2.5,280,15,,,,,,12.9,17.6,2.5,280,15,801,29.65,,0,0,0,36.5,40.5,42.0,0.37,0.36,0.33
WEST,2016-04-05 15:00:00 EDT,43.10647,-75.46146,655,28.1,27.9,16.9,30.5,0.9,0.000,0.000,0.00,0.000,14.1,18.2,2.5,266,9,,,,,,14.1,18.2,2.5,266,9,793,29.65,,0,0,0,36.4,40.5,42.0,0.37,0.36,0.33
WEST,2016-04-05 15:05:00 EDT,43.10647,-75.46146,655,28.5,28.4,17.4,30.8,1.5,0.000,0.000,0.00,0.000,14.3,19.9,2.4,260,17,,,,,,14.3,19.9,2.4,260,17,783,29.65,,0,0,0,36.5,40.5,42.0,0.37,0.36,0.33
WEST,2016-04-05 15:10:00 EDT,43.10647,-75.46146,655,28.5,28.5,18.3,31.0,1.7,0.000,0.000,0.00,0.000,12.3,16.7,2.2,278,10,,,,,,12.3,16.7,2.2,278,10,773,29.65,,0,0,0,36.4,40.5,42.0,0.37,0.36,0.33
WEST,2016-04-05 15:15:00 EDT,43.10647,-75.46146,655,28.6,28.6,17.9,31.3,2.0,0.000,0.000,0.00,0.000,13.6,21.1,4.1,274,13,,,,,,13.6,21.1,4.1,274,13,763,29.65,,0,0,0,36.4,40.5,42.0,0.37,0.36,0.33
WEST,2016-04-05 15:20:00 EDT,43.10647,-75.46146,655,28.2,28.1,17.1,30.7,1.2,0.000,0.000,0.00,0.000,14.1,19.0,2.1,271,11,,,,,,14.1,19.0,2.1,271,11,752,29.65,,0,0,0,36.4,40.5,42.0,0.37,0.36,0.33
WEST,2016-04-05 15:25:00 EDT,43.10647,-75.46146,655,28.3,28.3,18.1,31.3,1.7,0.000,0.000,0.00,0.000,12.2,20.2,2.9,271,16,,,,,,12.2,20.2,2.9,271,16,742,29.65,,0,0,0,36.4,40.5,42.0,0.37,0.36,0.33
WEST,2016-04-05 15:30:00 EDT,43.10647,-75.46146,655,28.6,28.5,18.4,32.7,2.9,0.000,0.000,0.00,0.000,12.2,18.5,2.6,268,13,,,,,,12.2,18.5,2.6,268,13,731,29.65,,0,0,0,36.4,40.5,42.0,0.37,0.36,0.33
WEST,2016-04-05 15:35:00 EDT,43.10647,-75.46146,655,28.5,28.4,16.8,32.4,2.6,0.000,0.000,0.00,0.000,15.6,23.2,3.6,260,13,,,,,,15.6,23.2,3.6,260,13,719,29.65,,0,0,0,36.4,40.5,42.0,0.37,0.36,0.33
WEST,2016-04-05 15:40:00 EDT,43.10647,-75.46146,655,28.4,28.4,17.3,32.6,2.7,0.000,0.000,0.00,0.000,14.2,21.3,2.2,275,11,,,,,,14.2,21.3,2.2,275,11,707,29.65,,0,0,0,36.4,40.5,42.0,0.37,0.36,0.33
WEST,2016-04-05 15:45:00 EDT,43.10647,-75.46146,655,28.3,28.3,16.8,32.6,2.5,0.000,0.000,0.00,0.000,15.0,22.9,3.4,266,12,,,,,,15.0,22.9,3.4,266,12,695,29.65,,0,0,0,36.4,40.5,42.0,0.37,0.36,0.33
WEST,2016-04-05 15:50:00 EDT,43.10647,-75.46146,655,28.2,28.2,16.5,32.4,2.3,0.000,0.000,0.00,0.000,15.5,21.1,2.7,270,11,,,,,,15.5,21.1,2.7,270,11,682,29.65,,0,0,0,36.4,40.5,42.0,0.37,0.36,0.33
WEST,2016-04-05 15:55:00 EDT,43.10647,-75.46146,655,28.4,28.4,17.8,32.7,2.7,0.000,0.000,0.00,0.000,13.0,17.9,2.3,274,15,,,,,,13.0,17.9,2.3,274,15,670,29.65,,0,0,0,36.4,40.5,42.0,0.37,0.36,0.33
WEST,2016-04-05 16:00:00 EDT,43.10647,-75.46146,655,28.4,28.4,17.6,32.1,2.3,0.000,0.000,0.00,0.000,13.5,21.2,2.6,268,10,,,,,,13.5,21.2,2.6,268,10,657,29.65,,0,0,0,36.3,40.5,42.0,0.37,0.36,0.33
WEST,2016-04-05 16:05:00 EDT,43.10647,-75.46146,655,28.2,28.2,16.0,32.3,2.2,0.000,0.000,0.00,0.000,16.8,21.1,2.5,270,12,,,,,,16.8,21.1,2.5,270,12,644,29.65,,0,0,0,36.3,40.5,42.0,0.37,0.36,0.33
WEST,2016-04-05 16:10:00 EDT,43.10647,-75.46146,655,28.2,28.3,17.8,32.9,2.7,0.000,0.000,0.00,0.000,12.4,18.8,2.8,284,13,,,,,,12.4,18.8,2.8,284,13,630,29.65,,0,0,0,36.4,40.5,42.0,0.37,0.36,0.33
WEST,2016-04-05 16:15:00 EDT,43.10647,-75.46146,655,28.3,28.3,16.6,32.8,2.7,0.000,0.000,0.00,0.000,15.6,21.2,2.7,273,10,,,,,,15.6,21.2,2.7,273,10,617,29.65,,0,0,0,36.3,40.5,42.0,0.37,0.36,0.33
WEST,2016-04-05 16:20:00 EDT,43.10647,-75.46146,655,28.2,28.2,16.5,32.0,2.0,0.000,0.000,0.00,0.000,15.5,21.4,2.6,277,10,,,,,,15.5,21.4,2.6,277,10,602,29.65,,0,0,0,36.4,40.5,41.9,0.37,0.36,0.33
WEST,2016-04-05 16:25:00 EDT,43.10647,-75.46146,655,28.0,28.0,15.9,32.0,1.9,0.000,0.000,0.00,0.000,16.3,22.9,2.9,276,12,,,,,,16.3,22.9,2.9,276,12,587,29.65,,0,0,0,36.3,40.4,41.9,0.37,0.36,0.33
WEST,2016-04-05 16:30:00 EDT,43.10647,-75.46146,655,28.0,28.1,16.7,33.2,2.8,0.000,0.000,0.00,0.000,14.6,22.9,3.7,274,12,,,,,,14.6,22.9,3.7,274,12,573,29.65,,0,0,0,36.3,40.5,41.9,0.37,0.36,0.33
WEST,2016-04-05 16:35:00 EDT,43.10647,-75.46146,655,27.9,27.9,16.0,31.7,1.6,0.000,0.000,0.00,0.000,15.9,23.1,3.1,270,11,,,,,,15.9,23.1,3.1,270,11,559,29.65,,0,0,0,36.3,40.4,41.9,0.37,0.36,0.33
WEST,2016-04-05 16:40:00 EDT,43.10647,-75.46146,655,27.8,27.8,15.8,31.4,1.3,0.000,0.000,0.00,0.000,16.0,21.4,3.0,267,9,,,,,,16.0,21.4,3.0,267,9,544,29.65,,0,0,0,36.3,40.4,41.9,0.37,0.36,0.33
WEST,2016-04-05 16:45:00 EDT,43.10647,-75.46146,655,27.9,27.9,16.4,31.8,1.7,0.000,0.000,0.00,0.000,14.8,19.4,2.5,276,12,,,,,,14.8,19.4,2.5,276,12,528,29.65,,0,0,0,36.3,40.4,41.9,0.37,0.36,0.33
WEST,2016-04-05 16:50:00 EDT,43.10647,-75.46146,655,27.7,27.7,15.6,30.5,0.6,0.000,0.000,0.00,0.000,16.2,22.6,2.5,273,11,,,,,,16.2,22.6,2.5,273,11,513,29.65,,0,0,0,36.3,40.4,41.9,0.37,0.36,0.33
WEST,2016-04-05 16:55:00 EDT,43.10647,-75.46146,655,27.6,27.7,16.3,31.0,0.9,0.000,0.000,0.00,0.000,14.2,20.3,2.9,270,9,,,,,,14.2,20.3,2.9,270,9,497,29.65,,0,0,0,36.3,40.4,41.9,0.37,0.36,0.33
WEST,2016-04-05 17:00:00 EDT,43.10647,-75.46146,655,27.5,27.6,16.0,31.1,0.9,0.000,0.000,0.00,0.000,14.6,21.6,2.7,268,9,,,,,,14.6,21.6,2.7,268,9,481,29.65,,0,0,0,36.3,40.4,41.9,0.37,0.36,0.33
WEST,2016-04-05 17:05:00 EDT,43.10647,-75.46146,655,27.6,27.7,17.0,31.8,1.5,0.000,0.000,0.00,0.000,12.5,18.8,2.4,274,11,,,,,,12.5,18.8,2.4,274,11,464,29.66,,0,0,0,36.3,40.4,41.9,0.37,0.36,0.33
WEST,2016-04-05 17:10:00 EDT,43.10647,-75.46146,655,27.5,27.6,15.5,31.3,1.0,0.000,0.000,0.00,0.000,15.8,22.1,2.9,276,11,,,,,,15.8,22.1,2.9,276,11,447,29.66,,0,0,0,36.3,40.4,41.9,0.37,0.36,0.33
WEST,2016-04-05 17:15:00 EDT,43.10647,-75.46146,655,27.4,27.5,15.6,32.0,1.4,0.000,0.000,0.00,0.000,15.2,21.2,2.4,270,11,,,,,,15.2,21.2,2.4,270,11,431,29.66,,0,0,0,36.3,40.4,41.9,0.37,0.36,0.33
WEST,2016-04-05 17:20:00 EDT,43.10647,-75.46146,655,27.5,27.6,16.8,33.8,2.7,0.000,0.000,0.00,0.000,12.8,18.5,2.1,268,10,,,,,,12.8,18.5,2.1,268,10,414,29.66,,0,0,0,36.3,40.4,41.9,0.37,0.36,0.33
WEST,2016-04-05 17:25:00 EDT,43.10647,-75.46146,655,27.4,27.5,16.0,33.9,2.6,0.000,0.000,0.00,0.000,14.2,19.3,1.9,270,10,,,,,,14.2,19.3,1.9,270,10,398,29.66,,0,0,0,36.3,40.4,41.9,0.37,0.36,0.33
WEST,2016-04-05 17:30:00 EDT,43.10647,-75.46146,655,27.3,27.5,15.6,33.3,2.2,0.000,0.000,0.00,0.000,15.2,21.6,2.8,264,10,,,,,,15.2,21.6,2.8,264,10,381,29.66,,0,0,0,36.3,40.4,41.9,0.37,0.36,0.33
WEST,2016-04-05 17:35:00 EDT,43.10647,-75.46146,655,27.2,27.4,16.0,33.5,2.2,0.000,0.000,0.00,0.000,13.9,19.7,2.2,274,10,,,,,,13.9,19.7,2.2,274,10,364,29.66,,0,0,0,36.3,40.4,41.9,0.37,0.36,0.33
WEST,2016-04-05 17:40:00 EDT,43.10647,-75.46146,655,27.2,27.3,15.3,33.4,2.1,0.000,0.000,0.00,0.000,15.4,20.2,2.4,275,12,,,,,,15.4,20.2,2.4,275,12,347,29.66,,0,0,0,36.3,40.4,41.9,0.37,0.36,0.33
WEST,2016-04-05 17:45:00 EDT,43.10647,-75.46146,655,27.1,27.3,15.6,32.7,1.6,0.000,0.000,0.00,0.000,14.3,20.2,2.8,273,11,,,,,,14.3,20.2,2.8,273,11,329,29.66,,0,0,0,36.3,40.3,41.9,0.37,0.36,0.33
WEST,2016-04-05 17:50:00 EDT,43.10647,-75.46146,655,27.2,27.4,16.3,33.0,1.9,0.000,0.000,0.00,0.000,13.1,17.3,2.4,277,12,,,,,,13.1,17.3,2.4,277,12,312,29.66,,0,0,0,36.3,40.3,41.9,0.37,0.36,0.33
WEST,2016-04-05 17:55:00 EDT,43.10647,-75.46146,655,27.1,27.3,16.3,33.2,1.9,0.000,0.000,0.00,0.000,12.6,17.2,2.0,274,12,,,,,,12.6,17.2,2.0,274,12,295,29.66,,0,0,0,36.3,40.3,41.9,0.37,0.36,0.33
WEST,2016-04-05 18:00:00 EDT,43.10647,-75.46146,655,27.1,27.3,17.1,34.1,2.5,0.000,0.000,0.00,0.000,11.1,17.9,2.6,264,10,,,,,,11.1,17.9,2.6,264,10,278,29.66,,0,0,0,36.3,40.3,41.9,0.37,0.36,0.33
WEST,2016-04-05 18:05:00 EDT,43.10647,-75.46146,655,27.1,27.3,16.9,33.6,2.1,0.000,0.000,0.00,0.000,11.4,18.4,2.3,269,12,,,,,,11.4,18.4,2.3,269,12,261,29.66,,0,0,0,36.3,40.3,41.9,0.37,0.36,0.33
WEST,2016-04-05 18:10:00 EDT,43.10647,-75.46146,655,27.0,27.3,16.4,33.6,2.1,0.000,0.000,0.00,0.000,12.3,19.8,2.5,262,11,,,,,,12.3,19.8,2.5,262,11,244,29.66,,0,0,0,36.3,40.3,41.9,0.37,0.36,0.33
WEST,2016-04-05 18:15:00 EDT,43.10647,-75.46146,655,27.0,27.2,16.1,34.5,2.6,0.000,0.000,0.00,0.000,12.8,19.0,2.5,267,12,,,,,,12.8,19.0,2.5,267,12,228,29.66,,0,0,0,36.3,40.3,41.9,0.37,0.36,0.33
WEST,2016-04-05 18:20:00 EDT,43.10647,-75.46146,655,26.8,27.1,17.3,35.5,3.1,0.000,0.000,0.00,0.000,10.0,13.9,1.6,271,12,,,,,,10.0,13.9,1.6,271,12,211,29.66,,0,0,0,36.3,40.3,41.9,0.37,0.36,0.33
WEST,2016-04-05 18:25:00 EDT,43.10647,-75.46146,655,26.9,27.1,16.0,35.0,2.8,0.000,0.000,0.00,0.000,12.6,18.0,2.0,266,11,,,,,,12.6,18.0,2.0,266,11,194,29.66,,0,0,0,36.3,40.3,41.9,0.37,0.36,0.33
WEST,2016-04-05 18:30:00 EDT,43.10647,-75.46146,655,26.9,27.1,16.7,34.9,2.8,0.000,0.000,0.00,0.000,11.2,15.3,1.9,267,10,,,,,,11.2,15.3,1.9,267,10,178,29.66,,0,0,0,36.3,40.3,41.9,0.37,0.36,0.33
WEST,2016-04-05 18:35:00 EDT,43.10647,-75.46146,655,26.8,27.1,17.2,36.0,3.4,0.000,0.000,0.00,0.000,10.2,16.7,2.3,270,10,,,,,,10.2,16.7,2.3,270,10,162,29.66,,0,0,0,36.3,40.3,41.9,0.37,0.36,0.33
WEST,2016-04-05 18:40:00 EDT,43.10647,-75.46146,655,26.7,26.9,16.2,35.2,2.8,0.000,0.000,0.00,0.000,11.7,15.3,1.8,269,11,,,,,,11.7,15.3,1.8,269,11,147,29.66,,0,0,0,36.3,40.3,41.9,0.37,0.36,0.33
WEST,2016-04-05 18:45:00 EDT,43.10647,-75.46146,655,26.5,26.8,16.6,36.8,3.6,0.000,0.000,0.00,0.000,10.5,15.4,1.8,272,11,,,,,,10.5,15.4,1.8,272,11,131,29.66,,0,0,0,36.4,40.3,41.8,0.37,0.36,0.33
WEST,2016-04-05 18:50:00 EDT,43.10647,-75.46146,655,26.4,26.7,16.0,36.9,3.6,0.000,0.000,0.00,0.000,11.7,15.9,1.9,265,11,,,,,,11.7,15.9,1.9,265,11,114,29.66,,0,0,0,36.3,40.3,41.8,0.37,0.36,0.33
WEST,2016-04-05 18:55:00 EDT,43.10647,-75.46146,655,26.4,26.6,16.5,36.9,3.5,0.000,0.000,0.00,0.000,10.4,12.9,1.5,272,11,,,,,,10.4,12.9,1.5,272,11,95,29.66,,0,0,0,36.3,40.3,41.8,0.37,0.36,0.33
WEST,2016-04-05 19:00:00 EDT,43.10647,-75.46146,655,26.3,26.6,16.0,37.0,3.6,0.000,0.000,0.00,0.000,11.3,17.2,2.2,277,11,,,,,,11.3,17.2,2.2,277,11,77,29.66,,0,0,0,36.3,40.3,41.9,0.37,0.36,0.33
WEST,2016-04-05 19:05:00 EDT,43.10647,-75.46146,655,26.2,26.5,16.2,37.3,3.6,0.000,0.000,0.00,0.000,10.6,16.8,2.2,274,11,,,,,,10.6,16.8,2.2,274,11,61,29.66,,0,0,0,36.4,40.3,41.9,0.37,0.36,0.33
WEST,2016-04-05 19:10:00 EDT,43.10647,-75.46146,655,26.0,26.4,15.9,37.4,3.5,0.000,0.000,0.00,0.000,10.8,14.3,1.7,277,11,,,,,,10.8,14.3,1.7,277,11,47,29.66,,0,0,0,36.4,40.3,41.9,0.37,0.36,0.33
WEST,2016-04-05 19:15:00 EDT,43.10647,-75.46146,655,25.9,26.3,16.7,37.7,3.6,0.000,0.000,0.00,0.000,9.1,12.1,1.3,280,12,,,,,,9.1,12.1,1.3,280,12,34,29.65,,0,0,0,36.4,40.3,41.9,0.37,0.36,0.33
WEST,2016-04-05 19:20:00 EDT,43.10647,-75.46146,655,25.6,26.1,16.3,38.5,3.8,0.000,0.000,0.00,0.000,9.2,12.1,1.3,279,7,,,,,,9.2,12.1,1.3,279,7,21,29.65,,0,0,0,36.4,40.3,41.8,0.37,0.36,0.33
WEST,2016-04-05 19:25:00 EDT,43.10647,-75.46146,655,25.5,26.0,16.2,38.9,3.9,0.000,0.000,0.00,0.000,9.2,14.4,2.3,291,11,,,,,,9.2,14.4,2.3,291,11,11,29.66,,0,0,0,36.4,40.3,41.9,0.37,0.36,0.33
WEST,2016-04-05 19:30:00 EDT,43.10647,-75.46146,655,25.6,25.9,16.8,38.4,3.6,0.000,0.000,0.00,0.000,8.2,11.3,1.6,294,11,,,,,,8.2,11.3,1.6,294,11,8,29.66,,0,0,0,36.4,40.3,41.8,0.37,0.36,0.33
WEST,2016-04-05 19:35:00 EDT,43.10647,-75.46146,655,25.4,25.8,16.7,38.9,3.8,0.000,0.000,0.00,0.000,8.1,11.2,1.4,288,10,,,,,,8.1,11.2,1.4,288,10,6,29.66,,0,0,0,36.4,40.3,41.8,0.37,0.36,0.33
WEST,2016-04-05 19:40:00 EDT,43.10647,-75.46146,655,25.1,25.6,17.4,40.4,4.4,0.000,0.000,0.00,0.000,6.8,10.6,1.4,281,11,,,,,,6.8,10.6,1.4,281,11,3,29.66,,0,0,0,36.4,40.3,41.8,0.37,0.36,0.33
WEST,2016-04-05 19:45:00 EDT,43.10647,-75.46146,655,24.8,25.4,16.3,42.2,5.1,0.000,0.000,0.00,0.000,7.7,12.9,2.1,274,11,,,,,,7.7,12.9,2.1,274,11,2,29.66,,0,0,0,36.4,40.3,41.8,0.37,0.36,0.33
WEST,2016-04-05 19:50:00 EDT,43.10647,-75.46146,655,24.8,25.3,16.3,43.1,5.4,0.000,0.000,0.00,0.000,7.5,11.1,1.6,280,11,,,,,,7.5,11.1,1.6,280,11,1,29.66,,0,0,0,36.4,40.3,41.8,0.37,0.37,0.33
WEST,2016-04-05 19:55:00 EDT,43.10647,-75.46146,655,24.6,25.1,17.1,43.2,5.4,0.000,0.000,0.00,0.000,6.4,8.8,1.0,282,10,,,,,,6.4,8.8,1.0,282,10,0,29.66,,0,0,0,36.5,40.3,41.8,0.37,0.37,0.33
WEST,2016-04-05 20:00:00 EDT,43.10647,-75.46146,655,24.4,24.9,18.1,43.8,5.5,0.000,0.000,0.00,0.000,5.0,7.6,0.9,287,10,,,,,,5.0,7.6,0.9,287,10,0,29.66,,0,0,0,36.4,40.3,41.8,0.37,0.37,0.33
WEST,2016-04-05 20:05:00 EDT,43.10647,-75.46146,655,24.3,24.8,17.8,44.4,5.7,0.000,0.000,0.00,0.000,5.2,8.1,0.9,289,9,,,,,,5.2,8.1,0.9,289,9,0,29.65,,0,0,0,36.4,40.3,41.8,0.37,0.37,0.33
WEST,2016-04-05 20:10:00 EDT,43.10647,-75.46146,655,24.0,24.7,17.6,44.6,5.5,0.000,0.000,0.00,0.000,5.1,6.5,0.6,278,8,,,,,,5.1,6.5,0.6,278,8,0,29.65,,0,0,0,36.5,40.3,41.8,0.37,0.37,0.33
WEST,2016-04-05 20:15:00 EDT,43.10647,-75.46146,655,23.5,24.5,17.8,45.8,5.6,0.000,0.000,0.00,0.000,4.4,6.0,0.6,275,7,,,,,,4.4,6.0,0.6,275,7,0,29.65,,0,0,0,36.5,40.3,41.8,0.37,0.37,0.33
WEST,2016-04-05 20:20:00 EDT,43.10647,-75.46146,655,23.4,24.5,17.3,45.8,5.6,0.000,0.000,0.00,0.000,4.7,6.1,0.6,275,8,,,,,,4.7,6.1,0.6,275,8,0,29.65,,0,0,0,36.5,40.3,41.8,0.37,0.37,0.33
WEST,2016-04-05 20:25:00 EDT,43.10647,-75.46146,655,23.3,24.4,17.3,45.5,5.3,0.000,0.000,0.00,0.000,4.6,5.8,0.4,270,5,,,,,,4.6,5.8,0.4,270,5,0,29.65,,0,0,0,36.4,40.3,41.7,0.37,0.37,0.33
WEST,2016-04-05 20:30:00 EDT,43.10647,-75.46146,655,23.2,24.2,18.0,45.8,5.3,0.000,0.000,0.00,0.000,3.9,5.3,0.5,271,7,,,,,,3.9,5.3,0.5,271,7,0,29.65,,0,0,0,36.4,40.2,41.8,0.37,0.37,0.33
WEST,2016-04-05 20:35:00 EDT,43.10647,-75.46146,655,23.0,23.9,17.3,46.5,5.5,0.000,0.000,0.00,0.000,4.3,5.6,0.6,273,7,,,,,,4.3,5.6,0.6,273,7,0,29.65,,0,0,0,36.5,40.2,41.8,0.37,0.37,0.33
WEST,2016-04-05 20:40:00 EDT,43.10647,-75.46146,655,22.9,23.8,16.6,46.7,5.5,0.000,0.000,0.00,0.000,4.8,6.3,0.5,275,5,,,,,,4.8,6.3,0.5,275,5,0,29.66,,0,0,0,36.5,40.2,41.7,0.37,0.37,0.33
WEST,2016-04-05 20:45:00 EDT,43.10647,-75.46146,655,22.6,23.7,16.4,47.4,5.6,0.000,0.000,0.00,0.000,4.7,6.1,0.6,276,7,,,,,,4.7,6.1,0.6,276,7,0,29.66,,0,0,0,36.5,40.2,41.8,0.37,0.37,0.33
WEST,2016-04-05 20:50:00 EDT,43.10647,-75.46146,655,22.4,23.6,16.9,47.6,5.5,0.000,0.000,0.00,0.000,4.0,5.9,0.6,271,6,,,,,,4.0,5.9,0.6,271,6,0,29.66,,0,0,0,36.5,40.2,41.7,0.37,0.37,0.33
WEST,2016-04-05 20:55:00 EDT,43.10647,-75.46146,655,22.7,23.6,16.7,46.7,5.4,0.000,0.000,0.00,0.000,4.5,6.5,0.7,270,7,,,,,,4.5,6.5,0.7,270,7,0,29.66,,0,0,0,36.5,40.2,41.7,0.37,0.37,0.33
WEST,2016-04-05 21:00:00 EDT,43.10647,-75.46146,655,22.6,23.6,17.5,46.2,5.0,0.000,0.000,0.00,0.000,3.8,5.2,0.5,268,7,,,,,,3.8,5.2,0.5,268,7,0,29.66,,0,0,0,36.4,40.2,41.7,0.37,0.37,0.33
WEST,2016-04-05 21:05:00 EDT,43.10647,-75.46146,655,22.3,23.4,17.0,46.3,4.7,0.000,0.000,0.00,0.000,3.9,5.0,0.5,270,6,,,,,,3.9,5.0,0.5,270,6,0,29.66,,0,0,0,36.4,40.2,41.7,0.37,0.37,0.33
WEST,2016-04-05 21:10:00 EDT,43.10647,-75.46146,655,21.9,23.2,16.9,47.9,5.2,0.000,0.000,0.00,0.000,3.7,5.4,0.5,272,5,,,,,,3.7,5.4,0.5,272,5,0,29.67,,0,0,0,36.5,40.2,41.7,0.37,0.37,0.33
WEST,2016-04-05 21:15:00 EDT,43.10647,-75.46146,655,22.2,23.2,17.1,47.3,5.1,0.000,0.000,0.00,0.000,3.7,4.7,0.4,263,7,,,,,,3.7,4.7,0.4,263,7,0,29.67,,0,0,0,36.5,40.2,41.7,0.37,0.37,0.33
WEST,2016-04-05 21:20:00 EDT,43.10647,-75.46146,655,21.5,22.8,21.5,48.3,5.0,0.000,0.000,0.00,0.000,2.9,3.7,0.3,249,5,,,,,,2.9,3.7,0.3,249,5,0,29.67,,0,0,0,36.5,40.2,41.7,0.37,0.37,0.33
WEST,2016-04-05 21:25:00 EDT,43.10647,-75.46146,655,21.4,22.7,21.4,48.9,5.1,0.000,0.000,0.00,0.000,2.2,3.2,0.4,246,7,,,,,,2.2,3.2,0.4,246,7,0,29.67,,0,0,0,36.4,40.2,41.7,0.37,0.37,0.33
WEST,2016-04-05 21:30:00 EDT,43.10647,-75.46146,655,20.9,22.3,20.9,50.2,5.3,0.000,0.000,0.00,0.000,2.5,3.3,0.3,256,5,,,,,,2.5,3.3,0.3,256,5,0,29.67,,0,0,0,36.5,40.2,41.7,0.37,0.37,0.34
WEST,2016-04-05 21:35:00 EDT,43.10647,-75.46146,655,20.4,22.7,15.5,51.9,5.5,0.000,0.000,0.00,0.000,3.4,4.7,0.5,267,6,,,,,,3.4,4.7,0.5,267,6,0,29.67,,0,0,0,36.5,40.2,41.7,0.37,0.37,0.33
WEST,2016-04-05 21:40:00 EDT,43.10647,-75.46146,655,20.0,22.5,15.4,53.7,5.9,0.000,0.000,0.00,0.000,3.2,4.7,0.4,271,6,,,,,,3.2,4.7,0.4,271,6,0,29.67,,0,0,0,36.5,40.2,41.7,0.37,0.37,0.34
WEST,2016-04-05 21:45:00 EDT,43.10647,-75.46146,655,20.4,22.2,20.4,52.1,5.7,0.000,0.000,0.00,0.000,2.7,3.4,0.4,279,4,,,,,,2.7,3.4,0.4,279,4,0,29.67,,0,0,0,36.5,40.2,41.7,0.37,0.37,0.33
WEST,2016-04-05 21:50:00 EDT,43.10647,-75.46146,655,17.6,21.5,17.6,55.1,4.2,0.000,0.000,0.00,0.000,2.2,2.6,0.2,264,15,,,,,,2.2,2.6,0.2,264,15,0,29.67,,0,0,0,36.5,40.2,41.7,0.37,0.37,0.33
WEST,2016-04-05 21:55:00 EDT,43.10647,-75.46146,655,16.5,20.6,16.5,67.5,7.7,0.000,0.000,0.00,0.000,2.6,3.4,0.4,199,9,,,,,,2.6,3.4,0.4,199,9,0,29.67,,0,0,0,36.5,40.2,41.7,0.37,0.37,0.33
WEST,2016-04-05 22:00:00 EDT,43.10647,-75.46146,655,17.0,21.2,17.0,71.4,9.3,0.000,0.000,0.00,0.000,1.0,2.3,0.5,248,29,,,,,,1.0,2.3,0.5,248,29,0,29.67,,0,0,0,36.4,40.1,41.7,0.37,0.37,0.33
WEST,2016-04-05 22:05:00 EDT,43.10647,-75.46146,655,19.0,21.3,19.0,56.9,6.3,0.000,0.000,0.00,0.000,1.2,2.9,0.4,267,19,,,,,,1.2,2.9,0.4,267,19,0,29.67,,0,0,0,36.4,40.1,41.7,0.37,0.37,0.33
WEST,2016-04-05 22:10:00 EDT,43.10647,-75.46146,655,17.0,20.7,17.0,60.0,5.5,0.000,0.000,0.00,0.000,1.2,2.5,0.7,235,14,,,,,,1.2,2.5,0.7,235,14,0,29.67,,0,0,0,36.4,40.1,41.7,0.37,0.37,0.33
WEST,2016-04-05 22:15:00 EDT,43.10647,-75.46146,655,15.7,19.5,15.7,63.0,5.4,0.000,0.000,0.00,0.000,0.1,0.5,0.2,171,16,,,,,,0.1,0.5,0.2,171,16,0,29.67,,0,0,0,36.5,40.1,41.7,0.37,0.37,0.33
WEST,2016-04-05 22:20:00 EDT,43.10647,-75.46146,655,15.3,18.7,15.3,64.0,5.3,0.000,0.000,0.00,0.000,0.4,0.9,0.3,152,0,,,,,,0.4,0.9,0.3,152,0,0,29.67,,0,0,0,36.4,40.1,41.7,0.37,0.37,0.33
WEST,2016-04-05 22:25:00 EDT,43.10647,-75.46146,655,15.6,18.5,15.6,66.1,6.3,0.000,0.000,0.00,0.000,0.3,1.1,0.4,152,0,,,,,,0.3,1.1,0.4,152,0,0,29.67,,0,0,0,36.4,40.1,41.7,0.37,0.37,0.33
WEST,2016-04-05 22:30:00 EDT,43.10647,-75.46146,655,16.7,18.4,16.7,65.8,7.3,0.000,0.000,0.00,0.000,0.8,1.3,0.3,111,14,,,,,,0.8,1.3,0.3,111,14,0,29.67,,0,0,0,36.4,40.1,41.7,0.37,0.37,0.33
WEST,2016-04-05 22:35:00 EDT,43.10647,-75.46146,655,14.1,17.8,14.1,63.5,4.0,0.000,0.000,0.00,0.000,1.0,1.3,0.1,159,3,,,,,,1.0,1.3,0.1,159,3,0,29.67,,0,0,0,36.4,40.1,41.7,0.37,0.37,0.33
WEST,2016-04-05 22:40:00 EDT,43.10647,-75.46146,655,15.6,17.5,15.6,68.9,7.2,0.000,0.000,0.00,0.000,0.2,0.9,0.3,164,3,,,,,,0.2,0.9,0.3,164,3,0,29.66,,0,0,0,36.4,40.1,41.7,0.37,0.37,0.33
WEST,2016-04-05 22:45:00 EDT,43.10647,-75.46146,655,16.0,17.5,16.0,70.9,8.2,0.000,0.000,0.00,0.000,0.0,0.0,0.0,0,0,,,,,,0.0,0.0,0.0,0,0,0,29.66,,0,0,0,36.4,40.1,41.7,0.37,0.37,0.33
WEST,2016-04-05 22:50:00 EDT,43.10647,-75.46146,655,16.1,17.1,16.1,69.7,7.9,0.000,0.000,0.00,0.000,0.1,0.9,0.3,242,4,,,,,,0.1,0.9,0.3,242,4,0,29.66,,0,0,0,36.4,40.1,41.7,0.37,0.37,0.33
WEST,2016-04-05 22:55:00 EDT,43.10647,-75.46146,655,15.5,16.9,15.5,68.5,7.0,0.000,0.000,0.00,0.000,0.5,0.9,0.4,240,6,,,,,,0.5,0.9,0.4,240,6,0,29.66,,0,0,0,36.4,40.1,41.7,0.37,0.37,0.33
WEST,2016-04-05 23:00:00 EDT,43.10647,-75.46146,655,15.6,17.5,15.6,70.5,7.7,0.000,0.000,0.00,0.000,0.0,0.0,0.0,0,0,,,,,,0.0,0.0,0.0,0,0,0,29.66,,0,0,0,36.4,40.1,41.7,0.37,0.37,0.33
WEST,2016-04-05 23:05:00 EDT,43.10647,-75.46146,655,16.3,17.5,16.3,70.8,8.5,0.000,0.000,0.00,0.000,0.0,0.0,0.0,0,0,,,,,,0.0,0.0,0.0,0,0,0,29.66,,0,0,0,36.3,40.1,41.7,0.37,0.37,0.33
WEST,2016-04-05 23:10:00 EDT,43.10647,-75.46146,655,14.0,16.9,14.0,69.0,5.7,0.000,0.000,0.00,0.000,0.0,0.0,0.0,0,0,,,,,,0.0,0.0,0.0,0,0,0,29.65,,0,0,0,36.3,40.1,41.7,0.37,0.37,0.33
WEST,2016-04-05 23:15:00 EDT,43.10647,-75.46146,655,14.4,16.7,14.4,72.4,7.2,0.000,0.000,0.00,0.000,0.0,0.0,0.0,0,0,,,,,,0.0,0.0,0.0,0,0,0,29.65,,0,0,0,36.3,40.1,41.7,0.37,0.37,0.33
WEST,2016-04-05 23:20:00 EDT,43.10647,-75.46146,655,14.0,16.6,14.0,74.4,7.3,0.000,0.000,0.00,0.000,0.0,0.4,0.1,248,0,,,,,,0.0,0.4,0.1,248,0,0,29.65,,0,0,0,36.3,40.1,41.7,0.37,0.37,0.33
WEST,2016-04-05 23:25:00 EDT,43.10647,-75.46146,655,13.3,16.2,13.3,77.0,7.4,0.000,0.000,0.00,0.000,0.0,0.4,0.1,248,0,,,,,,0.0,0.4,0.1,248,0,0,29.65,,0,0,0,36.3,40.1,41.7,0.37,0.37,0.33
WEST,2016-04-05 23:30:00 EDT,43.10647,-75.46146,655,14.0,16.5,14.0,78.7,8.6,0.000,0.000,0.00,0.000,0.7,1.8,0.8,275,7,,,,,,0.7,1.8,0.8,275,7,0,29.65,,0,0,0,36.3,40.1,41.7,0.37,0.37,0.33
WEST,2016-04-05 23:35:00 EDT,43.10647,-75.46146,655,14.4,16.3,14.4,77.9,8.7,0.000,0.000,0.00,0.000,1.8,2.6,0.3,264,3,,,,,,1.8,2.6,0.3,264,3,0,29.65,,0,0,0,36.3,40.1,41.7,0.37,0.37,0.33
WEST,2016-04-05 23:40:00 EDT,43.10647,-75.46146,655,15.0,16.5,15.0,74.2,8.3,0.000,0.000,0.00,0.000,1.3,1.7,0.2,279,3,,,,,,1.3,1.7,0.2,279,3,0,29.65,,0,0,0,36.3,40.1,41.7,0.37,0.37,0.33
WEST,2016-04-05 23:45:00 EDT,43.10647,-75.46146,655,15.1,16.6,15.1,72.1,7.7,0.000,0.000,0.00,0.000,1.3,1.5,0.1,288,8,,,,,,1.3,1.5,0.1,288,8,0,29.65,,0,0,0,36.3,40.1,41.7,0.37,0.37,0.33
WEST,2016-04-05 23:50:00 EDT,43.10647,-75.46146,655,13.8,16.2,13.8,71.1,6.2,0.000,0.000,0.00,0.000,1.4,1.7,0.1,275,6,,,,,,1.4,1.7,0.1,275,6,0,29.65,,0,0,0,36.3,40.1,41.7,0.37,0.37,0.33
WEST,2016-04-05 23:55:00 EDT,43.10647,-75.46146,655,11.3,15.7,11.3,76.7,5.4,0.000,0.000,0.00,0.000,1.1,1.4,0.1,256,14,,,,,,1.1,1.4,0.1,256,14,0,29.65,,0,0,0,36.3,40.1,41.7,0.37,0.37,0.33
WFMB,2016-04-05 00:00:00 EDT,44.39323,-73.85883,2016,12.4,14.2,4.6,53.8,-1.1,0.000,0.063,0.00,0.000,4.6,9.8,1.4,269,18,,,,,,4.6,9.8,1.4,269,18,0,27.92,,0,0,0,34.0,37.4,39.2,0.27,0.25,0.31
WFMB,2016-04-05 00:05:00 EDT,44.39323,-73.85883,2016,12.5,14.3,4.7,53.4,-1.2,0.000,0.000,0.00,0.000,4.6,7.7,1.3,269,16,,,,,,4.6,7.7,1.3,269,16,0,27.92,,0,0,0,34.0,37.4,39.2,0.26,0.25,0.31
WFMB,2016-04-05 00:10:00 EDT,44.39323,-73.85883,2016,12.4,14.2,5.7,53.5,-1.3,0.000,0.000,0.00,0.000,3.8,8.8,1.5,273,18,,,,,,3.8,8.8,1.5,273,18,0,27.92,,0,0,0,34.0,37.4,39.2,0.26,0.25,0.31
WFMB,2016-04-05 00:15:00 EDT,44.39323,-73.85883,2016,12.2,14.0,5.9,52.7,-1.7,0.000,0.000,0.00,0.000,3.6,7.4,1.1,269,22,,,,,,3.6,7.4,1.1,269,22,0,27.92,,0,0,0,34.0,37.4,39.2,0.27,0.25,0.30
WFMB,2016-04-05 00:20:00 EDT,44.39323,-73.85883,2016,12.4,14.0,6.0,53.0,-1.5,0.000,0.000,0.00,0.000,3.7,6.1,1.0,277,18,,,,,,3.7,6.1,1.0,277,18,0,27.92,,0,0,0,34.0,37.4,39.2,0.27,0.25,0.31
WFMB,2016-04-05 00:25:00 EDT,44.39323,-73.85883,2016,12.2,14.0,5.2,53.8,-1.4,0.000,0.000,0.00,0.000,4.0,7.9,1.3,267,18,,,,,,4.0,7.9,1.3,267,18,0,27.92,,0,0,0,34.0,37.4,39.2,0.26,0.25,0.31
WFMB,2016-04-05 00:30:00 EDT,44.39323,-73.85883,2016,12.4,14.1,5.4,54.0,-1.1,0.000,0.000,0.00,0.000,4.0,7.5,1.1,269,17,,,,,,4.0,7.5,1.1,269,17,0,27.92,,0,0,0,34.0,37.3,39.2,0.26,0.25,0.31
WFMB,2016-04-05 00:35:00 EDT,44.39323,-73.85883,2016,12.4,14.0,6.2,53.7,-1.2,0.000,0.000,0.00,0.000,3.6,6.9,1.4,273,19,,,,,,3.6,6.9,1.4,273,19,0,27.92,,0,0,0,34.0,37.3,39.2,0.26,0.25,0.31
WFMB,2016-04-05 00:40:00 EDT,44.39323,-73.85883,2016,12.2,14.0,5.4,54.6,-1.1,0.000,0.000,0.00,0.000,3.8,9.2,1.6,271,22,,,,,,3.8,9.2,1.6,271,22,0,27.93,,0,0,0,34.0,37.2,39.2,0.26,0.25,0.31
WFMB,2016-04-05 00:45:00 EDT,44.39323,-73.85883,2016,12.3,13.8,5.9,54.7,-1.0,0.000,0.000,0.00,0.000,3.6,8.3,1.3,276,17,,,,,,3.6,8.3,1.3,276,17,0,27.93,,0,0,0,34.0,37.2,39.2,0.26,0.25,0.31
WFMB,2016-04-05 00:50:00 EDT,44.39323,-73.85883,2016,12.3,13.7,5.2,54.4,-1.1,0.000,0.000,0.00,0.000,4.1,6.9,1.2,270,17,,,,,,4.1,6.9,1.2,270,17,0,27.93,,0,0,0,34.0,37.2,39.2,0.26,0.25,0.31
WFMB,2016-04-05 00:55:00 EDT,44.39323,-73.85883,2016,12.4,13.8,5.4,54.0,-1.1,0.000,0.000,0.00,0.000,4.0,7.3,1.2,278,20,,,,,,4.0,7.3,1.2,278,20,0,27.93,,0,0,0,34.0,37.2,39.2,0.26,0.25,0.31
WFMB,2016-04-05 01:00:00 EDT,44.39323,-73.85883,2016,12.3,13.8,5.0,54.4,-1.1,0.000,0.000,0.00,0.000,4.2,8.9,1.3,269,22,,,,,,4.2,8.9,1.3,269,22,0,27.93,,0,0,0,34.0,37.2,39.2,0.26,0.25,0.30
WFMB,2016-04-05 01:05:00 EDT,44.39323,-73.85883,2016,12.5,13.7,6.0,53.8,-1.1,0.000,0.000,0.00,0.000,3.7,7.5,1.6,280,21,,,,,,3.7,7.5,1.6,280,21,0,27.93,,0,0,0,34.0,37.2,39.2,0.27,0.25,0.31
WFMB,2016-04-05 01:10:00 EDT,44.39323,-73.85883,2016,12.5,13.7,5.3,52.9,-1.5,0.000,0.000,0.00,0.000,4.2,7.8,1.4,274,17,,,,,,4.2,7.8,1.4,274,17,0,27.93,,0,0,0,34.0,37.2,39.2,0.27,0.25,0.31
WFMB,2016-04-05 01:15:00 EDT,44.39323,-73.85883,2016,12.4,13.6,5.1,53.4,-1.4,0.000,0.000,0.00,0.000,4.2,8.6,1.4,274,17,,,,,,4.2,8.6,1.4,274,17,0,27.93,,0,0,0,34.0,37.2,39.2,0.27,0.25,0.30
WFMB,2016-04-05 01:20:00 EDT,44.39323,-73.85883,2016,11.8,13.6,4.0,54.4,-1.5,0.000,0.000,0.00,0.000,4.5,7.7,1.2,265,19,,,,,,4.5,7.7,1.2,265,19,0,27.93,,0,0,0,34.0,37.2,39.2,0.27,0.25,0.31
WFMB,2016-04-05 01:25:00 EDT,44.39323,-73.85883,2016,12.0,13.6,4.1,54.4,-1.3,0.000,0.000,0.00,0.000,4.7,9.8,1.8,267,21,,,,,,4.7,9.8,1.8,267,21,0,27.93,,0,0,0,34.0,37.2,39.2,0.26,0.25,0.30
WFMB,2016-04-05 01:30:00 EDT,44.39323,-73.85883,2016,12.0,13.5,5.2,54.0,-1.4,0.000,0.000,0.00,0.000,3.9,8.5,1.2,270,22,,,,,,3.9,8.5,1.2,270,22,0,27.93,,0,0,0,34.0,37.2,39.2,0.26,0.25,0.30
WFMB,2016-04-05 01:35:00 EDT,44.39323,-73.85883,2016,12.1,13.6,4.7,53.9,-1.4,0.000,0.000,0.00,0.000,4.3,9.7,1.8,269,17,,,,,,4.3,9.7,1.8,269,17,0,27.93,,0,0,0,34.0,37.2,39.2,0.26,0.25,0.30
WFMB,2016-04-05 01:40:00 EDT,44.39323,-73.85883,2016,12.0,13.4,4.7,54.1,-1.5,0.000,0.000,0.00,0.000,4.2,7.2,1.4,271,19,,,,,,4.2,7.2,1.4,271,19,0,27.93,,0,0,0,34.0,37.2,39.2,0.26,0.25,0.30
WFMB,2016-04-05 01:45:00 EDT,44.39323,-73.85883,2016,11.5,13.2,3.9,55.1,-1.5,0.000,0.000,0.00,0.000,4.4,8.3,1.2,267,13,,,,,,4.4,8.3,1.2,267,13,0,27.93,,0,0,0,34.0,37.2,39.2,0.26,0.25,0.30
WFMB,2016-04-05 01:50:00 EDT,44.39323,-73.85883,2016,11.6,13.3,3.6,55.0,-1.5,0.000,0.000,0.00,0.000,4.6,8.5,1.3,259,11,,,,,,4.6,8.5,1.3,259,11,0,27.93,,0,0,0,34.0,37.2,39.2,0.26,0.25,0.30
WFMB,2016-04-05 01:55:00 EDT,44.39323,-73.85883,2016,11.2,13.2,3.5,56.7,-1.2,0.000,0.000,0.00,0.000,4.4,8.3,1.3,260,15,,,,,,4.4,8.3,1.3,260,15,0,27.93,,0,0,0,34.0,37.2,39.2,0.26,0.25,0.30
WFMB,2016-04-05 02:00:00 EDT,44.39323,-73.85883,2016,11.2,13.4,3.7,56.6,-1.2,0.000,0.000,0.00,0.000,4.2,9.6,1.5,261,16,,,,,,4.2,9.6,1.5,261,16,0,27.93,,0,0,0,34.0,37.2,39.2,0.26,0.25,0.30
WFMB,2016-04-05 02:05:00 EDT,44.39323,-73.85883,2016,11.4,13.3,4.0,55.4,-1.5,0.000,0.000,0.00,0.000,4.2,7.5,1.3,267,24,,,,,,4.2,7.5,1.3,267,24,0,27.93,,0,0,0,34.0,37.2,39.2,0.26,0.25,0.30
WFMB,2016-04-05 02:10:00 EDT,44.39323,-73.85883,2016,11.7,13.1,4.1,54.1,-1.7,0.000,0.000,0.00,0.000,4.3,10.2,1.8,289,23,,,,,,4.3,10.2,1.8,289,23,0,27.93,,0,0,0,34.0,37.2,39.2,0.26,0.25,0.30
WFMB,2016-04-05 02:15:00 EDT,44.39323,-73.85883,2016,11.8,13.1,4.1,53.3,-1.9,0.000,0.000,0.00,0.000,4.4,7.5,1.3,263,20,,,,,,4.4,7.5,1.3,263,20,0,27.93,,0,0,0,34.0,37.2,39.2,0.26,0.25,0.30
WFMB,2016-04-05 02:20:00 EDT,44.39323,-73.85883,2016,11.6,13.0,5.0,54.0,-1.8,0.000,0.000,0.00,0.000,3.7,10.7,2.0,280,27,,,,,,3.7,10.7,2.0,280,27,0,27.93,,0,0,0,34.0,37.2,39.2,0.26,0.25,0.30
WFMB,2016-04-05 02:25:00 EDT,44.39323,-73.85883,2016,11.4,12.8,5.3,54.2,-2.0,0.000,0.000,0.00,0.000,3.4,8.9,1.7,275,27,,,,,,3.4,8.9,1.7,275,27,0,27.93,,0,0,0,34.0,37.2,39.2,0.26,0.25,0.30
WFMB,2016-04-05 02:30:00 EDT,44.39323,-73.85883,2016,11.8,13.1,4.7,51.9,-2.5,0.000,0.000,0.00,0.000,4.1,9.5,1.6,277,20,,,,,,4.1,9.5,1.6,277,20,0,27.93,,0,0,0,34.0,37.2,39.2,0.26,0.25,0.30
WFMB,2016-04-05 02:35:00 EDT,44.39323,-73.85883,2016,12.0,13.2,3.7,51.4,-2.5,0.000,0.000,0.00,0.000,4.9,11.0,1.8,270,22,,,,,,4.9,11.0,1.8,270,22,0,27.94,,0,0,0,34.0,37.2,39.2,0.26,0.25,0.30
WFMB,2016-04-05 02:40:00 EDT,44.39323,-73.85883,2016,11.9,13.0,5.3,51.5,-2.6,0.000,0.000,0.00,0.000,3.7,6.9,1.2,290,29,,,,,,3.7,6.9,1.2,290,29,0,27.94,,0,0,0,34.0,37.2,39.2,0.26,0.25,0.30
WFMB,2016-04-05 02:45:00 EDT,44.39323,-73.85883,2016,12.0,13.2,3.0,51.5,-2.4,0.000,0.000,0.00,0.000,5.5,12.1,2.0,273,18,,,,,,5.5,12.1,2.0,273,18,0,27.94,,0,0,0,34.0,37.2,39.2,0.26,0.25,0.30
WFMB,2016-04-05 02:50:00 EDT,44.39323,-73.85883,2016,11.9,13.2,4.3,51.1,-2.7,0.000,0.000,0.00,0.000,4.4,10.9,2.4,269,28,,,,,,4.4,10.9,2.4,269,28,0,27.94,,0,0,0,34.0,37.2,39.2,0.26,0.25,0.30
WFMB,2016-04-05 02:55:00 EDT,44.39323,-73.85883,2016,11.3,12.5,11.3,52.5,-2.7,0.000,0.000,0.00,0.000,2.8,6.7,1.3,301,38,,,,,,2.8,6.7,1.3,301,38,0,27.94,,0,0,0,34.0,37.2,39.2,0.26,0.25,0.30
WFMB,2016-04-05 03:00:00 EDT,44.39323,-73.85883,2016,11.3,12.8,5.0,53.8,-2.2,0.000,0.000,0.00,0.000,3.5,5.9,1.2,272,24,,,,,,3.5,5.9,1.2,272,24,0,27.94,,0,0,0,33.9,37.2,39.2,0.26,0.25,0.30
WFMB,2016-04-05 03:05:00 EDT,44.39323,-73.85883,2016,11.7,13.0,3.9,52.4,-2.3,0.000,0.000,0.00,0.000,4.6,9.9,1.7,260,23,,,,,,4.6,9.9,1.7,260,23,0,27.94,,0,0,0,33.9,37.2,39.2,0.26,0.25,0.30
WFMB,2016-04-05 03:10:00 EDT,44.39323,-73.85883,2016,11.8,12.9,4.5,51.6,-2.6,0.000,0.000,0.00,0.000,4.2,8.4,1.6,280,33,,,,,,4.2,8.4,1.6,280,33,0,27.94,,0,0,0,33.9,37.2,39.2,0.26,0.25,0.30
WFMB,2016-04-05 03:15:00 EDT,44.39323,-73.85883,2016,11.6,12.7,5.2,52.0,-2.6,0.000,0.000,0.00,0.000,3.6,11.5,1.9,290,35,,,,,,3.6,11.5,1.9,290,35,0,27.94,,0,0,0,33.9,37.2,39.1,0.26,0.25,0.30
WFMB,2016-04-05 03:20:00 EDT,44.39323,-73.85883,2016,11.4,12.8,2.8,53.3,-2.4,0.000,0.000,0.00,0.000,5.1,12.1,2.1,261,21,,,,,,5.1,12.1,2.1,261,21,0,27.94,,0,0,0,33.9,37.2,39.1,0.26,0.25,0.30
WFMB,2016-04-05 03:25:00 EDT,44.39323,-73.85883,2016,11.0,12.6,5.0,54.1,-2.4,0.000,0.000,0.00,0.000,3.3,8.3,1.6,261,21,,,,,,3.3,8.3,1.6,261,21,0,27.94,,0,0,0,33.8,37.2,39.1,0.26,0.25,0.30
WFMB,2016-04-05 03:30:00 EDT,44.39323,-73.85883,2016,11.3,12.6,4.9,53.9,-2.1,0.000,0.000,0.00,0.000,3.5,10.0,2.0,273,21,,,,,,3.5,10.0,2.0,273,21,0,27.95,,0,0,0,33.8,37.2,39.1,0.26,0.25,0.30
WFMB,2016-04-05 03:35:00 EDT,44.39323,-73.85883,2016,11.6,12.9,3.3,51.5,-2.8,0.000,0.000,0.00,0.000,4.9,11.3,1.7,258,20,,,,,,4.9,11.3,1.7,258,20,0,27.95,,0,0,0,33.8,37.2,39.1,0.26,0.25,0.30
WFMB,2016-04-05 03:40:00 EDT,44.39323,-73.85883,2016,11.2,12.7,2.9,52.9,-2.6,0.000,0.000,0.00,0.000,4.8,11.0,1.8,263,19,,,,,,4.8,11.0,1.8,263,19,0,27.95,,0,0,0,33.8,37.2,39.1,0.26,0.25,0.30
WFMB,2016-04-05 03:45:00 EDT,44.39323,-73.85883,2016,11.2,12.6,4.9,53.5,-2.4,0.000,0.000,0.00,0.000,3.5,6.8,1.1,263,16,,,,,,3.5,6.8,1.1,263,16,0,27.95,,0,0,0,33.8,37.2,39.1,0.26,0.25,0.30
WFMB,2016-04-05 03:50:00 EDT,44.39323,-73.85883,2016,11.2,12.5,4.0,53.5,-2.5,0.000,0.000,0.00,0.000,4.0,6.6,1.2,267,20,,,,,,4.0,6.6,1.2,267,20,0,27.95,,0,0,0,33.8,37.2,39.0,0.26,0.25,0.30
WFMB,2016-04-05 03:55:00 EDT,44.39323,-73.85883,2016,11.4,12.3,5.9,52.8,-2.6,0.000,0.000,0.00,0.000,3.0,5.7,1.1,265,15,,,,,,3.0,5.7,1.1,265,15,0,27.96,,0,0,0,33.8,37.2,39.1,0.26,0.25,0.30
WFMB,2016-04-05 04:00:00 EDT,44.39323,-73.85883,2016,10.9,12.1,5.2,54.5,-2.3,0.000,0.000,0.00,0.000,3.1,6.4,1.1,271,16,,,,,,3.1,6.4,1.1,271,16,0,27.96,,0,0,0,33.8,37.2,39.0,0.26,0.25,0.30
WFMB,2016-04-05 04:05:00 EDT,44.39323,-73.85883,2016,10.7,12.0,4.6,55.6,-2.1,0.000,0.000,0.00,0.000,3.3,6.6,1.0,263,15,,,,,,3.3,6.6,1.0,263,15,0,27.96,,0,0,0,33.8,37.2,39.0,0.26,0.25,0.30
WFMB,2016-04-05 04:10:00 EDT,44.39323,-73.85883,2016,10.6,12.1,2.2,56.6,-1.8,0.000,0.000,0.00,0.000,4.9,8.9,1.8,264,18,,,,,,4.9,8.9,1.8,264,18,0,27.96,,0,0,0,33.8,37.2,39.0,0.26,0.25,0.30
WFMB,2016-04-05 04:15:00 EDT,44.39323,-73.85883,2016,10.9,12.0,3.7,56.2,-1.7,0.000,0.000,0.00,0.000,4.0,7.7,1.2,271,17,,,,,,4.0,7.7,1.2,271,17,0,27.97,,0,0,0,33.8,37.2,39.0,0.26,0.25,0.30
WFMB,2016-04-05 04:20:00 EDT,44.39323,-73.85883,2016,10.8,11.9,3.5,56.1,-1.8,0.000,0.000,0.00,0.000,4.0,6.8,1.1,274,14,,,,,,4.0,6.8,1.1,274,14,0,27.97,,0,0,0,33.8,37.2,39.0,0.26,0.25,0.30
WFMB,2016-04-05 04:25:00 EDT,44.39323,-73.85883,2016,10.5,11.7,3.7,57.4,-1.6,0.000,0.000,0.00,0.000,3.7,7.0,1.0,272,17,,,,,,3.7,7.0,1.0,272,17,0,27.97,,0,0,0,33.8,37.2,39.0,0.26,0.25,0.30
WFMB,2016-04-05 04:30:00 EDT,44.39323,-73.85883,2016,10.3,11.6,4.4,58.1,-1.5,0.000,0.000,0.00,0.000,3.2,6.8,0.9,266,15,,,,,,3.2,6.8,0.9,266,15,0,27.97,,0,0,0,33.8,37.2,39.0,0.26,0.25,0.30
WFMB,2016-04-05 04:35:00 EDT,44.39323,-73.85883,2016,9.9,11.5,3.4,59.6,-1.3,0.000,0.000,0.00,0.000,3.5,5.7,0.9,270,15,,,,,,3.5,5.7,0.9,270,15,0,27.98,,0,0,0,33.8,37.2,39.0,0.26,0.25,0.30
WFMB,2016-04-05 04:40:00 EDT,44.39323,-73.85883,2016,10.1,11.5,2.8,59.4,-1.2,0.000,0.000,0.00,0.000,4.0,7.4,1.0,271,15,,,,,,4.0,7.4,1.0,271,15,0,27.98,,0,0,0,33.8,37.2,39.0,0.26,0.25,0.30
WFMB,2016-04-05 04:45:00 EDT,44.39323,-73.85883,2016,9.8,11.3,3.1,59.4,-1.5,0.000,0.000,0.00,0.000,3.6,7.7,1.2,272,19,,,,,,3.6,7.7,1.2,272,19,0,27.98,,0,0,0,33.8,37.2,39.0,0.26,0.25,0.30
WFMB,2016-04-05 04:50:00 EDT,44.39323,-73.85883,2016,9.7,11.1,4.0,60.4,-1.2,0.000,0.000,0.00,0.000,3.0,5.6,0.8,274,15,,,,,,3.0,5.6,0.8,274,15,0,27.98,,0,0,0,33.8,37.2,39.0,0.26,0.25,0.30
WFMB,2016-04-05 04:55:00 EDT,44.39323,-73.85883,2016,9.9,11.0,2.8,61.0,-0.9,0.000,0.000,0.00,0.000,3.8,6.9,1.1,279,16,,,,,,3.8,6.9,1.1,279,16,0,27.98,,0,0,0,33.8,37.2,39.0,0.26,0.25,0.30
WFMB,2016-04-05 05:00:00 EDT,44.39323,-73.85883,2016,9.3,10.9,2.0,62.1,-1.0,0.000,0.000,0.00,0.000,3.9,7.0,1.1,273,16,,,,,,3.9,7.0,1.1,273,16,0,27.98,,0,0,0,33.8,37.2,39.0,0.26,0.25,0.30
WFMB,2016-04-05 05:05:00 EDT,44.39323,-73.85883,2016,9.5,10.9,2.0,63.0,-0.6,0.000,0.000,0.00,0.000,4.0,6.7,1.1,269,14,,,,,,4.0,6.7,1.1,269,14,0,27.99,,0,0,0,33.8,37.2,39.0,0.26,0.25,0.30
WFMB,2016-04-05 05:10:00 EDT,44.39323,-73.85883,2016,9.4,10.7,2.7,63.1,-0.6,0.000,0.000,0.00,0.000,3.6,7.1,1.0,271,15,,,,,,3.6,7.1,1.0,271,15,0,27.99,,0,0,0,33.8,37.2,39.0,0.26,0.25,0.30
WFMB,2016-04-05 05:15:00 EDT,44.39323,-73.85883,2016,9.4,10.7,1.3,63.5,-0.5,0.000,0.000,0.00,0.000,4.4,8.0,1.3,271,15,,,,,,4.4,8.0,1.3,271,15,0,27.99,,0,0,0,33.8,37.2,39.0,0.26,0.25,0.30
WFMB,2016-04-05 05:20:00 EDT,44.39323,-73.85883,2016,9.5,10.7,0.7,64.1,-0.2,0.000,0.000,0.00,0.000,4.9,8.4,1.6,273,17,,,,,,4.9,8.4,1.6,273,17,0,27.99,,0,0,0,33.8,37.2,39.0,0.26,0.25,0.30
WFMB,2016-04-05 05:25:00 EDT,44.39323,-73.85883,2016,9.3,10.5,2.2,64.5,-0.3,0.000,0.000,0.00,0.000,3.8,7.2,1.0,275,15,,,,,,3.8,7.2,1.0,275,15,0,27.99,,0,0,0,33.8,37.2,39.0,0.26,0.25,0.30
WFMB,2016-04-05 05:30:00 EDT,44.39323,-73.85883,2016,9.4,10.4,0.9,64.8,-0.1,0.000,0.000,0.00,0.000,4.7,7.8,1.3,276,17,,,,,,4.7,7.8,1.3,276,17,0,28.00,,0,0,0,33.8,37.2,39.0,0.26,0.25,0.30
WFMB,2016-04-05 05:35:00 EDT,44.39323,-73.85883,2016,9.5,10.4,0.8,64.4,-0.1,0.000,0.000,0.00,0.000,4.9,10.5,2.0,269,13,,,,,,4.9,10.5,2.0,269,13,0,28.00,,0,0,0,33.8,37.2,39.0,0.26,0.25,0.30
WFMB,2016-04-05 05:40:00 EDT,44.39323,-73.85883,2016,9.2,10.4,-0.3,65.2,-0.2,0.000,0.000,0.00,0.000,5.4,8.7,1.3,270,15,,,,,,5.4,8.7,1.3,270,15,0,28.00,,0,0,0,33.8,37.2,39.0,0.26,0.25,0.30
WFMB,2016-04-05 05:45:00 EDT,44.39323,-73.85883,2016,8.8,10.3,0.1,66.9,0.1,0.000,0.000,0.00,0.000,4.8,8.8,1.3,263,14,,,,,,4.8,8.8,1.3,263,14,0,28.00,,0,0,0,33.8,37.2,39.0,0.26,0.25,0.30
WFMB,2016-04-05 05:50:00 EDT,44.39323,-73.85883,2016,9.0,10.3,0.9,67.8,0.6,0.000,0.000,0.00,0.000,4.4,8.5,1.8,265,14,,,,,,4.4,8.5,1.8,265,14,0,28.00,,0,0,0,33.8,37.2,39.0,0.26,0.25,0.30
WFMB,2016-04-05 05:55:00 EDT,44.39323,-73.85883,2016,9.0,10.3,1.5,69.1,0.9,0.000,0.000,0.00,0.000,4.0,8.3,1.1,266,17,,,,,,4.0,8.3,1.1,266,17,0,28.01,,0,0,0,33.8,37.2,39.0,0.26,0.25,0.30
WFMB,2016-04-05 06:00:00 EDT,44.39323,-73.85883,2016,8.9,10.2,1.6,69.9,1.1,0.000,0.000,0.00,0.000,3.9,8.8,1.6,265,15,,,,,,3.9,8.8,1.6,265,15,0,28.01,,0,0,0,33.8,37.2,39.0,0.26,0.25,0.30
WFMB,2016-04-05 06:05:00 EDT,44.39323,-73.85883,2016,9.1,10.3,1.6,70.4,1.4,0.000,0.000,0.00,0.000,4.0,8.0,1.3,266,20,,,,,,4.0,8.0,1.3,266,20,0,28.01,,0,0,0,33.8,37.2,39.0,0.26,0.25,0.30
WFMB,2016-04-05 06:10:00 EDT,44.39323,-73.85883,2016,8.6,10.1,1.3,71.2,1.2,0.000,0.000,0.00,0.000,3.9,7.3,1.1,260,17,,,,,,3.9,7.3,1.1,260,17,0,28.01,,0,0,0,33.8,37.2,39.0,0.26,0.25,0.30
WFMB,2016-04-05 06:15:00 EDT,44.39323,-73.85883,2016,8.8,10.1,1.5,71.9,1.5,0.000,0.000,0.00,0.000,3.8,7.7,1.3,271,16,,,,,,3.8,7.7,1.3,271,16,1,28.02,,0,0,0,33.8,37.2,39.0,0.26,0.25,0.30
WFMB,2016-04-05 06:20:00 EDT,44.39323,-73.85883,2016,8.8,9.9,2.4,71.5,1.4,0.000,0.000,0.00,0.000,3.3,5.6,0.9,279,17,,,,,,3.3,5.6,0.9,279,17,1,28.02,,0,0,0,33.8,37.2,39.0,0.26,0.25,0.30
WFMB,2016-04-05 06:25:00 EDT,44.39323,-73.85883,2016,8.7,9.9,0.1,71.7,1.4,0.000,0.000,0.00,0.000,4.7,7.7,0.9,272,16,,,,,,4.7,7.7,0.9,272,16,2,28.02,,0,0,0,33.8,37.2,39.0,0.26,0.25,0.30
WFMB,2016-04-05 06:30:00 EDT,44.39323,-73.85883,2016,8.6,9.8,1.1,72.2,1.4,0.000,0.000,0.00,0.000,3.9,7.7,1.2,268,17,,,,,,3.9,7.7,1.2,268,17,4,28.02,,0,0,0,33.8,37.2,39.0,0.26,0.25,0.30
WFMB,2016-04-05 06:35:00 EDT,44.39323,-73.85883,2016,8.2,9.6,0.6,72.1,1.0,0.000,0.000,0.00,0.000,4.0,9.1,1.8,275,17,,,,,,4.0,9.1,1.8,275,17,6,28.03,,0,0,0,33.8,37.2,39.0,0.26,0.25,0.30
WFMB,2016-04-05 06:40:00 EDT,44.39323,-73.85883,2016,8.7,9.7,1.5,71.5,1.4,0.000,0.000,0.00,0.000,3.8,9.4,1.7,273,21,,,,,,3.8,9.4,1.7,273,21,11,28.03,,0,0,0,33.8,37.2,39.0,0.26,0.25,0.30
WFMB,2016-04-05 06:45:00 EDT,44.39323,-73.85883,2016,9.2,10.1,1.4,70.2,1.5,0.000,0.000,0.00,0.000,4.3,7.6,1.2,275,24,,,,,,4.3,7.6,1.2,275,24,14,28.03,,0,0,0,33.7,37.2,39.0,0.26,0.25,0.30
WFMB,2016-04-05 06:50:00 EDT,44.39323,-73.85883,2016,9.3,10.0,1.4,69.4,1.3,0.000,0.000,0.00,0.000,4.2,8.8,1.3,269,22,,,,,,4.2,8.8,1.3,269,22,17,28.03,,0,0,0,33.7,37.2,39.0,0.26,0.25,0.30
WFMB,2016-04-05 06:55:00 EDT,44.39323,-73.85883,2016,9.5,10.2,3.3,68.4,1.2,0.000,0.000,0.00,0.000,3.3,9.7,1.9,268,28,,,,,,3.3,9.7,1.9,268,28,29,28.03,,0,0,0,33.7,37.2,39.0,0.26,0.25,0.30
WFMB,2016-04-05 07:00:00 EDT,44.39323,-73.85883,2016,10.1,10.4,3.8,67.6,1.5,0.000,0.000,0.00,0.000,3.4,8.8,1.6,282,24,,,,,,3.4,8.8,1.6,282,24,29,28.04,,0,0,0,33.7,37.1,39.0,0.26,0.25,0.30
WFMB,2016-04-05 07:05:00 EDT,44.39323,-73.85883,2016,10.1,10.4,2.4,67.7,1.5,0.000,0.000,0.00,0.000,4.2,7.5,1.4,266,19,,,,,,4.2,7.5,1.4,266,19,40,28.04,,0,0,0,33.7,37.1,39.0,0.26,0.25,0.30
WFMB,2016-04-05 07:10:00 EDT,44.39323,-73.85883,2016,10.6,10.8,2.6,67.4,1.9,0.000,0.000,0.00,0.000,4.5,8.2,1.7,275,29,,,,,,4.5,8.2,1.7,275,29,40,28.04,,0,0,0,33.6,37.1,39.0,0.26,0.25,0.30
WFMB,2016-04-05 07:15:00 EDT,44.39323,-73.85883,2016,10.9,10.9,3.2,66.8,2.0,0.000,0.000,0.00,0.000,4.3,10.2,2.3,271,27,,,,,,4.3,10.2,2.3,271,27,53,28.04,,0,0,0,33.7,37.1,39.0,0.26,0.25,0.30
WFMB,2016-04-05 07:20:00 EDT,44.39323,-73.85883,2016,11.0,11.0,4.1,66.1,1.9,0.000,0.000,0.00,0.000,3.8,12.6,2.2,263,29,,,,,,3.8,12.6,2.2,263,29,86,28.04,,0,0,0,33.6,37.1,39.0,0.26,0.25,0.30
WFMB,2016-04-05 07:25:00 EDT,44.39323,-73.85883,2016,11.2,11.4,11.2,65.7,1.9,0.000,0.000,0.00,0.000,1.3,5.0,1.3,264,42,,,,,,1.3,5.0,1.3,264,42,96,28.05,,0,0,0,33.6,37.1,39.0,0.26,0.25,0.30
WFMB,2016-04-05 07:30:00 EDT,44.39323,-73.85883,2016,11.2,11.4,11.2,63.5,1.2,0.000,0.000,0.00,0.000,1.5,4.7,1.1,334,45,,,,,,1.5,4.7,1.1,334,45,134,28.05,,0,0,0,33.6,37.1,39.0,0.26,0.25,0.30
WFMB,2016-04-05 07:35:00 EDT,44.39323,-73.85883,2016,11.1,11.4,11.1,62.2,0.7,0.000,0.000,0.00,0.000,0.8,2.9,0.7,77,40,,,,,,0.8,2.9,0.7,77,40,160,28.05,,0,0,0,33.6,37.1,39.0,0.26,0.25,0.30
WFMB,2016-04-05 07:40:00 EDT,44.39323,-73.85883,2016,11.7,11.9,11.7,63.1,1.6,0.000,0.000,0.00,0.000,1.2,4.7,0.9,90,62,,,,,,1.2,4.7,0.9,90,62,174,28.06,,0,0,0,33.6,37.0,39.0,0.26,0.25,0.30
WFMB,2016-04-05 07:45:00 EDT,44.39323,-73.85883,2016,11.6,11.8,11.6,61.4,0.9,0.000,0.000,0.00,0.000,1.2,3.1,0.7,223,60,,,,,,1.2,3.1,0.7,223,60,195,28.06,,0,0,0,33.6,37.0,39.0,0.26,0.25,0.30
WFMB,2016-04-05 07:50:00 EDT,44.39323,-73.85883,2016,12.1,12.3,12.1,60.9,1.2,0.000,0.000,0.00,0.000,1.5,6.4,1.5,3,49,,,,,,1.5,6.4,1.5,3,49,215,28.06,,0,0,0,33.6,37.0,38.9,0.26,0.25,0.30
WFMB,2016-04-05 07:55:00 EDT,44.39323,-73.85883,2016,12.3,12.3,12.3,59.2,0.8,0.000,0.000,0.00,0.000,1.3,3.7,0.9,16,55,,,,,,1.3,3.7,0.9,16,55,237,28.06,,0,0,0,33.6,37.0,39.0,0.26,0.25,0.30
WFMB,2016-04-05 08:00:00 EDT,44.39323,-73.85883,2016,12.5,12.3,12.5,58.9,0.8,0.000,0.000,0.00,0.000,2.1,5.4,1.4,343,45,,,,,,2.1,5.4,1.4,343,45,260,28.06,,0,0,0,33.6,37.0,38.9,0.26,0.25,0.30
WFMB,2016-04-05 08:05:00 EDT,44.39323,-73.85883,2016,12.3,12.3,12.3,59.1,0.7,0.000,0.000,0.00,0.000,2.1,4.8,1.1,50,65,,,,,,2.1,4.8,1.1,50,65,283,28.07,,0,0,0,33.6,37.0,38.8,0.26,0.25,0.30
WFMB,2016-04-05 08:10:00 EDT,44.39323,-73.85883,2016,12.1,12.2,12.1,59.3,0.6,0.000,0.000,0.00,0.000,1.5,4.2,1.1,323,64,,,,,,1.5,4.2,1.1,323,64,292,28.07,,0,0,0,33.6,37.0,38.8,0.26,0.25,0.30
WFMB,2016-04-05 08:15:00 EDT,44.39323,-73.85883,2016,12.5,12.7,12.5,58.9,0.9,0.000,0.000,0.00,0.000,1.3,4.7,1.2,299,42,,,,,,1.3,4.7,1.2,299,42,315,28.07,,0,0,0,33.6,37.0,38.8,0.26,0.25,0.30
WFMB,2016-04-05 08:20:00 EDT,44.39323,-73.85883,2016,12.6,12.5,12.6,58.9,0.9,0.000,0.000,0.00,0.000,2.9,7.2,1.9,277,36,,,,,,2.9,7.2,1.9,277,36,248,28.07,,0,0,0,33.6,37.0,38.8,0.26,0.25,0.30
WFMB,2016-04-05 08:25:00 EDT,44.39323,-73.85883,2016,12.1,11.6,4.0,60.1,0.9,0.000,0.000,0.00,0.000,4.8,10.7,2.3,284,20,,,,,,4.8,10.7,2.3,284,20,198,28.07,,0,0,0,33.6,37.0,38.8,0.26,0.25,0.30
WFMB,2016-04-05 08:30:00 EDT,44.39323,-73.85883,2016,11.7,11.6,5.8,61.3,0.9,0.000,0.000,0.00,0.000,3.3,7.9,1.8,299,25,,,,,,3.3,7.9,1.8,299,25,149,28.07,,0,0,0,33.6,37.0,38.8,0.26,0.25,0.30
WFMB,2016-04-05 08:35:00 EDT,44.39323,-73.85883,2016,11.4,11.0,4.1,63.0,1.2,0.000,0.000,0.00,0.000,4.1,8.8,1.5,291,26,,,,,,4.1,8.8,1.5,291,26,286,28.08,,0,0,0,33.6,37.0,38.8,0.26,0.25,0.30
WFMB,2016-04-05 08:40:00 EDT,44.39323,-73.85883,2016,12.2,11.9,12.2,63.2,2.0,0.000,0.000,0.00,0.000,2.6,5.3,1.3,261,27,,,,,,2.6,5.3,1.3,261,27,244,28.08,,0,0,0,33.6,37.0,38.8,0.26,0.25,0.30
WFMB,2016-04-05 08:45:00 EDT,44.39323,-73.85883,2016,11.7,11.7,11.7,62.4,1.3,0.000,0.000,0.00,0.000,1.5,3.5,0.8,270,60,,,,,,1.5,3.5,0.8,270,60,255,28.08,,0,0,0,33.6,37.0,38.8,0.26,0.25,0.30
WFMB,2016-04-05 08:50:00 EDT,44.39323,-73.85883,2016,12.5,12.3,12.5,61.5,1.8,0.000,0.000,0.00,0.000,2.5,7.0,1.7,288,40,,,,,,2.5,7.0,1.7,288,40,273,28.08,,0,0,0,33.6,37.0,38.8,0.26,0.25,0.30
WFMB,2016-04-05 08:55:00 EDT,44.39323,-73.85883,2016,12.4,12.5,12.4,60.4,1.2,0.000,0.000,0.00,0.000,2.6,6.3,1.3,305,42,,,,,,2.6,6.3,1.3,305,42,353,28.08,,0,0,0,33.6,37.0,38.8,0.26,0.25,0.30
WFMB,2016-04-05 09:00:00 EDT,44.39323,-73.85883,2016,11.9,11.8,5.4,60.9,1.0,0.000,0.000,0.00,0.000,3.7,8.5,1.6,297,37,,,,,,3.7,8.5,1.6,297,37,160,28.08,,0,0,0,33.6,37.0,38.8,0.26,0.25,0.30
WFMB,2016-04-05 09:05:00 EDT,44.39323,-73.85883,2016,12.3,12.2,6.5,62.3,1.9,0.000,0.000,0.00,0.000,3.3,7.5,2.1,306,29,,,,,,3.3,7.5,2.1,306,29,177,28.08,,0,0,0,33.6,37.0,38.8,0.26,0.25,0.30
WFMB,2016-04-05 09:10:00 EDT,44.39323,-73.85883,2016,12.9,12.8,12.9,59.6,1.5,0.000,0.000,0.00,0.000,2.3,7.3,1.6,299,45,,,,,,2.3,7.3,1.6,299,45,377,28.08,,0,0,0,33.6,37.0,38.8,0.26,0.25,0.30
WFMB,2016-04-05 09:15:00 EDT,44.39323,-73.85883,2016,13.1,12.9,5.9,57.3,0.9,0.000,0.000,0.00,0.000,4.3,9.5,2.0,5,37,,,,,,4.3,9.5,2.0,5,37,382,28.08,,0,0,0,33.6,37.0,38.8,0.26,0.25,0.30
WFMB,2016-04-05 09:20:00 EDT,44.39323,-73.85883,2016,13.7,13.2,8.2,58.6,1.8,0.000,0.000,0.00,0.000,3.2,9.9,2.0,9,35,,,,,,3.2,9.9,2.0,9,35,468,28.08,,0,0,0,33.6,37.0,38.8,0.26,0.25,0.30
WFMB,2016-04-05 09:25:00 EDT,44.39323,-73.85883,2016,13.8,13.5,8.7,56.5,1.2,0.000,0.000,0.00,0.000,3.0,7.6,1.9,327,43,,,,,,3.0,7.6,1.9,327,43,347,28.09,,0,0,0,33.6,37.0,38.8,0.26,0.25,0.30
WFMB,2016-04-05 09:30:00 EDT,44.39323,-73.85883,2016,13.7,13.5,13.7,57.3,1.4,0.000,0.000,0.00,0.000,1.9,5.4,1.1,357,58,,,,,,1.9,5.4,1.1,357,58,570,28.09,,0,0,0,33.6,37.0,38.8,0.26,0.25,0.30
WFMB,2016-04-05 09:35:00 EDT,44.39323,-73.85883,2016,14.2,14.1,14.2,58.3,2.2,0.000,0.000,0.00,0.000,2.9,8.4,1.9,289,54,,,,,,2.9,8.4,1.9,289,54,590,28.09,,0,0,0,33.6,37.0,38.8,0.26,0.25,0.30
WFMB,2016-04-05 09:40:00 EDT,44.39323,-73.85883,2016,14.1,13.9,14.1,56.5,1.4,0.000,0.000,0.00,0.000,2.9,8.4,1.4,239,53,,,,,,2.9,8.4,1.4,239,53,477,28.09,,0,0,0,33.6,37.0,38.8,0.26,0.25,0.30
WFMB,2016-04-05 09:45:00 EDT,44.39323,-73.85883,2016,14.6,14.5,9.0,57.0,2.2,0.000,0.000,0.00,0.000,3.4,9.1,1.8,311,44,,,,,,3.4,9.1,1.8,311,44,679,28.09,,0,0,0,33.6,37.0,38.8,0.26,0.25,0.30
WFMB,2016-04-05 09:50:00 EDT,44.39323,-73.85883,2016,15.1,14.4,7.2,54.8,1.7,0.000,0.000,0.00,0.000,5.0,9.1,1.8,305,26,,,,,,5.0,9.1,1.8,305,26,317,28.09,,0,0,0,33.6,37.0,38.8,0.26,0.25,0.30
WFMB,2016-04-05 09:55:00 EDT,44.39323,-73.85883,2016,14.5,14.0,7.1,53.3,0.6,0.000,0.000,0.00,0.000,4.6,9.8,2.0,288,33,,,,,,4.6,9.8,2.0,288,33,492,28.09,,0,0,0,33.6,37.0,38.8,0.26,0.25,0.30
WFMB,2016-04-05 10:00:00 EDT,44.39323,-73.85883,2016,15.2,14.7,9.4,50.2,0.0,0.000,0.000,0.00,0.000,3.6,9.9,2.0,340,56,,,,,,3.6,9.9,2.0,340,56,526,28.10,,0,0,0,33.6,37.0,38.8,0.26,0.25,0.30
WFMB,2016-04-05 10:05:00 EDT,44.39323,-73.85883,2016,15.3,14.8,10.3,46.9,-1.4,0.000,0.000,0.00,0.000,3.0,8.8,1.8,341,55,,,,,,3.0,8.8,1.8,341,55,648,28.10,,0,0,0,33.6,37.0,38.8,0.26,0.25,0.30
WFMB,2016-04-05 10:10:00 EDT,44.39323,-73.85883,2016,16.0,15.8,10.0,48.4,-0.1,0.000,0.000,0.00,0.000,3.7,10.8,2.5,311,51,,,,,,3.7,10.8,2.5,311,51,662,28.10,,0,0,0,33.6,37.0,38.8,0.26,0.25,0.30
WFMB,2016-04-05 10:15:00 EDT,44.39323,-73.85883,2016,16.3,15.7,11.1,45.1,-1.3,0.000,0.000,0.00,0.000,3.2,8.7,2.0,315,44,,,,,,3.2,8.7,2.0,315,44,685,28.10,,0,0,0,33.6,37.0,38.8,0.26,0.25,0.30
WFMB,2016-04-05 10:20:00 EDT,44.39323,-73.85883,2016,16.4,15.8,10.6,45.5,-1.0,0.000,0.000,0.00,0.000,3.6,10.4,2.4,309,42,,,,,,3.6,10.4,2.4,309,42,696,28.10,,0,0,0,33.6,37.0,38.8,0.26,0.25,0.30
WFMB,2016-04-05 10:25:00 EDT,44.39323,-73.85883,2016,17.0,16.5,17.0,46.3,-0.1,0.000,0.000,0.00,0.000,3.0,8.3,1.9,299,40,,,,,,3.0,8.3,1.9,299,40,717,28.10,,0,0,0,33.6,37.0,38.8,0.26,0.25,0.30
WFMB,2016-04-05 10:30:00 EDT,44.39323,-73.85883,2016,16.7,15.9,16.7,46.4,-0.3,0.000,0.000,0.00,0.000,2.4,8.5,1.7,353,58,,,,,,2.4,8.5,1.7,353,58,715,28.10,,0,0,0,33.6,37.0,38.8,0.26,0.25,0.30
WFMB,2016-04-05 10:35:00 EDT,44.39323,-73.85883,2016,17.1,16.2,17.1,47.5,0.5,0.000,0.000,0.00,0.000,2.1,6.0,1.5,43,38,,,,,,2.1,6.0,1.5,43,38,508,28.11,,0,0,0,33.6,37.0,38.8,0.26,0.25,0.30
WFMB,2016-04-05 10:40:00 EDT,44.39323,-73.85883,2016,17.0,16.4,8.9,45.7,-0.4,0.000,0.000,0.00,0.000,5.4,13.7,2.8,324,34,,,,,,5.4,13.7,2.8,324,34,640,28.11,,0,0,0,33.6,37.0,38.8,0.26,0.25,0.30
WFMB,2016-04-05 10:45:00 EDT,44.39323,-73.85883,2016,17.2,16.5,10.5,46.5,0.1,0.000,0.000,0.00,0.000,4.3,11.8,2.4,315,56,,,,,,4.3,11.8,2.4,315,56,747,28.11,,0,0,0,33.6,37.0,38.8,0.26,0.25,0.30
WFMB,2016-04-05 10:50:00 EDT,44.39323,-73.85883,2016,17.8,17.4,10.8,46.4,0.7,0.000,0.000,0.00,0.000,4.7,13.2,2.6,296,37,,,,,,4.7,13.2,2.6,296,37,650,28.11,,0,0,0,33.6,37.0,38.8,0.26,0.25,0.30
WFMB,2016-04-05 10:55:00 EDT,44.39323,-73.85883,2016,17.5,17.0,10.0,43.9,-0.8,0.000,0.000,0.00,0.000,5.1,13.9,3.0,324,34,,,,,,5.1,13.9,3.0,324,34,675,28.11,,0,0,0,33.6,37.0,38.8,0.26,0.25,0.30
WFMB,2016-04-05 11:00:00 EDT,44.39323,-73.85883,2016,18.0,17.5,12.1,41.9,-1.3,0.000,0.000,0.00,0.000,3.9,9.4,2.3,310,44,,,,,,3.9,9.4,2.3,310,44,767,28.11,,0,0,0,33.6,37.0,38.8,0.26,0.25,0.30
WFMB,2016-04-05 11:05:00 EDT,44.39323,-73.85883,2016,17.4,16.6,10.3,39.0,-3.4,0.000,0.000,0.00,0.000,4.7,11.3,2.8,20,33,,,,,,4.7,11.3,2.8,20,33,765,28.11,,0,0,0,33.6,37.0,38.8,0.26,0.25,0.30
WFMB,2016-04-05 11:10:00 EDT,44.39323,-73.85883,2016,18.2,17.5,12.5,42.2,-1.0,0.000,0.000,0.00,0.000,3.7,11.1,1.8,331,59,,,,,,3.7,11.1,1.8,331,59,769,28.11,,0,0,0,33.6,37.0,38.8,0.26,0.25,0.30
WFMB,2016-04-05 11:15:00 EDT,44.39323,-73.85883,2016,18.6,18.1,12.3,41.0,-1.2,0.000,0.000,0.00,0.000,4.2,11.3,2.3,315,41,,,,,,4.2,11.3,2.3,315,41,779,28.10,,0,0,0,33.6,37.0,38.8,0.26,0.25,0.30
WFMB,2016-04-05 11:20:00 EDT,44.39323,-73.85883,2016,18.2,17.5,12.0,40.3,-2.0,0.000,0.000,0.00,0.000,4.1,11.2,2.4,8,43,,,,,,4.1,11.2,2.4,8,43,783,28.10,,0,0,0,33.6,36.9,38.8,0.26,0.25,0.30
WFMB,2016-04-05 11:25:00 EDT,44.39323,-73.85883,2016,19.0,17.9,12.3,41.8,-0.5,0.000,0.000,0.00,0.000,4.6,9.9,2.6,0,49,,,,,,4.6,9.9,2.6,0,49,791,28.10,,0,0,0,33.6,36.9,38.8,0.26,0.25,0.30
WFMB,2016-04-05 11:30:00 EDT,44.39323,-73.85883,2016,19.5,18.8,19.5,42.1,0.2,0.000,0.000,0.00,0.000,2.9,8.3,1.8,337,56,,,,,,2.9,8.3,1.8,337,56,798,28.10,,0,0,0,33.6,36.9,38.8,0.26,0.25,0.30
WFMB,2016-04-05 11:35:00 EDT,44.39323,-73.85883,2016,19.5,18.9,14.9,39.6,-1.2,0.000,0.000,0.00,0.000,3.1,10.2,2.2,360,44,,,,,,3.1,10.2,2.2,360,44,805,28.10,,0,0,0,33.6,36.9,38.8,0.26,0.25,0.30
WFMB,2016-04-05 11:40:00 EDT,44.39323,-73.85883,2016,19.3,18.4,13.4,40.8,-0.7,0.000,0.000,0.00,0.000,4.0,11.9,2.3,327,50,,,,,,4.0,11.9,2.3,327,50,810,28.10,,0,0,0,33.6,36.9,38.8,0.26,0.25,0.30
WFMB,2016-04-05 11:45:00 EDT,44.39323,-73.85883,2016,20.4,19.8,20.4,42.4,1.2,0.000,0.000,0.00,0.000,2.5,7.3,1.8,297,42,,,,,,2.5,7.3,1.8,297,42,816,28.10,,0,0,0,33.6,36.9,38.8,0.26,0.25,0.30
WFMB,2016-04-05 11:50:00 EDT,44.39323,-73.85883,2016,20.1,18.9,13.9,37.1,-2.0,0.000,0.000,0.00,0.000,4.3,11.0,2.5,1,49,,,,,,4.3,11.0,2.5,1,49,824,28.10,,0,0,0,33.6,36.9,38.7,0.26,0.25,0.30
WFMB,2016-04-05 11:55:00 EDT,44.39323,-73.85883,2016,19.6,18.9,13.2,35.9,-3.1,0.000,0.000,0.00,0.000,4.4,11.4,2.1,328,38,,,,,,4.4,11.4,2.1,328,38,829,28.10,,0,0,0,33.6,36.9,38.7,0.26,0.25,0.30
WFMB,2016-04-05 12:00:00 EDT,44.39323,-73.85883,2016,20.6,19.3,15.1,38.5,-0.8,0.000,0.000,0.00,0.000,3.8,10.5,1.9,264,40,,,,,,3.8,10.5,1.9,264,40,834,28.10,,0,0,0,33.7,36.9,38.7,0.26,0.25,0.30
WFMB,2016-04-05 12:05:00 EDT,44.39323,-73.85883,2016,19.9,19.3,14.0,34.0,-4.0,0.000,0.000,0.00,0.000,4.1,12.3,2.3,288,44,,,,,,4.1,12.3,2.3,288,44,840,28.10,,0,0,0,33.7,36.9,38.7,0.26,0.25,0.30
WFMB,2016-04-05 12:10:00 EDT,44.39323,-73.85883,2016,20.7,19.5,14.4,35.5,-2.4,0.000,0.000,0.00,0.000,4.5,10.4,1.6,288,37,,,,,,4.5,10.4,1.6,288,37,844,28.10,,0,0,0,33.7,36.9,38.7,0.26,0.25,0.30
WFMB,2016-04-05 12:15:00 EDT,44.39323,-73.85883,2016,21.4,20.3,14.6,35.8,-1.6,0.000,0.000,0.00,0.000,4.9,11.0,2.6,278,36,,,,,,4.9,11.0,2.6,278,36,848,28.10,,0,0,0,33.7,36.9,38.7,0.26,0.25,0.30
WFMB,2016-04-05 12:20:00 EDT,44.39323,-73.85883,2016,21.1,20.1,15.5,34.0,-2.9,0.000,0.000,0.00,0.000,4.0,8.0,1.8,355,60,,,,,,4.0,8.0,1.8,355,60,851,28.10,,0,0,0,33.7,36.9,38.7,0.26,0.25,0.30
WFMB,2016-04-05 12:25:00 EDT,44.39323,-73.85883,2016,20.8,19.8,13.6,33.7,-3.4,0.000,0.000,0.00,0.000,5.3,11.5,2.3,345,44,,,,,,5.3,11.5,2.3,345,44,855,28.09,,0,0,0,33.8,36.9,38.7,0.26,0.25,0.30
WFMB,2016-04-05 12:30:00 EDT,44.39323,-73.85883,2016,21.3,20.8,21.3,34.6,-2.4,0.000,0.000,0.00,0.000,2.4,7.7,2.0,329,44,,,,,,2.4,7.7,2.0,329,44,859,28.09,,0,0,0,33.8,36.9,38.7,0.26,0.25,0.30
WFMB,2016-04-05 12:35:00 EDT,44.39323,-73.85883,2016,20.9,20.4,14.1,31.1,-5.0,0.000,0.000,0.00,0.000,5.0,11.8,2.5,331,30,,,,,,5.0,11.8,2.5,331,30,861,28.09,,0,0,0,33.8,36.9,38.7,0.26,0.25,0.30
WFMB,2016-04-05 12:40:00 EDT,44.39323,-73.85883,2016,21.7,20.9,15.5,33.2,-2.8,0.000,0.000,0.00,0.000,4.5,11.0,2.2,304,35,,,,,,4.5,11.0,2.2,304,35,863,28.09,,0,0,0,33.8,36.9,38.7,0.26,0.25,0.30
WFMB,2016-04-05 12:45:00 EDT,44.39323,-73.85883,2016,21.2,20.5,14.7,31.6,-4.4,0.000,0.000,0.00,0.000,4.7,10.2,2.3,322,49,,,,,,4.7,10.2,2.3,322,49,864,28.09,,0,0,0,33.8,36.9,38.7,0.26,0.25,0.30
WFMB,2016-04-05 12:50:00 EDT,44.39323,-73.85883,2016,21.5,21.0,16.7,33.0,-3.2,0.000,0.000,0.00,0.000,3.5,10.7,1.8,318,28,,,,,,3.5,10.7,1.8,318,28,866,28.09,,0,0,0,33.8,36.9,38.7,0.26,0.25,0.30
WFMB,2016-04-05 12:55:00 EDT,44.39323,-73.85883,2016,21.8,20.8,17.4,35.2,-1.6,0.000,0.000,0.00,0.000,3.2,8.5,1.7,176,67,,,,,,3.2,8.5,1.7,176,67,866,28.08,,0,0,0,33.8,36.9,38.7,0.26,0.25,0.30
WFMB,2016-04-05 13:00:00 EDT,44.39323,-73.85883,2016,22.3,21.1,17.7,36.6,-0.3,0.000,0.000,0.00,0.000,3.5,8.3,1.7,295,61,,,,,,3.5,8.3,1.7,295,61,865,28.08,,0,0,0,33.8,36.9,38.7,0.27,0.25,0.30
WFMB,2016-04-05 13:05:00 EDT,44.39323,-73.85883,2016,22.4,21.8,17.5,34.4,-1.5,0.000,0.000,0.00,0.000,3.6,9.3,2.4,270,39,,,,,,3.6,9.3,2.4,270,39,865,28.08,,0,0,0,33.8,36.9,38.7,0.26,0.25,0.30
WFMB,2016-04-05 13:10:00 EDT,44.39323,-73.85883,2016,23.3,22.2,19.2,35.4,-0.1,0.000,0.000,0.00,0.000,3.2,9.6,1.8,301,39,,,,,,3.2,9.6,1.8,301,39,864,28.08,,0,0,0,33.8,36.9,38.7,0.26,0.25,0.30
WFMB,2016-04-05 13:15:00 EDT,44.39323,-73.85883,2016,23.0,22.1,18.3,35.2,-0.5,0.000,0.000,0.00,0.000,3.5,12.6,2.6,324,44,,,,,,3.5,12.6,2.6,324,44,865,28.08,,0,0,0,33.8,36.9,38.7,0.27,0.25,0.30
WFMB,2016-04-05 13:20:00 EDT,44.39323,-73.85883,2016,22.8,21.9,16.0,32.6,-2.3,0.000,0.000,0.00,0.000,5.3,11.3,2.3,263,31,,,,,,5.3,11.3,2.3,263,31,864,28.08,,0,0,0,33.8,36.9,38.7,0.27,0.25,0.30
WFMB,2016-04-05 13:25:00 EDT,44.39323,-73.85883,2016,23.2,21.8,16.3,33.5,-1.4,0.000,0.000,0.00,0.000,5.4,12.2,2.8,275,44,,,,,,5.4,12.2,2.8,275,44,860,28.08,,0,0,0,33.8,36.9,38.7,0.27,0.25,0.30
WFMB,2016-04-05 13:30:00 EDT,44.39323,-73.85883,2016,23.7,22.5,23.7,34.7,-0.1,0.000,0.000,0.00,0.000,2.8,8.3,1.8,328,63,,,,,,2.8,8.3,1.8,328,63,858,28.07,,0,0,0,33.8,36.9,38.7,0.27,0.25,0.30
WFMB,2016-04-05 13:35:00 EDT,44.39323,-73.85883,2016,23.6,22.8,18.6,33.7,-0.9,0.000,0.000,0.00,0.000,3.8,10.7,2.4,305,41,,,,,,3.8,10.7,2.4,305,41,857,28.08,,0,0,0,33.8,36.9,38.7,0.27,0.25,0.30
WFMB,2016-04-05 13:40:00 EDT,44.39323,-73.85883,2016,23.4,22.1,16.1,33.2,-1.4,0.000,0.000,0.00,0.000,5.9,11.2,2.4,318,34,,,,,,5.9,11.2,2.4,318,34,855,28.08,,0,0,0,33.8,36.9,38.7,0.27,0.25,0.30
WFMB,2016-04-05 13:45:00 EDT,44.39323,-73.85883,2016,23.4,22.5,17.9,35.1,-0.2,0.000,0.000,0.00,0.000,4.2,11.3,2.6,295,65,,,,,,4.2,11.3,2.6,295,65,851,28.07,,0,0,0,33.9,36.9,38.7,0.27,0.25,0.30
WFMB,2016-04-05 13:50:00 EDT,44.39323,-73.85883,2016,23.8,23.1,18.2,34.6,-0.1,0.000,0.000,0.00,0.000,4.3,9.1,2.3,236,42,,,,,,4.3,9.1,2.3,236,42,848,28.07,,0,0,0,33.9,36.9,38.7,0.27,0.25,0.30
WFMB,2016-04-05 13:55:00 EDT,44.39323,-73.85883,2016,23.1,22.5,17.5,30.9,-3.1,0.000,0.000,0.00,0.000,4.2,10.2,2.5,299,46,,,,,,4.2,10.2,2.5,299,46,843,28.07,,0,0,0,34.0,36.9,38.7,0.27,0.25,0.30
WFMB,2016-04-05 14:00:00 EDT,44.39323,-73.85883,2016,23.0,22.4,17.1,31.8,-2.7,0.000,0.000,0.00,0.000,4.4,14.7,2.5,304,41,,,,,,4.4,14.7,2.5,304,41,839,28.07,,0,0,0,34.0,36.9,38.7,0.27,0.25,0.30
WFMB,2016-04-05 14:05:00 EDT,44.39323,-73.85883,2016,23.4,22.7,18.5,31.3,-2.6,0.000,0.000,0.00,0.000,3.7,10.9,2.0,6,59,,,,,,3.7,10.9,2.0,6,59,833,28.07,,0,0,0,34.0,36.9,38.7,0.27,0.25,0.30
WFMB,2016-04-05 14:10:00 EDT,44.39323,-73.85883,2016,24.2,23.0,18.7,31.4,-1.9,0.000,0.000,0.00,0.000,4.3,11.0,2.3,320,45,,,,,,4.3,11.0,2.3,320,45,830,28.07,,0,0,0,34.0,36.9,38.7,0.27,0.25,0.30
WFMB,2016-04-05 14:15:00 EDT,44.39323,-73.85883,2016,24.7,23.7,20.5,32.3,-0.8,0.000,0.000,0.00,0.000,3.4,10.3,2.4,324,43,,,,,,3.4,10.3,2.4,324,43,824,28.07,,0,0,0,34.0,36.8,38.7,0.27,0.25,0.30
WFMB,2016-04-05 14:20:00 EDT,44.39323,-73.85883,2016,24.3,23.4,17.0,29.3,-3.2,0.000,0.000,0.00,0.000,6.0,15.1,3.7,257,36,,,,,,6.0,15.1,3.7,257,36,817,28.07,,0,0,0,34.0,36.8,38.7,0.27,0.25,0.30
WFMB,2016-04-05 14:25:00 EDT,44.39323,-73.85883,2016,23.6,23.0,19.2,28.9,-4.1,0.000,0.000,0.00,0.000,3.4,7.7,2.2,293,48,,,,,,3.4,7.7,2.2,293,48,811,28.07,,0,0,0,34.0,36.8,38.7,0.27,0.25,0.30
WFMB,2016-04-05 14:30:00 EDT,44.39323,-73.85883,2016,23.7,23.3,18.7,27.9,-4.7,0.000,0.000,0.00,0.000,3.9,11.0,2.8,342,40,,,,,,3.9,11.0,2.8,342,40,805,28.07,,0,0,0,34.0,36.8,38.7,0.27,0.25,0.30
WFMB,2016-04-05 14:35:00 EDT,44.39323,-73.85883,2016,24.7,23.7,18.1,28.6,-3.4,0.000,0.000,0.00,0.000,5.4,13.4,2.5,311,39,,,,,,5.4,13.4,2.5,311,39,798,28.07,,0,0,0,34.0,36.8,38.7,0.27,0.25,0.30
WFMB,2016-04-05 14:40:00 EDT,44.39323,-73.85883,2016,24.2,23.6,18.7,27.6,-4.6,0.000,0.000,0.00,0.000,4.3,9.4,1.9,292,44,,,,,,4.3,9.4,1.9,292,44,790,28.07,,0,0,0,34.0,36.8,38.7,0.27,0.25,0.30
WFMB,2016-04-05 14:45:00 EDT,44.39323,-73.85883,2016,24.1,23.4,18.6,27.3,-4.9,0.000,0.000,0.00,0.000,4.3,14.4,2.5,313,38,,,,,,4.3,14.4,2.5,313,38,782,28.07,,0,0,0,34.0,36.7,38.7,0.27,0.25,0.30
WFMB,2016-04-05 14:50:00 EDT,44.39323,-73.85883,2016,24.2,23.5,20.3,28.6,-3.8,0.000,0.000,0.00,0.000,3.1,8.4,1.7,304,61,,,,,,3.1,8.4,1.7,304,61,774,28.06,,0,0,0,34.0,36.7,38.7,0.27,0.25,0.30
WFMB,2016-04-05 14:55:00 EDT,44.39323,-73.85883,2016,24.6,24.2,20.5,29.8,-2.6,0.000,0.000,0.00,0.000,3.3,9.0,2.3,236,45,,,,,,3.3,9.0,2.3,236,45,766,28.06,,0,0,0,34.0,36.7,38.7,0.28,0.25,0.30
WFMB,2016-04-05 15:00:00 EDT,44.39323,-73.85883,2016,25.4,24.6,21.4,30.3,-1.5,0.000,0.000,0.00,0.000,3.3,15.2,3.4,319,46,,,,,,3.3,15.2,3.4,319,46,756,28.06,,0,0,0,34.0,36.7,38.7,0.28,0.25,0.30
WFMB,2016-04-05 15:05:00 EDT,44.39323,-73.85883,2016,24.9,24.0,18.9,28.1,-3.6,0.000,0.000,0.00,0.000,4.8,11.4,2.4,296,32,,,,,,4.8,11.4,2.4,296,32,748,28.06,,0,0,0,34.0,36.7,38.7,0.28,0.25,0.30
WFMB,2016-04-05 15:10:00 EDT,44.39323,-73.85883,2016,24.7,24.1,24.7,27.8,-4.0,0.000,0.000,0.00,0.000,3.0,10.2,2.1,290,53,,,,,,3.0,10.2,2.1,290,53,738,28.06,,0,0,0,34.0,36.7,38.7,0.28,0.25,0.30
WFMB,2016-04-05 15:15:00 EDT,44.39323,-73.85883,2016,24.3,23.7,17.1,27.8,-4.3,0.000,0.000,0.00,0.000,6.0,13.3,2.7,292,32,,,,,,6.0,13.3,2.7,292,32,728,28.06,,0,0,0,34.0,36.7,38.7,0.28,0.25,0.30
WFMB,2016-04-05 15:20:00 EDT,44.39323,-73.85883,2016,24.4,23.8,18.9,29.8,-2.8,0.000,0.000,0.00,0.000,4.3,10.0,1.9,262,45,,,,,,4.3,10.0,1.9,262,45,717,28.06,,0,0,0,34.0,36.7,38.7,0.28,0.25,0.30
WFMB,2016-04-05 15:25:00 EDT,44.39323,-73.85883,2016,24.5,23.8,17.5,27.0,-4.8,0.000,0.000,0.00,0.000,5.8,16.5,3.0,311,31,,,,,,5.8,16.5,3.0,311,31,708,28.06,,0,0,0,34.0,36.7,38.7,0.28,0.25,0.30
WFMB,2016-04-05 15:30:00 EDT,44.39323,-73.85883,2016,24.7,24.0,20.5,26.9,-4.6,0.000,0.000,0.00,0.000,3.4,9.0,2.1,306,57,,,,,,3.4,9.0,2.1,306,57,697,28.06,,0,0,0,34.0,36.7,38.7,0.28,0.25,0.30
WFMB,2016-04-05 15:35:00 EDT,44.39323,-73.85883,2016,24.4,23.9,17.2,25.4,-6.1,0.000,0.000,0.00,0.000,6.0,13.4,2.7,302,41,,,,,,6.0,13.4,2.7,302,41,686,28.06,,0,0,0,34.0,36.7,38.7,0.28,0.25,0.30
WFMB,2016-04-05 15:40:00 EDT,44.39323,-73.85883,2016,24.5,24.0,24.5,27.2,-4.6,0.000,0.000,0.00,0.000,2.9,8.0,1.6,271,63,,,,,,2.9,8.0,1.6,271,63,675,28.06,,0,0,0,34.0,36.7,38.7,0.28,0.25,0.30
WFMB,2016-04-05 15:45:00 EDT,44.39323,-73.85883,2016,24.7,24.1,19.5,26.6,-4.9,0.000,0.000,0.00,0.000,4.2,10.0,2.8,312,42,,,,,,4.2,10.0,2.8,312,42,663,28.06,,0,0,0,34.0,36.7,38.7,0.28,0.25,0.30
WFMB,2016-04-05 15:50:00 EDT,44.39323,-73.85883,2016,24.6,24.0,18.3,26.3,-5.3,0.000,0.000,0.00,0.000,5.0,12.3,2.1,311,45,,,,,,5.0,12.3,2.1,311,45,652,28.06,,0,0,0,34.0,36.7,38.6,0.28,0.25,0.30
WFMB,2016-04-05 15:55:00 EDT,44.39323,-73.85883,2016,24.5,23.9,19.0,26.5,-5.2,0.000,0.000,0.00,0.000,4.3,9.1,2.1,287,34,,,,,,4.3,9.1,2.1,287,34,639,28.06,,0,0,0,34.0,36.7,38.6,0.28,0.25,0.30
WFMB,2016-04-05 16:00:00 EDT,44.39323,-73.85883,2016,24.6,24.3,24.6,27.2,-4.6,0.000,0.000,0.00,0.000,2.0,6.6,1.4,281,52,,,,,,2.0,6.6,1.4,281,52,625,28.06,,0,0,0,34.0,36.7,38.6,0.28,0.25,0.30
WFMB,2016-04-05 16:05:00 EDT,44.39323,-73.85883,2016,25.0,24.5,21.2,27.9,-3.6,0.000,0.000,0.00,0.000,3.2,11.0,2.3,252,54,,,,,,3.2,11.0,2.3,252,54,611,28.06,,0,0,0,34.0,36.7,38.6,0.28,0.25,0.30
WFMB,2016-04-05 16:10:00 EDT,44.39323,-73.85883,2016,25.0,24.6,25.0,27.5,-4.0,0.000,0.000,0.00,0.000,2.8,8.6,1.6,331,46,,,,,,2.8,8.6,1.6,331,46,545,28.06,,0,0,0,34.0,36.7,38.6,0.28,0.25,0.30
WFMB,2016-04-05 16:15:00 EDT,44.39323,-73.85883,2016,24.7,24.4,19.4,26.9,-4.7,0.000,0.000,0.00,0.000,4.2,9.6,2.6,314,55,,,,,,4.2,9.6,2.6,314,55,470,28.06,,0,0,0,34.0,36.7,38.6,0.28,0.25,0.30
WFMB,2016-04-05 16:20:00 EDT,44.39323,-73.85883,2016,24.7,24.3,18.8,27.0,-4.6,0.000,0.000,0.00,0.000,4.7,10.2,2.6,314,36,,,,,,4.7,10.2,2.6,314,36,407,28.06,,0,0,0,34.0,36.7,38.6,0.28,0.25,0.30
WFMB,2016-04-05 16:25:00 EDT,44.39323,-73.85883,2016,24.3,24.2,19.8,26.2,-5.6,0.000,0.000,0.00,0.000,3.6,9.7,2.1,273,47,,,,,,3.6,9.7,2.1,273,47,273,28.06,,0,0,0,34.0,36.7,38.6,0.28,0.25,0.30
WFMB,2016-04-05 16:30:00 EDT,44.39323,-73.85883,2016,24.9,24.6,19.3,28.4,-3.3,0.000,0.000,0.00,0.000,4.5,12.9,2.9,291,52,,,,,,4.5,12.9,2.9,291,52,384,28.06,,0,0,0,34.0,36.7,38.6,0.28,0.25,0.30
WFMB,2016-04-05 16:35:00 EDT,44.39323,-73.85883,2016,24.3,24.2,19.3,26.7,-5.1,0.000,0.000,0.00,0.000,4.0,9.5,2.4,293,35,,,,,,4.0,9.5,2.4,293,35,421,28.05,,0,0,0,34.0,36.7,38.6,0.28,0.25,0.30
WFMB,2016-04-05 16:40:00 EDT,44.39323,-73.85883,2016,24.6,24.5,20.5,28.3,-3.7,0.000,0.000,0.00,0.000,3.3,7.4,1.6,300,65,,,,,,3.3,7.4,1.6,300,65,395,28.05,,0,0,0,34.0,36.7,38.5,0.28,0.25,0.30
WFMB,2016-04-05 16:45:00 EDT,44.39323,-73.85883,2016,24.8,24.4,18.6,28.6,-3.3,0.000,0.000,0.00,0.000,5.0,10.2,1.8,281,48,,,,,,5.0,10.2,1.8,281,48,425,28.06,,0,0,0,34.0,36.7,38.5,0.28,0.25,0.30
WFMB,2016-04-05 16:50:00 EDT,44.39323,-73.85883,2016,24.2,24.1,17.8,28.1,-4.2,0.000,0.000,0.00,0.000,5.2,12.9,2.6,269,43,,,,,,5.2,12.9,2.6,269,43,332,28.06,,0,0,0,34.0,36.7,38.5,0.28,0.25,0.30
WFMB,2016-04-05 16:55:00 EDT,44.39323,-73.85883,2016,24.1,24.0,19.5,28.9,-3.7,0.000,0.000,0.00,0.000,3.6,9.9,2.2,319,57,,,,,,3.6,9.9,2.2,319,57,340,28.06,,0,0,0,34.0,36.7,38.5,0.28,0.25,0.30
WFMB,2016-04-05 17:00:00 EDT,44.39323,-73.85883,2016,24.1,24.1,17.1,29.4,-3.3,0.000,0.000,0.00,0.000,5.7,11.4,2.2,278,41,,,,,,5.7,11.4,2.2,278,41,182,28.06,,0,0,0,34.0,36.7,38.5,0.28,0.25,0.30
WFMB,2016-04-05 17:05:00 EDT,44.39323,-73.85883,2016,24.1,24.2,18.1,29.6,-3.2,0.000,0.000,0.00,0.000,4.6,14.2,2.6,298,43,,,,,,4.6,14.2,2.6,298,43,195,28.06,,0,0,0,34.0,36.7,38.5,0.28,0.25,0.30
WFMB,2016-04-05 17:10:00 EDT,44.39323,-73.85883,2016,24.1,24.4,24.1,29.0,-3.5,0.000,0.000,0.00,0.000,2.9,6.3,1.4,312,44,,,,,,2.9,6.3,1.4,312,44,162,28.06,,0,0,0,34.0,36.7,38.5,0.28,0.25,0.30
WFMB,2016-04-05 17:15:00 EDT,44.39323,-73.85883,2016,23.8,24.1,19.9,28.5,-4.2,0.000,0.000,0.00,0.000,3.1,8.2,1.7,279,39,,,,,,3.1,8.2,1.7,279,39,114,28.06,,0,0,0,34.0,36.7,38.5,0.28,0.25,0.30
WFMB,2016-04-05 17:20:00 EDT,44.39323,-73.85883,2016,23.3,23.5,18.5,27.3,-5.6,0.000,0.000,0.00,0.000,3.7,8.3,1.9,306,48,,,,,,3.7,8.3,1.9,306,48,73,28.06,,0,0,0,34.0,36.7,38.5,0.28,0.25,0.30
WFMB,2016-04-05 17:25:00 EDT,44.39323,-73.85883,2016,23.4,23.6,17.7,28.9,-4.3,0.000,0.000,0.00,0.000,4.4,11.5,2.3,281,31,,,,,,4.4,11.5,2.3,281,31,55,28.06,,0,0,0,34.0,36.7,38.5,0.28,0.25,0.30
WFMB,2016-04-05 17:30:00 EDT,44.39323,-73.85883,2016,23.3,23.5,16.9,28.4,-4.8,0.000,0.000,0.00,0.000,5.0,11.3,2.8,300,35,,,,,,5.0,11.3,2.8,300,35,61,28.06,,0,0,0,34.0,36.7,38.5,0.28,0.25,0.30
WFMB,2016-04-05 17:35:00 EDT,44.39323,-73.85883,2016,23.6,23.8,23.6,28.4,-4.5,0.000,0.000,0.00,0.000,1.3,3.0,0.7,50,39,,,,,,1.3,3.0,0.7,50,39,43,28.06,,0,0,0,34.0,36.7,38.5,0.28,0.25,0.30
WFMB,2016-04-05 17:40:00 EDT,44.39323,-73.85883,2016,23.5,23.8,23.5,28.3,-4.6,0.000,0.000,0.00,0.000,2.9,9.3,1.9,291,55,,,,,,2.9,9.3,1.9,291,55,30,28.06,,0,0,0,34.0,36.7,38.5,0.28,0.25,0.30
WFMB,2016-04-05 17:45:00 EDT,44.39323,-73.85883,2016,23.6,23.9,23.6,29.7,-3.6,0.000,0.000,0.00,0.000,1.7,6.6,1.6,236,47,,,,,,1.7,6.6,1.6,236,47,31,28.06,,0,0,0,34.0,36.7,38.5,0.28,0.25,0.30
WFMB,2016-04-05 17:50:00 EDT,44.39323,-73.85883,2016,23.5,23.7,16.7,29.3,-3.9,0.000,0.000,0.00,0.000,5.4,20.2,4.3,299,57,,,,,,5.4,20.2,4.3,299,57,29,28.06,,0,0,0,34.0,36.7,38.5,0.28,0.25,0.30
WFMB,2016-04-05 17:55:00 EDT,44.39323,-73.85883,2016,23.2,23.5,19.3,29.8,-3.9,0.000,0.000,0.00,0.000,3.0,9.2,2.0,279,44,,,,,,3.0,9.2,2.0,279,44,26,28.06,,0,0,0,34.0,36.7,38.5,0.28,0.25,0.30
WFMB,2016-04-05 18:00:00 EDT,44.39323,-73.85883,2016,23.2,23.5,23.2,29.1,-4.3,0.000,0.000,0.00,0.000,2.9,10.3,1.9,287,58,,,,,,2.9,10.3,1.9,287,58,21,28.06,,0,0,0,34.0,36.7,38.5,0.27,0.25,0.30
WFMB,2016-04-05 18:05:00 EDT,44.39323,-73.85883,2016,22.9,23.1,22.9,30.1,-3.9,0.000,0.000,0.00,0.000,3.0,7.3,1.6,272,46,,,,,,3.0,7.3,1.6,272,46,20,28.06,,0,0,0,34.0,36.7,38.5,0.28,0.25,0.30
WFMB,2016-04-05 18:10:00 EDT,44.39323,-73.85883,2016,22.8,23.0,17.5,30.7,-3.5,0.000,0.000,0.00,0.000,4.0,12.1,2.4,301,53,,,,,,4.0,12.1,2.4,301,53,19,28.06,,0,0,0,34.0,36.7,38.5,0.28,0.25,0.30
WFMB,2016-04-05 18:15:00 EDT,44.39323,-73.85883,2016,22.9,23.1,18.5,31.3,-3.1,0.000,0.000,0.00,0.000,3.3,8.9,2.2,280,29,,,,,,3.3,8.9,2.2,280,29,18,28.06,,0,0,0,34.0,36.7,38.5,0.28,0.25,0.30
WFMB,2016-04-05 18:20:00 EDT,44.39323,-73.85883,2016,22.8,23.0,22.8,32.3,-2.5,0.000,0.000,0.00,0.000,2.5,9.8,1.6,284,58,,,,,,2.5,9.8,1.6,284,58,18,28.06,,0,0,0,34.0,36.7,38.5,0.27,0.25,0.30
WFMB,2016-04-05 18:25:00 EDT,44.39323,-73.85883,2016,22.7,22.9,17.3,32.0,-2.8,0.000,0.000,0.00,0.000,4.0,8.1,1.7,261,38,,,,,,4.0,8.1,1.7,261,38,17,28.06,,0,0,0,34.0,36.7,38.5,0.27,0.25,0.30
WFMB,2016-04-05 18:30:00 EDT,44.39323,-73.85883,2016,22.7,22.8,22.7,31.1,-3.4,0.000,0.000,0.00,0.000,2.6,7.2,1.7,261,37,,,,,,2.6,7.2,1.7,261,37,16,28.06,,0,0,0,34.0,36.7,38.5,0.27,0.25,0.30
WFMB,2016-04-05 18:35:00 EDT,44.39323,-73.85883,2016,22.6,22.8,18.1,31.4,-3.3,0.000,0.000,0.00,0.000,3.3,8.0,1.7,292,28,,,,,,3.3,8.0,1.7,292,28,16,28.06,,0,0,0,34.0,36.7,38.5,0.27,0.25,0.30
WFMB,2016-04-05 18:40:00 EDT,44.39323,-73.85883,2016,22.5,22.7,22.5,29.9,-4.3,0.000,0.000,0.00,0.000,2.4,8.8,1.6,262,38,,,,,,2.4,8.8,1.6,262,38,15,28.06,,0,0,0,34.0,36.7,38.5,0.27,0.25,0.30
WFMB,2016-04-05 18:45:00 EDT,44.39323,-73.85883,2016,22.4,22.7,18.4,31.2,-3.6,0.000,0.000,0.00,0.000,3.0,9.4,1.9,275,55,,,,,,3.0,9.4,1.9,275,55,14,28.06,,0,0,0,34.0,36.7,38.5,0.27,0.25,0.30
WFMB,2016-04-05 18:50:00 EDT,44.39323,-73.85883,2016,22.3,22.7,22.3,33.3,-2.3,0.000,0.000,0.00,0.000,2.0,6.0,1.5,205,25,,,,,,2.0,6.0,1.5,205,25,13,28.06,,0,0,0,34.0,36.7,38.5,0.27,0.25,0.30
WFMB,2016-04-05 18:55:00 EDT,44.39323,-73.85883,2016,22.3,22.7,22.3,34.3,-1.6,0.000,0.000,0.00,0.000,1.1,4.3,1.0,205,49,,,,,,1.1,4.3,1.0,205,49,12,28.06,,0,0,0,34.0,36.7,38.5,0.27,0.25,0.30
WFMB,2016-04-05 19:00:00 EDT,44.39323,-73.85883,2016,22.2,22.6,22.2,34.2,-1.8,0.000,0.000,0.00,0.000,2.0,5.5,1.3,203,50,,,,,,2.0,5.5,1.3,203,50,11,28.06,,0,0,0,34.0,36.7,38.5,0.27,0.25,0.30
WFMB,2016-04-05 19:05:00 EDT,44.39323,-73.85883,2016,22.1,22.5,22.1,34.7,-1.6,0.000,0.000,0.00,0.000,1.1,2.5,0.7,354,41,,,,,,1.1,2.5,0.7,354,41,10,28.06,,0,0,0,34.0,36.7,38.5,0.27,0.25,0.30
WFMB,2016-04-05 19:10:00 EDT,44.39323,-73.85883,2016,22.2,22.5,18.2,32.9,-2.6,0.000,0.000,0.00,0.000,3.0,6.0,1.1,302,58,,,,,,3.0,6.0,1.1,302,58,9,28.06,,0,0,0,34.0,36.7,38.5,0.27,0.25,0.30
WFMB,2016-04-05 19:15:00 EDT,44.39323,-73.85883,2016,22.1,22.4,22.1,32.6,-2.9,0.000,0.000,0.00,0.000,1.2,3.9,1.0,300,40,,,,,,1.2,3.9,1.0,300,40,8,28.06,,0,0,0,34.0,36.7,38.5,0.27,0.25,0.30
WFMB,2016-04-05 19:20:00 EDT,44.39323,-73.85883,2016,21.6,22.2,21.6,35.5,-1.5,0.000,0.000,0.00,0.000,1.4,3.1,0.8,219,52,,,,,,1.4,3.1,0.8,219,52,6,28.06,,0,0,0,33.9,36.7,38.5,0.27,0.25,0.30
WFMB,2016-04-05 19:25:00 EDT,44.39323,-73.85883,2016,21.9,22.3,21.9,33.8,-2.3,0.000,0.000,0.00,0.000,1.4,5.5,1.2,190,45,,,,,,1.4,5.5,1.2,190,45,5,28.06,,0,0,0,33.9,36.7,38.5,0.27,0.25,0.30
WFMB,2016-04-05 19:30:00 EDT,44.39323,-73.85883,2016,22.0,22.2,22.0,33.1,-2.8,0.000,0.000,0.00,0.000,1.1,5.0,1.0,136,59,,,,,,1.1,5.0,1.0,136,59,4,28.06,,0,0,0,33.9,36.7,38.5,0.27,0.25,0.30
WFMB,2016-04-05 19:35:00 EDT,44.39323,-73.85883,2016,21.5,22.1,21.5,35.1,-1.9,0.000,0.000,0.00,0.000,0.7,2.5,0.6,205,29,,,,,,0.7,2.5,0.6,205,29,2,28.06,,0,0,0,33.8,36.7,38.5,0.27,0.25,0.30
WFMB,2016-04-05 19:40:00 EDT,44.39323,-73.85883,2016,21.3,21.8,21.3,35.3,-1.9,0.000,0.000,0.00,0.000,2.8,7.2,1.3,304,51,,,,,,2.8,7.2,1.3,304,51,1,28.06,,0,0,0,33.8,36.7,38.5,0.27,0.25,0.30
WFMB,2016-04-05 19:45:00 EDT,44.39323,-73.85883,2016,21.6,21.9,21.6,34.1,-2.4,0.000,0.000,0.00,0.000,1.4,8.4,1.7,223,34,,,,,,1.4,8.4,1.7,223,34,0,28.06,,0,0,0,33.8,36.7,38.5,0.27,0.25,0.30
WFMB,2016-04-05 19:50:00 EDT,44.39323,-73.85883,2016,21.3,21.7,21.3,34.3,-2.6,0.000,0.000,0.00,0.000,2.1,6.1,1.4,256,51,,,,,,2.1,6.1,1.4,256,51,0,28.06,,0,0,0,33.8,36.7,38.5,0.27,0.25,0.30
WFMB,2016-04-05 19:55:00 EDT,44.39323,-73.85883,2016,20.9,21.5,20.9,35.8,-2.0,0.000,0.000,0.00,0.000,1.5,5.2,1.5,251,30,,,,,,1.5,5.2,1.5,251,30,0,28.06,,0,0,0,33.8,36.7,38.5,0.27,0.25,0.30
WFMB,2016-04-05 20:00:00 EDT,44.39323,-73.85883,2016,20.9,21.5,20.9,35.8,-2.1,0.000,0.000,0.00,0.000,1.9,4.3,0.9,309,32,,,,,,1.9,4.3,0.9,309,32,0,28.06,,0,0,0,33.8,36.7,38.5,0.27,0.25,0.30
WFMB,2016-04-05 20:05:00 EDT,44.39323,-73.85883,2016,20.9,21.4,20.9,35.5,-2.2,0.000,0.000,0.00,0.000,1.5,3.3,0.9,185,42,,,,,,1.5,3.3,0.9,185,42,0,28.06,,0,0,0,33.8,36.7,38.5,0.27,0.25,0.30
WFMB,2016-04-05 20:10:00 EDT,44.39323,-73.85883,2016,20.8,21.3,20.8,35.5,-2.3,0.000,0.000,0.00,0.000,0.9,2.9,0.9,233,29,,,,,,0.9,2.9,0.9,233,29,0,28.06,,0,0,0,33.8,36.7,38.5,0.27,0.25,0.30
WFMB,2016-04-05 20:15:00 EDT,44.39323,-73.85883,2016,20.9,21.4,20.9,33.9,-3.1,0.000,0.000,0.00,0.000,1.1,3.1,1.1,239,29,,,,,,1.1,3.1,1.1,239,29,0,28.06,,0,0,0,33.8,36.7,38.5,0.27,0.25,0.30
WFMB,2016-04-05 20:20:00 EDT,44.39323,-73.85883,2016,20.7,21.3,20.7,34.6,-2.9,0.000,0.000,0.00,0.000,1.5,4.8,1.2,282,26,,,,,,1.5,4.8,1.2,282,26,0,28.06,,0,0,0,33.8,36.7,38.4,0.27,0.25,0.30
WFMB,2016-04-05 20:25:00 EDT,44.39323,-73.85883,2016,20.5,21.1,20.5,36.7,-1.9,0.000,0.000,0.00,0.000,0.8,2.8,0.9,254,26,,,,,,0.8,2.8,0.9,254,26,0,28.06,,0,0,0,33.8,36.7,38.5,0.27,0.25,0.30
WFMB,2016-04-05 20:30:00 EDT,44.39323,-73.85883,2016,20.8,21.1,20.8,33.9,-3.2,0.000,0.000,0.00,0.000,0.8,2.8,0.6,219,23,,,,,,0.8,2.8,0.6,219,23,0,28.06,,0,0,0,33.8,36.7,38.4,0.27,0.25,0.30
WFMB,2016-04-05 20:35:00 EDT,44.39323,-73.85883,2016,20.6,21.1,20.6,33.8,-3.5,0.000,0.000,0.00,0.000,1.3,3.4,0.9,322,44,,,,,,1.3,3.4,0.9,322,44,0,28.06,,0,0,0,33.8,36.7,38.4,0.27,0.25,0.30
WFMB,2016-04-05 20:40:00 EDT,44.39323,-73.85883,2016,19.9,20.7,19.9,37.1,-2.1,0.000,0.000,0.00,0.000,0.8,1.9,0.6,282,70,,,,,,0.8,1.9,0.6,282,70,0,28.06,,0,0,0,33.8,36.7,38.4,0.27,0.25,0.30
WFMB,2016-04-05 20:45:00 EDT,44.39323,-73.85883,2016,20.2,20.9,20.2,35.5,-2.8,0.000,0.000,0.00,0.000,1.3,4.1,0.9,275,32,,,,,,1.3,4.1,0.9,275,32,0,28.06,,0,0,0,33.8,36.7,38.4,0.27,0.25,0.30
WFMB,2016-04-05 20:50:00 EDT,44.39323,-73.85883,2016,20.3,21.0,20.3,34.4,-3.4,0.000,0.000,0.00,0.000,1.3,3.1,0.8,267,27,,,,,,1.3,3.1,0.8,267,27,0,28.06,,0,0,0,33.8,36.7,38.4,0.27,0.25,0.30
WFMB,2016-04-05 20:55:00 EDT,44.39323,-73.85883,2016,20.0,21.0,20.0,35.4,-3.0,0.000,0.000,0.00,0.000,1.0,3.7,0.8,262,51,,,,,,1.0,3.7,0.8,262,51,0,28.06,,0,0,0,33.8,36.7,38.4,0.27,0.25,0.30
WFMB,2016-04-05 21:00:00 EDT,44.39323,-73.85883,2016,20.1,20.9,20.1,35.6,-2.8,0.000,0.000,0.00,0.000,2.4,5.1,0.9,232,43,,,,,,2.4,5.1,0.9,232,43,0,28.06,,0,0,0,33.8,36.7,38.4,0.27,0.25,0.30
WFMB,2016-04-05 21:05:00 EDT,44.39323,-73.85883,2016,19.8,20.8,19.8,36.0,-2.9,0.000,0.000,0.00,0.000,0.5,1.8,0.5,262,26,,,,,,0.5,1.8,0.5,262,26,0,28.06,,0,0,0,33.8,36.7,38.3,0.27,0.25,0.30
WFMB,2016-04-05 21:10:00 EDT,44.39323,-73.85883,2016,20.0,20.8,20.0,36.5,-2.4,0.000,0.000,0.00,0.000,1.9,3.4,0.8,278,31,,,,,,1.9,3.4,0.8,278,31,0,28.06,,0,0,0,33.8,36.7,38.4,0.27,0.25,0.30
WFMB,2016-04-05 21:15:00 EDT,44.39323,-73.85883,2016,19.8,20.7,19.8,37.2,-2.2,0.000,0.000,0.00,0.000,2.3,4.7,1.0,302,58,,,,,,2.3,4.7,1.0,302,58,0,28.06,,0,0,0,33.8,36.7,38.3,0.27,0.25,0.30
WFMB,2016-04-05 21:20:00 EDT,44.39323,-73.85883,2016,19.7,20.7,19.7,37.2,-2.3,0.000,0.000,0.00,0.000,1.1,3.7,1.0,285,25,,,,,,1.1,3.7,1.0,285,25,0,28.06,,0,0,0,33.8,36.7,38.3,0.27,0.25,0.30
WFMB,2016-04-05 21:25:00 EDT,44.39323,-73.85883,2016,19.2,20.5,19.2,39.8,-1.3,0.000,0.000,0.00,0.000,1.5,4.5,1.0,308,58,,,,,,1.5,4.5,1.0,308,58,0,28.06,,0,0,0,33.8,36.7,38.3,0.27,0.25,0.30
WFMB,2016-04-05 21:30:00 EDT,44.39323,-73.85883,2016,19.5,20.6,19.5,38.3,-1.8,0.000,0.000,0.00,0.000,0.7,2.4,0.8,277,22,,,,,,0.7,2.4,0.8,277,22,0,28.06,,0,0,0,33.8,36.7,38.3,0.27,0.25,0.30
WFMB,2016-04-05 21:35:00 EDT,44.39323,-73.85883,2016,19.9,20.6,19.9,36.3,-2.6,0.000,0.000,0.00,0.000,1.8,4.7,1.2,260,37,,,,,,1.8,4.7,1.2,260,37,0,28.06,,0,0,0,33.8,36.7,38.3,0.27,0.25,0.30
WFMB,2016-04-05 21:40:00 EDT,44.39323,-73.85883,2016,19.8,20.8,19.8,37.6,-2.0,0.000,0.000,0.00,0.000,0.9,5.2,1.2,278,35,,,,,,0.9,5.2,1.2,278,35,0,28.06,,0,0,0,33.8,36.7,38.3,0.26,0.25,0.30
WFMB,2016-04-05 21:45:00 EDT,44.39323,-73.85883,2016,19.3,20.6,19.3,39.5,-1.4,0.000,0.000,0.00,0.000,0.6,2.2,0.6,77,55,,,,,,0.6,2.2,0.6,77,55,0,28.06,,0,0,0,33.8,36.7,38.3,0.26,0.25,0.30
WFMB,2016-04-05 21:50:00 EDT,44.39323,-73.85883,2016,19.3,20.5,19.3,39.2,-1.6,0.000,0.000,0.00,0.000,1.5,6.6,1.3,293,47,,,,,,1.5,6.6,1.3,293,47,0,28.06,,0,0,0,33.8,36.7,38.3,0.26,0.25,0.30
WFMB,2016-04-05 21:55:00 EDT,44.39323,-73.85883,2016,20.4,20.9,16.1,36.2,-2.2,0.000,0.000,0.00,0.000,3.1,6.2,1.1,294,36,,,,,,3.1,6.2,1.1,294,36,0,28.06,,0,0,0,33.8,36.7,38.3,0.26,0.25,0.30
WFMB,2016-04-05 22:00:00 EDT,44.39323,-73.85883,2016,20.1,20.9,20.1,37.5,-1.8,0.000,0.000,0.00,0.000,1.6,5.3,1.3,349,42,,,,,,1.6,5.3,1.3,349,42,0,28.06,,0,0,0,33.7,36.7,38.3,0.26,0.25,0.30
WFMB,2016-04-05 22:05:00 EDT,44.39323,-73.85883,2016,20.3,20.8,20.3,37.0,-1.8,0.000,0.000,0.00,0.000,2.0,5.6,1.3,319,44,,,,,,2.0,5.6,1.3,319,44,0,28.07,,0,0,0,33.7,36.7,38.3,0.26,0.25,0.30
WFMB,2016-04-05 22:10:00 EDT,44.39323,-73.85883,2016,19.9,20.5,19.9,39.4,-0.9,0.000,0.000,0.00,0.000,3.0,6.6,1.2,256,42,,,,,,3.0,6.6,1.2,256,42,0,28.07,,0,0,0,33.7,36.7,38.3,0.27,0.25,0.30
WFMB,2016-04-05 22:15:00 EDT,44.39323,-73.85883,2016,19.5,20.3,19.5,41.6,-0.1,0.000,0.000,0.00,0.000,2.1,4.4,0.8,300,45,,,,,,2.1,4.4,0.8,300,45,0,28.07,,0,0,0,33.7,36.7,38.3,0.27,0.25,0.30
WFMB,2016-04-05 22:20:00 EDT,44.39323,-73.85883,2016,19.7,20.1,19.7,42.0,0.3,0.000,0.000,0.00,0.000,1.1,3.9,1.1,256,34,,,,,,1.1,3.9,1.1,256,34,0,28.07,,0,0,0,33.7,36.7,38.3,0.26,0.25,0.30
WFMB,2016-04-05 22:25:00 EDT,44.39323,-73.85883,2016,19.6,20.0,19.6,43.0,0.6,0.000,0.000,0.00,0.000,1.8,6.0,1.2,280,50,,,,,,1.8,6.0,1.2,280,50,0,28.06,,0,0,0,33.7,36.7,38.3,0.26,0.25,0.30
WFMB,2016-04-05 22:30:00 EDT,44.39323,-73.85883,2016,19.3,19.9,19.3,45.0,1.4,0.000,0.000,0.00,0.000,2.2,5.6,1.3,290,51,,,,,,2.2,5.6,1.3,290,51,0,28.06,,0,0,0,33.6,36.6,38.3,0.26,0.25,0.30
WFMB,2016-04-05 22:35:00 EDT,44.39323,-73.85883,2016,19.3,19.9,19.3,45.2,1.5,0.000,0.000,0.00,0.000,2.2,5.8,1.2,298,38,,,,,,2.2,5.8,1.2,298,38,0,28.06,,0,0,0,33.6,36.6,38.3,0.26,0.25,0.30
WFMB,2016-04-05 22:40:00 EDT,44.39323,-73.85883,2016,18.6,19.7,18.6,46.8,1.6,0.000,0.000,0.00,0.000,1.4,3.5,1.1,341,28,,,,,,1.4,3.5,1.1,341,28,0,28.06,,0,0,0,33.6,36.6,38.3,0.26,0.25,0.30
WFMB,2016-04-05 22:45:00 EDT,44.39323,-73.85883,2016,19.1,19.9,19.1,46.8,2.1,0.000,0.000,0.00,0.000,2.2,5.1,1.3,320,40,,,,,,2.2,5.1,1.3,320,40,0,28.06,,0,0,0,33.6,36.6,38.3,0.26,0.25,0.30
WFMB,2016-04-05 22:50:00 EDT,44.39323,-73.85883,2016,19.2,19.8,19.2,46.2,1.9,0.000,0.000,0.00,0.000,1.2,5.0,1.2,276,53,,,,,,1.2,5.0,1.2,276,53,0,28.06,,0,0,0,33.6,36.5,38.3,0.26,0.25,0.30
WFMB,2016-04-05 22:55:00 EDT,44.39323,-73.85883,2016,19.4,19.8,19.4,46.7,2.3,0.000,0.000,0.00,0.000,1.8,4.0,1.1,294,47,,,,,,1.8,4.0,1.1,294,47,0,28.06,,0,0,0,33.6,36.5,38.3,0.26,0.25,0.30
WFMB,2016-04-05 23:00:00 EDT,44.39323,-73.85883,2016,19.2,19.6,13.2,47.3,2.4,0.000,0.000,0.00,0.000,4.1,14.0,2.5,256,36,,,,,,4.1,14.0,2.5,256,36,0,28.06,,0,0,0,33.6,36.5,38.3,0.26,0.25,0.30
WFMB,2016-04-05 23:05:00 EDT,44.39323,-73.85883,2016,19.1,19.5,13.9,48.4,2.8,0.000,0.000,0.00,0.000,3.5,10.2,2.3,292,42,,,,,,3.5,10.2,2.3,292,42,0,28.07,,0,0,0,33.6,36.5,38.3,0.26,0.25,0.30
WFMB,2016-04-05 23:10:00 EDT,44.39323,-73.85883,2016,19.0,19.4,14.5,48.7,2.8,0.000,0.000,0.00,0.000,3.0,8.9,2.0,228,74,,,,,,3.0,8.9,2.0,228,74,0,28.06,,0,0,0,33.6,36.5,38.3,0.26,0.25,0.30
WFMB,2016-04-05 23:15:00 EDT,44.39323,-73.85883,2016,18.9,19.3,14.4,49.1,2.9,0.000,0.000,0.00,0.000,3.1,11.5,2.7,244,51,,,,,,3.1,11.5,2.7,244,51,0,28.06,,0,0,0,33.6,36.5,38.3,0.26,0.25,0.30
WFMB,2016-04-05 23:20:00 EDT,44.39323,-73.85883,2016,18.5,19.0,18.5,50.3,3.0,0.000,0.000,0.00,0.000,1.9,3.8,0.9,15,38,,,,,,1.9,3.8,0.9,15,38,0,28.07,,0,0,0,33.6,36.5,38.3,0.26,0.25,0.30
WFMB,2016-04-05 23:25:00 EDT,44.39323,-73.85883,2016,18.2,18.8,18.2,52.0,3.5,0.000,0.000,0.00,0.000,2.8,7.4,1.8,180,71,,,,,,2.8,7.4,1.8,180,71,0,28.07,,0,0,0,33.6,36.5,38.3,0.26,0.25,0.30
WFMB,2016-04-05 23:30:00 EDT,44.39323,-73.85883,2016,18.6,18.9,18.6,51.2,3.5,0.000,0.000,0.00,0.000,2.6,9.4,1.5,296,50,,,,,,2.6,9.4,1.5,296,50,0,28.06,,0,0,0,33.6,36.5,38.3,0.26,0.25,0.30
WFMB,2016-04-05 23:35:00 EDT,44.39323,-73.85883,2016,18.6,18.9,18.6,50.2,3.1,0.000,0.000,0.00,0.000,0.9,3.9,0.9,309,68,,,,,,0.9,3.9,0.9,309,68,0,28.07,,0,0,0,33.6,36.5,38.3,0.26,0.25,0.30
WFMB,2016-04-05 23:40:00 EDT,44.39323,-73.85883,2016,18.6,19.0,18.6,50.1,3.1,0.000,0.000,0.00,0.000,3.0,9.6,2.0,237,54,,,,,,3.0,9.6,2.0,237,54,0,28.07,,0,0,0,33.6,36.5,38.3,0.26,0.25,0.30
WFMB,2016-04-05 23:45:00 EDT,44.39323,-73.85883,2016,18.0,18.5,18.0,52.2,3.4,0.000,0.000,0.00,0.000,2.6,5.9,1.3,26,51,,,,,,2.6,5.9,1.3,26,51,0,28.07,,0,0,0,33.6,36.5,38.3,0.26,0.25,0.30
WFMB,2016-04-05 23:50:00 EDT,44.39323,-73.85883,2016,18.3,18.7,18.3,52.3,3.7,0.000,0.000,0.00,0.000,2.8,6.4,1.3,187,70,,,,,,2.8,6.4,1.3,187,70,0,28.07,,0,0,0,33.6,36.5,38.3,0.26,0.25,0.30
WFMB,2016-04-05 23:55:00 EDT,44.39323,-73.85883,2016,18.2,18.7,12.3,54.3,4.4,0.000,0.000,0.00,0.000,3.9,9.5,2.5,255,35,,,,,,3.9,9.5,2.5,255,35,0,28.07,,0,0,0,33.6,36.5,38.3,0.26,0.25,0.30
WHIT,2016-04-05 00:00:00 EDT,43.48507,-73.42307,120,13.0,17.0,13.0,78.3,7.5,0.000,0.234,0.00,0.000,0.2,0.7,0.3,130,4,,,,,,0.2,0.7,0.3,130,4,0,30.04,,0,0,0,37.2,41.6,42.8,0.58,0.70,0.75
WHIT,2016-04-05 00:05:00 EDT,43.48507,-73.42307,120,13.8,16.6,13.8,79.8,8.7,0.000,0.000,0.00,0.000,0.2,0.9,0.3,163,22,,,,,,0.2,0.9,0.3,163,22,0,30.04,,0,0,0,37.2,41.6,42.8,0.58,0.70,0.75
WHIT,2016-04-05 00:10:00 EDT,43.48507,-73.42307,120,15.0,16.6,15.0,86.5,11.7,0.000,0.000,0.00,0.000,0.2,1.1,0.3,235,13,,,,,,0.2,1.1,0.3,235,13,0,30.04,,0,0,0,37.2,41.5,42.7,0.58,0.70,0.75
WHIT,2016-04-05 00:15:00 EDT,43.48507,-73.42307,120,14.0,16.8,14.0,89.5,11.5,0.000,0.000,0.00,0.000,0.3,1.1,0.3,255,1,,,,,,0.3,1.1,0.3,255,1,0,30.04,,0,0,0,37.2,41.6,42.7,0.58,0.70,0.75
WHIT,2016-04-05 00:20:00 EDT,43.48507,-73.42307,120,13.1,17.2,13.1,90.1,10.7,0.000,0.000,0.00,0.000,0.7,2.5,0.6,315,17,,,,,,0.7,2.5,0.6,315,17,0,30.04,,0,0,0,37.2,41.6,42.8,0.58,0.70,0.75
WHIT,2016-04-05 00:25:00 EDT,43.48507,-73.42307,120,10.3,16.0,10.3,89.4,7.8,0.000,0.000,0.00,0.000,1.3,1.8,0.2,313,7,,,,,,1.3,1.8,0.2,313,7,0,30.04,,0,0,0,37.2,41.5,42.7,0.58,0.70,0.75
WHIT,2016-04-05 00:30:00 EDT,43.48507,-73.42307,120,9.6,15.4,9.6,89.2,7.1,0.000,0.000,0.00,0.000,1.0,1.4,0.3,320,8,,,,,,1.0,1.4,0.3,320,8,0,30.04,,0,0,0,37.2,41.5,42.7,0.58,0.70,0.75
WHIT,2016-04-05 00:35:00 EDT,43.48507,-73.42307,120,9.9,15.1,9.9,91.2,7.8,0.000,0.000,0.00,0.000,0.9,1.7,0.4,340,9,,,,,,0.9,1.7,0.4,340,9,0,30.05,,0,0,0,37.2,41.5,42.7,0.58,0.70,0.75
WHIT,2016-04-05 00:40:00 EDT,43.48507,-73.42307,120,10.3,14.9,10.3,91.4,8.3,0.000,0.000,0.00,0.000,0.2,0.9,0.3,3,4,,,,,,0.2,0.9,0.3,3,4,0,30.05,,0,0,0,37.2,41.5,42.6,0.58,0.70,0.75
WHIT,2016-04-05 00:45:00 EDT,43.48507,-73.42307,120,10.8,14.4,10.8,91.5,8.9,0.000,0.000,0.00,0.000,0.3,0.9,0.3,3,2,,,,,,0.3,0.9,0.3,3,2,0,30.05,,0,0,0,37.2,41.5,42.7,0.58,0.70,0.75
WHIT,2016-04-05 00:50:00 EDT,43.48507,-73.42307,120,9.8,12.9,9.8,91.1,7.8,0.000,0.000,0.00,0.000,0.4,1.7,0.6,174,7,,,,,,0.4,1.7,0.6,174,7,0,30.05,,0,0,0,37.2,41.5,42.7,0.58,0.70,0.75
WHIT,2016-04-05 00:55:00 EDT,43.48507,-73.42307,120,10.4,12.9,10.4,92.4,8.6,0.000,0.000,0.00,0.000,1.4,2.3,0.2,191,11,,,,,,1.4,2.3,0.2,191,11,0,30.05,,0,0,0,37.2,41.5,42.6,0.58,0.70,0.75
WHIT,2016-04-05 01:00:00 EDT,43.48507,-73.42307,120,11.4,12.9,11.4,93.5,9.9,0.000,0.000,0.00,0.000,1.1,1.9,0.4,184,8,,,,,,1.1,1.9,0.4,184,8,0,30.05,,0,0,0,37.2,41.5,42.6,0.58,0.70,0.75
WHIT,2016-04-05 01:05:00 EDT,43.48507,-73.42307,120,11.1,13.3,11.1,92.0,9.3,0.000,0.000,0.00,0.000,0.8,2.0,0.8,201,3,,,,,,0.8,2.0,0.8,201,3,0,30.05,,0,0,0,37.2,41.5,42.6,0.58,0.70,0.75
WHIT,2016-04-05 01:10:00 EDT,43.48507,-73.42307,120,6.9,12.3,6.9,86.9,3.8,0.000,0.000,0.00,0.000,0.1,0.6,0.2,135,1,,,,,,0.1,0.6,0.2,135,1,0,30.06,,0,0,0,37.2,41.5,42.6,0.58,0.70,0.75
WHIT,2016-04-05 01:15:00 EDT,43.48507,-73.42307,120,6.4,12.1,6.4,88.0,3.6,0.000,0.000,0.00,0.000,0.0,0.0,0.0,0,0,,,,,,0.0,0.0,0.0,0,0,0,30.06,,0,0,0,37.2,41.5,42.6,0.58,0.70,0.75
WHIT,2016-04-05 01:20:00 EDT,43.48507,-73.42307,120,6.4,11.7,6.4,89.9,4.1,0.000,0.000,0.00,0.000,0.1,0.7,0.2,94,0,,,,,,0.1,0.7,0.2,94,0,0,30.06,,0,0,0,37.2,41.5,42.6,0.58,0.70,0.75
WHIT,2016-04-05 01:25:00 EDT,43.48507,-73.42307,120,6.6,11.6,6.6,90.0,4.3,0.000,0.000,0.00,0.000,0.0,0.0,0.0,0,0,,,,,,0.0,0.0,0.0,0,0,0,30.06,,0,0,0,37.2,41.5,42.6,0.58,0.70,0.75
WHIT,2016-04-05 01:30:00 EDT,43.48507,-73.42307,120,7.9,11.0,7.9,89.4,5.4,0.000,0.000,0.00,0.000,0.0,0.0,0.0,0,0,,,,,,0.0,0.0,0.0,0,0,0,30.06,,0,0,0,37.2,41.5,42.6,0.58,0.70,0.75
WHIT,2016-04-05 01:35:00 EDT,43.48507,-73.42307,120,8.2,11.4,8.2,90.8,6.0,0.000,0.000,0.00,0.000,0.2,0.7,0.3,19,14,,,,,,0.2,0.7,0.3,19,14,0,30.06,,0,0,0,37.2,41.4,42.6,0.58,0.70,0.75
WHIT,2016-04-05 01:40:00 EDT,43.48507,-73.42307,120,8.0,11.5,8.0,92.6,6.3,0.000,0.000,0.00,0.000,0.6,1.0,0.4,109,17,,,,,,0.6,1.0,0.4,109,17,0,30.06,,0,0,0,37.2,41.4,42.6,0.58,0.70,0.75
WHIT,2016-04-05 01:45:00 EDT,43.48507,-73.42307,120,6.3,10.9,6.3,89.6,3.9,0.000,0.000,0.00,0.000,2.0,2.8,0.5,156,9,,,,,,2.0,2.8,0.5,156,9,0,30.06,,0,0,0,37.2,41.4,42.6,0.58,0.70,0.75
WHIT,2016-04-05 01:50:00 EDT,43.48507,-73.42307,120,6.1,11.5,6.1,89.0,3.6,0.000,0.000,0.00,0.000,2.0,2.6,0.4,192,23,,,,,,2.0,2.6,0.4,192,23,0,30.06,,0,0,0,37.2,41.4,42.6,0.58,0.70,0.75
WHIT,2016-04-05 01:55:00 EDT,43.48507,-73.42307,120,8.9,10.7,8.9,91.0,6.8,0.000,0.000,0.00,0.000,1.0,1.5,0.3,208,8,,,,,,1.0,1.5,0.3,208,8,0,30.07,,0,0,0,37.1,41.4,42.6,0.58,0.70,0.75
WHIT,2016-04-05 02:00:00 EDT,43.48507,-73.42307,120,9.1,11.3,9.1,92.8,7.5,0.000,0.000,0.00,0.000,0.9,1.9,0.6,228,8,,,,,,0.9,1.9,0.6,228,8,0,30.07,,0,0,0,37.1,41.4,42.6,0.58,0.70,0.75
WHIT,2016-04-05 02:05:00 EDT,43.48507,-73.42307,120,5.7,11.2,5.7,90.4,3.5,0.000,0.000,0.00,0.000,0.0,0.0,0.0,0,0,,,,,,0.0,0.0,0.0,0,0,0,30.07,,0,0,0,37.1,41.4,42.6,0.58,0.70,0.75
WHIT,2016-04-05 02:10:00 EDT,43.48507,-73.42307,120,6.3,10.7,6.3,89.9,4.0,0.000,0.000,0.00,0.000,0.0,0.1,0.0,6,0,,,,,,0.0,0.1,0.0,6,0,0,30.07,,0,0,0,37.1,41.4,42.6,0.58,0.70,0.75
WHIT,2016-04-05 02:15:00 EDT,43.48507,-73.42307,120,7.4,10.7,7.4,90.0,5.0,0.000,0.000,0.00,0.000,0.0,0.0,0.0,0,0,,,,,,0.0,0.0,0.0,0,0,0,30.07,,0,0,0,37.1,41.4,42.6,0.58,0.70,0.75
WHIT,2016-04-05 02:20:00 EDT,43.48507,-73.42307,120,7.6,10.8,7.6,90.5,5.4,0.000,0.000,0.00,0.000,0.0,0.0,0.0,0,0,,,,,,0.0,0.0,0.0,0,0,0,30.07,,0,0,0,37.1,41.4,42.6,0.58,0.70,0.75
WHIT,2016-04-05 02:25:00 EDT,43.48507,-73.42307,120,6.2,10.9,6.2,88.6,3.5,0.000,0.000,0.00,0.000,0.0,0.0,0.0,0,0,,,,,,0.0,0.0,0.0,0,0,0,30.07,,0,0,0,37.0,41.3,42.6,0.58,0.70,0.75
WHIT,2016-04-05 02:30:00 EDT,43.48507,-73.42307,120,7.0,11.1,7.0,88.5,4.3,0.000,0.000,0.00,0.000,0.0,0.0,0.0,0,0,,,,,,0.0,0.0,0.0,0,0,0,30.07,,0,0,0,37.1,41.4,42.6,0.58,0.70,0.75
WHIT,2016-04-05 02:35:00 EDT,43.48507,-73.42307,120,7.4,11.2,7.4,90.0,5.1,0.000,0.000,0.00,0.000,0.0,0.0,0.0,0,0,,,,,,0.0,0.0,0.0,0,0,0,30.07,,0,0,0,37.1,41.4,42.6,0.58,0.70,0.75
WHIT,2016-04-05 02:40:00 EDT,43.48507,-73.42307,120,7.5,10.9,7.5,89.2,5.0,0.000,0.000,0.00,0.000,0.0,0.0,0.0,0,0,,,,,,0.0,0.0,0.0,0,0,0,30.07,,0,0,0,37.0,41.4,42.6,0.58,0.70,0.75
WHIT,2016-04-05 02:45:00 EDT,43.48507,-73.42307,120,6.9,10.7,6.9,88.6,4.3,0.000,0.000,0.00,0.000,0.0,0.0,0.0,0,0,,,,,,0.0,0.0,0.0,0,0,0,30.07,,0,0,0,37.1,41.3,42.6,0.58,0.70,0.75
WHIT,2016-04-05 02:50:00 EDT,43.48507,-73.42307,120,6.6,10.7,6.6,87.6,3.7,0.000,0.000,0.00,0.000,0.4,1.2,0.5,195,7,,,,,,0.4,1.2,0.5,195,7,0,30.08,,0,0,0,37.0,41.4,42.6,0.58,0.70,0.75
WHIT,2016-04-05 02:55:00 EDT,43.48507,-73.42307,120,6.2,10.9,6.2,87.4,3.2,0.000,0.000,0.00,0.000,1.0,1.5,0.2,221,9,,,,,,1.0,1.5,0.2,221,9,0,30.08,,0,0,0,37.1,41.4,42.6,0.58,0.70,0.75
WHIT,2016-04-05 03:00:00 EDT,43.48507,-73.42307,120,7.0,10.8,7.0,87.9,4.2,0.000,0.000,0.00,0.000,1.3,1.8,0.2,202,3,,,,,,1.3,1.8,0.2,202,3,0,30.08,,0,0,0,37.0,41.3,42.6,0.58,0.70,0.75
WHIT,2016-04-05 03:05:00 EDT,43.48507,-73.42307,120,6.9,10.8,6.9,87.5,4.0,0.000,0.000,0.00,0.000,1.1,1.7,0.4,201,5,,,,,,1.1,1.7,0.4,201,5,0,30.08,,0,0,0,37.0,41.4,42.6,0.58,0.70,0.75
WHIT,2016-04-05 03:10:00 EDT,43.48507,-73.42307,120,6.1,10.6,6.1,87.9,3.3,0.000,0.000,0.00,0.000,0.2,0.7,0.3,179,9,,,,,,0.2,0.7,0.3,179,9,0,30.08,,0,0,0,37.0,41.3,42.6,0.58,0.70,0.75
WHIT,2016-04-05 03:15:00 EDT,43.48507,-73.42307,120,5.1,10.2,5.1,86.7,2.0,0.000,0.000,0.00,0.000,0.5,0.9,0.2,153,6,,,,,,0.5,0.9,0.2,153,6,0,30.08,,0,0,0,37.0,41.3,42.6,0.58,0.70,0.75
WHIT,2016-04-05 03:20:00 EDT,43.48507,-73.42307,120,5.1,10.0,5.1,86.3,1.9,0.000,0.000,0.00,0.000,0.5,0.8,0.2,133,5,,,,,,0.5,0.8,0.2,133,5,0,30.08,,0,0,0,37.0,41.3,42.6,0.58,0.70,0.75
WHIT,2016-04-05 03:25:00 EDT,43.48507,-73.42307,120,4.9,9.4,4.9,86.2,1.6,0.000,0.000,0.00,0.000,0.0,0.3,0.1,119,0,,,,,,0.0,0.3,0.1,119,0,0,30.09,,0,0,0,37.0,41.3,42.6,0.58,0.70,0.75
WHIT,2016-04-05 03:30:00 EDT,43.48507,-73.42307,120,5.3,9.4,5.3,86.2,2.1,0.000,0.000,0.00,0.000,0.0,0.0,0.0,0,0,,,,,,0.0,0.0,0.0,0,0,0,30.09,,0,0,0,37.0,41.3,42.6,0.58,0.70,0.75
WHIT,2016-04-05 03:35:00 EDT,43.48507,-73.42307,120,6.8,9.2,6.8,88.2,4.1,0.000,0.000,0.00,0.000,0.0,0.0,0.0,0,0,,,,,,0.0,0.0,0.0,0,0,0,30.09,,0,0,0,37.0,41.3,42.6,0.58,0.70,0.75
WHIT,2016-04-05 03:40:00 EDT,43.48507,-73.42307,120,7.2,9.8,7.2,89.8,4.9,0.000,0.000,0.00,0.000,0.0,0.0,0.0,0,0,,,,,,0.0,0.0,0.0,0,0,0,30.09,,0,0,0,37.0,41.3,42.6,0.58,0.70,0.75
WHIT,2016-04-05 03:45:00 EDT,43.48507,-73.42307,120,7.3,9.8,7.3,89.2,4.8,0.000,0.000,0.00,0.000,0.0,0.1,0.0,158,0,,,,,,0.0,0.1,0.0,158,0,0,30.09,,0,0,0,37.0,41.2,42.6,0.58,0.70,0.75
WHIT,2016-04-05 03:50:00 EDT,43.48507,-73.42307,120,7.1,9.9,7.1,87.8,4.2,0.000,0.000,0.00,0.000,0.0,0.1,0.0,167,0,,,,,,0.0,0.1,0.0,167,0,0,30.09,,0,0,0,37.0,41.2,42.6,0.58,0.70,0.75
WHIT,2016-04-05 03:55:00 EDT,43.48507,-73.42307,120,6.4,9.6,6.4,86.9,3.3,0.000,0.000,0.00,0.000,0.0,0.0,0.0,0,0,,,,,,0.0,0.0,0.0,0,0,0,30.10,,0,0,0,37.0,41.2,42.6,0.58,0.70,0.75
WHIT,2016-04-05 04:00:00 EDT,43.48507,-73.42307,120,6.2,9.6,6.2,86.1,2.9,0.000,0.000,0.00,0.000,0.0,0.2,0.0,212,0,,,,,,0.0,0.2,0.0,212,0,0,30.10,,0,0,0,37.0,41.2,42.6,0.58,0.70,0.75
WHIT,2016-04-05 04:05:00 EDT,43.48507,-73.42307,120,7.0,9.6,7.0,88.0,4.1,0.000,0.000,0.00,0.000,0.0,0.3,0.0,212,0,,,,,,0.0,0.3,0.0,212,0,0,30.10,,0,0,0,37.0,41.2,42.6,0.58,0.70,0.75
WHIT,2016-04-05 04:10:00 EDT,43.48507,-73.42307,120,5.8,9.1,5.8,88.1,3.1,0.000,0.000,0.00,0.000,0.2,0.7,0.2,130,0,,,,,,0.2,0.7,0.2,130,0,0,30.10,,0,0,0,37.0,41.2,42.6,0.58,0.70,0.75
WHIT,2016-04-05 04:15:00 EDT,43.48507,-73.42307,120,4.6,9.2,4.6,85.1,1.1,0.000,0.000,0.00,0.000,0.5,0.9,0.3,129,1,,,,,,0.5,0.9,0.3,129,1,0,30.11,,0,0,0,37.0,41.2,42.6,0.58,0.70,0.75
WHIT,2016-04-05 04:20:00 EDT,43.48507,-73.42307,120,5.1,9.1,5.1,85.8,1.8,0.000,0.000,0.00,0.000,0.5,0.9,0.4,127,0,,,,,,0.5,0.9,0.4,127,0,0,30.11,,0,0,0,37.0,41.2,42.6,0.58,0.70,0.75
WHIT,2016-04-05 04:25:00 EDT,43.48507,-73.42307,120,4.9,9.0,4.9,87.0,1.9,0.000,0.000,0.00,0.000,0.1,0.7,0.2,127,0,,,,,,0.1,0.7,0.2,127,0,0,30.11,,0,0,0,37.0,41.2,42.6,0.58,0.70,0.75
WHIT,2016-04-05 04:30:00 EDT,43.48507,-73.42307,120,5.4,9.2,5.4,86.6,2.2,0.000,0.000,0.00,0.000,0.0,0.0,0.0,0,0,,,,,,0.0,0.0,0.0,0,0,0,30.11,,0,0,0,37.0,41.2,42.6,0.58,0.70,0.75
WHIT,2016-04-05 04:35:00 EDT,43.48507,-73.42307,120,5.7,9.1,5.7,87.7,2.9,0.000,0.000,0.00,0.000,0.2,0.7,0.3,303,38,,,,,,0.2,0.7,0.3,303,38,0,30.11,,0,0,0,37.0,41.2,42.6,0.58,0.70,0.75
WHIT,2016-04-05 04:40:00 EDT,43.48507,-73.42307,120,4.6,8.9,4.6,87.2,1.7,0.000,0.000,0.00,0.000,0.1,0.2,0.0,324,0,,,,,,0.1,0.2,0.0,324,0,0,30.11,,0,0,0,37.0,41.2,42.6,0.58,0.70,0.75
WHIT,2016-04-05 04:45:00 EDT,43.48507,-73.42307,120,5.2,8.8,5.2,87.5,2.3,0.000,0.000,0.00,0.000,0.1,0.1,0.0,324,0,,,,,,0.1,0.1,0.0,324,0,0,30.12,,0,0,0,37.0,41.2,42.6,0.58,0.70,0.75
WHIT,2016-04-05 04:50:00 EDT,43.48507,-73.42307,120,6.0,8.5,6.0,88.7,3.4,0.000,0.000,0.00,0.000,0.1,0.1,0.0,324,0,,,,,,0.1,0.1,0.0,324,0,0,30.12,,0,0,0,37.0,41.2,42.5,0.58,0.70,0.75
WHIT,2016-04-05 04:55:00 EDT,43.48507,-73.42307,120,4.1,8.0,4.1,87.0,1.0,0.000,0.000,0.00,0.000,0.2,0.5,0.2,117,18,,,,,,0.2,0.5,0.2,117,18,0,30.12,,0,0,0,37.0,41.2,42.5,0.58,0.70,0.75
WHIT,2016-04-05 05:00:00 EDT,43.48507,-73.42307,120,3.1,7.8,3.1,84.4,-0.5,0.000,0.000,0.00,0.000,0.0,0.4,0.1,151,0,,,,,,0.0,0.4,0.1,151,0,0,30.12,,0,0,0,37.0,41.2,42.5,0.58,0.70,0.75
WHIT,2016-04-05 05:05:00 EDT,43.48507,-73.42307,120,4.9,8.2,4.9,87.2,1.9,0.000,0.000,0.00,0.000,0.2,0.9,0.3,148,2,,,,,,0.2,0.9,0.3,148,2,0,30.13,,0,0,0,37.0,41.2,42.5,0.58,0.70,0.75
WHIT,2016-04-05 05:10:00 EDT,43.48507,-73.42307,120,4.6,8.4,4.6,87.8,1.8,0.000,0.000,0.00,0.000,0.3,1.0,0.4,181,18,,,,,,0.3,1.0,0.4,181,18,0,30.13,,0,0,0,37.0,41.1,42.5,0.58,0.70,0.75
WHIT,2016-04-05 05:15:00 EDT,43.48507,-73.42307,120,4.6,8.2,4.6,87.8,1.8,0.000,0.000,0.00,0.000,0.3,1.1,0.3,242,10,,,,,,0.3,1.1,0.3,242,10,0,30.13,,0,0,0,37.0,41.2,42.5,0.58,0.70,0.75
WHIT,2016-04-05 05:20:00 EDT,43.48507,-73.42307,120,4.9,8.2,4.9,86.0,1.7,0.000,0.000,0.00,0.000,0.0,0.1,0.0,238,0,,,,,,0.0,0.1,0.0,238,0,0,30.13,,0,0,0,37.0,41.1,42.5,0.58,0.70,0.75
WHIT,2016-04-05 05:25:00 EDT,43.48507,-73.42307,120,3.4,7.9,3.4,86.6,0.3,0.000,0.000,0.00,0.000,0.0,0.0,0.0,0,0,,,,,,0.0,0.0,0.0,0,0,0,30.13,,0,0,0,36.9,41.1,42.5,0.58,0.70,0.75
WHIT,2016-04-05 05:30:00 EDT,43.48507,-73.42307,120,1.9,6.8,1.9,85.3,-1.5,0.000,0.000,0.00,0.000,0.0,0.4,0.1,75,0,,,,,,0.0,0.4,0.1,75,0,0,30.14,,0,0,0,36.9,41.1,42.5,0.58,0.70,0.75
WHIT,2016-04-05 05:35:00 EDT,43.48507,-73.42307,120,2.5,7.1,2.5,84.7,-1.0,0.000,0.000,0.00,0.000,0.0,0.4,0.1,59,2,,,,,,0.0,0.4,0.1,59,2,0,30.14,,0,0,0,36.9,41.1,42.5,0.58,0.70,0.75
WHIT,2016-04-05 05:40:00 EDT,43.48507,-73.42307,120,3.6,7.5,3.6,86.5,0.5,0.000,0.000,0.00,0.000,0.0,0.0,0.0,0,0,,,,,,0.0,0.0,0.0,0,0,0,30.14,,0,0,0,36.9,41.1,42.5,0.58,0.70,0.75
WHIT,2016-04-05 05:45:00 EDT,43.48507,-73.42307,120,3.1,6.4,3.1,85.6,-0.3,0.000,0.000,0.00,0.000,0.0,0.1,0.0,107,0,,,,,,0.0,0.1,0.0,107,0,0,30.15,,0,0,0,36.9,41.1,42.5,0.58,0.70,0.75
WHIT,2016-04-05 05:50:00 EDT,43.48507,-73.42307,120,2.9,5.7,2.9,86.0,-0.3,0.000,0.000,0.00,0.000,0.1,0.4,0.2,120,8,,,,,,0.1,0.4,0.2,120,8,0,30.15,,0,0,0,36.9,41.0,42.4,0.58,0.70,0.75
WHIT,2016-04-05 05:55:00 EDT,43.48507,-73.42307,120,3.6,5.8,3.6,85.9,0.3,0.000,0.000,0.00,0.000,0.2,1.0,0.3,195,8,,,,,,0.2,1.0,0.3,195,8,0,30.15,,0,0,0,36.9,41.1,42.4,0.58,0.70,0.75
WHIT,2016-04-05 06:00:00 EDT,43.48507,-73.42307,120,4.2,6.6,4.2,87.4,1.3,0.000,0.000,0.00,0.000,0.1,0.7,0.2,208,1,,,,,,0.1,0.7,0.2,208,1,0,30.15,,0,0,0,36.9,41.0,42.4,0.58,0.70,0.75
WHIT,2016-04-05 06:05:00 EDT,43.48507,-73.42307,120,4.9,6.9,4.9,88.0,2.1,0.000,0.000,0.00,0.000,0.1,0.4,0.1,263,5,,,,,,0.1,0.4,0.1,263,5,0,30.16,,0,0,0,36.9,41.0,42.4,0.58,0.70,0.75
WHIT,2016-04-05 06:10:00 EDT,43.48507,-73.42307,120,4.3,6.9,4.3,86.7,1.2,0.000,0.000,0.00,0.000,0.0,0.4,0.1,290,0,,,,,,0.0,0.4,0.1,290,0,0,30.16,,0,0,0,36.9,41.0,42.4,0.58,0.70,0.75
WHIT,2016-04-05 06:15:00 EDT,43.48507,-73.42307,120,3.3,7.2,3.3,86.8,0.2,0.000,0.000,0.00,0.000,0.0,0.4,0.1,276,1,,,,,,0.0,0.4,0.1,276,1,1,30.16,,0,0,0,36.9,41.0,42.5,0.58,0.70,0.75
WHIT,2016-04-05 06:20:00 EDT,43.48507,-73.42307,120,1.6,6.7,1.6,85.1,-1.8,0.000,0.000,0.00,0.000,0.0,0.0,0.0,0,0,,,,,,0.0,0.0,0.0,0,0,1,30.17,,0,0,0,36.9,41.0,42.4,0.58,0.70,0.75
WHIT,2016-04-05 06:25:00 EDT,43.48507,-73.42307,120,1.5,6.2,1.5,84.6,-2.0,0.000,0.000,0.00,0.000,0.0,0.0,0.0,0,0,,,,,,0.0,0.0,0.0,0,0,3,30.17,,0,0,0,36.9,41.0,42.5,0.58,0.70,0.75
WHIT,2016-04-05 06:30:00 EDT,43.48507,-73.42307,120,1.7,6.2,1.7,84.5,-1.9,0.000,0.000,0.00,0.000,0.1,0.5,0.2,64,9,,,,,,0.1,0.5,0.2,64,9,4,30.17,,0,0,0,36.9,41.0,42.4,0.58,0.70,0.75
WHIT,2016-04-05 06:35:00 EDT,43.48507,-73.42307,120,0.8,5.8,0.8,83.8,-2.9,0.000,0.000,0.00,0.000,0.3,0.7,0.2,87,5,,,,,,0.3,0.7,0.2,87,5,7,30.17,,0,0,0,36.9,41.0,42.4,0.58,0.70,0.75
WHIT,2016-04-05 06:40:00 EDT,43.48507,-73.42307,120,0.7,5.3,0.7,83.4,-3.1,0.000,0.000,0.00,0.000,0.3,0.7,0.2,99,5,,,,,,0.3,0.7,0.2,99,5,9,30.18,,0,0,0,36.9,41.0,42.4,0.58,0.70,0.75
WHIT,2016-04-05 06:45:00 EDT,43.48507,-73.42307,120,1.0,4.5,1.0,83.7,-2.7,0.000,0.000,0.00,0.000,0.0,0.0,0.0,0,0,,,,,,0.0,0.0,0.0,0,0,11,30.18,,0,0,0,36.9,41.0,42.4,0.58,0.70,0.75
WHIT,2016-04-05 06:50:00 EDT,43.48507,-73.42307,120,2.5,5.0,2.5,86.1,-0.8,0.000,0.000,0.00,0.000,0.0,0.0,0.0,0,0,,,,,,0.0,0.0,0.0,0,0,14,30.18,,0,0,0,36.9,41.0,42.4,0.58,0.70,0.75
WHIT,2016-04-05 06:55:00 EDT,43.48507,-73.42307,120,4.1,5.3,4.1,87.7,1.2,0.000,0.000,0.00,0.000,0.0,0.1,0.0,198,0,,,,,,0.0,0.1,0.0,198,0,26,30.18,,0,0,0,36.9,41.0,42.4,0.58,0.70,0.75
WHIT,2016-04-05 07:00:00 EDT,43.48507,-73.42307,120,4.8,6.2,4.8,88.0,2.1,0.000,0.000,0.00,0.000,0.0,0.2,0.0,205,1,,,,,,0.0,0.2,0.0,205,1,33,30.18,,0,0,0,36.9,41.0,42.4,0.58,0.70,0.75
WHIT,2016-04-05 07:05:00 EDT,43.48507,-73.42307,120,4.3,6.7,4.3,89.4,1.9,0.000,0.000,0.00,0.000,0.0,0.0,0.0,0,0,,,,,,0.0,0.0,0.0,0,0,39,30.19,,0,0,0,36.8,41.0,42.4,0.58,0.70,0.75
WHIT,2016-04-05 07:10:00 EDT,43.48507,-73.42307,120,3.2,6.6,3.2,85.4,-0.2,0.000,0.000,0.00,0.000,0.0,0.0,0.0,0,0,,,,,,0.0,0.0,0.0,0,0,46,30.19,,0,0,0,36.9,41.0,42.4,0.58,0.70,0.75
WHIT,2016-04-05 07:15:00 EDT,43.48507,-73.42307,120,2.5,6.8,2.5,82.6,-1.6,0.000,0.000,0.00,0.000,0.0,0.0,0.0,0,0,,,,,,0.0,0.0,0.0,0,0,53,30.19,,0,0,0,36.9,41.0,42.4,0.58,0.70,0.75
WHIT,2016-04-05 07:20:00 EDT,43.48507,-73.42307,120,3.0,7.0,3.0,83.3,-0.9,0.000,0.000,0.00,0.000,0.0,0.5,0.1,66,0,,,,,,0.0,0.5,0.1,66,0,63,30.19,,0,0,0,36.9,41.0,42.4,0.58,0.70,0.75
WHIT,2016-04-05 07:25:00 EDT,43.48507,-73.42307,120,3.3,6.7,3.3,84.5,-0.3,0.000,0.000,0.00,0.000,0.1,0.5,0.2,70,3,,,,,,0.1,0.5,0.2,70,3,72,30.19,,0,0,0,36.9,41.0,42.4,0.58,0.70,0.75
WHIT,2016-04-05 07:30:00 EDT,43.48507,-73.42307,120,3.9,6.4,3.9,84.6,0.3,0.000,0.000,0.00,0.000,0.3,0.8,0.3,100,5,,,,,,0.3,0.8,0.3,100,5,82,30.20,,0,0,0,36.9,41.0,42.4,0.58,0.70,0.75
WHIT,2016-04-05 07:35:00 EDT,43.48507,-73.42307,120,3.5,6.9,3.5,85.8,0.2,0.000,0.000,0.00,0.000,0.0,0.0,0.0,0,0,,,,,,0.0,0.0,0.0,0,0,93,30.20,,0,0,0,36.9,41.0,42.4,0.58,0.70,0.75
WHIT,2016-04-05 07:40:00 EDT,43.48507,-73.42307,120,4.8,7.9,4.8,87.3,1.8,0.000,0.000,0.00,0.000,0.0,0.0,0.0,0,0,,,,,,0.0,0.0,0.0,0,0,105,30.20,,0,0,0,36.8,41.0,42.4,0.58,0.70,0.75
WHIT,2016-04-05 07:45:00 EDT,43.48507,-73.42307,120,5.4,7.7,5.4,86.9,2.3,0.000,0.000,0.00,0.000,0.0,0.0,0.0,0,0,,,,,,0.0,0.0,0.0,0,0,115,30.20,,0,0,0,36.9,41.0,42.4,0.58,0.70,0.75
WHIT,2016-04-05 07:50:00 EDT,43.48507,-73.42307,120,6.0,8.4,6.0,86.8,2.9,0.000,0.000,0.00,0.000,0.0,0.0,0.0,0,0,,,,,,0.0,0.0,0.0,0,0,122,30.21,,0,0,0,36.9,40.9,42.4,0.58,0.70,0.75
WHIT,2016-04-05 07:55:00 EDT,43.48507,-73.42307,120,6.7,8.8,6.7,87.5,3.8,0.000,0.000,0.00,0.000,0.0,0.0,0.0,0,0,,,,,,0.0,0.0,0.0,0,0,128,30.21,,0,0,0,36.8,40.9,42.4,0.58,0.70,0.75
WHIT,2016-04-05 08:00:00 EDT,43.48507,-73.42307,120,8.5,9.6,8.5,87.4,5.5,0.000,0.000,0.00,0.000,0.0,0.3,0.0,121,0,,,,,,0.0,0.3,0.0,121,0,136,30.21,,0,0,0,36.8,40.9,42.4,0.58,0.70,0.75
WHIT,2016-04-05 08:05:00 EDT,43.48507,-73.42307,120,9.3,10.0,9.3,83.7,5.4,0.000,0.000,0.00,0.000,0.1,0.7,0.2,94,2,,,,,,0.1,0.7,0.2,94,2,145,30.21,,0,0,0,36.8,40.9,42.4,0.58,0.70,0.75
WHIT,2016-04-05 08:10:00 EDT,43.48507,-73.42307,120,9.6,10.3,9.6,80.4,4.8,0.000,0.000,0.00,0.000,0.0,0.1,0.0,102,0,,,,,,0.0,0.1,0.0,102,0,155,30.21,,0,0,0,36.9,40.9,42.4,0.58,0.70,0.75
WHIT,2016-04-05 08:15:00 EDT,43.48507,-73.42307,120,10.8,11.2,10.8,83.2,6.7,0.000,0.000,0.00,0.000,0.0,0.4,0.1,113,0,,,,,,0.0,0.4,0.1,113,0,164,30.21,,0,0,0,36.8,40.8,42.4,0.58,0.70,0.75
WHIT,2016-04-05 08:20:00 EDT,43.48507,-73.42307,120,11.4,11.2,11.4,81.6,6.9,0.000,0.000,0.00,0.000,0.3,0.8,0.3,105,15,,,,,,0.3,0.8,0.3,105,15,173,30.21,,0,0,0,36.8,40.9,42.4,0.58,0.70,0.75
WHIT,2016-04-05 08:25:00 EDT,43.48507,-73.42307,120,11.7,11.6,11.7,79.3,6.6,0.000,0.000,0.00,0.000,0.4,1.1,0.4,98,16,,,,,,0.4,1.1,0.4,98,16,184,30.22,,0,0,0,36.8,40.8,42.4,0.58,0.70,0.75
WHIT,2016-04-05 08:30:00 EDT,43.48507,-73.42307,120,12.2,12.1,12.2,78.8,6.8,0.000,0.000,0.00,0.000,0.4,1.1,0.4,70,10,,,,,,0.4,1.1,0.4,70,10,195,30.22,,0,0,0,36.8,40.8,42.4,0.58,0.70,0.75
WHIT,2016-04-05 08:35:00 EDT,43.48507,-73.42307,120,12.8,13.0,12.8,78.3,7.3,0.000,0.000,0.00,0.000,0.9,1.5,0.3,63,26,,,,,,0.9,1.5,0.3,63,26,208,30.22,,0,0,0,36.8,40.8,42.4,0.58,0.70,0.75
WHIT,2016-04-05 08:40:00 EDT,43.48507,-73.42307,120,14.0,13.6,14.0,75.3,7.6,0.000,0.000,0.00,0.000,0.6,1.6,0.3,93,17,,,,,,0.6,1.6,0.3,93,17,239,30.22,,0,0,0,36.8,40.8,42.4,0.58,0.70,0.75
WHIT,2016-04-05 08:45:00 EDT,43.48507,-73.42307,120,14.4,14.0,14.4,73.4,7.4,0.000,0.000,0.00,0.000,0.5,1.5,0.4,105,21,,,,,,0.5,1.5,0.4,105,21,287,30.22,,0,0,0,36.7,40.8,42.4,0.58,0.70,0.75
WHIT,2016-04-05 08:50:00 EDT,43.48507,-73.42307,120,15.0,14.6,15.0,70.1,7.0,0.000,0.000,0.00,0.000,0.2,1.3,0.4,95,12,,,,,,0.2,1.3,0.4,95,12,346,30.22,,0,0,0,36.7,40.8,42.4,0.58,0.70,0.75
WHIT,2016-04-05 08:55:00 EDT,43.48507,-73.42307,120,15.2,15.1,15.2,66.4,6.0,0.000,0.000,0.00,0.000,0.3,1.2,0.3,117,7,,,,,,0.3,1.2,0.3,117,7,395,30.23,,0,0,0,36.7,40.8,42.4,0.58,0.70,0.75
WHIT,2016-04-05 09:00:00 EDT,43.48507,-73.42307,120,16.0,15.8,16.0,63.6,5.8,0.000,0.000,0.00,0.000,1.9,4.8,1.5,16,15,,,,,,1.9,4.8,1.5,16,15,427,30.23,,0,0,0,36.7,40.8,42.4,0.58,0.70,0.75
WHIT,2016-04-05 09:05:00 EDT,43.48507,-73.42307,120,16.9,16.5,11.4,60.0,5.4,0.000,0.000,0.00,0.000,3.5,5.8,0.7,11,16,,,,,,3.5,5.8,0.7,11,16,447,30.23,,0,0,0,36.7,40.8,42.4,0.58,0.70,0.75
WHIT,2016-04-05 09:10:00 EDT,43.48507,-73.42307,120,17.2,16.9,10.9,57.8,4.9,0.000,0.000,0.00,0.000,4.1,6.6,1.1,19,14,,,,,,4.1,6.6,1.1,19,14,470,30.23,,0,0,0,36.7,40.8,42.4,0.58,0.70,0.75
WHIT,2016-04-05 09:15:00 EDT,43.48507,-73.42307,120,18.0,17.8,11.3,55.7,4.8,0.000,0.000,0.00,0.000,4.5,6.7,1.1,29,16,,,,,,4.5,6.7,1.1,29,16,497,30.23,,0,0,0,36.7,40.8,42.4,0.58,0.70,0.75
WHIT,2016-04-05 09:20:00 EDT,43.48507,-73.42307,120,19.0,19.1,11.5,54.1,5.1,0.000,0.000,0.00,0.000,5.2,11.1,1.7,44,20,,,,,,5.2,11.1,1.7,44,20,518,30.24,,0,0,0,36.7,40.8,42.4,0.58,0.70,0.75
WHIT,2016-04-05 09:25:00 EDT,43.48507,-73.42307,120,19.6,20.7,10.8,54.4,5.8,0.000,0.000,0.00,0.000,6.8,9.5,1.3,51,16,,,,,,6.8,9.5,1.3,51,16,548,30.24,,0,0,0,36.7,40.8,42.4,0.58,0.70,0.75
WHIT,2016-04-05 09:30:00 EDT,43.48507,-73.42307,120,20.4,22.1,12.7,53.8,6.3,0.000,0.000,0.00,0.000,5.7,11.0,2.1,37,25,,,,,,5.7,11.0,2.1,37,25,585,30.24,,0,0,0,36.7,40.8,42.4,0.58,0.70,0.75
WHIT,2016-04-05 09:35:00 EDT,43.48507,-73.42307,120,22.5,22.9,14.8,53.7,8.2,0.000,0.000,0.00,0.000,6.1,11.1,2.2,40,23,,,,,,6.1,11.1,2.2,40,23,604,30.23,,0,0,0,36.7,40.8,42.4,0.58,0.70,0.75
WHIT,2016-04-05 09:40:00 EDT,43.48507,-73.42307,120,24.2,23.4,16.3,52.7,9.4,0.000,0.000,0.00,0.000,6.8,12.3,2.2,32,19,,,,,,6.8,12.3,2.2,32,19,589,30.23,,0,0,0,36.7,40.8,42.4,0.58,0.70,0.75
WHIT,2016-04-05 09:45:00 EDT,43.48507,-73.42307,120,24.4,23.7,16.1,53.2,9.8,0.000,0.000,0.00,0.000,7.2,14.0,2.6,29,21,,,,,,7.2,14.0,2.6,29,21,416,30.24,,0,0,0,36.7,40.8,42.4,0.58,0.70,0.75
WHIT,2016-04-05 09:50:00 EDT,43.48507,-73.42307,120,23.7,23.2,14.2,55.7,10.1,0.000,0.000,0.00,0.000,8.8,15.5,2.7,27,17,,,,,,8.8,15.5,2.7,27,17,291,30.24,,0,0,0,36.7,40.8,42.4,0.58,0.70,0.75
WHIT,2016-04-05 09:55:00 EDT,43.48507,-73.42307,120,23.3,22.9,15.6,59.1,11.1,0.000,0.000,0.00,0.000,6.3,9.7,1.7,16,27,,,,,,6.3,9.7,1.7,16,27,202,30.24,,0,0,0,36.7,40.8,42.4,0.58,0.70,0.75
WHIT,2016-04-05 10:00:00 EDT,43.48507,-73.42307,120,23.4,23.2,14.2,60.5,11.8,0.000,0.000,0.00,0.000,8.2,13.0,2.0,356,25,,,,,,8.2,13.0,2.0,356,25,474,30.25,,0,0,0,36.7,40.7,42.4,0.58,0.70,0.75
WHIT,2016-04-05 10:05:00 EDT,43.48507,-73.42307,120,23.5,23.2,14.4,59.1,11.3,0.000,0.000,0.00,0.000,8.1,13.3,2.9,357,29,,,,,,8.1,13.3,2.9,357,29,629,30.25,,0,0,0,36.7,40.7,42.4,0.58,0.70,0.75
WHIT,2016-04-05 10:10:00 EDT,43.48507,-73.42307,120,24.3,23.7,15.0,56.5,11.1,0.000,0.000,0.00,0.000,8.7,15.1,2.6,26,14,,,,,,8.7,15.1,2.6,26,14,717,30.25,,0,0,0,36.7,40.7,42.4,0.58,0.70,0.75
WHIT,2016-04-05 10:15:00 EDT,43.48507,-73.42307,120,25.0,24.2,18.9,54.1,10.8,0.000,0.000,0.00,0.000,5.0,11.4,2.0,29,28,,,,,,5.0,11.4,2.0,29,28,736,30.25,,0,0,0,36.7,40.7,42.4,0.58,0.70,0.75
WHIT,2016-04-05 10:20:00 EDT,43.48507,-73.42307,120,25.2,24.3,16.4,51.4,9.8,0.000,0.000,0.00,0.000,8.3,15.0,2.5,24,22,,,,,,8.3,15.0,2.5,24,22,696,30.25,,0,0,0,36.7,40.7,42.4,0.58,0.70,0.75
WHIT,2016-04-05 10:25:00 EDT,43.48507,-73.42307,120,24.8,24.1,16.0,51.0,9.2,0.000,0.000,0.00,0.000,8.0,13.3,2.0,21,20,,,,,,8.0,13.3,2.0,21,20,739,30.26,,0,0,0,36.7,40.7,42.4,0.58,0.70,0.75
WHIT,2016-04-05 10:30:00 EDT,43.48507,-73.42307,120,25.3,24.3,18.6,47.7,8.2,0.000,0.000,0.00,0.000,5.6,11.0,2.2,32,20,,,,,,5.6,11.0,2.2,32,20,849,30.25,,0,0,0,36.7,40.7,42.4,0.58,0.70,0.75
WHIT,2016-04-05 10:35:00 EDT,43.48507,-73.42307,120,26.0,24.9,18.0,46.8,8.4,0.000,0.000,0.00,0.000,7.3,13.9,3.0,34,18,,,,,,7.3,13.9,3.0,34,18,862,30.25,,0,0,0,36.7,40.7,42.4,0.58,0.70,0.75
WHIT,2016-04-05 10:40:00 EDT,43.48507,-73.42307,120,25.3,24.5,17.2,47.0,7.9,0.000,0.000,0.00,0.000,7.4,13.7,2.2,27,20,,,,,,7.4,13.7,2.2,27,20,667,30.26,,0,0,0,36.7,40.7,42.3,0.58,0.70,0.75
WHIT,2016-04-05 10:45:00 EDT,43.48507,-73.42307,120,25.4,24.4,16.5,49.1,8.9,0.000,0.000,0.00,0.000,8.4,13.1,2.2,34,17,,,,,,8.4,13.1,2.2,34,17,686,30.26,,0,0,0,36.7,40.6,42.3,0.58,0.70,0.75
WHIT,2016-04-05 10:50:00 EDT,43.48507,-73.42307,120,25.5,24.3,16.4,48.5,8.8,0.000,0.000,0.00,0.000,8.8,12.5,1.6,31,20,,,,,,8.8,12.5,1.6,31,20,867,30.26,,0,0,0,36.7,40.6,42.3,0.58,0.70,0.75
WHIT,2016-04-05 10:55:00 EDT,43.48507,-73.42307,120,25.3,24.4,17.6,47.0,7.9,0.000,0.000,0.00,0.000,6.9,13.4,2.0,27,22,,,,,,6.9,13.4,2.0,27,22,718,30.26,,0,0,0,36.7,40.6,42.3,0.58,0.70,0.75
WHIT,2016-04-05 11:00:00 EDT,43.48507,-73.42307,120,25.5,24.7,17.6,48.2,8.6,0.000,0.000,0.00,0.000,7.0,11.8,2.1,20,19,,,,,,7.0,11.8,2.1,20,19,517,30.26,,0,0,0,36.7,40.6,42.3,0.58,0.70,0.75
WHIT,2016-04-05 11:05:00 EDT,43.48507,-73.42307,120,25.4,24.6,16.1,47.4,8.1,0.000,0.000,0.00,0.000,9.1,14.6,2.4,26,19,,,,,,9.1,14.6,2.4,26,19,555,30.26,,0,0,0,36.7,40.6,42.3,0.58,0.70,0.75
WHIT,2016-04-05 11:10:00 EDT,43.48507,-73.42307,120,25.7,24.8,16.8,47.0,8.2,0.000,0.000,0.00,0.000,8.5,14.0,2.3,32,16,,,,,,8.5,14.0,2.3,32,16,816,30.26,,0,0,0,36.7,40.6,42.3,0.58,0.70,0.75
WHIT,2016-04-05 11:15:00 EDT,43.48507,-73.42307,120,25.5,24.5,17.9,46.2,7.7,0.000,0.000,0.00,0.000,6.8,14.0,2.4,36,24,,,,,,6.8,14.0,2.4,36,24,574,30.27,,0,0,0,36.7,40.6,42.3,0.58,0.70,0.75
WHIT,2016-04-05 11:20:00 EDT,43.48507,-73.42307,120,25.3,24.4,15.9,47.4,8.0,0.000,0.000,0.00,0.000,9.3,14.8,2.6,32,20,,,,,,9.3,14.8,2.6,32,20,613,30.27,,0,0,0,36.7,40.6,42.3,0.58,0.70,0.75
WHIT,2016-04-05 11:25:00 EDT,43.48507,-73.42307,120,25.5,24.5,17.1,47.6,8.4,0.000,0.000,0.00,0.000,7.8,14.7,2.8,40,16,,,,,,7.8,14.7,2.8,40,16,738,30.26,,0,0,0,36.7,40.6,42.3,0.58,0.70,0.75
WHIT,2016-04-05 11:30:00 EDT,43.48507,-73.42307,120,25.8,24.9,15.6,46.5,8.1,0.000,0.000,0.00,0.000,10.7,20.3,4.0,47,20,,,,,,10.7,20.3,4.0,47,20,551,30.26,,0,0,0,36.7,40.6,42.3,0.58,0.70,0.75
WHIT,2016-04-05 11:35:00 EDT,43.48507,-73.42307,120,26.4,25.4,17.9,46.1,8.5,0.000,0.000,0.00,0.000,8.2,14.2,2.5,28,18,,,,,,8.2,14.2,2.5,28,18,861,30.26,,0,0,0,36.7,40.6,42.3,0.58,0.70,0.75
WHIT,2016-04-05 11:40:00 EDT,43.48507,-73.42307,120,26.5,25.6,18.1,44.7,7.9,0.000,0.000,0.00,0.000,8.2,13.4,2.4,31,23,,,,,,8.2,13.4,2.4,31,23,858,30.26,,0,0,0,36.7,40.6,42.3,0.58,0.70,0.75
WHIT,2016-04-05 11:45:00 EDT,43.48507,-73.42307,120,26.2,25.3,17.6,45.0,7.7,0.000,0.000,0.00,0.000,8.3,14.4,2.6,31,21,,,,,,8.3,14.4,2.6,31,21,741,30.25,,0,0,0,36.7,40.6,42.3,0.58,0.70,0.75
WHIT,2016-04-05 11:50:00 EDT,43.48507,-73.42307,120,26.7,25.7,18.9,46.5,8.9,0.000,0.000,0.00,0.000,7.3,12.3,2.1,6,24,,,,,,7.3,12.3,2.1,6,24,820,30.25,,0,0,0,36.7,40.6,42.3,0.58,0.70,0.75
WHIT,2016-04-05 11:55:00 EDT,43.48507,-73.42307,120,26.4,25.3,18.4,45.7,8.3,0.000,0.000,0.00,0.000,7.5,13.6,2.0,23,24,,,,,,7.5,13.6,2.0,23,24,675,30.25,,0,0,0,36.7,40.6,42.3,0.58,0.70,0.75
WHIT,2016-04-05 12:00:00 EDT,43.48507,-73.42307,120,26.7,25.6,18.0,46.8,9.1,0.000,0.000,0.00,0.000,8.6,13.4,2.2,43,16,,,,,,8.6,13.4,2.2,43,16,699,30.25,,0,0,0,36.7,40.6,42.3,0.58,0.70,0.75
WHIT,2016-04-05 12:05:00 EDT,43.48507,-73.42307,120,26.5,25.6,17.8,46.4,8.7,0.000,0.000,0.00,0.000,8.5,12.6,1.9,34,21,,,,,,8.5,12.6,1.9,34,21,682,30.25,,0,0,0,36.7,40.6,42.3,0.58,0.70,0.75
WHIT,2016-04-05 12:10:00 EDT,43.48507,-73.42307,120,26.4,25.4,18.2,47.7,9.2,0.000,0.000,0.00,0.000,7.7,11.8,2.0,36,15,,,,,,7.7,11.8,2.0,36,15,474,30.25,,0,0,0,36.7,40.6,42.3,0.58,0.70,0.75
WHIT,2016-04-05 12:15:00 EDT,43.48507,-73.42307,120,26.8,25.6,17.9,48.2,9.7,0.000,0.000,0.00,0.000,8.8,14.2,2.4,53,17,,,,,,8.8,14.2,2.4,53,17,655,30.24,,0,0,0,36.7,40.6,42.3,0.58,0.70,0.75
WHIT,2016-04-05 12:20:00 EDT,43.48507,-73.42307,120,26.8,25.9,18.7,46.6,9.1,0.000,0.000,0.00,0.000,7.7,12.7,2.6,22,19,,,,,,7.7,12.7,2.6,22,19,744,30.24,,0,0,0,36.7,40.6,42.3,0.58,0.70,0.75
WHIT,2016-04-05 12:25:00 EDT,43.48507,-73.42307,120,26.7,25.7,18.5,46.5,8.9,0.000,0.000,0.00,0.000,7.8,12.2,1.6,28,14,,,,,,7.8,12.2,1.6,28,14,770,30.24,,0,0,0,36.7,40.6,42.3,0.58,0.70,0.75
WHIT,2016-04-05 12:30:00 EDT,43.48507,-73.42307,120,27.2,26.1,20.3,47.6,9.9,0.000,0.000,0.00,0.000,6.3,12.4,2.6,24,18,,,,,,6.3,12.4,2.6,24,18,813,30.24,,0,0,0,36.7,40.6,42.2,0.58,0.70,0.75
WHIT,2016-04-05 12:35:00 EDT,43.48507,-73.42307,120,27.2,26.2,18.4,46.5,9.4,0.000,0.000,0.00,0.000,9.0,13.7,1.9,37,17,,,,,,9.0,13.7,1.9,37,17,813,30.24,,0,0,0,36.7,40.6,42.3,0.58,0.70,0.75
WHIT,2016-04-05 12:40:00 EDT,43.48507,-73.42307,120,27.8,26.4,20.9,46.6,10.0,0.000,0.000,0.00,0.000,6.5,11.1,2.2,42,18,,,,,,6.5,11.1,2.2,42,18,890,30.24,,0,0,0,36.6,40.6,42.2,0.58,0.70,0.75
WHIT,2016-04-05 12:45:00 EDT,43.48507,-73.42307,120,28.1,26.7,22.2,46.7,10.3,0.000,0.000,0.00,0.000,5.3,11.8,2.8,28,15,,,,,,5.3,11.8,2.8,28,15,684,30.24,,0,0,0,36.7,40.6,42.3,0.58,0.70,0.75
WHIT,2016-04-05 12:50:00 EDT,43.48507,-73.42307,120,27.8,26.7,21.4,47.1,10.2,0.000,0.000,0.00,0.000,5.8,10.1,1.9,25,24,,,,,,5.8,10.1,1.9,25,24,707,30.24,,0,0,0,36.6,40.6,42.2,0.58,0.70,0.75
WHIT,2016-04-05 12:55:00 EDT,43.48507,-73.42307,120,28.2,26.9,21.2,45.8,9.9,0.000,0.000,0.00,0.000,6.7,12.5,2.1,46,26,,,,,,6.7,12.5,2.1,46,26,900,30.23,,0,0,0,36.7,40.5,42.3,0.58,0.70,0.75
WHIT,2016-04-05 13:00:00 EDT,43.48507,-73.42307,120,27.8,26.5,19.1,46.3,9.8,0.000,0.000,0.00,0.000,9.0,14.8,2.0,54,21,,,,,,9.0,14.8,2.0,54,21,705,30.23,,0,0,0,36.6,40.6,42.2,0.58,0.70,0.75
WHIT,2016-04-05 13:05:00 EDT,43.48507,-73.42307,120,28.4,27.1,22.3,47.9,11.1,0.000,0.000,0.00,0.000,5.6,10.2,2.1,29,26,,,,,,5.6,10.2,2.1,29,26,850,30.23,,0,0,0,36.6,40.5,42.2,0.58,0.70,0.75
WHIT,2016-04-05 13:10:00 EDT,43.48507,-73.42307,120,28.7,27.2,22.0,46.0,10.5,0.000,0.000,0.00,0.000,6.4,11.9,1.9,64,24,,,,,,6.4,11.9,1.9,64,24,954,30.23,,0,0,0,36.6,40.5,42.2,0.58,0.70,0.75
WHIT,2016-04-05 13:15:00 EDT,43.48507,-73.42307,120,29.0,27.8,22.5,46.9,11.2,0.000,0.000,0.00,0.000,6.2,10.6,1.8,15,24,,,,,,6.2,10.6,1.8,15,24,942,30.23,,0,0,0,36.6,40.5,42.2,0.58,0.70,0.75
WHIT,2016-04-05 13:20:00 EDT,43.48507,-73.42307,120,28.9,27.4,23.1,45.4,10.4,0.000,0.000,0.00,0.000,5.4,8.8,1.7,56,33,,,,,,5.4,8.8,1.7,56,33,920,30.23,,0,0,0,36.6,40.5,42.2,0.58,0.70,0.75
WHIT,2016-04-05 13:25:00 EDT,43.48507,-73.42307,120,28.9,27.4,24.0,45.7,10.6,0.000,0.000,0.00,0.000,4.4,8.3,1.9,32,41,,,,,,4.4,8.3,1.9,32,41,840,30.23,,0,0,0,36.6,40.5,42.2,0.58,0.70,0.75
WHIT,2016-04-05 13:30:00 EDT,43.48507,-73.42307,120,28.7,27.8,21.8,45.9,10.5,0.000,0.000,0.00,0.000,6.7,12.3,2.3,3,21,,,,,,6.7,12.3,2.3,3,21,896,30.22,,0,0,0,36.6,40.5,42.2,0.58,0.70,0.75
WHIT,2016-04-05 13:35:00 EDT,43.48507,-73.42307,120,29.2,27.8,24.5,45.2,10.5,0.000,0.000,0.00,0.000,4.3,8.5,1.4,35,32,,,,,,4.3,8.5,1.4,35,32,895,30.22,,0,0,0,36.5,40.5,42.2,0.58,0.70,0.75
WHIT,2016-04-05 13:40:00 EDT,43.48507,-73.42307,120,29.6,28.5,24.3,45.6,11.2,0.000,0.000,0.00,0.000,5.0,12.1,2.8,36,33,,,,,,5.0,12.1,2.8,36,33,631,30.22,,0,0,0,36.5,40.5,42.2,0.58,0.70,0.75
WHIT,2016-04-05 13:45:00 EDT,43.48507,-73.42307,120,29.3,27.8,23.2,45.3,10.7,0.000,0.000,0.00,0.000,5.7,12.8,2.1,69,14,,,,,,5.7,12.8,2.1,69,14,862,30.22,,0,0,0,36.5,40.5,42.2,0.58,0.70,0.75
WHIT,2016-04-05 13:50:00 EDT,43.48507,-73.42307,120,30.4,28.9,25.3,48.2,13.1,0.000,0.000,0.00,0.000,4.8,8.7,2.1,47,37,,,,,,4.8,8.7,2.1,47,37,889,30.21,,0,0,0,36.5,40.5,42.2,0.58,0.70,0.75
WHIT,2016-04-05 13:55:00 EDT,43.48507,-73.42307,120,30.3,28.8,23.2,45.6,11.8,0.000,0.000,0.00,0.000,7.3,12.2,2.4,44,26,,,,,,7.3,12.2,2.4,44,26,863,30.21,,0,0,0,36.5,40.5,42.2,0.58,0.70,0.75
WHIT,2016-04-05 14:00:00 EDT,43.48507,-73.42307,120,30.6,28.7,24.8,47.9,13.2,0.000,0.000,0.00,0.000,5.7,10.0,2.0,87,17,,,,,,5.7,10.0,2.0,87,17,730,30.21,,0,0,0,36.5,40.5,42.2,0.58,0.70,0.75
WHIT,2016-04-05 14:05:00 EDT,43.48507,-73.42307,120,30.2,28.4,23.1,49.1,13.4,0.000,0.000,0.00,0.000,7.2,11.0,2.2,77,11,,,,,,7.2,11.0,2.2,77,11,484,30.21,,0,0,0,36.5,40.5,42.2,0.58,0.70,0.75
WHIT,2016-04-05 14:10:00 EDT,43.48507,-73.42307,120,30.2,28.9,26.7,45.9,11.9,0.000,0.000,0.00,0.000,3.5,6.9,1.5,59,44,,,,,,3.5,6.9,1.5,59,44,882,30.20,,0,0,0,36.5,40.5,42.1,0.58,0.70,0.75
WHIT,2016-04-05 14:15:00 EDT,43.48507,-73.42307,120,31.2,29.3,24.7,46.4,13.0,0.000,0.000,0.00,0.000,6.7,10.1,1.9,56,17,,,,,,6.7,10.1,1.9,56,17,922,30.20,,0,0,0,36.5,40.4,42.2,0.58,0.70,0.75
WHIT,2016-04-05 14:20:00 EDT,43.48507,-73.42307,120,31.5,29.9,26.0,47.0,13.5,0.000,0.000,0.00,0.000,5.6,11.1,2.4,79,40,,,,,,5.6,11.1,2.4,79,40,896,30.20,,0,0,0,36.5,40.5,42.2,0.58,0.70,0.75
WHIT,2016-04-05 14:25:00 EDT,43.48507,-73.42307,120,31.5,30.1,25.8,45.0,12.6,0.000,0.000,0.00,0.000,5.8,10.7,1.7,36,20,,,,,,5.8,10.7,1.7,36,20,875,30.20,,0,0,0,36.5,40.4,42.1,0.58,0.70,0.75
WHIT,2016-04-05 14:30:00 EDT,43.48507,-73.42307,120,30.7,29.6,25.9,44.1,11.4,0.000,0.000,0.00,0.000,4.7,10.4,2.2,2,29,,,,,,4.7,10.4,2.2,2,29,791,30.19,,0,0,0,36.5,40.4,42.1,0.58,0.70,0.75
WHIT,2016-04-05 14:35:00 EDT,43.48507,-73.42307,120,31.5,29.7,27.1,44.5,12.3,0.000,0.000,0.00,0.000,4.3,9.7,2.3,62,44,,,,,,4.3,9.7,2.3,62,44,848,30.19,,0,0,0,36.5,40.4,42.1,0.58,0.70,0.75
WHIT,2016-04-05 14:40:00 EDT,43.48507,-73.42307,120,31.0,30.1,26.1,42.8,11.0,0.000,0.000,0.00,0.000,4.8,8.7,1.4,329,27,,,,,,4.8,8.7,1.4,329,27,863,30.19,,0,0,0,36.5,40.4,42.1,0.58,0.70,0.75
WHIT,2016-04-05 14:45:00 EDT,43.48507,-73.42307,120,32.9,31.3,28.5,48.0,15.4,0.000,0.000,0.00,0.000,4.6,8.5,2.1,53,34,,,,,,4.6,8.5,2.1,53,34,855,30.19,,0,0,0,36.5,40.4,42.1,0.58,0.70,0.75
WHIT,2016-04-05 14:50:00 EDT,43.48507,-73.42307,120,32.6,30.5,28.3,44.0,13.1,0.000,0.000,0.00,0.000,4.4,7.9,1.2,81,22,,,,,,4.4,7.9,1.2,81,22,837,30.19,,0,0,0,36.5,40.4,42.1,0.58,0.70,0.75
WHIT,2016-04-05 14:55:00 EDT,43.48507,-73.42307,120,31.4,30.1,26.8,43.4,11.7,0.000,0.000,0.00,0.000,4.6,12.1,3.0,66,60,,,,,,4.6,12.1,3.0,66,60,727,30.19,,0,0,0,36.5,40.4,42.1,0.58,0.70,0.75
WHIT,2016-04-05 15:00:00 EDT,43.48507,-73.42307,120,32.0,31.1,32.0,46.0,13.5,0.000,0.000,0.00,0.000,2.0,4.9,1.1,176,47,,,,,,2.0,4.9,1.1,176,47,809,30.19,,0,0,0,36.5,40.4,42.1,0.58,0.70,0.75
WHIT,2016-04-05 15:05:00 EDT,43.48507,-73.42307,120,33.0,31.5,29.5,44.4,13.7,0.000,0.000,0.00,0.000,3.8,7.7,1.4,14,27,,,,,,3.8,7.7,1.4,14,27,802,30.19,,0,0,0,36.5,40.3,42.1,0.58,0.70,0.75
WHIT,2016-04-05 15:10:00 EDT,43.48507,-73.42307,120,32.0,30.8,25.5,43.3,12.2,0.000,0.000,0.00,0.000,7.0,10.2,1.5,8,22,,,,,,7.0,10.2,1.5,8,22,685,30.19,,0,0,0,36.5,40.3,42.1,0.58,0.70,0.75
WHIT,2016-04-05 15:15:00 EDT,43.48507,-73.42307,120,32.0,31.0,27.6,43.5,12.3,0.000,0.000,0.00,0.000,4.5,9.1,1.8,11,30,,,,,,4.5,9.1,1.8,11,30,661,30.18,,0,0,0,36.5,40.3,42.1,0.58,0.70,0.75
WHIT,2016-04-05 15:20:00 EDT,43.48507,-73.42307,120,31.9,31.1,27.0,42.3,11.6,0.000,0.000,0.00,0.000,5.0,7.5,0.9,1,16,,,,,,5.0,7.5,0.9,1,16,706,30.18,,0,0,0,36.5,40.3,42.1,0.58,0.70,0.75
WHIT,2016-04-05 15:25:00 EDT,43.48507,-73.42307,120,32.8,31.6,32.8,43.5,13.0,0.000,0.000,0.00,0.000,2.7,5.2,1.2,352,25,,,,,,2.7,5.2,1.2,352,25,746,30.18,,0,0,0,36.5,40.3,42.1,0.58,0.70,0.75
WHIT,2016-04-05 15:30:00 EDT,43.48507,-73.42307,120,32.4,31.6,32.4,41.2,11.3,0.000,0.000,0.00,0.000,1.9,4.4,1.2,285,32,,,,,,1.9,4.4,1.2,285,32,715,30.18,,0,0,0,36.5,40.3,42.1,0.58,0.70,0.75
WHIT,2016-04-05 15:35:00 EDT,43.48507,-73.42307,120,33.3,31.7,33.3,42.4,12.8,0.000,0.000,0.00,0.000,2.0,5.3,1.5,37,56,,,,,,2.0,5.3,1.5,37,56,680,30.18,,0,0,0,36.5,40.3,42.1,0.58,0.70,0.75
WHIT,2016-04-05 15:40:00 EDT,43.48507,-73.42307,120,33.4,32.1,27.9,42.6,13.0,0.000,0.000,0.00,0.000,5.9,9.9,2.1,22,31,,,,,,5.9,9.9,2.1,22,31,686,30.18,,0,0,0,36.5,40.3,42.1,0.58,0.70,0.75
WHIT,2016-04-05 15:45:00 EDT,43.48507,-73.42307,120,33.3,31.5,27.9,41.8,12.6,0.000,0.000,0.00,0.000,5.9,9.0,1.8,73,18,,,,,,5.9,9.0,1.8,73,18,665,30.18,,0,0,0,36.5,40.3,42.1,0.58,0.70,0.75
WHIT,2016-04-05 15:50:00 EDT,43.48507,-73.42307,120,33.1,32.0,33.1,41.2,12.1,0.000,0.000,0.00,0.000,1.3,5.6,1.3,25,54,,,,,,1.3,5.6,1.3,25,54,654,30.18,,0,0,0,36.5,40.3,42.1,0.58,0.70,0.75
WHIT,2016-04-05 15:55:00 EDT,43.48507,-73.42307,120,33.7,32.4,28.5,41.2,12.6,0.000,0.000,0.00,0.000,5.6,11.0,2.4,11,23,,,,,,5.6,11.0,2.4,11,23,650,30.18,,0,0,0,36.5,40.3,42.1,0.58,0.70,0.75
WHIT,2016-04-05 16:00:00 EDT,43.48507,-73.42307,120,33.0,32.1,30.0,38.9,10.7,0.000,0.000,0.00,0.000,3.3,7.6,1.2,351,59,,,,,,3.3,7.6,1.2,351,59,628,30.18,,0,0,0,36.5,40.3,42.1,0.58,0.70,0.75
WHIT,2016-04-05 16:05:00 EDT,43.48507,-73.42307,120,33.8,32.7,29.1,41.8,13.0,0.000,0.000,0.00,0.000,5.1,8.0,1.3,5,15,,,,,,5.1,8.0,1.3,5,15,609,30.17,,0,0,0,36.5,40.3,42.1,0.58,0.70,0.75
WHIT,2016-04-05 16:10:00 EDT,43.48507,-73.42307,120,33.8,32.7,28.4,41.1,12.7,0.000,0.000,0.00,0.000,6.0,11.6,2.6,8,19,,,,,,6.0,11.6,2.6,8,19,594,30.17,,0,0,0,36.5,40.3,42.1,0.58,0.70,0.75
WHIT,2016-04-05 16:15:00 EDT,43.48507,-73.42307,120,33.6,32.6,27.3,39.8,11.7,0.000,0.000,0.00,0.000,7.2,12.1,1.9,18,18,,,,,,7.2,12.1,1.9,18,18,584,30.17,,0,0,0,36.6,40.3,42.1,0.58,0.70,0.75
WHIT,2016-04-05 16:20:00 EDT,43.48507,-73.42307,120,34.0,32.6,31.4,41.4,13.0,0.000,0.000,0.00,0.000,3.2,8.0,2.1,55,30,,,,,,3.2,8.0,2.1,55,30,567,30.17,,0,0,0,36.7,40.3,42.1,0.58,0.70,0.75
WHIT,2016-04-05 16:25:00 EDT,43.48507,-73.42307,120,34.4,33.1,31.8,41.2,13.2,0.000,0.000,0.00,0.000,3.1,6.3,1.4,20,31,,,,,,3.1,6.3,1.4,20,31,549,30.17,,0,0,0,36.7,40.3,42.1,0.58,0.70,0.75
WHIT,2016-04-05 16:30:00 EDT,43.48507,-73.42307,120,33.6,32.5,27.8,38.9,11.2,0.000,0.000,0.00,0.000,6.4,9.9,1.6,8,16,,,,,,6.4,9.9,1.6,8,16,535,30.17,,0,0,0,36.7,40.3,42.1,0.58,0.70,0.75
WHIT,2016-04-05 16:35:00 EDT,43.48507,-73.42307,120,33.4,32.4,29.4,38.4,10.7,0.000,0.000,0.00,0.000,4.2,8.0,1.9,6,26,,,,,,4.2,8.0,1.9,6,26,520,30.17,,0,0,0,36.7,40.3,42.1,0.58,0.70,0.75
WHIT,2016-04-05 16:40:00 EDT,43.48507,-73.42307,120,34.0,32.9,29.1,39.1,11.7,0.000,0.000,0.00,0.000,5.4,11.0,2.1,14,13,,,,,,5.4,11.0,2.1,14,13,503,30.17,,0,0,0,36.7,40.3,42.1,0.58,0.70,0.75
WHIT,2016-04-05 16:45:00 EDT,43.48507,-73.42307,120,34.4,33.4,29.9,38.7,11.8,0.000,0.000,0.00,0.000,5.0,12.0,2.3,18,23,,,,,,5.0,12.0,2.3,18,23,488,30.17,,0,0,0,36.8,40.3,42.1,0.58,0.70,0.75
WHIT,2016-04-05 16:50:00 EDT,43.48507,-73.42307,120,34.2,33.1,30.0,38.3,11.4,0.000,0.000,0.00,0.000,4.6,7.5,1.4,5,22,,,,,,4.6,7.5,1.4,5,22,474,30.17,,0,0,0,36.9,40.3,42.1,0.58,0.70,0.75
WHIT,2016-04-05 16:55:00 EDT,43.48507,-73.42307,120,33.9,33.1,30.0,36.8,10.2,0.000,0.000,0.00,0.000,4.3,12.6,2.9,353,17,,,,,,4.3,12.6,2.9,353,17,459,30.17,,0,0,0,36.9,40.3,42.1,0.58,0.70,0.75
WHIT,2016-04-05 17:00:00 EDT,43.48507,-73.42307,120,34.3,33.4,29.1,38.3,11.5,0.000,0.000,0.00,0.000,5.8,9.9,1.8,8,19,,,,,,5.8,9.9,1.8,8,19,442,30.17,,0,0,0,36.9,40.2,42.1,0.58,0.70,0.75
WHIT,2016-04-05 17:05:00 EDT,43.48507,-73.42307,120,34.6,33.3,29.3,38.4,11.8,0.000,0.000,0.00,0.000,6.0,9.9,1.5,21,14,,,,,,6.0,9.9,1.5,21,14,426,30.17,,0,0,0,37.0,40.2,42.1,0.58,0.70,0.75
WHIT,2016-04-05 17:10:00 EDT,43.48507,-73.42307,120,34.9,33.8,31.9,38.6,12.1,0.000,0.000,0.00,0.000,3.5,8.8,2.1,30,29,,,,,,3.5,8.8,2.1,30,29,408,30.17,,0,0,0,37.0,40.2,42.1,0.58,0.70,0.75
WHIT,2016-04-05 17:15:00 EDT,43.48507,-73.42307,120,34.8,33.7,29.5,37.0,11.1,0.000,0.000,0.00,0.000,6.1,10.1,1.6,23,19,,,,,,6.1,10.1,1.6,23,19,393,30.17,,0,0,0,37.1,40.2,42.1,0.58,0.70,0.75
WHIT,2016-04-05 17:20:00 EDT,43.48507,-73.42307,120,34.4,33.4,30.8,37.0,10.8,0.000,0.000,0.00,0.000,4.0,9.4,2.5,11,30,,,,,,4.0,9.4,2.5,11,30,377,30.17,,0,0,0,37.2,40.1,42.1,0.58,0.70,0.75
WHIT,2016-04-05 17:25:00 EDT,43.48507,-73.42307,120,34.3,33.5,29.1,36.6,10.5,0.000,0.000,0.00,0.000,5.9,10.0,1.8,18,17,,,,,,5.9,10.0,1.8,18,17,360,30.17,,0,0,0,37.2,40.2,42.1,0.58,0.70,0.75
WHIT,2016-04-05 17:30:00 EDT,43.48507,-73.42307,120,34.7,34.0,29.5,36.6,10.8,0.000,0.000,0.00,0.000,5.9,11.7,1.9,6,21,,,,,,5.9,11.7,1.9,6,21,343,30.17,,0,0,0,37.2,40.2,42.1,0.58,0.70,0.75
WHIT,2016-04-05 17:35:00 EDT,43.48507,-73.42307,120,34.4,33.4,30.0,36.2,10.3,0.000,0.000,0.00,0.000,5.0,8.3,1.5,28,15,,,,,,5.0,8.3,1.5,28,15,326,30.17,,0,0,0,37.2,40.1,42.1,0.58,0.70,0.75
WHIT,2016-04-05 17:40:00 EDT,43.48507,-73.42307,120,34.3,33.5,29.5,35.6,9.9,0.000,0.000,0.00,0.000,5.4,11.3,1.9,18,23,,,,,,5.4,11.3,1.9,18,23,309,30.18,,0,0,0,37.2,40.1,42.1,0.58,0.70,0.75
WHIT,2016-04-05 17:45:00 EDT,43.48507,-73.42307,120,34.2,33.6,29.0,34.5,9.0,0.000,0.000,0.00,0.000,5.7,10.5,2.0,7,25,,,,,,5.7,10.5,2.0,7,25,293,30.18,,0,0,0,37.2,40.1,42.1,0.58,0.70,0.75
WHIT,2016-04-05 17:50:00 EDT,43.48507,-73.42307,120,34.3,33.4,29.1,36.1,10.2,0.000,0.000,0.00,0.000,5.8,9.9,1.4,33,16,,,,,,5.8,9.9,1.4,33,16,276,30.18,,0,0,0,37.3,40.1,42.1,0.58,0.70,0.75
WHIT,2016-04-05 17:55:00 EDT,43.48507,-73.42307,120,34.2,33.3,30.1,35.7,9.8,0.000,0.000,0.00,0.000,4.5,7.5,1.0,46,18,,,,,,4.5,7.5,1.0,46,18,260,30.18,,0,0,0,37.4,40.1,42.1,0.58,0.70,0.75
WHIT,2016-04-05 18:00:00 EDT,43.48507,-73.42307,120,34.0,33.4,27.9,35.3,9.3,0.000,0.000,0.00,0.000,6.9,9.9,1.3,25,14,,,,,,6.9,9.9,1.3,25,14,243,30.18,,0,0,0,37.4,40.1,42.1,0.58,0.70,0.75
WHIT,2016-04-05 18:05:00 EDT,43.48507,-73.42307,120,34.0,33.3,29.5,36.0,9.8,0.000,0.000,0.00,0.000,4.9,9.4,1.6,34,20,,,,,,4.9,9.4,1.6,34,20,227,30.18,,0,0,0,37.5,40.1,42.1,0.58,0.70,0.75
WHIT,2016-04-05 18:10:00 EDT,43.48507,-73.42307,120,34.0,33.5,28.9,35.3,9.4,0.000,0.000,0.00,0.000,5.7,10.2,1.7,17,19,,,,,,5.7,10.2,1.7,17,19,211,30.18,,0,0,0,37.6,40.1,42.1,0.58,0.70,0.75
WHIT,2016-04-05 18:15:00 EDT,43.48507,-73.42307,120,33.8,33.4,28.0,35.3,9.2,0.000,0.000,0.00,0.000,6.6,9.6,1.2,11,12,,,,,,6.6,9.6,1.2,11,12,195,30.18,,0,0,0,37.6,40.1,42.1,0.58,0.70,0.75
WHIT,2016-04-05 18:20:00 EDT,43.48507,-73.42307,120,33.7,33.4,28.4,35.7,9.4,0.000,0.000,0.00,0.000,5.9,9.4,1.6,16,12,,,,,,5.9,9.4,1.6,16,12,179,30.18,,0,0,0,37.6,40.1,42.1,0.58,0.70,0.75
WHIT,2016-04-05 18:25:00 EDT,43.48507,-73.42307,120,33.5,33.2,28.8,34.2,8.3,0.000,0.000,0.00,0.000,5.1,9.6,2.4,11,15,,,,,,5.1,9.6,2.4,11,15,163,30.18,,0,0,0,37.7,40.1,42.0,0.58,0.70,0.75
WHIT,2016-04-05 18:30:00 EDT,43.48507,-73.42307,120,33.3,33.1,29.6,34.4,8.2,0.000,0.000,0.00,0.000,3.9,6.4,1.4,12,17,,,,,,3.9,6.4,1.4,12,17,148,30.18,,0,0,0,37.8,40.1,42.1,0.58,0.70,0.75
WHIT,2016-04-05 18:35:00 EDT,43.48507,-73.42307,120,33.3,33.2,27.9,34.9,8.5,0.000,0.000,0.00,0.000,5.9,8.7,1.2,21,14,,,,,,5.9,8.7,1.2,21,14,134,30.18,,0,0,0,37.8,40.1,42.0,0.58,0.70,0.75
WHIT,2016-04-05 18:40:00 EDT,43.48507,-73.42307,120,33.2,33.1,30.0,34.4,8.1,0.000,0.000,0.00,0.000,3.6,5.6,1.0,27,17,,,,,,3.6,5.6,1.0,27,17,109,30.18,,0,0,0,37.8,40.1,42.1,0.58,0.70,0.75
WHIT,2016-04-05 18:45:00 EDT,43.48507,-73.42307,120,32.8,33.1,28.7,36.6,9.1,0.000,0.000,0.00,0.000,4.3,7.1,1.4,356,21,,,,,,4.3,7.1,1.4,356,21,69,30.18,,0,0,0,37.9,40.1,42.0,0.58,0.70,0.75
WHIT,2016-04-05 18:50:00 EDT,43.48507,-73.42307,120,32.9,33.0,29.6,36.3,9.0,0.000,0.000,0.00,0.000,3.6,5.5,0.8,335,14,,,,,,3.6,5.5,0.8,335,14,42,30.18,,0,0,0,37.9,40.1,42.0,0.58,0.70,0.75
WHIT,2016-04-05 18:55:00 EDT,43.48507,-73.42307,120,32.3,32.5,28.9,37.3,9.1,0.000,0.000,0.00,0.000,3.7,5.8,0.9,339,20,,,,,,3.7,5.8,0.9,339,20,20,30.18,,0,0,0,37.9,40.1,42.0,0.58,0.70,0.75
WHIT,2016-04-05 19:00:00 EDT,43.48507,-73.42307,120,31.9,32.0,28.1,37.4,8.8,0.000,0.000,0.00,0.000,3.8,5.3,0.8,336,11,,,,,,3.8,5.3,0.8,336,11,17,30.18,,0,0,0,38.0,40.1,42.0,0.58,0.70,0.75
WHIT,2016-04-05 19:05:00 EDT,43.48507,-73.42307,120,31.1,31.3,28.1,39.8,9.5,0.000,0.000,0.00,0.000,3.1,5.2,0.8,333,16,,,,,,3.1,5.2,0.8,333,16,15,30.18,,0,0,0,37.9,40.1,42.0,0.58,0.70,0.75
WHIT,2016-04-05 19:10:00 EDT,43.48507,-73.42307,120,30.6,30.9,27.5,41.5,9.9,0.000,0.000,0.00,0.000,3.1,4.7,0.8,340,17,,,,,,3.1,4.7,0.8,340,17,13,30.18,,0,0,0,38.0,40.1,42.0,0.58,0.70,0.75
WHIT,2016-04-05 19:15:00 EDT,43.48507,-73.42307,120,30.4,30.9,27.1,41.6,9.8,0.000,0.000,0.00,0.000,3.3,5.0,0.9,16,11,,,,,,3.3,5.0,0.9,16,11,11,30.18,,0,0,0,38.0,40.1,42.0,0.58,0.70,0.75
WHIT,2016-04-05 19:20:00 EDT,43.48507,-73.42307,120,30.2,30.3,30.2,43.3,10.6,0.000,0.000,0.00,0.000,2.2,3.3,0.5,337,14,,,,,,2.2,3.3,0.5,337,14,9,30.18,,0,0,0,38.0,40.1,42.0,0.58,0.70,0.75
WHIT,2016-04-05 19:25:00 EDT,43.48507,-73.42307,120,29.9,30.1,29.9,43.7,10.5,0.000,0.000,0.00,0.000,2.0,3.4,0.6,3,22,,,,,,2.0,3.4,0.6,3,22,7,30.18,,0,0,0,38.1,40.1,41.9,0.58,0.70,0.75
WHIT,2016-04-05 19:30:00 EDT,43.48507,-73.42307,120,30.0,30.3,30.0,42.4,9.8,0.000,0.000,0.00,0.000,1.0,2.4,0.8,10,13,,,,,,1.0,2.4,0.8,10,13,4,30.18,,0,0,0,38.1,40.1,41.9,0.58,0.70,0.75
WHIT,2016-04-05 19:35:00 EDT,43.48507,-73.42307,120,29.8,30.2,29.8,42.2,9.6,0.000,0.000,0.00,0.000,0.5,1.8,0.5,13,15,,,,,,0.5,1.8,0.5,13,15,3,30.18,,0,0,0,38.1,40.1,41.9,0.58,0.70,0.75
WHIT,2016-04-05 19:40:00 EDT,43.48507,-73.42307,120,29.7,30.2,29.7,43.2,10.0,0.000,0.000,0.00,0.000,1.9,3.3,0.6,10,14,,,,,,1.9,3.3,0.6,10,14,1,30.18,,0,0,0,38.1,40.1,41.9,0.57,0.70,0.75
WHIT,2016-04-05 19:45:00 EDT,43.48507,-73.42307,120,29.5,30.0,29.5,44.2,10.4,0.000,0.000,0.00,0.000,1.8,3.0,0.5,18,12,,,,,,1.8,3.0,0.5,18,12,1,30.18,,0,0,0,38.1,40.1,41.9,0.58,0.70,0.75
WHIT,2016-04-05 19:50:00 EDT,43.48507,-73.42307,120,29.2,29.9,29.2,45.6,10.7,0.000,0.000,0.00,0.000,1.7,3.1,0.6,360,22,,,,,,1.7,3.1,0.6,360,22,0,30.18,,0,0,0,38.1,40.1,41.9,0.58,0.70,0.75
WHIT,2016-04-05 19:55:00 EDT,43.48507,-73.42307,120,27.9,29.2,27.9,52.3,12.7,0.000,0.000,0.00,0.000,1.8,3.3,0.6,317,20,,,,,,1.8,3.3,0.6,317,20,0,30.18,,0,0,0,38.1,40.1,41.9,0.58,0.70,0.75
WHIT,2016-04-05 20:00:00 EDT,43.48507,-73.42307,120,27.5,28.8,27.5,56.8,14.2,0.000,0.000,0.00,0.000,1.9,2.6,0.3,305,9,,,,,,1.9,2.6,0.3,305,9,0,30.18,,0,0,0,38.1,40.1,41.9,0.58,0.70,0.75
WHIT,2016-04-05 20:05:00 EDT,43.48507,-73.42307,120,26.7,28.2,26.7,59.4,14.4,0.000,0.000,0.00,0.000,1.5,2.0,0.2,305,7,,,,,,1.5,2.0,0.2,305,7,0,30.18,,0,0,0,38.1,40.1,41.9,0.58,0.70,0.75
WHIT,2016-04-05 20:10:00 EDT,43.48507,-73.42307,120,25.5,27.6,25.5,63.3,14.8,0.000,0.000,0.00,0.000,0.9,1.2,0.2,333,11,,,,,,0.9,1.2,0.2,333,11,0,30.19,,0,0,0,38.1,40.1,41.9,0.58,0.70,0.75
WHIT,2016-04-05 20:15:00 EDT,43.48507,-73.42307,120,26.0,27.0,26.0,66.6,16.4,0.000,0.000,0.00,0.000,1.2,2.2,0.4,319,11,,,,,,1.2,2.2,0.4,319,11,0,30.19,,0,0,0,38.1,40.1,41.9,0.58,0.70,0.75
WHIT,2016-04-05 20:20:00 EDT,43.48507,-73.42307,120,25.8,26.9,25.8,68.6,16.9,0.000,0.000,0.00,0.000,1.5,2.5,0.4,313,6,,,,,,1.5,2.5,0.4,313,6,0,30.19,,0,0,0,38.1,40.1,41.9,0.58,0.70,0.75
WHIT,2016-04-05 20:25:00 EDT,43.48507,-73.42307,120,25.4,26.5,25.4,69.5,16.8,0.000,0.000,0.00,0.000,1.0,1.5,0.2,337,8,,,,,,1.0,1.5,0.2,337,8,0,30.19,,0,0,0,38.1,40.1,41.9,0.58,0.70,0.75
WHIT,2016-04-05 20:30:00 EDT,43.48507,-73.42307,120,24.4,26.3,24.4,74.2,17.3,0.000,0.000,0.00,0.000,0.5,0.8,0.2,350,3,,,,,,0.5,0.8,0.2,350,3,0,30.19,,0,0,0,38.1,40.0,41.9,0.58,0.70,0.75
WHIT,2016-04-05 20:35:00 EDT,43.48507,-73.42307,120,23.7,25.9,23.7,76.5,17.4,0.000,0.000,0.00,0.000,0.2,0.8,0.2,348,3,,,,,,0.2,0.8,0.2,348,3,0,30.19,,0,0,0,38.1,40.1,41.9,0.58,0.70,0.75
WHIT,2016-04-05 20:40:00 EDT,43.48507,-73.42307,120,23.6,26.2,23.6,77.4,17.6,0.000,0.000,0.00,0.000,1.1,1.5,0.2,337,10,,,,,,1.1,1.5,0.2,337,10,0,30.19,,0,0,0,38.0,40.1,41.9,0.58,0.70,0.75
WHIT,2016-04-05 20:45:00 EDT,43.48507,-73.42307,120,23.3,26.0,23.3,79.7,17.9,0.000,0.000,0.00,0.000,1.0,1.8,0.4,15,13,,,,,,1.0,1.8,0.4,15,13,0,30.20,,0,0,0,38.0,40.1,41.9,0.58,0.70,0.75
WHIT,2016-04-05 20:50:00 EDT,43.48507,-73.42307,120,23.1,25.9,23.1,78.7,17.5,0.000,0.000,0.00,0.000,1.1,1.5,0.2,12,12,,,,,,1.1,1.5,0.2,12,12,0,30.20,,0,0,0,38.0,40.1,41.9,0.58,0.70,0.75
WHIT,2016-04-05 20:55:00 EDT,43.48507,-73.42307,120,23.1,25.5,23.1,80.2,17.9,0.000,0.000,0.00,0.000,0.6,1.5,0.4,22,17,,,,,,0.6,1.5,0.4,22,17,0,30.20,,0,0,0,38.0,40.1,41.9,0.58,0.70,0.75
WHIT,2016-04-05 21:00:00 EDT,43.48507,-73.42307,120,21.6,25.0,21.6,79.5,16.2,0.000,0.000,0.00,0.000,0.7,1.1,0.1,117,25,,,,,,0.7,1.1,0.1,117,25,0,30.20,,0,0,0,38.0,40.1,41.9,0.58,0.70,0.75
WHIT,2016-04-05 21:05:00 EDT,43.48507,-73.42307,120,23.6,25.2,23.6,74.8,16.8,0.000,0.000,0.00,0.000,1.5,1.9,0.3,160,7,,,,,,1.5,1.9,0.3,160,7,0,30.20,,0,0,0,38.0,40.1,41.9,0.58,0.70,0.75
WHIT,2016-04-05 21:10:00 EDT,43.48507,-73.42307,120,22.5,25.7,22.5,68.2,13.6,0.000,0.000,0.00,0.000,1.3,2.0,0.5,175,9,,,,,,1.3,2.0,0.5,175,9,0,30.20,,0,0,0,37.9,40.0,41.9,0.58,0.70,0.75
WHIT,2016-04-05 21:15:00 EDT,43.48507,-73.42307,120,23.1,24.9,23.1,67.5,13.9,0.000,0.000,0.00,0.000,0.1,0.8,0.3,200,3,,,,,,0.1,0.8,0.3,200,3,0,30.20,,0,0,0,37.9,40.1,41.9,0.58,0.70,0.75
WHIT,2016-04-05 21:20:00 EDT,43.48507,-73.42307,120,22.8,24.5,22.8,73.5,15.6,0.000,0.000,0.00,0.000,0.3,1.0,0.4,208,5,,,,,,0.3,1.0,0.4,208,5,0,30.20,,0,0,0,37.9,40.1,41.9,0.58,0.70,0.75
WHIT,2016-04-05 21:25:00 EDT,43.48507,-73.42307,120,23.2,25.0,23.2,75.5,16.6,0.000,0.000,0.00,0.000,0.1,0.6,0.1,194,0,,,,,,0.1,0.6,0.1,194,0,0,30.20,,0,0,0,37.9,40.1,41.9,0.58,0.70,0.75
WHIT,2016-04-05 21:30:00 EDT,43.48507,-73.42307,120,23.9,25.0,23.9,81.0,19.0,0.000,0.000,0.00,0.000,0.1,0.6,0.2,313,2,,,,,,0.1,0.6,0.2,313,2,0,30.20,,0,0,0,37.9,40.1,41.9,0.58,0.70,0.75
WHIT,2016-04-05 21:35:00 EDT,43.48507,-73.42307,120,22.7,24.5,22.7,80.9,17.7,0.000,0.000,0.00,0.000,0.4,0.9,0.3,326,14,,,,,,0.4,0.9,0.3,326,14,0,30.20,,0,0,0,37.9,40.1,41.9,0.58,0.70,0.75
WHIT,2016-04-05 21:40:00 EDT,43.48507,-73.42307,120,21.6,24.0,21.6,80.5,16.6,0.000,0.000,0.00,0.000,0.3,0.8,0.3,351,1,,,,,,0.3,0.8,0.3,351,1,0,30.21,,0,0,0,37.9,40.1,41.9,0.58,0.70,0.75
WHIT,2016-04-05 21:45:00 EDT,43.48507,-73.42307,120,21.6,23.7,21.6,84.2,17.6,0.000,0.000,0.00,0.000,0.1,0.1,0.0,351,0,,,,,,0.1,0.1,0.0,351,0,0,30.21,,0,0,0,37.9,40.1,41.9,0.58,0.70,0.75
WHIT,2016-04-05 21:50:00 EDT,43.48507,-73.42307,120,21.8,23.4,21.8,85.2,18.0,0.000,0.000,0.00,0.000,0.2,0.7,0.2,51,25,,,,,,0.2,0.7,0.2,51,25,0,30.21,,0,0,0,37.9,40.1,41.9,0.58,0.70,0.75
WHIT,2016-04-05 21:55:00 EDT,43.48507,-73.42307,120,20.8,23.3,20.8,83.4,16.5,0.000,0.000,0.00,0.000,1.0,1.8,0.3,69,2,,,,,,1.0,1.8,0.3,69,2,0,30.21,,0,0,0,37.9,40.1,41.9,0.58,0.70,0.75
WHIT,2016-04-05 22:00:00 EDT,43.48507,-73.42307,120,20.1,22.9,20.1,84.1,16.1,0.000,0.000,0.00,0.000,1.0,1.8,0.4,71,7,,,,,,1.0,1.8,0.4,71,7,0,30.21,,0,0,0,37.8,40.1,41.9,0.58,0.70,0.75
WHIT,2016-04-05 22:05:00 EDT,43.48507,-73.42307,120,20.4,22.9,20.4,85.5,16.8,0.000,0.000,0.00,0.000,0.1,0.7,0.2,55,0,,,,,,0.1,0.7,0.2,55,0,0,30.21,,0,0,0,37.8,40.1,41.9,0.58,0.70,0.75
WHIT,2016-04-05 22:10:00 EDT,43.48507,-73.42307,120,21.6,23.1,21.6,82.9,17.3,0.000,0.000,0.00,0.000,0.0,0.0,0.0,0,0,,,,,,0.0,0.0,0.0,0,0,0,30.22,,0,0,0,37.8,40.1,41.9,0.58,0.70,0.75
WHIT,2016-04-05 22:15:00 EDT,43.48507,-73.42307,120,21.0,23.1,21.0,83.3,16.7,0.000,0.000,0.00,0.000,0.0,0.5,0.1,55,0,,,,,,0.0,0.5,0.1,55,0,0,30.22,,0,0,0,37.8,40.1,41.9,0.58,0.70,0.75
WHIT,2016-04-05 22:20:00 EDT,43.48507,-73.42307,120,20.0,22.5,20.0,82.5,15.5,0.000,0.000,0.00,0.000,0.9,1.2,0.3,67,7,,,,,,0.9,1.2,0.3,67,7,0,30.22,,0,0,0,37.8,40.1,41.9,0.58,0.70,0.75
WHIT,2016-04-05 22:25:00 EDT,43.48507,-73.42307,120,19.7,21.9,19.7,81.8,15.0,0.000,0.000,0.00,0.000,0.1,1.2,0.3,249,15,,,,,,0.1,1.2,0.3,249,15,0,30.22,,0,0,0,37.8,40.1,41.9,0.58,0.70,0.75
WHIT,2016-04-05 22:30:00 EDT,43.48507,-73.42307,120,19.6,21.8,19.6,80.6,14.6,0.000,0.000,0.00,0.000,0.0,0.0,0.0,0,0,,,,,,0.0,0.0,0.0,0,0,0,30.22,,0,0,0,37.7,40.1,41.9,0.58,0.70,0.75
WHIT,2016-04-05 22:35:00 EDT,43.48507,-73.42307,120,19.1,21.9,19.1,79.5,13.8,0.000,0.000,0.00,0.000,0.0,0.0,0.0,0,0,,,,,,0.0,0.0,0.0,0,0,0,30.22,,0,0,0,37.8,40.1,41.9,0.58,0.70,0.75
WHIT,2016-04-05 22:40:00 EDT,43.48507,-73.42307,120,19.4,22.0,19.4,79.2,14.0,0.000,0.000,0.00,0.000,0.7,2.7,1.0,149,5,,,,,,0.7,2.7,1.0,149,5,0,30.22,,0,0,0,37.8,40.1,41.9,0.58,0.70,0.75
WHIT,2016-04-05 22:45:00 EDT,43.48507,-73.42307,120,20.1,21.6,20.1,77.8,14.3,0.000,0.000,0.00,0.000,1.3,2.4,0.6,145,19,,,,,,1.3,2.4,0.6,145,19,0,30.22,,0,0,0,37.7,40.1,41.9,0.58,0.70,0.75
WHIT,2016-04-05 22:50:00 EDT,43.48507,-73.42307,120,19.3,21.9,19.3,77.4,13.4,0.000,0.000,0.00,0.000,0.7,1.5,0.4,68,19,,,,,,0.7,1.5,0.4,68,19,0,30.21,,0,0,0,37.7,40.1,41.9,0.58,0.70,0.75
WHIT,2016-04-05 22:55:00 EDT,43.48507,-73.42307,120,19.5,21.4,19.5,78.9,14.0,0.000,0.000,0.00,0.000,0.5,1.3,0.4,28,36,,,,,,0.5,1.3,0.4,28,36,0,30.22,,0,0,0,37.6,40.1,41.8,0.58,0.70,0.75
WHIT,2016-04-05 23:00:00 EDT,43.48507,-73.42307,120,19.0,21.2,19.0,80.5,14.0,0.000,0.000,0.00,0.000,0.2,0.8,0.2,285,18,,,,,,0.2,0.8,0.2,285,18,0,30.21,,0,0,0,37.6,40.1,41.8,0.58,0.70,0.75
WHIT,2016-04-05 23:05:00 EDT,43.48507,-73.42307,120,19.6,20.9,19.6,88.1,16.6,0.000,0.000,0.00,0.000,0.1,0.8,0.3,280,0,,,,,,0.1,0.8,0.3,280,0,0,30.21,,0,0,0,37.6,40.1,41.8,0.58,0.70,0.75
WHIT,2016-04-05 23:10:00 EDT,43.48507,-73.42307,120,19.9,21.1,19.9,89.1,17.3,0.000,0.000,0.00,0.000,0.0,0.0,0.0,0,0,,,,,,0.0,0.0,0.0,0,0,0,30.21,,0,0,0,37.6,40.1,41.8,0.58,0.70,0.75
WHIT,2016-04-05 23:15:00 EDT,43.48507,-73.42307,120,19.6,20.6,19.6,84.7,15.7,0.000,0.000,0.00,0.000,0.0,0.0,0.0,0,0,,,,,,0.0,0.0,0.0,0,0,0,30.22,,0,0,0,37.6,40.1,41.8,0.58,0.70,0.75
WHIT,2016-04-05 23:20:00 EDT,43.48507,-73.42307,120,18.9,20.2,18.9,79.1,13.5,0.000,0.000,0.00,0.000,1.0,1.4,0.3,138,3,,,,,,1.0,1.4,0.3,138,3,0,30.22,,0,0,0,37.6,40.1,41.8,0.58,0.70,0.75
WHIT,2016-04-05 23:25:00 EDT,43.48507,-73.42307,120,18.6,20.2,18.6,82.0,14.0,0.000,0.000,0.00,0.000,0.3,1.3,0.4,129,4,,,,,,0.3,1.3,0.4,129,4,0,30.22,,0,0,0,37.6,40.1,41.8,0.58,0.70,0.75
WHIT,2016-04-05 23:30:00 EDT,43.48507,-73.42307,120,17.8,20.1,17.8,82.4,13.4,0.000,0.000,0.00,0.000,0.4,1.3,0.4,93,10,,,,,,0.4,1.3,0.4,93,10,0,30.22,,0,0,0,37.6,40.1,41.8,0.58,0.70,0.75
WHIT,2016-04-05 23:35:00 EDT,43.48507,-73.42307,120,18.0,20.3,18.0,83.8,14.0,0.000,0.000,0.00,0.000,0.0,0.4,0.0,312,20,,,,,,0.0,0.4,0.0,312,20,0,30.22,,0,0,0,37.6,40.1,41.8,0.58,0.70,0.75
WHIT,2016-04-05 23:40:00 EDT,43.48507,-73.42307,120,18.7,20.1,18.7,83.0,14.4,0.000,0.000,0.00,0.000,1.0,1.5,0.4,216,20,,,,,,1.0,1.5,0.4,216,20,0,30.22,,0,0,0,37.6,40.1,41.8,0.58,0.70,0.75
WHIT,2016-04-05 23:45:00 EDT,43.48507,-73.42307,120,18.7,19.8,18.7,86.3,15.3,0.000,0.000,0.00,0.000,0.9,1.6,0.5,238,13,,,,,,0.9,1.6,0.5,238,13,0,30.22,,0,0,0,37.5,40.1,41.7,0.58,0.70,0.75
WHIT,2016-04-05 23:50:00 EDT,43.48507,-73.42307,120,18.0,19.5,18.0,86.3,14.6,0.000,0.000,0.00,0.000,0.5,1.1,0.4,114,30,,,,,,0.5,1.1,0.4,114,30,0,30.22,,0,0,0,37.5,40.1,41.8,0.58,0.70,0.75
WHIT,2016-04-05 23:55:00 EDT,43.48507,-73.42307,120,17.6,19.5,17.6,82.2,13.1,0.000,0.000,0.00,0.000,1.3,2.3,0.7,140,18,,,,,,1.3,2.3,0.7,140,18,0,30.22,,0,0,0,37.4,40.1,41.8,0.58,0.70,0.75
WOLC,2016-04-05 00:00:00 EDT,43.22868,-76.84261,398,24.6,25.5,24.6,43.3,5.4,0.000,0.191,0.00,0.000,1.9,3.3,0.5,28,20,2.0,4.0,0.6,33,18,1.9,3.3,0.5,28,20,0,29.77,,,,,,,,,,
WOLC,2016-04-05 00:05:00 EDT,43.22868,-76.84261,398,24.4,25.6,24.4,43.2,5.2,0.000,0.000,0.00,0.000,2.3,5.6,1.1,23,18,2.6,5.4,1.1,27,20,2.3,5.6,1.1,23,18,0,29.77,,,,,,,,,,
WOLC,2016-04-05 00:10:00 EDT,43.22868,-76.84261,398,24.7,25.6,24.7,43.2,5.5,0.000,0.000,0.00,0.000,2.0,3.9,0.9,18,17,2.3,5.4,1.0,24,17,2.0,3.9,0.9,18,17,0,29.77,,,,,,,,,,
WOLC,2016-04-05 00:15:00 EDT,43.22868,-76.84261,398,24.4,25.5,24.4,43.2,5.2,0.000,0.000,0.00,0.000,1.9,4.2,0.9,23,16,2.2,5.4,1.0,28,15,1.9,4.2,0.9,23,16,0,29.77,,,,,,,,,,
WOLC,2016-04-05 00:20:00 EDT,43.22868,-76.84261,398,24.6,25.6,24.6,43.0,5.2,0.000,0.000,0.00,0.000,1.5,3.1,0.9,25,26,2.0,3.8,0.8,35,30,1.5,3.1,0.9,25,26,0,29.77,,,,,,,,,,
WOLC,2016-04-05 00:25:00 EDT,43.22868,-76.84261,398,24.3,25.3,24.3,42.7,4.8,0.000,0.000,0.00,0.000,2.1,4.4,0.8,17,20,2.5,5.1,1.1,25,19,2.1,4.4,0.8,17,20,0,29.77,,,,,,,,,,
WOLC,2016-04-05 00:30:00 EDT,43.22868,-76.84261,398,24.6,25.4,20.9,42.4,5.0,0.000,0.000,0.00,0.000,3.1,5.6,1.1,16,20,3.4,6.5,1.2,20,16,3.1,5.6,1.1,16,20,0,29.77,,,,,,,,,,
WOLC,2016-04-05 00:35:00 EDT,43.22868,-76.84261,398,24.5,25.3,24.5,42.0,4.7,0.000,0.000,0.00,0.000,2.9,6.1,1.0,23,22,3.2,6.9,1.1,26,16,2.9,6.1,1.0,23,22,0,29.78,,,,,,,,,,
WOLC,2016-04-05 00:40:00 EDT,43.22868,-76.84261,398,24.1,25.1,24.1,42.6,4.6,0.000,0.000,0.00,0.000,1.5,3.7,0.9,24,18,1.8,3.6,0.8,32,19,1.5,3.7,0.9,24,18,0,29.78,,,,,,,,,,
WOLC,2016-04-05 00:45:00 EDT,43.22868,-76.84261,398,22.8,24.9,22.8,44.1,4.2,0.000,0.000,0.00,0.000,1.0,2.8,0.8,16,25,1.4,3.1,0.7,30,40,1.0,2.8,0.8,16,25,0,29.78,,,,,,,,,,
WOLC,2016-04-05 00:50:00 EDT,43.22868,-76.84261,398,17.7,23.9,17.7,55.3,4.4,0.000,0.000,0.00,0.000,1.8,4.7,1.1,67,35,2.1,4.9,1.0,74,37,1.8,4.7,1.1,67,35,0,29.78,,,,,,,,,,
WOLC,2016-04-05 00:55:00 EDT,43.22868,-76.84261,398,16.1,22.6,16.1,67.5,7.2,0.000,0.000,0.00,0.000,1.3,2.3,0.3,127,16,1.6,2.5,0.3,130,16,1.3,2.3,0.3,127,16,0,29.78,,,,,,,,,,
WOLC,2016-04-05 01:00:00 EDT,43.22868,-76.84261,398,15.1,20.6,15.1,72.1,7.8,0.000,0.000,0.00,0.000,2.7,3.5,0.3,143,5,2.9,3.6,0.4,145,5,2.7,3.5,0.3,143,5,0,29.78,,,,,,,,,,
WOLC,2016-04-05 01:05:00 EDT,43.22868,-76.84261,398,15.8,19.7,9.5,73.8,8.9,0.000,0.000,0.00,0.000,3.9,6.0,1.0,156,7,4.2,6.7,1.2,159,8,3.9,6.0,1.0,156,7,0,29.78,,,,,,,,,,
WOLC,2016-04-05 01:10:00 EDT,43.22868,-76.84261,398,16.5,19.6,16.5,69.6,8.3,0.000,0.000,0.00,0.000,1.8,4.1,1.2,168,26,2.3,4.7,1.3,176,38,1.8,4.1,1.2,168,26,0,29.78,,,,,,,,,,
WOLC,2016-04-05 01:15:00 EDT,43.22868,-76.84261,398,16.3,19.3,16.3,70.7,8.5,0.000,0.000,0.00,0.000,0.4,1.7,0.4,239,36,1.1,2.2,0.4,248,44,0.4,1.7,0.4,239,36,0,29.79,,,,,,,,,,
WOLC,2016-04-05 01:20:00 EDT,43.22868,-76.84261,398,18.1,19.4,18.1,64.5,8.1,0.000,0.000,0.00,0.000,1.7,3.1,1.0,210,4,2.0,3.6,0.9,215,7,1.7,3.1,1.0,210,4,0,29.79,,,,,,,,,,
WOLC,2016-04-05 01:25:00 EDT,43.22868,-76.84261,398,18.0,19.4,18.0,62.0,7.2,0.000,0.000,0.00,0.000,2.6,3.1,0.2,211,6,2.8,3.6,0.3,216,6,2.6,3.1,0.2,211,6,0,29.79,,,,,,,,,,
WOLC,2016-04-05 01:30:00 EDT,43.22868,-76.84261,398,18.1,19.4,18.1,61.6,7.1,0.000,0.000,0.00,0.000,2.5,3.7,0.4,194,4,2.8,4.5,0.5,200,6,2.5,3.7,0.4,194,4,0,29.79,,,,,,,,,,
WOLC,2016-04-05 01:35:00 EDT,43.22868,-76.84261,398,17.7,19.2,17.7,62.1,6.9,0.000,0.000,0.00,0.000,2.8,4.5,0.6,199,5,3.1,5.1,0.7,205,6,2.8,4.5,0.6,199,5,0,29.79,,,,,,,,,,
WOLC,2016-04-05 01:40:00 EDT,43.22868,-76.84261,398,17.1,19.0,17.1,63.9,7.0,0.000,0.000,0.00,0.000,2.6,3.2,0.3,201,4,2.8,3.6,0.4,208,5,2.6,3.2,0.3,201,4,0,29.79,,,,,,,,,,
WOLC,2016-04-05 01:45:00 EDT,43.22868,-76.84261,398,17.7,19.2,17.7,63.4,7.4,0.000,0.000,0.00,0.000,2.5,2.8,0.1,219,4,2.5,2.9,0.2,222,3,2.5,2.8,0.1,219,4,0,29.80,,,,,,,,,,
WOLC,2016-04-05 01:50:00 EDT,43.22868,-76.84261,398,18.6,19.4,18.6,61.8,7.7,0.000,0.000,0.00,0.000,2.3,2.8,0.3,218,5,2.3,3.1,0.3,222,5,2.3,2.8,0.3,218,5,0,29.80,,,,,,,,,,
WOLC,2016-04-05 01:55:00 EDT,43.22868,-76.84261,398,18.8,19.8,18.8,60.6,7.4,0.000,0.000,0.00,0.000,2.5,3.1,0.3,208,8,2.7,3.6,0.4,214,7,2.5,3.1,0.3,208,8,0,29.80,,,,,,,,,,
WOLC,2016-04-05 02:00:00 EDT,43.22868,-76.84261,398,18.4,19.8,18.4,61.0,7.2,0.000,0.000,0.00,0.000,2.8,3.8,0.4,197,5,3.1,4.5,0.6,203,7,2.8,3.8,0.4,197,5,0,29.80,,,,,,,,,,
WOLC,2016-04-05 02:05:00 EDT,43.22868,-76.84261,398,16.9,18.4,16.9,64.0,6.8,0.000,0.000,0.00,0.000,1.8,2.3,0.2,209,10,2.0,2.5,0.2,214,9,1.8,2.3,0.2,209,10,0,29.80,,,,,,,,,,
WOLC,2016-04-05 02:10:00 EDT,43.22868,-76.84261,398,16.3,17.9,16.3,67.0,7.3,0.000,0.000,0.00,0.000,2.0,2.6,0.2,201,5,2.2,2.9,0.3,210,5,2.0,2.6,0.2,201,5,0,29.80,,,,,,,,,,
WOLC,2016-04-05 02:15:00 EDT,43.22868,-76.84261,398,16.5,17.5,16.5,68.9,8.0,0.000,0.000,0.00,0.000,1.6,3.2,0.6,198,9,2.0,3.8,0.6,202,11,1.6,3.2,0.6,198,9,0,29.80,,,,,,,,,,
WOLC,2016-04-05 02:20:00 EDT,43.22868,-76.84261,398,16.4,17.5,16.4,70.0,8.3,0.000,0.000,0.00,0.000,2.0,3.8,0.7,200,12,2.2,4.3,0.8,204,12,2.0,3.8,0.7,200,12,0,29.80,,,,,,,,,,
WOLC,2016-04-05 02:25:00 EDT,43.22868,-76.84261,398,15.5,17.0,15.5,71.3,7.8,0.000,0.000,0.00,0.000,2.2,3.1,0.5,215,18,2.4,3.6,0.5,220,16,2.2,3.1,0.5,215,18,0,29.80,,,,,,,,,,
WOLC,2016-04-05 02:30:00 EDT,43.22868,-76.84261,398,16.0,18.3,10.5,72.1,8.6,0.000,0.000,0.00,0.000,3.4,4.0,0.4,203,9,3.7,4.5,0.6,207,9,3.4,4.0,0.4,203,9,0,29.80,,,,,,,,,,
WOLC,2016-04-05 02:35:00 EDT,43.22868,-76.84261,398,15.5,18.1,15.5,71.7,7.9,0.000,0.000,0.00,0.000,2.0,3.6,0.6,211,10,2.2,3.8,0.6,218,9,2.0,3.6,0.6,211,10,0,29.80,,,,,,,,,,
WOLC,2016-04-05 02:40:00 EDT,43.22868,-76.84261,398,15.3,17.8,15.3,73.0,8.2,0.000,0.000,0.00,0.000,1.9,2.3,0.3,215,6,2.0,2.7,0.3,219,6,1.9,2.3,0.3,215,6,0,29.81,,,,,,,,,,
WOLC,2016-04-05 02:45:00 EDT,43.22868,-76.84261,398,14.4,17.4,14.4,74.4,7.8,0.000,0.000,0.00,0.000,2.2,2.6,0.3,218,4,2.2,2.9,0.3,223,3,2.2,2.6,0.3,218,4,0,29.81,,,,,,,,,,
WOLC,2016-04-05 02:50:00 EDT,43.22868,-76.84261,398,13.3,17.4,13.3,76.7,7.4,0.000,0.000,0.00,0.000,1.6,2.6,0.3,212,8,1.8,2.7,0.3,215,7,1.6,2.6,0.3,212,8,0,29.81,,,,,,,,,,
WOLC,2016-04-05 02:55:00 EDT,43.22868,-76.84261,398,13.5,17.3,13.5,76.3,7.5,0.000,0.000,0.00,0.000,2.2,3.2,0.5,213,5,2.3,3.4,0.6,217,4,2.2,3.2,0.5,213,5,0,29.81,,,,,,,,,,
WOLC,2016-04-05 03:00:00 EDT,43.22868,-76.84261,398,13.0,16.2,13.0,78.0,7.4,0.000,0.000,0.00,0.000,1.1,1.7,0.3,195,9,1.5,2.0,0.3,195,13,1.1,1.7,0.3,195,9,0,29.81,,,,,,,,,,
WOLC,2016-04-05 03:05:00 EDT,43.22868,-76.84261,398,12.7,15.8,12.7,80.1,7.7,0.000,0.000,0.00,0.000,2.5,3.6,0.6,161,11,2.9,4.3,0.6,164,13,2.5,3.6,0.6,161,11,0,29.81,,,,,,,,,,
WOLC,2016-04-05 03:10:00 EDT,43.22868,-76.84261,398,12.4,17.4,12.4,82.3,8.1,0.000,0.000,0.00,0.000,2.0,3.1,0.5,195,10,2.3,3.6,0.6,204,10,2.0,3.1,0.5,195,10,0,29.81,,,,,,,,,,
WOLC,2016-04-05 03:15:00 EDT,43.22868,-76.84261,398,12.8,16.2,12.8,83.0,8.6,0.000,0.000,0.00,0.000,2.1,3.1,0.4,199,6,2.4,3.6,0.4,207,6,2.1,3.1,0.4,199,6,0,29.81,,,,,,,,,,
WOLC,2016-04-05 03:20:00 EDT,43.22868,-76.84261,398,12.2,14.7,12.2,85.3,8.6,0.000,0.000,0.00,0.000,2.3,3.5,0.8,206,9,2.5,3.8,0.8,212,10,2.3,3.5,0.8,206,9,0,29.81,,,,,,,,,,
WOLC,2016-04-05 03:25:00 EDT,43.22868,-76.84261,398,13.4,16.8,8.3,83.6,9.4,0.000,0.000,0.00,0.000,3.0,4.3,0.9,213,5,3.2,4.5,0.9,216,6,3.0,4.3,0.9,213,5,0,29.82,,,,,,,,,,
WOLC,2016-04-05 03:30:00 EDT,43.22868,-76.84261,398,13.1,16.5,13.1,81.9,8.7,0.000,0.000,0.00,0.000,2.3,2.8,0.2,206,12,2.5,3.1,0.3,214,10,2.3,2.8,0.2,206,12,0,29.82,,,,,,,,,,
WOLC,2016-04-05 03:35:00 EDT,43.22868,-76.84261,398,12.1,15.4,12.1,82.3,7.7,0.000,0.000,0.00,0.000,1.9,3.7,1.1,232,9,2.2,4.0,0.9,234,12,1.9,3.7,1.1,232,9,0,29.82,,,,,,,,,,
WOLC,2016-04-05 03:40:00 EDT,43.22868,-76.84261,398,12.8,16.0,12.8,82.7,8.5,0.000,0.000,0.00,0.000,0.7,1.5,0.5,199,18,1.2,2.0,0.4,211,24,0.7,1.5,0.5,199,18,0,29.82,,,,,,,,,,
WOLC,2016-04-05 03:45:00 EDT,43.22868,-76.84261,398,12.3,15.8,12.3,83.2,8.2,0.000,0.000,0.00,0.000,2.0,2.8,0.5,220,7,2.1,3.1,0.5,223,6,2.0,2.8,0.5,220,7,0,29.82,,,,,,,,,,
WOLC,2016-04-05 03:50:00 EDT,43.22868,-76.84261,398,11.8,15.4,11.8,84.1,7.9,0.000,0.000,0.00,0.000,1.3,2.6,0.8,229,10,1.5,2.7,0.6,229,20,1.3,2.6,0.8,229,10,0,29.82,,,,,,,,,,
WOLC,2016-04-05 03:55:00 EDT,43.22868,-76.84261,398,11.4,15.5,11.4,84.8,7.7,0.000,0.000,0.00,0.000,0.6,1.8,0.5,166,18,1.2,2.0,0.4,167,25,0.6,1.8,0.5,166,18,0,29.82,,,,,,,,,,
WOLC,2016-04-05 04:00:00 EDT,43.22868,-76.84261,398,12.2,15.2,12.2,84.5,8.4,0.000,0.000,0.00,0.000,2.6,3.7,0.7,219,29,2.9,4.3,0.7,222,30,2.6,3.7,0.7,219,29,0,29.83,,,,,,,,,,
WOLC,2016-04-05 04:05:00 EDT,43.22868,-76.84261,398,13.1,15.4,13.1,82.6,8.8,0.000,0.000,0.00,0.000,1.1,3.3,0.6,265,31,1.5,4.0,0.6,269,33,1.1,3.3,0.6,265,31,0,29.83,,,,,,,,,,
WOLC,2016-04-05 04:10:00 EDT,43.22868,-76.84261,398,13.4,17.2,13.4,79.0,8.1,0.000,0.000,0.00,0.000,1.6,3.1,0.6,287,27,1.8,3.4,0.6,294,26,1.6,3.1,0.6,287,27,0,29.83,,,,,,,,,,
WOLC,2016-04-05 04:15:00 EDT,43.22868,-76.84261,398,13.5,18.2,13.5,77.5,7.8,0.000,0.000,0.00,0.000,1.1,2.6,0.7,314,27,1.4,2.7,0.6,326,37,1.1,2.6,0.7,314,27,0,29.83,,,,,,,,,,
WOLC,2016-04-05 04:20:00 EDT,43.22868,-76.84261,398,12.6,19.3,12.6,77.3,6.8,0.000,0.000,0.00,0.000,0.2,2.4,0.4,354,20,0.9,2.9,0.6,20,64,0.2,2.4,0.4,354,20,0,29.84,,,,,,,,,,
WOLC,2016-04-05 04:25:00 EDT,43.22868,-76.84261,398,11.3,19.6,11.3,79.2,6.1,0.000,0.000,0.00,0.000,1.1,3.4,0.9,349,30,1.8,4.5,1.0,346,41,1.1,3.4,0.9,349,30,0,29.84,,,,,,,,,,
WOLC,2016-04-05 04:30:00 EDT,43.22868,-76.84261,398,10.7,18.4,10.7,82.0,6.3,0.000,0.000,0.00,0.000,1.0,4.2,0.8,329,50,1.5,4.9,0.9,328,50,1.0,4.2,0.8,329,50,0,29.84,,,,,,,,,,
WOLC,2016-04-05 04:35:00 EDT,43.22868,-76.84261,398,10.8,20.1,10.8,82.2,6.5,0.000,0.000,0.00,0.000,1.0,3.5,0.9,1,21,1.7,4.7,0.9,4,26,1.0,3.5,0.9,1,21,0,29.84,,,,,,,,,,
WOLC,2016-04-05 04:40:00 EDT,43.22868,-76.84261,398,11.7,20.9,11.7,80.8,6.9,0.000,0.000,0.00,0.000,1.4,5.0,1.1,360,23,1.7,5.4,1.1,8,26,1.4,5.0,1.1,360,23,0,29.84,,,,,,,,,,
WOLC,2016-04-05 04:45:00 EDT,43.22868,-76.84261,398,15.3,21.6,15.3,73.4,8.3,0.000,0.000,0.00,0.000,2.4,6.9,1.3,4,19,2.7,8.9,1.6,9,18,2.4,6.9,1.3,4,19,0,29.85,,,,,,,,,,
WOLC,2016-04-05 04:50:00 EDT,43.22868,-76.84261,398,16.1,21.3,16.1,68.3,7.5,0.000,0.000,0.00,0.000,2.0,5.6,0.9,6,26,2.2,6.7,1.1,12,24,2.0,5.6,0.9,6,26,0,29.85,,,,,,,,,,
WOLC,2016-04-05 04:55:00 EDT,43.22868,-76.84261,398,19.5,21.5,19.5,62.1,8.6,0.000,0.000,0.00,0.000,2.5,6.4,1.5,3,34,3.0,7.6,1.6,8,28,2.5,6.4,1.5,3,34,0,29.85,,,,,,,,,,
WOLC,2016-04-05 05:00:00 EDT,43.22868,-76.84261,398,20.7,22.1,20.7,56.0,7.5,0.000,0.000,0.00,0.000,2.9,6.5,1.4,14,20,3.2,7.6,1.5,18,19,2.9,6.5,1.4,14,20,0,29.85,,,,,,,,,,
WOLC,2016-04-05 05:05:00 EDT,43.22868,-76.84261,398,21.1,22.3,16.5,53.2,6.7,0.000,0.000,0.00,0.000,3.3,7.6,1.4,8,28,4.2,9.4,1.7,10,20,3.3,7.6,1.4,8,28,0,29.86,,,,,,,,,,
WOLC,2016-04-05 05:10:00 EDT,43.22868,-76.84261,398,21.7,22.7,14.0,52.8,7.1,0.000,0.000,0.00,0.000,6.0,13.3,2.5,2,24,6.9,14.1,2.8,8,17,6.0,13.3,2.5,2,24,0,29.86,,,,,,,,,,
WOLC,2016-04-05 05:15:00 EDT,43.22868,-76.84261,398,23.1,23.7,14.6,50.2,7.3,0.000,0.000,0.00,0.000,7.1,14.3,2.3,13,21,8.1,15.9,2.7,16,18,7.1,14.3,2.3,13,21,0,29.86,,,,,,,,,,
WOLC,2016-04-05 05:20:00 EDT,43.22868,-76.84261,398,23.3,23.7,17.1,49.2,7.0,0.000,0.000,0.00,0.000,4.7,10.7,1.9,8,18,5.4,10.5,2.1,13,17,4.7,10.7,1.9,8,18,0,29.86,,,,,,,,,,
WOLC,2016-04-05 05:25:00 EDT,43.22868,-76.84261,398,23.5,23.8,17.5,48.3,6.8,0.000,0.000,0.00,0.000,4.6,12.0,2.7,4,18,5.4,13.4,2.8,9,18,4.6,12.0,2.7,4,18,0,29.87,,,,,,,,,,
WOLC,2016-04-05 05:30:00 EDT,43.22868,-76.84261,398,23.3,23.8,17.2,49.2,7.1,0.000,0.000,0.00,0.000,4.7,12.2,1.8,2,22,5.2,11.9,2.1,8,19,4.7,12.2,1.8,2,22,0,29.87,,,,,,,,,,
WOLC,2016-04-05 05:35:00 EDT,43.22868,-76.84261,398,23.6,24.0,16.6,49.5,7.5,0.000,0.000,0.00,0.000,5.6,10.2,1.8,4,24,6.4,11.4,2.2,8,17,5.6,10.2,1.8,4,24,0,29.87,,,,,,,,,,
WOLC,2016-04-05 05:40:00 EDT,43.22868,-76.84261,398,23.7,24.1,16.1,48.7,7.2,0.000,0.000,0.00,0.000,6.4,10.8,2.2,11,19,7.0,12.8,2.3,15,17,6.4,10.8,2.2,11,19,0,29.87,,,,,,,,,,
WOLC,2016-04-05 05:45:00 EDT,43.22868,-76.84261,398,23.8,24.0,16.7,48.5,7.2,0.000,0.000,0.00,0.000,5.8,11.0,1.8,7,23,7.0,12.3,2.0,11,16,5.8,11.0,1.8,7,23,0,29.88,,,,,,,,,,
WOLC,2016-04-05 05:50:00 EDT,43.22868,-76.84261,398,23.5,23.9,17.1,49.1,7.2,0.000,0.000,0.00,0.000,5.0,9.9,1.7,9,23,5.7,12.8,2.1,14,19,5.0,9.9,1.7,9,23,0,29.88,,,,,,,,,,
WOLC,2016-04-05 05:55:00 EDT,43.22868,-76.84261,398,23.7,23.9,15.4,49.6,7.6,0.000,0.000,0.00,0.000,7.1,11.3,2.1,12,19,7.9,14.1,2.4,16,17,7.1,11.3,2.1,12,19,0,29.88,,,,,,,,,,
WOLC,2016-04-05 06:00:00 EDT,43.22868,-76.84261,398,23.6,23.8,15.8,50.9,8.1,0.000,0.000,0.00,0.000,6.6,11.1,2.1,23,20,7.3,14.1,2.3,28,18,6.6,11.1,2.1,23,20,0,29.89,,,,,,,,,,
WOLC,2016-04-05 06:05:00 EDT,43.22868,-76.84261,398,23.4,23.6,15.5,52.4,8.5,0.000,0.000,0.00,0.000,6.6,13.4,2.7,21,24,7.7,16.3,2.9,24,21,6.6,13.4,2.7,21,24,0,29.89,,,,,,,,,,
WOLC,2016-04-05 06:10:00 EDT,43.22868,-76.84261,398,23.4,23.6,15.0,52.8,8.7,0.000,0.000,0.00,0.000,7.2,14.0,3.0,19,20,8.1,17.2,3.2,22,14,7.2,14.0,3.0,19,20,0,29.89,,,,,,,,,,
WOLC,2016-04-05 06:15:00 EDT,43.22868,-76.84261,398,23.3,23.5,16.0,52.8,8.6,0.000,0.000,0.00,0.000,5.9,11.8,1.9,19,13,6.4,13.4,2.1,23,13,5.9,11.8,1.9,19,13,0,29.90,,,,,,,,,,
WOLC,2016-04-05 06:20:00 EDT,43.22868,-76.84261,398,23.2,23.4,14.8,53.0,8.6,0.000,0.000,0.00,0.000,7.1,14.5,2.8,30,17,7.5,15.2,2.7,35,15,7.1,14.5,2.8,30,17,0,29.90,,,,,,,,,,
WOLC,2016-04-05 06:25:00 EDT,43.22868,-76.84261,398,23.1,23.4,16.1,52.8,8.4,0.000,0.000,0.00,0.000,5.6,9.8,1.7,31,18,6.1,11.0,1.8,33,17,5.6,9.8,1.7,31,18,0,29.91,,,,,,,,,,
WOLC,2016-04-05 06:30:00 EDT,43.22868,-76.84261,398,22.9,23.1,16.3,53.4,8.4,0.000,0.000,0.00,0.000,5.1,9.3,1.7,46,17,5.5,9.4,1.7,49,16,5.1,9.3,1.7,46,17,1,29.91,,,,,,,,,,
WOLC,2016-04-05 06:35:00 EDT,43.22868,-76.84261,398,22.5,22.7,14.6,52.9,7.9,0.000,0.000,0.00,0.000,6.4,12.1,2.5,51,17,6.9,13.6,2.7,56,17,6.4,12.1,2.5,51,17,2,29.91,,,,,,,,,,
WOLC,2016-04-05 06:40:00 EDT,43.22868,-76.84261,398,22.3,22.5,15.4,51.6,7.2,0.000,0.000,0.00,0.000,5.3,9.4,2.0,55,18,5.6,10.1,2.0,60,18,5.3,9.4,2.0,55,18,4,29.92,,,,,,,,,,
WOLC,2016-04-05 06:45:00 EDT,43.22868,-76.84261,398,22.0,22.2,15.4,51.6,6.9,0.000,0.000,0.00,0.000,5.0,9.9,1.5,52,19,5.7,10.1,1.7,55,18,5.0,9.9,1.5,52,19,7,29.92,,,,,,,,,,
WOLC,2016-04-05 06:50:00 EDT,43.22868,-76.84261,398,21.7,21.9,16.7,51.3,6.5,0.000,0.000,0.00,0.000,3.7,7.7,1.5,54,19,4.1,8.5,1.6,58,18,3.7,7.7,1.5,54,19,10,29.92,,,,,,,,,,
WOLC,2016-04-05 06:55:00 EDT,43.22868,-76.84261,398,21.5,21.7,15.8,51.1,6.2,0.000,0.000,0.00,0.000,4.1,7.6,1.3,59,17,4.7,8.5,1.5,64,15,4.1,7.6,1.3,59,17,15,29.93,,,,,,,,,,
WOLC,2016-04-05 07:00:00 EDT,43.22868,-76.84261,398,21.0,21.5,16.5,52.4,6.3,0.000,0.000,0.00,0.000,3.2,5.7,1.0,71,17,3.7,6.3,1.1,75,17,3.2,5.7,1.0,71,17,21,29.93,,,,,,,,,,
WOLC,2016-04-05 07:05:00 EDT,43.22868,-76.84261,398,20.7,21.2,16.4,53.6,6.5,0.000,0.000,0.00,0.000,3.1,5.7,0.9,74,17,3.5,6.7,0.9,78,17,3.1,5.7,0.9,74,17,33,29.93,,,,,,,,,,
WOLC,2016-04-05 07:10:00 EDT,43.22868,-76.84261,398,20.7,21.1,15.5,53.4,6.4,0.000,0.000,0.00,0.000,3.6,6.8,1.3,77,19,4.2,7.4,1.4,81,16,3.6,6.8,1.3,77,19,59,29.93,,,,,,,,,,
WOLC,2016-04-05 07:15:00 EDT,43.22868,-76.84261,398,20.8,21.0,15.5,52.1,6.0,0.000,0.000,0.00,0.000,3.8,7.3,1.3,77,17,4.3,8.5,1.5,81,16,3.8,7.3,1.3,77,17,70,29.94,,,,,,,,,,
WOLC,2016-04-05 07:20:00 EDT,43.22868,-76.84261,398,20.7,20.9,16.1,51.8,5.8,0.000,0.000,0.00,0.000,3.3,7.5,1.9,73,18,3.8,8.9,2.0,77,19,3.3,7.5,1.9,73,18,84,29.94,,,,,,,,,,
WOLC,2016-04-05 07:25:00 EDT,43.22868,-76.84261,398,20.8,20.9,15.6,50.9,5.4,0.000,0.000,0.00,0.000,3.6,6.0,1.2,79,15,4.2,7.8,1.3,83,14,3.6,6.0,1.2,79,15,91,29.94,,,,,,,,,,
WOLC,2016-04-05 07:30:00 EDT,43.22868,-76.84261,398,20.7,20.8,14.9,51.3,5.6,0.000,0.000,0.00,0.000,4.1,7.2,1.1,74,14,4.6,8.3,1.2,78,14,4.1,7.2,1.1,74,14,118,29.94,,,,,,,,,,
WOLC,2016-04-05 07:35:00 EDT,43.22868,-76.84261,398,20.9,20.9,15.1,50.3,5.3,0.000,0.000,0.00,0.000,4.1,7.8,1.1,76,18,4.6,8.7,1.3,80,18,4.1,7.8,1.1,76,18,131,29.94,,,,,,,,,,
WOLC,2016-04-05 07:40:00 EDT,43.22868,-76.84261,398,20.9,20.9,20.9,50.1,5.2,0.000,0.000,0.00,0.000,2.7,4.9,1.1,81,16,3.2,5.8,1.2,85,16,2.7,4.9,1.1,81,16,112,29.95,,,,,,,,,,
WOLC,2016-04-05 07:45:00 EDT,43.22868,-76.84261,398,21.0,20.9,16.5,50.1,5.3,0.000,0.000,0.00,0.000,3.2,5.0,1.0,82,13,3.6,6.3,1.1,86,12,3.2,5.0,1.0,82,13,132,29.95,,,,,,,,,,
WOLC,2016-04-05 07:50:00 EDT,43.22868,-76.84261,398,21.2,21.1,17.1,49.6,5.3,0.000,0.000,0.00,0.000,3.0,6.7,1.6,69,19,3.5,8.1,1.7,76,19,3.0,6.7,1.6,69,19,196,29.95,,,,,,,,,,
WOLC,2016-04-05 07:55:00 EDT,43.22868,-76.84261,398,21.5,21.4,15.1,48.2,5.0,0.000,0.000,0.00,0.000,4.7,8.3,1.7,78,15,5.2,10.1,2.0,82,14,4.7,8.3,1.7,78,15,176,29.95,,,,,,,,,,
WOLC,2016-04-05 08:00:00 EDT,43.22868,-76.84261,398,21.6,21.4,15.5,48.5,5.1,0.000,0.000,0.00,0.000,4.4,8.3,1.7,67,17,5.0,10.5,1.9,72,15,4.4,8.3,1.7,67,17,134,29.96,,,,,,,,,,
WOLC,2016-04-05 08:05:00 EDT,43.22868,-76.84261,398,21.7,21.5,15.3,48.8,5.3,0.000,0.000,0.00,0.000,4.7,7.4,1.1,65,17,5.3,8.7,1.3,71,17,4.7,7.4,1.1,65,17,168,29.96,,,,,,,,,,
WOLC,2016-04-05 08:10:00 EDT,43.22868,-76.84261,398,21.9,21.7,16.5,48.6,5.5,0.000,0.000,0.00,0.000,3.9,7.4,1.4,64,21,4.5,8.3,1.5,68,19,3.9,7.4,1.4,64,21,185,29.96,,,,,,,,,,
WOLC,2016-04-05 08:15:00 EDT,43.22868,-76.84261,398,22.1,21.9,17.0,48.9,5.8,0.000,0.000,0.00,0.000,3.7,6.9,1.6,77,23,4.4,7.6,1.7,81,21,3.7,6.9,1.6,77,23,185,29.96,,,,,,,,,,
WOLC,2016-04-05 08:20:00 EDT,43.22868,-76.84261,398,22.1,22.0,17.6,48.3,5.6,0.000,0.000,0.00,0.000,3.4,5.4,1.1,64,23,3.8,6.3,1.2,69,21,3.4,5.4,1.1,64,23,179,29.96,,,,,,,,,,
WOLC,2016-04-05 08:25:00 EDT,43.22868,-76.84261,398,22.3,22.1,16.6,48.1,5.7,0.000,0.000,0.00,0.000,4.3,7.2,1.6,71,20,4.8,9.2,1.7,75,19,4.3,7.2,1.6,71,20,184,29.97,,,,,,,,,,
WOLC,2016-04-05 08:30:00 EDT,43.22868,-76.84261,398,22.4,22.2,16.0,48.3,5.8,0.000,0.000,0.00,0.000,4.9,9.0,1.7,70,15,5.5,10.5,2.0,74,14,4.9,9.0,1.7,70,15,205,29.97,,,,,,,,,,
WOLC,2016-04-05 08:35:00 EDT,43.22868,-76.84261,398,22.4,22.2,15.3,48.5,5.9,0.000,0.000,0.00,0.000,5.6,9.4,1.8,66,15,6.1,10.1,2.0,72,14,5.6,9.4,1.8,66,15,203,29.97,,,,,,,,,,
WOLC,2016-04-05 08:40:00 EDT,43.22868,-76.84261,398,22.7,22.4,16.2,48.1,6.0,0.000,0.000,0.00,0.000,4.9,7.4,1.3,77,16,5.5,9.2,1.3,80,15,4.9,7.4,1.3,77,16,271,29.97,,,,,,,,,,
WOLC,2016-04-05 08:45:00 EDT,43.22868,-76.84261,398,22.8,22.5,17.0,48.2,6.1,0.000,0.000,0.00,0.000,4.4,7.4,1.4,70,17,4.9,8.7,1.5,75,16,4.4,7.4,1.4,70,17,191,29.97,,,,,,,,,,
WOLC,2016-04-05 08:50:00 EDT,43.22868,-76.84261,398,22.8,22.5,16.4,47.8,6.0,0.000,0.000,0.00,0.000,4.9,6.7,0.8,66,17,5.4,8.3,1.1,72,16,4.9,6.7,0.8,66,17,223,29.98,,,,,,,,,,
WOLC,2016-04-05 08:55:00 EDT,43.22868,-76.84261,398,23.0,22.7,18.0,47.8,6.1,0.000,0.000,0.00,0.000,3.8,5.8,1.1,101,17,4.3,6.7,1.3,106,15,3.8,5.8,1.1,101,17,270,29.98,,,,,,,,,,
WOLC,2016-04-05 09:00:00 EDT,43.22868,-76.84261,398,23.3,22.9,17.9,47.7,6.4,0.000,0.000,0.00,0.000,4.1,7.4,1.1,90,18,4.6,8.3,1.2,95,18,4.1,7.4,1.1,90,18,288,29.98,,,,,,,,,,
WOLC,2016-04-05 09:05:00 EDT,43.22868,-76.84261,398,23.2,22.8,18.8,47.3,6.1,0.000,0.000,0.00,0.000,3.4,6.6,1.7,80,25,3.9,8.1,1.8,87,26,3.4,6.6,1.7,80,25,231,29.98,,,,,,,,,,
WOLC,2016-04-05 09:10:00 EDT,43.22868,-76.84261,398,23.5,23.1,23.5,47.7,6.5,0.000,0.000,0.00,0.000,2.4,4.1,0.9,55,33,2.8,5.8,1.0,58,33,2.4,4.1,0.9,55,33,278,29.98,,,,,,,,,,
WOLC,2016-04-05 09:15:00 EDT,43.22868,-76.84261,398,23.8,23.7,23.8,47.3,6.7,0.000,0.000,0.00,0.000,2.8,6.9,1.3,5,27,3.3,8.1,1.4,6,25,2.8,6.9,1.3,5,27,269,29.98,,,,,,,,,,
WOLC,2016-04-05 09:20:00 EDT,43.22868,-76.84261,398,24.1,23.9,19.3,47.9,7.2,0.000,0.000,0.00,0.000,3.8,8.1,1.7,11,23,4.5,8.7,1.8,16,21,3.8,8.1,1.7,11,23,293,29.99,,,,,,,,,,
WOLC,2016-04-05 09:25:00 EDT,43.22868,-76.84261,398,24.8,24.6,19.6,47.5,7.6,0.000,0.000,0.00,0.000,4.1,7.7,1.7,22,29,4.8,8.7,1.8,26,26,4.1,7.7,1.7,22,29,570,29.99,,,,,,,,,,
WOLC,2016-04-05 09:30:00 EDT,43.22868,-76.84261,398,24.9,24.8,18.5,46.3,7.2,0.000,0.000,0.00,0.000,5.3,9.9,1.9,13,26,5.9,10.3,1.9,15,23,5.3,9.9,1.9,13,26,412,29.99,,,,,,,,,,
WOLC,2016-04-05 09:35:00 EDT,43.22868,-76.84261,398,24.6,24.4,16.9,46.0,6.7,0.000,0.000,0.00,0.000,6.6,10.0,1.5,29,20,7.2,11.9,1.8,30,20,6.6,10.0,1.5,29,20,378,29.99,,,,,,,,,,
WOLC,2016-04-05 09:40:00 EDT,43.22868,-76.84261,398,24.6,24.4,17.2,46.7,7.1,0.000,0.000,0.00,0.000,6.2,12.9,2.1,20,21,7.0,13.2,2.5,25,21,6.2,12.9,2.1,20,21,358,30.00,,,,,,,,,,
WOLC,2016-04-05 09:45:00 EDT,43.22868,-76.84261,398,24.7,24.4,16.2,44.9,6.3,0.000,0.000,0.00,0.000,7.8,13.5,1.9,24,22,8.4,15.9,2.2,27,19,7.8,13.5,1.9,24,22,600,30.00,,,,,,,,,,
WOLC,2016-04-05 09:50:00 EDT,43.22868,-76.84261,398,25.0,24.6,16.3,43.6,6.0,0.000,0.000,0.00,0.000,8.1,15.4,2.6,21,18,8.8,16.1,2.8,26,19,8.1,15.4,2.6,21,18,629,30.00,,,,,,,,,,
WOLC,2016-04-05 09:55:00 EDT,43.22868,-76.84261,398,25.1,24.8,16.9,43.1,5.8,0.000,0.000,0.00,0.000,7.4,14.7,2.3,11,24,8.4,16.1,2.3,15,21,7.4,14.7,2.3,11,24,492,30.01,,,,,,,,,,
WOLC,2016-04-05 10:00:00 EDT,43.22868,-76.84261,398,24.7,24.3,17.4,42.9,5.3,0.000,0.000,0.00,0.000,6.2,12.1,2.9,26,22,6.7,14.3,3.1,31,22,6.2,12.1,2.9,26,22,652,30.01,,,,,,,,,,
WOLC,2016-04-05 10:05:00 EDT,43.22868,-76.84261,398,25.3,25.0,17.6,42.5,5.6,0.000,0.000,0.00,0.000,6.7,12.6,2.3,1,27,7.8,13.9,2.7,4,21,6.7,12.6,2.3,1,27,576,30.01,,,,,,,,,,
WOLC,2016-04-05 10:10:00 EDT,43.22868,-76.84261,398,24.8,24.6,17.1,41.6,4.8,0.000,0.000,0.00,0.000,6.8,11.5,2.8,1,22,7.5,14.1,3.3,6,21,6.8,11.5,2.8,1,22,608,30.01,,,,,,,,,,
WOLC,2016-04-05 10:15:00 EDT,43.22868,-76.84261,398,25.4,25.1,19.5,42.1,5.5,0.000,0.000,0.00,0.000,4.8,11.1,1.9,16,27,5.4,12.1,2.0,22,24,4.8,11.1,1.9,16,27,676,30.01,,,,,,,,,,
WOLC,2016-04-05 10:20:00 EDT,43.22868,-76.84261,398,25.1,24.8,16.4,41.7,5.0,0.000,0.000,0.00,0.000,7.9,14.2,2.8,21,19,9.0,15.9,2.7,27,18,7.9,14.2,2.8,21,19,683,30.01,,,,,,,,,,
WOLC,2016-04-05 10:25:00 EDT,43.22868,-76.84261,398,24.7,24.5,16.2,41.8,4.7,0.000,0.000,0.00,0.000,7.7,12.9,2.2,349,21,8.8,15.2,2.6,357,20,7.7,12.9,2.2,349,21,655,30.01,,,,,,,,,,
WOLC,2016-04-05 10:30:00 EDT,43.22868,-76.84261,398,25.2,24.9,17.7,42.7,5.7,0.000,0.000,0.00,0.000,6.5,12.5,2.5,8,25,7.3,12.8,2.6,12,22,6.5,12.5,2.5,8,25,502,30.02,,,,,,,,,,
WOLC,2016-04-05 10:35:00 EDT,43.22868,-76.84261,398,25.5,25.3,21.2,42.3,5.7,0.000,0.000,0.00,0.000,3.5,7.5,1.5,350,36,4.3,10.5,1.8,355,32,3.5,7.5,1.5,350,36,721,30.02,,,,,,,,,,
WOLC,2016-04-05 10:40:00 EDT,43.22868,-76.84261,398,25.7,25.4,17.9,41.1,5.2,0.000,0.000,0.00,0.000,7.0,16.6,3.8,341,25,8.1,19.7,4.2,349,20,7.0,16.6,3.8,341,25,642,30.02,,,,,,,,,,
WOLC,2016-04-05 10:45:00 EDT,43.22868,-76.84261,398,24.9,24.7,17.6,41.9,5.0,0.000,0.000,0.00,0.000,6.3,12.5,2.3,18,20,7.2,14.5,2.7,22,18,6.3,12.5,2.3,18,20,790,30.02,,,,,,,,,,
WOLC,2016-04-05 10:50:00 EDT,43.22868,-76.84261,398,25.1,24.9,16.4,41.5,4.9,0.000,0.000,0.00,0.000,8.0,13.3,2.3,352,19,9.6,16.3,2.7,359,13,8.0,13.3,2.3,352,19,637,30.03,,,,,,,,,,
WOLC,2016-04-05 10:55:00 EDT,43.22868,-76.84261,398,25.1,24.8,17.8,40.6,4.4,0.000,0.000,0.00,0.000,6.2,10.4,2.0,352,25,7.3,12.5,2.5,359,17,6.2,10.4,2.0,352,25,844,30.03,,,,,,,,,,
WOLC,2016-04-05 11:00:00 EDT,43.22868,-76.84261,398,26.0,25.7,18.6,40.6,5.3,0.000,0.000,0.00,0.000,6.5,11.8,2.7,354,23,7.7,14.1,2.9,0,17,6.5,11.8,2.7,354,23,749,30.03,,,,,,,,,,
WOLC,2016-04-05 11:05:00 EDT,43.22868,-76.84261,398,25.5,25.4,18.6,40.5,4.7,0.000,0.000,0.00,0.000,5.8,11.6,1.9,350,29,6.5,13.0,2.4,355,25,5.8,11.6,1.9,350,29,783,30.03,,,,,,,,,,
WOLC,2016-04-05 11:10:00 EDT,43.22868,-76.84261,398,25.3,25.1,17.3,40.6,4.7,0.000,0.000,0.00,0.000,7.2,13.4,2.6,10,24,8.1,15.2,2.8,13,23,7.2,13.4,2.6,10,24,815,30.03,,,,,,,,,,
WOLC,2016-04-05 11:15:00 EDT,43.22868,-76.84261,398,25.4,25.0,18.9,41.7,5.3,0.000,0.000,0.00,0.000,5.5,10.4,2.2,11,36,6.2,11.9,2.6,13,34,5.5,10.4,2.2,11,36,434,30.03,,,,,,,,,,
WOLC,2016-04-05 11:20:00 EDT,43.22868,-76.84261,398,24.8,24.5,16.7,41.3,4.5,0.000,0.000,0.00,0.000,7.2,14.0,2.3,357,24,8.3,15.4,2.5,3,12,7.2,14.0,2.3,357,24,715,30.03,,,,,,,,,,
WOLC,2016-04-05 11:25:00 EDT,43.22868,-76.84261,398,25.0,24.6,17.7,41.2,4.6,0.000,0.000,0.00,0.000,6.2,10.3,2.1,2,24,7.0,11.9,2.6,6,23,6.2,10.3,2.1,2,24,854,30.03,,,,,,,,,,
WOLC,2016-04-05 11:30:00 EDT,43.22868,-76.84261,398,25.1,24.7,18.6,40.7,4.5,0.000,0.000,0.00,0.000,5.3,9.9,1.9,5,26,6.2,11.9,2.3,10,23,5.3,9.9,1.9,5,26,801,30.03,,,,,,,,,,
WOLC,2016-04-05 11:35:00 EDT,43.22868,-76.84261,398,24.9,24.6,16.7,41.7,4.9,0.000,0.000,0.00,0.000,7.4,12.3,2.0,328,28,8.2,13.6,2.3,335,27,7.4,12.3,2.0,328,28,385,30.03,,,,,,,,,,
WOLC,2016-04-05 11:40:00 EDT,43.22868,-76.84261,398,25.5,25.2,20.8,42.1,5.6,0.000,0.000,0.00,0.000,3.8,9.6,2.3,336,35,4.6,11.4,2.5,344,33,3.8,9.6,2.3,336,35,889,30.04,,,,,,,,,,
WOLC,2016-04-05 11:45:00 EDT,43.22868,-76.84261,398,25.3,25.0,17.1,40.5,4.6,0.000,0.000,0.00,0.000,7.5,13.1,2.5,342,26,8.5,14.8,2.9,350,21,7.5,13.1,2.5,342,26,728,30.04,,,,,,,,,,
WOLC,2016-04-05 11:50:00 EDT,43.22868,-76.84261,398,25.4,25.1,18.4,40.5,4.6,0.000,0.000,0.00,0.000,5.9,10.3,2.2,356,32,6.8,12.5,2.5,1,28,5.9,10.3,2.2,356,32,867,30.04,,,,,,,,,,
WOLC,2016-04-05 11:55:00 EDT,43.22868,-76.84261,398,25.5,25.4,19.8,40.8,5.0,0.000,0.000,0.00,0.000,4.7,11.3,2.6,354,25,5.7,13.4,2.8,0,24,4.7,11.3,2.6,354,25,806,30.03,,,,,,,,,,
WOLC,2016-04-05 12:00:00 EDT,43.22868,-76.84261,398,25.2,24.8,17.2,41.4,4.9,0.000,0.000,0.00,0.000,7.1,12.3,2.0,351,26,8.3,15.0,2.6,359,19,7.1,12.3,2.0,351,26,857,30.03,,,,,,,,,,
WOLC,2016-04-05 12:05:00 EDT,43.22868,-76.84261,398,25.8,25.5,18.0,40.0,4.8,0.000,0.000,0.00,0.000,7.0,11.6,1.8,353,27,8.0,13.6,2.3,359,17,7.0,11.6,1.8,353,27,860,30.03,,,,,,,,,,
WOLC,2016-04-05 12:10:00 EDT,43.22868,-76.84261,398,25.6,25.2,18.6,38.8,3.9,0.000,0.000,0.00,0.000,6.0,11.9,2.6,335,22,6.9,14.8,3.0,344,21,6.0,11.9,2.6,335,22,874,30.03,,,,,,,,,,
WOLC,2016-04-05 12:15:00 EDT,43.22868,-76.84261,398,25.6,25.5,18.2,37.9,3.5,0.000,0.000,0.00,0.000,6.6,10.8,2.0,341,31,7.5,13.2,2.0,348,30,6.6,10.8,2.0,341,31,880,30.03,,,,,,,,,,
WOLC,2016-04-05 12:20:00 EDT,43.22868,-76.84261,398,25.6,25.4,17.8,38.0,3.5,0.000,0.000,0.00,0.000,7.0,10.3,1.6,333,27,7.5,12.8,2.0,341,26,7.0,10.3,1.6,333,27,872,30.03,,,,,,,,,,
WOLC,2016-04-05 12:25:00 EDT,43.22868,-76.84261,398,25.7,25.4,18.6,38.4,3.8,0.000,0.000,0.00,0.000,6.1,10.4,2.3,337,37,6.7,11.9,2.3,346,36,6.1,10.4,2.3,337,37,872,30.03,,,,,,,,,,
WOLC,2016-04-05 12:30:00 EDT,43.22868,-76.84261,398,25.7,25.4,19.1,36.6,2.8,0.000,0.000,0.00,0.000,5.7,10.7,2.1,295,20,6.4,10.5,2.0,300,19,5.7,10.7,2.1,295,20,878,30.03,,,,,,,,,,
WOLC,2016-04-05 12:35:00 EDT,43.22868,-76.84261,398,26.3,26.1,19.4,36.2,3.1,0.000,0.000,0.00,0.000,6.1,10.3,2.1,309,24,6.7,12.5,2.2,314,21,6.1,10.3,2.1,309,24,881,30.03,,,,,,,,,,
WOLC,2016-04-05 12:40:00 EDT,43.22868,-76.84261,398,25.8,25.3,18.0,36.1,2.5,0.000,0.000,0.00,0.000,7.0,11.3,2.4,349,26,8.0,13.6,2.7,355,21,7.0,11.3,2.4,349,26,883,30.03,,,,,,,,,,
WOLC,2016-04-05 12:45:00 EDT,43.22868,-76.84261,398,25.7,25.5,18.2,35.2,2.0,0.000,0.000,0.00,0.000,6.7,11.0,1.9,344,24,7.6,11.9,2.2,353,18,6.7,11.0,1.9,344,24,884,30.03,,,,,,,,,,
WOLC,2016-04-05 12:50:00 EDT,43.22868,-76.84261,398,25.7,25.4,19.1,35.7,2.2,0.000,0.000,0.00,0.000,5.5,9.7,1.8,317,18,5.9,11.0,1.9,324,18,5.5,9.7,1.8,317,18,887,30.03,,,,,,,,,,
WOLC,2016-04-05 12:55:00 EDT,43.22868,-76.84261,398,25.9,25.7,18.1,37.6,3.5,0.000,0.000,0.00,0.000,6.9,12.6,2.6,328,25,7.8,14.3,2.8,335,25,6.9,12.6,2.6,328,25,887,30.02,,,,,,,,,,
WOLC,2016-04-05 13:00:00 EDT,43.22868,-76.84261,398,25.6,25.3,19.4,38.7,3.8,0.000,0.000,0.00,0.000,5.1,9.7,1.7,359,29,5.6,10.5,1.9,5,24,5.1,9.7,1.7,359,29,887,30.02,,,,,,,,,,
WOLC,2016-04-05 13:05:00 EDT,43.22868,-76.84261,398,25.7,25.3,18.5,37.8,3.5,0.000,0.000,0.00,0.000,6.3,11.8,2.1,32,28,6.8,12.1,2.5,36,27,6.3,11.8,2.1,32,28,888,30.02,,,,,,,,,,
WOLC,2016-04-05 13:10:00 EDT,43.22868,-76.84261,398,26.1,25.8,18.4,39.0,4.5,0.000,0.000,0.00,0.000,7.0,12.1,2.4,339,32,8.1,14.1,2.6,345,30,7.0,12.1,2.4,339,32,887,30.02,,,,,,,,,,
WOLC,2016-04-05 13:15:00 EDT,43.22868,-76.84261,398,25.9,25.7,20.2,36.6,3.0,0.000,0.000,0.00,0.000,4.8,9.1,1.9,350,30,5.6,11.2,2.0,355,28,4.8,9.1,1.9,350,30,888,30.02,,,,,,,,,,
WOLC,2016-04-05 13:20:00 EDT,43.22868,-76.84261,398,26.0,25.8,18.0,35.7,2.5,0.000,0.000,0.00,0.000,7.4,11.9,1.8,321,16,7.9,12.3,1.7,328,16,7.4,11.9,1.8,321,16,890,30.02,,,,,,,,,,
WOLC,2016-04-05 13:25:00 EDT,43.22868,-76.84261,398,25.1,24.8,18.2,35.8,1.8,0.000,0.000,0.00,0.000,5.8,9.0,1.5,316,17,6.2,9.6,1.4,324,17,5.8,9.0,1.5,316,17,888,30.02,,,,,,,,,,
WOLC,2016-04-05 13:30:00 EDT,43.22868,-76.84261,398,25.8,25.5,19.4,37.3,3.3,0.000,0.000,0.00,0.000,5.4,9.1,2.1,292,18,6.0,10.3,2.0,296,17,5.4,9.1,2.1,292,18,887,30.02,,,,,,,,,,
WOLC,2016-04-05 13:35:00 EDT,43.22868,-76.84261,398,25.9,25.7,21.9,36.6,2.9,0.000,0.000,0.00,0.000,3.3,8.3,2.0,333,42,3.9,10.3,2.2,334,40,3.3,8.3,2.0,333,42,885,30.02,,,,,,,,,,
WOLC,2016-04-05 13:40:00 EDT,43.22868,-76.84261,398,25.5,25.2,19.9,36.4,2.5,0.000,0.000,0.00,0.000,4.5,9.7,2.0,336,23,5.3,11.4,2.3,344,21,4.5,9.7,2.0,336,23,883,30.02,,,,,,,,,,
WOLC,2016-04-05 13:45:00 EDT,43.22868,-76.84261,398,26.5,26.1,20.2,36.8,3.6,0.000,0.000,0.00,0.000,5.4,10.3,2.2,313,29,6.1,11.9,2.5,320,29,5.4,10.3,2.2,313,29,881,30.02,,,,,,,,,,
WOLC,2016-04-05 13:50:00 EDT,43.22868,-76.84261,398,26.1,25.6,19.6,36.8,3.2,0.000,0.000,0.00,0.000,5.5,8.2,1.5,262,18,6.3,9.6,1.6,268,17,5.5,8.2,1.5,262,18,878,30.02,,,,,,,,,,
WOLC,2016-04-05 13:55:00 EDT,43.22868,-76.84261,398,25.9,25.4,18.3,35.9,2.6,0.000,0.000,0.00,0.000,6.8,10.4,1.7,321,25,7.4,11.0,1.8,329,23,6.8,10.4,1.7,321,25,874,30.02,,,,,,,,,,
WOLC,2016-04-05 14:00:00 EDT,43.22868,-76.84261,398,25.9,25.3,25.9,37.1,3.2,0.000,0.000,0.00,0.000,2.6,7.6,2.0,323,19,3.2,8.7,2.0,333,22,2.6,7.6,2.0,323,19,870,30.02,,,,,,,,,,
WOLC,2016-04-05 14:05:00 EDT,43.22868,-76.84261,398,25.9,25.7,20.0,35.8,2.5,0.000,0.000,0.00,0.000,4.9,10.7,2.8,327,26,5.9,13.0,3.4,337,25,4.9,10.7,2.8,327,26,866,30.02,,,,,,,,,,
WOLC,2016-04-05 14:10:00 EDT,43.22868,-76.84261,398,26.2,25.9,20.6,36.0,2.9,0.000,0.000,0.00,0.000,4.7,11.8,2.6,318,24,5.4,12.1,2.6,327,23,4.7,11.8,2.6,318,24,861,30.02,,,,,,,,,,
WOLC,2016-04-05 14:15:00 EDT,43.22868,-76.84261,398,26.6,26.2,18.7,35.7,3.0,0.000,0.000,0.00,0.000,7.3,11.8,2.2,314,32,7.9,13.6,2.5,321,32,7.3,11.8,2.2,314,32,857,30.02,,,,,,,,,,
WOLC,2016-04-05 14:20:00 EDT,43.22868,-76.84261,398,26.6,26.1,20.2,35.3,2.8,0.000,0.000,0.00,0.000,5.5,10.2,1.6,278,35,6.4,12.5,2.0,283,35,5.5,10.2,1.6,278,35,851,30.01,,,,,,,,,,
WOLC,2016-04-05 14:25:00 EDT,43.22868,-76.84261,398,26.6,26.2,21.4,35.8,3.1,0.000,0.000,0.00,0.000,4.4,10.1,2.1,308,34,5.1,10.5,2.0,313,32,4.4,10.1,2.1,308,34,845,30.01,,,,,,,,,,
WOLC,2016-04-05 14:30:00 EDT,43.22868,-76.84261,398,26.5,26.0,19.2,34.9,2.4,0.000,0.000,0.00,0.000,6.5,9.1,1.5,329,14,7.2,10.5,1.7,337,13,6.5,9.1,1.5,329,14,839,30.01,,,,,,,,,,
WOLC,2016-04-05 14:35:00 EDT,43.22868,-76.84261,398,26.6,26.1,18.6,35.5,2.9,0.000,0.000,0.00,0.000,7.4,10.5,1.3,318,16,7.9,15.7,1.7,326,15,7.4,10.5,1.3,318,16,834,30.01,,,,,,,,,,
WOLC,2016-04-05 14:40:00 EDT,43.22868,-76.84261,398,26.1,25.8,19.3,35.1,2.2,0.000,0.000,0.00,0.000,5.9,11.8,2.5,301,18,6.2,12.3,2.4,308,17,5.9,11.8,2.5,301,18,826,30.01,,,,,,,,,,
WOLC,2016-04-05 14:45:00 EDT,43.22868,-76.84261,398,26.7,26.1,19.8,34.8,2.6,0.000,0.000,0.00,0.000,6.2,11.4,2.2,305,24,6.7,13.2,2.4,311,24,6.2,11.4,2.2,305,24,819,30.01,,,,,,,,,,
WOLC,2016-04-05 14:50:00 EDT,43.22868,-76.84261,398,26.7,26.2,20.6,33.8,1.9,0.000,0.000,0.00,0.000,5.2,8.6,1.9,310,19,5.6,8.7,1.8,317,19,5.2,8.6,1.9,310,19,811,30.01,,,,,,,,,,
WOLC,2016-04-05 14:55:00 EDT,43.22868,-76.84261,398,26.6,26.1,21.0,34.2,2.0,0.000,0.000,0.00,0.000,4.7,9.5,1.9,286,23,5.3,10.1,2.1,293,22,4.7,9.5,1.9,286,23,804,30.01,,,,,,,,,,
WOLC,2016-04-05 15:00:00 EDT,43.22868,-76.84261,398,26.6,26.1,19.1,33.7,1.8,0.000,0.000,0.00,0.000,6.8,11.2,2.0,302,22,7.3,12.1,1.9,308,23,6.8,11.2,2.0,302,22,794,30.01,,,,,,,,,,
WOLC,2016-04-05 15:05:00 EDT,43.22868,-76.84261,398,26.2,25.7,18.2,33.7,1.4,0.000,0.000,0.00,0.000,7.4,11.3,1.9,338,16,8.4,13.0,2.2,347,15,7.4,11.3,1.9,338,16,785,30.01,,,,,,,,,,
WOLC,2016-04-05 15:10:00 EDT,43.22868,-76.84261,398,26.5,25.9,19.0,35.2,2.6,0.000,0.000,0.00,0.000,6.8,11.7,2.2,294,24,7.2,12.5,2.1,299,25,6.8,11.7,2.2,294,24,776,30.01,,,,,,,,,,
WOLC,2016-04-05 15:15:00 EDT,43.22868,-76.84261,398,26.8,26.4,20.2,35.5,3.1,0.000,0.000,0.00,0.000,5.8,11.5,1.8,285,25,6.2,11.9,2.0,291,23,5.8,11.5,1.8,285,25,766,30.01,,,,,,,,,,
WOLC,2016-04-05 15:20:00 EDT,43.22868,-76.84261,398,26.9,26.5,20.2,34.8,2.7,0.000,0.000,0.00,0.000,5.9,9.9,1.7,310,20,6.4,10.5,1.8,318,21,5.9,9.9,1.7,310,20,757,30.01,,,,,,,,,,
WOLC,2016-04-05 15:25:00 EDT,43.22868,-76.84261,398,26.7,26.3,18.7,34.6,2.4,0.000,0.000,0.00,0.000,7.5,14.4,2.4,317,17,7.7,14.5,2.4,325,17,7.5,14.4,2.4,317,17,747,30.00,,,,,,,,,,
WOLC,2016-04-05 15:30:00 EDT,43.22868,-76.84261,398,26.7,26.4,19.6,34.5,2.4,0.000,0.000,0.00,0.000,6.4,13.5,2.7,321,18,7.0,15.2,2.9,328,19,6.4,13.5,2.7,321,18,737,30.00,,,,,,,,,,
WOLC,2016-04-05 15:35:00 EDT,43.22868,-76.84261,398,26.9,26.4,18.9,34.4,2.5,0.000,0.000,0.00,0.000,7.6,12.9,2.3,297,17,8.0,14.1,2.2,304,17,7.6,12.9,2.3,297,17,725,30.00,,,,,,,,,,
WOLC,2016-04-05 15:40:00 EDT,43.22868,-76.84261,398,26.7,26.2,19.3,34.5,2.4,0.000,0.000,0.00,0.000,6.7,11.6,2.2,311,23,7.4,12.3,2.2,319,25,6.7,11.6,2.2,311,23,714,30.00,,,,,,,,,,
WOLC,2016-04-05 15:45:00 EDT,43.22868,-76.84261,398,27.0,26.4,19.5,34.8,2.8,0.000,0.000,0.00,0.000,6.9,13.1,2.2,306,19,7.4,13.6,2.1,311,19,6.9,13.1,2.2,306,19,702,30.00,,,,,,,,,,
WOLC,2016-04-05 15:50:00 EDT,43.22868,-76.84261,398,26.6,26.1,17.6,34.8,2.4,0.000,0.000,0.00,0.000,9.0,14.0,2.0,317,21,9.6,14.5,2.1,324,21,9.0,14.0,2.0,317,21,689,30.00,,,,,,,,,,
WOLC,2016-04-05 15:55:00 EDT,43.22868,-76.84261,398,26.8,26.5,19.6,35.4,3.0,0.000,0.000,0.00,0.000,6.5,11.4,2.2,323,23,7.0,13.9,2.4,332,20,6.5,11.4,2.2,323,23,678,30.00,,,,,,,,,,
WOLC,2016-04-05 16:00:00 EDT,43.22868,-76.84261,398,27.2,26.8,21.1,37.1,4.4,0.000,0.000,0.00,0.000,5.4,11.2,2.4,304,23,6.0,12.3,2.4,310,23,5.4,11.2,2.4,304,23,666,30.00,,,,,,,,,,
WOLC,2016-04-05 16:05:00 EDT,43.22868,-76.84261,398,27.5,27.1,20.1,35.6,3.8,0.000,0.000,0.00,0.000,7.0,10.7,1.8,289,20,7.7,12.1,1.9,295,18,7.0,10.7,1.8,289,20,654,30.00,,,,,,,,,,
WOLC,2016-04-05 16:10:00 EDT,43.22868,-76.84261,398,27.3,26.9,20.4,35.5,3.5,0.000,0.000,0.00,0.000,6.3,11.5,2.2,299,27,6.9,12.3,2.2,304,26,6.3,11.5,2.2,299,27,641,30.00,,,,,,,,,,
WOLC,2016-04-05 16:15:00 EDT,43.22868,-76.84261,398,26.9,26.5,18.9,35.1,3.0,0.000,0.000,0.00,0.000,7.6,11.8,2.1,315,17,8.0,12.5,2.1,321,16,7.6,11.8,2.1,315,17,627,30.00,,,,,,,,,,
WOLC,2016-04-05 16:20:00 EDT,43.22868,-76.84261,398,27.3,26.8,19.1,33.8,2.4,0.000,0.000,0.00,0.000,7.9,11.3,1.7,302,16,8.1,12.1,1.8,307,15,7.9,11.3,1.7,302,16,614,30.00,,,,,,,,,,
WOLC,2016-04-05 16:25:00 EDT,43.22868,-76.84261,398,27.1,26.6,19.4,32.9,1.7,0.000,0.000,0.00,0.000,7.3,13.2,2.2,303,15,7.7,13.9,2.1,310,14,7.3,13.2,2.2,303,15,600,30.00,,,,,,,,,,
WOLC,2016-04-05 16:30:00 EDT,43.22868,-76.84261,398,27.4,27.0,21.3,35.2,3.4,0.000,0.000,0.00,0.000,5.4,9.6,2.0,309,25,6.0,10.1,2.1,313,26,5.4,9.6,2.0,309,25,586,30.00,,,,,,,,,,
WOLC,2016-04-05 16:35:00 EDT,43.22868,-76.84261,398,27.4,26.9,19.8,31.5,1.0,0.000,0.000,0.00,0.000,7.3,12.2,2.2,306,17,7.5,14.3,2.1,314,16,7.3,12.2,2.2,306,17,573,30.00,,,,,,,,,,
WOLC,2016-04-05 16:40:00 EDT,43.22868,-76.84261,398,27.8,27.4,20.3,30.9,1.0,0.000,0.000,0.00,0.000,7.2,16.9,3.1,315,27,7.9,18.1,3.2,322,27,7.2,16.9,3.1,315,27,558,30.00,,,,,,,,,,
WOLC,2016-04-05 16:45:00 EDT,43.22868,-76.84261,398,27.7,27.2,20.5,30.7,0.8,0.000,0.000,0.00,0.000,6.8,11.1,2.1,297,16,7.2,11.9,2.2,303,18,6.8,11.1,2.1,297,16,544,30.00,,,,,,,,,,
WOLC,2016-04-05 16:50:00 EDT,43.22868,-76.84261,398,27.6,27.2,19.7,28.4,-1.0,0.000,0.000,0.00,0.000,7.7,12.2,2.2,308,16,8.1,13.2,2.2,316,15,7.7,12.2,2.2,308,16,529,30.00,,,,,,,,,,
WOLC,2016-04-05 16:55:00 EDT,43.22868,-76.84261,398,27.7,27.3,20.0,30.2,0.4,0.000,0.000,0.00,0.000,7.5,13.2,2.6,289,20,8.2,14.1,2.7,296,21,7.5,13.2,2.6,289,20,513,30.00,,,,,,,,,,
WOLC,2016-04-05 17:00:00 EDT,43.22868,-76.84261,398,27.8,27.4,20.3,29.6,0.0,0.000,0.000,0.00,0.000,7.2,11.6,1.7,290,14,7.7,13.4,1.9,296,13,7.2,11.6,1.7,290,14,496,30.00,,,,,,,,,,
WOLC,2016-04-05 17:05:00 EDT,43.22868,-76.84261,398,27.7,27.3,19.5,29.0,-0.4,0.000,0.000,0.00,0.000,8.2,13.2,2.2,311,18,8.4,15.9,2.2,318,19,8.2,13.2,2.2,311,18,481,30.00,,,,,,,,,,
WOLC,2016-04-05 17:10:00 EDT,43.22868,-76.84261,398,27.7,27.3,20.4,28.3,-1.0,0.000,0.000,0.00,0.000,6.8,11.4,1.7,317,22,7.3,12.8,1.9,324,21,6.8,11.4,1.7,317,22,464,29.99,,,,,,,,,,
WOLC,2016-04-05 17:15:00 EDT,43.22868,-76.84261,398,28.1,27.7,21.6,29.0,-0.2,0.000,0.000,0.00,0.000,6.0,10.7,2.3,293,20,6.5,11.2,2.1,299,20,6.0,10.7,2.3,293,20,448,29.99,,,,,,,,,,
WOLC,2016-04-05 17:20:00 EDT,43.22868,-76.84261,398,28.0,27.5,21.3,30.8,1.0,0.000,0.000,0.00,0.000,6.1,9.8,1.6,299,19,6.7,10.1,1.6,306,19,6.1,9.8,1.6,299,19,431,29.99,,,,,,,,,,
WOLC,2016-04-05 17:25:00 EDT,43.22868,-76.84261,398,28.0,27.6,22.2,31.4,1.5,0.000,0.000,0.00,0.000,5.3,9.7,2.4,288,18,5.8,10.3,2.3,293,19,5.3,9.7,2.4,288,18,414,29.99,,,,,,,,,,
WOLC,2016-04-05 17:30:00 EDT,43.22868,-76.84261,398,27.8,27.5,20.9,31.6,1.5,0.000,0.000,0.00,0.000,6.5,10.4,1.8,312,15,6.7,11.9,1.8,318,15,6.5,10.4,1.8,312,15,397,29.99,,,,,,,,,,
WOLC,2016-04-05 17:35:00 EDT,43.22868,-76.84261,398,28.1,27.7,23.0,32.4,2.2,0.000,0.000,0.00,0.000,4.4,8.0,1.4,284,19,5.1,9.2,1.5,288,19,4.4,8.0,1.4,284,19,380,29.99,,,,,,,,,,
WOLC,2016-04-05 17:40:00 EDT,43.22868,-76.84261,398,28.2,27.9,20.5,32.3,2.3,0.000,0.000,0.00,0.000,7.5,11.0,1.6,294,13,7.9,11.9,1.8,299,14,7.5,11.0,1.6,294,13,363,29.99,,,,,,,,,,
WOLC,2016-04-05 17:45:00 EDT,43.22868,-76.84261,398,28.2,27.9,21.9,33.4,3.0,0.000,0.000,0.00,0.000,5.8,9.0,1.6,299,19,6.2,10.7,1.5,304,19,5.8,9.0,1.6,299,19,346,29.99,,,,,,,,,,
WOLC,2016-04-05 17:50:00 EDT,43.22868,-76.84261,398,28.2,27.8,22.2,33.2,2.9,0.000,0.000,0.00,0.000,5.4,9.2,1.7,305,20,5.8,10.5,1.8,312,20,5.4,9.2,1.7,305,20,329,29.99,,,,,,,,,,
WOLC,2016-04-05 17:55:00 EDT,43.22868,-76.84261,398,28.2,27.7,21.6,33.1,2.8,0.000,0.000,0.00,0.000,6.0,9.5,2.0,295,17,6.5,10.5,1.9,299,15,6.0,9.5,2.0,295,17,312,29.99,,,,,,,,,,
WOLC,2016-04-05 18:00:00 EDT,43.22868,-76.84261,398,27.8,27.4,20.4,32.0,1.7,0.000,0.000,0.00,0.000,6.9,11.0,1.9,306,12,6.9,11.0,1.8,314,12,6.9,11.0,1.9,306,12,295,29.99,,,,,,,,,,
WOLC,2016-04-05 18:05:00 EDT,43.22868,-76.84261,398,27.9,27.6,21.2,32.0,1.9,0.000,0.000,0.00,0.000,6.3,10.4,1.9,291,17,6.8,12.5,2.2,298,18,6.3,10.4,1.9,291,17,278,29.99,,,,,,,,,,
WOLC,2016-04-05 18:10:00 EDT,43.22868,-76.84261,398,28.0,27.6,21.9,31.9,1.9,0.000,0.000,0.00,0.000,5.5,10.0,2.2,279,16,6.1,11.2,2.3,286,16,5.5,10.0,2.2,279,16,262,29.99,,,,,,,,,,
WOLC,2016-04-05 18:15:00 EDT,43.22868,-76.84261,398,28.2,27.9,22.7,32.3,2.3,0.000,0.000,0.00,0.000,4.9,8.4,1.8,276,20,5.5,9.2,1.9,282,20,4.9,8.4,1.8,276,20,245,29.99,,,,,,,,,,
WOLC,2016-04-05 18:20:00 EDT,43.22868,-76.84261,398,28.0,27.7,22.3,31.9,1.9,0.000,0.000,0.00,0.000,5.1,8.1,1.6,279,18,5.6,10.5,1.6,285,17,5.1,8.1,1.6,279,18,228,29.99,,,,,,,,,,
WOLC,2016-04-05 18:25:00 EDT,43.22868,-76.84261,398,28.0,27.7,23.0,32.1,1.9,0.000,0.000,0.00,0.000,4.4,8.8,1.9,282,17,4.8,9.6,2.0,289,17,4.4,8.8,1.9,282,17,212,29.98,,,,,,,,,,
WOLC,2016-04-05 18:30:00 EDT,43.22868,-76.84261,398,28.0,27.7,22.6,32.3,2.1,0.000,0.000,0.00,0.000,4.7,10.7,2.2,288,15,5.2,11.0,2.3,293,15,4.7,10.7,2.2,288,15,196,29.98,,,,,,,,,,
WOLC,2016-04-05 18:35:00 EDT,43.22868,-76.84261,398,27.9,27.7,23.9,32.0,1.8,0.000,0.000,0.00,0.000,3.5,6.3,1.3,295,21,4.0,6.7,1.4,302,20,3.5,6.3,1.3,295,21,180,29.98,,,,,,,,,,
WOLC,2016-04-05 18:40:00 EDT,43.22868,-76.84261,398,28.0,27.8,22.5,32.8,2.4,0.000,0.000,0.00,0.000,4.8,8.5,1.9,296,15,5.2,9.8,2.0,303,16,4.8,8.5,1.9,296,15,164,29.99,,,,,,,,,,
WOLC,2016-04-05 18:45:00 EDT,43.22868,-76.84261,398,27.8,27.6,22.7,32.0,1.7,0.000,0.000,0.00,0.000,4.4,9.4,1.7,287,17,4.8,9.6,1.7,294,16,4.4,9.4,1.7,287,17,149,29.98,,,,,,,,,,
WOLC,2016-04-05 18:50:00 EDT,43.22868,-76.84261,398,27.9,27.8,23.8,32.1,1.9,0.000,0.000,0.00,0.000,3.7,6.0,1.0,283,17,4.1,7.8,1.2,288,16,3.7,6.0,1.0,283,17,134,29.98,,,,,,,,,,
WOLC,2016-04-05 18:55:00 EDT,43.22868,-76.84261,398,27.8,27.8,23.1,32.2,1.9,0.000,0.000,0.00,0.000,4.2,6.9,1.3,298,21,4.6,7.2,1.4,304,20,4.2,6.9,1.3,298,21,116,29.98,,,,,,,,,,
WOLC,2016-04-05 19:00:00 EDT,43.22868,-76.84261,398,27.8,27.8,23.1,32.7,2.3,0.000,0.000,0.00,0.000,4.1,6.8,1.3,280,21,4.6,7.4,1.5,286,22,4.1,6.8,1.3,280,21,97,29.97,,,,,,,,,,
WOLC,2016-04-05 19:05:00 EDT,43.22868,-76.84261,398,27.7,27.6,22.4,33.7,2.8,0.000,0.000,0.00,0.000,4.6,7.0,1.2,294,19,4.9,8.3,1.2,301,18,4.6,7.0,1.2,294,19,78,29.97,,,,,,,,,,
WOLC,2016-04-05 19:10:00 EDT,43.22868,-76.84261,398,27.6,27.6,27.6,34.3,3.0,0.000,0.000,0.00,0.000,1.9,3.6,0.9,286,21,2.1,4.0,0.9,292,21,1.9,3.6,0.9,286,21,55,29.97,,,,,,,,,,
WOLC,2016-04-05 19:15:00 EDT,43.22868,-76.84261,398,27.5,27.6,27.5,34.3,3.0,0.000,0.000,0.00,0.000,1.6,5.2,1.2,278,22,2.1,6.0,1.3,285,22,1.6,5.2,1.2,278,22,33,29.97,,,,,,,,,,
WOLC,2016-04-05 19:20:00 EDT,43.22868,-76.84261,398,27.2,27.4,27.2,34.5,2.8,0.000,0.000,0.00,0.000,1.9,3.6,0.7,273,19,2.2,4.7,0.8,280,21,1.9,3.6,0.7,273,19,20,29.97,,,,,,,,,,
WOLC,2016-04-05 19:25:00 EDT,43.22868,-76.84261,398,27.1,27.3,27.1,34.2,2.6,0.000,0.000,0.00,0.000,2.9,4.6,0.7,275,19,3.3,4.9,0.8,281,19,2.9,4.6,0.7,275,19,14,29.97,,,,,,,,,,
WOLC,2016-04-05 19:30:00 EDT,43.22868,-76.84261,398,27.0,27.2,27.0,35.4,3.1,0.000,0.000,0.00,0.000,2.4,4.3,0.9,277,21,2.6,5.6,1.0,283,21,2.4,4.3,0.9,277,21,11,29.96,,,,,,,,,,
WOLC,2016-04-05 19:35:00 EDT,43.22868,-76.84261,398,26.8,27.2,22.7,35.1,2.9,0.000,0.000,0.00,0.000,3.6,5.5,0.8,273,11,4.0,6.7,0.9,278,11,3.6,5.5,0.8,273,11,8,29.96,,,,,,,,,,
WOLC,2016-04-05 19:40:00 EDT,43.22868,-76.84261,398,26.7,27.0,26.7,36.3,3.4,0.000,0.000,0.00,0.000,2.8,5.0,0.7,267,15,3.0,5.4,0.8,274,16,2.8,5.0,0.7,267,15,5,29.96,,,,,,,,,,
WOLC,2016-04-05 19:45:00 EDT,43.22868,-76.84261,398,26.7,27.0,22.4,35.9,3.3,0.000,0.000,0.00,0.000,3.6,5.0,0.7,267,11,4.0,6.0,0.8,273,11,3.6,5.0,0.7,267,11,3,29.96,,,,,,,,,,
WOLC,2016-04-05 19:50:00 EDT,43.22868,-76.84261,398,26.4,26.9,22.1,37.0,3.6,0.000,0.000,0.00,0.000,3.6,5.6,0.6,256,13,3.8,6.5,0.6,261,12,3.6,5.6,0.6,256,13,2,29.96,,,,,,,,,,
WOLC,2016-04-05 19:55:00 EDT,43.22868,-76.84261,398,26.4,26.9,22.8,37.0,3.6,0.000,0.000,0.00,0.000,3.1,4.7,0.7,257,10,3.5,5.6,0.8,263,11,3.1,4.7,0.7,257,10,1,29.96,,,,,,,,,,
WOLC,2016-04-05 20:00:00 EDT,43.22868,-76.84261,398,26.3,26.9,22.7,36.9,3.5,0.000,0.000,0.00,0.000,3.1,4.8,0.6,254,9,3.4,5.1,0.7,260,9,3.1,4.8,0.6,254,9,0,29.96,,,,,,,,,,
WOLC,2016-04-05 20:05:00 EDT,43.22868,-76.84261,398,26.3,26.8,26.3,36.7,3.3,0.000,0.000,0.00,0.000,2.9,3.7,0.4,247,7,3.2,4.3,0.5,252,8,2.9,3.7,0.4,247,7,0,29.96,,,,,,,,,,
WOLC,2016-04-05 20:10:00 EDT,43.22868,-76.84261,398,26.2,26.6,26.2,36.8,3.3,0.000,0.000,0.00,0.000,2.6,3.7,0.5,238,6,2.7,4.0,0.5,241,7,2.6,3.7,0.5,238,6,0,29.96,,,,,,,,,,
WOLC,2016-04-05 20:15:00 EDT,43.22868,-76.84261,398,26.2,26.6,26.2,38.8,4.5,0.000,0.000,0.00,0.000,2.2,2.9,0.3,241,5,2.3,3.4,0.4,243,6,2.2,2.9,0.3,241,5,0,29.96,,,,,,,,,,
WOLC,2016-04-05 20:20:00 EDT,43.22868,-76.84261,398,26.2,26.6,26.2,38.3,4.2,0.000,0.000,0.00,0.000,1.6,2.3,0.3,239,7,1.7,2.5,0.4,242,8,1.6,2.3,0.3,239,7,0,29.96,,,,,,,,,,
WOLC,2016-04-05 20:25:00 EDT,43.22868,-76.84261,398,26.2,26.6,26.2,37.4,3.7,0.000,0.000,0.00,0.000,1.9,2.6,0.3,242,8,2.0,2.7,0.3,245,10,1.9,2.6,0.3,242,8,0,29.95,,,,,,,,,,
WOLC,2016-04-05 20:30:00 EDT,43.22868,-76.84261,398,25.7,26.4,25.7,40.6,5.0,0.000,0.000,0.00,0.000,2.2,2.6,0.2,227,9,2.3,2.9,0.3,229,8,2.2,2.6,0.2,227,9,0,29.95,,,,,,,,,,
WOLC,2016-04-05 20:35:00 EDT,43.22868,-76.84261,398,24.4,26.2,24.4,53.4,9.8,0.000,0.000,0.00,0.000,2.5,2.8,0.1,213,2,2.7,3.1,0.2,218,2,2.5,2.8,0.1,213,2,0,29.95,,,,,,,,,,
WOLC,2016-04-05 20:40:00 EDT,43.22868,-76.84261,398,24.2,26.2,24.2,47.8,7.2,0.000,0.000,0.00,0.000,2.6,3.0,0.2,227,5,2.7,3.4,0.2,230,5,2.6,3.0,0.2,227,5,0,29.95,,,,,,,,,,
WOLC,2016-04-05 20:45:00 EDT,43.22868,-76.84261,398,24.9,26.3,21.0,46.1,7.0,0.000,0.000,0.00,0.000,3.1,4.1,0.3,242,6,3.3,4.7,0.5,245,7,3.1,4.1,0.3,242,6,0,29.95,,,,,,,,,,
WOLC,2016-04-05 20:50:00 EDT,43.22868,-76.84261,398,25.5,26.3,25.5,41.1,5.1,0.000,0.000,0.00,0.000,2.9,3.7,0.3,239,9,3.0,3.8,0.3,243,10,2.9,3.7,0.3,239,9,0,29.95,,,,,,,,,,
WOLC,2016-04-05 20:55:00 EDT,43.22868,-76.84261,398,24.9,26.1,24.9,43.2,5.6,0.000,0.000,0.00,0.000,2.3,2.8,0.2,215,6,2.5,2.9,0.2,219,5,2.3,2.8,0.2,215,6,0,29.96,,,,,,,,,,
WOLC,2016-04-05 21:00:00 EDT,43.22868,-76.84261,398,24.0,26.0,24.0,44.5,5.5,0.000,0.000,0.00,0.000,2.1,2.8,0.2,203,5,2.3,2.9,0.2,211,5,2.1,2.8,0.2,203,5,0,29.95,,,,,,,,,,
WOLC,2016-04-05 21:05:00 EDT,43.22868,-76.84261,398,23.8,26.0,23.8,46.8,6.4,0.000,0.000,0.00,0.000,2.0,2.8,0.3,205,7,2.2,3.4,0.3,212,7,2.0,2.8,0.3,205,7,0,29.95,,,,,,,,,,
WOLC,2016-04-05 21:10:00 EDT,43.22868,-76.84261,398,24.1,25.8,24.1,47.7,7.1,0.000,0.000,0.00,0.000,2.1,2.6,0.2,215,4,2.2,2.7,0.2,219,4,2.1,2.6,0.2,215,4,0,29.95,,,,,,,,,,
WOLC,2016-04-05 21:15:00 EDT,43.22868,-76.84261,398,23.8,24.9,23.8,51.1,8.3,0.000,0.000,0.00,0.000,2.2,3.0,0.3,199,7,2.4,2.9,0.3,205,8,2.2,3.0,0.3,199,7,0,29.95,,,,,,,,,,
WOLC,2016-04-05 21:20:00 EDT,43.22868,-76.84261,398,22.8,24.9,22.8,58.1,10.2,0.000,0.000,0.00,0.000,2.6,3.1,0.2,190,4,2.9,3.8,0.3,195,5,2.6,3.1,0.2,190,4,0,29.95,,,,,,,,,,
WOLC,2016-04-05 21:25:00 EDT,43.22868,-76.84261,398,23.1,25.1,23.1,57.2,10.2,0.000,0.000,0.00,0.000,2.6,3.0,0.2,194,5,2.8,3.4,0.3,201,7,2.6,3.0,0.2,194,5,0,29.95,,,,,,,,,,
WOLC,2016-04-05 21:30:00 EDT,43.22868,-76.84261,398,23.2,24.8,23.2,56.7,10.1,0.000,0.000,0.00,0.000,2.0,2.7,0.4,198,3,2.2,3.1,0.4,206,5,2.0,2.7,0.4,198,3,0,29.95,,,,,,,,,,
WOLC,2016-04-05 21:35:00 EDT,43.22868,-76.84261,398,23.5,24.6,23.5,54.4,9.4,0.000,0.000,0.00,0.000,1.6,2.2,0.3,202,2,1.8,2.5,0.3,208,5,1.6,2.2,0.3,202,2,0,29.95,,,,,,,,,,
WOLC,2016-04-05 21:40:00 EDT,43.22868,-76.84261,398,23.3,24.7,23.3,50.0,7.4,0.000,0.000,0.00,0.000,2.1,2.4,0.1,205,1,2.3,2.7,0.2,213,2,2.1,2.4,0.1,205,1,0,29.95,,,,,,,,,,
WOLC,2016-04-05 21:45:00 EDT,43.22868,-76.84261,398,23.3,24.6,23.3,48.3,6.6,0.000,0.000,0.00,0.000,2.1,2.4,0.2,208,3,2.3,2.7,0.2,216,3,2.1,2.4,0.2,208,3,0,29.95,,,,,,,,,,
WOLC,2016-04-05 21:50:00 EDT,43.22868,-76.84261,398,23.1,24.5,23.1,47.3,5.9,0.000,0.000,0.00,0.000,2.5,2.8,0.2,214,2,2.6,2.9,0.2,219,2,2.5,2.8,0.2,214,2,0,29.95,,,,,,,,,,
WOLC,2016-04-05 21:55:00 EDT,43.22868,-76.84261,398,22.8,24.7,22.8,49.5,6.7,0.000,0.000,0.00,0.000,2.5,3.0,0.2,216,3,2.6,3.1,0.2,220,3,2.5,3.0,0.2,216,3,0,29.95,,,,,,,,,,
WOLC,2016-04-05 22:00:00 EDT,43.22868,-76.84261,398,23.4,25.1,23.4,47.5,6.3,0.000,0.000,0.00,0.000,2.4,2.8,0.1,220,4,2.5,2.9,0.3,223,4,2.4,2.8,0.1,220,4,0,29.95,,,,,,,,,,
WOLC,2016-04-05 22:05:00 EDT,43.22868,-76.84261,398,23.5,25.1,23.5,46.1,5.8,0.000,0.000,0.00,0.000,1.9,2.7,0.4,219,2,1.9,2.9,0.4,222,3,1.9,2.7,0.4,219,2,0,29.95,,,,,,,,,,
WOLC,2016-04-05 22:10:00 EDT,43.22868,-76.84261,398,23.2,24.5,23.2,47.8,6.3,0.000,0.000,0.00,0.000,1.1,1.7,0.3,218,0,1.2,1.8,0.3,226,8,1.1,1.7,0.3,218,0,0,29.95,,,,,,,,,,
WOLC,2016-04-05 22:15:00 EDT,43.22868,-76.84261,398,22.6,24.1,22.6,53.2,8.1,0.000,0.000,0.00,0.000,1.0,1.5,0.2,217,1,1.2,2.0,0.3,218,8,1.0,1.5,0.2,217,1,0,29.94,,,,,,,,,,
WOLC,2016-04-05 22:20:00 EDT,43.22868,-76.84261,398,21.8,23.4,21.8,56.0,8.5,0.000,0.000,0.00,0.000,2.0,3.0,0.7,205,6,2.2,3.6,0.7,211,6,2.0,3.0,0.7,205,6,0,29.95,,,,,,,,,,
WOLC,2016-04-05 22:25:00 EDT,43.22868,-76.84261,398,21.0,22.9,21.0,61.3,9.8,0.000,0.000,0.00,0.000,3.0,3.6,0.3,197,4,3.2,4.3,0.4,203,5,3.0,3.6,0.3,197,4,0,29.94,,,,,,,,,,
WOLC,2016-04-05 22:30:00 EDT,43.22868,-76.84261,398,21.2,22.8,16.8,66.1,11.7,0.000,0.000,0.00,0.000,3.2,4.2,0.5,206,7,3.5,5.1,0.6,211,6,3.2,4.2,0.5,206,7,0,29.94,,,,,,,,,,
WOLC,2016-04-05 22:35:00 EDT,43.22868,-76.84261,398,21.6,22.5,21.6,64.0,11.2,0.000,0.000,0.00,0.000,2.8,3.4,0.2,211,6,3.0,3.6,0.3,216,4,2.8,3.4,0.2,211,6,0,29.95,,,,,,,,,,
WOLC,2016-04-05 22:40:00 EDT,43.22868,-76.84261,398,21.4,22.7,17.1,62.2,10.4,0.000,0.000,0.00,0.000,3.1,3.7,0.2,208,3,3.3,4.0,0.3,213,3,3.1,3.7,0.2,208,3,0,29.94,,,,,,,,,,
WOLC,2016-04-05 22:45:00 EDT,43.22868,-76.84261,398,21.2,22.5,21.2,61.2,9.9,0.000,0.000,0.00,0.000,2.6,3.2,0.2,197,5,2.9,3.8,0.3,205,6,2.6,3.2,0.2,197,5,0,29.94,,,,,,,,,,
WOLC,2016-04-05 22:50:00 EDT,43.22868,-76.84261,398,21.3,22.5,15.8,61.9,10.2,0.000,0.000,0.00,0.000,3.9,5.4,0.7,194,5,4.3,5.8,0.7,197,5,3.9,5.4,0.7,194,5,0,29.94,,,,,,,,,,
WOLC,2016-04-05 22:55:00 EDT,43.22868,-76.84261,398,21.3,22.4,16.2,59.4,9.4,0.000,0.000,0.00,0.000,3.7,4.8,0.4,198,7,4.1,5.1,0.5,202,6,3.7,4.8,0.4,198,7,0,29.94,,,,,,,,,,
WOLC,2016-04-05 23:00:00 EDT,43.22868,-76.84261,398,21.1,22.5,15.6,60.4,9.6,0.000,0.000,0.00,0.000,4.0,4.7,0.3,194,7,4.4,5.6,0.4,197,5,4.0,4.7,0.3,194,7,0,29.94,,,,,,,,,,
WOLC,2016-04-05 23:05:00 EDT,43.22868,-76.84261,398,21.5,22.5,16.9,57.1,8.7,0.000,0.000,0.00,0.000,3.3,4.2,0.5,201,7,3.6,4.7,0.5,206,6,3.3,4.2,0.5,201,7,0,29.94,,,,,,,,,,
WOLC,2016-04-05 23:10:00 EDT,43.22868,-76.84261,398,21.6,22.5,16.0,56.7,8.6,0.000,0.000,0.00,0.000,4.0,5.3,0.4,196,5,4.3,6.3,0.6,199,6,4.0,5.3,0.4,196,5,0,29.93,,,,,,,,,,
WOLC,2016-04-05 23:15:00 EDT,43.22868,-76.84261,398,21.3,22.4,16.7,57.5,8.6,0.000,0.000,0.00,0.000,3.3,4.6,0.5,199,9,3.6,5.4,0.6,204,8,3.3,4.6,0.5,199,9,0,29.93,,,,,,,,,,
WOLC,2016-04-05 23:20:00 EDT,43.22868,-76.84261,398,21.3,22.2,16.5,58.7,9.1,0.000,0.000,0.00,0.000,3.4,4.5,0.4,203,10,3.7,5.1,0.6,208,9,3.4,4.5,0.4,203,10,0,29.93,,,,,,,,,,
WOLC,2016-04-05 23:25:00 EDT,43.22868,-76.84261,398,21.5,22.4,16.4,56.1,8.2,0.000,0.000,0.00,0.000,3.6,5.0,0.7,191,7,4.0,5.8,0.8,195,7,3.6,5.0,0.7,191,7,0,29.93,,,,,,,,,,
WOLC,2016-04-05 23:30:00 EDT,43.22868,-76.84261,398,21.1,22.3,16.4,56.3,8.0,0.000,0.000,0.00,0.000,3.4,5.6,0.7,192,8,3.7,5.6,0.7,198,7,3.4,5.6,0.7,192,8,0,29.93,,,,,,,,,,
WOLC,2016-04-05 23:35:00 EDT,43.22868,-76.84261,398,21.1,22.3,16.6,57.7,8.5,0.000,0.000,0.00,0.000,3.2,4.2,0.5,200,9,3.5,4.7,0.6,203,9,3.2,4.2,0.5,200,9,0,29.93,,,,,,,,,,
WOLC,2016-04-05 23:40:00 EDT,43.22868,-76.84261,398,21.5,22.3,17.0,56.0,8.2,0.000,0.000,0.00,0.000,3.3,4.7,0.4,203,7,3.6,4.7,0.5,207,7,3.3,4.7,0.4,203,7,0,29.93,,,,,,,,,,
WOLC,2016-04-05 23:45:00 EDT,43.22868,-76.84261,398,21.2,22.2,15.8,56.3,8.1,0.000,0.000,0.00,0.000,3.9,5.0,0.5,202,6,4.3,5.4,0.6,205,6,3.9,5.0,0.5,202,6,0,29.93,,,,,,,,,,
WOLC,2016-04-05 23:50:00 EDT,43.22868,-76.84261,398,21.1,22.1,16.9,56.5,8.1,0.000,0.000,0.00,0.000,3.0,4.3,0.4,198,8,3.3,5.1,0.6,203,7,3.0,4.3,0.4,198,8,0,29.93,,,,,,,,,,
WOLC,2016-04-05 23:55:00 EDT,43.22868,-76.84261,398,21.2,22.1,16.0,56.2,8.1,0.000,0.000,0.00,0.000,3.8,4.7,0.6,196,6,4.1,5.6,0.7,200,6,3.8,4.7,0.6,196,6,0,29.94,,,,,,,,,,
