station,time,latitude [degrees_north],longitude [degrees_east],elevation [feet],temp_2m [degF],temp_9m [degF],apparent_temperature [degF],relative_humidity [percent],dewpoint [degF],precip_incremental [inch],precip_local [inch],precip_max_intensity [inch/hour],precip_1hr [inch],avg_wind_speed_prop [mile/hr],max_wind_speed_prop [mile/hr],wind_speed_stddev_prop [mile/hr],wind_direction_prop [degrees],wind_direction_stddev_prop [degrees],avg_wind_speed_sonic [mile/hr],max_wind_speed_sonic [mile/hr],wind_speed_stddev_sonic [mile/hr],wind_direction_sonic [degrees],wind_direction_stddev_sonic [degrees],avg_wind_speed_merge [mile/hr],max_wind_speed_merge [mile/hr],wind_speed_stddev_merge [mile/hr],wind_direction_merge [degrees],wind_direction_stddev_merge [degrees],solar_insolation [W/m^2],station_pressure [inHg],snow_depth [inch],frozen_soil_05cm [bit],frozen_soil_25cm [bit],frozen_soil_50cm [bit],soil_temp_05cm [degF],soil_temp_25cm [degF],soil_temp_50cm [degF],soil_moisture_05cm [m^3/m^3],soil_moisture_25cm [m^3/m^3],soil_moisture_50cm [m^3/m^3]
ADDI,2017-08-21 00:00:00 EDT,42.04036,-77.23726,1665,63.1,66.8,63.1,83.9,58.1,0.000,0.000,0.00,0.000,2.2,4.5,0.6,218,13,2.4,4.6,0.6,216,13,2.2,4.5,0.6,218,13,0,28.43,,0,0,0,68.5,68.5,67.0,0.38,0.33,0.38
ADDI,2017-08-21 00:05:00 EDT,42.04036,-77.23726,1665,64.0,67.2,64.0,84.0,59.1,0.000,0.000,0.00,0.000,2.4,3.9,0.8,214,13,2.7,4.3,0.7,211,13,2.4,3.9,0.8,214,13,0,28.44,,0,0,0,68.5,68.5,67.0,0.38,0.33,0.38
ADDI,2017-08-21 00:10:00 EDT,42.04036,-77.23726,1665,65.2,67.4,65.2,79.9,58.8,0.000,0.000,0.00,0.000,2.8,5.3,0.9,213,18,3.1,6.1,0.9,210,17,2.8,5.3,0.9,213,18,0,28.44,,0,0,0,68.5,68.5,67.1,0.38,0.33,0.38
ADDI,2017-08-21 00:15:00 EDT,42.04036,-77.23726,1665,64.4,67.1,64.4,79.4,57.9,0.000,0.000,0.00,0.000,2.6,4.2,0.6,203,18,2.9,4.9,0.7,201,17,2.6,4.2,0.6,203,18,0,28.44,,0,0,0,68.5,68.5,67.1,0.38,0.33,0.38
ADDI,2017-08-21 00:20:00 EDT,42.04036,-77.23726,1665,64.5,67.2,64.5,80.3,58.3,0.000,0.000,0.00,0.000,3.3,4.7,0.7,213,16,3.4,5.3,0.8,211,15,3.3,4.7,0.7,213,16,0,28.44,,0,0,0,68.3,68.5,67.1,0.38,0.33,0.38
ADDI,2017-08-21 00:25:00 EDT,42.04036,-77.23726,1665,64.0,67.1,64.0,80.9,58.1,0.000,0.000,0.00,0.000,2.8,4.7,0.7,211,17,3.1,5.7,0.9,209,17,2.8,4.7,0.7,211,17,0,28.44,,0,0,0,68.2,68.5,67.1,0.38,0.33,0.38
ADDI,2017-08-21 00:30:00 EDT,42.04036,-77.23726,1665,65.3,67.1,65.3,78.7,58.5,0.000,0.000,0.00,0.000,3.3,4.8,0.6,210,14,3.4,4.9,0.6,208,14,3.3,4.8,0.6,210,14,0,28.44,,0,0,0,68.2,68.5,67.1,0.38,0.33,0.38
ADDI,2017-08-21 00:35:00 EDT,42.04036,-77.23726,1665,63.8,66.9,63.8,80.3,57.6,0.000,0.000,0.00,0.000,2.2,3.7,0.6,209,19,2.4,3.7,0.6,207,17,2.2,3.7,0.6,209,19,0,28.44,,0,0,0,68.2,68.5,67.1,0.38,0.33,0.38
ADDI,2017-08-21 00:40:00 EDT,42.04036,-77.23726,1665,61.9,65.9,61.9,85.4,57.5,0.000,0.000,0.00,0.000,2.3,3.9,0.5,203,13,2.5,5.2,0.6,202,14,2.3,3.9,0.5,203,13,0,28.44,,0,0,0,68.2,68.5,67.1,0.38,0.33,0.38
ADDI,2017-08-21 00:45:00 EDT,42.04036,-77.23726,1665,61.2,65.5,61.2,86.3,57.1,0.000,0.000,0.00,0.000,2.4,3.4,0.3,183,8,2.7,4.0,0.4,181,9,2.4,3.4,0.3,183,8,0,28.44,,0,0,0,68.2,68.5,67.1,0.38,0.33,0.38
ADDI,2017-08-21 00:50:00 EDT,42.04036,-77.23726,1665,60.7,64.5,60.7,88.9,57.5,0.000,0.000,0.00,0.000,1.8,2.3,0.3,185,12,2.2,3.6,0.4,182,16,1.8,2.3,0.3,185,12,0,28.44,,0,0,0,68.1,68.5,67.0,0.38,0.33,0.38
ADDI,2017-08-21 00:55:00 EDT,42.04036,-77.23726,1665,60.6,63.9,60.6,89.7,57.6,0.000,0.000,0.00,0.000,1.9,3.1,0.4,190,11,2.3,4.0,0.5,187,13,1.9,3.1,0.4,190,11,0,28.44,,0,0,0,67.9,68.5,67.1,0.38,0.33,0.38
ADDI,2017-08-21 01:00:00 EDT,42.04036,-77.23726,1665,60.3,63.6,60.3,90.5,57.5,0.000,0.000,0.00,0.000,2.0,2.7,0.4,197,11,2.3,3.4,0.4,196,14,2.0,2.7,0.4,197,11,0,28.43,,0,0,0,67.8,68.5,67.1,0.38,0.33,0.38
ADDI,2017-08-21 01:05:00 EDT,42.04036,-77.23726,1665,60.2,62.8,60.2,92.3,58.0,0.000,0.000,0.00,0.000,1.8,2.4,0.3,195,13,2.0,2.8,0.4,192,15,1.8,2.4,0.3,195,13,0,28.43,,0,0,0,67.8,68.5,67.1,0.38,0.33,0.38
ADDI,2017-08-21 01:10:00 EDT,42.04036,-77.23726,1665,60.0,63.4,60.0,92.2,57.7,0.000,0.000,0.00,0.000,2.3,2.8,0.2,186,6,2.6,3.3,0.3,183,7,2.3,2.8,0.2,186,6,0,28.44,,0,0,0,67.8,68.5,67.1,0.38,0.33,0.38
ADDI,2017-08-21 01:15:00 EDT,42.04036,-77.23726,1665,60.0,62.9,60.0,93.0,58.0,0.000,0.000,0.00,0.000,1.9,2.5,0.2,189,6,2.2,2.9,0.2,187,9,1.9,2.5,0.2,189,6,0,28.44,,0,0,0,67.8,68.5,67.1,0.38,0.33,0.38
ADDI,2017-08-21 01:20:00 EDT,42.04036,-77.23726,1665,60.3,63.0,60.3,93.3,58.4,0.000,0.000,0.00,0.000,1.5,2.2,0.3,192,10,1.8,2.7,0.4,190,12,1.5,2.2,0.3,192,10,0,28.44,,0,0,0,67.8,68.5,67.1,0.38,0.33,0.38
ADDI,2017-08-21 01:25:00 EDT,42.04036,-77.23726,1665,60.2,62.9,60.2,92.6,58.0,0.000,0.000,0.00,0.000,1.5,1.9,0.2,185,9,1.8,2.2,0.2,179,12,1.5,1.9,0.2,185,9,0,28.44,,0,0,0,67.8,68.5,67.1,0.38,0.33,0.38
ADDI,2017-08-21 01:30:00 EDT,42.04036,-77.23726,1665,60.4,62.8,60.4,93.5,58.5,0.000,0.000,0.00,0.000,1.3,2.0,0.3,201,17,1.6,2.5,0.3,197,19,1.3,2.0,0.3,201,17,0,28.44,,0,0,0,67.8,68.5,67.1,0.38,0.33,0.38
ADDI,2017-08-21 01:35:00 EDT,42.04036,-77.23726,1665,60.1,64.1,60.1,92.8,58.0,0.000,0.000,0.00,0.000,2.3,4.4,0.7,203,13,2.6,5.1,0.8,202,14,2.3,4.4,0.7,203,13,0,28.44,,0,0,0,67.8,68.5,67.1,0.38,0.33,0.38
ADDI,2017-08-21 01:40:00 EDT,42.04036,-77.23726,1665,60.3,62.9,60.3,92.7,58.1,0.000,0.000,0.00,0.000,2.0,2.8,0.3,203,10,2.3,3.6,0.4,202,12,2.0,2.8,0.3,203,10,0,28.44,,0,0,0,67.8,68.5,67.1,0.38,0.33,0.38
ADDI,2017-08-21 01:45:00 EDT,42.04036,-77.23726,1665,60.3,63.0,60.3,92.2,58.0,0.000,0.000,0.00,0.000,2.4,3.1,0.3,192,6,2.7,4.0,0.4,189,8,2.4,3.1,0.3,192,6,0,28.44,,0,0,0,67.5,68.5,67.1,0.38,0.33,0.38
ADDI,2017-08-21 01:50:00 EDT,42.04036,-77.23726,1665,60.4,63.1,60.4,92.2,58.1,0.000,0.000,0.00,0.000,2.2,2.9,0.3,188,5,2.5,3.8,0.4,185,7,2.2,2.9,0.3,188,5,0,28.44,,0,0,0,67.5,68.5,67.1,0.38,0.33,0.38
ADDI,2017-08-21 01:55:00 EDT,42.04036,-77.23726,1665,61.4,64.0,61.4,90.1,58.5,0.000,0.000,0.00,0.000,5.2,8.3,1.5,200,10,5.6,9.4,1.6,197,9,5.2,8.3,1.5,200,10,0,28.44,,0,0,0,67.5,68.5,67.1,0.38,0.33,0.38
ADDI,2017-08-21 02:00:00 EDT,42.04036,-77.23726,1665,63.3,64.0,63.3,83.7,58.3,0.000,0.000,0.00,0.000,5.2,9.3,1.6,206,14,5.4,10.7,1.7,204,13,5.2,9.3,1.6,206,14,0,28.44,,0,0,0,67.5,68.5,67.1,0.38,0.33,0.38
ADDI,2017-08-21 02:05:00 EDT,42.04036,-77.23726,1665,63.2,63.7,63.2,83.0,57.9,0.000,0.000,0.00,0.000,3.8,6.1,0.7,209,13,4.2,6.7,0.9,208,12,3.8,6.1,0.7,209,13,0,28.44,,0,0,0,67.5,68.5,67.1,0.38,0.33,0.38
ADDI,2017-08-21 02:10:00 EDT,42.04036,-77.23726,1665,63.4,64.2,63.4,82.1,57.9,0.000,0.000,0.00,0.000,3.9,5.8,0.6,210,11,4.2,6.1,0.7,208,11,3.9,5.8,0.6,210,11,0,28.44,,0,0,0,67.5,68.5,67.1,0.38,0.33,0.38
ADDI,2017-08-21 02:15:00 EDT,42.04036,-77.23726,1665,63.2,64.3,63.2,81.7,57.6,0.000,0.000,0.00,0.000,3.6,6.5,0.8,209,12,3.9,7.0,1.0,209,12,3.6,6.5,0.8,209,12,0,28.44,,0,0,0,67.5,68.5,67.1,0.38,0.33,0.38
ADDI,2017-08-21 02:20:00 EDT,42.04036,-77.23726,1665,63.2,64.4,63.2,81.9,57.6,0.000,0.000,0.00,0.000,3.0,4.4,0.6,210,14,3.1,5.3,0.8,209,13,3.0,4.4,0.6,210,14,0,28.44,,0,0,0,67.5,68.5,67.1,0.38,0.33,0.38
ADDI,2017-08-21 02:25:00 EDT,42.04036,-77.23726,1665,63.0,65.2,63.0,81.8,57.4,0.000,0.000,0.00,0.000,2.8,4.7,0.5,203,10,3.0,5.6,0.6,203,11,2.8,4.7,0.5,203,10,0,28.44,,0,0,0,67.4,68.5,67.1,0.38,0.33,0.38
ADDI,2017-08-21 02:30:00 EDT,42.04036,-77.23726,1665,61.9,64.9,61.9,85.4,57.4,0.000,0.000,0.00,0.000,2.8,5.5,0.7,209,11,3.0,5.6,0.7,208,12,2.8,5.5,0.7,209,11,0,28.44,,0,0,0,67.3,68.5,67.1,0.37,0.33,0.38
ADDI,2017-08-21 02:35:00 EDT,42.04036,-77.23726,1665,61.7,65.2,61.7,85.8,57.5,0.000,0.000,0.00,0.000,3.3,5.7,0.9,201,11,3.7,6.2,1.0,200,9,3.3,5.7,0.9,201,11,0,28.44,,0,0,0,67.2,68.5,67.1,0.38,0.33,0.38
ADDI,2017-08-21 02:40:00 EDT,42.04036,-77.23726,1665,62.4,65.2,62.4,84.7,57.7,0.000,0.000,0.00,0.000,3.4,5.1,0.6,202,12,3.6,5.0,0.7,200,12,3.4,5.1,0.6,202,12,0,28.43,,0,0,0,67.1,68.5,67.1,0.37,0.33,0.38
ADDI,2017-08-21 02:45:00 EDT,42.04036,-77.23726,1665,62.6,64.7,62.6,82.1,57.0,0.000,0.000,0.00,0.000,3.7,5.3,0.7,200,8,4.0,6.2,0.9,198,8,3.7,5.3,0.7,200,8,0,28.43,,0,0,0,67.1,68.5,67.1,0.37,0.33,0.38
ADDI,2017-08-21 02:50:00 EDT,42.04036,-77.23726,1665,62.6,64.7,62.6,82.9,57.3,0.000,0.000,0.00,0.000,3.4,5.2,0.7,209,9,3.7,5.4,0.7,207,10,3.4,5.2,0.7,209,9,0,28.43,,0,0,0,67.1,68.5,67.1,0.37,0.33,0.38
ADDI,2017-08-21 02:55:00 EDT,42.04036,-77.23726,1665,61.9,64.6,61.9,84.0,57.0,0.000,0.000,0.00,0.000,3.8,4.9,0.6,209,9,4.1,6.0,0.8,207,8,3.8,4.9,0.6,209,9,0,28.43,,0,0,0,67.1,68.5,67.1,0.37,0.33,0.38
ADDI,2017-08-21 03:00:00 EDT,42.04036,-77.23726,1665,63.0,64.8,63.0,82.8,57.7,0.000,0.000,0.00,0.000,3.0,4.3,0.5,208,10,3.3,5.1,0.7,206,10,3.0,4.3,0.5,208,10,0,28.44,,0,0,0,67.1,68.5,67.1,0.38,0.33,0.38
ADDI,2017-08-21 03:05:00 EDT,42.04036,-77.23726,1665,63.5,64.6,63.5,81.3,57.6,0.000,0.000,0.00,0.000,3.5,5.3,0.7,207,12,3.7,5.9,0.8,206,12,3.5,5.3,0.7,207,12,0,28.44,,0,0,0,67.1,68.5,67.1,0.37,0.33,0.38
ADDI,2017-08-21 03:10:00 EDT,42.04036,-77.23726,1665,61.9,63.8,61.9,81.8,56.3,0.000,0.000,0.00,0.000,1.5,2.8,0.7,211,14,1.8,3.1,0.6,209,15,1.5,2.8,0.7,211,14,0,28.43,,0,0,0,67.1,68.4,67.1,0.38,0.33,0.38
ADDI,2017-08-21 03:15:00 EDT,42.04036,-77.23726,1665,60.2,62.8,60.2,85.3,55.7,0.000,0.000,0.00,0.000,1.3,3.5,0.8,200,21,1.7,3.8,0.7,198,22,1.3,3.5,0.8,200,21,0,28.44,,0,0,0,67.1,68.5,67.1,0.37,0.33,0.38
ADDI,2017-08-21 03:20:00 EDT,42.04036,-77.23726,1665,60.6,62.7,60.6,89.0,57.4,0.000,0.000,0.00,0.000,3.2,5.3,0.7,209,10,3.6,5.9,0.8,208,10,3.2,5.3,0.7,209,10,0,28.44,,0,0,0,67.1,68.4,67.1,0.37,0.33,0.38
ADDI,2017-08-21 03:25:00 EDT,42.04036,-77.23726,1665,61.3,62.9,61.3,87.9,57.6,0.000,0.000,0.00,0.000,3.0,5.6,0.9,199,11,3.4,6.5,0.9,197,10,3.0,5.6,0.9,199,11,0,28.44,,0,0,0,67.1,68.4,67.1,0.37,0.33,0.38
ADDI,2017-08-21 03:30:00 EDT,42.04036,-77.23726,1665,61.3,63.0,61.3,87.2,57.5,0.000,0.000,0.00,0.000,2.9,4.1,0.5,197,10,3.2,4.3,0.5,195,11,2.9,4.1,0.5,197,10,0,28.44,,0,0,0,67.1,68.4,67.1,0.37,0.33,0.38
ADDI,2017-08-21 03:35:00 EDT,42.04036,-77.23726,1665,61.4,63.3,61.4,87.6,57.7,0.000,0.000,0.00,0.000,3.5,5.9,0.6,195,9,3.7,7.3,0.8,193,9,3.5,5.9,0.6,195,9,0,28.44,,0,0,0,67.0,68.3,67.1,0.37,0.33,0.38
ADDI,2017-08-21 03:40:00 EDT,42.04036,-77.23726,1665,60.5,63.1,60.5,87.5,56.7,0.000,0.000,0.00,0.000,3.0,5.2,0.7,191,11,3.3,5.3,0.7,188,12,3.0,5.2,0.7,191,11,0,28.44,,0,0,0,66.9,68.3,67.1,0.37,0.33,0.38
ADDI,2017-08-21 03:45:00 EDT,42.04036,-77.23726,1665,59.9,63.1,59.9,89.2,56.7,0.000,0.000,0.00,0.000,2.6,4.8,0.5,197,11,3.0,5.3,0.6,194,11,2.6,4.8,0.5,197,11,0,28.44,,0,0,0,66.8,68.2,67.1,0.37,0.33,0.38
ADDI,2017-08-21 03:50:00 EDT,42.04036,-77.23726,1665,60.9,63.5,60.9,89.7,57.9,0.000,0.000,0.00,0.000,3.3,4.9,0.5,191,10,3.6,5.7,0.7,189,9,3.3,4.9,0.5,191,10,0,28.44,,0,0,0,66.7,68.3,67.1,0.37,0.33,0.38
ADDI,2017-08-21 03:55:00 EDT,42.04036,-77.23726,1665,62.0,63.5,62.0,87.8,58.4,0.000,0.000,0.00,0.000,2.3,3.1,0.4,192,14,2.6,3.9,0.5,190,16,2.3,3.1,0.4,192,14,0,28.44,,0,0,0,66.7,68.2,67.1,0.37,0.33,0.38
ADDI,2017-08-21 04:00:00 EDT,42.04036,-77.23726,1665,60.5,63.4,60.5,87.6,56.8,0.000,0.000,0.00,0.000,2.4,3.7,0.4,191,11,2.7,4.2,0.5,189,12,2.4,3.7,0.4,191,11,0,28.44,,0,0,0,66.7,68.2,67.1,0.37,0.33,0.38
ADDI,2017-08-21 04:05:00 EDT,42.04036,-77.23726,1665,59.3,62.1,59.3,91.8,56.9,0.000,0.000,0.00,0.000,2.2,2.8,0.3,192,9,2.4,3.3,0.3,190,12,2.2,2.8,0.3,192,9,0,28.44,,0,0,0,66.7,68.2,67.1,0.37,0.33,0.38
ADDI,2017-08-21 04:10:00 EDT,42.04036,-77.23726,1665,59.3,61.8,59.3,93.0,57.2,0.000,0.000,0.00,0.000,2.4,3.3,0.5,201,9,2.6,4.4,0.6,198,11,2.4,3.3,0.5,201,9,0,28.44,,0,0,0,66.7,68.2,67.1,0.37,0.33,0.38
ADDI,2017-08-21 04:15:00 EDT,42.04036,-77.23726,1665,59.3,62.1,59.3,93.0,57.3,0.000,0.000,0.00,0.000,2.2,3.8,0.5,193,12,2.5,3.8,0.5,190,13,2.2,3.8,0.5,193,12,0,28.44,,0,0,0,66.7,68.2,67.1,0.37,0.33,0.38
ADDI,2017-08-21 04:20:00 EDT,42.04036,-77.23726,1665,59.1,61.9,59.1,92.9,57.1,0.000,0.000,0.00,0.000,2.2,3.0,0.3,190,9,2.6,4.3,0.4,190,11,2.2,3.0,0.3,190,9,0,28.44,,0,0,0,66.7,68.2,67.1,0.37,0.33,0.38
ADDI,2017-08-21 04:25:00 EDT,42.04036,-77.23726,1665,59.0,62.1,59.0,92.4,56.8,0.000,0.000,0.00,0.000,2.7,3.5,0.4,191,7,3.0,4.3,0.5,191,8,2.7,3.5,0.4,191,7,0,28.44,,0,0,0,66.7,68.2,67.1,0.37,0.33,0.38
ADDI,2017-08-21 04:30:00 EDT,42.04036,-77.23726,1665,59.0,63.1,59.0,92.2,56.7,0.000,0.000,0.00,0.000,2.9,4.9,0.7,195,8,3.2,5.3,0.7,194,8,2.9,4.9,0.7,195,8,0,28.44,,0,0,0,66.7,68.2,67.1,0.37,0.33,0.38
ADDI,2017-08-21 04:35:00 EDT,42.04036,-77.23726,1665,59.3,62.9,59.3,93.4,57.4,0.000,0.000,0.00,0.000,2.7,4.1,0.4,201,8,2.9,5.0,0.5,200,9,2.7,4.1,0.4,201,8,0,28.44,,0,0,0,66.7,68.2,67.1,0.37,0.33,0.38
ADDI,2017-08-21 04:40:00 EDT,42.04036,-77.23726,1665,59.7,63.5,59.7,92.6,57.5,0.000,0.000,0.00,0.000,2.7,3.9,0.5,204,10,3.0,4.2,0.6,203,11,2.7,3.9,0.5,204,10,0,28.44,,0,0,0,66.6,68.2,67.1,0.37,0.33,0.38
ADDI,2017-08-21 04:45:00 EDT,42.04036,-77.23726,1665,59.4,62.5,59.4,92.2,57.1,0.000,0.000,0.00,0.000,1.8,2.6,0.4,211,8,2.0,3.1,0.4,210,9,1.8,2.6,0.4,211,8,0,28.44,,0,0,0,66.4,68.2,67.1,0.37,0.33,0.38
ADDI,2017-08-21 04:50:00 EDT,42.04036,-77.23726,1665,59.1,61.9,59.1,92.5,57.0,0.000,0.000,0.00,0.000,1.3,2.4,0.4,208,15,1.6,2.7,0.5,206,18,1.3,2.4,0.4,208,15,0,28.44,,0,0,0,66.4,68.2,67.1,0.37,0.33,0.38
ADDI,2017-08-21 04:55:00 EDT,42.04036,-77.23726,1665,58.9,62.6,58.9,92.1,56.6,0.000,0.000,0.00,0.000,2.8,4.3,0.6,189,7,3.1,4.8,0.6,186,8,2.8,4.3,0.6,189,7,0,28.44,,0,0,0,66.4,68.2,67.1,0.37,0.33,0.38
ADDI,2017-08-21 05:00:00 EDT,42.04036,-77.23726,1665,59.2,63.0,59.2,92.6,57.1,0.000,0.000,0.00,0.000,4.0,5.3,0.6,178,6,4.3,6.0,0.7,174,6,4.0,5.3,0.6,178,6,0,28.44,,0,0,0,66.4,68.2,67.1,0.37,0.33,0.38
ADDI,2017-08-21 05:05:00 EDT,42.04036,-77.23726,1665,58.4,61.5,58.4,93.0,56.4,0.000,0.000,0.00,0.000,5.2,6.4,0.7,172,5,5.6,7.2,0.7,170,5,5.2,6.4,0.7,172,5,0,28.44,,0,0,0,66.4,68.2,67.1,0.37,0.33,0.38
ADDI,2017-08-21 05:10:00 EDT,42.04036,-77.23726,1665,59.1,60.9,59.1,94.3,57.4,0.000,0.000,0.00,0.000,4.8,6.4,0.6,176,7,5.1,7.0,0.7,173,6,4.8,6.4,0.6,176,7,0,28.44,,0,0,0,66.4,68.2,67.1,0.37,0.33,0.38
ADDI,2017-08-21 05:15:00 EDT,42.04036,-77.23726,1665,59.6,60.6,59.6,94.4,58.0,0.000,0.000,0.00,0.000,3.8,4.9,0.4,177,6,4.1,4.9,0.4,175,7,3.8,4.9,0.4,177,6,0,28.44,,0,0,0,66.4,68.2,67.1,0.37,0.33,0.38
ADDI,2017-08-21 05:20:00 EDT,42.04036,-77.23726,1665,59.1,60.3,59.1,94.1,57.4,0.000,0.000,0.00,0.000,3.7,4.5,0.4,175,5,4.0,5.2,0.5,171,5,3.7,4.5,0.4,175,5,0,28.44,,0,0,0,66.4,68.2,67.1,0.37,0.33,0.38
ADDI,2017-08-21 05:25:00 EDT,42.04036,-77.23726,1665,58.8,60.0,58.8,94.8,57.3,0.000,0.000,0.00,0.000,3.7,5.1,0.5,171,7,4.0,5.6,0.6,167,6,3.7,5.1,0.5,171,7,0,28.44,,0,0,0,66.4,68.2,67.1,0.37,0.33,0.38
ADDI,2017-08-21 05:30:00 EDT,42.04036,-77.23726,1665,58.7,59.9,58.7,94.8,57.3,0.000,0.000,0.00,0.000,4.4,5.7,0.4,162,8,4.9,6.2,0.5,159,7,4.4,5.7,0.4,162,8,0,28.44,,0,0,0,66.4,68.2,67.1,0.37,0.33,0.38
ADDI,2017-08-21 05:35:00 EDT,42.04036,-77.23726,1665,58.5,59.7,58.5,94.3,56.8,0.000,0.000,0.00,0.000,3.5,4.5,0.5,167,11,3.8,5.1,0.6,163,11,3.5,4.5,0.5,167,11,0,28.44,,0,0,0,66.4,68.2,67.1,0.37,0.33,0.38
ADDI,2017-08-21 05:40:00 EDT,42.04036,-77.23726,1665,58.5,61.0,58.5,94.1,56.8,0.000,0.000,0.00,0.000,3.1,4.5,0.7,188,11,3.5,5.9,0.9,185,11,3.1,4.5,0.7,188,11,0,28.45,,0,0,0,66.4,68.2,67.1,0.37,0.33,0.38
ADDI,2017-08-21 05:45:00 EDT,42.04036,-77.23726,1665,58.7,61.5,58.7,92.6,56.5,0.000,0.000,0.00,0.000,2.1,3.2,0.5,179,9,2.3,3.8,0.6,177,10,2.1,3.2,0.5,179,9,0,28.45,,0,0,0,66.4,68.2,67.1,0.37,0.33,0.38
ADDI,2017-08-21 05:50:00 EDT,42.04036,-77.23726,1665,58.3,61.3,58.3,92.4,56.1,0.000,0.000,0.00,0.000,2.0,3.4,0.4,191,13,2.3,5.5,0.6,188,14,2.0,3.4,0.4,191,13,0,28.45,,0,0,0,66.4,68.2,67.1,0.37,0.33,0.38
ADDI,2017-08-21 05:55:00 EDT,42.04036,-77.23726,1665,58.4,61.6,58.4,94.4,56.8,0.000,0.000,0.00,0.000,2.3,4.3,0.6,200,12,2.5,4.4,0.7,201,13,2.3,4.3,0.6,200,12,0,28.45,,0,0,0,66.4,68.2,67.1,0.37,0.33,0.38
ADDI,2017-08-21 06:00:00 EDT,42.04036,-77.23726,1665,59.1,62.0,59.1,93.9,57.4,0.000,0.000,0.00,0.000,2.5,4.3,0.7,189,12,3.0,5.4,1.0,187,12,2.5,4.3,0.7,189,12,0,28.45,,0,0,0,66.4,68.2,67.1,0.37,0.33,0.38
ADDI,2017-08-21 06:05:00 EDT,42.04036,-77.23726,1665,59.2,61.9,59.2,92.9,57.2,0.000,0.000,0.00,0.000,2.5,4.1,0.6,181,10,2.8,4.6,0.7,177,12,2.5,4.1,0.6,181,10,0,28.44,,0,0,0,66.4,68.2,67.1,0.37,0.33,0.38
ADDI,2017-08-21 06:10:00 EDT,42.04036,-77.23726,1665,58.8,61.7,58.8,92.8,56.7,0.000,0.000,0.00,0.000,2.7,4.3,0.5,187,10,3.0,6.0,0.7,185,11,2.7,4.3,0.5,187,10,0,28.45,,0,0,0,66.3,68.2,67.1,0.37,0.33,0.38
ADDI,2017-08-21 06:15:00 EDT,42.04036,-77.23726,1665,59.8,61.8,59.8,93.3,57.9,0.000,0.000,0.00,0.000,2.7,4.3,0.8,188,14,3.0,4.9,0.7,187,13,2.7,4.3,0.8,188,14,1,28.45,,0,0,0,66.1,68.2,67.1,0.37,0.33,0.38
ADDI,2017-08-21 06:20:00 EDT,42.04036,-77.23726,1665,59.9,61.9,59.9,92.0,57.6,0.000,0.000,0.00,0.000,3.1,4.4,0.5,183,10,3.4,5.2,0.6,180,10,3.1,4.4,0.5,183,10,1,28.45,,0,0,0,66.0,68.2,67.1,0.37,0.33,0.38
ADDI,2017-08-21 06:25:00 EDT,42.04036,-77.23726,1665,59.9,61.7,59.9,92.0,57.5,0.000,0.000,0.00,0.000,3.1,4.7,0.7,179,9,3.3,5.4,0.7,175,9,3.1,4.7,0.7,179,9,2,28.44,,0,0,0,66.0,68.2,67.1,0.37,0.33,0.38
ADDI,2017-08-21 06:30:00 EDT,42.04036,-77.23726,1665,59.6,61.5,59.6,92.1,57.3,0.000,0.000,0.00,0.000,4.4,6.3,0.8,169,7,4.8,7.0,0.9,165,6,4.4,6.3,0.8,169,7,4,28.44,,0,0,0,66.0,68.2,67.1,0.37,0.33,0.38
ADDI,2017-08-21 06:35:00 EDT,42.04036,-77.23726,1665,59.2,60.9,59.2,92.1,56.9,0.000,0.000,0.00,0.000,4.4,5.6,0.4,173,7,4.7,5.8,0.4,169,6,4.4,5.6,0.4,173,7,7,28.44,,0,0,0,66.0,68.2,67.1,0.37,0.33,0.38
ADDI,2017-08-21 06:40:00 EDT,42.04036,-77.23726,1665,59.2,60.7,59.2,92.9,57.1,0.000,0.000,0.00,0.000,4.2,5.8,0.6,180,10,4.6,6.3,0.8,177,9,4.2,5.8,0.6,180,10,9,28.44,,0,0,0,66.0,68.2,67.1,0.37,0.33,0.38
ADDI,2017-08-21 06:45:00 EDT,42.04036,-77.23726,1665,59.5,61.1,59.5,93.4,57.5,0.000,0.000,0.00,0.000,5.4,7.3,0.6,172,7,5.7,7.7,0.8,169,6,5.4,7.3,0.6,172,7,9,28.44,,0,0,0,66.0,68.2,67.1,0.37,0.33,0.38
ADDI,2017-08-21 06:50:00 EDT,42.04036,-77.23726,1665,59.5,60.8,59.5,93.4,57.5,0.000,0.000,0.00,0.000,6.0,8.2,0.7,170,7,6.5,9.8,0.9,167,5,6.0,8.2,0.7,170,7,12,28.44,,0,0,0,66.0,68.2,67.1,0.37,0.33,0.38
ADDI,2017-08-21 06:55:00 EDT,42.04036,-77.23726,1665,59.5,60.7,59.5,93.3,57.5,0.000,0.000,0.00,0.000,6.5,8.1,0.6,169,6,7.0,9.1,0.8,167,5,6.5,8.1,0.6,169,6,27,28.44,,0,0,0,66.0,68.2,67.1,0.37,0.33,0.38
ADDI,2017-08-21 07:00:00 EDT,42.04036,-77.23726,1665,59.6,60.9,59.6,93.1,57.7,0.000,0.000,0.00,0.000,5.9,7.0,0.5,172,7,6.3,8.0,0.6,170,6,5.9,7.0,0.5,172,7,53,28.44,,0,0,0,66.0,68.2,67.1,0.37,0.33,0.38
ADDI,2017-08-21 07:05:00 EDT,42.04036,-77.23726,1665,60.2,61.4,60.2,92.3,58.0,0.000,0.000,0.00,0.000,5.7,7.5,0.7,172,6,6.2,8.1,0.9,169,5,5.7,7.5,0.7,172,6,69,28.44,,0,0,0,66.0,68.2,67.1,0.37,0.33,0.38
ADDI,2017-08-21 07:10:00 EDT,42.04036,-77.23726,1665,60.9,61.8,60.9,91.1,58.2,0.000,0.000,0.00,0.000,5.3,7.2,0.8,170,9,5.8,8.1,0.9,167,7,5.3,7.2,0.8,170,9,97,28.44,,0,0,0,66.0,68.2,67.1,0.37,0.33,0.38
ADDI,2017-08-21 07:15:00 EDT,42.04036,-77.23726,1665,61.3,62.1,61.3,89.7,58.3,0.000,0.000,0.00,0.000,5.9,7.7,0.8,168,9,6.5,8.9,0.9,165,7,5.9,7.7,0.8,168,9,101,28.44,,0,0,0,66.0,68.2,67.1,0.37,0.33,0.38
ADDI,2017-08-21 07:20:00 EDT,42.04036,-77.23726,1665,61.8,62.4,61.8,88.7,58.4,0.000,0.000,0.00,0.000,5.3,8.2,1.0,171,8,6.0,9.1,1.3,168,8,5.3,8.2,1.0,171,8,112,28.44,,0,0,0,66.0,68.2,67.1,0.37,0.33,0.38
ADDI,2017-08-21 07:25:00 EDT,42.04036,-77.23726,1665,62.2,62.7,62.2,88.1,58.6,0.000,0.000,0.00,0.000,5.1,6.9,0.7,168,9,5.6,7.6,0.8,165,8,5.1,6.9,0.7,168,9,127,28.44,,0,0,0,66.0,68.2,67.1,0.37,0.33,0.38
ADDI,2017-08-21 07:30:00 EDT,42.04036,-77.23726,1665,62.8,63.1,62.8,87.3,58.9,0.000,0.000,0.00,0.000,4.6,6.4,0.6,170,9,5.1,7.0,0.7,166,8,4.6,6.4,0.6,170,9,173,28.44,,0,0,0,66.0,68.2,67.1,0.37,0.33,0.38
ADDI,2017-08-21 07:35:00 EDT,42.04036,-77.23726,1665,63.6,63.8,63.6,85.5,59.2,0.000,0.000,0.00,0.000,4.8,7.2,0.8,167,11,5.2,7.9,1.1,164,10,4.8,7.2,0.8,167,11,188,28.44,,0,0,0,65.9,68.2,67.1,0.37,0.33,0.38
ADDI,2017-08-21 07:40:00 EDT,42.04036,-77.23726,1665,64.1,64.3,64.1,83.8,59.1,0.000,0.000,0.00,0.000,5.2,7.7,1.0,168,11,5.8,9.1,1.3,167,9,5.2,7.7,1.0,168,11,181,28.44,,0,0,0,66.0,68.2,67.1,0.37,0.33,0.38
ADDI,2017-08-21 07:45:00 EDT,42.04036,-77.23726,1665,64.3,64.5,64.3,83.3,59.1,0.000,0.000,0.00,0.000,4.2,5.9,0.8,172,13,4.7,6.7,1.0,169,13,4.2,5.9,0.8,172,13,125,28.44,,0,0,0,66.0,68.1,67.1,0.37,0.33,0.38
ADDI,2017-08-21 07:50:00 EDT,42.04036,-77.23726,1665,64.4,64.6,64.4,83.8,59.4,0.000,0.000,0.00,0.000,3.6,4.9,0.6,168,12,3.9,5.2,0.8,164,13,3.6,4.9,0.6,168,12,82,28.44,,0,0,0,66.0,68.1,67.1,0.37,0.33,0.38
ADDI,2017-08-21 07:55:00 EDT,42.04036,-77.23726,1665,64.1,64.4,64.1,85.1,59.6,0.000,0.000,0.00,0.000,3.4,5.4,0.8,173,14,3.7,5.6,0.9,169,12,3.4,5.4,0.8,173,14,108,28.44,,0,0,0,66.0,68.0,67.1,0.37,0.33,0.38
ADDI,2017-08-21 08:00:00 EDT,42.04036,-77.23726,1665,64.6,64.6,64.6,85.2,60.0,0.000,0.000,0.00,0.000,3.4,5.6,1.0,171,14,3.8,6.3,1.1,168,14,3.4,5.6,1.0,171,14,179,28.44,,0,0,0,66.0,67.9,67.1,0.37,0.33,0.38
ADDI,2017-08-21 08:05:00 EDT,42.04036,-77.23726,1665,65.0,64.8,65.0,85.3,60.4,0.000,0.000,0.00,0.000,5.8,8.3,1.3,167,11,6.4,9.7,1.5,165,9,5.8,8.3,1.3,167,11,151,28.43,,0,0,0,66.0,67.9,67.1,0.37,0.33,0.38
ADDI,2017-08-21 08:10:00 EDT,42.04036,-77.23726,1665,64.7,64.6,64.7,84.8,60.0,0.000,0.000,0.00,0.000,7.1,9.7,1.2,169,8,7.8,11.1,1.4,166,7,7.1,9.7,1.2,169,8,147,28.43,,0,0,0,66.0,67.9,67.1,0.37,0.33,0.38
ADDI,2017-08-21 08:15:00 EDT,42.04036,-77.23726,1665,64.5,64.4,64.5,84.8,59.8,0.000,0.000,0.00,0.000,7.3,9.6,1.1,170,9,8.0,11.3,1.3,167,8,7.3,9.6,1.1,170,9,136,28.43,,0,0,0,66.0,67.8,67.1,0.37,0.33,0.38
ADDI,2017-08-21 08:20:00 EDT,42.04036,-77.23726,1665,64.2,64.2,64.2,85.2,59.7,0.000,0.000,0.00,0.000,7.1,9.0,0.9,167,8,7.7,10.3,1.0,164,9,7.1,9.0,0.9,167,8,132,28.43,,0,0,0,66.0,67.8,67.1,0.37,0.33,0.38
ADDI,2017-08-21 08:25:00 EDT,42.04036,-77.23726,1665,64.2,64.0,64.2,86.1,59.9,0.000,0.000,0.00,0.000,6.7,8.5,0.7,163,8,7.2,10.0,0.9,160,7,6.7,8.5,0.7,163,8,124,28.43,,0,0,0,66.0,67.8,67.1,0.37,0.33,0.38
ADDI,2017-08-21 08:30:00 EDT,42.04036,-77.23726,1665,64.2,64.1,64.2,86.1,60.0,0.000,0.000,0.00,0.000,4.2,6.9,1.0,168,13,4.7,7.9,1.2,165,10,4.2,6.9,1.0,168,13,140,28.44,,0,0,0,66.0,67.8,67.1,0.37,0.33,0.38
ADDI,2017-08-21 08:35:00 EDT,42.04036,-77.23726,1665,64.8,64.6,64.8,85.6,60.4,0.000,0.000,0.00,0.000,2.5,3.9,0.7,170,25,2.8,5.2,0.8,166,26,2.5,3.9,0.7,170,25,174,28.44,,0,0,0,66.0,67.8,67.1,0.37,0.33,0.38
ADDI,2017-08-21 08:40:00 EDT,42.04036,-77.23726,1665,65.5,65.1,65.5,84.9,60.8,0.000,0.000,0.00,0.000,2.8,4.2,0.8,157,14,2.9,4.8,0.9,151,14,2.8,4.2,0.8,157,14,148,28.44,,0,0,0,66.0,67.8,67.1,0.37,0.33,0.38
ADDI,2017-08-21 08:45:00 EDT,42.04036,-77.23726,1665,65.6,65.4,65.6,83.8,60.6,0.000,0.000,0.00,0.000,4.1,6.4,0.8,160,10,4.5,7.3,1.0,156,12,4.1,6.4,0.8,160,10,126,28.44,,0,0,0,66.0,67.8,67.1,0.37,0.33,0.38
ADDI,2017-08-21 08:50:00 EDT,42.04036,-77.23726,1665,65.6,65.3,65.6,84.8,60.9,0.000,0.000,0.00,0.000,4.9,6.8,0.9,156,9,5.1,7.3,1.0,151,9,4.9,6.8,0.9,156,9,132,28.44,,0,0,0,66.0,67.8,67.1,0.37,0.33,0.38
ADDI,2017-08-21 08:55:00 EDT,42.04036,-77.23726,1665,65.5,65.2,65.5,84.9,60.9,0.000,0.000,0.00,0.000,5.0,7.2,0.9,163,11,5.4,7.7,1.0,160,11,5.0,7.2,0.9,163,11,155,28.44,,0,0,0,66.0,67.8,67.1,0.37,0.33,0.38
ADDI,2017-08-21 09:00:00 EDT,42.04036,-77.23726,1665,65.6,65.3,65.6,84.3,60.7,0.000,0.000,0.00,0.000,5.3,6.9,0.9,165,9,5.9,7.9,1.0,162,8,5.3,6.9,0.9,165,9,131,28.44,,0,0,0,66.2,67.8,67.1,0.37,0.33,0.38
ADDI,2017-08-21 09:05:00 EDT,42.04036,-77.23726,1665,65.5,65.3,65.5,85.0,60.9,0.000,0.000,0.00,0.000,5.1,7.0,0.8,164,9,5.6,7.9,1.0,161,8,5.1,7.0,0.8,164,9,100,28.44,,0,0,0,66.4,67.8,67.1,0.37,0.33,0.38
ADDI,2017-08-21 09:10:00 EDT,42.04036,-77.23726,1665,65.5,65.4,65.5,85.1,61.0,0.000,0.000,0.00,0.000,4.7,6.1,0.6,162,9,5.1,7.1,0.8,158,10,4.7,6.1,0.6,162,9,94,28.44,,0,0,0,66.4,67.8,67.1,0.37,0.33,0.38
ADDI,2017-08-21 09:15:00 EDT,42.04036,-77.23726,1665,65.7,65.4,65.7,85.9,61.4,0.000,0.000,0.00,0.000,4.8,6.3,0.5,160,8,5.2,6.8,0.6,157,9,4.8,6.3,0.5,160,8,135,28.44,,0,0,0,66.4,67.8,67.1,0.37,0.33,0.38
ADDI,2017-08-21 09:20:00 EDT,42.04036,-77.23726,1665,66.0,65.6,66.0,86.1,61.7,0.000,0.000,0.00,0.000,4.9,6.6,0.8,163,10,5.4,7.1,0.9,158,11,4.9,6.6,0.8,163,10,182,28.44,,0,0,0,66.4,67.8,67.1,0.37,0.33,0.38
ADDI,2017-08-21 09:25:00 EDT,42.04036,-77.23726,1665,66.3,65.9,66.3,84.6,61.5,0.000,0.000,0.00,0.000,4.6,6.1,0.8,163,9,5.1,7.0,0.9,161,9,4.6,6.1,0.8,163,9,171,28.45,,0,0,0,66.4,67.8,67.1,0.37,0.33,0.38
ADDI,2017-08-21 09:30:00 EDT,42.04036,-77.23726,1665,66.5,66.3,66.5,84.8,61.8,0.000,0.000,0.00,0.000,4.5,5.9,0.7,159,11,4.8,6.5,0.9,155,11,4.5,5.9,0.7,159,11,111,28.45,,0,0,0,66.4,67.8,67.1,0.37,0.33,0.38
ADDI,2017-08-21 09:35:00 EDT,42.04036,-77.23726,1665,66.5,66.3,66.5,84.1,61.6,0.000,0.000,0.00,0.000,4.1,6.0,1.0,158,11,4.4,7.7,1.3,154,12,4.1,6.0,1.0,158,11,127,28.45,,0,0,0,66.4,67.8,67.1,0.37,0.33,0.38
ADDI,2017-08-21 09:40:00 EDT,42.04036,-77.23726,1665,66.7,66.4,66.7,84.3,61.8,0.000,0.000,0.00,0.000,3.7,5.9,1.1,161,12,4.1,6.5,1.2,157,12,3.7,5.9,1.1,161,12,125,28.45,,0,0,0,66.4,67.8,67.1,0.37,0.33,0.38
ADDI,2017-08-21 09:45:00 EDT,42.04036,-77.23726,1665,66.7,66.4,66.7,83.9,61.6,0.000,0.000,0.00,0.000,2.9,5.0,0.8,156,19,3.1,5.5,0.9,151,19,2.9,5.0,0.8,156,19,118,28.45,,0,0,0,66.4,67.8,67.1,0.37,0.33,0.38
ADDI,2017-08-21 09:50:00 EDT,42.04036,-77.23726,1665,66.9,66.4,66.9,84.9,62.2,0.000,0.000,0.00,0.000,3.4,5.4,1.0,147,17,3.5,6.7,1.2,143,18,3.4,5.4,1.0,147,17,152,28.45,,0,0,0,66.4,67.8,67.1,0.37,0.33,0.38
ADDI,2017-08-21 09:55:00 EDT,42.04036,-77.23726,1665,66.9,66.4,66.9,84.7,62.1,0.000,0.000,0.00,0.000,4.6,7.2,1.2,157,11,4.9,8.4,1.5,153,12,4.6,7.2,1.2,157,11,147,28.44,,0,0,0,66.5,67.8,67.1,0.37,0.33,0.38
ADDI,2017-08-21 10:00:00 EDT,42.04036,-77.23726,1665,66.7,66.4,66.7,84.5,61.9,0.000,0.000,0.00,0.000,4.3,6.1,0.8,162,12,4.6,7.0,1.1,159,11,4.3,6.1,0.8,162,12,169,28.44,,0,0,0,66.6,67.8,67.1,0.37,0.33,0.38
ADDI,2017-08-21 10:05:00 EDT,42.04036,-77.23726,1665,67.1,66.6,67.1,85.0,62.5,0.000,0.000,0.00,0.000,3.9,6.4,1.1,153,12,4.4,6.7,1.1,149,12,3.9,6.4,1.1,153,12,363,28.44,,0,0,0,66.7,67.8,67.1,0.37,0.33,0.38
ADDI,2017-08-21 10:10:00 EDT,42.04036,-77.23726,1665,68.3,67.5,68.3,82.8,62.9,0.000,0.000,0.00,0.000,4.2,6.5,1.2,158,11,4.4,6.8,1.2,154,12,4.2,6.5,1.2,158,11,528,28.44,,0,0,0,66.7,67.8,67.1,0.37,0.33,0.38
ADDI,2017-08-21 10:15:00 EDT,42.04036,-77.23726,1665,68.2,67.6,68.2,80.6,62.0,0.000,0.000,0.00,0.000,5.4,7.8,1.1,169,14,6.0,8.9,1.2,166,14,5.4,7.8,1.1,169,14,396,28.44,,0,0,0,66.7,67.8,67.1,0.37,0.33,0.38
ADDI,2017-08-21 10:20:00 EDT,42.04036,-77.23726,1665,68.6,68.0,68.6,79.8,62.1,0.000,0.000,0.00,0.000,6.1,8.0,0.9,163,9,6.6,9.4,1.0,160,8,6.1,8.0,0.9,163,9,324,28.44,,0,0,0,66.7,67.8,67.1,0.37,0.33,0.38
ADDI,2017-08-21 10:25:00 EDT,42.04036,-77.23726,1665,70.2,69.1,70.2,80.4,63.9,0.000,0.000,0.00,0.000,5.4,9.1,1.7,156,15,5.8,10.2,1.8,152,15,5.4,9.1,1.7,156,15,610,28.43,,0,0,0,66.7,67.8,67.1,0.37,0.33,0.38
ADDI,2017-08-21 10:30:00 EDT,42.04036,-77.23726,1665,71.4,70.2,71.4,77.5,64.0,0.000,0.000,0.00,0.000,6.0,9.1,1.5,160,12,6.4,9.7,1.7,155,13,6.0,9.1,1.5,160,12,639,28.43,,0,0,0,66.8,67.8,67.1,0.37,0.33,0.38
ADDI,2017-08-21 10:35:00 EDT,42.04036,-77.23726,1665,71.1,70.2,71.1,75.1,62.8,0.000,0.000,0.00,0.000,5.5,8.2,1.1,173,11,6.1,9.3,1.2,170,11,5.5,8.2,1.1,173,11,666,28.43,,0,0,0,66.8,67.8,67.1,0.37,0.33,0.38
ADDI,2017-08-21 10:40:00 EDT,42.04036,-77.23726,1665,71.4,70.4,71.4,75.9,63.4,0.000,0.000,0.00,0.000,6.3,9.9,1.4,162,14,6.9,10.9,1.5,158,14,6.3,9.9,1.4,162,14,650,28.43,,0,0,0,67.1,67.8,67.1,0.37,0.33,0.38
ADDI,2017-08-21 10:45:00 EDT,42.04036,-77.23726,1665,71.8,70.8,71.8,75.2,63.5,0.000,0.000,0.00,0.000,6.2,8.6,1.2,168,14,6.7,10.0,1.3,165,13,6.2,8.6,1.2,168,14,703,28.42,,0,0,0,67.1,67.8,67.1,0.37,0.33,0.38
ADDI,2017-08-21 10:50:00 EDT,42.04036,-77.23726,1665,72.2,71.3,72.2,75.7,64.1,0.000,0.000,0.00,0.000,7.1,11.8,1.5,174,14,7.9,14.0,1.8,172,14,7.1,11.8,1.5,174,14,552,28.42,,0,0,0,67.1,67.8,67.1,0.37,0.33,0.38
ADDI,2017-08-21 10:55:00 EDT,42.04036,-77.23726,1665,72.4,71.7,72.4,72.9,63.2,0.000,0.000,0.00,0.000,7.9,12.3,2.0,184,16,8.7,12.8,2.1,182,15,7.9,12.3,2.0,184,16,524,28.42,,0,0,0,67.1,67.8,67.1,0.37,0.33,0.38
ADDI,2017-08-21 11:00:00 EDT,42.04036,-77.23726,1665,71.7,71.3,71.7,73.6,62.8,0.000,0.000,0.00,0.000,6.2,10.7,1.9,199,14,6.9,11.8,1.9,196,13,6.2,10.7,1.9,199,14,523,28.42,,0,0,0,67.1,67.8,67.1,0.37,0.33,0.38
ADDI,2017-08-21 11:05:00 EDT,42.04036,-77.23726,1665,72.4,71.8,72.4,76.9,64.8,0.000,0.000,0.00,0.000,5.3,8.9,1.3,167,20,5.9,9.8,1.3,163,21,5.3,8.9,1.3,167,20,587,28.42,,0,0,0,67.2,67.8,67.1,0.37,0.33,0.38
ADDI,2017-08-21 11:10:00 EDT,42.04036,-77.23726,1665,73.6,72.6,73.6,75.6,65.4,0.000,0.000,0.00,0.000,4.3,7.8,1.4,178,17,4.9,9.3,1.6,175,16,4.3,7.8,1.4,178,17,686,28.42,,0,0,0,67.4,67.8,67.1,0.37,0.33,0.38
ADDI,2017-08-21 11:15:00 EDT,42.04036,-77.23726,1665,74.0,72.9,74.0,72.2,64.4,0.000,0.000,0.00,0.000,7.7,13.2,2.4,176,14,8.2,13.9,2.8,174,14,7.7,13.2,2.4,176,14,702,28.42,,0,0,0,67.5,67.8,67.1,0.37,0.33,0.38
ADDI,2017-08-21 11:20:00 EDT,42.04036,-77.23726,1665,74.1,73.2,74.1,72.4,64.6,0.000,0.000,0.00,0.000,7.2,10.5,1.4,184,17,7.9,11.9,1.7,181,16,7.2,10.5,1.4,184,17,754,28.42,,0,0,0,67.5,67.8,67.1,0.37,0.33,0.38
ADDI,2017-08-21 11:25:00 EDT,42.04036,-77.23726,1665,74.5,73.7,74.5,70.9,64.4,0.000,0.000,0.00,0.000,8.5,13.1,2.1,181,14,9.3,14.3,2.4,178,12,8.5,13.1,2.1,181,14,667,28.41,,0,0,0,67.5,67.8,67.1,0.37,0.33,0.38
ADDI,2017-08-21 11:30:00 EDT,42.04036,-77.23726,1665,74.7,73.9,74.7,73.0,65.5,0.000,0.000,0.00,0.000,8.0,11.5,1.6,170,13,8.9,12.8,1.8,166,12,8.0,11.5,1.6,170,13,570,28.41,,0,0,0,67.8,67.8,67.1,0.37,0.33,0.38
ADDI,2017-08-21 11:35:00 EDT,42.04036,-77.23726,1665,74.9,74.2,74.9,72.8,65.6,0.000,0.000,0.00,0.000,7.6,12.3,2.5,175,10,8.4,14.0,2.5,171,9,7.6,12.3,2.5,175,10,540,28.41,,0,0,0,67.8,67.8,67.1,0.37,0.33,0.38
ADDI,2017-08-21 11:40:00 EDT,42.04036,-77.23726,1665,75.1,74.1,75.1,73.7,66.1,0.000,0.000,0.00,0.000,8.2,11.3,1.2,166,11,8.8,11.8,1.3,164,10,8.2,11.3,1.2,166,11,675,28.41,,0,0,0,67.8,67.8,67.1,0.37,0.33,0.38
ADDI,2017-08-21 11:45:00 EDT,42.04036,-77.23726,1665,75.8,74.6,75.8,72.9,66.5,0.000,0.000,0.00,0.000,8.0,11.0,1.4,168,12,8.8,12.6,1.4,166,10,8.0,11.0,1.4,168,12,798,28.41,,0,0,0,67.8,67.8,67.1,0.37,0.33,0.38
ADDI,2017-08-21 11:50:00 EDT,42.04036,-77.23726,1665,75.9,74.9,75.9,71.6,66.0,0.000,0.000,0.00,0.000,7.8,11.6,1.5,173,14,8.7,13.8,1.7,171,13,7.8,11.6,1.5,173,14,661,28.41,,0,0,0,67.8,67.8,67.1,0.37,0.33,0.38
ADDI,2017-08-21 11:55:00 EDT,42.04036,-77.23726,1665,76.5,75.5,76.5,70.1,66.0,0.000,0.000,0.00,0.000,6.9,11.3,1.5,186,23,7.7,12.6,1.8,182,22,6.9,11.3,1.5,186,23,842,28.40,,0,0,0,68.2,67.8,67.1,0.37,0.33,0.38
ADDI,2017-08-21 12:00:00 EDT,42.04036,-77.23726,1665,77.3,76.5,77.3,68.9,66.3,0.000,0.000,0.00,0.000,4.6,7.9,1.6,186,23,5.4,9.4,1.8,184,21,4.6,7.9,1.6,186,23,681,28.40,,0,0,0,68.2,67.8,67.1,0.37,0.33,0.38
ADDI,2017-08-21 12:05:00 EDT,42.04036,-77.23726,1665,77.8,77.0,77.8,68.6,66.6,0.000,0.000,0.00,0.000,5.8,9.8,2.0,175,17,6.3,10.9,2.2,171,16,5.8,9.8,2.0,175,17,733,28.41,,0,0,0,68.2,67.8,67.1,0.37,0.33,0.38
ADDI,2017-08-21 12:10:00 EDT,42.04036,-77.23726,1665,77.9,77.2,77.9,66.5,65.8,0.000,0.000,0.00,0.000,6.8,10.1,1.7,184,18,7.4,11.5,2.0,179,15,6.8,10.1,1.7,184,18,698,28.41,,0,0,0,68.5,67.8,67.1,0.37,0.33,0.38
ADDI,2017-08-21 12:15:00 EDT,42.04036,-77.23726,1665,78.1,77.4,78.1,65.6,65.6,0.000,0.000,0.00,0.000,6.8,12.2,2.4,213,26,7.4,12.5,2.5,210,25,6.8,12.2,2.4,213,26,773,28.41,,0,0,0,68.5,67.8,67.0,0.37,0.33,0.38
ADDI,2017-08-21 12:20:00 EDT,42.04036,-77.23726,1665,79.1,78.2,79.1,65.3,66.5,0.000,0.000,0.00,0.000,4.2,10.5,2.8,236,41,5.3,13.1,3.0,236,40,4.2,10.5,2.8,236,41,928,28.41,,0,0,0,68.5,67.8,67.0,0.37,0.33,0.38
ADDI,2017-08-21 12:25:00 EDT,42.04036,-77.23726,1665,79.3,78.3,79.3,63.9,66.0,0.000,0.000,0.00,0.000,5.8,15.0,2.8,237,38,6.8,16.6,3.2,235,38,5.8,15.0,2.8,237,38,886,28.41,,0,0,0,68.5,67.8,67.0,0.37,0.33,0.38
ADDI,2017-08-21 12:30:00 EDT,42.04036,-77.23726,1665,78.8,78.1,78.8,64.1,65.6,0.000,0.000,0.00,0.000,7.8,15.3,3.1,195,23,8.5,16.1,3.4,192,21,7.8,15.3,3.1,195,23,540,28.41,,0,0,0,68.8,67.8,66.9,0.37,0.33,0.38
ADDI,2017-08-21 12:35:00 EDT,42.04036,-77.23726,1665,78.0,77.7,78.0,65.1,65.3,0.000,0.000,0.00,0.000,4.4,7.7,1.9,235,19,4.6,7.8,1.8,234,20,4.4,7.7,1.9,235,19,443,28.41,,0,0,0,68.9,67.8,66.9,0.37,0.33,0.38
ADDI,2017-08-21 12:40:00 EDT,42.04036,-77.23726,1665,78.3,77.8,78.3,66.4,66.2,0.000,0.000,0.00,0.000,5.2,11.7,2.7,206,28,5.9,12.9,2.8,201,29,5.2,11.7,2.7,206,28,483,28.41,,0,0,0,68.9,67.8,66.9,0.37,0.33,0.38
ADDI,2017-08-21 12:45:00 EDT,42.04036,-77.23726,1665,78.3,77.9,78.3,65.9,65.9,0.000,0.000,0.00,0.000,5.4,9.8,1.8,216,34,5.9,10.2,1.9,214,33,5.4,9.8,1.8,216,34,532,28.41,,0,0,0,69.2,67.7,66.9,0.37,0.33,0.38
ADDI,2017-08-21 12:50:00 EDT,42.04036,-77.23726,1665,78.5,78.0,78.5,65.8,66.1,0.000,0.000,0.00,0.000,6.0,12.9,3.2,194,23,6.7,15.8,3.3,191,24,6.0,12.9,3.2,194,23,645,28.40,,0,0,0,69.3,67.7,66.8,0.37,0.33,0.38
ADDI,2017-08-21 12:55:00 EDT,42.04036,-77.23726,1665,78.5,78.0,78.5,65.1,65.9,0.000,0.000,0.00,0.000,4.6,9.1,1.6,212,24,5.2,9.9,1.8,208,23,4.6,9.1,1.6,212,24,591,28.40,,0,0,0,69.3,67.7,66.8,0.37,0.33,0.38
ADDI,2017-08-21 13:00:00 EDT,42.04036,-77.23726,1665,78.8,78.1,78.8,66.1,66.5,0.000,0.000,0.00,0.000,5.9,9.7,2.1,185,20,6.5,11.0,2.1,180,18,5.9,9.7,2.1,185,20,730,28.40,,0,0,0,69.4,67.7,66.8,0.37,0.33,0.38
ADDI,2017-08-21 13:05:00 EDT,42.04036,-77.23726,1665,79.2,78.5,79.2,64.4,66.1,0.000,0.000,0.00,0.000,6.7,10.6,2.0,196,16,7.3,11.6,2.2,192,15,6.7,10.6,2.0,196,16,780,28.40,,0,0,0,69.6,67.7,66.8,0.37,0.33,0.38
ADDI,2017-08-21 13:10:00 EDT,42.04036,-77.23726,1665,79.1,78.6,79.1,64.1,65.9,0.000,0.000,0.00,0.000,5.7,9.1,1.3,204,19,6.1,10.5,1.6,200,17,5.7,9.1,1.3,204,19,772,28.40,,0,0,0,69.6,67.6,66.8,0.37,0.33,0.38
ADDI,2017-08-21 13:15:00 EDT,42.04036,-77.23726,1665,79.7,78.9,79.7,65.1,66.9,0.000,0.000,0.00,0.000,6.7,11.8,2.3,191,28,7.4,13.3,2.7,188,28,6.7,11.8,2.3,191,28,769,28.40,,0,0,0,69.6,67.6,66.8,0.37,0.33,0.38
ADDI,2017-08-21 13:20:00 EDT,42.04036,-77.23726,1665,80.0,79.2,82.4,64.6,67.0,0.000,0.000,0.00,0.000,5.4,10.4,1.4,205,23,6.1,11.9,1.6,202,23,5.4,10.4,1.4,205,23,779,28.39,,0,0,0,69.9,67.6,66.8,0.37,0.33,0.38
ADDI,2017-08-21 13:25:00 EDT,42.04036,-77.23726,1665,79.8,79.2,79.8,64.3,66.7,0.000,0.000,0.00,0.000,6.3,11.3,1.8,187,21,7.1,12.6,1.9,184,20,6.3,11.3,1.8,187,21,770,28.39,,0,0,0,70.0,67.6,66.8,0.37,0.33,0.38
ADDI,2017-08-21 13:30:00 EDT,42.04036,-77.23726,1665,80.2,79.4,82.6,63.8,66.9,0.000,0.000,0.00,0.000,7.1,12.3,2.4,185,19,7.8,14.1,2.7,181,19,7.1,12.3,2.4,185,19,750,28.39,,0,0,0,70.0,67.6,66.8,0.37,0.33,0.38
ADDI,2017-08-21 13:35:00 EDT,42.04036,-77.23726,1665,80.2,79.5,82.6,64.4,67.1,0.000,0.000,0.00,0.000,7.5,12.3,2.0,179,13,8.2,14.1,2.2,175,10,7.5,12.3,2.0,179,13,717,28.39,,0,0,0,70.0,67.5,66.8,0.36,0.33,0.38
ADDI,2017-08-21 13:40:00 EDT,42.04036,-77.23726,1665,80.5,79.7,82.9,63.8,67.1,0.000,0.000,0.00,0.000,7.2,11.7,1.7,178,22,7.8,12.9,1.9,175,21,7.2,11.7,1.7,178,22,686,28.39,,0,0,0,70.3,67.6,66.8,0.37,0.33,0.38
ADDI,2017-08-21 13:45:00 EDT,42.04036,-77.23726,1665,80.6,80.1,83.0,62.8,66.8,0.000,0.000,0.00,0.000,5.1,8.6,1.8,210,38,6.0,10.9,2.1,210,39,5.1,8.6,1.8,210,38,641,28.39,,0,0,0,70.3,67.5,66.8,0.37,0.33,0.38
ADDI,2017-08-21 13:50:00 EDT,42.04036,-77.23726,1665,80.8,80.3,83.1,61.8,66.5,0.000,0.000,0.00,0.000,5.8,11.1,2.1,208,22,6.4,12.2,2.1,205,23,5.8,11.1,2.1,208,22,605,28.39,,0,0,0,70.4,67.6,66.8,0.37,0.33,0.38
ADDI,2017-08-21 13:55:00 EDT,42.04036,-77.23726,1665,80.5,80.1,82.8,62.4,66.5,0.000,0.000,0.00,0.000,4.1,7.7,1.5,224,25,4.8,10.2,1.6,224,24,4.1,7.7,1.5,224,25,547,28.39,,0,0,0,70.7,67.6,66.8,0.37,0.33,0.38
ADDI,2017-08-21 14:00:00 EDT,42.04036,-77.23726,1665,80.7,80.2,82.8,61.2,66.1,0.000,0.000,0.00,0.000,3.8,9.4,2.7,237,35,4.7,9.7,2.6,238,39,3.8,9.4,2.7,237,35,511,28.39,,0,0,0,70.7,67.6,66.8,0.37,0.33,0.38
ADDI,2017-08-21 14:05:00 EDT,42.04036,-77.23726,1665,80.3,80.1,82.4,61.2,65.7,0.000,0.000,0.00,0.000,4.4,8.6,1.5,230,34,4.8,8.2,1.6,227,35,4.4,8.6,1.5,230,34,468,28.39,,0,0,0,70.7,67.6,66.7,0.37,0.33,0.38
ADDI,2017-08-21 14:10:00 EDT,42.04036,-77.23726,1665,80.3,80.1,82.6,63.3,66.8,0.000,0.000,0.00,0.000,3.4,6.5,1.4,191,16,3.9,7.4,1.4,187,15,3.4,6.5,1.4,191,16,251,28.38,,0,0,0,70.7,67.6,66.8,0.36,0.33,0.38
ADDI,2017-08-21 14:15:00 EDT,42.04036,-77.23726,1665,79.6,79.6,79.6,62.7,65.7,0.000,0.000,0.00,0.000,5.3,9.9,1.6,203,18,5.8,11.6,1.9,198,19,5.3,9.9,1.6,203,18,90,28.38,,0,0,0,71.0,67.7,66.8,0.36,0.33,0.38
ADDI,2017-08-21 14:20:00 EDT,42.04036,-77.23726,1665,79.0,79.2,79.0,63.6,65.6,0.000,0.000,0.00,0.000,4.0,6.4,1.1,206,17,4.4,9.4,1.5,204,16,4.0,6.4,1.1,206,17,45,28.38,,0,0,0,71.1,67.6,66.8,0.36,0.33,0.38
ADDI,2017-08-21 14:25:00 EDT,42.04036,-77.23726,1665,78.7,78.8,78.7,64.3,65.6,0.000,0.000,0.00,0.000,2.9,5.6,0.9,212,22,3.1,7.2,1.0,211,21,2.9,5.6,0.9,212,22,28,28.38,,0,0,0,71.1,67.6,66.7,0.36,0.33,0.38
ADDI,2017-08-21 14:30:00 EDT,42.04036,-77.23726,1665,78.0,78.4,78.0,66.8,66.0,0.000,0.000,0.00,0.000,3.0,4.5,0.8,185,16,3.4,5.1,0.9,183,15,3.0,4.5,0.8,185,16,23,28.38,,0,0,0,71.1,67.7,66.7,0.36,0.33,0.38
ADDI,2017-08-21 14:35:00 EDT,42.04036,-77.23726,1665,76.8,77.4,76.8,70.8,66.6,0.036,0.036,0.83,0.036,6.9,14.0,3.1,186,11,7.7,15.3,3.5,183,9,6.9,14.0,3.1,186,11,19,28.38,,0,0,0,71.1,67.7,66.8,0.36,0.33,0.38
ADDI,2017-08-21 14:40:00 EDT,42.04036,-77.23726,1665,73.2,74.1,73.2,80.9,67.0,0.009,0.045,0.28,0.045,6.6,13.4,2.7,180,14,7.0,14.5,3.1,177,14,6.6,13.4,2.7,180,14,19,28.38,,0,0,0,71.3,67.8,66.8,0.36,0.32,0.38
ADDI,2017-08-21 14:45:00 EDT,42.04036,-77.23726,1665,71.6,72.7,71.6,89.4,68.3,0.000,0.045,0.00,0.045,1.8,3.1,0.6,178,39,1.9,3.8,0.5,174,38,1.8,3.1,0.6,178,39,21,28.38,,0,0,0,71.3,67.8,66.8,0.36,0.33,0.38
ADDI,2017-08-21 14:50:00 EDT,42.04036,-77.23726,1665,71.3,71.6,71.3,93.2,69.3,0.000,0.045,0.00,0.045,2.5,6.1,0.9,207,27,2.6,7.1,1.1,203,27,2.5,6.1,0.9,207,27,41,28.37,,0,0,0,71.4,67.8,66.7,0.36,0.33,0.38
ADDI,2017-08-21 14:55:00 EDT,42.04036,-77.23726,1665,71.4,72.1,71.4,94.1,69.6,0.000,0.045,0.00,0.045,3.9,6.0,0.9,184,27,4.2,6.9,1.1,182,26,3.9,6.0,0.9,184,27,45,28.37,,0,0,0,71.4,67.8,66.8,0.36,0.33,0.38
ADDI,2017-08-21 15:00:00 EDT,42.04036,-77.23726,1665,71.6,71.9,71.6,92.6,69.3,0.000,0.045,0.00,0.045,2.9,4.2,0.6,161,13,3.1,4.7,0.7,157,15,2.9,4.2,0.6,161,13,43,28.37,,0,0,0,71.3,67.8,66.7,0.36,0.33,0.38
ADDI,2017-08-21 15:05:00 EDT,42.04036,-77.23726,1665,71.5,71.5,71.5,91.3,68.9,0.000,0.045,0.00,0.045,3.3,4.5,0.6,181,11,3.6,5.4,0.7,179,11,3.3,4.5,0.6,181,11,177,28.37,,0,0,0,71.3,67.8,66.7,0.36,0.33,0.38
ADDI,2017-08-21 15:10:00 EDT,42.04036,-77.23726,1665,72.3,72.2,72.3,92.1,69.9,0.000,0.045,0.00,0.045,2.2,4.0,0.8,188,17,2.4,4.2,0.7,186,18,2.2,4.0,0.8,188,17,284,28.37,,0,0,0,71.2,67.8,66.7,0.36,0.33,0.38
ADDI,2017-08-21 15:15:00 EDT,42.04036,-77.23726,1665,72.8,73.0,72.8,91.0,70.0,0.000,0.045,0.00,0.045,2.8,4.0,0.8,168,17,3.2,4.9,0.8,165,18,2.8,4.0,0.8,168,17,244,28.37,,0,0,0,71.1,67.8,66.7,0.36,0.33,0.38
ADDI,2017-08-21 15:20:00 EDT,42.04036,-77.23726,1665,73.7,73.2,73.7,87.8,69.8,0.000,0.045,0.00,0.045,4.0,5.6,0.7,161,8,4.4,6.1,0.8,158,8,4.0,5.6,0.7,161,8,343,28.37,,0,0,0,71.1,67.8,66.7,0.36,0.33,0.38
ADDI,2017-08-21 15:25:00 EDT,42.04036,-77.23726,1665,73.7,73.4,73.7,83.7,68.5,0.000,0.045,0.00,0.045,4.1,5.9,1.0,162,10,4.4,6.7,1.2,159,9,4.1,5.9,1.0,162,10,251,28.37,,0,0,0,71.1,67.8,66.7,0.36,0.33,0.38
ADDI,2017-08-21 15:30:00 EDT,42.04036,-77.23726,1665,74.3,73.9,74.3,83.3,68.9,0.000,0.045,0.00,0.045,2.3,3.5,0.7,167,19,2.7,4.2,0.6,165,19,2.3,3.5,0.7,167,19,359,28.37,,0,0,0,71.1,67.8,66.7,0.36,0.32,0.38
ADDI,2017-08-21 15:35:00 EDT,42.04036,-77.23726,1665,74.7,74.4,74.7,81.7,68.8,0.000,0.045,0.00,0.009,1.3,2.3,0.7,173,16,1.9,3.1,0.6,169,17,1.3,2.3,0.7,173,16,379,28.37,,0,0,0,71.1,67.8,66.7,0.36,0.33,0.38
ADDI,2017-08-21 15:40:00 EDT,42.04036,-77.23726,1665,75.3,74.6,75.3,80.6,68.9,0.000,0.045,0.00,0.000,2.4,3.4,0.5,129,19,2.5,4.2,0.7,124,19,2.4,3.4,0.5,129,19,326,28.37,,0,0,0,71.2,67.8,66.7,0.36,0.33,0.38
ADDI,2017-08-21 15:45:00 EDT,42.04036,-77.23726,1665,75.4,74.7,75.4,79.9,68.7,0.000,0.045,0.00,0.000,1.3,4.0,1.1,140,14,1.6,4.9,0.9,131,23,1.3,4.0,1.1,140,14,439,28.37,,0,0,0,71.1,67.8,66.7,0.36,0.33,0.38
ADDI,2017-08-21 15:50:00 EDT,42.04036,-77.23726,1665,75.9,75.4,75.9,79.2,69.0,0.000,0.045,0.00,0.000,2.0,3.7,0.9,178,25,2.3,4.2,1.0,177,28,2.0,3.7,0.9,178,25,612,28.37,,0,0,0,71.2,67.8,66.7,0.36,0.33,0.38
ADDI,2017-08-21 15:55:00 EDT,42.04036,-77.23726,1665,77.1,76.4,77.1,77.8,69.7,0.000,0.045,0.00,0.000,3.2,4.8,0.6,148,16,3.3,5.1,0.7,144,16,3.2,4.8,0.6,148,16,571,28.37,,0,0,0,71.4,67.8,66.7,0.36,0.33,0.38
ADDI,2017-08-21 16:00:00 EDT,42.04036,-77.23726,1665,77.8,77.1,77.8,78.8,70.7,0.000,0.045,0.00,0.000,2.9,5.1,0.9,142,12,3.0,5.5,0.9,137,12,2.9,5.1,0.9,142,12,311,28.37,,0,0,0,71.4,67.8,66.7,0.36,0.33,0.38
ADDI,2017-08-21 16:05:00 EDT,42.04036,-77.23726,1665,78.2,77.3,78.2,78.8,71.0,0.000,0.045,0.00,0.000,3.6,5.0,0.5,136,8,3.5,4.9,0.6,131,6,3.6,5.0,0.5,136,8,288,28.37,,0,0,0,71.4,67.8,66.7,0.36,0.33,0.38
ADDI,2017-08-21 16:10:00 EDT,42.04036,-77.23726,1665,78.1,77.5,78.1,77.4,70.5,0.000,0.045,0.00,0.000,4.3,5.8,0.6,135,14,4.5,6.0,0.6,131,13,4.3,5.8,0.6,135,14,257,28.37,,0,0,0,71.4,67.8,66.7,0.36,0.33,0.38
ADDI,2017-08-21 16:15:00 EDT,42.04036,-77.23726,1665,78.4,77.9,78.4,79.4,71.5,0.000,0.045,0.00,0.000,2.7,6.4,1.2,166,25,2.9,7.8,1.3,165,28,2.7,6.4,1.2,166,25,488,28.36,,0,0,0,71.4,67.8,66.7,0.36,0.32,0.38
ADDI,2017-08-21 16:20:00 EDT,42.04036,-77.23726,1665,80.6,80.1,83.3,65.8,68.1,0.000,0.045,0.00,0.000,4.4,7.6,1.4,196,21,5.1,9.7,1.6,194,20,4.4,7.6,1.4,196,21,430,28.36,,0,0,0,71.4,67.8,66.7,0.36,0.33,0.38
ADDI,2017-08-21 16:25:00 EDT,42.04036,-77.23726,1665,80.5,80.3,82.2,57.6,64.2,0.000,0.045,0.00,0.000,5.9,9.6,1.4,226,17,6.3,10.5,1.5,223,16,5.9,9.6,1.4,226,17,627,28.36,,0,0,0,71.4,67.8,66.7,0.36,0.33,0.38
ADDI,2017-08-21 16:30:00 EDT,42.04036,-77.23726,1665,81.1,80.9,82.7,56.8,64.3,0.000,0.045,0.00,0.000,5.8,10.7,2.0,203,26,6.4,12.4,2.3,200,26,5.8,10.7,2.0,203,26,580,28.36,,0,0,0,71.4,67.8,66.7,0.36,0.33,0.38
ADDI,2017-08-21 16:35:00 EDT,42.04036,-77.23726,1665,81.5,81.2,83.1,56.0,64.3,0.000,0.045,0.00,0.000,5.0,9.1,2.1,220,19,5.4,10.5,2.2,219,21,5.0,9.1,2.1,220,19,592,28.36,,0,0,0,71.4,67.8,66.7,0.36,0.33,0.38
ADDI,2017-08-21 16:40:00 EDT,42.04036,-77.23726,1665,81.0,80.9,82.2,53.8,62.7,0.000,0.045,0.00,0.000,4.4,9.4,1.8,227,25,4.8,9.9,1.8,225,24,4.4,9.4,1.8,227,25,254,28.36,,0,0,0,71.4,67.8,66.7,0.37,0.33,0.38
ADDI,2017-08-21 16:45:00 EDT,42.04036,-77.23726,1665,81.0,80.7,82.5,55.8,63.8,0.000,0.045,0.00,0.000,2.5,5.2,1.1,233,32,3.0,5.9,1.2,233,34,2.5,5.2,1.1,233,32,545,28.36,,0,0,0,71.4,67.8,66.7,0.37,0.33,0.38
ADDI,2017-08-21 16:50:00 EDT,42.04036,-77.23726,1665,81.5,81.1,83.2,56.3,64.5,0.000,0.045,0.00,0.000,3.0,8.5,2.0,250,32,3.5,10.9,2.0,251,34,3.0,8.5,2.0,250,32,455,28.35,,0,0,0,71.4,67.8,66.7,0.37,0.33,0.38
ADDI,2017-08-21 16:55:00 EDT,42.04036,-77.23726,1665,81.1,80.5,83.2,60.1,65.9,0.000,0.045,0.00,0.000,3.9,6.3,1.3,313,44,4.5,7.7,1.5,309,43,3.9,6.3,1.3,313,44,336,28.35,,0,0,0,71.5,67.8,66.7,0.37,0.33,0.38
ADDI,2017-08-21 17:00:00 EDT,42.04036,-77.23726,1665,79.6,79.7,79.6,64.7,66.7,0.000,0.045,0.00,0.000,2.9,9.4,3.2,215,30,3.5,12.1,3.4,216,39,2.9,9.4,3.2,215,30,288,28.36,,0,0,0,71.8,67.8,66.7,0.37,0.33,0.38
ADDI,2017-08-21 17:05:00 EDT,42.04036,-77.23726,1665,80.0,79.5,80.0,63.7,66.5,0.000,0.045,0.00,0.000,5.4,11.8,2.2,218,23,6.2,14.1,2.5,214,24,5.4,11.8,2.2,218,23,568,28.36,,0,0,0,71.8,67.8,66.7,0.37,0.33,0.38
ADDI,2017-08-21 17:10:00 EDT,42.04036,-77.23726,1665,79.9,79.4,79.9,65.4,67.2,0.000,0.045,0.00,0.000,5.1,7.9,1.2,187,16,5.6,8.5,1.3,184,13,5.1,7.9,1.2,187,16,482,28.35,,0,0,0,71.8,67.8,66.7,0.37,0.33,0.38
ADDI,2017-08-21 17:15:00 EDT,42.04036,-77.23726,1665,79.5,79.1,79.5,64.6,66.5,0.000,0.045,0.00,0.000,6.8,11.2,1.9,197,17,7.6,12.8,2.3,194,16,6.8,11.2,1.9,197,17,366,28.35,,0,0,0,71.8,67.8,66.7,0.37,0.33,0.38
ADDI,2017-08-21 17:20:00 EDT,42.04036,-77.23726,1665,78.3,78.2,78.3,66.5,66.3,0.000,0.045,0.00,0.000,5.4,10.1,1.9,201,24,6.2,11.5,2.1,198,24,5.4,10.1,1.9,201,24,259,28.35,,0,0,0,71.8,67.8,66.7,0.37,0.33,0.38
ADDI,2017-08-21 17:25:00 EDT,42.04036,-77.23726,1665,78.7,78.3,78.7,66.5,66.6,0.000,0.045,0.00,0.000,6.5,10.8,2.2,205,17,7.3,14.6,2.7,200,16,6.5,10.8,2.2,205,17,422,28.35,,0,0,0,71.8,67.8,66.7,0.37,0.33,0.38
ADDI,2017-08-21 17:30:00 EDT,42.04036,-77.23726,1665,78.8,78.5,78.8,66.5,66.8,0.000,0.045,0.00,0.000,6.4,13.2,1.8,190,15,7.0,15.8,2.0,186,14,6.4,13.2,1.8,190,15,392,28.35,,0,0,0,71.8,67.8,66.7,0.37,0.33,0.38
ADDI,2017-08-21 17:35:00 EDT,42.04036,-77.23726,1665,78.8,78.6,78.8,66.7,66.7,0.000,0.045,0.00,0.000,4.3,8.8,2.0,209,19,4.8,10.8,2.0,207,21,4.3,8.8,2.0,209,19,147,28.35,,0,0,0,71.8,67.8,66.7,0.37,0.33,0.38
ADDI,2017-08-21 17:40:00 EDT,42.04036,-77.23726,1665,77.9,77.9,77.9,67.6,66.3,0.000,0.045,0.00,0.000,4.3,8.2,1.4,196,19,4.9,7.9,1.5,191,19,4.3,8.2,1.4,196,19,113,28.35,,0,0,0,71.8,67.8,66.7,0.37,0.33,0.38
ADDI,2017-08-21 17:45:00 EDT,42.04036,-77.23726,1665,77.8,77.8,77.8,68.2,66.4,0.000,0.045,0.00,0.000,4.4,8.2,1.5,200,22,4.7,8.9,1.6,201,19,4.4,8.2,1.5,200,22,210,28.35,,0,0,0,71.8,67.8,66.7,0.37,0.33,0.38
ADDI,2017-08-21 17:50:00 EDT,42.04036,-77.23726,1665,78.2,78.0,78.2,68.4,66.9,0.000,0.045,0.00,0.000,4.1,7.0,0.9,180,17,4.7,7.6,1.2,179,15,4.1,7.0,0.9,180,17,227,28.35,,0,0,0,71.8,67.8,66.7,0.37,0.33,0.38
ADDI,2017-08-21 17:55:00 EDT,42.04036,-77.23726,1665,77.6,77.6,77.6,70.1,67.1,0.000,0.045,0.00,0.000,5.1,7.7,1.0,175,15,5.6,9.0,1.4,173,14,5.1,7.7,1.0,175,15,148,28.35,,0,0,0,71.9,67.8,66.7,0.37,0.33,0.38
ADDI,2017-08-21 18:00:00 EDT,42.04036,-77.23726,1665,77.4,77.3,77.4,72.2,67.7,0.000,0.045,0.00,0.000,5.2,6.9,0.7,166,10,5.8,8.2,0.9,164,9,5.2,6.9,0.7,166,10,209,28.35,,0,0,0,71.8,67.8,66.7,0.37,0.33,0.38
ADDI,2017-08-21 18:05:00 EDT,42.04036,-77.23726,1665,77.8,77.3,77.8,73.2,68.5,0.000,0.045,0.00,0.000,4.6,6.0,0.6,164,10,5.0,7.1,0.9,161,10,4.6,6.0,0.6,164,10,317,28.36,,0,0,0,71.8,67.8,66.7,0.37,0.33,0.38
ADDI,2017-08-21 18:10:00 EDT,42.04036,-77.23726,1665,78.8,78.2,78.8,71.6,68.8,0.000,0.045,0.00,0.000,5.0,7.9,1.0,168,9,5.5,8.1,1.1,164,8,5.0,7.9,1.0,168,9,318,28.35,,0,0,0,71.8,67.8,66.7,0.37,0.33,0.38
ADDI,2017-08-21 18:15:00 EDT,42.04036,-77.23726,1665,78.5,78.5,78.5,69.0,67.5,0.000,0.045,0.00,0.000,5.2,9.4,1.2,179,13,5.9,11.2,1.6,177,12,5.2,9.4,1.2,179,13,116,28.35,,0,0,0,71.8,67.8,66.7,0.37,0.33,0.38
ADDI,2017-08-21 18:20:00 EDT,42.04036,-77.23726,1665,77.8,78.1,77.8,71.6,67.9,0.000,0.045,0.00,0.000,5.8,7.6,0.9,174,8,6.2,8.9,1.1,170,7,5.8,7.6,0.9,174,8,90,28.35,,0,0,0,71.8,67.8,66.7,0.37,0.33,0.38
ADDI,2017-08-21 18:25:00 EDT,42.04036,-77.23726,1665,77.0,77.5,77.0,74.1,68.1,0.000,0.045,0.00,0.000,5.6,7.3,0.7,169,8,6.2,8.8,0.8,166,7,5.6,7.3,0.7,169,8,72,28.35,,0,0,0,71.8,67.8,66.7,0.37,0.33,0.38
ADDI,2017-08-21 18:30:00 EDT,42.04036,-77.23726,1665,76.7,77.1,76.7,75.0,68.2,0.000,0.045,0.00,0.000,5.3,7.2,0.9,171,8,5.8,8.0,1.0,167,7,5.3,7.2,0.9,171,8,135,28.35,,0,0,0,71.8,67.9,66.7,0.37,0.33,0.38
ADDI,2017-08-21 18:35:00 EDT,42.04036,-77.23726,1665,77.7,77.7,77.7,74.3,68.8,0.000,0.045,0.00,0.000,5.6,8.1,1.0,167,9,6.1,9.8,1.2,165,7,5.6,8.1,1.0,167,9,205,28.35,,0,0,0,71.8,68.1,66.7,0.37,0.33,0.38
ADDI,2017-08-21 18:40:00 EDT,42.04036,-77.23726,1665,78.2,78.2,78.2,71.8,68.3,0.000,0.045,0.00,0.000,5.1,7.0,1.1,172,12,5.6,8.1,1.2,170,11,5.1,7.0,1.1,172,12,127,28.35,,0,0,0,71.8,68.2,66.7,0.37,0.33,0.38
ADDI,2017-08-21 18:45:00 EDT,42.04036,-77.23726,1665,77.7,78.0,77.7,71.0,67.5,0.000,0.045,0.00,0.000,4.5,7.5,1.2,179,14,4.8,9.2,1.5,176,14,4.5,7.5,1.2,179,14,70,28.35,,0,0,0,71.8,68.2,66.7,0.37,0.33,0.38
ADDI,2017-08-21 18:50:00 EDT,42.04036,-77.23726,1665,77.4,77.6,77.4,71.1,67.3,0.000,0.045,0.00,0.000,3.8,5.3,0.8,185,13,4.3,6.4,0.9,181,14,3.8,5.3,0.8,185,13,52,28.35,,0,0,0,71.8,68.2,66.7,0.37,0.33,0.38
ADDI,2017-08-21 18:55:00 EDT,42.04036,-77.23726,1665,77.1,77.4,77.1,71.0,67.0,0.000,0.045,0.00,0.000,3.9,6.6,0.8,180,12,4.3,7.4,1.1,178,10,3.9,6.6,0.8,180,12,70,28.35,,0,0,0,71.8,68.2,66.7,0.37,0.33,0.38
ADDI,2017-08-21 19:00:00 EDT,42.04036,-77.23726,1665,77.0,77.3,77.0,71.0,66.9,0.000,0.045,0.00,0.000,3.7,6.7,1.0,184,17,4.1,7.8,1.1,182,16,3.7,6.7,1.0,184,17,100,28.35,,0,0,0,71.8,68.2,66.7,0.37,0.33,0.38
ADDI,2017-08-21 19:05:00 EDT,42.04036,-77.23726,1665,77.3,77.4,77.3,70.5,67.0,0.000,0.045,0.00,0.000,3.5,5.6,0.9,187,16,3.8,6.3,1.0,186,15,3.5,5.6,0.9,187,16,114,28.35,,0,0,0,71.8,68.2,66.7,0.37,0.33,0.38
ADDI,2017-08-21 19:10:00 EDT,42.04036,-77.23726,1665,77.2,77.2,77.2,70.9,67.0,0.000,0.045,0.00,0.000,2.3,4.2,0.8,189,17,2.7,4.8,0.9,188,17,2.3,4.2,0.8,189,17,99,28.35,,0,0,0,71.8,68.2,66.7,0.37,0.33,0.38
ADDI,2017-08-21 19:15:00 EDT,42.04036,-77.23726,1665,76.6,76.9,76.6,72.7,67.2,0.000,0.045,0.00,0.000,2.8,5.0,0.7,189,15,3.2,5.6,0.8,186,13,2.8,5.0,0.7,189,15,81,28.35,,0,0,0,71.8,68.2,66.7,0.37,0.33,0.38
ADDI,2017-08-21 19:20:00 EDT,42.04036,-77.23726,1665,76.4,76.8,76.4,73.4,67.3,0.000,0.045,0.00,0.000,3.2,5.4,0.8,183,13,3.5,6.9,1.0,180,12,3.2,5.4,0.8,183,13,64,28.35,,0,0,0,71.8,68.2,66.7,0.37,0.33,0.38
ADDI,2017-08-21 19:25:00 EDT,42.04036,-77.23726,1665,75.4,76.5,75.4,76.1,67.3,0.000,0.045,0.00,0.000,3.0,4.8,0.6,185,11,3.2,5.3,0.7,182,10,3.0,4.8,0.6,185,11,48,28.35,,0,0,0,71.8,68.2,66.7,0.37,0.33,0.38
ADDI,2017-08-21 19:30:00 EDT,42.04036,-77.23726,1665,74.1,76.3,74.1,80.5,67.7,0.000,0.045,0.00,0.000,2.5,4.2,0.6,190,11,2.9,5.3,0.8,186,11,2.5,4.2,0.6,190,11,25,28.35,,0,0,0,71.8,68.2,66.7,0.37,0.33,0.38
ADDI,2017-08-21 19:35:00 EDT,42.04036,-77.23726,1665,72.6,75.8,72.6,84.7,67.8,0.000,0.045,0.00,0.000,2.0,3.1,0.5,187,11,2.3,4.0,0.6,184,11,2.0,3.1,0.5,187,11,15,28.35,,0,0,0,71.8,68.2,66.7,0.37,0.33,0.38
ADDI,2017-08-21 19:40:00 EDT,42.04036,-77.23726,1665,71.8,75.1,71.8,86.7,67.7,0.000,0.045,0.00,0.000,2.5,3.9,0.5,184,7,2.7,4.6,0.6,181,7,2.5,3.9,0.5,184,7,10,28.35,,0,0,0,71.8,68.2,66.7,0.37,0.33,0.38
ADDI,2017-08-21 19:45:00 EDT,42.04036,-77.23726,1665,71.3,74.5,71.3,88.9,67.9,0.000,0.045,0.00,0.000,2.7,3.9,0.5,182,8,2.9,4.4,0.5,179,9,2.7,3.9,0.5,182,8,8,28.35,,0,0,0,71.8,68.2,66.7,0.37,0.33,0.38
ADDI,2017-08-21 19:50:00 EDT,42.04036,-77.23726,1665,71.4,74.8,71.4,87.7,67.5,0.000,0.045,0.00,0.000,3.0,5.0,0.8,181,7,3.3,5.4,0.8,178,8,3.0,5.0,0.8,181,7,5,28.35,,0,0,0,71.6,68.2,66.7,0.37,0.33,0.38
ADDI,2017-08-21 19:55:00 EDT,42.04036,-77.23726,1665,71.2,74.7,71.2,88.3,67.6,0.000,0.045,0.00,0.000,3.2,5.0,0.6,181,7,3.4,6.0,0.7,177,7,3.2,5.0,0.6,181,7,4,28.35,,0,0,0,71.5,68.2,66.7,0.37,0.33,0.38
ADDI,2017-08-21 20:00:00 EDT,42.04036,-77.23726,1665,70.7,74.5,70.7,89.4,67.4,0.000,0.045,0.00,0.000,3.2,4.2,0.5,182,9,3.4,4.9,0.5,179,9,3.2,4.2,0.5,182,9,2,28.35,,0,0,0,71.4,68.2,66.7,0.36,0.33,0.38
ADDI,2017-08-21 20:05:00 EDT,42.04036,-77.23726,1665,71.7,75.0,71.7,86.3,67.4,0.000,0.045,0.00,0.000,3.8,5.7,0.7,180,9,4.3,8.0,0.9,179,9,3.8,5.7,0.7,180,9,2,28.35,,0,0,0,71.4,68.2,66.7,0.37,0.33,0.38
ADDI,2017-08-21 20:10:00 EDT,42.04036,-77.23726,1665,73.2,75.1,73.2,83.0,67.7,0.000,0.045,0.00,0.000,4.0,6.1,0.8,183,10,4.4,7.5,1.0,181,10,4.0,6.1,0.8,183,10,1,28.35,,0,0,0,71.4,68.2,66.7,0.36,0.33,0.38
ADDI,2017-08-21 20:15:00 EDT,42.04036,-77.23726,1665,72.7,74.8,72.7,81.9,66.9,0.000,0.045,0.00,0.000,3.2,4.8,0.5,187,12,3.4,5.3,0.6,183,14,3.2,4.8,0.5,187,12,0,28.35,,0,0,0,71.4,68.2,66.7,0.37,0.33,0.38
ADDI,2017-08-21 20:20:00 EDT,42.04036,-77.23726,1665,72.5,74.6,72.5,82.0,66.7,0.000,0.045,0.00,0.000,3.1,4.9,0.6,182,13,3.4,5.8,0.7,179,12,3.1,4.9,0.6,182,13,0,28.35,,0,0,0,71.4,68.2,66.7,0.36,0.33,0.38
ADDI,2017-08-21 20:25:00 EDT,42.04036,-77.23726,1665,71.6,74.3,71.6,83.0,66.1,0.000,0.045,0.00,0.000,3.2,4.5,0.5,182,11,3.5,5.5,0.6,179,11,3.2,4.5,0.5,182,11,0,28.35,,0,0,0,71.4,68.2,66.7,0.37,0.33,0.38
ADDI,2017-08-21 20:30:00 EDT,42.04036,-77.23726,1665,70.7,74.3,70.7,84.3,65.8,0.000,0.045,0.00,0.000,2.9,4.6,0.6,178,11,3.2,5.3,0.7,176,10,2.9,4.6,0.6,178,11,0,28.35,,0,0,0,71.4,68.2,66.7,0.36,0.33,0.38
ADDI,2017-08-21 20:35:00 EDT,42.04036,-77.23726,1665,69.8,73.1,69.8,87.3,65.9,0.000,0.045,0.00,0.000,2.4,3.2,0.3,176,5,2.7,3.5,0.4,172,7,2.4,3.2,0.3,176,5,0,28.35,,0,0,0,71.4,68.2,66.7,0.36,0.33,0.38
ADDI,2017-08-21 20:40:00 EDT,42.04036,-77.23726,1665,69.3,73.4,69.3,88.9,65.9,0.000,0.045,0.00,0.000,2.8,3.9,0.3,177,7,3.0,4.5,0.4,174,7,2.8,3.9,0.3,177,7,0,28.36,,0,0,0,71.4,68.2,66.7,0.36,0.33,0.38
ADDI,2017-08-21 20:45:00 EDT,42.04036,-77.23726,1665,69.6,73.9,69.6,88.0,65.9,0.000,0.045,0.00,0.000,3.5,6.2,0.7,174,13,3.8,7.6,0.9,169,12,3.5,6.2,0.7,174,13,0,28.36,,0,0,0,71.4,68.2,66.7,0.36,0.33,0.38
ADDI,2017-08-21 20:50:00 EDT,42.04036,-77.23726,1665,70.6,73.8,70.6,86.6,66.4,0.000,0.045,0.00,0.000,3.9,5.8,0.6,175,9,4.3,6.4,0.8,172,10,3.9,5.8,0.6,175,9,0,28.36,,0,0,0,71.2,68.2,66.7,0.36,0.33,0.38
ADDI,2017-08-21 20:55:00 EDT,42.04036,-77.23726,1665,70.7,73.6,70.7,86.6,66.5,0.000,0.045,0.00,0.000,3.9,5.7,0.5,179,7,4.2,6.3,0.6,175,7,3.9,5.7,0.5,179,7,0,28.36,,0,0,0,71.1,68.2,66.7,0.36,0.33,0.38
ADDI,2017-08-21 21:00:00 EDT,42.04036,-77.23726,1665,69.5,73.1,69.5,88.1,65.9,0.000,0.045,0.00,0.000,3.4,4.3,0.4,176,5,3.7,4.7,0.4,171,6,3.4,4.3,0.4,176,5,0,28.36,,0,0,0,71.1,68.2,66.7,0.36,0.33,0.38
ADDI,2017-08-21 21:05:00 EDT,42.04036,-77.23726,1665,69.0,72.6,69.0,89.7,65.9,0.000,0.045,0.00,0.000,3.6,5.0,0.4,176,6,3.9,5.3,0.5,173,6,3.6,5.0,0.4,176,6,0,28.36,,0,0,0,71.1,68.2,66.7,0.36,0.33,0.38
ADDI,2017-08-21 21:10:00 EDT,42.04036,-77.23726,1665,68.8,72.8,68.8,89.9,65.8,0.000,0.045,0.00,0.000,3.8,5.3,0.6,175,7,4.2,6.3,0.6,172,7,3.8,5.3,0.6,175,7,0,28.36,,0,0,0,71.1,68.3,66.7,0.36,0.33,0.38
ADDI,2017-08-21 21:15:00 EDT,42.04036,-77.23726,1665,70.9,73.3,70.9,88.6,67.4,0.000,0.045,0.00,0.000,4.9,7.0,0.7,178,9,5.3,9.0,0.9,173,8,4.9,7.0,0.7,178,9,0,28.36,,0,0,0,71.0,68.4,66.7,0.36,0.33,0.38
ADDI,2017-08-21 21:20:00 EDT,42.04036,-77.23726,1665,71.5,73.4,71.5,85.5,67.0,0.000,0.045,0.00,0.000,3.7,5.4,0.7,179,10,4.0,6.7,0.9,174,10,3.7,5.4,0.7,179,10,0,28.36,,0,0,0,70.9,68.5,66.7,0.36,0.33,0.38
ADDI,2017-08-21 21:25:00 EDT,42.04036,-77.23726,1665,70.6,72.9,70.6,85.7,66.1,0.000,0.045,0.00,0.000,3.6,5.8,0.8,169,12,4.0,6.6,1.0,165,12,3.6,5.8,0.8,169,12,0,28.36,,0,0,0,70.8,68.5,66.7,0.36,0.33,0.38
ADDI,2017-08-21 21:30:00 EDT,42.04036,-77.23726,1665,70.8,73.0,70.8,86.1,66.4,0.000,0.045,0.00,0.000,3.8,5.8,0.6,177,13,4.2,7.0,0.8,173,12,3.8,5.8,0.6,177,13,0,28.36,,0,0,0,70.7,68.5,66.7,0.36,0.33,0.38
ADDI,2017-08-21 21:35:00 EDT,42.04036,-77.23726,1665,71.0,72.9,71.0,85.5,66.4,0.000,0.045,0.00,0.000,3.7,5.9,0.6,177,16,4.2,7.2,0.8,174,14,3.7,5.9,0.6,177,16,0,28.36,,0,0,0,70.7,68.5,66.7,0.36,0.33,0.38
ADDI,2017-08-21 21:40:00 EDT,42.04036,-77.23726,1665,71.0,72.7,71.0,85.4,66.4,0.000,0.045,0.00,0.000,3.5,5.2,0.6,177,14,3.9,5.8,0.8,173,12,3.5,5.2,0.6,177,14,0,28.36,,0,0,0,70.7,68.5,66.7,0.36,0.33,0.38
ADDI,2017-08-21 21:45:00 EDT,42.04036,-77.23726,1665,71.1,72.5,71.1,85.4,66.5,0.000,0.045,0.00,0.000,4.0,6.1,0.8,175,14,4.6,8.0,1.1,172,13,4.0,6.1,0.8,175,14,0,28.36,,0,0,0,70.7,68.5,66.7,0.36,0.33,0.38
ADDI,2017-08-21 21:50:00 EDT,42.04036,-77.23726,1665,71.3,72.3,71.3,85.3,66.7,0.000,0.045,0.00,0.000,4.5,7.7,1.1,172,12,5.1,10.9,1.4,168,11,4.5,7.7,1.1,172,12,0,28.36,,0,0,0,70.7,68.5,66.7,0.36,0.33,0.38
ADDI,2017-08-21 21:55:00 EDT,42.04036,-77.23726,1665,71.1,72.3,71.1,85.1,66.4,0.000,0.045,0.00,0.000,4.0,7.0,1.1,169,12,4.5,8.8,1.3,166,10,4.0,7.0,1.1,169,12,0,28.36,,0,0,0,70.7,68.5,66.7,0.36,0.33,0.38
ADDI,2017-08-21 22:00:00 EDT,42.04036,-77.23726,1665,70.5,71.9,70.5,86.0,66.1,0.000,0.045,0.00,0.000,4.1,6.4,0.9,171,12,4.5,8.4,1.1,168,12,4.1,6.4,0.9,171,12,0,28.37,,0,0,0,70.7,68.5,66.7,0.36,0.33,0.38
ADDI,2017-08-21 22:05:00 EDT,42.04036,-77.23726,1665,70.0,71.6,70.0,87.1,66.0,0.000,0.045,0.00,0.000,3.5,5.1,0.7,167,10,3.9,6.3,0.9,164,11,3.5,5.1,0.7,167,10,0,28.37,,0,0,0,70.7,68.5,66.7,0.36,0.33,0.38
ADDI,2017-08-21 22:10:00 EDT,42.04036,-77.23726,1665,69.6,71.4,69.6,87.5,65.7,0.000,0.045,0.00,0.000,4.2,5.5,0.6,163,11,4.6,6.0,0.8,159,9,4.2,5.5,0.6,163,11,0,28.37,,0,0,0,70.7,68.5,66.7,0.37,0.33,0.38
ADDI,2017-08-21 22:15:00 EDT,42.04036,-77.23726,1665,69.7,71.3,69.7,87.5,65.9,0.000,0.045,0.00,0.000,4.2,5.3,0.5,165,11,4.5,6.0,0.6,161,10,4.2,5.3,0.5,165,11,0,28.36,,0,0,0,70.6,68.5,66.7,0.36,0.33,0.38
ADDI,2017-08-21 22:20:00 EDT,42.04036,-77.23726,1665,69.7,71.1,69.7,87.5,65.8,0.000,0.045,0.00,0.000,3.8,5.2,0.5,167,11,4.3,6.1,0.7,164,10,3.8,5.2,0.5,167,11,0,28.36,,0,0,0,70.4,68.5,66.7,0.36,0.33,0.38
ADDI,2017-08-21 22:25:00 EDT,42.04036,-77.23726,1665,69.5,70.8,69.5,87.9,65.7,0.000,0.045,0.00,0.000,4.5,6.1,0.6,167,9,5.0,6.5,0.7,163,9,4.5,6.1,0.6,167,9,0,28.36,,0,0,0,70.4,68.5,66.7,0.37,0.33,0.38
ADDI,2017-08-21 22:30:00 EDT,42.04036,-77.23726,1665,69.3,70.7,69.3,88.3,65.7,0.000,0.045,0.00,0.000,4.4,5.5,0.5,168,8,4.8,6.6,0.7,164,8,4.4,5.5,0.5,168,8,0,28.36,,0,0,0,70.3,68.5,66.7,0.36,0.33,0.38
ADDI,2017-08-21 22:35:00 EDT,42.04036,-77.23726,1665,69.8,70.7,69.8,87.9,66.1,0.000,0.045,0.00,0.000,3.9,8.1,1.1,178,13,4.2,10.1,1.4,175,14,3.9,8.1,1.1,178,13,0,28.36,,0,0,0,70.3,68.5,66.7,0.37,0.33,0.38
ADDI,2017-08-21 22:40:00 EDT,42.04036,-77.23726,1665,69.9,70.9,69.9,87.0,65.9,0.000,0.045,0.00,0.000,3.9,6.4,0.9,174,16,4.4,7.6,1.1,169,13,3.9,6.4,0.9,174,16,0,28.36,,0,0,0,70.3,68.5,66.7,0.37,0.33,0.38
ADDI,2017-08-21 22:45:00 EDT,42.04036,-77.23726,1665,69.9,70.7,69.9,87.0,65.8,0.000,0.045,0.00,0.000,3.9,5.7,0.7,168,15,4.3,8.1,1.0,163,16,3.9,5.7,0.7,168,15,0,28.36,,0,0,0,70.3,68.5,66.7,0.37,0.33,0.38
ADDI,2017-08-21 22:50:00 EDT,42.04036,-77.23726,1665,69.4,70.5,69.4,87.2,65.5,0.000,0.045,0.00,0.000,3.3,5.8,0.9,171,15,3.8,6.6,1.2,168,13,3.3,5.8,0.9,171,15,0,28.36,,0,0,0,70.3,68.5,66.7,0.37,0.33,0.38
ADDI,2017-08-21 22:55:00 EDT,42.04036,-77.23726,1665,69.9,70.6,69.9,87.2,65.9,0.000,0.045,0.00,0.000,4.4,7.6,0.9,168,16,4.9,7.2,1.0,164,17,4.4,7.6,0.9,168,16,0,28.36,,0,0,0,70.3,68.5,66.7,0.37,0.33,0.38
ADDI,2017-08-21 23:00:00 EDT,42.04036,-77.23726,1665,69.7,70.5,69.7,86.9,65.6,0.000,0.045,0.00,0.000,4.9,7.2,1.0,167,15,5.5,8.7,1.2,165,13,4.9,7.2,1.0,167,15,0,28.36,,0,0,0,70.3,68.5,66.7,0.37,0.33,0.38
ADDI,2017-08-21 23:05:00 EDT,42.04036,-77.23726,1665,69.6,70.4,69.6,87.1,65.6,0.000,0.045,0.00,0.000,4.6,7.5,0.9,172,15,5.2,7.9,1.0,168,14,4.6,7.5,0.9,172,15,0,28.36,,0,0,0,70.3,68.5,66.7,0.37,0.33,0.38
ADDI,2017-08-21 23:10:00 EDT,42.04036,-77.23726,1665,69.6,70.4,69.6,87.2,65.6,0.000,0.045,0.00,0.000,3.9,6.4,0.9,175,14,4.4,7.0,1.0,171,13,3.9,6.4,0.9,175,14,0,28.36,,0,0,0,70.2,68.5,66.7,0.37,0.33,0.38
ADDI,2017-08-21 23:15:00 EDT,42.04036,-77.23726,1665,69.7,70.5,69.7,87.0,65.7,0.000,0.045,0.00,0.000,3.8,6.4,0.9,171,15,4.3,6.9,1.1,166,16,3.8,6.4,0.9,171,15,0,28.36,,0,0,0,70.1,68.5,66.8,0.37,0.33,0.38
ADDI,2017-08-21 23:20:00 EDT,42.04036,-77.23726,1665,69.5,70.5,69.5,86.2,65.2,0.000,0.045,0.00,0.000,3.0,4.5,0.6,167,16,3.2,5.6,0.7,162,16,3.0,4.5,0.6,167,16,0,28.36,,0,0,0,70.0,68.5,66.7,0.37,0.33,0.38
ADDI,2017-08-21 23:25:00 EDT,42.04036,-77.23726,1665,68.7,70.5,68.7,86.8,64.6,0.000,0.045,0.00,0.000,3.4,4.4,0.5,168,12,3.7,5.3,0.7,164,10,3.4,4.4,0.5,168,12,0,28.36,,0,0,0,70.0,68.5,66.7,0.37,0.33,0.38
ADDI,2017-08-21 23:30:00 EDT,42.04036,-77.23726,1665,69.1,70.4,69.1,87.7,65.3,0.000,0.045,0.00,0.000,4.4,6.6,0.8,174,12,4.9,8.3,1.1,171,10,4.4,6.6,0.8,174,12,0,28.36,,0,0,0,70.0,68.5,66.8,0.37,0.33,0.38
ADDI,2017-08-21 23:35:00 EDT,42.04036,-77.23726,1665,69.4,70.1,69.4,87.4,65.5,0.000,0.045,0.00,0.000,4.4,8.0,1.2,185,14,5.0,8.9,1.4,182,15,4.4,8.0,1.2,185,14,0,28.35,,0,0,0,70.0,68.5,66.8,0.37,0.33,0.38
ADDI,2017-08-21 23:40:00 EDT,42.04036,-77.23726,1665,69.5,70.0,69.5,86.8,65.4,0.000,0.045,0.00,0.000,4.6,7.2,1.2,176,15,5.1,8.3,1.4,170,14,4.6,7.2,1.2,176,15,0,28.36,,0,0,0,70.0,68.5,66.8,0.36,0.33,0.38
ADDI,2017-08-21 23:45:00 EDT,42.04036,-77.23726,1665,68.6,69.6,68.6,87.8,64.9,0.000,0.045,0.00,0.000,5.7,7.5,0.8,168,9,6.2,9.8,1.0,166,8,5.7,7.5,0.8,168,9,0,28.36,,0,0,0,70.0,68.5,66.7,0.36,0.33,0.38
ADDI,2017-08-21 23:50:00 EDT,42.04036,-77.23726,1665,68.3,69.5,68.3,88.9,64.9,0.000,0.045,0.00,0.000,5.4,7.0,0.7,169,9,5.9,8.4,0.8,166,8,5.4,7.0,0.7,169,9,0,28.36,,0,0,0,70.0,68.5,66.8,0.37,0.33,0.38
ADDI,2017-08-21 23:55:00 EDT,42.04036,-77.23726,1665,68.3,69.5,68.3,89.1,65.0,0.000,0.045,0.00,0.000,5.0,7.6,0.8,171,11,5.4,8.5,1.0,168,10,5.0,7.6,0.8,171,11,0,28.35,,0,0,0,70.0,68.5,66.7,0.36,0.33,0.38
ANDE,2017-08-21 00:00:00 EDT,42.18227,-74.80139,1700,56.1,56.6,56.1,98.1,55.6,0.000,0.000,0.00,0.000,1.1,1.5,0.2,336,12,1.4,2.1,0.3,334,13,1.1,1.5,0.2,336,12,0,28.41,,0,0,0,69.9,68.2,66.4,0.27,0.18,0.16
ANDE,2017-08-21 00:05:00 EDT,42.18227,-74.80139,1700,56.5,57.0,56.5,98.4,56.0,0.000,0.000,0.00,0.000,0.4,0.9,0.3,340,9,0.6,1.6,0.6,334,12,0.4,0.9,0.3,340,9,0,28.41,,0,0,0,69.7,68.2,66.5,0.27,0.18,0.16
ANDE,2017-08-21 00:10:00 EDT,42.18227,-74.80139,1700,56.5,57.1,56.5,98.5,56.1,0.000,0.000,0.00,0.000,0.9,1.5,0.6,6,6,1.3,2.2,0.8,7,6,0.9,1.5,0.6,6,6,0,28.42,,0,0,0,69.6,68.2,66.4,0.27,0.18,0.16
ANDE,2017-08-21 00:15:00 EDT,42.18227,-74.80139,1700,56.2,57.2,56.2,98.3,55.7,0.000,0.000,0.00,0.000,0.6,1.5,0.5,38,13,0.9,1.7,0.6,32,14,0.6,1.5,0.5,38,13,0,28.42,,0,0,0,69.6,68.2,66.5,0.27,0.18,0.16
ANDE,2017-08-21 00:20:00 EDT,42.18227,-74.80139,1700,55.7,56.7,55.7,98.1,55.2,0.000,0.000,0.00,0.000,0.3,1.3,0.4,52,4,0.5,1.5,0.5,48,7,0.3,1.3,0.4,52,4,0,28.42,,0,0,0,69.6,68.2,66.5,0.27,0.18,0.16
ANDE,2017-08-21 00:25:00 EDT,42.18227,-74.80139,1700,55.1,56.7,55.1,97.9,54.5,0.000,0.000,0.00,0.000,0.4,0.9,0.3,43,8,0.6,1.3,0.4,42,8,0.4,0.9,0.3,43,8,0,28.42,,0,0,0,69.6,68.2,66.5,0.27,0.18,0.16
ANDE,2017-08-21 00:30:00 EDT,42.18227,-74.80139,1700,55.2,56.1,55.2,98.1,54.6,0.000,0.000,0.00,0.000,0.7,1.8,0.6,329,11,1.1,1.8,0.4,341,28,0.7,1.8,0.6,329,11,0,28.42,,0,0,0,69.6,68.2,66.5,0.27,0.18,0.16
ANDE,2017-08-21 00:35:00 EDT,42.18227,-74.80139,1700,55.4,56.1,55.4,98.3,54.9,0.000,0.000,0.00,0.000,1.3,2.0,0.7,324,9,1.4,2.2,0.6,323,12,1.3,2.0,0.7,324,9,0,28.42,,0,0,0,69.6,68.2,66.6,0.27,0.18,0.16
ANDE,2017-08-21 00:40:00 EDT,42.18227,-74.80139,1700,55.9,56.6,55.9,98.6,55.5,0.000,0.000,0.00,0.000,0.1,0.7,0.2,92,6,0.4,1.4,0.5,82,10,0.1,0.7,0.2,92,6,0,28.42,,0,0,0,69.4,68.2,66.6,0.27,0.18,0.16
ANDE,2017-08-21 00:45:00 EDT,42.18227,-74.80139,1700,56.1,56.5,56.1,98.5,55.7,0.000,0.000,0.00,0.000,0.0,0.5,0.1,24,13,0.5,1.4,0.5,19,29,0.0,0.5,0.1,24,13,0,28.42,,0,0,0,69.3,68.2,66.6,0.27,0.18,0.16
ANDE,2017-08-21 00:50:00 EDT,42.18227,-74.80139,1700,55.8,56.4,55.8,98.4,55.3,0.000,0.000,0.00,0.000,0.5,1.3,0.4,52,6,0.7,1.7,0.4,36,16,0.5,1.3,0.4,52,6,0,28.42,,0,0,0,69.3,68.2,66.6,0.27,0.18,0.16
ANDE,2017-08-21 00:55:00 EDT,42.18227,-74.80139,1700,55.9,56.8,55.9,98.5,55.5,0.000,0.000,0.00,0.000,0.9,1.4,0.2,9,15,1.3,1.9,0.3,4,14,0.9,1.4,0.2,9,15,0,28.42,,0,0,0,69.3,68.2,66.6,0.27,0.18,0.16
ANDE,2017-08-21 01:00:00 EDT,42.18227,-74.80139,1700,55.3,56.2,55.3,98.3,54.8,0.000,0.000,0.00,0.000,1.2,1.8,0.4,349,6,1.8,2.4,0.5,349,7,1.2,1.8,0.4,349,6,0,28.42,,0,0,0,69.3,68.2,66.6,0.27,0.18,0.16
ANDE,2017-08-21 01:05:00 EDT,42.18227,-74.80139,1700,54.8,56.1,54.8,98.2,54.3,0.000,0.000,0.00,0.000,1.1,1.6,0.3,7,8,1.7,2.5,0.4,4,7,1.1,1.6,0.3,7,8,0,28.43,,0,0,0,69.3,68.2,66.6,0.27,0.18,0.16
ANDE,2017-08-21 01:10:00 EDT,42.18227,-74.80139,1700,54.9,56.3,54.9,98.3,54.4,0.000,0.000,0.00,0.000,0.3,1.0,0.3,32,26,0.7,1.5,0.5,36,34,0.3,1.0,0.3,32,26,0,28.42,,0,0,0,69.3,68.2,66.6,0.27,0.18,0.16
ANDE,2017-08-21 01:15:00 EDT,42.18227,-74.80139,1700,55.0,56.6,55.0,98.5,54.6,0.000,0.000,0.00,0.000,1.0,1.6,0.4,82,27,1.4,2.0,0.3,73,28,1.0,1.6,0.4,82,27,0,28.42,,0,0,0,69.3,68.2,66.7,0.27,0.18,0.16
ANDE,2017-08-21 01:20:00 EDT,42.18227,-74.80139,1700,54.5,55.7,54.5,98.2,54.0,0.000,0.000,0.00,0.000,0.8,1.2,0.2,49,8,1.1,1.8,0.3,42,11,0.8,1.2,0.2,49,8,0,28.42,,0,0,0,69.3,68.2,66.6,0.27,0.18,0.16
ANDE,2017-08-21 01:25:00 EDT,42.18227,-74.80139,1700,54.8,56.1,54.8,98.4,54.4,0.000,0.000,0.00,0.000,0.4,1.4,0.4,98,4,0.9,2.0,0.5,85,16,0.4,1.4,0.4,98,4,0,28.42,,0,0,0,69.0,68.2,66.7,0.27,0.18,0.16
ANDE,2017-08-21 01:30:00 EDT,42.18227,-74.80139,1700,54.7,55.6,54.7,98.5,54.3,0.000,0.000,0.00,0.000,0.2,1.1,0.4,327,2,0.5,1.5,0.5,329,20,0.2,1.1,0.4,327,2,0,28.42,,0,0,0,68.9,68.2,66.7,0.27,0.18,0.16
ANDE,2017-08-21 01:35:00 EDT,42.18227,-74.80139,1700,54.9,55.8,54.9,98.5,54.5,0.000,0.000,0.00,0.000,0.3,1.0,0.4,357,7,0.6,1.8,0.6,9,16,0.3,1.0,0.4,357,7,0,28.42,,0,0,0,68.9,68.2,66.7,0.27,0.18,0.16
ANDE,2017-08-21 01:40:00 EDT,42.18227,-74.80139,1700,55.2,55.8,55.2,98.6,54.8,0.000,0.000,0.00,0.000,0.1,0.6,0.2,31,6,0.8,1.3,0.3,357,17,0.1,0.6,0.2,31,6,0,28.42,,0,0,0,68.9,68.2,66.7,0.27,0.18,0.16
ANDE,2017-08-21 01:45:00 EDT,42.18227,-74.80139,1700,55.2,55.9,55.2,98.7,54.9,0.000,0.000,0.00,0.000,0.1,0.6,0.1,87,20,0.6,1.1,0.4,83,17,0.1,0.6,0.1,87,20,0,28.42,,0,0,0,68.9,68.2,66.7,0.27,0.18,0.16
ANDE,2017-08-21 01:50:00 EDT,42.18227,-74.80139,1700,55.2,56.6,55.2,98.7,54.8,0.000,0.000,0.00,0.000,0.8,1.5,0.4,84,13,1.3,2.3,0.3,75,14,0.8,1.5,0.4,84,13,0,28.42,,0,0,0,68.9,68.2,66.7,0.27,0.18,0.16
ANDE,2017-08-21 01:55:00 EDT,42.18227,-74.80139,1700,54.3,55.6,54.3,98.3,53.9,0.000,0.000,0.00,0.000,0.4,0.9,0.3,330,46,0.6,1.5,0.5,337,41,0.4,0.9,0.3,330,46,0,28.42,,0,0,0,68.9,68.2,66.7,0.27,0.18,0.16
ANDE,2017-08-21 02:00:00 EDT,42.18227,-74.80139,1700,54.2,55.1,54.2,98.3,53.7,0.000,0.000,0.00,0.000,0.1,0.7,0.2,3,1,0.4,1.3,0.5,2,5,0.1,0.7,0.2,3,1,0,28.42,,0,0,0,68.9,68.2,66.7,0.27,0.18,0.16
ANDE,2017-08-21 02:05:00 EDT,42.18227,-74.80139,1700,54.6,55.4,54.6,98.5,54.2,0.000,0.000,0.00,0.000,0.1,0.7,0.2,126,1,0.6,1.2,0.4,120,8,0.1,0.7,0.2,126,1,0,28.42,,0,0,0,68.8,68.2,66.7,0.27,0.18,0.16
ANDE,2017-08-21 02:10:00 EDT,42.18227,-74.80139,1700,55.7,56.0,55.7,98.9,55.4,0.000,0.000,0.00,0.000,0.8,1.8,0.3,120,11,1.1,2.3,0.4,112,12,0.8,1.8,0.3,120,11,0,28.42,,0,0,0,68.6,68.2,66.7,0.27,0.18,0.16
ANDE,2017-08-21 02:15:00 EDT,42.18227,-74.80139,1700,56.0,56.1,56.0,98.9,55.7,0.000,0.000,0.00,0.000,1.7,2.3,0.3,94,8,2.0,2.7,0.4,90,9,1.7,2.3,0.3,94,8,0,28.41,,0,0,0,68.5,68.2,66.7,0.27,0.18,0.16
ANDE,2017-08-21 02:20:00 EDT,42.18227,-74.80139,1700,55.4,55.5,55.4,98.9,55.0,0.000,0.000,0.00,0.000,0.3,0.9,0.3,118,15,0.6,1.7,0.6,111,19,0.3,0.9,0.3,118,15,0,28.42,,0,0,0,68.5,68.1,66.7,0.27,0.18,0.16
ANDE,2017-08-21 02:25:00 EDT,42.18227,-74.80139,1700,54.9,55.3,54.9,98.7,54.5,0.000,0.000,0.00,0.000,0.0,0.0,0.0,0,0,0.1,0.9,0.3,88,9,0.0,0.0,0.0,0,0,0,28.42,,0,0,0,68.5,67.9,66.7,0.27,0.18,0.16
ANDE,2017-08-21 02:30:00 EDT,42.18227,-74.80139,1700,54.9,55.5,54.9,98.8,54.6,0.000,0.000,0.00,0.000,0.0,0.0,0.0,0,0,0.1,1.0,0.3,109,5,0.0,0.0,0.0,0,0,0,28.42,,0,0,0,68.5,67.8,66.7,0.27,0.18,0.16
ANDE,2017-08-21 02:35:00 EDT,42.18227,-74.80139,1700,55.0,55.8,55.0,98.9,54.7,0.000,0.000,0.00,0.000,0.4,0.9,0.3,108,7,0.8,1.5,0.5,97,7,0.4,0.9,0.3,108,7,0,28.42,,0,0,0,68.5,67.8,66.7,0.27,0.18,0.16
ANDE,2017-08-21 02:40:00 EDT,42.18227,-74.80139,1700,55.0,55.7,55.0,98.9,54.7,0.000,0.000,0.00,0.000,0.0,0.0,0.0,0,0,0.3,1.1,0.4,65,11,0.0,0.0,0.0,0,0,0,28.42,,0,0,0,68.5,67.8,66.7,0.27,0.18,0.16
ANDE,2017-08-21 02:45:00 EDT,42.18227,-74.80139,1700,54.9,55.1,54.9,98.9,54.6,0.000,0.000,0.00,0.000,0.3,0.7,0.2,346,8,0.8,1.3,0.4,355,15,0.3,0.7,0.2,346,8,0,28.42,,0,0,0,68.5,67.8,66.7,0.27,0.18,0.16
ANDE,2017-08-21 02:50:00 EDT,42.18227,-74.80139,1700,55.2,55.4,55.2,99.0,54.9,0.000,0.000,0.00,0.000,0.5,1.2,0.5,106,9,0.9,1.7,0.6,99,14,0.5,1.2,0.5,106,9,0,28.42,,0,0,0,68.5,67.8,66.7,0.27,0.18,0.16
ANDE,2017-08-21 02:55:00 EDT,42.18227,-74.80139,1700,55.0,55.0,55.0,99.0,54.7,0.000,0.000,0.00,0.000,0.2,0.5,0.2,302,10,0.5,1.1,0.4,313,13,0.2,0.5,0.2,302,10,0,28.42,,0,0,0,68.5,67.8,66.7,0.27,0.18,0.16
ANDE,2017-08-21 03:00:00 EDT,42.18227,-74.80139,1700,55.0,55.1,55.0,99.0,54.7,0.000,0.000,0.00,0.000,0.0,0.0,0.0,0,0,0.6,1.3,0.4,342,10,0.0,0.0,0.0,0,0,0,28.42,,0,0,0,68.4,67.8,66.7,0.27,0.18,0.16
ANDE,2017-08-21 03:05:00 EDT,42.18227,-74.80139,1700,55.1,55.2,55.1,99.1,54.9,0.000,0.000,0.00,0.000,0.0,0.0,0.0,0,0,0.1,1.1,0.3,93,6,0.0,0.0,0.0,0,0,0,28.42,,0,0,0,68.2,67.8,66.7,0.27,0.18,0.16
ANDE,2017-08-21 03:10:00 EDT,42.18227,-74.80139,1700,55.4,55.5,55.4,99.1,55.1,0.000,0.000,0.00,0.000,0.6,1.2,0.3,88,6,1.1,1.8,0.3,77,13,0.6,1.2,0.3,88,6,0,28.42,,0,0,0,68.2,67.8,66.7,0.27,0.18,0.16
ANDE,2017-08-21 03:15:00 EDT,42.18227,-74.80139,1700,55.7,55.9,55.7,99.1,55.4,0.000,0.000,0.00,0.000,0.6,1.4,0.4,105,16,1.1,2.0,0.5,94,18,0.6,1.4,0.4,105,16,0,28.43,,0,0,0,68.2,67.8,66.7,0.27,0.18,0.16
ANDE,2017-08-21 03:20:00 EDT,42.18227,-74.80139,1700,55.6,55.8,55.6,99.1,55.4,0.000,0.000,0.00,0.000,0.1,0.7,0.2,120,3,0.4,1.7,0.5,119,11,0.1,0.7,0.2,120,3,0,28.43,,0,0,0,68.2,67.8,66.7,0.27,0.18,0.16
ANDE,2017-08-21 03:25:00 EDT,42.18227,-74.80139,1700,55.3,55.5,55.3,99.1,55.0,0.000,0.000,0.00,0.000,0.0,0.0,0.0,0,0,0.3,1.0,0.4,336,9,0.0,0.0,0.0,0,0,0,28.43,,0,0,0,68.2,67.8,66.7,0.27,0.18,0.16
ANDE,2017-08-21 03:30:00 EDT,42.18227,-74.80139,1700,55.4,55.4,55.4,99.1,55.1,0.000,0.000,0.00,0.000,0.0,0.0,0.0,0,0,0.0,0.9,0.2,95,1,0.0,0.0,0.0,0,0,0,28.42,,0,0,0,68.2,67.8,66.7,0.27,0.18,0.16
ANDE,2017-08-21 03:35:00 EDT,42.18227,-74.80139,1700,55.5,55.5,55.5,99.1,55.3,0.000,0.000,0.00,0.000,0.0,0.0,0.0,0,0,0.2,0.9,0.3,99,9,0.0,0.0,0.0,0,0,0,28.42,,0,0,0,68.2,67.8,66.7,0.27,0.18,0.16
ANDE,2017-08-21 03:40:00 EDT,42.18227,-74.80139,1700,55.4,55.4,55.4,99.1,55.2,0.000,0.000,0.00,0.000,0.0,0.0,0.0,0,0,0.1,0.9,0.2,103,14,0.0,0.0,0.0,0,0,0,28.42,,0,0,0,68.2,67.8,66.7,0.27,0.18,0.16
ANDE,2017-08-21 03:45:00 EDT,42.18227,-74.80139,1700,55.2,55.1,55.2,99.1,54.9,0.000,0.000,0.00,0.000,0.1,0.7,0.2,116,3,0.7,1.4,0.4,97,14,0.1,0.7,0.2,116,3,0,28.42,,0,0,0,68.2,67.8,66.7,0.27,0.18,0.16
ANDE,2017-08-21 03:50:00 EDT,42.18227,-74.80139,1700,55.0,55.0,55.0,99.1,54.8,0.000,0.000,0.00,0.000,0.1,0.7,0.2,87,0,0.9,1.3,0.3,80,9,0.1,0.7,0.2,87,0,0,28.42,,0,0,0,68.1,67.8,66.7,0.27,0.18,0.16
ANDE,2017-08-21 03:55:00 EDT,42.18227,-74.80139,1700,54.9,55.0,54.9,99.1,54.7,0.000,0.000,0.00,0.000,0.0,0.3,0.0,87,81,0.6,1.0,0.4,62,7,0.0,0.3,0.0,87,81,0,28.42,,0,0,0,67.9,67.8,66.7,0.27,0.18,0.16
ANDE,2017-08-21 04:00:00 EDT,42.18227,-74.80139,1700,54.8,54.9,54.8,99.1,54.6,0.000,0.000,0.00,0.000,0.0,0.0,0.0,0,0,0.5,1.1,0.4,90,5,0.0,0.0,0.0,0,0,0,28.42,,0,0,0,67.8,67.8,66.7,0.27,0.17,0.16
ANDE,2017-08-21 04:05:00 EDT,42.18227,-74.80139,1700,54.8,54.9,54.8,99.1,54.6,0.000,0.000,0.00,0.000,0.8,1.8,0.6,81,6,1.3,2.2,0.5,72,9,0.8,1.8,0.6,81,6,0,28.42,,0,0,0,67.8,67.8,66.7,0.27,0.17,0.16
ANDE,2017-08-21 04:10:00 EDT,42.18227,-74.80139,1700,54.8,55.0,54.8,99.2,54.6,0.000,0.000,0.00,0.000,0.9,1.6,0.3,98,8,1.4,2.1,0.3,94,10,0.9,1.6,0.3,98,8,0,28.42,,0,0,0,67.8,67.8,66.7,0.27,0.17,0.16
ANDE,2017-08-21 04:15:00 EDT,42.18227,-74.80139,1700,54.9,55.0,54.9,99.2,54.7,0.000,0.000,0.00,0.000,0.2,0.8,0.3,115,5,0.9,1.4,0.3,108,6,0.2,0.8,0.3,115,5,0,28.42,,0,0,0,67.8,67.8,66.7,0.27,0.17,0.16
ANDE,2017-08-21 04:20:00 EDT,42.18227,-74.80139,1700,55.0,54.9,55.0,99.2,54.8,0.000,0.000,0.00,0.000,0.8,1.3,0.3,118,3,1.2,1.7,0.2,112,6,0.8,1.3,0.3,118,3,0,28.42,,0,0,0,67.8,67.8,66.7,0.27,0.17,0.16
ANDE,2017-08-21 04:25:00 EDT,42.18227,-74.80139,1700,54.9,54.9,54.9,99.2,54.7,0.000,0.000,0.00,0.000,0.9,1.4,0.2,109,11,1.3,2.1,0.3,100,11,0.9,1.4,0.2,109,11,0,28.42,,0,0,0,67.8,67.8,66.7,0.27,0.17,0.16
ANDE,2017-08-21 04:30:00 EDT,42.18227,-74.80139,1700,54.9,54.9,54.9,99.2,54.7,0.000,0.000,0.00,0.000,0.6,1.1,0.2,112,16,1.0,1.6,0.3,102,17,0.6,1.1,0.2,112,16,0,28.42,,0,0,0,67.8,67.8,66.7,0.27,0.17,0.16
ANDE,2017-08-21 04:35:00 EDT,42.18227,-74.80139,1700,54.9,54.9,54.9,99.2,54.7,0.000,0.000,0.00,0.000,0.3,0.9,0.3,118,5,0.8,1.4,0.3,104,12,0.3,0.9,0.3,118,5,0,28.42,,0,0,0,67.8,67.8,66.7,0.27,0.17,0.16
ANDE,2017-08-21 04:40:00 EDT,42.18227,-74.80139,1700,54.8,54.8,54.8,99.2,54.6,0.000,0.000,0.00,0.000,0.3,0.9,0.3,91,3,1.0,1.7,0.4,83,11,0.3,0.9,0.3,91,3,0,28.42,,0,0,0,67.8,67.8,66.7,0.27,0.17,0.16
ANDE,2017-08-21 04:45:00 EDT,42.18227,-74.80139,1700,54.8,54.7,54.8,99.2,54.6,0.000,0.000,0.00,0.000,0.6,1.3,0.4,82,11,1.3,1.7,0.2,78,14,0.6,1.3,0.4,82,11,0,28.42,,0,0,0,67.8,67.8,66.7,0.27,0.17,0.16
ANDE,2017-08-21 04:50:00 EDT,42.18227,-74.80139,1700,54.7,54.7,54.7,99.2,54.5,0.000,0.000,0.00,0.000,0.2,0.9,0.3,92,5,0.7,1.3,0.4,94,11,0.2,0.9,0.3,92,5,0,28.43,,0,0,0,67.8,67.7,66.7,0.27,0.17,0.16
ANDE,2017-08-21 04:55:00 EDT,42.18227,-74.80139,1700,54.8,54.7,54.8,99.2,54.6,0.000,0.000,0.00,0.000,0.3,0.8,0.3,104,5,0.8,1.4,0.4,96,11,0.3,0.8,0.3,104,5,0,28.43,,0,0,0,67.8,67.6,66.7,0.27,0.17,0.16
ANDE,2017-08-21 05:00:00 EDT,42.18227,-74.80139,1700,54.8,54.7,54.8,99.3,54.6,0.000,0.000,0.00,0.000,0.5,1.1,0.4,128,8,0.8,1.6,0.5,124,11,0.5,1.1,0.4,128,8,0,28.43,,0,0,0,67.8,67.5,66.7,0.27,0.17,0.16
ANDE,2017-08-21 05:05:00 EDT,42.18227,-74.80139,1700,54.8,54.6,54.8,99.2,54.5,0.000,0.000,0.00,0.000,0.0,0.0,0.0,0,0,0.4,1.1,0.4,81,17,0.0,0.0,0.0,0,0,0,28.43,,0,0,0,67.7,67.5,66.7,0.27,0.17,0.16
ANDE,2017-08-21 05:10:00 EDT,42.18227,-74.80139,1700,54.8,54.7,54.8,99.3,54.6,0.000,0.000,0.00,0.000,0.0,0.3,0.0,176,0,0.3,1.1,0.4,137,14,0.0,0.3,0.0,176,0,0,28.43,,0,0,0,67.5,67.5,66.7,0.27,0.17,0.16
ANDE,2017-08-21 05:15:00 EDT,42.18227,-74.80139,1700,54.8,54.7,54.8,99.3,54.6,0.000,0.000,0.00,0.000,0.5,1.2,0.5,129,7,0.9,1.6,0.5,121,12,0.5,1.2,0.5,129,7,0,28.43,,0,0,0,67.5,67.5,66.7,0.27,0.17,0.16
ANDE,2017-08-21 05:20:00 EDT,42.18227,-74.80139,1700,54.8,54.7,54.8,99.3,54.6,0.000,0.000,0.00,0.000,0.3,0.9,0.3,140,24,0.8,1.7,0.4,132,30,0.3,0.9,0.3,140,24,0,28.43,,0,0,0,67.5,67.5,66.7,0.27,0.17,0.16
ANDE,2017-08-21 05:25:00 EDT,42.18227,-74.80139,1700,54.7,54.7,54.7,99.3,54.5,0.000,0.000,0.00,0.000,0.0,0.0,0.0,0,0,0.0,0.9,0.2,196,4,0.0,0.0,0.0,0,0,0,28.43,,0,0,0,67.5,67.5,66.7,0.27,0.17,0.16
ANDE,2017-08-21 05:30:00 EDT,42.18227,-74.80139,1700,54.8,54.7,54.8,99.3,54.6,0.000,0.000,0.00,0.000,0.0,0.0,0.0,0,0,0.2,0.9,0.4,12,22,0.0,0.0,0.0,0,0,0,28.43,,0,0,0,67.5,67.5,66.7,0.27,0.17,0.16
ANDE,2017-08-21 05:35:00 EDT,42.18227,-74.80139,1700,54.7,54.7,54.7,99.3,54.5,0.000,0.000,0.00,0.000,0.0,0.0,0.0,0,0,0.1,1.0,0.3,61,23,0.0,0.0,0.0,0,0,0,28.43,,0,0,0,67.5,67.5,66.7,0.27,0.17,0.16
ANDE,2017-08-21 05:40:00 EDT,42.18227,-74.80139,1700,54.7,54.6,54.7,99.3,54.5,0.000,0.000,0.00,0.000,0.5,1.5,0.5,86,12,0.9,2.0,0.5,82,17,0.5,1.5,0.5,86,12,0,28.43,,0,0,0,67.5,67.5,66.7,0.27,0.17,0.16
ANDE,2017-08-21 05:45:00 EDT,42.18227,-74.80139,1700,54.6,54.4,54.6,99.3,54.4,0.000,0.000,0.00,0.000,0.7,1.7,0.5,74,23,1.1,2.1,0.5,65,25,0.7,1.7,0.5,74,23,0,28.43,,0,0,0,67.5,67.5,66.7,0.27,0.17,0.16
ANDE,2017-08-21 05:50:00 EDT,42.18227,-74.80139,1700,54.4,54.3,54.4,99.3,54.2,0.000,0.000,0.00,0.000,1.0,2.4,0.7,112,13,1.5,3.1,0.8,105,15,1.0,2.4,0.7,112,13,0,28.43,,0,0,0,67.5,67.5,66.7,0.27,0.17,0.16
ANDE,2017-08-21 05:55:00 EDT,42.18227,-74.80139,1700,54.2,54.1,54.2,99.3,54.0,0.000,0.000,0.00,0.000,0.9,2.5,0.8,98,8,1.5,3.1,0.8,92,11,0.9,2.5,0.8,98,8,0,28.43,,0,0,0,67.5,67.5,66.7,0.27,0.17,0.16
ANDE,2017-08-21 06:00:00 EDT,42.18227,-74.80139,1700,54.2,54.1,54.2,99.3,54.0,0.000,0.000,0.00,0.000,0.5,1.4,0.4,103,19,1.1,1.9,0.4,89,24,0.5,1.4,0.4,103,19,0,28.43,,0,0,0,67.5,67.5,66.7,0.27,0.17,0.16
ANDE,2017-08-21 06:05:00 EDT,42.18227,-74.80139,1700,54.0,53.9,54.0,99.3,53.8,0.000,0.000,0.00,0.000,1.5,2.1,0.3,114,10,1.8,2.7,0.4,108,10,1.5,2.1,0.3,114,10,1,28.43,,0,0,0,67.4,67.5,66.7,0.27,0.17,0.16
ANDE,2017-08-21 06:10:00 EDT,42.18227,-74.80139,1700,53.9,53.8,53.9,99.3,53.7,0.000,0.000,0.00,0.000,0.6,1.7,0.5,90,13,1.0,2.3,0.6,80,18,0.6,1.7,0.5,90,13,2,28.44,,0,0,0,67.5,67.5,66.7,0.27,0.17,0.16
ANDE,2017-08-21 06:15:00 EDT,42.18227,-74.80139,1700,53.9,53.8,53.9,99.3,53.7,0.000,0.000,0.00,0.000,0.5,1.4,0.5,86,11,0.9,1.9,0.7,73,18,0.5,1.4,0.5,86,11,2,28.44,,0,0,0,67.4,67.5,66.7,0.27,0.17,0.16
ANDE,2017-08-21 06:20:00 EDT,42.18227,-74.80139,1700,53.8,53.7,53.8,99.3,53.6,0.000,0.000,0.00,0.000,1.1,1.7,0.3,102,8,1.6,2.3,0.3,96,8,1.1,1.7,0.3,102,8,3,28.44,,0,0,0,67.4,67.5,66.7,0.27,0.17,0.16
ANDE,2017-08-21 06:25:00 EDT,42.18227,-74.80139,1700,53.9,53.7,53.9,99.3,53.7,0.000,0.000,0.00,0.000,0.2,0.9,0.3,116,14,0.6,1.6,0.5,115,18,0.2,0.9,0.3,116,14,5,28.44,,0,0,0,67.2,67.5,66.7,0.27,0.17,0.16
ANDE,2017-08-21 06:30:00 EDT,42.18227,-74.80139,1700,53.8,53.7,53.8,99.3,53.6,0.000,0.000,0.00,0.000,0.2,0.8,0.3,103,8,0.8,1.6,0.5,99,16,0.2,0.8,0.3,103,8,7,28.44,,0,0,0,67.1,67.5,66.7,0.27,0.17,0.16
ANDE,2017-08-21 06:35:00 EDT,42.18227,-74.80139,1700,53.8,53.7,53.8,99.3,53.6,0.000,0.000,0.00,0.000,0.7,1.5,0.4,118,7,1.1,1.9,0.4,110,11,0.7,1.5,0.4,118,7,9,28.44,,0,0,0,67.1,67.4,66.7,0.27,0.17,0.16
ANDE,2017-08-21 06:40:00 EDT,42.18227,-74.80139,1700,53.8,53.8,53.8,99.3,53.6,0.000,0.000,0.00,0.000,0.2,0.8,0.2,102,10,0.6,1.5,0.5,94,15,0.2,0.8,0.2,102,10,11,28.44,,0,0,0,67.1,67.4,66.7,0.27,0.18,0.16
ANDE,2017-08-21 06:45:00 EDT,42.18227,-74.80139,1700,53.8,53.8,53.8,99.3,53.6,0.000,0.000,0.00,0.000,0.1,0.6,0.2,55,3,0.7,1.7,0.5,65,21,0.1,0.6,0.2,55,3,13,28.44,,0,0,0,67.1,67.4,66.7,0.27,0.17,0.16
ANDE,2017-08-21 06:50:00 EDT,42.18227,-74.80139,1700,53.7,53.6,53.7,99.3,53.5,0.000,0.000,0.00,0.000,0.0,0.4,0.1,6,3,0.5,1.5,0.5,7,10,0.0,0.4,0.1,6,3,12,28.44,,0,0,0,67.1,67.3,66.7,0.27,0.17,0.16
ANDE,2017-08-21 06:55:00 EDT,42.18227,-74.80139,1700,53.6,53.6,53.6,99.3,53.4,0.000,0.000,0.00,0.000,0.0,0.0,0.0,0,0,0.1,1.0,0.2,74,4,0.0,0.0,0.0,0,0,17,28.44,,0,0,0,67.1,67.2,66.7,0.27,0.17,0.16
ANDE,2017-08-21 07:00:00 EDT,42.18227,-74.80139,1700,53.9,53.7,53.9,99.3,53.7,0.000,0.000,0.00,0.000,0.2,1.2,0.4,123,6,0.3,1.8,0.6,118,10,0.2,1.2,0.4,123,6,31,28.44,,0,0,0,67.1,67.2,66.7,0.27,0.18,0.16
ANDE,2017-08-21 07:05:00 EDT,42.18227,-74.80139,1700,54.0,53.7,54.0,99.3,53.9,0.000,0.000,0.00,0.000,0.5,1.4,0.4,136,15,0.9,1.9,0.4,127,18,0.5,1.4,0.4,136,15,40,28.44,,0,0,0,67.1,67.2,66.7,0.27,0.18,0.16
ANDE,2017-08-21 07:10:00 EDT,42.18227,-74.80139,1700,54.1,53.9,54.1,99.3,53.9,0.000,0.000,0.00,0.000,1.7,2.8,0.5,132,15,1.8,2.8,0.5,126,15,1.7,2.8,0.5,132,15,47,28.44,,0,0,0,67.1,67.1,66.7,0.27,0.18,0.16
ANDE,2017-08-21 07:15:00 EDT,42.18227,-74.80139,1700,54.2,54.1,54.2,99.3,54.0,0.000,0.000,0.00,0.000,0.4,1.5,0.4,94,18,0.9,2.0,0.6,81,29,0.4,1.5,0.4,94,18,51,28.44,,0,0,0,67.1,67.1,66.7,0.27,0.17,0.16
ANDE,2017-08-21 07:20:00 EDT,42.18227,-74.80139,1700,54.2,54.0,54.2,99.3,54.0,0.000,0.000,0.00,0.000,0.9,2.4,0.6,125,16,1.2,2.9,0.5,117,21,0.9,2.4,0.6,125,16,59,28.44,,0,0,0,67.1,67.1,66.7,0.27,0.18,0.16
ANDE,2017-08-21 07:25:00 EDT,42.18227,-74.80139,1700,54.1,53.8,54.1,99.3,53.9,0.000,0.000,0.00,0.000,2.2,3.3,0.4,103,10,2.6,3.8,0.5,100,10,2.2,3.3,0.4,103,10,67,28.44,,0,0,0,67.1,67.1,66.7,0.27,0.18,0.16
ANDE,2017-08-21 07:30:00 EDT,42.18227,-74.80139,1700,54.1,53.9,54.1,99.3,53.9,0.000,0.000,0.00,0.000,1.7,2.5,0.3,100,12,2.2,3.1,0.4,96,12,1.7,2.5,0.3,100,12,68,28.44,,0,0,0,67.1,67.1,66.7,0.27,0.18,0.16
ANDE,2017-08-21 07:35:00 EDT,42.18227,-74.80139,1700,54.5,54.1,54.5,99.3,54.3,0.000,0.000,0.00,0.000,1.1,1.8,0.3,89,15,1.6,2.9,0.5,83,16,1.1,1.8,0.3,89,15,59,28.44,,0,0,0,67.1,67.1,66.7,0.27,0.18,0.16
ANDE,2017-08-21 07:40:00 EDT,42.18227,-74.80139,1700,54.5,54.3,54.5,99.3,54.3,0.000,0.000,0.00,0.000,1.5,2.0,0.3,98,13,1.9,2.9,0.5,92,14,1.5,2.0,0.3,98,13,74,28.44,,0,0,0,67.1,67.1,66.7,0.27,0.18,0.16
ANDE,2017-08-21 07:45:00 EDT,42.18227,-74.80139,1700,55.1,54.8,55.1,99.4,54.9,0.000,0.000,0.00,0.000,0.9,1.7,0.4,133,21,1.3,2.5,0.4,128,24,0.9,1.7,0.4,133,21,95,28.44,,0,0,0,67.1,67.1,66.7,0.27,0.18,0.16
ANDE,2017-08-21 07:50:00 EDT,42.18227,-74.80139,1700,55.1,54.7,55.1,99.3,54.9,0.000,0.000,0.00,0.000,1.0,2.3,0.6,106,8,1.5,2.8,0.6,100,11,1.0,2.3,0.6,106,8,102,28.45,,0,0,0,67.1,67.1,66.7,0.27,0.17,0.16
ANDE,2017-08-21 07:55:00 EDT,42.18227,-74.80139,1700,55.3,55.0,55.3,99.3,55.0,0.000,0.000,0.00,0.000,1.1,2.0,0.3,101,21,1.4,2.3,0.5,95,22,1.1,2.0,0.3,101,21,120,28.45,,0,0,0,67.1,67.1,66.7,0.26,0.17,0.16
ANDE,2017-08-21 08:00:00 EDT,42.18227,-74.80139,1700,55.3,54.9,55.3,99.2,55.1,0.000,0.000,0.00,0.000,1.9,2.8,0.4,112,19,2.3,3.5,0.5,108,19,1.9,2.8,0.4,112,19,101,28.45,,0,0,0,67.1,67.1,66.6,0.27,0.17,0.16
ANDE,2017-08-21 08:05:00 EDT,42.18227,-74.80139,1700,55.4,55.0,55.4,99.2,55.1,0.000,0.000,0.00,0.000,1.4,2.3,0.4,101,17,1.8,3.4,0.5,96,19,1.4,2.3,0.4,101,17,127,28.45,,0,0,0,67.0,67.1,66.7,0.27,0.17,0.16
ANDE,2017-08-21 08:10:00 EDT,42.18227,-74.80139,1700,55.4,55.1,55.4,99.2,55.2,0.000,0.000,0.00,0.000,1.3,2.9,0.7,94,19,1.8,3.6,0.7,89,20,1.3,2.9,0.7,94,19,80,28.45,,0,0,0,66.8,67.1,66.7,0.26,0.17,0.16
ANDE,2017-08-21 08:15:00 EDT,42.18227,-74.80139,1700,55.3,54.9,55.3,99.3,55.1,0.000,0.000,0.00,0.000,1.7,2.8,0.5,93,15,2.1,3.6,0.6,87,16,1.7,2.8,0.5,93,15,71,28.44,,0,0,0,66.7,67.1,66.6,0.26,0.17,0.16
ANDE,2017-08-21 08:20:00 EDT,42.18227,-74.80139,1700,55.6,55.2,55.6,99.3,55.4,0.000,0.000,0.00,0.000,1.2,2.3,0.5,104,24,1.6,2.8,0.6,96,24,1.2,2.3,0.5,104,24,129,28.44,,0,0,0,66.7,67.1,66.7,0.27,0.17,0.16
ANDE,2017-08-21 08:25:00 EDT,42.18227,-74.80139,1700,55.6,55.3,55.6,99.2,55.4,0.000,0.000,0.00,0.000,1.1,2.0,0.5,95,13,1.6,2.6,0.6,89,15,1.1,2.0,0.5,95,13,155,28.44,,0,0,0,66.7,67.1,66.6,0.27,0.17,0.16
ANDE,2017-08-21 08:30:00 EDT,42.18227,-74.80139,1700,55.7,55.5,55.7,99.2,55.4,0.000,0.000,0.00,0.000,0.7,2.6,0.6,143,24,1.1,3.1,0.7,144,27,0.7,2.6,0.6,143,24,172,28.44,,0,0,0,66.7,67.1,66.6,0.27,0.17,0.16
ANDE,2017-08-21 08:35:00 EDT,42.18227,-74.80139,1700,55.9,55.7,55.9,99.2,55.7,0.000,0.000,0.00,0.000,0.3,1.4,0.4,179,16,0.7,2.1,0.6,175,19,0.3,1.4,0.4,179,16,184,28.44,,0,0,0,66.7,67.1,66.6,0.26,0.17,0.16
ANDE,2017-08-21 08:40:00 EDT,42.18227,-74.80139,1700,56.2,56.0,56.2,99.2,56.0,0.000,0.000,0.00,0.000,1.3,2.3,0.4,182,17,1.8,2.9,0.5,180,16,1.3,2.3,0.4,182,17,184,28.44,,0,0,0,66.7,67.1,66.7,0.27,0.17,0.16
ANDE,2017-08-21 08:45:00 EDT,42.18227,-74.80139,1700,56.5,56.3,56.5,99.1,56.3,0.000,0.000,0.00,0.000,1.0,1.9,0.4,189,15,1.4,2.3,0.5,187,18,1.0,1.9,0.4,189,15,189,28.43,,0,0,0,66.7,67.1,66.6,0.27,0.17,0.16
ANDE,2017-08-21 08:50:00 EDT,42.18227,-74.80139,1700,57.1,56.7,57.1,99.1,56.8,0.000,0.000,0.00,0.000,1.1,1.8,0.4,191,16,1.6,2.5,0.4,189,16,1.1,1.8,0.4,191,16,212,28.43,,0,0,0,66.7,67.1,66.6,0.26,0.17,0.16
ANDE,2017-08-21 08:55:00 EDT,42.18227,-74.80139,1700,57.4,57.0,57.4,99.1,57.1,0.000,0.000,0.00,0.000,1.3,2.8,0.7,206,10,1.7,4.0,0.8,204,11,1.3,2.8,0.7,206,10,219,28.43,,0,0,0,66.7,67.1,66.5,0.27,0.17,0.16
ANDE,2017-08-21 09:00:00 EDT,42.18227,-74.80139,1700,57.5,57.2,57.5,99.1,57.2,0.000,0.000,0.00,0.000,1.2,1.8,0.5,205,18,1.4,2.5,0.6,202,16,1.2,1.8,0.5,205,18,201,28.43,,0,0,0,66.7,67.1,66.5,0.26,0.17,0.16
ANDE,2017-08-21 09:05:00 EDT,42.18227,-74.80139,1700,57.8,57.4,57.8,99.1,57.5,0.000,0.000,0.00,0.000,0.3,1.2,0.3,198,17,0.6,2.0,0.5,196,18,0.3,1.2,0.3,198,17,224,28.44,,0,0,0,66.7,67.1,66.4,0.26,0.17,0.16
ANDE,2017-08-21 09:10:00 EDT,42.18227,-74.80139,1700,58.1,57.9,58.1,99.1,57.8,0.000,0.000,0.00,0.000,0.7,1.7,0.5,164,28,1.2,2.2,0.5,171,35,0.7,1.7,0.5,164,28,232,28.43,,0,0,0,66.7,67.1,66.4,0.26,0.17,0.16
ANDE,2017-08-21 09:15:00 EDT,42.18227,-74.80139,1700,58.6,58.3,58.6,99.0,58.3,0.000,0.000,0.00,0.000,0.9,1.8,0.6,204,13,1.3,2.5,0.7,198,18,0.9,1.8,0.6,204,13,333,28.43,,0,0,0,66.7,67.1,66.4,0.27,0.17,0.16
ANDE,2017-08-21 09:20:00 EDT,42.18227,-74.80139,1700,59.2,58.7,59.2,98.9,58.9,0.000,0.000,0.00,0.000,1.6,2.8,0.6,224,12,1.9,3.2,0.5,221,12,1.6,2.8,0.6,224,12,415,28.43,,0,0,0,66.7,67.1,66.4,0.26,0.17,0.16
ANDE,2017-08-21 09:25:00 EDT,42.18227,-74.80139,1700,59.7,59.3,59.7,98.8,59.4,0.000,0.000,0.00,0.000,1.8,2.7,0.4,195,15,2.3,3.2,0.5,193,11,1.8,2.7,0.4,195,15,456,28.43,,0,0,0,66.7,67.1,66.4,0.26,0.17,0.16
ANDE,2017-08-21 09:30:00 EDT,42.18227,-74.80139,1700,60.1,59.7,60.1,98.7,59.7,0.000,0.000,0.00,0.000,1.4,2.5,0.5,191,11,1.9,4.0,0.6,186,13,1.4,2.5,0.5,191,11,483,28.43,,0,0,0,66.7,67.1,66.4,0.26,0.17,0.16
ANDE,2017-08-21 09:35:00 EDT,42.18227,-74.80139,1700,61.0,60.6,61.0,98.7,60.6,0.000,0.000,0.00,0.000,1.4,2.3,0.4,185,13,1.9,3.2,0.4,179,17,1.4,2.3,0.4,185,13,507,28.43,,0,0,0,66.7,66.9,66.4,0.26,0.17,0.16
ANDE,2017-08-21 09:40:00 EDT,42.18227,-74.80139,1700,61.4,60.8,61.4,98.4,60.9,0.000,0.000,0.00,0.000,2.3,3.1,0.3,195,7,2.7,3.8,0.4,193,7,2.3,3.1,0.3,195,7,519,28.43,,0,0,0,66.7,66.8,66.4,0.26,0.17,0.16
ANDE,2017-08-21 09:45:00 EDT,42.18227,-74.80139,1700,61.6,60.9,61.6,98.1,61.1,0.000,0.000,0.00,0.000,2.4,3.5,0.4,185,11,2.9,4.4,0.5,183,10,2.4,3.5,0.4,185,11,527,28.43,,0,0,0,66.7,66.8,66.4,0.26,0.17,0.16
ANDE,2017-08-21 09:50:00 EDT,42.18227,-74.80139,1700,62.1,61.3,62.1,97.5,61.4,0.000,0.000,0.00,0.000,2.7,3.9,0.7,183,9,3.2,4.6,0.8,180,9,2.7,3.9,0.7,183,9,542,28.43,,0,0,0,66.7,66.7,66.4,0.26,0.17,0.16
ANDE,2017-08-21 09:55:00 EDT,42.18227,-74.80139,1700,62.6,61.8,62.6,95.9,61.4,0.000,0.000,0.00,0.000,2.4,3.2,0.4,179,9,3.0,4.6,0.5,176,9,2.4,3.2,0.4,179,9,554,28.43,,0,0,0,66.7,66.7,66.4,0.26,0.17,0.16
ANDE,2017-08-21 10:00:00 EDT,42.18227,-74.80139,1700,63.4,62.2,63.4,91.6,60.9,0.000,0.000,0.00,0.000,3.2,4.4,0.5,193,9,3.8,5.1,0.6,189,8,3.2,4.4,0.5,193,9,572,28.43,,0,0,0,66.7,66.7,66.4,0.26,0.17,0.16
ANDE,2017-08-21 10:05:00 EDT,42.18227,-74.80139,1700,63.6,62.6,63.6,87.8,60.0,0.000,0.000,0.00,0.000,3.2,4.7,0.6,196,10,3.8,5.6,0.7,193,9,3.2,4.7,0.6,196,10,592,28.43,,0,0,0,66.7,66.7,66.4,0.26,0.17,0.16
ANDE,2017-08-21 10:10:00 EDT,42.18227,-74.80139,1700,64.5,63.3,64.5,87.7,60.8,0.000,0.000,0.00,0.000,2.6,4.3,1.0,198,12,3.1,5.0,1.1,196,11,2.6,4.3,1.0,198,12,620,28.44,,0,0,0,66.7,66.7,66.4,0.26,0.17,0.16
ANDE,2017-08-21 10:15:00 EDT,42.18227,-74.80139,1700,65.0,63.9,65.0,85.5,60.6,0.000,0.000,0.00,0.000,2.0,3.3,0.6,215,14,2.3,4.2,0.7,212,11,2.0,3.3,0.6,215,14,640,28.44,,0,0,0,66.8,66.7,66.4,0.26,0.17,0.16
ANDE,2017-08-21 10:20:00 EDT,42.18227,-74.80139,1700,67.5,64.4,67.5,82.7,62.1,0.000,0.000,0.00,0.000,3.1,5.2,0.8,183,16,3.8,6.2,1.0,180,14,3.1,5.2,0.8,183,16,624,28.44,,0,0,0,67.0,66.7,66.4,0.26,0.18,0.16
ANDE,2017-08-21 10:25:00 EDT,42.18227,-74.80139,1700,69.6,65.0,69.6,80.1,63.2,0.000,0.000,0.00,0.000,2.5,5.1,1.1,165,21,3.2,6.7,1.3,163,22,2.5,5.1,1.1,165,21,673,28.44,,0,0,0,67.0,66.7,66.4,0.26,0.17,0.16
ANDE,2017-08-21 10:30:00 EDT,42.18227,-74.80139,1700,70.3,66.5,70.3,76.8,62.7,0.000,0.000,0.00,0.000,3.3,5.5,1.0,165,25,3.8,7.1,1.2,162,22,3.3,5.5,1.0,165,25,641,28.44,,0,0,0,67.1,66.7,66.4,0.26,0.17,0.16
ANDE,2017-08-21 10:35:00 EDT,42.18227,-74.80139,1700,71.0,70.3,71.0,74.3,62.4,0.000,0.000,0.00,0.000,3.0,5.4,1.0,155,25,3.5,7.0,1.0,154,24,3.0,5.4,1.0,155,25,687,28.43,,0,0,0,67.1,66.7,66.4,0.26,0.17,0.16
ANDE,2017-08-21 10:40:00 EDT,42.18227,-74.80139,1700,71.5,70.7,71.5,70.7,61.5,0.000,0.000,0.00,0.000,3.2,4.5,0.7,149,22,3.2,5.1,1.0,147,23,3.2,4.5,0.7,149,22,524,28.43,,0,0,0,67.1,66.7,66.4,0.26,0.17,0.16
ANDE,2017-08-21 10:45:00 EDT,42.18227,-74.80139,1700,71.7,71.2,71.7,72.8,62.5,0.000,0.000,0.00,0.000,2.2,3.3,0.6,159,25,2.6,4.2,0.7,159,24,2.2,3.3,0.6,159,25,654,28.43,,0,0,0,67.1,66.7,66.4,0.27,0.17,0.16
ANDE,2017-08-21 10:50:00 EDT,42.18227,-74.80139,1700,72.1,71.7,72.1,71.7,62.4,0.000,0.000,0.00,0.000,1.8,3.4,1.0,191,19,2.3,4.4,1.2,188,16,1.8,3.4,1.0,191,19,556,28.43,,0,0,0,67.1,66.7,66.4,0.26,0.17,0.16
ANDE,2017-08-21 10:55:00 EDT,42.18227,-74.80139,1700,72.2,72.1,72.2,71.9,62.7,0.000,0.000,0.00,0.000,2.6,4.5,1.1,180,18,3.3,5.7,1.0,177,17,2.6,4.5,1.1,180,18,504,28.43,,0,0,0,67.1,66.7,66.4,0.27,0.17,0.16
ANDE,2017-08-21 11:00:00 EDT,42.18227,-74.80139,1700,73.0,72.4,73.0,70.6,62.9,0.000,0.000,0.00,0.000,3.5,6.4,1.1,167,28,3.8,6.9,1.2,167,26,3.5,6.4,1.1,167,28,547,28.42,,0,0,0,67.1,66.7,66.4,0.27,0.17,0.16
ANDE,2017-08-21 11:05:00 EDT,42.18227,-74.80139,1700,73.0,72.5,73.0,70.5,62.9,0.000,0.000,0.00,0.000,3.2,5.7,1.2,174,23,3.7,6.6,1.4,169,24,3.2,5.7,1.2,174,23,708,28.42,,0,0,0,67.1,66.7,66.4,0.27,0.18,0.16
ANDE,2017-08-21 11:10:00 EDT,42.18227,-74.80139,1700,73.6,73.1,73.6,65.6,61.4,0.000,0.000,0.00,0.000,2.8,4.6,0.9,186,22,3.4,5.6,1.2,182,21,2.8,4.6,0.9,186,22,584,28.43,,0,0,0,67.3,66.7,66.4,0.27,0.17,0.16
ANDE,2017-08-21 11:15:00 EDT,42.18227,-74.80139,1700,74.2,73.5,74.2,65.5,61.9,0.000,0.000,0.00,0.000,1.8,4.4,1.2,169,22,2.3,4.6,1.2,167,23,1.8,4.4,1.2,169,22,735,28.42,,0,0,0,67.4,66.7,66.4,0.27,0.17,0.16
ANDE,2017-08-21 11:20:00 EDT,42.18227,-74.80139,1700,74.4,73.7,74.4,65.0,61.9,0.000,0.000,0.00,0.000,2.1,4.1,1.0,216,42,2.6,4.9,1.0,217,46,2.1,4.1,1.0,216,42,697,28.42,,0,0,0,67.5,66.7,66.4,0.27,0.18,0.16
ANDE,2017-08-21 11:25:00 EDT,42.18227,-74.80139,1700,74.2,73.8,74.2,65.2,61.8,0.000,0.000,0.00,0.000,3.2,5.3,1.2,221,24,3.8,6.9,1.3,218,23,3.2,5.3,1.2,221,24,665,28.42,,0,0,0,67.5,66.7,66.4,0.26,0.18,0.16
ANDE,2017-08-21 11:30:00 EDT,42.18227,-74.80139,1700,74.5,74.1,74.5,65.3,62.1,0.000,0.000,0.00,0.000,3.7,6.8,1.3,218,41,4.2,7.0,1.4,217,44,3.7,6.8,1.3,218,41,417,28.42,,0,0,0,67.5,66.7,66.4,0.26,0.17,0.16
ANDE,2017-08-21 11:35:00 EDT,42.18227,-74.80139,1700,74.8,74.4,74.8,59.2,59.6,0.000,0.000,0.00,0.000,3.1,6.0,1.0,267,41,3.6,7.7,1.2,263,40,3.1,6.0,1.0,267,41,792,28.41,,0,0,0,67.5,66.7,66.4,0.26,0.17,0.16
ANDE,2017-08-21 11:40:00 EDT,42.18227,-74.80139,1700,75.3,74.8,75.3,57.3,59.2,0.000,0.000,0.00,0.000,4.0,6.4,1.3,233,28,4.6,7.5,1.5,228,28,4.0,6.4,1.3,233,28,598,28.41,,0,0,0,67.7,66.7,66.4,0.26,0.17,0.16
ANDE,2017-08-21 11:45:00 EDT,42.18227,-74.80139,1700,75.6,75.1,75.6,58.7,60.1,0.000,0.000,0.00,0.000,4.3,7.7,1.3,244,21,4.9,8.4,1.4,244,22,4.3,7.7,1.3,244,21,702,28.41,,0,0,0,67.8,66.7,66.4,0.26,0.17,0.16
ANDE,2017-08-21 11:50:00 EDT,42.18227,-74.80139,1700,75.9,75.3,75.9,59.2,60.7,0.000,0.000,0.00,0.000,3.9,7.7,1.7,241,26,4.6,8.7,1.8,241,28,3.9,7.7,1.7,241,26,709,28.41,,0,0,0,67.8,66.7,66.4,0.26,0.17,0.16
ANDE,2017-08-21 11:55:00 EDT,42.18227,-74.80139,1700,75.6,75.1,75.6,58.6,60.1,0.000,0.000,0.00,0.000,7.1,12.9,2.3,287,33,8.0,14.9,2.6,286,33,7.1,12.9,2.3,287,33,703,28.41,,0,0,0,67.8,66.7,66.4,0.26,0.17,0.16
ANDE,2017-08-21 12:00:00 EDT,42.18227,-74.80139,1700,75.6,75.3,75.6,58.9,60.3,0.000,0.000,0.00,0.000,6.3,9.9,1.4,279,22,7.1,10.9,1.7,277,22,6.3,9.9,1.4,279,22,745,28.41,,0,0,0,67.8,66.7,66.4,0.26,0.17,0.16
ANDE,2017-08-21 12:05:00 EDT,42.18227,-74.80139,1700,76.1,75.4,76.1,60.9,61.6,0.000,0.000,0.00,0.000,5.3,9.2,1.9,250,25,6.2,11.4,2.1,250,27,5.3,9.2,1.9,250,25,773,28.40,,0,0,0,67.8,66.7,66.4,0.26,0.17,0.16
ANDE,2017-08-21 12:10:00 EDT,42.18227,-74.80139,1700,76.2,75.7,76.2,60.8,61.7,0.000,0.000,0.00,0.000,4.1,7.1,1.6,256,33,4.9,9.5,1.8,253,34,4.1,7.1,1.6,256,33,713,28.40,,0,0,0,67.9,66.7,66.4,0.26,0.17,0.16
ANDE,2017-08-21 12:15:00 EDT,42.18227,-74.80139,1700,76.4,75.8,76.4,60.2,61.6,0.000,0.000,0.00,0.000,8.6,11.9,1.6,197,15,9.5,13.4,1.8,193,13,8.6,11.9,1.6,197,15,704,28.40,,0,0,0,68.2,66.7,66.4,0.26,0.17,0.16
ANDE,2017-08-21 12:20:00 EDT,42.18227,-74.80139,1700,76.2,75.7,76.2,60.9,61.7,0.000,0.000,0.00,0.000,8.4,13.3,2.2,215,21,9.1,14.4,2.3,211,20,8.4,13.3,2.2,215,21,780,28.40,,0,0,0,68.2,66.7,66.4,0.27,0.17,0.16
ANDE,2017-08-21 12:25:00 EDT,42.18227,-74.80139,1700,76.5,75.9,76.5,60.6,61.8,0.000,0.000,0.00,0.000,7.7,12.0,2.3,228,18,8.3,14.6,2.6,224,18,7.7,12.0,2.3,228,18,758,28.40,,0,0,0,68.2,66.7,66.4,0.27,0.17,0.16
ANDE,2017-08-21 12:30:00 EDT,42.18227,-74.80139,1700,76.5,75.8,76.5,60.5,61.8,0.000,0.000,0.00,0.000,6.9,11.7,2.7,197,14,7.6,12.9,2.9,192,12,6.9,11.7,2.7,197,14,875,28.40,,0,0,0,68.2,66.7,66.4,0.26,0.17,0.16
ANDE,2017-08-21 12:35:00 EDT,42.18227,-74.80139,1700,76.6,76.0,76.6,60.3,61.9,0.000,0.000,0.00,0.000,7.7,12.6,2.0,213,21,8.5,14.2,2.3,209,21,7.7,12.6,2.0,213,21,741,28.40,,0,0,0,68.5,66.7,66.4,0.26,0.17,0.16
ANDE,2017-08-21 12:40:00 EDT,42.18227,-74.80139,1700,76.9,76.4,76.9,61.5,62.7,0.000,0.000,0.00,0.000,3.1,5.9,1.1,257,30,4.0,6.5,1.3,255,31,3.1,5.9,1.1,257,30,727,28.39,,0,0,0,68.5,66.7,66.4,0.26,0.17,0.16
ANDE,2017-08-21 12:45:00 EDT,42.18227,-74.80139,1700,77.6,77.1,77.6,59.0,62.1,0.000,0.000,0.00,0.000,4.8,14.3,2.6,226,38,5.8,19.2,2.8,222,39,4.8,14.3,2.6,226,38,819,28.39,,0,0,0,68.5,66.7,66.4,0.26,0.17,0.16
ANDE,2017-08-21 12:50:00 EDT,42.18227,-74.80139,1700,77.2,76.7,77.2,58.3,61.5,0.000,0.000,0.00,0.000,6.3,11.8,2.3,236,38,7.2,14.7,2.6,234,40,6.3,11.8,2.3,236,38,790,28.39,,0,0,0,68.5,66.7,66.4,0.26,0.17,0.16
ANDE,2017-08-21 12:55:00 EDT,42.18227,-74.80139,1700,77.4,76.7,77.4,59.8,62.3,0.000,0.000,0.00,0.000,5.2,10.7,2.1,201,36,6.1,10.5,2.2,200,34,5.2,10.7,2.1,201,36,734,28.39,,0,0,0,68.5,66.7,66.4,0.26,0.17,0.16
ANDE,2017-08-21 13:00:00 EDT,42.18227,-74.80139,1700,77.5,76.9,77.5,59.7,62.3,0.000,0.000,0.00,0.000,4.7,9.3,1.6,205,18,5.4,10.9,1.8,201,15,4.7,9.3,1.6,205,18,750,28.39,,0,0,0,68.7,66.7,66.4,0.26,0.17,0.16
ANDE,2017-08-21 13:05:00 EDT,42.18227,-74.80139,1700,77.7,77.2,77.7,58.4,62.0,0.000,0.000,0.00,0.000,7.4,11.2,1.7,207,26,8.2,12.7,1.9,203,23,7.4,11.2,1.7,207,26,790,28.39,,0,0,0,68.9,66.7,66.4,0.26,0.17,0.16
ANDE,2017-08-21 13:10:00 EDT,42.18227,-74.80139,1700,77.9,77.3,77.9,58.7,62.3,0.000,0.000,0.00,0.000,6.0,11.0,2.1,240,33,6.8,13.3,2.3,238,33,6.0,11.0,2.1,240,33,796,28.39,,0,0,0,68.9,66.7,66.4,0.26,0.17,0.16
ANDE,2017-08-21 13:15:00 EDT,42.18227,-74.80139,1700,78.1,77.4,78.1,57.2,61.7,0.000,0.000,0.00,0.000,8.6,12.9,2.2,209,20,9.4,14.2,2.3,205,17,8.6,12.9,2.2,209,20,795,28.39,,0,0,0,68.9,66.7,66.4,0.26,0.17,0.16
ANDE,2017-08-21 13:20:00 EDT,42.18227,-74.80139,1700,78.1,77.6,78.1,56.8,61.5,0.000,0.000,0.00,0.000,7.5,15.2,2.7,223,16,8.4,16.3,2.5,219,16,7.5,15.2,2.7,223,16,796,28.39,,0,0,0,69.0,66.7,66.4,0.26,0.17,0.16
ANDE,2017-08-21 13:25:00 EDT,42.18227,-74.80139,1700,78.2,77.6,78.2,56.2,61.3,0.000,0.000,0.00,0.000,7.9,12.4,2.0,223,19,8.6,13.9,2.1,218,20,7.9,12.4,2.0,223,19,818,28.39,,0,0,0,69.3,66.7,66.4,0.26,0.17,0.16
ANDE,2017-08-21 13:30:00 EDT,42.18227,-74.80139,1700,78.5,77.9,78.5,55.9,61.4,0.000,0.000,0.00,0.000,4.0,11.2,2.1,302,27,4.6,13.4,2.3,300,28,4.0,11.2,2.1,302,27,737,28.39,,0,0,0,69.3,66.7,66.4,0.26,0.17,0.16
ANDE,2017-08-21 13:35:00 EDT,42.18227,-74.80139,1700,78.7,78.1,78.7,57.0,62.2,0.000,0.000,0.00,0.000,6.6,13.6,3.2,253,48,7.4,14.3,3.2,246,51,6.6,13.6,3.2,253,48,719,28.39,,0,0,0,69.3,66.7,66.4,0.26,0.17,0.16
ANDE,2017-08-21 13:40:00 EDT,42.18227,-74.80139,1700,78.3,77.8,78.3,56.0,61.3,0.000,0.000,0.00,0.000,7.4,13.2,2.6,238,16,7.9,13.6,2.7,235,16,7.4,13.2,2.6,238,16,776,28.39,,0,0,0,69.3,66.7,66.4,0.26,0.17,0.16
ANDE,2017-08-21 13:45:00 EDT,42.18227,-74.80139,1700,78.4,77.9,78.4,56.3,61.6,0.000,0.000,0.00,0.000,6.4,12.3,3.0,231,23,7.1,14.6,3.1,227,24,6.4,12.3,3.0,231,23,560,28.39,,0,0,0,69.6,66.7,66.4,0.26,0.17,0.16
ANDE,2017-08-21 13:50:00 EDT,42.18227,-74.80139,1700,77.9,77.6,77.9,56.8,61.3,0.000,0.000,0.00,0.000,7.4,12.1,1.8,243,11,8.3,14.2,1.8,240,12,7.4,12.1,1.8,243,11,416,28.38,,0,0,0,69.6,66.7,66.4,0.26,0.17,0.16
ANDE,2017-08-21 13:55:00 EDT,42.18227,-74.80139,1700,77.8,77.6,77.8,59.1,62.4,0.000,0.000,0.00,0.000,5.6,13.3,3.4,243,26,6.8,14.5,3.3,242,28,5.6,13.3,3.4,243,26,557,28.38,,0,0,0,69.6,66.7,66.4,0.26,0.17,0.16
ANDE,2017-08-21 14:00:00 EDT,42.18227,-74.80139,1700,78.1,77.7,78.1,57.3,61.8,0.000,0.000,0.00,0.000,6.7,13.6,2.8,242,21,7.6,14.7,3.0,239,22,6.7,13.6,2.8,242,21,537,28.38,,0,0,0,69.7,66.7,66.4,0.26,0.17,0.16
ANDE,2017-08-21 14:05:00 EDT,42.18227,-74.80139,1700,77.5,77.4,77.5,58.2,61.7,0.000,0.000,0.00,0.000,9.1,14.2,2.2,241,9,9.8,14.2,2.1,239,8,9.1,14.2,2.2,241,9,301,28.38,,0,0,0,70.0,66.7,66.4,0.26,0.17,0.15
ANDE,2017-08-21 14:10:00 EDT,42.18227,-74.80139,1700,77.3,77.2,77.3,60.5,62.5,0.000,0.000,0.00,0.000,5.1,9.7,2.0,228,37,5.8,11.3,2.2,224,38,5.1,9.7,2.0,228,37,299,28.38,,0,0,0,70.0,66.7,66.4,0.26,0.17,0.16
ANDE,2017-08-21 14:15:00 EDT,42.18227,-74.80139,1700,77.1,77.2,77.1,61.3,62.8,0.000,0.000,0.00,0.000,7.8,13.4,2.2,200,16,8.6,14.6,2.4,196,16,7.8,13.4,2.2,200,16,328,28.38,,0,0,0,70.0,66.7,66.4,0.26,0.17,0.16
ANDE,2017-08-21 14:20:00 EDT,42.18227,-74.80139,1700,77.3,77.3,77.3,60.0,62.3,0.000,0.000,0.00,0.000,6.5,10.8,2.0,216,16,7.0,11.7,2.1,212,16,6.5,10.8,2.0,216,16,321,28.38,,0,0,0,70.0,66.7,66.4,0.26,0.17,0.16
ANDE,2017-08-21 14:25:00 EDT,42.18227,-74.80139,1700,77.2,77.2,77.2,61.4,62.9,0.000,0.000,0.00,0.000,4.7,7.8,1.4,228,25,5.4,9.0,1.5,224,26,4.7,7.8,1.4,228,25,298,28.38,,0,0,0,70.3,66.7,66.4,0.26,0.17,0.16
ANDE,2017-08-21 14:30:00 EDT,42.18227,-74.80139,1700,77.0,77.1,77.0,63.6,63.7,0.000,0.000,0.00,0.000,5.5,8.8,1.3,194,20,6.0,9.4,1.3,191,18,5.5,8.8,1.3,194,20,189,28.37,,0,0,0,70.3,66.7,66.4,0.26,0.17,0.16
ANDE,2017-08-21 14:35:00 EDT,42.18227,-74.80139,1700,76.8,76.9,76.8,65.1,64.2,0.000,0.000,0.00,0.000,4.3,7.0,0.9,198,23,4.8,7.4,1.0,193,21,4.3,7.0,0.9,198,23,155,28.37,,0,0,0,70.3,66.7,66.4,0.26,0.17,0.16
ANDE,2017-08-21 14:40:00 EDT,42.18227,-74.80139,1700,76.5,76.5,76.5,66.3,64.4,0.000,0.000,0.00,0.000,4.9,8.3,1.7,204,23,5.6,9.5,1.7,200,22,4.9,8.3,1.7,204,23,177,28.37,,0,0,0,70.4,66.7,66.4,0.26,0.17,0.16
ANDE,2017-08-21 14:45:00 EDT,42.18227,-74.80139,1700,76.2,76.3,76.2,66.5,64.2,0.000,0.000,0.00,0.000,4.0,7.9,1.4,205,33,4.4,9.5,1.5,201,34,4.0,7.9,1.4,205,33,192,28.37,,0,0,0,70.7,66.7,66.4,0.26,0.17,0.15
ANDE,2017-08-21 14:50:00 EDT,42.18227,-74.80139,1700,76.2,76.2,76.2,67.1,64.5,0.000,0.000,0.00,0.000,4.1,6.9,1.3,183,16,4.8,8.5,1.4,180,14,4.1,6.9,1.3,183,16,233,28.37,,0,0,0,70.7,66.8,66.4,0.26,0.17,0.16
ANDE,2017-08-21 14:55:00 EDT,42.18227,-74.80139,1700,75.7,75.7,75.7,69.2,64.9,0.000,0.000,0.00,0.000,6.9,11.3,1.7,180,21,7.7,12.6,2.0,177,19,6.9,11.3,1.7,180,21,236,28.36,,0,0,0,70.7,66.8,66.4,0.26,0.17,0.16
ANDE,2017-08-21 15:00:00 EDT,42.18227,-74.80139,1700,75.5,75.5,75.5,70.2,65.1,0.000,0.000,0.00,0.000,6.3,10.4,1.7,189,16,6.9,14.1,2.0,185,13,6.3,10.4,1.7,189,16,261,28.37,,0,0,0,70.7,66.8,66.4,0.26,0.17,0.16
ANDE,2017-08-21 15:05:00 EDT,42.18227,-74.80139,1700,75.6,75.6,75.6,69.7,65.0,0.000,0.000,0.00,0.000,6.7,9.3,1.6,192,10,7.4,10.2,1.7,189,9,6.7,9.3,1.6,192,10,305,28.37,,0,0,0,70.7,67.0,66.4,0.26,0.17,0.16
ANDE,2017-08-21 15:10:00 EDT,42.18227,-74.80139,1700,75.8,75.7,75.8,69.1,64.9,0.000,0.000,0.00,0.000,6.3,11.1,2.0,195,12,7.0,12.6,2.1,190,11,6.3,11.1,2.0,195,12,302,28.37,,0,0,0,70.9,67.1,66.4,0.26,0.17,0.16
ANDE,2017-08-21 15:15:00 EDT,42.18227,-74.80139,1700,75.9,75.8,75.9,68.1,64.6,0.000,0.000,0.00,0.000,6.6,9.9,1.6,186,15,7.4,11.3,1.7,183,14,6.6,9.9,1.6,186,15,305,28.37,,0,0,0,71.0,67.1,66.4,0.26,0.17,0.16
ANDE,2017-08-21 15:20:00 EDT,42.18227,-74.80139,1700,75.9,75.8,75.9,68.5,64.7,0.000,0.000,0.00,0.000,5.4,10.7,2.2,190,17,6.2,11.6,2.2,187,17,5.4,10.7,2.2,190,17,256,28.37,,0,0,0,71.1,67.1,66.4,0.26,0.17,0.15
ANDE,2017-08-21 15:25:00 EDT,42.18227,-74.80139,1700,75.8,75.7,75.8,69.3,65.0,0.000,0.000,0.00,0.000,4.7,7.7,1.1,192,19,5.3,9.4,1.3,188,18,4.7,7.7,1.1,192,19,294,28.37,,0,0,0,71.1,67.1,66.4,0.26,0.17,0.16
ANDE,2017-08-21 15:30:00 EDT,42.18227,-74.80139,1700,76.2,76.0,76.2,69.4,65.5,0.000,0.000,0.00,0.000,3.6,6.3,1.5,198,18,4.3,7.1,1.6,194,18,3.6,6.3,1.5,198,18,426,28.37,,0,0,0,71.1,67.1,66.4,0.26,0.17,0.16
ANDE,2017-08-21 15:35:00 EDT,42.18227,-74.80139,1700,76.5,76.2,76.5,69.1,65.6,0.000,0.000,0.00,0.000,4.5,7.2,1.1,201,12,5.1,8.8,1.3,196,11,4.5,7.2,1.1,201,12,470,28.37,,0,0,0,71.1,67.1,66.4,0.26,0.17,0.16
ANDE,2017-08-21 15:40:00 EDT,42.18227,-74.80139,1700,77.3,76.7,77.3,67.9,65.8,0.000,0.000,0.00,0.000,5.8,9.8,2.1,198,27,6.6,11.0,2.2,194,25,5.8,9.8,2.1,198,27,609,28.37,,0,0,0,71.1,67.1,66.4,0.26,0.17,0.16
ANDE,2017-08-21 15:45:00 EDT,42.18227,-74.80139,1700,77.0,76.5,77.0,66.5,65.0,0.000,0.000,0.00,0.000,4.0,8.6,1.8,196,34,4.6,10.6,2.1,187,34,4.0,8.6,1.8,196,34,411,28.37,,0,0,0,71.1,67.1,66.4,0.26,0.17,0.16
ANDE,2017-08-21 15:50:00 EDT,42.18227,-74.80139,1700,76.5,76.3,76.5,67.0,64.7,0.000,0.000,0.00,0.000,5.3,10.3,1.6,202,23,5.9,12.7,1.8,199,22,5.3,10.3,1.6,202,23,273,28.37,,0,0,0,71.3,67.1,66.4,0.26,0.17,0.15
ANDE,2017-08-21 15:55:00 EDT,42.18227,-74.80139,1700,76.2,76.1,76.2,67.7,64.7,0.000,0.000,0.00,0.000,4.7,11.0,1.8,199,22,5.2,11.7,2.0,195,21,4.7,11.0,1.8,199,22,192,28.37,,0,0,0,71.4,67.1,66.4,0.26,0.17,0.16
ANDE,2017-08-21 16:00:00 EDT,42.18227,-74.80139,1700,75.9,75.9,75.9,67.8,64.5,0.000,0.000,0.00,0.000,6.1,11.7,2.0,216,19,6.6,12.2,2.0,211,19,6.1,11.7,2.0,216,19,272,28.36,,0,0,0,71.4,67.1,66.4,0.26,0.17,0.15
ANDE,2017-08-21 16:05:00 EDT,42.18227,-74.80139,1700,76.1,76.0,76.1,67.8,64.7,0.000,0.000,0.00,0.000,5.5,9.9,1.6,210,13,6.2,10.3,1.5,206,13,5.5,9.9,1.6,210,13,342,28.36,,0,0,0,71.4,67.1,66.4,0.26,0.17,0.16
ANDE,2017-08-21 16:10:00 EDT,42.18227,-74.80139,1700,76.8,76.3,76.8,68.4,65.6,0.000,0.000,0.00,0.000,4.6,10.6,2.1,177,17,5.3,11.5,2.2,175,17,4.6,10.6,2.1,177,17,539,28.36,,0,0,0,71.4,67.1,66.4,0.26,0.17,0.16
ANDE,2017-08-21 16:15:00 EDT,42.18227,-74.80139,1700,76.9,76.6,76.9,67.7,65.4,0.000,0.000,0.00,0.000,4.0,6.2,1.1,178,20,4.6,7.1,1.2,175,20,4.0,6.2,1.1,178,20,258,28.36,,0,0,0,71.4,67.1,66.4,0.26,0.17,0.16
ANDE,2017-08-21 16:20:00 EDT,42.18227,-74.80139,1700,76.8,76.5,76.8,68.1,65.5,0.000,0.000,0.00,0.000,3.6,7.2,1.6,169,25,4.1,7.9,1.6,165,22,3.6,7.2,1.6,169,25,486,28.36,,0,0,0,71.4,67.1,66.4,0.26,0.17,0.15
ANDE,2017-08-21 16:25:00 EDT,42.18227,-74.80139,1700,77.2,76.8,77.2,66.4,65.1,0.000,0.000,0.00,0.000,5.0,8.8,1.7,169,23,5.6,11.0,1.9,167,22,5.0,8.8,1.7,169,23,538,28.36,,0,0,0,71.4,67.1,66.4,0.26,0.17,0.15
ANDE,2017-08-21 16:30:00 EDT,42.18227,-74.80139,1700,77.6,77.1,77.6,65.6,65.1,0.000,0.000,0.00,0.000,4.4,9.0,1.8,186,24,5.1,9.5,1.9,182,21,4.4,9.0,1.8,186,24,514,28.35,,0,0,0,71.4,67.1,66.4,0.26,0.17,0.15
ANDE,2017-08-21 16:35:00 EDT,42.18227,-74.80139,1700,78.0,77.6,78.0,65.7,65.6,0.000,0.000,0.00,0.000,2.8,5.3,1.3,172,28,3.5,6.5,1.5,170,26,2.8,5.3,1.3,172,28,499,28.35,,0,0,0,71.4,67.2,66.4,0.26,0.17,0.15
ANDE,2017-08-21 16:40:00 EDT,42.18227,-74.80139,1700,78.0,77.6,78.0,64.5,65.1,0.000,0.000,0.00,0.000,6.8,11.5,2.3,192,18,7.6,12.5,2.5,188,17,6.8,11.5,2.3,192,18,486,28.35,,0,0,0,71.4,67.1,66.4,0.26,0.17,0.15
ANDE,2017-08-21 16:45:00 EDT,42.18227,-74.80139,1700,77.9,77.6,77.9,64.0,64.8,0.000,0.000,0.00,0.000,7.7,14.6,2.2,184,13,8.5,16.1,2.3,182,12,7.7,14.6,2.2,184,13,469,28.35,,0,0,0,71.4,67.3,66.4,0.26,0.17,0.15
ANDE,2017-08-21 16:50:00 EDT,42.18227,-74.80139,1700,78.0,77.7,78.0,63.8,64.8,0.000,0.000,0.00,0.000,5.4,8.8,1.4,195,11,6.1,10.0,1.6,191,10,5.4,8.8,1.4,195,11,457,28.35,,0,0,0,71.4,67.5,66.4,0.26,0.17,0.15
ANDE,2017-08-21 16:55:00 EDT,42.18227,-74.80139,1700,78.2,77.9,78.2,65.1,65.5,0.000,0.000,0.00,0.000,5.9,10.6,1.7,205,16,6.4,12.2,1.8,200,14,5.9,10.6,1.7,205,16,443,28.35,,0,0,0,71.4,67.5,66.4,0.26,0.17,0.15
ANDE,2017-08-21 17:00:00 EDT,42.18227,-74.80139,1700,78.0,77.7,78.0,65.0,65.3,0.000,0.000,0.00,0.000,5.6,8.2,1.3,200,12,6.3,9.2,1.3,195,11,5.6,8.2,1.3,200,12,428,28.35,,0,0,0,71.5,67.5,66.4,0.26,0.17,0.15
ANDE,2017-08-21 17:05:00 EDT,42.18227,-74.80139,1700,78.1,77.8,78.1,65.9,65.8,0.000,0.000,0.00,0.000,6.0,9.9,1.1,181,28,6.7,10.7,1.2,180,26,6.0,9.9,1.1,181,28,414,28.35,,0,0,0,71.7,67.5,66.4,0.26,0.17,0.15
ANDE,2017-08-21 17:10:00 EDT,42.18227,-74.80139,1700,78.2,77.9,78.2,65.4,65.7,0.000,0.000,0.00,0.000,4.6,8.5,1.4,192,20,5.2,9.4,1.6,188,17,4.6,8.5,1.4,192,20,403,28.35,,0,0,0,71.8,67.5,66.4,0.26,0.17,0.15
ANDE,2017-08-21 17:15:00 EDT,42.18227,-74.80139,1700,78.2,77.9,78.2,66.6,66.1,0.000,0.000,0.00,0.000,4.2,6.6,1.3,207,19,4.6,7.6,1.4,203,18,4.2,6.6,1.3,207,19,381,28.35,,0,0,0,71.8,67.5,66.4,0.26,0.17,0.15
ANDE,2017-08-21 17:20:00 EDT,42.18227,-74.80139,1700,78.1,77.8,78.1,65.9,65.7,0.000,0.000,0.00,0.000,5.5,8.0,1.2,198,15,6.0,8.1,1.3,193,12,5.5,8.0,1.2,198,15,370,28.35,,0,0,0,71.8,67.5,66.4,0.26,0.17,0.15
ANDE,2017-08-21 17:25:00 EDT,42.18227,-74.80139,1700,78.2,78.0,78.2,65.9,65.9,0.000,0.000,0.00,0.000,5.9,8.0,1.2,200,18,6.6,11.1,1.4,196,18,5.9,8.0,1.2,200,18,364,28.35,,0,0,0,71.8,67.5,66.4,0.26,0.17,0.15
ANDE,2017-08-21 17:30:00 EDT,42.18227,-74.80139,1700,78.3,78.1,78.3,64.9,65.5,0.000,0.000,0.00,0.000,6.6,11.3,1.8,211,29,7.5,12.8,1.9,206,30,6.6,11.3,1.8,211,29,348,28.35,,0,0,0,71.8,67.5,66.4,0.26,0.17,0.15
ANDE,2017-08-21 17:35:00 EDT,42.18227,-74.80139,1700,78.3,78.1,78.3,64.6,65.4,0.000,0.000,0.00,0.000,5.4,9.3,1.6,216,31,6.1,10.4,1.7,213,31,5.4,9.3,1.6,216,31,331,28.35,,0,0,0,71.8,67.5,66.4,0.26,0.17,0.15
ANDE,2017-08-21 17:40:00 EDT,42.18227,-74.80139,1700,78.3,78.1,78.3,65.5,65.8,0.000,0.000,0.00,0.000,4.1,8.0,1.7,227,23,4.8,8.1,1.6,223,21,4.1,8.0,1.7,227,23,318,28.34,,0,0,0,71.8,67.5,66.4,0.26,0.17,0.15
ANDE,2017-08-21 17:45:00 EDT,42.18227,-74.80139,1700,78.2,78.1,78.2,64.2,65.1,0.000,0.000,0.00,0.000,5.5,8.8,1.3,222,16,5.9,8.7,1.4,217,18,5.5,8.8,1.3,222,16,303,28.34,,0,0,0,71.8,67.5,66.4,0.26,0.17,0.15
ANDE,2017-08-21 17:50:00 EDT,42.18227,-74.80139,1700,78.2,78.1,78.2,65.1,65.5,0.000,0.000,0.00,0.000,3.8,8.7,1.9,233,30,4.4,9.5,2.0,230,32,3.8,8.7,1.9,233,30,255,28.34,,0,0,0,71.8,67.5,66.4,0.26,0.17,0.15
ANDE,2017-08-21 17:55:00 EDT,42.18227,-74.80139,1700,78.2,78.2,78.2,65.1,65.5,0.000,0.000,0.00,0.000,4.7,8.6,1.5,211,23,5.2,9.8,1.8,207,22,4.7,8.6,1.5,211,23,264,28.34,,0,0,0,71.8,67.5,66.4,0.26,0.17,0.15
ANDE,2017-08-21 18:00:00 EDT,42.18227,-74.80139,1700,77.9,77.9,77.9,66.0,65.6,0.000,0.000,0.00,0.000,3.7,9.4,1.7,222,17,4.0,9.8,1.8,217,18,3.7,9.4,1.7,222,17,132,28.34,,0,0,0,71.8,67.5,66.4,0.26,0.17,0.15
ANDE,2017-08-21 18:05:00 EDT,42.18227,-74.80139,1700,77.8,77.8,77.8,66.1,65.6,0.000,0.000,0.00,0.000,2.2,4.4,1.0,241,22,2.6,5.8,1.1,241,21,2.2,4.4,1.0,241,22,241,28.34,,0,0,0,71.9,67.7,66.4,0.26,0.17,0.15
ANDE,2017-08-21 18:10:00 EDT,42.18227,-74.80139,1700,77.6,77.5,77.6,67.2,65.9,0.000,0.000,0.00,0.000,3.9,7.3,1.1,210,15,4.6,8.1,1.3,206,12,3.9,7.3,1.1,210,15,180,28.34,,0,0,0,71.9,67.8,66.4,0.26,0.17,0.15
ANDE,2017-08-21 18:15:00 EDT,42.18227,-74.80139,1700,77.5,77.7,77.5,67.5,65.9,0.000,0.000,0.00,0.000,5.4,8.5,1.3,198,9,6.0,9.0,1.4,194,8,5.4,8.5,1.3,198,9,159,28.34,,0,0,0,72.1,67.8,66.4,0.26,0.17,0.15
ANDE,2017-08-21 18:20:00 EDT,42.18227,-74.80139,1700,77.2,77.4,77.2,68.9,66.2,0.000,0.000,0.00,0.000,4.0,6.7,1.1,207,24,4.5,7.7,1.3,201,23,4.0,6.7,1.1,207,24,158,28.34,,0,0,0,72.3,67.8,66.4,0.26,0.17,0.15
ANDE,2017-08-21 18:25:00 EDT,42.18227,-74.80139,1700,77.3,77.6,77.3,68.4,66.1,0.000,0.000,0.00,0.000,6.1,7.8,1.0,188,15,6.8,9.5,1.2,185,14,6.1,7.8,1.0,188,15,57,28.33,,0,0,0,72.3,67.8,66.4,0.26,0.17,0.15
ANDE,2017-08-21 18:30:00 EDT,42.18227,-74.80139,1700,76.9,77.3,76.9,68.9,65.9,0.000,0.000,0.00,0.000,5.3,10.0,1.8,189,17,5.9,11.4,2.0,186,14,5.3,10.0,1.8,189,17,44,28.33,,0,0,0,72.3,67.8,66.4,0.26,0.17,0.15
ANDE,2017-08-21 18:35:00 EDT,42.18227,-74.80139,1700,76.0,76.4,76.0,71.3,66.0,0.000,0.000,0.00,0.000,3.3,7.1,1.1,222,21,3.7,8.5,1.2,221,18,3.3,7.1,1.1,222,21,35,28.33,,0,0,0,72.3,67.8,66.4,0.26,0.17,0.15
ANDE,2017-08-21 18:40:00 EDT,42.18227,-74.80139,1700,75.4,75.8,75.4,72.8,66.1,0.000,0.000,0.00,0.000,1.4,3.5,0.9,197,23,1.8,3.7,0.9,193,23,1.4,3.5,0.9,197,23,35,28.33,,0,0,0,72.3,67.8,66.4,0.26,0.17,0.15
ANDE,2017-08-21 18:45:00 EDT,42.18227,-74.80139,1700,75.1,75.6,75.1,73.7,66.1,0.000,0.000,0.00,0.000,1.5,3.4,0.8,224,21,1.7,3.9,0.7,222,21,1.5,3.4,0.8,224,21,31,28.33,,0,0,0,72.3,67.8,66.4,0.26,0.17,0.15
ANDE,2017-08-21 18:50:00 EDT,42.18227,-74.80139,1700,74.9,75.2,74.9,74.2,66.2,0.000,0.000,0.00,0.000,0.5,2.1,0.7,232,19,0.9,2.6,0.7,237,29,0.5,2.1,0.7,232,19,28,28.33,,0,0,0,72.3,67.8,66.4,0.26,0.17,0.15
ANDE,2017-08-21 18:55:00 EDT,42.18227,-74.80139,1700,74.2,74.6,74.2,76.3,66.3,0.000,0.000,0.00,0.000,0.8,2.0,0.6,274,29,1.2,2.5,0.7,274,30,0.8,2.0,0.6,274,29,28,28.33,,0,0,0,72.3,67.8,66.4,0.26,0.17,0.15
ANDE,2017-08-21 19:00:00 EDT,42.18227,-74.80139,1700,73.8,74.4,73.8,77.8,66.5,0.000,0.000,0.00,0.000,0.8,1.7,0.4,246,35,1.2,2.3,0.5,247,36,0.8,1.7,0.4,246,35,33,28.34,,0,0,0,72.3,67.8,66.4,0.26,0.17,0.15
ANDE,2017-08-21 19:05:00 EDT,42.18227,-74.80139,1700,74.3,74.8,74.3,76.9,66.6,0.000,0.000,0.00,0.000,0.7,2.5,0.8,244,24,1.0,2.8,0.8,236,38,0.7,2.5,0.8,244,24,35,28.34,,0,0,0,72.3,67.8,66.4,0.26,0.17,0.15
ANDE,2017-08-21 19:10:00 EDT,42.18227,-74.80139,1700,74.2,74.8,74.2,77.1,66.5,0.000,0.000,0.00,0.000,0.8,2.5,0.7,130,15,1.1,2.7,0.6,128,17,0.8,2.5,0.7,130,15,26,28.33,,0,0,0,72.3,67.8,66.4,0.26,0.17,0.15
ANDE,2017-08-21 19:15:00 EDT,42.18227,-74.80139,1700,73.9,74.8,73.9,77.3,66.3,0.000,0.000,0.00,0.000,1.8,3.4,0.6,139,24,2.1,3.4,0.6,135,23,1.8,3.4,0.6,139,24,16,28.34,,0,0,0,72.3,67.8,66.4,0.26,0.17,0.15
ANDE,2017-08-21 19:20:00 EDT,42.18227,-74.80139,1700,73.7,74.4,73.7,77.4,66.2,0.000,0.000,0.00,0.000,1.7,2.9,0.5,150,18,2.0,3.6,0.6,147,17,1.7,2.9,0.5,150,18,12,28.34,,0,0,0,72.3,67.8,66.4,0.26,0.17,0.15
ANDE,2017-08-21 19:25:00 EDT,42.18227,-74.80139,1700,73.5,74.0,73.5,78.6,66.4,0.000,0.000,0.00,0.000,1.9,3.0,0.5,158,14,2.2,3.5,0.5,155,16,1.9,3.0,0.5,158,14,10,28.34,,0,0,0,72.3,67.8,66.4,0.26,0.17,0.15
ANDE,2017-08-21 19:30:00 EDT,42.18227,-74.80139,1700,73.0,73.6,73.0,79.7,66.4,0.000,0.000,0.00,0.000,1.8,2.8,0.5,120,20,2.0,3.8,0.6,114,18,1.8,2.8,0.5,120,20,10,28.34,,0,0,0,72.3,67.8,66.4,0.26,0.17,0.15
ANDE,2017-08-21 19:35:00 EDT,42.18227,-74.80139,1700,72.5,73.1,72.5,81.0,66.3,0.000,0.000,0.00,0.000,0.7,1.9,0.6,160,28,1.1,2.9,0.7,156,29,0.7,1.9,0.6,160,28,11,28.34,,0,0,0,72.3,67.8,66.4,0.26,0.17,0.15
ANDE,2017-08-21 19:40:00 EDT,42.18227,-74.80139,1700,71.7,72.6,71.7,83.7,66.5,0.000,0.000,0.00,0.000,1.0,1.8,0.4,101,17,1.3,2.1,0.5,96,19,1.0,1.8,0.4,101,17,12,28.34,,0,0,0,72.3,67.8,66.4,0.26,0.17,0.15
ANDE,2017-08-21 19:45:00 EDT,42.18227,-74.80139,1700,70.9,71.6,70.9,85.4,66.3,0.000,0.000,0.00,0.000,0.2,1.2,0.3,51,31,0.4,1.8,0.5,35,33,0.2,1.2,0.3,51,31,10,28.34,,0,0,0,72.3,67.8,66.4,0.26,0.17,0.16
ANDE,2017-08-21 19:50:00 EDT,42.18227,-74.80139,1700,71.4,72.4,71.4,85.7,66.9,0.000,0.000,0.00,0.000,1.0,1.9,0.3,120,16,1.3,2.1,0.3,116,18,1.0,1.9,0.3,120,16,4,28.34,,0,0,0,72.3,67.8,66.4,0.26,0.17,0.15
ANDE,2017-08-21 19:55:00 EDT,42.18227,-74.80139,1700,71.0,72.1,71.0,85.5,66.5,0.000,0.000,0.00,0.000,1.5,2.3,0.3,123,10,1.8,3.0,0.3,119,11,1.5,2.3,0.3,123,10,3,28.34,,0,0,0,72.3,67.8,66.4,0.26,0.17,0.15
ANDE,2017-08-21 20:00:00 EDT,42.18227,-74.80139,1700,70.7,71.1,70.7,86.7,66.6,0.000,0.000,0.00,0.000,1.1,1.8,0.3,115,12,1.4,2.1,0.3,113,15,1.1,1.8,0.3,115,12,1,28.34,,0,0,0,72.1,67.9,66.4,0.26,0.17,0.15
ANDE,2017-08-21 20:05:00 EDT,42.18227,-74.80139,1700,70.1,70.8,70.1,88.3,66.5,0.000,0.000,0.00,0.000,0.2,0.7,0.2,99,10,0.4,1.4,0.4,100,14,0.2,0.7,0.2,99,10,0,28.34,,0,0,0,72.0,67.9,66.4,0.26,0.17,0.15
ANDE,2017-08-21 20:10:00 EDT,42.18227,-74.80139,1700,69.9,70.5,69.9,89.4,66.7,0.000,0.000,0.00,0.000,0.1,0.7,0.2,102,1,0.2,1.3,0.4,100,4,0.1,0.7,0.2,102,1,0,28.34,,0,0,0,71.9,68.1,66.4,0.26,0.17,0.15
ANDE,2017-08-21 20:15:00 EDT,42.18227,-74.80139,1700,70.1,70.8,70.1,89.6,66.9,0.000,0.000,0.00,0.000,0.7,1.2,0.3,105,4,1.1,1.8,0.5,103,7,0.7,1.2,0.3,105,4,0,28.33,,0,0,0,71.8,68.2,66.4,0.26,0.17,0.15
ANDE,2017-08-21 20:20:00 EDT,42.18227,-74.80139,1700,69.6,70.3,69.6,89.6,66.4,0.000,0.000,0.00,0.000,0.0,0.0,0.0,0,0,0.2,0.9,0.4,342,34,0.0,0.0,0.0,0,0,0,28.33,,0,0,0,71.8,68.2,66.4,0.26,0.17,0.15
ANDE,2017-08-21 20:25:00 EDT,42.18227,-74.80139,1700,69.7,70.5,69.7,90.2,66.7,0.000,0.000,0.00,0.000,2.3,3.5,1.0,105,8,2.8,4.4,1.0,102,9,2.3,3.5,1.0,105,8,0,28.33,,0,0,0,71.8,68.2,66.4,0.26,0.17,0.15
ANDE,2017-08-21 20:30:00 EDT,42.18227,-74.80139,1700,69.8,70.4,69.8,89.5,66.6,0.000,0.000,0.00,0.000,2.8,3.9,0.6,94,11,3.4,4.6,0.7,92,10,2.8,3.9,0.6,94,11,0,28.33,,0,0,0,71.8,68.2,66.4,0.26,0.17,0.15
ANDE,2017-08-21 20:35:00 EDT,42.18227,-74.80139,1700,69.0,69.2,69.0,91.4,66.4,0.000,0.000,0.00,0.000,2.0,2.6,0.4,103,14,2.5,3.3,0.5,99,15,2.0,2.6,0.4,103,14,0,28.33,,0,0,0,71.8,68.2,66.4,0.26,0.17,0.15
ANDE,2017-08-21 20:40:00 EDT,42.18227,-74.80139,1700,68.6,68.8,68.6,92.3,66.3,0.000,0.000,0.00,0.000,0.3,1.2,0.4,54,20,0.7,1.9,0.6,30,29,0.3,1.2,0.4,54,20,0,28.33,,0,0,0,71.8,68.2,66.4,0.26,0.17,0.15
ANDE,2017-08-21 20:45:00 EDT,42.18227,-74.80139,1700,68.3,68.8,68.3,93.2,66.3,0.000,0.000,0.00,0.000,0.4,0.7,0.2,30,14,0.5,1.4,0.5,25,12,0.4,0.7,0.2,30,14,0,28.34,,0,0,0,71.8,68.2,66.4,0.26,0.17,0.15
ANDE,2017-08-21 20:50:00 EDT,42.18227,-74.80139,1700,68.3,68.7,68.3,93.8,66.4,0.000,0.000,0.00,0.000,0.6,1.4,0.6,343,11,1.0,2.2,0.6,343,16,0.6,1.4,0.6,343,11,0,28.34,,0,0,0,71.8,68.2,66.4,0.26,0.17,0.15
ANDE,2017-08-21 20:55:00 EDT,42.18227,-74.80139,1700,68.4,68.9,68.4,94.5,66.8,0.000,0.000,0.00,0.000,0.7,1.5,0.5,355,6,1.2,2.5,0.7,351,12,0.7,1.5,0.5,355,6,0,28.34,,0,0,0,71.8,68.2,66.4,0.26,0.17,0.15
ANDE,2017-08-21 21:00:00 EDT,42.18227,-74.80139,1700,68.6,68.8,68.6,93.8,66.7,0.000,0.000,0.00,0.000,1.2,2.6,0.7,71,15,1.5,3.1,0.8,64,16,1.2,2.6,0.7,71,15,0,28.34,,0,0,0,71.8,68.2,66.4,0.26,0.17,0.15
ANDE,2017-08-21 21:05:00 EDT,42.18227,-74.80139,1700,68.2,68.6,68.2,93.5,66.3,0.000,0.000,0.00,0.000,0.6,1.2,0.4,73,23,1.0,1.6,0.4,78,34,0.6,1.2,0.4,73,23,0,28.34,,0,0,0,71.8,68.2,66.4,0.26,0.17,0.15
ANDE,2017-08-21 21:10:00 EDT,42.18227,-74.80139,1700,67.8,68.1,67.8,93.7,65.9,0.000,0.000,0.00,0.000,0.4,1.2,0.4,115,6,0.6,1.9,0.6,108,9,0.4,1.2,0.4,115,6,0,28.34,,0,0,0,71.8,68.2,66.4,0.26,0.17,0.16
ANDE,2017-08-21 21:15:00 EDT,42.18227,-74.80139,1700,67.4,67.8,67.4,94.1,65.6,0.000,0.000,0.00,0.000,0.3,1.1,0.4,55,7,0.5,1.6,0.5,58,18,0.3,1.1,0.4,55,7,0,28.34,,0,0,0,71.6,68.2,66.4,0.26,0.17,0.15
ANDE,2017-08-21 21:20:00 EDT,42.18227,-74.80139,1700,67.5,68.4,67.5,94.9,66.0,0.000,0.000,0.00,0.000,1.4,2.2,0.4,103,6,1.8,2.6,0.4,101,7,1.4,2.2,0.4,103,6,0,28.34,,0,0,0,71.5,68.2,66.4,0.26,0.17,0.15
ANDE,2017-08-21 21:25:00 EDT,42.18227,-74.80139,1700,67.5,68.5,67.5,94.3,65.7,0.000,0.000,0.00,0.000,1.1,1.7,0.3,29,51,1.6,2.5,0.4,27,50,1.1,1.7,0.3,29,51,0,28.34,,0,0,0,71.4,68.2,66.4,0.26,0.17,0.15
ANDE,2017-08-21 21:30:00 EDT,42.18227,-74.80139,1700,67.0,68.5,67.0,94.6,65.4,0.000,0.000,0.00,0.000,1.3,2.8,0.8,113,22,1.8,3.5,0.6,109,23,1.3,2.8,0.8,113,22,0,28.34,,0,0,0,71.4,68.2,66.4,0.26,0.17,0.15
ANDE,2017-08-21 21:35:00 EDT,42.18227,-74.80139,1700,66.8,67.6,66.8,94.8,65.3,0.000,0.000,0.00,0.000,1.2,2.2,0.4,81,24,1.6,2.8,0.6,76,26,1.2,2.2,0.4,81,24,0,28.34,,0,0,0,71.4,68.2,66.4,0.26,0.17,0.15
ANDE,2017-08-21 21:40:00 EDT,42.18227,-74.80139,1700,66.7,67.1,66.7,95.4,65.3,0.000,0.000,0.00,0.000,0.6,1.4,0.4,80,27,1.1,1.9,0.4,75,29,0.6,1.4,0.4,80,27,0,28.34,,0,0,0,71.4,68.2,66.4,0.26,0.17,0.15
ANDE,2017-08-21 21:45:00 EDT,42.18227,-74.80139,1700,66.5,67.0,66.5,95.8,65.3,0.000,0.000,0.00,0.000,0.5,1.7,0.5,98,9,0.9,2.3,0.6,93,11,0.5,1.7,0.5,98,9,0,28.34,,0,0,0,71.4,68.2,66.4,0.26,0.17,0.15
ANDE,2017-08-21 21:50:00 EDT,42.18227,-74.80139,1700,66.3,66.7,66.3,95.9,65.1,0.000,0.000,0.00,0.000,0.3,1.8,0.5,101,9,0.5,2.2,0.7,75,31,0.3,1.8,0.5,101,9,0,28.34,,0,0,0,71.4,68.2,66.4,0.26,0.17,0.15
ANDE,2017-08-21 21:55:00 EDT,42.18227,-74.80139,1700,66.1,66.6,66.1,96.3,65.0,0.000,0.000,0.00,0.000,1.5,2.6,0.8,98,12,1.9,3.4,0.8,96,13,1.5,2.6,0.8,98,12,0,28.34,,0,0,0,71.4,68.2,66.4,0.26,0.17,0.15
ANDE,2017-08-21 22:00:00 EDT,42.18227,-74.80139,1700,66.0,66.9,66.0,96.4,65.0,0.000,0.000,0.00,0.000,2.0,2.5,0.2,92,12,2.4,3.3,0.3,89,13,2.0,2.5,0.2,92,12,0,28.34,,0,0,0,71.4,68.2,66.4,0.26,0.17,0.15
ANDE,2017-08-21 22:05:00 EDT,42.18227,-74.80139,1700,66.1,66.4,66.1,96.4,65.0,0.000,0.000,0.00,0.000,0.4,2.0,0.7,50,11,0.7,2.1,0.7,17,27,0.4,2.0,0.7,50,11,0,28.34,,0,0,0,71.4,68.2,66.4,0.26,0.17,0.15
ANDE,2017-08-21 22:10:00 EDT,42.18227,-74.80139,1700,65.8,66.5,65.8,96.4,64.8,0.000,0.000,0.00,0.000,0.1,0.9,0.3,15,1,0.5,1.3,0.5,18,9,0.1,0.9,0.3,15,1,0,28.34,,0,0,0,71.4,68.2,66.4,0.26,0.17,0.16
ANDE,2017-08-21 22:15:00 EDT,42.18227,-74.80139,1700,65.5,66.5,65.5,96.7,64.5,0.000,0.000,0.00,0.000,0.3,1.5,0.5,358,6,0.6,2.2,0.7,354,7,0.3,1.5,0.5,358,6,0,28.35,,0,0,0,71.4,68.2,66.4,0.26,0.17,0.16
ANDE,2017-08-21 22:20:00 EDT,42.18227,-74.80139,1700,65.7,66.5,65.7,97.2,64.9,0.000,0.000,0.00,0.000,0.5,1.1,0.3,24,21,0.9,1.7,0.5,11,24,0.5,1.1,0.3,24,21,0,28.35,,0,0,0,71.4,68.2,66.4,0.26,0.17,0.16
ANDE,2017-08-21 22:25:00 EDT,42.18227,-74.80139,1700,66.2,66.7,66.2,97.5,65.4,0.000,0.000,0.00,0.000,0.1,0.9,0.2,39,4,0.4,1.2,0.4,64,17,0.1,0.9,0.2,39,4,0,28.35,,0,0,0,71.2,68.2,66.4,0.26,0.17,0.16
ANDE,2017-08-21 22:30:00 EDT,42.18227,-74.80139,1700,65.8,66.4,65.8,96.9,64.9,0.000,0.000,0.00,0.000,0.8,1.5,0.4,20,18,1.2,2.0,0.4,11,18,0.8,1.5,0.4,20,18,0,28.34,,0,0,0,71.2,68.2,66.4,0.26,0.17,0.16
ANDE,2017-08-21 22:35:00 EDT,42.18227,-74.80139,1700,65.2,66.0,65.2,96.9,64.3,0.000,0.000,0.00,0.000,0.3,1.1,0.4,3,8,0.5,1.6,0.6,5,9,0.3,1.1,0.4,3,8,0,28.34,,0,0,0,71.1,68.2,66.4,0.26,0.17,0.16
ANDE,2017-08-21 22:40:00 EDT,42.18227,-74.80139,1700,65.4,66.2,65.4,97.3,64.6,0.000,0.000,0.00,0.000,0.6,2.3,0.8,95,12,1.0,2.9,0.9,92,15,0.6,2.3,0.8,95,12,0,28.34,,0,0,0,71.1,68.3,66.4,0.26,0.17,0.15
ANDE,2017-08-21 22:45:00 EDT,42.18227,-74.80139,1700,65.4,66.0,65.4,97.4,64.7,0.000,0.000,0.00,0.000,0.8,2.0,0.6,73,7,1.0,3.0,0.8,65,10,0.8,2.0,0.6,73,7,0,28.34,,0,0,0,71.1,68.3,66.4,0.26,0.17,0.16
ANDE,2017-08-21 22:50:00 EDT,42.18227,-74.80139,1700,65.3,65.8,65.3,97.2,64.4,0.000,0.000,0.00,0.000,0.7,1.7,0.5,90,16,1.1,2.4,0.6,85,20,0.7,1.7,0.5,90,16,0,28.34,,0,0,0,71.1,68.3,66.4,0.26,0.17,0.16
ANDE,2017-08-21 22:55:00 EDT,42.18227,-74.80139,1700,65.0,66.2,65.0,97.2,64.2,0.000,0.000,0.00,0.000,1.7,2.7,0.5,105,13,2.1,3.3,0.5,103,15,1.7,2.7,0.5,105,13,0,28.34,,0,0,0,71.1,68.3,66.4,0.26,0.17,0.16
ANDE,2017-08-21 23:00:00 EDT,42.18227,-74.80139,1700,65.1,66.2,65.1,97.5,64.3,0.000,0.000,0.00,0.000,1.8,2.2,0.2,96,12,2.1,3.0,0.3,94,13,1.8,2.2,0.2,96,12,0,28.34,,0,0,0,71.1,68.4,66.4,0.26,0.17,0.16
ANDE,2017-08-21 23:05:00 EDT,42.18227,-74.80139,1700,65.2,67.2,65.2,97.6,64.6,0.000,0.000,0.00,0.000,1.1,1.9,0.6,113,34,1.3,2.4,0.6,104,38,1.1,1.9,0.6,113,34,0,28.34,,0,0,0,71.1,68.4,66.4,0.26,0.17,0.16
ANDE,2017-08-21 23:10:00 EDT,42.18227,-74.80139,1700,64.5,65.7,64.5,96.8,63.6,0.000,0.000,0.00,0.000,1.5,2.3,0.4,43,56,1.9,2.8,0.4,40,54,1.5,2.3,0.4,43,56,0,28.34,,0,0,0,71.1,68.4,66.4,0.26,0.17,0.16
ANDE,2017-08-21 23:15:00 EDT,42.18227,-74.80139,1700,64.3,65.6,64.3,97.4,63.6,0.000,0.000,0.00,0.000,1.4,3.7,0.8,101,10,1.9,4.3,0.9,97,11,1.4,3.7,0.8,101,10,0,28.34,,0,0,0,70.9,68.4,66.4,0.26,0.17,0.16
ANDE,2017-08-21 23:20:00 EDT,42.18227,-74.80139,1700,64.2,64.8,64.2,97.4,63.5,0.000,0.000,0.00,0.000,0.5,1.9,0.6,78,14,0.8,2.6,0.7,73,15,0.5,1.9,0.6,78,14,0,28.34,,0,0,0,70.7,68.5,66.4,0.26,0.17,0.16
ANDE,2017-08-21 23:25:00 EDT,42.18227,-74.80139,1700,64.1,64.6,64.1,97.5,63.4,0.000,0.000,0.00,0.000,0.2,0.7,0.2,103,13,0.5,1.4,0.5,92,28,0.2,0.7,0.2,103,13,0,28.34,,0,0,0,70.7,68.5,66.6,0.26,0.17,0.16
ANDE,2017-08-21 23:30:00 EDT,42.18227,-74.80139,1700,63.9,64.5,63.9,97.6,63.2,0.000,0.000,0.00,0.000,0.7,1.5,0.6,6,11,1.1,2.1,0.7,1,10,0.7,1.5,0.6,6,11,0,28.34,,0,0,0,70.7,68.4,66.5,0.26,0.17,0.16
ANDE,2017-08-21 23:35:00 EDT,42.18227,-74.80139,1700,64.4,64.7,64.4,98.1,63.8,0.000,0.000,0.00,0.000,0.5,1.5,0.5,1,16,1.0,1.8,0.6,359,18,0.5,1.5,0.5,1,16,0,28.34,,0,0,0,70.7,68.4,66.6,0.26,0.17,0.16
ANDE,2017-08-21 23:40:00 EDT,42.18227,-74.80139,1700,64.4,64.7,64.4,98.1,63.8,0.000,0.000,0.00,0.000,0.1,0.8,0.2,2,10,0.6,1.6,0.5,4,15,0.1,0.8,0.2,2,10,0,28.34,,0,0,0,70.7,68.4,66.7,0.26,0.17,0.16
ANDE,2017-08-21 23:45:00 EDT,42.18227,-74.80139,1700,64.3,65.0,64.3,98.1,63.7,0.000,0.000,0.00,0.000,0.3,0.9,0.3,36,12,0.5,1.3,0.5,32,15,0.3,0.9,0.3,36,12,0,28.33,,0,0,0,70.7,68.5,66.7,0.26,0.17,0.16
ANDE,2017-08-21 23:50:00 EDT,42.18227,-74.80139,1700,64.3,65.1,64.3,98.2,63.7,0.000,0.000,0.00,0.000,0.1,0.9,0.3,316,0,0.3,1.3,0.5,325,12,0.1,0.9,0.3,316,0,0,28.33,,0,0,0,70.7,68.4,66.7,0.26,0.17,0.16
ANDE,2017-08-21 23:55:00 EDT,42.18227,-74.80139,1700,64.3,64.9,64.3,98.3,63.8,0.000,0.000,0.00,0.000,0.1,0.8,0.2,71,2,0.3,1.5,0.5,55,10,0.1,0.8,0.2,71,2,0,28.33,,0,0,0,70.7,68.4,66.7,0.26,0.17,0.16
BATA,2017-08-21 00:00:00 EDT,43.01994,-78.13566,906,65.6,66.7,65.6,74.7,57.4,0.000,0.000,0.00,0.000,9.6,12.3,0.8,226,5,9.9,12.4,0.9,229,5,9.6,12.3,0.8,226,5,0,29.17,,0,0,0,68.9,68.5,67.1,0.22,0.22,0.23
BATA,2017-08-21 00:05:00 EDT,43.01994,-78.13566,906,65.5,66.5,65.5,74.9,57.3,0.000,0.000,0.00,0.000,9.1,10.7,0.7,225,5,9.5,11.5,0.8,228,4,9.1,10.7,0.7,225,5,0,29.17,,0,0,0,68.9,68.5,67.1,0.22,0.22,0.23
BATA,2017-08-21 00:10:00 EDT,43.01994,-78.13566,906,65.6,66.6,65.6,74.8,57.4,0.000,0.000,0.00,0.000,9.4,11.2,0.8,226,4,9.7,11.8,0.8,230,4,9.4,11.2,0.8,226,4,0,29.17,,0,0,0,68.9,68.5,67.1,0.22,0.22,0.23
BATA,2017-08-21 00:15:00 EDT,43.01994,-78.13566,906,65.5,66.7,65.5,74.9,57.3,0.000,0.000,0.00,0.000,9.7,11.4,0.7,229,4,10.0,12.1,0.8,233,5,9.7,11.4,0.7,229,4,0,29.17,,0,0,0,68.9,68.5,67.1,0.22,0.22,0.23
BATA,2017-08-21 00:20:00 EDT,43.01994,-78.13566,906,65.8,67.1,65.8,74.0,57.3,0.000,0.000,0.00,0.000,10.1,12.9,0.9,229,5,10.3,13.1,1.0,232,5,10.1,12.9,0.9,229,5,0,29.17,,0,0,0,68.9,68.5,67.1,0.22,0.22,0.23
BATA,2017-08-21 00:25:00 EDT,43.01994,-78.13566,906,65.9,66.8,65.9,74.1,57.4,0.000,0.000,0.00,0.000,9.4,11.5,0.8,226,5,9.8,12.2,0.9,229,5,9.4,11.5,0.8,226,5,0,29.17,,0,0,0,68.9,68.5,67.1,0.22,0.22,0.23
BATA,2017-08-21 00:30:00 EDT,43.01994,-78.13566,906,65.9,66.8,65.9,74.2,57.5,0.000,0.000,0.00,0.000,9.9,11.9,0.9,224,5,10.2,11.6,0.8,228,5,9.9,11.9,0.9,224,5,0,29.18,,0,0,0,68.9,68.5,67.1,0.22,0.22,0.23
BATA,2017-08-21 00:35:00 EDT,43.01994,-78.13566,906,65.9,66.7,65.9,74.5,57.6,0.000,0.000,0.00,0.000,10.0,12.5,1.1,224,6,10.3,12.9,1.1,228,5,10.0,12.5,1.1,224,6,0,29.18,,0,0,0,68.6,68.5,67.1,0.22,0.22,0.23
BATA,2017-08-21 00:40:00 EDT,43.01994,-78.13566,906,65.8,66.5,65.8,75.0,57.6,0.000,0.000,0.00,0.000,9.9,12.9,1.0,223,7,10.3,12.6,1.0,226,5,9.9,12.9,1.0,223,7,0,29.18,,0,0,0,68.5,68.5,67.1,0.22,0.22,0.23
BATA,2017-08-21 00:45:00 EDT,43.01994,-78.13566,906,65.6,66.1,65.6,75.8,57.7,0.000,0.000,0.00,0.000,9.4,11.4,0.7,223,6,9.8,11.6,0.7,227,5,9.4,11.4,0.7,223,6,0,29.18,,0,0,0,68.5,68.5,67.1,0.22,0.22,0.23
BATA,2017-08-21 00:50:00 EDT,43.01994,-78.13566,906,65.2,65.8,65.2,77.1,57.8,0.000,0.000,0.00,0.000,8.9,11.1,0.8,222,6,9.3,11.5,0.9,225,5,8.9,11.1,0.8,222,6,0,29.18,,0,0,0,68.5,68.5,67.1,0.22,0.22,0.23
BATA,2017-08-21 00:55:00 EDT,43.01994,-78.13566,906,65.1,65.7,65.1,77.4,57.8,0.000,0.000,0.00,0.000,8.6,10.6,0.9,222,7,8.9,11.2,0.9,226,5,8.6,10.6,0.9,222,7,0,29.18,,0,0,0,68.5,68.5,67.1,0.22,0.22,0.23
BATA,2017-08-21 01:00:00 EDT,43.01994,-78.13566,906,64.9,65.6,64.9,78.0,57.9,0.000,0.000,0.00,0.000,8.4,11.3,1.0,223,6,8.7,11.8,1.0,227,5,8.4,11.3,1.0,223,6,0,29.18,,0,0,0,68.5,68.5,67.1,0.22,0.22,0.23
BATA,2017-08-21 01:05:00 EDT,43.01994,-78.13566,906,65.2,66.1,65.2,77.8,58.1,0.000,0.000,0.00,0.000,9.1,11.8,1.0,222,6,9.4,11.7,1.1,225,5,9.1,11.8,1.0,222,6,0,29.18,,0,0,0,68.5,68.5,67.1,0.22,0.22,0.23
BATA,2017-08-21 01:10:00 EDT,43.01994,-78.13566,906,65.6,66.5,65.6,77.2,58.3,0.000,0.000,0.00,0.000,9.0,11.0,0.9,224,6,9.4,11.8,0.9,227,6,9.0,11.0,0.9,224,6,0,29.18,,0,0,0,68.5,68.5,67.1,0.22,0.22,0.23
BATA,2017-08-21 01:15:00 EDT,43.01994,-78.13566,906,66.0,66.9,66.0,76.0,58.3,0.000,0.000,0.00,0.000,9.0,10.9,1.0,220,6,9.3,11.5,1.0,224,5,9.0,10.9,1.0,220,6,0,29.18,,0,0,0,68.5,68.5,67.1,0.22,0.22,0.23
BATA,2017-08-21 01:20:00 EDT,43.01994,-78.13566,906,66.2,66.9,66.2,75.5,58.2,0.000,0.000,0.00,0.000,8.6,11.2,1.0,219,6,8.8,11.7,1.0,222,5,8.6,11.2,1.0,219,6,0,29.18,,0,0,0,68.5,68.5,67.1,0.22,0.22,0.23
BATA,2017-08-21 01:25:00 EDT,43.01994,-78.13566,906,66.0,66.7,66.0,76.0,58.2,0.000,0.000,0.00,0.000,7.8,9.4,0.7,217,7,8.2,10.7,0.9,222,4,7.8,9.4,0.7,217,7,0,29.18,,0,0,0,68.5,68.5,67.1,0.22,0.22,0.23
BATA,2017-08-21 01:30:00 EDT,43.01994,-78.13566,906,65.7,66.6,65.7,76.6,58.2,0.000,0.000,0.00,0.000,7.7,9.7,0.8,218,6,8.2,11.3,0.8,222,5,7.7,9.7,0.8,218,6,0,29.18,,0,0,0,68.5,68.5,67.1,0.22,0.22,0.23
BATA,2017-08-21 01:35:00 EDT,43.01994,-78.13566,906,65.8,66.5,65.8,76.4,58.2,0.000,0.000,0.00,0.000,7.4,9.5,0.7,217,8,7.6,10.4,0.8,222,5,7.4,9.5,0.7,217,8,0,29.18,,0,0,0,68.5,68.5,67.1,0.22,0.22,0.23
BATA,2017-08-21 01:40:00 EDT,43.01994,-78.13566,906,65.3,66.1,65.3,77.4,58.1,0.000,0.000,0.00,0.000,6.7,9.1,0.8,215,8,7.0,9.9,0.9,220,6,6.7,9.1,0.8,215,8,0,29.17,,0,0,0,68.5,68.5,67.1,0.22,0.22,0.23
BATA,2017-08-21 01:45:00 EDT,43.01994,-78.13566,906,65.3,65.9,65.3,78.1,58.3,0.000,0.000,0.00,0.000,6.9,8.8,0.8,213,9,7.3,10.1,1.0,219,6,6.9,8.8,0.8,213,9,0,29.18,,0,0,0,68.5,68.5,67.1,0.23,0.22,0.23
BATA,2017-08-21 01:50:00 EDT,43.01994,-78.13566,906,65.1,65.7,65.1,78.6,58.3,0.000,0.000,0.00,0.000,6.6,8.5,0.9,209,8,6.7,8.7,0.9,215,6,6.6,8.5,0.9,209,8,0,29.17,,0,0,0,68.5,68.5,67.1,0.22,0.22,0.23
BATA,2017-08-21 01:55:00 EDT,43.01994,-78.13566,906,64.7,65.5,64.7,79.4,58.2,0.000,0.000,0.00,0.000,6.2,8.0,0.9,208,7,6.5,8.8,1.0,215,6,6.2,8.0,0.9,208,7,0,29.17,,0,0,0,68.3,68.5,67.1,0.22,0.22,0.23
BATA,2017-08-21 02:00:00 EDT,43.01994,-78.13566,906,64.7,65.5,64.7,79.6,58.2,0.000,0.000,0.00,0.000,6.5,8.2,0.7,207,6,6.8,9.1,0.8,213,5,6.5,8.2,0.7,207,6,0,29.17,,0,0,0,68.2,68.5,67.1,0.23,0.22,0.23
BATA,2017-08-21 02:05:00 EDT,43.01994,-78.13566,906,64.5,65.5,64.5,80.0,58.2,0.000,0.000,0.00,0.000,6.0,7.8,0.8,210,8,6.2,8.1,0.8,216,6,6.0,7.8,0.8,210,8,0,29.17,,0,0,0,68.2,68.5,67.1,0.23,0.22,0.23
BATA,2017-08-21 02:10:00 EDT,43.01994,-78.13566,906,64.6,65.7,64.6,80.2,58.4,0.000,0.000,0.00,0.000,6.2,7.9,0.7,207,7,6.5,8.5,0.8,214,6,6.2,7.9,0.7,207,7,0,29.17,,0,0,0,68.2,68.5,67.1,0.23,0.22,0.23
BATA,2017-08-21 02:15:00 EDT,43.01994,-78.13566,906,64.8,65.7,64.8,79.6,58.4,0.000,0.000,0.00,0.000,6.9,8.8,0.7,205,6,7.2,9.1,0.8,212,7,6.9,8.8,0.7,205,6,0,29.17,,0,0,0,68.2,68.5,67.1,0.23,0.22,0.23
BATA,2017-08-21 02:20:00 EDT,43.01994,-78.13566,906,64.5,65.3,64.5,80.2,58.2,0.000,0.000,0.00,0.000,6.0,7.4,0.5,199,8,6.4,8.4,0.6,205,8,6.0,7.4,0.5,199,8,0,29.17,,0,0,0,68.2,68.5,67.1,0.23,0.22,0.23
BATA,2017-08-21 02:25:00 EDT,43.01994,-78.13566,906,63.7,65.0,63.7,82.1,58.1,0.000,0.000,0.00,0.000,6.6,7.6,0.5,187,3,7.0,8.0,0.5,194,2,6.6,7.6,0.5,187,3,0,29.17,,0,0,0,68.2,68.5,67.1,0.23,0.22,0.23
BATA,2017-08-21 02:30:00 EDT,43.01994,-78.13566,906,63.5,64.5,63.5,83.3,58.3,0.000,0.000,0.00,0.000,7.0,7.9,0.4,190,4,7.3,8.5,0.5,195,3,7.0,7.9,0.4,190,4,0,29.17,,0,0,0,68.2,68.5,67.1,0.23,0.22,0.23
BATA,2017-08-21 02:35:00 EDT,43.01994,-78.13566,906,63.3,64.4,63.3,83.5,58.2,0.000,0.000,0.00,0.000,6.5,7.2,0.4,195,4,6.7,7.5,0.5,201,4,6.5,7.2,0.4,195,4,0,29.17,,0,0,0,68.2,68.5,67.1,0.23,0.22,0.23
BATA,2017-08-21 02:40:00 EDT,43.01994,-78.13566,906,63.3,64.4,63.3,83.6,58.3,0.000,0.000,0.00,0.000,6.5,7.7,0.5,199,4,6.7,7.9,0.6,204,4,6.5,7.7,0.5,199,4,0,29.17,,0,0,0,68.2,68.5,67.1,0.23,0.22,0.23
BATA,2017-08-21 02:45:00 EDT,43.01994,-78.13566,906,63.8,64.8,63.8,83.0,58.5,0.000,0.000,0.00,0.000,6.5,7.7,0.5,203,5,6.7,8.0,0.6,210,5,6.5,7.7,0.5,203,5,0,29.17,,0,0,0,68.1,68.5,67.1,0.23,0.22,0.23
BATA,2017-08-21 02:50:00 EDT,43.01994,-78.13566,906,63.8,64.9,63.8,82.7,58.4,0.000,0.000,0.00,0.000,7.0,8.1,0.7,205,5,7.2,8.6,0.7,211,5,7.0,8.1,0.7,205,5,0,29.17,,0,0,0,67.8,68.5,67.1,0.23,0.22,0.23
BATA,2017-08-21 02:55:00 EDT,43.01994,-78.13566,906,63.9,65.0,63.9,82.6,58.5,0.000,0.000,0.00,0.000,6.3,7.8,0.8,206,6,6.6,8.2,0.8,213,5,6.3,7.8,0.8,206,6,0,29.17,,0,0,0,67.8,68.5,67.1,0.23,0.22,0.23
BATA,2017-08-21 03:00:00 EDT,43.01994,-78.13566,906,63.6,64.9,63.6,83.3,58.5,0.000,0.000,0.00,0.000,6.5,8.3,0.6,204,4,6.7,8.5,0.6,211,4,6.5,8.3,0.6,204,4,0,29.17,,0,0,0,67.8,68.5,67.1,0.23,0.22,0.23
BATA,2017-08-21 03:05:00 EDT,43.01994,-78.13566,906,63.2,64.3,63.2,84.1,58.3,0.000,0.000,0.00,0.000,6.8,7.6,0.4,199,4,7.0,8.1,0.5,206,4,6.8,7.6,0.4,199,4,0,29.17,,0,0,0,67.8,68.5,67.1,0.23,0.22,0.23
BATA,2017-08-21 03:10:00 EDT,43.01994,-78.13566,906,62.9,64.0,62.9,84.7,58.3,0.000,0.000,0.00,0.000,6.1,7.1,0.5,200,3,6.3,7.5,0.5,207,4,6.1,7.1,0.5,200,3,0,29.17,,0,0,0,67.8,68.5,67.1,0.23,0.22,0.23
BATA,2017-08-21 03:15:00 EDT,43.01994,-78.13566,906,62.7,63.7,62.7,85.3,58.2,0.000,0.000,0.00,0.000,5.8,7.2,0.5,197,4,6.1,7.6,0.5,204,4,5.8,7.2,0.5,197,4,0,29.17,,0,0,0,67.8,68.5,67.1,0.23,0.22,0.23
BATA,2017-08-21 03:20:00 EDT,43.01994,-78.13566,906,62.4,63.4,62.4,86.2,58.2,0.000,0.000,0.00,0.000,5.9,6.9,0.5,195,4,6.2,7.4,0.5,201,4,5.9,6.9,0.5,195,4,0,29.17,,0,0,0,67.8,68.5,67.1,0.23,0.22,0.23
BATA,2017-08-21 03:25:00 EDT,43.01994,-78.13566,906,62.1,63.2,62.1,86.8,58.1,0.000,0.000,0.00,0.000,5.5,6.4,0.4,196,3,5.8,6.8,0.4,202,3,5.5,6.4,0.4,196,3,0,29.17,,0,0,0,67.8,68.5,67.1,0.23,0.22,0.23
BATA,2017-08-21 03:30:00 EDT,43.01994,-78.13566,906,61.9,63.0,61.9,87.4,58.1,0.000,0.000,0.00,0.000,5.2,6.1,0.4,194,4,5.4,6.7,0.4,200,4,5.2,6.1,0.4,194,4,0,29.17,,0,0,0,67.8,68.5,67.1,0.23,0.22,0.23
BATA,2017-08-21 03:35:00 EDT,43.01994,-78.13566,906,61.9,62.9,61.9,87.6,58.2,0.000,0.000,0.00,0.000,5.7,6.8,0.4,194,4,6.0,7.4,0.5,200,4,5.7,6.8,0.4,194,4,0,29.17,,0,0,0,67.8,68.5,67.1,0.22,0.22,0.23
BATA,2017-08-21 03:40:00 EDT,43.01994,-78.13566,906,61.9,62.8,61.9,87.7,58.2,0.000,0.000,0.00,0.000,6.0,6.9,0.5,196,4,6.3,7.6,0.6,202,4,6.0,6.9,0.5,196,4,0,29.17,,0,0,0,67.8,68.5,67.1,0.23,0.22,0.23
BATA,2017-08-21 03:45:00 EDT,43.01994,-78.13566,906,61.8,62.8,61.8,88.0,58.2,0.000,0.000,0.00,0.000,5.8,6.8,0.4,195,4,6.1,7.4,0.5,201,4,5.8,6.8,0.4,195,4,0,29.17,,0,0,0,67.7,68.5,67.1,0.22,0.22,0.23
BATA,2017-08-21 03:50:00 EDT,43.01994,-78.13566,906,61.6,62.7,61.6,88.6,58.2,0.000,0.000,0.00,0.000,5.8,6.5,0.3,196,3,6.0,7.2,0.4,202,4,5.8,6.5,0.3,196,3,0,29.17,,0,0,0,67.6,68.5,67.1,0.22,0.22,0.23
BATA,2017-08-21 03:55:00 EDT,43.01994,-78.13566,906,61.7,62.7,61.7,88.8,58.4,0.000,0.000,0.00,0.000,5.4,6.3,0.4,196,4,5.7,6.9,0.5,202,5,5.4,6.3,0.4,196,4,0,29.17,,0,0,0,67.5,68.5,67.1,0.23,0.22,0.23
BATA,2017-08-21 04:00:00 EDT,43.01994,-78.13566,906,61.9,62.9,61.9,88.4,58.5,0.000,0.000,0.00,0.000,5.1,5.8,0.4,195,4,5.4,6.4,0.4,202,4,5.1,5.8,0.4,195,4,0,29.17,,0,0,0,67.5,68.5,67.1,0.23,0.22,0.23
BATA,2017-08-21 04:05:00 EDT,43.01994,-78.13566,906,61.9,62.9,61.9,88.0,58.3,0.000,0.000,0.00,0.000,5.1,6.0,0.4,191,6,5.4,6.4,0.5,197,6,5.1,6.0,0.4,191,6,0,29.16,,0,0,0,67.5,68.5,67.1,0.23,0.22,0.23
BATA,2017-08-21 04:10:00 EDT,43.01994,-78.13566,906,61.7,62.8,61.7,88.8,58.4,0.000,0.000,0.00,0.000,5.1,6.0,0.4,192,5,5.4,6.5,0.4,198,5,5.1,6.0,0.4,192,5,0,29.17,,0,0,0,67.5,68.5,67.1,0.23,0.22,0.23
BATA,2017-08-21 04:15:00 EDT,43.01994,-78.13566,906,61.8,62.8,61.8,88.9,58.5,0.000,0.000,0.00,0.000,5.8,7.0,0.6,197,4,6.0,7.6,0.7,203,4,5.8,7.0,0.6,197,4,0,29.17,,0,0,0,67.5,68.5,67.1,0.22,0.22,0.23
BATA,2017-08-21 04:20:00 EDT,43.01994,-78.13566,906,62.2,63.0,62.2,87.9,58.6,0.000,0.000,0.00,0.000,6.5,7.5,0.5,197,4,6.6,7.8,0.6,204,4,6.5,7.5,0.5,197,4,0,29.16,,0,0,0,67.5,68.5,67.1,0.22,0.22,0.23
BATA,2017-08-21 04:25:00 EDT,43.01994,-78.13566,906,62.5,63.4,62.5,86.7,58.4,0.000,0.000,0.00,0.000,6.1,6.9,0.3,198,4,6.4,7.4,0.4,204,4,6.1,6.9,0.3,198,4,0,29.16,,0,0,0,67.5,68.5,67.1,0.22,0.22,0.23
BATA,2017-08-21 04:30:00 EDT,43.01994,-78.13566,906,62.6,63.7,62.6,86.1,58.4,0.000,0.000,0.00,0.000,6.2,7.2,0.5,199,4,6.4,7.5,0.5,206,4,6.2,7.2,0.5,199,4,0,29.16,,0,0,0,67.5,68.4,67.1,0.22,0.22,0.23
BATA,2017-08-21 04:35:00 EDT,43.01994,-78.13566,906,62.9,64.4,62.9,85.3,58.5,0.000,0.000,0.00,0.000,6.3,7.6,0.5,207,6,6.5,8.5,0.6,214,5,6.3,7.6,0.5,207,6,0,29.16,,0,0,0,67.5,68.3,67.1,0.22,0.22,0.23
BATA,2017-08-21 04:40:00 EDT,43.01994,-78.13566,906,63.4,65.0,63.4,83.7,58.4,0.000,0.000,0.00,0.000,6.7,8.5,0.9,210,7,7.0,9.3,1.0,216,5,6.7,8.5,0.9,210,7,0,29.16,,0,0,0,67.5,68.2,67.1,0.22,0.22,0.23
BATA,2017-08-21 04:45:00 EDT,43.01994,-78.13566,906,63.4,64.9,63.4,83.6,58.3,0.000,0.000,0.00,0.000,7.6,9.6,0.8,208,5,7.9,10.3,0.9,214,5,7.6,9.6,0.8,208,5,0,29.17,,0,0,0,67.4,68.2,67.1,0.22,0.22,0.23
BATA,2017-08-21 04:50:00 EDT,43.01994,-78.13566,906,63.9,65.4,63.9,82.2,58.4,0.000,0.000,0.00,0.000,7.9,9.7,0.7,212,7,8.1,10.1,0.9,217,6,7.9,9.7,0.7,212,7,0,29.17,,0,0,0,67.4,68.2,67.1,0.22,0.22,0.23
BATA,2017-08-21 04:55:00 EDT,43.01994,-78.13566,906,64.1,65.4,64.1,82.1,58.5,0.000,0.000,0.00,0.000,7.3,9.9,1.0,212,7,7.6,9.7,0.9,217,6,7.3,9.9,1.0,212,7,0,29.17,,0,0,0,67.3,68.2,67.1,0.22,0.22,0.23
BATA,2017-08-21 05:00:00 EDT,43.01994,-78.13566,906,64.6,66.1,64.6,81.4,58.8,0.000,0.000,0.00,0.000,8.0,9.8,0.9,210,6,8.1,10.9,1.0,216,5,8.0,9.8,0.9,210,6,0,29.17,,0,0,0,67.2,68.2,67.1,0.22,0.22,0.23
BATA,2017-08-21 05:05:00 EDT,43.01994,-78.13566,906,64.8,66.1,64.8,79.9,58.4,0.000,0.000,0.00,0.000,7.9,10.0,0.8,211,8,8.2,10.9,1.0,217,6,7.9,10.0,0.8,211,8,0,29.17,,0,0,0,67.1,68.2,67.1,0.22,0.22,0.23
BATA,2017-08-21 05:10:00 EDT,43.01994,-78.13566,906,64.8,66.2,64.8,79.6,58.3,0.000,0.000,0.00,0.000,8.6,10.7,1.1,207,6,8.9,11.5,1.1,213,5,8.6,10.7,1.1,207,6,0,29.17,,0,0,0,67.1,68.2,67.1,0.22,0.22,0.23
BATA,2017-08-21 05:15:00 EDT,43.01994,-78.13566,906,64.5,65.8,64.5,80.0,58.2,0.000,0.000,0.00,0.000,8.5,10.4,0.8,209,7,8.7,10.7,0.9,215,5,8.5,10.4,0.8,209,7,0,29.17,,0,0,0,67.1,68.2,67.1,0.22,0.22,0.23
BATA,2017-08-21 05:20:00 EDT,43.01994,-78.13566,906,64.7,65.6,64.7,79.9,58.3,0.000,0.000,0.00,0.000,8.1,10.8,1.1,212,8,8.3,10.8,1.1,217,5,8.1,10.8,1.1,212,8,0,29.17,,0,0,0,67.1,68.2,67.1,0.22,0.22,0.23
BATA,2017-08-21 05:25:00 EDT,43.01994,-78.13566,906,64.7,65.8,64.7,80.2,58.5,0.000,0.000,0.00,0.000,8.3,10.9,1.1,210,9,8.6,13.3,1.2,216,8,8.3,10.9,1.1,210,9,0,29.17,,0,0,0,67.1,68.2,67.1,0.22,0.22,0.23
BATA,2017-08-21 05:30:00 EDT,43.01994,-78.13566,906,65.3,66.4,65.3,78.3,58.4,0.000,0.000,0.00,0.000,8.6,12.0,1.1,209,9,8.9,12.0,1.2,214,6,8.6,12.0,1.1,209,9,0,29.17,,0,0,0,67.1,68.2,67.1,0.22,0.22,0.23
BATA,2017-08-21 05:35:00 EDT,43.01994,-78.13566,906,65.2,66.6,65.2,78.2,58.2,0.000,0.000,0.00,0.000,8.2,10.6,1.1,209,8,8.6,11.8,1.2,215,6,8.2,10.6,1.1,209,8,0,29.17,,0,0,0,67.1,68.2,67.1,0.22,0.22,0.23
BATA,2017-08-21 05:40:00 EDT,43.01994,-78.13566,906,65.3,66.6,65.3,77.8,58.2,0.000,0.000,0.00,0.000,8.1,10.1,1.1,210,8,8.4,11.8,1.2,215,6,8.1,10.1,1.1,210,8,0,29.17,,0,0,0,67.1,68.2,67.1,0.22,0.22,0.23
BATA,2017-08-21 05:45:00 EDT,43.01994,-78.13566,906,65.5,66.9,65.5,77.0,58.1,0.000,0.000,0.00,0.000,8.8,10.4,0.8,206,6,9.0,11.2,0.9,212,5,8.8,10.4,0.8,206,6,0,29.17,,0,0,0,67.1,68.2,67.1,0.22,0.22,0.23
BATA,2017-08-21 05:50:00 EDT,43.01994,-78.13566,906,65.8,67.3,65.8,76.0,58.0,0.000,0.000,0.00,0.000,8.2,10.5,1.1,208,7,8.5,11.0,1.0,214,6,8.2,10.5,1.1,208,7,0,29.17,,0,0,0,67.1,68.2,67.1,0.22,0.22,0.23
BATA,2017-08-21 05:55:00 EDT,43.01994,-78.13566,906,65.8,67.1,65.8,75.4,57.8,0.000,0.000,0.00,0.000,8.0,10.9,1.0,211,7,8.2,10.7,1.1,216,6,8.0,10.9,1.0,211,7,0,29.17,,0,0,0,67.1,68.2,67.1,0.22,0.22,0.23
BATA,2017-08-21 06:00:00 EDT,43.01994,-78.13566,906,66.1,67.3,66.1,75.4,58.1,0.000,0.000,0.00,0.000,8.1,11.3,1.1,211,8,8.4,12.4,1.3,216,6,8.1,11.3,1.1,211,8,0,29.17,,0,0,0,67.1,68.2,67.1,0.22,0.22,0.23
BATA,2017-08-21 06:05:00 EDT,43.01994,-78.13566,906,66.4,67.6,66.4,74.4,58.0,0.000,0.000,0.00,0.000,7.8,9.8,0.9,209,6,7.9,10.3,1.0,215,5,7.8,9.8,0.9,209,6,0,29.17,,0,0,0,67.1,68.2,67.1,0.22,0.22,0.23
BATA,2017-08-21 06:10:00 EDT,43.01994,-78.13566,906,66.3,67.8,66.3,74.4,57.9,0.000,0.000,0.00,0.000,8.1,9.6,1.0,210,8,8.4,11.1,1.2,215,6,8.1,9.6,1.0,210,8,0,29.17,,0,0,0,67.1,68.2,67.1,0.22,0.22,0.23
BATA,2017-08-21 06:15:00 EDT,43.01994,-78.13566,906,66.4,67.8,66.4,74.2,57.9,0.000,0.000,0.00,0.000,8.1,10.4,0.9,209,7,8.5,10.7,1.1,214,6,8.1,10.4,0.9,209,7,1,29.16,,0,0,0,67.1,68.2,67.1,0.22,0.22,0.23
BATA,2017-08-21 06:20:00 EDT,43.01994,-78.13566,906,66.4,67.5,66.4,74.0,57.8,0.000,0.000,0.00,0.000,7.9,9.9,0.6,206,4,8.2,10.4,0.7,211,4,7.9,9.9,0.6,206,4,1,29.16,,0,0,0,67.1,68.2,67.1,0.22,0.22,0.23
BATA,2017-08-21 06:25:00 EDT,43.01994,-78.13566,906,65.8,67.1,65.8,75.1,57.7,0.000,0.000,0.00,0.000,7.1,8.4,0.6,203,4,7.4,9.4,0.7,209,5,7.1,8.4,0.6,203,4,2,29.16,,0,0,0,67.1,68.2,67.1,0.22,0.22,0.23
BATA,2017-08-21 06:30:00 EDT,43.01994,-78.13566,906,65.5,66.8,65.5,76.1,57.7,0.000,0.000,0.00,0.000,6.6,7.7,0.5,203,4,6.8,8.1,0.6,209,4,6.6,7.7,0.5,203,4,4,29.16,,0,0,0,67.1,68.2,67.1,0.22,0.22,0.23
BATA,2017-08-21 06:35:00 EDT,43.01994,-78.13566,906,65.8,67.3,65.8,75.7,57.9,0.000,0.000,0.00,0.000,7.4,8.5,0.6,203,4,7.7,9.2,0.7,209,4,7.4,8.5,0.6,203,4,5,29.16,,0,0,0,67.1,68.2,67.1,0.22,0.22,0.23
BATA,2017-08-21 06:40:00 EDT,43.01994,-78.13566,906,66.2,67.6,66.2,74.8,58.0,0.000,0.000,0.00,0.000,8.7,10.7,0.7,204,5,9.0,11.3,0.9,209,4,8.7,10.7,0.7,204,5,7,29.16,,0,0,0,67.1,68.2,67.1,0.22,0.22,0.23
BATA,2017-08-21 06:45:00 EDT,43.01994,-78.13566,906,66.5,67.6,66.5,73.7,57.9,0.000,0.000,0.00,0.000,9.0,11.2,0.8,205,5,9.2,11.2,0.9,211,5,9.0,11.2,0.8,205,5,9,29.16,,0,0,0,67.1,68.2,67.1,0.22,0.22,0.23
BATA,2017-08-21 06:50:00 EDT,43.01994,-78.13566,906,66.6,67.5,66.6,73.9,58.0,0.000,0.000,0.00,0.000,8.8,10.0,0.7,206,6,9.0,11.2,0.9,212,5,8.8,10.0,0.7,206,6,10,29.16,,0,0,0,67.1,68.2,67.1,0.22,0.22,0.23
BATA,2017-08-21 06:55:00 EDT,43.01994,-78.13566,906,66.3,67.2,66.3,74.5,58.0,0.000,0.000,0.00,0.000,8.1,11.0,1.1,209,8,8.4,12.1,1.2,214,7,8.1,11.0,1.1,209,8,7,29.17,,0,0,0,67.1,68.1,67.1,0.22,0.22,0.23
BATA,2017-08-21 07:00:00 EDT,43.01994,-78.13566,906,66.2,67.2,66.2,74.8,58.0,0.000,0.000,0.00,0.000,7.6,10.8,1.0,209,11,7.8,11.9,1.3,213,8,7.6,10.8,1.0,209,11,12,29.17,,0,0,0,67.1,68.0,67.1,0.22,0.22,0.23
BATA,2017-08-21 07:05:00 EDT,43.01994,-78.13566,906,65.9,66.8,65.9,76.1,58.2,0.000,0.000,0.00,0.000,7.5,9.6,0.8,211,8,7.7,10.7,1.0,217,7,7.5,9.6,0.8,211,8,17,29.17,,0,0,0,67.1,67.9,67.1,0.22,0.22,0.23
BATA,2017-08-21 07:10:00 EDT,43.01994,-78.13566,906,66.2,66.8,66.2,76.4,58.5,0.000,0.000,0.00,0.000,8.1,10.7,1.3,206,9,8.3,11.3,1.4,212,8,8.1,10.7,1.3,206,9,22,29.17,,0,0,0,67.1,67.8,67.1,0.22,0.22,0.23
BATA,2017-08-21 07:15:00 EDT,43.01994,-78.13566,906,66.4,67.0,66.4,75.7,58.4,0.000,0.000,0.00,0.000,8.6,10.7,1.0,203,6,8.8,11.2,0.9,208,6,8.6,10.7,1.0,203,6,49,29.16,,0,0,0,67.1,67.8,67.1,0.22,0.22,0.23
BATA,2017-08-21 07:20:00 EDT,43.01994,-78.13566,906,66.5,67.0,66.5,75.6,58.5,0.000,0.000,0.00,0.000,8.4,9.9,0.9,206,7,8.6,10.5,0.9,212,6,8.4,9.9,0.9,206,7,91,29.16,,0,0,0,67.1,67.8,67.1,0.22,0.22,0.23
BATA,2017-08-21 07:25:00 EDT,43.01994,-78.13566,906,66.2,66.7,66.2,76.7,58.6,0.000,0.000,0.00,0.000,6.9,8.8,0.8,213,9,7.3,9.9,1.0,218,7,6.9,8.8,0.8,213,9,108,29.17,,0,0,0,67.1,67.8,67.1,0.22,0.22,0.23
BATA,2017-08-21 07:30:00 EDT,43.01994,-78.13566,906,66.6,67.1,66.6,76.2,58.9,0.000,0.000,0.00,0.000,7.0,9.5,1.0,211,8,7.1,10.0,1.0,216,7,7.0,9.5,1.0,211,8,123,29.17,,0,0,0,67.1,67.8,67.1,0.22,0.22,0.23
BATA,2017-08-21 07:35:00 EDT,43.01994,-78.13566,906,67.0,67.5,67.0,75.3,58.9,0.000,0.000,0.00,0.000,7.4,10.1,0.9,214,8,7.6,9.9,0.9,218,6,7.4,10.1,0.9,214,8,131,29.17,,0,0,0,67.1,67.8,67.1,0.22,0.22,0.23
BATA,2017-08-21 07:40:00 EDT,43.01994,-78.13566,906,67.3,67.8,67.3,74.8,59.0,0.000,0.000,0.00,0.000,7.1,8.8,0.8,213,7,7.5,9.9,0.9,217,6,7.1,8.8,0.8,213,7,102,29.17,,0,0,0,67.1,67.8,67.1,0.22,0.22,0.23
BATA,2017-08-21 07:45:00 EDT,43.01994,-78.13566,906,67.6,68.0,67.6,74.1,59.1,0.000,0.000,0.00,0.000,7.6,10.4,1.0,204,8,8.0,10.2,1.0,210,7,7.6,10.4,1.0,204,8,95,29.17,,0,0,0,67.1,67.8,67.1,0.22,0.22,0.23
BATA,2017-08-21 07:50:00 EDT,43.01994,-78.13566,906,67.9,68.2,67.9,73.4,59.1,0.000,0.000,0.00,0.000,7.4,9.6,0.8,204,7,7.8,9.8,0.9,210,6,7.4,9.6,0.8,204,7,114,29.16,,0,0,0,67.1,67.8,67.1,0.22,0.22,0.23
BATA,2017-08-21 07:55:00 EDT,43.01994,-78.13566,906,68.2,68.6,68.2,73.0,59.2,0.000,0.000,0.00,0.000,7.1,9.0,0.6,203,7,7.5,9.4,0.7,209,5,7.1,9.0,0.6,203,7,80,29.16,,0,0,0,67.1,67.8,67.1,0.22,0.22,0.23
BATA,2017-08-21 08:00:00 EDT,43.01994,-78.13566,906,68.5,68.7,68.5,73.6,59.7,0.000,0.000,0.00,0.000,6.5,8.5,0.9,208,8,6.8,9.3,1.0,214,7,6.5,8.5,0.9,208,8,135,29.16,,0,0,0,67.1,67.8,67.1,0.22,0.22,0.23
BATA,2017-08-21 08:05:00 EDT,43.01994,-78.13566,906,68.8,68.7,68.8,74.9,60.5,0.000,0.000,0.00,0.000,7.1,11.0,1.3,216,8,7.4,11.2,1.2,221,7,7.1,11.0,1.3,216,8,204,29.17,,0,0,0,67.1,67.8,67.1,0.22,0.22,0.23
BATA,2017-08-21 08:10:00 EDT,43.01994,-78.13566,906,69.4,69.4,69.4,72.2,60.1,0.000,0.000,0.00,0.000,8.4,11.4,1.2,216,9,8.7,12.7,1.2,221,7,8.4,11.4,1.2,216,9,129,29.16,,0,0,0,67.1,67.8,67.1,0.22,0.22,0.23
BATA,2017-08-21 08:15:00 EDT,43.01994,-78.13566,906,69.8,69.9,69.8,70.6,59.9,0.000,0.000,0.00,0.000,8.5,11.5,0.9,216,9,8.8,12.5,1.1,222,6,8.5,11.5,0.9,216,9,197,29.16,,0,0,0,67.1,67.8,67.1,0.22,0.22,0.23
BATA,2017-08-21 08:20:00 EDT,43.01994,-78.13566,906,70.3,70.2,70.3,70.6,60.3,0.000,0.000,0.00,0.000,7.8,9.5,0.8,219,7,8.0,10.6,0.9,224,6,7.8,9.5,0.8,219,7,232,29.17,,0,0,0,67.1,67.8,67.1,0.22,0.22,0.23
BATA,2017-08-21 08:25:00 EDT,43.01994,-78.13566,906,70.4,70.3,70.4,70.6,60.4,0.000,0.000,0.00,0.000,8.1,10.4,0.9,220,7,8.4,10.9,1.1,224,5,8.1,10.4,0.9,220,7,129,29.17,,0,0,0,67.1,67.8,67.1,0.22,0.22,0.23
BATA,2017-08-21 08:30:00 EDT,43.01994,-78.13566,906,70.2,70.3,70.2,71.9,60.7,0.000,0.000,0.00,0.000,8.4,11.1,1.0,225,6,8.7,11.6,1.0,229,5,8.4,11.1,1.0,225,6,91,29.18,,0,0,0,67.3,67.8,67.1,0.22,0.22,0.23
BATA,2017-08-21 08:35:00 EDT,43.01994,-78.13566,906,70.2,70.4,70.2,72.2,60.8,0.000,0.000,0.00,0.000,8.9,11.3,0.9,227,4,9.3,11.8,1.0,231,5,8.9,11.3,0.9,227,4,81,29.18,,0,0,0,67.4,67.8,67.1,0.22,0.22,0.23
BATA,2017-08-21 08:40:00 EDT,43.01994,-78.13566,906,70.4,70.6,70.4,71.5,60.7,0.000,0.000,0.00,0.000,8.6,11.3,1.1,221,9,9.2,12.2,1.1,225,8,8.6,11.3,1.1,221,9,79,29.18,,0,0,0,67.5,67.8,67.1,0.22,0.22,0.23
BATA,2017-08-21 08:45:00 EDT,43.01994,-78.13566,906,70.9,70.9,70.9,69.8,60.5,0.000,0.000,0.00,0.000,9.3,11.4,0.9,218,7,9.5,11.7,1.0,222,7,9.3,11.4,0.9,218,7,125,29.18,,0,0,0,67.5,67.8,67.1,0.22,0.22,0.23
BATA,2017-08-21 08:50:00 EDT,43.01994,-78.13566,906,71.0,71.0,71.0,70.6,60.9,0.000,0.000,0.00,0.000,9.6,12.3,1.4,223,9,10.1,13.3,1.5,227,8,9.6,12.3,1.4,223,9,132,29.18,,0,0,0,67.5,67.8,67.1,0.22,0.22,0.23
BATA,2017-08-21 08:55:00 EDT,43.01994,-78.13566,906,71.4,71.4,71.4,69.7,61.0,0.000,0.000,0.00,0.000,10.5,14.0,1.6,223,8,10.9,14.7,1.5,227,7,10.5,14.0,1.6,223,8,175,29.18,,0,0,0,67.5,67.8,67.1,0.23,0.22,0.23
BATA,2017-08-21 09:00:00 EDT,43.01994,-78.13566,906,71.7,71.7,71.7,69.0,61.0,0.000,0.000,0.00,0.000,11.5,15.6,1.7,220,9,12.1,16.2,1.6,224,7,11.5,15.6,1.7,220,9,146,29.18,,0,0,0,67.5,67.8,67.1,0.22,0.22,0.23
BATA,2017-08-21 09:05:00 EDT,43.01994,-78.13566,906,71.8,71.8,71.8,68.9,61.0,0.000,0.000,0.00,0.000,10.7,14.2,1.5,216,10,11.2,15.5,1.6,222,8,10.7,14.2,1.5,216,10,171,29.18,,0,0,0,67.5,67.8,67.1,0.23,0.22,0.23
BATA,2017-08-21 09:10:00 EDT,43.01994,-78.13566,906,72.0,71.9,72.0,69.1,61.3,0.000,0.000,0.00,0.000,10.2,13.7,1.3,220,7,10.4,13.4,1.3,224,6,10.2,13.7,1.3,220,7,216,29.18,,0,0,0,67.5,67.8,67.1,0.23,0.22,0.23
BATA,2017-08-21 09:15:00 EDT,43.01994,-78.13566,906,72.3,72.2,72.3,69.4,61.8,0.000,0.000,0.00,0.000,10.9,14.4,1.4,218,8,11.3,14.8,1.5,222,7,10.9,14.4,1.4,218,8,314,29.18,,0,0,0,67.7,67.8,67.1,0.23,0.22,0.23
BATA,2017-08-21 09:20:00 EDT,43.01994,-78.13566,906,73.1,72.9,73.1,68.8,62.3,0.000,0.000,0.00,0.000,11.8,19.4,2.2,222,8,12.1,18.3,2.1,225,7,11.8,19.4,2.2,222,8,436,29.18,,0,0,0,67.8,67.8,67.1,0.23,0.22,0.23
BATA,2017-08-21 09:25:00 EDT,43.01994,-78.13566,906,73.5,73.2,73.5,68.6,62.5,0.000,0.000,0.00,0.000,13.3,16.4,1.6,221,9,13.5,17.3,1.7,224,7,13.3,16.4,1.6,221,9,410,29.18,,0,0,0,67.8,67.8,67.1,0.23,0.22,0.23
BATA,2017-08-21 09:30:00 EDT,43.01994,-78.13566,906,73.4,73.3,73.4,70.0,63.1,0.000,0.000,0.00,0.000,11.0,15.5,1.8,224,9,11.3,15.8,1.8,227,8,11.0,15.5,1.8,224,9,249,29.18,,0,0,0,67.8,67.8,67.1,0.23,0.22,0.23
BATA,2017-08-21 09:35:00 EDT,43.01994,-78.13566,906,74.0,73.7,74.0,70.2,63.7,0.000,0.000,0.00,0.000,11.1,14.5,1.5,225,7,11.8,16.1,1.5,228,7,11.1,14.5,1.5,225,7,428,29.18,,0,0,0,67.8,67.8,67.1,0.23,0.22,0.23
BATA,2017-08-21 09:40:00 EDT,43.01994,-78.13566,906,74.5,74.0,74.5,69.3,63.7,0.000,0.000,0.00,0.000,11.1,14.4,1.4,221,10,11.4,15.8,1.5,225,9,11.1,14.4,1.4,221,10,460,29.18,,0,0,0,67.8,67.8,67.1,0.23,0.22,0.23
BATA,2017-08-21 09:45:00 EDT,43.01994,-78.13566,906,74.7,74.3,74.7,69.5,64.0,0.000,0.000,0.00,0.000,10.8,15.6,2.0,213,12,11.4,15.7,1.9,216,10,10.8,15.6,2.0,213,12,476,29.17,,0,0,0,68.0,67.8,67.1,0.22,0.22,0.23
BATA,2017-08-21 09:50:00 EDT,43.01994,-78.13566,906,74.8,74.4,74.8,69.0,63.9,0.000,0.000,0.00,0.000,11.0,15.7,2.4,217,11,11.4,17.0,2.5,220,9,11.0,15.7,2.4,217,11,486,29.17,,0,0,0,68.2,67.8,67.1,0.22,0.22,0.23
BATA,2017-08-21 09:55:00 EDT,43.01994,-78.13566,906,75.2,74.7,75.2,69.0,64.3,0.000,0.000,0.00,0.000,10.3,13.8,1.6,222,9,10.6,14.6,1.7,224,7,10.3,13.8,1.6,222,9,501,29.17,,0,0,0,68.2,67.8,67.1,0.22,0.22,0.23
BATA,2017-08-21 10:00:00 EDT,43.01994,-78.13566,906,75.5,75.1,75.5,69.0,64.6,0.000,0.000,0.00,0.000,10.4,13.2,1.3,202,9,10.8,14.3,1.5,206,8,10.4,13.2,1.3,202,9,509,29.17,,0,0,0,68.3,67.8,67.1,0.22,0.22,0.23
BATA,2017-08-21 10:05:00 EDT,43.01994,-78.13566,906,75.6,75.2,75.6,68.9,64.7,0.000,0.000,0.00,0.000,10.1,13.4,1.6,206,13,10.6,14.4,1.7,210,12,10.1,13.4,1.6,206,13,519,29.17,,0,0,0,68.5,67.8,67.1,0.22,0.22,0.23
BATA,2017-08-21 10:10:00 EDT,43.01994,-78.13566,906,75.5,75.1,75.5,69.2,64.7,0.000,0.000,0.00,0.000,10.9,13.2,1.2,198,9,11.2,13.6,1.4,201,7,10.9,13.2,1.2,198,9,526,29.17,,0,0,0,68.5,67.8,67.1,0.22,0.22,0.23
BATA,2017-08-21 10:15:00 EDT,43.01994,-78.13566,906,75.8,75.4,75.8,68.8,64.9,0.000,0.000,0.00,0.000,9.3,13.5,1.5,203,10,9.6,12.9,1.6,206,9,9.3,13.5,1.5,203,10,546,29.17,,0,0,0,68.5,67.8,67.1,0.22,0.22,0.23
BATA,2017-08-21 10:20:00 EDT,43.01994,-78.13566,906,76.1,75.6,76.1,68.2,64.9,0.000,0.000,0.00,0.000,9.3,12.8,1.4,203,11,9.7,12.8,1.5,207,9,9.3,12.8,1.4,203,11,550,29.16,,0,0,0,68.6,67.8,67.1,0.22,0.22,0.23
BATA,2017-08-21 10:25:00 EDT,43.01994,-78.13566,906,76.7,76.1,76.7,69.3,65.9,0.000,0.000,0.00,0.000,7.9,11.4,1.6,221,14,8.2,12.1,1.6,225,12,7.9,11.4,1.6,221,14,566,29.16,,0,0,0,68.9,67.8,67.1,0.22,0.22,0.23
BATA,2017-08-21 10:30:00 EDT,43.01994,-78.13566,906,76.8,76.3,76.8,67.7,65.3,0.000,0.000,0.00,0.000,8.7,12.2,1.5,209,14,9.1,12.5,1.6,214,13,8.7,12.2,1.5,209,14,574,29.16,,0,0,0,68.9,67.8,67.1,0.22,0.22,0.23
BATA,2017-08-21 10:35:00 EDT,43.01994,-78.13566,906,77.0,76.5,77.0,67.2,65.3,0.000,0.000,0.00,0.000,8.7,11.4,1.5,201,9,9.1,12.2,1.5,205,8,8.7,11.4,1.5,201,9,588,29.16,,0,0,0,69.1,67.8,67.1,0.22,0.22,0.23
BATA,2017-08-21 10:40:00 EDT,43.01994,-78.13566,906,76.9,76.3,76.9,68.1,65.6,0.000,0.000,0.00,0.000,8.3,10.8,1.2,197,12,8.9,11.5,1.3,202,11,8.3,10.8,1.2,197,12,599,29.16,,0,0,0,69.3,67.8,67.1,0.23,0.22,0.23
BATA,2017-08-21 10:45:00 EDT,43.01994,-78.13566,906,77.3,76.8,77.3,67.4,65.7,0.000,0.000,0.00,0.000,7.8,11.7,1.5,205,15,8.3,11.8,1.4,210,15,7.8,11.7,1.5,205,15,611,29.16,,0,0,0,69.3,67.8,67.1,0.23,0.22,0.23
BATA,2017-08-21 10:50:00 EDT,43.01994,-78.13566,906,77.5,77.1,77.5,64.3,64.6,0.000,0.000,0.00,0.000,9.3,11.7,1.1,219,7,9.5,12.1,1.1,223,6,9.3,11.7,1.1,219,7,617,29.16,,0,0,0,69.5,67.8,67.1,0.23,0.22,0.23
BATA,2017-08-21 10:55:00 EDT,43.01994,-78.13566,906,78.1,77.7,78.1,65.7,65.7,0.000,0.000,0.00,0.000,7.8,11.8,1.4,208,12,8.3,11.7,1.4,214,12,7.8,11.8,1.4,208,12,628,29.16,,0,0,0,69.6,67.8,67.1,0.23,0.22,0.23
BATA,2017-08-21 11:00:00 EDT,43.01994,-78.13566,906,78.1,77.5,78.1,66.4,66.0,0.000,0.000,0.00,0.000,9.4,13.1,2.0,196,9,9.8,14.3,2.1,201,8,9.4,13.1,2.0,196,9,636,29.16,,0,0,0,69.7,67.8,67.1,0.22,0.22,0.23
BATA,2017-08-21 11:05:00 EDT,43.01994,-78.13566,906,77.8,77.2,77.8,66.3,65.7,0.000,0.000,0.00,0.000,10.9,14.2,1.3,196,6,11.3,15.5,1.5,201,6,10.9,14.2,1.3,196,6,647,29.16,,0,0,0,70.0,67.7,67.1,0.23,0.22,0.23
BATA,2017-08-21 11:10:00 EDT,43.01994,-78.13566,906,77.8,77.2,77.8,65.3,65.2,0.000,0.000,0.00,0.000,11.1,14.5,1.4,202,11,11.4,15.6,1.6,206,11,11.1,14.5,1.4,202,11,654,29.16,,0,0,0,70.0,67.7,67.1,0.22,0.22,0.23
BATA,2017-08-21 11:15:00 EDT,43.01994,-78.13566,906,78.0,77.4,78.0,66.4,66.0,0.000,0.000,0.00,0.000,11.1,14.1,1.6,204,16,11.6,15.4,1.7,209,15,11.1,14.1,1.6,204,16,665,29.16,,0,0,0,70.0,67.6,67.1,0.22,0.22,0.23
BATA,2017-08-21 11:20:00 EDT,43.01994,-78.13566,906,77.9,77.2,77.9,65.7,65.5,0.000,0.000,0.00,0.000,11.9,14.7,1.3,198,7,12.3,15.5,1.3,202,5,11.9,14.7,1.3,198,7,674,29.16,,0,0,0,70.3,67.6,67.1,0.22,0.22,0.23
BATA,2017-08-21 11:25:00 EDT,43.01994,-78.13566,906,78.3,77.6,78.3,66.9,66.4,0.000,0.000,0.00,0.000,10.2,13.6,1.5,203,15,10.6,14.7,1.7,207,13,10.2,13.6,1.5,203,15,683,29.16,,0,0,0,70.3,67.6,67.1,0.22,0.22,0.23
BATA,2017-08-21 11:30:00 EDT,43.01994,-78.13566,906,78.4,77.8,78.4,66.2,66.2,0.000,0.000,0.00,0.000,10.0,12.9,1.5,220,13,10.4,13.6,1.5,224,13,10.0,12.9,1.5,220,13,686,29.16,,0,0,0,70.5,67.6,67.1,0.22,0.22,0.23
BATA,2017-08-21 11:35:00 EDT,43.01994,-78.13566,906,79.1,78.3,79.1,66.1,66.8,0.000,0.000,0.00,0.000,10.6,14.5,2.1,227,11,11.1,16.2,2.1,231,12,10.6,14.5,2.1,227,11,691,29.16,,0,0,0,70.7,67.5,67.1,0.23,0.22,0.23
BATA,2017-08-21 11:40:00 EDT,43.01994,-78.13566,906,79.1,78.4,79.1,65.2,66.4,0.000,0.000,0.00,0.000,11.7,17.3,2.4,227,11,12.1,18.0,2.3,231,11,11.7,17.3,2.4,227,11,702,29.16,,0,0,0,70.7,67.5,67.1,0.23,0.22,0.23
BATA,2017-08-21 11:45:00 EDT,43.01994,-78.13566,906,79.5,79.0,79.5,63.3,65.9,0.000,0.000,0.00,0.000,12.7,17.7,2.9,225,11,13.2,18.6,3.0,229,11,12.7,17.7,2.9,225,11,707,29.16,,0,0,0,70.7,67.6,67.1,0.22,0.22,0.23
BATA,2017-08-21 11:50:00 EDT,43.01994,-78.13566,906,79.6,78.9,79.6,64.9,66.8,0.000,0.000,0.00,0.000,11.9,18.8,2.1,247,9,12.4,18.5,2.4,253,9,11.9,18.8,2.1,247,9,711,29.16,,0,0,0,70.7,67.6,67.1,0.22,0.22,0.23
BATA,2017-08-21 11:55:00 EDT,43.01994,-78.13566,906,79.4,78.5,79.4,64.8,66.5,0.000,0.000,0.00,0.000,12.8,17.5,2.2,239,10,13.2,19.0,2.3,244,10,12.8,17.5,2.2,239,10,713,29.16,,0,0,0,70.9,67.5,67.1,0.22,0.22,0.23
BATA,2017-08-21 12:00:00 EDT,43.01994,-78.13566,906,79.4,78.7,79.4,64.0,66.1,0.000,0.000,0.00,0.000,11.6,15.6,2.0,236,9,12.0,17.2,2.1,240,9,11.6,15.6,2.0,236,9,723,29.16,,0,0,0,71.1,67.6,67.1,0.22,0.22,0.23
BATA,2017-08-21 12:05:00 EDT,43.01994,-78.13566,906,79.7,78.8,79.7,64.9,66.9,0.000,0.000,0.00,0.000,9.5,15.4,1.9,267,13,10.1,16.5,2.0,272,13,9.5,15.4,1.9,267,13,727,29.16,,0,0,0,71.1,67.5,67.1,0.22,0.22,0.23
BATA,2017-08-21 12:10:00 EDT,43.01994,-78.13566,906,79.8,78.9,79.8,64.7,66.8,0.000,0.000,0.00,0.000,10.9,15.4,2.0,258,11,11.6,16.9,2.2,264,9,10.9,15.4,2.0,258,11,733,29.15,,0,0,0,71.2,67.6,67.1,0.22,0.22,0.23
BATA,2017-08-21 12:15:00 EDT,43.01994,-78.13566,906,79.7,78.8,79.7,64.1,66.4,0.000,0.000,0.00,0.000,11.0,16.5,1.6,270,13,11.6,17.1,1.8,275,12,11.0,16.5,1.6,270,13,738,29.15,,0,0,0,71.4,67.6,67.1,0.22,0.22,0.23
BATA,2017-08-21 12:20:00 EDT,43.01994,-78.13566,906,80.1,79.1,82.5,65.0,67.3,0.000,0.000,0.00,0.000,9.9,15.2,2.9,271,18,10.5,16.0,3.0,276,16,9.9,15.2,2.9,271,18,742,29.15,,0,0,0,71.4,67.5,67.1,0.22,0.22,0.23
BATA,2017-08-21 12:25:00 EDT,43.01994,-78.13566,906,80.0,79.2,80.0,62.3,65.9,0.000,0.000,0.00,0.000,11.5,16.2,2.3,240,9,11.9,17.5,2.2,245,10,11.5,16.2,2.3,240,9,748,29.15,,0,0,0,71.4,67.6,67.1,0.22,0.22,0.23
BATA,2017-08-21 12:30:00 EDT,43.01994,-78.13566,906,79.7,78.9,79.7,62.4,65.7,0.000,0.000,0.00,0.000,11.2,14.8,1.5,260,10,11.8,15.3,1.5,266,9,11.2,14.8,1.5,260,10,751,29.15,,0,0,0,71.4,67.7,67.1,0.22,0.22,0.23
BATA,2017-08-21 12:35:00 EDT,43.01994,-78.13566,906,80.1,79.0,82.3,63.4,66.5,0.000,0.000,0.00,0.000,9.9,13.8,1.7,257,18,10.4,14.1,1.8,262,18,9.9,13.8,1.7,257,18,753,29.15,,0,0,0,71.6,67.8,67.1,0.22,0.22,0.23
BATA,2017-08-21 12:40:00 EDT,43.01994,-78.13566,906,79.9,79.0,79.9,63.2,66.3,0.000,0.000,0.00,0.000,8.4,12.2,1.9,250,8,8.9,13.2,1.9,256,8,8.4,12.2,1.9,250,8,762,29.15,,0,0,0,71.8,67.8,67.1,0.22,0.22,0.23
BATA,2017-08-21 12:45:00 EDT,43.01994,-78.13566,906,80.0,79.3,80.0,63.4,66.4,0.000,0.000,0.00,0.000,6.3,9.9,1.4,254,22,6.8,10.2,1.5,260,23,6.3,9.9,1.4,254,22,764,29.15,,0,0,0,71.8,67.8,67.1,0.22,0.22,0.23
BATA,2017-08-21 12:50:00 EDT,43.01994,-78.13566,906,80.2,79.3,82.6,64.6,67.2,0.000,0.000,0.00,0.000,10.4,13.9,1.7,277,8,11.0,14.5,1.7,282,6,10.4,13.9,1.7,277,8,770,29.15,,0,0,0,71.8,67.8,67.1,0.22,0.22,0.23
BATA,2017-08-21 12:55:00 EDT,43.01994,-78.13566,906,80.4,79.5,83.0,65.1,67.6,0.000,0.000,0.00,0.000,8.4,13.2,1.4,286,11,8.9,14.0,1.4,292,11,8.4,13.2,1.4,286,11,752,29.15,,0,0,0,72.2,67.8,67.1,0.22,0.22,0.23
BATA,2017-08-21 13:00:00 EDT,43.01994,-78.13566,906,80.5,79.6,83.0,64.3,67.4,0.000,0.000,0.00,0.000,11.6,16.8,1.9,279,10,12.1,17.5,1.9,283,10,11.6,16.8,1.9,279,10,777,29.14,,0,0,0,72.3,67.8,67.1,0.22,0.22,0.23
BATA,2017-08-21 13:05:00 EDT,43.01994,-78.13566,906,80.6,79.7,83.2,64.8,67.7,0.000,0.000,0.00,0.000,8.8,15.7,2.3,261,12,9.5,16.7,2.3,267,11,8.8,15.7,2.3,261,12,780,29.15,,0,0,0,72.3,67.8,67.1,0.22,0.22,0.23
BATA,2017-08-21 13:10:00 EDT,43.01994,-78.13566,906,81.0,79.9,83.8,64.8,68.0,0.000,0.000,0.00,0.000,8.6,11.6,1.4,272,14,9.2,13.3,1.6,277,12,8.6,11.6,1.4,272,14,774,29.14,,0,0,0,72.3,67.8,67.1,0.22,0.22,0.23
BATA,2017-08-21 13:15:00 EDT,43.01994,-78.13566,906,80.6,79.6,83.3,65.0,67.8,0.000,0.000,0.00,0.000,8.2,13.6,1.9,281,10,8.6,14.2,2.0,286,11,8.2,13.6,1.9,281,10,798,29.14,,0,0,0,72.3,67.8,67.1,0.22,0.22,0.23
BATA,2017-08-21 13:20:00 EDT,43.01994,-78.13566,906,80.8,79.8,83.5,64.6,67.7,0.000,0.000,0.00,0.000,10.9,16.3,1.9,278,16,11.4,16.4,1.9,284,14,10.9,16.3,1.9,278,16,627,29.14,,0,0,0,72.6,67.8,67.1,0.22,0.22,0.23
BATA,2017-08-21 13:25:00 EDT,43.01994,-78.13566,906,80.7,79.7,83.6,66.4,68.5,0.000,0.000,0.00,0.000,9.7,14.4,1.8,276,12,10.3,16.6,2.1,282,11,9.7,14.4,1.8,276,12,794,29.14,,0,0,0,72.7,67.8,67.1,0.22,0.22,0.23
BATA,2017-08-21 13:30:00 EDT,43.01994,-78.13566,906,80.8,79.6,83.5,65.0,67.9,0.000,0.000,0.00,0.000,9.2,12.0,1.5,264,10,9.7,13.3,1.7,270,8,9.2,12.0,1.5,264,10,817,29.14,,0,0,0,72.7,67.8,67.1,0.22,0.22,0.23
BATA,2017-08-21 13:35:00 EDT,43.01994,-78.13566,906,80.8,79.8,83.5,65.0,67.9,0.000,0.000,0.00,0.000,8.7,12.6,1.5,255,12,9.2,14.4,1.7,260,11,8.7,12.6,1.5,255,12,711,29.14,,0,0,0,72.7,67.8,67.1,0.22,0.22,0.23
BATA,2017-08-21 13:40:00 EDT,43.01994,-78.13566,906,80.9,80.1,83.8,65.5,68.3,0.000,0.000,0.00,0.000,9.4,12.7,1.6,255,18,10.0,13.4,1.8,261,18,9.4,12.7,1.6,255,18,638,29.14,,0,0,0,72.7,67.8,67.1,0.22,0.22,0.23
BATA,2017-08-21 13:45:00 EDT,43.01994,-78.13566,906,80.6,79.8,83.3,65.2,67.9,0.000,0.000,0.00,0.000,7.4,11.3,1.7,276,9,7.9,12.1,1.7,281,9,7.4,11.3,1.7,276,9,614,29.14,,0,0,0,73.0,67.8,67.1,0.22,0.22,0.23
BATA,2017-08-21 13:50:00 EDT,43.01994,-78.13566,906,80.6,79.8,83.0,63.7,67.1,0.000,0.000,0.00,0.000,10.1,13.4,1.7,278,8,10.6,14.7,1.7,282,8,10.1,13.4,1.7,278,8,570,29.14,,0,0,0,73.0,67.8,67.0,0.22,0.22,0.23
BATA,2017-08-21 13:55:00 EDT,43.01994,-78.13566,906,79.8,79.4,79.8,64.7,66.8,0.000,0.000,0.00,0.000,6.8,9.9,1.5,264,11,7.2,11.1,1.5,270,10,6.8,9.9,1.5,264,11,272,29.14,,0,0,0,73.0,67.8,67.1,0.22,0.22,0.23
BATA,2017-08-21 14:00:00 EDT,43.01994,-78.13566,906,80.1,79.6,82.8,67.4,68.3,0.000,0.000,0.00,0.000,6.1,9.4,1.5,281,12,6.5,9.7,1.5,286,11,6.1,9.4,1.5,281,12,469,29.14,,0,0,0,73.0,67.8,67.1,0.22,0.22,0.23
BATA,2017-08-21 14:05:00 EDT,43.01994,-78.13566,906,80.3,79.7,82.9,66.5,68.1,0.000,0.000,0.00,0.000,8.2,11.8,1.6,272,17,8.7,12.3,1.7,277,16,8.2,11.8,1.6,272,17,424,29.14,,0,0,0,73.0,67.8,67.0,0.22,0.22,0.23
BATA,2017-08-21 14:10:00 EDT,43.01994,-78.13566,906,79.9,79.4,79.9,66.3,67.6,0.000,0.000,0.00,0.000,9.0,12.9,1.8,293,7,9.3,13.8,1.7,299,7,9.0,12.9,1.8,293,7,385,29.14,,0,0,0,73.0,67.8,67.0,0.22,0.22,0.23
BATA,2017-08-21 14:15:00 EDT,43.01994,-78.13566,906,79.8,79.5,79.8,67.3,68.0,0.000,0.000,0.00,0.000,7.7,10.9,1.4,282,13,8.1,10.9,1.3,287,13,7.7,10.9,1.4,282,13,342,29.14,,0,0,0,73.0,67.8,67.1,0.22,0.22,0.23
BATA,2017-08-21 14:20:00 EDT,43.01994,-78.13566,906,79.8,79.5,79.8,66.9,67.8,0.000,0.000,0.00,0.000,8.2,11.6,1.4,258,17,8.7,12.3,1.6,263,17,8.2,11.6,1.4,258,17,264,29.14,,0,0,0,73.0,67.8,67.0,0.22,0.22,0.23
BATA,2017-08-21 14:25:00 EDT,43.01994,-78.13566,906,79.1,79.2,79.1,67.2,67.3,0.000,0.000,0.00,0.000,8.3,11.8,1.6,257,16,8.8,12.7,1.7,264,16,8.3,11.8,1.6,257,16,108,29.14,,0,0,0,73.0,67.8,67.0,0.22,0.22,0.23
BATA,2017-08-21 14:30:00 EDT,43.01994,-78.13566,906,78.5,78.8,78.5,67.5,66.9,0.000,0.000,0.00,0.000,8.1,11.4,1.3,264,10,8.6,12.1,1.4,270,10,8.1,11.4,1.3,264,10,93,29.14,,0,0,0,73.0,67.8,67.0,0.22,0.22,0.23
BATA,2017-08-21 14:35:00 EDT,43.01994,-78.13566,906,78.7,78.8,78.7,68.4,67.4,0.000,0.000,0.00,0.000,7.3,9.7,1.0,272,10,7.8,10.3,1.0,277,10,7.3,9.7,1.0,272,10,206,29.14,,0,0,0,73.0,67.8,67.0,0.22,0.22,0.23
BATA,2017-08-21 14:40:00 EDT,43.01994,-78.13566,906,78.7,78.7,78.7,69.3,67.8,0.000,0.000,0.00,0.000,6.1,9.1,1.1,267,12,6.5,9.3,1.1,273,12,6.1,9.1,1.1,267,12,196,29.14,,0,0,0,73.0,67.8,67.0,0.22,0.22,0.23
BATA,2017-08-21 14:45:00 EDT,43.01994,-78.13566,906,78.8,78.7,78.8,69.1,67.8,0.000,0.000,0.00,0.000,6.4,9.1,1.2,247,7,6.8,9.6,1.3,254,7,6.4,9.1,1.2,247,7,199,29.14,,0,0,0,73.0,67.8,67.0,0.22,0.21,0.23
BATA,2017-08-21 14:50:00 EDT,43.01994,-78.13566,906,78.7,78.6,78.7,69.1,67.7,0.000,0.000,0.00,0.000,8.5,11.7,1.6,238,12,8.8,11.7,1.5,243,12,8.5,11.7,1.6,238,12,226,29.13,,0,0,0,73.0,67.8,67.0,0.22,0.21,0.23
BATA,2017-08-21 14:55:00 EDT,43.01994,-78.13566,906,78.6,78.6,78.6,69.7,67.9,0.000,0.000,0.00,0.000,8.4,11.7,1.4,244,13,8.9,13.2,1.5,248,14,8.4,11.7,1.4,244,13,220,29.13,,0,0,0,73.0,67.8,67.0,0.22,0.21,0.23
BATA,2017-08-21 15:00:00 EDT,43.01994,-78.13566,906,78.6,78.5,78.6,69.1,67.7,0.000,0.000,0.00,0.000,9.3,12.0,1.2,239,12,9.7,12.5,1.3,243,13,9.3,12.0,1.2,239,12,289,29.13,,0,0,0,73.0,67.8,67.0,0.22,0.22,0.23
BATA,2017-08-21 15:05:00 EDT,43.01994,-78.13566,906,78.8,78.5,78.8,68.9,67.8,0.000,0.000,0.00,0.000,7.9,10.4,1.1,256,9,8.5,11.5,1.2,263,8,7.9,10.4,1.1,256,9,335,29.13,,0,0,0,73.0,67.8,66.9,0.22,0.22,0.23
BATA,2017-08-21 15:10:00 EDT,43.01994,-78.13566,906,79.1,78.6,79.1,68.7,67.9,0.000,0.000,0.00,0.000,7.3,10.2,1.1,245,14,7.8,10.6,1.1,251,15,7.3,10.2,1.1,245,14,380,29.13,,0,0,0,73.0,67.8,67.0,0.22,0.22,0.23
BATA,2017-08-21 15:15:00 EDT,43.01994,-78.13566,906,79.3,78.7,79.3,68.1,67.8,0.000,0.000,0.00,0.000,8.4,11.6,1.5,263,9,8.8,12.5,1.6,269,9,8.4,11.6,1.5,263,9,418,29.13,,0,0,0,73.0,67.8,67.0,0.22,0.21,0.23
BATA,2017-08-21 15:20:00 EDT,43.01994,-78.13566,906,79.5,78.8,79.5,69.0,68.4,0.000,0.000,0.00,0.000,8.0,10.6,1.4,262,8,8.5,11.1,1.4,268,7,8.0,10.6,1.4,262,8,455,29.13,,0,0,0,73.0,67.8,67.0,0.22,0.21,0.23
BATA,2017-08-21 15:25:00 EDT,43.01994,-78.13566,906,79.5,78.7,79.5,67.0,67.5,0.000,0.000,0.00,0.000,9.9,11.5,1.0,264,7,10.4,12.2,1.1,269,6,9.9,11.5,1.0,264,7,509,29.13,,0,0,0,73.0,67.9,66.9,0.22,0.22,0.23
BATA,2017-08-21 15:30:00 EDT,43.01994,-78.13566,906,79.5,78.8,79.5,66.7,67.5,0.000,0.000,0.00,0.000,9.6,13.4,1.9,263,7,10.0,14.5,1.9,269,6,9.6,13.4,1.9,263,7,518,29.13,,0,0,0,73.0,68.1,66.9,0.22,0.21,0.23
BATA,2017-08-21 15:35:00 EDT,43.01994,-78.13566,906,79.7,78.9,79.7,66.3,67.4,0.000,0.000,0.00,0.000,9.7,14.2,1.9,250,10,10.0,14.7,2.0,256,10,9.7,14.2,1.9,250,10,567,29.13,,0,0,0,73.0,68.2,67.0,0.22,0.21,0.23
BATA,2017-08-21 15:40:00 EDT,43.01994,-78.13566,906,80.3,79.4,83.1,67.3,68.5,0.000,0.000,0.00,0.000,7.8,12.6,2.0,265,13,8.4,13.3,2.1,271,13,7.8,12.6,2.0,265,13,596,29.13,,0,0,0,73.0,68.2,66.9,0.22,0.21,0.23
BATA,2017-08-21 15:45:00 EDT,43.01994,-78.13566,906,80.1,79.2,82.7,65.8,67.7,0.000,0.000,0.00,0.000,10.2,13.7,1.6,271,8,10.7,14.4,1.6,277,8,10.2,13.7,1.6,271,8,570,29.13,,0,0,0,73.0,68.2,67.0,0.22,0.21,0.23
BATA,2017-08-21 15:50:00 EDT,43.01994,-78.13566,906,79.9,79.2,79.9,66.6,67.8,0.000,0.000,0.00,0.000,9.4,12.5,1.4,263,7,9.9,13.9,1.5,268,6,9.4,12.5,1.4,263,7,522,29.13,,0,0,0,73.0,68.2,66.9,0.22,0.21,0.23
BATA,2017-08-21 15:55:00 EDT,43.01994,-78.13566,906,80.4,79.4,82.9,65.4,67.7,0.000,0.000,0.00,0.000,8.9,12.0,1.3,266,8,9.4,12.9,1.5,272,7,8.9,12.0,1.3,266,8,625,29.13,,0,0,0,73.0,68.2,66.9,0.22,0.21,0.23
BATA,2017-08-21 16:00:00 EDT,43.01994,-78.13566,906,80.4,79.5,82.9,64.9,67.5,0.000,0.000,0.00,0.000,8.0,10.7,1.4,267,11,8.5,11.4,1.5,274,10,8.0,10.7,1.4,267,11,624,29.13,,0,0,0,73.0,68.2,66.9,0.22,0.21,0.23
BATA,2017-08-21 16:05:00 EDT,43.01994,-78.13566,906,80.4,79.6,82.9,64.9,67.5,0.000,0.000,0.00,0.000,7.4,11.1,1.8,273,11,8.0,12.0,1.8,280,9,7.4,11.1,1.8,273,11,558,29.12,,0,0,0,73.0,68.2,66.9,0.22,0.21,0.23
BATA,2017-08-21 16:10:00 EDT,43.01994,-78.13566,906,81.1,80.0,84.0,65.4,68.4,0.000,0.000,0.00,0.000,7.2,10.8,1.7,269,15,7.7,11.1,1.7,275,15,7.2,10.8,1.7,269,15,617,29.12,,0,0,0,73.0,68.2,66.9,0.22,0.21,0.23
BATA,2017-08-21 16:15:00 EDT,43.01994,-78.13566,906,80.9,80.0,83.2,62.3,66.8,0.000,0.000,0.00,0.000,8.3,11.2,1.2,246,14,8.7,11.5,1.3,252,14,8.3,11.2,1.2,246,14,608,29.12,,0,0,0,73.0,68.2,66.9,0.22,0.22,0.23
BATA,2017-08-21 16:20:00 EDT,43.01994,-78.13566,906,80.8,80.1,83.3,62.9,67.0,0.000,0.000,0.00,0.000,8.2,10.3,1.0,236,9,8.5,11.3,1.3,241,9,8.2,10.3,1.0,236,9,598,29.12,,0,0,0,73.0,68.2,66.9,0.22,0.21,0.23
BATA,2017-08-21 16:25:00 EDT,43.01994,-78.13566,906,80.8,80.1,83.3,63.3,67.2,0.000,0.000,0.00,0.000,8.4,12.2,2.1,246,11,8.9,13.1,2.1,252,11,8.4,12.2,2.1,246,11,580,29.12,,0,0,0,73.0,68.2,66.8,0.22,0.21,0.23
BATA,2017-08-21 16:30:00 EDT,43.01994,-78.13566,906,80.8,80.1,83.4,63.8,67.4,0.000,0.000,0.00,0.000,8.6,11.9,1.5,263,11,9.0,13.1,1.6,269,10,8.6,11.9,1.5,263,11,587,29.12,,0,0,0,73.0,68.2,66.8,0.22,0.21,0.23
BATA,2017-08-21 16:35:00 EDT,43.01994,-78.13566,906,80.9,80.2,83.3,62.6,67.0,0.000,0.000,0.00,0.000,8.3,13.0,1.9,237,10,8.7,13.5,2.0,243,12,8.3,13.0,1.9,237,10,578,29.12,,0,0,0,73.0,68.2,66.9,0.22,0.21,0.23
BATA,2017-08-21 16:40:00 EDT,43.01994,-78.13566,906,80.9,80.3,83.3,62.6,66.9,0.000,0.000,0.00,0.000,9.7,12.7,1.3,242,8,10.1,13.1,1.3,247,8,9.7,12.7,1.3,242,8,545,29.12,,0,0,0,73.0,68.2,66.9,0.22,0.22,0.23
BATA,2017-08-21 16:45:00 EDT,43.01994,-78.13566,906,80.9,80.2,83.4,63.3,67.2,0.000,0.000,0.00,0.000,7.0,10.6,1.8,240,10,7.5,11.1,1.8,246,11,7.0,10.6,1.8,240,10,532,29.12,,0,0,0,73.0,68.2,66.9,0.22,0.21,0.23
BATA,2017-08-21 16:50:00 EDT,43.01994,-78.13566,906,81.0,80.3,83.3,62.2,66.8,0.000,0.000,0.00,0.000,9.2,12.4,1.0,253,12,9.7,13.2,1.1,258,12,9.2,12.4,1.0,253,12,516,29.12,,0,0,0,73.0,68.3,66.9,0.22,0.21,0.23
BATA,2017-08-21 16:55:00 EDT,43.01994,-78.13566,906,80.8,80.2,83.1,62.5,66.8,0.000,0.000,0.00,0.000,7.8,12.6,2.0,256,22,8.2,13.2,2.1,262,21,7.8,12.6,2.0,256,22,503,29.12,,0,0,0,73.0,68.4,66.9,0.22,0.22,0.23
BATA,2017-08-21 17:00:00 EDT,43.01994,-78.13566,906,80.9,80.3,83.2,62.3,66.8,0.000,0.000,0.00,0.000,8.3,11.3,1.5,267,9,9.0,12.2,1.6,272,8,8.3,11.3,1.5,267,9,486,29.12,,0,0,0,73.0,68.5,66.9,0.22,0.22,0.23
BATA,2017-08-21 17:05:00 EDT,43.01994,-78.13566,906,80.7,80.3,82.5,58.5,64.8,0.000,0.000,0.00,0.000,8.5,11.3,1.1,275,8,8.9,12.1,1.2,281,8,8.5,11.3,1.1,275,8,461,29.12,,0,0,0,73.1,68.5,66.9,0.22,0.22,0.23
BATA,2017-08-21 17:10:00 EDT,43.01994,-78.13566,906,80.7,80.2,82.9,61.8,66.4,0.000,0.000,0.00,0.000,7.3,9.6,0.9,284,10,7.7,10.2,0.9,290,10,7.3,9.6,0.9,284,10,440,29.12,,0,0,0,73.1,68.5,66.9,0.22,0.21,0.23
BATA,2017-08-21 17:15:00 EDT,43.01994,-78.13566,906,80.6,80.1,82.8,62.1,66.4,0.000,0.000,0.00,0.000,8.5,12.1,1.8,258,8,8.9,12.5,1.8,264,7,8.5,12.1,1.8,258,8,410,29.12,,0,0,0,73.1,68.5,66.9,0.22,0.22,0.23
BATA,2017-08-21 17:20:00 EDT,43.01994,-78.13566,906,80.9,80.3,83.2,62.1,66.7,0.000,0.000,0.00,0.000,6.8,10.4,1.4,259,15,7.2,11.4,1.5,265,14,6.8,10.4,1.4,259,15,413,29.11,,0,0,0,73.1,68.5,66.9,0.22,0.22,0.23
BATA,2017-08-21 17:25:00 EDT,43.01994,-78.13566,906,80.8,80.5,82.7,59.4,65.3,0.000,0.000,0.00,0.000,7.8,10.3,0.9,246,9,8.2,11.3,1.0,252,9,7.8,10.3,0.9,246,9,395,29.11,,0,0,0,73.1,68.5,66.9,0.22,0.22,0.23
BATA,2017-08-21 17:30:00 EDT,43.01994,-78.13566,906,80.7,80.5,82.9,60.9,66.0,0.000,0.000,0.00,0.000,6.9,9.4,1.0,249,8,7.4,10.1,1.1,256,7,6.9,9.4,1.0,249,8,381,29.11,,0,0,0,73.1,68.5,66.8,0.22,0.22,0.23
BATA,2017-08-21 17:35:00 EDT,43.01994,-78.13566,906,80.6,80.3,82.9,62.5,66.6,0.000,0.000,0.00,0.000,8.1,10.5,1.3,243,13,8.5,11.1,1.3,249,14,8.1,10.5,1.3,243,13,366,29.11,,0,0,0,73.0,68.5,66.9,0.22,0.22,0.23
BATA,2017-08-21 17:40:00 EDT,43.01994,-78.13566,906,80.5,80.2,82.8,63.4,66.9,0.000,0.000,0.00,0.000,6.7,9.1,1.0,240,14,7.1,10.0,1.0,245,15,6.7,9.1,1.0,240,14,351,29.11,,0,0,0,73.1,68.5,66.9,0.22,0.22,0.23
BATA,2017-08-21 17:45:00 EDT,43.01994,-78.13566,906,80.6,80.4,83.1,63.8,67.2,0.000,0.000,0.00,0.000,6.5,9.6,0.9,242,15,7.0,10.2,1.0,249,15,6.5,9.6,0.9,242,15,334,29.11,,0,0,0,73.0,68.5,66.9,0.22,0.21,0.23
BATA,2017-08-21 17:50:00 EDT,43.01994,-78.13566,906,80.6,80.3,82.9,62.6,66.6,0.000,0.000,0.00,0.000,5.8,9.0,1.1,248,14,6.3,9.8,1.3,255,13,5.8,9.0,1.1,248,14,321,29.11,,0,0,0,73.0,68.5,66.9,0.22,0.22,0.23
BATA,2017-08-21 17:55:00 EDT,43.01994,-78.13566,906,80.5,80.4,82.6,61.6,66.1,0.000,0.000,0.00,0.000,9.4,12.6,1.6,235,14,9.8,13.1,1.6,240,15,9.4,12.6,1.6,235,14,305,29.11,,0,0,0,73.0,68.5,66.9,0.22,0.22,0.23
BATA,2017-08-21 18:00:00 EDT,43.01994,-78.13566,906,80.2,80.3,82.3,62.2,66.1,0.000,0.000,0.00,0.000,8.7,11.9,1.3,243,12,9.2,12.4,1.4,248,13,8.7,11.9,1.3,243,12,291,29.11,,0,0,0,73.0,68.5,66.9,0.22,0.22,0.23
BATA,2017-08-21 18:05:00 EDT,43.01994,-78.13566,906,80.2,80.2,82.3,61.8,65.9,0.000,0.000,0.00,0.000,8.7,11.2,1.2,244,6,9.1,11.9,1.2,250,6,8.7,11.2,1.2,244,6,278,29.11,,0,0,0,73.0,68.5,66.9,0.22,0.22,0.23
BATA,2017-08-21 18:10:00 EDT,43.01994,-78.13566,906,80.1,80.2,82.2,62.7,66.2,0.000,0.000,0.00,0.000,8.1,10.2,1.2,243,9,8.6,11.2,1.3,249,8,8.1,10.2,1.2,243,9,263,29.11,,0,0,0,73.0,68.5,67.0,0.22,0.22,0.23
BATA,2017-08-21 18:15:00 EDT,43.01994,-78.13566,906,80.1,80.1,82.2,62.8,66.2,0.000,0.000,0.00,0.000,7.3,8.9,1.0,253,7,7.7,9.8,1.1,260,7,7.3,8.9,1.0,253,7,246,29.11,,0,0,0,73.0,68.5,66.9,0.22,0.22,0.23
BATA,2017-08-21 18:20:00 EDT,43.01994,-78.13566,906,79.8,79.9,79.8,64.5,66.8,0.000,0.000,0.00,0.000,5.8,7.5,0.7,260,10,6.3,8.1,0.8,267,9,5.8,7.5,0.7,260,10,231,29.11,,0,0,0,73.0,68.5,66.9,0.22,0.22,0.23
BATA,2017-08-21 18:25:00 EDT,43.01994,-78.13566,906,79.9,80.0,79.9,63.2,66.3,0.000,0.000,0.00,0.000,7.2,10.4,1.5,256,9,7.7,11.5,1.6,262,8,7.2,10.4,1.5,256,9,221,29.11,,0,0,0,73.0,68.5,66.9,0.22,0.22,0.23
BATA,2017-08-21 18:30:00 EDT,43.01994,-78.13566,906,79.8,80.0,79.8,64.5,66.8,0.000,0.000,0.00,0.000,6.9,8.9,1.2,239,8,7.3,9.6,1.2,245,9,6.9,8.9,1.2,239,8,207,29.11,,0,0,0,73.0,68.5,66.9,0.22,0.22,0.23
BATA,2017-08-21 18:35:00 EDT,43.01994,-78.13566,906,79.7,80.0,79.7,64.3,66.6,0.000,0.000,0.00,0.000,7.6,10.2,0.9,223,11,8.1,10.4,0.9,228,11,7.6,10.2,0.9,223,11,186,29.10,,0,0,0,73.0,68.5,67.0,0.22,0.22,0.23
BATA,2017-08-21 18:40:00 EDT,43.01994,-78.13566,906,79.6,79.8,79.6,65.2,66.9,0.000,0.000,0.00,0.000,5.8,8.0,0.6,237,7,6.1,8.3,0.6,243,8,5.8,8.0,0.6,237,7,169,29.10,,0,0,0,73.0,68.5,67.0,0.22,0.22,0.23
BATA,2017-08-21 18:45:00 EDT,43.01994,-78.13566,906,79.5,79.8,79.5,66.0,67.2,0.000,0.000,0.00,0.000,6.7,10.0,1.2,245,7,7.1,10.7,1.3,251,8,6.7,10.0,1.2,245,7,155,29.10,,0,0,0,73.0,68.5,67.0,0.22,0.22,0.23
BATA,2017-08-21 18:50:00 EDT,43.01994,-78.13566,906,79.4,79.7,79.4,64.3,66.3,0.000,0.000,0.00,0.000,7.7,10.4,1.1,236,7,7.9,10.9,1.1,241,7,7.7,10.4,1.1,236,7,132,29.10,,0,0,0,73.0,68.5,67.1,0.22,0.22,0.23
BATA,2017-08-21 18:55:00 EDT,43.01994,-78.13566,906,78.8,79.5,78.8,66.0,66.5,0.000,0.000,0.00,0.000,6.4,8.5,1.0,246,8,6.8,9.1,1.1,251,8,6.4,8.5,1.0,246,8,126,29.10,,0,0,0,73.0,68.5,67.0,0.22,0.22,0.23
BATA,2017-08-21 19:00:00 EDT,43.01994,-78.13566,906,78.5,79.2,78.5,67.4,66.8,0.000,0.000,0.00,0.000,5.8,8.0,1.0,241,9,6.2,8.5,1.1,248,9,5.8,8.0,1.0,241,9,99,29.10,,0,0,0,73.0,68.5,67.0,0.22,0.22,0.23
BATA,2017-08-21 19:05:00 EDT,43.01994,-78.13566,906,78.4,79.2,78.4,67.2,66.6,0.000,0.000,0.00,0.000,6.1,8.5,0.9,239,7,6.4,8.9,1.0,245,7,6.1,8.5,0.9,239,7,60,29.10,,0,0,0,73.0,68.5,67.1,0.22,0.22,0.23
BATA,2017-08-21 19:10:00 EDT,43.01994,-78.13566,906,77.7,78.9,77.7,69.0,66.8,0.000,0.000,0.00,0.000,5.2,6.8,0.6,252,7,5.7,7.9,0.7,258,6,5.2,6.8,0.6,252,7,50,29.11,,0,0,0,73.0,68.6,67.1,0.22,0.22,0.23
BATA,2017-08-21 19:15:00 EDT,43.01994,-78.13566,906,77.7,78.8,77.7,68.9,66.7,0.000,0.000,0.00,0.000,5.4,7.1,0.7,248,8,5.8,7.7,0.8,254,7,5.4,7.1,0.7,248,8,48,29.11,,0,0,0,73.0,68.7,67.1,0.22,0.22,0.23
BATA,2017-08-21 19:20:00 EDT,43.01994,-78.13566,906,77.6,78.7,77.6,69.3,66.7,0.000,0.000,0.00,0.000,6.4,8.0,1.0,247,7,6.9,9.0,1.0,253,7,6.4,8.0,1.0,247,7,41,29.10,,0,0,0,72.9,68.9,67.1,0.22,0.22,0.23
BATA,2017-08-21 19:25:00 EDT,43.01994,-78.13566,906,77.5,78.6,77.5,69.2,66.6,0.000,0.000,0.00,0.000,6.8,9.1,0.8,245,7,7.3,9.7,0.8,251,7,6.8,9.1,0.8,245,7,39,29.11,,0,0,0,72.7,68.9,67.1,0.22,0.22,0.23
BATA,2017-08-21 19:30:00 EDT,43.01994,-78.13566,906,77.1,78.4,77.1,70.0,66.6,0.000,0.000,0.00,0.000,5.7,7.7,0.7,246,7,6.0,9.0,0.9,252,7,5.7,7.7,0.7,246,7,38,29.11,,0,0,0,72.7,68.9,67.1,0.22,0.22,0.23
BATA,2017-08-21 19:35:00 EDT,43.01994,-78.13566,906,76.9,78.2,76.9,70.7,66.6,0.000,0.000,0.00,0.000,4.6,6.0,0.6,249,7,4.9,6.5,0.7,255,7,4.6,6.0,0.6,249,7,31,29.10,,0,0,0,72.7,68.9,67.1,0.22,0.22,0.23
BATA,2017-08-21 19:40:00 EDT,43.01994,-78.13566,906,76.7,78.1,76.7,71.3,66.7,0.000,0.000,0.00,0.000,5.0,6.9,0.9,249,6,5.4,8.2,1.0,255,6,5.0,6.9,0.9,249,6,26,29.10,,0,0,0,72.7,68.9,67.1,0.22,0.22,0.23
BATA,2017-08-21 19:45:00 EDT,43.01994,-78.13566,906,76.4,77.9,76.4,71.6,66.5,0.000,0.000,0.00,0.000,5.5,7.1,0.5,254,5,5.8,7.4,0.5,260,4,5.5,7.1,0.5,254,5,18,29.10,,0,0,0,72.7,68.9,67.1,0.22,0.22,0.23
BATA,2017-08-21 19:50:00 EDT,43.01994,-78.13566,906,76.1,77.8,76.1,72.4,66.6,0.000,0.000,0.00,0.000,5.1,6.6,0.5,255,5,5.4,6.7,0.5,262,5,5.1,6.6,0.5,255,5,11,29.10,,0,0,0,72.7,68.9,67.1,0.22,0.22,0.23
BATA,2017-08-21 19:55:00 EDT,43.01994,-78.13566,906,76.2,77.7,76.2,72.6,66.7,0.000,0.000,0.00,0.000,5.0,6.0,0.4,251,5,5.4,6.8,0.5,257,5,5.0,6.0,0.4,251,5,7,29.10,,0,0,0,72.6,68.9,67.1,0.22,0.22,0.23
BATA,2017-08-21 20:00:00 EDT,43.01994,-78.13566,906,76.1,77.7,76.1,72.7,66.7,0.000,0.000,0.00,0.000,5.1,6.6,0.5,251,5,5.5,6.8,0.5,257,4,5.1,6.6,0.5,251,5,5,29.10,,0,0,0,72.3,68.9,67.1,0.22,0.22,0.23
BATA,2017-08-21 20:05:00 EDT,43.01994,-78.13566,906,75.9,77.5,75.9,72.9,66.6,0.000,0.000,0.00,0.000,5.7,7.1,0.5,255,3,6.0,7.4,0.6,261,3,5.7,7.1,0.5,255,3,3,29.10,,0,0,0,72.3,68.9,67.1,0.22,0.22,0.23
BATA,2017-08-21 20:10:00 EDT,43.01994,-78.13566,906,75.6,77.3,75.6,73.5,66.6,0.000,0.000,0.00,0.000,5.7,6.8,0.5,251,4,6.1,7.3,0.5,257,4,5.7,6.8,0.5,251,4,2,29.10,,0,0,0,72.3,68.9,67.1,0.22,0.22,0.23
BATA,2017-08-21 20:15:00 EDT,43.01994,-78.13566,906,75.2,77.0,75.2,74.1,66.4,0.000,0.000,0.00,0.000,5.2,6.3,0.4,252,4,5.6,6.8,0.4,258,4,5.2,6.3,0.4,252,4,1,29.10,,0,0,0,72.3,68.9,67.1,0.22,0.22,0.23
BATA,2017-08-21 20:20:00 EDT,43.01994,-78.13566,906,75.1,77.0,75.1,74.9,66.6,0.000,0.000,0.00,0.000,5.3,6.7,0.6,248,5,5.7,7.3,0.6,254,5,5.3,6.7,0.6,248,5,1,29.10,,0,0,0,72.3,68.9,67.1,0.22,0.22,0.23
BATA,2017-08-21 20:25:00 EDT,43.01994,-78.13566,906,75.3,76.9,75.3,74.9,66.8,0.000,0.000,0.00,0.000,5.5,6.9,0.6,243,5,5.9,7.5,0.6,249,5,5.5,6.9,0.6,243,5,0,29.10,,0,0,0,72.3,68.9,67.1,0.22,0.22,0.23
BATA,2017-08-21 20:30:00 EDT,43.01994,-78.13566,906,75.0,76.5,75.0,75.7,66.8,0.000,0.000,0.00,0.000,4.8,5.5,0.3,239,4,5.1,6.0,0.4,245,4,4.8,5.5,0.3,239,4,0,29.10,,0,0,0,72.0,68.9,67.1,0.22,0.22,0.23
BATA,2017-08-21 20:35:00 EDT,43.01994,-78.13566,906,74.8,76.3,74.8,75.8,66.7,0.000,0.000,0.00,0.000,4.6,5.6,0.4,245,5,5.0,6.1,0.4,251,5,4.6,5.6,0.4,245,5,0,29.09,,0,0,0,71.8,68.9,67.1,0.22,0.22,0.23
BATA,2017-08-21 20:40:00 EDT,43.01994,-78.13566,906,74.5,76.2,74.5,76.6,66.6,0.000,0.000,0.00,0.000,4.8,6.3,0.4,247,4,5.2,7.0,0.6,253,3,4.8,6.3,0.4,247,4,0,29.09,,0,0,0,71.8,68.9,67.1,0.22,0.22,0.23
BATA,2017-08-21 20:45:00 EDT,43.01994,-78.13566,906,74.5,76.3,74.5,76.7,66.7,0.000,0.000,0.00,0.000,5.5,6.9,0.6,250,5,5.9,7.4,0.6,256,5,5.5,6.9,0.6,250,5,0,29.09,,0,0,0,71.8,68.9,67.1,0.22,0.22,0.23
BATA,2017-08-21 20:50:00 EDT,43.01994,-78.13566,906,74.2,76.4,74.2,77.2,66.6,0.000,0.000,0.00,0.000,6.4,7.9,0.6,252,4,6.7,8.3,0.6,258,4,6.4,7.9,0.6,252,4,0,29.10,,0,0,0,71.8,68.9,67.1,0.22,0.22,0.23
BATA,2017-08-21 20:55:00 EDT,43.01994,-78.13566,906,74.0,76.1,74.0,77.9,66.7,0.000,0.000,0.00,0.000,5.8,7.2,0.5,253,4,6.2,7.6,0.6,260,4,5.8,7.2,0.5,253,4,0,29.10,,0,0,0,71.8,68.9,67.1,0.22,0.22,0.23
BATA,2017-08-21 21:00:00 EDT,43.01994,-78.13566,906,74.1,75.9,74.1,78.0,66.8,0.000,0.000,0.00,0.000,5.3,6.4,0.4,252,5,5.6,6.9,0.5,257,4,5.3,6.4,0.4,252,5,0,29.10,,0,0,0,71.4,68.9,67.1,0.22,0.22,0.23
BATA,2017-08-21 21:05:00 EDT,43.01994,-78.13566,906,74.2,75.9,74.2,77.4,66.7,0.000,0.000,0.00,0.000,4.8,5.7,0.4,248,5,5.2,6.2,0.4,254,4,4.8,5.7,0.4,248,5,0,29.10,,0,0,0,71.4,68.9,67.1,0.22,0.22,0.23
BATA,2017-08-21 21:10:00 EDT,43.01994,-78.13566,906,74.0,75.6,74.0,77.8,66.7,0.000,0.000,0.00,0.000,5.2,6.3,0.4,239,5,5.5,6.7,0.5,245,5,5.2,6.3,0.4,239,5,0,29.10,,0,0,0,71.4,68.9,67.1,0.22,0.22,0.23
BATA,2017-08-21 21:15:00 EDT,43.01994,-78.13566,906,73.7,75.2,73.7,79.2,66.9,0.000,0.000,0.00,0.000,4.6,5.3,0.4,211,13,4.9,5.7,0.6,216,13,4.6,5.3,0.4,211,13,0,29.10,,0,0,0,71.4,68.9,67.1,0.22,0.22,0.23
BATA,2017-08-21 21:20:00 EDT,43.01994,-78.13566,906,73.5,74.5,73.5,80.3,67.1,0.000,0.000,0.00,0.000,4.7,5.2,0.3,202,6,4.9,5.6,0.3,209,6,4.7,5.2,0.3,202,6,0,29.10,,0,0,0,71.4,68.9,67.1,0.22,0.22,0.23
BATA,2017-08-21 21:25:00 EDT,43.01994,-78.13566,906,73.1,74.3,73.1,81.3,67.0,0.000,0.000,0.00,0.000,6.2,7.7,0.5,200,4,6.4,8.2,0.6,207,4,6.2,7.7,0.5,200,4,0,29.10,,0,0,0,71.4,68.9,67.1,0.22,0.22,0.23
BATA,2017-08-21 21:30:00 EDT,43.01994,-78.13566,906,73.2,74.0,73.2,82.1,67.4,0.000,0.000,0.00,0.000,6.5,8.3,0.7,205,5,6.6,8.7,0.8,211,6,6.5,8.3,0.7,205,5,0,29.10,,0,0,0,71.4,68.9,67.1,0.22,0.22,0.23
BATA,2017-08-21 21:35:00 EDT,43.01994,-78.13566,906,73.4,73.8,73.4,82.4,67.7,0.000,0.000,0.00,0.000,6.5,8.1,0.6,203,6,6.6,8.5,0.7,209,7,6.5,8.1,0.6,203,6,0,29.10,,0,0,0,71.4,68.9,67.1,0.22,0.22,0.23
BATA,2017-08-21 21:40:00 EDT,43.01994,-78.13566,906,73.0,73.7,73.0,82.7,67.4,0.000,0.000,0.00,0.000,6.7,8.2,0.6,201,6,6.9,8.3,0.7,207,5,6.7,8.2,0.6,201,6,0,29.10,,0,0,0,71.4,68.9,67.1,0.22,0.22,0.23
BATA,2017-08-21 21:45:00 EDT,43.01994,-78.13566,906,72.6,73.4,72.6,83.2,67.2,0.000,0.000,0.00,0.000,5.5,6.7,0.6,197,4,5.8,7.0,0.6,203,4,5.5,6.7,0.6,197,4,0,29.10,,0,0,0,71.2,69.0,67.1,0.22,0.22,0.23
BATA,2017-08-21 21:50:00 EDT,43.01994,-78.13566,906,71.7,72.9,71.7,84.8,66.9,0.000,0.000,0.00,0.000,5.2,5.9,0.3,187,3,5.6,6.2,0.3,193,4,5.2,5.9,0.3,187,3,0,29.10,,0,0,0,71.1,69.0,67.1,0.22,0.22,0.23
BATA,2017-08-21 21:55:00 EDT,43.01994,-78.13566,906,71.3,72.6,71.3,86.5,67.1,0.000,0.000,0.00,0.000,5.8,6.9,0.5,192,5,6.1,7.3,0.5,197,5,5.8,6.9,0.5,192,5,0,29.10,,0,0,0,71.1,69.1,67.1,0.22,0.22,0.23
BATA,2017-08-21 22:00:00 EDT,43.01994,-78.13566,906,71.7,72.8,71.7,85.0,67.0,0.000,0.000,0.00,0.000,6.2,7.2,0.6,201,5,6.5,7.7,0.7,208,5,6.2,7.2,0.6,201,5,0,29.10,,0,0,0,71.1,69.1,67.1,0.22,0.22,0.23
BATA,2017-08-21 22:05:00 EDT,43.01994,-78.13566,906,72.0,72.6,72.0,83.8,66.9,0.000,0.000,0.00,0.000,4.4,5.6,0.4,212,7,4.7,5.9,0.5,219,5,4.4,5.6,0.4,212,7,0,29.10,,0,0,0,71.1,69.1,67.1,0.22,0.22,0.23
BATA,2017-08-21 22:10:00 EDT,43.01994,-78.13566,906,71.8,72.6,71.8,84.1,66.7,0.000,0.000,0.00,0.000,4.8,6.2,0.6,214,7,5.0,6.7,0.6,220,6,4.8,6.2,0.6,214,7,0,29.10,,0,0,0,71.1,69.1,67.1,0.22,0.22,0.23
BATA,2017-08-21 22:15:00 EDT,43.01994,-78.13566,906,71.6,72.5,71.6,84.2,66.6,0.000,0.000,0.00,0.000,5.6,8.4,0.8,208,9,5.9,9.3,0.8,215,7,5.6,8.4,0.8,208,9,0,29.10,,0,0,0,71.1,69.0,67.1,0.22,0.22,0.23
BATA,2017-08-21 22:20:00 EDT,43.01994,-78.13566,906,71.9,72.5,71.9,83.5,66.7,0.000,0.000,0.00,0.000,6.9,8.4,0.8,203,6,7.0,8.9,0.7,209,5,6.9,8.4,0.8,203,6,0,29.09,,0,0,0,71.1,69.1,67.1,0.22,0.22,0.23
BATA,2017-08-21 22:25:00 EDT,43.01994,-78.13566,906,71.1,72.0,71.1,84.5,66.2,0.000,0.000,0.00,0.000,5.5,6.7,0.5,192,4,5.8,7.5,0.6,199,4,5.5,6.7,0.5,192,4,0,29.09,,0,0,0,71.1,69.2,67.1,0.22,0.22,0.23
BATA,2017-08-21 22:30:00 EDT,43.01994,-78.13566,906,70.8,71.8,70.8,85.1,66.1,0.000,0.000,0.00,0.000,6.1,6.9,0.3,189,4,6.4,7.6,0.4,195,3,6.1,6.9,0.3,189,4,0,29.09,,0,0,0,70.9,69.2,67.1,0.22,0.22,0.23
BATA,2017-08-21 22:35:00 EDT,43.01994,-78.13566,906,70.5,71.6,70.5,85.3,65.9,0.000,0.000,0.00,0.000,5.6,6.9,0.6,187,4,6.0,7.4,0.6,193,4,5.6,6.9,0.6,187,4,0,29.09,,0,0,0,70.7,69.2,67.1,0.22,0.22,0.23
BATA,2017-08-21 22:40:00 EDT,43.01994,-78.13566,906,70.2,71.1,70.2,86.3,65.9,0.000,0.000,0.00,0.000,4.1,5.0,0.4,178,4,4.4,5.6,0.4,184,5,4.1,5.0,0.4,178,4,0,29.09,,0,0,0,70.7,69.2,67.1,0.22,0.22,0.23
BATA,2017-08-21 22:45:00 EDT,43.01994,-78.13566,906,70.0,70.7,70.0,87.6,66.2,0.000,0.000,0.00,0.000,4.2,5.6,0.4,176,3,4.5,6.4,0.4,181,3,4.2,5.6,0.4,176,3,0,29.09,,0,0,0,70.7,69.2,67.1,0.22,0.22,0.23
BATA,2017-08-21 22:50:00 EDT,43.01994,-78.13566,906,69.8,70.7,69.8,87.9,66.0,0.000,0.000,0.00,0.000,5.1,6.1,0.4,179,3,5.5,6.7,0.5,185,4,5.1,6.1,0.4,179,3,0,29.09,,0,0,0,70.7,69.2,67.1,0.22,0.22,0.23
BATA,2017-08-21 22:55:00 EDT,43.01994,-78.13566,906,69.6,70.7,69.6,88.0,65.8,0.000,0.000,0.00,0.000,5.1,6.1,0.3,181,3,5.5,6.5,0.4,187,4,5.1,6.1,0.3,181,3,0,29.09,,0,0,0,70.7,69.2,67.1,0.22,0.22,0.23
BATA,2017-08-21 23:00:00 EDT,43.01994,-78.13566,906,69.4,70.8,69.4,87.2,65.4,0.000,0.000,0.00,0.000,5.3,6.6,0.5,184,4,5.6,6.9,0.6,189,4,5.3,6.6,0.5,184,4,0,29.08,,0,0,0,70.7,69.3,67.1,0.22,0.22,0.23
BATA,2017-08-21 23:05:00 EDT,43.01994,-78.13566,906,69.4,70.7,69.4,87.1,65.4,0.000,0.000,0.00,0.000,5.0,5.8,0.4,185,4,5.3,6.3,0.4,191,4,5.0,5.8,0.4,185,4,0,29.08,,0,0,0,70.7,69.2,67.1,0.22,0.22,0.23
BATA,2017-08-21 23:10:00 EDT,43.01994,-78.13566,906,69.3,70.6,69.3,86.4,65.1,0.000,0.000,0.00,0.000,5.4,6.4,0.4,188,4,5.7,6.9,0.5,194,4,5.4,6.4,0.4,188,4,0,29.08,,0,0,0,70.7,69.3,67.1,0.22,0.22,0.23
BATA,2017-08-21 23:15:00 EDT,43.01994,-78.13566,906,69.3,70.6,69.3,85.8,64.9,0.000,0.000,0.00,0.000,5.5,6.5,0.4,187,4,5.9,7.3,0.4,194,4,5.5,6.5,0.4,187,4,0,29.08,,0,0,0,70.7,69.3,67.1,0.22,0.22,0.23
BATA,2017-08-21 23:20:00 EDT,43.01994,-78.13566,906,69.5,70.7,69.5,85.5,64.9,0.000,0.000,0.00,0.000,6.1,6.9,0.3,191,3,6.5,7.4,0.4,197,3,6.1,6.9,0.3,191,3,0,29.08,,0,0,0,70.6,69.3,67.1,0.22,0.22,0.23
BATA,2017-08-21 23:25:00 EDT,43.01994,-78.13566,906,69.6,70.7,69.6,84.8,64.8,0.000,0.000,0.00,0.000,6.6,7.5,0.4,191,3,6.9,7.8,0.4,197,2,6.6,7.5,0.4,191,3,0,29.08,,0,0,0,70.4,69.3,67.1,0.22,0.22,0.23
BATA,2017-08-21 23:30:00 EDT,43.01994,-78.13566,906,69.4,70.4,69.4,84.9,64.7,0.000,0.000,0.00,0.000,6.2,7.1,0.4,192,4,6.5,7.7,0.5,198,3,6.2,7.1,0.4,192,4,0,29.07,,0,0,0,70.3,69.3,67.1,0.22,0.22,0.23
BATA,2017-08-21 23:35:00 EDT,43.01994,-78.13566,906,69.3,70.3,69.3,84.8,64.5,0.000,0.000,0.00,0.000,6.2,7.2,0.5,195,4,6.5,7.9,0.5,201,4,6.2,7.2,0.5,195,4,0,29.08,,0,0,0,70.3,69.3,67.1,0.22,0.22,0.23
BATA,2017-08-21 23:40:00 EDT,43.01994,-78.13566,906,69.1,70.3,69.1,84.8,64.4,0.000,0.000,0.00,0.000,5.8,6.7,0.4,194,4,6.1,7.3,0.4,200,3,5.8,6.7,0.4,194,4,0,29.07,,0,0,0,70.3,69.3,67.1,0.22,0.22,0.23
BATA,2017-08-21 23:45:00 EDT,43.01994,-78.13566,906,69.3,70.5,69.3,84.0,64.3,0.000,0.000,0.00,0.000,6.0,7.5,0.5,195,4,6.3,7.7,0.5,202,4,6.0,7.5,0.5,195,4,0,29.07,,0,0,0,70.3,69.3,67.1,0.22,0.22,0.23
BATA,2017-08-21 23:50:00 EDT,43.01994,-78.13566,906,69.3,70.4,69.3,83.6,64.2,0.000,0.000,0.00,0.000,5.8,7.0,0.6,193,4,6.1,7.4,0.6,198,4,5.8,7.0,0.6,193,4,0,29.07,,0,0,0,70.3,69.3,67.1,0.22,0.22,0.23
BATA,2017-08-21 23:55:00 EDT,43.01994,-78.13566,906,69.1,70.1,69.1,84.5,64.3,0.000,0.000,0.00,0.000,5.3,5.9,0.3,187,3,5.6,6.5,0.4,193,3,5.3,5.9,0.3,187,3,0,29.07,,0,0,0,70.3,69.3,67.1,0.22,0.22,0.23
BEAC,2017-08-21 00:00:00 EDT,41.52875,-73.94527,296,67.9,68.8,67.9,84.4,63.0,0.000,0.000,0.00,0.000,3.4,4.8,0.7,255,11,3.7,5.6,0.8,256,10,3.4,4.8,0.7,255,11,0,29.85,,0,0,0,70.0,69.6,68.5,0.20,0.14,0.15
BEAC,2017-08-21 00:05:00 EDT,41.52875,-73.94527,296,67.5,68.2,67.5,84.4,62.7,0.000,0.000,0.00,0.000,3.3,4.9,0.8,246,10,3.5,5.7,0.9,246,11,3.3,4.9,0.8,246,10,0,29.85,,0,0,0,70.0,69.6,68.5,0.20,0.14,0.15
BEAC,2017-08-21 00:10:00 EDT,41.52875,-73.94527,296,67.3,68.0,67.3,84.6,62.5,0.000,0.000,0.00,0.000,2.9,3.8,0.3,230,7,2.7,3.5,0.4,229,6,2.9,3.8,0.3,230,7,0,29.85,,0,0,0,69.9,69.6,68.5,0.20,0.14,0.15
BEAC,2017-08-21 00:15:00 EDT,41.52875,-73.94527,296,67.5,68.4,67.5,84.9,62.8,0.000,0.000,0.00,0.000,3.1,5.0,0.6,225,11,3.0,5.0,0.7,224,11,3.1,5.0,0.6,225,11,0,29.85,,0,0,0,69.8,69.6,68.5,0.20,0.14,0.15
BEAC,2017-08-21 00:20:00 EDT,41.52875,-73.94527,296,67.5,68.6,67.5,84.3,62.6,0.000,0.000,0.00,0.000,3.1,4.3,0.4,222,8,2.9,4.6,0.6,220,7,3.1,4.3,0.4,222,8,0,29.85,,0,0,0,69.6,69.6,68.5,0.20,0.14,0.14
BEAC,2017-08-21 00:25:00 EDT,41.52875,-73.94527,296,67.5,68.8,67.5,83.7,62.4,0.000,0.000,0.00,0.000,2.8,3.7,0.4,212,6,2.7,3.9,0.4,211,7,2.8,3.7,0.4,212,6,0,29.85,,0,0,0,69.6,69.6,68.5,0.19,0.13,0.15
BEAC,2017-08-21 00:30:00 EDT,41.52875,-73.94527,296,67.9,69.0,67.9,82.0,62.2,0.000,0.000,0.00,0.000,3.2,3.9,0.3,225,8,3.0,4.3,0.4,225,8,3.2,3.9,0.3,225,8,0,29.85,,0,0,0,69.6,69.6,68.5,0.20,0.14,0.15
BEAC,2017-08-21 00:35:00 EDT,41.52875,-73.94527,296,67.7,68.5,67.7,82.1,62.0,0.000,0.000,0.00,0.000,3.0,3.8,0.4,235,9,2.9,3.8,0.4,234,8,3.0,3.8,0.4,235,9,0,29.85,,0,0,0,69.6,69.6,68.5,0.20,0.14,0.15
BEAC,2017-08-21 00:40:00 EDT,41.52875,-73.94527,296,67.3,68.2,67.3,82.3,61.8,0.000,0.000,0.00,0.000,3.1,3.8,0.4,249,10,3.2,4.4,0.4,249,11,3.1,3.8,0.4,249,10,0,29.85,,0,0,0,69.6,69.5,68.5,0.20,0.14,0.15
BEAC,2017-08-21 00:45:00 EDT,41.52875,-73.94527,296,67.0,67.7,67.0,82.8,61.6,0.000,0.000,0.00,0.000,3.2,4.3,0.3,249,8,3.4,4.6,0.4,250,9,3.2,4.3,0.3,249,8,0,29.85,,0,0,0,69.6,69.5,68.5,0.20,0.14,0.15
BEAC,2017-08-21 00:50:00 EDT,41.52875,-73.94527,296,66.6,67.5,66.6,83.4,61.4,0.000,0.000,0.00,0.000,3.9,5.0,0.5,246,7,4.1,5.1,0.6,247,7,3.9,5.0,0.5,246,7,0,29.85,,0,0,0,69.6,69.5,68.5,0.20,0.14,0.15
BEAC,2017-08-21 00:55:00 EDT,41.52875,-73.94527,296,66.4,67.3,66.4,84.1,61.4,0.000,0.000,0.00,0.000,3.4,4.4,0.4,241,7,3.4,4.6,0.5,240,8,3.4,4.4,0.4,241,7,0,29.85,,0,0,0,69.6,69.5,68.5,0.20,0.14,0.15
BEAC,2017-08-21 01:00:00 EDT,41.52875,-73.94527,296,66.4,67.4,66.4,84.6,61.6,0.000,0.000,0.00,0.000,3.4,4.0,0.3,238,6,3.4,4.1,0.3,237,7,3.4,4.0,0.3,238,6,0,29.85,,0,0,0,69.6,69.4,68.5,0.20,0.14,0.15
BEAC,2017-08-21 01:05:00 EDT,41.52875,-73.94527,296,66.4,67.6,66.4,84.6,61.7,0.000,0.000,0.00,0.000,3.3,3.8,0.3,239,7,3.3,3.9,0.3,237,7,3.3,3.8,0.3,239,7,0,29.85,,0,0,0,69.6,69.4,68.5,0.20,0.14,0.15
BEAC,2017-08-21 01:10:00 EDT,41.52875,-73.94527,296,66.6,67.5,66.6,84.0,61.6,0.000,0.000,0.00,0.000,3.4,4.7,0.6,238,7,3.4,5.1,0.6,237,7,3.4,4.7,0.6,238,7,0,29.85,,0,0,0,69.6,69.4,68.5,0.20,0.14,0.15
BEAC,2017-08-21 01:15:00 EDT,41.52875,-73.94527,296,66.4,67.4,66.4,83.5,61.3,0.000,0.000,0.00,0.000,3.2,4.2,0.5,237,8,3.3,4.7,0.5,237,8,3.2,4.2,0.5,237,8,0,29.85,,0,0,0,69.5,69.3,68.5,0.20,0.14,0.15
BEAC,2017-08-21 01:20:00 EDT,41.52875,-73.94527,296,66.3,67.1,66.3,83.9,61.3,0.000,0.000,0.00,0.000,3.0,3.9,0.5,227,9,2.8,3.9,0.5,227,8,3.0,3.9,0.5,227,9,0,29.85,,0,0,0,69.5,69.3,68.5,0.20,0.14,0.15
BEAC,2017-08-21 01:25:00 EDT,41.52875,-73.94527,296,66.1,67.3,66.1,84.6,61.3,0.000,0.000,0.00,0.000,2.9,4.2,0.6,221,6,2.7,4.6,0.6,221,5,2.9,4.2,0.6,221,6,0,29.85,,0,0,0,69.3,69.3,68.5,0.20,0.14,0.15
BEAC,2017-08-21 01:30:00 EDT,41.52875,-73.94527,296,66.3,67.2,66.3,84.8,61.6,0.000,0.000,0.00,0.000,2.6,3.5,0.4,222,6,2.6,3.6,0.4,222,6,2.6,3.5,0.4,222,6,0,29.85,,0,0,0,69.3,69.3,68.5,0.20,0.14,0.15
BEAC,2017-08-21 01:35:00 EDT,41.52875,-73.94527,296,66.2,67.2,66.2,84.7,61.5,0.000,0.000,0.00,0.000,3.5,4.1,0.3,245,9,3.7,4.8,0.5,246,9,3.5,4.1,0.3,245,9,0,29.85,,0,0,0,69.3,69.3,68.5,0.20,0.13,0.15
BEAC,2017-08-21 01:40:00 EDT,41.52875,-73.94527,296,66.1,66.9,66.1,85.0,61.5,0.000,0.000,0.00,0.000,3.2,3.9,0.3,241,6,3.1,3.9,0.4,240,7,3.2,3.9,0.3,241,6,0,29.85,,0,0,0,69.3,69.3,68.5,0.20,0.14,0.15
BEAC,2017-08-21 01:45:00 EDT,41.52875,-73.94527,296,66.1,66.9,66.1,85.1,61.5,0.000,0.000,0.00,0.000,2.7,3.7,0.6,230,9,2.6,3.7,0.6,229,9,2.7,3.7,0.6,230,9,0,29.86,,0,0,0,69.3,69.3,68.5,0.20,0.14,0.15
BEAC,2017-08-21 01:50:00 EDT,41.52875,-73.94527,296,65.4,66.7,65.4,85.2,60.9,0.000,0.000,0.00,0.000,1.7,2.4,0.3,210,6,1.8,2.6,0.3,211,6,1.7,2.4,0.3,210,6,0,29.85,,0,0,0,69.3,69.3,68.5,0.20,0.14,0.15
BEAC,2017-08-21 01:55:00 EDT,41.52875,-73.94527,296,64.1,66.8,64.1,85.6,59.7,0.000,0.000,0.00,0.000,1.6,2.3,0.3,200,15,1.8,2.7,0.3,199,16,1.6,2.3,0.3,200,15,0,29.85,,0,0,0,69.3,69.3,68.5,0.20,0.14,0.15
BEAC,2017-08-21 02:00:00 EDT,41.52875,-73.94527,296,64.0,66.8,64.0,87.5,60.3,0.000,0.000,0.00,0.000,1.6,2.4,0.2,219,14,1.7,2.5,0.3,219,14,1.6,2.4,0.2,219,14,0,29.85,,0,0,0,69.3,69.3,68.5,0.20,0.14,0.15
BEAC,2017-08-21 02:05:00 EDT,41.52875,-73.94527,296,65.6,67.2,65.6,89.2,62.4,0.000,0.000,0.00,0.000,2.6,3.4,0.4,231,6,2.5,3.4,0.4,229,7,2.6,3.4,0.4,231,6,0,29.85,,0,0,0,69.3,69.3,68.5,0.20,0.13,0.15
BEAC,2017-08-21 02:10:00 EDT,41.52875,-73.94527,296,66.3,67.2,66.3,86.8,62.3,0.000,0.000,0.00,0.000,3.1,3.9,0.4,245,6,3.2,4.1,0.4,245,7,3.1,3.9,0.4,245,6,0,29.85,,0,0,0,69.3,69.3,68.5,0.20,0.14,0.15
BEAC,2017-08-21 02:15:00 EDT,41.52875,-73.94527,296,66.2,67.0,66.2,85.6,61.8,0.000,0.000,0.00,0.000,3.1,3.8,0.5,251,7,3.4,4.3,0.6,252,6,3.1,3.8,0.5,251,7,0,29.85,,0,0,0,69.3,69.3,68.5,0.20,0.14,0.15
BEAC,2017-08-21 02:20:00 EDT,41.52875,-73.94527,296,66.1,66.8,66.1,85.6,61.6,0.000,0.000,0.00,0.000,2.8,3.4,0.4,252,6,3.1,3.8,0.5,253,6,2.8,3.4,0.4,252,6,0,29.85,,0,0,0,69.3,69.3,68.5,0.20,0.14,0.15
BEAC,2017-08-21 02:25:00 EDT,41.52875,-73.94527,296,65.9,66.6,65.9,86.0,61.6,0.000,0.000,0.00,0.000,2.7,3.3,0.2,245,5,2.9,3.8,0.3,245,5,2.7,3.3,0.2,245,5,0,29.85,,0,0,0,69.3,69.3,68.5,0.20,0.14,0.15
BEAC,2017-08-21 02:30:00 EDT,41.52875,-73.94527,296,65.8,66.7,65.8,86.4,61.7,0.000,0.000,0.00,0.000,2.3,2.8,0.3,236,5,2.3,3.2,0.4,234,7,2.3,2.8,0.3,236,5,0,29.85,,0,0,0,69.3,69.3,68.5,0.20,0.13,0.15
BEAC,2017-08-21 02:35:00 EDT,41.52875,-73.94527,296,65.0,66.5,65.0,86.2,60.8,0.000,0.000,0.00,0.000,2.2,2.5,0.1,219,6,2.1,2.5,0.1,219,5,2.2,2.5,0.1,219,6,0,29.85,,0,0,0,69.2,69.3,68.5,0.20,0.14,0.15
BEAC,2017-08-21 02:40:00 EDT,41.52875,-73.94527,296,63.1,66.0,63.1,86.8,59.1,0.000,0.000,0.00,0.000,2.1,2.4,0.2,203,11,2.2,2.8,0.2,202,12,2.1,2.4,0.2,203,11,0,29.85,,0,0,0,69.1,69.3,68.5,0.20,0.14,0.14
BEAC,2017-08-21 02:45:00 EDT,41.52875,-73.94527,296,63.3,66.0,63.3,90.3,60.4,0.000,0.000,0.00,0.000,1.7,2.3,0.2,218,13,1.8,2.5,0.2,217,13,1.7,2.3,0.2,218,13,0,29.85,,0,0,0,68.9,69.3,68.5,0.20,0.13,0.15
BEAC,2017-08-21 02:50:00 EDT,41.52875,-73.94527,296,63.5,66.2,63.5,91.9,61.1,0.000,0.000,0.00,0.000,1.9,2.8,0.4,226,8,2.0,2.7,0.3,225,7,1.9,2.8,0.4,226,8,0,29.85,,0,0,0,68.9,69.3,68.5,0.20,0.14,0.15
BEAC,2017-08-21 02:55:00 EDT,41.52875,-73.94527,296,63.3,66.1,63.3,92.3,61.0,0.000,0.000,0.00,0.000,2.1,2.6,0.3,213,6,2.1,2.8,0.3,213,6,2.1,2.6,0.3,213,6,0,29.85,,0,0,0,68.9,69.3,68.5,0.20,0.14,0.15
BEAC,2017-08-21 03:00:00 EDT,41.52875,-73.94527,296,62.6,65.6,62.6,92.4,60.4,0.000,0.000,0.00,0.000,2.0,2.8,0.3,191,13,2.2,3.2,0.3,191,13,2.0,2.8,0.3,191,13,0,29.85,,0,0,0,68.9,69.3,68.5,0.20,0.14,0.15
BEAC,2017-08-21 03:05:00 EDT,41.52875,-73.94527,296,62.4,65.6,62.4,92.8,60.3,0.000,0.000,0.00,0.000,1.9,2.7,0.3,215,19,2.0,2.9,0.4,215,19,1.9,2.7,0.3,215,19,0,29.85,,0,0,0,68.9,69.3,68.5,0.19,0.13,0.15
BEAC,2017-08-21 03:10:00 EDT,41.52875,-73.94527,296,64.2,66.1,64.2,94.6,62.6,0.000,0.000,0.00,0.000,2.0,2.8,0.3,243,7,2.2,2.9,0.3,241,8,2.0,2.8,0.3,243,7,0,29.85,,0,0,0,68.9,69.3,68.5,0.19,0.14,0.15
BEAC,2017-08-21 03:15:00 EDT,41.52875,-73.94527,296,65.3,66.2,65.3,94.3,63.6,0.000,0.000,0.00,0.000,2.4,3.2,0.2,250,8,2.7,3.8,0.4,249,8,2.4,3.2,0.2,250,8,0,29.85,,0,0,0,68.9,69.3,68.5,0.19,0.14,0.15
BEAC,2017-08-21 03:20:00 EDT,41.52875,-73.94527,296,65.4,66.2,65.4,92.6,63.2,0.000,0.000,0.00,0.000,2.8,3.5,0.3,243,6,2.9,3.6,0.3,242,6,2.8,3.5,0.3,243,6,0,29.85,,0,0,0,68.9,69.3,68.5,0.20,0.14,0.15
BEAC,2017-08-21 03:25:00 EDT,41.52875,-73.94527,296,65.4,66.2,65.4,91.0,62.7,0.000,0.000,0.00,0.000,2.6,3.3,0.3,232,8,2.6,3.2,0.3,231,8,2.6,3.3,0.3,232,8,0,29.85,,0,0,0,68.9,69.3,68.5,0.20,0.14,0.15
BEAC,2017-08-21 03:30:00 EDT,41.52875,-73.94527,296,65.1,66.0,65.1,89.7,62.0,0.000,0.000,0.00,0.000,2.4,3.0,0.3,222,4,2.3,3.2,0.3,221,4,2.4,3.0,0.3,222,4,0,29.85,,0,0,0,68.9,69.3,68.5,0.20,0.13,0.15
BEAC,2017-08-21 03:35:00 EDT,41.52875,-73.94527,296,63.3,65.7,63.3,88.7,59.9,0.000,0.000,0.00,0.000,1.9,2.9,0.3,226,5,1.9,2.7,0.3,224,6,1.9,2.9,0.3,226,5,0,29.85,,0,0,0,68.9,69.3,68.5,0.20,0.13,0.15
BEAC,2017-08-21 03:40:00 EDT,41.52875,-73.94527,296,63.0,65.5,63.0,90.4,60.1,0.000,0.000,0.00,0.000,1.8,2.3,0.2,218,6,1.8,2.4,0.2,218,6,1.8,2.3,0.2,218,6,0,29.85,,0,0,0,68.8,69.3,68.5,0.20,0.14,0.15
BEAC,2017-08-21 03:45:00 EDT,41.52875,-73.94527,296,62.8,65.4,62.8,92.1,60.5,0.000,0.000,0.00,0.000,2.1,2.6,0.2,219,6,2.0,2.8,0.3,219,6,2.1,2.6,0.2,219,6,0,29.85,,0,0,0,68.6,69.3,68.5,0.20,0.13,0.15
BEAC,2017-08-21 03:50:00 EDT,41.52875,-73.94527,296,62.6,65.1,62.6,93.1,60.6,0.000,0.000,0.00,0.000,2.2,2.8,0.4,216,7,2.1,3.2,0.4,217,5,2.2,2.8,0.4,216,7,0,29.85,,0,0,0,68.5,69.3,68.5,0.20,0.13,0.15
BEAC,2017-08-21 03:55:00 EDT,41.52875,-73.94527,296,62.8,65.4,62.8,93.9,61.1,0.000,0.000,0.00,0.000,2.9,3.9,0.4,216,5,2.9,4.7,0.5,215,5,2.9,3.9,0.4,216,5,0,29.85,,0,0,0,68.5,69.3,68.5,0.20,0.14,0.15
BEAC,2017-08-21 04:00:00 EDT,41.52875,-73.94527,296,63.4,65.8,63.4,94.7,61.8,0.000,0.000,0.00,0.000,3.2,4.1,0.4,217,5,3.2,4.3,0.5,217,5,3.2,4.1,0.4,217,5,0,29.85,,0,0,0,68.5,69.3,68.5,0.20,0.14,0.15
BEAC,2017-08-21 04:05:00 EDT,41.52875,-73.94527,296,63.8,65.6,63.8,94.4,62.2,0.000,0.000,0.00,0.000,3.0,4.1,0.6,218,6,2.9,4.6,0.6,217,6,3.0,4.1,0.6,218,6,0,29.85,,0,0,0,68.5,69.3,68.5,0.20,0.13,0.15
BEAC,2017-08-21 04:10:00 EDT,41.52875,-73.94527,296,62.2,64.9,62.2,92.6,60.1,0.000,0.000,0.00,0.000,1.1,1.5,0.2,201,14,1.3,1.9,0.2,201,14,1.1,1.5,0.2,201,14,0,29.85,,0,0,0,68.5,69.3,68.5,0.19,0.14,0.15
BEAC,2017-08-21 04:15:00 EDT,41.52875,-73.94527,296,61.7,65.2,61.7,93.0,59.7,0.000,0.000,0.00,0.000,1.4,2.0,0.2,184,16,1.7,2.4,0.3,181,18,1.4,2.0,0.2,184,16,0,29.85,,0,0,0,68.5,69.3,68.5,0.20,0.13,0.15
BEAC,2017-08-21 04:20:00 EDT,41.52875,-73.94527,296,61.3,64.0,61.3,93.2,59.3,0.000,0.000,0.00,0.000,1.5,2.0,0.2,147,6,1.7,2.5,0.3,145,7,1.5,2.0,0.2,147,6,0,29.85,,0,0,0,68.5,69.3,68.5,0.20,0.14,0.15
BEAC,2017-08-21 04:25:00 EDT,41.52875,-73.94527,296,62.0,64.5,62.0,94.3,60.3,0.000,0.000,0.00,0.000,2.0,3.0,0.4,195,21,2.2,3.3,0.4,192,23,2.0,3.0,0.4,195,21,0,29.85,,0,0,0,68.5,69.3,68.5,0.20,0.14,0.15
BEAC,2017-08-21 04:30:00 EDT,41.52875,-73.94527,296,63.6,67.0,63.6,95.4,62.3,0.000,0.000,0.00,0.000,2.5,3.8,0.6,229,12,2.6,3.8,0.6,227,10,2.5,3.8,0.6,229,12,0,29.85,,0,0,0,68.5,69.3,68.5,0.20,0.13,0.15
BEAC,2017-08-21 04:35:00 EDT,41.52875,-73.94527,296,65.7,67.2,65.7,93.2,63.6,0.000,0.000,0.00,0.000,2.9,4.4,0.5,231,9,2.8,5.0,0.6,231,8,2.9,4.4,0.5,231,9,0,29.85,,0,0,0,68.5,69.3,68.5,0.20,0.14,0.15
BEAC,2017-08-21 04:40:00 EDT,41.52875,-73.94527,296,65.6,67.0,65.6,88.0,61.9,0.000,0.000,0.00,0.000,2.7,4.0,0.5,217,11,2.7,4.4,0.6,216,10,2.7,4.0,0.5,217,11,0,29.85,,0,0,0,68.5,69.3,68.5,0.20,0.14,0.15
BEAC,2017-08-21 04:45:00 EDT,41.52875,-73.94527,296,64.8,67.0,64.8,86.1,60.5,0.000,0.000,0.00,0.000,3.3,5.3,0.8,221,8,3.2,5.8,0.8,220,8,3.3,5.3,0.8,221,8,0,29.85,,0,0,0,68.5,69.3,68.5,0.20,0.14,0.15
BEAC,2017-08-21 04:50:00 EDT,41.52875,-73.94527,296,64.8,67.1,64.8,84.3,60.0,0.000,0.000,0.00,0.000,2.8,4.4,0.5,220,7,2.8,4.4,0.6,220,7,2.8,4.4,0.5,220,7,0,29.85,,0,0,0,68.5,69.3,68.5,0.20,0.14,0.15
BEAC,2017-08-21 04:55:00 EDT,41.52875,-73.94527,296,64.0,66.5,64.0,85.9,59.7,0.000,0.000,0.00,0.000,2.9,4.2,0.5,229,10,3.0,4.4,0.5,228,10,2.9,4.2,0.5,229,10,0,29.85,,0,0,0,68.5,69.3,68.5,0.20,0.13,0.15
BEAC,2017-08-21 05:00:00 EDT,41.52875,-73.94527,296,64.6,65.6,64.6,86.3,60.4,0.000,0.000,0.00,0.000,3.4,4.6,0.5,250,10,3.6,5.5,0.6,252,11,3.4,4.6,0.5,250,10,0,29.85,,0,0,0,68.5,69.3,68.5,0.20,0.14,0.15
BEAC,2017-08-21 05:05:00 EDT,41.52875,-73.94527,296,64.2,65.0,64.2,87.2,60.3,0.000,0.000,0.00,0.000,3.6,4.9,0.6,252,13,3.9,5.7,0.7,253,11,3.6,4.9,0.6,252,13,0,29.86,,0,0,0,68.3,69.2,68.5,0.20,0.13,0.15
BEAC,2017-08-21 05:10:00 EDT,41.52875,-73.94527,296,64.0,64.9,64.0,88.0,60.4,0.000,0.000,0.00,0.000,3.8,4.8,0.5,250,9,4.0,5.4,0.6,251,10,3.8,4.8,0.5,250,9,0,29.85,,0,0,0,68.2,69.2,68.5,0.20,0.14,0.15
BEAC,2017-08-21 05:15:00 EDT,41.52875,-73.94527,296,63.9,64.8,63.9,88.5,60.5,0.000,0.000,0.00,0.000,3.5,4.3,0.4,250,5,3.7,5.0,0.5,252,5,3.5,4.3,0.4,250,5,0,29.86,,0,0,0,68.2,69.2,68.5,0.20,0.13,0.15
BEAC,2017-08-21 05:20:00 EDT,41.52875,-73.94527,296,63.9,64.8,63.9,88.8,60.5,0.000,0.000,0.00,0.000,3.5,4.2,0.4,249,6,3.7,4.8,0.5,250,6,3.5,4.2,0.4,249,6,0,29.86,,0,0,0,68.2,69.2,68.5,0.20,0.13,0.15
BEAC,2017-08-21 05:25:00 EDT,41.52875,-73.94527,296,64.0,65.0,64.0,89.2,60.8,0.000,0.000,0.00,0.000,4.1,4.7,0.3,242,5,4.2,5.1,0.3,243,5,4.1,4.7,0.3,242,5,0,29.86,,0,0,0,68.2,69.1,68.5,0.20,0.14,0.15
BEAC,2017-08-21 05:30:00 EDT,41.52875,-73.94527,296,64.1,65.1,64.1,89.1,60.8,0.000,0.000,0.00,0.000,3.8,4.6,0.4,245,6,3.9,4.9,0.4,246,6,3.8,4.6,0.4,245,6,0,29.86,,0,0,0,68.2,69.1,68.5,0.20,0.13,0.15
BEAC,2017-08-21 05:35:00 EDT,41.52875,-73.94527,296,64.1,65.0,64.1,89.3,60.9,0.000,0.000,0.00,0.000,3.7,4.7,0.5,246,8,4.0,5.1,0.6,247,7,3.7,4.7,0.5,246,8,0,29.86,,0,0,0,68.2,69.0,68.5,0.20,0.13,0.14
BEAC,2017-08-21 05:40:00 EDT,41.52875,-73.94527,296,63.9,64.6,63.9,89.5,60.8,0.000,0.000,0.00,0.000,3.6,4.7,0.5,244,9,3.8,5.2,0.6,244,9,3.6,4.7,0.5,244,9,0,29.86,,0,0,0,68.2,69.0,68.5,0.19,0.13,0.14
BEAC,2017-08-21 05:45:00 EDT,41.52875,-73.94527,296,63.6,64.2,63.6,90.0,60.6,0.000,0.000,0.00,0.000,3.4,4.3,0.4,246,7,3.5,5.1,0.5,247,8,3.4,4.3,0.4,246,7,0,29.87,,0,0,0,68.2,69.0,68.5,0.20,0.14,0.15
BEAC,2017-08-21 05:50:00 EDT,41.52875,-73.94527,296,63.6,64.4,63.6,90.7,60.8,0.000,0.000,0.00,0.000,3.5,4.3,0.4,244,7,3.7,4.9,0.5,243,7,3.5,4.3,0.4,244,7,0,29.87,,0,0,0,68.2,68.9,68.5,0.20,0.14,0.15
BEAC,2017-08-21 05:55:00 EDT,41.52875,-73.94527,296,63.5,64.3,63.5,90.9,60.8,0.000,0.000,0.00,0.000,3.7,4.5,0.4,250,7,4.0,5.3,0.5,251,7,3.7,4.5,0.4,250,7,0,29.87,,0,0,0,68.2,68.9,68.5,0.20,0.14,0.15
BEAC,2017-08-21 06:00:00 EDT,41.52875,-73.94527,296,63.4,64.2,63.4,91.1,60.7,0.000,0.000,0.00,0.000,4.0,4.7,0.4,248,6,4.3,5.2,0.5,249,6,4.0,4.7,0.4,248,6,1,29.87,,0,0,0,68.2,68.9,68.5,0.20,0.13,0.14
BEAC,2017-08-21 06:05:00 EDT,41.52875,-73.94527,296,63.4,64.1,63.4,91.5,60.9,0.000,0.000,0.00,0.000,3.9,4.5,0.3,243,7,4.0,5.2,0.5,243,7,3.9,4.5,0.3,243,7,2,29.87,,0,0,0,68.2,68.9,68.5,0.20,0.13,0.15
BEAC,2017-08-21 06:10:00 EDT,41.52875,-73.94527,296,63.3,64.0,63.3,91.6,60.8,0.000,0.000,0.00,0.000,4.2,4.9,0.4,240,7,4.2,5.4,0.5,240,7,4.2,4.9,0.4,240,7,2,29.87,,0,0,0,68.2,68.9,68.5,0.19,0.13,0.15
BEAC,2017-08-21 06:15:00 EDT,41.52875,-73.94527,296,63.2,64.0,63.2,92.0,60.9,0.000,0.000,0.00,0.000,4.2,5.0,0.4,244,5,4.4,5.3,0.5,244,5,4.2,5.0,0.4,244,5,4,29.87,,0,0,0,68.2,68.9,68.5,0.19,0.14,0.15
BEAC,2017-08-21 06:20:00 EDT,41.52875,-73.94527,296,63.4,64.1,63.4,92.5,61.1,0.000,0.000,0.00,0.000,3.5,4.5,0.3,243,7,3.7,4.9,0.4,244,7,3.5,4.5,0.3,243,7,7,29.87,,0,0,0,68.2,68.9,68.5,0.19,0.13,0.15
BEAC,2017-08-21 06:25:00 EDT,41.52875,-73.94527,296,63.4,64.2,63.4,92.8,61.3,0.000,0.000,0.00,0.000,3.3,3.9,0.4,234,6,3.3,4.2,0.4,232,6,3.3,3.9,0.4,234,6,11,29.87,,0,0,0,68.2,68.9,68.5,0.19,0.13,0.15
BEAC,2017-08-21 06:30:00 EDT,41.52875,-73.94527,296,63.1,64.0,63.1,92.8,61.0,0.000,0.000,0.00,0.000,3.1,5.3,0.5,234,10,3.1,4.5,0.5,231,8,3.1,5.3,0.5,234,10,18,29.87,,0,0,0,68.1,68.9,68.5,0.19,0.13,0.15
BEAC,2017-08-21 06:35:00 EDT,41.52875,-73.94527,296,63.4,64.2,63.4,93.5,61.5,0.000,0.000,0.00,0.000,3.5,4.7,0.8,231,10,3.6,5.4,0.8,231,8,3.5,4.7,0.8,231,10,24,29.88,,0,0,0,68.1,68.9,68.5,0.20,0.13,0.15
BEAC,2017-08-21 06:40:00 EDT,41.52875,-73.94527,296,63.6,64.4,63.6,93.9,61.8,0.000,0.000,0.00,0.000,3.4,4.7,0.7,232,12,3.3,4.8,0.7,232,10,3.4,4.7,0.7,232,12,30,29.88,,0,0,0,68.1,68.9,68.5,0.19,0.13,0.14
BEAC,2017-08-21 06:45:00 EDT,41.52875,-73.94527,296,64.0,64.6,64.0,93.9,62.2,0.000,0.000,0.00,0.000,3.2,5.0,0.6,237,13,3.3,5.3,0.7,237,13,3.2,5.0,0.6,237,13,37,29.88,,0,0,0,68.0,68.9,68.5,0.19,0.13,0.15
BEAC,2017-08-21 06:50:00 EDT,41.52875,-73.94527,296,64.3,64.8,64.3,93.5,62.4,0.000,0.000,0.00,0.000,2.9,4.7,0.7,240,12,3.0,4.8,0.7,240,12,2.9,4.7,0.7,240,12,45,29.88,,0,0,0,68.0,68.9,68.5,0.19,0.13,0.15
BEAC,2017-08-21 06:55:00 EDT,41.52875,-73.94527,296,64.3,64.6,64.3,92.8,62.2,0.000,0.000,0.00,0.000,2.6,3.9,0.5,243,12,2.7,4.3,0.6,244,14,2.6,3.9,0.5,243,12,60,29.87,,0,0,0,67.9,68.9,68.5,0.20,0.13,0.15
BEAC,2017-08-21 07:00:00 EDT,41.52875,-73.94527,296,64.5,64.8,64.5,92.3,62.2,0.000,0.000,0.00,0.000,3.0,4.5,0.4,245,10,3.1,4.8,0.6,244,10,3.0,4.5,0.4,245,10,78,29.87,,0,0,0,67.9,68.9,68.5,0.20,0.13,0.15
BEAC,2017-08-21 07:05:00 EDT,41.52875,-73.94527,296,64.7,65.0,64.7,91.8,62.3,0.000,0.000,0.00,0.000,3.5,4.5,0.5,249,9,3.7,5.5,0.6,250,8,3.5,4.5,0.5,249,9,81,29.87,,0,0,0,67.9,68.9,68.5,0.20,0.13,0.14
BEAC,2017-08-21 07:10:00 EDT,41.52875,-73.94527,296,64.8,64.9,64.8,91.3,62.2,0.000,0.000,0.00,0.000,4.0,5.3,0.7,252,7,4.4,6.1,0.9,253,7,4.0,5.3,0.7,252,7,77,29.87,,0,0,0,67.9,68.9,68.5,0.20,0.13,0.14
BEAC,2017-08-21 07:15:00 EDT,41.52875,-73.94527,296,64.8,64.8,64.8,91.1,62.2,0.000,0.000,0.00,0.000,3.6,4.8,0.6,250,11,3.9,5.7,0.7,250,10,3.6,4.8,0.6,250,11,89,29.88,,0,0,0,68.0,68.9,68.5,0.20,0.13,0.15
BEAC,2017-08-21 07:20:00 EDT,41.52875,-73.94527,296,64.9,64.9,64.9,91.1,62.2,0.000,0.000,0.00,0.000,4.0,5.3,0.8,246,12,4.3,6.0,0.9,247,11,4.0,5.3,0.8,246,12,112,29.88,,0,0,0,67.9,68.9,68.5,0.19,0.13,0.15
BEAC,2017-08-21 07:25:00 EDT,41.52875,-73.94527,296,65.4,65.3,65.4,90.7,62.6,0.000,0.000,0.00,0.000,3.3,5.0,0.9,238,14,3.4,5.2,0.9,239,13,3.3,5.0,0.9,238,14,136,29.88,,0,0,0,67.9,68.9,68.5,0.20,0.13,0.15
BEAC,2017-08-21 07:30:00 EDT,41.52875,-73.94527,296,65.7,65.5,65.7,89.6,62.6,0.000,0.000,0.00,0.000,3.6,6.1,1.0,235,14,3.6,5.7,1.1,234,14,3.6,6.1,1.0,235,14,149,29.88,,0,0,0,68.0,68.9,68.5,0.20,0.13,0.14
BEAC,2017-08-21 07:35:00 EDT,41.52875,-73.94527,296,66.1,65.9,66.1,88.6,62.6,0.000,0.000,0.00,0.000,2.5,4.9,0.9,235,16,2.7,5.1,1.0,236,16,2.5,4.9,0.9,235,16,158,29.88,,0,0,0,68.0,68.9,68.5,0.20,0.13,0.15
BEAC,2017-08-21 07:40:00 EDT,41.52875,-73.94527,296,66.3,66.1,66.3,88.1,62.7,0.000,0.000,0.00,0.000,3.0,5.1,1.0,236,14,3.2,5.4,1.0,240,16,3.0,5.1,1.0,236,14,163,29.88,,0,0,0,68.1,68.9,68.5,0.19,0.13,0.15
BEAC,2017-08-21 07:45:00 EDT,41.52875,-73.94527,296,66.5,66.2,66.5,87.7,62.7,0.000,0.000,0.00,0.000,4.0,6.0,1.1,238,14,4.1,6.3,1.2,239,12,4.0,6.0,1.1,238,14,187,29.88,,0,0,0,68.2,68.9,68.5,0.19,0.13,0.15
BEAC,2017-08-21 07:50:00 EDT,41.52875,-73.94527,296,66.9,66.5,66.9,88.4,63.3,0.000,0.000,0.00,0.000,5.2,7.4,1.0,228,9,5.1,7.0,0.9,229,8,5.2,7.4,1.0,228,9,202,29.88,,0,0,0,68.2,68.9,68.5,0.19,0.13,0.14
BEAC,2017-08-21 07:55:00 EDT,41.52875,-73.94527,296,67.3,67.0,67.3,87.7,63.5,0.000,0.000,0.00,0.000,4.6,6.6,0.9,235,11,4.6,6.3,0.9,235,10,4.6,6.6,0.9,235,11,202,29.88,,0,0,0,68.2,68.9,68.5,0.19,0.13,0.15
BEAC,2017-08-21 08:00:00 EDT,41.52875,-73.94527,296,67.9,67.7,67.9,86.5,63.7,0.000,0.000,0.00,0.000,4.8,6.6,1.0,227,11,4.8,6.8,0.9,226,11,4.8,6.6,1.0,227,11,222,29.88,,0,0,0,68.2,68.9,68.5,0.19,0.13,0.14
BEAC,2017-08-21 08:05:00 EDT,41.52875,-73.94527,296,68.7,68.5,68.7,84.2,63.7,0.000,0.000,0.00,0.000,5.2,7.7,0.9,224,13,5.2,7.5,1.0,224,10,5.2,7.7,0.9,224,13,253,29.88,,0,0,0,68.2,68.9,68.5,0.19,0.13,0.14
BEAC,2017-08-21 08:10:00 EDT,41.52875,-73.94527,296,69.2,68.9,69.2,82.4,63.6,0.000,0.000,0.00,0.000,5.3,7.6,1.1,229,13,5.3,8.2,1.1,228,11,5.3,7.6,1.1,229,13,257,29.88,,0,0,0,68.2,68.9,68.5,0.19,0.13,0.15
BEAC,2017-08-21 08:15:00 EDT,41.52875,-73.94527,296,69.5,69.1,69.5,81.2,63.4,0.000,0.000,0.00,0.000,5.5,8.1,1.2,232,13,5.6,8.7,1.3,232,12,5.5,8.1,1.2,232,13,282,29.88,,0,0,0,68.2,68.9,68.5,0.19,0.13,0.14
BEAC,2017-08-21 08:20:00 EDT,41.52875,-73.94527,296,69.9,69.6,69.9,79.9,63.4,0.000,0.000,0.00,0.000,6.4,9.6,1.2,230,11,6.4,9.2,1.2,230,11,6.4,9.6,1.2,230,11,311,29.88,,0,0,0,68.2,68.9,68.5,0.20,0.13,0.15
BEAC,2017-08-21 08:25:00 EDT,41.52875,-73.94527,296,70.2,69.9,70.2,79.3,63.5,0.000,0.000,0.00,0.000,5.9,9.4,1.4,228,12,6.0,9.9,1.3,229,11,5.9,9.4,1.4,228,12,311,29.88,,0,0,0,68.2,68.8,68.5,0.19,0.13,0.15
BEAC,2017-08-21 08:30:00 EDT,41.52875,-73.94527,296,70.3,70.1,70.3,77.8,63.0,0.000,0.000,0.00,0.000,5.4,8.6,1.3,228,15,5.7,8.4,1.3,227,13,5.4,8.6,1.3,228,15,198,29.88,,0,0,0,68.2,68.8,68.5,0.19,0.13,0.15
BEAC,2017-08-21 08:35:00 EDT,41.52875,-73.94527,296,70.0,70.0,70.0,77.7,62.7,0.000,0.000,0.00,0.000,5.8,8.4,1.1,225,9,5.8,8.6,1.0,226,8,5.8,8.4,1.1,225,9,171,29.88,,0,0,0,68.2,68.7,68.5,0.20,0.13,0.15
BEAC,2017-08-21 08:40:00 EDT,41.52875,-73.94527,296,70.2,70.0,70.2,78.1,63.0,0.000,0.000,0.00,0.000,5.3,8.1,1.2,227,10,5.2,7.3,1.2,227,11,5.3,8.1,1.2,227,10,261,29.88,,0,0,0,68.4,68.8,68.5,0.19,0.13,0.14
BEAC,2017-08-21 08:45:00 EDT,41.52875,-73.94527,296,70.1,70.1,70.1,76.7,62.4,0.000,0.000,0.00,0.000,6.1,8.7,0.9,227,12,6.0,8.6,1.0,226,11,6.1,8.7,0.9,227,12,100,29.88,,0,0,0,68.5,68.7,68.5,0.19,0.13,0.15
BEAC,2017-08-21 08:50:00 EDT,41.52875,-73.94527,296,69.8,70.2,69.8,77.5,62.4,0.000,0.000,0.00,0.000,6.1,8.0,1.0,220,9,6.1,7.9,1.0,220,8,6.1,8.0,1.0,220,9,100,29.88,,0,0,0,68.5,68.6,68.5,0.20,0.13,0.14
BEAC,2017-08-21 08:55:00 EDT,41.52875,-73.94527,296,70.0,70.4,70.0,76.9,62.4,0.000,0.000,0.00,0.000,5.3,8.0,1.1,222,13,5.5,8.3,1.2,222,12,5.3,8.0,1.1,222,13,138,29.88,,0,0,0,68.5,68.6,68.5,0.20,0.13,0.14
BEAC,2017-08-21 09:00:00 EDT,41.52875,-73.94527,296,70.8,71.0,70.8,75.8,62.8,0.000,0.000,0.00,0.000,5.7,8.8,1.5,223,12,5.8,9.2,1.5,221,10,5.7,8.8,1.5,223,12,254,29.87,,0,0,0,68.5,68.6,68.5,0.19,0.13,0.14
BEAC,2017-08-21 09:05:00 EDT,41.52875,-73.94527,296,72.0,71.6,72.0,75.3,63.7,0.000,0.000,0.00,0.000,5.5,8.1,1.1,226,11,5.4,8.0,1.1,226,10,5.5,8.1,1.1,226,11,428,29.87,,0,0,0,68.5,68.5,68.5,0.19,0.13,0.15
BEAC,2017-08-21 09:10:00 EDT,41.52875,-73.94527,296,73.2,72.5,73.2,73.5,64.2,0.000,0.000,0.00,0.000,5.9,11.0,1.9,223,15,6.1,10.8,1.9,222,14,5.9,11.0,1.9,223,15,465,29.87,,0,0,0,68.5,68.5,68.5,0.20,0.13,0.14
BEAC,2017-08-21 09:15:00 EDT,41.52875,-73.94527,296,73.5,72.9,73.5,69.2,62.8,0.000,0.000,0.00,0.000,8.7,13.3,2.1,219,12,8.9,13.9,2.2,220,11,8.7,13.3,2.1,219,12,460,29.87,,0,0,0,68.5,68.5,68.5,0.19,0.13,0.14
BEAC,2017-08-21 09:20:00 EDT,41.52875,-73.94527,296,73.1,72.9,73.1,69.6,62.6,0.000,0.000,0.00,0.000,6.9,11.6,1.8,215,13,6.9,12.2,2.0,215,14,6.9,11.6,1.8,215,13,225,29.87,,0,0,0,68.5,68.5,68.5,0.20,0.13,0.15
BEAC,2017-08-21 09:25:00 EDT,41.52875,-73.94527,296,72.7,72.7,72.7,71.0,62.8,0.000,0.000,0.00,0.000,6.3,9.3,1.8,218,11,6.3,9.5,1.7,217,11,6.3,9.3,1.8,218,11,308,29.87,,0,0,0,68.5,68.5,68.4,0.20,0.13,0.15
BEAC,2017-08-21 09:30:00 EDT,41.52875,-73.94527,296,73.6,73.3,73.6,70.4,63.4,0.000,0.000,0.00,0.000,6.5,9.9,1.3,211,12,6.5,9.8,1.3,210,12,6.5,9.9,1.3,211,12,385,29.86,,0,0,0,68.5,68.5,68.5,0.20,0.13,0.15
BEAC,2017-08-21 09:35:00 EDT,41.52875,-73.94527,296,74.5,73.7,74.5,69.9,64.0,0.000,0.000,0.00,0.000,5.5,7.9,1.1,220,15,5.6,7.7,1.2,220,14,5.5,7.9,1.1,220,15,516,29.86,,0,0,0,68.6,68.5,68.3,0.20,0.13,0.14
BEAC,2017-08-21 09:40:00 EDT,41.52875,-73.94527,296,74.9,74.2,74.9,68.0,63.6,0.000,0.000,0.00,0.000,7.7,11.3,1.4,213,13,7.9,12.4,1.5,213,12,7.7,11.3,1.4,213,13,530,29.87,,0,0,0,68.7,68.5,68.3,0.19,0.13,0.14
BEAC,2017-08-21 09:45:00 EDT,41.52875,-73.94527,296,74.9,74.1,74.9,67.6,63.5,0.000,0.000,0.00,0.000,8.2,11.6,1.9,215,10,8.3,12.0,1.8,214,9,8.2,11.6,1.9,215,10,534,29.87,,0,0,0,68.9,68.5,68.3,0.19,0.13,0.15
BEAC,2017-08-21 09:50:00 EDT,41.52875,-73.94527,296,75.3,74.5,75.3,67.8,63.9,0.000,0.000,0.00,0.000,7.2,11.4,1.8,223,15,7.0,11.8,1.8,224,14,7.2,11.4,1.8,223,15,565,29.87,,0,0,0,68.9,68.5,68.3,0.19,0.13,0.14
BEAC,2017-08-21 09:55:00 EDT,41.52875,-73.94527,296,75.5,74.7,75.5,66.6,63.6,0.000,0.000,0.00,0.000,7.4,11.5,1.7,226,11,7.2,11.2,1.7,226,9,7.4,11.5,1.7,226,11,570,29.86,,0,0,0,68.9,68.5,68.2,0.19,0.13,0.15
BEAC,2017-08-21 10:00:00 EDT,41.52875,-73.94527,296,75.5,74.8,75.5,66.1,63.4,0.000,0.000,0.00,0.000,6.8,10.0,1.3,230,15,6.8,10.6,1.4,231,15,6.8,10.0,1.3,230,15,609,29.86,,0,0,0,68.9,68.5,68.2,0.19,0.13,0.14
BEAC,2017-08-21 10:05:00 EDT,41.52875,-73.94527,296,76.6,75.7,76.6,67.3,64.9,0.000,0.000,0.00,0.000,5.7,9.8,1.7,228,24,6.0,10.4,1.8,230,24,5.7,9.8,1.7,228,24,634,29.86,,0,0,0,68.9,68.5,68.2,0.19,0.13,0.14
BEAC,2017-08-21 10:10:00 EDT,41.52875,-73.94527,296,76.7,75.6,76.7,64.6,63.9,0.000,0.000,0.00,0.000,7.3,10.1,1.5,229,16,7.5,10.5,1.5,230,15,7.3,10.1,1.5,229,16,633,29.87,,0,0,0,69.2,68.5,68.2,0.19,0.13,0.15
BEAC,2017-08-21 10:15:00 EDT,41.52875,-73.94527,296,76.7,75.7,76.7,66.1,64.5,0.000,0.000,0.00,0.000,6.5,9.6,1.2,212,15,6.4,9.9,1.3,210,16,6.5,9.6,1.2,212,15,594,29.87,,0,0,0,69.3,68.5,68.2,0.19,0.13,0.14
BEAC,2017-08-21 10:20:00 EDT,41.52875,-73.94527,296,77.2,76.2,77.2,65.4,64.7,0.000,0.000,0.00,0.000,4.1,7.7,1.7,226,25,4.4,8.3,1.7,227,27,4.1,7.7,1.7,226,25,615,29.87,,0,0,0,69.3,68.5,68.2,0.19,0.13,0.15
BEAC,2017-08-21 10:25:00 EDT,41.52875,-73.94527,296,77.4,76.3,77.4,64.3,64.4,0.000,0.000,0.00,0.000,4.9,8.2,1.3,219,19,5.1,8.3,1.4,218,19,4.9,8.2,1.3,219,19,577,29.87,,0,0,0,69.3,68.5,68.2,0.19,0.13,0.14
BEAC,2017-08-21 10:30:00 EDT,41.52875,-73.94527,296,77.1,76.3,77.1,64.3,64.1,0.000,0.000,0.00,0.000,4.9,8.8,2.1,224,14,5.1,9.2,2.1,224,13,4.9,8.8,2.1,224,14,563,29.88,,0,0,0,69.3,68.5,68.2,0.19,0.14,0.14
BEAC,2017-08-21 10:35:00 EDT,41.52875,-73.94527,296,77.5,76.5,77.5,64.0,64.3,0.000,0.000,0.00,0.000,5.4,7.7,1.3,232,12,5.5,8.3,1.2,231,12,5.4,7.7,1.3,232,12,542,29.88,,0,0,0,69.6,68.5,68.2,0.19,0.13,0.14
BEAC,2017-08-21 10:40:00 EDT,41.52875,-73.94527,296,77.9,76.8,77.9,65.1,65.2,0.000,0.000,0.00,0.000,3.6,6.4,1.6,241,18,4.0,7.2,1.5,241,18,3.6,6.4,1.6,241,18,512,29.88,,0,0,0,69.6,68.5,68.2,0.19,0.13,0.15
BEAC,2017-08-21 10:45:00 EDT,41.52875,-73.94527,296,77.7,76.9,77.7,63.8,64.5,0.000,0.000,0.00,0.000,5.1,9.1,1.5,221,15,5.2,9.2,1.4,222,15,5.1,9.1,1.5,221,15,509,29.88,,0,0,0,69.6,68.5,68.2,0.19,0.13,0.14
BEAC,2017-08-21 10:50:00 EDT,41.52875,-73.94527,296,77.7,77.0,77.7,63.6,64.3,0.000,0.000,0.00,0.000,3.5,7.2,1.6,240,22,3.8,8.1,1.8,246,21,3.5,7.2,1.6,240,22,538,29.88,,0,0,0,69.6,68.5,68.2,0.19,0.13,0.15
BEAC,2017-08-21 10:55:00 EDT,41.52875,-73.94527,296,78.4,77.4,78.4,62.3,64.5,0.000,0.000,0.00,0.000,4.2,6.7,1.2,244,20,4.6,8.1,1.4,245,19,4.2,6.7,1.2,244,20,664,29.88,,0,0,0,69.9,68.5,68.2,0.19,0.13,0.15
BEAC,2017-08-21 11:00:00 EDT,41.52875,-73.94527,296,78.8,78.1,78.8,62.5,64.9,0.000,0.000,0.00,0.000,4.1,9.6,2.4,229,19,4.3,8.9,2.2,228,19,4.1,9.6,2.4,229,19,637,29.88,,0,0,0,70.0,68.5,68.2,0.19,0.13,0.15
BEAC,2017-08-21 11:05:00 EDT,41.52875,-73.94527,296,79.3,78.2,79.3,62.2,65.2,0.000,0.000,0.00,0.000,3.8,7.8,2.1,242,18,4.3,7.9,1.9,241,21,3.8,7.8,2.1,242,18,658,29.88,,0,0,0,70.0,68.5,68.2,0.19,0.13,0.15
BEAC,2017-08-21 11:10:00 EDT,41.52875,-73.94527,296,79.5,78.3,79.5,61.1,64.9,0.000,0.000,0.00,0.000,4.1,6.8,1.3,236,26,4.5,7.2,1.3,237,26,4.1,6.8,1.3,236,26,690,29.87,,0,0,0,70.0,68.5,68.2,0.19,0.13,0.15
BEAC,2017-08-21 11:15:00 EDT,41.52875,-73.94527,296,79.9,78.9,79.9,60.4,65.0,0.000,0.000,0.00,0.000,4.4,8.9,1.5,224,21,4.6,8.2,1.4,226,21,4.4,8.9,1.5,224,21,676,29.87,,0,0,0,70.0,68.5,68.2,0.19,0.14,0.15
BEAC,2017-08-21 11:20:00 EDT,41.52875,-73.94527,296,79.7,78.8,79.7,61.2,65.2,0.000,0.000,0.00,0.000,4.3,6.9,1.1,213,22,4.6,7.1,1.1,213,24,4.3,6.9,1.1,213,22,645,29.87,,0,0,0,70.2,68.5,68.2,0.19,0.13,0.15
BEAC,2017-08-21 11:25:00 EDT,41.52875,-73.94527,296,79.9,79.0,79.9,60.1,64.9,0.000,0.000,0.00,0.000,4.5,9.3,2.4,216,18,4.6,9.3,2.4,217,20,4.5,9.3,2.4,216,18,655,29.87,,0,0,0,70.3,68.5,68.2,0.19,0.13,0.15
BEAC,2017-08-21 11:30:00 EDT,41.52875,-73.94527,296,79.8,78.7,79.8,61.8,65.5,0.000,0.000,0.00,0.000,4.5,9.3,2.2,193,27,4.9,9.5,2.3,190,27,4.5,9.3,2.2,193,27,731,29.87,,0,0,0,70.3,68.5,68.2,0.19,0.13,0.15
BEAC,2017-08-21 11:35:00 EDT,41.52875,-73.94527,296,80.1,79.3,82.1,60.9,65.4,0.000,0.000,0.00,0.000,2.7,5.4,1.3,191,22,3.3,6.2,1.4,190,22,2.7,5.4,1.3,191,22,732,29.87,,0,0,0,70.3,68.5,68.2,0.19,0.13,0.15
BEAC,2017-08-21 11:40:00 EDT,41.52875,-73.94527,296,81.0,79.8,83.0,59.8,65.7,0.000,0.000,0.00,0.000,5.0,8.0,1.6,228,21,5.2,8.5,1.6,228,20,5.0,8.0,1.6,228,21,733,29.86,,0,0,0,70.5,68.5,68.2,0.19,0.13,0.15
BEAC,2017-08-21 11:45:00 EDT,41.52875,-73.94527,296,80.6,79.6,82.4,58.4,64.7,0.000,0.000,0.00,0.000,5.4,10.4,1.9,219,14,5.6,10.3,1.9,218,14,5.4,10.4,1.9,219,14,752,29.86,,0,0,0,70.7,68.5,68.2,0.19,0.13,0.15
BEAC,2017-08-21 11:50:00 EDT,41.52875,-73.94527,296,80.9,80.0,82.6,57.6,64.6,0.000,0.000,0.00,0.000,4.5,9.7,2.3,207,16,4.6,10.4,2.5,207,16,4.5,9.7,2.3,207,16,755,29.86,,0,0,0,70.7,68.5,68.2,0.19,0.13,0.15
BEAC,2017-08-21 11:55:00 EDT,41.52875,-73.94527,296,81.0,80.0,82.8,58.2,64.9,0.000,0.000,0.00,0.000,6.1,11.0,2.1,204,16,6.4,11.6,2.0,203,16,6.1,11.0,2.1,204,16,764,29.85,,0,0,0,70.7,68.5,68.2,0.19,0.13,0.15
BEAC,2017-08-21 12:00:00 EDT,41.52875,-73.94527,296,81.8,80.6,83.6,57.2,65.1,0.000,0.000,0.00,0.000,5.0,8.7,1.9,216,20,5.1,8.5,1.9,215,19,5.0,8.7,1.9,216,20,785,29.85,,0,0,0,70.7,68.5,68.2,0.19,0.13,0.15
BEAC,2017-08-21 12:05:00 EDT,41.52875,-73.94527,296,81.7,80.7,83.2,55.0,64.0,0.000,0.000,0.00,0.000,6.2,10.0,1.6,221,13,6.2,9.9,1.6,223,13,6.2,10.0,1.6,221,13,755,29.85,,0,0,0,70.7,68.5,68.2,0.19,0.13,0.15
BEAC,2017-08-21 12:10:00 EDT,41.52875,-73.94527,296,81.6,80.8,83.2,55.2,64.0,0.000,0.000,0.00,0.000,4.4,7.5,1.4,245,22,4.8,8.7,1.7,247,22,4.4,7.5,1.4,245,22,634,29.85,,0,0,0,70.8,68.5,68.2,0.19,0.13,0.15
BEAC,2017-08-21 12:15:00 EDT,41.52875,-73.94527,296,81.8,81.1,83.6,56.5,64.9,0.000,0.000,0.00,0.000,4.9,7.8,1.7,223,27,5.3,9.4,1.8,222,29,4.9,7.8,1.7,223,27,698,29.85,,0,0,0,71.0,68.5,68.2,0.19,0.13,0.15
BEAC,2017-08-21 12:20:00 EDT,41.52875,-73.94527,296,81.9,81.3,83.1,53.0,63.1,0.000,0.000,0.00,0.000,4.1,8.2,1.4,229,23,4.5,8.9,1.5,228,23,4.1,8.2,1.4,229,23,633,29.84,,0,0,0,71.1,68.5,68.2,0.19,0.13,0.15
BEAC,2017-08-21 12:25:00 EDT,41.52875,-73.94527,296,81.2,80.9,82.4,54.1,63.0,0.000,0.000,0.00,0.000,6.7,10.5,1.7,198,14,7.2,10.0,1.6,197,15,6.7,10.5,1.7,198,14,399,29.84,,0,0,0,71.1,68.5,68.2,0.19,0.13,0.15
BEAC,2017-08-21 12:30:00 EDT,41.52875,-73.94527,296,81.3,81.0,82.7,55.0,63.5,0.000,0.000,0.00,0.000,5.4,8.6,1.7,230,26,5.9,9.4,1.7,231,25,5.4,8.6,1.7,230,26,557,29.84,,0,0,0,71.1,68.5,68.2,0.19,0.13,0.15
BEAC,2017-08-21 12:35:00 EDT,41.52875,-73.94527,296,81.8,81.4,83.3,54.7,63.9,0.000,0.000,0.00,0.000,7.5,12.9,1.8,210,18,7.8,13.3,2.0,209,17,7.5,12.9,1.8,210,18,623,29.84,,0,0,0,71.2,68.5,68.2,0.19,0.13,0.15
BEAC,2017-08-21 12:40:00 EDT,41.52875,-73.94527,296,82.2,81.6,83.4,52.8,63.3,0.000,0.000,0.00,0.000,6.1,11.2,2.2,232,15,6.2,12.4,2.1,232,16,6.1,11.2,2.2,232,15,740,29.84,,0,0,0,71.4,68.5,68.2,0.19,0.13,0.15
BEAC,2017-08-21 12:45:00 EDT,41.52875,-73.94527,296,83.1,82.1,84.6,53.3,64.4,0.000,0.000,0.00,0.000,6.0,10.2,1.9,219,21,6.2,10.1,2.0,219,22,6.0,10.2,1.9,219,21,749,29.84,,0,0,0,71.4,68.5,68.2,0.19,0.14,0.15
BEAC,2017-08-21 12:50:00 EDT,41.52875,-73.94527,296,82.4,82.0,83.5,51.6,62.8,0.000,0.000,0.00,0.000,5.3,9.2,1.6,231,21,5.6,10.2,1.7,232,21,5.3,9.2,1.6,231,21,483,29.84,,0,0,0,71.4,68.5,68.2,0.19,0.14,0.15
BEAC,2017-08-21 12:55:00 EDT,41.52875,-73.94527,296,82.1,81.9,83.4,53.1,63.4,0.000,0.000,0.00,0.000,5.9,11.9,2.4,231,20,6.2,11.7,2.3,231,19,5.9,11.9,2.4,231,20,445,29.84,,0,0,0,71.4,68.5,68.2,0.19,0.14,0.15
BEAC,2017-08-21 13:00:00 EDT,41.52875,-73.94527,296,81.7,81.5,82.8,52.9,62.8,0.000,0.000,0.00,0.000,5.2,9.5,1.9,232,19,5.6,9.1,1.9,234,20,5.2,9.5,1.9,232,19,443,29.84,,0,0,0,71.4,68.5,68.2,0.19,0.14,0.15
BEAC,2017-08-21 13:05:00 EDT,41.52875,-73.94527,296,81.6,81.4,82.7,52.7,62.6,0.000,0.000,0.00,0.000,4.7,9.6,1.9,243,19,5.1,10.4,1.9,243,19,4.7,9.6,1.9,243,19,496,29.83,,0,0,0,71.4,68.5,68.2,0.19,0.14,0.15
BEAC,2017-08-21 13:10:00 EDT,41.52875,-73.94527,296,81.8,81.6,83.2,53.7,63.4,0.000,0.000,0.00,0.000,7.1,12.7,2.5,217,11,7.2,13.1,2.4,217,11,7.1,12.7,2.5,217,11,464,29.83,,0,0,0,71.4,68.5,68.2,0.19,0.14,0.15
BEAC,2017-08-21 13:15:00 EDT,41.52875,-73.94527,296,81.4,81.5,82.5,52.5,62.4,0.000,0.000,0.00,0.000,8.4,13.0,2.0,221,9,8.3,12.2,2.0,221,8,8.4,13.0,2.0,221,9,398,29.83,,0,0,0,71.4,68.5,68.2,0.19,0.14,0.15
BEAC,2017-08-21 13:20:00 EDT,41.52875,-73.94527,296,81.2,81.5,82.1,51.1,61.4,0.000,0.000,0.00,0.000,7.0,11.5,1.4,219,12,7.3,12.0,1.5,218,10,7.0,11.5,1.4,219,12,413,29.83,,0,0,0,71.5,68.5,68.2,0.19,0.14,0.15
BEAC,2017-08-21 13:25:00 EDT,41.52875,-73.94527,296,82.1,81.8,83.2,52.2,62.8,0.000,0.000,0.00,0.000,4.1,9.0,1.7,240,22,4.7,10.9,1.8,241,21,4.1,9.0,1.7,240,22,541,29.83,,0,0,0,71.6,68.5,68.2,0.19,0.14,0.15
BEAC,2017-08-21 13:30:00 EDT,41.52875,-73.94527,296,82.1,81.8,83.0,50.5,61.9,0.000,0.000,0.00,0.000,4.6,8.3,1.7,238,16,4.8,8.0,1.7,238,16,4.6,8.3,1.7,238,16,470,29.83,,0,0,0,71.7,68.5,68.2,0.19,0.14,0.15
BEAC,2017-08-21 13:35:00 EDT,41.52875,-73.94527,296,82.2,81.9,83.1,51.3,62.4,0.000,0.000,0.00,0.000,4.6,7.9,1.3,222,15,4.7,8.1,1.3,222,13,4.6,7.9,1.3,222,15,591,29.83,,0,0,0,71.8,68.5,68.2,0.19,0.14,0.15
BEAC,2017-08-21 13:40:00 EDT,41.52875,-73.94527,296,83.1,82.5,84.1,50.2,62.7,0.000,0.000,0.00,0.000,4.7,8.0,1.2,250,19,5.2,9.6,1.4,250,18,4.7,8.0,1.2,250,19,695,29.83,,0,0,0,71.8,68.5,68.2,0.19,0.13,0.15
BEAC,2017-08-21 13:45:00 EDT,41.52875,-73.94527,296,83.3,82.7,84.0,48.6,61.9,0.000,0.000,0.00,0.000,6.3,10.7,1.8,253,13,7.0,11.8,2.1,255,12,6.3,10.7,1.8,253,13,697,29.83,,0,0,0,71.8,68.5,68.2,0.19,0.14,0.15
BEAC,2017-08-21 13:50:00 EDT,41.52875,-73.94527,296,83.0,82.7,83.7,48.8,61.7,0.000,0.000,0.00,0.000,5.4,9.1,1.7,238,20,5.7,10.4,2.1,240,21,5.4,9.1,1.7,238,20,479,29.82,,0,0,0,71.8,68.5,68.2,0.19,0.13,0.15
BEAC,2017-08-21 13:55:00 EDT,41.52875,-73.94527,296,82.5,82.4,83.2,48.9,61.4,0.000,0.000,0.00,0.000,4.2,9.4,2.2,234,21,4.7,10.5,2.3,238,22,4.2,9.4,2.2,234,21,438,29.82,,0,0,0,71.8,68.5,68.2,0.19,0.13,0.15
BEAC,2017-08-21 14:00:00 EDT,41.52875,-73.94527,296,82.6,82.5,83.7,51.2,62.8,0.000,0.000,0.00,0.000,3.9,9.0,1.5,240,20,4.3,9.3,1.5,243,20,3.9,9.0,1.5,240,20,565,29.82,,0,0,0,71.8,68.5,68.2,0.19,0.14,0.15
BEAC,2017-08-21 14:05:00 EDT,41.52875,-73.94527,296,83.3,82.9,84.0,48.4,61.8,0.000,0.000,0.00,0.000,6.7,10.2,1.6,235,14,6.8,10.9,1.7,236,14,6.7,10.2,1.6,235,14,582,29.82,,0,0,0,71.8,68.5,68.2,0.19,0.14,0.15
BEAC,2017-08-21 14:10:00 EDT,41.52875,-73.94527,296,82.9,82.8,83.7,49.4,62.0,0.000,0.000,0.00,0.000,5.7,10.3,1.9,243,23,6.2,12.1,2.1,243,23,5.7,10.3,1.9,243,23,484,29.82,,0,0,0,71.8,68.5,68.2,0.19,0.13,0.14
BEAC,2017-08-21 14:15:00 EDT,41.52875,-73.94527,296,83.0,82.9,84.1,51.2,63.1,0.000,0.000,0.00,0.000,4.0,8.4,1.8,232,19,4.3,10.2,2.0,234,20,4.0,8.4,1.8,232,19,468,29.82,,0,0,0,71.8,68.5,68.2,0.19,0.13,0.15
BEAC,2017-08-21 14:20:00 EDT,41.52875,-73.94527,296,83.0,82.9,84.0,50.3,62.7,0.000,0.000,0.00,0.000,4.0,8.8,2.0,228,18,4.3,8.6,2.0,230,21,4.0,8.8,2.0,228,18,407,29.82,,0,0,0,72.0,68.5,68.2,0.19,0.13,0.15
BEAC,2017-08-21 14:25:00 EDT,41.52875,-73.94527,296,82.5,82.6,83.5,51.2,62.6,0.000,0.000,0.00,0.000,6.1,9.5,1.8,233,16,6.2,10.5,1.9,235,17,6.1,9.5,1.8,233,16,343,29.82,,0,0,0,72.3,68.5,68.2,0.19,0.13,0.15
BEAC,2017-08-21 14:30:00 EDT,41.52875,-73.94527,296,82.2,82.3,83.7,54.3,64.0,0.000,0.000,0.00,0.000,4.3,8.8,1.7,232,26,4.6,8.6,1.7,234,28,4.3,8.8,1.7,232,26,230,29.81,,0,0,0,72.3,68.5,68.2,0.19,0.13,0.15
BEAC,2017-08-21 14:35:00 EDT,41.52875,-73.94527,296,81.2,82.0,82.5,54.2,63.1,0.000,0.000,0.00,0.000,5.5,8.6,1.3,225,10,5.5,8.9,1.2,224,10,5.5,8.6,1.3,225,10,94,29.81,,0,0,0,72.3,68.5,68.2,0.19,0.13,0.15
BEAC,2017-08-21 14:40:00 EDT,41.52875,-73.94527,296,80.4,81.2,81.8,56.1,63.3,0.000,0.000,0.00,0.000,3.5,7.1,1.2,237,21,3.9,6.9,1.3,238,20,3.5,7.1,1.2,237,21,73,29.81,,0,0,0,72.3,68.5,68.2,0.19,0.13,0.14
BEAC,2017-08-21 14:45:00 EDT,41.52875,-73.94527,296,80.1,81.0,81.6,56.7,63.3,0.000,0.000,0.00,0.000,4.1,6.0,0.9,229,12,4.3,6.3,1.0,229,12,4.1,6.0,0.9,229,12,139,29.80,,0,0,0,72.3,68.5,68.2,0.19,0.13,0.15
BEAC,2017-08-21 14:50:00 EDT,41.52875,-73.94527,296,80.6,81.1,82.2,57.5,64.2,0.000,0.000,0.00,0.000,2.4,5.3,1.2,236,21,2.6,5.6,1.2,240,22,2.4,5.3,1.2,236,21,170,29.80,,0,0,0,72.3,68.5,68.2,0.19,0.13,0.14
BEAC,2017-08-21 14:55:00 EDT,41.52875,-73.94527,296,80.6,81.1,82.3,58.0,64.5,0.000,0.000,0.00,0.000,2.3,5.0,0.9,231,17,2.5,5.3,1.0,234,17,2.3,5.0,0.9,231,17,186,29.80,,0,0,0,72.3,68.5,68.2,0.19,0.13,0.14
BEAC,2017-08-21 15:00:00 EDT,41.52875,-73.94527,296,81.0,81.3,82.9,59.0,65.3,0.000,0.000,0.00,0.000,2.7,5.9,1.2,233,14,2.8,6.0,1.2,233,14,2.7,5.9,1.2,233,14,259,29.80,,0,0,0,72.3,68.5,68.2,0.19,0.13,0.14
BEAC,2017-08-21 15:05:00 EDT,41.52875,-73.94527,296,81.3,81.5,83.4,59.5,65.8,0.000,0.000,0.00,0.000,4.0,6.1,1.1,230,11,4.0,6.7,1.1,231,12,4.0,6.1,1.1,230,11,270,29.80,,0,0,0,72.3,68.5,68.2,0.19,0.13,0.15
BEAC,2017-08-21 15:10:00 EDT,41.52875,-73.94527,296,81.7,81.8,84.0,59.9,66.4,0.000,0.000,0.00,0.000,3.2,5.0,1.0,233,18,3.1,5.6,1.1,234,16,3.2,5.0,1.0,233,18,290,29.80,,0,0,0,72.3,68.5,68.2,0.19,0.13,0.15
BEAC,2017-08-21 15:15:00 EDT,41.52875,-73.94527,296,82.1,82.1,84.5,59.6,66.6,0.000,0.000,0.00,0.000,3.0,5.2,1.2,235,17,3.2,5.5,1.2,237,17,3.0,5.2,1.2,235,17,346,29.80,,0,0,0,72.3,68.5,68.2,0.19,0.13,0.14
BEAC,2017-08-21 15:20:00 EDT,41.52875,-73.94527,296,82.4,82.3,85.0,59.5,66.9,0.000,0.000,0.00,0.000,4.4,6.8,1.2,236,26,4.7,7.7,1.2,236,26,4.4,6.8,1.2,236,26,377,29.80,,0,0,0,72.3,68.5,68.2,0.19,0.13,0.14
BEAC,2017-08-21 15:25:00 EDT,41.52875,-73.94527,296,82.7,82.6,85.0,57.5,66.2,0.000,0.000,0.00,0.000,6.3,11.1,2.0,226,14,6.3,11.3,1.9,226,14,6.3,11.1,2.0,226,14,408,29.80,,0,0,0,72.3,68.5,68.2,0.19,0.13,0.14
BEAC,2017-08-21 15:30:00 EDT,41.52875,-73.94527,296,82.9,82.7,85.3,58.0,66.6,0.000,0.000,0.00,0.000,6.2,8.8,1.3,226,13,6.4,10.3,1.3,225,11,6.2,8.8,1.3,226,13,444,29.80,,0,0,0,72.3,68.5,68.2,0.19,0.13,0.15
BEAC,2017-08-21 15:35:00 EDT,41.52875,-73.94527,296,82.7,82.7,85.0,57.3,66.1,0.000,0.000,0.00,0.000,6.9,11.6,1.4,230,12,7.2,11.6,1.4,230,10,6.9,11.6,1.4,230,12,358,29.80,,0,0,0,72.3,68.5,68.2,0.19,0.13,0.14
BEAC,2017-08-21 15:40:00 EDT,41.52875,-73.94527,296,82.0,82.3,84.0,57.5,65.5,0.000,0.000,0.00,0.000,7.7,11.0,1.3,217,11,7.7,11.0,1.4,217,10,7.7,11.0,1.3,217,11,191,29.80,,0,0,0,72.3,68.5,68.2,0.19,0.13,0.15
BEAC,2017-08-21 15:45:00 EDT,41.52875,-73.94527,296,81.8,82.1,84.0,59.3,66.2,0.000,0.000,0.00,0.000,6.2,9.8,1.6,222,13,6.1,10.1,1.5,221,11,6.2,9.8,1.6,222,13,235,29.80,,0,0,0,72.3,68.5,68.2,0.19,0.13,0.14
BEAC,2017-08-21 15:50:00 EDT,41.52875,-73.94527,296,82.0,82.4,84.3,58.9,66.3,0.000,0.000,0.00,0.000,5.2,8.8,1.8,218,15,5.4,9.3,1.7,217,15,5.2,8.8,1.8,218,15,260,29.80,,0,0,0,72.3,68.5,68.2,0.19,0.13,0.14
BEAC,2017-08-21 15:55:00 EDT,41.52875,-73.94527,296,82.2,82.3,84.6,59.5,66.6,0.000,0.000,0.00,0.000,5.5,8.9,1.9,226,21,5.8,10.0,1.9,226,20,5.5,8.9,1.9,226,21,240,29.80,,0,0,0,72.3,68.5,68.2,0.19,0.13,0.14
BEAC,2017-08-21 16:00:00 EDT,41.52875,-73.94527,296,82.0,82.3,84.5,60.4,66.9,0.000,0.000,0.00,0.000,5.3,7.4,1.2,219,18,5.4,8.1,1.3,218,19,5.3,7.4,1.2,219,18,220,29.80,,0,0,0,72.3,68.6,68.2,0.19,0.13,0.15
BEAC,2017-08-21 16:05:00 EDT,41.52875,-73.94527,296,82.0,82.2,84.5,59.8,66.7,0.000,0.000,0.00,0.000,6.4,10.9,2.2,230,13,6.5,11.4,2.1,231,14,6.4,10.9,2.2,230,13,274,29.80,,0,0,0,72.3,68.5,68.2,0.19,0.13,0.14
BEAC,2017-08-21 16:10:00 EDT,41.52875,-73.94527,296,82.4,82.4,84.9,59.6,66.9,0.000,0.000,0.00,0.000,6.5,10.4,1.4,222,16,6.8,11.9,1.5,221,15,6.5,10.4,1.4,222,16,260,29.79,,0,0,0,72.3,68.5,68.2,0.19,0.13,0.15
BEAC,2017-08-21 16:15:00 EDT,41.52875,-73.94527,296,82.1,82.4,84.5,59.9,66.8,0.000,0.000,0.00,0.000,7.4,11.3,1.6,214,12,7.6,11.3,1.5,212,12,7.4,11.3,1.6,214,12,274,29.79,,0,0,0,72.3,68.5,68.2,0.19,0.13,0.15
BEAC,2017-08-21 16:20:00 EDT,41.52875,-73.94527,296,82.9,82.8,85.9,60.5,67.9,0.000,0.000,0.00,0.000,7.2,11.8,1.8,215,13,7.2,11.9,1.8,215,12,7.2,11.8,1.8,215,13,555,29.79,,0,0,0,72.3,68.5,68.2,0.19,0.13,0.15
BEAC,2017-08-21 16:25:00 EDT,41.52875,-73.94527,296,83.7,83.3,86.6,58.5,67.5,0.000,0.000,0.00,0.000,7.4,11.3,1.5,220,12,7.5,11.4,1.6,219,12,7.4,11.3,1.5,220,12,524,29.79,,0,0,0,72.3,68.6,68.2,0.19,0.13,0.15
BEAC,2017-08-21 16:30:00 EDT,41.52875,-73.94527,296,83.6,83.3,86.4,58.3,67.4,0.000,0.000,0.00,0.000,8.2,11.9,2.2,216,15,8.3,14.6,2.3,216,15,8.2,11.9,2.2,216,15,520,29.78,,0,0,0,72.3,68.6,68.2,0.18,0.13,0.15
BEAC,2017-08-21 16:35:00 EDT,41.52875,-73.94527,296,83.1,83.0,86.0,59.8,67.6,0.000,0.000,0.00,0.000,6.2,10.0,1.7,209,15,6.5,10.2,1.6,208,13,6.2,10.0,1.7,209,15,282,29.78,,0,0,0,72.3,68.6,68.2,0.19,0.13,0.15
BEAC,2017-08-21 16:40:00 EDT,41.52875,-73.94527,296,82.5,82.7,85.2,60.4,67.4,0.000,0.000,0.00,0.000,4.7,10.8,2.0,217,14,4.9,10.9,2.1,216,14,4.7,10.8,2.0,217,14,228,29.79,,0,0,0,72.3,68.6,68.2,0.19,0.13,0.14
BEAC,2017-08-21 16:45:00 EDT,41.52875,-73.94527,296,82.4,82.6,85.1,60.2,67.2,0.000,0.000,0.00,0.000,6.1,10.1,1.8,221,12,6.1,10.7,1.7,220,11,6.1,10.1,1.8,221,12,210,29.79,,0,0,0,72.3,68.7,68.2,0.19,0.13,0.15
BEAC,2017-08-21 16:50:00 EDT,41.52875,-73.94527,296,82.5,82.7,85.1,60.0,67.2,0.000,0.000,0.00,0.000,7.7,13.6,2.5,220,14,7.8,14.8,2.5,221,13,7.7,13.6,2.5,220,14,362,29.79,,0,0,0,72.3,68.8,68.2,0.19,0.13,0.14
BEAC,2017-08-21 16:55:00 EDT,41.52875,-73.94527,296,83.6,83.4,86.9,60.0,68.3,0.000,0.000,0.00,0.000,6.0,9.9,1.6,228,19,6.4,11.3,1.8,230,18,6.0,9.9,1.6,228,19,464,29.79,,0,0,0,72.3,68.8,68.2,0.19,0.13,0.15
BEAC,2017-08-21 17:00:00 EDT,41.52875,-73.94527,296,83.6,83.4,86.4,57.9,67.2,0.000,0.000,0.00,0.000,5.6,9.9,1.9,241,22,6.2,11.6,2.0,244,19,5.6,9.9,1.9,241,22,412,29.78,,0,0,0,72.3,68.8,68.2,0.19,0.13,0.14
BEAC,2017-08-21 17:05:00 EDT,41.52875,-73.94527,296,83.7,83.6,87.0,59.5,68.1,0.000,0.000,0.00,0.000,5.4,9.9,2.1,224,19,5.7,10.7,2.2,224,18,5.4,9.9,2.1,224,19,390,29.78,,0,0,0,72.3,68.9,68.2,0.19,0.13,0.15
BEAC,2017-08-21 17:10:00 EDT,41.52875,-73.94527,296,83.4,83.4,86.4,59.1,67.6,0.000,0.000,0.00,0.000,7.6,10.4,1.2,208,14,8.0,10.9,1.2,207,14,7.6,10.4,1.2,208,14,369,29.78,,0,0,0,72.3,68.9,68.2,0.18,0.13,0.15
BEAC,2017-08-21 17:15:00 EDT,41.52875,-73.94527,296,83.4,83.4,86.4,59.7,67.9,0.000,0.000,0.00,0.000,6.7,10.7,1.8,228,16,6.9,10.0,1.7,227,17,6.7,10.7,1.8,228,16,345,29.78,,0,0,0,72.3,68.9,68.2,0.18,0.13,0.14
BEAC,2017-08-21 17:20:00 EDT,41.52875,-73.94527,296,83.2,83.3,86.3,60.0,67.9,0.000,0.000,0.00,0.000,4.3,6.9,1.5,228,23,4.7,7.3,1.3,231,25,4.3,6.9,1.5,228,23,236,29.78,,0,0,0,72.3,68.9,68.2,0.18,0.13,0.15
BEAC,2017-08-21 17:25:00 EDT,41.52875,-73.94527,296,82.3,82.7,85.1,60.9,67.5,0.000,0.000,0.00,0.000,5.3,9.2,1.7,227,17,5.6,9.9,1.6,228,17,5.3,9.2,1.7,227,17,111,29.79,,0,0,0,72.3,68.9,68.2,0.18,0.13,0.15
BEAC,2017-08-21 17:30:00 EDT,41.52875,-73.94527,296,81.8,82.4,84.7,63.5,68.1,0.000,0.000,0.00,0.000,4.2,7.2,1.5,206,21,4.6,8.0,1.5,206,18,4.2,7.2,1.5,206,21,165,29.79,,0,0,0,72.3,68.9,68.2,0.18,0.13,0.15
BEAC,2017-08-21 17:35:00 EDT,41.52875,-73.94527,296,82.1,82.6,85.3,63.6,68.5,0.000,0.000,0.00,0.000,4.8,7.5,1.3,210,18,5.1,8.5,1.4,210,20,4.8,7.5,1.3,210,18,157,29.78,,0,0,0,72.4,68.9,68.2,0.18,0.13,0.15
BEAC,2017-08-21 17:40:00 EDT,41.52875,-73.94527,296,82.0,82.7,85.0,62.8,68.1,0.000,0.000,0.00,0.000,6.4,9.7,1.3,199,17,6.9,11.5,1.4,197,16,6.4,9.7,1.3,199,17,104,29.78,,0,0,0,72.5,68.9,68.2,0.18,0.13,0.15
BEAC,2017-08-21 17:45:00 EDT,41.52875,-73.94527,296,82.0,82.7,85.0,62.7,68.0,0.000,0.000,0.00,0.000,6.5,10.0,1.8,211,13,6.7,10.9,1.8,210,13,6.5,10.0,1.8,211,13,102,29.78,,0,0,0,72.4,68.9,68.2,0.18,0.13,0.15
BEAC,2017-08-21 17:50:00 EDT,41.52875,-73.94527,296,82.0,82.5,85.1,63.6,68.4,0.000,0.000,0.00,0.000,5.8,9.1,1.6,221,18,5.9,9.0,1.7,221,16,5.8,9.1,1.6,221,18,168,29.78,,0,0,0,72.4,68.9,68.2,0.19,0.13,0.15
BEAC,2017-08-21 17:55:00 EDT,41.52875,-73.94527,296,82.2,82.4,85.7,64.3,69.0,0.000,0.000,0.00,0.000,4.4,6.7,0.9,231,18,4.6,7.9,1.1,231,17,4.4,6.7,0.9,231,18,195,29.78,,0,0,0,72.4,68.9,68.2,0.19,0.13,0.15
BEAC,2017-08-21 18:00:00 EDT,41.52875,-73.94527,296,82.4,82.8,86.1,64.7,69.4,0.000,0.000,0.00,0.000,4.4,7.2,1.1,207,19,4.8,7.5,1.2,207,19,4.4,7.2,1.1,207,19,226,29.77,,0,0,0,72.3,68.9,68.2,0.19,0.13,0.15
BEAC,2017-08-21 18:05:00 EDT,41.52875,-73.94527,296,82.7,83.2,86.1,63.1,68.8,0.000,0.000,0.00,0.000,6.6,10.5,1.5,211,14,6.8,10.4,1.5,210,13,6.6,10.5,1.5,211,14,199,29.77,,0,0,0,72.3,68.9,68.2,0.18,0.13,0.15
BEAC,2017-08-21 18:10:00 EDT,41.52875,-73.94527,296,82.6,83.1,85.8,62.3,68.4,0.000,0.000,0.00,0.000,6.9,9.5,1.2,216,15,7.3,10.5,1.4,214,13,6.9,9.5,1.2,216,15,193,29.77,,0,0,0,72.3,68.9,68.2,0.18,0.13,0.15
BEAC,2017-08-21 18:15:00 EDT,41.52875,-73.94527,296,82.7,83.0,85.9,62.2,68.4,0.000,0.000,0.00,0.000,7.3,10.3,1.4,222,14,7.3,11.0,1.4,222,13,7.3,10.3,1.4,222,14,165,29.77,,0,0,0,72.3,68.9,68.2,0.18,0.13,0.14
BEAC,2017-08-21 18:20:00 EDT,41.52875,-73.94527,296,82.3,82.9,85.4,62.4,68.2,0.000,0.000,0.00,0.000,5.1,8.0,1.2,216,13,5.2,8.3,1.2,215,13,5.1,8.0,1.2,216,13,136,29.77,,0,0,0,72.3,68.9,68.2,0.18,0.13,0.15
BEAC,2017-08-21 18:25:00 EDT,41.52875,-73.94527,296,82.2,82.8,85.3,63.2,68.4,0.000,0.000,0.00,0.000,6.9,10.2,1.6,216,12,7.0,10.4,1.7,215,11,6.9,10.2,1.6,216,12,109,29.76,,0,0,0,72.3,68.9,68.2,0.18,0.13,0.14
BEAC,2017-08-21 18:30:00 EDT,41.52875,-73.94527,296,81.6,82.6,84.6,64.0,68.3,0.000,0.000,0.00,0.000,5.5,9.7,2.1,203,16,5.8,10.6,2.1,203,15,5.5,9.7,2.1,203,16,59,29.76,,0,0,0,72.3,68.9,68.2,0.18,0.13,0.15
BEAC,2017-08-21 18:35:00 EDT,41.52875,-73.94527,296,81.0,82.2,83.8,65.6,68.3,0.000,0.000,0.00,0.000,5.0,7.9,1.0,184,13,5.3,8.5,1.0,182,13,5.0,7.9,1.0,184,13,40,29.76,,0,0,0,72.3,68.9,68.2,0.18,0.13,0.15
BEAC,2017-08-21 18:40:00 EDT,41.52875,-73.94527,296,80.5,81.8,83.3,67.3,68.6,0.000,0.000,0.00,0.000,5.3,7.6,0.9,198,17,5.7,8.6,1.1,197,16,5.3,7.6,0.9,198,17,38,29.76,,0,0,0,72.3,68.9,68.2,0.18,0.13,0.15
BEAC,2017-08-21 18:45:00 EDT,41.52875,-73.94527,296,80.5,81.7,83.4,66.8,68.5,0.000,0.000,0.00,0.000,4.2,9.1,1.5,194,15,4.5,9.5,1.5,194,15,4.2,9.1,1.5,194,15,35,29.76,,0,0,0,72.3,68.9,68.2,0.18,0.13,0.15
BEAC,2017-08-21 18:50:00 EDT,41.52875,-73.94527,296,80.4,81.5,83.3,67.6,68.7,0.000,0.000,0.00,0.000,3.5,5.6,1.1,202,13,3.7,5.8,1.1,201,12,3.5,5.6,1.1,202,13,30,29.76,,0,0,0,72.3,68.9,68.2,0.18,0.13,0.15
BEAC,2017-08-21 18:55:00 EDT,41.52875,-73.94527,296,80.6,81.5,83.5,66.8,68.6,0.000,0.000,0.00,0.000,5.0,11.1,1.8,208,13,5.3,11.2,1.8,206,12,5.0,11.1,1.8,208,13,28,29.76,,0,0,0,72.3,68.9,68.2,0.18,0.13,0.15
BEAC,2017-08-21 19:00:00 EDT,41.52875,-73.94527,296,80.4,81.5,83.2,67.1,68.5,0.000,0.000,0.00,0.000,4.0,5.7,0.8,198,11,4.3,5.7,0.9,197,10,4.0,5.7,0.8,198,11,26,29.76,,0,0,0,72.3,68.9,68.2,0.18,0.13,0.15
BEAC,2017-08-21 19:05:00 EDT,41.52875,-73.94527,296,80.1,81.2,82.8,67.5,68.3,0.000,0.000,0.00,0.000,5.1,7.5,0.8,214,10,5.3,8.2,0.9,213,9,5.1,7.5,0.8,214,10,25,29.76,,0,0,0,72.3,68.9,68.2,0.18,0.13,0.15
BEAC,2017-08-21 19:10:00 EDT,41.52875,-73.94527,296,80.1,81.0,82.8,67.8,68.5,0.000,0.000,0.00,0.000,4.8,8.0,1.2,204,15,5.3,9.4,1.2,204,13,4.8,8.0,1.2,204,15,25,29.76,,0,0,0,72.3,68.9,68.2,0.18,0.13,0.15
BEAC,2017-08-21 19:15:00 EDT,41.52875,-73.94527,296,79.9,81.0,79.9,67.9,68.4,0.000,0.000,0.00,0.000,5.3,7.4,1.1,200,11,5.6,8.2,1.2,199,11,5.3,7.4,1.1,200,11,29,29.76,,0,0,0,72.3,68.9,68.2,0.18,0.13,0.15
BEAC,2017-08-21 19:20:00 EDT,41.52875,-73.94527,296,79.8,80.9,79.8,68.6,68.5,0.000,0.000,0.00,0.000,5.5,9.4,1.4,194,15,5.9,9.6,1.5,193,14,5.5,9.4,1.4,194,15,27,29.76,,0,0,0,72.3,68.9,68.2,0.18,0.13,0.15
BEAC,2017-08-21 19:25:00 EDT,41.52875,-73.94527,296,79.5,80.7,79.5,69.3,68.6,0.000,0.000,0.00,0.000,4.9,7.8,1.1,192,12,5.2,7.7,1.1,191,11,4.9,7.8,1.1,192,12,21,29.76,,0,0,0,72.3,68.9,68.2,0.18,0.13,0.15
BEAC,2017-08-21 19:30:00 EDT,41.52875,-73.94527,296,79.7,80.6,79.7,69.5,68.8,0.000,0.000,0.00,0.000,4.2,6.4,0.9,199,14,4.7,7.0,1.1,198,12,4.2,6.4,0.9,199,14,20,29.76,,0,0,0,72.3,68.9,68.2,0.18,0.13,0.15
BEAC,2017-08-21 19:35:00 EDT,41.52875,-73.94527,296,79.7,80.8,79.7,68.5,68.4,0.000,0.000,0.00,0.000,6.2,9.6,1.3,206,12,6.6,9.3,1.3,205,11,6.2,9.6,1.3,206,12,16,29.76,,0,0,0,72.3,68.9,68.2,0.18,0.13,0.15
BEAC,2017-08-21 19:40:00 EDT,41.52875,-73.94527,296,79.7,80.6,79.7,68.1,68.2,0.000,0.000,0.00,0.000,6.5,8.9,1.2,209,11,6.8,9.9,1.2,209,10,6.5,8.9,1.2,209,11,11,29.77,,0,0,0,72.3,68.9,68.2,0.18,0.13,0.15
BEAC,2017-08-21 19:45:00 EDT,41.52875,-73.94527,296,79.7,80.7,79.7,67.9,68.2,0.000,0.000,0.00,0.000,6.8,11.0,1.6,208,11,7.2,11.7,1.7,206,9,6.8,11.0,1.6,208,11,7,29.77,,0,0,0,72.3,68.9,68.2,0.18,0.13,0.14
BEAC,2017-08-21 19:50:00 EDT,41.52875,-73.94527,296,79.7,80.6,79.7,68.0,68.2,0.000,0.000,0.00,0.000,6.5,10.0,1.4,207,13,6.8,11.1,1.4,204,12,6.5,10.0,1.4,207,13,4,29.77,,0,0,0,72.3,68.9,68.2,0.18,0.13,0.15
BEAC,2017-08-21 19:55:00 EDT,41.52875,-73.94527,296,79.5,80.5,79.5,68.1,68.1,0.000,0.000,0.00,0.000,6.2,8.8,1.2,205,12,6.4,10.0,1.4,205,10,6.2,8.8,1.2,205,12,2,29.77,,0,0,0,72.3,68.9,68.2,0.18,0.13,0.15
BEAC,2017-08-21 20:00:00 EDT,41.52875,-73.94527,296,79.5,80.5,79.5,67.8,68.0,0.000,0.000,0.00,0.000,6.4,9.1,1.0,211,9,6.4,10.1,1.1,211,9,6.4,9.1,1.0,211,9,1,29.77,,0,0,0,72.3,69.0,68.2,0.18,0.13,0.15
BEAC,2017-08-21 20:05:00 EDT,41.52875,-73.94527,296,79.2,80.2,79.2,68.4,67.9,0.000,0.000,0.00,0.000,6.0,10.1,1.5,207,14,6.3,10.7,1.6,205,14,6.0,10.1,1.5,207,14,0,29.77,,0,0,0,72.3,68.9,68.2,0.18,0.13,0.14
BEAC,2017-08-21 20:10:00 EDT,41.52875,-73.94527,296,79.4,80.3,79.4,68.4,68.1,0.000,0.000,0.00,0.000,7.0,11.0,1.5,207,11,7.2,11.6,1.8,205,10,7.0,11.0,1.5,207,11,0,29.77,,0,0,0,72.3,69.0,68.2,0.18,0.13,0.15
BEAC,2017-08-21 20:15:00 EDT,41.52875,-73.94527,296,79.4,80.4,79.4,68.0,67.9,0.000,0.000,0.00,0.000,7.2,10.6,1.5,205,13,7.5,11.0,1.6,204,12,7.2,10.6,1.5,205,13,0,29.77,,0,0,0,72.3,69.0,68.2,0.18,0.13,0.15
BEAC,2017-08-21 20:20:00 EDT,41.52875,-73.94527,296,79.4,80.3,79.4,68.1,67.9,0.000,0.000,0.00,0.000,7.0,11.5,1.5,207,13,7.3,12.3,1.6,206,12,7.0,11.5,1.5,207,13,0,29.77,,0,0,0,72.2,69.0,68.2,0.18,0.13,0.15
BEAC,2017-08-21 20:25:00 EDT,41.52875,-73.94527,296,79.3,80.2,79.3,68.4,68.0,0.000,0.000,0.00,0.000,6.9,11.0,1.8,212,10,7.1,11.8,1.9,211,9,6.9,11.0,1.8,212,10,0,29.77,,0,0,0,72.1,69.1,68.2,0.18,0.13,0.14
BEAC,2017-08-21 20:30:00 EDT,41.52875,-73.94527,296,79.0,80.1,79.0,69.1,68.0,0.000,0.000,0.00,0.000,7.5,12.0,1.5,211,12,7.8,11.3,1.4,211,10,7.5,12.0,1.5,211,12,0,29.77,,0,0,0,72.2,69.2,68.2,0.18,0.13,0.14
BEAC,2017-08-21 20:35:00 EDT,41.52875,-73.94527,296,78.9,79.8,78.9,69.4,68.0,0.000,0.000,0.00,0.000,5.8,8.3,1.0,216,10,6.0,8.4,0.9,215,9,5.8,8.3,1.0,216,10,0,29.77,,0,0,0,72.0,69.1,68.2,0.18,0.13,0.15
BEAC,2017-08-21 20:40:00 EDT,41.52875,-73.94527,296,78.6,79.8,78.6,70.1,68.1,0.000,0.000,0.00,0.000,7.7,10.3,1.4,215,10,7.7,11.4,1.3,213,8,7.7,10.3,1.4,215,10,0,29.77,,0,0,0,71.8,69.2,68.2,0.18,0.13,0.14
BEAC,2017-08-21 20:45:00 EDT,41.52875,-73.94527,296,78.7,79.8,78.7,70.1,68.1,0.000,0.000,0.00,0.000,6.7,10.9,1.7,207,10,7.1,11.2,1.8,208,9,6.7,10.9,1.7,207,10,0,29.77,,0,0,0,71.8,69.2,68.2,0.18,0.13,0.15
BEAC,2017-08-21 20:50:00 EDT,41.52875,-73.94527,296,78.7,79.6,78.7,70.3,68.2,0.000,0.000,0.00,0.000,7.4,11.0,1.4,209,12,8.0,11.7,1.5,207,11,7.4,11.0,1.4,209,12,0,29.77,,0,0,0,71.8,69.2,68.2,0.18,0.13,0.15
BEAC,2017-08-21 20:55:00 EDT,41.52875,-73.94527,296,78.7,79.6,78.7,70.2,68.2,0.000,0.000,0.00,0.000,7.2,10.6,1.3,212,10,7.5,10.8,1.4,210,9,7.2,10.6,1.3,212,10,0,29.77,,0,0,0,71.8,69.2,68.2,0.18,0.13,0.15
BEAC,2017-08-21 21:00:00 EDT,41.52875,-73.94527,296,78.3,79.3,78.3,71.3,68.2,0.000,0.000,0.00,0.000,7.6,14.0,1.9,212,11,7.9,14.1,1.8,210,9,7.6,14.0,1.9,212,11,0,29.77,,0,0,0,71.8,69.2,68.2,0.18,0.13,0.14
BEAC,2017-08-21 21:05:00 EDT,41.52875,-73.94527,296,78.5,79.4,78.5,71.4,68.4,0.000,0.000,0.00,0.000,6.5,10.7,1.7,208,11,6.8,11.4,1.8,206,11,6.5,10.7,1.7,208,11,0,29.77,,0,0,0,71.8,69.3,68.2,0.18,0.13,0.15
BEAC,2017-08-21 21:10:00 EDT,41.52875,-73.94527,296,78.5,79.4,78.5,71.4,68.5,0.000,0.000,0.00,0.000,7.3,10.1,1.1,210,10,7.5,12.0,1.2,210,10,7.3,10.1,1.1,210,10,0,29.77,,0,0,0,71.8,69.2,68.2,0.18,0.13,0.15
BEAC,2017-08-21 21:15:00 EDT,41.52875,-73.94527,296,78.2,79.1,78.2,71.7,68.3,0.000,0.000,0.00,0.000,6.2,8.9,1.2,213,11,6.3,9.7,1.2,213,11,6.2,8.9,1.2,213,11,0,29.77,,0,0,0,71.8,69.3,68.2,0.18,0.13,0.15
BEAC,2017-08-21 21:20:00 EDT,41.52875,-73.94527,296,78.2,79.3,78.2,71.7,68.3,0.000,0.000,0.00,0.000,7.6,11.5,1.4,206,13,8.0,13.2,1.7,205,11,7.6,11.5,1.4,206,13,0,29.77,,0,0,0,71.8,69.3,68.2,0.18,0.13,0.15
BEAC,2017-08-21 21:25:00 EDT,41.52875,-73.94527,296,78.4,79.3,78.4,70.9,68.1,0.000,0.000,0.00,0.000,7.0,11.4,1.5,212,11,7.2,13.3,1.7,211,11,7.0,11.4,1.5,212,11,0,29.77,,0,0,0,71.8,69.3,68.2,0.18,0.13,0.15
BEAC,2017-08-21 21:30:00 EDT,41.52875,-73.94527,296,77.9,78.9,77.9,71.5,68.0,0.000,0.000,0.00,0.000,7.4,12.4,2.1,214,13,7.8,13.0,1.9,213,11,7.4,12.4,2.1,214,13,0,29.77,,0,0,0,71.8,69.3,68.2,0.18,0.13,0.15
BEAC,2017-08-21 21:35:00 EDT,41.52875,-73.94527,296,77.9,78.8,77.9,71.6,67.9,0.000,0.000,0.00,0.000,6.5,9.1,1.2,218,12,6.7,9.9,1.2,217,11,6.5,9.1,1.2,218,12,0,29.77,,0,0,0,71.8,69.3,68.2,0.18,0.13,0.15
BEAC,2017-08-21 21:40:00 EDT,41.52875,-73.94527,296,77.6,78.6,77.6,72.6,68.0,0.000,0.000,0.00,0.000,6.5,10.4,1.7,214,14,6.8,10.2,1.8,213,14,6.5,10.4,1.7,214,14,0,29.77,,0,0,0,71.8,69.3,68.2,0.18,0.13,0.15
BEAC,2017-08-21 21:45:00 EDT,41.52875,-73.94527,296,77.4,78.4,77.4,73.2,68.2,0.000,0.000,0.00,0.000,6.3,10.3,1.3,223,15,6.5,10.5,1.4,223,12,6.3,10.3,1.3,223,15,0,29.78,,0,0,0,71.8,69.3,68.2,0.18,0.13,0.15
BEAC,2017-08-21 21:50:00 EDT,41.52875,-73.94527,296,77.6,78.4,77.6,73.4,68.4,0.000,0.000,0.00,0.000,7.0,11.1,1.5,222,15,7.0,10.5,1.6,220,13,7.0,11.1,1.5,222,15,0,29.77,,0,0,0,71.8,69.3,68.2,0.18,0.13,0.15
BEAC,2017-08-21 21:55:00 EDT,41.52875,-73.94527,296,77.3,78.1,77.3,74.0,68.3,0.000,0.000,0.00,0.000,6.6,9.6,1.3,213,10,6.8,9.7,1.3,214,9,6.6,9.6,1.3,213,10,0,29.77,,0,0,0,71.8,69.3,68.2,0.18,0.13,0.15
BEAC,2017-08-21 22:00:00 EDT,41.52875,-73.94527,296,77.1,78.2,77.1,74.5,68.4,0.000,0.000,0.00,0.000,7.4,10.7,1.7,213,9,7.6,11.3,1.6,213,9,7.4,10.7,1.7,213,9,0,29.77,,0,0,0,71.8,69.3,68.2,0.18,0.13,0.15
BEAC,2017-08-21 22:05:00 EDT,41.52875,-73.94527,296,77.3,78.3,77.3,74.3,68.5,0.000,0.000,0.00,0.000,7.2,11.0,1.5,212,10,7.4,10.7,1.5,212,9,7.2,11.0,1.5,212,10,0,29.77,,0,0,0,71.8,69.3,68.2,0.18,0.13,0.14
BEAC,2017-08-21 22:10:00 EDT,41.52875,-73.94527,296,77.3,78.1,77.3,74.2,68.4,0.000,0.000,0.00,0.000,5.9,9.5,1.4,213,13,6.3,10.2,1.3,213,13,5.9,9.5,1.4,213,13,0,29.77,,0,0,0,71.8,69.3,68.2,0.18,0.13,0.15
BEAC,2017-08-21 22:15:00 EDT,41.52875,-73.94527,296,77.2,78.1,77.2,74.7,68.6,0.000,0.000,0.00,0.000,6.7,11.0,1.9,214,12,6.9,12.2,2.0,212,11,6.7,11.0,1.9,214,12,0,29.77,,0,0,0,71.8,69.3,68.2,0.18,0.13,0.14
BEAC,2017-08-21 22:20:00 EDT,41.52875,-73.94527,296,77.6,78.3,77.6,74.0,68.6,0.000,0.000,0.00,0.000,8.5,12.1,1.5,212,12,8.8,12.1,1.5,211,11,8.5,12.1,1.5,212,12,0,29.77,,0,0,0,71.8,69.3,68.2,0.18,0.13,0.15
BEAC,2017-08-21 22:25:00 EDT,41.52875,-73.94527,296,77.3,78.1,77.3,74.4,68.5,0.000,0.000,0.00,0.000,6.8,10.5,1.4,208,10,7.3,12.1,1.7,207,9,6.8,10.5,1.4,208,10,0,29.77,,0,0,0,71.8,69.3,68.2,0.18,0.13,0.15
BEAC,2017-08-21 22:30:00 EDT,41.52875,-73.94527,296,77.2,78.1,77.2,74.9,68.6,0.000,0.000,0.00,0.000,7.5,11.7,1.6,209,11,7.7,12.0,1.6,209,10,7.5,11.7,1.6,209,11,0,29.77,,0,0,0,71.8,69.3,68.2,0.18,0.13,0.14
BEAC,2017-08-21 22:35:00 EDT,41.52875,-73.94527,296,77.2,78.1,77.2,75.3,68.8,0.000,0.000,0.00,0.000,7.0,10.0,1.4,213,10,7.2,10.3,1.4,213,10,7.0,10.0,1.4,213,10,0,29.77,,0,0,0,71.7,69.3,68.2,0.18,0.13,0.15
BEAC,2017-08-21 22:40:00 EDT,41.52875,-73.94527,296,76.9,77.9,76.9,75.6,68.6,0.000,0.000,0.00,0.000,6.3,9.3,1.2,212,11,6.4,10.0,1.3,212,11,6.3,9.3,1.2,212,11,0,29.77,,0,0,0,71.6,69.3,68.2,0.18,0.13,0.15
BEAC,2017-08-21 22:45:00 EDT,41.52875,-73.94527,296,77.4,78.3,77.4,75.5,69.0,0.000,0.000,0.00,0.000,8.5,13.1,2.0,207,11,8.8,14.1,2.3,205,9,8.5,13.1,2.0,207,11,0,29.77,,0,0,0,71.6,69.3,68.2,0.18,0.13,0.14
BEAC,2017-08-21 22:50:00 EDT,41.52875,-73.94527,296,77.3,78.2,77.3,75.0,68.8,0.000,0.000,0.00,0.000,8.3,12.0,1.8,213,10,8.3,12.1,1.9,212,9,8.3,12.0,1.8,213,10,0,29.77,,0,0,0,71.4,69.3,68.2,0.18,0.13,0.15
BEAC,2017-08-21 22:55:00 EDT,41.52875,-73.94527,296,77.1,78.0,77.1,75.3,68.7,0.000,0.000,0.00,0.000,7.7,10.7,1.4,223,9,7.6,10.8,1.4,221,9,7.7,10.7,1.4,223,9,0,29.77,,0,0,0,71.4,69.3,68.2,0.18,0.13,0.14
BEAC,2017-08-21 23:00:00 EDT,41.52875,-73.94527,296,76.5,77.4,76.5,76.5,68.6,0.000,0.000,0.00,0.000,6.3,9.9,1.2,221,11,6.3,9.5,1.2,222,9,6.3,9.9,1.2,221,11,0,29.77,,0,0,0,71.4,69.3,68.2,0.18,0.13,0.15
BEAC,2017-08-21 23:05:00 EDT,41.52875,-73.94527,296,76.5,77.4,76.5,77.4,68.9,0.000,0.000,0.00,0.000,7.8,12.3,2.0,215,12,7.8,12.5,2.0,215,10,7.8,12.3,2.0,215,12,0,29.77,,0,0,0,71.4,69.3,68.2,0.18,0.13,0.14
BEAC,2017-08-21 23:10:00 EDT,41.52875,-73.94527,296,76.7,77.5,76.7,76.9,68.9,0.000,0.000,0.00,0.000,7.2,12.8,1.8,218,11,7.2,13.2,2.0,218,12,7.2,12.8,1.8,218,11,0,29.77,,0,0,0,71.4,69.3,68.2,0.18,0.13,0.15
BEAC,2017-08-21 23:15:00 EDT,41.52875,-73.94527,296,76.5,77.3,76.5,77.0,68.7,0.000,0.000,0.00,0.000,6.0,9.6,1.5,220,13,6.0,9.9,1.5,221,11,6.0,9.6,1.5,220,13,0,29.77,,0,0,0,71.4,69.3,68.2,0.18,0.13,0.14
BEAC,2017-08-21 23:20:00 EDT,41.52875,-73.94527,296,76.0,76.8,76.0,78.2,68.7,0.000,0.000,0.00,0.000,6.2,11.5,1.7,223,13,6.4,11.4,1.6,223,11,6.2,11.5,1.7,223,13,0,29.77,,0,0,0,71.4,69.3,68.3,0.18,0.13,0.14
BEAC,2017-08-21 23:25:00 EDT,41.52875,-73.94527,296,76.1,76.9,76.1,78.7,69.0,0.000,0.000,0.00,0.000,6.7,9.6,1.3,222,12,6.7,9.6,1.4,220,10,6.7,9.6,1.3,222,12,0,29.77,,0,0,0,71.4,69.3,68.3,0.18,0.13,0.14
BEAC,2017-08-21 23:30:00 EDT,41.52875,-73.94527,296,75.8,76.6,75.8,79.0,68.8,0.000,0.000,0.00,0.000,5.6,8.6,1.3,223,12,5.7,10.4,1.5,222,11,5.6,8.6,1.3,223,12,0,29.77,,0,0,0,71.4,69.3,68.3,0.18,0.13,0.14
BEAC,2017-08-21 23:35:00 EDT,41.52875,-73.94527,296,75.7,76.7,75.7,79.7,69.0,0.000,0.000,0.00,0.000,7.0,9.4,1.1,216,14,7.3,9.8,1.2,215,11,7.0,9.4,1.1,216,14,0,29.77,,0,0,0,71.4,69.3,68.3,0.18,0.13,0.14
BEAC,2017-08-21 23:40:00 EDT,41.52875,-73.94527,296,75.9,76.6,75.9,79.5,69.0,0.000,0.000,0.00,0.000,7.5,11.2,1.5,226,12,7.5,10.7,1.5,224,12,7.5,11.2,1.5,226,12,0,29.77,,0,0,0,71.4,69.3,68.3,0.18,0.13,0.14
BEAC,2017-08-21 23:45:00 EDT,41.52875,-73.94527,296,75.5,76.3,75.5,79.8,68.9,0.000,0.000,0.00,0.000,6.1,9.9,1.0,222,14,6.3,11.2,1.3,221,11,6.1,9.9,1.0,222,14,0,29.77,,0,0,0,71.4,69.3,68.4,0.18,0.13,0.14
BEAC,2017-08-21 23:50:00 EDT,41.52875,-73.94527,296,75.3,76.1,75.3,80.7,68.9,0.000,0.000,0.00,0.000,6.0,9.1,1.2,220,10,6.0,9.1,1.4,220,9,6.0,9.1,1.2,220,10,0,29.77,,0,0,0,71.4,69.3,68.4,0.18,0.13,0.14
BEAC,2017-08-21 23:55:00 EDT,41.52875,-73.94527,296,75.4,76.3,75.4,80.8,69.1,0.000,0.000,0.00,0.000,6.3,9.9,1.3,219,10,6.5,9.5,1.3,218,9,6.3,9.9,1.3,219,10,0,29.76,,0,0,0,71.4,69.3,68.4,0.18,0.13,0.14
BELD,2017-08-21 00:00:00 EDT,42.22322,-75.66852,1543,61.7,62.7,61.7,96.8,60.8,0.000,0.000,0.00,0.000,0.9,1.8,0.4,344,20,1.3,2.3,0.5,342,22,0.9,1.8,0.4,344,20,0,28.56,,0,0,0,69.2,68.5,66.7,0.45,0.44,0.41
BELD,2017-08-21 00:05:00 EDT,42.22322,-75.66852,1543,61.7,62.4,61.7,97.4,60.9,0.000,0.000,0.00,0.000,1.0,1.5,0.2,277,9,1.4,1.9,0.2,278,10,1.0,1.5,0.2,277,9,0,28.56,,0,0,0,69.0,68.5,66.7,0.45,0.44,0.41
BELD,2017-08-21 00:10:00 EDT,42.22322,-75.66852,1543,61.6,62.4,61.6,97.8,60.9,0.000,0.000,0.00,0.000,1.2,1.5,0.2,244,11,1.5,2.3,0.3,244,11,1.2,1.5,0.2,244,11,0,28.56,,0,0,0,68.9,68.5,66.7,0.45,0.44,0.41
BELD,2017-08-21 00:15:00 EDT,42.22322,-75.66852,1543,61.5,62.6,61.5,97.9,60.9,0.000,0.000,0.00,0.000,1.1,1.5,0.2,254,13,1.5,2.0,0.2,256,14,1.1,1.5,0.2,254,13,0,28.56,,0,0,0,68.9,68.5,66.7,0.45,0.44,0.41
BELD,2017-08-21 00:20:00 EDT,42.22322,-75.66852,1543,60.9,62.5,60.9,97.6,60.2,0.000,0.000,0.00,0.000,1.3,2.0,0.4,256,7,1.7,2.7,0.4,257,9,1.3,2.0,0.4,256,7,0,28.57,,0,0,0,68.9,68.5,66.7,0.45,0.44,0.41
BELD,2017-08-21 00:25:00 EDT,42.22322,-75.66852,1543,60.6,62.9,60.6,97.6,59.9,0.000,0.000,0.00,0.000,1.8,2.3,0.2,248,7,2.1,2.9,0.3,249,8,1.8,2.3,0.2,248,7,0,28.56,,0,0,0,68.9,68.5,66.7,0.45,0.44,0.41
BELD,2017-08-21 00:30:00 EDT,42.22322,-75.66852,1543,60.8,63.0,60.8,98.0,60.2,0.000,0.000,0.00,0.000,1.6,2.4,0.6,244,10,1.9,3.1,0.6,245,11,1.6,2.4,0.6,244,10,0,28.56,,0,0,0,68.9,68.5,66.7,0.45,0.44,0.41
BELD,2017-08-21 00:35:00 EDT,42.22322,-75.66852,1543,60.7,62.4,60.7,97.9,60.1,0.000,0.000,0.00,0.000,0.6,1.2,0.3,250,13,1.0,1.7,0.4,253,18,0.6,1.2,0.3,250,13,0,28.56,,0,0,0,68.9,68.5,66.7,0.45,0.44,0.41
BELD,2017-08-21 00:40:00 EDT,42.22322,-75.66852,1543,61.3,62.2,61.3,98.4,60.9,0.000,0.000,0.00,0.000,1.1,1.6,0.3,254,7,1.5,2.3,0.3,255,10,1.1,1.6,0.3,254,7,1,28.56,,0,0,0,68.9,68.5,66.7,0.45,0.44,0.41
BELD,2017-08-21 00:45:00 EDT,42.22322,-75.66852,1543,61.3,62.7,61.3,98.4,60.8,0.000,0.000,0.00,0.000,2.5,3.4,0.4,246,16,2.8,3.8,0.4,250,14,2.5,3.4,0.4,246,16,0,28.56,,0,0,0,68.9,68.5,66.7,0.45,0.44,0.41
BELD,2017-08-21 00:50:00 EDT,42.22322,-75.66852,1543,61.8,64.2,61.8,97.8,61.2,0.000,0.000,0.00,0.000,2.4,3.1,0.3,229,11,2.4,3.4,0.4,232,9,2.4,3.1,0.3,229,11,0,28.56,,0,0,0,68.9,68.5,66.7,0.45,0.44,0.41
BELD,2017-08-21 00:55:00 EDT,42.22322,-75.66852,1543,61.3,63.8,61.3,97.0,60.4,0.000,0.000,0.00,0.000,2.4,2.8,0.3,226,8,2.4,3.4,0.4,229,7,2.4,2.8,0.3,226,8,0,28.56,,0,0,0,68.9,68.5,66.7,0.45,0.44,0.41
BELD,2017-08-21 01:00:00 EDT,42.22322,-75.66852,1543,61.5,63.2,61.5,97.0,60.6,0.000,0.000,0.00,0.000,1.2,2.0,0.6,219,12,1.5,2.3,0.5,222,11,1.2,2.0,0.6,219,12,0,28.56,,0,0,0,68.9,68.5,66.7,0.45,0.44,0.41
BELD,2017-08-21 01:05:00 EDT,42.22322,-75.66852,1543,61.2,62.0,61.2,96.4,60.2,0.000,0.000,0.00,0.000,0.0,0.7,0.1,212,3,0.4,1.4,0.5,205,8,0.0,0.7,0.1,212,3,1,28.56,,0,0,0,68.8,68.5,66.7,0.45,0.44,0.41
BELD,2017-08-21 01:10:00 EDT,42.22322,-75.66852,1543,61.4,61.9,61.4,97.5,60.7,0.000,0.000,0.00,0.000,0.0,0.4,0.1,133,1,0.4,1.2,0.5,147,13,0.0,0.4,0.1,133,1,0,28.56,,0,0,0,68.6,68.5,66.7,0.45,0.44,0.41
BELD,2017-08-21 01:15:00 EDT,42.22322,-75.66852,1543,61.3,61.5,61.3,98.0,60.7,0.000,0.000,0.00,0.000,0.1,0.6,0.1,149,6,0.6,1.1,0.4,147,15,0.1,0.6,0.1,149,6,0,28.56,,0,0,0,68.6,68.5,66.7,0.45,0.44,0.41
BELD,2017-08-21 01:20:00 EDT,42.22322,-75.66852,1543,61.1,61.4,61.1,98.2,60.6,0.000,0.000,0.00,0.000,0.0,0.1,0.0,132,0,0.2,1.1,0.3,87,17,0.0,0.1,0.0,132,0,0,28.56,,0,0,0,68.5,68.5,66.7,0.45,0.44,0.41
BELD,2017-08-21 01:25:00 EDT,42.22322,-75.66852,1543,61.3,61.4,61.3,98.6,60.9,0.000,0.000,0.00,0.000,0.0,0.0,0.0,0,0,0.1,1.0,0.3,11,4,0.0,0.0,0.0,0,0,0,28.56,,0,0,0,68.5,68.5,66.7,0.45,0.44,0.41
BELD,2017-08-21 01:30:00 EDT,42.22322,-75.66852,1543,61.1,61.3,61.1,98.6,60.7,0.000,0.000,0.00,0.000,0.0,0.0,0.0,0,0,0.0,0.0,0.0,0,0,0.0,0.0,0.0,0,0,0,28.56,,0,0,0,68.5,68.5,66.7,0.45,0.44,0.41
BELD,2017-08-21 01:35:00 EDT,42.22322,-75.66852,1543,60.8,61.2,60.8,98.6,60.4,0.000,0.000,0.00,0.000,0.0,0.0,0.0,0,0,0.0,0.0,0.0,0,0,0.0,0.0,0.0,0,0,0,28.56,,0,0,0,68.5,68.5,66.7,0.45,0.44,0.41
BELD,2017-08-21 01:40:00 EDT,42.22322,-75.66852,1543,61.0,61.2,61.0,98.7,60.6,0.000,0.000,0.00,0.000,0.0,0.0,0.0,0,0,0.2,0.9,0.4,305,15,0.0,0.0,0.0,0,0,0,28.56,,0,0,0,68.5,68.5,66.7,0.45,0.44,0.41
BELD,2017-08-21 01:45:00 EDT,42.22322,-75.66852,1543,60.9,61.3,60.9,98.7,60.5,0.000,0.000,0.00,0.000,0.0,0.4,0.1,309,1,0.7,1.2,0.4,318,16,0.0,0.4,0.1,309,1,0,28.56,,0,0,0,68.5,68.5,66.7,0.45,0.44,0.41
BELD,2017-08-21 01:50:00 EDT,42.22322,-75.66852,1543,60.8,61.4,60.8,98.7,60.4,0.000,0.000,0.00,0.000,0.0,0.0,0.0,0,0,0.0,0.9,0.2,291,1,0.0,0.0,0.0,0,0,0,28.56,,0,0,0,68.5,68.4,66.7,0.45,0.44,0.41
BELD,2017-08-21 01:55:00 EDT,42.22322,-75.66852,1543,60.7,61.1,60.7,98.7,60.4,0.000,0.000,0.00,0.000,0.0,0.0,0.0,0,0,0.3,0.9,0.4,3,19,0.0,0.0,0.0,0,0,0,28.56,,0,0,0,68.5,68.4,66.7,0.45,0.44,0.41
BELD,2017-08-21 02:00:00 EDT,42.22322,-75.66852,1543,60.7,61.0,60.7,98.8,60.3,0.000,0.000,0.00,0.000,0.0,0.0,0.0,0,0,0.4,1.0,0.4,40,11,0.0,0.0,0.0,0,0,0,28.56,,0,0,0,68.5,68.3,66.7,0.45,0.44,0.41
BELD,2017-08-21 02:05:00 EDT,42.22322,-75.66852,1543,60.5,60.6,60.5,98.9,60.2,0.000,0.000,0.00,0.000,0.7,1.2,0.4,26,0,1.3,1.6,0.2,25,5,0.7,1.2,0.4,26,0,0,28.56,,0,0,0,68.5,68.2,66.7,0.45,0.44,0.41
BELD,2017-08-21 02:10:00 EDT,42.22322,-75.66852,1543,60.4,60.6,60.4,98.9,60.1,0.000,0.000,0.00,0.000,0.1,0.5,0.2,25,0,0.5,1.3,0.5,19,3,0.1,0.5,0.2,25,0,0,28.56,,0,0,0,68.5,68.3,66.7,0.45,0.44,0.41
BELD,2017-08-21 02:15:00 EDT,42.22322,-75.66852,1543,60.3,60.7,60.3,99.0,60.0,0.000,0.000,0.00,0.000,0.0,0.0,0.0,0,0,0.6,1.1,0.4,29,9,0.0,0.0,0.0,0,0,0,28.56,,0,0,0,68.5,68.2,66.7,0.45,0.44,0.41
BELD,2017-08-21 02:20:00 EDT,42.22322,-75.66852,1543,60.1,60.4,60.1,99.0,59.8,0.000,0.000,0.00,0.000,0.0,0.0,0.0,0,0,0.3,1.0,0.4,324,19,0.0,0.0,0.0,0,0,0,28.56,,0,0,0,68.5,68.2,66.7,0.45,0.44,0.41
BELD,2017-08-21 02:25:00 EDT,42.22322,-75.66852,1543,60.3,60.4,60.3,99.0,60.0,0.000,0.000,0.00,0.000,0.0,0.0,0.0,0,0,0.4,0.9,0.4,11,16,0.0,0.0,0.0,0,0,0,28.56,,0,0,0,68.5,68.2,66.7,0.45,0.44,0.41
BELD,2017-08-21 02:30:00 EDT,42.22322,-75.66852,1543,59.9,60.2,59.9,99.0,59.6,0.000,0.000,0.00,0.000,0.0,0.0,0.0,0,0,0.0,0.0,0.0,0,0,0.0,0.0,0.0,0,0,1,28.56,,0,0,0,68.5,68.2,66.7,0.45,0.44,0.41
BELD,2017-08-21 02:35:00 EDT,42.22322,-75.66852,1543,59.8,60.3,59.8,99.1,59.5,0.000,0.000,0.00,0.000,0.2,0.8,0.3,13,1,0.7,1.6,0.6,11,5,0.2,0.8,0.3,13,1,1,28.56,,0,0,0,68.5,68.2,66.7,0.45,0.44,0.41
BELD,2017-08-21 02:40:00 EDT,42.22322,-75.66852,1543,60.2,60.7,60.2,99.1,60.0,0.000,0.000,0.00,0.000,0.4,0.9,0.3,11,8,1.0,1.7,0.6,1,20,0.4,0.9,0.3,11,8,1,28.56,,0,0,0,68.3,68.2,66.7,0.45,0.44,0.41
BELD,2017-08-21 02:45:00 EDT,42.22322,-75.66852,1543,59.8,60.6,59.8,99.1,59.5,0.000,0.000,0.00,0.000,0.1,0.8,0.2,306,18,0.7,1.5,0.5,306,41,0.1,0.8,0.2,306,18,0,28.57,,0,0,0,68.2,68.2,66.7,0.45,0.44,0.41
BELD,2017-08-21 02:50:00 EDT,42.22322,-75.66852,1543,59.9,60.7,59.9,99.1,59.6,0.000,0.000,0.00,0.000,0.7,2.6,0.8,196,21,1.4,3.6,0.8,202,29,0.7,2.6,0.8,196,21,0,28.57,,0,0,0,68.2,68.2,66.7,0.45,0.44,0.41
BELD,2017-08-21 02:55:00 EDT,42.22322,-75.66852,1543,60.2,60.9,60.2,99.2,60.0,0.000,0.000,0.00,0.000,0.7,2.3,0.7,207,19,1.0,2.5,0.6,217,26,0.7,2.3,0.7,207,19,0,28.57,,0,0,0,68.2,68.2,66.7,0.45,0.44,0.41
BELD,2017-08-21 03:00:00 EDT,42.22322,-75.66852,1543,59.6,60.5,59.6,99.1,59.3,0.000,0.000,0.00,0.000,0.2,0.9,0.3,197,43,0.8,1.9,0.5,115,61,0.2,0.9,0.3,197,43,0,28.56,,0,0,0,68.2,68.2,66.7,0.45,0.44,0.41
BELD,2017-08-21 03:05:00 EDT,42.22322,-75.66852,1543,59.4,60.1,59.4,99.1,59.1,0.000,0.000,0.00,0.000,0.0,0.0,0.0,0,0,0.6,1.3,0.4,69,13,0.0,0.0,0.0,0,0,1,28.56,,0,0,0,68.2,68.2,66.7,0.45,0.44,0.41
BELD,2017-08-21 03:10:00 EDT,42.22322,-75.66852,1543,59.6,60.1,59.6,99.1,59.3,0.000,0.000,0.00,0.000,0.0,0.0,0.0,0,0,0.1,0.9,0.3,291,3,0.0,0.0,0.0,0,0,0,28.56,,0,0,0,68.2,68.2,66.7,0.45,0.44,0.41
BELD,2017-08-21 03:15:00 EDT,42.22322,-75.66852,1543,59.8,60.4,59.8,99.2,59.5,0.000,0.000,0.00,0.000,0.6,1.5,0.6,360,3,1.1,2.3,0.8,354,7,0.6,1.5,0.6,360,3,0,28.56,,0,0,0,68.2,68.2,66.7,0.45,0.44,0.41
BELD,2017-08-21 03:20:00 EDT,42.22322,-75.66852,1543,59.6,60.0,59.6,99.1,59.3,0.000,0.000,0.00,0.000,0.7,1.5,0.5,25,23,1.5,2.3,0.5,34,31,0.7,1.5,0.5,25,23,0,28.56,,0,0,0,68.2,68.2,66.7,0.45,0.44,0.41
BELD,2017-08-21 03:25:00 EDT,42.22322,-75.66852,1543,59.1,59.4,59.1,99.0,58.8,0.000,0.000,0.00,0.000,0.0,0.0,0.0,0,0,1.0,1.3,0.1,71,22,0.0,0.0,0.0,0,0,0,28.56,,0,0,0,68.2,68.2,66.7,0.45,0.44,0.41
BELD,2017-08-21 03:30:00 EDT,42.22322,-75.66852,1543,59.3,59.7,59.3,99.1,59.1,0.000,0.000,0.00,0.000,0.2,0.8,0.3,63,5,1.1,1.4,0.2,64,11,0.2,0.8,0.3,63,5,0,28.56,,0,0,0,68.2,68.2,66.7,0.45,0.44,0.41
BELD,2017-08-21 03:35:00 EDT,42.22322,-75.66852,1543,59.4,59.5,59.4,99.1,59.1,0.000,0.000,0.00,0.000,0.0,0.0,0.0,0,0,0.4,1.1,0.4,123,9,0.0,0.0,0.0,0,0,0,28.56,,0,0,0,68.2,68.2,66.7,0.45,0.44,0.41
BELD,2017-08-21 03:40:00 EDT,42.22322,-75.66852,1543,59.2,59.4,59.2,99.1,59.0,0.000,0.000,0.00,0.000,0.0,0.0,0.0,0,0,0.4,1.1,0.4,92,4,0.0,0.0,0.0,0,0,1,28.56,,0,0,0,68.1,68.2,66.7,0.45,0.44,0.41
BELD,2017-08-21 03:45:00 EDT,42.22322,-75.66852,1543,59.3,59.5,59.3,99.2,59.1,0.000,0.000,0.00,0.000,0.0,0.6,0.1,114,0,0.6,1.2,0.4,105,11,0.0,0.6,0.1,114,0,0,28.56,,0,0,0,67.9,68.2,66.7,0.45,0.44,0.41
BELD,2017-08-21 03:50:00 EDT,42.22322,-75.66852,1543,59.2,59.3,59.2,99.2,59.0,0.000,0.000,0.00,0.000,0.0,0.4,0.1,116,0,0.2,0.9,0.3,126,4,0.0,0.4,0.1,116,0,0,28.56,,0,0,0,67.8,68.2,66.7,0.45,0.44,0.41
BELD,2017-08-21 03:55:00 EDT,42.22322,-75.66852,1543,59.3,59.4,59.3,99.2,59.0,0.000,0.000,0.00,0.000,0.0,0.0,0.0,0,0,0.0,0.8,0.2,115,4,0.0,0.0,0.0,0,0,0,28.56,,0,0,0,67.8,68.2,66.7,0.45,0.44,0.41
BELD,2017-08-21 04:00:00 EDT,42.22322,-75.66852,1543,59.4,59.5,59.4,99.2,59.2,0.000,0.000,0.00,0.000,0.0,0.0,0.0,0,0,0.4,1.2,0.4,137,14,0.0,0.0,0.0,0,0,1,28.56,,0,0,0,67.8,68.2,66.7,0.45,0.44,0.41
BELD,2017-08-21 04:05:00 EDT,42.22322,-75.66852,1543,59.4,59.6,59.4,99.2,59.2,0.000,0.000,0.00,0.000,0.0,0.4,0.1,133,0,0.4,1.5,0.5,167,16,0.0,0.4,0.1,133,0,1,28.56,,0,0,0,67.8,68.2,66.7,0.45,0.44,0.41
BELD,2017-08-21 04:10:00 EDT,42.22322,-75.66852,1543,59.4,59.7,59.4,99.2,59.2,0.000,0.000,0.00,0.000,0.2,1.5,0.4,321,3,0.5,1.8,0.5,303,17,0.2,1.5,0.4,321,3,1,28.56,,0,0,0,67.8,68.2,66.7,0.45,0.44,0.41
BELD,2017-08-21 04:15:00 EDT,42.22322,-75.66852,1543,59.4,59.9,59.4,99.2,59.2,0.000,0.000,0.00,0.000,1.1,1.9,0.5,280,22,1.5,2.0,0.3,282,21,1.1,1.9,0.5,280,22,1,28.56,,0,0,0,67.8,68.2,66.7,0.45,0.44,0.41
BELD,2017-08-21 04:20:00 EDT,42.22322,-75.66852,1543,58.8,60.1,58.8,99.2,58.5,0.000,0.000,0.00,0.000,1.6,2.1,0.2,233,9,1.8,2.7,0.3,236,8,1.6,2.1,0.2,233,9,0,28.57,,0,0,0,67.8,68.2,66.7,0.45,0.44,0.41
BELD,2017-08-21 04:25:00 EDT,42.22322,-75.66852,1543,59.1,59.9,59.1,99.2,58.9,0.000,0.000,0.00,0.000,0.9,1.8,0.6,238,13,1.3,2.4,0.5,246,17,0.9,1.8,0.6,238,13,1,28.57,,0,0,0,67.8,68.2,66.7,0.45,0.44,0.41
BELD,2017-08-21 04:30:00 EDT,42.22322,-75.66852,1543,59.1,59.7,59.1,99.2,58.9,0.000,0.000,0.00,0.000,0.0,0.0,0.0,0,0,0.1,1.1,0.3,249,2,0.0,0.0,0.0,0,0,0,28.57,,0,0,0,67.8,68.2,66.7,0.45,0.44,0.41
BELD,2017-08-21 04:35:00 EDT,42.22322,-75.66852,1543,59.2,59.8,59.2,99.2,58.9,0.000,0.000,0.00,0.000,0.0,0.4,0.0,249,0,0.6,1.2,0.4,272,9,0.0,0.4,0.0,249,0,0,28.57,,0,0,0,67.8,68.2,66.7,0.45,0.44,0.41
BELD,2017-08-21 04:40:00 EDT,42.22322,-75.66852,1543,59.2,59.8,59.2,99.2,59.0,0.000,0.000,0.00,0.000,0.5,1.5,0.6,285,2,1.2,2.1,0.5,287,7,0.5,1.5,0.6,285,2,0,28.57,,0,0,0,67.8,68.2,66.7,0.45,0.44,0.41
BELD,2017-08-21 04:45:00 EDT,42.22322,-75.66852,1543,59.1,59.6,59.1,99.2,58.8,0.000,0.000,0.00,0.000,0.5,1.0,0.4,260,14,1.0,1.5,0.5,255,16,0.5,1.0,0.4,260,14,1,28.57,,0,0,0,67.8,68.2,66.7,0.45,0.44,0.41
BELD,2017-08-21 04:50:00 EDT,42.22322,-75.66852,1543,59.3,59.9,59.3,99.2,59.1,0.000,0.000,0.00,0.000,0.1,0.9,0.3,263,3,0.3,1.4,0.5,263,24,0.1,0.9,0.3,263,3,1,28.57,,0,0,0,67.8,68.1,66.7,0.45,0.44,0.41
BELD,2017-08-21 04:55:00 EDT,42.22322,-75.66852,1543,59.1,59.9,59.1,99.2,58.9,0.000,0.000,0.00,0.000,0.0,0.0,0.0,0,0,0.1,0.9,0.2,187,8,0.0,0.0,0.0,0,0,0,28.57,,0,0,0,67.8,68.0,66.7,0.45,0.44,0.41
BELD,2017-08-21 05:00:00 EDT,42.22322,-75.66852,1543,59.3,59.7,59.3,99.2,59.1,0.000,0.000,0.00,0.000,0.0,0.0,0.0,0,0,0.0,1.0,0.2,35,1,0.0,0.0,0.0,0,0,1,28.57,,0,0,0,67.8,67.9,66.7,0.45,0.44,0.41
BELD,2017-08-21 05:05:00 EDT,42.22322,-75.66852,1543,59.5,59.8,59.5,99.2,59.3,0.000,0.000,0.00,0.000,0.0,0.0,0.0,0,0,0.6,1.3,0.5,66,14,0.0,0.0,0.0,0,0,1,28.57,,0,0,0,67.8,67.9,66.7,0.45,0.45,0.41
BELD,2017-08-21 05:10:00 EDT,42.22322,-75.66852,1543,59.0,59.5,59.0,99.2,58.8,0.000,0.000,0.00,0.000,0.1,0.7,0.2,51,2,1.0,1.5,0.2,52,16,0.1,0.7,0.2,51,2,0,28.57,,0,0,0,67.7,67.8,66.7,0.45,0.44,0.41
BELD,2017-08-21 05:15:00 EDT,42.22322,-75.66852,1543,58.5,59.3,58.5,99.1,58.3,0.000,0.000,0.00,0.000,0.0,0.0,0.0,0,0,0.6,1.3,0.4,75,22,0.0,0.0,0.0,0,0,0,28.57,,0,0,0,67.5,67.8,66.7,0.45,0.44,0.41
BELD,2017-08-21 05:20:00 EDT,42.22322,-75.66852,1543,58.4,59.0,58.4,99.2,58.2,0.000,0.000,0.00,0.000,0.0,0.0,0.0,0,0,0.0,0.8,0.2,98,1,0.0,0.0,0.0,0,0,1,28.57,,0,0,0,67.5,67.8,66.7,0.45,0.44,0.41
BELD,2017-08-21 05:25:00 EDT,42.22322,-75.66852,1543,58.6,59.0,58.6,99.2,58.3,0.000,0.000,0.00,0.000,0.0,0.0,0.0,0,0,0.1,1.0,0.3,358,5,0.0,0.0,0.0,0,0,0,28.57,,0,0,0,67.5,67.8,66.7,0.45,0.45,0.41
BELD,2017-08-21 05:30:00 EDT,42.22322,-75.66852,1543,58.4,58.9,58.4,99.2,58.2,0.000,0.000,0.00,0.000,0.0,0.7,0.1,44,2,0.9,1.5,0.4,42,14,0.0,0.7,0.1,44,2,0,28.57,,0,0,0,67.5,67.8,66.7,0.45,0.45,0.41
BELD,2017-08-21 05:35:00 EDT,42.22322,-75.66852,1543,58.3,59.0,58.3,99.2,58.0,0.000,0.000,0.00,0.000,0.0,0.0,0.0,0,0,0.1,1.1,0.3,341,8,0.0,0.0,0.0,0,0,0,28.57,,0,0,0,67.5,67.8,66.7,0.45,0.44,0.41
BELD,2017-08-21 05:40:00 EDT,42.22322,-75.66852,1543,59.0,59.2,59.0,99.3,58.8,0.000,0.000,0.00,0.000,0.0,0.0,0.0,0,0,0.1,1.0,0.3,358,10,0.0,0.0,0.0,0,0,1,28.57,,0,0,0,67.5,67.8,66.7,0.45,0.45,0.41
BELD,2017-08-21 05:45:00 EDT,42.22322,-75.66852,1543,57.9,58.6,57.9,99.1,57.6,0.000,0.000,0.00,0.000,0.2,1.1,0.4,129,3,0.9,1.6,0.5,119,16,0.2,1.1,0.4,129,3,1,28.57,,0,0,0,67.5,67.8,66.7,0.45,0.44,0.41
BELD,2017-08-21 05:50:00 EDT,42.22322,-75.66852,1543,57.0,57.9,57.0,99.1,56.8,0.000,0.000,0.00,0.000,0.1,1.0,0.2,60,2,0.9,1.6,0.4,66,23,0.1,1.0,0.2,60,2,1,28.57,,0,0,0,67.5,67.8,66.7,0.45,0.44,0.41
BELD,2017-08-21 05:55:00 EDT,42.22322,-75.66852,1543,57.7,58.5,57.7,99.3,57.4,0.000,0.000,0.00,0.000,0.3,1.2,0.4,68,8,0.9,2.0,0.6,63,15,0.3,1.2,0.4,68,8,1,28.57,,0,0,0,67.5,67.8,66.7,0.45,0.45,0.41
BELD,2017-08-21 06:00:00 EDT,42.22322,-75.66852,1543,57.8,58.3,57.8,99.3,57.6,0.000,0.000,0.00,0.000,0.0,0.0,0.0,0,0,0.1,1.0,0.3,94,17,0.0,0.0,0.0,0,0,1,28.57,,0,0,0,67.5,67.8,66.7,0.45,0.44,0.41
BELD,2017-08-21 06:05:00 EDT,42.22322,-75.66852,1543,57.5,57.9,57.5,99.2,57.3,0.000,0.000,0.00,0.000,0.2,1.3,0.4,250,0,0.8,1.9,0.6,270,43,0.2,1.3,0.4,250,0,1,28.58,,0,0,0,67.5,67.8,66.7,0.45,0.45,0.41
BELD,2017-08-21 06:10:00 EDT,42.22322,-75.66852,1543,58.0,58.9,58.0,99.3,57.8,0.000,0.000,0.00,0.000,2.9,5.1,1.1,223,20,3.2,5.4,1.1,226,20,2.9,5.1,1.1,223,20,2,28.58,,0,0,0,67.5,67.8,66.7,0.45,0.45,0.41
BELD,2017-08-21 06:15:00 EDT,42.22322,-75.66852,1543,58.1,58.8,58.1,99.3,57.9,0.000,0.000,0.00,0.000,2.0,4.3,1.3,202,22,2.4,5.1,1.1,199,33,2.0,4.3,1.3,202,22,3,28.58,,0,0,0,67.4,67.8,66.7,0.45,0.45,0.41
BELD,2017-08-21 06:20:00 EDT,42.22322,-75.66852,1543,56.0,57.5,56.0,99.0,55.7,0.000,0.000,0.00,0.000,0.6,1.4,0.4,92,14,1.6,3.0,0.6,89,16,0.6,1.4,0.4,92,14,4,28.58,,0,0,0,67.3,67.8,66.7,0.45,0.45,0.41
BELD,2017-08-21 06:25:00 EDT,42.22322,-75.66852,1543,56.1,57.0,56.1,99.2,55.9,0.000,0.000,0.00,0.000,0.1,1.0,0.3,117,8,0.9,2.4,0.6,81,35,0.1,1.0,0.3,117,8,7,28.58,,0,0,0,67.2,67.8,66.7,0.45,0.45,0.41
BELD,2017-08-21 06:30:00 EDT,42.22322,-75.66852,1543,56.8,57.3,56.8,99.3,56.6,0.000,0.000,0.00,0.000,0.2,1.3,0.4,54,0,1.1,1.8,0.5,48,13,0.2,1.3,0.4,54,0,10,28.58,,0,0,0,67.1,67.8,66.7,0.45,0.45,0.41
BELD,2017-08-21 06:35:00 EDT,42.22322,-75.66852,1543,55.7,56.1,55.7,99.1,55.4,0.000,0.000,0.00,0.000,1.7,2.1,0.2,89,20,2.1,3.0,0.4,90,20,1.7,2.1,0.2,89,20,16,28.58,,0,0,0,67.1,67.8,66.7,0.45,0.45,0.41
BELD,2017-08-21 06:40:00 EDT,42.22322,-75.66852,1543,55.5,56.2,55.5,99.2,55.3,0.000,0.000,0.00,0.000,0.8,1.7,0.5,123,9,1.3,2.1,0.3,126,11,0.8,1.7,0.5,123,9,25,28.58,,0,0,0,67.1,67.8,66.7,0.45,0.45,0.41
BELD,2017-08-21 06:45:00 EDT,42.22322,-75.66852,1543,55.9,56.8,55.9,99.2,55.7,0.000,0.000,0.00,0.000,0.2,0.9,0.3,114,3,0.7,2.2,0.7,114,19,0.2,0.9,0.3,114,3,34,28.58,,0,0,0,67.1,67.8,66.7,0.45,0.45,0.41
BELD,2017-08-21 06:50:00 EDT,42.22322,-75.66852,1543,56.3,56.5,56.3,99.3,56.1,0.000,0.000,0.00,0.000,0.1,0.8,0.3,181,7,0.8,1.3,0.5,193,16,0.1,0.8,0.3,181,7,38,28.58,,0,0,0,67.1,67.8,66.7,0.45,0.45,0.41
BELD,2017-08-21 06:55:00 EDT,42.22322,-75.66852,1543,56.6,56.6,56.6,99.3,56.4,0.000,0.000,0.00,0.000,0.1,0.7,0.2,103,10,0.9,2.1,0.6,109,27,0.1,0.7,0.2,103,10,60,28.57,,0,0,0,67.1,67.8,66.7,0.45,0.45,0.41
BELD,2017-08-21 07:00:00 EDT,42.22322,-75.66852,1543,56.9,56.8,56.9,99.3,56.7,0.000,0.000,0.00,0.000,0.4,1.8,0.6,353,9,1.3,2.8,0.6,26,32,0.4,1.8,0.6,353,9,83,28.57,,0,0,0,67.1,67.8,66.7,0.45,0.45,0.41
BELD,2017-08-21 07:05:00 EDT,42.22322,-75.66852,1543,58.0,57.8,58.0,99.3,57.9,0.000,0.000,0.00,0.000,0.8,2.0,0.5,321,19,1.2,2.9,0.6,328,27,0.8,2.0,0.5,321,19,107,28.58,,0,0,0,67.1,67.8,66.7,0.45,0.45,0.41
BELD,2017-08-21 07:10:00 EDT,42.22322,-75.66852,1543,59.2,59.0,59.2,99.3,59.0,0.000,0.000,0.00,0.000,0.1,0.7,0.2,294,8,0.6,1.4,0.5,289,38,0.1,0.7,0.2,294,8,126,28.58,,0,0,0,67.1,67.8,66.7,0.45,0.45,0.41
BELD,2017-08-21 07:15:00 EDT,42.22322,-75.66852,1543,58.7,58.5,58.7,99.1,58.4,0.000,0.000,0.00,0.000,0.4,1.8,0.6,108,6,1.2,2.3,0.5,99,21,0.4,1.8,0.6,108,6,117,28.58,,0,0,0,67.1,67.8,66.7,0.45,0.45,0.41
BELD,2017-08-21 07:20:00 EDT,42.22322,-75.66852,1543,58.3,57.9,58.3,99.2,58.1,0.000,0.000,0.00,0.000,0.0,0.0,0.0,0,0,0.5,1.5,0.5,84,11,0.0,0.0,0.0,0,0,84,28.58,,0,0,0,67.1,67.8,66.7,0.45,0.45,0.41
BELD,2017-08-21 07:25:00 EDT,42.22322,-75.66852,1543,57.9,57.7,57.9,99.2,57.7,0.000,0.000,0.00,0.000,0.0,0.0,0.0,0,0,0.5,1.5,0.5,35,19,0.0,0.0,0.0,0,0,76,28.58,,0,0,0,67.1,67.8,66.7,0.45,0.45,0.41
BELD,2017-08-21 07:30:00 EDT,42.22322,-75.66852,1543,58.0,58.1,58.0,99.2,57.8,0.000,0.000,0.00,0.000,0.1,0.7,0.1,1,8,1.0,1.5,0.3,7,26,0.1,0.7,0.1,1,8,61,28.58,,0,0,0,67.1,67.8,66.7,0.45,0.45,0.41
BELD,2017-08-21 07:35:00 EDT,42.22322,-75.66852,1543,57.5,57.2,57.5,98.9,57.2,0.000,0.000,0.00,0.000,1.2,1.8,0.2,76,19,2.2,3.0,0.5,81,17,1.2,1.8,0.2,76,19,132,28.58,,0,0,0,67.1,67.8,66.7,0.45,0.45,0.41
BELD,2017-08-21 07:40:00 EDT,42.22322,-75.66852,1543,57.5,57.1,57.5,99.0,57.2,0.000,0.000,0.00,0.000,0.8,1.3,0.3,103,13,1.8,2.7,0.4,99,13,0.8,1.3,0.3,103,13,147,28.58,,0,0,0,67.1,67.8,66.7,0.45,0.45,0.41
BELD,2017-08-21 07:45:00 EDT,42.22322,-75.66852,1543,58.2,57.9,58.2,99.1,57.9,0.000,0.000,0.00,0.000,0.2,1.2,0.4,79,4,0.8,2.6,0.8,67,22,0.2,1.2,0.4,79,4,175,28.58,,0,0,0,67.1,67.8,66.7,0.45,0.45,0.41
BELD,2017-08-21 07:50:00 EDT,42.22322,-75.66852,1543,59.0,58.6,59.0,99.1,58.7,0.000,0.000,0.00,0.000,0.2,2.9,0.6,126,4,0.5,3.5,0.8,113,14,0.2,2.9,0.6,126,4,152,28.58,,0,0,0,67.1,67.8,66.7,0.44,0.45,0.41
BELD,2017-08-21 07:55:00 EDT,42.22322,-75.66852,1543,59.6,59.4,59.6,98.8,59.3,0.000,0.000,0.00,0.000,1.8,3.3,0.8,136,15,2.2,4.1,0.8,137,14,1.8,3.3,0.8,136,15,189,28.58,,0,0,0,67.1,67.8,66.7,0.44,0.45,0.41
BELD,2017-08-21 08:00:00 EDT,42.22322,-75.66852,1543,59.8,59.4,59.8,98.4,59.3,0.000,0.000,0.00,0.000,0.9,2.3,0.5,119,14,1.4,2.5,0.4,114,19,0.9,2.3,0.5,119,14,216,28.58,,0,0,0,67.0,67.8,66.7,0.44,0.45,0.41
BELD,2017-08-21 08:05:00 EDT,42.22322,-75.66852,1543,60.2,59.7,60.2,97.7,59.5,0.000,0.000,0.00,0.000,1.3,2.1,0.3,101,16,1.8,2.9,0.4,100,16,1.3,2.1,0.3,101,16,271,28.58,,0,0,0,67.0,67.8,66.7,0.44,0.45,0.41
BELD,2017-08-21 08:10:00 EDT,42.22322,-75.66852,1543,60.2,59.6,60.2,97.0,59.4,0.000,0.000,0.00,0.000,1.9,2.7,0.3,84,11,2.6,3.9,0.5,85,11,1.9,2.7,0.3,84,11,266,28.58,,0,0,0,66.9,67.8,66.7,0.44,0.45,0.41
BELD,2017-08-21 08:15:00 EDT,42.22322,-75.66852,1543,60.6,59.9,60.6,97.0,59.7,0.000,0.000,0.00,0.000,1.4,2.0,0.3,76,14,2.1,3.2,0.4,77,14,1.4,2.0,0.3,76,14,273,28.58,,0,0,0,66.8,67.7,66.7,0.44,0.45,0.41
BELD,2017-08-21 08:20:00 EDT,42.22322,-75.66852,1543,60.7,60.1,60.7,96.3,59.6,0.000,0.000,0.00,0.000,1.4,2.1,0.3,82,12,2.1,2.9,0.4,83,12,1.4,2.1,0.3,82,12,168,28.58,,0,0,0,66.8,67.7,66.7,0.44,0.45,0.41
BELD,2017-08-21 08:25:00 EDT,42.22322,-75.66852,1543,61.0,60.4,61.0,96.6,60.0,0.000,0.000,0.00,0.000,1.4,2.3,0.4,91,13,2.0,2.8,0.4,91,13,1.4,2.3,0.4,91,13,280,28.58,,0,0,0,66.8,67.6,66.7,0.44,0.45,0.41
BELD,2017-08-21 08:30:00 EDT,42.22322,-75.66852,1543,61.9,61.2,61.9,96.2,60.8,0.000,0.000,0.00,0.000,1.7,2.5,0.4,111,12,2.2,3.4,0.6,111,13,1.7,2.5,0.4,111,12,342,28.58,,0,0,0,66.8,67.6,66.7,0.44,0.45,0.41
BELD,2017-08-21 08:35:00 EDT,42.22322,-75.66852,1543,62.3,61.8,62.3,94.5,60.7,0.000,0.000,0.00,0.000,2.4,4.1,0.9,119,10,2.8,4.7,0.9,120,11,2.4,4.1,0.9,119,10,358,28.58,,0,0,0,66.7,67.5,66.7,0.44,0.45,0.41
BELD,2017-08-21 08:40:00 EDT,42.22322,-75.66852,1543,63.0,62.2,63.0,93.1,60.9,0.000,0.000,0.00,0.000,3.2,4.4,0.6,118,11,3.8,5.4,0.7,118,11,3.2,4.4,0.6,118,11,376,28.57,,0,0,0,66.7,67.5,66.7,0.44,0.45,0.41
BELD,2017-08-21 08:45:00 EDT,42.22322,-75.66852,1543,62.9,62.3,62.9,91.5,60.4,0.000,0.000,0.00,0.000,2.9,3.9,0.5,118,9,3.3,4.9,0.7,119,10,2.9,3.9,0.5,118,9,378,28.57,,0,0,0,66.7,67.5,66.7,0.44,0.45,0.41
BELD,2017-08-21 08:50:00 EDT,42.22322,-75.66852,1543,63.4,62.4,63.4,92.4,61.2,0.000,0.000,0.00,0.000,3.4,4.5,0.5,106,7,4.2,5.4,0.6,106,7,3.4,4.5,0.5,106,7,398,28.57,,0,0,0,66.7,67.5,66.7,0.44,0.45,0.41
BELD,2017-08-21 08:55:00 EDT,42.22322,-75.66852,1543,64.6,62.6,64.6,92.1,62.3,0.000,0.000,0.00,0.000,3.4,4.4,0.5,100,10,4.2,5.5,0.7,101,8,3.4,4.4,0.5,100,10,395,28.57,,0,0,0,66.7,67.5,66.7,0.44,0.45,0.41
BELD,2017-08-21 09:00:00 EDT,42.22322,-75.66852,1543,65.0,62.7,65.0,91.0,62.3,0.000,0.000,0.00,0.000,3.5,4.5,0.5,101,11,4.2,5.5,0.6,101,10,3.5,4.5,0.5,101,11,392,28.57,,0,0,0,66.7,67.5,66.7,0.44,0.45,0.41
BELD,2017-08-21 09:05:00 EDT,42.22322,-75.66852,1543,65.4,63.8,65.4,90.4,62.5,0.000,0.000,0.00,0.000,3.1,4.2,0.6,101,15,3.8,5.4,0.7,102,15,3.1,4.2,0.6,101,15,436,28.57,,0,0,0,66.7,67.5,66.7,0.44,0.45,0.41
BELD,2017-08-21 09:10:00 EDT,42.22322,-75.66852,1543,66.0,65.1,66.0,89.0,62.7,0.000,0.000,0.00,0.000,2.6,4.2,0.9,109,14,3.1,5.2,1.0,110,14,2.6,4.2,0.9,109,14,453,28.57,,0,0,0,66.7,67.5,66.7,0.44,0.45,0.41
BELD,2017-08-21 09:15:00 EDT,42.22322,-75.66852,1543,66.8,65.8,66.8,88.8,63.4,0.000,0.000,0.00,0.000,4.2,5.8,0.7,122,14,4.8,7.2,0.8,122,12,4.2,5.8,0.7,122,14,467,28.57,,0,0,0,66.7,67.5,66.7,0.44,0.45,0.41
BELD,2017-08-21 09:20:00 EDT,42.22322,-75.66852,1543,67.2,66.3,67.2,86.9,63.2,0.000,0.000,0.00,0.000,3.5,6.1,1.0,126,16,4.1,7.2,1.1,126,14,3.5,6.1,1.0,126,16,479,28.57,,0,0,0,66.7,67.5,66.7,0.44,0.45,0.41
BELD,2017-08-21 09:25:00 EDT,42.22322,-75.66852,1543,67.5,66.1,67.5,86.9,63.4,0.000,0.000,0.00,0.000,3.4,5.1,0.8,110,15,4.0,6.1,0.9,110,14,3.4,5.1,0.8,110,15,499,28.57,,0,0,0,66.8,67.5,66.7,0.44,0.45,0.41
BELD,2017-08-21 09:30:00 EDT,42.22322,-75.66852,1543,68.1,67.0,68.1,85.8,63.7,0.000,0.000,0.00,0.000,2.6,4.3,0.9,121,15,3.2,5.7,0.9,123,15,2.6,4.3,0.9,121,15,497,28.57,,0,0,0,66.7,67.5,66.7,0.44,0.45,0.41
BELD,2017-08-21 09:35:00 EDT,42.22322,-75.66852,1543,68.2,67.1,68.2,85.9,63.8,0.000,0.000,0.00,0.000,3.2,4.8,0.5,117,14,3.8,5.7,0.7,117,14,3.2,4.8,0.5,117,14,467,28.57,,0,0,0,66.8,67.5,66.7,0.44,0.45,0.41
BELD,2017-08-21 09:40:00 EDT,42.22322,-75.66852,1543,68.2,67.1,68.2,86.3,63.9,0.000,0.000,0.00,0.000,3.9,6.2,0.7,112,12,4.5,7.0,0.7,113,12,3.9,6.2,0.7,112,12,346,28.57,,0,0,0,66.8,67.5,66.7,0.44,0.45,0.41
BELD,2017-08-21 09:45:00 EDT,42.22322,-75.66852,1543,68.2,67.2,68.2,86.2,63.9,0.000,0.000,0.00,0.000,3.1,4.8,0.7,116,12,3.7,5.4,0.8,117,12,3.1,4.8,0.7,116,12,333,28.58,,0,0,0,66.9,67.5,66.7,0.44,0.45,0.41
BELD,2017-08-21 09:50:00 EDT,42.22322,-75.66852,1543,68.3,67.2,68.3,86.5,64.1,0.000,0.000,0.00,0.000,3.3,4.5,0.6,107,9,3.9,5.4,0.6,108,9,3.3,4.5,0.6,107,9,279,28.58,,0,0,0,66.9,67.5,66.7,0.44,0.45,0.41
BELD,2017-08-21 09:55:00 EDT,42.22322,-75.66852,1543,68.8,67.5,68.8,86.8,64.7,0.000,0.000,0.00,0.000,2.9,4.1,0.7,105,14,3.5,5.0,0.7,107,13,2.9,4.1,0.7,105,14,514,28.58,,0,0,0,67.0,67.5,66.7,0.44,0.45,0.41
BELD,2017-08-21 10:00:00 EDT,42.22322,-75.66852,1543,69.2,67.9,69.2,84.6,64.3,0.000,0.000,0.00,0.000,3.1,4.7,1.1,117,10,3.6,5.7,1.2,119,11,3.1,4.7,1.1,117,10,475,28.58,,0,0,0,67.1,67.5,66.7,0.44,0.45,0.41
BELD,2017-08-21 10:05:00 EDT,42.22322,-75.66852,1543,69.6,68.6,69.6,84.2,64.6,0.000,0.000,0.00,0.000,1.9,3.1,0.6,106,20,2.4,4.1,0.6,109,20,1.9,3.1,0.6,106,20,432,28.58,,0,0,0,67.1,67.5,66.7,0.44,0.45,0.41
BELD,2017-08-21 10:10:00 EDT,42.22322,-75.66852,1543,69.8,68.7,69.8,83.9,64.7,0.000,0.000,0.00,0.000,1.7,3.4,0.8,113,12,2.3,4.5,0.8,114,13,1.7,3.4,0.8,113,12,348,28.58,,0,0,0,67.1,67.5,66.7,0.44,0.45,0.41
BELD,2017-08-21 10:15:00 EDT,42.22322,-75.66852,1543,70.1,69.2,70.1,84.0,65.1,0.000,0.000,0.00,0.000,1.8,4.4,1.1,115,15,2.4,5.3,1.1,114,15,1.8,4.4,1.1,115,15,435,28.58,,0,0,0,67.1,67.5,66.7,0.44,0.45,0.41
BELD,2017-08-21 10:20:00 EDT,42.22322,-75.66852,1543,70.7,69.4,70.7,83.7,65.5,0.000,0.000,0.00,0.000,2.5,3.8,0.6,107,17,2.9,4.3,0.7,107,17,2.5,3.8,0.6,107,17,427,28.58,,0,0,0,67.1,67.5,66.7,0.44,0.44,0.41
BELD,2017-08-21 10:25:00 EDT,42.22322,-75.66852,1543,71.3,70.0,71.3,82.5,65.7,0.000,0.000,0.00,0.000,2.6,4.9,1.1,110,12,3.3,5.5,1.2,110,11,2.6,4.9,1.1,110,12,537,28.57,,0,0,0,67.1,67.5,66.7,0.44,0.44,0.41
BELD,2017-08-21 10:30:00 EDT,42.22322,-75.66852,1543,71.6,70.4,71.6,82.1,65.8,0.000,0.000,0.00,0.000,3.2,5.8,1.1,112,14,3.7,6.3,1.2,114,14,3.2,5.8,1.1,112,14,503,28.57,,0,0,0,67.1,67.5,66.7,0.44,0.44,0.41
BELD,2017-08-21 10:35:00 EDT,42.22322,-75.66852,1543,71.6,70.3,71.6,81.9,65.8,0.000,0.000,0.00,0.000,2.6,4.5,1.0,110,12,3.1,5.7,1.1,111,12,2.6,4.5,1.0,110,12,491,28.57,,0,0,0,67.1,67.5,66.7,0.44,0.44,0.41
BELD,2017-08-21 10:40:00 EDT,42.22322,-75.66852,1543,72.5,70.9,72.5,81.8,66.6,0.000,0.000,0.00,0.000,2.9,4.6,0.8,107,16,3.5,5.4,0.8,107,17,2.9,4.6,0.8,107,16,678,28.58,,0,0,0,67.1,67.5,66.7,0.44,0.44,0.41
BELD,2017-08-21 10:45:00 EDT,42.22322,-75.66852,1543,73.0,71.5,73.0,79.5,66.3,0.000,0.000,0.00,0.000,3.2,5.4,0.8,117,12,3.8,6.6,0.8,118,12,3.2,5.4,0.8,117,12,659,28.57,,0,0,0,67.1,67.5,66.7,0.44,0.44,0.41
BELD,2017-08-21 10:50:00 EDT,42.22322,-75.66852,1543,73.6,72.3,73.6,79.0,66.6,0.000,0.000,0.00,0.000,2.6,4.5,0.8,118,22,3.1,5.6,0.9,117,21,2.6,4.5,0.8,118,22,626,28.57,,0,0,0,67.1,67.5,66.7,0.44,0.44,0.41
BELD,2017-08-21 10:55:00 EDT,42.22322,-75.66852,1543,74.5,73.5,74.5,76.5,66.6,0.000,0.000,0.00,0.000,2.1,5.4,1.2,118,26,2.7,6.3,1.3,113,29,2.1,5.4,1.2,118,26,749,28.57,,0,0,0,67.1,67.5,66.7,0.44,0.44,0.41
BELD,2017-08-21 11:00:00 EDT,42.22322,-75.66852,1543,75.1,74.4,75.1,69.7,64.6,0.000,0.000,0.00,0.000,4.6,11.9,2.9,191,28,5.5,12.9,3.1,195,32,4.6,11.9,2.9,191,28,752,28.57,,0,0,0,67.1,67.5,66.7,0.44,0.44,0.41
BELD,2017-08-21 11:05:00 EDT,42.22322,-75.66852,1543,75.9,75.1,75.9,70.4,65.6,0.000,0.000,0.00,0.000,4.0,7.9,2.1,196,22,4.6,9.1,2.0,195,24,4.0,7.9,2.1,196,22,776,28.57,,0,0,0,67.1,67.4,66.7,0.44,0.44,0.41
BELD,2017-08-21 11:10:00 EDT,42.22322,-75.66852,1543,75.6,74.9,75.6,66.8,63.7,0.000,0.000,0.00,0.000,7.1,12.3,2.4,204,24,7.7,12.7,2.4,204,22,7.1,12.3,2.4,204,24,849,28.56,,0,0,0,67.3,67.4,66.7,0.44,0.44,0.41
BELD,2017-08-21 11:15:00 EDT,42.22322,-75.66852,1543,75.8,75.1,75.8,68.5,64.7,0.000,0.000,0.00,0.000,4.2,9.6,2.2,209,35,4.9,10.5,2.0,207,32,4.2,9.6,2.2,209,35,704,28.56,,0,0,0,67.5,67.5,66.7,0.44,0.44,0.41
BELD,2017-08-21 11:20:00 EDT,42.22322,-75.66852,1543,76.5,75.8,76.5,67.8,65.1,0.000,0.000,0.00,0.000,3.5,10.6,3.0,198,24,4.2,12.1,3.1,200,26,3.5,10.6,3.0,198,24,628,28.56,,0,0,0,67.5,67.4,66.7,0.44,0.44,0.41
BELD,2017-08-21 11:25:00 EDT,42.22322,-75.66852,1543,76.3,75.5,76.3,67.5,64.8,0.000,0.000,0.00,0.000,5.0,12.7,2.8,151,24,5.9,13.8,2.8,153,31,5.0,12.7,2.8,151,24,775,28.55,,0,0,0,67.5,67.4,66.7,0.44,0.44,0.41
BELD,2017-08-21 11:30:00 EDT,42.22322,-75.66852,1543,76.1,75.2,76.1,67.1,64.4,0.000,0.000,0.00,0.000,5.4,10.4,1.6,168,15,6.1,12.4,1.8,170,16,5.4,10.4,1.6,168,15,764,28.55,,0,0,0,67.5,67.4,66.7,0.44,0.44,0.41
BELD,2017-08-21 11:35:00 EDT,42.22322,-75.66852,1543,76.1,75.3,76.1,65.9,63.9,0.000,0.000,0.00,0.000,5.4,10.0,1.9,168,17,6.0,10.4,2.1,170,17,5.4,10.0,1.9,168,17,683,28.55,,0,0,0,67.5,67.4,66.7,0.44,0.44,0.41
BELD,2017-08-21 11:40:00 EDT,42.22322,-75.66852,1543,76.1,75.3,76.1,67.1,64.4,0.000,0.000,0.00,0.000,4.5,9.9,2.4,214,29,5.0,10.1,2.4,216,28,4.5,9.9,2.4,214,29,672,28.55,,0,0,0,67.5,67.4,66.7,0.44,0.44,0.41
BELD,2017-08-21 11:45:00 EDT,42.22322,-75.66852,1543,76.3,75.6,76.3,67.0,64.6,0.000,0.000,0.00,0.000,4.1,6.9,1.4,172,24,4.7,8.3,1.7,174,23,4.1,6.9,1.4,172,24,584,28.55,,0,0,0,67.6,67.4,66.7,0.44,0.44,0.41
BELD,2017-08-21 11:50:00 EDT,42.22322,-75.66852,1543,76.9,76.2,76.9,66.6,65.0,0.000,0.000,0.00,0.000,4.9,9.3,2.0,176,20,5.8,10.0,2.1,178,21,4.9,9.3,2.0,176,20,790,28.55,,0,0,0,67.8,67.4,66.7,0.44,0.44,0.41
BELD,2017-08-21 11:55:00 EDT,42.22322,-75.66852,1543,76.3,75.7,76.3,66.2,64.2,0.000,0.000,0.00,0.000,5.0,10.1,1.4,178,26,5.7,10.8,1.7,179,26,5.0,10.1,1.4,178,26,502,28.55,,0,0,0,67.8,67.3,66.7,0.44,0.44,0.41
BELD,2017-08-21 12:00:00 EDT,42.22322,-75.66852,1543,76.1,75.5,76.1,67.0,64.3,0.000,0.000,0.00,0.000,5.0,10.4,1.7,181,21,5.6,10.3,2.0,184,21,5.0,10.4,1.7,181,21,706,28.55,,0,0,0,67.8,67.4,66.7,0.44,0.43,0.41
BELD,2017-08-21 12:05:00 EDT,42.22322,-75.66852,1543,76.2,75.8,76.2,65.6,63.8,0.000,0.000,0.00,0.000,3.5,7.0,1.4,223,22,4.0,7.6,1.5,222,23,3.5,7.0,1.4,223,22,342,28.55,,0,0,0,67.8,67.4,66.7,0.44,0.43,0.41
BELD,2017-08-21 12:10:00 EDT,42.22322,-75.66852,1543,76.7,76.0,76.7,66.1,64.5,0.000,0.000,0.00,0.000,2.4,4.9,1.2,235,33,2.9,5.4,1.3,235,32,2.4,4.9,1.2,235,33,647,28.55,,0,0,0,67.8,67.4,66.7,0.44,0.43,0.41
BELD,2017-08-21 12:15:00 EDT,42.22322,-75.66852,1543,77.4,76.6,77.4,66.8,65.5,0.000,0.000,0.00,0.000,3.8,6.0,0.9,176,38,4.4,6.7,1.1,178,39,3.8,6.0,0.9,176,38,471,28.55,,0,0,0,67.8,67.4,66.7,0.44,0.43,0.41
BELD,2017-08-21 12:20:00 EDT,42.22322,-75.66852,1543,76.8,76.3,76.8,66.3,64.7,0.000,0.000,0.00,0.000,3.6,7.3,1.5,203,19,4.0,7.6,1.7,204,18,3.6,7.3,1.5,203,19,492,28.55,,0,0,0,67.8,67.4,66.7,0.44,0.42,0.41
BELD,2017-08-21 12:25:00 EDT,42.22322,-75.66852,1543,76.8,76.4,76.8,64.8,64.1,0.000,0.000,0.00,0.000,5.0,11.0,2.2,218,23,5.4,12.4,2.3,219,23,5.0,11.0,2.2,218,23,646,28.55,,0,0,0,67.9,67.4,66.7,0.44,0.42,0.41
BELD,2017-08-21 12:30:00 EDT,42.22322,-75.66852,1543,77.2,76.7,77.2,63.3,63.8,0.000,0.000,0.00,0.000,4.3,8.1,2.3,216,31,4.9,9.3,2.4,220,32,4.3,8.1,2.3,216,31,496,28.55,,0,0,0,68.2,67.4,66.7,0.44,0.42,0.41
BELD,2017-08-21 12:35:00 EDT,42.22322,-75.66852,1543,77.0,76.6,77.0,62.8,63.4,0.000,0.000,0.00,0.000,4.9,8.7,1.6,230,19,5.4,8.8,1.6,232,21,4.9,8.7,1.6,230,19,454,28.55,,0,0,0,68.2,67.4,66.7,0.44,0.42,0.41
BELD,2017-08-21 12:40:00 EDT,42.22322,-75.66852,1543,76.9,76.4,76.9,64.4,63.9,0.000,0.000,0.00,0.000,3.4,7.5,1.6,207,33,3.9,7.9,1.6,208,33,3.4,7.5,1.6,207,33,424,28.55,,0,0,0,68.2,67.4,66.7,0.44,0.42,0.41
BELD,2017-08-21 12:45:00 EDT,42.22322,-75.66852,1543,76.8,76.5,76.8,64.8,64.1,0.000,0.000,0.00,0.000,3.1,6.5,1.5,183,34,3.8,8.4,1.7,186,34,3.1,6.5,1.5,183,34,404,28.55,,0,0,0,68.2,67.4,66.7,0.44,0.42,0.41
BELD,2017-08-21 12:50:00 EDT,42.22322,-75.66852,1543,77.1,76.6,77.1,66.5,65.0,0.000,0.000,0.00,0.000,2.9,4.7,1.1,170,32,3.5,6.1,1.3,167,32,2.9,4.7,1.1,170,32,412,28.54,,0,0,0,68.2,67.4,66.7,0.44,0.42,0.41
BELD,2017-08-21 12:55:00 EDT,42.22322,-75.66852,1543,77.0,76.5,77.0,65.0,64.3,0.000,0.000,0.00,0.000,5.0,10.9,3.1,209,27,5.6,11.8,2.8,212,31,5.0,10.9,3.1,209,27,501,28.54,,0,0,0,68.5,67.4,66.7,0.44,0.42,0.41
BELD,2017-08-21 13:00:00 EDT,42.22322,-75.66852,1543,76.8,76.3,76.8,64.7,64.0,0.000,0.000,0.00,0.000,5.9,10.7,2.4,222,20,6.3,11.2,2.3,225,18,5.9,10.7,2.4,222,20,645,28.54,,0,0,0,68.5,67.4,66.7,0.44,0.42,0.41
BELD,2017-08-21 13:05:00 EDT,42.22322,-75.66852,1543,76.6,76.3,76.6,65.0,64.0,0.000,0.000,0.00,0.000,4.9,8.9,1.8,227,25,5.4,10.0,2.0,229,27,4.9,8.9,1.8,227,25,386,28.54,,0,0,0,68.5,67.5,66.7,0.44,0.42,0.41
BELD,2017-08-21 13:10:00 EDT,42.22322,-75.66852,1543,76.5,76.2,76.5,64.1,63.5,0.000,0.000,0.00,0.000,3.2,6.8,1.5,240,15,3.6,7.2,1.6,245,16,3.2,6.8,1.5,240,15,520,28.54,,0,0,0,68.5,67.5,66.7,0.44,0.41,0.41
BELD,2017-08-21 13:15:00 EDT,42.22322,-75.66852,1543,76.8,76.4,76.8,64.5,64.0,0.000,0.000,0.00,0.000,5.0,8.6,1.8,236,19,5.2,8.9,1.6,241,19,5.0,8.6,1.8,236,19,458,28.54,,0,0,0,68.5,67.4,66.7,0.44,0.41,0.41
BELD,2017-08-21 13:20:00 EDT,42.22322,-75.66852,1543,76.9,76.4,76.9,64.7,64.2,0.000,0.000,0.00,0.000,4.3,7.7,1.3,216,24,4.7,7.8,1.2,216,23,4.3,7.7,1.3,216,24,597,28.54,,0,0,0,68.5,67.5,66.7,0.43,0.41,0.41
BELD,2017-08-21 13:25:00 EDT,42.22322,-75.66852,1543,77.7,77.1,77.7,66.1,65.5,0.000,0.000,0.00,0.000,3.1,8.8,2.5,176,13,3.9,9.4,2.5,177,14,3.1,8.8,2.5,176,13,549,28.54,,0,0,0,68.5,67.5,66.7,0.43,0.41,0.41
BELD,2017-08-21 13:30:00 EDT,42.22322,-75.66852,1543,77.8,77.2,77.8,63.7,64.5,0.000,0.000,0.00,0.000,3.6,8.6,2.1,182,21,4.2,9.9,2.2,184,21,3.6,8.6,2.1,182,21,606,28.54,,0,0,0,68.5,67.5,66.7,0.43,0.41,0.41
BELD,2017-08-21 13:35:00 EDT,42.22322,-75.66852,1543,78.1,77.5,78.1,63.5,64.7,0.000,0.000,0.00,0.000,4.0,9.2,2.2,209,31,4.8,11.2,2.4,208,31,4.0,9.2,2.2,209,31,425,28.53,,0,0,0,68.5,67.5,66.7,0.43,0.41,0.41
BELD,2017-08-21 13:40:00 EDT,42.22322,-75.66852,1543,77.1,76.9,77.1,62.3,63.2,0.000,0.000,0.00,0.000,5.0,8.6,1.7,210,18,5.4,9.9,1.9,211,19,5.0,8.6,1.7,210,18,263,28.53,,0,0,0,68.7,67.5,66.7,0.43,0.41,0.41
BELD,2017-08-21 13:45:00 EDT,42.22322,-75.66852,1543,76.8,76.7,76.8,62.4,63.0,0.000,0.000,0.00,0.000,3.9,7.7,1.7,219,21,4.2,7.9,1.5,223,22,3.9,7.7,1.7,219,21,309,28.54,,0,0,0,68.9,67.5,66.7,0.43,0.41,0.41
BELD,2017-08-21 13:50:00 EDT,42.22322,-75.66852,1543,76.9,76.7,76.9,65.3,64.3,0.000,0.000,0.00,0.000,3.1,5.5,1.0,172,25,3.7,6.1,1.0,174,23,3.1,5.5,1.0,172,25,258,28.53,,0,0,0,68.9,67.5,66.7,0.43,0.41,0.41
BELD,2017-08-21 13:55:00 EDT,42.22322,-75.66852,1543,76.9,76.7,76.9,66.0,64.7,0.000,0.000,0.00,0.000,2.1,4.8,1.3,163,23,2.7,5.4,1.2,165,22,2.1,4.8,1.3,163,23,229,28.53,,0,0,0,68.9,67.5,66.7,0.43,0.41,0.41
BELD,2017-08-21 14:00:00 EDT,42.22322,-75.66852,1543,76.9,76.7,76.9,64.3,63.9,0.000,0.000,0.00,0.000,2.0,5.4,1.2,211,26,2.6,6.2,1.3,216,26,2.0,5.4,1.2,211,26,171,28.53,,0,0,0,68.9,67.5,66.7,0.43,0.41,0.41
BELD,2017-08-21 14:05:00 EDT,42.22322,-75.66852,1543,76.6,76.4,76.6,66.5,64.6,0.000,0.000,0.00,0.000,1.7,3.8,0.8,202,31,2.2,4.9,1.0,201,30,1.7,3.8,0.8,202,31,166,28.53,,0,0,0,68.9,67.5,66.7,0.43,0.41,0.41
BELD,2017-08-21 14:10:00 EDT,42.22322,-75.66852,1543,76.7,76.5,76.7,66.2,64.5,0.000,0.000,0.00,0.000,0.9,2.3,0.6,171,18,1.5,3.3,0.6,175,18,0.9,2.3,0.6,171,18,219,28.53,,0,0,0,68.9,67.5,66.7,0.43,0.41,0.41
BELD,2017-08-21 14:15:00 EDT,42.22322,-75.66852,1543,77.1,76.6,77.1,66.0,64.9,0.000,0.000,0.00,0.000,1.4,3.1,0.7,153,26,1.8,3.5,0.7,154,27,1.4,3.1,0.7,153,26,398,28.52,,0,0,0,68.9,67.5,66.7,0.43,0.41,0.41
BELD,2017-08-21 14:20:00 EDT,42.22322,-75.66852,1543,77.3,76.8,77.3,65.5,64.8,0.000,0.000,0.00,0.000,2.4,6.4,1.7,228,21,2.8,7.2,1.7,230,23,2.4,6.4,1.7,228,21,343,28.53,,0,0,0,69.0,67.5,66.7,0.43,0.41,0.41
BELD,2017-08-21 14:25:00 EDT,42.22322,-75.66852,1543,77.2,77.0,77.2,65.0,64.5,0.000,0.000,0.00,0.000,4.9,7.0,1.1,232,26,5.3,7.6,1.2,236,26,4.9,7.0,1.1,232,26,256,28.52,,0,0,0,69.2,67.5,66.7,0.43,0.41,0.41
BELD,2017-08-21 14:30:00 EDT,42.22322,-75.66852,1543,76.9,76.8,76.9,66.5,64.9,0.000,0.000,0.00,0.000,3.7,5.8,1.0,232,14,3.9,6.4,1.2,233,12,3.7,5.8,1.0,232,14,271,28.52,,0,0,0,69.3,67.5,66.7,0.43,0.41,0.41
BELD,2017-08-21 14:35:00 EDT,42.22322,-75.66852,1543,76.6,76.6,76.6,70.5,66.3,0.000,0.000,0.00,0.000,2.5,5.0,1.3,195,34,3.2,7.4,1.4,195,38,2.5,5.0,1.3,195,34,89,28.52,,0,0,0,69.3,67.5,66.7,0.43,0.41,0.41
BELD,2017-08-21 14:40:00 EDT,42.22322,-75.66852,1543,76.1,76.1,76.1,71.7,66.3,0.000,0.000,0.00,0.000,3.7,5.8,0.9,184,21,4.3,6.5,1.0,185,21,3.7,5.8,0.9,184,21,102,28.52,,0,0,0,69.3,67.5,66.7,0.43,0.41,0.41
BELD,2017-08-21 14:45:00 EDT,42.22322,-75.66852,1543,75.7,75.7,75.7,73.0,66.5,0.000,0.000,0.00,0.000,3.3,5.5,0.8,171,15,3.9,5.6,0.9,173,16,3.3,5.5,0.8,171,15,118,28.52,,0,0,0,69.3,67.5,66.7,0.43,0.41,0.41
BELD,2017-08-21 14:50:00 EDT,42.22322,-75.66852,1543,75.6,75.6,75.6,75.0,67.1,0.000,0.000,0.00,0.000,2.7,3.7,0.5,168,14,3.2,4.8,0.5,170,14,2.7,3.7,0.5,168,14,195,28.52,,0,0,0,69.3,67.5,66.7,0.43,0.41,0.41
BELD,2017-08-21 14:55:00 EDT,42.22322,-75.66852,1543,75.6,75.6,75.6,75.4,67.3,0.000,0.000,0.00,0.000,3.0,4.2,0.7,158,14,3.4,5.2,0.8,157,14,3.0,4.2,0.7,158,14,176,28.52,,0,0,0,69.3,67.5,66.7,0.43,0.41,0.41
BELD,2017-08-21 15:00:00 EDT,42.22322,-75.66852,1543,76.0,75.8,76.0,74.8,67.5,0.000,0.000,0.00,0.000,2.6,4.1,0.7,138,15,2.9,4.6,0.9,138,13,2.6,4.1,0.7,138,15,288,28.51,,0,0,0,69.3,67.5,66.7,0.43,0.41,0.41
BELD,2017-08-21 15:05:00 EDT,42.22322,-75.66852,1543,76.4,75.9,76.4,75.9,68.2,0.000,0.000,0.00,0.000,2.2,3.9,0.8,133,18,2.6,5.0,1.0,133,17,2.2,3.9,0.8,133,18,310,28.51,,0,0,0,69.3,67.5,66.7,0.43,0.41,0.41
BELD,2017-08-21 15:10:00 EDT,42.22322,-75.66852,1543,76.7,76.2,76.7,75.2,68.2,0.000,0.000,0.00,0.000,2.1,4.2,1.1,194,35,2.5,4.9,1.0,192,39,2.1,4.2,1.1,194,35,337,28.52,,0,0,0,69.3,67.5,66.7,0.43,0.41,0.41
BELD,2017-08-21 15:15:00 EDT,42.22322,-75.66852,1543,76.9,76.6,76.9,72.6,67.5,0.000,0.000,0.00,0.000,3.8,8.3,1.7,172,26,4.5,9.7,1.8,174,26,3.8,8.3,1.7,172,26,377,28.51,,0,0,0,69.3,67.5,66.7,0.43,0.41,0.41
BELD,2017-08-21 15:20:00 EDT,42.22322,-75.66852,1543,77.0,76.6,77.0,71.4,67.0,0.000,0.000,0.00,0.000,3.6,6.1,1.2,193,22,4.3,7.0,1.3,194,22,3.6,6.1,1.2,193,22,419,28.51,,0,0,0,69.3,67.5,66.7,0.43,0.41,0.41
BELD,2017-08-21 15:25:00 EDT,42.22322,-75.66852,1543,77.5,77.1,77.5,70.8,67.3,0.000,0.000,0.00,0.000,1.9,5.0,1.3,183,24,2.6,7.3,1.4,186,29,1.9,5.0,1.3,183,24,458,28.51,,0,0,0,69.5,67.6,66.7,0.43,0.41,0.41
BELD,2017-08-21 15:30:00 EDT,42.22322,-75.66852,1543,77.5,77.1,77.5,70.0,66.9,0.000,0.000,0.00,0.000,4.2,6.5,1.2,185,23,5.0,7.4,1.4,188,22,4.2,6.5,1.2,185,23,495,28.51,,0,0,0,69.6,67.6,66.7,0.43,0.40,0.41
BELD,2017-08-21 15:35:00 EDT,42.22322,-75.66852,1543,77.6,77.2,77.6,69.7,66.9,0.000,0.000,0.00,0.000,4.7,7.6,1.3,169,17,5.6,9.2,1.6,171,17,4.7,7.6,1.3,169,17,526,28.51,,0,0,0,69.6,67.7,66.7,0.43,0.40,0.41
BELD,2017-08-21 15:40:00 EDT,42.22322,-75.66852,1543,78.1,77.5,78.1,69.3,67.2,0.000,0.000,0.00,0.000,4.9,10.5,1.7,185,24,5.6,11.2,2.0,187,26,4.9,10.5,1.7,185,24,554,28.51,,0,0,0,69.6,67.7,66.7,0.43,0.40,0.41
BELD,2017-08-21 15:45:00 EDT,42.22322,-75.66852,1543,78.2,77.8,78.2,66.8,66.3,0.000,0.000,0.00,0.000,5.7,10.2,2.1,179,26,6.6,12.4,2.4,182,25,5.7,10.2,2.1,179,26,578,28.51,,0,0,0,69.6,67.8,66.7,0.43,0.40,0.41
BELD,2017-08-21 15:50:00 EDT,42.22322,-75.66852,1543,78.6,78.0,78.6,66.9,66.7,0.000,0.000,0.00,0.000,3.8,8.6,1.9,203,33,4.5,9.1,1.9,205,31,3.8,8.6,1.9,203,33,590,28.50,,0,0,0,69.6,67.8,66.7,0.43,0.40,0.41
BELD,2017-08-21 15:55:00 EDT,42.22322,-75.66852,1543,79.0,78.4,79.0,67.3,67.2,0.000,0.000,0.00,0.000,4.7,7.7,1.8,167,16,5.4,8.9,1.9,169,17,4.7,7.7,1.8,167,16,597,28.50,,0,0,0,69.6,67.8,66.7,0.43,0.40,0.41
BELD,2017-08-21 16:00:00 EDT,42.22322,-75.66852,1543,79.4,78.8,79.4,66.9,67.4,0.000,0.000,0.00,0.000,5.1,12.2,2.7,163,19,5.8,12.3,2.8,165,18,5.1,12.2,2.7,163,19,594,28.50,,0,0,0,69.6,67.8,66.7,0.43,0.40,0.41
BELD,2017-08-21 16:05:00 EDT,42.22322,-75.66852,1543,78.8,78.3,78.8,66.1,66.5,0.000,0.000,0.00,0.000,6.8,9.3,1.2,179,21,7.6,11.9,1.3,181,20,6.8,9.3,1.2,179,21,582,28.50,,0,0,0,69.6,67.8,66.7,0.43,0.40,0.41
BELD,2017-08-21 16:10:00 EDT,42.22322,-75.66852,1543,78.7,78.2,78.7,66.1,66.5,0.000,0.000,0.00,0.000,6.9,10.7,1.9,164,20,7.6,12.9,2.3,167,20,6.9,10.7,1.9,164,20,563,28.50,,0,0,0,69.6,67.8,66.7,0.42,0.40,0.41
BELD,2017-08-21 16:15:00 EDT,42.22322,-75.66852,1543,79.1,78.5,79.1,66.7,67.0,0.000,0.000,0.00,0.000,4.3,8.0,1.5,170,21,5.1,10.2,1.8,173,23,4.3,8.0,1.5,170,21,562,28.50,,0,0,0,69.6,67.8,66.7,0.42,0.40,0.41
BELD,2017-08-21 16:20:00 EDT,42.22322,-75.66852,1543,79.1,78.6,79.1,66.5,67.0,0.000,0.000,0.00,0.000,4.4,8.9,1.7,152,23,5.1,10.7,2.0,157,21,4.4,8.9,1.7,152,23,551,28.50,,0,0,0,69.6,67.8,66.7,0.42,0.40,0.41
BELD,2017-08-21 16:25:00 EDT,42.22322,-75.66852,1543,79.5,78.8,79.5,66.3,67.2,0.000,0.000,0.00,0.000,5.1,11.5,2.5,168,24,5.8,13.3,2.8,167,24,5.1,11.5,2.5,168,24,539,28.50,,0,0,0,69.7,67.8,66.7,0.42,0.40,0.41
BELD,2017-08-21 16:30:00 EDT,42.22322,-75.66852,1543,78.9,78.5,78.9,65.4,66.3,0.000,0.000,0.00,0.000,5.7,9.1,1.2,207,18,6.2,9.9,1.4,210,18,5.7,9.1,1.2,207,18,526,28.49,,0,0,0,69.8,67.8,66.7,0.42,0.40,0.41
BELD,2017-08-21 16:35:00 EDT,42.22322,-75.66852,1543,79.4,78.9,79.4,67.5,67.7,0.000,0.000,0.00,0.000,4.1,9.4,1.9,161,33,4.8,10.4,2.2,166,32,4.1,9.4,1.9,161,33,512,28.49,,0,0,0,70.0,67.8,66.7,0.42,0.40,0.41
BELD,2017-08-21 16:40:00 EDT,42.22322,-75.66852,1543,79.5,79.0,79.5,67.3,67.7,0.000,0.000,0.00,0.000,4.8,10.2,2.1,185,20,5.4,10.6,2.2,185,19,4.8,10.2,2.1,185,20,502,28.49,,0,0,0,70.0,67.8,66.7,0.42,0.40,0.41
BELD,2017-08-21 16:45:00 EDT,42.22322,-75.66852,1543,79.8,79.3,79.8,67.4,68.0,0.000,0.000,0.00,0.000,4.4,11.4,2.4,161,23,5.2,11.7,2.7,162,22,4.4,11.4,2.4,161,23,474,28.49,,0,0,0,70.0,67.8,66.7,0.42,0.40,0.41
BELD,2017-08-21 16:50:00 EDT,42.22322,-75.66852,1543,79.5,79.1,79.5,67.9,68.0,0.000,0.000,0.00,0.000,5.9,9.1,1.5,156,19,6.8,10.9,1.7,156,19,5.9,9.1,1.5,156,19,481,28.49,,0,0,0,70.0,67.8,66.7,0.42,0.40,0.41
BELD,2017-08-21 16:55:00 EDT,42.22322,-75.66852,1543,79.7,79.2,79.7,67.8,68.1,0.000,0.000,0.00,0.000,4.5,8.4,1.7,165,17,5.3,9.8,1.8,165,16,4.5,8.4,1.7,165,17,486,28.50,,0,0,0,70.0,67.8,66.7,0.42,0.40,0.41
BELD,2017-08-21 17:00:00 EDT,42.22322,-75.66852,1543,79.4,79.1,79.4,67.6,67.7,0.000,0.000,0.00,0.000,4.9,7.5,1.2,227,32,5.6,9.0,1.4,231,32,4.9,7.5,1.2,227,32,330,28.50,,0,0,0,70.0,67.8,66.7,0.42,0.40,0.41
BELD,2017-08-21 17:05:00 EDT,42.22322,-75.66852,1543,79.3,79.1,79.3,68.4,68.0,0.000,0.000,0.00,0.000,4.1,9.0,1.6,173,19,4.8,9.6,1.5,174,18,4.1,9.0,1.6,173,19,363,28.49,,0,0,0,70.0,67.8,66.7,0.42,0.40,0.41
BELD,2017-08-21 17:10:00 EDT,42.22322,-75.66852,1543,78.6,78.7,78.6,69.3,67.7,0.000,0.000,0.00,0.000,4.4,7.9,1.5,189,43,5.1,9.5,1.7,192,42,4.4,7.9,1.5,189,43,77,28.49,,0,0,0,70.0,67.8,66.7,0.42,0.40,0.41
BELD,2017-08-21 17:15:00 EDT,42.22322,-75.66852,1543,78.3,78.3,78.3,69.8,67.6,0.000,0.000,0.00,0.000,3.1,7.5,1.9,228,23,3.6,8.7,2.0,231,25,3.1,7.5,1.9,228,23,96,28.49,,0,0,0,70.0,67.8,66.7,0.42,0.40,0.42
BELD,2017-08-21 17:20:00 EDT,42.22322,-75.66852,1543,78.2,78.2,78.2,69.4,67.4,0.000,0.000,0.00,0.000,3.8,6.5,1.1,186,25,4.3,7.9,1.4,189,25,3.8,6.5,1.1,186,25,60,28.49,,0,0,0,70.0,67.8,66.7,0.42,0.40,0.41
BELD,2017-08-21 17:25:00 EDT,42.22322,-75.66852,1543,77.5,77.7,77.5,71.8,67.7,0.000,0.000,0.00,0.000,3.9,6.0,0.9,172,13,4.7,7.9,1.0,173,13,3.9,6.0,0.9,172,13,47,28.49,,0,0,0,70.0,67.8,66.7,0.42,0.40,0.41
BELD,2017-08-21 17:30:00 EDT,42.22322,-75.66852,1543,77.0,77.2,77.0,74.0,68.1,0.000,0.000,0.00,0.000,2.8,4.3,0.6,172,14,3.4,4.7,0.7,174,15,2.8,4.3,0.6,172,14,48,28.49,,0,0,0,70.0,67.8,66.7,0.42,0.40,0.41
BELD,2017-08-21 17:35:00 EDT,42.22322,-75.66852,1543,76.7,76.9,76.7,75.3,68.3,0.000,0.000,0.00,0.000,3.1,4.8,0.9,165,14,3.5,5.7,1.1,165,14,3.1,4.8,0.9,165,14,41,28.49,,0,0,0,70.0,67.8,66.7,0.42,0.40,0.41
BELD,2017-08-21 17:40:00 EDT,42.22322,-75.66852,1543,76.3,76.5,76.3,76.3,68.3,0.000,0.000,0.00,0.000,1.1,3.4,1.0,166,28,1.6,4.2,1.0,163,30,1.1,3.4,1.0,166,28,38,28.49,,0,0,0,70.0,67.8,66.7,0.42,0.40,0.41
BELD,2017-08-21 17:45:00 EDT,42.22322,-75.66852,1543,76.1,76.3,76.1,76.9,68.4,0.000,0.000,0.00,0.000,0.6,1.7,0.6,173,22,1.2,2.6,0.7,166,37,0.6,1.7,0.6,173,22,50,28.49,,0,0,0,70.0,67.8,66.7,0.42,0.40,0.41
BELD,2017-08-21 17:50:00 EDT,42.22322,-75.66852,1543,76.1,76.3,76.1,77.7,68.6,0.000,0.000,0.00,0.000,0.2,1.9,0.4,170,18,0.8,2.7,0.7,133,31,0.2,1.9,0.4,170,18,58,28.49,,0,0,0,70.1,67.8,66.7,0.42,0.40,0.41
BELD,2017-08-21 17:55:00 EDT,42.22322,-75.66852,1543,75.8,76.1,75.8,78.8,68.7,0.000,0.000,0.00,0.000,1.6,2.7,0.6,163,24,2.1,3.2,0.6,166,26,1.6,2.7,0.6,163,24,71,28.49,,0,0,0,70.2,67.8,66.7,0.42,0.40,0.41
BELD,2017-08-21 18:00:00 EDT,42.22322,-75.66852,1543,75.3,76.1,75.3,80.9,69.0,0.000,0.000,0.00,0.000,1.5,3.5,0.9,167,16,1.8,5.0,1.1,170,16,1.5,3.5,0.9,167,16,72,28.48,,0,0,0,70.3,67.8,66.7,0.42,0.39,0.41
BELD,2017-08-21 18:05:00 EDT,42.22322,-75.66852,1543,76.3,76.4,76.3,78.2,69.0,0.000,0.000,0.00,0.000,1.2,2.8,0.7,144,24,1.6,3.8,0.7,139,24,1.2,2.8,0.7,144,24,59,28.49,,0,0,0,70.3,67.9,66.7,0.42,0.39,0.41
BELD,2017-08-21 18:10:00 EDT,42.22322,-75.66852,1543,75.6,76.1,75.6,80.5,69.1,0.000,0.000,0.00,0.000,0.5,1.2,0.4,171,18,1.1,2.0,0.6,165,25,0.5,1.2,0.4,171,18,46,28.49,,0,0,0,70.3,68.0,66.7,0.42,0.39,0.42
BELD,2017-08-21 18:15:00 EDT,42.22322,-75.66852,1543,75.5,76.1,75.5,80.6,69.1,0.000,0.000,0.00,0.000,2.0,3.4,0.7,151,19,2.4,3.7,0.7,150,19,2.0,3.4,0.7,151,19,24,28.48,,0,0,0,70.3,68.1,66.7,0.42,0.39,0.41
BELD,2017-08-21 18:20:00 EDT,42.22322,-75.66852,1543,75.4,75.9,75.4,80.7,69.0,0.033,0.033,0.98,0.033,1.6,3.8,0.7,174,35,1.9,3.7,0.7,175,35,1.6,3.8,0.7,174,35,12,28.48,,0,0,0,70.3,68.1,66.7,0.42,0.39,0.41
BELD,2017-08-21 18:25:00 EDT,42.22322,-75.66852,1543,74.1,75.3,74.1,84.5,69.2,0.018,0.051,0.47,0.051,1.9,5.1,1.6,269,17,2.5,6.1,1.6,273,22,1.9,5.1,1.6,269,17,10,28.48,,0,0,0,70.3,68.1,66.7,0.42,0.39,0.41
BELD,2017-08-21 18:30:00 EDT,42.22322,-75.66852,1543,74.0,74.5,74.0,86.6,69.7,0.003,0.054,0.00,0.054,4.6,8.8,1.9,270,22,5.2,9.8,2.3,275,20,4.6,8.8,1.9,270,22,8,28.49,,0,0,0,70.3,68.1,66.7,0.42,0.39,0.41
BELD,2017-08-21 18:35:00 EDT,42.22322,-75.66852,1543,72.2,72.4,72.2,90.0,69.1,0.011,0.064,0.00,0.064,8.5,18.2,2.4,290,18,9.4,17.5,2.7,294,16,8.5,18.2,2.4,290,18,5,28.51,,0,0,0,70.3,68.2,66.7,0.42,0.39,0.42
BELD,2017-08-21 18:40:00 EDT,42.22322,-75.66852,1543,69.1,69.0,69.1,91.0,66.4,0.091,0.155,1.65,0.155,11.9,19.5,3.1,285,19,13.1,20.6,3.4,287,17,11.9,19.5,3.1,285,19,2,28.52,,0,0,0,70.3,68.2,66.7,0.42,0.40,0.41
BELD,2017-08-21 18:45:00 EDT,42.22322,-75.66852,1543,67.0,67.1,67.0,93.3,65.0,0.333,0.488,5.36,0.488,16.6,27.3,4.4,288,17,17.5,28.4,4.6,292,16,16.6,27.3,4.4,288,17,7,28.52,,0,0,0,70.3,68.2,66.7,0.46,0.45,0.41
BELD,2017-08-21 18:50:00 EDT,42.22322,-75.66852,1543,66.8,66.9,66.8,94.9,65.3,0.118,0.605,2.33,0.605,7.7,15.6,1.9,314,16,7.9,15.8,2.2,317,14,7.7,15.6,1.9,314,16,17,28.51,,0,0,0,70.3,68.2,66.7,0.46,0.45,0.41
BELD,2017-08-21 18:55:00 EDT,42.22322,-75.66852,1543,67.0,67.4,67.0,93.6,65.1,0.012,0.617,0.63,0.617,9.3,11.7,1.1,315,11,8.6,10.9,0.9,316,8,9.3,11.7,1.1,315,11,26,28.50,,0,0,0,70.3,68.2,66.7,0.46,0.45,0.41
BELD,2017-08-21 19:00:00 EDT,42.22322,-75.66852,1543,67.0,67.2,67.0,94.2,65.3,0.015,0.633,0.00,0.633,6.3,8.2,0.9,287,10,6.9,9.3,0.9,290,10,6.3,8.2,0.9,287,10,41,28.50,,0,0,0,70.3,68.2,66.7,0.46,0.45,0.41
BELD,2017-08-21 19:05:00 EDT,42.22322,-75.66852,1543,66.9,68.3,66.9,95.6,65.6,0.005,0.637,0.00,0.637,5.1,7.6,1.0,294,6,5.3,7.4,0.7,298,8,5.1,7.6,1.0,294,6,70,28.49,,0,0,0,70.3,68.2,66.7,0.46,0.45,0.41
BELD,2017-08-21 19:10:00 EDT,42.22322,-75.66852,1543,66.5,67.2,66.5,97.1,65.7,0.000,0.637,0.00,0.637,4.7,5.6,0.4,281,7,5.5,6.8,0.5,285,6,4.7,5.6,0.4,281,7,103,28.49,,0,0,0,70.3,68.2,66.7,0.46,0.45,0.41
BELD,2017-08-21 19:15:00 EDT,42.22322,-75.66852,1543,66.8,67.2,66.8,97.9,66.2,0.000,0.637,0.00,0.637,4.7,5.8,0.5,269,5,5.6,7.2,0.6,273,6,4.7,5.8,0.5,269,5,96,28.49,,0,0,0,70.3,68.3,66.7,0.46,0.45,0.41
BELD,2017-08-21 19:20:00 EDT,42.22322,-75.66852,1543,67.1,67.3,67.1,98.3,66.5,0.000,0.637,0.00,0.604,3.5,4.3,0.3,273,6,4.2,5.6,0.5,277,6,3.5,4.3,0.3,273,6,81,28.49,,0,0,0,70.3,68.5,66.7,0.46,0.45,0.41
BELD,2017-08-21 19:25:00 EDT,42.22322,-75.66852,1543,67.1,67.3,67.1,98.4,66.6,0.000,0.637,0.00,0.587,3.2,3.9,0.2,273,6,3.7,4.8,0.4,278,6,3.2,3.9,0.2,273,6,73,28.49,,0,0,0,70.3,68.5,66.7,0.46,0.45,0.41
BELD,2017-08-21 19:30:00 EDT,42.22322,-75.66852,1543,67.1,67.5,67.1,98.3,66.6,0.000,0.637,0.00,0.584,4.0,4.7,0.4,278,5,4.8,5.8,0.5,282,4,4.0,4.7,0.4,278,5,61,28.49,,0,0,0,70.3,68.5,66.7,0.46,0.45,0.41
BELD,2017-08-21 19:35:00 EDT,42.22322,-75.66852,1543,66.9,67.2,66.9,98.4,66.5,0.000,0.637,0.00,0.573,4.1,5.0,0.4,271,4,4.8,6.1,0.6,276,5,4.1,5.0,0.4,271,4,43,28.49,,0,0,0,70.2,68.5,66.7,0.46,0.45,0.41
BELD,2017-08-21 19:40:00 EDT,42.22322,-75.66852,1543,66.6,67.6,66.6,98.4,66.2,0.000,0.637,0.00,0.482,3.8,4.3,0.2,269,4,4.4,5.2,0.3,274,4,3.8,4.3,0.2,269,4,26,28.48,,0,0,0,70.1,68.5,66.7,0.46,0.45,0.41
BELD,2017-08-21 19:45:00 EDT,42.22322,-75.66852,1543,66.5,67.2,66.5,98.6,66.0,0.000,0.637,0.00,0.149,3.2,3.7,0.3,262,5,3.7,4.3,0.3,266,6,3.2,3.7,0.3,262,5,15,28.48,,0,0,0,70.0,68.5,66.7,0.46,0.45,0.41
BELD,2017-08-21 19:50:00 EDT,42.22322,-75.66852,1543,66.3,66.4,66.3,98.7,65.9,0.000,0.637,0.00,0.032,2.1,4.4,0.8,166,53,2.4,5.1,0.9,162,54,2.1,4.4,0.8,166,53,10,28.48,,0,0,0,70.1,68.5,66.7,0.47,0.45,0.41
BELD,2017-08-21 19:55:00 EDT,42.22322,-75.66852,1543,66.1,66.2,66.1,98.7,65.8,0.000,0.637,0.00,0.020,1.3,2.8,0.6,80,31,1.8,3.1,0.6,76,28,1.3,2.8,0.6,80,31,5,28.48,,0,0,0,70.0,68.5,66.7,0.47,0.45,0.41
BELD,2017-08-21 20:00:00 EDT,42.22322,-75.66852,1543,66.3,66.3,66.3,98.8,65.9,0.000,0.637,0.00,0.005,0.2,1.3,0.4,78,9,0.8,2.0,0.6,69,14,0.2,1.3,0.4,78,9,2,28.49,,0,0,0,70.0,68.5,66.7,0.47,0.45,0.41
BELD,2017-08-21 20:05:00 EDT,42.22322,-75.66852,1543,66.2,66.3,66.2,98.9,65.9,0.000,0.637,0.00,0.000,0.1,1.6,0.4,307,1,0.3,1.5,0.5,312,6,0.1,1.6,0.4,307,1,1,28.48,,0,0,0,70.1,68.5,66.7,0.47,0.45,0.41
BELD,2017-08-21 20:10:00 EDT,42.22322,-75.66852,1543,65.4,65.9,65.4,98.8,65.1,0.000,0.637,0.00,0.000,2.3,4.1,0.8,253,23,2.5,4.2,0.7,257,23,2.3,4.1,0.8,253,23,1,28.48,,0,0,0,70.0,68.5,66.7,0.47,0.45,0.41
BELD,2017-08-21 20:15:00 EDT,42.22322,-75.66852,1543,65.0,66.6,65.0,98.7,64.6,0.000,0.637,0.00,0.000,3.3,6.4,1.2,192,16,3.6,7.1,1.2,196,15,3.3,6.4,1.2,192,16,0,28.48,,0,0,0,70.0,68.5,66.7,0.47,0.45,0.41
BELD,2017-08-21 20:20:00 EDT,42.22322,-75.66852,1543,66.2,67.9,66.2,98.6,65.8,0.000,0.637,0.00,0.000,3.6,5.1,0.7,205,14,3.9,6.0,0.8,209,13,3.6,5.1,0.7,205,14,0,28.48,,0,0,0,70.1,68.5,66.7,0.47,0.45,0.41
BELD,2017-08-21 20:25:00 EDT,42.22322,-75.66852,1543,67.8,69.1,67.8,95.2,66.4,0.000,0.637,0.00,0.000,3.0,4.5,0.7,216,20,3.1,5.4,0.9,218,18,3.0,4.5,0.7,216,20,0,28.48,,0,0,0,70.1,68.5,66.7,0.47,0.45,0.41
BELD,2017-08-21 20:30:00 EDT,42.22322,-75.66852,1543,67.6,68.7,67.6,93.7,65.7,0.000,0.637,0.00,0.000,2.8,3.9,0.6,222,15,3.0,4.4,0.6,225,12,2.8,3.9,0.6,222,15,0,28.48,,0,0,0,70.0,68.5,66.7,0.47,0.45,0.41
BELD,2017-08-21 20:35:00 EDT,42.22322,-75.66852,1543,67.2,68.3,67.2,94.0,65.4,0.000,0.637,0.00,0.000,3.4,5.1,0.7,197,15,3.9,6.8,1.0,201,13,3.4,5.1,0.7,197,15,0,28.48,,0,0,0,70.0,68.5,66.7,0.47,0.45,0.41
BELD,2017-08-21 20:40:00 EDT,42.22322,-75.66852,1543,67.8,68.3,67.8,93.4,65.8,0.000,0.637,0.00,0.000,2.9,4.1,0.6,207,15,3.1,5.0,0.8,211,14,2.9,4.1,0.6,207,15,0,28.48,,0,0,0,70.0,68.5,66.7,0.47,0.45,0.41
BELD,2017-08-21 20:45:00 EDT,42.22322,-75.66852,1543,67.4,68.0,67.4,93.8,65.5,0.000,0.637,0.00,0.000,2.8,4.2,0.5,210,13,3.0,4.7,0.7,214,11,2.8,4.2,0.5,210,13,0,28.49,,0,0,0,70.0,68.5,66.7,0.47,0.45,0.41
BELD,2017-08-21 20:50:00 EDT,42.22322,-75.66852,1543,67.2,68.1,67.2,94.9,65.7,0.000,0.637,0.00,0.000,2.9,3.8,0.4,216,13,3.0,4.4,0.5,218,11,2.9,3.8,0.4,216,13,0,28.48,,0,0,0,70.0,68.5,66.7,0.47,0.45,0.41
BELD,2017-08-21 20:55:00 EDT,42.22322,-75.66852,1543,67.6,68.4,67.6,94.6,66.0,0.000,0.637,0.00,0.000,3.3,4.7,0.5,223,13,3.4,5.3,0.8,226,10,3.3,4.7,0.5,223,13,0,28.48,,0,0,0,70.0,68.5,66.7,0.47,0.45,0.41
BELD,2017-08-21 21:00:00 EDT,42.22322,-75.66852,1543,68.1,69.0,68.1,92.6,65.8,0.000,0.637,0.00,0.000,2.7,4.2,0.7,197,12,3.0,4.9,0.8,202,11,2.7,4.2,0.7,197,12,0,28.48,,0,0,0,70.0,68.5,66.7,0.47,0.45,0.41
BELD,2017-08-21 21:05:00 EDT,42.22322,-75.66852,1543,67.8,68.8,67.8,92.6,65.6,0.000,0.637,0.00,0.000,2.2,3.6,0.4,209,19,2.4,3.9,0.6,210,16,2.2,3.6,0.4,209,19,0,28.48,,0,0,0,70.0,68.5,66.7,0.47,0.45,0.41
BELD,2017-08-21 21:10:00 EDT,42.22322,-75.66852,1543,68.5,68.9,68.5,92.8,66.3,0.000,0.637,0.00,0.000,2.0,2.8,0.4,238,19,2.2,3.7,0.5,239,19,2.0,2.8,0.4,238,19,0,28.48,,0,0,0,70.0,68.5,66.7,0.47,0.45,0.41
BELD,2017-08-21 21:15:00 EDT,42.22322,-75.66852,1543,68.0,68.6,68.0,92.4,65.7,0.000,0.637,0.00,0.000,1.8,3.4,0.6,237,18,2.0,4.1,0.6,239,16,1.8,3.4,0.6,237,18,0,28.48,,0,0,0,70.0,68.5,66.7,0.47,0.45,0.41
BELD,2017-08-21 21:20:00 EDT,42.22322,-75.66852,1543,67.7,68.5,67.7,93.5,65.8,0.000,0.637,0.00,0.000,1.8,2.6,0.4,224,18,2.0,3.2,0.4,228,15,1.8,2.6,0.4,224,18,0,28.49,,0,0,0,70.0,68.6,66.7,0.47,0.45,0.41
BELD,2017-08-21 21:25:00 EDT,42.22322,-75.66852,1543,68.3,68.7,68.3,93.1,66.3,0.000,0.637,0.00,0.000,2.0,3.1,0.6,243,25,2.3,3.8,0.7,245,24,2.0,3.1,0.6,243,25,0,28.49,,0,0,0,70.0,68.6,66.7,0.47,0.45,0.41
BELD,2017-08-21 21:30:00 EDT,42.22322,-75.66852,1543,68.5,68.9,68.5,92.2,66.2,0.000,0.637,0.00,0.000,1.7,2.8,0.6,244,23,1.9,3.7,0.6,249,22,1.7,2.8,0.6,244,23,0,28.49,,0,0,0,70.0,68.7,66.7,0.47,0.45,0.41
BELD,2017-08-21 21:35:00 EDT,42.22322,-75.66852,1543,68.5,69.1,68.5,92.3,66.1,0.000,0.637,0.00,0.000,1.4,3.4,0.9,216,22,1.7,4.1,0.9,219,23,1.4,3.4,0.9,216,22,0,28.49,,0,0,0,70.0,68.8,66.7,0.47,0.45,0.41
BELD,2017-08-21 21:40:00 EDT,42.22322,-75.66852,1543,68.7,69.3,68.7,92.1,66.3,0.000,0.637,0.00,0.000,0.3,2.8,0.6,203,26,0.6,2.4,0.7,209,31,0.3,2.8,0.6,203,26,0,28.49,,0,0,0,70.0,68.8,66.7,0.47,0.45,0.41
BELD,2017-08-21 21:45:00 EDT,42.22322,-75.66852,1543,67.8,69.1,67.8,93.3,65.8,0.000,0.637,0.00,0.000,1.5,2.8,0.7,161,20,1.9,3.7,0.7,164,22,1.5,2.8,0.7,161,20,0,28.49,,0,0,0,70.0,68.7,66.7,0.47,0.45,0.41
BELD,2017-08-21 21:50:00 EDT,42.22322,-75.66852,1543,67.6,68.8,67.6,94.4,65.9,0.000,0.637,0.00,0.000,1.4,2.3,0.5,163,18,1.7,2.6,0.5,165,19,1.4,2.3,0.5,163,18,0,28.49,,0,0,0,70.0,68.8,66.7,0.47,0.45,0.41
BELD,2017-08-21 21:55:00 EDT,42.22322,-75.66852,1543,68.2,68.9,68.2,95.3,66.7,0.000,0.637,0.00,0.000,0.6,1.5,0.5,165,14,1.1,2.1,0.4,169,23,0.6,1.5,0.5,165,14,0,28.49,,0,0,0,70.0,68.8,66.7,0.47,0.45,0.41
BELD,2017-08-21 22:00:00 EDT,42.22322,-75.66852,1543,67.9,68.6,67.9,95.1,66.4,0.000,0.637,0.00,0.000,0.3,1.9,0.4,153,15,0.5,2.0,0.6,139,19,0.3,1.9,0.4,153,15,0,28.49,,0,0,0,70.0,68.8,66.7,0.47,0.45,0.41
BELD,2017-08-21 22:05:00 EDT,42.22322,-75.66852,1543,68.0,68.3,68.0,95.3,66.6,0.000,0.637,0.00,0.000,0.5,2.4,0.6,155,11,0.8,2.4,0.8,158,19,0.5,2.4,0.6,155,11,0,28.49,,0,0,0,70.0,68.9,66.7,0.47,0.45,0.41
BELD,2017-08-21 22:10:00 EDT,42.22322,-75.66852,1543,67.5,68.2,67.5,95.5,66.2,0.000,0.637,0.00,0.000,0.3,1.4,0.5,173,12,0.7,1.7,0.6,174,21,0.3,1.4,0.5,173,12,0,28.49,,0,0,0,70.0,68.9,66.7,0.47,0.45,0.41
BELD,2017-08-21 22:15:00 EDT,42.22322,-75.66852,1543,68.0,68.6,68.0,95.8,66.8,0.000,0.637,0.00,0.000,0.0,0.6,0.1,115,5,0.5,1.6,0.5,121,18,0.0,0.6,0.1,115,5,0,28.49,,0,0,0,70.0,68.9,66.7,0.47,0.45,0.41
BELD,2017-08-21 22:20:00 EDT,42.22322,-75.66852,1543,67.2,68.4,67.2,94.9,65.7,0.000,0.637,0.00,0.000,0.0,0.0,0.0,0,0,0.4,1.3,0.5,301,27,0.0,0.0,0.0,0,0,0,28.49,,0,0,0,70.0,68.9,66.7,0.47,0.45,0.41
BELD,2017-08-21 22:25:00 EDT,42.22322,-75.66852,1543,67.5,68.6,67.5,95.9,66.3,0.000,0.637,0.00,0.000,0.3,1.2,0.3,241,33,0.8,2.0,0.6,240,44,0.3,1.2,0.3,241,33,0,28.49,,0,0,0,69.9,68.9,66.7,0.47,0.45,0.41
BELD,2017-08-21 22:30:00 EDT,42.22322,-75.66852,1543,67.9,69.0,67.9,95.0,66.4,0.000,0.637,0.00,0.000,1.2,3.6,0.8,241,23,1.6,4.2,0.7,244,24,1.2,3.6,0.8,241,23,0,28.49,,0,0,0,69.8,68.9,66.7,0.47,0.45,0.41
BELD,2017-08-21 22:35:00 EDT,42.22322,-75.66852,1543,67.6,68.8,67.6,94.3,65.9,0.000,0.637,0.00,0.000,1.6,3.7,0.7,217,19,1.8,4.4,0.7,219,21,1.6,3.7,0.7,217,19,0,28.49,,0,0,0,69.6,68.9,66.7,0.47,0.45,0.41
BELD,2017-08-21 22:40:00 EDT,42.22322,-75.66852,1543,67.7,68.9,67.7,94.6,66.1,0.000,0.637,0.00,0.000,1.4,2.5,0.8,217,14,1.6,3.7,0.8,223,14,1.4,2.5,0.8,217,14,0,28.49,,0,0,0,69.6,68.9,66.7,0.47,0.45,0.41
BELD,2017-08-21 22:45:00 EDT,42.22322,-75.66852,1543,67.3,68.9,67.3,94.5,65.7,0.000,0.637,0.00,0.000,2.3,3.4,0.3,210,10,2.6,3.6,0.5,214,8,2.3,3.4,0.3,210,10,0,28.49,,0,0,0,69.6,68.9,66.7,0.47,0.45,0.41
BELD,2017-08-21 22:50:00 EDT,42.22322,-75.66852,1543,68.0,69.3,68.0,93.2,66.0,0.000,0.637,0.00,0.000,3.3,4.3,0.5,194,13,3.7,4.9,0.6,199,13,3.3,4.3,0.5,194,13,0,28.49,,0,0,0,69.6,68.9,66.7,0.47,0.45,0.41
BELD,2017-08-21 22:55:00 EDT,42.22322,-75.66852,1543,68.5,69.3,68.5,91.8,66.0,0.000,0.637,0.00,0.000,1.4,3.1,0.6,200,26,1.9,4.2,0.7,205,25,1.4,3.1,0.6,200,26,0,28.49,,0,0,0,69.6,68.9,66.7,0.47,0.45,0.41
BELD,2017-08-21 23:00:00 EDT,42.22322,-75.66852,1543,68.4,68.9,68.4,91.0,65.7,0.000,0.637,0.00,0.000,1.2,2.4,0.6,213,28,1.6,3.1,0.5,214,27,1.2,2.4,0.6,213,28,0,28.49,,0,0,0,69.6,68.9,66.7,0.47,0.45,0.41
BELD,2017-08-21 23:05:00 EDT,42.22322,-75.66852,1543,67.3,68.4,67.3,92.7,65.1,0.000,0.637,0.00,0.000,1.6,3.3,0.7,184,25,2.0,4.2,0.9,188,26,1.6,3.3,0.7,184,25,0,28.49,,0,0,0,69.6,68.9,66.7,0.47,0.45,0.41
BELD,2017-08-21 23:10:00 EDT,42.22322,-75.66852,1543,68.1,68.5,68.1,93.6,66.2,0.000,0.637,0.00,0.000,1.8,4.0,0.9,199,19,2.2,4.5,1.0,204,22,1.8,4.0,0.9,199,19,0,28.49,,0,0,0,69.6,68.9,66.7,0.47,0.45,0.41
BELD,2017-08-21 23:15:00 EDT,42.22322,-75.66852,1543,68.0,68.5,68.0,92.6,65.8,0.000,0.637,0.00,0.000,0.5,1.1,0.4,269,28,1.2,2.2,0.4,281,36,0.5,1.1,0.4,269,28,0,28.48,,0,0,0,69.6,68.9,66.7,0.47,0.45,0.41
BELD,2017-08-21 23:20:00 EDT,42.22322,-75.66852,1543,68.2,68.8,68.2,91.8,65.7,0.000,0.637,0.00,0.000,0.7,1.8,0.6,219,23,1.2,2.7,0.7,225,32,0.7,1.8,0.6,219,23,0,28.48,,0,0,0,69.6,68.9,66.7,0.47,0.45,0.41
BELD,2017-08-21 23:25:00 EDT,42.22322,-75.66852,1543,67.0,68.3,67.0,91.8,64.6,0.000,0.637,0.00,0.000,0.8,2.5,0.6,217,16,1.3,3.0,0.6,216,19,0.8,2.5,0.6,217,16,0,28.48,,0,0,0,69.6,68.9,66.7,0.47,0.45,0.41
BELD,2017-08-21 23:30:00 EDT,42.22322,-75.66852,1543,66.8,68.1,66.8,94.1,65.1,0.000,0.637,0.00,0.000,1.0,1.5,0.3,195,22,1.4,2.1,0.3,195,23,1.0,1.5,0.3,195,22,0,28.48,,0,0,0,69.6,68.9,66.7,0.47,0.45,0.41
BELD,2017-08-21 23:35:00 EDT,42.22322,-75.66852,1543,67.3,68.0,67.3,94.8,65.8,0.000,0.637,0.00,0.000,0.9,2.1,0.4,168,18,1.4,2.4,0.5,167,19,0.9,2.1,0.4,168,18,0,28.48,,0,0,0,69.6,68.9,66.7,0.47,0.45,0.41
BELD,2017-08-21 23:40:00 EDT,42.22322,-75.66852,1543,67.5,67.8,67.5,94.8,65.9,0.000,0.637,0.00,0.000,0.6,2.0,0.6,166,8,1.2,2.6,0.7,167,34,0.6,2.0,0.6,166,8,0,28.48,,0,0,0,69.6,68.9,66.7,0.47,0.45,0.41
BELD,2017-08-21 23:45:00 EDT,42.22322,-75.66852,1543,67.3,67.8,67.3,94.1,65.6,0.000,0.637,0.00,0.000,0.3,1.8,0.5,207,20,0.7,2.5,0.7,209,33,0.3,1.8,0.5,207,20,0,28.48,,0,0,0,69.6,68.9,66.7,0.47,0.45,0.41
BELD,2017-08-21 23:50:00 EDT,42.22322,-75.66852,1543,67.1,67.8,67.1,94.1,65.4,0.000,0.637,0.00,0.000,0.7,1.8,0.5,270,11,1.3,2.4,0.7,272,14,0.7,1.8,0.5,270,11,0,28.48,,0,0,0,69.6,68.9,66.7,0.47,0.45,0.41
BELD,2017-08-21 23:55:00 EDT,42.22322,-75.66852,1543,66.7,67.5,66.7,94.4,65.0,0.000,0.637,0.00,0.000,0.6,1.5,0.5,247,15,1.1,2.0,0.6,242,25,0.6,1.5,0.5,247,15,0,28.48,,0,0,0,69.4,68.9,66.7,0.47,0.45,0.41
BELL,2017-08-21 00:00:00 EDT,43.78962,-76.11373,475,67.3,68.6,67.3,83.5,62.1,0.000,0.000,0.00,0.000,4.9,7.5,1.1,152,11,5.1,7.6,1.1,153,10,4.9,7.5,1.1,152,11,0,29.60,,0,0,0,69.7,68.9,67.4,0.30,0.29,0.32
BELL,2017-08-21 00:05:00 EDT,43.78962,-76.11373,475,68.0,68.9,68.0,82.7,62.5,0.000,0.000,0.00,0.000,4.2,6.3,1.0,160,13,4.5,7.0,1.1,162,13,4.2,6.3,1.0,160,13,0,29.60,,0,0,0,69.7,68.9,67.5,0.30,0.29,0.32
BELL,2017-08-21 00:10:00 EDT,43.78962,-76.11373,475,68.4,69.2,68.4,81.5,62.5,0.000,0.000,0.00,0.000,4.2,8.2,1.1,160,14,4.5,8.3,1.3,163,13,4.2,8.2,1.1,160,14,0,29.60,,0,0,0,69.6,68.9,67.4,0.30,0.29,0.32
BELL,2017-08-21 00:15:00 EDT,43.78962,-76.11373,475,68.5,69.5,68.5,81.3,62.5,0.000,0.000,0.00,0.000,4.2,6.4,0.8,158,10,4.4,7.1,0.9,160,10,4.2,6.4,0.8,158,10,0,29.60,,0,0,0,69.6,68.9,67.4,0.30,0.29,0.32
BELL,2017-08-21 00:20:00 EDT,43.78962,-76.11373,475,68.8,69.8,68.8,80.9,62.7,0.000,0.000,0.00,0.000,5.3,8.0,1.1,158,9,5.7,8.4,1.2,160,9,5.3,8.0,1.1,158,9,0,29.60,,0,0,0,69.6,68.9,67.4,0.30,0.29,0.32
BELL,2017-08-21 00:25:00 EDT,43.78962,-76.11373,475,68.8,69.9,68.8,80.4,62.6,0.000,0.000,0.00,0.000,6.0,8.4,1.0,157,9,6.4,9.0,1.1,159,8,6.0,8.4,1.0,157,9,0,29.60,,0,0,0,69.6,68.9,67.5,0.30,0.29,0.32
BELL,2017-08-21 00:30:00 EDT,43.78962,-76.11373,475,69.1,70.0,69.1,79.3,62.4,0.000,0.000,0.00,0.000,5.3,7.8,0.9,156,10,5.6,8.2,1.0,159,11,5.3,7.8,0.9,156,10,0,29.61,,0,0,0,69.6,68.9,67.4,0.30,0.29,0.32
BELL,2017-08-21 00:35:00 EDT,43.78962,-76.11373,475,69.1,70.1,69.1,79.3,62.4,0.000,0.000,0.00,0.000,5.2,9.1,1.2,157,11,5.5,8.8,1.3,160,10,5.2,9.1,1.2,157,11,0,29.61,,0,0,0,69.6,68.9,67.4,0.30,0.29,0.32
BELL,2017-08-21 00:40:00 EDT,43.78962,-76.11373,475,69.3,70.1,69.3,79.0,62.5,0.000,0.000,0.00,0.000,4.4,6.3,0.9,158,11,4.7,7.1,1.0,161,11,4.4,6.3,0.9,158,11,0,29.61,,0,0,0,69.6,68.9,67.5,0.30,0.29,0.32
BELL,2017-08-21 00:45:00 EDT,43.78962,-76.11373,475,69.2,70.1,69.2,78.7,62.3,0.000,0.000,0.00,0.000,4.7,6.8,0.9,157,11,5.1,8.1,1.0,160,11,4.7,6.8,0.9,157,11,0,29.61,,0,0,0,69.5,68.9,67.5,0.30,0.29,0.32
BELL,2017-08-21 00:50:00 EDT,43.78962,-76.11373,475,68.9,69.8,68.9,78.9,62.1,0.000,0.000,0.00,0.000,4.8,6.8,0.8,154,9,5.1,7.4,1.0,156,10,4.8,6.8,0.8,154,9,0,29.61,,0,0,0,69.6,68.9,67.4,0.30,0.29,0.32
BELL,2017-08-21 00:55:00 EDT,43.78962,-76.11373,475,68.7,69.6,68.7,80.1,62.3,0.000,0.000,0.00,0.000,4.9,7.0,1.0,164,11,5.1,7.5,1.1,166,11,4.9,7.0,1.0,164,11,0,29.61,,0,0,0,69.5,68.9,67.5,0.30,0.29,0.32
BELL,2017-08-21 01:00:00 EDT,43.78962,-76.11373,475,69.0,69.7,69.0,79.4,62.4,0.000,0.000,0.00,0.000,5.6,8.4,1.1,165,9,6.0,8.7,1.1,167,10,5.6,8.4,1.1,165,9,0,29.61,,0,0,0,69.5,68.9,67.4,0.30,0.29,0.32
BELL,2017-08-21 01:05:00 EDT,43.78962,-76.11373,475,69.0,69.8,69.0,79.4,62.3,0.000,0.000,0.00,0.000,5.3,8.4,1.3,168,13,5.7,9.8,1.4,171,13,5.3,8.4,1.3,168,13,0,29.61,,0,0,0,69.5,68.9,67.5,0.30,0.29,0.32
BELL,2017-08-21 01:10:00 EDT,43.78962,-76.11373,475,69.0,69.8,69.0,78.3,62.0,0.000,0.000,0.00,0.000,5.4,7.3,0.9,165,12,5.8,8.5,1.0,169,13,5.4,7.3,0.9,165,12,0,29.61,,0,0,0,69.5,68.9,67.4,0.30,0.29,0.32
BELL,2017-08-21 01:15:00 EDT,43.78962,-76.11373,475,68.8,69.9,68.8,78.6,61.9,0.000,0.000,0.00,0.000,6.0,9.4,1.2,164,12,6.4,9.6,1.3,167,11,6.0,9.4,1.2,164,12,0,29.61,,0,0,0,69.5,68.9,67.4,0.30,0.29,0.32
BELL,2017-08-21 01:20:00 EDT,43.78962,-76.11373,475,69.0,69.7,69.0,77.0,61.5,0.000,0.000,0.00,0.000,3.7,6.1,0.8,186,14,4.0,6.4,0.9,191,11,3.7,6.1,0.8,186,14,0,29.61,,0,0,0,69.3,68.9,67.5,0.30,0.29,0.32
BELL,2017-08-21 01:25:00 EDT,43.78962,-76.11373,475,68.7,69.6,68.7,76.9,61.2,0.000,0.000,0.00,0.000,4.6,7.0,0.9,190,10,4.8,7.4,1.0,193,9,4.6,7.0,0.9,190,10,0,29.61,,0,0,0,69.5,68.9,67.4,0.30,0.29,0.32
BELL,2017-08-21 01:30:00 EDT,43.78962,-76.11373,475,68.5,69.7,68.5,78.2,61.4,0.000,0.000,0.00,0.000,5.8,7.9,0.9,161,11,6.3,8.9,1.0,163,11,5.8,7.9,0.9,161,11,0,29.61,,0,0,0,69.5,68.9,67.5,0.30,0.29,0.32
BELL,2017-08-21 01:35:00 EDT,43.78962,-76.11373,475,68.2,69.5,68.2,79.1,61.5,0.000,0.000,0.00,0.000,6.4,9.2,1.0,156,9,6.8,9.6,1.1,160,10,6.4,9.2,1.0,156,9,0,29.61,,0,0,0,69.4,68.9,67.5,0.30,0.29,0.32
BELL,2017-08-21 01:40:00 EDT,43.78962,-76.11373,475,68.1,69.2,68.1,79.9,61.7,0.000,0.000,0.00,0.000,5.5,9.4,1.2,159,12,6.1,10.7,1.3,162,11,5.5,9.4,1.2,159,12,0,29.61,,0,0,0,69.5,68.9,67.5,0.30,0.29,0.32
BELL,2017-08-21 01:45:00 EDT,43.78962,-76.11373,475,68.5,69.6,68.5,79.5,61.9,0.000,0.000,0.00,0.000,6.2,9.3,1.2,164,9,6.7,10.6,1.4,167,9,6.2,9.3,1.2,164,9,0,29.61,,0,0,0,69.4,68.9,67.5,0.30,0.29,0.32
BELL,2017-08-21 01:50:00 EDT,43.78962,-76.11373,475,68.9,69.7,68.9,78.4,61.8,0.000,0.000,0.00,0.000,6.2,9.4,1.5,166,11,6.5,10.5,1.6,169,11,6.2,9.4,1.5,166,11,0,29.61,,0,0,0,69.5,68.9,67.5,0.30,0.29,0.32
BELL,2017-08-21 01:55:00 EDT,43.78962,-76.11373,475,68.7,69.6,68.7,78.2,61.7,0.000,0.000,0.00,0.000,6.7,10.1,1.2,160,9,7.1,11.1,1.3,163,9,6.7,10.1,1.2,160,9,0,29.61,,0,0,0,69.4,68.9,67.4,0.30,0.29,0.32
BELL,2017-08-21 02:00:00 EDT,43.78962,-76.11373,475,68.8,69.6,68.8,78.0,61.7,0.000,0.000,0.00,0.000,6.8,9.9,1.4,166,11,7.2,11.3,1.5,168,9,6.8,9.9,1.4,166,11,0,29.61,,0,0,0,69.4,68.9,67.5,0.30,0.29,0.32
BELL,2017-08-21 02:05:00 EDT,43.78962,-76.11373,475,68.7,69.5,68.7,78.3,61.6,0.000,0.000,0.00,0.000,6.0,10.1,1.4,162,12,6.5,10.8,1.6,164,12,6.0,10.1,1.4,162,12,0,29.61,,0,0,0,69.4,68.9,67.5,0.30,0.29,0.32
BELL,2017-08-21 02:10:00 EDT,43.78962,-76.11373,475,68.8,69.4,68.8,77.9,61.7,0.000,0.000,0.00,0.000,5.8,8.5,1.3,168,11,6.2,10.1,1.5,171,11,5.8,8.5,1.3,168,11,0,29.61,,0,0,0,69.3,68.9,67.4,0.30,0.29,0.32
BELL,2017-08-21 02:15:00 EDT,43.78962,-76.11373,475,68.6,69.4,68.6,78.3,61.5,0.000,0.000,0.00,0.000,6.1,8.0,1.0,161,11,6.5,9.5,1.2,164,9,6.1,8.0,1.0,161,11,0,29.61,,0,0,0,69.3,68.9,67.5,0.30,0.29,0.32
BELL,2017-08-21 02:20:00 EDT,43.78962,-76.11373,475,68.5,69.3,68.5,78.9,61.7,0.000,0.000,0.00,0.000,5.1,8.5,1.2,166,10,5.3,9.1,1.2,169,9,5.1,8.5,1.2,166,10,0,29.61,,0,0,0,69.3,68.9,67.5,0.29,0.29,0.32
BELL,2017-08-21 02:25:00 EDT,43.78962,-76.11373,475,68.6,69.4,68.6,78.8,61.7,0.000,0.000,0.00,0.000,5.6,9.4,1.2,167,15,6.0,10.1,1.3,170,13,5.6,9.4,1.2,167,15,0,29.61,,0,0,0,69.3,68.9,67.4,0.30,0.29,0.32
BELL,2017-08-21 02:30:00 EDT,43.78962,-76.11373,475,68.2,69.1,68.2,79.0,61.5,0.000,0.000,0.00,0.000,4.3,7.1,1.1,165,13,4.5,7.2,1.2,170,13,4.3,7.1,1.1,165,13,0,29.61,,0,0,0,69.3,68.9,67.5,0.30,0.29,0.32
BELL,2017-08-21 02:35:00 EDT,43.78962,-76.11373,475,68.2,69.1,68.2,79.9,61.7,0.000,0.000,0.00,0.000,4.6,7.5,1.1,166,13,4.9,7.8,1.1,168,13,4.6,7.5,1.1,166,13,0,29.61,,0,0,0,69.3,68.8,67.5,0.30,0.29,0.32
BELL,2017-08-21 02:40:00 EDT,43.78962,-76.11373,475,68.0,69.0,68.0,80.3,61.7,0.000,0.000,0.00,0.000,3.7,6.1,0.8,168,12,3.9,6.6,1.0,170,12,3.7,6.1,0.8,168,12,0,29.61,,0,0,0,69.3,68.8,67.5,0.30,0.29,0.32
BELL,2017-08-21 02:45:00 EDT,43.78962,-76.11373,475,68.1,69.0,68.1,80.8,62.0,0.000,0.000,0.00,0.000,5.4,7.7,1.1,167,8,5.8,8.0,1.2,169,8,5.4,7.7,1.1,167,8,0,29.61,,0,0,0,69.3,68.9,67.4,0.30,0.29,0.32
BELL,2017-08-21 02:50:00 EDT,43.78962,-76.11373,475,68.0,68.9,68.0,81.0,61.9,0.000,0.000,0.00,0.000,5.8,8.4,1.3,160,9,6.2,8.8,1.4,162,9,5.8,8.4,1.3,160,9,0,29.61,,0,0,0,69.3,68.8,67.4,0.30,0.29,0.32
BELL,2017-08-21 02:55:00 EDT,43.78962,-76.11373,475,67.8,68.8,67.8,81.5,61.9,0.000,0.000,0.00,0.000,6.2,8.3,0.9,160,12,6.5,8.9,1.0,163,11,6.2,8.3,0.9,160,12,0,29.61,,0,0,0,69.3,68.8,67.4,0.30,0.29,0.32
BELL,2017-08-21 03:00:00 EDT,43.78962,-76.11373,475,67.6,68.6,67.6,82.0,61.9,0.000,0.000,0.00,0.000,5.6,8.9,1.4,164,11,5.9,9.4,1.5,166,11,5.6,8.9,1.4,164,11,0,29.61,,0,0,0,69.3,68.8,67.4,0.30,0.29,0.32
BELL,2017-08-21 03:05:00 EDT,43.78962,-76.11373,475,68.0,68.9,68.0,81.6,62.2,0.000,0.000,0.00,0.000,3.8,7.9,1.1,183,16,4.1,7.2,1.2,187,14,3.8,7.9,1.1,183,16,0,29.62,,0,0,0,69.3,68.8,67.5,0.30,0.29,0.32
BELL,2017-08-21 03:10:00 EDT,43.78962,-76.11373,475,67.9,68.6,67.9,80.5,61.7,0.000,0.000,0.00,0.000,3.6,5.6,1.1,189,16,3.9,7.0,1.2,192,15,3.6,5.6,1.1,189,16,0,29.62,,0,0,0,69.3,68.8,67.5,0.30,0.29,0.32
BELL,2017-08-21 03:15:00 EDT,43.78962,-76.11373,475,67.7,68.5,67.7,81.4,61.8,0.000,0.000,0.00,0.000,3.8,6.5,0.9,174,12,4.2,7.1,1.1,179,11,3.8,6.5,0.9,174,12,0,29.62,,0,0,0,69.3,68.8,67.4,0.29,0.29,0.32
BELL,2017-08-21 03:20:00 EDT,43.78962,-76.11373,475,67.5,68.4,67.5,82.6,62.0,0.000,0.000,0.00,0.000,4.2,6.6,1.1,165,14,4.4,8.0,1.2,168,14,4.2,6.6,1.1,165,14,0,29.62,,0,0,0,69.3,68.7,67.5,0.30,0.29,0.32
BELL,2017-08-21 03:25:00 EDT,43.78962,-76.11373,475,67.6,68.5,67.6,83.6,62.5,0.000,0.000,0.00,0.000,5.4,9.1,1.3,166,11,5.8,9.9,1.4,170,12,5.4,9.1,1.3,166,11,0,29.61,,0,0,0,69.2,68.7,67.5,0.30,0.29,0.32
BELL,2017-08-21 03:30:00 EDT,43.78962,-76.11373,475,67.7,68.4,67.7,83.5,62.5,0.000,0.000,0.00,0.000,5.7,9.2,1.2,162,11,5.7,10.2,1.4,165,9,5.7,9.2,1.2,162,11,0,29.61,,0,0,0,69.2,68.8,67.4,0.30,0.29,0.32
BELL,2017-08-21 03:35:00 EDT,43.78962,-76.11373,475,67.4,68.2,67.4,83.9,62.4,0.000,0.000,0.00,0.000,6.1,8.3,0.9,162,10,6.4,8.8,1.0,165,9,6.1,8.3,0.9,162,10,0,29.62,,0,0,0,69.3,68.7,67.4,0.30,0.29,0.32
BELL,2017-08-21 03:40:00 EDT,43.78962,-76.11373,475,67.2,67.9,67.2,84.8,62.4,0.000,0.000,0.00,0.000,5.9,8.7,1.1,161,10,6.2,10.0,1.3,164,8,5.9,8.7,1.1,161,10,0,29.62,,0,0,0,69.3,68.8,67.5,0.30,0.29,0.32
BELL,2017-08-21 03:45:00 EDT,43.78962,-76.11373,475,67.3,67.9,67.3,85.1,62.6,0.000,0.000,0.00,0.000,6.1,8.1,0.8,165,11,6.4,10.7,1.3,169,10,6.1,8.1,0.8,165,11,0,29.62,,0,0,0,69.2,68.7,67.5,0.30,0.29,0.32
BELL,2017-08-21 03:50:00 EDT,43.78962,-76.11373,475,67.2,67.8,67.2,85.2,62.6,0.000,0.000,0.00,0.000,5.5,9.5,1.3,174,12,5.9,9.9,1.4,177,12,5.5,9.5,1.3,174,12,0,29.62,,0,0,0,69.2,68.8,67.4,0.30,0.29,0.32
BELL,2017-08-21 03:55:00 EDT,43.78962,-76.11373,475,67.0,67.7,67.0,85.4,62.5,0.000,0.000,0.00,0.000,5.1,8.5,1.1,168,14,5.5,9.0,1.2,171,11,5.1,8.5,1.1,168,14,0,29.62,,0,0,0,69.1,68.7,67.5,0.30,0.29,0.32
BELL,2017-08-21 04:00:00 EDT,43.78962,-76.11373,475,67.1,67.7,67.1,85.5,62.6,0.000,0.000,0.00,0.000,6.0,9.4,1.2,163,11,6.4,10.3,1.3,166,11,6.0,9.4,1.2,163,11,0,29.62,,0,0,0,69.2,68.7,67.4,0.30,0.29,0.32
BELL,2017-08-21 04:05:00 EDT,43.78962,-76.11373,475,66.6,67.4,66.6,86.0,62.3,0.000,0.000,0.00,0.000,6.4,8.8,0.9,154,9,6.7,9.6,1.1,156,9,6.4,8.8,0.9,154,9,0,29.61,,0,0,0,69.1,68.7,67.5,0.30,0.29,0.32
BELL,2017-08-21 04:10:00 EDT,43.78962,-76.11373,475,66.5,67.3,66.5,86.7,62.4,0.000,0.000,0.00,0.000,5.9,9.4,1.1,152,12,6.3,11.6,1.3,155,11,5.9,9.4,1.1,152,12,0,29.62,,0,0,0,69.2,68.7,67.5,0.29,0.29,0.32
BELL,2017-08-21 04:15:00 EDT,43.78962,-76.11373,475,66.2,67.1,66.2,87.1,62.2,0.000,0.000,0.00,0.000,5.0,7.2,0.8,151,9,5.4,7.6,0.9,154,9,5.0,7.2,0.8,151,9,0,29.62,,0,0,0,69.1,68.7,67.4,0.30,0.29,0.32
BELL,2017-08-21 04:20:00 EDT,43.78962,-76.11373,475,66.1,67.1,66.1,87.4,62.3,0.000,0.000,0.00,0.000,5.3,9.2,1.1,151,9,5.5,9.2,1.1,154,9,5.3,9.2,1.1,151,9,0,29.62,,0,0,0,69.0,68.8,67.5,0.30,0.29,0.32
BELL,2017-08-21 04:25:00 EDT,43.78962,-76.11373,475,66.1,67.1,66.1,87.5,62.2,0.000,0.000,0.00,0.000,5.3,8.1,1.2,152,10,5.6,8.5,1.2,156,8,5.3,8.1,1.2,152,10,0,29.62,,0,0,0,69.1,68.7,67.5,0.29,0.29,0.32
BELL,2017-08-21 04:30:00 EDT,43.78962,-76.11373,475,66.3,67.1,66.3,87.4,62.4,0.000,0.000,0.00,0.000,5.4,7.5,0.8,160,9,5.8,7.8,0.9,162,8,5.4,7.5,0.8,160,9,0,29.62,,0,0,0,69.1,68.7,67.5,0.29,0.29,0.32
BELL,2017-08-21 04:35:00 EDT,43.78962,-76.11373,475,66.1,67.0,66.1,87.6,62.3,0.000,0.000,0.00,0.000,5.7,7.7,1.2,158,9,6.0,8.4,1.2,160,9,5.7,7.7,1.2,158,9,0,29.62,,0,0,0,69.1,68.7,67.5,0.30,0.29,0.32
BELL,2017-08-21 04:40:00 EDT,43.78962,-76.11373,475,66.3,66.9,66.3,87.6,62.5,0.000,0.000,0.00,0.000,5.3,8.0,1.1,164,11,5.5,8.3,1.2,167,11,5.3,8.0,1.1,164,11,0,29.62,,0,0,0,69.1,68.7,67.4,0.30,0.29,0.32
BELL,2017-08-21 04:45:00 EDT,43.78962,-76.11373,475,66.1,67.0,66.1,86.8,62.0,0.000,0.000,0.00,0.000,5.9,8.2,1.0,160,10,6.3,8.7,1.1,163,10,5.9,8.2,1.0,160,10,0,29.62,,0,0,0,69.0,68.7,67.5,0.30,0.29,0.32
BELL,2017-08-21 04:50:00 EDT,43.78962,-76.11373,475,66.2,67.0,66.2,87.0,62.2,0.000,0.000,0.00,0.000,5.4,8.6,1.2,156,9,5.8,10.3,1.3,158,7,5.4,8.6,1.2,156,9,0,29.62,,0,0,0,69.0,68.7,67.4,0.30,0.29,0.32
BELL,2017-08-21 04:55:00 EDT,43.78962,-76.11373,475,66.2,67.0,66.2,87.0,62.3,0.000,0.000,0.00,0.000,4.8,7.2,0.9,160,10,5.1,9.5,1.2,163,9,4.8,7.2,0.9,160,10,0,29.62,,0,0,0,68.9,68.6,67.5,0.30,0.29,0.32
BELL,2017-08-21 05:00:00 EDT,43.78962,-76.11373,475,66.4,67.2,66.4,86.6,62.2,0.000,0.000,0.00,0.000,5.4,7.3,1.0,155,10,5.7,8.0,1.1,157,9,5.4,7.3,1.0,155,10,0,29.62,,0,0,0,68.9,68.7,67.5,0.30,0.29,0.32
BELL,2017-08-21 05:05:00 EDT,43.78962,-76.11373,475,66.0,67.1,66.0,86.6,61.9,0.000,0.000,0.00,0.000,4.8,7.2,0.8,150,9,5.1,7.4,0.9,152,10,4.8,7.2,0.8,150,9,0,29.62,,0,0,0,69.0,68.6,67.5,0.29,0.29,0.32
BELL,2017-08-21 05:10:00 EDT,43.78962,-76.11373,475,66.0,67.0,66.0,87.0,62.0,0.000,0.000,0.00,0.000,5.4,8.2,1.2,151,10,5.7,9.4,1.1,153,10,5.4,8.2,1.2,151,10,0,29.62,,0,0,0,68.9,68.7,67.4,0.30,0.29,0.32
BELL,2017-08-21 05:15:00 EDT,43.78962,-76.11373,475,66.0,66.9,66.0,86.8,61.9,0.000,0.000,0.00,0.000,6.1,8.3,1.0,154,10,6.4,9.8,1.2,157,10,6.1,8.3,1.0,154,10,0,29.62,,0,0,0,68.9,68.6,67.5,0.29,0.29,0.32
BELL,2017-08-21 05:20:00 EDT,43.78962,-76.11373,475,66.4,67.1,66.4,86.4,62.2,0.000,0.000,0.00,0.000,6.1,9.0,1.2,155,10,6.6,9.4,1.1,158,9,6.1,9.0,1.2,155,10,0,29.62,,0,0,0,68.9,68.7,67.5,0.30,0.29,0.32
BELL,2017-08-21 05:25:00 EDT,43.78962,-76.11373,475,66.3,67.3,66.3,85.6,61.9,0.000,0.000,0.00,0.000,6.0,9.4,1.1,151,11,6.2,9.1,1.2,155,10,6.0,9.4,1.1,151,11,0,29.62,,0,0,0,68.9,68.6,67.4,0.30,0.29,0.32
BELL,2017-08-21 05:30:00 EDT,43.78962,-76.11373,475,66.5,67.2,66.5,85.2,61.9,0.000,0.000,0.00,0.000,5.1,7.1,0.9,158,11,5.6,7.8,1.0,161,11,5.1,7.1,0.9,158,11,0,29.62,,0,0,0,68.9,68.6,67.5,0.30,0.29,0.32
BELL,2017-08-21 05:35:00 EDT,43.78962,-76.11373,475,66.4,67.2,66.4,84.8,61.7,0.000,0.000,0.00,0.000,5.3,8.6,1.2,158,11,5.6,10.4,1.4,160,11,5.3,8.6,1.2,158,11,0,29.62,,0,0,0,68.9,68.6,67.5,0.29,0.29,0.32
BELL,2017-08-21 05:40:00 EDT,43.78962,-76.11373,475,66.4,67.3,66.4,84.8,61.7,0.000,0.000,0.00,0.000,5.6,9.7,1.2,155,11,6.1,10.8,1.4,158,10,5.6,9.7,1.2,155,11,0,29.62,,0,0,0,68.9,68.6,67.5,0.29,0.29,0.32
BELL,2017-08-21 05:45:00 EDT,43.78962,-76.11373,475,66.4,67.3,66.4,84.5,61.6,0.000,0.000,0.00,0.000,5.3,7.5,0.9,153,12,5.5,8.6,1.1,156,10,5.3,7.5,0.9,153,12,0,29.61,,0,0,0,68.9,68.6,67.4,0.29,0.29,0.32
BELL,2017-08-21 05:50:00 EDT,43.78962,-76.11373,475,66.5,67.2,66.5,84.4,61.6,0.000,0.000,0.00,0.000,4.9,7.7,1.3,162,12,5.3,8.3,1.3,164,11,4.9,7.7,1.3,162,12,0,29.62,,0,0,0,68.8,68.6,67.5,0.30,0.29,0.32
BELL,2017-08-21 05:55:00 EDT,43.78962,-76.11373,475,66.6,67.3,66.6,84.0,61.6,0.000,0.000,0.00,0.000,4.8,7.0,1.0,157,11,5.0,7.2,1.0,159,11,4.8,7.0,1.0,157,11,0,29.62,,0,0,0,68.9,68.6,67.5,0.30,0.29,0.32
BELL,2017-08-21 06:00:00 EDT,43.78962,-76.11373,475,66.4,67.1,66.4,84.0,61.5,0.000,0.000,0.00,0.000,4.2,6.4,0.9,163,14,4.5,7.7,1.2,166,13,4.2,6.4,0.9,163,14,0,29.62,,0,0,0,68.9,68.6,67.5,0.30,0.29,0.32
BELL,2017-08-21 06:05:00 EDT,43.78962,-76.11373,475,66.4,67.2,66.4,84.1,61.5,0.000,0.000,0.00,0.000,5.5,7.5,0.9,160,9,5.8,8.2,1.1,164,9,5.5,7.5,0.9,160,9,1,29.62,,0,0,0,68.9,68.6,67.5,0.29,0.29,0.32
BELL,2017-08-21 06:10:00 EDT,43.78962,-76.11373,475,66.3,67.2,66.3,84.0,61.3,0.000,0.000,0.00,0.000,5.7,8.5,0.9,155,9,6.0,9.0,1.1,157,8,5.7,8.5,0.9,155,9,2,29.62,,0,0,0,68.9,68.6,67.5,0.30,0.29,0.32
BELL,2017-08-21 06:15:00 EDT,43.78962,-76.11373,475,66.3,67.3,66.3,83.7,61.2,0.000,0.000,0.00,0.000,6.2,8.8,1.2,155,11,6.5,9.4,1.1,158,11,6.2,8.8,1.2,155,11,2,29.62,,0,0,0,68.9,68.6,67.5,0.29,0.29,0.32
BELL,2017-08-21 06:20:00 EDT,43.78962,-76.11373,475,66.5,67.4,66.5,83.0,61.2,0.000,0.000,0.00,0.000,5.8,9.4,1.2,154,10,6.1,10.3,1.4,157,10,5.8,9.4,1.2,154,10,2,29.62,,0,0,0,68.8,68.7,67.5,0.30,0.29,0.32
BELL,2017-08-21 06:25:00 EDT,43.78962,-76.11373,475,66.3,67.2,66.3,83.2,61.1,0.000,0.000,0.00,0.000,4.8,8.2,0.9,156,12,5.1,8.8,1.1,160,11,4.8,8.2,0.9,156,12,4,29.62,,0,0,0,68.8,68.6,67.5,0.30,0.29,0.32
BELL,2017-08-21 06:30:00 EDT,43.78962,-76.11373,475,66.2,67.1,66.2,83.3,61.0,0.000,0.000,0.00,0.000,5.2,8.5,1.2,156,11,5.7,9.6,1.2,160,12,5.2,8.5,1.2,156,11,7,29.62,,0,0,0,68.8,68.6,67.5,0.30,0.29,0.32
BELL,2017-08-21 06:35:00 EDT,43.78962,-76.11373,475,65.7,66.8,65.7,83.8,60.7,0.000,0.000,0.00,0.000,4.4,6.5,0.9,152,9,4.8,7.6,1.1,153,10,4.4,6.5,0.9,152,9,10,29.62,,0,0,0,68.8,68.6,67.5,0.30,0.29,0.32
BELL,2017-08-21 06:40:00 EDT,43.78962,-76.11373,475,65.5,66.6,65.5,84.6,60.7,0.000,0.000,0.00,0.000,4.5,7.7,0.7,149,13,4.8,8.1,0.8,152,12,4.5,7.7,0.7,149,13,15,29.62,,0,0,0,68.8,68.6,67.5,0.30,0.29,0.32
BELL,2017-08-21 06:45:00 EDT,43.78962,-76.11373,475,65.7,66.7,65.7,84.1,60.8,0.000,0.000,0.00,0.000,4.6,8.0,1.0,153,12,4.9,7.6,1.0,156,11,4.6,8.0,1.0,153,12,20,29.62,,0,0,0,68.8,68.6,67.5,0.29,0.29,0.32
BELL,2017-08-21 06:50:00 EDT,43.78962,-76.11373,475,65.9,66.7,65.9,83.9,60.9,0.000,0.000,0.00,0.000,4.6,7.3,1.1,154,12,4.9,8.6,1.3,156,12,4.6,7.3,1.1,154,12,26,29.62,,0,0,0,68.8,68.6,67.5,0.29,0.29,0.32
BELL,2017-08-21 06:55:00 EDT,43.78962,-76.11373,475,65.9,66.8,65.9,83.3,60.7,0.000,0.000,0.00,0.000,4.6,7.3,0.9,151,11,4.8,8.6,1.1,153,11,4.6,7.3,0.9,151,11,32,29.62,,0,0,0,68.7,68.6,67.5,0.29,0.29,0.32
BELL,2017-08-21 07:00:00 EDT,43.78962,-76.11373,475,65.7,66.8,65.7,83.6,60.6,0.000,0.000,0.00,0.000,4.6,7.2,1.0,148,11,4.9,7.0,1.1,149,11,4.6,7.2,1.0,148,11,40,29.62,,0,0,0,68.7,68.6,67.4,0.29,0.29,0.32
BELL,2017-08-21 07:05:00 EDT,43.78962,-76.11373,475,66.3,67.1,66.3,83.2,61.0,0.000,0.000,0.00,0.000,5.3,8.0,1.1,156,11,5.7,9.4,1.2,157,11,5.3,8.0,1.1,156,11,64,29.62,,0,0,0,68.6,68.6,67.4,0.29,0.29,0.32
BELL,2017-08-21 07:10:00 EDT,43.78962,-76.11373,475,66.6,67.4,66.6,82.0,60.9,0.000,0.000,0.00,0.000,4.8,7.3,1.1,152,11,5.2,7.5,1.2,156,12,4.8,7.3,1.1,152,11,88,29.62,,0,0,0,68.6,68.6,67.5,0.29,0.29,0.32
BELL,2017-08-21 07:15:00 EDT,43.78962,-76.11373,475,66.8,67.6,66.8,81.2,60.9,0.000,0.000,0.00,0.000,5.0,6.9,0.8,153,10,5.3,8.0,1.0,156,10,5.0,6.9,0.8,153,10,105,29.62,,0,0,0,68.7,68.6,67.5,0.30,0.29,0.32
BELL,2017-08-21 07:20:00 EDT,43.78962,-76.11373,475,67.2,67.9,67.2,79.9,60.8,0.000,0.000,0.00,0.000,5.5,7.9,1.0,151,10,5.9,8.8,1.2,153,9,5.5,7.9,1.0,151,10,91,29.62,,0,0,0,68.5,68.6,67.5,0.29,0.29,0.32
BELL,2017-08-21 07:25:00 EDT,43.78962,-76.11373,475,67.2,67.9,67.2,80.0,60.8,0.000,0.000,0.00,0.000,4.8,7.7,1.1,153,12,5.2,8.4,1.2,156,12,4.8,7.7,1.1,153,12,104,29.62,,0,0,0,68.6,68.6,67.5,0.29,0.29,0.32
BELL,2017-08-21 07:30:00 EDT,43.78962,-76.11373,475,67.5,68.1,67.5,79.5,60.9,0.000,0.000,0.00,0.000,4.9,6.8,1.0,155,11,5.4,7.5,1.0,158,9,4.9,6.8,1.0,155,11,124,29.62,,0,0,0,68.5,68.5,67.5,0.30,0.29,0.32
BELL,2017-08-21 07:35:00 EDT,43.78962,-76.11373,475,67.6,68.1,67.6,79.3,61.0,0.000,0.000,0.00,0.000,4.7,7.7,1.1,154,10,5.1,8.8,1.2,157,9,4.7,7.7,1.1,154,10,142,29.62,,0,0,0,68.5,68.6,67.5,0.29,0.29,0.32
BELL,2017-08-21 07:40:00 EDT,43.78962,-76.11373,475,67.7,68.2,67.7,78.8,60.9,0.000,0.000,0.00,0.000,4.3,6.1,0.8,147,11,4.6,6.6,0.8,148,11,4.3,6.1,0.8,147,11,117,29.62,,0,0,0,68.6,68.6,67.5,0.29,0.29,0.32
BELL,2017-08-21 07:45:00 EDT,43.78962,-76.11373,475,67.7,68.3,67.7,78.7,60.9,0.000,0.000,0.00,0.000,4.8,6.3,0.7,147,10,5.0,7.7,0.8,147,9,4.8,6.3,0.7,147,10,108,29.62,,0,0,0,68.5,68.6,67.5,0.29,0.29,0.32
BELL,2017-08-21 07:50:00 EDT,43.78962,-76.11373,475,67.9,68.4,67.9,79.5,61.3,0.000,0.000,0.00,0.000,4.8,7.2,1.0,156,10,5.2,7.7,1.0,159,11,4.8,7.2,1.0,156,10,158,29.62,,0,0,0,68.5,68.6,67.4,0.29,0.29,0.32
BELL,2017-08-21 07:55:00 EDT,43.78962,-76.11373,475,68.4,68.7,68.4,78.7,61.6,0.000,0.000,0.00,0.000,4.2,6.1,0.8,160,12,4.5,6.8,0.8,163,12,4.2,6.1,0.8,160,12,209,29.62,,0,0,0,68.4,68.6,67.5,0.29,0.29,0.32
BELL,2017-08-21 08:00:00 EDT,43.78962,-76.11373,475,68.8,69.0,68.8,78.5,61.9,0.000,0.000,0.00,0.000,4.2,6.4,1.0,160,12,4.9,7.4,1.1,166,11,4.2,6.4,1.0,160,12,217,29.62,,0,0,0,68.6,68.6,67.5,0.29,0.29,0.32
BELL,2017-08-21 08:05:00 EDT,43.78962,-76.11373,475,69.2,69.3,69.2,77.2,61.7,0.000,0.000,0.00,0.000,5.3,7.1,0.8,163,13,5.7,8.2,1.0,166,12,5.3,7.1,0.8,163,13,226,29.61,,0,0,0,68.4,68.6,67.5,0.29,0.29,0.32
BELL,2017-08-21 08:10:00 EDT,43.78962,-76.11373,475,69.4,69.6,69.4,76.5,61.7,0.000,0.000,0.00,0.000,5.4,8.3,1.1,166,12,5.7,9.6,1.3,169,11,5.4,8.3,1.1,166,12,233,29.62,,0,0,0,68.6,68.6,67.5,0.29,0.29,0.32
BELL,2017-08-21 08:15:00 EDT,43.78962,-76.11373,475,69.9,70.1,69.9,76.4,62.2,0.000,0.000,0.00,0.000,5.4,8.6,1.3,175,13,5.7,9.5,1.4,178,12,5.4,8.6,1.3,175,13,248,29.62,,0,0,0,68.4,68.5,67.5,0.29,0.29,0.32
BELL,2017-08-21 08:20:00 EDT,43.78962,-76.11373,475,70.4,70.5,70.4,74.3,61.8,0.000,0.000,0.00,0.000,6.8,11.0,1.5,174,12,7.2,12.0,1.7,178,9,6.8,11.0,1.5,174,12,251,29.62,,0,0,0,68.5,68.6,67.5,0.29,0.29,0.32
BELL,2017-08-21 08:25:00 EDT,43.78962,-76.11373,475,70.4,70.6,70.4,74.2,61.8,0.000,0.000,0.00,0.000,6.1,10.4,1.8,172,13,6.5,11.7,1.9,176,11,6.1,10.4,1.8,172,13,203,29.62,,0,0,0,68.5,68.5,67.5,0.29,0.29,0.32
BELL,2017-08-21 08:30:00 EDT,43.78962,-76.11373,475,70.4,70.6,70.4,74.8,62.0,0.000,0.000,0.00,0.000,5.9,8.6,1.2,173,13,6.4,9.5,1.4,177,11,5.9,8.6,1.2,173,13,237,29.62,,0,0,0,68.5,68.6,67.5,0.30,0.29,0.32
BELL,2017-08-21 08:35:00 EDT,43.78962,-76.11373,475,70.8,70.9,70.8,74.4,62.2,0.000,0.000,0.00,0.000,6.4,10.2,1.2,169,13,6.9,11.6,1.5,172,11,6.4,10.2,1.2,169,13,302,29.62,,0,0,0,68.4,68.6,67.5,0.30,0.29,0.32
BELL,2017-08-21 08:40:00 EDT,43.78962,-76.11373,475,71.1,71.2,71.1,74.2,62.5,0.000,0.000,0.00,0.000,6.5,10.6,1.6,177,13,7.0,12.9,1.8,179,10,6.5,10.6,1.6,177,13,317,29.62,,0,0,0,68.5,68.5,67.5,0.30,0.29,0.32
BELL,2017-08-21 08:45:00 EDT,43.78962,-76.11373,475,71.3,71.4,71.3,73.2,62.3,0.000,0.000,0.00,0.000,8.3,11.6,1.6,175,13,8.7,12.1,1.6,177,10,8.3,11.6,1.6,175,13,331,29.62,,0,0,0,68.5,68.5,67.5,0.29,0.29,0.32
BELL,2017-08-21 08:50:00 EDT,43.78962,-76.11373,475,71.5,71.6,71.5,72.8,62.3,0.000,0.000,0.00,0.000,8.4,13.2,1.9,169,14,8.9,14.0,2.0,173,12,8.4,13.2,1.9,169,14,343,29.62,,0,0,0,68.5,68.6,67.5,0.30,0.29,0.32
BELL,2017-08-21 08:55:00 EDT,43.78962,-76.11373,475,71.8,71.8,71.8,73.2,62.7,0.000,0.000,0.00,0.000,6.9,13.0,2.4,174,14,7.5,14.0,2.5,176,13,6.9,13.0,2.4,174,14,356,29.61,,0,0,0,68.6,68.5,67.5,0.29,0.29,0.32
BELL,2017-08-21 09:00:00 EDT,43.78962,-76.11373,475,72.0,72.0,72.0,72.3,62.6,0.000,0.000,0.00,0.000,8.0,12.0,1.6,177,12,8.5,12.7,1.9,180,10,8.0,12.0,1.6,177,12,371,29.61,,0,0,0,68.5,68.5,67.5,0.30,0.29,0.32
BELL,2017-08-21 09:05:00 EDT,43.78962,-76.11373,475,72.1,72.1,72.1,71.8,62.5,0.000,0.000,0.00,0.000,8.9,12.3,1.5,178,10,9.5,13.4,1.8,181,7,8.9,12.3,1.5,178,10,388,29.61,,0,0,0,68.6,68.5,67.5,0.29,0.29,0.32
BELL,2017-08-21 09:10:00 EDT,43.78962,-76.11373,475,72.4,72.4,72.4,71.7,62.7,0.000,0.000,0.00,0.000,8.8,12.1,1.7,171,13,9.3,14.1,2.0,175,13,8.8,12.1,1.7,171,13,402,29.62,,0,0,0,68.5,68.5,67.5,0.29,0.29,0.32
BELL,2017-08-21 09:15:00 EDT,43.78962,-76.11373,475,72.5,72.5,72.5,70.7,62.5,0.000,0.000,0.00,0.000,8.6,13.0,1.5,171,12,9.0,13.8,1.9,175,12,8.6,13.0,1.5,171,12,418,29.62,,0,0,0,68.6,68.5,67.4,0.30,0.29,0.32
BELL,2017-08-21 09:20:00 EDT,43.78962,-76.11373,475,72.8,72.8,72.8,70.6,62.7,0.000,0.000,0.00,0.000,8.0,12.3,1.8,178,12,8.6,14.0,2.1,181,11,8.0,12.3,1.8,178,12,432,29.62,,0,0,0,68.6,68.5,67.5,0.30,0.29,0.32
BELL,2017-08-21 09:25:00 EDT,43.78962,-76.11373,475,73.0,72.9,73.0,70.3,62.8,0.000,0.000,0.00,0.000,7.8,12.3,2.1,168,16,8.5,13.3,2.3,171,14,7.8,12.3,2.1,168,16,444,29.62,,0,0,0,68.6,68.5,67.5,0.30,0.29,0.32
BELL,2017-08-21 09:30:00 EDT,43.78962,-76.11373,475,73.1,72.9,73.1,70.2,62.8,0.000,0.000,0.00,0.000,8.3,11.5,1.6,174,10,8.9,12.8,1.8,177,9,8.3,11.5,1.6,174,10,456,29.62,,0,0,0,68.7,68.6,67.5,0.30,0.29,0.32
BELL,2017-08-21 09:35:00 EDT,43.78962,-76.11373,475,73.6,73.4,73.6,70.3,63.3,0.000,0.000,0.00,0.000,6.7,11.0,1.9,158,15,7.2,13.1,2.0,161,14,6.7,11.0,1.9,158,15,468,29.62,,0,0,0,68.6,68.6,67.5,0.30,0.29,0.32
BELL,2017-08-21 09:40:00 EDT,43.78962,-76.11373,475,73.9,73.6,73.9,69.7,63.4,0.000,0.000,0.00,0.000,8.1,12.5,2.2,169,15,8.6,14.3,2.4,171,14,8.1,12.5,2.2,169,15,476,29.62,,0,0,0,68.7,68.5,67.5,0.29,0.29,0.32
BELL,2017-08-21 09:45:00 EDT,43.78962,-76.11373,475,73.9,73.7,73.9,69.1,63.1,0.000,0.000,0.00,0.000,7.9,11.3,1.5,173,12,8.3,12.1,1.6,177,11,7.9,11.3,1.5,173,12,488,29.61,,0,0,0,68.8,68.5,67.5,0.29,0.29,0.32
BELL,2017-08-21 09:50:00 EDT,43.78962,-76.11373,475,74.4,74.1,74.4,69.3,63.7,0.000,0.000,0.00,0.000,7.0,13.4,2.1,173,15,7.5,14.4,2.3,175,14,7.0,13.4,2.1,173,15,461,29.61,,0,0,0,68.8,68.5,67.5,0.29,0.29,0.32
BELL,2017-08-21 09:55:00 EDT,43.78962,-76.11373,475,74.5,74.4,74.5,68.3,63.4,0.000,0.000,0.00,0.000,7.1,10.7,1.4,175,15,7.6,11.4,1.6,179,14,7.1,10.7,1.4,175,15,517,29.61,,0,0,0,68.8,68.5,67.4,0.29,0.29,0.32
BELL,2017-08-21 10:00:00 EDT,43.78962,-76.11373,475,74.6,74.5,74.6,67.7,63.2,0.000,0.000,0.00,0.000,6.8,11.3,1.9,173,14,7.3,13.0,2.1,177,12,6.8,11.3,1.9,173,14,529,29.61,,0,0,0,68.9,68.5,67.5,0.29,0.29,0.32
BELL,2017-08-21 10:05:00 EDT,43.78962,-76.11373,475,74.9,74.7,74.9,68.3,63.7,0.000,0.000,0.00,0.000,6.8,10.0,1.5,173,11,7.2,10.7,1.6,175,10,6.8,10.0,1.5,173,11,542,29.61,,0,0,0,68.9,68.5,67.5,0.29,0.29,0.32
BELL,2017-08-21 10:10:00 EDT,43.78962,-76.11373,475,75.2,74.9,75.2,67.8,63.8,0.000,0.000,0.00,0.000,7.9,11.6,1.6,181,12,8.6,12.6,1.9,184,10,7.9,11.6,1.6,181,12,552,29.61,,0,0,0,68.9,68.6,67.5,0.29,0.29,0.32
BELL,2017-08-21 10:15:00 EDT,43.78962,-76.11373,475,75.3,75.0,75.3,66.9,63.6,0.000,0.000,0.00,0.000,7.9,11.3,1.8,186,15,8.4,12.5,2.0,189,12,7.9,11.3,1.8,186,15,564,29.61,,0,0,0,68.9,68.5,67.5,0.29,0.29,0.32
BELL,2017-08-21 10:20:00 EDT,43.78962,-76.11373,475,75.4,75.2,75.4,66.8,63.6,0.000,0.000,0.00,0.000,8.7,12.3,1.6,180,18,9.1,14.3,1.7,182,17,8.7,12.3,1.6,180,18,575,29.61,,0,0,0,68.9,68.6,67.5,0.30,0.29,0.32
BELL,2017-08-21 10:25:00 EDT,43.78962,-76.11373,475,75.9,75.5,75.9,67.6,64.4,0.000,0.000,0.00,0.000,6.7,9.6,1.4,173,16,7.1,10.0,1.5,178,15,6.7,9.6,1.4,173,16,587,29.61,,0,0,0,68.9,68.5,67.5,0.29,0.29,0.32
BELL,2017-08-21 10:30:00 EDT,43.78962,-76.11373,475,76.2,75.7,76.2,66.5,64.2,0.000,0.000,0.00,0.000,7.3,11.4,1.8,201,14,7.6,11.1,1.7,202,13,7.3,11.4,1.8,201,14,599,29.61,,0,0,0,69.0,68.5,67.5,0.29,0.29,0.32
BELL,2017-08-21 10:35:00 EDT,43.78962,-76.11373,475,76.3,75.8,76.3,66.7,64.4,0.000,0.000,0.00,0.000,7.4,11.3,1.9,175,14,7.8,13.6,2.1,178,14,7.4,11.3,1.9,175,14,612,29.61,,0,0,0,69.1,68.5,67.5,0.29,0.29,0.32
BELL,2017-08-21 10:40:00 EDT,43.78962,-76.11373,475,76.5,76.1,76.5,66.1,64.3,0.000,0.000,0.00,0.000,6.1,9.3,1.4,187,16,6.8,10.1,1.5,189,12,6.1,9.3,1.4,187,16,623,29.61,,0,0,0,69.1,68.5,67.5,0.30,0.29,0.32
BELL,2017-08-21 10:45:00 EDT,43.78962,-76.11373,475,76.8,76.4,76.8,66.7,64.8,0.000,0.000,0.00,0.000,6.8,11.5,2.0,172,12,7.2,12.5,2.2,174,11,6.8,11.5,2.0,172,12,631,29.60,,0,0,0,69.1,68.5,67.4,0.29,0.29,0.32
BELL,2017-08-21 10:50:00 EDT,43.78962,-76.11373,475,77.0,76.6,77.0,66.5,65.0,0.000,0.000,0.00,0.000,6.6,9.8,1.4,171,13,7.1,10.7,1.6,174,12,6.6,9.8,1.4,171,13,637,29.60,,0,0,0,69.2,68.5,67.5,0.29,0.29,0.32
BELL,2017-08-21 10:55:00 EDT,43.78962,-76.11373,475,77.0,76.6,77.0,65.5,64.5,0.000,0.000,0.00,0.000,6.3,8.6,1.4,181,16,6.8,10.8,1.5,183,15,6.3,8.6,1.4,181,16,647,29.60,,0,0,0,69.1,68.5,67.5,0.29,0.29,0.32
BELL,2017-08-21 11:00:00 EDT,43.78962,-76.11373,475,77.5,77.0,77.5,66.7,65.6,0.000,0.000,0.00,0.000,5.9,8.9,1.6,175,16,6.5,11.3,1.7,178,14,5.9,8.9,1.6,175,16,656,29.60,,0,0,0,69.2,68.5,67.5,0.29,0.29,0.32
BELL,2017-08-21 11:05:00 EDT,43.78962,-76.11373,475,77.4,77.0,77.4,65.0,64.7,0.000,0.000,0.00,0.000,7.5,10.3,1.6,175,14,8.0,11.0,1.6,178,13,7.5,10.3,1.6,175,14,662,29.60,,0,0,0,69.2,68.5,67.5,0.29,0.29,0.32
BELL,2017-08-21 11:10:00 EDT,43.78962,-76.11373,475,77.7,77.3,77.7,64.1,64.5,0.000,0.000,0.00,0.000,7.7,11.9,1.7,189,19,8.2,13.1,1.8,191,18,7.7,11.9,1.7,189,19,669,29.60,,0,0,0,69.3,68.5,67.5,0.29,0.29,0.32
BELL,2017-08-21 11:15:00 EDT,43.78962,-76.11373,475,77.8,77.4,77.8,64.1,64.7,0.000,0.000,0.00,0.000,8.3,11.6,1.6,173,14,8.8,13.3,1.9,177,12,8.3,11.6,1.6,173,14,680,29.60,,0,0,0,69.3,68.6,67.5,0.29,0.29,0.32
BELL,2017-08-21 11:20:00 EDT,43.78962,-76.11373,475,78.0,77.5,78.0,64.8,65.1,0.000,0.000,0.00,0.000,6.8,10.9,1.5,194,14,7.0,11.4,1.5,196,13,6.8,10.9,1.5,194,14,687,29.60,,0,0,0,69.3,68.5,67.5,0.29,0.29,0.32
BELL,2017-08-21 11:25:00 EDT,43.78962,-76.11373,475,78.0,77.6,78.0,64.9,65.2,0.000,0.000,0.00,0.000,7.2,10.1,1.4,188,15,7.5,10.2,1.5,192,14,7.2,10.1,1.4,188,15,694,29.59,,0,0,0,69.3,68.5,67.4,0.29,0.29,0.32
BELL,2017-08-21 11:30:00 EDT,43.78962,-76.11373,475,78.4,77.9,78.4,64.7,65.6,0.000,0.000,0.00,0.000,7.9,12.1,2.2,179,12,8.6,13.3,2.2,183,10,7.9,12.1,2.2,179,12,703,29.59,,0,0,0,69.4,68.5,67.5,0.29,0.29,0.32
BELL,2017-08-21 11:35:00 EDT,43.78962,-76.11373,475,78.3,77.9,78.3,63.4,64.9,0.000,0.000,0.00,0.000,9.1,12.6,1.6,178,13,9.7,14.3,1.8,182,11,9.1,12.6,1.6,178,13,709,29.59,,0,0,0,69.5,68.5,67.4,0.29,0.29,0.32
BELL,2017-08-21 11:40:00 EDT,43.78962,-76.11373,475,78.8,78.4,78.8,65.1,66.1,0.000,0.000,0.00,0.000,6.3,12.5,2.1,182,17,7.2,12.7,2.2,187,15,6.3,12.5,2.1,182,17,713,29.59,,0,0,0,69.5,68.5,67.5,0.29,0.29,0.32
BELL,2017-08-21 11:45:00 EDT,43.78962,-76.11373,475,79.0,78.6,79.0,62.8,65.3,0.000,0.000,0.00,0.000,8.0,12.1,1.6,179,13,8.4,14.2,1.9,183,11,8.0,12.1,1.6,179,13,715,29.59,,0,0,0,69.6,68.5,67.5,0.29,0.28,0.32
BELL,2017-08-21 11:50:00 EDT,43.78962,-76.11373,475,78.9,78.5,78.9,61.3,64.4,0.000,0.000,0.00,0.000,9.3,13.7,1.8,195,11,9.7,14.0,1.9,197,8,9.3,13.7,1.8,195,11,721,29.59,,0,0,0,69.6,68.5,67.5,0.29,0.29,0.32
BELL,2017-08-21 11:55:00 EDT,43.78962,-76.11373,475,78.8,78.4,78.8,59.5,63.5,0.000,0.000,0.00,0.000,9.1,12.6,1.8,205,9,9.3,12.5,1.7,208,8,9.1,12.6,1.8,205,9,729,29.59,,0,0,0,69.6,68.5,67.5,0.29,0.29,0.32
BELL,2017-08-21 12:00:00 EDT,43.78962,-76.11373,475,79.1,78.6,79.1,61.7,64.8,0.000,0.000,0.00,0.000,8.4,11.0,1.6,212,15,8.8,12.2,1.7,214,14,8.4,11.0,1.6,212,15,736,29.59,,0,0,0,69.7,68.5,67.5,0.29,0.28,0.32
BELL,2017-08-21 12:05:00 EDT,43.78962,-76.11373,475,79.2,78.7,79.2,60.4,64.3,0.000,0.000,0.00,0.000,8.8,14.1,2.1,233,12,9.2,13.9,2.1,236,12,8.8,14.1,2.1,233,12,742,29.60,,0,0,0,69.7,68.5,67.5,0.29,0.29,0.32
BELL,2017-08-21 12:10:00 EDT,43.78962,-76.11373,475,79.4,78.9,79.4,58.5,63.5,0.000,0.000,0.00,0.000,8.7,12.1,2.1,218,15,9.1,13.4,2.0,220,14,8.7,12.1,2.1,218,15,744,29.60,,0,0,0,69.8,68.5,67.5,0.29,0.29,0.32
BELL,2017-08-21 12:15:00 EDT,43.78962,-76.11373,475,79.2,78.8,79.2,57.8,63.0,0.000,0.000,0.00,0.000,9.6,14.2,2.5,219,15,9.7,14.2,2.4,221,13,9.6,14.2,2.5,219,15,745,29.60,,0,0,0,69.9,68.5,67.5,0.29,0.29,0.32
BELL,2017-08-21 12:20:00 EDT,43.78962,-76.11373,475,79.1,78.7,79.1,58.9,63.5,0.000,0.000,0.00,0.000,9.1,15.1,2.2,215,14,9.3,16.5,2.4,215,14,9.1,15.1,2.2,215,14,752,29.60,,0,0,0,69.8,68.5,67.4,0.29,0.29,0.32
BELL,2017-08-21 12:25:00 EDT,43.78962,-76.11373,475,79.2,78.8,79.2,59.2,63.8,0.000,0.000,0.00,0.000,10.0,14.0,2.0,224,12,10.5,15.9,2.0,227,11,10.0,14.0,2.0,224,12,757,29.60,,0,0,0,69.9,68.5,67.5,0.29,0.29,0.32
BELL,2017-08-21 12:30:00 EDT,43.78962,-76.11373,475,78.9,78.5,78.9,57.2,62.5,0.000,0.000,0.00,0.000,13.0,17.5,2.3,205,8,13.2,17.6,2.3,207,9,13.0,17.5,2.3,205,8,760,29.59,,0,0,0,69.9,68.5,67.4,0.29,0.29,0.32
BELL,2017-08-21 12:35:00 EDT,43.78962,-76.11373,475,78.8,78.4,78.8,58.4,62.9,0.000,0.000,0.00,0.000,10.5,15.6,2.3,210,14,10.8,16.0,2.3,211,12,10.5,15.6,2.3,210,14,765,29.59,,0,0,0,69.9,68.5,67.5,0.29,0.29,0.32
BELL,2017-08-21 12:40:00 EDT,43.78962,-76.11373,475,79.2,78.8,79.2,60.1,64.2,0.000,0.000,0.00,0.000,9.4,14.0,1.8,215,16,9.7,15.7,2.1,215,16,9.4,14.0,1.8,215,16,766,29.59,,0,0,0,69.9,68.5,67.5,0.29,0.29,0.32
BELL,2017-08-21 12:45:00 EDT,43.78962,-76.11373,475,79.3,78.8,79.3,59.5,64.0,0.000,0.000,0.00,0.000,8.8,14.6,2.3,205,15,9.4,15.9,2.4,206,13,8.8,14.6,2.3,205,15,765,29.59,,0,0,0,69.9,68.5,67.5,0.29,0.29,0.32
BELL,2017-08-21 12:50:00 EDT,43.78962,-76.11373,475,79.4,78.9,79.4,60.0,64.3,0.000,0.000,0.00,0.000,9.9,16.1,2.7,210,14,9.9,15.8,2.6,212,13,9.9,16.1,2.7,210,14,770,29.59,,0,0,0,70.1,68.5,67.5,0.29,0.29,0.32
BELL,2017-08-21 12:55:00 EDT,43.78962,-76.11373,475,79.2,78.7,79.2,59.7,64.0,0.000,0.000,0.00,0.000,11.2,16.1,2.3,220,15,11.5,16.7,2.2,221,16,11.2,16.1,2.3,220,15,768,29.59,,0,0,0,70.1,68.5,67.5,0.29,0.29,0.32
BELL,2017-08-21 13:00:00 EDT,43.78962,-76.11373,475,78.9,78.5,78.9,60.3,64.0,0.000,0.000,0.00,0.000,10.8,15.7,1.9,223,12,11.3,16.9,1.9,223,14,10.8,15.7,1.9,223,12,752,29.59,,0,0,0,70.2,68.5,67.5,0.29,0.29,0.32
BELL,2017-08-21 13:05:00 EDT,43.78962,-76.11373,475,78.9,78.4,78.9,59.8,63.8,0.000,0.000,0.00,0.000,12.0,16.4,2.2,231,9,12.1,17.2,2.3,233,8,12.0,16.4,2.2,231,9,784,29.59,,0,0,0,70.3,68.5,67.5,0.29,0.29,0.32
BELL,2017-08-21 13:10:00 EDT,43.78962,-76.11373,475,78.9,78.5,78.9,59.1,63.4,0.000,0.000,0.00,0.000,11.2,17.0,2.5,224,15,11.5,19.0,2.5,226,15,11.2,17.0,2.5,224,15,769,29.59,,0,0,0,70.3,68.5,67.5,0.29,0.29,0.32
BELL,2017-08-21 13:15:00 EDT,43.78962,-76.11373,475,78.6,78.2,78.6,60.2,63.7,0.000,0.000,0.00,0.000,11.2,16.1,2.5,219,13,11.4,15.7,2.3,221,12,11.2,16.1,2.5,219,13,763,29.59,,0,0,0,70.4,68.5,67.5,0.29,0.29,0.32
BELL,2017-08-21 13:20:00 EDT,43.78962,-76.11373,475,78.6,78.1,78.6,61.6,64.3,0.000,0.000,0.00,0.000,10.1,15.9,2.1,230,10,10.3,16.3,2.1,233,10,10.1,15.9,2.1,230,10,762,29.59,,0,0,0,70.4,68.5,67.5,0.29,0.28,0.32
BELL,2017-08-21 13:25:00 EDT,43.78962,-76.11373,475,78.8,78.3,78.8,61.2,64.3,0.000,0.000,0.00,0.000,9.6,13.3,2.2,214,16,10.0,13.6,2.1,216,15,9.6,13.3,2.2,214,16,754,29.59,,0,0,0,70.5,68.5,67.5,0.29,0.29,0.32
BELL,2017-08-21 13:30:00 EDT,43.78962,-76.11373,475,79.1,78.6,79.1,61.2,64.6,0.000,0.000,0.00,0.000,7.5,12.5,1.9,216,18,7.9,12.4,2.0,219,17,7.5,12.5,1.9,216,18,733,29.59,,0,0,0,70.6,68.5,67.5,0.29,0.29,0.32
BELL,2017-08-21 13:35:00 EDT,43.78962,-76.11373,475,78.8,78.4,78.8,59.3,63.4,0.000,0.000,0.00,0.000,9.4,14.1,2.2,222,16,9.6,13.7,2.2,223,16,9.4,14.1,2.2,222,16,704,29.59,,0,0,0,70.7,68.5,67.5,0.29,0.29,0.32
BELL,2017-08-21 13:40:00 EDT,43.78962,-76.11373,475,78.6,78.2,78.6,58.6,62.9,0.000,0.000,0.00,0.000,8.0,11.5,1.6,209,13,8.2,11.9,1.8,210,12,8.0,11.5,1.6,209,13,669,29.58,,0,0,0,70.7,68.5,67.5,0.29,0.29,0.32
BELL,2017-08-21 13:45:00 EDT,43.78962,-76.11373,475,78.7,78.3,78.7,60.3,63.8,0.000,0.000,0.00,0.000,7.3,10.7,1.9,226,16,7.8,11.7,1.7,229,15,7.3,10.7,1.9,226,16,624,29.58,,0,0,0,70.7,68.5,67.5,0.28,0.29,0.32
BELL,2017-08-21 13:50:00 EDT,43.78962,-76.11373,475,78.3,78.0,78.3,59.0,62.8,0.000,0.000,0.00,0.000,8.9,12.8,1.7,206,11,9.1,13.2,1.6,207,10,8.9,12.8,1.7,206,11,584,29.58,,0,0,0,70.7,68.5,67.4,0.29,0.28,0.32
BELL,2017-08-21 13:55:00 EDT,43.78962,-76.11373,475,78.0,77.8,78.0,58.6,62.3,0.000,0.000,0.00,0.000,8.2,12.1,1.9,210,11,8.2,12.3,1.9,212,10,8.2,12.1,1.9,210,11,539,29.58,,0,0,0,70.8,68.5,67.5,0.28,0.28,0.32
BELL,2017-08-21 14:00:00 EDT,43.78962,-76.11373,475,78.1,77.9,78.1,60.2,63.2,0.000,0.000,0.00,0.000,7.7,10.6,1.5,218,11,7.9,11.0,1.4,220,10,7.7,10.6,1.5,218,11,501,29.58,,0,0,0,70.9,68.5,67.5,0.28,0.29,0.32
BELL,2017-08-21 14:05:00 EDT,43.78962,-76.11373,475,77.8,77.7,77.8,59.6,62.6,0.000,0.000,0.00,0.000,7.8,10.9,1.2,227,12,7.9,11.9,1.3,229,11,7.8,10.9,1.2,227,12,425,29.58,,0,0,0,71.0,68.5,67.5,0.28,0.29,0.32
BELL,2017-08-21 14:10:00 EDT,43.78962,-76.11373,475,77.6,77.5,77.6,61.8,63.4,0.000,0.000,0.00,0.000,6.9,11.0,1.3,241,17,7.4,10.9,1.3,243,17,6.9,11.0,1.3,241,17,386,29.58,,0,0,0,71.1,68.5,67.4,0.29,0.28,0.32
BELL,2017-08-21 14:15:00 EDT,43.78962,-76.11373,475,77.5,77.5,77.5,61.9,63.4,0.000,0.000,0.00,0.000,6.2,8.8,1.2,244,14,6.7,10.1,1.3,248,14,6.2,8.8,1.2,244,14,370,29.58,,0,0,0,71.2,68.5,67.4,0.29,0.29,0.32
BELL,2017-08-21 14:20:00 EDT,43.78962,-76.11373,475,77.5,77.5,77.5,61.9,63.4,0.000,0.000,0.00,0.000,5.7,8.6,1.3,242,11,6.0,8.7,1.2,246,12,5.7,8.6,1.3,242,11,323,29.57,,0,0,0,71.2,68.5,67.5,0.29,0.29,0.32
BELL,2017-08-21 14:25:00 EDT,43.78962,-76.11373,475,77.2,77.2,77.2,61.1,62.7,0.000,0.000,0.00,0.000,6.5,7.9,0.8,247,13,6.7,8.3,0.9,250,13,6.5,7.9,0.8,247,13,277,29.57,,0,0,0,71.2,68.5,67.4,0.28,0.29,0.32
BELL,2017-08-21 14:30:00 EDT,43.78962,-76.11373,475,77.0,77.1,77.0,61.9,62.9,0.000,0.000,0.00,0.000,5.5,7.2,0.8,230,10,5.7,7.4,0.7,232,10,5.5,7.2,0.8,230,10,246,29.57,,0,0,0,71.3,68.5,67.5,0.28,0.29,0.32
BELL,2017-08-21 14:35:00 EDT,43.78962,-76.11373,475,76.7,76.9,76.7,62.6,63.0,0.000,0.000,0.00,0.000,5.0,6.8,0.9,222,10,5.2,7.1,0.9,225,9,5.0,6.8,0.9,222,10,220,29.57,,0,0,0,71.2,68.5,67.5,0.28,0.29,0.32
BELL,2017-08-21 14:40:00 EDT,43.78962,-76.11373,475,76.5,76.8,76.5,65.3,64.0,0.000,0.000,0.00,0.000,4.8,6.6,0.9,234,10,5.2,7.2,1.0,236,10,4.8,6.6,0.9,234,10,167,29.57,,0,0,0,71.2,68.5,67.4,0.28,0.29,0.32
BELL,2017-08-21 14:45:00 EDT,43.78962,-76.11373,475,76.3,76.6,76.3,64.8,63.6,0.000,0.000,0.00,0.000,5.2,7.5,1.0,247,13,5.5,7.8,1.0,249,13,5.2,7.5,1.0,247,13,189,29.57,,0,0,0,71.2,68.5,67.5,0.28,0.29,0.32
BELL,2017-08-21 14:50:00 EDT,43.78962,-76.11373,475,76.2,76.5,76.2,64.5,63.4,0.000,0.000,0.00,0.000,4.8,6.6,0.7,245,12,5.0,7.5,0.9,248,12,4.8,6.6,0.7,245,12,160,29.57,,0,0,0,71.3,68.5,67.5,0.28,0.29,0.32
BELL,2017-08-21 14:55:00 EDT,43.78962,-76.11373,475,76.0,76.2,76.0,65.1,63.4,0.000,0.000,0.00,0.000,4.3,5.8,0.9,229,8,4.4,6.6,1.0,231,8,4.3,5.8,0.9,229,8,183,29.57,,0,0,0,71.2,68.5,67.5,0.28,0.29,0.32
BELL,2017-08-21 15:00:00 EDT,43.78962,-76.11373,475,76.2,76.2,76.2,66.4,64.2,0.000,0.000,0.00,0.000,2.9,4.4,0.7,227,11,3.0,4.8,0.6,229,10,2.9,4.4,0.7,227,11,288,29.57,,0,0,0,71.2,68.5,67.5,0.28,0.29,0.32
BELL,2017-08-21 15:05:00 EDT,43.78962,-76.11373,475,76.6,76.4,76.6,65.2,64.0,0.000,0.000,0.00,0.000,3.5,4.7,0.7,233,21,3.7,5.4,0.8,236,20,3.5,4.7,0.7,233,21,336,29.56,,0,0,0,71.3,68.5,67.5,0.29,0.29,0.32
BELL,2017-08-21 15:10:00 EDT,43.78962,-76.11373,475,76.7,76.5,76.7,63.6,63.4,0.000,0.000,0.00,0.000,4.1,5.1,0.6,221,14,4.1,5.7,0.7,223,12,4.1,5.1,0.6,221,14,370,29.56,,0,0,0,71.3,68.5,67.4,0.29,0.29,0.32
BELL,2017-08-21 15:15:00 EDT,43.78962,-76.11373,475,77.0,76.8,77.0,63.9,63.9,0.000,0.000,0.00,0.000,4.9,8.0,1.2,228,13,5.1,8.4,1.3,232,12,4.9,8.0,1.2,228,13,410,29.56,,0,0,0,71.2,68.5,67.5,0.28,0.29,0.32
BELL,2017-08-21 15:20:00 EDT,43.78962,-76.11373,475,77.1,76.8,77.1,62.7,63.4,0.000,0.000,0.00,0.000,6.0,9.0,1.3,224,11,6.2,8.3,1.2,226,10,6.0,9.0,1.3,224,11,439,29.56,,0,0,0,71.2,68.5,67.5,0.28,0.29,0.32
BELL,2017-08-21 15:25:00 EDT,43.78962,-76.11373,475,77.3,77.0,77.3,62.1,63.3,0.000,0.000,0.00,0.000,6.1,8.7,1.4,219,11,6.2,9.1,1.3,220,12,6.1,8.7,1.4,219,11,475,29.56,,0,0,0,71.2,68.5,67.5,0.28,0.28,0.32
BELL,2017-08-21 15:30:00 EDT,43.78962,-76.11373,475,77.5,77.1,77.5,61.7,63.3,0.000,0.000,0.00,0.000,7.1,9.4,1.1,228,10,7.1,9.6,1.2,230,10,7.1,9.4,1.1,228,10,516,29.56,,0,0,0,71.3,68.5,67.4,0.29,0.28,0.32
BELL,2017-08-21 15:35:00 EDT,43.78962,-76.11373,475,77.6,77.3,77.6,61.5,63.3,0.000,0.000,0.00,0.000,7.2,10.2,1.2,242,12,7.5,10.8,1.3,245,12,7.2,10.2,1.2,242,12,542,29.56,,0,0,0,71.2,68.5,67.4,0.28,0.28,0.32
BELL,2017-08-21 15:40:00 EDT,43.78962,-76.11373,475,77.8,77.4,77.8,61.7,63.6,0.000,0.000,0.00,0.000,7.2,10.6,1.5,234,8,7.4,11.0,1.6,236,8,7.2,10.6,1.5,234,8,567,29.56,,0,0,0,71.3,68.6,67.4,0.28,0.28,0.32
BELL,2017-08-21 15:45:00 EDT,43.78962,-76.11373,475,77.9,77.4,77.9,61.8,63.7,0.000,0.000,0.00,0.000,6.6,10.5,1.6,230,12,6.7,11.3,1.7,232,12,6.6,10.5,1.6,230,12,585,29.56,,0,0,0,71.2,68.5,67.4,0.28,0.28,0.32
BELL,2017-08-21 15:50:00 EDT,43.78962,-76.11373,475,78.2,77.7,78.2,62.8,64.5,0.000,0.000,0.00,0.000,5.9,8.4,1.0,233,12,6.1,9.3,1.1,237,11,5.9,8.4,1.0,233,12,591,29.56,,0,0,0,71.3,68.5,67.4,0.28,0.28,0.32
BELL,2017-08-21 15:55:00 EDT,43.78962,-76.11373,475,78.3,77.8,78.3,62.2,64.3,0.000,0.000,0.00,0.000,6.2,8.4,1.2,234,14,6.4,9.0,1.1,237,14,6.2,8.4,1.2,234,14,578,29.56,,0,0,0,71.3,68.6,67.5,0.28,0.28,0.32
BELL,2017-08-21 16:00:00 EDT,43.78962,-76.11373,475,78.9,78.4,78.9,64.2,65.8,0.000,0.000,0.00,0.000,4.4,7.4,1.5,224,23,4.7,8.0,1.6,228,22,4.4,7.4,1.5,224,23,578,29.55,,0,0,0,71.3,68.5,67.5,0.28,0.28,0.32
BELL,2017-08-21 16:05:00 EDT,43.78962,-76.11373,475,78.6,78.2,78.6,62.1,64.5,0.000,0.000,0.00,0.000,5.9,8.3,1.3,203,16,6.1,9.6,1.4,205,15,5.9,8.3,1.3,203,16,564,29.55,,0,0,0,71.3,68.6,67.5,0.29,0.28,0.32
BELL,2017-08-21 16:10:00 EDT,43.78962,-76.11373,475,78.5,78.1,78.5,62.1,64.4,0.000,0.000,0.00,0.000,8.1,10.8,1.3,200,10,8.3,11.3,1.4,201,8,8.1,10.8,1.3,200,10,549,29.55,,0,0,0,71.3,68.6,67.5,0.28,0.28,0.32
BELL,2017-08-21 16:15:00 EDT,43.78962,-76.11373,475,78.6,78.2,78.6,62.9,65.0,0.000,0.000,0.00,0.000,5.9,8.8,1.3,227,14,6.1,8.9,1.2,230,13,5.9,8.8,1.3,227,14,537,29.55,,0,0,0,71.4,68.5,67.4,0.28,0.28,0.32
BELL,2017-08-21 16:20:00 EDT,43.78962,-76.11373,475,79.0,78.6,79.0,62.7,65.2,0.000,0.000,0.00,0.000,6.2,9.6,1.4,225,11,6.5,10.7,1.4,228,10,6.2,9.6,1.4,225,11,527,29.55,,0,0,0,71.3,68.5,67.5,0.28,0.28,0.32
BELL,2017-08-21 16:25:00 EDT,43.78962,-76.11373,475,78.9,78.5,78.9,62.1,64.8,0.000,0.000,0.00,0.000,6.6,10.4,1.5,228,10,6.8,11.0,1.6,230,10,6.6,10.4,1.5,228,10,513,29.55,,0,0,0,71.4,68.5,67.5,0.28,0.28,0.32
BELL,2017-08-21 16:30:00 EDT,43.78962,-76.11373,475,78.7,78.4,78.7,62.6,64.9,0.000,0.000,0.00,0.000,7.3,9.5,1.2,226,10,7.3,10.1,1.3,228,9,7.3,9.5,1.2,226,10,502,29.55,,0,0,0,71.5,68.5,67.4,0.28,0.28,0.32
BELL,2017-08-21 16:35:00 EDT,43.78962,-76.11373,475,78.7,78.4,78.7,62.3,64.7,0.000,0.000,0.00,0.000,7.2,9.1,0.9,232,11,7.3,9.7,1.0,235,10,7.2,9.1,0.9,232,11,491,29.55,,0,0,0,71.6,68.5,67.4,0.28,0.28,0.32
BELL,2017-08-21 16:40:00 EDT,43.78962,-76.11373,475,78.8,78.5,78.8,63.2,65.3,0.000,0.000,0.00,0.000,6.1,8.4,1.1,225,13,6.4,8.7,1.1,228,13,6.1,8.4,1.1,225,13,478,29.55,,0,0,0,71.7,68.6,67.5,0.28,0.28,0.32
BELL,2017-08-21 16:45:00 EDT,43.78962,-76.11373,475,78.7,78.4,78.7,63.3,65.2,0.000,0.000,0.00,0.000,6.7,9.4,1.2,227,13,6.9,9.7,1.2,230,12,6.7,9.4,1.2,227,13,461,29.55,,0,0,0,71.8,68.6,67.4,0.28,0.28,0.32
BELL,2017-08-21 16:50:00 EDT,43.78962,-76.11373,475,78.7,78.4,78.7,63.9,65.5,0.000,0.000,0.00,0.000,6.6,9.4,1.8,236,12,7.0,9.7,1.6,238,12,6.6,9.4,1.8,236,12,452,29.55,,0,0,0,71.8,68.6,67.5,0.28,0.28,0.32
BELL,2017-08-21 16:55:00 EDT,43.78962,-76.11373,475,78.4,78.1,78.4,64.1,65.3,0.000,0.000,0.00,0.000,6.6,8.5,0.9,240,9,6.8,9.2,1.0,243,9,6.6,8.5,0.9,240,9,433,29.55,,0,0,0,71.8,68.5,67.5,0.28,0.28,0.32
BELL,2017-08-21 17:00:00 EDT,43.78962,-76.11373,475,78.3,78.0,78.3,63.9,65.1,0.000,0.000,0.00,0.000,6.6,8.5,1.0,236,10,6.9,9.2,1.1,239,10,6.6,8.5,1.0,236,10,425,29.55,,0,0,0,71.8,68.5,67.4,0.28,0.28,0.32
BELL,2017-08-21 17:05:00 EDT,43.78962,-76.11373,475,78.1,77.8,78.1,64.0,64.9,0.000,0.000,0.00,0.000,6.5,8.7,0.9,241,6,6.7,9.7,0.9,243,6,6.5,8.7,0.9,241,6,414,29.55,,0,0,0,71.8,68.6,67.5,0.28,0.28,0.32
BELL,2017-08-21 17:10:00 EDT,43.78962,-76.11373,475,78.1,77.8,78.1,63.9,64.9,0.000,0.000,0.00,0.000,5.8,7.4,0.8,238,11,6.0,7.6,0.8,240,12,5.8,7.4,0.8,238,11,397,29.55,,0,0,0,72.0,68.5,67.4,0.28,0.28,0.32
BELL,2017-08-21 17:15:00 EDT,43.78962,-76.11373,475,78.3,78.1,78.3,64.9,65.5,0.000,0.000,0.00,0.000,4.6,8.4,1.4,223,22,4.7,9.3,1.5,225,21,4.6,8.4,1.4,223,22,379,29.55,,0,0,0,71.9,68.6,67.4,0.28,0.28,0.32
BELL,2017-08-21 17:20:00 EDT,43.78962,-76.11373,475,78.1,78.0,78.1,64.9,65.4,0.000,0.000,0.00,0.000,5.5,7.7,1.3,204,14,5.7,8.4,1.4,207,13,5.5,7.7,1.3,204,14,369,29.55,,0,0,0,72.0,68.6,67.4,0.28,0.28,0.32
BELL,2017-08-21 17:25:00 EDT,43.78962,-76.11373,475,78.1,77.9,78.1,65.7,65.7,0.000,0.000,0.00,0.000,6.2,8.7,1.0,201,11,6.3,8.6,1.1,203,11,6.2,8.7,1.0,201,11,356,29.55,,0,0,0,72.1,68.6,67.4,0.28,0.28,0.32
BELL,2017-08-21 17:30:00 EDT,43.78962,-76.11373,475,78.1,77.9,78.1,66.0,65.8,0.000,0.000,0.00,0.000,4.3,6.1,0.7,219,13,4.4,7.0,0.8,223,12,4.3,6.1,0.7,219,13,343,29.55,,0,0,0,72.0,68.6,67.4,0.28,0.28,0.32
BELL,2017-08-21 17:35:00 EDT,43.78962,-76.11373,475,78.2,78.0,78.2,67.1,66.4,0.000,0.000,0.00,0.000,4.5,6.0,0.7,212,19,4.8,6.9,0.8,214,18,4.5,6.0,0.7,212,19,320,29.54,,0,0,0,72.1,68.6,67.4,0.28,0.28,0.32
BELL,2017-08-21 17:40:00 EDT,43.78962,-76.11373,475,78.2,78.0,78.2,66.8,66.2,0.000,0.000,0.00,0.000,4.7,6.9,1.1,203,16,4.8,7.2,1.2,206,15,4.7,6.9,1.1,203,16,315,29.54,,0,0,0,72.1,68.6,67.5,0.28,0.28,0.32
BELL,2017-08-21 17:45:00 EDT,43.78962,-76.11373,475,78.2,78.1,78.2,67.2,66.4,0.000,0.000,0.00,0.000,3.5,5.3,0.9,182,11,3.8,5.8,0.9,186,11,3.5,5.3,0.9,182,11,306,29.54,,0,0,0,72.2,68.6,67.4,0.28,0.28,0.32
BELL,2017-08-21 17:50:00 EDT,43.78962,-76.11373,475,78.4,78.3,78.4,67.9,66.9,0.000,0.000,0.00,0.000,4.2,6.1,1.0,176,10,4.6,6.4,1.1,180,9,4.2,6.1,1.0,176,10,294,29.53,,0,0,0,72.3,68.6,67.4,0.28,0.28,0.32
BELL,2017-08-21 17:55:00 EDT,43.78962,-76.11373,475,78.4,78.3,78.4,67.4,66.7,0.000,0.000,0.00,0.000,4.3,6.8,1.1,190,10,4.7,7.4,1.1,193,8,4.3,6.8,1.1,190,10,281,29.53,,0,0,0,72.2,68.6,67.5,0.28,0.28,0.32
BELL,2017-08-21 18:00:00 EDT,43.78962,-76.11373,475,78.4,78.4,78.4,68.3,67.1,0.000,0.000,0.00,0.000,3.2,5.3,0.9,182,18,3.5,5.9,0.9,186,17,3.2,5.3,0.9,182,18,259,29.53,,0,0,0,72.3,68.7,67.5,0.28,0.28,0.32
BELL,2017-08-21 18:05:00 EDT,43.78962,-76.11373,475,78.4,78.4,78.4,67.1,66.6,0.000,0.000,0.00,0.000,5.1,7.5,1.1,193,11,5.3,7.5,1.1,196,9,5.1,7.5,1.1,193,11,244,29.53,,0,0,0,72.2,68.6,67.5,0.28,0.28,0.32
BELL,2017-08-21 18:10:00 EDT,43.78962,-76.11373,475,78.2,78.2,78.2,67.3,66.5,0.000,0.000,0.00,0.000,4.2,6.5,0.9,208,15,4.5,7.3,1.0,210,15,4.2,6.5,0.9,208,15,232,29.53,,0,0,0,72.3,68.6,67.5,0.28,0.28,0.32
BELL,2017-08-21 18:15:00 EDT,43.78962,-76.11373,475,78.2,78.2,78.2,68.6,67.0,0.000,0.000,0.00,0.000,3.6,5.8,0.9,197,15,3.8,6.1,1.0,200,14,3.6,5.8,0.9,197,15,210,29.53,,0,0,0,72.3,68.6,67.4,0.28,0.28,0.32
BELL,2017-08-21 18:20:00 EDT,43.78962,-76.11373,475,78.2,78.2,78.2,69.4,67.3,0.000,0.000,0.00,0.000,2.9,4.5,0.8,206,15,3.1,5.2,0.9,211,15,2.9,4.5,0.8,206,15,176,29.53,,0,0,0,72.3,68.6,67.5,0.28,0.28,0.32
BELL,2017-08-21 18:25:00 EDT,43.78962,-76.11373,475,77.9,78.1,77.9,69.4,67.1,0.000,0.000,0.00,0.000,3.4,6.5,0.9,208,13,3.6,6.8,0.9,211,12,3.4,6.5,0.9,208,13,153,29.53,,0,0,0,72.3,68.7,67.5,0.28,0.28,0.32
BELL,2017-08-21 18:30:00 EDT,43.78962,-76.11373,475,77.8,78.0,77.8,68.3,66.5,0.000,0.000,0.00,0.000,3.8,5.9,0.9,216,13,3.9,6.3,0.9,218,12,3.8,5.9,0.9,216,13,130,29.53,,0,0,0,72.3,68.7,67.5,0.28,0.28,0.32
BELL,2017-08-21 18:35:00 EDT,43.78962,-76.11373,475,77.5,77.9,77.5,69.7,66.8,0.000,0.000,0.00,0.000,3.3,4.3,0.5,230,10,3.4,4.7,0.6,233,9,3.3,4.3,0.5,230,10,125,29.53,,0,0,0,72.3,68.7,67.5,0.28,0.28,0.32
BELL,2017-08-21 18:40:00 EDT,43.78962,-76.11373,475,77.5,77.8,77.5,70.3,67.1,0.000,0.000,0.00,0.000,3.4,4.7,0.6,226,10,3.3,5.1,0.7,229,9,3.4,4.7,0.6,226,10,109,29.53,,0,0,0,72.3,68.7,67.5,0.28,0.28,0.32
BELL,2017-08-21 18:45:00 EDT,43.78962,-76.11373,475,77.0,77.5,77.0,71.6,67.1,0.000,0.000,0.00,0.000,3.1,4.1,0.5,225,8,3.2,4.5,0.6,228,8,3.1,4.1,0.5,225,8,80,29.53,,0,0,0,72.3,68.7,67.5,0.28,0.28,0.32
BELL,2017-08-21 18:50:00 EDT,43.78962,-76.11373,475,76.9,77.4,76.9,71.1,66.8,0.000,0.000,0.00,0.000,4.0,5.2,0.5,223,8,4.1,5.4,0.6,227,8,4.0,5.2,0.5,223,8,67,29.53,,0,0,0,72.3,68.8,67.5,0.28,0.28,0.32
BELL,2017-08-21 18:55:00 EDT,43.78962,-76.11373,475,76.6,77.3,76.6,71.0,66.5,0.000,0.000,0.00,0.000,4.2,4.9,0.5,225,7,4.2,5.3,0.5,228,6,4.2,4.9,0.5,225,7,59,29.53,,0,0,0,72.3,68.8,67.4,0.28,0.28,0.32
BELL,2017-08-21 19:00:00 EDT,43.78962,-76.11373,475,76.5,77.1,76.5,71.3,66.5,0.000,0.000,0.00,0.000,3.3,4.5,0.6,224,9,3.3,5.4,0.7,226,8,3.3,4.5,0.6,224,9,53,29.53,,0,0,0,72.3,68.8,67.5,0.28,0.28,0.32
BELL,2017-08-21 19:05:00 EDT,43.78962,-76.11373,475,76.3,77.0,76.3,72.0,66.6,0.000,0.000,0.00,0.000,3.4,4.2,0.4,230,8,3.4,4.5,0.4,231,7,3.4,4.2,0.4,230,8,48,29.53,,0,0,0,72.3,68.9,67.5,0.28,0.28,0.32
BELL,2017-08-21 19:10:00 EDT,43.78962,-76.11373,475,75.8,76.9,75.8,73.8,66.9,0.000,0.000,0.00,0.000,3.5,5.1,0.6,230,8,3.6,5.3,0.6,232,7,3.5,5.1,0.6,230,8,47,29.53,,0,0,0,72.3,68.9,67.5,0.28,0.28,0.32
BELL,2017-08-21 19:15:00 EDT,43.78962,-76.11373,475,75.9,76.7,75.9,74.1,67.0,0.000,0.000,0.00,0.000,3.6,5.0,0.6,229,7,3.7,5.2,0.6,232,6,3.6,5.0,0.6,229,7,52,29.53,,0,0,0,72.3,68.9,67.5,0.28,0.28,0.32
BELL,2017-08-21 19:20:00 EDT,43.78962,-76.11373,475,75.4,76.3,75.4,76.4,67.5,0.000,0.000,0.00,0.000,3.9,5.0,0.6,239,8,4.1,5.6,0.7,241,8,3.9,5.0,0.6,239,8,37,29.53,,0,0,0,72.3,68.9,67.5,0.28,0.28,0.32
BELL,2017-08-21 19:25:00 EDT,43.78962,-76.11373,475,75.2,75.8,75.2,77.6,67.7,0.000,0.000,0.00,0.000,4.1,5.3,0.6,238,8,4.2,6.0,0.7,239,8,4.1,5.3,0.6,238,8,34,29.53,,0,0,0,72.3,68.9,67.5,0.28,0.28,0.32
BELL,2017-08-21 19:30:00 EDT,43.78962,-76.11373,475,74.9,75.4,74.9,77.9,67.5,0.000,0.000,0.00,0.000,3.7,5.3,0.5,235,7,3.9,5.7,0.6,236,7,3.7,5.3,0.5,235,7,33,29.53,,0,0,0,72.3,68.9,67.5,0.28,0.28,0.32
BELL,2017-08-21 19:35:00 EDT,43.78962,-76.11373,475,74.3,75.0,74.3,79.6,67.6,0.000,0.000,0.00,0.000,3.4,5.2,0.6,232,9,3.6,5.4,0.7,233,8,3.4,5.2,0.6,232,9,32,29.53,,0,0,0,72.3,68.9,67.5,0.28,0.28,0.32
BELL,2017-08-21 19:40:00 EDT,43.78962,-76.11373,475,74.2,74.8,74.2,79.9,67.6,0.000,0.000,0.00,0.000,2.8,3.8,0.4,223,8,2.7,3.8,0.5,225,7,2.8,3.8,0.4,223,8,27,29.53,,0,0,0,72.3,68.9,67.4,0.28,0.28,0.32
BELL,2017-08-21 19:45:00 EDT,43.78962,-76.11373,475,74.1,74.8,74.1,80.2,67.6,0.000,0.000,0.00,0.000,2.0,3.7,0.6,199,13,2.2,3.7,0.5,203,12,2.0,3.7,0.6,199,13,19,29.53,,0,0,0,72.3,68.9,67.5,0.28,0.28,0.32
BELL,2017-08-21 19:50:00 EDT,43.78962,-76.11373,475,73.3,74.6,73.3,81.9,67.4,0.000,0.000,0.00,0.000,1.4,2.5,0.4,199,14,1.6,2.3,0.3,202,15,1.4,2.5,0.4,199,14,12,29.53,,0,0,0,72.2,68.9,67.5,0.28,0.28,0.32
BELL,2017-08-21 19:55:00 EDT,43.78962,-76.11373,475,73.2,74.6,73.2,82.7,67.6,0.000,0.000,0.00,0.000,1.6,2.3,0.4,207,13,1.7,2.5,0.4,209,13,1.6,2.3,0.4,207,13,8,29.53,,0,0,0,72.2,68.9,67.4,0.27,0.28,0.32
BELL,2017-08-21 20:00:00 EDT,43.78962,-76.11373,475,73.1,74.6,73.1,81.7,67.2,0.000,0.000,0.00,0.000,2.2,3.5,0.4,213,12,2.3,3.6,0.4,216,10,2.2,3.5,0.4,213,12,5,29.53,,0,0,0,72.1,68.9,67.5,0.28,0.28,0.32
BELL,2017-08-21 20:05:00 EDT,43.78962,-76.11373,475,72.1,74.3,72.1,85.1,67.3,0.000,0.000,0.00,0.000,1.4,2.5,0.4,196,13,1.6,3.2,0.4,201,15,1.4,2.5,0.4,196,13,3,29.53,,0,0,0,72.1,68.9,67.4,0.28,0.28,0.32
BELL,2017-08-21 20:10:00 EDT,43.78962,-76.11373,475,71.5,74.1,71.5,86.1,67.1,0.000,0.000,0.00,0.000,1.5,2.6,0.3,221,8,1.6,2.5,0.3,224,7,1.5,2.6,0.3,221,8,2,29.53,,0,0,0,72.1,68.9,67.5,0.28,0.28,0.32
BELL,2017-08-21 20:15:00 EDT,43.78962,-76.11373,475,71.3,73.8,71.3,86.8,67.2,0.000,0.000,0.00,0.000,1.9,3.4,0.5,217,9,1.9,3.2,0.4,219,7,1.9,3.4,0.5,217,9,1,29.53,,0,0,0,72.0,68.9,67.4,0.28,0.28,0.32
BELL,2017-08-21 20:20:00 EDT,43.78962,-76.11373,475,71.2,73.4,71.2,88.0,67.5,0.000,0.000,0.00,0.000,1.4,3.6,0.9,207,10,1.6,3.7,0.8,210,16,1.4,3.6,0.9,207,10,0,29.53,,0,0,0,71.9,68.9,67.5,0.28,0.28,0.32
BELL,2017-08-21 20:25:00 EDT,43.78962,-76.11373,475,71.0,73.0,71.0,88.9,67.6,0.000,0.000,0.00,0.000,0.1,1.2,0.3,208,13,0.7,1.4,0.3,187,32,0.1,1.2,0.3,208,13,0,29.53,,0,0,0,71.8,68.9,67.5,0.28,0.28,0.32
BELL,2017-08-21 20:30:00 EDT,43.78962,-76.11373,475,70.5,73.1,70.5,89.0,67.1,0.000,0.000,0.00,0.000,0.7,1.2,0.3,161,8,1.1,1.6,0.2,164,12,0.7,1.2,0.3,161,8,0,29.53,,0,0,0,71.8,68.9,67.4,0.28,0.28,0.32
BELL,2017-08-21 20:35:00 EDT,43.78962,-76.11373,475,70.3,72.8,70.3,89.9,67.2,0.000,0.000,0.00,0.000,1.1,1.6,0.2,157,14,1.4,1.9,0.2,156,16,1.1,1.6,0.2,157,14,0,29.53,,0,0,0,71.8,68.9,67.5,0.28,0.28,0.32
BELL,2017-08-21 20:40:00 EDT,43.78962,-76.11373,475,69.9,72.4,69.9,90.6,67.0,0.000,0.000,0.00,0.000,1.8,2.3,0.3,154,7,2.0,2.8,0.3,151,8,1.8,2.3,0.3,154,7,0,29.53,,0,0,0,71.8,68.9,67.5,0.28,0.28,0.32
BELL,2017-08-21 20:45:00 EDT,43.78962,-76.11373,475,69.4,72.2,69.4,91.8,66.9,0.000,0.000,0.00,0.000,2.6,3.2,0.3,146,5,2.6,3.6,0.4,145,6,2.6,3.2,0.3,146,5,0,29.53,,0,0,0,71.7,69.0,67.4,0.28,0.28,0.32
BELL,2017-08-21 20:50:00 EDT,43.78962,-76.11373,475,68.7,72.5,68.7,92.4,66.4,0.000,0.000,0.00,0.000,2.5,3.3,0.6,161,6,2.8,3.6,0.6,162,9,2.5,3.3,0.6,161,6,0,29.52,,0,0,0,71.5,69.0,67.5,0.28,0.28,0.32
BELL,2017-08-21 20:55:00 EDT,43.78962,-76.11373,475,69.2,72.1,69.2,92.8,67.0,0.000,0.000,0.00,0.000,1.6,2.5,0.3,163,6,1.8,2.8,0.4,161,11,1.6,2.5,0.3,163,6,0,29.52,,0,0,0,71.5,69.0,67.5,0.28,0.28,0.32
BELL,2017-08-21 21:00:00 EDT,43.78962,-76.11373,475,69.1,71.9,69.1,93.1,67.0,0.000,0.000,0.00,0.000,2.0,2.3,0.1,142,8,2.0,2.5,0.2,141,8,2.0,2.3,0.1,142,8,0,29.52,,0,0,0,71.4,68.9,67.5,0.28,0.28,0.32
BELL,2017-08-21 21:05:00 EDT,43.78962,-76.11373,475,69.0,71.8,69.0,92.4,66.7,0.000,0.000,0.00,0.000,2.5,3.6,0.4,134,6,2.3,3.5,0.4,135,5,2.5,3.6,0.4,134,6,0,29.52,,0,0,0,71.3,69.1,67.5,0.28,0.28,0.32
BELL,2017-08-21 21:10:00 EDT,43.78962,-76.11373,475,68.4,71.5,68.4,92.0,66.0,0.000,0.000,0.00,0.000,3.6,4.3,0.4,144,5,3.6,4.6,0.5,144,5,3.6,4.3,0.4,144,5,0,29.52,,0,0,0,71.4,69.0,67.5,0.28,0.28,0.32
BELL,2017-08-21 21:15:00 EDT,43.78962,-76.11373,475,68.7,71.5,68.7,92.4,66.4,0.000,0.000,0.00,0.000,3.9,4.6,0.3,145,5,4.1,5.0,0.4,145,5,3.9,4.6,0.3,145,5,0,29.52,,0,0,0,71.3,69.0,67.5,0.28,0.28,0.32
BELL,2017-08-21 21:20:00 EDT,43.78962,-76.11373,475,69.6,71.7,69.6,92.5,67.3,0.000,0.000,0.00,0.000,3.2,4.2,0.5,150,5,3.3,4.8,0.6,150,6,3.2,4.2,0.5,150,5,0,29.52,,0,0,0,71.3,69.0,67.5,0.28,0.28,0.32
BELL,2017-08-21 21:25:00 EDT,43.78962,-76.11373,475,68.5,71.4,68.5,90.9,65.8,0.000,0.000,0.00,0.000,2.9,3.5,0.3,148,6,2.9,3.7,0.3,148,7,2.9,3.5,0.3,148,6,0,29.52,,0,0,0,71.2,69.0,67.4,0.28,0.28,0.32
BELL,2017-08-21 21:30:00 EDT,43.78962,-76.11373,475,68.6,71.4,68.6,91.9,66.1,0.000,0.000,0.00,0.000,3.2,3.7,0.2,147,7,3.3,4.4,0.4,147,7,3.2,3.7,0.2,147,7,0,29.52,,0,0,0,71.3,69.0,67.5,0.28,0.28,0.32
BELL,2017-08-21 21:35:00 EDT,43.78962,-76.11373,475,68.9,71.3,68.9,91.8,66.4,0.000,0.000,0.00,0.000,2.4,3.7,0.6,150,9,2.5,3.9,0.5,150,10,2.4,3.7,0.6,150,9,0,29.52,,0,0,0,71.2,69.1,67.5,0.28,0.28,0.32
BELL,2017-08-21 21:40:00 EDT,43.78962,-76.11373,475,68.4,71.5,68.4,91.6,65.8,0.000,0.000,0.00,0.000,3.1,4.3,0.4,141,6,3.0,4.0,0.5,140,6,3.1,4.3,0.4,141,6,0,29.52,,0,0,0,71.3,69.1,67.4,0.28,0.28,0.32
BELL,2017-08-21 21:45:00 EDT,43.78962,-76.11373,475,68.2,71.1,68.2,92.2,65.8,0.000,0.000,0.00,0.000,3.1,3.7,0.3,133,4,3.0,3.8,0.4,134,4,3.1,3.7,0.3,133,4,0,29.52,,0,0,0,71.2,69.1,67.5,0.28,0.28,0.32
BELL,2017-08-21 21:50:00 EDT,43.78962,-76.11373,475,68.4,71.0,68.4,92.2,66.1,0.000,0.000,0.00,0.000,3.8,4.7,0.4,139,5,3.9,5.0,0.5,139,5,3.8,4.7,0.4,139,5,0,29.52,,0,0,0,71.2,69.2,67.4,0.28,0.28,0.32
BELL,2017-08-21 21:55:00 EDT,43.78962,-76.11373,475,68.7,70.8,68.7,91.9,66.3,0.000,0.000,0.00,0.000,3.0,3.9,0.5,146,7,3.0,4.1,0.5,146,7,3.0,3.9,0.5,146,7,0,29.52,,0,0,0,71.2,69.2,67.5,0.28,0.28,0.32
BELL,2017-08-21 22:00:00 EDT,43.78962,-76.11373,475,69.1,70.9,69.1,92.5,66.8,0.000,0.000,0.00,0.000,2.1,3.0,0.4,156,7,2.3,3.4,0.5,156,10,2.1,3.0,0.4,156,7,0,29.52,,0,0,0,71.2,69.2,67.5,0.28,0.28,0.32
BELL,2017-08-21 22:05:00 EDT,43.78962,-76.11373,475,69.2,71.0,69.2,92.6,67.0,0.000,0.000,0.00,0.000,2.2,2.8,0.2,154,6,2.3,3.2,0.3,155,8,2.2,2.8,0.2,154,6,0,29.52,,0,0,0,71.1,69.2,67.5,0.28,0.28,0.32
BELL,2017-08-21 22:10:00 EDT,43.78962,-76.11373,475,68.5,71.0,68.5,92.6,66.2,0.000,0.000,0.00,0.000,2.5,3.0,0.2,143,6,2.4,3.0,0.3,143,6,2.5,3.0,0.2,143,6,0,29.52,,0,0,0,70.9,69.2,67.4,0.28,0.28,0.32
BELL,2017-08-21 22:15:00 EDT,43.78962,-76.11373,475,68.9,70.9,68.9,92.7,66.7,0.000,0.000,0.00,0.000,2.1,2.6,0.2,147,5,2.1,3.1,0.3,146,6,2.1,2.6,0.2,147,5,0,29.53,,0,0,0,70.9,69.3,67.4,0.28,0.28,0.32
BELL,2017-08-21 22:20:00 EDT,43.78962,-76.11373,475,68.8,70.8,68.8,92.9,66.7,0.000,0.000,0.00,0.000,2.0,2.3,0.2,146,5,2.0,2.7,0.3,143,6,2.0,2.3,0.2,146,5,0,29.53,,0,0,0,70.9,69.2,67.4,0.28,0.28,0.32
BELL,2017-08-21 22:25:00 EDT,43.78962,-76.11373,475,67.8,70.2,67.8,93.2,65.7,0.000,0.000,0.00,0.000,1.4,2.2,0.2,132,8,1.5,2.0,0.1,126,7,1.4,2.2,0.2,132,8,0,29.53,,0,0,0,70.8,69.3,67.5,0.28,0.28,0.32
BELL,2017-08-21 22:30:00 EDT,43.78962,-76.11373,475,67.8,70.3,67.8,94.0,66.0,0.000,0.000,0.00,0.000,1.6,2.0,0.3,112,9,1.8,2.4,0.3,113,10,1.6,2.0,0.3,112,9,0,29.53,,0,0,0,70.7,69.3,67.5,0.28,0.28,0.32
BELL,2017-08-21 22:35:00 EDT,43.78962,-76.11373,475,67.0,70.3,67.0,93.4,65.0,0.000,0.000,0.00,0.000,1.8,2.5,0.2,78,13,2.1,2.8,0.3,77,16,1.8,2.5,0.2,78,13,0,29.52,,0,0,0,70.7,69.3,67.4,0.28,0.28,0.32
BELL,2017-08-21 22:40:00 EDT,43.78962,-76.11373,475,66.6,70.4,66.6,94.4,65.0,0.000,0.000,0.00,0.000,1.3,1.8,0.3,63,18,1.5,2.1,0.3,63,19,1.3,1.8,0.3,63,18,0,29.52,,0,0,0,70.7,69.3,67.5,0.28,0.28,0.32
BELL,2017-08-21 22:45:00 EDT,43.78962,-76.11373,475,66.5,70.4,66.5,95.1,65.0,0.000,0.000,0.00,0.000,1.0,1.5,0.2,66,7,1.4,1.9,0.2,67,12,1.0,1.5,0.2,66,7,0,29.53,,0,0,0,70.7,69.3,67.4,0.28,0.28,0.32
BELL,2017-08-21 22:50:00 EDT,43.78962,-76.11373,475,66.8,70.0,66.8,95.9,65.6,0.000,0.000,0.00,0.000,1.2,1.5,0.1,94,2,1.5,1.9,0.2,92,6,1.2,1.5,0.1,94,2,0,29.52,,0,0,0,70.6,69.3,67.5,0.28,0.28,0.32
BELL,2017-08-21 22:55:00 EDT,43.78962,-76.11373,475,67.0,69.0,67.0,95.9,65.9,0.000,0.000,0.00,0.000,1.0,1.5,0.3,93,5,1.3,2.0,0.3,96,10,1.0,1.5,0.3,93,5,0,29.52,,0,0,0,70.7,69.3,67.5,0.28,0.28,0.32
BELL,2017-08-21 23:00:00 EDT,43.78962,-76.11373,475,66.5,68.8,66.5,95.6,65.2,0.000,0.000,0.00,0.000,2.3,3.2,0.4,113,5,2.4,3.6,0.4,118,6,2.3,3.2,0.4,113,5,0,29.52,,0,0,0,70.6,69.3,67.5,0.28,0.28,0.32
BELL,2017-08-21 23:05:00 EDT,43.78962,-76.11373,475,66.5,69.0,66.5,95.9,65.4,0.000,0.000,0.00,0.000,2.6,3.8,0.5,123,7,2.6,3.8,0.5,126,7,2.6,3.8,0.5,123,7,0,29.52,,0,0,0,70.5,69.3,67.5,0.28,0.28,0.32
BELL,2017-08-21 23:10:00 EDT,43.78962,-76.11373,475,66.5,69.2,66.5,96.0,65.3,0.000,0.000,0.00,0.000,3.5,4.7,0.4,129,6,3.5,5.2,0.5,132,3,3.5,4.7,0.4,129,6,0,29.52,,0,0,0,70.5,69.3,67.5,0.28,0.28,0.32
BELL,2017-08-21 23:15:00 EDT,43.78962,-76.11373,475,66.7,69.2,66.7,95.8,65.4,0.000,0.000,0.00,0.000,3.1,4.0,0.4,136,5,3.0,4.4,0.5,136,5,3.1,4.0,0.4,136,5,0,29.52,,0,0,0,70.4,69.3,67.5,0.28,0.28,0.32
BELL,2017-08-21 23:20:00 EDT,43.78962,-76.11373,475,66.7,69.9,66.7,95.4,65.3,0.000,0.000,0.00,0.000,3.2,4.0,0.3,146,6,3.2,4.5,0.4,146,7,3.2,4.0,0.3,146,6,0,29.52,,0,0,0,70.3,69.3,67.5,0.28,0.28,0.32
BELL,2017-08-21 23:25:00 EDT,43.78962,-76.11373,475,67.1,69.7,67.1,95.4,65.7,0.000,0.000,0.00,0.000,2.3,3.3,0.5,148,9,2.4,3.3,0.5,148,11,2.3,3.3,0.5,148,9,0,29.52,,0,0,0,70.3,69.3,67.5,0.28,0.28,0.32
BELL,2017-08-21 23:30:00 EDT,43.78962,-76.11373,475,67.9,69.6,67.9,94.9,66.4,0.000,0.000,0.00,0.000,2.2,3.3,0.4,148,9,2.3,3.2,0.4,148,10,2.2,3.3,0.4,148,9,0,29.52,,0,0,0,70.3,69.3,67.5,0.28,0.28,0.32
BELL,2017-08-21 23:35:00 EDT,43.78962,-76.11373,475,67.3,69.4,67.3,94.0,65.5,0.000,0.000,0.00,0.000,3.0,3.9,0.4,129,10,2.9,3.9,0.5,132,9,3.0,3.9,0.4,129,10,0,29.51,,0,0,0,70.3,69.3,67.5,0.28,0.28,0.32
BELL,2017-08-21 23:40:00 EDT,43.78962,-76.11373,475,67.7,69.7,67.7,93.1,65.6,0.000,0.000,0.00,0.000,3.3,4.8,0.6,137,9,3.2,5.0,0.7,138,7,3.3,4.8,0.6,137,9,0,29.51,,0,0,0,70.2,69.3,67.5,0.27,0.28,0.32
BELL,2017-08-21 23:45:00 EDT,43.78962,-76.11373,475,67.4,70.3,67.4,92.0,65.0,0.000,0.000,0.00,0.000,4.1,5.3,0.5,141,8,4.2,5.7,0.6,142,6,4.1,5.3,0.5,141,8,0,29.51,,0,0,0,70.2,69.3,67.5,0.28,0.28,0.32
BELL,2017-08-21 23:50:00 EDT,43.78962,-76.11373,475,67.7,70.4,67.7,91.4,65.1,0.000,0.000,0.00,0.000,2.8,4.2,0.6,141,8,2.8,4.5,0.7,142,7,2.8,4.2,0.6,141,8,0,29.51,,0,0,0,70.1,69.3,67.5,0.28,0.28,0.32
BELL,2017-08-21 23:55:00 EDT,43.78962,-76.11373,475,68.2,70.5,68.2,91.2,65.5,0.000,0.000,0.00,0.000,2.8,3.7,0.5,133,10,2.7,4.2,0.5,134,8,2.8,3.7,0.5,133,10,0,29.51,,0,0,0,70.1,69.3,67.5,0.28,0.28,0.32
BELM,2017-08-21 00:00:00 EDT,42.24249,-78.03958,1370,58.4,59.4,58.4,96.5,57.4,0.000,0.000,0.00,0.000,3.9,6.1,0.9,200,11,4.3,6.4,1.0,206,9,3.9,6.1,0.9,200,11,1,28.73,,0,0,0,67.5,67.8,65.5,0.28,0.27,0.29
BELM,2017-08-21 00:05:00 EDT,42.24249,-78.03958,1370,58.3,59.2,58.3,96.5,57.4,0.000,0.000,0.00,0.000,3.4,5.7,0.8,192,13,3.8,6.2,1.0,198,12,3.4,5.7,0.8,192,13,1,28.73,,0,0,0,67.5,67.8,65.6,0.28,0.27,0.29
BELM,2017-08-21 00:10:00 EDT,42.24249,-78.03958,1370,58.0,59.1,58.0,96.4,57.0,0.000,0.000,0.00,0.000,3.8,5.5,0.7,201,11,4.3,6.1,0.9,206,10,3.8,5.5,0.7,201,11,1,28.74,,0,0,0,67.3,67.8,65.7,0.28,0.27,0.29
BELM,2017-08-21 00:15:00 EDT,42.24249,-78.03958,1370,58.2,58.8,58.2,96.7,57.2,0.000,0.000,0.00,0.000,2.9,4.2,0.5,197,13,3.3,5.3,0.7,204,13,2.9,4.2,0.5,197,13,1,28.73,,0,0,0,67.2,67.8,65.6,0.28,0.27,0.29
BELM,2017-08-21 00:20:00 EDT,42.24249,-78.03958,1370,58.1,58.8,58.1,96.8,57.1,0.000,0.000,0.00,0.000,3.4,5.0,0.7,195,14,3.8,5.8,0.9,201,12,3.4,5.0,0.7,195,14,1,28.74,,0,0,0,67.1,67.8,65.6,0.28,0.27,0.29
BELM,2017-08-21 00:25:00 EDT,42.24249,-78.03958,1370,58.1,58.9,58.1,96.9,57.2,0.000,0.000,0.00,0.000,3.4,5.9,0.7,194,13,3.8,6.1,0.9,201,12,3.4,5.9,0.7,194,13,1,28.73,,0,0,0,67.1,67.8,65.8,0.28,0.27,0.29
BELM,2017-08-21 00:30:00 EDT,42.24249,-78.03958,1370,58.0,58.5,58.0,96.6,57.0,0.000,0.000,0.00,0.000,3.2,5.8,1.0,211,12,3.9,6.3,1.1,216,10,3.2,5.8,1.0,211,12,1,28.73,,0,0,0,67.1,67.8,65.8,0.28,0.27,0.29
BELM,2017-08-21 00:35:00 EDT,42.24249,-78.03958,1370,57.9,58.5,57.9,96.7,57.0,0.000,0.000,0.00,0.000,3.0,4.4,0.6,201,15,3.4,5.7,0.9,208,14,3.0,4.4,0.6,201,15,1,28.73,,0,0,0,67.1,67.8,65.8,0.28,0.27,0.29
BELM,2017-08-21 00:40:00 EDT,42.24249,-78.03958,1370,57.8,58.3,57.8,96.8,57.0,0.000,0.000,0.00,0.000,2.9,4.7,0.9,215,13,3.4,6.1,1.0,220,9,2.9,4.7,0.9,215,13,1,28.73,,0,0,0,67.1,67.8,65.8,0.28,0.27,0.29
BELM,2017-08-21 00:45:00 EDT,42.24249,-78.03958,1370,57.8,58.1,57.8,96.9,56.9,0.000,0.000,0.00,0.000,1.9,3.7,0.7,191,26,2.3,5.7,1.0,199,27,1.9,3.7,0.7,191,26,1,28.74,,0,0,0,67.1,67.8,65.8,0.28,0.27,0.29
BELM,2017-08-21 00:50:00 EDT,42.24249,-78.03958,1370,57.9,58.5,57.9,97.0,57.1,0.000,0.000,0.00,0.000,2.4,4.7,0.7,199,23,2.8,6.3,1.0,204,22,2.4,4.7,0.7,199,23,1,28.74,,0,0,0,67.1,67.8,65.8,0.28,0.27,0.29
BELM,2017-08-21 00:55:00 EDT,42.24249,-78.03958,1370,57.9,58.2,57.9,96.8,57.0,0.000,0.000,0.00,0.000,1.4,2.8,0.7,188,22,1.7,3.7,0.8,192,23,1.4,2.8,0.7,188,22,1,28.74,,0,0,0,67.1,67.8,65.8,0.28,0.27,0.29
BELM,2017-08-21 01:00:00 EDT,42.24249,-78.03958,1370,57.7,58.0,57.7,96.8,56.7,0.000,0.000,0.00,0.000,1.6,2.9,0.6,194,26,1.9,3.5,0.7,202,24,1.6,2.9,0.6,194,26,1,28.74,,0,0,0,67.1,67.8,65.8,0.28,0.27,0.29
BELM,2017-08-21 01:05:00 EDT,42.24249,-78.03958,1370,57.2,57.8,57.2,96.7,56.3,0.000,0.000,0.00,0.000,2.6,3.9,0.6,190,14,2.8,4.5,0.7,197,13,2.6,3.9,0.6,190,14,1,28.74,,0,0,0,67.0,67.8,65.8,0.28,0.27,0.29
BELM,2017-08-21 01:10:00 EDT,42.24249,-78.03958,1370,57.3,58.4,57.3,97.0,56.5,0.000,0.000,0.00,0.000,3.5,6.7,1.0,189,15,3.9,7.3,1.1,194,14,3.5,6.7,1.0,189,15,1,28.74,,0,0,0,66.8,67.8,65.8,0.28,0.27,0.29
BELM,2017-08-21 01:15:00 EDT,42.24249,-78.03958,1370,57.9,58.7,57.9,96.9,57.1,0.000,0.000,0.00,0.000,4.3,6.1,1.0,183,15,4.8,7.2,1.2,187,13,4.3,6.1,1.0,183,15,1,28.74,,0,0,0,66.7,67.8,65.8,0.28,0.27,0.29
BELM,2017-08-21 01:20:00 EDT,42.24249,-78.03958,1370,57.7,58.7,57.7,96.0,56.6,0.000,0.000,0.00,0.000,4.5,7.6,1.1,190,14,4.9,8.5,1.3,196,12,4.5,7.6,1.1,190,14,1,28.74,,0,0,0,66.7,67.8,65.8,0.28,0.27,0.29
BELM,2017-08-21 01:25:00 EDT,42.24249,-78.03958,1370,57.5,58.3,57.5,96.0,56.4,0.000,0.000,0.00,0.000,4.1,6.1,0.9,196,16,4.7,9.2,1.4,200,12,4.1,6.1,0.9,196,16,1,28.74,,0,0,0,66.7,67.8,65.8,0.28,0.27,0.29
BELM,2017-08-21 01:30:00 EDT,42.24249,-78.03958,1370,57.5,58.3,57.5,96.2,56.4,0.000,0.000,0.00,0.000,4.3,5.6,0.6,194,12,4.7,6.9,0.9,199,11,4.3,5.6,0.6,194,12,1,28.74,,0,0,0,66.7,67.8,65.8,0.28,0.27,0.29
BELM,2017-08-21 01:35:00 EDT,42.24249,-78.03958,1370,57.9,58.6,57.9,96.3,56.9,0.000,0.000,0.00,0.000,4.8,6.6,0.7,190,11,5.5,8.2,1.0,195,10,4.8,6.6,0.7,190,11,1,28.74,,0,0,0,66.7,67.8,65.8,0.28,0.27,0.29
BELM,2017-08-21 01:40:00 EDT,42.24249,-78.03958,1370,58.0,58.5,58.0,95.9,56.8,0.000,0.000,0.00,0.000,3.9,6.3,0.8,194,16,4.6,7.4,1.1,199,13,3.9,6.3,0.8,194,16,1,28.73,,0,0,0,66.7,67.8,65.8,0.28,0.27,0.29
BELM,2017-08-21 01:45:00 EDT,42.24249,-78.03958,1370,58.0,58.5,58.0,95.7,56.8,0.000,0.000,0.00,0.000,4.4,6.6,1.0,187,20,5.0,9.3,1.3,194,17,4.4,6.6,1.0,187,20,1,28.73,,0,0,0,66.7,67.8,65.8,0.28,0.27,0.29
BELM,2017-08-21 01:50:00 EDT,42.24249,-78.03958,1370,58.5,58.8,58.5,95.3,57.1,0.000,0.000,0.00,0.000,5.2,8.1,1.3,181,16,5.8,9.0,1.5,186,16,5.2,8.1,1.3,181,16,1,28.73,,0,0,0,66.7,67.8,65.8,0.28,0.27,0.29
BELM,2017-08-21 01:55:00 EDT,42.24249,-78.03958,1370,58.4,58.6,58.4,94.4,56.8,0.000,0.000,0.00,0.000,4.0,6.8,1.4,189,18,4.5,8.2,1.7,194,17,4.0,6.8,1.4,189,18,1,28.73,,0,0,0,66.6,67.8,65.8,0.28,0.27,0.29
BELM,2017-08-21 02:00:00 EDT,42.24249,-78.03958,1370,58.3,58.6,58.3,94.5,56.7,0.000,0.000,0.00,0.000,4.7,7.2,0.9,187,16,5.4,8.5,1.2,192,14,4.7,7.2,0.9,187,16,1,28.73,,0,0,0,66.5,67.8,65.8,0.28,0.27,0.29
BELM,2017-08-21 02:05:00 EDT,42.24249,-78.03958,1370,58.1,58.4,58.1,94.4,56.5,0.000,0.000,0.00,0.000,4.6,6.9,0.8,191,15,5.1,7.9,1.1,196,13,4.6,6.9,0.8,191,15,1,28.73,,0,0,0,66.4,67.8,65.8,0.28,0.27,0.29
BELM,2017-08-21 02:10:00 EDT,42.24249,-78.03958,1370,58.2,58.5,58.2,94.7,56.7,0.000,0.000,0.00,0.000,3.9,6.4,0.9,186,19,4.4,8.1,1.2,190,17,3.9,6.4,0.9,186,19,1,28.73,,0,0,0,66.4,67.8,65.8,0.28,0.27,0.29
BELM,2017-08-21 02:15:00 EDT,42.24249,-78.03958,1370,58.3,58.6,58.3,94.5,56.7,0.000,0.000,0.00,0.000,3.4,5.6,1.0,193,20,4.0,6.0,1.2,199,17,3.4,5.6,1.0,193,20,1,28.73,,0,0,0,66.4,67.8,65.8,0.28,0.27,0.29
BELM,2017-08-21 02:20:00 EDT,42.24249,-78.03958,1370,58.4,58.7,58.4,94.4,56.8,0.000,0.000,0.00,0.000,4.0,6.9,1.3,190,19,4.6,7.7,1.4,197,18,4.0,6.9,1.3,190,19,1,28.73,,0,0,0,66.4,67.8,65.8,0.28,0.27,0.29
BELM,2017-08-21 02:25:00 EDT,42.24249,-78.03958,1370,58.5,58.7,58.5,94.2,56.9,0.000,0.000,0.00,0.000,4.2,7.0,1.1,189,21,4.6,7.7,1.3,195,18,4.2,7.0,1.1,189,21,1,28.73,,0,0,0,66.4,67.8,65.8,0.28,0.27,0.29
BELM,2017-08-21 02:30:00 EDT,42.24249,-78.03958,1370,58.5,58.6,58.5,94.0,56.8,0.000,0.000,0.00,0.000,3.8,6.2,0.9,187,20,4.3,7.2,1.1,191,17,3.8,6.2,0.9,187,20,1,28.73,,0,0,0,66.4,67.7,65.8,0.28,0.27,0.29
BELM,2017-08-21 02:35:00 EDT,42.24249,-78.03958,1370,58.5,58.7,58.5,94.0,56.7,0.000,0.000,0.00,0.000,4.8,7.5,1.2,186,18,5.7,9.6,1.5,190,16,4.8,7.5,1.2,186,18,1,28.73,,0,0,0,66.4,67.6,65.8,0.28,0.27,0.29
BELM,2017-08-21 02:40:00 EDT,42.24249,-78.03958,1370,58.6,58.6,58.6,93.6,56.7,0.000,0.000,0.00,0.000,5.1,7.5,1.2,192,14,5.7,9.1,1.6,197,12,5.1,7.5,1.2,192,14,1,28.73,,0,0,0,66.4,67.5,65.8,0.28,0.27,0.29
BELM,2017-08-21 02:45:00 EDT,42.24249,-78.03958,1370,58.3,58.5,58.3,93.6,56.5,0.000,0.000,0.00,0.000,4.4,6.8,0.9,193,16,4.9,8.7,1.2,198,14,4.4,6.8,0.9,193,16,1,28.73,,0,0,0,66.4,67.5,65.8,0.28,0.27,0.29
BELM,2017-08-21 02:50:00 EDT,42.24249,-78.03958,1370,58.3,58.4,58.3,94.1,56.6,0.000,0.000,0.00,0.000,4.3,6.1,1.0,185,17,5.1,8.2,1.2,191,15,4.3,6.1,1.0,185,17,1,28.73,,0,0,0,66.4,67.5,65.8,0.28,0.27,0.29
BELM,2017-08-21 02:55:00 EDT,42.24249,-78.03958,1370,58.3,58.4,58.3,94.1,56.6,0.000,0.000,0.00,0.000,4.9,8.3,1.1,185,17,5.7,9.3,1.4,189,15,4.9,8.3,1.1,185,17,1,28.73,,0,0,0,66.4,67.5,65.8,0.28,0.27,0.29
BELM,2017-08-21 03:00:00 EDT,42.24249,-78.03958,1370,58.4,58.5,58.4,94.0,56.7,0.000,0.000,0.00,0.000,5.7,7.5,0.9,187,12,6.5,9.3,1.2,192,13,5.7,7.5,0.9,187,12,1,28.73,,0,0,0,66.4,67.5,65.8,0.28,0.27,0.29
BELM,2017-08-21 03:05:00 EDT,42.24249,-78.03958,1370,58.3,58.4,58.3,93.9,56.6,0.000,0.000,0.00,0.000,5.1,7.4,1.1,188,17,5.8,8.9,1.4,192,15,5.1,7.4,1.1,188,17,1,28.73,,0,0,0,66.4,67.5,65.8,0.28,0.27,0.29
BELM,2017-08-21 03:10:00 EDT,42.24249,-78.03958,1370,58.1,58.3,58.1,93.9,56.4,0.000,0.000,0.00,0.000,4.7,7.2,1.0,189,17,5.2,8.1,1.3,194,17,4.7,7.2,1.0,189,17,1,28.73,,0,0,0,66.4,67.5,65.8,0.28,0.27,0.29
BELM,2017-08-21 03:15:00 EDT,42.24249,-78.03958,1370,58.2,58.4,58.2,94.1,56.6,0.000,0.000,0.00,0.000,4.7,7.0,1.0,191,15,5.2,9.0,1.3,193,13,4.7,7.0,1.0,191,15,1,28.73,,0,0,0,66.4,67.5,65.8,0.28,0.27,0.29
BELM,2017-08-21 03:20:00 EDT,42.24249,-78.03958,1370,58.2,58.3,58.2,93.8,56.4,0.000,0.000,0.00,0.000,5.2,7.6,0.9,193,16,6.0,9.5,1.3,198,12,5.2,7.6,0.9,193,16,1,28.73,,0,0,0,66.4,67.5,65.8,0.28,0.26,0.29
BELM,2017-08-21 03:25:00 EDT,42.24249,-78.03958,1370,58.1,58.3,58.1,93.8,56.4,0.000,0.000,0.00,0.000,4.9,7.0,0.9,193,13,5.4,8.6,1.2,197,12,4.9,7.0,0.9,193,13,1,28.73,,0,0,0,66.4,67.5,65.8,0.28,0.27,0.29
BELM,2017-08-21 03:30:00 EDT,42.24249,-78.03958,1370,57.9,58.1,57.9,93.7,56.1,0.000,0.000,0.00,0.000,4.4,6.9,1.1,202,20,4.8,8.3,1.3,207,19,4.4,6.9,1.1,202,20,1,28.73,,0,0,0,66.2,67.5,65.8,0.28,0.27,0.29
BELM,2017-08-21 03:35:00 EDT,42.24249,-78.03958,1370,57.6,57.9,57.6,94.5,56.0,0.000,0.000,0.00,0.000,3.3,5.8,0.9,196,16,3.6,7.9,1.2,202,14,3.3,5.8,0.9,196,16,1,28.73,,0,0,0,66.1,67.5,65.8,0.28,0.27,0.29
BELM,2017-08-21 03:40:00 EDT,42.24249,-78.03958,1370,57.5,57.9,57.5,95.0,56.1,0.000,0.000,0.00,0.000,3.6,5.6,1.0,201,22,4.0,7.1,1.2,206,18,3.6,5.6,1.0,201,22,1,28.73,,0,0,0,66.0,67.5,65.8,0.28,0.27,0.29
BELM,2017-08-21 03:45:00 EDT,42.24249,-78.03958,1370,57.6,57.9,57.6,95.2,56.2,0.000,0.000,0.00,0.000,4.1,6.2,0.9,194,14,4.7,7.0,1.1,198,13,4.1,6.2,0.9,194,14,1,28.73,,0,0,0,66.0,67.5,65.8,0.28,0.26,0.29
BELM,2017-08-21 03:50:00 EDT,42.24249,-78.03958,1370,57.4,57.8,57.4,94.8,55.9,0.000,0.000,0.00,0.000,3.6,5.7,0.8,200,13,4.0,6.8,1.0,206,11,3.6,5.7,0.8,200,13,1,28.73,,0,0,0,66.0,67.5,65.8,0.28,0.27,0.29
BELM,2017-08-21 03:55:00 EDT,42.24249,-78.03958,1370,57.6,57.9,57.6,95.1,56.2,0.000,0.000,0.00,0.000,5.2,7.7,1.1,194,13,5.7,8.8,1.3,201,12,5.2,7.7,1.1,194,13,1,28.73,,0,0,0,66.0,67.5,65.8,0.28,0.27,0.29
BELM,2017-08-21 04:00:00 EDT,42.24249,-78.03958,1370,58.1,58.1,58.1,94.1,56.4,0.000,0.000,0.00,0.000,5.3,8.6,1.6,188,15,6.2,10.6,1.8,192,13,5.3,8.6,1.6,188,15,1,28.73,,0,0,0,66.0,67.5,65.8,0.28,0.27,0.29
BELM,2017-08-21 04:05:00 EDT,42.24249,-78.03958,1370,58.0,58.1,58.0,93.6,56.2,0.000,0.000,0.00,0.000,5.7,8.6,1.0,188,12,6.5,10.0,1.2,194,11,5.7,8.6,1.0,188,12,1,28.73,,0,0,0,66.0,67.5,65.8,0.28,0.27,0.29
BELM,2017-08-21 04:10:00 EDT,42.24249,-78.03958,1370,58.0,58.1,58.0,93.8,56.2,0.000,0.000,0.00,0.000,5.4,8.5,1.6,180,17,6.3,11.0,1.9,186,15,5.4,8.5,1.6,180,17,1,28.73,,0,0,0,66.0,67.5,65.8,0.28,0.27,0.29
BELM,2017-08-21 04:15:00 EDT,42.24249,-78.03958,1370,58.1,58.1,58.1,93.5,56.2,0.000,0.000,0.00,0.000,5.8,9.2,1.7,188,17,6.7,13.0,2.2,193,13,5.8,9.2,1.7,188,17,1,28.73,,0,0,0,66.0,67.5,65.8,0.28,0.27,0.29
BELM,2017-08-21 04:20:00 EDT,42.24249,-78.03958,1370,58.2,58.1,58.2,93.1,56.2,0.000,0.000,0.00,0.000,5.4,8.0,1.2,185,16,6.0,10.0,1.6,190,13,5.4,8.0,1.2,185,16,1,28.73,,0,0,0,66.0,67.5,65.8,0.28,0.27,0.29
BELM,2017-08-21 04:25:00 EDT,42.24249,-78.03958,1370,58.2,58.2,58.2,93.1,56.2,0.000,0.000,0.00,0.000,4.7,8.0,1.4,184,17,5.4,9.5,1.7,189,15,4.7,8.0,1.4,184,17,1,28.73,,0,0,0,66.0,67.5,65.8,0.28,0.26,0.29
BELM,2017-08-21 04:30:00 EDT,42.24249,-78.03958,1370,58.3,58.4,58.3,93.1,56.3,0.000,0.000,0.00,0.000,5.7,10.2,1.5,177,19,6.6,12.6,1.9,185,17,5.7,10.2,1.5,177,19,1,28.73,,0,0,0,66.0,67.5,65.8,0.28,0.27,0.29
BELM,2017-08-21 04:35:00 EDT,42.24249,-78.03958,1370,58.4,58.5,58.4,92.6,56.3,0.000,0.000,0.00,0.000,4.9,8.3,1.6,171,29,5.4,9.8,1.8,176,29,4.9,8.3,1.6,171,29,1,28.73,,0,0,0,66.0,67.5,65.8,0.28,0.27,0.29
BELM,2017-08-21 04:40:00 EDT,42.24249,-78.03958,1370,58.3,58.3,58.3,92.5,56.1,0.000,0.000,0.00,0.000,5.0,7.7,1.3,180,18,5.6,10.5,1.6,186,17,5.0,7.7,1.3,180,18,1,28.73,,0,0,0,66.0,67.5,65.8,0.28,0.27,0.29
BELM,2017-08-21 04:45:00 EDT,42.24249,-78.03958,1370,58.2,58.3,58.2,92.7,56.1,0.000,0.000,0.00,0.000,5.5,8.4,1.3,184,19,6.3,9.7,1.6,190,17,5.5,8.4,1.3,184,19,1,28.73,,0,0,0,66.0,67.4,65.8,0.28,0.27,0.29
BELM,2017-08-21 04:50:00 EDT,42.24249,-78.03958,1370,58.1,58.2,58.1,92.9,56.1,0.000,0.000,0.00,0.000,5.2,8.0,1.0,191,18,5.8,10.4,1.4,195,17,5.2,8.0,1.0,191,18,1,28.74,,0,0,0,66.0,67.3,65.8,0.28,0.27,0.29
BELM,2017-08-21 04:55:00 EDT,42.24249,-78.03958,1370,57.8,57.9,57.8,93.3,55.9,0.000,0.000,0.00,0.000,4.4,6.9,1.0,204,16,4.9,8.6,1.4,209,15,4.4,6.9,1.0,204,16,1,28.74,,0,0,0,65.9,67.3,65.8,0.28,0.27,0.29
BELM,2017-08-21 05:00:00 EDT,42.24249,-78.03958,1370,57.8,57.9,57.8,93.9,56.1,0.000,0.000,0.00,0.000,4.6,6.6,1.0,189,14,5.1,7.9,1.3,194,12,4.6,6.6,1.0,189,14,1,28.74,,0,0,0,65.9,67.3,65.8,0.28,0.27,0.29
BELM,2017-08-21 05:05:00 EDT,42.24249,-78.03958,1370,57.8,57.9,57.8,93.7,56.0,0.000,0.000,0.00,0.000,5.3,8.3,1.0,192,14,5.9,8.5,1.3,198,13,5.3,8.3,1.0,192,14,1,28.74,,0,0,0,65.8,67.2,65.8,0.28,0.27,0.29
BELM,2017-08-21 05:10:00 EDT,42.24249,-78.03958,1370,57.7,57.8,57.7,94.1,56.0,0.000,0.000,0.00,0.000,5.3,7.7,1.2,196,11,5.8,8.7,1.5,202,9,5.3,7.7,1.2,196,11,1,28.74,,0,0,0,65.8,67.2,65.8,0.28,0.27,0.29
BELM,2017-08-21 05:15:00 EDT,42.24249,-78.03958,1370,57.7,57.8,57.7,94.3,56.1,0.000,0.000,0.00,0.000,4.8,7.0,0.8,192,15,5.3,8.7,1.2,199,12,4.8,7.0,0.8,192,15,1,28.74,,0,0,0,65.8,67.1,65.8,0.28,0.27,0.29
BELM,2017-08-21 05:20:00 EDT,42.24249,-78.03958,1370,57.8,57.9,57.8,94.2,56.1,0.000,0.000,0.00,0.000,4.5,7.5,1.2,183,16,5.0,7.9,1.4,188,14,4.5,7.5,1.2,183,16,1,28.74,,0,0,0,65.8,67.1,65.8,0.28,0.27,0.29
BELM,2017-08-21 05:25:00 EDT,42.24249,-78.03958,1370,57.9,58.0,57.9,93.6,56.0,0.000,0.000,0.00,0.000,4.4,7.0,1.0,189,13,4.9,8.9,1.3,195,11,4.4,7.0,1.0,189,13,1,28.73,,0,0,0,65.8,67.1,65.8,0.28,0.27,0.29
BELM,2017-08-21 05:30:00 EDT,42.24249,-78.03958,1370,57.7,57.9,57.7,93.5,55.8,0.000,0.000,0.00,0.000,4.7,7.4,1.0,193,15,5.3,8.9,1.2,198,14,4.7,7.4,1.0,193,15,1,28.73,,0,0,0,65.8,67.1,65.8,0.28,0.27,0.29
BELM,2017-08-21 05:35:00 EDT,42.24249,-78.03958,1370,57.9,58.0,57.9,93.4,56.0,0.000,0.000,0.00,0.000,5.1,7.7,1.2,192,13,5.7,9.1,1.3,196,11,5.1,7.7,1.2,192,13,1,28.73,,0,0,0,65.8,67.1,65.8,0.28,0.26,0.29
BELM,2017-08-21 05:40:00 EDT,42.24249,-78.03958,1370,57.8,57.9,57.8,93.2,55.9,0.000,0.000,0.00,0.000,5.6,9.1,1.3,195,17,6.3,11.6,1.6,200,15,5.6,9.1,1.3,195,17,1,28.73,,0,0,0,65.8,67.1,65.8,0.28,0.26,0.29
BELM,2017-08-21 05:45:00 EDT,42.24249,-78.03958,1370,57.8,58.0,57.8,93.3,55.9,0.000,0.000,0.00,0.000,5.4,8.4,1.2,192,12,6.2,10.0,1.4,197,11,5.4,8.4,1.2,192,12,1,28.73,,0,0,0,65.8,67.1,65.8,0.28,0.26,0.29
BELM,2017-08-21 05:50:00 EDT,42.24249,-78.03958,1370,57.9,58.1,57.9,93.2,55.9,0.000,0.000,0.00,0.000,4.9,7.6,1.3,188,16,5.4,8.9,1.6,193,12,4.9,7.6,1.3,188,16,1,28.74,,0,0,0,65.8,67.1,65.8,0.28,0.27,0.29
BELM,2017-08-21 05:55:00 EDT,42.24249,-78.03958,1370,58.1,58.2,58.1,93.2,56.2,0.000,0.000,0.00,0.000,4.7,9.9,1.6,176,27,5.3,12.6,2.0,181,26,4.7,9.9,1.6,176,27,1,28.73,,0,0,0,65.8,67.1,65.8,0.27,0.27,0.29
BELM,2017-08-21 06:00:00 EDT,42.24249,-78.03958,1370,58.2,58.3,58.2,92.8,56.1,0.000,0.000,0.00,0.000,4.8,8.0,1.8,190,20,5.5,9.4,1.9,195,18,4.8,8.0,1.8,190,20,1,28.73,,0,0,0,65.8,67.1,65.8,0.28,0.27,0.29
BELM,2017-08-21 06:05:00 EDT,42.24249,-78.03958,1370,58.3,58.3,58.3,92.7,56.2,0.000,0.000,0.00,0.000,4.6,7.5,1.3,188,17,5.3,9.1,1.6,194,14,4.6,7.5,1.3,188,17,1,28.73,,0,0,0,65.8,67.1,65.8,0.28,0.27,0.29
BELM,2017-08-21 06:10:00 EDT,42.24249,-78.03958,1370,58.4,58.5,58.4,92.7,56.3,0.000,0.000,0.00,0.000,4.2,6.9,1.0,183,20,4.9,8.1,1.3,187,17,4.2,6.9,1.0,183,20,1,28.73,,0,0,0,65.8,67.1,65.8,0.28,0.27,0.29
BELM,2017-08-21 06:15:00 EDT,42.24249,-78.03958,1370,58.5,58.5,58.5,92.5,56.3,0.000,0.000,0.00,0.000,3.8,6.1,1.4,185,20,4.3,7.7,1.8,191,19,3.8,6.1,1.4,185,20,1,28.73,,0,0,0,65.8,67.1,65.8,0.28,0.27,0.29
BELM,2017-08-21 06:20:00 EDT,42.24249,-78.03958,1370,58.6,58.6,58.6,92.0,56.2,0.000,0.000,0.00,0.000,5.0,8.1,1.2,188,17,5.8,10.1,1.5,192,15,5.0,8.1,1.2,188,17,1,28.73,,0,0,0,65.8,67.1,65.8,0.28,0.26,0.29
BELM,2017-08-21 06:25:00 EDT,42.24249,-78.03958,1370,58.5,58.5,58.5,92.0,56.2,0.000,0.000,0.00,0.000,5.5,8.0,1.3,193,15,6.1,10.6,1.6,197,11,5.5,8.0,1.3,193,15,2,28.73,,0,0,0,65.8,67.1,65.8,0.28,0.27,0.29
BELM,2017-08-21 06:30:00 EDT,42.24249,-78.03958,1370,58.5,58.5,58.5,92.3,56.3,0.000,0.000,0.00,0.000,4.8,7.3,0.9,195,18,5.2,9.0,1.3,199,16,4.8,7.3,0.9,195,18,3,28.73,,0,0,0,65.8,67.1,65.8,0.28,0.27,0.29
BELM,2017-08-21 06:35:00 EDT,42.24249,-78.03958,1370,58.6,58.5,58.6,92.0,56.3,0.000,0.000,0.00,0.000,5.1,8.3,1.4,185,24,5.7,8.5,1.6,188,23,5.1,8.3,1.4,185,24,10,28.73,,0,0,0,65.8,67.1,65.8,0.28,0.27,0.29
BELM,2017-08-21 06:40:00 EDT,42.24249,-78.03958,1370,58.5,58.5,58.5,91.8,56.2,0.000,0.000,0.00,0.000,5.5,9.0,1.4,190,17,6.2,10.9,1.9,195,14,5.5,9.0,1.4,190,17,18,28.73,,0,0,0,65.8,67.1,65.8,0.28,0.26,0.29
BELM,2017-08-21 06:45:00 EDT,42.24249,-78.03958,1370,58.4,58.4,58.4,92.1,56.1,0.000,0.000,0.00,0.000,5.1,8.6,1.4,198,17,5.7,9.8,1.7,204,15,5.1,8.6,1.4,198,17,26,28.73,,0,0,0,65.8,67.1,65.8,0.28,0.27,0.29
BELM,2017-08-21 06:50:00 EDT,42.24249,-78.03958,1370,58.5,58.5,58.5,92.1,56.3,0.000,0.000,0.00,0.000,5.7,9.6,1.5,187,16,6.4,13.0,1.7,193,14,5.7,9.6,1.5,187,16,34,28.73,,0,0,0,65.8,67.1,65.8,0.28,0.27,0.29
BELM,2017-08-21 06:55:00 EDT,42.24249,-78.03958,1370,58.8,58.7,58.8,91.6,56.3,0.000,0.000,0.00,0.000,6.0,9.4,1.3,187,14,6.8,11.5,1.6,194,12,6.0,9.4,1.3,187,14,26,28.73,,0,0,0,65.8,67.1,65.8,0.28,0.26,0.29
BELM,2017-08-21 07:00:00 EDT,42.24249,-78.03958,1370,58.8,58.7,58.8,91.5,56.3,0.000,0.000,0.00,0.000,5.7,8.6,1.4,194,14,6.4,10.9,1.7,199,12,5.7,8.6,1.4,194,14,27,28.73,,0,0,0,65.8,67.1,65.8,0.28,0.27,0.29
BELM,2017-08-21 07:05:00 EDT,42.24249,-78.03958,1370,58.8,58.6,58.8,91.6,56.3,0.000,0.000,0.00,0.000,5.6,9.1,1.3,190,12,6.2,9.7,1.4,195,9,5.6,9.1,1.3,190,12,29,28.73,,0,0,0,65.8,67.1,65.8,0.28,0.26,0.29
BELM,2017-08-21 07:10:00 EDT,42.24249,-78.03958,1370,58.8,58.7,58.8,91.8,56.4,0.000,0.000,0.00,0.000,3.7,6.7,1.3,181,26,4.2,8.4,1.6,186,22,3.7,6.7,1.3,181,26,29,28.72,,0,0,0,65.8,67.1,65.8,0.28,0.27,0.29
BELM,2017-08-21 07:15:00 EDT,42.24249,-78.03958,1370,59.0,58.9,59.0,91.7,56.6,0.000,0.000,0.00,0.000,4.6,8.3,1.5,190,19,5.3,9.5,1.8,195,15,4.6,8.3,1.5,190,19,37,28.72,,0,0,0,65.8,67.1,65.8,0.28,0.27,0.29
BELM,2017-08-21 07:20:00 EDT,42.24249,-78.03958,1370,59.2,59.1,59.2,91.3,56.7,0.000,0.000,0.00,0.000,5.9,8.8,1.1,190,16,6.6,9.1,1.2,194,13,5.9,8.8,1.1,190,16,50,28.73,,0,0,0,65.8,67.1,65.8,0.28,0.27,0.29
BELM,2017-08-21 07:25:00 EDT,42.24249,-78.03958,1370,59.4,59.2,59.4,90.8,56.7,0.000,0.000,0.00,0.000,5.2,8.1,1.4,194,17,5.8,8.8,1.5,200,14,5.2,8.1,1.4,194,17,63,28.73,,0,0,0,65.8,67.1,65.8,0.28,0.26,0.29
BELM,2017-08-21 07:30:00 EDT,42.24249,-78.03958,1370,59.4,59.2,59.4,90.5,56.6,0.000,0.000,0.00,0.000,5.1,8.1,1.5,197,18,5.7,9.4,1.7,202,17,5.1,8.1,1.5,197,18,53,28.73,,0,0,0,65.8,67.1,65.8,0.28,0.27,0.29
BELM,2017-08-21 07:35:00 EDT,42.24249,-78.03958,1370,59.5,59.2,59.5,90.9,56.8,0.000,0.000,0.00,0.000,3.4,5.8,1.0,199,16,3.8,6.6,1.2,205,16,3.4,5.8,1.0,199,16,49,28.73,,0,0,0,65.8,67.0,65.8,0.28,0.27,0.29
BELM,2017-08-21 07:40:00 EDT,42.24249,-78.03958,1370,59.7,59.5,59.7,90.6,56.9,0.000,0.000,0.00,0.000,4.7,7.3,1.2,191,15,5.2,8.5,1.3,197,14,4.7,7.3,1.2,191,15,50,28.73,,0,0,0,65.8,67.0,65.8,0.28,0.26,0.29
BELM,2017-08-21 07:45:00 EDT,42.24249,-78.03958,1370,59.9,59.7,59.9,90.7,57.2,0.000,0.000,0.00,0.000,3.8,6.6,1.2,189,14,4.4,8.0,1.4,194,12,3.8,6.6,1.2,189,14,64,28.73,,0,0,0,65.8,66.8,65.8,0.28,0.27,0.29
BELM,2017-08-21 07:50:00 EDT,42.24249,-78.03958,1370,60.2,60.0,60.2,90.1,57.3,0.000,0.000,0.00,0.000,5.3,7.6,1.2,196,13,6.0,8.7,1.3,202,13,5.3,7.6,1.2,196,13,70,28.73,,0,0,0,65.8,66.9,65.8,0.28,0.27,0.29
BELM,2017-08-21 07:55:00 EDT,42.24249,-78.03958,1370,60.2,59.9,60.2,90.1,57.3,0.000,0.000,0.00,0.000,3.3,5.5,0.9,193,21,3.7,6.1,1.0,197,20,3.3,5.5,0.9,193,21,57,28.73,,0,0,0,65.8,66.9,65.8,0.28,0.27,0.29
BELM,2017-08-21 08:00:00 EDT,42.24249,-78.03958,1370,60.3,60.1,60.3,89.5,57.2,0.000,0.000,0.00,0.000,4.0,6.3,1.1,193,13,4.4,7.2,1.3,198,13,4.0,6.3,1.1,193,13,58,28.73,,0,0,0,65.8,66.8,65.8,0.28,0.27,0.29
BELM,2017-08-21 08:05:00 EDT,42.24249,-78.03958,1370,60.1,59.9,60.1,89.5,57.0,0.000,0.000,0.00,0.000,5.9,9.5,1.2,178,17,6.6,10.1,1.5,182,15,5.9,9.5,1.2,178,17,49,28.73,,0,0,0,65.8,66.7,65.8,0.28,0.27,0.29
BELM,2017-08-21 08:10:00 EDT,42.24249,-78.03958,1370,60.0,59.8,60.0,89.8,57.0,0.000,0.000,0.00,0.000,5.7,8.2,1.3,181,14,6.1,9.3,1.5,186,14,5.7,8.2,1.3,181,14,32,28.73,,0,0,0,65.8,66.7,65.8,0.28,0.27,0.29
BELM,2017-08-21 08:15:00 EDT,42.24249,-78.03958,1370,60.0,59.8,60.0,90.0,57.0,0.000,0.000,0.00,0.000,6.1,8.6,1.0,183,13,6.7,9.9,1.2,188,11,6.1,8.6,1.0,183,13,26,28.72,,0,0,0,65.8,66.7,65.8,0.28,0.27,0.29
BELM,2017-08-21 08:20:00 EDT,42.24249,-78.03958,1370,60.2,60.1,60.2,90.0,57.2,0.000,0.000,0.00,0.000,6.1,9.6,1.7,183,13,6.8,11.1,1.9,187,13,6.1,9.6,1.7,183,13,25,28.72,,0,0,0,65.8,66.7,65.8,0.28,0.27,0.29
BELM,2017-08-21 08:25:00 EDT,42.24249,-78.03958,1370,60.5,60.5,60.5,89.4,57.4,0.000,0.000,0.00,0.000,4.4,6.6,1.0,204,24,4.9,7.4,1.1,208,24,4.4,6.6,1.0,204,24,23,28.73,,0,0,0,65.8,66.7,65.8,0.28,0.27,0.29
BELM,2017-08-21 08:30:00 EDT,42.24249,-78.03958,1370,60.3,60.1,60.3,90.0,57.3,0.000,0.000,0.00,0.000,3.3,6.4,1.5,249,27,3.6,7.4,1.5,258,27,3.3,6.4,1.5,249,27,19,28.73,,0,0,0,65.8,66.7,65.8,0.28,0.27,0.29
BELM,2017-08-21 08:35:00 EDT,42.24249,-78.03958,1370,60.0,59.7,60.0,91.3,57.4,0.000,0.000,0.00,0.000,1.2,2.3,0.5,279,27,1.6,2.7,0.5,291,29,1.2,2.3,0.5,279,27,13,28.74,,0,0,0,65.8,66.7,65.8,0.28,0.27,0.29
BELM,2017-08-21 08:40:00 EDT,42.24249,-78.03958,1370,60.0,59.7,60.0,92.5,57.8,0.000,0.000,0.00,0.000,1.8,5.3,1.8,245,16,2.2,5.7,1.9,253,22,1.8,5.3,1.8,245,16,10,28.75,,0,0,0,65.8,66.7,65.7,0.28,0.27,0.29
BELM,2017-08-21 08:45:00 EDT,42.24249,-78.03958,1370,60.1,59.8,60.1,92.7,57.9,0.002,0.002,0.00,0.002,3.0,5.3,1.1,81,53,3.3,5.4,1.1,85,52,3.0,5.3,1.1,81,53,12,28.74,,0,0,0,65.8,66.7,65.7,0.28,0.27,0.29
BELM,2017-08-21 08:50:00 EDT,42.24249,-78.03958,1370,60.0,60.0,60.0,93.1,58.0,0.001,0.003,0.00,0.003,3.4,6.3,1.3,310,55,3.8,7.0,1.3,316,53,3.4,6.3,1.3,310,55,18,28.74,,0,0,0,65.8,66.7,65.7,0.28,0.27,0.29
BELM,2017-08-21 08:55:00 EDT,42.24249,-78.03958,1370,59.9,59.8,59.9,93.6,58.1,0.005,0.008,0.00,0.008,1.4,2.9,0.6,275,15,1.7,3.1,0.7,286,19,1.4,2.9,0.6,275,15,24,28.75,,0,0,0,65.8,66.7,65.7,0.28,0.27,0.29
BELM,2017-08-21 09:00:00 EDT,42.24249,-78.03958,1370,60.1,59.8,60.1,95.0,58.7,0.004,0.012,0.00,0.012,1.8,2.9,0.8,153,25,2.1,3.2,0.8,154,27,1.8,2.9,0.8,153,25,35,28.74,,0,0,0,65.8,66.7,65.7,0.28,0.27,0.29
BELM,2017-08-21 09:05:00 EDT,42.24249,-78.03958,1370,60.4,60.2,60.4,95.4,59.0,0.015,0.026,0.33,0.026,3.3,6.9,1.4,168,33,3.7,7.3,1.5,173,34,3.3,6.9,1.4,168,33,53,28.74,,0,0,0,65.8,66.7,65.6,0.28,0.27,0.29
BELM,2017-08-21 09:10:00 EDT,42.24249,-78.03958,1370,60.4,60.1,60.4,95.6,59.2,0.004,0.031,0.00,0.031,4.5,7.2,1.5,303,16,5.1,8.1,1.6,309,14,4.5,7.2,1.5,303,16,72,28.75,,0,0,0,65.8,66.7,65.6,0.27,0.27,0.29
BELM,2017-08-21 09:15:00 EDT,42.24249,-78.03958,1370,60.3,59.7,60.3,95.9,59.1,0.001,0.031,0.00,0.031,4.4,7.7,1.4,316,20,5.0,8.2,1.6,324,20,4.4,7.7,1.4,316,20,78,28.75,,0,0,0,65.8,66.7,65.6,0.27,0.27,0.29
BELM,2017-08-21 09:20:00 EDT,42.24249,-78.03958,1370,60.3,59.7,60.3,96.2,59.2,0.000,0.031,0.00,0.031,3.3,4.7,1.1,110,31,3.7,5.4,1.2,114,31,3.3,4.7,1.1,110,31,69,28.75,,0,0,0,65.8,66.7,65.5,0.27,0.27,0.29
BELM,2017-08-21 09:25:00 EDT,42.24249,-78.03958,1370,60.4,60.0,60.4,96.3,59.4,0.000,0.031,0.00,0.031,3.1,4.8,0.8,201,38,3.3,5.6,1.0,207,38,3.1,4.8,0.8,201,38,49,28.75,,0,0,0,65.8,66.7,65.5,0.27,0.27,0.29
BELM,2017-08-21 09:30:00 EDT,42.24249,-78.03958,1370,60.6,60.2,60.6,96.5,59.6,0.000,0.031,0.00,0.031,1.5,2.6,0.6,180,19,1.9,3.1,0.7,184,19,1.5,2.6,0.6,180,19,39,28.74,,0,0,0,65.8,66.7,65.5,0.28,0.27,0.29
BELM,2017-08-21 09:35:00 EDT,42.24249,-78.03958,1370,60.6,60.2,60.6,96.6,59.6,0.017,0.048,0.45,0.048,2.9,5.9,1.3,191,24,3.3,6.9,1.6,196,23,2.9,5.9,1.3,191,24,34,28.74,,0,0,0,65.8,66.7,65.5,0.27,0.27,0.29
BELM,2017-08-21 09:40:00 EDT,42.24249,-78.03958,1370,60.7,60.4,60.7,96.1,59.5,0.035,0.083,0.78,0.083,3.7,6.7,1.5,192,19,4.1,8.1,1.7,197,18,3.7,6.7,1.5,192,19,36,28.74,,0,0,0,65.8,66.7,65.5,0.27,0.27,0.29
BELM,2017-08-21 09:45:00 EDT,42.24249,-78.03958,1370,60.8,60.4,60.8,96.6,59.8,0.005,0.088,0.00,0.086,1.5,2.9,0.5,136,54,1.8,3.3,0.5,137,55,1.5,2.9,0.5,136,54,40,28.74,,0,0,0,65.8,66.7,65.5,0.27,0.27,0.29
BELM,2017-08-21 09:50:00 EDT,42.24249,-78.03958,1370,60.8,60.4,60.8,96.9,59.9,0.009,0.097,0.00,0.094,1.4,3.6,0.9,15,61,1.9,3.9,0.9,20,60,1.4,3.6,0.9,15,61,65,28.74,,0,0,0,65.8,66.7,65.5,0.27,0.27,0.29
BELM,2017-08-21 09:55:00 EDT,42.24249,-78.03958,1370,61.2,60.7,61.2,96.7,60.2,0.013,0.111,0.28,0.103,2.4,5.3,1.5,294,18,2.6,5.6,1.5,297,21,2.4,5.3,1.5,294,18,109,28.74,,0,0,0,65.8,66.7,65.5,0.27,0.27,0.29
BELM,2017-08-21 10:00:00 EDT,42.24249,-78.03958,1370,61.6,60.9,61.6,96.8,60.7,0.022,0.132,0.66,0.120,2.3,4.8,1.0,324,32,2.7,5.5,1.0,333,31,2.3,4.8,1.0,324,32,174,28.75,,0,0,0,65.8,66.7,65.5,0.27,0.27,0.29
BELM,2017-08-21 10:05:00 EDT,42.24249,-78.03958,1370,61.8,61.0,61.8,97.2,61.0,0.026,0.158,0.71,0.132,2.4,4.6,1.3,152,32,2.6,5.5,1.3,155,35,2.4,4.6,1.3,152,32,63,28.74,,0,0,0,65.8,66.7,65.5,0.27,0.27,0.29
BELM,2017-08-21 10:10:00 EDT,42.24249,-78.03958,1370,61.3,60.9,61.3,96.9,60.5,0.034,0.193,1.16,0.162,2.3,3.8,0.8,1,53,2.5,4.2,0.8,2,52,2.3,3.8,0.8,1,53,46,28.73,,0,0,0,65.8,66.7,65.5,0.27,0.27,0.29
BELM,2017-08-21 10:15:00 EDT,42.24249,-78.03958,1370,61.5,61.1,61.5,97.3,60.8,0.031,0.224,0.97,0.192,3.7,5.3,0.9,199,21,3.9,6.2,1.0,202,20,3.7,5.3,0.9,199,21,51,28.74,,0,0,0,65.8,66.7,65.5,0.28,0.27,0.29
BELM,2017-08-21 10:20:00 EDT,42.24249,-78.03958,1370,61.8,61.5,61.8,97.7,61.2,0.017,0.240,0.35,0.209,4.1,7.8,1.7,141,36,4.7,9.0,1.7,145,36,4.1,7.8,1.7,141,36,56,28.73,,0,0,0,65.8,66.7,65.5,0.28,0.27,0.29
BELM,2017-08-21 10:25:00 EDT,42.24249,-78.03958,1370,62.2,62.0,62.2,97.8,61.6,0.007,0.247,0.31,0.215,3.9,6.8,1.0,161,34,4.5,7.7,1.3,170,34,3.9,6.8,1.0,161,34,73,28.72,,0,0,0,65.8,66.7,65.5,0.29,0.27,0.29
BELM,2017-08-21 10:30:00 EDT,42.24249,-78.03958,1370,62.3,61.9,62.3,97.5,61.6,0.000,0.247,0.00,0.215,3.0,5.7,1.1,214,22,3.2,6.6,1.1,220,23,3.0,5.7,1.1,214,22,79,28.72,,0,0,0,65.8,66.7,65.5,0.28,0.27,0.29
BELM,2017-08-21 10:35:00 EDT,42.24249,-78.03958,1370,62.6,62.1,62.6,97.7,61.9,0.000,0.247,0.00,0.199,4.3,7.6,1.0,192,10,4.9,8.5,1.2,196,8,4.3,7.6,1.0,192,10,90,28.72,,0,0,0,65.8,66.7,65.5,0.29,0.27,0.29
BELM,2017-08-21 10:40:00 EDT,42.24249,-78.03958,1370,62.8,62.2,62.8,97.5,62.1,0.000,0.247,0.00,0.164,3.9,7.1,1.2,191,17,4.4,8.0,1.4,198,14,3.9,7.1,1.2,191,17,201,28.72,,0,0,0,65.8,66.7,65.5,0.29,0.27,0.29
BELM,2017-08-21 10:45:00 EDT,42.24249,-78.03958,1370,63.5,62.7,63.5,97.1,62.6,0.000,0.247,0.00,0.159,1.8,4.4,1.0,198,16,2.1,5.4,1.0,206,20,1.8,4.4,1.0,198,16,312,28.73,,0,0,0,65.8,66.7,65.5,0.29,0.27,0.29
BELM,2017-08-21 10:50:00 EDT,42.24249,-78.03958,1370,64.5,63.5,64.5,96.9,63.6,0.000,0.247,0.00,0.150,1.0,2.8,0.7,294,24,1.7,3.8,0.8,304,26,1.0,2.8,0.7,294,24,433,28.73,,0,0,0,65.8,66.7,65.5,0.29,0.27,0.29
BELM,2017-08-21 10:55:00 EDT,42.24249,-78.03958,1370,65.5,64.0,65.5,95.3,64.1,0.000,0.247,0.00,0.136,3.8,7.2,1.5,359,26,4.6,8.8,1.9,3,21,3.8,7.2,1.5,359,26,613,28.73,,0,0,0,65.8,66.7,65.5,0.30,0.27,0.29
BELM,2017-08-21 11:00:00 EDT,42.24249,-78.03958,1370,65.7,64.0,65.7,93.8,63.8,0.000,0.247,0.00,0.115,3.2,6.3,1.2,330,22,3.8,8.0,1.6,338,19,3.2,6.3,1.2,330,22,620,28.72,,0,0,0,65.8,66.5,65.5,0.30,0.27,0.29
BELM,2017-08-21 11:05:00 EDT,42.24249,-78.03958,1370,66.7,65.0,66.7,93.8,64.9,0.000,0.247,0.00,0.089,2.7,5.0,0.7,312,19,3.1,6.2,0.9,318,18,2.7,5.0,0.7,312,19,628,28.72,,0,0,0,65.9,66.5,65.5,0.30,0.27,0.29
BELM,2017-08-21 11:10:00 EDT,42.24249,-78.03958,1370,67.3,65.6,67.3,91.7,64.8,0.000,0.247,0.00,0.054,2.1,3.4,0.6,322,27,2.5,3.9,0.7,333,25,2.1,3.4,0.6,322,27,629,28.72,,0,0,0,66.0,66.5,65.5,0.30,0.27,0.29
BELM,2017-08-21 11:15:00 EDT,42.24249,-78.03958,1370,68.1,66.7,68.1,89.6,64.9,0.000,0.247,0.00,0.023,0.9,3.7,1.1,328,13,1.4,4.8,1.2,336,29,0.9,3.7,1.1,328,13,644,28.72,,0,0,0,66.0,66.5,65.5,0.30,0.27,0.29
BELM,2017-08-21 11:20:00 EDT,42.24249,-78.03958,1370,69.0,67.4,69.0,88.0,65.3,0.000,0.247,0.00,0.007,1.4,2.7,0.6,268,23,1.9,3.4,0.6,280,25,1.4,2.7,0.6,268,23,662,28.72,,0,0,0,66.3,66.4,65.5,0.30,0.27,0.29
BELM,2017-08-21 11:25:00 EDT,42.24249,-78.03958,1370,68.9,67.7,68.9,86.1,64.6,0.000,0.247,0.00,0.000,0.8,2.3,0.7,254,25,1.3,2.8,0.7,273,36,0.8,2.3,0.7,254,25,683,28.72,,0,0,0,66.4,66.5,65.5,0.31,0.27,0.29
BELM,2017-08-21 11:30:00 EDT,42.24249,-78.03958,1370,69.6,68.7,69.6,85.9,65.2,0.000,0.247,0.00,0.000,0.8,2.3,0.7,199,22,1.2,2.9,0.8,202,33,0.8,2.3,0.7,199,22,711,28.71,,0,0,0,66.4,66.4,65.5,0.30,0.27,0.29
BELM,2017-08-21 11:35:00 EDT,42.24249,-78.03958,1370,71.0,69.6,71.0,84.0,65.9,0.000,0.247,0.00,0.000,1.5,3.9,1.3,133,16,1.9,4.7,1.4,130,24,1.5,3.9,1.3,133,16,734,28.71,,0,0,0,66.7,66.4,65.5,0.30,0.27,0.29
BELM,2017-08-21 11:40:00 EDT,42.24249,-78.03958,1370,71.7,70.4,71.7,81.5,65.7,0.000,0.247,0.00,0.000,2.3,4.2,0.8,181,18,2.8,4.9,0.9,185,19,2.3,4.2,0.8,181,18,753,28.71,,0,0,0,66.7,66.4,65.5,0.30,0.27,0.29
BELM,2017-08-21 11:45:00 EDT,42.24249,-78.03958,1370,73.0,71.0,73.0,82.0,67.2,0.000,0.247,0.00,0.000,2.6,4.1,0.7,167,25,3.1,5.8,0.8,173,24,2.6,4.1,0.7,167,25,766,28.71,,0,0,0,67.0,66.4,65.5,0.31,0.27,0.29
BELM,2017-08-21 11:50:00 EDT,42.24249,-78.03958,1370,73.6,71.7,73.6,78.8,66.6,0.000,0.247,0.00,0.000,1.6,2.8,0.6,164,25,2.0,4.1,0.8,169,26,1.6,2.8,0.6,164,25,750,28.70,,0,0,0,67.1,66.4,65.5,0.31,0.27,0.29
BELM,2017-08-21 11:55:00 EDT,42.24249,-78.03958,1370,74.1,72.6,74.1,77.8,66.7,0.000,0.247,0.00,0.000,0.7,2.3,0.6,252,31,1.3,3.2,0.7,261,40,0.7,2.3,0.6,252,31,753,28.70,,0,0,0,67.2,66.4,65.5,0.31,0.27,0.29
BELM,2017-08-21 12:00:00 EDT,42.24249,-78.03958,1370,75.8,74.2,75.8,81.0,69.5,0.000,0.247,0.00,0.000,0.6,1.5,0.5,134,43,1.3,2.6,0.6,109,59,0.6,1.5,0.5,134,43,765,28.70,,0,0,0,67.5,66.4,65.5,0.31,0.27,0.29
BELM,2017-08-21 12:05:00 EDT,42.24249,-78.03958,1370,76.7,74.7,76.7,76.3,68.7,0.000,0.247,0.00,0.000,0.4,1.5,0.5,105,14,0.9,2.0,0.6,105,27,0.4,1.5,0.5,105,14,764,28.70,,0,0,0,67.5,66.4,65.5,0.31,0.27,0.29
BELM,2017-08-21 12:10:00 EDT,42.24249,-78.03958,1370,76.6,74.9,76.6,75.2,68.1,0.000,0.247,0.00,0.000,0.9,2.0,0.6,105,21,1.5,2.6,0.7,104,23,0.9,2.0,0.6,105,21,754,28.70,,0,0,0,67.8,66.4,65.5,0.31,0.27,0.29
BELM,2017-08-21 12:15:00 EDT,42.24249,-78.03958,1370,77.2,75.2,77.2,77.2,69.5,0.000,0.247,0.00,0.000,1.2,2.8,0.5,111,21,1.7,3.1,0.6,112,22,1.2,2.8,0.5,111,21,760,28.70,,0,0,0,67.8,66.4,65.5,0.31,0.27,0.29
BELM,2017-08-21 12:20:00 EDT,42.24249,-78.03958,1370,78.1,75.9,78.1,77.7,70.6,0.000,0.247,0.00,0.000,1.5,3.2,0.8,112,14,2.1,3.8,0.9,113,18,1.5,3.2,0.8,112,14,758,28.69,,0,0,0,68.0,66.4,65.5,0.31,0.27,0.29
BELM,2017-08-21 12:25:00 EDT,42.24249,-78.03958,1370,78.0,75.9,78.0,78.0,70.6,0.000,0.247,0.00,0.000,1.8,3.5,0.7,101,28,2.2,4.1,0.9,102,27,1.8,3.5,0.7,101,28,758,28.69,,0,0,0,68.2,66.4,65.5,0.31,0.27,0.29
BELM,2017-08-21 12:30:00 EDT,42.24249,-78.03958,1370,78.2,76.8,78.2,73.4,69.0,0.000,0.247,0.00,0.000,0.9,2.1,0.6,113,20,1.4,2.7,0.7,110,26,0.9,2.1,0.6,113,20,758,28.69,,0,0,0,68.5,66.4,65.5,0.31,0.27,0.29
BELM,2017-08-21 12:35:00 EDT,42.24249,-78.03958,1370,79.1,77.3,79.1,75.9,70.8,0.000,0.247,0.00,0.000,2.0,3.9,0.8,168,46,2.4,4.2,0.8,174,48,2.0,3.9,0.8,168,46,762,28.69,,0,0,0,68.5,66.4,65.5,0.31,0.27,0.29
BELM,2017-08-21 12:40:00 EDT,42.24249,-78.03958,1370,79.5,77.9,79.5,71.9,69.7,0.000,0.247,0.00,0.000,1.5,3.9,0.9,272,30,2.0,5.0,0.9,280,29,1.5,3.9,0.9,272,30,764,28.68,,0,0,0,68.8,66.4,65.5,0.31,0.27,0.29
BELM,2017-08-21 12:45:00 EDT,42.24249,-78.03958,1370,79.8,77.9,79.8,67.7,68.2,0.000,0.247,0.00,0.000,1.3,2.6,0.6,99,72,1.9,3.5,0.6,85,75,1.3,2.6,0.6,99,72,774,28.68,,0,0,0,69.0,66.4,65.5,0.31,0.27,0.29
BELM,2017-08-21 12:50:00 EDT,42.24249,-78.03958,1370,79.9,78.0,79.9,71.7,69.9,0.000,0.247,0.00,0.000,1.3,3.1,0.8,106,31,1.7,3.8,0.9,104,34,1.3,3.1,0.8,106,31,770,28.68,,0,0,0,69.3,66.4,65.5,0.31,0.27,0.29
BELM,2017-08-21 12:55:00 EDT,42.24249,-78.03958,1370,80.4,79.2,83.7,70.5,70.0,0.000,0.247,0.00,0.000,3.0,6.3,1.6,207,51,3.6,8.1,1.7,216,52,3.0,6.3,1.6,207,51,775,28.68,,0,0,0,69.3,66.4,65.5,0.31,0.27,0.29
BELM,2017-08-21 13:00:00 EDT,42.24249,-78.03958,1370,81.2,79.7,84.1,65.4,68.4,0.000,0.247,0.00,0.000,2.8,6.6,1.5,220,48,3.5,8.0,1.8,228,47,2.8,6.6,1.5,220,48,764,28.68,,0,0,0,69.6,66.4,65.5,0.32,0.27,0.29
BELM,2017-08-21 13:05:00 EDT,42.24249,-78.03958,1370,81.1,80.0,84.0,64.9,68.2,0.000,0.247,0.00,0.000,2.8,7.2,1.8,215,20,3.4,7.7,1.8,219,19,2.8,7.2,1.8,215,20,692,28.68,,0,0,0,69.8,66.4,65.5,0.31,0.27,0.29
BELM,2017-08-21 13:10:00 EDT,42.24249,-78.03958,1370,81.0,79.8,83.4,62.2,66.8,0.000,0.247,0.00,0.000,3.7,6.6,1.5,208,23,4.1,7.5,1.6,214,24,3.7,6.6,1.5,208,23,782,28.68,,0,0,0,70.0,66.4,65.5,0.31,0.27,0.29
BELM,2017-08-21 13:15:00 EDT,42.24249,-78.03958,1370,81.3,80.3,83.8,61.9,67.0,0.000,0.247,0.00,0.000,1.8,6.6,1.6,218,27,2.5,9.2,1.9,220,31,1.8,6.6,1.6,218,27,790,28.68,,0,0,0,70.1,66.4,65.5,0.31,0.27,0.29
BELM,2017-08-21 13:20:00 EDT,42.24249,-78.03958,1370,82.2,81.0,84.6,59.7,66.8,0.000,0.247,0.00,0.000,5.3,9.4,1.8,194,23,6.2,11.4,1.9,199,21,5.3,9.4,1.8,194,23,772,28.68,,0,0,0,70.3,66.4,65.5,0.31,0.27,0.29
BELM,2017-08-21 13:25:00 EDT,42.24249,-78.03958,1370,82.1,81.1,84.2,58.1,65.9,0.000,0.247,0.00,0.000,6.0,11.9,2.6,211,31,6.6,12.4,2.6,217,32,6.0,11.9,2.6,211,31,809,28.68,,0,0,0,70.5,66.4,65.5,0.31,0.27,0.29
BELM,2017-08-21 13:30:00 EDT,42.24249,-78.03958,1370,82.5,81.4,84.6,57.2,65.8,0.000,0.247,0.00,0.000,4.8,8.3,2.1,200,32,5.2,9.2,2.1,206,31,4.8,8.3,2.1,200,32,752,28.68,,0,0,0,70.7,66.4,65.5,0.31,0.27,0.29
BELM,2017-08-21 13:35:00 EDT,42.24249,-78.03958,1370,82.3,81.4,84.3,56.9,65.5,0.000,0.247,0.00,0.000,4.6,10.4,1.8,206,23,5.1,11.2,1.8,210,20,4.6,10.4,1.8,206,23,716,28.67,,0,0,0,70.7,66.4,65.5,0.31,0.27,0.29
BELM,2017-08-21 13:40:00 EDT,42.24249,-78.03958,1370,82.2,81.4,84.1,57.0,65.4,0.000,0.247,0.00,0.000,3.6,8.1,1.8,234,44,4.3,9.4,2.0,237,43,3.6,8.1,1.8,234,44,700,28.67,,0,0,0,70.9,66.4,65.5,0.31,0.27,0.29
BELM,2017-08-21 13:45:00 EDT,42.24249,-78.03958,1370,82.7,81.7,85.0,58.0,66.4,0.000,0.247,0.00,0.000,3.4,7.2,1.4,220,29,4.0,7.8,1.4,227,28,3.4,7.2,1.4,220,29,637,28.67,,0,0,0,71.1,66.4,65.5,0.31,0.27,0.29
BELM,2017-08-21 13:50:00 EDT,42.24249,-78.03958,1370,82.5,81.6,84.8,58.0,66.3,0.000,0.247,0.00,0.000,3.3,6.1,1.3,221,33,4.0,7.6,1.5,227,35,3.3,6.1,1.3,221,33,590,28.67,,0,0,0,71.1,66.4,65.5,0.31,0.27,0.29
BELM,2017-08-21 13:55:00 EDT,42.24249,-78.03958,1370,82.2,81.4,84.1,56.5,65.2,0.000,0.247,0.00,0.000,4.8,7.4,1.3,289,31,5.2,9.0,1.5,296,30,4.8,7.4,1.3,289,31,547,28.67,,0,0,0,71.4,66.4,65.5,0.32,0.27,0.29
BELM,2017-08-21 14:00:00 EDT,42.24249,-78.03958,1370,82.1,81.5,84.0,56.9,65.3,0.000,0.247,0.00,0.000,2.1,4.7,1.5,248,45,2.4,6.1,1.5,256,51,2.1,4.7,1.5,248,45,491,28.67,,0,0,0,71.4,66.4,65.5,0.32,0.27,0.29
BELM,2017-08-21 14:05:00 EDT,42.24249,-78.03958,1370,81.8,81.2,83.6,57.3,65.2,0.000,0.247,0.00,0.000,3.5,6.5,1.7,289,19,4.0,7.9,1.7,295,19,3.5,6.5,1.7,289,19,397,28.67,,0,0,0,71.4,66.4,65.5,0.31,0.27,0.29
BELM,2017-08-21 14:10:00 EDT,42.24249,-78.03958,1370,81.5,81.0,83.3,57.3,64.9,0.000,0.247,0.00,0.000,3.1,5.4,1.2,306,25,3.6,6.3,1.3,316,26,3.1,5.4,1.2,306,25,395,28.67,,0,0,0,71.4,66.4,65.5,0.31,0.27,0.29
BELM,2017-08-21 14:15:00 EDT,42.24249,-78.03958,1370,81.4,81.1,83.1,56.2,64.4,0.000,0.247,0.00,0.000,3.1,6.9,1.3,282,26,3.4,7.4,1.4,289,26,3.1,6.9,1.3,282,26,334,28.67,,0,0,0,71.4,66.4,65.5,0.31,0.27,0.29
BELM,2017-08-21 14:20:00 EDT,42.24249,-78.03958,1370,80.7,80.7,82.3,57.8,64.4,0.000,0.247,0.00,0.000,2.4,6.0,1.3,291,33,2.9,5.9,1.3,301,31,2.4,6.0,1.3,291,33,214,28.67,,0,0,0,71.5,66.4,65.5,0.31,0.27,0.29
BELM,2017-08-21 14:25:00 EDT,42.24249,-78.03958,1370,80.6,80.6,82.0,55.7,63.3,0.000,0.247,0.00,0.000,3.1,6.2,1.2,269,28,3.6,7.5,1.3,278,27,3.1,6.2,1.2,269,28,236,28.67,,0,0,0,71.7,66.4,65.5,0.31,0.27,0.29
BELM,2017-08-21 14:30:00 EDT,42.24249,-78.03958,1370,80.2,80.3,81.7,56.7,63.4,0.000,0.247,0.00,0.000,1.9,3.1,0.6,299,25,2.4,4.1,0.6,308,23,1.9,3.1,0.6,299,25,201,28.67,,0,0,0,71.8,66.4,65.5,0.31,0.27,0.29
BELM,2017-08-21 14:35:00 EDT,42.24249,-78.03958,1370,79.2,79.7,79.2,63.5,65.8,0.000,0.247,0.00,0.000,1.6,3.4,0.9,303,39,2.0,4.1,0.9,314,42,1.6,3.4,0.9,303,39,181,28.67,,0,0,0,71.8,66.4,65.5,0.31,0.27,0.29
BELM,2017-08-21 14:40:00 EDT,42.24249,-78.03958,1370,77.2,77.8,77.2,75.9,69.0,0.000,0.247,0.00,0.000,0.5,1.6,0.5,38,12,1.1,2.1,0.5,45,21,0.5,1.6,0.5,38,12,177,28.66,,0,0,0,71.8,66.4,65.5,0.31,0.27,0.29
BELM,2017-08-21 14:45:00 EDT,42.24249,-78.03958,1370,76.4,77.8,76.4,78.4,69.2,0.000,0.247,0.00,0.000,0.6,1.6,0.4,58,26,1.1,2.2,0.4,59,21,0.6,1.6,0.4,58,26,186,28.66,,0,0,0,71.7,66.4,65.5,0.31,0.27,0.29
BELM,2017-08-21 14:50:00 EDT,42.24249,-78.03958,1370,76.3,77.0,76.3,80.0,69.7,0.000,0.247,0.00,0.000,0.6,1.2,0.3,56,16,1.0,1.7,0.3,55,17,0.6,1.2,0.3,56,16,209,28.66,,0,0,0,71.5,66.4,65.5,0.31,0.27,0.29
BELM,2017-08-21 14:55:00 EDT,42.24249,-78.03958,1370,76.6,76.2,76.6,81.2,70.4,0.000,0.247,0.00,0.000,0.6,1.5,0.4,38,14,1.0,1.9,0.3,40,15,0.6,1.5,0.4,38,14,240,28.66,,0,0,0,71.4,66.5,65.5,0.31,0.27,0.29
BELM,2017-08-21 15:00:00 EDT,42.24249,-78.03958,1370,76.8,76.4,76.8,80.8,70.5,0.000,0.247,0.00,0.000,0.3,1.1,0.3,51,26,0.9,2.2,0.5,59,29,0.3,1.1,0.3,51,26,276,28.66,,0,0,0,71.4,66.6,65.5,0.31,0.27,0.29
BELM,2017-08-21 15:05:00 EDT,42.24249,-78.03958,1370,78.1,77.4,78.1,78.8,71.0,0.000,0.247,0.00,0.000,0.0,0.0,0.0,0,0,0.4,1.2,0.4,54,26,0.0,0.0,0.0,0,0,319,28.66,,0,0,0,71.4,66.6,65.5,0.32,0.27,0.29
BELM,2017-08-21 15:10:00 EDT,42.24249,-78.03958,1370,78.5,78.1,78.5,76.4,70.4,0.000,0.247,0.00,0.000,0.4,1.0,0.3,82,16,1.0,1.6,0.4,80,22,0.4,1.0,0.3,82,16,365,28.66,,0,0,0,71.4,66.7,65.5,0.31,0.27,0.29
BELM,2017-08-21 15:15:00 EDT,42.24249,-78.03958,1370,79.7,78.8,79.7,74.8,71.0,0.000,0.247,0.00,0.000,0.6,1.7,0.5,63,18,1.1,2.1,0.6,69,20,0.6,1.7,0.5,63,18,407,28.66,,0,0,0,71.4,66.7,65.5,0.31,0.27,0.29
BELM,2017-08-21 15:20:00 EDT,42.24249,-78.03958,1370,80.3,79.3,83.5,69.8,69.6,0.000,0.247,0.00,0.000,0.4,1.6,0.4,46,16,0.8,1.9,0.6,55,27,0.4,1.6,0.4,46,16,451,28.66,,0,0,0,71.4,66.7,65.5,0.31,0.27,0.29
BELM,2017-08-21 15:25:00 EDT,42.24249,-78.03958,1370,80.9,80.2,83.3,62.2,66.8,0.000,0.247,0.00,0.000,0.8,2.3,0.7,223,16,1.2,2.6,0.7,222,33,0.8,2.3,0.7,223,16,489,28.66,,0,0,0,71.4,66.7,65.5,0.32,0.27,0.29
BELM,2017-08-21 15:30:00 EDT,42.24249,-78.03958,1370,81.1,80.4,83.1,58.9,65.4,0.000,0.247,0.00,0.000,0.9,3.0,0.9,243,12,1.4,3.9,1.1,248,20,0.9,3.0,0.9,243,12,527,28.66,,0,0,0,71.4,66.7,65.4,0.32,0.27,0.29
BELM,2017-08-21 15:35:00 EDT,42.24249,-78.03958,1370,81.5,80.6,83.7,59.6,66.1,0.000,0.247,0.00,0.000,1.9,3.5,0.4,252,29,2.5,4.8,0.6,263,29,1.9,3.5,0.4,252,29,555,28.66,,0,0,0,71.4,66.7,65.4,0.32,0.27,0.29
BELM,2017-08-21 15:40:00 EDT,42.24249,-78.03958,1370,81.6,80.8,83.3,56.7,64.8,0.000,0.247,0.00,0.000,1.1,2.3,0.7,266,23,1.7,2.9,0.8,277,30,1.1,2.3,0.7,266,23,584,28.66,,0,0,0,71.4,66.7,65.4,0.32,0.27,0.29
BELM,2017-08-21 15:45:00 EDT,42.24249,-78.03958,1370,81.8,80.9,83.3,55.0,64.0,0.000,0.247,0.00,0.000,1.6,3.7,0.8,260,28,2.0,4.1,0.8,270,30,1.6,3.7,0.8,260,28,603,28.66,,0,0,0,71.4,66.7,65.3,0.31,0.27,0.29
BELM,2017-08-21 15:50:00 EDT,42.24249,-78.03958,1370,82.2,81.5,83.9,55.8,64.8,0.000,0.247,0.00,0.000,2.2,5.1,1.3,266,18,2.7,5.6,1.3,272,19,2.2,5.1,1.3,266,18,614,28.66,,0,0,0,71.5,66.7,65.4,0.31,0.27,0.29
BELM,2017-08-21 15:55:00 EDT,42.24249,-78.03958,1370,82.7,81.8,84.4,54.7,64.8,0.000,0.247,0.00,0.000,2.5,5.0,1.1,289,22,3.0,5.4,1.1,297,21,2.5,5.0,1.1,289,22,614,28.65,,0,0,0,71.7,66.7,65.3,0.31,0.27,0.29
BELM,2017-08-21 16:00:00 EDT,42.24249,-78.03958,1370,82.8,81.8,84.2,52.8,63.8,0.000,0.247,0.00,0.000,2.3,4.7,1.2,277,35,2.5,5.2,1.2,285,33,2.3,4.7,1.2,277,35,604,28.65,,0,0,0,71.8,66.7,65.3,0.31,0.27,0.29
BELM,2017-08-21 16:05:00 EDT,42.24249,-78.03958,1370,82.7,82.0,83.6,50.7,62.5,0.000,0.247,0.00,0.000,2.8,6.6,1.4,259,25,3.2,6.6,1.5,265,24,2.8,6.6,1.4,259,25,598,28.65,,0,0,0,71.8,66.7,65.3,0.31,0.27,0.29
BELM,2017-08-21 16:10:00 EDT,42.24249,-78.03958,1370,82.9,82.0,84.3,52.8,63.9,0.000,0.247,0.00,0.000,3.3,8.1,2.1,299,20,3.8,8.5,2.0,303,22,3.3,8.1,2.1,299,20,589,28.65,,0,0,0,71.8,66.7,65.3,0.31,0.27,0.29
BELM,2017-08-21 16:15:00 EDT,42.24249,-78.03958,1370,83.4,82.3,84.9,53.1,64.5,0.000,0.247,0.00,0.000,2.4,5.6,0.9,237,40,2.9,6.1,1.0,244,40,2.4,5.6,0.9,237,40,593,28.65,,0,0,0,71.8,66.7,65.2,0.31,0.27,0.29
BELM,2017-08-21 16:20:00 EDT,42.24249,-78.03958,1370,83.1,82.3,84.3,52.0,63.6,0.000,0.247,0.00,0.000,3.9,6.6,1.1,239,24,4.4,6.6,1.3,246,24,3.9,6.6,1.1,239,24,556,28.65,,0,0,0,72.0,66.7,65.2,0.31,0.27,0.29
BELM,2017-08-21 16:25:00 EDT,42.24249,-78.03958,1370,82.9,82.2,84.2,52.3,63.6,0.000,0.247,0.00,0.000,3.7,6.8,1.0,241,28,4.3,8.4,1.1,250,26,3.7,6.8,1.0,241,28,488,28.65,,0,0,0,72.3,66.7,65.1,0.31,0.27,0.29
BELM,2017-08-21 16:30:00 EDT,42.24249,-78.03958,1370,82.5,81.9,83.6,51.9,63.0,0.000,0.247,0.00,0.000,3.6,9.3,2.4,252,36,4.3,10.3,2.5,258,36,3.6,9.3,2.4,252,36,442,28.65,,0,0,0,72.3,66.7,65.2,0.31,0.27,0.29
BELM,2017-08-21 16:35:00 EDT,42.24249,-78.03958,1370,82.4,81.9,83.4,50.8,62.4,0.000,0.247,0.00,0.000,2.6,5.0,1.0,263,36,3.0,5.8,1.2,271,39,2.6,5.0,1.0,263,36,304,28.65,,0,0,0,72.3,66.7,65.1,0.31,0.27,0.29
BELM,2017-08-21 16:40:00 EDT,42.24249,-78.03958,1370,81.2,81.3,82.2,52.0,61.9,0.000,0.247,0.00,0.000,2.0,6.1,1.6,256,33,2.7,7.2,1.7,267,36,2.0,6.1,1.6,256,33,213,28.65,,0,0,0,72.3,66.7,65.1,0.31,0.27,0.29
BELM,2017-08-21 16:45:00 EDT,42.24249,-78.03958,1370,82.1,81.7,83.1,51.8,62.6,0.000,0.247,0.00,0.000,2.7,6.1,1.5,278,29,3.3,7.0,1.6,287,29,2.7,6.1,1.5,278,29,480,28.65,,0,0,0,72.3,66.8,65.1,0.31,0.27,0.29
BELM,2017-08-21 16:50:00 EDT,42.24249,-78.03958,1370,82.7,82.1,83.7,50.5,62.5,0.000,0.247,0.00,0.000,5.0,8.9,1.6,309,20,5.4,10.7,1.7,316,20,5.0,8.9,1.6,309,20,488,28.65,,0,0,0,72.3,66.7,65.1,0.31,0.27,0.29
BELM,2017-08-21 16:55:00 EDT,42.24249,-78.03958,1370,82.9,82.2,84.1,51.2,63.1,0.000,0.247,0.00,0.000,3.1,6.6,1.3,307,27,3.6,7.1,1.4,315,26,3.1,6.6,1.3,307,27,501,28.65,,0,0,0,72.3,66.8,65.1,0.31,0.27,0.29
BELM,2017-08-21 17:00:00 EDT,42.24249,-78.03958,1370,82.8,82.1,83.9,51.6,63.1,0.000,0.247,0.00,0.000,4.1,6.9,1.1,296,21,4.7,8.0,1.2,302,21,4.1,6.9,1.1,296,21,483,28.65,,0,0,0,72.3,67.0,65.1,0.31,0.27,0.29
BELM,2017-08-21 17:05:00 EDT,42.24249,-78.03958,1370,82.6,82.0,84.0,53.1,63.8,0.000,0.247,0.00,0.000,2.3,4.8,0.9,285,23,2.8,6.0,1.1,294,21,2.3,4.8,0.9,285,23,458,28.65,,0,0,0,72.3,67.1,65.1,0.31,0.27,0.29
BELM,2017-08-21 17:10:00 EDT,42.24249,-78.03958,1370,82.9,82.1,84.2,52.8,63.9,0.000,0.247,0.00,0.000,2.8,4.5,0.8,309,19,3.0,5.1,0.8,317,17,2.8,4.5,0.8,309,19,441,28.64,,0,0,0,72.2,67.1,65.1,0.31,0.27,0.29
BELM,2017-08-21 17:15:00 EDT,42.24249,-78.03958,1370,82.8,82.1,84.3,53.4,64.1,0.000,0.247,0.00,0.000,3.1,5.9,1.3,304,14,3.5,7.1,1.3,311,14,3.1,5.9,1.3,304,14,330,28.65,,0,0,0,71.8,67.1,65.1,0.31,0.27,0.29
BELM,2017-08-21 17:20:00 EDT,42.24249,-78.03958,1370,81.8,81.6,83.3,54.4,63.8,0.000,0.247,0.00,0.000,2.1,4.0,0.9,292,26,2.7,5.3,1.0,304,27,2.1,4.0,0.9,292,26,362,28.64,,0,0,0,71.8,67.1,65.1,0.31,0.27,0.29
BELM,2017-08-21 17:25:00 EDT,42.24249,-78.03958,1370,82.5,81.9,84.0,53.5,63.9,0.000,0.247,0.00,0.000,2.2,4.4,0.8,300,22,2.5,5.8,0.8,306,21,2.2,4.4,0.8,300,22,400,28.64,,0,0,0,71.8,67.1,65.1,0.31,0.27,0.29
BELM,2017-08-21 17:30:00 EDT,42.24249,-78.03958,1370,82.7,82.0,84.1,53.1,63.9,0.000,0.247,0.00,0.000,1.9,4.5,1.1,305,26,2.4,5.3,1.1,311,26,1.9,4.5,1.1,305,26,379,28.64,,0,0,0,71.8,67.1,65.1,0.31,0.27,0.29
BELM,2017-08-21 17:35:00 EDT,42.24249,-78.03958,1370,82.4,81.9,83.7,53.0,63.5,0.000,0.247,0.00,0.000,4.7,10.0,1.7,303,17,5.2,11.8,1.8,310,18,4.7,10.0,1.7,303,17,364,28.64,,0,0,0,71.8,67.1,65.1,0.31,0.27,0.29
BELM,2017-08-21 17:40:00 EDT,42.24249,-78.03958,1370,81.9,81.7,83.3,53.8,63.6,0.000,0.247,0.00,0.000,4.0,8.8,2.0,317,19,4.5,9.1,2.0,325,18,4.0,8.8,2.0,317,19,341,28.64,,0,0,0,71.8,67.1,65.1,0.31,0.27,0.29
BELM,2017-08-21 17:45:00 EDT,42.24249,-78.03958,1370,81.9,81.6,83.2,53.3,63.2,0.000,0.247,0.00,0.000,2.8,5.0,1.2,284,24,3.3,6.2,1.1,293,23,2.8,5.0,1.2,284,24,315,28.64,,0,0,0,71.8,67.1,65.1,0.31,0.27,0.29
BELM,2017-08-21 17:50:00 EDT,42.24249,-78.03958,1370,81.8,81.6,83.1,53.7,63.4,0.000,0.247,0.00,0.000,1.1,3.5,0.9,273,26,1.8,4.4,0.9,289,31,1.1,3.5,0.9,273,26,300,28.64,,0,0,0,71.5,67.1,65.1,0.31,0.27,0.29
BELM,2017-08-21 17:55:00 EDT,42.24249,-78.03958,1370,82.0,81.6,83.3,53.8,63.6,0.000,0.247,0.00,0.000,1.3,2.8,0.9,294,18,1.8,3.4,0.8,313,23,1.3,2.8,0.9,294,18,302,28.64,,0,0,0,71.4,67.1,65.1,0.31,0.27,0.29
BELM,2017-08-21 18:00:00 EDT,42.24249,-78.03958,1370,82.0,81.6,83.6,54.6,64.1,0.000,0.247,0.00,0.000,0.9,2.5,0.7,290,19,1.4,3.3,0.7,306,24,0.9,2.5,0.7,290,19,290,28.64,,0,0,0,71.4,67.1,65.1,0.31,0.27,0.29
BELM,2017-08-21 18:05:00 EDT,42.24249,-78.03958,1370,82.0,81.6,83.5,54.3,63.9,0.000,0.247,0.00,0.000,2.3,4.7,1.1,302,21,2.6,5.5,1.2,310,21,2.3,4.7,1.1,302,21,282,28.64,,0,0,0,71.4,67.1,65.1,0.31,0.27,0.29
BELM,2017-08-21 18:10:00 EDT,42.24249,-78.03958,1370,81.7,81.4,83.2,55.2,64.0,0.000,0.247,0.00,0.000,3.3,6.1,1.2,321,22,3.8,7.4,1.4,328,21,3.3,6.1,1.2,321,22,274,28.64,,0,0,0,71.4,67.1,65.1,0.31,0.27,0.29
BELM,2017-08-21 18:15:00 EDT,42.24249,-78.03958,1370,81.4,81.3,83.1,57.0,64.7,0.000,0.247,0.00,0.000,3.7,7.3,1.3,340,15,4.6,8.5,1.3,347,12,3.7,7.3,1.3,340,15,262,28.64,,0,0,0,71.4,67.1,65.1,0.31,0.27,0.29
BELM,2017-08-21 18:20:00 EDT,42.24249,-78.03958,1370,81.2,81.1,83.0,57.7,64.9,0.000,0.247,0.00,0.000,2.9,5.2,0.9,332,20,3.5,6.6,1.1,340,16,2.9,5.2,0.9,332,20,251,28.64,,0,0,0,71.4,67.1,65.1,0.31,0.27,0.29
BELM,2017-08-21 18:25:00 EDT,42.24249,-78.03958,1370,81.2,81.0,83.3,59.1,65.6,0.000,0.247,0.00,0.000,1.3,2.6,0.8,316,10,1.7,2.8,0.6,321,12,1.3,2.6,0.8,316,10,228,28.64,,0,0,0,71.4,67.1,65.1,0.31,0.27,0.29
BELM,2017-08-21 18:30:00 EDT,42.24249,-78.03958,1370,81.2,80.9,83.3,59.4,65.7,0.000,0.247,0.00,0.000,1.0,2.1,0.6,312,24,1.5,3.3,0.6,321,25,1.0,2.1,0.6,312,24,209,28.64,,0,0,0,71.4,67.1,65.1,0.31,0.27,0.29
BELM,2017-08-21 18:35:00 EDT,42.24249,-78.03958,1370,80.9,80.1,83.6,64.4,67.8,0.000,0.247,0.00,0.000,0.5,1.9,0.5,356,28,1.1,2.5,0.6,4,34,0.5,1.9,0.5,356,28,194,28.64,,0,0,0,71.4,67.1,65.1,0.31,0.27,0.29
BELM,2017-08-21 18:40:00 EDT,42.24249,-78.03958,1370,80.2,80.2,82.4,62.9,66.4,0.000,0.247,0.00,0.000,1.6,2.5,0.7,295,11,2.0,3.1,0.6,303,13,1.6,2.5,0.7,295,11,182,28.64,,0,0,0,71.4,67.2,65.1,0.31,0.27,0.29
BELM,2017-08-21 18:45:00 EDT,42.24249,-78.03958,1370,80.0,79.7,80.0,66.2,67.7,0.000,0.247,0.00,0.000,1.1,2.3,0.6,13,27,1.6,3.0,0.6,17,29,1.1,2.3,0.6,13,27,169,28.64,,0,0,0,71.3,67.1,65.1,0.31,0.27,0.29
BELM,2017-08-21 18:50:00 EDT,42.24249,-78.03958,1370,79.4,79.2,79.4,66.7,67.4,0.000,0.247,0.00,0.000,1.1,2.3,0.6,15,19,1.6,3.2,0.7,19,19,1.1,2.3,0.6,15,19,156,28.64,,0,0,0,71.1,67.2,65.1,0.31,0.27,0.29
BELM,2017-08-21 18:55:00 EDT,42.24249,-78.03958,1370,78.4,78.3,78.4,70.6,68.0,0.000,0.247,0.00,0.000,0.4,1.5,0.5,19,17,0.9,2.8,0.7,22,22,0.4,1.5,0.5,19,17,138,28.64,,0,0,0,71.1,67.4,65.1,0.31,0.27,0.29
BELM,2017-08-21 19:00:00 EDT,42.24249,-78.03958,1370,78.1,77.8,78.1,71.5,68.1,0.000,0.247,0.00,0.000,0.1,0.9,0.2,37,7,0.6,2.4,0.5,34,21,0.1,0.9,0.2,37,7,123,28.64,,0,0,0,71.1,67.4,65.1,0.31,0.27,0.29
BELM,2017-08-21 19:05:00 EDT,42.24249,-78.03958,1370,78.3,78.0,78.3,72.4,68.7,0.000,0.247,0.00,0.000,0.2,1.2,0.4,346,4,0.6,2.1,0.6,15,22,0.2,1.2,0.4,346,4,99,28.64,,0,0,0,71.1,67.5,65.1,0.31,0.27,0.29
BELM,2017-08-21 19:10:00 EDT,42.24249,-78.03958,1370,77.6,77.4,77.6,74.3,68.8,0.000,0.247,0.00,0.000,0.0,0.0,0.0,0,0,0.3,1.3,0.4,94,7,0.0,0.0,0.0,0,0,88,28.64,,0,0,0,71.1,67.5,65.1,0.31,0.27,0.29
BELM,2017-08-21 19:15:00 EDT,42.24249,-78.03958,1370,76.3,77.1,76.3,75.8,68.1,0.000,0.247,0.00,0.000,0.0,0.0,0.0,0,0,0.1,1.0,0.3,95,13,0.0,0.0,0.0,0,0,74,28.64,,0,0,0,71.1,67.5,65.1,0.31,0.27,0.29
BELM,2017-08-21 19:20:00 EDT,42.24249,-78.03958,1370,75.3,75.7,75.3,78.7,68.2,0.000,0.247,0.00,0.000,0.0,0.0,0.0,0,0,0.3,1.6,0.4,74,12,0.0,0.0,0.0,0,0,49,28.64,,0,0,0,71.1,67.5,65.1,0.31,0.27,0.29
BELM,2017-08-21 19:25:00 EDT,42.24249,-78.03958,1370,74.6,75.7,74.6,81.6,68.6,0.000,0.247,0.00,0.000,0.2,0.7,0.3,48,1,0.7,1.2,0.4,50,8,0.2,0.7,0.3,48,1,31,28.64,,0,0,0,71.1,67.5,65.1,0.31,0.27,0.29
BELM,2017-08-21 19:30:00 EDT,42.24249,-78.03958,1370,73.7,75.1,73.7,81.9,67.9,0.000,0.247,0.00,0.000,0.0,0.0,0.0,0,0,0.1,0.9,0.3,155,11,0.0,0.0,0.0,0,0,22,28.64,,0,0,0,70.9,67.5,65.1,0.31,0.27,0.29
BELM,2017-08-21 19:35:00 EDT,42.24249,-78.03958,1370,73.6,74.7,73.6,84.2,68.5,0.000,0.247,0.00,0.000,0.4,1.1,0.4,59,0,0.9,1.5,0.4,59,9,0.4,1.1,0.4,59,0,18,28.64,,0,0,0,70.7,67.5,65.1,0.31,0.27,0.29
BELM,2017-08-21 19:40:00 EDT,42.24249,-78.03958,1370,72.4,74.3,72.4,84.8,67.6,0.000,0.247,0.00,0.000,1.1,1.4,0.2,56,4,1.3,1.9,0.2,54,7,1.1,1.4,0.2,56,4,15,28.64,,0,0,0,70.7,67.5,65.1,0.31,0.27,0.29
BELM,2017-08-21 19:45:00 EDT,42.24249,-78.03958,1370,72.0,73.8,72.0,85.6,67.4,0.000,0.247,0.00,0.000,0.2,0.8,0.3,52,0,0.5,1.5,0.5,58,20,0.2,0.8,0.3,52,0,13,28.64,,0,0,0,70.7,67.5,65.1,0.31,0.27,0.29
BELM,2017-08-21 19:50:00 EDT,42.24249,-78.03958,1370,72.3,73.1,72.3,86.5,68.0,0.000,0.247,0.00,0.000,0.7,1.4,0.5,120,5,1.1,1.7,0.3,126,16,0.7,1.4,0.5,120,5,10,28.63,,0,0,0,70.7,67.5,65.1,0.31,0.27,0.29
BELM,2017-08-21 19:55:00 EDT,42.24249,-78.03958,1370,71.7,73.0,71.7,88.7,68.2,0.000,0.247,0.00,0.000,0.0,0.0,0.0,0,0,0.1,0.8,0.2,102,9,0.0,0.0,0.0,0,0,7,28.63,,0,0,0,70.7,67.5,65.1,0.31,0.27,0.29
BELM,2017-08-21 20:00:00 EDT,42.24249,-78.03958,1370,71.6,72.1,71.6,88.6,68.0,0.000,0.247,0.00,0.000,0.3,0.9,0.4,90,4,0.7,1.4,0.5,83,16,0.3,0.9,0.4,90,4,5,28.64,,0,0,0,70.7,67.5,65.1,0.31,0.27,0.29
BELM,2017-08-21 20:05:00 EDT,42.24249,-78.03958,1370,70.9,72.2,70.9,91.2,68.2,0.000,0.247,0.00,0.000,0.1,0.7,0.2,95,3,0.6,1.2,0.4,140,14,0.1,0.7,0.2,95,3,3,28.64,,0,0,0,70.7,67.5,65.1,0.31,0.27,0.29
BELM,2017-08-21 20:10:00 EDT,42.24249,-78.03958,1370,70.8,71.7,70.8,91.1,68.1,0.000,0.247,0.00,0.000,0.6,1.2,0.4,127,1,0.9,1.4,0.3,132,7,0.6,1.2,0.4,127,1,2,28.64,,0,0,0,70.6,67.5,65.1,0.31,0.27,0.29
BELM,2017-08-21 20:15:00 EDT,42.24249,-78.03958,1370,70.3,71.6,70.3,91.7,67.8,0.000,0.247,0.00,0.000,0.9,1.4,0.2,119,12,1.2,1.7,0.2,117,15,0.9,1.4,0.2,119,12,1,28.64,,0,0,0,70.4,67.5,65.1,0.31,0.27,0.29
BELM,2017-08-21 20:20:00 EDT,42.24249,-78.03958,1370,70.1,71.7,70.1,92.2,67.7,0.000,0.247,0.00,0.000,0.8,1.1,0.2,95,10,1.2,1.6,0.2,93,13,0.8,1.1,0.2,95,10,1,28.64,,0,0,0,70.3,67.5,65.1,0.31,0.27,0.29
BELM,2017-08-21 20:25:00 EDT,42.24249,-78.03958,1370,69.7,71.3,69.7,91.8,67.2,0.000,0.247,0.00,0.000,0.4,0.7,0.2,58,6,0.9,1.3,0.3,49,10,0.4,0.7,0.2,58,6,1,28.64,,0,0,0,70.3,67.5,65.1,0.31,0.27,0.29
BELM,2017-08-21 20:30:00 EDT,42.24249,-78.03958,1370,69.5,70.5,69.5,92.4,67.2,0.000,0.247,0.00,0.000,0.0,0.0,0.0,0,0,0.1,0.9,0.2,112,18,0.0,0.0,0.0,0,0,1,28.64,,0,0,0,70.3,67.5,65.1,0.31,0.27,0.29
BELM,2017-08-21 20:35:00 EDT,42.24249,-78.03958,1370,69.1,70.0,69.1,93.0,67.0,0.000,0.247,0.00,0.000,0.6,1.3,0.5,197,10,1.1,1.7,0.4,205,18,0.6,1.3,0.5,197,10,1,28.64,,0,0,0,70.3,67.5,65.1,0.31,0.27,0.29
BELM,2017-08-21 20:40:00 EDT,42.24249,-78.03958,1370,68.4,69.7,68.4,92.2,66.0,0.000,0.247,0.00,0.000,1.1,2.1,0.3,183,7,1.5,2.7,0.4,192,10,1.1,2.1,0.3,183,7,1,28.64,,0,0,0,70.3,67.5,65.1,0.31,0.27,0.29
BELM,2017-08-21 20:45:00 EDT,42.24249,-78.03958,1370,68.0,69.2,68.0,92.3,65.7,0.000,0.247,0.00,0.000,1.5,2.7,0.5,189,11,1.9,2.9,0.6,199,12,1.5,2.7,0.5,189,11,1,28.65,,0,0,0,70.0,67.5,65.1,0.31,0.27,0.29
BELM,2017-08-21 20:50:00 EDT,42.24249,-78.03958,1370,68.3,68.9,68.3,93.1,66.2,0.000,0.247,0.00,0.000,0.4,1.2,0.5,171,5,0.7,1.8,0.6,178,14,0.4,1.2,0.5,171,5,1,28.65,,0,0,0,70.0,67.5,65.1,0.31,0.27,0.29
BELM,2017-08-21 20:55:00 EDT,42.24249,-78.03958,1370,68.2,68.7,68.2,93.5,66.2,0.000,0.247,0.00,0.000,0.0,1.2,0.2,209,3,0.4,1.5,0.5,205,20,0.0,1.2,0.2,209,3,1,28.65,,0,0,0,70.0,67.5,65.1,0.31,0.27,0.29
BELM,2017-08-21 21:00:00 EDT,42.24249,-78.03958,1370,67.6,68.4,67.6,93.8,65.7,0.000,0.247,0.00,0.000,0.1,1.2,0.2,212,1,0.3,1.5,0.5,253,31,0.1,1.2,0.2,212,1,1,28.65,,0,0,0,70.0,67.5,65.1,0.31,0.27,0.29
BELM,2017-08-21 21:05:00 EDT,42.24249,-78.03958,1370,67.3,68.0,67.3,94.3,65.6,0.000,0.247,0.00,0.000,0.0,0.0,0.0,0,0,0.2,2.4,0.4,330,22,0.0,0.0,0.0,0,0,1,28.65,,0,0,0,70.0,67.5,65.1,0.31,0.27,0.29
BELM,2017-08-21 21:10:00 EDT,42.24249,-78.03958,1370,67.2,67.8,67.2,95.2,65.8,0.000,0.247,0.00,0.000,0.6,1.4,0.4,156,9,1.0,1.9,0.4,157,16,0.6,1.4,0.4,156,9,1,28.65,,0,0,0,69.9,67.5,65.1,0.31,0.27,0.29
BELM,2017-08-21 21:15:00 EDT,42.24249,-78.03958,1370,66.9,67.9,66.9,96.0,65.7,0.000,0.247,0.00,0.000,1.6,2.2,0.3,192,16,1.8,2.7,0.4,202,16,1.6,2.2,0.3,192,16,1,28.65,,0,0,0,69.7,67.6,65.1,0.31,0.27,0.29
BELM,2017-08-21 21:20:00 EDT,42.24249,-78.03958,1370,66.3,67.6,66.3,95.2,64.9,0.000,0.247,0.00,0.000,0.2,1.0,0.3,203,14,0.5,1.8,0.5,207,21,0.2,1.0,0.3,203,14,1,28.65,,0,0,0,69.6,67.7,65.1,0.31,0.27,0.29
BELM,2017-08-21 21:25:00 EDT,42.24249,-78.03958,1370,66.5,67.5,66.5,95.1,65.1,0.000,0.247,0.00,0.000,1.9,3.3,0.9,217,11,2.3,4.6,0.8,224,11,1.9,3.3,0.9,217,11,1,28.65,,0,0,0,69.6,67.7,65.1,0.31,0.27,0.29
BELM,2017-08-21 21:30:00 EDT,42.24249,-78.03958,1370,66.2,67.2,66.2,95.3,64.8,0.000,0.247,0.00,0.000,2.2,3.0,0.4,213,11,2.3,3.6,0.5,219,10,2.2,3.0,0.4,213,11,1,28.66,,0,0,0,69.6,67.7,65.1,0.31,0.27,0.29
BELM,2017-08-21 21:35:00 EDT,42.24249,-78.03958,1370,66.3,67.0,66.3,95.6,65.0,0.000,0.247,0.00,0.000,1.8,2.7,0.4,184,24,2.0,3.2,0.4,189,25,1.8,2.7,0.4,184,24,1,28.66,,0,0,0,69.6,67.8,65.1,0.31,0.27,0.29
BELM,2017-08-21 21:40:00 EDT,42.24249,-78.03958,1370,66.1,66.9,66.1,95.2,64.7,0.000,0.247,0.00,0.000,2.1,3.4,0.8,214,18,2.4,4.4,0.8,218,17,2.1,3.4,0.8,214,18,1,28.66,,0,0,0,69.6,67.7,65.1,0.31,0.27,0.29
BELM,2017-08-21 21:45:00 EDT,42.24249,-78.03958,1370,66.0,66.5,66.0,95.1,64.6,0.000,0.247,0.00,0.000,1.7,2.8,0.5,195,21,2.1,3.5,0.5,199,21,1.7,2.8,0.5,195,21,1,28.66,,0,0,0,69.3,67.8,65.1,0.31,0.27,0.29
BELM,2017-08-21 21:50:00 EDT,42.24249,-78.03958,1370,65.8,66.6,65.8,95.5,64.5,0.000,0.247,0.00,0.000,3.0,5.8,1.2,188,9,3.4,5.9,1.2,194,9,3.0,5.8,1.2,188,9,1,28.66,,0,0,0,69.3,67.8,65.1,0.31,0.27,0.29
BELM,2017-08-21 21:55:00 EDT,42.24249,-78.03958,1370,65.6,66.9,65.6,95.5,64.3,0.000,0.247,0.00,0.000,3.1,4.7,0.7,185,9,3.4,5.2,0.7,192,8,3.1,4.7,0.7,185,9,1,28.66,,0,0,0,69.3,67.8,65.1,0.31,0.27,0.29
BELM,2017-08-21 22:00:00 EDT,42.24249,-78.03958,1370,65.4,66.6,65.4,95.4,64.1,0.000,0.247,0.00,0.000,1.7,3.7,0.9,188,14,2.1,3.9,1.0,195,14,1.7,3.7,0.9,188,14,1,28.66,,0,0,0,69.3,67.8,65.1,0.31,0.27,0.29
BELM,2017-08-21 22:05:00 EDT,42.24249,-78.03958,1370,65.4,65.8,65.4,95.8,64.2,0.000,0.247,0.00,0.000,1.7,2.9,0.5,203,17,2.0,3.1,0.5,213,14,1.7,2.9,0.5,203,17,1,28.66,,0,0,0,69.3,67.8,65.1,0.31,0.27,0.29
BELM,2017-08-21 22:10:00 EDT,42.24249,-78.03958,1370,65.4,65.6,65.4,96.0,64.3,0.000,0.247,0.00,0.000,1.3,2.3,0.5,182,22,1.6,3.0,0.5,190,25,1.3,2.3,0.5,182,22,1,28.66,,0,0,0,69.3,67.8,65.1,0.31,0.27,0.29
BELM,2017-08-21 22:15:00 EDT,42.24249,-78.03958,1370,65.2,65.4,65.2,96.2,64.1,0.000,0.247,0.00,0.000,1.2,2.3,0.7,205,7,1.5,2.8,0.6,210,11,1.2,2.3,0.7,205,7,1,28.66,,0,0,0,69.3,67.8,65.1,0.31,0.27,0.29
BELM,2017-08-21 22:20:00 EDT,42.24249,-78.03958,1370,64.9,65.2,64.9,95.9,63.7,0.000,0.247,0.00,0.000,1.0,2.0,0.5,179,12,1.4,2.3,0.4,185,15,1.0,2.0,0.5,179,12,1,28.66,,0,0,0,69.2,67.8,65.1,0.31,0.27,0.29
BELM,2017-08-21 22:25:00 EDT,42.24249,-78.03958,1370,64.8,65.6,64.8,96.3,63.7,0.000,0.247,0.00,0.000,3.5,6.1,0.8,184,12,3.9,6.5,0.9,189,10,3.5,6.1,0.8,184,12,1,28.66,,0,0,0,69.1,67.8,65.1,0.31,0.27,0.29
BELM,2017-08-21 22:30:00 EDT,42.24249,-78.03958,1370,64.9,65.9,64.9,96.4,63.8,0.000,0.247,0.00,0.000,3.3,4.5,0.6,185,13,3.6,5.6,0.7,191,12,3.3,4.5,0.6,185,13,1,28.65,,0,0,0,68.9,67.8,65.1,0.31,0.27,0.29
BELM,2017-08-21 22:35:00 EDT,42.24249,-78.03958,1370,64.4,65.7,64.4,95.9,63.2,0.000,0.247,0.00,0.000,3.5,5.0,0.5,190,11,3.9,5.3,0.6,197,10,3.5,5.0,0.5,190,11,1,28.65,,0,0,0,68.9,67.8,65.1,0.30,0.27,0.29
BELM,2017-08-21 22:40:00 EDT,42.24249,-78.03958,1370,64.0,65.1,64.0,95.8,62.8,0.000,0.247,0.00,0.000,3.5,5.1,0.5,205,10,3.8,5.9,0.6,211,10,3.5,5.1,0.5,205,10,1,28.65,,0,0,0,68.9,67.8,65.1,0.30,0.27,0.29
BELM,2017-08-21 22:45:00 EDT,42.24249,-78.03958,1370,63.9,64.9,63.9,96.4,62.8,0.000,0.247,0.00,0.000,4.1,5.5,0.7,196,10,4.5,6.0,0.7,201,8,4.1,5.5,0.7,196,10,1,28.65,,0,0,0,68.9,67.8,65.1,0.30,0.27,0.29
BELM,2017-08-21 22:50:00 EDT,42.24249,-78.03958,1370,64.4,65.0,64.4,96.8,63.4,0.000,0.247,0.00,0.000,4.7,5.9,0.6,187,9,5.1,6.7,0.8,194,8,4.7,5.9,0.6,187,9,1,28.65,,0,0,0,68.9,67.8,65.1,0.31,0.27,0.29
BELM,2017-08-21 22:55:00 EDT,42.24249,-78.03958,1370,64.4,65.0,64.4,96.1,63.2,0.000,0.247,0.00,0.000,4.7,6.1,0.6,191,10,5.0,6.7,0.8,197,8,4.7,6.1,0.6,191,10,1,28.65,,0,0,0,68.9,67.8,65.1,0.30,0.27,0.29
BELM,2017-08-21 23:00:00 EDT,42.24249,-78.03958,1370,64.1,64.8,64.1,95.8,62.9,0.000,0.247,0.00,0.000,4.1,5.8,0.7,198,12,4.6,6.7,0.9,204,11,4.1,5.8,0.7,198,12,1,28.65,,0,0,0,68.7,67.8,65.1,0.30,0.27,0.29
BELM,2017-08-21 23:05:00 EDT,42.24249,-78.03958,1370,64.1,64.8,64.1,96.1,63.0,0.000,0.247,0.00,0.000,4.5,7.4,1.2,189,12,4.9,8.1,1.2,195,10,4.5,7.4,1.2,189,12,1,28.64,,0,0,0,68.5,67.8,65.1,0.31,0.27,0.29
BELM,2017-08-21 23:10:00 EDT,42.24249,-78.03958,1370,64.1,64.6,64.1,95.9,62.9,0.000,0.247,0.00,0.000,5.1,7.8,1.0,192,12,5.5,8.9,1.3,197,11,5.1,7.8,1.0,192,12,1,28.65,,0,0,0,68.5,67.8,65.1,0.31,0.26,0.29
BELM,2017-08-21 23:15:00 EDT,42.24249,-78.03958,1370,64.1,64.7,64.1,95.3,62.7,0.000,0.247,0.00,0.000,3.8,6.4,1.2,188,18,4.2,7.1,1.4,192,16,3.8,6.4,1.2,188,18,1,28.64,,0,0,0,68.5,67.8,65.2,0.31,0.27,0.29
BELM,2017-08-21 23:20:00 EDT,42.24249,-78.03958,1370,64.2,64.8,64.2,94.2,62.5,0.000,0.247,0.00,0.000,3.6,6.1,0.9,188,18,4.1,7.9,1.1,194,17,3.6,6.1,0.9,188,18,1,28.64,,0,0,0,68.5,67.8,65.1,0.31,0.27,0.29
BELM,2017-08-21 23:25:00 EDT,42.24249,-78.03958,1370,63.5,64.3,63.5,94.4,61.8,0.000,0.247,0.00,0.000,3.9,5.5,0.7,204,13,4.4,6.2,0.7,209,11,3.9,5.5,0.7,204,13,1,28.64,,0,0,0,68.5,67.8,65.1,0.31,0.27,0.29
BELM,2017-08-21 23:30:00 EDT,42.24249,-78.03958,1370,63.2,64.1,63.2,95.2,61.8,0.000,0.247,0.00,0.000,4.5,6.5,0.9,210,13,5.0,7.3,1.0,215,12,4.5,6.5,0.9,210,13,1,28.65,,0,0,0,68.5,67.8,65.2,0.31,0.27,0.29
BELM,2017-08-21 23:35:00 EDT,42.24249,-78.03958,1370,63.2,64.0,63.2,95.4,61.9,0.000,0.247,0.00,0.000,3.3,5.9,1.0,201,15,3.6,6.7,1.2,209,13,3.3,5.9,1.0,201,15,1,28.65,,0,0,0,68.5,67.8,65.2,0.31,0.27,0.29
BELM,2017-08-21 23:40:00 EDT,42.24249,-78.03958,1370,63.0,64.0,63.0,95.5,61.7,0.000,0.247,0.00,0.000,3.3,4.8,0.7,191,13,3.8,6.9,0.9,198,12,3.3,4.8,0.7,191,13,1,28.64,,0,0,0,68.5,67.8,65.2,0.31,0.27,0.29
BELM,2017-08-21 23:45:00 EDT,42.24249,-78.03958,1370,63.0,64.0,63.0,95.3,61.6,0.000,0.247,0.00,0.000,3.6,5.6,0.8,188,14,4.0,6.0,0.8,195,12,3.6,5.6,0.8,188,14,1,28.64,,0,0,0,68.5,67.8,65.2,0.31,0.27,0.29
BELM,2017-08-21 23:50:00 EDT,42.24249,-78.03958,1370,62.8,63.9,62.8,95.3,61.4,0.000,0.247,0.00,0.000,3.9,6.2,0.8,194,12,4.2,7.2,0.9,201,10,3.9,6.2,0.8,194,12,1,28.64,,0,0,0,68.5,67.8,65.2,0.31,0.27,0.29
BELM,2017-08-21 23:55:00 EDT,42.24249,-78.03958,1370,62.6,63.5,62.6,95.5,61.3,0.000,0.247,0.00,0.000,3.7,5.3,0.6,203,12,4.1,5.8,0.7,209,10,3.7,5.3,0.6,203,12,1,28.64,,0,0,0,68.5,67.8,65.3,0.31,0.27,0.29
BERK,2017-08-21 00:00:00 EDT,42.32030,-76.20319,1291,58.7,59.6,58.7,100.0,58.7,0.000,0.000,0.00,0.000,0.3,1.5,0.4,180,5,0.5,2.1,0.6,183,10,0.3,1.5,0.4,180,5,0,28.81,,0,0,0,66.0,65.8,64.8,0.22,0.30,0.29
BERK,2017-08-21 00:05:00 EDT,42.32030,-76.20319,1291,58.3,59.4,58.3,100.0,58.3,0.000,0.000,0.00,0.000,0.0,0.0,0.0,0,0,0.0,0.0,0.0,0,0,0.0,0.0,0.0,0,0,0,28.81,,0,0,0,66.0,65.8,64.8,0.22,0.30,0.29
BERK,2017-08-21 00:10:00 EDT,42.32030,-76.20319,1291,58.2,59.9,58.2,100.0,58.2,0.000,0.000,0.00,0.000,0.0,0.0,0.0,0,0,0.0,0.0,0.0,0,0,0.0,0.0,0.0,0,0,0,28.82,,0,0,0,66.0,65.8,64.8,0.22,0.30,0.29
BERK,2017-08-21 00:15:00 EDT,42.32030,-76.20319,1291,58.8,60.0,58.8,100.0,58.8,0.000,0.000,0.00,0.000,0.0,0.0,0.0,0,0,0.0,0.7,0.1,214,0,0.0,0.0,0.0,0,0,0,28.82,,0,0,0,66.0,65.8,64.8,0.22,0.30,0.29
BERK,2017-08-21 00:20:00 EDT,42.32030,-76.20319,1291,58.2,59.9,58.2,100.0,58.2,0.000,0.000,0.00,0.000,0.0,0.0,0.0,0,0,0.0,0.8,0.1,348,0,0.0,0.0,0.0,0,0,0,28.82,,0,0,0,66.0,65.8,64.8,0.22,0.30,0.29
BERK,2017-08-21 00:25:00 EDT,42.32030,-76.20319,1291,58.0,59.7,58.0,100.0,58.0,0.000,0.000,0.00,0.000,0.4,1.5,0.6,299,30,0.8,1.8,0.5,326,14,0.4,1.5,0.6,299,30,0,28.82,,0,0,0,66.0,65.8,64.8,0.22,0.30,0.29
BERK,2017-08-21 00:30:00 EDT,42.32030,-76.20319,1291,57.7,59.6,57.7,100.0,57.7,0.000,0.000,0.00,0.000,1.8,2.3,0.3,316,2,1.9,2.3,0.3,324,3,1.8,2.3,0.3,316,2,0,28.82,,0,0,0,66.0,65.8,64.8,0.22,0.30,0.29
BERK,2017-08-21 00:35:00 EDT,42.32030,-76.20319,1291,58.1,59.6,58.1,100.0,58.1,0.000,0.000,0.00,0.000,1.7,2.3,0.3,319,5,1.9,2.2,0.2,330,11,1.7,2.3,0.3,319,5,0,28.82,,0,0,0,66.0,65.8,64.8,0.22,0.30,0.29
BERK,2017-08-21 00:40:00 EDT,42.32030,-76.20319,1291,58.2,59.9,58.2,100.0,58.2,0.000,0.000,0.00,0.000,1.1,1.3,0.2,331,0,1.4,1.9,0.3,337,10,1.1,1.3,0.2,331,0,0,28.81,,0,0,0,66.0,65.8,64.8,0.22,0.30,0.29
BERK,2017-08-21 00:45:00 EDT,42.32030,-76.20319,1291,58.2,59.8,58.2,100.0,58.2,0.000,0.000,0.00,0.000,1.0,1.4,0.1,321,6,1.1,1.5,0.2,325,6,1.0,1.4,0.1,321,6,0,28.82,,0,0,0,66.0,65.8,64.8,0.22,0.30,0.29
BERK,2017-08-21 00:50:00 EDT,42.32030,-76.20319,1291,57.6,59.4,57.6,100.0,57.6,0.000,0.000,0.00,0.000,1.5,1.8,0.2,318,0,1.7,2.1,0.1,331,6,1.5,1.8,0.2,318,0,0,28.82,,0,0,0,66.0,65.8,64.8,0.22,0.30,0.29
BERK,2017-08-21 00:55:00 EDT,42.32030,-76.20319,1291,57.9,59.6,57.9,100.0,57.9,0.000,0.000,0.00,0.000,0.7,1.6,0.6,317,0,0.7,2.0,0.6,319,7,0.7,1.6,0.6,317,0,0,28.81,,0,0,0,65.9,65.8,64.8,0.22,0.30,0.29
BERK,2017-08-21 01:00:00 EDT,42.32030,-76.20319,1291,57.8,59.5,57.8,100.0,57.8,0.000,0.000,0.00,0.000,0.4,0.8,0.3,317,0,0.8,1.3,0.3,338,5,0.4,0.8,0.3,317,0,0,28.81,,0,0,0,65.8,65.8,64.8,0.22,0.30,0.29
BERK,2017-08-21 01:05:00 EDT,42.32030,-76.20319,1291,57.7,59.3,57.7,100.0,57.7,0.000,0.000,0.00,0.000,0.7,0.9,0.1,318,0,1.3,1.4,0.1,348,5,0.7,0.9,0.1,318,0,0,28.81,,0,0,0,65.8,65.8,64.8,0.22,0.30,0.29
BERK,2017-08-21 01:10:00 EDT,42.32030,-76.20319,1291,57.9,59.4,57.9,100.0,57.9,0.000,0.000,0.00,0.000,1.1,1.6,0.3,310,8,1.2,1.7,0.3,317,13,1.1,1.6,0.3,310,8,0,28.81,,0,0,0,65.8,65.8,64.8,0.22,0.30,0.29
BERK,2017-08-21 01:15:00 EDT,42.32030,-76.20319,1291,57.4,59.3,57.4,100.0,57.4,0.000,0.000,0.00,0.000,2.0,2.3,0.2,303,6,1.9,2.4,0.2,314,8,2.0,2.3,0.2,303,6,0,28.81,,0,0,0,65.8,65.8,64.8,0.22,0.30,0.29
BERK,2017-08-21 01:20:00 EDT,42.32030,-76.20319,1291,57.3,59.1,57.3,100.0,57.3,0.000,0.000,0.00,0.000,2.4,2.6,0.2,328,5,3.0,3.5,0.3,343,5,2.4,2.6,0.2,328,5,0,28.81,,0,0,0,65.8,65.8,64.8,0.22,0.30,0.29
BERK,2017-08-21 01:25:00 EDT,42.32030,-76.20319,1291,57.7,59.2,57.7,100.0,57.7,0.000,0.000,0.00,0.000,1.1,2.0,0.5,329,3,1.3,2.5,0.7,333,9,1.1,2.0,0.5,329,3,0,28.81,,0,0,0,65.8,65.8,64.8,0.22,0.30,0.29
BERK,2017-08-21 01:30:00 EDT,42.32030,-76.20319,1291,58.0,59.1,58.0,100.0,58.0,0.000,0.000,0.00,0.000,0.1,0.8,0.2,300,0,0.3,1.2,0.4,316,10,0.1,0.8,0.2,300,0,0,28.81,,0,0,0,65.8,65.8,64.8,0.22,0.30,0.29
BERK,2017-08-21 01:35:00 EDT,42.32030,-76.20319,1291,57.3,58.9,57.3,100.0,57.3,0.000,0.000,0.00,0.000,0.0,0.0,0.0,0,0,0.4,1.1,0.4,356,10,0.0,0.0,0.0,0,0,0,28.81,,0,0,0,65.8,65.8,64.8,0.22,0.30,0.29
BERK,2017-08-21 01:40:00 EDT,42.32030,-76.20319,1291,57.3,58.9,57.3,100.0,57.3,0.000,0.000,0.00,0.000,0.7,1.7,0.7,314,3,1.2,1.8,0.3,335,17,0.7,1.7,0.7,314,3,0,28.81,,0,0,0,65.8,65.8,64.8,0.22,0.30,0.29
BERK,2017-08-21 01:45:00 EDT,42.32030,-76.20319,1291,57.1,59.0,57.1,100.0,57.1,0.000,0.000,0.00,0.000,2.1,2.7,0.5,299,6,2.0,2.8,0.5,305,5,2.1,2.7,0.5,299,6,0,28.81,,0,0,0,65.8,65.8,64.8,0.22,0.30,0.29
BERK,2017-08-21 01:50:00 EDT,42.32030,-76.20319,1291,56.8,58.5,56.8,100.0,56.8,0.000,0.000,0.00,0.000,2.6,2.9,0.1,299,8,2.6,3.0,0.1,310,7,2.6,2.9,0.1,299,8,0,28.81,,0,0,0,65.8,65.8,64.8,0.22,0.30,0.29
BERK,2017-08-21 01:55:00 EDT,42.32030,-76.20319,1291,56.4,57.9,56.4,100.0,56.4,0.000,0.000,0.00,0.000,2.7,3.1,0.2,322,7,2.8,3.8,0.3,330,9,2.7,3.1,0.2,322,7,0,28.81,,0,0,0,65.8,65.8,64.8,0.22,0.30,0.29
BERK,2017-08-21 02:00:00 EDT,42.32030,-76.20319,1291,57.1,58.8,57.1,100.0,57.1,0.000,0.000,0.00,0.000,2.4,2.8,0.2,325,3,2.7,3.2,0.2,335,5,2.4,2.8,0.2,325,3,0,28.81,,0,0,0,65.8,65.8,64.8,0.22,0.30,0.29
BERK,2017-08-21 02:05:00 EDT,42.32030,-76.20319,1291,56.6,59.0,56.6,100.0,56.6,0.000,0.000,0.00,0.000,1.6,2.1,0.2,341,4,2.3,3.0,0.4,353,6,1.6,2.1,0.2,341,4,0,28.81,,0,0,0,65.8,65.8,64.8,0.22,0.30,0.29
BERK,2017-08-21 02:10:00 EDT,42.32030,-76.20319,1291,56.6,58.7,56.6,100.0,56.6,0.000,0.000,0.00,0.000,1.4,2.8,0.6,327,10,1.7,3.3,0.5,333,10,1.4,2.8,0.6,327,10,0,28.81,,0,0,0,65.8,65.8,64.8,0.22,0.30,0.29
BERK,2017-08-21 02:15:00 EDT,42.32030,-76.20319,1291,56.6,58.6,56.6,100.0,56.6,0.000,0.000,0.00,0.000,2.7,3.1,0.2,319,3,2.7,3.2,0.2,327,5,2.7,3.1,0.2,319,3,0,28.81,,0,0,0,65.8,65.8,64.8,0.22,0.30,0.29
BERK,2017-08-21 02:20:00 EDT,42.32030,-76.20319,1291,56.8,58.5,56.8,100.0,56.8,0.000,0.000,0.00,0.000,2.3,2.8,0.1,323,3,2.6,3.0,0.2,332,5,2.3,2.8,0.1,323,3,0,28.81,,0,0,0,65.8,65.8,64.8,0.22,0.30,0.29
BERK,2017-08-21 02:25:00 EDT,42.32030,-76.20319,1291,57.2,58.9,57.2,100.0,57.2,0.000,0.000,0.00,0.000,1.4,2.1,0.3,323,3,1.7,2.8,0.4,334,10,1.4,2.1,0.3,323,3,0,28.82,,0,0,0,65.5,65.8,64.8,0.22,0.30,0.29
BERK,2017-08-21 02:30:00 EDT,42.32030,-76.20319,1291,56.8,58.6,56.8,100.0,56.8,0.000,0.000,0.00,0.000,0.5,1.0,0.3,312,0,0.8,1.3,0.4,332,9,0.5,1.0,0.3,312,0,0,28.82,,0,0,0,65.5,65.8,64.8,0.22,0.30,0.29
BERK,2017-08-21 02:35:00 EDT,42.32030,-76.20319,1291,57.4,58.5,57.4,100.0,57.4,0.000,0.000,0.00,0.000,0.0,0.4,0.1,312,0,0.1,1.0,0.3,335,3,0.0,0.4,0.1,312,0,0,28.82,,0,0,0,65.5,65.8,64.8,0.22,0.30,0.29
BERK,2017-08-21 02:40:00 EDT,42.32030,-76.20319,1291,57.3,58.5,57.3,100.0,57.3,0.000,0.000,0.00,0.000,0.0,0.0,0.0,0,0,0.0,0.0,0.0,0,0,0.0,0.0,0.0,0,0,0,28.82,,0,0,0,65.5,65.8,64.8,0.22,0.30,0.29
BERK,2017-08-21 02:45:00 EDT,42.32030,-76.20319,1291,56.8,58.5,56.8,100.0,56.8,0.000,0.000,0.00,0.000,0.0,0.0,0.0,0,0,0.0,0.8,0.1,264,1,0.0,0.0,0.0,0,0,0,28.82,,0,0,0,65.5,65.8,64.8,0.22,0.30,0.29
BERK,2017-08-21 02:50:00 EDT,42.32030,-76.20319,1291,56.4,58.4,56.4,100.0,56.4,0.000,0.000,0.00,0.000,0.1,0.9,0.2,316,1,0.2,1.2,0.4,345,4,0.1,0.9,0.2,316,1,0,28.82,,0,0,0,65.5,65.8,64.8,0.22,0.30,0.29
BERK,2017-08-21 02:55:00 EDT,42.32030,-76.20319,1291,57.0,58.7,57.0,100.0,57.0,0.000,0.000,0.00,0.000,0.2,0.8,0.3,319,0,0.3,1.4,0.4,334,6,0.2,0.8,0.3,319,0,0,28.82,,0,0,0,65.5,65.8,64.8,0.22,0.30,0.29
BERK,2017-08-21 03:00:00 EDT,42.32030,-76.20319,1291,56.8,58.6,56.8,100.0,56.8,0.000,0.000,0.00,0.000,0.1,0.7,0.2,319,0,0.1,1.0,0.3,330,5,0.1,0.7,0.2,319,0,0,28.82,,0,0,0,65.5,65.8,64.8,0.22,0.30,0.29
BERK,2017-08-21 03:05:00 EDT,42.32030,-76.20319,1291,56.6,58.2,56.6,100.0,56.6,0.000,0.000,0.00,0.000,0.4,0.8,0.3,319,0,0.9,1.3,0.3,351,11,0.4,0.8,0.3,319,0,0,28.82,,0,0,0,65.4,65.8,64.8,0.22,0.30,0.29
BERK,2017-08-21 03:10:00 EDT,42.32030,-76.20319,1291,56.9,58.2,56.9,100.0,56.9,0.000,0.000,0.00,0.000,1.1,1.5,0.2,324,2,1.5,1.8,0.2,343,6,1.1,1.5,0.2,324,2,0,28.82,,0,0,0,65.4,65.8,64.8,0.22,0.30,0.29
BERK,2017-08-21 03:15:00 EDT,42.32030,-76.20319,1291,56.6,58.3,56.6,100.0,56.6,0.000,0.000,0.00,0.000,1.3,2.0,0.2,307,9,1.4,2.0,0.2,311,9,1.3,2.0,0.2,307,9,0,28.82,,0,0,0,65.2,65.8,64.8,0.22,0.30,0.29
BERK,2017-08-21 03:20:00 EDT,42.32030,-76.20319,1291,55.8,58.1,55.8,100.0,55.8,0.000,0.000,0.00,0.000,2.8,3.4,0.4,310,6,2.6,3.3,0.4,318,5,2.8,3.4,0.4,310,6,0,28.82,,0,0,0,65.1,65.8,64.8,0.22,0.30,0.29
BERK,2017-08-21 03:25:00 EDT,42.32030,-76.20319,1291,55.9,57.7,55.9,100.0,55.9,0.000,0.000,0.00,0.000,3.3,3.5,0.1,314,1,3.2,3.6,0.2,319,1,3.3,3.5,0.1,314,1,0,28.81,,0,0,0,65.1,65.8,64.8,0.22,0.30,0.29
BERK,2017-08-21 03:30:00 EDT,42.32030,-76.20319,1291,56.0,57.8,56.0,100.0,56.0,0.000,0.000,0.00,0.000,3.0,3.4,0.2,313,1,3.0,3.4,0.2,321,2,3.0,3.4,0.2,313,1,0,28.81,,0,0,0,65.1,65.8,64.8,0.22,0.30,0.29
BERK,2017-08-21 03:35:00 EDT,42.32030,-76.20319,1291,55.9,57.6,55.9,100.0,55.9,0.000,0.000,0.00,0.000,2.2,2.6,0.3,320,3,2.3,2.7,0.2,328,7,2.2,2.6,0.3,320,3,0,28.81,,0,0,0,65.1,65.8,64.8,0.22,0.30,0.29
BERK,2017-08-21 03:40:00 EDT,42.32030,-76.20319,1291,56.2,57.9,56.2,100.0,56.2,0.000,0.000,0.00,0.000,1.0,1.5,0.4,340,5,1.4,2.3,0.5,1,8,1.0,1.5,0.4,340,5,0,28.81,,0,0,0,65.1,65.8,64.8,0.22,0.30,0.29
BERK,2017-08-21 03:45:00 EDT,42.32030,-76.20319,1291,56.4,57.7,56.4,100.0,56.3,0.000,0.000,0.00,0.000,0.0,0.0,0.0,0,0,0.0,0.7,0.2,30,1,0.0,0.0,0.0,0,0,0,28.81,,0,0,0,65.1,65.8,64.8,0.22,0.30,0.29
BERK,2017-08-21 03:50:00 EDT,42.32030,-76.20319,1291,56.6,57.9,56.6,100.0,56.6,0.000,0.000,0.00,0.000,0.1,1.3,0.3,318,1,0.4,1.4,0.5,315,4,0.1,1.3,0.3,318,1,0,28.81,,0,0,0,65.1,65.8,64.8,0.22,0.30,0.29
BERK,2017-08-21 03:55:00 EDT,42.32030,-76.20319,1291,55.5,58.0,55.5,100.0,55.5,0.000,0.000,0.00,0.000,0.9,1.2,0.2,327,9,1.3,1.8,0.3,349,13,0.9,1.2,0.2,327,9,0,28.81,,0,0,0,65.1,65.8,64.8,0.22,0.30,0.29
BERK,2017-08-21 04:00:00 EDT,42.32030,-76.20319,1291,56.3,57.9,56.3,100.0,56.3,0.000,0.000,0.00,0.000,0.1,0.7,0.2,338,1,0.5,1.2,0.5,73,48,0.1,0.7,0.2,338,1,0,28.81,,0,0,0,65.1,65.8,64.8,0.22,0.30,0.29
BERK,2017-08-21 04:05:00 EDT,42.32030,-76.20319,1291,56.4,57.6,56.4,100.0,56.4,0.000,0.000,0.00,0.000,0.0,0.0,0.0,0,0,0.0,0.7,0.1,150,5,0.0,0.0,0.0,0,0,0,28.82,,0,0,0,65.1,65.8,64.8,0.22,0.30,0.29
BERK,2017-08-21 04:10:00 EDT,42.32030,-76.20319,1291,56.0,57.6,56.0,100.0,56.0,0.000,0.000,0.00,0.000,0.0,0.0,0.0,0,0,0.1,0.9,0.3,353,2,0.0,0.0,0.0,0,0,0,28.82,,0,0,0,65.1,65.8,64.8,0.22,0.30,0.29
BERK,2017-08-21 04:15:00 EDT,42.32030,-76.20319,1291,56.3,57.4,56.3,100.0,56.3,0.000,0.000,0.00,0.000,0.0,0.0,0.0,0,0,0.6,1.1,0.4,341,11,0.0,0.0,0.0,0,0,0,28.82,,0,0,0,65.1,65.8,64.8,0.22,0.30,0.29
BERK,2017-08-21 04:20:00 EDT,42.32030,-76.20319,1291,55.6,57.4,55.6,100.0,55.6,0.000,0.000,0.00,0.000,0.7,1.3,0.5,322,0,1.0,1.9,0.4,325,8,0.7,1.3,0.5,322,0,0,28.82,,0,0,0,65.1,65.8,64.8,0.22,0.30,0.29
BERK,2017-08-21 04:25:00 EDT,42.32030,-76.20319,1291,55.9,57.4,55.9,100.0,55.9,0.000,0.000,0.00,0.000,0.9,1.2,0.2,318,3,1.1,1.5,0.2,327,8,0.9,1.2,0.2,318,3,0,28.82,,0,0,0,65.1,65.8,64.8,0.22,0.30,0.29
BERK,2017-08-21 04:30:00 EDT,42.32030,-76.20319,1291,56.0,57.6,56.0,100.0,56.0,0.000,0.000,0.00,0.000,1.0,1.4,0.2,310,7,1.1,1.5,0.2,315,13,1.0,1.4,0.2,310,7,0,28.82,,0,0,0,64.9,65.8,64.8,0.22,0.30,0.29
BERK,2017-08-21 04:35:00 EDT,42.32030,-76.20319,1291,56.4,57.5,56.4,100.0,56.4,0.000,0.000,0.00,0.000,0.7,1.4,0.5,291,17,1.2,1.5,0.1,279,25,0.7,1.4,0.5,291,17,0,28.82,,0,0,0,64.8,65.8,64.8,0.22,0.30,0.29
BERK,2017-08-21 04:40:00 EDT,42.32030,-76.20319,1291,55.8,57.0,55.8,100.0,55.8,0.000,0.000,0.00,0.000,0.0,0.4,0.1,252,0,0.0,0.8,0.1,243,1,0.0,0.4,0.1,252,0,0,28.82,,0,0,0,64.8,65.8,64.8,0.22,0.30,0.29
BERK,2017-08-21 04:45:00 EDT,42.32030,-76.20319,1291,55.4,57.2,55.4,100.0,55.4,0.000,0.000,0.00,0.000,0.0,0.0,0.0,0,0,0.5,1.2,0.5,320,4,0.0,0.0,0.0,0,0,0,28.82,,0,0,0,64.8,65.8,64.8,0.22,0.30,0.29
BERK,2017-08-21 04:50:00 EDT,42.32030,-76.20319,1291,56.2,57.1,56.2,100.0,56.2,0.000,0.000,0.00,0.000,0.0,0.0,0.0,0,0,1.1,1.3,0.1,342,9,0.0,0.0,0.0,0,0,0,28.82,,0,0,0,64.8,65.8,64.8,0.22,0.30,0.29
BERK,2017-08-21 04:55:00 EDT,42.32030,-76.20319,1291,55.7,57.1,55.7,100.0,55.7,0.000,0.000,0.00,0.000,0.7,1.4,0.6,322,3,1.3,1.7,0.2,336,15,0.7,1.4,0.6,322,3,0,28.82,,0,0,0,64.8,65.8,64.8,0.22,0.30,0.29
BERK,2017-08-21 05:00:00 EDT,42.32030,-76.20319,1291,55.6,57.2,55.6,100.0,55.6,0.000,0.000,0.00,0.000,0.9,1.2,0.2,317,0,1.2,1.6,0.2,335,7,0.9,1.2,0.2,317,0,0,28.82,,0,0,0,64.8,65.8,64.8,0.22,0.30,0.29
BERK,2017-08-21 05:05:00 EDT,42.32030,-76.20319,1291,55.0,57.1,55.0,100.0,55.0,0.000,0.000,0.00,0.000,0.7,1.1,0.1,337,11,1.2,1.7,0.2,358,7,0.7,1.1,0.1,337,11,0,28.82,,0,0,0,64.8,65.8,64.8,0.22,0.30,0.29
BERK,2017-08-21 05:10:00 EDT,42.32030,-76.20319,1291,55.4,56.8,55.4,100.0,55.4,0.000,0.000,0.00,0.000,0.9,1.5,0.3,330,11,1.3,1.7,0.2,338,12,0.9,1.5,0.3,330,11,0,28.82,,0,0,0,64.8,65.8,64.8,0.22,0.30,0.29
BERK,2017-08-21 05:15:00 EDT,42.32030,-76.20319,1291,55.2,56.5,55.2,100.0,55.2,0.000,0.000,0.00,0.000,1.5,2.3,0.3,317,2,1.6,2.2,0.2,324,5,1.5,2.3,0.3,317,2,0,28.82,,0,0,0,64.8,65.8,64.8,0.22,0.30,0.29
BERK,2017-08-21 05:20:00 EDT,42.32030,-76.20319,1291,55.2,56.5,55.2,100.0,55.2,0.000,0.000,0.00,0.000,2.3,2.5,0.1,302,10,2.3,2.7,0.2,307,11,2.3,2.5,0.1,302,10,0,28.82,,0,0,0,64.8,65.8,64.8,0.22,0.30,0.29
BERK,2017-08-21 05:25:00 EDT,42.32030,-76.20319,1291,55.5,56.5,55.5,100.0,55.5,0.000,0.000,0.00,0.000,1.8,2.5,0.3,293,9,1.9,2.8,0.4,303,11,1.8,2.5,0.3,293,9,0,28.82,,0,0,0,64.8,65.8,64.8,0.22,0.30,0.29
BERK,2017-08-21 05:30:00 EDT,42.32030,-76.20319,1291,55.1,56.4,55.1,100.0,55.1,0.000,0.000,0.00,0.000,1.9,2.1,0.1,316,3,1.9,2.1,0.1,324,3,1.9,2.1,0.1,316,3,0,28.82,,0,0,0,64.8,65.8,64.8,0.22,0.30,0.29
BERK,2017-08-21 05:35:00 EDT,42.32030,-76.20319,1291,55.8,56.6,55.8,100.0,55.8,0.000,0.000,0.00,0.000,2.1,2.4,0.2,307,5,2.0,2.3,0.2,313,4,2.1,2.4,0.2,307,5,0,28.82,,0,0,0,64.8,65.8,64.8,0.22,0.30,0.29
BERK,2017-08-21 05:40:00 EDT,42.32030,-76.20319,1291,55.3,56.3,55.3,100.0,55.3,0.000,0.000,0.00,0.000,1.9,2.3,0.2,303,3,1.8,2.3,0.2,315,5,1.9,2.3,0.2,303,3,0,28.83,,0,0,0,64.7,65.8,64.8,0.22,0.30,0.29
BERK,2017-08-21 05:45:00 EDT,42.32030,-76.20319,1291,55.6,57.1,55.6,100.0,55.6,0.000,0.000,0.00,0.000,1.5,1.7,0.1,315,3,1.7,2.0,0.1,330,4,1.5,1.7,0.1,315,3,0,28.83,,0,0,0,64.7,65.8,64.8,0.22,0.30,0.29
BERK,2017-08-21 05:50:00 EDT,42.32030,-76.20319,1291,55.3,56.5,55.3,100.0,55.3,0.000,0.000,0.00,0.000,0.8,1.2,0.3,356,24,1.2,1.8,0.2,10,18,0.8,1.2,0.3,356,24,0,28.83,,0,0,0,64.5,65.8,64.8,0.22,0.30,0.29
BERK,2017-08-21 05:55:00 EDT,42.32030,-76.20319,1291,55.7,57.0,55.7,100.0,55.7,0.000,0.000,0.00,0.000,0.0,0.0,0.0,0,0,0.0,0.8,0.1,9,1,0.0,0.0,0.0,0,0,0,28.83,,0,0,0,64.4,65.8,64.8,0.22,0.30,0.29
BERK,2017-08-21 06:00:00 EDT,42.32030,-76.20319,1291,55.8,56.8,55.8,100.0,55.8,0.000,0.000,0.00,0.000,0.0,0.0,0.0,0,0,0.6,1.0,0.3,249,27,0.0,0.0,0.0,0,0,0,28.83,,0,0,0,64.4,65.8,64.8,0.22,0.30,0.29
BERK,2017-08-21 06:05:00 EDT,42.32030,-76.20319,1291,55.4,56.2,55.4,100.0,55.4,0.000,0.000,0.00,0.000,0.0,0.0,0.0,0,0,0.1,0.9,0.3,310,3,0.0,0.0,0.0,0,0,0,28.83,,0,0,0,64.4,65.8,64.8,0.22,0.30,0.29
BERK,2017-08-21 06:10:00 EDT,42.32030,-76.20319,1291,55.4,56.2,55.4,100.0,55.4,0.000,0.000,0.00,0.000,0.0,0.0,0.0,0,0,0.0,0.7,0.1,129,1,0.0,0.0,0.0,0,0,1,28.83,,0,0,0,64.4,65.8,64.8,0.22,0.30,0.29
BERK,2017-08-21 06:15:00 EDT,42.32030,-76.20319,1291,55.7,56.1,55.7,100.0,55.7,0.000,0.000,0.00,0.000,0.0,0.0,0.0,0,0,0.1,0.9,0.3,153,2,0.0,0.0,0.0,0,0,2,28.83,,0,0,0,64.4,65.8,64.8,0.22,0.30,0.29
BERK,2017-08-21 06:20:00 EDT,42.32030,-76.20319,1291,55.8,56.0,55.8,100.0,55.8,0.000,0.000,0.00,0.000,0.0,0.0,0.0,0,0,0.0,0.0,0.0,0,0,0.0,0.0,0.0,0,0,4,28.83,,0,0,0,64.4,65.8,64.8,0.22,0.30,0.29
BERK,2017-08-21 06:25:00 EDT,42.32030,-76.20319,1291,55.8,56.1,55.8,100.0,55.8,0.000,0.000,0.00,0.000,0.7,1.8,0.7,246,5,1.0,2.1,0.8,254,8,0.7,1.8,0.7,246,5,9,28.83,,0,0,0,64.4,65.8,64.8,0.22,0.30,0.29
BERK,2017-08-21 06:30:00 EDT,42.32030,-76.20319,1291,56.0,56.2,56.0,100.0,56.0,0.000,0.000,0.00,0.000,0.7,1.5,0.5,212,26,1.2,1.8,0.4,198,39,0.7,1.5,0.5,212,26,11,28.83,,0,0,0,64.4,65.8,64.8,0.22,0.30,0.29
BERK,2017-08-21 06:35:00 EDT,42.32030,-76.20319,1291,55.8,55.9,55.8,100.0,55.8,0.000,0.000,0.00,0.000,1.0,1.9,0.6,49,2,1.4,2.1,0.5,59,10,1.0,1.9,0.6,49,2,14,28.83,,0,0,0,64.4,65.8,64.8,0.22,0.30,0.29
BERK,2017-08-21 06:40:00 EDT,42.32030,-76.20319,1291,56.0,56.3,56.0,100.0,56.0,0.000,0.000,0.00,0.000,1.0,2.0,0.5,16,33,1.1,2.2,0.6,15,34,1.0,2.0,0.5,16,33,21,28.83,,0,0,0,64.4,65.8,64.8,0.22,0.30,0.29
BERK,2017-08-21 06:45:00 EDT,42.32030,-76.20319,1291,56.4,56.8,56.4,100.0,56.4,0.000,0.000,0.00,0.000,1.1,1.4,0.1,301,22,1.3,1.8,0.2,304,25,1.1,1.4,0.1,301,22,26,28.83,,0,0,0,64.4,65.8,64.8,0.22,0.30,0.29
BERK,2017-08-21 06:50:00 EDT,42.32030,-76.20319,1291,56.6,56.7,56.6,100.0,56.6,0.000,0.000,0.00,0.000,1.1,1.6,0.3,266,21,1.4,2.1,0.3,280,21,1.1,1.6,0.3,266,21,28,28.83,,0,0,0,64.4,65.8,64.8,0.22,0.30,0.29
BERK,2017-08-21 06:55:00 EDT,42.32030,-76.20319,1291,56.4,56.4,56.4,100.0,56.4,0.000,0.000,0.00,0.000,1.9,2.2,0.2,314,10,2.0,2.6,0.2,324,9,1.9,2.2,0.2,314,10,32,28.83,,0,0,0,64.4,65.8,64.8,0.22,0.30,0.29
BERK,2017-08-21 07:00:00 EDT,42.32030,-76.20319,1291,56.4,56.4,56.4,100.0,56.4,0.000,0.000,0.00,0.000,2.1,2.5,0.2,330,8,2.5,3.3,0.4,341,11,2.1,2.5,0.2,330,8,34,28.83,,0,0,0,64.4,65.7,64.8,0.22,0.30,0.29
BERK,2017-08-21 07:05:00 EDT,42.32030,-76.20319,1291,56.5,56.5,56.5,100.0,56.5,0.000,0.000,0.00,0.000,1.1,2.2,0.4,329,18,1.3,2.9,0.5,337,21,1.1,2.2,0.4,329,18,30,28.83,,0,0,0,64.4,65.6,64.8,0.22,0.30,0.29
BERK,2017-08-21 07:10:00 EDT,42.32030,-76.20319,1291,56.3,56.7,56.3,100.0,56.3,0.000,0.000,0.00,0.000,0.6,0.9,0.1,293,0,0.6,1.1,0.4,306,5,0.6,0.9,0.1,293,0,22,28.83,,0,0,0,64.4,65.6,64.8,0.22,0.30,0.29
BERK,2017-08-21 07:15:00 EDT,42.32030,-76.20319,1291,56.4,56.7,56.4,100.0,56.4,0.000,0.000,0.00,0.000,0.7,1.0,0.1,299,10,1.0,1.4,0.2,316,15,0.7,1.0,0.1,299,10,30,28.83,,0,0,0,64.4,65.5,64.8,0.22,0.30,0.29
BERK,2017-08-21 07:20:00 EDT,42.32030,-76.20319,1291,56.2,56.5,56.2,100.0,56.2,0.000,0.000,0.00,0.000,1.2,1.4,0.2,299,12,1.4,1.8,0.2,300,12,1.2,1.4,0.2,299,12,28,28.83,,0,0,0,64.4,65.5,64.8,0.22,0.30,0.29
BERK,2017-08-21 07:25:00 EDT,42.32030,-76.20319,1291,56.2,56.6,56.2,100.0,56.2,0.000,0.000,0.00,0.000,1.4,1.8,0.2,302,14,1.6,2.6,0.3,316,17,1.4,1.8,0.2,302,14,68,28.83,,0,0,0,64.4,65.5,64.8,0.22,0.30,0.29
BERK,2017-08-21 07:30:00 EDT,42.32030,-76.20319,1291,56.5,56.5,56.5,100.0,56.5,0.000,0.000,0.00,0.000,1.7,2.1,0.3,345,12,2.2,3.1,0.5,358,9,1.7,2.1,0.3,345,12,103,28.83,,0,0,0,64.4,65.5,64.8,0.22,0.30,0.29
BERK,2017-08-21 07:35:00 EDT,42.32030,-76.20319,1291,57.1,57.0,57.1,100.0,57.1,0.000,0.000,0.00,0.000,1.4,2.1,0.3,347,14,1.8,2.9,0.4,354,13,1.4,2.1,0.3,347,14,166,28.83,,0,0,0,64.4,65.5,64.8,0.22,0.30,0.29
BERK,2017-08-21 07:40:00 EDT,42.32030,-76.20319,1291,57.5,57.4,57.5,100.0,57.5,0.000,0.000,0.00,0.000,1.2,2.0,0.4,314,11,1.4,2.3,0.4,319,13,1.2,2.0,0.4,314,11,115,28.83,,0,0,0,64.4,65.5,64.8,0.22,0.30,0.29
BERK,2017-08-21 07:45:00 EDT,42.32030,-76.20319,1291,58.1,57.8,58.1,100.0,58.1,0.000,0.000,0.00,0.000,0.2,1.2,0.4,320,7,0.4,1.6,0.5,336,17,0.2,1.2,0.4,320,7,163,28.83,,0,0,0,64.4,65.5,64.8,0.22,0.30,0.29
BERK,2017-08-21 07:50:00 EDT,42.32030,-76.20319,1291,58.8,58.2,58.8,100.0,58.8,0.000,0.000,0.00,0.000,0.3,1.0,0.4,121,5,0.9,1.6,0.4,114,24,0.3,1.0,0.4,121,5,218,28.83,,0,0,0,64.4,65.5,64.8,0.22,0.30,0.29
BERK,2017-08-21 07:55:00 EDT,42.32030,-76.20319,1291,58.9,58.6,58.9,100.0,58.9,0.000,0.000,0.00,0.000,0.9,1.4,0.3,149,8,1.2,1.9,0.3,157,14,0.9,1.4,0.3,149,8,204,28.83,,0,0,0,64.4,65.5,64.8,0.22,0.30,0.29
BERK,2017-08-21 08:00:00 EDT,42.32030,-76.20319,1291,58.9,58.5,58.9,100.0,58.9,0.000,0.000,0.00,0.000,1.4,1.8,0.2,143,7,1.7,2.9,0.3,149,11,1.4,1.8,0.2,143,7,212,28.83,,0,0,0,64.4,65.5,64.8,0.22,0.30,0.29
BERK,2017-08-21 08:05:00 EDT,42.32030,-76.20319,1291,59.1,58.4,59.1,100.0,59.1,0.000,0.000,0.00,0.000,1.4,1.9,0.3,137,11,1.6,2.2,0.3,145,12,1.4,1.9,0.3,137,11,259,28.83,,0,0,0,64.4,65.5,64.8,0.22,0.30,0.29
BERK,2017-08-21 08:10:00 EDT,42.32030,-76.20319,1291,59.2,59.0,59.2,100.0,59.2,0.000,0.000,0.00,0.000,0.6,1.5,0.4,139,11,0.9,1.9,0.5,153,17,0.6,1.5,0.4,139,11,291,28.83,,0,0,0,64.4,65.5,64.8,0.22,0.30,0.29
BERK,2017-08-21 08:15:00 EDT,42.32030,-76.20319,1291,59.7,59.3,59.7,100.0,59.7,0.000,0.000,0.00,0.000,0.2,0.9,0.3,140,14,0.6,1.3,0.4,139,23,0.2,0.9,0.3,140,14,274,28.83,,0,0,0,64.4,65.5,64.8,0.22,0.30,0.29
BERK,2017-08-21 08:20:00 EDT,42.32030,-76.20319,1291,60.6,60.2,60.6,100.0,60.6,0.000,0.000,0.00,0.000,0.4,1.3,0.4,132,13,0.9,2.0,0.6,145,18,0.4,1.3,0.4,132,13,236,28.83,,0,0,0,64.4,65.5,64.8,0.22,0.30,0.29
BERK,2017-08-21 08:25:00 EDT,42.32030,-76.20319,1291,60.8,60.3,60.8,100.0,60.8,0.000,0.000,0.00,0.000,1.0,1.8,0.3,140,8,1.3,2.2,0.4,148,13,1.0,1.8,0.3,140,8,285,28.83,,0,0,0,64.4,65.5,64.8,0.22,0.30,0.29
BERK,2017-08-21 08:30:00 EDT,42.32030,-76.20319,1291,61.1,60.5,61.1,100.0,61.1,0.000,0.000,0.00,0.000,0.9,1.6,0.4,136,10,1.2,2.1,0.4,143,12,0.9,1.6,0.4,136,10,289,28.83,,0,0,0,64.4,65.5,64.8,0.22,0.30,0.29
BERK,2017-08-21 08:35:00 EDT,42.32030,-76.20319,1291,61.8,61.1,61.8,100.0,61.8,0.000,0.000,0.00,0.000,1.8,2.6,0.5,135,15,2.0,3.3,0.5,144,17,1.8,2.6,0.5,135,15,313,28.82,,0,0,0,64.4,65.5,64.8,0.22,0.30,0.29
BERK,2017-08-21 08:40:00 EDT,42.32030,-76.20319,1291,62.0,61.5,62.0,99.9,62.0,0.000,0.000,0.00,0.000,2.3,3.2,0.6,134,16,2.6,4.2,0.5,143,18,2.3,3.2,0.6,134,16,351,28.82,,0,0,0,64.4,65.5,64.8,0.22,0.30,0.29
BERK,2017-08-21 08:45:00 EDT,42.32030,-76.20319,1291,62.0,61.7,62.0,99.7,61.9,0.000,0.000,0.00,0.000,2.0,2.8,0.4,136,17,2.3,3.8,0.6,148,19,2.0,2.8,0.4,136,17,356,28.82,,0,0,0,64.4,65.5,64.8,0.22,0.30,0.29
BERK,2017-08-21 08:50:00 EDT,42.32030,-76.20319,1291,62.3,61.9,62.3,99.8,62.3,0.000,0.000,0.00,0.000,2.3,3.4,0.5,142,13,2.8,4.6,0.7,151,13,2.3,3.4,0.5,142,13,375,28.82,,0,0,0,64.4,65.5,64.8,0.22,0.30,0.29
BERK,2017-08-21 08:55:00 EDT,42.32030,-76.20319,1291,62.9,62.2,62.9,99.0,62.7,0.000,0.000,0.00,0.000,2.1,4.2,0.8,123,16,2.5,4.3,0.7,133,17,2.1,4.2,0.8,123,16,427,28.82,,0,0,0,64.4,65.5,64.8,0.22,0.30,0.29
BERK,2017-08-21 09:00:00 EDT,42.32030,-76.20319,1291,62.4,62.0,62.4,97.7,61.8,0.000,0.000,0.00,0.000,2.6,3.3,0.5,111,12,2.6,3.9,0.6,119,11,2.6,3.3,0.5,111,12,402,28.82,,0,0,0,64.4,65.5,64.8,0.22,0.30,0.29
BERK,2017-08-21 09:05:00 EDT,42.32030,-76.20319,1291,62.8,62.3,62.8,96.8,61.9,0.000,0.000,0.00,0.000,3.7,4.7,0.5,117,8,3.8,5.1,0.6,124,8,3.7,4.7,0.5,117,8,478,28.82,,0,0,0,64.4,65.5,64.8,0.22,0.30,0.29
BERK,2017-08-21 09:10:00 EDT,42.32030,-76.20319,1291,63.3,62.8,63.3,95.2,61.9,0.000,0.000,0.00,0.000,3.1,4.6,0.7,116,16,3.2,5.1,0.8,125,15,3.1,4.6,0.7,116,16,534,28.82,,0,0,0,64.4,65.5,64.8,0.22,0.30,0.29
BERK,2017-08-21 09:15:00 EDT,42.32030,-76.20319,1291,63.7,63.1,63.7,93.0,61.6,0.000,0.000,0.00,0.000,3.0,3.9,0.5,111,12,3.2,5.7,0.8,119,12,3.0,3.9,0.5,111,12,541,28.82,,0,0,0,64.4,65.4,64.8,0.22,0.30,0.29
BERK,2017-08-21 09:20:00 EDT,42.32030,-76.20319,1291,64.4,63.6,64.4,92.2,62.1,0.000,0.000,0.00,0.000,3.2,5.0,0.8,116,15,3.3,5.9,0.9,124,15,3.2,5.0,0.8,116,15,584,28.82,,0,0,0,64.4,65.4,64.8,0.22,0.30,0.29
BERK,2017-08-21 09:25:00 EDT,42.32030,-76.20319,1291,64.9,64.2,64.9,89.7,61.8,0.000,0.000,0.00,0.000,2.4,4.2,0.8,110,14,2.9,4.6,0.8,118,16,2.4,4.2,0.8,110,14,542,28.83,,0,0,0,64.4,65.4,64.8,0.22,0.30,0.29
BERK,2017-08-21 09:30:00 EDT,42.32030,-76.20319,1291,66.2,64.8,66.2,89.5,63.0,0.000,0.000,0.00,0.000,2.5,4.2,0.7,100,24,3.1,5.6,0.9,108,24,2.5,4.2,0.7,100,24,634,28.83,,0,0,0,64.4,65.3,64.8,0.22,0.30,0.29
BERK,2017-08-21 09:35:00 EDT,42.32030,-76.20319,1291,68.4,65.0,68.4,86.3,64.1,0.000,0.000,0.00,0.000,3.3,5.3,1.0,123,22,3.6,6.0,1.1,132,23,3.3,5.3,1.0,123,22,418,28.83,,0,0,0,64.4,65.3,64.8,0.22,0.30,0.29
BERK,2017-08-21 09:40:00 EDT,42.32030,-76.20319,1291,68.7,65.0,68.7,85.8,64.3,0.000,0.000,0.00,0.000,3.1,5.5,0.9,124,21,3.3,5.8,1.0,131,21,3.1,5.5,0.9,124,21,398,28.83,,0,0,0,64.4,65.3,64.8,0.22,0.30,0.29
BERK,2017-08-21 09:45:00 EDT,42.32030,-76.20319,1291,68.6,65.2,68.6,84.8,63.8,0.000,0.000,0.00,0.000,3.1,5.7,1.4,121,19,3.4,6.6,1.4,129,18,3.1,5.7,1.4,121,19,406,28.83,,0,0,0,64.4,65.2,64.8,0.22,0.30,0.29
BERK,2017-08-21 09:50:00 EDT,42.32030,-76.20319,1291,69.1,68.3,69.1,85.7,64.7,0.000,0.000,0.00,0.000,2.7,4.2,0.7,126,24,3.2,5.2,0.8,134,26,2.7,4.2,0.7,126,24,344,28.83,,0,0,0,64.4,65.2,64.8,0.22,0.30,0.29
BERK,2017-08-21 09:55:00 EDT,42.32030,-76.20319,1291,69.2,68.6,69.2,84.0,64.2,0.000,0.000,0.00,0.000,2.1,3.6,0.7,113,20,2.2,4.3,0.6,117,21,2.1,3.6,0.7,113,20,308,28.83,,0,0,0,64.4,65.2,64.8,0.22,0.30,0.29
BERK,2017-08-21 10:00:00 EDT,42.32030,-76.20319,1291,69.8,69.3,69.8,83.3,64.5,0.000,0.000,0.00,0.000,1.9,4.9,1.0,140,56,2.3,5.8,1.1,156,59,1.9,4.9,1.0,140,56,282,28.83,,0,0,0,64.5,65.1,64.8,0.22,0.30,0.29
BERK,2017-08-21 10:05:00 EDT,42.32030,-76.20319,1291,70.5,69.6,70.5,80.8,64.3,0.000,0.000,0.00,0.000,0.9,2.2,0.8,127,21,1.3,2.8,0.8,125,34,0.9,2.2,0.8,127,21,288,28.83,,0,0,0,64.7,65.1,64.8,0.22,0.30,0.29
BERK,2017-08-21 10:10:00 EDT,42.32030,-76.20319,1291,70.8,70.3,70.8,81.2,64.7,0.000,0.000,0.00,0.000,1.2,3.4,0.8,132,34,1.5,3.9,0.8,141,37,1.2,3.4,0.8,132,34,278,28.83,,0,0,0,64.8,65.1,64.8,0.22,0.30,0.29
BERK,2017-08-21 10:15:00 EDT,42.32030,-76.20319,1291,70.4,70.2,70.4,80.2,64.0,0.000,0.000,0.00,0.000,1.1,2.6,0.6,155,18,1.6,3.3,0.7,164,21,1.1,2.6,0.6,155,18,264,28.83,,0,0,0,64.8,65.1,64.8,0.22,0.30,0.29
BERK,2017-08-21 10:20:00 EDT,42.32030,-76.20319,1291,70.9,70.1,70.9,79.0,64.0,0.000,0.000,0.00,0.000,1.5,4.0,0.9,103,24,1.9,4.8,1.0,111,25,1.5,4.0,0.9,103,24,358,28.82,,0,0,0,64.8,65.1,64.8,0.22,0.30,0.29
BERK,2017-08-21 10:25:00 EDT,42.32030,-76.20319,1291,71.3,70.9,71.3,80.3,64.9,0.000,0.000,0.00,0.000,1.4,2.3,0.6,140,16,1.8,3.1,0.5,148,20,1.4,2.3,0.6,140,16,433,28.82,,0,0,0,64.8,65.1,64.8,0.22,0.30,0.29
BERK,2017-08-21 10:30:00 EDT,42.32030,-76.20319,1291,72.0,71.4,72.0,80.6,65.7,0.000,0.000,0.00,0.000,1.2,3.4,1.0,175,19,1.9,4.1,1.0,189,26,1.2,3.4,1.0,175,19,427,28.82,,0,0,0,64.8,65.1,64.8,0.22,0.30,0.29
BERK,2017-08-21 10:35:00 EDT,42.32030,-76.20319,1291,71.9,71.3,71.9,77.5,64.5,0.000,0.000,0.00,0.000,1.0,3.4,1.0,153,18,1.4,4.0,1.1,165,30,1.0,3.4,1.0,153,18,343,28.82,,0,0,0,64.8,65.1,64.8,0.22,0.30,0.29
BERK,2017-08-21 10:40:00 EDT,42.32030,-76.20319,1291,72.1,71.5,72.1,76.3,64.2,0.000,0.000,0.00,0.000,4.5,7.2,1.4,172,23,5.1,8.3,1.5,180,23,4.5,7.2,1.4,172,23,362,28.82,,0,0,0,64.8,65.1,64.8,0.22,0.30,0.29
BERK,2017-08-21 10:45:00 EDT,42.32030,-76.20319,1291,72.1,71.7,72.1,76.6,64.3,0.000,0.000,0.00,0.000,4.9,9.4,1.7,163,24,5.5,11.5,1.8,170,23,4.9,9.4,1.7,163,24,357,28.81,,0,0,0,64.8,65.1,64.8,0.22,0.30,0.29
BERK,2017-08-21 10:50:00 EDT,42.32030,-76.20319,1291,72.0,71.7,72.0,75.8,64.0,0.000,0.000,0.00,0.000,4.2,7.1,1.3,171,17,4.7,9.2,1.7,180,16,4.2,7.1,1.3,171,17,346,28.81,,0,0,0,64.8,65.1,64.8,0.22,0.30,0.29
BERK,2017-08-21 10:55:00 EDT,42.32030,-76.20319,1291,72.2,71.8,72.2,74.5,63.6,0.000,0.000,0.00,0.000,3.0,6.2,1.5,182,22,3.3,6.9,1.7,193,24,3.0,6.2,1.5,182,22,326,28.81,,0,0,0,65.0,65.1,64.8,0.22,0.30,0.29
BERK,2017-08-21 11:00:00 EDT,42.32030,-76.20319,1291,72.6,72.2,72.6,76.5,64.8,0.000,0.000,0.00,0.000,2.1,3.1,0.5,162,26,2.5,4.3,0.7,174,27,2.1,3.1,0.5,162,26,350,28.81,,0,0,0,65.1,65.1,64.8,0.22,0.30,0.29
BERK,2017-08-21 11:05:00 EDT,42.32030,-76.20319,1291,72.6,72.2,72.6,74.4,64.0,0.000,0.000,0.00,0.000,3.8,6.0,1.3,201,18,4.2,6.1,1.2,209,18,3.8,6.0,1.3,201,18,456,28.81,,0,0,0,65.1,65.1,64.8,0.22,0.30,0.29
BERK,2017-08-21 11:10:00 EDT,42.32030,-76.20319,1291,73.3,72.7,73.3,74.3,64.7,0.000,0.000,0.00,0.000,2.5,5.8,1.5,173,32,2.9,7.6,1.7,183,33,2.5,5.8,1.5,173,32,658,28.81,,0,0,0,65.1,65.1,64.8,0.22,0.30,0.29
BERK,2017-08-21 11:15:00 EDT,42.32030,-76.20319,1291,74.6,73.4,74.6,72.4,65.2,0.000,0.000,0.00,0.000,5.5,10.7,2.3,169,16,6.3,15.8,2.7,178,13,5.5,10.7,2.3,169,16,822,28.81,,0,0,0,65.1,65.1,64.8,0.22,0.30,0.29
BERK,2017-08-21 11:20:00 EDT,42.32030,-76.20319,1291,74.6,73.6,74.6,70.6,64.5,0.000,0.000,0.00,0.000,5.2,10.2,1.8,210,44,5.7,11.8,2.0,222,44,5.2,10.2,1.8,210,44,841,28.80,,0,0,0,65.1,65.1,64.8,0.22,0.30,0.29
BERK,2017-08-21 11:25:00 EDT,42.32030,-76.20319,1291,74.8,74.0,74.8,70.3,64.5,0.000,0.000,0.00,0.000,5.0,7.7,1.6,165,32,5.8,9.5,1.6,176,33,5.0,7.7,1.6,165,32,697,28.80,,0,0,0,65.1,65.1,64.8,0.22,0.30,0.29
BERK,2017-08-21 11:30:00 EDT,42.32030,-76.20319,1291,76.1,74.8,76.1,69.8,65.5,0.000,0.000,0.00,0.000,2.9,6.0,1.4,189,32,3.5,6.9,1.5,197,38,2.9,6.0,1.4,189,32,807,28.80,,0,0,0,65.1,65.1,64.8,0.22,0.30,0.29
BERK,2017-08-21 11:35:00 EDT,42.32030,-76.20319,1291,75.9,75.0,75.9,68.7,64.9,0.000,0.000,0.00,0.000,4.4,9.1,2.1,133,40,5.2,11.3,2.2,141,38,4.4,9.1,2.1,133,40,493,28.80,,0,0,0,65.1,65.1,64.8,0.22,0.30,0.29
BERK,2017-08-21 11:40:00 EDT,42.32030,-76.20319,1291,74.8,74.3,74.8,69.0,63.9,0.000,0.000,0.00,0.000,6.7,12.6,1.9,200,26,7.3,15.0,2.2,211,27,6.7,12.6,1.9,200,26,346,28.80,,0,0,0,65.1,65.1,64.8,0.22,0.30,0.29
BERK,2017-08-21 11:45:00 EDT,42.32030,-76.20319,1291,74.5,74.2,74.5,70.3,64.2,0.000,0.000,0.00,0.000,4.6,6.6,0.9,213,14,4.9,6.7,0.9,222,14,4.6,6.6,0.9,213,14,357,28.80,,0,0,0,65.1,65.1,64.8,0.22,0.30,0.29
BERK,2017-08-21 11:50:00 EDT,42.32030,-76.20319,1291,74.6,74.2,74.6,71.6,64.8,0.000,0.000,0.00,0.000,3.4,6.8,1.4,222,22,3.7,7.0,1.3,233,22,3.4,6.8,1.4,222,22,221,28.80,,0,0,0,65.3,65.1,64.8,0.22,0.30,0.29
BERK,2017-08-21 11:55:00 EDT,42.32030,-76.20319,1291,74.4,74.1,74.4,72.6,65.0,0.000,0.000,0.00,0.000,2.3,4.7,0.9,177,33,2.6,5.5,1.1,183,34,2.3,4.7,0.9,177,33,238,28.80,,0,0,0,65.4,65.1,64.8,0.22,0.30,0.29
BERK,2017-08-21 12:00:00 EDT,42.32030,-76.20319,1291,74.2,73.9,74.2,72.5,64.8,0.000,0.000,0.00,0.000,4.8,8.8,1.7,183,17,5.4,9.5,1.8,194,18,4.8,8.8,1.7,183,17,294,28.80,,0,0,0,65.5,65.1,64.8,0.22,0.30,0.29
BERK,2017-08-21 12:05:00 EDT,42.32030,-76.20319,1291,74.4,74.0,74.4,72.7,65.1,0.000,0.000,0.00,0.000,3.1,6.5,1.2,181,17,3.5,8.3,1.3,190,16,3.1,6.5,1.2,181,17,359,28.80,,0,0,0,65.5,65.1,64.8,0.22,0.30,0.29
BERK,2017-08-21 12:10:00 EDT,42.32030,-76.20319,1291,74.6,74.2,74.6,73.3,65.5,0.000,0.000,0.00,0.000,4.9,7.8,1.5,168,27,5.5,9.4,1.5,179,27,4.9,7.8,1.5,168,27,436,28.80,,0,0,0,65.5,65.1,64.8,0.22,0.30,0.29
BERK,2017-08-21 12:15:00 EDT,42.32030,-76.20319,1291,75.1,74.3,75.1,73.2,65.9,0.000,0.000,0.00,0.000,4.4,8.0,1.7,154,20,4.9,9.2,1.7,164,22,4.4,8.0,1.7,154,20,554,28.80,,0,0,0,65.5,65.1,64.8,0.22,0.30,0.29
BERK,2017-08-21 12:20:00 EDT,42.32030,-76.20319,1291,76.0,75.0,76.0,71.7,66.2,0.000,0.000,0.00,0.000,3.1,7.1,1.4,129,26,3.7,7.3,1.4,138,27,3.1,7.1,1.4,129,26,677,28.80,,0,0,0,65.6,65.1,64.8,0.22,0.30,0.29
BERK,2017-08-21 12:25:00 EDT,42.32030,-76.20319,1291,75.8,74.7,75.8,70.7,65.6,0.000,0.000,0.00,0.000,5.0,7.6,1.2,114,15,5.4,7.7,1.3,122,13,5.0,7.6,1.2,114,15,525,28.80,,0,0,0,65.7,65.1,64.8,0.22,0.30,0.29
BERK,2017-08-21 12:30:00 EDT,42.32030,-76.20319,1291,75.4,74.6,75.4,72.9,66.1,0.000,0.000,0.00,0.000,3.3,6.1,1.1,123,24,3.6,7.5,1.2,128,23,3.3,6.1,1.1,123,24,290,28.80,,0,0,0,65.8,65.1,64.8,0.22,0.30,0.29
BERK,2017-08-21 12:35:00 EDT,42.32030,-76.20319,1291,75.1,74.3,75.1,73.6,66.1,0.000,0.000,0.00,0.000,4.7,6.2,1.0,118,18,5.2,7.0,1.0,124,16,4.7,6.2,1.0,118,18,356,28.79,,0,0,0,65.8,65.1,64.7,0.22,0.30,0.29
BERK,2017-08-21 12:40:00 EDT,42.32030,-76.20319,1291,74.9,74.4,74.9,72.7,65.5,0.000,0.000,0.00,0.000,4.6,6.6,1.1,123,13,4.9,7.5,1.1,130,11,4.6,6.6,1.1,123,13,312,28.79,,0,0,0,65.8,65.1,64.7,0.22,0.30,0.29
BERK,2017-08-21 12:45:00 EDT,42.32030,-76.20319,1291,75.0,74.5,75.0,74.2,66.3,0.000,0.000,0.00,0.000,3.5,6.1,0.9,120,18,3.7,6.1,1.0,128,18,3.5,6.1,0.9,120,18,227,28.79,,0,0,0,65.8,65.1,64.7,0.22,0.30,0.29
BERK,2017-08-21 12:50:00 EDT,42.32030,-76.20319,1291,75.2,74.6,75.2,75.7,67.0,0.000,0.000,0.00,0.000,2.1,4.2,0.8,114,18,2.3,4.3,0.7,121,17,2.1,4.2,0.8,114,18,221,28.79,,0,0,0,65.8,65.1,64.8,0.22,0.30,0.29
BERK,2017-08-21 12:55:00 EDT,42.32030,-76.20319,1291,75.3,74.7,75.3,73.8,66.4,0.000,0.000,0.00,0.000,1.7,3.6,0.7,105,16,1.8,3.9,0.7,111,17,1.7,3.6,0.7,105,16,188,28.79,,0,0,0,65.8,65.1,64.8,0.22,0.30,0.29
BERK,2017-08-21 13:00:00 EDT,42.32030,-76.20319,1291,75.4,74.9,75.4,74.7,66.8,0.000,0.000,0.00,0.000,1.2,2.0,0.4,157,39,1.4,2.2,0.4,169,38,1.2,2.0,0.4,157,39,137,28.79,,0,0,0,65.8,65.1,64.7,0.22,0.30,0.29
BERK,2017-08-21 13:05:00 EDT,42.32030,-76.20319,1291,74.3,74.5,74.3,79.6,67.6,0.000,0.000,0.00,0.000,1.7,2.6,0.4,206,14,1.8,3.1,0.4,215,14,1.7,2.6,0.4,206,14,154,28.79,,0,0,0,65.8,65.1,64.7,0.22,0.30,0.29
BERK,2017-08-21 13:10:00 EDT,42.32030,-76.20319,1291,74.7,74.8,74.7,77.2,67.1,0.000,0.000,0.00,0.000,1.7,4.2,1.0,174,14,2.0,4.3,0.9,185,15,1.7,4.2,1.0,174,14,136,28.79,,0,0,0,65.8,65.1,64.8,0.22,0.30,0.29
BERK,2017-08-21 13:15:00 EDT,42.32030,-76.20319,1291,74.9,74.8,74.9,79.0,68.0,0.000,0.000,0.00,0.000,1.0,2.8,0.9,133,6,1.1,3.0,0.9,139,14,1.0,2.8,0.9,133,6,157,28.79,,0,0,0,65.8,65.1,64.8,0.22,0.30,0.29
BERK,2017-08-21 13:20:00 EDT,42.32030,-76.20319,1291,75.2,74.9,75.2,79.5,68.4,0.000,0.000,0.00,0.000,0.9,1.6,0.5,154,40,1.3,2.4,0.5,175,43,0.9,1.6,0.5,154,40,215,28.79,,0,0,0,65.8,65.1,64.8,0.22,0.30,0.29
BERK,2017-08-21 13:25:00 EDT,42.32030,-76.20319,1291,75.6,75.1,75.6,75.3,67.2,0.000,0.000,0.00,0.000,1.1,3.1,0.7,145,26,1.4,3.7,0.8,153,28,1.1,3.1,0.7,145,26,409,28.79,,0,0,0,65.8,65.1,64.8,0.22,0.30,0.29
BERK,2017-08-21 13:30:00 EDT,42.32030,-76.20319,1291,76.0,75.4,76.0,76.1,68.0,0.000,0.000,0.00,0.000,2.1,3.9,0.9,159,19,2.4,4.9,1.1,169,21,2.1,3.9,0.9,159,19,314,28.79,,0,0,0,65.9,65.1,64.8,0.22,0.30,0.29
BERK,2017-08-21 13:35:00 EDT,42.32030,-76.20319,1291,76.1,75.6,76.1,74.7,67.5,0.000,0.000,0.00,0.000,1.3,2.8,0.8,156,21,1.7,3.6,0.9,162,23,1.3,2.8,0.8,156,21,423,28.79,,0,0,0,66.0,65.1,64.8,0.22,0.30,0.29
BERK,2017-08-21 13:40:00 EDT,42.32030,-76.20319,1291,76.7,75.8,76.7,76.3,68.7,0.000,0.000,0.00,0.000,1.8,3.6,0.8,160,29,2.3,4.5,1.0,171,30,1.8,3.6,0.8,160,29,720,28.78,,0,0,0,66.0,65.1,64.8,0.22,0.30,0.29
BERK,2017-08-21 13:45:00 EDT,42.32030,-76.20319,1291,77.0,76.2,77.0,74.3,68.2,0.000,0.000,0.00,0.000,3.4,6.3,1.4,149,19,4.0,7.4,1.5,158,21,3.4,6.3,1.4,149,19,697,28.78,,0,0,0,66.0,65.1,64.7,0.22,0.30,0.29
BERK,2017-08-21 13:50:00 EDT,42.32030,-76.20319,1291,77.1,76.3,77.1,68.6,66.0,0.000,0.000,0.00,0.000,4.0,5.6,0.8,190,23,4.3,7.4,1.1,200,23,4.0,5.6,0.8,190,23,534,28.78,,0,0,0,66.0,65.1,64.7,0.22,0.30,0.29
BERK,2017-08-21 13:55:00 EDT,42.32030,-76.20319,1291,77.1,76.6,77.1,68.7,66.1,0.000,0.000,0.00,0.000,4.3,6.4,1.2,180,28,5.0,7.7,1.3,191,30,4.3,6.4,1.2,180,28,582,28.78,,0,0,0,66.0,65.1,64.8,0.22,0.30,0.29
BERK,2017-08-21 14:00:00 EDT,42.32030,-76.20319,1291,77.5,76.9,77.5,69.6,66.7,0.000,0.000,0.00,0.000,3.8,7.3,1.3,164,21,4.6,8.3,1.6,171,21,3.8,7.3,1.3,164,21,521,28.78,,0,0,0,66.0,65.1,64.8,0.22,0.30,0.29
BERK,2017-08-21 14:05:00 EDT,42.32030,-76.20319,1291,77.6,77.1,77.6,69.5,66.8,0.000,0.000,0.00,0.000,2.6,6.1,1.0,165,20,3.3,7.3,1.2,172,19,2.6,6.1,1.0,165,20,463,28.78,,0,0,0,66.0,65.1,64.7,0.22,0.30,0.29
BERK,2017-08-21 14:10:00 EDT,42.32030,-76.20319,1291,77.5,77.0,77.5,70.4,67.1,0.000,0.000,0.00,0.000,5.0,8.0,1.2,175,17,5.9,9.2,1.3,183,17,5.0,8.0,1.2,175,17,411,28.78,,0,0,0,66.0,65.1,64.7,0.22,0.30,0.29
BERK,2017-08-21 14:15:00 EDT,42.32030,-76.20319,1291,77.5,76.9,77.5,71.9,67.7,0.000,0.000,0.00,0.000,3.7,6.6,1.1,175,21,4.1,7.0,1.2,186,23,3.7,6.6,1.1,175,21,359,28.77,,0,0,0,66.0,65.1,64.7,0.22,0.30,0.29
BERK,2017-08-21 14:20:00 EDT,42.32030,-76.20319,1291,77.4,76.8,77.4,72.5,67.8,0.000,0.000,0.00,0.000,4.6,8.4,2.0,166,17,5.3,9.2,2.2,177,17,4.6,8.4,2.0,166,17,312,28.77,,0,0,0,66.0,65.1,64.7,0.22,0.30,0.29
BERK,2017-08-21 14:25:00 EDT,42.32030,-76.20319,1291,76.7,76.5,76.7,71.7,66.9,0.000,0.000,0.00,0.000,4.4,7.1,1.3,158,14,4.8,8.5,1.6,166,13,4.4,7.1,1.3,158,14,272,28.77,,0,0,0,66.2,65.1,64.7,0.22,0.30,0.29
BERK,2017-08-21 14:30:00 EDT,42.32030,-76.20319,1291,76.6,76.4,76.6,75.6,68.3,0.000,0.000,0.00,0.000,2.5,5.3,1.0,145,16,3.0,5.7,1.1,155,17,2.5,5.3,1.0,145,16,235,28.77,,0,0,0,66.3,65.1,64.7,0.22,0.30,0.29
BERK,2017-08-21 14:35:00 EDT,42.32030,-76.20319,1291,76.2,76.0,76.2,76.9,68.4,0.000,0.000,0.00,0.000,4.0,7.1,1.1,137,13,4.3,8.2,1.3,143,13,4.0,7.1,1.1,137,13,209,28.77,,0,0,0,66.4,65.1,64.7,0.22,0.30,0.29
BERK,2017-08-21 14:40:00 EDT,42.32030,-76.20319,1291,76.0,75.8,76.0,78.5,68.8,0.000,0.000,0.00,0.000,3.3,5.2,0.7,133,13,3.6,6.0,0.8,139,13,3.3,5.2,0.7,133,13,195,28.76,,0,0,0,66.4,65.1,64.7,0.22,0.30,0.29
BERK,2017-08-21 14:45:00 EDT,42.32030,-76.20319,1291,76.0,75.9,76.0,79.1,69.0,0.000,0.000,0.00,0.000,2.2,3.6,0.6,151,18,2.5,4.6,0.8,160,18,2.2,3.6,0.6,151,18,197,28.76,,0,0,0,66.4,65.1,64.7,0.22,0.30,0.29
BERK,2017-08-21 14:50:00 EDT,42.32030,-76.20319,1291,75.7,75.6,75.7,81.5,69.6,0.000,0.000,0.00,0.000,0.9,2.4,0.7,176,21,1.4,3.0,0.7,186,21,0.9,2.4,0.7,176,21,210,28.76,,0,0,0,66.4,65.1,64.7,0.22,0.30,0.29
BERK,2017-08-21 14:55:00 EDT,42.32030,-76.20319,1291,75.7,75.7,75.7,80.9,69.4,0.000,0.000,0.00,0.000,1.8,3.1,0.6,154,18,2.0,3.4,0.6,164,19,1.8,3.1,0.6,154,18,238,28.76,,0,0,0,66.4,65.1,64.6,0.22,0.30,0.29
BERK,2017-08-21 15:00:00 EDT,42.32030,-76.20319,1291,76.4,76.2,76.4,79.6,69.6,0.000,0.000,0.00,0.000,2.6,4.3,0.8,152,11,2.9,5.1,0.8,161,14,2.6,4.3,0.8,152,11,269,28.76,,0,0,0,66.4,65.1,64.6,0.22,0.30,0.29
BERK,2017-08-21 15:05:00 EDT,42.32030,-76.20319,1291,76.7,76.5,76.7,78.4,69.5,0.000,0.000,0.00,0.000,2.4,5.7,0.9,159,17,2.9,6.7,1.0,171,18,2.4,5.7,0.9,159,17,307,28.76,,0,0,0,66.4,65.1,64.6,0.22,0.30,0.29
BERK,2017-08-21 15:10:00 EDT,42.32030,-76.20319,1291,77.1,76.9,77.1,74.9,68.5,0.000,0.000,0.00,0.000,2.6,3.9,0.7,137,18,2.9,5.2,0.8,144,17,2.6,3.9,0.7,137,18,350,28.76,,0,0,0,66.4,65.1,64.6,0.22,0.30,0.29
BERK,2017-08-21 15:15:00 EDT,42.32030,-76.20319,1291,77.7,77.1,77.7,74.7,69.0,0.000,0.000,0.00,0.000,2.5,4.8,0.9,143,20,2.9,5.1,0.9,153,19,2.5,4.8,0.9,143,20,390,28.75,,0,0,0,66.4,65.1,64.5,0.22,0.30,0.29
BERK,2017-08-21 15:20:00 EDT,42.32030,-76.20319,1291,78.2,77.5,78.2,74.5,69.4,0.000,0.000,0.00,0.000,1.6,4.4,0.9,158,20,2.1,5.3,1.1,168,20,1.6,4.4,0.9,158,20,430,28.75,,0,0,0,66.4,65.1,64.4,0.22,0.30,0.29
BERK,2017-08-21 15:25:00 EDT,42.32030,-76.20319,1291,78.4,77.7,78.4,71.6,68.4,0.000,0.000,0.00,0.000,2.5,5.1,0.9,144,25,2.9,5.6,1.0,153,28,2.5,5.1,0.9,144,25,471,28.75,,0,0,0,66.4,65.1,64.4,0.22,0.30,0.29
BERK,2017-08-21 15:30:00 EDT,42.32030,-76.20319,1291,79.0,78.2,79.0,71.8,69.1,0.000,0.000,0.00,0.000,3.7,6.1,1.1,146,16,4.3,7.0,1.1,154,18,3.7,6.1,1.1,146,16,509,28.75,,0,0,0,66.4,65.1,64.4,0.22,0.30,0.29
BERK,2017-08-21 15:35:00 EDT,42.32030,-76.20319,1291,78.8,78.2,78.8,69.2,67.9,0.000,0.000,0.00,0.000,5.8,9.2,1.9,152,21,6.3,9.8,2.0,160,21,5.8,9.2,1.9,152,21,543,28.75,,0,0,0,66.6,65.2,64.5,0.22,0.30,0.29
BERK,2017-08-21 15:40:00 EDT,42.32030,-76.20319,1291,79.2,78.7,79.2,69.7,68.5,0.000,0.000,0.00,0.000,3.2,6.9,1.6,145,25,3.9,7.3,1.6,156,26,3.2,6.9,1.6,145,25,573,28.75,,0,0,0,66.7,65.3,64.4,0.22,0.30,0.29
BERK,2017-08-21 15:45:00 EDT,42.32030,-76.20319,1291,79.7,79.0,79.7,68.5,68.4,0.000,0.000,0.00,0.000,3.5,7.7,1.5,136,27,4.1,9.8,1.9,145,28,3.5,7.7,1.5,136,27,584,28.75,,0,0,0,66.7,65.3,64.4,0.22,0.30,0.29
BERK,2017-08-21 15:50:00 EDT,42.32030,-76.20319,1291,79.8,79.1,79.8,69.2,68.8,0.000,0.000,0.00,0.000,4.2,6.7,1.1,161,18,4.7,8.5,1.3,171,18,4.2,6.7,1.1,161,18,594,28.75,,0,0,0,66.7,65.4,64.4,0.22,0.30,0.29
BERK,2017-08-21 15:55:00 EDT,42.32030,-76.20319,1291,80.0,79.2,80.0,67.9,68.4,0.000,0.000,0.00,0.000,4.5,7.6,1.2,139,21,4.7,7.8,1.2,148,23,4.5,7.6,1.2,139,21,595,28.75,,0,0,0,66.7,65.5,64.4,0.22,0.30,0.29
BERK,2017-08-21 16:00:00 EDT,42.32030,-76.20319,1291,80.4,79.4,83.5,69.6,69.5,0.000,0.000,0.00,0.000,3.3,6.8,1.3,152,32,3.9,7.9,1.5,161,33,3.3,6.8,1.3,152,32,547,28.75,,0,0,0,66.7,65.5,64.4,0.22,0.30,0.29
BERK,2017-08-21 16:05:00 EDT,42.32030,-76.20319,1291,80.3,79.4,83.2,68.2,68.9,0.000,0.000,0.00,0.000,2.7,5.8,1.1,143,39,2.9,5.9,1.1,147,42,2.7,5.8,1.1,143,39,579,28.75,,0,0,0,66.7,65.5,64.5,0.22,0.30,0.29
BERK,2017-08-21 16:10:00 EDT,42.32030,-76.20319,1291,80.2,79.5,83.1,68.5,68.9,0.000,0.000,0.00,0.000,4.7,7.1,1.1,136,16,5.2,7.4,1.0,145,17,4.7,7.1,1.1,136,16,571,28.75,,0,0,0,66.7,65.5,64.4,0.22,0.30,0.29
BERK,2017-08-21 16:15:00 EDT,42.32030,-76.20319,1291,80.5,79.6,83.6,68.7,69.2,0.000,0.000,0.00,0.000,4.3,8.0,1.5,134,16,4.6,8.3,1.5,143,16,4.3,8.0,1.5,134,16,570,28.74,,0,0,0,66.7,65.5,64.4,0.22,0.30,0.29
BERK,2017-08-21 16:20:00 EDT,42.32030,-76.20319,1291,81.0,80.3,84.0,66.7,68.8,0.000,0.000,0.00,0.000,4.7,8.1,1.3,161,24,5.5,10.1,1.5,171,24,4.7,8.1,1.3,161,24,556,28.74,,0,0,0,66.7,65.5,64.4,0.21,0.30,0.29
BERK,2017-08-21 16:25:00 EDT,42.32030,-76.20319,1291,80.9,80.4,84.0,66.8,68.9,0.000,0.000,0.00,0.000,5.4,9.4,1.5,161,18,6.1,10.4,1.7,170,18,5.4,9.4,1.5,161,18,522,28.74,,0,0,0,66.7,65.5,64.4,0.22,0.30,0.29
BERK,2017-08-21 16:30:00 EDT,42.32030,-76.20319,1291,80.6,80.2,83.2,64.8,67.6,0.000,0.000,0.00,0.000,5.0,8.2,1.7,189,22,5.7,9.7,1.7,197,21,5.0,8.2,1.7,189,22,529,28.74,,0,0,0,66.7,65.5,64.4,0.21,0.30,0.29
BERK,2017-08-21 16:35:00 EDT,42.32030,-76.20319,1291,80.5,80.2,83.1,65.4,67.8,0.000,0.000,0.00,0.000,3.9,8.1,1.4,194,25,4.6,9.4,1.6,202,22,3.9,8.1,1.4,194,25,327,28.74,,0,0,0,66.9,65.5,64.4,0.21,0.30,0.29
BERK,2017-08-21 16:40:00 EDT,42.32030,-76.20319,1291,79.5,79.6,79.5,67.6,67.8,0.000,0.000,0.00,0.000,4.4,8.5,2.2,169,19,4.9,10.0,2.5,179,18,4.4,8.5,2.2,169,19,70,28.74,,0,0,0,67.0,65.5,64.4,0.22,0.30,0.29
BERK,2017-08-21 16:45:00 EDT,42.32030,-76.20319,1291,78.6,78.9,78.6,69.0,67.6,0.000,0.000,0.00,0.000,4.5,8.0,1.6,193,19,5.1,9.1,1.8,202,20,4.5,8.0,1.6,193,19,47,28.74,,0,0,0,67.1,65.5,64.4,0.22,0.30,0.29
BERK,2017-08-21 16:50:00 EDT,42.32030,-76.20319,1291,78.4,78.6,78.4,69.7,67.6,0.000,0.000,0.00,0.000,3.5,5.3,0.8,195,12,3.9,6.5,1.1,206,12,3.5,5.3,0.8,195,12,49,28.74,,0,0,0,67.1,65.5,64.4,0.22,0.30,0.29
BERK,2017-08-21 16:55:00 EDT,42.32030,-76.20319,1291,77.1,78.1,77.1,74.8,68.5,0.000,0.000,0.00,0.000,2.6,3.7,0.6,214,16,2.7,4.6,0.7,225,16,2.6,3.7,0.6,214,16,65,28.74,,0,0,0,67.1,65.5,64.4,0.22,0.30,0.29
BERK,2017-08-21 17:00:00 EDT,42.32030,-76.20319,1291,76.3,77.8,76.3,78.0,68.9,0.000,0.000,0.00,0.000,1.7,3.4,0.6,192,16,2.1,4.2,0.6,204,13,1.7,3.4,0.6,192,16,64,28.74,,0,0,0,67.1,65.5,64.4,0.22,0.30,0.29
BERK,2017-08-21 17:05:00 EDT,42.32030,-76.20319,1291,74.9,77.3,74.9,83.3,69.5,0.000,0.000,0.00,0.000,1.4,2.2,0.4,206,12,1.6,2.5,0.3,217,12,1.4,2.2,0.4,206,12,46,28.74,,0,0,0,67.1,65.5,64.4,0.22,0.30,0.29
BERK,2017-08-21 17:10:00 EDT,42.32030,-76.20319,1291,74.5,76.5,74.5,85.5,69.9,0.000,0.000,0.00,0.000,0.5,1.2,0.4,220,18,0.8,1.6,0.5,248,33,0.5,1.2,0.4,220,18,48,28.74,,0,0,0,67.1,65.5,64.4,0.21,0.30,0.29
BERK,2017-08-21 17:15:00 EDT,42.32030,-76.20319,1291,74.5,75.2,74.5,87.8,70.6,0.000,0.000,0.00,0.000,0.2,1.1,0.3,315,0,0.3,1.9,0.5,337,8,0.2,1.1,0.3,315,0,72,28.73,,0,0,0,67.1,65.5,64.4,0.22,0.30,0.29
BERK,2017-08-21 17:20:00 EDT,42.32030,-76.20319,1291,74.7,74.9,74.7,88.1,70.9,0.000,0.000,0.00,0.000,1.1,2.3,0.8,260,5,1.6,2.7,0.6,272,10,1.1,2.3,0.8,260,5,86,28.73,,0,0,0,67.1,65.5,64.4,0.21,0.30,0.29
BERK,2017-08-21 17:25:00 EDT,42.32030,-76.20319,1291,75.0,75.8,75.0,85.5,70.4,0.000,0.000,0.00,0.000,2.2,3.5,0.7,216,25,2.5,4.8,0.7,226,25,2.2,3.5,0.7,216,25,89,28.74,,0,0,0,67.1,65.5,64.4,0.22,0.30,0.29
BERK,2017-08-21 17:30:00 EDT,42.32030,-76.20319,1291,76.4,77.2,76.4,79.3,69.5,0.000,0.000,0.00,0.000,3.0,4.7,0.8,204,16,3.1,5.3,1.1,214,16,3.0,4.7,0.8,204,16,87,28.74,,0,0,0,67.1,65.5,64.4,0.21,0.30,0.29
BERK,2017-08-21 17:35:00 EDT,42.32030,-76.20319,1291,76.3,77.1,76.3,81.0,70.0,0.000,0.000,0.00,0.000,2.4,4.8,1.3,244,42,2.7,5.5,1.5,256,39,2.4,4.8,1.3,244,42,120,28.74,,0,0,0,67.1,65.5,64.4,0.22,0.30,0.29
BERK,2017-08-21 17:40:00 EDT,42.32030,-76.20319,1291,75.2,75.5,75.2,80.8,68.9,0.000,0.000,0.00,0.000,9.2,22.6,5.0,248,40,10.1,22.1,5.3,258,40,9.2,22.6,5.0,248,40,130,28.75,,0,0,0,67.1,65.5,64.4,0.22,0.30,0.29
BERK,2017-08-21 17:45:00 EDT,42.32030,-76.20319,1291,74.0,74.0,74.0,75.7,65.8,0.000,0.000,0.00,0.000,8.3,17.1,3.9,268,30,9.4,21.7,4.1,278,28,8.3,17.1,3.9,268,30,190,28.75,,0,0,0,67.1,65.5,64.4,0.22,0.30,0.29
BERK,2017-08-21 17:50:00 EDT,42.32030,-76.20319,1291,73.7,73.5,73.7,72.1,64.2,0.000,0.000,0.00,0.000,6.8,16.4,3.7,246,47,7.8,20.0,4.0,256,51,6.8,16.4,3.7,246,47,406,28.75,,0,0,0,67.1,65.5,64.4,0.21,0.30,0.29
BERK,2017-08-21 17:55:00 EDT,42.32030,-76.20319,1291,72.1,72.3,72.1,72.2,62.7,0.000,0.000,0.00,0.000,10.5,19.6,3.2,187,29,12.0,24.3,3.6,195,29,10.5,19.6,3.2,187,29,403,28.74,,0,0,0,67.1,65.5,64.4,0.21,0.30,0.29
BERK,2017-08-21 18:00:00 EDT,42.32030,-76.20319,1291,71.3,71.1,71.3,75.9,63.3,0.000,0.000,0.00,0.000,8.1,14.1,2.7,162,19,9.1,16.6,3.2,171,19,8.1,14.1,2.7,162,19,392,28.74,,0,0,0,67.1,65.5,64.4,0.21,0.30,0.29
BERK,2017-08-21 18:05:00 EDT,42.32030,-76.20319,1291,70.4,70.1,70.4,80.2,64.0,0.000,0.000,0.00,0.000,8.4,12.7,1.8,150,18,9.4,15.2,2.2,160,16,8.4,12.7,1.8,150,18,362,28.75,,0,0,0,67.1,65.5,64.4,0.21,0.30,0.29
BERK,2017-08-21 18:10:00 EDT,42.32030,-76.20319,1291,70.1,69.6,70.1,84.0,65.0,0.000,0.000,0.00,0.000,6.0,9.9,1.6,136,17,6.7,11.0,1.7,146,17,6.0,9.9,1.6,136,17,328,28.75,,0,0,0,67.1,65.5,64.4,0.21,0.30,0.29
BERK,2017-08-21 18:15:00 EDT,42.32030,-76.20319,1291,69.5,69.1,69.5,86.4,65.3,0.000,0.000,0.00,0.000,7.0,10.8,1.4,147,24,7.4,11.8,1.7,155,23,7.0,10.8,1.4,147,24,281,28.75,,0,0,0,67.2,65.6,64.4,0.21,0.30,0.29
BERK,2017-08-21 18:20:00 EDT,42.32030,-76.20319,1291,69.3,68.9,69.3,87.0,65.2,0.000,0.000,0.00,0.000,3.2,6.0,1.0,178,22,3.5,6.9,1.2,189,21,3.2,6.0,1.0,178,22,249,28.74,,0,0,0,67.1,65.6,64.4,0.21,0.30,0.29
BERK,2017-08-21 18:25:00 EDT,42.32030,-76.20319,1291,69.9,69.5,69.9,86.8,65.8,0.000,0.000,0.00,0.000,1.5,3.2,0.6,289,45,1.7,3.3,0.6,302,41,1.5,3.2,0.6,289,45,226,28.74,,0,0,0,67.2,65.6,64.4,0.21,0.30,0.29
BERK,2017-08-21 18:30:00 EDT,42.32030,-76.20319,1291,70.7,70.3,70.7,82.5,65.1,0.000,0.000,0.00,0.000,0.8,1.8,0.4,336,32,1.2,2.4,0.6,347,27,0.8,1.8,0.4,336,32,204,28.74,,0,0,0,67.2,65.6,64.4,0.21,0.30,0.29
BERK,2017-08-21 18:35:00 EDT,42.32030,-76.20319,1291,71.0,70.7,71.0,82.5,65.4,0.000,0.000,0.00,0.000,2.5,3.5,0.5,337,25,2.8,4.1,0.6,347,24,2.5,3.5,0.5,337,25,181,28.73,,0,0,0,67.3,65.6,64.4,0.21,0.30,0.29
BERK,2017-08-21 18:40:00 EDT,42.32030,-76.20319,1291,71.4,71.1,71.4,80.2,64.9,0.000,0.000,0.00,0.000,2.4,3.7,0.6,316,11,2.5,4.0,0.6,325,12,2.4,3.7,0.6,316,11,165,28.73,,0,0,0,67.4,65.6,64.4,0.21,0.30,0.29
BERK,2017-08-21 18:45:00 EDT,42.32030,-76.20319,1291,71.5,71.3,71.5,81.1,65.4,0.000,0.000,0.00,0.000,1.5,2.8,0.7,299,24,1.6,2.6,0.4,301,30,1.5,2.8,0.7,299,24,148,28.73,,0,0,0,67.4,65.8,64.4,0.21,0.30,0.29
BERK,2017-08-21 18:50:00 EDT,42.32030,-76.20319,1291,69.9,70.6,69.9,87.6,66.0,0.000,0.000,0.00,0.000,3.2,4.5,0.8,152,10,3.6,5.0,0.9,161,11,3.2,4.5,0.8,152,10,133,28.73,,0,0,0,67.5,65.8,64.4,0.21,0.30,0.29
BERK,2017-08-21 18:55:00 EDT,42.32030,-76.20319,1291,69.8,69.9,69.8,91.2,67.2,0.000,0.000,0.00,0.000,2.1,3.1,0.4,123,15,2.1,3.0,0.4,134,16,2.1,3.1,0.4,123,15,122,28.73,,0,0,0,67.4,65.8,64.4,0.21,0.30,0.29
BERK,2017-08-21 19:00:00 EDT,42.32030,-76.20319,1291,69.4,69.9,69.4,91.9,67.0,0.000,0.000,0.00,0.000,3.5,6.4,1.0,144,14,3.9,7.3,1.2,152,14,3.5,6.4,1.0,144,14,109,28.73,,0,0,0,67.4,65.8,64.4,0.21,0.30,0.29
BERK,2017-08-21 19:05:00 EDT,42.32030,-76.20319,1291,69.0,69.2,69.0,93.4,67.0,0.000,0.000,0.00,0.000,4.6,6.8,1.2,144,10,5.0,7.4,1.1,152,10,4.6,6.8,1.2,144,10,95,28.73,,0,0,0,67.5,65.8,64.4,0.21,0.30,0.29
BERK,2017-08-21 19:10:00 EDT,42.32030,-76.20319,1291,68.8,69.0,68.8,91.4,66.2,0.000,0.000,0.00,0.000,2.4,3.8,0.5,153,19,2.5,4.7,0.6,164,21,2.4,3.8,0.5,153,19,82,28.74,,0,0,0,67.5,65.8,64.4,0.21,0.30,0.29
BERK,2017-08-21 19:15:00 EDT,42.32030,-76.20319,1291,69.0,68.9,69.0,92.3,66.6,0.000,0.000,0.00,0.000,2.5,3.4,0.5,120,10,2.5,3.7,0.5,129,9,2.5,3.4,0.5,120,10,69,28.74,,0,0,0,67.5,65.8,64.4,0.21,0.30,0.29
BERK,2017-08-21 19:20:00 EDT,42.32030,-76.20319,1291,68.7,68.8,68.7,93.1,66.7,0.000,0.000,0.00,0.000,2.6,3.9,0.6,121,13,2.6,4.7,0.8,128,12,2.6,3.9,0.6,121,13,56,28.74,,0,0,0,67.5,65.8,64.4,0.21,0.30,0.29
BERK,2017-08-21 19:25:00 EDT,42.32030,-76.20319,1291,68.8,68.7,68.8,92.0,66.4,0.000,0.000,0.00,0.000,1.9,2.7,0.3,121,13,1.9,2.9,0.4,130,13,1.9,2.7,0.3,121,13,32,28.74,,0,0,0,67.5,65.8,64.4,0.21,0.30,0.29
BERK,2017-08-21 19:30:00 EDT,42.32030,-76.20319,1291,68.2,68.7,68.2,92.5,65.9,0.000,0.000,0.00,0.000,1.7,2.6,0.6,133,7,1.7,2.8,0.7,141,6,1.7,2.6,0.6,133,7,22,28.74,,0,0,0,67.5,65.8,64.4,0.21,0.30,0.29
BERK,2017-08-21 19:35:00 EDT,42.32030,-76.20319,1291,68.0,68.5,68.0,94.0,66.3,0.000,0.000,0.00,0.000,0.3,1.2,0.4,151,32,0.5,1.6,0.5,182,37,0.3,1.2,0.4,151,32,18,28.73,,0,0,0,67.5,65.8,64.4,0.21,0.30,0.29
BERK,2017-08-21 19:40:00 EDT,42.32030,-76.20319,1291,67.9,68.2,67.9,96.8,66.9,0.000,0.000,0.00,0.000,1.3,2.2,0.4,223,16,1.5,2.8,0.5,233,17,1.3,2.2,0.4,223,16,14,28.74,,0,0,0,67.5,65.8,64.4,0.21,0.30,0.29
BERK,2017-08-21 19:45:00 EDT,42.32030,-76.20319,1291,67.5,68.0,67.5,96.4,66.5,0.000,0.000,0.00,0.000,1.1,2.3,0.5,233,7,1.2,2.5,0.6,243,7,1.1,2.3,0.5,233,7,12,28.74,,0,0,0,67.4,65.8,64.4,0.21,0.30,0.29
BERK,2017-08-21 19:50:00 EDT,42.32030,-76.20319,1291,67.5,68.3,67.5,96.6,66.5,0.000,0.000,0.00,0.000,0.0,0.7,0.1,269,1,0.1,1.7,0.4,277,6,0.0,0.7,0.1,269,1,8,28.74,,0,0,0,67.4,65.8,64.4,0.21,0.30,0.29
BERK,2017-08-21 19:55:00 EDT,42.32030,-76.20319,1291,66.8,67.4,66.8,97.1,65.9,0.000,0.000,0.00,0.000,0.6,1.5,0.4,351,6,1.0,2.2,0.5,353,15,0.6,1.5,0.4,351,6,5,28.74,,0,0,0,67.5,65.8,64.4,0.21,0.30,0.29
BERK,2017-08-21 20:00:00 EDT,42.32030,-76.20319,1291,66.4,67.0,66.4,98.5,66.0,0.000,0.000,0.00,0.000,0.9,1.2,0.2,47,20,1.2,1.8,0.3,65,21,0.9,1.2,0.2,47,20,3,28.73,,0,0,0,67.4,65.8,64.4,0.21,0.30,0.29
BERK,2017-08-21 20:05:00 EDT,42.32030,-76.20319,1291,66.4,67.0,66.4,98.9,66.0,0.000,0.000,0.00,0.000,1.2,1.6,0.2,31,45,1.4,1.8,0.2,34,44,1.2,1.6,0.2,31,45,2,28.73,,0,0,0,67.4,65.8,64.4,0.21,0.30,0.29
BERK,2017-08-21 20:10:00 EDT,42.32030,-76.20319,1291,65.8,66.7,65.8,98.6,65.4,0.000,0.000,0.00,0.000,2.4,3.7,0.8,301,3,2.3,3.8,0.8,310,3,2.4,3.7,0.8,301,3,1,28.73,,0,0,0,67.3,65.8,64.4,0.22,0.30,0.29
BERK,2017-08-21 20:15:00 EDT,42.32030,-76.20319,1291,65.5,66.4,65.5,99.4,65.3,0.000,0.000,0.00,0.000,3.3,3.7,0.2,293,3,3.3,3.8,0.2,303,4,3.3,3.7,0.2,293,3,1,28.74,,0,0,0,67.2,65.8,64.4,0.21,0.30,0.29
BERK,2017-08-21 20:20:00 EDT,42.32030,-76.20319,1291,65.2,66.1,65.2,98.9,64.9,0.000,0.000,0.00,0.000,2.8,3.4,0.4,304,6,2.6,3.5,0.4,314,5,2.8,3.4,0.4,304,6,0,28.74,,0,0,0,67.1,65.8,64.4,0.21,0.30,0.29
BERK,2017-08-21 20:25:00 EDT,42.32030,-76.20319,1291,64.8,65.6,64.8,99.8,64.7,0.000,0.000,0.00,0.000,1.2,2.0,0.3,328,9,1.4,2.2,0.3,336,14,1.2,2.0,0.3,328,9,0,28.73,,0,0,0,67.1,65.8,64.4,0.21,0.30,0.29
BERK,2017-08-21 20:30:00 EDT,42.32030,-76.20319,1291,65.1,65.9,65.1,99.9,65.1,0.000,0.000,0.00,0.000,1.4,1.6,0.1,324,6,1.6,2.3,0.3,334,10,1.4,1.6,0.1,324,6,0,28.74,,0,0,0,67.1,65.8,64.4,0.22,0.30,0.29
BERK,2017-08-21 20:35:00 EDT,42.32030,-76.20319,1291,64.8,65.9,64.8,99.8,64.8,0.000,0.000,0.00,0.000,1.1,1.4,0.1,331,4,1.4,2.0,0.2,338,7,1.1,1.4,0.1,331,4,0,28.73,,0,0,0,67.1,65.8,64.4,0.21,0.30,0.29
BERK,2017-08-21 20:40:00 EDT,42.32030,-76.20319,1291,64.5,65.4,64.5,99.7,64.4,0.000,0.000,0.00,0.000,1.5,2.3,0.4,329,3,2.0,2.9,0.5,342,4,1.5,2.3,0.4,329,3,0,28.73,,0,0,0,67.1,65.8,64.5,0.22,0.30,0.29
BERK,2017-08-21 20:45:00 EDT,42.32030,-76.20319,1291,64.3,65.5,64.3,99.9,64.3,0.000,0.000,0.00,0.000,2.0,2.3,0.2,331,4,2.4,3.1,0.3,340,6,2.0,2.3,0.2,331,4,0,28.73,,0,0,0,67.1,65.8,64.4,0.22,0.30,0.29
BERK,2017-08-21 20:50:00 EDT,42.32030,-76.20319,1291,64.8,65.7,64.8,100.0,64.8,0.000,0.000,0.00,0.000,2.0,2.5,0.2,301,13,2.1,2.9,0.3,307,11,2.0,2.5,0.2,301,13,0,28.73,,0,0,0,67.1,65.8,64.4,0.22,0.30,0.29
BERK,2017-08-21 20:55:00 EDT,42.32030,-76.20319,1291,64.3,64.8,64.3,99.6,64.2,0.000,0.000,0.00,0.000,2.6,3.0,0.3,298,13,2.6,3.2,0.3,308,12,2.6,3.0,0.3,298,13,0,28.73,,0,0,0,67.1,65.8,64.4,0.22,0.30,0.29
BERK,2017-08-21 21:00:00 EDT,42.32030,-76.20319,1291,63.2,64.2,63.2,99.7,63.1,0.000,0.000,0.00,0.000,2.7,3.4,0.5,324,10,3.0,3.7,0.4,334,13,2.7,3.4,0.5,324,10,0,28.73,,0,0,0,67.1,65.8,64.5,0.21,0.30,0.29
BERK,2017-08-21 21:05:00 EDT,42.32030,-76.20319,1291,63.5,64.5,63.5,100.0,63.5,0.000,0.000,0.00,0.000,1.5,2.0,0.2,358,7,1.9,2.9,0.3,6,7,1.5,2.0,0.2,358,7,0,28.73,,0,0,0,67.1,65.8,64.4,0.22,0.30,0.29
BERK,2017-08-21 21:10:00 EDT,42.32030,-76.20319,1291,64.0,64.9,64.0,100.0,64.0,0.000,0.000,0.00,0.000,0.4,1.7,0.5,3,3,0.4,2.2,0.6,10,3,0.4,1.7,0.5,3,3,0,28.73,,0,0,0,67.1,65.8,64.5,0.22,0.30,0.29
BERK,2017-08-21 21:15:00 EDT,42.32030,-76.20319,1291,64.6,65.1,64.6,100.0,64.6,0.000,0.000,0.00,0.000,1.0,1.8,0.7,309,5,1.1,1.9,0.6,317,8,1.0,1.8,0.7,309,5,0,28.74,,0,0,0,67.1,65.8,64.5,0.21,0.30,0.29
BERK,2017-08-21 21:20:00 EDT,42.32030,-76.20319,1291,63.3,64.3,63.3,99.6,63.2,0.000,0.000,0.00,0.000,1.8,2.1,0.2,320,7,2.0,2.4,0.2,330,8,1.8,2.1,0.2,320,7,0,28.74,,0,0,0,67.1,65.8,64.6,0.21,0.30,0.29
BERK,2017-08-21 21:25:00 EDT,42.32030,-76.20319,1291,63.4,64.3,63.4,100.0,63.4,0.000,0.000,0.00,0.000,0.9,1.6,0.5,328,2,1.1,2.0,0.6,336,7,0.9,1.6,0.5,328,2,0,28.74,,0,0,0,67.1,65.8,64.5,0.22,0.30,0.29
BERK,2017-08-21 21:30:00 EDT,42.32030,-76.20319,1291,63.6,64.3,63.6,100.0,63.6,0.000,0.000,0.00,0.000,0.5,1.1,0.3,296,0,0.8,1.3,0.4,302,8,0.5,1.1,0.3,296,0,0,28.74,,0,0,0,67.1,65.8,64.5,0.22,0.30,0.29
BERK,2017-08-21 21:35:00 EDT,42.32030,-76.20319,1291,63.0,64.0,63.0,99.8,62.9,0.000,0.000,0.00,0.000,1.8,2.3,0.4,310,8,1.8,2.4,0.3,320,6,1.8,2.3,0.4,310,8,0,28.74,,0,0,0,67.1,65.8,64.6,0.22,0.30,0.29
BERK,2017-08-21 21:40:00 EDT,42.32030,-76.20319,1291,62.8,64.1,62.8,100.0,62.8,0.000,0.000,0.00,0.000,1.8,2.3,0.3,327,9,2.1,2.7,0.4,337,10,1.8,2.3,0.3,327,9,0,28.74,,0,0,0,67.1,65.8,64.6,0.22,0.30,0.29
BERK,2017-08-21 21:45:00 EDT,42.32030,-76.20319,1291,62.8,64.1,62.8,100.0,62.8,0.000,0.000,0.00,0.000,1.2,1.5,0.1,332,7,1.5,1.9,0.1,335,9,1.2,1.5,0.1,332,7,0,28.74,,0,0,0,67.1,65.8,64.7,0.22,0.30,0.29
BERK,2017-08-21 21:50:00 EDT,42.32030,-76.20319,1291,62.9,63.9,62.9,100.0,62.9,0.000,0.000,0.00,0.000,1.9,2.5,0.4,304,2,1.8,2.4,0.3,311,3,1.9,2.5,0.4,304,2,0,28.74,,0,0,0,67.1,65.8,64.7,0.22,0.30,0.29
BERK,2017-08-21 21:55:00 EDT,42.32030,-76.20319,1291,62.6,63.7,62.6,99.9,62.6,0.000,0.000,0.00,0.000,2.9,3.8,0.4,299,4,3.0,3.9,0.4,308,4,2.9,3.8,0.4,299,4,0,28.74,,0,0,0,67.0,65.8,64.7,0.22,0.30,0.29
BERK,2017-08-21 22:00:00 EDT,42.32030,-76.20319,1291,62.0,63.1,62.0,100.0,62.0,0.000,0.000,0.00,0.000,3.2,3.8,0.3,314,8,3.3,3.8,0.3,323,8,3.2,3.8,0.3,314,8,0,28.74,,0,0,0,66.8,65.8,64.7,0.22,0.30,0.29
BERK,2017-08-21 22:05:00 EDT,42.32030,-76.20319,1291,62.0,63.3,62.0,100.0,62.0,0.000,0.000,0.00,0.000,1.8,2.6,0.5,351,13,2.3,3.3,0.7,360,13,1.8,2.6,0.5,351,13,0,28.74,,0,0,0,66.8,65.8,64.7,0.22,0.30,0.29
BERK,2017-08-21 22:10:00 EDT,42.32030,-76.20319,1291,63.2,64.1,63.2,100.0,63.2,0.000,0.000,0.00,0.000,1.7,2.5,0.4,324,9,2.0,2.9,0.4,334,12,1.7,2.5,0.4,324,9,0,28.74,,0,0,0,66.7,65.8,64.7,0.22,0.30,0.29
BERK,2017-08-21 22:15:00 EDT,42.32030,-76.20319,1291,63.1,64.3,63.1,100.0,63.1,0.000,0.000,0.00,0.000,2.6,3.1,0.3,309,5,2.5,3.3,0.4,318,5,2.6,3.1,0.3,309,5,0,28.74,,0,0,0,66.7,65.8,64.8,0.22,0.30,0.29
BERK,2017-08-21 22:20:00 EDT,42.32030,-76.20319,1291,62.0,63.3,62.0,99.9,62.0,0.000,0.000,0.00,0.000,3.3,3.7,0.2,313,2,3.2,3.7,0.3,321,2,3.3,3.7,0.2,313,2,0,28.74,,0,0,0,66.7,65.8,64.7,0.22,0.30,0.29
BERK,2017-08-21 22:25:00 EDT,42.32030,-76.20319,1291,62.0,63.1,62.0,100.0,62.0,0.000,0.000,0.00,0.000,2.7,3.3,0.3,318,5,2.7,3.3,0.3,326,5,2.7,3.3,0.3,318,5,0,28.74,,0,0,0,66.7,65.8,64.8,0.22,0.30,0.29
BERK,2017-08-21 22:30:00 EDT,42.32030,-76.20319,1291,62.2,63.3,62.2,100.0,62.2,0.000,0.000,0.00,0.000,1.2,2.1,0.4,339,12,1.6,2.7,0.6,352,13,1.2,2.1,0.4,339,12,0,28.74,,0,0,0,66.7,65.8,64.7,0.22,0.30,0.29
BERK,2017-08-21 22:35:00 EDT,42.32030,-76.20319,1291,62.2,63.6,62.2,100.0,62.2,0.000,0.000,0.00,0.000,0.3,1.0,0.4,62,1,0.8,1.6,0.5,85,16,0.3,1.0,0.4,62,1,0,28.74,,0,0,0,66.7,65.8,64.8,0.22,0.30,0.29
BERK,2017-08-21 22:40:00 EDT,42.32030,-76.20319,1291,62.5,63.4,62.5,100.0,62.5,0.000,0.000,0.00,0.000,0.3,1.2,0.5,152,3,0.8,1.6,0.6,182,16,0.3,1.2,0.5,152,3,0,28.74,,0,0,0,66.7,65.8,64.8,0.22,0.30,0.29
BERK,2017-08-21 22:45:00 EDT,42.32030,-76.20319,1291,62.8,63.6,62.8,100.0,62.8,0.000,0.000,0.00,0.000,0.0,0.0,0.0,0,0,0.2,1.4,0.4,243,13,0.0,0.0,0.0,0,0,0,28.73,,0,0,0,66.7,65.8,64.8,0.22,0.30,0.29
BERK,2017-08-21 22:50:00 EDT,42.32030,-76.20319,1291,63.0,63.7,63.0,100.0,63.0,0.000,0.000,0.00,0.000,0.1,0.6,0.2,220,0,0.6,1.3,0.4,262,22,0.1,0.6,0.2,220,0,0,28.73,,0,0,0,66.7,65.8,64.8,0.22,0.30,0.29
BERK,2017-08-21 22:55:00 EDT,42.32030,-76.20319,1291,61.9,63.5,61.9,100.0,61.9,0.000,0.000,0.00,0.000,0.2,0.7,0.2,258,3,0.8,1.3,0.4,297,10,0.2,0.7,0.2,258,3,0,28.73,,0,0,0,66.7,65.8,64.8,0.22,0.30,0.29
BERK,2017-08-21 23:00:00 EDT,42.32030,-76.20319,1291,62.0,63.3,62.0,100.0,62.0,0.000,0.000,0.00,0.000,1.3,1.9,0.4,310,8,1.5,2.5,0.5,328,8,1.3,1.9,0.4,310,8,0,28.73,,0,0,0,66.7,65.8,64.8,0.22,0.30,0.29
BERK,2017-08-21 23:05:00 EDT,42.32030,-76.20319,1291,61.9,63.0,61.9,100.0,61.9,0.000,0.000,0.00,0.000,1.7,2.0,0.2,328,4,2.2,2.8,0.4,340,8,1.7,2.0,0.2,328,4,0,28.73,,0,0,0,66.7,65.8,64.8,0.22,0.30,0.29
BERK,2017-08-21 23:10:00 EDT,42.32030,-76.20319,1291,62.0,63.3,62.0,100.0,62.0,0.000,0.000,0.00,0.000,1.1,1.7,0.2,339,5,1.6,2.2,0.3,352,11,1.1,1.7,0.2,339,5,0,28.73,,0,0,0,66.7,65.8,64.8,0.22,0.30,0.29
BERK,2017-08-21 23:15:00 EDT,42.32030,-76.20319,1291,62.2,63.5,62.2,100.0,62.2,0.000,0.000,0.00,0.000,1.1,1.9,0.3,316,14,1.3,2.1,0.3,320,18,1.1,1.9,0.3,316,14,0,28.73,,0,0,0,66.6,65.8,64.8,0.22,0.30,0.29
BERK,2017-08-21 23:20:00 EDT,42.32030,-76.20319,1291,62.2,63.5,62.2,100.0,62.2,0.000,0.000,0.00,0.000,2.1,2.6,0.4,291,6,2.2,2.9,0.5,299,6,2.1,2.6,0.4,291,6,0,28.73,,0,0,0,66.5,65.8,64.8,0.22,0.30,0.29
BERK,2017-08-21 23:25:00 EDT,42.32030,-76.20319,1291,61.6,62.8,61.6,100.0,61.6,0.000,0.000,0.00,0.000,1.9,2.8,0.4,296,5,1.8,2.7,0.5,308,7,1.9,2.8,0.4,296,5,0,28.73,,0,0,0,66.4,65.8,64.8,0.22,0.30,0.29
BERK,2017-08-21 23:30:00 EDT,42.32030,-76.20319,1291,61.9,62.8,61.9,100.0,61.9,0.000,0.000,0.00,0.000,0.9,1.5,0.2,315,10,1.1,1.8,0.3,329,14,0.9,1.5,0.2,315,10,0,28.73,,0,0,0,66.4,65.8,64.8,0.22,0.30,0.29
BERK,2017-08-21 23:35:00 EDT,42.32030,-76.20319,1291,62.1,63.0,62.1,100.0,62.1,0.000,0.000,0.00,0.000,0.9,1.2,0.2,335,1,1.3,1.7,0.3,335,6,0.9,1.2,0.2,335,1,0,28.73,,0,0,0,66.4,65.8,64.8,0.22,0.30,0.29
BERK,2017-08-21 23:40:00 EDT,42.32030,-76.20319,1291,62.0,63.1,62.0,100.0,62.0,0.000,0.000,0.00,0.000,1.0,1.3,0.1,320,2,1.1,1.5,0.2,322,8,1.0,1.3,0.1,320,2,0,28.73,,0,0,0,66.4,65.8,64.8,0.22,0.30,0.29
BERK,2017-08-21 23:45:00 EDT,42.32030,-76.20319,1291,61.5,63.0,61.5,100.0,61.5,0.000,0.000,0.00,0.000,0.1,1.2,0.3,318,0,0.2,1.0,0.4,106,35,0.1,1.2,0.3,318,0,0,28.73,,0,0,0,66.4,65.8,64.8,0.22,0.30,0.29
BERK,2017-08-21 23:50:00 EDT,42.32030,-76.20319,1291,61.4,63.1,61.4,100.0,61.4,0.000,0.000,0.00,0.000,0.0,0.0,0.0,0,0,0.0,0.9,0.2,75,2,0.0,0.0,0.0,0,0,0,28.73,,0,0,0,66.4,65.8,64.8,0.22,0.30,0.29
BERK,2017-08-21 23:55:00 EDT,42.32030,-76.20319,1291,62.1,63.0,62.1,100.0,62.1,0.000,0.000,0.00,0.000,0.1,0.9,0.3,280,0,0.3,1.4,0.5,294,10,0.1,0.9,0.3,280,0,0,28.73,,0,0,0,66.4,65.8,64.8,0.22,0.30,0.29
BING,2017-08-21 00:00:00 EDT,42.05843,-75.95104,1753,67.5,68.0,67.5,77.5,60.3,0.000,0.000,0.00,0.000,4.9,7.8,1.0,235,9,4.5,7.3,1.1,234,11,4.9,7.8,1.0,235,9,0,28.35,,0,0,0,70.7,71.8,69.3,0.12,0.16,0.35
BING,2017-08-21 00:05:00 EDT,42.05843,-75.95104,1753,67.5,67.9,67.5,77.7,60.3,0.000,0.000,0.00,0.000,5.4,7.8,1.1,230,12,5.1,8.0,1.2,230,13,5.4,7.8,1.1,230,12,0,28.35,,0,0,0,70.7,71.9,69.3,0.12,0.16,0.35
BING,2017-08-21 00:10:00 EDT,42.05843,-75.95104,1753,67.6,67.9,67.6,77.7,60.4,0.000,0.000,0.00,0.000,5.8,8.2,0.9,232,11,5.4,8.1,1.0,232,12,5.8,8.2,0.9,232,11,0,28.35,,0,0,0,70.7,71.8,69.3,0.12,0.16,0.35
BING,2017-08-21 00:15:00 EDT,42.05843,-75.95104,1753,67.3,67.8,67.3,78.0,60.2,0.000,0.000,0.00,0.000,4.7,7.9,1.1,234,12,4.4,7.5,1.1,233,15,4.7,7.9,1.1,234,12,0,28.35,,0,0,0,70.6,71.8,69.3,0.12,0.16,0.35
BING,2017-08-21 00:20:00 EDT,42.05843,-75.95104,1753,67.5,67.9,67.5,78.1,60.4,0.000,0.000,0.00,0.000,5.2,7.2,0.9,230,12,4.8,7.7,1.0,229,13,5.2,7.2,0.9,230,12,0,28.35,,0,0,0,70.5,71.8,69.3,0.12,0.16,0.35
BING,2017-08-21 00:25:00 EDT,42.05843,-75.95104,1753,67.4,67.8,67.4,78.1,60.4,0.000,0.000,0.00,0.000,6.3,9.4,1.2,234,10,5.9,9.4,1.3,235,10,6.3,9.4,1.2,234,10,0,28.36,,0,0,0,70.5,71.8,69.3,0.12,0.16,0.35
BING,2017-08-21 00:30:00 EDT,42.05843,-75.95104,1753,67.5,67.8,67.5,77.9,60.3,0.000,0.000,0.00,0.000,6.0,9.1,1.1,234,12,5.7,9.0,1.1,235,14,6.0,9.1,1.1,234,12,0,28.36,,0,0,0,70.5,71.8,69.3,0.12,0.16,0.35
BING,2017-08-21 00:35:00 EDT,42.05843,-75.95104,1753,67.3,67.6,67.3,78.3,60.3,0.000,0.000,0.00,0.000,5.4,8.9,1.2,239,12,5.0,9.0,1.4,241,14,5.4,8.9,1.2,239,12,0,28.36,,0,0,0,70.4,71.8,69.3,0.12,0.16,0.35
BING,2017-08-21 00:40:00 EDT,42.05843,-75.95104,1753,67.3,67.5,67.3,78.5,60.3,0.000,0.000,0.00,0.000,5.8,8.8,1.2,237,13,5.3,8.5,1.4,238,13,5.8,8.8,1.2,237,13,0,28.36,,0,0,0,70.4,71.8,69.3,0.12,0.16,0.35
BING,2017-08-21 00:45:00 EDT,42.05843,-75.95104,1753,66.9,67.4,66.9,78.9,60.1,0.000,0.000,0.00,0.000,5.8,7.6,1.2,234,10,5.5,8.0,1.2,235,12,5.8,7.6,1.2,234,10,0,28.35,,0,0,0,70.2,71.7,69.3,0.12,0.16,0.35
BING,2017-08-21 00:50:00 EDT,42.05843,-75.95104,1753,66.9,67.3,66.9,79.2,60.3,0.000,0.000,0.00,0.000,5.5,8.1,1.2,234,10,5.1,9.1,1.4,234,11,5.5,8.1,1.2,234,10,0,28.35,,0,0,0,70.3,71.7,69.3,0.12,0.16,0.35
BING,2017-08-21 00:55:00 EDT,42.05843,-75.95104,1753,66.9,67.3,66.9,78.9,60.2,0.000,0.000,0.00,0.000,5.9,8.4,1.4,237,9,5.4,8.5,1.5,239,11,5.9,8.4,1.4,237,9,0,28.35,,0,0,0,70.2,71.7,69.3,0.12,0.16,0.35
BING,2017-08-21 01:00:00 EDT,42.05843,-75.95104,1753,66.9,67.3,66.9,78.8,60.1,0.000,0.000,0.00,0.000,6.0,8.5,1.1,236,9,5.6,8.0,1.2,238,11,6.0,8.5,1.1,236,9,0,28.35,,0,0,0,70.2,71.6,69.3,0.12,0.16,0.35
BING,2017-08-21 01:05:00 EDT,42.05843,-75.95104,1753,66.9,67.3,66.9,78.7,60.1,0.000,0.000,0.00,0.000,6.2,8.4,0.9,238,7,5.8,8.6,1.2,240,10,6.2,8.4,0.9,238,7,0,28.35,,0,0,0,70.1,71.6,69.3,0.12,0.16,0.35
BING,2017-08-21 01:10:00 EDT,42.05843,-75.95104,1753,66.8,67.2,66.8,78.5,59.9,0.000,0.000,0.00,0.000,6.2,9.1,1.1,237,11,5.8,8.8,1.3,238,12,6.2,9.1,1.1,237,11,0,28.35,,0,0,0,70.1,71.7,69.4,0.12,0.16,0.35
BING,2017-08-21 01:15:00 EDT,42.05843,-75.95104,1753,66.9,67.2,66.9,78.5,60.0,0.000,0.000,0.00,0.000,5.6,8.1,1.1,238,10,5.4,8.2,1.3,240,11,5.6,8.1,1.1,238,10,0,28.35,,0,0,0,70.1,71.6,69.3,0.12,0.16,0.35
BING,2017-08-21 01:20:00 EDT,42.05843,-75.95104,1753,66.7,67.2,66.7,78.4,59.8,0.000,0.000,0.00,0.000,5.5,7.5,1.0,236,11,5.2,7.6,1.1,237,12,5.5,7.5,1.0,236,11,0,28.35,,0,0,0,70.1,71.5,69.4,0.12,0.16,0.35
BING,2017-08-21 01:25:00 EDT,42.05843,-75.95104,1753,66.6,67.2,66.6,78.7,59.8,0.000,0.000,0.00,0.000,5.4,7.1,0.8,236,10,5.0,7.3,0.8,237,11,5.4,7.1,0.8,236,10,0,28.35,,0,0,0,70.0,71.5,69.3,0.12,0.16,0.35
BING,2017-08-21 01:30:00 EDT,42.05843,-75.95104,1753,66.8,67.3,66.8,78.2,59.8,0.000,0.000,0.00,0.000,5.7,7.6,0.8,236,9,5.4,8.2,1.2,238,11,5.7,7.6,0.8,236,9,0,28.35,,0,0,0,69.9,71.5,69.3,0.12,0.16,0.35
BING,2017-08-21 01:35:00 EDT,42.05843,-75.95104,1753,66.5,67.1,66.5,78.4,59.6,0.000,0.000,0.00,0.000,5.9,8.0,0.9,235,10,5.5,7.6,0.9,237,11,5.9,8.0,0.9,235,10,0,28.35,,0,0,0,69.9,71.5,69.3,0.12,0.16,0.35
BING,2017-08-21 01:40:00 EDT,42.05843,-75.95104,1753,66.5,67.0,66.5,78.5,59.6,0.000,0.000,0.00,0.000,5.5,7.7,1.1,236,9,5.2,8.2,1.2,235,11,5.5,7.7,1.1,236,9,0,28.35,,0,0,0,69.9,71.5,69.3,0.12,0.16,0.35
BING,2017-08-21 01:45:00 EDT,42.05843,-75.95104,1753,66.4,66.9,66.4,78.6,59.5,0.000,0.000,0.00,0.000,6.2,9.6,1.0,235,11,5.8,8.8,1.0,236,9,6.2,9.6,1.0,235,11,0,28.35,,0,0,0,69.9,71.4,69.3,0.12,0.16,0.35
BING,2017-08-21 01:50:00 EDT,42.05843,-75.95104,1753,66.5,66.9,66.5,78.5,59.6,0.000,0.000,0.00,0.000,6.5,9.2,1.0,240,9,6.1,8.8,1.1,242,10,6.5,9.2,1.0,240,9,0,28.35,,0,0,0,69.8,71.4,69.3,0.12,0.16,0.35
BING,2017-08-21 01:55:00 EDT,42.05843,-75.95104,1753,66.2,66.6,66.2,79.0,59.5,0.000,0.000,0.00,0.000,5.7,9.2,1.1,236,10,5.5,9.0,1.1,237,11,5.7,9.2,1.1,236,10,0,28.35,,0,0,0,69.8,71.4,69.3,0.12,0.16,0.35
BING,2017-08-21 02:00:00 EDT,42.05843,-75.95104,1753,66.0,66.4,66.0,79.6,59.5,0.000,0.000,0.00,0.000,5.9,8.3,1.0,234,10,5.6,8.2,1.2,234,12,5.9,8.3,1.0,234,10,0,28.35,,0,0,0,69.8,71.4,69.4,0.12,0.16,0.35
BING,2017-08-21 02:05:00 EDT,42.05843,-75.95104,1753,65.9,66.3,65.9,80.0,59.5,0.000,0.000,0.00,0.000,6.2,9.7,1.2,235,9,6.0,8.6,1.1,236,10,6.2,9.7,1.2,235,9,0,28.35,,0,0,0,69.6,71.4,69.4,0.12,0.16,0.35
BING,2017-08-21 02:10:00 EDT,42.05843,-75.95104,1753,65.9,66.3,65.9,79.9,59.5,0.000,0.000,0.00,0.000,5.9,8.7,1.1,238,10,5.7,9.9,1.4,240,12,5.9,8.7,1.1,238,10,0,28.35,,0,0,0,69.6,71.4,69.4,0.12,0.16,0.35
BING,2017-08-21 02:15:00 EDT,42.05843,-75.95104,1753,65.9,66.3,65.9,79.9,59.5,0.000,0.000,0.00,0.000,6.6,9.7,1.2,237,9,6.3,9.7,1.3,240,10,6.6,9.7,1.2,237,9,0,28.35,,0,0,0,69.6,71.4,69.4,0.12,0.16,0.35
BING,2017-08-21 02:20:00 EDT,42.05843,-75.95104,1753,65.7,66.2,65.7,80.0,59.4,0.000,0.000,0.00,0.000,5.9,9.4,1.0,235,11,5.6,10.0,1.1,238,11,5.9,9.4,1.0,235,11,0,28.35,,0,0,0,69.6,71.4,69.4,0.12,0.16,0.35
BING,2017-08-21 02:25:00 EDT,42.05843,-75.95104,1753,65.7,66.1,65.7,80.1,59.4,0.000,0.000,0.00,0.000,6.1,8.5,1.0,235,10,5.8,8.4,1.2,236,10,6.1,8.5,1.0,235,10,0,28.35,,0,0,0,69.5,71.4,69.3,0.12,0.16,0.35
BING,2017-08-21 02:30:00 EDT,42.05843,-75.95104,1753,65.6,66.0,65.6,80.4,59.4,0.000,0.000,0.00,0.000,6.1,8.5,1.1,232,10,5.9,9.7,1.3,234,10,6.1,8.5,1.1,232,10,0,28.35,,0,0,0,69.4,71.4,69.4,0.12,0.16,0.35
BING,2017-08-21 02:35:00 EDT,42.05843,-75.95104,1753,65.4,65.9,65.4,80.9,59.4,0.000,0.000,0.00,0.000,6.4,10.2,1.2,235,9,6.1,10.6,1.3,235,9,6.4,10.2,1.2,235,9,0,28.35,,0,0,0,69.4,71.4,69.4,0.12,0.16,0.35
BING,2017-08-21 02:40:00 EDT,42.05843,-75.95104,1753,65.6,66.0,65.6,80.6,59.5,0.000,0.000,0.00,0.000,6.9,9.5,1.0,236,9,6.6,9.7,1.2,239,10,6.9,9.5,1.0,236,9,0,28.36,,0,0,0,69.4,71.4,69.4,0.12,0.16,0.35
BING,2017-08-21 02:45:00 EDT,42.05843,-75.95104,1753,65.5,65.9,65.5,80.5,59.3,0.000,0.000,0.00,0.000,6.0,9.8,1.1,237,11,5.7,9.2,1.1,238,11,6.0,9.8,1.1,237,11,0,28.36,,0,0,0,69.4,71.4,69.4,0.12,0.16,0.35
BING,2017-08-21 02:50:00 EDT,42.05843,-75.95104,1753,65.6,65.9,65.6,80.1,59.3,0.000,0.000,0.00,0.000,6.5,9.8,1.1,239,7,6.1,8.7,1.1,241,9,6.5,9.8,1.1,239,7,0,28.35,,0,0,0,69.4,71.4,69.4,0.12,0.16,0.35
BING,2017-08-21 02:55:00 EDT,42.05843,-75.95104,1753,65.1,65.7,65.1,80.8,59.1,0.000,0.000,0.00,0.000,6.2,8.2,0.8,236,7,5.9,8.1,0.9,238,8,6.2,8.2,0.8,236,7,0,28.35,,0,0,0,69.3,71.4,69.4,0.12,0.16,0.35
BING,2017-08-21 03:00:00 EDT,42.05843,-75.95104,1753,65.0,65.6,65.0,81.3,59.1,0.000,0.000,0.00,0.000,5.9,8.3,1.2,235,8,5.5,8.5,1.3,237,9,5.9,8.3,1.2,235,8,0,28.35,,0,0,0,69.3,71.4,69.3,0.12,0.16,0.35
BING,2017-08-21 03:05:00 EDT,42.05843,-75.95104,1753,64.7,65.4,64.7,81.9,59.0,0.000,0.000,0.00,0.000,5.2,7.4,0.9,233,8,4.9,6.7,0.9,233,9,5.2,7.4,0.9,233,8,0,28.35,,0,0,0,69.3,71.4,69.5,0.12,0.16,0.35
BING,2017-08-21 03:10:00 EDT,42.05843,-75.95104,1753,64.7,65.4,64.7,82.0,59.0,0.000,0.000,0.00,0.000,5.5,7.7,0.9,231,9,5.4,8.6,1.0,230,11,5.5,7.7,0.9,231,9,0,28.35,,0,0,0,69.2,71.3,69.3,0.12,0.16,0.35
BING,2017-08-21 03:15:00 EDT,42.05843,-75.95104,1753,64.8,65.5,64.8,81.5,59.0,0.000,0.000,0.00,0.000,5.7,7.4,0.8,233,9,5.4,7.3,0.8,234,10,5.7,7.4,0.8,233,9,0,28.35,,0,0,0,69.2,71.3,69.4,0.12,0.16,0.35
BING,2017-08-21 03:20:00 EDT,42.05843,-75.95104,1753,64.6,65.3,64.6,81.8,58.9,0.000,0.000,0.00,0.000,5.8,8.0,0.9,233,9,5.6,8.5,1.1,233,10,5.8,8.0,0.9,233,9,0,28.35,,0,0,0,69.2,71.2,69.4,0.12,0.16,0.35
BING,2017-08-21 03:25:00 EDT,42.05843,-75.95104,1753,64.8,65.4,64.8,81.5,59.0,0.000,0.000,0.00,0.000,6.0,8.0,0.7,231,8,5.8,8.2,0.9,232,10,6.0,8.0,0.7,231,8,0,28.35,,0,0,0,69.1,71.2,69.4,0.12,0.16,0.35
BING,2017-08-21 03:30:00 EDT,42.05843,-75.95104,1753,64.5,65.3,64.5,81.9,58.8,0.000,0.000,0.00,0.000,5.2,7.4,0.8,232,10,5.1,8.2,1.0,232,12,5.2,7.4,0.8,232,10,0,28.35,,0,0,0,69.0,71.2,69.4,0.12,0.16,0.35
BING,2017-08-21 03:35:00 EDT,42.05843,-75.95104,1753,64.7,65.3,64.7,81.5,58.9,0.000,0.000,0.00,0.000,5.7,7.2,0.8,233,8,5.5,8.2,1.0,233,10,5.7,7.2,0.8,233,8,0,28.35,,0,0,0,69.1,71.2,69.4,0.12,0.16,0.35
BING,2017-08-21 03:40:00 EDT,42.05843,-75.95104,1753,64.4,65.3,64.4,81.6,58.7,0.000,0.000,0.00,0.000,5.9,8.1,0.9,234,9,5.8,9.1,1.0,236,11,5.9,8.1,0.9,234,9,0,28.35,,0,0,0,69.0,71.1,69.4,0.12,0.16,0.35
BING,2017-08-21 03:45:00 EDT,42.05843,-75.95104,1753,64.5,65.3,64.5,81.5,58.8,0.000,0.000,0.00,0.000,5.6,6.9,0.6,237,8,5.2,7.2,0.9,238,8,5.6,6.9,0.6,237,8,0,28.35,,0,0,0,69.0,71.1,69.4,0.12,0.16,0.35
BING,2017-08-21 03:50:00 EDT,42.05843,-75.95104,1753,64.6,65.3,64.6,80.9,58.7,0.000,0.000,0.00,0.000,5.6,7.5,0.7,237,7,5.3,7.6,0.9,238,8,5.6,7.5,0.7,237,7,0,28.35,,0,0,0,68.9,71.1,69.4,0.12,0.16,0.35
BING,2017-08-21 03:55:00 EDT,42.05843,-75.95104,1753,64.4,65.2,64.4,81.3,58.5,0.000,0.000,0.00,0.000,5.2,7.2,0.7,236,8,4.9,7.3,1.0,236,9,5.2,7.2,0.7,236,8,0,28.35,,0,0,0,68.9,71.1,69.4,0.12,0.16,0.35
BING,2017-08-21 04:00:00 EDT,42.05843,-75.95104,1753,64.4,65.2,64.4,81.4,58.6,0.000,0.000,0.00,0.000,5.1,7.2,0.7,235,6,4.9,6.5,0.8,235,7,5.1,7.2,0.7,235,6,0,28.35,,0,0,0,68.8,71.1,69.5,0.12,0.16,0.35
BING,2017-08-21 04:05:00 EDT,42.05843,-75.95104,1753,64.7,65.2,64.7,81.0,58.7,0.000,0.000,0.00,0.000,5.7,7.4,0.8,239,9,5.3,7.7,1.0,241,10,5.7,7.4,0.8,239,9,0,28.35,,0,0,0,68.8,71.1,69.4,0.12,0.16,0.35
BING,2017-08-21 04:10:00 EDT,42.05843,-75.95104,1753,64.5,65.3,64.5,80.8,58.4,0.000,0.000,0.00,0.000,6.4,9.0,1.0,238,7,6.2,9.8,1.3,241,7,6.4,9.0,1.0,238,7,0,28.35,,0,0,0,68.8,71.0,69.5,0.12,0.16,0.35
BING,2017-08-21 04:15:00 EDT,42.05843,-75.95104,1753,64.5,65.2,64.5,80.7,58.4,0.000,0.000,0.00,0.000,6.1,8.3,0.8,238,7,5.9,8.2,0.9,239,9,6.1,8.3,0.8,238,7,0,28.35,,0,0,0,68.7,71.0,69.4,0.12,0.16,0.35
BING,2017-08-21 04:20:00 EDT,42.05843,-75.95104,1753,64.4,65.1,64.4,80.9,58.4,0.000,0.000,0.00,0.000,6.1,8.1,0.9,237,9,5.9,8.6,1.1,239,9,6.1,8.1,0.9,237,9,0,28.35,,0,0,0,68.6,71.0,69.4,0.12,0.16,0.35
BING,2017-08-21 04:25:00 EDT,42.05843,-75.95104,1753,64.2,65.0,64.2,81.1,58.2,0.000,0.000,0.00,0.000,6.0,7.7,1.1,235,10,5.7,8.4,1.2,236,12,6.0,7.7,1.1,235,10,0,28.35,,0,0,0,68.7,71.0,69.4,0.12,0.16,0.35
BING,2017-08-21 04:30:00 EDT,42.05843,-75.95104,1753,63.8,64.8,63.8,82.2,58.3,0.000,0.000,0.00,0.000,5.3,6.6,0.7,235,7,5.1,7.2,0.9,237,9,5.3,6.6,0.7,235,7,0,28.35,,0,0,0,68.6,71.0,69.4,0.12,0.16,0.35
BING,2017-08-21 04:35:00 EDT,42.05843,-75.95104,1753,64.0,64.8,64.0,81.8,58.3,0.000,0.000,0.00,0.000,4.9,6.9,0.7,233,8,4.6,6.5,0.8,233,9,4.9,6.9,0.7,233,8,0,28.36,,0,0,0,68.6,71.0,69.4,0.12,0.16,0.35
BING,2017-08-21 04:40:00 EDT,42.05843,-75.95104,1753,64.0,64.8,64.0,81.5,58.2,0.000,0.000,0.00,0.000,4.8,5.9,0.5,237,9,4.4,5.8,0.7,237,9,4.8,5.9,0.5,237,9,0,28.36,,0,0,0,68.6,70.9,69.4,0.12,0.16,0.35
BING,2017-08-21 04:45:00 EDT,42.05843,-75.95104,1753,64.0,64.8,64.0,81.2,58.1,0.000,0.000,0.00,0.000,4.5,6.4,0.6,235,8,4.1,6.0,0.9,234,9,4.5,6.4,0.6,235,8,0,28.36,,0,0,0,68.6,70.9,69.4,0.12,0.16,0.35
BING,2017-08-21 04:50:00 EDT,42.05843,-75.95104,1753,64.0,64.9,64.0,81.0,58.0,0.000,0.000,0.00,0.000,5.1,6.8,0.6,235,7,4.8,6.7,0.8,234,8,5.1,6.8,0.6,235,7,0,28.36,,0,0,0,68.5,70.9,69.4,0.12,0.16,0.35
BING,2017-08-21 04:55:00 EDT,42.05843,-75.95104,1753,64.2,65.0,64.2,80.4,58.0,0.000,0.000,0.00,0.000,5.7,7.7,0.9,237,8,5.4,9.3,1.1,237,12,5.7,7.7,0.9,237,8,0,28.36,,0,0,0,68.5,70.8,69.4,0.12,0.16,0.35
BING,2017-08-21 05:00:00 EDT,42.05843,-75.95104,1753,64.1,64.9,64.1,80.0,57.8,0.000,0.000,0.00,0.000,5.0,7.2,1.0,229,11,5.0,8.6,1.2,229,12,5.0,7.2,1.0,229,11,0,28.36,,0,0,0,68.4,70.8,69.4,0.12,0.16,0.35
BING,2017-08-21 05:05:00 EDT,42.05843,-75.95104,1753,64.1,64.9,64.1,79.9,57.7,0.000,0.000,0.00,0.000,4.9,7.1,1.0,230,12,4.7,6.8,1.0,230,11,4.9,7.1,1.0,230,12,0,28.36,,0,0,0,68.4,70.8,69.4,0.12,0.16,0.35
BING,2017-08-21 05:10:00 EDT,42.05843,-75.95104,1753,63.9,64.8,63.9,80.2,57.7,0.000,0.000,0.00,0.000,5.0,7.6,0.9,227,10,4.8,7.3,1.0,225,10,5.0,7.6,0.9,227,10,0,28.36,,0,0,0,68.4,70.8,69.4,0.12,0.16,0.35
BING,2017-08-21 05:15:00 EDT,42.05843,-75.95104,1753,64.1,64.8,64.1,79.9,57.7,0.000,0.000,0.00,0.000,4.7,7.1,1.0,221,11,4.5,7.4,1.1,221,11,4.7,7.1,1.0,221,11,0,28.36,,0,0,0,68.3,70.8,69.4,0.12,0.16,0.35
BING,2017-08-21 05:20:00 EDT,42.05843,-75.95104,1753,64.3,64.9,64.3,79.0,57.7,0.000,0.000,0.00,0.000,4.9,7.7,1.2,224,12,4.8,8.3,1.2,224,13,4.9,7.7,1.2,224,12,0,28.36,,0,0,0,68.2,70.7,69.4,0.12,0.16,0.35
BING,2017-08-21 05:25:00 EDT,42.05843,-75.95104,1753,64.4,65.0,64.4,78.9,57.7,0.000,0.000,0.00,0.000,5.2,7.9,1.1,225,11,5.0,8.1,1.3,225,13,5.2,7.9,1.1,225,11,0,28.36,,0,0,0,68.2,70.7,69.5,0.12,0.16,0.35
BING,2017-08-21 05:30:00 EDT,42.05843,-75.95104,1753,64.6,65.2,64.6,78.4,57.7,0.000,0.000,0.00,0.000,5.3,7.4,0.9,227,11,5.2,7.6,1.1,228,12,5.3,7.4,0.9,227,11,0,28.36,,0,0,0,68.2,70.7,69.4,0.12,0.16,0.35
BING,2017-08-21 05:35:00 EDT,42.05843,-75.95104,1753,64.6,65.2,64.6,78.1,57.6,0.000,0.000,0.00,0.000,5.2,8.4,1.1,226,12,5.2,7.5,1.0,225,13,5.2,8.4,1.1,226,12,0,28.36,,0,0,0,68.1,70.7,69.4,0.12,0.16,0.35
BING,2017-08-21 05:40:00 EDT,42.05843,-75.95104,1753,64.4,65.1,64.4,78.6,57.6,0.000,0.000,0.00,0.000,5.4,9.5,1.5,225,12,5.4,11.0,1.5,226,12,5.4,9.5,1.5,225,12,0,28.36,,0,0,0,68.1,70.7,69.4,0.12,0.16,0.35
BING,2017-08-21 05:45:00 EDT,42.05843,-75.95104,1753,64.4,65.0,64.4,78.9,57.7,0.000,0.000,0.00,0.000,5.7,9.8,1.3,230,11,5.6,10.2,1.4,229,11,5.7,9.8,1.3,230,11,0,28.36,,0,0,0,68.0,70.7,69.4,0.12,0.16,0.35
BING,2017-08-21 05:50:00 EDT,42.05843,-75.95104,1753,64.2,64.9,64.2,79.8,57.8,0.000,0.000,0.00,0.000,5.7,8.8,1.3,226,10,5.4,8.7,1.3,227,11,5.7,8.8,1.3,226,10,0,28.36,,0,0,0,68.0,70.7,69.4,0.12,0.16,0.35
BING,2017-08-21 05:55:00 EDT,42.05843,-75.95104,1753,64.1,64.7,64.1,80.1,57.9,0.000,0.000,0.00,0.000,5.3,8.0,1.1,228,11,5.4,8.7,1.3,229,11,5.3,8.0,1.1,228,11,0,28.37,,0,0,0,68.0,70.7,69.5,0.12,0.16,0.35
BING,2017-08-21 06:00:00 EDT,42.05843,-75.95104,1753,64.0,64.7,64.0,80.3,57.8,0.000,0.000,0.00,0.000,5.8,8.1,0.9,233,10,5.6,8.0,1.1,234,11,5.8,8.1,0.9,233,10,0,28.37,,0,0,0,67.9,70.7,69.4,0.12,0.16,0.35
BING,2017-08-21 06:05:00 EDT,42.05843,-75.95104,1753,64.0,64.7,64.0,80.4,57.8,0.000,0.000,0.00,0.000,5.9,8.0,0.8,230,11,5.9,7.8,1.0,230,12,5.9,8.0,0.8,230,11,0,28.37,,0,0,0,67.9,70.7,69.4,0.12,0.16,0.35
BING,2017-08-21 06:10:00 EDT,42.05843,-75.95104,1753,64.2,64.8,64.2,79.7,57.8,0.000,0.000,0.00,0.000,6.1,9.4,1.0,233,11,5.8,9.2,1.1,234,11,6.1,9.4,1.0,233,11,1,28.37,,0,0,0,67.9,70.6,69.4,0.12,0.16,0.35
BING,2017-08-21 06:15:00 EDT,42.05843,-75.95104,1753,64.3,64.9,64.3,79.2,57.7,0.000,0.000,0.00,0.000,6.3,9.2,1.2,228,11,6.2,9.1,1.2,228,12,6.3,9.2,1.2,228,11,2,28.37,,0,0,0,67.9,70.7,69.4,0.12,0.16,0.35
BING,2017-08-21 06:20:00 EDT,42.05843,-75.95104,1753,64.6,65.1,64.6,78.4,57.7,0.000,0.000,0.00,0.000,6.0,9.4,1.1,229,12,5.7,9.4,1.4,230,13,6.0,9.4,1.1,229,12,3,28.37,,0,0,0,67.8,70.6,69.4,0.12,0.16,0.35
BING,2017-08-21 06:25:00 EDT,42.05843,-75.95104,1753,64.4,64.9,64.4,78.6,57.6,0.000,0.000,0.00,0.000,5.6,9.2,1.4,230,13,5.4,9.8,1.4,231,13,5.6,9.2,1.4,230,13,7,28.37,,0,0,0,67.8,70.6,69.4,0.12,0.16,0.35
BING,2017-08-21 06:30:00 EDT,42.05843,-75.95104,1753,64.6,65.0,64.6,78.4,57.7,0.000,0.000,0.00,0.000,6.4,8.6,0.9,235,13,6.3,9.1,1.2,237,13,6.4,8.6,0.9,235,13,11,28.37,,0,0,0,67.8,70.6,69.4,0.12,0.16,0.35
BING,2017-08-21 06:35:00 EDT,42.05843,-75.95104,1753,64.6,65.2,64.6,78.1,57.7,0.000,0.000,0.00,0.000,6.9,9.4,1.2,235,10,6.7,9.7,1.4,239,10,6.9,9.4,1.2,235,10,16,28.37,,0,0,0,67.8,70.6,69.4,0.12,0.16,0.35
BING,2017-08-21 06:40:00 EDT,42.05843,-75.95104,1753,64.6,65.1,64.6,78.3,57.7,0.000,0.000,0.00,0.000,6.5,9.1,1.1,231,12,6.2,9.9,1.2,233,12,6.5,9.1,1.1,231,12,21,28.37,,0,0,0,67.7,70.5,69.4,0.12,0.16,0.35
BING,2017-08-21 06:45:00 EDT,42.05843,-75.95104,1753,64.9,65.3,64.9,77.8,57.8,0.000,0.000,0.00,0.000,6.7,9.6,1.3,232,13,6.6,10.0,1.5,235,14,6.7,9.6,1.3,232,13,27,28.37,,0,0,0,67.6,70.5,69.4,0.12,0.16,0.35
BING,2017-08-21 06:50:00 EDT,42.05843,-75.95104,1753,65.0,65.3,65.0,77.3,57.8,0.000,0.000,0.00,0.000,6.2,10.3,1.3,230,12,6.0,10.0,1.3,232,12,6.2,10.3,1.3,230,12,37,28.37,,0,0,0,67.6,70.5,69.5,0.12,0.16,0.35
BING,2017-08-21 06:55:00 EDT,42.05843,-75.95104,1753,65.3,65.6,65.3,76.6,57.8,0.000,0.000,0.00,0.000,6.5,9.8,1.6,232,12,6.4,9.3,1.6,234,14,6.5,9.8,1.6,232,12,57,28.37,,0,0,0,67.7,70.5,69.5,0.12,0.16,0.35
BING,2017-08-21 07:00:00 EDT,42.05843,-75.95104,1753,65.6,65.8,65.6,76.0,57.8,0.000,0.000,0.00,0.000,6.5,10.2,1.2,233,13,6.4,11.1,1.4,236,14,6.5,10.2,1.2,233,13,67,28.37,,0,0,0,67.6,70.5,69.4,0.12,0.16,0.35
BING,2017-08-21 07:05:00 EDT,42.05843,-75.95104,1753,65.8,66.2,65.8,75.0,57.7,0.000,0.000,0.00,0.000,6.5,10.2,1.1,238,12,6.2,9.4,1.3,240,14,6.5,10.2,1.1,238,12,63,28.37,,0,0,0,67.6,70.4,69.4,0.12,0.16,0.35
BING,2017-08-21 07:10:00 EDT,42.05843,-75.95104,1753,66.2,66.4,66.2,74.0,57.6,0.000,0.000,0.00,0.000,6.0,8.8,1.2,236,13,5.7,10.1,1.3,239,13,6.0,8.8,1.2,236,13,82,28.37,,0,0,0,67.7,70.4,69.4,0.12,0.16,0.35
BING,2017-08-21 07:15:00 EDT,42.05843,-75.95104,1753,66.1,66.3,66.1,74.1,57.6,0.000,0.000,0.00,0.000,6.4,9.9,1.4,234,11,6.2,9.8,1.4,236,14,6.4,9.9,1.4,234,11,56,28.37,,0,0,0,67.6,70.4,69.4,0.12,0.16,0.35
BING,2017-08-21 07:20:00 EDT,42.05843,-75.95104,1753,66.2,66.5,66.2,74.5,57.8,0.000,0.000,0.00,0.000,5.1,9.2,1.7,227,17,5.0,9.4,1.8,229,16,5.1,9.2,1.7,227,17,43,28.37,,0,0,0,67.6,70.3,69.4,0.12,0.16,0.35
BING,2017-08-21 07:25:00 EDT,42.05843,-75.95104,1753,66.4,66.6,66.4,74.1,57.9,0.000,0.000,0.00,0.000,4.9,7.4,1.2,229,17,4.5,7.9,1.4,227,17,4.9,7.4,1.2,229,17,88,28.37,,0,0,0,67.6,70.3,69.5,0.12,0.16,0.35
BING,2017-08-21 07:30:00 EDT,42.05843,-75.95104,1753,66.7,66.9,66.7,73.6,58.0,0.000,0.000,0.00,0.000,4.9,8.0,1.0,233,17,4.7,7.2,1.1,234,17,4.9,8.0,1.0,233,17,109,28.37,,0,0,0,67.6,70.3,69.4,0.12,0.16,0.35
BING,2017-08-21 07:35:00 EDT,42.05843,-75.95104,1753,67.1,67.2,67.1,72.7,58.1,0.000,0.000,0.00,0.000,6.3,10.2,1.2,227,13,6.1,11.8,1.5,228,14,6.3,10.2,1.2,227,13,155,28.37,,0,0,0,67.6,70.3,69.4,0.12,0.16,0.35
BING,2017-08-21 07:40:00 EDT,42.05843,-75.95104,1753,67.5,67.6,67.5,72.3,58.3,0.000,0.000,0.00,0.000,5.7,9.9,1.7,223,15,5.6,10.1,1.7,226,17,5.7,9.9,1.7,223,15,170,28.37,,0,0,0,67.6,70.3,69.4,0.12,0.16,0.35
BING,2017-08-21 07:45:00 EDT,42.05843,-75.95104,1753,67.8,67.8,67.8,72.0,58.5,0.000,0.000,0.00,0.000,5.4,9.1,1.5,223,16,5.3,9.3,1.6,223,15,5.4,9.1,1.5,223,16,186,28.37,,0,0,0,67.6,70.3,69.4,0.12,0.16,0.35
BING,2017-08-21 07:50:00 EDT,42.05843,-75.95104,1753,68.1,68.1,68.1,71.6,58.6,0.000,0.000,0.00,0.000,4.9,9.6,1.6,224,16,4.9,8.4,1.5,223,16,4.9,9.6,1.6,224,16,201,28.37,,0,0,0,67.6,70.2,69.4,0.12,0.16,0.35
BING,2017-08-21 07:55:00 EDT,42.05843,-75.95104,1753,68.2,68.2,68.2,71.3,58.6,0.000,0.000,0.00,0.000,5.3,9.9,1.3,213,16,5.3,9.5,1.3,212,17,5.3,9.9,1.3,213,16,218,28.36,,0,0,0,67.6,70.2,69.4,0.12,0.16,0.35
BING,2017-08-21 08:00:00 EDT,42.05843,-75.95104,1753,68.4,68.4,68.4,71.3,58.8,0.000,0.000,0.00,0.000,6.1,9.5,1.5,225,19,6.0,9.9,1.7,227,22,6.1,9.5,1.5,225,19,232,28.36,,0,0,0,67.6,70.2,69.4,0.12,0.16,0.35
BING,2017-08-21 08:05:00 EDT,42.05843,-75.95104,1753,68.9,68.8,68.9,70.2,58.8,0.000,0.000,0.00,0.000,5.8,11.4,1.9,231,23,5.8,11.5,1.8,232,24,5.8,11.4,1.9,231,23,254,28.36,,0,0,0,67.6,70.2,69.4,0.12,0.16,0.35
BING,2017-08-21 08:10:00 EDT,42.05843,-75.95104,1753,69.2,69.1,69.2,69.4,58.8,0.000,0.000,0.00,0.000,6.4,10.6,1.7,218,19,6.6,11.8,2.0,219,20,6.4,10.6,1.7,218,19,203,28.36,,0,0,0,67.7,70.2,69.3,0.12,0.16,0.35
BING,2017-08-21 08:15:00 EDT,42.05843,-75.95104,1753,69.1,69.1,69.1,69.5,58.7,0.000,0.000,0.00,0.000,5.7,11.4,1.6,220,18,5.6,10.4,1.7,222,18,5.7,11.4,1.6,220,18,225,28.36,,0,0,0,67.7,70.2,69.4,0.12,0.16,0.35
BING,2017-08-21 08:20:00 EDT,42.05843,-75.95104,1753,69.7,69.5,69.7,69.3,59.1,0.000,0.000,0.00,0.000,5.6,9.4,1.6,212,24,5.7,12.2,2.0,209,23,5.6,9.4,1.6,212,24,284,28.36,,0,0,0,67.8,70.1,69.3,0.12,0.16,0.35
BING,2017-08-21 08:25:00 EDT,42.05843,-75.95104,1753,70.0,69.9,70.0,68.1,59.0,0.000,0.000,0.00,0.000,5.9,9.1,1.5,214,17,5.8,9.2,1.6,214,16,5.9,9.1,1.5,214,17,322,28.36,,0,0,0,67.8,70.1,69.4,0.12,0.16,0.35
BING,2017-08-21 08:30:00 EDT,42.05843,-75.95104,1753,70.2,70.0,70.2,68.4,59.3,0.000,0.000,0.00,0.000,4.7,7.0,1.2,208,23,4.9,8.7,1.5,202,25,4.7,7.0,1.2,208,23,243,28.36,,0,0,0,67.8,70.0,69.3,0.12,0.16,0.35
BING,2017-08-21 08:35:00 EDT,42.05843,-75.95104,1753,70.3,70.1,70.3,67.8,59.1,0.000,0.000,0.00,0.000,5.1,8.8,1.5,209,22,5.3,9.3,1.7,205,23,5.1,8.8,1.5,209,22,328,28.36,,0,0,0,67.8,70.0,69.4,0.12,0.16,0.35
BING,2017-08-21 08:40:00 EDT,42.05843,-75.95104,1753,70.7,70.5,70.7,67.7,59.5,0.000,0.000,0.00,0.000,4.5,8.8,1.2,199,19,4.9,9.8,1.6,196,16,4.5,8.8,1.2,199,19,341,28.36,,0,0,0,67.9,70.0,69.4,0.12,0.16,0.35
BING,2017-08-21 08:45:00 EDT,42.05843,-75.95104,1753,70.9,70.7,70.9,67.7,59.7,0.000,0.000,0.00,0.000,5.8,9.6,1.6,210,23,5.9,9.9,1.6,209,24,5.8,9.6,1.6,210,23,344,28.36,,0,0,0,68.0,70.1,69.4,0.12,0.16,0.35
BING,2017-08-21 08:50:00 EDT,42.05843,-75.95104,1753,70.7,70.5,70.7,67.2,59.3,0.000,0.000,0.00,0.000,6.0,11.3,1.9,200,20,6.2,13.4,2.2,200,20,6.0,11.3,1.9,200,20,230,28.36,,0,0,0,68.1,70.0,69.3,0.12,0.16,0.35
BING,2017-08-21 08:55:00 EDT,42.05843,-75.95104,1753,70.5,70.3,70.5,68.0,59.5,0.000,0.000,0.00,0.000,5.5,9.4,1.3,209,18,5.8,9.4,1.4,208,18,5.5,9.4,1.3,209,18,346,28.36,,0,0,0,68.2,70.0,69.3,0.12,0.16,0.35
BING,2017-08-21 09:00:00 EDT,42.05843,-75.95104,1753,70.7,70.6,70.7,68.1,59.7,0.000,0.000,0.00,0.000,5.2,8.8,1.5,214,19,5.4,9.8,2.0,215,20,5.2,8.8,1.5,214,19,402,28.36,,0,0,0,68.2,70.0,69.4,0.12,0.16,0.35
BING,2017-08-21 09:05:00 EDT,42.05843,-75.95104,1753,70.9,70.7,70.9,67.1,59.5,0.000,0.000,0.00,0.000,5.9,10.3,1.8,211,19,6.1,9.9,1.8,210,20,5.9,10.3,1.8,211,19,414,28.36,,0,0,0,68.4,70.0,69.3,0.12,0.16,0.35
BING,2017-08-21 09:10:00 EDT,42.05843,-75.95104,1753,71.1,70.8,71.1,67.4,59.8,0.000,0.000,0.00,0.000,6.2,11.8,2.0,206,19,6.5,11.6,2.1,205,19,6.2,11.8,2.0,206,19,428,28.36,,0,0,0,68.5,70.0,69.3,0.12,0.16,0.35
BING,2017-08-21 09:15:00 EDT,42.05843,-75.95104,1753,71.4,70.9,71.4,67.0,59.8,0.000,0.000,0.00,0.000,6.7,11.5,1.9,201,16,7.1,13.2,1.9,201,16,6.7,11.5,1.9,201,16,444,28.36,,0,0,0,68.5,70.0,69.4,0.12,0.16,0.35
BING,2017-08-21 09:20:00 EDT,42.05843,-75.95104,1753,71.4,70.9,71.4,66.9,59.9,0.000,0.000,0.00,0.000,6.3,14.3,3.1,205,21,6.7,16.1,3.2,205,21,6.3,14.3,3.1,205,21,467,28.36,,0,0,0,68.6,70.0,69.3,0.12,0.16,0.35
BING,2017-08-21 09:25:00 EDT,42.05843,-75.95104,1753,71.4,71.0,71.4,67.0,59.9,0.000,0.000,0.00,0.000,8.0,12.4,2.3,219,19,8.1,14.1,2.6,222,19,8.0,12.4,2.3,219,19,484,28.36,,0,0,0,68.8,70.0,69.4,0.12,0.16,0.35
BING,2017-08-21 09:30:00 EDT,42.05843,-75.95104,1753,71.3,70.9,71.3,68.1,60.2,0.000,0.000,0.00,0.000,6.4,11.6,2.2,217,23,6.7,12.8,2.2,216,23,6.4,11.6,2.2,217,23,437,28.36,,0,0,0,68.9,70.0,69.4,0.12,0.16,0.35
BING,2017-08-21 09:35:00 EDT,42.05843,-75.95104,1753,71.7,70.9,71.7,68.7,60.9,0.000,0.000,0.00,0.000,6.0,11.8,2.3,224,23,6.5,12.3,2.2,228,25,6.0,11.8,2.3,224,23,518,28.36,,0,0,0,69.1,70.0,69.3,0.12,0.16,0.35
BING,2017-08-21 09:40:00 EDT,42.05843,-75.95104,1753,71.6,71.1,71.6,68.5,60.7,0.000,0.000,0.00,0.000,6.7,12.4,2.3,210,19,7.0,13.2,2.2,211,21,6.7,12.4,2.3,210,19,533,28.36,,0,0,0,69.2,70.0,69.3,0.12,0.16,0.35
BING,2017-08-21 09:45:00 EDT,42.05843,-75.95104,1753,71.7,71.2,71.7,69.6,61.2,0.000,0.000,0.00,0.000,4.9,9.7,2.1,212,24,5.4,10.2,2.1,211,26,4.9,9.7,2.1,212,24,399,28.37,,0,0,0,69.4,69.9,69.3,0.12,0.16,0.35
BING,2017-08-21 09:50:00 EDT,42.05843,-75.95104,1753,71.6,71.0,71.6,69.7,61.1,0.000,0.000,0.00,0.000,6.1,11.7,2.2,208,20,6.5,12.3,2.2,209,21,6.1,11.7,2.2,208,20,374,28.37,,0,0,0,69.5,70.0,69.3,0.12,0.16,0.35
BING,2017-08-21 09:55:00 EDT,42.05843,-75.95104,1753,71.5,71.1,71.5,70.1,61.2,0.000,0.000,0.00,0.000,6.3,11.3,1.9,212,20,6.4,10.6,1.7,212,19,6.3,11.3,1.9,212,20,393,28.37,,0,0,0,69.7,69.9,69.3,0.12,0.16,0.35
BING,2017-08-21 10:00:00 EDT,42.05843,-75.95104,1753,72.0,71.5,72.0,70.2,61.7,0.000,0.000,0.00,0.000,5.2,9.3,1.6,216,21,5.3,10.0,1.7,213,22,5.2,9.3,1.6,216,21,450,28.37,,0,0,0,69.9,69.9,69.3,0.12,0.16,0.35
BING,2017-08-21 10:05:00 EDT,42.05843,-75.95104,1753,72.5,71.8,72.5,69.5,62.0,0.000,0.000,0.00,0.000,6.0,11.8,2.1,207,20,6.5,12.1,2.1,205,21,6.0,11.8,2.1,207,20,540,28.37,,0,0,0,70.0,69.9,69.3,0.12,0.16,0.35
BING,2017-08-21 10:10:00 EDT,42.05843,-75.95104,1753,72.4,71.9,72.4,67.9,61.2,0.000,0.000,0.00,0.000,7.4,11.5,2.0,205,21,7.8,13.1,2.2,205,21,7.4,11.5,2.0,205,21,412,28.37,,0,0,0,70.3,69.9,69.3,0.12,0.16,0.35
BING,2017-08-21 10:15:00 EDT,42.05843,-75.95104,1753,72.3,71.8,72.3,68.5,61.3,0.000,0.000,0.00,0.000,6.0,11.2,2.1,214,18,6.0,11.5,1.9,213,20,6.0,11.2,2.1,214,18,372,28.37,,0,0,0,70.5,69.9,69.4,0.12,0.16,0.35
BING,2017-08-21 10:20:00 EDT,42.05843,-75.95104,1753,72.7,72.2,72.7,68.3,61.6,0.000,0.000,0.00,0.000,6.1,10.0,1.8,227,23,6.0,10.9,1.7,229,26,6.1,10.0,1.8,227,23,595,28.36,,0,0,0,70.6,69.9,69.3,0.12,0.16,0.35
BING,2017-08-21 10:25:00 EDT,42.05843,-75.95104,1753,73.4,72.8,73.4,67.3,61.9,0.000,0.000,0.00,0.000,5.9,11.1,2.2,217,21,6.0,11.3,2.0,216,25,5.9,11.1,2.2,217,21,567,28.37,,0,0,0,70.7,69.8,69.3,0.12,0.16,0.35
BING,2017-08-21 10:30:00 EDT,42.05843,-75.95104,1753,73.2,72.6,73.2,67.3,61.8,0.000,0.000,0.00,0.000,5.3,11.2,1.9,222,23,5.6,11.5,1.9,222,24,5.3,11.2,1.9,222,23,352,28.37,,0,0,0,70.9,69.9,69.3,0.12,0.16,0.35
BING,2017-08-21 10:35:00 EDT,42.05843,-75.95104,1753,72.7,72.3,72.7,66.9,61.1,0.000,0.000,0.00,0.000,5.3,12.3,2.4,207,18,5.4,11.8,2.4,206,19,5.3,12.3,2.4,207,18,351,28.37,,0,0,0,71.1,69.8,69.3,0.12,0.16,0.35
BING,2017-08-21 10:40:00 EDT,42.05843,-75.95104,1753,73.0,72.4,73.0,66.3,61.1,0.000,0.000,0.00,0.000,7.0,11.8,2.0,224,18,6.8,11.1,1.9,226,19,7.0,11.8,2.0,224,18,412,28.37,,0,0,0,71.3,69.8,69.3,0.12,0.16,0.35
BING,2017-08-21 10:45:00 EDT,42.05843,-75.95104,1753,72.8,72.4,72.8,66.2,60.9,0.000,0.000,0.00,0.000,6.4,9.2,1.2,223,19,6.3,9.4,1.3,225,20,6.4,9.2,1.2,223,19,340,28.36,,0,0,0,71.4,69.8,69.3,0.12,0.16,0.35
BING,2017-08-21 10:50:00 EDT,42.05843,-75.95104,1753,72.7,72.3,72.7,67.5,61.3,0.000,0.000,0.00,0.000,5.6,10.3,1.7,196,19,5.8,10.8,2.1,194,20,5.6,10.3,1.7,196,19,336,28.36,,0,0,0,71.5,69.8,69.3,0.12,0.16,0.35
BING,2017-08-21 10:55:00 EDT,42.05843,-75.95104,1753,72.7,72.2,72.7,66.6,60.9,0.000,0.000,0.00,0.000,6.4,12.6,2.2,207,18,6.5,10.8,2.2,207,17,6.4,12.6,2.2,207,18,342,28.36,,0,0,0,71.7,69.8,69.3,0.12,0.16,0.35
BING,2017-08-21 11:00:00 EDT,42.05843,-75.95104,1753,72.8,72.4,72.8,67.3,61.4,0.000,0.000,0.00,0.000,5.0,8.8,1.7,214,18,5.2,11.0,1.6,214,19,5.0,8.8,1.7,214,18,382,28.36,,0,0,0,71.9,69.8,69.3,0.12,0.16,0.35
BING,2017-08-21 11:05:00 EDT,42.05843,-75.95104,1753,73.2,72.7,73.2,67.3,61.8,0.000,0.000,0.00,0.000,4.4,8.0,1.6,201,22,4.8,8.5,1.7,199,22,4.4,8.0,1.6,201,22,463,28.36,,0,0,0,72.1,69.8,69.3,0.12,0.15,0.35
BING,2017-08-21 11:10:00 EDT,42.05843,-75.95104,1753,73.6,73.0,73.6,66.0,61.6,0.000,0.000,0.00,0.000,6.9,10.6,1.8,195,18,7.4,13.1,2.2,195,17,6.9,10.6,1.8,195,18,591,28.35,,0,0,0,72.3,69.7,69.3,0.12,0.15,0.35
BING,2017-08-21 11:15:00 EDT,42.05843,-75.95104,1753,73.6,72.9,73.6,66.0,61.5,0.000,0.000,0.00,0.000,7.0,12.5,2.6,195,20,7.8,15.0,2.8,193,19,7.0,12.5,2.6,195,20,592,28.35,,0,0,0,72.4,69.8,69.3,0.12,0.16,0.35
BING,2017-08-21 11:20:00 EDT,42.05843,-75.95104,1753,73.4,72.8,73.4,66.6,61.6,0.000,0.000,0.00,0.000,5.6,11.8,2.1,198,20,6.2,10.8,2.1,196,17,5.6,11.8,2.1,198,20,588,28.35,,0,0,0,72.5,69.7,69.3,0.12,0.16,0.35
BING,2017-08-21 11:25:00 EDT,42.05843,-75.95104,1753,73.8,73.1,73.8,66.3,61.9,0.000,0.000,0.00,0.000,7.5,13.6,2.7,213,23,7.9,14.0,2.8,214,24,7.5,13.6,2.7,213,23,687,28.35,,0,0,0,72.7,69.8,69.3,0.12,0.16,0.35
BING,2017-08-21 11:30:00 EDT,42.05843,-75.95104,1753,73.7,73.0,73.7,66.4,61.8,0.000,0.000,0.00,0.000,7.7,12.8,2.5,210,19,7.9,14.3,2.5,212,19,7.7,12.8,2.5,210,19,643,28.35,,0,0,0,72.9,69.8,69.3,0.12,0.16,0.35
BING,2017-08-21 11:35:00 EDT,42.05843,-75.95104,1753,74.1,73.2,74.1,66.9,62.4,0.000,0.000,0.00,0.000,6.9,12.9,2.2,222,17,6.8,12.6,2.1,224,18,6.9,12.9,2.2,222,17,641,28.35,,0,0,0,73.0,69.7,69.3,0.12,0.16,0.35
BING,2017-08-21 11:40:00 EDT,42.05843,-75.95104,1753,74.3,73.4,74.3,67.5,62.8,0.000,0.000,0.00,0.000,6.7,10.8,2.0,215,22,6.7,11.4,2.0,217,24,6.7,10.8,2.0,215,22,653,28.35,,0,0,0,73.0,69.8,69.3,0.12,0.16,0.35
BING,2017-08-21 11:45:00 EDT,42.05843,-75.95104,1753,74.8,74.0,74.8,68.1,63.6,0.000,0.000,0.00,0.000,3.8,8.5,1.5,206,28,4.5,10.5,1.7,200,29,3.8,8.5,1.5,206,28,447,28.35,,0,0,0,73.2,69.8,69.3,0.12,0.16,0.35
BING,2017-08-21 11:50:00 EDT,42.05843,-75.95104,1753,74.1,73.6,74.1,68.7,63.2,0.000,0.000,0.00,0.000,5.7,12.5,2.1,215,23,6.0,12.7,2.1,215,23,5.7,12.5,2.1,215,23,386,28.35,,0,0,0,73.4,69.8,69.3,0.12,0.16,0.35
BING,2017-08-21 11:55:00 EDT,42.05843,-75.95104,1753,73.6,73.2,73.6,68.9,62.8,0.000,0.000,0.00,0.000,6.3,12.6,2.5,204,22,6.5,14.2,2.5,204,22,6.3,12.6,2.5,204,22,383,28.35,,0,0,0,73.7,69.8,69.3,0.12,0.16,0.35
BING,2017-08-21 12:00:00 EDT,42.05843,-75.95104,1753,74.4,73.7,74.4,68.4,63.3,0.000,0.000,0.00,0.000,6.8,12.5,2.2,207,21,7.2,13.1,2.2,207,21,6.8,12.5,2.2,207,21,676,28.34,,0,0,0,73.8,69.8,69.3,0.12,0.16,0.35
BING,2017-08-21 12:05:00 EDT,42.05843,-75.95104,1753,74.9,74.2,74.9,67.3,63.4,0.000,0.000,0.00,0.000,7.1,12.6,2.1,200,22,7.6,13.3,2.3,198,21,7.1,12.6,2.1,200,22,620,28.34,,0,0,0,74.0,69.9,69.3,0.12,0.16,0.35
BING,2017-08-21 12:10:00 EDT,42.05843,-75.95104,1753,75.3,74.4,75.3,65.4,62.9,0.000,0.000,0.00,0.000,7.5,13.3,1.8,204,18,7.8,12.6,1.9,205,17,7.5,13.3,1.8,204,18,813,28.34,,0,0,0,74.0,69.8,69.3,0.12,0.16,0.35
BING,2017-08-21 12:15:00 EDT,42.05843,-75.95104,1753,76.1,75.1,76.1,64.4,63.3,0.000,0.000,0.00,0.000,6.6,11.6,1.5,217,23,6.7,12.3,1.7,216,24,6.6,11.6,1.5,217,23,736,28.34,,0,0,0,74.2,69.9,69.3,0.12,0.16,0.35
BING,2017-08-21 12:20:00 EDT,42.05843,-75.95104,1753,75.4,74.7,75.4,65.0,62.9,0.000,0.000,0.00,0.000,5.5,10.4,2.2,179,20,6.4,12.3,2.5,179,17,5.5,10.4,2.2,179,20,591,28.34,,0,0,0,74.4,69.9,69.3,0.12,0.16,0.35
BING,2017-08-21 12:25:00 EDT,42.05843,-75.95104,1753,76.5,75.5,76.5,64.9,63.9,0.000,0.000,0.00,0.000,5.6,8.4,1.6,205,29,6.2,9.5,1.7,202,29,5.6,8.4,1.6,205,29,853,28.34,,0,0,0,74.6,69.9,69.3,0.12,0.16,0.35
BING,2017-08-21 12:30:00 EDT,42.05843,-75.95104,1753,76.6,75.9,76.6,63.2,63.2,0.000,0.000,0.00,0.000,4.2,7.7,1.7,200,16,4.4,9.1,1.8,197,17,4.2,7.7,1.7,200,16,694,28.34,,0,0,0,74.7,69.9,69.3,0.12,0.16,0.35
BING,2017-08-21 12:35:00 EDT,42.05843,-75.95104,1753,76.6,75.6,76.6,63.2,63.2,0.000,0.000,0.00,0.000,6.5,9.9,1.7,227,22,6.3,9.8,1.6,231,23,6.5,9.9,1.7,227,22,818,28.34,,0,0,0,74.9,69.9,69.3,0.12,0.16,0.35
BING,2017-08-21 12:40:00 EDT,42.05843,-75.95104,1753,76.4,75.5,76.4,64.1,63.4,0.000,0.000,0.00,0.000,5.9,10.4,1.8,230,27,6.0,11.1,1.8,231,29,5.9,10.4,1.8,230,27,796,28.34,,0,0,0,75.2,69.9,69.3,0.12,0.16,0.35
BING,2017-08-21 12:45:00 EDT,42.05843,-75.95104,1753,76.6,75.6,76.6,63.7,63.4,0.000,0.000,0.00,0.000,5.4,8.4,1.2,192,31,5.8,9.5,1.5,189,31,5.4,8.4,1.2,192,31,790,28.34,,0,0,0,75.5,69.9,69.3,0.12,0.16,0.35
BING,2017-08-21 12:50:00 EDT,42.05843,-75.95104,1753,77.2,76.1,77.2,63.4,63.8,0.000,0.000,0.00,0.000,5.8,10.7,1.9,208,26,6.1,9.9,1.7,203,28,5.8,10.7,1.9,208,26,805,28.34,,0,0,0,75.8,70.0,69.3,0.12,0.16,0.35
BING,2017-08-21 12:55:00 EDT,42.05843,-75.95104,1753,77.1,76.0,77.1,63.5,63.8,0.000,0.000,0.00,0.000,4.4,8.4,2.3,230,14,4.2,7.9,1.9,227,23,4.4,8.4,2.3,230,14,869,28.34,,0,0,0,76.0,70.0,69.3,0.12,0.16,0.35
BING,2017-08-21 13:00:00 EDT,42.05843,-75.95104,1753,78.2,76.9,78.2,62.5,64.3,0.000,0.000,0.00,0.000,5.2,10.6,2.3,221,27,5.3,11.1,2.4,220,30,5.2,10.6,2.3,221,27,823,28.34,,0,0,0,76.4,70.0,69.3,0.12,0.16,0.35
BING,2017-08-21 13:05:00 EDT,42.05843,-75.95104,1753,77.3,76.4,77.3,61.7,63.1,0.000,0.000,0.00,0.000,4.6,9.3,1.9,228,24,4.5,8.1,1.7,223,31,4.6,9.3,1.9,228,24,642,28.34,,0,0,0,76.6,70.0,69.3,0.12,0.16,0.35
BING,2017-08-21 13:10:00 EDT,42.05843,-75.95104,1753,78.3,77.1,78.3,61.9,64.1,0.000,0.000,0.00,0.000,4.6,8.1,1.7,208,30,5.1,9.4,1.9,208,33,4.6,8.1,1.7,208,30,726,28.34,,0,0,0,76.9,70.0,69.3,0.12,0.15,0.35
BING,2017-08-21 13:15:00 EDT,42.05843,-75.95104,1753,77.9,76.9,77.9,62.8,64.2,0.000,0.000,0.00,0.000,4.1,10.7,3.0,200,25,4.7,11.1,2.8,196,26,4.1,10.7,3.0,200,25,730,28.34,,0,0,0,77.1,70.0,69.3,0.12,0.16,0.35
BING,2017-08-21 13:20:00 EDT,42.05843,-75.95104,1753,78.2,77.4,78.2,63.1,64.6,0.000,0.000,0.00,0.000,4.6,8.2,1.6,179,21,5.5,9.8,1.9,179,19,4.6,8.2,1.6,179,21,714,28.33,,0,0,0,77.3,70.0,69.3,0.12,0.15,0.35
BING,2017-08-21 13:25:00 EDT,42.05843,-75.95104,1753,78.6,77.6,78.6,63.5,65.2,0.000,0.000,0.00,0.000,5.2,9.7,1.8,184,26,5.9,10.9,2.1,181,23,5.2,9.7,1.8,184,26,848,28.33,,0,0,0,77.7,70.0,69.3,0.12,0.15,0.35
BING,2017-08-21 13:30:00 EDT,42.05843,-75.95104,1753,78.6,77.5,78.6,62.4,64.7,0.000,0.000,0.00,0.000,4.7,8.7,1.3,202,34,5.2,10.0,1.7,199,32,4.7,8.7,1.3,202,34,775,28.33,,0,0,0,78.0,70.0,69.3,0.12,0.15,0.35
BING,2017-08-21 13:35:00 EDT,42.05843,-75.95104,1753,78.0,77.0,78.0,62.1,63.9,0.000,0.000,0.00,0.000,5.5,9.6,1.8,185,32,6.2,10.8,2.1,182,30,5.5,9.6,1.8,185,32,643,28.33,,0,0,0,78.1,70.1,69.2,0.12,0.15,0.35
BING,2017-08-21 13:40:00 EDT,42.05843,-75.95104,1753,77.6,76.7,77.6,62.5,63.8,0.000,0.000,0.00,0.000,4.4,9.3,2.0,203,20,4.7,10.8,2.2,199,20,4.4,9.3,2.0,203,20,729,28.33,,0,0,0,78.4,70.1,69.3,0.12,0.15,0.35
BING,2017-08-21 13:45:00 EDT,42.05843,-75.95104,1753,77.6,77.0,77.6,63.5,64.3,0.000,0.000,0.00,0.000,5.8,9.6,2.1,198,19,6.1,11.0,2.3,197,18,5.8,9.6,2.1,198,19,651,28.33,,0,0,0,78.6,70.2,69.3,0.12,0.15,0.35
BING,2017-08-21 13:50:00 EDT,42.05843,-75.95104,1753,77.8,77.0,77.8,61.8,63.7,0.000,0.000,0.00,0.000,4.8,9.6,1.7,178,19,5.6,11.1,2.0,175,16,4.8,9.6,1.7,178,19,617,28.33,,0,0,0,79.0,70.1,69.3,0.12,0.15,0.35
BING,2017-08-21 13:55:00 EDT,42.05843,-75.95104,1753,77.7,77.0,77.7,61.8,63.6,0.000,0.000,0.00,0.000,5.7,10.8,1.6,177,17,6.7,13.4,1.9,177,14,5.7,10.8,1.6,177,17,557,28.33,,0,0,0,79.2,70.2,69.3,0.12,0.15,0.35
BING,2017-08-21 14:00:00 EDT,42.05843,-75.95104,1753,77.4,76.7,77.4,62.7,63.7,0.000,0.000,0.00,0.000,5.3,8.2,1.9,180,20,6.1,9.6,1.8,179,19,5.3,8.2,1.9,180,20,363,28.32,,0,0,0,79.2,70.3,69.3,0.11,0.16,0.35
BING,2017-08-21 14:05:00 EDT,42.05843,-75.95104,1753,77.0,76.5,77.0,64.8,64.3,0.000,0.000,0.00,0.000,4.3,6.9,1.2,212,20,4.3,7.9,1.2,209,22,4.3,6.9,1.2,212,20,324,28.33,,0,0,0,79.4,70.3,69.3,0.11,0.16,0.35
BING,2017-08-21 14:10:00 EDT,42.05843,-75.95104,1753,76.3,76.0,76.3,64.6,63.5,0.000,0.000,0.00,0.000,5.4,9.3,1.7,216,19,5.4,9.2,1.5,214,20,5.4,9.3,1.7,216,19,288,28.33,,0,0,0,79.5,70.3,69.3,0.11,0.16,0.35
BING,2017-08-21 14:15:00 EDT,42.05843,-75.95104,1753,76.5,76.1,76.5,65.0,63.9,0.000,0.000,0.00,0.000,4.2,7.5,1.5,222,17,4.2,7.8,1.5,221,20,4.2,7.5,1.5,222,17,312,28.33,,0,0,0,79.7,70.3,69.2,0.12,0.16,0.35
BING,2017-08-21 14:20:00 EDT,42.05843,-75.95104,1753,76.8,76.2,76.8,66.6,64.8,0.000,0.000,0.00,0.000,2.4,4.3,0.7,205,28,2.8,4.8,0.9,195,31,2.4,4.3,0.7,205,28,288,28.32,,0,0,0,79.6,70.4,69.3,0.11,0.16,0.35
BING,2017-08-21 14:25:00 EDT,42.05843,-75.95104,1753,76.5,76.1,76.5,65.6,64.1,0.000,0.000,0.00,0.000,2.7,4.5,0.7,213,19,2.6,4.7,1.0,205,23,2.7,4.5,0.7,213,19,183,28.32,,0,0,0,79.7,70.5,69.3,0.11,0.15,0.35
BING,2017-08-21 14:30:00 EDT,42.05843,-75.95104,1753,76.2,75.9,76.2,66.9,64.4,0.000,0.000,0.00,0.000,3.0,4.3,0.6,201,11,3.0,4.8,0.8,194,13,3.0,4.3,0.6,201,11,185,28.32,,0,0,0,79.7,70.4,69.3,0.11,0.15,0.35
BING,2017-08-21 14:35:00 EDT,42.05843,-75.95104,1753,76.2,75.9,76.2,67.5,64.6,0.000,0.000,0.00,0.000,1.6,3.3,0.5,195,20,1.9,4.4,0.9,173,21,1.6,3.3,0.5,195,20,213,28.32,,0,0,0,79.7,70.6,69.3,0.11,0.15,0.35
BING,2017-08-21 14:40:00 EDT,42.05843,-75.95104,1753,76.2,75.9,76.2,67.6,64.7,0.000,0.000,0.00,0.000,2.0,3.4,0.6,190,10,2.4,3.8,0.6,177,14,2.0,3.4,0.6,190,10,187,28.32,,0,0,0,79.7,70.6,69.3,0.12,0.15,0.35
BING,2017-08-21 14:45:00 EDT,42.05843,-75.95104,1753,76.1,75.8,76.1,68.8,65.1,0.000,0.000,0.00,0.000,2.5,4.4,0.8,183,13,3.1,5.0,0.8,173,17,2.5,4.4,0.8,183,13,186,28.31,,0,0,0,79.6,70.7,69.2,0.12,0.16,0.35
BING,2017-08-21 14:50:00 EDT,42.05843,-75.95104,1753,76.1,75.8,76.1,71.1,66.1,0.000,0.000,0.00,0.000,3.0,7.2,1.2,174,18,3.6,8.1,1.2,168,17,3.0,7.2,1.2,174,18,201,28.31,,0,0,0,79.4,70.7,69.3,0.12,0.15,0.35
BING,2017-08-21 14:55:00 EDT,42.05843,-75.95104,1753,76.0,75.7,76.0,69.9,65.5,0.000,0.000,0.00,0.000,3.2,5.8,1.2,190,17,3.6,6.8,1.4,182,16,3.2,5.8,1.2,190,17,222,28.31,,0,0,0,79.4,70.7,69.3,0.12,0.15,0.35
BING,2017-08-21 15:00:00 EDT,42.05843,-75.95104,1753,76.1,75.8,76.1,70.2,65.7,0.000,0.000,0.00,0.000,2.9,5.5,0.9,182,19,3.3,6.4,1.1,172,19,2.9,5.5,0.9,182,19,254,28.31,,0,0,0,79.3,70.7,69.3,0.12,0.15,0.35
BING,2017-08-21 15:05:00 EDT,42.05843,-75.95104,1753,76.3,75.8,76.3,70.4,65.9,0.000,0.000,0.00,0.000,3.3,5.6,0.9,187,17,3.8,7.9,1.3,180,17,3.3,5.6,0.9,187,17,289,28.31,,0,0,0,79.3,70.7,69.3,0.12,0.15,0.35
BING,2017-08-21 15:10:00 EDT,42.05843,-75.95104,1753,76.6,76.1,76.6,70.7,66.3,0.000,0.000,0.00,0.000,2.2,4.1,0.8,189,21,2.7,5.2,1.0,179,24,2.2,4.1,0.8,189,21,326,28.31,,0,0,0,79.2,70.8,69.2,0.11,0.15,0.35
BING,2017-08-21 15:15:00 EDT,42.05843,-75.95104,1753,76.8,76.4,76.8,69.3,66.0,0.000,0.000,0.00,0.000,2.6,4.9,1.1,189,20,3.2,6.0,1.1,179,22,2.6,4.9,1.1,189,20,364,28.31,,0,0,0,79.2,70.8,69.3,0.12,0.15,0.35
BING,2017-08-21 15:20:00 EDT,42.05843,-75.95104,1753,77.4,76.7,77.4,67.9,66.0,0.000,0.000,0.00,0.000,3.8,7.0,1.4,184,20,4.7,8.9,1.6,180,18,3.8,7.0,1.4,184,20,398,28.30,,0,0,0,79.2,70.9,69.2,0.11,0.15,0.35
BING,2017-08-21 15:25:00 EDT,42.05843,-75.95104,1753,77.4,76.9,77.4,67.6,65.9,0.000,0.000,0.00,0.000,3.2,6.4,1.2,202,18,3.6,7.0,1.1,193,20,3.2,6.4,1.2,202,18,443,28.30,,0,0,0,79.1,70.9,69.3,0.11,0.15,0.35
BING,2017-08-21 15:30:00 EDT,42.05843,-75.95104,1753,78.0,77.3,78.0,67.3,66.3,0.000,0.000,0.00,0.000,3.8,6.7,1.6,174,21,4.6,8.3,1.9,170,18,3.8,6.7,1.6,174,21,481,28.30,,0,0,0,79.1,71.0,69.3,0.11,0.15,0.35
BING,2017-08-21 15:35:00 EDT,42.05843,-75.95104,1753,78.0,77.5,78.0,66.1,65.8,0.000,0.000,0.00,0.000,3.4,8.0,1.4,175,21,4.0,9.7,1.6,171,21,3.4,8.0,1.4,175,21,511,28.30,,0,0,0,79.1,71.1,69.2,0.11,0.15,0.35
BING,2017-08-21 15:40:00 EDT,42.05843,-75.95104,1753,78.5,77.7,78.5,66.0,66.1,0.000,0.000,0.00,0.000,4.6,7.9,1.4,206,23,4.9,10.1,1.7,201,23,4.6,7.9,1.4,206,23,534,28.30,,0,0,0,79.0,71.1,69.2,0.12,0.15,0.35
BING,2017-08-21 15:45:00 EDT,42.05843,-75.95104,1753,78.6,77.9,78.6,63.8,65.3,0.000,0.000,0.00,0.000,5.2,9.2,1.5,204,18,5.7,9.0,1.6,203,18,5.2,9.2,1.5,204,18,550,28.30,,0,0,0,79.0,71.2,69.3,0.12,0.15,0.35
BING,2017-08-21 15:50:00 EDT,42.05843,-75.95104,1753,78.9,78.1,78.9,64.4,65.9,0.000,0.000,0.00,0.000,5.6,9.9,1.7,193,25,6.2,11.5,2.0,190,24,5.6,9.9,1.7,193,25,549,28.30,,0,0,0,79.0,71.2,69.3,0.11,0.15,0.35
BING,2017-08-21 15:55:00 EDT,42.05843,-75.95104,1753,79.0,78.4,79.0,63.7,65.6,0.000,0.000,0.00,0.000,4.3,7.2,1.5,192,27,4.8,8.7,1.6,187,28,4.3,7.2,1.5,192,27,580,28.30,,0,0,0,79.0,71.3,69.2,0.11,0.16,0.35
BING,2017-08-21 16:00:00 EDT,42.05843,-75.95104,1753,79.2,78.5,79.2,64.4,66.1,0.000,0.000,0.00,0.000,4.7,8.7,1.6,208,25,5.0,9.4,1.8,204,25,4.7,8.7,1.6,208,25,578,28.30,,0,0,0,79.1,71.4,69.2,0.11,0.16,0.35
BING,2017-08-21 16:05:00 EDT,42.05843,-75.95104,1753,79.2,78.6,79.2,63.5,65.7,0.000,0.000,0.00,0.000,5.5,8.5,1.8,176,28,6.3,11.4,2.0,176,23,5.5,8.5,1.8,176,28,559,28.30,,0,0,0,79.1,71.4,69.2,0.12,0.15,0.35
BING,2017-08-21 16:10:00 EDT,42.05843,-75.95104,1753,79.6,78.8,79.6,63.5,66.1,0.000,0.000,0.00,0.000,5.5,8.3,1.4,180,29,6.1,12.2,1.9,177,28,5.5,8.3,1.4,180,29,552,28.30,,0,0,0,79.2,71.4,69.3,0.12,0.16,0.35
BING,2017-08-21 16:15:00 EDT,42.05843,-75.95104,1753,79.4,78.7,79.4,64.3,66.3,0.000,0.000,0.00,0.000,5.4,8.5,1.3,195,17,5.9,10.8,1.6,192,15,5.4,8.5,1.3,195,17,567,28.29,,0,0,0,79.2,71.4,69.2,0.12,0.16,0.35
BING,2017-08-21 16:20:00 EDT,42.05843,-75.95104,1753,79.7,79.2,79.7,64.4,66.7,0.000,0.000,0.00,0.000,4.7,8.9,1.7,183,20,5.4,11.4,2.0,182,20,4.7,8.9,1.7,183,20,551,28.29,,0,0,0,79.2,71.4,69.2,0.12,0.16,0.35
BING,2017-08-21 16:25:00 EDT,42.05843,-75.95104,1753,80.1,79.3,82.4,64.0,66.9,0.000,0.000,0.00,0.000,4.9,8.8,1.5,206,23,5.5,11.8,1.9,204,24,4.9,8.8,1.5,206,23,537,28.29,,0,0,0,79.3,71.4,69.2,0.12,0.15,0.35
BING,2017-08-21 16:30:00 EDT,42.05843,-75.95104,1753,79.5,79.0,79.5,63.2,65.9,0.000,0.000,0.00,0.000,5.9,11.5,2.4,202,22,6.3,13.2,2.6,200,20,5.9,11.5,2.4,202,22,523,28.29,,0,0,0,79.3,71.4,69.2,0.12,0.15,0.35
BING,2017-08-21 16:35:00 EDT,42.05843,-75.95104,1753,79.4,78.9,79.4,64.5,66.4,0.000,0.000,0.00,0.000,7.7,13.9,2.6,182,16,8.5,15.5,3.0,182,13,7.7,13.9,2.6,182,16,463,28.29,,0,0,0,79.4,71.4,69.3,0.11,0.15,0.35
BING,2017-08-21 16:40:00 EDT,42.05843,-75.95104,1753,79.4,78.9,79.4,64.0,66.1,0.000,0.000,0.00,0.000,7.0,13.7,2.4,186,19,7.9,16.6,2.7,186,18,7.0,13.7,2.4,186,19,481,28.29,,0,0,0,79.4,71.4,69.2,0.11,0.15,0.35
BING,2017-08-21 16:45:00 EDT,42.05843,-75.95104,1753,78.8,78.4,78.8,65.3,66.2,0.000,0.000,0.00,0.000,6.5,11.8,2.1,173,19,7.6,16.2,2.5,173,17,6.5,11.8,2.1,173,19,291,28.29,,0,0,0,79.4,71.5,69.2,0.11,0.15,0.35
BING,2017-08-21 16:50:00 EDT,42.05843,-75.95104,1753,79.3,78.7,79.3,66.0,66.9,0.000,0.000,0.00,0.000,6.3,10.6,1.8,188,20,7.2,12.3,2.2,187,17,6.3,10.6,1.8,188,20,515,28.29,,0,0,0,79.3,71.5,69.2,0.11,0.15,0.35
BING,2017-08-21 16:55:00 EDT,42.05843,-75.95104,1753,79.0,78.6,79.0,65.4,66.4,0.000,0.000,0.00,0.000,6.3,11.5,2.3,191,23,6.8,13.3,2.6,192,21,6.3,11.5,2.3,191,23,342,28.29,,0,0,0,79.4,71.5,69.2,0.11,0.16,0.35
BING,2017-08-21 17:00:00 EDT,42.05843,-75.95104,1753,78.9,78.5,78.9,66.1,66.7,0.000,0.000,0.00,0.000,6.5,12.2,1.8,180,17,7.3,14.5,2.2,178,16,6.5,12.2,1.8,180,17,406,28.29,,0,0,0,79.3,71.6,69.2,0.11,0.16,0.35
BING,2017-08-21 17:05:00 EDT,42.05843,-75.95104,1753,79.0,78.5,79.0,65.8,66.5,0.000,0.000,0.00,0.000,7.1,13.7,2.5,174,22,8.2,16.4,2.8,174,17,7.1,13.7,2.5,174,22,300,28.29,,0,0,0,79.3,71.7,69.2,0.11,0.15,0.35
BING,2017-08-21 17:10:00 EDT,42.05843,-75.95104,1753,78.0,77.8,78.0,67.5,66.4,0.000,0.000,0.00,0.000,6.3,11.4,1.8,188,19,6.8,13.0,2.2,189,17,6.3,11.4,1.8,188,19,169,28.28,,0,0,0,79.3,71.7,69.2,0.11,0.15,0.35
BING,2017-08-21 17:15:00 EDT,42.05843,-75.95104,1753,77.6,77.4,77.6,69.4,66.8,0.000,0.000,0.00,0.000,5.7,10.4,1.6,181,20,6.6,11.8,1.9,180,17,5.7,10.4,1.6,181,20,167,28.28,,0,0,0,79.3,71.7,69.2,0.11,0.15,0.35
BING,2017-08-21 17:20:00 EDT,42.05843,-75.95104,1753,77.5,77.3,77.5,69.7,66.8,0.000,0.000,0.00,0.000,7.1,11.8,2.1,188,18,7.8,14.0,2.5,188,14,7.1,11.8,2.1,188,18,125,28.29,,0,0,0,79.3,71.8,69.2,0.11,0.15,0.35
BING,2017-08-21 17:25:00 EDT,42.05843,-75.95104,1753,77.2,77.1,77.2,70.6,66.9,0.000,0.000,0.00,0.000,5.7,10.2,2.1,185,22,6.7,12.0,2.2,183,19,5.7,10.2,2.1,185,22,86,28.29,,0,0,0,79.3,71.8,69.2,0.11,0.16,0.35
BING,2017-08-21 17:30:00 EDT,42.05843,-75.95104,1753,76.7,76.7,76.7,71.8,67.0,0.000,0.000,0.00,0.000,5.6,10.7,2.0,187,15,6.2,12.5,2.3,183,13,5.6,10.7,2.0,187,15,61,28.28,,0,0,0,79.2,71.8,69.2,0.11,0.15,0.35
BING,2017-08-21 17:35:00 EDT,42.05843,-75.95104,1753,76.5,76.5,76.5,72.5,67.0,0.000,0.000,0.00,0.000,5.9,9.9,1.7,191,18,6.4,12.2,2.0,190,14,5.9,9.9,1.7,191,18,41,28.28,,0,0,0,79.2,71.9,69.2,0.11,0.15,0.35
BING,2017-08-21 17:40:00 EDT,42.05843,-75.95104,1753,76.5,76.4,76.5,72.1,66.8,0.000,0.000,0.00,0.000,5.3,8.6,1.3,187,16,5.9,10.1,1.6,185,14,5.3,8.6,1.3,187,16,33,28.28,,0,0,0,79.2,72.0,69.2,0.11,0.15,0.35
BING,2017-08-21 17:45:00 EDT,42.05843,-75.95104,1753,76.3,76.3,76.3,72.1,66.7,0.000,0.000,0.00,0.000,4.8,7.5,1.4,196,16,5.3,8.8,1.7,192,15,4.8,7.5,1.4,196,16,25,28.28,,0,0,0,79.0,72.0,69.2,0.11,0.16,0.35
BING,2017-08-21 17:50:00 EDT,42.05843,-75.95104,1753,76.2,76.3,76.2,72.0,66.5,0.000,0.000,0.00,0.000,5.8,9.1,1.8,195,19,6.3,11.2,2.0,194,17,5.8,9.1,1.8,195,19,18,28.28,,0,0,0,78.8,72.2,69.2,0.11,0.15,0.35
BING,2017-08-21 17:55:00 EDT,42.05843,-75.95104,1753,75.4,75.4,75.4,71.2,65.5,0.000,0.000,0.00,0.000,11.4,29.0,6.3,195,21,12.7,29.8,7.1,198,21,11.4,29.0,6.3,195,21,9,28.29,,0,0,0,78.7,72.2,69.3,0.11,0.15,0.35
BING,2017-08-21 18:00:00 EDT,42.05843,-75.95104,1753,70.9,71.0,70.9,78.7,64.0,0.148,0.148,3.45,0.148,14.8,31.2,6.0,187,23,16.0,36.4,6.1,188,22,14.8,31.2,6.0,187,23,7,28.29,,0,0,0,78.6,72.1,69.2,0.11,0.16,0.35
BING,2017-08-21 18:05:00 EDT,42.05843,-75.95104,1753,68.0,68.1,68.0,88.7,64.5,0.093,0.241,1.46,0.241,12.0,31.9,6.5,180,24,14.1,38.0,7.8,183,17,12.0,31.9,6.5,180,24,19,28.29,,0,0,0,78.5,72.3,69.2,0.12,0.16,0.35
BING,2017-08-21 18:10:00 EDT,42.05843,-75.95104,1753,69.2,69.3,69.2,86.0,64.9,0.000,0.241,0.00,0.241,6.2,10.0,2.4,179,27,6.7,12.9,2.3,175,28,6.2,10.0,2.4,179,27,67,28.29,,0,0,0,78.1,72.3,69.2,0.16,0.17,0.37
BING,2017-08-21 18:15:00 EDT,42.05843,-75.95104,1753,68.9,69.0,68.9,84.7,64.1,0.000,0.241,0.00,0.241,4.5,7.4,1.4,200,20,4.5,10.0,1.7,197,18,4.5,7.4,1.4,200,20,133,28.28,,0,0,0,78.1,72.3,69.2,0.16,0.17,0.38
BING,2017-08-21 18:20:00 EDT,42.05843,-75.95104,1753,69.3,69.4,69.3,84.5,64.4,0.000,0.241,0.00,0.241,4.2,8.5,1.4,221,20,3.8,8.4,1.4,221,22,4.2,8.5,1.4,221,20,174,28.28,,0,0,0,77.7,72.3,69.3,0.16,0.17,0.38
BING,2017-08-21 18:25:00 EDT,42.05843,-75.95104,1753,70.4,70.4,70.4,85.7,65.9,0.000,0.241,0.00,0.241,4.4,7.2,1.3,232,13,4.0,6.5,1.3,233,16,4.4,7.2,1.3,232,13,203,28.28,,0,0,0,77.4,72.4,69.3,0.16,0.17,0.38
BING,2017-08-21 18:30:00 EDT,42.05843,-75.95104,1753,70.8,70.7,70.8,86.2,66.5,0.000,0.241,0.00,0.241,3.0,5.6,1.0,238,13,2.4,6.1,1.2,237,17,3.0,5.6,1.0,238,13,211,28.28,,0,0,0,77.2,72.4,69.3,0.16,0.17,0.38
BING,2017-08-21 18:35:00 EDT,42.05843,-75.95104,1753,71.3,71.2,71.3,87.0,67.2,0.000,0.241,0.00,0.241,2.4,4.5,0.7,267,25,1.8,4.6,0.7,271,36,2.4,4.5,0.7,267,25,227,28.28,,0,0,0,77.1,72.4,69.2,0.15,0.17,0.38
BING,2017-08-21 18:40:00 EDT,42.05843,-75.95104,1753,70.5,71.2,70.5,88.5,67.0,0.000,0.241,0.00,0.241,3.1,4.9,0.7,305,20,2.5,5.3,0.9,329,22,3.1,4.9,0.7,305,20,213,28.29,,0,0,0,76.9,72.6,69.3,0.16,0.17,0.38
BING,2017-08-21 18:45:00 EDT,42.05843,-75.95104,1753,70.5,70.6,70.5,88.8,67.1,0.000,0.241,0.00,0.241,4.1,5.7,0.7,358,12,4.4,7.5,1.1,18,12,4.1,5.7,0.7,358,12,202,28.29,,0,0,0,76.8,72.6,69.3,0.16,0.17,0.38
BING,2017-08-21 18:50:00 EDT,42.05843,-75.95104,1753,70.6,70.6,70.6,88.1,66.9,0.000,0.241,0.00,0.241,3.6,4.7,0.5,1,14,3.7,6.3,0.9,23,15,3.6,4.7,0.5,1,14,190,28.29,,0,0,0,76.8,72.7,69.3,0.15,0.17,0.38
BING,2017-08-21 18:55:00 EDT,42.05843,-75.95104,1753,70.3,70.5,70.3,89.4,67.0,0.000,0.241,0.00,0.241,3.9,5.3,0.7,15,11,4.3,6.6,0.9,35,11,3.9,5.3,0.7,15,11,160,28.29,,0,0,0,76.7,72.7,69.3,0.16,0.17,0.38
BING,2017-08-21 19:00:00 EDT,42.05843,-75.95104,1753,70.2,70.3,70.2,87.9,66.5,0.000,0.241,0.00,0.093,2.8,4.7,0.7,356,18,3.0,5.3,0.9,21,17,2.8,4.7,0.7,356,18,124,28.29,,0,0,0,76.6,72.7,69.3,0.16,0.17,0.38
BING,2017-08-21 19:05:00 EDT,42.05843,-75.95104,1753,70.2,70.1,70.2,86.5,66.0,0.000,0.241,0.00,0.000,1.6,4.4,0.8,1,37,1.8,5.0,1.1,37,32,1.6,4.4,0.8,1,37,75,28.29,,0,0,0,76.5,72.7,69.3,0.15,0.17,0.38
BING,2017-08-21 19:10:00 EDT,42.05843,-75.95104,1753,70.0,69.9,70.0,89.5,66.8,0.000,0.241,0.00,0.000,1.9,3.6,1.1,124,49,3.0,5.1,0.9,116,39,1.9,3.6,1.1,124,49,52,28.28,,0,0,0,76.5,72.7,69.3,0.15,0.17,0.38
BING,2017-08-21 19:15:00 EDT,42.05843,-75.95104,1753,69.4,69.4,69.4,93.6,67.5,0.000,0.241,0.00,0.000,2.8,4.1,0.8,129,35,4.0,6.0,0.9,123,30,2.8,4.1,0.8,129,35,40,28.28,,0,0,0,76.5,72.7,69.3,0.15,0.17,0.37
BING,2017-08-21 19:20:00 EDT,42.05843,-75.95104,1753,69.0,69.0,69.0,94.1,67.2,0.000,0.241,0.00,0.000,1.7,4.1,1.0,143,24,2.7,5.0,1.0,133,18,1.7,4.1,1.0,143,24,32,28.28,,0,0,0,76.3,72.7,69.3,0.15,0.17,0.37
BING,2017-08-21 19:25:00 EDT,42.05843,-75.95104,1753,68.6,68.8,68.6,94.0,66.7,0.000,0.241,0.00,0.000,2.1,2.9,0.6,169,6,3.0,4.4,0.7,156,10,2.1,2.9,0.6,169,6,27,28.28,,0,0,0,76.2,72.7,69.3,0.15,0.17,0.37
BING,2017-08-21 19:30:00 EDT,42.05843,-75.95104,1753,68.6,69.1,68.6,94.1,66.9,0.000,0.241,0.00,0.000,1.4,2.1,0.3,174,11,2.1,4.2,0.4,152,12,1.4,2.1,0.3,174,11,22,28.28,,0,0,0,76.1,72.7,69.3,0.15,0.17,0.37
BING,2017-08-21 19:35:00 EDT,42.05843,-75.95104,1753,68.7,69.2,68.7,92.6,66.5,0.000,0.241,0.00,0.000,1.8,2.9,0.5,176,10,2.4,4.1,0.6,159,10,1.8,2.9,0.5,176,10,16,28.28,,0,0,0,75.9,72.7,69.3,0.15,0.17,0.37
BING,2017-08-21 19:40:00 EDT,42.05843,-75.95104,1753,69.1,69.4,69.1,90.3,66.1,0.000,0.241,0.00,0.000,2.4,3.6,0.5,183,13,3.1,5.5,0.8,170,13,2.4,3.6,0.5,183,13,13,28.28,,0,0,0,75.8,72.7,69.3,0.15,0.17,0.37
BING,2017-08-21 19:45:00 EDT,42.05843,-75.95104,1753,69.4,69.8,69.4,88.4,65.9,0.000,0.241,0.00,0.000,2.8,5.0,0.8,199,22,2.8,5.2,1.0,189,21,2.8,5.0,0.8,199,22,10,28.28,,0,0,0,75.7,72.7,69.3,0.15,0.17,0.37
BING,2017-08-21 19:50:00 EDT,42.05843,-75.95104,1753,70.1,70.7,70.1,87.3,66.1,0.000,0.241,0.00,0.000,4.6,6.6,0.8,204,8,4.7,7.1,0.9,200,8,4.6,6.6,0.8,204,8,6,28.28,,0,0,0,75.7,72.7,69.3,0.15,0.17,0.38
BING,2017-08-21 19:55:00 EDT,42.05843,-75.95104,1753,70.3,70.8,70.3,87.2,66.3,0.000,0.241,0.00,0.000,4.3,6.6,0.8,212,11,4.1,6.4,0.9,209,12,4.3,6.6,0.8,212,11,3,28.28,,0,0,0,75.6,72.7,69.3,0.15,0.17,0.37
BING,2017-08-21 20:00:00 EDT,42.05843,-75.95104,1753,70.6,71.0,70.6,87.4,66.7,0.000,0.241,0.00,0.000,4.4,6.1,0.8,213,13,4.3,6.8,1.0,208,12,4.4,6.1,0.8,213,13,2,28.28,,0,0,0,75.5,72.7,69.3,0.15,0.17,0.37
BING,2017-08-21 20:05:00 EDT,42.05843,-75.95104,1753,70.7,71.2,70.7,87.2,66.7,0.000,0.241,0.00,0.000,4.9,8.4,1.2,206,15,4.9,9.8,1.4,204,14,4.9,8.4,1.2,206,15,1,28.28,,0,0,0,75.4,72.7,69.3,0.15,0.17,0.37
BING,2017-08-21 20:10:00 EDT,42.05843,-75.95104,1753,70.8,71.1,70.8,86.2,66.4,0.000,0.241,0.00,0.000,4.5,8.0,1.4,206,15,4.8,8.5,1.5,204,18,4.5,8.0,1.4,206,15,0,28.28,,0,0,0,75.2,72.7,69.3,0.15,0.17,0.37
BING,2017-08-21 20:15:00 EDT,42.05843,-75.95104,1753,70.7,70.9,70.7,86.9,66.6,0.000,0.241,0.00,0.000,4.7,8.4,1.1,207,18,5.0,9.2,1.5,202,16,4.7,8.4,1.1,207,18,0,28.28,,0,0,0,75.0,72.7,69.3,0.15,0.17,0.37
BING,2017-08-21 20:20:00 EDT,42.05843,-75.95104,1753,70.9,71.1,70.9,85.4,66.3,0.000,0.241,0.00,0.000,5.5,11.4,1.7,197,17,6.1,12.8,2.1,194,15,5.5,11.4,1.7,197,17,0,28.28,,0,0,0,75.0,72.7,69.3,0.14,0.17,0.37
BING,2017-08-21 20:25:00 EDT,42.05843,-75.95104,1753,71.0,71.2,71.0,83.8,65.8,0.000,0.241,0.00,0.000,6.3,10.5,1.8,195,16,6.8,12.4,2.0,193,15,6.3,10.5,1.8,195,16,0,28.28,,0,0,0,74.9,72.7,69.3,0.15,0.17,0.37
BING,2017-08-21 20:30:00 EDT,42.05843,-75.95104,1753,70.8,70.9,70.8,82.4,65.2,0.000,0.241,0.00,0.000,5.7,10.2,2.0,205,16,5.9,11.6,2.1,202,15,5.7,10.2,2.0,205,16,0,28.28,,0,0,0,74.8,72.7,69.3,0.15,0.17,0.37
BING,2017-08-21 20:35:00 EDT,42.05843,-75.95104,1753,70.6,70.8,70.6,82.1,64.9,0.000,0.241,0.00,0.000,5.6,10.9,1.6,204,17,6.0,11.3,1.8,205,16,5.6,10.9,1.6,204,17,0,28.28,,0,0,0,74.7,72.7,69.3,0.15,0.17,0.37
BING,2017-08-21 20:40:00 EDT,42.05843,-75.95104,1753,70.4,70.6,70.4,82.3,64.8,0.000,0.241,0.00,0.000,5.9,10.9,1.9,201,17,6.3,12.3,2.3,200,16,5.9,10.9,1.9,201,17,0,28.28,,0,0,0,74.7,72.7,69.3,0.14,0.17,0.37
BING,2017-08-21 20:45:00 EDT,42.05843,-75.95104,1753,70.5,70.7,70.5,81.5,64.5,0.000,0.241,0.00,0.000,5.7,9.9,1.4,204,16,5.8,10.9,1.7,204,15,5.7,9.9,1.4,204,16,0,28.28,,0,0,0,74.7,72.7,69.3,0.15,0.17,0.37
BING,2017-08-21 20:50:00 EDT,42.05843,-75.95104,1753,70.4,70.6,70.4,81.3,64.4,0.000,0.241,0.00,0.000,5.3,8.3,1.4,210,18,5.3,10.1,1.6,209,16,5.3,8.3,1.4,210,18,0,28.28,,0,0,0,74.6,72.7,69.3,0.15,0.17,0.37
BING,2017-08-21 20:55:00 EDT,42.05843,-75.95104,1753,70.3,70.5,70.3,81.1,64.2,0.000,0.241,0.00,0.000,5.2,10.1,1.7,207,21,5.5,12.5,2.0,207,19,5.2,10.1,1.7,207,21,0,28.28,,0,0,0,74.5,72.7,69.3,0.15,0.17,0.37
BING,2017-08-21 21:00:00 EDT,42.05843,-75.95104,1753,70.3,70.6,70.3,80.9,64.2,0.000,0.241,0.00,0.000,5.9,9.7,1.4,210,18,5.8,10.7,1.7,209,15,5.9,9.7,1.4,210,18,0,28.28,,0,0,0,74.4,72.7,69.3,0.15,0.17,0.37
BING,2017-08-21 21:05:00 EDT,42.05843,-75.95104,1753,70.4,70.7,70.4,80.3,64.1,0.000,0.241,0.00,0.000,5.8,8.9,1.5,209,15,5.9,9.8,1.8,208,15,5.8,8.9,1.5,209,15,0,28.28,,0,0,0,74.4,72.7,69.3,0.14,0.17,0.37
BING,2017-08-21 21:10:00 EDT,42.05843,-75.95104,1753,70.5,70.7,70.5,79.9,64.0,0.000,0.241,0.00,0.000,5.6,9.7,1.8,211,16,5.6,10.0,1.9,209,16,5.6,9.7,1.8,211,16,0,28.28,,0,0,0,74.3,72.7,69.3,0.14,0.17,0.37
BING,2017-08-21 21:15:00 EDT,42.05843,-75.95104,1753,70.4,70.6,70.4,80.1,64.0,0.000,0.241,0.00,0.000,5.4,9.1,1.3,210,18,5.6,9.2,1.3,210,17,5.4,9.1,1.3,210,18,0,28.28,,0,0,0,74.1,72.6,69.3,0.14,0.17,0.37
BING,2017-08-21 21:20:00 EDT,42.05843,-75.95104,1753,70.4,70.6,70.4,80.6,64.2,0.000,0.241,0.00,0.000,6.3,12.9,1.9,212,17,6.3,12.9,2.2,212,17,6.3,12.9,1.9,212,17,0,28.28,,0,0,0,74.1,72.7,69.3,0.15,0.17,0.37
BING,2017-08-21 21:25:00 EDT,42.05843,-75.95104,1753,70.1,70.3,70.1,82.5,64.5,0.000,0.241,0.00,0.000,5.7,9.4,1.4,220,18,5.8,8.5,1.3,221,17,5.7,9.4,1.4,220,18,0,28.28,,0,0,0,74.1,72.7,69.3,0.15,0.17,0.37
BING,2017-08-21 21:30:00 EDT,42.05843,-75.95104,1753,70.2,70.3,70.2,83.3,64.8,0.000,0.241,0.00,0.000,5.8,11.5,1.8,223,17,6.0,11.9,1.8,222,18,5.8,11.5,1.8,223,17,0,28.28,,0,0,0,74.0,72.7,69.3,0.15,0.17,0.37
BING,2017-08-21 21:35:00 EDT,42.05843,-75.95104,1753,70.2,70.3,70.2,83.5,64.9,0.000,0.241,0.00,0.000,6.7,12.7,1.8,221,15,6.6,12.2,1.8,221,15,6.7,12.7,1.8,221,15,0,28.28,,0,0,0,73.9,72.6,69.3,0.14,0.17,0.37
BING,2017-08-21 21:40:00 EDT,42.05843,-75.95104,1753,70.4,70.5,70.4,83.0,65.0,0.000,0.241,0.00,0.000,6.0,11.6,1.6,219,19,6.1,11.7,1.9,219,19,6.0,11.6,1.6,219,19,0,28.28,,0,0,0,73.9,72.6,69.3,0.14,0.17,0.37
BING,2017-08-21 21:45:00 EDT,42.05843,-75.95104,1753,70.3,70.5,70.3,83.0,64.9,0.000,0.241,0.00,0.000,6.6,11.6,1.7,220,15,6.5,11.3,1.6,221,16,6.6,11.6,1.7,220,15,0,28.28,,0,0,0,73.9,72.6,69.3,0.14,0.17,0.37
BING,2017-08-21 21:50:00 EDT,42.05843,-75.95104,1753,70.1,70.3,70.1,83.5,64.9,0.000,0.241,0.00,0.000,6.5,11.0,1.8,212,18,6.6,11.2,1.8,212,20,6.5,11.0,1.8,212,18,0,28.29,,0,0,0,73.7,72.6,69.3,0.14,0.17,0.37
BING,2017-08-21 21:55:00 EDT,42.05843,-75.95104,1753,70.0,70.1,70.0,84.2,65.0,0.000,0.241,0.00,0.000,6.3,11.5,1.7,216,17,6.5,10.3,1.7,216,15,6.3,11.5,1.7,216,17,0,28.28,,0,0,0,73.6,72.5,69.3,0.14,0.17,0.37
BING,2017-08-21 22:00:00 EDT,42.05843,-75.95104,1753,69.9,70.0,69.9,84.4,65.0,0.000,0.241,0.00,0.000,6.5,10.7,1.7,213,20,6.6,11.7,2.1,213,20,6.5,10.7,1.7,213,20,0,28.28,,0,0,0,73.5,72.5,69.3,0.14,0.17,0.37
BING,2017-08-21 22:05:00 EDT,42.05843,-75.95104,1753,69.9,70.0,69.9,84.4,65.0,0.000,0.241,0.00,0.000,5.7,10.7,2.0,222,20,5.7,10.8,1.9,221,20,5.7,10.7,2.0,222,20,0,28.28,,0,0,0,73.4,72.6,69.3,0.15,0.17,0.37
BING,2017-08-21 22:10:00 EDT,42.05843,-75.95104,1753,70.0,70.1,70.0,84.8,65.2,0.000,0.241,0.00,0.000,5.2,7.6,1.1,224,19,5.1,8.3,1.2,223,22,5.2,7.6,1.1,224,19,0,28.28,,0,0,0,73.3,72.5,69.3,0.14,0.17,0.37
BING,2017-08-21 22:15:00 EDT,42.05843,-75.95104,1753,70.2,70.3,70.2,84.4,65.2,0.000,0.241,0.00,0.000,6.4,11.0,2.0,218,14,6.0,10.4,2.0,220,16,6.4,11.0,2.0,218,14,0,28.28,,0,0,0,73.3,72.5,69.3,0.14,0.17,0.37
BING,2017-08-21 22:20:00 EDT,42.05843,-75.95104,1753,70.3,70.4,70.3,84.0,65.2,0.000,0.241,0.00,0.000,6.2,11.9,1.7,222,15,6.2,10.5,1.8,222,16,6.2,11.9,1.7,222,15,0,28.28,,0,0,0,73.2,72.5,69.3,0.14,0.17,0.37
BING,2017-08-21 22:25:00 EDT,42.05843,-75.95104,1753,70.2,70.4,70.2,83.7,65.0,0.000,0.241,0.00,0.000,5.9,11.3,1.6,218,19,6.1,10.6,1.6,218,18,5.9,11.3,1.6,218,19,0,28.28,,0,0,0,73.2,72.5,69.3,0.14,0.17,0.37
BING,2017-08-21 22:30:00 EDT,42.05843,-75.95104,1753,70.2,70.4,70.2,83.6,65.0,0.000,0.241,0.00,0.000,6.0,10.5,2.1,221,18,5.9,10.2,1.9,222,20,6.0,10.5,2.1,221,18,0,28.28,,0,0,0,73.1,72.4,69.3,0.14,0.17,0.37
BING,2017-08-21 22:35:00 EDT,42.05843,-75.95104,1753,70.3,70.4,70.3,83.1,64.9,0.000,0.241,0.00,0.000,7.2,14.9,2.4,215,20,7.2,13.7,2.3,216,20,7.2,14.9,2.4,215,20,0,28.28,,0,0,0,73.0,72.4,69.3,0.14,0.17,0.37
BING,2017-08-21 22:40:00 EDT,42.05843,-75.95104,1753,70.1,70.2,70.1,83.5,64.8,0.000,0.241,0.00,0.000,6.0,10.2,1.8,212,18,6.4,10.5,1.8,212,16,6.0,10.2,1.8,212,18,0,28.28,,0,0,0,73.1,72.4,69.3,0.14,0.17,0.37
BING,2017-08-21 22:45:00 EDT,42.05843,-75.95104,1753,70.3,70.4,70.3,83.3,65.0,0.000,0.241,0.00,0.000,5.5,9.0,1.4,209,19,5.5,10.2,1.5,209,16,5.5,9.0,1.4,209,19,0,28.28,,0,0,0,73.0,72.4,69.3,0.14,0.17,0.37
BING,2017-08-21 22:50:00 EDT,42.05843,-75.95104,1753,70.4,70.5,70.4,83.0,65.0,0.000,0.241,0.00,0.000,5.5,12.9,1.6,216,16,5.5,12.9,1.6,215,15,5.5,12.9,1.6,216,16,0,28.28,,0,0,0,73.0,72.4,69.3,0.14,0.17,0.37
BING,2017-08-21 22:55:00 EDT,42.05843,-75.95104,1753,70.3,70.4,70.3,82.9,64.8,0.000,0.241,0.00,0.000,4.6,9.1,1.4,212,18,4.7,8.2,1.4,210,16,4.6,9.1,1.4,212,18,0,28.28,,0,0,0,72.9,72.4,69.3,0.14,0.17,0.37
BING,2017-08-21 23:00:00 EDT,42.05843,-75.95104,1753,70.3,70.3,70.3,82.5,64.7,0.000,0.241,0.00,0.000,4.4,7.7,1.4,210,18,4.5,8.7,1.7,206,20,4.4,7.7,1.4,210,18,0,28.28,,0,0,0,72.8,72.3,69.3,0.14,0.17,0.37
BING,2017-08-21 23:05:00 EDT,42.05843,-75.95104,1753,70.1,70.2,70.1,82.0,64.3,0.000,0.241,0.00,0.000,4.8,8.5,1.6,199,19,5.0,8.7,1.9,198,18,4.8,8.5,1.6,199,19,0,28.28,,0,0,0,72.9,72.3,69.3,0.14,0.17,0.37
BING,2017-08-21 23:10:00 EDT,42.05843,-75.95104,1753,69.9,70.0,69.9,82.5,64.3,0.000,0.241,0.00,0.000,5.9,9.9,1.3,203,18,6.1,11.0,1.7,201,19,5.9,9.9,1.3,203,18,0,28.28,,0,0,0,72.8,72.3,69.3,0.14,0.17,0.37
BING,2017-08-21 23:15:00 EDT,42.05843,-75.95104,1753,69.8,69.9,69.8,82.9,64.4,0.000,0.241,0.00,0.000,5.3,9.9,1.8,211,18,5.4,9.4,1.9,211,18,5.3,9.9,1.8,211,18,0,28.28,,0,0,0,72.7,72.3,69.3,0.14,0.17,0.37
BING,2017-08-21 23:20:00 EDT,42.05843,-75.95104,1753,69.7,69.8,69.7,83.5,64.5,0.000,0.241,0.00,0.000,4.9,8.2,1.1,212,18,4.8,8.1,1.2,211,20,4.9,8.2,1.1,212,18,0,28.28,,0,0,0,72.7,72.3,69.3,0.14,0.17,0.37
BING,2017-08-21 23:25:00 EDT,42.05843,-75.95104,1753,69.6,69.7,69.6,84.0,64.5,0.000,0.241,0.00,0.000,5.0,9.5,1.6,202,20,5.2,9.2,1.6,200,20,5.0,9.5,1.6,202,20,0,28.28,,0,0,0,72.6,72.3,69.3,0.14,0.17,0.37
BING,2017-08-21 23:30:00 EDT,42.05843,-75.95104,1753,69.7,69.7,69.7,84.1,64.6,0.000,0.241,0.00,0.000,5.0,9.1,1.4,200,20,5.0,9.9,1.7,196,19,5.0,9.1,1.4,200,20,0,28.28,,0,0,0,72.6,72.3,69.4,0.14,0.17,0.37
BING,2017-08-21 23:35:00 EDT,42.05843,-75.95104,1753,69.5,69.5,69.5,84.7,64.7,0.000,0.241,0.00,0.000,4.7,9.6,2.1,202,17,4.8,12.2,2.3,197,18,4.7,9.6,2.1,202,17,0,28.27,,0,0,0,72.5,72.3,69.3,0.14,0.17,0.37
BING,2017-08-21 23:40:00 EDT,42.05843,-75.95104,1753,69.4,69.4,69.4,85.1,64.7,0.000,0.241,0.00,0.000,5.6,9.5,1.5,192,18,6.0,11.2,2.0,190,16,5.6,9.5,1.5,192,18,0,28.27,,0,0,0,72.5,72.3,69.4,0.14,0.17,0.37
BING,2017-08-21 23:45:00 EDT,42.05843,-75.95104,1753,69.2,69.2,69.2,85.7,64.7,0.000,0.241,0.00,0.000,5.4,9.6,1.4,193,18,5.6,9.9,1.7,193,16,5.4,9.6,1.4,193,18,0,28.27,,0,0,0,72.4,72.3,69.4,0.14,0.17,0.37
BING,2017-08-21 23:50:00 EDT,42.05843,-75.95104,1753,69.0,69.1,69.0,86.1,64.7,0.000,0.241,0.00,0.000,4.3,11.5,2.3,212,22,4.3,10.9,2.2,210,19,4.3,11.5,2.3,212,22,0,28.27,,0,0,0,72.4,72.3,69.3,0.14,0.17,0.37
BING,2017-08-21 23:55:00 EDT,42.05843,-75.95104,1753,69.1,69.3,69.1,86.4,64.8,0.000,0.241,0.00,0.000,5.2,9.9,1.6,221,19,5.1,9.6,1.7,220,18,5.2,9.9,1.6,221,19,0,28.27,,0,0,0,72.4,72.3,69.4,0.14,0.17,0.37
BKLN,2017-08-21 00:00:00 EDT,40.63176,-73.95367,109,77.0,77.2,77.0,54.4,59.3,0.000,0.000,0.00,0.000,5.0,7.7,1.1,240,8,5.2,7.8,1.1,231,7,5.0,7.7,1.1,240,8,0,30.05,12.4,,,,,,,,,
BKLN,2017-08-21 00:05:00 EDT,40.63176,-73.95367,109,76.7,76.9,76.7,55.0,59.3,0.000,0.000,0.00,0.000,4.8,6.4,1.1,240,10,5.0,6.9,1.1,232,10,4.8,6.4,1.1,240,10,0,30.05,12.4,,,,,,,,,
BKLN,2017-08-21 00:10:00 EDT,40.63176,-73.95367,109,76.6,76.9,76.6,55.2,59.4,0.000,0.000,0.00,0.000,4.6,6.3,0.8,245,9,4.8,6.8,0.9,237,9,4.6,6.3,0.8,245,9,0,30.05,12.4,,,,,,,,,
BKLN,2017-08-21 00:15:00 EDT,40.63176,-73.95367,109,76.6,76.8,76.6,55.2,59.3,0.000,0.000,0.00,0.000,4.0,5.6,0.7,243,10,4.0,6.1,0.8,235,9,4.0,5.6,0.7,243,10,0,30.05,12.4,,,,,,,,,
BKLN,2017-08-21 00:20:00 EDT,40.63176,-73.95367,109,76.5,76.7,76.5,55.3,59.3,0.000,0.000,0.00,0.000,3.9,6.1,0.7,241,10,4.1,6.7,0.9,234,11,3.9,6.1,0.7,241,10,0,30.05,12.5,,,,,,,,,
BKLN,2017-08-21 00:25:00 EDT,40.63176,-73.95367,109,76.5,76.8,76.5,55.3,59.3,0.000,0.000,0.00,0.000,4.2,5.5,0.6,252,10,4.4,6.5,0.8,245,11,4.2,5.5,0.6,252,10,0,30.05,12.5,,,,,,,,,
BKLN,2017-08-21 00:30:00 EDT,40.63176,-73.95367,109,76.6,76.8,76.6,55.3,59.4,0.000,0.000,0.00,0.000,3.6,5.7,0.7,258,10,3.8,6.3,0.9,251,11,3.6,5.7,0.7,258,10,0,30.05,12.4,,,,,,,,,
BKLN,2017-08-21 00:35:00 EDT,40.63176,-73.95367,109,76.6,76.8,76.6,55.2,59.4,0.000,0.000,0.00,0.000,4.2,5.9,0.9,273,12,4.6,7.0,1.1,266,10,4.2,5.9,0.9,273,12,0,30.05,12.4,,,,,,,,,
BKLN,2017-08-21 00:40:00 EDT,40.63176,-73.95367,109,76.5,76.8,76.5,55.5,59.4,0.000,0.000,0.00,0.000,4.5,7.2,1.2,260,9,4.9,7.9,1.3,254,8,4.5,7.2,1.2,260,9,0,30.05,12.4,,,,,,,,,
BKLN,2017-08-21 00:45:00 EDT,40.63176,-73.95367,109,76.6,76.8,76.6,55.6,59.5,0.000,0.000,0.00,0.000,3.2,4.7,0.7,255,10,3.5,5.5,0.8,248,11,3.2,4.7,0.7,255,10,0,30.05,12.4,,,,,,,,,
BKLN,2017-08-21 00:50:00 EDT,40.63176,-73.95367,109,76.4,76.7,76.4,55.9,59.5,0.000,0.000,0.00,0.000,3.0,4.2,0.4,241,9,3.0,4.4,0.5,233,9,3.0,4.2,0.4,241,9,0,30.05,12.5,,,,,,,,,
BKLN,2017-08-21 00:55:00 EDT,40.63176,-73.95367,109,76.3,76.6,76.3,56.2,59.6,0.000,0.000,0.00,0.000,3.4,4.8,0.6,227,12,3.5,5.2,0.7,219,10,3.4,4.8,0.6,227,12,0,30.05,12.4,,,,,,,,,
BKLN,2017-08-21 01:00:00 EDT,40.63176,-73.95367,109,76.3,76.5,76.3,56.6,59.7,0.000,0.000,0.00,0.000,4.1,5.6,0.9,235,9,4.2,6.1,0.9,226,8,4.1,5.6,0.9,235,9,0,30.05,12.4,,,,,,,,,
BKLN,2017-08-21 01:05:00 EDT,40.63176,-73.95367,109,76.4,76.6,76.4,56.6,59.8,0.000,0.000,0.00,0.000,4.2,6.0,0.8,245,8,4.4,6.0,0.8,238,8,4.2,6.0,0.8,245,8,0,30.05,12.3,,,,,,,,,
BKLN,2017-08-21 01:10:00 EDT,40.63176,-73.95367,109,76.3,76.5,76.3,56.8,59.8,0.000,0.000,0.00,0.000,3.7,4.7,0.5,255,11,4.0,5.4,0.7,248,11,3.7,4.7,0.5,255,11,0,30.05,12.4,,,,,,,,,
BKLN,2017-08-21 01:15:00 EDT,40.63176,-73.95367,109,76.3,76.5,76.3,57.2,60.0,0.000,0.000,0.00,0.000,4.3,6.1,0.8,267,9,4.7,6.9,1.0,261,8,4.3,6.1,0.8,267,9,0,30.05,12.4,,,,,,,,,
BKLN,2017-08-21 01:20:00 EDT,40.63176,-73.95367,109,76.2,76.5,76.2,57.5,60.1,0.000,0.000,0.00,0.000,3.7,4.5,0.3,268,8,4.0,4.9,0.5,262,8,3.7,4.5,0.3,268,8,0,30.05,12.4,,,,,,,,,
BKLN,2017-08-21 01:25:00 EDT,40.63176,-73.95367,109,76.3,76.6,76.3,57.6,60.3,0.000,0.000,0.00,0.000,3.7,4.6,0.4,282,8,4.2,5.2,0.5,276,7,3.7,4.6,0.4,282,8,0,30.05,12.4,,,,,,,,,
BKLN,2017-08-21 01:30:00 EDT,40.63176,-73.95367,109,76.4,76.6,76.4,57.5,60.3,0.000,0.000,0.00,0.000,3.7,4.9,0.6,284,11,4.2,5.9,0.7,278,9,3.7,4.9,0.6,284,11,0,30.05,12.4,,,,,,,,,
BKLN,2017-08-21 01:35:00 EDT,40.63176,-73.95367,109,76.2,76.4,76.2,58.2,60.5,0.000,0.000,0.00,0.000,3.3,5.2,0.8,285,12,3.8,5.8,0.9,281,11,3.3,5.2,0.8,285,12,0,30.05,12.4,,,,,,,,,
BKLN,2017-08-21 01:40:00 EDT,40.63176,-73.95367,109,76.0,76.0,76.0,59.2,60.7,0.000,0.000,0.00,0.000,3.7,5.8,0.9,287,13,4.1,6.5,1.0,282,12,3.7,5.8,0.9,287,13,0,30.05,12.4,,,,,,,,,
BKLN,2017-08-21 01:45:00 EDT,40.63176,-73.95367,109,75.9,76.0,75.9,59.9,61.0,0.000,0.000,0.00,0.000,4.7,5.8,0.7,280,8,5.2,6.8,0.8,275,7,4.7,5.8,0.7,280,8,0,30.05,12.4,,,,,,,,,
BKLN,2017-08-21 01:50:00 EDT,40.63176,-73.95367,109,75.5,75.8,75.5,60.9,61.0,0.000,0.000,0.00,0.000,5.1,6.3,0.5,269,7,5.5,6.9,0.6,263,6,5.1,6.3,0.5,269,7,0,30.06,12.4,,,,,,,,,
BKLN,2017-08-21 01:55:00 EDT,40.63176,-73.95367,109,75.5,75.8,75.5,61.1,61.2,0.000,0.000,0.00,0.000,3.9,5.2,0.5,270,10,4.2,5.7,0.6,264,10,3.9,5.2,0.5,270,10,0,30.06,12.4,,,,,,,,,
BKLN,2017-08-21 02:00:00 EDT,40.63176,-73.95367,109,75.5,75.7,75.5,61.9,61.5,0.000,0.000,0.00,0.000,3.2,4.4,0.5,269,11,3.4,4.6,0.6,264,11,3.2,4.4,0.5,269,11,0,30.06,12.4,,,,,,,,,
BKLN,2017-08-21 02:05:00 EDT,40.63176,-73.95367,109,75.5,75.8,75.5,61.9,61.5,0.000,0.000,0.00,0.000,3.4,4.2,0.5,256,11,3.6,5.0,0.7,250,12,3.4,4.2,0.5,256,11,0,30.06,12.4,,,,,,,,,
BKLN,2017-08-21 02:10:00 EDT,40.63176,-73.95367,109,75.5,75.7,75.5,61.9,61.5,0.000,0.000,0.00,0.000,3.3,6.2,1.0,254,19,3.7,6.5,1.2,249,20,3.3,6.2,1.0,254,19,0,30.06,12.5,,,,,,,,,
BKLN,2017-08-21 02:15:00 EDT,40.63176,-73.95367,109,75.5,75.7,75.5,61.9,61.6,0.000,0.000,0.00,0.000,4.0,5.7,1.0,247,11,4.3,6.3,1.1,240,11,4.0,5.7,1.0,247,11,0,30.05,12.4,,,,,,,,,
BKLN,2017-08-21 02:20:00 EDT,40.63176,-73.95367,109,75.5,75.8,75.5,61.7,61.5,0.000,0.000,0.00,0.000,2.8,4.3,0.7,242,12,2.9,4.9,0.7,233,11,2.8,4.3,0.7,242,12,0,30.05,12.4,,,,,,,,,
BKLN,2017-08-21 02:25:00 EDT,40.63176,-73.95367,109,75.3,75.6,75.3,62.0,61.4,0.000,0.000,0.00,0.000,3.3,5.9,1.0,242,16,3.6,6.6,1.1,234,17,3.3,5.9,1.0,242,16,0,30.05,12.4,,,,,,,,,
BKLN,2017-08-21 02:30:00 EDT,40.63176,-73.95367,109,75.5,75.7,75.5,62.0,61.6,0.000,0.000,0.00,0.000,4.4,6.9,1.1,234,14,4.6,7.3,1.3,226,14,4.4,6.9,1.1,234,14,0,30.05,12.4,,,,,,,,,
BKLN,2017-08-21 02:35:00 EDT,40.63176,-73.95367,109,75.3,75.5,75.3,63.1,61.9,0.000,0.000,0.00,0.000,3.1,5.0,0.9,217,14,3.3,5.3,0.8,209,12,3.1,5.0,0.9,217,14,0,30.05,12.4,,,,,,,,,
BKLN,2017-08-21 02:40:00 EDT,40.63176,-73.95367,109,75.0,75.3,75.0,63.8,61.9,0.000,0.000,0.00,0.000,4.9,6.4,0.8,225,7,5.0,6.5,0.9,218,5,4.9,6.4,0.8,225,7,0,30.05,12.4,,,,,,,,,
BKLN,2017-08-21 02:45:00 EDT,40.63176,-73.95367,109,74.9,75.2,74.9,63.8,61.9,0.000,0.000,0.00,0.000,4.6,5.7,0.6,239,9,4.7,6.3,0.7,232,10,4.6,5.7,0.6,239,9,0,30.05,12.5,,,,,,,,,
BKLN,2017-08-21 02:50:00 EDT,40.63176,-73.95367,109,75.0,75.3,75.0,63.8,62.0,0.000,0.000,0.00,0.000,5.9,8.9,0.8,257,8,6.3,10.4,0.9,250,8,5.9,8.9,0.8,257,8,0,30.05,12.5,,,,,,,,,
BKLN,2017-08-21 02:55:00 EDT,40.63176,-73.95367,109,75.0,75.3,75.0,63.7,61.9,0.000,0.000,0.00,0.000,6.0,7.9,0.8,262,10,6.4,9.2,0.9,257,9,6.0,7.9,0.8,262,10,0,30.05,12.4,,,,,,,,,
BKLN,2017-08-21 03:00:00 EDT,40.63176,-73.95367,109,75.0,75.2,75.0,63.9,61.9,0.000,0.000,0.00,0.000,4.8,6.4,0.8,263,9,5.3,7.1,0.9,257,8,4.8,6.4,0.8,263,9,0,30.05,12.4,,,,,,,,,
BKLN,2017-08-21 03:05:00 EDT,40.63176,-73.95367,109,74.7,75.0,74.7,64.5,62.0,0.000,0.000,0.00,0.000,3.8,5.5,0.8,263,12,4.0,6.0,1.0,257,12,3.8,5.5,0.8,263,12,0,30.05,12.4,,,,,,,,,
BKLN,2017-08-21 03:10:00 EDT,40.63176,-73.95367,109,74.5,74.8,74.5,65.2,62.1,0.000,0.000,0.00,0.000,3.6,4.8,0.6,245,10,3.8,5.2,0.7,237,10,3.6,4.8,0.6,245,10,0,30.05,12.5,,,,,,,,,
BKLN,2017-08-21 03:15:00 EDT,40.63176,-73.95367,109,74.4,74.6,74.4,65.8,62.2,0.000,0.000,0.00,0.000,4.5,6.0,0.6,228,10,4.6,6.2,0.7,220,8,4.5,6.0,0.6,228,10,0,30.05,12.5,,,,,,,,,
BKLN,2017-08-21 03:20:00 EDT,40.63176,-73.95367,109,74.3,74.6,74.3,66.5,62.4,0.000,0.000,0.00,0.000,5.6,6.6,0.7,231,9,5.7,7.3,0.8,222,7,5.6,6.6,0.7,231,9,0,30.05,12.4,,,,,,,,,
BKLN,2017-08-21 03:25:00 EDT,40.63176,-73.95367,109,74.2,74.5,74.2,66.9,62.5,0.000,0.000,0.00,0.000,4.8,6.4,0.9,248,12,5.2,6.6,0.8,241,12,4.8,6.4,0.9,248,12,0,30.05,12.5,,,,,,,,,
BKLN,2017-08-21 03:30:00 EDT,40.63176,-73.95367,109,74.3,74.5,74.3,66.4,62.4,0.000,0.000,0.00,0.000,6.1,8.5,1.0,262,8,6.6,9.1,1.1,256,8,6.1,8.5,1.0,262,8,0,30.05,12.4,,,,,,,,,
BKLN,2017-08-21 03:35:00 EDT,40.63176,-73.95367,109,74.1,74.3,74.1,66.9,62.4,0.000,0.000,0.00,0.000,5.9,7.0,0.5,275,6,6.2,7.5,0.6,268,7,5.9,7.0,0.5,275,6,0,30.05,12.4,,,,,,,,,
BKLN,2017-08-21 03:40:00 EDT,40.63176,-73.95367,109,74.1,74.4,74.1,67.2,62.5,0.000,0.000,0.00,0.000,5.2,6.4,0.6,278,6,5.6,7.2,0.7,272,6,5.2,6.4,0.6,278,6,0,30.05,12.4,,,,,,,,,
BKLN,2017-08-21 03:45:00 EDT,40.63176,-73.95367,109,74.1,74.4,74.1,67.1,62.5,0.000,0.000,0.00,0.000,4.4,5.5,0.5,269,5,4.8,6.0,0.6,263,5,4.4,5.5,0.5,269,5,0,30.05,12.4,,,,,,,,,
BKLN,2017-08-21 03:50:00 EDT,40.63176,-73.95367,109,74.1,74.3,74.1,67.4,62.6,0.000,0.000,0.00,0.000,3.9,4.7,0.5,271,7,4.2,5.3,0.5,265,7,3.9,4.7,0.5,271,7,0,30.05,12.5,,,,,,,,,
BKLN,2017-08-21 03:55:00 EDT,40.63176,-73.95367,109,74.1,74.4,74.1,67.4,62.6,0.000,0.000,0.00,0.000,4.1,5.2,0.5,269,6,4.4,5.7,0.5,263,6,4.1,5.2,0.5,269,6,0,30.05,12.5,,,,,,,,,
BKLN,2017-08-21 04:00:00 EDT,40.63176,-73.95367,109,73.9,74.2,73.9,67.9,62.7,0.000,0.000,0.00,0.000,3.3,4.5,0.5,249,12,3.5,4.8,0.6,241,12,3.3,4.5,0.5,249,12,0,30.05,12.5,,,,,,,,,
BKLN,2017-08-21 04:05:00 EDT,40.63176,-73.95367,109,73.9,74.1,73.9,68.0,62.6,0.000,0.000,0.00,0.000,4.4,5.8,0.6,225,10,4.5,6.2,0.7,219,9,4.4,5.8,0.6,225,10,0,30.05,12.4,,,,,,,,,
BKLN,2017-08-21 04:10:00 EDT,40.63176,-73.95367,109,73.6,73.8,73.6,69.6,63.1,0.000,0.000,0.00,0.000,3.7,5.4,0.6,231,13,3.9,5.6,0.7,222,11,3.7,5.4,0.6,231,13,0,30.05,12.5,,,,,,,,,
BKLN,2017-08-21 04:15:00 EDT,40.63176,-73.95367,109,73.4,73.7,73.4,70.3,63.2,0.000,0.000,0.00,0.000,3.5,5.0,0.6,257,12,3.8,5.1,0.7,250,14,3.5,5.0,0.6,257,12,0,30.06,12.4,,,,,,,,,
BKLN,2017-08-21 04:20:00 EDT,40.63176,-73.95367,109,73.4,73.6,73.4,70.6,63.3,0.000,0.000,0.00,0.000,3.0,4.7,0.7,244,10,3.2,5.0,0.8,236,11,3.0,4.7,0.7,244,10,0,30.06,12.4,,,,,,,,,
BKLN,2017-08-21 04:25:00 EDT,40.63176,-73.95367,109,73.2,73.5,73.2,71.2,63.4,0.000,0.000,0.00,0.000,4.3,5.6,0.7,231,11,4.4,5.8,0.8,223,10,4.3,5.6,0.7,231,11,0,30.06,12.5,,,,,,,,,
BKLN,2017-08-21 04:30:00 EDT,40.63176,-73.95367,109,73.0,73.2,73.0,73.4,64.0,0.000,0.000,0.00,0.000,6.0,7.7,1.0,225,7,6.1,8.1,0.9,217,6,6.0,7.7,1.0,225,7,0,30.06,12.5,,,,,,,,,
BKLN,2017-08-21 04:35:00 EDT,40.63176,-73.95367,109,72.9,73.1,72.9,74.4,64.3,0.000,0.000,0.00,0.000,5.6,8.8,1.1,228,9,5.7,9.0,1.2,220,8,5.6,8.8,1.1,228,9,0,30.06,12.5,,,,,,,,,
BKLN,2017-08-21 04:40:00 EDT,40.63176,-73.95367,109,72.7,73.0,72.7,74.2,64.1,0.000,0.000,0.00,0.000,4.2,5.7,0.7,249,11,4.5,6.4,0.8,242,11,4.2,5.7,0.7,249,11,0,30.06,12.5,,,,,,,,,
BKLN,2017-08-21 04:45:00 EDT,40.63176,-73.95367,109,72.6,72.8,72.6,74.7,64.1,0.000,0.000,0.00,0.000,3.7,5.3,0.8,231,10,3.7,5.9,0.9,222,9,3.7,5.3,0.8,231,10,0,30.06,12.5,,,,,,,,,
BKLN,2017-08-21 04:50:00 EDT,40.63176,-73.95367,109,72.6,72.7,72.6,74.9,64.1,0.000,0.000,0.00,0.000,5.8,7.2,0.7,228,8,5.9,7.4,0.7,220,7,5.8,7.2,0.7,228,8,0,30.06,12.5,,,,,,,,,
BKLN,2017-08-21 04:55:00 EDT,40.63176,-73.95367,109,72.5,72.7,72.5,74.9,64.1,0.000,0.000,0.00,0.000,5.0,7.1,1.0,240,10,5.2,7.4,1.0,232,9,5.0,7.1,1.0,240,10,0,30.06,12.5,,,,,,,,,
BKLN,2017-08-21 05:00:00 EDT,40.63176,-73.95367,109,72.4,72.5,72.4,75.2,64.1,0.000,0.000,0.00,0.000,5.1,6.3,0.5,236,6,5.2,6.6,0.6,227,5,5.1,6.3,0.5,236,6,0,30.06,12.5,,,,,,,,,
BKLN,2017-08-21 05:05:00 EDT,40.63176,-73.95367,109,72.4,72.6,72.4,75.2,64.1,0.000,0.000,0.00,0.000,4.7,6.3,0.7,242,8,4.9,6.3,0.7,234,8,4.7,6.3,0.7,242,8,0,30.06,12.4,,,,,,,,,
BKLN,2017-08-21 05:10:00 EDT,40.63176,-73.95367,109,72.4,72.6,72.4,74.9,64.0,0.000,0.000,0.00,0.000,3.5,4.9,0.5,251,11,3.8,5.6,0.7,243,12,3.5,4.9,0.5,251,11,0,30.06,12.5,,,,,,,,,
BKLN,2017-08-21 05:15:00 EDT,40.63176,-73.95367,109,72.3,72.5,72.3,75.0,63.9,0.000,0.000,0.00,0.000,3.8,5.6,0.8,228,9,3.8,6.4,0.9,220,8,3.8,5.6,0.8,228,9,0,30.06,12.4,,,,,,,,,
BKLN,2017-08-21 05:20:00 EDT,40.63176,-73.95367,109,72.4,72.6,72.4,74.9,64.0,0.000,0.000,0.00,0.000,4.9,7.2,1.1,229,10,5.1,7.8,1.2,221,9,4.9,7.2,1.1,229,10,0,30.06,12.5,,,,,,,,,
BKLN,2017-08-21 05:25:00 EDT,40.63176,-73.95367,109,72.2,72.4,72.2,75.3,63.9,0.000,0.000,0.00,0.000,4.3,6.1,0.8,229,13,4.5,6.2,0.9,221,13,4.3,6.1,0.8,229,13,0,30.07,12.5,,,,,,,,,
BKLN,2017-08-21 05:30:00 EDT,40.63176,-73.95367,109,72.3,72.5,72.3,75.7,64.2,0.000,0.000,0.00,0.000,5.2,7.2,1.4,223,12,5.3,8.2,1.3,216,11,5.2,7.2,1.4,223,12,0,30.07,12.5,,,,,,,,,
BKLN,2017-08-21 05:35:00 EDT,40.63176,-73.95367,109,72.1,72.3,72.1,76.0,64.1,0.000,0.000,0.00,0.000,4.5,6.9,1.0,227,8,4.5,7.2,1.0,220,6,4.5,6.9,1.0,227,8,0,30.07,12.5,,,,,,,,,
BKLN,2017-08-21 05:40:00 EDT,40.63176,-73.95367,109,71.9,72.1,71.9,76.7,64.2,0.000,0.000,0.00,0.000,4.2,5.6,0.9,232,7,4.2,5.9,1.0,224,6,4.2,5.6,0.9,232,7,0,30.07,12.5,,,,,,,,,
BKLN,2017-08-21 05:45:00 EDT,40.63176,-73.95367,109,71.7,71.9,71.7,77.4,64.2,0.000,0.000,0.00,0.000,3.5,4.9,0.7,239,10,3.7,5.1,0.8,230,10,3.5,4.9,0.7,239,10,0,30.07,12.5,,,,,,,,,
BKLN,2017-08-21 05:50:00 EDT,40.63176,-73.95367,109,71.7,71.9,71.7,77.6,64.3,0.000,0.000,0.00,0.000,3.9,5.5,0.5,228,8,3.9,5.6,0.7,221,5,3.9,5.5,0.5,228,8,0,30.07,12.5,,,,,,,,,
BKLN,2017-08-21 05:55:00 EDT,40.63176,-73.95367,109,71.7,71.9,71.7,77.2,64.2,0.000,0.000,0.00,0.000,2.6,3.9,0.6,249,10,2.7,4.6,0.7,240,11,2.6,3.9,0.6,249,10,0,30.07,12.5,,,,,,,,,
BKLN,2017-08-21 06:00:00 EDT,40.63176,-73.95367,109,71.8,72.0,71.8,76.9,64.1,0.000,0.000,0.00,0.000,2.3,3.5,0.6,261,9,2.5,4.1,0.6,254,10,2.3,3.5,0.6,261,9,1,30.07,12.4,,,,,,,,,
BKLN,2017-08-21 06:05:00 EDT,40.63176,-73.95367,109,71.8,72.0,71.8,77.1,64.2,0.000,0.000,0.00,0.000,2.6,3.9,0.5,245,11,2.7,4.2,0.6,235,11,2.6,3.9,0.5,245,11,2,30.07,12.5,,,,,,,,,
BKLN,2017-08-21 06:10:00 EDT,40.63176,-73.95367,109,71.8,71.9,71.8,77.0,64.1,0.000,0.000,0.00,0.000,2.2,3.3,0.6,223,13,2.2,3.6,0.5,214,13,2.2,3.3,0.6,223,13,3,30.08,12.6,,,,,,,,,
BKLN,2017-08-21 06:15:00 EDT,40.63176,-73.95367,109,71.8,72.0,71.8,76.6,64.0,0.000,0.000,0.00,0.000,2.6,3.4,0.4,263,11,2.8,3.7,0.5,257,13,2.6,3.4,0.4,263,11,4,30.08,12.5,,,,,,,,,
BKLN,2017-08-21 06:20:00 EDT,40.63176,-73.95367,109,71.8,72.0,71.8,76.4,64.0,0.000,0.000,0.00,0.000,2.6,3.4,0.4,242,23,2.8,3.9,0.4,234,24,2.6,3.4,0.4,242,23,8,30.08,12.5,,,,,,,,,
BKLN,2017-08-21 06:25:00 EDT,40.63176,-73.95367,109,71.5,71.7,71.5,77.0,64.0,0.000,0.000,0.00,0.000,3.0,5.3,1.2,225,16,3.4,5.3,1.2,216,17,3.0,5.3,1.2,225,16,13,30.08,12.5,,,,,,,,,
BKLN,2017-08-21 06:30:00 EDT,40.63176,-73.95367,109,71.5,71.7,71.5,76.8,63.8,0.000,0.000,0.00,0.000,4.1,5.3,0.7,228,8,4.1,6.0,0.7,220,8,4.1,5.3,0.7,228,8,20,30.08,12.5,,,,,,,,,
BKLN,2017-08-21 06:35:00 EDT,40.63176,-73.95367,109,71.6,71.8,71.6,76.6,63.9,0.000,0.000,0.00,0.000,4.0,6.0,1.3,218,15,4.3,6.4,1.2,210,15,4.0,6.0,1.3,218,15,27,30.08,12.5,,,,,,,,,
BKLN,2017-08-21 06:40:00 EDT,40.63176,-73.95367,109,71.7,71.8,71.7,76.6,63.9,0.000,0.000,0.00,0.000,3.2,7.2,1.8,221,17,3.7,7.2,1.7,214,16,3.2,7.2,1.8,221,17,36,30.09,12.4,,,,,,,,,
BKLN,2017-08-21 06:45:00 EDT,40.63176,-73.95367,109,71.5,71.6,71.5,76.9,63.9,0.000,0.000,0.00,0.000,3.0,6.5,1.5,220,25,3.5,7.7,1.5,210,24,3.0,6.5,1.5,220,25,47,30.09,12.5,,,,,,,,,
BKLN,2017-08-21 06:50:00 EDT,40.63176,-73.95367,109,71.5,71.7,71.5,76.9,63.9,0.000,0.000,0.00,0.000,5.1,8.7,1.5,226,13,5.5,8.7,1.5,217,12,5.1,8.7,1.5,226,13,57,30.09,12.5,,,,,,,,,
BKLN,2017-08-21 06:55:00 EDT,40.63176,-73.95367,109,71.6,71.8,71.6,75.6,63.5,0.000,0.000,0.00,0.000,4.4,6.6,0.8,238,11,4.5,7.2,0.9,229,11,4.4,6.6,0.8,238,11,70,30.09,12.5,,,,,,,,,
BKLN,2017-08-21 07:00:00 EDT,40.63176,-73.95367,109,71.7,71.9,71.7,75.4,63.5,0.000,0.000,0.00,0.000,4.6,6.4,0.9,239,11,4.8,7.0,0.9,232,11,4.6,6.4,0.9,239,11,76,30.09,12.5,,,,,,,,,
BKLN,2017-08-21 07:05:00 EDT,40.63176,-73.95367,109,71.8,72.0,71.8,75.0,63.5,0.000,0.000,0.00,0.000,4.8,6.8,0.9,244,9,4.9,8.1,1.0,235,9,4.8,6.8,0.9,244,9,76,30.09,12.5,,,,,,,,,
BKLN,2017-08-21 07:10:00 EDT,40.63176,-73.95367,109,71.9,72.0,71.9,74.8,63.5,0.000,0.000,0.00,0.000,3.7,5.0,0.5,241,12,3.9,5.4,0.6,232,12,3.7,5.0,0.5,241,12,82,30.09,12.5,,,,,,,,,
BKLN,2017-08-21 07:15:00 EDT,40.63176,-73.95367,109,72.0,72.1,72.0,74.7,63.5,0.000,0.000,0.00,0.000,3.9,5.1,0.9,229,10,3.9,5.5,0.9,220,9,3.9,5.1,0.9,229,10,101,30.09,12.5,,,,,,,,,
BKLN,2017-08-21 07:20:00 EDT,40.63176,-73.95367,109,72.1,72.2,72.1,74.6,63.6,0.000,0.000,0.00,0.000,4.4,6.1,0.6,236,7,4.3,6.4,0.7,227,7,4.4,6.1,0.6,236,7,113,30.09,12.5,,,,,,,,,
BKLN,2017-08-21 07:25:00 EDT,40.63176,-73.95367,109,72.3,72.4,72.3,74.2,63.6,0.000,0.000,0.00,0.000,3.5,5.0,0.7,239,13,3.7,5.6,0.9,233,13,3.5,5.0,0.7,239,13,130,30.09,12.6,,,,,,,,,
BKLN,2017-08-21 07:30:00 EDT,40.63176,-73.95367,109,72.5,72.6,72.5,73.9,63.7,0.000,0.000,0.00,0.000,3.0,5.4,1.0,236,15,3.1,5.7,1.0,228,14,3.0,5.4,1.0,236,15,155,30.09,12.5,,,,,,,,,
BKLN,2017-08-21 07:35:00 EDT,40.63176,-73.95367,109,72.6,72.7,72.6,73.5,63.6,0.000,0.000,0.00,0.000,4.2,6.3,1.1,229,9,4.2,6.5,1.1,221,8,4.2,6.3,1.1,229,9,160,30.09,12.5,,,,,,,,,
BKLN,2017-08-21 07:40:00 EDT,40.63176,-73.95367,109,72.8,72.9,72.8,73.2,63.7,0.000,0.000,0.00,0.000,5.1,7.5,1.1,233,10,5.1,8.0,1.2,224,10,5.1,7.5,1.1,233,10,175,30.09,12.5,,,,,,,,,
BKLN,2017-08-21 07:45:00 EDT,40.63176,-73.95367,109,72.8,72.9,72.8,72.6,63.5,0.000,0.000,0.00,0.000,5.3,7.7,0.9,230,11,5.4,9.2,1.2,223,11,5.3,7.7,0.9,230,11,189,30.09,12.5,,,,,,,,,
BKLN,2017-08-21 07:50:00 EDT,40.63176,-73.95367,109,73.0,73.1,73.0,72.5,63.6,0.000,0.000,0.00,0.000,5.2,7.7,0.9,228,11,5.2,7.9,1.0,220,11,5.2,7.7,0.9,228,11,203,30.09,12.6,,,,,,,,,
BKLN,2017-08-21 07:55:00 EDT,40.63176,-73.95367,109,73.2,73.2,73.2,71.3,63.3,0.000,0.000,0.00,0.000,5.4,7.4,0.9,231,11,5.5,8.1,0.9,223,10,5.4,7.4,0.9,231,11,210,30.09,12.5,,,,,,,,,
BKLN,2017-08-21 08:00:00 EDT,40.63176,-73.95367,109,73.3,73.4,73.3,70.2,63.0,0.000,0.000,0.00,0.000,5.3,7.6,1.1,230,11,5.4,8.1,1.1,223,9,5.3,7.6,1.1,230,11,216,30.09,12.5,,,,,,,,,
BKLN,2017-08-21 08:05:00 EDT,40.63176,-73.95367,109,73.6,73.6,73.6,69.3,62.9,0.000,0.000,0.00,0.000,4.2,6.4,1.2,256,12,4.5,7.2,1.3,251,11,4.2,6.4,1.2,256,12,243,30.09,12.5,,,,,,,,,
BKLN,2017-08-21 08:10:00 EDT,40.63176,-73.95367,109,73.9,74.0,73.9,68.4,62.9,0.000,0.000,0.00,0.000,3.5,6.8,1.2,248,12,3.7,7.3,1.4,240,13,3.5,6.8,1.2,248,12,278,30.09,12.5,,,,,,,,,
BKLN,2017-08-21 08:15:00 EDT,40.63176,-73.95367,109,74.3,74.4,74.3,66.5,62.4,0.000,0.000,0.00,0.000,5.1,8.3,2.1,250,12,5.5,9.1,2.1,242,13,5.1,8.3,2.1,250,12,273,30.09,12.5,,,,,,,,,
BKLN,2017-08-21 08:20:00 EDT,40.63176,-73.95367,109,74.6,74.7,74.6,65.6,62.3,0.000,0.000,0.00,0.000,4.9,7.2,1.0,256,19,5.2,8.1,1.2,249,21,4.9,7.2,1.0,256,19,284,30.09,12.5,,,,,,,,,
BKLN,2017-08-21 08:25:00 EDT,40.63176,-73.95367,109,75.1,75.2,75.1,64.7,62.5,0.000,0.000,0.00,0.000,4.2,7.1,1.6,257,16,4.5,8.3,1.7,251,17,4.2,7.1,1.6,257,16,300,30.09,12.5,,,,,,,,,
BKLN,2017-08-21 08:30:00 EDT,40.63176,-73.95367,109,75.5,75.6,75.5,63.8,62.4,0.000,0.000,0.00,0.000,4.1,7.3,1.2,253,16,4.5,7.7,1.3,246,16,4.1,7.3,1.2,253,16,318,30.09,12.6,,,,,,,,,
BKLN,2017-08-21 08:35:00 EDT,40.63176,-73.95367,109,76.2,76.2,76.2,61.4,61.9,0.000,0.000,0.00,0.000,5.8,8.8,1.7,250,13,6.2,10.7,1.8,244,13,5.8,8.8,1.7,250,13,325,30.09,12.5,,,,,,,,,
BKLN,2017-08-21 08:40:00 EDT,40.63176,-73.95367,109,76.6,76.7,76.6,59.4,61.4,0.000,0.000,0.00,0.000,7.2,10.0,1.6,245,10,7.4,10.2,1.7,238,11,7.2,10.0,1.6,245,10,358,30.09,12.5,,,,,,,,,
BKLN,2017-08-21 08:45:00 EDT,40.63176,-73.95367,109,76.9,77.0,76.9,58.4,61.2,0.000,0.000,0.00,0.000,5.7,9.5,1.7,254,21,6.3,11.0,1.7,248,22,5.7,9.5,1.7,254,21,336,30.09,12.5,,,,,,,,,
BKLN,2017-08-21 08:50:00 EDT,40.63176,-73.95367,109,77.0,77.0,77.0,57.8,60.9,0.000,0.000,0.00,0.000,7.0,10.2,1.5,268,9,7.5,11.3,1.7,262,7,7.0,10.2,1.5,268,9,385,30.09,12.5,,,,,,,,,
BKLN,2017-08-21 08:55:00 EDT,40.63176,-73.95367,109,77.4,77.4,77.4,57.4,61.1,0.000,0.000,0.00,0.000,6.0,9.5,1.6,256,14,6.4,9.5,1.7,250,15,6.0,9.5,1.6,256,14,385,30.09,12.5,,,,,,,,,
BKLN,2017-08-21 09:00:00 EDT,40.63176,-73.95367,109,77.5,77.6,77.5,56.7,60.9,0.000,0.000,0.00,0.000,6.2,9.4,1.5,257,18,6.8,9.9,1.7,251,19,6.2,9.4,1.5,257,18,421,30.09,12.5,,,,,,,,,
BKLN,2017-08-21 09:05:00 EDT,40.63176,-73.95367,109,77.9,77.9,77.9,56.1,61.0,0.000,0.000,0.00,0.000,6.0,9.6,1.7,252,16,6.5,10.4,1.9,245,17,6.0,9.6,1.7,252,16,398,30.09,12.5,,,,,,,,,
BKLN,2017-08-21 09:10:00 EDT,40.63176,-73.95367,109,78.1,78.1,78.1,55.2,60.7,0.000,0.000,0.00,0.000,7.9,11.7,1.9,259,13,8.5,12.7,2.1,254,13,7.9,11.7,1.9,259,13,385,30.09,12.5,,,,,,,,,
BKLN,2017-08-21 09:15:00 EDT,40.63176,-73.95367,109,78.1,78.1,78.1,55.1,60.7,0.000,0.000,0.00,0.000,7.5,11.4,1.7,261,14,8.2,12.8,2.0,255,14,7.5,11.4,1.7,261,14,405,30.09,12.5,,,,,,,,,
BKLN,2017-08-21 09:20:00 EDT,40.63176,-73.95367,109,78.3,78.3,78.3,54.8,60.7,0.000,0.000,0.00,0.000,6.8,11.0,1.8,267,14,7.3,12.0,1.9,262,13,6.8,11.0,1.8,267,14,457,30.08,12.5,,,,,,,,,
BKLN,2017-08-21 09:25:00 EDT,40.63176,-73.95367,109,78.5,78.5,78.5,54.4,60.7,0.000,0.000,0.00,0.000,7.3,10.4,1.8,269,12,7.9,12.7,2.0,263,11,7.3,10.4,1.8,269,12,482,30.08,12.5,,,,,,,,,
BKLN,2017-08-21 09:30:00 EDT,40.63176,-73.95367,109,78.8,78.9,78.8,53.8,60.7,0.000,0.000,0.00,0.000,7.9,11.3,1.8,276,12,8.6,13.3,2.1,271,11,7.9,11.3,1.8,276,12,493,30.08,12.5,,,,,,,,,
BKLN,2017-08-21 09:35:00 EDT,40.63176,-73.95367,109,78.9,79.0,78.9,53.1,60.4,0.000,0.000,0.00,0.000,7.9,11.4,1.7,275,10,8.7,13.7,1.9,270,8,7.9,11.4,1.7,275,10,497,30.08,12.5,,,,,,,,,
BKLN,2017-08-21 09:40:00 EDT,40.63176,-73.95367,109,79.3,79.3,79.3,52.5,60.4,0.000,0.000,0.00,0.000,5.9,12.6,2.6,266,12,6.5,13.7,2.8,261,12,5.9,12.6,2.6,266,12,523,30.08,12.5,,,,,,,,,
BKLN,2017-08-21 09:45:00 EDT,40.63176,-73.95367,109,79.2,79.2,79.2,52.3,60.2,0.000,0.000,0.00,0.000,8.0,12.6,2.0,264,10,8.7,13.1,2.0,259,9,8.0,12.6,2.0,264,10,534,30.08,12.5,,,,,,,,,
BKLN,2017-08-21 09:50:00 EDT,40.63176,-73.95367,109,79.5,79.5,79.5,52.1,60.4,0.000,0.000,0.00,0.000,7.9,11.0,1.5,259,15,8.4,12.8,1.8,255,16,7.9,11.0,1.5,259,15,550,30.08,12.5,,,,,,,,,
BKLN,2017-08-21 09:55:00 EDT,40.63176,-73.95367,109,80.2,80.1,81.2,51.7,60.8,0.000,0.000,0.00,0.000,6.5,10.9,2.3,236,18,7.0,11.8,2.3,229,19,6.5,10.9,2.3,236,18,653,30.08,12.5,,,,,,,,,
BKLN,2017-08-21 10:00:00 EDT,40.63176,-73.95367,109,80.1,80.0,81.1,51.4,60.6,0.000,0.000,0.00,0.000,9.2,12.5,1.2,243,12,9.5,13.1,1.4,236,14,9.2,12.5,1.2,243,12,666,30.08,12.5,,,,,,,,,
BKLN,2017-08-21 10:05:00 EDT,40.63176,-73.95367,109,79.8,79.7,79.8,52.0,60.6,0.000,0.000,0.00,0.000,7.1,9.9,1.2,246,16,7.4,11.1,1.4,239,17,7.1,9.9,1.2,246,16,304,30.08,12.5,,,,,,,,,
BKLN,2017-08-21 10:10:00 EDT,40.63176,-73.95367,109,79.8,79.8,79.8,52.5,60.9,0.000,0.000,0.00,0.000,4.7,7.7,1.3,264,19,5.1,8.4,1.5,258,19,4.7,7.7,1.3,264,19,325,30.08,12.5,,,,,,,,,
BKLN,2017-08-21 10:15:00 EDT,40.63176,-73.95367,109,79.9,79.9,79.9,52.3,60.9,0.000,0.000,0.00,0.000,6.4,9.4,1.4,255,19,6.9,10.1,1.7,249,20,6.4,9.4,1.4,255,19,348,30.08,12.5,,,,,,,,,
BKLN,2017-08-21 10:20:00 EDT,40.63176,-73.95367,109,79.8,79.9,79.8,52.8,61.1,0.000,0.000,0.00,0.000,6.5,10.2,1.5,274,10,7.0,10.8,1.7,268,9,6.5,10.2,1.5,274,10,285,30.08,12.5,,,,,,,,,
BKLN,2017-08-21 10:25:00 EDT,40.63176,-73.95367,109,79.9,80.0,79.9,53.0,61.3,0.000,0.000,0.00,0.000,5.5,7.7,1.4,268,22,6.0,8.8,1.5,263,22,5.5,7.7,1.4,268,22,338,30.08,12.5,,,,,,,,,
BKLN,2017-08-21 10:30:00 EDT,40.63176,-73.95367,109,79.9,79.7,79.9,55.2,62.4,0.000,0.000,0.00,0.000,7.4,10.2,1.8,232,15,7.7,11.0,1.7,223,13,7.4,10.2,1.8,232,15,327,30.08,12.6,,,,,,,,,
BKLN,2017-08-21 10:35:00 EDT,40.63176,-73.95367,109,80.0,79.8,81.7,58.2,64.0,0.000,0.000,0.00,0.000,4.4,8.0,1.8,215,27,5.2,10.3,1.9,209,27,4.4,8.0,1.8,215,27,543,30.08,12.5,,,,,,,,,
BKLN,2017-08-21 10:40:00 EDT,40.63176,-73.95367,109,79.3,79.1,79.3,58.2,63.3,0.000,0.000,0.00,0.000,7.2,10.1,1.3,233,12,7.3,10.4,1.4,225,11,7.2,10.1,1.3,233,12,653,30.09,12.5,,,,,,,,,
BKLN,2017-08-21 10:45:00 EDT,40.63176,-73.95367,109,79.5,79.1,79.5,59.4,64.1,0.000,0.000,0.00,0.000,6.3,9.8,1.8,231,13,6.5,10.4,1.8,223,13,6.3,9.8,1.8,231,13,667,30.09,12.5,,,,,,,,,
BKLN,2017-08-21 10:50:00 EDT,40.63176,-73.95367,109,79.4,79.1,79.4,59.4,64.0,0.000,0.000,0.00,0.000,6.5,10.3,2.2,224,19,6.5,10.8,2.3,217,19,6.5,10.3,2.2,224,19,677,30.09,12.6,,,,,,,,,
BKLN,2017-08-21 10:55:00 EDT,40.63176,-73.95367,109,79.8,79.4,79.8,58.6,64.0,0.000,0.000,0.00,0.000,6.8,10.7,1.8,226,21,7.3,12.5,1.9,218,20,6.8,10.7,1.8,226,21,713,30.09,12.5,,,,,,,,,
BKLN,2017-08-21 11:00:00 EDT,40.63176,-73.95367,109,80.0,79.6,81.5,56.6,63.2,0.000,0.000,0.00,0.000,6.6,10.7,1.7,227,18,6.9,11.6,1.7,218,19,6.6,10.7,1.7,227,18,770,30.08,12.5,,,,,,,,,
BKLN,2017-08-21 11:05:00 EDT,40.63176,-73.95367,109,80.0,79.5,81.3,55.1,62.4,0.000,0.000,0.00,0.000,6.9,10.9,1.8,229,14,7.1,11.2,1.7,222,14,6.9,10.9,1.8,229,14,776,30.09,12.5,,,,,,,,,
BKLN,2017-08-21 11:10:00 EDT,40.63176,-73.95367,109,81.1,80.6,82.5,54.9,63.4,0.000,0.000,0.00,0.000,3.1,6.4,1.3,187,40,3.9,8.0,1.5,183,40,3.1,6.4,1.3,187,40,771,30.09,12.7,,,,,,,,,
BKLN,2017-08-21 11:15:00 EDT,40.63176,-73.95367,109,81.3,81.0,82.6,53.6,62.9,0.000,0.000,0.00,0.000,5.9,11.7,2.4,228,26,6.3,12.7,2.4,221,24,5.9,11.7,2.4,228,26,774,30.08,12.6,,,,,,,,,
BKLN,2017-08-21 11:20:00 EDT,40.63176,-73.95367,109,81.2,80.8,82.5,54.1,63.0,0.000,0.000,0.00,0.000,7.3,11.2,1.3,226,11,7.3,11.9,1.5,217,10,7.3,11.2,1.3,226,11,769,30.08,12.5,,,,,,,,,
BKLN,2017-08-21 11:25:00 EDT,40.63176,-73.95367,109,81.9,81.5,83.1,52.6,62.9,0.000,0.000,0.00,0.000,4.9,8.4,1.6,194,23,5.7,9.9,1.9,185,19,4.9,8.4,1.6,194,23,774,30.08,12.6,,,,,,,,,
BKLN,2017-08-21 11:30:00 EDT,40.63176,-73.95367,109,82.7,82.2,83.7,50.7,62.6,0.000,0.000,0.00,0.000,4.5,9.6,2.0,190,31,5.3,11.7,2.3,179,30,4.5,9.6,2.0,190,31,785,30.08,12.6,,,,,,,,,
BKLN,2017-08-21 11:35:00 EDT,40.63176,-73.95367,109,82.6,82.3,83.3,48.7,61.3,0.000,0.000,0.00,0.000,6.4,10.9,2.7,229,23,6.9,12.4,2.6,220,24,6.4,10.9,2.7,229,23,805,30.08,12.4,,,,,,,,,
BKLN,2017-08-21 11:40:00 EDT,40.63176,-73.95367,109,82.7,82.3,83.4,49.4,61.8,0.000,0.000,0.00,0.000,6.3,11.3,2.1,226,31,7.0,13.0,2.2,217,32,6.3,11.3,2.1,226,31,754,30.08,12.7,,,,,,,,,
BKLN,2017-08-21 11:45:00 EDT,40.63176,-73.95367,109,82.7,82.4,83.5,49.5,61.9,0.000,0.000,0.00,0.000,5.5,10.7,2.6,208,25,6.2,12.2,3.0,198,25,5.5,10.7,2.6,208,25,673,30.08,12.6,,,,,,,,,
BKLN,2017-08-21 11:50:00 EDT,40.63176,-73.95367,109,83.0,82.5,83.7,48.8,61.8,0.000,0.000,0.00,0.000,6.8,10.8,2.3,193,18,7.8,12.3,2.3,186,16,6.8,10.8,2.3,193,18,761,30.08,12.7,,,,,,,,,
BKLN,2017-08-21 11:55:00 EDT,40.63176,-73.95367,109,82.8,82.5,83.4,48.5,61.4,0.000,0.000,0.00,0.000,7.2,12.1,2.0,205,20,7.7,14.5,2.3,198,18,7.2,12.1,2.0,205,20,800,30.07,12.6,,,,,,,,,
BKLN,2017-08-21 12:00:00 EDT,40.63176,-73.95367,109,83.5,83.1,84.3,48.5,62.1,0.000,0.000,0.00,0.000,5.2,10.0,2.4,217,33,5.9,14.0,2.6,207,30,5.2,10.0,2.4,217,33,813,30.08,12.6,,,,,,,,,
BKLN,2017-08-21 12:05:00 EDT,40.63176,-73.95367,109,83.4,83.1,83.8,46.8,60.9,0.000,0.000,0.00,0.000,7.8,12.6,2.8,198,19,9.1,14.8,3.0,190,17,7.8,12.6,2.8,198,19,813,30.07,12.6,,,,,,,,,
BKLN,2017-08-21 12:10:00 EDT,40.63176,-73.95367,109,83.4,83.2,83.8,47.0,61.1,0.000,0.000,0.00,0.000,6.0,10.2,1.8,230,28,6.6,12.2,2.0,224,25,6.0,10.2,1.8,230,28,816,30.07,12.6,,,,,,,,,
BKLN,2017-08-21 12:15:00 EDT,40.63176,-73.95367,109,83.7,83.2,84.1,46.8,61.2,0.000,0.000,0.00,0.000,7.4,12.9,3.1,206,18,8.4,16.0,3.4,198,18,7.4,12.9,3.1,206,18,822,30.07,12.6,,,,,,,,,
BKLN,2017-08-21 12:20:00 EDT,40.63176,-73.95367,109,83.9,83.5,84.3,46.0,61.0,0.000,0.000,0.00,0.000,5.7,10.5,2.0,206,26,6.6,11.8,2.2,197,27,5.7,10.5,2.0,206,26,829,30.07,12.7,,,,,,,,,
BKLN,2017-08-21 12:25:00 EDT,40.63176,-73.95367,109,83.5,83.0,83.6,45.2,60.0,0.000,0.000,0.00,0.000,6.5,10.4,2.2,213,26,7.3,13.2,2.3,206,26,6.5,10.4,2.2,213,26,830,30.06,12.6,,,,,,,,,
BKLN,2017-08-21 12:30:00 EDT,40.63176,-73.95367,109,83.7,83.4,83.9,45.6,60.5,0.000,0.000,0.00,0.000,5.4,10.3,1.9,221,35,6.1,11.1,2.1,213,35,5.4,10.3,1.9,221,35,830,30.06,12.6,,,,,,,,,
BKLN,2017-08-21 12:35:00 EDT,40.63176,-73.95367,109,83.4,83.0,83.7,45.9,60.4,0.000,0.000,0.00,0.000,6.7,11.5,2.0,226,22,7.3,13.1,2.1,217,23,6.7,11.5,2.0,226,22,833,30.06,12.6,,,,,,,,,
BKLN,2017-08-21 12:40:00 EDT,40.63176,-73.95367,109,84.0,83.5,84.3,45.7,60.8,0.000,0.000,0.00,0.000,7.4,12.8,3.2,174,27,8.5,14.3,3.5,167,27,7.4,12.8,3.2,174,27,838,30.06,12.6,,,,,,,,,
BKLN,2017-08-21 12:45:00 EDT,40.63176,-73.95367,109,83.8,83.5,84.2,46.5,61.1,0.000,0.000,0.00,0.000,7.3,13.4,2.8,200,23,8.3,17.8,3.1,193,23,7.3,13.4,2.8,200,23,855,30.05,12.6,,,,,,,,,
BKLN,2017-08-21 12:50:00 EDT,40.63176,-73.95367,109,83.8,83.3,84.0,45.0,60.3,0.000,0.000,0.00,0.000,7.9,13.0,3.1,211,16,8.5,14.4,3.3,205,16,7.9,13.0,3.1,211,16,816,30.05,12.6,,,,,,,,,
BKLN,2017-08-21 12:55:00 EDT,40.63176,-73.95367,109,84.2,83.6,84.3,44.3,60.2,0.000,0.000,0.00,0.000,7.6,14.8,3.3,206,17,8.8,16.6,3.1,197,15,7.6,14.8,3.3,206,17,719,30.05,12.6,,,,,,,,,
BKLN,2017-08-21 13:00:00 EDT,40.63176,-73.95367,109,84.1,83.5,84.0,43.5,59.5,0.000,0.000,0.00,0.000,8.3,14.6,2.6,183,27,9.5,17.7,2.8,176,25,8.3,14.6,2.6,183,27,699,30.05,12.6,,,,,,,,,
BKLN,2017-08-21 13:05:00 EDT,40.63176,-73.95367,109,84.3,83.9,84.0,42.0,58.7,0.000,0.000,0.00,0.000,6.8,13.0,2.1,196,26,7.6,15.1,2.4,189,25,6.8,13.0,2.1,196,26,842,30.05,12.6,,,,,,,,,
BKLN,2017-08-21 13:10:00 EDT,40.63176,-73.95367,109,84.7,84.4,84.4,42.0,59.1,0.000,0.000,0.00,0.000,5.7,12.6,3.2,228,29,7.0,13.7,3.0,218,31,5.7,12.6,3.2,228,29,852,30.05,12.8,,,,,,,,,
BKLN,2017-08-21 13:15:00 EDT,40.63176,-73.95367,109,84.5,84.3,84.5,43.5,59.9,0.000,0.000,0.00,0.000,9.1,15.4,3.0,177,17,10.0,16.6,3.5,170,15,9.1,15.4,3.0,177,17,826,30.05,12.8,,,,,,,,,
BKLN,2017-08-21 13:20:00 EDT,40.63176,-73.95367,109,84.0,83.8,84.3,45.4,60.7,0.000,0.000,0.00,0.000,9.9,16.6,3.2,186,18,10.9,19.6,3.8,179,15,9.9,16.6,3.2,186,18,754,30.05,12.6,,,,,,,,,
BKLN,2017-08-21 13:25:00 EDT,40.63176,-73.95367,109,83.6,83.3,84.0,46.4,60.9,0.000,0.000,0.00,0.000,9.3,16.2,4.2,189,23,10.7,19.1,4.7,184,21,9.3,16.2,4.2,189,23,570,30.05,12.6,,,,,,,,,
BKLN,2017-08-21 13:30:00 EDT,40.63176,-73.95367,109,83.2,83.0,83.7,47.2,61.0,0.000,0.000,0.00,0.000,12.6,20.4,2.8,180,13,13.7,19.9,3.1,174,12,12.6,20.4,2.8,180,13,608,30.05,12.7,,,,,,,,,
BKLN,2017-08-21 13:35:00 EDT,40.63176,-73.95367,109,82.9,82.7,83.9,50.3,62.6,0.000,0.000,0.00,0.000,10.9,17.2,3.7,173,18,11.9,18.7,3.9,167,17,10.9,17.2,3.7,173,18,537,30.05,12.6,,,,,,,,,
BKLN,2017-08-21 13:40:00 EDT,40.63176,-73.95367,109,82.6,82.4,83.8,52.0,63.2,0.000,0.000,0.00,0.000,12.1,16.0,2.2,174,13,13.2,17.6,2.5,168,12,12.1,16.0,2.2,174,13,778,30.05,12.6,,,,,,,,,
BKLN,2017-08-21 13:45:00 EDT,40.63176,-73.95367,109,82.9,82.7,84.2,52.4,63.7,0.000,0.000,0.00,0.000,9.3,14.3,2.4,167,19,10.4,16.1,2.6,161,17,9.3,14.3,2.4,167,19,758,30.05,12.7,,,,,,,,,
BKLN,2017-08-21 13:50:00 EDT,40.63176,-73.95367,109,82.4,82.1,83.7,53.0,63.5,0.000,0.000,0.00,0.000,9.2,15.1,3.4,162,17,10.1,16.7,3.5,156,18,9.2,15.1,3.4,162,17,694,30.04,12.7,,,,,,,,,
BKLN,2017-08-21 13:55:00 EDT,40.63176,-73.95367,109,82.2,82.1,83.6,53.6,63.7,0.000,0.000,0.00,0.000,8.1,11.8,2.1,159,18,9.1,14.6,2.3,152,16,8.1,11.8,2.1,159,18,564,30.04,12.7,,,,,,,,,
BKLN,2017-08-21 14:00:00 EDT,40.63176,-73.95367,109,82.2,82.0,83.5,53.2,63.5,0.000,0.000,0.00,0.000,9.4,16.4,3.4,165,17,10.4,17.1,3.4,158,17,9.4,16.4,3.4,165,17,469,30.04,12.7,,,,,,,,,
BKLN,2017-08-21 14:05:00 EDT,40.63176,-73.95367,109,82.3,82.1,83.7,53.5,63.7,0.000,0.000,0.00,0.000,7.5,12.1,3.1,149,18,8.4,14.5,3.1,143,21,7.5,12.1,3.1,149,18,510,30.04,12.7,,,,,,,,,
BKLN,2017-08-21 14:10:00 EDT,40.63176,-73.95367,109,81.8,81.7,83.2,53.8,63.5,0.000,0.000,0.00,0.000,11.4,15.1,1.8,151,11,11.9,15.3,2.0,144,12,11.4,15.1,1.8,151,11,492,30.04,12.7,,,,,,,,,
BKLN,2017-08-21 14:15:00 EDT,40.63176,-73.95367,109,81.9,81.8,83.4,54.6,64.0,0.000,0.000,0.00,0.000,9.2,14.0,2.3,149,16,9.9,14.8,2.2,140,14,9.2,14.0,2.3,149,16,423,30.04,12.8,,,,,,,,,
BKLN,2017-08-21 14:20:00 EDT,40.63176,-73.95367,109,82.0,81.8,83.4,54.2,63.8,0.000,0.000,0.00,0.000,9.4,14.5,2.0,151,14,9.9,17.4,2.3,142,13,9.4,14.5,2.0,151,14,367,30.04,12.7,,,,,,,,,
BKLN,2017-08-21 14:25:00 EDT,40.63176,-73.95367,109,81.7,81.5,83.1,54.4,63.6,0.000,0.000,0.00,0.000,9.5,14.0,2.5,160,15,10.2,15.2,2.6,153,14,9.5,14.0,2.5,160,15,317,30.04,12.6,,,,,,,,,
BKLN,2017-08-21 14:30:00 EDT,40.63176,-73.95367,109,81.1,81.0,82.6,55.1,63.5,0.000,0.000,0.00,0.000,10.1,14.8,2.1,163,12,11.1,15.6,2.3,157,10,10.1,14.8,2.1,163,12,271,30.04,12.6,,,,,,,,,
BKLN,2017-08-21 14:35:00 EDT,40.63176,-73.95367,109,80.8,80.7,82.4,56.6,64.0,0.000,0.000,0.00,0.000,10.5,14.8,2.0,153,14,11.2,15.4,1.9,145,13,10.5,14.8,2.0,153,14,232,30.04,12.6,,,,,,,,,
BKLN,2017-08-21 14:40:00 EDT,40.63176,-73.95367,109,80.8,80.7,82.4,57.7,64.4,0.000,0.000,0.00,0.000,8.8,14.1,2.5,152,18,9.6,15.2,2.6,146,17,8.8,14.1,2.5,152,18,205,30.04,12.6,,,,,,,,,
BKLN,2017-08-21 14:45:00 EDT,40.63176,-73.95367,109,80.5,80.4,82.3,58.6,64.7,0.000,0.000,0.00,0.000,9.1,13.5,2.1,142,14,9.8,15.6,2.4,134,14,9.1,13.5,2.1,142,14,178,30.04,12.6,,,,,,,,,
BKLN,2017-08-21 14:50:00 EDT,40.63176,-73.95367,109,80.3,80.2,82.1,59.6,65.0,0.000,0.000,0.00,0.000,9.5,13.0,1.9,145,14,10.1,14.2,2.1,137,13,9.5,13.0,1.9,145,14,189,30.03,12.6,,,,,,,,,
BKLN,2017-08-21 14:55:00 EDT,40.63176,-73.95367,109,79.9,79.8,79.9,61.0,65.2,0.000,0.000,0.00,0.000,9.1,14.4,3.0,152,16,10.0,15.6,3.0,146,16,9.1,14.4,3.0,152,16,199,30.03,12.6,,,,,,,,,
BKLN,2017-08-21 15:00:00 EDT,40.63176,-73.95367,109,79.9,79.9,79.9,61.2,65.4,0.000,0.000,0.00,0.000,7.2,14.5,2.8,162,20,8.2,15.3,3.1,156,19,7.2,14.5,2.8,162,20,158,30.03,12.6,,,,,,,,,
BKLN,2017-08-21 15:05:00 EDT,40.63176,-73.95367,109,79.9,79.9,79.9,61.6,65.5,0.000,0.000,0.00,0.000,7.6,13.5,3.0,154,16,8.5,15.0,3.1,146,17,7.6,13.5,3.0,154,16,167,30.03,12.6,,,,,,,,,
BKLN,2017-08-21 15:10:00 EDT,40.63176,-73.95367,109,80.0,79.9,80.0,62.3,65.9,0.000,0.000,0.00,0.000,7.6,12.3,2.3,154,18,8.6,14.4,2.4,146,16,7.6,12.3,2.3,154,18,323,30.02,12.6,,,,,,,,,
BKLN,2017-08-21 15:15:00 EDT,40.63176,-73.95367,109,79.9,79.9,79.9,61.8,65.6,0.000,0.000,0.00,0.000,9.9,15.9,2.5,155,17,10.6,16.3,2.5,147,17,9.9,15.9,2.5,155,17,369,30.02,12.6,,,,,,,,,
BKLN,2017-08-21 15:20:00 EDT,40.63176,-73.95367,109,79.8,79.7,79.8,61.3,65.3,0.000,0.000,0.00,0.000,11.3,18.9,4.5,155,15,12.4,20.3,4.2,148,15,11.3,18.9,4.5,155,15,396,30.02,12.6,,,,,,,,,
BKLN,2017-08-21 15:25:00 EDT,40.63176,-73.95367,109,80.0,79.9,80.0,61.2,65.4,0.000,0.000,0.00,0.000,10.3,17.4,3.5,163,17,11.6,20.2,3.7,155,16,10.3,17.4,3.5,163,17,426,30.02,12.6,,,,,,,,,
BKLN,2017-08-21 15:30:00 EDT,40.63176,-73.95367,109,80.0,79.9,80.0,61.8,65.7,0.000,0.000,0.00,0.000,13.7,18.9,3.5,170,14,14.9,23.0,3.8,163,12,13.7,18.9,3.5,170,14,423,30.02,12.6,,,,,,,,,
BKLN,2017-08-21 15:35:00 EDT,40.63176,-73.95367,109,80.2,80.1,82.3,61.9,66.0,0.000,0.000,0.00,0.000,9.7,17.9,3.6,162,20,10.7,19.8,3.8,157,18,9.7,17.9,3.6,162,20,510,30.02,12.7,,,,,,,,,
BKLN,2017-08-21 15:40:00 EDT,40.63176,-73.95367,109,80.4,80.3,82.5,60.9,65.7,0.000,0.000,0.00,0.000,12.3,20.7,3.8,168,14,13.5,22.9,4.1,161,13,12.3,20.7,3.8,168,14,544,30.02,12.6,,,,,,,,,
BKLN,2017-08-21 15:45:00 EDT,40.63176,-73.95367,109,80.1,79.9,82.1,61.4,65.7,0.000,0.000,0.00,0.000,14.6,18.8,2.3,167,10,15.9,21.2,2.7,161,9,14.6,18.8,2.3,167,10,560,30.02,12.6,,,,,,,,,
BKLN,2017-08-21 15:50:00 EDT,40.63176,-73.95367,109,80.4,80.3,82.4,61.3,65.8,0.000,0.000,0.00,0.000,11.5,15.9,1.9,165,13,12.9,18.3,2.5,160,13,11.5,15.9,1.9,165,13,474,30.02,12.6,,,,,,,,,
BKLN,2017-08-21 15:55:00 EDT,40.63176,-73.95367,109,80.4,80.2,82.5,61.2,65.8,0.000,0.000,0.00,0.000,12.7,18.9,2.6,166,9,13.9,20.7,2.8,161,9,12.7,18.9,2.6,166,9,600,30.02,12.7,,,,,,,,,
BKLN,2017-08-21 16:00:00 EDT,40.63176,-73.95367,109,81.0,80.9,83.2,60.5,66.1,0.000,0.000,0.00,0.000,10.8,17.8,4.2,162,14,11.7,18.8,4.1,154,14,10.8,17.8,4.2,162,14,365,30.02,12.6,,,,,,,,,
BKLN,2017-08-21 16:05:00 EDT,40.63176,-73.95367,109,80.3,80.2,82.4,61.8,66.0,0.000,0.000,0.00,0.000,10.2,15.8,2.7,164,14,11.3,16.9,2.8,157,14,10.2,15.8,2.7,164,14,185,30.02,12.6,,,,,,,,,
BKLN,2017-08-21 16:10:00 EDT,40.63176,-73.95367,109,80.5,80.4,82.6,61.7,66.1,0.000,0.000,0.00,0.000,7.9,12.9,2.7,164,19,8.9,15.3,2.8,159,18,7.9,12.9,2.7,164,19,202,30.02,12.6,,,,,,,,,
BKLN,2017-08-21 16:15:00 EDT,40.63176,-73.95367,109,80.6,80.5,82.7,61.4,66.1,0.000,0.000,0.00,0.000,10.0,14.4,2.2,169,14,11.1,16.1,2.7,163,12,10.0,14.4,2.2,169,14,472,30.02,12.7,,,,,,,,,
BKLN,2017-08-21 16:20:00 EDT,40.63176,-73.95367,109,81.3,81.2,83.7,61.4,66.8,0.000,0.000,0.00,0.000,7.6,13.5,3.1,146,17,8.3,16.8,3.1,137,17,7.6,13.5,3.1,146,17,521,30.02,12.8,,,,,,,,,
BKLN,2017-08-21 16:25:00 EDT,40.63176,-73.95367,109,81.2,81.0,83.6,61.8,66.9,0.000,0.000,0.00,0.000,9.2,14.7,3.0,158,16,10.3,17.6,3.1,151,16,9.2,14.7,3.0,158,16,471,30.02,12.7,,,,,,,,,
BKLN,2017-08-21 16:30:00 EDT,40.63176,-73.95367,109,81.2,81.0,83.7,62.4,67.1,0.000,0.000,0.00,0.000,9.5,15.6,2.9,152,18,10.2,16.5,3.0,144,18,9.5,15.6,2.9,152,18,501,30.01,12.6,,,,,,,,,
BKLN,2017-08-21 16:35:00 EDT,40.63176,-73.95367,109,81.3,81.2,83.8,61.6,66.9,0.000,0.000,0.00,0.000,9.0,17.2,3.6,156,21,10.0,16.9,3.6,148,19,9.0,17.2,3.6,156,21,480,30.01,12.7,,,,,,,,,
BKLN,2017-08-21 16:40:00 EDT,40.63176,-73.95367,109,81.2,81.1,83.6,61.7,66.8,0.000,0.000,0.00,0.000,11.4,16.1,2.9,155,12,12.3,17.9,2.8,150,12,11.4,16.1,2.9,155,12,464,30.01,12.8,,,,,,,,,
BKLN,2017-08-21 16:45:00 EDT,40.63176,-73.95367,109,81.5,81.3,83.9,61.5,67.0,0.000,0.000,0.00,0.000,9.7,17.0,3.6,155,17,10.9,19.5,3.9,146,19,9.7,17.0,3.6,155,17,449,30.01,12.5,,,,,,,,,
BKLN,2017-08-21 16:50:00 EDT,40.63176,-73.95367,109,81.0,80.9,83.3,62.0,66.7,0.000,0.000,0.00,0.000,13.0,17.2,2.5,169,10,14.2,18.5,2.5,163,9,13.0,17.2,2.5,169,10,435,30.01,12.7,,,,,,,,,
BKLN,2017-08-21 16:55:00 EDT,40.63176,-73.95367,109,80.9,80.8,83.3,62.3,66.8,0.000,0.000,0.00,0.000,13.2,18.2,2.7,171,8,14.3,20.5,2.7,164,8,13.2,18.2,2.7,171,8,417,30.01,12.6,,,,,,,,,
BKLN,2017-08-21 17:00:00 EDT,40.63176,-73.95367,109,81.1,81.0,83.6,62.5,67.1,0.000,0.000,0.00,0.000,10.8,15.6,2.9,158,12,11.7,17.0,2.9,151,13,10.8,15.6,2.9,158,12,406,30.01,12.6,,,,,,,,,
BKLN,2017-08-21 17:05:00 EDT,40.63176,-73.95367,109,81.3,81.2,83.9,62.6,67.3,0.000,0.000,0.00,0.000,7.8,14.2,3.4,157,18,8.6,15.3,3.6,150,18,7.8,14.2,3.4,157,18,386,30.01,12.7,,,,,,,,,
BKLN,2017-08-21 17:10:00 EDT,40.63176,-73.95367,109,81.4,81.3,84.0,62.8,67.5,0.000,0.000,0.00,0.000,7.8,11.8,2.5,161,21,8.9,13.8,2.8,156,19,7.8,11.8,2.5,161,21,377,30.02,12.8,,,,,,,,,
BKLN,2017-08-21 17:15:00 EDT,40.63176,-73.95367,109,81.4,81.3,84.2,63.0,67.6,0.000,0.000,0.00,0.000,8.4,12.9,2.5,159,17,9.2,14.4,2.7,152,16,8.4,12.9,2.5,159,17,301,30.02,12.7,,,,,,,,,
BKLN,2017-08-21 17:20:00 EDT,40.63176,-73.95367,109,81.3,81.3,84.1,63.6,67.8,0.000,0.000,0.00,0.000,7.2,10.9,1.9,156,19,8.0,12.2,2.1,151,17,7.2,10.9,1.9,156,19,229,30.02,12.6,,,,,,,,,
BKLN,2017-08-21 17:25:00 EDT,40.63176,-73.95367,109,81.7,81.5,84.4,62.7,67.7,0.000,0.000,0.24,0.000,7.7,17.4,4.2,173,17,8.5,19.0,4.3,165,17,7.7,17.4,4.2,173,17,213,30.02,12.5,,,,,,,,,
BKLN,2017-08-21 17:30:00 EDT,40.63176,-73.95367,109,80.8,80.7,83.3,63.9,67.4,0.000,0.000,0.00,0.000,12.3,15.6,1.9,173,8,13.4,17.2,1.9,166,7,12.3,15.6,1.9,173,8,219,30.02,12.6,,,,,,,,,
BKLN,2017-08-21 17:35:00 EDT,40.63176,-73.95367,109,80.7,80.7,83.4,64.6,67.7,0.000,0.000,0.00,0.000,11.7,15.8,2.2,171,10,12.8,17.1,2.3,166,10,11.7,15.8,2.2,171,10,205,30.01,12.7,,,,,,,,,
BKLN,2017-08-21 17:40:00 EDT,40.63176,-73.95367,109,80.7,80.6,83.4,64.9,67.8,0.000,0.000,0.00,0.000,11.0,15.9,2.4,174,12,11.9,17.1,2.7,168,11,11.0,15.9,2.4,174,12,252,30.01,12.6,,,,,,,,,
BKLN,2017-08-21 17:45:00 EDT,40.63176,-73.95367,109,80.9,80.9,83.7,65.1,68.1,0.000,0.000,0.00,0.000,8.2,11.8,1.7,166,10,9.1,13.1,1.7,159,10,8.2,11.8,1.7,166,10,216,30.01,12.6,,,,,,,,,
BKLN,2017-08-21 17:50:00 EDT,40.63176,-73.95367,109,81.0,81.0,83.8,64.8,68.0,0.000,0.000,0.00,0.000,8.8,12.1,1.6,168,12,9.5,14.1,1.8,162,12,8.8,12.1,1.6,168,12,231,30.01,12.7,,,,,,,,,
BKLN,2017-08-21 17:55:00 EDT,40.63176,-73.95367,109,81.1,81.0,84.0,64.5,68.0,0.000,0.000,0.00,0.000,9.0,13.3,2.7,167,11,9.9,14.6,2.8,161,10,9.0,13.3,2.7,167,11,226,30.00,12.6,,,,,,,,,
BKLN,2017-08-21 18:00:00 EDT,40.63176,-73.95367,109,81.4,81.3,84.2,64.2,68.1,0.000,0.000,0.00,0.000,7.0,13.2,2.6,167,16,8.1,13.9,2.6,161,15,7.0,13.2,2.6,167,16,211,30.00,12.6,,,,,,,,,
BKLN,2017-08-21 18:05:00 EDT,40.63176,-73.95367,109,81.1,81.0,83.9,64.8,68.1,0.000,0.000,0.00,0.000,7.3,11.9,2.2,152,19,8.2,12.7,2.2,146,16,7.3,11.9,2.2,152,19,83,30.00,12.6,,,,,,,,,
BKLN,2017-08-21 18:10:00 EDT,40.63176,-73.95367,109,80.2,80.2,82.9,67.0,68.2,0.000,0.000,0.00,0.000,10.0,13.7,2.0,152,13,10.7,15.0,2.2,145,12,10.0,13.7,2.0,152,13,92,29.99,12.6,,,,,,,,,
BKLN,2017-08-21 18:15:00 EDT,40.63176,-73.95367,109,80.0,80.0,82.7,67.9,68.4,0.000,0.000,0.00,0.000,8.7,14.5,2.5,154,15,9.1,14.0,2.7,147,14,8.7,14.5,2.5,154,15,164,29.99,12.6,,,,,,,,,
BKLN,2017-08-21 18:20:00 EDT,40.63176,-73.95367,109,80.0,80.0,82.8,68.3,68.6,0.000,0.000,0.00,0.000,8.1,13.7,2.4,164,14,9.2,15.4,2.5,157,15,8.1,13.7,2.4,164,14,132,29.99,12.6,,,,,,,,,
BKLN,2017-08-21 18:25:00 EDT,40.63176,-73.95367,109,80.0,80.0,82.8,68.5,68.7,0.000,0.000,0.00,0.000,7.6,12.0,1.6,168,17,8.4,13.5,1.7,162,15,7.6,12.0,1.6,168,17,85,29.99,12.6,,,,,,,,,
BKLN,2017-08-21 18:30:00 EDT,40.63176,-73.95367,109,80.2,80.2,83.0,68.2,68.7,0.000,0.000,0.00,0.000,5.9,10.8,2.0,157,24,6.7,13.0,2.2,151,23,5.9,10.8,2.0,157,24,123,29.99,12.6,,,,,,,,,
BKLN,2017-08-21 18:35:00 EDT,40.63176,-73.95367,109,80.3,80.3,83.1,67.0,68.4,0.000,0.000,0.00,0.000,9.8,14.2,2.0,172,11,10.8,15.5,2.3,165,10,9.8,14.2,2.0,172,11,161,29.99,12.7,,,,,,,,,
BKLN,2017-08-21 18:40:00 EDT,40.63176,-73.95367,109,80.5,80.5,83.3,66.7,68.4,0.000,0.000,0.00,0.000,8.9,14.4,2.5,171,13,10.0,16.6,2.6,166,12,8.9,14.4,2.5,171,13,146,29.99,12.6,,,,,,,,,
BKLN,2017-08-21 18:45:00 EDT,40.63176,-73.95367,109,80.5,80.5,83.3,66.5,68.3,0.000,0.000,0.00,0.000,8.4,12.9,1.9,164,11,9.4,14.6,2.0,158,12,8.4,12.9,1.9,164,11,129,29.99,12.6,,,,,,,,,
BKLN,2017-08-21 18:50:00 EDT,40.63176,-73.95367,109,80.7,80.7,83.5,65.9,68.3,0.000,0.000,0.00,0.000,6.9,10.8,1.7,171,15,7.7,11.4,1.9,163,14,6.9,10.8,1.7,171,15,109,29.99,12.6,,,,,,,,,
BKLN,2017-08-21 18:55:00 EDT,40.63176,-73.95367,109,80.6,80.6,83.4,66.2,68.3,0.000,0.000,0.00,0.000,10.2,14.3,2.2,175,10,11.3,16.4,2.4,168,10,10.2,14.3,2.2,175,10,90,29.99,12.6,,,,,,,,,
BKLN,2017-08-21 19:00:00 EDT,40.63176,-73.95367,109,80.0,80.0,80.0,68.3,68.6,0.000,0.000,0.00,0.000,9.5,14.7,2.4,165,12,10.4,15.3,2.7,158,12,9.5,14.7,2.4,165,12,69,29.99,12.6,,,,,,,,,
BKLN,2017-08-21 19:05:00 EDT,40.63176,-73.95367,109,80.0,80.0,80.0,69.1,68.9,0.000,0.000,0.00,0.000,7.8,11.2,1.2,170,12,8.6,12.5,1.6,162,11,7.8,11.2,1.2,170,12,35,29.99,12.6,,,,,,,,,
BKLN,2017-08-21 19:10:00 EDT,40.63176,-73.95367,109,79.6,79.6,79.6,69.7,68.9,0.000,0.000,0.00,0.000,9.8,16.4,3.2,168,13,11.0,18.7,3.4,162,10,9.8,16.4,3.2,168,13,14,29.99,12.6,,,,,,,,,
BKLN,2017-08-21 19:15:00 EDT,40.63176,-73.95367,109,79.2,79.2,79.2,71.3,69.0,0.000,0.000,0.00,0.000,13.1,17.0,1.9,170,9,14.2,18.3,1.9,164,6,13.1,17.0,1.9,170,9,11,29.99,12.6,,,,,,,,,
BKLN,2017-08-21 19:20:00 EDT,40.63176,-73.95367,109,78.9,78.9,78.9,72.7,69.4,0.000,0.000,0.00,0.000,10.4,14.5,2.0,169,9,11.5,16.5,2.2,163,8,10.4,14.5,2.0,169,9,13,29.99,12.6,,,,,,,,,
BKLN,2017-08-21 19:25:00 EDT,40.63176,-73.95367,109,79.0,79.0,79.0,73.1,69.6,0.000,0.000,0.00,0.000,8.9,13.1,1.9,176,12,10.0,15.2,2.1,170,10,8.9,13.1,1.9,176,12,14,29.99,12.6,,,,,,,,,
BKLN,2017-08-21 19:30:00 EDT,40.63176,-73.95367,109,79.0,79.1,79.0,73.2,69.7,0.000,0.000,0.00,0.000,6.5,11.8,1.6,173,13,7.4,12.8,1.8,165,12,6.5,11.8,1.6,173,13,8,29.99,12.6,,,,,,,,,
BKLN,2017-08-21 19:35:00 EDT,40.63176,-73.95367,109,78.9,79.0,78.9,73.2,69.6,0.000,0.000,0.00,0.000,8.5,12.9,2.1,164,14,9.5,14.0,2.2,159,12,8.5,12.9,2.1,164,14,6,29.99,12.6,,,,,,,,,
BKLN,2017-08-21 19:40:00 EDT,40.63176,-73.95367,109,78.9,78.9,78.9,73.1,69.5,0.000,0.000,0.00,0.000,10.0,13.2,2.1,171,8,10.9,15.0,2.2,164,7,10.0,13.2,2.1,171,8,5,29.99,12.6,,,,,,,,,
BKLN,2017-08-21 19:45:00 EDT,40.63176,-73.95367,109,78.9,79.0,78.9,73.0,69.6,0.000,0.000,0.00,0.000,7.4,10.7,1.3,170,10,8.1,11.7,1.6,162,9,7.4,10.7,1.3,170,10,3,29.99,12.6,,,,,,,,,
BKLN,2017-08-21 19:50:00 EDT,40.63176,-73.95367,109,79.1,79.2,79.1,72.4,69.5,0.000,0.000,0.00,0.000,7.1,11.0,1.8,175,13,8.0,12.4,1.9,166,12,7.1,11.0,1.8,175,13,2,29.99,12.6,,,,,,,,,
BKLN,2017-08-21 19:55:00 EDT,40.63176,-73.95367,109,79.3,79.4,79.3,72.0,69.5,0.000,0.000,0.00,0.000,6.8,11.3,1.4,172,12,7.7,12.0,1.7,166,12,6.8,11.3,1.4,172,12,1,29.99,12.6,,,,,,,,,
BKLN,2017-08-21 20:00:00 EDT,40.63176,-73.95367,109,79.2,79.3,79.2,72.2,69.5,0.000,0.000,0.00,0.000,7.0,11.9,2.0,170,14,7.9,12.7,2.2,163,12,7.0,11.9,2.0,170,14,0,29.99,12.6,,,,,,,,,
BKLN,2017-08-21 20:05:00 EDT,40.63176,-73.95367,109,78.9,79.0,78.9,73.3,69.6,0.000,0.000,0.00,0.000,9.7,12.9,1.9,173,11,10.8,14.3,2.0,166,10,9.7,12.9,1.9,173,11,0,29.99,12.5,,,,,,,,,
BKLN,2017-08-21 20:10:00 EDT,40.63176,-73.95367,109,78.7,78.7,78.7,74.5,69.9,0.000,0.000,0.00,0.000,8.9,12.5,1.5,175,11,9.9,13.7,1.8,168,12,8.9,12.5,1.5,175,11,0,30.00,12.6,,,,,,,,,
BKLN,2017-08-21 20:15:00 EDT,40.63176,-73.95367,109,78.8,78.8,78.8,74.5,70.0,0.000,0.000,0.00,0.000,8.1,11.8,1.8,173,9,9.0,13.0,1.8,167,9,8.1,11.8,1.8,173,9,0,30.00,12.6,,,,,,,,,
BKLN,2017-08-21 20:20:00 EDT,40.63176,-73.95367,109,78.8,78.9,78.8,74.3,69.9,0.000,0.000,0.00,0.000,5.4,11.0,2.0,171,17,6.0,11.7,2.1,162,14,5.4,11.0,2.0,171,17,0,30.00,12.6,,,,,,,,,
BKLN,2017-08-21 20:25:00 EDT,40.63176,-73.95367,109,78.9,79.0,78.9,74.0,69.9,0.000,0.000,0.00,0.000,4.5,7.8,1.7,168,19,5.3,9.1,1.9,161,18,4.5,7.8,1.7,168,19,0,30.00,12.6,,,,,,,,,
BKLN,2017-08-21 20:30:00 EDT,40.63176,-73.95367,109,79.0,79.0,79.0,73.8,69.9,0.000,0.000,0.00,0.000,5.7,7.5,1.0,173,14,6.6,9.2,1.1,164,13,5.7,7.5,1.0,173,14,0,30.00,12.6,,,,,,,,,
BKLN,2017-08-21 20:35:00 EDT,40.63176,-73.95367,109,79.2,79.3,79.2,72.8,69.7,0.000,0.000,0.00,0.000,8.5,12.2,1.3,179,11,9.6,14.2,1.6,172,10,8.5,12.2,1.3,179,11,0,30.00,12.6,,,,,,,,,
BKLN,2017-08-21 20:40:00 EDT,40.63176,-73.95367,109,79.2,79.3,79.2,72.5,69.6,0.000,0.000,0.00,0.000,9.0,15.2,2.8,184,13,10.1,18.3,3.1,178,12,9.0,15.2,2.8,184,13,0,30.00,12.6,,,,,,,,,
BKLN,2017-08-21 20:45:00 EDT,40.63176,-73.95367,109,79.1,79.2,79.1,72.2,69.4,0.000,0.000,0.00,0.000,8.1,12.1,2.2,189,12,9.1,15.2,2.5,181,10,8.1,12.1,2.2,189,12,0,30.00,12.6,,,,,,,,,
BKLN,2017-08-21 20:50:00 EDT,40.63176,-73.95367,109,79.1,79.2,79.1,72.2,69.4,0.000,0.000,0.00,0.000,8.5,12.6,1.6,184,12,9.4,13.8,1.8,177,10,8.5,12.6,1.6,184,12,0,30.00,12.5,,,,,,,,,
BKLN,2017-08-21 20:55:00 EDT,40.63176,-73.95367,109,79.1,79.2,79.1,72.0,69.3,0.000,0.000,0.00,0.000,8.3,13.2,2.5,184,15,9.3,15.0,2.8,177,13,8.3,13.2,2.5,184,15,0,30.01,12.5,,,,,,,,,
BKLN,2017-08-21 21:00:00 EDT,40.63176,-73.95367,109,79.0,79.1,79.0,72.0,69.3,0.000,0.000,0.00,0.000,7.4,10.5,1.5,181,13,8.2,12.4,1.8,174,12,7.4,10.5,1.5,181,13,0,30.00,12.5,,,,,,,,,
BKLN,2017-08-21 21:05:00 EDT,40.63176,-73.95367,109,79.0,79.1,79.0,72.3,69.3,0.000,0.000,0.00,0.000,5.7,13.3,1.9,192,21,6.3,14.8,2.2,184,19,5.7,13.3,1.9,192,21,0,30.01,12.5,,,,,,,,,
BKLN,2017-08-21 21:10:00 EDT,40.63176,-73.95367,109,79.0,79.1,79.0,72.3,69.3,0.000,0.000,0.00,0.000,4.9,12.3,2.5,191,25,5.8,13.1,2.7,185,25,4.9,12.3,2.5,191,25,0,30.01,12.5,,,,,,,,,
BKLN,2017-08-21 21:15:00 EDT,40.63176,-73.95367,109,79.0,79.1,79.0,71.9,69.1,0.000,0.000,0.00,0.000,6.6,11.8,2.7,186,22,7.5,14.3,3.1,178,20,6.6,11.8,2.7,186,22,0,30.01,12.5,,,,,,,,,
BKLN,2017-08-21 21:20:00 EDT,40.63176,-73.95367,109,78.9,79.0,78.9,71.7,69.0,0.000,0.000,0.00,0.000,6.7,10.3,2.1,189,19,7.5,12.2,2.3,181,17,6.7,10.3,2.1,189,19,0,30.01,12.5,,,,,,,,,
BKLN,2017-08-21 21:25:00 EDT,40.63176,-73.95367,109,78.9,79.0,78.9,71.8,69.0,0.000,0.000,0.00,0.000,6.1,11.6,2.2,198,24,6.9,12.9,2.5,190,21,6.1,11.6,2.2,198,24,0,30.01,12.5,,,,,,,,,
BKLN,2017-08-21 21:30:00 EDT,40.63176,-73.95367,109,78.8,78.9,78.8,72.1,69.0,0.000,0.000,0.00,0.000,7.5,15.8,3.1,197,20,8.5,17.6,3.7,191,19,7.5,15.8,3.1,197,20,0,30.01,12.5,,,,,,,,,
BKLN,2017-08-21 21:35:00 EDT,40.63176,-73.95367,109,78.7,78.8,78.7,72.4,69.0,0.000,0.000,0.00,0.000,7.8,13.6,2.5,193,18,8.8,13.8,2.6,187,15,7.8,13.6,2.5,193,18,0,30.01,12.6,,,,,,,,,
BKLN,2017-08-21 21:40:00 EDT,40.63176,-73.95367,109,78.6,78.7,78.6,72.7,69.1,0.000,0.000,0.00,0.000,7.4,14.9,2.7,195,18,8.3,16.4,2.8,188,15,7.4,14.9,2.7,195,18,0,30.01,12.6,,,,,,,,,
BKLN,2017-08-21 21:45:00 EDT,40.63176,-73.95367,109,78.5,78.5,78.5,73.1,69.1,0.000,0.000,0.00,0.000,7.7,11.0,1.5,180,10,8.8,12.0,1.7,173,9,7.7,11.0,1.5,180,10,0,30.01,12.6,,,,,,,,,
BKLN,2017-08-21 21:50:00 EDT,40.63176,-73.95367,109,78.3,78.3,78.3,73.8,69.2,0.000,0.000,0.00,0.000,7.4,11.2,1.5,182,12,8.4,13.2,1.8,175,12,7.4,11.2,1.5,182,12,0,30.00,12.5,,,,,,,,,
BKLN,2017-08-21 21:55:00 EDT,40.63176,-73.95367,109,78.1,78.2,78.1,74.4,69.3,0.000,0.000,0.00,0.000,6.8,11.1,2.0,187,17,7.3,12.2,2.4,179,15,6.8,11.1,2.0,187,17,0,30.00,12.6,,,,,,,,,
BKLN,2017-08-21 22:00:00 EDT,40.63176,-73.95367,109,78.0,78.1,78.0,74.7,69.3,0.000,0.000,0.00,0.000,6.9,10.7,1.8,181,14,7.8,13.1,2.1,173,13,6.9,10.7,1.8,181,14,0,30.00,12.6,,,,,,,,,
BKLN,2017-08-21 22:05:00 EDT,40.63176,-73.95367,109,77.9,78.0,77.9,75.0,69.4,0.000,0.000,0.00,0.000,5.8,9.1,1.5,185,17,6.7,10.7,1.8,176,15,5.8,9.1,1.5,185,17,0,30.00,12.6,,,,,,,,,
BKLN,2017-08-21 22:10:00 EDT,40.63176,-73.95367,109,77.8,77.9,77.8,75.4,69.4,0.000,0.000,0.00,0.000,7.8,13.6,2.8,185,15,8.8,15.6,3.2,177,14,7.8,13.6,2.8,185,15,0,30.00,12.5,,,,,,,,,
BKLN,2017-08-21 22:15:00 EDT,40.63176,-73.95367,109,77.7,77.8,77.7,75.8,69.4,0.000,0.000,0.00,0.000,8.9,14.3,2.3,181,14,10.0,16.2,2.6,174,11,8.9,14.3,2.3,181,14,0,30.00,12.5,,,,,,,,,
BKLN,2017-08-21 22:20:00 EDT,40.63176,-73.95367,109,77.6,77.7,77.6,76.3,69.5,0.000,0.000,0.00,0.000,7.7,10.4,1.9,184,16,8.7,12.8,2.2,177,14,7.7,10.4,1.9,184,16,0,30.00,12.5,,,,,,,,,
BKLN,2017-08-21 22:25:00 EDT,40.63176,-73.95367,109,77.4,77.5,77.4,76.8,69.6,0.000,0.000,0.00,0.000,6.7,12.1,2.4,175,18,7.6,16.6,3.0,169,17,6.7,12.1,2.4,175,18,0,30.00,12.6,,,,,,,,,
BKLN,2017-08-21 22:30:00 EDT,40.63176,-73.95367,109,77.1,77.2,77.1,77.5,69.5,0.000,0.000,0.00,0.000,9.1,13.5,2.4,182,13,10.3,15.2,2.8,176,11,9.1,13.5,2.4,182,13,0,29.99,12.5,,,,,,,,,
BKLN,2017-08-21 22:35:00 EDT,40.63176,-73.95367,109,77.1,77.2,77.1,77.8,69.6,0.000,0.000,0.00,0.000,6.5,10.3,2.1,186,17,7.3,12.9,2.3,179,16,6.5,10.3,2.1,186,17,0,29.99,12.6,,,,,,,,,
BKLN,2017-08-21 22:40:00 EDT,40.63176,-73.95367,109,77.1,77.2,77.1,77.7,69.6,0.000,0.000,0.00,0.000,7.0,10.3,1.9,183,15,7.7,12.3,2.1,176,13,7.0,10.3,1.9,183,15,0,29.99,12.6,,,,,,,,,
BKLN,2017-08-21 22:45:00 EDT,40.63176,-73.95367,109,77.1,77.2,77.1,77.9,69.7,0.000,0.000,0.00,0.000,5.9,11.6,2.1,191,19,6.7,14.2,2.4,183,17,5.9,11.6,2.1,191,19,0,30.00,12.6,,,,,,,,,
BKLN,2017-08-21 22:50:00 EDT,40.63176,-73.95367,109,77.0,77.1,77.0,77.9,69.6,0.000,0.000,0.00,0.000,6.3,11.3,2.2,187,20,7.4,13.3,2.6,182,18,6.3,11.3,2.2,187,20,0,29.99,12.6,,,,,,,,,
BKLN,2017-08-21 22:55:00 EDT,40.63176,-73.95367,109,77.0,77.0,77.0,78.0,69.6,0.000,0.000,0.00,0.000,8.3,13.3,2.5,190,16,9.2,16.1,2.8,182,14,8.3,13.3,2.5,190,16,0,29.99,12.6,,,,,,,,,
BKLN,2017-08-21 23:00:00 EDT,40.63176,-73.95367,109,76.9,77.0,76.9,78.3,69.6,0.000,0.000,0.00,0.000,6.8,12.9,2.3,196,18,7.7,14.6,2.7,187,15,6.8,12.9,2.3,196,18,0,29.99,12.5,,,,,,,,,
BKLN,2017-08-21 23:05:00 EDT,40.63176,-73.95367,109,76.8,76.9,76.8,78.5,69.6,0.000,0.000,0.00,0.000,7.0,11.8,2.4,205,19,7.9,15.7,2.8,195,17,7.0,11.8,2.4,205,19,0,29.99,12.6,,,,,,,,,
BKLN,2017-08-21 23:10:00 EDT,40.63176,-73.95367,109,76.8,76.9,76.8,78.5,69.6,0.000,0.000,0.00,0.000,6.7,11.7,2.6,205,22,7.5,14.5,3.0,197,20,6.7,11.7,2.6,205,22,0,29.99,12.6,,,,,,,,,
BKLN,2017-08-21 23:15:00 EDT,40.63176,-73.95367,109,76.8,76.9,76.8,78.2,69.5,0.000,0.000,0.00,0.000,6.7,11.3,1.9,195,18,7.5,12.7,2.2,186,16,6.7,11.3,1.9,195,18,0,29.99,12.5,,,,,,,,,
BKLN,2017-08-21 23:20:00 EDT,40.63176,-73.95367,109,76.7,76.8,76.7,78.1,69.4,0.000,0.000,0.00,0.000,7.7,14.2,3.3,201,13,8.6,16.0,3.5,193,11,7.7,14.2,3.3,201,13,0,29.99,12.6,,,,,,,,,
BKLN,2017-08-21 23:25:00 EDT,40.63176,-73.95367,109,76.7,76.8,76.7,78.1,69.3,0.000,0.000,0.00,0.000,6.6,12.6,2.5,202,19,7.4,14.5,2.6,192,16,6.6,12.6,2.5,202,19,0,29.99,12.6,,,,,,,,,
BKLN,2017-08-21 23:30:00 EDT,40.63176,-73.95367,109,76.7,76.8,76.7,77.8,69.2,0.000,0.000,0.00,0.000,6.9,12.8,2.6,197,17,8.1,14.7,2.9,189,15,6.9,12.8,2.6,197,17,0,29.99,12.6,,,,,,,,,
BKLN,2017-08-21 23:35:00 EDT,40.63176,-73.95367,109,76.6,76.7,76.6,77.7,69.1,0.000,0.000,0.00,0.000,8.0,15.0,2.9,201,15,8.9,17.7,3.3,194,13,8.0,15.0,2.9,201,15,0,29.99,12.6,,,,,,,,,
BKLN,2017-08-21 23:40:00 EDT,40.63176,-73.95367,109,76.6,76.7,76.6,77.6,69.1,0.000,0.000,0.00,0.000,7.6,14.4,2.3,202,16,8.6,15.1,3.0,193,14,7.6,14.4,2.3,202,16,0,29.98,12.6,,,,,,,,,
BKLN,2017-08-21 23:45:00 EDT,40.63176,-73.95367,109,76.6,76.7,76.6,77.6,69.1,0.000,0.000,0.00,0.000,8.4,13.0,2.5,202,17,9.3,15.6,2.8,194,15,8.4,13.0,2.5,202,17,0,29.98,12.6,,,,,,,,,
BKLN,2017-08-21 23:50:00 EDT,40.63176,-73.95367,109,76.6,76.7,76.6,77.8,69.2,0.000,0.000,0.00,0.000,6.2,10.4,1.9,200,19,7.1,12.3,2.1,192,16,6.2,10.4,1.9,200,19,0,29.98,12.6,,,,,,,,,
BKLN,2017-08-21 23:55:00 EDT,40.63176,-73.95367,109,76.6,76.7,76.6,77.8,69.2,0.000,0.000,0.00,0.000,5.6,11.8,2.7,202,20,6.3,13.0,2.9,194,18,5.6,11.8,2.7,202,20,0,29.98,12.6,,,,,,,,,
BRAN,2017-08-21 00:00:00 EDT,42.59494,-79.02154,717,63.2,65.3,63.2,92.9,61.1,0.000,0.000,0.00,0.000,3.4,5.6,0.8,144,11,3.5,6.2,0.9,144,11,3.4,5.6,0.8,144,11,0,29.36,,0,0,0,71.4,71.4,69.3,0.22,0.25,0.34
BRAN,2017-08-21 00:05:00 EDT,42.59494,-79.02154,717,63.2,65.3,63.2,92.7,61.1,0.000,0.000,0.00,0.000,5.0,6.8,0.7,155,8,5.3,7.2,0.8,158,8,5.0,6.8,0.7,155,8,0,29.37,,0,0,0,71.4,71.4,69.3,0.22,0.25,0.34
BRAN,2017-08-21 00:10:00 EDT,42.59494,-79.02154,717,63.5,65.4,63.5,92.5,61.3,0.000,0.000,0.00,0.000,5.1,6.8,0.8,151,12,5.4,7.5,0.9,153,10,5.1,6.8,0.8,151,12,0,29.37,,0,0,0,71.4,71.4,69.3,0.22,0.25,0.34
BRAN,2017-08-21 00:15:00 EDT,42.59494,-79.02154,717,64.0,65.4,64.0,91.3,61.5,0.000,0.000,0.00,0.000,3.9,6.5,1.1,144,13,4.2,6.7,1.1,145,11,3.9,6.5,1.1,144,13,0,29.37,,0,0,0,71.4,71.4,69.3,0.22,0.25,0.34
BRAN,2017-08-21 00:20:00 EDT,42.59494,-79.02154,717,64.1,65.4,64.1,90.1,61.1,0.000,0.000,0.00,0.000,4.0,6.3,0.9,138,12,4.1,6.9,0.9,138,12,4.0,6.3,0.9,138,12,0,29.36,,0,0,0,71.4,71.4,69.3,0.22,0.25,0.34
BRAN,2017-08-21 00:25:00 EDT,42.59494,-79.02154,717,64.3,65.3,64.3,89.9,61.2,0.000,0.000,0.00,0.000,3.9,6.7,1.1,132,14,4.1,7.3,1.1,132,10,3.9,6.7,1.1,132,14,0,29.36,,0,0,0,71.4,71.4,69.3,0.22,0.25,0.34
BRAN,2017-08-21 00:30:00 EDT,42.59494,-79.02154,717,64.2,65.2,64.2,90.0,61.2,0.000,0.000,0.00,0.000,3.7,5.8,0.9,136,14,3.9,6.3,0.9,137,13,3.7,5.8,0.9,136,14,0,29.37,,0,0,0,71.4,71.4,69.3,0.22,0.25,0.34
BRAN,2017-08-21 00:35:00 EDT,42.59494,-79.02154,717,64.4,65.2,64.4,90.0,61.4,0.000,0.000,0.00,0.000,4.0,6.7,1.2,131,14,4.1,6.7,1.2,133,14,4.0,6.7,1.2,131,14,0,29.37,,0,0,0,71.4,71.4,69.3,0.22,0.25,0.34
BRAN,2017-08-21 00:40:00 EDT,42.59494,-79.02154,717,64.5,65.3,64.5,89.7,61.4,0.000,0.000,0.00,0.000,3.9,6.0,0.8,135,13,4.0,6.9,1.0,135,11,3.9,6.0,0.8,135,13,0,29.37,,0,0,0,71.4,71.4,69.3,0.22,0.25,0.34
BRAN,2017-08-21 00:45:00 EDT,42.59494,-79.02154,717,64.4,65.2,64.4,89.7,61.3,0.000,0.000,0.00,0.000,3.2,6.0,0.9,139,18,3.3,6.1,0.9,143,15,3.2,6.0,0.9,139,18,0,29.37,,0,0,0,71.4,71.4,69.3,0.22,0.25,0.34
BRAN,2017-08-21 00:50:00 EDT,42.59494,-79.02154,717,64.3,65.3,64.3,89.8,61.2,0.000,0.000,0.00,0.000,2.6,4.8,0.8,138,16,2.7,5.0,0.9,138,13,2.6,4.8,0.8,138,16,0,29.37,,0,0,0,71.4,71.4,69.3,0.22,0.25,0.34
BRAN,2017-08-21 00:55:00 EDT,42.59494,-79.02154,717,64.4,65.3,64.4,89.6,61.3,0.000,0.000,0.00,0.000,3.0,5.5,1.0,140,18,3.2,6.1,1.0,141,15,3.0,5.5,1.0,140,18,0,29.37,,0,0,0,71.4,71.4,69.3,0.22,0.25,0.34
BRAN,2017-08-21 01:00:00 EDT,42.59494,-79.02154,717,64.5,65.4,64.5,88.9,61.2,0.000,0.000,0.00,0.000,2.8,4.1,0.5,132,14,2.8,4.6,0.7,133,10,2.8,4.1,0.5,132,14,0,29.37,,0,0,0,71.4,71.4,69.3,0.22,0.25,0.34
BRAN,2017-08-21 01:05:00 EDT,42.59494,-79.02154,717,64.6,65.4,64.6,88.5,61.1,0.000,0.000,0.00,0.000,2.7,5.0,0.7,134,15,2.7,5.1,0.8,135,13,2.7,5.0,0.7,134,15,0,29.36,,0,0,0,71.1,71.4,69.3,0.22,0.25,0.34
BRAN,2017-08-21 01:10:00 EDT,42.59494,-79.02154,717,64.6,65.7,64.6,88.4,61.1,0.000,0.000,0.00,0.000,3.2,5.4,0.8,137,17,3.3,5.5,0.8,140,15,3.2,5.4,0.8,137,17,0,29.36,,0,0,0,71.1,71.4,69.3,0.22,0.25,0.34
BRAN,2017-08-21 01:15:00 EDT,42.59494,-79.02154,717,64.8,65.7,64.8,87.5,61.0,0.000,0.000,0.00,0.000,3.1,5.6,0.9,128,15,3.2,5.7,0.9,130,15,3.1,5.6,0.9,128,15,0,29.36,,0,0,0,71.1,71.4,69.3,0.22,0.25,0.34
BRAN,2017-08-21 01:20:00 EDT,42.59494,-79.02154,717,64.7,65.6,64.7,87.7,61.0,0.000,0.000,0.00,0.000,3.0,5.6,1.0,128,17,3.2,5.9,1.2,131,15,3.0,5.6,1.0,128,17,0,29.36,,0,0,0,71.1,71.4,69.3,0.22,0.25,0.34
BRAN,2017-08-21 01:25:00 EDT,42.59494,-79.02154,717,64.9,65.8,64.9,87.4,61.1,0.000,0.000,0.00,0.000,3.0,4.7,0.7,128,18,3.2,5.4,0.8,130,16,3.0,4.7,0.7,128,18,0,29.36,,0,0,0,71.1,71.4,69.3,0.22,0.25,0.34
BRAN,2017-08-21 01:30:00 EDT,42.59494,-79.02154,717,64.9,65.8,64.9,86.8,60.9,0.000,0.000,0.00,0.000,2.5,4.2,0.6,131,16,2.6,4.4,0.6,132,15,2.5,4.2,0.6,131,16,0,29.36,,0,0,0,71.1,71.3,69.3,0.22,0.25,0.34
BRAN,2017-08-21 01:35:00 EDT,42.59494,-79.02154,717,65.2,66.0,65.2,86.0,60.9,0.000,0.000,0.00,0.000,3.8,6.0,0.9,130,15,3.9,5.9,0.9,132,13,3.8,6.0,0.9,130,15,0,29.36,,0,0,0,71.1,71.3,69.3,0.22,0.25,0.34
BRAN,2017-08-21 01:40:00 EDT,42.59494,-79.02154,717,65.2,66.1,65.2,85.5,60.8,0.000,0.000,0.00,0.000,3.3,5.8,1.1,131,18,3.5,6.2,1.2,133,17,3.3,5.8,1.1,131,18,0,29.36,,0,0,0,71.1,71.2,69.3,0.22,0.25,0.34
BRAN,2017-08-21 01:45:00 EDT,42.59494,-79.02154,717,65.4,66.2,65.4,85.1,60.8,0.000,0.000,0.00,0.000,4.0,5.9,0.9,124,15,4.3,6.5,1.1,125,13,4.0,5.9,0.9,124,15,0,29.35,,0,0,0,71.0,71.1,69.3,0.22,0.25,0.34
BRAN,2017-08-21 01:50:00 EDT,42.59494,-79.02154,717,65.3,66.2,65.3,84.9,60.6,0.000,0.000,0.00,0.000,3.9,6.6,0.9,131,14,4.1,6.6,1.0,132,12,3.9,6.6,0.9,131,14,0,29.35,,0,0,0,71.0,71.1,69.3,0.22,0.25,0.34
BRAN,2017-08-21 01:55:00 EDT,42.59494,-79.02154,717,65.3,66.1,65.3,84.6,60.6,0.000,0.000,0.00,0.000,3.3,5.5,0.9,136,16,3.5,6.4,1.0,135,14,3.3,5.5,0.9,136,16,0,29.35,,0,0,0,70.7,71.1,69.3,0.22,0.25,0.34
BRAN,2017-08-21 02:00:00 EDT,42.59494,-79.02154,717,65.3,66.2,65.3,84.5,60.5,0.000,0.000,0.00,0.000,3.8,6.9,1.0,136,14,3.9,7.3,1.1,137,12,3.8,6.9,1.0,136,14,0,29.35,,0,0,0,70.7,71.1,69.3,0.22,0.25,0.34
BRAN,2017-08-21 02:05:00 EDT,42.59494,-79.02154,717,65.3,66.3,65.3,84.2,60.4,0.000,0.000,0.00,0.000,3.1,6.1,0.9,135,18,3.3,6.0,1.0,136,17,3.1,6.1,0.9,135,18,0,29.36,,0,0,0,70.7,71.1,69.3,0.22,0.25,0.34
BRAN,2017-08-21 02:10:00 EDT,42.59494,-79.02154,717,65.4,66.3,65.4,84.0,60.5,0.000,0.000,0.00,0.000,3.2,5.3,0.8,129,17,3.3,5.7,1.0,131,15,3.2,5.3,0.8,129,17,0,29.35,,0,0,0,70.7,71.1,69.3,0.22,0.25,0.34
BRAN,2017-08-21 02:15:00 EDT,42.59494,-79.02154,717,65.7,66.5,65.7,83.5,60.5,0.000,0.000,0.00,0.000,3.7,6.2,1.1,129,12,3.8,6.7,1.2,131,11,3.7,6.2,1.1,129,12,0,29.35,,0,0,0,70.7,71.1,69.3,0.22,0.25,0.34
BRAN,2017-08-21 02:20:00 EDT,42.59494,-79.02154,717,65.8,66.5,65.8,82.9,60.4,0.000,0.000,0.00,0.000,3.3,5.8,1.1,138,14,3.4,6.2,1.1,137,12,3.3,5.8,1.1,138,14,0,29.35,,0,0,0,70.7,71.1,69.3,0.22,0.25,0.34
BRAN,2017-08-21 02:25:00 EDT,42.59494,-79.02154,717,65.8,66.5,65.8,82.4,60.3,0.000,0.000,0.00,0.000,3.3,6.6,1.0,136,15,3.5,7.0,1.1,137,15,3.3,6.6,1.0,136,15,0,29.36,,0,0,0,70.7,71.1,69.3,0.22,0.25,0.34
BRAN,2017-08-21 02:30:00 EDT,42.59494,-79.02154,717,65.8,66.7,65.8,82.1,60.2,0.000,0.000,0.00,0.000,3.6,5.9,0.9,144,17,3.8,6.0,1.0,145,16,3.6,5.9,0.9,144,17,0,29.36,,0,0,0,70.7,71.1,69.3,0.22,0.25,0.34
BRAN,2017-08-21 02:35:00 EDT,42.59494,-79.02154,717,66.0,66.9,66.0,81.4,60.1,0.000,0.000,0.00,0.000,3.6,5.8,1.1,139,15,3.8,6.3,1.1,140,14,3.6,5.8,1.1,139,15,0,29.36,,0,0,0,70.7,71.1,69.3,0.22,0.25,0.34
BRAN,2017-08-21 02:40:00 EDT,42.59494,-79.02154,717,65.9,66.9,65.9,81.4,60.1,0.000,0.000,0.00,0.000,4.4,7.0,1.1,129,17,4.5,7.6,1.1,132,15,4.4,7.0,1.1,129,17,0,29.35,,0,0,0,70.7,71.1,69.3,0.22,0.25,0.34
BRAN,2017-08-21 02:45:00 EDT,42.59494,-79.02154,717,65.9,66.9,65.9,81.2,60.0,0.000,0.000,0.00,0.000,3.7,6.1,0.8,125,14,3.8,6.5,1.0,126,12,3.7,6.1,0.8,125,14,0,29.35,,0,0,0,70.7,71.1,69.3,0.22,0.25,0.34
BRAN,2017-08-21 02:50:00 EDT,42.59494,-79.02154,717,65.7,66.8,65.7,81.7,59.9,0.000,0.000,0.00,0.000,3.6,6.9,1.0,128,15,3.8,7.0,1.1,129,14,3.6,6.9,1.0,128,15,0,29.35,,0,0,0,70.7,71.1,69.3,0.22,0.25,0.34
BRAN,2017-08-21 02:55:00 EDT,42.59494,-79.02154,717,66.0,67.0,66.0,80.6,59.9,0.000,0.000,0.00,0.000,3.1,6.5,1.0,138,17,3.4,7.6,1.1,140,16,3.1,6.5,1.0,138,17,0,29.35,,0,0,0,70.7,71.1,69.4,0.22,0.25,0.34
BRAN,2017-08-21 03:00:00 EDT,42.59494,-79.02154,717,65.9,66.8,65.9,80.8,59.8,0.000,0.000,0.00,0.000,2.7,4.7,0.8,141,15,2.9,4.7,0.8,144,16,2.7,4.7,0.8,141,15,0,29.35,,0,0,0,70.7,71.1,69.3,0.22,0.25,0.34
BRAN,2017-08-21 03:05:00 EDT,42.59494,-79.02154,717,65.8,66.9,65.8,80.5,59.7,0.000,0.000,0.00,0.000,3.2,5.6,0.8,136,14,3.4,6.0,0.9,137,13,3.2,5.6,0.8,136,14,0,29.35,,0,0,0,70.7,71.1,69.3,0.22,0.25,0.34
BRAN,2017-08-21 03:10:00 EDT,42.59494,-79.02154,717,66.1,66.9,66.1,80.0,59.7,0.000,0.000,0.00,0.000,3.8,6.4,0.9,140,18,4.0,6.1,0.9,141,17,3.8,6.4,0.9,140,18,0,29.35,,0,0,0,70.6,71.1,69.4,0.22,0.25,0.34
BRAN,2017-08-21 03:15:00 EDT,42.59494,-79.02154,717,66.3,67.1,66.3,79.3,59.7,0.000,0.000,0.00,0.000,4.4,7.4,1.2,132,17,4.7,8.3,1.3,133,14,4.4,7.4,1.2,132,17,0,29.35,,0,0,0,70.5,71.1,69.4,0.22,0.25,0.34
BRAN,2017-08-21 03:20:00 EDT,42.59494,-79.02154,717,66.2,67.0,66.2,79.1,59.6,0.000,0.000,0.00,0.000,3.9,7.8,1.2,122,13,4.1,8.1,1.3,124,11,3.9,7.8,1.2,122,13,0,29.35,,0,0,0,70.4,71.1,69.3,0.22,0.25,0.34
BRAN,2017-08-21 03:25:00 EDT,42.59494,-79.02154,717,66.2,67.0,66.2,79.4,59.7,0.000,0.000,0.00,0.000,4.7,6.9,1.0,129,19,4.8,7.4,1.2,129,19,4.7,6.9,1.0,129,19,0,29.35,,0,0,0,70.3,71.1,69.4,0.22,0.25,0.34
BRAN,2017-08-21 03:30:00 EDT,42.59494,-79.02154,717,66.3,67.0,66.3,79.0,59.6,0.000,0.000,0.00,0.000,4.5,7.4,1.2,128,13,4.6,7.8,1.3,130,10,4.5,7.4,1.2,128,13,0,29.35,,0,0,0,70.3,71.1,69.4,0.22,0.25,0.34
BRAN,2017-08-21 03:35:00 EDT,42.59494,-79.02154,717,66.2,67.1,66.2,79.2,59.6,0.000,0.000,0.00,0.000,3.9,7.4,1.2,132,19,4.2,7.3,1.3,134,19,3.9,7.4,1.2,132,19,0,29.35,,0,0,0,70.3,71.1,69.4,0.22,0.25,0.34
BRAN,2017-08-21 03:40:00 EDT,42.59494,-79.02154,717,66.1,67.0,66.1,78.9,59.4,0.000,0.000,0.00,0.000,3.2,5.5,1.0,132,14,3.3,6.2,1.0,132,14,3.2,5.5,1.0,132,14,0,29.35,,0,0,0,70.3,71.1,69.3,0.22,0.25,0.34
BRAN,2017-08-21 03:45:00 EDT,42.59494,-79.02154,717,66.0,67.0,66.0,79.2,59.4,0.000,0.000,0.00,0.000,2.4,5.0,1.0,130,19,2.5,5.2,1.1,132,17,2.4,5.0,1.0,130,19,0,29.35,,0,0,0,70.3,71.0,69.4,0.22,0.25,0.34
BRAN,2017-08-21 03:50:00 EDT,42.59494,-79.02154,717,66.0,67.0,66.0,79.1,59.3,0.000,0.000,0.00,0.000,3.7,6.9,1.1,132,14,3.7,7.6,1.2,134,14,3.7,6.9,1.1,132,14,0,29.35,,0,0,0,70.3,71.1,69.4,0.22,0.25,0.34
BRAN,2017-08-21 03:55:00 EDT,42.59494,-79.02154,717,65.9,66.8,65.9,79.2,59.3,0.000,0.000,0.00,0.000,3.4,5.3,0.9,138,13,3.4,6.0,1.1,138,13,3.4,5.3,0.9,138,13,0,29.35,,0,0,0,70.3,71.1,69.4,0.22,0.25,0.34
BRAN,2017-08-21 04:00:00 EDT,42.59494,-79.02154,717,65.7,66.7,65.7,79.9,59.3,0.000,0.000,0.00,0.000,2.8,5.6,0.8,141,14,2.9,5.1,0.8,141,11,2.8,5.6,0.8,141,14,0,29.35,,0,0,0,70.3,71.0,69.4,0.22,0.25,0.34
BRAN,2017-08-21 04:05:00 EDT,42.59494,-79.02154,717,65.9,66.8,65.9,79.8,59.5,0.000,0.000,0.00,0.000,3.3,6.2,0.9,137,12,3.4,6.5,1.0,138,10,3.3,6.2,0.9,137,12,0,29.35,,0,0,0,70.3,71.0,69.4,0.22,0.25,0.34
BRAN,2017-08-21 04:10:00 EDT,42.59494,-79.02154,717,66.0,66.9,66.0,79.2,59.4,0.000,0.000,0.00,0.000,3.7,7.0,1.2,136,18,3.9,7.4,1.3,138,17,3.7,7.0,1.2,136,18,0,29.35,,0,0,0,70.3,71.0,69.4,0.22,0.25,0.34
BRAN,2017-08-21 04:15:00 EDT,42.59494,-79.02154,717,66.4,67.2,66.4,78.4,59.5,0.000,0.000,0.00,0.000,3.4,5.8,1.0,143,18,3.6,6.3,1.1,144,19,3.4,5.8,1.0,143,18,0,29.35,,0,0,0,70.3,70.9,69.4,0.22,0.25,0.34
BRAN,2017-08-21 04:20:00 EDT,42.59494,-79.02154,717,66.6,67.3,66.6,78.3,59.6,0.000,0.000,0.00,0.000,3.8,6.4,1.1,135,19,4.1,6.9,1.2,136,18,3.8,6.4,1.1,135,19,0,29.35,,0,0,0,70.3,70.8,69.4,0.22,0.25,0.34
BRAN,2017-08-21 04:25:00 EDT,42.59494,-79.02154,717,66.7,67.4,66.7,77.7,59.5,0.000,0.000,0.00,0.000,3.7,7.1,1.6,137,14,3.7,7.6,1.6,139,14,3.7,7.1,1.6,137,14,0,29.35,,0,0,0,70.2,70.7,69.5,0.22,0.25,0.34
BRAN,2017-08-21 04:30:00 EDT,42.59494,-79.02154,717,66.9,67.7,66.9,76.6,59.4,0.000,0.000,0.00,0.000,3.5,6.8,1.3,141,17,3.7,6.5,1.3,142,15,3.5,6.8,1.3,141,17,0,29.35,,0,0,0,70.0,70.7,69.5,0.22,0.25,0.34
BRAN,2017-08-21 04:35:00 EDT,42.59494,-79.02154,717,67.1,67.9,67.1,75.9,59.3,0.000,0.000,0.00,0.000,3.8,6.6,1.2,132,17,4.0,8.1,1.2,134,16,3.8,6.6,1.2,132,17,0,29.35,,0,0,0,70.0,70.7,69.4,0.22,0.25,0.34
BRAN,2017-08-21 04:40:00 EDT,42.59494,-79.02154,717,67.1,67.9,67.1,76.5,59.5,0.000,0.000,0.00,0.000,3.0,4.7,0.8,135,15,3.2,5.3,0.8,138,13,3.0,4.7,0.8,135,15,0,29.35,,0,0,0,70.0,70.7,69.6,0.22,0.25,0.34
BRAN,2017-08-21 04:45:00 EDT,42.59494,-79.02154,717,67.2,67.9,67.2,76.7,59.7,0.000,0.000,0.00,0.000,3.3,6.3,0.9,123,13,3.5,6.1,0.9,123,12,3.3,6.3,0.9,123,13,0,29.35,,0,0,0,70.0,70.7,69.5,0.22,0.25,0.34
BRAN,2017-08-21 04:50:00 EDT,42.59494,-79.02154,717,67.2,67.9,67.2,77.1,59.8,0.000,0.000,0.00,0.000,3.9,6.6,1.0,126,16,4.1,6.6,1.0,127,14,3.9,6.6,1.0,126,16,0,29.35,,0,0,0,70.0,70.7,69.5,0.22,0.25,0.34
BRAN,2017-08-21 04:55:00 EDT,42.59494,-79.02154,717,67.1,67.8,67.1,77.0,59.6,0.000,0.000,0.00,0.000,4.0,6.6,0.9,130,14,4.0,7.2,1.1,131,14,4.0,6.6,0.9,130,14,0,29.35,,0,0,0,70.0,70.7,69.5,0.22,0.25,0.34
BRAN,2017-08-21 05:00:00 EDT,42.59494,-79.02154,717,67.4,68.1,67.4,75.8,59.5,0.000,0.000,0.00,0.000,3.1,6.0,1.2,132,17,3.3,6.4,1.1,133,15,3.1,6.0,1.2,132,17,0,29.35,,0,0,0,70.0,70.7,69.5,0.22,0.25,0.34
BRAN,2017-08-21 05:05:00 EDT,42.59494,-79.02154,717,67.7,68.2,67.7,75.0,59.5,0.000,0.000,0.00,0.000,2.7,5.5,1.0,138,18,3.0,5.9,1.1,139,15,2.7,5.5,1.0,138,18,0,29.35,,0,0,0,70.0,70.7,69.5,0.22,0.25,0.34
BRAN,2017-08-21 05:10:00 EDT,42.59494,-79.02154,717,67.8,68.3,67.8,74.5,59.4,0.000,0.000,0.00,0.000,3.0,6.1,1.0,136,19,3.4,7.4,1.2,138,15,3.0,6.1,1.0,136,19,0,29.35,,0,0,0,70.0,70.7,69.4,0.22,0.25,0.34
BRAN,2017-08-21 05:15:00 EDT,42.59494,-79.02154,717,67.7,68.3,67.7,74.4,59.3,0.000,0.000,0.00,0.000,3.2,4.7,0.6,126,15,3.2,4.7,0.7,127,13,3.2,4.7,0.6,126,15,0,29.35,,0,0,0,70.0,70.7,69.5,0.22,0.25,0.34
BRAN,2017-08-21 05:20:00 EDT,42.59494,-79.02154,717,67.6,68.2,67.6,75.4,59.5,0.000,0.000,0.00,0.000,4.3,8.5,1.2,119,13,4.4,9.0,1.2,121,11,4.3,8.5,1.2,119,13,0,29.34,,0,0,0,70.0,70.7,69.5,0.22,0.25,0.34
BRAN,2017-08-21 05:25:00 EDT,42.59494,-79.02154,717,67.4,68.2,67.4,75.7,59.4,0.000,0.000,0.00,0.000,4.0,7.3,1.0,148,16,4.3,9.2,1.1,151,16,4.0,7.3,1.0,148,16,0,29.35,,0,0,0,70.0,70.7,69.5,0.22,0.25,0.34
BRAN,2017-08-21 05:30:00 EDT,42.59494,-79.02154,717,67.6,68.3,67.6,74.9,59.4,0.000,0.000,0.00,0.000,3.5,7.7,1.3,143,20,3.7,8.0,1.4,145,19,3.5,7.7,1.3,143,20,0,29.35,,0,0,0,70.0,70.7,69.4,0.22,0.25,0.34
BRAN,2017-08-21 05:35:00 EDT,42.59494,-79.02154,717,68.0,68.5,68.0,74.0,59.4,0.000,0.000,0.00,0.000,3.5,6.4,0.8,119,16,3.6,7.4,1.0,120,15,3.5,6.4,0.8,119,16,0,29.35,,0,0,0,70.0,70.7,69.4,0.22,0.25,0.34
BRAN,2017-08-21 05:40:00 EDT,42.59494,-79.02154,717,68.0,68.6,68.0,73.3,59.2,0.000,0.000,0.00,0.000,3.5,6.1,1.0,129,17,3.6,6.9,1.1,130,16,3.5,6.1,1.0,129,17,0,29.35,,0,0,0,70.0,70.7,69.4,0.22,0.25,0.34
BRAN,2017-08-21 05:45:00 EDT,42.59494,-79.02154,717,68.0,68.6,68.0,73.2,59.1,0.000,0.000,0.00,0.000,3.3,6.0,0.9,139,16,3.5,6.1,0.9,141,15,3.3,6.0,0.9,139,16,0,29.35,,0,0,0,70.0,70.7,69.4,0.22,0.25,0.34
BRAN,2017-08-21 05:50:00 EDT,42.59494,-79.02154,717,67.9,68.7,67.9,73.7,59.2,0.000,0.000,0.00,0.000,3.3,5.9,0.7,148,12,3.4,5.7,0.8,149,13,3.3,5.9,0.7,148,12,0,29.35,,0,0,0,70.0,70.7,69.4,0.22,0.25,0.34
BRAN,2017-08-21 05:55:00 EDT,42.59494,-79.02154,717,68.0,68.8,68.0,74.0,59.4,0.000,0.000,0.00,0.000,3.8,7.6,1.0,150,16,4.0,8.0,1.1,152,15,3.8,7.6,1.0,150,16,0,29.35,,0,0,0,70.0,70.7,69.5,0.22,0.25,0.34
BRAN,2017-08-21 06:00:00 EDT,42.59494,-79.02154,717,68.4,69.0,68.4,72.6,59.3,0.000,0.000,0.00,0.000,4.3,6.9,1.3,136,15,4.5,7.2,1.3,137,12,4.3,6.9,1.3,136,15,0,29.35,,0,0,0,70.0,70.7,69.5,0.22,0.25,0.34
BRAN,2017-08-21 06:05:00 EDT,42.59494,-79.02154,717,68.5,69.0,68.5,72.1,59.2,0.000,0.000,0.00,0.000,5.0,9.6,1.4,125,14,5.2,9.6,1.4,127,12,5.0,9.6,1.4,125,14,0,29.35,,0,0,0,70.0,70.7,69.5,0.22,0.25,0.34
BRAN,2017-08-21 06:10:00 EDT,42.59494,-79.02154,717,68.6,69.2,68.6,71.9,59.2,0.000,0.000,0.00,0.000,4.9,8.3,1.5,133,15,5.0,8.5,1.4,134,12,4.9,8.3,1.5,133,15,0,29.35,,0,0,0,70.0,70.7,69.5,0.22,0.25,0.34
BRAN,2017-08-21 06:15:00 EDT,42.59494,-79.02154,717,68.6,69.3,68.6,72.1,59.3,0.000,0.000,0.00,0.000,3.6,6.4,1.2,139,17,3.8,7.0,1.2,140,16,3.6,6.4,1.2,139,17,0,29.35,,0,0,0,70.0,70.7,69.5,0.22,0.25,0.34
BRAN,2017-08-21 06:20:00 EDT,42.59494,-79.02154,717,68.5,69.3,68.5,72.7,59.4,0.000,0.000,0.00,0.000,3.6,6.1,1.1,147,16,3.9,6.6,1.2,149,16,3.6,6.1,1.1,147,16,1,29.35,,0,0,0,69.9,70.7,69.5,0.22,0.25,0.34
BRAN,2017-08-21 06:25:00 EDT,42.59494,-79.02154,717,68.9,69.5,68.9,71.2,59.2,0.000,0.000,0.00,0.000,3.8,5.9,0.8,129,18,3.9,6.2,1.0,128,14,3.8,5.9,0.8,129,18,1,29.35,,0,0,0,69.9,70.7,69.5,0.22,0.25,0.34
BRAN,2017-08-21 06:30:00 EDT,42.59494,-79.02154,717,68.6,69.2,68.6,72.0,59.2,0.000,0.000,0.00,0.000,3.5,6.0,1.0,130,14,3.6,6.5,1.1,131,13,3.5,6.0,1.0,130,14,1,29.35,,0,0,0,69.8,70.7,69.4,0.22,0.25,0.34
BRAN,2017-08-21 06:35:00 EDT,42.59494,-79.02154,717,68.6,69.6,68.6,72.1,59.2,0.000,0.000,0.00,0.000,3.4,7.4,1.3,146,17,3.5,7.8,1.4,147,16,3.4,7.4,1.3,146,17,2,29.35,,0,0,0,69.7,70.7,69.5,0.22,0.25,0.34
BRAN,2017-08-21 06:40:00 EDT,42.59494,-79.02154,717,69.2,70.0,69.2,70.8,59.3,0.000,0.000,0.00,0.000,3.5,6.2,1.1,135,17,3.7,6.7,1.1,135,15,3.5,6.2,1.1,135,17,2,29.35,,0,0,0,69.7,70.7,69.5,0.22,0.25,0.34
BRAN,2017-08-21 06:45:00 EDT,42.59494,-79.02154,717,69.1,69.9,69.1,71.1,59.3,0.000,0.000,0.00,0.000,3.1,5.1,0.9,161,20,3.5,6.1,1.0,164,20,3.1,5.1,0.9,161,20,3,29.36,,0,0,0,69.6,70.7,69.4,0.22,0.25,0.34
BRAN,2017-08-21 06:50:00 EDT,42.59494,-79.02154,717,69.2,70.0,69.2,70.8,59.4,0.000,0.000,0.00,0.000,3.7,5.9,0.9,155,29,4.0,6.5,1.1,156,28,3.7,5.9,0.9,155,29,3,29.35,,0,0,0,69.6,70.7,69.4,0.22,0.25,0.34
BRAN,2017-08-21 06:55:00 EDT,42.59494,-79.02154,717,69.4,70.1,69.4,71.1,59.6,0.000,0.000,0.00,0.000,2.9,4.7,0.9,150,21,3.2,5.3,1.1,151,19,2.9,4.7,0.9,150,21,4,29.35,,0,0,0,69.6,70.7,69.5,0.22,0.25,0.34
BRAN,2017-08-21 07:00:00 EDT,42.59494,-79.02154,717,69.4,70.1,69.4,71.2,59.6,0.000,0.000,0.00,0.000,3.7,6.8,1.2,143,19,4.0,6.6,1.1,145,18,3.7,6.8,1.2,143,19,3,29.35,,0,0,0,69.6,70.7,69.4,0.22,0.25,0.34
BRAN,2017-08-21 07:05:00 EDT,42.59494,-79.02154,717,69.5,70.0,69.5,71.9,60.0,0.000,0.000,0.00,0.000,3.2,6.3,1.2,135,23,3.5,6.5,1.3,139,23,3.2,6.3,1.2,135,23,4,29.35,,0,0,0,69.6,70.7,69.5,0.22,0.25,0.34
BRAN,2017-08-21 07:10:00 EDT,42.59494,-79.02154,717,69.2,69.7,69.2,74.5,60.8,0.004,0.004,0.00,0.004,4.1,9.5,2.3,204,36,4.3,10.0,2.1,206,35,4.1,9.5,2.3,204,36,7,29.36,,0,0,0,69.6,70.7,69.3,0.22,0.25,0.34
BRAN,2017-08-21 07:15:00 EDT,42.59494,-79.02154,717,67.8,68.3,67.8,80.4,61.6,0.016,0.020,0.00,0.020,5.4,9.0,1.5,191,29,5.6,8.5,1.5,192,27,5.4,9.0,1.5,191,29,7,29.37,,0,0,0,69.6,70.6,69.4,0.22,0.25,0.34
BRAN,2017-08-21 07:20:00 EDT,42.59494,-79.02154,717,66.7,67.1,66.7,85.8,62.3,0.007,0.027,0.00,0.027,5.8,12.1,2.0,127,20,6.2,12.1,2.0,126,18,5.8,12.1,2.0,127,20,14,29.35,,0,0,0,69.6,70.5,69.4,0.22,0.25,0.34
BRAN,2017-08-21 07:25:00 EDT,42.59494,-79.02154,717,66.6,66.9,66.6,87.9,62.9,0.001,0.028,0.00,0.028,4.3,8.6,1.6,154,49,4.7,8.7,1.6,160,48,4.3,8.6,1.6,154,49,27,29.35,,0,0,0,69.6,70.5,69.4,0.22,0.25,0.34
BRAN,2017-08-21 07:30:00 EDT,42.59494,-79.02154,717,66.5,66.7,66.5,88.7,63.1,0.000,0.028,0.00,0.028,2.8,6.3,1.0,268,22,3.2,6.8,1.1,273,21,2.8,6.3,1.0,268,22,30,29.36,,0,0,0,69.6,70.4,69.4,0.22,0.26,0.34
BRAN,2017-08-21 07:35:00 EDT,42.59494,-79.02154,717,66.4,66.6,66.4,89.5,63.3,0.000,0.028,0.00,0.028,1.0,3.0,0.6,214,40,1.3,2.8,0.7,216,37,1.0,3.0,0.6,214,40,21,29.36,,0,0,0,69.6,70.3,69.4,0.22,0.26,0.34
BRAN,2017-08-21 07:40:00 EDT,42.59494,-79.02154,717,66.0,66.5,66.0,91.9,63.6,0.007,0.035,0.00,0.035,2.7,4.8,0.8,167,12,3.0,5.6,0.9,169,14,2.7,4.8,0.8,167,12,18,29.36,,0,0,0,69.6,70.3,69.3,0.22,0.26,0.34
BRAN,2017-08-21 07:45:00 EDT,42.59494,-79.02154,717,65.9,66.2,65.9,93.1,63.8,0.010,0.045,0.00,0.045,4.5,9.1,1.4,162,14,5.0,10.1,1.5,165,15,4.5,9.1,1.4,162,14,15,29.36,,0,0,0,69.6,70.4,69.3,0.22,0.26,0.34
BRAN,2017-08-21 07:50:00 EDT,42.59494,-79.02154,717,65.7,65.8,65.7,93.4,63.8,0.011,0.056,0.00,0.056,6.1,10.0,1.8,156,14,6.5,11.3,1.9,159,14,6.1,10.0,1.8,156,14,15,29.36,,0,0,0,69.6,70.3,69.3,0.22,0.25,0.34
BRAN,2017-08-21 07:55:00 EDT,42.59494,-79.02154,717,65.6,65.7,65.6,93.9,63.8,0.024,0.080,0.57,0.080,5.8,9.3,1.4,167,20,6.4,10.6,1.4,170,16,5.8,9.3,1.4,167,20,16,29.36,,0,0,0,69.6,70.3,69.4,0.22,0.25,0.34
BRAN,2017-08-21 08:00:00 EDT,42.59494,-79.02154,717,65.6,65.6,65.6,94.4,64.0,0.003,0.083,0.00,0.083,5.9,9.3,1.2,166,15,6.7,10.3,1.5,172,14,5.9,9.3,1.2,166,15,13,29.36,,0,0,0,69.6,70.3,69.3,0.22,0.25,0.34
BRAN,2017-08-21 08:05:00 EDT,42.59494,-79.02154,717,65.7,65.8,65.7,94.8,64.2,0.009,0.092,0.00,0.092,5.5,10.1,1.7,185,17,5.9,11.7,2.0,184,14,5.5,10.1,1.7,185,17,12,29.37,,0,0,0,69.6,70.3,69.4,0.22,0.25,0.34
BRAN,2017-08-21 08:10:00 EDT,42.59494,-79.02154,717,65.9,66.0,65.9,94.4,64.2,0.001,0.092,0.00,0.089,5.3,9.9,1.5,178,16,6.0,11.5,1.7,180,15,5.3,9.9,1.5,178,16,17,29.38,,0,0,0,69.6,70.3,69.4,0.22,0.25,0.34
BRAN,2017-08-21 08:15:00 EDT,42.59494,-79.02154,717,65.9,66.0,65.9,94.1,64.2,0.000,0.092,0.00,0.073,3.9,6.4,1.0,147,23,4.3,7.4,1.2,148,24,3.9,6.4,1.0,147,23,11,29.38,,0,0,0,69.6,70.3,69.3,0.22,0.25,0.34
BRAN,2017-08-21 08:20:00 EDT,42.59494,-79.02154,717,65.9,66.2,65.9,93.7,64.1,0.000,0.092,0.00,0.066,2.5,4.4,0.8,133,19,2.6,5.7,0.9,134,17,2.5,4.4,0.8,133,19,9,29.38,,0,0,0,69.6,70.3,69.3,0.22,0.25,0.34
BRAN,2017-08-21 08:25:00 EDT,42.59494,-79.02154,717,66.2,66.9,66.2,93.6,64.3,0.000,0.092,0.00,0.065,1.8,3.9,0.7,109,20,2.0,4.6,0.8,109,23,1.8,3.9,0.7,109,20,6,29.37,,0,0,0,69.6,70.3,69.3,0.22,0.25,0.34
BRAN,2017-08-21 08:30:00 EDT,42.59494,-79.02154,717,67.1,68.2,67.1,94.0,65.3,0.000,0.092,0.00,0.065,3.7,6.4,1.4,196,29,4.1,7.5,1.6,197,31,3.7,6.4,1.4,196,29,10,29.37,,0,0,0,69.6,70.3,69.3,0.22,0.25,0.34
BRAN,2017-08-21 08:35:00 EDT,42.59494,-79.02154,717,67.7,68.1,67.7,93.2,65.6,0.013,0.105,0.35,0.078,3.2,5.5,1.3,201,31,3.2,6.0,1.2,203,32,3.2,5.5,1.3,201,31,12,29.37,,0,0,0,69.6,70.3,69.3,0.22,0.25,0.34
BRAN,2017-08-21 08:40:00 EDT,42.59494,-79.02154,717,67.2,67.4,67.2,94.2,65.5,0.024,0.129,0.69,0.094,4.3,7.3,1.4,182,20,4.7,7.9,1.5,183,20,4.3,7.3,1.4,182,20,12,29.37,,0,0,0,69.6,70.3,69.3,0.22,0.25,0.34
BRAN,2017-08-21 08:45:00 EDT,42.59494,-79.02154,717,67.1,67.1,67.1,95.4,65.8,0.019,0.148,0.52,0.103,3.2,6.7,1.6,199,16,3.8,7.8,1.7,202,17,3.2,6.7,1.6,199,16,15,29.38,,0,0,0,69.6,70.3,69.3,0.22,0.25,0.34
BRAN,2017-08-21 08:50:00 EDT,42.59494,-79.02154,717,67.2,67.3,67.2,95.5,65.9,0.028,0.176,0.79,0.121,7.4,13.1,2.5,199,15,7.6,13.2,2.5,199,13,7.4,13.1,2.5,199,15,16,29.38,,0,0,0,69.6,70.3,69.3,0.22,0.25,0.34
BRAN,2017-08-21 08:55:00 EDT,42.59494,-79.02154,717,67.3,67.5,67.3,93.9,65.5,0.010,0.187,0.25,0.107,7.8,12.9,1.7,190,16,8.7,14.5,1.9,190,14,7.8,12.9,1.7,190,16,16,29.38,,0,0,0,69.6,70.3,69.3,0.22,0.25,0.34
BRAN,2017-08-21 09:00:00 EDT,42.59494,-79.02154,717,68.0,68.4,68.0,92.2,65.6,0.001,0.188,0.00,0.105,7.4,13.3,2.4,191,16,8.1,14.4,2.7,192,12,7.4,13.3,2.4,191,16,21,29.38,,0,0,0,69.6,70.3,69.3,0.22,0.25,0.34
BRAN,2017-08-21 09:05:00 EDT,42.59494,-79.02154,717,67.7,67.8,67.7,92.0,65.3,0.000,0.188,0.00,0.096,7.3,12.7,2.0,164,14,7.8,15.1,2.4,167,13,7.3,12.7,2.0,164,14,20,29.38,,0,0,0,69.5,70.3,69.3,0.22,0.25,0.34
BRAN,2017-08-21 09:10:00 EDT,42.59494,-79.02154,717,67.8,68.1,67.8,92.3,65.5,0.000,0.188,0.00,0.095,3.9,13.4,3.2,166,25,4.2,14.4,3.4,171,25,3.9,13.4,3.2,166,25,26,29.37,,0,0,0,69.6,70.3,69.3,0.22,0.25,0.34
BRAN,2017-08-21 09:15:00 EDT,42.59494,-79.02154,717,68.3,68.8,68.3,91.9,65.9,0.000,0.188,0.00,0.095,4.7,7.4,1.1,221,12,4.7,7.4,1.2,222,12,4.7,7.4,1.1,221,12,45,29.37,,0,0,0,69.5,70.3,69.3,0.22,0.25,0.34
BRAN,2017-08-21 09:20:00 EDT,42.59494,-79.02154,717,68.7,68.9,68.7,91.1,66.0,0.000,0.188,0.00,0.095,5.2,8.3,1.3,202,18,5.7,8.3,1.4,203,17,5.2,8.3,1.3,202,18,86,29.37,,0,0,0,69.4,70.3,69.3,0.22,0.25,0.34
BRAN,2017-08-21 09:25:00 EDT,42.59494,-79.02154,717,68.1,68.0,68.1,91.9,65.7,0.000,0.188,0.00,0.095,6.7,12.2,2.2,170,17,7.3,12.9,2.4,173,17,6.7,12.2,2.2,170,17,116,29.37,,0,0,0,69.3,70.3,69.3,0.22,0.25,0.34
BRAN,2017-08-21 09:30:00 EDT,42.59494,-79.02154,717,67.7,67.4,67.7,92.7,65.5,0.000,0.188,0.00,0.095,6.5,11.8,1.6,169,18,7.1,12.9,1.8,172,15,6.5,11.8,1.6,169,18,130,29.37,,0,0,0,69.4,70.3,69.3,0.22,0.25,0.34
BRAN,2017-08-21 09:35:00 EDT,42.59494,-79.02154,717,67.8,67.5,67.8,93.1,65.8,0.000,0.188,0.00,0.083,5.0,7.8,1.1,188,15,5.6,8.6,1.3,189,12,5.0,7.8,1.1,188,15,283,29.36,,0,0,0,69.3,70.3,69.3,0.22,0.25,0.34
BRAN,2017-08-21 09:40:00 EDT,42.59494,-79.02154,717,68.6,68.2,68.6,92.0,66.1,0.000,0.188,0.00,0.059,5.5,8.4,1.3,178,14,6.3,10.2,1.6,180,13,5.5,8.4,1.3,178,14,420,29.36,,0,0,0,69.3,70.3,69.3,0.22,0.25,0.34
BRAN,2017-08-21 09:45:00 EDT,42.59494,-79.02154,717,69.7,69.1,69.7,91.2,67.0,0.000,0.188,0.00,0.039,4.0,8.0,1.5,179,17,4.6,9.2,1.7,182,16,4.0,8.0,1.5,179,17,433,29.36,,0,0,0,69.3,70.3,69.3,0.22,0.25,0.34
BRAN,2017-08-21 09:50:00 EDT,42.59494,-79.02154,717,70.4,69.9,70.4,87.7,66.6,0.000,0.188,0.00,0.011,4.4,8.3,1.4,163,19,5.1,10.5,1.7,169,16,4.4,8.3,1.4,163,19,446,29.36,,0,0,0,69.3,70.3,69.3,0.22,0.25,0.34
BRAN,2017-08-21 09:55:00 EDT,42.59494,-79.02154,717,70.8,70.2,70.8,85.7,66.3,0.000,0.188,0.00,0.001,6.2,9.9,1.5,167,13,6.9,11.1,1.7,171,12,6.2,9.9,1.5,167,13,456,29.36,,0,0,0,69.3,70.3,69.3,0.22,0.25,0.34
BRAN,2017-08-21 10:00:00 EDT,42.59494,-79.02154,717,71.6,70.7,71.6,84.9,66.8,0.000,0.188,0.00,0.000,7.2,11.3,1.8,161,11,7.6,12.8,2.1,163,11,7.2,11.3,1.8,161,11,472,29.36,,0,0,0,69.3,70.3,69.3,0.22,0.25,0.34
BRAN,2017-08-21 10:05:00 EDT,42.59494,-79.02154,717,71.8,70.9,71.8,84.0,66.7,0.000,0.188,0.00,0.000,4.7,9.2,1.8,160,17,5.1,10.3,1.9,164,16,4.7,9.2,1.8,160,17,489,29.35,,0,0,0,69.3,70.3,69.3,0.22,0.25,0.34
BRAN,2017-08-21 10:10:00 EDT,42.59494,-79.02154,717,72.4,71.6,72.4,83.9,67.2,0.000,0.188,0.00,0.000,4.3,8.5,1.6,188,18,5.0,9.7,1.9,191,15,4.3,8.5,1.6,188,18,504,29.35,,0,0,0,69.3,70.3,69.3,0.22,0.25,0.34
BRAN,2017-08-21 10:15:00 EDT,42.59494,-79.02154,717,72.5,71.9,72.5,82.3,66.8,0.000,0.188,0.00,0.000,5.5,9.2,1.8,177,19,6.0,12.0,2.0,180,16,5.5,9.2,1.8,177,19,526,29.35,,0,0,0,69.3,70.3,69.3,0.22,0.25,0.34
BRAN,2017-08-21 10:20:00 EDT,42.59494,-79.02154,717,73.2,72.5,73.2,80.3,66.7,0.000,0.188,0.00,0.000,7.0,11.3,1.9,168,14,7.8,12.1,2.1,171,14,7.0,11.3,1.9,168,14,553,29.35,,0,0,0,69.3,70.3,69.3,0.22,0.25,0.34
BRAN,2017-08-21 10:25:00 EDT,42.59494,-79.02154,717,74.3,73.4,74.3,79.2,67.5,0.000,0.188,0.00,0.000,5.7,9.2,1.3,162,17,6.3,10.9,1.6,165,16,5.7,9.2,1.3,162,17,599,29.35,,0,0,0,69.3,70.3,69.3,0.22,0.25,0.34
BRAN,2017-08-21 10:30:00 EDT,42.59494,-79.02154,717,74.7,73.5,74.7,76.8,66.9,0.000,0.188,0.00,0.000,6.7,10.3,1.5,160,14,7.3,11.8,1.8,163,12,6.7,10.3,1.5,160,14,561,29.36,,0,0,0,69.3,70.3,69.3,0.22,0.25,0.34
BRAN,2017-08-21 10:35:00 EDT,42.59494,-79.02154,717,73.9,73.2,73.9,77.4,66.4,0.000,0.188,0.00,0.000,5.4,9.0,1.2,160,14,5.8,10.1,1.4,162,14,5.4,9.0,1.2,160,14,318,29.36,,0,0,0,69.3,70.3,69.3,0.22,0.25,0.34
BRAN,2017-08-21 10:40:00 EDT,42.59494,-79.02154,717,73.7,73.2,73.7,78.6,66.6,0.000,0.188,0.00,0.000,4.8,8.0,1.3,163,16,5.2,8.5,1.3,166,16,4.8,8.0,1.3,163,16,241,29.36,,0,0,0,69.3,70.2,69.3,0.22,0.25,0.34
BRAN,2017-08-21 10:45:00 EDT,42.59494,-79.02154,717,73.9,73.3,73.9,80.1,67.4,0.000,0.188,0.00,0.000,4.8,6.8,0.8,150,14,5.1,7.3,0.9,152,14,4.8,6.8,0.8,150,14,468,29.36,,0,0,0,69.3,70.2,69.3,0.22,0.25,0.34
BRAN,2017-08-21 10:50:00 EDT,42.59494,-79.02154,717,75.5,74.2,75.5,78.2,68.2,0.000,0.188,0.00,0.000,4.6,7.3,0.8,152,12,4.9,7.8,1.0,153,13,4.6,7.3,0.8,152,12,627,29.36,,0,0,0,69.3,70.2,69.3,0.22,0.25,0.34
BRAN,2017-08-21 10:55:00 EDT,42.59494,-79.02154,717,76.2,74.9,76.2,78.0,68.9,0.000,0.188,0.00,0.000,4.5,7.3,1.3,147,16,4.7,8.0,1.3,147,16,4.5,7.3,1.3,147,16,610,29.36,,0,0,0,69.3,70.2,69.3,0.22,0.25,0.34
BRAN,2017-08-21 11:00:00 EDT,42.59494,-79.02154,717,76.7,75.5,76.7,76.3,68.7,0.000,0.188,0.00,0.000,5.0,7.2,1.3,167,31,5.4,8.8,1.3,169,31,5.0,7.2,1.3,167,31,615,29.36,,0,0,0,69.3,70.1,69.3,0.22,0.25,0.34
BRAN,2017-08-21 11:05:00 EDT,42.59494,-79.02154,717,76.5,75.7,76.5,76.3,68.5,0.000,0.188,0.00,0.000,3.4,6.8,1.8,183,25,3.9,7.6,1.8,183,27,3.4,6.8,1.8,183,25,621,29.36,,0,0,0,69.3,70.1,69.3,0.22,0.25,0.34
BRAN,2017-08-21 11:10:00 EDT,42.59494,-79.02154,717,77.4,76.2,77.4,74.4,68.7,0.000,0.188,0.00,0.000,2.4,5.5,1.6,148,14,2.7,6.3,1.6,149,21,2.4,5.5,1.6,148,14,613,29.36,,0,0,0,69.3,70.0,69.3,0.22,0.25,0.34
BRAN,2017-08-21 11:15:00 EDT,42.59494,-79.02154,717,78.2,77.1,78.2,76.1,70.1,0.000,0.188,0.00,0.000,1.0,3.3,0.7,258,59,1.8,4.8,0.8,290,72,1.0,3.3,0.7,258,59,631,29.36,,0,0,0,69.3,70.1,69.3,0.22,0.25,0.34
BRAN,2017-08-21 11:20:00 EDT,42.59494,-79.02154,717,77.9,76.5,77.9,74.2,69.0,0.000,0.188,0.00,0.000,2.9,4.6,0.7,191,14,3.2,5.7,0.8,193,13,2.9,4.6,0.7,191,14,649,29.36,,0,0,0,69.4,70.1,69.3,0.22,0.25,0.34
BRAN,2017-08-21 11:25:00 EDT,42.59494,-79.02154,717,78.1,77.1,78.1,74.0,69.2,0.000,0.188,0.00,0.000,3.3,6.8,1.5,249,29,3.6,6.8,1.4,252,31,3.3,6.8,1.5,249,29,660,29.36,,0,0,0,69.5,70.0,69.3,0.22,0.25,0.34
BRAN,2017-08-21 11:30:00 EDT,42.59494,-79.02154,717,78.8,77.9,78.8,73.7,69.7,0.000,0.188,0.00,0.000,2.5,4.9,1.0,265,29,2.9,6.1,1.1,269,28,2.5,4.9,1.0,265,29,672,29.36,,0,0,0,69.6,70.0,69.3,0.22,0.25,0.34
BRAN,2017-08-21 11:35:00 EDT,42.59494,-79.02154,717,78.7,77.5,78.7,72.0,68.9,0.000,0.188,0.00,0.000,5.9,9.6,1.7,273,20,6.2,10.7,1.8,278,18,5.9,9.6,1.7,273,20,686,29.36,,0,0,0,69.6,70.0,69.3,0.22,0.25,0.34
BRAN,2017-08-21 11:40:00 EDT,42.59494,-79.02154,717,78.8,77.8,78.8,71.5,68.8,0.000,0.188,0.00,0.000,5.1,11.0,1.8,255,25,5.5,11.5,2.0,261,24,5.1,11.0,1.8,255,25,691,29.36,,0,0,0,69.6,70.0,69.3,0.22,0.25,0.34
BRAN,2017-08-21 11:45:00 EDT,42.59494,-79.02154,717,79.1,77.9,79.1,71.4,69.1,0.000,0.188,0.00,0.000,5.8,9.1,1.7,248,23,6.1,10.0,1.8,252,21,5.8,9.1,1.7,248,23,694,29.36,,0,0,0,69.6,70.0,69.3,0.22,0.25,0.34
BRAN,2017-08-21 11:50:00 EDT,42.59494,-79.02154,717,79.6,78.0,79.6,70.8,69.3,0.000,0.188,0.00,0.000,6.3,10.9,2.1,253,18,6.7,11.9,2.2,256,18,6.3,10.9,2.1,253,18,710,29.36,,0,0,0,69.6,70.0,69.3,0.22,0.25,0.34
BRAN,2017-08-21 11:55:00 EDT,42.59494,-79.02154,717,79.3,77.9,79.3,70.6,68.9,0.000,0.188,0.00,0.000,6.6,10.6,1.7,251,16,6.9,10.5,1.7,255,15,6.6,10.6,1.7,251,16,743,29.36,,0,0,0,69.6,70.0,69.3,0.22,0.25,0.34
BRAN,2017-08-21 12:00:00 EDT,42.59494,-79.02154,717,79.7,78.3,79.7,70.6,69.3,0.000,0.188,0.00,0.000,6.1,11.2,1.7,255,19,6.4,12.3,1.7,259,18,6.1,11.2,1.7,255,19,750,29.35,,0,0,0,69.6,70.0,69.3,0.22,0.25,0.34
BRAN,2017-08-21 12:05:00 EDT,42.59494,-79.02154,717,79.6,78.1,79.6,68.2,68.2,0.000,0.188,0.00,0.000,8.1,12.5,2.4,270,19,8.6,12.8,2.6,272,18,8.1,12.5,2.4,270,19,782,29.35,,0,0,0,69.6,70.0,69.3,0.22,0.25,0.34
BRAN,2017-08-21 12:10:00 EDT,42.59494,-79.02154,717,79.4,78.3,79.4,69.3,68.5,0.000,0.188,0.00,0.000,4.9,10.0,1.8,265,23,5.4,11.0,1.9,268,22,4.9,10.0,1.8,265,23,582,29.35,,0,0,0,69.6,70.0,69.3,0.22,0.25,0.34
BRAN,2017-08-21 12:15:00 EDT,42.59494,-79.02154,717,78.5,77.6,78.5,69.8,67.8,0.000,0.188,0.00,0.000,7.7,12.7,1.9,281,17,8.1,13.0,2.0,284,14,7.7,12.7,1.9,281,17,465,29.35,,0,0,0,69.6,70.0,69.3,0.22,0.25,0.34
BRAN,2017-08-21 12:20:00 EDT,42.59494,-79.02154,717,78.8,77.8,78.8,71.5,68.7,0.000,0.188,0.00,0.000,6.1,12.1,2.5,274,19,6.6,14.0,2.6,278,17,6.1,12.1,2.5,274,19,668,29.35,,0,0,0,69.8,70.0,69.3,0.22,0.25,0.34
BRAN,2017-08-21 12:25:00 EDT,42.59494,-79.02154,717,79.0,77.8,79.0,70.4,68.5,0.000,0.188,0.00,0.000,5.6,9.9,1.5,284,19,6.1,10.9,1.6,289,17,5.6,9.9,1.5,284,19,676,29.35,,0,0,0,70.0,70.0,69.3,0.22,0.25,0.34
BRAN,2017-08-21 12:30:00 EDT,42.59494,-79.02154,717,78.8,77.6,78.8,71.1,68.7,0.000,0.188,0.00,0.000,8.1,12.7,2.0,283,16,8.5,13.4,2.1,286,13,8.1,12.7,2.0,283,16,485,29.35,,0,0,0,70.0,70.0,69.3,0.22,0.25,0.34
BRAN,2017-08-21 12:35:00 EDT,42.59494,-79.02154,717,77.9,77.1,77.9,72.9,68.5,0.000,0.188,0.00,0.000,6.9,11.2,1.7,280,18,7.2,11.4,1.8,283,15,6.9,11.2,1.7,280,18,363,29.35,,0,0,0,70.0,70.0,69.3,0.22,0.25,0.34
BRAN,2017-08-21 12:40:00 EDT,42.59494,-79.02154,717,78.7,77.6,78.7,73.2,69.4,0.000,0.188,0.00,0.000,5.9,12.8,2.2,270,24,6.5,13.9,2.3,274,21,5.9,12.8,2.2,270,24,701,29.35,,0,0,0,70.0,70.0,69.3,0.22,0.25,0.34
BRAN,2017-08-21 12:45:00 EDT,42.59494,-79.02154,717,79.1,77.8,79.1,70.9,68.9,0.000,0.188,0.00,0.000,7.9,12.2,1.9,262,16,8.4,14.4,2.0,266,13,7.9,12.2,1.9,262,16,719,29.35,,0,0,0,70.0,70.0,69.3,0.22,0.25,0.34
BRAN,2017-08-21 12:50:00 EDT,42.59494,-79.02154,717,79.4,77.9,79.4,70.4,68.9,0.000,0.188,0.00,0.000,7.9,14.1,2.9,264,14,8.6,15.4,2.9,268,13,7.9,14.1,2.9,264,14,859,29.35,,0,0,0,70.0,70.0,69.3,0.21,0.25,0.34
BRAN,2017-08-21 12:55:00 EDT,42.59494,-79.02154,717,80.1,78.7,83.2,70.5,69.7,0.000,0.188,0.00,0.000,7.1,11.3,1.8,284,21,7.5,12.0,1.9,287,19,7.1,11.3,1.8,284,21,858,29.35,,0,0,0,70.0,70.0,69.3,0.22,0.25,0.34
BRAN,2017-08-21 13:00:00 EDT,42.59494,-79.02154,717,79.8,78.3,79.8,69.5,68.9,0.000,0.188,0.00,0.000,8.1,14.2,2.5,293,16,8.4,14.6,2.4,297,14,8.1,14.2,2.5,293,16,785,29.35,,0,0,0,70.0,70.0,69.3,0.22,0.25,0.34
BRAN,2017-08-21 13:05:00 EDT,42.59494,-79.02154,717,79.2,78.0,79.2,69.9,68.5,0.000,0.188,0.00,0.000,7.3,14.9,2.6,288,21,7.6,15.2,2.6,290,19,7.3,14.9,2.6,288,21,535,29.35,,0,0,0,70.2,70.0,69.3,0.22,0.25,0.34
BRAN,2017-08-21 13:10:00 EDT,42.59494,-79.02154,717,79.1,78.0,79.1,70.6,68.7,0.000,0.188,0.00,0.000,6.2,10.2,2.4,273,14,6.8,10.8,2.4,275,11,6.2,10.2,2.4,273,14,608,29.35,,0,0,0,70.3,70.0,69.3,0.22,0.25,0.34
BRAN,2017-08-21 13:15:00 EDT,42.59494,-79.02154,717,79.3,77.9,79.3,70.1,68.7,0.000,0.188,0.00,0.000,7.4,11.0,2.0,272,16,7.8,11.8,2.1,275,15,7.4,11.0,2.0,272,16,760,29.35,,0,0,0,70.3,70.0,69.3,0.22,0.25,0.34
BRAN,2017-08-21 13:20:00 EDT,42.59494,-79.02154,717,79.9,78.6,79.9,71.3,69.8,0.000,0.188,0.00,0.000,5.4,8.5,1.6,275,20,5.9,9.5,1.7,279,20,5.4,8.5,1.6,275,20,742,29.34,,0,0,0,70.3,70.0,69.3,0.22,0.25,0.34
BRAN,2017-08-21 13:25:00 EDT,42.59494,-79.02154,717,80.2,79.0,83.2,69.3,69.3,0.000,0.188,0.00,0.000,5.0,9.9,1.9,263,30,5.5,9.8,1.8,270,29,5.0,9.9,1.9,263,30,723,29.34,,0,0,0,70.3,70.0,69.3,0.22,0.25,0.34
BRAN,2017-08-21 13:30:00 EDT,42.59494,-79.02154,717,80.3,79.0,83.5,70.5,69.8,0.000,0.188,0.00,0.000,4.7,9.2,1.9,279,26,5.0,9.2,1.9,282,26,4.7,9.2,1.9,279,26,691,29.34,,0,0,0,70.3,70.1,69.3,0.22,0.25,0.34
BRAN,2017-08-21 13:35:00 EDT,42.59494,-79.02154,717,80.7,79.3,84.0,69.1,69.6,0.000,0.188,0.00,0.000,6.1,10.0,1.5,257,22,6.3,11.7,1.6,260,21,6.1,10.0,1.5,257,22,655,29.34,,0,0,0,70.6,70.1,69.3,0.22,0.25,0.34
BRAN,2017-08-21 13:40:00 EDT,42.59494,-79.02154,717,80.1,79.1,83.0,68.7,68.9,0.000,0.188,0.00,0.000,4.6,7.5,1.4,241,24,4.9,8.3,1.5,243,24,4.6,7.5,1.4,241,24,617,29.34,,0,0,0,70.7,70.2,69.3,0.22,0.25,0.34
BRAN,2017-08-21 13:45:00 EDT,42.59494,-79.02154,717,80.4,79.4,83.5,69.6,69.5,0.000,0.188,0.00,0.000,5.7,9.5,2.5,286,20,6.2,10.6,2.3,288,18,5.7,9.5,2.5,286,20,564,29.34,,0,0,0,70.7,70.3,69.3,0.22,0.25,0.34
BRAN,2017-08-21 13:50:00 EDT,42.59494,-79.02154,717,79.6,78.7,79.6,69.1,68.6,0.000,0.188,0.00,0.000,7.2,11.9,1.5,303,9,7.4,12.2,1.6,305,9,7.2,11.9,1.5,303,9,514,29.34,,0,0,0,70.7,70.2,69.3,0.22,0.25,0.34
BRAN,2017-08-21 13:55:00 EDT,42.59494,-79.02154,717,79.6,78.5,79.6,71.6,69.6,0.000,0.188,0.00,0.000,6.2,11.0,1.9,281,20,6.7,11.7,1.9,284,19,6.2,11.0,1.9,281,20,465,29.34,,0,0,0,70.7,70.3,69.3,0.22,0.25,0.34
BRAN,2017-08-21 14:00:00 EDT,42.59494,-79.02154,717,79.1,78.2,79.1,72.3,69.4,0.000,0.188,0.00,0.000,6.2,11.6,1.6,284,17,6.5,11.8,1.8,286,14,6.2,11.6,1.6,284,17,376,29.34,,0,0,0,70.7,70.3,69.3,0.22,0.25,0.34
BRAN,2017-08-21 14:05:00 EDT,42.59494,-79.02154,717,78.6,77.9,78.6,74.1,69.6,0.000,0.188,0.00,0.000,5.0,7.7,1.2,280,16,5.3,8.2,1.2,282,15,5.0,7.7,1.2,280,16,318,29.34,,0,0,0,70.7,70.3,69.3,0.22,0.25,0.34
BRAN,2017-08-21 14:10:00 EDT,42.59494,-79.02154,717,78.0,77.4,78.0,73.3,68.8,0.000,0.188,0.00,0.000,6.0,9.1,1.5,271,17,6.3,10.3,1.6,273,15,6.0,9.1,1.5,271,17,321,29.34,,0,0,0,70.8,70.3,69.3,0.22,0.25,0.34
BRAN,2017-08-21 14:15:00 EDT,42.59494,-79.02154,717,77.5,76.9,77.5,75.0,68.9,0.000,0.188,0.00,0.000,5.4,8.0,1.3,277,16,6.0,9.3,1.3,281,13,5.4,8.0,1.3,277,16,252,29.34,,0,0,0,71.1,70.3,69.3,0.22,0.25,0.34
BRAN,2017-08-21 14:20:00 EDT,42.59494,-79.02154,717,77.0,76.5,77.0,77.0,69.3,0.000,0.188,0.00,0.000,4.8,8.0,1.5,289,15,5.0,8.3,1.4,292,13,4.8,8.0,1.5,289,15,232,29.34,,0,0,0,71.1,70.3,69.3,0.22,0.25,0.34
BRAN,2017-08-21 14:25:00 EDT,42.59494,-79.02154,717,76.7,76.2,76.7,77.9,69.3,0.000,0.188,0.00,0.000,6.2,9.1,1.6,298,13,6.4,9.6,1.6,300,12,6.2,9.1,1.6,298,13,212,29.34,,0,0,0,71.1,70.3,69.3,0.22,0.25,0.34
BRAN,2017-08-21 14:30:00 EDT,42.59494,-79.02154,717,76.3,75.9,76.3,79.4,69.4,0.000,0.188,0.00,0.000,5.5,9.3,1.5,289,17,5.9,9.4,1.6,293,14,5.5,9.3,1.5,289,17,185,29.33,,0,0,0,71.1,70.3,69.3,0.22,0.25,0.34
BRAN,2017-08-21 14:35:00 EDT,42.59494,-79.02154,717,76.0,75.7,76.0,80.2,69.5,0.000,0.188,0.00,0.000,4.4,7.7,1.4,285,18,4.7,8.0,1.4,288,16,4.4,7.7,1.4,285,18,172,29.33,,0,0,0,71.2,70.3,69.3,0.22,0.25,0.34
BRAN,2017-08-21 14:40:00 EDT,42.59494,-79.02154,717,75.9,75.5,75.9,81.2,69.7,0.000,0.188,0.00,0.000,3.9,6.7,1.0,291,16,4.1,6.8,1.1,293,14,3.9,6.7,1.0,291,16,173,29.33,,0,0,0,71.4,70.3,69.3,0.22,0.25,0.34
BRAN,2017-08-21 14:45:00 EDT,42.59494,-79.02154,717,75.8,75.3,75.8,81.7,69.8,0.000,0.188,0.00,0.000,4.5,7.4,1.0,289,16,4.8,8.1,1.0,292,15,4.5,7.4,1.0,289,16,190,29.33,,0,0,0,71.4,70.3,69.3,0.22,0.25,0.34
BRAN,2017-08-21 14:50:00 EDT,42.59494,-79.02154,717,75.7,75.3,75.7,82.3,69.9,0.000,0.188,0.00,0.000,4.0,6.0,1.1,298,8,4.1,6.2,1.1,302,9,4.0,6.0,1.1,298,8,215,29.33,,0,0,0,71.4,70.3,69.3,0.22,0.25,0.34
BRAN,2017-08-21 14:55:00 EDT,42.59494,-79.02154,717,76.0,75.5,76.0,82.9,70.4,0.000,0.188,0.00,0.000,3.4,6.3,1.1,260,25,3.7,7.1,1.3,263,25,3.4,6.3,1.1,260,25,248,29.33,,0,0,0,71.4,70.3,69.3,0.22,0.25,0.34
BRAN,2017-08-21 15:00:00 EDT,42.59494,-79.02154,717,76.2,75.6,76.2,81.6,70.2,0.000,0.188,0.00,0.000,4.9,9.3,1.8,267,17,5.3,11.3,2.0,271,16,4.9,9.3,1.8,267,17,286,29.33,,0,0,0,71.4,70.3,69.3,0.22,0.25,0.34
BRAN,2017-08-21 15:05:00 EDT,42.59494,-79.02154,717,76.2,75.4,76.2,81.4,70.1,0.000,0.188,0.00,0.000,5.3,8.9,1.7,275,13,5.6,10.4,1.8,278,11,5.3,8.9,1.7,275,13,328,29.33,,0,0,0,71.4,70.3,69.3,0.22,0.25,0.34
BRAN,2017-08-21 15:10:00 EDT,42.59494,-79.02154,717,76.5,75.8,76.5,81.0,70.3,0.000,0.188,0.00,0.000,3.9,6.5,1.2,285,16,4.2,7.0,1.2,288,16,3.9,6.5,1.2,285,16,372,29.33,,0,0,0,71.4,70.3,69.3,0.22,0.25,0.34
BRAN,2017-08-21 15:15:00 EDT,42.59494,-79.02154,717,76.8,76.0,76.8,80.4,70.3,0.000,0.188,0.00,0.000,4.1,7.3,1.1,267,35,4.2,7.4,1.1,271,34,4.1,7.3,1.1,267,35,416,29.32,,0,0,0,71.5,70.3,69.3,0.22,0.25,0.34
BRAN,2017-08-21 15:20:00 EDT,42.59494,-79.02154,717,77.3,76.3,77.3,80.1,70.7,0.000,0.188,0.00,0.000,4.2,7.0,1.2,260,31,4.4,7.3,1.2,263,32,4.2,7.0,1.2,260,31,441,29.32,,0,0,0,71.8,70.3,69.3,0.22,0.25,0.34
BRAN,2017-08-21 15:25:00 EDT,42.59494,-79.02154,717,77.2,76.4,77.2,77.2,69.5,0.000,0.188,0.00,0.000,4.5,8.5,1.7,267,18,4.8,9.0,1.9,271,18,4.5,8.5,1.7,267,18,497,29.32,,0,0,0,71.8,70.4,69.3,0.22,0.25,0.34
BRAN,2017-08-21 15:30:00 EDT,42.59494,-79.02154,717,77.9,76.9,77.9,77.3,70.2,0.000,0.188,0.00,0.000,3.5,6.4,1.4,281,23,3.9,6.9,1.4,286,22,3.5,6.4,1.4,281,23,532,29.32,,0,0,0,71.8,70.4,69.3,0.22,0.25,0.34
BRAN,2017-08-21 15:35:00 EDT,42.59494,-79.02154,717,78.2,77.3,78.2,77.3,70.5,0.000,0.188,0.00,0.000,2.8,5.8,1.4,238,24,3.0,6.7,1.3,243,28,2.8,5.8,1.4,238,24,559,29.32,,0,0,0,71.8,70.6,69.3,0.22,0.25,0.34
BRAN,2017-08-21 15:40:00 EDT,42.59494,-79.02154,717,78.9,77.8,78.9,76.2,70.7,0.000,0.188,0.00,0.000,3.4,7.7,2.2,246,26,3.8,7.9,2.1,253,27,3.4,7.7,2.2,246,26,586,29.32,,0,0,0,71.8,70.7,69.3,0.22,0.25,0.34
BRAN,2017-08-21 15:45:00 EDT,42.59494,-79.02154,717,79.0,77.8,79.0,74.9,70.3,0.000,0.188,0.00,0.000,5.5,11.0,1.8,240,20,5.7,10.8,1.8,243,19,5.5,11.0,1.8,240,20,603,29.32,,0,0,0,71.8,70.7,69.3,0.22,0.25,0.34
BRAN,2017-08-21 15:50:00 EDT,42.59494,-79.02154,717,79.1,77.8,79.1,74.4,70.3,0.000,0.188,0.00,0.000,6.1,9.3,2.0,243,14,6.2,9.8,2.0,246,13,6.1,9.3,2.0,243,14,612,29.32,,0,0,0,71.9,70.7,69.3,0.22,0.25,0.34
BRAN,2017-08-21 15:55:00 EDT,42.59494,-79.02154,717,79.4,78.0,79.4,72.9,70.0,0.000,0.188,0.00,0.000,5.8,9.2,1.9,270,14,6.2,10.3,1.9,274,14,5.8,9.2,1.9,270,14,607,29.32,,0,0,0,72.2,70.7,69.3,0.22,0.25,0.34
BRAN,2017-08-21 16:00:00 EDT,42.59494,-79.02154,717,79.6,78.4,79.6,72.6,70.1,0.000,0.188,0.00,0.000,4.6,8.3,1.6,275,20,5.0,8.6,1.6,277,19,4.6,8.3,1.6,275,20,602,29.32,,0,0,0,72.3,70.7,69.3,0.22,0.25,0.34
BRAN,2017-08-21 16:05:00 EDT,42.59494,-79.02154,717,80.0,78.7,80.0,72.8,70.5,0.000,0.188,0.00,0.000,5.0,7.8,1.7,297,31,5.3,8.6,1.9,300,29,5.0,7.8,1.7,297,31,577,29.32,,0,0,0,72.3,70.7,69.3,0.22,0.25,0.34
BRAN,2017-08-21 16:10:00 EDT,42.59494,-79.02154,717,80.1,78.8,83.5,72.8,70.6,0.000,0.188,0.00,0.000,5.8,9.9,1.7,313,22,6.1,12.2,1.9,317,20,5.8,9.9,1.7,313,22,578,29.32,,0,0,0,72.3,70.7,69.3,0.22,0.25,0.34
BRAN,2017-08-21 16:15:00 EDT,42.59494,-79.02154,717,80.3,79.0,83.9,73.3,71.0,0.000,0.188,0.00,0.000,6.2,12.5,2.2,309,13,6.5,11.7,2.0,311,13,6.2,12.5,2.2,309,13,566,29.32,,0,0,0,72.3,70.7,69.3,0.22,0.25,0.34
BRAN,2017-08-21 16:20:00 EDT,42.59494,-79.02154,717,79.9,78.8,79.9,72.6,70.3,0.000,0.188,0.00,0.000,7.4,10.9,1.5,283,16,7.8,12.3,1.6,286,14,7.4,10.9,1.5,283,16,559,29.32,,0,0,0,72.3,70.7,69.3,0.21,0.25,0.34
BRAN,2017-08-21 16:25:00 EDT,42.59494,-79.02154,717,80.1,79.0,83.4,72.3,70.4,0.000,0.188,0.00,0.000,4.1,8.2,1.8,259,20,4.5,8.8,1.9,263,19,4.1,8.2,1.8,259,20,549,29.32,,0,0,0,72.3,70.7,69.3,0.22,0.25,0.34
BRAN,2017-08-21 16:30:00 EDT,42.59494,-79.02154,717,80.4,79.2,83.9,71.5,70.4,0.000,0.188,0.00,0.000,5.3,8.1,1.5,283,16,5.7,8.8,1.4,286,14,5.3,8.1,1.5,283,16,536,29.32,,0,0,0,72.3,70.7,69.3,0.21,0.25,0.34
BRAN,2017-08-21 16:35:00 EDT,42.59494,-79.02154,717,80.1,79.0,83.4,72.3,70.4,0.000,0.188,0.00,0.000,6.3,9.4,1.5,279,14,6.7,10.9,1.6,281,12,6.3,9.4,1.5,279,14,526,29.32,,0,0,0,72.3,70.7,69.3,0.22,0.25,0.34
BRAN,2017-08-21 16:40:00 EDT,42.59494,-79.02154,717,80.3,79.3,83.7,72.2,70.5,0.000,0.188,0.00,0.000,5.8,9.6,1.9,296,16,6.2,10.1,1.8,299,15,5.8,9.6,1.9,296,16,514,29.31,,0,0,0,72.3,70.7,69.3,0.21,0.25,0.34
BRAN,2017-08-21 16:45:00 EDT,42.59494,-79.02154,717,80.5,79.3,84.1,72.5,70.8,0.000,0.188,0.00,0.000,5.2,7.7,1.3,281,20,5.6,8.9,1.3,286,18,5.2,7.7,1.3,281,20,504,29.31,,0,0,0,72.3,70.7,69.3,0.21,0.25,0.34
BRAN,2017-08-21 16:50:00 EDT,42.59494,-79.02154,717,80.6,79.6,84.3,73.0,71.1,0.000,0.188,0.00,0.000,3.4,6.2,1.4,253,25,3.7,7.2,1.4,256,26,3.4,6.2,1.4,253,25,491,29.31,,0,0,0,72.3,70.7,69.3,0.21,0.25,0.34
BRAN,2017-08-21 16:55:00 EDT,42.59494,-79.02154,717,80.9,79.7,84.8,72.0,71.0,0.000,0.188,0.00,0.000,4.8,7.5,1.3,279,19,5.1,8.3,1.3,283,18,4.8,7.5,1.3,279,19,481,29.31,,0,0,0,72.5,70.7,69.3,0.21,0.25,0.34
BRAN,2017-08-21 17:00:00 EDT,42.59494,-79.02154,717,80.6,79.5,84.2,71.6,70.6,0.000,0.188,0.00,0.000,4.4,6.6,1.1,241,17,4.7,7.3,1.2,244,17,4.4,6.6,1.1,241,17,466,29.31,,0,0,0,72.7,70.7,69.3,0.21,0.25,0.34
BRAN,2017-08-21 17:05:00 EDT,42.59494,-79.02154,717,80.4,79.5,83.9,72.5,70.7,0.000,0.188,0.00,0.000,4.3,8.0,2.0,226,25,4.4,8.2,1.8,231,25,4.3,8.0,2.0,226,25,453,29.31,,0,0,0,72.7,70.7,69.3,0.21,0.25,0.34
BRAN,2017-08-21 17:10:00 EDT,42.59494,-79.02154,717,80.6,79.6,84.1,71.3,70.4,0.000,0.188,0.00,0.000,4.5,8.3,2.0,270,16,4.9,8.8,2.1,274,15,4.5,8.3,2.0,270,16,440,29.31,,0,0,0,72.7,70.7,69.3,0.21,0.25,0.34
BRAN,2017-08-21 17:15:00 EDT,42.59494,-79.02154,717,80.8,79.7,84.2,69.9,70.0,0.000,0.188,0.00,0.000,4.4,7.2,1.5,278,13,4.9,8.4,1.5,280,11,4.4,7.2,1.5,278,13,426,29.31,,0,0,0,72.7,70.8,69.3,0.21,0.25,0.34
BRAN,2017-08-21 17:20:00 EDT,42.59494,-79.02154,717,80.5,79.5,83.7,68.9,69.4,0.000,0.188,0.00,0.000,5.1,8.7,1.2,261,16,5.4,8.4,1.2,265,15,5.1,8.7,1.2,261,16,410,29.31,,0,0,0,72.7,70.9,69.3,0.21,0.25,0.34
BRAN,2017-08-21 17:25:00 EDT,42.59494,-79.02154,717,80.5,79.6,83.6,69.5,69.6,0.000,0.188,0.00,0.000,4.4,8.8,1.8,240,29,4.8,9.7,1.8,243,28,4.4,8.8,1.8,240,29,395,29.31,,0,0,0,72.7,71.1,69.3,0.21,0.25,0.34
BRAN,2017-08-21 17:30:00 EDT,42.59494,-79.02154,717,80.4,79.7,83.5,69.0,69.3,0.000,0.188,0.00,0.000,5.1,8.5,1.5,250,16,5.3,9.6,1.6,254,16,5.1,8.5,1.5,250,16,381,29.31,,0,0,0,72.7,71.1,69.3,0.21,0.25,0.34
BRAN,2017-08-21 17:35:00 EDT,42.59494,-79.02154,717,80.7,79.9,83.8,67.9,69.1,0.000,0.188,0.00,0.000,3.7,6.1,1.1,262,16,4.0,6.1,1.1,267,16,3.7,6.1,1.1,262,16,367,29.31,,0,0,0,72.7,71.0,69.3,0.21,0.25,0.34
BRAN,2017-08-21 17:40:00 EDT,42.59494,-79.02154,717,80.5,79.7,83.5,68.1,69.0,0.000,0.188,0.00,0.000,4.6,6.1,0.9,269,18,4.9,6.8,1.1,274,17,4.6,6.1,0.9,269,18,351,29.31,,0,0,0,72.7,71.1,69.3,0.21,0.25,0.34
BRAN,2017-08-21 17:45:00 EDT,42.59494,-79.02154,717,80.5,79.7,83.7,69.2,69.5,0.000,0.188,0.00,0.000,2.9,4.6,0.9,249,13,3.1,4.6,0.9,254,14,2.9,4.6,0.9,249,13,337,29.31,,0,0,0,72.9,71.1,69.3,0.21,0.25,0.34
BRAN,2017-08-21 17:50:00 EDT,42.59494,-79.02154,717,80.8,80.1,84.1,68.1,69.3,0.000,0.188,0.00,0.000,0.7,2.3,0.6,279,33,1.2,3.1,0.6,286,32,0.7,2.3,0.6,279,33,323,29.30,,0,0,0,73.0,71.1,69.3,0.21,0.25,0.34
BRAN,2017-08-21 17:55:00 EDT,42.59494,-79.02154,717,80.8,80.1,84.0,68.3,69.4,0.000,0.188,0.00,0.000,3.0,6.1,1.7,277,20,3.4,6.2,1.4,279,21,3.0,6.1,1.7,277,20,306,29.30,,0,0,0,73.0,71.1,69.3,0.21,0.25,0.34
BRAN,2017-08-21 18:00:00 EDT,42.59494,-79.02154,717,80.7,79.9,84.1,70.3,70.1,0.000,0.188,0.00,0.000,2.1,3.7,0.8,270,31,2.4,4.0,0.8,274,31,2.1,3.7,0.8,270,31,292,29.30,,0,0,0,73.0,71.1,69.3,0.21,0.25,0.34
BRAN,2017-08-21 18:05:00 EDT,42.59494,-79.02154,717,80.7,79.9,84.1,70.5,70.2,0.000,0.188,0.00,0.000,2.4,4.6,1.3,277,16,2.8,5.0,1.3,282,17,2.4,4.6,1.3,277,16,278,29.30,,0,0,0,73.0,71.1,69.3,0.21,0.25,0.34
BRAN,2017-08-21 18:10:00 EDT,42.59494,-79.02154,717,80.3,79.8,83.6,70.6,69.9,0.000,0.188,0.00,0.000,2.1,3.7,0.7,316,29,2.4,4.2,0.8,324,27,2.1,3.7,0.7,316,29,264,29.30,,0,0,0,73.0,71.1,69.3,0.21,0.25,0.34
BRAN,2017-08-21 18:15:00 EDT,42.59494,-79.02154,717,80.5,79.8,84.0,71.7,70.5,0.000,0.188,0.00,0.000,3.0,4.2,0.8,269,15,3.3,4.6,0.8,274,15,3.0,4.2,0.8,269,15,251,29.30,,0,0,0,73.0,71.1,69.3,0.21,0.25,0.34
BRAN,2017-08-21 18:20:00 EDT,42.59494,-79.02154,717,80.3,79.7,83.7,71.4,70.2,0.000,0.188,0.00,0.000,2.3,3.9,0.7,241,13,2.4,4.2,0.8,243,15,2.3,3.9,0.7,241,13,239,29.30,,0,0,0,73.0,71.1,69.3,0.21,0.25,0.34
BRAN,2017-08-21 18:25:00 EDT,42.59494,-79.02154,717,80.3,79.7,83.7,71.8,70.4,0.000,0.188,0.00,0.000,1.9,4.2,1.0,264,22,2.2,4.9,0.9,268,23,1.9,4.2,1.0,264,22,224,29.30,,0,0,0,73.0,71.1,69.3,0.21,0.25,0.34
BRAN,2017-08-21 18:30:00 EDT,42.59494,-79.02154,717,80.3,79.7,83.7,71.3,70.2,0.000,0.188,0.00,0.000,1.9,3.5,0.7,258,15,2.3,4.5,0.8,263,17,1.9,3.5,0.7,258,15,209,29.30,,0,0,0,73.0,71.1,69.3,0.21,0.25,0.34
BRAN,2017-08-21 18:35:00 EDT,42.59494,-79.02154,717,80.1,79.5,83.4,72.3,70.4,0.000,0.188,0.00,0.000,1.4,2.8,0.6,302,18,1.7,3.2,0.5,302,19,1.4,2.8,0.6,302,18,192,29.30,,0,0,0,73.0,71.1,69.3,0.21,0.25,0.34
BRAN,2017-08-21 18:40:00 EDT,42.59494,-79.02154,717,80.2,79.6,83.7,73.5,70.9,0.000,0.188,0.00,0.000,1.2,3.0,0.7,245,23,1.5,3.4,0.6,254,26,1.2,3.0,0.7,245,23,175,29.30,,0,0,0,73.0,71.1,69.3,0.21,0.25,0.34
BRAN,2017-08-21 18:45:00 EDT,42.59494,-79.02154,717,79.7,79.4,79.7,73.0,70.3,0.000,0.188,0.00,0.000,3.2,5.6,0.8,248,18,3.3,6.2,0.9,253,19,3.2,5.6,0.8,248,18,161,29.30,,0,0,0,73.0,71.1,69.3,0.21,0.25,0.34
BRAN,2017-08-21 18:50:00 EDT,42.59494,-79.02154,717,79.4,79.2,79.4,75.2,70.8,0.000,0.188,0.00,0.000,2.7,4.0,0.6,222,11,2.5,3.8,0.5,223,10,2.7,4.0,0.6,222,11,138,29.30,,0,0,0,73.1,71.1,69.3,0.21,0.25,0.34
BRAN,2017-08-21 18:55:00 EDT,42.59494,-79.02154,717,79.1,79.1,79.1,77.0,71.3,0.000,0.188,0.00,0.000,3.1,4.3,0.6,189,8,3.4,4.7,0.6,193,8,3.1,4.3,0.6,189,8,132,29.29,,0,0,0,73.1,71.2,69.3,0.21,0.25,0.34
BRAN,2017-08-21 19:00:00 EDT,42.59494,-79.02154,717,78.8,78.9,78.8,77.3,71.1,0.000,0.188,0.00,0.000,2.3,3.6,0.6,192,11,2.4,3.8,0.7,197,12,2.3,3.6,0.6,192,11,113,29.29,,0,0,0,73.3,71.4,69.3,0.21,0.25,0.34
BRAN,2017-08-21 19:05:00 EDT,42.59494,-79.02154,717,78.7,78.7,78.7,78.1,71.3,0.000,0.188,0.00,0.000,0.7,1.8,0.6,203,12,0.9,2.1,0.7,206,15,0.7,1.8,0.6,203,12,108,29.29,,0,0,0,73.3,71.4,69.3,0.21,0.25,0.34
BRAN,2017-08-21 19:10:00 EDT,42.59494,-79.02154,717,78.9,78.7,78.9,76.5,70.8,0.000,0.188,0.00,0.000,0.3,1.2,0.4,284,8,0.8,1.7,0.5,276,29,0.3,1.2,0.4,284,8,94,29.29,,0,0,0,73.4,71.4,69.3,0.21,0.25,0.34
BRAN,2017-08-21 19:15:00 EDT,42.59494,-79.02154,717,78.7,78.8,78.7,78.0,71.3,0.000,0.188,0.00,0.000,0.2,0.9,0.3,282,3,0.4,1.3,0.5,317,28,0.2,0.9,0.3,282,3,77,29.29,,0,0,0,73.4,71.4,69.3,0.21,0.25,0.34
BRAN,2017-08-21 19:20:00 EDT,42.59494,-79.02154,717,77.8,78.3,77.8,80.0,71.1,0.000,0.188,0.00,0.000,0.3,1.8,0.5,325,13,0.7,2.2,0.7,334,23,0.3,1.8,0.5,325,13,50,29.29,,0,0,0,73.4,71.4,69.3,0.21,0.25,0.34
BRAN,2017-08-21 19:25:00 EDT,42.59494,-79.02154,717,77.2,78.3,77.2,80.1,70.6,0.000,0.188,0.00,0.000,0.5,2.2,0.7,256,3,1.0,2.4,0.7,286,35,0.5,2.2,0.7,256,3,30,29.29,,0,0,0,73.4,71.4,69.3,0.21,0.25,0.34
BRAN,2017-08-21 19:30:00 EDT,42.59494,-79.02154,717,75.4,77.7,75.4,85.0,70.5,0.000,0.188,0.00,0.000,0.0,0.1,0.0,267,0,0.3,1.2,0.4,219,32,0.0,0.1,0.0,267,0,20,29.29,,0,0,0,73.4,71.4,69.3,0.21,0.25,0.34
BRAN,2017-08-21 19:35:00 EDT,42.59494,-79.02154,717,74.5,77.2,74.5,86.2,70.1,0.000,0.188,0.00,0.000,0.0,0.0,0.0,0,0,0.6,1.4,0.5,148,6,0.0,0.0,0.0,0,0,16,29.29,,0,0,0,73.4,71.4,69.3,0.21,0.25,0.34
BRAN,2017-08-21 19:40:00 EDT,42.59494,-79.02154,717,73.6,77.0,73.6,87.4,69.6,0.000,0.188,0.00,0.000,0.0,0.0,0.0,0,0,1.0,1.5,0.2,142,6,0.0,0.0,0.0,0,0,21,29.29,,0,0,0,73.4,71.4,69.3,0.21,0.25,0.34
BRAN,2017-08-21 19:45:00 EDT,42.59494,-79.02154,717,73.0,76.8,73.0,88.6,69.4,0.000,0.188,0.00,0.000,0.5,1.8,0.6,172,5,1.4,2.4,0.3,159,7,0.5,1.8,0.6,172,5,24,29.29,,0,0,0,73.4,71.4,69.3,0.21,0.25,0.34
BRAN,2017-08-21 19:50:00 EDT,42.59494,-79.02154,717,72.6,76.0,72.6,89.5,69.4,0.000,0.188,0.00,0.000,1.6,2.1,0.2,161,5,1.9,2.6,0.3,155,9,1.6,2.1,0.2,161,5,18,29.28,,0,0,0,73.4,71.4,69.3,0.21,0.25,0.34
BRAN,2017-08-21 19:55:00 EDT,42.59494,-79.02154,717,72.3,75.4,72.3,89.8,69.1,0.000,0.188,0.00,0.000,2.6,3.0,0.3,161,4,3.0,3.4,0.3,166,5,2.6,3.0,0.3,161,4,13,29.28,,0,0,0,73.4,71.4,69.3,0.21,0.25,0.34
BRAN,2017-08-21 20:00:00 EDT,42.59494,-79.02154,717,71.7,75.1,71.7,90.3,68.7,0.000,0.188,0.00,0.000,2.0,2.8,0.5,153,5,2.4,3.3,0.5,150,7,2.0,2.8,0.5,153,5,8,29.28,,0,0,0,73.4,71.4,69.3,0.21,0.25,0.34
BRAN,2017-08-21 20:05:00 EDT,42.59494,-79.02154,717,71.2,74.5,71.2,90.9,68.4,0.000,0.188,0.00,0.000,1.7,2.2,0.2,152,4,2.0,2.6,0.3,155,7,1.7,2.2,0.2,152,4,5,29.28,,0,0,0,73.4,71.4,69.3,0.21,0.25,0.34
BRAN,2017-08-21 20:10:00 EDT,42.59494,-79.02154,717,71.5,74.0,71.5,92.2,69.1,0.000,0.188,0.00,0.000,1.3,2.1,0.6,157,0,1.6,2.6,0.6,151,8,1.3,2.1,0.6,157,0,3,29.28,,0,0,0,73.4,71.4,69.3,0.21,0.25,0.34
BRAN,2017-08-21 20:15:00 EDT,42.59494,-79.02154,717,71.2,73.6,71.2,93.0,69.1,0.000,0.188,0.00,0.000,0.0,0.0,0.0,0,0,0.4,1.0,0.4,42,16,0.0,0.0,0.0,0,0,2,29.28,,0,0,0,73.4,71.4,69.3,0.21,0.25,0.34
BRAN,2017-08-21 20:20:00 EDT,42.59494,-79.02154,717,70.4,73.0,70.4,93.1,68.3,0.000,0.188,0.00,0.000,0.0,0.0,0.0,0,0,0.2,1.0,0.4,17,3,0.0,0.0,0.0,0,0,1,29.28,,0,0,0,73.4,71.4,69.3,0.21,0.25,0.34
BRAN,2017-08-21 20:25:00 EDT,42.59494,-79.02154,717,70.4,72.8,70.4,94.2,68.6,0.000,0.188,0.00,0.000,0.0,0.0,0.0,0,0,0.0,0.8,0.1,91,0,0.0,0.0,0.0,0,0,1,29.28,,0,0,0,73.4,71.4,69.3,0.22,0.25,0.34
BRAN,2017-08-21 20:30:00 EDT,42.59494,-79.02154,717,69.5,72.3,69.5,94.3,67.8,0.000,0.188,0.00,0.000,0.1,0.9,0.3,157,0,0.6,1.3,0.4,137,14,0.1,0.9,0.3,157,0,1,29.28,,0,0,0,73.4,71.4,69.3,0.21,0.25,0.34
BRAN,2017-08-21 20:35:00 EDT,42.59494,-79.02154,717,69.0,72.0,69.0,94.9,67.5,0.000,0.188,0.00,0.000,1.4,2.2,0.5,157,0,1.7,2.7,0.6,156,7,1.4,2.2,0.5,157,0,1,29.28,,0,0,0,73.4,71.4,69.3,0.21,0.25,0.34
BRAN,2017-08-21 20:40:00 EDT,42.59494,-79.02154,717,69.4,72.0,69.4,95.6,68.1,0.000,0.188,0.00,0.000,2.4,3.1,0.5,153,2,2.6,3.6,0.6,152,4,2.4,3.1,0.5,153,2,1,29.28,,0,0,0,73.4,71.4,69.3,0.21,0.25,0.34
BRAN,2017-08-21 20:45:00 EDT,42.59494,-79.02154,717,68.5,72.0,68.5,96.0,67.3,0.000,0.188,0.00,0.000,2.9,3.4,0.2,162,5,3.1,3.8,0.3,163,7,2.9,3.4,0.2,162,5,1,29.29,,0,0,0,73.4,71.4,69.3,0.22,0.25,0.34
BRAN,2017-08-21 20:50:00 EDT,42.59494,-79.02154,717,69.0,72.4,69.0,96.3,67.9,0.000,0.188,0.00,0.000,3.2,3.8,0.2,170,5,3.5,4.3,0.3,173,7,3.2,3.8,0.2,170,5,1,29.29,,0,0,0,73.4,71.4,69.3,0.22,0.25,0.34
BRAN,2017-08-21 20:55:00 EDT,42.59494,-79.02154,717,70.0,72.7,70.0,97.4,69.2,0.000,0.188,0.00,0.000,3.3,4.7,0.4,174,5,3.6,5.3,0.5,178,6,3.3,4.7,0.4,174,5,1,29.29,,0,0,0,73.4,71.4,69.3,0.22,0.25,0.34
BRAN,2017-08-21 21:00:00 EDT,42.59494,-79.02154,717,70.2,72.6,70.2,97.6,69.5,0.000,0.188,0.00,0.000,4.0,5.4,0.5,172,6,4.3,5.9,0.5,175,6,4.0,5.4,0.5,172,6,1,29.29,,0,0,0,73.4,71.5,69.3,0.22,0.25,0.34
BRAN,2017-08-21 21:05:00 EDT,42.59494,-79.02154,717,70.2,72.6,70.2,97.0,69.3,0.000,0.188,0.00,0.000,5.0,6.8,0.6,171,6,5.3,6.8,0.6,173,5,5.0,6.8,0.6,171,6,1,29.28,,0,0,0,73.4,71.6,69.3,0.22,0.25,0.34
BRAN,2017-08-21 21:10:00 EDT,42.59494,-79.02154,717,70.1,72.3,70.1,96.5,69.0,0.000,0.188,0.00,0.000,3.8,4.7,0.3,165,4,4.1,5.2,0.4,168,4,3.8,4.7,0.3,165,4,1,29.28,,0,0,0,73.4,71.7,69.3,0.22,0.25,0.34
BRAN,2017-08-21 21:15:00 EDT,42.59494,-79.02154,717,69.8,72.1,69.8,95.9,68.6,0.000,0.188,0.00,0.000,3.6,4.1,0.2,160,3,4.0,4.5,0.3,162,5,3.6,4.1,0.2,160,3,1,29.28,,0,0,0,73.4,71.8,69.3,0.22,0.25,0.34
BRAN,2017-08-21 21:20:00 EDT,42.59494,-79.02154,717,69.6,71.9,69.6,96.1,68.4,0.000,0.188,0.00,0.000,3.6,4.5,0.2,157,4,3.9,4.7,0.3,158,4,3.6,4.5,0.2,157,4,1,29.28,,0,0,0,73.4,71.8,69.3,0.22,0.25,0.34
BRAN,2017-08-21 21:25:00 EDT,42.59494,-79.02154,717,69.6,71.9,69.6,96.1,68.4,0.000,0.188,0.00,0.000,4.1,5.8,0.5,157,6,4.4,6.3,0.5,159,7,4.1,5.8,0.5,157,6,1,29.28,,0,0,0,73.4,71.8,69.3,0.22,0.25,0.34
BRAN,2017-08-21 21:30:00 EDT,42.59494,-79.02154,717,69.6,71.9,69.6,96.2,68.5,0.000,0.188,0.00,0.000,3.8,5.4,0.6,153,7,4.1,5.9,0.7,155,7,3.8,5.4,0.6,153,7,1,29.28,,0,0,0,73.4,71.8,69.3,0.22,0.25,0.34
BRAN,2017-08-21 21:35:00 EDT,42.59494,-79.02154,717,69.9,72.3,69.9,95.8,68.7,0.000,0.188,0.00,0.000,3.9,5.6,0.9,151,8,4.0,6.2,1.0,153,8,3.9,5.6,0.9,151,8,1,29.28,,0,0,0,73.4,71.8,69.3,0.22,0.25,0.34
BRAN,2017-08-21 21:40:00 EDT,42.59494,-79.02154,717,69.8,72.4,69.8,94.7,68.2,0.000,0.188,0.00,0.000,3.6,5.1,0.6,148,9,3.8,5.5,0.7,149,9,3.6,5.1,0.6,148,9,1,29.29,,0,0,0,73.4,71.8,69.3,0.22,0.25,0.34
BRAN,2017-08-21 21:45:00 EDT,42.59494,-79.02154,717,69.9,72.5,69.9,93.4,67.9,0.000,0.188,0.00,0.000,3.6,5.3,0.7,150,10,3.8,5.6,0.7,150,10,3.6,5.3,0.7,150,10,1,29.29,,0,0,0,73.4,71.8,69.3,0.22,0.25,0.34
BRAN,2017-08-21 21:50:00 EDT,42.59494,-79.02154,717,70.0,72.4,70.0,93.4,68.0,0.000,0.188,0.00,0.000,3.9,4.9,0.4,156,6,4.1,5.6,0.6,158,6,3.9,4.9,0.4,156,6,1,29.29,,0,0,0,73.3,71.8,69.3,0.22,0.25,0.34
BRAN,2017-08-21 21:55:00 EDT,42.59494,-79.02154,717,70.4,72.6,70.4,93.6,68.5,0.000,0.188,0.00,0.000,4.1,5.5,0.5,159,8,4.5,5.9,0.6,161,7,4.1,5.5,0.5,159,8,1,29.29,,0,0,0,73.1,71.8,69.3,0.22,0.25,0.34
BRAN,2017-08-21 22:00:00 EDT,42.59494,-79.02154,717,70.7,72.6,70.7,93.3,68.7,0.000,0.188,0.00,0.000,3.7,5.5,0.5,157,8,4.1,7.0,0.7,159,8,3.7,5.5,0.5,157,8,1,29.29,,0,0,0,73.0,71.8,69.3,0.22,0.25,0.34
BRAN,2017-08-21 22:05:00 EDT,42.59494,-79.02154,717,71.1,72.8,71.1,92.2,68.7,0.000,0.188,0.00,0.000,4.0,6.4,0.9,154,9,4.1,5.9,0.9,156,9,4.0,6.4,0.9,154,9,1,29.28,,0,0,0,73.1,71.8,69.3,0.22,0.25,0.34
BRAN,2017-08-21 22:10:00 EDT,42.59494,-79.02154,717,71.3,72.8,71.3,90.3,68.3,0.000,0.188,0.00,0.000,3.7,6.0,1.0,157,9,3.8,6.3,1.1,159,10,3.7,6.0,1.0,157,9,1,29.28,,0,0,0,73.0,71.8,69.3,0.22,0.25,0.34
BRAN,2017-08-21 22:15:00 EDT,42.59494,-79.02154,717,71.3,72.8,71.3,89.7,68.1,0.000,0.188,0.00,0.000,3.6,4.8,0.5,152,10,3.9,5.9,0.7,152,10,3.6,4.8,0.5,152,10,0,29.28,,0,0,0,73.0,71.8,69.3,0.22,0.25,0.34
BRAN,2017-08-21 22:20:00 EDT,42.59494,-79.02154,717,71.4,72.8,71.4,89.6,68.2,0.000,0.188,0.00,0.000,3.6,4.9,0.6,165,8,3.9,5.2,0.6,168,10,3.6,4.9,0.6,165,8,1,29.28,,0,0,0,73.0,71.8,69.3,0.22,0.25,0.34
BRAN,2017-08-21 22:25:00 EDT,42.59494,-79.02154,717,71.3,72.6,71.3,89.7,68.1,0.000,0.188,0.00,0.000,3.6,6.1,0.8,158,15,3.9,6.6,1.0,161,14,3.6,6.1,0.8,158,15,1,29.28,,0,0,0,73.0,71.8,69.3,0.22,0.25,0.34
BRAN,2017-08-21 22:30:00 EDT,42.59494,-79.02154,717,71.1,72.7,71.1,89.6,67.9,0.000,0.188,0.00,0.000,4.1,5.7,0.8,153,15,4.3,6.6,0.9,154,14,4.1,5.7,0.8,153,15,1,29.28,,0,0,0,73.0,71.8,69.3,0.22,0.25,0.34
BRAN,2017-08-21 22:35:00 EDT,42.59494,-79.02154,717,71.5,72.7,71.5,88.3,67.8,0.000,0.188,0.00,0.000,4.6,6.5,1.1,149,14,4.8,7.5,1.2,150,13,4.6,6.5,1.1,149,14,0,29.27,,0,0,0,73.0,71.8,69.3,0.22,0.25,0.34
BRAN,2017-08-21 22:40:00 EDT,42.59494,-79.02154,717,71.6,72.6,71.6,87.3,67.6,0.000,0.188,0.00,0.000,4.3,6.9,1.1,146,14,4.6,6.9,1.1,147,13,4.3,6.9,1.1,146,14,1,29.27,,0,0,0,73.0,71.8,69.3,0.22,0.25,0.34
BRAN,2017-08-21 22:45:00 EDT,42.59494,-79.02154,717,71.7,72.5,71.7,86.5,67.5,0.000,0.188,0.00,0.000,3.9,6.4,0.8,143,12,4.1,7.3,0.9,145,12,3.9,6.4,0.8,143,12,1,29.27,,0,0,0,73.0,71.8,69.3,0.22,0.25,0.34
BRAN,2017-08-21 22:50:00 EDT,42.59494,-79.02154,717,71.5,72.5,71.5,86.0,67.1,0.000,0.188,0.00,0.000,4.3,6.4,1.0,145,12,4.5,6.8,1.2,148,11,4.3,6.4,1.0,145,12,1,29.27,,0,0,0,73.0,71.8,69.3,0.22,0.25,0.34
BRAN,2017-08-21 22:55:00 EDT,42.59494,-79.02154,717,71.4,72.4,71.4,86.3,67.1,0.000,0.188,0.00,0.000,4.3,6.6,0.8,150,12,4.5,6.9,0.9,153,12,4.3,6.6,0.8,150,12,1,29.27,,0,0,0,73.0,71.8,69.3,0.22,0.25,0.34
BRAN,2017-08-21 23:00:00 EDT,42.59494,-79.02154,717,71.1,72.2,71.1,86.8,66.9,0.000,0.188,0.00,0.000,4.1,5.5,0.8,148,12,4.2,6.0,0.8,148,12,4.1,5.5,0.8,148,12,1,29.27,,0,0,0,73.0,71.8,69.3,0.22,0.25,0.34
BRAN,2017-08-21 23:05:00 EDT,42.59494,-79.02154,717,71.1,72.0,71.1,86.8,66.9,0.000,0.188,0.00,0.000,4.0,6.9,1.1,148,12,4.2,7.4,1.2,150,12,4.0,6.9,1.1,148,12,1,29.26,,0,0,0,73.0,71.8,69.3,0.22,0.25,0.34
BRAN,2017-08-21 23:10:00 EDT,42.59494,-79.02154,717,70.9,71.9,70.9,87.0,66.8,0.000,0.188,0.00,0.000,3.9,6.1,0.8,146,12,4.1,6.3,0.9,147,12,3.9,6.1,0.8,146,12,1,29.26,,0,0,0,73.0,71.8,69.3,0.22,0.25,0.34
BRAN,2017-08-21 23:15:00 EDT,42.59494,-79.02154,717,71.2,72.0,71.2,86.3,66.9,0.000,0.188,0.00,0.000,3.9,6.2,0.9,138,11,4.0,6.4,1.0,139,10,3.9,6.2,0.9,138,11,1,29.26,,0,0,0,73.0,71.8,69.3,0.22,0.25,0.34
BRAN,2017-08-21 23:20:00 EDT,42.59494,-79.02154,717,70.9,71.8,70.9,86.8,66.8,0.000,0.188,0.00,0.000,3.1,5.8,0.8,139,14,3.3,6.7,0.9,140,14,3.1,5.8,0.8,139,14,1,29.26,,0,0,0,73.0,71.8,69.3,0.22,0.25,0.34
BRAN,2017-08-21 23:25:00 EDT,42.59494,-79.02154,717,71.3,72.0,71.3,86.2,67.0,0.000,0.188,0.00,0.000,4.2,6.1,0.8,133,11,4.3,6.3,0.9,134,9,4.2,6.1,0.8,133,11,0,29.26,,0,0,0,72.8,71.8,69.3,0.22,0.25,0.34
BRAN,2017-08-21 23:30:00 EDT,42.59494,-79.02154,717,71.5,72.0,71.5,85.5,66.9,0.000,0.188,0.00,0.000,4.6,6.2,0.9,134,13,4.7,6.8,1.0,134,10,4.6,6.2,0.9,134,13,0,29.26,,0,0,0,72.7,71.8,69.3,0.22,0.25,0.34
BRAN,2017-08-21 23:35:00 EDT,42.59494,-79.02154,717,71.5,72.0,71.5,84.9,66.7,0.000,0.188,0.00,0.000,4.5,7.3,1.1,134,14,4.7,7.6,1.2,133,12,4.5,7.3,1.1,134,14,1,29.26,,0,0,0,72.7,71.8,69.3,0.22,0.25,0.34
BRAN,2017-08-21 23:40:00 EDT,42.59494,-79.02154,717,71.1,71.7,71.1,85.4,66.5,0.000,0.188,0.00,0.000,3.7,6.4,1.0,139,14,3.8,6.6,1.0,139,13,3.7,6.4,1.0,139,14,0,29.26,,0,0,0,72.7,71.8,69.3,0.22,0.25,0.34
BRAN,2017-08-21 23:45:00 EDT,42.59494,-79.02154,717,70.8,71.7,70.8,85.8,66.4,0.000,0.188,0.00,0.000,3.8,5.5,0.8,140,14,3.9,6.0,0.9,140,12,3.8,5.5,0.8,140,14,0,29.26,,0,0,0,72.7,71.8,69.3,0.22,0.25,0.34
BRAN,2017-08-21 23:50:00 EDT,42.59494,-79.02154,717,71.0,71.8,71.0,85.1,66.3,0.000,0.188,0.00,0.000,3.4,4.6,0.7,135,13,3.6,4.8,0.8,135,12,3.4,4.6,0.7,135,13,0,29.25,,0,0,0,72.7,71.8,69.3,0.22,0.25,0.34
BRAN,2017-08-21 23:55:00 EDT,42.59494,-79.02154,717,70.9,71.9,70.9,84.7,66.1,0.000,0.188,0.00,0.000,3.7,6.3,1.1,132,17,3.7,6.6,1.1,133,14,3.7,6.3,1.1,132,17,0,29.25,,0,0,0,72.7,71.8,69.3,0.22,0.25,0.34
BREW,2017-08-21 00:00:00 EDT,41.43993,-73.57642,608,60.0,61.3,60.0,97.9,59.4,0.000,0.004,0.00,0.000,0.6,1.7,0.5,297,6,1.2,1.9,0.3,310,14,0.6,1.7,0.5,297,6,0,29.52,,0,0,0,73.0,71.4,69.5,0.28,0.26,0.25
BREW,2017-08-21 00:05:00 EDT,41.43993,-73.57642,608,60.0,61.2,60.0,97.9,59.4,0.000,0.000,0.00,0.000,1.8,2.6,0.4,309,17,1.9,3.0,0.4,316,16,1.8,2.6,0.4,309,17,0,29.52,,0,0,0,73.0,71.4,69.4,0.28,0.26,0.25
BREW,2017-08-21 00:10:00 EDT,41.43993,-73.57642,608,59.8,60.7,59.8,97.9,59.2,0.000,0.000,0.00,0.000,2.3,2.8,0.2,333,7,2.6,3.5,0.4,336,9,2.3,2.8,0.2,333,7,0,29.52,,0,0,0,73.0,71.4,69.5,0.28,0.26,0.25
BREW,2017-08-21 00:15:00 EDT,41.43993,-73.57642,608,60.1,60.8,60.1,98.0,59.5,0.000,0.000,0.00,0.000,1.9,2.8,0.4,334,5,2.2,3.3,0.5,336,7,1.9,2.8,0.4,334,5,0,29.52,,0,0,0,73.0,71.4,69.5,0.28,0.26,0.25
BREW,2017-08-21 00:20:00 EDT,41.43993,-73.57642,608,60.3,61.1,60.3,98.1,59.8,0.000,0.000,0.00,0.000,1.3,2.0,0.6,318,12,1.5,2.1,0.4,316,12,1.3,2.0,0.6,318,12,0,29.52,,0,0,0,73.0,71.4,69.5,0.28,0.26,0.25
BREW,2017-08-21 00:25:00 EDT,41.43993,-73.57642,608,59.9,61.5,59.9,98.1,59.4,0.000,0.000,0.00,0.000,0.0,0.0,0.0,0,0,0.6,1.0,0.2,246,49,0.0,0.0,0.0,0,0,0,29.52,,0,0,0,73.0,71.4,69.5,0.28,0.26,0.25
BREW,2017-08-21 00:30:00 EDT,41.43993,-73.57642,608,59.8,61.9,59.8,98.1,59.2,0.000,0.000,0.00,0.000,0.8,2.3,0.7,151,11,1.3,3.0,0.5,160,12,0.8,2.3,0.7,151,11,0,29.52,,0,0,0,73.0,71.4,69.6,0.28,0.26,0.25
BREW,2017-08-21 00:35:00 EDT,41.43993,-73.57642,608,59.8,62.7,59.8,98.0,59.3,0.000,0.000,0.00,0.000,0.7,2.0,0.6,155,19,1.2,2.5,0.5,153,30,0.7,2.0,0.6,155,19,0,29.52,,0,0,0,73.0,71.4,69.6,0.28,0.26,0.25
BREW,2017-08-21 00:40:00 EDT,41.43993,-73.57642,608,60.2,62.0,60.2,98.2,59.7,0.000,0.000,0.00,0.000,0.5,1.7,0.6,118,0,1.0,1.8,0.5,310,24,0.5,1.7,0.6,118,0,0,29.52,,0,0,0,73.0,71.4,69.6,0.28,0.26,0.25
BREW,2017-08-21 00:45:00 EDT,41.43993,-73.57642,608,59.1,61.0,59.1,97.8,58.5,0.000,0.000,0.00,0.000,0.5,1.2,0.5,118,0,1.1,1.5,0.2,308,5,0.5,1.2,0.5,118,0,0,29.52,,0,0,0,73.0,71.4,69.6,0.28,0.26,0.25
BREW,2017-08-21 00:50:00 EDT,41.43993,-73.57642,608,59.5,61.1,59.5,98.1,59.0,0.000,0.000,0.00,0.000,0.3,0.7,0.2,118,0,1.2,1.7,0.2,327,12,0.3,0.7,0.2,118,0,0,29.52,,0,0,0,72.9,71.4,69.6,0.28,0.26,0.25
BREW,2017-08-21 00:55:00 EDT,41.43993,-73.57642,608,59.8,61.0,59.8,98.2,59.3,0.000,0.000,0.00,0.000,0.9,1.8,0.6,330,8,1.6,2.3,0.3,335,12,0.9,1.8,0.6,330,8,0,29.53,,0,0,0,72.8,71.4,69.6,0.28,0.26,0.25
BREW,2017-08-21 01:00:00 EDT,41.43993,-73.57642,608,60.2,61.0,60.2,98.3,59.7,0.000,0.000,0.00,0.000,0.9,1.8,0.6,317,13,1.3,2.4,0.4,315,18,0.9,1.8,0.6,317,13,0,29.53,,0,0,0,72.7,71.4,69.6,0.28,0.26,0.25
BREW,2017-08-21 01:05:00 EDT,41.43993,-73.57642,608,59.9,60.7,59.9,98.3,59.5,0.000,0.000,0.00,0.000,0.6,1.6,0.4,336,4,1.2,1.8,0.2,340,13,0.6,1.6,0.4,336,4,0,29.53,,0,0,0,72.7,71.4,69.6,0.28,0.26,0.25
BREW,2017-08-21 01:10:00 EDT,41.43993,-73.57642,608,60.1,60.8,60.1,98.3,59.6,0.000,0.000,0.00,0.000,0.6,1.2,0.3,340,17,1.2,1.9,0.2,342,16,0.6,1.2,0.3,340,17,0,29.53,,0,0,0,72.7,71.4,69.6,0.28,0.26,0.25
BREW,2017-08-21 01:15:00 EDT,41.43993,-73.57642,608,60.3,60.9,60.3,98.3,59.8,0.000,0.000,0.00,0.000,0.2,0.7,0.2,309,2,1.0,1.3,0.1,307,15,0.2,0.7,0.2,309,2,0,29.53,,0,0,0,72.7,71.4,69.6,0.28,0.26,0.25
BREW,2017-08-21 01:20:00 EDT,41.43993,-73.57642,608,60.2,61.0,60.2,98.3,59.7,0.000,0.000,0.00,0.000,1.2,2.1,0.4,301,12,1.5,2.3,0.3,307,12,1.2,2.1,0.4,301,12,0,29.53,,0,0,0,72.7,71.4,69.6,0.28,0.26,0.25
BREW,2017-08-21 01:25:00 EDT,41.43993,-73.57642,608,59.9,60.7,59.9,98.3,59.4,0.000,0.000,0.00,0.000,1.1,1.5,0.3,330,10,1.5,2.5,0.4,334,12,1.1,1.5,0.3,330,10,0,29.53,,0,0,0,72.7,71.4,69.6,0.28,0.26,0.25
BREW,2017-08-21 01:30:00 EDT,41.43993,-73.57642,608,60.1,60.8,60.1,98.3,59.7,0.000,0.000,0.00,0.000,0.2,1.0,0.3,328,0,0.8,1.5,0.3,335,18,0.2,1.0,0.3,328,0,0,29.53,,0,0,0,72.7,71.4,69.6,0.28,0.26,0.25
BREW,2017-08-21 01:35:00 EDT,41.43993,-73.57642,608,60.0,61.1,60.0,98.3,59.5,0.000,0.000,0.00,0.000,0.0,0.0,0.0,0,0,0.5,1.8,0.2,310,53,0.0,0.0,0.0,0,0,0,29.53,,0,0,0,72.7,71.4,69.6,0.28,0.26,0.25
BREW,2017-08-21 01:40:00 EDT,41.43993,-73.57642,608,60.1,61.3,60.1,98.4,59.6,0.000,0.000,0.00,0.000,0.0,0.0,0.0,0,0,0.6,1.1,0.2,268,26,0.0,0.0,0.0,0,0,0,29.53,,0,0,0,72.7,71.4,69.6,0.28,0.26,0.25
BREW,2017-08-21 01:45:00 EDT,41.43993,-73.57642,608,60.0,61.6,60.0,98.4,59.5,0.000,0.000,0.00,0.000,0.0,0.0,0.0,0,0,0.5,1.1,0.2,228,37,0.0,0.0,0.0,0,0,0,29.52,,0,0,0,72.7,71.4,69.6,0.28,0.26,0.25
BREW,2017-08-21 01:50:00 EDT,41.43993,-73.57642,608,59.6,61.1,59.6,98.3,59.1,0.000,0.000,0.00,0.000,0.4,1.1,0.4,328,0,1.1,1.3,0.2,324,16,0.4,1.1,0.4,328,0,0,29.52,,0,0,0,72.6,71.4,69.6,0.28,0.26,0.25
BREW,2017-08-21 01:55:00 EDT,41.43993,-73.57642,608,58.6,60.0,58.6,98.0,58.0,0.000,0.000,0.00,0.000,1.1,1.3,0.1,328,0,1.5,1.8,0.1,341,9,1.1,1.3,0.1,328,0,0,29.53,,0,0,0,72.4,71.4,69.6,0.28,0.26,0.25
BREW,2017-08-21 02:00:00 EDT,41.43993,-73.57642,608,58.2,59.7,58.2,98.0,57.6,0.000,0.000,0.00,0.000,1.5,1.9,0.2,328,0,1.8,2.3,0.2,336,7,1.5,1.9,0.2,328,0,0,29.53,,0,0,0,72.3,71.4,69.6,0.28,0.26,0.25
BREW,2017-08-21 02:05:00 EDT,41.43993,-73.57642,608,58.7,60.1,58.7,98.2,58.2,0.000,0.000,0.00,0.000,0.9,2.1,0.7,333,14,1.5,2.5,0.4,336,16,0.9,2.1,0.7,333,14,0,29.53,,0,0,0,72.3,71.4,69.6,0.28,0.26,0.25
BREW,2017-08-21 02:10:00 EDT,41.43993,-73.57642,608,59.5,60.3,59.5,98.4,59.0,0.000,0.000,0.00,0.000,1.3,2.1,0.4,331,15,1.6,2.6,0.4,335,17,1.3,2.1,0.4,331,15,0,29.53,,0,0,0,72.3,71.4,69.6,0.28,0.26,0.25
BREW,2017-08-21 02:15:00 EDT,41.43993,-73.57642,608,59.5,60.5,59.5,98.4,59.1,0.000,0.000,0.00,0.000,0.3,1.1,0.3,350,0,1.0,1.8,0.3,345,17,0.3,1.1,0.3,350,0,0,29.52,,0,0,0,72.3,71.4,69.6,0.28,0.26,0.25
BREW,2017-08-21 02:20:00 EDT,41.43993,-73.57642,608,59.9,60.7,59.9,98.5,59.5,0.000,0.000,0.00,0.000,0.2,0.7,0.2,350,0,1.1,1.6,0.2,324,11,0.2,0.7,0.2,350,0,0,29.52,,0,0,0,72.3,71.4,69.6,0.28,0.26,0.25
BREW,2017-08-21 02:25:00 EDT,41.43993,-73.57642,608,59.6,60.6,59.6,98.4,59.1,0.000,0.000,0.00,0.000,0.0,0.0,0.0,0,0,0.8,1.7,0.3,294,14,0.0,0.0,0.0,0,0,0,29.53,,0,0,0,72.3,71.4,69.6,0.28,0.26,0.25
BREW,2017-08-21 02:30:00 EDT,41.43993,-73.57642,608,58.7,60.5,58.7,98.3,58.2,0.000,0.000,0.00,0.000,0.2,1.5,0.4,269,0,0.8,1.9,0.5,288,36,0.2,1.5,0.4,269,0,0,29.53,,0,0,0,72.3,71.4,69.6,0.28,0.26,0.25
BREW,2017-08-21 02:35:00 EDT,41.43993,-73.57642,608,58.7,60.6,58.7,98.3,58.2,0.000,0.000,0.00,0.000,0.1,1.1,0.3,269,0,0.6,1.4,0.4,275,55,0.1,1.1,0.3,269,0,0,29.53,,0,0,0,72.3,71.4,69.6,0.28,0.26,0.25
BREW,2017-08-21 02:40:00 EDT,41.43993,-73.57642,608,59.0,60.8,59.0,98.5,58.6,0.000,0.000,0.00,0.000,0.0,0.0,0.0,0,0,0.6,2.6,0.3,326,49,0.0,0.0,0.0,0,0,0,29.53,,0,0,0,72.3,71.4,69.6,0.28,0.26,0.25
BREW,2017-08-21 02:45:00 EDT,41.43993,-73.57642,608,59.1,60.4,59.1,98.5,58.6,0.000,0.000,0.00,0.000,0.0,0.0,0.0,0,0,0.8,1.5,0.4,351,40,0.0,0.0,0.0,0,0,0,29.52,,0,0,0,72.3,71.4,69.6,0.28,0.26,0.25
BREW,2017-08-21 02:50:00 EDT,41.43993,-73.57642,608,59.3,60.4,59.3,98.5,58.9,0.000,0.000,0.00,0.000,0.0,0.0,0.0,0,0,0.5,1.1,0.2,331,38,0.0,0.0,0.0,0,0,0,29.52,,0,0,0,72.3,71.4,69.6,0.28,0.26,0.25
BREW,2017-08-21 02:55:00 EDT,41.43993,-73.57642,608,59.1,60.3,59.1,98.4,58.6,0.000,0.000,0.00,0.000,0.0,0.1,0.0,269,0,0.8,1.2,0.1,306,11,0.0,0.1,0.0,269,0,0,29.52,,0,0,0,72.3,71.4,69.6,0.28,0.26,0.25
BREW,2017-08-21 03:00:00 EDT,41.43993,-73.57642,608,58.6,60.1,58.6,98.3,58.1,0.000,0.000,0.00,0.000,0.0,0.0,0.0,0,0,0.9,1.4,0.2,312,14,0.0,0.0,0.0,0,0,0,29.52,,0,0,0,72.2,71.4,69.6,0.28,0.26,0.25
BREW,2017-08-21 03:05:00 EDT,41.43993,-73.57642,608,57.9,59.7,57.9,98.3,57.5,0.000,0.000,0.00,0.000,1.0,2.5,0.8,319,9,1.6,2.6,0.4,326,9,1.0,2.5,0.8,319,9,0,29.52,,0,0,0,71.8,71.4,69.6,0.28,0.26,0.25
BREW,2017-08-21 03:10:00 EDT,41.43993,-73.57642,608,58.4,59.5,58.4,98.4,58.0,0.000,0.000,0.00,0.000,1.2,1.9,0.3,343,1,1.8,2.7,0.4,349,8,1.2,1.9,0.3,343,1,0,29.52,,0,0,0,71.8,71.4,69.6,0.28,0.26,0.25
BREW,2017-08-21 03:15:00 EDT,41.43993,-73.57642,608,58.9,59.8,58.9,98.5,58.4,0.000,0.000,0.00,0.000,1.2,1.8,0.3,346,5,1.7,2.3,0.3,345,9,1.2,1.8,0.3,346,5,0,29.52,,0,0,0,71.8,71.4,69.6,0.28,0.26,0.25
BREW,2017-08-21 03:20:00 EDT,41.43993,-73.57642,608,59.2,60.0,59.2,98.6,58.8,0.000,0.000,0.00,0.000,0.9,1.8,0.4,333,4,1.3,2.4,0.4,332,11,0.9,1.8,0.4,333,4,0,29.52,,0,0,0,71.8,71.4,69.6,0.28,0.26,0.25
BREW,2017-08-21 03:25:00 EDT,41.43993,-73.57642,608,59.1,60.2,59.1,98.6,58.7,0.000,0.000,0.00,0.000,1.0,1.8,0.4,317,4,1.3,1.9,0.2,311,11,1.0,1.8,0.4,317,4,0,29.52,,0,0,0,71.8,71.4,69.6,0.28,0.26,0.25
BREW,2017-08-21 03:30:00 EDT,41.43993,-73.57642,608,58.8,60.1,58.8,98.5,58.3,0.000,0.000,0.00,0.000,0.5,1.1,0.3,304,9,1.1,1.4,0.2,298,9,0.5,1.1,0.3,304,9,0,29.52,,0,0,0,71.8,71.4,69.6,0.28,0.26,0.25
BREW,2017-08-21 03:35:00 EDT,41.43993,-73.57642,608,58.5,60.0,58.5,98.4,58.0,0.000,0.000,0.00,0.000,0.2,1.0,0.3,291,0,1.0,1.5,0.2,315,17,0.2,1.0,0.3,291,0,0,29.52,,0,0,0,71.8,71.4,69.6,0.28,0.26,0.25
BREW,2017-08-21 03:40:00 EDT,41.43993,-73.57642,608,58.7,60.1,58.7,98.5,58.3,0.000,0.000,0.00,0.000,0.0,0.0,0.0,0,0,1.0,1.4,0.2,350,9,0.0,0.0,0.0,0,0,0,29.52,,0,0,0,71.8,71.4,69.6,0.28,0.26,0.25
BREW,2017-08-21 03:45:00 EDT,41.43993,-73.57642,608,59.0,60.1,59.0,98.5,58.6,0.000,0.000,0.00,0.000,0.0,0.2,0.0,292,0,0.8,1.2,0.1,316,18,0.0,0.2,0.0,292,0,0,29.52,,0,0,0,71.8,71.4,69.6,0.28,0.26,0.25
BREW,2017-08-21 03:50:00 EDT,41.43993,-73.57642,608,59.2,60.4,59.2,98.6,58.8,0.000,0.000,0.00,0.000,0.0,0.0,0.0,0,0,0.8,1.1,0.2,274,14,0.0,0.0,0.0,0,0,0,29.52,,0,0,0,71.8,71.4,69.6,0.28,0.26,0.25
BREW,2017-08-21 03:55:00 EDT,41.43993,-73.57642,608,59.2,60.6,59.2,98.6,58.8,0.000,0.000,0.00,0.000,0.0,0.0,0.0,0,0,0.7,1.0,0.1,281,11,0.0,0.0,0.0,0,0,0,29.53,,0,0,0,71.8,71.4,69.6,0.28,0.26,0.25
BREW,2017-08-21 04:00:00 EDT,41.43993,-73.57642,608,58.6,60.5,58.6,98.6,58.2,0.000,0.000,0.00,0.000,0.0,0.0,0.0,0,0,0.5,0.8,0.1,316,14,0.0,0.0,0.0,0,0,0,29.53,,0,0,0,71.7,71.4,69.6,0.28,0.26,0.25
BREW,2017-08-21 04:05:00 EDT,41.43993,-73.57642,608,58.6,60.1,58.6,98.5,58.2,0.000,0.000,0.00,0.000,0.0,0.0,0.0,0,0,0.4,0.7,0.1,319,26,0.0,0.0,0.0,0,0,0,29.52,,0,0,0,71.5,71.4,69.6,0.28,0.26,0.25
BREW,2017-08-21 04:10:00 EDT,41.43993,-73.57642,608,58.7,60.1,58.7,98.5,58.3,0.000,0.000,0.00,0.000,0.1,0.5,0.1,292,0,0.7,1.2,0.2,310,13,0.1,0.5,0.1,292,0,0,29.53,,0,0,0,71.4,71.4,69.6,0.28,0.26,0.25
BREW,2017-08-21 04:15:00 EDT,41.43993,-73.57642,608,58.4,59.7,58.4,98.5,58.0,0.000,0.000,0.00,0.000,0.1,0.4,0.2,292,0,0.9,1.1,0.1,312,11,0.1,0.4,0.2,292,0,0,29.53,,0,0,0,71.4,71.4,69.6,0.28,0.26,0.25
BREW,2017-08-21 04:20:00 EDT,41.43993,-73.57642,608,57.6,59.3,57.6,98.3,57.1,0.000,0.000,0.00,0.000,0.1,0.4,0.1,292,0,0.8,1.3,0.3,327,20,0.1,0.4,0.1,292,0,0,29.53,,0,0,0,71.4,71.4,69.6,0.28,0.26,0.25
BREW,2017-08-21 04:25:00 EDT,41.43993,-73.57642,608,57.8,59.4,57.8,98.4,57.4,0.000,0.000,0.00,0.000,0.2,1.2,0.4,292,0,0.9,1.5,0.3,324,37,0.2,1.2,0.4,292,0,0,29.53,,0,0,0,71.4,71.4,69.6,0.28,0.26,0.25
BREW,2017-08-21 04:30:00 EDT,41.43993,-73.57642,608,58.2,59.6,58.2,98.6,57.8,0.000,0.000,0.00,0.000,0.3,1.2,0.4,265,10,1.0,1.8,0.4,282,18,0.3,1.2,0.4,265,10,0,29.53,,0,0,0,71.4,71.4,69.6,0.28,0.26,0.25
BREW,2017-08-21 04:35:00 EDT,41.43993,-73.57642,608,58.4,59.7,58.4,98.6,58.0,0.000,0.000,0.00,0.000,0.1,0.4,0.1,256,0,0.9,1.2,0.2,285,12,0.1,0.4,0.1,256,0,0,29.53,,0,0,0,71.4,71.4,69.6,0.28,0.26,0.25
BREW,2017-08-21 04:40:00 EDT,41.43993,-73.57642,608,58.2,59.4,58.2,98.6,57.8,0.000,0.000,0.00,0.000,0.2,1.4,0.4,256,0,1.5,2.3,0.3,311,17,0.2,1.4,0.4,256,0,0,29.53,,0,0,0,71.4,71.4,69.6,0.28,0.26,0.25
BREW,2017-08-21 04:45:00 EDT,41.43993,-73.57642,608,58.0,59.0,58.0,98.5,57.6,0.000,0.000,0.00,0.000,0.9,2.0,0.5,312,15,1.4,2.7,0.5,321,17,0.9,2.0,0.5,312,15,0,29.53,,0,0,0,71.4,71.4,69.6,0.28,0.26,0.25
BREW,2017-08-21 04:50:00 EDT,41.43993,-73.57642,608,58.3,59.4,58.3,98.6,57.9,0.000,0.000,0.00,0.000,0.1,1.1,0.3,297,1,0.8,1.4,0.3,312,21,0.1,1.1,0.3,297,1,0,29.53,,0,0,0,71.4,71.4,69.6,0.28,0.26,0.25
BREW,2017-08-21 04:55:00 EDT,41.43993,-73.57642,608,58.1,59.5,58.1,98.6,57.7,0.000,0.000,0.00,0.000,0.0,0.0,0.0,0,0,0.7,1.1,0.2,348,20,0.0,0.0,0.0,0,0,0,29.53,,0,0,0,71.4,71.4,69.6,0.28,0.26,0.25
BREW,2017-08-21 05:00:00 EDT,41.43993,-73.57642,608,58.5,59.5,58.5,98.6,58.1,0.000,0.000,0.00,0.000,0.1,0.5,0.2,303,0,0.9,1.3,0.2,324,16,0.1,0.5,0.2,303,0,0,29.53,,0,0,0,71.4,71.4,69.6,0.28,0.26,0.25
BREW,2017-08-21 05:05:00 EDT,41.43993,-73.57642,608,58.4,59.6,58.4,98.6,58.0,0.000,0.000,0.00,0.000,0.0,0.0,0.0,0,0,0.6,1.5,0.3,206,45,0.0,0.0,0.0,0,0,0,29.53,,0,0,0,71.4,71.4,69.6,0.28,0.26,0.25
BREW,2017-08-21 05:10:00 EDT,41.43993,-73.57642,608,58.6,59.8,58.6,98.5,58.2,0.000,0.000,0.00,0.000,0.7,1.8,0.6,178,12,1.4,2.1,0.4,184,9,0.7,1.8,0.6,178,12,0,29.53,,0,0,0,71.4,71.4,69.6,0.28,0.26,0.25
BREW,2017-08-21 05:15:00 EDT,41.43993,-73.57642,608,58.4,59.8,58.4,98.6,58.0,0.000,0.000,0.00,0.000,0.0,0.2,0.0,171,0,0.5,1.0,0.2,265,50,0.0,0.2,0.0,171,0,0,29.53,,0,0,0,71.4,71.4,69.6,0.28,0.26,0.25
BREW,2017-08-21 05:20:00 EDT,41.43993,-73.57642,608,58.0,59.3,58.0,98.6,57.6,0.000,0.000,0.00,0.000,0.0,0.0,0.0,0,0,0.3,0.8,0.1,346,53,0.0,0.0,0.0,0,0,0,29.53,,0,0,0,71.3,71.4,69.6,0.28,0.26,0.25
BREW,2017-08-21 05:25:00 EDT,41.43993,-73.57642,608,57.5,59.5,57.5,98.5,57.1,0.000,0.000,0.00,0.000,0.0,0.0,0.0,0,0,0.3,0.6,0.1,42,37,0.0,0.0,0.0,0,0,0,29.53,,0,0,0,71.1,71.4,69.6,0.28,0.26,0.25
BREW,2017-08-21 05:30:00 EDT,41.43993,-73.57642,608,58.2,59.9,58.2,98.6,57.8,0.000,0.000,0.00,0.000,0.0,0.0,0.0,0,0,0.3,0.8,0.2,0,35,0.0,0.0,0.0,0,0,0,29.53,,0,0,0,71.1,71.4,69.6,0.28,0.26,0.25
BREW,2017-08-21 05:35:00 EDT,41.43993,-73.57642,608,58.2,59.5,58.2,98.7,57.9,0.000,0.000,0.00,0.000,0.0,0.0,0.0,0,0,0.3,0.7,0.2,330,29,0.0,0.0,0.0,0,0,0,29.54,,0,0,0,71.1,71.4,69.6,0.28,0.26,0.25
BREW,2017-08-21 05:40:00 EDT,41.43993,-73.57642,608,58.2,59.5,58.2,98.7,57.8,0.000,0.000,0.00,0.000,0.0,0.0,0.0,0,0,0.4,0.8,0.2,327,18,0.0,0.0,0.0,0,0,0,29.54,,0,0,0,71.1,71.3,69.6,0.28,0.26,0.25
BREW,2017-08-21 05:45:00 EDT,41.43993,-73.57642,608,57.9,59.3,57.9,98.6,57.5,0.000,0.000,0.00,0.000,0.0,0.0,0.0,0,0,0.7,1.0,0.1,346,11,0.0,0.0,0.0,0,0,0,29.54,,0,0,0,71.1,71.3,69.6,0.28,0.26,0.25
BREW,2017-08-21 05:50:00 EDT,41.43993,-73.57642,608,57.5,59.2,57.5,98.6,57.1,0.000,0.000,0.00,0.000,0.0,0.0,0.0,0,0,0.6,0.9,0.2,1,11,0.0,0.0,0.0,0,0,0,29.54,,0,0,0,71.1,71.3,69.6,0.28,0.26,0.25
BREW,2017-08-21 05:55:00 EDT,41.43993,-73.57642,608,58.1,59.5,58.1,98.6,57.7,0.000,0.000,0.00,0.000,0.0,0.0,0.0,0,0,0.4,0.7,0.1,344,16,0.0,0.0,0.0,0,0,0,29.54,,0,0,0,71.1,71.3,69.6,0.28,0.26,0.25
BREW,2017-08-21 06:00:00 EDT,41.43993,-73.57642,608,57.8,59.5,57.8,98.6,57.4,0.000,0.000,0.00,0.000,0.0,0.0,0.0,0,0,0.4,0.8,0.2,288,14,0.0,0.0,0.0,0,0,1,29.54,,0,0,0,71.1,71.2,69.6,0.28,0.26,0.25
BREW,2017-08-21 06:05:00 EDT,41.43993,-73.57642,608,57.7,59.5,57.7,98.6,57.3,0.000,0.000,0.00,0.000,0.0,0.0,0.0,0,0,0.4,1.1,0.3,306,29,0.0,0.0,0.0,0,0,2,29.54,,0,0,0,71.1,71.1,69.6,0.28,0.26,0.25
BREW,2017-08-21 06:10:00 EDT,41.43993,-73.57642,608,57.3,58.6,57.3,98.6,56.9,0.000,0.000,0.00,0.000,0.0,0.2,0.1,171,0,1.0,1.5,0.2,305,7,0.0,0.2,0.1,171,0,3,29.54,,0,0,0,71.1,71.1,69.6,0.28,0.26,0.25
BREW,2017-08-21 06:15:00 EDT,41.43993,-73.57642,608,57.6,58.6,57.6,98.6,57.2,0.000,0.000,0.00,0.000,0.0,0.1,0.0,171,0,0.9,1.1,0.1,316,8,0.0,0.1,0.0,171,0,5,29.55,,0,0,0,71.1,71.1,69.6,0.28,0.26,0.25
BREW,2017-08-21 06:20:00 EDT,41.43993,-73.57642,608,57.9,58.7,57.9,98.6,57.5,0.000,0.000,0.00,0.000,0.0,0.2,0.0,171,0,0.8,1.2,0.1,324,9,0.0,0.2,0.0,171,0,8,29.55,,0,0,0,71.1,71.1,69.6,0.28,0.26,0.25
BREW,2017-08-21 06:25:00 EDT,41.43993,-73.57642,608,58.0,59.0,58.0,98.7,57.6,0.000,0.000,0.00,0.000,0.0,0.2,0.1,171,0,0.9,1.2,0.1,324,8,0.0,0.2,0.1,171,0,10,29.55,,0,0,0,71.1,71.1,69.6,0.28,0.26,0.25
BREW,2017-08-21 06:30:00 EDT,41.43993,-73.57642,608,57.8,59.1,57.8,98.7,57.4,0.000,0.000,0.00,0.000,0.0,0.0,0.0,0,0,0.4,0.8,0.1,296,19,0.0,0.0,0.0,0,0,17,29.55,,0,0,0,71.0,71.1,69.6,0.28,0.26,0.25
BREW,2017-08-21 06:35:00 EDT,41.43993,-73.57642,608,57.9,59.2,57.9,98.7,57.5,0.000,0.000,0.00,0.000,0.0,0.0,0.0,0,0,0.4,0.7,0.1,303,18,0.0,0.0,0.0,0,0,25,29.55,,0,0,0,71.0,71.1,69.6,0.28,0.26,0.25
BREW,2017-08-21 06:40:00 EDT,41.43993,-73.57642,608,58.2,59.2,58.2,98.7,57.8,0.000,0.000,0.00,0.000,0.0,0.0,0.0,0,0,0.3,0.7,0.1,308,16,0.0,0.0,0.0,0,0,31,29.55,,0,0,0,70.8,71.1,69.6,0.28,0.26,0.25
BREW,2017-08-21 06:45:00 EDT,41.43993,-73.57642,608,58.4,59.3,58.4,98.7,58.0,0.000,0.000,0.00,0.000,0.0,0.0,0.0,0,0,0.4,0.6,0.1,307,12,0.0,0.0,0.0,0,0,35,29.55,,0,0,0,70.7,71.1,69.6,0.28,0.26,0.25
BREW,2017-08-21 06:50:00 EDT,41.43993,-73.57642,608,58.5,59.5,58.5,98.7,58.1,0.000,0.000,0.00,0.000,0.0,0.0,0.0,0,0,0.3,0.7,0.1,285,39,0.0,0.0,0.0,0,0,34,29.55,,0,0,0,70.7,71.1,69.6,0.28,0.26,0.25
BREW,2017-08-21 06:55:00 EDT,41.43993,-73.57642,608,58.7,59.9,58.7,98.7,58.3,0.000,0.000,0.00,0.000,0.2,1.0,0.3,171,0,0.7,1.4,0.4,186,16,0.2,1.0,0.3,171,0,35,29.55,,0,0,0,70.7,71.1,69.6,0.28,0.26,0.25
BREW,2017-08-21 07:00:00 EDT,41.43993,-73.57642,608,58.7,60.1,58.7,98.7,58.3,0.000,0.000,0.00,0.000,0.3,1.2,0.4,171,0,0.7,1.7,0.4,163,43,0.3,1.2,0.4,171,0,38,29.55,,0,0,0,70.7,71.1,69.6,0.28,0.26,0.25
BREW,2017-08-21 07:05:00 EDT,41.43993,-73.57642,608,58.8,60.0,58.8,98.7,58.4,0.000,0.000,0.00,0.000,0.0,0.0,0.0,0,0,0.4,1.7,0.2,125,50,0.0,0.0,0.0,0,0,38,29.55,,0,0,0,70.7,71.1,69.6,0.28,0.26,0.25
BREW,2017-08-21 07:10:00 EDT,41.43993,-73.57642,608,58.7,60.2,58.7,98.6,58.4,0.000,0.000,0.00,0.000,0.0,0.0,0.0,0,0,0.4,0.8,0.1,226,57,0.0,0.0,0.0,0,0,38,29.55,,0,0,0,70.7,71.1,69.6,0.28,0.26,0.25
BREW,2017-08-21 07:15:00 EDT,41.43993,-73.57642,608,58.7,59.8,58.7,98.6,58.3,0.000,0.000,0.00,0.000,0.0,0.0,0.0,0,0,0.4,0.6,0.1,313,22,0.0,0.0,0.0,0,0,65,29.55,,0,0,0,70.7,71.1,69.6,0.28,0.26,0.25
BREW,2017-08-21 07:20:00 EDT,41.43993,-73.57642,608,58.8,59.6,58.8,98.5,58.4,0.000,0.000,0.00,0.000,0.0,0.0,0.0,0,0,0.6,1.1,0.2,327,19,0.0,0.0,0.0,0,0,115,29.55,,0,0,0,70.7,71.1,69.6,0.28,0.26,0.25
BREW,2017-08-21 07:25:00 EDT,41.43993,-73.57642,608,59.0,59.7,59.0,98.4,58.6,0.000,0.000,0.00,0.000,0.2,0.9,0.3,171,81,1.1,1.4,0.2,329,8,0.2,0.9,0.3,171,81,148,29.55,,0,0,0,70.7,71.1,69.6,0.28,0.26,0.25
BREW,2017-08-21 07:30:00 EDT,41.43993,-73.57642,608,59.5,60.1,59.5,98.4,59.1,0.000,0.000,0.00,0.000,0.0,0.1,0.0,171,0,0.8,1.2,0.2,352,16,0.0,0.1,0.0,171,0,158,29.55,,0,0,0,70.7,71.1,69.6,0.28,0.26,0.25
BREW,2017-08-21 07:35:00 EDT,41.43993,-73.57642,608,60.1,60.7,60.1,98.4,59.6,0.000,0.000,0.00,0.000,0.0,0.0,0.0,0,0,0.9,1.2,0.1,10,7,0.0,0.0,0.0,0,0,116,29.55,,0,0,0,70.7,71.1,69.6,0.28,0.26,0.25
BREW,2017-08-21 07:40:00 EDT,41.43993,-73.57642,608,60.7,61.1,60.7,98.4,60.2,0.000,0.000,0.00,0.000,0.0,0.0,0.0,0,0,0.7,1.1,0.3,11,7,0.0,0.0,0.0,0,0,180,29.55,,0,0,0,70.7,71.1,69.6,0.28,0.26,0.25
BREW,2017-08-21 07:45:00 EDT,41.43993,-73.57642,608,61.7,62.3,61.7,98.4,61.3,0.000,0.000,0.00,0.000,0.0,0.0,0.0,0,0,0.3,0.9,0.2,82,76,0.0,0.0,0.0,0,0,203,29.55,,0,0,0,70.7,71.1,69.6,0.28,0.26,0.25
BREW,2017-08-21 07:50:00 EDT,41.43993,-73.57642,608,62.8,63.2,62.8,98.4,62.4,0.003,0.003,0.00,0.003,0.0,0.0,0.0,0,0,0.3,0.9,0.2,165,63,0.0,0.0,0.0,0,0,213,29.55,,0,0,0,70.7,71.1,69.6,0.28,0.26,0.25
BREW,2017-08-21 07:55:00 EDT,41.43993,-73.57642,608,63.1,63.5,63.1,98.0,62.5,0.001,0.004,0.00,0.004,0.0,0.0,0.0,0,0,0.7,1.1,0.2,346,18,0.0,0.0,0.0,0,0,226,29.55,,0,0,0,70.6,71.1,69.6,0.28,0.26,0.25
BREW,2017-08-21 08:00:00 EDT,41.43993,-73.57642,608,63.3,63.6,63.3,97.9,62.7,0.000,0.004,0.00,0.004,0.0,0.0,0.0,0,0,0.8,1.4,0.2,347,11,0.0,0.0,0.0,0,0,220,29.55,,0,0,0,70.5,71.1,69.6,0.28,0.26,0.25
BREW,2017-08-21 08:05:00 EDT,41.43993,-73.57642,608,64.0,64.5,64.0,97.7,63.4,0.000,0.004,0.00,0.004,0.0,0.0,0.0,0,0,0.8,1.4,0.2,342,15,0.0,0.0,0.0,0,0,261,29.55,,0,0,0,70.4,71.1,69.6,0.28,0.26,0.25
BREW,2017-08-21 08:10:00 EDT,41.43993,-73.57642,608,65.1,65.1,65.1,97.4,64.3,0.000,0.004,0.00,0.004,0.0,0.0,0.0,0,0,0.9,1.5,0.2,321,15,0.0,0.0,0.0,0,0,180,29.55,,0,0,0,70.3,71.1,69.6,0.28,0.26,0.25
BREW,2017-08-21 08:15:00 EDT,41.43993,-73.57642,608,65.4,65.4,65.4,96.2,64.3,0.000,0.004,0.00,0.004,0.0,0.0,0.0,0,0,0.6,1.1,0.2,332,21,0.0,0.0,0.0,0,0,185,29.55,,0,0,0,70.3,71.1,69.6,0.28,0.26,0.25
BREW,2017-08-21 08:20:00 EDT,41.43993,-73.57642,608,66.0,65.9,66.0,91.6,63.5,0.000,0.004,0.00,0.004,0.1,1.0,0.3,294,19,0.8,1.9,0.3,334,37,0.1,1.0,0.3,294,19,199,29.55,,0,0,0,70.3,71.1,69.6,0.28,0.26,0.25
BREW,2017-08-21 08:25:00 EDT,41.43993,-73.57642,608,66.2,66.1,66.2,89.6,63.0,0.000,0.004,0.00,0.004,0.9,1.5,0.3,295,16,1.3,2.0,0.3,300,14,0.9,1.5,0.3,295,16,215,29.55,,0,0,0,70.3,71.1,69.6,0.28,0.26,0.25
BREW,2017-08-21 08:30:00 EDT,41.43993,-73.57642,608,66.5,66.5,66.5,89.2,63.3,0.000,0.004,0.00,0.004,0.0,0.5,0.1,282,9,0.6,1.4,0.3,308,52,0.0,0.5,0.1,282,9,309,29.55,,0,0,0,70.3,71.1,69.6,0.28,0.26,0.25
BREW,2017-08-21 08:35:00 EDT,41.43993,-73.57642,608,67.0,67.5,67.0,88.2,63.4,0.000,0.004,0.00,0.004,0.8,2.1,0.6,171,11,1.4,2.6,0.6,178,17,0.8,2.1,0.6,171,11,357,29.55,,0,0,0,70.3,71.1,69.6,0.28,0.26,0.25
BREW,2017-08-21 08:40:00 EDT,41.43993,-73.57642,608,67.7,67.5,67.7,86.6,63.6,0.000,0.004,0.00,0.004,2.3,3.4,0.7,148,10,2.4,4.7,0.7,147,11,2.3,3.4,0.7,148,10,423,29.55,,0,0,0,70.3,71.1,69.6,0.28,0.26,0.25
BREW,2017-08-21 08:45:00 EDT,41.43993,-73.57642,608,68.4,67.9,68.4,84.8,63.7,0.000,0.004,0.00,0.004,2.1,3.6,0.7,147,13,2.3,4.0,0.7,147,12,2.1,3.6,0.7,147,13,439,29.55,,0,0,0,70.3,71.1,69.6,0.28,0.26,0.25
BREW,2017-08-21 08:50:00 EDT,41.43993,-73.57642,608,68.9,68.3,68.9,83.6,63.7,0.000,0.004,0.00,0.001,1.4,3.8,1.1,139,17,2.0,3.7,0.8,136,22,1.4,3.8,1.1,139,17,370,29.55,,0,0,0,70.3,71.1,69.6,0.28,0.26,0.25
BREW,2017-08-21 08:55:00 EDT,41.43993,-73.57642,608,69.4,68.9,69.4,82.3,63.8,0.000,0.004,0.00,0.000,0.4,1.9,0.6,141,13,1.1,2.3,0.4,134,23,0.4,1.9,0.6,141,13,298,29.55,,0,0,0,70.3,71.1,69.6,0.28,0.26,0.25
BREW,2017-08-21 09:00:00 EDT,41.43993,-73.57642,608,69.7,69.3,69.7,81.9,63.9,0.000,0.004,0.00,0.000,0.0,0.0,0.0,0,0,0.6,1.2,0.3,98,65,0.0,0.0,0.0,0,0,257,29.55,,0,0,0,70.3,71.1,69.6,0.28,0.26,0.25
BREW,2017-08-21 09:05:00 EDT,41.43993,-73.57642,608,69.6,69.4,69.6,82.4,64.0,0.000,0.004,0.00,0.000,0.3,1.3,0.4,284,34,1.0,2.0,0.4,286,56,0.3,1.3,0.4,284,34,212,29.55,,0,0,0,70.3,71.1,69.6,0.28,0.26,0.25
BREW,2017-08-21 09:10:00 EDT,41.43993,-73.57642,608,69.4,69.2,69.4,82.1,63.7,0.000,0.004,0.00,0.000,1.9,3.1,0.9,169,12,2.4,3.9,0.8,169,14,1.9,3.1,0.9,169,12,348,29.55,,0,0,0,70.3,71.1,69.6,0.28,0.26,0.25
BREW,2017-08-21 09:15:00 EDT,41.43993,-73.57642,608,70.2,69.8,70.2,82.4,64.6,0.000,0.004,0.00,0.000,1.8,3.4,0.7,163,18,2.3,4.4,0.9,165,18,1.8,3.4,0.7,163,18,477,29.55,,0,0,0,70.3,71.1,69.6,0.28,0.26,0.25
BREW,2017-08-21 09:20:00 EDT,41.43993,-73.57642,608,70.6,70.2,70.6,80.1,64.2,0.000,0.004,0.00,0.000,2.7,5.3,1.4,175,12,3.3,6.6,1.4,176,15,2.7,5.3,1.4,175,12,466,29.55,,0,0,0,70.3,71.1,69.6,0.28,0.26,0.25
BREW,2017-08-21 09:25:00 EDT,41.43993,-73.57642,608,70.9,70.4,70.9,79.6,64.2,0.000,0.004,0.00,0.000,2.5,4.3,1.0,176,18,3.0,5.1,0.9,177,20,2.5,4.3,1.0,176,18,444,29.55,,0,0,0,70.3,71.1,69.6,0.28,0.26,0.25
BREW,2017-08-21 09:30:00 EDT,41.43993,-73.57642,608,71.3,70.9,71.3,78.9,64.4,0.000,0.004,0.00,0.000,2.4,4.5,1.0,183,30,2.8,5.3,1.2,184,30,2.4,4.5,1.0,183,30,502,29.55,,0,0,0,70.3,71.0,69.6,0.28,0.26,0.25
BREW,2017-08-21 09:35:00 EDT,41.43993,-73.57642,608,71.8,71.5,71.8,,,0.000,0.004,0.00,0.000,1.6,3.9,1.4,155,22,2.6,4.8,1.3,162,32,1.6,3.9,1.4,155,22,539,29.54,,0,0,0,70.3,70.8,69.6,0.28,0.26,0.25
BREW,2017-08-21 09:40:00 EDT,41.43993,-73.57642,608,72.1,71.7,72.1,76.6,64.3,0.000,0.004,0.00,0.000,2.8,4.6,0.9,172,18,3.4,5.4,1.1,174,17,2.8,4.6,0.9,172,18,553,29.54,,0,0,0,70.3,71.0,69.6,0.28,0.26,0.25
BREW,2017-08-21 09:45:00 EDT,41.43993,-73.57642,608,72.5,72.0,72.5,75.9,64.5,0.000,0.004,0.00,0.000,2.3,4.4,0.8,158,21,2.7,4.9,0.9,159,20,2.3,4.4,0.8,158,21,565,29.54,,0,0,0,70.3,70.9,69.6,0.28,0.26,0.25
BREW,2017-08-21 09:50:00 EDT,41.43993,-73.57642,608,73.2,72.1,73.2,74.9,64.8,0.000,0.004,0.00,0.000,2.9,5.0,0.8,151,17,3.3,5.5,0.9,152,18,2.9,5.0,0.8,151,17,550,29.54,,0,0,0,70.3,70.9,69.6,0.28,0.26,0.25
BREW,2017-08-21 09:55:00 EDT,41.43993,-73.57642,608,73.0,72.2,73.0,75.0,64.6,0.000,0.004,0.00,0.000,2.2,4.0,1.0,157,15,2.8,5.3,1.2,159,17,2.2,4.0,1.0,157,15,524,29.54,,0,0,0,70.3,70.9,69.6,0.28,0.26,0.25
BREW,2017-08-21 10:00:00 EDT,41.43993,-73.57642,608,73.7,72.8,73.7,75.6,65.5,0.000,0.004,0.00,0.000,2.6,5.3,0.9,154,20,2.9,6.3,1.1,156,21,2.6,5.3,0.9,154,20,523,29.54,,0,0,0,70.3,70.8,69.6,0.28,0.26,0.25
BREW,2017-08-21 10:05:00 EDT,41.43993,-73.57642,608,74.5,73.8,74.5,74.5,65.9,0.000,0.004,0.00,0.000,2.0,4.5,0.9,171,36,2.4,5.8,1.0,176,44,2.0,4.5,0.9,171,36,588,29.54,,0,0,0,70.3,70.7,69.6,0.28,0.26,0.25
BREW,2017-08-21 10:10:00 EDT,41.43993,-73.57642,608,75.3,74.5,75.3,73.1,66.1,0.000,0.004,0.00,0.000,1.7,4.9,1.4,163,29,2.2,6.3,1.4,167,45,1.7,4.9,1.4,163,29,544,29.54,,0,0,0,70.3,70.7,69.6,0.28,0.26,0.25
BREW,2017-08-21 10:15:00 EDT,41.43993,-73.57642,608,75.0,74.3,75.0,71.9,65.3,0.000,0.004,0.00,0.000,2.8,5.8,1.2,168,20,3.4,6.3,1.3,170,20,2.8,5.8,1.2,168,20,499,29.54,,0,0,0,70.3,70.7,69.6,0.28,0.26,0.25
BREW,2017-08-21 10:20:00 EDT,41.43993,-73.57642,608,74.9,74.3,74.9,70.9,64.8,0.000,0.004,0.00,0.000,2.9,5.8,1.2,163,19,3.5,6.8,1.3,168,18,2.9,5.8,1.2,163,19,506,29.54,,0,0,0,70.3,70.7,69.6,0.28,0.26,0.25
BREW,2017-08-21 10:25:00 EDT,41.43993,-73.57642,608,75.3,75.0,75.3,71.8,65.6,0.000,0.004,0.00,0.000,1.6,3.3,0.9,218,42,2.1,3.9,0.8,220,50,1.6,3.3,0.9,218,42,489,29.54,,0,0,0,70.3,70.7,69.6,0.28,0.26,0.25
BREW,2017-08-21 10:30:00 EDT,41.43993,-73.57642,608,75.5,75.0,75.5,70.5,65.2,0.000,0.004,0.00,0.000,0.9,2.6,0.8,252,51,1.7,3.9,0.8,261,65,0.9,2.6,0.8,252,51,575,29.54,,0,0,0,70.3,70.7,69.6,0.28,0.26,0.25
BREW,2017-08-21 10:35:00 EDT,41.43993,-73.57642,608,75.8,75.6,75.8,70.9,65.7,0.000,0.004,0.00,0.000,2.2,5.4,1.1,250,50,2.8,6.1,1.2,257,50,2.2,5.4,1.1,250,50,489,29.55,,0,0,0,70.3,70.7,69.6,0.28,0.26,0.25
BREW,2017-08-21 10:40:00 EDT,41.43993,-73.57642,608,76.1,75.8,76.1,70.8,66.0,0.000,0.004,0.00,0.000,2.2,3.9,1.1,192,32,2.7,4.5,1.0,192,34,2.2,3.9,1.1,192,32,517,29.55,,0,0,0,70.3,70.7,69.6,0.28,0.26,0.25
BREW,2017-08-21 10:45:00 EDT,41.43993,-73.57642,608,76.4,75.8,76.4,69.7,65.7,0.000,0.004,0.00,0.000,2.5,4.5,0.9,198,47,2.9,5.5,1.1,199,49,2.5,4.5,0.9,198,47,450,29.55,,0,0,0,70.3,70.7,69.6,0.28,0.26,0.25
BREW,2017-08-21 10:50:00 EDT,41.43993,-73.57642,608,76.5,76.0,76.5,70.3,66.1,0.000,0.004,0.00,0.000,0.7,2.5,0.8,286,36,1.5,3.6,0.6,286,52,0.7,2.5,0.8,286,36,532,29.55,,0,0,0,70.3,70.7,69.6,0.28,0.26,0.25
BREW,2017-08-21 10:55:00 EDT,41.43993,-73.57642,608,76.5,76.0,76.5,69.7,65.8,0.000,0.004,0.00,0.000,2.3,5.3,0.9,264,26,3.0,6.0,1.0,265,29,2.3,5.3,0.9,264,26,440,29.55,,0,0,0,70.3,70.7,69.6,0.28,0.26,0.25
BREW,2017-08-21 11:00:00 EDT,41.43993,-73.57642,608,76.6,76.2,76.6,68.9,65.6,0.000,0.004,0.00,0.000,1.9,5.4,1.4,244,48,2.6,6.1,1.3,249,57,1.9,5.4,1.4,244,48,512,29.55,,0,0,0,70.3,70.7,69.6,0.28,0.26,0.25
BREW,2017-08-21 11:05:00 EDT,41.43993,-73.57642,608,76.9,76.4,76.9,68.7,65.9,0.000,0.004,0.00,0.000,1.1,4.2,1.2,269,51,1.8,4.9,1.1,267,65,1.1,4.2,1.2,269,51,549,29.55,,0,0,0,70.3,70.7,69.6,0.28,0.26,0.25
BREW,2017-08-21 11:10:00 EDT,41.43993,-73.57642,608,77.6,77.0,77.6,68.2,66.3,0.000,0.004,0.00,0.000,1.5,4.4,1.3,276,38,2.4,5.9,1.3,279,42,1.5,4.4,1.3,276,38,627,29.55,,0,0,0,70.3,70.7,69.6,0.28,0.26,0.25
BREW,2017-08-21 11:15:00 EDT,41.43993,-73.57642,608,78.0,77.1,78.0,67.4,66.4,0.000,0.004,0.00,0.000,2.5,6.6,1.6,221,55,3.0,7.1,1.6,238,58,2.5,6.6,1.6,221,55,681,29.55,,0,0,0,70.3,70.7,69.6,0.28,0.26,0.25
BREW,2017-08-21 11:20:00 EDT,41.43993,-73.57642,608,78.2,77.7,78.2,66.5,66.2,0.000,0.004,0.00,0.000,1.5,4.1,1.3,229,42,2.1,5.2,1.3,242,55,1.5,4.1,1.3,229,42,620,29.55,,0,0,0,70.3,70.7,69.6,0.28,0.26,0.25
BREW,2017-08-21 11:25:00 EDT,41.43993,-73.57642,608,77.9,77.7,77.9,65.2,65.3,0.000,0.004,0.00,0.000,1.2,4.9,1.0,240,33,1.9,4.8,0.8,256,40,1.2,4.9,1.0,240,33,679,29.55,,0,0,0,70.3,70.7,69.6,0.28,0.26,0.25
BREW,2017-08-21 11:30:00 EDT,41.43993,-73.57642,608,78.2,77.7,78.2,65.1,65.5,0.000,0.004,0.00,0.000,1.5,4.2,1.2,238,36,1.9,4.6,1.0,246,47,1.5,4.2,1.2,238,36,726,29.55,,0,0,0,70.4,70.7,69.6,0.28,0.26,0.25
BREW,2017-08-21 11:35:00 EDT,41.43993,-73.57642,608,79.0,78.4,79.0,65.0,66.2,0.000,0.004,0.00,0.000,4.0,9.1,2.2,186,27,4.8,12.4,2.3,187,28,4.0,9.1,2.2,186,27,784,29.55,,0,0,0,70.6,70.7,69.6,0.28,0.26,0.25
BREW,2017-08-21 11:40:00 EDT,41.43993,-73.57642,608,79.5,78.9,79.5,64.8,66.7,0.000,0.004,0.00,0.000,2.0,6.9,1.7,188,42,2.9,8.2,1.8,193,44,2.0,6.9,1.7,188,42,798,29.54,,0,0,0,70.7,70.7,69.6,0.28,0.26,0.25
BREW,2017-08-21 11:45:00 EDT,41.43993,-73.57642,608,79.7,79.2,79.7,60.8,65.0,0.000,0.004,0.00,0.000,2.2,5.1,1.4,206,48,2.9,6.1,1.4,211,53,2.2,5.1,1.4,206,48,775,29.54,,0,0,0,70.7,70.7,69.6,0.28,0.26,0.25
BREW,2017-08-21 11:50:00 EDT,41.43993,-73.57642,608,79.9,79.2,79.9,58.8,64.2,0.000,0.004,0.00,0.000,2.3,4.7,1.0,192,46,2.8,5.0,1.2,201,51,2.3,4.7,1.0,192,46,802,29.54,,0,0,0,70.7,70.7,69.6,0.28,0.26,0.25
BREW,2017-08-21 11:55:00 EDT,41.43993,-73.57642,608,79.8,79.2,79.8,58.0,63.7,0.000,0.004,0.00,0.000,4.7,7.1,1.1,291,18,5.3,8.7,1.2,295,16,4.7,7.1,1.1,291,18,801,29.54,,0,0,0,70.7,70.7,69.6,0.28,0.26,0.25
BREW,2017-08-21 12:00:00 EDT,41.43993,-73.57642,608,80.4,79.6,82.2,59.4,65.0,0.000,0.004,0.00,0.000,2.5,5.0,1.0,285,39,3.2,5.9,1.0,292,41,2.5,5.0,1.0,285,39,804,29.54,,0,0,0,70.7,70.7,69.6,0.28,0.26,0.25
BREW,2017-08-21 12:05:00 EDT,41.43993,-73.57642,608,80.4,79.8,82.0,57.5,64.0,0.000,0.004,0.00,0.000,2.1,3.9,1.0,249,27,2.7,5.8,1.2,256,33,2.1,3.9,1.0,249,27,799,29.53,,0,0,0,70.7,70.7,69.6,0.28,0.26,0.25
BREW,2017-08-21 12:10:00 EDT,41.43993,-73.57642,608,80.5,80.1,82.2,57.9,64.3,0.000,0.004,0.00,0.000,2.4,5.1,1.4,242,54,3.0,6.6,1.5,251,60,2.4,5.1,1.4,242,54,810,29.53,,0,0,0,70.7,70.7,69.6,0.28,0.26,0.25
BREW,2017-08-21 12:15:00 EDT,41.43993,-73.57642,608,81.1,79.9,82.7,56.8,64.3,0.000,0.004,0.00,0.000,2.9,7.8,2.3,172,37,3.7,10.0,2.5,179,44,2.9,7.8,2.3,172,37,825,29.53,,0,0,0,70.7,70.7,69.6,0.28,0.26,0.25
BREW,2017-08-21 12:20:00 EDT,41.43993,-73.57642,608,81.2,80.2,82.6,55.1,63.6,0.000,0.004,0.00,0.000,3.5,9.1,2.4,177,36,4.2,10.9,2.8,180,40,3.5,9.1,2.4,177,36,860,29.53,,0,0,0,70.7,70.7,69.6,0.28,0.26,0.25
BREW,2017-08-21 12:25:00 EDT,41.43993,-73.57642,608,81.5,80.6,83.0,55.3,63.9,0.000,0.004,0.00,0.000,4.5,10.6,2.4,171,23,5.3,13.5,2.6,170,23,4.5,10.6,2.4,171,23,717,29.53,,0,0,0,70.7,70.7,69.6,0.28,0.26,0.25
BREW,2017-08-21 12:30:00 EDT,41.43993,-73.57642,608,80.6,80.3,81.7,52.7,61.8,0.000,0.004,0.00,0.000,1.6,6.0,1.7,254,41,2.4,5.7,1.5,279,52,1.6,6.0,1.7,254,41,512,29.52,,0,0,0,70.7,70.7,69.6,0.28,0.26,0.25
BREW,2017-08-21 12:35:00 EDT,41.43993,-73.57642,608,80.0,79.7,80.0,54.6,62.2,0.000,0.004,0.00,0.000,3.4,6.0,1.2,277,28,3.9,7.5,1.2,282,27,3.4,6.0,1.2,277,28,516,29.52,,0,0,0,70.9,70.7,69.6,0.28,0.26,0.25
BREW,2017-08-21 12:40:00 EDT,41.43993,-73.57642,608,80.3,80.0,81.4,53.1,61.6,0.000,0.004,0.00,0.000,3.3,9.0,1.6,234,44,4.0,10.0,1.8,238,44,3.3,9.0,1.6,234,44,557,29.52,,0,0,0,71.1,70.7,69.5,0.28,0.26,0.25
BREW,2017-08-21 12:45:00 EDT,41.43993,-73.57642,608,80.4,80.1,81.4,52.2,61.3,0.000,0.004,0.00,0.000,3.5,7.8,1.7,254,31,3.9,8.7,1.8,261,32,3.5,7.8,1.7,254,31,853,29.52,,0,0,0,71.1,70.7,69.5,0.28,0.26,0.25
BREW,2017-08-21 12:50:00 EDT,41.43993,-73.57642,608,81.7,81.1,82.9,52.7,62.7,0.000,0.004,0.00,0.000,2.4,6.9,1.8,257,35,3.3,8.9,1.7,264,36,2.4,6.9,1.8,257,35,1030,29.52,,0,0,0,71.1,70.7,69.4,0.28,0.26,0.25
BREW,2017-08-21 12:55:00 EDT,41.43993,-73.57642,608,81.8,81.3,82.7,50.6,61.7,0.000,0.004,0.00,0.000,3.8,9.9,2.0,175,36,4.5,10.3,2.2,179,38,3.8,9.9,2.0,175,36,637,29.52,,0,0,0,71.1,70.7,69.5,0.28,0.26,0.25
BREW,2017-08-21 13:00:00 EDT,41.43993,-73.57642,608,80.8,80.5,81.9,52.3,61.7,0.000,0.004,0.00,0.000,3.3,6.4,1.6,171,32,4.1,7.9,1.4,174,32,3.3,6.4,1.6,171,32,497,29.52,,0,0,0,71.1,70.7,69.4,0.28,0.26,0.25
BREW,2017-08-21 13:05:00 EDT,41.43993,-73.57642,608,81.3,80.6,82.4,52.7,62.3,0.000,0.004,0.00,0.000,2.6,6.7,1.8,160,24,3.0,8.4,2.1,162,32,2.6,6.7,1.8,160,24,696,29.51,,0,0,0,71.1,70.7,69.4,0.28,0.26,0.25
BREW,2017-08-21 13:10:00 EDT,41.43993,-73.57642,608,82.3,81.6,83.6,53.1,63.5,0.000,0.004,0.00,0.000,2.2,6.6,1.6,201,38,2.7,7.7,1.4,198,44,2.2,6.6,1.6,201,38,755,29.51,,0,0,0,71.1,70.6,69.3,0.28,0.26,0.25
BREW,2017-08-21 13:15:00 EDT,41.43993,-73.57642,608,81.1,80.8,81.9,51.0,61.2,0.000,0.004,0.00,0.000,3.0,7.5,1.7,277,37,4.0,9.4,2.0,283,36,3.0,7.5,1.7,277,37,522,29.51,,0,0,0,71.2,70.6,69.4,0.28,0.26,0.25
BREW,2017-08-21 13:20:00 EDT,41.43993,-73.57642,608,80.8,80.7,81.8,52.7,61.9,0.000,0.004,0.00,0.000,2.6,5.7,1.4,240,36,3.2,6.8,1.4,245,34,2.6,5.7,1.4,240,36,569,29.51,,0,0,0,71.4,70.6,69.3,0.28,0.26,0.25
BREW,2017-08-21 13:25:00 EDT,41.43993,-73.57642,608,80.9,80.7,82.1,53.0,62.2,0.000,0.004,0.00,0.000,2.1,6.4,1.2,230,47,2.7,6.1,1.3,239,48,2.1,6.4,1.2,230,47,489,29.51,,0,0,0,71.4,70.6,69.3,0.28,0.26,0.25
BREW,2017-08-21 13:30:00 EDT,41.43993,-73.57642,608,80.8,80.7,81.9,53.1,62.1,0.000,0.004,0.00,0.000,1.3,4.9,1.4,230,29,2.0,7.0,1.5,229,40,1.3,4.9,1.4,230,29,478,29.51,,0,0,0,71.4,70.6,69.3,0.28,0.26,0.25
BREW,2017-08-21 13:35:00 EDT,41.43993,-73.57642,608,80.7,80.4,82.0,54.5,62.8,0.000,0.004,0.00,0.000,1.4,4.2,1.2,206,39,2.0,5.0,1.2,209,52,1.4,4.2,1.2,206,39,396,29.51,,0,0,0,71.4,70.6,69.3,0.28,0.26,0.25
BREW,2017-08-21 13:40:00 EDT,41.43993,-73.57642,608,80.2,80.2,81.5,54.7,62.5,0.000,0.004,0.00,0.000,1.4,4.5,1.3,212,37,2.0,6.4,1.3,229,46,1.4,4.5,1.3,212,37,358,29.51,,0,0,0,71.4,70.5,69.3,0.28,0.26,0.25
BREW,2017-08-21 13:45:00 EDT,41.43993,-73.57642,608,80.5,80.0,82.1,57.1,63.9,0.000,0.004,0.00,0.000,1.3,4.8,1.0,288,29,2.0,5.9,1.0,296,33,1.3,4.8,1.0,288,29,528,29.51,,0,0,0,71.4,70.4,69.3,0.28,0.26,0.25
BREW,2017-08-21 13:50:00 EDT,41.43993,-73.57642,608,80.9,80.5,82.4,56.4,63.9,0.000,0.004,0.00,0.000,1.4,3.7,1.1,253,47,2.1,4.6,1.1,256,51,1.4,3.7,1.1,253,47,495,29.51,,0,0,0,71.4,70.5,69.3,0.28,0.26,0.25
BREW,2017-08-21 13:55:00 EDT,41.43993,-73.57642,608,81.2,80.7,82.7,55.6,63.8,0.000,0.004,0.00,0.000,2.5,6.1,1.5,177,25,3.1,6.8,1.6,178,27,2.5,6.1,1.5,177,25,529,29.51,,0,0,0,71.5,70.4,69.3,0.28,0.26,0.25
BREW,2017-08-21 14:00:00 EDT,41.43993,-73.57642,608,80.9,80.7,82.1,53.7,62.6,0.000,0.004,0.00,0.000,3.2,7.2,2.0,185,24,3.9,8.4,2.1,194,31,3.2,7.2,2.0,185,24,475,29.51,,0,0,0,71.7,70.4,69.3,0.28,0.26,0.25
BREW,2017-08-21 14:05:00 EDT,41.43993,-73.57642,608,81.3,80.9,82.8,55.8,64.0,0.000,0.004,0.00,0.000,1.7,6.6,2.1,172,29,2.4,8.3,2.2,179,41,1.7,6.6,2.1,172,29,612,29.50,,0,0,0,71.8,70.3,69.3,0.28,0.26,0.25
BREW,2017-08-21 14:10:00 EDT,41.43993,-73.57642,608,81.5,81.0,82.8,54.3,63.4,0.000,0.004,0.00,0.000,3.3,5.6,0.9,243,59,3.7,6.5,1.1,245,60,3.3,5.6,0.9,243,59,587,29.50,,0,0,0,71.8,70.4,69.3,0.28,0.26,0.25
BREW,2017-08-21 14:15:00 EDT,41.43993,-73.57642,608,81.4,80.9,83.0,56.0,64.2,0.000,0.004,0.00,0.000,2.7,7.0,1.9,234,64,3.2,8.3,1.9,244,65,2.7,7.0,1.9,234,64,435,29.50,,0,0,0,71.8,70.3,69.3,0.28,0.26,0.25
BREW,2017-08-21 14:20:00 EDT,41.43993,-73.57642,608,80.5,80.4,81.9,55.5,63.1,0.000,0.004,0.00,0.000,2.4,6.4,1.4,195,35,2.8,7.1,1.5,197,33,2.4,6.4,1.4,195,35,272,29.50,,0,0,0,71.8,70.3,69.3,0.28,0.26,0.25
BREW,2017-08-21 14:25:00 EDT,41.43993,-73.57642,608,79.7,79.8,79.7,57.5,63.4,0.000,0.004,0.00,0.000,2.4,5.6,1.3,193,34,2.9,6.9,1.4,192,39,2.4,5.6,1.3,193,34,222,29.50,,0,0,0,71.8,70.3,69.3,0.28,0.26,0.25
BREW,2017-08-21 14:30:00 EDT,41.43993,-73.57642,608,79.5,79.5,79.5,56.3,62.6,0.000,0.004,0.00,0.000,1.3,4.3,1.1,209,37,2.0,6.4,1.3,206,43,1.3,4.3,1.1,209,37,171,29.50,,0,0,0,71.8,70.3,69.3,0.28,0.26,0.25
BREW,2017-08-21 14:35:00 EDT,41.43993,-73.57642,608,78.9,79.2,78.9,58.3,63.0,0.000,0.004,0.00,0.000,1.1,3.5,0.8,190,30,1.6,4.3,0.7,195,32,1.1,3.5,0.8,190,30,138,29.50,,0,0,0,72.2,70.3,69.3,0.28,0.26,0.25
BREW,2017-08-21 14:40:00 EDT,41.43993,-73.57642,608,78.3,78.6,78.3,60.6,63.5,0.000,0.004,0.00,0.000,0.6,3.3,0.8,182,20,1.3,4.3,0.8,205,41,0.6,3.3,0.8,182,20,124,29.49,,0,0,0,72.3,70.3,69.3,0.28,0.26,0.25
BREW,2017-08-21 14:45:00 EDT,41.43993,-73.57642,608,77.8,78.3,77.8,62.8,64.1,0.000,0.004,0.00,0.000,1.4,4.7,1.4,181,20,1.8,5.9,1.4,189,33,1.4,4.7,1.4,181,20,119,29.49,,0,0,0,72.3,70.3,69.3,0.28,0.26,0.25
BREW,2017-08-21 14:50:00 EDT,41.43993,-73.57642,608,77.5,78.2,77.5,64.0,64.4,0.000,0.004,0.00,0.000,2.0,9.0,1.3,181,25,2.4,8.8,1.3,182,29,2.0,9.0,1.3,181,25,164,29.49,,0,0,0,72.3,70.3,69.3,0.28,0.26,0.25
BREW,2017-08-21 14:55:00 EDT,41.43993,-73.57642,608,77.5,78.0,77.5,65.2,64.9,0.000,0.004,0.00,0.000,2.1,5.9,1.4,189,28,2.4,6.9,1.4,190,32,2.1,5.9,1.4,189,28,176,29.49,,0,0,0,72.3,70.3,69.3,0.28,0.26,0.25
BREW,2017-08-21 15:00:00 EDT,41.43993,-73.57642,608,77.6,78.0,77.6,64.8,64.8,0.000,0.004,0.00,0.000,0.7,2.6,0.7,222,26,1.4,3.0,0.6,222,43,0.7,2.6,0.7,222,26,197,29.49,,0,0,0,72.3,70.3,69.3,0.28,0.26,0.25
BREW,2017-08-21 15:05:00 EDT,41.43993,-73.57642,608,77.5,78.0,77.5,68.1,66.2,0.000,0.004,0.00,0.000,0.3,1.8,0.5,253,26,0.9,2.8,0.6,258,52,0.3,1.8,0.5,253,26,203,29.49,,0,0,0,72.3,70.3,69.3,0.28,0.26,0.25
BREW,2017-08-21 15:10:00 EDT,41.43993,-73.57642,608,78.0,78.0,78.0,66.7,66.1,0.000,0.004,0.00,0.000,1.4,3.7,1.2,179,20,1.8,4.3,1.1,189,33,1.4,3.7,1.2,179,20,209,29.49,,0,0,0,72.3,70.3,69.3,0.28,0.26,0.25
BREW,2017-08-21 15:15:00 EDT,41.43993,-73.57642,608,77.6,78.0,77.6,66.9,65.7,0.000,0.004,0.00,0.000,1.3,3.6,1.1,181,18,1.6,4.4,1.0,187,30,1.3,3.6,1.1,181,18,159,29.49,,0,0,0,72.3,70.3,69.3,0.28,0.26,0.25
BREW,2017-08-21 15:20:00 EDT,41.43993,-73.57642,608,77.6,78.0,77.6,66.7,65.7,0.000,0.004,0.00,0.000,1.5,3.7,0.9,186,19,1.8,4.3,0.8,193,24,1.5,3.7,0.9,186,19,213,29.49,,0,0,0,72.4,70.3,69.3,0.28,0.26,0.25
BREW,2017-08-21 15:25:00 EDT,41.43993,-73.57642,608,78.2,78.4,78.2,67.1,66.3,0.000,0.004,0.00,0.000,2.1,5.4,1.1,179,16,2.5,5.6,1.1,183,22,2.1,5.4,1.1,179,16,383,29.48,,0,0,0,72.6,70.3,69.3,0.28,0.26,0.25
BREW,2017-08-21 15:30:00 EDT,41.43993,-73.57642,608,79.1,79.0,79.1,65.1,66.3,0.000,0.004,0.00,0.000,2.5,6.8,1.3,188,23,2.6,6.6,1.3,191,26,2.5,6.8,1.3,188,23,477,29.48,,0,0,0,72.7,70.3,69.3,0.28,0.26,0.25
BREW,2017-08-21 15:35:00 EDT,41.43993,-73.57642,608,80.0,79.7,80.0,62.7,66.1,0.000,0.004,0.00,0.000,2.6,6.4,1.8,186,21,3.2,7.6,1.7,186,28,2.6,6.4,1.8,186,21,517,29.48,,0,0,0,72.7,70.3,69.3,0.28,0.26,0.25
BREW,2017-08-21 15:40:00 EDT,41.43993,-73.57642,608,80.3,80.0,82.2,60.8,65.5,0.000,0.004,0.00,0.000,4.1,7.5,1.2,181,17,4.8,8.8,1.5,183,15,4.1,7.5,1.2,181,17,530,29.48,,0,0,0,72.7,70.3,69.3,0.28,0.26,0.25
BREW,2017-08-21 15:45:00 EDT,41.43993,-73.57642,608,80.6,80.2,82.4,59.2,65.0,0.000,0.004,0.00,0.000,3.9,7.4,1.7,189,29,4.5,8.7,1.7,194,32,3.9,7.4,1.7,189,29,546,29.48,,0,0,0,72.7,70.3,69.3,0.28,0.26,0.25
BREW,2017-08-21 15:50:00 EDT,41.43993,-73.57642,608,81.0,80.4,82.7,57.7,64.6,0.000,0.004,0.00,0.000,4.2,7.5,1.6,173,20,4.7,9.2,1.9,179,18,4.2,7.5,1.6,173,20,557,29.49,,0,0,0,72.7,70.3,69.3,0.28,0.26,0.25
BREW,2017-08-21 15:55:00 EDT,41.43993,-73.57642,608,81.2,80.5,83.0,57.3,64.7,0.000,0.004,0.00,0.000,4.7,9.9,1.9,168,21,5.5,10.9,2.1,170,19,4.7,9.9,1.9,168,21,565,29.48,,0,0,0,72.7,70.3,69.3,0.28,0.26,0.25
BREW,2017-08-21 16:00:00 EDT,41.43993,-73.57642,608,81.2,80.9,83.0,57.6,64.8,0.000,0.004,0.00,0.000,4.1,8.3,1.5,183,18,4.5,9.4,1.8,186,16,4.1,8.3,1.5,183,18,563,29.48,,0,0,0,72.7,70.3,69.3,0.28,0.26,0.25
BREW,2017-08-21 16:05:00 EDT,41.43993,-73.57642,608,81.9,81.4,83.8,57.3,65.3,0.000,0.004,0.00,0.000,3.2,7.2,1.8,186,34,3.6,8.1,1.8,190,38,3.2,7.2,1.8,186,34,548,29.48,,0,0,0,72.7,70.3,69.3,0.28,0.26,0.25
BREW,2017-08-21 16:10:00 EDT,41.43993,-73.57642,608,82.1,81.5,83.7,55.5,64.6,0.000,0.004,0.00,0.000,1.9,6.3,1.4,181,31,2.6,6.9,1.3,183,44,1.9,6.3,1.4,181,31,540,29.48,,0,0,0,72.7,70.3,69.3,0.28,0.26,0.25
BREW,2017-08-21 16:15:00 EDT,41.43993,-73.57642,608,82.0,81.7,83.4,54.1,63.8,0.000,0.004,0.00,0.000,1.7,7.5,1.4,175,27,2.3,8.6,1.5,177,32,1.7,7.5,1.4,175,27,534,29.48,,0,0,0,72.7,70.3,69.3,0.28,0.26,0.25
BREW,2017-08-21 16:20:00 EDT,41.43993,-73.57642,608,81.9,81.5,83.3,54.0,63.6,0.000,0.004,0.00,0.000,2.3,8.0,2.1,189,46,3.0,9.3,2.2,198,51,2.3,8.0,2.1,189,46,510,29.48,,0,0,0,72.7,70.3,69.3,0.28,0.26,0.25
BREW,2017-08-21 16:25:00 EDT,41.43993,-73.57642,608,81.8,81.7,83.4,55.3,64.2,0.000,0.004,0.00,0.000,3.5,6.1,1.2,182,22,4.1,7.9,1.3,185,23,3.5,6.1,1.2,182,22,475,29.48,,0,0,0,72.7,70.3,69.3,0.28,0.26,0.25
BREW,2017-08-21 16:30:00 EDT,41.43993,-73.57642,608,81.8,81.7,83.5,56.2,64.7,0.000,0.004,0.00,0.000,3.8,7.2,1.4,173,19,4.1,8.5,1.5,177,19,3.8,7.2,1.4,173,19,472,29.48,,0,0,0,72.7,70.3,69.3,0.28,0.26,0.25
BREW,2017-08-21 16:35:00 EDT,41.43993,-73.57642,608,81.9,81.8,83.8,57.0,65.2,0.000,0.004,0.00,0.000,2.8,8.8,2.3,179,22,3.4,10.5,2.3,182,30,2.8,8.8,2.3,179,22,471,29.47,,0,0,0,72.9,70.3,69.3,0.28,0.26,0.25
BREW,2017-08-21 16:40:00 EDT,41.43993,-73.57642,608,82.0,81.7,83.9,56.4,65.0,0.000,0.004,0.00,0.000,3.5,6.4,1.4,182,23,4.0,8.6,1.7,184,24,3.5,6.4,1.4,182,23,456,29.47,,0,0,0,73.0,70.3,69.3,0.28,0.26,0.25
BREW,2017-08-21 16:45:00 EDT,41.43993,-73.57642,608,81.8,81.6,83.3,55.1,64.1,0.000,0.004,0.00,0.000,2.7,7.2,1.3,194,36,3.2,9.0,1.4,199,37,2.7,7.2,1.3,194,36,443,29.47,,0,0,0,73.0,70.3,69.3,0.28,0.26,0.25
BREW,2017-08-21 16:50:00 EDT,41.43993,-73.57642,608,81.8,81.7,83.5,55.8,64.5,0.000,0.004,0.00,0.000,3.1,6.8,1.7,198,35,3.6,8.7,1.6,201,41,3.1,6.8,1.7,198,35,424,29.47,,0,0,0,73.0,70.3,69.3,0.28,0.26,0.25
BREW,2017-08-21 16:55:00 EDT,41.43993,-73.57642,608,81.8,81.8,83.6,57.2,65.1,0.000,0.004,0.00,0.000,3.3,7.2,1.3,193,29,3.8,9.8,1.6,199,29,3.3,7.2,1.3,193,29,396,29.47,,0,0,0,73.0,70.3,69.3,0.28,0.26,0.25
BREW,2017-08-21 17:00:00 EDT,41.43993,-73.57642,608,81.6,81.7,83.6,57.8,65.3,0.000,0.004,0.00,0.000,1.9,4.5,1.2,201,25,2.3,6.0,1.2,206,28,1.9,4.5,1.2,201,25,314,29.47,,0,0,0,73.0,70.3,69.3,0.28,0.26,0.25
BREW,2017-08-21 17:05:00 EDT,41.43993,-73.57642,608,81.8,81.5,83.7,57.7,65.4,0.000,0.004,0.00,0.000,1.8,6.1,1.7,187,38,2.5,7.3,1.8,203,53,1.8,6.1,1.7,187,38,393,29.47,,0,0,0,73.0,70.3,69.3,0.28,0.26,0.25
BREW,2017-08-21 17:10:00 EDT,41.43993,-73.57642,608,82.1,81.9,84.2,57.9,65.8,0.000,0.004,0.00,0.000,2.2,5.3,1.2,182,22,2.5,6.4,1.5,182,20,2.2,5.3,1.2,182,22,394,29.47,,0,0,0,73.0,70.3,69.3,0.28,0.26,0.25
BREW,2017-08-21 17:15:00 EDT,41.43993,-73.57642,608,82.0,81.8,84.0,57.9,65.7,0.000,0.004,0.00,0.000,2.6,5.3,1.2,193,27,2.3,7.1,1.6,186,26,2.6,5.3,1.2,193,27,415,29.47,,0,0,0,73.0,70.3,69.3,0.28,0.26,0.25
BREW,2017-08-21 17:20:00 EDT,41.43993,-73.57642,608,82.3,82.1,84.4,57.9,66.0,0.000,0.004,0.00,0.000,2.2,5.5,1.2,186,31,2.7,7.7,1.6,189,34,2.2,5.5,1.2,186,31,327,29.47,,0,0,0,73.0,70.3,69.3,0.28,0.26,0.25
BREW,2017-08-21 17:25:00 EDT,41.43993,-73.57642,608,82.0,81.9,84.1,58.5,66.0,0.000,0.004,0.00,0.000,0.8,3.2,0.8,201,36,1.5,4.1,0.8,208,50,0.8,3.2,0.8,201,36,317,29.47,,0,0,0,73.0,70.3,69.3,0.28,0.26,0.25
BREW,2017-08-21 17:30:00 EDT,41.43993,-73.57642,608,81.7,81.6,83.8,58.5,65.8,0.000,0.004,0.00,0.000,1.4,8.2,1.9,188,35,2.2,7.7,1.9,200,50,1.4,8.2,1.9,188,35,237,29.47,,0,0,0,73.0,70.3,69.3,0.28,0.26,0.25
BREW,2017-08-21 17:35:00 EDT,41.43993,-73.57642,608,80.7,80.8,82.7,59.5,65.3,0.000,0.004,0.00,0.000,2.6,6.3,1.4,175,20,3.0,7.5,1.4,176,24,2.6,6.3,1.4,175,20,133,29.47,,0,0,0,73.0,70.3,69.3,0.28,0.26,0.25
BREW,2017-08-21 17:40:00 EDT,41.43993,-73.57642,608,80.3,80.4,82.4,62.5,66.3,0.000,0.004,0.00,0.000,1.6,4.3,1.1,197,25,2.1,5.9,1.2,200,31,1.6,4.3,1.1,197,25,159,29.47,,0,0,0,73.0,70.4,69.3,0.28,0.26,0.25
BREW,2017-08-21 17:45:00 EDT,41.43993,-73.57642,608,80.5,80.5,82.8,63.0,66.7,0.000,0.004,0.00,0.000,1.9,4.3,1.0,172,30,2.6,5.6,1.0,177,33,1.9,4.3,1.0,172,30,173,29.47,,0,0,0,73.0,70.3,69.3,0.28,0.26,0.25
BREW,2017-08-21 17:50:00 EDT,41.43993,-73.57642,608,80.6,80.7,82.8,62.1,66.4,0.000,0.004,0.00,0.000,2.5,4.7,1.1,191,30,3.1,6.8,1.4,190,30,2.5,4.7,1.1,191,30,232,29.47,,0,0,0,73.0,70.3,69.3,0.28,0.26,0.25
BREW,2017-08-21 17:55:00 EDT,41.43993,-73.57642,608,81.0,81.1,83.2,61.2,66.4,0.000,0.004,0.00,0.000,1.8,4.4,1.2,186,37,2.4,5.0,1.2,189,33,1.8,4.4,1.2,186,37,285,29.47,,0,0,0,73.0,70.4,69.3,0.28,0.26,0.25
BREW,2017-08-21 18:00:00 EDT,41.43993,-73.57642,608,81.2,81.2,83.4,60.6,66.3,0.000,0.004,0.00,0.000,1.8,4.2,1.2,190,25,2.4,5.1,1.1,196,29,1.8,4.2,1.2,190,25,234,29.46,,0,0,0,73.0,70.4,69.3,0.28,0.26,0.25
BREW,2017-08-21 18:05:00 EDT,41.43993,-73.57642,608,80.7,81.1,82.9,61.5,66.3,0.000,0.004,0.00,0.000,2.7,5.5,1.2,199,21,3.1,6.6,1.4,200,23,2.7,5.5,1.2,199,21,204,29.46,,0,0,0,73.0,70.4,69.3,0.28,0.26,0.25
BREW,2017-08-21 18:10:00 EDT,41.43993,-73.57642,608,80.4,80.6,82.6,61.9,66.1,0.000,0.004,0.00,0.000,2.1,5.6,1.5,211,39,2.8,6.1,1.6,213,44,2.1,5.6,1.5,211,39,196,29.46,,0,0,0,73.1,70.4,69.3,0.28,0.26,0.25
BREW,2017-08-21 18:15:00 EDT,41.43993,-73.57642,608,80.5,80.6,82.7,62.6,66.5,0.000,0.004,0.00,0.000,1.9,4.9,1.2,176,29,2.4,5.1,1.1,173,34,1.9,4.9,1.2,176,29,179,29.45,,0,0,0,73.1,70.4,69.3,0.28,0.26,0.25
BREW,2017-08-21 18:20:00 EDT,41.43993,-73.57642,608,80.2,80.5,82.3,62.2,66.1,0.000,0.004,0.00,0.000,2.7,6.4,1.4,190,31,3.2,7.4,1.7,192,33,2.7,6.4,1.4,190,31,166,29.45,,0,0,0,73.2,70.5,69.3,0.28,0.26,0.25
BREW,2017-08-21 18:25:00 EDT,41.43993,-73.57642,608,79.9,80.1,79.9,63.5,66.4,0.000,0.004,0.00,0.000,1.3,3.6,1.0,194,26,1.8,3.7,0.9,194,36,1.3,3.6,1.0,194,26,144,29.45,,0,0,0,73.3,70.5,69.3,0.28,0.26,0.25
BREW,2017-08-21 18:30:00 EDT,41.43993,-73.57642,608,79.3,80.0,79.3,64.0,66.1,0.000,0.004,0.00,0.000,1.9,4.4,1.2,208,26,2.3,5.1,1.0,217,31,1.9,4.4,1.2,208,26,141,29.45,,0,0,0,73.3,70.5,69.3,0.28,0.26,0.25
BREW,2017-08-21 18:35:00 EDT,41.43993,-73.57642,608,78.9,79.6,78.9,66.2,66.6,0.000,0.004,0.00,0.000,2.4,6.7,1.7,177,37,3.2,8.6,1.6,179,33,2.4,6.7,1.7,177,37,128,29.45,,0,0,0,73.4,70.5,69.3,0.28,0.26,0.25
BREW,2017-08-21 18:40:00 EDT,41.43993,-73.57642,608,78.5,79.0,78.5,67.4,66.8,0.000,0.004,0.00,0.000,2.1,5.9,1.3,187,27,2.8,6.6,1.4,187,28,2.1,5.9,1.3,187,27,76,29.45,,0,0,0,73.4,70.6,69.3,0.28,0.26,0.25
BREW,2017-08-21 18:45:00 EDT,41.43993,-73.57642,608,78.1,78.6,78.1,68.3,66.8,0.000,0.004,0.00,0.000,2.2,6.1,1.7,178,24,3.0,7.6,1.8,182,22,2.2,6.1,1.7,178,24,45,29.45,,0,0,0,73.4,70.5,69.3,0.28,0.26,0.25
BREW,2017-08-21 18:50:00 EDT,41.43993,-73.57642,608,77.7,78.2,77.7,69.6,66.9,0.000,0.004,0.00,0.000,2.3,4.9,1.3,191,19,2.7,6.4,1.3,197,26,2.3,4.9,1.3,191,19,34,29.45,,0,0,0,73.4,70.6,69.3,0.28,0.26,0.25
BREW,2017-08-21 18:55:00 EDT,41.43993,-73.57642,608,77.3,78.0,77.3,70.4,66.9,0.000,0.004,0.00,0.000,4.1,8.3,1.8,179,21,4.6,9.8,2.1,180,20,4.1,8.3,1.8,179,21,27,29.45,,0,0,0,73.4,70.6,69.3,0.28,0.26,0.25
BREW,2017-08-21 19:00:00 EDT,41.43993,-73.57642,608,77.2,77.7,77.2,70.3,66.8,0.000,0.004,0.00,0.000,2.9,7.2,1.2,182,24,3.3,8.2,1.5,182,24,2.9,7.2,1.2,182,24,22,29.45,,0,0,0,73.4,70.6,69.3,0.28,0.26,0.25
BREW,2017-08-21 19:05:00 EDT,41.43993,-73.57642,608,76.6,77.2,76.6,71.3,66.6,0.000,0.004,0.00,0.000,2.2,4.8,1.2,189,21,2.8,5.6,1.3,198,21,2.2,4.8,1.2,189,21,19,29.45,,0,0,0,73.4,70.7,69.3,0.28,0.26,0.25
BREW,2017-08-21 19:10:00 EDT,41.43993,-73.57642,608,75.8,76.9,75.8,72.8,66.4,0.000,0.004,0.00,0.000,0.9,2.8,0.8,191,52,1.6,3.6,0.7,196,60,0.9,2.8,0.8,191,52,17,29.45,,0,0,0,73.4,70.7,69.3,0.28,0.26,0.25
BREW,2017-08-21 19:15:00 EDT,41.43993,-73.57642,608,74.8,76.6,74.8,75.0,66.4,0.000,0.004,0.00,0.000,1.2,3.6,1.3,164,18,1.9,4.4,1.1,162,45,1.2,3.6,1.3,164,18,16,29.45,,0,0,0,73.4,70.7,69.3,0.28,0.26,0.25
BREW,2017-08-21 19:20:00 EDT,41.43993,-73.57642,608,74.4,76.2,74.4,76.4,66.5,0.000,0.004,0.00,0.000,0.7,3.1,0.9,201,9,1.2,3.8,0.8,203,34,0.7,3.1,0.9,201,9,18,29.45,,0,0,0,73.4,70.7,69.3,0.28,0.26,0.25
BREW,2017-08-21 19:25:00 EDT,41.43993,-73.57642,608,74.3,75.9,74.3,77.2,66.7,0.000,0.004,0.00,0.000,0.3,1.9,0.5,206,17,1.1,2.3,0.4,216,44,0.3,1.9,0.5,206,17,20,29.46,,0,0,0,73.4,70.7,69.3,0.28,0.26,0.25
BREW,2017-08-21 19:30:00 EDT,41.43993,-73.57642,608,73.4,75.6,73.4,78.9,66.4,0.000,0.004,0.00,0.000,1.6,6.9,1.7,191,23,2.3,7.6,1.8,200,31,1.6,6.9,1.7,191,23,17,29.46,,0,0,0,73.4,70.7,69.3,0.28,0.26,0.25
BREW,2017-08-21 19:35:00 EDT,41.43993,-73.57642,608,74.7,75.7,74.7,76.1,66.6,0.000,0.004,0.00,0.000,2.3,5.4,1.3,183,24,2.9,7.1,1.3,189,26,2.3,5.4,1.3,183,24,12,29.46,,0,0,0,73.4,70.7,69.3,0.28,0.26,0.25
BREW,2017-08-21 19:40:00 EDT,41.43993,-73.57642,608,74.2,75.5,74.2,76.5,66.3,0.000,0.004,0.00,0.000,1.7,3.7,1.1,182,19,2.0,5.1,1.1,188,29,1.7,3.7,1.1,182,19,7,29.46,,0,0,0,73.4,70.7,69.3,0.28,0.26,0.25
BREW,2017-08-21 19:45:00 EDT,41.43993,-73.57642,608,73.5,75.2,73.5,77.9,66.2,0.000,0.004,0.00,0.000,1.6,4.4,1.2,171,28,2.0,5.2,1.2,167,31,1.6,4.4,1.2,171,28,4,29.46,,0,0,0,73.4,70.7,69.3,0.28,0.26,0.25
BREW,2017-08-21 19:50:00 EDT,41.43993,-73.57642,608,73.4,75.2,73.4,78.0,66.1,0.000,0.004,0.00,0.000,2.1,4.7,0.9,191,24,2.4,5.1,1.1,195,25,2.1,4.7,0.9,191,24,2,29.46,,0,0,0,73.4,70.7,69.3,0.28,0.26,0.25
BREW,2017-08-21 19:55:00 EDT,41.43993,-73.57642,608,73.1,74.9,73.1,78.5,66.0,0.000,0.004,0.00,0.000,1.1,3.2,0.8,197,26,1.9,3.9,0.7,197,23,1.1,3.2,0.8,197,26,1,29.46,,0,0,0,73.4,70.7,69.3,0.28,0.26,0.25
BREW,2017-08-21 20:00:00 EDT,41.43993,-73.57642,608,73.4,74.8,73.4,78.5,66.3,0.000,0.004,0.00,0.000,1.9,4.2,1.1,193,24,2.5,7.0,1.2,199,29,1.9,4.2,1.1,193,24,0,29.46,,0,0,0,73.4,70.7,69.3,0.28,0.26,0.25
BREW,2017-08-21 20:05:00 EDT,41.43993,-73.57642,608,73.3,74.8,73.3,77.7,65.9,0.000,0.004,0.00,0.000,0.8,2.6,0.7,226,43,1.4,3.9,0.7,256,50,0.8,2.6,0.7,226,43,0,29.46,,0,0,0,73.4,70.7,69.3,0.28,0.26,0.25
BREW,2017-08-21 20:10:00 EDT,41.43993,-73.57642,608,72.7,74.6,72.7,79.0,65.9,0.000,0.004,0.00,0.000,0.6,2.8,0.9,178,16,1.3,3.5,0.7,193,54,0.6,2.8,0.9,178,16,0,29.46,,0,0,0,73.4,70.7,69.3,0.28,0.26,0.25
BREW,2017-08-21 20:15:00 EDT,41.43993,-73.57642,608,72.6,74.4,72.6,79.4,65.9,0.000,0.004,0.00,0.000,1.4,4.6,1.3,193,28,1.8,5.0,1.2,193,40,1.4,4.6,1.3,193,28,0,29.46,,0,0,0,73.4,70.7,69.3,0.28,0.26,0.25
BREW,2017-08-21 20:20:00 EDT,41.43993,-73.57642,608,72.8,74.2,72.8,79.5,66.1,0.000,0.004,0.00,0.000,0.5,3.2,0.8,206,41,1.3,4.0,0.7,255,67,0.5,3.2,0.8,206,41,0,29.46,,0,0,0,73.4,70.7,69.3,0.28,0.26,0.25
BREW,2017-08-21 20:25:00 EDT,41.43993,-73.57642,608,72.5,74.1,72.5,80.2,66.0,0.000,0.004,0.00,0.000,0.6,2.4,0.7,215,22,1.1,2.6,0.6,224,38,0.6,2.4,0.7,215,22,0,29.46,,0,0,0,73.4,70.7,69.3,0.28,0.26,0.25
BREW,2017-08-21 20:30:00 EDT,41.43993,-73.57642,608,72.7,74.0,72.7,79.8,66.2,0.000,0.004,0.00,0.000,0.9,2.7,0.9,199,33,1.4,3.8,0.8,192,51,0.9,2.7,0.9,199,33,0,29.46,,0,0,0,73.4,70.7,69.3,0.28,0.26,0.25
BREW,2017-08-21 20:35:00 EDT,41.43993,-73.57642,608,72.1,73.7,72.1,80.4,65.7,0.000,0.004,0.00,0.000,1.1,3.5,1.1,155,22,1.6,4.3,0.9,156,36,1.1,3.5,1.1,155,22,0,29.46,,0,0,0,73.4,70.7,69.3,0.28,0.26,0.25
BREW,2017-08-21 20:40:00 EDT,41.43993,-73.57642,608,71.6,73.6,71.6,81.6,65.6,0.000,0.004,0.00,0.000,1.2,3.6,1.0,152,26,1.8,3.7,0.9,147,34,1.2,3.6,1.0,152,26,0,29.46,,0,0,0,73.4,70.7,69.3,0.28,0.26,0.25
BREW,2017-08-21 20:45:00 EDT,41.43993,-73.57642,608,70.9,73.5,70.9,82.9,65.4,0.000,0.004,0.00,0.000,0.5,3.1,0.7,151,28,1.2,3.1,0.6,133,52,0.5,3.1,0.7,151,28,0,29.46,,0,0,0,73.4,70.7,69.3,0.28,0.26,0.25
BREW,2017-08-21 20:50:00 EDT,41.43993,-73.57642,608,70.3,73.0,70.3,84.4,65.3,0.000,0.004,0.00,0.000,0.2,1.5,0.4,135,14,0.8,1.9,0.4,125,47,0.2,1.5,0.4,135,14,0,29.46,,0,0,0,73.4,70.7,69.3,0.28,0.26,0.25
BREW,2017-08-21 20:55:00 EDT,41.43993,-73.57642,608,70.6,72.9,70.6,85.4,66.0,0.000,0.004,0.00,0.000,0.2,1.8,0.5,207,18,0.9,2.3,0.4,246,38,0.2,1.8,0.5,207,18,0,29.47,,0,0,0,73.4,70.7,69.3,0.28,0.26,0.25
BREW,2017-08-21 21:00:00 EDT,41.43993,-73.57642,608,70.0,72.7,70.0,86.5,65.8,0.000,0.004,0.00,0.000,0.0,0.1,0.0,94,0,0.6,1.6,0.3,191,64,0.0,0.1,0.0,94,0,0,29.47,,0,0,0,73.4,70.7,69.3,0.28,0.26,0.25
BREW,2017-08-21 21:05:00 EDT,41.43993,-73.57642,608,70.5,72.7,70.5,87.1,66.4,0.000,0.004,0.00,0.000,0.1,1.6,0.2,200,5,0.9,2.7,0.5,264,53,0.1,1.6,0.2,200,5,0,29.47,,0,0,0,73.4,70.7,69.3,0.28,0.26,0.25
BREW,2017-08-21 21:10:00 EDT,41.43993,-73.57642,608,70.5,72.7,70.5,87.2,66.5,0.000,0.004,0.00,0.000,0.0,0.4,0.1,207,0,0.5,1.1,0.2,230,48,0.0,0.4,0.1,207,0,0,29.47,,0,0,0,73.4,70.7,69.3,0.28,0.26,0.25
BREW,2017-08-21 21:15:00 EDT,41.43993,-73.57642,608,70.1,72.4,70.1,87.0,66.0,0.000,0.004,0.00,0.000,0.0,0.7,0.1,204,0,0.7,1.3,0.3,151,37,0.0,0.7,0.1,204,0,0,29.46,,0,0,0,73.4,70.7,69.3,0.28,0.26,0.25
BREW,2017-08-21 21:20:00 EDT,41.43993,-73.57642,608,69.9,71.9,69.9,87.7,66.1,0.000,0.004,0.00,0.000,0.0,0.0,0.0,0,0,0.6,1.3,0.3,110,54,0.0,0.0,0.0,0,0,0,29.47,,0,0,0,73.4,70.7,69.3,0.28,0.26,0.25
BREW,2017-08-21 21:25:00 EDT,41.43993,-73.57642,608,69.6,72.2,69.6,88.5,66.1,0.000,0.004,0.00,0.000,0.0,0.0,0.0,0,0,0.4,0.9,0.2,118,75,0.0,0.0,0.0,0,0,0,29.47,,0,0,0,73.4,70.7,69.3,0.28,0.26,0.25
BREW,2017-08-21 21:30:00 EDT,41.43993,-73.57642,608,69.4,71.8,69.4,89.8,66.3,0.000,0.004,0.00,0.000,0.0,0.0,0.0,0,0,0.4,0.9,0.2,248,71,0.0,0.0,0.0,0,0,0,29.47,,0,0,0,73.4,70.7,69.3,0.28,0.26,0.25
BREW,2017-08-21 21:35:00 EDT,41.43993,-73.57642,608,69.2,71.6,69.2,90.0,66.1,0.000,0.004,0.00,0.000,0.2,1.1,0.4,105,0,0.8,1.6,0.4,298,36,0.2,1.1,0.4,105,0,0,29.46,,0,0,0,73.4,70.7,69.3,0.28,0.26,0.25
BREW,2017-08-21 21:40:00 EDT,41.43993,-73.57642,608,68.1,70.3,68.1,91.1,65.4,0.000,0.004,0.00,0.000,1.0,1.8,0.5,308,56,1.4,2.1,0.3,305,9,1.0,1.8,0.5,308,56,0,29.47,,0,0,0,73.4,70.7,69.3,0.28,0.26,0.25
BREW,2017-08-21 21:45:00 EDT,41.43993,-73.57642,608,68.0,69.2,68.0,92.8,65.8,0.000,0.004,0.00,0.000,0.7,1.5,0.5,317,12,1.2,2.1,0.3,317,16,0.7,1.5,0.5,317,12,0,29.47,,0,0,0,73.4,70.7,69.3,0.28,0.26,0.25
BREW,2017-08-21 21:50:00 EDT,41.43993,-73.57642,608,68.2,69.2,68.2,93.4,66.2,0.000,0.004,0.00,0.000,0.3,1.2,0.4,327,0,1.0,1.7,0.3,317,17,0.3,1.2,0.4,327,0,0,29.46,,0,0,0,73.4,70.7,69.3,0.28,0.26,0.25
BREW,2017-08-21 21:55:00 EDT,41.43993,-73.57642,608,68.3,69.9,68.3,93.8,66.4,0.000,0.004,0.00,0.000,0.2,1.3,0.4,327,0,0.8,1.6,0.4,303,35,0.2,1.3,0.4,327,0,0,29.46,,0,0,0,73.4,70.7,69.3,0.28,0.26,0.25
BREW,2017-08-21 22:00:00 EDT,41.43993,-73.57642,608,68.2,70.4,68.2,93.7,66.4,0.000,0.004,0.00,0.000,0.0,0.0,0.0,0,0,0.5,1.9,0.3,198,42,0.0,0.0,0.0,0,0,0,29.46,,0,0,0,73.4,70.7,69.3,0.28,0.26,0.25
BREW,2017-08-21 22:05:00 EDT,41.43993,-73.57642,608,68.3,70.5,68.3,93.7,66.4,0.000,0.004,0.00,0.000,0.0,0.0,0.0,0,0,0.5,2.2,0.3,257,67,0.0,0.0,0.0,0,0,0,29.46,,0,0,0,73.4,70.7,69.3,0.28,0.26,0.25
BREW,2017-08-21 22:10:00 EDT,41.43993,-73.57642,608,68.3,70.9,68.3,93.5,66.4,0.000,0.004,0.00,0.000,0.0,0.0,0.0,0,0,0.7,1.1,0.2,305,30,0.0,0.0,0.0,0,0,0,29.46,,0,0,0,73.4,70.7,69.3,0.28,0.26,0.25
BREW,2017-08-21 22:15:00 EDT,41.43993,-73.57642,608,67.8,69.7,67.8,93.2,65.7,0.000,0.004,0.00,0.000,0.0,1.1,0.2,304,0,0.7,1.5,0.3,313,39,0.0,1.1,0.2,304,0,0,29.46,,0,0,0,73.3,70.7,69.3,0.28,0.26,0.25
BREW,2017-08-21 22:20:00 EDT,41.43993,-73.57642,608,66.9,69.2,66.9,93.6,65.0,0.000,0.004,0.00,0.000,0.8,1.6,0.5,294,9,1.3,3.0,0.4,293,18,0.8,1.6,0.5,294,9,0,29.46,,0,0,0,73.3,70.7,69.3,0.28,0.26,0.25
BREW,2017-08-21 22:25:00 EDT,41.43993,-73.57642,608,67.2,68.7,67.2,94.7,65.6,0.000,0.004,0.00,0.000,0.3,1.0,0.3,298,0,0.9,1.4,0.2,306,14,0.3,1.0,0.3,298,0,0,29.46,,0,0,0,73.2,70.7,69.3,0.28,0.26,0.25
BREW,2017-08-21 22:30:00 EDT,41.43993,-73.57642,608,67.1,69.8,67.1,95.3,65.7,0.000,0.004,0.00,0.000,0.0,0.5,0.1,298,0,0.8,1.5,0.3,321,53,0.0,0.5,0.1,298,0,0,29.46,,0,0,0,73.1,70.7,69.3,0.28,0.26,0.25
BREW,2017-08-21 22:35:00 EDT,41.43993,-73.57642,608,67.2,70.9,67.2,96.0,66.0,0.000,0.004,0.00,0.000,0.0,0.0,0.0,0,0,0.6,1.6,0.3,87,63,0.0,0.0,0.0,0,0,0,29.46,,0,0,0,73.0,70.7,69.3,0.28,0.26,0.25
BREW,2017-08-21 22:40:00 EDT,41.43993,-73.57642,608,67.9,71.3,67.9,95.9,66.7,0.000,0.004,0.00,0.000,0.0,0.0,0.0,0,0,0.6,1.3,0.3,184,58,0.0,0.0,0.0,0,0,0,29.46,,0,0,0,73.0,70.7,69.3,0.28,0.26,0.25
BREW,2017-08-21 22:45:00 EDT,41.43993,-73.57642,608,68.4,71.0,68.4,95.3,67.0,0.000,0.004,0.00,0.000,0.1,1.0,0.2,164,8,0.7,1.4,0.3,165,25,0.1,1.0,0.2,164,8,0,29.46,,0,0,0,73.0,70.7,69.3,0.28,0.26,0.25
BREW,2017-08-21 22:50:00 EDT,41.43993,-73.57642,608,68.5,70.7,68.5,94.9,67.0,0.000,0.004,0.00,0.000,0.0,0.4,0.1,164,5,0.7,1.3,0.2,164,30,0.0,0.4,0.1,164,5,0,29.46,,0,0,0,73.0,70.7,69.3,0.28,0.26,0.25
BREW,2017-08-21 22:55:00 EDT,41.43993,-73.57642,608,68.7,70.7,68.7,95.0,67.2,0.000,0.004,0.00,0.000,0.0,0.0,0.0,0,0,0.5,1.0,0.2,195,29,0.0,0.0,0.0,0,0,0,29.46,,0,0,0,73.0,70.7,69.3,0.28,0.26,0.25
BREW,2017-08-21 23:00:00 EDT,41.43993,-73.57642,608,68.5,70.1,68.5,94.5,66.8,0.000,0.004,0.00,0.000,0.1,0.7,0.1,123,0,0.8,1.3,0.2,143,18,0.1,0.7,0.1,123,0,0,29.46,,0,0,0,73.0,70.7,69.3,0.28,0.26,0.25
BREW,2017-08-21 23:05:00 EDT,41.43993,-73.57642,608,68.0,69.8,68.0,94.2,66.3,0.000,0.004,0.00,0.000,0.1,0.6,0.2,133,0,0.8,1.4,0.2,131,26,0.1,0.6,0.2,133,0,0,29.46,,0,0,0,73.0,70.7,69.3,0.28,0.26,0.25
BREW,2017-08-21 23:10:00 EDT,41.43993,-73.57642,608,68.5,69.9,68.5,94.9,67.0,0.000,0.004,0.00,0.000,0.0,0.0,0.0,0,0,0.5,1.5,0.3,37,52,0.0,0.0,0.0,0,0,0,29.46,,0,0,0,73.0,70.7,69.3,0.28,0.26,0.25
BREW,2017-08-21 23:15:00 EDT,41.43993,-73.57642,608,67.9,70.2,67.9,95.1,66.5,0.000,0.004,0.00,0.000,0.0,0.0,0.0,0,0,0.5,1.2,0.3,8,54,0.0,0.0,0.0,0,0,0,29.46,,0,0,0,73.0,70.7,69.3,0.28,0.26,0.25
BREW,2017-08-21 23:20:00 EDT,41.43993,-73.57642,608,67.8,69.9,67.8,95.1,66.3,0.000,0.004,0.00,0.000,0.0,0.6,0.1,112,0,0.6,1.1,0.3,128,18,0.0,0.6,0.1,112,0,0,29.46,,0,0,0,73.0,70.7,69.3,0.28,0.26,0.25
BREW,2017-08-21 23:25:00 EDT,41.43993,-73.57642,608,67.8,69.6,67.8,95.3,66.4,0.000,0.004,0.00,0.000,0.0,0.4,0.1,112,81,0.7,1.1,0.2,143,19,0.0,0.4,0.1,112,81,0,29.46,,0,0,0,73.0,70.7,69.3,0.28,0.26,0.25
BREW,2017-08-21 23:30:00 EDT,41.43993,-73.57642,608,68.0,69.7,68.0,95.8,66.8,0.000,0.004,0.00,0.000,0.0,0.0,0.0,0,0,0.4,0.8,0.2,213,48,0.0,0.0,0.0,0,0,0,29.45,,0,0,0,73.0,70.8,69.3,0.28,0.26,0.25
BREW,2017-08-21 23:35:00 EDT,41.43993,-73.57642,608,68.3,70.2,68.3,96.2,67.2,0.000,0.004,0.00,0.000,0.2,1.5,0.4,176,0,0.8,2.0,0.3,202,30,0.2,1.5,0.4,176,0,0,29.45,,0,0,0,73.0,70.8,69.3,0.28,0.26,0.25
BREW,2017-08-21 23:40:00 EDT,41.43993,-73.57642,608,68.0,69.6,68.0,96.2,66.9,0.000,0.004,0.00,0.000,0.2,0.6,0.2,168,9,0.7,1.4,0.4,159,20,0.2,0.6,0.2,168,9,0,29.45,,0,0,0,73.0,70.8,69.3,0.28,0.26,0.25
BREW,2017-08-21 23:45:00 EDT,41.43993,-73.57642,608,68.3,69.8,68.3,96.5,67.3,0.000,0.004,0.00,0.000,0.0,0.9,0.1,169,1,0.6,2.3,0.4,197,36,0.0,0.9,0.1,169,1,0,29.45,,0,0,0,73.0,70.8,69.3,0.28,0.26,0.25
BREW,2017-08-21 23:50:00 EDT,41.43993,-73.57642,608,68.3,70.1,68.3,96.3,67.2,0.000,0.004,0.00,0.000,0.2,1.5,0.4,158,4,0.8,1.8,0.4,176,29,0.2,1.5,0.4,158,4,0,29.45,,0,0,0,73.0,70.8,69.3,0.28,0.26,0.25
BREW,2017-08-21 23:55:00 EDT,41.43993,-73.57642,608,68.2,70.4,68.2,95.9,67.0,0.000,0.004,0.00,0.000,1.0,2.1,0.5,169,8,1.4,2.6,0.5,174,13,1.0,2.1,0.5,169,8,0,29.45,,0,0,0,73.0,70.8,69.3,0.28,0.26,0.25
BROC,2017-08-21 00:00:00 EDT,43.20835,-77.96592,563,66.8,67.3,66.8,75.0,58.6,0.000,0.000,0.00,0.000,3.5,6.4,1.3,212,16,3.8,7.8,1.4,213,14,3.5,6.4,1.3,212,16,0,29.51,,0,0,0,71.8,71.1,69.3,0.36,0.28,0.28
BROC,2017-08-21 00:05:00 EDT,43.20835,-77.96592,563,66.7,67.1,66.7,74.9,58.5,0.000,0.000,0.00,0.000,3.4,5.6,1.0,209,18,3.7,7.2,1.3,209,16,3.4,5.6,1.0,209,18,0,29.52,,0,0,0,71.8,71.1,69.3,0.36,0.28,0.28
BROC,2017-08-21 00:10:00 EDT,43.20835,-77.96592,563,66.5,67.2,66.5,75.2,58.4,0.000,0.000,0.00,0.000,3.5,6.3,1.5,209,19,4.1,7.8,1.7,209,17,3.5,6.3,1.5,209,19,0,29.52,,0,0,0,71.8,71.1,69.3,0.36,0.29,0.28
BROC,2017-08-21 00:15:00 EDT,43.20835,-77.96592,563,66.6,67.3,66.6,74.9,58.4,0.000,0.000,0.00,0.000,4.1,7.5,1.2,201,20,4.6,9.3,1.3,202,17,4.1,7.5,1.2,201,20,0,29.51,,0,0,0,71.8,71.0,69.3,0.36,0.28,0.28
BROC,2017-08-21 00:20:00 EDT,43.20835,-77.96592,563,65.9,66.3,65.9,76.4,58.2,0.000,0.000,0.00,0.000,3.3,6.6,1.5,175,21,3.8,8.4,1.8,177,20,3.3,6.6,1.5,175,21,0,29.51,,0,0,0,71.6,71.0,69.3,0.36,0.29,0.28
BROC,2017-08-21 00:25:00 EDT,43.20835,-77.96592,563,65.4,66.0,65.4,78.0,58.4,0.000,0.000,0.00,0.000,4.5,9.8,2.2,201,27,5.0,11.6,2.4,199,27,4.5,9.8,2.2,201,27,0,29.51,,0,0,0,71.5,71.1,69.3,0.36,0.29,0.28
BROC,2017-08-21 00:30:00 EDT,43.20835,-77.96592,563,65.4,65.8,65.4,78.3,58.5,0.000,0.000,0.00,0.000,3.9,6.8,1.5,208,32,4.4,7.8,1.6,205,33,3.9,6.8,1.5,208,32,0,29.51,,0,0,0,71.5,71.0,69.3,0.36,0.28,0.29
BROC,2017-08-21 00:35:00 EDT,43.20835,-77.96592,563,65.2,65.4,65.2,79.3,58.6,0.000,0.000,0.00,0.000,3.4,7.3,1.9,200,30,3.8,8.6,2.0,201,31,3.4,7.3,1.9,200,30,0,29.52,,0,0,0,71.4,71.1,69.3,0.36,0.29,0.29
BROC,2017-08-21 00:40:00 EDT,43.20835,-77.96592,563,64.8,65.2,64.8,80.4,58.6,0.000,0.000,0.00,0.000,2.8,6.4,1.4,200,30,3.4,8.3,1.5,200,29,2.8,6.4,1.4,200,30,0,29.52,,0,0,0,71.5,71.0,69.3,0.36,0.28,0.28
BROC,2017-08-21 00:45:00 EDT,43.20835,-77.96592,563,64.7,65.1,64.7,80.9,58.7,0.000,0.000,0.00,0.000,2.9,5.6,1.1,202,25,3.2,6.7,1.3,204,25,2.9,5.6,1.1,202,25,0,29.52,,0,0,0,71.4,71.0,69.3,0.36,0.28,0.28
BROC,2017-08-21 00:50:00 EDT,43.20835,-77.96592,563,64.7,65.1,64.7,80.7,58.6,0.000,0.000,0.00,0.000,4.1,8.0,1.4,199,22,4.6,8.8,1.5,198,21,4.1,8.0,1.4,199,22,0,29.52,,0,0,0,71.4,71.0,69.3,0.36,0.28,0.29
BROC,2017-08-21 00:55:00 EDT,43.20835,-77.96592,563,65.0,65.5,65.0,79.1,58.4,0.000,0.000,0.00,0.000,3.7,6.3,1.2,196,25,4.3,7.9,1.5,198,23,3.7,6.3,1.2,196,25,0,29.52,,0,0,0,71.3,71.0,69.3,0.36,0.28,0.28
BROC,2017-08-21 01:00:00 EDT,43.20835,-77.96592,563,64.7,65.1,64.7,79.5,58.2,0.000,0.000,0.00,0.000,3.3,6.1,1.3,192,23,3.9,8.4,1.5,190,20,3.3,6.1,1.3,192,23,0,29.52,,0,0,0,71.3,71.0,69.3,0.36,0.29,0.28
BROC,2017-08-21 01:05:00 EDT,43.20835,-77.96592,563,64.7,65.0,64.7,79.6,58.2,0.000,0.000,0.00,0.000,3.0,5.2,1.1,185,24,3.8,7.9,1.3,189,21,3.0,5.2,1.1,185,24,0,29.52,,0,0,0,71.3,71.0,69.3,0.36,0.28,0.28
BROC,2017-08-21 01:10:00 EDT,43.20835,-77.96592,563,64.3,64.7,64.3,79.9,57.9,0.000,0.000,0.00,0.000,3.2,6.8,1.2,194,26,3.7,8.1,1.4,196,25,3.2,6.8,1.2,194,26,0,29.52,,0,0,0,71.3,71.0,69.3,0.36,0.28,0.29
BROC,2017-08-21 01:15:00 EDT,43.20835,-77.96592,563,64.4,64.9,64.4,79.8,58.1,0.000,0.000,0.00,0.000,3.9,8.5,1.4,187,24,4.3,8.7,1.8,188,22,3.9,8.5,1.4,187,24,0,29.52,,0,0,0,71.3,70.9,69.3,0.36,0.28,0.28
BROC,2017-08-21 01:20:00 EDT,43.20835,-77.96592,563,64.2,64.5,64.2,80.0,57.9,0.000,0.000,0.00,0.000,3.3,7.7,1.4,188,34,3.9,8.6,1.7,191,32,3.3,7.7,1.4,188,34,0,29.52,,0,0,0,71.3,70.8,69.3,0.36,0.28,0.28
BROC,2017-08-21 01:25:00 EDT,43.20835,-77.96592,563,64.0,64.3,64.0,80.6,57.9,0.000,0.000,0.00,0.000,3.8,7.6,1.8,193,29,4.4,8.5,2.1,193,30,3.8,7.6,1.8,193,29,0,29.52,,0,0,0,71.3,70.8,69.3,0.36,0.28,0.28
BROC,2017-08-21 01:30:00 EDT,43.20835,-77.96592,563,63.9,64.3,63.9,80.8,57.9,0.000,0.000,0.00,0.000,4.2,7.4,1.3,185,22,4.9,9.3,1.5,188,20,4.2,7.4,1.3,185,22,0,29.52,,0,0,0,71.2,70.8,69.3,0.36,0.29,0.28
BROC,2017-08-21 01:35:00 EDT,43.20835,-77.96592,563,64.0,64.3,64.0,80.6,57.9,0.000,0.000,0.00,0.000,3.3,7.3,1.3,183,26,3.7,9.0,1.8,189,23,3.3,7.3,1.3,183,26,0,29.52,,0,0,0,71.3,70.8,69.3,0.36,0.28,0.28
BROC,2017-08-21 01:40:00 EDT,43.20835,-77.96592,563,63.8,64.2,63.8,80.3,57.6,0.000,0.000,0.00,0.000,2.2,5.6,1.1,188,37,2.7,5.6,1.2,190,35,2.2,5.6,1.1,188,37,0,29.52,,0,0,0,71.2,70.8,69.3,0.36,0.28,0.28
BROC,2017-08-21 01:45:00 EDT,43.20835,-77.96592,563,63.7,64.1,63.7,80.5,57.6,0.000,0.000,0.00,0.000,2.6,8.1,1.9,191,32,3.2,10.1,2.1,189,30,2.6,8.1,1.9,191,32,0,29.51,,0,0,0,71.3,70.7,69.3,0.36,0.28,0.28
BROC,2017-08-21 01:50:00 EDT,43.20835,-77.96592,563,63.9,64.2,63.9,80.3,57.7,0.000,0.000,0.00,0.000,3.3,6.4,1.5,199,30,4.0,8.2,1.6,201,27,3.3,6.4,1.5,199,30,0,29.51,,0,0,0,71.3,70.7,69.3,0.36,0.28,0.28
BROC,2017-08-21 01:55:00 EDT,43.20835,-77.96592,563,64.0,64.2,64.0,80.0,57.7,0.000,0.000,0.00,0.000,3.5,6.7,1.3,202,23,4.1,8.0,1.6,203,20,3.5,6.7,1.3,202,23,0,29.51,,0,0,0,71.2,70.8,69.3,0.36,0.28,0.28
BROC,2017-08-21 02:00:00 EDT,43.20835,-77.96592,563,63.9,64.1,63.9,80.1,57.6,0.000,0.000,0.00,0.000,3.1,5.6,1.1,208,26,3.6,6.8,1.2,207,23,3.1,5.6,1.1,208,26,0,29.52,,0,0,0,71.2,70.8,69.3,0.36,0.28,0.28
BROC,2017-08-21 02:05:00 EDT,43.20835,-77.96592,563,63.8,64.2,63.8,80.4,57.7,0.000,0.000,0.00,0.000,2.7,5.3,1.2,204,25,3.3,6.3,1.5,201,25,2.7,5.3,1.2,204,25,0,29.52,,0,0,0,71.2,70.7,69.3,0.36,0.28,0.28
BROC,2017-08-21 02:10:00 EDT,43.20835,-77.96592,563,63.9,64.2,63.9,80.4,57.7,0.000,0.000,0.00,0.000,2.8,5.8,1.2,193,26,3.5,7.0,1.3,191,24,2.8,5.8,1.2,193,26,0,29.52,,0,0,0,71.0,70.7,69.3,0.36,0.28,0.28
BROC,2017-08-21 02:15:00 EDT,43.20835,-77.96592,563,64.0,64.2,64.0,80.3,57.8,0.000,0.000,0.00,0.000,2.9,6.4,1.2,189,25,3.2,7.2,1.5,191,25,2.9,6.4,1.2,189,25,0,29.51,,0,0,0,70.9,70.7,69.3,0.36,0.28,0.28
BROC,2017-08-21 02:20:00 EDT,43.20835,-77.96592,563,63.8,64.1,63.8,80.7,57.8,0.000,0.000,0.00,0.000,3.7,7.2,1.6,193,25,4.4,8.1,1.8,192,22,3.7,7.2,1.6,193,25,0,29.51,,0,0,0,70.9,70.7,69.3,0.36,0.28,0.28
BROC,2017-08-21 02:25:00 EDT,43.20835,-77.96592,563,63.8,64.0,63.8,80.9,57.8,0.000,0.000,0.00,0.000,3.8,8.6,1.7,188,22,4.3,10.0,1.9,188,20,3.8,8.6,1.7,188,22,0,29.51,,0,0,0,70.9,70.7,69.3,0.36,0.28,0.28
BROC,2017-08-21 02:30:00 EDT,43.20835,-77.96592,563,63.8,64.0,63.8,81.5,58.0,0.000,0.000,0.00,0.000,4.4,7.6,1.4,182,22,5.4,9.1,1.8,185,18,4.4,7.6,1.4,182,22,0,29.51,,0,0,0,70.8,70.7,69.3,0.36,0.28,0.28
BROC,2017-08-21 02:35:00 EDT,43.20835,-77.96592,563,64.0,64.3,64.0,81.5,58.2,0.000,0.000,0.00,0.000,4.8,8.4,1.7,186,19,5.4,9.5,1.8,188,17,4.8,8.4,1.7,186,19,0,29.51,,0,0,0,70.7,70.7,69.3,0.36,0.28,0.28
BROC,2017-08-21 02:40:00 EDT,43.20835,-77.96592,563,64.0,64.3,64.0,81.3,58.1,0.000,0.000,0.00,0.000,3.8,9.0,1.5,186,23,4.5,10.9,1.8,185,22,3.8,9.0,1.5,186,23,0,29.51,,0,0,0,70.8,70.7,69.3,0.36,0.28,0.28
BROC,2017-08-21 02:45:00 EDT,43.20835,-77.96592,563,64.2,64.5,64.2,81.5,58.4,0.000,0.000,0.00,0.000,4.9,8.6,1.5,182,19,5.7,9.4,1.7,184,17,4.9,8.6,1.5,182,19,0,29.51,,0,0,0,70.7,70.7,69.3,0.36,0.28,0.28
BROC,2017-08-21 02:50:00 EDT,43.20835,-77.96592,563,64.3,64.6,64.3,81.4,58.5,0.000,0.000,0.00,0.000,4.9,9.0,1.6,189,20,5.7,9.7,1.9,190,19,4.9,9.0,1.6,189,20,0,29.51,,0,0,0,70.7,70.7,69.3,0.36,0.28,0.28
BROC,2017-08-21 02:55:00 EDT,43.20835,-77.96592,563,64.1,64.3,64.1,81.7,58.3,0.000,0.000,0.00,0.000,4.5,9.5,1.8,181,21,5.4,11.7,2.4,180,19,4.5,9.5,1.8,181,21,0,29.52,,0,0,0,70.7,70.7,69.3,0.36,0.29,0.28
BROC,2017-08-21 03:00:00 EDT,43.20835,-77.96592,563,64.0,64.3,64.0,81.8,58.4,0.000,0.000,0.00,0.000,4.6,8.9,1.7,181,18,5.2,10.7,2.2,182,16,4.6,8.9,1.7,181,18,0,29.52,,0,0,0,70.7,70.7,69.3,0.36,0.28,0.28
BROC,2017-08-21 03:05:00 EDT,43.20835,-77.96592,563,64.1,64.3,64.1,82.0,58.5,0.000,0.000,0.00,0.000,2.8,6.4,1.2,193,24,3.3,7.0,1.3,194,23,2.8,6.4,1.2,193,24,0,29.52,,0,0,0,70.7,70.7,69.3,0.36,0.28,0.28
BROC,2017-08-21 03:10:00 EDT,43.20835,-77.96592,563,63.8,64.1,63.8,82.3,58.3,0.000,0.000,0.00,0.000,4.5,8.3,1.6,176,23,5.6,10.4,1.7,179,20,4.5,8.3,1.6,176,23,0,29.52,,0,0,0,70.7,70.7,69.3,0.36,0.28,0.28
BROC,2017-08-21 03:15:00 EDT,43.20835,-77.96592,563,63.8,64.2,63.8,82.9,58.5,0.000,0.000,0.00,0.000,4.5,8.5,1.4,167,22,5.2,11.6,2.0,169,22,4.5,8.5,1.4,167,22,0,29.51,,0,0,0,70.7,70.7,69.4,0.36,0.28,0.28
BROC,2017-08-21 03:20:00 EDT,43.20835,-77.96592,563,64.0,64.3,64.0,82.9,58.7,0.000,0.000,0.00,0.000,4.7,8.8,1.7,175,23,5.6,12.1,2.1,175,21,4.7,8.8,1.7,175,23,0,29.52,,0,0,0,70.6,70.8,69.4,0.36,0.28,0.28
BROC,2017-08-21 03:25:00 EDT,43.20835,-77.96592,563,64.1,64.4,64.1,82.6,58.6,0.000,0.000,0.00,0.000,4.4,10.4,2.0,174,23,5.4,11.6,2.2,176,20,4.4,10.4,2.0,174,23,0,29.52,,0,0,0,70.5,70.7,69.3,0.36,0.28,0.28
BROC,2017-08-21 03:30:00 EDT,43.20835,-77.96592,563,64.0,64.2,64.0,82.3,58.5,0.000,0.000,0.00,0.000,4.8,9.1,1.7,177,22,5.7,11.1,2.1,176,19,4.8,9.1,1.7,177,22,0,29.52,,0,0,0,70.5,70.7,69.3,0.36,0.28,0.28
BROC,2017-08-21 03:35:00 EDT,43.20835,-77.96592,563,63.7,63.9,63.7,83.0,58.5,0.000,0.000,0.00,0.000,5.0,8.0,1.6,175,25,5.9,11.5,2.1,177,22,5.0,8.0,1.6,175,25,0,29.52,,0,0,0,70.5,70.7,69.3,0.36,0.28,0.28
BROC,2017-08-21 03:40:00 EDT,43.20835,-77.96592,563,63.8,64.0,63.8,83.4,58.7,0.000,0.000,0.00,0.000,4.5,9.1,1.6,171,23,5.3,10.1,1.8,172,21,4.5,9.1,1.6,171,23,0,29.52,,0,0,0,70.4,70.7,69.3,0.36,0.29,0.28
BROC,2017-08-21 03:45:00 EDT,43.20835,-77.96592,563,63.7,63.8,63.7,83.6,58.6,0.000,0.000,0.00,0.000,4.1,8.1,1.5,175,22,4.7,9.9,1.9,175,19,4.1,8.1,1.5,175,22,0,29.52,,0,0,0,70.4,70.7,69.3,0.36,0.28,0.28
BROC,2017-08-21 03:50:00 EDT,43.20835,-77.96592,563,63.6,63.7,63.6,84.0,58.6,0.000,0.000,0.00,0.000,3.9,8.0,1.5,171,26,4.6,9.8,1.7,170,25,3.9,8.0,1.5,171,26,0,29.51,,0,0,0,70.4,70.7,69.3,0.36,0.28,0.28
BROC,2017-08-21 03:55:00 EDT,43.20835,-77.96592,563,63.6,63.9,63.6,84.4,58.9,0.000,0.000,0.00,0.000,4.8,9.1,1.5,180,26,5.7,11.3,1.8,179,24,4.8,9.1,1.5,180,26,0,29.51,,0,0,0,70.3,70.7,69.3,0.36,0.29,0.28
BROC,2017-08-21 04:00:00 EDT,43.20835,-77.96592,563,63.7,63.9,63.7,84.3,58.9,0.000,0.000,0.00,0.000,4.3,9.9,1.7,170,23,5.4,12.6,2.0,169,18,4.3,9.9,1.7,170,23,0,29.51,,0,0,0,70.3,70.7,69.3,0.36,0.29,0.28
BROC,2017-08-21 04:05:00 EDT,43.20835,-77.96592,563,63.8,64.0,63.8,84.3,59.0,0.000,0.000,0.00,0.000,5.5,10.8,2.1,171,22,6.5,14.3,2.2,171,18,5.5,10.8,2.1,171,22,0,29.51,,0,0,0,70.3,70.7,69.3,0.36,0.29,0.28
BROC,2017-08-21 04:10:00 EDT,43.20835,-77.96592,563,63.8,64.0,63.8,84.3,59.0,0.000,0.000,0.00,0.000,4.4,11.0,2.1,171,27,5.0,13.4,2.3,171,24,4.4,11.0,2.1,171,27,0,29.51,,0,0,0,70.3,70.7,69.3,0.36,0.28,0.28
BROC,2017-08-21 04:15:00 EDT,43.20835,-77.96592,563,64.1,64.3,64.1,83.8,59.1,0.000,0.000,0.00,0.000,4.4,8.7,1.9,177,26,5.3,11.2,2.1,178,22,4.4,8.7,1.9,177,26,0,29.51,,0,0,0,70.3,70.7,69.3,0.36,0.28,0.28
BROC,2017-08-21 04:20:00 EDT,43.20835,-77.96592,563,64.3,64.5,64.3,83.2,59.1,0.000,0.000,0.00,0.000,5.7,9.3,1.6,173,20,6.7,11.1,1.8,174,17,5.7,9.3,1.6,173,20,0,29.51,,0,0,0,70.2,70.7,69.3,0.36,0.29,0.28
BROC,2017-08-21 04:25:00 EDT,43.20835,-77.96592,563,64.4,64.6,64.4,83.0,59.1,0.000,0.000,0.00,0.000,5.0,10.4,2.1,169,19,5.8,12.3,2.3,169,16,5.0,10.4,2.1,169,19,0,29.51,,0,0,0,70.2,70.7,69.3,0.36,0.29,0.28
BROC,2017-08-21 04:30:00 EDT,43.20835,-77.96592,563,64.4,64.7,64.4,82.8,59.1,0.000,0.000,0.00,0.000,4.9,7.8,1.5,167,18,5.5,9.5,1.8,166,18,4.9,7.8,1.5,167,18,0,29.51,,0,0,0,70.2,70.7,69.3,0.36,0.28,0.28
BROC,2017-08-21 04:35:00 EDT,43.20835,-77.96592,563,64.4,64.7,64.4,82.9,59.1,0.000,0.000,0.00,0.000,3.0,8.8,1.7,171,25,3.8,10.1,1.9,174,23,3.0,8.8,1.7,171,25,0,29.50,,0,0,0,70.2,70.7,69.3,0.36,0.28,0.28
BROC,2017-08-21 04:40:00 EDT,43.20835,-77.96592,563,64.6,65.0,64.6,82.6,59.2,0.000,0.000,0.00,0.000,4.3,6.6,1.2,166,18,5.0,8.8,1.6,168,17,4.3,6.6,1.2,166,18,0,29.50,,0,0,0,70.1,70.7,69.3,0.36,0.28,0.28
BROC,2017-08-21 04:45:00 EDT,43.20835,-77.96592,563,64.6,64.9,64.6,82.2,59.0,0.000,0.000,0.00,0.000,4.2,8.1,1.7,171,18,4.9,9.2,1.8,173,16,4.2,8.1,1.7,171,18,0,29.51,,0,0,0,70.1,70.7,69.3,0.36,0.29,0.28
BROC,2017-08-21 04:50:00 EDT,43.20835,-77.96592,563,64.3,64.5,64.3,82.7,59.0,0.000,0.000,0.00,0.000,3.9,8.0,1.7,173,29,4.5,8.9,2.0,173,27,3.9,8.0,1.7,173,29,0,29.51,,0,0,0,70.1,70.7,69.3,0.36,0.28,0.28
BROC,2017-08-21 04:55:00 EDT,43.20835,-77.96592,563,64.3,64.4,64.3,83.0,59.0,0.000,0.000,0.00,0.000,2.7,8.1,1.7,176,31,3.2,9.7,1.9,178,35,2.7,8.1,1.7,176,31,0,29.51,,0,0,0,70.0,70.7,69.3,0.36,0.28,0.28
BROC,2017-08-21 05:00:00 EDT,43.20835,-77.96592,563,64.2,64.3,64.2,83.4,59.0,0.000,0.000,0.00,0.000,5.2,9.0,2.0,164,21,5.7,10.7,2.5,165,18,5.2,9.0,2.0,164,21,0,29.51,,0,0,0,70.0,70.7,69.3,0.36,0.28,0.28
BROC,2017-08-21 05:05:00 EDT,43.20835,-77.96592,563,64.0,64.2,64.0,84.0,59.1,0.000,0.000,0.00,0.000,4.7,10.5,1.9,165,21,5.3,13.1,2.3,169,20,4.7,10.5,1.9,165,21,0,29.51,,0,0,0,70.0,70.7,69.3,0.36,0.28,0.28
BROC,2017-08-21 05:10:00 EDT,43.20835,-77.96592,563,63.9,64.0,63.9,84.2,59.1,0.000,0.000,0.00,0.000,2.2,5.0,1.0,189,47,2.8,6.8,1.3,186,45,2.2,5.0,1.0,189,47,0,29.51,,0,0,0,70.0,70.7,69.3,0.36,0.28,0.28
BROC,2017-08-21 05:15:00 EDT,43.20835,-77.96592,563,63.8,63.9,63.8,84.7,59.1,0.000,0.000,0.00,0.000,3.0,6.4,1.4,178,26,3.8,8.3,1.5,180,30,3.0,6.4,1.4,178,26,0,29.51,,0,0,0,70.0,70.6,69.3,0.36,0.28,0.28
BROC,2017-08-21 05:20:00 EDT,43.20835,-77.96592,563,63.7,63.9,63.7,85.0,59.1,0.000,0.000,0.00,0.000,3.9,9.9,1.8,172,25,4.4,10.7,1.9,175,25,3.9,9.9,1.8,172,25,0,29.51,,0,0,0,70.0,70.6,69.3,0.36,0.28,0.28
BROC,2017-08-21 05:25:00 EDT,43.20835,-77.96592,563,63.8,63.8,63.8,85.0,59.2,0.000,0.000,0.00,0.000,3.4,7.9,1.5,193,27,4.2,10.6,1.8,193,27,3.4,7.9,1.5,193,27,0,29.51,,0,0,0,69.9,70.6,69.3,0.36,0.28,0.28
BROC,2017-08-21 05:30:00 EDT,43.20835,-77.96592,563,63.5,63.6,63.5,85.5,59.1,0.000,0.000,0.00,0.000,4.6,9.3,1.8,177,27,5.1,11.3,2.3,180,24,4.6,9.3,1.8,177,27,0,29.51,,0,0,0,70.0,70.5,69.3,0.36,0.29,0.28
BROC,2017-08-21 05:35:00 EDT,43.20835,-77.96592,563,63.5,63.5,63.5,86.0,59.2,0.000,0.000,0.00,0.000,4.0,9.3,2.0,176,25,4.9,10.8,2.3,179,27,4.0,9.3,2.0,176,25,0,29.51,,0,0,0,70.0,70.5,69.3,0.36,0.29,0.28
BROC,2017-08-21 05:40:00 EDT,43.20835,-77.96592,563,63.4,63.5,63.4,86.0,59.2,0.000,0.000,0.00,0.000,3.4,7.2,1.8,175,27,4.5,10.2,2.2,179,24,3.4,7.2,1.8,175,27,0,29.51,,0,0,0,69.9,70.4,69.3,0.36,0.29,0.28
BROC,2017-08-21 05:45:00 EDT,43.20835,-77.96592,563,63.3,63.4,63.3,86.4,59.2,0.000,0.000,0.00,0.000,4.6,10.6,2.2,174,22,5.6,13.4,2.5,173,22,4.6,10.6,2.2,174,22,0,29.51,,0,0,0,69.9,70.4,69.3,0.36,0.28,0.28
BROC,2017-08-21 05:50:00 EDT,43.20835,-77.96592,563,63.3,63.4,63.3,86.4,59.2,0.000,0.000,0.00,0.000,4.2,9.1,1.8,174,24,5.3,11.0,2.2,176,21,4.2,9.1,1.8,174,24,0,29.51,,0,0,0,69.9,70.4,69.3,0.36,0.28,0.28
BROC,2017-08-21 05:55:00 EDT,43.20835,-77.96592,563,63.5,63.5,63.5,85.9,59.2,0.000,0.000,0.00,0.000,3.7,7.2,1.6,180,24,4.6,10.0,1.7,181,22,3.7,7.2,1.6,180,24,0,29.51,,0,0,0,69.9,70.4,69.3,0.36,0.28,0.28
BROC,2017-08-21 06:00:00 EDT,43.20835,-77.96592,563,63.4,63.5,63.4,85.8,59.1,0.000,0.000,0.00,0.000,3.8,7.5,1.6,179,25,4.8,9.3,1.9,180,22,3.8,7.5,1.6,179,25,0,29.51,,0,0,0,69.9,70.4,69.3,0.36,0.29,0.28
BROC,2017-08-21 06:05:00 EDT,43.20835,-77.96592,563,63.5,63.5,63.5,85.7,59.1,0.000,0.000,0.00,0.000,3.6,8.5,1.7,172,25,4.2,8.7,1.8,175,21,3.6,8.5,1.7,172,25,0,29.51,,0,0,0,69.9,70.3,69.3,0.36,0.29,0.28
BROC,2017-08-21 06:10:00 EDT,43.20835,-77.96592,563,63.4,63.5,63.4,85.8,59.1,0.000,0.000,0.00,0.000,5.3,11.3,2.1,175,22,6.2,12.2,2.4,173,21,5.3,11.3,2.1,175,22,0,29.51,,0,0,0,69.8,70.4,69.3,0.36,0.29,0.28
BROC,2017-08-21 06:15:00 EDT,43.20835,-77.96592,563,63.4,63.5,63.4,85.6,59.0,0.000,0.000,0.00,0.000,3.8,8.8,2.0,179,27,4.9,11.5,2.7,179,25,3.8,8.8,2.0,179,27,1,29.51,,0,0,0,69.9,70.4,69.3,0.36,0.28,0.28
BROC,2017-08-21 06:20:00 EDT,43.20835,-77.96592,563,63.3,63.4,63.3,85.8,59.0,0.000,0.000,0.00,0.000,4.0,10.0,2.1,173,26,5.1,12.9,2.4,174,22,4.0,10.0,2.1,173,26,1,29.50,,0,0,0,69.9,70.3,69.4,0.36,0.28,0.28
BROC,2017-08-21 06:25:00 EDT,43.20835,-77.96592,563,63.4,63.7,63.4,85.7,59.1,0.000,0.000,0.00,0.000,4.0,8.5,1.8,183,20,4.7,10.6,2.2,184,18,4.0,8.5,1.8,183,20,2,29.51,,0,0,0,69.9,70.3,69.3,0.36,0.29,0.28
BROC,2017-08-21 06:30:00 EDT,43.20835,-77.96592,563,63.6,63.8,63.6,84.9,59.0,0.000,0.000,0.00,0.000,4.4,12.1,2.8,170,26,5.0,15.0,3.2,175,24,4.4,12.1,2.8,170,26,3,29.51,,0,0,0,69.9,70.3,69.3,0.36,0.29,0.28
BROC,2017-08-21 06:35:00 EDT,43.20835,-77.96592,563,63.5,63.7,63.5,84.7,58.9,0.000,0.000,0.00,0.000,4.2,9.6,1.8,181,29,5.0,10.9,2.1,180,28,4.2,9.6,1.8,181,29,4,29.50,,0,0,0,69.8,70.3,69.3,0.36,0.29,0.28
BROC,2017-08-21 06:40:00 EDT,43.20835,-77.96592,563,63.4,63.5,63.4,85.2,58.9,0.000,0.000,0.00,0.000,4.1,9.0,2.1,179,25,5.1,10.0,2.2,177,26,4.1,9.0,2.1,179,25,5,29.50,,0,0,0,69.8,70.3,69.3,0.36,0.29,0.28
BROC,2017-08-21 06:45:00 EDT,43.20835,-77.96592,563,63.5,63.7,63.5,85.2,59.0,0.000,0.000,0.00,0.000,4.1,9.0,2.1,173,23,4.9,11.4,2.4,174,22,4.1,9.0,2.1,173,23,6,29.50,,0,0,0,69.7,70.3,69.3,0.36,0.29,0.28
BROC,2017-08-21 06:50:00 EDT,43.20835,-77.96592,563,63.7,63.8,63.7,84.6,58.9,0.000,0.000,0.00,0.000,4.4,8.7,1.6,173,23,5.4,11.3,1.7,176,19,4.4,8.7,1.6,173,23,8,29.50,,0,0,0,69.8,70.3,69.3,0.36,0.29,0.28
BROC,2017-08-21 06:55:00 EDT,43.20835,-77.96592,563,63.5,63.6,63.5,84.7,58.8,0.000,0.000,0.00,0.000,4.6,10.2,1.9,171,26,5.3,10.3,1.9,173,25,4.6,10.2,1.9,171,26,10,29.51,,0,0,0,69.7,70.3,69.3,0.36,0.29,0.28
BROC,2017-08-21 07:00:00 EDT,43.20835,-77.96592,563,63.6,63.7,63.6,84.7,58.9,0.000,0.000,0.00,0.000,4.0,7.8,1.8,174,25,4.8,10.4,1.9,178,26,4.0,7.8,1.8,174,25,12,29.51,,0,0,0,69.7,70.3,69.4,0.36,0.29,0.28
BROC,2017-08-21 07:05:00 EDT,43.20835,-77.96592,563,63.5,63.7,63.5,84.8,58.9,0.000,0.000,0.00,0.000,3.8,8.2,1.8,171,23,4.6,9.7,1.9,174,22,3.8,8.2,1.8,171,23,15,29.51,,0,0,0,69.6,70.3,69.3,0.36,0.28,0.28
BROC,2017-08-21 07:10:00 EDT,43.20835,-77.96592,563,63.5,63.7,63.5,84.8,58.9,0.000,0.000,0.00,0.000,4.9,10.2,1.9,172,25,5.9,11.2,2.2,172,23,4.9,10.2,1.9,172,25,19,29.51,,0,0,0,69.6,70.3,69.3,0.36,0.29,0.28
BROC,2017-08-21 07:15:00 EDT,43.20835,-77.96592,563,63.7,63.8,63.7,84.7,59.0,0.000,0.000,0.00,0.000,5.6,12.9,2.2,178,20,6.5,15.2,2.5,177,18,5.6,12.9,2.2,178,20,42,29.51,,0,0,0,69.6,70.3,69.3,0.36,0.29,0.28
BROC,2017-08-21 07:20:00 EDT,43.20835,-77.96592,563,64.0,64.1,64.0,83.7,58.9,0.000,0.000,0.00,0.000,5.5,10.1,1.6,172,24,6.2,12.6,2.0,174,20,5.5,10.1,1.6,172,24,77,29.50,,0,0,0,69.6,70.3,69.3,0.36,0.29,0.28
BROC,2017-08-21 07:25:00 EDT,43.20835,-77.96592,563,64.3,64.4,64.3,82.7,58.9,0.000,0.000,0.00,0.000,5.6,10.6,1.9,176,21,6.3,13.9,2.2,175,19,5.6,10.6,1.9,176,21,92,29.51,,0,0,0,69.6,70.3,69.3,0.36,0.28,0.28
BROC,2017-08-21 07:30:00 EDT,43.20835,-77.96592,563,64.5,64.5,64.5,82.2,58.9,0.000,0.000,0.00,0.000,4.4,10.4,1.8,179,23,5.6,10.9,2.1,183,23,4.4,10.4,1.8,179,23,104,29.51,,0,0,0,69.6,70.3,69.3,0.36,0.29,0.28
BROC,2017-08-21 07:35:00 EDT,43.20835,-77.96592,563,64.8,64.8,64.8,81.3,58.9,0.000,0.000,0.00,0.000,5.7,11.0,2.2,176,25,6.7,13.1,2.7,176,20,5.7,11.0,2.2,176,25,117,29.51,,0,0,0,69.6,70.3,69.3,0.36,0.29,0.28
BROC,2017-08-21 07:40:00 EDT,43.20835,-77.96592,563,64.9,64.9,64.9,81.2,59.0,0.000,0.000,0.00,0.000,5.0,10.8,2.2,185,24,5.8,14.1,2.6,185,21,5.0,10.8,2.2,185,24,129,29.51,,0,0,0,69.5,70.2,69.3,0.36,0.29,0.28
BROC,2017-08-21 07:45:00 EDT,43.20835,-77.96592,563,65.4,65.4,65.4,80.2,59.1,0.000,0.000,0.00,0.000,3.5,8.3,1.6,183,24,4.1,9.4,1.8,183,22,3.5,8.3,1.6,183,24,143,29.51,,0,0,0,69.5,70.2,69.3,0.36,0.29,0.28
BROC,2017-08-21 07:50:00 EDT,43.20835,-77.96592,563,65.7,65.6,65.7,79.3,59.1,0.000,0.000,0.00,0.000,3.3,9.6,2.0,190,37,3.9,9.9,2.0,191,35,3.3,9.6,2.0,190,37,155,29.51,,0,0,0,69.5,70.2,69.3,0.36,0.29,0.28
BROC,2017-08-21 07:55:00 EDT,43.20835,-77.96592,563,66.2,66.1,66.2,78.6,59.4,0.000,0.000,0.00,0.000,2.9,6.2,1.3,208,28,3.6,7.9,1.5,209,27,2.9,6.2,1.3,208,28,169,29.51,,0,0,0,69.5,70.1,69.3,0.36,0.28,0.28
BROC,2017-08-21 08:00:00 EDT,43.20835,-77.96592,563,66.9,66.8,66.9,76.6,59.4,0.000,0.000,0.00,0.000,3.3,7.0,1.5,191,32,4.0,9.3,1.8,195,37,3.3,7.0,1.5,191,32,184,29.51,,0,0,0,69.5,70.2,69.3,0.36,0.29,0.28
BROC,2017-08-21 08:05:00 EDT,43.20835,-77.96592,563,67.5,67.2,67.5,76.1,59.7,0.000,0.000,0.00,0.000,1.2,3.4,0.9,214,37,2.1,5.3,1.4,208,38,1.2,3.4,0.9,214,37,197,29.51,,0,0,0,69.5,70.1,69.3,0.36,0.29,0.28
BROC,2017-08-21 08:10:00 EDT,43.20835,-77.96592,563,67.8,67.6,67.8,74.6,59.4,0.000,0.000,0.00,0.000,2.4,5.4,1.2,185,27,2.9,5.6,1.2,186,26,2.4,5.4,1.2,185,27,210,29.51,,0,0,0,69.4,70.1,69.3,0.36,0.29,0.28
BROC,2017-08-21 08:15:00 EDT,43.20835,-77.96592,563,67.9,67.6,67.9,74.7,59.5,0.000,0.000,0.00,0.000,3.4,9.1,1.9,204,24,4.0,9.7,2.1,206,22,3.4,9.1,1.9,204,24,220,29.51,,0,0,0,69.4,70.0,69.3,0.36,0.28,0.28
BROC,2017-08-21 08:20:00 EDT,43.20835,-77.96592,563,68.3,68.1,68.3,74.9,60.0,0.000,0.000,0.00,0.000,2.4,4.9,1.2,200,26,2.9,6.0,1.3,198,31,2.4,4.9,1.2,200,26,241,29.51,,0,0,0,69.4,70.1,69.3,0.36,0.29,0.28
BROC,2017-08-21 08:25:00 EDT,43.20835,-77.96592,563,69.1,68.7,69.1,73.8,60.4,0.000,0.000,0.00,0.000,3.1,5.1,1.0,221,22,3.5,5.8,1.1,222,22,3.1,5.1,1.0,221,22,274,29.51,,0,0,0,69.4,70.1,69.3,0.36,0.28,0.28
BROC,2017-08-21 08:30:00 EDT,43.20835,-77.96592,563,69.8,69.6,69.8,72.1,60.4,0.000,0.000,0.00,0.000,3.9,6.3,1.0,212,15,4.3,7.3,1.1,213,12,3.9,6.3,1.0,212,15,262,29.51,,0,0,0,69.4,70.0,69.3,0.36,0.29,0.28
BROC,2017-08-21 08:35:00 EDT,43.20835,-77.96592,563,70.4,70.4,70.4,72.2,61.1,0.000,0.000,0.00,0.000,4.1,5.5,0.7,207,14,4.6,6.7,0.9,208,12,4.1,5.5,0.7,207,14,280,29.51,,0,0,0,69.4,70.0,69.3,0.36,0.29,0.28
BROC,2017-08-21 08:40:00 EDT,43.20835,-77.96592,563,71.3,71.4,71.3,72.4,61.9,0.000,0.000,0.00,0.000,4.4,7.7,1.3,222,20,4.6,8.3,1.4,222,20,4.4,7.7,1.3,222,20,303,29.52,,0,0,0,69.4,70.1,69.3,0.36,0.29,0.28
BROC,2017-08-21 08:45:00 EDT,43.20835,-77.96592,563,71.7,71.5,71.7,69.3,61.1,0.000,0.000,0.00,0.000,4.5,8.3,1.4,221,21,4.8,9.7,1.8,224,19,4.5,8.3,1.4,221,21,244,29.52,,0,0,0,69.4,70.0,69.3,0.36,0.28,0.28
BROC,2017-08-21 08:50:00 EDT,43.20835,-77.96592,563,71.6,71.3,71.6,70.4,61.4,0.000,0.000,0.00,0.000,3.7,7.5,1.6,202,27,4.3,9.5,1.8,206,26,3.7,7.5,1.6,202,27,318,29.52,,0,0,0,69.4,70.0,69.3,0.36,0.29,0.28
BROC,2017-08-21 08:55:00 EDT,43.20835,-77.96592,563,71.3,71.0,71.3,69.8,60.9,0.000,0.000,0.00,0.000,4.2,10.9,2.8,198,30,5.0,13.4,2.9,200,30,4.2,10.9,2.8,198,30,333,29.51,,0,0,0,69.4,70.1,69.3,0.36,0.29,0.28
BROC,2017-08-21 09:00:00 EDT,43.20835,-77.96592,563,72.2,71.9,72.2,69.8,61.8,0.000,0.000,0.00,0.000,5.6,9.9,1.8,226,19,6.1,11.1,1.8,228,19,5.6,9.9,1.8,226,19,368,29.52,,0,0,0,69.4,70.0,69.3,0.36,0.28,0.28
BROC,2017-08-21 09:05:00 EDT,43.20835,-77.96592,563,72.5,72.1,72.5,70.3,62.2,0.000,0.000,0.00,0.000,3.5,7.0,1.2,210,23,4.3,7.8,1.5,211,20,3.5,7.0,1.2,210,23,361,29.52,,0,0,0,69.5,70.0,69.3,0.36,0.29,0.28
BROC,2017-08-21 09:10:00 EDT,43.20835,-77.96592,563,71.8,71.5,71.8,70.3,61.6,0.000,0.000,0.00,0.000,5.9,10.6,1.7,217,14,6.3,11.4,1.9,217,12,5.9,10.6,1.7,217,14,262,29.52,,0,0,0,69.5,70.0,69.3,0.36,0.29,0.28
BROC,2017-08-21 09:15:00 EDT,43.20835,-77.96592,563,71.9,71.7,71.9,70.8,61.9,0.000,0.000,0.00,0.000,6.0,9.7,1.6,220,15,6.2,10.8,1.7,221,13,6.0,9.7,1.6,220,15,299,29.52,,0,0,0,69.5,70.0,69.3,0.36,0.29,0.28
BROC,2017-08-21 09:20:00 EDT,43.20835,-77.96592,563,72.5,72.1,72.5,70.5,62.4,0.000,0.000,0.00,0.000,5.3,10.8,1.7,216,18,5.6,11.3,1.8,217,16,5.3,10.8,1.7,216,18,341,29.52,,0,0,0,69.5,70.0,69.3,0.36,0.29,0.28
BROC,2017-08-21 09:25:00 EDT,43.20835,-77.96592,563,73.0,72.5,73.0,69.5,62.5,0.000,0.000,0.00,0.000,5.4,9.8,1.7,212,16,5.9,10.5,1.8,213,15,5.4,9.8,1.7,212,16,428,29.52,,0,0,0,69.6,70.0,69.3,0.36,0.29,0.28
BROC,2017-08-21 09:30:00 EDT,43.20835,-77.96592,563,73.9,73.4,73.9,68.8,63.1,0.000,0.000,0.00,0.000,5.0,7.7,1.3,223,18,5.4,8.2,1.5,225,16,5.0,7.7,1.3,223,18,446,29.52,,0,0,0,69.6,70.0,69.3,0.36,0.29,0.28
BROC,2017-08-21 09:35:00 EDT,43.20835,-77.96592,563,74.7,74.0,74.7,68.0,63.5,0.000,0.000,0.00,0.000,4.8,10.6,1.7,224,18,5.1,11.6,1.8,226,16,4.8,10.6,1.7,224,18,459,29.52,,0,0,0,69.6,70.0,69.3,0.36,0.28,0.28
BROC,2017-08-21 09:40:00 EDT,43.20835,-77.96592,563,75.2,74.5,75.2,67.5,63.7,0.000,0.000,0.00,0.000,4.8,7.6,1.3,228,17,5.2,8.5,1.5,228,16,4.8,7.6,1.3,228,17,401,29.52,,0,0,0,69.6,70.0,69.3,0.36,0.28,0.28
BROC,2017-08-21 09:45:00 EDT,43.20835,-77.96592,563,75.0,74.6,75.0,66.9,63.2,0.000,0.000,0.00,0.000,7.2,11.3,1.6,220,13,7.3,11.7,1.7,219,12,7.2,11.3,1.6,220,13,516,29.51,,0,0,0,69.7,70.0,69.3,0.36,0.29,0.28
BROC,2017-08-21 09:50:00 EDT,43.20835,-77.96592,563,75.5,75.1,75.5,67.3,63.9,0.000,0.000,0.00,0.000,6.8,11.0,2.0,220,17,7.2,12.4,1.8,221,15,6.8,11.0,2.0,220,17,328,29.51,,0,0,0,69.7,70.0,69.3,0.36,0.29,0.28
BROC,2017-08-21 09:55:00 EDT,43.20835,-77.96592,563,75.0,74.8,75.0,67.9,63.7,0.000,0.000,0.00,0.000,6.6,12.7,2.1,222,16,6.9,14.4,2.2,222,14,6.6,12.7,2.1,222,16,207,29.51,,0,0,0,69.8,70.0,69.3,0.36,0.29,0.28
BROC,2017-08-21 10:00:00 EDT,43.20835,-77.96592,563,75.2,74.9,75.2,68.7,64.2,0.000,0.000,0.00,0.000,5.7,10.4,2.0,231,21,6.2,11.2,2.0,233,20,5.7,10.4,2.0,231,21,449,29.51,,0,0,0,69.8,70.0,69.3,0.36,0.29,0.28
BROC,2017-08-21 10:05:00 EDT,43.20835,-77.96592,563,76.2,75.6,76.2,68.4,65.1,0.000,0.000,0.00,0.000,4.9,8.5,1.3,242,21,5.3,9.4,1.3,245,20,4.9,8.5,1.3,242,21,511,29.51,,0,0,0,69.9,70.0,69.3,0.36,0.28,0.28
BROC,2017-08-21 10:10:00 EDT,43.20835,-77.96592,563,77.0,76.4,77.0,68.4,65.8,0.000,0.000,0.00,0.000,5.2,9.1,1.9,231,17,5.7,9.5,1.7,233,17,5.2,9.1,1.9,231,17,517,29.51,,0,0,0,69.9,70.0,69.3,0.36,0.29,0.28
BROC,2017-08-21 10:15:00 EDT,43.20835,-77.96592,563,77.4,76.8,77.4,67.8,65.9,0.000,0.000,0.00,0.000,5.5,9.1,1.7,231,16,5.8,10.3,1.9,233,15,5.5,9.1,1.7,231,16,530,29.51,,0,0,0,69.9,70.0,69.3,0.36,0.29,0.28
BROC,2017-08-21 10:20:00 EDT,43.20835,-77.96592,563,78.1,77.3,78.1,67.5,66.5,0.000,0.000,0.00,0.000,5.2,9.2,1.5,239,18,5.8,12.1,1.6,242,18,5.2,9.2,1.5,239,18,544,29.50,,0,0,0,70.0,70.0,69.3,0.36,0.29,0.28
BROC,2017-08-21 10:25:00 EDT,43.20835,-77.96592,563,78.0,77.4,78.0,66.6,66.0,0.000,0.000,0.00,0.000,6.4,10.2,1.4,244,17,6.8,11.2,1.5,246,17,6.4,10.2,1.4,244,17,563,29.50,,0,0,0,69.9,70.0,69.3,0.35,0.28,0.28
BROC,2017-08-21 10:30:00 EDT,43.20835,-77.96592,563,78.5,77.8,78.5,67.2,66.8,0.000,0.000,0.00,0.000,4.9,9.1,1.6,245,17,5.4,9.3,1.7,248,16,4.9,9.1,1.6,245,17,569,29.50,,0,0,0,70.0,70.0,69.3,0.36,0.28,0.28
BROC,2017-08-21 10:35:00 EDT,43.20835,-77.96592,563,78.7,77.9,78.7,66.9,66.8,0.000,0.000,0.00,0.000,5.8,11.5,2.2,223,14,6.0,12.6,2.4,223,13,5.8,11.5,2.2,223,14,573,29.50,,0,0,0,70.0,70.0,69.3,0.36,0.28,0.28
BROC,2017-08-21 10:40:00 EDT,43.20835,-77.96592,563,78.5,77.8,78.5,67.0,66.6,0.000,0.000,0.00,0.000,5.7,9.4,1.4,221,18,6.2,10.4,1.6,221,19,5.7,9.4,1.4,221,18,584,29.50,,0,0,0,70.1,70.0,69.3,0.36,0.28,0.28
BROC,2017-08-21 10:45:00 EDT,43.20835,-77.96592,563,78.8,78.0,78.8,66.8,66.8,0.000,0.000,0.00,0.000,5.3,8.4,1.2,239,15,5.6,8.7,1.2,241,16,5.3,8.4,1.2,239,15,597,29.50,,0,0,0,70.2,70.0,69.3,0.36,0.28,0.28
BROC,2017-08-21 10:50:00 EDT,43.20835,-77.96592,563,79.4,78.4,79.4,67.3,67.6,0.000,0.000,0.00,0.000,4.8,7.5,1.4,220,16,5.3,9.0,1.5,222,16,4.8,7.5,1.4,220,16,601,29.50,,0,0,0,70.3,70.0,69.3,0.36,0.29,0.28
BROC,2017-08-21 10:55:00 EDT,43.20835,-77.96592,563,79.7,78.8,79.7,65.5,67.1,0.000,0.000,0.00,0.000,4.4,8.2,1.4,234,22,4.8,8.7,1.4,237,22,4.4,8.2,1.4,234,22,612,29.50,,0,0,0,70.3,70.0,69.3,0.36,0.29,0.28
BROC,2017-08-21 11:00:00 EDT,43.20835,-77.96592,563,79.7,78.8,79.7,64.8,66.8,0.000,0.000,0.00,0.000,4.2,7.3,1.4,230,19,4.7,8.3,1.5,230,18,4.2,7.3,1.4,230,19,620,29.50,,0,0,0,70.4,70.0,69.3,0.36,0.28,0.28
BROC,2017-08-21 11:05:00 EDT,43.20835,-77.96592,563,79.7,78.9,79.7,64.7,66.8,0.000,0.000,0.00,0.000,4.8,8.0,1.4,254,16,5.4,8.8,1.5,257,15,4.8,8.0,1.4,254,16,624,29.49,,0,0,0,70.5,70.0,69.3,0.35,0.28,0.28
BROC,2017-08-21 11:10:00 EDT,43.20835,-77.96592,563,80.1,79.2,82.6,65.4,67.5,0.000,0.000,0.00,0.000,4.1,6.6,0.9,249,19,4.6,8.5,1.1,250,18,4.1,6.6,0.9,249,19,646,29.50,,0,0,0,70.6,70.0,69.3,0.35,0.28,0.28
BROC,2017-08-21 11:15:00 EDT,43.20835,-77.96592,563,80.2,79.4,82.7,65.1,67.4,0.000,0.000,0.00,0.000,4.1,9.5,2.0,242,23,4.4,9.5,2.2,246,20,4.1,9.5,2.0,242,23,651,29.50,,0,0,0,70.7,70.0,69.3,0.35,0.28,0.28
BROC,2017-08-21 11:20:00 EDT,43.20835,-77.96592,563,80.7,79.7,83.3,64.7,67.7,0.000,0.000,0.00,0.000,4.0,7.1,1.7,226,30,4.6,7.8,1.7,226,30,4.0,7.1,1.7,226,30,660,29.50,,0,0,0,70.7,70.0,69.3,0.35,0.28,0.28
BROC,2017-08-21 11:25:00 EDT,43.20835,-77.96592,563,80.7,79.8,83.3,64.5,67.6,0.000,0.000,0.00,0.000,4.4,7.0,1.3,241,24,4.7,7.6,1.4,243,25,4.4,7.0,1.3,241,24,658,29.50,,0,0,0,70.7,70.0,69.3,0.35,0.28,0.28
BROC,2017-08-21 11:30:00 EDT,43.20835,-77.96592,563,80.7,80.0,83.1,62.9,66.9,0.000,0.000,0.00,0.000,4.5,7.8,1.0,232,20,4.6,7.3,1.1,234,19,4.5,7.8,1.0,232,20,573,29.49,,0,0,0,70.8,70.0,69.3,0.35,0.28,0.28
BROC,2017-08-21 11:35:00 EDT,43.20835,-77.96592,563,80.9,80.3,83.4,63.6,67.4,0.000,0.000,0.00,0.000,3.8,6.6,1.2,234,23,4.2,7.0,1.2,237,24,3.8,6.6,1.2,234,23,628,29.49,,0,0,0,70.9,70.0,69.3,0.35,0.28,0.28
BROC,2017-08-21 11:40:00 EDT,43.20835,-77.96592,563,81.6,80.7,84.2,62.4,67.5,0.000,0.000,0.00,0.000,4.3,9.8,2.5,250,19,4.9,11.4,2.5,254,19,4.3,9.8,2.5,250,19,769,29.50,,0,0,0,71.1,70.0,69.3,0.36,0.28,0.28
BROC,2017-08-21 11:45:00 EDT,43.20835,-77.96592,563,81.2,80.5,83.7,62.3,67.1,0.000,0.000,0.00,0.000,6.9,11.4,1.6,250,16,7.5,12.2,1.9,254,16,6.9,11.4,1.6,250,16,536,29.50,,0,0,0,71.2,70.0,69.3,0.35,0.28,0.28
BROC,2017-08-21 11:50:00 EDT,43.20835,-77.96592,563,80.9,80.3,83.3,62.5,66.9,0.000,0.000,0.00,0.000,7.7,13.2,1.8,245,13,8.1,13.5,1.7,247,13,7.7,13.2,1.8,245,13,623,29.50,,0,0,0,71.2,69.9,69.3,0.35,0.28,0.28
BROC,2017-08-21 11:55:00 EDT,43.20835,-77.96592,563,81.4,80.6,84.1,63.1,67.6,0.000,0.000,0.00,0.000,5.2,10.7,2.3,234,27,5.4,11.8,2.2,238,29,5.2,10.7,2.3,234,27,763,29.50,,0,0,0,71.3,70.0,69.3,0.35,0.28,0.28
BROC,2017-08-21 12:00:00 EDT,43.20835,-77.96592,563,81.8,80.8,84.5,61.7,67.4,0.000,0.000,0.00,0.000,7.1,10.3,2.0,253,21,7.7,11.7,2.2,254,20,7.1,10.3,2.0,253,21,763,29.50,,0,0,0,71.3,70.0,69.3,0.35,0.28,0.28
BROC,2017-08-21 12:05:00 EDT,43.20835,-77.96592,563,81.8,80.9,84.4,61.0,67.1,0.000,0.000,0.00,0.000,7.7,11.3,1.7,275,17,8.6,13.1,1.9,275,15,7.7,11.3,1.7,275,17,746,29.50,,0,0,0,71.3,70.0,69.3,0.35,0.28,0.28
BROC,2017-08-21 12:10:00 EDT,43.20835,-77.96592,563,81.6,80.7,84.0,61.0,66.8,0.000,0.000,0.00,0.000,9.3,13.0,1.9,268,10,10.3,14.6,2.2,270,9,9.3,13.0,1.9,268,10,738,29.50,,0,0,0,71.3,70.0,69.3,0.36,0.28,0.28
BROC,2017-08-21 12:15:00 EDT,43.20835,-77.96592,563,81.8,80.8,84.4,61.6,67.3,0.000,0.000,0.00,0.000,8.0,11.5,1.8,274,15,9.1,13.6,2.0,275,13,8.0,11.5,1.8,274,15,654,29.50,,0,0,0,71.5,70.0,69.3,0.35,0.28,0.28
BROC,2017-08-21 12:20:00 EDT,43.20835,-77.96592,563,82.1,81.0,84.9,62.0,67.8,0.000,0.000,0.00,0.000,7.8,11.5,2.2,265,14,8.5,13.0,2.4,267,12,7.8,11.5,2.2,265,14,767,29.49,,0,0,0,71.6,70.0,69.3,0.35,0.28,0.28
BROC,2017-08-21 12:25:00 EDT,43.20835,-77.96592,563,81.9,81.1,84.4,60.5,66.9,0.000,0.000,0.00,0.000,5.9,10.7,2.2,222,22,6.3,11.4,2.1,223,22,5.9,10.7,2.2,222,22,757,29.49,,0,0,0,71.8,70.0,69.3,0.35,0.28,0.28
BROC,2017-08-21 12:30:00 EDT,43.20835,-77.96592,563,82.3,81.3,85.1,60.7,67.4,0.000,0.000,0.00,0.000,5.1,9.8,2.0,254,30,5.7,10.8,2.2,257,30,5.1,9.8,2.0,254,30,748,29.49,,0,0,0,71.8,70.0,69.3,0.35,0.28,0.28
BROC,2017-08-21 12:35:00 EDT,43.20835,-77.96592,563,81.7,80.7,84.1,60.4,66.7,0.000,0.000,0.00,0.000,7.6,11.5,1.6,268,12,8.4,13.2,1.9,269,10,7.6,11.5,1.6,268,12,742,29.49,,0,0,0,71.9,70.0,69.3,0.35,0.28,0.28
BROC,2017-08-21 12:40:00 EDT,43.20835,-77.96592,563,82.2,81.2,84.8,60.1,67.0,0.000,0.000,0.00,0.000,4.9,9.4,1.6,250,17,5.5,9.9,1.8,251,15,4.9,9.4,1.6,250,17,758,29.49,,0,0,0,72.1,70.0,69.3,0.35,0.28,0.28
BROC,2017-08-21 12:45:00 EDT,43.20835,-77.96592,563,82.3,81.3,84.9,60.4,67.2,0.000,0.000,0.00,0.000,5.4,8.3,1.3,235,24,5.9,9.2,1.4,238,25,5.4,8.3,1.3,235,24,802,29.49,,0,0,0,72.3,70.0,69.3,0.35,0.28,0.28
BROC,2017-08-21 12:50:00 EDT,43.20835,-77.96592,563,81.9,81.2,84.3,60.1,66.7,0.000,0.000,0.00,0.000,3.5,6.4,0.9,221,16,3.6,6.3,1.0,222,15,3.5,6.4,0.9,221,16,824,29.49,,0,0,0,72.3,70.0,69.3,0.35,0.28,0.28
BROC,2017-08-21 12:55:00 EDT,43.20835,-77.96592,563,82.4,81.4,85.2,61.2,67.7,0.000,0.000,0.00,0.000,6.4,9.6,1.8,266,18,7.2,11.5,2.0,268,17,6.4,9.6,1.8,266,18,791,29.49,,0,0,0,72.3,70.0,69.3,0.35,0.28,0.28
BROC,2017-08-21 13:00:00 EDT,43.20835,-77.96592,563,81.2,80.6,83.6,61.7,66.8,0.000,0.000,0.00,0.000,6.8,9.7,1.6,266,9,7.4,10.9,1.8,268,9,6.8,9.7,1.6,266,9,495,29.49,,0,0,0,72.4,70.0,69.3,0.35,0.28,0.28
BROC,2017-08-21 13:05:00 EDT,43.20835,-77.96592,563,81.5,80.6,84.0,61.4,67.0,0.000,0.000,0.00,0.000,5.0,7.9,1.2,260,13,5.4,9.4,1.3,262,13,5.0,7.9,1.2,260,13,589,29.49,,0,0,0,72.6,70.0,69.3,0.35,0.29,0.28
BROC,2017-08-21 13:10:00 EDT,43.20835,-77.96592,563,81.7,80.9,84.3,61.9,67.3,0.000,0.000,0.00,0.000,4.0,6.6,0.9,245,19,4.4,6.6,0.9,248,19,4.0,6.6,0.9,245,19,622,29.49,,0,0,0,72.7,70.0,69.3,0.35,0.29,0.28
BROC,2017-08-21 13:15:00 EDT,43.20835,-77.96592,563,82.0,81.2,84.7,61.5,67.4,0.000,0.000,0.00,0.000,7.4,11.3,1.6,271,12,8.3,12.7,1.8,272,12,7.4,11.3,1.6,271,12,720,29.48,,0,0,0,72.8,69.9,69.2,0.35,0.28,0.28
BROC,2017-08-21 13:20:00 EDT,43.20835,-77.96592,563,82.2,81.2,84.9,60.8,67.3,0.000,0.000,0.00,0.000,7.7,10.8,1.4,271,14,8.4,13.1,1.6,272,12,7.7,10.8,1.4,271,14,715,29.48,,0,0,0,72.9,70.0,69.3,0.35,0.28,0.28
BROC,2017-08-21 13:25:00 EDT,43.20835,-77.96592,563,81.9,81.3,84.5,61.2,67.2,0.000,0.000,0.00,0.000,5.7,8.8,1.2,280,18,6.3,10.9,1.5,281,17,5.7,8.8,1.2,280,18,619,29.48,,0,0,0,72.9,70.0,69.3,0.35,0.29,0.28
BROC,2017-08-21 13:30:00 EDT,43.20835,-77.96592,563,82.6,81.5,85.4,60.7,67.6,0.000,0.000,0.00,0.000,5.6,8.4,1.3,243,18,6.0,9.6,1.3,246,19,5.6,8.4,1.3,243,18,730,29.48,,0,0,0,73.0,70.0,69.2,0.35,0.29,0.28
BROC,2017-08-21 13:35:00 EDT,43.20835,-77.96592,563,81.4,80.9,83.7,60.6,66.5,0.000,0.000,0.00,0.000,5.4,10.2,1.8,262,11,5.9,11.0,1.9,264,10,5.4,10.2,1.8,262,11,357,29.48,,0,0,0,73.0,70.0,69.2,0.35,0.29,0.28
BROC,2017-08-21 13:40:00 EDT,43.20835,-77.96592,563,81.7,81.1,84.4,62.2,67.5,0.000,0.000,0.00,0.000,7.6,12.7,2.0,270,11,8.3,14.0,2.2,272,9,7.6,12.7,2.0,270,11,488,29.48,,0,0,0,73.1,70.0,69.2,0.35,0.29,0.28
BROC,2017-08-21 13:45:00 EDT,43.20835,-77.96592,563,81.6,80.9,84.2,62.2,67.4,0.000,0.000,0.00,0.000,4.7,8.0,1.2,260,14,5.2,9.5,1.4,262,13,4.7,8.0,1.2,260,14,583,29.48,,0,0,0,73.2,70.0,69.2,0.35,0.29,0.28
BROC,2017-08-21 13:50:00 EDT,43.20835,-77.96592,563,82.1,81.5,85.0,61.7,67.7,0.000,0.000,0.00,0.000,6.2,9.9,1.7,236,22,6.7,10.9,1.9,237,21,6.2,9.9,1.7,236,22,521,29.48,,0,0,0,73.3,70.0,69.2,0.35,0.29,0.28
BROC,2017-08-21 13:55:00 EDT,43.20835,-77.96592,563,81.8,81.2,84.4,61.3,67.2,0.000,0.000,0.00,0.000,5.9,8.7,1.3,263,10,6.4,9.4,1.4,265,10,5.9,8.7,1.3,263,10,515,29.48,,0,0,0,73.4,70.0,69.3,0.35,0.28,0.28
BROC,2017-08-21 14:00:00 EDT,43.20835,-77.96592,563,81.8,81.2,84.6,62.2,67.6,0.000,0.000,0.00,0.000,7.0,11.0,1.9,284,14,7.7,11.9,2.0,286,11,7.0,11.0,1.9,284,14,480,29.48,,0,0,0,73.4,70.0,69.3,0.35,0.29,0.28
BROC,2017-08-21 14:05:00 EDT,43.20835,-77.96592,563,81.6,81.1,84.1,61.9,67.2,0.000,0.000,0.00,0.000,5.5,8.9,1.5,279,14,6.2,9.8,1.7,281,14,5.5,8.9,1.5,279,14,399,29.47,,0,0,0,73.6,70.0,69.2,0.35,0.28,0.28
BROC,2017-08-21 14:10:00 EDT,43.20835,-77.96592,563,81.8,81.3,84.8,63.7,68.3,0.000,0.000,0.00,0.000,5.0,6.7,0.7,268,18,5.6,8.0,0.9,269,16,5.0,6.7,0.7,268,18,375,29.48,,0,0,0,73.7,70.0,69.3,0.35,0.29,0.28
BROC,2017-08-21 14:15:00 EDT,43.20835,-77.96592,563,81.3,80.9,84.0,63.4,67.7,0.000,0.000,0.00,0.000,5.1,7.2,1.1,286,13,5.7,8.6,1.3,287,11,5.1,7.2,1.1,286,13,308,29.48,,0,0,0,73.9,70.0,69.2,0.35,0.28,0.28
BROC,2017-08-21 14:20:00 EDT,43.20835,-77.96592,563,80.9,80.6,83.6,65.0,68.0,0.000,0.000,0.00,0.000,5.5,7.5,1.0,278,15,6.0,8.8,1.1,280,14,5.5,7.5,1.0,278,15,284,29.48,,0,0,0,73.9,70.0,69.2,0.35,0.28,0.28
BROC,2017-08-21 14:25:00 EDT,43.20835,-77.96592,563,80.6,80.3,83.4,66.4,68.3,0.000,0.000,0.00,0.000,4.2,6.7,0.9,271,14,4.7,7.4,1.0,272,13,4.2,6.7,0.9,271,14,241,29.47,,0,0,0,73.9,70.0,69.2,0.35,0.28,0.28
BROC,2017-08-21 14:30:00 EDT,43.20835,-77.96592,563,80.4,80.3,83.2,67.4,68.6,0.000,0.000,0.00,0.000,3.4,5.5,0.9,261,14,3.7,6.0,1.1,263,15,3.4,5.5,0.9,261,14,214,29.47,,0,0,0,74.0,70.0,69.2,0.35,0.28,0.28
BROC,2017-08-21 14:35:00 EDT,43.20835,-77.96592,563,80.3,80.3,83.2,67.5,68.6,0.000,0.000,0.00,0.000,3.9,5.5,0.8,260,13,4.4,6.1,0.9,262,11,3.9,5.5,0.8,260,13,198,29.47,,0,0,0,74.0,70.0,69.2,0.35,0.28,0.28
BROC,2017-08-21 14:40:00 EDT,43.20835,-77.96592,563,80.2,80.2,82.9,66.6,68.1,0.000,0.000,0.00,0.000,3.1,5.6,0.9,249,13,3.4,6.4,1.1,252,13,3.1,5.6,0.9,249,13,198,29.47,,0,0,0,74.0,70.0,69.2,0.35,0.28,0.28
BROC,2017-08-21 14:45:00 EDT,43.20835,-77.96592,563,80.2,80.1,82.9,67.8,68.5,0.000,0.000,0.00,0.000,2.2,3.4,0.6,250,13,2.6,3.8,0.6,252,14,2.2,3.4,0.6,250,13,213,29.47,,0,0,0,74.2,70.0,69.3,0.35,0.28,0.28
BROC,2017-08-21 14:50:00 EDT,43.20835,-77.96592,563,80.4,80.2,83.1,66.4,68.2,0.000,0.000,0.00,0.000,3.1,4.7,0.7,255,12,3.4,5.6,0.8,257,12,3.1,4.7,0.7,255,12,241,29.47,,0,0,0,74.2,70.0,69.3,0.35,0.28,0.28
BROC,2017-08-21 14:55:00 EDT,43.20835,-77.96592,563,80.5,80.3,83.3,66.0,68.1,0.000,0.000,0.00,0.000,3.2,5.0,0.9,255,13,3.5,6.0,1.0,256,14,3.2,5.0,0.9,255,13,284,29.47,,0,0,0,74.2,70.0,69.2,0.35,0.28,0.28
BROC,2017-08-21 15:00:00 EDT,43.20835,-77.96592,563,80.7,80.5,83.6,66.6,68.6,0.000,0.000,0.00,0.000,3.1,4.2,0.6,263,15,3.5,4.9,0.7,265,14,3.1,4.2,0.6,263,15,312,29.47,,0,0,0,74.3,70.0,69.2,0.35,0.28,0.28
BROC,2017-08-21 15:05:00 EDT,43.20835,-77.96592,563,80.9,80.5,84.0,67.1,68.9,0.000,0.000,0.00,0.000,3.8,5.7,0.8,269,11,4.3,6.6,0.9,273,10,3.8,5.7,0.8,269,11,323,29.47,,0,0,0,74.4,70.0,69.2,0.35,0.28,0.28
BROC,2017-08-21 15:10:00 EDT,43.20835,-77.96592,563,81.1,80.7,84.1,65.7,68.6,0.000,0.000,0.00,0.000,3.3,4.7,0.5,254,14,3.6,5.3,0.6,257,15,3.3,4.7,0.5,254,14,399,29.46,,0,0,0,74.4,70.0,69.2,0.35,0.28,0.27
BROC,2017-08-21 15:15:00 EDT,43.20835,-77.96592,563,81.3,80.8,84.2,64.6,68.2,0.000,0.000,0.00,0.000,5.2,7.3,1.2,249,13,5.5,8.3,1.3,252,13,5.2,7.3,1.2,249,13,447,29.46,,0,0,0,74.5,70.1,69.2,0.35,0.28,0.28
BROC,2017-08-21 15:20:00 EDT,43.20835,-77.96592,563,81.6,81.1,84.7,64.7,68.6,0.000,0.000,0.00,0.000,4.1,6.4,1.1,255,15,4.6,7.6,1.2,257,17,4.1,6.4,1.1,255,15,473,29.46,,0,0,0,74.5,70.1,69.2,0.35,0.28,0.28
BROC,2017-08-21 15:25:00 EDT,43.20835,-77.96592,563,81.9,81.3,85.0,63.5,68.3,0.000,0.000,0.00,0.000,4.4,7.0,1.1,273,19,5.0,8.1,1.3,274,18,4.4,7.0,1.1,273,19,519,29.46,,0,0,0,74.5,70.1,69.2,0.35,0.28,0.28
BROC,2017-08-21 15:30:00 EDT,43.20835,-77.96592,563,82.0,81.3,84.9,62.4,67.9,0.000,0.000,0.00,0.000,5.0,7.1,1.0,270,11,5.5,7.7,1.1,272,10,5.0,7.1,1.0,270,11,561,29.46,,0,0,0,74.5,70.1,69.2,0.35,0.28,0.28
BROC,2017-08-21 15:35:00 EDT,43.20835,-77.96592,563,82.0,81.3,84.6,61.2,67.3,0.000,0.000,0.00,0.000,6.3,9.1,1.6,270,10,6.9,9.8,1.6,272,11,6.3,9.1,1.6,270,10,533,29.46,,0,0,0,74.5,70.1,69.2,0.35,0.28,0.28
BROC,2017-08-21 15:40:00 EDT,43.20835,-77.96592,563,82.2,81.5,85.2,62.3,68.1,0.000,0.000,0.00,0.000,5.6,10.4,2.3,262,14,6.1,11.5,2.5,264,13,5.6,10.4,2.3,262,14,613,29.46,,0,0,0,74.5,70.3,69.2,0.35,0.28,0.28
BROC,2017-08-21 15:45:00 EDT,43.20835,-77.96592,563,82.1,81.5,84.8,61.5,67.5,0.000,0.000,0.00,0.000,4.9,9.6,1.6,257,18,5.5,11.0,1.8,259,16,4.9,9.6,1.6,257,18,363,29.47,,0,0,0,74.5,70.3,69.2,0.35,0.28,0.28
BROC,2017-08-21 15:50:00 EDT,43.20835,-77.96592,563,81.9,81.3,85.0,63.9,68.5,0.000,0.000,0.00,0.000,4.8,8.6,2.0,251,18,5.2,8.9,1.9,255,18,4.8,8.6,2.0,251,18,344,29.47,,0,0,0,74.6,70.3,69.2,0.35,0.28,0.28
BROC,2017-08-21 15:55:00 EDT,43.20835,-77.96592,563,81.7,81.2,84.4,62.3,67.5,0.000,0.000,0.00,0.000,5.0,7.9,1.3,237,17,5.4,8.4,1.4,240,18,5.0,7.9,1.3,237,17,539,29.46,,0,0,0,74.5,70.3,69.2,0.35,0.28,0.28
BROC,2017-08-21 16:00:00 EDT,43.20835,-77.96592,563,82.7,82.0,85.8,61.6,68.2,0.000,0.000,0.00,0.000,6.5,10.7,2.1,272,16,7.4,12.0,2.2,274,14,6.5,10.7,2.1,272,16,573,29.46,,0,0,0,74.5,70.3,69.2,0.35,0.28,0.28
BROC,2017-08-21 16:05:00 EDT,43.20835,-77.96592,563,81.9,81.4,84.6,61.6,67.4,0.000,0.000,0.00,0.000,5.7,9.1,1.5,238,13,5.9,9.7,1.5,240,13,5.7,9.1,1.5,238,13,492,29.46,,0,0,0,74.5,70.3,69.1,0.35,0.28,0.28
BROC,2017-08-21 16:10:00 EDT,43.20835,-77.96592,563,82.0,81.4,84.9,62.5,67.9,0.000,0.000,0.00,0.000,3.1,5.8,1.4,229,26,3.4,6.2,1.5,227,28,3.1,5.8,1.4,229,26,444,29.46,,0,0,0,74.5,70.3,69.2,0.35,0.28,0.28
BROC,2017-08-21 16:15:00 EDT,43.20835,-77.96592,563,82.5,81.8,85.5,61.7,68.0,0.000,0.000,0.00,0.000,5.7,9.1,2.4,255,17,6.3,10.9,2.5,257,16,5.7,9.1,2.4,255,17,559,29.46,,0,0,0,74.5,70.3,69.2,0.35,0.28,0.28
BROC,2017-08-21 16:20:00 EDT,43.20835,-77.96592,563,82.7,82.0,86.0,62.8,68.7,0.000,0.000,0.00,0.000,4.9,9.6,2.1,265,20,5.6,10.5,2.3,265,18,4.9,9.6,2.1,265,20,540,29.46,,0,0,0,74.6,70.3,69.2,0.35,0.28,0.28
BROC,2017-08-21 16:25:00 EDT,43.20835,-77.96592,563,82.5,81.7,85.4,61.3,67.8,0.000,0.000,0.00,0.000,5.2,6.7,1.0,268,13,5.8,7.6,1.0,270,11,5.2,6.7,1.0,268,13,524,29.46,,0,0,0,74.6,70.3,69.1,0.35,0.28,0.28
BROC,2017-08-21 16:30:00 EDT,43.20835,-77.96592,563,82.7,81.9,85.8,62.0,68.3,0.000,0.000,0.00,0.000,5.3,8.4,1.1,265,15,5.9,9.7,1.3,268,14,5.3,8.4,1.1,265,15,516,29.45,,0,0,0,74.6,70.3,69.2,0.35,0.28,0.28
BROC,2017-08-21 16:35:00 EDT,43.20835,-77.96592,563,82.4,81.7,85.0,60.2,67.2,0.000,0.000,0.00,0.000,5.9,9.2,1.5,261,15,6.6,11.0,1.7,264,15,5.9,9.2,1.5,261,15,506,29.45,,0,0,0,74.5,70.3,69.2,0.35,0.28,0.28
BROC,2017-08-21 16:40:00 EDT,43.20835,-77.96592,563,82.3,81.7,84.9,60.7,67.3,0.000,0.000,0.00,0.000,5.3,8.1,1.1,245,12,5.6,9.5,1.3,246,12,5.3,8.1,1.1,245,12,488,29.46,,0,0,0,74.6,70.3,69.2,0.35,0.28,0.28
BROC,2017-08-21 16:45:00 EDT,43.20835,-77.96592,563,82.4,81.8,85.0,60.0,67.1,0.000,0.000,0.00,0.000,5.6,8.0,1.3,254,13,6.1,8.8,1.4,255,13,5.6,8.0,1.3,254,13,492,29.45,,0,0,0,74.5,70.4,69.2,0.35,0.28,0.28
BROC,2017-08-21 16:50:00 EDT,43.20835,-77.96592,563,82.5,81.9,85.4,61.4,67.9,0.000,0.000,0.00,0.000,4.7,8.5,2.2,261,19,5.3,9.6,2.3,262,19,4.7,8.5,2.2,261,19,481,29.45,,0,0,0,74.6,70.5,69.2,0.35,0.28,0.28
BROC,2017-08-21 16:55:00 EDT,43.20835,-77.96592,563,82.4,81.9,85.1,60.8,67.5,0.000,0.000,0.00,0.000,5.0,8.0,1.3,247,20,5.5,9.1,1.5,249,20,5.0,8.0,1.3,247,20,466,29.45,,0,0,0,74.6,70.4,69.2,0.35,0.28,0.28
BROC,2017-08-21 17:00:00 EDT,43.20835,-77.96592,563,82.5,82.0,85.5,61.7,68.0,0.000,0.000,0.00,0.000,4.3,8.8,1.4,231,23,4.7,10.3,1.5,230,24,4.3,8.8,1.4,231,23,435,29.45,,0,0,0,74.7,70.6,69.2,0.35,0.28,0.28
BROC,2017-08-21 17:05:00 EDT,43.20835,-77.96592,563,82.4,81.9,85.3,61.3,67.7,0.000,0.000,0.00,0.000,5.9,9.4,1.4,244,11,6.3,11.1,1.6,245,12,5.9,9.4,1.4,244,11,431,29.45,,0,0,0,74.7,70.6,69.2,0.35,0.28,0.28
BROC,2017-08-21 17:10:00 EDT,43.20835,-77.96592,563,82.4,82.0,85.4,61.7,67.9,0.000,0.000,0.00,0.000,4.9,7.5,1.1,235,23,5.1,8.9,1.4,238,24,4.9,7.5,1.1,235,23,421,29.45,,0,0,0,74.7,70.7,69.1,0.35,0.28,0.28
BROC,2017-08-21 17:15:00 EDT,43.20835,-77.96592,563,82.6,82.2,85.8,62.2,68.4,0.000,0.000,0.00,0.000,4.1,7.6,1.3,229,21,4.7,8.6,1.4,231,20,4.1,7.6,1.3,229,21,409,29.45,,0,0,0,74.7,70.7,69.1,0.35,0.28,0.28
BROC,2017-08-21 17:20:00 EDT,43.20835,-77.96592,563,82.5,82.1,85.5,61.3,67.9,0.000,0.000,0.00,0.000,4.6,6.9,1.1,212,17,5.2,8.1,1.2,212,18,4.6,6.9,1.1,212,17,394,29.45,,0,0,0,74.8,70.7,69.1,0.35,0.28,0.28
BROC,2017-08-21 17:25:00 EDT,43.20835,-77.96592,563,82.4,82.0,85.3,61.5,67.8,0.000,0.000,0.00,0.000,5.1,9.4,1.5,226,25,5.7,10.6,1.6,228,24,5.1,9.4,1.5,226,25,380,29.45,,0,0,0,74.8,70.7,69.3,0.35,0.28,0.28
BROC,2017-08-21 17:30:00 EDT,43.20835,-77.96592,563,82.2,81.8,84.8,60.5,67.1,0.000,0.000,0.00,0.000,6.0,9.6,1.4,245,16,6.4,10.5,1.6,246,16,6.0,9.6,1.4,245,16,366,29.45,,0,0,0,74.8,70.7,69.1,0.35,0.28,0.28
BROC,2017-08-21 17:35:00 EDT,43.20835,-77.96592,563,82.5,82.0,85.7,62.7,68.5,0.000,0.000,0.00,0.000,3.0,5.5,1.1,242,21,3.6,7.5,1.2,245,21,3.0,5.5,1.1,242,21,353,29.45,,0,0,0,74.8,70.7,69.2,0.35,0.28,0.28
BROC,2017-08-21 17:40:00 EDT,43.20835,-77.96592,563,82.3,81.9,85.2,61.7,67.8,0.000,0.000,0.00,0.000,4.9,7.2,1.0,253,13,5.4,8.6,1.2,255,12,4.9,7.2,1.0,253,13,339,29.45,,0,0,0,74.9,70.7,69.2,0.35,0.28,0.28
BROC,2017-08-21 17:45:00 EDT,43.20835,-77.96592,563,82.4,82.0,85.5,62.3,68.2,0.000,0.000,0.00,0.000,4.0,7.1,1.0,255,17,4.4,7.7,1.1,259,16,4.0,7.1,1.0,255,17,328,29.45,,0,0,0,74.9,70.7,69.2,0.35,0.28,0.28
BROC,2017-08-21 17:50:00 EDT,43.20835,-77.96592,563,82.2,81.9,84.9,60.4,67.2,0.000,0.000,0.00,0.000,5.1,9.4,1.7,245,11,5.5,10.0,1.8,247,11,5.1,9.4,1.7,245,11,315,29.44,,0,0,0,74.9,70.7,69.2,0.35,0.28,0.28
BROC,2017-08-21 17:55:00 EDT,43.20835,-77.96592,563,82.1,81.8,84.4,59.4,66.5,0.000,0.000,0.00,0.000,5.6,9.4,1.4,250,16,6.2,10.4,1.5,252,14,5.6,9.4,1.4,250,16,300,29.45,,0,0,0,74.9,70.7,69.2,0.35,0.28,0.28
BROC,2017-08-21 18:00:00 EDT,43.20835,-77.96592,563,82.0,81.8,84.4,59.6,66.6,0.000,0.000,0.00,0.000,5.5,8.0,1.2,250,16,6.0,9.0,1.4,252,15,5.5,8.0,1.2,250,16,282,29.44,,0,0,0,74.8,70.7,69.2,0.35,0.28,0.28
BROC,2017-08-21 18:05:00 EDT,43.20835,-77.96592,563,82.0,81.8,84.5,60.4,66.9,0.000,0.000,0.00,0.000,4.7,7.5,1.1,254,11,5.2,8.1,1.2,255,11,4.7,7.5,1.1,254,11,270,29.44,,0,0,0,74.8,70.7,69.2,0.35,0.28,0.28
BROC,2017-08-21 18:10:00 EDT,43.20835,-77.96592,563,81.9,81.7,84.2,59.2,66.3,0.000,0.000,0.00,0.000,5.3,10.2,1.6,248,15,5.9,10.9,1.7,251,14,5.3,10.2,1.6,248,15,258,29.44,,0,0,0,74.9,70.7,69.2,0.35,0.28,0.28
BROC,2017-08-21 18:15:00 EDT,43.20835,-77.96592,563,81.8,81.6,84.1,59.7,66.4,0.000,0.000,0.00,0.000,4.5,7.5,1.3,253,17,5.0,9.4,1.6,257,15,4.5,7.5,1.3,253,17,241,29.44,,0,0,0,74.9,70.7,69.2,0.35,0.28,0.28
BROC,2017-08-21 18:20:00 EDT,43.20835,-77.96592,563,81.8,81.6,84.1,59.6,66.4,0.000,0.000,0.00,0.000,4.6,8.3,1.5,248,17,5.2,9.0,1.7,252,16,4.6,8.3,1.5,248,17,234,29.44,,0,0,0,74.9,70.7,69.2,0.35,0.28,0.28
BROC,2017-08-21 18:25:00 EDT,43.20835,-77.96592,563,81.7,81.6,84.0,59.9,66.4,0.000,0.000,0.00,0.000,5.9,9.4,1.8,245,15,6.4,10.5,1.8,247,13,5.9,9.4,1.8,245,15,210,29.44,,0,0,0,74.9,70.7,69.2,0.35,0.28,0.28
BROC,2017-08-21 18:30:00 EDT,43.20835,-77.96592,563,81.4,81.4,83.8,61.2,66.7,0.000,0.000,0.00,0.000,5.0,8.7,1.4,243,14,5.3,9.4,1.4,246,14,5.0,8.7,1.4,243,14,186,29.44,,0,0,0,74.9,70.7,69.2,0.35,0.28,0.28
BROC,2017-08-21 18:35:00 EDT,43.20835,-77.96592,563,81.2,81.2,83.6,61.7,66.8,0.000,0.000,0.00,0.000,3.6,7.5,1.6,248,17,4.1,9.9,1.8,250,16,3.6,7.5,1.6,248,17,182,29.44,,0,0,0,74.8,70.7,69.3,0.35,0.28,0.28
BROC,2017-08-21 18:40:00 EDT,43.20835,-77.96592,563,81.2,81.2,83.5,60.8,66.4,0.000,0.000,0.00,0.000,3.8,6.9,1.2,243,13,3.9,8.1,1.3,243,12,3.8,6.9,1.2,243,13,175,29.44,,0,0,0,74.9,70.7,69.2,0.35,0.28,0.28
BROC,2017-08-21 18:45:00 EDT,43.20835,-77.96592,563,80.9,81.0,83.2,62.0,66.6,0.000,0.000,0.00,0.000,2.4,4.2,0.9,253,16,2.8,4.7,0.9,253,17,2.4,4.2,0.9,253,16,129,29.44,,0,0,0,74.9,70.7,69.3,0.35,0.28,0.28
BROC,2017-08-21 18:50:00 EDT,43.20835,-77.96592,563,80.1,80.5,82.7,65.9,67.7,0.000,0.000,0.00,0.000,2.0,4.2,0.8,246,20,2.5,5.0,0.8,250,19,2.0,4.2,0.8,246,20,140,29.44,,0,0,0,74.8,70.7,69.2,0.35,0.28,0.28
BROC,2017-08-21 18:55:00 EDT,43.20835,-77.96592,563,79.9,80.5,79.9,66.3,67.7,0.000,0.000,0.00,0.000,2.1,3.7,0.6,243,14,2.3,4.0,0.6,244,15,2.1,3.7,0.6,243,14,124,29.44,,0,0,0,74.8,70.7,69.2,0.35,0.28,0.28
BROC,2017-08-21 19:00:00 EDT,43.20835,-77.96592,563,79.0,80.2,79.0,68.6,67.8,0.000,0.000,0.00,0.000,1.7,2.8,0.5,238,16,2.0,3.2,0.6,238,15,1.7,2.8,0.5,238,16,92,29.44,,0,0,0,74.8,70.8,69.2,0.35,0.28,0.28
BROC,2017-08-21 19:05:00 EDT,43.20835,-77.96592,563,77.8,79.8,77.8,72.0,68.0,0.000,0.000,0.00,0.000,1.5,2.6,0.4,215,14,1.7,2.7,0.3,216,13,1.5,2.6,0.4,215,14,68,29.44,,0,0,0,74.8,70.8,69.3,0.35,0.28,0.28
BROC,2017-08-21 19:10:00 EDT,43.20835,-77.96592,563,77.7,79.6,77.7,72.7,68.2,0.000,0.000,0.00,0.000,2.0,3.5,0.6,213,16,2.2,4.1,0.7,214,15,2.0,3.5,0.6,213,16,76,29.44,,0,0,0,74.7,70.8,69.2,0.35,0.28,0.28
BROC,2017-08-21 19:15:00 EDT,43.20835,-77.96592,563,77.0,79.2,77.0,75.6,68.7,0.000,0.000,0.00,0.000,2.2,3.9,0.8,214,17,2.3,4.4,0.8,215,18,2.2,3.9,0.8,214,17,84,29.44,,0,0,0,74.7,70.8,69.2,0.35,0.28,0.28
BROC,2017-08-21 19:20:00 EDT,43.20835,-77.96592,563,77.4,79.0,77.4,75.3,68.9,0.000,0.000,0.00,0.000,2.8,4.4,0.8,221,15,2.9,4.6,0.8,221,14,2.8,4.4,0.8,221,15,71,29.44,,0,0,0,74.7,70.9,69.2,0.35,0.28,0.28
BROC,2017-08-21 19:25:00 EDT,43.20835,-77.96592,563,77.6,79.0,77.6,73.0,68.3,0.000,0.000,0.00,0.000,2.4,4.3,0.9,230,17,2.5,4.9,0.9,231,18,2.4,4.3,0.9,230,17,47,29.44,,0,0,0,74.7,71.0,69.3,0.35,0.28,0.28
BROC,2017-08-21 19:30:00 EDT,43.20835,-77.96592,563,77.0,78.7,77.0,73.9,68.1,0.000,0.000,0.00,0.000,2.0,3.4,0.4,239,10,2.1,3.2,0.4,239,10,2.0,3.4,0.4,239,10,33,29.44,,0,0,0,74.6,71.0,69.3,0.35,0.28,0.27
BROC,2017-08-21 19:35:00 EDT,43.20835,-77.96592,563,76.4,78.3,76.4,74.7,67.7,0.000,0.000,0.00,0.000,2.3,3.8,0.5,225,13,2.3,4.1,0.6,226,11,2.3,3.8,0.5,225,13,23,29.44,,0,0,0,74.6,71.0,69.2,0.35,0.28,0.28
BROC,2017-08-21 19:40:00 EDT,43.20835,-77.96592,563,75.2,77.7,75.2,76.6,67.3,0.000,0.000,0.00,0.000,1.8,3.1,0.5,226,15,1.9,4.0,0.5,224,13,1.8,3.1,0.5,226,15,17,29.44,,0,0,0,74.6,71.1,69.3,0.35,0.28,0.27
BROC,2017-08-21 19:45:00 EDT,43.20835,-77.96592,563,74.9,77.5,74.9,78.0,67.6,0.000,0.000,0.00,0.000,1.9,4.2,0.8,232,12,2.1,4.1,0.7,232,14,1.9,4.2,0.8,232,12,13,29.44,,0,0,0,74.6,71.1,69.3,0.35,0.28,0.28
BROC,2017-08-21 19:50:00 EDT,43.20835,-77.96592,563,75.1,77.4,75.1,78.2,67.8,0.000,0.000,0.00,0.000,2.1,2.8,0.3,232,11,2.1,3.4,0.4,232,9,2.1,2.8,0.3,232,11,12,29.44,,0,0,0,74.6,71.1,69.3,0.35,0.28,0.28
BROC,2017-08-21 19:55:00 EDT,43.20835,-77.96592,563,74.1,77.1,74.1,79.2,67.2,0.000,0.000,0.00,0.000,1.9,3.4,0.5,231,13,2.0,4.0,0.6,230,12,1.9,3.4,0.5,231,13,8,29.44,,0,0,0,74.6,71.1,69.3,0.35,0.28,0.28
BROC,2017-08-21 20:00:00 EDT,43.20835,-77.96592,563,73.9,77.0,73.9,80.4,67.4,0.000,0.000,0.00,0.000,2.4,3.2,0.3,220,6,2.3,3.9,0.4,221,5,2.4,3.2,0.3,220,6,5,29.44,,0,0,0,74.6,71.1,69.3,0.35,0.28,0.28
BROC,2017-08-21 20:05:00 EDT,43.20835,-77.96592,563,73.8,76.7,73.8,80.9,67.5,0.000,0.000,0.00,0.000,2.7,3.9,0.4,215,7,2.8,4.1,0.5,217,6,2.7,3.9,0.4,215,7,3,29.44,,0,0,0,74.5,71.1,69.3,0.35,0.28,0.28
BROC,2017-08-21 20:10:00 EDT,43.20835,-77.96592,563,73.6,76.5,73.6,81.9,67.7,0.000,0.000,0.00,0.000,2.7,4.2,0.5,222,10,2.7,4.8,0.6,223,8,2.7,4.2,0.5,222,10,2,29.43,,0,0,0,74.5,71.1,69.3,0.35,0.28,0.28
BROC,2017-08-21 20:15:00 EDT,43.20835,-77.96592,563,73.3,76.4,73.3,83.5,68.0,0.000,0.000,0.00,0.000,2.8,4.5,0.5,237,8,2.8,4.4,0.6,236,7,2.8,4.5,0.5,237,8,1,29.43,,0,0,0,74.5,71.1,69.3,0.35,0.28,0.28
BROC,2017-08-21 20:20:00 EDT,43.20835,-77.96592,563,73.2,76.5,73.2,82.9,67.7,0.000,0.000,0.00,0.000,3.4,5.8,0.8,233,10,3.5,6.2,0.9,231,9,3.4,5.8,0.8,233,10,1,29.43,,0,0,0,74.5,71.1,69.3,0.35,0.28,0.28
BROC,2017-08-21 20:25:00 EDT,43.20835,-77.96592,563,72.9,76.1,72.9,84.0,67.8,0.000,0.000,0.00,0.000,2.9,3.9,0.4,226,10,2.9,4.3,0.5,227,7,2.9,3.9,0.4,226,10,0,29.43,,0,0,0,74.6,71.1,69.3,0.35,0.28,0.28
BROC,2017-08-21 20:30:00 EDT,43.20835,-77.96592,563,72.9,76.4,72.9,85.1,68.2,0.000,0.000,0.00,0.000,3.2,4.6,0.4,230,8,3.1,4.8,0.6,229,7,3.2,4.6,0.4,230,8,0,29.43,,0,0,0,74.5,71.1,69.3,0.35,0.28,0.28
BROC,2017-08-21 20:35:00 EDT,43.20835,-77.96592,563,72.6,76.1,72.6,85.9,68.2,0.000,0.000,0.00,0.000,2.8,4.1,0.3,230,6,2.7,4.3,0.4,229,5,2.8,4.1,0.3,230,6,0,29.43,,0,0,0,74.5,71.2,69.3,0.35,0.28,0.28
BROC,2017-08-21 20:40:00 EDT,43.20835,-77.96592,563,72.6,76.0,72.6,86.0,68.2,0.000,0.000,0.00,0.000,2.9,4.5,0.4,230,7,2.8,4.4,0.6,229,6,2.9,4.5,0.4,230,7,0,29.43,,0,0,0,74.6,71.2,69.3,0.35,0.28,0.28
BROC,2017-08-21 20:45:00 EDT,43.20835,-77.96592,563,72.6,75.9,72.6,85.7,68.1,0.000,0.000,0.00,0.000,3.3,4.8,0.6,230,8,3.4,4.8,0.7,229,6,3.3,4.8,0.6,230,8,0,29.43,,0,0,0,74.4,71.2,69.3,0.35,0.28,0.28
BROC,2017-08-21 20:50:00 EDT,43.20835,-77.96592,563,72.2,75.9,72.2,86.0,67.8,0.000,0.000,0.00,0.000,3.5,4.6,0.4,225,8,3.5,5.3,0.6,225,6,3.5,4.6,0.4,225,8,0,29.43,,0,0,0,74.5,71.3,69.3,0.35,0.28,0.28
BROC,2017-08-21 20:55:00 EDT,43.20835,-77.96592,563,72.4,75.3,72.4,85.5,67.9,0.000,0.000,0.00,0.000,3.5,5.6,0.8,218,10,3.5,6.2,1.0,219,8,3.5,5.6,0.8,218,10,0,29.43,,0,0,0,74.4,71.2,69.3,0.35,0.28,0.28
BROC,2017-08-21 21:00:00 EDT,43.20835,-77.96592,563,73.7,75.3,73.7,81.4,67.7,0.000,0.000,0.00,0.000,3.2,5.6,0.9,223,14,3.3,5.9,0.9,222,12,3.2,5.6,0.9,223,14,0,29.43,,0,0,0,74.3,71.3,69.3,0.35,0.28,0.28
BROC,2017-08-21 21:05:00 EDT,43.20835,-77.96592,563,74.2,75.7,74.2,78.6,67.2,0.000,0.000,0.00,0.000,3.1,5.0,0.8,237,12,3.2,5.7,1.0,239,13,3.1,5.0,0.8,237,12,0,29.43,,0,0,0,74.2,71.3,69.3,0.35,0.28,0.28
BROC,2017-08-21 21:10:00 EDT,43.20835,-77.96592,563,72.8,75.3,72.8,80.8,66.6,0.000,0.000,0.00,0.000,2.6,4.7,0.8,224,12,2.7,5.1,0.8,224,10,2.6,4.7,0.8,224,12,0,29.43,,0,0,0,74.2,71.3,69.3,0.35,0.28,0.28
BROC,2017-08-21 21:15:00 EDT,43.20835,-77.96592,563,72.7,75.1,72.7,82.4,67.0,0.000,0.000,0.00,0.000,3.1,5.3,0.8,219,13,3.3,5.4,0.9,220,11,3.1,5.3,0.8,219,13,0,29.43,,0,0,0,74.1,71.3,69.3,0.35,0.28,0.28
BROC,2017-08-21 21:20:00 EDT,43.20835,-77.96592,563,73.4,75.4,73.4,81.6,67.4,0.000,0.000,0.00,0.000,3.6,5.6,1.0,222,15,3.7,6.4,1.0,222,13,3.6,5.6,1.0,222,15,0,29.43,,0,0,0,74.0,71.3,69.3,0.35,0.28,0.28
BROC,2017-08-21 21:25:00 EDT,43.20835,-77.96592,563,74.3,75.6,74.3,78.9,67.3,0.000,0.000,0.00,0.000,3.3,6.4,1.0,230,14,3.6,7.1,1.3,231,13,3.3,6.4,1.0,230,14,0,29.43,,0,0,0,74.1,71.3,69.3,0.35,0.28,0.27
BROC,2017-08-21 21:30:00 EDT,43.20835,-77.96592,563,73.9,75.5,73.9,78.2,66.7,0.000,0.000,0.00,0.000,2.9,6.6,1.1,231,15,3.0,7.2,1.2,232,14,2.9,6.6,1.1,231,15,0,29.43,,0,0,0,74.0,71.3,69.3,0.35,0.28,0.28
BROC,2017-08-21 21:35:00 EDT,43.20835,-77.96592,563,73.8,75.6,73.8,79.0,66.9,0.000,0.000,0.00,0.000,3.3,5.7,1.0,227,13,3.3,6.2,1.1,227,12,3.3,5.7,1.0,227,13,0,29.43,,0,0,0,74.0,71.4,69.3,0.35,0.28,0.28
BROC,2017-08-21 21:40:00 EDT,43.20835,-77.96592,563,73.1,75.6,73.1,80.4,66.7,0.000,0.000,0.00,0.000,3.0,5.1,0.9,235,12,3.2,5.6,1.0,235,12,3.0,5.1,0.9,235,12,0,29.44,,0,0,0,74.0,71.4,69.3,0.35,0.28,0.28
BROC,2017-08-21 21:45:00 EDT,43.20835,-77.96592,563,73.1,75.4,73.1,81.0,66.9,0.000,0.000,0.00,0.000,3.5,6.1,0.7,225,11,3.6,6.9,0.8,227,10,3.5,6.1,0.7,225,11,0,29.44,,0,0,0,73.9,71.3,69.3,0.35,0.28,0.28
BROC,2017-08-21 21:50:00 EDT,43.20835,-77.96592,563,72.2,75.1,72.2,82.8,66.7,0.000,0.000,0.00,0.000,3.0,4.7,0.7,214,12,3.2,5.1,0.8,217,9,3.0,4.7,0.7,214,12,0,29.43,,0,0,0,73.9,71.2,69.3,0.35,0.28,0.28
BROC,2017-08-21 21:55:00 EDT,43.20835,-77.96592,563,72.2,75.0,72.2,83.8,67.0,0.000,0.000,0.00,0.000,2.3,4.1,0.7,206,16,2.7,4.7,0.7,208,16,2.3,4.1,0.7,206,16,0,29.43,,0,0,0,73.9,71.3,69.3,0.35,0.28,0.28
BROC,2017-08-21 22:00:00 EDT,43.20835,-77.96592,563,71.3,74.5,71.3,85.8,66.8,0.000,0.000,0.00,0.000,2.8,5.2,0.8,207,15,3.0,5.6,1.1,209,14,2.8,5.2,0.8,207,15,0,29.43,,0,0,0,73.9,71.3,69.3,0.35,0.28,0.28
BROC,2017-08-21 22:05:00 EDT,43.20835,-77.96592,563,72.3,74.0,72.3,84.6,67.4,0.000,0.000,0.00,0.000,3.2,6.8,1.1,218,17,3.3,6.5,1.2,220,14,3.2,6.8,1.1,218,17,0,29.43,,0,0,0,73.8,71.2,69.3,0.35,0.28,0.28
BROC,2017-08-21 22:10:00 EDT,43.20835,-77.96592,563,72.9,74.2,72.9,82.3,67.2,0.000,0.000,0.00,0.000,3.0,5.1,0.8,223,17,3.1,7.1,0.8,223,17,3.0,5.1,0.8,223,17,0,29.43,,0,0,0,73.6,71.3,69.3,0.35,0.28,0.28
BROC,2017-08-21 22:15:00 EDT,43.20835,-77.96592,563,72.5,74.0,72.5,81.8,66.6,0.000,0.000,0.00,0.000,2.7,4.7,0.9,212,22,3.1,6.1,1.0,211,19,2.7,4.7,0.9,212,22,0,29.43,,0,0,0,73.6,71.3,69.3,0.34,0.28,0.28
BROC,2017-08-21 22:20:00 EDT,43.20835,-77.96592,563,72.1,73.6,72.1,82.6,66.5,0.000,0.000,0.00,0.000,2.0,4.5,0.8,184,19,2.4,5.6,1.0,184,19,2.0,4.5,0.8,184,19,0,29.43,,0,0,0,73.5,71.3,69.3,0.35,0.28,0.28
BROC,2017-08-21 22:25:00 EDT,43.20835,-77.96592,563,71.3,73.0,71.3,84.3,66.4,0.000,0.000,0.00,0.000,2.0,4.3,1.0,194,26,2.7,5.7,1.1,193,25,2.0,4.3,1.0,194,26,0,29.43,,0,0,0,73.4,71.4,69.3,0.35,0.28,0.28
BROC,2017-08-21 22:30:00 EDT,43.20835,-77.96592,563,71.5,72.8,71.5,84.9,66.8,0.000,0.000,0.00,0.000,2.1,3.7,0.7,179,21,2.6,4.7,0.9,181,19,2.1,3.7,0.7,179,21,0,29.43,,0,0,0,73.4,71.3,69.3,0.35,0.28,0.28
BROC,2017-08-21 22:35:00 EDT,43.20835,-77.96592,563,71.2,72.5,71.2,85.7,66.7,0.000,0.000,0.00,0.000,2.4,4.2,0.8,182,18,2.9,5.3,0.9,184,18,2.4,4.2,0.8,182,18,0,29.43,,0,0,0,73.4,71.4,69.3,0.35,0.28,0.28
BROC,2017-08-21 22:40:00 EDT,43.20835,-77.96592,563,71.4,72.3,71.4,86.3,67.0,0.000,0.000,0.00,0.000,2.5,6.2,1.0,191,18,3.0,6.7,1.1,194,17,2.5,6.2,1.0,191,18,0,29.43,,0,0,0,73.4,71.4,69.3,0.35,0.28,0.28
BROC,2017-08-21 22:45:00 EDT,43.20835,-77.96592,563,71.6,72.1,71.6,86.0,67.2,0.000,0.000,0.00,0.000,2.3,4.5,1.0,183,19,2.9,7.0,1.2,187,19,2.3,4.5,1.0,183,19,0,29.42,,0,0,0,73.3,71.4,69.3,0.35,0.28,0.28
BROC,2017-08-21 22:50:00 EDT,43.20835,-77.96592,563,71.5,72.2,71.5,86.0,67.1,0.000,0.000,0.00,0.000,2.7,5.8,1.1,204,21,3.1,6.6,1.2,202,20,2.7,5.8,1.1,204,21,0,29.42,,0,0,0,73.3,71.4,69.3,0.35,0.28,0.28
BROC,2017-08-21 22:55:00 EDT,43.20835,-77.96592,563,71.7,72.5,71.7,85.6,67.2,0.000,0.000,0.00,0.000,2.1,5.0,1.1,185,21,2.7,6.3,1.2,187,21,2.1,5.0,1.1,185,21,0,29.42,,0,0,0,73.3,71.3,69.3,0.35,0.28,0.28
BROC,2017-08-21 23:00:00 EDT,43.20835,-77.96592,563,71.2,72.5,71.2,86.0,66.8,0.000,0.000,0.00,0.000,2.5,5.0,1.0,194,18,2.9,5.4,1.1,195,17,2.5,5.0,1.0,194,18,0,29.42,,0,0,0,73.2,71.3,69.3,0.35,0.28,0.28
BROC,2017-08-21 23:05:00 EDT,43.20835,-77.96592,563,71.5,72.4,71.5,86.4,67.2,0.000,0.000,0.00,0.000,2.5,4.5,0.8,196,19,3.1,5.5,1.1,198,18,2.5,4.5,0.8,196,19,0,29.42,,0,0,0,73.1,71.4,69.3,0.35,0.28,0.28
BROC,2017-08-21 23:10:00 EDT,43.20835,-77.96592,563,71.8,72.6,71.8,86.1,67.5,0.000,0.000,0.00,0.000,2.8,5.5,1.1,195,21,3.7,7.9,1.4,196,18,2.8,5.5,1.1,195,21,0,29.42,,0,0,0,73.1,71.4,69.3,0.35,0.28,0.28
BROC,2017-08-21 23:15:00 EDT,43.20835,-77.96592,563,72.1,72.6,72.1,85.0,67.4,0.000,0.000,0.00,0.000,3.1,5.8,1.3,197,22,3.8,8.8,1.5,194,20,3.1,5.8,1.3,197,22,0,29.41,,0,0,0,73.0,71.3,69.3,0.35,0.28,0.28
BROC,2017-08-21 23:20:00 EDT,43.20835,-77.96592,563,72.0,72.5,72.0,84.4,67.0,0.000,0.000,0.00,0.000,2.7,6.9,1.5,194,21,3.4,8.7,1.9,196,18,2.7,6.9,1.5,194,21,0,29.41,,0,0,0,73.1,71.3,69.3,0.35,0.28,0.28
BROC,2017-08-21 23:25:00 EDT,43.20835,-77.96592,563,71.9,72.5,71.9,84.5,66.9,0.000,0.000,0.00,0.000,3.0,6.1,1.4,199,20,3.5,7.7,1.6,201,20,3.0,6.1,1.4,199,20,0,29.41,,0,0,0,73.0,71.3,69.3,0.34,0.28,0.28
BROC,2017-08-21 23:30:00 EDT,43.20835,-77.96592,563,71.8,72.5,71.8,84.5,66.9,0.000,0.000,0.00,0.000,3.2,5.6,1.0,202,19,3.6,7.2,1.4,202,18,3.2,5.6,1.0,202,19,0,29.41,,0,0,0,73.0,71.3,69.3,0.35,0.28,0.28
BROC,2017-08-21 23:35:00 EDT,43.20835,-77.96592,563,72.0,72.4,72.0,83.6,66.8,0.000,0.000,0.00,0.000,3.1,5.6,1.2,199,18,3.6,7.3,1.4,201,15,3.1,5.6,1.2,199,18,0,29.41,,0,0,0,73.0,71.3,69.3,0.35,0.28,0.28
BROC,2017-08-21 23:40:00 EDT,43.20835,-77.96592,563,71.7,72.2,71.7,83.2,66.4,0.000,0.000,0.00,0.000,3.0,6.4,1.1,211,20,3.2,6.5,1.1,210,18,3.0,6.4,1.1,211,20,0,29.41,,0,0,0,72.9,71.3,69.3,0.34,0.28,0.28
BROC,2017-08-21 23:45:00 EDT,43.20835,-77.96592,563,71.4,71.9,71.4,83.5,66.1,0.000,0.000,0.00,0.000,2.1,4.5,1.1,187,22,2.8,5.6,1.1,189,21,2.1,4.5,1.1,187,22,0,29.41,,0,0,0,73.0,71.4,69.3,0.35,0.28,0.28
BROC,2017-08-21 23:50:00 EDT,43.20835,-77.96592,563,71.0,71.6,71.0,84.3,66.0,0.000,0.000,0.00,0.000,1.3,4.2,1.2,187,22,1.9,5.6,1.3,189,23,1.3,4.2,1.2,187,22,0,29.41,,0,0,0,72.9,71.3,69.3,0.35,0.28,0.28
BROC,2017-08-21 23:55:00 EDT,43.20835,-77.96592,563,70.9,71.4,70.9,84.8,66.1,0.000,0.000,0.00,0.000,2.0,4.5,1.0,188,23,2.5,5.9,1.2,189,21,2.0,4.5,1.0,188,23,0,29.41,,0,0,0,72.9,71.3,69.3,0.35,0.28,0.28
BROO,2017-08-21 00:00:00 EDT,42.79591,-75.29929,1657,59.8,63.3,59.8,94.1,58.1,0.000,0.052,0.00,0.000,1.6,2.4,0.3,329,8,1.8,3.0,0.4,334,11,1.6,2.4,0.3,329,8,0,28.43,,0,0,0,66.4,65.5,64.2,0.46,0.39,0.41
BROO,2017-08-21 00:05:00 EDT,42.79591,-75.29929,1657,59.7,63.1,59.7,95.5,58.4,0.000,0.000,0.00,0.000,1.4,2.3,0.4,303,10,1.4,2.5,0.4,309,10,1.4,2.3,0.4,303,10,0,28.43,,0,0,0,66.4,65.5,64.2,0.46,0.39,0.41
BROO,2017-08-21 00:10:00 EDT,42.79591,-75.29929,1657,59.7,61.6,59.7,96.5,58.7,0.000,0.000,0.00,0.000,0.1,0.9,0.2,295,0,0.2,1.2,0.4,303,4,0.1,0.9,0.2,295,0,0,28.44,,0,0,0,66.4,65.5,64.2,0.46,0.39,0.41
BROO,2017-08-21 00:15:00 EDT,42.79591,-75.29929,1657,60.4,63.5,60.4,97.2,59.6,0.000,0.000,0.00,0.000,0.1,0.7,0.2,323,5,0.4,1.5,0.5,304,22,0.1,0.7,0.2,323,5,0,28.43,,0,0,0,66.4,65.5,64.2,0.46,0.39,0.41
BROO,2017-08-21 00:20:00 EDT,42.79591,-75.29929,1657,60.9,64.1,60.9,96.5,59.9,0.000,0.000,0.00,0.000,0.8,1.8,0.5,328,16,1.1,2.0,0.4,331,22,0.8,1.8,0.5,328,16,0,28.43,,0,0,0,66.4,65.5,64.2,0.46,0.39,0.41
BROO,2017-08-21 00:25:00 EDT,42.79591,-75.29929,1657,60.3,63.9,60.3,96.1,59.2,0.000,0.000,0.00,0.000,1.3,1.8,0.2,311,6,1.4,2.0,0.2,316,8,1.3,1.8,0.2,311,6,0,28.43,,0,0,0,66.4,65.5,64.2,0.46,0.39,0.41
BROO,2017-08-21 00:30:00 EDT,42.79591,-75.29929,1657,59.9,63.8,59.9,96.1,58.8,0.000,0.000,0.00,0.000,1.5,2.3,0.3,301,16,1.6,2.6,0.3,307,16,1.5,2.3,0.3,301,16,0,28.43,,0,0,0,66.4,65.5,64.2,0.46,0.39,0.41
BROO,2017-08-21 00:35:00 EDT,42.79591,-75.29929,1657,59.4,63.1,59.4,96.4,58.4,0.000,0.000,0.00,0.000,1.4,1.7,0.2,299,12,1.5,2.4,0.3,307,13,1.4,1.7,0.2,299,12,0,28.44,,0,0,0,66.3,65.5,64.2,0.46,0.39,0.41
BROO,2017-08-21 00:40:00 EDT,42.79591,-75.29929,1657,59.0,61.0,59.0,96.8,58.1,0.000,0.000,0.00,0.000,1.4,2.2,0.3,286,12,1.7,2.7,0.3,293,15,1.4,2.2,0.3,286,12,0,28.44,,0,0,0,66.2,65.5,64.2,0.46,0.39,0.41
BROO,2017-08-21 00:45:00 EDT,42.79591,-75.29929,1657,59.0,61.3,59.0,97.0,58.1,0.000,0.000,0.00,0.000,0.3,1.4,0.5,293,1,0.5,1.7,0.5,287,10,0.3,1.4,0.5,293,1,0,28.44,,0,0,0,66.1,65.5,64.2,0.46,0.39,0.41
BROO,2017-08-21 00:50:00 EDT,42.79591,-75.29929,1657,59.5,62.4,59.5,97.5,58.8,0.000,0.000,0.00,0.000,0.4,1.2,0.4,246,0,0.6,1.5,0.5,244,12,0.4,1.2,0.4,246,0,0,28.44,,0,0,0,66.0,65.5,64.2,0.46,0.39,0.41
BROO,2017-08-21 00:55:00 EDT,42.79591,-75.29929,1657,61.4,62.8,61.4,98.0,60.8,0.000,0.000,0.00,0.000,0.1,1.1,0.3,235,3,0.5,1.3,0.5,210,24,0.1,1.1,0.3,235,3,0,28.44,,0,0,0,66.0,65.5,64.2,0.46,0.39,0.41
BROO,2017-08-21 01:00:00 EDT,42.79591,-75.29929,1657,61.8,62.6,61.8,97.5,61.1,0.000,0.000,0.00,0.000,0.4,1.2,0.5,191,20,0.9,1.7,0.5,190,27,0.4,1.2,0.5,191,20,0,28.44,,0,0,0,66.0,65.5,64.2,0.46,0.39,0.41
BROO,2017-08-21 01:05:00 EDT,42.79591,-75.29929,1657,61.5,62.2,61.5,96.2,60.4,0.000,0.000,0.00,0.000,0.8,1.9,0.5,187,16,1.2,2.4,0.4,193,20,0.8,1.9,0.5,187,16,0,28.44,,0,0,0,66.0,65.5,64.2,0.46,0.39,0.41
BROO,2017-08-21 01:10:00 EDT,42.79591,-75.29929,1657,61.7,61.8,61.7,95.7,60.4,0.000,0.000,0.00,0.000,0.6,2.1,0.6,244,26,0.9,2.0,0.5,256,27,0.6,2.1,0.6,244,26,0,28.44,,0,0,0,66.0,65.5,64.2,0.46,0.39,0.41
BROO,2017-08-21 01:15:00 EDT,42.79591,-75.29929,1657,61.3,61.6,61.3,95.0,59.9,0.000,0.000,0.00,0.000,0.9,2.0,0.3,269,25,1.2,2.7,0.4,272,27,0.9,2.0,0.3,269,25,0,28.43,,0,0,0,66.0,65.5,64.2,0.46,0.39,0.41
BROO,2017-08-21 01:20:00 EDT,42.79591,-75.29929,1657,61.3,61.8,61.3,94.6,59.7,0.000,0.000,0.00,0.000,0.8,2.0,0.4,301,20,1.1,2.3,0.4,306,28,0.8,2.0,0.4,301,20,0,28.44,,0,0,0,66.0,65.5,64.2,0.46,0.39,0.41
BROO,2017-08-21 01:25:00 EDT,42.79591,-75.29929,1657,61.6,62.0,61.6,93.9,59.8,0.000,0.000,0.00,0.000,0.8,1.5,0.4,307,22,1.1,1.8,0.4,306,28,0.8,1.5,0.4,307,22,0,28.44,,0,0,0,66.0,65.5,64.2,0.46,0.39,0.41
BROO,2017-08-21 01:30:00 EDT,42.79591,-75.29929,1657,60.9,62.2,60.9,93.3,58.9,0.000,0.000,0.00,0.000,1.5,2.8,0.6,259,21,1.8,3.3,0.6,264,24,1.5,2.8,0.6,259,21,0,28.44,,0,0,0,66.0,65.5,64.2,0.46,0.39,0.41
BROO,2017-08-21 01:35:00 EDT,42.79591,-75.29929,1657,61.0,62.1,61.0,93.4,59.1,0.000,0.000,0.00,0.000,1.2,2.3,0.6,274,23,1.5,2.9,0.6,281,25,1.2,2.3,0.6,274,23,0,28.43,,0,0,0,66.0,65.5,64.2,0.46,0.39,0.41
BROO,2017-08-21 01:40:00 EDT,42.79591,-75.29929,1657,60.4,61.9,60.4,93.6,58.6,0.000,0.000,0.00,0.000,1.0,2.3,0.7,250,20,1.4,2.6,0.5,259,25,1.0,2.3,0.7,250,20,0,28.43,,0,0,0,66.0,65.5,64.2,0.46,0.39,0.41
BROO,2017-08-21 01:45:00 EDT,42.79591,-75.29929,1657,61.3,61.9,61.3,94.4,59.7,0.000,0.000,0.00,0.000,1.1,2.3,0.5,274,17,1.4,2.6,0.5,278,24,1.1,2.3,0.5,274,17,0,28.43,,0,0,0,66.0,65.5,64.2,0.46,0.39,0.41
BROO,2017-08-21 01:50:00 EDT,42.79591,-75.29929,1657,61.7,62.1,61.7,93.3,59.7,0.000,0.000,0.00,0.000,1.3,3.0,0.5,268,22,1.6,3.9,0.6,276,25,1.3,3.0,0.5,268,22,0,28.43,,0,0,0,66.0,65.5,64.2,0.46,0.39,0.41
BROO,2017-08-21 01:55:00 EDT,42.79591,-75.29929,1657,61.4,62.1,61.4,91.7,59.0,0.000,0.000,0.00,0.000,0.7,2.2,0.7,284,17,1.1,2.8,0.7,289,28,0.7,2.2,0.7,284,17,0,28.43,,0,0,0,66.0,65.5,64.2,0.46,0.39,0.41
BROO,2017-08-21 02:00:00 EDT,42.79591,-75.29929,1657,61.5,62.0,61.5,92.6,59.3,0.000,0.000,0.00,0.000,0.6,1.9,0.6,298,20,0.9,2.6,0.6,305,22,0.6,1.9,0.6,298,20,0,28.43,,0,0,0,65.9,65.5,64.2,0.46,0.39,0.41
BROO,2017-08-21 02:05:00 EDT,42.79591,-75.29929,1657,60.8,61.9,60.8,92.5,58.6,0.000,0.000,0.00,0.000,1.0,1.8,0.4,284,15,1.3,2.1,0.5,291,17,1.0,1.8,0.4,284,15,0,28.43,,0,0,0,65.9,65.5,64.2,0.46,0.39,0.41
BROO,2017-08-21 02:10:00 EDT,42.79591,-75.29929,1657,61.1,62.0,61.1,93.4,59.2,0.000,0.000,0.00,0.000,1.1,1.8,0.4,290,21,1.3,2.5,0.4,296,22,1.1,1.8,0.4,290,21,0,28.44,,0,0,0,65.8,65.5,64.2,0.46,0.39,0.41
BROO,2017-08-21 02:15:00 EDT,42.79591,-75.29929,1657,61.0,62.0,61.0,92.7,58.9,0.000,0.000,0.00,0.000,1.0,1.5,0.3,283,14,1.2,1.9,0.4,288,17,1.0,1.5,0.3,283,14,0,28.44,,0,0,0,65.8,65.5,64.2,0.46,0.39,0.41
BROO,2017-08-21 02:20:00 EDT,42.79591,-75.29929,1657,60.0,61.8,60.0,92.6,57.8,0.000,0.000,0.00,0.000,1.3,1.7,0.2,273,13,1.6,2.3,0.3,279,16,1.3,1.7,0.2,273,13,0,28.44,,0,0,0,65.8,65.5,64.2,0.46,0.39,0.41
BROO,2017-08-21 02:25:00 EDT,42.79591,-75.29929,1657,59.6,61.8,59.6,94.5,58.0,0.000,0.000,0.00,0.000,0.6,1.4,0.3,284,13,1.0,1.9,0.4,291,18,0.6,1.4,0.3,284,13,0,28.43,,0,0,0,65.8,65.5,64.2,0.46,0.39,0.41
BROO,2017-08-21 02:30:00 EDT,42.79591,-75.29929,1657,60.8,61.8,60.8,95.2,59.4,0.000,0.000,0.00,0.000,0.6,1.4,0.4,244,24,0.9,1.9,0.5,254,31,0.6,1.4,0.4,244,24,0,28.43,,0,0,0,65.8,65.5,64.2,0.46,0.39,0.41
BROO,2017-08-21 02:35:00 EDT,42.79591,-75.29929,1657,61.5,61.8,61.5,94.0,59.8,0.000,0.000,0.00,0.000,0.5,2.2,0.6,219,12,0.8,2.0,0.7,222,23,0.5,2.2,0.6,219,12,0,28.43,,0,0,0,65.8,65.5,64.2,0.46,0.39,0.41
BROO,2017-08-21 02:40:00 EDT,42.79591,-75.29929,1657,60.1,61.6,60.1,92.4,57.9,0.000,0.000,0.00,0.000,0.4,1.0,0.3,260,27,0.9,1.5,0.3,277,30,0.4,1.0,0.3,260,27,0,28.44,,0,0,0,65.8,65.5,64.2,0.46,0.39,0.41
BROO,2017-08-21 02:45:00 EDT,42.79591,-75.29929,1657,60.8,61.5,60.8,94.1,59.1,0.000,0.000,0.00,0.000,1.0,2.0,0.4,260,25,1.4,2.2,0.3,273,30,1.0,2.0,0.4,260,25,0,28.44,,0,0,0,65.8,65.5,64.2,0.46,0.39,0.41
BROO,2017-08-21 02:50:00 EDT,42.79591,-75.29929,1657,60.9,61.3,60.9,94.3,59.3,0.000,0.000,0.00,0.000,0.5,1.4,0.5,277,10,0.9,2.1,0.5,282,17,0.5,1.4,0.5,277,10,0,28.44,,0,0,0,65.8,65.5,64.2,0.46,0.39,0.41
BROO,2017-08-21 02:55:00 EDT,42.79591,-75.29929,1657,61.2,61.5,61.2,93.6,59.3,0.000,0.000,0.00,0.000,0.8,1.6,0.5,260,23,1.2,2.4,0.6,266,27,0.8,1.6,0.5,260,23,0,28.44,,0,0,0,65.8,65.5,64.2,0.46,0.39,0.41
BROO,2017-08-21 03:00:00 EDT,42.79591,-75.29929,1657,61.4,61.5,61.4,93.2,59.4,0.000,0.000,0.00,0.000,1.0,2.6,0.7,237,17,1.3,2.9,0.6,243,22,1.0,2.6,0.7,237,17,0,28.44,,0,0,0,65.8,65.5,64.2,0.46,0.39,0.41
BROO,2017-08-21 03:05:00 EDT,42.79591,-75.29929,1657,60.8,61.4,60.8,93.1,58.8,0.000,0.000,0.00,0.000,0.9,1.9,0.6,250,23,1.3,2.3,0.6,260,28,0.9,1.9,0.6,250,23,0,28.44,,0,0,0,65.8,65.5,64.2,0.46,0.39,0.41
BROO,2017-08-21 03:10:00 EDT,42.79591,-75.29929,1657,60.9,61.4,60.9,93.7,59.1,0.000,0.000,0.00,0.000,0.3,1.0,0.3,252,17,0.7,2.3,0.6,264,22,0.3,1.0,0.3,252,17,0,28.44,,0,0,0,65.8,65.5,64.2,0.46,0.39,0.41
BROO,2017-08-21 03:15:00 EDT,42.79591,-75.29929,1657,61.1,61.5,61.1,93.5,59.2,0.000,0.000,0.00,0.000,0.4,1.1,0.4,301,9,0.7,2.1,0.5,308,20,0.4,1.1,0.4,301,9,0,28.44,,0,0,0,65.8,65.5,64.2,0.46,0.39,0.41
BROO,2017-08-21 03:20:00 EDT,42.79591,-75.29929,1657,61.1,61.6,61.1,93.0,59.0,0.000,0.000,0.00,0.000,0.0,0.1,0.0,175,2,0.2,1.0,0.3,244,19,0.0,0.1,0.0,175,2,0,28.44,,0,0,0,65.8,65.5,64.2,0.46,0.39,0.41
BROO,2017-08-21 03:25:00 EDT,42.79591,-75.29929,1657,60.6,61.8,60.6,92.7,58.5,0.000,0.000,0.00,0.000,0.3,1.3,0.4,267,17,0.8,1.6,0.5,264,29,0.3,1.3,0.4,267,17,0,28.44,,0,0,0,65.8,65.5,64.2,0.46,0.39,0.41
BROO,2017-08-21 03:30:00 EDT,42.79591,-75.29929,1657,60.1,61.6,60.1,92.9,58.0,0.000,0.000,0.00,0.000,0.4,1.2,0.4,252,30,1.0,1.8,0.5,263,33,0.4,1.2,0.4,252,30,0,28.44,,0,0,0,65.8,65.5,64.2,0.46,0.39,0.41
BROO,2017-08-21 03:35:00 EDT,42.79591,-75.29929,1657,60.5,61.5,60.5,94.3,58.8,0.000,0.000,0.00,0.000,0.4,1.5,0.4,232,20,0.8,2.2,0.5,242,30,0.4,1.5,0.4,232,20,0,28.44,,0,0,0,65.8,65.5,64.2,0.46,0.39,0.41
BROO,2017-08-21 03:40:00 EDT,42.79591,-75.29929,1657,60.4,61.3,60.4,94.6,58.8,0.002,0.002,0.00,0.002,0.9,2.1,0.5,253,29,1.2,2.8,0.5,261,30,0.9,2.1,0.5,253,29,0,28.44,,0,0,0,65.8,65.5,64.2,0.46,0.39,0.41
BROO,2017-08-21 03:45:00 EDT,42.79591,-75.29929,1657,60.6,61.3,60.6,94.7,59.1,0.000,0.002,0.00,0.002,0.7,1.8,0.4,268,20,1.1,2.3,0.4,277,22,0.7,1.8,0.4,268,20,0,28.44,,0,0,0,65.8,65.5,64.2,0.46,0.39,0.41
BROO,2017-08-21 03:50:00 EDT,42.79591,-75.29929,1657,59.4,60.9,59.4,93.7,57.6,0.000,0.002,0.00,0.002,0.9,1.9,0.5,242,24,1.2,2.3,0.5,251,31,0.9,1.9,0.5,242,24,0,28.44,,0,0,0,65.8,65.5,64.2,0.46,0.39,0.41
BROO,2017-08-21 03:55:00 EDT,42.79591,-75.29929,1657,60.2,60.7,60.2,95.7,58.9,0.000,0.002,0.00,0.002,0.8,2.1,0.6,247,35,1.3,3.1,0.6,246,36,0.8,2.1,0.6,247,35,0,28.44,,0,0,0,65.8,65.5,64.2,0.46,0.39,0.41
BROO,2017-08-21 04:00:00 EDT,42.79591,-75.29929,1657,60.3,60.4,60.3,95.7,59.1,0.000,0.002,0.00,0.002,1.0,2.3,0.7,218,22,1.3,2.6,0.6,230,27,1.0,2.3,0.7,218,22,0,28.44,,0,0,0,65.8,65.5,64.2,0.46,0.39,0.41
BROO,2017-08-21 04:05:00 EDT,42.79591,-75.29929,1657,60.2,60.4,60.2,95.8,59.0,0.000,0.002,0.00,0.002,0.9,2.0,0.5,291,30,1.2,2.3,0.5,300,34,0.9,2.0,0.5,291,30,0,28.44,,0,0,0,65.8,65.5,64.2,0.46,0.39,0.41
BROO,2017-08-21 04:10:00 EDT,42.79591,-75.29929,1657,60.2,60.3,60.2,95.6,58.9,0.000,0.002,0.00,0.002,0.7,1.4,0.4,286,28,1.1,2.0,0.5,289,31,0.7,1.4,0.4,286,28,0,28.44,,0,0,0,65.8,65.5,64.2,0.46,0.39,0.41
BROO,2017-08-21 04:15:00 EDT,42.79591,-75.29929,1657,59.8,60.2,59.8,95.3,58.5,0.000,0.002,0.00,0.002,0.8,1.6,0.6,267,23,1.1,2.2,0.6,273,28,0.8,1.6,0.6,267,23,0,28.44,,0,0,0,65.5,65.5,64.2,0.46,0.39,0.41
BROO,2017-08-21 04:20:00 EDT,42.79591,-75.29929,1657,60.0,60.2,60.0,95.9,58.8,0.000,0.002,0.00,0.002,1.2,2.6,0.6,285,18,1.3,3.2,0.6,293,21,1.2,2.6,0.6,285,18,0,28.44,,0,0,0,65.5,65.5,64.2,0.46,0.39,0.41
BROO,2017-08-21 04:25:00 EDT,42.79591,-75.29929,1657,59.8,60.1,59.8,96.0,58.6,0.000,0.002,0.00,0.002,1.5,2.5,0.3,297,20,1.7,3.0,0.4,301,20,1.5,2.5,0.3,297,20,0,28.44,,0,0,0,65.5,65.5,64.2,0.46,0.39,0.41
BROO,2017-08-21 04:30:00 EDT,42.79591,-75.29929,1657,59.9,60.2,59.9,96.0,58.8,0.000,0.002,0.00,0.002,1.1,2.0,0.5,306,37,1.3,2.7,0.6,308,36,1.1,2.0,0.5,306,37,0,28.44,,0,0,0,65.5,65.5,64.2,0.46,0.39,0.41
BROO,2017-08-21 04:35:00 EDT,42.79591,-75.29929,1657,59.8,60.3,59.8,95.8,58.6,0.000,0.002,0.00,0.002,0.2,0.9,0.3,284,25,0.7,1.6,0.5,301,40,0.2,0.9,0.3,284,25,0,28.44,,0,0,0,65.5,65.5,64.2,0.46,0.39,0.41
BROO,2017-08-21 04:40:00 EDT,42.79591,-75.29929,1657,59.5,60.2,59.5,95.9,58.3,0.000,0.002,0.00,0.000,0.4,2.5,0.6,266,20,0.7,2.9,0.8,270,24,0.4,2.5,0.6,266,20,0,28.44,,0,0,0,65.5,65.5,64.2,0.46,0.39,0.41
BROO,2017-08-21 04:45:00 EDT,42.79591,-75.29929,1657,59.7,60.0,59.7,96.4,58.7,0.000,0.002,0.00,0.000,0.8,2.7,0.7,220,31,1.2,3.3,0.8,229,27,0.8,2.7,0.7,220,31,0,28.44,,0,0,0,65.5,65.5,64.2,0.46,0.39,0.41
BROO,2017-08-21 04:50:00 EDT,42.79591,-75.29929,1657,59.7,59.8,59.7,96.6,58.7,0.000,0.002,0.00,0.000,1.1,3.5,0.8,221,32,1.5,4.4,0.9,230,33,1.1,3.5,0.8,221,32,0,28.44,,0,0,0,65.5,65.5,64.2,0.46,0.39,0.41
BROO,2017-08-21 04:55:00 EDT,42.79591,-75.29929,1657,59.6,59.7,59.6,96.7,58.7,0.000,0.002,0.00,0.000,1.0,2.5,0.7,245,34,1.4,2.3,0.6,260,40,1.0,2.5,0.7,245,34,0,28.45,,0,0,0,65.5,65.5,64.2,0.46,0.39,0.41
BROO,2017-08-21 05:00:00 EDT,42.79591,-75.29929,1657,59.7,59.8,59.7,96.8,58.8,0.000,0.002,0.00,0.000,1.8,3.7,0.6,215,19,2.2,5.8,0.8,213,20,1.8,3.7,0.6,215,19,0,28.45,,0,0,0,65.5,65.5,64.2,0.46,0.39,0.41
BROO,2017-08-21 05:05:00 EDT,42.79591,-75.29929,1657,59.8,59.9,59.8,97.0,58.9,0.000,0.002,0.00,0.000,0.8,2.3,0.6,209,22,1.2,2.9,0.7,219,30,0.8,2.3,0.6,209,22,0,28.45,,0,0,0,65.4,65.5,64.2,0.46,0.39,0.41
BROO,2017-08-21 05:10:00 EDT,42.79591,-75.29929,1657,59.7,59.9,59.7,97.0,58.9,0.000,0.002,0.00,0.000,0.9,2.5,0.6,222,24,1.4,3.2,0.7,229,24,0.9,2.5,0.6,222,24,0,28.45,,0,0,0,65.2,65.5,64.2,0.46,0.39,0.41
BROO,2017-08-21 05:15:00 EDT,42.79591,-75.29929,1657,59.6,59.8,59.6,96.9,58.7,0.000,0.002,0.00,0.000,0.4,1.5,0.4,261,33,1.0,2.6,0.6,255,44,0.4,1.5,0.4,261,33,0,28.44,,0,0,0,65.1,65.5,64.2,0.46,0.39,0.41
BROO,2017-08-21 05:20:00 EDT,42.79591,-75.29929,1657,59.7,59.8,59.7,97.1,58.9,0.000,0.002,0.00,0.000,0.7,2.4,0.6,220,20,1.4,3.1,0.8,221,24,0.7,2.4,0.6,220,20,0,28.44,,0,0,0,65.1,65.5,64.2,0.46,0.39,0.41
BROO,2017-08-21 05:25:00 EDT,42.79591,-75.29929,1657,59.6,59.7,59.6,97.1,58.8,0.000,0.002,0.00,0.000,1.3,3.4,0.8,215,29,1.6,3.9,0.8,221,34,1.3,3.4,0.8,215,29,0,28.45,,0,0,0,65.1,65.5,64.2,0.46,0.39,0.41
BROO,2017-08-21 05:30:00 EDT,42.79591,-75.29929,1657,59.5,59.6,59.5,97.1,58.7,0.000,0.002,0.00,0.000,1.5,4.3,1.1,209,25,1.8,5.4,1.1,218,26,1.5,4.3,1.1,209,25,0,28.45,,0,0,0,65.1,65.5,64.2,0.46,0.39,0.41
BROO,2017-08-21 05:35:00 EDT,42.79591,-75.29929,1657,59.4,59.6,59.4,97.3,58.7,0.000,0.002,0.00,0.000,0.7,2.8,0.6,226,38,1.2,3.5,0.8,251,45,0.7,2.8,0.6,226,38,0,28.45,,0,0,0,65.1,65.5,64.2,0.46,0.39,0.41
BROO,2017-08-21 05:40:00 EDT,42.79591,-75.29929,1657,59.6,59.7,59.6,97.4,58.8,0.000,0.002,0.00,0.000,0.8,2.5,0.6,229,28,1.2,2.7,0.7,246,29,0.8,2.5,0.6,229,28,0,28.45,,0,0,0,65.1,65.5,64.2,0.46,0.39,0.41
BROO,2017-08-21 05:45:00 EDT,42.79591,-75.29929,1657,59.5,59.7,59.5,97.4,58.7,0.000,0.002,0.00,0.000,1.1,3.1,0.9,198,30,1.6,3.5,0.8,205,34,1.1,3.1,0.9,198,30,0,28.45,,0,0,0,65.1,65.5,64.2,0.46,0.39,0.41
BROO,2017-08-21 05:50:00 EDT,42.79591,-75.29929,1657,59.4,59.6,59.4,97.4,58.6,0.000,0.002,0.00,0.000,1.7,3.3,0.7,219,23,2.0,4.4,0.8,223,24,1.7,3.3,0.7,219,23,0,28.45,,0,0,0,65.1,65.5,64.2,0.46,0.39,0.41
BROO,2017-08-21 05:55:00 EDT,42.79591,-75.29929,1657,59.5,59.6,59.5,97.5,58.8,0.000,0.002,0.00,0.000,1.8,4.4,1.0,210,25,2.0,5.1,1.0,215,22,1.8,4.4,1.0,210,25,0,28.45,,0,0,0,65.1,65.5,64.2,0.46,0.39,0.41
BROO,2017-08-21 06:00:00 EDT,42.79591,-75.29929,1657,59.6,59.7,59.6,97.5,58.9,0.000,0.002,0.00,0.000,1.1,4.4,1.0,229,29,1.5,4.4,1.0,243,38,1.1,4.4,1.0,229,29,0,28.45,,0,0,0,65.1,65.5,64.2,0.46,0.39,0.41
BROO,2017-08-21 06:05:00 EDT,42.79591,-75.29929,1657,59.8,59.8,59.8,97.5,59.1,0.000,0.002,0.00,0.000,0.9,2.9,0.9,232,25,1.3,3.2,0.9,245,43,0.9,2.9,0.9,232,25,1,28.45,,0,0,0,65.1,65.5,64.2,0.46,0.39,0.41
BROO,2017-08-21 06:10:00 EDT,42.79591,-75.29929,1657,59.8,59.9,59.8,97.3,59.0,0.000,0.002,0.00,0.000,1.3,3.7,0.9,229,17,1.6,3.4,0.8,238,28,1.3,3.7,0.9,229,17,2,28.45,,0,0,0,65.1,65.5,64.2,0.46,0.39,0.41
BROO,2017-08-21 06:15:00 EDT,42.79591,-75.29929,1657,59.8,59.8,59.8,97.1,58.9,0.000,0.002,0.00,0.000,0.6,2.2,0.6,197,48,1.1,2.7,0.7,208,67,0.6,2.2,0.6,197,48,2,28.45,,0,0,0,65.1,65.5,64.2,0.46,0.39,0.41
BROO,2017-08-21 06:20:00 EDT,42.79591,-75.29929,1657,59.6,59.7,59.6,97.0,58.8,0.000,0.002,0.00,0.000,0.5,1.7,0.5,225,28,0.9,2.0,0.6,230,40,0.5,1.7,0.5,225,28,4,28.45,,0,0,0,65.1,65.5,64.2,0.46,0.39,0.41
BROO,2017-08-21 06:25:00 EDT,42.79591,-75.29929,1657,59.4,59.5,59.4,97.0,58.5,0.000,0.002,0.00,0.000,0.5,2.8,0.8,220,14,0.8,3.4,1.0,235,24,0.5,2.8,0.8,220,14,7,28.45,,0,0,0,65.1,65.5,64.2,0.46,0.39,0.41
BROO,2017-08-21 06:30:00 EDT,42.79591,-75.29929,1657,59.4,59.4,59.4,97.2,58.6,0.000,0.002,0.00,0.000,0.9,3.1,0.7,254,38,1.2,3.3,0.7,256,35,0.9,3.1,0.7,254,38,10,28.45,,0,0,0,65.1,65.5,64.2,0.46,0.39,0.41
BROO,2017-08-21 06:35:00 EDT,42.79591,-75.29929,1657,59.3,59.4,59.3,97.3,58.6,0.000,0.002,0.00,0.000,0.3,1.3,0.4,239,20,0.6,2.1,0.7,255,31,0.3,1.3,0.4,239,20,12,28.45,,0,0,0,65.1,65.5,64.2,0.46,0.39,0.41
BROO,2017-08-21 06:40:00 EDT,42.79591,-75.29929,1657,59.3,59.3,59.3,97.4,58.6,0.000,0.002,0.00,0.000,0.7,1.8,0.6,218,19,1.0,2.2,0.7,224,29,0.7,1.8,0.6,218,19,14,28.45,,0,0,0,65.1,65.5,64.2,0.46,0.39,0.41
BROO,2017-08-21 06:45:00 EDT,42.79591,-75.29929,1657,59.3,59.3,59.3,97.5,58.6,0.000,0.002,0.00,0.000,0.5,1.6,0.5,215,25,1.0,2.1,0.6,224,40,0.5,1.6,0.5,215,25,17,28.45,,0,0,0,65.1,65.5,64.2,0.46,0.39,0.41
BROO,2017-08-21 06:50:00 EDT,42.79591,-75.29929,1657,59.2,59.3,59.2,97.5,58.5,0.000,0.002,0.00,0.000,0.6,1.8,0.5,226,36,0.7,2.7,0.8,237,40,0.6,1.8,0.5,226,36,31,28.45,,0,0,0,65.1,65.5,64.2,0.46,0.39,0.41
BROO,2017-08-21 06:55:00 EDT,42.79591,-75.29929,1657,59.3,59.4,59.3,97.5,58.6,0.000,0.002,0.00,0.000,0.2,1.2,0.3,219,22,0.5,2.0,0.5,257,34,0.2,1.2,0.3,219,22,54,28.45,,0,0,0,65.1,65.5,64.2,0.46,0.39,0.41
BROO,2017-08-21 07:00:00 EDT,42.79591,-75.29929,1657,59.5,59.6,59.5,97.3,58.7,0.000,0.002,0.00,0.000,0.9,2.4,0.7,238,29,1.3,2.9,0.8,244,28,0.9,2.4,0.7,238,29,58,28.45,,0,0,0,65.1,65.5,64.2,0.46,0.39,0.41
BROO,2017-08-21 07:05:00 EDT,42.79591,-75.29929,1657,59.5,59.6,59.5,97.0,58.6,0.000,0.002,0.00,0.000,0.3,2.7,0.6,206,43,0.8,3.7,0.8,237,52,0.3,2.7,0.6,206,43,55,28.45,,0,0,0,65.0,65.5,64.2,0.46,0.39,0.41
BROO,2017-08-21 07:10:00 EDT,42.79591,-75.29929,1657,59.6,59.6,59.6,96.7,58.6,0.000,0.002,0.00,0.000,0.9,3.0,0.7,200,26,1.4,3.6,0.7,205,31,0.9,3.0,0.7,200,26,79,28.45,,0,0,0,64.9,65.5,64.2,0.46,0.39,0.41
BROO,2017-08-21 07:15:00 EDT,42.79591,-75.29929,1657,59.6,59.6,59.6,96.2,58.5,0.000,0.002,0.00,0.000,1.0,2.5,0.8,201,32,1.4,3.2,0.8,210,33,1.0,2.5,0.8,201,32,115,28.45,,0,0,0,64.8,65.5,64.2,0.46,0.39,0.41
BROO,2017-08-21 07:20:00 EDT,42.79591,-75.29929,1657,59.8,59.6,59.8,95.8,58.6,0.000,0.002,0.00,0.000,0.6,2.0,0.6,233,49,0.9,2.5,0.6,289,58,0.6,2.0,0.6,233,49,124,28.45,,0,0,0,64.8,65.5,64.2,0.46,0.39,0.41
BROO,2017-08-21 07:25:00 EDT,42.79591,-75.29929,1657,59.8,59.7,59.8,95.2,58.5,0.000,0.002,0.00,0.000,0.8,2.3,0.8,296,29,1.4,3.3,0.9,290,41,0.8,2.3,0.8,296,29,139,28.45,,0,0,0,64.8,65.5,64.2,0.46,0.39,0.41
BROO,2017-08-21 07:30:00 EDT,42.79591,-75.29929,1657,60.0,59.9,60.0,95.0,58.6,0.000,0.002,0.00,0.000,1.0,3.7,0.9,232,33,1.4,3.3,0.9,240,37,1.0,3.7,0.9,232,33,151,28.45,,0,0,0,64.8,65.5,64.2,0.46,0.39,0.41
BROO,2017-08-21 07:35:00 EDT,42.79591,-75.29929,1657,60.3,60.1,60.3,94.6,58.7,0.000,0.002,0.00,0.000,0.7,2.2,0.6,243,42,1.1,3.4,0.9,258,42,0.7,2.2,0.6,243,42,156,28.45,,0,0,0,64.8,65.5,64.2,0.46,0.39,0.41
BROO,2017-08-21 07:40:00 EDT,42.79591,-75.29929,1657,60.8,60.3,60.8,93.1,58.8,0.000,0.002,0.00,0.000,0.7,2.3,0.6,18,29,1.1,2.9,0.8,13,32,0.7,2.3,0.6,18,29,175,28.45,,0,0,0,64.8,65.5,64.2,0.46,0.39,0.41
BROO,2017-08-21 07:45:00 EDT,42.79591,-75.29929,1657,60.9,60.6,60.9,92.3,58.7,0.000,0.002,0.00,0.000,1.0,2.4,0.7,132,37,1.5,2.8,0.7,137,42,1.0,2.4,0.7,132,37,190,28.46,,0,0,0,64.8,65.5,64.2,0.46,0.39,0.41
BROO,2017-08-21 07:50:00 EDT,42.79591,-75.29929,1657,60.9,60.6,60.9,91.5,58.4,0.000,0.002,0.00,0.000,0.5,2.3,0.6,279,32,1.1,3.3,0.8,291,34,0.5,2.3,0.6,279,32,208,28.46,,0,0,0,64.8,65.5,64.2,0.46,0.39,0.41
BROO,2017-08-21 07:55:00 EDT,42.79591,-75.29929,1657,61.0,60.9,61.0,92.4,58.8,0.000,0.002,0.00,0.000,1.9,4.6,1.0,159,34,2.3,5.8,1.1,157,33,1.9,4.6,1.0,159,34,198,28.46,,0,0,0,64.8,65.5,64.2,0.46,0.39,0.41
BROO,2017-08-21 08:00:00 EDT,42.79591,-75.29929,1657,61.1,60.9,61.1,93.1,59.1,0.000,0.002,0.00,0.000,2.4,4.7,1.1,167,24,3.1,5.6,1.0,168,27,2.4,4.7,1.1,167,24,175,28.46,,0,0,0,64.8,65.5,64.2,0.46,0.39,0.41
BROO,2017-08-21 08:05:00 EDT,42.79591,-75.29929,1657,61.3,61.0,61.3,93.1,59.3,0.000,0.002,0.00,0.000,2.2,5.1,1.1,169,35,2.6,5.8,1.3,169,31,2.2,5.1,1.1,169,35,166,28.46,,0,0,0,64.8,65.5,64.2,0.46,0.39,0.41
BROO,2017-08-21 08:10:00 EDT,42.79591,-75.29929,1657,61.1,61.0,61.1,92.7,59.0,0.000,0.002,0.00,0.000,2.3,4.5,1.0,170,21,2.7,5.7,1.3,171,21,2.3,4.5,1.0,170,21,166,28.46,,0,0,0,64.8,65.5,64.2,0.46,0.39,0.41
BROO,2017-08-21 08:15:00 EDT,42.79591,-75.29929,1657,61.5,61.3,61.5,93.0,59.4,0.000,0.002,0.00,0.000,2.0,4.4,1.4,160,23,2.5,6.0,1.4,164,23,2.0,4.4,1.4,160,23,230,28.45,,0,0,0,64.8,65.5,64.2,0.46,0.39,0.41
BROO,2017-08-21 08:20:00 EDT,42.79591,-75.29929,1657,61.9,61.7,61.9,92.3,59.6,0.000,0.002,0.00,0.000,1.4,3.1,0.9,151,28,2.0,4.4,0.8,158,35,1.4,3.1,0.9,151,28,262,28.45,,0,0,0,64.8,65.5,64.2,0.46,0.39,0.41
BROO,2017-08-21 08:25:00 EDT,42.79591,-75.29929,1657,62.5,62.2,62.5,91.2,59.9,0.000,0.002,0.00,0.000,1.2,2.1,0.5,134,29,1.6,2.9,0.6,133,31,1.2,2.1,0.5,134,29,301,28.45,,0,0,0,64.8,65.5,64.2,0.46,0.39,0.41
BROO,2017-08-21 08:30:00 EDT,42.79591,-75.29929,1657,63.0,62.6,63.0,90.1,60.0,0.000,0.002,0.00,0.000,1.4,3.3,0.8,162,33,1.8,4.5,0.9,165,30,1.4,3.3,0.8,162,33,325,28.45,,0,0,0,64.8,65.4,64.2,0.46,0.39,0.41
BROO,2017-08-21 08:35:00 EDT,42.79591,-75.29929,1657,62.7,62.5,62.7,89.4,59.5,0.000,0.002,0.00,0.000,3.9,6.5,1.1,172,16,4.5,8.3,1.3,173,17,3.9,6.5,1.1,172,16,319,28.45,,0,0,0,64.8,65.4,64.2,0.46,0.39,0.41
BROO,2017-08-21 08:40:00 EDT,42.79591,-75.29929,1657,63.0,62.8,63.0,90.0,60.0,0.000,0.002,0.00,0.000,3.8,5.8,1.1,170,16,4.3,6.4,1.2,171,16,3.8,5.8,1.1,170,16,348,28.45,,0,0,0,64.8,65.5,64.2,0.46,0.39,0.41
BROO,2017-08-21 08:45:00 EDT,42.79591,-75.29929,1657,63.1,63.0,63.1,89.6,60.0,0.000,0.002,0.00,0.000,3.6,5.8,1.2,170,13,4.0,6.4,1.2,171,13,3.6,5.8,1.2,170,13,267,28.45,,0,0,0,64.8,65.5,64.2,0.46,0.39,0.41
BROO,2017-08-21 08:50:00 EDT,42.79591,-75.29929,1657,63.6,63.4,63.6,89.6,60.5,0.000,0.002,0.00,0.000,1.8,4.7,0.9,161,19,2.3,5.5,1.1,163,20,1.8,4.7,0.9,161,19,299,28.45,,0,0,0,64.8,65.4,64.2,0.46,0.39,0.41
BROO,2017-08-21 08:55:00 EDT,42.79591,-75.29929,1657,64.1,63.9,64.1,88.2,60.6,0.000,0.002,0.00,0.000,3.0,5.0,0.9,171,16,3.4,5.6,1.0,174,17,3.0,5.0,0.9,171,16,352,28.45,,0,0,0,64.8,65.4,64.2,0.46,0.39,0.41
BROO,2017-08-21 09:00:00 EDT,42.79591,-75.29929,1657,64.4,64.1,64.4,87.7,60.7,0.000,0.002,0.00,0.000,2.5,4.3,1.0,180,28,3.0,5.2,1.1,178,30,2.5,4.3,1.0,180,28,391,28.45,,0,0,0,64.8,65.3,64.2,0.46,0.39,0.41
BROO,2017-08-21 09:05:00 EDT,42.79591,-75.29929,1657,65.1,64.8,65.1,87.2,61.2,0.000,0.002,0.00,0.000,3.0,5.8,1.3,171,18,3.5,6.8,1.4,172,18,3.0,5.8,1.3,171,18,428,28.45,,0,0,0,64.8,65.2,64.2,0.46,0.39,0.41
BROO,2017-08-21 09:10:00 EDT,42.79591,-75.29929,1657,65.6,65.2,65.6,86.1,61.4,0.000,0.002,0.00,0.000,3.3,6.7,1.3,176,19,3.9,8.0,1.5,177,20,3.3,6.7,1.3,176,19,451,28.45,,0,0,0,64.8,65.3,64.2,0.46,0.39,0.41
BROO,2017-08-21 09:15:00 EDT,42.79591,-75.29929,1657,66.0,65.6,66.0,87.3,62.1,0.000,0.002,0.00,0.000,2.9,5.6,1.3,166,22,3.6,6.6,1.5,168,22,2.9,5.6,1.3,166,22,465,28.45,,0,0,0,64.8,65.2,64.2,0.46,0.39,0.41
BROO,2017-08-21 09:20:00 EDT,42.79591,-75.29929,1657,66.2,65.8,66.2,85.2,61.6,0.000,0.002,0.00,0.000,3.0,6.6,1.4,171,18,3.4,7.4,1.5,171,19,3.0,6.6,1.4,171,18,431,28.45,,0,0,0,64.8,65.2,64.2,0.46,0.39,0.41
BROO,2017-08-21 09:25:00 EDT,42.79591,-75.29929,1657,66.2,65.5,66.2,84.1,61.3,0.000,0.002,0.00,0.000,3.8,6.1,1.1,174,14,4.2,6.7,1.2,176,14,3.8,6.1,1.1,174,14,483,28.44,,0,0,0,64.7,65.1,64.2,0.46,0.39,0.41
BROO,2017-08-21 09:30:00 EDT,42.79591,-75.29929,1657,66.5,66.0,66.5,83.9,61.5,0.000,0.002,0.00,0.000,3.4,5.8,1.1,185,29,4.0,6.9,1.2,189,31,3.4,5.8,1.1,185,29,472,28.45,,0,0,0,64.7,65.1,64.2,0.46,0.39,0.41
BROO,2017-08-21 09:35:00 EDT,42.79591,-75.29929,1657,66.2,66.0,66.2,83.0,60.8,0.000,0.002,0.00,0.000,2.5,5.6,1.4,197,20,2.9,6.4,1.6,198,21,2.5,5.6,1.4,197,20,350,28.45,,0,0,0,64.8,65.1,64.2,0.46,0.39,0.41
BROO,2017-08-21 09:40:00 EDT,42.79591,-75.29929,1657,66.6,66.4,66.6,84.0,61.6,0.000,0.002,0.00,0.000,2.5,4.4,1.0,192,21,2.8,5.1,1.0,193,21,2.5,4.4,1.0,192,21,544,28.45,,0,0,0,64.7,65.1,64.2,0.46,0.39,0.41
BROO,2017-08-21 09:45:00 EDT,42.79591,-75.29929,1657,67.7,67.2,67.7,83.3,62.5,0.000,0.002,0.00,0.000,3.0,6.0,1.3,179,19,3.4,7.0,1.4,180,19,3.0,6.0,1.3,179,19,586,28.45,,0,0,0,64.8,65.1,64.2,0.46,0.39,0.41
BROO,2017-08-21 09:50:00 EDT,42.79591,-75.29929,1657,68.7,68.0,68.7,80.6,62.5,0.000,0.002,0.00,0.000,4.3,7.2,1.3,176,17,4.8,7.8,1.5,178,16,4.3,7.2,1.3,176,17,653,28.45,,0,0,0,64.7,65.1,64.2,0.46,0.39,0.41
BROO,2017-08-21 09:55:00 EDT,42.79591,-75.29929,1657,68.5,68.0,68.5,79.4,61.9,0.000,0.002,0.00,0.000,4.0,6.1,1.1,180,13,4.5,6.8,1.2,180,12,4.0,6.1,1.1,180,13,340,28.46,,0,0,0,64.8,65.1,64.2,0.46,0.39,0.41
BROO,2017-08-21 10:00:00 EDT,42.79591,-75.29929,1657,68.8,68.2,68.8,80.7,62.6,0.000,0.002,0.00,0.000,3.4,4.9,0.9,166,22,3.8,5.8,0.9,165,23,3.4,4.9,0.9,166,22,538,28.46,,0,0,0,64.8,65.1,64.2,0.46,0.39,0.41
BROO,2017-08-21 10:05:00 EDT,42.79591,-75.29929,1657,69.8,69.0,69.8,79.8,63.3,0.000,0.002,0.00,0.000,1.9,4.0,1.0,153,21,2.4,4.7,1.0,156,23,1.9,4.0,1.0,153,21,540,28.46,,0,0,0,64.8,65.1,64.2,0.46,0.39,0.41
BROO,2017-08-21 10:10:00 EDT,42.79591,-75.29929,1657,70.0,69.6,70.0,78.4,63.0,0.000,0.002,0.00,0.000,2.6,4.5,0.9,179,25,3.1,5.9,0.9,178,24,2.6,4.5,0.9,179,25,624,28.46,,0,0,0,64.8,65.1,64.2,0.46,0.39,0.41
BROO,2017-08-21 10:15:00 EDT,42.79591,-75.29929,1657,70.7,70.0,70.7,78.9,63.8,0.000,0.002,0.00,0.000,3.4,5.8,1.1,153,15,3.8,6.0,1.3,155,16,3.4,5.8,1.1,153,15,393,28.46,,0,0,0,64.8,65.1,64.2,0.46,0.39,0.41
BROO,2017-08-21 10:20:00 EDT,42.79591,-75.29929,1657,70.3,69.9,70.3,77.4,62.9,0.000,0.002,0.00,0.000,4.4,6.9,1.4,172,14,4.9,9.4,1.6,175,16,4.4,6.9,1.4,172,14,410,28.45,,0,0,0,64.8,65.1,64.2,0.46,0.39,0.41
BROO,2017-08-21 10:25:00 EDT,42.79591,-75.29929,1657,70.3,70.0,70.3,78.0,63.2,0.000,0.002,0.00,0.000,3.6,6.6,0.9,178,17,4.2,6.9,1.0,180,17,3.6,6.6,0.9,178,17,332,28.46,,0,0,0,64.8,65.1,64.2,0.46,0.39,0.41
BROO,2017-08-21 10:30:00 EDT,42.79591,-75.29929,1657,70.6,70.0,70.6,78.9,63.7,0.000,0.002,0.00,0.000,3.0,5.4,1.1,166,14,3.5,6.4,1.2,166,15,3.0,5.4,1.1,166,14,435,28.45,,0,0,0,64.8,65.1,64.2,0.46,0.39,0.41
BROO,2017-08-21 10:35:00 EDT,42.79591,-75.29929,1657,71.3,70.6,71.3,79.2,64.5,0.000,0.002,0.00,0.000,2.7,4.7,0.8,156,18,3.0,5.5,1.0,158,18,2.7,4.7,0.8,156,18,438,28.45,,0,0,0,64.8,65.1,64.2,0.46,0.39,0.41
BROO,2017-08-21 10:40:00 EDT,42.79591,-75.29929,1657,71.2,70.6,71.2,77.5,63.9,0.000,0.002,0.00,0.000,3.5,6.0,1.3,155,17,3.9,6.8,1.2,157,18,3.5,6.0,1.3,155,17,400,28.45,,0,0,0,64.8,65.1,64.2,0.46,0.39,0.41
BROO,2017-08-21 10:45:00 EDT,42.79591,-75.29929,1657,71.7,70.8,71.7,76.4,63.9,0.000,0.002,0.00,0.000,3.7,5.3,0.8,138,12,3.9,6.4,1.0,138,11,3.7,5.3,0.8,138,12,658,28.45,,0,0,0,64.8,65.1,64.2,0.46,0.39,0.41
BROO,2017-08-21 10:50:00 EDT,42.79591,-75.29929,1657,72.5,71.4,72.5,76.4,64.6,0.000,0.002,0.00,0.000,3.2,5.1,0.7,159,20,3.5,6.3,0.8,161,22,3.2,5.1,0.7,159,20,697,28.45,,0,0,0,64.8,65.1,64.2,0.46,0.39,0.41
BROO,2017-08-21 10:55:00 EDT,42.79591,-75.29929,1657,73.3,72.2,73.3,74.3,64.6,0.000,0.002,0.00,0.000,3.7,6.6,1.3,155,15,4.1,6.8,1.2,158,16,3.7,6.6,1.3,155,15,627,28.45,,0,0,0,64.8,65.1,64.2,0.46,0.39,0.41
BROO,2017-08-21 11:00:00 EDT,42.79591,-75.29929,1657,72.9,71.8,72.9,73.5,64.0,0.000,0.002,0.00,0.000,4.4,7.2,1.3,159,17,4.9,8.2,1.5,160,17,4.4,7.2,1.3,159,17,653,28.45,,0,0,0,64.8,65.1,64.2,0.46,0.39,0.41
BROO,2017-08-21 11:05:00 EDT,42.79591,-75.29929,1657,73.5,72.4,73.5,73.7,64.6,0.000,0.002,0.00,0.000,4.3,7.2,1.5,154,18,4.9,8.6,1.7,156,18,4.3,7.2,1.5,154,18,691,28.44,,0,0,0,64.8,65.1,64.2,0.46,0.39,0.41
BROO,2017-08-21 11:10:00 EDT,42.79591,-75.29929,1657,73.2,72.4,73.2,72.6,63.9,0.000,0.002,0.00,0.000,5.3,12.5,2.0,171,17,6.0,15.0,2.0,171,17,5.3,12.5,2.0,171,17,728,28.44,,0,0,0,64.8,65.1,64.2,0.46,0.39,0.41
BROO,2017-08-21 11:15:00 EDT,42.79591,-75.29929,1657,74.1,73.3,74.1,69.4,63.5,0.000,0.002,0.00,0.000,4.1,7.0,1.1,174,20,4.7,7.7,1.3,177,22,4.1,7.0,1.1,174,20,729,28.44,,0,0,0,64.8,65.1,64.2,0.46,0.39,0.41
BROO,2017-08-21 11:20:00 EDT,42.79591,-75.29929,1657,74.6,73.6,74.6,68.8,63.7,0.000,0.002,0.00,0.000,3.8,7.2,1.2,182,19,4.4,7.7,1.2,184,19,3.8,7.2,1.2,182,19,703,28.44,,0,0,0,64.8,65.1,64.2,0.46,0.39,0.41
BROO,2017-08-21 11:25:00 EDT,42.79591,-75.29929,1657,74.8,73.9,74.8,68.3,63.6,0.000,0.002,0.00,0.000,4.7,8.3,1.5,175,19,5.4,9.2,1.6,175,20,4.7,8.3,1.5,175,19,738,28.44,,0,0,0,64.8,65.1,64.2,0.46,0.39,0.41
BROO,2017-08-21 11:30:00 EDT,42.79591,-75.29929,1657,74.6,73.6,74.6,68.0,63.4,0.000,0.002,0.00,0.000,4.4,7.7,1.4,205,25,5.1,9.2,1.5,207,24,4.4,7.7,1.4,205,25,736,28.43,,0,0,0,64.8,65.1,64.2,0.46,0.39,0.41
BROO,2017-08-21 11:35:00 EDT,42.79591,-75.29929,1657,74.8,73.8,74.8,69.2,64.1,0.000,0.002,0.00,0.000,4.4,8.8,1.4,180,23,5.0,9.7,1.5,183,22,4.4,8.8,1.4,180,23,737,28.43,,0,0,0,64.8,65.1,64.2,0.46,0.39,0.41
BROO,2017-08-21 11:40:00 EDT,42.79591,-75.29929,1657,74.8,73.9,74.8,70.4,64.5,0.000,0.002,0.00,0.000,4.2,8.0,2.0,205,33,5.0,9.3,1.9,206,30,4.2,8.0,2.0,205,33,715,28.43,,0,0,0,64.8,65.1,64.2,0.46,0.39,0.41
BROO,2017-08-21 11:45:00 EDT,42.79591,-75.29929,1657,75.1,74.2,75.1,68.8,64.1,0.000,0.002,0.00,0.000,5.3,8.4,1.5,177,22,6.0,9.8,1.7,178,22,5.3,8.4,1.5,177,22,786,28.43,,0,0,0,64.8,65.1,64.2,0.46,0.39,0.41
BROO,2017-08-21 11:50:00 EDT,42.79591,-75.29929,1657,75.6,74.4,75.6,69.1,64.8,0.000,0.002,0.00,0.000,5.2,10.4,2.3,164,23,5.8,11.8,2.3,167,22,5.2,10.4,2.3,164,23,771,28.42,,0,0,0,65.1,65.1,64.2,0.46,0.39,0.41
BROO,2017-08-21 11:55:00 EDT,42.79591,-75.29929,1657,76.2,75.1,76.2,67.2,64.5,0.000,0.002,0.00,0.000,5.5,10.6,2.4,173,25,6.3,11.5,2.4,176,24,5.5,10.6,2.4,173,25,799,28.43,,0,0,0,65.1,65.1,64.2,0.46,0.39,0.41
BROO,2017-08-21 12:00:00 EDT,42.79591,-75.29929,1657,75.8,74.8,75.8,65.1,63.2,0.000,0.002,0.00,0.000,7.4,13.3,2.3,171,18,8.1,15.3,2.7,174,14,7.4,13.3,2.3,171,18,817,28.43,,0,0,0,65.1,65.1,64.2,0.46,0.39,0.41
BROO,2017-08-21 12:05:00 EDT,42.79591,-75.29929,1657,75.7,74.7,75.7,64.4,62.8,0.000,0.002,0.00,0.000,8.8,15.3,2.7,170,16,10.0,19.2,3.2,173,17,8.8,15.3,2.7,170,16,860,28.43,,0,0,0,65.1,65.1,64.2,0.46,0.39,0.41
BROO,2017-08-21 12:10:00 EDT,42.79591,-75.29929,1657,75.3,74.6,75.3,64.7,62.6,0.000,0.002,0.00,0.000,6.7,14.2,2.5,167,19,7.7,15.5,2.7,170,17,6.7,14.2,2.5,167,19,408,28.43,,0,0,0,65.1,65.1,64.2,0.46,0.39,0.41
BROO,2017-08-21 12:15:00 EDT,42.79591,-75.29929,1657,74.4,74.0,74.4,65.8,62.2,0.000,0.002,0.00,0.000,5.4,10.3,1.8,202,28,6.0,12.5,2.1,204,29,5.4,10.3,1.8,202,28,421,28.43,,0,0,0,65.1,65.1,64.2,0.46,0.39,0.41
BROO,2017-08-21 12:20:00 EDT,42.79591,-75.29929,1657,74.4,74.0,74.4,65.5,62.1,0.000,0.002,0.00,0.000,5.0,8.4,1.4,211,27,5.8,10.5,1.6,213,24,5.0,8.4,1.4,211,27,389,28.43,,0,0,0,65.1,65.1,64.2,0.46,0.39,0.41
BROO,2017-08-21 12:25:00 EDT,42.79591,-75.29929,1657,74.2,73.9,74.2,66.0,62.1,0.000,0.002,0.00,0.000,4.2,9.2,1.7,203,23,5.1,13.0,2.2,206,24,4.2,9.2,1.7,203,23,401,28.43,,0,0,0,65.1,65.1,64.2,0.46,0.39,0.41
BROO,2017-08-21 12:30:00 EDT,42.79591,-75.29929,1657,74.2,73.8,74.2,65.9,62.1,0.000,0.002,0.00,0.000,4.5,8.7,2.1,197,27,5.5,11.7,2.4,201,26,4.5,8.7,2.1,197,27,390,28.43,,0,0,0,65.1,65.1,64.2,0.46,0.39,0.41
BROO,2017-08-21 12:35:00 EDT,42.79591,-75.29929,1657,74.4,73.9,74.4,66.7,62.6,0.000,0.002,0.00,0.000,3.7,7.7,1.9,202,22,4.3,8.1,1.7,206,21,3.7,7.7,1.9,202,22,517,28.43,,0,0,0,65.1,65.1,64.2,0.46,0.39,0.41
BROO,2017-08-21 12:40:00 EDT,42.79591,-75.29929,1657,74.9,74.3,74.9,67.4,63.4,0.000,0.002,0.00,0.000,4.7,8.2,2.0,235,22,5.5,9.8,2.0,238,22,4.7,8.2,2.0,235,22,592,28.42,,0,0,0,65.1,65.1,64.2,0.46,0.39,0.41
BROO,2017-08-21 12:45:00 EDT,42.79591,-75.29929,1657,74.7,74.3,74.7,63.5,61.5,0.000,0.002,0.00,0.000,7.0,12.6,2.3,232,23,7.7,14.5,2.6,236,23,7.0,12.6,2.3,232,23,385,28.42,,0,0,0,65.1,65.1,64.2,0.46,0.39,0.41
BROO,2017-08-21 12:50:00 EDT,42.79591,-75.29929,1657,74.7,74.3,74.7,63.2,61.3,0.000,0.002,0.00,0.000,5.2,10.5,2.2,219,34,5.9,11.4,2.3,223,35,5.2,10.5,2.2,219,34,513,28.42,,0,0,0,65.1,65.1,64.2,0.46,0.39,0.41
BROO,2017-08-21 12:55:00 EDT,42.79591,-75.29929,1657,75.5,74.9,75.5,61.4,61.3,0.000,0.002,0.00,0.000,5.4,9.0,1.2,237,19,6.0,9.6,1.4,242,20,5.4,9.0,1.2,237,19,734,28.42,,0,0,0,65.2,65.1,64.2,0.46,0.39,0.41
BROO,2017-08-21 13:00:00 EDT,42.79591,-75.29929,1657,76.1,75.4,76.1,59.9,61.2,0.000,0.002,0.00,0.000,5.3,11.0,2.4,235,16,5.9,12.3,2.5,238,15,5.3,11.0,2.4,235,16,731,28.42,,0,0,0,65.5,65.1,64.2,0.46,0.39,0.41
BROO,2017-08-21 13:05:00 EDT,42.79591,-75.29929,1657,75.9,75.3,75.9,58.9,60.5,0.000,0.002,0.00,0.000,7.0,12.1,2.0,243,15,7.7,13.9,2.2,248,16,7.0,12.1,2.0,243,15,627,28.42,,0,0,0,65.5,65.1,64.2,0.46,0.39,0.41
BROO,2017-08-21 13:10:00 EDT,42.79591,-75.29929,1657,75.8,75.2,75.8,64.2,62.9,0.000,0.002,0.00,0.000,4.1,9.9,2.4,220,31,4.5,11.5,2.6,222,33,4.1,9.9,2.4,220,31,665,28.42,,0,0,0,65.5,65.1,64.2,0.46,0.39,0.41
BROO,2017-08-21 13:15:00 EDT,42.79591,-75.29929,1657,76.0,75.1,76.0,63.1,62.6,0.000,0.002,0.00,0.000,4.9,8.5,1.7,174,23,5.6,8.9,1.6,176,23,4.9,8.5,1.7,174,23,741,28.42,,0,0,0,65.5,65.1,64.2,0.46,0.39,0.41
BROO,2017-08-21 13:20:00 EDT,42.79591,-75.29929,1657,76.2,75.4,76.2,62.9,62.6,0.000,0.002,0.00,0.000,3.1,5.4,1.6,173,32,3.8,6.4,1.3,181,40,3.1,5.4,1.6,173,32,764,28.42,,0,0,0,65.5,65.1,64.2,0.46,0.39,0.41
BROO,2017-08-21 13:25:00 EDT,42.79591,-75.29929,1657,76.6,75.8,76.6,63.2,63.2,0.000,0.002,0.00,0.000,4.0,7.1,1.3,175,25,4.6,7.8,1.3,176,25,4.0,7.1,1.3,175,25,605,28.42,,0,0,0,65.5,65.1,64.2,0.46,0.39,0.41
BROO,2017-08-21 13:30:00 EDT,42.79591,-75.29929,1657,77.1,76.2,77.1,61.7,63.0,0.000,0.002,0.00,0.000,4.6,11.0,2.8,182,25,5.5,13.7,3.1,182,24,4.6,11.0,2.8,182,25,791,28.42,,0,0,0,65.8,65.1,64.2,0.46,0.39,0.41
BROO,2017-08-21 13:35:00 EDT,42.79591,-75.29929,1657,77.4,76.5,77.4,58.1,61.5,0.000,0.002,0.00,0.000,7.2,11.4,2.4,246,15,8.0,12.3,2.5,250,16,7.2,11.4,2.4,246,15,775,28.42,,0,0,0,65.8,65.1,64.2,0.46,0.39,0.41
BROO,2017-08-21 13:40:00 EDT,42.79591,-75.29929,1657,77.5,76.7,77.5,56.0,60.6,0.000,0.002,0.00,0.000,6.3,11.0,2.0,228,23,6.9,13.6,2.0,233,22,6.3,11.0,2.0,228,23,706,28.42,,0,0,0,65.8,65.1,64.2,0.46,0.39,0.41
BROO,2017-08-21 13:45:00 EDT,42.79591,-75.29929,1657,77.3,76.6,77.3,57.5,61.1,0.000,0.002,0.00,0.000,5.0,8.5,1.6,237,24,5.5,8.7,1.7,242,24,5.0,8.5,1.6,237,24,698,28.41,,0,0,0,65.8,65.1,64.2,0.46,0.39,0.41
BROO,2017-08-21 13:50:00 EDT,42.79591,-75.29929,1657,77.9,77.1,77.9,58.1,61.9,0.000,0.002,0.00,0.000,3.9,7.3,1.5,197,39,4.7,10.0,1.7,201,40,3.9,7.3,1.5,197,39,602,28.41,,0,0,0,65.8,65.1,64.2,0.46,0.39,0.41
BROO,2017-08-21 13:55:00 EDT,42.79591,-75.29929,1657,77.6,77.2,77.6,55.6,60.5,0.000,0.002,0.00,0.000,3.9,7.5,1.3,218,21,4.2,7.4,1.4,222,20,3.9,7.5,1.3,218,21,554,28.41,,0,0,0,65.8,65.1,64.2,0.46,0.39,0.41
BROO,2017-08-21 14:00:00 EDT,42.79591,-75.29929,1657,77.6,77.1,77.6,55.4,60.3,0.000,0.002,0.00,0.000,4.3,9.1,1.8,188,29,4.8,10.1,2.1,192,29,4.3,9.1,1.8,188,29,505,28.41,,0,0,0,65.8,65.1,64.2,0.46,0.39,0.41
BROO,2017-08-21 14:05:00 EDT,42.79591,-75.29929,1657,77.2,76.9,77.2,55.8,60.2,0.000,0.002,0.00,0.000,4.8,8.7,1.6,215,29,5.4,10.0,1.6,220,29,4.8,8.7,1.6,215,29,453,28.41,,0,0,0,65.8,65.1,64.2,0.46,0.39,0.41
BROO,2017-08-21 14:10:00 EDT,42.79591,-75.29929,1657,77.1,76.7,77.1,56.7,60.5,0.000,0.002,0.00,0.000,3.2,9.1,1.7,194,32,3.9,10.4,1.8,198,34,3.2,9.1,1.7,194,32,404,28.41,,0,0,0,65.8,65.1,64.2,0.46,0.39,0.41
BROO,2017-08-21 14:15:00 EDT,42.79591,-75.29929,1657,76.8,76.6,76.8,57.1,60.4,0.000,0.002,0.00,0.000,6.7,11.7,2.2,231,15,7.5,12.7,2.3,232,15,6.7,11.7,2.2,231,15,365,28.41,,0,0,0,65.8,65.1,64.2,0.46,0.39,0.41
BROO,2017-08-21 14:20:00 EDT,42.79591,-75.29929,1657,76.4,76.4,76.4,57.2,60.2,0.000,0.002,0.00,0.000,7.0,10.7,1.4,231,19,7.5,10.9,1.6,235,18,7.0,10.7,1.4,231,19,321,28.40,,0,0,0,65.8,65.1,64.2,0.46,0.39,0.41
BROO,2017-08-21 14:25:00 EDT,42.79591,-75.29929,1657,76.1,76.1,76.1,59.8,61.1,0.000,0.002,0.00,0.000,5.3,8.7,1.8,233,15,5.8,10.1,2.0,237,13,5.3,8.7,1.8,233,15,280,28.40,,0,0,0,65.8,65.1,64.2,0.46,0.39,0.41
BROO,2017-08-21 14:30:00 EDT,42.79591,-75.29929,1657,76.1,76.0,76.1,59.7,61.1,0.000,0.002,0.00,0.000,3.2,8.9,2.1,196,25,3.8,9.7,2.1,202,26,3.2,8.9,2.1,196,25,243,28.40,,0,0,0,65.8,65.1,64.2,0.46,0.39,0.41
BROO,2017-08-21 14:35:00 EDT,42.79591,-75.29929,1657,75.9,75.8,75.9,59.1,60.5,0.000,0.002,0.00,0.000,3.6,7.5,1.4,213,23,4.2,7.3,1.4,216,23,3.6,7.5,1.4,213,23,218,28.40,,0,0,0,65.9,65.1,64.2,0.46,0.39,0.41
BROO,2017-08-21 14:40:00 EDT,42.79591,-75.29929,1657,75.7,75.6,75.7,60.0,60.8,0.000,0.002,0.00,0.000,3.6,6.9,1.3,216,23,4.0,7.9,1.4,219,24,3.6,6.9,1.3,216,23,204,28.40,,0,0,0,66.0,65.1,64.2,0.46,0.39,0.41
BROO,2017-08-21 14:45:00 EDT,42.79591,-75.29929,1657,75.4,75.4,75.4,61.3,61.2,0.000,0.002,0.00,0.000,2.9,6.5,1.4,218,21,3.3,8.2,1.4,223,22,2.9,6.5,1.4,218,21,204,28.39,,0,0,0,66.0,65.1,64.2,0.46,0.39,0.41
BROO,2017-08-21 14:50:00 EDT,42.79591,-75.29929,1657,75.3,75.3,75.3,62.2,61.5,0.000,0.002,0.00,0.000,3.1,5.3,1.0,221,22,3.4,6.4,1.0,222,23,3.1,5.3,1.0,221,22,198,28.39,,0,0,0,66.0,65.1,64.2,0.46,0.39,0.41
BROO,2017-08-21 14:55:00 EDT,42.79591,-75.29929,1657,75.2,75.2,75.2,62.8,61.6,0.000,0.002,0.00,0.000,2.6,4.5,0.8,223,17,3.0,5.2,0.8,228,18,2.6,4.5,0.8,223,17,168,28.39,,0,0,0,66.0,65.1,64.2,0.46,0.39,0.41
BROO,2017-08-21 15:00:00 EDT,42.79591,-75.29929,1657,75.3,75.3,75.3,64.0,62.3,0.000,0.002,0.00,0.000,3.1,5.5,0.6,225,14,3.1,4.8,0.8,229,13,3.1,5.5,0.6,225,14,273,28.39,,0,0,0,66.0,65.1,64.2,0.46,0.39,0.41
BROO,2017-08-21 15:05:00 EDT,42.79591,-75.29929,1657,75.6,75.4,75.6,64.9,63.0,0.000,0.002,0.00,0.000,2.0,3.3,0.7,217,21,2.3,4.1,0.7,218,21,2.0,3.3,0.7,217,21,301,28.39,,0,0,0,66.0,65.1,64.2,0.46,0.38,0.41
BROO,2017-08-21 15:10:00 EDT,42.79591,-75.29929,1657,75.7,75.5,75.7,66.4,63.7,0.000,0.002,0.00,0.000,2.0,3.5,0.5,178,18,2.4,3.9,0.6,181,19,2.0,3.5,0.5,178,18,294,28.39,,0,0,0,66.0,65.1,64.2,0.46,0.39,0.41
BROO,2017-08-21 15:15:00 EDT,42.79591,-75.29929,1657,76.1,75.8,76.1,65.8,63.8,0.000,0.002,0.00,0.000,2.5,6.7,1.5,208,27,3.1,7.0,1.5,210,28,2.5,6.7,1.5,208,27,421,28.39,,0,0,0,66.0,65.1,64.2,0.46,0.39,0.41
BROO,2017-08-21 15:20:00 EDT,42.79591,-75.29929,1657,76.3,76.0,76.3,63.8,63.2,0.000,0.002,0.00,0.000,3.8,6.1,1.4,208,27,4.5,7.2,1.4,210,26,3.8,6.1,1.4,208,27,272,28.39,,0,0,0,66.0,65.1,64.2,0.46,0.39,0.41
BROO,2017-08-21 15:25:00 EDT,42.79591,-75.29929,1657,76.2,75.9,76.2,64.6,63.4,0.000,0.002,0.00,0.000,4.9,8.8,1.4,209,22,5.2,8.5,1.4,212,26,4.9,8.8,1.4,209,22,442,28.39,,0,0,0,66.1,65.1,64.2,0.46,0.39,0.41
BROO,2017-08-21 15:30:00 EDT,42.79591,-75.29929,1657,76.8,76.3,76.8,63.4,63.4,0.000,0.002,0.00,0.000,3.9,10.0,1.9,195,27,4.5,11.0,2.0,199,26,3.9,10.0,1.9,195,27,499,28.39,,0,0,0,66.3,65.1,64.2,0.46,0.38,0.41
BROO,2017-08-21 15:35:00 EDT,42.79591,-75.29929,1657,77.2,76.5,77.2,62.5,63.4,0.000,0.002,0.00,0.000,3.7,8.1,1.6,184,22,4.3,9.2,1.8,185,20,3.7,8.1,1.6,184,22,512,28.39,,0,0,0,66.4,65.1,64.2,0.46,0.39,0.41
BROO,2017-08-21 15:40:00 EDT,42.79591,-75.29929,1657,76.9,76.5,76.9,61.6,62.7,0.000,0.002,0.00,0.000,4.1,7.4,1.7,200,23,4.7,8.1,1.6,200,23,4.1,7.4,1.7,200,23,535,28.39,,0,0,0,66.4,65.1,64.2,0.46,0.39,0.41
BROO,2017-08-21 15:45:00 EDT,42.79591,-75.29929,1657,77.1,76.5,77.1,63.0,63.6,0.000,0.002,0.00,0.000,4.9,8.4,1.2,234,12,5.7,9.3,1.5,238,12,4.9,8.4,1.2,234,12,550,28.39,,0,0,0,66.4,65.1,64.2,0.46,0.38,0.41
BROO,2017-08-21 15:50:00 EDT,42.79591,-75.29929,1657,77.5,76.9,77.5,62.3,63.6,0.000,0.002,0.00,0.000,4.5,10.0,2.4,193,27,5.3,11.9,2.7,195,26,4.5,10.0,2.4,193,27,562,28.39,,0,0,0,66.4,65.1,64.2,0.46,0.38,0.41
BROO,2017-08-21 15:55:00 EDT,42.79591,-75.29929,1657,77.5,76.9,77.5,60.4,62.7,0.000,0.002,0.00,0.000,4.4,10.8,2.4,200,23,5.1,12.6,2.4,202,22,4.4,10.8,2.4,200,23,565,28.39,,0,0,0,66.4,65.1,64.2,0.46,0.38,0.41
BROO,2017-08-21 16:00:00 EDT,42.79591,-75.29929,1657,77.8,77.3,77.8,61.5,63.6,0.000,0.002,0.00,0.000,3.5,6.1,1.3,206,29,4.4,9.5,1.4,206,28,3.5,6.1,1.3,206,29,554,28.38,,0,0,0,66.4,65.1,64.2,0.46,0.39,0.41
BROO,2017-08-21 16:05:00 EDT,42.79591,-75.29929,1657,77.8,77.3,77.8,59.0,62.3,0.000,0.002,0.00,0.000,6.1,11.9,2.1,229,16,6.6,12.7,2.1,232,17,6.1,11.9,2.1,229,16,548,28.38,,0,0,0,66.4,65.1,64.2,0.46,0.38,0.41
BROO,2017-08-21 16:10:00 EDT,42.79591,-75.29929,1657,77.7,77.3,77.7,57.9,61.7,0.000,0.002,0.00,0.000,8.0,13.3,2.4,235,12,8.4,14.3,2.5,240,13,8.0,13.3,2.4,235,12,533,28.38,,0,0,0,66.4,65.1,64.2,0.46,0.38,0.41
BROO,2017-08-21 16:15:00 EDT,42.79591,-75.29929,1657,78.1,77.6,78.1,60.1,63.2,0.000,0.002,0.00,0.000,4.9,9.3,1.9,224,29,5.7,10.9,2.1,229,27,4.9,9.3,1.9,224,29,515,28.38,,0,0,0,66.4,65.1,64.2,0.46,0.38,0.41
BROO,2017-08-21 16:20:00 EDT,42.79591,-75.29929,1657,77.8,77.4,77.8,56.8,61.2,0.000,0.002,0.00,0.000,4.9,9.4,1.9,210,22,5.6,10.1,1.8,213,22,4.9,9.4,1.9,210,22,498,28.38,,0,0,0,66.4,65.1,64.2,0.46,0.38,0.41
BROO,2017-08-21 16:25:00 EDT,42.79591,-75.29929,1657,77.8,77.4,77.8,58.1,61.9,0.000,0.002,0.00,0.000,3.4,8.8,2.0,206,33,4.3,10.5,2.2,212,33,3.4,8.8,2.0,206,33,476,28.38,,0,0,0,66.4,65.1,64.2,0.46,0.38,0.41
BROO,2017-08-21 16:30:00 EDT,42.79591,-75.29929,1657,78.0,77.6,78.0,57.7,61.9,0.000,0.002,0.00,0.000,4.1,9.4,1.8,213,25,4.8,9.2,1.8,216,24,4.1,9.4,1.8,213,25,492,28.38,,0,0,0,66.4,65.1,64.2,0.46,0.38,0.41
BROO,2017-08-21 16:35:00 EDT,42.79591,-75.29929,1657,77.8,77.4,77.8,56.0,60.9,0.000,0.002,0.00,0.000,5.8,9.5,1.6,224,17,6.4,10.6,1.8,229,17,5.8,9.5,1.6,224,17,388,28.38,,0,0,0,66.4,65.1,64.2,0.46,0.38,0.41
BROO,2017-08-21 16:40:00 EDT,42.79591,-75.29929,1657,77.2,77.0,77.2,58.6,61.5,0.000,0.002,0.00,0.000,3.6,7.3,1.2,223,21,3.9,7.3,1.2,226,22,3.6,7.3,1.2,223,21,335,28.38,,0,0,0,66.5,65.1,64.2,0.46,0.38,0.41
BROO,2017-08-21 16:45:00 EDT,42.79591,-75.29929,1657,77.8,77.4,77.8,60.2,62.9,0.000,0.002,0.00,0.000,3.5,7.6,1.8,204,28,4.2,10.3,1.8,207,28,3.5,7.6,1.8,204,28,479,28.37,,0,0,0,66.7,65.1,64.2,0.46,0.38,0.41
BROO,2017-08-21 16:50:00 EDT,42.79591,-75.29929,1657,77.8,77.5,77.8,57.7,61.7,0.000,0.002,0.00,0.000,7.1,11.6,2.1,222,19,7.8,14.1,2.2,225,20,7.1,11.6,2.1,222,19,443,28.37,,0,0,0,66.7,65.1,64.2,0.46,0.38,0.41
BROO,2017-08-21 16:55:00 EDT,42.79591,-75.29929,1657,77.7,77.3,77.7,58.6,62.0,0.000,0.002,0.00,0.000,7.2,12.7,1.8,233,19,7.8,15.0,2.1,237,18,7.2,12.7,1.8,233,19,425,28.38,,0,0,0,66.7,65.1,64.2,0.46,0.38,0.41
BROO,2017-08-21 17:00:00 EDT,42.79591,-75.29929,1657,77.6,77.3,77.6,59.9,62.6,0.000,0.002,0.00,0.000,6.2,10.6,2.0,231,25,6.8,12.5,2.2,234,24,6.2,10.6,2.0,231,25,411,28.38,,0,0,0,66.7,65.1,64.2,0.46,0.38,0.41
BROO,2017-08-21 17:05:00 EDT,42.79591,-75.29929,1657,77.7,77.4,77.7,60.0,62.7,0.000,0.002,0.00,0.000,5.0,9.0,1.8,221,20,5.6,10.4,2.1,224,20,5.0,9.0,1.8,221,20,398,28.38,,0,0,0,66.7,65.1,64.2,0.46,0.38,0.41
BROO,2017-08-21 17:10:00 EDT,42.79591,-75.29929,1657,77.7,77.4,77.7,60.0,62.7,0.000,0.002,0.00,0.000,5.7,10.7,2.1,228,22,6.5,13.1,2.2,232,22,5.7,10.7,2.1,228,22,377,28.38,,0,0,0,66.7,65.1,64.2,0.46,0.38,0.41
BROO,2017-08-21 17:15:00 EDT,42.79591,-75.29929,1657,77.6,77.3,77.6,61.0,63.0,0.000,0.002,0.00,0.000,6.1,9.8,1.5,227,21,6.6,11.2,1.7,234,19,6.1,9.8,1.5,227,21,363,28.38,,0,0,0,66.7,65.1,64.2,0.46,0.38,0.41
BROO,2017-08-21 17:20:00 EDT,42.79591,-75.29929,1657,77.5,77.2,77.5,62.1,63.5,0.000,0.002,0.00,0.000,7.3,12.2,1.7,236,16,7.6,12.9,1.8,239,17,7.3,12.2,1.7,236,16,361,28.38,,0,0,0,66.7,65.1,64.2,0.46,0.38,0.41
BROO,2017-08-21 17:25:00 EDT,42.79591,-75.29929,1657,77.1,77.0,77.1,62.6,63.4,0.000,0.002,0.00,0.000,7.9,11.5,1.5,231,18,8.6,13.7,1.7,235,18,7.9,11.5,1.5,231,18,317,28.38,,0,0,0,66.7,65.1,64.2,0.46,0.38,0.41
BROO,2017-08-21 17:30:00 EDT,42.79591,-75.29929,1657,77.4,77.1,77.4,63.6,64.1,0.000,0.002,0.00,0.000,5.4,8.6,1.4,225,19,6.0,9.7,1.5,227,18,5.4,8.6,1.4,225,19,392,28.37,,0,0,0,66.7,65.1,64.2,0.46,0.38,0.41
BROO,2017-08-21 17:35:00 EDT,42.79591,-75.29929,1657,77.6,77.3,77.6,64.3,64.6,0.000,0.002,0.00,0.000,4.2,9.8,2.5,234,28,5.0,10.6,2.4,237,29,4.2,9.8,2.5,234,28,330,28.37,,0,0,0,66.7,65.1,64.2,0.46,0.38,0.41
BROO,2017-08-21 17:40:00 EDT,42.79591,-75.29929,1657,77.6,77.3,77.6,63.8,64.4,0.000,0.002,0.00,0.000,4.3,7.4,1.7,216,24,5.2,9.8,1.6,220,25,4.3,7.4,1.7,216,24,319,28.37,,0,0,0,66.8,65.1,64.2,0.46,0.38,0.41
BROO,2017-08-21 17:45:00 EDT,42.79591,-75.29929,1657,77.4,77.2,77.4,64.4,64.5,0.000,0.002,0.00,0.000,3.8,7.4,1.2,221,26,4.4,8.2,1.3,225,25,3.8,7.4,1.2,221,26,305,28.37,,0,0,0,66.9,65.1,64.2,0.46,0.38,0.41
BROO,2017-08-21 17:50:00 EDT,42.79591,-75.29929,1657,77.3,77.1,77.3,65.2,64.7,0.000,0.002,0.00,0.000,3.4,8.0,1.6,214,24,3.9,7.6,1.6,216,26,3.4,8.0,1.6,214,24,280,28.37,,0,0,0,67.1,65.1,64.2,0.46,0.38,0.41
BROO,2017-08-21 17:55:00 EDT,42.79591,-75.29929,1657,77.2,77.0,77.2,65.8,64.9,0.000,0.002,0.00,0.000,4.3,7.9,1.7,222,24,4.9,9.5,1.6,226,25,4.3,7.9,1.7,222,24,261,28.36,,0,0,0,67.1,65.1,64.2,0.46,0.38,0.41
BROO,2017-08-21 18:00:00 EDT,42.79591,-75.29929,1657,77.1,76.9,77.1,66.6,65.1,0.000,0.002,0.00,0.000,3.8,7.7,1.9,229,19,4.2,8.6,2.0,234,19,3.8,7.7,1.9,229,19,246,28.36,,0,0,0,67.1,65.1,64.2,0.46,0.38,0.41
BROO,2017-08-21 18:05:00 EDT,42.79591,-75.29929,1657,77.0,76.9,77.0,66.8,65.2,0.000,0.002,0.00,0.000,4.0,7.7,1.5,217,23,4.4,9.4,1.6,220,21,4.0,7.7,1.5,217,23,234,28.36,,0,0,0,67.1,65.1,64.2,0.46,0.38,0.41
BROO,2017-08-21 18:10:00 EDT,42.79591,-75.29929,1657,77.0,76.8,77.0,66.9,65.1,0.000,0.002,0.00,0.000,3.9,7.5,1.0,227,20,4.3,8.8,1.4,230,21,3.9,7.5,1.0,227,20,217,28.36,,0,0,0,67.1,65.1,64.2,0.46,0.38,0.41
BROO,2017-08-21 18:15:00 EDT,42.79591,-75.29929,1657,76.9,76.9,76.9,66.9,65.1,0.000,0.002,0.00,0.000,5.1,10.4,1.6,224,21,5.8,12.8,1.8,229,20,5.1,10.4,1.6,224,21,202,28.36,,0,0,0,67.1,65.1,64.2,0.46,0.38,0.41
BROO,2017-08-21 18:20:00 EDT,42.79591,-75.29929,1657,76.8,76.8,76.8,66.9,65.0,0.000,0.002,0.00,0.000,4.9,8.8,1.6,216,24,5.5,10.0,1.7,219,21,4.9,8.8,1.6,216,24,187,28.36,,0,0,0,67.1,65.1,64.2,0.46,0.38,0.41
BROO,2017-08-21 18:25:00 EDT,42.79591,-75.29929,1657,76.7,76.7,76.7,67.7,65.2,0.000,0.002,0.00,0.000,5.0,8.1,1.4,233,17,5.4,8.9,1.6,239,18,5.0,8.1,1.4,233,17,173,28.36,,0,0,0,67.1,65.1,64.2,0.46,0.38,0.41
BROO,2017-08-21 18:30:00 EDT,42.79591,-75.29929,1657,76.7,76.7,76.7,68.0,65.3,0.000,0.002,0.00,0.000,4.8,8.1,1.6,235,12,5.2,8.7,1.7,239,14,4.8,8.1,1.6,235,12,162,28.36,,0,0,0,67.1,65.1,64.2,0.46,0.38,0.41
BROO,2017-08-21 18:35:00 EDT,42.79591,-75.29929,1657,76.5,76.6,76.5,68.9,65.5,0.000,0.002,0.00,0.000,4.1,7.2,1.1,237,12,4.6,8.2,1.2,241,13,4.1,7.2,1.1,237,12,148,28.36,,0,0,0,67.1,65.1,64.2,0.46,0.38,0.41
BROO,2017-08-21 18:40:00 EDT,42.79591,-75.29929,1657,76.4,76.5,76.4,69.3,65.6,0.000,0.002,0.00,0.000,3.9,6.7,1.4,232,16,4.3,7.7,1.4,234,15,3.9,6.7,1.4,232,16,137,28.36,,0,0,0,67.1,65.1,64.2,0.46,0.38,0.41
BROO,2017-08-21 18:45:00 EDT,42.79591,-75.29929,1657,76.4,76.5,76.4,69.2,65.6,0.000,0.002,0.00,0.000,3.9,7.5,1.4,225,19,4.4,9.1,1.5,230,21,3.9,7.5,1.4,225,19,127,28.36,,0,0,0,67.1,65.1,64.2,0.46,0.38,0.41
BROO,2017-08-21 18:50:00 EDT,42.79591,-75.29929,1657,76.3,76.3,76.3,69.4,65.5,0.000,0.002,0.00,0.000,4.1,7.7,1.1,229,18,4.4,8.9,1.2,233,19,4.1,7.7,1.1,229,18,118,28.36,,0,0,0,67.1,65.1,64.2,0.46,0.38,0.41
BROO,2017-08-21 18:55:00 EDT,42.79591,-75.29929,1657,76.0,76.2,76.0,70.2,65.6,0.000,0.002,0.00,0.000,3.1,5.0,1.0,226,23,3.5,6.1,1.2,230,23,3.1,5.0,1.0,226,23,103,28.36,,0,0,0,67.1,65.1,64.2,0.46,0.38,0.41
BROO,2017-08-21 19:00:00 EDT,42.79591,-75.29929,1657,75.9,76.1,75.9,70.3,65.5,0.000,0.002,0.00,0.000,3.9,6.1,0.8,236,13,4.5,8.2,1.1,240,13,3.9,6.1,0.8,236,13,90,28.36,,0,0,0,67.1,65.1,64.2,0.46,0.38,0.41
BROO,2017-08-21 19:05:00 EDT,42.79591,-75.29929,1657,75.8,76.1,75.8,70.6,65.6,0.000,0.002,0.00,0.000,5.4,7.5,0.9,238,11,5.8,8.1,1.1,241,10,5.4,7.5,0.9,238,11,77,28.36,,0,0,0,67.1,65.1,64.2,0.46,0.38,0.41
BROO,2017-08-21 19:10:00 EDT,42.79591,-75.29929,1657,75.6,75.8,75.6,71.0,65.6,0.000,0.002,0.00,0.000,4.4,6.1,0.8,236,14,4.9,6.9,0.8,241,13,4.4,6.1,0.8,236,14,61,28.36,,0,0,0,67.1,65.1,64.2,0.46,0.38,0.41
BROO,2017-08-21 19:15:00 EDT,42.79591,-75.29929,1657,75.4,75.7,75.4,71.6,65.6,0.000,0.002,0.00,0.000,4.0,7.1,1.0,230,17,4.5,7.4,1.1,234,17,4.0,7.1,1.0,230,17,50,28.36,,0,0,0,67.1,65.1,64.1,0.46,0.38,0.41
BROO,2017-08-21 19:20:00 EDT,42.79591,-75.29929,1657,75.3,75.5,75.3,72.0,65.6,0.000,0.002,0.00,0.000,3.5,6.0,0.9,232,15,3.8,7.1,1.1,235,13,3.5,6.0,0.9,232,15,34,28.36,,0,0,0,67.1,65.1,64.2,0.46,0.38,0.41
BROO,2017-08-21 19:25:00 EDT,42.79591,-75.29929,1657,74.9,75.3,74.9,72.9,65.6,0.000,0.002,0.00,0.000,3.3,5.9,0.9,229,18,3.7,6.5,1.1,233,17,3.3,5.9,0.9,229,18,29,28.36,,0,0,0,67.1,65.1,64.2,0.46,0.38,0.41
BROO,2017-08-21 19:30:00 EDT,42.79591,-75.29929,1657,74.9,75.2,74.9,72.9,65.6,0.000,0.002,0.00,0.000,3.4,5.8,1.1,231,16,3.7,7.4,1.2,236,17,3.4,5.8,1.1,231,16,29,28.36,,0,0,0,67.2,65.1,64.2,0.46,0.38,0.41
BROO,2017-08-21 19:35:00 EDT,42.79591,-75.29929,1657,74.6,75.0,74.6,73.6,65.6,0.000,0.002,0.00,0.000,3.3,5.2,0.8,235,15,3.5,6.5,1.0,237,15,3.3,5.2,0.8,235,15,22,28.36,,0,0,0,67.3,65.1,64.2,0.46,0.38,0.41
BROO,2017-08-21 19:40:00 EDT,42.79591,-75.29929,1657,74.2,74.9,74.2,74.8,65.7,0.000,0.002,0.00,0.000,3.1,4.7,0.7,234,14,3.4,5.2,0.8,239,15,3.1,4.7,0.7,234,14,14,28.36,,0,0,0,67.4,65.1,64.2,0.46,0.38,0.41
BROO,2017-08-21 19:45:00 EDT,42.79591,-75.29929,1657,74.1,74.6,74.1,75.7,65.9,0.000,0.002,0.00,0.000,2.4,4.2,0.8,240,16,2.6,5.0,0.9,243,17,2.4,4.2,0.8,240,16,10,28.36,,0,0,0,67.4,65.1,64.2,0.46,0.38,0.41
BROO,2017-08-21 19:50:00 EDT,42.79591,-75.29929,1657,74.3,74.6,74.3,75.7,66.1,0.000,0.002,0.00,0.000,3.0,6.1,1.0,218,23,3.2,6.7,1.2,221,22,3.0,6.1,1.0,218,23,6,28.36,,0,0,0,67.4,65.1,64.2,0.46,0.38,0.41
BROO,2017-08-21 19:55:00 EDT,42.79591,-75.29929,1657,74.1,74.5,74.1,75.6,65.9,0.000,0.002,0.00,0.000,4.2,6.4,1.2,230,21,4.4,6.7,1.2,233,23,4.2,6.4,1.2,230,21,3,28.36,,0,0,0,67.5,65.1,64.2,0.46,0.38,0.41
BROO,2017-08-21 20:00:00 EDT,42.79591,-75.29929,1657,73.6,74.1,73.6,76.9,65.9,0.000,0.002,0.00,0.000,3.7,6.3,0.9,230,19,4.2,6.5,1.1,233,20,3.7,6.3,0.9,230,19,1,28.36,,0,0,0,67.5,65.1,64.2,0.46,0.38,0.41
BROO,2017-08-21 20:05:00 EDT,42.79591,-75.29929,1657,73.4,73.9,73.4,77.2,65.8,0.000,0.002,0.00,0.000,2.3,5.6,1.0,221,20,2.6,5.4,0.9,226,22,2.3,5.6,1.0,221,20,1,28.36,,0,0,0,67.5,65.1,64.2,0.46,0.38,0.41
BROO,2017-08-21 20:10:00 EDT,42.79591,-75.29929,1657,73.2,73.5,73.2,77.9,65.9,0.000,0.002,0.00,0.000,1.3,2.5,0.5,205,21,1.7,3.3,0.5,207,21,1.3,2.5,0.5,205,21,0,28.36,,0,0,0,67.5,65.1,64.2,0.46,0.38,0.41
BROO,2017-08-21 20:15:00 EDT,42.79591,-75.29929,1657,72.6,73.0,72.6,79.5,66.0,0.000,0.002,0.00,0.000,1.5,4.8,1.0,180,22,2.1,6.3,1.1,184,21,1.5,4.8,1.0,180,22,0,28.36,,0,0,0,67.5,65.1,64.1,0.46,0.38,0.41
BROO,2017-08-21 20:20:00 EDT,42.79591,-75.29929,1657,72.2,72.5,72.2,80.8,66.0,0.000,0.002,0.00,0.000,2.0,4.5,0.9,224,26,2.5,5.1,1.0,228,29,2.0,4.5,0.9,224,26,0,28.36,,0,0,0,67.5,65.1,64.2,0.46,0.38,0.41
BROO,2017-08-21 20:25:00 EDT,42.79591,-75.29929,1657,71.6,71.9,71.6,82.4,66.0,0.000,0.002,0.00,0.000,3.1,5.8,1.3,197,24,3.5,6.6,1.3,198,24,3.1,5.8,1.3,197,24,0,28.36,,0,0,0,67.5,65.1,64.2,0.46,0.38,0.41
BROO,2017-08-21 20:30:00 EDT,42.79591,-75.29929,1657,70.9,71.3,70.9,85.0,66.1,0.000,0.002,0.00,0.000,3.5,5.6,1.1,230,18,3.9,6.8,1.2,234,17,3.5,5.6,1.1,230,18,0,28.36,,0,0,0,67.5,65.1,64.2,0.46,0.38,0.41
BROO,2017-08-21 20:35:00 EDT,42.79591,-75.29929,1657,70.4,70.8,70.4,86.4,66.2,0.000,0.002,0.00,0.000,1.7,3.8,0.9,220,22,2.2,4.4,0.8,224,25,1.7,3.8,0.9,220,22,0,28.36,,0,0,0,67.5,65.1,64.1,0.46,0.38,0.41
BROO,2017-08-21 20:40:00 EDT,42.79591,-75.29929,1657,70.0,70.2,70.0,88.1,66.3,0.000,0.002,0.00,0.000,2.7,6.9,1.1,178,25,3.1,6.9,1.2,183,27,2.7,6.9,1.1,178,25,0,28.36,,0,0,0,67.5,65.1,64.2,0.46,0.38,0.40
BROO,2017-08-21 20:45:00 EDT,42.79591,-75.29929,1657,69.9,70.0,69.9,88.9,66.4,0.000,0.002,0.00,0.000,4.0,8.8,2.0,240,20,4.6,10.5,1.9,243,23,4.0,8.8,2.0,240,20,0,28.36,,0,0,0,67.5,65.1,64.2,0.46,0.38,0.40
BROO,2017-08-21 20:50:00 EDT,42.79591,-75.29929,1657,69.7,70.0,69.7,88.4,66.1,0.000,0.002,0.00,0.000,3.0,5.8,1.6,223,21,3.3,6.5,1.6,229,21,3.0,5.8,1.6,223,21,0,28.36,,0,0,0,67.5,65.1,64.2,0.46,0.38,0.40
BROO,2017-08-21 20:55:00 EDT,42.79591,-75.29929,1657,69.4,70.0,69.4,88.4,65.8,0.000,0.002,0.00,0.000,2.9,4.6,0.8,233,16,3.1,4.9,0.8,235,17,2.9,4.6,0.8,233,16,0,28.36,,0,0,0,67.5,65.1,64.2,0.46,0.38,0.38
BROO,2017-08-21 21:00:00 EDT,42.79591,-75.29929,1657,69.3,69.8,69.3,88.9,65.9,0.000,0.002,0.00,0.000,1.2,2.9,0.9,216,22,1.6,3.7,0.9,213,25,1.2,2.9,0.9,216,22,0,28.36,,0,0,0,67.5,65.1,64.2,0.46,0.38,0.38
BROO,2017-08-21 21:05:00 EDT,42.79591,-75.29929,1657,69.1,69.5,69.1,89.2,65.8,0.000,0.002,0.00,0.000,1.9,4.5,1.0,178,18,2.4,4.9,1.0,183,20,1.9,4.5,1.0,178,18,0,28.36,,0,0,0,67.5,65.1,64.2,0.46,0.38,0.38
BROO,2017-08-21 21:10:00 EDT,42.79591,-75.29929,1657,68.8,69.0,68.8,90.0,65.8,0.000,0.002,0.00,0.000,2.1,3.7,0.7,214,25,2.4,5.1,0.8,216,26,2.1,3.7,0.7,214,25,0,28.36,,0,0,0,67.5,65.1,64.2,0.46,0.38,0.38
BROO,2017-08-21 21:15:00 EDT,42.79591,-75.29929,1657,68.3,68.5,68.3,90.1,65.3,0.000,0.002,0.00,0.000,1.1,2.0,0.3,241,27,1.4,2.4,0.3,243,30,1.1,2.0,0.3,241,27,0,28.36,,0,0,0,67.5,65.1,64.2,0.46,0.38,0.38
BROO,2017-08-21 21:20:00 EDT,42.79591,-75.29929,1657,68.0,68.4,68.0,90.3,65.1,0.000,0.002,0.00,0.000,1.7,2.9,0.6,171,14,2.1,3.5,0.7,174,16,1.7,2.9,0.6,171,14,0,28.36,,0,0,0,67.5,65.2,64.2,0.46,0.38,0.38
BROO,2017-08-21 21:25:00 EDT,42.79591,-75.29929,1657,67.8,68.2,67.8,90.9,65.0,0.000,0.002,0.00,0.000,2.2,3.4,0.5,172,11,2.6,3.9,0.6,174,13,2.2,3.4,0.5,172,11,0,28.36,,0,0,0,67.5,65.2,64.2,0.46,0.38,0.38
BROO,2017-08-21 21:30:00 EDT,42.79591,-75.29929,1657,67.9,68.3,67.9,90.4,65.0,0.000,0.002,0.00,0.000,2.1,3.7,0.8,179,14,2.6,4.7,0.9,182,14,2.1,3.7,0.8,179,14,0,28.36,,0,0,0,67.5,65.1,64.2,0.46,0.38,0.38
BROO,2017-08-21 21:35:00 EDT,42.79591,-75.29929,1657,68.0,68.4,68.0,89.0,64.6,0.000,0.002,0.00,0.000,2.7,4.2,0.7,174,11,3.1,4.9,0.9,176,13,2.7,4.2,0.7,174,11,0,28.36,,0,0,0,67.5,65.2,64.2,0.46,0.38,0.38
BROO,2017-08-21 21:40:00 EDT,42.79591,-75.29929,1657,67.4,67.9,67.4,89.6,64.2,0.000,0.002,0.00,0.000,2.2,3.5,0.6,170,13,2.7,4.5,0.7,172,14,2.2,3.5,0.6,170,13,0,28.36,,0,0,0,67.5,65.2,64.2,0.46,0.38,0.38
BROO,2017-08-21 21:45:00 EDT,42.79591,-75.29929,1657,67.1,67.5,67.1,89.6,63.9,0.000,0.002,0.00,0.000,2.0,2.9,0.4,161,16,2.3,3.5,0.5,164,17,2.0,2.9,0.4,161,16,0,28.36,,0,0,0,67.5,65.2,64.2,0.46,0.38,0.37
BROO,2017-08-21 21:50:00 EDT,42.79591,-75.29929,1657,66.8,67.2,66.8,88.4,63.3,0.000,0.002,0.00,0.000,2.5,4.9,1.0,149,19,3.0,6.4,1.2,151,19,2.5,4.9,1.0,149,19,0,28.36,,0,0,0,67.5,65.3,64.2,0.46,0.38,0.37
BROO,2017-08-21 21:55:00 EDT,42.79591,-75.29929,1657,67.0,67.2,67.0,86.7,62.9,0.000,0.002,0.00,0.000,2.3,4.5,0.7,175,15,2.6,4.9,0.8,178,14,2.3,4.5,0.7,175,15,0,28.36,,0,0,0,67.5,65.4,64.2,0.46,0.38,0.38
BROO,2017-08-21 22:00:00 EDT,42.79591,-75.29929,1657,66.6,66.9,66.6,87.1,62.6,0.000,0.002,0.00,0.000,1.5,3.9,0.9,190,27,2.0,5.4,1.0,187,28,1.5,3.9,0.9,190,27,0,28.37,,0,0,0,67.5,65.4,64.2,0.46,0.38,0.37
BROO,2017-08-21 22:05:00 EDT,42.79591,-75.29929,1657,66.5,66.8,66.5,87.6,62.7,0.000,0.002,0.00,0.000,0.8,3.1,0.7,215,34,1.4,4.0,0.8,222,36,0.8,3.1,0.7,215,34,0,28.37,,0,0,0,67.5,65.4,64.2,0.46,0.38,0.38
BROO,2017-08-21 22:10:00 EDT,42.79591,-75.29929,1657,66.3,66.6,66.3,88.1,62.7,0.000,0.002,0.00,0.000,1.2,3.9,1.0,211,27,1.8,4.1,0.9,214,36,1.2,3.9,1.0,211,27,0,28.37,,0,0,0,67.5,65.4,64.2,0.46,0.38,0.38
BROO,2017-08-21 22:15:00 EDT,42.79591,-75.29929,1657,66.6,66.8,66.6,87.9,63.0,0.000,0.002,0.00,0.000,1.7,4.1,1.2,179,22,2.1,4.5,1.1,186,30,1.7,4.1,1.2,179,22,0,28.36,,0,0,0,67.5,65.4,64.2,0.46,0.38,0.37
BROO,2017-08-21 22:20:00 EDT,42.79591,-75.29929,1657,66.5,66.7,66.5,87.6,62.7,0.000,0.002,0.00,0.000,1.5,3.1,0.8,185,30,1.9,4.0,1.0,189,32,1.5,3.1,0.8,185,30,0,28.36,,0,0,0,67.5,65.5,64.2,0.46,0.38,0.37
BROO,2017-08-21 22:25:00 EDT,42.79591,-75.29929,1657,66.5,66.7,66.5,87.7,62.7,0.000,0.002,0.00,0.000,1.4,4.5,1.0,179,38,2.1,5.3,1.2,183,40,1.4,4.5,1.0,179,38,0,28.37,,0,0,0,67.5,65.5,64.2,0.46,0.38,0.38
BROO,2017-08-21 22:30:00 EDT,42.79591,-75.29929,1657,66.5,66.8,66.5,88.0,62.8,0.000,0.002,0.00,0.000,0.9,3.5,0.9,203,42,1.6,4.3,1.0,216,50,0.9,3.5,0.9,203,42,0,28.37,,0,0,0,67.5,65.5,64.2,0.46,0.38,0.37
BROO,2017-08-21 22:35:00 EDT,42.79591,-75.29929,1657,66.5,66.6,66.5,88.3,62.9,0.000,0.002,0.00,0.000,1.4,3.3,0.7,246,27,1.9,4.6,0.7,250,28,1.4,3.3,0.7,246,27,0,28.36,,0,0,0,67.4,65.5,64.2,0.46,0.38,0.37
BROO,2017-08-21 22:40:00 EDT,42.79591,-75.29929,1657,66.4,66.5,66.4,88.7,62.9,0.000,0.002,0.00,0.000,1.5,3.5,0.7,239,31,1.9,4.0,0.7,245,30,1.5,3.5,0.7,239,31,0,28.36,,0,0,0,67.4,65.5,64.2,0.46,0.38,0.37
BROO,2017-08-21 22:45:00 EDT,42.79591,-75.29929,1657,66.2,66.3,66.2,89.2,63.0,0.000,0.002,0.00,0.000,1.1,4.1,1.0,208,29,1.5,4.6,1.1,206,32,1.1,4.1,1.0,208,29,0,28.37,,0,0,0,67.4,65.5,64.2,0.46,0.38,0.37
BROO,2017-08-21 22:50:00 EDT,42.79591,-75.29929,1657,66.2,66.3,66.2,89.3,63.0,0.000,0.002,0.00,0.000,1.2,5.2,1.1,196,30,1.6,6.1,1.2,203,30,1.2,5.2,1.1,196,30,0,28.37,,0,0,0,67.3,65.5,64.2,0.46,0.38,0.37
BROO,2017-08-21 22:55:00 EDT,42.79591,-75.29929,1657,66.0,66.1,66.0,89.6,62.8,0.000,0.002,0.00,0.000,1.8,4.7,1.2,193,23,2.2,5.7,1.4,194,26,1.8,4.7,1.2,193,23,0,28.36,,0,0,0,67.2,65.5,64.2,0.46,0.38,0.37
BROO,2017-08-21 23:00:00 EDT,42.79591,-75.29929,1657,65.9,66.1,65.9,89.7,62.8,0.000,0.002,0.00,0.000,2.0,3.7,0.7,191,35,2.4,5.3,0.8,197,37,2.0,3.7,0.7,191,35,0,28.36,,0,0,0,67.2,65.5,64.2,0.46,0.38,0.37
BROO,2017-08-21 23:05:00 EDT,42.79591,-75.29929,1657,65.9,66.0,65.9,89.6,62.8,0.000,0.002,0.00,0.000,1.1,2.9,0.8,223,31,1.4,3.2,0.8,237,41,1.1,2.9,0.8,223,31,0,28.36,,0,0,0,67.1,65.5,64.2,0.46,0.38,0.37
BROO,2017-08-21 23:10:00 EDT,42.79591,-75.29929,1657,66.0,66.1,66.0,89.7,62.9,0.000,0.002,0.00,0.000,1.3,4.7,1.3,201,22,1.7,4.9,1.4,211,29,1.3,4.7,1.3,201,22,0,28.36,,0,0,0,67.1,65.5,64.2,0.46,0.38,0.37
BROO,2017-08-21 23:15:00 EDT,42.79591,-75.29929,1657,66.0,66.2,66.0,89.3,62.7,0.000,0.002,0.00,0.000,1.2,3.0,0.9,210,24,1.8,4.2,0.9,219,28,1.2,3.0,0.9,210,24,0,28.36,,0,0,0,67.1,65.5,64.2,0.46,0.38,0.37
BROO,2017-08-21 23:20:00 EDT,42.79591,-75.29929,1657,65.7,66.0,65.7,89.8,62.7,0.000,0.002,0.00,0.000,0.9,3.4,0.8,248,29,1.3,3.7,0.8,253,30,0.9,3.4,0.8,248,29,0,28.36,,0,0,0,67.1,65.5,64.2,0.46,0.38,0.37
BROO,2017-08-21 23:25:00 EDT,42.79591,-75.29929,1657,65.8,65.9,65.8,89.7,62.7,0.000,0.002,0.00,0.000,2.3,4.0,0.9,195,24,2.5,4.7,0.9,197,25,2.3,4.0,0.9,195,24,0,28.36,,0,0,0,67.1,65.5,64.2,0.46,0.38,0.37
BROO,2017-08-21 23:30:00 EDT,42.79591,-75.29929,1657,65.5,65.8,65.5,90.0,62.5,0.000,0.002,0.00,0.000,1.4,3.7,0.8,187,24,1.9,4.8,0.9,188,30,1.4,3.7,0.8,187,24,0,28.36,,0,0,0,67.1,65.5,64.2,0.46,0.38,0.37
BROO,2017-08-21 23:35:00 EDT,42.79591,-75.29929,1657,65.5,65.8,65.5,90.3,62.6,0.000,0.002,0.00,0.000,0.7,3.1,0.7,175,29,1.1,4.2,0.9,187,38,0.7,3.1,0.7,175,29,0,28.36,,0,0,0,67.1,65.5,64.2,0.46,0.38,0.37
BROO,2017-08-21 23:40:00 EDT,42.79591,-75.29929,1657,65.7,65.8,65.7,90.2,62.8,0.000,0.002,0.00,0.000,1.4,3.8,0.8,234,32,1.7,4.1,0.8,238,36,1.4,3.8,0.8,234,32,0,28.36,,0,0,0,67.1,65.5,64.2,0.46,0.38,0.37
BROO,2017-08-21 23:45:00 EDT,42.79591,-75.29929,1657,65.6,65.7,65.6,90.4,62.7,0.000,0.002,0.00,0.000,1.4,2.8,0.7,238,26,1.7,3.4,0.8,242,30,1.4,2.8,0.7,238,26,0,28.36,,0,0,0,67.1,65.5,64.2,0.46,0.38,0.37
BROO,2017-08-21 23:50:00 EDT,42.79591,-75.29929,1657,65.6,65.8,65.6,90.7,62.8,0.000,0.002,0.00,0.000,1.4,4.5,1.0,174,23,1.8,5.6,1.1,182,26,1.4,4.5,1.0,174,23,0,28.36,,0,0,0,67.1,65.5,64.2,0.46,0.38,0.37
BROO,2017-08-21 23:55:00 EDT,42.79591,-75.29929,1657,65.4,65.8,65.4,91.1,62.7,0.000,0.002,0.00,0.000,0.5,3.0,0.8,202,28,1.0,4.0,0.9,187,54,0.5,3.0,0.8,202,28,0,28.35,,0,0,0,67.1,65.5,64.2,0.46,0.38,0.37
BSPA,2017-08-21 00:00:00 EDT,43.02280,-73.87498,395,60.5,61.4,60.5,96.8,59.6,0.000,0.000,0.00,0.000,0.0,0.0,0.0,0,0,0.0,0.0,0.0,0,0,0.0,0.0,0.0,0,0,0,29.71,,0,0,0,69.6,70.0,68.5,0.41,0.37,0.38
BSPA,2017-08-21 00:05:00 EDT,43.02280,-73.87498,395,60.4,61.3,60.4,96.8,59.5,0.000,0.000,0.00,0.000,0.0,0.0,0.0,0,0,0.0,0.0,0.0,0,0,0.0,0.0,0.0,0,0,0,29.71,,0,0,0,69.6,70.0,68.5,0.41,0.37,0.38
BSPA,2017-08-21 00:10:00 EDT,43.02280,-73.87498,395,60.2,61.3,60.2,96.8,59.3,0.000,0.000,0.00,0.000,0.0,0.0,0.0,0,0,0.0,0.0,0.0,0,0,0.0,0.0,0.0,0,0,0,29.71,,0,0,0,69.6,70.0,68.5,0.41,0.37,0.38
BSPA,2017-08-21 00:15:00 EDT,43.02280,-73.87498,395,60.1,61.3,60.1,96.8,59.2,0.000,0.000,0.00,0.000,0.4,1.5,0.5,3,17,0.7,1.9,0.6,0,4,0.4,1.5,0.5,3,17,0,29.71,,0,0,0,69.5,70.0,68.5,0.41,0.37,0.38
BSPA,2017-08-21 00:20:00 EDT,43.02280,-73.87498,395,60.2,61.4,60.2,97.0,59.3,0.000,0.000,0.00,0.000,0.7,1.0,0.2,0,0,1.0,1.4,0.2,1,4,0.7,1.0,0.2,0,0,0,29.71,,0,0,0,69.3,70.0,68.5,0.41,0.37,0.38
BSPA,2017-08-21 00:25:00 EDT,43.02280,-73.87498,395,60.0,61.3,60.0,97.0,59.2,0.000,0.000,0.00,0.000,0.1,0.9,0.2,14,4,0.3,1.3,0.4,7,9,0.1,0.9,0.2,14,4,0,29.71,,0,0,0,69.3,70.0,68.5,0.41,0.37,0.38
BSPA,2017-08-21 00:30:00 EDT,43.02280,-73.87498,395,59.8,61.1,59.8,97.1,59.0,0.000,0.000,0.00,0.000,0.3,0.9,0.4,19,0,0.6,1.2,0.5,48,26,0.3,0.9,0.4,19,0,0,29.72,,0,0,0,69.3,70.0,68.5,0.41,0.37,0.38
BSPA,2017-08-21 00:35:00 EDT,43.02280,-73.87498,395,59.6,60.8,59.6,97.1,58.8,0.000,0.000,0.00,0.000,0.1,0.7,0.2,44,0,0.5,1.1,0.4,61,15,0.1,0.7,0.2,44,0,0,29.72,,0,0,0,69.3,70.0,68.5,0.41,0.37,0.38
BSPA,2017-08-21 00:40:00 EDT,43.02280,-73.87498,395,59.8,60.6,59.8,97.2,59.0,0.000,0.000,0.00,0.000,0.1,0.5,0.2,44,0,0.3,1.0,0.4,47,8,0.1,0.5,0.2,44,0,0,29.72,,0,0,0,69.3,70.0,68.5,0.41,0.37,0.38
BSPA,2017-08-21 00:45:00 EDT,43.02280,-73.87498,395,59.7,60.7,59.7,97.1,58.9,0.000,0.000,0.00,0.000,0.0,0.0,0.0,0,0,0.0,0.0,0.0,0,0,0.0,0.0,0.0,0,0,0,29.72,,0,0,0,69.3,70.0,68.5,0.41,0.37,0.38
BSPA,2017-08-21 00:50:00 EDT,43.02280,-73.87498,395,59.8,60.8,59.8,97.2,59.0,0.000,0.000,0.00,0.000,0.0,0.0,0.0,0,0,0.0,0.7,0.1,266,0,0.0,0.0,0.0,0,0,0,29.72,,0,0,0,69.3,70.0,68.5,0.41,0.37,0.38
BSPA,2017-08-21 00:55:00 EDT,43.02280,-73.87498,395,59.5,60.8,59.5,97.3,58.7,0.000,0.000,0.00,0.000,0.0,0.0,0.0,0,0,0.0,0.0,0.0,0,0,0.0,0.0,0.0,0,0,0,29.72,,0,0,0,69.2,70.0,68.5,0.41,0.37,0.38
BSPA,2017-08-21 01:00:00 EDT,43.02280,-73.87498,395,59.6,60.8,59.6,97.4,58.9,0.000,0.000,0.00,0.000,0.0,0.0,0.0,0,0,0.0,0.0,0.0,0,0,0.0,0.0,0.0,0,0,0,29.72,,0,0,0,69.0,70.0,68.5,0.41,0.37,0.38
BSPA,2017-08-21 01:05:00 EDT,43.02280,-73.87498,395,59.6,60.7,59.6,97.5,58.8,0.000,0.000,0.00,0.000,0.1,0.6,0.2,200,12,0.4,1.2,0.5,194,10,0.1,0.6,0.2,200,12,0,29.72,,0,0,0,68.9,70.0,68.5,0.41,0.37,0.38
BSPA,2017-08-21 01:10:00 EDT,43.02280,-73.87498,395,59.3,60.6,59.3,97.4,58.6,0.000,0.000,0.00,0.000,0.0,0.0,0.0,0,0,0.0,0.0,0.0,0,0,0.0,0.0,0.0,0,0,0,29.72,,0,0,0,68.9,70.0,68.5,0.41,0.37,0.38
BSPA,2017-08-21 01:15:00 EDT,43.02280,-73.87498,395,59.2,60.4,59.2,97.5,58.5,0.000,0.000,0.00,0.000,0.1,0.6,0.2,202,0,0.3,1.0,0.4,26,8,0.1,0.6,0.2,202,0,0,29.72,,0,0,0,68.9,70.0,68.5,0.41,0.37,0.38
BSPA,2017-08-21 01:20:00 EDT,43.02280,-73.87498,395,59.1,60.2,59.1,97.6,58.5,0.000,0.000,0.00,0.000,0.0,0.4,0.1,202,0,0.4,0.9,0.4,67,23,0.0,0.4,0.1,202,0,0,29.71,,0,0,0,68.9,70.0,68.5,0.41,0.37,0.38
BSPA,2017-08-21 01:25:00 EDT,43.02280,-73.87498,395,59.2,60.0,59.2,97.5,58.5,0.000,0.000,0.00,0.000,0.0,0.0,0.0,0,0,0.0,0.0,0.0,0,0,0.0,0.0,0.0,0,0,0,29.71,,0,0,0,68.9,70.0,68.5,0.41,0.37,0.38
BSPA,2017-08-21 01:30:00 EDT,43.02280,-73.87498,395,59.2,60.0,59.2,97.6,58.6,0.000,0.000,0.00,0.000,0.7,1.3,0.5,203,0,1.1,1.6,0.5,18,6,0.7,1.3,0.5,203,0,0,29.71,,0,0,0,68.8,70.0,68.5,0.41,0.37,0.38
BSPA,2017-08-21 01:35:00 EDT,43.02280,-73.87498,395,59.1,59.9,59.1,97.7,58.5,0.000,0.000,0.00,0.000,0.7,1.4,0.4,202,0,0.9,1.6,0.4,36,7,0.7,1.4,0.4,202,0,0,29.71,,0,0,0,68.7,70.0,68.5,0.41,0.37,0.38
BSPA,2017-08-21 01:40:00 EDT,43.02280,-73.87498,395,59.0,59.7,59.0,97.7,58.4,0.000,0.000,0.00,0.000,0.2,0.8,0.3,202,0,0.7,1.7,0.6,157,24,0.2,0.8,0.3,202,0,0,29.71,,0,0,0,68.5,70.0,68.5,0.41,0.37,0.38
BSPA,2017-08-21 01:45:00 EDT,43.02280,-73.87498,395,58.8,59.6,58.8,97.6,58.1,0.000,0.000,0.00,0.000,0.0,0.0,0.0,0,0,0.1,0.9,0.3,140,4,0.0,0.0,0.0,0,0,0,29.72,,0,0,0,68.5,70.0,68.5,0.41,0.37,0.38
BSPA,2017-08-21 01:50:00 EDT,43.02280,-73.87498,395,58.8,59.5,58.8,97.6,58.1,0.000,0.000,0.00,0.000,0.0,0.0,0.0,0,0,0.0,0.0,0.0,0,0,0.0,0.0,0.0,0,0,0,29.72,,0,0,0,68.5,70.0,68.5,0.41,0.37,0.38
BSPA,2017-08-21 01:55:00 EDT,43.02280,-73.87498,395,58.7,59.6,58.7,97.6,58.1,0.000,0.000,0.00,0.000,0.0,0.0,0.0,0,0,0.0,0.0,0.0,0,0,0.0,0.0,0.0,0,0,0,29.71,,0,0,0,68.5,70.0,68.5,0.41,0.37,0.38
BSPA,2017-08-21 02:00:00 EDT,43.02280,-73.87498,395,58.7,59.7,58.7,97.8,58.1,0.000,0.000,0.00,0.000,0.0,0.0,0.0,0,0,0.3,1.0,0.4,339,26,0.0,0.0,0.0,0,0,0,29.71,,0,0,0,68.5,70.0,68.5,0.41,0.37,0.38
BSPA,2017-08-21 02:05:00 EDT,43.02280,-73.87498,395,59.0,59.9,59.0,97.9,58.5,0.000,0.000,0.00,0.000,0.0,0.0,0.0,0,0,0.3,0.9,0.4,263,5,0.0,0.0,0.0,0,0,0,29.72,,0,0,0,68.5,70.0,68.5,0.41,0.37,0.38
BSPA,2017-08-21 02:10:00 EDT,43.02280,-73.87498,395,58.9,60.2,58.9,97.9,58.3,0.000,0.000,0.00,0.000,0.0,0.0,0.0,0,0,0.3,0.9,0.4,239,5,0.0,0.0,0.0,0,0,0,29.72,,0,0,0,68.5,70.0,68.5,0.41,0.37,0.38
BSPA,2017-08-21 02:15:00 EDT,43.02280,-73.87498,395,58.7,60.2,58.7,97.8,58.1,0.000,0.000,0.00,0.000,0.0,0.0,0.0,0,0,0.1,0.7,0.2,222,1,0.0,0.0,0.0,0,0,0,29.72,,0,0,0,68.5,70.0,68.5,0.41,0.37,0.38
BSPA,2017-08-21 02:20:00 EDT,43.02280,-73.87498,395,58.4,60.0,58.4,97.8,57.8,0.000,0.000,0.00,0.000,0.3,0.8,0.3,202,0,0.6,1.2,0.5,192,6,0.3,0.8,0.3,202,0,0,29.72,,0,0,0,68.5,70.0,68.5,0.41,0.37,0.38
BSPA,2017-08-21 02:25:00 EDT,43.02280,-73.87498,395,57.7,60.1,57.7,97.6,57.1,0.000,0.000,0.00,0.000,1.2,1.5,0.1,202,0,1.5,1.7,0.1,207,5,1.2,1.5,0.1,202,0,0,29.72,,0,0,0,68.4,70.0,68.5,0.41,0.37,0.38
BSPA,2017-08-21 02:30:00 EDT,43.02280,-73.87498,395,57.8,60.1,57.8,97.7,57.2,0.000,0.000,0.00,0.000,1.2,1.5,0.1,203,0,1.5,1.8,0.1,209,4,1.2,1.5,0.1,203,0,0,29.71,,0,0,0,68.2,70.0,68.5,0.41,0.37,0.38
BSPA,2017-08-21 02:35:00 EDT,43.02280,-73.87498,395,57.7,60.2,57.7,97.7,57.1,0.000,0.000,0.00,0.000,1.1,1.5,0.3,213,9,1.3,1.7,0.3,217,7,1.1,1.5,0.3,213,9,0,29.71,,0,0,0,68.2,70.0,68.5,0.41,0.37,0.38
BSPA,2017-08-21 02:40:00 EDT,43.02280,-73.87498,395,57.8,60.0,57.8,97.8,57.2,0.000,0.000,0.00,0.000,0.4,1.3,0.4,209,8,1.0,1.6,0.4,191,15,0.4,1.3,0.4,209,8,0,29.72,,0,0,0,68.2,70.0,68.5,0.41,0.37,0.38
BSPA,2017-08-21 02:45:00 EDT,43.02280,-73.87498,395,58.3,59.4,58.3,98.1,57.7,0.000,0.000,0.00,0.000,0.2,0.6,0.2,158,0,0.8,1.2,0.3,166,24,0.2,0.6,0.2,158,0,0,29.72,,0,0,0,68.2,70.0,68.5,0.41,0.37,0.38
BSPA,2017-08-21 02:50:00 EDT,43.02280,-73.87498,395,58.3,59.8,58.3,98.0,57.8,0.000,0.000,0.00,0.000,0.3,0.9,0.3,161,6,1.1,1.7,0.4,193,16,0.3,0.9,0.3,161,6,0,29.71,,0,0,0,68.2,69.9,68.5,0.41,0.37,0.38
BSPA,2017-08-21 02:55:00 EDT,43.02280,-73.87498,395,58.2,59.6,58.2,97.9,57.6,0.000,0.000,0.00,0.000,0.8,1.2,0.2,190,0,1.2,1.6,0.2,190,4,0.8,1.2,0.2,190,0,0,29.71,,0,0,0,68.2,69.9,68.5,0.41,0.37,0.38
BSPA,2017-08-21 03:00:00 EDT,43.02280,-73.87498,395,58.1,59.7,58.1,97.9,57.5,0.000,0.000,0.00,0.000,1.1,1.6,0.2,194,8,1.4,2.0,0.2,195,10,1.1,1.6,0.2,194,8,0,29.71,,0,0,0,68.2,69.8,68.5,0.41,0.37,0.38
BSPA,2017-08-21 03:05:00 EDT,43.02280,-73.87498,395,57.9,59.8,57.9,97.9,57.3,0.000,0.000,0.00,0.000,0.3,1.5,0.5,203,6,0.5,1.8,0.6,201,13,0.3,1.5,0.5,203,6,0,29.72,,0,0,0,68.0,69.7,68.5,0.41,0.37,0.38
BSPA,2017-08-21 03:10:00 EDT,43.02280,-73.87498,395,58.0,59.6,58.0,98.0,57.4,0.000,0.000,0.00,0.000,0.1,1.0,0.3,237,3,0.4,1.5,0.5,209,23,0.1,1.0,0.3,237,3,0,29.72,,0,0,0,67.8,69.7,68.5,0.41,0.37,0.38
BSPA,2017-08-21 03:15:00 EDT,43.02280,-73.87498,395,57.8,59.6,57.8,97.9,57.2,0.000,0.000,0.00,0.000,0.0,0.8,0.1,218,0,0.2,1.7,0.4,206,8,0.0,0.8,0.1,218,0,0,29.72,,0,0,0,67.8,69.6,68.5,0.41,0.37,0.38
BSPA,2017-08-21 03:20:00 EDT,43.02280,-73.87498,395,58.0,59.9,58.0,98.0,57.5,0.000,0.000,0.00,0.000,0.2,0.8,0.2,218,0,0.5,1.1,0.4,228,14,0.2,0.8,0.2,218,0,0,29.72,,0,0,0,67.8,69.6,68.5,0.41,0.37,0.38
BSPA,2017-08-21 03:25:00 EDT,43.02280,-73.87498,395,58.3,60.2,58.3,98.0,57.7,0.000,0.000,0.00,0.000,1.3,2.2,0.5,230,15,1.6,2.6,0.3,231,19,1.3,2.2,0.5,230,15,0,29.72,,0,0,0,67.8,69.6,68.5,0.41,0.37,0.38
BSPA,2017-08-21 03:30:00 EDT,43.02280,-73.87498,395,58.9,60.5,58.9,98.2,58.4,0.000,0.000,0.00,0.000,1.8,3.3,0.6,230,15,1.9,3.6,0.6,231,16,1.8,3.3,0.6,230,15,0,29.72,,0,0,0,67.8,69.6,68.5,0.42,0.37,0.38
BSPA,2017-08-21 03:35:00 EDT,43.02280,-73.87498,395,59.3,60.6,59.3,98.2,58.7,0.000,0.000,0.00,0.000,1.5,2.3,0.4,232,10,1.7,2.7,0.4,231,10,1.5,2.3,0.4,232,10,0,29.73,,0,0,0,67.8,69.6,68.5,0.42,0.37,0.38
BSPA,2017-08-21 03:40:00 EDT,43.02280,-73.87498,395,59.3,60.9,59.3,98.1,58.8,0.000,0.000,0.00,0.000,0.7,1.9,0.3,217,12,1.0,1.8,0.3,216,18,0.7,1.9,0.3,217,12,0,29.73,,0,0,0,67.8,69.6,68.5,0.42,0.37,0.38
BSPA,2017-08-21 03:45:00 EDT,43.02280,-73.87498,395,59.1,60.6,59.1,98.0,58.6,0.000,0.000,0.00,0.000,0.3,1.1,0.4,208,0,0.8,1.5,0.5,187,12,0.3,1.1,0.4,208,0,0,29.72,,0,0,0,67.8,69.6,68.5,0.42,0.37,0.38
BSPA,2017-08-21 03:50:00 EDT,43.02280,-73.87498,395,58.8,60.2,58.8,97.7,58.2,0.000,0.000,0.00,0.000,0.4,1.1,0.4,208,0,0.8,1.5,0.5,201,7,0.4,1.1,0.4,208,0,0,29.73,,0,0,0,67.8,69.6,68.5,0.41,0.37,0.38
BSPA,2017-08-21 03:55:00 EDT,43.02280,-73.87498,395,58.5,59.9,58.5,97.7,57.8,0.000,0.000,0.00,0.000,0.7,0.9,0.2,209,3,1.1,1.4,0.1,205,18,0.7,0.9,0.2,209,3,0,29.73,,0,0,0,67.8,69.6,68.5,0.41,0.37,0.38
BSPA,2017-08-21 04:00:00 EDT,43.02280,-73.87498,395,57.9,59.9,57.9,97.6,57.2,0.000,0.000,0.00,0.000,0.2,0.9,0.3,146,12,0.6,1.6,0.5,159,28,0.2,0.9,0.3,146,12,0,29.73,,0,0,0,67.7,69.6,68.5,0.41,0.36,0.38
BSPA,2017-08-21 04:05:00 EDT,43.02280,-73.87498,395,58.0,59.7,58.0,97.6,57.4,0.000,0.000,0.00,0.000,0.0,0.6,0.1,140,0,0.2,1.3,0.4,247,21,0.0,0.6,0.1,140,0,0,29.73,,0,0,0,67.5,69.6,68.5,0.41,0.37,0.38
BSPA,2017-08-21 04:10:00 EDT,43.02280,-73.87498,395,58.5,60.5,58.5,98.0,57.9,0.000,0.000,0.00,0.000,0.2,0.9,0.3,244,7,0.7,1.6,0.5,252,14,0.2,0.9,0.3,244,7,0,29.73,,0,0,0,67.5,69.6,68.5,0.41,0.37,0.38
BSPA,2017-08-21 04:15:00 EDT,43.02280,-73.87498,395,58.5,60.3,58.5,98.0,58.0,0.000,0.000,0.00,0.000,0.9,1.5,0.3,199,16,1.2,1.9,0.3,198,16,0.9,1.5,0.3,199,16,0,29.73,,0,0,0,67.5,69.6,68.5,0.41,0.37,0.38
BSPA,2017-08-21 04:20:00 EDT,43.02280,-73.87498,395,58.3,59.6,58.3,97.9,57.7,0.000,0.000,0.00,0.000,1.3,2.0,0.4,199,13,1.6,2.4,0.4,197,13,1.3,2.0,0.4,199,13,0,29.73,,0,0,0,67.5,69.6,68.5,0.41,0.37,0.38
BSPA,2017-08-21 04:25:00 EDT,43.02280,-73.87498,395,57.8,59.4,57.8,97.7,57.2,0.000,0.000,0.00,0.000,2.0,2.6,0.4,157,19,2.2,2.9,0.4,151,19,2.0,2.6,0.4,157,19,0,29.73,,0,0,0,67.5,69.6,68.5,0.41,0.37,0.38
BSPA,2017-08-21 04:30:00 EDT,43.02280,-73.87498,395,57.4,59.2,57.4,97.7,56.8,0.000,0.000,0.00,0.000,1.1,2.3,0.7,184,54,1.5,2.5,0.5,200,58,1.1,2.3,0.7,184,54,0,29.73,,0,0,0,67.5,69.6,68.5,0.41,0.37,0.38
BSPA,2017-08-21 04:35:00 EDT,43.02280,-73.87498,395,58.1,59.3,58.1,98.2,57.6,0.000,0.000,0.00,0.000,0.1,0.9,0.2,211,28,0.2,1.1,0.4,119,13,0.1,0.9,0.2,211,28,0,29.73,,0,0,0,67.5,69.6,68.5,0.41,0.36,0.38
BSPA,2017-08-21 04:40:00 EDT,43.02280,-73.87498,395,57.9,59.3,57.9,98.0,57.4,0.000,0.000,0.00,0.000,0.1,0.7,0.2,134,0,0.4,1.1,0.4,151,21,0.1,0.7,0.2,134,0,0,29.73,,0,0,0,67.5,69.6,68.5,0.41,0.37,0.38
BSPA,2017-08-21 04:45:00 EDT,43.02280,-73.87498,395,58.2,59.0,58.2,98.0,57.6,0.000,0.000,0.00,0.000,0.0,0.1,0.0,134,0,0.8,1.2,0.4,176,16,0.0,0.1,0.0,134,0,0,29.73,,0,0,0,67.5,69.6,68.5,0.41,0.37,0.38
BSPA,2017-08-21 04:50:00 EDT,43.02280,-73.87498,395,57.9,58.7,57.9,97.9,57.3,0.000,0.000,0.00,0.000,0.1,0.9,0.2,134,0,0.7,1.5,0.5,173,14,0.1,0.9,0.2,134,0,0,29.73,,0,0,0,67.4,69.6,68.5,0.41,0.37,0.38
BSPA,2017-08-21 04:55:00 EDT,43.02280,-73.87498,395,57.6,59.0,57.6,97.8,57.0,0.000,0.000,0.00,0.000,0.6,1.9,0.5,159,24,1.5,2.3,0.4,174,12,0.6,1.9,0.5,159,24,0,29.73,,0,0,0,67.2,69.6,68.5,0.41,0.36,0.38
BSPA,2017-08-21 05:00:00 EDT,43.02280,-73.87498,395,57.4,59.1,57.4,97.8,56.8,0.000,0.000,0.00,0.000,1.2,1.8,0.3,191,2,1.5,2.2,0.2,191,7,1.2,1.8,0.3,191,2,0,29.73,,0,0,0,67.1,69.6,68.5,0.41,0.36,0.38
BSPA,2017-08-21 05:05:00 EDT,43.02280,-73.87498,395,57.6,59.2,57.6,97.9,57.0,0.000,0.000,0.00,0.000,0.4,0.9,0.3,208,5,0.6,1.3,0.5,215,13,0.4,0.9,0.3,208,5,0,29.73,,0,0,0,67.1,69.6,68.5,0.41,0.36,0.38
BSPA,2017-08-21 05:10:00 EDT,43.02280,-73.87498,395,57.9,59.4,57.9,98.1,57.4,0.000,0.000,0.00,0.000,0.1,1.0,0.2,198,0,0.4,1.6,0.5,217,15,0.1,1.0,0.2,198,0,0,29.73,,0,0,0,67.1,69.6,68.5,0.41,0.36,0.38
BSPA,2017-08-21 05:15:00 EDT,43.02280,-73.87498,395,57.9,59.4,57.9,98.1,57.4,0.000,0.000,0.00,0.000,1.0,1.5,0.3,209,17,1.3,1.9,0.3,207,18,1.0,1.5,0.3,209,17,0,29.73,,0,0,0,67.1,69.6,68.5,0.41,0.37,0.38
BSPA,2017-08-21 05:20:00 EDT,43.02280,-73.87498,395,57.9,59.1,57.9,98.1,57.4,0.000,0.000,0.00,0.000,0.9,1.7,0.3,207,19,1.2,2.0,0.3,203,16,0.9,1.7,0.3,207,19,0,29.74,,0,0,0,67.1,69.5,68.5,0.41,0.36,0.38
BSPA,2017-08-21 05:25:00 EDT,43.02280,-73.87498,395,57.9,59.3,57.9,98.2,57.4,0.000,0.000,0.00,0.000,0.6,1.5,0.5,176,11,1.1,2.2,0.5,175,18,0.6,1.5,0.5,176,11,0,29.73,,0,0,0,67.1,69.3,68.5,0.41,0.36,0.38
BSPA,2017-08-21 05:30:00 EDT,43.02280,-73.87498,395,57.4,58.9,57.4,98.0,56.8,0.000,0.000,0.00,0.000,1.3,1.8,0.2,178,10,1.7,2.3,0.3,178,12,1.3,1.8,0.2,178,10,0,29.74,,0,0,0,67.1,69.3,68.5,0.41,0.37,0.38
BSPA,2017-08-21 05:35:00 EDT,43.02280,-73.87498,395,57.3,58.8,57.3,98.0,56.7,0.000,0.000,0.00,0.000,1.3,1.9,0.3,179,10,1.6,2.2,0.3,176,14,1.3,1.9,0.3,179,10,0,29.74,,0,0,0,67.1,69.3,68.5,0.41,0.36,0.38
BSPA,2017-08-21 05:40:00 EDT,43.02280,-73.87498,395,57.2,58.8,57.2,98.0,56.7,0.000,0.000,0.00,0.000,0.8,1.3,0.2,187,12,1.2,1.8,0.2,176,14,0.8,1.3,0.2,187,12,0,29.74,,0,0,0,67.1,69.3,68.5,0.41,0.36,0.38
BSPA,2017-08-21 05:45:00 EDT,43.02280,-73.87498,395,57.5,58.6,57.5,98.2,57.0,0.000,0.000,0.00,0.000,1.4,2.1,0.4,174,6,1.8,2.8,0.4,172,9,1.4,2.1,0.4,174,6,0,29.74,,0,0,0,67.1,69.3,68.5,0.41,0.36,0.38
BSPA,2017-08-21 05:50:00 EDT,43.02280,-73.87498,395,57.5,58.5,57.5,98.2,57.0,0.000,0.000,0.00,0.000,1.4,1.9,0.2,199,10,1.7,2.2,0.2,198,9,1.4,1.9,0.2,199,10,0,29.74,,0,0,0,67.1,69.3,68.5,0.41,0.36,0.38
BSPA,2017-08-21 05:55:00 EDT,43.02280,-73.87498,395,57.8,58.8,57.8,98.3,57.3,0.000,0.000,0.00,0.000,1.9,2.9,0.4,206,3,2.2,3.3,0.4,205,6,1.9,2.9,0.4,206,3,0,29.74,,0,0,0,67.1,69.3,68.5,0.41,0.36,0.38
BSPA,2017-08-21 06:00:00 EDT,43.02280,-73.87498,395,57.6,59.5,57.6,98.3,57.2,0.000,0.000,0.00,0.000,2.0,3.6,0.5,207,12,2.2,4.2,0.6,207,13,2.0,3.6,0.5,207,12,1,29.74,,0,0,0,67.0,69.3,68.5,0.41,0.36,0.38
BSPA,2017-08-21 06:05:00 EDT,43.02280,-73.87498,395,58.2,59.7,58.2,98.3,57.7,0.000,0.000,0.00,0.000,1.0,2.0,0.6,222,15,1.4,2.2,0.4,225,17,1.0,2.0,0.6,222,15,2,29.74,,0,0,0,66.8,69.3,68.5,0.41,0.36,0.38
BSPA,2017-08-21 06:10:00 EDT,43.02280,-73.87498,395,58.7,59.8,58.7,98.3,58.2,0.000,0.000,0.00,0.000,1.4,2.0,0.3,239,8,1.6,2.5,0.3,238,10,1.4,2.0,0.3,239,8,3,29.74,,0,0,0,66.8,69.3,68.5,0.41,0.36,0.38
BSPA,2017-08-21 06:15:00 EDT,43.02280,-73.87498,395,59.0,60.0,59.0,98.3,58.5,0.000,0.000,0.00,0.000,1.4,2.3,0.5,217,11,1.6,2.6,0.5,214,12,1.4,2.3,0.5,217,11,5,29.74,,0,0,0,66.7,69.3,68.5,0.41,0.36,0.38
BSPA,2017-08-21 06:20:00 EDT,43.02280,-73.87498,395,58.4,60.0,58.4,98.2,57.9,0.000,0.000,0.00,0.000,1.3,1.9,0.2,210,6,1.5,2.5,0.3,212,8,1.3,1.9,0.2,210,6,6,29.74,,0,0,0,66.7,69.3,68.5,0.41,0.36,0.38
BSPA,2017-08-21 06:25:00 EDT,43.02280,-73.87498,395,57.7,59.8,57.7,98.0,57.1,0.000,0.000,0.00,0.000,1.1,1.5,0.2,210,4,1.3,1.8,0.2,209,5,1.1,1.5,0.2,210,4,9,29.74,,0,0,0,66.7,69.3,68.5,0.41,0.36,0.38
BSPA,2017-08-21 06:30:00 EDT,43.02280,-73.87498,395,57.7,59.6,57.7,98.0,57.1,0.000,0.000,0.00,0.000,1.2,2.8,0.5,207,9,1.4,3.2,0.6,206,11,1.2,2.8,0.5,207,9,13,29.74,,0,0,0,66.7,69.3,68.5,0.41,0.36,0.38
BSPA,2017-08-21 06:35:00 EDT,43.02280,-73.87498,395,57.5,59.4,57.5,98.1,57.0,0.000,0.000,0.00,0.000,1.1,1.5,0.2,180,6,1.5,1.9,0.2,182,7,1.1,1.5,0.2,180,6,21,29.74,,0,0,0,66.7,69.3,68.5,0.41,0.36,0.38
BSPA,2017-08-21 06:40:00 EDT,43.02280,-73.87498,395,57.7,58.7,57.7,98.1,57.2,0.000,0.000,0.00,0.000,0.1,0.9,0.2,177,0,0.1,1.3,0.3,173,2,0.1,0.9,0.2,177,0,27,29.74,,0,0,0,66.7,69.3,68.5,0.41,0.36,0.38
BSPA,2017-08-21 06:45:00 EDT,43.02280,-73.87498,395,57.7,58.9,57.7,98.0,57.2,0.000,0.000,0.00,0.000,0.5,1.3,0.5,189,9,1.1,1.8,0.4,189,10,0.5,1.3,0.5,189,9,32,29.74,,0,0,0,66.7,69.3,68.5,0.41,0.36,0.38
BSPA,2017-08-21 06:50:00 EDT,43.02280,-73.87498,395,58.1,59.3,58.1,98.1,57.6,0.000,0.000,0.00,0.000,1.3,2.2,0.4,214,13,1.5,2.5,0.4,214,14,1.3,2.2,0.4,214,13,41,29.75,,0,0,0,66.7,69.3,68.5,0.41,0.36,0.38
BSPA,2017-08-21 06:55:00 EDT,43.02280,-73.87498,395,58.4,59.7,58.4,98.1,57.9,0.000,0.000,0.00,0.000,1.2,2.0,0.3,228,18,1.7,3.0,0.5,231,15,1.2,2.0,0.3,228,18,54,29.75,,0,0,0,66.7,69.3,68.5,0.41,0.36,0.38
BSPA,2017-08-21 07:00:00 EDT,43.02280,-73.87498,395,59.0,60.1,59.0,98.2,58.5,0.000,0.000,0.00,0.000,0.8,1.6,0.4,208,15,1.2,2.1,0.4,206,17,0.8,1.6,0.4,208,15,47,29.74,,0,0,0,66.7,69.3,68.5,0.41,0.36,0.38
BSPA,2017-08-21 07:05:00 EDT,43.02280,-73.87498,395,59.4,60.3,59.4,98.1,58.9,0.000,0.000,0.00,0.000,2.0,2.6,0.3,186,5,2.4,2.9,0.3,185,6,2.0,2.6,0.3,186,5,88,29.75,,0,0,0,66.6,69.3,68.5,0.41,0.36,0.38
BSPA,2017-08-21 07:10:00 EDT,43.02280,-73.87498,395,59.7,60.4,59.7,98.0,59.2,0.000,0.000,0.00,0.000,2.1,2.4,0.1,194,0,2.4,2.8,0.2,191,5,2.1,2.4,0.1,194,0,85,29.75,,0,0,0,66.6,69.3,68.5,0.41,0.36,0.38
BSPA,2017-08-21 07:15:00 EDT,43.02280,-73.87498,395,59.7,60.6,59.7,97.8,59.0,0.000,0.000,0.00,0.000,2.0,3.1,0.3,189,8,2.4,4.1,0.3,187,7,2.0,3.1,0.3,189,8,67,29.75,,0,0,0,66.4,69.3,68.5,0.41,0.36,0.38
BSPA,2017-08-21 07:20:00 EDT,43.02280,-73.87498,395,60.0,60.9,60.0,97.7,59.4,0.000,0.000,0.00,0.000,1.9,2.2,0.2,188,5,2.2,2.6,0.2,187,4,1.9,2.2,0.2,188,5,112,29.75,,0,0,0,66.4,69.3,68.5,0.41,0.36,0.38
BSPA,2017-08-21 07:25:00 EDT,43.02280,-73.87498,395,60.7,61.3,60.7,97.5,60.0,0.000,0.000,0.00,0.000,1.7,2.3,0.3,188,5,2.1,2.7,0.3,186,6,1.7,2.3,0.3,188,5,134,29.75,,0,0,0,66.4,69.3,68.5,0.41,0.36,0.38
BSPA,2017-08-21 07:30:00 EDT,43.02280,-73.87498,395,61.0,61.5,61.0,97.1,60.2,0.000,0.000,0.00,0.000,2.1,2.8,0.3,183,4,2.5,3.2,0.4,182,5,2.1,2.8,0.3,183,4,151,29.75,,0,0,0,66.4,69.3,68.5,0.41,0.36,0.38
BSPA,2017-08-21 07:35:00 EDT,43.02280,-73.87498,395,61.4,61.9,61.4,96.1,60.3,0.000,0.000,0.00,0.000,1.8,3.0,0.6,180,7,2.2,3.6,0.6,178,9,1.8,3.0,0.6,180,7,148,29.75,,0,0,0,66.4,69.3,68.5,0.41,0.36,0.38
BSPA,2017-08-21 07:40:00 EDT,43.02280,-73.87498,395,61.9,62.3,61.9,95.7,60.6,0.000,0.000,0.00,0.000,1.7,3.1,0.5,182,16,2.1,3.8,0.5,180,18,1.7,3.1,0.5,182,16,160,29.75,,0,0,0,66.4,69.2,68.5,0.41,0.36,0.38
BSPA,2017-08-21 07:45:00 EDT,43.02280,-73.87498,395,62.6,63.1,62.6,93.7,60.8,0.000,0.000,0.00,0.000,2.0,2.8,0.4,150,8,2.1,3.1,0.4,144,9,2.0,2.8,0.4,150,8,180,29.75,,0,0,0,66.5,69.2,68.5,0.41,0.36,0.38
BSPA,2017-08-21 07:50:00 EDT,43.02280,-73.87498,395,62.9,63.3,62.9,92.4,60.7,0.000,0.000,0.00,0.000,1.9,2.8,0.4,183,11,2.3,3.3,0.5,181,11,1.9,2.8,0.4,183,11,176,29.75,,0,0,0,66.5,69.2,68.5,0.41,0.36,0.38
BSPA,2017-08-21 07:55:00 EDT,43.02280,-73.87498,395,63.2,63.5,63.2,91.2,60.6,0.000,0.000,0.00,0.000,2.5,3.4,0.3,189,12,2.9,3.9,0.4,187,13,2.5,3.4,0.3,189,12,203,29.75,,0,0,0,66.6,69.1,68.5,0.41,0.36,0.38
BSPA,2017-08-21 08:00:00 EDT,43.02280,-73.87498,395,63.7,63.8,63.7,90.5,60.8,0.000,0.000,0.00,0.000,2.5,3.9,0.6,194,10,3.0,4.8,0.6,193,10,2.5,3.9,0.6,194,10,234,29.75,,0,0,0,66.7,68.9,68.5,0.41,0.36,0.38
BSPA,2017-08-21 08:05:00 EDT,43.02280,-73.87498,395,63.7,63.9,63.7,89.2,60.5,0.000,0.000,0.00,0.000,3.4,4.9,0.5,190,11,4.0,5.7,0.6,187,9,3.4,4.9,0.5,190,11,238,29.75,,0,0,0,66.7,68.9,68.5,0.41,0.36,0.38
BSPA,2017-08-21 08:10:00 EDT,43.02280,-73.87498,395,64.1,64.4,64.1,89.1,60.8,0.000,0.000,0.00,0.000,3.4,5.0,0.7,182,11,3.9,5.5,0.8,179,11,3.4,5.0,0.7,182,11,250,29.75,,0,0,0,66.7,68.9,68.5,0.41,0.36,0.38
BSPA,2017-08-21 08:15:00 EDT,43.02280,-73.87498,395,64.7,64.6,64.7,88.2,61.1,0.000,0.000,0.00,0.000,4.9,6.7,0.7,187,10,5.5,7.4,0.9,183,9,4.9,6.7,0.7,187,10,245,29.75,,0,0,0,66.7,68.9,68.5,0.41,0.36,0.38
BSPA,2017-08-21 08:20:00 EDT,43.02280,-73.87498,395,64.7,64.8,64.7,87.3,60.9,0.000,0.000,0.00,0.000,4.1,5.6,0.6,188,10,4.6,6.5,0.8,186,9,4.1,5.6,0.6,188,10,275,29.75,,0,0,0,66.7,68.9,68.5,0.41,0.36,0.38
BSPA,2017-08-21 08:25:00 EDT,43.02280,-73.87498,395,65.1,65.1,65.1,86.7,61.0,0.000,0.000,0.00,0.000,4.7,7.3,1.1,180,7,5.2,8.0,1.2,177,7,4.7,7.3,1.1,180,7,280,29.75,,0,0,0,66.7,68.9,68.5,0.41,0.36,0.38
BSPA,2017-08-21 08:30:00 EDT,43.02280,-73.87498,395,65.7,65.5,65.7,86.5,61.6,0.000,0.000,0.00,0.000,4.9,6.4,0.8,188,9,5.3,7.1,0.8,185,7,4.9,6.4,0.8,188,9,323,29.75,,0,0,0,66.7,68.9,68.5,0.41,0.36,0.38
BSPA,2017-08-21 08:35:00 EDT,43.02280,-73.87498,395,65.9,65.7,65.9,85.0,61.2,0.000,0.000,0.00,0.000,5.2,6.9,0.9,184,9,5.8,8.2,1.0,181,9,5.2,6.9,0.9,184,9,337,29.75,,0,0,0,66.7,68.9,68.5,0.41,0.36,0.38
BSPA,2017-08-21 08:40:00 EDT,43.02280,-73.87498,395,66.3,66.2,66.3,84.8,61.6,0.000,0.000,0.00,0.000,4.2,7.0,1.1,182,14,4.7,7.8,1.2,180,14,4.2,7.0,1.1,182,14,350,29.74,,0,0,0,67.0,68.9,68.5,0.41,0.36,0.38
BSPA,2017-08-21 08:45:00 EDT,43.02280,-73.87498,395,66.9,66.7,66.9,83.6,61.7,0.000,0.000,0.00,0.000,4.4,7.1,1.1,178,15,4.9,8.1,1.2,175,14,4.4,7.1,1.1,178,15,367,29.74,,0,0,0,67.1,68.9,68.5,0.41,0.36,0.38
BSPA,2017-08-21 08:50:00 EDT,43.02280,-73.87498,395,66.8,66.7,66.8,82.6,61.4,0.000,0.000,0.00,0.000,4.7,7.0,0.9,186,9,5.3,7.6,1.1,183,8,4.7,7.0,0.9,186,9,386,29.74,,0,0,0,67.1,68.9,68.5,0.41,0.36,0.38
BSPA,2017-08-21 08:55:00 EDT,43.02280,-73.87498,395,67.1,66.9,67.1,82.5,61.6,0.000,0.000,0.00,0.000,4.6,6.8,1.2,187,11,5.2,7.6,1.3,184,10,4.6,6.8,1.2,187,11,300,29.74,,0,0,0,67.1,68.9,68.5,0.41,0.36,0.38
BSPA,2017-08-21 09:00:00 EDT,43.02280,-73.87498,395,67.4,67.1,67.4,83.3,62.2,0.000,0.000,0.00,0.000,4.7,7.1,1.2,185,14,5.3,8.0,1.3,184,13,4.7,7.1,1.2,185,14,361,29.74,,0,0,0,67.1,68.9,68.5,0.41,0.36,0.38
BSPA,2017-08-21 09:05:00 EDT,43.02280,-73.87498,395,67.6,67.3,67.6,83.2,62.3,0.000,0.000,0.00,0.000,3.9,6.0,1.0,177,13,4.6,7.3,1.1,175,11,3.9,6.0,1.0,177,13,366,29.74,,0,0,0,67.1,68.9,68.5,0.41,0.36,0.38
BSPA,2017-08-21 09:10:00 EDT,43.02280,-73.87498,395,67.9,67.6,67.9,82.5,62.4,0.000,0.000,0.00,0.000,4.4,7.0,1.1,172,20,4.9,7.5,1.2,170,21,4.4,7.0,1.1,172,20,345,29.74,,0,0,0,67.1,68.9,68.5,0.41,0.36,0.38
BSPA,2017-08-21 09:15:00 EDT,43.02280,-73.87498,395,67.8,67.4,67.8,81.5,61.9,0.000,0.000,0.00,0.000,4.6,6.5,0.9,184,19,5.2,7.7,1.0,181,17,4.6,6.5,0.9,184,19,405,29.74,,0,0,0,67.3,68.9,68.5,0.41,0.36,0.38
BSPA,2017-08-21 09:20:00 EDT,43.02280,-73.87498,395,68.6,68.0,68.6,82.3,62.9,0.000,0.000,0.00,0.000,5.3,8.8,1.7,166,17,5.9,9.1,1.6,164,18,5.3,8.8,1.7,166,17,448,29.74,,0,0,0,67.5,68.9,68.5,0.41,0.36,0.38
BSPA,2017-08-21 09:25:00 EDT,43.02280,-73.87498,395,69.1,68.3,69.1,81.0,63.0,0.000,0.000,0.00,0.000,5.6,8.4,1.2,159,12,6.2,9.3,1.3,155,12,5.6,8.4,1.2,159,12,481,29.74,,0,0,0,67.5,68.9,68.5,0.41,0.36,0.38
BSPA,2017-08-21 09:30:00 EDT,43.02280,-73.87498,395,69.5,68.9,69.5,80.5,63.3,0.000,0.000,0.00,0.000,4.1,6.8,1.0,168,17,4.6,7.1,1.1,166,17,4.1,6.8,1.0,168,17,475,29.74,,0,0,0,67.5,68.9,68.5,0.41,0.36,0.38
BSPA,2017-08-21 09:35:00 EDT,43.02280,-73.87498,395,69.8,69.1,69.8,80.3,63.5,0.000,0.000,0.00,0.000,4.4,6.1,0.9,169,26,4.9,7.7,1.1,167,26,4.4,6.1,0.9,169,26,496,29.74,,0,0,0,67.5,68.9,68.5,0.41,0.36,0.38
BSPA,2017-08-21 09:40:00 EDT,43.02280,-73.87498,395,70.4,69.7,70.4,80.2,64.0,0.000,0.000,0.00,0.000,4.5,7.0,1.0,184,14,5.2,8.5,1.1,184,12,4.5,7.0,1.0,184,14,514,29.74,,0,0,0,67.6,68.9,68.5,0.41,0.36,0.38
BSPA,2017-08-21 09:45:00 EDT,43.02280,-73.87498,395,70.1,69.6,70.1,78.1,62.9,0.000,0.000,0.00,0.000,5.2,8.0,1.3,183,14,5.8,8.8,1.4,181,12,5.2,8.0,1.3,183,14,518,29.73,,0,0,0,67.8,68.9,68.5,0.41,0.36,0.38
BSPA,2017-08-21 09:50:00 EDT,43.02280,-73.87498,395,70.2,69.8,70.2,77.7,63.0,0.000,0.000,0.00,0.000,4.2,6.8,1.2,196,15,4.6,7.4,1.4,194,14,4.2,6.8,1.2,196,15,529,29.73,,0,0,0,67.8,68.9,68.5,0.41,0.36,0.38
BSPA,2017-08-21 09:55:00 EDT,43.02280,-73.87498,395,71.0,70.3,71.0,78.0,63.8,0.000,0.000,0.00,0.000,3.5,5.4,1.3,156,29,3.9,6.3,1.2,155,29,3.5,5.4,1.3,156,29,542,29.73,,0,0,0,67.8,68.9,68.5,0.41,0.36,0.38
BSPA,2017-08-21 10:00:00 EDT,43.02280,-73.87498,395,71.7,70.8,71.7,78.7,64.7,0.000,0.000,0.00,0.000,5.8,9.8,1.3,170,16,6.5,10.9,1.4,168,16,5.8,9.8,1.3,170,16,531,29.73,,0,0,0,67.8,68.8,68.5,0.41,0.36,0.38
BSPA,2017-08-21 10:05:00 EDT,43.02280,-73.87498,395,72.1,71.2,72.1,76.5,64.3,0.000,0.000,0.00,0.000,4.9,7.8,1.3,162,18,5.6,8.8,1.3,159,19,4.9,7.8,1.3,162,18,525,29.73,,0,0,0,67.8,68.8,68.5,0.41,0.36,0.38
BSPA,2017-08-21 10:10:00 EDT,43.02280,-73.87498,395,72.0,71.4,72.0,75.6,63.9,0.000,0.000,0.00,0.000,5.2,8.7,1.4,178,14,5.9,9.8,1.5,176,13,5.2,8.7,1.4,178,14,593,29.74,,0,0,0,67.9,68.7,68.5,0.41,0.36,0.38
BSPA,2017-08-21 10:15:00 EDT,43.02280,-73.87498,395,72.2,71.5,72.2,75.3,63.9,0.000,0.000,0.00,0.000,5.0,7.7,1.2,186,14,5.6,9.9,1.4,184,13,5.0,7.7,1.2,186,14,602,29.74,,0,0,0,68.2,68.5,68.5,0.41,0.36,0.38
BSPA,2017-08-21 10:20:00 EDT,43.02280,-73.87498,395,72.8,72.0,72.8,75.6,64.7,0.000,0.000,0.00,0.000,6.3,9.6,1.7,157,17,7.0,10.3,1.5,156,18,6.3,9.6,1.7,157,17,559,29.74,,0,0,0,68.2,68.5,68.5,0.41,0.36,0.38
BSPA,2017-08-21 10:25:00 EDT,43.02280,-73.87498,395,72.9,72.1,72.9,75.1,64.6,0.000,0.000,0.00,0.000,5.3,8.3,1.4,183,31,5.8,10.7,1.7,181,30,5.3,8.3,1.4,183,31,392,29.74,,0,0,0,68.2,68.5,68.5,0.41,0.36,0.38
BSPA,2017-08-21 10:30:00 EDT,43.02280,-73.87498,395,72.7,72.2,72.7,75.3,64.4,0.000,0.000,0.00,0.000,6.7,10.1,1.4,180,16,7.2,10.9,1.5,177,17,6.7,10.1,1.4,180,16,468,29.74,,0,0,0,68.2,68.6,68.5,0.41,0.36,0.38
BSPA,2017-08-21 10:35:00 EDT,43.02280,-73.87498,395,73.2,72.6,73.2,74.3,64.5,0.000,0.000,0.00,0.000,4.5,6.4,0.9,194,15,5.1,7.6,1.1,191,15,4.5,6.4,0.9,194,15,580,29.74,,0,0,0,68.5,68.5,68.5,0.41,0.36,0.38
BSPA,2017-08-21 10:40:00 EDT,43.02280,-73.87498,395,73.9,73.2,73.9,74.3,65.2,0.000,0.000,0.00,0.000,5.6,9.5,2.0,177,18,6.2,10.9,2.2,173,18,5.6,9.5,2.0,177,18,639,29.74,,0,0,0,68.5,68.5,68.5,0.41,0.36,0.38
BSPA,2017-08-21 10:45:00 EDT,43.02280,-73.87498,395,74.0,73.3,74.0,71.8,64.3,0.000,0.000,0.00,0.000,5.3,9.6,1.7,174,9,5.8,10.1,2.0,171,9,5.3,9.6,1.7,174,9,659,29.74,,0,0,0,68.5,68.5,68.5,0.41,0.36,0.38
BSPA,2017-08-21 10:50:00 EDT,43.02280,-73.87498,395,74.6,73.8,74.6,72.2,65.0,0.000,0.000,0.00,0.000,5.0,8.4,1.5,194,20,5.6,9.4,1.6,191,20,5.0,8.4,1.5,194,20,669,29.74,,0,0,0,68.5,68.5,68.5,0.41,0.36,0.38
BSPA,2017-08-21 10:55:00 EDT,43.02280,-73.87498,395,74.6,74.1,74.6,70.7,64.5,0.000,0.000,0.00,0.000,5.4,7.8,1.0,185,14,6.1,9.2,1.1,183,14,5.4,7.8,1.0,185,14,681,29.74,,0,0,0,68.5,68.5,68.5,0.41,0.36,0.38
BSPA,2017-08-21 11:00:00 EDT,43.02280,-73.87498,395,75.7,74.6,75.7,71.9,66.0,0.000,0.000,0.00,0.000,4.6,7.4,1.4,171,24,5.3,8.0,1.5,170,25,4.6,7.4,1.4,171,24,686,29.74,,0,0,0,68.8,68.5,68.5,0.41,0.36,0.38
BSPA,2017-08-21 11:05:00 EDT,43.02280,-73.87498,395,75.5,74.5,75.5,70.4,65.2,0.000,0.000,0.00,0.000,6.5,9.5,1.5,178,16,7.1,10.3,1.6,175,15,6.5,9.5,1.5,178,16,721,29.74,,0,0,0,68.9,68.5,68.5,0.41,0.36,0.38
BSPA,2017-08-21 11:10:00 EDT,43.02280,-73.87498,395,75.1,74.5,75.1,69.6,64.5,0.000,0.000,0.00,0.000,5.8,10.2,2.2,180,18,6.5,11.4,2.3,179,17,5.8,10.2,2.2,180,18,709,29.74,,0,0,0,68.9,68.5,68.5,0.41,0.36,0.38
BSPA,2017-08-21 11:15:00 EDT,43.02280,-73.87498,395,76.3,75.4,76.3,70.7,66.1,0.000,0.000,0.00,0.000,6.3,9.4,1.3,187,14,6.8,10.5,1.6,185,13,6.3,9.4,1.3,187,14,712,29.73,,0,0,0,68.9,68.5,68.5,0.41,0.36,0.38
BSPA,2017-08-21 11:20:00 EDT,43.02280,-73.87498,395,76.5,75.5,76.5,69.9,65.9,0.000,0.000,0.00,0.000,5.9,9.1,1.5,173,14,6.7,11.3,1.6,171,12,5.9,9.1,1.5,173,14,716,29.73,,0,0,0,69.3,68.5,68.5,0.41,0.36,0.38
BSPA,2017-08-21 11:25:00 EDT,43.02280,-73.87498,395,76.6,75.6,76.6,67.5,65.1,0.000,0.000,0.00,0.000,4.8,7.2,1.2,182,18,5.4,7.9,1.3,180,15,4.8,7.2,1.2,182,18,702,29.73,,0,0,0,69.3,68.5,68.5,0.41,0.36,0.38
BSPA,2017-08-21 11:30:00 EDT,43.02280,-73.87498,395,76.9,76.0,76.9,68.9,65.9,0.000,0.000,0.00,0.000,6.0,9.6,1.5,191,23,6.6,10.2,1.5,189,22,6.0,9.6,1.5,191,23,717,29.73,,0,0,0,69.3,68.5,68.5,0.41,0.36,0.38
BSPA,2017-08-21 11:35:00 EDT,43.02280,-73.87498,395,77.0,76.2,77.0,68.8,66.0,0.000,0.000,0.00,0.000,6.1,8.8,1.2,168,22,6.9,11.0,1.4,165,22,6.1,8.8,1.2,168,22,742,29.73,,0,0,0,69.3,68.5,68.5,0.41,0.36,0.38
BSPA,2017-08-21 11:40:00 EDT,43.02280,-73.87498,395,77.2,76.2,77.2,68.2,65.9,0.000,0.000,0.00,0.000,6.9,9.4,1.2,184,9,7.6,10.3,1.3,182,8,6.9,9.4,1.2,184,9,741,29.73,,0,0,0,69.5,68.5,68.5,0.41,0.36,0.38
BSPA,2017-08-21 11:45:00 EDT,43.02280,-73.87498,395,77.1,76.2,77.1,68.0,65.8,0.000,0.000,0.00,0.000,5.7,8.9,1.5,188,10,6.5,10.8,1.6,185,8,5.7,8.9,1.5,188,10,758,29.72,,0,0,0,69.6,68.5,68.5,0.41,0.36,0.38
BSPA,2017-08-21 11:50:00 EDT,43.02280,-73.87498,395,77.5,76.5,77.5,67.8,66.0,0.000,0.000,0.00,0.000,6.9,11.2,2.1,163,17,7.3,11.7,2.1,161,18,6.9,11.2,2.1,163,17,753,29.72,,0,0,0,69.6,68.5,68.5,0.41,0.36,0.38
BSPA,2017-08-21 11:55:00 EDT,43.02280,-73.87498,395,78.0,76.7,78.0,66.4,65.9,0.000,0.000,0.00,0.000,5.8,9.5,1.6,138,13,6.2,11.3,1.8,133,13,5.8,9.5,1.6,138,13,773,29.72,,0,0,0,69.6,68.5,68.5,0.41,0.36,0.38
BSPA,2017-08-21 12:00:00 EDT,43.02280,-73.87498,395,78.9,77.4,78.9,68.9,67.9,0.000,0.000,0.00,0.000,6.9,9.1,1.0,159,13,7.5,10.5,1.2,157,13,6.9,9.1,1.0,159,13,773,29.72,,0,0,0,69.8,68.5,68.5,0.41,0.36,0.38
BSPA,2017-08-21 12:05:00 EDT,43.02280,-73.87498,395,78.2,77.1,78.2,66.3,66.1,0.000,0.000,0.00,0.000,5.0,9.1,2.1,174,20,5.5,10.2,2.2,170,21,5.0,9.1,2.1,174,20,753,29.71,,0,0,0,70.0,68.5,68.5,0.41,0.36,0.38
BSPA,2017-08-21 12:10:00 EDT,43.02280,-73.87498,395,79.2,77.9,79.2,67.6,67.5,0.000,0.000,0.00,0.000,6.3,8.8,1.2,158,20,7.1,10.3,1.3,154,21,6.3,8.8,1.2,158,20,742,29.71,,0,0,0,70.0,68.5,68.5,0.41,0.36,0.38
BSPA,2017-08-21 12:15:00 EDT,43.02280,-73.87498,395,79.3,77.9,79.3,66.9,67.3,0.000,0.000,0.00,0.000,6.3,8.8,1.1,161,17,7.0,9.9,1.2,158,18,6.3,8.8,1.1,161,17,721,29.71,,0,0,0,70.0,68.5,68.5,0.41,0.36,0.38
BSPA,2017-08-21 12:20:00 EDT,43.02280,-73.87498,395,79.1,78.2,79.1,66.1,66.9,0.000,0.000,0.00,0.000,5.2,8.0,1.4,165,23,5.7,9.3,1.7,164,24,5.2,8.0,1.4,165,23,743,29.71,,0,0,0,70.1,68.5,68.5,0.41,0.36,0.38
BSPA,2017-08-21 12:25:00 EDT,43.02280,-73.87498,395,79.4,78.2,79.4,66.4,67.2,0.000,0.000,0.00,0.000,7.1,10.1,1.6,156,12,7.7,11.4,1.7,152,12,7.1,10.1,1.6,156,12,757,29.70,,0,0,0,70.3,68.5,68.5,0.41,0.36,0.38
BSPA,2017-08-21 12:30:00 EDT,43.02280,-73.87498,395,79.4,78.3,79.4,64.8,66.5,0.000,0.000,0.00,0.000,5.8,9.6,2.1,157,18,6.3,11.0,2.3,153,19,5.8,9.6,2.1,157,18,760,29.70,,0,0,0,70.3,68.5,68.5,0.41,0.36,0.38
BSPA,2017-08-21 12:35:00 EDT,43.02280,-73.87498,395,79.2,78.3,79.2,64.7,66.2,0.000,0.000,0.00,0.000,5.6,9.4,1.8,168,19,6.2,10.2,2.0,166,19,5.6,9.4,1.8,168,19,757,29.70,,0,0,0,70.3,68.5,68.5,0.41,0.36,0.38
BSPA,2017-08-21 12:40:00 EDT,43.02280,-73.87498,395,79.4,78.5,79.4,64.5,66.4,0.000,0.000,0.00,0.000,5.9,10.4,2.1,186,18,6.5,12.2,2.2,183,17,5.9,10.4,2.1,186,18,742,29.70,,0,0,0,70.6,68.5,68.5,0.41,0.36,0.38
BSPA,2017-08-21 12:45:00 EDT,43.02280,-73.87498,395,79.4,78.7,79.4,65.3,66.8,0.000,0.000,0.00,0.000,6.4,9.9,1.8,180,19,7.1,10.7,1.9,176,20,6.4,9.9,1.8,180,19,767,29.70,,0,0,0,70.7,68.5,68.5,0.41,0.36,0.38
BSPA,2017-08-21 12:50:00 EDT,43.02280,-73.87498,395,80.2,79.0,82.7,65.6,67.6,0.000,0.000,0.00,0.000,6.2,9.2,1.3,159,14,6.7,10.3,1.3,157,13,6.2,9.2,1.3,159,14,755,29.70,,0,0,0,70.7,68.5,68.5,0.41,0.36,0.38
BSPA,2017-08-21 12:55:00 EDT,43.02280,-73.87498,395,80.0,79.0,82.4,64.6,67.1,0.000,0.000,0.00,0.000,5.5,9.3,1.7,159,16,6.0,10.3,1.7,155,17,5.5,9.3,1.7,159,16,767,29.69,,0,0,0,70.7,68.5,68.5,0.41,0.36,0.38
BSPA,2017-08-21 13:00:00 EDT,43.02280,-73.87498,395,80.5,79.5,83.0,64.0,67.3,0.000,0.000,0.00,0.000,6.7,10.3,1.7,170,21,7.4,11.6,1.9,167,21,6.7,10.3,1.7,170,21,800,29.69,,0,0,0,70.8,68.5,68.5,0.41,0.36,0.38
BSPA,2017-08-21 13:05:00 EDT,43.02280,-73.87498,395,80.7,79.7,82.9,61.4,66.2,0.000,0.000,0.00,0.000,5.4,9.3,2.1,183,16,6.0,10.6,2.1,180,16,5.4,9.3,2.1,183,16,818,29.69,,0,0,0,71.1,68.5,68.5,0.41,0.36,0.38
BSPA,2017-08-21 13:10:00 EDT,43.02280,-73.87498,395,80.8,79.8,83.0,60.8,66.1,0.000,0.000,0.00,0.000,5.2,9.6,1.7,168,22,5.8,10.3,1.8,165,22,5.2,9.6,1.7,168,22,815,29.69,,0,0,0,71.1,68.5,68.5,0.41,0.36,0.38
BSPA,2017-08-21 13:15:00 EDT,43.02280,-73.87498,395,81.3,80.2,83.7,61.4,66.8,0.000,0.000,0.00,0.000,5.1,8.1,1.3,182,27,5.6,9.3,1.6,178,26,5.1,8.1,1.3,182,27,781,29.69,,0,0,0,71.1,68.5,68.5,0.41,0.36,0.38
BSPA,2017-08-21 13:20:00 EDT,43.02280,-73.87498,395,80.6,80.0,82.8,61.9,66.4,0.000,0.000,0.00,0.000,6.5,8.5,1.3,196,17,7.2,9.6,1.4,194,19,6.5,8.5,1.3,196,17,646,29.69,,0,0,0,71.4,68.5,68.5,0.41,0.36,0.38
BSPA,2017-08-21 13:25:00 EDT,43.02280,-73.87498,395,80.9,80.3,83.4,63.0,67.1,0.000,0.000,0.00,0.000,4.7,9.6,2.0,188,14,5.3,9.9,2.1,184,13,4.7,9.6,2.0,188,14,674,29.69,,0,0,0,71.4,68.5,68.5,0.41,0.36,0.38
BSPA,2017-08-21 13:30:00 EDT,43.02280,-73.87498,395,80.6,80.1,82.5,60.1,65.5,0.000,0.000,0.00,0.000,4.4,8.5,2.1,203,19,4.9,10.6,2.2,200,19,4.4,8.5,2.1,203,19,583,29.69,,0,0,0,71.4,68.5,68.5,0.41,0.36,0.38
BSPA,2017-08-21 13:35:00 EDT,43.02280,-73.87498,395,81.6,81.0,84.2,62.3,67.5,0.000,0.000,0.00,0.000,4.4,7.3,1.4,193,36,5.1,7.8,1.4,191,37,4.4,7.3,1.4,193,36,711,29.69,,0,0,0,71.4,68.5,68.5,0.41,0.36,0.38
BSPA,2017-08-21 13:40:00 EDT,43.02280,-73.87498,395,81.7,80.9,84.2,60.6,66.8,0.000,0.000,0.00,0.000,5.6,11.0,2.4,180,20,6.2,12.1,2.6,177,20,5.6,11.0,2.4,180,20,704,29.69,,0,0,0,71.4,68.5,68.5,0.40,0.36,0.38
BSPA,2017-08-21 13:45:00 EDT,43.02280,-73.87498,395,81.4,80.9,83.8,61.0,66.7,0.000,0.000,0.00,0.000,5.9,9.9,1.5,194,17,6.5,10.6,1.7,192,16,5.9,9.9,1.5,194,17,647,29.69,,0,0,0,71.7,68.5,68.5,0.40,0.36,0.38
BSPA,2017-08-21 13:50:00 EDT,43.02280,-73.87498,395,81.3,80.9,83.3,59.5,65.8,0.000,0.000,0.00,0.000,7.2,12.0,2.8,191,16,7.8,13.2,3.0,188,16,7.2,12.0,2.8,191,16,617,29.69,,0,0,0,71.8,68.5,68.5,0.40,0.36,0.38
BSPA,2017-08-21 13:55:00 EDT,43.02280,-73.87498,395,81.3,80.9,83.5,59.8,66.0,0.000,0.000,0.00,0.000,6.8,9.8,1.7,203,13,7.4,11.2,1.8,201,13,6.8,9.8,1.7,203,13,581,29.69,,0,0,0,71.8,68.5,68.5,0.41,0.36,0.38
BSPA,2017-08-21 14:00:00 EDT,43.02280,-73.87498,395,81.3,81.1,83.8,61.7,66.9,0.000,0.000,0.00,0.000,7.9,10.4,1.1,188,14,8.6,11.7,1.4,186,11,7.9,10.4,1.1,188,14,552,29.68,,0,0,0,71.8,68.5,68.5,0.41,0.36,0.38
BSPA,2017-08-21 14:05:00 EDT,43.02280,-73.87498,395,81.6,81.4,83.9,60.1,66.4,0.000,0.000,0.00,0.000,6.4,9.9,1.2,212,17,7.1,10.9,1.3,209,17,6.4,9.9,1.2,212,17,521,29.68,,0,0,0,71.9,68.5,68.5,0.41,0.36,0.38
BSPA,2017-08-21 14:10:00 EDT,43.02280,-73.87498,395,81.6,81.4,83.8,59.3,66.1,0.000,0.000,0.00,0.000,5.8,8.5,1.5,202,21,6.3,11.8,1.6,201,21,5.8,8.5,1.5,202,21,452,29.68,,0,0,0,72.3,68.5,68.5,0.41,0.36,0.38
BSPA,2017-08-21 14:15:00 EDT,43.02280,-73.87498,395,81.7,81.7,83.4,56.1,64.6,0.000,0.000,0.00,0.000,7.5,12.9,2.5,228,16,7.9,13.1,2.5,227,15,7.5,12.9,2.5,228,16,395,29.68,,0,0,0,72.3,68.5,68.5,0.41,0.36,0.38
BSPA,2017-08-21 14:20:00 EDT,43.02280,-73.87498,395,81.6,81.8,83.0,54.6,63.7,0.000,0.000,0.00,0.000,7.0,10.5,1.7,220,17,7.6,11.6,1.7,217,17,7.0,10.5,1.7,220,17,342,29.68,,0,0,0,72.3,68.5,68.5,0.41,0.36,0.38
BSPA,2017-08-21 14:25:00 EDT,43.02280,-73.87498,395,81.4,81.6,82.9,55.6,64.0,0.000,0.000,0.00,0.000,4.8,8.0,1.4,235,16,5.4,8.7,1.6,234,16,4.8,8.0,1.4,235,16,304,29.67,,0,0,0,72.3,68.5,68.5,0.41,0.36,0.38
BSPA,2017-08-21 14:30:00 EDT,43.02280,-73.87498,395,81.3,81.5,82.7,54.7,63.5,0.000,0.000,0.00,0.000,4.8,7.5,1.3,223,12,5.0,8.1,1.4,221,13,4.8,7.5,1.3,223,12,268,29.67,,0,0,0,72.3,68.6,68.5,0.41,0.36,0.38
BSPA,2017-08-21 14:35:00 EDT,43.02280,-73.87498,395,81.3,81.5,82.7,54.8,63.5,0.000,0.000,0.00,0.000,4.0,6.1,0.8,230,11,4.2,6.5,0.9,229,10,4.0,6.1,0.8,230,11,240,29.67,,0,0,0,72.3,68.6,68.5,0.41,0.36,0.38
BSPA,2017-08-21 14:40:00 EDT,43.02280,-73.87498,395,81.1,81.3,82.7,56.5,64.2,0.000,0.000,0.00,0.000,3.6,5.8,0.9,205,19,3.9,6.4,1.1,203,20,3.6,5.8,0.9,205,19,223,29.67,,0,0,0,72.3,68.6,68.5,0.41,0.36,0.38
BSPA,2017-08-21 14:45:00 EDT,43.02280,-73.87498,395,80.5,80.8,82.7,62.1,66.3,0.000,0.000,0.00,0.000,3.6,5.5,0.8,191,11,3.9,5.9,0.9,190,10,3.6,5.5,0.8,191,11,216,29.67,,0,0,0,72.3,68.8,68.4,0.41,0.36,0.38
BSPA,2017-08-21 14:50:00 EDT,43.02280,-73.87498,395,80.3,80.6,82.6,63.3,66.7,0.000,0.000,0.00,0.000,3.2,5.1,0.5,192,6,3.7,5.8,0.6,190,6,3.2,5.1,0.5,192,6,219,29.67,,0,0,0,72.3,68.9,68.4,0.41,0.36,0.38
BSPA,2017-08-21 14:55:00 EDT,43.02280,-73.87498,395,80.4,80.6,82.8,63.8,67.1,0.000,0.000,0.00,0.000,3.6,4.7,0.5,186,7,4.1,5.7,0.6,184,7,3.6,4.7,0.5,186,7,236,29.66,,0,0,0,72.3,68.9,68.4,0.41,0.36,0.38
BSPA,2017-08-21 15:00:00 EDT,43.02280,-73.87498,395,80.3,80.4,82.8,65.1,67.5,0.000,0.000,0.00,0.000,3.5,4.9,0.7,188,10,4.0,5.7,0.7,186,9,3.5,4.9,0.7,188,10,260,29.66,,0,0,0,72.3,68.9,68.4,0.40,0.36,0.38
BSPA,2017-08-21 15:05:00 EDT,43.02280,-73.87498,395,80.5,80.5,83.0,64.7,67.5,0.000,0.000,0.00,0.000,3.3,4.7,0.7,185,7,3.8,5.5,0.7,184,8,3.3,4.7,0.7,185,7,290,29.66,,0,0,0,72.3,68.9,68.4,0.40,0.36,0.38
BSPA,2017-08-21 15:10:00 EDT,43.02280,-73.87498,395,80.7,80.6,83.3,65.2,67.9,0.000,0.000,0.00,0.000,3.4,5.2,0.7,184,9,3.9,5.7,0.8,182,9,3.4,5.2,0.7,184,9,323,29.66,,0,0,0,72.3,68.9,68.4,0.40,0.36,0.38
BSPA,2017-08-21 15:15:00 EDT,43.02280,-73.87498,395,80.9,80.8,83.5,63.9,67.6,0.000,0.000,0.00,0.000,4.3,6.1,0.8,187,8,4.8,7.1,0.8,184,9,4.3,6.1,0.8,187,8,357,29.66,,0,0,0,72.3,68.9,68.4,0.40,0.36,0.38
BSPA,2017-08-21 15:20:00 EDT,43.02280,-73.87498,395,81.0,81.0,83.7,64.2,67.8,0.000,0.000,0.00,0.000,5.9,10.9,1.7,186,9,6.7,13.9,2.0,184,7,5.9,10.9,1.7,186,9,392,29.66,,0,0,0,72.3,68.9,68.4,0.40,0.36,0.38
BSPA,2017-08-21 15:25:00 EDT,43.02280,-73.87498,395,80.9,80.8,83.4,63.7,67.4,0.000,0.000,0.00,0.000,6.0,9.0,1.4,175,14,6.7,10.4,1.6,174,13,6.0,9.0,1.4,175,14,424,29.66,,0,0,0,72.3,68.9,68.4,0.40,0.36,0.38
BSPA,2017-08-21 15:30:00 EDT,43.02280,-73.87498,395,81.2,80.8,84.1,65.1,68.4,0.000,0.000,0.00,0.000,5.9,9.7,1.6,171,15,6.6,10.8,1.7,170,14,5.9,9.7,1.6,171,15,455,29.66,,0,0,0,72.3,68.9,68.3,0.40,0.36,0.38
BSPA,2017-08-21 15:35:00 EDT,43.02280,-73.87498,395,81.0,80.8,83.6,63.7,67.5,0.000,0.000,0.00,0.000,7.6,12.1,1.4,174,14,8.3,14.0,1.7,172,14,7.6,12.1,1.4,174,14,490,29.66,,0,0,0,72.3,68.9,68.4,0.40,0.36,0.38
BSPA,2017-08-21 15:40:00 EDT,43.02280,-73.87498,395,81.0,80.7,83.7,64.0,67.7,0.000,0.000,0.00,0.000,6.3,9.7,1.7,181,17,6.8,10.7,1.8,179,17,6.3,9.7,1.7,181,17,513,29.66,,0,0,0,72.5,68.9,68.3,0.40,0.36,0.38
BSPA,2017-08-21 15:45:00 EDT,43.02280,-73.87498,395,81.5,81.1,84.4,64.0,68.2,0.000,0.000,0.00,0.000,6.7,10.2,1.6,183,18,7.4,11.2,1.7,181,17,6.7,10.2,1.6,183,18,532,29.66,,0,0,0,72.6,68.9,68.3,0.40,0.36,0.38
BSPA,2017-08-21 15:50:00 EDT,43.02280,-73.87498,395,81.7,81.4,84.7,63.8,68.3,0.000,0.000,0.00,0.000,6.3,10.5,1.8,184,15,6.9,11.3,1.9,182,15,6.3,10.5,1.8,184,15,548,29.66,,0,0,0,72.6,68.9,68.3,0.40,0.36,0.38
BSPA,2017-08-21 15:55:00 EDT,43.02280,-73.87498,395,81.7,81.3,84.5,62.5,67.7,0.000,0.000,0.00,0.000,6.2,10.2,1.7,189,12,6.8,11.1,1.9,187,12,6.2,10.2,1.7,189,12,546,29.66,,0,0,0,72.6,68.9,68.3,0.40,0.36,0.38
BSPA,2017-08-21 16:00:00 EDT,43.02280,-73.87498,395,82.2,81.8,85.6,64.3,69.0,0.000,0.000,0.00,0.000,4.8,8.8,1.8,167,22,5.5,9.7,1.8,167,23,4.8,8.8,1.8,167,22,538,29.66,,0,0,0,72.7,68.9,68.2,0.40,0.36,0.38
BSPA,2017-08-21 16:05:00 EDT,43.02280,-73.87498,395,82.3,81.9,85.5,63.5,68.7,0.000,0.000,0.00,0.000,5.1,8.8,1.5,179,16,5.7,10.1,1.6,176,17,5.1,8.8,1.5,179,16,528,29.66,,0,0,0,72.7,68.9,68.2,0.40,0.36,0.38
BSPA,2017-08-21 16:10:00 EDT,43.02280,-73.87498,395,82.0,81.6,84.9,62.7,68.0,0.000,0.000,0.00,0.000,6.4,10.4,1.4,201,10,7.0,11.1,1.5,197,9,6.4,10.4,1.4,201,10,516,29.66,,0,0,0,72.7,68.9,68.2,0.40,0.36,0.38
BSPA,2017-08-21 16:15:00 EDT,43.02280,-73.87498,395,82.0,81.7,85.0,62.7,68.1,0.000,0.000,0.00,0.000,7.1,9.7,1.4,197,11,7.8,11.3,1.4,195,10,7.1,9.7,1.4,197,11,506,29.65,,0,0,0,72.7,68.9,68.2,0.40,0.36,0.38
BSPA,2017-08-21 16:20:00 EDT,43.02280,-73.87498,395,82.2,81.9,84.9,60.9,67.4,0.000,0.000,0.00,0.000,5.6,8.3,1.3,194,18,6.1,8.6,1.3,191,18,5.6,8.3,1.3,194,18,491,29.65,,0,0,0,72.7,68.9,68.2,0.40,0.36,0.38
BSPA,2017-08-21 16:25:00 EDT,43.02280,-73.87498,395,82.2,82.0,84.7,59.9,66.9,0.000,0.000,0.00,0.000,6.2,11.0,1.6,185,15,6.8,13.5,1.9,183,14,6.2,11.0,1.6,185,15,477,29.65,,0,0,0,72.7,68.9,68.2,0.40,0.36,0.38
BSPA,2017-08-21 16:30:00 EDT,43.02280,-73.87498,395,82.4,82.2,84.8,59.3,66.8,0.000,0.000,0.00,0.000,6.8,9.6,1.4,202,11,7.4,11.1,1.4,199,12,6.8,9.6,1.4,202,11,463,29.65,,0,0,0,72.7,69.0,68.2,0.40,0.36,0.38
BSPA,2017-08-21 16:35:00 EDT,43.02280,-73.87498,395,82.4,82.3,84.6,57.5,65.9,0.000,0.000,0.00,0.000,3.6,7.1,1.2,195,15,4.1,8.7,1.4,192,15,3.6,7.1,1.2,195,15,450,29.65,,0,0,0,72.7,69.0,68.2,0.40,0.36,0.38
BSPA,2017-08-21 16:40:00 EDT,43.02280,-73.87498,395,82.6,82.4,85.1,59.3,67.0,0.000,0.000,0.00,0.000,6.7,10.4,1.5,186,12,7.3,11.2,1.5,184,11,6.7,10.4,1.5,186,12,439,29.65,,0,0,0,72.7,69.0,68.2,0.40,0.36,0.38
BSPA,2017-08-21 16:45:00 EDT,43.02280,-73.87498,395,82.5,82.5,85.0,58.6,66.6,0.000,0.000,0.00,0.000,6.6,9.2,1.6,194,20,7.1,10.5,1.7,193,19,6.6,9.2,1.6,194,20,424,29.65,,0,0,0,72.7,69.1,68.2,0.40,0.36,0.38
BSPA,2017-08-21 16:50:00 EDT,43.02280,-73.87498,395,82.2,82.2,84.7,59.7,66.8,0.000,0.000,0.00,0.000,5.9,8.8,1.0,193,12,6.5,9.6,1.1,191,12,5.9,8.8,1.0,193,12,412,29.64,,0,0,0,72.7,69.2,68.2,0.40,0.36,0.38
BSPA,2017-08-21 16:55:00 EDT,43.02280,-73.87498,395,82.4,82.4,85.2,60.4,67.4,0.000,0.000,0.00,0.000,5.8,10.0,1.4,171,15,6.6,10.5,1.4,168,15,5.8,10.0,1.4,171,15,402,29.64,,0,0,0,72.7,69.3,68.2,0.40,0.36,0.38
BSPA,2017-08-21 17:00:00 EDT,43.02280,-73.87498,395,82.2,82.2,84.8,59.9,66.9,0.000,0.000,0.00,0.000,5.7,9.2,1.2,195,13,6.3,10.3,1.3,192,12,5.7,9.2,1.2,195,13,386,29.64,,0,0,0,72.8,69.3,68.2,0.40,0.36,0.38
BSPA,2017-08-21 17:05:00 EDT,43.02280,-73.87498,395,82.2,82.1,84.8,60.3,67.1,0.000,0.000,0.00,0.000,5.5,7.4,0.8,189,11,6.1,8.3,0.9,187,10,5.5,7.4,0.8,189,11,366,29.64,,0,0,0,72.9,69.3,68.2,0.40,0.36,0.38
BSPA,2017-08-21 17:10:00 EDT,43.02280,-73.87498,395,82.2,82.1,84.9,61.0,67.4,0.000,0.000,0.00,0.000,4.5,6.6,1.1,183,12,5.0,7.6,1.1,181,12,4.5,6.6,1.1,183,12,350,29.64,,0,0,0,72.9,69.3,68.2,0.40,0.36,0.38
BSPA,2017-08-21 17:15:00 EDT,43.02280,-73.87498,395,82.4,82.3,84.8,59.0,66.6,0.000,0.000,0.00,0.000,5.5,8.9,1.4,184,11,6.0,10.0,1.6,182,10,5.5,8.9,1.4,184,11,343,29.64,,0,0,0,73.0,69.3,68.2,0.40,0.36,0.38
BSPA,2017-08-21 17:20:00 EDT,43.02280,-73.87498,395,82.4,82.5,85.2,61.1,67.6,0.000,0.000,0.00,0.000,4.9,7.7,1.2,162,14,5.6,8.7,1.2,159,16,4.9,7.7,1.2,162,14,334,29.64,,0,0,0,73.0,69.3,68.2,0.40,0.36,0.38
BSPA,2017-08-21 17:25:00 EDT,43.02280,-73.87498,395,82.4,82.4,85.1,60.9,67.5,0.000,0.000,0.00,0.000,4.9,7.2,1.3,180,15,5.5,8.2,1.3,177,15,4.9,7.2,1.3,180,15,322,29.64,,0,0,0,73.0,69.3,68.2,0.40,0.36,0.38
BSPA,2017-08-21 17:30:00 EDT,43.02280,-73.87498,395,82.1,82.1,84.6,60.5,67.1,0.000,0.000,0.00,0.000,5.7,7.7,1.0,184,8,6.2,8.6,1.0,182,8,5.7,7.7,1.0,184,8,307,29.64,,0,0,0,73.0,69.3,68.2,0.40,0.36,0.38
BSPA,2017-08-21 17:35:00 EDT,43.02280,-73.87498,395,82.2,82.3,85.3,62.8,68.3,0.000,0.000,0.00,0.000,4.8,7.9,1.2,173,16,5.4,8.6,1.2,171,17,4.8,7.9,1.2,173,16,292,29.64,,0,0,0,73.0,69.3,68.2,0.40,0.36,0.38
BSPA,2017-08-21 17:40:00 EDT,43.02280,-73.87498,395,81.9,82.1,84.4,60.9,67.1,0.000,0.000,0.00,0.000,5.4,7.4,0.9,181,13,6.0,8.4,0.9,179,13,5.4,7.4,0.9,181,13,275,29.63,,0,0,0,73.0,69.3,68.2,0.40,0.36,0.38
BSPA,2017-08-21 17:45:00 EDT,43.02280,-73.87498,395,81.8,81.9,84.4,61.7,67.4,0.000,0.000,0.00,0.000,4.5,7.1,0.9,186,8,5.1,8.0,1.0,184,7,4.5,7.1,0.9,186,8,262,29.63,,0,0,0,73.0,69.3,68.2,0.40,0.36,0.38
BSPA,2017-08-21 17:50:00 EDT,43.02280,-73.87498,395,81.9,82.1,84.4,60.9,67.1,0.000,0.000,0.00,0.000,4.7,7.5,1.4,179,12,5.4,8.1,1.5,177,11,4.7,7.5,1.4,179,12,251,29.63,,0,0,0,73.0,69.3,68.2,0.40,0.36,0.38
BSPA,2017-08-21 17:55:00 EDT,43.02280,-73.87498,395,81.8,82.1,84.2,60.4,66.8,0.000,0.000,0.00,0.000,5.2,6.7,0.6,182,12,5.7,7.2,0.6,180,12,5.2,6.7,0.6,182,12,237,29.63,,0,0,0,73.0,69.3,68.2,0.40,0.36,0.38
BSPA,2017-08-21 18:00:00 EDT,43.02280,-73.87498,395,81.5,81.9,84.4,63.7,68.0,0.000,0.000,0.00,0.000,3.8,5.5,0.6,178,22,4.3,6.3,0.8,176,22,3.8,5.5,0.6,178,22,220,29.63,,0,0,0,73.0,69.3,68.2,0.40,0.36,0.38
BSPA,2017-08-21 18:05:00 EDT,43.02280,-73.87498,395,81.6,82.0,84.5,63.2,67.9,0.000,0.000,0.00,0.000,3.5,5.3,0.8,181,14,4.0,6.1,0.9,180,14,3.5,5.3,0.8,181,14,204,29.63,,0,0,0,73.0,69.3,68.2,0.40,0.36,0.38
BSPA,2017-08-21 18:10:00 EDT,43.02280,-73.87498,395,81.7,82.0,84.1,60.8,66.8,0.000,0.000,0.00,0.000,4.5,6.2,0.9,184,11,5.0,7.1,1.0,182,11,4.5,6.2,0.9,184,11,194,29.63,,0,0,0,73.0,69.3,68.2,0.40,0.36,0.38
BSPA,2017-08-21 18:15:00 EDT,43.02280,-73.87498,395,81.4,81.9,83.7,60.9,66.6,0.000,0.000,0.00,0.000,4.3,5.6,0.5,197,12,4.9,6.4,0.6,194,11,4.3,5.6,0.5,197,12,181,29.63,,0,0,0,73.0,69.3,68.2,0.40,0.36,0.38
BSPA,2017-08-21 18:20:00 EDT,43.02280,-73.87498,395,81.2,81.8,83.7,61.9,66.9,0.000,0.000,0.00,0.000,4.1,5.3,0.6,194,9,4.6,6.2,0.6,192,9,4.1,5.3,0.6,194,9,170,29.63,,0,0,0,73.0,69.3,68.2,0.40,0.36,0.38
BSPA,2017-08-21 18:25:00 EDT,43.02280,-73.87498,395,81.3,81.6,83.7,62.0,67.0,0.000,0.000,0.00,0.000,4.0,6.1,0.8,190,8,4.4,6.7,0.9,188,7,4.0,6.1,0.8,190,8,156,29.62,,0,0,0,73.0,69.3,68.2,0.40,0.36,0.38
BSPA,2017-08-21 18:30:00 EDT,43.02280,-73.87498,395,80.9,81.5,83.4,63.1,67.2,0.000,0.000,0.00,0.000,3.5,4.5,0.4,189,7,3.9,4.9,0.5,187,6,3.5,4.5,0.4,189,7,142,29.62,,0,0,0,73.0,69.3,68.2,0.40,0.36,0.38
BSPA,2017-08-21 18:35:00 EDT,43.02280,-73.87498,395,80.7,81.3,83.2,63.5,67.2,0.000,0.000,0.00,0.000,3.3,3.9,0.3,188,5,3.7,4.6,0.4,186,5,3.3,3.9,0.3,188,5,130,29.62,,0,0,0,73.0,69.3,68.2,0.40,0.36,0.38
BSPA,2017-08-21 18:40:00 EDT,43.02280,-73.87498,395,80.4,81.4,83.0,65.0,67.6,0.000,0.000,0.00,0.000,2.9,4.2,0.5,186,7,3.4,5.0,0.6,185,7,2.9,4.2,0.5,186,7,118,29.62,,0,0,0,73.0,69.3,68.2,0.40,0.36,0.38
BSPA,2017-08-21 18:45:00 EDT,43.02280,-73.87498,395,80.3,81.3,82.8,64.6,67.3,0.000,0.000,0.00,0.000,2.9,3.9,0.3,188,5,3.3,4.7,0.4,187,5,2.9,3.9,0.3,188,5,106,29.62,,0,0,0,73.0,69.3,68.2,0.40,0.36,0.38
BSPA,2017-08-21 18:50:00 EDT,43.02280,-73.87498,395,79.9,81.0,79.9,64.9,67.1,0.000,0.000,0.00,0.000,2.9,3.4,0.2,194,3,3.2,3.9,0.2,193,4,2.9,3.4,0.2,194,3,96,29.62,,0,0,0,73.0,69.3,68.2,0.40,0.36,0.38
BSPA,2017-08-21 18:55:00 EDT,43.02280,-73.87498,395,79.2,80.8,79.2,69.0,68.2,0.000,0.000,0.00,0.000,2.4,3.1,0.4,192,4,2.8,3.6,0.4,190,4,2.4,3.1,0.4,192,4,86,29.62,,0,0,0,73.0,69.3,68.2,0.40,0.36,0.38
BSPA,2017-08-21 19:00:00 EDT,43.02280,-73.87498,395,77.5,79.0,77.5,73.4,68.3,0.000,0.000,0.00,0.000,1.5,2.0,0.4,188,8,1.9,2.7,0.4,188,10,1.5,2.0,0.4,188,8,74,29.62,,0,0,0,73.0,69.4,68.2,0.40,0.36,0.38
BSPA,2017-08-21 19:05:00 EDT,43.02280,-73.87498,395,76.8,78.2,76.8,74.7,68.2,0.000,0.000,0.00,0.000,0.5,2.0,0.6,172,13,0.8,2.3,0.8,167,15,0.5,2.0,0.6,172,13,64,29.62,,0,0,0,73.0,69.5,68.2,0.40,0.36,0.38
BSPA,2017-08-21 19:10:00 EDT,43.02280,-73.87498,395,76.1,78.4,76.1,76.2,68.0,0.000,0.000,0.00,0.000,0.2,0.9,0.3,48,10,0.6,1.5,0.5,48,24,0.2,0.9,0.3,48,10,44,29.62,,0,0,0,73.0,69.5,68.2,0.40,0.36,0.38
BSPA,2017-08-21 19:15:00 EDT,43.02280,-73.87498,395,75.3,78.0,75.3,79.5,68.5,0.000,0.000,0.00,0.000,0.5,2.0,0.4,100,29,0.9,2.4,0.6,82,39,0.5,2.0,0.4,100,29,21,29.62,,0,0,0,73.0,69.6,68.2,0.40,0.36,0.38
BSPA,2017-08-21 19:20:00 EDT,43.02280,-73.87498,395,75.2,77.6,75.2,80.0,68.6,0.000,0.000,0.00,0.000,0.3,1.7,0.4,143,8,0.6,1.9,0.5,150,17,0.3,1.7,0.4,143,8,13,29.62,,0,0,0,73.0,69.6,68.2,0.40,0.36,0.38
BSPA,2017-08-21 19:25:00 EDT,43.02280,-73.87498,395,74.9,77.5,74.9,81.8,68.9,0.000,0.000,0.00,0.000,0.3,1.5,0.4,156,13,0.7,2.3,0.6,149,20,0.3,1.5,0.4,156,13,10,29.62,,0,0,0,72.9,69.6,68.2,0.40,0.36,0.38
BSPA,2017-08-21 19:30:00 EDT,43.02280,-73.87498,395,74.8,77.1,74.8,82.3,69.1,0.000,0.000,0.00,0.000,0.1,0.7,0.2,199,1,0.3,1.1,0.4,188,9,0.1,0.7,0.2,199,1,8,29.62,,0,0,0,72.8,69.6,68.2,0.40,0.36,0.38
BSPA,2017-08-21 19:35:00 EDT,43.02280,-73.87498,395,74.4,76.9,74.4,82.7,68.8,0.000,0.000,0.00,0.000,0.2,0.9,0.3,193,10,0.6,1.6,0.5,184,13,0.2,0.9,0.3,193,10,6,29.63,,0,0,0,72.7,69.6,68.2,0.40,0.36,0.38
BSPA,2017-08-21 19:40:00 EDT,43.02280,-73.87498,395,73.5,76.3,73.5,85.1,68.7,0.000,0.000,0.00,0.000,0.4,1.1,0.4,42,1,0.6,1.3,0.6,37,4,0.4,1.1,0.4,42,1,4,29.62,,0,0,0,72.7,69.6,68.2,0.40,0.36,0.38
BSPA,2017-08-21 19:45:00 EDT,43.02280,-73.87498,395,72.9,75.2,72.9,86.7,68.7,0.000,0.000,0.00,0.000,0.4,0.9,0.4,36,0,0.6,1.2,0.5,22,6,0.4,0.9,0.4,36,0,3,29.62,,0,0,0,72.7,69.6,68.2,0.40,0.36,0.38
BSPA,2017-08-21 19:50:00 EDT,43.02280,-73.87498,395,73.1,74.9,73.1,87.7,69.2,0.000,0.000,0.00,0.000,0.1,0.6,0.2,261,1,0.2,1.3,0.4,256,6,0.1,0.6,0.2,261,1,2,29.63,,0,0,0,72.7,69.6,68.2,0.40,0.36,0.38
BSPA,2017-08-21 19:55:00 EDT,43.02280,-73.87498,395,72.7,74.6,72.7,88.4,69.1,0.000,0.000,0.00,0.000,0.1,0.7,0.2,261,0,0.3,1.2,0.4,261,3,0.1,0.7,0.2,261,0,1,29.63,,0,0,0,72.7,69.6,68.2,0.40,0.36,0.38
BSPA,2017-08-21 20:00:00 EDT,43.02280,-73.87498,395,72.4,74.4,72.4,89.3,69.0,0.000,0.000,0.00,0.000,0.0,0.0,0.0,0,0,0.0,0.9,0.1,312,0,0.0,0.0,0.0,0,0,1,29.63,,0,0,0,72.7,69.6,68.2,0.40,0.36,0.38
BSPA,2017-08-21 20:05:00 EDT,43.02280,-73.87498,395,72.1,73.8,72.1,89.3,68.8,0.000,0.000,0.00,0.000,0.0,0.0,0.0,0,0,0.4,0.9,0.4,46,3,0.0,0.0,0.0,0,0,0,29.63,,0,0,0,72.7,69.6,68.2,0.40,0.36,0.38
BSPA,2017-08-21 20:10:00 EDT,43.02280,-73.87498,395,71.8,73.5,71.8,90.3,68.8,0.000,0.000,0.00,0.000,0.3,0.7,0.3,60,0,0.9,1.1,0.2,39,9,0.3,0.7,0.3,60,0,0,29.63,,0,0,0,72.7,69.6,68.2,0.40,0.36,0.38
BSPA,2017-08-21 20:15:00 EDT,43.02280,-73.87498,395,71.7,73.4,71.7,91.3,69.0,0.000,0.000,0.00,0.000,0.0,0.1,0.0,60,0,0.6,0.9,0.4,30,4,0.0,0.1,0.0,60,0,0,29.63,,0,0,0,72.6,69.6,68.2,0.40,0.36,0.38
BSPA,2017-08-21 20:20:00 EDT,43.02280,-73.87498,395,71.6,73.3,71.6,91.9,69.2,0.000,0.000,0.00,0.000,0.0,0.0,0.0,0,0,0.1,0.8,0.2,23,2,0.0,0.0,0.0,0,0,0,29.63,,0,0,0,72.5,69.6,68.2,0.40,0.36,0.38
BSPA,2017-08-21 20:25:00 EDT,43.02280,-73.87498,395,71.8,73.3,71.8,92.0,69.4,0.000,0.000,0.00,0.000,0.0,0.4,0.1,60,0,0.5,1.0,0.4,34,8,0.0,0.4,0.1,60,0,0,29.63,,0,0,0,72.3,69.6,68.2,0.40,0.36,0.38
BSPA,2017-08-21 20:30:00 EDT,43.02280,-73.87498,395,71.7,73.1,71.7,91.9,69.2,0.000,0.000,0.00,0.000,0.2,0.7,0.2,60,0,0.7,1.0,0.3,32,8,0.2,0.7,0.2,60,0,0,29.63,,0,0,0,72.3,69.6,68.2,0.40,0.36,0.38
BSPA,2017-08-21 20:35:00 EDT,43.02280,-73.87498,395,71.9,73.2,71.9,91.6,69.3,0.000,0.000,0.00,0.000,0.1,0.7,0.2,321,0,0.4,1.2,0.4,327,7,0.1,0.7,0.2,321,0,0,29.63,,0,0,0,72.3,69.6,68.2,0.40,0.36,0.38
BSPA,2017-08-21 20:40:00 EDT,43.02280,-73.87498,395,71.5,73.0,71.5,91.7,69.0,0.000,0.000,0.00,0.000,0.9,1.5,0.3,343,18,1.3,1.9,0.3,347,17,0.9,1.5,0.3,343,18,0,29.63,,0,0,0,72.3,69.6,68.2,0.40,0.36,0.38
BSPA,2017-08-21 20:45:00 EDT,43.02280,-73.87498,395,71.0,72.5,71.0,92.0,68.6,0.000,0.000,0.00,0.000,0.9,1.8,0.5,7,2,1.1,1.9,0.6,5,4,0.9,1.8,0.5,7,2,0,29.63,,0,0,0,72.3,69.6,68.2,0.40,0.36,0.38
BSPA,2017-08-21 20:50:00 EDT,43.02280,-73.87498,395,71.2,72.3,71.2,92.6,69.0,0.000,0.000,0.00,0.000,0.3,1.3,0.4,253,7,0.5,1.9,0.6,247,17,0.3,1.3,0.4,253,7,0,29.63,,0,0,0,72.3,69.6,68.2,0.40,0.36,0.38
BSPA,2017-08-21 20:55:00 EDT,43.02280,-73.87498,395,70.9,72.1,70.9,92.8,68.7,0.000,0.000,0.00,0.000,0.4,1.4,0.5,284,9,0.7,1.8,0.6,282,10,0.4,1.4,0.5,284,9,0,29.63,,0,0,0,72.3,69.6,68.2,0.40,0.36,0.38
BSPA,2017-08-21 21:00:00 EDT,43.02280,-73.87498,395,70.4,71.8,70.4,93.0,68.3,0.000,0.000,0.00,0.000,0.0,0.0,0.0,0,0,0.2,1.1,0.4,8,2,0.0,0.0,0.0,0,0,0,29.63,,0,0,0,72.3,69.6,68.2,0.40,0.36,0.38
BSPA,2017-08-21 21:05:00 EDT,43.02280,-73.87498,395,70.2,71.5,70.2,93.5,68.3,0.000,0.000,0.00,0.000,0.7,1.2,0.3,14,0,1.1,1.5,0.2,16,13,0.7,1.2,0.3,14,0,0,29.63,,0,0,0,72.3,69.6,68.2,0.40,0.36,0.38
BSPA,2017-08-21 21:10:00 EDT,43.02280,-73.87498,395,70.0,71.3,70.0,94.1,68.3,0.000,0.000,0.00,0.000,0.2,0.7,0.2,14,0,0.4,1.0,0.4,51,23,0.2,0.7,0.2,14,0,0,29.62,,0,0,0,72.3,69.6,68.2,0.40,0.36,0.38
BSPA,2017-08-21 21:15:00 EDT,43.02280,-73.87498,395,70.0,71.2,70.0,94.3,68.3,0.000,0.000,0.00,0.000,0.0,0.0,0.0,0,0,0.5,1.1,0.4,143,13,0.0,0.0,0.0,0,0,0,29.63,,0,0,0,72.2,69.6,68.2,0.40,0.36,0.38
BSPA,2017-08-21 21:20:00 EDT,43.02280,-73.87498,395,69.9,70.9,69.9,94.7,68.3,0.000,0.000,0.00,0.000,0.3,0.9,0.3,14,0,0.9,1.2,0.3,41,29,0.3,0.9,0.3,14,0,0,29.62,,0,0,0,72.0,69.7,68.2,0.40,0.36,0.38
BSPA,2017-08-21 21:25:00 EDT,43.02280,-73.87498,395,69.9,70.9,69.9,94.7,68.3,0.000,0.000,0.00,0.000,0.0,0.5,0.1,14,0,0.3,1.0,0.4,283,20,0.0,0.5,0.1,14,0,0,29.63,,0,0,0,71.8,69.7,68.2,0.40,0.36,0.38
BSPA,2017-08-21 21:30:00 EDT,43.02280,-73.87498,395,69.7,71.0,69.7,94.5,68.0,0.000,0.000,0.00,0.000,0.0,0.0,0.0,0,0,0.0,0.8,0.2,257,2,0.0,0.0,0.0,0,0,0,29.63,,0,0,0,71.8,69.8,68.2,0.40,0.36,0.38
BSPA,2017-08-21 21:35:00 EDT,43.02280,-73.87498,395,69.3,70.7,69.3,95.0,67.9,0.000,0.000,0.00,0.000,0.0,0.0,0.0,0,0,0.3,1.4,0.5,281,6,0.0,0.0,0.0,0,0,0,29.63,,0,0,0,71.8,69.8,68.2,0.40,0.36,0.38
BSPA,2017-08-21 21:40:00 EDT,43.02280,-73.87498,395,69.4,70.7,69.4,95.4,68.1,0.000,0.000,0.00,0.000,0.0,0.0,0.0,0,0,0.5,1.6,0.6,295,14,0.0,0.0,0.0,0,0,0,29.63,,0,0,0,71.8,69.9,68.2,0.40,0.36,0.38
BSPA,2017-08-21 21:45:00 EDT,43.02280,-73.87498,395,69.1,70.3,69.1,95.4,67.7,0.000,0.000,0.00,0.000,0.0,0.0,0.0,0,0,0.0,0.0,0.0,0,0,0.0,0.0,0.0,0,0,0,29.62,,0,0,0,71.8,69.9,68.2,0.40,0.36,0.38
BSPA,2017-08-21 21:50:00 EDT,43.02280,-73.87498,395,69.0,70.1,69.0,95.6,67.7,0.000,0.000,0.00,0.000,0.0,0.0,0.0,0,0,0.1,0.9,0.2,233,2,0.0,0.0,0.0,0,0,0,29.62,,0,0,0,71.8,69.9,68.2,0.40,0.36,0.38
BSPA,2017-08-21 21:55:00 EDT,43.02280,-73.87498,395,68.9,70.1,68.9,95.7,67.6,0.000,0.000,0.00,0.000,0.0,0.0,0.0,0,0,0.1,0.8,0.2,240,5,0.0,0.0,0.0,0,0,0,29.62,,0,0,0,71.8,70.0,68.2,0.40,0.36,0.38
BSPA,2017-08-21 22:00:00 EDT,43.02280,-73.87498,395,68.7,69.9,68.7,95.8,67.5,0.000,0.000,0.00,0.000,0.2,0.8,0.3,266,3,0.6,1.4,0.5,262,10,0.2,0.8,0.3,266,3,0,29.62,,0,0,0,71.5,70.0,68.2,0.40,0.36,0.38
BSPA,2017-08-21 22:05:00 EDT,43.02280,-73.87498,395,68.8,69.9,68.8,96.3,67.7,0.000,0.000,0.00,0.000,0.7,1.3,0.3,260,12,1.1,1.9,0.3,265,15,0.7,1.3,0.3,260,12,0,29.62,,0,0,0,71.4,70.0,68.2,0.40,0.36,0.38
BSPA,2017-08-21 22:10:00 EDT,43.02280,-73.87498,395,68.7,69.8,68.7,96.3,67.6,0.000,0.000,0.00,0.000,0.5,1.2,0.4,324,44,1.0,1.7,0.4,333,48,0.5,1.2,0.4,324,44,0,29.62,,0,0,0,71.4,70.0,68.2,0.40,0.36,0.38
BSPA,2017-08-21 22:15:00 EDT,43.02280,-73.87498,395,68.2,69.6,68.2,96.4,67.1,0.000,0.000,0.00,0.000,0.0,0.0,0.0,0,0,0.3,0.9,0.4,37,15,0.0,0.0,0.0,0,0,0,29.62,,0,0,0,71.4,70.0,68.2,0.40,0.36,0.38
BSPA,2017-08-21 22:20:00 EDT,43.02280,-73.87498,395,68.2,69.3,68.2,96.7,67.2,0.000,0.000,0.00,0.000,0.9,1.7,0.6,121,4,1.3,1.9,0.3,116,18,0.9,1.7,0.6,121,4,0,29.62,,0,0,0,71.4,70.0,68.2,0.40,0.36,0.38
BSPA,2017-08-21 22:25:00 EDT,43.02280,-73.87498,395,67.9,69.4,67.9,96.6,66.9,0.000,0.000,0.00,0.000,0.3,1.2,0.4,100,8,0.6,1.4,0.5,82,19,0.3,1.2,0.4,100,8,0,29.62,,0,0,0,71.4,70.0,68.2,0.40,0.36,0.38
BSPA,2017-08-21 22:30:00 EDT,43.02280,-73.87498,395,68.4,69.4,68.4,96.9,67.5,0.000,0.000,0.00,0.000,0.0,0.0,0.0,0,0,0.2,1.0,0.4,32,15,0.0,0.0,0.0,0,0,0,29.62,,0,0,0,71.4,70.0,68.2,0.40,0.36,0.38
BSPA,2017-08-21 22:35:00 EDT,43.02280,-73.87498,395,68.0,69.1,68.0,96.6,67.0,0.000,0.000,0.00,0.000,0.1,1.3,0.3,324,0,0.2,1.4,0.4,323,6,0.1,1.3,0.3,324,0,0,29.62,,0,0,0,71.4,70.0,68.2,0.40,0.36,0.38
BSPA,2017-08-21 22:40:00 EDT,43.02280,-73.87498,395,68.3,69.2,68.3,97.1,67.5,0.000,0.000,0.00,0.000,1.1,1.7,0.3,316,15,1.4,2.0,0.3,319,20,1.1,1.7,0.3,316,15,0,29.62,,0,0,0,71.4,70.0,68.2,0.40,0.36,0.38
BSPA,2017-08-21 22:45:00 EDT,43.02280,-73.87498,395,67.8,68.9,67.8,96.8,66.8,0.000,0.000,0.00,0.000,0.7,1.3,0.3,26,15,1.0,1.5,0.4,31,12,0.7,1.3,0.3,26,15,0,29.62,,0,0,0,71.4,70.0,68.2,0.40,0.36,0.38
BSPA,2017-08-21 22:50:00 EDT,43.02280,-73.87498,395,67.9,68.7,67.9,97.0,67.0,0.000,0.000,0.00,0.000,0.2,0.8,0.3,91,0,0.8,1.2,0.4,78,24,0.2,0.8,0.3,91,0,0,29.62,,0,0,0,71.4,70.0,68.2,0.40,0.36,0.38
BSPA,2017-08-21 22:55:00 EDT,43.02280,-73.87498,395,68.1,68.8,68.1,97.1,67.3,0.000,0.000,0.00,0.000,0.8,1.2,0.3,340,16,1.2,1.7,0.3,342,17,0.8,1.2,0.3,340,16,0,29.62,,0,0,0,71.4,70.0,68.2,0.40,0.36,0.38
BSPA,2017-08-21 23:00:00 EDT,43.02280,-73.87498,395,68.0,68.8,68.0,97.0,67.1,0.000,0.000,0.00,0.000,0.0,0.5,0.1,319,0,0.2,1.1,0.4,345,13,0.0,0.5,0.1,319,0,0,29.62,,0,0,0,71.4,70.0,68.2,0.40,0.36,0.38
BSPA,2017-08-21 23:05:00 EDT,43.02280,-73.87498,395,67.8,68.8,67.8,97.0,66.9,0.000,0.000,0.00,0.000,0.0,0.0,0.0,0,0,0.2,0.9,0.3,33,4,0.0,0.0,0.0,0,0,0,29.62,,0,0,0,71.2,70.0,68.2,0.40,0.36,0.38
BSPA,2017-08-21 23:10:00 EDT,43.02280,-73.87498,395,67.7,68.6,67.7,97.0,66.9,0.000,0.000,0.00,0.000,0.2,0.9,0.3,92,24,0.6,1.3,0.5,62,44,0.2,0.9,0.3,92,24,0,29.62,,0,0,0,71.1,70.0,68.2,0.40,0.36,0.38
BSPA,2017-08-21 23:15:00 EDT,43.02280,-73.87498,395,68.0,68.9,68.0,97.3,67.2,0.000,0.000,0.00,0.000,1.1,1.8,0.4,333,14,1.3,2.1,0.4,330,14,1.1,1.8,0.4,333,14,0,29.62,,0,0,0,71.1,70.0,68.2,0.40,0.36,0.38
BSPA,2017-08-21 23:20:00 EDT,43.02280,-73.87498,395,67.6,68.6,67.6,97.1,66.7,0.000,0.000,0.00,0.000,0.3,1.0,0.4,343,5,0.5,1.6,0.6,338,8,0.3,1.0,0.4,343,5,0,29.62,,0,0,0,71.1,70.0,68.2,0.40,0.36,0.38
BSPA,2017-08-21 23:25:00 EDT,43.02280,-73.87498,395,67.2,68.3,67.2,97.1,66.4,0.000,0.000,0.00,0.000,0.7,1.3,0.4,40,6,1.0,1.5,0.4,39,8,0.7,1.3,0.4,40,6,0,29.62,,0,0,0,71.1,70.0,68.2,0.40,0.36,0.38
BSPA,2017-08-21 23:30:00 EDT,43.02280,-73.87498,395,67.1,68.3,67.1,97.1,66.3,0.000,0.000,0.00,0.000,1.0,1.6,0.4,33,11,1.2,2.0,0.5,24,8,1.0,1.6,0.4,33,11,0,29.62,,0,0,0,71.1,70.0,68.2,0.40,0.36,0.38
BSPA,2017-08-21 23:35:00 EDT,43.02280,-73.87498,395,67.2,68.5,67.2,97.2,66.4,0.000,0.000,0.00,0.000,0.3,2.6,0.7,300,2,0.6,2.7,0.8,313,31,0.3,2.6,0.7,300,2,0,29.62,,0,0,0,71.1,70.0,68.2,0.40,0.36,0.38
BSPA,2017-08-21 23:40:00 EDT,43.02280,-73.87498,395,67.8,69.0,67.8,97.7,67.2,0.000,0.000,0.00,0.000,2.7,4.8,0.7,302,11,2.9,5.4,0.9,303,8,2.7,4.8,0.7,302,11,0,29.62,,0,0,0,71.1,70.0,68.2,0.40,0.36,0.38
BSPA,2017-08-21 23:45:00 EDT,43.02280,-73.87498,395,68.4,69.5,68.4,97.3,67.6,0.000,0.000,0.00,0.000,3.1,5.6,0.8,311,14,3.3,6.1,1.0,311,12,3.1,5.6,0.8,311,14,0,29.62,,0,0,0,71.1,70.0,68.2,0.40,0.36,0.38
BSPA,2017-08-21 23:50:00 EDT,43.02280,-73.87498,395,69.1,69.9,69.1,96.0,67.9,0.000,0.000,0.00,0.000,2.7,4.7,0.9,296,24,2.9,4.9,1.0,294,24,2.7,4.7,0.9,296,24,0,29.62,,0,0,0,71.1,70.0,68.2,0.40,0.36,0.38
BSPA,2017-08-21 23:55:00 EDT,43.02280,-73.87498,395,68.3,69.1,68.3,94.3,66.7,0.000,0.000,0.00,0.000,1.7,2.8,0.5,210,19,1.9,3.1,0.5,210,19,1.7,2.8,0.5,210,19,0,29.62,,0,0,0,71.0,70.0,68.2,0.40,0.36,0.38
BUFF,2017-08-21 00:00:00 EDT,43.00017,-78.76717,589,62.0,66.3,62.0,95.8,60.8,0.000,0.000,0.00,0.000,2.0,2.9,0.4,162,8,2.0,3.4,0.5,163,10,2.0,2.9,0.4,162,8,0,29.49,,0,0,0,71.4,71.8,70.3,0.45,0.41,0.43
BUFF,2017-08-21 00:05:00 EDT,43.00017,-78.76717,589,61.7,65.9,61.7,96.1,60.6,0.000,0.000,0.00,0.000,2.1,2.9,0.3,147,9,2.2,3.4,0.4,148,11,2.1,2.9,0.3,147,9,0,29.49,,0,0,0,71.4,71.8,70.3,0.46,0.41,0.45
BUFF,2017-08-21 00:10:00 EDT,43.00017,-78.76717,589,61.3,65.4,61.3,96.1,60.2,0.000,0.000,0.00,0.000,1.8,2.6,0.2,145,5,1.8,2.9,0.3,144,6,1.8,2.6,0.2,145,5,0,29.49,,0,0,0,71.4,71.8,70.3,0.46,0.41,0.45
BUFF,2017-08-21 00:15:00 EDT,43.00017,-78.76717,589,61.8,65.6,61.8,96.6,60.8,0.000,0.000,0.00,0.000,1.8,2.6,0.3,144,3,1.7,2.9,0.3,144,6,1.8,2.6,0.3,144,3,0,29.49,,0,0,0,71.4,71.8,70.3,0.46,0.42,0.45
BUFF,2017-08-21 00:20:00 EDT,43.00017,-78.76717,589,61.6,65.2,61.6,96.6,60.6,0.000,0.000,0.00,0.000,1.7,2.3,0.2,148,5,1.7,2.3,0.2,145,6,1.7,2.3,0.2,148,5,0,29.49,,0,0,0,71.4,71.8,70.3,0.46,0.41,0.45
BUFF,2017-08-21 00:25:00 EDT,43.00017,-78.76717,589,61.5,64.6,61.5,96.8,60.5,0.000,0.000,0.00,0.000,1.7,2.4,0.2,150,5,1.7,2.5,0.3,148,6,1.7,2.4,0.2,150,5,0,29.49,,0,0,0,71.1,71.8,70.3,0.46,0.42,0.45
BUFF,2017-08-21 00:30:00 EDT,43.00017,-78.76717,589,61.2,64.4,61.2,96.8,60.3,0.000,0.000,0.00,0.000,1.8,2.3,0.2,146,3,1.7,2.3,0.2,143,5,1.8,2.3,0.2,146,3,0,29.49,,0,0,0,71.1,71.8,70.3,0.46,0.41,0.43
BUFF,2017-08-21 00:35:00 EDT,43.00017,-78.76717,589,60.9,64.3,60.9,97.0,60.1,0.000,0.000,0.00,0.000,1.8,2.4,0.2,147,4,1.7,2.3,0.2,146,6,1.8,2.4,0.2,147,4,0,29.49,,0,0,0,71.1,71.8,70.3,0.46,0.42,0.43
BUFF,2017-08-21 00:40:00 EDT,43.00017,-78.76717,589,61.4,64.7,61.4,97.1,60.6,0.000,0.000,0.00,0.000,1.3,2.1,0.3,160,8,1.5,2.3,0.3,162,12,1.3,2.1,0.3,160,8,0,29.49,,0,0,0,71.1,71.8,70.3,0.46,0.41,0.43
BUFF,2017-08-21 00:45:00 EDT,43.00017,-78.76717,589,61.2,64.6,61.2,96.6,60.2,0.000,0.000,0.00,0.000,1.0,1.9,0.3,168,5,1.2,2.3,0.4,166,14,1.0,1.9,0.3,168,5,0,29.49,,0,0,0,71.1,71.8,70.3,0.46,0.42,0.45
BUFF,2017-08-21 00:50:00 EDT,43.00017,-78.76717,589,60.4,64.6,60.4,95.9,59.2,0.000,0.000,0.00,0.000,0.9,2.0,0.4,165,8,1.0,2.6,0.5,157,14,0.9,2.0,0.4,165,8,0,29.49,,0,0,0,70.9,71.8,70.3,0.46,0.42,0.45
BUFF,2017-08-21 00:55:00 EDT,43.00017,-78.76717,589,60.3,64.3,60.3,96.1,59.1,0.000,0.000,0.00,0.000,0.8,1.9,0.4,128,16,1.0,2.2,0.5,125,18,0.8,1.9,0.4,128,16,0,29.49,,0,0,0,70.7,71.8,70.3,0.46,0.41,0.43
BUFF,2017-08-21 01:00:00 EDT,43.00017,-78.76717,589,60.4,63.9,60.4,96.3,59.3,0.000,0.000,0.00,0.000,0.5,1.0,0.3,112,13,0.9,1.7,0.3,94,20,0.5,1.0,0.3,112,13,0,29.49,,0,0,0,70.7,71.8,70.3,0.46,0.42,0.45
BUFF,2017-08-21 01:05:00 EDT,43.00017,-78.76717,589,60.3,63.9,60.3,96.3,59.2,0.000,0.000,0.00,0.000,0.7,1.3,0.3,103,10,0.8,1.6,0.5,97,13,0.7,1.3,0.3,103,10,0,29.49,,0,0,0,70.7,71.7,70.3,0.46,0.41,0.45
BUFF,2017-08-21 01:10:00 EDT,43.00017,-78.76717,589,60.4,63.7,60.4,96.4,59.4,0.000,0.000,0.00,0.000,0.7,1.3,0.3,127,10,0.9,1.9,0.4,116,15,0.7,1.3,0.3,127,10,0,29.49,,0,0,0,70.7,71.7,70.3,0.46,0.41,0.44
BUFF,2017-08-21 01:15:00 EDT,43.00017,-78.76717,589,59.9,63.5,59.9,96.2,58.8,0.000,0.000,0.00,0.000,1.4,2.1,0.3,129,8,1.4,2.1,0.3,127,13,1.4,2.1,0.3,129,8,0,29.49,,0,0,0,70.7,71.7,70.3,0.46,0.41,0.45
BUFF,2017-08-21 01:20:00 EDT,43.00017,-78.76717,589,59.9,62.9,59.9,96.1,58.8,0.000,0.000,0.00,0.000,1.6,2.3,0.3,127,9,1.6,2.3,0.3,127,10,1.6,2.3,0.3,127,9,0,29.49,,0,0,0,70.7,71.6,70.3,0.46,0.42,0.45
BUFF,2017-08-21 01:25:00 EDT,43.00017,-78.76717,589,60.3,63.3,60.3,96.3,59.2,0.000,0.000,0.00,0.000,2.4,3.4,0.6,155,7,2.5,3.8,0.8,156,9,2.4,3.4,0.6,155,7,0,29.49,,0,0,0,70.7,71.5,70.3,0.46,0.41,0.45
BUFF,2017-08-21 01:30:00 EDT,43.00017,-78.76717,589,60.8,65.2,60.8,96.9,59.9,0.000,0.000,0.00,0.000,3.8,5.7,0.6,161,8,4.0,6.1,0.7,163,9,3.8,5.7,0.6,161,8,0,29.49,,0,0,0,70.6,71.5,70.3,0.46,0.42,0.45
BUFF,2017-08-21 01:35:00 EDT,43.00017,-78.76717,589,62.4,65.6,62.4,96.5,61.4,0.000,0.000,0.00,0.000,3.8,5.8,0.7,158,9,3.9,6.3,0.9,160,9,3.8,5.8,0.7,158,9,0,29.49,,0,0,0,70.4,71.4,70.3,0.46,0.42,0.45
BUFF,2017-08-21 01:40:00 EDT,43.00017,-78.76717,589,63.1,65.7,63.1,92.8,61.0,0.000,0.000,0.00,0.000,3.6,5.2,0.7,156,11,4.0,5.7,0.9,158,9,3.6,5.2,0.7,156,11,0,29.49,,0,0,0,70.3,71.4,70.3,0.46,0.42,0.45
BUFF,2017-08-21 01:45:00 EDT,43.00017,-78.76717,589,63.7,65.7,63.7,89.5,60.6,0.000,0.000,0.00,0.000,3.4,5.1,0.7,158,12,3.5,5.9,0.9,160,12,3.4,5.1,0.7,158,12,0,29.49,,0,0,0,70.3,71.4,70.3,0.46,0.41,0.45
BUFF,2017-08-21 01:50:00 EDT,43.00017,-78.76717,589,64.1,65.6,64.1,87.1,60.2,0.000,0.000,0.00,0.000,2.6,4.5,0.6,142,11,2.6,4.5,0.6,144,11,2.6,4.5,0.6,142,11,0,29.48,,0,0,0,70.3,71.4,70.3,0.46,0.42,0.45
BUFF,2017-08-21 01:55:00 EDT,43.00017,-78.76717,589,63.3,65.5,63.3,85.5,58.9,0.000,0.000,0.00,0.000,2.4,3.7,0.4,131,9,2.4,3.8,0.5,134,7,2.4,3.7,0.4,131,9,0,29.48,,0,0,0,70.3,71.4,70.3,0.46,0.42,0.45
BUFF,2017-08-21 02:00:00 EDT,43.00017,-78.76717,589,62.8,65.3,62.8,87.2,59.0,0.000,0.000,0.00,0.000,2.4,3.7,0.5,135,9,2.3,4.1,0.6,137,7,2.4,3.7,0.5,135,9,0,29.48,,0,0,0,70.3,71.4,70.3,0.46,0.42,0.43
BUFF,2017-08-21 02:05:00 EDT,43.00017,-78.76717,589,63.5,65.3,63.5,87.6,59.7,0.000,0.000,0.00,0.000,2.6,3.5,0.4,131,10,2.6,4.1,0.5,134,8,2.6,3.5,0.4,131,10,0,29.48,,0,0,0,70.3,71.4,70.3,0.46,0.42,0.45
BUFF,2017-08-21 02:10:00 EDT,43.00017,-78.76717,589,63.0,65.2,63.0,86.7,58.9,0.000,0.000,0.00,0.000,2.3,3.9,0.5,132,8,2.2,4.0,0.5,135,7,2.3,3.9,0.5,132,8,0,29.48,,0,0,0,70.1,71.4,70.3,0.46,0.41,0.45
BUFF,2017-08-21 02:15:00 EDT,43.00017,-78.76717,589,63.3,65.1,63.3,87.2,59.4,0.000,0.000,0.00,0.000,2.3,3.5,0.4,141,10,2.3,3.8,0.4,143,8,2.3,3.5,0.4,141,10,0,29.48,,0,0,0,70.0,71.4,70.3,0.46,0.42,0.45
BUFF,2017-08-21 02:20:00 EDT,43.00017,-78.76717,589,63.1,65.1,63.1,87.5,59.3,0.000,0.000,0.00,0.000,2.1,3.9,0.6,149,8,2.2,4.1,0.6,150,9,2.1,3.9,0.6,149,8,0,29.48,,0,0,0,70.0,71.4,70.3,0.46,0.41,0.45
BUFF,2017-08-21 02:25:00 EDT,43.00017,-78.76717,589,62.6,64.9,62.6,88.9,59.2,0.000,0.000,0.00,0.000,1.1,2.3,0.4,165,12,1.2,2.4,0.5,165,19,1.1,2.3,0.4,165,12,0,29.48,,0,0,0,70.0,71.4,70.3,0.46,0.41,0.45
BUFF,2017-08-21 02:30:00 EDT,43.00017,-78.76717,589,62.4,64.9,62.4,89.7,59.4,0.000,0.000,0.00,0.000,1.4,3.3,0.8,179,13,1.7,3.6,0.8,178,17,1.4,3.3,0.8,179,13,0,29.48,,0,0,0,70.0,71.4,70.3,0.46,0.41,0.43
BUFF,2017-08-21 02:35:00 EDT,43.00017,-78.76717,589,62.4,65.0,62.4,90.7,59.7,0.000,0.000,0.00,0.000,0.9,2.3,0.6,175,8,1.0,2.6,0.8,174,12,0.9,2.3,0.6,175,8,0,29.48,,0,0,0,70.0,71.4,70.3,0.46,0.41,0.45
BUFF,2017-08-21 02:40:00 EDT,43.00017,-78.76717,589,61.6,64.9,61.6,92.1,59.3,0.000,0.000,0.00,0.000,0.2,0.9,0.3,165,0,0.3,1.4,0.5,171,11,0.2,0.9,0.3,165,0,0,29.48,,0,0,0,70.0,71.4,70.3,0.46,0.42,0.45
BUFF,2017-08-21 02:45:00 EDT,43.00017,-78.76717,589,61.4,64.9,61.4,93.4,59.5,0.000,0.000,0.00,0.000,0.3,1.3,0.3,132,15,0.6,1.6,0.5,121,25,0.3,1.3,0.3,132,15,0,29.48,,0,0,0,70.0,71.4,70.3,0.46,0.42,0.45
BUFF,2017-08-21 02:50:00 EDT,43.00017,-78.76717,589,60.5,64.8,60.5,93.3,58.6,0.000,0.000,0.00,0.000,0.7,1.5,0.5,136,13,1.0,1.7,0.4,130,19,0.7,1.5,0.5,136,13,0,29.48,,0,0,0,70.0,71.4,70.3,0.46,0.41,0.45
BUFF,2017-08-21 02:55:00 EDT,43.00017,-78.76717,589,60.6,64.3,60.6,93.7,58.8,0.000,0.000,0.00,0.000,1.1,1.7,0.2,139,5,1.2,1.8,0.2,131,8,1.1,1.7,0.2,139,5,0,29.48,,0,0,0,70.0,71.4,70.3,0.46,0.42,0.43
BUFF,2017-08-21 03:00:00 EDT,43.00017,-78.76717,589,60.9,64.0,60.9,94.7,59.4,0.000,0.000,0.00,0.000,1.3,2.3,0.6,141,5,1.3,2.6,0.5,137,9,1.3,2.3,0.6,141,5,0,29.48,,0,0,0,70.0,71.4,70.3,0.46,0.42,0.45
BUFF,2017-08-21 03:05:00 EDT,43.00017,-78.76717,589,60.8,64.6,60.8,95.2,59.4,0.000,0.000,0.00,0.000,1.8,2.3,0.3,134,4,1.8,2.7,0.3,134,5,1.8,2.3,0.3,134,4,0,29.48,,0,0,0,70.0,71.4,70.3,0.46,0.41,0.45
BUFF,2017-08-21 03:10:00 EDT,43.00017,-78.76717,589,61.2,64.5,61.2,95.9,60.0,0.000,0.000,0.00,0.000,1.3,2.3,0.3,144,6,1.3,2.5,0.3,141,7,1.3,2.3,0.3,144,6,0,29.48,,0,0,0,69.9,71.4,70.3,0.46,0.42,0.45
BUFF,2017-08-21 03:15:00 EDT,43.00017,-78.76717,589,61.7,64.6,61.7,96.3,60.6,0.000,0.000,0.00,0.000,1.5,2.0,0.2,135,5,1.5,2.0,0.2,133,8,1.5,2.0,0.2,135,5,0,29.48,,0,0,0,69.7,71.4,70.3,0.46,0.42,0.45
BUFF,2017-08-21 03:20:00 EDT,43.00017,-78.76717,589,61.4,64.3,61.4,96.3,60.4,0.000,0.000,0.00,0.000,1.5,2.0,0.3,133,7,1.5,2.3,0.3,131,9,1.5,2.0,0.3,133,7,0,29.48,,0,0,0,69.6,71.4,70.3,0.46,0.41,0.45
BUFF,2017-08-21 03:25:00 EDT,43.00017,-78.76717,589,61.4,64.4,61.4,96.3,60.3,0.000,0.000,0.00,0.000,1.4,2.0,0.2,134,4,1.3,1.9,0.2,133,6,1.4,2.0,0.2,134,4,0,29.48,,0,0,0,69.6,71.4,70.3,0.46,0.42,0.45
BUFF,2017-08-21 03:30:00 EDT,43.00017,-78.76717,589,61.8,64.7,61.8,96.7,60.9,0.000,0.000,0.00,0.000,1.1,1.6,0.2,141,9,1.1,1.7,0.2,137,10,1.1,1.6,0.2,141,9,0,29.48,,0,0,0,69.6,71.4,70.3,0.46,0.41,0.45
BUFF,2017-08-21 03:35:00 EDT,43.00017,-78.76717,589,61.9,64.8,61.9,96.5,60.9,0.000,0.000,0.00,0.000,1.1,1.5,0.2,114,12,1.3,1.9,0.3,111,13,1.1,1.5,0.2,114,12,0,29.48,,0,0,0,69.6,71.4,70.3,0.45,0.42,0.45
BUFF,2017-08-21 03:40:00 EDT,43.00017,-78.76717,589,60.9,64.2,60.9,95.8,59.7,0.000,0.000,0.00,0.000,1.0,1.2,0.1,85,1,1.4,1.7,0.2,81,10,1.0,1.2,0.1,85,1,0,29.48,,0,0,0,69.6,71.4,70.3,0.46,0.42,0.45
BUFF,2017-08-21 03:45:00 EDT,43.00017,-78.76717,589,60.9,63.5,60.9,96.1,59.8,0.000,0.000,0.00,0.000,1.3,1.6,0.2,85,0,1.7,2.2,0.2,83,7,1.3,1.6,0.2,85,0,0,29.48,,0,0,0,69.6,71.2,70.3,0.46,0.42,0.45
BUFF,2017-08-21 03:50:00 EDT,43.00017,-78.76717,589,61.1,63.4,61.1,96.5,60.1,0.000,0.000,0.00,0.000,0.7,1.2,0.2,85,0,1.1,1.6,0.2,68,12,0.7,1.2,0.2,85,0,0,29.48,,0,0,0,69.6,71.1,70.3,0.46,0.42,0.45
BUFF,2017-08-21 03:55:00 EDT,43.00017,-78.76717,589,61.2,63.5,61.2,96.8,60.3,0.000,0.000,0.00,0.000,1.1,1.2,0.1,85,0,1.4,1.7,0.2,70,14,1.1,1.2,0.1,85,0,0,29.48,,0,0,0,69.6,71.1,70.3,0.46,0.42,0.44
BUFF,2017-08-21 04:00:00 EDT,43.00017,-78.76717,589,61.3,63.2,61.3,97.2,60.5,0.000,0.000,0.00,0.000,0.6,0.9,0.2,85,81,0.9,1.3,0.2,93,10,0.6,0.9,0.2,85,81,0,29.48,,0,0,0,69.6,71.1,70.4,0.46,0.41,0.45
BUFF,2017-08-21 04:05:00 EDT,43.00017,-78.76717,589,61.4,63.3,61.4,97.2,60.6,0.000,0.000,0.00,0.000,0.8,0.9,0.1,85,81,1.1,1.3,0.1,91,11,0.8,0.9,0.1,85,81,0,29.48,,0,0,0,69.5,71.1,70.3,0.46,0.42,0.45
BUFF,2017-08-21 04:10:00 EDT,43.00017,-78.76717,589,61.2,63.1,61.2,97.2,60.4,0.000,0.000,0.00,0.000,0.1,0.6,0.2,85,0,0.4,1.1,0.4,107,6,0.1,0.6,0.2,85,0,0,29.48,,0,0,0,69.5,71.1,70.3,0.46,0.41,0.45
BUFF,2017-08-21 04:15:00 EDT,43.00017,-78.76717,589,61.7,62.9,61.7,97.4,60.9,0.000,0.000,0.00,0.000,0.4,1.1,0.4,85,0,0.8,1.5,0.4,83,8,0.4,1.1,0.4,85,0,0,29.48,,0,0,0,69.3,71.1,70.3,0.45,0.41,0.45
BUFF,2017-08-21 04:20:00 EDT,43.00017,-78.76717,589,61.9,62.8,61.9,97.5,61.2,0.000,0.000,0.00,0.000,0.4,0.8,0.3,90,7,0.8,1.4,0.4,101,9,0.4,0.8,0.3,90,7,0,29.48,,0,0,0,69.3,71.1,70.3,0.45,0.42,0.45
BUFF,2017-08-21 04:25:00 EDT,43.00017,-78.76717,589,62.0,63.2,62.0,97.6,61.3,0.000,0.000,0.00,0.000,1.4,2.0,0.3,132,9,1.5,2.2,0.3,133,9,1.4,2.0,0.3,132,9,0,29.48,,0,0,0,69.3,71.1,70.3,0.45,0.42,0.43
BUFF,2017-08-21 04:30:00 EDT,43.00017,-78.76717,589,61.9,63.8,61.9,97.6,61.2,0.000,0.000,0.00,0.000,1.3,1.8,0.2,141,2,1.3,2.2,0.2,138,6,1.3,1.8,0.2,141,2,0,29.48,,0,0,0,69.3,71.1,70.3,0.45,0.42,0.45
BUFF,2017-08-21 04:35:00 EDT,43.00017,-78.76717,589,61.6,64.4,61.6,97.6,60.9,0.000,0.000,0.00,0.000,1.0,1.8,0.2,150,6,1.0,2.5,0.4,150,10,1.0,1.8,0.2,150,6,0,29.48,,0,0,0,69.3,71.1,70.4,0.45,0.42,0.43
BUFF,2017-08-21 04:40:00 EDT,43.00017,-78.76717,589,62.0,64.6,62.0,97.7,61.4,0.000,0.000,0.00,0.000,1.0,1.2,0.1,147,5,1.0,1.4,0.2,138,9,1.0,1.2,0.1,147,5,0,29.48,,0,0,0,69.3,71.1,70.3,0.45,0.41,0.45
BUFF,2017-08-21 04:45:00 EDT,43.00017,-78.76717,589,61.5,63.7,61.5,97.6,60.8,0.000,0.000,0.00,0.000,0.4,1.1,0.4,138,0,0.5,1.1,0.5,121,10,0.4,1.1,0.4,138,0,0,29.48,,0,0,0,69.3,71.1,70.3,0.45,0.42,0.45
BUFF,2017-08-21 04:50:00 EDT,43.00017,-78.76717,589,61.6,63.8,61.6,97.6,60.9,0.000,0.000,0.00,0.000,1.8,2.6,0.4,149,8,1.7,3.1,0.5,147,10,1.8,2.6,0.4,149,8,0,29.48,,0,0,0,69.3,71.1,70.3,0.46,0.41,0.45
BUFF,2017-08-21 04:55:00 EDT,43.00017,-78.76717,589,61.5,65.0,61.5,97.6,60.8,0.000,0.000,0.00,0.000,1.8,2.9,0.4,172,12,2.0,3.6,0.6,173,13,1.8,2.9,0.4,172,12,0,29.48,,0,0,0,69.3,71.1,70.3,0.45,0.42,0.45
BUFF,2017-08-21 05:00:00 EDT,43.00017,-78.76717,589,61.5,65.1,61.5,97.7,60.9,0.000,0.000,0.00,0.000,0.9,1.7,0.3,150,13,1.1,1.9,0.4,149,16,0.9,1.7,0.3,150,13,0,29.48,,0,0,0,69.3,71.1,70.3,0.46,0.41,0.45
BUFF,2017-08-21 05:05:00 EDT,43.00017,-78.76717,589,61.8,64.2,61.8,97.9,61.2,0.000,0.000,0.00,0.000,1.2,2.6,0.4,127,16,1.3,2.4,0.4,124,18,1.2,2.6,0.4,127,16,0,29.48,,0,0,0,69.3,71.1,70.4,0.45,0.42,0.45
BUFF,2017-08-21 05:10:00 EDT,43.00017,-78.76717,589,61.2,63.4,61.2,97.6,60.5,0.000,0.000,0.00,0.000,0.7,1.5,0.4,119,13,0.8,1.8,0.4,118,14,0.7,1.5,0.4,119,13,0,29.48,,0,0,0,69.3,71.1,70.3,0.45,0.42,0.43
BUFF,2017-08-21 05:15:00 EDT,43.00017,-78.76717,589,61.6,64.0,61.6,97.7,61.0,0.000,0.000,0.00,0.000,1.7,2.1,0.2,149,6,1.6,2.8,0.3,148,8,1.7,2.1,0.2,149,6,0,29.48,,0,0,0,69.3,71.0,70.3,0.45,0.42,0.45
BUFF,2017-08-21 05:20:00 EDT,43.00017,-78.76717,589,61.4,64.6,61.4,97.8,60.8,0.000,0.000,0.00,0.000,1.8,2.5,0.3,142,7,1.7,2.2,0.3,140,8,1.8,2.5,0.3,142,7,0,29.48,,0,0,0,69.3,70.8,70.3,0.45,0.41,0.45
BUFF,2017-08-21 05:25:00 EDT,43.00017,-78.76717,589,61.1,63.4,61.1,97.7,60.4,0.000,0.000,0.00,0.000,1.0,1.8,0.5,125,1,1.1,1.8,0.5,118,8,1.0,1.8,0.5,125,1,0,29.48,,0,0,0,69.2,70.8,70.3,0.45,0.42,0.45
BUFF,2017-08-21 05:30:00 EDT,43.00017,-78.76717,589,61.5,63.6,61.5,97.8,60.8,0.000,0.000,0.00,0.000,1.7,2.0,0.2,123,4,1.7,2.2,0.2,125,5,1.7,2.0,0.2,123,4,0,29.48,,0,0,0,69.2,70.7,70.3,0.45,0.42,0.45
BUFF,2017-08-21 05:35:00 EDT,43.00017,-78.76717,589,61.3,64.1,61.3,97.9,60.7,0.000,0.000,0.00,0.000,1.5,1.9,0.2,121,4,1.6,2.0,0.2,119,8,1.5,1.9,0.2,121,4,0,29.47,,0,0,0,69.1,70.7,70.3,0.45,0.41,0.45
BUFF,2017-08-21 05:40:00 EDT,43.00017,-78.76717,589,61.3,64.1,61.3,97.9,60.7,0.000,0.000,0.00,0.000,1.0,1.5,0.2,103,8,1.3,2.0,0.2,98,12,1.0,1.5,0.2,103,8,0,29.47,,0,0,0,68.9,70.7,70.3,0.45,0.42,0.45
BUFF,2017-08-21 05:45:00 EDT,43.00017,-78.76717,589,61.4,64.2,61.4,98.1,60.8,0.000,0.000,0.00,0.000,1.2,1.7,0.3,105,8,1.5,2.2,0.3,102,14,1.2,1.7,0.3,105,8,0,29.47,,0,0,0,68.9,70.7,70.3,0.45,0.41,0.45
BUFF,2017-08-21 05:50:00 EDT,43.00017,-78.76717,589,61.3,64.4,61.3,98.0,60.7,0.000,0.000,0.00,0.000,1.4,1.8,0.3,79,4,1.8,2.4,0.4,81,7,1.4,1.8,0.3,79,4,0,29.47,,0,0,0,68.9,70.7,70.3,0.45,0.42,0.45
BUFF,2017-08-21 05:55:00 EDT,43.00017,-78.76717,589,61.1,63.8,61.1,97.9,60.5,0.000,0.000,0.00,0.000,2.0,2.4,0.1,71,7,2.3,2.9,0.3,72,10,2.0,2.4,0.1,71,7,0,29.47,,0,0,0,68.9,70.7,70.3,0.45,0.42,0.45
BUFF,2017-08-21 06:00:00 EDT,43.00017,-78.76717,589,61.2,63.5,61.2,97.9,60.6,0.000,0.000,0.00,0.000,1.6,2.2,0.4,75,14,1.9,2.6,0.5,76,16,1.6,2.2,0.4,75,14,0,29.47,,0,0,0,68.9,70.7,70.3,0.45,0.42,0.45
BUFF,2017-08-21 06:05:00 EDT,43.00017,-78.76717,589,61.9,64.4,61.9,98.1,61.3,0.000,0.000,0.00,0.000,2.2,3.9,0.9,193,9,2.4,4.4,0.9,199,10,2.2,3.9,0.9,193,9,0,29.48,,0,0,0,68.9,70.7,70.3,0.45,0.42,0.45
BUFF,2017-08-21 06:10:00 EDT,43.00017,-78.76717,589,61.5,65.2,61.5,97.6,60.8,0.000,0.000,0.00,0.000,0.7,1.6,0.4,159,20,0.8,1.6,0.5,153,36,0.7,1.6,0.4,159,20,0,29.47,,0,0,0,68.9,70.7,70.3,0.45,0.42,0.45
BUFF,2017-08-21 06:15:00 EDT,43.00017,-78.76717,589,60.9,64.3,60.9,96.9,60.0,0.000,0.000,0.00,0.000,0.8,3.1,0.6,148,13,1.0,2.5,0.6,149,19,0.8,3.1,0.6,148,13,0,29.48,,0,0,0,68.9,70.7,70.3,0.45,0.41,0.45
BUFF,2017-08-21 06:20:00 EDT,43.00017,-78.76717,589,60.7,64.4,60.7,97.1,59.9,0.000,0.000,0.00,0.000,1.6,2.8,0.5,154,9,1.6,2.9,0.6,153,13,1.6,2.8,0.5,154,9,1,29.48,,0,0,0,68.9,70.7,70.3,0.45,0.41,0.45
BUFF,2017-08-21 06:25:00 EDT,43.00017,-78.76717,589,61.2,64.9,61.2,97.4,60.4,0.000,0.000,0.00,0.000,0.8,2.2,0.3,136,12,0.9,2.4,0.4,127,19,0.8,2.2,0.3,136,12,1,29.48,,0,0,0,68.9,70.7,70.3,0.45,0.42,0.44
BUFF,2017-08-21 06:30:00 EDT,43.00017,-78.76717,589,61.5,64.3,61.5,97.4,60.8,0.000,0.000,0.00,0.000,1.1,1.8,0.3,121,10,1.3,1.7,0.2,118,12,1.1,1.8,0.3,121,10,2,29.48,,0,0,0,68.9,70.7,70.3,0.45,0.41,0.45
BUFF,2017-08-21 06:35:00 EDT,43.00017,-78.76717,589,60.7,64.2,60.7,97.0,59.9,0.000,0.000,0.00,0.000,1.6,2.6,0.3,111,14,1.8,2.6,0.3,109,17,1.6,2.6,0.3,111,14,3,29.48,,0,0,0,68.9,70.7,70.3,0.45,0.42,0.44
BUFF,2017-08-21 06:40:00 EDT,43.00017,-78.76717,589,61.1,64.7,61.1,97.0,60.3,0.000,0.000,0.00,0.000,1.4,2.3,0.2,124,8,1.5,2.2,0.2,122,9,1.4,2.3,0.2,124,8,4,29.48,,0,0,0,68.9,70.7,70.3,0.45,0.42,0.45
BUFF,2017-08-21 06:45:00 EDT,43.00017,-78.76717,589,61.8,64.9,61.8,97.3,61.0,0.000,0.000,0.00,0.000,1.1,1.8,0.4,118,14,1.3,2.0,0.3,115,14,1.1,1.8,0.4,118,14,6,29.48,,0,0,0,68.9,70.7,70.3,0.46,0.41,0.45
BUFF,2017-08-21 06:50:00 EDT,43.00017,-78.76717,589,61.4,64.5,61.4,96.9,60.5,0.000,0.000,0.00,0.000,0.1,0.4,0.2,102,0,0.3,1.1,0.4,126,9,0.1,0.4,0.2,102,0,8,29.48,,0,0,0,68.8,70.7,70.3,0.46,0.42,0.45
BUFF,2017-08-21 06:55:00 EDT,43.00017,-78.76717,589,61.8,64.2,61.8,96.7,60.8,0.000,0.000,0.00,0.000,0.0,0.0,0.0,0,0,0.3,1.1,0.4,0,16,0.0,0.0,0.0,0,0,12,29.48,,0,0,0,68.6,70.7,70.3,0.46,0.42,0.45
BUFF,2017-08-21 07:00:00 EDT,43.00017,-78.76717,589,61.4,64.2,61.4,96.4,60.4,0.000,0.000,0.00,0.000,0.0,0.0,0.0,0,0,0.6,1.2,0.4,48,8,0.0,0.0,0.0,0,0,23,29.48,,0,0,0,68.6,70.7,70.3,0.46,0.42,0.44
BUFF,2017-08-21 07:05:00 EDT,43.00017,-78.76717,589,61.7,64.0,61.7,96.6,60.8,0.000,0.000,0.00,0.000,0.0,0.0,0.0,0,0,0.4,1.2,0.4,21,16,0.0,0.0,0.0,0,0,29,29.48,,0,0,0,68.5,70.7,70.3,0.46,0.42,0.45
BUFF,2017-08-21 07:10:00 EDT,43.00017,-78.76717,589,62.1,64.4,62.1,96.6,61.2,0.000,0.000,0.00,0.000,0.5,0.9,0.4,102,0,0.9,1.3,0.4,96,10,0.5,0.9,0.4,102,0,25,29.48,,0,0,0,68.5,70.7,70.3,0.46,0.42,0.45
BUFF,2017-08-21 07:15:00 EDT,43.00017,-78.76717,589,62.4,64.2,62.4,96.4,61.4,0.000,0.000,0.00,0.000,0.4,0.8,0.3,102,0,0.7,1.2,0.3,98,8,0.4,0.8,0.3,102,0,26,29.48,,0,0,0,68.5,70.7,70.3,0.46,0.42,0.45
BUFF,2017-08-21 07:20:00 EDT,43.00017,-78.76717,589,62.7,64.4,62.7,96.5,61.7,0.000,0.000,0.00,0.000,0.8,2.1,0.7,132,16,1.1,2.1,0.5,132,14,0.8,2.1,0.7,132,16,37,29.48,,0,0,0,68.5,70.6,70.3,0.46,0.41,0.45
BUFF,2017-08-21 07:25:00 EDT,43.00017,-78.76717,589,63.2,64.7,63.2,96.6,62.3,0.000,0.000,0.00,0.000,2.1,2.5,0.2,138,7,2.0,2.9,0.3,139,6,2.1,2.5,0.2,138,7,65,29.48,,0,0,0,68.5,70.5,70.3,0.46,0.41,0.45
BUFF,2017-08-21 07:30:00 EDT,43.00017,-78.76717,589,64.1,65.4,64.1,96.8,63.2,0.000,0.000,0.00,0.000,1.6,2.6,0.6,139,5,1.4,2.9,0.7,138,7,1.6,2.6,0.6,139,5,84,29.48,,0,0,0,68.5,70.4,70.3,0.46,0.41,0.45
BUFF,2017-08-21 07:35:00 EDT,43.00017,-78.76717,589,64.8,65.5,64.8,96.3,63.7,0.000,0.000,0.00,0.000,1.5,2.1,0.3,132,9,1.5,2.2,0.3,130,10,1.5,2.1,0.3,132,9,46,29.48,,0,0,0,68.5,70.3,70.3,0.46,0.42,0.45
BUFF,2017-08-21 07:40:00 EDT,43.00017,-78.76717,589,65.1,66.2,65.1,95.2,63.7,0.000,0.000,0.00,0.000,2.7,3.5,0.5,141,4,2.6,3.5,0.5,141,4,2.7,3.5,0.5,141,4,42,29.48,,0,0,0,68.5,70.3,70.3,0.46,0.41,0.45
BUFF,2017-08-21 07:45:00 EDT,43.00017,-78.76717,589,65.3,67.6,65.3,93.6,63.4,0.000,0.000,0.00,0.000,3.5,4.5,0.4,150,6,3.5,4.8,0.5,149,6,3.5,4.5,0.4,150,6,45,29.48,,0,0,0,68.5,70.3,70.3,0.46,0.41,0.45
BUFF,2017-08-21 07:50:00 EDT,43.00017,-78.76717,589,65.4,67.8,65.4,92.6,63.2,0.000,0.000,0.00,0.000,1.7,3.4,0.7,153,7,1.7,3.6,0.8,150,12,1.7,3.4,0.7,153,7,92,29.48,,0,0,0,68.5,70.3,70.3,0.46,0.41,0.45
BUFF,2017-08-21 07:55:00 EDT,43.00017,-78.76717,589,66.2,66.9,66.2,93.0,64.1,0.000,0.000,0.00,0.000,0.2,1.1,0.3,53,10,0.7,1.7,0.5,69,48,0.2,1.1,0.3,53,10,186,29.48,,0,0,0,68.5,70.3,70.3,0.46,0.41,0.45
BUFF,2017-08-21 08:00:00 EDT,43.00017,-78.76717,589,67.5,68.1,67.5,86.8,63.4,0.000,0.000,0.00,0.000,1.6,3.2,0.7,187,26,1.8,3.3,0.6,191,12,1.6,3.2,0.7,187,26,100,29.49,,0,0,0,68.5,70.3,70.3,0.46,0.41,0.45
BUFF,2017-08-21 08:05:00 EDT,43.00017,-78.76717,589,67.9,68.7,67.9,86.8,63.8,0.000,0.000,0.00,0.000,2.4,4.3,0.8,192,14,2.5,4.7,0.9,195,14,2.4,4.3,0.8,192,14,100,29.49,,0,0,0,68.5,70.3,70.3,0.46,0.41,0.45
BUFF,2017-08-21 08:10:00 EDT,43.00017,-78.76717,589,68.6,69.1,68.6,81.6,62.8,0.000,0.000,0.00,0.000,2.5,4.3,0.6,206,13,2.4,4.4,0.7,209,11,2.5,4.3,0.6,206,13,103,29.49,,0,0,0,68.5,70.3,70.3,0.46,0.42,0.45
BUFF,2017-08-21 08:15:00 EDT,43.00017,-78.76717,589,69.2,69.7,69.2,78.8,62.3,0.000,0.000,0.00,0.000,3.7,5.5,0.7,205,13,3.7,5.9,0.9,208,13,3.7,5.5,0.7,205,13,89,29.50,,0,0,0,68.5,70.3,70.3,0.46,0.42,0.45
BUFF,2017-08-21 08:20:00 EDT,43.00017,-78.76717,589,69.6,70.1,69.6,78.4,62.6,0.000,0.000,0.00,0.000,2.5,4.2,0.8,198,13,2.6,4.9,0.8,202,13,2.5,4.2,0.8,198,13,94,29.50,,0,0,0,68.5,70.3,70.3,0.46,0.41,0.45
BUFF,2017-08-21 08:25:00 EDT,43.00017,-78.76717,589,69.8,70.4,69.8,79.6,63.3,0.000,0.000,0.00,0.000,2.6,4.5,0.7,178,16,2.7,4.7,0.8,182,16,2.6,4.5,0.7,178,16,114,29.49,,0,0,0,68.5,70.3,70.3,0.45,0.42,0.45
BUFF,2017-08-21 08:30:00 EDT,43.00017,-78.76717,589,70.4,70.9,70.4,80.6,64.2,0.000,0.000,0.00,0.000,2.8,4.4,0.6,184,14,3.0,4.6,0.7,186,13,2.8,4.4,0.6,184,14,266,29.49,,0,0,0,68.5,70.3,70.3,0.45,0.41,0.45
BUFF,2017-08-21 08:35:00 EDT,43.00017,-78.76717,589,71.5,71.6,71.5,75.7,63.4,0.000,0.000,0.00,0.000,4.2,7.7,1.3,205,15,4.3,8.3,1.3,208,13,4.2,7.7,1.3,205,15,208,29.49,,0,0,0,68.5,70.3,70.3,0.45,0.42,0.45
BUFF,2017-08-21 08:40:00 EDT,43.00017,-78.76717,589,71.9,72.2,71.9,74.9,63.5,0.000,0.000,0.00,0.000,4.6,6.5,0.8,198,14,4.6,6.6,0.8,200,12,4.6,6.5,0.8,198,14,194,29.49,,0,0,0,68.5,70.3,70.3,0.45,0.41,0.45
BUFF,2017-08-21 08:45:00 EDT,43.00017,-78.76717,589,72.6,72.9,72.6,74.1,63.9,0.000,0.000,0.00,0.000,4.6,6.4,0.8,194,12,4.7,7.5,0.9,197,11,4.6,6.4,0.8,194,12,263,29.49,,0,0,0,68.5,70.3,70.3,0.45,0.41,0.45
BUFF,2017-08-21 08:50:00 EDT,43.00017,-78.76717,589,73.2,73.4,73.2,72.6,63.9,0.000,0.000,0.00,0.000,5.1,7.8,1.2,200,15,5.3,8.1,1.2,203,15,5.1,7.8,1.2,200,15,247,29.49,,0,0,0,68.5,70.3,70.3,0.45,0.41,0.45
BUFF,2017-08-21 08:55:00 EDT,43.00017,-78.76717,589,73.3,73.5,73.3,72.3,63.8,0.000,0.000,0.00,0.000,5.7,9.2,1.3,199,18,5.8,10.3,1.4,201,17,5.7,9.2,1.3,199,18,198,29.49,,0,0,0,68.5,70.3,70.3,0.45,0.41,0.45
BUFF,2017-08-21 09:00:00 EDT,43.00017,-78.76717,589,73.8,73.9,73.8,72.4,64.4,0.000,0.000,0.00,0.000,4.4,9.4,2.3,209,17,4.6,9.6,2.2,211,17,4.4,9.4,2.3,209,17,353,29.49,,0,0,0,68.5,70.3,70.3,0.45,0.42,0.45
BUFF,2017-08-21 09:05:00 EDT,43.00017,-78.76717,589,74.3,74.3,74.3,70.9,64.2,0.000,0.000,0.00,0.000,5.7,9.1,1.6,211,18,5.8,9.3,1.7,214,17,5.7,9.1,1.6,211,18,388,29.49,,0,0,0,68.6,70.3,70.3,0.46,0.42,0.45
BUFF,2017-08-21 09:10:00 EDT,43.00017,-78.76717,589,74.3,74.2,74.3,70.6,64.1,0.000,0.000,0.00,0.000,5.3,9.1,1.7,233,25,5.4,9.8,1.4,237,24,5.3,9.1,1.7,233,25,203,29.50,,0,0,0,68.7,70.2,70.3,0.45,0.41,0.45
BUFF,2017-08-21 09:15:00 EDT,43.00017,-78.76717,589,73.6,73.7,73.6,72.4,64.2,0.000,0.000,0.00,0.000,5.5,11.1,1.8,217,19,5.5,10.8,1.8,218,17,5.5,11.1,1.8,217,19,113,29.50,,0,0,0,68.9,70.1,70.3,0.45,0.42,0.45
BUFF,2017-08-21 09:20:00 EDT,43.00017,-78.76717,589,73.3,73.4,73.3,74.2,64.6,0.000,0.000,0.00,0.000,4.4,7.6,1.0,193,14,4.6,8.2,1.1,195,13,4.4,7.6,1.0,193,14,135,29.50,,0,0,0,68.9,70.0,70.3,0.45,0.41,0.45
BUFF,2017-08-21 09:25:00 EDT,43.00017,-78.76717,589,73.2,73.2,73.2,74.5,64.6,0.000,0.000,0.00,0.000,6.3,13.0,1.8,188,13,7.0,14.1,1.9,191,13,6.3,13.0,1.8,188,13,238,29.49,,0,0,0,68.9,70.0,70.3,0.45,0.42,0.45
BUFF,2017-08-21 09:30:00 EDT,43.00017,-78.76717,589,73.5,73.4,73.5,73.7,64.6,0.000,0.000,0.00,0.000,5.7,9.9,1.6,212,20,6.0,10.2,1.6,214,19,5.7,9.9,1.6,212,20,222,29.49,,0,0,0,68.9,70.0,70.3,0.45,0.42,0.45
BUFF,2017-08-21 09:35:00 EDT,43.00017,-78.76717,589,73.6,73.5,73.6,,,0.000,0.000,0.00,0.000,4.1,7.1,1.4,206,15,4.2,6.7,1.0,206,14,4.1,7.1,1.4,206,15,229,29.49,,0,0,0,68.9,70.0,70.3,0.45,0.41,0.44
BUFF,2017-08-21 09:40:00 EDT,43.00017,-78.76717,589,74.0,73.8,74.0,74.0,65.2,0.000,0.000,0.00,0.000,3.6,5.8,1.2,197,18,3.9,6.8,1.3,197,16,3.6,5.8,1.2,197,18,416,29.49,,0,0,0,68.9,70.0,70.3,0.45,0.41,0.45
BUFF,2017-08-21 09:45:00 EDT,43.00017,-78.76717,589,74.5,74.1,74.5,71.1,64.6,0.000,0.000,0.00,0.000,7.2,10.4,1.7,190,18,7.6,11.3,1.7,192,17,7.2,10.4,1.7,190,18,466,29.48,,0,0,0,68.9,70.0,70.3,0.45,0.42,0.45
BUFF,2017-08-21 09:50:00 EDT,43.00017,-78.76717,589,74.5,74.1,74.5,71.3,64.7,0.000,0.000,0.00,0.000,6.5,9.5,1.5,196,15,6.9,10.6,1.8,200,12,6.5,9.5,1.5,196,15,478,29.48,,0,0,0,68.9,70.0,70.3,0.45,0.42,0.45
BUFF,2017-08-21 09:55:00 EDT,43.00017,-78.76717,589,75.4,74.7,75.4,71.8,65.6,0.000,0.000,0.00,0.000,4.7,8.5,1.4,203,18,5.1,8.8,1.5,206,17,4.7,8.5,1.4,203,18,488,29.48,,0,0,0,69.1,70.0,70.3,0.45,0.41,0.45
BUFF,2017-08-21 10:00:00 EDT,43.00017,-78.76717,589,75.4,75.0,75.4,69.6,64.8,0.000,0.000,0.00,0.000,5.3,8.3,1.4,211,14,5.4,9.7,1.5,214,14,5.3,8.3,1.4,211,14,495,29.48,,0,0,0,69.3,70.0,70.3,0.45,0.41,0.45
BUFF,2017-08-21 10:05:00 EDT,43.00017,-78.76717,589,75.8,75.4,75.8,69.6,65.1,0.000,0.000,0.00,0.000,6.1,10.4,1.7,196,17,6.3,11.2,1.8,199,17,6.1,10.4,1.7,196,17,512,29.48,,0,0,0,69.3,70.0,70.3,0.46,0.41,0.45
BUFF,2017-08-21 10:10:00 EDT,43.00017,-78.76717,589,76.2,75.9,76.2,69.1,65.4,0.000,0.000,0.00,0.000,4.7,7.0,1.1,191,15,4.9,8.0,1.3,193,15,4.7,7.0,1.1,191,15,522,29.48,,0,0,0,69.3,70.0,70.3,0.46,0.41,0.45
BUFF,2017-08-21 10:15:00 EDT,43.00017,-78.76717,589,76.6,76.4,76.6,69.1,65.7,0.000,0.000,0.00,0.000,5.1,8.7,1.9,196,23,5.4,9.4,1.9,200,21,5.1,8.7,1.9,196,23,532,29.48,,0,0,0,69.3,70.0,70.3,0.46,0.41,0.45
BUFF,2017-08-21 10:20:00 EDT,43.00017,-78.76717,589,76.9,76.5,76.9,68.5,65.7,0.000,0.000,0.00,0.000,6.5,9.7,1.3,195,15,6.7,10.5,1.3,198,14,6.5,9.7,1.3,195,15,543,29.48,,0,0,0,69.3,70.0,70.3,0.46,0.41,0.45
BUFF,2017-08-21 10:25:00 EDT,43.00017,-78.76717,589,77.0,76.6,77.0,68.0,65.6,0.000,0.000,0.00,0.000,6.8,10.9,1.6,205,14,7.0,10.2,1.5,208,14,6.8,10.9,1.6,205,14,552,29.48,,0,0,0,69.3,70.0,70.3,0.46,0.42,0.43
BUFF,2017-08-21 10:30:00 EDT,43.00017,-78.76717,589,77.3,76.8,77.3,67.1,65.5,0.000,0.000,0.00,0.000,6.2,10.7,2.1,212,21,6.2,10.7,2.1,212,19,6.2,10.7,2.1,212,21,564,29.47,,0,0,0,69.3,70.0,70.3,0.46,0.41,0.45
BUFF,2017-08-21 10:35:00 EDT,43.00017,-78.76717,589,77.6,77.3,77.6,66.5,65.6,0.000,0.000,0.00,0.000,5.6,9.0,1.9,217,17,5.5,9.9,1.9,220,15,5.6,9.0,1.9,217,17,573,29.47,,0,0,0,69.6,70.0,70.3,0.46,0.41,0.43
BUFF,2017-08-21 10:40:00 EDT,43.00017,-78.76717,589,78.0,77.6,78.0,66.5,65.9,0.000,0.000,0.00,0.000,7.5,12.8,2.3,210,16,7.6,14.7,2.4,211,13,7.5,12.8,2.3,210,16,584,29.47,,0,0,0,69.6,70.0,70.3,0.45,0.41,0.45
BUFF,2017-08-21 10:45:00 EDT,43.00017,-78.76717,589,78.2,77.8,78.2,66.3,66.0,0.000,0.000,0.00,0.000,5.2,9.1,1.7,219,23,5.3,9.8,1.7,223,20,5.2,9.1,1.7,219,23,594,29.47,,0,0,0,69.6,70.0,70.3,0.45,0.41,0.45
BUFF,2017-08-21 10:50:00 EDT,43.00017,-78.76717,589,78.3,77.9,78.3,65.2,65.6,0.000,0.000,0.00,0.000,6.7,12.6,2.7,226,26,7.2,13.4,2.9,233,23,6.7,12.6,2.7,226,26,605,29.47,,0,0,0,69.6,70.0,70.3,0.45,0.41,0.45
BUFF,2017-08-21 10:55:00 EDT,43.00017,-78.76717,589,78.1,77.7,78.1,65.2,65.5,0.000,0.000,0.00,0.000,6.2,13.2,2.9,231,27,6.7,15.3,2.7,233,23,6.2,13.2,2.9,231,27,617,29.47,,0,0,0,69.9,70.0,70.3,0.45,0.42,0.44
BUFF,2017-08-21 11:00:00 EDT,43.00017,-78.76717,589,78.3,77.9,78.3,64.2,65.3,0.000,0.000,0.00,0.000,6.5,14.0,2.5,227,24,7.0,13.7,2.5,230,22,6.5,14.0,2.5,227,24,623,29.48,,0,0,0,70.0,70.0,70.3,0.45,0.41,0.45
BUFF,2017-08-21 11:05:00 EDT,43.00017,-78.76717,589,78.5,77.9,78.5,63.8,65.2,0.000,0.000,0.00,0.000,8.0,14.0,2.5,214,17,8.0,13.5,2.5,216,16,8.0,14.0,2.5,214,17,634,29.47,,0,0,0,70.0,70.0,70.3,0.45,0.42,0.45
BUFF,2017-08-21 11:10:00 EDT,43.00017,-78.76717,589,78.2,77.8,78.2,63.7,64.9,0.000,0.000,0.00,0.000,7.7,13.8,2.4,222,22,7.8,15.2,2.4,224,18,7.7,13.8,2.4,222,22,642,29.48,,0,0,0,70.0,70.0,70.3,0.45,0.41,0.45
BUFF,2017-08-21 11:15:00 EDT,43.00017,-78.76717,589,78.1,77.7,78.1,63.9,64.8,0.000,0.000,0.00,0.000,9.6,14.4,2.3,209,15,9.6,15.2,2.4,215,12,9.6,14.4,2.3,209,15,648,29.48,,0,0,0,70.0,70.0,70.3,0.45,0.41,0.45
BUFF,2017-08-21 11:20:00 EDT,43.00017,-78.76717,589,78.4,77.9,78.4,64.7,65.5,0.000,0.000,0.00,0.000,7.9,14.3,2.9,228,24,8.1,15.0,3.1,232,23,7.9,14.3,2.9,228,24,648,29.48,,0,0,0,70.3,70.0,70.3,0.45,0.41,0.43
BUFF,2017-08-21 11:25:00 EDT,43.00017,-78.76717,589,78.6,78.1,78.6,63.2,65.0,0.000,0.000,0.00,0.000,6.2,13.9,3.1,240,28,6.7,14.5,3.2,244,26,6.2,13.9,3.1,240,28,658,29.48,,0,0,0,70.3,70.0,70.2,0.45,0.41,0.43
BUFF,2017-08-21 11:30:00 EDT,43.00017,-78.76717,589,78.7,78.2,78.7,63.4,65.2,0.000,0.000,0.00,0.000,6.5,13.0,2.7,227,24,7.1,13.6,2.5,230,22,6.5,13.0,2.7,227,24,670,29.48,,0,0,0,70.3,70.0,70.1,0.45,0.42,0.43
BUFF,2017-08-21 11:35:00 EDT,43.00017,-78.76717,589,78.8,78.2,78.8,63.3,65.3,0.000,0.000,0.00,0.000,6.8,13.5,2.5,216,18,6.9,15.5,2.5,222,19,6.8,13.5,2.5,216,18,677,29.48,,0,0,0,70.5,70.0,70.1,0.45,0.41,0.43
BUFF,2017-08-21 11:40:00 EDT,43.00017,-78.76717,589,79.0,78.4,79.0,64.1,65.9,0.000,0.000,0.00,0.000,4.7,12.4,2.2,236,28,5.1,12.6,2.4,240,27,4.7,12.4,2.2,236,28,686,29.48,,0,0,0,70.7,70.0,70.0,0.45,0.41,0.45
BUFF,2017-08-21 11:45:00 EDT,43.00017,-78.76717,589,79.0,78.2,79.0,63.2,65.4,0.000,0.000,0.00,0.000,8.3,13.3,2.5,209,18,8.4,12.9,2.5,211,17,8.3,13.3,2.5,209,18,694,29.48,,0,0,0,70.7,70.0,70.0,0.45,0.42,0.45
BUFF,2017-08-21 11:50:00 EDT,43.00017,-78.76717,589,78.7,78.1,78.7,62.9,65.0,0.000,0.000,0.00,0.000,8.9,13.8,2.0,206,13,9.0,14.0,2.0,208,11,8.9,13.8,2.0,206,13,700,29.48,,0,0,0,70.7,70.0,70.0,0.45,0.41,0.43
BUFF,2017-08-21 11:55:00 EDT,43.00017,-78.76717,589,79.3,78.7,79.3,64.4,66.2,0.000,0.000,0.00,0.000,6.7,11.5,2.3,216,18,6.8,11.5,2.2,217,17,6.7,11.5,2.3,216,18,699,29.48,,0,0,0,70.8,70.0,70.0,0.45,0.42,0.45
BUFF,2017-08-21 12:00:00 EDT,43.00017,-78.76717,589,79.7,79.0,79.7,64.4,66.6,0.000,0.000,0.00,0.000,4.2,10.4,2.2,224,26,4.4,10.0,2.1,229,27,4.2,10.4,2.2,224,26,701,29.48,,0,0,0,71.1,70.0,70.0,0.45,0.41,0.43
BUFF,2017-08-21 12:05:00 EDT,43.00017,-78.76717,589,79.6,78.9,79.6,63.3,66.1,0.000,0.000,0.00,0.000,4.1,8.9,1.8,239,23,4.8,9.4,2.1,244,24,4.1,8.9,1.8,239,23,709,29.48,,0,0,0,71.1,70.0,70.0,0.44,0.42,0.43
BUFF,2017-08-21 12:10:00 EDT,43.00017,-78.76717,589,79.6,78.9,79.6,63.1,65.9,0.000,0.000,0.00,0.000,5.8,12.3,2.2,232,25,6.1,12.1,2.1,234,25,5.8,12.3,2.2,232,25,723,29.48,,0,0,0,71.1,70.0,70.0,0.45,0.42,0.43
BUFF,2017-08-21 12:15:00 EDT,43.00017,-78.76717,589,79.3,78.7,79.3,62.7,65.5,0.000,0.000,0.00,0.000,5.5,10.3,1.9,220,19,5.8,9.6,1.8,224,18,5.5,10.3,1.9,220,19,726,29.47,,0,0,0,71.4,70.0,70.0,0.45,0.42,0.43
BUFF,2017-08-21 12:20:00 EDT,43.00017,-78.76717,589,79.4,78.8,79.4,63.7,66.1,0.000,0.000,0.00,0.000,5.6,9.8,2.0,217,18,5.6,10.0,1.9,217,18,5.6,9.8,2.0,217,18,730,29.47,,0,0,0,71.4,70.0,70.0,0.45,0.41,0.43
BUFF,2017-08-21 12:25:00 EDT,43.00017,-78.76717,589,79.7,79.1,79.7,64.0,66.4,0.000,0.000,0.00,0.000,6.5,11.8,2.7,204,16,6.8,14.3,2.8,206,14,6.5,11.8,2.7,204,16,693,29.47,,0,0,0,71.4,70.0,70.0,0.45,0.42,0.43
BUFF,2017-08-21 12:30:00 EDT,43.00017,-78.76717,589,80.0,79.4,82.3,64.0,66.7,0.000,0.000,0.00,0.000,4.8,8.7,1.7,214,21,5.1,9.1,1.8,216,20,4.8,8.7,1.7,214,21,727,29.47,,0,0,0,71.4,70.0,70.0,0.45,0.41,0.43
BUFF,2017-08-21 12:35:00 EDT,43.00017,-78.76717,589,80.0,79.3,82.3,63.7,66.6,0.000,0.000,0.00,0.000,5.4,10.8,1.8,204,18,5.6,10.8,1.8,206,19,5.4,10.8,1.8,204,18,726,29.47,,0,0,0,71.4,70.0,70.0,0.45,0.42,0.43
BUFF,2017-08-21 12:40:00 EDT,43.00017,-78.76717,589,80.0,79.5,82.3,63.9,66.7,0.000,0.000,0.00,0.000,5.5,11.0,2.5,224,29,5.7,10.7,2.3,226,30,5.5,11.0,2.5,224,29,731,29.46,,0,0,0,71.7,70.0,70.0,0.45,0.41,0.43
BUFF,2017-08-21 12:45:00 EDT,43.00017,-78.76717,589,80.5,79.6,82.9,63.6,67.0,0.000,0.000,0.00,0.000,4.4,9.2,1.9,254,30,5.1,11.4,2.0,256,26,4.4,9.2,1.9,254,30,731,29.47,,0,0,0,71.8,70.0,70.0,0.45,0.41,0.43
BUFF,2017-08-21 12:50:00 EDT,43.00017,-78.76717,589,80.3,79.8,82.5,62.7,66.4,0.000,0.000,0.00,0.000,3.7,9.0,1.8,229,28,3.9,9.0,1.7,234,30,3.7,9.0,1.8,229,28,749,29.47,,0,0,0,71.8,70.0,70.0,0.45,0.42,0.43
BUFF,2017-08-21 12:55:00 EDT,43.00017,-78.76717,589,80.2,79.6,82.4,63.1,66.5,0.000,0.000,0.00,0.000,3.5,6.8,1.4,225,29,3.9,7.9,1.5,229,30,3.5,6.8,1.4,225,29,747,29.47,,0,0,0,72.0,70.0,70.0,0.45,0.41,0.43
BUFF,2017-08-21 13:00:00 EDT,43.00017,-78.76717,589,81.1,80.1,83.8,64.1,67.8,0.000,0.000,0.00,0.000,4.9,9.1,1.4,234,34,5.1,8.6,1.3,239,33,4.9,9.1,1.4,234,34,744,29.46,,0,0,0,72.3,70.0,70.0,0.45,0.41,0.43
BUFF,2017-08-21 13:05:00 EDT,43.00017,-78.76717,589,80.5,79.7,82.8,63.0,66.7,0.000,0.000,0.00,0.000,6.5,11.7,2.8,212,23,6.7,11.5,2.7,215,26,6.5,11.7,2.8,212,23,745,29.46,,0,0,0,72.3,70.0,70.0,0.44,0.42,0.43
BUFF,2017-08-21 13:10:00 EDT,43.00017,-78.76717,589,80.1,79.5,82.5,64.3,67.0,0.000,0.000,0.00,0.000,7.1,11.1,1.7,200,14,7.5,11.6,1.7,201,12,7.1,11.1,1.7,200,14,748,29.47,,0,0,0,72.3,70.0,70.0,0.44,0.41,0.43
BUFF,2017-08-21 13:15:00 EDT,43.00017,-78.76717,589,80.4,79.7,82.8,64.2,67.1,0.000,0.000,0.00,0.000,6.2,9.6,1.6,207,16,6.5,10.8,1.7,208,14,6.2,9.6,1.6,207,16,745,29.46,,0,0,0,72.5,70.0,70.0,0.44,0.41,0.43
BUFF,2017-08-21 13:20:00 EDT,43.00017,-78.76717,589,80.3,79.7,82.7,64.2,67.1,0.000,0.000,0.00,0.000,6.3,9.4,1.6,204,16,6.6,9.4,1.6,206,17,6.3,9.4,1.6,204,16,733,29.46,,0,0,0,72.7,70.0,70.0,0.44,0.41,0.44
BUFF,2017-08-21 13:25:00 EDT,43.00017,-78.76717,589,80.3,79.7,82.7,64.3,67.2,0.000,0.000,0.00,0.000,8.2,11.8,1.7,198,13,8.5,12.8,1.8,202,11,8.2,11.8,1.7,198,13,710,29.46,,0,0,0,72.7,70.0,70.0,0.44,0.41,0.43
BUFF,2017-08-21 13:30:00 EDT,43.00017,-78.76717,589,80.4,79.8,82.9,64.6,67.4,0.000,0.000,0.00,0.000,6.0,9.3,1.5,209,15,6.1,9.4,1.5,211,13,6.0,9.3,1.5,209,15,680,29.46,,0,0,0,72.8,70.0,70.0,0.44,0.41,0.44
BUFF,2017-08-21 13:35:00 EDT,43.00017,-78.76717,589,80.3,79.8,82.7,64.7,67.3,0.000,0.000,0.00,0.000,7.0,13.3,2.1,213,18,7.3,14.9,2.4,216,18,7.0,13.3,2.1,213,18,652,29.46,,0,0,0,73.0,70.0,70.0,0.44,0.42,0.43
BUFF,2017-08-21 13:40:00 EDT,43.00017,-78.76717,589,80.0,79.4,,,,0.000,0.000,0.00,0.000,6.6,11.0,2.7,212,18,6.4,11.3,2.3,216,20,6.6,11.0,2.7,212,18,608,29.46,,0,0,0,73.0,70.0,70.0,0.45,0.41,0.44
BUFF,2017-08-21 13:45:00 EDT,43.00017,-78.76717,589,80.2,79.8,82.6,65.0,67.3,0.000,0.000,0.00,0.000,5.6,9.5,1.8,218,22,5.8,9.3,1.9,221,22,5.6,9.5,1.8,218,22,578,29.46,,0,0,0,73.0,70.1,70.0,0.44,0.41,0.44
BUFF,2017-08-21 13:50:00 EDT,43.00017,-78.76717,589,80.1,79.6,82.6,66.1,67.7,0.000,0.000,0.00,0.000,5.3,10.4,2.7,214,23,5.8,11.0,2.4,218,23,5.3,10.4,2.7,214,23,535,29.46,,0,0,0,73.2,70.2,70.0,0.45,0.41,0.44
BUFF,2017-08-21 13:55:00 EDT,43.00017,-78.76717,589,79.7,79.4,79.7,65.0,66.9,0.000,0.000,0.00,0.000,5.2,10.3,2.1,236,24,5.5,10.9,2.2,238,22,5.2,10.3,2.1,236,24,490,29.46,,0,0,0,73.4,70.3,70.0,0.45,0.41,0.43
BUFF,2017-08-21 14:00:00 EDT,43.00017,-78.76717,589,79.5,79.2,79.5,66.4,67.3,0.000,0.000,0.00,0.000,4.1,8.3,1.7,221,23,4.3,9.5,2.0,225,23,4.1,8.3,1.7,221,23,434,29.46,,0,0,0,73.4,70.3,70.0,0.45,0.42,0.44
BUFF,2017-08-21 14:05:00 EDT,43.00017,-78.76717,589,79.1,78.9,79.1,66.0,66.8,0.000,0.000,0.00,0.000,5.7,11.2,2.2,211,20,5.8,10.6,2.2,211,18,5.7,11.2,2.2,211,20,374,29.46,,0,0,0,73.5,70.3,70.0,0.45,0.41,0.44
BUFF,2017-08-21 14:10:00 EDT,43.00017,-78.76717,589,78.9,78.7,78.9,66.2,66.6,0.000,0.000,0.00,0.000,8.1,10.9,1.4,205,12,8.1,11.6,1.5,207,12,8.1,10.9,1.4,205,12,331,29.46,,0,0,0,73.9,70.3,70.0,0.45,0.41,0.44
BUFF,2017-08-21 14:15:00 EDT,43.00017,-78.76717,589,78.7,78.6,78.7,68.0,67.2,0.000,0.000,0.00,0.000,6.4,11.1,1.8,198,13,6.6,12.1,1.8,202,12,6.4,11.1,1.8,198,13,281,29.46,,0,0,0,73.9,70.3,70.0,0.45,0.41,0.44
BUFF,2017-08-21 14:20:00 EDT,43.00017,-78.76717,589,78.5,78.5,78.5,68.4,67.3,0.000,0.000,0.00,0.000,5.4,9.2,1.5,211,19,5.5,10.2,1.7,212,17,5.4,9.2,1.5,211,19,243,29.46,,0,0,0,73.9,70.3,70.0,0.45,0.41,0.43
BUFF,2017-08-21 14:25:00 EDT,43.00017,-78.76717,589,78.2,78.2,78.2,68.7,67.0,0.000,0.000,0.00,0.000,5.6,9.4,1.5,215,19,5.7,10.8,1.7,216,17,5.6,9.4,1.5,215,19,208,29.46,,0,0,0,73.9,70.3,70.0,0.45,0.41,0.43
BUFF,2017-08-21 14:30:00 EDT,43.00017,-78.76717,589,77.8,77.9,77.8,69.1,66.9,0.000,0.000,0.00,0.000,5.5,9.4,1.8,215,18,5.4,9.5,1.8,219,16,5.5,9.4,1.8,215,18,186,29.45,,0,0,0,73.9,70.3,70.0,0.45,0.41,0.43
BUFF,2017-08-21 14:35:00 EDT,43.00017,-78.76717,589,77.7,77.8,77.7,70.1,67.2,0.000,0.000,0.00,0.000,5.2,9.9,1.7,223,19,5.2,9.8,1.8,227,16,5.2,9.9,1.7,223,19,183,29.45,,0,0,0,74.2,70.3,70.0,0.45,0.41,0.43
BUFF,2017-08-21 14:40:00 EDT,43.00017,-78.76717,589,77.6,77.7,77.6,70.8,67.4,0.000,0.000,0.00,0.000,4.8,8.6,1.5,212,22,5.1,9.3,1.7,213,20,4.8,8.6,1.5,212,22,183,29.45,,0,0,0,74.3,70.3,70.0,0.45,0.41,0.43
BUFF,2017-08-21 14:45:00 EDT,43.00017,-78.76717,589,77.5,77.5,77.5,70.7,67.2,0.000,0.000,0.00,0.000,7.1,11.3,1.4,198,14,7.3,11.2,1.5,202,12,7.1,11.3,1.4,198,14,197,29.45,,0,0,0,74.3,70.3,70.0,0.45,0.41,0.43
BUFF,2017-08-21 14:50:00 EDT,43.00017,-78.76717,589,77.5,77.5,77.5,70.1,67.0,0.000,0.000,0.00,0.000,6.3,10.3,1.5,211,16,6.3,10.4,1.4,211,15,6.3,10.3,1.5,211,16,223,29.45,,0,0,0,74.3,70.3,70.0,0.45,0.42,0.43
BUFF,2017-08-21 14:55:00 EDT,43.00017,-78.76717,589,77.5,77.5,77.5,71.4,67.5,0.000,0.000,0.00,0.000,5.1,8.7,1.3,211,17,5.2,8.5,1.4,212,15,5.1,8.7,1.3,211,17,251,29.45,,0,0,0,74.3,70.4,70.0,0.45,0.42,0.43
BUFF,2017-08-21 15:00:00 EDT,43.00017,-78.76717,589,77.6,77.4,77.6,72.7,68.1,0.000,0.000,0.00,0.000,4.3,8.3,1.6,206,18,4.5,8.6,1.8,210,18,4.3,8.3,1.6,206,18,280,29.45,,0,0,0,74.3,70.7,70.0,0.45,0.42,0.43
BUFF,2017-08-21 15:05:00 EDT,43.00017,-78.76717,589,77.6,77.4,77.6,71.9,67.8,0.000,0.000,0.00,0.000,5.9,9.4,1.6,207,15,6.1,10.0,1.7,208,14,5.9,9.4,1.6,207,15,321,29.45,,0,0,0,74.3,70.7,70.0,0.45,0.42,0.43
BUFF,2017-08-21 15:10:00 EDT,43.00017,-78.76717,589,78.0,77.7,78.0,72.1,68.3,0.000,0.000,0.00,0.000,5.2,9.6,2.0,220,22,5.4,10.6,2.0,224,21,5.2,9.6,2.0,220,22,370,29.45,,0,0,0,74.4,70.7,70.0,0.45,0.41,0.43
BUFF,2017-08-21 15:15:00 EDT,43.00017,-78.76717,589,78.0,77.8,78.0,70.7,67.7,0.000,0.000,0.00,0.000,5.6,10.3,1.8,224,20,5.8,10.5,1.7,226,21,5.6,10.3,1.8,224,20,413,29.45,,0,0,0,74.6,70.7,70.0,0.45,0.41,0.43
BUFF,2017-08-21 15:20:00 EDT,43.00017,-78.76717,589,78.3,78.0,78.3,70.3,67.8,0.000,0.000,0.00,0.000,5.9,9.8,1.7,220,19,6.0,9.6,1.6,220,18,5.9,9.8,1.7,220,19,467,29.45,,0,0,0,74.6,70.7,70.0,0.45,0.42,0.43
BUFF,2017-08-21 15:25:00 EDT,43.00017,-78.76717,589,78.7,78.3,78.7,69.5,67.8,0.000,0.000,0.00,0.000,5.8,10.2,1.7,220,21,6.0,11.7,1.8,223,21,5.8,10.2,1.7,220,21,502,29.45,,0,0,0,74.6,70.7,70.0,0.45,0.42,0.43
BUFF,2017-08-21 15:30:00 EDT,43.00017,-78.76717,589,78.9,78.5,78.9,68.7,67.7,0.000,0.000,0.00,0.000,6.7,11.4,2.1,225,24,7.0,12.2,2.1,229,24,6.7,11.4,2.1,225,24,537,29.45,,0,0,0,74.7,70.7,70.0,0.44,0.41,0.44
BUFF,2017-08-21 15:35:00 EDT,43.00017,-78.76717,589,79.1,78.7,79.1,69.0,68.1,0.000,0.000,0.00,0.000,7.1,12.3,2.2,218,21,7.4,12.0,2.2,221,20,7.1,12.3,2.2,218,21,560,29.45,,0,0,0,74.7,70.7,70.0,0.45,0.42,0.44
BUFF,2017-08-21 15:40:00 EDT,43.00017,-78.76717,589,79.3,78.8,79.3,67.6,67.6,0.000,0.000,0.00,0.000,8.0,12.2,2.0,216,17,8.1,12.4,2.0,218,17,8.0,12.2,2.0,216,17,580,29.44,,0,0,0,74.7,70.7,70.0,0.45,0.42,0.43
BUFF,2017-08-21 15:45:00 EDT,43.00017,-78.76717,589,79.7,79.1,79.7,67.1,67.9,0.000,0.000,0.00,0.000,8.2,12.3,2.2,206,11,8.5,14.8,2.4,207,11,8.2,12.3,2.2,206,11,599,29.44,,0,0,0,74.7,70.7,70.0,0.45,0.42,0.43
BUFF,2017-08-21 15:50:00 EDT,43.00017,-78.76717,589,79.7,79.3,79.7,66.8,67.7,0.000,0.000,0.00,0.000,8.5,12.1,1.5,205,13,8.8,14.0,1.7,207,12,8.5,12.1,1.5,205,13,603,29.44,,0,0,0,74.7,70.7,70.0,0.45,0.42,0.44
BUFF,2017-08-21 15:55:00 EDT,43.00017,-78.76717,589,80.3,79.9,83.0,66.2,68.0,0.000,0.000,0.00,0.000,5.8,11.3,2.6,211,21,5.9,12.4,2.4,214,21,5.8,11.3,2.6,211,21,596,29.44,,0,0,0,74.7,70.7,70.0,0.44,0.41,0.44
BUFF,2017-08-21 16:00:00 EDT,43.00017,-78.76717,589,80.7,80.3,83.4,65.4,68.0,0.000,0.000,0.00,0.000,5.4,9.1,1.7,216,18,5.6,9.7,1.8,217,18,5.4,9.1,1.7,216,18,585,29.44,,0,0,0,74.7,70.7,70.0,0.44,0.42,0.44
BUFF,2017-08-21 16:05:00 EDT,43.00017,-78.76717,589,81.3,80.7,84.4,65.5,68.7,0.000,0.000,0.00,0.000,4.7,9.7,2.0,227,31,5.0,10.7,1.9,231,30,4.7,9.7,2.0,227,31,577,29.44,,0,0,0,74.7,70.8,70.0,0.45,0.42,0.44
BUFF,2017-08-21 16:10:00 EDT,43.00017,-78.76717,589,80.8,80.3,83.3,63.7,67.3,0.000,0.000,0.00,0.000,6.6,12.5,2.1,219,18,6.8,12.7,2.1,221,19,6.6,12.5,2.1,219,18,568,29.44,,0,0,0,74.7,71.0,70.0,0.44,0.42,0.44
BUFF,2017-08-21 16:15:00 EDT,43.00017,-78.76717,589,81.2,80.7,84.0,64.0,67.9,0.000,0.000,0.00,0.000,4.0,8.0,1.7,232,29,4.5,8.7,1.4,239,28,4.0,8.0,1.7,232,29,558,29.44,,0,0,0,74.7,71.1,70.0,0.44,0.42,0.44
BUFF,2017-08-21 16:20:00 EDT,43.00017,-78.76717,589,81.0,80.5,83.5,63.0,67.2,0.000,0.000,0.00,0.000,6.2,9.9,1.9,211,14,6.2,10.2,1.8,215,15,6.2,9.9,1.9,211,14,550,29.43,,0,0,0,74.7,71.1,70.0,0.44,0.42,0.44
BUFF,2017-08-21 16:25:00 EDT,43.00017,-78.76717,589,81.1,80.6,83.6,62.7,67.2,0.000,0.000,0.00,0.000,7.5,10.7,1.6,208,15,7.8,11.7,1.6,207,13,7.5,10.7,1.6,208,15,541,29.43,,0,0,0,74.7,71.1,70.0,0.44,0.42,0.44
BUFF,2017-08-21 16:30:00 EDT,43.00017,-78.76717,589,81.2,80.8,83.6,61.9,66.9,0.000,0.000,0.00,0.000,7.5,11.8,2.2,217,15,7.7,12.4,2.1,221,16,7.5,11.8,2.2,217,15,529,29.43,,0,0,0,74.7,71.1,70.0,0.44,0.42,0.44
BUFF,2017-08-21 16:35:00 EDT,43.00017,-78.76717,589,81.5,81.1,84.4,63.4,67.9,0.000,0.000,0.00,0.000,4.9,10.7,2.1,227,30,5.3,11.5,2.1,230,26,4.9,10.7,2.1,227,30,515,29.43,,0,0,0,74.7,71.1,70.0,0.44,0.42,0.44
BUFF,2017-08-21 16:40:00 EDT,43.00017,-78.76717,589,81.7,81.3,84.6,63.2,68.0,0.000,0.000,0.00,0.000,3.9,9.5,1.7,215,19,4.2,10.1,1.6,215,19,3.9,9.5,1.7,215,19,505,29.43,,0,0,0,74.8,71.1,70.0,0.44,0.42,0.44
BUFF,2017-08-21 16:45:00 EDT,43.00017,-78.76717,589,81.7,81.2,84.6,63.1,67.9,0.000,0.000,0.00,0.000,5.7,11.3,2.1,209,18,5.9,11.4,2.1,212,17,5.7,11.3,2.1,209,18,490,29.43,,0,0,0,74.9,71.1,70.0,0.44,0.41,0.44
BUFF,2017-08-21 16:50:00 EDT,43.00017,-78.76717,589,81.4,81.1,84.1,62.9,67.5,0.000,0.000,0.00,0.000,6.6,10.7,2.0,199,15,7.1,12.2,2.1,201,13,6.6,10.7,2.0,199,15,476,29.43,,0,0,0,75.0,71.1,70.0,0.44,0.42,0.44
BUFF,2017-08-21 16:55:00 EDT,43.00017,-78.76717,589,81.3,81.0,83.8,62.4,67.2,0.000,0.000,0.00,0.000,5.7,8.6,1.3,197,16,6.1,9.5,1.5,200,15,5.7,8.6,1.3,197,16,466,29.43,,0,0,0,75.0,71.1,70.0,0.44,0.42,0.44
BUFF,2017-08-21 17:00:00 EDT,43.00017,-78.76717,589,81.4,81.1,83.9,61.6,67.0,0.000,0.000,0.00,0.000,6.1,10.2,1.6,202,15,6.4,10.3,1.7,204,15,6.1,10.2,1.6,202,15,451,29.43,,0,0,0,75.0,71.1,70.0,0.44,0.42,0.44
BUFF,2017-08-21 17:05:00 EDT,43.00017,-78.76717,589,81.4,81.0,83.9,61.9,67.1,0.000,0.000,0.00,0.000,7.2,12.6,2.0,196,13,7.6,14.8,2.3,201,11,7.2,12.6,2.0,196,13,440,29.43,,0,0,0,75.0,71.2,70.0,0.45,0.42,0.44
BUFF,2017-08-21 17:10:00 EDT,43.00017,-78.76717,589,81.2,80.9,83.5,61.2,66.5,0.000,0.000,0.00,0.000,7.8,11.6,1.5,202,14,8.0,13.1,1.8,205,13,7.8,11.6,1.5,202,14,426,29.43,,0,0,0,75.0,71.4,70.0,0.44,0.42,0.43
BUFF,2017-08-21 17:15:00 EDT,43.00017,-78.76717,589,81.2,81.0,83.7,61.8,66.9,0.000,0.000,0.00,0.000,6.4,9.9,1.6,202,17,6.6,10.2,1.8,204,16,6.4,9.9,1.6,202,17,411,29.43,,0,0,0,75.0,71.4,70.0,0.44,0.42,0.44
BUFF,2017-08-21 17:20:00 EDT,43.00017,-78.76717,589,81.2,80.9,83.6,61.6,66.8,0.000,0.000,0.00,0.000,7.5,11.5,1.8,200,14,8.1,12.7,1.9,203,11,7.5,11.5,1.8,200,14,397,29.43,,0,0,0,75.0,71.4,70.0,0.44,0.42,0.44
BUFF,2017-08-21 17:25:00 EDT,43.00017,-78.76717,589,81.1,80.9,83.5,61.8,66.8,0.000,0.000,0.00,0.000,6.1,10.2,1.9,210,16,6.4,10.8,2.0,210,16,6.1,10.2,1.9,210,16,385,29.42,,0,0,0,75.0,71.4,70.0,0.44,0.42,0.44
BUFF,2017-08-21 17:30:00 EDT,43.00017,-78.76717,589,81.2,81.0,83.7,62.2,67.1,0.000,0.000,0.00,0.000,6.3,10.3,1.4,203,16,6.6,10.6,1.5,206,15,6.3,10.3,1.4,203,16,371,29.43,,0,0,0,75.0,71.4,70.0,0.44,0.42,0.44
BUFF,2017-08-21 17:35:00 EDT,43.00017,-78.76717,589,81.0,80.8,83.4,62.4,66.9,0.000,0.000,0.00,0.000,6.4,10.8,1.6,201,14,6.8,11.8,1.7,204,11,6.4,10.8,1.6,201,14,356,29.43,,0,0,0,75.0,71.4,70.0,0.44,0.42,0.44
BUFF,2017-08-21 17:40:00 EDT,43.00017,-78.76717,589,81.1,80.9,83.5,62.1,66.9,0.000,0.000,0.00,0.000,6.8,9.6,1.6,205,14,7.0,10.5,1.5,207,13,6.8,9.6,1.6,205,14,342,29.43,,0,0,0,75.0,71.4,70.0,0.44,0.42,0.44
BUFF,2017-08-21 17:45:00 EDT,43.00017,-78.76717,589,80.9,80.8,83.3,62.1,66.8,0.000,0.000,0.00,0.000,6.6,10.1,1.5,205,15,6.7,11.3,1.6,207,15,6.6,10.1,1.5,205,15,327,29.42,,0,0,0,75.2,71.4,70.0,0.44,0.42,0.44
BUFF,2017-08-21 17:50:00 EDT,43.00017,-78.76717,589,80.9,80.8,83.4,63.3,67.3,0.000,0.000,0.00,0.000,5.4,9.3,1.6,206,16,5.5,9.7,1.7,209,15,5.4,9.3,1.6,206,16,312,29.42,,0,0,0,75.4,71.4,70.0,0.44,0.42,0.44
BUFF,2017-08-21 17:55:00 EDT,43.00017,-78.76717,589,80.7,80.6,83.0,62.8,66.8,0.000,0.000,0.00,0.000,6.8,9.7,1.7,213,12,6.7,10.8,1.7,214,12,6.8,9.7,1.7,213,12,298,29.42,,0,0,0,75.5,71.4,70.0,0.44,0.42,0.44
BUFF,2017-08-21 18:00:00 EDT,43.00017,-78.76717,589,80.6,80.5,83.0,63.7,67.1,0.000,0.000,0.00,0.000,5.9,8.4,1.1,202,12,6.1,9.5,1.3,204,12,5.9,8.4,1.1,202,12,284,29.42,,0,0,0,75.5,71.4,70.0,0.44,0.42,0.44
BUFF,2017-08-21 18:05:00 EDT,43.00017,-78.76717,589,80.4,80.3,82.9,64.4,67.3,0.000,0.000,0.00,0.000,5.9,9.5,1.4,204,14,6.0,9.9,1.5,208,15,5.9,9.5,1.4,204,14,270,29.42,,0,0,0,75.6,71.4,70.0,0.44,0.42,0.44
BUFF,2017-08-21 18:10:00 EDT,43.00017,-78.76717,589,80.2,80.2,82.6,64.8,67.3,0.000,0.000,0.00,0.000,6.3,9.6,1.5,206,17,6.5,10.0,1.6,208,15,6.3,9.6,1.5,206,17,257,29.42,,0,0,0,75.6,71.4,70.0,0.44,0.42,0.44
BUFF,2017-08-21 18:15:00 EDT,43.00017,-78.76717,589,80.0,80.0,82.4,65.0,67.2,0.000,0.000,0.00,0.000,4.7,8.2,1.6,217,17,4.8,9.6,1.8,222,16,4.7,8.2,1.6,217,17,243,29.42,,0,0,0,75.6,71.4,70.0,0.44,0.42,0.43
BUFF,2017-08-21 18:20:00 EDT,43.00017,-78.76717,589,80.0,79.9,82.5,66.1,67.7,0.000,0.000,0.00,0.000,4.6,8.5,1.7,223,22,4.8,10.1,1.8,229,22,4.6,8.5,1.7,223,22,227,29.42,,0,0,0,75.6,71.4,70.0,0.44,0.42,0.44
BUFF,2017-08-21 18:25:00 EDT,43.00017,-78.76717,589,79.9,79.8,79.9,65.1,67.1,0.000,0.000,0.00,0.000,4.9,7.8,1.4,221,21,4.9,8.1,1.7,222,19,4.9,7.8,1.4,221,21,216,29.42,,0,0,0,75.6,71.4,70.0,0.44,0.42,0.44
BUFF,2017-08-21 18:30:00 EDT,43.00017,-78.76717,589,79.7,79.7,79.7,66.2,67.5,0.000,0.000,0.00,0.000,3.7,6.9,1.4,224,23,4.0,7.4,1.3,228,21,3.7,6.9,1.4,224,23,205,29.41,,0,0,0,75.6,71.4,70.0,0.44,0.42,0.44
BUFF,2017-08-21 18:35:00 EDT,43.00017,-78.76717,589,79.6,79.7,79.6,67.7,68.0,0.000,0.000,0.00,0.000,4.0,6.5,1.2,203,16,4.1,6.5,1.3,206,15,4.0,6.5,1.2,203,16,190,29.41,,0,0,0,75.6,71.6,70.0,0.44,0.42,0.44
BUFF,2017-08-21 18:40:00 EDT,43.00017,-78.76717,589,79.4,79.5,79.4,67.2,67.6,0.000,0.000,0.00,0.000,5.1,7.2,1.0,199,15,5.2,7.9,1.2,204,14,5.1,7.2,1.0,199,15,181,29.41,,0,0,0,75.6,71.7,70.0,0.44,0.42,0.44
BUFF,2017-08-21 18:45:00 EDT,43.00017,-78.76717,589,79.2,79.3,79.2,68.7,68.0,0.000,0.000,0.00,0.000,5.8,9.5,1.3,201,13,5.9,9.8,1.4,204,11,5.8,9.5,1.3,201,13,165,29.41,,0,0,0,75.6,71.8,70.0,0.44,0.42,0.43
BUFF,2017-08-21 18:50:00 EDT,43.00017,-78.76717,589,79.0,79.1,79.0,68.9,67.9,0.000,0.000,0.00,0.000,6.4,10.0,1.8,201,15,6.5,10.7,1.9,204,12,6.4,10.0,1.8,201,15,154,29.41,,0,0,0,75.6,71.8,70.0,0.44,0.42,0.43
BUFF,2017-08-21 18:55:00 EDT,43.00017,-78.76717,589,78.7,78.9,78.7,68.8,67.6,0.000,0.000,0.00,0.000,6.9,10.7,1.6,207,14,6.9,10.5,1.7,209,12,6.9,10.7,1.6,207,14,132,29.42,,0,0,0,75.6,71.8,70.0,0.44,0.42,0.44
BUFF,2017-08-21 19:00:00 EDT,43.00017,-78.76717,589,78.4,78.6,78.4,70.3,67.9,0.000,0.000,0.00,0.000,5.3,8.3,1.4,205,16,5.4,9.2,1.5,206,14,5.3,8.3,1.4,205,16,127,29.42,,0,0,0,75.6,71.8,70.0,0.44,0.42,0.43
BUFF,2017-08-21 19:05:00 EDT,43.00017,-78.76717,589,78.3,78.5,78.3,70.4,67.9,0.000,0.000,0.00,0.000,5.8,9.1,1.2,206,16,5.9,9.8,1.5,211,16,5.8,9.1,1.2,206,16,125,29.42,,0,0,0,75.6,71.8,70.0,0.44,0.42,0.44
BUFF,2017-08-21 19:10:00 EDT,43.00017,-78.76717,589,78.2,78.4,78.2,70.8,67.9,0.000,0.000,0.00,0.000,6.2,9.0,1.5,208,11,6.5,9.5,1.6,209,11,6.2,9.0,1.5,208,11,120,29.42,,0,0,0,75.5,71.8,70.0,0.44,0.41,0.44
BUFF,2017-08-21 19:15:00 EDT,43.00017,-78.76717,589,77.9,78.1,77.9,72.5,68.4,0.000,0.000,0.00,0.000,2.7,6.0,1.4,229,28,2.9,7.5,1.5,231,31,2.7,6.0,1.4,229,28,106,29.42,,0,0,0,75.6,71.8,70.0,0.44,0.42,0.43
BUFF,2017-08-21 19:20:00 EDT,43.00017,-78.76717,589,77.8,77.9,77.8,72.2,68.1,0.000,0.000,0.00,0.000,2.8,5.8,1.4,237,25,3.0,5.9,1.4,243,25,2.8,5.8,1.4,237,25,91,29.42,,0,0,0,75.6,71.8,70.0,0.44,0.42,0.43
BUFF,2017-08-21 19:25:00 EDT,43.00017,-78.76717,589,77.5,77.7,77.5,72.0,67.8,0.000,0.000,0.00,0.000,3.5,6.3,1.3,243,25,3.8,9.0,1.3,246,26,3.5,6.3,1.3,243,25,77,29.42,,0,0,0,75.5,71.8,70.0,0.44,0.42,0.43
BUFF,2017-08-21 19:30:00 EDT,43.00017,-78.76717,589,77.1,77.4,77.1,72.1,67.4,0.000,0.000,0.00,0.000,3.3,7.0,1.5,227,23,3.5,6.4,1.5,228,23,3.3,7.0,1.5,227,23,62,29.42,,0,0,0,75.4,71.8,70.0,0.44,0.42,0.43
BUFF,2017-08-21 19:35:00 EDT,43.00017,-78.76717,589,77.0,77.2,77.0,73.1,67.7,0.000,0.000,0.00,0.000,2.8,5.6,1.4,224,22,2.9,6.4,1.5,228,21,2.8,5.6,1.4,224,22,49,29.42,,0,0,0,75.3,71.8,70.0,0.44,0.42,0.43
BUFF,2017-08-21 19:40:00 EDT,43.00017,-78.76717,589,76.7,77.0,76.7,74.3,67.9,0.000,0.000,0.00,0.000,3.1,5.6,1.0,213,16,2.9,5.5,1.1,217,15,3.1,5.6,1.0,213,16,37,29.42,,0,0,0,75.2,71.8,70.0,0.44,0.42,0.44
BUFF,2017-08-21 19:45:00 EDT,43.00017,-78.76717,589,76.2,76.7,76.2,75.8,68.1,0.000,0.000,0.00,0.000,3.2,5.6,0.8,206,17,3.1,5.6,0.9,209,16,3.2,5.6,0.8,206,17,27,29.42,,0,0,0,75.0,71.8,70.0,0.44,0.42,0.43
BUFF,2017-08-21 19:50:00 EDT,43.00017,-78.76717,589,75.5,76.5,75.5,77.6,68.0,0.000,0.000,0.00,0.000,2.9,5.5,0.7,196,11,2.9,5.1,0.8,201,11,2.9,5.5,0.7,196,11,19,29.42,,0,0,0,75.0,72.0,70.0,0.44,0.42,0.44
BUFF,2017-08-21 19:55:00 EDT,43.00017,-78.76717,589,75.2,76.2,75.2,79.1,68.3,0.000,0.000,0.00,0.000,2.4,5.1,0.9,208,13,2.3,5.4,1.0,212,12,2.4,5.1,0.9,208,13,13,29.41,,0,0,0,75.0,72.2,70.0,0.44,0.42,0.43
BUFF,2017-08-21 20:00:00 EDT,43.00017,-78.76717,589,74.9,75.9,74.9,79.6,68.2,0.000,0.000,0.00,0.000,1.3,2.8,0.6,210,18,1.2,2.8,0.6,213,20,1.3,2.8,0.6,210,18,8,29.41,,0,0,0,75.0,72.3,70.0,0.44,0.42,0.43
BUFF,2017-08-21 20:05:00 EDT,43.00017,-78.76717,589,74.3,75.7,74.3,81.0,68.1,0.000,0.000,0.00,0.000,1.0,1.5,0.4,176,15,1.1,1.8,0.5,175,17,1.0,1.5,0.4,176,15,4,29.41,,0,0,0,75.0,72.3,70.0,0.44,0.42,0.43
BUFF,2017-08-21 20:10:00 EDT,43.00017,-78.76717,589,72.8,75.1,72.8,83.0,67.4,0.000,0.000,0.00,0.000,1.7,2.6,0.3,166,12,1.9,2.7,0.4,168,14,1.7,2.6,0.3,166,12,2,29.41,,0,0,0,75.0,72.3,70.0,0.44,0.42,0.43
BUFF,2017-08-21 20:15:00 EDT,43.00017,-78.76717,589,72.4,75.5,72.4,85.2,67.7,0.000,0.000,0.00,0.000,2.1,2.8,0.3,190,8,2.2,3.0,0.3,193,9,2.1,2.8,0.3,190,8,1,29.41,,0,0,0,75.0,72.3,70.0,0.44,0.42,0.43
BUFF,2017-08-21 20:20:00 EDT,43.00017,-78.76717,589,72.0,74.9,72.0,86.9,67.9,0.000,0.000,0.00,0.000,1.9,2.8,0.5,193,9,1.9,3.2,0.5,196,11,1.9,2.8,0.5,193,9,1,29.41,,0,0,0,75.0,72.3,70.0,0.44,0.42,0.43
BUFF,2017-08-21 20:25:00 EDT,43.00017,-78.76717,589,71.5,74.6,71.5,88.2,67.8,0.000,0.000,0.00,0.000,1.8,2.8,0.4,176,13,2.0,3.5,0.4,179,14,1.8,2.8,0.4,176,13,0,29.41,,0,0,0,75.0,72.3,70.0,0.44,0.42,0.43
BUFF,2017-08-21 20:30:00 EDT,43.00017,-78.76717,589,71.2,74.6,71.2,89.1,67.8,0.000,0.000,0.00,0.000,1.4,1.9,0.2,173,14,1.6,2.5,0.3,175,18,1.4,1.9,0.2,173,14,0,29.41,,0,0,0,75.0,72.3,70.0,0.44,0.42,0.43
BUFF,2017-08-21 20:35:00 EDT,43.00017,-78.76717,589,71.0,74.4,71.0,89.8,67.8,0.000,0.000,0.00,0.000,1.6,2.6,0.3,189,8,1.7,2.7,0.3,190,10,1.6,2.6,0.3,189,8,0,29.41,,0,0,0,75.0,72.3,70.1,0.44,0.42,0.43
BUFF,2017-08-21 20:40:00 EDT,43.00017,-78.76717,589,70.6,74.5,70.6,90.7,67.7,0.000,0.000,0.00,0.000,1.3,2.3,0.5,207,15,1.4,3.1,0.6,211,15,1.3,2.3,0.5,207,15,0,29.41,,0,0,0,74.9,72.3,70.1,0.44,0.42,0.43
BUFF,2017-08-21 20:45:00 EDT,43.00017,-78.76717,589,70.7,74.2,70.7,91.8,68.2,0.000,0.000,0.00,0.000,2.0,2.8,0.4,206,6,1.8,2.8,0.4,212,8,2.0,2.8,0.4,206,6,0,29.41,,0,0,0,74.7,72.3,70.2,0.44,0.41,0.43
BUFF,2017-08-21 20:50:00 EDT,43.00017,-78.76717,589,70.2,73.8,70.2,92.1,67.8,0.000,0.000,0.00,0.000,0.6,1.5,0.5,204,9,0.6,1.6,0.6,215,14,0.6,1.5,0.5,204,9,0,29.41,,0,0,0,74.7,72.3,70.2,0.44,0.41,0.43
BUFF,2017-08-21 20:55:00 EDT,43.00017,-78.76717,589,69.4,73.6,69.4,92.6,67.1,0.000,0.000,0.00,0.000,0.0,0.0,0.0,0,0,0.0,1.0,0.1,256,10,0.0,0.0,0.0,0,0,0,29.41,,0,0,0,74.7,72.3,70.2,0.44,0.41,0.43
BUFF,2017-08-21 21:00:00 EDT,43.00017,-78.76717,589,69.1,73.3,69.1,93.6,67.2,0.000,0.000,0.00,0.000,0.0,0.0,0.0,0,0,0.2,1.1,0.4,102,5,0.0,0.0,0.0,0,0,0,29.41,,0,0,0,74.7,72.3,70.3,0.44,0.41,0.43
BUFF,2017-08-21 21:05:00 EDT,43.00017,-78.76717,589,69.2,72.5,69.2,94.2,67.4,0.000,0.000,0.00,0.000,0.6,1.0,0.4,109,0,1.2,1.4,0.1,102,8,0.6,1.0,0.4,109,0,0,29.41,,0,0,0,74.7,72.3,70.3,0.44,0.41,0.43
BUFF,2017-08-21 21:10:00 EDT,43.00017,-78.76717,589,69.2,72.2,69.2,94.9,67.7,0.000,0.000,0.00,0.000,0.8,0.9,0.1,108,0,1.2,1.4,0.1,97,8,0.8,0.9,0.1,108,0,0,29.40,,0,0,0,74.7,72.3,70.3,0.44,0.41,0.43
BUFF,2017-08-21 21:15:00 EDT,43.00017,-78.76717,589,69.1,72.7,69.1,95.3,67.7,0.000,0.000,0.00,0.000,0.5,0.8,0.2,109,0,0.9,1.3,0.2,120,16,0.5,0.8,0.2,109,0,0,29.40,,0,0,0,74.7,72.3,70.3,0.44,0.41,0.43
BUFF,2017-08-21 21:20:00 EDT,43.00017,-78.76717,589,69.5,72.3,69.5,96.0,68.3,0.000,0.000,0.00,0.000,0.0,0.0,0.0,0,0,0.5,1.3,0.4,156,9,0.0,0.0,0.0,0,0,0,29.40,,0,0,0,74.7,72.3,70.3,0.44,0.41,0.43
BUFF,2017-08-21 21:25:00 EDT,43.00017,-78.76717,589,69.4,72.7,69.4,96.2,68.3,0.000,0.000,0.00,0.000,0.7,1.7,0.5,189,1,0.9,2.1,0.4,193,7,0.7,1.7,0.5,189,1,0,29.40,,0,0,0,74.7,72.3,70.3,0.44,0.41,0.43
BUFF,2017-08-21 21:30:00 EDT,43.00017,-78.76717,589,68.5,72.3,68.5,95.6,67.2,0.000,0.000,0.00,0.000,0.5,1.1,0.3,167,8,0.7,1.5,0.5,157,14,0.5,1.1,0.3,167,8,0,29.40,,0,0,0,74.7,72.3,70.3,0.44,0.41,0.43
BUFF,2017-08-21 21:35:00 EDT,43.00017,-78.76717,589,68.4,71.3,68.4,95.8,67.1,0.000,0.000,0.00,0.000,0.9,1.3,0.2,146,13,1.0,1.4,0.2,134,7,0.9,1.3,0.2,146,13,0,29.40,,0,0,0,74.5,72.3,70.3,0.44,0.42,0.43
BUFF,2017-08-21 21:40:00 EDT,43.00017,-78.76717,589,68.3,71.0,68.3,96.2,67.2,0.000,0.000,0.00,0.000,1.9,3.0,0.4,171,13,2.0,3.2,0.5,173,15,1.9,3.0,0.4,171,13,0,29.41,,0,0,0,74.3,72.3,70.3,0.44,0.41,0.43
BUFF,2017-08-21 21:45:00 EDT,43.00017,-78.76717,589,68.2,72.1,68.2,96.5,67.2,0.000,0.000,0.00,0.000,2.0,2.5,0.3,179,5,2.0,2.7,0.3,183,6,2.0,2.5,0.3,179,5,0,29.41,,0,0,0,74.3,72.3,70.3,0.44,0.41,0.43
BUFF,2017-08-21 21:50:00 EDT,43.00017,-78.76717,589,68.0,71.8,68.0,96.3,67.0,0.000,0.000,0.00,0.000,1.7,2.4,0.3,158,6,1.8,2.9,0.4,159,10,1.7,2.4,0.3,158,6,0,29.41,,0,0,0,74.3,72.3,70.3,0.44,0.41,0.43
BUFF,2017-08-21 21:55:00 EDT,43.00017,-78.76717,589,67.8,72.2,67.8,96.5,66.8,0.000,0.000,0.00,0.000,1.4,2.4,0.4,176,9,1.6,2.9,0.5,178,11,1.4,2.4,0.4,176,9,0,29.41,,0,0,0,74.3,72.3,70.3,0.44,0.41,0.43
BUFF,2017-08-21 22:00:00 EDT,43.00017,-78.76717,589,68.0,71.5,68.0,97.1,67.1,0.000,0.000,0.00,0.000,0.3,1.3,0.4,170,9,0.4,1.5,0.5,168,12,0.3,1.3,0.4,170,9,0,29.41,,0,0,0,74.2,72.3,70.3,0.44,0.41,0.43
BUFF,2017-08-21 22:05:00 EDT,43.00017,-78.76717,589,68.1,71.0,68.1,97.2,67.3,0.000,0.000,0.00,0.000,1.4,2.2,0.4,151,7,1.4,2.9,0.5,150,10,1.4,2.2,0.4,151,7,0,29.41,,0,0,0,74.0,72.3,70.3,0.44,0.41,0.43
BUFF,2017-08-21 22:10:00 EDT,43.00017,-78.76717,589,67.1,71.0,67.1,96.9,66.2,0.000,0.000,0.00,0.000,2.4,3.3,0.4,148,9,2.4,3.9,0.6,149,9,2.4,3.3,0.4,148,9,0,29.40,,0,0,0,73.9,72.3,70.3,0.44,0.41,0.43
BUFF,2017-08-21 22:15:00 EDT,43.00017,-78.76717,589,66.7,72.4,66.7,96.9,65.8,0.000,0.000,0.00,0.000,3.0,4.2,0.5,169,9,3.2,4.5,0.5,172,10,3.0,4.2,0.5,169,9,0,29.40,,0,0,0,73.9,72.4,70.3,0.44,0.41,0.43
BUFF,2017-08-21 22:20:00 EDT,43.00017,-78.76717,589,67.1,72.7,67.1,97.3,66.3,0.000,0.000,0.00,0.000,2.6,3.9,0.5,179,9,2.7,4.4,0.5,185,7,2.6,3.9,0.5,179,9,0,29.40,,0,0,0,73.9,72.4,70.3,0.44,0.41,0.43
BUFF,2017-08-21 22:25:00 EDT,43.00017,-78.76717,589,67.1,72.5,67.1,97.2,66.2,0.000,0.000,0.00,0.000,2.0,2.9,0.4,175,10,2.1,3.2,0.4,178,11,2.0,2.9,0.4,175,10,0,29.40,,0,0,0,73.9,72.4,70.3,0.44,0.41,0.43
BUFF,2017-08-21 22:30:00 EDT,43.00017,-78.76717,589,67.0,72.3,67.0,97.2,66.2,0.000,0.000,0.00,0.000,1.7,2.6,0.3,167,5,1.8,2.7,0.3,169,10,1.7,2.6,0.3,167,5,0,29.39,,0,0,0,73.9,72.4,70.3,0.44,0.41,0.43
BUFF,2017-08-21 22:35:00 EDT,43.00017,-78.76717,589,67.6,72.3,67.6,97.5,66.8,0.000,0.000,0.00,0.000,1.8,2.8,0.4,166,11,2.0,3.6,0.5,168,14,1.8,2.8,0.4,166,11,0,29.39,,0,0,0,73.9,72.4,70.3,0.44,0.41,0.43
BUFF,2017-08-21 22:40:00 EDT,43.00017,-78.76717,589,67.1,72.2,67.1,97.6,66.4,0.000,0.000,0.00,0.000,1.8,4.2,0.6,159,12,1.9,4.5,0.6,160,15,1.8,4.2,0.6,159,12,0,29.39,,0,0,0,73.9,72.4,70.3,0.44,0.41,0.43
BUFF,2017-08-21 22:45:00 EDT,43.00017,-78.76717,589,68.5,72.3,68.5,98.1,67.9,0.000,0.000,0.00,0.000,2.2,3.2,0.5,167,12,2.4,4.1,0.6,169,14,2.2,3.2,0.5,167,12,0,29.39,,0,0,0,73.7,72.4,70.3,0.44,0.41,0.43
BUFF,2017-08-21 22:50:00 EDT,43.00017,-78.76717,589,68.0,72.0,68.0,97.9,67.4,0.000,0.000,0.00,0.000,1.9,2.8,0.5,141,8,1.9,3.1,0.4,142,10,1.9,2.8,0.5,141,8,0,29.39,,0,0,0,73.5,72.4,70.3,0.44,0.41,0.43
BUFF,2017-08-21 22:55:00 EDT,43.00017,-78.76717,589,66.7,71.9,66.7,97.3,65.9,0.000,0.000,0.00,0.000,2.3,3.6,0.4,133,7,2.2,3.2,0.3,135,6,2.3,3.6,0.4,133,7,0,29.39,,0,0,0,73.4,72.6,70.3,0.44,0.41,0.43
BUFF,2017-08-21 23:00:00 EDT,43.00017,-78.76717,589,66.8,71.8,66.8,97.1,65.9,0.000,0.000,0.00,0.000,2.1,3.0,0.4,148,7,2.0,2.7,0.4,147,7,2.1,3.0,0.4,148,7,0,29.39,,0,0,0,73.4,72.5,70.3,0.44,0.41,0.43
BUFF,2017-08-21 23:05:00 EDT,43.00017,-78.76717,589,67.2,72.0,67.2,97.5,66.5,0.000,0.000,0.00,0.000,2.1,2.8,0.4,158,8,2.1,3.0,0.4,157,10,2.1,2.8,0.4,158,8,0,29.39,,0,0,0,73.4,72.5,70.3,0.44,0.41,0.43
BUFF,2017-08-21 23:10:00 EDT,43.00017,-78.76717,589,67.2,72.1,67.2,97.6,66.5,0.000,0.000,0.00,0.000,2.7,4.3,0.8,164,9,3.0,5.2,0.9,167,11,2.7,4.3,0.8,164,9,0,29.39,,0,0,0,73.4,72.5,70.3,0.44,0.41,0.43
BUFF,2017-08-21 23:15:00 EDT,43.00017,-78.76717,589,67.1,72.3,67.1,98.0,66.5,0.000,0.000,0.00,0.000,4.3,5.0,0.4,144,7,4.4,5.5,0.5,145,6,4.3,5.0,0.4,144,7,0,29.38,,0,0,0,73.4,72.6,70.3,0.44,0.42,0.43
BUFF,2017-08-21 23:20:00 EDT,43.00017,-78.76717,589,66.0,70.6,66.0,96.6,65.0,0.000,0.000,0.00,0.000,1.3,3.7,1.3,151,45,1.6,4.1,1.1,153,59,1.3,3.7,1.3,151,45,0,29.38,,0,0,0,73.2,72.6,70.3,0.44,0.41,0.43
BUFF,2017-08-21 23:25:00 EDT,43.00017,-78.76717,589,68.1,71.2,68.1,97.9,67.5,0.000,0.000,0.00,0.000,1.3,2.8,0.7,247,34,1.4,2.7,0.7,250,36,1.3,2.8,0.7,247,34,0,29.38,,0,0,0,73.1,72.5,70.3,0.44,0.42,0.43
BUFF,2017-08-21 23:30:00 EDT,43.00017,-78.76717,589,67.4,71.7,67.4,96.8,66.5,0.000,0.000,0.00,0.000,2.6,4.0,0.5,175,8,2.8,4.4,0.6,179,8,2.6,4.0,0.5,175,8,0,29.38,,0,0,0,73.1,72.5,70.3,0.44,0.41,0.43
BUFF,2017-08-21 23:35:00 EDT,43.00017,-78.76717,589,66.7,71.8,66.7,96.5,65.6,0.000,0.000,0.00,0.000,2.5,3.7,0.4,165,9,2.7,4.1,0.4,167,10,2.5,3.7,0.4,165,9,0,29.38,,0,0,0,73.0,72.5,70.3,0.44,0.42,0.43
BUFF,2017-08-21 23:40:00 EDT,43.00017,-78.76717,589,65.6,71.6,65.6,96.5,64.5,0.000,0.000,0.00,0.000,2.5,3.6,0.4,159,8,2.7,4.0,0.5,160,10,2.5,3.6,0.4,159,8,0,29.37,,0,0,0,73.0,72.5,70.3,0.44,0.41,0.43
BUFF,2017-08-21 23:45:00 EDT,43.00017,-78.76717,589,66.2,71.3,66.2,96.4,65.1,0.000,0.000,0.00,0.000,2.3,3.2,0.3,162,10,2.4,3.6,0.4,164,11,2.3,3.2,0.3,162,10,0,29.37,,0,0,0,73.0,72.5,70.3,0.44,0.42,0.43
BUFF,2017-08-21 23:50:00 EDT,43.00017,-78.76717,589,66.7,71.4,66.7,97.2,65.8,0.000,0.000,0.00,0.000,1.9,2.8,0.4,167,8,2.0,3.3,0.5,169,11,1.9,2.8,0.4,167,8,0,29.37,,0,0,0,73.0,72.5,70.3,0.44,0.42,0.43
BUFF,2017-08-21 23:55:00 EDT,43.00017,-78.76717,589,67.0,71.4,67.0,97.5,66.2,0.000,0.000,0.00,0.000,1.9,2.6,0.3,162,6,2.1,2.9,0.4,162,9,1.9,2.6,0.3,162,6,0,29.37,,0,0,0,73.0,72.5,70.3,0.44,0.42,0.43
BURD,2017-08-21 00:00:00 EDT,42.41042,-76.77176,1863,67.6,69.9,67.6,69.4,57.3,0.000,0.000,0.00,0.000,3.6,5.1,0.5,149,8,4.0,5.6,0.6,148,9,3.6,5.1,0.5,149,8,0,28.23,,0,0,0,66.9,67.5,65.7,0.16,0.14,0.23
BURD,2017-08-21 00:05:00 EDT,42.41042,-76.77176,1863,67.2,69.6,67.2,70.7,57.4,0.000,0.000,0.00,0.000,4.1,5.4,0.6,151,11,4.6,6.1,0.7,152,9,4.1,5.4,0.6,151,11,0,28.23,,0,0,0,66.8,67.5,65.7,0.16,0.14,0.23
BURD,2017-08-21 00:10:00 EDT,42.41042,-76.77176,1863,67.4,69.3,67.4,71.0,57.7,0.000,0.000,0.00,0.000,4.0,5.6,0.7,154,12,4.4,6.3,0.9,154,10,4.0,5.6,0.7,154,12,0,28.23,,0,0,0,66.7,67.4,65.7,0.16,0.15,0.23
BURD,2017-08-21 00:15:00 EDT,42.41042,-76.77176,1863,67.4,69.1,67.4,71.3,57.8,0.000,0.000,0.00,0.000,3.5,4.6,0.5,153,12,3.9,5.4,0.7,153,11,3.5,4.6,0.5,153,12,0,28.24,,0,0,0,66.7,67.4,65.8,0.16,0.14,0.23
BURD,2017-08-21 00:20:00 EDT,42.41042,-76.77176,1863,67.6,69.0,67.6,71.0,57.8,0.000,0.000,0.00,0.000,3.5,4.7,0.7,151,11,3.9,5.4,0.8,151,12,3.5,4.7,0.7,151,11,0,28.24,,0,0,0,66.7,67.4,65.8,0.16,0.14,0.23
BURD,2017-08-21 00:25:00 EDT,42.41042,-76.77176,1863,67.7,69.2,67.7,70.8,57.8,0.000,0.000,0.00,0.000,3.7,5.4,0.7,149,12,4.0,5.9,0.9,149,12,3.7,5.4,0.7,149,12,0,28.23,,0,0,0,66.7,67.4,65.8,0.16,0.14,0.23
BURD,2017-08-21 00:30:00 EDT,42.41042,-76.77176,1863,67.7,69.8,67.7,70.1,57.6,0.000,0.000,0.00,0.000,3.7,5.1,0.5,155,9,4.1,6.7,0.8,154,10,3.7,5.1,0.5,155,9,0,28.23,,0,0,0,66.7,67.4,65.7,0.16,0.14,0.23
BURD,2017-08-21 00:35:00 EDT,42.41042,-76.77176,1863,67.8,70.0,67.8,69.3,57.4,0.000,0.000,0.00,0.000,3.3,4.7,0.5,164,12,3.7,5.5,0.7,164,13,3.3,4.7,0.5,164,12,0,28.23,,0,0,0,66.7,67.3,65.8,0.16,0.14,0.23
BURD,2017-08-21 00:40:00 EDT,42.41042,-76.77176,1863,68.1,70.4,68.1,68.2,57.3,0.000,0.000,0.00,0.000,2.9,4.4,0.6,173,14,3.3,5.3,0.8,173,13,2.9,4.4,0.6,173,14,0,28.23,,0,0,0,66.7,67.3,65.7,0.16,0.14,0.23
BURD,2017-08-21 00:45:00 EDT,42.41042,-76.77176,1863,68.6,70.2,68.6,67.3,57.3,0.000,0.000,0.00,0.000,2.7,3.7,0.6,154,14,3.0,4.5,0.7,154,13,2.7,3.7,0.6,154,14,0,28.23,,0,0,0,66.5,67.2,65.7,0.16,0.14,0.23
BURD,2017-08-21 00:50:00 EDT,42.41042,-76.77176,1863,68.2,69.6,68.2,67.7,57.1,0.000,0.000,0.00,0.000,2.4,4.6,0.6,149,13,2.7,4.9,0.7,149,12,2.4,4.6,0.6,149,13,0,28.23,,0,0,0,66.6,67.3,65.8,0.16,0.14,0.23
BURD,2017-08-21 00:55:00 EDT,42.41042,-76.77176,1863,68.6,69.7,68.6,67.5,57.4,0.000,0.000,0.00,0.000,3.0,4.2,0.5,142,13,3.1,4.6,0.7,142,12,3.0,4.2,0.5,142,13,0,28.23,,0,0,0,66.5,67.2,65.7,0.16,0.14,0.23
BURD,2017-08-21 01:00:00 EDT,42.41042,-76.77176,1863,68.4,69.7,68.4,67.6,57.2,0.000,0.000,0.00,0.000,3.5,4.7,0.5,149,14,3.8,5.5,0.7,149,13,3.5,4.7,0.5,149,14,0,28.23,,0,0,0,66.5,67.1,65.7,0.16,0.15,0.23
BURD,2017-08-21 01:05:00 EDT,42.41042,-76.77176,1863,68.4,69.8,68.4,67.2,57.1,0.000,0.000,0.00,0.000,3.5,5.0,0.7,147,14,3.8,5.8,0.9,146,13,3.5,5.0,0.7,147,14,0,28.23,,0,0,0,66.6,67.2,65.7,0.16,0.14,0.23
BURD,2017-08-21 01:10:00 EDT,42.41042,-76.77176,1863,68.4,69.9,68.4,66.4,56.8,0.000,0.000,0.00,0.000,3.7,5.0,0.6,152,12,4.1,6.0,0.8,153,12,3.7,5.0,0.6,152,12,0,28.23,,0,0,0,66.4,67.1,65.7,0.16,0.14,0.24
BURD,2017-08-21 01:15:00 EDT,42.41042,-76.77176,1863,68.3,69.7,68.3,66.5,56.7,0.000,0.000,0.00,0.000,3.4,4.6,0.6,154,12,3.8,5.6,0.8,155,12,3.4,4.6,0.6,154,12,0,28.23,,0,0,0,66.5,67.1,65.7,0.16,0.15,0.23
BURD,2017-08-21 01:20:00 EDT,42.41042,-76.77176,1863,67.9,69.4,67.9,67.4,56.7,0.000,0.000,0.00,0.000,3.7,5.0,0.6,149,13,4.0,5.7,0.7,149,12,3.7,5.0,0.6,149,13,0,28.23,,0,0,0,66.5,67.1,65.7,0.16,0.15,0.23
BURD,2017-08-21 01:25:00 EDT,42.41042,-76.77176,1863,67.8,69.2,67.8,68.1,56.9,0.000,0.000,0.00,0.000,3.7,5.8,0.8,150,12,4.0,6.3,0.9,150,13,3.7,5.8,0.8,150,12,0,28.23,,0,0,0,66.5,67.1,65.8,0.16,0.14,0.23
BURD,2017-08-21 01:30:00 EDT,42.41042,-76.77176,1863,67.1,68.9,67.1,70.2,57.1,0.000,0.000,0.00,0.000,4.2,6.3,0.9,152,13,4.6,7.0,1.0,153,12,4.2,6.3,0.9,152,13,0,28.23,,0,0,0,66.4,67.1,65.7,0.16,0.14,0.23
BURD,2017-08-21 01:35:00 EDT,42.41042,-76.77176,1863,66.8,68.6,66.8,71.1,57.1,0.000,0.000,0.00,0.000,3.7,5.7,0.7,160,13,4.1,5.8,0.8,160,12,3.7,5.7,0.7,160,13,0,28.23,,0,0,0,66.4,67.1,65.8,0.16,0.15,0.23
BURD,2017-08-21 01:40:00 EDT,42.41042,-76.77176,1863,66.7,68.6,66.7,72.0,57.4,0.000,0.000,0.00,0.000,2.9,4.2,0.5,161,13,3.3,5.0,0.7,161,14,2.9,4.2,0.5,161,13,0,28.23,,0,0,0,66.4,67.1,65.8,0.16,0.15,0.23
BURD,2017-08-21 01:45:00 EDT,42.41042,-76.77176,1863,67.3,69.0,67.3,71.3,57.7,0.000,0.000,0.00,0.000,2.7,5.1,0.7,163,14,3.3,6.0,0.9,163,13,2.7,5.1,0.7,163,14,0,28.23,,0,0,0,66.4,67.2,65.7,0.16,0.14,0.23
BURD,2017-08-21 01:50:00 EDT,42.41042,-76.77176,1863,67.3,69.1,67.3,71.8,57.9,0.000,0.000,0.00,0.000,3.2,4.8,0.7,187,16,3.6,5.6,0.9,187,14,3.2,4.8,0.7,187,16,0,28.23,,0,0,0,66.4,67.1,65.8,0.16,0.15,0.23
BURD,2017-08-21 01:55:00 EDT,42.41042,-76.77176,1863,68.0,69.3,68.0,72.3,58.8,0.000,0.000,0.00,0.000,4.0,5.8,0.8,189,14,4.4,6.5,0.9,190,12,4.0,5.8,0.8,189,14,0,28.23,,0,0,0,66.4,67.1,65.8,0.16,0.14,0.23
BURD,2017-08-21 02:00:00 EDT,42.41042,-76.77176,1863,68.1,69.0,68.1,71.5,58.6,0.000,0.000,0.00,0.000,4.0,8.0,1.3,194,13,4.4,8.4,1.4,193,13,4.0,8.0,1.3,194,13,0,28.23,,0,0,0,66.4,67.1,65.8,0.16,0.14,0.23
BURD,2017-08-21 02:05:00 EDT,42.41042,-76.77176,1863,68.2,68.8,68.2,71.4,58.6,0.000,0.000,0.00,0.000,3.9,5.9,0.9,190,17,4.4,6.8,1.1,190,14,3.9,5.9,0.9,190,17,0,28.23,,0,0,0,66.4,67.1,65.8,0.16,0.15,0.23
BURD,2017-08-21 02:10:00 EDT,42.41042,-76.77176,1863,68.0,68.7,68.0,71.3,58.4,0.000,0.000,0.00,0.000,3.8,7.5,1.1,209,18,4.1,7.7,1.3,209,16,3.8,7.5,1.1,209,18,0,28.23,,0,0,0,66.4,67.1,65.8,0.16,0.14,0.23
BURD,2017-08-21 02:15:00 EDT,42.41042,-76.77176,1863,67.7,68.5,67.7,72.1,58.4,0.000,0.000,0.00,0.000,4.7,6.6,1.0,194,15,5.2,8.1,1.1,195,13,4.7,6.6,1.0,194,15,0,28.23,,0,0,0,66.3,67.1,65.8,0.16,0.15,0.23
BURD,2017-08-21 02:20:00 EDT,42.41042,-76.77176,1863,67.5,68.2,67.5,73.4,58.7,0.000,0.000,0.00,0.000,5.0,8.0,1.1,191,17,5.4,8.7,1.2,192,15,5.0,8.0,1.1,191,17,0,28.23,,0,0,0,66.2,67.1,65.8,0.16,0.15,0.23
BURD,2017-08-21 02:25:00 EDT,42.41042,-76.77176,1863,67.5,68.3,67.5,72.5,58.4,0.000,0.000,0.00,0.000,4.7,9.3,1.4,193,17,5.3,9.7,1.6,194,15,4.7,9.3,1.4,193,17,0,28.23,,0,0,0,66.2,67.1,65.8,0.16,0.14,0.23
BURD,2017-08-21 02:30:00 EDT,42.41042,-76.77176,1863,67.3,68.1,67.3,72.9,58.3,0.000,0.000,0.00,0.000,4.0,7.2,1.3,191,18,4.7,9.5,1.4,192,14,4.0,7.2,1.3,191,18,0,28.23,,0,0,0,66.1,67.1,65.8,0.16,0.15,0.23
BURD,2017-08-21 02:35:00 EDT,42.41042,-76.77176,1863,66.6,67.9,66.6,74.5,58.2,0.000,0.000,0.00,0.000,3.6,6.6,1.1,185,18,4.0,7.9,1.2,186,17,3.6,6.6,1.1,185,18,0,28.23,,0,0,0,66.1,67.1,65.6,0.16,0.14,0.23
BURD,2017-08-21 02:40:00 EDT,42.41042,-76.77176,1863,66.5,67.8,66.5,75.4,58.5,0.000,0.000,0.00,0.000,3.3,5.6,1.0,185,21,3.7,6.7,1.1,186,20,3.3,5.6,1.0,185,21,0,28.23,,0,0,0,66.1,67.1,65.7,0.16,0.15,0.24
BURD,2017-08-21 02:45:00 EDT,42.41042,-76.77176,1863,67.6,68.5,67.6,72.6,58.5,0.000,0.000,0.00,0.000,4.8,8.8,1.5,201,15,5.3,9.3,1.5,201,16,4.8,8.8,1.5,201,15,0,28.23,,0,0,0,66.1,67.1,65.8,0.16,0.14,0.23
BURD,2017-08-21 02:50:00 EDT,42.41042,-76.77176,1863,68.0,68.8,68.0,70.3,58.0,0.000,0.000,0.00,0.000,4.4,7.1,1.4,196,15,5.0,8.0,1.4,196,13,4.4,7.1,1.4,196,15,0,28.23,,0,0,0,66.0,67.1,65.9,0.16,0.15,0.23
BURD,2017-08-21 02:55:00 EDT,42.41042,-76.77176,1863,68.3,69.0,68.3,69.3,57.8,0.000,0.000,0.00,0.000,5.4,8.9,1.4,206,15,5.8,9.5,1.5,206,14,5.4,8.9,1.4,206,15,0,28.23,,0,0,0,66.0,67.1,65.8,0.16,0.15,0.23
BURD,2017-08-21 03:00:00 EDT,42.41042,-76.77176,1863,68.6,69.2,68.6,67.5,57.4,0.000,0.000,0.00,0.000,5.2,9.8,1.7,206,18,5.6,9.4,1.7,205,15,5.2,9.8,1.7,206,18,0,28.23,,0,0,0,66.0,67.1,65.8,0.16,0.15,0.23
BURD,2017-08-21 03:05:00 EDT,42.41042,-76.77176,1863,68.5,69.1,68.5,66.7,57.0,0.000,0.000,0.00,0.000,4.8,8.1,1.1,211,15,5.2,7.9,1.3,212,13,4.8,8.1,1.1,211,15,0,28.23,,0,0,0,66.0,67.1,65.8,0.16,0.14,0.23
BURD,2017-08-21 03:10:00 EDT,42.41042,-76.77176,1863,68.2,69.0,68.2,67.5,57.0,0.000,0.000,0.00,0.000,4.1,6.1,1.1,211,17,4.5,7.4,1.3,210,16,4.1,6.1,1.1,211,17,0,28.23,,0,0,0,66.0,67.1,65.8,0.16,0.15,0.23
BURD,2017-08-21 03:15:00 EDT,42.41042,-76.77176,1863,68.4,68.9,68.4,66.6,56.9,0.000,0.000,0.00,0.000,4.3,7.5,1.3,207,17,4.7,7.9,1.3,208,18,4.3,7.5,1.3,207,17,0,28.23,,0,0,0,66.0,67.1,65.8,0.16,0.15,0.23
BURD,2017-08-21 03:20:00 EDT,42.41042,-76.77176,1863,68.1,68.6,68.1,67.6,57.0,0.000,0.000,0.00,0.000,4.6,7.9,1.0,203,17,5.0,8.9,1.1,204,15,4.6,7.9,1.0,203,17,0,28.23,,0,0,0,66.0,67.1,65.8,0.16,0.15,0.23
BURD,2017-08-21 03:25:00 EDT,42.41042,-76.77176,1863,68.4,69.0,68.4,66.7,56.9,0.000,0.000,0.00,0.000,4.7,8.7,1.5,203,14,5.0,9.5,1.6,204,13,4.7,8.7,1.5,203,14,0,28.23,,0,0,0,66.0,67.0,65.8,0.16,0.14,0.23
BURD,2017-08-21 03:30:00 EDT,42.41042,-76.77176,1863,68.1,68.9,68.1,66.3,56.5,0.000,0.000,0.00,0.000,4.0,6.9,1.4,213,14,4.5,7.8,1.4,215,12,4.0,6.9,1.4,213,14,0,28.23,,0,0,0,66.0,67.0,65.7,0.16,0.14,0.23
BURD,2017-08-21 03:35:00 EDT,42.41042,-76.77176,1863,68.4,69.2,68.4,65.4,56.4,0.000,0.000,0.00,0.000,4.0,6.7,1.3,214,16,4.3,7.4,1.4,213,15,4.0,6.7,1.3,214,16,0,28.23,,0,0,0,66.0,67.1,65.8,0.16,0.15,0.23
BURD,2017-08-21 03:40:00 EDT,42.41042,-76.77176,1863,68.6,69.2,68.6,64.4,56.2,0.000,0.000,0.00,0.000,4.4,6.4,0.9,211,13,4.7,7.1,1.2,210,12,4.4,6.4,0.9,211,13,0,28.23,,0,0,0,66.0,67.0,65.8,0.16,0.14,0.23
BURD,2017-08-21 03:45:00 EDT,42.41042,-76.77176,1863,68.4,69.0,68.4,64.9,56.2,0.000,0.000,0.00,0.000,4.0,6.6,1.1,217,19,4.5,8.0,1.1,216,15,4.0,6.6,1.1,217,19,0,28.23,,0,0,0,66.0,67.0,65.8,0.16,0.15,0.23
BURD,2017-08-21 03:50:00 EDT,42.41042,-76.77176,1863,68.2,68.7,68.2,66.0,56.4,0.000,0.000,0.00,0.000,4.7,6.5,0.8,203,13,5.1,7.1,1.0,202,12,4.7,6.5,0.8,203,13,0,28.23,,0,0,0,66.0,67.1,65.8,0.16,0.15,0.23
BURD,2017-08-21 03:55:00 EDT,42.41042,-76.77176,1863,67.9,68.6,67.9,66.5,56.3,0.000,0.000,0.00,0.000,4.1,6.8,1.3,211,18,4.5,7.0,1.3,210,16,4.1,6.8,1.3,211,18,0,28.23,,0,0,0,66.0,67.1,65.8,0.16,0.14,0.23
BURD,2017-08-21 04:00:00 EDT,42.41042,-76.77176,1863,67.8,68.6,67.8,67.1,56.5,0.000,0.000,0.00,0.000,3.8,8.5,1.3,215,19,4.2,9.2,1.4,214,19,3.8,8.5,1.3,215,19,0,28.23,,0,0,0,66.0,67.1,65.8,0.16,0.14,0.23
BURD,2017-08-21 04:05:00 EDT,42.41042,-76.77176,1863,67.8,68.5,67.8,67.7,56.8,0.000,0.000,0.00,0.000,4.0,8.5,1.6,210,18,4.4,9.2,1.6,212,17,4.0,8.5,1.6,210,18,0,28.23,,0,0,0,66.0,67.0,65.8,0.16,0.14,0.23
BURD,2017-08-21 04:10:00 EDT,42.41042,-76.77176,1863,67.7,68.3,67.7,68.1,56.9,0.000,0.000,0.00,0.000,4.3,7.0,1.3,225,20,4.8,9.1,1.5,227,20,4.3,7.0,1.3,225,20,0,28.23,,0,0,0,66.0,67.0,65.8,0.16,0.15,0.23
BURD,2017-08-21 04:15:00 EDT,42.41042,-76.77176,1863,67.7,68.4,67.7,68.3,56.9,0.000,0.000,0.00,0.000,4.0,6.9,1.4,226,17,4.3,7.6,1.5,227,19,4.0,6.9,1.4,226,17,0,28.24,,0,0,0,66.0,67.0,65.8,0.16,0.15,0.23
BURD,2017-08-21 04:20:00 EDT,42.41042,-76.77176,1863,67.6,68.4,67.6,68.2,56.8,0.000,0.000,0.00,0.000,4.1,8.2,1.3,222,23,4.7,7.6,1.3,223,22,4.1,8.2,1.3,222,23,0,28.23,,0,0,0,66.0,67.0,65.8,0.16,0.14,0.23
BURD,2017-08-21 04:25:00 EDT,42.41042,-76.77176,1863,67.8,68.4,67.8,67.6,56.7,0.000,0.000,0.00,0.000,3.0,5.6,0.9,214,25,3.5,6.2,1.1,215,21,3.0,5.6,0.9,214,25,0,28.23,,0,0,0,66.0,67.0,65.8,0.16,0.14,0.23
BURD,2017-08-21 04:30:00 EDT,42.41042,-76.77176,1863,67.9,68.5,67.9,67.5,56.7,0.000,0.000,0.00,0.000,4.0,6.4,1.1,211,16,4.4,7.6,1.3,211,17,4.0,6.4,1.1,211,16,0,28.23,,0,0,0,66.0,66.9,65.8,0.16,0.14,0.23
BURD,2017-08-21 04:35:00 EDT,42.41042,-76.77176,1863,67.9,68.6,67.9,67.0,56.6,0.000,0.000,0.00,0.000,3.8,6.4,1.0,206,19,4.3,7.7,1.1,207,18,3.8,6.4,1.0,206,19,0,28.23,,0,0,0,66.0,66.8,65.8,0.16,0.15,0.23
BURD,2017-08-21 04:40:00 EDT,42.41042,-76.77176,1863,67.1,68.1,67.1,69.0,56.6,0.000,0.000,0.00,0.000,3.6,6.3,1.3,199,14,3.9,6.9,1.3,199,15,3.6,6.3,1.3,199,14,0,28.24,,0,0,0,66.0,66.8,65.8,0.16,0.14,0.23
BURD,2017-08-21 04:45:00 EDT,42.41042,-76.77176,1863,66.4,67.5,66.4,70.9,56.7,0.000,0.000,0.00,0.000,3.7,5.6,1.0,189,20,4.2,7.0,1.1,189,18,3.7,5.6,1.0,189,20,0,28.24,,0,0,0,66.0,66.8,65.8,0.16,0.14,0.23
BURD,2017-08-21 04:50:00 EDT,42.41042,-76.77176,1863,66.2,67.3,66.2,72.9,57.2,0.000,0.000,0.00,0.000,4.2,6.8,0.9,181,13,4.8,8.0,1.1,180,11,4.2,6.8,0.9,181,13,0,28.24,,0,0,0,66.0,66.7,65.8,0.16,0.15,0.23
BURD,2017-08-21 04:55:00 EDT,42.41042,-76.77176,1863,66.1,67.4,66.1,73.3,57.3,0.000,0.000,0.00,0.000,4.2,7.5,1.2,195,19,4.7,8.2,1.3,197,17,4.2,7.5,1.2,195,19,0,28.24,,0,0,0,66.0,66.8,65.8,0.16,0.15,0.23
BURD,2017-08-21 05:00:00 EDT,42.41042,-76.77176,1863,66.3,67.0,66.3,72.6,57.3,0.000,0.000,0.00,0.000,4.3,7.7,1.4,190,22,4.7,8.5,1.4,190,20,4.3,7.7,1.4,190,22,0,28.24,,0,0,0,66.0,66.7,65.7,0.16,0.15,0.23
BURD,2017-08-21 05:05:00 EDT,42.41042,-76.77176,1863,66.1,66.7,66.1,73.4,57.3,0.000,0.000,0.00,0.000,4.7,7.5,1.1,198,15,5.2,9.3,1.2,197,16,4.7,7.5,1.1,198,15,0,28.24,,0,0,0,65.9,66.8,65.8,0.16,0.15,0.23
BURD,2017-08-21 05:10:00 EDT,42.41042,-76.77176,1863,66.7,67.1,66.7,72.2,57.4,0.000,0.000,0.00,0.000,6.1,8.9,1.4,186,16,6.9,10.5,1.5,187,14,6.1,8.9,1.4,186,16,0,28.23,,0,0,0,65.9,66.7,65.8,0.16,0.15,0.23
BURD,2017-08-21 05:15:00 EDT,42.41042,-76.77176,1863,66.4,67.0,66.4,72.1,57.2,0.000,0.000,0.00,0.000,4.6,7.5,1.4,185,16,5.3,9.5,1.6,184,14,4.6,7.5,1.4,185,16,0,28.23,,0,0,0,65.9,66.7,65.8,0.16,0.15,0.23
BURD,2017-08-21 05:20:00 EDT,42.41042,-76.77176,1863,66.5,67.2,66.5,72.3,57.3,0.000,0.000,0.00,0.000,4.0,7.7,1.2,180,16,4.6,8.0,1.3,182,14,4.0,7.7,1.2,180,16,0,28.23,,0,0,0,66.0,66.7,65.7,0.16,0.14,0.23
BURD,2017-08-21 05:25:00 EDT,42.41042,-76.77176,1863,66.5,67.2,66.5,71.5,57.0,0.000,0.000,0.00,0.000,4.8,8.3,1.4,194,17,5.4,9.8,1.7,191,13,4.8,8.3,1.4,194,17,0,28.23,,0,0,0,65.9,66.8,65.8,0.16,0.15,0.23
BURD,2017-08-21 05:30:00 EDT,42.41042,-76.77176,1863,66.6,67.1,66.6,71.3,57.0,0.000,0.000,0.00,0.000,5.3,9.1,1.3,188,16,5.9,9.6,1.5,189,13,5.3,9.1,1.3,188,16,0,28.24,,0,0,0,65.9,66.7,65.8,0.16,0.14,0.23
BURD,2017-08-21 05:35:00 EDT,42.41042,-76.77176,1863,66.7,67.2,66.7,71.0,57.0,0.000,0.000,0.00,0.000,6.2,10.4,1.8,190,16,6.9,13.2,2.0,190,14,6.2,10.4,1.8,190,16,0,28.23,,0,0,0,65.9,66.7,65.8,0.16,0.15,0.23
BURD,2017-08-21 05:40:00 EDT,42.41042,-76.77176,1863,66.6,67.2,66.6,71.2,57.0,0.000,0.000,0.00,0.000,6.1,9.3,1.5,186,14,6.7,10.8,1.8,187,12,6.1,9.3,1.5,186,14,0,28.24,,0,0,0,65.9,66.7,65.8,0.16,0.15,0.23
BURD,2017-08-21 05:45:00 EDT,42.41042,-76.77176,1863,66.7,67.3,66.7,71.7,57.3,0.000,0.000,0.00,0.000,6.7,10.2,1.4,184,14,7.4,11.6,1.7,184,12,6.7,10.2,1.4,184,14,0,28.24,,0,0,0,65.9,66.7,65.8,0.16,0.15,0.23
BURD,2017-08-21 05:50:00 EDT,42.41042,-76.77176,1863,66.9,67.6,66.9,70.9,57.2,0.000,0.000,0.00,0.000,6.9,11.1,1.8,184,14,7.8,14.2,2.0,185,11,6.9,11.1,1.8,184,14,0,28.23,,0,0,0,65.9,66.7,65.8,0.16,0.14,0.23
BURD,2017-08-21 05:55:00 EDT,42.41042,-76.77176,1863,66.1,67.2,66.1,71.8,56.7,0.000,0.000,0.00,0.000,5.1,9.2,1.3,172,16,5.6,10.4,1.4,173,14,5.1,9.2,1.3,172,16,0,28.23,,0,0,0,65.9,66.7,65.8,0.16,0.15,0.23
BURD,2017-08-21 06:00:00 EDT,42.41042,-76.77176,1863,65.0,66.4,65.0,76.2,57.3,0.000,0.000,0.00,0.000,5.3,8.8,1.1,171,12,6.0,10.2,1.3,172,10,5.3,8.8,1.1,171,12,0,28.23,,0,0,0,65.9,66.7,65.8,0.16,0.15,0.23
BURD,2017-08-21 06:05:00 EDT,42.41042,-76.77176,1863,65.5,66.7,65.5,76.6,58.0,0.000,0.000,0.00,0.000,6.0,8.7,1.4,181,15,6.7,9.7,1.5,179,12,6.0,8.7,1.4,181,15,0,28.24,,0,0,0,65.9,66.7,65.8,0.16,0.15,0.23
BURD,2017-08-21 06:10:00 EDT,42.41042,-76.77176,1863,66.5,67.2,66.5,73.2,57.7,0.000,0.000,0.00,0.000,7.4,12.1,1.7,183,14,8.0,14.1,1.9,184,13,7.4,12.1,1.7,183,14,1,28.24,,0,0,0,65.9,66.7,65.8,0.16,0.14,0.23
BURD,2017-08-21 06:15:00 EDT,42.41042,-76.77176,1863,66.4,66.9,66.4,72.6,57.3,0.000,0.000,0.00,0.000,7.7,12.0,1.9,182,13,8.5,14.4,2.2,183,9,7.7,12.0,1.9,182,13,2,28.24,,0,0,0,65.9,66.7,65.8,0.16,0.14,0.23
BURD,2017-08-21 06:20:00 EDT,42.41042,-76.77176,1863,66.0,66.5,66.0,73.8,57.4,0.000,0.000,0.00,0.000,7.5,12.2,1.5,187,13,8.1,12.7,1.8,186,11,7.5,12.2,1.5,187,13,3,28.24,,0,0,0,65.9,66.7,65.8,0.16,0.14,0.23
BURD,2017-08-21 06:25:00 EDT,42.41042,-76.77176,1863,65.9,66.3,65.9,74.1,57.4,0.000,0.000,0.00,0.000,7.4,13.1,1.9,189,17,8.1,13.0,2.0,189,14,7.4,13.1,1.9,189,17,8,28.24,,0,0,0,65.9,66.7,65.8,0.16,0.14,0.23
BURD,2017-08-21 06:30:00 EDT,42.41042,-76.77176,1863,65.8,66.2,65.8,74.4,57.5,0.000,0.000,0.00,0.000,7.9,13.1,2.1,190,15,8.5,15.9,2.3,192,12,7.9,13.1,2.1,190,15,11,28.24,,0,0,0,65.8,66.7,65.8,0.16,0.15,0.23
BURD,2017-08-21 06:35:00 EDT,42.41042,-76.77176,1863,65.7,66.2,65.7,75.0,57.6,0.000,0.000,0.00,0.000,7.1,11.3,1.7,182,15,8.0,12.7,1.8,184,12,7.1,11.3,1.7,182,15,12,28.24,,0,0,0,65.9,66.7,65.8,0.16,0.14,0.23
BURD,2017-08-21 06:40:00 EDT,42.41042,-76.77176,1863,66.4,67.0,66.4,72.7,57.3,0.000,0.000,0.00,0.000,6.4,10.7,1.6,188,17,7.6,14.9,2.0,189,14,6.4,10.7,1.6,188,17,17,28.23,,0,0,0,65.8,66.6,65.7,0.16,0.14,0.23
BURD,2017-08-21 06:45:00 EDT,42.41042,-76.77176,1863,66.6,67.2,66.6,71.1,56.9,0.000,0.000,0.00,0.000,6.4,9.5,1.2,180,16,7.5,11.6,1.4,183,13,6.4,9.5,1.2,180,16,22,28.23,,0,0,0,65.9,66.6,65.7,0.16,0.15,0.23
BURD,2017-08-21 06:50:00 EDT,42.41042,-76.77176,1863,66.3,66.9,66.3,71.7,56.9,0.000,0.000,0.00,0.000,7.8,12.3,1.6,182,13,8.6,15.0,2.1,184,12,7.8,12.3,1.6,182,13,25,28.23,,0,0,0,65.8,66.6,65.7,0.16,0.15,0.23
BURD,2017-08-21 06:55:00 EDT,42.41042,-76.77176,1863,66.0,66.5,66.0,73.1,57.2,0.000,0.000,0.00,0.000,8.9,14.2,2.1,183,11,9.7,16.1,2.4,183,9,8.9,14.2,2.1,183,11,27,28.23,,0,0,0,65.9,66.4,65.8,0.16,0.14,0.23
BURD,2017-08-21 07:00:00 EDT,42.41042,-76.77176,1863,65.9,66.3,65.9,75.5,57.9,0.000,0.000,0.00,0.000,8.7,13.5,2.2,182,14,9.5,14.7,2.4,182,11,8.7,13.5,2.2,182,14,23,28.23,,0,0,0,65.8,66.4,65.8,0.16,0.15,0.23
BURD,2017-08-21 07:05:00 EDT,42.41042,-76.77176,1863,65.9,66.4,65.9,76.7,58.4,0.000,0.000,0.00,0.000,8.4,12.6,1.7,182,15,9.7,15.1,1.9,183,12,8.4,12.6,1.7,182,15,24,28.23,,0,0,0,65.8,66.5,65.8,0.16,0.15,0.23
BURD,2017-08-21 07:10:00 EDT,42.41042,-76.77176,1863,65.9,66.3,65.9,77.5,58.6,0.000,0.000,0.00,0.000,8.4,15.1,2.2,184,12,9.3,17.6,2.6,185,12,8.4,15.1,2.2,184,12,31,28.23,,0,0,0,65.8,66.4,65.8,0.16,0.14,0.23
BURD,2017-08-21 07:15:00 EDT,42.41042,-76.77176,1863,66.2,66.7,66.2,77.4,58.9,0.000,0.000,0.00,0.000,8.7,12.9,2.0,183,13,9.4,14.4,2.2,183,10,8.7,12.9,2.0,183,13,39,28.23,,0,0,0,65.8,66.5,65.7,0.16,0.15,0.23
BURD,2017-08-21 07:20:00 EDT,42.41042,-76.77176,1863,66.3,66.8,66.3,78.0,59.3,0.000,0.000,0.00,0.000,8.1,12.8,1.8,187,15,8.8,13.7,2.2,186,12,8.1,12.8,1.8,187,15,57,28.24,,0,0,0,65.8,66.4,65.8,0.16,0.14,0.23
BURD,2017-08-21 07:25:00 EDT,42.41042,-76.77176,1863,66.8,67.2,66.8,78.0,59.7,0.000,0.000,0.00,0.000,7.8,12.4,1.8,184,14,8.4,13.9,2.0,186,11,7.8,12.4,1.8,184,14,79,28.24,,0,0,0,65.7,66.4,65.8,0.16,0.14,0.23
BURD,2017-08-21 07:30:00 EDT,42.41042,-76.77176,1863,67.5,67.8,67.5,76.4,59.8,0.000,0.000,0.00,0.000,8.6,13.0,1.8,184,10,9.5,15.4,2.3,185,9,8.6,13.0,1.8,184,10,153,28.24,,0,0,0,65.8,66.4,65.8,0.16,0.14,0.23
BURD,2017-08-21 07:35:00 EDT,42.41042,-76.77176,1863,67.6,67.8,67.6,75.7,59.6,0.000,0.000,0.00,0.000,7.5,11.8,1.9,184,14,8.2,12.8,2.0,185,12,7.5,11.8,1.9,184,14,184,28.24,,0,0,0,65.7,66.4,65.7,0.16,0.14,0.23
BURD,2017-08-21 07:40:00 EDT,42.41042,-76.77176,1863,67.4,67.6,67.4,75.9,59.5,0.000,0.000,0.00,0.000,8.4,12.5,1.7,185,14,9.1,14.0,2.0,184,12,8.4,12.5,1.7,185,14,140,28.24,,0,0,0,65.8,66.4,65.8,0.16,0.14,0.23
BURD,2017-08-21 07:45:00 EDT,42.41042,-76.77176,1863,66.9,67.1,66.9,77.7,59.7,0.000,0.000,0.00,0.000,7.5,11.8,1.8,180,16,8.4,14.6,2.2,181,11,7.5,11.8,1.8,180,16,65,28.23,,0,0,0,65.8,66.4,65.8,0.16,0.15,0.23
BURD,2017-08-21 07:50:00 EDT,42.41042,-76.77176,1863,66.6,66.9,66.6,79.4,60.0,0.000,0.000,0.00,0.000,6.6,12.1,1.9,175,15,7.5,13.2,2.2,177,12,6.6,12.1,1.9,175,15,76,28.23,,0,0,0,65.8,66.4,65.8,0.16,0.14,0.23
BURD,2017-08-21 07:55:00 EDT,42.41042,-76.77176,1863,66.7,66.9,66.7,79.6,60.1,0.000,0.000,0.00,0.000,6.9,11.2,1.7,183,15,7.6,13.6,1.9,184,13,6.9,11.2,1.7,183,15,152,28.24,,0,0,0,65.8,66.4,65.7,0.16,0.14,0.23
BURD,2017-08-21 08:00:00 EDT,42.41042,-76.77176,1863,67.4,67.5,67.4,78.0,60.3,0.000,0.000,0.00,0.000,8.0,13.1,2.4,184,17,9.0,15.9,2.7,184,13,8.0,13.1,2.4,184,17,270,28.23,,0,0,0,65.9,66.4,65.7,0.16,0.15,0.23
BURD,2017-08-21 08:05:00 EDT,42.41042,-76.77176,1863,67.6,67.7,67.6,76.6,60.0,0.000,0.000,0.00,0.000,8.6,14.0,2.2,186,12,9.4,15.5,2.5,186,10,8.6,14.0,2.2,186,12,191,28.23,,0,0,0,65.9,66.4,65.7,0.16,0.14,0.23
BURD,2017-08-21 08:10:00 EDT,42.41042,-76.77176,1863,67.4,67.4,67.4,78.4,60.4,0.000,0.000,0.00,0.000,7.3,12.2,1.7,183,15,8.1,12.4,1.9,183,12,7.3,12.2,1.7,183,15,159,28.24,,0,0,0,65.8,66.4,65.8,0.16,0.15,0.23
BURD,2017-08-21 08:15:00 EDT,42.41042,-76.77176,1863,67.1,67.1,67.1,80.0,60.7,0.000,0.000,0.00,0.000,6.6,12.9,1.8,176,14,7.2,14.2,2.0,177,14,6.6,12.9,1.8,176,14,163,28.24,,0,0,0,65.8,66.5,65.7,0.16,0.15,0.24
BURD,2017-08-21 08:20:00 EDT,42.41042,-76.77176,1863,67.1,67.1,67.1,80.9,61.0,0.000,0.000,0.00,0.000,6.4,10.9,1.5,174,17,7.3,12.7,1.8,175,15,6.4,10.9,1.5,174,17,169,28.23,,0,0,0,65.9,66.4,65.8,0.16,0.15,0.23
BURD,2017-08-21 08:25:00 EDT,42.41042,-76.77176,1863,67.2,67.2,67.2,80.1,60.8,0.000,0.000,0.00,0.000,7.4,13.2,1.9,176,15,8.2,14.9,2.0,176,12,7.4,13.2,1.9,176,15,188,28.23,,0,0,0,65.9,66.4,65.7,0.16,0.15,0.23
BURD,2017-08-21 08:30:00 EDT,42.41042,-76.77176,1863,67.3,67.3,67.3,79.8,60.9,0.000,0.000,0.00,0.000,7.6,12.3,1.7,176,13,8.4,13.6,2.0,176,12,7.6,12.3,1.7,176,13,273,28.23,,0,0,0,65.9,66.4,65.8,0.16,0.14,0.23
BURD,2017-08-21 08:35:00 EDT,42.41042,-76.77176,1863,67.9,67.8,67.9,78.3,60.9,0.000,0.000,0.00,0.000,7.4,11.0,1.7,180,14,8.3,12.8,1.9,180,12,7.4,11.0,1.7,180,14,300,28.23,,0,0,0,65.9,66.4,65.7,0.16,0.15,0.23
BURD,2017-08-21 08:40:00 EDT,42.41042,-76.77176,1863,67.7,67.6,67.7,78.8,60.9,0.000,0.000,0.00,0.000,7.2,11.8,2.2,178,14,8.0,15.0,2.4,179,13,7.2,11.8,2.2,178,14,171,28.23,,0,0,0,65.9,66.4,65.8,0.16,0.15,0.23
BURD,2017-08-21 08:45:00 EDT,42.41042,-76.77176,1863,67.3,67.2,67.3,80.1,60.9,0.000,0.000,0.00,0.000,7.0,11.0,1.6,188,15,7.7,12.5,1.8,188,12,7.0,11.0,1.6,188,15,193,28.23,,0,0,0,65.9,66.4,65.8,0.16,0.15,0.23
BURD,2017-08-21 08:50:00 EDT,42.41042,-76.77176,1863,67.6,67.5,67.6,79.5,61.0,0.000,0.000,0.00,0.000,6.0,11.5,1.9,185,17,6.8,13.6,2.1,186,14,6.0,11.5,1.9,185,17,270,28.23,,0,0,0,65.9,66.4,65.7,0.16,0.15,0.24
BURD,2017-08-21 08:55:00 EDT,42.41042,-76.77176,1863,68.1,68.0,68.1,77.9,61.0,0.000,0.000,0.00,0.000,6.2,12.6,1.9,191,19,7.0,13.8,2.0,190,16,6.2,12.6,1.9,191,19,248,28.23,,0,0,0,66.0,66.4,65.7,0.16,0.14,0.23
BURD,2017-08-21 09:00:00 EDT,42.41042,-76.77176,1863,68.0,67.9,68.0,77.9,60.8,0.000,0.000,0.00,0.000,5.2,9.4,1.6,191,18,6.0,11.2,1.6,191,14,5.2,9.4,1.6,191,18,196,28.23,,0,0,0,66.0,66.4,65.7,0.16,0.14,0.24
BURD,2017-08-21 09:05:00 EDT,42.41042,-76.77176,1863,67.9,67.9,67.9,78.5,61.0,0.000,0.000,0.00,0.000,6.1,10.7,1.6,186,15,6.6,11.7,1.7,188,14,6.1,10.7,1.6,186,15,164,28.23,,0,0,0,66.0,66.4,65.8,0.16,0.14,0.23
BURD,2017-08-21 09:10:00 EDT,42.41042,-76.77176,1863,67.8,67.7,67.8,79.1,61.1,0.000,0.000,0.00,0.000,5.2,9.6,1.6,193,15,5.9,11.9,1.6,192,15,5.2,9.6,1.6,193,15,158,28.23,,0,0,0,66.0,66.4,65.7,0.16,0.14,0.23
BURD,2017-08-21 09:15:00 EDT,42.41042,-76.77176,1863,67.6,67.5,67.6,80.8,61.5,0.000,0.000,0.00,0.000,5.1,9.0,1.5,197,17,5.9,11.1,1.7,196,14,5.1,9.0,1.5,197,17,155,28.24,,0,0,0,66.0,66.4,65.6,0.16,0.14,0.23
BURD,2017-08-21 09:20:00 EDT,42.41042,-76.77176,1863,67.5,67.5,67.5,81.3,61.6,0.000,0.000,0.00,0.000,7.5,13.4,1.9,194,17,8.3,13.9,2.3,195,14,7.5,13.4,1.9,194,17,161,28.24,,0,0,0,66.1,66.4,65.7,0.16,0.14,0.23
BURD,2017-08-21 09:25:00 EDT,42.41042,-76.77176,1863,67.4,67.4,67.4,82.0,61.7,0.000,0.000,0.00,0.000,7.2,13.0,2.2,192,15,7.8,14.1,2.3,192,15,7.2,13.0,2.2,192,15,165,28.24,,0,0,0,66.1,66.4,65.8,0.16,0.15,0.23
BURD,2017-08-21 09:30:00 EDT,42.41042,-76.77176,1863,67.4,67.3,67.4,83.2,62.2,0.000,0.000,0.00,0.000,5.5,10.1,1.5,199,18,6.2,11.4,1.8,199,14,5.5,10.1,1.5,199,18,137,28.24,,0,0,0,66.1,66.4,65.7,0.16,0.14,0.23
BURD,2017-08-21 09:35:00 EDT,42.41042,-76.77176,1863,67.1,67.0,67.1,84.5,62.3,0.000,0.000,0.00,0.000,6.0,9.8,1.7,204,17,6.8,11.8,2.0,202,16,6.0,9.8,1.7,204,17,116,28.24,,0,0,0,66.3,66.4,65.7,0.16,0.15,0.24
BURD,2017-08-21 09:40:00 EDT,42.41042,-76.77176,1863,66.9,66.9,66.9,85.2,62.4,0.000,0.000,0.00,0.000,6.4,10.0,1.3,204,16,7.0,12.0,1.6,203,15,6.4,10.0,1.3,204,16,89,28.24,,0,0,0,66.4,66.4,65.6,0.16,0.14,0.23
BURD,2017-08-21 09:45:00 EDT,42.41042,-76.77176,1863,66.6,66.6,66.6,86.4,62.4,0.000,0.000,0.00,0.000,7.3,12.3,1.9,206,18,7.9,14.1,2.0,202,15,7.3,12.3,1.9,206,18,86,28.25,,0,0,0,66.4,66.4,65.7,0.16,0.14,0.23
BURD,2017-08-21 09:50:00 EDT,42.41042,-76.77176,1863,66.8,66.8,66.8,86.3,62.6,0.000,0.000,0.00,0.000,5.5,10.1,1.8,197,20,6.1,12.2,2.3,197,17,5.5,10.1,1.8,197,20,117,28.24,,0,0,0,66.4,66.4,65.7,0.16,0.14,0.23
BURD,2017-08-21 09:55:00 EDT,42.41042,-76.77176,1863,67.3,67.2,67.3,84.4,62.4,0.000,0.000,0.00,0.000,5.9,11.1,1.9,199,16,6.5,12.2,1.9,200,15,5.9,11.1,1.9,199,16,113,28.24,,0,0,0,66.4,66.4,65.7,0.16,0.15,0.24
BURD,2017-08-21 10:00:00 EDT,42.41042,-76.77176,1863,67.4,67.4,67.4,83.5,62.2,0.000,0.000,0.00,0.000,6.6,10.6,1.7,185,15,7.3,13.1,2.0,187,12,6.6,10.6,1.7,185,15,131,28.23,,0,0,0,66.4,66.4,65.7,0.16,0.14,0.23
BURD,2017-08-21 10:05:00 EDT,42.41042,-76.77176,1863,67.4,67.4,67.4,83.3,62.2,0.000,0.000,0.00,0.000,7.3,13.1,2.2,189,15,8.2,16.3,2.5,189,12,7.3,13.1,2.2,189,15,126,28.23,,0,0,0,66.5,66.4,65.7,0.16,0.15,0.23
BURD,2017-08-21 10:10:00 EDT,42.41042,-76.77176,1863,67.6,67.7,67.6,82.8,62.2,0.000,0.000,0.00,0.000,8.7,16.0,2.0,175,15,9.3,17.3,2.4,177,13,8.7,16.0,2.0,175,15,144,28.23,,0,0,0,66.5,66.4,65.8,0.16,0.14,0.24
BURD,2017-08-21 10:15:00 EDT,42.41042,-76.77176,1863,68.4,68.4,68.4,79.0,61.6,0.000,0.000,0.00,0.000,7.2,11.9,1.8,182,14,8.0,11.8,1.9,183,11,7.2,11.9,1.8,182,14,159,28.23,,0,0,0,66.4,66.4,65.7,0.16,0.14,0.23
BURD,2017-08-21 10:20:00 EDT,42.41042,-76.77176,1863,67.7,67.6,67.7,82.2,62.1,0.000,0.000,0.00,0.000,6.9,11.5,1.9,182,14,7.5,13.4,2.2,182,12,6.9,11.5,1.9,182,14,148,28.23,,0,0,0,66.4,66.4,65.6,0.16,0.14,0.23
BURD,2017-08-21 10:25:00 EDT,42.41042,-76.77176,1863,68.1,68.0,68.1,82.1,62.4,0.000,0.000,0.00,0.000,5.9,9.2,1.5,175,16,6.5,11.4,1.7,176,15,5.9,9.2,1.5,175,16,212,28.23,,0,0,0,66.5,66.4,65.7,0.16,0.14,0.24
BURD,2017-08-21 10:30:00 EDT,42.41042,-76.77176,1863,68.5,68.2,68.5,81.1,62.5,0.000,0.000,0.00,0.000,6.8,10.1,1.3,182,17,7.5,11.7,1.5,182,16,6.8,10.1,1.3,182,17,263,28.23,,0,0,0,66.5,66.4,65.6,0.16,0.14,0.24
BURD,2017-08-21 10:35:00 EDT,42.41042,-76.77176,1863,68.5,68.2,68.5,81.6,62.6,0.000,0.000,0.00,0.000,6.2,12.2,1.9,190,16,6.7,12.3,1.9,192,15,6.2,12.2,1.9,190,16,288,28.23,,0,0,0,66.5,66.4,65.7,0.16,0.14,0.24
BURD,2017-08-21 10:40:00 EDT,42.41042,-76.77176,1863,68.9,68.7,68.9,80.1,62.5,0.000,0.000,0.00,0.000,6.0,9.7,1.6,186,17,6.6,11.3,1.9,187,15,6.0,9.7,1.6,186,17,270,28.22,,0,0,0,66.5,66.4,65.7,0.16,0.14,0.23
BURD,2017-08-21 10:45:00 EDT,42.41042,-76.77176,1863,69.1,68.8,69.1,79.5,62.5,0.000,0.000,0.00,0.000,4.6,8.3,1.4,188,18,5.3,9.9,1.5,190,16,4.6,8.3,1.4,188,18,268,28.22,,0,0,0,66.5,66.4,65.7,0.16,0.15,0.23
BURD,2017-08-21 10:50:00 EDT,42.41042,-76.77176,1863,69.5,69.2,69.5,78.6,62.5,0.000,0.000,0.00,0.000,5.3,7.7,1.3,180,15,5.8,9.1,1.4,180,16,5.3,7.7,1.3,180,15,227,28.22,,0,0,0,66.6,66.4,65.7,0.16,0.15,0.23
BURD,2017-08-21 10:55:00 EDT,42.41042,-76.77176,1863,69.4,69.2,69.4,77.7,62.2,0.000,0.000,0.00,0.000,6.0,9.9,1.7,192,18,6.6,11.9,2.0,192,15,6.0,9.9,1.7,192,18,186,28.22,,0,0,0,66.6,66.4,65.7,0.16,0.14,0.23
BURD,2017-08-21 11:00:00 EDT,42.41042,-76.77176,1863,69.1,68.9,69.1,79.9,62.6,0.000,0.000,0.00,0.000,5.1,9.8,1.4,190,15,5.7,11.4,1.6,189,13,5.1,9.8,1.4,190,15,180,28.22,,0,0,0,66.7,66.4,65.7,0.16,0.15,0.23
BURD,2017-08-21 11:05:00 EDT,42.41042,-76.77176,1863,68.7,68.5,68.7,81.5,62.8,0.000,0.000,0.00,0.000,4.3,8.2,1.2,202,17,4.9,9.3,1.4,201,15,4.3,8.2,1.2,202,17,150,28.23,,0,0,0,66.7,66.4,65.6,0.16,0.15,0.23
BURD,2017-08-21 11:10:00 EDT,42.41042,-76.77176,1863,68.5,68.3,68.5,82.8,63.1,0.000,0.000,0.00,0.000,2.6,5.9,1.3,218,30,3.3,7.2,1.5,219,33,2.6,5.9,1.3,218,30,177,28.23,,0,0,0,66.7,66.4,65.6,0.16,0.15,0.23
BURD,2017-08-21 11:15:00 EDT,42.41042,-76.77176,1863,68.7,68.4,68.7,82.1,63.0,0.000,0.000,0.00,0.000,2.5,5.2,1.2,219,30,2.8,6.6,1.3,219,29,2.5,5.2,1.2,219,30,220,28.23,,0,0,0,66.7,66.4,65.7,0.16,0.15,0.23
BURD,2017-08-21 11:20:00 EDT,42.41042,-76.77176,1863,68.9,68.5,68.9,81.6,63.0,0.000,0.000,0.00,0.000,3.3,5.5,1.1,205,16,3.4,6.1,1.2,206,16,3.3,5.5,1.1,205,16,283,28.23,,0,0,0,66.8,66.4,65.6,0.16,0.14,0.23
BURD,2017-08-21 11:25:00 EDT,42.41042,-76.77176,1863,69.3,68.8,69.3,81.6,63.4,0.000,0.000,0.00,0.000,4.6,8.0,1.7,210,18,5.2,8.7,1.7,211,18,4.6,8.0,1.7,210,18,318,28.23,,0,0,0,66.9,66.4,65.6,0.16,0.14,0.23
BURD,2017-08-21 11:30:00 EDT,42.41042,-76.77176,1863,69.6,69.1,69.6,80.0,63.1,0.000,0.000,0.00,0.000,4.7,7.7,1.1,221,17,5.2,8.7,1.2,222,19,4.7,7.7,1.1,221,17,341,28.22,,0,0,0,67.0,66.4,65.6,0.16,0.14,0.23
BURD,2017-08-21 11:35:00 EDT,42.41042,-76.77176,1863,69.7,69.4,69.7,80.9,63.6,0.000,0.000,0.00,0.000,5.1,10.2,1.5,206,14,5.6,11.4,1.5,206,12,5.1,10.2,1.5,206,14,347,28.22,,0,0,0,67.0,66.4,65.7,0.16,0.14,0.23
BURD,2017-08-21 11:40:00 EDT,42.41042,-76.77176,1863,70.0,69.7,70.0,80.3,63.6,0.000,0.000,0.00,0.000,4.0,7.7,1.5,209,20,4.6,9.2,1.6,209,19,4.0,7.7,1.5,209,20,300,28.22,,0,0,0,67.1,66.4,65.8,0.16,0.15,0.23
BURD,2017-08-21 11:45:00 EDT,42.41042,-76.77176,1863,69.8,69.6,69.8,79.1,63.1,0.000,0.000,0.00,0.000,3.6,6.4,1.3,218,19,4.0,7.8,1.5,220,19,3.6,6.4,1.3,218,19,197,28.22,,0,0,0,67.1,66.4,65.7,0.16,0.15,0.23
BURD,2017-08-21 11:50:00 EDT,42.41042,-76.77176,1863,69.5,69.3,69.5,81.8,63.7,0.000,0.000,0.00,0.000,3.1,6.0,1.0,239,23,3.4,6.3,1.1,241,24,3.1,6.0,1.0,239,23,137,28.22,,0,0,0,67.1,66.4,65.6,0.16,0.14,0.24
BURD,2017-08-21 11:55:00 EDT,42.41042,-76.77176,1863,69.2,69.0,69.2,82.1,63.5,0.000,0.000,0.00,0.000,4.2,7.2,1.0,219,20,4.6,7.3,1.2,219,18,4.2,7.2,1.0,219,20,106,28.22,,0,0,0,67.1,66.4,65.6,0.16,0.15,0.23
BURD,2017-08-21 12:00:00 EDT,42.41042,-76.77176,1863,68.8,68.8,68.8,83.9,63.7,0.000,0.000,0.00,0.000,3.2,5.8,1.7,222,18,3.5,6.5,1.6,225,19,3.2,5.8,1.7,222,18,60,28.23,,0,0,0,67.2,66.4,65.7,0.16,0.15,0.23
BURD,2017-08-21 12:05:00 EDT,42.41042,-76.77176,1863,68.6,68.6,68.6,84.7,63.8,0.000,0.000,0.00,0.000,3.9,6.8,0.9,210,18,4.3,7.9,1.1,210,17,3.9,6.8,0.9,210,18,52,28.23,,0,0,0,67.2,66.4,65.6,0.16,0.14,0.23
BURD,2017-08-21 12:10:00 EDT,42.41042,-76.77176,1863,68.4,68.4,68.4,87.2,64.4,0.000,0.000,0.00,0.000,4.9,7.4,1.1,176,13,5.5,8.1,1.3,177,11,4.9,7.4,1.1,176,13,74,28.22,,0,0,0,67.2,66.4,65.7,0.16,0.14,0.23
BURD,2017-08-21 12:15:00 EDT,42.41042,-76.77176,1863,68.8,69.0,68.8,85.1,64.2,0.000,0.000,0.00,0.000,6.4,9.4,1.4,182,13,7.1,10.8,1.4,182,12,6.4,9.4,1.4,182,13,141,28.22,,0,0,0,67.3,66.4,65.6,0.16,0.14,0.23
BURD,2017-08-21 12:20:00 EDT,42.41042,-76.77176,1863,70.1,69.8,70.1,81.4,64.1,0.000,0.000,0.00,0.000,7.1,11.4,1.9,183,14,8.0,12.7,2.0,186,11,7.1,11.4,1.9,183,14,625,28.22,,0,0,0,67.2,66.4,65.7,0.16,0.15,0.23
BURD,2017-08-21 12:25:00 EDT,42.41042,-76.77176,1863,71.9,71.2,71.9,77.0,64.2,0.000,0.000,0.00,0.000,5.2,10.3,1.5,199,20,5.9,11.5,1.7,197,18,5.2,10.3,1.5,199,20,708,28.22,,0,0,0,67.2,66.4,65.7,0.16,0.15,0.23
BURD,2017-08-21 12:30:00 EDT,42.41042,-76.77176,1863,73.0,72.2,73.0,74.1,64.2,0.000,0.000,0.00,0.000,6.5,10.9,1.7,198,17,7.1,11.5,1.8,198,15,6.5,10.9,1.7,198,17,582,28.22,,0,0,0,67.3,66.4,65.7,0.16,0.14,0.23
BURD,2017-08-21 12:35:00 EDT,42.41042,-76.77176,1863,73.1,72.3,73.1,74.7,64.6,0.000,0.000,0.00,0.000,6.5,11.6,1.9,198,18,7.2,12.4,2.0,199,15,6.5,11.6,1.9,198,18,698,28.21,,0,0,0,67.4,66.4,65.7,0.16,0.14,0.23
BURD,2017-08-21 12:40:00 EDT,42.41042,-76.77176,1863,73.8,72.7,73.8,73.3,64.7,0.000,0.000,0.00,0.000,4.9,8.7,1.5,211,19,5.5,10.3,1.5,211,19,4.9,8.7,1.5,211,19,719,28.21,,0,0,0,67.5,66.4,65.7,0.16,0.15,0.23
BURD,2017-08-21 12:45:00 EDT,42.41042,-76.77176,1863,73.9,73.0,73.9,72.9,64.6,0.000,0.000,0.00,0.000,5.1,9.5,1.9,203,16,5.6,9.8,1.9,205,17,5.1,9.5,1.9,203,16,666,28.22,,0,0,0,67.5,66.4,65.7,0.16,0.15,0.23
BURD,2017-08-21 12:50:00 EDT,42.41042,-76.77176,1863,73.6,72.7,73.6,75.0,65.2,0.000,0.000,0.00,0.000,4.2,6.6,1.3,209,19,4.7,7.8,1.5,209,18,4.2,6.6,1.3,209,19,706,28.22,,0,0,0,67.6,66.4,65.7,0.16,0.14,0.23
BURD,2017-08-21 12:55:00 EDT,42.41042,-76.77176,1863,73.7,73.0,73.7,71.7,64.0,0.000,0.000,0.00,0.000,4.8,10.6,1.8,252,27,5.3,12.0,2.1,253,26,4.8,10.6,1.8,252,27,704,28.21,,0,0,0,67.8,66.4,65.7,0.16,0.15,0.23
BURD,2017-08-21 13:00:00 EDT,42.41042,-76.77176,1863,74.1,73.2,74.1,71.4,64.3,0.000,0.000,0.00,0.000,5.4,9.1,1.7,210,25,6.1,10.0,1.9,212,25,5.4,9.1,1.7,210,25,703,28.21,,0,0,0,67.9,66.4,65.7,0.16,0.15,0.23
BURD,2017-08-21 13:05:00 EDT,42.41042,-76.77176,1863,74.1,73.3,74.1,70.1,63.8,0.000,0.000,0.00,0.000,4.3,7.7,1.7,229,27,5.0,8.4,1.6,232,26,4.3,7.7,1.7,229,27,707,28.21,,0,0,0,67.9,66.4,65.7,0.16,0.15,0.23
BURD,2017-08-21 13:10:00 EDT,42.41042,-76.77176,1863,74.5,73.7,74.5,71.7,64.8,0.000,0.000,0.00,0.000,4.9,7.7,1.3,204,17,5.3,8.6,1.5,203,16,4.9,7.7,1.3,204,17,704,28.21,,0,0,0,68.0,66.4,65.7,0.16,0.15,0.23
BURD,2017-08-21 13:15:00 EDT,42.41042,-76.77176,1863,75.1,74.1,75.1,72.3,65.6,0.000,0.000,0.00,0.000,5.2,9.6,1.4,204,18,5.7,10.1,1.5,205,17,5.2,9.6,1.4,204,18,710,28.21,,0,0,0,68.1,66.4,65.7,0.16,0.14,0.23
BURD,2017-08-21 13:20:00 EDT,42.41042,-76.77176,1863,75.6,74.5,75.6,70.4,65.2,0.000,0.000,0.00,0.000,5.3,8.7,1.4,203,20,5.8,9.8,1.5,202,19,5.3,8.7,1.4,203,20,712,28.21,,0,0,0,68.3,66.4,65.6,0.16,0.15,0.23
BURD,2017-08-21 13:25:00 EDT,42.41042,-76.77176,1863,75.5,74.8,75.5,70.0,65.0,0.000,0.000,0.00,0.000,4.9,9.9,1.4,200,17,5.4,10.3,1.5,200,16,4.9,9.9,1.4,200,17,700,28.21,,0,0,0,68.4,66.4,65.7,0.16,0.15,0.23
BURD,2017-08-21 13:30:00 EDT,42.41042,-76.77176,1863,76.1,75.2,76.1,69.7,65.5,0.000,0.000,0.00,0.000,5.3,10.8,2.4,183,17,5.9,11.5,2.6,184,16,5.3,10.8,2.4,183,17,677,28.21,,0,0,0,68.5,66.4,65.6,0.16,0.15,0.23
BURD,2017-08-21 13:35:00 EDT,42.41042,-76.77176,1863,76.0,75.5,76.0,69.7,65.4,0.000,0.000,0.00,0.000,2.6,6.3,1.1,199,35,3.1,6.9,1.3,200,38,2.6,6.3,1.1,199,35,652,28.20,,0,0,0,68.6,66.4,65.8,0.16,0.14,0.23
BURD,2017-08-21 13:40:00 EDT,42.41042,-76.77176,1863,76.7,75.8,76.7,70.7,66.5,0.000,0.000,0.00,0.000,4.1,7.6,1.5,178,24,4.6,8.6,1.6,179,23,4.1,7.6,1.5,178,24,621,28.20,,0,0,0,68.7,66.4,65.7,0.16,0.15,0.23
BURD,2017-08-21 13:45:00 EDT,42.41042,-76.77176,1863,76.4,75.7,76.4,69.2,65.5,0.000,0.000,0.00,0.000,4.8,7.8,1.4,207,20,5.3,8.8,1.4,206,21,4.8,7.8,1.4,207,20,587,28.20,,0,0,0,68.8,66.4,65.6,0.16,0.14,0.23
BURD,2017-08-21 13:50:00 EDT,42.41042,-76.77176,1863,76.2,75.4,76.2,70.5,65.9,0.000,0.000,0.00,0.000,5.2,8.5,1.4,209,21,5.6,9.0,1.5,209,21,5.2,8.5,1.4,209,21,547,28.20,,0,0,0,68.9,66.4,65.7,0.16,0.14,0.23
BURD,2017-08-21 13:55:00 EDT,42.41042,-76.77176,1863,75.9,75.3,75.9,71.4,66.0,0.000,0.000,0.00,0.000,5.6,8.5,1.6,215,22,6.1,9.5,1.6,212,22,5.6,8.5,1.6,215,22,499,28.20,,0,0,0,69.0,66.4,65.6,0.16,0.14,0.23
BURD,2017-08-21 14:00:00 EDT,42.41042,-76.77176,1863,76.3,75.6,76.3,73.1,67.0,0.000,0.000,0.00,0.000,4.2,7.7,1.3,193,20,4.9,8.3,1.7,193,19,4.2,7.7,1.3,193,20,456,28.20,,0,0,0,69.3,66.4,65.6,0.16,0.15,0.23
BURD,2017-08-21 14:05:00 EDT,42.41042,-76.77176,1863,76.4,75.8,76.4,72.6,66.9,0.000,0.000,0.00,0.000,4.4,8.0,1.5,188,19,5.1,9.3,1.6,189,16,4.4,8.0,1.5,188,19,412,28.20,,0,0,0,69.3,66.4,65.7,0.16,0.15,0.23
BURD,2017-08-21 14:10:00 EDT,42.41042,-76.77176,1863,76.4,75.8,76.4,73.1,67.1,0.000,0.000,0.00,0.000,6.0,9.3,1.4,182,16,6.6,10.9,1.7,182,16,6.0,9.3,1.4,182,16,368,28.19,,0,0,0,69.4,66.4,65.6,0.16,0.15,0.23
BURD,2017-08-21 14:15:00 EDT,42.41042,-76.77176,1863,76.2,75.7,76.2,72.4,66.7,0.000,0.000,0.00,0.000,6.2,9.4,1.5,181,12,6.8,10.4,1.7,182,10,6.2,9.4,1.5,181,12,322,28.19,,0,0,0,69.3,66.4,65.7,0.16,0.14,0.23
BURD,2017-08-21 14:20:00 EDT,42.41042,-76.77176,1863,76.3,75.9,76.3,73.5,67.2,0.000,0.000,0.00,0.000,6.7,10.4,1.6,174,13,7.2,11.1,1.8,175,10,6.7,10.4,1.6,174,13,282,28.19,,0,0,0,69.5,66.4,65.6,0.16,0.14,0.23
BURD,2017-08-21 14:25:00 EDT,42.41042,-76.77176,1863,75.6,75.4,75.6,73.9,66.7,0.000,0.000,0.00,0.000,5.5,8.3,1.0,180,16,6.2,9.4,1.1,181,15,5.5,8.3,1.0,180,16,246,28.19,,0,0,0,69.6,66.4,65.6,0.16,0.15,0.23
BURD,2017-08-21 14:30:00 EDT,42.41042,-76.77176,1863,75.7,75.4,75.7,75.7,67.5,0.000,0.000,0.00,0.000,4.3,7.0,1.2,170,15,4.7,8.2,1.4,172,13,4.3,7.0,1.2,170,15,217,28.19,,0,0,0,69.6,66.4,65.7,0.16,0.15,0.23
BURD,2017-08-21 14:35:00 EDT,42.41042,-76.77176,1863,75.4,75.3,75.4,75.2,67.0,0.000,0.000,0.00,0.000,4.8,6.7,1.0,180,12,5.3,7.6,1.1,183,11,4.8,6.7,1.0,180,12,197,28.19,,0,0,0,69.6,66.4,65.7,0.16,0.15,0.23
BURD,2017-08-21 14:40:00 EDT,42.41042,-76.77176,1863,75.3,75.1,75.3,76.5,67.4,0.000,0.000,0.00,0.000,5.2,7.2,1.0,178,11,5.7,8.5,1.2,178,11,5.2,7.2,1.0,178,11,186,28.19,,0,0,0,69.6,66.4,65.6,0.16,0.14,0.23
BURD,2017-08-21 14:45:00 EDT,42.41042,-76.77176,1863,75.1,75.0,75.1,77.2,67.5,0.000,0.000,0.00,0.000,5.3,7.5,1.0,185,11,6.0,8.4,1.1,186,8,5.3,7.5,1.0,185,11,189,28.19,,0,0,0,69.7,66.4,65.6,0.16,0.14,0.23
BURD,2017-08-21 14:50:00 EDT,42.41042,-76.77176,1863,75.1,75.0,75.1,77.1,67.4,0.000,0.000,0.00,0.000,5.6,8.1,1.1,185,12,6.1,9.3,1.3,187,10,5.6,8.1,1.1,185,12,206,28.19,,0,0,0,69.8,66.4,65.6,0.16,0.15,0.23
BURD,2017-08-21 14:55:00 EDT,42.41042,-76.77176,1863,75.2,75.0,75.2,78.0,67.9,0.000,0.000,0.00,0.000,4.7,6.6,0.9,185,14,5.1,7.9,1.0,185,12,4.7,6.6,0.9,185,14,231,28.18,,0,0,0,69.9,66.4,65.6,0.16,0.15,0.23
BURD,2017-08-21 15:00:00 EDT,42.41042,-76.77176,1863,75.6,75.3,75.6,77.9,68.2,0.000,0.000,0.00,0.000,4.7,7.9,1.3,181,13,5.2,8.8,1.5,182,12,4.7,7.9,1.3,181,13,263,28.18,,0,0,0,69.9,66.4,65.6,0.16,0.14,0.23
BURD,2017-08-21 15:05:00 EDT,42.41042,-76.77176,1863,75.9,75.6,75.9,76.8,68.1,0.000,0.000,0.00,0.000,4.1,6.1,0.9,175,16,4.7,7.0,1.1,175,15,4.1,6.1,0.9,175,16,298,28.18,,0,0,0,69.9,66.4,65.6,0.16,0.14,0.23
BURD,2017-08-21 15:10:00 EDT,42.41042,-76.77176,1863,76.2,75.9,76.2,76.7,68.4,0.000,0.000,0.00,0.000,4.2,7.0,1.1,182,16,4.9,8.1,1.1,183,14,4.2,7.0,1.1,182,16,340,28.18,,0,0,0,70.0,66.4,65.6,0.16,0.14,0.23
BURD,2017-08-21 15:15:00 EDT,42.41042,-76.77176,1863,76.7,76.3,76.7,75.9,68.5,0.000,0.000,0.00,0.000,3.7,6.9,1.3,185,18,4.3,8.2,1.5,187,16,3.7,6.9,1.3,185,18,373,28.18,,0,0,0,70.0,66.4,65.6,0.16,0.14,0.23
BURD,2017-08-21 15:20:00 EDT,42.41042,-76.77176,1863,77.0,76.5,77.0,74.7,68.4,0.000,0.000,0.00,0.000,5.1,7.1,1.2,175,13,5.7,8.2,1.4,175,12,5.1,7.1,1.2,175,13,411,28.18,,0,0,0,70.0,66.4,65.6,0.16,0.14,0.23
BURD,2017-08-21 15:25:00 EDT,42.41042,-76.77176,1863,77.1,76.6,77.1,73.0,67.8,0.000,0.000,0.00,0.000,5.0,8.0,1.4,190,13,5.5,9.3,1.6,191,11,5.0,8.0,1.4,190,13,448,28.18,,0,0,0,70.0,66.4,65.6,0.16,0.15,0.23
BURD,2017-08-21 15:30:00 EDT,42.41042,-76.77176,1863,78.0,77.1,78.0,75.0,69.4,0.000,0.000,0.00,0.000,5.2,8.1,1.3,169,14,5.7,9.6,1.4,170,14,5.2,8.1,1.3,169,14,526,28.18,,0,0,0,70.0,66.4,65.6,0.16,0.14,0.23
BURD,2017-08-21 15:35:00 EDT,42.41042,-76.77176,1863,77.6,76.9,77.6,71.8,67.8,0.000,0.000,0.00,0.000,5.7,8.3,1.3,194,17,6.2,9.1,1.4,194,16,5.7,8.3,1.3,194,17,570,28.18,,0,0,0,70.0,66.4,65.6,0.16,0.14,0.23
BURD,2017-08-21 15:40:00 EDT,42.41042,-76.77176,1863,78.0,77.3,78.0,71.3,68.0,0.000,0.000,0.00,0.000,4.8,8.0,1.6,215,21,5.3,10.0,1.8,218,21,4.8,8.0,1.6,215,21,586,28.18,,0,0,0,70.0,66.4,65.7,0.15,0.14,0.23
BURD,2017-08-21 15:45:00 EDT,42.41042,-76.77176,1863,78.0,77.4,78.0,70.2,67.5,0.000,0.000,0.00,0.000,5.7,10.2,1.6,207,22,6.2,10.2,1.6,208,20,5.7,10.2,1.6,207,22,414,28.18,,0,0,0,70.0,66.4,65.6,0.16,0.14,0.23
BURD,2017-08-21 15:50:00 EDT,42.41042,-76.77176,1863,77.9,77.3,77.9,71.0,67.7,0.000,0.000,0.00,0.000,4.4,9.1,1.6,201,18,4.8,10.5,1.8,202,18,4.4,9.1,1.6,201,18,575,28.18,,0,0,0,70.0,66.4,65.6,0.16,0.14,0.23
BURD,2017-08-21 15:55:00 EDT,42.41042,-76.77176,1863,78.3,77.7,78.3,70.0,67.7,0.000,0.000,0.00,0.000,6.3,10.8,2.5,187,16,6.9,11.4,2.6,188,15,6.3,10.8,2.5,187,16,612,28.17,,0,0,0,70.1,66.4,65.7,0.16,0.14,0.23
BURD,2017-08-21 16:00:00 EDT,42.41042,-76.77176,1863,78.4,77.8,78.4,69.8,67.8,0.000,0.000,0.00,0.000,6.2,9.2,1.6,209,22,6.8,10.3,1.9,208,22,6.2,9.2,1.6,209,22,583,28.17,,0,0,0,70.1,66.4,65.6,0.16,0.14,0.23
BURD,2017-08-21 16:05:00 EDT,42.41042,-76.77176,1863,78.7,78.0,78.7,70.6,68.3,0.000,0.000,0.00,0.000,4.5,8.3,1.4,210,25,4.8,9.8,1.5,211,24,4.5,8.3,1.4,210,25,582,28.17,,0,0,0,70.1,66.4,65.6,0.16,0.14,0.23
BURD,2017-08-21 16:10:00 EDT,42.41042,-76.77176,1863,79.0,78.4,79.0,68.6,67.8,0.000,0.000,0.00,0.000,4.8,8.4,1.3,199,20,5.4,9.8,1.4,200,20,4.8,8.4,1.3,199,20,584,28.18,,0,0,0,70.1,66.4,65.6,0.16,0.14,0.23
BURD,2017-08-21 16:15:00 EDT,42.41042,-76.77176,1863,79.0,78.4,79.0,69.3,68.1,0.000,0.000,0.00,0.000,6.2,10.9,1.8,228,15,6.5,12.1,1.9,228,15,6.2,10.9,1.8,228,15,543,28.18,,0,0,0,70.2,66.5,65.6,0.16,0.14,0.23
BURD,2017-08-21 16:20:00 EDT,42.41042,-76.77176,1863,78.5,78.1,78.5,67.9,67.0,0.000,0.000,0.00,0.000,5.9,10.6,1.8,219,16,6.3,11.6,1.9,220,17,5.9,10.6,1.8,219,16,424,28.17,,0,0,0,70.3,66.4,65.6,0.15,0.14,0.23
BURD,2017-08-21 16:25:00 EDT,42.41042,-76.77176,1863,77.8,77.2,77.8,70.7,67.5,0.000,0.000,0.00,0.000,8.4,16.2,3.0,199,21,9.0,18.9,3.1,201,19,8.4,16.2,3.0,199,21,525,28.17,,0,0,0,70.3,66.5,65.6,0.16,0.14,0.23
BURD,2017-08-21 16:30:00 EDT,42.41042,-76.77176,1863,76.4,75.6,76.4,73.2,67.1,0.000,0.000,0.00,0.000,9.1,14.3,2.1,177,13,10.0,16.2,2.6,178,11,9.1,14.3,2.1,177,13,594,28.17,,0,0,0,70.4,66.5,65.5,0.16,0.14,0.23
BURD,2017-08-21 16:35:00 EDT,42.41042,-76.77176,1863,76.8,75.9,76.8,70.7,66.6,0.000,0.000,0.00,0.000,7.5,12.6,1.9,186,21,8.2,12.7,2.0,187,20,7.5,12.6,1.9,186,21,535,28.17,,0,0,0,70.4,66.7,65.5,0.15,0.14,0.23
BURD,2017-08-21 16:40:00 EDT,42.41042,-76.77176,1863,75.7,75.1,75.7,68.6,64.6,0.000,0.000,0.00,0.000,8.3,11.8,1.8,193,15,8.9,13.7,1.9,193,13,8.3,11.8,1.8,193,15,505,28.17,,0,0,0,70.6,66.7,65.6,0.16,0.14,0.23
BURD,2017-08-21 16:45:00 EDT,42.41042,-76.77176,1863,75.9,75.1,75.9,70.5,65.7,0.000,0.000,0.00,0.000,6.3,10.3,1.8,176,17,7.0,12.0,2.1,177,16,6.3,10.3,1.8,176,17,488,28.17,,0,0,0,70.6,66.7,65.6,0.16,0.14,0.24
BURD,2017-08-21 16:50:00 EDT,42.41042,-76.77176,1863,76.7,76.0,76.7,70.1,66.2,0.000,0.000,0.00,0.000,4.8,8.5,1.5,191,21,5.5,9.0,1.6,190,21,4.8,8.5,1.5,191,21,475,28.17,,0,0,0,70.7,66.7,65.6,0.16,0.14,0.23
BURD,2017-08-21 16:55:00 EDT,42.41042,-76.77176,1863,77.0,76.3,77.0,67.4,65.4,0.000,0.000,0.00,0.000,7.0,12.9,2.2,192,16,7.5,12.7,2.4,191,13,7.0,12.9,2.2,192,16,457,28.17,,0,0,0,70.7,66.7,65.6,0.16,0.15,0.23
BURD,2017-08-21 17:00:00 EDT,42.41042,-76.77176,1863,76.9,76.4,76.9,67.8,65.5,0.000,0.000,0.00,0.000,6.5,13.2,1.8,201,20,7.0,13.4,1.8,201,16,6.5,13.2,1.8,201,20,441,28.17,,0,0,0,70.7,66.7,65.6,0.16,0.14,0.23
BURD,2017-08-21 17:05:00 EDT,42.41042,-76.77176,1863,77.3,76.7,77.3,68.5,66.2,0.000,0.000,0.00,0.000,4.9,9.2,1.4,207,18,5.3,9.6,1.5,207,17,4.9,9.2,1.4,207,18,429,28.16,,0,0,0,70.7,66.7,65.6,0.16,0.14,0.23
BURD,2017-08-21 17:10:00 EDT,42.41042,-76.77176,1863,77.2,76.7,77.2,68.4,66.0,0.000,0.000,0.00,0.000,6.1,8.4,1.0,199,16,6.6,8.9,1.1,199,16,6.1,8.4,1.0,199,16,417,28.16,,0,0,0,70.7,66.7,65.6,0.16,0.14,0.23
BURD,2017-08-21 17:15:00 EDT,42.41042,-76.77176,1863,77.7,77.1,77.7,68.5,66.5,0.000,0.000,0.00,0.000,4.6,7.0,1.2,185,19,5.2,9.2,1.4,188,17,4.6,7.0,1.2,185,19,403,28.16,,0,0,0,70.7,66.7,65.6,0.16,0.14,0.23
BURD,2017-08-21 17:20:00 EDT,42.41042,-76.77176,1863,77.3,76.5,77.3,66.6,65.4,0.000,0.000,0.00,0.000,6.9,10.1,1.4,157,10,7.5,11.0,1.5,159,9,6.9,10.1,1.4,157,10,391,28.16,,0,0,0,70.7,66.7,65.6,0.16,0.14,0.23
BURD,2017-08-21 17:25:00 EDT,42.41042,-76.77176,1863,77.1,76.6,77.1,66.7,65.2,0.000,0.000,0.00,0.000,3.7,5.5,0.9,188,15,4.1,6.4,1.1,188,14,3.7,5.5,0.9,188,15,377,28.16,,0,0,0,70.7,66.7,65.7,0.16,0.14,0.23
BURD,2017-08-21 17:30:00 EDT,42.41042,-76.77176,1863,77.2,76.8,77.2,66.4,65.2,0.000,0.000,0.00,0.000,4.7,7.2,1.3,193,15,5.4,8.0,1.2,193,14,4.7,7.2,1.3,193,15,357,28.16,,0,0,0,70.8,66.8,65.6,0.16,0.14,0.23
BURD,2017-08-21 17:35:00 EDT,42.41042,-76.77176,1863,77.7,77.1,77.7,68.7,66.6,0.000,0.000,0.00,0.000,3.6,5.6,1.1,180,21,4.1,6.8,1.2,181,21,3.6,5.6,1.1,180,21,343,28.16,,0,0,0,70.7,66.7,65.6,0.16,0.14,0.23
BURD,2017-08-21 17:40:00 EDT,42.41042,-76.77176,1863,78.0,77.3,78.0,68.5,66.8,0.000,0.000,0.00,0.000,4.6,6.3,0.8,168,16,5.2,7.6,0.9,169,15,4.6,6.3,0.8,168,16,330,28.16,,0,0,0,70.7,66.8,65.6,0.15,0.14,0.23
BURD,2017-08-21 17:45:00 EDT,42.41042,-76.77176,1863,77.4,76.8,77.4,69.5,66.7,0.000,0.000,0.00,0.000,5.2,6.5,0.6,159,10,5.7,7.3,0.7,160,10,5.2,6.5,0.6,159,10,314,28.16,,0,0,0,70.7,66.8,65.6,0.16,0.15,0.23
BURD,2017-08-21 17:50:00 EDT,42.41042,-76.77176,1863,77.3,76.6,77.3,71.2,67.3,0.000,0.000,0.00,0.000,6.5,9.3,1.7,154,10,7.1,10.6,1.8,156,10,6.5,9.3,1.7,154,10,300,28.16,,0,0,0,70.7,66.9,65.6,0.16,0.14,0.23
BURD,2017-08-21 17:55:00 EDT,42.41042,-76.77176,1863,76.7,76.1,76.7,71.8,66.9,0.000,0.000,0.00,0.000,7.3,11.2,1.7,160,14,8.0,11.4,1.7,160,14,7.3,11.2,1.7,160,14,283,28.16,,0,0,0,70.7,66.9,65.6,0.16,0.15,0.23
BURD,2017-08-21 18:00:00 EDT,42.41042,-76.77176,1863,76.4,75.9,76.4,73.0,67.1,0.000,0.000,0.00,0.000,6.7,11.2,1.7,156,12,7.3,13.1,1.9,159,12,6.7,11.2,1.7,156,12,273,28.16,,0,0,0,70.7,67.0,65.7,0.16,0.14,0.23
BURD,2017-08-21 18:05:00 EDT,42.41042,-76.77176,1863,75.7,75.2,75.7,74.9,67.2,0.000,0.000,0.00,0.000,8.3,12.7,2.1,160,11,8.7,13.5,2.2,162,10,8.3,12.7,2.1,160,11,257,28.16,,0,0,0,70.7,67.0,65.6,0.16,0.14,0.23
BURD,2017-08-21 18:10:00 EDT,42.41042,-76.77176,1863,75.7,75.2,75.7,77.8,68.3,0.000,0.000,0.00,0.000,6.2,9.4,1.3,157,13,6.9,11.1,1.5,161,13,6.2,9.4,1.3,157,13,242,28.16,,0,0,0,70.7,67.1,65.6,0.16,0.14,0.23
BURD,2017-08-21 18:15:00 EDT,42.41042,-76.77176,1863,75.3,75.0,75.3,79.3,68.5,0.000,0.000,0.00,0.000,6.7,9.5,1.5,156,15,7.5,12.0,1.7,158,14,6.7,9.5,1.5,156,15,230,28.16,,0,0,0,70.7,67.1,65.6,0.16,0.14,0.23
BURD,2017-08-21 18:20:00 EDT,42.41042,-76.77176,1863,75.0,74.5,75.0,80.3,68.6,0.000,0.000,0.00,0.000,8.5,12.2,2.0,157,10,9.2,13.4,2.0,159,9,8.5,12.2,2.0,157,10,213,28.16,,0,0,0,70.7,67.0,65.6,0.16,0.14,0.23
BURD,2017-08-21 18:25:00 EDT,42.41042,-76.77176,1863,74.5,74.1,74.5,81.6,68.6,0.000,0.000,0.00,0.000,8.0,11.5,1.5,161,12,8.7,12.1,1.6,163,11,8.0,11.5,1.5,161,12,199,28.16,,0,0,0,70.7,67.0,65.6,0.16,0.14,0.23
BURD,2017-08-21 18:30:00 EDT,42.41042,-76.77176,1863,74.6,74.2,74.6,80.7,68.3,0.000,0.000,0.00,0.000,7.7,10.6,1.1,160,11,8.4,11.3,1.2,162,11,7.7,10.6,1.1,160,11,183,28.16,,0,0,0,70.7,67.1,65.6,0.16,0.14,0.23
BURD,2017-08-21 18:35:00 EDT,42.41042,-76.77176,1863,74.4,74.2,74.4,79.2,67.6,0.000,0.000,0.00,0.000,9.0,13.2,2.0,167,12,9.9,14.8,2.1,170,11,9.0,13.2,2.0,167,12,171,28.16,,0,0,0,70.7,67.1,65.6,0.16,0.14,0.23
BURD,2017-08-21 18:40:00 EDT,42.41042,-76.77176,1863,73.8,73.6,73.8,81.1,67.7,0.000,0.000,0.00,0.000,6.7,12.6,1.7,169,14,7.6,14.6,1.9,170,10,6.7,12.6,1.7,169,14,159,28.16,,0,0,0,70.7,67.1,65.6,0.16,0.14,0.23
BURD,2017-08-21 18:45:00 EDT,42.41042,-76.77176,1863,73.7,73.5,73.7,82.2,67.9,0.000,0.000,0.00,0.000,7.1,12.3,1.7,169,14,7.8,14.3,2.0,172,11,7.1,12.3,1.7,169,14,145,28.16,,0,0,0,70.7,67.1,65.7,0.16,0.14,0.23
BURD,2017-08-21 18:50:00 EDT,42.41042,-76.77176,1863,73.4,73.2,73.4,81.9,67.5,0.000,0.000,0.00,0.000,9.1,14.5,2.2,173,13,9.9,15.3,2.5,176,10,9.1,14.5,2.2,173,13,135,28.15,,0,0,0,70.6,67.1,65.6,0.16,0.14,0.23
BURD,2017-08-21 18:55:00 EDT,42.41042,-76.77176,1863,73.1,73.0,73.1,82.2,67.3,0.000,0.000,0.00,0.000,6.9,10.4,1.6,176,13,7.5,12.2,2.0,177,11,6.9,10.4,1.6,176,13,120,28.15,,0,0,0,70.5,67.1,65.6,0.16,0.14,0.23
BURD,2017-08-21 19:00:00 EDT,42.41042,-76.77176,1863,72.9,72.8,72.9,82.6,67.3,0.000,0.000,0.00,0.000,6.4,10.3,1.5,175,12,7.0,10.7,1.6,177,11,6.4,10.3,1.5,175,12,108,28.15,,0,0,0,70.4,67.1,65.6,0.15,0.14,0.23
BURD,2017-08-21 19:05:00 EDT,42.41042,-76.77176,1863,72.6,72.6,72.6,82.9,67.1,0.000,0.000,0.00,0.000,8.1,11.8,1.8,178,10,8.9,13.3,2.0,180,10,8.1,11.8,1.8,178,10,96,28.15,,0,0,0,70.4,67.1,65.6,0.16,0.14,0.23
BURD,2017-08-21 19:10:00 EDT,42.41042,-76.77176,1863,72.3,72.3,72.3,84.2,67.2,0.000,0.000,0.00,0.000,7.8,12.9,1.6,180,12,8.5,14.4,1.8,180,10,7.8,12.9,1.6,180,12,84,28.15,,0,0,0,70.4,67.1,65.5,0.16,0.14,0.23
BURD,2017-08-21 19:15:00 EDT,42.41042,-76.77176,1863,72.1,72.2,72.1,85.2,67.4,0.000,0.000,0.00,0.000,6.5,9.6,1.5,172,13,7.3,10.8,1.7,173,12,6.5,9.6,1.5,172,13,69,28.15,,0,0,0,70.4,67.1,65.6,0.16,0.14,0.23
BURD,2017-08-21 19:20:00 EDT,42.41042,-76.77176,1863,71.8,71.9,71.8,86.1,67.5,0.000,0.000,0.00,0.000,6.2,9.6,1.5,169,14,6.8,11.8,1.5,170,11,6.2,9.6,1.5,169,14,56,28.15,,0,0,0,70.3,67.1,65.6,0.16,0.15,0.23
BURD,2017-08-21 19:25:00 EDT,42.41042,-76.77176,1863,71.6,71.7,71.6,86.8,67.4,0.000,0.000,0.00,0.000,6.3,8.8,1.1,174,14,6.9,11.5,1.6,175,12,6.3,8.8,1.1,174,14,46,28.15,,0,0,0,70.3,67.1,65.6,0.16,0.14,0.23
BURD,2017-08-21 19:30:00 EDT,42.41042,-76.77176,1863,71.7,72.0,71.7,87.2,67.7,0.000,0.000,0.00,0.000,5.5,7.7,1.1,180,19,5.9,9.1,1.3,182,17,5.5,7.7,1.1,180,19,36,28.15,,0,0,0,70.3,67.1,65.6,0.16,0.14,0.23
BURD,2017-08-21 19:35:00 EDT,42.41042,-76.77176,1863,72.6,73.0,72.6,85.9,68.1,0.000,0.000,0.00,0.000,5.0,10.3,1.8,194,18,5.5,12.3,2.1,195,14,5.0,10.3,1.8,194,18,28,28.15,,0,0,0,70.3,67.1,65.6,0.16,0.14,0.23
BURD,2017-08-21 19:40:00 EDT,42.41042,-76.77176,1863,73.0,73.4,73.0,84.6,68.1,0.000,0.000,0.00,0.000,5.4,10.2,1.7,195,18,5.9,11.3,1.8,195,16,5.4,10.2,1.7,195,18,21,28.15,,0,0,0,70.2,67.1,65.6,0.15,0.14,0.23
BURD,2017-08-21 19:45:00 EDT,42.41042,-76.77176,1863,73.3,73.6,73.3,83.5,68.0,0.000,0.000,0.00,0.000,6.5,10.2,1.5,196,21,6.9,11.6,1.6,196,14,6.5,10.2,1.5,196,21,16,28.15,,0,0,0,70.1,67.1,65.6,0.16,0.14,0.23
BURD,2017-08-21 19:50:00 EDT,42.41042,-76.77176,1863,72.9,73.2,72.9,82.8,67.4,0.000,0.000,0.00,0.000,5.6,10.2,1.9,182,19,6.1,11.1,1.9,183,18,5.6,10.2,1.9,182,19,10,28.15,,0,0,0,70.0,67.1,65.6,0.16,0.14,0.23
BURD,2017-08-21 19:55:00 EDT,42.41042,-76.77176,1863,71.6,72.1,71.6,86.0,67.2,0.000,0.000,0.00,0.000,4.7,7.5,1.1,143,18,5.1,8.7,1.3,144,17,4.7,7.5,1.1,143,18,6,28.15,,0,0,0,70.0,67.1,65.7,0.16,0.14,0.23
BURD,2017-08-21 20:00:00 EDT,42.41042,-76.77176,1863,70.6,71.2,70.6,88.4,67.0,0.000,0.000,0.00,0.000,5.5,8.3,1.1,146,17,5.9,9.6,1.3,147,15,5.5,8.3,1.1,146,17,3,28.15,,0,0,0,70.0,67.1,65.6,0.16,0.14,0.23
BURD,2017-08-21 20:05:00 EDT,42.41042,-76.77176,1863,70.2,71.0,70.2,89.8,67.0,0.000,0.000,0.00,0.000,6.1,8.2,0.9,157,11,6.6,9.0,1.0,159,10,6.1,8.2,0.9,157,11,2,28.15,,0,0,0,70.1,67.1,65.5,0.16,0.14,0.23
BURD,2017-08-21 20:10:00 EDT,42.41042,-76.77176,1863,70.3,71.2,70.3,89.9,67.2,0.000,0.000,0.00,0.000,5.7,10.0,1.4,168,14,6.2,10.9,1.6,169,13,5.7,10.0,1.4,168,14,1,28.15,,0,0,0,70.1,67.1,65.5,0.15,0.15,0.23
BURD,2017-08-21 20:15:00 EDT,42.41042,-76.77176,1863,71.0,71.9,71.0,87.6,67.2,0.000,0.000,0.00,0.000,6.3,10.7,1.6,175,12,7.0,11.6,1.9,177,10,6.3,10.7,1.6,175,12,1,28.15,,0,0,0,70.0,67.1,65.6,0.16,0.14,0.23
BURD,2017-08-21 20:20:00 EDT,42.41042,-76.77176,1863,71.8,72.5,71.8,82.9,66.4,0.000,0.000,0.00,0.000,6.9,9.8,1.4,175,12,7.6,10.7,1.4,177,11,6.9,9.8,1.4,175,12,0,28.15,,0,0,0,70.0,67.2,65.6,0.16,0.14,0.23
BURD,2017-08-21 20:25:00 EDT,42.41042,-76.77176,1863,71.8,72.4,71.8,81.9,66.0,0.000,0.000,0.00,0.000,5.7,10.2,1.4,173,15,6.2,10.5,1.5,174,13,5.7,10.2,1.4,173,15,0,28.15,,0,0,0,70.0,67.1,65.6,0.16,0.14,0.23
BURD,2017-08-21 20:30:00 EDT,42.41042,-76.77176,1863,71.1,72.0,71.1,83.1,65.7,0.000,0.000,0.00,0.000,6.5,8.7,1.1,164,12,7.2,9.8,1.2,165,9,6.5,8.7,1.1,164,12,0,28.15,,0,0,0,69.9,67.1,65.7,0.16,0.14,0.23
BURD,2017-08-21 20:35:00 EDT,42.41042,-76.77176,1863,70.7,71.6,70.7,84.7,65.8,0.000,0.000,0.00,0.000,6.8,8.8,1.0,162,10,7.2,10.1,1.2,162,8,6.8,8.8,1.0,162,10,0,28.16,,0,0,0,69.8,67.1,65.6,0.16,0.14,0.23
BURD,2017-08-21 20:40:00 EDT,42.41042,-76.77176,1863,70.6,71.6,70.6,85.5,66.0,0.000,0.000,0.00,0.000,6.7,9.4,0.9,163,11,7.5,11.0,1.2,163,10,6.7,9.4,0.9,163,11,0,28.16,,0,0,0,69.7,67.1,65.6,0.15,0.14,0.23
BURD,2017-08-21 20:45:00 EDT,42.41042,-76.77176,1863,70.9,71.9,70.9,84.9,66.1,0.000,0.000,0.00,0.000,6.7,10.2,1.1,164,16,7.3,11.4,1.3,165,13,6.7,10.2,1.1,164,16,0,28.16,,0,0,0,69.6,67.1,65.6,0.16,0.14,0.23
BURD,2017-08-21 20:50:00 EDT,42.41042,-76.77176,1863,71.7,72.5,71.7,83.1,66.3,0.000,0.000,0.00,0.000,5.2,8.7,1.3,178,16,5.8,8.9,1.4,178,13,5.2,8.7,1.3,178,16,0,28.16,,0,0,0,69.6,67.1,65.6,0.15,0.15,0.23
BURD,2017-08-21 20:55:00 EDT,42.41042,-76.77176,1863,71.6,72.5,71.6,82.2,65.9,0.000,0.000,0.00,0.000,5.4,8.8,1.3,174,13,6.0,10.4,1.5,174,11,5.4,8.8,1.3,174,13,0,28.16,,0,0,0,69.6,67.2,65.7,0.16,0.14,0.23
BURD,2017-08-21 21:00:00 EDT,42.41042,-76.77176,1863,71.0,71.8,71.0,83.7,65.9,0.000,0.000,0.00,0.000,4.6,7.4,1.0,170,14,5.1,7.8,1.2,172,12,4.6,7.4,1.0,170,14,0,28.16,,0,0,0,69.6,67.1,65.6,0.16,0.15,0.23
BURD,2017-08-21 21:05:00 EDT,42.41042,-76.77176,1863,71.1,72.2,71.1,84.4,66.2,0.000,0.000,0.00,0.000,4.9,7.8,1.2,178,15,5.4,9.0,1.5,180,13,4.9,7.8,1.2,178,15,0,28.16,,0,0,0,69.5,67.2,65.6,0.16,0.14,0.23
BURD,2017-08-21 21:10:00 EDT,42.41042,-76.77176,1863,72.1,72.9,72.1,82.7,66.6,0.000,0.000,0.00,0.000,5.0,8.5,1.1,185,16,5.4,9.1,1.3,186,13,5.0,8.5,1.1,185,16,0,28.16,,0,0,0,69.4,67.1,65.6,0.16,0.15,0.23
BURD,2017-08-21 21:15:00 EDT,42.41042,-76.77176,1863,72.4,73.1,72.4,81.2,66.3,0.000,0.000,0.00,0.000,5.3,9.8,1.7,182,15,5.8,12.1,1.8,181,13,5.3,9.8,1.7,182,15,0,28.16,,0,0,0,69.4,67.2,65.6,0.16,0.14,0.23
BURD,2017-08-21 21:20:00 EDT,42.41042,-76.77176,1863,72.3,73.0,72.3,81.6,66.3,0.000,0.000,0.00,0.000,5.3,8.4,1.3,178,17,6.0,11.0,1.4,179,14,5.3,8.4,1.3,178,17,0,28.16,,0,0,0,69.4,67.2,65.6,0.16,0.14,0.23
BURD,2017-08-21 21:25:00 EDT,42.41042,-76.77176,1863,71.5,72.4,71.5,82.5,65.9,0.000,0.000,0.00,0.000,5.1,7.7,1.1,167,14,5.5,8.2,1.2,168,13,5.1,7.7,1.1,167,14,0,28.16,,0,0,0,69.4,67.1,65.6,0.16,0.14,0.23
BURD,2017-08-21 21:30:00 EDT,42.41042,-76.77176,1863,71.3,72.1,71.3,84.0,66.2,0.000,0.000,0.00,0.000,5.9,9.4,1.3,175,15,6.5,11.6,1.7,174,11,5.9,9.4,1.3,175,15,0,28.16,,0,0,0,69.3,67.3,65.6,0.16,0.14,0.23
BURD,2017-08-21 21:35:00 EDT,42.41042,-76.77176,1863,71.4,72.1,71.4,83.6,66.1,0.000,0.000,0.00,0.000,5.7,9.3,1.7,179,12,6.4,10.3,1.8,181,11,5.7,9.3,1.7,179,12,0,28.16,,0,0,0,69.3,67.3,65.7,0.15,0.15,0.23
BURD,2017-08-21 21:40:00 EDT,42.41042,-76.77176,1863,72.0,72.5,72.0,82.4,66.3,0.000,0.000,0.00,0.000,6.5,9.6,1.4,185,12,7.2,11.1,1.7,185,10,6.5,9.6,1.4,185,12,0,28.16,,0,0,0,69.3,67.3,65.6,0.16,0.14,0.23
BURD,2017-08-21 21:45:00 EDT,42.41042,-76.77176,1863,72.4,72.8,72.4,81.8,66.5,0.000,0.000,0.00,0.000,6.4,9.9,1.3,182,14,6.8,10.9,1.6,184,10,6.4,9.9,1.3,182,14,0,28.16,,0,0,0,69.3,67.3,65.6,0.16,0.14,0.23
BURD,2017-08-21 21:50:00 EDT,42.41042,-76.77176,1863,72.3,72.9,72.3,81.9,66.5,0.000,0.000,0.00,0.000,5.3,9.0,1.2,181,17,5.9,11.2,1.4,182,12,5.3,9.0,1.2,181,17,0,28.16,,0,0,0,69.3,67.3,65.7,0.15,0.14,0.23
BURD,2017-08-21 21:55:00 EDT,42.41042,-76.77176,1863,72.0,72.6,72.0,83.1,66.6,0.000,0.000,0.00,0.000,5.1,8.0,1.1,182,15,5.7,9.1,1.2,182,13,5.1,8.0,1.1,182,15,0,28.16,,0,0,0,69.3,67.4,65.6,0.16,0.14,0.23
BURD,2017-08-21 22:00:00 EDT,42.41042,-76.77176,1863,72.0,72.5,72.0,83.6,66.7,0.000,0.000,0.00,0.000,5.8,9.4,1.3,181,15,6.5,10.9,1.5,181,14,5.8,9.4,1.3,181,15,0,28.16,,0,0,0,69.3,67.4,65.6,0.15,0.14,0.23
BURD,2017-08-21 22:05:00 EDT,42.41042,-76.77176,1863,72.0,72.7,72.0,84.5,67.1,0.000,0.000,0.00,0.000,6.9,11.2,1.6,183,13,7.6,13.3,1.9,183,11,6.9,11.2,1.6,183,13,0,28.16,,0,0,0,69.2,67.4,65.6,0.15,0.14,0.23
BURD,2017-08-21 22:10:00 EDT,42.41042,-76.77176,1863,72.2,72.7,72.2,84.7,67.3,0.000,0.000,0.00,0.000,6.3,11.8,1.8,185,17,6.9,12.1,2.0,185,13,6.3,11.8,1.8,185,17,0,28.16,,0,0,0,69.2,67.4,65.6,0.16,0.15,0.23
BURD,2017-08-21 22:15:00 EDT,42.41042,-76.77176,1863,72.2,72.6,72.2,85.0,67.4,0.000,0.000,0.00,0.000,7.2,11.1,1.7,178,14,7.9,12.7,1.9,180,11,7.2,11.1,1.7,178,14,0,28.16,,0,0,0,69.0,67.4,65.7,0.16,0.14,0.23
BURD,2017-08-21 22:20:00 EDT,42.41042,-76.77176,1863,72.1,72.4,72.1,85.3,67.4,0.000,0.000,0.00,0.000,7.1,12.3,1.7,186,11,7.7,12.2,1.9,185,9,7.1,12.3,1.7,186,11,0,28.16,,0,0,0,69.0,67.4,65.7,0.16,0.14,0.23
BURD,2017-08-21 22:25:00 EDT,42.41042,-76.77176,1863,71.8,72.2,71.8,86.2,67.4,0.000,0.000,0.00,0.000,6.5,10.7,1.6,179,13,7.1,11.4,1.7,180,10,6.5,10.7,1.6,179,13,0,28.16,,0,0,0,68.9,67.4,65.6,0.16,0.14,0.23
BURD,2017-08-21 22:30:00 EDT,42.41042,-76.77176,1863,71.5,71.9,71.5,87.7,67.7,0.000,0.000,0.00,0.000,7.0,12.6,1.8,184,15,7.8,14.5,2.0,184,11,7.0,12.6,1.8,184,15,0,28.16,,0,0,0,68.9,67.4,65.7,0.16,0.14,0.23
BURD,2017-08-21 22:35:00 EDT,42.41042,-76.77176,1863,71.5,71.8,71.5,88.2,67.9,0.000,0.000,0.00,0.000,7.6,11.3,1.8,182,12,8.4,13.9,2.0,182,9,7.6,11.3,1.8,182,12,0,28.15,,0,0,0,68.9,67.4,65.7,0.16,0.14,0.23
BURD,2017-08-21 22:40:00 EDT,42.41042,-76.77176,1863,71.2,71.5,71.2,89.2,67.8,0.000,0.000,0.00,0.000,6.3,9.8,1.5,178,13,6.9,11.5,1.8,181,9,6.3,9.8,1.5,178,13,0,28.15,,0,0,0,68.9,67.4,65.6,0.16,0.14,0.23
BURD,2017-08-21 22:45:00 EDT,42.41042,-76.77176,1863,71.2,71.5,71.2,89.8,68.0,0.000,0.000,0.00,0.000,6.6,9.5,1.2,185,13,7.1,10.4,1.3,186,11,6.6,9.5,1.2,185,13,0,28.15,,0,0,0,68.9,67.4,65.6,0.16,0.14,0.23
BURD,2017-08-21 22:50:00 EDT,42.41042,-76.77176,1863,71.1,71.5,71.1,89.8,68.0,0.000,0.000,0.00,0.000,6.0,9.9,1.5,186,18,6.4,10.6,1.8,187,14,6.0,9.9,1.5,186,18,0,28.15,,0,0,0,68.9,67.4,65.7,0.15,0.14,0.23
BURD,2017-08-21 22:55:00 EDT,42.41042,-76.77176,1863,71.4,71.7,71.4,89.5,68.1,0.000,0.000,0.00,0.000,7.3,11.9,1.6,186,13,7.8,13.1,1.6,186,11,7.3,11.9,1.6,186,13,0,28.15,,0,0,0,68.9,67.5,65.6,0.15,0.14,0.23
BURD,2017-08-21 23:00:00 EDT,42.41042,-76.77176,1863,71.2,71.6,71.2,89.5,68.0,0.000,0.000,0.00,0.000,6.4,9.5,1.3,185,16,7.1,10.8,1.5,184,12,6.4,9.5,1.3,185,16,0,28.15,,0,0,0,68.9,67.4,65.7,0.16,0.15,0.23
BURD,2017-08-21 23:05:00 EDT,42.41042,-76.77176,1863,70.9,71.3,70.9,90.5,68.0,0.000,0.000,0.00,0.000,5.8,9.7,1.5,180,15,6.4,11.1,1.8,182,11,5.8,9.7,1.5,180,15,0,28.15,,0,0,0,68.8,67.5,65.7,0.15,0.14,0.23
BURD,2017-08-21 23:10:00 EDT,42.41042,-76.77176,1863,70.7,71.0,70.7,91.7,68.1,0.000,0.000,0.00,0.000,6.5,10.2,1.5,183,16,7.2,12.5,1.7,183,14,6.5,10.2,1.5,183,16,0,28.15,,0,0,0,68.8,67.5,65.7,0.16,0.14,0.23
BURD,2017-08-21 23:15:00 EDT,42.41042,-76.77176,1863,70.4,70.6,70.4,92.6,68.1,0.000,0.000,0.00,0.000,7.0,11.2,1.8,186,14,7.5,11.7,2.1,186,11,7.0,11.2,1.8,186,14,0,28.15,,0,0,0,68.8,67.4,65.7,0.16,0.14,0.23
BURD,2017-08-21 23:20:00 EDT,42.41042,-76.77176,1863,70.0,70.4,70.0,93.8,68.2,0.000,0.000,0.00,0.000,6.5,9.8,1.1,186,15,7.0,10.8,1.4,187,12,6.5,9.8,1.1,186,15,0,28.15,,0,0,0,68.7,67.4,65.7,0.15,0.14,0.23
BURD,2017-08-21 23:25:00 EDT,42.41042,-76.77176,1863,70.3,70.6,70.3,93.8,68.4,0.000,0.000,0.00,0.000,7.3,11.7,1.8,187,17,8.0,11.7,1.8,188,13,7.3,11.7,1.8,187,17,0,28.15,,0,0,0,68.7,67.4,65.6,0.16,0.14,0.23
BURD,2017-08-21 23:30:00 EDT,42.41042,-76.77176,1863,70.4,70.6,70.4,93.4,68.4,0.000,0.000,0.00,0.000,6.6,11.5,1.7,189,15,7.1,12.1,2.0,188,14,6.6,11.5,1.7,189,15,0,28.15,,0,0,0,68.7,67.4,65.6,0.16,0.14,0.23
BURD,2017-08-21 23:35:00 EDT,42.41042,-76.77176,1863,70.3,70.6,70.3,93.6,68.4,0.000,0.000,0.00,0.000,7.0,10.3,1.5,186,14,7.6,12.6,1.9,186,12,7.0,10.3,1.5,186,14,0,28.15,,0,0,0,68.6,67.5,65.7,0.16,0.14,0.23
BURD,2017-08-21 23:40:00 EDT,42.41042,-76.77176,1863,70.3,70.6,70.3,93.5,68.3,0.000,0.000,0.00,0.000,6.5,10.9,1.8,186,14,7.2,12.2,2.0,187,11,6.5,10.9,1.8,186,14,0,28.15,,0,0,0,68.7,67.4,65.6,0.16,0.14,0.23
BURD,2017-08-21 23:45:00 EDT,42.41042,-76.77176,1863,70.1,70.4,70.1,93.9,68.2,0.000,0.000,0.00,0.000,6.5,11.0,1.6,181,14,7.0,12.4,1.8,182,12,6.5,11.0,1.6,181,14,0,28.15,,0,0,0,68.7,67.4,65.7,0.16,0.14,0.23
BURD,2017-08-21 23:50:00 EDT,42.41042,-76.77176,1863,70.2,70.5,70.2,94.2,68.4,0.000,0.000,0.00,0.000,6.5,10.7,1.6,185,15,7.1,14.3,2.0,184,13,6.5,10.7,1.6,185,15,0,28.15,,0,0,0,68.6,67.4,65.7,0.16,0.14,0.23
BURD,2017-08-21 23:55:00 EDT,42.41042,-76.77176,1863,70.2,70.5,70.2,93.7,68.3,0.000,0.000,0.00,0.000,6.2,11.7,1.8,184,17,6.7,13.3,2.1,184,13,6.2,11.7,1.8,184,17,0,28.14,,0,0,0,68.7,67.4,65.7,0.15,0.15,0.23
BURT,2017-08-21 00:00:00 EDT,43.31699,-78.74903,315,66.8,68.1,66.8,85.7,62.4,0.000,0.000,0.00,0.000,2.4,5.3,0.8,161,22,2.8,5.9,1.2,168,23,2.4,5.3,0.8,161,22,0,29.76,,0,0,0,72.3,72.4,70.7,0.19,0.23,0.27
BURT,2017-08-21 00:05:00 EDT,43.31699,-78.74903,315,66.6,68.0,66.6,86.8,62.5,0.000,0.000,0.00,0.000,2.4,4.8,1.0,164,22,2.7,5.6,1.2,169,22,2.4,4.8,1.0,164,22,0,29.76,,0,0,0,72.3,72.5,70.8,0.19,0.23,0.27
BURT,2017-08-21 00:10:00 EDT,43.31699,-78.74903,315,66.5,68.1,66.5,87.6,62.7,0.000,0.000,0.00,0.000,2.6,4.6,0.8,160,18,2.9,5.9,0.9,162,19,2.6,4.6,0.8,160,18,0,29.76,,0,0,0,72.3,72.4,70.8,0.19,0.23,0.27
BURT,2017-08-21 00:15:00 EDT,43.31699,-78.74903,315,66.2,67.7,66.2,87.5,62.4,0.000,0.000,0.00,0.000,2.3,5.1,0.8,151,22,2.6,5.5,1.0,154,20,2.3,5.1,0.8,151,22,0,29.76,,0,0,0,72.3,72.4,70.8,0.19,0.23,0.27
BURT,2017-08-21 00:20:00 EDT,43.31699,-78.74903,315,65.9,67.3,65.9,88.2,62.3,0.000,0.000,0.00,0.000,2.7,4.5,0.7,150,19,2.9,5.4,0.9,152,17,2.7,4.5,0.7,150,19,0,29.76,,0,0,0,72.3,72.5,70.8,0.19,0.23,0.28
BURT,2017-08-21 00:25:00 EDT,43.31699,-78.74903,315,65.7,67.4,65.7,88.9,62.3,0.000,0.000,0.00,0.000,3.3,5.2,0.9,147,20,3.4,6.2,1.2,148,20,3.3,5.2,0.9,147,20,0,29.76,,0,0,0,72.3,72.4,70.8,0.19,0.23,0.27
BURT,2017-08-21 00:30:00 EDT,43.31699,-78.74903,315,65.9,67.4,65.9,89.2,62.6,0.000,0.000,0.00,0.000,4.2,6.6,0.9,146,15,4.4,6.6,1.1,148,15,4.2,6.6,0.9,146,15,0,29.76,,0,0,0,72.1,72.5,70.8,0.19,0.23,0.27
BURT,2017-08-21 00:35:00 EDT,43.31699,-78.74903,315,65.7,67.3,65.7,89.2,62.4,0.000,0.000,0.00,0.000,3.9,6.2,0.8,149,13,4.2,6.8,1.0,151,12,3.9,6.2,0.8,149,13,0,29.76,,0,0,0,71.8,72.4,70.8,0.19,0.23,0.27
BURT,2017-08-21 00:40:00 EDT,43.31699,-78.74903,315,65.5,67.1,65.5,89.8,62.4,0.000,0.000,0.00,0.000,3.5,6.1,0.9,148,15,3.7,6.4,1.0,151,15,3.5,6.1,0.9,148,15,0,29.76,,0,0,0,71.8,72.3,70.8,0.19,0.23,0.27
BURT,2017-08-21 00:45:00 EDT,43.31699,-78.74903,315,65.2,67.0,65.2,89.6,62.0,0.000,0.000,0.00,0.000,2.9,4.5,0.7,149,14,3.1,5.5,0.9,150,13,2.9,4.5,0.7,149,14,0,29.77,,0,0,0,71.8,72.4,70.8,0.19,0.23,0.28
BURT,2017-08-21 00:50:00 EDT,43.31699,-78.74903,315,65.1,67.0,65.1,90.7,62.3,0.000,0.000,0.00,0.000,3.3,5.5,0.7,146,13,3.4,5.7,0.9,147,14,3.3,5.5,0.7,146,13,0,29.77,,0,0,0,71.8,72.3,70.8,0.19,0.23,0.27
BURT,2017-08-21 00:55:00 EDT,43.31699,-78.74903,315,64.9,66.7,64.9,90.6,62.1,0.000,0.000,0.00,0.000,3.4,5.0,0.5,150,15,3.7,6.4,0.8,151,13,3.4,5.0,0.5,150,15,0,29.76,,0,0,0,71.8,72.3,70.8,0.19,0.23,0.28
BURT,2017-08-21 01:00:00 EDT,43.31699,-78.74903,315,64.7,66.5,64.7,90.7,61.9,0.000,0.000,0.00,0.000,3.1,4.7,0.6,147,13,3.1,5.8,0.8,150,13,3.1,4.7,0.6,147,13,0,29.76,,0,0,0,71.8,72.3,70.9,0.19,0.23,0.27
BURT,2017-08-21 01:05:00 EDT,43.31699,-78.74903,315,64.8,66.6,64.8,91.0,62.1,0.000,0.000,0.00,0.000,2.8,4.2,0.7,142,16,2.9,5.0,0.9,142,14,2.8,4.2,0.7,142,16,0,29.76,,0,0,0,71.6,72.4,70.9,0.19,0.23,0.27
BURT,2017-08-21 01:10:00 EDT,43.31699,-78.74903,315,64.9,66.5,64.9,90.7,62.1,0.000,0.000,0.00,0.000,2.6,4.6,0.8,144,17,2.7,5.6,1.0,147,16,2.6,4.6,0.8,144,17,0,29.77,,0,0,0,71.5,72.3,70.9,0.19,0.23,0.27
BURT,2017-08-21 01:15:00 EDT,43.31699,-78.74903,315,64.7,66.5,64.7,90.6,61.9,0.000,0.000,0.00,0.000,3.1,5.1,0.7,144,16,3.4,5.7,1.0,148,15,3.1,5.1,0.7,144,16,0,29.77,,0,0,0,71.4,72.3,70.8,0.19,0.23,0.27
BURT,2017-08-21 01:20:00 EDT,43.31699,-78.74903,315,64.7,66.5,64.7,90.7,61.9,0.000,0.000,0.00,0.000,3.3,5.1,0.6,145,14,3.5,5.5,0.8,147,14,3.3,5.1,0.6,145,14,0,29.76,,0,0,0,71.4,72.2,70.9,0.19,0.23,0.27
BURT,2017-08-21 01:25:00 EDT,43.31699,-78.74903,315,64.6,66.4,64.6,90.8,61.8,0.000,0.000,0.00,0.000,3.6,4.9,0.7,145,15,3.7,6.0,0.8,145,12,3.6,4.9,0.7,145,15,0,29.76,,0,0,0,71.4,72.3,70.9,0.19,0.23,0.27
BURT,2017-08-21 01:30:00 EDT,43.31699,-78.74903,315,64.4,66.1,64.4,90.9,61.7,0.000,0.000,0.00,0.000,3.3,5.0,0.7,141,13,3.3,5.7,0.9,144,13,3.3,5.0,0.7,141,13,0,29.76,,0,0,0,71.4,72.2,70.9,0.19,0.23,0.27
BURT,2017-08-21 01:35:00 EDT,43.31699,-78.74903,315,64.3,66.2,64.3,91.1,61.6,0.000,0.000,0.00,0.000,3.4,5.2,0.7,144,14,3.4,6.2,0.9,146,13,3.4,5.2,0.7,144,14,0,29.76,,0,0,0,71.4,72.3,70.9,0.19,0.23,0.27
BURT,2017-08-21 01:40:00 EDT,43.31699,-78.74903,315,64.1,65.9,64.1,91.3,61.5,,,0.00,,3.8,5.1,0.6,141,13,3.8,5.4,0.7,142,12,3.8,5.1,0.6,141,13,0,29.76,,0,0,0,71.4,72.3,70.9,0.19,0.23,0.27
BURT,2017-08-21 01:45:00 EDT,43.31699,-78.74903,315,63.8,65.7,63.8,91.5,61.3,,,,,3.4,4.9,0.8,148,12,3.7,5.6,1.0,149,12,3.4,4.9,0.8,148,12,0,29.76,,,,,,,,,,
BURT,2017-08-21 01:50:00 EDT,43.31699,-78.74903,315,63.7,65.7,63.7,91.3,61.1,,0.000,,0.000,3.7,5.0,0.7,145,11,3.8,5.5,0.9,147,11,3.7,5.0,0.7,145,11,0,29.76,,,,,,,,,,
BURT,2017-08-21 01:55:00 EDT,43.31699,-78.74903,315,63.1,65.5,63.1,91.2,60.5,0.000,0.000,0.00,0.000,3.3,4.5,0.6,149,11,3.4,5.1,0.8,150,12,3.3,4.5,0.6,149,11,0,29.76,,0,0,0,71.3,72.0,70.7,0.19,0.23,0.28
BURT,2017-08-21 02:00:00 EDT,43.31699,-78.74903,315,62.8,65.4,62.8,91.9,60.4,0.000,0.000,0.00,0.000,3.2,5.3,0.8,150,14,3.3,6.8,1.0,152,14,3.2,5.3,0.8,150,14,0,29.76,,0,0,0,71.4,72.1,70.8,0.19,0.23,0.27
BURT,2017-08-21 02:05:00 EDT,43.31699,-78.74903,315,62.8,65.3,62.8,92.5,60.6,0.000,0.000,0.00,0.000,3.0,4.7,0.7,147,14,3.3,5.7,0.9,150,13,3.0,4.7,0.7,147,14,0,29.76,,0,0,0,71.4,72.2,70.8,0.19,0.23,0.27
BURT,2017-08-21 02:10:00 EDT,43.31699,-78.74903,315,63.2,65.3,63.2,91.7,60.8,0.000,0.000,0.00,0.000,3.5,5.7,0.8,149,13,3.7,7.0,1.1,151,13,3.5,5.7,0.8,149,13,0,29.76,,0,0,0,71.4,72.2,70.9,0.19,0.23,0.28
BURT,2017-08-21 02:15:00 EDT,43.31699,-78.74903,315,63.6,65.5,63.6,90.3,60.7,0.000,0.000,0.00,0.000,3.4,6.0,0.9,154,13,3.6,7.4,1.1,156,14,3.4,6.0,0.9,154,13,0,29.76,,0,0,0,71.3,72.2,70.9,0.19,0.23,0.27
BURT,2017-08-21 02:20:00 EDT,43.31699,-78.74903,315,63.5,65.5,63.5,89.2,60.3,0.000,0.000,0.00,0.000,3.3,5.1,0.7,152,11,3.5,5.9,1.0,156,12,3.3,5.1,0.7,152,11,0,29.76,,0,0,0,71.3,72.1,70.9,0.19,0.23,0.27
BURT,2017-08-21 02:25:00 EDT,43.31699,-78.74903,315,63.4,65.4,63.4,89.4,60.2,0.000,0.000,0.00,0.000,3.1,5.6,0.9,149,13,3.1,6.6,0.9,153,15,3.1,5.6,0.9,149,13,0,29.76,,0,0,0,71.1,72.1,70.9,0.19,0.23,0.27
BURT,2017-08-21 02:30:00 EDT,43.31699,-78.74903,315,63.5,65.2,63.5,89.3,60.2,0.000,0.000,0.00,0.000,3.0,5.5,0.7,149,15,3.0,6.1,0.9,152,14,3.0,5.5,0.7,149,15,0,29.76,,0,0,0,71.1,72.2,70.9,0.19,0.23,0.28
BURT,2017-08-21 02:35:00 EDT,43.31699,-78.74903,315,63.4,65.2,63.4,89.3,60.2,0.000,0.000,0.00,0.000,3.7,5.9,1.0,150,15,4.0,8.2,1.4,154,14,3.7,5.9,1.0,150,15,0,29.76,,0,0,0,71.0,72.1,70.9,0.19,0.23,0.27
BURT,2017-08-21 02:40:00 EDT,43.31699,-78.74903,315,63.6,65.2,63.6,88.8,60.3,0.000,0.000,0.00,,4.1,7.2,1.1,146,17,4.3,7.7,1.4,151,14,4.1,7.2,1.1,146,17,0,29.76,,0,0,0,70.9,72.1,70.9,0.19,0.23,0.27
BURT,2017-08-21 02:45:00 EDT,43.31699,-78.74903,315,63.6,65.0,63.6,88.5,60.1,0.000,0.000,0.00,,3.5,6.2,1.1,148,15,3.7,6.7,1.2,150,15,3.5,6.2,1.1,148,15,0,29.76,,0,0,0,70.8,72.1,70.9,0.19,0.23,0.28
BURT,2017-08-21 02:50:00 EDT,43.31699,-78.74903,315,63.4,64.8,63.4,88.8,60.0,0.000,0.000,0.00,0.000,3.4,6.8,0.8,144,14,3.4,6.9,1.1,144,15,3.4,6.8,0.8,144,14,0,29.76,,0,0,0,70.8,72.1,71.0,0.19,0.23,0.27
BURT,2017-08-21 02:55:00 EDT,43.31699,-78.74903,315,63.3,65.0,63.3,88.9,60.0,0.000,0.000,0.00,0.000,3.9,6.9,0.9,145,14,4.3,7.7,1.3,148,13,3.9,6.9,0.9,145,14,0,29.76,,0,0,0,70.7,72.1,70.9,0.19,0.23,0.27
BURT,2017-08-21 03:00:00 EDT,43.31699,-78.74903,315,63.7,65.0,63.7,88.0,60.1,0.000,0.000,0.00,0.000,4.1,6.1,0.8,145,13,4.3,6.6,1.0,146,13,4.1,6.1,0.8,145,13,0,29.76,,0,0,0,70.7,72.1,71.0,0.19,0.23,0.27
BURT,2017-08-21 03:05:00 EDT,43.31699,-78.74903,315,63.5,64.9,63.5,87.9,59.9,0.000,0.000,0.00,0.000,3.9,6.1,0.9,144,14,4.1,6.5,1.1,148,15,3.9,6.1,0.9,144,14,0,29.76,,0,0,0,70.7,72.1,71.0,0.19,0.23,0.27
BURT,2017-08-21 03:10:00 EDT,43.31699,-78.74903,315,63.7,64.9,63.7,87.9,60.0,0.000,0.000,0.00,0.000,3.7,6.1,1.0,142,17,3.9,7.3,1.1,143,15,3.7,6.1,1.0,142,17,0,29.76,,0,0,0,70.7,72.1,71.0,0.19,0.23,0.27
BURT,2017-08-21 03:15:00 EDT,43.31699,-78.74903,315,63.9,65.0,63.9,87.1,60.0,0.000,0.000,0.00,0.000,3.7,5.8,0.8,148,15,4.0,6.9,0.9,149,14,3.7,5.8,0.8,148,15,0,29.76,,0,0,0,70.7,72.1,71.0,0.19,0.23,0.27
BURT,2017-08-21 03:20:00 EDT,43.31699,-78.74903,315,63.8,64.8,63.8,87.4,59.9,0.000,0.000,0.00,0.000,3.3,6.5,1.0,146,15,3.5,7.6,1.2,149,14,3.3,6.5,1.0,146,15,0,29.76,,0,0,0,70.7,72.1,70.9,0.19,0.23,0.27
BURT,2017-08-21 03:25:00 EDT,43.31699,-78.74903,315,63.6,64.6,63.6,87.9,59.9,0.000,0.000,0.00,0.000,3.5,5.8,0.9,155,17,3.9,6.6,1.1,158,17,3.5,5.8,0.9,155,17,0,29.76,,0,0,0,70.7,72.1,71.0,0.19,0.23,0.27
BURT,2017-08-21 03:30:00 EDT,43.31699,-78.74903,315,63.7,64.8,63.7,88.2,60.1,0.000,0.000,0.00,0.000,3.8,6.3,1.0,152,16,4.3,7.8,1.2,155,16,3.8,6.3,1.0,152,16,0,29.75,,0,0,0,70.7,72.1,70.9,0.19,0.23,0.28
BURT,2017-08-21 03:35:00 EDT,43.31699,-78.74903,315,63.8,65.0,63.8,88.1,60.2,0.000,0.000,0.00,0.000,4.1,6.2,0.9,154,17,4.5,7.2,1.2,156,16,4.1,6.2,0.9,154,17,0,29.75,,0,0,0,70.7,72.1,71.0,0.19,0.23,0.27
BURT,2017-08-21 03:40:00 EDT,43.31699,-78.74903,315,64.1,65.1,64.1,87.8,60.4,0.000,0.000,0.00,0.000,4.8,8.3,1.3,152,15,5.1,9.6,1.3,157,13,4.8,8.3,1.3,152,15,0,29.75,,0,0,0,70.7,72.1,71.0,0.19,0.23,0.27
BURT,2017-08-21 03:45:00 EDT,43.31699,-78.74903,315,64.2,65.1,64.2,87.3,60.3,0.000,0.000,0.00,0.000,4.5,7.2,1.2,151,16,5.1,8.4,1.3,155,13,4.5,7.2,1.2,151,16,0,29.75,,0,0,0,70.7,72.1,70.9,0.19,0.23,0.27
BURT,2017-08-21 03:50:00 EDT,43.31699,-78.74903,315,64.4,65.4,64.4,86.9,60.5,0.000,0.000,0.00,0.000,4.9,8.0,1.3,151,18,5.3,9.7,1.6,154,15,4.9,8.0,1.3,151,18,0,29.75,,0,0,0,70.6,72.0,70.9,0.19,0.23,0.27
BURT,2017-08-21 03:55:00 EDT,43.31699,-78.74903,315,64.8,65.6,64.8,86.0,60.5,0.000,0.000,0.00,0.000,5.0,8.3,1.5,154,16,5.5,10.5,1.7,157,15,5.0,8.3,1.5,154,16,0,29.75,,0,0,0,70.6,72.0,71.0,0.19,0.23,0.27
BURT,2017-08-21 04:00:00 EDT,43.31699,-78.74903,315,65.0,65.9,65.0,85.5,60.5,0.000,0.000,0.00,0.000,4.5,7.5,1.2,151,17,5.0,8.9,1.5,155,17,4.5,7.5,1.2,151,17,0,29.75,,0,0,0,70.5,72.0,71.0,0.19,0.23,0.27
BURT,2017-08-21 04:05:00 EDT,43.31699,-78.74903,315,65.0,66.0,65.0,85.2,60.5,0.000,0.000,0.00,0.000,4.4,7.4,1.2,148,16,4.7,8.4,1.4,150,14,4.4,7.4,1.2,148,16,0,29.75,,0,0,0,70.4,71.9,71.0,0.19,0.23,0.27
BURT,2017-08-21 04:10:00 EDT,43.31699,-78.74903,315,65.2,66.1,65.2,85.0,60.5,0.000,0.000,0.00,0.000,4.5,7.7,1.2,154,17,4.7,8.7,1.5,157,17,4.5,7.7,1.2,154,17,0,29.75,,0,0,0,70.3,72.0,71.0,0.19,0.23,0.27
BURT,2017-08-21 04:15:00 EDT,43.31699,-78.74903,315,65.5,66.4,65.5,84.0,60.5,0.000,0.000,0.00,0.000,4.2,7.7,1.1,149,17,4.4,7.6,1.3,152,18,4.2,7.7,1.1,149,17,0,29.75,,0,0,0,70.3,72.0,71.0,0.19,0.23,0.27
BURT,2017-08-21 04:20:00 EDT,43.31699,-78.74903,315,65.6,66.6,65.6,83.3,60.4,0.000,0.000,0.00,0.000,4.0,6.6,1.3,152,17,4.5,7.3,1.5,154,16,4.0,6.6,1.3,152,17,0,29.75,,0,0,0,70.3,71.9,71.0,0.19,0.23,0.27
BURT,2017-08-21 04:25:00 EDT,43.31699,-78.74903,315,65.6,66.7,65.6,83.3,60.4,0.000,0.000,0.00,0.000,3.3,5.7,1.0,145,17,3.6,6.7,1.2,151,17,3.3,5.7,1.0,145,17,0,29.75,,0,0,0,70.3,72.0,70.9,0.19,0.23,0.27
BURT,2017-08-21 04:30:00 EDT,43.31699,-78.74903,315,65.5,66.6,65.5,83.8,60.5,0.000,0.000,0.00,0.000,3.3,4.9,0.7,149,17,3.7,6.3,1.1,153,15,3.3,4.9,0.7,149,17,0,29.75,,0,0,0,70.3,71.8,71.0,0.19,0.23,0.27
BURT,2017-08-21 04:35:00 EDT,43.31699,-78.74903,315,65.3,66.6,65.3,84.3,60.4,0.000,0.000,0.00,0.000,3.3,5.6,0.8,149,13,3.4,5.7,1.0,150,12,3.3,5.6,0.8,149,13,0,29.75,,0,0,0,70.3,71.9,70.9,0.19,0.23,0.27
BURT,2017-08-21 04:40:00 EDT,43.31699,-78.74903,315,65.1,66.6,65.1,84.8,60.4,0.000,0.000,0.00,0.000,3.5,5.7,0.9,150,11,3.8,7.1,1.1,152,12,3.5,5.7,0.9,150,11,0,29.75,,0,0,0,70.3,71.8,71.0,0.19,0.23,0.27
BURT,2017-08-21 04:45:00 EDT,43.31699,-78.74903,315,65.1,66.4,65.1,84.9,60.4,0.000,0.000,0.00,0.000,3.1,4.6,0.8,148,13,3.2,5.7,0.9,149,11,3.1,4.6,0.8,148,13,0,29.75,,0,0,0,70.3,71.8,71.0,0.19,0.23,0.27
BURT,2017-08-21 04:50:00 EDT,43.31699,-78.74903,315,64.7,66.3,64.7,85.7,60.3,0.000,0.000,0.00,0.000,3.8,5.6,0.8,150,11,3.9,6.2,1.0,152,12,3.8,5.6,0.8,150,11,0,29.75,,0,0,0,70.3,71.8,71.0,0.19,0.23,0.27
BURT,2017-08-21 04:55:00 EDT,43.31699,-78.74903,315,64.3,66.1,64.3,86.6,60.2,0.000,0.000,0.00,0.000,3.5,5.3,0.7,149,13,3.7,6.1,0.9,152,13,3.5,5.3,0.7,149,13,0,29.75,,0,0,0,70.3,71.8,71.0,0.19,0.23,0.28
BURT,2017-08-21 05:00:00 EDT,43.31699,-78.74903,315,63.9,66.0,63.9,87.6,60.1,0.000,0.000,0.00,0.000,3.6,4.8,0.5,148,9,3.6,5.9,0.7,148,10,3.6,4.8,0.5,148,9,0,29.75,,0,0,0,70.3,71.8,70.9,0.19,0.23,0.27
BURT,2017-08-21 05:05:00 EDT,43.31699,-78.74903,315,64.0,66.2,64.0,87.9,60.4,0.000,0.000,0.00,0.000,3.8,5.2,0.6,145,10,4.0,5.4,0.7,148,10,3.8,5.2,0.6,145,10,0,29.75,,0,0,0,70.2,71.8,71.0,0.19,0.23,0.27
BURT,2017-08-21 05:10:00 EDT,43.31699,-78.74903,315,64.0,66.1,64.0,87.9,60.3,0.000,0.000,0.00,0.000,3.9,5.8,0.6,143,10,4.0,6.2,0.8,145,10,3.9,5.8,0.6,143,10,0,29.75,,0,0,0,70.2,71.7,71.0,0.19,0.23,0.27
BURT,2017-08-21 05:15:00 EDT,43.31699,-78.74903,315,64.0,66.1,64.0,88.1,60.4,0.000,0.000,0.00,0.000,3.7,5.6,0.6,143,10,3.9,5.8,0.8,145,10,3.7,5.6,0.6,143,10,0,29.75,,0,0,0,70.1,71.8,71.0,0.19,0.23,0.28
BURT,2017-08-21 05:20:00 EDT,43.31699,-78.74903,315,63.5,66.0,63.5,89.1,60.2,0.000,0.000,0.00,0.000,4.1,5.7,0.7,151,11,4.2,6.8,0.9,152,12,4.1,5.7,0.7,151,11,0,29.75,,0,0,0,70.0,71.7,71.0,0.19,0.23,0.27
BURT,2017-08-21 05:25:00 EDT,43.31699,-78.74903,315,64.1,66.1,64.1,89.8,61.1,0.000,0.000,0.00,0.000,3.2,5.3,1.1,162,9,3.3,6.2,1.2,166,10,3.2,5.3,1.1,162,9,0,29.75,,0,0,0,70.0,71.7,71.0,0.19,0.23,0.28
BURT,2017-08-21 05:30:00 EDT,43.31699,-78.74903,315,64.4,65.9,64.4,89.3,61.2,0.000,0.000,0.00,0.000,2.3,5.1,1.4,306,39,2.6,5.9,1.5,311,39,2.3,5.1,1.4,306,39,0,29.75,,0,0,0,70.0,71.8,71.0,0.19,0.23,0.27
BURT,2017-08-21 05:35:00 EDT,43.31699,-78.74903,315,64.1,65.8,64.1,89.8,61.1,0.000,0.000,0.00,0.000,2.7,4.2,0.7,298,15,2.8,4.7,0.7,305,12,2.7,4.2,0.7,298,15,0,29.75,,0,0,0,70.0,71.7,71.0,0.19,0.23,0.27
BURT,2017-08-21 05:40:00 EDT,43.31699,-78.74903,315,63.2,65.1,63.2,90.1,60.2,0.000,0.000,0.00,0.000,1.1,2.6,0.4,265,19,1.4,3.3,0.5,278,19,1.1,2.6,0.4,265,19,0,29.76,,0,0,0,70.0,71.7,71.0,0.19,0.23,0.28
BURT,2017-08-21 05:45:00 EDT,43.31699,-78.74903,315,62.8,66.2,62.8,91.2,60.2,0.000,0.000,0.00,0.000,1.0,2.0,0.5,230,40,1.1,2.7,0.6,231,42,1.0,2.0,0.5,230,40,0,29.75,,0,0,0,70.0,71.6,70.9,0.19,0.23,0.27
BURT,2017-08-21 05:50:00 EDT,43.31699,-78.74903,315,62.2,66.3,62.2,91.7,59.7,0.000,0.000,0.00,0.000,2.0,2.6,0.4,185,9,2.1,2.9,0.3,192,12,2.0,2.6,0.4,185,9,0,29.75,,0,0,0,70.0,71.6,71.0,0.19,0.23,0.27
BURT,2017-08-21 05:55:00 EDT,43.31699,-78.74903,315,62.1,64.9,62.1,92.5,59.9,0.000,0.000,0.00,0.000,1.3,2.0,0.3,173,8,1.5,2.1,0.3,172,15,1.3,2.0,0.3,173,8,0,29.76,,0,0,0,70.0,71.6,71.0,0.19,0.23,0.27
BURT,2017-08-21 06:00:00 EDT,43.31699,-78.74903,315,61.9,65.1,61.9,93.2,59.9,0.000,0.000,0.00,0.000,1.0,1.8,0.4,160,8,1.2,2.1,0.3,155,14,1.0,1.8,0.4,160,8,0,29.75,,0,0,0,70.0,71.6,71.0,0.19,0.23,0.27
BURT,2017-08-21 06:05:00 EDT,43.31699,-78.74903,315,61.3,65.6,61.3,93.8,59.5,0.000,0.000,0.00,0.000,1.3,2.4,0.4,166,6,1.5,2.6,0.3,166,12,1.3,2.4,0.4,166,6,0,29.75,,0,0,0,70.0,71.5,71.0,0.19,0.23,0.28
BURT,2017-08-21 06:10:00 EDT,43.31699,-78.74903,315,61.3,64.8,61.3,94.1,59.6,0.000,0.000,0.00,0.000,2.1,3.0,0.4,155,6,2.1,3.1,0.4,153,7,2.1,3.0,0.4,155,6,0,29.75,,0,0,0,70.0,71.6,71.0,0.19,0.23,0.27
BURT,2017-08-21 06:15:00 EDT,43.31699,-78.74903,315,61.1,65.2,61.1,94.7,59.6,0.000,0.000,0.00,0.000,2.4,3.4,0.4,150,11,2.5,4.2,0.6,152,12,2.4,3.4,0.4,150,11,0,29.75,,0,0,0,70.0,71.5,71.0,0.19,0.23,0.27
BURT,2017-08-21 06:20:00 EDT,43.31699,-78.74903,315,61.2,64.6,61.2,95.3,59.8,0.000,0.000,0.00,0.000,1.8,2.5,0.3,126,9,1.8,2.5,0.3,128,9,1.8,2.5,0.3,126,9,1,29.75,,0,0,0,69.9,71.5,71.0,0.19,0.23,0.27
BURT,2017-08-21 06:25:00 EDT,43.31699,-78.74903,315,60.9,64.1,60.9,95.3,59.5,0.000,0.000,0.00,0.000,1.8,2.8,0.4,136,8,1.8,2.9,0.4,136,7,1.8,2.8,0.4,136,8,1,29.75,,0,0,0,70.0,71.4,70.9,0.19,0.23,0.27
BURT,2017-08-21 06:30:00 EDT,43.31699,-78.74903,315,60.6,64.3,60.6,95.5,59.3,0.000,0.000,0.00,0.000,1.4,2.1,0.3,141,8,1.4,2.0,0.2,138,10,1.4,2.1,0.3,141,8,2,29.75,,0,0,0,70.0,71.5,70.9,0.19,0.23,0.27
BURT,2017-08-21 06:35:00 EDT,43.31699,-78.74903,315,60.4,64.4,60.4,95.5,59.1,0.000,0.000,0.00,0.000,2.0,2.7,0.3,138,12,1.9,2.7,0.3,138,10,2.0,2.7,0.3,138,12,3,29.75,,0,0,0,69.9,71.5,70.9,0.19,0.23,0.27
BURT,2017-08-21 06:40:00 EDT,43.31699,-78.74903,315,60.3,64.5,60.3,95.6,59.0,0.000,0.000,0.00,0.000,3.4,4.5,0.6,150,7,3.5,5.5,0.8,152,8,3.4,4.5,0.6,150,7,6,29.75,,0,0,0,69.9,71.5,70.9,0.19,0.23,0.28
BURT,2017-08-21 06:45:00 EDT,43.31699,-78.74903,315,61.0,64.3,61.0,96.3,59.9,0.000,0.000,0.00,0.000,3.0,4.0,0.4,150,14,3.1,5.1,0.6,152,14,3.0,4.0,0.4,150,14,9,29.76,,0,0,0,69.7,71.4,70.9,0.19,0.23,0.27
BURT,2017-08-21 06:50:00 EDT,43.31699,-78.74903,315,61.0,64.4,61.0,96.4,60.0,0.000,0.000,0.00,0.000,2.3,3.4,0.4,142,14,2.3,4.2,0.6,144,14,2.3,3.4,0.4,142,14,13,29.76,,0,0,0,69.6,71.4,70.9,0.19,0.23,0.27
BURT,2017-08-21 06:55:00 EDT,43.31699,-78.74903,315,61.3,64.9,61.3,96.2,60.2,0.000,0.000,0.00,0.000,2.5,3.9,0.5,141,12,2.6,4.1,0.6,141,12,2.5,3.9,0.5,141,12,20,29.75,,0,0,0,69.6,71.4,70.9,0.19,0.23,0.27
BURT,2017-08-21 07:00:00 EDT,43.31699,-78.74903,315,61.6,65.3,61.6,95.7,60.4,0.000,0.000,0.00,0.000,3.1,4.6,0.7,159,13,3.3,5.3,1.0,161,14,3.1,4.6,0.7,159,13,29,29.76,,0,0,0,69.6,71.4,70.9,0.19,0.23,0.27
BURT,2017-08-21 07:05:00 EDT,43.31699,-78.74903,315,62.2,65.8,62.2,94.7,60.7,0.000,0.000,0.00,0.000,3.2,5.1,0.7,155,16,3.4,6.2,1.0,158,16,3.2,5.1,0.7,155,16,41,29.75,,0,0,0,69.6,71.3,70.9,0.19,0.23,0.27
BURT,2017-08-21 07:10:00 EDT,43.31699,-78.74903,315,63.0,66.1,63.0,93.2,61.0,0.000,0.000,0.00,0.000,3.2,4.5,0.6,150,15,3.4,5.3,0.8,151,14,3.2,4.5,0.6,150,15,53,29.75,,0,0,0,69.6,71.3,70.9,0.19,0.23,0.28
BURT,2017-08-21 07:15:00 EDT,43.31699,-78.74903,315,63.5,66.0,63.5,91.6,61.0,0.000,0.000,0.00,0.000,3.2,5.6,0.7,151,13,3.4,5.9,0.9,152,14,3.2,5.6,0.7,151,13,67,29.76,,0,0,0,69.6,71.3,70.9,0.19,0.23,0.27
BURT,2017-08-21 07:20:00 EDT,43.31699,-78.74903,315,64.7,66.5,64.7,89.6,61.5,0.000,0.000,0.00,0.000,3.7,7.3,1.1,146,19,4.0,7.8,1.3,151,17,3.7,7.3,1.1,146,19,79,29.75,,0,0,0,69.5,71.4,70.9,0.19,0.23,0.27
BURT,2017-08-21 07:25:00 EDT,43.31699,-78.74903,315,65.7,66.8,65.7,86.3,61.5,0.000,0.000,0.00,0.000,3.4,6.5,1.2,146,17,3.6,7.0,1.4,149,16,3.4,6.5,1.2,146,17,90,29.75,,0,0,0,69.6,71.3,70.8,0.19,0.23,0.27
BURT,2017-08-21 07:30:00 EDT,43.31699,-78.74903,315,66.1,67.0,66.1,85.2,61.5,0.000,0.000,0.00,0.000,4.1,7.7,1.2,155,17,4.4,8.3,1.5,155,18,4.1,7.7,1.2,155,17,94,29.75,,0,0,0,69.5,71.3,70.9,0.19,0.23,0.27
BURT,2017-08-21 07:35:00 EDT,43.31699,-78.74903,315,66.5,67.2,66.5,84.1,61.6,0.000,0.000,0.00,0.000,4.3,7.1,1.1,149,16,4.8,8.0,1.2,152,16,4.3,7.1,1.1,149,16,101,29.75,,0,0,0,69.5,71.3,70.8,0.19,0.23,0.27
BURT,2017-08-21 07:40:00 EDT,43.31699,-78.74903,315,67.0,67.6,67.0,82.7,61.6,0.000,0.000,0.00,0.000,4.4,7.1,1.3,154,16,5.0,9.2,1.5,157,17,4.4,7.1,1.3,154,16,119,29.75,,0,0,0,69.5,71.3,70.9,0.19,0.23,0.27
BURT,2017-08-21 07:45:00 EDT,43.31699,-78.74903,315,67.4,67.8,67.4,81.6,61.6,0.000,0.000,0.00,0.000,3.8,8.5,1.4,155,18,4.3,10.1,1.8,160,16,3.8,8.5,1.4,155,18,133,29.76,,0,0,0,69.5,71.3,70.8,0.19,0.23,0.27
BURT,2017-08-21 07:50:00 EDT,43.31699,-78.74903,315,68.0,68.5,68.0,79.8,61.6,0.000,0.000,0.00,0.000,4.3,7.2,1.3,153,18,4.7,8.5,1.5,157,16,4.3,7.2,1.3,153,18,145,29.76,,0,0,0,69.5,71.3,70.8,0.19,0.23,0.28
BURT,2017-08-21 07:55:00 EDT,43.31699,-78.74903,315,68.6,69.0,68.6,79.0,61.9,0.000,0.000,0.00,0.000,3.4,5.6,0.9,156,21,3.5,6.4,1.1,158,21,3.4,5.6,0.9,156,21,151,29.76,,0,0,0,69.5,71.3,70.8,0.18,0.23,0.27
BURT,2017-08-21 08:00:00 EDT,43.31699,-78.74903,315,69.1,69.5,69.1,77.6,61.8,0.000,0.000,0.00,0.000,2.8,7.7,1.4,165,20,3.1,8.0,1.6,170,19,2.8,7.7,1.4,165,20,170,29.76,,0,0,0,69.5,71.3,70.8,0.18,0.23,0.27
BURT,2017-08-21 08:05:00 EDT,43.31699,-78.74903,315,69.8,70.0,69.8,76.8,62.1,0.000,0.000,0.00,0.000,2.7,5.2,1.1,178,22,3.0,7.1,1.3,182,25,2.7,5.2,1.1,178,22,178,29.76,,0,0,0,69.6,71.3,70.7,0.19,0.23,0.27
BURT,2017-08-21 08:10:00 EDT,43.31699,-78.74903,315,70.3,70.6,70.3,75.9,62.4,0.000,0.000,0.00,0.000,3.4,8.2,1.8,185,22,4.1,10.2,2.0,189,18,3.4,8.2,1.8,185,22,191,29.77,,0,0,0,69.6,71.3,70.8,0.19,0.23,0.27
BURT,2017-08-21 08:15:00 EDT,43.31699,-78.74903,315,70.7,70.8,70.7,74.9,62.3,0.000,0.000,0.00,0.000,3.0,6.6,1.3,190,24,3.2,8.5,1.5,195,24,3.0,6.6,1.3,190,24,205,29.77,,0,0,0,69.6,71.3,70.9,0.19,0.23,0.27
BURT,2017-08-21 08:20:00 EDT,43.31699,-78.74903,315,71.0,71.1,71.0,73.9,62.2,0.000,0.000,0.00,0.000,4.0,6.4,1.0,179,22,4.4,7.0,1.2,186,20,4.0,6.4,1.0,179,22,212,29.77,,0,0,0,69.6,71.3,70.8,0.19,0.23,0.27
BURT,2017-08-21 08:25:00 EDT,43.31699,-78.74903,315,71.3,71.4,71.3,74.2,62.6,0.000,0.000,0.00,0.000,3.9,6.9,1.1,187,19,4.3,8.4,1.3,192,15,3.9,6.9,1.1,187,19,223,29.77,,0,0,0,69.6,71.3,70.7,0.18,0.23,0.27
BURT,2017-08-21 08:30:00 EDT,43.31699,-78.74903,315,71.6,71.7,71.6,73.7,62.7,0.000,0.000,0.00,0.000,3.5,6.7,1.5,175,24,4.0,8.9,1.9,179,20,3.5,6.7,1.5,175,24,234,29.77,,0,0,0,69.6,71.3,70.8,0.19,0.23,0.27
BURT,2017-08-21 08:35:00 EDT,43.31699,-78.74903,315,71.9,72.0,71.9,73.8,63.1,0.000,0.000,0.00,0.000,3.8,7.3,1.3,180,21,4.2,8.7,1.7,185,19,3.8,7.3,1.3,180,21,251,29.76,,0,0,0,69.6,71.2,70.8,0.19,0.23,0.27
BURT,2017-08-21 08:40:00 EDT,43.31699,-78.74903,315,72.4,72.3,72.4,74.3,63.8,0.000,0.000,0.00,0.000,2.6,7.2,1.3,180,22,3.3,11.2,1.7,182,21,2.6,7.2,1.3,180,22,267,29.76,,0,0,0,69.7,71.3,70.8,0.19,0.23,0.27
BURT,2017-08-21 08:45:00 EDT,43.31699,-78.74903,315,72.6,72.6,72.6,72.3,63.1,0.000,0.000,0.00,0.000,4.0,7.9,1.8,190,18,4.5,8.7,2.0,195,15,4.0,7.9,1.8,190,18,283,29.76,,0,0,0,69.7,71.3,70.7,0.19,0.23,0.27
BURT,2017-08-21 08:50:00 EDT,43.31699,-78.74903,315,73.1,73.0,73.1,72.7,63.8,0.000,0.000,0.00,0.000,5.6,9.4,1.8,196,16,6.1,9.6,1.9,198,14,5.6,9.4,1.8,196,16,299,29.77,,0,0,0,69.8,71.3,70.8,0.19,0.23,0.27
BURT,2017-08-21 08:55:00 EDT,43.31699,-78.74903,315,73.6,73.5,73.6,72.4,64.2,0.000,0.000,0.00,0.000,5.5,10.7,2.3,200,18,6.0,12.3,2.5,203,17,5.5,10.7,2.3,200,18,314,29.77,,0,0,0,69.9,71.3,70.8,0.19,0.23,0.27
BURT,2017-08-21 09:00:00 EDT,43.31699,-78.74903,315,73.7,73.5,73.7,72.6,64.3,0.000,0.000,0.00,0.000,4.5,7.2,1.3,195,19,4.9,9.0,1.6,201,19,4.5,7.2,1.3,195,19,201,29.77,,0,0,0,69.9,71.3,70.7,0.19,0.23,0.27
BURT,2017-08-21 09:05:00 EDT,43.31699,-78.74903,315,73.3,73.4,73.3,72.8,64.1,0.000,0.000,0.00,0.000,5.3,9.8,1.4,196,16,5.8,10.1,1.6,201,14,5.3,9.8,1.4,196,16,217,29.77,,0,0,0,70.0,71.2,70.7,0.19,0.23,0.27
BURT,2017-08-21 09:10:00 EDT,43.31699,-78.74903,315,74.1,74.0,74.1,73.1,65.0,0.000,0.000,0.00,0.000,5.4,9.6,1.5,193,16,6.0,10.8,1.8,196,13,5.4,9.6,1.5,193,16,291,29.77,,0,0,0,70.0,71.2,70.7,0.18,0.23,0.27
BURT,2017-08-21 09:15:00 EDT,43.31699,-78.74903,315,74.1,74.0,74.1,71.8,64.5,0.000,0.000,0.00,0.000,6.5,10.6,1.8,200,12,7.0,11.7,1.9,202,12,6.5,10.6,1.8,200,12,228,29.77,,0,0,0,70.0,71.3,70.7,0.19,0.23,0.27
BURT,2017-08-21 09:20:00 EDT,43.31699,-78.74903,315,73.9,73.9,73.9,72.9,64.7,0.000,0.000,0.00,0.000,6.1,12.0,1.9,197,18,6.7,13.9,2.2,198,15,6.1,12.0,1.9,197,18,302,29.77,,0,0,0,70.0,71.3,70.8,0.19,0.23,0.28
BURT,2017-08-21 09:25:00 EDT,43.31699,-78.74903,315,74.8,74.6,74.8,71.8,65.1,0.000,0.000,0.00,0.000,6.3,11.0,1.9,201,20,6.7,11.7,2.1,206,18,6.3,11.0,1.9,201,20,378,29.77,,0,0,0,70.0,71.3,70.8,0.19,0.23,0.27
BURT,2017-08-21 09:30:00 EDT,43.31699,-78.74903,315,75.4,75.0,75.4,71.3,65.5,0.000,0.000,0.00,0.000,5.5,8.8,1.6,202,18,5.9,9.8,1.6,206,16,5.5,8.8,1.6,202,18,400,29.77,,0,0,0,70.0,71.2,70.8,0.19,0.23,0.27
BURT,2017-08-21 09:35:00 EDT,43.31699,-78.74903,315,75.7,75.2,75.7,70.8,65.6,0.000,0.000,0.00,0.000,5.1,9.2,1.5,215,14,5.0,9.5,1.6,219,12,5.1,9.2,1.5,215,14,354,29.77,,0,0,0,70.0,71.2,70.7,0.19,0.23,0.28
BURT,2017-08-21 09:40:00 EDT,43.31699,-78.74903,315,75.9,75.6,75.9,71.6,66.1,0.000,0.000,0.00,0.000,4.5,9.5,2.0,212,22,4.7,10.1,2.1,215,20,4.5,9.5,2.0,212,22,389,29.76,,0,0,0,70.1,71.2,70.7,0.19,0.23,0.27
BURT,2017-08-21 09:45:00 EDT,43.31699,-78.74903,315,76.4,76.0,76.4,70.5,66.1,0.000,0.000,0.00,0.000,5.0,9.4,2.0,203,18,5.4,9.5,2.1,206,17,5.0,9.4,2.0,203,18,434,29.76,,0,0,0,70.3,71.2,70.7,0.19,0.23,0.27
BURT,2017-08-21 09:50:00 EDT,43.31699,-78.74903,315,76.9,76.4,76.9,70.8,66.7,0.000,0.000,0.00,0.000,4.6,8.2,1.8,191,22,5.0,9.0,1.9,196,21,4.6,8.2,1.8,191,22,378,29.76,,0,0,0,70.3,71.2,70.7,0.19,0.23,0.28
BURT,2017-08-21 09:55:00 EDT,43.31699,-78.74903,315,76.2,75.9,76.2,70.3,65.8,0.000,0.000,0.00,0.000,4.9,8.6,1.7,191,21,5.3,9.7,1.9,195,19,4.9,8.6,1.7,191,21,291,29.76,,0,0,0,70.3,71.3,70.8,0.19,0.23,0.28
BURT,2017-08-21 10:00:00 EDT,43.31699,-78.74903,315,76.6,76.2,76.6,71.2,66.6,0.000,0.000,0.00,0.000,3.6,7.0,1.6,208,27,3.9,7.7,1.7,213,29,3.6,7.0,1.6,208,27,468,29.76,,0,0,0,70.3,71.2,70.7,0.19,0.23,0.27
BURT,2017-08-21 10:05:00 EDT,43.31699,-78.74903,315,77.1,76.4,77.1,70.5,66.8,0.000,0.000,0.00,0.000,4.0,6.6,1.6,213,18,4.2,6.8,1.5,217,18,4.0,6.6,1.6,213,18,414,29.76,,0,0,0,70.5,71.2,70.7,0.18,0.23,0.27
BURT,2017-08-21 10:10:00 EDT,43.31699,-78.74903,315,77.3,76.9,77.3,71.1,67.1,0.000,0.000,0.00,0.000,4.5,8.7,1.6,199,22,4.8,10.4,1.8,206,23,4.5,8.7,1.6,199,22,378,29.76,,0,0,0,70.7,71.2,70.7,0.19,0.23,0.27
BURT,2017-08-21 10:15:00 EDT,43.31699,-78.74903,315,76.7,76.4,76.7,71.1,66.6,0.000,0.000,0.00,0.000,5.2,9.6,1.6,193,22,5.6,10.6,1.9,198,19,5.2,9.6,1.6,193,22,221,29.75,,0,0,0,70.7,71.2,70.7,0.19,0.23,0.27
BURT,2017-08-21 10:20:00 EDT,43.31699,-78.74903,315,76.6,76.3,76.6,72.1,66.9,0.000,0.000,0.00,0.000,3.7,7.0,1.5,203,17,4.1,8.1,1.6,207,16,3.7,7.0,1.5,203,17,314,29.75,,0,0,0,70.7,71.2,70.8,0.19,0.23,0.27
BURT,2017-08-21 10:25:00 EDT,43.31699,-78.74903,315,76.8,76.4,76.8,70.8,66.6,0.000,0.000,0.00,0.000,5.3,10.7,2.2,211,24,5.6,10.9,2.1,215,23,5.3,10.7,2.2,211,24,482,29.75,,0,0,0,70.7,71.2,70.7,0.19,0.23,0.27
BURT,2017-08-21 10:30:00 EDT,43.31699,-78.74903,315,78.0,77.3,78.0,70.9,67.8,0.000,0.000,0.00,0.000,4.1,6.9,1.4,202,25,4.5,7.9,1.5,208,26,4.1,6.9,1.4,202,25,590,29.75,,0,0,0,70.8,71.2,70.7,0.19,0.23,0.27
BURT,2017-08-21 10:35:00 EDT,43.31699,-78.74903,315,78.0,77.5,78.0,69.2,67.1,0.000,0.000,0.00,0.000,5.3,8.6,1.4,214,16,5.4,9.9,1.5,219,16,5.3,8.6,1.4,214,16,482,29.75,,0,0,0,71.1,71.2,70.7,0.19,0.23,0.27
BURT,2017-08-21 10:40:00 EDT,43.31699,-78.74903,315,78.3,77.8,78.3,69.6,67.5,0.000,0.000,0.00,0.000,5.2,9.3,1.9,203,16,5.6,10.4,2.1,206,15,5.2,9.3,1.9,203,16,479,29.75,,0,0,0,71.4,71.2,70.7,0.19,0.23,0.27
BURT,2017-08-21 10:45:00 EDT,43.31699,-78.74903,315,78.6,77.9,78.6,69.3,67.7,0.000,0.000,0.00,0.000,5.6,8.3,1.2,203,18,5.8,9.5,1.4,206,16,5.6,8.3,1.2,203,18,440,29.75,,0,0,0,71.4,71.2,70.7,0.19,0.23,0.27
BURT,2017-08-21 10:50:00 EDT,43.31699,-78.74903,315,78.2,77.7,78.2,69.2,67.3,0.000,0.000,0.00,0.000,6.2,10.0,1.8,204,12,6.4,10.5,1.9,207,11,6.2,10.0,1.8,204,12,450,29.75,,0,0,0,71.4,71.2,70.7,0.19,0.23,0.28
BURT,2017-08-21 10:55:00 EDT,43.31699,-78.74903,315,79.0,78.3,79.0,69.1,68.0,0.000,0.000,0.00,0.000,4.7,8.2,1.4,207,21,4.9,10.0,1.8,212,19,4.7,8.2,1.4,207,21,593,29.75,,0,0,0,71.4,71.2,70.7,0.19,0.23,0.27
BURT,2017-08-21 11:00:00 EDT,43.31699,-78.74903,315,79.7,78.9,79.7,67.9,68.1,0.000,0.000,0.00,0.000,5.2,11.0,2.1,230,21,5.6,13.2,2.1,234,20,5.2,11.0,2.1,230,21,607,29.75,,0,0,0,71.6,71.2,70.7,0.19,0.23,0.27
BURT,2017-08-21 11:05:00 EDT,43.31699,-78.74903,315,80.0,79.2,80.0,67.7,68.3,0.000,0.000,0.00,0.000,5.7,8.5,1.7,204,19,6.0,10.1,1.8,207,19,5.7,8.5,1.7,204,19,622,29.75,,0,0,0,71.8,71.1,70.7,0.19,0.23,0.27
BURT,2017-08-21 11:10:00 EDT,43.31699,-78.74903,315,80.1,79.2,82.7,66.9,68.1,0.000,0.000,0.00,0.000,7.0,10.6,1.5,211,16,7.0,11.4,1.7,213,14,7.0,10.6,1.5,211,16,631,29.75,,0,0,0,72.2,71.1,70.7,0.19,0.23,0.27
BURT,2017-08-21 11:15:00 EDT,43.31699,-78.74903,315,80.6,79.7,83.7,67.8,69.0,0.000,0.000,0.00,0.000,5.0,9.2,1.4,200,22,5.3,9.6,1.6,205,22,5.0,9.2,1.4,200,22,640,29.75,,0,0,0,72.3,71.1,70.7,0.19,0.23,0.27
BURT,2017-08-21 11:20:00 EDT,43.31699,-78.74903,315,81.2,80.1,84.5,66.8,69.2,0.000,0.000,0.00,0.000,4.4,8.8,2.2,210,23,4.8,8.7,2.1,214,23,4.4,8.8,2.2,210,23,637,29.75,,0,0,0,72.5,71.1,70.7,0.19,0.23,0.27
BURT,2017-08-21 11:25:00 EDT,43.31699,-78.74903,315,81.0,80.0,83.8,65.0,68.1,0.000,0.000,0.00,0.000,6.8,10.7,1.7,220,17,6.9,11.2,1.8,223,17,6.8,10.7,1.7,220,17,667,29.75,,0,0,0,72.8,71.1,70.7,0.19,0.23,0.27
BURT,2017-08-21 11:30:00 EDT,43.31699,-78.74903,315,80.8,79.9,83.5,65.2,68.0,0.000,0.000,0.00,0.000,5.3,9.6,1.5,223,26,5.6,9.1,1.4,227,25,5.3,9.6,1.5,223,26,559,29.75,,0,0,0,73.0,71.1,70.7,0.19,0.23,0.27
BURT,2017-08-21 11:35:00 EDT,43.31699,-78.74903,315,80.5,79.9,83.3,66.1,68.2,0.000,0.000,0.00,0.000,5.7,10.8,2.0,215,23,6.1,11.4,2.3,219,24,5.7,10.8,2.0,215,23,433,29.75,,0,0,0,73.1,71.1,70.7,0.19,0.23,0.28
BURT,2017-08-21 11:40:00 EDT,43.31699,-78.74903,315,80.3,79.9,82.9,66.0,67.9,0.000,0.000,0.00,0.000,5.8,9.4,1.7,219,16,6.0,10.2,1.7,222,16,5.8,9.4,1.7,219,16,505,29.76,,0,0,0,73.3,71.1,70.7,0.19,0.23,0.27
BURT,2017-08-21 11:45:00 EDT,43.31699,-78.74903,315,81.4,80.5,84.7,66.0,69.0,0.000,0.000,0.00,0.000,4.8,8.9,1.7,218,20,5.0,9.3,1.7,220,19,4.8,8.9,1.7,218,20,715,29.75,,0,0,0,73.4,71.1,70.7,0.19,0.23,0.27
BURT,2017-08-21 11:50:00 EDT,43.31699,-78.74903,315,82.0,80.9,85.1,63.8,68.5,0.000,0.000,0.00,0.000,5.5,9.5,2.0,253,23,6.1,11.4,2.0,259,22,5.5,9.5,2.0,253,23,680,29.75,,0,0,0,73.6,71.1,70.7,0.19,0.23,0.27
BURT,2017-08-21 11:55:00 EDT,43.31699,-78.74903,315,81.6,80.8,84.6,64.2,68.3,0.000,0.000,0.00,0.000,4.9,9.3,2.0,246,22,5.4,11.4,2.0,252,20,4.9,9.3,2.0,246,22,574,29.75,,0,0,0,73.9,71.1,70.7,0.19,0.23,0.27
BURT,2017-08-21 12:00:00 EDT,43.31699,-78.74903,315,81.8,80.9,85.0,64.4,68.6,0.000,0.000,0.00,0.000,5.5,8.3,1.4,246,26,6.0,8.8,1.5,252,28,5.5,8.3,1.4,246,26,658,29.75,,0,0,0,73.9,71.1,70.7,0.19,0.23,0.27
BURT,2017-08-21 12:05:00 EDT,43.31699,-78.74903,315,81.8,80.8,84.8,63.8,68.3,0.000,0.000,0.00,0.000,5.6,9.9,1.8,213,13,5.7,9.8,1.9,216,14,5.6,9.9,1.8,213,13,645,29.75,,0,0,0,74.0,71.1,70.7,0.19,0.23,0.27
BURT,2017-08-21 12:10:00 EDT,43.31699,-78.74903,315,82.4,81.3,85.8,64.3,69.1,0.000,0.000,0.00,0.000,5.1,8.9,1.5,248,32,5.6,10.3,1.7,253,32,5.1,8.9,1.5,248,32,665,29.75,,0,0,0,74.3,71.1,70.7,0.19,0.23,0.27
BURT,2017-08-21 12:15:00 EDT,43.31699,-78.74903,315,82.3,81.3,85.5,62.8,68.4,0.000,0.000,0.00,0.000,5.0,7.7,1.6,238,26,5.5,8.6,1.8,246,26,5.0,7.7,1.6,238,26,665,29.75,,0,0,0,74.4,71.1,70.7,0.19,0.22,0.27
BURT,2017-08-21 12:20:00 EDT,43.31699,-78.74903,315,82.7,81.8,86.4,64.1,69.4,0.000,0.000,0.00,0.000,3.9,7.5,1.8,224,23,4.4,8.1,1.9,230,25,3.9,7.5,1.8,224,23,667,29.74,,0,0,0,74.6,71.1,70.7,0.19,0.23,0.27
BURT,2017-08-21 12:25:00 EDT,43.31699,-78.74903,315,82.4,81.5,85.4,62.1,68.1,0.000,0.000,0.00,0.000,4.7,7.7,1.4,243,28,4.8,8.5,1.4,251,29,4.7,7.7,1.4,243,28,673,29.74,,0,0,0,74.6,71.1,70.7,0.19,0.23,0.27
BURT,2017-08-21 12:30:00 EDT,43.31699,-78.74903,315,82.8,81.6,86.4,63.1,69.0,0.000,0.000,0.00,0.000,4.3,7.3,1.5,236,27,4.6,8.4,1.6,247,27,4.3,7.3,1.5,236,27,670,29.74,,0,0,0,74.6,71.1,70.7,0.19,0.23,0.27
BURT,2017-08-21 12:35:00 EDT,43.31699,-78.74903,315,81.3,80.1,84.9,68.9,70.1,0.000,0.000,0.00,0.000,5.9,10.2,1.7,308,17,6.4,10.4,1.5,315,15,5.9,10.2,1.7,308,17,674,29.74,,0,0,0,75.0,71.1,70.7,0.19,0.23,0.28
BURT,2017-08-21 12:40:00 EDT,43.31699,-78.74903,315,80.7,79.3,84.4,72.4,70.9,0.000,0.000,0.00,0.000,5.4,8.0,1.3,325,17,5.8,8.4,1.4,330,14,5.4,8.0,1.3,325,17,680,29.74,,0,0,0,75.2,71.1,70.7,0.19,0.23,0.27
BURT,2017-08-21 12:45:00 EDT,43.31699,-78.74903,315,80.5,79.1,83.9,71.1,70.3,0.000,0.000,0.00,0.000,5.5,8.4,1.3,312,17,5.9,8.6,1.4,319,16,5.5,8.4,1.3,312,17,688,29.74,,0,0,0,75.6,71.1,70.7,0.19,0.23,0.27
BURT,2017-08-21 12:50:00 EDT,43.31699,-78.74903,315,80.3,78.8,83.3,69.5,69.4,0.000,0.000,0.00,0.000,6.8,9.1,1.4,303,12,7.0,9.8,1.3,311,9,6.8,9.1,1.4,303,12,702,29.74,,0,0,0,75.7,71.2,70.7,0.19,0.23,0.27
BURT,2017-08-21 12:55:00 EDT,43.31699,-78.74903,315,80.3,78.8,83.3,69.5,69.4,0.000,0.000,0.00,0.000,7.0,9.1,1.0,313,12,7.1,9.8,1.1,319,9,7.0,9.1,1.0,313,12,710,29.74,,0,0,0,76.0,71.1,70.7,0.19,0.23,0.27
BURT,2017-08-21 13:00:00 EDT,43.31699,-78.74903,315,80.4,78.9,83.5,69.7,69.6,0.000,0.000,0.00,0.000,5.6,8.0,1.1,321,12,5.9,8.7,1.2,327,11,5.6,8.0,1.1,321,12,708,29.74,,0,0,0,76.4,71.1,70.7,0.19,0.23,0.27
BURT,2017-08-21 13:05:00 EDT,43.31699,-78.74903,315,80.6,79.3,84.0,69.9,69.9,0.000,0.000,0.00,0.000,5.8,7.7,1.2,312,11,5.9,8.3,1.1,317,9,5.8,7.7,1.2,312,11,710,29.74,,0,0,0,76.5,71.2,70.7,0.19,0.22,0.27
BURT,2017-08-21 13:10:00 EDT,43.31699,-78.74903,315,81.0,79.5,84.5,69.4,70.0,0.000,0.000,0.00,0.000,5.0,6.9,0.9,312,11,5.1,7.7,1.0,319,10,5.0,6.9,0.9,312,11,719,29.74,,0,0,0,76.8,71.1,70.7,0.19,0.23,0.27
BURT,2017-08-21 13:15:00 EDT,43.31699,-78.74903,315,81.2,80.0,84.7,68.6,69.9,0.000,0.000,0.00,0.000,4.7,7.0,1.0,318,16,5.1,7.5,1.1,325,13,4.7,7.0,1.0,318,16,721,29.74,,0,0,0,77.0,71.1,70.7,0.19,0.23,0.27
BURT,2017-08-21 13:20:00 EDT,43.31699,-78.74903,315,81.4,80.3,85.0,68.6,70.0,0.000,0.000,0.00,0.000,4.7,6.8,1.1,326,14,5.1,7.8,1.2,332,14,4.7,6.8,1.1,326,14,706,29.74,,0,0,0,77.2,71.2,70.7,0.19,0.22,0.27
BURT,2017-08-21 13:25:00 EDT,43.31699,-78.74903,315,81.9,80.8,85.8,68.3,70.4,0.000,0.000,0.00,0.000,3.8,6.6,1.2,319,18,4.1,7.3,1.4,326,16,3.8,6.6,1.2,319,18,689,29.74,,0,0,0,77.5,71.1,70.7,0.19,0.23,0.27
BURT,2017-08-21 13:30:00 EDT,43.31699,-78.74903,315,81.9,80.8,85.9,68.4,70.5,0.000,0.000,0.00,0.000,4.6,6.6,0.9,322,16,5.1,7.5,1.1,328,15,4.6,6.6,0.9,322,16,677,29.74,,0,0,0,78.0,71.2,70.7,0.19,0.23,0.27
BURT,2017-08-21 13:35:00 EDT,43.31699,-78.74903,315,81.9,80.7,85.9,68.7,70.6,0.000,0.000,0.00,0.000,4.0,6.8,1.1,309,16,4.3,7.2,1.1,317,14,4.0,6.8,1.1,309,16,643,29.73,,0,0,0,78.0,71.2,70.7,0.19,0.23,0.27
BURT,2017-08-21 13:40:00 EDT,43.31699,-78.74903,315,81.8,80.6,85.7,68.2,70.3,0.000,0.000,0.00,0.000,4.8,6.6,0.8,313,10,5.0,7.1,1.0,321,9,4.8,6.6,0.8,313,10,606,29.73,,0,0,0,78.1,71.2,70.7,0.19,0.23,0.27
BURT,2017-08-21 13:45:00 EDT,43.31699,-78.74903,315,81.3,80.3,85.0,69.3,70.3,0.000,0.000,0.00,0.000,3.8,6.1,1.0,319,14,4.2,6.8,1.0,325,12,3.8,6.1,1.0,319,14,565,29.73,,0,0,0,78.1,71.2,70.7,0.19,0.23,0.27
BURT,2017-08-21 13:50:00 EDT,43.31699,-78.74903,315,81.3,80.3,85.1,69.6,70.5,0.000,0.000,0.00,0.000,5.4,8.3,1.4,316,14,5.5,9.2,1.4,323,14,5.4,8.3,1.4,316,14,524,29.73,,0,0,0,78.4,71.2,70.7,0.19,0.23,0.27
BURT,2017-08-21 13:55:00 EDT,43.31699,-78.74903,315,80.8,80.0,84.2,69.0,69.7,0.000,0.000,0.00,0.000,6.0,8.7,1.6,319,11,6.4,9.1,1.5,325,10,6.0,8.7,1.6,319,11,475,29.73,,0,0,0,78.6,71.2,70.7,0.19,0.23,0.27
BURT,2017-08-21 14:00:00 EDT,43.31699,-78.74903,315,80.4,79.6,83.5,69.4,69.5,0.000,0.000,0.00,0.000,5.6,7.2,0.9,313,11,5.7,7.4,0.9,319,10,5.6,7.2,0.9,313,11,429,29.73,,0,0,0,78.6,71.2,70.7,0.19,0.23,0.27
BURT,2017-08-21 14:05:00 EDT,43.31699,-78.74903,315,80.2,79.4,83.4,70.6,69.8,0.000,0.000,0.00,0.000,5.4,7.1,1.0,306,11,5.5,7.9,1.2,315,9,5.4,7.1,1.0,306,11,380,29.73,,0,0,0,78.9,71.2,70.7,0.19,0.23,0.27
BURT,2017-08-21 14:10:00 EDT,43.31699,-78.74903,315,79.8,79.2,79.8,70.7,69.5,0.000,0.000,0.00,0.000,4.5,7.2,1.3,313,13,4.7,8.0,1.2,320,10,4.5,7.2,1.3,313,13,326,29.73,,0,0,0,79.1,71.2,70.7,0.19,0.23,0.27
BURT,2017-08-21 14:15:00 EDT,43.31699,-78.74903,315,79.3,78.8,79.3,71.5,69.3,0.000,0.000,0.00,0.000,5.7,8.3,1.3,307,14,5.8,8.9,1.4,315,11,5.7,8.3,1.3,307,14,279,29.73,,0,0,0,79.1,71.2,70.6,0.19,0.23,0.27
BURT,2017-08-21 14:20:00 EDT,43.31699,-78.74903,315,78.8,78.4,78.8,72.4,69.2,0.000,0.000,0.00,0.000,5.5,7.6,1.1,306,11,5.9,8.3,1.0,313,9,5.5,7.6,1.1,306,11,248,29.73,,0,0,0,79.2,71.2,70.7,0.19,0.23,0.27
BURT,2017-08-21 14:25:00 EDT,43.31699,-78.74903,315,78.4,78.2,78.4,73.0,69.1,0.000,0.000,0.00,0.000,5.3,7.8,1.1,303,11,5.5,7.8,1.2,309,11,5.3,7.8,1.1,303,11,213,29.73,,0,0,0,79.1,71.2,70.7,0.19,0.22,0.27
BURT,2017-08-21 14:30:00 EDT,43.31699,-78.74903,315,78.3,78.1,78.3,74.0,69.3,0.000,0.000,0.00,0.000,4.5,6.6,1.0,305,11,4.7,6.8,1.0,312,10,4.5,6.6,1.0,305,11,193,29.72,,0,0,0,79.2,71.2,70.7,0.19,0.23,0.27
BURT,2017-08-21 14:35:00 EDT,43.31699,-78.74903,315,78.2,78.0,78.2,74.8,69.6,0.000,0.000,0.00,0.000,3.2,5.2,0.9,299,16,3.5,5.9,0.9,305,14,3.2,5.2,0.9,299,16,185,29.73,,0,0,0,79.1,71.3,70.7,0.19,0.23,0.27
BURT,2017-08-21 14:40:00 EDT,43.31699,-78.74903,315,78.1,78.0,78.1,73.1,68.8,0.000,0.000,0.00,0.000,3.7,5.9,1.0,295,16,4.0,6.5,1.1,300,14,3.7,5.9,1.0,295,16,185,29.72,,0,0,0,79.1,71.2,70.7,0.19,0.22,0.27
BURT,2017-08-21 14:45:00 EDT,43.31699,-78.74903,315,78.1,78.0,78.1,73.0,68.8,0.000,0.000,0.00,0.000,2.9,3.9,0.5,294,13,2.9,4.9,0.7,302,13,2.9,3.9,0.5,294,13,194,29.72,,0,0,0,78.9,71.2,70.6,0.19,0.23,0.27
BURT,2017-08-21 14:50:00 EDT,43.31699,-78.74903,315,78.3,78.1,78.3,72.9,68.9,0.000,0.000,0.00,0.000,2.1,3.9,0.7,270,22,2.4,4.1,0.8,278,22,2.1,3.9,0.7,270,22,221,29.72,,0,0,0,78.6,71.2,70.7,0.19,0.23,0.27
BURT,2017-08-21 14:55:00 EDT,43.31699,-78.74903,315,78.5,78.3,78.5,71.9,68.7,0.000,0.000,0.00,0.000,2.4,3.4,0.5,263,20,2.6,4.0,0.7,271,19,2.4,3.4,0.5,263,20,251,29.72,,0,0,0,78.6,71.3,70.6,0.19,0.23,0.27
BURT,2017-08-21 15:00:00 EDT,43.31699,-78.74903,315,79.0,78.7,79.0,72.4,69.3,0.000,0.000,0.00,0.000,1.0,2.4,0.7,214,13,1.1,2.5,0.6,226,26,1.0,2.4,0.7,214,13,293,29.72,,0,0,0,78.6,71.3,70.7,0.19,0.23,0.27
BURT,2017-08-21 15:05:00 EDT,43.31699,-78.74903,315,79.3,79.0,79.3,69.5,68.5,0.000,0.000,0.00,0.000,2.5,4.1,0.6,233,14,2.5,4.5,0.8,240,14,2.5,4.1,0.6,233,14,323,29.72,,0,0,0,78.6,71.3,70.7,0.19,0.23,0.27
BURT,2017-08-21 15:10:00 EDT,43.31699,-78.74903,315,79.9,79.5,79.9,68.7,68.7,0.000,0.000,0.00,0.000,2.6,4.2,0.9,197,18,2.7,5.0,1.0,203,17,2.6,4.2,0.9,197,18,359,29.72,,0,0,0,78.6,71.2,70.7,0.19,0.23,0.27
BURT,2017-08-21 15:15:00 EDT,43.31699,-78.74903,315,80.6,80.1,83.6,67.6,68.9,0.000,0.000,0.00,0.000,2.0,3.7,0.8,193,19,2.1,4.6,0.9,198,21,2.0,3.7,0.8,193,19,390,29.71,,0,0,0,78.6,71.2,70.6,0.19,0.23,0.27
BURT,2017-08-21 15:20:00 EDT,43.31699,-78.74903,315,80.8,80.4,83.3,63.7,67.3,0.000,0.000,0.00,0.000,3.1,5.2,0.8,215,12,2.9,5.3,0.9,221,11,3.1,5.2,0.8,215,12,400,29.71,,0,0,0,78.6,71.3,70.6,0.19,0.23,0.27
BURT,2017-08-21 15:25:00 EDT,43.31699,-78.74903,315,81.2,80.8,83.8,62.3,67.1,0.000,0.000,0.00,0.000,2.8,5.3,1.0,208,18,2.7,5.9,1.1,215,16,2.8,5.3,1.0,208,18,456,29.71,,0,0,0,78.4,71.3,70.6,0.19,0.23,0.27
BURT,2017-08-21 15:30:00 EDT,43.31699,-78.74903,315,81.7,81.3,83.7,58.4,65.7,0.000,0.000,0.00,0.000,3.5,5.5,1.0,216,22,3.6,6.0,1.1,222,23,3.5,5.5,1.0,216,22,470,29.72,,0,0,0,78.5,71.3,70.7,0.19,0.23,0.27
BURT,2017-08-21 15:35:00 EDT,43.31699,-78.74903,315,81.8,81.4,83.8,57.9,65.6,0.000,0.000,0.00,0.000,3.6,5.4,0.8,234,15,3.6,5.9,1.1,242,14,3.6,5.4,0.8,234,15,460,29.71,,0,0,0,78.5,71.3,70.7,0.19,0.23,0.27
BURT,2017-08-21 15:40:00 EDT,43.31699,-78.74903,315,82.0,81.6,84.2,58.7,66.1,0.000,0.000,0.00,0.000,3.3,5.3,1.0,207,17,3.3,6.3,1.1,212,17,3.3,5.3,1.0,207,17,465,29.71,,0,0,0,78.6,71.3,70.6,0.19,0.23,0.27
BURT,2017-08-21 15:45:00 EDT,43.31699,-78.74903,315,82.6,82.1,85.1,58.6,66.7,0.000,0.000,0.00,0.000,3.4,5.0,0.8,198,18,3.4,5.7,0.9,203,18,3.4,5.0,0.8,198,18,505,29.71,,0,0,0,78.6,71.3,70.7,0.19,0.22,0.27
BURT,2017-08-21 15:50:00 EDT,43.31699,-78.74903,315,82.9,82.3,85.2,57.4,66.3,0.000,0.000,0.00,0.000,4.2,6.5,0.9,197,14,4.4,6.5,0.9,201,13,4.2,6.5,0.9,197,14,512,29.71,,0,0,0,78.6,71.3,70.7,0.19,0.23,0.27
BURT,2017-08-21 15:55:00 EDT,43.31699,-78.74903,315,83.0,82.4,85.4,57.6,66.5,0.000,0.000,0.00,0.000,3.3,5.3,0.7,194,20,3.6,6.2,0.9,200,22,3.3,5.3,0.7,194,20,521,29.71,,0,0,0,78.6,71.4,70.7,0.19,0.23,0.27
BURT,2017-08-21 16:00:00 EDT,43.31699,-78.74903,315,83.6,82.8,86.2,57.5,67.0,0.000,0.000,0.00,0.000,3.8,6.3,1.0,185,20,4.1,6.7,1.2,189,19,3.8,6.3,1.0,185,20,545,29.71,,0,0,0,78.6,71.5,70.6,0.19,0.23,0.27
BURT,2017-08-21 16:05:00 EDT,43.31699,-78.74903,315,83.7,83.0,86.3,57.0,66.9,0.000,0.000,0.00,0.000,3.5,6.8,1.4,194,19,3.8,7.7,1.4,199,18,3.5,6.8,1.4,194,19,560,29.71,,0,0,0,78.6,71.5,70.7,0.18,0.23,0.27
BURT,2017-08-21 16:10:00 EDT,43.31699,-78.74903,315,83.7,83.0,86.3,56.9,66.8,0.000,0.000,0.00,0.000,5.3,8.4,1.6,205,20,5.5,8.9,1.5,209,19,5.3,8.4,1.6,205,20,542,29.71,,0,0,0,78.6,71.6,70.7,0.19,0.23,0.27
BURT,2017-08-21 16:15:00 EDT,43.31699,-78.74903,315,83.8,83.1,87.1,59.6,68.2,0.000,0.000,0.00,0.000,4.1,7.7,1.6,189,24,4.4,8.6,1.7,194,23,4.1,7.7,1.6,189,24,549,29.71,,0,0,0,78.6,71.6,70.6,0.18,0.23,0.27
BURT,2017-08-21 16:20:00 EDT,43.31699,-78.74903,315,83.8,83.1,87.0,59.5,68.2,0.000,0.000,0.00,0.000,4.3,7.2,1.2,193,22,4.6,9.0,1.6,197,22,4.3,7.2,1.2,193,22,546,29.70,,0,0,0,78.6,71.7,70.7,0.18,0.23,0.27
BURT,2017-08-21 16:25:00 EDT,43.31699,-78.74903,315,83.5,83.0,87.0,61.1,68.7,0.000,0.000,0.00,0.000,4.8,8.4,1.4,189,24,5.3,9.8,1.7,194,20,4.8,8.4,1.4,189,24,516,29.70,,0,0,0,78.6,71.7,70.6,0.18,0.23,0.27
BURT,2017-08-21 16:30:00 EDT,43.31699,-78.74903,315,83.1,82.7,87.0,63.6,69.5,0.000,0.000,0.00,0.000,5.5,9.1,1.6,197,17,6.0,10.2,1.8,201,15,5.5,9.1,1.6,197,17,400,29.70,,0,0,0,78.6,71.7,70.7,0.19,0.23,0.27
BURT,2017-08-21 16:35:00 EDT,43.31699,-78.74903,315,83.4,82.7,87.6,64.3,70.1,0.000,0.000,0.00,0.000,6.6,12.3,1.9,199,14,7.1,12.7,2.1,200,13,6.6,12.3,1.9,199,14,495,29.70,,0,0,0,78.6,71.8,70.6,0.19,0.22,0.27
BURT,2017-08-21 16:40:00 EDT,43.31699,-78.74903,315,83.3,82.7,87.5,64.8,70.2,0.000,0.000,0.00,0.000,6.9,11.1,1.6,198,16,7.4,11.9,1.9,200,16,6.9,11.1,1.6,198,16,482,29.70,,0,0,0,78.6,71.7,70.6,0.19,0.22,0.27
BURT,2017-08-21 16:45:00 EDT,43.31699,-78.74903,315,83.4,82.8,87.8,64.9,70.4,0.000,0.000,0.00,0.000,6.2,10.1,1.8,211,16,6.6,10.5,1.7,213,15,6.2,10.1,1.8,211,16,467,29.70,,0,0,0,78.6,71.8,70.6,0.19,0.22,0.27
BURT,2017-08-21 16:50:00 EDT,43.31699,-78.74903,315,83.5,82.8,87.9,64.7,70.3,0.000,0.000,0.00,0.000,5.8,9.0,1.7,216,18,6.0,9.3,1.7,217,20,5.8,9.0,1.7,216,18,450,29.70,,0,0,0,78.6,71.8,70.6,0.19,0.22,0.27
BURT,2017-08-21 16:55:00 EDT,43.31699,-78.74903,315,83.6,83.0,88.3,65.8,70.9,0.000,0.000,0.00,0.000,5.5,9.9,1.8,206,22,5.7,11.2,2.0,211,21,5.5,9.9,1.8,206,22,429,29.70,,0,0,0,78.6,71.9,70.7,0.19,0.22,0.27
BURT,2017-08-21 17:00:00 EDT,43.31699,-78.74903,315,83.3,82.8,87.6,64.6,70.2,0.000,0.000,0.00,0.000,6.5,10.7,2.1,221,19,6.8,10.7,1.9,227,17,6.5,10.7,2.1,221,19,422,29.70,,0,0,0,78.6,71.9,70.7,0.19,0.22,0.27
BURT,2017-08-21 17:05:00 EDT,43.31699,-78.74903,315,83.5,83.0,88.2,65.3,70.7,0.000,0.000,0.00,0.000,4.2,9.1,1.7,210,22,4.6,9.3,1.8,214,23,4.2,9.1,1.7,210,22,411,29.70,,0,0,0,78.6,72.0,70.7,0.19,0.22,0.27
BURT,2017-08-21 17:10:00 EDT,43.31699,-78.74903,315,83.4,82.8,87.5,64.0,69.9,0.000,0.000,0.00,0.000,5.1,9.2,2.1,221,17,5.1,10.1,2.1,225,18,5.1,9.2,2.1,221,17,403,29.70,,0,0,0,78.6,71.8,70.7,0.19,0.22,0.27
BURT,2017-08-21 17:15:00 EDT,43.31699,-78.74903,315,83.4,83.0,87.8,64.6,70.3,0.000,0.000,0.00,0.000,4.3,6.4,1.1,194,24,4.6,7.7,1.3,199,24,4.3,6.4,1.1,194,24,394,29.70,,0,0,0,78.6,72.0,70.7,0.19,0.22,0.27
BURT,2017-08-21 17:20:00 EDT,43.31699,-78.74903,315,83.3,82.9,87.4,64.1,69.9,0.000,0.000,0.00,0.000,4.4,7.1,1.3,211,22,4.6,8.7,1.6,216,23,4.4,7.1,1.3,211,22,379,29.69,,0,0,0,78.6,72.0,70.7,0.19,0.22,0.27
BURT,2017-08-21 17:25:00 EDT,43.31699,-78.74903,315,83.1,82.7,87.2,64.4,69.9,0.000,0.000,0.00,0.000,5.6,8.2,1.2,198,16,6.0,9.5,1.4,203,14,5.6,8.2,1.2,198,16,367,29.69,,0,0,0,78.6,72.1,70.7,0.19,0.22,0.27
BURT,2017-08-21 17:30:00 EDT,43.31699,-78.74903,315,83.0,82.7,87.1,65.1,70.0,0.000,0.000,0.00,0.000,5.4,9.2,1.8,198,14,5.7,10.5,2.0,202,12,5.4,9.2,1.8,198,14,347,29.69,,0,0,0,78.5,72.1,70.7,0.18,0.22,0.27
BURT,2017-08-21 17:35:00 EDT,43.31699,-78.74903,315,83.0,82.7,87.2,65.3,70.2,0.000,0.000,0.00,0.000,5.8,9.5,1.8,197,16,6.3,10.7,1.8,200,17,5.8,9.5,1.8,197,16,342,29.70,,0,0,0,78.4,72.0,70.7,0.18,0.22,0.27
BURT,2017-08-21 17:40:00 EDT,43.31699,-78.74903,315,83.0,82.7,87.0,65.1,70.0,0.000,0.000,0.00,0.000,6.0,10.7,2.2,191,18,6.7,13.5,2.7,194,16,6.0,10.7,2.2,191,18,323,29.70,,0,0,0,78.4,72.1,70.7,0.18,0.22,0.27
BURT,2017-08-21 17:45:00 EDT,43.31699,-78.74903,315,82.8,82.6,86.8,64.9,69.8,0.000,0.000,0.00,0.000,4.6,8.1,1.4,195,19,5.0,8.1,1.5,199,18,4.6,8.1,1.4,195,19,313,29.69,,0,0,0,78.3,72.0,70.7,0.18,0.22,0.27
BURT,2017-08-21 17:50:00 EDT,43.31699,-78.74903,315,82.9,82.7,86.9,64.8,69.9,0.000,0.000,0.00,0.000,4.5,7.6,1.4,193,22,4.9,8.7,1.5,200,19,4.5,7.6,1.4,193,22,303,29.69,,0,0,0,78.3,72.1,70.7,0.18,0.22,0.27
BURT,2017-08-21 17:55:00 EDT,43.31699,-78.74903,315,82.9,82.7,86.9,64.7,69.8,0.000,0.000,0.00,0.000,5.5,8.3,1.6,192,17,5.8,9.1,1.6,196,17,5.5,8.3,1.6,192,17,288,29.69,,0,0,0,78.2,72.1,70.7,0.18,0.22,0.27
BURT,2017-08-21 18:00:00 EDT,43.31699,-78.74903,315,82.7,82.6,86.3,63.8,69.2,0.000,0.000,0.00,0.000,4.4,7.6,1.3,193,17,4.8,8.7,1.5,197,15,4.4,7.6,1.3,193,17,262,29.69,,0,0,0,78.1,72.1,70.7,0.18,0.22,0.27
BURT,2017-08-21 18:05:00 EDT,43.31699,-78.74903,315,82.3,82.5,85.5,63.1,68.5,0.000,0.000,0.00,0.000,6.4,10.4,1.6,201,15,6.9,10.7,1.6,204,14,6.4,10.4,1.6,201,15,195,29.69,,0,0,0,78.1,72.2,70.7,0.18,0.22,0.27
BURT,2017-08-21 18:10:00 EDT,43.31699,-78.74903,315,82.1,82.3,85.1,63.2,68.3,0.000,0.000,0.00,0.000,5.3,8.4,1.4,198,16,5.8,10.4,1.6,201,15,5.3,8.4,1.4,198,16,224,29.69,,0,0,0,78.1,72.1,70.7,0.18,0.22,0.27
BURT,2017-08-21 18:15:00 EDT,43.31699,-78.74903,315,81.9,82.1,84.7,62.4,67.7,0.000,0.000,0.00,0.000,4.8,8.2,1.2,195,17,5.3,9.6,1.3,199,17,4.8,8.2,1.2,195,17,177,29.68,,0,0,0,78.1,72.2,70.7,0.19,0.22,0.27
BURT,2017-08-21 18:20:00 EDT,43.31699,-78.74903,315,81.8,82.0,84.6,62.5,67.8,0.000,0.000,0.00,0.000,4.7,9.4,1.8,192,19,5.2,10.6,2.1,193,17,4.7,9.4,1.8,192,19,200,29.68,,0,0,0,78.1,72.3,70.7,0.18,0.22,0.27
BURT,2017-08-21 18:25:00 EDT,43.31699,-78.74903,315,81.7,82.0,84.3,62.0,67.4,0.000,0.000,0.00,0.000,5.1,9.1,1.8,195,17,5.7,11.7,1.9,198,14,5.1,9.1,1.8,195,17,172,29.68,,0,0,0,78.1,72.3,70.7,0.19,0.22,0.27
BURT,2017-08-21 18:30:00 EDT,43.31699,-78.74903,315,81.4,81.7,84.0,62.8,67.5,0.000,0.000,0.00,0.000,4.4,7.2,1.1,193,19,4.8,9.6,1.3,199,17,4.4,7.2,1.1,193,19,136,29.68,,0,0,0,78.1,72.2,70.7,0.19,0.22,0.27
BURT,2017-08-21 18:35:00 EDT,43.31699,-78.74903,315,81.0,81.4,83.8,64.7,68.0,0.000,0.000,0.00,0.000,3.2,5.7,1.0,197,15,3.4,6.8,1.2,202,14,3.2,5.7,1.0,197,15,135,29.68,,0,0,0,78.1,72.2,70.7,0.19,0.22,0.27
BURT,2017-08-21 18:40:00 EDT,43.31699,-78.74903,315,80.8,81.2,83.6,66.0,68.3,0.000,0.000,0.00,0.000,3.2,5.2,0.8,190,18,3.5,6.0,1.0,194,17,3.2,5.2,0.8,190,18,101,29.68,,0,0,0,78.0,72.2,70.7,0.19,0.22,0.27
BURT,2017-08-21 18:45:00 EDT,43.31699,-78.74903,315,80.6,81.1,83.3,65.9,68.1,0.000,0.000,0.00,0.000,4.2,6.6,1.0,203,17,4.6,8.0,1.3,207,15,4.2,6.6,1.0,203,17,106,29.68,,0,0,0,78.0,72.3,70.7,0.19,0.22,0.27
BURT,2017-08-21 18:50:00 EDT,43.31699,-78.74903,315,80.5,81.1,83.2,65.8,68.1,0.000,0.000,0.00,0.000,4.5,7.6,1.1,195,11,4.9,8.0,1.3,198,10,4.5,7.6,1.1,195,11,123,29.69,,0,0,0,78.0,72.3,70.7,0.18,0.22,0.27
BURT,2017-08-21 18:55:00 EDT,43.31699,-78.74903,315,80.4,80.8,83.2,66.9,68.4,0.000,0.000,0.00,0.000,4.1,8.0,1.5,190,14,4.5,9.8,1.7,196,13,4.1,8.0,1.5,190,14,103,29.68,,0,0,0,78.1,72.4,70.7,0.19,0.22,0.27
BURT,2017-08-21 19:00:00 EDT,43.31699,-78.74903,315,80.2,80.7,82.9,67.5,68.4,0.000,0.000,0.00,0.000,3.4,5.1,0.8,189,15,3.6,6.2,1.1,193,15,3.4,5.1,0.8,189,15,103,29.68,,0,0,0,78.0,72.3,70.7,0.19,0.22,0.27
BURT,2017-08-21 19:05:00 EDT,43.31699,-78.74903,315,80.1,80.6,82.8,67.2,68.2,0.000,0.000,0.00,0.000,4.2,6.9,1.1,193,11,4.5,7.2,1.2,197,10,4.2,6.9,1.1,193,11,83,29.69,,0,0,0,77.8,72.4,70.7,0.18,0.22,0.27
BURT,2017-08-21 19:10:00 EDT,43.31699,-78.74903,315,79.7,80.3,79.7,68.3,68.3,0.000,0.000,0.00,0.000,3.4,5.6,0.8,192,14,3.7,6.1,1.0,197,13,3.4,5.6,0.8,192,14,71,29.69,,0,0,0,77.5,72.5,70.7,0.18,0.22,0.27
BURT,2017-08-21 19:15:00 EDT,43.31699,-78.74903,315,79.3,80.1,79.3,69.4,68.4,0.000,0.000,0.00,0.000,2.9,5.4,1.1,189,13,3.1,6.1,1.2,194,13,2.9,5.4,1.1,189,13,58,29.69,,0,0,0,77.2,72.5,70.7,0.18,0.22,0.27
BURT,2017-08-21 19:20:00 EDT,43.31699,-78.74903,315,79.1,79.9,79.1,69.7,68.3,0.000,0.000,0.00,0.000,3.4,6.1,1.3,193,16,3.8,6.9,1.3,197,15,3.4,6.1,1.3,193,16,46,29.69,,0,0,0,77.2,72.5,70.7,0.18,0.22,0.27
BURT,2017-08-21 19:25:00 EDT,43.31699,-78.74903,315,78.9,79.6,78.9,69.6,68.1,0.000,0.000,0.00,0.000,3.6,6.2,1.0,191,17,4.0,6.8,1.2,196,14,3.6,6.2,1.0,191,17,28,29.69,,0,0,0,77.2,72.5,70.7,0.18,0.22,0.27
BURT,2017-08-21 19:30:00 EDT,43.31699,-78.74903,315,78.4,79.3,78.4,70.0,67.9,0.000,0.000,0.00,0.000,4.2,8.3,1.5,194,19,4.5,9.1,1.8,196,18,4.2,8.3,1.5,194,19,22,29.69,,0,0,0,77.2,72.5,70.7,0.18,0.22,0.27
BURT,2017-08-21 19:35:00 EDT,43.31699,-78.74903,315,78.4,79.3,78.4,69.5,67.6,0.000,0.000,0.00,0.000,4.4,7.7,1.4,191,19,4.7,9.1,1.6,195,14,4.4,7.7,1.4,191,19,20,29.69,,0,0,0,77.2,72.6,70.7,0.18,0.22,0.27
BURT,2017-08-21 19:40:00 EDT,43.31699,-78.74903,315,78.3,79.0,78.3,69.2,67.3,0.000,0.000,0.00,0.000,4.0,7.2,1.5,188,16,4.5,8.3,1.6,193,16,4.0,7.2,1.5,188,16,23,29.69,,0,0,0,77.2,72.6,70.7,0.18,0.22,0.27
BURT,2017-08-21 19:45:00 EDT,43.31699,-78.74903,315,78.0,78.6,78.0,69.8,67.3,0.000,0.000,0.00,0.000,2.6,6.9,1.3,181,22,2.9,8.2,1.5,187,26,2.6,6.9,1.3,181,22,23,29.69,,0,0,0,77.1,72.6,70.7,0.18,0.22,0.27
BURT,2017-08-21 19:50:00 EDT,43.31699,-78.74903,315,77.7,78.5,77.7,69.9,67.1,0.000,0.000,0.00,0.000,4.8,8.1,1.4,189,15,5.3,9.3,1.8,193,13,4.8,8.1,1.4,189,15,19,29.69,,0,0,0,77.0,72.6,70.7,0.18,0.22,0.27
BURT,2017-08-21 19:55:00 EDT,43.31699,-78.74903,315,77.8,78.6,77.8,69.6,67.0,0.000,0.000,0.00,0.000,6.1,10.3,1.5,194,15,6.5,11.9,1.8,197,12,6.1,10.3,1.5,194,15,14,29.68,,0,0,0,76.8,72.7,70.7,0.18,0.22,0.27
BURT,2017-08-21 20:00:00 EDT,43.31699,-78.74903,315,77.7,78.4,77.7,69.0,66.7,0.000,0.000,0.00,0.000,6.2,10.7,2.1,191,17,6.8,11.0,2.3,194,12,6.2,10.7,2.1,191,17,10,29.68,,0,0,0,76.8,72.6,70.7,0.18,0.22,0.27
BURT,2017-08-21 20:05:00 EDT,43.31699,-78.74903,315,77.6,78.2,77.6,68.3,66.3,0.000,0.000,0.00,0.000,5.6,8.6,1.3,193,16,6.1,10.2,1.5,196,15,5.6,8.6,1.3,193,16,6,29.68,,0,0,0,76.8,72.7,70.7,0.18,0.22,0.27
BURT,2017-08-21 20:10:00 EDT,43.31699,-78.74903,315,77.0,77.6,77.0,69.5,66.3,0.000,0.000,0.00,0.000,2.3,6.0,1.2,187,18,2.5,8.4,1.7,195,17,2.3,6.0,1.2,187,18,3,29.68,,0,0,0,76.8,72.6,70.7,0.18,0.22,0.27
BURT,2017-08-21 20:15:00 EDT,43.31699,-78.74903,315,76.3,77.3,76.3,71.2,66.3,0.000,0.000,0.00,0.000,2.8,6.5,1.3,189,18,3.1,6.4,1.3,195,18,2.8,6.5,1.3,189,18,1,29.68,,0,0,0,76.7,72.7,70.7,0.19,0.22,0.27
BURT,2017-08-21 20:20:00 EDT,43.31699,-78.74903,315,75.8,77.0,75.8,72.7,66.4,0.000,0.000,0.00,0.000,2.6,5.5,1.0,183,22,2.8,7.5,1.2,189,20,2.6,5.5,1.0,183,22,1,29.68,,0,0,0,76.5,72.7,70.7,0.18,0.22,0.27
BURT,2017-08-21 20:25:00 EDT,43.31699,-78.74903,315,75.8,77.0,75.8,73.6,66.7,0.000,0.000,0.00,0.000,3.9,6.4,1.2,191,18,4.4,7.4,1.3,195,16,3.9,6.4,1.2,191,18,0,29.68,,0,0,0,76.5,72.7,70.7,0.18,0.23,0.27
BURT,2017-08-21 20:30:00 EDT,43.31699,-78.74903,315,75.8,77.0,75.8,73.7,66.8,0.000,0.000,0.00,0.000,4.2,6.6,1.2,191,15,4.6,8.1,1.3,195,13,4.2,6.6,1.2,191,15,0,29.68,,0,0,0,76.4,72.7,70.7,0.18,0.22,0.27
BURT,2017-08-21 20:35:00 EDT,43.31699,-78.74903,315,75.1,76.5,75.1,74.8,66.6,0.000,0.000,0.00,0.000,2.7,4.9,0.9,171,19,3.0,6.4,1.1,177,18,2.7,4.9,0.9,171,19,0,29.68,,0,0,0,76.4,72.7,70.7,0.18,0.22,0.27
BURT,2017-08-21 20:40:00 EDT,43.31699,-78.74903,315,73.9,76.1,73.9,76.6,66.1,0.000,0.000,0.00,0.000,2.7,4.5,0.7,177,21,3.0,5.1,0.9,182,19,2.7,4.5,0.7,177,21,0,29.68,,0,0,0,76.4,72.7,70.7,0.18,0.22,0.27
BURT,2017-08-21 20:45:00 EDT,43.31699,-78.74903,315,73.8,75.8,73.8,78.9,66.8,0.000,0.000,0.00,0.000,2.6,4.7,0.9,166,16,2.8,5.6,1.0,170,18,2.6,4.7,0.9,166,16,0,29.68,,0,0,0,76.4,72.7,70.7,0.18,0.22,0.27
BURT,2017-08-21 20:50:00 EDT,43.31699,-78.74903,315,73.5,75.5,73.5,80.1,67.0,0.000,0.000,0.00,0.000,2.1,4.7,0.8,161,19,2.3,5.4,0.9,167,23,2.1,4.7,0.8,161,19,0,29.68,,0,0,0,76.3,72.7,70.7,0.18,0.22,0.27
BURT,2017-08-21 20:55:00 EDT,43.31699,-78.74903,315,73.2,75.3,73.2,80.7,66.9,0.000,0.000,0.00,0.000,2.5,4.8,0.7,163,17,2.8,5.5,0.8,167,18,2.5,4.8,0.7,163,17,0,29.68,,0,0,0,76.0,72.8,70.7,0.18,0.22,0.27
BURT,2017-08-21 21:00:00 EDT,43.31699,-78.74903,315,73.1,75.0,73.1,81.3,67.0,0.000,0.000,0.00,0.000,2.7,5.3,1.0,163,22,2.8,5.8,1.0,164,22,2.7,5.3,1.0,163,22,0,29.67,,0,0,0,75.9,72.8,70.7,0.18,0.22,0.27
BURT,2017-08-21 21:05:00 EDT,43.31699,-78.74903,315,73.5,74.9,73.5,81.4,67.5,0.000,0.000,0.00,0.000,2.5,5.1,0.9,169,22,2.6,5.1,1.0,176,20,2.5,5.1,0.9,169,22,0,29.67,,0,0,0,75.9,72.7,70.7,0.18,0.22,0.27
BURT,2017-08-21 21:10:00 EDT,43.31699,-78.74903,315,73.4,74.9,73.4,81.4,67.3,0.000,0.000,0.00,0.000,1.8,4.8,1.1,163,21,2.1,5.6,1.1,167,27,1.8,4.8,1.1,163,21,0,29.67,,0,0,0,75.8,72.8,70.8,0.18,0.22,0.27
BURT,2017-08-21 21:15:00 EDT,43.31699,-78.74903,315,73.1,74.7,73.1,81.8,67.3,0.000,0.000,0.00,0.000,2.2,4.5,0.8,153,19,2.3,5.5,0.9,154,21,2.2,4.5,0.8,153,19,0,29.68,,0,0,0,75.6,72.8,70.8,0.18,0.22,0.27
BURT,2017-08-21 21:20:00 EDT,43.31699,-78.74903,315,72.6,74.5,72.6,82.7,67.1,0.000,0.000,0.00,0.000,2.1,3.9,0.7,147,20,2.3,6.0,0.9,151,22,2.1,3.9,0.7,147,20,0,29.68,,0,0,0,75.6,72.7,70.8,0.18,0.22,0.27
BURT,2017-08-21 21:25:00 EDT,43.31699,-78.74903,315,72.5,74.2,72.5,83.6,67.2,0.000,0.000,0.00,0.000,2.5,4.7,0.6,147,15,2.5,5.3,0.7,148,15,2.5,4.7,0.6,147,15,0,29.67,,0,0,0,75.6,72.8,70.8,0.19,0.23,0.27
BURT,2017-08-21 21:30:00 EDT,43.31699,-78.74903,315,72.0,74.1,72.0,84.4,67.1,0.000,0.000,0.00,0.000,2.3,3.6,0.5,159,20,2.5,4.6,0.7,162,18,2.3,3.6,0.5,159,20,0,29.67,,0,0,0,75.6,72.8,70.8,0.18,0.22,0.27
BURT,2017-08-21 21:35:00 EDT,43.31699,-78.74903,315,72.4,74.0,72.4,84.6,67.5,0.000,0.000,0.00,0.000,2.7,5.0,0.9,166,19,2.9,6.7,1.2,169,22,2.7,5.0,0.9,166,19,0,29.67,,0,0,0,75.6,72.8,70.8,0.18,0.22,0.27
BURT,2017-08-21 21:40:00 EDT,43.31699,-78.74903,315,72.3,73.9,72.3,84.5,67.3,0.000,0.000,0.00,0.000,2.2,4.2,0.9,150,20,2.4,6.3,1.2,155,22,2.2,4.2,0.9,150,20,0,29.67,,0,0,0,75.5,72.8,70.8,0.18,0.22,0.27
BURT,2017-08-21 21:45:00 EDT,43.31699,-78.74903,315,72.3,73.9,72.3,84.8,67.4,0.000,0.000,0.00,0.000,2.7,5.6,1.2,156,22,2.9,6.4,1.3,159,23,2.7,5.6,1.2,156,22,0,29.67,,0,0,0,75.5,72.8,70.9,0.18,0.22,0.27
BURT,2017-08-21 21:50:00 EDT,43.31699,-78.74903,315,72.1,73.7,72.1,84.7,67.2,0.000,0.000,0.00,0.000,2.4,5.2,0.8,167,21,2.6,5.7,1.1,173,22,2.4,5.2,0.8,167,21,0,29.67,,0,0,0,75.2,72.8,70.8,0.18,0.22,0.27
BURT,2017-08-21 21:55:00 EDT,43.31699,-78.74903,315,71.9,73.4,71.9,85.4,67.3,0.000,0.000,0.00,0.000,2.6,8.0,1.4,172,21,2.9,8.8,1.4,178,20,2.6,8.0,1.4,172,21,0,29.67,,0,0,0,75.0,72.8,70.9,0.18,0.22,0.27
BURT,2017-08-21 22:00:00 EDT,43.31699,-78.74903,315,72.3,73.4,72.3,85.5,67.6,0.000,0.000,0.00,0.000,2.1,4.6,0.9,168,29,2.3,5.4,0.9,173,30,2.1,4.6,0.9,168,29,0,29.67,,0,0,0,75.0,72.8,70.8,0.18,0.22,0.27
BURT,2017-08-21 22:05:00 EDT,43.31699,-78.74903,315,71.9,73.3,71.9,85.7,67.4,0.000,0.000,0.00,0.000,2.3,4.9,1.1,162,22,2.5,6.3,1.3,165,23,2.3,4.9,1.1,162,22,0,29.67,,0,0,0,75.0,72.8,70.9,0.18,0.22,0.27
BURT,2017-08-21 22:10:00 EDT,43.31699,-78.74903,315,71.9,73.4,71.9,86.1,67.5,0.000,0.000,0.00,0.000,2.4,5.3,0.9,154,20,2.7,6.6,1.1,158,23,2.4,5.3,0.9,154,20,0,29.67,,0,0,0,75.0,72.8,70.9,0.18,0.22,0.27
BURT,2017-08-21 22:15:00 EDT,43.31699,-78.74903,315,72.4,73.6,72.4,85.6,67.8,0.000,0.000,0.00,0.000,3.8,6.8,1.0,153,16,4.1,7.0,1.2,156,15,3.8,6.8,1.0,153,16,0,29.67,,0,0,0,74.8,72.9,70.9,0.18,0.22,0.27
BURT,2017-08-21 22:20:00 EDT,43.31699,-78.74903,315,71.8,73.3,71.8,85.3,67.2,0.000,0.000,0.00,0.000,2.3,4.2,0.7,152,20,2.4,4.6,0.8,155,21,2.3,4.2,0.7,152,20,0,29.67,,0,0,0,74.7,72.7,71.0,0.18,0.22,0.27
BURT,2017-08-21 22:25:00 EDT,43.31699,-78.74903,315,71.7,73.0,71.7,86.1,67.3,0.000,0.000,0.00,0.000,2.6,5.6,0.9,156,22,2.9,6.0,1.0,159,21,2.6,5.6,0.9,156,22,0,29.67,,0,0,0,74.7,72.8,70.9,0.18,0.22,0.27
BURT,2017-08-21 22:30:00 EDT,43.31699,-78.74903,315,71.8,73.3,71.8,86.3,67.5,0.000,0.000,0.00,0.000,3.0,6.3,1.1,161,21,3.1,7.0,1.3,164,22,3.0,6.3,1.1,161,21,0,29.67,,0,0,0,74.6,72.9,71.0,0.18,0.22,0.27
BURT,2017-08-21 22:35:00 EDT,43.31699,-78.74903,315,71.8,73.1,71.8,86.4,67.6,0.000,0.000,0.00,0.000,3.0,5.0,0.8,155,22,3.4,8.1,1.2,158,22,3.0,5.0,0.8,155,22,0,29.66,,0,0,0,74.6,72.9,70.9,0.18,0.22,0.27
BURT,2017-08-21 22:40:00 EDT,43.31699,-78.74903,315,71.5,72.9,71.5,85.9,67.0,0.000,0.000,0.00,0.000,2.9,7.5,1.3,165,26,3.1,8.9,1.4,169,23,2.9,7.5,1.3,165,26,0,29.66,,0,0,0,74.6,72.8,71.0,0.18,0.22,0.27
BURT,2017-08-21 22:45:00 EDT,43.31699,-78.74903,315,71.6,72.8,71.6,86.6,67.5,0.000,0.000,0.00,0.000,2.4,6.4,1.1,163,23,2.8,8.1,1.4,167,22,2.4,6.4,1.1,163,23,0,29.66,,0,0,0,74.6,72.8,71.0,0.18,0.22,0.27
BURT,2017-08-21 22:50:00 EDT,43.31699,-78.74903,315,71.3,72.6,71.3,87.0,67.2,0.000,0.000,0.00,0.000,2.7,4.9,1.0,161,20,3.1,6.1,1.2,165,20,2.7,4.9,1.0,161,20,0,29.66,,0,0,0,74.6,72.8,70.9,0.18,0.22,0.27
BURT,2017-08-21 22:55:00 EDT,43.31699,-78.74903,315,71.3,72.7,71.3,87.3,67.4,0.000,0.000,0.00,0.000,2.9,6.6,1.2,161,22,3.5,8.2,1.5,165,19,2.9,6.6,1.2,161,22,0,29.66,,0,0,0,74.6,72.9,71.0,0.18,0.22,0.27
BURT,2017-08-21 23:00:00 EDT,43.31699,-78.74903,315,71.3,72.6,71.3,87.6,67.4,0.000,0.000,0.00,0.000,2.3,5.1,1.1,152,22,2.4,5.2,1.1,155,22,2.3,5.1,1.1,152,22,0,29.66,,0,0,0,74.6,72.9,71.0,0.18,0.22,0.27
BURT,2017-08-21 23:05:00 EDT,43.31699,-78.74903,315,70.8,72.3,70.8,88.2,67.1,0.000,0.000,0.00,0.000,3.4,6.9,1.0,150,18,3.7,7.4,1.2,154,18,3.4,6.9,1.0,150,18,0,29.66,,0,0,0,74.6,72.9,71.0,0.18,0.22,0.27
BURT,2017-08-21 23:10:00 EDT,43.31699,-78.74903,315,70.8,72.0,70.8,89.0,67.4,0.000,0.000,0.00,0.000,3.7,6.8,0.9,145,17,4.0,7.2,1.0,148,16,3.7,6.8,0.9,145,17,0,29.65,,0,0,0,74.5,72.8,71.0,0.18,0.22,0.27
BURT,2017-08-21 23:15:00 EDT,43.31699,-78.74903,315,70.7,71.9,70.7,89.4,67.4,0.000,0.000,0.00,0.000,4.5,7.6,1.2,151,14,4.9,8.7,1.5,155,13,4.5,7.6,1.2,151,14,0,29.65,,0,0,0,74.4,72.9,71.0,0.18,0.22,0.27
BURT,2017-08-21 23:20:00 EDT,43.31699,-78.74903,315,70.5,71.7,70.5,89.8,67.4,0.000,0.000,0.00,0.000,4.2,6.4,0.9,148,14,4.3,7.8,1.3,151,12,4.2,6.4,0.9,148,14,0,29.65,,0,0,0,74.3,72.8,71.0,0.18,0.22,0.27
BURT,2017-08-21 23:25:00 EDT,43.31699,-78.74903,315,70.4,71.5,70.4,90.2,67.4,0.000,0.000,0.00,0.000,3.5,5.1,0.8,150,15,3.7,5.8,1.0,153,14,3.5,5.1,0.8,150,15,0,29.66,,0,0,0,74.3,72.8,71.0,0.18,0.22,0.27
BURT,2017-08-21 23:30:00 EDT,43.31699,-78.74903,315,70.4,71.4,70.4,90.1,67.3,0.000,0.000,0.00,0.000,3.9,5.3,0.8,143,14,3.8,5.7,1.1,146,14,3.9,5.3,0.8,143,14,0,29.65,,0,0,0,74.2,72.9,71.0,0.18,0.22,0.27
BURT,2017-08-21 23:35:00 EDT,43.31699,-78.74903,315,70.1,71.3,70.1,90.0,67.0,0.000,0.000,0.00,0.000,3.3,5.0,0.8,147,15,3.5,5.6,1.0,150,14,3.3,5.0,0.8,147,15,0,29.65,,0,0,0,74.0,72.8,71.0,0.18,0.22,0.27
BURT,2017-08-21 23:40:00 EDT,43.31699,-78.74903,315,69.9,71.1,69.9,90.5,67.0,0.000,0.000,0.00,0.000,3.2,5.2,0.7,151,16,3.4,6.6,0.9,155,16,3.2,5.2,0.7,151,16,0,29.65,,0,0,0,74.0,72.8,71.1,0.18,0.22,0.27
BURT,2017-08-21 23:45:00 EDT,43.31699,-78.74903,315,69.9,71.2,69.9,90.8,67.1,0.000,0.000,0.00,0.000,3.4,6.8,1.0,146,19,3.6,6.7,1.1,147,17,3.4,6.8,1.0,146,19,0,29.65,,0,0,0,74.0,72.9,71.1,0.18,0.22,0.27
BURT,2017-08-21 23:50:00 EDT,43.31699,-78.74903,315,69.9,71.4,69.9,90.4,66.9,0.000,0.000,0.00,0.000,3.6,5.5,0.8,142,14,3.8,5.8,0.9,144,13,3.6,5.5,0.8,142,14,0,29.65,,0,0,0,73.9,72.8,71.1,0.18,0.22,0.27
BURT,2017-08-21 23:55:00 EDT,43.31699,-78.74903,315,69.6,71.1,69.6,90.9,66.8,0.000,0.000,0.00,0.000,3.1,5.2,0.9,138,13,3.1,5.4,1.1,140,13,3.1,5.2,0.9,138,13,0,29.64,,0,0,0,73.9,72.8,71.1,0.18,0.22,0.27
CAMD,2017-08-21 00:00:00 EDT,43.33985,-75.74299,493,60.9,61.8,60.9,98.1,60.3,0.000,0.050,0.00,0.000,0.4,0.9,0.4,103,37,0.7,1.4,0.5,89,40,0.4,0.9,0.4,103,37,0,29.61,,0,0,0,70.3,70.8,70.0,0.21,0.16,0.29
CAMD,2017-08-21 00:05:00 EDT,43.33985,-75.74299,493,61.4,62.0,61.4,98.3,60.9,0.000,0.000,0.00,0.000,0.4,0.8,0.3,24,4,0.7,1.3,0.4,25,11,0.4,0.8,0.3,24,4,0,29.61,,0,0,0,70.2,70.8,69.9,0.21,0.16,0.29
CAMD,2017-08-21 00:10:00 EDT,43.33985,-75.74299,493,61.6,62.0,61.6,98.3,61.1,0.000,0.000,0.00,0.000,0.4,0.8,0.3,57,17,0.7,1.3,0.4,72,19,0.4,0.8,0.3,57,17,0,29.61,,0,0,0,70.0,70.8,69.9,0.21,0.17,0.29
CAMD,2017-08-21 00:15:00 EDT,43.33985,-75.74299,493,61.6,61.9,61.6,98.3,61.1,0.000,0.000,0.00,0.000,0.5,0.9,0.3,131,13,0.7,1.2,0.4,143,11,0.5,0.9,0.3,131,13,0,29.61,,0,0,0,70.0,70.8,69.9,0.21,0.16,0.29
CAMD,2017-08-21 00:20:00 EDT,43.33985,-75.74299,493,61.7,62.0,61.7,98.3,61.2,0.000,0.000,0.00,0.000,0.0,0.0,0.0,0,0,0.0,0.7,0.1,105,0,0.0,0.0,0.0,0,0,0,29.61,,0,0,0,70.0,70.8,69.9,0.21,0.16,0.29
CAMD,2017-08-21 00:25:00 EDT,43.33985,-75.74299,493,61.9,62.2,61.9,98.3,61.4,0.000,0.000,0.00,0.000,0.0,0.0,0.0,0,0,0.0,0.7,0.1,94,0,0.0,0.0,0.0,0,0,0,29.61,,0,0,0,70.0,70.7,69.9,0.21,0.16,0.29
CAMD,2017-08-21 00:30:00 EDT,43.33985,-75.74299,493,62.0,62.2,62.0,98.3,61.5,0.000,0.000,0.00,0.000,0.3,0.7,0.3,202,4,0.5,1.1,0.5,199,9,0.3,0.7,0.3,202,4,0,29.61,,0,0,0,70.0,70.8,69.9,0.21,0.16,0.29
CAMD,2017-08-21 00:35:00 EDT,43.33985,-75.74299,493,62.2,62.4,62.2,98.2,61.7,0.000,0.000,0.00,0.000,0.2,0.7,0.2,184,2,0.5,1.1,0.4,178,6,0.2,0.7,0.2,184,2,0,29.61,,0,0,0,70.0,70.8,69.9,0.21,0.16,0.29
CAMD,2017-08-21 00:40:00 EDT,43.33985,-75.74299,493,62.2,62.6,62.2,98.2,61.7,0.000,0.000,0.00,0.000,0.0,0.0,0.0,0,0,0.0,0.0,0.0,0,0,0.0,0.0,0.0,0,0,0,29.61,,0,0,0,70.0,70.7,69.9,0.21,0.16,0.29
CAMD,2017-08-21 00:45:00 EDT,43.33985,-75.74299,493,62.3,62.7,62.3,98.1,61.8,0.000,0.000,0.00,0.000,0.0,0.0,0.0,0,0,0.1,0.8,0.2,319,1,0.0,0.0,0.0,0,0,0,29.61,,0,0,0,70.0,70.7,69.9,0.21,0.17,0.29
CAMD,2017-08-21 00:50:00 EDT,43.33985,-75.74299,493,62.3,62.7,62.3,98.1,61.7,0.000,0.000,0.00,0.000,0.0,0.0,0.0,0,0,0.0,0.0,0.0,0,0,0.0,0.0,0.0,0,0,0,29.61,,0,0,0,70.0,70.7,70.0,0.21,0.16,0.29
CAMD,2017-08-21 00:55:00 EDT,43.33985,-75.74299,493,62.2,62.6,62.2,98.0,61.7,0.000,0.000,0.00,0.000,0.2,0.6,0.2,90,2,0.7,1.2,0.4,81,14,0.2,0.6,0.2,90,2,0,29.61,,0,0,0,70.0,70.7,69.9,0.21,0.16,0.29
CAMD,2017-08-21 01:00:00 EDT,43.33985,-75.74299,493,62.3,62.8,62.3,97.8,61.6,0.000,0.000,0.00,0.000,0.3,0.9,0.3,43,3,0.9,1.3,0.2,41,12,0.3,0.9,0.3,43,3,0,29.61,,0,0,0,70.0,70.7,70.0,0.21,0.16,0.29
CAMD,2017-08-21 01:05:00 EDT,43.33985,-75.74299,493,62.0,62.4,62.0,97.7,61.4,0.000,0.000,0.00,0.000,0.2,0.7,0.2,32,0,0.4,1.0,0.4,34,10,0.2,0.7,0.2,32,0,0,29.61,,0,0,0,70.0,70.7,70.0,0.21,0.16,0.29
CAMD,2017-08-21 01:10:00 EDT,43.33985,-75.74299,493,61.8,62.0,61.8,97.5,61.0,0.000,0.000,0.00,0.000,0.1,0.5,0.1,32,0,0.2,1.0,0.3,11,3,0.1,0.5,0.1,32,0,0,29.61,,0,0,0,70.0,70.7,69.9,0.21,0.16,0.29
CAMD,2017-08-21 01:15:00 EDT,43.33985,-75.74299,493,61.6,61.9,61.6,97.5,60.8,0.000,0.000,0.00,0.000,0.0,0.0,0.0,0,0,0.0,0.0,0.0,0,0,0.0,0.0,0.0,0,0,0,29.61,,0,0,0,70.0,70.7,69.9,0.21,0.17,0.29
CAMD,2017-08-21 01:20:00 EDT,43.33985,-75.74299,493,61.4,61.8,61.4,97.5,60.7,0.000,0.000,0.00,0.000,0.0,0.0,0.0,0,0,0.0,0.7,0.1,46,0,0.0,0.0,0.0,0,0,0,29.61,,0,0,0,70.0,70.7,70.0,0.21,0.17,0.29
CAMD,2017-08-21 01:25:00 EDT,43.33985,-75.74299,493,61.1,61.6,61.1,97.6,60.4,0.000,0.000,0.00,0.000,0.0,0.0,0.0,0,0,0.0,0.7,0.1,46,0,0.0,0.0,0.0,0,0,0,29.61,,0,0,0,70.0,70.7,70.0,0.21,0.17,0.29
CAMD,2017-08-21 01:30:00 EDT,43.33985,-75.74299,493,60.9,61.4,60.9,97.6,60.3,0.000,0.000,0.00,0.000,0.2,0.7,0.3,0,2,0.5,1.3,0.5,351,5,0.2,0.7,0.3,0,2,0,29.61,,0,0,0,69.8,70.7,69.9,0.21,0.16,0.29
CAMD,2017-08-21 01:35:00 EDT,43.33985,-75.74299,493,61.0,61.3,61.0,97.9,60.4,0.000,0.000,0.00,0.000,0.2,0.8,0.3,350,0,0.4,1.2,0.4,352,5,0.2,0.8,0.3,350,0,0,29.61,,0,0,0,69.7,70.7,70.0,0.21,0.16,0.29
CAMD,2017-08-21 01:40:00 EDT,43.33985,-75.74299,493,60.8,61.4,60.8,97.9,60.2,0.000,0.000,0.00,0.000,0.2,0.6,0.2,349,0,0.4,1.0,0.4,354,6,0.2,0.6,0.2,349,0,0,29.61,,0,0,0,69.6,70.7,69.9,0.20,0.16,0.29
CAMD,2017-08-21 01:45:00 EDT,43.33985,-75.74299,493,60.5,61.2,60.5,97.9,59.9,0.000,0.000,0.00,0.000,0.0,0.0,0.0,0,0,0.0,0.0,0.0,0,0,0.0,0.0,0.0,0,0,0,29.61,,0,0,0,69.6,70.7,69.9,0.20,0.16,0.28
CAMD,2017-08-21 01:50:00 EDT,43.33985,-75.74299,493,60.4,61.0,60.4,98.0,59.8,0.000,0.000,0.00,0.000,0.0,0.0,0.0,0,0,0.0,0.0,0.0,0,0,0.0,0.0,0.0,0,0,0,29.61,,0,0,0,69.6,70.7,69.9,0.20,0.16,0.29
CAMD,2017-08-21 01:55:00 EDT,43.33985,-75.74299,493,60.3,60.8,60.3,98.0,59.7,0.000,0.000,0.00,0.000,0.3,0.7,0.3,349,0,0.6,1.0,0.4,360,4,0.3,0.7,0.3,349,0,0,29.61,,0,0,0,69.6,70.7,69.9,0.20,0.16,0.29
CAMD,2017-08-21 02:00:00 EDT,43.33985,-75.74299,493,60.2,60.9,60.2,98.1,59.7,0.000,0.000,0.00,0.000,0.6,0.9,0.2,12,12,0.8,1.1,0.4,20,10,0.6,0.9,0.2,12,12,0,29.61,,0,0,0,69.6,70.7,69.9,0.20,0.17,0.29
CAMD,2017-08-21 02:05:00 EDT,43.33985,-75.74299,493,60.1,60.9,60.1,98.2,59.6,0.000,0.000,0.00,0.000,0.0,0.0,0.0,0,0,0.0,0.8,0.1,345,81,0.0,0.0,0.0,0,0,0,29.61,,0,0,0,69.6,70.7,69.9,0.20,0.16,0.29
CAMD,2017-08-21 02:10:00 EDT,43.33985,-75.74299,493,59.8,60.5,59.8,98.1,59.2,0.000,0.000,0.00,0.000,0.0,0.0,0.0,0,0,0.0,0.0,0.0,0,0,0.0,0.0,0.0,0,0,0,29.61,,0,0,0,69.6,70.7,69.9,0.20,0.16,0.29
CAMD,2017-08-21 02:15:00 EDT,43.33985,-75.74299,493,59.5,60.3,59.5,98.1,59.0,0.000,0.000,0.00,0.000,0.0,0.0,0.0,0,0,0.0,0.0,0.0,0,0,0.0,0.0,0.0,0,0,0,29.61,,0,0,0,69.6,70.7,69.9,0.20,0.16,0.29
CAMD,2017-08-21 02:20:00 EDT,43.33985,-75.74299,493,59.5,60.1,59.5,98.1,59.0,0.000,0.000,0.00,0.000,0.0,0.0,0.0,0,0,0.0,0.0,0.0,0,0,0.0,0.0,0.0,0,0,0,29.61,,0,0,0,69.6,70.6,70.0,0.21,0.16,0.29
CAMD,2017-08-21 02:25:00 EDT,43.33985,-75.74299,493,59.4,59.9,59.4,98.2,58.9,0.000,0.000,0.00,0.000,0.0,0.0,0.0,0,0,0.0,0.0,0.0,0,0,0.0,0.0,0.0,0,0,0,29.61,,0,0,0,69.6,70.7,69.9,0.20,0.17,0.29
CAMD,2017-08-21 02:30:00 EDT,43.33985,-75.74299,493,59.2,60.0,59.2,98.3,58.7,0.000,0.000,0.00,0.000,0.7,1.2,0.4,29,16,0.9,1.5,0.4,27,21,0.7,1.2,0.4,29,16,0,29.62,,0,0,0,69.6,70.6,69.9,0.20,0.16,0.29
CAMD,2017-08-21 02:35:00 EDT,43.33985,-75.74299,493,59.2,59.7,59.2,98.3,58.7,0.000,0.000,0.00,0.000,0.6,1.0,0.3,38,1,0.7,1.2,0.4,33,7,0.6,1.0,0.3,38,1,0,29.61,,0,0,0,69.6,70.6,69.9,0.20,0.16,0.29
CAMD,2017-08-21 02:40:00 EDT,43.33985,-75.74299,493,59.0,59.5,59.0,98.3,58.5,0.000,0.000,0.00,0.000,0.0,0.0,0.0,0,0,0.1,1.0,0.2,334,2,0.0,0.0,0.0,0,0,0,29.61,,0,0,0,69.5,70.5,69.9,0.20,0.17,0.29
CAMD,2017-08-21 02:45:00 EDT,43.33985,-75.74299,493,58.8,59.7,58.8,98.3,58.3,0.000,0.000,0.00,0.000,0.0,0.0,0.0,0,0,0.0,0.7,0.1,11,0,0.0,0.0,0.0,0,0,0,29.61,,0,0,0,69.3,70.5,69.9,0.20,0.16,0.29
CAMD,2017-08-21 02:50:00 EDT,43.33985,-75.74299,493,58.9,59.6,58.9,98.4,58.4,0.000,0.000,0.00,0.000,0.0,0.4,0.1,242,0,0.2,0.9,0.4,269,7,0.0,0.4,0.1,242,0,0,29.61,,0,0,0,69.3,70.4,69.9,0.20,0.16,0.29
CAMD,2017-08-21 02:55:00 EDT,43.33985,-75.74299,493,58.9,59.6,58.9,98.5,58.5,0.000,0.000,0.00,0.000,0.0,0.6,0.1,242,0,0.2,1.1,0.4,274,9,0.0,0.6,0.1,242,0,0,29.62,,0,0,0,69.3,70.4,70.0,0.20,0.16,0.29
CAMD,2017-08-21 03:00:00 EDT,43.33985,-75.74299,493,58.6,59.6,58.6,98.4,58.2,0.000,0.000,0.00,0.000,0.7,1.0,0.3,27,22,1.1,1.5,0.2,32,26,0.7,1.0,0.3,27,22,0,29.62,,0,0,0,69.3,70.4,69.9,0.20,0.16,0.29
CAMD,2017-08-21 03:05:00 EDT,43.33985,-75.74299,493,58.5,59.2,58.5,98.5,58.1,0.000,0.000,0.00,0.000,0.0,0.7,0.2,350,0,0.3,1.1,0.4,83,30,0.0,0.7,0.2,350,0,0,29.62,,0,0,0,69.3,70.4,70.0,0.20,0.16,0.29
CAMD,2017-08-21 03:10:00 EDT,43.33985,-75.74299,493,58.0,59.0,58.0,98.4,57.5,0.000,0.000,0.00,0.000,0.0,0.4,0.0,71,0,0.2,1.1,0.3,68,4,0.0,0.4,0.0,71,0,0,29.62,,0,0,0,69.3,70.4,69.9,0.20,0.16,0.28
CAMD,2017-08-21 03:15:00 EDT,43.33985,-75.74299,493,58.1,58.8,58.1,98.4,57.7,0.000,0.000,0.00,0.000,0.0,0.0,0.0,0,0,0.1,0.8,0.2,152,4,0.0,0.0,0.0,0,0,0,29.62,,0,0,0,69.3,70.4,69.9,0.20,0.16,0.29
CAMD,2017-08-21 03:20:00 EDT,43.33985,-75.74299,493,58.1,58.9,58.1,98.5,57.7,0.000,0.000,0.00,0.000,0.2,0.8,0.3,118,0,0.5,1.2,0.5,110,5,0.2,0.8,0.3,118,0,0,29.62,,0,0,0,69.3,70.4,70.0,0.20,0.16,0.29
CAMD,2017-08-21 03:25:00 EDT,43.33985,-75.74299,493,58.2,58.8,58.2,98.6,57.8,0.000,0.000,0.00,0.000,0.0,0.4,0.0,330,0,0.1,1.0,0.3,339,4,0.0,0.4,0.0,330,0,0,29.62,,0,0,0,69.3,70.3,69.9,0.20,0.17,0.29
CAMD,2017-08-21 03:30:00 EDT,43.33985,-75.74299,493,58.0,58.8,58.0,98.6,57.6,0.000,0.000,0.00,0.000,0.1,0.6,0.2,330,0,0.0,0.8,0.2,329,0,0.1,0.6,0.2,330,0,0,29.62,,0,0,0,69.3,70.4,69.9,0.20,0.16,0.29
CAMD,2017-08-21 03:35:00 EDT,43.33985,-75.74299,493,57.8,58.6,57.8,98.6,57.4,0.000,0.000,0.00,0.000,0.3,1.1,0.4,85,4,0.6,1.4,0.6,90,6,0.3,1.1,0.4,85,4,0,29.62,,0,0,0,69.2,70.3,70.0,0.20,0.16,0.29
CAMD,2017-08-21 03:40:00 EDT,43.33985,-75.74299,493,57.5,58.3,57.5,98.5,57.0,0.000,0.000,0.00,0.000,0.6,0.9,0.1,100,8,1.0,1.3,0.1,105,9,0.6,0.9,0.1,100,8,0,29.62,,0,0,0,69.1,70.3,69.9,0.20,0.16,0.29
CAMD,2017-08-21 03:45:00 EDT,43.33985,-75.74299,493,57.7,58.3,57.7,98.6,57.3,0.000,0.000,0.00,0.000,0.3,1.2,0.4,122,10,0.6,1.6,0.5,129,16,0.3,1.2,0.4,122,10,0,29.62,,0,0,0,68.9,70.3,69.9,0.20,0.16,0.28
CAMD,2017-08-21 03:50:00 EDT,43.33985,-75.74299,493,57.7,58.3,57.7,98.7,57.3,0.000,0.000,0.00,0.000,0.6,1.9,0.6,114,9,0.8,2.3,0.8,118,11,0.6,1.9,0.6,114,9,0,29.62,,0,0,0,68.9,70.3,69.9,0.20,0.16,0.29
CAMD,2017-08-21 03:55:00 EDT,43.33985,-75.74299,493,57.9,58.4,57.9,98.7,57.5,0.000,0.000,0.00,0.000,0.9,2.0,0.7,104,58,1.2,2.3,0.8,99,59,0.9,2.0,0.7,104,58,0,29.62,,0,0,0,68.9,70.3,70.0,0.20,0.16,0.29
CAMD,2017-08-21 04:00:00 EDT,43.33985,-75.74299,493,57.9,58.5,57.9,98.7,57.5,0.000,0.000,0.00,0.000,0.3,1.5,0.4,62,13,0.5,1.7,0.5,57,15,0.3,1.5,0.4,62,13,0,29.62,,0,0,0,68.9,70.3,70.0,0.20,0.16,0.29
CAMD,2017-08-21 04:05:00 EDT,43.33985,-75.74299,493,57.7,58.4,57.7,98.7,57.3,0.000,0.000,0.00,0.000,0.1,0.7,0.2,60,4,0.2,1.2,0.4,65,4,0.1,0.7,0.2,60,4,0,29.62,,0,0,0,68.9,70.3,70.0,0.20,0.16,0.29
CAMD,2017-08-21 04:10:00 EDT,43.33985,-75.74299,493,57.5,58.3,57.5,98.7,57.2,0.000,0.000,0.00,0.000,0.0,0.0,0.0,0,0,0.1,0.9,0.3,299,3,0.0,0.0,0.0,0,0,0,29.62,,0,0,0,68.9,70.3,69.9,0.20,0.16,0.29
CAMD,2017-08-21 04:15:00 EDT,43.33985,-75.74299,493,57.4,58.2,57.4,98.7,57.0,0.000,0.000,0.00,0.000,0.0,0.0,0.0,0,0,0.1,0.8,0.3,297,2,0.0,0.0,0.0,0,0,0,29.62,,0,0,0,68.9,70.3,69.9,0.20,0.16,0.29
CAMD,2017-08-21 04:20:00 EDT,43.33985,-75.74299,493,57.5,58.4,57.5,98.7,57.2,0.000,0.000,0.00,0.000,0.0,0.0,0.0,0,0,0.6,1.1,0.4,294,33,0.0,0.0,0.0,0,0,0,29.62,,0,0,0,68.9,70.2,69.9,0.20,0.16,0.29
CAMD,2017-08-21 04:25:00 EDT,43.33985,-75.74299,493,57.5,58.3,57.5,98.8,57.2,0.000,0.000,0.00,0.000,0.5,1.1,0.3,358,18,0.8,1.6,0.4,2,23,0.5,1.1,0.3,358,18,0,29.62,,0,0,0,68.9,70.2,69.9,0.20,0.16,0.29
CAMD,2017-08-21 04:30:00 EDT,43.33985,-75.74299,493,57.3,58.1,57.3,98.7,57.0,0.000,0.000,0.00,0.000,0.0,0.0,0.0,0,0,0.0,0.9,0.2,101,1,0.0,0.0,0.0,0,0,0,29.62,,0,0,0,68.9,70.1,69.9,0.20,0.16,0.29
CAMD,2017-08-21 04:35:00 EDT,43.33985,-75.74299,493,57.1,57.9,57.1,98.7,56.7,0.000,0.000,0.00,0.000,0.0,0.0,0.0,0,0,0.3,1.1,0.4,99,5,0.0,0.0,0.0,0,0,0,29.62,,0,0,0,68.6,70.0,69.9,0.20,0.16,0.29
CAMD,2017-08-21 04:40:00 EDT,43.33985,-75.74299,493,57.0,57.8,57.0,98.7,56.6,0.000,0.000,0.00,0.000,0.0,0.0,0.0,0,0,0.3,0.9,0.4,18,4,0.0,0.0,0.0,0,0,0,29.62,,0,0,0,68.5,70.1,69.9,0.20,0.16,0.29
CAMD,2017-08-21 04:45:00 EDT,43.33985,-75.74299,493,57.0,57.8,57.0,98.7,56.6,0.000,0.000,0.00,0.000,0.0,0.0,0.0,0,0,0.0,0.0,0.0,0,0,0.0,0.0,0.0,0,0,0,29.62,,0,0,0,68.5,70.0,69.9,0.21,0.16,0.29
CAMD,2017-08-21 04:50:00 EDT,43.33985,-75.74299,493,56.9,57.6,56.9,98.7,56.5,0.000,0.000,0.00,0.000,0.0,0.0,0.0,0,0,0.2,1.1,0.3,62,3,0.0,0.0,0.0,0,0,0,29.62,,0,0,0,68.5,70.0,69.9,0.20,0.16,0.29
CAMD,2017-08-21 04:55:00 EDT,43.33985,-75.74299,493,57.0,57.6,57.0,98.7,56.6,0.000,0.000,0.00,0.000,0.0,0.0,0.0,0,0,0.0,0.7,0.1,278,0,0.0,0.0,0.0,0,0,0,29.62,,0,0,0,68.5,70.0,69.9,0.20,0.16,0.29
CAMD,2017-08-21 05:00:00 EDT,43.33985,-75.74299,493,57.0,57.9,57.0,98.8,56.7,0.000,0.000,0.00,0.000,0.0,0.0,0.0,0,0,0.4,1.0,0.5,271,3,0.0,0.0,0.0,0,0,0,29.62,,0,0,0,68.5,70.1,69.9,0.20,0.16,0.29
CAMD,2017-08-21 05:05:00 EDT,43.33985,-75.74299,493,56.9,57.9,56.9,98.8,56.6,0.000,0.000,0.00,0.000,0.0,0.0,0.0,0,0,0.0,0.0,0.0,0,0,0.0,0.0,0.0,0,0,0,29.62,,0,0,0,68.5,70.0,69.9,0.20,0.16,0.29
CAMD,2017-08-21 05:10:00 EDT,43.33985,-75.74299,493,56.9,57.9,56.9,98.9,56.6,0.000,0.000,0.00,0.000,0.0,0.0,0.0,0,0,0.9,1.2,0.3,79,19,0.0,0.0,0.0,0,0,0,29.62,,0,0,0,68.5,70.0,69.9,0.20,0.16,0.29
CAMD,2017-08-21 05:15:00 EDT,43.33985,-75.74299,493,56.9,57.5,56.9,98.8,56.5,0.000,0.000,0.00,0.000,0.0,0.0,0.0,0,0,0.1,0.9,0.3,118,2,0.0,0.0,0.0,0,0,0,29.62,,0,0,0,68.5,70.0,69.9,0.20,0.16,0.28
CAMD,2017-08-21 05:20:00 EDT,43.33985,-75.74299,493,56.8,57.4,56.8,98.8,56.5,0.000,0.000,0.00,0.000,0.0,0.0,0.0,0,0,0.7,1.4,0.5,102,16,0.0,0.0,0.0,0,0,0,29.62,,0,0,0,68.5,70.0,69.9,0.20,0.16,0.28
CAMD,2017-08-21 05:25:00 EDT,43.33985,-75.74299,493,57.0,57.5,57.0,98.8,56.6,0.000,0.000,0.00,0.000,0.0,0.0,0.0,0,0,0.0,0.0,0.0,0,0,0.0,0.0,0.0,0,0,0,29.62,,0,0,0,68.5,70.0,69.9,0.20,0.16,0.29
CAMD,2017-08-21 05:30:00 EDT,43.33985,-75.74299,493,56.9,57.6,56.9,98.8,56.6,0.000,0.000,0.00,0.000,0.0,0.0,0.0,0,0,0.0,0.7,0.1,21,2,0.0,0.0,0.0,0,0,0,29.62,,0,0,0,68.5,70.0,69.9,0.21,0.16,0.28
CAMD,2017-08-21 05:35:00 EDT,43.33985,-75.74299,493,56.8,57.6,56.8,98.8,56.5,0.000,0.000,0.00,0.000,0.0,0.0,0.0,0,0,0.0,0.7,0.1,101,0,0.0,0.0,0.0,0,0,0,29.62,,0,0,0,68.5,70.0,69.9,0.20,0.16,0.28
CAMD,2017-08-21 05:40:00 EDT,43.33985,-75.74299,493,56.7,57.5,56.7,98.8,56.4,0.000,0.000,0.00,0.000,0.0,0.0,0.0,0,0,0.4,1.1,0.5,76,3,0.0,0.0,0.0,0,0,0,29.62,,0,0,0,68.5,70.0,69.9,0.20,0.16,0.29
CAMD,2017-08-21 05:45:00 EDT,43.33985,-75.74299,493,56.9,57.4,56.9,98.8,56.5,0.000,0.000,0.00,0.000,0.0,0.0,0.0,0,0,0.0,0.8,0.2,74,1,0.0,0.0,0.0,0,0,0,29.62,,0,0,0,68.4,70.0,69.9,0.20,0.16,0.29
CAMD,2017-08-21 05:50:00 EDT,43.33985,-75.74299,493,56.8,57.4,56.8,98.8,56.5,0.000,0.000,0.00,0.000,0.3,1.1,0.4,291,6,0.8,1.5,0.5,295,5,0.3,1.1,0.4,291,6,0,29.62,,0,0,0,68.2,70.0,69.9,0.21,0.16,0.28
CAMD,2017-08-21 05:55:00 EDT,43.33985,-75.74299,493,56.8,57.6,56.8,98.9,56.5,0.000,0.000,0.00,0.000,0.3,1.2,0.5,188,0,0.6,1.5,0.6,192,6,0.3,1.2,0.5,188,0,0,29.62,,0,0,0,68.2,70.0,70.0,0.21,0.16,0.29
CAMD,2017-08-21 06:00:00 EDT,43.33985,-75.74299,493,56.3,57.5,56.3,98.7,56.0,0.000,0.000,0.00,0.000,0.2,1.1,0.3,217,19,0.4,1.5,0.5,234,27,0.2,1.1,0.3,217,19,0,29.62,,0,0,0,68.2,70.0,69.9,0.20,0.16,0.29
CAMD,2017-08-21 06:05:00 EDT,43.33985,-75.74299,493,56.6,57.9,56.6,98.9,56.3,0.000,0.000,0.00,0.000,0.7,1.4,0.6,44,65,1.0,1.8,0.6,72,65,0.7,1.4,0.6,44,65,1,29.63,,0,0,0,68.2,69.9,69.9,0.20,0.16,0.29
CAMD,2017-08-21 06:10:00 EDT,43.33985,-75.74299,493,56.7,57.9,56.7,98.9,56.4,0.000,0.000,0.00,0.000,0.8,2.1,0.7,293,59,1.1,2.5,0.7,318,58,0.8,2.1,0.7,293,59,2,29.63,,0,0,0,68.2,69.9,69.9,0.20,0.16,0.28
CAMD,2017-08-21 06:15:00 EDT,43.33985,-75.74299,493,56.3,58.0,56.3,98.8,56.0,0.000,0.000,0.00,0.000,0.8,1.7,0.6,103,5,1.1,2.1,0.7,104,13,0.8,1.7,0.6,103,5,2,29.63,,0,0,0,68.2,69.9,69.9,0.20,0.16,0.29
CAMD,2017-08-21 06:20:00 EDT,43.33985,-75.74299,493,56.2,57.4,56.2,98.8,55.8,0.000,0.000,0.00,0.000,0.0,0.5,0.1,178,0,0.3,1.3,0.4,130,17,0.0,0.5,0.1,178,0,3,29.63,,0,0,0,68.2,69.9,69.9,0.21,0.16,0.29
CAMD,2017-08-21 06:25:00 EDT,43.33985,-75.74299,493,56.3,57.5,56.3,98.9,56.0,0.000,0.000,0.00,0.000,0.6,1.5,0.4,107,23,1.1,1.8,0.3,97,35,0.6,1.5,0.4,107,23,5,29.63,,0,0,0,68.2,69.9,69.9,0.20,0.16,0.29
CAMD,2017-08-21 06:30:00 EDT,43.33985,-75.74299,493,56.4,57.5,56.4,98.9,56.1,0.000,0.000,0.00,0.000,0.3,1.5,0.5,320,4,0.4,1.9,0.5,5,34,0.3,1.5,0.5,320,4,9,29.63,,0,0,0,68.2,69.9,69.9,0.21,0.16,0.29
CAMD,2017-08-21 06:35:00 EDT,43.33985,-75.74299,493,56.3,57.5,56.3,98.9,56.0,0.000,0.000,0.00,0.000,0.0,0.5,0.1,86,0,0.2,1.0,0.4,46,37,0.0,0.5,0.1,86,0,15,29.63,,0,0,0,68.2,69.8,69.8,0.20,0.16,0.29
CAMD,2017-08-21 06:40:00 EDT,43.33985,-75.74299,493,56.5,57.4,56.5,98.9,56.2,0.000,0.000,0.00,0.000,0.1,0.6,0.1,272,0,0.2,1.2,0.4,284,4,0.1,0.6,0.1,272,0,22,29.63,,0,0,0,68.2,69.8,69.9,0.20,0.16,0.29
CAMD,2017-08-21 06:45:00 EDT,43.33985,-75.74299,493,56.2,57.4,56.2,98.8,55.8,0.000,0.000,0.00,0.000,0.0,0.0,0.0,0,0,0.0,0.7,0.1,75,0,0.0,0.0,0.0,0,0,33,29.63,,0,0,0,68.1,69.9,69.9,0.20,0.17,0.29
CAMD,2017-08-21 06:50:00 EDT,43.33985,-75.74299,493,56.6,57.5,56.6,98.9,56.3,0.000,0.000,0.00,0.000,0.0,0.7,0.1,299,0,0.5,1.1,0.4,36,36,0.0,0.7,0.1,299,0,41,29.63,,0,0,0,67.9,69.8,69.9,0.21,0.16,0.29
CAMD,2017-08-21 06:55:00 EDT,43.33985,-75.74299,493,56.7,57.7,56.7,98.9,56.3,0.000,0.000,0.00,0.000,0.7,1.3,0.5,256,13,0.8,1.6,0.7,259,12,0.7,1.3,0.5,256,13,49,29.63,,0,0,0,67.8,69.8,69.8,0.20,0.16,0.28
CAMD,2017-08-21 07:00:00 EDT,43.33985,-75.74299,493,57.0,58.0,57.0,98.9,56.7,0.000,0.000,0.00,0.000,0.2,1.0,0.3,3,1,0.4,1.6,0.6,359,6,0.2,1.0,0.3,3,1,55,29.63,,0,0,0,67.8,69.7,69.8,0.21,0.16,0.29
CAMD,2017-08-21 07:05:00 EDT,43.33985,-75.74299,493,57.5,58.1,57.5,98.9,57.2,0.000,0.000,0.00,0.000,0.4,0.9,0.4,5,7,0.6,1.5,0.5,15,14,0.4,0.9,0.4,5,7,79,29.62,,0,0,0,67.8,69.7,69.9,0.21,0.16,0.29
CAMD,2017-08-21 07:10:00 EDT,43.33985,-75.74299,493,57.6,58.2,57.6,98.8,57.3,0.000,0.000,0.00,0.000,0.0,0.0,0.0,0,0,0.0,0.0,0.0,0,0,0.0,0.0,0.0,0,0,103,29.62,,0,0,0,67.8,69.7,69.9,0.21,0.16,0.29
CAMD,2017-08-21 07:15:00 EDT,43.33985,-75.74299,493,58.0,58.6,58.0,98.6,57.6,0.000,0.000,0.00,0.000,0.0,0.0,0.0,0,0,0.1,0.8,0.2,108,2,0.0,0.0,0.0,0,0,112,29.62,,0,0,0,67.8,69.6,69.9,0.21,0.16,0.28
CAMD,2017-08-21 07:20:00 EDT,43.33985,-75.74299,493,58.5,59.1,58.5,98.7,58.1,0.000,0.000,0.00,0.000,0.0,0.0,0.0,0,0,0.0,0.0,0.0,0,0,0.0,0.0,0.0,0,0,122,29.62,,0,0,0,67.8,69.7,69.9,0.21,0.16,0.29
CAMD,2017-08-21 07:25:00 EDT,43.33985,-75.74299,493,59.0,59.8,59.0,98.5,58.5,0.000,0.000,0.00,0.000,0.0,0.0,0.0,0,0,0.0,0.7,0.1,106,0,0.0,0.0,0.0,0,0,136,29.62,,0,0,0,67.8,69.6,69.9,0.20,0.16,0.29
CAMD,2017-08-21 07:30:00 EDT,43.33985,-75.74299,493,59.3,60.0,59.3,98.4,58.8,0.000,0.000,0.00,0.000,0.0,0.0,0.0,0,0,0.3,1.0,0.4,179,6,0.0,0.0,0.0,0,0,147,29.63,,0,0,0,67.8,69.6,69.8,0.21,0.16,0.29
CAMD,2017-08-21 07:35:00 EDT,43.33985,-75.74299,493,60.4,60.5,60.4,98.0,59.9,0.000,0.000,0.00,0.000,0.0,0.0,0.0,0,0,0.0,1.0,0.2,103,0,0.0,0.0,0.0,0,0,159,29.63,,0,0,0,67.8,69.6,69.8,0.21,0.17,0.29
CAMD,2017-08-21 07:40:00 EDT,43.33985,-75.74299,493,60.8,61.1,60.8,97.0,60.0,0.000,0.000,0.00,0.000,0.4,0.8,0.3,109,0,0.8,1.2,0.3,115,7,0.4,0.8,0.3,109,0,170,29.63,,0,0,0,67.8,69.6,69.9,0.20,0.16,0.29
CAMD,2017-08-21 07:45:00 EDT,43.33985,-75.74299,493,61.1,61.8,61.1,95.9,59.9,0.000,0.000,0.00,0.000,0.5,0.9,0.2,108,1,0.9,1.2,0.2,109,11,0.5,0.9,0.2,108,1,181,29.63,,0,0,0,67.8,69.6,69.8,0.21,0.16,0.29
CAMD,2017-08-21 07:50:00 EDT,43.33985,-75.74299,493,61.1,62.2,61.1,94.1,59.4,0.000,0.000,0.00,0.000,0.4,1.0,0.4,102,2,0.8,1.5,0.4,100,7,0.4,1.0,0.4,102,2,197,29.63,,0,0,0,67.8,69.6,69.9,0.21,0.16,0.29
CAMD,2017-08-21 07:55:00 EDT,43.33985,-75.74299,493,62.0,62.8,62.0,93.7,60.1,0.000,0.000,0.00,0.000,0.9,2.0,0.5,134,17,1.1,2.0,0.4,134,18,0.9,2.0,0.5,134,17,214,29.63,,0,0,0,67.8,69.6,69.8,0.20,0.16,0.29
CAMD,2017-08-21 08:00:00 EDT,43.33985,-75.74299,493,63.7,63.7,63.7,89.7,60.6,0.000,0.000,0.00,0.000,1.2,2.3,0.6,128,18,1.4,2.3,0.5,124,22,1.2,2.3,0.6,128,18,227,29.63,,0,0,0,67.8,69.6,69.8,0.20,0.16,0.29
CAMD,2017-08-21 08:05:00 EDT,43.33985,-75.74299,493,64.7,64.3,64.7,86.9,60.7,0.000,0.000,0.00,0.000,1.5,2.8,0.6,124,20,1.7,3.6,0.6,128,20,1.5,2.8,0.6,124,20,253,29.63,,0,0,0,67.8,69.5,69.8,0.21,0.16,0.29
CAMD,2017-08-21 08:10:00 EDT,43.33985,-75.74299,493,65.1,64.7,65.1,86.2,60.8,0.000,0.000,0.00,0.000,1.8,3.0,0.6,96,16,2.1,3.6,0.7,99,14,1.8,3.0,0.6,96,16,269,29.63,,0,0,0,67.8,69.5,69.8,0.21,0.16,0.29
CAMD,2017-08-21 08:15:00 EDT,43.33985,-75.74299,493,65.7,65.2,65.7,85.6,61.3,0.000,0.000,0.00,0.000,1.2,2.7,0.5,97,14,1.5,3.1,0.7,101,13,1.2,2.7,0.5,97,14,243,29.63,,0,0,0,67.8,69.5,69.8,0.21,0.16,0.29
CAMD,2017-08-21 08:20:00 EDT,43.33985,-75.74299,493,66.1,65.7,66.1,84.6,61.3,0.000,0.000,0.00,0.000,1.4,2.4,0.5,122,23,1.6,2.5,0.5,122,23,1.4,2.4,0.5,122,23,257,29.63,,0,0,0,67.8,69.4,69.8,0.21,0.16,0.29
CAMD,2017-08-21 08:25:00 EDT,43.33985,-75.74299,493,66.5,66.5,66.5,84.2,61.6,0.000,0.000,0.00,0.000,2.0,3.3,0.7,138,15,2.3,3.5,0.6,140,14,2.0,3.3,0.7,138,15,259,29.63,,0,0,0,67.8,69.3,69.7,0.20,0.16,0.29
CAMD,2017-08-21 08:30:00 EDT,43.33985,-75.74299,493,66.9,67.0,66.9,85.5,62.4,0.000,0.000,0.00,0.000,2.3,3.1,0.5,148,9,2.5,3.7,0.5,150,10,2.3,3.1,0.5,148,9,212,29.63,,0,0,0,67.8,69.4,69.8,0.20,0.16,0.29
CAMD,2017-08-21 08:35:00 EDT,43.33985,-75.74299,493,67.4,67.4,67.4,84.0,62.4,0.000,0.000,0.00,0.000,2.2,3.8,0.6,151,13,2.5,4.6,0.8,157,14,2.2,3.8,0.6,151,13,286,29.62,,0,0,0,67.8,69.3,69.7,0.20,0.16,0.29
CAMD,2017-08-21 08:40:00 EDT,43.33985,-75.74299,493,68.2,68.0,68.2,82.5,62.7,0.000,0.000,0.00,0.000,2.3,3.7,0.8,145,13,2.7,4.8,0.8,151,13,2.3,3.7,0.8,145,13,253,29.62,,0,0,0,67.8,69.4,69.7,0.21,0.16,0.29
CAMD,2017-08-21 08:45:00 EDT,43.33985,-75.74299,493,68.2,68.1,68.2,81.8,62.5,0.000,0.000,0.00,0.000,3.4,5.0,0.8,147,11,3.7,5.2,0.9,150,11,3.4,5.0,0.8,147,11,190,29.62,,0,0,0,67.8,69.3,69.7,0.20,0.16,0.28
CAMD,2017-08-21 08:50:00 EDT,43.33985,-75.74299,493,68.3,68.3,68.3,82.2,62.7,0.000,0.000,0.00,0.000,3.4,4.7,0.7,151,11,3.6,5.5,0.9,154,11,3.4,4.7,0.7,151,11,285,29.62,,0,0,0,67.8,69.3,69.6,0.20,0.16,0.29
CAMD,2017-08-21 08:55:00 EDT,43.33985,-75.74299,493,68.7,68.5,68.7,81.0,62.7,0.000,0.000,0.00,0.000,3.4,4.9,0.8,150,13,3.7,5.4,0.9,154,14,3.4,4.9,0.8,150,13,254,29.62,,0,0,0,67.8,69.3,69.7,0.20,0.16,0.28
CAMD,2017-08-21 09:00:00 EDT,43.33985,-75.74299,493,68.8,68.6,68.8,80.2,62.5,0.000,0.000,0.00,0.000,2.9,5.0,1.0,131,11,2.9,5.2,1.1,136,10,2.9,5.0,1.0,131,11,216,29.62,,0,0,0,67.8,69.3,69.7,0.21,0.16,0.29
CAMD,2017-08-21 09:05:00 EDT,43.33985,-75.74299,493,69.8,69.2,69.8,80.8,63.7,0.000,0.000,0.00,0.000,1.7,3.3,0.7,118,20,2.0,3.9,0.8,122,20,1.7,3.3,0.7,118,20,368,29.62,,0,0,0,67.8,69.3,69.6,0.21,0.16,0.29
CAMD,2017-08-21 09:10:00 EDT,43.33985,-75.74299,493,70.4,69.8,70.4,78.2,63.3,0.000,0.000,0.00,0.000,2.7,4.5,0.9,132,17,3.0,5.8,1.1,136,18,2.7,4.5,0.9,132,17,387,29.61,,0,0,0,67.8,69.3,69.6,0.20,0.16,0.29
CAMD,2017-08-21 09:15:00 EDT,43.33985,-75.74299,493,70.7,70.2,70.7,77.3,63.3,0.000,0.000,0.00,0.000,3.1,5.8,1.4,144,11,3.4,6.9,1.4,148,10,3.1,5.8,1.4,144,11,398,29.62,,0,0,0,67.8,69.3,69.6,0.21,0.16,0.28
CAMD,2017-08-21 09:20:00 EDT,43.33985,-75.74299,493,71.3,70.5,71.3,74.8,62.8,0.000,0.000,0.00,0.000,1.9,3.4,0.9,91,26,2.3,4.4,1.0,97,26,1.9,3.4,0.9,91,26,411,29.62,,0,0,0,67.8,69.3,69.6,0.21,0.16,0.29
CAMD,2017-08-21 09:25:00 EDT,43.33985,-75.74299,493,71.3,70.7,71.3,74.9,63.0,0.000,0.000,0.00,0.000,2.8,3.8,0.6,150,18,3.1,4.8,0.8,156,20,2.8,3.8,0.6,150,18,425,29.62,,0,0,0,67.8,69.3,69.6,0.21,0.16,0.29
CAMD,2017-08-21 09:30:00 EDT,43.33985,-75.74299,493,71.7,71.2,71.7,74.1,63.0,0.000,0.000,0.00,0.000,2.3,4.5,0.7,137,14,2.5,5.7,0.9,139,12,2.3,4.5,0.7,137,14,441,29.62,,0,0,0,67.8,69.3,69.6,0.21,0.16,0.29
CAMD,2017-08-21 09:35:00 EDT,43.33985,-75.74299,493,71.8,71.3,71.8,72.7,62.6,0.000,0.000,0.00,0.000,2.7,5.2,1.3,125,21,2.9,5.4,1.2,131,22,2.7,5.2,1.3,125,21,455,29.62,,0,0,0,67.8,69.3,69.6,0.21,0.16,0.28
CAMD,2017-08-21 09:40:00 EDT,43.33985,-75.74299,493,72.5,71.5,72.5,71.9,63.0,0.000,0.000,0.00,0.000,1.9,3.4,0.9,104,24,2.3,4.8,1.0,110,25,1.9,3.4,0.9,104,24,468,29.62,,0,0,0,67.8,69.3,69.6,0.20,0.16,0.29
CAMD,2017-08-21 09:45:00 EDT,43.33985,-75.74299,493,73.1,72.0,73.1,74.0,64.3,0.000,0.000,0.00,0.000,2.1,4.7,1.1,134,34,2.4,5.3,1.1,134,33,2.1,4.7,1.1,134,34,484,29.62,,0,0,0,67.8,69.3,69.6,0.20,0.16,0.29
CAMD,2017-08-21 09:50:00 EDT,43.33985,-75.74299,493,73.2,72.4,73.2,72.0,63.6,0.000,0.000,0.00,0.000,3.7,5.0,0.5,153,10,4.2,6.0,0.7,158,10,3.7,5.0,0.5,153,10,497,29.62,,0,0,0,67.9,69.3,69.6,0.21,0.16,0.29
CAMD,2017-08-21 09:55:00 EDT,43.33985,-75.74299,493,73.5,72.6,73.5,70.1,63.1,0.000,0.000,0.00,0.000,3.6,5.3,0.9,141,13,3.8,6.0,1.1,145,13,3.6,5.3,0.9,141,13,514,29.62,,0,0,0,68.1,69.3,69.6,0.21,0.16,0.29
CAMD,2017-08-21 10:00:00 EDT,43.33985,-75.74299,493,73.9,73.1,73.9,69.5,63.3,0.000,0.000,0.00,0.000,3.1,5.7,1.3,133,19,3.3,5.9,1.4,137,16,3.1,5.7,1.3,133,19,530,29.62,,0,0,0,68.2,69.3,69.6,0.21,0.16,0.28
CAMD,2017-08-21 10:05:00 EDT,43.33985,-75.74299,493,74.1,73.1,74.1,69.6,63.5,0.000,0.000,0.00,0.000,4.2,6.5,0.9,122,14,4.4,6.9,1.0,126,12,4.2,6.5,0.9,122,14,550,29.62,,0,0,0,68.2,69.3,69.6,0.21,0.16,0.28
CAMD,2017-08-21 10:10:00 EDT,43.33985,-75.74299,493,74.4,73.0,74.4,70.1,64.0,0.000,0.000,0.00,0.000,3.7,6.0,1.2,107,16,4.0,6.6,1.2,110,16,3.7,6.0,1.2,107,16,567,29.62,,0,0,0,68.2,69.3,69.6,0.21,0.16,0.29
CAMD,2017-08-21 10:15:00 EDT,43.33985,-75.74299,493,75.0,73.8,75.0,70.8,64.9,0.000,0.000,0.00,0.000,3.3,5.3,0.9,131,28,3.6,5.8,1.1,135,28,3.3,5.3,0.9,131,28,462,29.62,,0,0,0,68.2,69.3,69.6,0.21,0.16,0.29
CAMD,2017-08-21 10:20:00 EDT,43.33985,-75.74299,493,74.8,74.0,74.8,68.1,63.6,0.000,0.000,0.00,0.000,3.4,6.2,1.2,119,21,3.8,7.0,1.2,122,21,3.4,6.2,1.2,119,21,530,29.62,,0,0,0,68.2,69.3,69.6,0.21,0.16,0.29
CAMD,2017-08-21 10:25:00 EDT,43.33985,-75.74299,493,75.2,74.5,75.2,68.9,64.3,0.000,0.000,0.00,0.000,4.0,6.3,1.1,157,29,4.4,7.4,1.3,161,28,4.0,6.3,1.1,157,29,474,29.62,,0,0,0,68.2,69.3,69.6,0.21,0.16,0.29
CAMD,2017-08-21 10:30:00 EDT,43.33985,-75.74299,493,75.3,74.6,75.3,68.0,64.0,0.000,0.000,0.00,0.000,4.6,7.5,0.9,134,13,5.0,7.8,1.1,138,13,4.6,7.5,0.9,134,13,484,29.62,,0,0,0,68.3,69.3,69.6,0.21,0.16,0.29
CAMD,2017-08-21 10:35:00 EDT,43.33985,-75.74299,493,75.3,74.6,75.3,67.6,63.8,0.000,0.000,0.00,0.000,4.5,7.2,1.0,127,20,4.8,7.4,1.1,131,19,4.5,7.2,1.0,127,20,526,29.61,,0,0,0,68.5,69.3,69.6,0.21,0.16,0.29
CAMD,2017-08-21 10:40:00 EDT,43.33985,-75.74299,493,75.6,74.8,75.6,67.6,64.1,0.000,0.000,0.00,0.000,4.6,6.6,1.0,117,19,5.0,7.3,1.2,122,16,4.6,6.6,1.0,117,19,582,29.61,,0,0,0,68.5,69.3,69.6,0.21,0.16,0.29
CAMD,2017-08-21 10:45:00 EDT,43.33985,-75.74299,493,76.0,75.0,76.0,68.1,64.8,0.000,0.000,0.00,0.000,4.4,6.9,1.2,130,18,4.9,7.8,1.3,133,19,4.4,6.9,1.2,130,18,644,29.61,,0,0,0,68.5,69.3,69.6,0.21,0.16,0.29
CAMD,2017-08-21 10:50:00 EDT,43.33985,-75.74299,493,76.4,75.3,76.4,66.7,64.5,0.000,0.000,0.00,0.000,4.8,7.2,1.2,130,13,4.9,7.6,1.2,134,13,4.8,7.2,1.2,130,13,635,29.61,,0,0,0,68.5,69.3,69.6,0.21,0.16,0.29
CAMD,2017-08-21 10:55:00 EDT,43.33985,-75.74299,493,76.7,75.6,76.7,66.4,64.6,0.000,0.000,0.00,0.000,4.8,8.5,1.3,131,16,5.1,8.1,1.4,134,15,4.8,8.5,1.3,131,16,639,29.60,,0,0,0,68.5,69.3,69.6,0.21,0.16,0.28
CAMD,2017-08-21 11:00:00 EDT,43.33985,-75.74299,493,77.2,76.0,77.2,65.9,64.9,0.000,0.000,0.00,0.000,4.9,8.3,1.5,140,17,5.2,9.1,1.7,144,16,4.9,8.3,1.5,140,17,648,29.60,,0,0,0,68.5,69.3,69.6,0.20,0.16,0.29
CAMD,2017-08-21 11:05:00 EDT,43.33985,-75.74299,493,77.2,75.9,77.2,64.5,64.3,0.000,0.000,0.00,0.000,3.4,6.3,1.2,92,26,3.9,6.8,1.3,97,24,3.4,6.3,1.2,92,26,657,29.60,,0,0,0,68.5,69.3,69.6,0.20,0.16,0.29
CAMD,2017-08-21 11:10:00 EDT,43.33985,-75.74299,493,77.7,76.4,77.7,66.0,65.4,0.000,0.000,0.00,0.000,3.7,6.7,1.4,116,35,4.2,8.0,1.5,116,34,3.7,6.7,1.4,116,35,665,29.60,,0,0,0,68.5,69.3,69.6,0.21,0.16,0.29
CAMD,2017-08-21 11:15:00 EDT,43.33985,-75.74299,493,78.0,76.8,78.0,65.4,65.5,0.000,0.000,0.00,0.000,2.3,6.1,2.0,143,15,2.9,7.3,1.9,149,21,2.3,6.1,2.0,143,15,671,29.60,,0,0,0,68.6,69.3,69.6,0.20,0.16,0.29
CAMD,2017-08-21 11:20:00 EDT,43.33985,-75.74299,493,78.5,77.0,78.5,62.5,64.7,0.000,0.000,0.00,0.000,3.7,6.2,1.1,114,20,4.0,8.3,1.3,117,19,3.7,6.2,1.1,114,20,679,29.59,,0,0,0,68.9,69.3,69.6,0.21,0.16,0.29
CAMD,2017-08-21 11:25:00 EDT,43.33985,-75.74299,493,78.7,77.2,78.7,62.5,64.8,0.000,0.000,0.00,0.000,3.8,6.1,1.2,108,24,4.1,6.6,1.2,112,25,3.8,6.1,1.2,108,24,687,29.59,,0,0,0,68.9,69.2,69.6,0.21,0.16,0.29
CAMD,2017-08-21 11:30:00 EDT,43.33985,-75.74299,493,79.2,77.9,79.2,64.4,66.2,0.000,0.000,0.00,0.000,4.0,7.8,1.9,135,23,4.5,9.2,2.0,138,23,4.0,7.8,1.9,135,23,692,29.59,,0,0,0,68.9,69.3,69.6,0.21,0.16,0.29
CAMD,2017-08-21 11:35:00 EDT,43.33985,-75.74299,493,79.3,78.1,79.3,62.0,65.2,0.000,0.000,0.00,0.000,4.3,7.5,1.3,151,19,4.8,7.8,1.5,156,19,4.3,7.5,1.3,151,19,696,29.59,,0,0,0,68.9,69.3,69.6,0.21,0.16,0.28
CAMD,2017-08-21 11:40:00 EDT,43.33985,-75.74299,493,79.8,78.5,79.8,61.6,65.4,0.000,0.000,0.00,0.000,4.0,6.9,1.6,128,18,4.4,7.6,1.6,130,19,4.0,6.9,1.6,128,18,707,29.59,,0,0,0,68.9,69.3,69.6,0.21,0.16,0.29
CAMD,2017-08-21 11:45:00 EDT,43.33985,-75.74299,493,80.2,78.8,82.0,60.2,65.1,0.000,0.000,0.00,0.000,4.2,7.7,1.8,105,18,4.6,8.1,1.9,109,18,4.2,7.7,1.8,105,18,712,29.59,,0,0,0,69.2,69.3,69.6,0.21,0.16,0.29
CAMD,2017-08-21 11:50:00 EDT,43.33985,-75.74299,493,80.8,79.1,82.9,61.0,66.1,0.000,0.000,0.00,0.000,3.8,5.9,1.2,137,20,4.1,7.2,1.4,141,20,3.8,5.9,1.2,137,20,715,29.59,,0,0,0,69.3,69.3,69.6,0.21,0.16,0.29
CAMD,2017-08-21 11:55:00 EDT,43.33985,-75.74299,493,80.7,79.6,82.3,57.4,64.2,0.000,0.000,0.00,0.000,5.3,8.3,1.3,180,19,6.0,8.9,1.5,184,17,5.3,8.3,1.3,180,19,718,29.59,,0,0,0,69.3,69.3,69.6,0.21,0.16,0.29
CAMD,2017-08-21 12:00:00 EDT,43.33985,-75.74299,493,80.8,79.5,82.5,57.5,64.4,0.000,0.000,0.00,0.000,6.0,10.4,1.8,142,22,6.3,11.0,2.1,145,24,6.0,10.4,1.8,142,22,722,29.58,,0,0,0,69.3,69.3,69.6,0.20,0.16,0.28
CAMD,2017-08-21 12:05:00 EDT,43.33985,-75.74299,493,81.0,80.1,82.4,55.4,63.5,0.000,0.000,0.00,0.000,4.8,8.5,1.8,195,18,5.3,9.6,1.8,197,16,4.8,8.5,1.8,195,18,723,29.58,,0,0,0,69.3,69.3,69.6,0.20,0.16,0.28
CAMD,2017-08-21 12:10:00 EDT,43.33985,-75.74299,493,80.8,80.1,82.1,54.7,62.9,0.000,0.000,0.00,0.000,7.0,10.4,1.4,214,21,7.4,11.1,1.5,218,22,7.0,10.4,1.4,214,21,728,29.58,,0,0,0,69.3,69.3,69.6,0.20,0.16,0.28
CAMD,2017-08-21 12:15:00 EDT,43.33985,-75.74299,493,81.3,80.3,83.0,57.1,64.6,0.000,0.000,0.00,0.000,4.9,9.1,1.8,172,37,5.6,11.4,1.8,176,36,4.9,9.1,1.8,172,37,729,29.59,,0,0,0,69.3,69.3,69.6,0.20,0.16,0.29
CAMD,2017-08-21 12:20:00 EDT,43.33985,-75.74299,493,81.7,80.9,82.9,53.0,62.9,0.000,0.000,0.00,0.000,6.3,9.9,1.8,202,22,6.7,10.6,1.7,205,22,6.3,9.9,1.8,202,22,733,29.59,,0,0,0,69.6,69.3,69.6,0.20,0.16,0.29
CAMD,2017-08-21 12:25:00 EDT,43.33985,-75.74299,493,81.1,80.5,82.1,51.5,61.6,0.000,0.000,0.00,0.000,5.4,9.0,1.8,213,24,5.8,9.9,1.9,216,24,5.4,9.0,1.8,213,24,731,29.59,,0,0,0,69.6,69.3,69.6,0.20,0.16,0.29
CAMD,2017-08-21 12:30:00 EDT,43.33985,-75.74299,493,80.9,80.5,82.1,53.5,62.5,0.000,0.000,0.00,0.000,5.7,9.2,1.8,229,14,5.7,10.1,1.8,234,14,5.7,9.2,1.8,229,14,713,29.59,,0,0,0,69.6,69.3,69.6,0.20,0.16,0.28
CAMD,2017-08-21 12:35:00 EDT,43.33985,-75.74299,493,81.2,80.8,82.1,51.1,61.4,0.000,0.000,0.00,0.000,4.7,8.4,2.1,244,19,5.3,10.3,2.3,249,18,4.7,8.4,2.1,244,19,708,29.59,,0,0,0,69.6,69.3,69.6,0.20,0.16,0.28
CAMD,2017-08-21 12:40:00 EDT,43.33985,-75.74299,493,81.6,81.1,82.4,50.6,61.4,0.000,0.000,0.00,0.000,5.8,9.0,1.5,233,16,6.0,9.5,1.8,239,17,5.8,9.0,1.5,233,16,703,29.58,,0,0,0,69.7,69.3,69.6,0.20,0.16,0.28
CAMD,2017-08-21 12:45:00 EDT,43.33985,-75.74299,493,82.1,81.2,83.3,52.8,63.1,0.000,0.000,0.00,0.000,4.9,8.0,1.1,184,16,5.6,8.8,1.2,188,14,4.9,8.0,1.1,184,16,697,29.58,,0,0,0,69.9,69.3,69.6,0.20,0.16,0.28
CAMD,2017-08-21 12:50:00 EDT,43.33985,-75.74299,493,82.6,81.7,83.5,50.7,62.5,0.000,0.000,0.00,0.000,6.2,12.1,2.5,195,18,6.9,14.0,2.5,197,16,6.2,12.1,2.5,195,18,703,29.58,,0,0,0,70.0,69.3,69.6,0.20,0.16,0.28
CAMD,2017-08-21 12:55:00 EDT,43.33985,-75.74299,493,82.3,81.7,83.3,50.6,62.2,0.000,0.000,0.00,0.000,5.2,9.0,1.4,189,15,5.9,11.2,1.6,192,14,5.2,9.0,1.4,189,15,704,29.58,,0,0,0,70.0,69.3,69.6,0.21,0.16,0.28
CAMD,2017-08-21 13:00:00 EDT,43.33985,-75.74299,493,83.0,82.4,83.8,49.6,62.2,0.000,0.000,0.00,0.000,3.6,8.1,1.4,198,25,4.1,8.5,1.6,203,25,3.6,8.1,1.4,198,25,707,29.58,,0,0,0,70.0,69.3,69.6,0.20,0.16,0.28
CAMD,2017-08-21 13:05:00 EDT,43.33985,-75.74299,493,82.8,82.4,83.5,49.3,61.8,0.000,0.000,0.00,0.000,1.8,6.8,1.3,221,44,2.3,9.6,1.8,230,44,1.8,6.8,1.3,221,44,708,29.58,,0,0,0,70.0,69.3,69.6,0.20,0.16,0.28
CAMD,2017-08-21 13:10:00 EDT,43.33985,-75.74299,493,82.8,82.1,83.6,49.3,61.9,0.000,0.000,0.00,0.000,6.0,8.4,1.5,192,9,6.6,9.8,1.7,196,9,6.0,8.4,1.5,192,9,661,29.58,,0,0,0,70.2,69.3,69.6,0.20,0.16,0.28
CAMD,2017-08-21 13:15:00 EDT,43.33985,-75.74299,493,83.1,82.5,84.2,50.4,62.8,0.000,0.000,0.00,0.000,4.2,7.5,1.5,184,27,4.8,8.8,1.7,190,25,4.2,7.5,1.5,184,27,733,29.58,,0,0,0,70.3,69.3,69.6,0.20,0.16,0.29
CAMD,2017-08-21 13:20:00 EDT,43.33985,-75.74299,493,83.6,82.8,85.0,52.3,64.2,0.000,0.000,0.00,0.000,5.1,9.5,1.7,177,22,5.8,11.2,1.7,181,20,5.1,9.5,1.7,177,22,728,29.58,,0,0,0,70.3,69.3,69.6,0.20,0.16,0.28
CAMD,2017-08-21 13:25:00 EDT,43.33985,-75.74299,493,83.5,82.8,84.7,51.0,63.4,0.000,0.000,0.00,0.000,4.9,8.3,1.8,205,23,5.1,9.9,1.9,209,22,4.9,8.3,1.8,205,23,716,29.58,,0,0,0,70.3,69.3,69.6,0.20,0.16,0.28
CAMD,2017-08-21 13:30:00 EDT,43.33985,-75.74299,493,83.4,82.5,84.8,52.1,64.0,0.000,0.000,0.00,0.000,4.8,10.2,2.2,195,25,5.5,11.3,2.5,198,24,4.8,10.2,2.2,195,25,677,29.57,,0,0,0,70.3,69.4,69.6,0.20,0.15,0.28
CAMD,2017-08-21 13:35:00 EDT,43.33985,-75.74299,493,83.4,82.8,84.4,50.1,62.9,0.000,0.000,0.00,0.000,5.9,11.5,2.3,216,17,6.4,11.7,2.2,219,18,5.9,11.5,2.3,216,17,651,29.57,,0,0,0,70.6,69.4,69.6,0.20,0.16,0.28
CAMD,2017-08-21 13:40:00 EDT,43.33985,-75.74299,493,82.8,82.5,83.5,48.5,61.4,0.000,0.000,0.00,0.000,7.3,12.6,2.3,221,15,7.4,14.3,2.3,225,14,7.3,12.6,2.3,221,15,630,29.57,,0,0,0,70.7,69.4,69.6,0.20,0.16,0.28
CAMD,2017-08-21 13:45:00 EDT,43.33985,-75.74299,493,82.7,82.3,83.4,49.0,61.6,0.000,0.000,0.00,0.000,7.0,12.3,2.4,225,14,7.1,12.6,2.4,229,15,7.0,12.3,2.4,225,14,594,29.57,,0,0,0,70.7,69.4,69.6,0.20,0.15,0.28
CAMD,2017-08-21 13:50:00 EDT,43.33985,-75.74299,493,83.0,82.4,83.9,50.0,62.4,0.000,0.000,0.00,0.000,4.4,8.6,2.5,224,20,4.7,9.4,2.4,229,21,4.4,8.6,2.5,224,20,551,29.57,,0,0,0,70.7,69.4,69.5,0.20,0.16,0.28
CAMD,2017-08-21 13:55:00 EDT,43.33985,-75.74299,493,83.1,82.6,84.1,50.5,62.8,0.000,0.000,0.00,0.000,3.2,9.6,2.1,184,26,3.8,10.9,2.3,190,28,3.2,9.6,2.1,184,26,509,29.57,,0,0,0,70.7,69.4,69.5,0.20,0.16,0.28
CAMD,2017-08-21 14:00:00 EDT,43.33985,-75.74299,493,82.9,82.5,83.4,48.1,61.2,0.000,0.000,0.00,0.000,6.1,12.6,2.4,201,17,6.5,14.1,2.5,204,17,6.1,12.6,2.4,201,17,467,29.57,,0,0,0,70.7,69.5,69.5,0.20,0.16,0.28
CAMD,2017-08-21 14:05:00 EDT,43.33985,-75.74299,493,82.7,82.4,83.5,49.9,62.1,0.000,0.000,0.00,0.000,3.6,7.7,1.6,216,30,3.9,8.8,1.6,220,30,3.6,7.7,1.6,216,30,421,29.56,,0,0,0,71.0,69.6,69.5,0.20,0.16,0.28
CAMD,2017-08-21 14:10:00 EDT,43.33985,-75.74299,493,82.5,82.3,83.1,49.1,61.4,0.000,0.000,0.00,0.000,1.8,4.9,1.2,244,27,2.2,4.4,1.1,246,31,1.8,4.9,1.2,244,27,378,29.56,,0,0,0,71.1,69.6,69.5,0.20,0.16,0.28
CAMD,2017-08-21 14:15:00 EDT,43.33985,-75.74299,493,82.8,82.6,83.5,49.3,61.9,0.000,0.000,0.00,0.000,3.0,5.6,1.0,223,18,3.1,5.4,1.0,225,18,3.0,5.6,1.0,223,18,334,29.56,,0,0,0,71.1,69.6,69.5,0.20,0.16,0.28
CAMD,2017-08-21 14:20:00 EDT,43.33985,-75.74299,493,82.5,82.4,83.1,48.9,61.4,0.000,0.000,0.00,0.000,3.8,7.5,1.5,220,26,4.3,8.6,1.4,221,26,3.8,7.5,1.5,220,26,296,29.55,,0,0,0,71.1,69.6,69.5,0.20,0.16,0.28
CAMD,2017-08-21 14:25:00 EDT,43.33985,-75.74299,493,82.3,82.3,83.1,50.4,62.0,0.000,0.000,0.00,0.000,3.7,6.7,1.1,208,20,4.0,7.3,1.1,212,21,3.7,6.7,1.1,208,20,256,29.55,,0,0,0,71.1,69.6,69.6,0.20,0.16,0.28
CAMD,2017-08-21 14:30:00 EDT,43.33985,-75.74299,493,82.1,82.2,82.9,49.8,61.5,0.000,0.000,0.00,0.000,3.1,5.7,1.1,221,20,3.2,6.2,1.1,227,22,3.1,5.7,1.1,221,20,232,29.55,,0,0,0,71.3,69.7,69.4,0.20,0.16,0.28
CAMD,2017-08-21 14:35:00 EDT,43.33985,-75.74299,493,81.9,82.1,83.0,52.2,62.6,0.000,0.000,0.00,0.000,4.0,6.7,1.5,208,28,4.3,7.3,1.5,213,28,4.0,6.7,1.5,208,28,201,29.55,,0,0,0,71.4,69.6,69.6,0.20,0.16,0.28
CAMD,2017-08-21 14:40:00 EDT,43.33985,-75.74299,493,81.9,82.2,82.7,50.1,61.5,0.000,0.000,0.00,0.000,4.1,6.1,0.9,222,18,4.1,7.0,1.1,228,17,4.1,6.1,0.9,222,18,195,29.55,,0,0,0,71.4,69.7,69.5,0.20,0.16,0.28
CAMD,2017-08-21 14:45:00 EDT,43.33985,-75.74299,493,81.8,82.0,82.7,50.7,61.8,0.000,0.000,0.00,0.000,3.5,6.6,1.0,225,13,3.5,6.9,1.2,228,13,3.5,6.6,1.0,225,13,209,29.55,,0,0,0,71.4,69.7,69.5,0.20,0.16,0.28
CAMD,2017-08-21 14:50:00 EDT,43.33985,-75.74299,493,81.4,81.7,82.9,55.5,64.0,0.000,0.000,0.00,0.000,1.3,3.6,0.8,230,33,1.7,4.3,0.8,236,40,1.3,3.6,0.8,230,33,224,29.55,,0,0,0,71.4,69.8,69.5,0.20,0.16,0.28
CAMD,2017-08-21 14:55:00 EDT,43.33985,-75.74299,493,80.8,81.6,82.4,56.7,64.0,0.000,0.000,0.00,0.000,2.3,4.4,1.2,227,14,2.5,5.4,1.3,231,15,2.3,4.4,1.2,227,14,177,29.55,,0,0,0,71.4,69.8,69.5,0.20,0.16,0.28
CAMD,2017-08-21 15:00:00 EDT,43.33985,-75.74299,493,79.4,80.9,79.4,63.1,65.8,0.000,0.000,0.00,0.000,1.9,4.7,0.9,256,29,2.2,5.4,1.1,265,31,1.9,4.7,0.9,256,29,145,29.55,,0,0,0,71.4,69.9,69.5,0.20,0.16,0.28
CAMD,2017-08-21 15:05:00 EDT,43.33985,-75.74299,493,80.6,81.4,82.2,57.8,64.3,0.000,0.000,0.00,0.000,1.4,4.2,1.0,257,31,1.6,4.0,0.9,268,29,1.4,4.2,1.0,257,31,294,29.55,,0,0,0,71.4,69.9,69.5,0.20,0.16,0.28
CAMD,2017-08-21 15:10:00 EDT,43.33985,-75.74299,493,80.6,81.4,83.1,63.7,67.2,0.000,0.000,0.00,0.000,0.7,1.8,0.5,282,19,1.2,2.2,0.5,276,28,0.7,1.8,0.5,282,19,273,29.55,,0,0,0,71.4,69.9,69.5,0.20,0.16,0.28
CAMD,2017-08-21 15:15:00 EDT,43.33985,-75.74299,493,81.5,81.6,82.9,55.4,63.9,0.000,0.000,0.00,0.000,1.6,3.7,1.0,268,21,1.8,5.4,1.1,275,20,1.6,3.7,1.0,268,21,413,29.55,,0,0,0,71.4,69.9,69.4,0.20,0.16,0.28
CAMD,2017-08-21 15:20:00 EDT,43.33985,-75.74299,493,82.4,82.2,83.4,51.5,62.7,0.000,0.000,0.00,0.000,1.8,3.4,0.8,269,29,2.2,4.5,0.8,273,29,1.8,3.4,0.8,269,29,486,29.55,,0,0,0,71.4,69.9,69.5,0.20,0.16,0.28
CAMD,2017-08-21 15:25:00 EDT,43.33985,-75.74299,493,82.5,82.4,83.1,48.5,61.1,0.000,0.000,0.00,0.000,3.6,5.8,1.0,217,15,3.5,6.5,1.2,221,15,3.6,5.8,1.0,217,15,287,29.55,,0,0,0,71.4,70.0,69.5,0.20,0.16,0.28
CAMD,2017-08-21 15:30:00 EDT,43.33985,-75.74299,493,82.4,82.4,83.2,49.3,61.5,0.000,0.000,0.00,0.000,2.3,4.7,0.9,232,23,2.3,5.3,1.0,237,25,2.3,4.7,0.9,232,23,375,29.54,,0,0,0,71.4,70.0,69.5,0.20,0.15,0.28
CAMD,2017-08-21 15:35:00 EDT,43.33985,-75.74299,493,83.4,82.9,84.7,51.8,63.8,0.000,0.000,0.00,0.000,2.5,5.0,1.3,222,44,2.9,5.9,1.3,229,45,2.5,5.0,1.3,222,44,574,29.54,,0,0,0,71.4,70.0,69.5,0.20,0.16,0.28
CAMD,2017-08-21 15:40:00 EDT,43.33985,-75.74299,493,83.1,82.8,83.7,48.3,61.5,0.000,0.000,0.00,0.000,3.0,5.2,1.1,268,32,3.5,5.9,1.2,275,33,3.0,5.2,1.1,268,32,564,29.54,,0,0,0,71.5,70.0,69.4,0.20,0.16,0.28
CAMD,2017-08-21 15:45:00 EDT,43.33985,-75.74299,493,83.0,82.7,83.7,49.0,61.9,0.000,0.000,0.00,0.000,1.6,4.6,1.3,302,25,2.1,5.5,1.4,308,27,1.6,4.6,1.3,302,25,487,29.54,,0,0,0,71.5,70.0,69.5,0.20,0.15,0.28
CAMD,2017-08-21 15:50:00 EDT,43.33985,-75.74299,493,83.1,82.8,83.6,47.5,61.1,0.000,0.000,0.00,0.000,1.2,2.5,0.9,252,18,1.5,3.4,1.0,256,29,1.2,2.5,0.9,252,18,557,29.54,,0,0,0,71.8,70.0,69.5,0.20,0.15,0.28
CAMD,2017-08-21 15:55:00 EDT,43.33985,-75.74299,493,83.5,83.1,84.1,48.0,61.7,0.000,0.000,0.00,0.000,2.6,6.0,1.8,274,21,3.2,6.7,1.8,276,26,2.6,6.0,1.8,274,21,555,29.54,,0,0,0,71.8,70.0,69.5,0.20,0.16,0.28
CAMD,2017-08-21 16:00:00 EDT,43.33985,-75.74299,493,83.3,83.0,83.9,47.7,61.4,0.000,0.000,0.00,0.000,3.1,5.6,1.3,238,32,3.2,6.7,1.3,244,32,3.1,5.6,1.3,238,32,533,29.54,,0,0,0,71.8,70.0,69.5,0.20,0.16,0.28
CAMD,2017-08-21 16:05:00 EDT,43.33985,-75.74299,493,83.6,83.0,84.3,47.9,61.8,0.000,0.000,0.00,0.000,3.6,7.3,1.4,195,18,4.0,7.4,1.4,198,16,3.6,7.3,1.4,195,18,522,29.54,,0,0,0,71.8,70.1,69.5,0.20,0.15,0.28
CAMD,2017-08-21 16:10:00 EDT,43.33985,-75.74299,493,83.4,83.1,83.6,45.5,60.1,0.000,0.000,0.00,0.000,2.3,5.2,1.2,260,18,2.7,6.9,1.3,268,18,2.3,5.2,1.2,260,18,515,29.53,,0,0,0,71.8,70.0,69.5,0.20,0.16,0.28
CAMD,2017-08-21 16:15:00 EDT,43.33985,-75.74299,493,83.9,83.3,84.8,48.8,62.6,0.000,0.000,0.00,0.000,3.3,5.8,1.7,165,19,3.7,6.6,1.7,168,20,3.3,5.8,1.7,165,19,502,29.53,,0,0,0,71.8,70.0,69.5,0.20,0.16,0.28
CAMD,2017-08-21 16:20:00 EDT,43.33985,-75.74299,493,84.1,83.4,85.2,49.6,63.3,0.000,0.000,0.00,0.000,3.3,5.7,1.3,148,11,3.6,6.4,1.5,152,11,3.3,5.7,1.3,148,11,491,29.53,,0,0,0,71.8,70.1,69.4,0.20,0.16,0.28
CAMD,2017-08-21 16:25:00 EDT,43.33985,-75.74299,493,84.3,83.4,85.4,49.4,63.3,0.000,0.000,0.00,0.000,2.5,4.9,1.3,162,26,3.0,5.6,1.5,167,28,2.5,4.9,1.3,162,26,483,29.53,,0,0,0,71.8,70.2,69.5,0.20,0.16,0.28
CAMD,2017-08-21 16:30:00 EDT,43.33985,-75.74299,493,84.0,83.5,84.7,47.9,62.1,0.000,0.000,0.00,0.000,2.4,4.7,1.1,243,34,2.9,6.0,1.2,252,36,2.4,4.7,1.1,243,34,471,29.53,,0,0,0,71.8,70.3,69.4,0.20,0.16,0.28
CAMD,2017-08-21 16:35:00 EDT,43.33985,-75.74299,493,84.0,83.6,84.9,48.5,62.5,0.000,0.000,0.00,0.000,4.2,7.2,1.2,218,22,4.4,7.4,1.2,223,22,4.2,7.2,1.2,218,22,455,29.53,,0,0,0,71.8,70.3,69.3,0.20,0.16,0.28
CAMD,2017-08-21 16:40:00 EDT,43.33985,-75.74299,493,83.7,83.3,84.5,49.0,62.5,0.000,0.000,0.00,0.000,3.3,6.6,1.7,233,18,3.6,7.7,1.7,240,20,3.3,6.6,1.7,233,18,442,29.53,,0,0,0,71.8,70.3,69.4,0.20,0.15,0.28
CAMD,2017-08-21 16:45:00 EDT,43.33985,-75.74299,493,83.8,83.4,84.7,49.1,62.7,0.000,0.000,0.00,0.000,2.6,6.0,1.2,232,22,2.9,6.7,1.2,240,22,2.6,6.0,1.2,232,22,429,29.53,,0,0,0,72.3,70.3,69.5,0.20,0.15,0.28
CAMD,2017-08-21 16:50:00 EDT,43.33985,-75.74299,493,84.0,83.7,85.1,49.8,63.3,0.000,0.000,0.00,0.000,1.3,3.9,1.2,204,41,1.8,4.7,1.2,208,47,1.3,3.9,1.2,204,41,419,29.53,,0,0,0,72.3,70.3,69.5,0.20,0.15,0.28
CAMD,2017-08-21 16:55:00 EDT,43.33985,-75.74299,493,84.3,83.9,85.5,49.8,63.5,0.000,0.000,0.00,0.000,4.0,6.4,1.2,168,17,4.5,7.0,1.4,172,17,4.0,6.4,1.2,168,17,413,29.53,,0,0,0,72.3,70.3,69.5,0.20,0.15,0.28
CAMD,2017-08-21 17:00:00 EDT,43.33985,-75.74299,493,84.3,84.0,85.2,48.5,62.8,0.000,0.000,0.00,0.000,3.1,6.6,1.7,191,31,3.7,7.5,1.9,195,31,3.1,6.6,1.7,191,31,404,29.53,,0,0,0,72.3,70.3,69.4,0.20,0.16,0.28
CAMD,2017-08-21 17:05:00 EDT,43.33985,-75.74299,493,84.1,83.8,85.1,49.0,62.9,0.000,0.000,0.00,0.000,4.6,7.7,1.3,190,18,5.1,9.0,1.5,196,16,4.6,7.7,1.3,190,18,388,29.53,,0,0,0,72.3,70.3,69.5,0.20,0.15,0.29
CAMD,2017-08-21 17:10:00 EDT,43.33985,-75.74299,493,84.0,83.7,84.7,47.9,62.1,0.000,0.000,0.00,0.000,4.1,6.9,1.5,210,14,4.3,7.8,1.5,213,15,4.1,6.9,1.5,210,14,372,29.53,,0,0,0,72.3,70.4,69.4,0.20,0.15,0.28
CAMD,2017-08-21 17:15:00 EDT,43.33985,-75.74299,493,83.7,83.6,84.6,49.1,62.6,0.000,0.000,0.00,0.000,2.9,5.6,1.6,254,21,3.2,7.0,1.8,260,21,2.9,5.6,1.6,254,21,363,29.52,,0,0,0,72.3,70.4,69.5,0.20,0.16,0.28
CAMD,2017-08-21 17:20:00 EDT,43.33985,-75.74299,493,84.0,83.8,84.8,48.3,62.4,0.000,0.000,0.00,0.000,3.0,5.5,1.7,216,15,3.3,6.2,1.6,221,14,3.0,5.5,1.7,216,15,349,29.52,,0,0,0,72.3,70.4,69.5,0.20,0.15,0.28
CAMD,2017-08-21 17:25:00 EDT,43.33985,-75.74299,493,84.3,84.1,85.4,49.6,63.4,0.000,0.000,0.00,0.000,4.2,7.1,1.3,217,22,4.5,8.3,1.5,221,22,4.2,7.1,1.3,217,22,331,29.53,,0,0,0,72.3,70.4,69.4,0.20,0.16,0.28
CAMD,2017-08-21 17:30:00 EDT,43.33985,-75.74299,493,84.0,83.9,84.7,48.0,62.2,0.000,0.000,0.00,0.000,3.6,6.9,1.5,245,31,4.0,8.8,1.6,251,34,3.6,6.9,1.5,245,31,274,29.52,,0,0,0,72.3,70.4,69.4,0.20,0.15,0.28
CAMD,2017-08-21 17:35:00 EDT,43.33985,-75.74299,493,83.7,83.7,84.6,49.1,62.6,0.000,0.000,0.00,0.000,3.1,5.5,1.0,236,27,3.3,7.1,1.3,241,26,3.1,5.5,1.0,236,27,311,29.52,,0,0,0,72.3,70.6,69.5,0.20,0.15,0.28
CAMD,2017-08-21 17:40:00 EDT,43.33985,-75.74299,493,83.9,83.9,84.7,48.6,62.5,0.000,0.000,0.00,0.000,5.1,9.3,1.7,221,26,5.5,10.2,1.9,228,28,5.1,9.3,1.7,221,26,295,29.52,,0,0,0,72.4,70.6,69.4,0.20,0.15,0.28
CAMD,2017-08-21 17:45:00 EDT,43.33985,-75.74299,493,83.7,83.7,84.6,49.1,62.5,0.000,0.000,0.00,0.000,3.3,7.6,2.0,228,26,3.7,8.5,1.9,235,28,3.3,7.6,2.0,228,26,280,29.52,,0,0,0,72.6,70.7,69.4,0.20,0.15,0.28
CAMD,2017-08-21 17:50:00 EDT,43.33985,-75.74299,493,83.7,83.6,84.3,48.0,61.9,0.000,0.000,0.00,0.000,3.4,6.7,0.9,240,24,3.8,7.2,1.0,248,24,3.4,6.7,0.9,240,24,266,29.52,,0,0,0,72.7,70.7,69.5,0.20,0.15,0.28
CAMD,2017-08-21 17:55:00 EDT,43.33985,-75.74299,493,83.6,83.7,84.5,48.9,62.4,0.000,0.000,0.00,0.000,3.7,7.0,1.1,217,21,3.9,7.2,1.3,222,21,3.7,7.0,1.1,217,21,223,29.52,,0,0,0,72.7,70.7,69.5,0.20,0.15,0.28
CAMD,2017-08-21 18:00:00 EDT,43.33985,-75.74299,493,83.4,83.5,84.2,49.1,62.3,0.000,0.000,0.00,0.000,4.9,7.3,1.2,227,15,4.9,7.5,1.2,233,15,4.9,7.3,1.2,227,15,225,29.51,,0,0,0,72.7,70.7,69.4,0.20,0.15,0.28
CAMD,2017-08-21 18:05:00 EDT,43.33985,-75.74299,493,83.4,83.5,84.1,48.4,62.0,0.000,0.000,0.00,0.000,4.5,7.7,1.2,228,16,4.6,8.0,1.3,232,16,4.5,7.7,1.2,228,16,227,29.51,,0,0,0,72.7,70.7,69.5,0.20,0.15,0.28
CAMD,2017-08-21 18:10:00 EDT,43.33985,-75.74299,493,83.1,83.3,84.2,50.9,63.0,0.000,0.000,0.00,0.000,3.0,7.6,1.5,212,26,3.2,8.5,1.7,217,28,3.0,7.6,1.5,212,26,196,29.51,,0,0,0,72.7,70.7,69.5,0.20,0.15,0.28
CAMD,2017-08-21 18:15:00 EDT,43.33985,-75.74299,493,82.9,83.2,83.9,51.1,62.9,0.000,0.000,0.00,0.000,3.4,6.1,1.0,211,22,3.6,6.0,1.2,217,23,3.4,6.1,1.0,211,22,171,29.51,,0,0,0,72.7,70.7,69.5,0.20,0.15,0.28
CAMD,2017-08-21 18:20:00 EDT,43.33985,-75.74299,493,82.6,83.0,83.7,51.6,63.0,0.000,0.000,0.00,0.000,3.9,5.7,0.8,214,13,4.0,6.8,1.0,218,13,3.9,5.7,0.8,214,13,141,29.51,,0,0,0,72.7,70.7,69.4,0.20,0.15,0.28
CAMD,2017-08-21 18:25:00 EDT,43.33985,-75.74299,493,82.3,82.9,83.5,52.5,63.2,0.000,0.000,0.00,0.000,4.0,6.1,1.1,208,16,4.3,6.7,1.2,211,16,4.0,6.1,1.1,208,16,111,29.51,,0,0,0,72.7,70.7,69.5,0.20,0.15,0.29
CAMD,2017-08-21 18:30:00 EDT,43.33985,-75.74299,493,82.1,82.7,83.4,53.1,63.3,0.000,0.000,0.00,0.000,3.5,6.2,1.3,220,16,3.6,6.7,1.3,226,15,3.5,6.2,1.3,220,16,118,29.51,,0,0,0,72.7,70.7,69.5,0.20,0.15,0.29
CAMD,2017-08-21 18:35:00 EDT,43.33985,-75.74299,493,81.3,81.9,83.0,56.9,64.6,0.000,0.000,0.00,0.000,0.7,2.8,0.6,195,38,0.9,2.2,0.6,183,43,0.7,2.8,0.6,195,38,128,29.51,,0,0,0,72.7,70.7,69.5,0.20,0.15,0.29
CAMD,2017-08-21 18:40:00 EDT,43.33985,-75.74299,493,79.5,81.5,79.5,62.6,65.6,0.000,0.000,0.00,0.000,0.2,1.5,0.3,144,40,0.6,2.7,0.6,187,43,0.2,1.5,0.3,144,40,132,29.51,,0,0,0,72.7,70.7,69.5,0.20,0.15,0.29
CAMD,2017-08-21 18:45:00 EDT,43.33985,-75.74299,493,79.4,81.5,79.4,61.8,65.1,0.000,0.000,0.00,0.000,0.2,1.4,0.4,174,15,0.5,2.0,0.6,199,34,0.2,1.4,0.4,174,15,119,29.51,,0,0,0,72.7,70.8,69.5,0.20,0.15,0.28
CAMD,2017-08-21 18:50:00 EDT,43.33985,-75.74299,493,78.6,81.2,78.6,65.9,66.2,0.000,0.000,0.00,0.000,0.6,2.6,0.6,234,22,1.1,3.6,0.9,237,30,0.6,2.6,0.6,234,22,70,29.51,,0,0,0,72.7,70.7,69.5,0.20,0.15,0.28
CAMD,2017-08-21 18:55:00 EDT,43.33985,-75.74299,493,77.8,80.6,77.8,68.1,66.4,0.000,0.000,0.00,0.000,0.2,1.0,0.3,157,28,0.5,1.4,0.5,151,33,0.2,1.0,0.3,157,28,63,29.51,,0,0,0,72.7,70.8,69.5,0.20,0.15,0.28
CAMD,2017-08-21 19:00:00 EDT,43.33985,-75.74299,493,77.4,79.9,77.4,69.8,66.7,0.000,0.000,0.00,0.000,0.0,0.1,0.0,77,0,0.2,1.2,0.4,102,10,0.0,0.1,0.0,77,0,60,29.52,,0,0,0,72.7,70.8,69.5,0.20,0.15,0.29
CAMD,2017-08-21 19:05:00 EDT,43.33985,-75.74299,493,75.8,79.5,75.8,75.3,67.4,0.000,0.000,0.00,0.000,0.3,1.1,0.4,35,13,0.6,1.5,0.5,45,22,0.3,1.1,0.4,35,13,54,29.51,,0,0,0,72.7,70.8,69.5,0.20,0.15,0.28
CAMD,2017-08-21 19:10:00 EDT,43.33985,-75.74299,493,75.1,78.8,75.1,77.7,67.7,0.000,0.000,0.00,0.000,1.0,1.5,0.2,29,13,1.3,1.9,0.2,33,12,1.0,1.5,0.2,29,13,44,29.51,,0,0,0,72.7,70.9,69.5,0.20,0.15,0.29
CAMD,2017-08-21 19:15:00 EDT,43.33985,-75.74299,493,74.8,77.5,74.8,81.4,68.7,0.000,0.000,0.00,0.000,0.7,1.1,0.2,30,4,1.0,1.3,0.2,26,9,0.7,1.1,0.2,30,4,36,29.51,,0,0,0,72.7,70.8,69.5,0.20,0.15,0.28
CAMD,2017-08-21 19:20:00 EDT,43.33985,-75.74299,493,74.3,77.1,74.3,83.4,68.9,0.000,0.000,0.00,0.000,0.7,0.9,0.1,14,3,1.0,1.2,0.1,9,5,0.7,0.9,0.1,14,3,31,29.52,,0,0,0,72.7,70.8,69.5,0.20,0.15,0.28
CAMD,2017-08-21 19:25:00 EDT,43.33985,-75.74299,493,73.6,76.4,73.6,85.3,68.9,0.000,0.000,0.00,0.000,0.5,0.9,0.3,12,3,0.8,1.2,0.3,20,10,0.5,0.9,0.3,12,3,26,29.52,,0,0,0,72.7,70.9,69.5,0.20,0.15,0.28
CAMD,2017-08-21 19:30:00 EDT,43.33985,-75.74299,493,73.6,75.8,73.6,84.0,68.5,0.000,0.000,0.00,0.000,0.5,0.8,0.2,15,81,0.9,1.2,0.2,14,6,0.5,0.8,0.2,15,81,21,29.52,,0,0,0,72.7,71.0,69.5,0.20,0.15,0.28
CAMD,2017-08-21 19:35:00 EDT,43.33985,-75.74299,493,73.4,75.2,73.4,84.8,68.5,0.000,0.000,0.00,0.000,0.1,0.6,0.2,51,19,0.5,1.0,0.4,69,26,0.1,0.6,0.2,51,19,17,29.51,,0,0,0,72.7,71.0,69.6,0.20,0.15,0.29
CAMD,2017-08-21 19:40:00 EDT,43.33985,-75.74299,493,72.7,74.7,72.7,85.9,68.2,0.000,0.000,0.00,0.000,0.4,1.2,0.4,49,10,0.8,1.8,0.4,52,12,0.4,1.2,0.4,49,10,14,29.51,,0,0,0,72.7,71.1,69.5,0.20,0.15,0.28
CAMD,2017-08-21 19:45:00 EDT,43.33985,-75.74299,493,72.5,74.1,72.5,86.0,68.1,0.000,0.000,0.00,0.000,0.5,0.9,0.3,68,20,0.8,1.4,0.5,78,19,0.5,0.9,0.3,68,20,11,29.51,,0,0,0,72.7,71.1,69.5,0.20,0.15,0.28
CAMD,2017-08-21 19:50:00 EDT,43.33985,-75.74299,493,72.0,73.8,72.0,87.4,68.0,0.000,0.000,0.00,0.000,0.0,0.5,0.1,96,0,0.2,1.0,0.4,31,21,0.0,0.5,0.1,96,0,7,29.51,,0,0,0,72.7,71.1,69.6,0.20,0.15,0.28
CAMD,2017-08-21 19:55:00 EDT,43.33985,-75.74299,493,71.5,73.4,71.5,88.7,68.0,0.000,0.000,0.00,0.000,0.3,1.2,0.4,25,2,0.6,1.4,0.5,26,11,0.3,1.2,0.4,25,2,4,29.51,,0,0,0,72.7,71.1,69.6,0.20,0.16,0.28
CAMD,2017-08-21 20:00:00 EDT,43.33985,-75.74299,493,71.4,73.5,71.4,89.0,68.0,0.000,0.000,0.00,0.000,0.7,1.3,0.3,32,5,0.8,1.4,0.4,32,10,0.7,1.3,0.3,32,5,2,29.51,,0,0,0,72.7,71.1,69.5,0.20,0.15,0.28
CAMD,2017-08-21 20:05:00 EDT,43.33985,-75.74299,493,71.0,72.9,71.0,89.8,67.8,0.000,0.000,0.00,0.000,1.1,2.1,0.4,24,8,1.4,2.1,0.3,26,11,1.1,2.1,0.4,24,8,1,29.51,,0,0,0,72.7,71.1,69.6,0.20,0.15,0.29
CAMD,2017-08-21 20:10:00 EDT,43.33985,-75.74299,493,70.5,72.1,70.5,90.6,67.6,0.000,0.000,0.00,0.000,0.7,0.9,0.2,21,3,1.0,1.3,0.2,20,9,0.7,0.9,0.2,21,3,1,29.51,,0,0,0,72.7,71.1,69.6,0.20,0.15,0.29
CAMD,2017-08-21 20:15:00 EDT,43.33985,-75.74299,493,70.0,71.8,70.0,91.6,67.5,0.000,0.000,0.00,0.000,1.0,1.2,0.1,11,7,1.3,1.6,0.1,9,3,1.0,1.2,0.1,11,7,0,29.51,,0,0,0,72.7,71.1,69.6,0.20,0.15,0.29
CAMD,2017-08-21 20:20:00 EDT,43.33985,-75.74299,493,69.8,71.5,69.8,91.9,67.3,0.000,0.000,0.00,0.000,0.8,1.0,0.2,17,9,1.0,1.3,0.3,25,11,0.8,1.0,0.2,17,9,0,29.51,,0,0,0,72.7,71.1,69.6,0.20,0.15,0.28
CAMD,2017-08-21 20:25:00 EDT,43.33985,-75.74299,493,69.7,71.4,69.7,92.4,67.4,0.000,0.000,0.00,0.000,0.0,0.0,0.0,0,0,0.0,0.8,0.1,6,0,0.0,0.0,0.0,0,0,0,29.51,,0,0,0,72.7,71.1,69.6,0.20,0.16,0.28
CAMD,2017-08-21 20:30:00 EDT,43.33985,-75.74299,493,69.3,71.0,69.3,92.9,67.1,0.000,0.000,0.00,0.000,0.2,0.7,0.3,331,0,0.4,1.2,0.5,329,3,0.2,0.7,0.3,331,0,0,29.51,,0,0,0,72.7,71.1,69.6,0.20,0.15,0.29
CAMD,2017-08-21 20:35:00 EDT,43.33985,-75.74299,493,69.2,70.7,69.2,93.1,67.1,0.000,0.000,0.00,0.000,0.1,0.6,0.2,331,0,0.4,1.1,0.4,339,6,0.1,0.6,0.2,331,0,0,29.52,,0,0,0,72.6,71.2,69.6,0.20,0.15,0.29
CAMD,2017-08-21 20:40:00 EDT,43.33985,-75.74299,493,68.8,70.6,68.8,93.8,66.9,0.000,0.000,0.00,0.000,0.2,0.6,0.2,335,6,0.6,1.1,0.4,358,13,0.2,0.6,0.2,335,6,0,29.52,,0,0,0,72.4,71.2,69.6,0.20,0.16,0.29
CAMD,2017-08-21 20:45:00 EDT,43.33985,-75.74299,493,68.3,70.0,68.3,94.3,66.6,0.000,0.000,0.00,0.000,0.7,1.1,0.2,352,6,1.2,1.7,0.2,357,6,0.7,1.1,0.2,352,6,0,29.52,,0,0,0,72.3,71.2,69.6,0.20,0.16,0.28
CAMD,2017-08-21 20:50:00 EDT,43.33985,-75.74299,493,68.2,69.9,68.2,95.0,66.7,0.000,0.000,0.00,0.000,0.6,1.2,0.4,342,9,0.9,1.7,0.5,349,12,0.6,1.2,0.4,342,9,0,29.52,,0,0,0,72.3,71.1,69.6,0.20,0.15,0.28
CAMD,2017-08-21 20:55:00 EDT,43.33985,-75.74299,493,67.7,69.4,67.7,95.0,66.2,0.000,0.000,0.00,0.000,0.7,1.2,0.5,87,3,1.0,1.6,0.6,88,7,0.7,1.2,0.5,87,3,0,29.52,,0,0,0,72.3,71.2,69.6,0.20,0.15,0.28
CAMD,2017-08-21 21:00:00 EDT,43.33985,-75.74299,493,67.6,68.9,67.6,95.6,66.3,0.000,0.000,0.00,0.000,0.3,0.9,0.3,84,0,0.7,1.3,0.3,100,11,0.3,0.9,0.3,84,0,0,29.52,,0,0,0,72.3,71.2,69.6,0.20,0.15,0.28
CAMD,2017-08-21 21:05:00 EDT,43.33985,-75.74299,493,67.4,68.8,67.4,96.0,66.2,0.000,0.000,0.00,0.000,0.0,0.0,0.0,0,0,0.0,0.0,0.0,0,0,0.0,0.0,0.0,0,0,0,29.52,,0,0,0,72.3,71.2,69.6,0.20,0.15,0.28
CAMD,2017-08-21 21:10:00 EDT,43.33985,-75.74299,493,67.0,68.7,67.0,95.9,65.8,0.000,0.000,0.00,0.000,0.5,1.2,0.5,331,0,0.8,1.7,0.7,337,4,0.5,1.2,0.5,331,0,0,29.52,,0,0,0,72.3,71.2,69.6,0.20,0.15,0.28
CAMD,2017-08-21 21:15:00 EDT,43.33985,-75.74299,493,67.0,68.7,67.0,96.0,65.9,0.000,0.000,0.00,0.000,0.8,1.4,0.4,341,2,1.1,2.0,0.6,348,9,0.8,1.4,0.4,341,2,0,29.51,,0,0,0,72.3,71.2,69.6,0.20,0.16,0.29
CAMD,2017-08-21 21:20:00 EDT,43.33985,-75.74299,493,67.3,68.7,67.3,96.4,66.2,0.000,0.000,0.00,0.000,0.0,0.0,0.0,0,0,0.0,0.0,0.0,0,0,0.0,0.0,0.0,0,0,0,29.51,,0,0,0,72.3,71.2,69.6,0.20,0.15,0.29
CAMD,2017-08-21 21:25:00 EDT,43.33985,-75.74299,493,66.8,68.1,66.8,96.3,65.7,0.000,0.000,0.00,0.000,0.4,0.9,0.4,352,8,0.8,1.4,0.5,346,8,0.4,0.9,0.4,352,8,0,29.51,,0,0,0,72.3,71.2,69.6,0.20,0.15,0.28
CAMD,2017-08-21 21:30:00 EDT,43.33985,-75.74299,493,66.7,68.1,66.7,96.4,65.6,0.000,0.000,0.00,0.000,0.6,0.9,0.2,340,3,0.8,1.3,0.3,345,9,0.6,0.9,0.2,340,3,0,29.51,,0,0,0,72.1,71.2,69.6,0.20,0.16,0.28
CAMD,2017-08-21 21:35:00 EDT,43.33985,-75.74299,493,66.6,67.9,66.6,96.4,65.5,0.000,0.000,0.00,0.000,0.1,0.6,0.2,321,0,0.2,1.0,0.3,335,11,0.1,0.6,0.2,321,0,0,29.51,,0,0,0,71.9,71.3,69.6,0.20,0.16,0.28
CAMD,2017-08-21 21:40:00 EDT,43.33985,-75.74299,493,66.4,67.6,66.4,96.5,65.4,0.000,0.000,0.00,0.000,0.0,0.0,0.0,0,0,0.0,0.0,0.0,0,0,0.0,0.0,0.0,0,0,0,29.51,,0,0,0,71.8,71.2,69.6,0.20,0.16,0.29
CAMD,2017-08-21 21:45:00 EDT,43.33985,-75.74299,493,66.2,67.5,66.2,96.6,65.3,0.000,0.000,0.00,0.000,0.0,0.0,0.0,0,0,0.1,0.8,0.2,354,2,0.0,0.0,0.0,0,0,0,29.51,,0,0,0,71.8,71.2,69.6,0.20,0.15,0.29
CAMD,2017-08-21 21:50:00 EDT,43.33985,-75.74299,493,66.2,67.5,66.2,96.8,65.2,0.000,0.000,0.00,0.000,0.1,0.6,0.2,5,0,0.4,1.0,0.4,20,4,0.1,0.6,0.2,5,0,0,29.52,,0,0,0,71.8,71.3,69.6,0.20,0.16,0.29
CAMD,2017-08-21 21:55:00 EDT,43.33985,-75.74299,493,65.8,67.4,65.8,96.9,64.9,0.000,0.000,0.00,0.000,0.1,0.5,0.2,18,6,0.2,1.0,0.4,36,4,0.1,0.5,0.2,18,6,0,29.52,,0,0,0,71.8,71.2,69.6,0.20,0.15,0.29
CAMD,2017-08-21 22:00:00 EDT,43.33985,-75.74299,493,65.8,67.0,65.8,96.9,64.9,0.000,0.000,0.00,0.000,0.0,0.0,0.0,0,0,0.0,0.0,0.0,0,0,0.0,0.0,0.0,0,0,0,29.52,,0,0,0,71.8,71.3,69.6,0.20,0.16,0.29
CAMD,2017-08-21 22:05:00 EDT,43.33985,-75.74299,493,65.6,66.9,65.6,97.1,64.7,0.000,0.000,0.00,0.000,0.6,1.1,0.4,329,0,0.9,1.3,0.4,327,6,0.6,1.1,0.4,329,0,0,29.51,,0,0,0,71.8,71.3,69.6,0.20,0.16,0.29
CAMD,2017-08-21 22:10:00 EDT,43.33985,-75.74299,493,65.8,66.9,65.8,97.5,65.1,0.000,0.000,0.00,0.000,0.5,1.1,0.3,343,5,0.8,1.5,0.5,349,8,0.5,1.1,0.3,343,5,0,29.51,,0,0,0,71.7,71.2,69.6,0.20,0.15,0.28
CAMD,2017-08-21 22:15:00 EDT,43.33985,-75.74299,493,65.8,67.0,65.8,97.6,65.0,0.000,0.000,0.00,0.000,0.3,2.3,0.7,146,0,0.5,2.4,0.8,148,17,0.3,2.3,0.7,146,0,0,29.51,,0,0,0,71.5,71.2,69.6,0.20,0.15,0.28
CAMD,2017-08-21 22:20:00 EDT,43.33985,-75.74299,493,64.1,66.8,64.1,96.8,63.2,0.000,0.000,0.00,0.000,2.3,3.2,0.5,130,45,2.5,3.6,0.6,131,45,2.3,3.2,0.5,130,45,0,29.52,,0,0,0,71.4,71.2,69.6,0.20,0.15,0.29
CAMD,2017-08-21 22:25:00 EDT,43.33985,-75.74299,493,65.0,66.7,65.0,97.7,64.4,0.000,0.000,0.00,0.000,2.2,3.4,0.6,23,10,2.3,3.5,0.6,27,13,2.2,3.4,0.6,23,10,0,29.52,,0,0,0,71.4,71.2,69.6,0.20,0.16,0.29
CAMD,2017-08-21 22:30:00 EDT,43.33985,-75.74299,493,64.5,66.2,64.5,97.4,63.7,0.000,0.000,0.00,0.000,0.7,2.0,0.6,98,48,0.9,2.5,0.7,83,52,0.7,2.0,0.6,98,48,0,29.52,,0,0,0,71.4,71.2,69.6,0.20,0.16,0.28
CAMD,2017-08-21 22:35:00 EDT,43.33985,-75.74299,493,65.0,66.4,65.0,97.9,64.4,0.000,0.000,0.00,0.000,0.9,1.6,0.4,33,26,1.2,2.2,0.3,37,28,0.9,1.6,0.4,33,26,0,29.52,,0,0,0,71.4,71.2,69.6,0.20,0.15,0.28
CAMD,2017-08-21 22:40:00 EDT,43.33985,-75.74299,493,65.0,66.4,65.0,97.9,64.4,0.000,0.000,0.00,0.000,0.3,1.0,0.3,36,3,0.5,1.1,0.4,39,11,0.3,1.0,0.3,36,3,0,29.51,,0,0,0,71.4,71.2,69.6,0.20,0.16,0.29
CAMD,2017-08-21 22:45:00 EDT,43.33985,-75.74299,493,64.9,66.2,64.9,97.9,64.3,0.000,0.000,0.00,0.000,0.1,0.6,0.2,11,8,0.4,1.2,0.4,2,8,0.1,0.6,0.2,11,8,0,29.51,,0,0,0,71.4,71.2,69.6,0.20,0.15,0.28
CAMD,2017-08-21 22:50:00 EDT,43.33985,-75.74299,493,65.0,66.2,65.0,98.0,64.4,0.000,0.000,0.00,0.000,0.1,0.5,0.2,165,0,0.5,1.0,0.4,180,31,0.1,0.5,0.2,165,0,0,29.51,,0,0,0,71.4,71.2,69.6,0.20,0.15,0.28
CAMD,2017-08-21 22:55:00 EDT,43.33985,-75.74299,493,64.4,66.2,64.4,97.8,63.8,0.000,0.000,0.00,0.000,0.9,2.1,0.8,167,2,1.3,2.5,0.9,171,7,0.9,2.1,0.8,167,2,0,29.51,,0,0,0,71.4,71.3,69.6,0.20,0.15,0.28
CAMD,2017-08-21 23:00:00 EDT,43.33985,-75.74299,493,64.4,66.5,64.4,97.9,63.8,0.000,0.000,0.00,0.000,1.1,2.1,0.7,112,40,1.4,2.5,0.6,105,42,1.1,2.1,0.7,112,40,0,29.51,,0,0,0,71.4,71.2,69.6,0.20,0.15,0.29
CAMD,2017-08-21 23:05:00 EDT,43.33985,-75.74299,493,64.7,66.2,64.7,98.2,64.2,0.000,0.000,0.00,0.000,0.6,1.8,0.5,87,3,0.7,1.9,0.6,85,14,0.6,1.8,0.5,87,3,0,29.51,,0,0,0,71.4,71.2,69.6,0.20,0.15,0.28
CAMD,2017-08-21 23:10:00 EDT,43.33985,-75.74299,493,64.5,65.9,64.5,98.1,63.9,0.000,0.000,0.00,0.000,0.3,0.9,0.3,73,21,0.7,1.3,0.4,74,22,0.3,0.9,0.3,73,21,0,29.51,,0,0,0,71.1,71.1,69.6,0.20,0.15,0.29
CAMD,2017-08-21 23:15:00 EDT,43.33985,-75.74299,493,64.4,65.8,64.4,98.2,63.9,0.000,0.000,0.00,0.000,1.1,1.6,0.2,8,14,1.4,2.1,0.2,8,10,1.1,1.6,0.2,8,14,0,29.52,,0,0,0,71.1,71.2,69.6,0.20,0.15,0.28
CAMD,2017-08-21 23:20:00 EDT,43.33985,-75.74299,493,64.5,65.8,64.5,98.2,64.0,0.000,0.000,0.00,0.000,1.5,2.0,0.3,331,9,1.8,2.4,0.3,334,10,1.5,2.0,0.3,331,9,0,29.51,,0,0,0,71.1,71.3,69.6,0.20,0.16,0.29
CAMD,2017-08-21 23:25:00 EDT,43.33985,-75.74299,493,64.8,65.9,64.8,98.3,64.4,0.000,0.000,0.00,0.000,1.3,2.3,0.6,304,23,1.4,2.5,0.5,304,23,1.3,2.3,0.6,304,23,0,29.52,,0,0,0,71.1,71.2,69.6,0.20,0.15,0.28
CAMD,2017-08-21 23:30:00 EDT,43.33985,-75.74299,493,64.5,65.9,64.5,98.2,63.9,0.000,0.000,0.00,0.000,0.2,0.7,0.3,271,8,0.3,1.1,0.4,278,10,0.2,0.7,0.3,271,8,0,29.51,,0,0,0,71.1,71.2,69.6,0.20,0.15,0.28
CAMD,2017-08-21 23:35:00 EDT,43.33985,-75.74299,493,63.8,65.7,63.8,98.0,63.2,0.000,0.000,0.00,0.000,0.5,1.8,0.6,123,7,0.7,1.7,0.6,117,14,0.5,1.8,0.6,123,7,0,29.51,,0,0,0,71.1,71.2,69.6,0.20,0.15,0.29
CAMD,2017-08-21 23:40:00 EDT,43.33985,-75.74299,493,63.5,65.2,63.5,98.0,62.9,0.000,0.000,0.00,0.000,0.8,1.5,0.6,142,8,1.0,1.8,0.7,148,9,0.8,1.5,0.6,142,8,0,29.51,,0,0,0,71.1,71.2,69.6,0.20,0.15,0.29
CAMD,2017-08-21 23:45:00 EDT,43.33985,-75.74299,493,63.7,65.1,63.7,98.2,63.2,0.000,0.000,0.00,0.000,0.3,1.1,0.4,354,1,0.7,1.5,0.5,4,4,0.3,1.1,0.4,354,1,0,29.51,,0,0,0,71.1,71.2,69.6,0.20,0.15,0.28
CAMD,2017-08-21 23:50:00 EDT,43.33985,-75.74299,493,63.7,65.1,63.7,98.3,63.2,0.000,0.000,0.00,0.000,0.0,0.0,0.0,0,0,0.0,0.0,0.0,0,0,0.0,0.0,0.0,0,0,0,29.51,,0,0,0,71.0,71.2,69.6,0.20,0.15,0.28
CAMD,2017-08-21 23:55:00 EDT,43.33985,-75.74299,493,63.8,65.1,63.8,98.3,63.3,0.000,0.000,0.00,0.000,0.7,1.3,0.4,8,9,1.1,1.4,0.3,12,11,0.7,1.3,0.4,8,9,0,29.51,,0,0,0,70.8,71.1,69.6,0.20,0.15,0.28
CAPE,2017-08-21 00:00:00 EDT,44.10452,-76.32686,275,70.1,71.0,70.1,100.0,70.1,0.000,0.000,0.00,0.000,4.2,7.5,1.2,182,11,4.6,7.5,1.2,187,10,4.2,7.5,1.2,182,11,0,29.79,,0,0,0,68.9,67.9,64.8,0.14,0.28,0.17
CAPE,2017-08-21 00:05:00 EDT,44.10452,-76.32686,275,70.4,71.3,70.4,100.0,70.4,0.000,0.000,0.00,0.000,4.7,7.5,0.9,189,12,4.9,7.7,1.1,195,11,4.7,7.5,0.9,189,12,0,29.79,,0,0,0,68.9,67.9,64.9,0.14,0.28,0.17
CAPE,2017-08-21 00:10:00 EDT,44.10452,-76.32686,275,70.3,71.2,70.3,100.0,70.3,0.000,0.000,0.00,0.000,4.1,6.4,0.7,194,9,4.2,6.5,0.8,200,10,4.1,6.4,0.7,194,9,0,29.79,,0,0,0,68.9,67.9,64.9,0.14,0.28,0.17
CAPE,2017-08-21 00:15:00 EDT,44.10452,-76.32686,275,70.3,71.4,70.3,99.9,70.2,0.000,0.000,0.00,0.000,4.2,5.8,0.7,191,9,4.5,6.5,0.9,197,8,4.2,5.8,0.7,191,9,0,29.79,,0,0,0,68.9,67.8,64.9,0.14,0.28,0.17
CAPE,2017-08-21 00:20:00 EDT,44.10452,-76.32686,275,70.3,71.5,70.3,98.8,69.9,0.000,0.000,0.00,0.000,3.7,6.3,0.9,198,12,3.7,6.8,1.0,205,10,3.7,6.3,0.9,198,12,0,29.79,,0,0,0,68.9,67.9,64.9,0.14,0.28,0.17
CAPE,2017-08-21 00:25:00 EDT,44.10452,-76.32686,275,70.5,71.8,70.5,96.3,69.4,0.000,0.000,0.00,0.000,5.1,7.5,1.1,194,11,5.3,8.8,1.2,200,10,5.1,7.5,1.1,194,11,0,29.79,,0,0,0,68.9,67.9,64.8,0.14,0.28,0.17
CAPE,2017-08-21 00:30:00 EDT,44.10452,-76.32686,275,70.5,71.9,70.5,95.6,69.2,0.000,0.000,0.00,0.000,4.3,6.5,0.8,195,10,4.5,6.5,0.8,201,10,4.3,6.5,0.8,195,10,0,29.80,,0,0,0,68.9,67.9,64.9,0.15,0.28,0.17
CAPE,2017-08-21 00:35:00 EDT,44.10452,-76.32686,275,70.4,71.7,70.4,95.0,68.9,0.000,0.000,0.00,0.000,4.1,6.0,0.8,195,11,4.2,6.5,0.9,200,11,4.1,6.0,0.8,195,11,0,29.80,,0,0,0,68.8,67.9,64.9,0.14,0.28,0.17
CAPE,2017-08-21 00:40:00 EDT,44.10452,-76.32686,275,70.1,71.5,70.1,95.3,68.7,0.000,0.000,0.00,0.000,3.6,6.6,0.8,205,13,3.7,7.3,1.1,211,11,3.6,6.6,0.8,205,13,0,29.80,,0,0,0,68.7,67.9,64.9,0.14,0.28,0.17
CAPE,2017-08-21 00:45:00 EDT,44.10452,-76.32686,275,70.3,71.4,70.3,96.8,69.3,0.000,0.000,0.00,0.000,4.0,6.2,0.8,212,11,4.3,6.6,0.9,219,10,4.0,6.2,0.8,212,11,0,29.80,,0,0,0,68.7,67.9,64.9,0.14,0.28,0.17
CAPE,2017-08-21 00:50:00 EDT,44.10452,-76.32686,275,70.5,71.8,70.5,96.4,69.4,0.000,0.000,0.00,0.000,6.6,9.6,1.2,203,12,6.6,9.7,1.4,208,11,6.6,9.6,1.2,203,12,0,29.80,,0,0,0,68.7,67.9,64.9,0.14,0.28,0.17
CAPE,2017-08-21 00:55:00 EDT,44.10452,-76.32686,275,71.0,72.0,71.0,94.9,69.4,0.000,0.000,0.00,0.000,6.2,10.8,1.7,200,12,6.4,12.1,1.8,206,12,6.2,10.8,1.7,200,12,0,29.80,,0,0,0,68.7,67.9,64.9,0.14,0.27,0.17
CAPE,2017-08-21 01:00:00 EDT,44.10452,-76.32686,275,70.9,72.3,70.9,94.1,69.1,0.000,0.000,0.00,0.000,7.8,11.3,1.5,189,11,8.1,12.0,1.6,194,9,7.8,11.3,1.5,189,11,0,29.80,,0,0,0,68.7,67.9,64.9,0.14,0.28,0.17
CAPE,2017-08-21 01:05:00 EDT,44.10452,-76.32686,275,70.9,72.1,70.9,93.0,68.8,0.000,0.000,0.00,0.000,5.8,10.5,1.5,194,11,5.9,11.3,1.6,200,9,5.8,10.5,1.5,194,11,0,29.80,,0,0,0,68.7,67.9,64.8,0.14,0.28,0.17
CAPE,2017-08-21 01:10:00 EDT,44.10452,-76.32686,275,70.8,71.9,70.8,93.8,69.0,0.000,0.000,0.00,0.000,5.1,8.7,0.9,196,17,5.3,9.9,1.2,202,16,5.1,8.7,0.9,196,17,0,29.80,,0,0,0,68.7,67.8,64.9,0.14,0.28,0.17
CAPE,2017-08-21 01:15:00 EDT,44.10452,-76.32686,275,70.3,71.4,70.3,95.8,69.1,0.000,0.000,0.00,0.000,4.7,7.5,1.3,195,12,4.7,7.7,1.4,202,12,4.7,7.5,1.3,195,12,0,29.80,,0,0,0,68.6,67.9,64.9,0.14,0.28,0.17
CAPE,2017-08-21 01:20:00 EDT,44.10452,-76.32686,275,70.6,71.6,70.6,96.2,69.4,0.000,0.000,0.00,0.000,4.4,6.6,1.1,193,12,4.4,7.1,1.1,200,12,4.4,6.6,1.1,193,12,0,29.80,,0,0,0,68.6,67.9,64.9,0.14,0.28,0.17
CAPE,2017-08-21 01:25:00 EDT,44.10452,-76.32686,275,70.5,71.6,70.5,96.4,69.4,0.000,0.000,0.00,0.000,5.5,8.8,1.1,192,9,5.7,8.8,1.1,198,8,5.5,8.8,1.1,192,9,0,29.80,,0,0,0,68.6,67.9,64.9,0.14,0.28,0.17
CAPE,2017-08-21 01:30:00 EDT,44.10452,-76.32686,275,70.4,71.6,70.4,95.9,69.2,0.000,0.000,0.00,0.000,5.2,7.7,1.0,200,9,5.3,7.8,1.1,206,9,5.2,7.7,1.0,200,9,0,29.80,,0,0,0,68.6,67.9,64.9,0.14,0.28,0.17
CAPE,2017-08-21 01:35:00 EDT,44.10452,-76.32686,275,70.5,71.6,70.5,95.6,69.2,0.000,0.000,0.00,0.000,5.6,7.2,0.5,194,8,5.7,7.1,0.6,201,7,5.6,7.2,0.5,194,8,0,29.80,,0,0,0,68.6,67.9,65.0,0.14,0.28,0.17
CAPE,2017-08-21 01:40:00 EDT,44.10452,-76.32686,275,70.0,71.3,70.0,96.5,69.0,0.000,0.000,0.00,0.000,5.0,6.8,0.9,199,10,5.1,7.2,0.9,205,10,5.0,6.8,0.9,199,10,0,29.80,,0,0,0,68.5,67.8,64.9,0.14,0.28,0.17
CAPE,2017-08-21 01:45:00 EDT,44.10452,-76.32686,275,69.7,71.3,69.7,96.9,68.8,0.000,0.000,0.00,0.000,4.1,5.7,0.5,206,8,4.2,5.7,0.7,212,8,4.1,5.7,0.5,206,8,0,29.80,,0,0,0,68.6,67.9,64.9,0.14,0.28,0.17
CAPE,2017-08-21 01:50:00 EDT,44.10452,-76.32686,275,70.0,71.5,70.0,96.1,68.9,0.000,0.000,0.00,0.000,3.9,5.3,0.7,212,10,3.8,5.8,0.9,218,9,3.9,5.3,0.7,212,10,0,29.80,,0,0,0,68.5,67.9,64.9,0.14,0.28,0.17
CAPE,2017-08-21 01:55:00 EDT,44.10452,-76.32686,275,69.9,71.5,69.9,95.1,68.4,0.000,0.000,0.00,0.000,5.0,9.5,1.3,208,8,5.0,9.5,1.3,214,8,5.0,9.5,1.3,208,8,0,29.80,,0,0,0,68.6,67.9,64.9,0.14,0.28,0.17
CAPE,2017-08-21 02:00:00 EDT,44.10452,-76.32686,275,70.3,71.8,70.3,93.6,68.4,0.000,0.000,0.00,0.000,5.2,8.5,1.5,208,11,5.2,8.6,1.5,213,10,5.2,8.5,1.5,208,11,0,29.80,,0,0,0,68.6,67.8,65.0,0.14,0.28,0.17
CAPE,2017-08-21 02:05:00 EDT,44.10452,-76.32686,275,70.1,71.6,70.1,93.6,68.2,0.000,0.000,0.00,0.000,4.7,7.5,1.0,215,11,4.6,7.1,1.2,220,10,4.7,7.5,1.0,215,11,0,29.80,,0,0,0,68.5,67.9,65.0,0.14,0.28,0.17
CAPE,2017-08-21 02:10:00 EDT,44.10452,-76.32686,275,69.9,71.6,69.9,93.3,67.9,0.000,0.000,0.00,0.000,4.1,6.1,0.9,201,13,4.2,6.6,1.0,207,12,4.1,6.1,0.9,201,13,0,29.80,,0,0,0,68.6,67.9,64.9,0.14,0.28,0.17
CAPE,2017-08-21 02:15:00 EDT,44.10452,-76.32686,275,69.7,71.6,69.7,94.1,67.9,0.000,0.000,0.00,0.000,4.7,7.7,0.9,216,14,4.6,7.6,0.9,222,13,4.7,7.7,0.9,216,14,0,29.81,,0,0,0,68.5,67.8,64.9,0.14,0.28,0.17
CAPE,2017-08-21 02:20:00 EDT,44.10452,-76.32686,275,70.2,71.8,70.2,93.9,68.3,0.000,0.000,0.00,0.000,5.6,7.7,0.8,213,7,5.6,8.0,0.9,218,6,5.6,7.7,0.8,213,7,0,29.81,,0,0,0,68.5,67.9,65.0,0.14,0.28,0.17
CAPE,2017-08-21 02:25:00 EDT,44.10452,-76.32686,275,70.0,71.8,70.0,93.7,68.1,0.000,0.000,0.00,0.000,5.4,7.2,0.7,207,8,5.4,7.4,0.8,214,8,5.4,7.2,0.7,207,8,0,29.80,,0,0,0,68.5,67.9,65.0,0.14,0.28,0.17
CAPE,2017-08-21 02:30:00 EDT,44.10452,-76.32686,275,69.5,71.4,69.5,94.4,67.8,0.000,0.000,0.00,0.000,5.2,8.2,1.2,195,6,5.4,8.6,1.2,201,6,5.2,8.2,1.2,195,6,0,29.80,,0,0,0,68.5,67.9,65.0,0.14,0.28,0.17
CAPE,2017-08-21 02:35:00 EDT,44.10452,-76.32686,275,69.0,71.3,69.0,95.4,67.7,0.000,0.000,0.00,0.000,6.6,8.6,0.7,193,7,6.8,9.0,0.8,199,6,6.6,8.6,0.7,193,7,0,29.80,,0,0,0,68.5,67.9,64.9,0.14,0.28,0.17
CAPE,2017-08-21 02:40:00 EDT,44.10452,-76.32686,275,69.2,71.1,69.2,95.9,68.0,0.000,0.000,0.00,0.000,6.6,8.5,0.9,196,6,6.7,8.5,0.9,201,6,6.6,8.5,0.9,196,6,0,29.81,,0,0,0,68.5,67.9,65.0,0.14,0.28,0.17
CAPE,2017-08-21 02:45:00 EDT,44.10452,-76.32686,275,69.5,71.2,69.5,95.8,68.2,0.000,0.000,0.00,0.000,7.0,10.1,1.0,196,10,7.1,9.8,1.0,202,9,7.0,10.1,1.0,196,10,0,29.81,,0,0,0,68.4,67.9,65.0,0.14,0.28,0.17
CAPE,2017-08-21 02:50:00 EDT,44.10452,-76.32686,275,69.5,70.9,69.5,95.8,68.2,0.000,0.000,0.00,0.000,5.8,8.8,1.1,197,8,5.9,8.9,1.2,203,8,5.8,8.8,1.1,197,8,0,29.81,,0,0,0,68.4,67.8,65.0,0.15,0.28,0.17
CAPE,2017-08-21 02:55:00 EDT,44.10452,-76.32686,275,69.4,71.0,69.4,95.9,68.2,0.000,0.000,0.00,0.000,5.9,8.8,1.3,201,8,6.1,9.1,1.3,207,8,5.9,8.8,1.3,201,8,0,29.81,,0,0,0,68.4,67.8,65.0,0.14,0.28,0.17
CAPE,2017-08-21 03:00:00 EDT,44.10452,-76.32686,275,69.7,71.0,69.7,96.0,68.5,0.000,0.000,0.00,0.000,6.0,8.2,1.0,203,10,6.1,8.9,1.0,209,9,6.0,8.2,1.0,203,10,0,29.81,,0,0,0,68.4,67.9,65.0,0.14,0.28,0.17
CAPE,2017-08-21 03:05:00 EDT,44.10452,-76.32686,275,69.7,71.1,69.7,96.1,68.5,0.000,0.000,0.00,0.000,6.6,10.6,1.2,206,9,6.6,10.2,1.1,212,9,6.6,10.6,1.2,206,9,0,29.81,,0,0,0,68.4,67.8,65.0,0.14,0.28,0.17
CAPE,2017-08-21 03:10:00 EDT,44.10452,-76.32686,275,69.8,71.1,69.8,95.6,68.5,0.000,0.000,0.00,0.000,6.3,8.2,1.0,211,12,6.3,8.9,0.9,216,11,6.3,8.2,1.0,211,12,0,29.81,,0,0,0,68.3,67.9,65.0,0.14,0.28,0.17
CAPE,2017-08-21 03:15:00 EDT,44.10452,-76.32686,275,69.6,71.0,69.6,95.8,68.4,0.000,0.000,0.00,0.000,5.9,8.0,1.0,206,10,5.9,8.7,1.0,212,8,5.9,8.0,1.0,206,10,0,29.81,,0,0,0,68.4,67.9,65.0,0.14,0.28,0.17
CAPE,2017-08-21 03:20:00 EDT,44.10452,-76.32686,275,69.8,71.1,69.8,95.8,68.6,0.000,0.000,0.00,0.000,6.5,9.1,1.1,207,10,6.5,8.9,1.1,212,8,6.5,9.1,1.1,207,10,0,29.81,,0,0,0,68.4,67.8,65.0,0.14,0.28,0.17
CAPE,2017-08-21 03:25:00 EDT,44.10452,-76.32686,275,69.6,70.9,69.6,96.2,68.4,0.000,0.000,0.00,0.000,6.2,9.4,1.3,200,10,6.3,8.9,1.3,206,8,6.2,9.4,1.3,200,10,0,29.81,,0,0,0,68.4,67.9,65.0,0.14,0.28,0.18
CAPE,2017-08-21 03:30:00 EDT,44.10452,-76.32686,275,69.5,70.9,69.5,96.7,68.5,0.000,0.000,0.00,0.000,6.1,9.4,1.2,201,11,6.3,9.9,1.2,207,10,6.1,9.4,1.2,201,11,0,29.81,,0,0,0,68.4,67.9,65.0,0.14,0.28,0.17
CAPE,2017-08-21 03:35:00 EDT,44.10452,-76.32686,275,69.6,70.9,69.6,97.0,68.7,0.000,0.000,0.00,0.000,5.7,9.6,1.3,207,11,5.8,9.3,1.3,213,10,5.7,9.6,1.3,207,11,0,29.81,,0,0,0,68.4,67.8,65.1,0.14,0.28,0.17
CAPE,2017-08-21 03:40:00 EDT,44.10452,-76.32686,275,69.9,70.9,69.9,96.8,69.0,0.000,0.000,0.00,0.000,5.7,8.8,1.4,202,12,5.8,9.4,1.4,208,11,5.7,8.8,1.4,202,12,0,29.81,,0,0,0,68.4,67.9,65.0,0.14,0.28,0.18
CAPE,2017-08-21 03:45:00 EDT,44.10452,-76.32686,275,69.5,70.8,69.5,96.5,68.5,0.000,0.000,0.00,0.000,4.9,7.5,0.8,208,11,4.9,8.1,0.8,214,9,4.9,7.5,0.8,208,11,0,29.81,,0,0,0,68.3,67.8,65.1,0.15,0.28,0.17
CAPE,2017-08-21 03:50:00 EDT,44.10452,-76.32686,275,69.4,70.8,69.4,96.6,68.4,0.000,0.000,0.00,0.000,5.4,8.0,1.0,206,12,5.6,9.1,1.2,212,12,5.4,8.0,1.0,206,12,0,29.81,,0,0,0,68.4,67.8,65.0,0.14,0.28,0.17
CAPE,2017-08-21 03:55:00 EDT,44.10452,-76.32686,275,69.4,70.8,69.4,96.7,68.4,0.000,0.000,0.00,0.000,5.9,8.2,1.0,206,9,5.9,8.7,1.0,211,9,5.9,8.2,1.0,206,9,0,29.81,,0,0,0,68.3,67.8,65.1,0.14,0.28,0.17
CAPE,2017-08-21 04:00:00 EDT,44.10452,-76.32686,275,69.4,70.6,69.4,96.8,68.4,0.000,0.000,0.00,0.000,5.5,8.8,0.9,195,9,5.5,8.8,1.0,201,8,5.5,8.8,0.9,195,9,0,29.81,,0,0,0,68.3,67.8,65.1,0.14,0.28,0.17
CAPE,2017-08-21 04:05:00 EDT,44.10452,-76.32686,275,68.6,70.3,68.6,98.0,68.0,0.000,0.000,0.00,0.000,4.3,5.6,0.6,197,8,4.4,6.8,0.8,202,9,4.3,5.6,0.6,197,8,0,29.81,,0,0,0,68.4,67.9,65.0,0.14,0.28,0.17
CAPE,2017-08-21 04:10:00 EDT,44.10452,-76.32686,275,68.5,70.2,68.5,98.9,68.2,0.000,0.000,0.00,0.000,4.0,5.6,0.6,198,8,4.1,6.0,0.7,205,8,4.0,5.6,0.6,198,8,0,29.81,,0,0,0,68.4,67.8,65.0,0.14,0.28,0.17
CAPE,2017-08-21 04:15:00 EDT,44.10452,-76.32686,275,69.0,70.4,69.0,98.1,68.4,0.000,0.000,0.00,0.000,5.4,7.5,0.8,206,10,5.5,8.4,0.9,213,9,5.4,7.5,0.8,206,10,0,29.81,,0,0,0,68.3,67.8,65.0,0.14,0.28,0.17
CAPE,2017-08-21 04:20:00 EDT,44.10452,-76.32686,275,69.2,70.5,69.2,97.8,68.6,0.000,0.000,0.00,0.000,5.3,7.2,0.9,207,9,5.4,8.7,1.0,214,9,5.3,7.2,0.9,207,9,0,29.81,,0,0,0,68.3,67.8,65.1,0.14,0.27,0.17
CAPE,2017-08-21 04:25:00 EDT,44.10452,-76.32686,275,68.9,70.2,68.9,97.9,68.3,0.000,0.000,0.00,0.000,4.0,6.9,0.9,207,15,4.0,7.2,1.0,214,13,4.0,6.9,0.9,207,15,0,29.81,,0,0,0,68.2,67.8,65.1,0.14,0.28,0.17
CAPE,2017-08-21 04:30:00 EDT,44.10452,-76.32686,275,68.6,70.1,68.6,98.3,68.1,0.000,0.000,0.00,0.000,4.5,6.1,0.8,197,11,4.6,6.6,0.8,204,10,4.5,6.1,0.8,197,11,0,29.81,,0,0,0,68.3,67.8,65.0,0.14,0.28,0.17
CAPE,2017-08-21 04:35:00 EDT,44.10452,-76.32686,275,68.1,69.7,68.1,99.3,67.8,0.000,0.000,0.00,0.000,3.7,5.6,0.7,194,9,3.8,6.2,0.9,200,9,3.7,5.6,0.7,194,9,0,29.81,,0,0,0,68.2,67.8,65.1,0.14,0.28,0.17
CAPE,2017-08-21 04:40:00 EDT,44.10452,-76.32686,275,67.9,69.6,67.9,99.9,67.8,0.000,0.000,0.00,0.000,4.5,6.1,0.7,190,9,4.6,6.8,0.7,197,9,4.5,6.1,0.7,190,9,0,29.81,,0,0,0,68.2,67.8,65.0,0.14,0.28,0.17
CAPE,2017-08-21 04:45:00 EDT,44.10452,-76.32686,275,67.7,69.4,67.7,100.0,67.7,0.000,0.000,0.00,0.000,5.7,7.5,0.9,190,7,5.9,7.9,1.0,195,7,5.7,7.5,0.9,190,7,0,29.81,,0,0,0,68.3,67.8,65.0,0.14,0.28,0.17
CAPE,2017-08-21 04:50:00 EDT,44.10452,-76.32686,275,67.9,69.5,67.9,100.0,67.9,0.000,0.000,0.00,0.000,5.4,7.1,0.7,188,7,5.5,7.2,0.7,194,7,5.4,7.1,0.7,188,7,0,29.81,,0,0,0,68.2,67.8,65.1,0.14,0.28,0.17
CAPE,2017-08-21 04:55:00 EDT,44.10452,-76.32686,275,67.8,69.4,67.8,100.0,67.8,0.000,0.000,0.00,0.000,5.0,6.3,0.5,190,8,5.2,7.0,0.6,196,7,5.0,6.3,0.5,190,8,0,29.81,,0,0,0,68.2,67.8,65.1,0.14,0.28,0.17
CAPE,2017-08-21 05:00:00 EDT,44.10452,-76.32686,275,68.0,69.6,68.0,100.0,68.0,0.000,0.000,0.00,0.000,4.7,7.2,1.0,197,10,4.8,7.2,1.1,205,9,4.7,7.2,1.0,197,10,0,29.81,,0,0,0,68.2,67.8,65.1,0.14,0.27,0.17
CAPE,2017-08-21 05:05:00 EDT,44.10452,-76.32686,275,68.5,69.8,68.5,100.0,68.5,0.000,0.000,0.00,0.000,5.1,7.1,0.8,198,11,5.3,7.6,0.8,204,10,5.1,7.1,0.8,198,11,0,29.81,,0,0,0,68.2,67.8,65.1,0.14,0.28,0.18
CAPE,2017-08-21 05:10:00 EDT,44.10452,-76.32686,275,68.5,69.9,68.5,100.0,68.5,0.000,0.000,0.00,0.000,5.6,7.5,0.8,190,9,5.8,8.2,0.9,196,9,5.6,7.5,0.8,190,9,0,29.81,,0,0,0,68.2,67.8,65.1,0.14,0.28,0.17
CAPE,2017-08-21 05:15:00 EDT,44.10452,-76.32686,275,68.3,69.8,68.3,100.0,68.3,0.000,0.000,0.00,0.000,5.1,7.2,0.7,189,9,5.4,8.6,0.9,194,7,5.1,7.2,0.7,189,9,0,29.81,,0,0,0,68.2,67.8,65.1,0.15,0.28,0.17
CAPE,2017-08-21 05:20:00 EDT,44.10452,-76.32686,275,68.4,69.9,68.4,100.0,68.4,0.000,0.000,0.00,0.000,5.4,7.9,0.9,200,9,5.4,7.9,0.9,205,8,5.4,7.9,0.9,200,9,0,29.81,,0,0,0,68.1,67.8,65.1,0.14,0.28,0.18
CAPE,2017-08-21 05:25:00 EDT,44.10452,-76.32686,275,68.6,69.8,68.6,100.0,68.6,0.000,0.000,0.00,0.000,5.5,8.5,1.1,194,10,5.6,8.9,1.2,199,10,5.5,8.5,1.1,194,10,0,29.81,,0,0,0,68.1,67.8,65.1,0.14,0.28,0.18
CAPE,2017-08-21 05:30:00 EDT,44.10452,-76.32686,275,68.3,69.6,68.3,100.0,68.3,0.000,0.000,0.00,0.000,4.4,6.4,0.6,190,9,4.6,6.3,0.6,196,9,4.4,6.4,0.6,190,9,0,29.81,,0,0,0,68.0,67.8,65.1,0.14,0.28,0.18
CAPE,2017-08-21 05:35:00 EDT,44.10452,-76.32686,275,67.9,69.5,67.9,100.0,67.9,0.000,0.000,0.00,0.000,4.3,5.6,0.4,194,7,4.4,5.6,0.5,200,8,4.3,5.6,0.4,194,7,0,29.81,,0,0,0,68.0,67.8,65.1,0.14,0.28,0.17
CAPE,2017-08-21 05:40:00 EDT,44.10452,-76.32686,275,67.8,69.5,67.8,100.0,67.8,0.000,0.000,0.00,0.000,4.1,5.4,0.6,198,8,4.1,5.9,0.7,203,9,4.1,5.4,0.6,198,8,0,29.81,,0,0,0,68.0,67.8,65.1,0.14,0.28,0.17
CAPE,2017-08-21 05:45:00 EDT,44.10452,-76.32686,275,68.0,69.4,68.0,100.0,68.0,0.000,0.000,0.00,0.000,3.3,4.7,0.7,202,9,3.3,4.9,0.9,210,10,3.3,4.7,0.7,202,9,0,29.81,,0,0,0,67.9,67.7,65.1,0.14,0.28,0.17
CAPE,2017-08-21 05:50:00 EDT,44.10452,-76.32686,275,67.7,69.2,67.7,100.0,67.7,0.000,0.000,0.00,0.000,3.3,5.4,0.6,195,9,3.5,6.1,0.7,203,10,3.3,5.4,0.6,195,9,0,29.81,,0,0,0,68.0,67.7,65.1,0.14,0.28,0.17
CAPE,2017-08-21 05:55:00 EDT,44.10452,-76.32686,275,67.7,69.4,67.7,100.0,67.7,0.000,0.000,0.00,0.000,5.3,7.3,0.8,205,8,5.4,7.6,0.9,211,7,5.3,7.3,0.8,205,8,0,29.81,,0,0,0,67.9,67.7,65.1,0.14,0.28,0.17
CAPE,2017-08-21 06:00:00 EDT,44.10452,-76.32686,275,68.4,69.6,68.4,99.9,68.4,0.000,0.000,0.00,0.000,5.8,8.2,1.0,203,10,5.9,8.6,1.0,209,8,5.8,8.2,1.0,203,10,1,29.81,,0,0,0,67.9,67.6,65.1,0.14,0.28,0.17
CAPE,2017-08-21 06:05:00 EDT,44.10452,-76.32686,275,68.5,69.7,68.5,99.2,68.3,0.000,0.000,0.00,0.000,5.5,7.6,1.0,205,10,5.8,8.0,1.0,211,9,5.5,7.6,1.0,205,10,1,29.81,,0,0,0,67.9,67.6,65.1,0.14,0.28,0.17
CAPE,2017-08-21 06:10:00 EDT,44.10452,-76.32686,275,68.6,69.8,68.6,98.0,68.1,0.000,0.000,0.00,0.000,5.3,7.2,0.8,204,11,5.5,7.2,0.8,210,9,5.3,7.2,0.8,204,11,3,29.81,,0,0,0,67.9,67.5,65.1,0.14,0.28,0.18
CAPE,2017-08-21 06:15:00 EDT,44.10452,-76.32686,275,68.4,69.8,68.4,97.6,67.7,0.000,0.000,0.00,0.000,6.0,8.3,0.9,198,9,6.4,8.9,1.0,203,8,6.0,8.3,0.9,198,9,3,29.81,,0,0,0,67.9,67.6,65.1,0.14,0.27,0.18
CAPE,2017-08-21 06:20:00 EDT,44.10452,-76.32686,275,68.5,69.8,68.5,97.6,67.8,0.000,0.000,0.00,0.000,5.7,7.7,0.8,200,9,5.8,7.5,0.8,206,9,5.7,7.7,0.8,200,9,2,29.82,,0,0,0,67.9,67.6,65.1,0.14,0.28,0.17
CAPE,2017-08-21 06:25:00 EDT,44.10452,-76.32686,275,68.8,69.9,68.8,97.0,67.9,0.000,0.000,0.00,0.000,5.2,8.2,0.9,197,12,5.3,9.2,1.1,203,10,5.2,8.2,0.9,197,12,3,29.81,,0,0,0,67.9,67.6,65.1,0.14,0.28,0.17
CAPE,2017-08-21 06:30:00 EDT,44.10452,-76.32686,275,68.6,69.9,68.6,97.6,67.9,0.000,0.000,0.00,0.000,5.6,7.7,0.8,193,9,5.8,8.1,0.9,199,8,5.6,7.7,0.8,193,9,5,29.81,,0,0,0,67.9,67.6,65.1,0.14,0.28,0.17
CAPE,2017-08-21 06:35:00 EDT,44.10452,-76.32686,275,68.6,69.9,68.6,98.1,68.0,0.000,0.000,0.00,0.000,5.3,7.4,0.9,196,10,5.6,8.1,0.9,202,9,5.3,7.4,0.9,196,10,7,29.81,,0,0,0,67.8,67.5,65.1,0.14,0.28,0.17
CAPE,2017-08-21 06:40:00 EDT,44.10452,-76.32686,275,68.6,70.0,68.6,97.5,67.9,0.000,0.000,0.00,0.000,5.5,7.3,0.8,199,9,5.7,8.2,0.9,205,9,5.5,7.3,0.8,199,9,10,29.81,,0,0,0,67.8,67.5,65.1,0.14,0.28,0.18
CAPE,2017-08-21 06:45:00 EDT,44.10452,-76.32686,275,68.7,70.0,68.7,97.0,67.8,0.000,0.000,0.00,0.000,5.9,8.3,1.0,192,9,6.1,8.7,1.1,197,8,5.9,8.3,1.0,192,9,12,29.81,,0,0,0,67.8,67.5,65.1,0.14,0.28,0.17
CAPE,2017-08-21 06:50:00 EDT,44.10452,-76.32686,275,68.4,69.6,68.4,98.6,68.0,0.000,0.000,0.00,0.000,6.5,8.6,0.8,186,8,6.8,10.8,1.0,192,7,6.5,8.6,0.8,186,8,14,29.81,,0,0,0,67.8,67.5,65.1,0.14,0.28,0.17
CAPE,2017-08-21 06:55:00 EDT,44.10452,-76.32686,275,68.5,69.4,68.5,99.0,68.2,0.000,0.000,0.00,0.000,6.4,8.8,0.9,186,9,6.5,9.1,1.0,192,8,6.4,8.8,0.9,186,9,17,29.81,,0,0,0,67.8,67.5,65.1,0.14,0.27,0.17
CAPE,2017-08-21 07:00:00 EDT,44.10452,-76.32686,275,68.5,69.4,68.5,99.5,68.3,0.000,0.000,0.00,0.000,6.6,9.8,1.2,188,10,6.8,10.3,1.4,194,9,6.6,9.8,1.2,188,10,22,29.81,,0,0,0,67.8,67.5,65.1,0.14,0.27,0.17
CAPE,2017-08-21 07:05:00 EDT,44.10452,-76.32686,275,68.8,69.6,68.8,99.9,68.7,0.000,0.000,0.00,0.000,7.5,11.6,1.4,184,11,7.9,12.6,1.6,190,9,7.5,11.6,1.4,184,11,28,29.81,,0,0,0,67.8,67.5,65.1,0.14,0.28,0.18
CAPE,2017-08-21 07:10:00 EDT,44.10452,-76.32686,275,69.1,69.7,69.1,100.0,69.1,0.000,0.000,0.00,0.000,8.2,12.0,1.7,183,10,8.3,12.7,1.8,188,9,8.2,12.0,1.7,183,10,34,29.81,,0,0,0,67.8,67.5,65.1,0.14,0.28,0.17
CAPE,2017-08-21 07:15:00 EDT,44.10452,-76.32686,275,68.9,69.5,68.9,100.0,68.9,0.000,0.000,0.00,0.000,7.1,11.0,1.6,187,11,7.4,11.3,1.6,193,9,7.1,11.0,1.6,187,11,60,29.81,,0,0,0,67.8,67.5,65.1,0.14,0.28,0.17
CAPE,2017-08-21 07:20:00 EDT,44.10452,-76.32686,275,69.1,69.6,69.1,100.0,69.1,0.000,0.000,0.00,0.000,6.6,8.8,1.0,180,10,7.0,9.6,1.2,187,9,6.6,8.8,1.0,180,10,96,29.82,,0,0,0,67.8,67.5,65.1,0.14,0.28,0.18
CAPE,2017-08-21 07:25:00 EDT,44.10452,-76.32686,275,69.4,69.9,69.4,99.5,69.3,0.000,0.000,0.00,0.000,8.6,13.4,1.7,182,10,9.0,15.5,2.1,188,8,8.6,13.4,1.7,182,10,118,29.82,,0,0,0,67.8,67.5,65.1,0.14,0.27,0.18
CAPE,2017-08-21 07:30:00 EDT,44.10452,-76.32686,275,69.7,70.1,69.7,97.5,69.0,0.000,0.000,0.00,0.000,8.5,12.5,1.7,193,10,8.9,13.8,2.0,198,10,8.5,12.5,1.7,193,10,125,29.82,,0,0,0,67.8,67.5,65.1,0.14,0.28,0.17
CAPE,2017-08-21 07:35:00 EDT,44.10452,-76.32686,275,69.8,70.2,69.8,97.2,69.0,0.000,0.000,0.00,0.000,7.7,12.3,1.4,185,11,8.0,11.9,1.5,191,9,7.7,12.3,1.4,185,11,137,29.82,,0,0,0,67.8,67.5,65.1,0.14,0.28,0.17
CAPE,2017-08-21 07:40:00 EDT,44.10452,-76.32686,275,69.9,70.3,69.9,97.6,69.2,0.000,0.000,0.00,0.000,7.3,11.3,1.3,180,10,7.4,11.4,1.4,186,8,7.3,11.3,1.3,180,10,152,29.81,,0,0,0,67.8,67.5,65.1,0.14,0.28,0.18
CAPE,2017-08-21 07:45:00 EDT,44.10452,-76.32686,275,70.1,70.5,70.1,97.0,69.2,0.000,0.000,0.00,0.000,7.4,11.3,1.5,181,9,7.7,13.4,1.8,189,8,7.4,11.3,1.5,181,9,161,29.81,,0,0,0,67.8,67.5,65.1,0.14,0.28,0.17
CAPE,2017-08-21 07:50:00 EDT,44.10452,-76.32686,275,70.3,70.6,70.3,96.6,69.3,0.000,0.000,0.00,0.000,8.0,10.7,1.3,179,11,8.4,11.8,1.4,185,9,8.0,10.7,1.3,179,11,171,29.81,,0,0,0,67.8,67.5,65.1,0.14,0.28,0.18
CAPE,2017-08-21 07:55:00 EDT,44.10452,-76.32686,275,70.5,70.8,70.5,95.7,69.2,0.000,0.000,0.00,0.000,9.5,12.3,1.4,181,10,9.9,13.0,1.5,187,8,9.5,12.3,1.4,181,10,186,29.81,,0,0,0,67.8,67.5,65.1,0.14,0.28,0.18
CAPE,2017-08-21 08:00:00 EDT,44.10452,-76.32686,275,70.5,70.8,70.5,95.8,69.3,0.000,0.000,0.00,0.000,7.6,10.5,1.2,180,9,7.8,11.9,1.5,186,9,7.6,10.5,1.2,180,9,201,29.81,,0,0,0,67.8,67.5,65.1,0.14,0.28,0.18
CAPE,2017-08-21 08:05:00 EDT,44.10452,-76.32686,275,70.7,71.0,70.7,94.7,69.1,0.000,0.000,0.00,0.000,8.5,12.6,1.5,184,8,8.8,13.2,1.7,190,7,8.5,12.6,1.5,184,8,216,29.81,,0,0,0,67.8,67.5,65.1,0.14,0.28,0.17
CAPE,2017-08-21 08:10:00 EDT,44.10452,-76.32686,275,70.9,71.2,70.9,94.1,69.1,0.000,0.000,0.00,0.000,9.5,13.3,1.6,177,8,9.7,13.4,1.6,183,7,9.5,13.3,1.6,177,8,231,29.81,,0,0,0,67.8,67.5,65.1,0.14,0.28,0.18
CAPE,2017-08-21 08:15:00 EDT,44.10452,-76.32686,275,71.1,71.3,71.1,93.6,69.1,0.000,0.000,0.00,0.000,8.6,12.4,1.4,182,11,8.9,13.3,1.5,187,10,8.6,12.4,1.4,182,11,248,29.81,,0,0,0,67.8,67.5,65.1,0.14,0.28,0.18
CAPE,2017-08-21 08:20:00 EDT,44.10452,-76.32686,275,71.3,71.4,71.3,92.9,69.1,0.000,0.000,0.00,0.000,8.8,11.9,1.3,187,12,9.1,13.6,1.6,192,10,8.8,11.9,1.3,187,12,257,29.81,,0,0,0,67.8,67.5,65.1,0.14,0.28,0.18
CAPE,2017-08-21 08:25:00 EDT,44.10452,-76.32686,275,71.4,71.5,71.4,92.1,69.0,0.000,0.000,0.00,0.000,10.6,15.9,2.3,181,13,10.9,16.6,2.3,187,11,10.6,15.9,2.3,181,13,267,29.81,,0,0,0,67.8,67.5,65.1,0.14,0.28,0.17
CAPE,2017-08-21 08:30:00 EDT,44.10452,-76.32686,275,71.3,71.4,71.3,92.5,69.0,0.000,0.000,0.00,0.000,9.3,14.2,1.9,183,13,9.7,14.4,2.1,189,11,9.3,14.2,1.9,183,13,252,29.81,,0,0,0,67.8,67.5,65.1,0.14,0.28,0.17
CAPE,2017-08-21 08:35:00 EDT,44.10452,-76.32686,275,71.2,71.3,71.2,92.4,68.8,0.000,0.000,0.00,0.000,10.8,15.0,2.1,187,11,11.2,15.4,2.2,193,9,10.8,15.0,2.1,187,11,273,29.81,,0,0,0,67.8,67.5,65.1,0.14,0.28,0.17
CAPE,2017-08-21 08:40:00 EDT,44.10452,-76.32686,275,71.3,71.4,71.3,92.8,69.1,0.000,0.000,0.00,0.000,10.2,16.1,2.7,179,11,10.7,18.1,2.8,184,10,10.2,16.1,2.7,179,11,297,29.81,,0,0,0,67.8,67.5,65.1,0.14,0.28,0.17
CAPE,2017-08-21 08:45:00 EDT,44.10452,-76.32686,275,71.3,71.3,71.3,91.6,68.7,0.000,0.000,0.00,0.000,11.1,17.2,2.3,182,13,11.7,16.6,2.5,188,11,11.1,17.2,2.3,182,13,315,29.81,,0,0,0,67.8,67.5,65.1,0.14,0.28,0.17
CAPE,2017-08-21 08:50:00 EDT,44.10452,-76.32686,275,71.3,71.3,71.3,91.5,68.7,0.000,0.000,0.00,0.000,12.2,16.5,2.2,182,11,12.8,19.4,2.5,188,10,12.2,16.5,2.2,182,11,329,29.81,,0,0,0,67.8,67.5,65.1,0.14,0.28,0.17
CAPE,2017-08-21 08:55:00 EDT,44.10452,-76.32686,275,71.3,71.2,71.3,91.1,68.5,0.000,0.000,0.00,0.000,13.3,17.9,2.2,171,10,13.9,20.9,2.5,177,9,13.3,17.9,2.2,171,10,340,29.81,,0,0,0,67.8,67.5,65.1,0.14,0.28,0.17
CAPE,2017-08-21 09:00:00 EDT,44.10452,-76.32686,275,71.4,71.2,71.4,90.3,68.4,0.000,0.000,0.00,0.000,12.3,19.2,2.8,181,10,12.8,19.7,3.0,187,10,12.3,19.2,2.8,181,10,354,29.81,,0,0,0,67.8,67.5,65.1,0.14,0.28,0.17
CAPE,2017-08-21 09:05:00 EDT,44.10452,-76.32686,275,71.4,71.2,71.4,89.9,68.2,0.000,0.000,0.00,0.000,11.7,16.1,1.7,189,11,12.1,16.3,1.8,194,9,11.7,16.1,1.7,189,11,366,29.82,,0,0,0,67.9,67.5,65.1,0.14,0.28,0.17
CAPE,2017-08-21 09:10:00 EDT,44.10452,-76.32686,275,71.6,71.4,71.6,90.3,68.5,0.000,0.000,0.00,0.000,9.4,13.4,1.7,187,11,9.9,16.0,1.9,193,8,9.4,13.4,1.7,187,11,375,29.82,,0,0,0,67.9,67.5,65.1,0.14,0.28,0.17
CAPE,2017-08-21 09:15:00 EDT,44.10452,-76.32686,275,71.8,71.6,71.8,89.4,68.5,0.000,0.000,0.00,0.000,10.6,15.8,2.8,190,12,11.1,16.6,3.0,195,11,10.6,15.8,2.8,190,12,387,29.82,,0,0,0,67.8,67.5,65.1,0.14,0.28,0.17
CAPE,2017-08-21 09:20:00 EDT,44.10452,-76.32686,275,71.6,71.4,71.6,88.8,68.1,0.000,0.000,0.00,0.000,12.3,16.8,2.2,178,10,12.7,18.5,2.4,185,8,12.3,16.8,2.2,178,10,396,29.82,,0,0,0,67.9,67.5,65.1,0.14,0.28,0.17
CAPE,2017-08-21 09:25:00 EDT,44.10452,-76.32686,275,71.8,71.5,71.8,88.4,68.2,0.000,0.000,0.00,0.000,10.5,15.9,2.2,199,12,10.9,16.7,2.3,203,10,10.5,15.9,2.2,199,12,413,29.81,,0,0,0,67.9,67.5,65.1,0.14,0.28,0.17
CAPE,2017-08-21 09:30:00 EDT,44.10452,-76.32686,275,71.7,71.3,71.7,88.8,68.2,0.000,0.000,0.00,0.000,12.4,17.5,2.2,194,11,12.9,18.7,2.3,199,10,12.4,17.5,2.2,194,11,426,29.81,,0,0,0,67.9,67.5,65.1,0.14,0.28,0.17
CAPE,2017-08-21 09:35:00 EDT,44.10452,-76.32686,275,71.6,71.2,71.6,88.7,68.1,0.000,0.000,0.00,0.000,13.1,17.5,2.4,189,10,13.4,18.9,2.6,195,8,13.1,17.5,2.4,189,10,438,29.81,,0,0,0,67.9,67.4,65.1,0.14,0.28,0.17
CAPE,2017-08-21 09:40:00 EDT,44.10452,-76.32686,275,71.9,71.4,71.9,88.9,68.4,0.000,0.000,0.00,0.000,10.6,15.1,1.5,186,12,10.9,15.1,1.7,192,10,10.6,15.1,1.5,186,12,445,29.81,,0,0,0,67.9,67.4,65.1,0.14,0.28,0.17
CAPE,2017-08-21 09:45:00 EDT,44.10452,-76.32686,275,72.1,71.5,72.1,87.8,68.2,0.000,0.000,0.00,0.000,11.2,17.0,2.5,191,11,11.7,17.9,2.5,195,9,11.2,17.0,2.5,191,11,452,29.81,,0,0,0,68.0,67.5,65.1,0.14,0.28,0.16
CAPE,2017-08-21 09:50:00 EDT,44.10452,-76.32686,275,71.9,71.5,71.9,86.8,67.8,0.000,0.000,0.00,0.000,11.5,16.0,2.1,184,12,12.2,18.1,2.3,190,10,11.5,16.0,2.1,184,12,462,29.81,,0,0,0,68.1,67.4,65.1,0.14,0.28,0.17
CAPE,2017-08-21 09:55:00 EDT,44.10452,-76.32686,275,72.1,71.7,72.1,86.7,67.9,0.000,0.000,0.00,0.000,11.8,18.0,2.9,183,10,12.1,19.3,3.0,189,9,11.8,18.0,2.9,183,10,473,29.81,,0,0,0,68.2,67.4,65.1,0.14,0.28,0.17
CAPE,2017-08-21 10:00:00 EDT,44.10452,-76.32686,275,72.4,71.9,72.4,87.1,68.3,0.000,0.000,0.00,0.000,12.5,16.9,3.0,177,10,13.0,18.5,3.1,183,9,12.5,16.9,3.0,177,10,487,29.81,,0,0,0,68.2,67.4,65.1,0.14,0.28,0.17
CAPE,2017-08-21 10:05:00 EDT,44.10452,-76.32686,275,72.4,71.8,72.4,86.6,68.1,0.000,0.000,0.00,0.000,12.7,16.5,1.9,175,9,13.1,18.8,2.2,182,7,12.7,16.5,1.9,175,9,501,29.80,,0,0,0,68.2,67.4,65.1,0.14,0.28,0.17
CAPE,2017-08-21 10:10:00 EDT,44.10452,-76.32686,275,72.5,71.9,72.5,85.8,68.0,0.000,0.000,0.00,0.000,11.7,17.0,2.4,178,11,12.3,18.0,2.5,186,10,11.7,17.0,2.4,178,11,513,29.80,,0,0,0,68.3,67.4,65.1,0.14,0.27,0.17
CAPE,2017-08-21 10:15:00 EDT,44.10452,-76.32686,275,73.4,72.5,73.4,86.3,69.1,0.000,0.000,0.00,0.000,11.0,17.0,3.4,178,9,11.3,17.9,3.5,183,8,11.0,17.0,3.4,178,9,528,29.80,,0,0,0,68.3,67.4,65.1,0.14,0.28,0.17
CAPE,2017-08-21 10:20:00 EDT,44.10452,-76.32686,275,73.1,72.4,73.1,84.6,68.1,0.000,0.000,0.00,0.000,12.0,16.4,1.9,179,11,12.4,17.1,2.1,185,10,12.0,16.4,1.9,179,11,536,29.80,,0,0,0,68.3,67.4,65.1,0.14,0.28,0.17
CAPE,2017-08-21 10:25:00 EDT,44.10452,-76.32686,275,73.5,72.7,73.5,84.9,68.7,0.000,0.000,0.00,0.000,11.9,16.7,1.9,189,11,12.3,18.3,2.1,194,9,11.9,16.7,1.9,189,11,544,29.80,,0,0,0,68.5,67.3,65.1,0.14,0.28,0.17
CAPE,2017-08-21 10:30:00 EDT,44.10452,-76.32686,275,73.4,72.6,73.4,84.4,68.4,0.000,0.000,0.00,0.000,12.4,18.9,2.9,181,12,12.9,19.1,3.2,187,10,12.4,18.9,2.9,181,12,555,29.81,,0,0,0,68.5,67.4,65.1,0.14,0.28,0.17
CAPE,2017-08-21 10:35:00 EDT,44.10452,-76.32686,275,73.4,72.6,73.4,83.6,68.1,0.000,0.000,0.00,0.000,12.9,16.5,2.2,180,8,13.3,17.6,2.5,186,7,12.9,16.5,2.2,180,8,566,29.81,,0,0,0,68.4,67.3,65.1,0.14,0.28,0.17
CAPE,2017-08-21 10:40:00 EDT,44.10452,-76.32686,275,73.8,72.9,73.8,84.8,69.0,0.000,0.000,0.00,0.000,11.5,16.8,2.0,180,13,11.8,19.7,2.1,187,11,11.5,16.8,2.0,180,13,576,29.81,,0,0,0,68.4,67.3,65.1,0.14,0.28,0.17
CAPE,2017-08-21 10:45:00 EDT,44.10452,-76.32686,275,74.0,73.0,74.0,83.9,68.8,0.000,0.000,0.00,0.000,11.9,16.4,2.2,180,12,12.6,18.1,2.3,185,10,11.9,16.4,2.2,180,12,587,29.80,,0,0,0,68.5,67.3,65.1,0.14,0.28,0.17
CAPE,2017-08-21 10:50:00 EDT,44.10452,-76.32686,275,73.8,72.9,73.8,83.6,68.5,0.000,0.000,0.00,0.000,13.4,18.3,1.8,188,12,13.9,19.1,1.9,192,10,13.4,18.3,1.8,188,12,596,29.80,,0,0,0,68.5,67.3,65.1,0.14,0.28,0.17
CAPE,2017-08-21 10:55:00 EDT,44.10452,-76.32686,275,74.1,73.2,74.1,85.8,69.6,0.000,0.000,0.00,0.000,11.3,18.6,2.9,179,12,11.7,20.1,3.0,186,9,11.3,18.6,2.9,179,12,604,29.80,,0,0,0,68.5,67.3,65.1,0.14,0.28,0.17
CAPE,2017-08-21 11:00:00 EDT,44.10452,-76.32686,275,74.4,73.3,74.4,84.1,69.3,0.000,0.000,0.00,0.000,10.8,15.7,2.4,183,11,11.4,17.4,2.5,189,11,10.8,15.7,2.4,183,11,613,29.80,,0,0,0,68.6,67.3,65.1,0.14,0.28,0.17
CAPE,2017-08-21 11:05:00 EDT,44.10452,-76.32686,275,74.2,73.3,74.2,84.0,69.1,0.000,0.000,0.00,0.000,10.8,15.1,2.1,188,11,11.3,15.1,2.1,194,8,10.8,15.1,2.1,188,11,621,29.80,,0,0,0,68.7,67.3,65.1,0.14,0.28,0.17
CAPE,2017-08-21 11:10:00 EDT,44.10452,-76.32686,275,74.5,73.5,74.5,84.4,69.5,0.000,0.000,0.00,0.000,10.8,15.6,2.1,179,13,11.2,15.4,2.2,185,12,10.8,15.6,2.1,179,13,628,29.80,,0,0,0,68.7,67.2,65.1,0.14,0.28,0.17
CAPE,2017-08-21 11:15:00 EDT,44.10452,-76.32686,275,74.9,73.7,74.9,83.7,69.6,0.000,0.000,0.00,0.000,10.2,14.9,1.8,183,15,10.7,16.0,1.9,187,12,10.2,14.9,1.8,183,15,636,29.80,,0,0,0,68.8,67.2,65.1,0.14,0.28,0.17
CAPE,2017-08-21 11:20:00 EDT,44.10452,-76.32686,275,74.8,73.5,74.8,82.6,69.1,0.000,0.000,0.00,0.000,12.3,15.3,1.7,183,12,12.8,17.8,2.1,188,11,12.3,15.3,1.7,183,12,645,29.80,,0,0,0,68.9,67.2,65.1,0.14,0.28,0.17
CAPE,2017-08-21 11:25:00 EDT,44.10452,-76.32686,275,75.1,73.9,75.1,83.0,69.6,0.000,0.000,0.00,0.000,10.5,14.3,2.3,179,11,11.0,16.3,2.4,184,10,10.5,14.3,2.3,179,11,654,29.79,,0,0,0,68.9,67.2,65.1,0.14,0.27,0.17
CAPE,2017-08-21 11:30:00 EDT,44.10452,-76.32686,275,75.4,74.3,75.4,81.1,69.1,0.000,0.000,0.00,0.000,11.7,14.7,1.9,189,13,12.1,16.8,2.1,194,11,11.7,14.7,1.9,189,13,663,29.79,,0,0,0,68.9,67.2,65.1,0.14,0.27,0.17
CAPE,2017-08-21 11:35:00 EDT,44.10452,-76.32686,275,75.6,74.5,75.6,81.7,69.6,0.000,0.000,0.00,0.000,10.3,15.6,2.4,189,12,10.8,16.6,2.5,195,11,10.3,15.6,2.4,189,12,667,29.79,,0,0,0,69.0,67.2,65.1,0.14,0.28,0.17
CAPE,2017-08-21 11:40:00 EDT,44.10452,-76.32686,275,75.7,74.5,75.7,81.7,69.7,0.000,0.000,0.00,0.000,10.5,14.8,2.4,188,17,10.9,15.9,2.5,194,16,10.5,14.8,2.4,188,17,672,29.79,,0,0,0,69.2,67.2,65.1,0.14,0.28,0.17
CAPE,2017-08-21 11:45:00 EDT,44.10452,-76.32686,275,76.0,74.8,76.0,82.1,70.2,0.000,0.000,0.00,0.000,11.4,15.6,2.3,177,14,11.8,16.8,2.5,184,12,11.4,15.6,2.3,177,14,677,29.79,,0,0,0,69.2,67.2,65.1,0.14,0.28,0.17
CAPE,2017-08-21 11:50:00 EDT,44.10452,-76.32686,275,76.0,74.8,76.0,80.4,69.5,0.000,0.000,0.00,0.000,10.0,14.8,2.1,185,15,10.7,17.2,2.3,190,13,10.0,14.8,2.1,185,15,685,29.79,,0,0,0,69.3,67.2,65.1,0.14,0.28,0.17
CAPE,2017-08-21 11:55:00 EDT,44.10452,-76.32686,275,76.4,75.3,76.4,78.7,69.3,0.000,0.000,0.00,0.000,11.3,17.2,2.0,199,12,11.5,16.8,2.1,204,11,11.3,17.2,2.0,199,12,693,29.79,,0,0,0,69.3,67.3,65.1,0.14,0.27,0.17
CAPE,2017-08-21 12:00:00 EDT,44.10452,-76.32686,275,76.3,75.2,76.3,76.0,68.2,0.000,0.000,0.00,0.000,12.4,17.8,2.5,195,13,12.8,20.5,2.6,200,11,12.4,17.8,2.5,195,13,698,29.79,,0,0,0,69.3,67.2,65.1,0.14,0.28,0.16
CAPE,2017-08-21 12:05:00 EDT,44.10452,-76.32686,275,76.3,75.3,76.3,76.9,68.5,0.000,0.000,0.00,0.000,12.0,17.5,2.7,198,15,12.3,21.0,2.9,203,13,12.0,17.5,2.7,198,15,702,29.79,,0,0,0,69.3,67.2,65.1,0.14,0.28,0.17
CAPE,2017-08-21 12:10:00 EDT,44.10452,-76.32686,275,77.1,75.9,77.1,73.0,67.8,0.000,0.000,0.00,0.000,11.6,16.8,1.8,208,13,11.7,18.1,2.0,213,12,11.6,16.8,1.8,208,13,708,29.79,,0,0,0,69.4,67.2,65.1,0.14,0.28,0.17
CAPE,2017-08-21 12:15:00 EDT,44.10452,-76.32686,275,76.7,75.5,76.7,71.8,66.9,0.000,0.000,0.00,0.000,12.5,17.7,2.0,214,14,12.7,18.4,2.2,216,11,12.5,17.7,2.0,214,14,710,29.79,,0,0,0,69.5,67.2,65.1,0.14,0.28,0.17
CAPE,2017-08-21 12:20:00 EDT,44.10452,-76.32686,275,76.7,75.5,76.7,72.6,67.2,0.000,0.000,0.00,0.000,12.5,17.9,2.8,215,11,12.6,17.7,2.6,220,9,12.5,17.9,2.8,215,11,714,29.79,,0,0,0,69.6,67.3,65.1,0.14,0.28,0.17
CAPE,2017-08-21 12:25:00 EDT,44.10452,-76.32686,275,76.5,75.3,76.5,72.6,67.0,0.000,0.000,0.00,0.000,13.0,18.3,2.1,214,11,12.8,17.7,2.2,217,8,13.0,18.3,2.1,214,11,715,29.79,,0,0,0,69.6,67.3,65.1,0.14,0.28,0.17
CAPE,2017-08-21 12:30:00 EDT,44.10452,-76.32686,275,76.8,75.4,76.8,74.5,68.0,0.000,0.000,0.00,0.000,12.2,17.5,2.3,211,12,12.4,16.9,2.2,215,11,12.2,17.5,2.3,211,12,718,29.79,,0,0,0,69.7,67.1,65.1,0.14,0.28,0.17
CAPE,2017-08-21 12:35:00 EDT,44.10452,-76.32686,275,76.8,75.6,76.8,73.9,67.9,0.000,0.000,0.00,0.000,11.7,18.4,2.3,210,13,11.8,19.9,2.4,214,12,11.7,18.4,2.3,210,13,740,29.79,,0,0,0,69.7,67.2,65.1,0.14,0.28,0.17
CAPE,2017-08-21 12:40:00 EDT,44.10452,-76.32686,275,76.9,75.5,76.9,72.0,67.2,0.000,0.000,0.00,0.000,12.1,17.5,2.5,210,15,12.2,18.6,2.5,214,13,12.1,17.5,2.5,210,15,735,29.79,,0,0,0,69.9,67.2,65.1,0.14,0.28,0.17
CAPE,2017-08-21 12:45:00 EDT,44.10452,-76.32686,275,76.7,75.6,76.7,73.8,67.6,0.000,0.000,0.00,0.000,12.3,16.7,2.1,214,11,12.2,17.7,2.1,219,9,12.3,16.7,2.1,214,11,723,29.79,,0,0,0,70.0,67.2,65.1,0.14,0.28,0.17
CAPE,2017-08-21 12:50:00 EDT,44.10452,-76.32686,275,76.6,75.3,76.6,72.0,66.9,0.000,0.000,0.00,0.000,13.9,19.4,2.8,212,11,13.8,19.2,2.7,216,8,13.9,19.4,2.8,212,11,726,29.79,,0,0,0,70.0,67.2,65.1,0.14,0.28,0.17
CAPE,2017-08-21 12:55:00 EDT,44.10452,-76.32686,275,76.6,75.4,76.6,73.2,67.3,0.000,0.000,0.00,0.000,13.8,19.1,2.3,215,9,13.8,19.2,2.3,219,9,13.8,19.1,2.3,215,9,727,29.79,,0,0,0,70.0,67.3,65.1,0.14,0.28,0.17
CAPE,2017-08-21 13:00:00 EDT,44.10452,-76.32686,275,76.5,75.3,76.5,72.1,66.8,0.000,0.000,0.00,0.000,14.2,18.6,2.3,213,16,14.2,18.6,2.3,216,15,14.2,18.6,2.3,213,16,728,29.79,,0,0,0,70.1,67.2,65.1,0.14,0.28,0.17
CAPE,2017-08-21 13:05:00 EDT,44.10452,-76.32686,275,76.8,75.7,76.8,73.3,67.6,0.000,0.000,0.00,0.000,10.7,15.0,2.1,195,14,11.1,15.8,2.3,200,11,10.7,15.0,2.1,195,14,727,29.78,,0,0,0,70.2,67.2,65.1,0.14,0.27,0.17
CAPE,2017-08-21 13:10:00 EDT,44.10452,-76.32686,275,76.7,75.4,76.7,73.2,67.4,0.000,0.000,0.00,0.000,11.9,17.6,2.3,201,16,12.1,18.5,2.5,205,14,11.9,17.6,2.3,201,16,728,29.78,,0,0,0,70.3,67.2,65.1,0.14,0.28,0.17
CAPE,2017-08-21 13:15:00 EDT,44.10452,-76.32686,275,77.1,75.8,77.1,73.5,67.9,0.000,0.000,0.00,0.000,10.7,15.0,1.6,208,15,10.8,15.1,1.4,212,13,10.7,15.0,1.6,208,15,729,29.78,,0,0,0,70.3,67.2,65.1,0.14,0.27,0.17
CAPE,2017-08-21 13:20:00 EDT,44.10452,-76.32686,275,77.5,76.1,77.5,72.8,68.1,0.000,0.000,0.00,0.000,11.0,19.2,2.5,208,14,11.1,18.9,2.3,213,12,11.0,19.2,2.5,208,14,727,29.78,,0,0,0,70.4,67.2,65.1,0.14,0.28,0.17
CAPE,2017-08-21 13:25:00 EDT,44.10452,-76.32686,275,76.8,75.4,76.8,74.1,67.9,0.000,0.000,0.00,0.000,12.2,16.9,2.0,218,7,11.9,16.4,2.0,221,6,12.2,16.9,2.0,218,7,719,29.78,,0,0,0,70.4,67.2,65.1,0.14,0.27,0.17
CAPE,2017-08-21 13:30:00 EDT,44.10452,-76.32686,275,76.7,75.7,76.7,74.5,68.0,0.000,0.000,0.00,0.000,10.9,14.8,2.0,219,9,10.7,14.8,1.9,222,9,10.9,14.8,2.0,219,9,701,29.78,,0,0,0,70.6,67.2,65.1,0.14,0.28,0.17
CAPE,2017-08-21 13:35:00 EDT,44.10452,-76.32686,275,76.9,75.7,76.9,74.8,68.3,0.000,0.000,0.00,0.000,11.4,16.6,2.0,219,9,11.3,17.0,2.0,223,8,11.4,16.6,2.0,219,9,674,29.78,,0,0,0,70.7,67.2,65.1,0.14,0.28,0.17
CAPE,2017-08-21 13:40:00 EDT,44.10452,-76.32686,275,76.8,75.7,76.8,75.6,68.5,0.000,0.000,0.00,0.000,10.6,14.7,1.7,221,12,10.5,14.6,1.5,225,11,10.6,14.7,1.7,221,12,642,29.78,,0,0,0,70.7,67.2,65.1,0.14,0.28,0.17
CAPE,2017-08-21 13:45:00 EDT,44.10452,-76.32686,275,76.6,75.6,76.6,76.0,68.4,0.000,0.000,0.00,0.000,10.4,14.2,1.8,217,8,10.3,13.9,1.6,221,7,10.4,14.2,1.8,217,8,603,29.78,,0,0,0,70.7,67.2,65.0,0.14,0.28,0.17
CAPE,2017-08-21 13:50:00 EDT,44.10452,-76.32686,275,76.4,75.5,76.4,76.2,68.3,0.000,0.000,0.00,0.000,10.5,15.1,2.7,216,10,10.4,15.0,2.4,221,8,10.5,15.1,2.7,216,10,558,29.78,,0,0,0,70.7,67.2,65.1,0.14,0.27,0.17
CAPE,2017-08-21 13:55:00 EDT,44.10452,-76.32686,275,76.1,75.4,76.1,76.8,68.3,0.000,0.000,0.00,0.000,10.3,14.0,2.0,222,13,10.2,14.3,1.8,226,12,10.3,14.0,2.0,222,13,519,29.78,,0,0,0,70.8,67.2,65.1,0.14,0.28,0.17
CAPE,2017-08-21 14:00:00 EDT,44.10452,-76.32686,275,75.8,75.1,75.8,77.1,68.1,0.000,0.000,0.00,0.000,10.3,13.6,1.7,222,11,10.2,13.7,1.6,225,10,10.3,13.6,1.7,222,11,472,29.78,,0,0,0,70.9,67.2,65.1,0.14,0.28,0.17
CAPE,2017-08-21 14:05:00 EDT,44.10452,-76.32686,275,75.6,75.0,75.6,76.7,67.8,0.000,0.000,0.00,0.000,11.2,14.1,1.8,212,10,11.0,14.4,1.7,216,8,11.2,14.1,1.8,212,10,423,29.78,,0,0,0,70.9,67.2,65.1,0.14,0.28,0.17
CAPE,2017-08-21 14:10:00 EDT,44.10452,-76.32686,275,75.3,74.8,75.3,77.0,67.6,0.000,0.000,0.00,0.000,10.7,14.8,1.7,214,10,10.7,14.9,1.6,217,9,10.7,14.8,1.7,214,10,377,29.77,,0,0,0,71.1,67.3,65.1,0.14,0.28,0.17
CAPE,2017-08-21 14:15:00 EDT,44.10452,-76.32686,275,75.1,74.7,75.1,77.3,67.5,0.000,0.000,0.00,0.000,11.5,18.2,2.4,211,7,11.4,17.2,2.3,215,6,11.5,18.2,2.4,211,7,303,29.77,,0,0,0,71.1,67.2,65.0,0.14,0.28,0.17
CAPE,2017-08-21 14:20:00 EDT,44.10452,-76.32686,275,74.9,74.7,74.9,81.3,68.7,0.000,0.000,0.00,0.000,9.2,11.8,1.8,214,10,9.2,12.3,1.7,218,9,9.2,11.8,1.8,214,10,274,29.77,,0,0,0,71.2,67.2,65.1,0.14,0.28,0.17
CAPE,2017-08-21 14:25:00 EDT,44.10452,-76.32686,275,74.6,74.4,74.6,81.1,68.4,0.000,0.000,0.00,0.000,9.2,13.0,2.7,212,10,9.3,13.2,2.6,216,10,9.2,13.0,2.7,212,10,261,29.77,,0,0,0,71.1,67.2,65.1,0.14,0.28,0.17
CAPE,2017-08-21 14:30:00 EDT,44.10452,-76.32686,275,74.3,74.2,74.3,82.3,68.6,0.000,0.000,0.00,0.000,8.4,12.1,1.6,200,13,8.4,12.9,1.6,206,11,8.4,12.1,1.6,200,13,240,29.77,,0,0,0,71.2,67.2,65.0,0.14,0.28,0.17
CAPE,2017-08-21 14:35:00 EDT,44.10452,-76.32686,275,74.2,74.1,74.2,82.5,68.5,0.000,0.000,0.00,0.000,8.7,12.7,1.7,205,12,8.7,14.1,1.9,209,11,8.7,12.7,1.7,205,12,218,29.77,,0,0,0,71.2,67.2,65.1,0.14,0.28,0.17
CAPE,2017-08-21 14:40:00 EDT,44.10452,-76.32686,275,74.0,74.0,74.0,82.3,68.3,0.000,0.000,0.00,0.000,8.0,12.3,1.4,205,10,8.1,11.8,1.2,211,8,8.0,12.3,1.4,205,10,221,29.76,,0,0,0,71.3,67.2,65.1,0.14,0.28,0.17
CAPE,2017-08-21 14:45:00 EDT,44.10452,-76.32686,275,74.0,73.9,74.0,83.3,68.6,0.000,0.000,0.00,0.000,7.9,10.6,1.1,197,13,8.0,10.8,1.2,202,13,7.9,10.6,1.1,197,13,221,29.76,,0,0,0,71.2,67.2,65.1,0.14,0.28,0.17
CAPE,2017-08-21 14:50:00 EDT,44.10452,-76.32686,275,74.0,73.9,74.0,83.7,68.8,0.000,0.000,0.00,0.000,7.3,10.4,1.1,199,12,7.5,10.9,1.3,203,10,7.3,10.4,1.1,199,12,235,29.76,,0,0,0,71.3,67.3,65.0,0.14,0.28,0.17
CAPE,2017-08-21 14:55:00 EDT,44.10452,-76.32686,275,74.1,74.0,74.1,84.3,69.1,0.000,0.000,0.00,0.000,7.3,10.2,1.5,188,15,7.6,11.4,1.6,193,12,7.3,10.2,1.5,188,15,255,29.76,,0,0,0,71.2,67.2,65.1,0.14,0.28,0.17
CAPE,2017-08-21 15:00:00 EDT,44.10452,-76.32686,275,74.2,74.1,74.2,82.8,68.7,0.000,0.000,0.00,0.000,7.3,10.2,1.3,200,15,7.6,11.2,1.3,205,13,7.3,10.2,1.3,200,15,280,29.76,,0,0,0,71.2,67.2,65.0,0.14,0.28,0.17
CAPE,2017-08-21 15:05:00 EDT,44.10452,-76.32686,275,74.6,74.3,74.6,83.8,69.3,0.000,0.000,0.00,0.000,6.5,10.4,1.5,197,14,6.9,10.9,1.6,203,13,6.5,10.4,1.5,197,14,309,29.76,,0,0,0,71.3,67.2,65.0,0.14,0.28,0.17
CAPE,2017-08-21 15:10:00 EDT,44.10452,-76.32686,275,74.7,74.4,74.7,82.7,69.1,0.000,0.000,0.00,0.000,8.5,12.3,1.7,193,12,8.8,12.8,1.7,198,12,8.5,12.3,1.7,193,12,316,29.76,,0,0,0,71.2,67.2,65.0,0.14,0.28,0.17
CAPE,2017-08-21 15:15:00 EDT,44.10452,-76.32686,275,74.9,74.6,74.9,81.8,69.0,0.000,0.000,0.00,0.000,7.7,11.8,1.6,195,11,7.9,12.3,1.7,200,10,7.7,11.8,1.6,195,11,363,29.76,,0,0,0,71.2,67.3,65.0,0.14,0.28,0.17
CAPE,2017-08-21 15:20:00 EDT,44.10452,-76.32686,275,75.6,75.1,75.6,80.6,69.2,0.000,0.000,0.00,0.000,6.7,11.2,2.0,192,15,7.0,11.6,2.0,198,12,6.7,11.2,2.0,192,15,442,29.75,,0,0,0,71.2,67.2,65.1,0.14,0.28,0.17
CAPE,2017-08-21 15:25:00 EDT,44.10452,-76.32686,275,76.0,75.5,76.0,79.2,69.1,0.000,0.000,0.00,0.000,6.3,10.4,2.0,197,13,6.8,11.0,2.0,203,13,6.3,10.4,2.0,197,13,440,29.75,,0,0,0,71.3,67.2,65.0,0.14,0.28,0.17
CAPE,2017-08-21 15:30:00 EDT,44.10452,-76.32686,275,76.4,75.7,76.4,77.0,68.7,0.000,0.000,0.00,0.000,7.8,12.1,1.8,190,14,7.9,13.5,1.9,196,13,7.8,12.1,1.8,190,14,481,29.75,,0,0,0,71.2,67.2,65.0,0.14,0.28,0.17
CAPE,2017-08-21 15:35:00 EDT,44.10452,-76.32686,275,76.7,76.1,76.7,74.5,68.0,0.000,0.000,0.00,0.000,8.7,14.5,2.4,193,13,9.2,16.0,2.4,198,11,8.7,14.5,2.4,193,13,532,29.75,,0,0,0,71.3,67.2,65.1,0.14,0.28,0.17
CAPE,2017-08-21 15:40:00 EDT,44.10452,-76.32686,275,77.2,76.4,77.2,73.9,68.2,0.000,0.000,0.00,0.000,8.8,12.4,1.7,194,14,9.2,13.1,1.8,200,12,8.8,12.4,1.7,194,14,548,29.75,,0,0,0,71.3,67.2,65.0,0.14,0.28,0.17
CAPE,2017-08-21 15:45:00 EDT,44.10452,-76.32686,275,77.6,76.8,77.6,73.1,68.3,0.000,0.000,0.00,0.000,9.4,12.5,1.8,196,14,9.9,13.0,1.7,200,13,9.4,12.5,1.8,196,14,566,29.75,,0,0,0,71.3,67.3,65.0,0.14,0.28,0.17
CAPE,2017-08-21 15:50:00 EDT,44.10452,-76.32686,275,77.9,77.1,77.9,72.6,68.4,0.000,0.000,0.00,0.000,8.8,11.8,1.5,192,13,9.1,12.3,1.6,198,11,8.8,11.8,1.5,192,13,581,29.75,,0,0,0,71.3,67.2,65.0,0.14,0.28,0.17
CAPE,2017-08-21 15:55:00 EDT,44.10452,-76.32686,275,77.6,76.9,77.6,73.0,68.2,0.000,0.000,0.00,0.000,9.2,13.3,2.0,193,12,9.7,14.1,2.0,199,11,9.2,13.3,2.0,193,12,465,29.75,,0,0,0,71.3,67.3,65.0,0.14,0.28,0.17
CAPE,2017-08-21 16:00:00 EDT,44.10452,-76.32686,275,77.5,76.9,77.5,72.5,68.0,0.000,0.000,0.00,0.000,9.7,12.5,1.6,200,12,9.9,14.0,1.7,204,10,9.7,12.5,1.6,200,12,518,29.75,,0,0,0,71.2,67.3,65.0,0.14,0.28,0.16
CAPE,2017-08-21 16:05:00 EDT,44.10452,-76.32686,275,78.0,77.3,78.0,73.3,68.8,0.000,0.000,0.00,0.000,8.0,11.4,1.4,202,14,8.3,11.4,1.4,206,13,8.0,11.4,1.4,202,14,538,29.75,,0,0,0,71.3,67.3,65.1,0.14,0.28,0.17
CAPE,2017-08-21 16:10:00 EDT,44.10452,-76.32686,275,78.3,77.4,78.3,71.0,68.1,0.000,0.000,0.00,0.000,9.0,13.7,1.9,208,12,9.3,13.8,1.9,213,11,9.0,13.7,1.9,208,12,538,29.75,,0,0,0,71.3,67.3,65.0,0.14,0.28,0.16
CAPE,2017-08-21 16:15:00 EDT,44.10452,-76.32686,275,77.8,77.1,77.8,70.1,67.2,0.000,0.000,0.00,0.000,11.0,16.4,2.2,202,12,11.2,17.4,2.4,206,10,11.0,16.4,2.2,202,12,524,29.74,,0,0,0,71.4,67.3,65.0,0.14,0.28,0.16
CAPE,2017-08-21 16:20:00 EDT,44.10452,-76.32686,275,77.6,76.9,77.6,70.8,67.4,0.000,0.000,0.00,0.000,11.0,15.5,1.7,204,13,11.3,17.0,1.8,208,12,11.0,15.5,1.7,204,13,509,29.74,,0,0,0,71.4,67.3,65.0,0.14,0.27,0.17
CAPE,2017-08-21 16:25:00 EDT,44.10452,-76.32686,275,77.5,77.0,77.5,70.9,67.3,0.000,0.000,0.00,0.000,11.2,14.3,1.6,206,12,11.4,15.4,1.7,210,10,11.2,14.3,1.6,206,12,501,29.74,,0,0,0,71.4,67.3,65.0,0.14,0.27,0.17
CAPE,2017-08-21 16:30:00 EDT,44.10452,-76.32686,275,77.8,77.1,77.8,72.7,68.3,0.000,0.000,0.00,0.000,9.7,13.4,1.8,213,11,9.8,14.3,1.8,218,10,9.7,13.4,1.8,213,11,488,29.74,,0,0,0,71.4,67.3,65.0,0.14,0.28,0.17
CAPE,2017-08-21 16:35:00 EDT,44.10452,-76.32686,275,77.5,77.0,77.5,72.3,67.9,0.000,0.000,0.00,0.000,10.9,16.1,1.8,210,11,11.1,15.6,1.7,213,10,10.9,16.1,1.8,210,11,476,29.74,,0,0,0,71.4,67.4,65.0,0.14,0.28,0.17
CAPE,2017-08-21 16:40:00 EDT,44.10452,-76.32686,275,77.7,77.2,77.7,73.6,68.6,0.000,0.000,0.00,0.000,8.4,13.4,2.3,197,15,8.7,14.7,2.2,201,13,8.4,13.4,2.3,197,15,472,29.74,,0,0,0,71.5,67.4,65.0,0.14,0.27,0.17
CAPE,2017-08-21 16:45:00 EDT,44.10452,-76.32686,275,77.8,77.3,77.8,73.7,68.7,0.000,0.000,0.00,0.000,8.2,12.2,1.5,204,14,8.5,13.2,1.6,209,12,8.2,12.2,1.5,204,14,457,29.74,,0,0,0,71.5,67.4,65.0,0.14,0.27,0.17
CAPE,2017-08-21 16:50:00 EDT,44.10452,-76.32686,275,77.7,77.1,77.7,73.4,68.5,0.000,0.000,0.00,0.000,9.8,14.1,1.9,210,9,10.0,14.5,2.0,214,7,9.8,14.1,1.9,210,9,441,29.74,,0,0,0,71.5,67.5,65.0,0.14,0.28,0.17
CAPE,2017-08-21 16:55:00 EDT,44.10452,-76.32686,275,77.6,77.2,77.6,74.0,68.6,0.000,0.000,0.00,0.000,10.1,14.1,1.9,218,10,10.2,14.0,1.9,222,8,10.1,14.1,1.9,218,10,421,29.74,,0,0,0,71.6,67.5,64.9,0.14,0.28,0.17
CAPE,2017-08-21 17:00:00 EDT,44.10452,-76.32686,275,77.3,76.9,77.3,74.4,68.5,0.000,0.000,0.00,0.000,9.5,13.4,1.9,215,11,9.7,13.3,1.8,219,9,9.5,13.4,1.9,215,11,419,29.74,,0,0,0,71.7,67.5,65.0,0.15,0.28,0.17
CAPE,2017-08-21 17:05:00 EDT,44.10452,-76.32686,275,77.3,76.9,77.3,74.3,68.5,0.000,0.000,0.00,0.000,9.4,14.5,1.6,202,10,9.3,15.0,1.6,207,9,9.4,14.5,1.6,202,10,405,29.74,,0,0,0,71.6,67.5,65.0,0.14,0.27,0.17
CAPE,2017-08-21 17:10:00 EDT,44.10452,-76.32686,275,77.4,77.1,77.4,74.9,68.9,0.000,0.000,0.00,0.000,8.2,11.3,1.3,216,13,8.1,11.1,1.2,220,12,8.2,11.3,1.3,216,13,394,29.74,,0,0,0,71.6,67.5,64.9,0.14,0.27,0.17
CAPE,2017-08-21 17:15:00 EDT,44.10452,-76.32686,275,77.2,76.8,77.2,74.6,68.5,0.000,0.000,0.00,0.000,11.1,14.7,1.7,221,8,11.0,14.3,1.5,225,7,11.1,14.7,1.7,221,8,385,29.74,,0,0,0,71.7,67.5,65.0,0.14,0.28,0.16
CAPE,2017-08-21 17:20:00 EDT,44.10452,-76.32686,275,76.7,76.5,76.7,74.8,68.1,0.000,0.000,0.00,0.000,12.3,17.0,2.3,216,9,11.9,16.4,2.2,220,8,12.3,17.0,2.3,216,9,369,29.74,,0,0,0,71.7,67.5,64.9,0.14,0.28,0.17
CAPE,2017-08-21 17:25:00 EDT,44.10452,-76.32686,275,76.5,76.2,76.5,75.7,68.2,0.000,0.000,0.00,0.000,12.1,16.1,2.0,217,9,11.9,15.4,2.0,220,9,12.1,16.1,2.0,217,9,350,29.74,,0,0,0,71.8,67.5,65.0,0.14,0.28,0.16
CAPE,2017-08-21 17:30:00 EDT,44.10452,-76.32686,275,76.2,76.0,76.2,76.6,68.4,0.000,0.000,0.00,0.000,11.3,17.5,2.4,212,9,11.2,17.3,2.3,216,9,11.3,17.5,2.4,212,9,331,29.74,,0,0,0,71.8,67.5,64.9,0.14,0.28,0.17
CAPE,2017-08-21 17:35:00 EDT,44.10452,-76.32686,275,76.3,76.1,76.3,78.0,68.9,0.000,0.000,0.00,0.000,10.8,15.3,1.7,220,9,10.7,13.9,1.5,224,9,10.8,15.3,1.7,220,9,307,29.74,,0,0,0,71.8,67.5,65.0,0.14,0.28,0.17
CAPE,2017-08-21 17:40:00 EDT,44.10452,-76.32686,275,76.0,75.9,76.0,78.8,68.9,0.000,0.000,0.00,0.000,10.1,15.2,1.9,221,11,10.0,15.0,1.7,225,10,10.1,15.2,1.9,221,11,300,29.74,,0,0,0,71.8,67.5,64.9,0.14,0.28,0.16
CAPE,2017-08-21 17:45:00 EDT,44.10452,-76.32686,275,76.0,75.9,76.0,79.9,69.4,0.000,0.000,0.00,0.000,10.0,14.5,1.6,218,11,9.9,15.2,1.6,221,10,10.0,14.5,1.6,218,11,302,29.74,,0,0,0,71.8,67.5,64.9,0.14,0.27,0.17
CAPE,2017-08-21 17:50:00 EDT,44.10452,-76.32686,275,75.9,75.8,75.9,79.7,69.2,0.000,0.000,0.00,0.000,10.0,13.2,1.7,219,10,9.9,13.1,1.5,222,8,10.0,13.2,1.7,219,10,283,29.74,,0,0,0,71.8,67.5,64.9,0.14,0.27,0.16
CAPE,2017-08-21 17:55:00 EDT,44.10452,-76.32686,275,75.7,75.6,75.7,81.9,69.8,0.000,0.000,0.00,0.000,9.0,14.5,1.9,221,9,8.8,14.5,1.8,224,8,9.0,14.5,1.9,221,9,270,29.74,,0,0,0,71.8,67.5,65.0,0.14,0.27,0.17
CAPE,2017-08-21 18:00:00 EDT,44.10452,-76.32686,275,75.7,75.7,75.7,80.5,69.3,0.000,0.000,0.00,0.000,10.2,13.3,1.5,218,9,10.0,12.9,1.5,221,7,10.2,13.3,1.5,218,9,252,29.73,,0,0,0,71.8,67.5,65.0,0.14,0.27,0.17
CAPE,2017-08-21 18:05:00 EDT,44.10452,-76.32686,275,75.6,75.6,75.6,81.3,69.5,0.000,0.000,0.00,0.000,8.4,11.7,1.5,213,11,8.4,12.0,1.4,217,10,8.4,11.7,1.5,213,11,220,29.73,,0,0,0,71.8,67.5,65.0,0.14,0.27,0.17
CAPE,2017-08-21 18:10:00 EDT,44.10452,-76.32686,275,75.4,75.5,75.4,81.7,69.4,0.000,0.000,0.00,0.000,9.3,12.3,1.3,222,11,9.2,12.7,1.2,226,10,9.3,12.3,1.3,222,11,188,29.73,,0,0,0,71.8,67.5,65.0,0.14,0.27,0.17
CAPE,2017-08-21 18:15:00 EDT,44.10452,-76.32686,275,75.3,75.4,75.3,82.9,69.7,0.000,0.000,0.00,0.000,8.0,12.1,1.7,223,10,8.1,12.1,1.6,227,9,8.0,12.1,1.7,223,10,198,29.73,,0,0,0,71.8,67.5,64.9,0.14,0.27,0.16
CAPE,2017-08-21 18:20:00 EDT,44.10452,-76.32686,275,75.1,75.2,75.1,83.4,69.7,0.000,0.000,0.00,0.000,9.1,11.8,1.5,215,8,9.1,12.9,1.5,219,7,9.1,11.8,1.5,215,8,189,29.73,,0,0,0,71.8,67.5,65.0,0.14,0.27,0.17
CAPE,2017-08-21 18:25:00 EDT,44.10452,-76.32686,275,74.9,75.1,74.9,84.9,70.0,0.000,0.000,0.00,0.000,9.3,13.8,1.9,216,10,9.2,12.7,1.7,220,9,9.3,13.8,1.9,216,10,157,29.73,,0,0,0,71.8,67.5,64.9,0.14,0.27,0.17
CAPE,2017-08-21 18:30:00 EDT,44.10452,-76.32686,275,74.8,74.9,74.8,85.6,70.2,0.000,0.000,0.00,0.000,8.8,13.1,1.5,213,9,8.7,13.9,1.5,218,7,8.8,13.1,1.5,213,9,158,29.73,,0,0,0,71.8,67.5,65.0,0.14,0.27,0.17
CAPE,2017-08-21 18:35:00 EDT,44.10452,-76.32686,275,74.8,75.0,74.8,85.1,70.0,0.000,0.000,0.00,0.000,7.2,9.9,1.1,217,10,7.2,10.5,1.2,221,8,7.2,9.9,1.1,217,10,154,29.73,,0,0,0,71.7,67.5,65.0,0.14,0.27,0.17
CAPE,2017-08-21 18:40:00 EDT,44.10452,-76.32686,275,74.9,75.1,74.9,84.5,69.9,0.000,0.000,0.00,0.000,7.1,10.4,1.2,207,13,7.2,10.4,1.2,213,11,7.1,10.4,1.2,207,13,149,29.73,,0,0,0,71.7,67.5,64.9,0.14,0.27,0.17
CAPE,2017-08-21 18:45:00 EDT,44.10452,-76.32686,275,74.7,75.0,74.7,85.3,70.0,0.000,0.000,0.00,0.000,7.5,10.8,1.4,213,11,7.7,11.0,1.3,218,9,7.5,10.8,1.4,213,11,135,29.72,,0,0,0,71.6,67.5,65.0,0.14,0.28,0.17
CAPE,2017-08-21 18:50:00 EDT,44.10452,-76.32686,275,74.5,74.9,74.5,85.8,70.0,0.000,0.000,0.00,0.000,5.7,8.5,1.3,209,14,6.1,9.1,1.3,214,12,5.7,8.5,1.3,209,14,114,29.72,,0,0,0,71.5,67.5,64.9,0.14,0.27,0.17
CAPE,2017-08-21 18:55:00 EDT,44.10452,-76.32686,275,74.3,74.8,74.3,86.4,70.0,0.000,0.000,0.00,0.000,5.1,8.0,1.1,207,12,5.3,8.4,1.2,214,10,5.1,8.0,1.1,207,12,93,29.72,,0,0,0,71.6,67.5,65.0,0.14,0.28,0.17
CAPE,2017-08-21 19:00:00 EDT,44.10452,-76.32686,275,74.3,74.8,74.3,85.2,69.5,0.000,0.000,0.00,0.000,6.3,9.1,1.2,198,9,6.4,9.6,1.1,205,8,6.3,9.1,1.2,198,9,80,29.72,,0,0,0,71.5,67.6,64.9,0.14,0.27,0.17
CAPE,2017-08-21 19:05:00 EDT,44.10452,-76.32686,275,74.1,74.6,74.1,85.4,69.4,0.000,0.000,0.00,0.000,6.1,9.4,1.3,199,12,6.2,9.7,1.3,205,11,6.1,9.4,1.3,199,12,91,29.72,,0,0,0,71.5,67.6,64.9,0.14,0.27,0.17
CAPE,2017-08-21 19:10:00 EDT,44.10452,-76.32686,275,74.1,74.6,74.1,85.7,69.5,0.000,0.000,0.00,0.000,6.3,9.1,1.2,207,10,6.3,9.1,1.2,213,9,6.3,9.1,1.2,207,10,88,29.72,,0,0,0,71.5,67.6,64.9,0.14,0.28,0.17
CAPE,2017-08-21 19:15:00 EDT,44.10452,-76.32686,275,73.9,74.5,73.9,86.0,69.5,0.000,0.000,0.00,0.000,5.3,7.2,0.8,210,9,5.4,7.5,0.8,215,7,5.3,7.2,0.8,210,9,61,29.72,,0,0,0,71.5,67.7,64.9,0.14,0.27,0.17
CAPE,2017-08-21 19:20:00 EDT,44.10452,-76.32686,275,73.4,74.4,73.4,87.3,69.4,0.000,0.000,0.00,0.000,4.7,6.9,0.8,211,11,4.9,6.7,0.8,216,9,4.7,6.9,0.8,211,11,44,29.72,,0,0,0,71.5,67.7,64.9,0.14,0.27,0.17
CAPE,2017-08-21 19:25:00 EDT,44.10452,-76.32686,275,73.3,74.4,73.3,87.5,69.4,0.000,0.000,0.00,0.000,5.6,7.8,0.8,213,12,5.6,7.9,0.8,218,11,5.6,7.8,0.8,213,12,38,29.73,,0,0,0,71.5,67.7,64.9,0.14,0.27,0.17
CAPE,2017-08-21 19:30:00 EDT,44.10452,-76.32686,275,73.3,74.3,73.3,87.3,69.3,0.000,0.000,0.00,0.000,5.8,7.9,1.0,205,10,5.9,8.4,1.0,211,9,5.8,7.9,1.0,205,10,32,29.72,,0,0,0,71.4,67.8,64.9,0.14,0.27,0.17
CAPE,2017-08-21 19:35:00 EDT,44.10452,-76.32686,275,73.0,74.0,73.0,88.0,69.3,0.000,0.000,0.00,0.000,4.8,6.9,0.9,197,12,5.0,7.3,0.9,203,10,4.8,6.9,0.9,197,12,26,29.72,,0,0,0,71.4,67.7,64.9,0.14,0.27,0.17
CAPE,2017-08-21 19:40:00 EDT,44.10452,-76.32686,275,72.9,74.0,72.9,89.0,69.4,0.000,0.000,0.00,0.000,5.9,8.3,1.0,201,12,6.2,8.8,1.0,207,11,5.9,8.3,1.0,201,12,21,29.72,,0,0,0,71.3,67.8,64.9,0.14,0.27,0.16
CAPE,2017-08-21 19:45:00 EDT,44.10452,-76.32686,275,72.8,73.9,72.8,89.0,69.3,0.000,0.000,0.00,0.000,5.8,7.9,0.9,204,11,5.8,9.0,0.9,210,10,5.8,7.9,0.9,204,11,14,29.72,,0,0,0,71.3,67.8,64.9,0.14,0.28,0.16
CAPE,2017-08-21 19:50:00 EDT,44.10452,-76.32686,275,72.6,73.8,72.6,89.9,69.5,0.000,0.000,0.00,0.000,6.6,9.2,1.0,207,9,6.6,9.4,1.1,212,7,6.6,9.2,1.0,207,9,9,29.72,,0,0,0,71.3,67.8,64.9,0.14,0.27,0.17
CAPE,2017-08-21 19:55:00 EDT,44.10452,-76.32686,275,72.3,73.6,72.3,90.9,69.5,0.000,0.000,0.00,0.000,5.7,8.7,1.2,206,8,5.8,9.1,1.3,212,7,5.7,8.7,1.2,206,8,6,29.72,,0,0,0,71.2,67.8,64.9,0.14,0.27,0.17
CAPE,2017-08-21 20:00:00 EDT,44.10452,-76.32686,275,72.5,73.9,72.5,90.7,69.6,0.000,0.000,0.00,0.000,6.8,9.7,1.0,210,9,6.9,10.6,1.1,215,7,6.8,9.7,1.0,210,9,4,29.72,,0,0,0,71.2,67.8,64.9,0.14,0.28,0.17
CAPE,2017-08-21 20:05:00 EDT,44.10452,-76.32686,275,72.4,73.7,72.4,90.7,69.5,0.000,0.000,0.00,0.000,5.9,8.5,1.0,208,9,6.0,8.8,1.0,213,8,5.9,8.5,1.0,208,9,3,29.72,,0,0,0,71.3,67.8,64.9,0.14,0.27,0.16
CAPE,2017-08-21 20:10:00 EDT,44.10452,-76.32686,275,72.2,73.6,72.2,91.3,69.5,0.000,0.000,0.00,0.000,6.4,8.8,0.9,210,8,6.5,9.0,1.1,215,7,6.4,8.8,0.9,210,8,2,29.72,,0,0,0,71.2,67.8,64.9,0.14,0.27,0.17
CAPE,2017-08-21 20:15:00 EDT,44.10452,-76.32686,275,72.2,73.6,72.2,92.4,69.9,0.000,0.000,0.00,0.000,6.5,8.4,0.8,216,7,6.3,8.0,0.8,220,5,6.5,8.4,0.8,216,7,1,29.72,,0,0,0,71.3,67.8,64.9,0.14,0.27,0.17
CAPE,2017-08-21 20:20:00 EDT,44.10452,-76.32686,275,72.1,73.9,72.1,92.3,69.7,0.000,0.000,0.00,0.000,7.0,10.0,1.1,211,10,7.1,10.2,1.0,216,9,7.0,10.0,1.1,211,10,1,29.72,,0,0,0,71.2,67.8,64.9,0.14,0.27,0.17
CAPE,2017-08-21 20:25:00 EDT,44.10452,-76.32686,275,72.4,74.0,72.4,91.0,69.6,0.000,0.000,0.00,0.000,6.7,9.6,1.0,215,9,6.7,9.5,1.0,220,6,6.7,9.6,1.0,215,9,0,29.72,,0,0,0,71.2,67.8,64.9,0.14,0.27,0.17
CAPE,2017-08-21 20:30:00 EDT,44.10452,-76.32686,275,72.4,74.1,72.4,90.4,69.4,0.000,0.000,0.00,0.000,6.0,8.5,0.9,219,8,6.1,9.5,0.9,223,6,6.0,8.5,0.9,219,8,0,29.72,,0,0,0,71.2,67.9,65.0,0.14,0.27,0.17
CAPE,2017-08-21 20:35:00 EDT,44.10452,-76.32686,275,72.2,73.9,72.2,90.5,69.2,0.000,0.000,0.00,0.000,5.2,7.2,0.7,215,8,5.2,7.9,0.8,220,6,5.2,7.2,0.7,215,8,0,29.72,,0,0,0,71.2,67.8,64.9,0.14,0.27,0.17
CAPE,2017-08-21 20:40:00 EDT,44.10452,-76.32686,275,72.2,73.8,72.2,90.9,69.4,0.000,0.000,0.00,0.000,4.7,6.7,0.8,217,8,4.6,7.0,0.8,222,6,4.7,6.7,0.8,217,8,0,29.72,,0,0,0,71.2,67.8,64.9,0.14,0.27,0.17
CAPE,2017-08-21 20:45:00 EDT,44.10452,-76.32686,275,72.0,73.7,72.0,91.3,69.3,0.000,0.000,0.00,0.000,4.6,7.0,0.9,210,11,4.6,7.0,0.9,216,9,4.6,7.0,0.9,210,11,0,29.71,,0,0,0,71.1,67.9,65.0,0.14,0.28,0.17
CAPE,2017-08-21 20:50:00 EDT,44.10452,-76.32686,275,71.1,73.3,71.1,92.7,68.9,0.000,0.000,0.00,0.000,3.1,4.5,0.5,199,6,3.0,4.6,0.6,208,7,3.1,4.5,0.5,199,6,0,29.71,,0,0,0,71.1,67.9,64.9,0.14,0.27,0.17
CAPE,2017-08-21 20:55:00 EDT,44.10452,-76.32686,275,71.8,73.6,71.8,93.3,69.7,0.000,0.000,0.00,0.000,4.9,7.8,1.0,202,9,5.0,7.6,1.1,208,9,4.9,7.8,1.0,202,9,0,29.71,,0,0,0,71.1,67.8,65.0,0.14,0.27,0.17
CAPE,2017-08-21 21:00:00 EDT,44.10452,-76.32686,275,71.2,73.0,71.2,93.0,69.0,0.000,0.000,0.00,0.000,3.2,5.8,0.6,189,12,3.4,7.1,0.8,196,13,3.2,5.8,0.6,189,12,0,29.71,,0,0,0,71.1,67.9,65.0,0.14,0.27,0.17
CAPE,2017-08-21 21:05:00 EDT,44.10452,-76.32686,275,70.5,72.9,70.5,95.0,69.0,0.000,0.000,0.00,0.000,2.5,3.7,0.5,189,14,2.7,4.5,0.6,196,14,2.5,3.7,0.5,189,14,0,29.71,,0,0,0,71.1,67.9,64.9,0.14,0.27,0.17
CAPE,2017-08-21 21:10:00 EDT,44.10452,-76.32686,275,70.6,72.8,70.6,96.4,69.6,0.000,0.000,0.00,0.000,2.6,3.7,0.5,187,9,2.8,4.0,0.5,194,10,2.6,3.7,0.5,187,9,0,29.71,,0,0,0,71.1,67.9,65.0,0.14,0.27,0.17
CAPE,2017-08-21 21:15:00 EDT,44.10452,-76.32686,275,71.1,72.7,71.1,96.7,70.1,0.000,0.000,0.00,0.000,4.0,5.0,0.4,191,9,4.1,5.2,0.5,197,9,4.0,5.0,0.4,191,9,0,29.71,,0,0,0,71.0,67.9,65.0,0.14,0.27,0.17
CAPE,2017-08-21 21:20:00 EDT,44.10452,-76.32686,275,71.2,72.8,71.2,95.7,69.9,0.000,0.000,0.00,0.000,3.3,4.9,0.5,210,8,3.1,5.1,0.6,218,7,3.3,4.9,0.5,210,8,0,29.71,,0,0,0,70.9,67.8,64.9,0.14,0.27,0.17
CAPE,2017-08-21 21:25:00 EDT,44.10452,-76.32686,275,71.2,72.8,71.2,94.7,69.6,0.000,0.000,0.00,0.000,3.1,4.2,0.4,201,8,3.1,4.5,0.5,208,8,3.1,4.2,0.4,201,8,0,29.72,,0,0,0,70.8,67.8,64.9,0.14,0.28,0.17
CAPE,2017-08-21 21:30:00 EDT,44.10452,-76.32686,275,70.5,72.6,70.5,95.3,69.1,0.000,0.000,0.00,0.000,2.6,3.4,0.4,198,8,2.6,3.7,0.5,207,9,2.6,3.4,0.4,198,8,0,29.72,,0,0,0,70.8,67.9,64.9,0.14,0.27,0.17
CAPE,2017-08-21 21:35:00 EDT,44.10452,-76.32686,275,69.6,72.4,69.6,96.5,68.5,0.000,0.000,0.00,0.000,2.6,3.3,0.3,188,5,2.7,3.6,0.3,196,6,2.6,3.3,0.3,188,5,0,29.73,,0,0,0,70.8,67.9,65.0,0.14,0.27,0.17
CAPE,2017-08-21 21:40:00 EDT,44.10452,-76.32686,275,69.5,72.4,69.5,98.9,69.2,0.000,0.000,0.00,0.000,2.4,2.9,0.3,201,5,2.3,3.9,0.3,210,6,2.4,2.9,0.3,201,5,0,29.73,,0,0,0,70.8,67.9,64.9,0.14,0.27,0.17
CAPE,2017-08-21 21:45:00 EDT,44.10452,-76.32686,275,69.2,71.9,69.2,100.0,69.2,0.000,0.000,0.00,0.000,1.9,2.6,0.3,172,17,2.1,2.8,0.3,177,19,1.9,2.6,0.3,172,17,0,29.72,,0,0,0,70.8,67.9,65.0,0.14,0.27,0.16
CAPE,2017-08-21 21:50:00 EDT,44.10452,-76.32686,275,68.4,71.4,68.4,100.0,68.4,0.000,0.000,0.00,0.000,2.2,2.6,0.2,170,4,2.4,2.8,0.2,178,6,2.2,2.6,0.2,170,4,0,29.73,,0,0,0,70.7,67.9,64.9,0.14,0.27,0.17
CAPE,2017-08-21 21:55:00 EDT,44.10452,-76.32686,275,69.2,71.6,69.2,100.0,69.2,0.000,0.000,0.00,0.000,2.3,2.5,0.1,180,1,2.4,2.7,0.2,187,4,2.3,2.5,0.1,180,1,0,29.73,,0,0,0,70.7,67.9,65.0,0.14,0.27,0.17
CAPE,2017-08-21 22:00:00 EDT,44.10452,-76.32686,275,69.7,71.9,69.7,100.0,69.7,0.000,0.000,0.00,0.000,1.6,1.8,0.1,197,8,1.6,2.0,0.2,207,8,1.6,1.8,0.1,197,8,0,29.73,,0,0,0,70.7,67.9,64.9,0.14,0.27,0.17
CAPE,2017-08-21 22:05:00 EDT,44.10452,-76.32686,275,70.0,71.6,70.0,100.0,70.0,0.000,0.000,0.00,0.000,1.2,1.6,0.3,201,3,1.4,1.8,0.2,201,7,1.2,1.6,0.3,201,3,0,29.73,,0,0,0,70.7,67.9,65.0,0.14,0.28,0.17
CAPE,2017-08-21 22:10:00 EDT,44.10452,-76.32686,275,67.7,71.0,67.7,98.4,67.3,0.000,0.000,0.00,0.000,0.5,1.2,0.4,194,1,0.9,1.5,0.3,186,11,0.5,1.2,0.4,194,1,0,29.73,,0,0,0,70.6,67.9,65.0,0.13,0.27,0.17
CAPE,2017-08-21 22:15:00 EDT,44.10452,-76.32686,275,65.4,70.2,65.4,99.9,65.4,0.000,0.000,0.00,0.000,0.0,0.0,0.0,0,0,0.4,0.9,0.2,165,29,0.0,0.0,0.0,0,0,0,29.73,,0,0,0,70.4,67.9,65.0,0.13,0.27,0.17
CAPE,2017-08-21 22:20:00 EDT,44.10452,-76.32686,275,66.3,70.2,66.3,100.0,66.3,0.000,0.000,0.00,0.000,0.0,0.4,0.1,193,0,0.3,0.8,0.2,156,40,0.0,0.4,0.1,193,0,0,29.73,,0,0,0,70.4,67.9,65.0,0.14,0.27,0.17
CAPE,2017-08-21 22:25:00 EDT,44.10452,-76.32686,275,67.5,70.3,67.5,100.0,67.5,0.000,0.000,0.00,0.000,0.2,0.7,0.2,193,0,0.5,1.0,0.2,212,21,0.2,0.7,0.2,193,0,0,29.72,,0,0,0,70.4,67.9,65.0,0.14,0.28,0.17
CAPE,2017-08-21 22:30:00 EDT,44.10452,-76.32686,275,67.7,70.0,67.7,100.0,67.7,0.000,0.000,0.00,0.000,0.0,0.4,0.0,193,0,0.6,0.9,0.1,151,34,0.0,0.4,0.0,193,0,0,29.72,,0,0,0,70.3,67.9,65.1,0.14,0.27,0.17
CAPE,2017-08-21 22:35:00 EDT,44.10452,-76.32686,275,65.7,69.4,65.7,100.0,65.7,0.000,0.000,0.00,0.000,0.1,0.4,0.1,137,0,0.7,1.1,0.2,122,11,0.1,0.4,0.1,137,0,0,29.72,,0,0,0,70.3,67.9,65.0,0.14,0.28,0.17
CAPE,2017-08-21 22:40:00 EDT,44.10452,-76.32686,275,66.3,69.2,66.3,100.0,66.3,0.000,0.000,0.00,0.000,1.2,1.7,0.3,137,0,1.3,1.6,0.2,141,8,1.2,1.7,0.3,137,0,0,29.72,,0,0,0,70.3,67.9,64.9,0.14,0.27,0.16
CAPE,2017-08-21 22:45:00 EDT,44.10452,-76.32686,275,66.2,69.0,66.2,100.0,66.2,0.000,0.000,0.00,0.000,0.9,1.3,0.1,138,3,1.1,1.4,0.1,152,9,0.9,1.3,0.1,138,3,0,29.72,,0,0,0,70.2,67.9,65.1,0.14,0.28,0.17
CAPE,2017-08-21 22:50:00 EDT,44.10452,-76.32686,275,67.2,69.1,67.2,100.0,67.2,0.000,0.000,0.00,0.000,0.3,1.0,0.3,151,0,0.8,1.6,0.2,166,11,0.3,1.0,0.3,151,0,0,29.72,,0,0,0,70.1,67.9,65.0,0.14,0.27,0.17
CAPE,2017-08-21 22:55:00 EDT,44.10452,-76.32686,275,67.8,69.2,67.8,100.0,67.8,0.000,0.000,0.00,0.000,0.8,1.9,0.5,153,2,1.0,2.4,0.4,157,11,0.8,1.9,0.5,153,2,0,29.72,,0,0,0,70.1,67.9,65.1,0.14,0.28,0.17
CAPE,2017-08-21 23:00:00 EDT,44.10452,-76.32686,275,68.2,69.7,68.2,100.0,68.2,0.000,0.000,0.00,0.000,1.0,1.8,0.3,153,7,1.1,1.7,0.2,149,15,1.0,1.8,0.3,153,7,0,29.72,,0,0,0,70.1,67.9,65.0,0.14,0.28,0.17
CAPE,2017-08-21 23:05:00 EDT,44.10452,-76.32686,275,68.0,69.4,68.0,100.0,68.0,0.000,0.000,0.00,0.000,0.5,1.8,0.7,110,2,1.1,2.1,0.5,104,15,0.5,1.8,0.7,110,2,0,29.72,,0,0,0,70.0,67.9,65.0,0.14,0.27,0.17
CAPE,2017-08-21 23:10:00 EDT,44.10452,-76.32686,275,67.1,69.3,67.1,100.0,67.1,0.000,0.000,0.00,0.000,1.5,2.1,0.3,128,14,1.5,2.4,0.3,131,13,1.5,2.1,0.3,128,14,0,29.71,,0,0,0,70.0,67.9,65.0,0.14,0.28,0.17
CAPE,2017-08-21 23:15:00 EDT,44.10452,-76.32686,275,67.0,69.7,67.0,100.0,67.0,0.000,0.000,0.00,0.000,2.2,3.2,0.4,163,8,2.4,3.2,0.4,168,11,2.2,3.2,0.4,163,8,0,29.71,,0,0,0,69.9,67.8,65.1,0.14,0.27,0.16
CAPE,2017-08-21 23:20:00 EDT,44.10452,-76.32686,275,67.6,70.2,67.6,100.0,67.6,0.000,0.000,0.00,0.000,2.8,3.4,0.2,172,6,3.1,3.8,0.3,178,7,2.8,3.4,0.2,172,6,0,29.71,,0,0,0,69.9,67.9,65.0,0.14,0.28,0.17
CAPE,2017-08-21 23:25:00 EDT,44.10452,-76.32686,275,66.2,69.9,66.2,100.0,66.2,0.000,0.000,0.00,0.000,2.5,2.9,0.2,182,10,2.6,3.4,0.3,190,12,2.5,2.9,0.2,182,10,0,29.71,,0,0,0,69.9,67.9,65.0,0.14,0.27,0.17
CAPE,2017-08-21 23:30:00 EDT,44.10452,-76.32686,275,67.1,70.6,67.1,100.0,67.1,0.000,0.000,0.00,0.000,2.5,3.1,0.3,179,5,2.7,3.9,0.3,185,6,2.5,3.1,0.3,179,5,0,29.71,,0,0,0,69.8,67.9,65.0,0.14,0.28,0.17
CAPE,2017-08-21 23:35:00 EDT,44.10452,-76.32686,275,67.4,70.3,67.4,100.0,67.4,0.000,0.000,0.00,0.000,1.8,2.4,0.2,166,5,2.0,2.9,0.2,169,8,1.8,2.4,0.2,166,5,0,29.71,,0,0,0,69.7,67.8,65.0,0.13,0.27,0.17
CAPE,2017-08-21 23:40:00 EDT,44.10452,-76.32686,275,68.0,70.4,68.0,100.0,68.0,0.000,0.000,0.00,0.000,1.9,2.4,0.2,177,4,2.1,2.7,0.2,183,7,1.9,2.4,0.2,177,4,0,29.71,,0,0,0,69.7,67.9,65.0,0.14,0.28,0.17
CAPE,2017-08-21 23:45:00 EDT,44.10452,-76.32686,275,67.5,70.4,67.5,100.0,67.5,0.000,0.000,0.00,0.000,2.2,3.3,0.5,162,6,2.5,3.5,0.5,166,9,2.2,3.3,0.5,162,6,0,29.71,,0,0,0,69.6,67.9,65.1,0.13,0.28,0.17
CAPE,2017-08-21 23:50:00 EDT,44.10452,-76.32686,275,65.6,70.3,65.6,100.0,65.6,0.000,0.000,0.00,0.000,2.9,3.7,0.3,165,5,3.1,4.3,0.3,170,6,2.9,3.7,0.3,165,5,0,29.70,,0,0,0,69.6,68.0,65.0,0.14,0.28,0.17
CAPE,2017-08-21 23:55:00 EDT,44.10452,-76.32686,275,67.6,70.4,67.6,100.0,67.6,0.000,0.000,0.00,0.000,2.6,3.3,0.3,168,5,2.8,3.5,0.3,174,6,2.6,3.3,0.3,168,5,0,29.70,,0,0,0,69.6,67.9,65.0,0.14,0.28,0.17
CHAZ,2017-08-21 00:00:00 EDT,44.89565,-73.46461,186,58.8,61.2,58.8,97.3,58.0,0.000,0.020,0.00,0.000,1.6,2.5,0.3,90,13,1.9,3.0,0.4,92,14,1.6,2.5,0.3,90,13,0,29.86,,0,0,0,70.0,72.7,70.0,0.19,0.26,0.31
CHAZ,2017-08-21 00:05:00 EDT,44.89565,-73.46461,186,58.7,61.2,58.7,97.3,58.0,0.000,0.000,0.00,0.000,2.1,2.8,0.4,94,11,2.4,3.4,0.5,92,13,2.1,2.8,0.4,94,11,0,29.86,,0,0,0,70.0,72.7,70.0,0.18,0.26,0.31
CHAZ,2017-08-21 00:10:00 EDT,44.89565,-73.46461,186,58.8,60.9,58.8,97.4,58.0,0.000,0.000,0.00,0.000,1.9,2.8,0.6,84,8,2.4,3.5,0.6,81,8,1.9,2.8,0.6,84,8,0,29.86,,0,0,0,70.0,72.6,70.0,0.18,0.26,0.31
CHAZ,2017-08-21 00:15:00 EDT,44.89565,-73.46461,186,58.8,61.0,58.8,97.5,58.1,0.000,0.000,0.00,0.000,2.3,2.8,0.2,92,7,2.6,3.2,0.3,91,8,2.3,2.8,0.2,92,7,0,29.86,,0,0,0,70.0,72.4,70.0,0.18,0.26,0.31
CHAZ,2017-08-21 00:20:00 EDT,44.89565,-73.46461,186,58.5,60.6,58.5,97.3,57.7,0.000,0.000,0.00,0.000,2.2,2.7,0.2,75,10,2.6,3.2,0.3,69,11,2.2,2.7,0.2,75,10,0,29.86,,0,0,0,69.7,72.3,70.0,0.18,0.26,0.31
CHAZ,2017-08-21 00:25:00 EDT,44.89565,-73.46461,186,58.5,60.2,58.5,97.5,57.8,0.000,0.000,0.00,0.000,1.7,2.5,0.5,75,10,2.0,3.0,0.5,71,12,1.7,2.5,0.5,75,10,0,29.87,,0,0,0,69.6,72.3,70.0,0.18,0.26,0.31
CHAZ,2017-08-21 00:30:00 EDT,44.89565,-73.46461,186,58.3,59.9,58.3,97.4,57.6,0.000,0.000,0.00,0.000,1.5,3.1,0.7,84,10,1.8,3.7,0.8,84,12,1.5,3.1,0.7,84,10,0,29.87,,0,0,0,69.6,72.3,70.0,0.18,0.26,0.31
CHAZ,2017-08-21 00:35:00 EDT,44.89565,-73.46461,186,58.4,60.4,58.4,97.6,57.8,0.000,0.000,0.00,0.000,2.1,3.0,0.5,62,10,2.3,3.4,0.6,58,10,2.1,3.0,0.5,62,10,0,29.87,,0,0,0,69.6,72.3,70.0,0.19,0.26,0.31
CHAZ,2017-08-21 00:40:00 EDT,44.89565,-73.46461,186,58.2,60.4,58.2,97.6,57.5,0.000,0.000,0.00,0.000,1.7,2.4,0.3,63,12,2.0,2.8,0.3,60,11,1.7,2.4,0.3,63,12,0,29.87,,0,0,0,69.3,72.3,70.0,0.19,0.26,0.31
CHAZ,2017-08-21 00:45:00 EDT,44.89565,-73.46461,186,58.1,60.5,58.1,97.5,57.4,0.000,0.000,0.00,0.000,1.3,2.2,0.5,68,7,1.6,2.7,0.5,67,11,1.3,2.2,0.5,68,7,0,29.87,,0,0,0,69.3,72.3,70.0,0.19,0.26,0.31
CHAZ,2017-08-21 00:50:00 EDT,44.89565,-73.46461,186,58.1,60.9,58.1,97.6,57.4,0.000,0.000,0.00,0.000,1.5,2.1,0.5,71,12,1.9,2.9,0.6,70,13,1.5,2.1,0.5,71,12,0,29.87,,0,0,0,69.3,72.3,70.0,0.19,0.26,0.31
CHAZ,2017-08-21 00:55:00 EDT,44.89565,-73.46461,186,58.2,60.4,58.2,97.7,57.6,0.000,0.000,0.00,0.000,1.9,2.3,0.2,86,6,2.3,2.8,0.3,84,9,1.9,2.3,0.2,86,6,0,29.87,,0,0,0,69.3,72.3,70.0,0.19,0.26,0.31
CHAZ,2017-08-21 01:00:00 EDT,44.89565,-73.46461,186,58.1,60.3,58.1,97.7,57.4,0.000,0.000,0.00,0.000,2.2,2.9,0.4,83,7,2.5,3.5,0.4,81,9,2.2,2.9,0.4,83,7,0,29.87,,0,0,0,69.0,72.3,70.0,0.19,0.26,0.31
CHAZ,2017-08-21 01:05:00 EDT,44.89565,-73.46461,186,58.0,60.0,58.0,97.6,57.3,0.000,0.000,0.00,0.000,2.0,2.8,0.4,85,6,2.3,3.1,0.5,83,9,2.0,2.8,0.4,85,6,0,29.87,,0,0,0,68.9,72.2,70.0,0.19,0.26,0.31
CHAZ,2017-08-21 01:10:00 EDT,44.89565,-73.46461,186,58.0,60.1,58.0,97.7,57.4,0.000,0.000,0.00,0.000,2.3,3.4,0.5,88,11,2.6,3.7,0.5,86,13,2.3,3.4,0.5,88,11,0,29.87,,0,0,0,68.9,71.9,70.0,0.19,0.26,0.31
CHAZ,2017-08-21 01:15:00 EDT,44.89565,-73.46461,186,58.1,59.8,58.1,97.8,57.5,0.000,0.000,0.00,0.000,1.8,2.6,0.5,85,9,2.1,2.9,0.6,83,11,1.8,2.6,0.5,85,9,0,29.87,,0,0,0,68.9,71.8,70.0,0.19,0.26,0.31
CHAZ,2017-08-21 01:20:00 EDT,44.89565,-73.46461,186,57.9,59.9,57.9,97.7,57.2,0.000,0.000,0.00,0.000,0.9,1.8,0.6,85,7,1.1,2.0,0.6,85,9,0.9,1.8,0.6,85,7,0,29.87,,0,0,0,68.7,71.8,70.0,0.19,0.26,0.31
CHAZ,2017-08-21 01:25:00 EDT,44.89565,-73.46461,186,57.8,59.8,57.8,97.7,57.2,0.000,0.000,0.00,0.000,1.6,2.1,0.3,71,7,2.0,2.6,0.4,68,9,1.6,2.1,0.3,71,7,0,29.87,,0,0,0,68.5,71.8,70.0,0.19,0.26,0.31
CHAZ,2017-08-21 01:30:00 EDT,44.89565,-73.46461,186,57.7,59.9,57.7,97.7,57.0,0.000,0.000,0.00,0.000,1.6,2.2,0.3,98,11,1.8,2.6,0.3,98,12,1.6,2.2,0.3,98,11,0,29.87,,0,0,0,68.5,71.8,70.0,0.19,0.26,0.31
CHAZ,2017-08-21 01:35:00 EDT,44.89565,-73.46461,186,57.7,59.4,57.7,97.8,57.0,0.000,0.000,0.00,0.000,2.2,3.1,0.4,104,6,2.3,3.3,0.4,104,7,2.2,3.1,0.4,104,6,0,29.87,,0,0,0,68.5,71.8,70.0,0.19,0.26,0.31
CHAZ,2017-08-21 01:40:00 EDT,44.89565,-73.46461,186,57.6,59.2,57.6,97.7,57.0,0.000,0.000,0.00,0.000,1.9,2.5,0.3,121,3,1.8,2.4,0.3,124,3,1.9,2.5,0.3,121,3,0,29.88,,0,0,0,68.5,71.8,70.0,0.19,0.26,0.31
CHAZ,2017-08-21 01:45:00 EDT,44.89565,-73.46461,186,57.8,59.2,57.8,97.8,57.2,0.000,0.000,0.00,0.000,1.5,2.0,0.2,100,11,1.7,2.2,0.3,100,10,1.5,2.0,0.2,100,11,0,29.88,,0,0,0,68.5,71.7,70.0,0.19,0.26,0.31
CHAZ,2017-08-21 01:50:00 EDT,44.89565,-73.46461,186,57.8,59.2,57.8,97.9,57.2,0.000,0.000,0.00,0.000,0.7,1.5,0.5,91,7,1.0,1.8,0.6,94,9,0.7,1.5,0.5,91,7,0,29.88,,0,0,0,68.2,71.5,70.0,0.19,0.26,0.31
CHAZ,2017-08-21 01:55:00 EDT,44.89565,-73.46461,186,57.6,59.7,57.6,97.9,57.0,0.000,0.000,0.00,0.000,1.4,2.8,0.9,89,37,1.6,3.0,0.9,88,40,1.4,2.8,0.9,89,37,0,29.88,,0,0,0,68.2,71.4,70.0,0.19,0.26,0.31
CHAZ,2017-08-21 02:00:00 EDT,44.89565,-73.46461,186,57.9,59.7,57.9,98.0,57.4,0.000,0.000,0.00,0.000,1.1,1.8,0.4,87,27,1.3,2.2,0.5,87,25,1.1,1.8,0.4,87,27,0,29.87,,0,0,0,68.2,71.4,70.0,0.19,0.26,0.31
CHAZ,2017-08-21 02:05:00 EDT,44.89565,-73.46461,186,57.5,59.4,57.5,97.8,56.9,0.000,0.000,0.00,0.000,1.4,2.7,0.6,96,8,1.7,3.0,0.6,96,9,1.4,2.7,0.6,96,8,0,29.87,,0,0,0,68.2,71.4,70.0,0.18,0.26,0.31
CHAZ,2017-08-21 02:10:00 EDT,44.89565,-73.46461,186,57.1,59.4,57.1,97.7,56.5,0.000,0.000,0.00,0.000,1.3,2.8,0.7,90,5,1.6,3.2,0.7,88,7,1.3,2.8,0.7,90,5,0,29.87,,0,0,0,67.8,71.4,70.0,0.19,0.26,0.31
CHAZ,2017-08-21 02:15:00 EDT,44.89565,-73.46461,186,57.2,59.0,57.2,97.7,56.5,0.000,0.000,0.00,0.000,0.7,2.4,0.7,76,21,0.9,2.7,0.7,67,27,0.7,2.4,0.7,76,21,0,29.87,,0,0,0,67.8,71.4,70.0,0.18,0.26,0.31
CHAZ,2017-08-21 02:20:00 EDT,44.89565,-73.46461,186,57.8,61.0,57.8,98.1,57.3,0.000,0.000,0.00,0.000,2.0,3.9,1.0,122,13,2.1,4.5,1.0,121,13,2.0,3.9,1.0,122,13,0,29.87,,0,0,0,67.8,71.4,70.0,0.18,0.25,0.31
CHAZ,2017-08-21 02:25:00 EDT,44.89565,-73.46461,186,57.1,59.6,57.1,97.5,56.4,0.000,0.000,0.00,0.000,0.3,1.5,0.5,124,9,0.4,1.9,0.6,124,17,0.3,1.5,0.5,124,9,0,29.88,,0,0,0,67.8,71.4,70.0,0.19,0.26,0.31
CHAZ,2017-08-21 02:30:00 EDT,44.89565,-73.46461,186,57.1,59.7,57.1,97.5,56.4,0.000,0.000,0.00,0.000,0.5,1.2,0.4,165,14,0.8,1.6,0.5,160,14,0.5,1.2,0.4,165,14,0,29.88,,0,0,0,67.8,71.4,70.0,0.19,0.26,0.31
CHAZ,2017-08-21 02:35:00 EDT,44.89565,-73.46461,186,57.1,59.6,57.1,97.6,56.4,0.000,0.000,0.00,0.000,0.1,0.5,0.1,148,27,0.3,1.4,0.4,289,42,0.1,0.5,0.1,148,27,0,29.88,,0,0,0,67.6,71.4,70.0,0.18,0.26,0.31
CHAZ,2017-08-21 02:40:00 EDT,44.89565,-73.46461,186,57.4,59.8,57.4,97.8,56.8,0.000,0.000,0.00,0.000,0.0,0.5,0.1,106,6,0.2,1.4,0.4,148,18,0.0,0.5,0.1,106,6,0,29.87,,0,0,0,67.5,71.4,70.0,0.18,0.26,0.31
CHAZ,2017-08-21 02:45:00 EDT,44.89565,-73.46461,186,57.1,59.9,57.1,97.7,56.5,0.000,0.000,0.00,0.000,0.2,0.7,0.3,89,10,0.6,1.3,0.4,94,19,0.2,0.7,0.3,89,10,0,29.87,,0,0,0,67.5,71.4,70.0,0.18,0.26,0.31
CHAZ,2017-08-21 02:50:00 EDT,44.89565,-73.46461,186,56.9,60.5,56.9,97.7,56.3,0.000,0.000,0.00,0.000,0.0,0.0,0.0,0,0,0.0,0.9,0.2,57,4,0.0,0.0,0.0,0,0,0,29.87,,0,0,0,67.5,71.2,70.0,0.18,0.26,0.31
CHAZ,2017-08-21 02:55:00 EDT,44.89565,-73.46461,186,56.6,60.4,56.6,97.7,55.9,0.000,0.000,0.00,0.000,0.1,0.9,0.3,128,0,0.2,1.1,0.4,124,2,0.1,0.9,0.3,128,0,0,29.87,,0,0,0,67.4,71.1,70.0,0.18,0.25,0.31
CHAZ,2017-08-21 03:00:00 EDT,44.89565,-73.46461,186,56.7,59.8,56.7,97.8,56.1,0.000,0.000,0.00,0.000,0.3,1.2,0.4,128,0,0.6,1.4,0.5,98,32,0.3,1.2,0.4,128,0,0,29.87,,0,0,0,67.1,71.1,70.0,0.18,0.25,0.31
CHAZ,2017-08-21 03:05:00 EDT,44.89565,-73.46461,186,56.5,60.0,56.5,97.7,55.9,0.000,0.000,0.00,0.000,0.4,1.5,0.5,103,10,0.8,1.7,0.5,105,18,0.4,1.5,0.5,103,10,0,29.87,,0,0,0,67.1,71.1,70.0,0.18,0.26,0.31
CHAZ,2017-08-21 03:10:00 EDT,44.89565,-73.46461,186,56.5,59.3,56.5,97.7,55.8,0.000,0.000,0.00,0.000,0.9,1.4,0.5,113,2,1.2,1.7,0.4,112,5,0.9,1.4,0.5,113,2,0,29.87,,0,0,0,67.1,71.1,70.0,0.18,0.25,0.31
CHAZ,2017-08-21 03:15:00 EDT,44.89565,-73.46461,186,56.8,59.8,56.8,97.9,56.2,0.000,0.000,0.00,0.000,1.9,2.6,0.3,130,12,1.9,3.3,0.3,129,11,1.9,2.6,0.3,130,12,0,29.87,,0,0,0,67.1,71.1,70.0,0.18,0.25,0.31
CHAZ,2017-08-21 03:20:00 EDT,44.89565,-73.46461,186,56.4,59.3,56.4,97.8,55.8,0.000,0.000,0.00,0.000,1.5,2.6,0.3,137,12,1.7,2.9,0.4,134,13,1.5,2.6,0.3,137,12,0,29.87,,0,0,0,67.1,71.1,70.0,0.18,0.25,0.31
CHAZ,2017-08-21 03:25:00 EDT,44.89565,-73.46461,186,56.6,59.6,56.6,97.9,56.0,0.000,0.000,0.00,0.000,1.3,2.3,0.5,134,12,1.5,2.7,0.5,134,12,1.3,2.3,0.5,134,12,0,29.87,,0,0,0,67.0,71.0,70.0,0.18,0.25,0.31
CHAZ,2017-08-21 03:30:00 EDT,44.89565,-73.46461,186,56.5,59.6,56.5,98.0,55.9,0.000,0.000,0.00,0.000,1.1,2.5,0.8,132,16,1.3,2.7,0.8,130,18,1.1,2.5,0.8,132,16,0,29.87,,0,0,0,66.8,70.8,70.0,0.18,0.25,0.31
CHAZ,2017-08-21 03:35:00 EDT,44.89565,-73.46461,186,57.0,59.9,57.0,98.2,56.5,0.000,0.000,0.00,0.000,0.2,1.4,0.4,226,21,0.4,1.6,0.5,234,31,0.2,1.4,0.4,226,21,0,29.87,,0,0,0,66.7,70.7,70.0,0.18,0.25,0.31
CHAZ,2017-08-21 03:40:00 EDT,44.89565,-73.46461,186,57.2,60.9,57.2,98.1,56.6,0.000,0.000,0.00,0.000,2.2,3.5,0.6,204,20,2.4,3.9,0.6,203,20,2.2,3.5,0.6,204,20,0,29.87,,0,0,0,66.7,70.7,70.0,0.18,0.25,0.31
CHAZ,2017-08-21 03:45:00 EDT,44.89565,-73.46461,186,56.7,61.1,56.7,98.0,56.2,0.000,0.000,0.00,0.000,4.0,5.0,0.5,192,7,4.4,5.6,0.6,193,7,4.0,5.0,0.5,192,7,0,29.88,,0,0,0,66.7,70.7,70.0,0.18,0.25,0.31
CHAZ,2017-08-21 03:50:00 EDT,44.89565,-73.46461,186,58.6,62.0,58.6,98.3,58.1,0.000,0.000,0.00,0.000,3.7,6.6,1.1,179,12,4.0,7.1,1.3,179,12,3.7,6.6,1.1,179,12,0,29.88,,0,0,0,66.6,70.7,70.0,0.18,0.25,0.31
CHAZ,2017-08-21 03:55:00 EDT,44.89565,-73.46461,186,58.6,62.4,58.6,98.2,58.1,0.000,0.000,0.00,0.000,3.1,5.2,0.9,182,13,3.5,6.1,1.1,183,14,3.1,5.2,0.9,182,13,0,29.88,,0,0,0,66.4,70.7,70.0,0.19,0.25,0.31
CHAZ,2017-08-21 04:00:00 EDT,44.89565,-73.46461,186,58.4,62.1,58.4,97.9,57.8,0.000,0.000,0.00,0.000,2.2,2.9,0.5,186,14,2.5,3.7,0.5,186,16,2.2,2.9,0.5,186,14,0,29.88,,0,0,0,66.4,70.7,70.0,0.18,0.26,0.31
CHAZ,2017-08-21 04:05:00 EDT,44.89565,-73.46461,186,57.5,62.1,57.5,97.4,56.8,0.000,0.000,0.00,0.000,1.9,3.4,0.3,196,17,2.1,3.8,0.4,196,19,1.9,3.4,0.3,196,17,0,29.88,,0,0,0,66.4,70.7,70.0,0.18,0.26,0.31
CHAZ,2017-08-21 04:10:00 EDT,44.89565,-73.46461,186,57.3,61.8,57.3,97.4,56.6,0.000,0.000,0.00,0.000,2.2,3.0,0.4,203,15,2.4,3.6,0.4,205,14,2.2,3.0,0.4,203,15,0,29.88,,0,0,0,66.4,70.7,70.0,0.18,0.26,0.31
CHAZ,2017-08-21 04:15:00 EDT,44.89565,-73.46461,186,57.1,61.2,57.1,97.3,56.4,0.000,0.000,0.00,0.000,2.1,3.0,0.2,195,19,2.2,3.6,0.3,194,19,2.1,3.0,0.2,195,19,0,29.88,,0,0,0,66.4,70.7,70.0,0.18,0.26,0.31
CHAZ,2017-08-21 04:20:00 EDT,44.89565,-73.46461,186,57.1,61.3,57.1,97.4,56.4,0.000,0.000,0.00,0.000,2.3,3.4,0.6,177,13,2.5,4.3,0.7,176,15,2.3,3.4,0.6,177,13,0,29.88,,0,0,0,66.4,70.6,70.0,0.18,0.26,0.31
CHAZ,2017-08-21 04:25:00 EDT,44.89565,-73.46461,186,56.7,60.9,56.7,97.4,56.0,0.000,0.000,0.00,0.000,2.3,3.3,0.4,179,10,2.6,3.8,0.5,180,12,2.3,3.3,0.4,179,10,0,29.88,,0,0,0,66.3,70.4,70.0,0.18,0.26,0.31
CHAZ,2017-08-21 04:30:00 EDT,44.89565,-73.46461,186,57.2,61.0,57.2,97.5,56.5,0.000,0.000,0.00,0.000,1.7,3.1,0.4,186,12,2.0,3.3,0.5,188,14,1.7,3.1,0.4,186,12,0,29.88,,0,0,0,66.0,70.4,70.0,0.19,0.26,0.31
CHAZ,2017-08-21 04:35:00 EDT,44.89565,-73.46461,186,57.4,61.6,57.4,97.7,56.7,0.000,0.000,0.00,0.000,1.9,3.2,0.4,189,10,2.1,3.8,0.4,191,11,1.9,3.2,0.4,189,10,0,29.88,,0,0,0,66.0,70.3,70.0,0.19,0.26,0.31
CHAZ,2017-08-21 04:40:00 EDT,44.89565,-73.46461,186,57.2,60.9,57.2,97.7,56.5,0.000,0.000,0.00,0.000,1.8,3.5,0.6,187,13,2.0,4.1,0.6,186,14,1.8,3.5,0.6,187,13,0,29.88,,0,0,0,66.0,70.3,70.0,0.19,0.26,0.31
CHAZ,2017-08-21 04:45:00 EDT,44.89565,-73.46461,186,56.6,60.1,56.6,97.6,55.9,0.000,0.000,0.00,0.000,0.6,2.4,0.5,170,13,1.0,3.1,0.5,165,13,0.6,2.4,0.5,170,13,0,29.88,,0,0,0,66.0,70.3,70.0,0.18,0.26,0.31
CHAZ,2017-08-21 04:50:00 EDT,44.89565,-73.46461,186,56.5,60.1,56.5,97.6,55.9,0.000,0.000,0.00,0.000,0.3,1.6,0.5,165,5,0.5,1.9,0.6,168,14,0.3,1.6,0.5,165,5,0,29.88,,0,0,0,66.0,70.3,70.0,0.18,0.26,0.31
CHAZ,2017-08-21 04:55:00 EDT,44.89565,-73.46461,186,56.5,60.4,56.5,97.6,55.8,0.000,0.000,0.00,0.000,0.8,3.1,0.9,195,13,1.2,3.6,0.9,193,16,0.8,3.1,0.9,195,13,0,29.89,,0,0,0,65.9,70.3,70.0,0.18,0.26,0.31
CHAZ,2017-08-21 05:00:00 EDT,44.89565,-73.46461,186,56.5,61.2,56.5,97.6,55.8,0.000,0.000,0.00,0.000,2.6,3.7,0.4,195,11,2.9,4.3,0.6,197,12,2.6,3.7,0.4,195,11,0,29.89,,0,0,0,65.8,70.3,70.0,0.19,0.26,0.31
CHAZ,2017-08-21 05:05:00 EDT,44.89565,-73.46461,186,57.3,61.1,57.3,98.1,56.8,0.000,0.000,0.00,0.000,2.4,3.7,0.4,205,12,2.5,3.7,0.4,208,10,2.4,3.7,0.4,205,12,0,29.89,,0,0,0,65.8,70.2,70.0,0.18,0.26,0.31
CHAZ,2017-08-21 05:10:00 EDT,44.89565,-73.46461,186,57.1,61.4,57.1,98.0,56.5,0.000,0.000,0.00,0.000,2.2,4.1,0.5,203,12,2.4,4.2,0.6,204,12,2.2,4.1,0.5,203,12,0,29.89,,0,0,0,65.8,70.1,70.0,0.18,0.26,0.31
CHAZ,2017-08-21 05:15:00 EDT,44.89565,-73.46461,186,57.2,60.9,57.2,97.9,56.6,0.000,0.000,0.00,0.000,1.5,2.3,0.3,208,12,1.7,3.2,0.5,208,12,1.5,2.3,0.3,208,12,0,29.89,,0,0,0,65.8,70.0,70.0,0.18,0.26,0.31
CHAZ,2017-08-21 05:20:00 EDT,44.89565,-73.46461,186,57.6,60.2,57.6,98.1,57.0,0.000,0.000,0.00,0.000,0.9,1.5,0.2,221,12,1.1,2.0,0.2,217,11,0.9,1.5,0.2,221,12,0,29.89,,0,0,0,65.8,70.0,70.0,0.18,0.26,0.31
CHAZ,2017-08-21 05:25:00 EDT,44.89565,-73.46461,186,57.2,59.8,57.2,98.1,56.7,0.000,0.000,0.00,0.000,1.3,2.0,0.2,181,12,1.5,2.0,0.2,182,15,1.3,2.0,0.2,181,12,0,29.89,,0,0,0,65.8,70.0,70.0,0.18,0.26,0.31
CHAZ,2017-08-21 05:30:00 EDT,44.89565,-73.46461,186,56.0,59.7,56.0,97.5,55.3,0.000,0.000,0.00,0.000,1.7,2.8,0.6,175,13,1.8,2.9,0.5,172,14,1.7,2.8,0.6,175,13,0,29.89,,0,0,0,65.8,70.0,70.0,0.18,0.25,0.31
CHAZ,2017-08-21 05:35:00 EDT,44.89565,-73.46461,186,56.3,60.2,56.3,97.7,55.7,0.000,0.000,0.00,0.000,1.2,3.1,0.7,176,13,1.4,3.3,0.6,175,27,1.2,3.1,0.7,176,13,0,29.89,,0,0,0,65.8,70.0,70.0,0.18,0.26,0.31
CHAZ,2017-08-21 05:40:00 EDT,44.89565,-73.46461,186,57.5,60.5,57.5,98.3,57.0,0.000,0.000,0.00,0.000,0.0,0.5,0.1,132,2,0.2,1.4,0.4,107,17,0.0,0.5,0.1,132,2,0,29.89,,0,0,0,65.8,70.0,70.0,0.18,0.26,0.31
CHAZ,2017-08-21 05:45:00 EDT,44.89565,-73.46461,186,57.3,60.7,57.3,98.3,56.8,0.000,0.000,0.00,0.000,0.0,0.4,0.1,159,3,0.3,1.2,0.4,178,14,0.0,0.4,0.1,159,3,0,29.89,,0,0,0,65.7,70.0,70.0,0.18,0.25,0.31
CHAZ,2017-08-21 05:50:00 EDT,44.89565,-73.46461,186,56.5,60.7,56.5,97.9,55.9,0.000,0.000,0.00,0.000,0.0,0.0,0.0,0,0,0.0,0.0,0.0,0,0,0.0,0.0,0.0,0,0,1,29.89,,0,0,0,65.5,70.0,70.0,0.18,0.25,0.31
CHAZ,2017-08-21 05:55:00 EDT,44.89565,-73.46461,186,56.3,60.2,56.3,97.9,55.7,0.000,0.000,0.00,0.000,0.1,1.2,0.3,106,21,0.4,3.1,0.7,122,18,0.1,1.2,0.3,106,21,2,29.89,,0,0,0,65.5,70.0,70.0,0.18,0.25,0.31
CHAZ,2017-08-21 06:00:00 EDT,44.89565,-73.46461,186,56.2,60.1,56.2,97.9,55.6,0.000,0.000,0.00,0.000,0.3,1.1,0.4,115,21,0.6,1.8,0.5,108,30,0.3,1.1,0.4,115,21,3,29.89,,0,0,0,65.5,69.9,70.0,0.18,0.25,0.31
CHAZ,2017-08-21 06:05:00 EDT,44.89565,-73.46461,186,56.0,60.1,56.0,98.0,55.4,0.000,0.000,0.00,0.000,0.5,2.6,0.6,150,34,0.8,2.5,0.7,142,44,0.5,2.6,0.6,150,34,5,29.89,,0,0,0,65.2,69.7,70.0,0.18,0.25,0.31
CHAZ,2017-08-21 06:10:00 EDT,44.89565,-73.46461,186,56.7,60.4,56.7,98.2,56.2,0.000,0.000,0.00,0.000,0.1,0.8,0.2,40,20,0.3,1.5,0.5,36,25,0.1,0.8,0.2,40,20,5,29.89,,0,0,0,65.1,69.6,70.0,0.18,0.25,0.31
CHAZ,2017-08-21 06:15:00 EDT,44.89565,-73.46461,186,56.2,60.4,56.2,98.0,55.7,0.000,0.000,0.00,0.000,0.3,1.5,0.4,165,4,0.5,1.6,0.6,171,10,0.3,1.5,0.4,165,4,8,29.90,,0,0,0,65.1,69.6,70.0,0.18,0.25,0.31
CHAZ,2017-08-21 06:20:00 EDT,44.89565,-73.46461,186,56.1,60.2,56.1,98.0,55.5,0.000,0.000,0.00,0.000,0.8,2.0,0.5,153,15,1.1,2.5,0.6,146,18,0.8,2.0,0.5,153,15,11,29.90,,0,0,0,65.1,69.6,70.0,0.18,0.25,0.31
CHAZ,2017-08-21 06:25:00 EDT,44.89565,-73.46461,186,56.5,60.7,56.5,98.1,56.0,0.000,0.000,0.00,0.000,1.0,2.4,0.7,136,12,1.2,2.8,0.7,136,18,1.0,2.4,0.7,136,12,18,29.90,,0,0,0,65.1,69.6,70.0,0.18,0.25,0.31
CHAZ,2017-08-21 06:30:00 EDT,44.89565,-73.46461,186,57.1,61.5,57.1,98.3,56.6,0.000,0.000,0.00,0.000,1.4,2.4,0.5,140,14,1.6,2.9,0.5,140,13,1.4,2.4,0.5,140,14,22,29.90,,0,0,0,65.1,69.6,70.0,0.18,0.25,0.31
CHAZ,2017-08-21 06:35:00 EDT,44.89565,-73.46461,186,56.8,60.7,56.8,98.1,56.2,0.000,0.000,0.00,0.000,1.0,3.3,0.6,148,14,1.3,4.0,0.6,147,16,1.0,3.3,0.6,148,14,24,29.90,,0,0,0,65.1,69.6,69.9,0.18,0.25,0.31
CHAZ,2017-08-21 06:40:00 EDT,44.89565,-73.46461,186,56.8,61.0,56.8,98.1,56.2,0.000,0.000,0.00,0.000,1.7,3.8,0.5,148,17,1.9,3.8,0.6,145,16,1.7,3.8,0.5,148,17,30,29.90,,0,0,0,65.1,69.6,69.9,0.18,0.25,0.31
CHAZ,2017-08-21 06:45:00 EDT,44.89565,-73.46461,186,57.9,61.6,57.9,98.3,57.4,0.000,0.000,0.00,0.000,1.9,3.7,0.7,173,13,2.3,4.6,0.8,171,13,1.9,3.7,0.7,173,13,36,29.90,,0,0,0,65.1,69.6,69.8,0.18,0.25,0.31
CHAZ,2017-08-21 06:50:00 EDT,44.89565,-73.46461,186,58.4,62.0,58.4,98.4,58.0,0.000,0.000,0.00,0.000,1.5,2.6,0.7,166,17,1.8,3.5,0.8,166,15,1.5,2.6,0.7,166,17,45,29.90,,0,0,0,65.1,69.5,69.8,0.18,0.25,0.31
CHAZ,2017-08-21 06:55:00 EDT,44.89565,-73.46461,186,59.2,62.3,59.2,98.3,58.7,0.000,0.000,0.00,0.000,2.5,3.9,0.6,185,13,2.8,4.8,0.7,185,13,2.5,3.9,0.6,185,13,55,29.90,,0,0,0,64.9,69.3,69.8,0.18,0.25,0.31
CHAZ,2017-08-21 07:00:00 EDT,44.89565,-73.46461,186,60.2,62.9,60.2,98.4,59.8,0.000,0.000,0.00,0.000,2.3,4.1,0.6,177,11,2.8,4.5,0.7,177,13,2.3,4.1,0.6,177,11,55,29.90,,0,0,0,64.8,69.3,69.8,0.18,0.25,0.31
CHAZ,2017-08-21 07:05:00 EDT,44.89565,-73.46461,186,60.6,63.3,60.6,98.3,60.1,0.000,0.000,0.00,0.000,3.1,5.3,0.8,168,13,3.5,5.7,0.9,168,14,3.1,5.3,0.8,168,13,64,29.90,,0,0,0,64.8,69.3,69.7,0.18,0.25,0.31
CHAZ,2017-08-21 07:10:00 EDT,44.89565,-73.46461,186,62.0,63.7,62.0,98.2,61.5,0.000,0.000,0.00,0.000,2.7,4.9,0.8,174,16,3.1,5.9,0.9,172,16,2.7,4.9,0.8,174,16,89,29.90,,0,0,0,64.8,69.3,69.7,0.18,0.25,0.31
CHAZ,2017-08-21 07:15:00 EDT,44.89565,-73.46461,186,63.4,64.4,63.4,96.9,62.5,0.000,0.000,0.00,0.000,2.5,4.3,0.7,172,14,2.8,5.3,0.9,170,14,2.5,4.3,0.7,172,14,124,29.90,,0,0,0,64.8,69.3,69.7,0.18,0.25,0.31
CHAZ,2017-08-21 07:20:00 EDT,44.89565,-73.46461,186,64.2,64.9,64.2,93.1,62.1,0.000,0.000,0.00,0.000,3.0,6.4,1.3,177,20,3.4,7.9,1.6,178,21,3.0,6.4,1.3,177,20,116,29.90,,0,0,0,64.9,69.3,69.7,0.18,0.25,0.31
CHAZ,2017-08-21 07:25:00 EDT,44.89565,-73.46461,186,64.4,65.0,64.4,90.8,61.7,0.000,0.000,0.00,0.000,2.3,3.9,1.1,174,14,2.7,4.9,1.1,175,16,2.3,3.9,1.1,174,14,96,29.90,,0,0,0,64.9,69.3,69.6,0.18,0.25,0.31
CHAZ,2017-08-21 07:30:00 EDT,44.89565,-73.46461,186,64.6,65.2,64.6,89.3,61.4,0.000,0.000,0.00,0.000,2.2,3.2,0.3,181,18,2.5,3.7,0.4,181,19,2.2,3.2,0.3,181,18,102,29.90,,0,0,0,65.1,69.3,69.6,0.18,0.26,0.31
CHAZ,2017-08-21 07:35:00 EDT,44.89565,-73.46461,186,64.7,65.3,64.7,90.2,61.7,0.000,0.000,0.00,0.000,1.4,3.9,0.8,167,24,1.8,5.0,1.1,166,28,1.4,3.9,0.8,167,24,132,29.90,,0,0,0,65.1,69.3,69.6,0.18,0.25,0.31
CHAZ,2017-08-21 07:40:00 EDT,44.89565,-73.46461,186,65.4,65.7,65.4,88.6,62.0,0.000,0.000,0.00,0.000,1.6,5.0,0.9,170,26,2.1,6.2,1.1,169,27,1.6,5.0,0.9,170,26,185,29.90,,0,0,0,65.1,69.3,69.6,0.18,0.26,0.31
CHAZ,2017-08-21 07:45:00 EDT,44.89565,-73.46461,186,66.1,66.5,66.1,87.5,62.2,0.000,0.000,0.00,0.000,3.0,5.3,0.8,164,20,3.5,6.3,1.1,164,18,3.0,5.3,0.8,164,20,130,29.90,,0,0,0,65.1,69.3,69.6,0.18,0.26,0.31
CHAZ,2017-08-21 07:50:00 EDT,44.89565,-73.46461,186,66.1,66.8,66.1,86.9,62.1,0.000,0.000,0.00,0.000,3.0,6.4,1.2,166,15,3.3,7.8,1.3,165,14,3.0,6.4,1.2,166,15,91,29.90,,0,0,0,65.1,69.0,69.6,0.18,0.26,0.31
CHAZ,2017-08-21 07:55:00 EDT,44.89565,-73.46461,186,66.3,66.9,66.3,86.8,62.2,0.000,0.000,0.00,0.000,4.2,6.5,1.0,166,12,4.5,7.3,1.2,166,12,4.2,6.5,1.0,166,12,100,29.90,,0,0,0,65.1,68.9,69.6,0.18,0.26,0.31
CHAZ,2017-08-21 08:00:00 EDT,44.89565,-73.46461,186,66.5,67.0,66.5,87.1,62.5,0.000,0.000,0.00,0.000,3.5,5.7,1.0,169,14,3.8,6.0,1.0,168,14,3.5,5.7,1.0,169,14,128,29.90,,0,0,0,65.1,68.9,69.6,0.18,0.26,0.31
CHAZ,2017-08-21 08:05:00 EDT,44.89565,-73.46461,186,66.9,67.3,66.9,87.0,62.9,0.000,0.000,0.00,0.000,3.9,7.2,0.9,169,13,4.1,7.5,1.1,169,13,3.9,7.2,0.9,169,13,146,29.90,,0,0,0,65.5,68.9,69.6,0.18,0.26,0.31
CHAZ,2017-08-21 08:10:00 EDT,44.89565,-73.46461,186,67.2,67.6,67.2,86.2,63.0,0.000,0.000,0.00,0.000,4.0,7.6,1.1,172,18,4.5,8.3,1.3,172,16,4.0,7.6,1.1,172,18,182,29.90,,0,0,0,65.5,68.9,69.6,0.18,0.26,0.31
CHAZ,2017-08-21 08:15:00 EDT,44.89565,-73.46461,186,67.8,68.1,67.8,84.8,63.1,0.000,0.000,0.00,0.000,4.3,8.3,1.5,174,20,4.8,9.5,1.9,173,20,4.3,8.3,1.5,174,20,236,29.89,,0,0,0,65.7,68.9,69.6,0.18,0.26,0.31
CHAZ,2017-08-21 08:20:00 EDT,44.89565,-73.46461,186,68.2,68.4,68.2,83.7,63.1,0.000,0.000,0.00,0.000,4.6,7.7,1.0,172,19,5.1,8.1,1.3,171,19,4.6,7.7,1.0,172,19,236,29.89,,0,0,0,65.8,68.9,69.6,0.18,0.26,0.31
CHAZ,2017-08-21 08:25:00 EDT,44.89565,-73.46461,186,68.8,68.9,68.8,83.1,63.5,0.000,0.000,0.00,0.000,4.8,8.0,1.3,174,17,5.5,8.8,1.4,173,17,4.8,8.0,1.3,174,17,313,29.89,,0,0,0,65.8,68.9,69.6,0.18,0.26,0.31
CHAZ,2017-08-21 08:30:00 EDT,44.89565,-73.46461,186,69.3,69.4,69.3,82.3,63.7,0.000,0.000,0.00,0.000,4.4,8.4,1.7,174,19,5.1,9.4,1.7,173,19,4.4,8.4,1.7,174,19,332,29.89,,0,0,0,65.8,68.9,69.6,0.18,0.26,0.31
CHAZ,2017-08-21 08:35:00 EDT,44.89565,-73.46461,186,69.8,69.8,69.8,81.1,63.8,0.000,0.000,0.00,0.000,3.9,6.1,0.9,177,23,4.5,8.5,1.3,176,22,3.9,6.1,0.9,177,23,337,29.89,,0,0,0,65.8,68.9,69.6,0.18,0.26,0.31
CHAZ,2017-08-21 08:40:00 EDT,44.89565,-73.46461,186,70.3,70.2,70.3,80.8,64.1,0.000,0.000,0.00,0.000,4.2,7.5,1.3,160,19,4.8,9.2,1.4,160,20,4.2,7.5,1.3,160,19,313,29.89,,0,0,0,66.0,68.8,69.6,0.18,0.26,0.31
CHAZ,2017-08-21 08:45:00 EDT,44.89565,-73.46461,186,70.4,70.3,70.4,78.7,63.4,0.000,0.000,0.00,0.000,4.9,8.3,1.1,160,15,5.5,10.0,1.3,160,14,4.9,8.3,1.1,160,15,323,29.89,,0,0,0,66.0,68.7,69.6,0.18,0.26,0.31
CHAZ,2017-08-21 08:50:00 EDT,44.89565,-73.46461,186,70.7,70.5,70.7,78.1,63.5,0.000,0.000,0.00,0.000,5.0,8.1,1.3,164,17,5.7,8.9,1.4,161,18,5.0,8.1,1.3,164,17,327,29.89,,0,0,0,66.3,68.6,69.6,0.18,0.26,0.31
CHAZ,2017-08-21 08:55:00 EDT,44.89565,-73.46461,186,70.9,70.7,70.9,77.9,63.7,0.000,0.000,0.00,0.000,5.3,8.5,1.1,169,16,5.9,9.2,1.1,169,15,5.3,8.5,1.1,169,16,346,29.89,,0,0,0,66.4,68.6,69.6,0.18,0.26,0.31
CHAZ,2017-08-21 09:00:00 EDT,44.89565,-73.46461,186,71.4,71.1,71.4,77.2,63.9,0.000,0.000,0.00,0.000,5.3,9.7,1.4,175,19,5.9,10.6,1.5,175,21,5.3,9.7,1.4,175,19,396,29.89,,0,0,0,66.5,68.5,69.6,0.18,0.26,0.31
CHAZ,2017-08-21 09:05:00 EDT,44.89565,-73.46461,186,71.4,71.1,71.4,76.7,63.7,0.000,0.000,0.00,0.000,7.6,11.3,1.5,173,13,8.4,12.7,1.6,173,13,7.6,11.3,1.5,173,13,420,29.89,,0,0,0,66.7,68.5,69.6,0.18,0.26,0.31
CHAZ,2017-08-21 09:10:00 EDT,44.89565,-73.46461,186,71.6,71.4,71.6,76.2,63.7,0.000,0.000,0.00,0.000,7.3,10.4,1.7,170,15,7.9,12.2,2.0,170,15,7.3,10.4,1.7,170,15,338,29.89,,0,0,0,66.9,68.5,69.6,0.18,0.26,0.31
CHAZ,2017-08-21 09:15:00 EDT,44.89565,-73.46461,186,71.8,71.6,71.8,76.4,64.0,0.000,0.000,0.00,0.000,5.2,9.3,1.3,169,18,5.8,10.0,1.3,168,16,5.2,9.3,1.3,169,18,394,29.89,,0,0,0,67.1,68.5,69.6,0.18,0.26,0.31
CHAZ,2017-08-21 09:20:00 EDT,44.89565,-73.46461,186,72.4,72.1,72.4,75.2,64.1,0.000,0.000,0.00,0.000,4.9,7.5,1.5,164,20,5.6,8.6,1.5,164,20,4.9,7.5,1.5,164,20,418,29.88,,0,0,0,67.3,68.5,69.6,0.18,0.26,0.31
CHAZ,2017-08-21 09:25:00 EDT,44.89565,-73.46461,186,73.2,72.7,73.2,75.3,64.9,0.000,0.000,0.00,0.000,4.5,8.0,1.4,147,19,5.0,9.3,1.5,146,20,4.5,8.0,1.4,147,19,444,29.88,,0,0,0,67.5,68.5,69.6,0.18,0.26,0.31
CHAZ,2017-08-21 09:30:00 EDT,44.89565,-73.46461,186,73.6,72.9,73.6,73.3,64.6,0.000,0.000,0.00,0.000,6.2,12.1,2.1,161,17,6.8,12.8,2.3,161,17,6.2,12.1,2.1,161,17,459,29.89,,0,0,0,67.8,68.5,69.6,0.18,0.26,0.31
CHAZ,2017-08-21 09:35:00 EDT,44.89565,-73.46461,186,73.8,73.1,73.8,72.6,64.5,0.000,0.000,0.00,0.000,5.7,9.0,1.6,159,23,6.3,11.5,1.7,158,24,5.7,9.0,1.6,159,23,468,29.89,,0,0,0,67.9,68.5,69.6,0.18,0.26,0.31
CHAZ,2017-08-21 09:40:00 EDT,44.89565,-73.46461,186,73.9,73.2,73.9,73.3,64.8,0.000,0.000,0.00,0.000,4.8,9.9,1.9,164,21,5.5,10.5,2.1,163,20,4.8,9.9,1.9,164,21,480,29.88,,0,0,0,68.2,68.5,69.6,0.18,0.26,0.31
CHAZ,2017-08-21 09:45:00 EDT,44.89565,-73.46461,186,74.1,73.4,74.1,73.6,65.1,0.000,0.000,0.00,0.000,5.3,9.4,1.6,179,18,5.9,9.8,1.7,179,17,5.3,9.4,1.6,179,18,495,29.88,,0,0,0,68.5,68.5,69.6,0.18,0.26,0.31
CHAZ,2017-08-21 09:50:00 EDT,44.89565,-73.46461,186,74.4,73.4,74.4,73.1,65.2,0.000,0.000,0.00,0.000,6.5,9.6,1.9,152,17,7.1,10.4,2.0,149,18,6.5,9.6,1.9,152,17,510,29.88,,0,0,0,68.6,68.5,69.6,0.18,0.26,0.31
CHAZ,2017-08-21 09:55:00 EDT,44.89565,-73.46461,186,75.0,74.0,75.0,73.4,65.9,0.000,0.000,0.00,0.000,4.7,8.5,1.8,154,22,5.3,9.3,1.8,152,23,4.7,8.5,1.8,154,22,526,29.88,,0,0,0,68.9,68.5,69.5,0.18,0.26,0.31
CHAZ,2017-08-21 10:00:00 EDT,44.89565,-73.46461,186,74.8,73.7,74.8,71.7,65.1,0.000,0.000,0.00,0.000,6.4,11.2,1.7,151,17,7.0,11.9,1.8,150,16,6.4,11.2,1.7,151,17,545,29.88,,0,0,0,69.2,68.5,69.4,0.18,0.26,0.31
CHAZ,2017-08-21 10:05:00 EDT,44.89565,-73.46461,186,74.9,73.9,74.9,72.1,65.3,0.000,0.000,0.00,0.000,4.6,7.4,1.1,167,22,5.2,7.7,1.3,164,20,4.6,7.4,1.1,167,22,575,29.88,,0,0,0,69.4,68.5,69.3,0.18,0.26,0.31
CHAZ,2017-08-21 10:10:00 EDT,44.89565,-73.46461,186,75.1,74.1,75.1,72.7,65.7,0.000,0.000,0.00,0.000,6.5,10.0,1.5,151,21,7.1,11.1,1.7,151,20,6.5,10.0,1.5,151,21,511,29.88,,0,0,0,69.6,68.5,69.3,0.18,0.26,0.31
CHAZ,2017-08-21 10:15:00 EDT,44.89565,-73.46461,186,74.6,73.9,74.6,72.0,65.0,0.000,0.000,0.00,0.000,7.2,11.1,1.5,156,15,7.8,12.2,1.6,156,16,7.2,11.1,1.5,156,15,437,29.88,,0,0,0,70.0,68.5,69.3,0.18,0.25,0.31
CHAZ,2017-08-21 10:20:00 EDT,44.89565,-73.46461,186,74.7,73.9,74.7,72.5,65.3,0.000,0.000,0.00,0.000,6.1,9.5,1.3,144,13,6.5,11.6,1.5,142,12,6.1,9.5,1.3,144,13,421,29.88,,0,0,0,70.2,68.5,69.3,0.18,0.26,0.31
CHAZ,2017-08-21 10:25:00 EDT,44.89565,-73.46461,186,75.5,74.3,75.5,73.2,66.4,0.000,0.000,0.00,0.000,5.9,10.4,1.9,145,13,6.5,11.8,2.0,145,14,5.9,10.4,1.9,145,13,592,29.88,,0,0,0,70.5,68.5,69.3,0.18,0.26,0.31
CHAZ,2017-08-21 10:30:00 EDT,44.89565,-73.46461,186,75.6,74.2,75.6,71.0,65.5,0.000,0.000,0.00,0.000,7.3,10.2,1.5,143,14,7.8,11.8,1.6,140,13,7.3,10.2,1.5,143,14,592,29.88,,0,0,0,70.7,68.5,69.3,0.18,0.25,0.31
CHAZ,2017-08-21 10:35:00 EDT,44.89565,-73.46461,186,75.8,74.7,75.8,71.8,66.0,0.000,0.000,0.00,0.000,6.0,10.7,1.9,164,17,6.8,12.1,1.9,165,18,6.0,10.7,1.9,164,17,556,29.88,,0,0,0,71.0,68.5,69.3,0.18,0.26,0.31
CHAZ,2017-08-21 10:40:00 EDT,44.89565,-73.46461,186,75.8,74.7,75.8,71.3,65.9,0.000,0.000,0.00,0.000,6.3,9.9,1.6,167,14,7.1,10.7,1.7,169,13,6.3,9.9,1.6,167,14,584,29.88,,0,0,0,71.3,68.5,69.3,0.18,0.25,0.31
CHAZ,2017-08-21 10:45:00 EDT,44.89565,-73.46461,186,76.7,75.6,76.7,72.0,67.0,0.000,0.000,0.00,0.000,4.9,9.2,1.7,151,18,5.6,11.3,2.0,151,18,4.9,9.2,1.7,151,18,607,29.88,,0,0,0,71.4,68.5,69.3,0.18,0.26,0.31
CHAZ,2017-08-21 10:50:00 EDT,44.89565,-73.46461,186,76.8,75.4,76.8,68.7,65.7,0.000,0.000,0.00,0.000,7.3,11.2,1.9,150,13,7.9,12.1,2.0,148,14,7.3,11.2,1.9,150,13,592,29.88,,0,0,0,71.8,68.5,69.3,0.18,0.25,0.31
CHAZ,2017-08-21 10:55:00 EDT,44.89565,-73.46461,186,76.7,75.4,76.7,69.6,66.0,0.000,0.000,0.00,0.000,7.0,11.8,1.8,160,17,7.7,13.4,2.0,160,20,7.0,11.8,1.8,160,17,492,29.88,,0,0,0,72.2,68.5,69.3,0.18,0.25,0.31
CHAZ,2017-08-21 11:00:00 EDT,44.89565,-73.46461,186,76.6,75.4,76.6,70.4,66.2,0.000,0.000,0.00,0.000,6.6,9.7,1.5,163,16,7.1,10.4,1.6,160,17,6.6,9.7,1.5,163,16,602,29.88,,0,0,0,72.4,68.5,69.3,0.18,0.25,0.31
CHAZ,2017-08-21 11:05:00 EDT,44.89565,-73.46461,186,77.2,75.6,77.2,70.2,66.7,0.000,0.000,0.00,0.000,6.1,10.0,1.4,143,19,6.6,10.6,1.5,141,19,6.1,10.0,1.4,143,19,625,29.88,,0,0,0,72.7,68.5,69.3,0.18,0.25,0.31
CHAZ,2017-08-21 11:10:00 EDT,44.89565,-73.46461,186,77.2,75.4,77.2,70.1,66.7,0.000,0.000,0.00,0.000,7.1,11.3,2.2,134,15,7.5,13.1,2.3,135,15,7.1,11.3,2.2,134,15,568,29.88,,0,0,0,73.0,68.5,69.3,0.18,0.25,0.31
CHAZ,2017-08-21 11:15:00 EDT,44.89565,-73.46461,186,76.6,75.4,76.6,69.8,66.0,0.000,0.000,0.00,0.000,7.9,12.3,2.0,143,14,8.5,13.7,2.1,141,14,7.9,12.3,2.0,143,14,460,29.88,,0,0,0,73.2,68.5,69.3,0.18,0.25,0.31
CHAZ,2017-08-21 11:20:00 EDT,44.89565,-73.46461,186,77.1,75.6,77.1,70.9,66.9,0.000,0.000,0.00,0.000,8.3,11.8,1.8,145,10,8.8,12.5,1.9,144,11,8.3,11.8,1.8,145,10,673,29.88,,0,0,0,73.6,68.5,69.3,0.18,0.25,0.31
CHAZ,2017-08-21 11:25:00 EDT,44.89565,-73.46461,186,77.8,75.9,77.8,70.8,67.6,0.000,0.000,0.00,0.000,7.3,10.5,1.2,146,16,7.8,11.4,1.3,145,16,7.3,10.5,1.2,146,16,713,29.88,,0,0,0,73.9,68.6,69.3,0.18,0.26,0.31
CHAZ,2017-08-21 11:30:00 EDT,44.89565,-73.46461,186,78.5,76.3,78.5,70.1,67.9,0.000,0.000,0.00,0.000,6.8,9.9,1.7,132,18,7.4,11.1,1.9,132,18,6.8,9.9,1.7,132,18,670,29.87,,0,0,0,74.2,68.8,69.3,0.18,0.25,0.31
CHAZ,2017-08-21 11:35:00 EDT,44.89565,-73.46461,186,78.3,76.5,78.3,69.3,67.4,0.000,0.000,0.00,0.000,6.2,11.2,1.7,146,25,6.7,12.4,1.9,145,24,6.2,11.2,1.7,146,25,719,29.87,,0,0,0,74.5,68.8,69.3,0.18,0.25,0.31
CHAZ,2017-08-21 11:40:00 EDT,44.89565,-73.46461,186,78.5,76.7,78.5,68.0,67.1,0.000,0.000,0.00,0.000,8.5,12.5,1.8,146,14,9.2,14.7,2.0,144,14,8.5,12.5,1.8,146,14,688,29.87,,0,0,0,74.7,68.9,69.3,0.18,0.25,0.31
CHAZ,2017-08-21 11:45:00 EDT,44.89565,-73.46461,186,78.6,76.9,78.6,68.3,67.3,0.000,0.000,0.00,0.000,8.7,15.7,2.7,141,14,9.2,16.4,2.7,139,13,8.7,15.7,2.7,141,14,714,29.87,,0,0,0,74.9,68.9,69.3,0.18,0.25,0.31
CHAZ,2017-08-21 11:50:00 EDT,44.89565,-73.46461,186,78.7,77.2,78.7,68.4,67.4,0.000,0.000,0.00,0.000,9.1,13.1,1.7,142,12,9.8,14.7,1.9,142,12,9.1,13.1,1.7,142,12,512,29.87,,0,0,0,75.4,68.9,69.3,0.18,0.25,0.31
CHAZ,2017-08-21 11:55:00 EDT,44.89565,-73.46461,186,77.9,76.9,77.9,69.0,66.9,0.000,0.000,0.00,0.000,7.6,13.2,2.2,152,15,8.3,13.3,2.3,150,15,7.6,13.2,2.2,152,15,565,29.87,,0,0,0,75.6,68.9,69.3,0.18,0.25,0.31
CHAZ,2017-08-21 12:00:00 EDT,44.89565,-73.46461,186,78.0,77.0,78.0,69.3,67.1,0.000,0.000,0.00,0.000,5.3,9.3,1.2,170,18,6.2,11.3,1.5,170,17,5.3,9.3,1.2,170,18,427,29.87,,0,0,0,75.9,68.9,69.3,0.18,0.25,0.31
CHAZ,2017-08-21 12:05:00 EDT,44.89565,-73.46461,186,77.5,76.5,77.5,68.9,66.5,0.000,0.000,0.00,0.000,9.1,12.4,1.7,145,13,9.8,13.3,1.8,144,14,9.1,12.4,1.7,145,13,566,29.86,,0,0,0,76.3,68.9,69.3,0.18,0.25,0.31
CHAZ,2017-08-21 12:10:00 EDT,44.89565,-73.46461,186,77.8,76.7,77.8,68.8,66.8,0.000,0.000,0.00,0.000,7.4,11.3,1.7,152,16,8.0,12.4,1.8,151,16,7.4,11.3,1.7,152,16,416,29.86,,0,0,0,76.5,69.0,69.3,0.18,0.25,0.31
CHAZ,2017-08-21 12:15:00 EDT,44.89565,-73.46461,186,77.5,76.8,77.5,69.4,66.7,0.000,0.000,0.00,0.000,4.8,7.8,1.3,157,22,5.5,8.4,1.3,154,21,4.8,7.8,1.3,157,22,455,29.86,,0,0,0,76.7,69.2,69.3,0.18,0.25,0.31
CHAZ,2017-08-21 12:20:00 EDT,44.89565,-73.46461,186,78.6,77.6,78.6,69.2,67.6,0.000,0.000,0.00,0.000,4.7,10.4,1.9,149,19,5.3,11.5,1.9,148,20,4.7,10.4,1.9,149,19,717,29.86,,0,0,0,76.8,69.3,69.3,0.18,0.25,0.31
CHAZ,2017-08-21 12:25:00 EDT,44.89565,-73.46461,186,79.3,77.8,79.3,67.1,67.4,0.000,0.000,0.00,0.000,6.3,9.5,1.4,142,17,6.9,10.4,1.5,139,17,6.3,9.5,1.4,142,17,755,29.86,,0,0,0,77.2,69.3,69.3,0.18,0.25,0.31
CHAZ,2017-08-21 12:30:00 EDT,44.89565,-73.46461,186,79.8,78.4,79.8,66.8,67.8,0.000,0.000,0.00,0.000,6.4,10.7,1.8,154,13,7.2,11.4,1.8,153,15,6.4,10.7,1.8,154,13,649,29.86,,0,0,0,77.2,69.3,69.3,0.18,0.25,0.31
CHAZ,2017-08-21 12:35:00 EDT,44.89565,-73.46461,186,79.2,78.0,79.2,66.2,66.9,0.000,0.000,0.00,0.000,7.8,12.9,2.0,143,15,8.3,12.9,2.0,142,15,7.8,12.9,2.0,143,15,501,29.86,,0,0,0,77.4,69.3,69.3,0.18,0.25,0.31
CHAZ,2017-08-21 12:40:00 EDT,44.89565,-73.46461,186,79.6,77.9,79.6,67.0,67.6,0.000,0.000,0.00,0.000,6.9,9.9,1.3,141,14,7.4,11.0,1.6,140,14,6.9,9.9,1.3,141,14,596,29.86,,0,0,0,77.8,69.3,69.3,0.18,0.25,0.31
CHAZ,2017-08-21 12:45:00 EDT,44.89565,-73.46461,186,79.8,78.6,79.8,68.1,68.3,0.000,0.000,0.00,0.000,6.5,12.3,2.0,148,18,7.2,12.5,2.1,147,17,6.5,12.3,2.0,148,18,672,29.85,,0,0,0,78.1,69.3,69.3,0.18,0.25,0.31
CHAZ,2017-08-21 12:50:00 EDT,44.89565,-73.46461,186,80.4,78.8,83.1,66.2,68.1,0.000,0.000,0.00,0.000,8.3,12.2,1.5,143,14,8.9,12.9,1.8,141,13,8.3,12.2,1.5,143,14,761,29.85,,0,0,0,78.1,69.4,69.3,0.18,0.25,0.31
CHAZ,2017-08-21 12:55:00 EDT,44.89565,-73.46461,186,80.8,79.2,83.8,66.2,68.5,0.000,0.000,0.00,0.000,7.4,10.7,1.3,154,14,8.0,11.3,1.4,153,14,7.4,10.7,1.3,154,14,798,29.85,,0,0,0,78.2,69.6,69.2,0.18,0.25,0.31
CHAZ,2017-08-21 13:00:00 EDT,44.89565,-73.46461,186,81.1,79.3,84.0,65.1,68.3,0.000,0.000,0.00,0.000,7.9,11.8,2.0,154,13,8.5,12.7,2.1,153,13,7.9,11.8,2.0,154,13,802,29.85,,0,0,0,78.6,69.6,69.2,0.18,0.25,0.31
CHAZ,2017-08-21 13:05:00 EDT,44.89565,-73.46461,186,81.4,79.7,84.3,64.5,68.3,0.000,0.000,0.00,0.000,8.1,12.3,2.0,150,12,8.9,12.7,2.0,149,11,8.1,12.3,2.0,150,12,761,29.85,,0,0,0,78.9,69.6,69.0,0.18,0.25,0.31
CHAZ,2017-08-21 13:10:00 EDT,44.89565,-73.46461,186,81.6,79.9,84.4,63.3,67.9,0.000,0.000,0.00,0.000,8.7,13.7,2.2,145,12,9.5,15.6,2.3,145,13,8.7,13.7,2.2,145,12,797,29.85,,0,0,0,79.2,69.6,69.1,0.18,0.25,0.31
CHAZ,2017-08-21 13:15:00 EDT,44.89565,-73.46461,186,81.3,79.9,84.3,64.5,68.2,0.000,0.000,0.00,0.000,6.6,9.9,1.4,158,15,7.4,11.1,1.5,158,14,6.6,9.9,1.4,158,15,685,29.85,,0,0,0,79.3,69.7,69.0,0.18,0.25,0.31
CHAZ,2017-08-21 13:20:00 EDT,44.89565,-73.46461,186,82.1,80.1,85.5,64.9,69.1,0.000,0.000,0.00,0.000,5.5,10.2,1.8,152,25,6.2,11.1,2.0,153,26,5.5,10.2,1.8,152,25,701,29.85,,0,0,0,79.5,69.9,69.0,0.18,0.25,0.31
CHAZ,2017-08-21 13:25:00 EDT,44.89565,-73.46461,186,80.3,79.6,82.9,65.1,67.5,0.000,0.000,0.00,0.000,4.8,8.3,1.9,168,24,5.4,10.1,2.2,170,26,4.8,8.3,1.9,168,24,503,29.85,,0,0,0,80.0,70.0,69.0,0.18,0.25,0.31
CHAZ,2017-08-21 13:30:00 EDT,44.89565,-73.46461,186,80.1,79.5,82.6,64.9,67.2,0.000,0.000,0.00,0.000,3.0,7.7,1.7,162,17,3.4,8.0,1.9,160,15,3.0,7.7,1.7,162,17,372,29.85,,0,0,0,80.1,70.0,69.0,0.18,0.25,0.31
CHAZ,2017-08-21 13:35:00 EDT,44.89565,-73.46461,186,80.5,79.8,83.0,64.7,67.5,0.000,0.000,0.00,0.000,3.0,8.3,2.4,125,49,3.5,9.4,2.4,119,51,3.0,8.3,2.4,125,49,595,29.85,,0,0,0,80.4,70.0,69.0,0.18,0.25,0.31
CHAZ,2017-08-21 13:40:00 EDT,44.89565,-73.46461,186,80.7,79.3,83.4,65.6,68.1,0.000,0.000,0.00,0.000,4.8,6.6,1.0,129,17,5.1,8.0,1.2,127,17,4.8,6.6,1.0,129,17,519,29.84,,0,0,0,80.5,70.0,68.9,0.18,0.25,0.31
CHAZ,2017-08-21 13:45:00 EDT,44.89565,-73.46461,186,80.6,79.4,83.5,66.8,68.5,0.000,0.000,0.00,0.000,4.2,7.2,1.3,127,28,4.5,8.6,1.4,127,29,4.2,7.2,1.3,127,28,607,29.84,,0,0,0,81.0,70.0,68.9,0.18,0.25,0.31
CHAZ,2017-08-21 13:50:00 EDT,44.89565,-73.46461,186,80.5,79.5,83.1,65.1,67.7,0.000,0.000,0.00,0.000,4.4,9.0,2.4,142,18,4.8,10.5,2.5,142,21,4.4,9.0,2.4,142,18,567,29.84,,0,0,0,81.0,70.1,69.0,0.18,0.25,0.31
CHAZ,2017-08-21 13:55:00 EDT,44.89565,-73.46461,186,80.8,79.7,83.6,65.6,68.2,0.000,0.000,0.00,0.000,5.4,8.3,1.5,155,23,5.8,9.4,1.7,155,23,5.4,8.3,1.5,155,23,548,29.84,,0,0,0,81.1,70.3,68.9,0.18,0.25,0.31
CHAZ,2017-08-21 14:00:00 EDT,44.89565,-73.46461,186,80.1,79.5,82.7,66.1,67.8,0.000,0.000,0.00,0.000,4.7,7.0,1.3,158,22,5.2,9.1,1.5,158,21,4.7,7.0,1.3,158,22,341,29.84,,0,0,0,81.5,70.3,68.9,0.18,0.25,0.31
CHAZ,2017-08-21 14:05:00 EDT,44.89565,-73.46461,186,80.1,79.4,82.8,67.0,68.2,0.000,0.000,0.00,0.000,5.4,9.0,1.5,149,18,5.9,9.6,1.7,148,18,5.4,9.0,1.5,149,18,454,29.84,,0,0,0,81.5,70.3,68.9,0.18,0.25,0.31
CHAZ,2017-08-21 14:10:00 EDT,44.89565,-73.46461,186,80.1,79.3,82.8,67.6,68.4,0.000,0.000,0.00,0.000,6.4,9.6,1.4,143,14,6.8,11.2,1.6,140,14,6.4,9.6,1.4,143,14,404,29.83,,0,0,0,81.8,70.3,68.9,0.18,0.25,0.31
CHAZ,2017-08-21 14:15:00 EDT,44.89565,-73.46461,186,79.5,79.2,79.5,67.2,67.7,0.000,0.000,0.00,0.000,6.3,9.7,1.4,147,13,6.9,10.7,1.5,145,12,6.3,9.7,1.4,147,13,266,29.83,,0,0,0,82.0,70.5,68.9,0.18,0.25,0.31
CHAZ,2017-08-21 14:20:00 EDT,44.89565,-73.46461,186,79.5,79.2,79.5,68.4,68.2,0.000,0.000,0.00,0.000,2.8,5.3,1.1,147,19,3.2,5.7,1.1,149,18,2.8,5.3,1.1,147,19,333,29.83,,0,0,0,82.0,70.7,68.9,0.18,0.25,0.31
CHAZ,2017-08-21 14:25:00 EDT,44.89565,-73.46461,186,79.6,79.2,79.6,68.2,68.2,0.000,0.000,0.00,0.000,3.7,6.4,1.0,138,19,4.1,7.2,1.2,136,20,3.7,6.4,1.0,138,19,260,29.83,,0,0,0,82.0,70.7,68.9,0.18,0.25,0.31
CHAZ,2017-08-21 14:30:00 EDT,44.89565,-73.46461,186,79.1,79.0,79.1,68.4,67.8,0.000,0.000,0.00,0.000,3.4,6.4,1.3,161,21,3.9,7.9,1.5,162,19,3.4,6.4,1.3,161,21,184,29.83,,0,0,0,82.0,70.7,68.9,0.18,0.25,0.31
CHAZ,2017-08-21 14:35:00 EDT,44.89565,-73.46461,186,78.8,78.9,78.8,69.1,67.8,0.000,0.000,0.00,0.000,4.1,6.4,0.8,154,13,4.6,7.8,0.9,152,14,4.1,6.4,0.8,154,13,209,29.83,,0,0,0,82.0,70.7,68.9,0.18,0.25,0.31
CHAZ,2017-08-21 14:40:00 EDT,44.89565,-73.46461,186,78.5,78.6,78.5,70.6,68.1,0.000,0.000,0.00,0.000,5.6,7.5,0.8,146,9,6.0,8.3,0.8,144,9,5.6,7.5,0.8,146,9,210,29.82,,0,0,0,82.0,70.7,68.9,0.18,0.25,0.31
CHAZ,2017-08-21 14:45:00 EDT,44.89565,-73.46461,186,78.5,78.6,78.5,70.9,68.3,0.000,0.000,0.00,0.000,5.8,8.3,1.4,148,12,6.3,9.4,1.5,146,12,5.8,8.3,1.4,148,12,236,29.82,,0,0,0,82.0,70.9,68.9,0.17,0.25,0.31
CHAZ,2017-08-21 14:50:00 EDT,44.89565,-73.46461,186,78.5,78.6,78.5,70.6,68.2,0.000,0.000,0.00,0.000,5.0,7.8,1.0,147,12,5.6,9.0,1.1,145,11,5.0,7.8,1.0,147,12,244,29.82,,0,0,0,82.0,71.0,68.9,0.17,0.25,0.31
CHAZ,2017-08-21 14:55:00 EDT,44.89565,-73.46461,186,78.6,78.5,78.6,70.3,68.1,0.000,0.000,0.00,0.000,5.2,8.1,1.2,136,14,5.6,8.6,1.3,133,14,5.2,8.1,1.2,136,14,260,29.82,,0,0,0,82.0,71.1,68.9,0.18,0.25,0.31
CHAZ,2017-08-21 15:00:00 EDT,44.89565,-73.46461,186,78.6,78.5,78.6,70.4,68.2,0.000,0.000,0.00,0.000,5.3,8.4,1.1,142,13,5.9,8.9,1.2,141,12,5.3,8.4,1.1,142,13,282,29.82,,0,0,0,82.0,71.1,68.9,0.18,0.25,0.31
CHAZ,2017-08-21 15:05:00 EDT,44.89565,-73.46461,186,78.8,78.5,78.8,70.8,68.5,0.000,0.000,0.00,0.000,4.3,7.9,1.1,150,14,4.7,8.6,1.3,150,13,4.3,7.9,1.1,150,14,307,29.82,,0,0,0,82.0,71.2,68.9,0.18,0.25,0.31
CHAZ,2017-08-21 15:10:00 EDT,44.89565,-73.46461,186,79.0,78.7,79.0,70.1,68.5,0.000,0.000,0.00,0.000,3.5,5.7,1.0,164,18,3.9,6.2,1.1,166,18,3.5,5.7,1.0,164,18,340,29.82,,0,0,0,81.9,71.4,68.9,0.18,0.25,0.31
CHAZ,2017-08-21 15:15:00 EDT,44.89565,-73.46461,186,79.0,78.7,79.0,69.0,67.9,0.000,0.000,0.00,0.000,4.1,7.3,1.4,166,16,4.7,8.0,1.5,166,15,4.1,7.3,1.4,166,16,370,29.82,,0,0,0,81.5,71.4,68.9,0.18,0.26,0.31
CHAZ,2017-08-21 15:20:00 EDT,44.89565,-73.46461,186,79.4,78.8,79.4,68.6,68.2,0.000,0.000,0.00,0.000,5.0,7.7,0.9,164,12,5.5,8.2,1.1,163,12,5.0,7.7,0.9,164,12,401,29.82,,0,0,0,81.5,71.4,68.9,0.18,0.25,0.31
CHAZ,2017-08-21 15:25:00 EDT,44.89565,-73.46461,186,79.5,78.9,79.5,67.2,67.7,0.000,0.000,0.00,0.000,5.6,9.4,1.5,166,15,6.1,9.8,1.5,167,14,5.6,9.4,1.5,166,15,432,29.82,,0,0,0,81.5,71.4,68.9,0.18,0.26,0.31
CHAZ,2017-08-21 15:30:00 EDT,44.89565,-73.46461,186,79.6,79.2,79.6,65.8,67.2,0.000,0.000,0.00,0.000,5.3,7.6,1.0,183,15,5.9,8.5,1.1,182,14,5.3,7.6,1.0,183,15,460,29.82,,0,0,0,81.5,71.4,68.9,0.18,0.26,0.31
CHAZ,2017-08-21 15:35:00 EDT,44.89565,-73.46461,186,79.9,79.4,79.9,65.6,67.4,0.000,0.000,0.00,0.000,6.1,8.7,1.2,173,10,6.6,9.7,1.3,173,10,6.1,8.7,1.2,173,10,483,29.81,,0,0,0,81.5,71.4,68.9,0.18,0.26,0.31
CHAZ,2017-08-21 15:40:00 EDT,44.89565,-73.46461,186,80.7,79.8,83.5,66.2,68.4,0.000,0.000,0.00,0.000,4.2,6.4,1.0,155,15,4.6,6.6,1.1,154,16,4.2,6.4,1.0,155,15,502,29.81,,0,0,0,81.5,71.5,68.9,0.18,0.26,0.31
CHAZ,2017-08-21 15:45:00 EDT,44.89565,-73.46461,186,81.6,80.6,85.0,66.0,69.2,0.000,0.000,0.00,0.000,3.4,7.9,1.4,153,13,3.9,8.7,1.6,151,13,3.4,7.9,1.4,153,13,514,29.81,,0,0,0,81.5,71.7,68.9,0.18,0.26,0.31
CHAZ,2017-08-21 15:50:00 EDT,44.89565,-73.46461,186,81.6,80.8,84.4,63.2,67.9,0.000,0.000,0.00,0.000,4.3,5.8,0.9,166,16,4.9,6.8,1.0,165,18,4.3,5.8,0.9,166,16,524,29.81,,0,0,0,81.5,71.8,68.9,0.18,0.26,0.31
CHAZ,2017-08-21 15:55:00 EDT,44.89565,-73.46461,186,81.6,81.0,84.4,62.9,67.7,0.000,0.000,0.00,0.000,2.4,4.5,1.0,192,20,2.7,5.4,1.1,193,19,2.4,4.5,1.0,192,20,521,29.81,,0,0,0,81.5,71.8,68.9,0.18,0.25,0.31
CHAZ,2017-08-21 16:00:00 EDT,44.89565,-73.46461,186,82.1,81.5,85.1,62.6,68.1,0.000,0.000,0.00,0.000,2.5,4.2,0.8,181,19,3.0,5.0,0.8,183,17,2.5,4.2,0.8,181,19,511,29.81,,0,0,0,81.7,71.8,68.9,0.18,0.25,0.31
CHAZ,2017-08-21 16:05:00 EDT,44.89565,-73.46461,186,82.6,81.7,85.7,62.2,68.3,0.000,0.000,0.00,0.000,3.1,5.1,1.0,178,21,3.5,6.0,1.2,177,21,3.1,5.1,1.0,178,21,498,29.81,,0,0,0,82.0,71.8,68.9,0.18,0.26,0.31
CHAZ,2017-08-21 16:10:00 EDT,44.89565,-73.46461,186,82.9,82.2,86.2,61.6,68.4,0.000,0.000,0.00,0.000,4.0,6.5,1.6,157,12,4.5,7.1,1.6,156,13,4.0,6.5,1.6,157,12,489,29.80,,0,0,0,82.0,72.0,68.9,0.18,0.26,0.31
CHAZ,2017-08-21 16:15:00 EDT,44.89565,-73.46461,186,83.2,82.4,86.3,60.4,68.1,0.000,0.000,0.00,0.000,3.4,5.4,1.3,162,16,3.8,6.6,1.3,162,17,3.4,5.4,1.3,162,16,474,29.80,,0,0,0,82.0,72.3,68.9,0.18,0.26,0.31
CHAZ,2017-08-21 16:20:00 EDT,44.89565,-73.46461,186,82.9,82.5,85.4,58.4,66.8,0.000,0.000,0.00,0.000,3.8,6.3,1.2,181,15,4.2,7.0,1.3,182,16,3.8,6.3,1.2,181,15,465,29.80,,0,0,0,82.0,72.3,68.9,0.17,0.26,0.31
CHAZ,2017-08-21 16:25:00 EDT,44.89565,-73.46461,186,83.2,82.8,85.8,58.2,67.0,0.000,0.000,0.00,0.000,4.6,9.9,1.7,198,38,5.2,11.9,1.8,198,38,4.6,9.9,1.7,198,38,453,29.80,,0,0,0,82.0,72.3,68.9,0.17,0.25,0.31
CHAZ,2017-08-21 16:30:00 EDT,44.89565,-73.46461,186,83.5,83.5,84.9,52.0,64.0,0.000,0.000,0.00,0.000,6.5,9.9,1.2,235,19,7.0,11.8,1.4,236,19,6.5,9.9,1.2,235,19,441,29.80,,0,0,0,82.0,72.3,68.9,0.17,0.26,0.31
CHAZ,2017-08-21 16:35:00 EDT,44.89565,-73.46461,186,83.4,83.7,84.7,51.3,63.6,0.000,0.000,0.00,0.000,7.8,10.8,1.4,242,13,8.3,11.3,1.3,242,12,7.8,10.8,1.4,242,13,427,29.80,,0,0,0,82.3,72.3,69.0,0.17,0.26,0.31
CHAZ,2017-08-21 16:40:00 EDT,44.89565,-73.46461,186,83.4,83.8,84.2,48.8,62.2,0.000,0.000,0.00,0.000,8.0,11.2,1.4,244,11,8.4,13.4,1.6,244,11,8.0,11.2,1.4,244,11,417,29.80,,0,0,0,82.4,72.3,68.9,0.17,0.26,0.31
CHAZ,2017-08-21 16:45:00 EDT,44.89565,-73.46461,186,83.3,83.8,84.1,48.9,62.1,0.000,0.000,0.00,0.000,8.1,12.5,1.3,245,8,8.7,13.3,1.4,245,8,8.1,12.5,1.3,245,8,407,29.80,,0,0,0,82.4,72.3,69.0,0.17,0.26,0.31
CHAZ,2017-08-21 16:50:00 EDT,44.89565,-73.46461,186,83.3,83.8,84.0,48.2,61.7,0.000,0.000,0.00,0.000,9.3,12.6,1.6,241,14,9.8,13.0,1.7,240,14,9.3,12.6,1.6,241,14,395,29.80,,0,0,0,82.4,72.3,69.0,0.17,0.26,0.31
CHAZ,2017-08-21 16:55:00 EDT,44.89565,-73.46461,186,83.2,83.7,83.6,47.3,61.0,0.000,0.000,0.00,0.000,10.9,16.4,2.3,241,10,11.5,17.2,2.2,241,9,10.9,16.4,2.3,241,10,383,29.80,,0,0,0,82.4,72.5,69.0,0.17,0.26,0.31
CHAZ,2017-08-21 17:00:00 EDT,44.89565,-73.46461,186,83.0,83.6,83.8,48.9,61.9,0.000,0.000,0.00,0.000,7.2,12.8,2.3,245,10,7.7,13.3,2.4,246,10,7.2,12.8,2.3,245,10,372,29.79,,0,0,0,82.4,72.7,69.0,0.17,0.26,0.31
CHAZ,2017-08-21 17:05:00 EDT,44.89565,-73.46461,186,83.2,83.7,83.9,48.8,61.9,0.000,0.000,0.00,0.000,6.8,9.4,1.1,238,10,7.0,10.9,1.1,238,9,6.8,9.4,1.1,238,10,360,29.79,,0,0,0,82.4,72.7,69.1,0.17,0.25,0.31
CHAZ,2017-08-21 17:10:00 EDT,44.89565,-73.46461,186,83.3,83.6,84.3,50.2,62.8,0.000,0.000,0.00,0.000,5.1,8.7,1.6,231,18,5.5,9.6,1.8,230,18,5.1,8.7,1.6,231,18,347,29.79,,0,0,0,82.4,72.7,69.1,0.18,0.26,0.31
CHAZ,2017-08-21 17:15:00 EDT,44.89565,-73.46461,186,83.1,83.5,83.9,49.3,62.2,0.000,0.000,0.00,0.000,7.3,11.3,1.3,230,15,7.5,12.0,1.4,230,15,7.3,11.3,1.3,230,15,334,29.79,,0,0,0,82.4,72.7,69.1,0.17,0.26,0.31
CHAZ,2017-08-21 17:20:00 EDT,44.89565,-73.46461,186,83.2,83.5,84.1,49.9,62.6,0.000,0.000,0.00,0.000,5.7,9.1,1.3,230,17,6.4,10.7,1.4,230,16,5.7,9.1,1.3,230,17,320,29.79,,0,0,0,82.3,72.7,69.1,0.18,0.26,0.31
CHAZ,2017-08-21 17:25:00 EDT,44.89565,-73.46461,186,83.2,83.6,84.1,49.8,62.5,0.000,0.000,0.00,0.000,5.4,11.1,2.2,222,18,5.7,11.8,2.2,223,15,5.4,11.1,2.2,222,18,307,29.79,,0,0,0,82.1,72.7,69.2,0.17,0.26,0.31
CHAZ,2017-08-21 17:30:00 EDT,44.89565,-73.46461,186,82.9,83.4,84.0,51.1,63.0,0.000,0.000,0.00,0.000,6.8,13.7,2.5,227,21,7.3,14.5,2.5,227,21,6.8,13.7,2.5,227,21,295,29.79,,0,0,0,82.0,72.8,69.2,0.17,0.26,0.31
CHAZ,2017-08-21 17:35:00 EDT,44.89565,-73.46461,186,82.9,83.4,83.9,50.3,62.6,0.000,0.000,0.00,0.000,7.2,11.2,1.4,227,16,7.6,11.6,1.5,228,16,7.2,11.2,1.4,227,16,279,29.79,,0,0,0,82.0,72.9,69.2,0.17,0.26,0.31
CHAZ,2017-08-21 17:40:00 EDT,44.89565,-73.46461,186,82.9,83.3,83.9,50.6,62.7,0.000,0.000,0.00,0.000,6.0,10.5,1.6,221,15,6.4,11.0,1.8,219,15,6.0,10.5,1.6,221,15,267,29.79,,0,0,0,82.0,73.0,69.3,0.17,0.26,0.31
CHAZ,2017-08-21 17:45:00 EDT,44.89565,-73.46461,186,82.7,83.2,83.9,51.9,63.2,0.000,0.000,0.00,0.000,5.3,11.8,2.2,235,13,5.7,12.4,2.3,235,12,5.3,11.8,2.2,235,13,253,29.79,,0,0,0,82.0,73.0,69.3,0.17,0.26,0.31
CHAZ,2017-08-21 17:50:00 EDT,44.89565,-73.46461,186,82.5,83.2,83.7,52.1,63.2,0.000,0.000,0.00,0.000,5.5,11.0,1.5,232,14,6.0,11.8,1.7,232,13,5.5,11.0,1.5,232,14,240,29.78,,0,0,0,82.0,73.0,69.3,0.17,0.25,0.31
CHAZ,2017-08-21 17:55:00 EDT,44.89565,-73.46461,186,82.4,83.0,83.7,52.9,63.5,0.000,0.000,0.00,0.000,3.7,6.6,0.8,224,20,3.9,6.8,1.0,225,18,3.7,6.6,0.8,224,20,228,29.78,,0,0,0,81.7,73.0,69.3,0.17,0.25,0.31
CHAZ,2017-08-21 18:00:00 EDT,44.89565,-73.46461,186,82.3,82.9,83.8,54.0,64.0,0.000,0.000,0.00,0.000,3.4,5.9,0.9,243,12,3.7,7.5,1.0,245,12,3.4,5.9,0.9,243,12,215,29.79,,0,0,0,81.5,73.0,69.3,0.17,0.26,0.31
CHAZ,2017-08-21 18:05:00 EDT,44.89565,-73.46461,186,82.2,82.9,83.4,52.7,63.2,0.000,0.000,0.00,0.000,4.3,7.0,1.2,240,15,4.5,7.6,1.3,240,14,4.3,7.0,1.2,240,15,201,29.79,,0,0,0,81.3,73.0,69.3,0.17,0.25,0.31
CHAZ,2017-08-21 18:10:00 EDT,44.89565,-73.46461,186,82.0,82.8,83.3,53.4,63.4,0.000,0.000,0.00,0.000,5.2,7.5,1.1,247,13,5.6,8.9,1.2,248,12,5.2,7.5,1.1,247,13,188,29.79,,0,0,0,81.0,73.0,69.3,0.17,0.25,0.31
CHAZ,2017-08-21 18:15:00 EDT,44.89565,-73.46461,186,81.9,82.8,83.2,53.2,63.2,0.000,0.000,0.00,0.000,5.2,7.8,1.1,240,13,5.6,8.6,1.2,241,13,5.2,7.8,1.1,240,13,176,29.79,,0,0,0,81.0,73.0,69.3,0.17,0.25,0.31
CHAZ,2017-08-21 18:20:00 EDT,44.89565,-73.46461,186,81.4,82.5,82.9,55.6,64.0,0.000,0.000,0.00,0.000,3.7,5.2,0.7,244,9,4.0,6.6,0.8,244,11,3.7,5.2,0.7,244,9,163,29.78,,0,0,0,81.0,73.0,69.3,0.17,0.25,0.31
CHAZ,2017-08-21 18:25:00 EDT,44.89565,-73.46461,186,80.6,82.1,82.7,60.8,65.8,0.000,0.000,0.00,0.000,2.0,3.8,0.8,218,22,2.2,4.2,0.8,219,20,2.0,3.8,0.8,218,22,151,29.78,,0,0,0,80.7,73.1,69.3,0.17,0.26,0.31
CHAZ,2017-08-21 18:30:00 EDT,44.89565,-73.46461,186,80.5,81.8,82.6,61.4,66.0,0.000,0.000,0.00,0.000,2.6,4.3,0.6,213,16,2.8,4.6,0.7,213,17,2.6,4.3,0.6,213,16,140,29.78,,0,0,0,80.4,73.2,69.3,0.17,0.26,0.31
CHAZ,2017-08-21 18:35:00 EDT,44.89565,-73.46461,186,80.3,81.5,82.1,59.4,64.9,0.000,0.000,0.00,0.000,2.5,4.0,0.6,239,17,2.7,4.7,0.6,241,18,2.5,4.0,0.6,239,17,126,29.78,,0,0,0,80.4,73.4,69.3,0.17,0.25,0.31
CHAZ,2017-08-21 18:40:00 EDT,44.89565,-73.46461,186,80.1,81.4,81.7,58.0,64.0,0.000,0.000,0.00,0.000,3.0,4.3,0.7,236,13,3.1,5.0,0.9,236,12,3.0,4.3,0.7,236,13,114,29.78,,0,0,0,80.1,73.4,69.3,0.17,0.25,0.31
CHAZ,2017-08-21 18:45:00 EDT,44.89565,-73.46461,186,79.5,81.3,79.5,59.1,63.9,0.000,0.000,0.00,0.000,2.7,3.9,0.5,244,10,2.9,4.5,0.6,244,11,2.7,3.9,0.5,244,10,103,29.79,,0,0,0,80.1,73.4,69.3,0.17,0.25,0.31
CHAZ,2017-08-21 18:50:00 EDT,44.89565,-73.46461,186,79.0,81.1,79.0,60.8,64.3,0.000,0.000,0.00,0.000,2.3,4.5,0.6,230,13,2.3,4.8,0.7,229,12,2.3,4.5,0.6,230,13,92,29.79,,0,0,0,80.1,73.4,69.3,0.17,0.25,0.31
CHAZ,2017-08-21 18:55:00 EDT,44.89565,-73.46461,186,78.5,80.7,78.5,63.5,65.1,0.000,0.000,0.00,0.000,2.3,3.5,0.5,244,17,2.4,4.4,0.7,244,17,2.3,3.5,0.5,244,17,82,29.79,,0,0,0,80.0,73.4,69.3,0.17,0.25,0.31
CHAZ,2017-08-21 19:00:00 EDT,44.89565,-73.46461,186,78.6,80.6,78.6,63.2,65.0,0.000,0.000,0.00,0.000,2.3,3.7,0.5,229,22,2.3,4.1,0.6,228,21,2.3,3.7,0.5,229,22,72,29.79,,0,0,0,79.6,73.4,69.3,0.17,0.25,0.31
CHAZ,2017-08-21 19:05:00 EDT,44.89565,-73.46461,186,77.4,80.2,77.4,66.4,65.3,0.000,0.000,0.00,0.000,2.4,4.3,0.9,202,15,2.6,4.1,0.8,203,15,2.4,4.3,0.9,202,15,60,29.79,,0,0,0,79.5,73.4,69.3,0.17,0.25,0.31
CHAZ,2017-08-21 19:10:00 EDT,44.89565,-73.46461,186,76.9,79.9,76.9,66.6,65.0,0.000,0.000,0.00,0.000,2.3,4.0,0.6,206,17,2.6,4.7,0.7,208,15,2.3,4.0,0.6,206,17,50,29.78,,0,0,0,79.5,73.4,69.3,0.17,0.25,0.31
CHAZ,2017-08-21 19:15:00 EDT,44.89565,-73.46461,186,77.7,79.9,77.7,64.0,64.5,0.000,0.000,0.00,0.000,2.5,3.9,0.7,234,19,2.6,5.0,0.7,234,18,2.5,3.9,0.7,234,19,41,29.79,,0,0,0,79.2,73.4,69.3,0.17,0.25,0.31
CHAZ,2017-08-21 19:20:00 EDT,44.89565,-73.46461,186,77.2,79.6,77.2,63.9,64.1,0.000,0.000,0.00,0.000,2.3,3.0,0.3,253,8,2.5,3.5,0.4,253,9,2.3,3.0,0.3,253,8,32,29.79,,0,0,0,79.2,73.4,69.3,0.17,0.25,0.31
CHAZ,2017-08-21 19:25:00 EDT,44.89565,-73.46461,186,73.1,78.9,73.1,71.5,63.3,0.000,0.000,0.00,0.000,1.6,2.8,0.5,241,8,1.7,3.2,0.5,236,10,1.6,2.8,0.5,241,8,25,29.79,,0,0,0,79.2,73.4,69.3,0.17,0.25,0.31
CHAZ,2017-08-21 19:30:00 EDT,44.89565,-73.46461,186,72.4,77.4,72.4,76.2,64.4,0.000,0.000,0.00,0.000,1.0,1.6,0.3,210,8,1.3,1.8,0.2,210,8,1.0,1.6,0.3,210,8,20,29.78,,0,0,0,79.0,73.5,69.3,0.17,0.25,0.31
CHAZ,2017-08-21 19:35:00 EDT,44.89565,-73.46461,186,71.7,77.6,71.7,79.2,64.9,0.000,0.000,0.00,0.000,1.2,1.5,0.2,235,12,1.3,1.9,0.2,235,13,1.2,1.5,0.2,235,12,14,29.78,,0,0,0,78.6,73.6,69.3,0.17,0.25,0.31
CHAZ,2017-08-21 19:40:00 EDT,44.89565,-73.46461,186,71.1,75.9,71.1,81.0,65.0,0.000,0.000,0.00,0.000,1.2,1.7,0.2,242,13,1.4,2.2,0.3,239,15,1.2,1.7,0.2,242,13,9,29.79,,0,0,0,78.6,73.7,69.3,0.17,0.25,0.31
CHAZ,2017-08-21 19:45:00 EDT,44.89565,-73.46461,186,70.9,75.4,70.9,82.8,65.4,0.000,0.000,0.00,0.000,1.4,2.0,0.3,249,19,1.6,2.3,0.3,249,20,1.4,2.0,0.3,249,19,6,29.79,,0,0,0,78.2,73.7,69.3,0.17,0.25,0.31
CHAZ,2017-08-21 19:50:00 EDT,44.89565,-73.46461,186,70.8,74.9,70.8,84.1,65.8,0.000,0.000,0.00,0.000,1.8,2.8,0.4,212,20,1.9,3.3,0.5,211,20,1.8,2.8,0.4,212,20,4,29.79,,0,0,0,78.1,73.8,69.3,0.17,0.25,0.31
CHAZ,2017-08-21 19:55:00 EDT,44.89565,-73.46461,186,71.1,75.7,71.1,83.1,65.7,0.000,0.000,0.00,0.000,2.0,3.5,0.5,230,12,1.9,3.2,0.5,229,13,2.0,3.5,0.5,230,12,2,29.79,,0,0,0,78.1,73.9,69.3,0.17,0.25,0.31
CHAZ,2017-08-21 20:00:00 EDT,44.89565,-73.46461,186,70.3,75.2,70.3,83.9,65.3,0.000,0.000,0.00,0.000,1.7,2.6,0.3,233,12,1.7,2.6,0.3,232,11,1.7,2.6,0.3,233,12,1,29.79,,0,0,0,78.1,73.9,69.3,0.17,0.25,0.31
CHAZ,2017-08-21 20:05:00 EDT,44.89565,-73.46461,186,69.5,75.0,69.5,85.1,64.8,0.000,0.000,0.00,0.000,1.6,2.9,0.4,227,13,1.7,3.1,0.4,226,12,1.6,2.9,0.4,227,13,1,29.79,,0,0,0,77.8,73.9,69.3,0.17,0.25,0.31
CHAZ,2017-08-21 20:10:00 EDT,44.89565,-73.46461,186,69.3,74.8,69.3,86.2,65.0,0.000,0.000,0.00,0.000,1.6,2.3,0.3,206,18,1.8,3.1,0.4,207,19,1.6,2.3,0.3,206,18,0,29.78,,0,0,0,77.7,73.9,69.4,0.17,0.25,0.31
CHAZ,2017-08-21 20:15:00 EDT,44.89565,-73.46461,186,68.8,74.7,68.8,88.5,65.3,0.000,0.000,0.00,0.000,2.1,3.2,0.4,219,10,2.2,3.7,0.5,219,9,2.1,3.2,0.4,219,10,0,29.79,,0,0,0,77.2,73.9,69.5,0.17,0.25,0.31
CHAZ,2017-08-21 20:20:00 EDT,44.89565,-73.46461,186,69.2,74.0,69.2,89.3,65.9,0.000,0.000,0.00,0.000,1.6,2.3,0.4,230,13,1.7,2.3,0.3,230,15,1.6,2.3,0.4,230,13,0,29.79,,0,0,0,77.2,73.9,69.6,0.17,0.25,0.31
CHAZ,2017-08-21 20:25:00 EDT,44.89565,-73.46461,186,68.5,72.8,68.5,89.7,65.4,0.000,0.000,0.00,0.000,1.6,2.3,0.3,229,10,1.6,2.3,0.3,228,12,1.6,2.3,0.3,229,10,0,29.79,,0,0,0,77.2,73.9,69.6,0.17,0.25,0.31
CHAZ,2017-08-21 20:30:00 EDT,44.89565,-73.46461,186,68.6,72.1,68.6,89.8,65.4,0.000,0.000,0.00,0.000,2.1,2.7,0.3,195,8,2.3,3.0,0.3,197,10,2.1,2.7,0.3,195,8,0,29.79,,0,0,0,76.8,73.9,69.6,0.17,0.25,0.31
CHAZ,2017-08-21 20:35:00 EDT,44.89565,-73.46461,186,67.6,73.0,67.6,90.7,64.8,0.000,0.000,0.00,0.000,2.3,3.0,0.3,229,17,2.4,3.4,0.3,230,14,2.3,3.0,0.3,229,17,0,29.79,,0,0,0,76.8,73.9,69.6,0.17,0.25,0.31
CHAZ,2017-08-21 20:40:00 EDT,44.89565,-73.46461,186,68.5,73.3,68.5,91.7,66.0,0.000,0.000,0.00,0.000,2.4,3.1,0.3,213,16,2.5,3.4,0.3,214,14,2.4,3.1,0.3,213,16,0,29.79,,0,0,0,76.6,73.9,69.6,0.17,0.25,0.31
CHAZ,2017-08-21 20:45:00 EDT,44.89565,-73.46461,186,67.8,73.1,67.8,90.3,64.8,0.000,0.000,0.00,0.000,2.6,3.4,0.3,226,12,2.6,3.8,0.4,226,10,2.6,3.4,0.3,226,12,0,29.79,,0,0,0,76.5,73.9,69.6,0.17,0.25,0.31
CHAZ,2017-08-21 20:50:00 EDT,44.89565,-73.46461,186,67.7,73.2,67.7,90.3,64.7,0.000,0.000,0.00,0.000,3.1,3.4,0.1,236,6,3.1,3.7,0.2,234,5,3.1,3.4,0.1,236,6,0,29.79,,0,0,0,76.5,73.9,69.6,0.17,0.25,0.31
CHAZ,2017-08-21 20:55:00 EDT,44.89565,-73.46461,186,67.6,73.0,67.6,90.9,64.8,0.000,0.000,0.00,0.000,2.5,3.6,0.4,232,8,2.5,3.5,0.5,231,7,2.5,3.6,0.4,232,8,0,29.79,,0,0,0,76.2,73.9,69.6,0.17,0.25,0.31
CHAZ,2017-08-21 21:00:00 EDT,44.89565,-73.46461,186,67.3,72.8,67.3,91.2,64.7,0.000,0.000,0.00,0.000,2.3,3.3,0.5,221,8,2.4,3.5,0.5,221,7,2.3,3.3,0.5,221,8,0,29.79,,0,0,0,75.9,73.9,69.6,0.17,0.25,0.31
CHAZ,2017-08-21 21:05:00 EDT,44.89565,-73.46461,186,66.6,72.7,66.6,91.8,64.1,0.000,0.000,0.00,0.000,2.6,4.0,0.4,204,9,2.8,4.6,0.5,207,9,2.6,4.0,0.4,204,9,0,29.79,,0,0,0,75.9,73.9,69.6,0.17,0.25,0.31
CHAZ,2017-08-21 21:10:00 EDT,44.89565,-73.46461,186,66.7,72.7,66.7,93.0,64.6,0.000,0.000,0.00,0.000,2.0,3.4,0.5,216,9,2.1,3.7,0.5,217,8,2.0,3.4,0.5,216,9,0,29.79,,0,0,0,75.7,73.9,69.6,0.17,0.25,0.31
CHAZ,2017-08-21 21:15:00 EDT,44.89565,-73.46461,186,66.6,72.9,66.6,94.2,64.9,0.000,0.000,0.00,0.000,1.9,2.4,0.2,230,10,1.8,2.3,0.2,228,9,1.9,2.4,0.2,230,10,0,29.80,,0,0,0,75.6,73.9,69.6,0.17,0.25,0.31
CHAZ,2017-08-21 21:20:00 EDT,44.89565,-73.46461,186,66.2,71.8,66.2,94.0,64.4,0.000,0.000,0.00,0.000,2.0,3.1,0.4,204,9,2.2,3.3,0.4,205,9,2.0,3.1,0.4,204,9,0,29.80,,0,0,0,75.6,73.9,69.6,0.17,0.25,0.31
CHAZ,2017-08-21 21:25:00 EDT,44.89565,-73.46461,186,66.2,72.7,66.2,94.1,64.4,0.000,0.000,0.00,0.000,1.5,2.6,0.3,219,9,1.6,2.5,0.3,218,9,1.5,2.6,0.3,219,9,0,29.80,,0,0,0,75.4,73.8,69.6,0.17,0.25,0.31
CHAZ,2017-08-21 21:30:00 EDT,44.89565,-73.46461,186,66.3,71.9,66.3,94.6,64.8,0.000,0.000,0.00,0.000,1.7,2.1,0.1,208,7,1.9,2.3,0.2,209,8,1.7,2.1,0.1,208,7,0,29.80,,0,0,0,75.0,73.8,69.6,0.17,0.25,0.31
CHAZ,2017-08-21 21:35:00 EDT,44.89565,-73.46461,186,66.3,71.7,66.3,95.0,64.8,0.000,0.000,0.00,0.000,1.9,2.8,0.3,218,9,1.9,2.7,0.3,219,8,1.9,2.8,0.3,218,9,0,29.80,,0,0,0,75.0,73.7,69.6,0.17,0.25,0.31
CHAZ,2017-08-21 21:40:00 EDT,44.89565,-73.46461,186,65.9,71.4,65.9,95.1,64.5,0.000,0.000,0.00,0.000,2.3,2.8,0.4,199,7,2.5,3.2,0.4,201,8,2.3,2.8,0.4,199,7,0,29.80,,0,0,0,74.9,73.6,69.6,0.17,0.25,0.31
CHAZ,2017-08-21 21:45:00 EDT,44.89565,-73.46461,186,65.6,71.5,65.6,94.8,64.1,0.000,0.000,0.00,0.000,2.4,3.3,0.4,208,8,2.5,3.3,0.4,209,9,2.4,3.3,0.4,208,8,0,29.79,,0,0,0,74.7,73.4,69.6,0.17,0.25,0.31
CHAZ,2017-08-21 21:50:00 EDT,44.89565,-73.46461,186,66.6,71.2,66.6,95.6,65.3,0.000,0.000,0.00,0.000,2.1,3.1,0.4,232,10,2.0,3.5,0.4,232,8,2.1,3.1,0.4,232,10,0,29.79,,0,0,0,74.7,73.4,69.6,0.17,0.25,0.31
CHAZ,2017-08-21 21:55:00 EDT,44.89565,-73.46461,186,67.2,71.7,67.2,93.6,65.3,0.000,0.000,0.00,0.000,2.6,4.2,0.4,213,11,2.8,4.5,0.5,216,9,2.6,4.2,0.4,213,11,0,29.79,,0,0,0,74.7,73.4,69.6,0.17,0.25,0.31
CHAZ,2017-08-21 22:00:00 EDT,44.89565,-73.46461,186,66.4,71.3,66.4,91.8,64.0,0.000,0.000,0.00,0.000,1.9,2.6,0.3,214,10,2.0,3.0,0.3,215,10,1.9,2.6,0.3,214,10,0,29.79,,0,0,0,74.6,73.4,69.6,0.17,0.25,0.31
CHAZ,2017-08-21 22:05:00 EDT,44.89565,-73.46461,186,66.4,71.3,66.4,93.0,64.3,0.000,0.000,0.00,0.000,1.5,2.2,0.2,222,8,1.6,2.3,0.3,221,7,1.5,2.2,0.2,222,8,0,29.79,,0,0,0,74.3,73.4,69.6,0.17,0.25,0.31
CHAZ,2017-08-21 22:10:00 EDT,44.89565,-73.46461,186,66.0,71.1,66.0,93.1,63.9,0.000,0.000,0.00,0.000,1.5,2.3,0.3,216,9,1.7,2.3,0.2,216,10,1.5,2.3,0.3,216,9,0,29.79,,0,0,0,74.3,73.4,69.6,0.17,0.25,0.31
CHAZ,2017-08-21 22:15:00 EDT,44.89565,-73.46461,186,65.9,71.1,65.9,93.5,63.9,0.000,0.000,0.00,0.000,1.4,2.2,0.3,222,6,1.4,2.0,0.3,221,6,1.4,2.2,0.3,222,6,0,29.79,,0,0,0,74.2,73.4,69.6,0.17,0.25,0.31
CHAZ,2017-08-21 22:20:00 EDT,44.89565,-73.46461,186,65.9,71.0,65.9,93.7,64.0,0.000,0.000,0.00,0.000,1.5,2.6,0.4,216,10,1.7,2.8,0.4,218,9,1.5,2.6,0.4,216,10,0,29.79,,0,0,0,73.9,73.4,69.6,0.17,0.25,0.31
CHAZ,2017-08-21 22:25:00 EDT,44.89565,-73.46461,186,65.8,70.9,65.8,93.9,64.0,0.000,0.000,0.00,0.000,1.2,1.8,0.2,215,16,1.4,2.0,0.2,214,15,1.2,1.8,0.2,215,16,0,29.79,,0,0,0,73.9,73.4,69.6,0.17,0.25,0.31
CHAZ,2017-08-21 22:30:00 EDT,44.89565,-73.46461,186,65.7,70.6,65.7,94.1,63.9,0.000,0.000,0.00,0.000,1.9,2.7,0.4,228,7,1.9,3.1,0.3,227,6,1.9,2.7,0.4,228,7,0,29.79,,0,0,0,73.9,73.4,69.6,0.17,0.25,0.31
CHAZ,2017-08-21 22:35:00 EDT,44.89565,-73.46461,186,65.4,70.4,65.4,94.0,63.6,0.000,0.000,0.00,0.000,1.7,2.6,0.4,224,8,1.8,2.7,0.3,223,10,1.7,2.6,0.4,224,8,0,29.80,,0,0,0,73.9,73.4,69.7,0.17,0.25,0.31
CHAZ,2017-08-21 22:40:00 EDT,44.89565,-73.46461,186,65.9,70.6,65.9,94.3,64.3,0.000,0.000,0.00,0.000,2.3,3.1,0.4,238,8,2.3,3.8,0.5,236,9,2.3,3.1,0.4,238,8,0,29.80,,0,0,0,73.4,73.4,69.8,0.17,0.25,0.31
CHAZ,2017-08-21 22:45:00 EDT,44.89565,-73.46461,186,66.2,69.9,66.2,92.9,64.1,0.000,0.000,0.00,0.000,1.5,2.2,0.3,202,15,1.8,2.5,0.3,202,15,1.5,2.2,0.3,202,15,0,29.80,,0,0,0,73.4,73.4,69.8,0.17,0.25,0.31
CHAZ,2017-08-21 22:50:00 EDT,44.89565,-73.46461,186,66.4,69.9,66.4,92.6,64.2,0.000,0.000,0.00,0.000,2.4,3.3,0.5,199,7,2.6,3.5,0.5,201,9,2.4,3.3,0.5,199,7,0,29.80,,0,0,0,73.4,73.4,69.7,0.17,0.25,0.31
CHAZ,2017-08-21 22:55:00 EDT,44.89565,-73.46461,186,67.0,70.7,67.0,91.5,64.4,0.000,0.000,0.00,0.000,2.8,4.6,0.8,210,9,2.9,5.2,0.9,211,10,2.8,4.6,0.8,210,9,0,29.80,,0,0,0,73.2,73.4,69.9,0.17,0.25,0.31
CHAZ,2017-08-21 23:00:00 EDT,44.89565,-73.46461,186,67.8,71.1,67.8,89.5,64.6,0.000,0.000,0.00,0.000,2.0,3.9,0.7,209,12,2.2,4.5,0.8,213,12,2.0,3.9,0.7,209,12,0,29.80,,0,0,0,73.0,73.2,69.9,0.17,0.25,0.31
CHAZ,2017-08-21 23:05:00 EDT,44.89565,-73.46461,186,68.3,71.0,68.3,87.8,64.6,0.000,0.000,0.00,0.000,1.7,3.1,0.6,226,17,1.8,3.1,0.5,226,17,1.7,3.1,0.6,226,17,0,29.80,,0,0,0,73.0,73.1,69.9,0.17,0.25,0.31
CHAZ,2017-08-21 23:10:00 EDT,44.89565,-73.46461,186,68.6,71.3,68.6,86.4,64.4,0.000,0.000,0.00,0.000,1.9,3.7,0.6,237,16,2.1,4.4,0.7,234,18,1.9,3.7,0.6,237,16,0,29.80,,0,0,0,73.0,73.1,70.0,0.17,0.25,0.31
CHAZ,2017-08-21 23:15:00 EDT,44.89565,-73.46461,186,68.2,71.8,68.2,86.6,64.0,0.000,0.000,0.00,0.000,2.6,4.7,0.9,231,12,2.7,4.9,0.9,231,10,2.6,4.7,0.9,231,12,0,29.79,,0,0,0,73.0,73.0,70.0,0.17,0.25,0.31
CHAZ,2017-08-21 23:20:00 EDT,44.89565,-73.46461,186,69.4,72.1,69.4,84.1,64.4,0.000,0.000,0.00,0.000,2.4,5.0,0.8,225,21,2.6,5.2,0.9,226,18,2.4,5.0,0.8,225,21,0,29.79,,0,0,0,73.0,73.0,70.0,0.17,0.25,0.31
CHAZ,2017-08-21 23:25:00 EDT,44.89565,-73.46461,186,70.9,72.9,70.9,80.8,64.7,0.000,0.000,0.00,0.000,4.4,6.7,1.2,234,12,4.8,6.9,1.3,234,11,4.4,6.7,1.2,234,12,0,29.79,,0,0,0,72.7,73.0,70.0,0.17,0.25,0.31
CHAZ,2017-08-21 23:30:00 EDT,44.89565,-73.46461,186,71.3,73.0,71.3,76.5,63.5,0.000,0.000,0.00,0.000,3.1,6.5,0.9,238,16,3.3,6.4,1.0,240,15,3.1,6.5,0.9,238,16,0,29.79,,0,0,0,72.7,73.0,70.0,0.17,0.25,0.31
CHAZ,2017-08-21 23:35:00 EDT,44.89565,-73.46461,186,71.4,73.6,71.4,76.2,63.5,0.000,0.000,0.00,0.000,4.1,7.5,0.9,247,12,4.5,7.1,0.9,249,12,4.1,7.5,0.9,247,12,0,29.79,,0,0,0,72.7,73.0,70.0,0.17,0.25,0.31
CHAZ,2017-08-21 23:40:00 EDT,44.89565,-73.46461,186,72.1,74.3,72.1,74.7,63.6,0.000,0.000,0.00,0.000,5.4,8.5,1.0,246,11,5.9,9.0,1.1,248,9,5.4,8.5,1.0,246,11,0,29.79,,0,0,0,72.7,73.0,70.0,0.17,0.25,0.31
CHAZ,2017-08-21 23:45:00 EDT,44.89565,-73.46461,186,73.2,74.9,73.2,71.6,63.5,0.000,0.000,0.00,0.000,6.9,9.0,1.0,243,10,7.3,10.4,1.1,244,10,6.9,9.0,1.0,243,10,0,29.79,,0,0,0,72.7,73.0,70.0,0.17,0.25,0.31
CHAZ,2017-08-21 23:50:00 EDT,44.89565,-73.46461,186,73.5,75.0,73.5,70.2,63.3,0.000,0.000,0.00,0.000,6.7,8.8,0.8,245,9,7.2,9.3,1.0,246,9,6.7,8.8,0.8,245,9,0,29.79,,0,0,0,72.4,73.0,70.0,0.17,0.25,0.31
CHAZ,2017-08-21 23:55:00 EDT,44.89565,-73.46461,186,73.5,75.1,73.5,69.8,63.1,0.000,0.000,0.00,0.000,7.1,9.4,1.0,248,9,7.5,10.4,1.1,249,8,7.1,9.4,1.0,248,9,0,29.79,,0,0,0,72.3,73.0,70.0,0.17,0.25,0.31
CHES,2017-08-21 00:00:00 EDT,43.65390,-73.77736,1089,59.6,62.0,59.6,87.0,55.7,0.000,0.000,0.00,0.000,3.2,3.8,0.3,302,7,3.3,4.1,0.4,301,6,3.2,3.8,0.3,302,7,1,28.97,,0,0,0,66.1,66.4,64.4,0.11,0.18,0.14
CHES,2017-08-21 00:05:00 EDT,43.65390,-73.77736,1089,59.3,61.6,59.3,90.9,56.6,0.000,0.000,0.00,0.000,2.9,3.5,0.3,316,8,2.9,3.9,0.5,315,7,2.9,3.5,0.3,316,8,1,28.98,,0,0,0,66.0,66.4,64.4,0.11,0.18,0.14
CHES,2017-08-21 00:10:00 EDT,43.65390,-73.77736,1089,59.5,61.5,59.5,90.2,56.6,0.000,0.000,0.00,0.000,2.7,3.5,0.4,329,8,2.9,4.1,0.5,328,8,2.7,3.5,0.4,329,8,1,28.98,,0,0,0,66.0,66.4,64.4,0.11,0.18,0.14
CHES,2017-08-21 00:15:00 EDT,43.65390,-73.77736,1089,59.3,61.2,59.3,91.4,56.8,0.000,0.000,0.00,0.000,2.2,3.1,0.4,344,12,2.7,3.8,0.4,344,12,2.2,3.1,0.4,344,12,1,28.98,,0,0,0,66.0,66.4,64.4,0.11,0.18,0.14
CHES,2017-08-21 00:20:00 EDT,43.65390,-73.77736,1089,58.7,60.3,58.7,92.1,56.4,0.000,0.000,0.00,0.000,1.9,2.4,0.3,356,11,2.4,3.3,0.4,358,12,1.9,2.4,0.3,356,11,1,28.98,,0,0,0,66.0,66.4,64.4,0.11,0.18,0.14
CHES,2017-08-21 00:25:00 EDT,43.65390,-73.77736,1089,58.7,61.0,58.7,93.5,56.8,0.000,0.000,0.00,0.000,2.1,2.9,0.4,350,13,2.6,4.5,0.5,351,12,2.1,2.9,0.4,350,13,1,28.99,,0,0,0,66.0,66.4,64.4,0.11,0.18,0.14
CHES,2017-08-21 00:30:00 EDT,43.65390,-73.77736,1089,58.7,62.2,58.7,93.0,56.6,0.000,0.000,0.00,0.000,2.1,2.8,0.4,352,11,2.7,3.6,0.5,353,11,2.1,2.8,0.4,352,11,1,28.99,,0,0,0,65.9,66.4,64.4,0.11,0.18,0.14
CHES,2017-08-21 00:35:00 EDT,43.65390,-73.77736,1089,58.3,62.1,58.3,93.0,56.3,0.000,0.000,0.00,0.000,2.2,2.9,0.4,350,19,2.8,3.7,0.6,350,15,2.2,2.9,0.4,350,19,1,28.99,,0,0,0,65.8,66.4,64.4,0.11,0.18,0.14
CHES,2017-08-21 00:40:00 EDT,43.65390,-73.77736,1089,57.4,59.8,57.4,93.5,55.6,0.000,0.000,0.00,0.000,0.2,1.6,0.4,348,15,0.7,3.1,0.5,35,51,0.2,1.6,0.4,348,15,1,28.99,,0,0,0,65.8,66.4,64.4,0.11,0.18,0.14
CHES,2017-08-21 00:45:00 EDT,43.65390,-73.77736,1089,57.6,59.4,57.6,95.1,56.2,0.000,0.000,0.00,0.000,0.2,1.2,0.3,359,5,0.9,1.6,0.3,353,15,0.2,1.2,0.3,359,5,1,28.99,,0,0,0,65.8,66.4,64.4,0.11,0.18,0.14
CHES,2017-08-21 00:50:00 EDT,43.65390,-73.77736,1089,57.8,59.1,57.8,95.8,56.6,0.000,0.000,0.00,0.000,0.8,1.5,0.5,353,22,1.3,2.2,0.3,349,26,0.8,1.5,0.5,353,22,1,28.99,,0,0,0,65.8,66.4,64.4,0.11,0.18,0.14
CHES,2017-08-21 00:55:00 EDT,43.65390,-73.77736,1089,57.3,58.7,57.3,95.9,56.1,0.000,0.000,0.00,0.000,0.9,1.9,0.6,337,16,1.3,2.4,0.4,337,19,0.9,1.9,0.6,337,16,1,28.99,,0,0,0,65.5,66.4,64.4,0.11,0.18,0.14
CHES,2017-08-21 01:00:00 EDT,43.65390,-73.77736,1089,57.5,58.5,57.5,96.5,56.5,0.000,0.000,0.00,0.000,1.3,2.2,0.6,2,7,1.8,3.5,0.6,0,10,1.3,2.2,0.6,2,7,1,28.99,,0,0,0,65.5,66.4,64.4,0.11,0.18,0.14
CHES,2017-08-21 01:05:00 EDT,43.65390,-73.77736,1089,57.2,59.1,57.2,96.2,56.1,0.000,0.000,0.00,0.000,1.9,2.7,0.3,355,15,2.5,3.9,0.6,357,13,1.9,2.7,0.3,355,15,1,28.99,,0,0,0,65.5,66.4,64.4,0.11,0.18,0.14
CHES,2017-08-21 01:10:00 EDT,43.65390,-73.77736,1089,56.8,59.1,56.8,96.3,55.8,0.000,0.000,0.00,0.000,1.3,1.7,0.2,338,24,1.5,2.3,0.3,340,24,1.3,1.7,0.2,338,24,1,28.99,,0,0,0,65.5,66.4,64.4,0.11,0.18,0.14
CHES,2017-08-21 01:15:00 EDT,43.65390,-73.77736,1089,57.2,59.6,57.2,96.6,56.2,0.000,0.000,0.00,0.000,1.9,3.1,0.5,302,12,2.0,3.6,0.5,303,13,1.9,3.1,0.5,302,12,1,28.99,,0,0,0,65.3,66.4,64.4,0.11,0.18,0.14
CHES,2017-08-21 01:20:00 EDT,43.65390,-73.77736,1089,58.1,61.4,58.1,95.7,56.8,0.000,0.000,0.00,0.000,3.6,4.5,0.5,287,10,3.8,5.2,0.6,286,9,3.6,4.5,0.5,287,10,1,28.99,,0,0,0,65.1,66.4,64.4,0.11,0.18,0.14
CHES,2017-08-21 01:25:00 EDT,43.65390,-73.77736,1089,58.3,61.9,58.3,92.4,56.1,0.000,0.000,0.00,0.000,3.6,5.5,0.7,294,11,3.9,6.3,0.8,293,11,3.6,5.5,0.7,294,11,1,28.99,,0,0,0,65.1,66.4,64.4,0.11,0.18,0.14
CHES,2017-08-21 01:30:00 EDT,43.65390,-73.77736,1089,59.9,62.2,59.9,89.8,56.9,0.000,0.000,0.00,0.000,4.2,5.6,0.6,301,13,4.5,6.2,0.8,300,13,4.2,5.6,0.6,301,13,0,28.99,,0,0,0,65.1,66.4,64.4,0.11,0.18,0.14
CHES,2017-08-21 01:35:00 EDT,43.65390,-73.77736,1089,59.4,61.9,59.4,88.9,56.2,0.000,0.000,0.00,0.000,4.1,5.5,0.5,313,12,4.4,6.5,0.7,312,11,4.1,5.5,0.5,313,12,1,28.99,,0,0,0,65.1,66.4,64.4,0.11,0.18,0.14
CHES,2017-08-21 01:40:00 EDT,43.65390,-73.77736,1089,59.4,61.3,59.4,89.5,56.3,0.000,0.000,0.00,0.000,4.7,6.2,0.6,317,10,5.1,6.7,0.7,315,8,4.7,6.2,0.6,317,10,0,28.99,,0,0,0,64.8,66.4,64.4,0.11,0.18,0.14
CHES,2017-08-21 01:45:00 EDT,43.65390,-73.77736,1089,59.0,61.0,59.0,89.9,56.1,0.000,0.000,0.00,0.000,4.9,6.5,0.6,309,10,5.3,6.8,0.7,308,10,4.9,6.5,0.6,309,10,1,28.99,,0,0,0,64.8,66.4,64.4,0.11,0.18,0.14
CHES,2017-08-21 01:50:00 EDT,43.65390,-73.77736,1089,58.6,60.6,58.6,91.3,56.1,0.000,0.000,0.00,0.000,4.9,5.8,0.5,298,8,5.1,6.4,0.6,297,8,4.9,5.8,0.5,298,8,1,28.99,,0,0,0,64.8,66.4,64.4,0.11,0.18,0.14
CHES,2017-08-21 01:55:00 EDT,43.65390,-73.77736,1089,58.5,60.3,58.5,92.0,56.2,0.000,0.000,0.00,0.000,4.4,5.6,0.5,291,9,4.8,7.2,0.7,288,7,4.4,5.6,0.5,291,9,1,28.99,,0,0,0,64.8,66.4,64.4,0.11,0.18,0.14
CHES,2017-08-21 02:00:00 EDT,43.65390,-73.77736,1089,58.8,60.4,58.8,91.8,56.4,0.000,0.000,0.00,0.000,3.7,5.2,0.6,304,12,3.9,5.8,0.8,303,12,3.7,5.2,0.6,304,12,1,28.99,,0,0,0,64.8,66.4,64.4,0.11,0.18,0.14
CHES,2017-08-21 02:05:00 EDT,43.65390,-73.77736,1089,58.9,60.3,58.9,92.1,56.6,0.000,0.000,0.00,0.000,3.9,4.7,0.5,303,11,4.1,5.5,0.6,303,11,3.9,4.7,0.5,303,11,0,28.99,,0,0,0,64.7,66.4,64.4,0.11,0.18,0.14
CHES,2017-08-21 02:10:00 EDT,43.65390,-73.77736,1089,59.4,60.6,59.4,91.0,56.8,0.000,0.000,0.00,0.000,4.4,5.4,0.4,290,9,4.7,6.1,0.6,288,10,4.4,5.4,0.4,290,9,1,28.99,,0,0,0,64.5,66.4,64.4,0.11,0.18,0.14
CHES,2017-08-21 02:15:00 EDT,43.65390,-73.77736,1089,59.3,60.8,59.3,90.4,56.5,0.000,0.000,0.00,0.000,4.5,5.6,0.4,273,7,4.8,5.9,0.5,271,7,4.5,5.6,0.4,273,7,0,28.99,,0,0,0,64.4,66.4,64.4,0.11,0.18,0.14
CHES,2017-08-21 02:20:00 EDT,43.65390,-73.77736,1089,57.5,60.4,57.5,90.3,54.6,0.000,0.000,0.00,0.000,3.6,4.7,0.5,268,5,3.8,5.0,0.5,266,5,3.6,4.7,0.5,268,5,0,28.99,,0,0,0,64.4,66.4,64.4,0.11,0.18,0.14
CHES,2017-08-21 02:25:00 EDT,43.65390,-73.77736,1089,57.6,60.2,57.6,94.4,56.0,0.000,0.000,0.00,0.000,3.8,5.0,0.4,271,5,4.0,5.3,0.5,268,5,3.8,5.0,0.4,271,5,1,28.99,,0,0,0,64.4,66.4,64.4,0.11,0.18,0.14
CHES,2017-08-21 02:30:00 EDT,43.65390,-73.77736,1089,58.4,60.4,58.4,94.0,56.6,0.000,0.000,0.00,0.000,3.3,4.8,0.6,276,7,3.5,5.5,0.7,274,7,3.3,4.8,0.6,276,7,0,28.99,,0,0,0,64.4,66.4,64.4,0.11,0.18,0.14
CHES,2017-08-21 02:35:00 EDT,43.65390,-73.77736,1089,57.6,60.0,57.6,92.9,55.6,0.000,0.000,0.00,0.000,2.4,3.7,0.5,291,13,2.5,4.2,0.6,291,13,2.4,3.7,0.5,291,13,0,28.99,,0,0,0,64.4,66.4,64.4,0.11,0.18,0.14
CHES,2017-08-21 02:40:00 EDT,43.65390,-73.77736,1089,56.2,58.6,56.2,93.9,54.5,0.000,0.000,0.00,0.000,1.3,2.3,0.8,331,22,1.7,2.9,0.6,340,44,1.3,2.3,0.8,331,22,0,28.99,,0,0,0,64.4,66.4,64.4,0.11,0.18,0.14
CHES,2017-08-21 02:45:00 EDT,43.65390,-73.77736,1089,55.3,57.8,55.3,94.8,53.8,0.000,0.000,0.00,0.000,0.7,2.3,0.7,155,7,1.2,2.5,0.6,141,47,0.7,2.3,0.7,155,7,0,28.99,,0,0,0,64.4,66.4,64.4,0.11,0.18,0.14
CHES,2017-08-21 02:50:00 EDT,43.65390,-73.77736,1089,55.3,57.6,55.3,96.6,54.3,0.000,0.000,0.00,0.000,1.4,2.1,0.6,140,11,1.5,2.4,0.3,129,16,1.4,2.1,0.6,140,11,1,28.99,,0,0,0,64.4,66.4,64.4,0.11,0.18,0.14
CHES,2017-08-21 02:55:00 EDT,43.65390,-73.77736,1089,55.5,57.8,55.5,97.3,54.8,0.000,0.000,0.00,0.000,0.5,1.2,0.5,93,11,1.1,1.7,0.3,82,20,0.5,1.2,0.5,93,11,0,28.99,,0,0,0,64.3,66.4,64.4,0.11,0.18,0.14
CHES,2017-08-21 03:00:00 EDT,43.65390,-73.77736,1089,55.5,57.5,55.5,97.4,54.7,0.000,0.000,0.00,0.000,0.5,1.1,0.4,75,21,1.0,1.4,0.2,72,25,0.5,1.1,0.4,75,21,0,28.99,,0,0,0,64.2,66.4,64.4,0.11,0.18,0.14
CHES,2017-08-21 03:05:00 EDT,43.65390,-73.77736,1089,55.2,56.6,55.2,97.3,54.5,0.000,0.000,0.00,0.000,1.4,1.9,0.3,144,16,1.6,2.3,0.3,139,16,1.4,1.9,0.3,144,16,0,28.99,,0,0,0,64.2,66.4,64.4,0.11,0.18,0.13
CHES,2017-08-21 03:10:00 EDT,43.65390,-73.77736,1089,54.9,56.3,54.9,97.8,54.3,0.000,0.000,0.00,0.000,1.2,1.8,0.3,159,8,1.4,2.0,0.3,153,9,1.2,1.8,0.3,159,8,1,28.99,,0,0,0,64.2,66.4,64.4,0.11,0.18,0.14
CHES,2017-08-21 03:15:00 EDT,43.65390,-73.77736,1089,55.4,56.5,55.4,98.7,55.0,0.000,0.000,0.00,0.000,0.2,0.9,0.3,154,1,0.7,1.5,0.2,141,15,0.2,0.9,0.3,154,1,0,28.99,,0,0,0,64.2,66.4,64.4,0.11,0.18,0.14
CHES,2017-08-21 03:20:00 EDT,43.65390,-73.77736,1089,55.3,56.9,55.3,98.7,55.0,0.000,0.000,0.00,0.000,0.6,2.0,0.6,218,42,1.0,2.3,0.5,210,59,0.6,2.0,0.6,218,42,0,28.99,,0,0,0,64.2,66.4,64.4,0.11,0.18,0.14
CHES,2017-08-21 03:25:00 EDT,43.65390,-73.77736,1089,55.3,57.7,55.3,98.6,54.9,0.000,0.000,0.00,0.000,1.1,2.0,0.4,220,24,1.3,2.2,0.3,211,25,1.1,2.0,0.4,220,24,0,28.99,,0,0,0,64.0,66.4,64.4,0.11,0.18,0.14
CHES,2017-08-21 03:30:00 EDT,43.65390,-73.77736,1089,55.0,57.1,55.0,98.6,54.6,0.000,0.000,0.00,0.000,1.0,1.5,0.4,208,13,1.2,1.9,0.3,205,16,1.0,1.5,0.4,208,13,0,28.99,,0,0,0,63.9,66.4,64.4,0.11,0.18,0.13
CHES,2017-08-21 03:35:00 EDT,43.65390,-73.77736,1089,55.1,57.5,55.1,98.6,54.7,0.000,0.000,0.00,0.000,1.5,2.9,0.4,292,20,1.6,3.3,0.4,293,21,1.5,2.9,0.4,292,20,0,28.99,,0,0,0,63.9,66.4,64.4,0.11,0.18,0.14
CHES,2017-08-21 03:40:00 EDT,43.65390,-73.77736,1089,55.6,58.2,55.6,98.9,55.3,0.000,0.000,0.00,0.000,2.5,3.4,0.4,311,14,2.6,3.7,0.5,311,14,2.5,3.4,0.4,311,14,0,28.99,,0,0,0,63.9,66.4,64.4,0.11,0.18,0.14
CHES,2017-08-21 03:45:00 EDT,43.65390,-73.77736,1089,55.6,58.1,55.6,98.6,55.2,0.000,0.000,0.00,0.000,2.1,3.1,0.5,300,8,2.1,3.4,0.5,301,8,2.1,3.1,0.5,300,8,0,28.99,,0,0,0,63.9,66.4,64.4,0.11,0.18,0.14
CHES,2017-08-21 03:50:00 EDT,43.65390,-73.77736,1089,55.6,57.7,55.6,98.3,55.1,0.000,0.000,0.00,0.000,1.7,2.6,0.3,284,6,1.8,2.8,0.3,285,9,1.7,2.6,0.3,284,6,0,28.99,,0,0,0,63.8,66.3,64.4,0.11,0.18,0.14
CHES,2017-08-21 03:55:00 EDT,43.65390,-73.77736,1089,55.7,57.6,55.7,98.6,55.3,0.000,0.000,0.00,0.000,1.2,1.6,0.2,318,9,1.3,1.9,0.2,321,12,1.2,1.6,0.2,318,9,0,28.99,,0,0,0,63.5,66.3,64.4,0.11,0.18,0.14
CHES,2017-08-21 04:00:00 EDT,43.65390,-73.77736,1089,55.8,58.2,55.8,98.4,55.4,0.000,0.000,0.00,0.000,1.6,2.2,0.3,278,9,1.7,2.4,0.3,277,10,1.6,2.2,0.3,278,9,0,28.99,,0,0,0,63.5,66.3,64.4,0.11,0.18,0.14
CHES,2017-08-21 04:05:00 EDT,43.65390,-73.77736,1089,55.9,58.1,55.9,98.4,55.5,0.000,0.000,0.00,0.000,1.6,2.3,0.2,294,13,1.7,2.7,0.3,293,14,1.6,2.3,0.2,294,13,0,28.99,,0,0,0,63.5,66.2,64.4,0.11,0.18,0.14
CHES,2017-08-21 04:10:00 EDT,43.65390,-73.77736,1089,56.2,59.5,56.2,98.1,55.7,0.000,0.000,0.00,0.000,2.5,3.4,0.3,284,7,2.6,3.7,0.3,284,9,2.5,3.4,0.3,284,7,0,28.99,,0,0,0,63.5,66.1,64.4,0.11,0.18,0.14
CHES,2017-08-21 04:15:00 EDT,43.65390,-73.77736,1089,56.1,59.4,56.1,97.6,55.5,0.000,0.000,0.00,0.000,1.9,3.3,0.5,284,8,2.0,3.6,0.6,283,10,1.9,3.3,0.5,284,8,0,28.99,,0,0,0,63.4,66.1,64.4,0.11,0.18,0.14
CHES,2017-08-21 04:20:00 EDT,43.65390,-73.77736,1089,55.2,58.3,55.2,97.2,54.5,0.000,0.000,0.00,0.000,0.9,2.0,0.6,75,48,1.4,2.6,0.5,54,53,0.9,2.0,0.6,75,48,0,28.99,,0,0,0,63.2,66.1,64.4,0.11,0.18,0.13
CHES,2017-08-21 04:25:00 EDT,43.65390,-73.77736,1089,54.8,57.3,54.8,97.1,54.0,0.000,0.000,0.00,0.000,1.6,2.1,0.3,133,30,1.8,2.7,0.4,128,31,1.6,2.1,0.3,133,30,0,28.99,,0,0,0,63.1,66.0,64.4,0.11,0.18,0.14
CHES,2017-08-21 04:30:00 EDT,43.65390,-73.77736,1089,54.7,56.8,54.7,97.0,53.9,0.000,0.000,0.00,0.000,2.3,3.1,0.5,150,8,2.3,3.1,0.5,143,8,2.3,3.1,0.5,150,8,0,29.00,,0,0,0,63.1,66.0,64.4,0.11,0.18,0.14
CHES,2017-08-21 04:35:00 EDT,43.65390,-73.77736,1089,54.8,56.5,54.8,98.3,54.3,0.000,0.000,0.00,0.000,2.0,3.0,0.6,98,10,2.3,3.3,0.6,94,10,2.0,3.0,0.6,98,10,0,28.99,,0,0,0,63.1,66.0,64.4,0.11,0.18,0.14
CHES,2017-08-21 04:40:00 EDT,43.65390,-73.77736,1089,54.6,57.1,54.6,98.2,54.2,0.000,0.000,0.00,0.000,2.1,2.6,0.2,77,11,2.4,3.1,0.4,71,12,2.1,2.6,0.2,77,11,0,28.99,,0,0,0,63.1,66.0,64.4,0.11,0.18,0.14
CHES,2017-08-21 04:45:00 EDT,43.65390,-73.77736,1089,54.6,57.1,54.6,98.4,54.2,0.000,0.000,0.00,0.000,1.7,2.4,0.3,99,10,2.0,2.9,0.4,95,11,1.7,2.4,0.3,99,10,0,29.00,,0,0,0,63.1,66.0,64.4,0.11,0.18,0.14
CHES,2017-08-21 04:50:00 EDT,43.65390,-73.77736,1089,55.0,57.0,55.0,98.6,54.6,0.000,0.000,0.00,0.000,2.2,2.9,0.4,88,5,2.6,3.2,0.4,82,6,2.2,2.9,0.4,88,5,0,28.99,,0,0,0,63.1,66.0,64.4,0.11,0.18,0.14
CHES,2017-08-21 04:55:00 EDT,43.65390,-73.77736,1089,54.9,56.9,54.9,98.5,54.5,0.000,0.000,0.00,0.000,1.0,1.5,0.3,108,7,1.3,1.9,0.3,98,13,1.0,1.5,0.3,108,7,0,28.99,,0,0,0,63.0,66.0,64.4,0.11,0.18,0.14
CHES,2017-08-21 05:00:00 EDT,43.65390,-73.77736,1089,54.8,56.3,54.8,98.5,54.4,0.000,0.000,0.00,0.000,0.0,0.0,0.0,0,0,0.7,1.0,0.2,105,31,0.0,0.0,0.0,0,0,0,28.99,,0,0,0,63.0,66.0,64.4,0.11,0.18,0.14
CHES,2017-08-21 05:05:00 EDT,43.65390,-73.77736,1089,55.0,56.2,55.0,98.8,54.6,0.000,0.000,0.00,0.000,0.4,0.9,0.3,162,17,1.0,1.2,0.1,155,24,0.4,0.9,0.3,162,17,0,29.00,,0,0,0,63.0,66.0,64.4,0.11,0.18,0.14
CHES,2017-08-21 05:10:00 EDT,43.65390,-73.77736,1089,54.9,56.3,54.9,98.9,54.6,0.000,0.000,0.00,0.000,0.7,1.8,0.6,110,6,1.1,2.1,0.5,109,12,0.7,1.8,0.6,110,6,0,29.00,,0,0,0,63.0,66.0,64.4,0.11,0.18,0.14
CHES,2017-08-21 05:15:00 EDT,43.65390,-73.77736,1089,54.6,56.3,54.6,98.9,54.3,0.000,0.000,0.00,0.000,1.5,1.8,0.2,148,18,1.6,2.0,0.2,145,17,1.5,1.8,0.2,148,18,0,29.00,,0,0,0,63.0,66.0,64.4,0.11,0.18,0.14
CHES,2017-08-21 05:20:00 EDT,43.65390,-73.77736,1089,54.4,55.5,54.4,98.9,54.1,0.000,0.000,0.00,0.000,1.6,2.3,0.3,162,10,1.7,2.3,0.3,156,14,1.6,2.3,0.3,162,10,0,29.00,,0,0,0,63.0,66.0,64.4,0.11,0.18,0.14
CHES,2017-08-21 05:25:00 EDT,43.65390,-73.77736,1089,54.6,56.0,54.6,99.0,54.4,0.000,0.000,0.00,0.000,1.9,2.6,0.4,151,10,2.0,2.5,0.3,147,10,1.9,2.6,0.4,151,10,0,29.00,,0,0,0,62.9,66.0,64.4,0.11,0.18,0.13
CHES,2017-08-21 05:30:00 EDT,43.65390,-73.77736,1089,54.4,55.4,54.4,99.0,54.2,0.000,0.000,0.00,0.000,1.4,1.9,0.2,132,24,1.6,2.3,0.3,125,21,1.4,1.9,0.2,132,24,0,29.00,,0,0,0,62.8,66.0,64.4,0.11,0.18,0.14
CHES,2017-08-21 05:35:00 EDT,43.65390,-73.77736,1089,54.4,56.7,54.4,99.0,54.1,0.000,0.000,0.00,0.000,2.3,3.6,0.6,96,11,2.6,4.1,0.7,92,11,2.3,3.6,0.6,96,11,0,29.00,,0,0,0,62.6,66.0,64.4,0.11,0.18,0.14
CHES,2017-08-21 05:40:00 EDT,43.65390,-73.77736,1089,54.7,56.9,54.7,99.0,54.4,0.000,0.000,0.00,0.000,2.3,3.7,0.6,83,15,2.6,4.7,0.7,77,15,2.3,3.7,0.6,83,15,0,29.00,,0,0,0,62.6,66.0,64.4,0.11,0.18,0.14
CHES,2017-08-21 05:45:00 EDT,43.65390,-73.77736,1089,54.6,56.4,54.6,98.8,54.3,0.000,0.000,0.00,0.000,1.5,3.1,0.5,91,12,1.8,3.4,0.6,86,11,1.5,3.1,0.5,91,12,1,29.00,,0,0,0,62.6,66.0,64.4,0.11,0.18,0.14
CHES,2017-08-21 05:50:00 EDT,43.65390,-73.77736,1089,54.4,55.7,54.4,98.7,54.0,0.000,0.000,0.00,0.000,1.5,2.2,0.3,123,16,1.6,2.5,0.4,120,18,1.5,2.2,0.3,123,16,1,29.00,,0,0,0,62.6,66.0,64.4,0.11,0.18,0.13
CHES,2017-08-21 05:55:00 EDT,43.65390,-73.77736,1089,54.6,56.0,54.6,98.9,54.3,0.000,0.000,0.00,0.000,1.9,2.6,0.3,162,11,2.1,2.8,0.3,157,11,1.9,2.6,0.3,162,11,1,29.01,,0,0,0,62.6,66.0,64.4,0.11,0.18,0.13
CHES,2017-08-21 06:00:00 EDT,43.65390,-73.77736,1089,53.9,56.3,53.9,98.8,53.5,0.000,0.000,0.00,0.000,2.4,3.1,0.6,138,4,2.5,3.3,0.7,133,3,2.4,3.1,0.6,138,4,3,29.01,,0,0,0,62.6,66.0,64.4,0.11,0.18,0.14
CHES,2017-08-21 06:05:00 EDT,43.65390,-73.77736,1089,54.1,56.1,54.1,98.9,53.8,0.000,0.000,0.00,0.000,1.4,1.9,0.2,96,19,1.7,2.5,0.2,89,18,1.4,1.9,0.2,96,19,6,29.01,,0,0,0,62.6,66.0,64.4,0.11,0.18,0.14
CHES,2017-08-21 06:10:00 EDT,43.65390,-73.77736,1089,54.4,56.9,54.4,99.1,54.1,0.000,0.000,0.00,0.000,1.7,2.0,0.1,122,23,1.8,2.4,0.2,115,23,1.7,2.0,0.1,122,23,5,29.01,,0,0,0,62.6,66.0,64.4,0.11,0.18,0.13
CHES,2017-08-21 06:15:00 EDT,43.65390,-73.77736,1089,54.4,56.6,54.4,99.0,54.1,0.000,0.000,0.00,0.000,1.7,2.0,0.2,145,4,1.7,2.2,0.2,141,7,1.7,2.0,0.2,145,4,7,29.01,,0,0,0,62.6,66.0,64.4,0.11,0.18,0.14
CHES,2017-08-21 06:20:00 EDT,43.65390,-73.77736,1089,54.4,56.5,54.4,99.1,54.2,0.000,0.000,0.00,0.000,1.5,1.8,0.2,168,10,1.7,2.1,0.2,165,13,1.5,1.8,0.2,168,10,12,29.01,,0,0,0,62.4,66.0,64.4,0.11,0.18,0.13
CHES,2017-08-21 06:25:00 EDT,43.65390,-73.77736,1089,54.3,56.7,54.3,99.1,54.1,0.000,0.000,0.00,0.000,1.5,1.8,0.2,123,16,1.7,2.2,0.2,115,16,1.5,1.8,0.2,123,16,17,29.01,,0,0,0,62.3,66.0,64.4,0.11,0.18,0.13
CHES,2017-08-21 06:30:00 EDT,43.65390,-73.77736,1089,54.7,57.0,54.7,99.2,54.5,0.000,0.000,0.00,0.000,1.0,1.9,0.4,141,13,1.1,2.0,0.3,136,12,1.0,1.9,0.4,141,13,23,29.01,,0,0,0,62.2,66.0,64.4,0.11,0.18,0.13
CHES,2017-08-21 06:35:00 EDT,43.65390,-73.77736,1089,54.7,56.6,54.7,99.2,54.5,0.000,0.000,0.00,0.000,1.1,2.0,0.5,104,18,1.4,2.3,0.4,94,15,1.1,2.0,0.5,104,18,29,29.01,,0,0,0,62.2,66.0,64.4,0.11,0.18,0.14
CHES,2017-08-21 06:40:00 EDT,43.65390,-73.77736,1089,54.7,56.2,54.7,99.1,54.4,0.000,0.000,0.00,0.000,1.4,2.0,0.6,106,9,1.6,2.6,0.5,102,11,1.4,2.0,0.6,106,9,33,29.01,,0,0,0,62.2,66.0,64.4,0.11,0.18,0.13
CHES,2017-08-21 06:45:00 EDT,43.65390,-73.77736,1089,54.8,56.0,54.8,99.0,54.5,0.000,0.000,0.00,0.000,1.1,2.3,0.7,101,10,1.4,2.8,0.6,91,14,1.1,2.3,0.7,101,10,40,29.01,,0,0,0,62.2,66.0,64.4,0.11,0.18,0.14
CHES,2017-08-21 06:50:00 EDT,43.65390,-73.77736,1089,54.9,56.3,54.9,98.8,54.5,0.000,0.000,0.00,0.000,2.0,3.0,0.4,119,10,2.1,3.3,0.4,117,11,2.0,3.0,0.4,119,10,56,29.00,,0,0,0,62.2,66.0,64.4,0.11,0.18,0.14
CHES,2017-08-21 06:55:00 EDT,43.65390,-73.77736,1089,55.2,56.7,55.2,98.6,54.8,0.000,0.000,0.00,0.000,1.5,2.0,0.2,126,9,1.6,2.2,0.3,122,10,1.5,2.0,0.2,126,9,68,29.00,,0,0,0,62.2,66.0,64.4,0.11,0.18,0.14
CHES,2017-08-21 07:00:00 EDT,43.65390,-73.77736,1089,55.7,56.8,55.7,98.2,55.2,0.000,0.000,0.00,0.000,1.5,2.3,0.3,121,5,1.6,2.3,0.3,115,7,1.5,2.3,0.3,121,5,79,29.00,,0,0,0,62.2,66.0,64.4,0.11,0.18,0.14
CHES,2017-08-21 07:05:00 EDT,43.65390,-73.77736,1089,56.0,57.1,56.0,97.6,55.3,0.000,0.000,0.00,0.000,1.8,2.7,0.4,134,10,1.8,2.6,0.3,131,9,1.8,2.7,0.4,134,10,81,29.01,,0,0,0,62.2,66.0,64.4,0.11,0.18,0.13
CHES,2017-08-21 07:10:00 EDT,43.65390,-73.77736,1089,56.3,57.6,56.3,97.1,55.5,0.000,0.000,0.00,0.000,2.6,3.2,0.4,134,6,2.4,3.5,0.4,130,6,2.6,3.2,0.4,134,6,89,29.01,,0,0,0,62.2,66.0,64.4,0.11,0.18,0.14
CHES,2017-08-21 07:15:00 EDT,43.65390,-73.77736,1089,56.8,58.3,56.8,97.0,56.0,0.000,0.000,0.00,0.000,2.2,3.5,0.5,133,11,2.2,3.5,0.5,128,9,2.2,3.5,0.5,133,11,144,29.01,,0,0,0,62.2,65.9,64.4,0.11,0.18,0.13
CHES,2017-08-21 07:20:00 EDT,43.65390,-73.77736,1089,58.0,58.9,58.0,97.2,57.2,0.000,0.000,0.00,0.000,1.5,2.5,0.6,147,9,1.5,2.5,0.5,142,17,1.5,2.5,0.6,147,9,178,29.01,,0,0,0,62.2,65.9,64.4,0.11,0.18,0.14
CHES,2017-08-21 07:25:00 EDT,43.65390,-73.77736,1089,58.9,58.9,58.9,95.6,57.6,0.000,0.000,0.00,0.000,0.5,1.5,0.6,327,8,1.1,2.2,0.4,322,22,0.5,1.5,0.6,327,8,185,29.01,,0,0,0,62.2,65.9,64.4,0.11,0.18,0.13
CHES,2017-08-21 07:30:00 EDT,43.65390,-73.77736,1089,59.1,58.9,59.1,95.0,57.6,0.000,0.000,0.00,0.000,1.2,1.6,0.2,346,13,1.7,2.5,0.3,347,15,1.2,1.6,0.2,346,13,175,29.01,,0,0,0,62.2,65.9,64.4,0.11,0.18,0.14
CHES,2017-08-21 07:35:00 EDT,43.65390,-73.77736,1089,58.6,58.6,58.6,93.6,56.7,0.000,0.000,0.00,0.000,1.9,2.5,0.4,306,8,1.9,2.6,0.5,306,8,1.9,2.5,0.4,306,8,196,29.01,,0,0,0,62.2,65.9,64.4,0.11,0.18,0.14
CHES,2017-08-21 07:40:00 EDT,43.65390,-73.77736,1089,58.9,58.7,58.9,94.3,57.3,0.000,0.000,0.00,0.000,2.1,2.6,0.2,304,6,2.0,2.6,0.2,304,5,2.1,2.6,0.2,304,6,198,29.01,,0,0,0,62.3,65.8,64.4,0.11,0.18,0.14
CHES,2017-08-21 07:45:00 EDT,43.65390,-73.77736,1089,59.1,59.0,59.1,93.1,57.1,0.000,0.000,0.00,0.000,1.3,2.1,0.5,290,11,1.5,2.3,0.4,289,14,1.3,2.1,0.5,290,11,194,29.01,,0,0,0,62.5,65.8,64.4,0.11,0.18,0.14
CHES,2017-08-21 07:50:00 EDT,43.65390,-73.77736,1089,59.5,59.4,59.5,92.8,57.5,0.000,0.000,0.00,0.000,1.3,1.8,0.2,327,16,1.6,2.3,0.3,332,18,1.3,1.8,0.2,327,16,195,29.01,,0,0,0,62.6,65.8,64.4,0.11,0.18,0.13
CHES,2017-08-21 07:55:00 EDT,43.65390,-73.77736,1089,60.2,60.0,60.2,92.3,57.9,0.000,0.000,0.00,0.000,0.5,1.6,0.5,22,11,1.1,1.8,0.3,20,16,0.5,1.6,0.5,22,11,256,29.01,,0,0,0,62.6,65.8,64.4,0.11,0.18,0.13
CHES,2017-08-21 08:00:00 EDT,43.65390,-73.77736,1089,60.7,60.5,60.7,90.1,57.8,0.000,0.000,0.00,0.000,0.2,1.1,0.4,65,12,0.9,1.5,0.3,28,33,0.2,1.1,0.4,65,12,264,29.01,,0,0,0,62.6,65.8,64.4,0.11,0.18,0.13
CHES,2017-08-21 08:05:00 EDT,43.65390,-73.77736,1089,61.8,61.0,61.8,86.8,57.8,0.000,0.000,0.00,0.000,0.8,1.6,0.5,61,13,1.1,2.0,0.3,58,14,0.8,1.6,0.5,61,13,313,29.01,,0,0,0,62.6,65.8,64.4,0.11,0.18,0.13
CHES,2017-08-21 08:10:00 EDT,43.65390,-73.77736,1089,62.3,61.2,62.3,86.5,58.2,0.000,0.000,0.00,0.000,1.3,2.7,0.6,73,17,1.7,3.4,0.6,70,18,1.3,2.7,0.6,73,17,322,29.01,,0,0,0,62.7,65.8,64.4,0.11,0.18,0.13
CHES,2017-08-21 08:15:00 EDT,43.65390,-73.77736,1089,63.0,61.8,63.0,86.1,58.8,0.000,0.000,0.00,0.000,1.6,2.8,0.5,96,15,1.9,3.1,0.5,90,16,1.6,2.8,0.5,96,15,241,29.01,,0,0,0,62.9,65.8,64.4,0.11,0.18,0.13
CHES,2017-08-21 08:20:00 EDT,43.65390,-73.77736,1089,63.1,62.1,63.1,86.7,59.0,0.000,0.000,0.00,0.000,1.7,2.7,0.7,97,11,2.0,3.5,0.6,93,12,1.7,2.7,0.7,97,11,172,29.01,,0,0,0,63.0,65.8,64.4,0.11,0.18,0.13
CHES,2017-08-21 08:25:00 EDT,43.65390,-73.77736,1089,63.2,62.2,63.2,87.5,59.4,0.000,0.000,0.00,0.000,1.5,2.7,0.4,69,12,1.7,2.7,0.4,64,13,1.5,2.7,0.4,69,12,211,29.01,,0,0,0,63.0,65.8,64.4,0.11,0.18,0.13
CHES,2017-08-21 08:30:00 EDT,43.65390,-73.77736,1089,63.4,62.5,63.4,86.2,59.2,0.000,0.000,0.00,0.000,0.9,2.1,0.7,97,13,1.4,2.8,0.6,94,19,0.9,2.1,0.7,97,13,248,29.01,,0,0,0,63.0,65.8,64.4,0.11,0.18,0.13
CHES,2017-08-21 08:35:00 EDT,43.65390,-73.77736,1089,64.0,63.0,64.0,85.4,59.5,0.000,0.000,0.00,0.000,1.1,2.0,0.6,106,11,1.5,2.4,0.6,103,16,1.1,2.0,0.6,106,11,269,29.00,,0,0,0,63.1,65.8,64.4,0.11,0.18,0.13
CHES,2017-08-21 08:40:00 EDT,43.65390,-73.77736,1089,63.9,63.7,63.9,82.2,58.4,0.000,0.000,0.00,0.000,0.5,1.5,0.5,154,16,1.1,2.1,0.4,150,28,0.5,1.5,0.5,154,16,362,29.01,,0,0,0,63.1,65.8,64.4,0.11,0.18,0.13
CHES,2017-08-21 08:45:00 EDT,43.65390,-73.77736,1089,64.3,64.2,64.3,80.9,58.3,0.000,0.000,0.00,0.000,0.1,1.0,0.2,155,9,0.7,1.3,0.3,170,74,0.1,1.0,0.2,155,9,398,29.01,,0,0,0,63.1,65.8,64.4,0.11,0.18,0.14
CHES,2017-08-21 08:50:00 EDT,43.65390,-73.77736,1089,65.6,65.4,65.6,79.8,59.2,0.000,0.000,0.00,0.000,0.7,1.8,0.5,152,24,1.3,2.7,0.5,150,30,0.7,1.8,0.5,152,24,433,29.00,,0,0,0,63.1,65.8,64.4,0.11,0.18,0.13
CHES,2017-08-21 08:55:00 EDT,43.65390,-73.77736,1089,66.7,65.7,66.7,77.8,59.6,0.000,0.000,0.00,0.000,0.5,2.4,0.6,127,25,1.1,3.1,0.6,121,34,0.5,2.4,0.6,127,25,459,29.00,,0,0,0,63.3,65.8,64.4,0.11,0.18,0.14
CHES,2017-08-21 09:00:00 EDT,43.65390,-73.77736,1089,67.4,66.7,67.4,75.6,59.4,0.000,0.000,0.00,0.000,1.6,2.9,0.8,133,12,1.7,3.0,0.7,125,13,1.6,2.9,0.8,133,12,483,29.00,,0,0,0,63.5,65.8,64.4,0.11,0.18,0.13
CHES,2017-08-21 09:05:00 EDT,43.65390,-73.77736,1089,67.7,67.1,67.7,76.8,60.2,0.000,0.000,0.00,0.000,1.4,3.1,1.1,131,7,1.9,4.0,0.7,126,20,1.4,3.1,1.1,131,7,465,29.00,,0,0,0,63.5,65.8,64.4,0.11,0.18,0.13
CHES,2017-08-21 09:10:00 EDT,43.65390,-73.77736,1089,67.9,67.3,67.9,75.7,59.9,0.000,0.000,0.00,0.000,1.1,2.3,0.8,124,12,1.5,2.9,0.6,121,30,1.1,2.3,0.8,124,12,472,29.00,,0,0,0,63.5,65.8,64.4,0.11,0.18,0.14
CHES,2017-08-21 09:15:00 EDT,43.65390,-73.77736,1089,68.7,67.6,68.7,75.3,60.6,0.000,0.000,0.00,0.000,2.1,3.6,1.0,124,28,2.3,4.2,0.8,114,31,2.1,3.6,1.0,124,28,515,29.00,,0,0,0,63.8,65.8,64.4,0.11,0.18,0.14
CHES,2017-08-21 09:20:00 EDT,43.65390,-73.77736,1089,68.8,67.7,68.8,74.7,60.5,0.000,0.000,0.00,0.000,0.9,2.5,0.7,116,22,1.4,3.6,0.6,101,30,0.9,2.5,0.7,116,22,472,29.00,,0,0,0,63.9,65.8,64.4,0.11,0.18,0.14
CHES,2017-08-21 09:25:00 EDT,43.65390,-73.77736,1089,69.0,68.1,69.0,74.6,60.6,0.000,0.000,0.00,0.000,1.0,2.3,0.8,145,20,1.4,2.6,0.6,127,28,1.0,2.3,0.8,145,20,459,29.00,,0,0,0,63.9,65.8,64.4,0.11,0.18,0.13
CHES,2017-08-21 09:30:00 EDT,43.65390,-73.77736,1089,69.3,68.2,69.3,73.7,60.5,0.000,0.000,0.00,0.000,1.1,2.6,0.8,110,17,1.7,3.4,0.7,102,24,1.1,2.6,0.8,110,17,422,29.00,,0,0,0,64.2,65.8,64.4,0.11,0.18,0.14
CHES,2017-08-21 09:35:00 EDT,43.65390,-73.77736,1089,69.4,68.5,69.4,74.7,61.0,0.000,0.000,0.00,0.000,1.2,3.0,0.8,146,26,1.5,3.2,0.6,138,32,1.2,3.0,0.8,146,26,541,29.00,,0,0,0,64.2,65.8,64.4,0.11,0.18,0.13
CHES,2017-08-21 09:40:00 EDT,43.65390,-73.77736,1089,70.4,68.9,70.4,73.6,61.5,0.000,0.000,0.00,0.000,1.2,3.1,0.7,75,40,1.7,3.7,0.8,67,41,1.2,3.1,0.7,75,40,607,29.00,,0,0,0,64.4,65.8,64.4,0.11,0.18,0.13
CHES,2017-08-21 09:45:00 EDT,43.65390,-73.77736,1089,70.6,70.1,70.6,73.0,61.5,0.000,0.000,0.00,0.000,2.0,3.5,0.8,160,19,2.3,4.5,0.8,155,22,2.0,3.5,0.8,160,19,646,29.00,,0,0,0,64.4,65.8,64.4,0.11,0.18,0.13
CHES,2017-08-21 09:50:00 EDT,43.65390,-73.77736,1089,71.8,70.7,71.8,71.8,62.2,0.000,0.000,0.00,0.000,2.8,5.4,1.3,141,12,2.9,6.7,1.4,136,13,2.8,5.4,1.3,141,12,581,29.00,,0,0,0,64.7,65.8,64.4,0.11,0.18,0.13
CHES,2017-08-21 09:55:00 EDT,43.65390,-73.77736,1089,71.9,70.9,71.9,70.6,61.8,0.000,0.000,0.00,0.000,2.9,5.3,1.2,152,22,3.2,5.9,1.6,147,23,2.9,5.3,1.2,152,22,506,28.99,,0,0,0,64.9,65.8,64.4,0.11,0.18,0.13
CHES,2017-08-21 10:00:00 EDT,43.65390,-73.77736,1089,71.8,71.1,71.8,70.0,61.5,0.000,0.000,0.00,0.000,0.5,2.9,0.8,128,22,1.2,4.1,0.8,128,42,0.5,2.9,0.8,128,22,421,29.00,,0,0,0,65.1,65.8,64.4,0.11,0.18,0.13
CHES,2017-08-21 10:05:00 EDT,43.65390,-73.77736,1089,72.5,71.2,72.5,70.9,62.5,0.000,0.000,0.00,0.000,2.0,3.7,0.9,124,21,2.2,4.4,0.9,116,21,2.0,3.7,0.9,124,21,544,29.00,,0,0,0,65.4,65.8,64.4,0.11,0.18,0.13
CHES,2017-08-21 10:10:00 EDT,43.65390,-73.77736,1089,72.5,71.5,72.5,71.2,62.7,0.000,0.000,0.00,0.000,1.3,3.4,1.2,159,48,1.8,4.6,1.0,144,57,1.3,3.4,1.2,159,48,617,29.00,,0,0,0,65.6,65.8,64.4,0.11,0.18,0.13
CHES,2017-08-21 10:15:00 EDT,43.65390,-73.77736,1089,73.1,72.2,73.1,70.5,62.9,0.000,0.000,0.00,0.000,3.2,5.4,1.3,152,20,3.5,6.4,1.3,148,22,3.2,5.4,1.3,152,20,594,29.00,,0,0,0,65.8,65.8,64.4,0.11,0.18,0.13
CHES,2017-08-21 10:20:00 EDT,43.65390,-73.77736,1089,73.0,72.1,73.0,70.1,62.7,0.000,0.000,0.00,0.000,2.5,5.6,1.3,146,31,2.7,7.8,1.5,140,37,2.5,5.6,1.3,146,31,573,29.00,,0,0,0,66.0,65.8,64.4,0.11,0.18,0.13
CHES,2017-08-21 10:25:00 EDT,43.65390,-73.77736,1089,73.8,72.7,73.8,71.0,63.8,0.000,0.000,0.00,0.000,1.1,3.1,0.9,130,28,1.7,4.0,0.9,130,34,1.1,3.1,0.9,130,28,629,29.00,,0,0,0,66.1,65.8,64.4,0.11,0.18,0.13
CHES,2017-08-21 10:30:00 EDT,43.65390,-73.77736,1089,74.4,73.3,74.4,70.3,64.1,0.000,0.000,0.00,0.000,2.1,4.7,1.1,146,22,2.4,6.0,1.1,139,23,2.1,4.7,1.1,146,22,487,29.00,,0,0,0,66.4,65.8,64.4,0.11,0.18,0.13
CHES,2017-08-21 10:35:00 EDT,43.65390,-73.77736,1089,73.9,73.3,73.9,70.8,63.8,0.000,0.000,0.00,0.000,2.8,4.7,0.9,172,18,3.2,5.0,0.9,166,18,2.8,4.7,0.9,172,18,428,29.00,,0,0,0,66.6,65.8,64.4,0.11,0.18,0.13
CHES,2017-08-21 10:40:00 EDT,43.65390,-73.77736,1089,74.6,73.6,74.6,70.9,64.5,0.000,0.000,0.00,0.000,2.2,3.9,0.8,155,21,2.6,4.8,0.9,153,21,2.2,3.9,0.8,155,21,589,29.00,,0,0,0,66.7,65.8,64.4,0.11,0.18,0.13
CHES,2017-08-21 10:45:00 EDT,43.65390,-73.77736,1089,74.8,74.0,74.8,67.5,63.3,0.000,0.000,0.00,0.000,3.7,6.6,1.2,189,23,4.2,7.7,1.4,185,20,3.7,6.6,1.2,189,23,656,29.00,,0,0,0,67.0,65.8,64.4,0.11,0.18,0.13
CHES,2017-08-21 10:50:00 EDT,43.65390,-73.77736,1089,74.7,74.0,74.7,66.2,62.7,0.000,0.000,0.00,0.000,4.3,7.5,1.6,217,20,4.7,8.1,1.5,212,21,4.3,7.5,1.6,217,20,388,29.00,,0,0,0,67.1,65.8,64.4,0.11,0.18,0.13
CHES,2017-08-21 10:55:00 EDT,43.65390,-73.77736,1089,75.3,74.3,75.3,66.8,63.5,0.000,0.000,0.00,0.000,4.6,8.5,1.9,177,24,5.1,9.0,2.1,174,25,4.6,8.5,1.9,177,24,699,29.00,,0,0,0,67.4,65.8,64.4,0.11,0.18,0.13
CHES,2017-08-21 11:00:00 EDT,43.65390,-73.77736,1089,75.8,74.8,75.8,65.4,63.4,0.000,0.000,0.00,0.000,5.2,9.9,1.7,179,14,5.8,11.3,2.1,175,14,5.2,9.9,1.7,179,14,723,29.00,,0,0,0,67.6,65.8,64.4,0.11,0.18,0.13
CHES,2017-08-21 11:05:00 EDT,43.65390,-73.77736,1089,76.4,75.4,76.4,63.1,62.9,0.000,0.000,0.00,0.000,5.2,8.3,1.4,185,19,5.7,9.0,1.5,181,18,5.2,8.3,1.4,185,19,605,29.00,,0,0,0,67.8,65.7,64.4,0.11,0.18,0.13
CHES,2017-08-21 11:10:00 EDT,43.65390,-73.77736,1089,76.7,75.5,76.7,63.8,63.6,0.000,0.000,0.00,0.000,4.1,8.2,1.7,185,30,4.9,9.2,1.8,182,28,4.1,8.2,1.7,185,30,721,29.00,,0,0,0,68.0,65.6,64.4,0.11,0.18,0.13
CHES,2017-08-21 11:15:00 EDT,43.65390,-73.77736,1089,76.4,75.5,76.4,62.3,62.5,0.000,0.000,0.00,0.000,6.1,9.7,1.5,196,12,6.6,10.4,1.6,192,10,6.1,9.7,1.5,196,12,558,28.99,,0,0,0,68.2,65.5,64.4,0.11,0.18,0.13
CHES,2017-08-21 11:20:00 EDT,43.65390,-73.77736,1089,75.5,75.0,75.5,63.2,62.1,0.000,0.000,0.00,0.000,6.3,11.2,2.0,194,16,6.8,12.8,2.2,190,15,6.3,11.2,2.0,194,16,557,28.99,,0,0,0,68.5,65.5,64.4,0.11,0.17,0.13
CHES,2017-08-21 11:25:00 EDT,43.65390,-73.77736,1089,76.4,75.5,76.4,60.8,61.9,0.000,0.000,0.00,0.000,6.2,12.7,1.9,212,21,6.6,13.7,1.9,208,22,6.2,12.7,1.9,212,21,678,28.99,,0,0,0,68.5,65.5,64.4,0.11,0.18,0.14
CHES,2017-08-21 11:30:00 EDT,43.65390,-73.77736,1089,77.2,76.3,77.2,58.6,61.6,0.000,0.000,0.00,0.000,4.8,9.9,2.3,244,20,5.3,10.4,2.3,240,22,4.8,9.9,2.3,244,20,699,28.99,,0,0,0,68.8,65.5,64.4,0.11,0.18,0.13
CHES,2017-08-21 11:35:00 EDT,43.65390,-73.77736,1089,77.6,76.6,77.6,58.3,61.8,0.000,0.000,0.00,0.000,7.6,15.0,2.5,231,25,8.1,16.2,2.8,229,25,7.6,15.0,2.5,231,25,761,28.99,,0,0,0,68.9,65.5,64.4,0.11,0.17,0.13
CHES,2017-08-21 11:40:00 EDT,43.65390,-73.77736,1089,77.3,76.2,77.3,58.6,61.7,0.000,0.000,0.00,0.000,8.0,11.8,1.7,191,15,8.5,12.1,1.7,187,14,8.0,11.8,1.7,191,15,768,28.98,,0,0,0,69.0,65.5,64.4,0.11,0.18,0.13
CHES,2017-08-21 11:45:00 EDT,43.65390,-73.77736,1089,77.8,76.9,77.8,54.0,59.8,0.000,0.000,0.00,0.000,9.1,13.7,2.2,243,14,9.3,14.2,2.2,241,12,9.1,13.7,2.2,243,14,769,28.98,,0,0,0,69.3,65.5,64.4,0.11,0.17,0.13
CHES,2017-08-21 11:50:00 EDT,43.65390,-73.77736,1089,77.9,77.0,77.9,52.0,58.9,0.000,0.000,0.00,0.000,8.6,12.9,2.0,215,13,9.2,15.2,2.0,211,13,8.6,12.9,2.0,215,13,776,28.98,,0,0,0,69.3,65.5,64.4,0.11,0.18,0.13
CHES,2017-08-21 11:55:00 EDT,43.65390,-73.77736,1089,78.1,77.3,78.1,51.4,58.8,0.000,0.000,0.00,0.000,6.7,13.3,2.3,231,16,7.0,12.2,2.4,228,15,6.7,13.3,2.3,231,16,777,28.98,,0,0,0,69.5,65.5,64.4,0.11,0.17,0.13
CHES,2017-08-21 12:00:00 EDT,43.65390,-73.77736,1089,78.4,77.4,78.4,51.3,59.0,0.000,0.000,0.00,0.000,6.6,11.3,2.0,248,15,7.2,13.1,2.0,245,15,6.6,11.3,2.0,248,15,789,28.98,,0,0,0,69.6,65.5,64.4,0.10,0.17,0.13
CHES,2017-08-21 12:05:00 EDT,43.65390,-73.77736,1089,78.6,77.6,78.6,50.8,58.8,0.000,0.000,0.00,0.000,7.9,13.0,2.2,248,17,8.4,14.7,2.2,246,18,7.9,13.0,2.2,248,17,790,28.98,,0,0,0,69.7,65.5,64.4,0.11,0.18,0.13
CHES,2017-08-21 12:10:00 EDT,43.65390,-73.77736,1089,79.1,78.2,79.1,51.8,59.8,0.000,0.000,0.00,0.000,4.9,9.0,1.8,234,23,5.4,10.3,1.8,231,23,4.9,9.0,1.8,234,23,792,28.98,,0,0,0,70.0,65.5,64.4,0.10,0.17,0.13
CHES,2017-08-21 12:15:00 EDT,43.65390,-73.77736,1089,79.1,78.1,79.1,50.0,58.9,0.000,0.000,0.00,0.000,5.8,9.9,2.0,250,22,6.3,10.3,2.0,249,22,5.8,9.9,2.0,250,22,793,28.97,,0,0,0,70.0,65.5,64.4,0.10,0.17,0.13
CHES,2017-08-21 12:20:00 EDT,43.65390,-73.77736,1089,79.3,78.4,79.3,50.2,59.2,0.000,0.000,0.00,0.000,8.2,13.5,2.0,205,16,8.8,14.6,2.3,201,15,8.2,13.5,2.0,205,16,794,28.97,,0,0,0,70.2,65.5,64.4,0.11,0.18,0.13
CHES,2017-08-21 12:25:00 EDT,43.65390,-73.77736,1089,79.5,78.4,79.5,49.7,59.1,0.000,0.000,0.00,0.000,9.5,14.5,1.9,197,13,10.2,17.3,2.1,192,11,9.5,14.5,1.9,197,13,794,28.97,,0,0,0,70.3,65.5,64.4,0.11,0.17,0.13
CHES,2017-08-21 12:30:00 EDT,43.65390,-73.77736,1089,79.6,78.4,79.6,49.1,58.8,0.000,0.000,0.00,0.000,9.9,13.7,1.7,189,12,10.8,14.8,1.9,184,10,9.9,13.7,1.7,189,12,804,28.97,,0,0,0,70.4,65.5,64.4,0.11,0.18,0.13
CHES,2017-08-21 12:35:00 EDT,43.65390,-73.77736,1089,79.7,78.6,79.7,48.2,58.4,0.000,0.000,0.00,0.000,10.1,14.0,2.1,192,10,10.7,15.2,2.4,188,9,10.1,14.0,2.1,192,10,807,28.96,,0,0,0,70.7,65.5,64.4,0.10,0.18,0.13
CHES,2017-08-21 12:40:00 EDT,43.65390,-73.77736,1089,79.7,78.8,79.7,47.4,57.9,0.000,0.000,0.00,0.000,10.7,14.1,2.1,196,11,11.4,16.1,2.4,191,10,10.7,14.1,2.1,196,11,816,28.96,,0,0,0,70.7,65.5,64.4,0.11,0.18,0.13
CHES,2017-08-21 12:45:00 EDT,43.65390,-73.77736,1089,79.9,79.2,79.9,47.4,58.1,0.000,0.000,0.00,0.000,7.6,12.6,2.2,219,19,8.0,13.3,2.3,214,19,7.6,12.6,2.2,219,19,814,28.96,,0,0,0,71.0,65.5,64.4,0.10,0.18,0.13
CHES,2017-08-21 12:50:00 EDT,43.65390,-73.77736,1089,80.6,79.6,81.1,47.5,58.8,0.000,0.000,0.00,0.000,7.1,11.3,2.1,212,20,7.6,12.1,2.3,208,20,7.1,11.3,2.1,212,20,817,28.96,,0,0,0,71.1,65.5,64.4,0.10,0.18,0.13
CHES,2017-08-21 12:55:00 EDT,43.65390,-73.77736,1089,80.6,79.4,81.0,47.2,58.6,0.000,0.000,0.00,0.000,5.0,9.3,2.0,221,23,5.5,11.2,2.3,217,23,5.0,9.3,2.0,221,23,819,28.96,,0,0,0,71.2,65.5,64.4,0.10,0.18,0.13
CHES,2017-08-21 13:00:00 EDT,43.65390,-73.77736,1089,80.9,80.0,81.2,46.7,58.6,0.000,0.000,0.00,0.000,6.1,10.2,2.4,235,31,6.7,11.6,2.6,233,31,6.1,10.2,2.4,235,31,824,28.96,,0,0,0,71.4,65.5,64.4,0.11,0.18,0.13
CHES,2017-08-21 13:05:00 EDT,43.65390,-73.77736,1089,80.5,79.7,80.8,45.8,57.7,0.000,0.000,0.00,0.000,5.6,9.8,1.8,220,30,6.0,10.3,2.0,216,30,5.6,9.8,1.8,220,30,825,28.96,,0,0,0,71.4,65.5,64.4,0.11,0.18,0.14
CHES,2017-08-21 13:10:00 EDT,43.65390,-73.77736,1089,80.9,79.9,81.1,45.5,57.9,0.000,0.000,0.00,0.000,6.7,10.4,2.0,241,42,7.4,12.7,2.0,239,42,6.7,10.4,2.0,241,42,843,28.96,,0,0,0,71.6,65.5,64.4,0.11,0.18,0.14
CHES,2017-08-21 13:15:00 EDT,43.65390,-73.77736,1089,80.9,79.9,81.2,45.7,58.1,0.000,0.000,0.00,0.000,6.4,13.2,2.4,223,18,7.0,12.8,2.3,218,17,6.4,13.2,2.4,223,18,828,28.96,,0,0,0,71.8,65.5,64.4,0.11,0.18,0.14
CHES,2017-08-21 13:20:00 EDT,43.65390,-73.77736,1089,81.3,80.2,81.5,45.7,58.4,0.000,0.000,0.00,0.000,7.1,10.7,1.8,239,18,7.5,12.3,2.0,237,19,7.1,10.7,1.8,239,18,820,28.95,,0,0,0,71.9,65.5,64.4,0.10,0.18,0.14
CHES,2017-08-21 13:25:00 EDT,43.65390,-73.77736,1089,81.4,80.1,81.5,45.2,58.1,0.000,0.000,0.00,0.000,6.7,11.0,2.0,232,18,7.0,11.9,2.1,229,19,6.7,11.0,2.0,232,18,813,28.95,,0,0,0,72.3,65.5,64.4,0.10,0.18,0.14
CHES,2017-08-21 13:30:00 EDT,43.65390,-73.77736,1089,81.0,80.1,81.1,44.3,57.3,0.000,0.000,0.00,0.000,5.2,9.1,1.4,205,30,5.6,10.7,1.7,200,30,5.2,9.1,1.4,205,30,791,28.95,,0,0,0,72.3,65.5,64.4,0.10,0.18,0.14
CHES,2017-08-21 13:35:00 EDT,43.65390,-73.77736,1089,81.3,80.5,81.4,44.7,57.7,0.000,0.000,0.00,0.000,4.0,8.7,2.0,241,20,4.3,9.8,2.2,237,20,4.0,8.7,2.0,241,20,763,28.95,,0,0,0,72.4,65.5,64.4,0.10,0.18,0.14
CHES,2017-08-21 13:40:00 EDT,43.65390,-73.77736,1089,81.6,80.8,81.6,44.0,57.6,0.000,0.000,0.00,0.000,5.9,10.0,2.0,255,19,6.4,10.5,2.1,252,19,5.9,10.0,2.0,255,19,735,28.95,,0,0,0,72.7,65.4,64.4,0.10,0.18,0.14
CHES,2017-08-21 13:45:00 EDT,43.65390,-73.77736,1089,81.9,81.2,81.7,43.1,57.3,0.000,0.000,0.00,0.000,5.4,10.1,1.9,284,23,6.0,11.3,2.0,281,24,5.4,10.1,1.9,284,23,696,28.95,,0,0,0,72.7,65.5,64.4,0.10,0.18,0.14
CHES,2017-08-21 13:50:00 EDT,43.65390,-73.77736,1089,81.5,80.9,81.2,41.6,55.9,0.000,0.000,0.00,0.000,7.7,12.7,2.2,236,25,8.0,13.1,2.2,233,26,7.7,12.7,2.2,236,25,651,28.95,,0,0,0,72.7,65.5,64.4,0.10,0.18,0.14
CHES,2017-08-21 13:55:00 EDT,43.65390,-73.77736,1089,81.0,80.6,80.8,41.6,55.5,0.000,0.000,0.00,0.000,6.1,11.8,2.4,264,30,6.6,12.8,2.4,262,32,6.1,11.8,2.4,264,30,603,28.95,,0,0,0,73.0,65.5,64.4,0.10,0.18,0.14
CHES,2017-08-21 14:00:00 EDT,43.65390,-73.77736,1089,81.2,80.7,81.0,42.4,56.2,0.000,0.000,0.00,0.000,4.8,7.4,1.1,269,20,5.3,8.4,1.2,266,19,4.8,7.4,1.1,269,20,559,28.95,,0,0,0,73.0,65.4,64.4,0.10,0.18,0.13
CHES,2017-08-21 14:05:00 EDT,43.65390,-73.77736,1089,81.3,80.9,81.3,43.7,57.1,0.000,0.000,0.00,0.000,4.0,6.9,1.1,252,19,4.5,8.6,1.3,251,19,4.0,6.9,1.1,252,19,507,28.95,,0,0,0,73.0,65.5,64.4,0.10,0.18,0.14
CHES,2017-08-21 14:10:00 EDT,43.65390,-73.77736,1089,81.2,80.8,81.1,43.1,56.7,0.000,0.000,0.00,0.000,4.1,7.5,1.5,230,28,4.2,8.1,1.6,228,30,4.1,7.5,1.5,230,28,459,28.94,,0,0,0,73.0,65.4,64.4,0.10,0.18,0.14
CHES,2017-08-21 14:15:00 EDT,43.65390,-73.77736,1089,80.8,80.6,80.9,44.0,56.9,0.000,0.000,0.00,0.000,4.6,8.1,1.2,259,16,5.2,9.5,1.4,257,17,4.6,8.1,1.2,259,16,413,28.94,,0,0,0,73.2,65.4,64.4,0.10,0.18,0.14
CHES,2017-08-21 14:20:00 EDT,43.65390,-73.77736,1089,80.6,80.5,80.6,42.9,55.9,0.000,0.000,0.00,0.000,8.0,14.6,2.4,249,12,8.4,15.9,2.5,247,13,8.0,14.6,2.4,249,12,366,28.94,,0,0,0,73.4,65.4,64.4,0.10,0.18,0.14
CHES,2017-08-21 14:25:00 EDT,43.65390,-73.77736,1089,80.4,80.5,80.6,44.2,56.7,0.000,0.000,0.00,0.000,5.2,7.9,1.3,229,22,5.5,9.5,1.4,225,22,5.2,7.9,1.3,229,22,317,28.94,,0,0,0,73.4,65.4,64.4,0.10,0.18,0.14
CHES,2017-08-21 14:30:00 EDT,43.65390,-73.77736,1089,80.2,80.4,80.5,44.6,56.7,0.000,0.000,0.00,0.000,5.4,9.1,1.4,219,19,5.6,9.9,1.5,215,17,5.4,9.1,1.4,219,19,290,28.94,,0,0,0,73.4,65.4,64.4,0.11,0.18,0.14
CHES,2017-08-21 14:35:00 EDT,43.65390,-73.77736,1089,79.9,80.2,79.9,44.4,56.3,0.000,0.000,0.00,0.000,6.6,11.3,2.0,220,12,6.9,11.8,2.0,216,11,6.6,11.3,2.0,220,12,263,28.94,,0,0,0,73.4,65.4,64.4,0.10,0.18,0.14
CHES,2017-08-21 14:40:00 EDT,43.65390,-73.77736,1089,79.7,80.1,79.7,45.2,56.6,0.000,0.000,0.00,0.000,4.3,7.4,1.3,219,14,4.7,8.3,1.4,216,14,4.3,7.4,1.3,219,14,246,28.93,,0,0,0,73.4,65.4,64.4,0.10,0.18,0.14
CHES,2017-08-21 14:45:00 EDT,43.65390,-73.77736,1089,79.4,79.8,79.4,48.6,58.4,0.000,0.000,0.00,0.000,5.1,7.5,1.2,194,10,5.6,8.6,1.3,189,8,5.1,7.5,1.2,194,10,243,28.93,,0,0,0,73.4,65.4,64.4,0.10,0.18,0.14
CHES,2017-08-21 14:50:00 EDT,43.65390,-73.77736,1089,79.1,79.4,79.1,51.0,59.5,0.000,0.000,0.00,0.000,4.8,7.1,1.0,190,12,5.2,7.6,1.1,187,12,4.8,7.1,1.0,190,12,249,28.93,,0,0,0,73.4,65.3,64.4,0.10,0.18,0.14
CHES,2017-08-21 14:55:00 EDT,43.65390,-73.77736,1089,79.0,79.2,79.0,50.8,59.2,0.000,0.000,0.00,0.000,5.0,7.4,1.2,203,14,5.5,8.1,1.3,198,14,5.0,7.4,1.2,203,14,265,28.93,,0,0,0,73.4,65.4,64.4,0.10,0.18,0.14
CHES,2017-08-21 15:00:00 EDT,43.65390,-73.77736,1089,78.9,79.0,78.9,52.3,60.0,0.000,0.000,0.00,0.000,4.7,6.7,0.7,194,11,5.2,7.0,0.8,191,11,4.7,6.7,0.7,194,11,293,28.93,,0,0,0,73.2,65.4,64.4,0.10,0.18,0.14
CHES,2017-08-21 15:05:00 EDT,43.65390,-73.77736,1089,79.0,79.0,79.0,52.2,60.0,0.000,0.000,0.00,0.000,4.1,6.9,1.2,205,14,4.4,7.8,1.3,201,14,4.1,6.9,1.2,205,14,322,28.93,,0,0,0,73.2,65.5,64.4,0.10,0.18,0.14
CHES,2017-08-21 15:10:00 EDT,43.65390,-73.77736,1089,79.2,79.0,79.2,52.9,60.5,0.000,0.000,0.00,0.000,3.5,5.3,0.9,198,10,3.8,5.7,1.0,194,10,3.5,5.3,0.9,198,10,354,28.93,,0,0,0,73.0,65.5,64.4,0.10,0.18,0.14
CHES,2017-08-21 15:15:00 EDT,43.65390,-73.77736,1089,79.4,79.2,79.4,52.5,60.5,0.000,0.000,0.00,0.000,3.5,5.5,1.0,189,16,3.9,6.5,1.1,185,14,3.5,5.5,1.0,189,16,388,28.92,,0,0,0,73.0,65.5,64.4,0.10,0.18,0.14
CHES,2017-08-21 15:20:00 EDT,43.65390,-73.77736,1089,79.5,79.2,79.5,51.4,60.0,0.000,0.000,0.00,0.000,4.8,6.9,1.0,196,21,5.2,7.7,1.2,192,21,4.8,6.9,1.0,196,21,422,28.92,,0,0,0,73.0,65.5,64.4,0.10,0.18,0.13
CHES,2017-08-21 15:25:00 EDT,43.65390,-73.77736,1089,79.7,79.4,79.7,52.9,61.0,0.000,0.000,0.00,0.000,5.5,7.7,1.1,186,12,6.1,9.8,1.3,181,10,5.5,7.7,1.1,186,12,454,28.92,,0,0,0,73.0,65.5,64.4,0.10,0.18,0.14
CHES,2017-08-21 15:30:00 EDT,43.65390,-73.77736,1089,79.8,79.4,79.8,53.2,61.2,0.000,0.000,0.00,0.000,5.8,8.8,1.2,192,12,6.4,10.4,1.5,189,11,5.8,8.8,1.2,192,12,482,28.92,,0,0,0,73.0,65.5,64.4,0.10,0.18,0.14
CHES,2017-08-21 15:35:00 EDT,43.65390,-73.77736,1089,80.0,79.4,80.0,54.9,62.3,0.000,0.000,0.00,0.000,6.2,8.7,1.0,198,12,6.7,9.3,1.2,193,11,6.2,8.7,1.0,198,12,507,28.92,,0,0,0,73.0,65.5,64.4,0.10,0.18,0.14
CHES,2017-08-21 15:40:00 EDT,43.65390,-73.77736,1089,80.3,79.6,81.8,56.7,63.5,0.000,0.000,0.00,0.000,5.6,9.8,1.4,197,13,6.2,11.3,1.6,192,13,5.6,9.8,1.4,197,13,535,28.92,,0,0,0,73.0,65.5,64.4,0.10,0.18,0.14
CHES,2017-08-21 15:45:00 EDT,43.65390,-73.77736,1089,80.2,79.5,81.7,56.3,63.3,0.000,0.000,0.00,0.000,8.5,12.3,2.1,204,14,9.2,13.3,2.0,200,14,8.5,12.3,2.1,204,14,560,28.93,,0,0,0,73.0,65.5,64.4,0.10,0.18,0.13
CHES,2017-08-21 15:50:00 EDT,43.65390,-73.77736,1089,80.2,79.5,81.6,55.8,63.0,0.000,0.000,0.00,0.000,8.7,12.9,2.2,199,16,9.2,14.4,2.4,195,14,8.7,12.9,2.2,199,16,578,28.93,,0,0,0,73.0,65.5,64.4,0.10,0.18,0.13
CHES,2017-08-21 15:55:00 EDT,43.65390,-73.77736,1089,80.5,79.9,81.9,55.9,63.3,0.000,0.000,0.00,0.000,6.3,11.7,2.1,201,17,6.9,12.7,2.3,196,16,6.3,11.7,2.1,201,17,583,28.93,,0,0,0,73.0,65.5,64.4,0.10,0.18,0.13
CHES,2017-08-21 16:00:00 EDT,43.65390,-73.77736,1089,80.6,80.1,81.6,52.3,61.5,0.000,0.000,0.00,0.000,9.4,16.6,3.2,215,15,9.9,17.7,3.2,208,13,9.4,16.6,3.2,215,15,562,28.93,,0,0,0,73.2,65.5,64.4,0.10,0.18,0.13
CHES,2017-08-21 16:05:00 EDT,43.65390,-73.77736,1089,80.7,80.2,81.6,51.3,61.1,0.000,0.000,0.00,0.000,7.7,12.0,1.6,225,17,8.2,12.2,1.7,221,16,7.7,12.0,1.6,225,17,571,28.93,,0,0,0,73.3,65.5,64.4,0.10,0.18,0.13
CHES,2017-08-21 16:10:00 EDT,43.65390,-73.77736,1089,81.1,80.4,81.9,51.1,61.3,0.000,0.000,0.00,0.000,5.6,9.9,2.1,209,24,6.0,11.2,2.3,206,24,5.6,9.9,2.1,209,24,568,28.93,,0,0,0,73.4,65.5,64.4,0.10,0.18,0.13
CHES,2017-08-21 16:15:00 EDT,43.65390,-73.77736,1089,81.4,80.7,82.2,50.2,61.1,0.000,0.000,0.00,0.000,6.2,12.3,2.1,234,15,6.5,13.4,2.3,232,16,6.2,12.3,2.1,234,15,609,28.93,,0,0,0,73.4,65.5,64.4,0.10,0.18,0.13
CHES,2017-08-21 16:20:00 EDT,43.65390,-73.77736,1089,80.9,80.5,81.6,49.5,60.2,0.000,0.000,0.00,0.000,9.6,13.7,1.7,259,15,10.3,15.2,2.1,257,14,9.6,13.7,1.7,259,15,384,28.93,,0,0,0,73.4,65.5,64.4,0.10,0.18,0.13
CHES,2017-08-21 16:25:00 EDT,43.65390,-73.77736,1089,80.9,80.5,81.7,51.0,61.1,0.000,0.000,0.00,0.000,6.8,11.3,1.6,256,14,7.5,13.1,1.9,253,14,6.8,11.3,1.6,256,14,526,28.93,,0,0,0,73.4,65.5,64.4,0.10,0.18,0.13
CHES,2017-08-21 16:30:00 EDT,43.65390,-73.77736,1089,81.2,80.7,81.8,49.1,60.3,0.000,0.000,0.00,0.000,8.9,13.7,2.0,239,25,9.5,16.8,2.3,235,25,8.9,13.7,2.0,239,25,524,28.92,,0,0,0,73.4,65.5,64.4,0.10,0.18,0.13
CHES,2017-08-21 16:35:00 EDT,43.65390,-73.77736,1089,81.0,80.6,81.6,48.3,59.7,0.000,0.000,0.00,0.000,9.8,17.2,2.0,231,14,10.1,17.1,2.0,229,14,9.8,17.2,2.0,231,14,518,28.92,,0,0,0,73.4,65.5,64.4,0.10,0.18,0.13
CHES,2017-08-21 16:40:00 EDT,43.65390,-73.77736,1089,80.9,80.5,81.3,47.6,59.1,0.000,0.000,0.00,0.000,9.5,15.4,2.4,234,16,10.0,16.6,2.3,232,17,9.5,15.4,2.4,234,16,485,28.92,,0,0,0,73.6,65.5,64.4,0.10,0.18,0.13
CHES,2017-08-21 16:45:00 EDT,43.65390,-73.77736,1089,80.7,80.4,81.2,47.4,58.9,0.000,0.000,0.00,0.000,9.2,15.1,2.6,241,15,9.9,15.2,2.4,237,16,9.2,15.1,2.6,241,15,464,28.92,,0,0,0,73.6,65.5,64.4,0.10,0.18,0.13
CHES,2017-08-21 16:50:00 EDT,43.65390,-73.77736,1089,80.8,80.4,81.3,48.0,59.3,0.000,0.000,0.00,0.000,8.6,12.8,2.1,244,23,9.3,14.3,2.3,242,24,8.6,12.8,2.1,244,23,446,28.92,,0,0,0,73.7,65.5,64.4,0.10,0.18,0.13
CHES,2017-08-21 16:55:00 EDT,43.65390,-73.77736,1089,80.6,80.4,81.1,47.5,58.8,0.000,0.000,0.00,0.000,8.7,12.9,2.0,227,20,9.2,15.7,2.1,224,21,8.7,12.9,2.0,227,20,425,28.92,,0,0,0,73.7,65.5,64.4,0.10,0.18,0.13
CHES,2017-08-21 17:00:00 EDT,43.65390,-73.77736,1089,80.5,80.3,81.0,47.3,58.6,0.000,0.000,0.00,0.000,9.8,18.1,3.1,228,16,10.0,18.5,3.0,225,15,9.8,18.1,3.1,228,16,412,28.92,,0,0,0,73.7,65.5,64.4,0.10,0.18,0.13
CHES,2017-08-21 17:05:00 EDT,43.65390,-73.77736,1089,80.4,80.2,80.9,47.6,58.7,0.000,0.000,0.00,0.000,9.9,15.0,2.2,253,14,10.6,17.6,2.6,250,14,9.9,15.0,2.2,253,14,398,28.92,,0,0,0,73.9,65.5,64.4,0.10,0.18,0.13
CHES,2017-08-21 17:10:00 EDT,43.65390,-73.77736,1089,80.5,80.3,81.1,48.2,59.1,0.000,0.000,0.00,0.000,7.7,12.6,2.0,241,18,8.2,14.2,2.1,236,19,7.7,12.6,2.0,241,18,386,28.92,,0,0,0,73.7,65.5,64.4,0.10,0.18,0.13
CHES,2017-08-21 17:15:00 EDT,43.65390,-73.77736,1089,80.5,80.3,81.0,47.6,58.7,0.000,0.000,0.00,0.000,9.1,14.9,2.2,237,21,9.6,15.4,2.2,233,20,9.1,14.9,2.2,237,21,373,28.92,,0,0,0,73.6,65.5,64.4,0.10,0.18,0.13
CHES,2017-08-21 17:20:00 EDT,43.65390,-73.77736,1089,80.4,80.3,81.0,47.9,58.9,0.000,0.000,0.00,0.000,8.5,12.1,1.6,245,14,8.9,12.7,1.7,243,13,8.5,12.1,1.6,245,14,359,28.92,,0,0,0,73.6,65.5,64.4,0.10,0.18,0.13
CHES,2017-08-21 17:25:00 EDT,43.65390,-73.77736,1089,80.3,80.2,80.8,47.2,58.4,0.000,0.000,0.00,0.000,9.7,14.4,2.0,221,12,9.9,15.0,2.0,216,11,9.7,14.4,2.0,221,12,346,28.92,,0,0,0,73.5,65.5,64.4,0.10,0.18,0.13
CHES,2017-08-21 17:30:00 EDT,43.65390,-73.77736,1089,80.2,80.2,80.9,48.5,59.0,0.000,0.000,0.00,0.000,5.4,10.4,2.0,224,10,5.5,10.2,2.0,221,10,5.4,10.4,2.0,224,10,328,28.91,,0,0,0,73.5,65.6,64.4,0.10,0.18,0.13
CHES,2017-08-21 17:35:00 EDT,43.65390,-73.77736,1089,80.2,80.1,80.9,48.5,59.0,0.000,0.000,0.00,0.000,6.8,13.0,2.2,213,16,7.1,13.4,2.2,208,14,6.8,13.0,2.2,213,16,312,28.91,,0,0,0,73.4,65.6,64.4,0.10,0.18,0.13
CHES,2017-08-21 17:40:00 EDT,43.65390,-73.77736,1089,80.1,80.1,80.8,48.4,58.9,0.000,0.000,0.00,0.000,6.8,14.5,2.6,210,15,7.3,16.4,2.8,206,15,6.8,14.5,2.6,210,15,298,28.91,,0,0,0,73.4,65.8,64.4,0.10,0.18,0.13
CHES,2017-08-21 17:45:00 EDT,43.65390,-73.77736,1089,80.0,80.1,80.7,48.4,58.9,0.000,0.000,0.00,0.000,7.7,12.2,2.0,230,14,7.9,12.1,2.0,226,14,7.7,12.2,2.0,230,14,282,28.91,,0,0,0,73.4,65.8,64.4,0.10,0.18,0.13
CHES,2017-08-21 17:50:00 EDT,43.65390,-73.77736,1089,79.9,80.0,79.9,49.1,59.1,0.000,0.000,0.00,0.000,6.4,10.3,1.8,216,16,6.6,12.3,1.9,213,14,6.4,10.3,1.8,216,16,267,28.91,,0,0,0,73.4,65.8,64.4,0.10,0.18,0.13
CHES,2017-08-21 17:55:00 EDT,43.65390,-73.77736,1089,79.8,79.9,79.8,49.4,59.2,0.000,0.000,0.00,0.000,5.8,10.9,2.1,227,16,5.7,10.7,2.0,224,16,5.8,10.9,2.1,227,16,253,28.91,,0,0,0,73.4,65.8,64.4,0.10,0.18,0.13
CHES,2017-08-21 18:00:00 EDT,43.65390,-73.77736,1089,79.8,79.9,79.8,50.9,60.0,0.000,0.000,0.00,0.000,3.1,4.7,0.7,231,20,3.6,5.8,0.9,229,20,3.1,4.7,0.7,231,20,242,28.91,,0,0,0,73.4,65.8,64.4,0.10,0.18,0.13
CHES,2017-08-21 18:05:00 EDT,43.65390,-73.77736,1089,79.8,79.9,79.8,49.3,59.1,0.000,0.000,0.00,0.000,5.6,8.7,1.5,239,16,5.9,9.8,1.6,235,16,5.6,8.7,1.5,239,16,230,28.91,,0,0,0,73.4,65.8,64.4,0.10,0.18,0.13
CHES,2017-08-21 18:10:00 EDT,43.65390,-73.77736,1089,79.6,79.8,79.6,49.6,59.1,0.000,0.000,0.00,0.000,6.0,8.9,1.3,233,12,6.1,9.1,1.2,230,12,6.0,8.9,1.3,233,12,216,28.91,,0,0,0,73.4,65.8,64.4,0.10,0.18,0.13
CHES,2017-08-21 18:15:00 EDT,43.65390,-73.77736,1089,79.4,79.7,79.4,50.0,59.1,0.000,0.000,0.00,0.000,5.7,9.6,1.3,238,14,5.9,9.8,1.3,235,13,5.7,9.6,1.3,238,14,200,28.91,,0,0,0,73.4,65.8,64.4,0.10,0.18,0.13
CHES,2017-08-21 18:20:00 EDT,43.65390,-73.77736,1089,79.3,79.7,79.3,50.8,59.5,0.000,0.000,0.00,0.000,4.8,8.1,1.2,249,14,5.2,8.7,1.5,246,13,4.8,8.1,1.2,249,14,183,28.91,,0,0,0,73.4,65.8,64.4,0.10,0.18,0.13
CHES,2017-08-21 18:25:00 EDT,43.65390,-73.77736,1089,79.1,79.6,79.1,50.5,59.2,0.000,0.000,0.00,0.000,6.2,9.1,1.1,248,10,6.6,9.2,1.3,246,9,6.2,9.1,1.1,248,10,171,28.91,,0,0,0,73.2,65.8,64.4,0.10,0.18,0.13
CHES,2017-08-21 18:30:00 EDT,43.65390,-73.77736,1089,78.8,79.3,78.8,51.8,59.6,0.000,0.000,0.00,0.000,3.1,4.8,0.7,219,10,3.1,5.4,0.8,216,11,3.1,4.8,0.7,219,10,159,28.91,,0,0,0,73.1,65.8,64.4,0.10,0.18,0.13
CHES,2017-08-21 18:35:00 EDT,43.65390,-73.77736,1089,78.8,79.3,78.8,51.4,59.4,0.000,0.000,0.00,0.000,4.0,8.2,1.6,239,13,4.1,7.9,1.6,237,14,4.0,8.2,1.6,239,13,149,28.91,,0,0,0,73.0,65.8,64.4,0.10,0.18,0.13
CHES,2017-08-21 18:40:00 EDT,43.65390,-73.77736,1089,78.5,79.2,78.5,51.3,59.1,0.000,0.000,0.00,0.000,4.4,7.2,1.4,229,12,4.5,7.2,1.4,225,11,4.4,7.2,1.4,229,12,138,28.91,,0,0,0,73.0,65.8,64.4,0.10,0.18,0.13
CHES,2017-08-21 18:45:00 EDT,43.65390,-73.77736,1089,78.0,79.1,78.0,54.3,60.1,0.000,0.000,0.00,0.000,4.0,5.9,0.8,207,18,4.2,6.7,0.8,202,19,4.0,5.9,0.8,207,18,128,28.91,,0,0,0,73.0,65.8,64.4,0.10,0.18,0.13
CHES,2017-08-21 18:50:00 EDT,43.65390,-73.77736,1089,76.8,78.5,76.8,61.4,62.5,0.000,0.000,0.00,0.000,3.2,4.7,0.4,174,10,3.6,5.3,0.5,171,10,3.2,4.7,0.4,174,10,114,28.91,,0,0,0,73.0,65.8,64.4,0.10,0.18,0.13
CHES,2017-08-21 18:55:00 EDT,43.65390,-73.77736,1089,76.2,78.4,76.2,66.0,64.0,0.000,0.000,0.00,0.000,3.4,4.2,0.3,179,7,3.8,5.0,0.4,175,7,3.4,4.2,0.3,179,7,103,28.91,,0,0,0,73.0,65.8,64.4,0.10,0.18,0.13
CHES,2017-08-21 19:00:00 EDT,43.65390,-73.77736,1089,75.7,78.3,75.7,65.5,63.3,0.000,0.000,0.00,0.000,3.4,4.3,0.4,190,6,3.7,4.7,0.4,187,6,3.4,4.3,0.4,190,6,88,28.91,,0,0,0,73.0,65.8,64.4,0.10,0.18,0.13
CHES,2017-08-21 19:05:00 EDT,43.65390,-73.77736,1089,74.0,77.8,74.0,66.9,62.3,0.000,0.000,0.00,0.000,3.5,5.0,0.5,199,9,3.7,5.2,0.5,195,8,3.5,5.0,0.5,199,9,73,28.91,,0,0,0,73.0,65.8,64.4,0.10,0.17,0.13
CHES,2017-08-21 19:10:00 EDT,43.65390,-73.77736,1089,74.1,77.8,74.1,64.6,61.4,0.000,0.000,0.00,0.000,4.1,5.2,0.4,201,6,4.4,5.5,0.5,196,5,4.1,5.2,0.4,201,6,60,28.91,,0,0,0,72.8,65.8,64.4,0.10,0.18,0.13
CHES,2017-08-21 19:15:00 EDT,43.65390,-73.77736,1089,74.9,77.7,74.9,62.3,61.1,0.000,0.000,0.00,0.000,4.3,5.3,0.4,205,6,4.7,5.6,0.5,200,6,4.3,5.3,0.4,205,6,48,28.91,,0,0,0,72.7,65.8,64.4,0.10,0.17,0.13
CHES,2017-08-21 19:20:00 EDT,43.65390,-73.77736,1089,73.5,77.4,73.5,63.6,60.4,0.000,0.000,0.00,0.000,4.0,4.8,0.5,202,5,4.3,5.3,0.6,197,4,4.0,4.8,0.5,202,5,42,28.91,,0,0,0,72.7,65.8,64.4,0.10,0.18,0.13
CHES,2017-08-21 19:25:00 EDT,43.65390,-73.77736,1089,72.1,77.4,72.1,68.6,61.2,0.000,0.000,0.00,0.000,4.9,6.2,0.4,201,5,5.3,6.8,0.5,196,4,4.9,6.2,0.4,201,5,30,28.91,,0,0,0,72.7,65.8,64.4,0.10,0.18,0.13
CHES,2017-08-21 19:30:00 EDT,43.65390,-73.77736,1089,72.4,76.9,72.4,66.2,60.5,0.000,0.000,0.00,0.000,4.7,5.6,0.4,203,5,5.1,6.6,0.5,197,4,4.7,5.6,0.4,203,5,19,28.91,,0,0,0,72.7,65.8,64.4,0.10,0.18,0.13
CHES,2017-08-21 19:35:00 EDT,43.65390,-73.77736,1089,73.6,76.7,73.6,63.4,60.3,0.000,0.000,0.00,0.000,5.3,7.3,0.8,204,6,5.8,7.9,0.8,200,5,5.3,7.3,0.8,204,6,13,28.91,,0,0,0,72.7,65.8,64.4,0.10,0.18,0.13
CHES,2017-08-21 19:40:00 EDT,43.65390,-73.77736,1089,73.6,76.2,73.6,64.0,60.7,0.000,0.000,0.00,0.000,5.0,6.5,0.6,206,5,5.4,7.0,0.6,201,5,5.0,6.5,0.6,206,5,11,28.91,,0,0,0,72.4,65.8,64.4,0.10,0.18,0.13
CHES,2017-08-21 19:45:00 EDT,43.65390,-73.77736,1089,73.0,75.8,73.0,65.5,60.8,0.000,0.000,0.00,0.000,5.0,7.1,0.7,204,7,5.4,7.6,0.8,200,6,5.0,7.1,0.7,204,7,8,28.91,,0,0,0,72.3,65.8,64.4,0.10,0.17,0.13
CHES,2017-08-21 19:50:00 EDT,43.65390,-73.77736,1089,73.0,75.6,73.0,66.8,61.3,0.000,0.000,0.00,0.000,4.7,5.9,0.5,208,9,5.1,6.7,0.6,205,9,4.7,5.9,0.5,208,9,5,28.91,,0,0,0,72.3,65.8,64.4,0.10,0.18,0.13
CHES,2017-08-21 19:55:00 EDT,43.65390,-73.77736,1089,73.3,75.6,73.3,66.3,61.4,0.000,0.000,0.00,0.000,5.2,7.4,0.6,210,7,5.6,7.7,0.7,206,8,5.2,7.4,0.6,210,7,3,28.91,,0,0,0,72.3,65.8,64.4,0.10,0.18,0.13
CHES,2017-08-21 20:00:00 EDT,43.65390,-73.77736,1089,73.5,75.6,73.5,65.9,61.4,0.000,0.000,0.00,0.000,5.5,7.0,0.7,204,6,5.8,7.8,0.7,199,5,5.5,7.0,0.7,204,6,2,28.90,,0,0,0,72.1,65.8,64.4,0.10,0.17,0.13
CHES,2017-08-21 20:05:00 EDT,43.65390,-73.77736,1089,73.8,75.6,73.8,65.1,61.4,0.000,0.000,0.00,0.000,5.7,7.2,0.6,202,6,6.1,7.6,0.6,197,4,5.7,7.2,0.6,202,6,1,28.90,,0,0,0,71.8,65.8,64.4,0.10,0.17,0.13
CHES,2017-08-21 20:10:00 EDT,43.65390,-73.77736,1089,73.3,75.6,73.3,65.6,61.1,0.000,0.000,0.00,0.000,5.7,7.2,0.6,204,6,6.2,7.7,0.7,199,5,5.7,7.2,0.6,204,6,1,28.90,,0,0,0,71.8,65.8,64.4,0.10,0.17,0.13
CHES,2017-08-21 20:15:00 EDT,43.65390,-73.77736,1089,73.1,75.5,73.1,65.6,60.9,0.000,0.000,0.00,0.000,5.6,7.9,0.8,204,6,6.0,8.4,0.9,199,5,5.6,7.9,0.8,204,6,0,28.91,,0,0,0,71.8,65.8,64.4,0.10,0.18,0.13
CHES,2017-08-21 20:20:00 EDT,43.65390,-73.77736,1089,72.4,75.3,72.4,66.2,60.5,0.000,0.000,0.00,0.000,5.6,7.0,0.6,203,6,6.0,7.6,0.6,199,6,5.6,7.0,0.6,203,6,0,28.91,,0,0,0,71.5,65.8,64.4,0.10,0.17,0.13
CHES,2017-08-21 20:25:00 EDT,43.65390,-73.77736,1089,72.9,75.3,72.9,66.1,61.0,0.000,0.000,0.00,0.000,5.8,7.2,0.6,203,7,6.2,7.8,0.6,198,5,5.8,7.2,0.6,203,7,0,28.91,,0,0,0,71.4,65.8,64.4,0.09,0.17,0.13
CHES,2017-08-21 20:30:00 EDT,43.65390,-73.77736,1089,72.7,75.1,72.7,66.1,60.7,0.000,0.000,0.00,0.000,6.1,9.0,1.0,206,7,6.5,9.4,1.0,201,7,6.1,9.0,1.0,206,7,0,28.91,,0,0,0,71.4,65.8,64.4,0.09,0.18,0.13
CHES,2017-08-21 20:35:00 EDT,43.65390,-73.77736,1089,72.9,75.0,72.9,66.4,61.1,0.000,0.000,0.00,0.000,6.0,8.3,0.8,202,7,6.6,8.9,0.8,198,6,6.0,8.3,0.8,202,7,0,28.91,,0,0,0,71.4,65.8,64.4,0.09,0.17,0.13
CHES,2017-08-21 20:40:00 EDT,43.65390,-73.77736,1089,73.2,74.9,73.2,65.9,61.2,0.000,0.000,0.00,0.000,5.6,8.1,0.9,200,9,6.0,8.5,0.9,196,8,5.6,8.1,0.9,200,9,0,28.91,,0,0,0,71.4,65.8,64.4,0.09,0.17,0.13
CHES,2017-08-21 20:45:00 EDT,43.65390,-73.77736,1089,73.5,74.7,73.5,65.3,61.2,0.000,0.000,0.00,0.000,5.1,6.9,0.9,205,9,5.4,7.9,1.0,200,9,5.1,6.9,0.9,205,9,0,28.91,,0,0,0,71.1,65.8,64.4,0.09,0.17,0.13
CHES,2017-08-21 20:50:00 EDT,43.65390,-73.77736,1089,73.5,74.7,73.5,65.0,61.1,0.000,0.000,0.00,0.000,4.7,6.8,0.7,196,8,5.0,7.4,0.8,191,7,4.7,6.8,0.7,196,8,0,28.91,,0,0,0,71.1,65.8,64.4,0.09,0.18,0.13
CHES,2017-08-21 20:55:00 EDT,43.65390,-73.77736,1089,73.9,74.8,73.9,64.6,61.2,0.000,0.000,0.00,0.000,4.3,5.8,0.4,194,7,4.7,6.5,0.5,190,6,4.3,5.8,0.4,194,7,0,28.91,,0,0,0,71.1,65.8,64.4,0.09,0.18,0.13
CHES,2017-08-21 21:00:00 EDT,43.65390,-73.77736,1089,73.9,74.6,73.9,64.9,61.3,0.000,0.000,0.00,0.000,4.2,5.0,0.4,190,5,4.5,5.5,0.5,186,5,4.2,5.0,0.4,190,5,0,28.91,,0,0,0,71.0,65.8,64.4,0.09,0.17,0.13
CHES,2017-08-21 21:05:00 EDT,43.65390,-73.77736,1089,73.2,74.4,73.2,65.5,60.9,0.000,0.000,0.00,0.000,3.9,5.2,0.5,199,6,4.2,5.8,0.6,195,5,3.9,5.2,0.5,199,6,0,28.91,,0,0,0,70.8,65.8,64.4,0.09,0.17,0.13
CHES,2017-08-21 21:10:00 EDT,43.65390,-73.77736,1089,72.5,74.5,72.5,66.8,60.8,0.000,0.000,0.00,0.000,4.2,6.6,0.8,198,8,4.6,7.2,0.8,194,7,4.2,6.6,0.8,198,8,0,28.91,,0,0,0,70.7,65.8,64.4,0.09,0.17,0.13
CHES,2017-08-21 21:15:00 EDT,43.65390,-73.77736,1089,70.9,74.3,70.9,70.7,60.9,0.000,0.000,0.00,0.000,3.4,5.7,0.7,194,9,3.7,5.9,0.7,191,9,3.4,5.7,0.7,194,9,0,28.91,,0,0,0,70.7,65.9,64.4,0.10,0.17,0.13
CHES,2017-08-21 21:20:00 EDT,43.65390,-73.77736,1089,69.1,73.5,69.1,75.8,61.1,0.000,0.000,0.00,0.000,3.4,5.3,0.6,175,11,3.8,5.7,0.7,171,13,3.4,5.3,0.6,175,11,0,28.91,,0,0,0,70.7,65.9,64.4,0.10,0.17,0.13
CHES,2017-08-21 21:25:00 EDT,43.65390,-73.77736,1089,67.1,72.2,67.1,79.7,60.6,0.000,0.000,0.00,0.000,4.1,5.1,0.3,165,7,4.5,5.5,0.4,160,8,4.1,5.1,0.3,165,7,0,28.91,,0,0,0,70.6,65.9,64.4,0.10,0.17,0.13
CHES,2017-08-21 21:30:00 EDT,43.65390,-73.77736,1089,67.0,73.1,67.0,81.9,61.3,0.000,0.000,0.00,0.000,3.8,4.7,0.3,174,10,4.2,5.7,0.4,169,11,3.8,4.7,0.3,174,10,0,28.91,,0,0,0,70.3,66.0,64.4,0.10,0.17,0.13
CHES,2017-08-21 21:35:00 EDT,43.65390,-73.77736,1089,67.3,72.7,67.3,78.6,60.5,0.000,0.000,0.00,0.000,3.2,5.2,1.0,208,16,3.4,5.8,1.2,205,17,3.2,5.2,1.0,208,16,0,28.91,,0,0,0,70.3,66.0,64.4,0.10,0.17,0.13
CHES,2017-08-21 21:40:00 EDT,43.65390,-73.77736,1089,66.0,69.5,66.0,83.0,60.7,0.000,0.000,0.00,0.000,2.0,2.6,0.3,290,15,2.1,3.0,0.4,289,16,2.0,2.6,0.3,290,15,0,28.91,,0,0,0,70.3,66.0,64.4,0.10,0.17,0.13
CHES,2017-08-21 21:45:00 EDT,43.65390,-73.77736,1089,66.5,69.2,66.5,82.9,61.1,0.000,0.000,0.00,0.000,1.6,2.2,0.3,329,17,1.8,2.5,0.3,331,19,1.6,2.2,0.3,329,17,0,28.91,,0,0,0,70.2,66.0,64.4,0.10,0.17,0.13
CHES,2017-08-21 21:50:00 EDT,43.65390,-73.77736,1089,66.0,68.6,66.0,83.4,60.8,0.000,0.000,0.00,0.000,0.4,2.0,0.6,146,25,0.9,2.2,0.5,121,63,0.4,2.0,0.6,146,25,0,28.91,,0,0,0,70.0,66.0,64.4,0.10,0.17,0.13
CHES,2017-08-21 21:55:00 EDT,43.65390,-73.77736,1089,65.6,68.5,65.6,83.8,60.5,0.000,0.000,0.00,0.000,3.5,4.4,0.7,157,9,3.8,5.0,0.7,152,9,3.5,4.4,0.7,157,9,0,28.90,,0,0,0,70.0,66.0,64.4,0.10,0.17,0.13
CHES,2017-08-21 22:00:00 EDT,43.65390,-73.77736,1089,64.8,68.1,64.8,84.5,60.1,0.000,0.000,0.00,0.000,3.1,4.1,0.5,157,7,3.4,4.8,0.6,152,8,3.1,4.1,0.5,157,7,0,28.90,,0,0,0,70.0,66.0,64.4,0.10,0.17,0.13
CHES,2017-08-21 22:05:00 EDT,43.65390,-73.77736,1089,65.2,66.5,65.2,85.5,60.7,0.000,0.000,0.00,0.000,1.4,2.6,0.6,37,37,1.8,3.2,0.7,34,33,1.4,2.6,0.6,37,37,0,28.90,,0,0,0,69.9,66.0,64.4,0.10,0.17,0.13
CHES,2017-08-21 22:10:00 EDT,43.65390,-73.77736,1089,65.3,67.6,65.3,87.7,61.5,0.000,0.000,0.00,0.000,1.8,2.4,0.4,38,16,1.9,2.9,0.5,37,14,1.8,2.4,0.4,38,16,0,28.90,,0,0,0,69.6,66.0,64.4,0.10,0.17,0.13
CHES,2017-08-21 22:15:00 EDT,43.65390,-73.77736,1089,65.5,68.9,65.5,87.7,61.7,0.000,0.000,0.00,0.000,0.6,1.8,0.6,66,14,1.1,2.2,0.4,56,18,0.6,1.8,0.6,66,14,0,28.90,,0,0,0,69.6,66.0,64.4,0.10,0.17,0.13
CHES,2017-08-21 22:20:00 EDT,43.65390,-73.77736,1089,65.5,68.8,65.5,88.2,61.9,0.000,0.000,0.00,0.000,0.0,0.0,0.0,0,0,0.6,1.2,0.2,45,18,0.0,0.0,0.0,0,0,0,28.90,,0,0,0,69.6,66.0,64.4,0.09,0.17,0.13
CHES,2017-08-21 22:25:00 EDT,43.65390,-73.77736,1089,65.3,67.5,65.3,88.3,61.8,0.000,0.000,0.00,0.000,0.7,1.2,0.5,352,2,1.2,1.7,0.3,352,9,0.7,1.2,0.5,352,2,0,28.90,,0,0,0,69.6,66.0,64.4,0.10,0.17,0.13
CHES,2017-08-21 22:30:00 EDT,43.65390,-73.77736,1089,65.0,67.0,65.0,89.0,61.7,0.000,0.000,0.00,0.000,0.0,0.9,0.2,350,0,0.8,1.2,0.2,336,11,0.0,0.9,0.2,350,0,0,28.90,,0,0,0,69.3,66.0,64.4,0.10,0.17,0.13
CHES,2017-08-21 22:35:00 EDT,43.65390,-73.77736,1089,64.7,66.8,64.7,89.7,61.6,0.000,0.000,0.00,0.000,0.0,0.0,0.0,0,0,0.7,0.9,0.1,317,17,0.0,0.0,0.0,0,0,1,28.91,,0,0,0,69.3,66.0,64.4,0.10,0.17,0.13
CHES,2017-08-21 22:40:00 EDT,43.65390,-73.77736,1089,64.5,66.3,64.5,89.5,61.4,0.000,0.000,0.00,0.000,0.7,1.4,0.6,263,6,1.1,1.5,0.3,264,16,0.7,1.4,0.6,263,6,1,28.90,,0,0,0,69.3,66.0,64.4,0.10,0.17,0.13
CHES,2017-08-21 22:45:00 EDT,43.65390,-73.77736,1089,64.3,66.1,64.3,89.1,61.0,0.000,0.000,0.00,0.000,1.0,1.8,0.5,278,14,1.2,2.1,0.4,280,15,1.0,1.8,0.5,278,14,1,28.90,,0,0,0,69.3,66.0,64.4,0.09,0.18,0.13
CHES,2017-08-21 22:50:00 EDT,43.65390,-73.77736,1089,64.7,67.0,64.7,90.4,61.8,0.000,0.000,0.00,0.000,0.6,2.7,0.7,311,29,1.1,3.7,0.7,301,39,0.6,2.7,0.7,311,29,1,28.90,,0,0,0,69.0,66.0,64.4,0.10,0.17,0.13
CHES,2017-08-21 22:55:00 EDT,43.65390,-73.77736,1089,64.3,66.7,64.3,90.5,61.4,0.000,0.000,0.00,0.000,1.2,2.3,0.7,306,8,1.4,2.8,0.6,304,11,1.2,2.3,0.7,306,8,1,28.90,,0,0,0,68.9,66.0,64.4,0.09,0.17,0.13
CHES,2017-08-21 23:00:00 EDT,43.65390,-73.77736,1089,64.7,67.1,64.7,88.2,61.2,0.000,0.000,0.00,0.000,1.7,2.8,0.6,308,22,2.0,3.1,0.6,308,21,1.7,2.8,0.6,308,22,1,28.90,,0,0,0,68.9,66.0,64.4,0.10,0.17,0.14
CHES,2017-08-21 23:05:00 EDT,43.65390,-73.77736,1089,64.3,66.6,64.3,87.6,60.5,0.000,0.000,0.00,0.000,1.4,4.6,1.1,212,31,1.7,5.7,1.1,212,38,1.4,4.6,1.1,212,31,1,28.90,,0,0,0,68.8,66.0,64.4,0.09,0.17,0.13
CHES,2017-08-21 23:10:00 EDT,43.65390,-73.77736,1089,64.7,69.7,64.7,86.1,60.5,0.000,0.000,0.00,0.000,5.3,7.2,0.8,201,8,5.7,8.1,0.9,197,7,5.3,7.2,0.8,201,8,1,28.90,,0,0,0,68.6,66.0,64.4,0.09,0.17,0.14
CHES,2017-08-21 23:15:00 EDT,43.65390,-73.77736,1089,65.1,68.4,65.1,83.5,60.0,0.000,0.000,0.00,0.000,2.6,6.9,2.0,207,14,2.7,7.5,1.9,203,31,2.6,6.9,2.0,207,14,1,28.90,,0,0,0,68.5,66.0,64.4,0.09,0.17,0.13
CHES,2017-08-21 23:20:00 EDT,43.65390,-73.77736,1089,64.2,67.1,64.2,88.7,60.8,0.000,0.000,0.00,0.000,0.8,2.0,0.5,324,19,1.2,3.0,0.5,330,23,0.8,2.0,0.5,324,19,1,28.90,,0,0,0,68.5,66.0,64.4,0.10,0.17,0.13
CHES,2017-08-21 23:25:00 EDT,43.65390,-73.77736,1089,63.5,67.1,63.5,90.0,60.5,0.000,0.000,0.00,0.000,1.0,2.0,0.3,9,23,1.4,2.2,0.3,13,24,1.0,2.0,0.3,9,23,1,28.90,,0,0,0,68.5,66.0,64.4,0.09,0.17,0.13
CHES,2017-08-21 23:30:00 EDT,43.65390,-73.77736,1089,63.1,65.6,63.1,91.6,60.7,0.000,0.000,0.00,0.000,1.5,2.0,0.3,77,5,1.9,2.6,0.4,73,9,1.5,2.0,0.3,77,5,1,28.90,,0,0,0,68.3,66.0,64.4,0.09,0.18,0.13
CHES,2017-08-21 23:35:00 EDT,43.65390,-73.77736,1089,63.2,65.6,63.2,92.3,60.9,0.000,0.000,0.00,0.000,1.8,2.3,0.2,82,3,2.2,2.9,0.3,76,6,1.8,2.3,0.2,82,3,1,28.90,,0,0,0,68.2,66.0,64.4,0.09,0.17,0.13
CHES,2017-08-21 23:40:00 EDT,43.65390,-73.77736,1089,62.8,64.7,62.8,92.3,60.5,0.000,0.000,0.00,0.000,2.2,3.4,0.5,113,17,2.4,4.0,0.6,109,17,2.2,3.4,0.5,113,17,1,28.90,,0,0,0,68.2,66.0,64.4,0.09,0.17,0.13
CHES,2017-08-21 23:45:00 EDT,43.65390,-73.77736,1089,62.9,64.1,62.9,91.7,60.4,0.000,0.000,0.00,0.000,1.6,2.5,0.5,164,7,1.8,2.9,0.5,158,10,1.6,2.5,0.5,164,7,1,28.90,,0,0,0,68.2,66.0,64.4,0.09,0.17,0.13
CHES,2017-08-21 23:50:00 EDT,43.65390,-73.77736,1089,63.4,64.6,63.4,93.5,61.5,0.000,0.000,0.00,0.000,0.7,1.7,0.7,17,16,1.0,1.9,0.6,10,39,0.7,1.7,0.7,17,16,1,28.90,,0,0,0,68.0,66.0,64.4,0.09,0.18,0.13
CHES,2017-08-21 23:55:00 EDT,43.65390,-73.77736,1089,63.3,64.9,63.3,92.9,61.2,0.000,0.000,0.00,0.000,0.5,1.2,0.5,348,5,0.9,1.7,0.4,332,38,0.5,1.2,0.5,348,5,1,28.90,,0,0,0,67.8,66.0,64.4,0.09,0.17,0.13
CINC,2017-08-21 00:00:00 EDT,42.52242,-75.97562,1391,59.0,59.5,59.0,98.7,58.6,0.000,0.000,0.00,0.000,1.2,1.7,0.3,22,10,1.4,1.9,0.3,33,11,1.2,1.7,0.3,22,10,0,28.71,,0,0,0,67.9,66.4,66.4,0.54,0.43,0.39
CINC,2017-08-21 00:05:00 EDT,42.52242,-75.97562,1391,58.8,59.2,58.8,98.7,58.4,0.000,0.000,0.00,0.000,0.6,1.1,0.3,33,0,1.1,1.5,0.2,48,7,0.6,1.1,0.3,33,0,0,28.71,,0,0,0,67.9,66.4,66.4,0.54,0.43,0.39
CINC,2017-08-21 00:10:00 EDT,42.52242,-75.97562,1391,58.6,59.1,58.6,98.7,58.3,0.000,0.000,0.00,0.000,1.6,1.8,0.2,19,8,1.9,2.3,0.2,25,7,1.6,1.8,0.2,19,8,0,28.71,,0,0,0,67.8,66.5,66.4,0.54,0.43,0.39
CINC,2017-08-21 00:15:00 EDT,42.52242,-75.97562,1391,58.6,59.0,58.6,98.8,58.2,0.000,0.000,0.00,0.000,1.6,1.8,0.1,13,0,1.9,2.1,0.1,21,4,1.6,1.8,0.1,13,0,0,28.71,,0,0,0,67.9,66.4,66.4,0.54,0.43,0.39
CINC,2017-08-21 00:20:00 EDT,42.52242,-75.97562,1391,58.7,59.2,58.7,98.8,58.3,0.000,0.000,0.00,0.000,1.3,1.5,0.1,9,2,1.6,2.1,0.2,13,5,1.3,1.5,0.1,9,2,0,28.72,,0,,,67.9,,,0.54,0.43,0.39
CINC,2017-08-21 00:25:00 EDT,42.52242,-75.97562,1391,58.6,59.0,58.6,98.8,58.3,0.000,0.000,0.00,0.000,0.5,1.2,0.4,16,9,1.3,1.7,0.1,45,9,0.5,1.2,0.4,16,9,0,28.72,,0,0,0,67.8,66.5,66.4,0.54,0.43,0.39
CINC,2017-08-21 00:30:00 EDT,42.52242,-75.97562,1391,58.8,59.2,58.8,98.9,58.4,0.000,0.000,0.00,0.000,1.4,1.7,0.2,19,10,1.8,2.2,0.2,20,11,1.4,1.7,0.2,19,10,0,28.72,,0,0,0,67.9,66.4,66.4,0.54,0.43,0.39
CINC,2017-08-21 00:35:00 EDT,42.52242,-75.97562,1391,58.8,59.4,58.8,98.9,58.5,0.000,0.000,0.00,0.000,1.7,2.0,0.2,11,3,2.0,2.3,0.2,22,5,1.7,2.0,0.2,11,3,0,28.71,,0,0,0,67.8,66.4,66.4,0.54,0.43,0.39
CINC,2017-08-21 00:40:00 EDT,42.52242,-75.97562,1391,58.8,59.2,58.8,98.9,58.5,0.000,0.000,0.00,0.000,1.7,2.0,0.2,18,0,1.9,2.2,0.2,28,2,1.7,2.0,0.2,18,0,0,28.71,,0,0,0,67.8,66.5,66.4,0.54,0.43,0.39
CINC,2017-08-21 00:45:00 EDT,42.52242,-75.97562,1391,58.7,59.2,58.7,98.9,58.4,0.000,0.000,0.00,0.000,1.4,2.0,0.4,20,2,1.6,2.3,0.3,31,4,1.4,2.0,0.4,20,2,0,28.71,,0,0,0,67.8,66.5,66.4,0.54,0.43,0.39
CINC,2017-08-21 00:50:00 EDT,42.52242,-75.97562,1391,58.8,59.2,58.8,98.9,58.5,0.000,0.000,0.00,0.000,0.6,1.1,0.4,24,0,1.0,1.5,0.4,24,4,0.6,1.1,0.4,24,0,0,28.71,,0,,,67.8,,,0.54,0.43,0.39
CINC,2017-08-21 00:55:00 EDT,42.52242,-75.97562,1391,58.9,59.5,58.9,99.0,58.6,0.000,0.000,0.00,0.000,0.1,1.1,0.3,24,0,0.9,1.5,0.4,22,11,0.1,1.1,0.3,24,0,0,28.71,,0,0,0,67.8,66.5,66.4,0.54,0.43,0.39
CINC,2017-08-21 01:00:00 EDT,42.52242,-75.97562,1391,59.0,59.6,59.0,99.0,58.7,0.000,0.000,0.00,0.000,1.2,1.5,0.2,12,6,1.5,1.9,0.2,16,10,1.2,1.5,0.2,12,6,0,28.71,,0,0,0,67.7,66.4,66.4,0.54,0.43,0.39
CINC,2017-08-21 01:05:00 EDT,42.52242,-75.97562,1391,59.0,59.4,59.0,99.0,58.7,0.000,0.000,0.00,0.000,1.4,1.7,0.2,3,8,1.7,2.0,0.1,18,8,1.4,1.7,0.2,3,8,0,28.71,,0,0,0,67.7,66.4,66.4,0.54,0.43,0.39
CINC,2017-08-21 01:10:00 EDT,42.52242,-75.97562,1391,58.9,59.4,58.9,99.0,58.6,0.000,0.000,0.00,0.000,1.1,1.4,0.2,11,5,1.5,1.7,0.2,17,7,1.1,1.4,0.2,11,5,0,28.71,,0,0,0,67.7,66.5,66.4,0.54,0.43,0.39
CINC,2017-08-21 01:15:00 EDT,42.52242,-75.97562,1391,58.7,59.2,58.7,99.0,58.4,0.000,0.000,0.00,0.000,0.3,0.9,0.3,2,0,1.2,1.4,0.1,40,8,0.3,0.9,0.3,2,0,0,28.71,,0,0,0,67.8,66.5,66.4,0.54,0.43,0.39
CINC,2017-08-21 01:20:00 EDT,42.52242,-75.97562,1391,58.4,59.1,58.4,98.9,58.1,0.000,0.000,0.00,0.000,0.5,1.0,0.3,2,0,1.2,1.5,0.2,32,13,0.5,1.0,0.3,2,0,0,28.71,,0,,,67.7,,,0.54,0.43,0.39
CINC,2017-08-21 01:25:00 EDT,42.52242,-75.97562,1391,58.5,59.2,58.5,98.9,58.2,0.000,0.000,0.00,0.000,0.9,1.6,0.2,6,7,1.4,1.9,0.2,30,9,0.9,1.6,0.2,6,7,0,28.71,,0,0,0,67.6,66.5,66.4,0.54,0.43,0.39
CINC,2017-08-21 01:30:00 EDT,42.52242,-75.97562,1391,58.6,59.1,58.6,99.0,58.3,0.000,0.000,0.00,0.000,2.1,2.5,0.3,8,8,2.5,3.0,0.3,14,9,2.1,2.5,0.3,8,8,0,28.71,,0,0,0,67.6,66.5,66.4,0.54,0.43,0.39
CINC,2017-08-21 01:35:00 EDT,42.52242,-75.97562,1391,58.6,59.1,58.6,99.0,58.3,0.000,0.000,0.00,0.000,1.2,2.3,0.5,10,8,1.5,2.6,0.5,19,8,1.2,2.3,0.5,10,8,0,28.71,,0,0,0,67.6,66.5,66.4,0.54,0.43,0.39
CINC,2017-08-21 01:40:00 EDT,42.52242,-75.97562,1391,58.3,58.8,58.3,99.0,58.0,0.000,0.000,0.00,0.000,0.0,0.4,0.1,18,0,0.7,0.9,0.2,44,4,0.0,0.4,0.1,18,0,0,28.71,,0,0,0,67.6,66.4,66.4,0.53,0.43,0.39
CINC,2017-08-21 01:45:00 EDT,42.52242,-75.97562,1391,57.8,58.7,57.8,98.9,57.5,0.000,0.000,0.00,0.000,0.8,1.8,0.5,18,0,1.3,1.9,0.3,39,8,0.8,1.8,0.5,18,0,0,28.71,,0,0,0,67.5,66.5,66.4,0.53,0.43,0.39
CINC,2017-08-21 01:50:00 EDT,42.52242,-75.97562,1391,58.2,58.7,58.2,99.0,57.9,0.000,0.000,0.00,0.000,1.4,1.8,0.2,19,3,1.6,1.9,0.2,31,6,1.4,1.8,0.2,19,3,0,28.71,,0,,,67.5,,,0.54,0.43,0.39
CINC,2017-08-21 01:55:00 EDT,42.52242,-75.97562,1391,58.3,58.7,58.3,99.0,58.0,0.000,0.000,0.00,0.000,1.2,1.5,0.1,16,5,1.6,1.9,0.2,18,8,1.2,1.5,0.1,16,5,0,28.71,,0,0,0,67.5,66.5,66.4,0.53,0.43,0.39
CINC,2017-08-21 02:00:00 EDT,42.52242,-75.97562,1391,58.4,58.7,58.4,99.1,58.1,0.000,0.000,0.00,0.000,0.9,1.6,0.5,4,2,1.3,2.3,0.6,13,9,0.9,1.6,0.5,4,2,0,28.71,,0,0,0,67.5,66.4,66.5,0.54,0.43,0.39
CINC,2017-08-21 02:05:00 EDT,42.52242,-75.97562,1391,57.5,58.4,57.5,99.0,57.2,0.000,0.000,0.00,0.000,0.1,0.7,0.2,3,0,1.0,1.4,0.3,40,8,0.1,0.7,0.2,3,0,0,28.71,,0,0,0,67.5,66.4,66.5,0.54,0.43,0.39
CINC,2017-08-21 02:10:00 EDT,42.52242,-75.97562,1391,57.5,58.2,57.5,98.9,57.2,0.000,0.000,0.00,0.000,0.3,0.9,0.3,3,0,1.1,1.4,0.1,41,10,0.3,0.9,0.3,3,0,0,28.71,,0,0,0,67.5,66.4,66.5,0.53,0.43,0.39
CINC,2017-08-21 02:15:00 EDT,42.52242,-75.97562,1391,57.9,58.4,57.9,99.0,57.6,0.000,0.000,0.00,0.000,1.2,1.4,0.1,3,0,1.6,1.9,0.1,13,8,1.2,1.4,0.1,3,0,0,28.71,,0,0,0,67.5,66.4,66.4,0.53,0.43,0.39
CINC,2017-08-21 02:20:00 EDT,42.52242,-75.97562,1391,57.9,58.5,57.9,99.1,57.7,0.000,0.000,0.00,0.000,1.5,1.8,0.2,3,2,1.9,2.3,0.2,11,6,1.5,1.8,0.2,3,2,0,28.71,,0,,,67.5,,,0.54,0.43,0.39
CINC,2017-08-21 02:25:00 EDT,42.52242,-75.97562,1391,57.6,58.4,57.6,99.0,57.4,0.000,0.000,0.00,0.000,1.4,1.8,0.2,3,7,1.7,2.2,0.3,13,11,1.4,1.8,0.2,3,7,0,28.71,,0,0,0,67.5,66.4,66.4,0.54,0.43,0.39
CINC,2017-08-21 02:30:00 EDT,42.52242,-75.97562,1391,57.4,58.0,57.4,99.0,57.2,0.000,0.000,0.00,0.000,1.3,1.7,0.2,32,3,1.6,1.9,0.2,39,4,1.3,1.7,0.2,32,3,0,28.71,,0,0,0,67.4,66.4,66.5,0.54,0.43,0.39
CINC,2017-08-21 02:35:00 EDT,42.52242,-75.97562,1391,57.6,57.9,57.6,99.1,57.3,0.000,0.000,0.00,0.000,1.6,1.9,0.2,25,6,1.8,2.2,0.2,30,7,1.6,1.9,0.2,25,6,0,28.71,,0,0,0,67.4,66.5,66.5,0.54,0.43,0.39
CINC,2017-08-21 02:40:00 EDT,42.52242,-75.97562,1391,57.5,58.0,57.5,99.1,57.2,0.000,0.000,0.00,0.000,1.9,2.0,0.1,9,3,2.1,2.6,0.1,20,5,1.9,2.0,0.1,9,3,0,28.71,,0,0,0,67.4,66.5,66.4,0.54,0.43,0.39
CINC,2017-08-21 02:45:00 EDT,42.52242,-75.97562,1391,57.4,57.9,57.4,99.1,57.1,0.000,0.000,0.00,0.000,1.6,2.0,0.2,20,3,1.8,2.1,0.1,27,7,1.6,2.0,0.2,20,3,0,28.71,,0,0,0,67.4,66.4,66.5,0.54,0.43,0.39
CINC,2017-08-21 02:50:00 EDT,42.52242,-75.97562,1391,57.5,58.1,57.5,99.1,57.3,0.000,0.000,0.00,0.000,1.0,1.5,0.2,8,4,1.5,2.2,0.2,9,9,1.0,1.5,0.2,8,4,0,28.71,,0,,,67.3,,,0.53,0.43,0.39
CINC,2017-08-21 02:55:00 EDT,42.52242,-75.97562,1391,56.7,57.7,56.7,99.0,56.5,0.000,0.000,0.00,0.000,1.4,1.8,0.3,27,5,1.7,2.1,0.2,39,4,1.4,1.8,0.3,27,5,0,28.72,,0,0,0,67.3,66.4,66.4,0.53,0.43,0.39
CINC,2017-08-21 03:00:00 EDT,42.52242,-75.97562,1391,57.1,57.5,57.1,99.0,56.8,0.000,0.000,0.00,0.000,0.6,1.2,0.2,30,0,1.0,1.5,0.1,34,6,0.6,1.2,0.2,30,0,0,28.72,,0,0,0,67.3,66.5,66.4,0.54,0.43,0.39
CINC,2017-08-21 03:05:00 EDT,42.52242,-75.97562,1391,57.1,57.5,57.1,99.1,56.8,0.000,0.000,0.00,0.000,1.3,1.8,0.4,22,7,1.6,2.1,0.3,27,10,1.3,1.8,0.4,22,7,0,28.71,,0,0,0,67.3,66.4,66.5,0.54,0.43,0.39
CINC,2017-08-21 03:10:00 EDT,42.52242,-75.97562,1391,57.1,57.6,57.1,99.2,56.9,0.000,0.000,0.00,0.000,1.5,2.4,0.5,1,4,2.0,3.0,0.5,7,3,1.5,2.4,0.5,1,4,0,28.71,,0,0,0,67.3,66.4,66.5,0.53,0.43,0.39
CINC,2017-08-21 03:15:00 EDT,42.52242,-75.97562,1391,57.0,57.6,57.0,99.1,56.8,0.000,0.000,0.00,0.000,1.4,2.3,0.5,12,12,1.7,3.0,0.5,23,16,1.4,2.3,0.5,12,12,0,28.71,,0,0,0,67.2,66.5,66.5,0.54,0.43,0.39
CINC,2017-08-21 03:20:00 EDT,42.52242,-75.97562,1391,56.1,57.0,56.1,99.0,55.9,0.000,0.000,0.00,0.000,0.0,0.0,0.0,0,0,0.2,1.0,0.4,60,4,0.0,0.0,0.0,0,0,0,28.71,,0,,,67.2,,,0.53,0.43,0.39
CINC,2017-08-21 03:25:00 EDT,42.52242,-75.97562,1391,56.2,57.1,56.2,99.0,55.9,0.000,0.000,0.00,0.000,0.0,0.0,0.0,0,0,0.2,1.0,0.4,46,2,0.0,0.0,0.0,0,0,0,28.71,,0,0,0,67.2,66.4,66.5,0.53,0.43,0.39
CINC,2017-08-21 03:30:00 EDT,42.52242,-75.97562,1391,56.4,57.3,56.4,99.0,56.1,0.000,0.000,0.00,0.000,0.1,0.9,0.3,26,0,0.7,1.3,0.4,47,11,0.1,0.9,0.3,26,0,0,28.71,,0,0,0,67.2,66.5,66.5,0.53,0.43,0.39
CINC,2017-08-21 03:35:00 EDT,42.52242,-75.97562,1391,56.7,57.4,56.7,99.2,56.5,0.000,0.000,0.00,0.000,1.0,1.8,0.4,4,20,1.5,2.6,0.5,9,14,1.0,1.8,0.4,4,20,0,28.71,,0,0,0,67.2,66.4,66.5,0.53,0.43,0.39
CINC,2017-08-21 03:40:00 EDT,42.52242,-75.97562,1391,56.8,57.4,56.8,99.2,56.5,0.000,0.000,0.00,0.000,1.6,2.2,0.3,357,7,2.1,2.7,0.3,4,5,1.6,2.2,0.3,357,7,0,28.71,,0,0,0,67.2,66.4,66.5,0.53,0.43,0.39
CINC,2017-08-21 03:45:00 EDT,42.52242,-75.97562,1391,56.9,57.3,56.9,99.2,56.6,0.000,0.000,0.00,0.000,1.5,1.8,0.2,356,4,2.1,2.6,0.2,5,5,1.5,1.8,0.2,356,4,0,28.71,,0,0,0,67.2,66.4,66.5,0.53,0.43,0.39
CINC,2017-08-21 03:50:00 EDT,42.52242,-75.97562,1391,56.5,57.0,56.5,99.1,56.2,0.000,0.000,0.00,0.000,0.3,1.2,0.4,18,5,0.8,1.6,0.5,45,15,0.3,1.2,0.4,18,5,0,28.71,,0,,,67.2,,,0.53,0.43,0.39
CINC,2017-08-21 03:55:00 EDT,42.52242,-75.97562,1391,56.3,56.9,56.3,99.1,56.1,0.000,0.000,0.00,0.000,0.0,0.0,0.0,0,0,0.1,1.0,0.3,1,2,0.0,0.0,0.0,0,0,0,28.71,,0,0,0,67.1,66.5,66.5,0.53,0.43,0.39
CINC,2017-08-21 04:00:00 EDT,42.52242,-75.97562,1391,56.6,57.3,56.6,99.2,56.4,0.000,0.000,0.00,0.000,0.0,0.0,0.0,0,0,0.8,1.2,0.4,19,12,0.0,0.0,0.0,0,0,0,28.71,,0,0,0,67.2,66.5,66.5,0.53,0.43,0.39
CINC,2017-08-21 04:05:00 EDT,42.52242,-75.97562,1391,56.3,56.8,56.3,99.2,56.1,0.000,0.000,0.00,0.000,0.1,0.9,0.3,26,8,0.4,1.5,0.5,35,6,0.1,0.9,0.3,26,8,0,28.71,,0,0,0,67.1,66.5,66.4,0.53,0.43,0.39
CINC,2017-08-21 04:10:00 EDT,42.52242,-75.97562,1391,56.2,56.4,56.2,99.1,56.0,0.000,0.000,0.00,0.000,0.0,0.0,0.0,0,0,0.0,0.0,0.0,0,0,0.0,0.0,0.0,0,0,0,28.71,,0,0,0,67.1,66.4,66.5,0.53,0.43,0.39
CINC,2017-08-21 04:15:00 EDT,42.52242,-75.97562,1391,56.1,56.4,56.1,99.1,55.9,0.000,0.000,0.00,0.000,0.0,0.0,0.0,0,0,0.0,0.0,0.0,0,0,0.0,0.0,0.0,0,0,0,28.72,,0,0,0,67.1,66.3,66.5,0.53,0.43,0.39
CINC,2017-08-21 04:20:00 EDT,42.52242,-75.97562,1391,56.2,56.4,56.2,99.2,55.9,0.000,0.000,0.00,0.000,0.0,0.0,0.0,0,0,0.5,1.1,0.4,39,10,0.0,0.0,0.0,0,0,0,28.72,,0,,,67.1,,,0.53,0.43,0.39
CINC,2017-08-21 04:25:00 EDT,42.52242,-75.97562,1391,55.9,56.3,55.9,99.2,55.7,0.000,0.000,0.00,0.000,0.8,1.2,0.3,22,9,1.2,1.5,0.2,33,10,0.8,1.2,0.3,22,9,0,28.71,,0,0,0,67.0,66.4,66.6,0.53,0.43,0.39
CINC,2017-08-21 04:30:00 EDT,42.52242,-75.97562,1391,55.8,56.2,55.8,99.1,55.5,0.000,0.000,0.00,0.000,0.4,1.0,0.4,31,0,0.6,1.3,0.5,43,5,0.4,1.0,0.4,31,0,0,28.71,,0,0,0,67.1,66.4,66.5,0.53,0.43,0.39
CINC,2017-08-21 04:35:00 EDT,42.52242,-75.97562,1391,55.6,56.1,55.6,99.1,55.4,0.000,0.000,0.00,0.000,0.0,0.0,0.0,0,0,0.0,0.0,0.0,0,0,0.0,0.0,0.0,0,0,0,28.72,,0,0,0,67.0,66.3,66.5,0.53,0.43,0.39
CINC,2017-08-21 04:40:00 EDT,42.52242,-75.97562,1391,55.6,55.9,55.6,99.2,55.3,0.000,0.000,0.00,0.000,0.0,0.0,0.0,0,0,0.1,0.8,0.2,63,1,0.0,0.0,0.0,0,0,0,28.72,,0,0,0,67.0,66.4,66.5,0.53,0.43,0.39
CINC,2017-08-21 04:45:00 EDT,42.52242,-75.97562,1391,55.5,55.9,55.5,99.2,55.2,0.000,0.000,0.00,0.000,0.0,0.0,0.0,0,0,0.0,0.7,0.1,69,0,0.0,0.0,0.0,0,0,0,28.72,,0,0,0,66.9,66.3,66.5,0.53,0.43,0.39
CINC,2017-08-21 04:50:00 EDT,42.52242,-75.97562,1391,55.3,55.8,55.3,99.2,55.1,0.000,0.000,0.00,0.000,0.0,0.0,0.0,0,0,0.3,1.1,0.4,28,2,0.0,0.0,0.0,0,0,0,28.72,,0,,,66.9,,,0.53,0.43,0.39
CINC,2017-08-21 04:55:00 EDT,42.52242,-75.97562,1391,55.5,56.1,55.5,99.2,55.3,0.000,0.000,0.00,0.000,0.4,1.1,0.4,10,1,0.7,1.5,0.6,17,5,0.4,1.1,0.4,10,1,0,28.72,,0,0,0,66.9,66.4,66.5,0.53,0.43,0.39
CINC,2017-08-21 05:00:00 EDT,42.52242,-75.97562,1391,54.9,55.7,54.9,99.2,54.6,0.000,0.000,0.00,0.000,0.0,0.0,0.0,0,0,0.9,1.6,0.5,42,7,0.0,0.0,0.0,0,0,0,28.72,,0,0,0,66.9,66.4,66.5,0.53,0.43,0.39
CINC,2017-08-21 05:05:00 EDT,42.52242,-75.97562,1391,55.2,55.6,55.2,99.2,54.9,0.000,0.000,0.00,0.000,0.0,0.0,0.0,0,0,1.1,1.4,0.1,35,8,0.0,0.0,0.0,0,0,0,28.72,,0,0,0,66.8,66.3,66.6,0.53,0.43,0.39
CINC,2017-08-21 05:10:00 EDT,42.52242,-75.97562,1391,55.4,55.8,55.4,99.2,55.2,0.000,0.000,0.00,0.000,0.8,1.5,0.6,13,7,1.6,2.4,0.2,19,13,0.8,1.5,0.6,13,7,0,28.72,,0,0,0,66.8,66.3,66.6,0.53,0.43,0.39
CINC,2017-08-21 05:15:00 EDT,42.52242,-75.97562,1391,55.5,56.0,55.5,99.3,55.3,0.000,0.000,0.00,0.000,1.3,1.7,0.1,354,2,1.8,2.4,0.2,5,3,1.3,1.7,0.1,354,2,0,28.72,,0,0,0,66.7,66.3,66.5,0.53,0.43,0.39
CINC,2017-08-21 05:20:00 EDT,42.52242,-75.97562,1391,55.2,55.6,55.2,99.2,55.0,0.000,0.000,0.00,0.000,1.3,1.7,0.2,18,10,1.6,2.0,0.2,28,9,1.3,1.7,0.2,18,10,0,28.72,,0,,,66.7,,,0.53,0.43,0.39
CINC,2017-08-21 05:25:00 EDT,42.52242,-75.97562,1391,55.2,55.5,55.2,99.2,55.0,0.000,0.000,0.00,0.000,0.8,1.2,0.2,24,0,1.2,1.5,0.1,31,5,0.8,1.2,0.2,24,0,0,28.72,,0,0,0,66.7,66.3,66.5,0.53,0.43,0.39
CINC,2017-08-21 05:30:00 EDT,42.52242,-75.97562,1391,55.1,55.5,55.1,99.2,54.9,0.000,0.000,0.00,0.000,0.4,1.0,0.4,24,0,0.7,1.4,0.6,44,9,0.4,1.0,0.4,24,0,0,28.72,,0,0,0,66.7,66.3,66.5,0.53,0.43,0.39
CINC,2017-08-21 05:35:00 EDT,42.52242,-75.97562,1391,55.0,55.3,55.0,99.2,54.8,0.000,0.000,0.00,0.000,0.0,0.0,0.0,0,0,0.1,1.2,0.2,142,10,0.0,0.0,0.0,0,0,0,28.72,,0,0,0,66.7,66.3,66.6,0.53,0.43,0.39
CINC,2017-08-21 05:40:00 EDT,42.52242,-75.97562,1391,54.8,55.2,54.8,99.2,54.6,0.000,0.000,0.00,0.000,0.0,0.0,0.0,0,0,0.0,0.0,0.0,0,0,0.0,0.0,0.0,0,0,0,28.72,,0,0,0,66.7,66.2,66.5,0.53,0.43,0.39
CINC,2017-08-21 05:45:00 EDT,42.52242,-75.97562,1391,55.0,55.3,55.0,99.3,54.8,0.000,0.000,0.00,0.000,0.0,0.0,0.0,0,0,0.0,0.8,0.1,52,4,0.0,0.0,0.0,0,0,0,28.72,,0,0,0,66.7,66.2,66.5,0.53,0.43,0.39
CINC,2017-08-21 05:50:00 EDT,42.52242,-75.97562,1391,55.2,55.5,55.2,99.3,55.0,0.000,0.000,0.00,0.000,0.0,0.0,0.0,0,0,0.5,1.1,0.4,21,7,0.0,0.0,0.0,0,0,0,28.72,,0,,,66.6,,,0.53,0.43,0.39
CINC,2017-08-21 05:55:00 EDT,42.52242,-75.97562,1391,55.2,55.4,55.2,99.3,55.0,0.000,0.000,0.00,0.000,0.0,0.0,0.0,0,0,1.4,1.7,0.1,17,9,0.0,0.0,0.0,0,0,0,28.72,,0,0,0,66.6,66.3,66.5,0.53,0.43,0.39
CINC,2017-08-21 06:00:00 EDT,42.52242,-75.97562,1391,55.2,55.6,55.2,99.3,55.0,0.000,0.000,0.00,0.000,0.0,0.0,0.0,0,0,0.2,1.6,0.5,348,5,0.0,0.0,0.0,0,0,0,28.72,,0,0,0,66.5,66.2,66.5,0.53,0.43,0.39
CINC,2017-08-21 06:05:00 EDT,42.52242,-75.97562,1391,55.2,55.5,55.2,99.3,55.0,0.000,0.000,0.00,0.000,0.7,1.6,0.6,39,4,1.3,1.9,0.4,42,6,0.7,1.6,0.6,39,4,1,28.72,,0,0,0,66.6,66.2,66.6,0.53,0.43,0.39
CINC,2017-08-21 06:10:00 EDT,42.52242,-75.97562,1391,55.3,55.3,55.3,99.3,55.1,0.000,0.000,0.00,0.000,1.3,1.8,0.3,22,8,1.6,2.2,0.2,27,7,1.3,1.8,0.3,22,8,1,28.73,,0,0,0,66.5,66.3,66.6,0.53,0.43,0.39
CINC,2017-08-21 06:15:00 EDT,42.52242,-75.97562,1391,55.2,55.3,55.2,99.3,55.0,0.000,0.000,0.00,0.000,1.3,1.9,0.6,29,4,1.4,2.1,0.6,36,4,1.3,1.9,0.6,29,4,2,28.73,,0,0,0,66.5,66.4,66.6,0.53,0.43,0.39
CINC,2017-08-21 06:20:00 EDT,42.52242,-75.97562,1391,55.4,55.5,55.4,99.3,55.2,0.000,0.000,0.00,0.000,0.0,0.0,0.0,0,0,0.0,1.0,0.2,104,2,0.0,0.0,0.0,0,0,3,28.73,,0,,,66.5,,,0.53,0.43,0.39
CINC,2017-08-21 06:25:00 EDT,42.52242,-75.97562,1391,55.4,55.5,55.4,99.4,55.2,0.000,0.000,0.00,0.000,0.0,0.0,0.0,0,0,0.3,0.9,0.4,94,7,0.0,0.0,0.0,0,0,4,28.72,,0,0,0,66.5,66.2,66.5,0.53,0.43,0.39
CINC,2017-08-21 06:30:00 EDT,42.52242,-75.97562,1391,55.4,55.5,55.4,99.4,55.3,0.000,0.000,0.00,0.000,0.0,0.0,0.0,0,0,0.2,0.9,0.4,68,4,0.0,0.0,0.0,0,0,7,28.72,,0,0,0,66.5,66.3,66.5,0.53,0.43,0.39
CINC,2017-08-21 06:35:00 EDT,42.52242,-75.97562,1391,55.5,55.5,55.5,99.4,55.3,0.000,0.000,0.00,0.000,0.0,0.0,0.0,0,0,0.1,0.9,0.2,8,1,0.0,0.0,0.0,0,0,9,28.72,,0,0,0,66.5,66.1,66.6,0.53,0.43,0.39
CINC,2017-08-21 06:40:00 EDT,42.52242,-75.97562,1391,55.5,55.5,55.5,99.4,55.3,0.000,0.000,0.00,0.000,0.0,0.0,0.0,0,0,0.1,1.0,0.3,18,3,0.0,0.0,0.0,0,0,13,28.72,,0,0,0,66.5,66.1,66.5,0.53,0.43,0.39
CINC,2017-08-21 06:45:00 EDT,42.52242,-75.97562,1391,55.6,55.6,55.6,99.4,55.5,0.000,0.000,0.00,0.000,0.8,1.8,0.6,25,8,1.3,2.1,0.5,30,11,0.8,1.8,0.6,25,8,23,28.72,,0,0,0,66.4,66.2,66.5,0.53,0.43,0.39
CINC,2017-08-21 06:50:00 EDT,42.52242,-75.97562,1391,55.7,55.8,55.7,99.4,55.6,0.000,0.000,0.00,0.000,1.6,2.0,0.1,358,6,2.2,2.8,0.2,4,4,1.6,2.0,0.1,358,6,25,28.72,,0,,,66.5,,,0.53,0.43,0.39
CINC,2017-08-21 06:55:00 EDT,42.52242,-75.97562,1391,56.0,56.0,56.0,99.4,55.8,0.000,0.000,0.00,0.000,0.9,2.0,0.7,223,47,1.3,2.4,0.7,235,52,0.9,2.0,0.7,223,47,31,28.72,,0,0,0,66.5,66.2,66.6,0.53,0.43,0.39
CINC,2017-08-21 07:00:00 EDT,42.52242,-75.97562,1391,56.0,55.9,56.0,99.4,55.8,0.000,0.000,0.00,0.000,1.2,2.0,0.5,200,11,1.4,2.5,0.5,207,14,1.2,2.0,0.5,200,11,29,28.73,,0,0,0,66.4,66.2,66.5,0.53,0.43,0.39
CINC,2017-08-21 07:05:00 EDT,42.52242,-75.97562,1391,55.9,55.8,55.9,99.4,55.8,0.000,0.000,0.00,0.000,1.3,1.8,0.3,180,8,1.6,2.3,0.3,188,10,1.3,1.8,0.3,180,8,40,28.73,,0,0,0,66.4,66.3,66.6,0.53,0.43,0.39
CINC,2017-08-21 07:10:00 EDT,42.52242,-75.97562,1391,56.0,55.9,56.0,99.4,55.8,0.000,0.000,0.00,0.000,0.4,1.4,0.5,159,12,0.7,1.9,0.6,149,22,0.4,1.4,0.5,159,12,58,28.73,,0,0,0,66.4,66.2,66.6,0.53,0.43,0.39
CINC,2017-08-21 07:15:00 EDT,42.52242,-75.97562,1391,56.3,56.1,56.3,99.4,56.1,0.000,0.000,0.00,0.000,0.7,1.8,0.5,35,9,1.1,2.4,0.5,46,14,0.7,1.8,0.5,35,9,69,28.73,,0,0,0,66.4,66.1,66.5,0.53,0.43,0.39
CINC,2017-08-21 07:20:00 EDT,42.52242,-75.97562,1391,56.6,56.4,56.6,99.4,56.5,0.000,0.000,0.00,0.000,0.3,1.2,0.5,42,2,0.5,1.7,0.6,51,8,0.3,1.2,0.5,42,2,88,28.73,,0,,,66.4,,,0.53,0.43,0.39
CINC,2017-08-21 07:25:00 EDT,42.52242,-75.97562,1391,56.7,56.6,56.7,99.4,56.6,0.000,0.000,0.00,0.000,0.1,0.7,0.2,222,0,0.3,1.3,0.4,244,15,0.1,0.7,0.2,222,0,91,28.73,,0,0,0,66.4,66.1,66.6,0.53,0.43,0.39
CINC,2017-08-21 07:30:00 EDT,42.52242,-75.97562,1391,57.0,56.9,57.0,99.4,56.8,0.000,0.000,0.00,0.000,0.0,0.4,0.1,222,0,0.1,1.1,0.3,175,22,0.0,0.4,0.1,222,0,73,28.73,,0,0,0,66.4,66.1,66.6,0.53,0.43,0.39
CINC,2017-08-21 07:35:00 EDT,42.52242,-75.97562,1391,57.2,57.1,57.2,99.4,57.1,0.000,0.000,0.00,0.000,0.4,1.2,0.4,358,14,1.0,2.0,0.5,2,22,0.4,1.2,0.4,358,14,77,28.73,,0,0,0,66.4,66.2,66.5,0.53,0.43,0.39
CINC,2017-08-21 07:40:00 EDT,42.52242,-75.97562,1391,57.5,57.4,57.5,99.4,57.4,0.000,0.000,0.00,0.000,0.3,1.0,0.4,261,12,0.5,1.8,0.6,276,24,0.3,1.0,0.4,261,12,114,28.73,,0,0,0,66.3,66.2,66.5,0.53,0.43,0.39
CINC,2017-08-21 07:45:00 EDT,42.52242,-75.97562,1391,57.7,57.6,57.7,99.4,57.5,0.000,0.000,0.00,0.000,0.8,1.5,0.4,203,18,1.1,2.5,0.5,212,21,0.8,1.5,0.4,203,18,85,28.73,,0,0,0,66.3,66.1,66.5,0.53,0.43,0.39
CINC,2017-08-21 07:50:00 EDT,42.52242,-75.97562,1391,57.7,57.6,57.7,99.4,57.5,0.000,0.000,0.00,0.000,0.6,1.5,0.4,210,13,0.9,2.0,0.5,216,18,0.6,1.5,0.4,210,13,33,28.73,,0,,,66.3,,,0.53,0.43,0.39
CINC,2017-08-21 07:55:00 EDT,42.52242,-75.97562,1391,57.5,57.4,57.5,99.4,57.3,0.000,0.000,0.00,0.000,1.3,2.2,0.6,202,11,1.5,2.3,0.4,210,13,1.3,2.2,0.6,202,11,41,28.73,,0,0,0,66.3,66.1,66.6,0.53,0.43,0.39
CINC,2017-08-21 08:00:00 EDT,42.52242,-75.97562,1391,57.3,57.3,57.3,99.4,57.2,0.000,0.000,0.00,0.000,0.9,2.0,0.6,205,18,1.1,2.0,0.5,203,27,0.9,2.0,0.6,205,18,70,28.73,,0,0,0,66.2,66.1,66.6,0.53,0.43,0.39
CINC,2017-08-21 08:05:00 EDT,42.52242,-75.97562,1391,57.4,57.3,57.4,99.4,57.3,0.000,0.000,0.00,0.000,0.8,1.7,0.5,169,13,1.1,1.9,0.5,174,19,0.8,1.7,0.5,169,13,54,28.73,,0,0,0,66.1,66.1,66.6,0.53,0.43,0.39
CINC,2017-08-21 08:10:00 EDT,42.52242,-75.97562,1391,57.8,57.5,57.8,99.4,57.7,0.000,0.000,0.00,0.000,0.0,0.0,0.0,0,0,0.4,1.3,0.5,134,22,0.0,0.0,0.0,0,0,150,28.73,,0,0,0,66.2,66.1,66.5,0.53,0.43,0.39
CINC,2017-08-21 08:15:00 EDT,42.52242,-75.97562,1391,58.2,58.0,58.2,99.4,58.0,0.000,0.000,0.00,0.000,0.1,0.9,0.2,59,5,0.4,1.6,0.5,59,14,0.1,0.9,0.2,59,5,220,28.73,,0,0,0,66.1,66.1,66.6,0.53,0.43,0.39
CINC,2017-08-21 08:20:00 EDT,42.52242,-75.97562,1391,59.2,58.6,59.2,99.3,59.0,0.000,0.000,0.00,0.000,0.0,0.6,0.1,62,2,0.8,1.5,0.5,24,37,0.0,0.6,0.1,62,2,260,28.73,,0,,,66.1,,,0.53,0.43,0.39
CINC,2017-08-21 08:25:00 EDT,42.52242,-75.97562,1391,60.0,59.4,60.0,99.2,59.8,0.000,0.000,0.00,0.000,0.0,0.0,0.0,0,0,0.4,1.5,0.5,79,26,0.0,0.0,0.0,0,0,297,28.73,,0,0,0,66.1,66.0,66.6,0.53,0.43,0.39
CINC,2017-08-21 08:30:00 EDT,42.52242,-75.97562,1391,60.4,59.8,60.4,99.2,60.2,0.000,0.000,0.00,0.000,0.3,1.3,0.4,157,5,0.7,1.9,0.6,147,20,0.3,1.3,0.4,157,5,282,28.73,,0,0,0,66.1,66.2,66.6,0.53,0.43,0.39
CINC,2017-08-21 08:35:00 EDT,42.52242,-75.97562,1391,60.6,60.3,60.6,99.1,60.3,0.000,0.000,0.00,0.000,0.6,1.5,0.4,163,9,0.8,1.9,0.6,171,11,0.6,1.5,0.4,163,9,323,28.72,,0,0,0,66.0,66.1,66.5,0.52,0.43,0.39
CINC,2017-08-21 08:40:00 EDT,42.52242,-75.97562,1391,61.5,60.9,61.5,99.1,61.3,0.000,0.000,0.00,0.000,0.2,1.0,0.3,169,12,0.5,1.7,0.5,156,35,0.2,1.0,0.3,169,12,353,28.72,,0,0,0,66.1,66.1,66.5,0.52,0.43,0.39
CINC,2017-08-21 08:45:00 EDT,42.52242,-75.97562,1391,62.1,61.3,62.1,98.7,61.7,0.000,0.000,0.00,0.000,0.6,1.6,0.5,77,17,1.1,2.5,0.7,77,20,0.6,1.6,0.5,77,17,335,28.72,,0,0,0,66.1,66.1,66.5,0.52,0.43,0.39
CINC,2017-08-21 08:50:00 EDT,42.52242,-75.97562,1391,62.2,61.6,62.2,97.9,61.6,0.000,0.000,0.00,0.000,0.9,2.3,0.5,100,27,1.4,2.8,0.5,98,27,0.9,2.3,0.5,100,27,341,28.72,,0,,,66.1,,,0.52,0.43,0.39
CINC,2017-08-21 08:55:00 EDT,42.52242,-75.97562,1391,62.9,62.1,62.9,96.1,61.7,0.000,0.000,0.00,0.000,0.4,1.5,0.5,167,21,0.9,2.2,0.6,185,39,0.4,1.5,0.5,167,21,371,28.72,,0,0,0,66.1,66.1,66.5,0.53,0.43,0.39
CINC,2017-08-21 09:00:00 EDT,42.52242,-75.97562,1391,62.6,62.5,62.6,92.1,60.2,0.000,0.000,0.00,0.000,1.4,3.4,0.7,184,19,1.7,4.4,0.9,190,16,1.4,3.4,0.7,184,19,377,28.72,,0,0,0,66.1,66.1,66.5,0.53,0.43,0.39
CINC,2017-08-21 09:05:00 EDT,42.52242,-75.97562,1391,63.0,62.6,63.0,89.9,59.9,0.000,0.000,0.00,0.000,3.1,4.7,0.6,192,18,3.4,5.7,0.8,197,17,3.1,4.7,0.6,192,18,412,28.72,,0,0,0,66.1,66.1,66.5,0.53,0.43,0.39
CINC,2017-08-21 09:10:00 EDT,42.52242,-75.97562,1391,63.6,63.1,63.6,87.8,59.9,0.000,0.000,0.00,0.000,1.6,4.3,1.1,168,19,2.0,4.9,1.1,174,21,1.6,4.3,1.1,168,19,434,28.72,,0,0,0,66.1,66.0,66.5,0.53,0.43,0.39
CINC,2017-08-21 09:15:00 EDT,42.52242,-75.97562,1391,64.4,63.8,64.4,87.3,60.5,0.000,0.000,0.00,0.000,2.4,4.3,0.9,182,16,2.9,5.2,1.0,188,14,2.4,4.3,0.9,182,16,461,28.72,,0,0,0,66.1,66.1,66.6,0.52,0.43,0.39
CINC,2017-08-21 09:20:00 EDT,42.52242,-75.97562,1391,65.7,65.3,65.7,84.6,61.0,0.000,0.000,0.00,0.000,3.0,4.8,0.8,195,19,3.3,5.8,1.0,201,20,3.0,4.8,0.8,195,19,493,28.72,,0,,,66.1,,,0.52,0.43,0.39
CINC,2017-08-21 09:25:00 EDT,42.52242,-75.97562,1391,66.8,66.4,66.8,85.2,62.2,0.000,0.000,0.00,0.000,2.4,4.2,0.7,148,22,2.8,5.0,0.7,154,23,2.4,4.2,0.7,148,22,457,28.72,,0,0,0,66.1,66.1,66.5,0.53,0.43,0.39
CINC,2017-08-21 09:30:00 EDT,42.52242,-75.97562,1391,67.2,66.5,67.2,83.8,62.1,0.000,0.000,0.00,0.000,4.2,6.5,0.9,161,22,4.9,7.9,1.2,169,21,4.2,6.5,0.9,161,22,491,28.72,,0,0,0,66.1,66.0,66.5,0.52,0.43,0.39
CINC,2017-08-21 09:35:00 EDT,42.52242,-75.97562,1391,67.1,66.6,67.1,83.1,61.8,0.000,0.000,0.00,0.000,4.4,6.7,1.3,186,21,5.0,8.2,1.6,191,19,4.4,6.7,1.3,186,21,439,28.72,,0,0,0,66.0,66.1,66.5,0.52,0.43,0.39
CINC,2017-08-21 09:40:00 EDT,42.52242,-75.97562,1391,67.6,67.1,67.6,83.7,62.5,0.000,0.000,0.00,0.000,4.9,8.0,1.2,183,15,5.7,9.2,1.5,190,13,4.9,8.0,1.2,183,15,453,28.73,,0,0,0,66.0,66.0,66.5,0.53,0.43,0.39
CINC,2017-08-21 09:45:00 EDT,42.52242,-75.97562,1391,67.9,67.5,67.9,82.4,62.4,0.000,0.000,0.00,0.000,3.6,6.0,0.9,175,22,4.0,6.9,1.2,181,20,3.6,6.0,0.9,175,22,316,28.73,,0,0,0,66.1,66.0,66.5,0.53,0.43,0.39
CINC,2017-08-21 09:50:00 EDT,42.52242,-75.97562,1391,67.8,67.5,67.8,82.3,62.2,0.000,0.000,0.00,0.000,3.9,7.9,1.8,188,17,4.6,8.8,2.1,194,16,3.9,7.9,1.8,188,17,295,28.73,,0,,,66.1,,,0.52,0.43,0.39
CINC,2017-08-21 09:55:00 EDT,42.52242,-75.97562,1391,67.5,67.2,67.5,82.9,62.1,0.000,0.000,0.00,0.000,5.8,8.3,1.1,185,10,6.5,10.2,1.4,192,9,5.8,8.3,1.1,185,10,278,28.73,,0,0,0,66.1,65.9,66.5,0.53,0.43,0.39
CINC,2017-08-21 10:00:00 EDT,42.52242,-75.97562,1391,67.5,67.2,67.5,84.5,62.7,0.000,0.000,0.00,0.000,5.2,7.8,1.2,185,17,5.9,10.3,1.5,190,15,5.2,7.8,1.2,185,17,270,28.73,,0,0,0,66.1,66.1,66.5,0.52,0.43,0.39
CINC,2017-08-21 10:05:00 EDT,42.52242,-75.97562,1391,67.3,67.0,67.3,83.5,62.2,0.000,0.000,0.00,0.000,4.8,7.5,1.1,188,13,5.4,8.6,1.2,194,13,4.8,7.5,1.1,188,13,275,28.73,,0,0,0,66.1,66.0,66.4,0.53,0.43,0.39
CINC,2017-08-21 10:10:00 EDT,42.52242,-75.97562,1391,67.6,67.3,67.6,84.0,62.6,0.000,0.000,0.00,0.000,3.6,8.2,1.8,172,23,4.3,8.9,1.9,178,21,3.6,8.2,1.8,172,23,287,28.73,,0,0,0,66.1,66.0,66.5,0.52,0.43,0.39
CINC,2017-08-21 10:15:00 EDT,42.52242,-75.97562,1391,67.7,67.4,67.7,83.5,62.5,0.000,0.000,0.00,0.000,4.2,7.8,1.5,190,20,4.9,8.6,1.4,196,18,4.2,7.8,1.5,190,20,306,28.72,,0,0,0,66.2,66.0,66.5,0.53,0.43,0.39
CINC,2017-08-21 10:20:00 EDT,42.52242,-75.97562,1391,68.0,67.5,68.0,83.7,62.9,0.000,0.000,0.00,0.000,4.5,6.6,0.9,195,16,5.0,8.3,1.1,199,14,4.5,6.6,0.9,195,16,323,28.72,,0,,,66.1,,,0.52,0.43,0.39
CINC,2017-08-21 10:25:00 EDT,42.52242,-75.97562,1391,68.1,67.7,68.1,83.5,62.9,0.000,0.000,0.00,0.000,4.9,8.0,2.0,181,14,5.6,9.3,2.3,187,15,4.9,8.0,2.0,181,14,321,28.72,,0,0,0,66.2,66.0,66.5,0.52,0.43,0.39
CINC,2017-08-21 10:30:00 EDT,42.52242,-75.97562,1391,68.3,68.0,68.3,82.5,62.8,0.000,0.000,0.00,0.000,4.3,8.2,2.1,191,19,4.8,9.2,2.3,197,18,4.3,8.2,2.1,191,19,276,28.72,,0,0,0,66.2,66.1,66.5,0.52,0.43,0.39
CINC,2017-08-21 10:35:00 EDT,42.52242,-75.97562,1391,68.4,68.1,68.4,83.6,63.3,0.000,0.000,0.00,0.000,5.3,8.0,1.4,186,16,5.9,9.3,1.6,193,14,5.3,8.0,1.4,186,16,264,28.72,,0,0,0,66.3,66.0,66.5,0.52,0.43,0.39
CINC,2017-08-21 10:40:00 EDT,42.52242,-75.97562,1391,68.6,68.3,68.6,83.2,63.3,0.000,0.000,0.00,0.000,5.1,9.9,1.5,190,15,5.9,12.2,1.7,195,13,5.1,9.9,1.5,190,15,276,28.72,,0,0,0,66.3,65.9,66.5,0.52,0.43,0.39
CINC,2017-08-21 10:45:00 EDT,42.52242,-75.97562,1391,68.8,68.5,68.8,83.4,63.6,0.000,0.000,0.00,0.000,3.9,6.6,1.3,192,16,4.5,8.0,1.4,197,14,3.9,6.6,1.3,192,16,342,28.72,,0,0,0,66.4,66.0,66.5,0.52,0.43,0.39
CINC,2017-08-21 10:50:00 EDT,42.52242,-75.97562,1391,69.6,69.1,69.6,83.1,64.3,0.000,0.000,0.00,0.000,2.1,4.7,1.2,112,33,2.3,5.1,1.1,119,38,2.1,4.7,1.2,112,33,382,28.71,,0,,,66.3,,,0.52,0.43,0.39
CINC,2017-08-21 10:55:00 EDT,42.52242,-75.97562,1391,69.9,69.4,69.9,81.8,64.0,0.000,0.000,0.00,0.000,2.3,4.7,1.0,175,30,2.8,5.2,1.0,183,31,2.3,4.7,1.0,175,30,382,28.71,,0,0,0,66.4,66.0,66.5,0.52,0.43,0.39
CINC,2017-08-21 11:00:00 EDT,42.52242,-75.97562,1391,70.1,69.7,70.1,81.0,64.0,0.000,0.000,0.00,0.000,4.4,7.5,1.7,193,14,5.2,8.4,1.8,197,12,4.4,7.5,1.7,193,14,427,28.71,,0,0,0,66.4,66.0,66.4,0.52,0.43,0.39
CINC,2017-08-21 11:05:00 EDT,42.52242,-75.97562,1391,70.5,70.1,70.5,79.9,64.0,0.000,0.000,0.00,0.000,5.3,8.8,1.5,187,16,6.0,9.4,1.6,194,15,5.3,8.8,1.5,187,16,402,28.70,,0,0,0,66.4,66.0,66.4,0.52,0.43,0.39
CINC,2017-08-21 11:10:00 EDT,42.52242,-75.97562,1391,70.7,70.3,70.7,79.9,64.2,0.000,0.000,0.00,0.000,5.7,8.8,1.4,192,13,6.3,10.4,1.4,198,11,5.7,8.8,1.4,192,13,431,28.71,,0,0,0,66.4,66.0,66.5,0.52,0.43,0.39
CINC,2017-08-21 11:15:00 EDT,42.52242,-75.97562,1391,71.2,70.7,71.2,79.2,64.5,0.000,0.000,0.00,0.000,6.9,10.7,1.3,193,13,7.3,11.3,1.8,198,12,6.9,10.7,1.3,193,13,455,28.71,,0,0,0,66.4,66.0,66.5,0.52,0.43,0.39
CINC,2017-08-21 11:20:00 EDT,42.52242,-75.97562,1391,71.4,71.0,71.4,79.4,64.7,0.000,0.000,0.00,0.000,4.4,7.7,1.4,191,18,4.9,9.0,1.7,196,14,4.4,7.7,1.4,191,18,311,28.71,,0,,,66.4,,,0.52,0.43,0.39
CINC,2017-08-21 11:25:00 EDT,42.52242,-75.97562,1391,71.5,71.1,71.5,78.6,64.5,0.000,0.000,0.00,0.000,3.2,5.0,0.8,150,34,3.6,5.7,0.9,155,35,3.2,5.0,0.8,150,34,401,28.70,,0,0,0,66.4,66.0,66.5,0.52,0.43,0.39
CINC,2017-08-21 11:30:00 EDT,42.52242,-75.97562,1391,71.6,71.2,71.6,78.0,64.4,0.000,0.000,0.00,0.000,5.2,7.3,1.3,191,15,5.7,8.4,1.3,197,12,5.2,7.3,1.3,191,15,274,28.71,,0,0,0,66.4,66.0,66.4,0.52,0.43,0.39
CINC,2017-08-21 11:35:00 EDT,42.52242,-75.97562,1391,72.0,71.5,72.0,78.7,65.0,0.000,0.000,0.00,0.000,3.4,6.6,1.7,156,33,3.9,8.7,1.8,162,32,3.4,6.6,1.7,156,33,487,28.70,,0,0,0,66.4,65.9,66.4,0.52,0.43,0.39
CINC,2017-08-21 11:40:00 EDT,42.52242,-75.97562,1391,72.9,72.2,72.9,77.2,65.4,0.000,0.000,0.00,0.000,4.3,7.8,2.3,177,16,5.0,8.6,2.3,183,16,4.3,7.8,2.3,177,16,636,28.70,,0,0,0,66.4,65.9,66.4,0.52,0.43,0.39
CINC,2017-08-21 11:45:00 EDT,42.52242,-75.97562,1391,73.0,72.3,73.0,74.0,64.2,0.000,0.000,0.00,0.000,6.4,9.6,1.2,188,20,6.8,10.2,1.4,194,19,6.4,9.6,1.2,188,20,708,28.70,,0,0,0,66.4,65.9,66.4,0.52,0.43,0.39
CINC,2017-08-21 11:50:00 EDT,42.52242,-75.97562,1391,73.7,72.9,73.7,73.8,64.8,0.000,0.000,0.00,0.000,5.7,11.7,2.2,190,18,6.1,12.6,2.4,194,18,5.7,11.7,2.2,190,18,751,28.70,,0,,,66.4,,,0.52,0.43,0.39
CINC,2017-08-21 11:55:00 EDT,42.52242,-75.97562,1391,74.2,73.3,74.2,72.6,64.8,0.000,0.000,0.00,0.000,6.6,10.8,1.8,199,14,7.1,11.5,1.8,204,12,6.6,10.8,1.8,199,14,725,28.70,,0,0,0,66.4,66.0,66.4,0.52,0.43,0.39
CINC,2017-08-21 12:00:00 EDT,42.52242,-75.97562,1391,74.0,73.5,74.0,75.0,65.6,0.000,0.000,0.00,0.000,4.9,6.9,1.3,176,27,5.4,7.9,1.5,182,25,4.9,6.9,1.3,176,27,447,28.70,,0,0,0,66.5,65.9,66.5,0.52,0.43,0.39
CINC,2017-08-21 12:05:00 EDT,42.52242,-75.97562,1391,74.0,73.7,74.0,73.7,65.1,0.000,0.000,0.00,0.000,3.4,6.6,1.2,192,21,3.7,7.1,1.4,199,19,3.4,6.6,1.2,192,21,434,28.69,,0,0,0,66.5,65.9,66.4,0.52,0.43,0.39
CINC,2017-08-21 12:10:00 EDT,42.52242,-75.97562,1391,74.1,73.7,74.1,73.5,65.1,0.000,0.000,0.00,0.000,5.6,8.5,1.2,194,11,6.1,10.1,1.3,198,9,5.6,8.5,1.2,194,11,466,28.70,,0,0,0,66.5,65.9,66.4,0.52,0.43,0.39
CINC,2017-08-21 12:15:00 EDT,42.52242,-75.97562,1391,74.7,74.0,74.7,72.7,65.4,0.000,0.000,0.00,0.000,4.6,7.2,1.3,186,15,5.3,8.9,1.6,192,13,4.6,7.2,1.3,186,15,616,28.70,,0,0,0,66.4,65.9,66.4,0.52,0.43,0.39
CINC,2017-08-21 12:20:00 EDT,42.52242,-75.97562,1391,74.4,73.9,74.4,71.2,64.4,0.000,0.000,0.00,0.000,4.5,6.7,0.9,198,15,4.8,6.9,1.1,204,14,4.5,6.7,0.9,198,15,470,28.70,,0,,,66.5,,,0.52,0.43,0.39
CINC,2017-08-21 12:25:00 EDT,42.52242,-75.97562,1391,74.6,74.3,74.6,70.9,64.5,0.000,0.000,0.00,0.000,5.3,9.9,2.0,182,15,5.9,10.5,2.0,188,13,5.3,9.9,2.0,182,15,458,28.70,,0,0,0,66.5,66.0,66.4,0.53,0.43,0.39
CINC,2017-08-21 12:30:00 EDT,42.52242,-75.97562,1391,74.7,74.3,74.7,70.6,64.5,0.000,0.000,0.00,0.000,6.0,8.5,1.3,205,20,6.6,9.9,1.4,209,19,6.0,8.5,1.3,205,20,426,28.70,,0,0,0,66.5,65.9,66.4,0.52,0.43,0.39
CINC,2017-08-21 12:35:00 EDT,42.52242,-75.97562,1391,74.7,74.3,74.7,71.1,64.7,0.000,0.000,0.00,0.000,5.7,9.9,1.7,194,21,6.4,11.0,2.0,200,17,5.7,9.9,1.7,194,21,372,28.70,,0,0,0,66.5,66.0,66.4,0.52,0.43,0.39
CINC,2017-08-21 12:40:00 EDT,42.52242,-75.97562,1391,74.9,74.6,74.9,72.2,65.3,0.000,0.000,0.00,0.000,4.3,7.5,1.4,183,14,5.0,8.3,1.6,190,12,4.3,7.5,1.4,183,14,365,28.69,,0,0,0,66.5,65.9,66.4,0.53,0.43,0.39
CINC,2017-08-21 12:45:00 EDT,42.52242,-75.97562,1391,74.8,74.5,74.8,70.8,64.7,0.000,0.000,0.00,0.000,5.6,9.6,1.9,183,12,6.2,11.3,2.2,189,9,5.6,9.6,1.9,183,12,287,28.69,,0,0,0,66.5,65.9,66.4,0.52,0.43,0.39
CINC,2017-08-21 12:50:00 EDT,42.52242,-75.97562,1391,74.9,74.6,74.9,69.2,64.1,0.000,0.000,0.00,0.000,5.2,9.1,1.8,190,15,5.6,11.1,2.1,195,12,5.2,9.1,1.8,190,15,622,28.69,,0,,,66.5,,,0.52,0.43,0.39
CINC,2017-08-21 12:55:00 EDT,42.52242,-75.97562,1391,75.8,75.3,75.8,68.5,64.7,0.000,0.000,0.00,0.000,3.9,6.9,1.2,192,19,4.5,7.8,1.3,198,17,3.9,6.9,1.2,192,19,665,28.69,,0,0,0,66.5,66.0,66.4,0.52,0.43,0.39
CINC,2017-08-21 13:00:00 EDT,42.52242,-75.97562,1391,76.2,75.6,76.2,68.9,65.3,0.000,0.000,0.00,0.000,4.3,7.6,1.6,202,25,4.8,7.8,1.4,208,26,4.3,7.6,1.6,202,25,879,28.69,,0,0,0,66.5,65.9,66.4,0.52,0.43,0.39
CINC,2017-08-21 13:05:00 EDT,42.52242,-75.97562,1391,76.0,75.4,76.0,67.5,64.5,0.000,0.000,0.00,0.000,4.3,6.6,1.2,183,18,4.8,7.3,1.4,190,19,4.3,6.6,1.2,183,18,706,28.69,,0,0,0,66.6,65.9,66.4,0.52,0.43,0.39
CINC,2017-08-21 13:10:00 EDT,42.52242,-75.97562,1391,76.2,75.4,76.2,67.7,64.8,0.000,0.000,0.00,0.000,4.5,7.8,1.3,180,19,5.1,8.8,1.4,185,18,4.5,7.8,1.3,180,19,635,28.69,,0,0,0,66.6,65.9,66.4,0.52,0.43,0.39
CINC,2017-08-21 13:15:00 EDT,42.52242,-75.97562,1391,76.2,75.8,76.2,69.3,65.4,0.000,0.000,0.00,0.000,3.8,7.2,1.4,152,19,4.4,8.8,1.6,158,18,3.8,7.2,1.4,152,19,531,28.69,,0,0,0,66.6,65.9,66.4,0.52,0.43,0.39
CINC,2017-08-21 13:20:00 EDT,42.52242,-75.97562,1391,76.4,76.0,76.4,68.7,65.4,0.000,0.000,0.00,0.000,3.2,5.0,0.9,169,19,3.7,5.9,1.0,177,18,3.2,5.0,0.9,169,19,489,28.68,,0,,,66.7,,,0.52,0.43,0.39
CINC,2017-08-21 13:25:00 EDT,42.52242,-75.97562,1391,76.8,76.2,76.8,68.2,65.5,0.000,0.000,0.00,0.000,2.9,5.6,1.1,182,30,3.3,6.4,1.3,189,30,2.9,5.6,1.1,182,30,704,28.69,,0,0,0,66.7,65.9,66.4,0.52,0.43,0.39
CINC,2017-08-21 13:30:00 EDT,42.52242,-75.97562,1391,77.0,76.5,77.0,66.0,64.8,0.000,0.000,0.00,0.000,4.6,7.2,1.2,210,15,4.9,7.4,1.2,216,13,4.6,7.2,1.2,210,15,685,28.68,,0,0,0,66.7,65.9,66.4,0.52,0.43,0.39
CINC,2017-08-21 13:35:00 EDT,42.52242,-75.97562,1391,77.4,76.9,77.4,68.1,66.1,0.000,0.000,0.00,0.000,5.7,10.2,1.5,195,16,6.1,9.5,1.6,200,14,5.7,10.2,1.5,195,16,541,28.68,,0,0,0,66.7,65.9,66.4,0.52,0.43,0.39
CINC,2017-08-21 13:40:00 EDT,42.52242,-75.97562,1391,77.6,77.1,77.6,65.7,65.2,0.000,0.000,0.00,0.000,5.9,9.4,1.5,201,17,6.4,10.4,1.8,205,16,5.9,9.4,1.5,201,17,713,28.68,,0,0,0,66.7,65.9,66.4,0.52,0.43,0.39
CINC,2017-08-21 13:45:00 EDT,42.52242,-75.97562,1391,77.5,77.0,77.5,64.8,64.7,0.000,0.000,0.00,0.000,6.6,10.3,1.7,195,16,6.9,11.3,1.9,201,14,6.6,10.3,1.7,195,16,634,28.68,,0,0,0,66.7,66.0,66.4,0.52,0.43,0.39
CINC,2017-08-21 13:50:00 EDT,42.52242,-75.97562,1391,77.5,76.9,77.5,66.2,65.3,0.000,0.000,0.00,0.000,5.7,8.8,1.3,187,20,6.2,9.8,1.6,194,18,5.7,8.8,1.3,187,20,596,28.68,,0,,,66.7,,,0.52,0.43,0.39
CINC,2017-08-21 13:55:00 EDT,42.52242,-75.97562,1391,77.3,77.0,77.3,63.8,64.1,0.000,0.000,0.00,0.000,5.4,9.0,1.6,214,19,5.7,9.5,1.5,221,19,5.4,9.0,1.6,214,19,548,28.68,,0,0,0,66.7,65.9,66.4,0.52,0.43,0.39
CINC,2017-08-21 14:00:00 EDT,42.52242,-75.97562,1391,77.5,77.1,77.5,64.4,64.5,0.000,0.000,0.00,0.000,5.9,8.6,1.4,200,15,6.4,9.6,1.6,206,14,5.9,8.6,1.4,200,15,498,28.67,,0,0,0,66.8,65.9,66.4,0.52,0.43,0.39
CINC,2017-08-21 14:05:00 EDT,42.52242,-75.97562,1391,77.2,76.8,77.2,63.5,63.9,0.000,0.000,0.00,0.000,6.4,10.9,2.1,180,16,7.3,12.4,2.2,185,14,6.4,10.9,2.1,180,16,447,28.67,,0,0,0,66.8,65.9,66.4,0.51,0.42,0.39
CINC,2017-08-21 14:10:00 EDT,42.52242,-75.97562,1391,76.9,76.6,76.9,65.3,64.4,0.000,0.000,0.00,0.000,6.6,10.5,1.8,178,15,7.3,11.6,2.0,187,14,6.6,10.5,1.8,178,15,396,28.67,,0,0,0,66.8,65.9,66.4,0.52,0.43,0.39
CINC,2017-08-21 14:15:00 EDT,42.52242,-75.97562,1391,76.8,76.6,76.8,66.6,64.8,0.000,0.000,0.00,0.000,5.5,8.8,1.6,187,16,6.2,10.7,1.7,193,14,5.5,8.8,1.6,187,16,349,28.67,,0,0,0,66.9,65.9,66.4,0.52,0.43,0.39
CINC,2017-08-21 14:20:00 EDT,42.52242,-75.97562,1391,76.6,76.5,76.6,66.8,64.8,0.000,0.000,0.00,0.000,6.7,12.5,2.4,192,14,7.4,14.6,2.4,198,11,6.7,12.5,2.4,192,14,305,28.67,,0,,,67.0,,,0.52,0.43,0.39
CINC,2017-08-21 14:25:00 EDT,42.52242,-75.97562,1391,76.2,76.1,76.2,67.2,64.5,0.000,0.000,0.00,0.000,4.3,8.0,1.6,198,16,4.7,8.4,1.7,204,15,4.3,8.0,1.6,198,16,264,28.67,,0,0,0,67.0,65.9,66.4,0.52,0.42,0.39
CINC,2017-08-21 14:30:00 EDT,42.52242,-75.97562,1391,76.0,76.0,76.0,68.2,64.8,0.000,0.000,0.00,0.000,5.6,9.4,1.6,192,15,6.3,10.1,1.7,197,13,5.6,9.4,1.6,192,15,232,28.67,,0,0,0,67.0,65.9,66.4,0.52,0.43,0.39
CINC,2017-08-21 14:35:00 EDT,42.52242,-75.97562,1391,75.7,75.7,75.7,68.7,64.7,0.000,0.000,0.00,0.000,5.5,8.5,1.4,195,14,5.9,9.3,1.4,201,12,5.5,8.5,1.4,195,14,213,28.67,,0,0,0,67.0,65.9,66.4,0.52,0.43,0.39
CINC,2017-08-21 14:40:00 EDT,42.52242,-75.97562,1391,75.7,75.7,75.7,69.2,64.9,0.000,0.000,0.00,0.000,4.9,7.9,1.7,196,14,5.4,9.6,1.8,202,11,4.9,7.9,1.7,196,14,200,28.66,,0,0,0,67.1,66.0,66.4,0.52,0.43,0.39
CINC,2017-08-21 14:45:00 EDT,42.52242,-75.97562,1391,75.7,75.7,75.7,69.9,65.1,0.000,0.000,0.00,0.000,3.6,6.1,1.2,206,19,3.9,6.9,1.2,213,17,3.6,6.1,1.2,206,19,206,28.67,,0,0,0,67.1,65.9,66.4,0.52,0.43,0.39
CINC,2017-08-21 14:50:00 EDT,42.52242,-75.97562,1391,75.7,75.7,75.7,71.5,65.8,0.000,0.000,0.00,0.000,3.2,5.8,1.3,198,17,3.5,5.9,1.3,204,16,3.2,5.8,1.3,198,17,220,28.66,,0,,,67.1,,,0.52,0.43,0.39
CINC,2017-08-21 14:55:00 EDT,42.52242,-75.97562,1391,75.8,75.7,75.8,72.2,66.2,0.000,0.000,0.00,0.000,3.4,5.8,1.1,193,19,3.6,6.8,1.2,200,15,3.4,5.8,1.1,193,19,229,28.66,,0,0,0,67.1,65.9,66.4,0.51,0.43,0.39
CINC,2017-08-21 15:00:00 EDT,42.52242,-75.97562,1391,75.9,75.8,75.9,71.4,66.0,0.000,0.000,0.00,0.000,4.8,7.2,1.0,194,12,5.1,8.5,1.2,201,12,4.8,7.2,1.0,194,12,256,28.66,,0,0,0,67.2,65.9,66.4,0.52,0.43,0.39
CINC,2017-08-21 15:05:00 EDT,42.52242,-75.97562,1391,76.1,75.9,76.1,72.1,66.4,0.000,0.000,0.00,0.000,4.2,6.9,0.9,192,13,4.5,7.4,1.0,198,12,4.2,6.9,0.9,192,13,300,28.66,,0,0,0,67.1,65.9,66.4,0.52,0.43,0.39
CINC,2017-08-21 15:10:00 EDT,42.52242,-75.97562,1391,76.1,76.0,76.1,71.5,66.2,0.000,0.000,0.00,0.000,4.7,6.9,1.1,193,12,5.2,8.5,1.3,199,9,4.7,6.9,1.1,193,12,291,28.66,,0,0,0,67.1,65.9,66.4,0.52,0.43,0.39
CINC,2017-08-21 15:15:00 EDT,42.52242,-75.97562,1391,76.4,76.2,76.4,71.3,66.4,0.000,0.000,0.00,0.000,4.4,6.6,0.9,191,15,4.7,7.2,1.0,197,14,4.4,6.6,0.9,191,15,370,28.66,,0,0,0,67.2,65.9,66.4,0.52,0.43,0.39
CINC,2017-08-21 15:20:00 EDT,42.52242,-75.97562,1391,76.5,76.3,76.5,70.2,66.0,0.000,0.000,0.00,0.000,5.5,9.3,1.5,191,18,5.9,9.8,1.5,198,18,5.5,9.3,1.5,191,18,362,28.66,,0,,,67.2,,,0.51,0.43,0.39
CINC,2017-08-21 15:25:00 EDT,42.52242,-75.97562,1391,77.0,76.6,77.0,70.9,66.9,0.000,0.000,0.00,0.000,5.3,7.2,0.8,179,16,5.8,8.8,1.1,185,15,5.3,7.2,0.8,179,16,495,28.66,,0,0,0,67.3,65.9,66.4,0.52,0.43,0.39
CINC,2017-08-21 15:30:00 EDT,42.52242,-75.97562,1391,77.3,76.8,77.3,69.4,66.5,0.000,0.000,0.00,0.000,6.4,10.4,1.7,186,12,7.0,11.6,2.0,192,10,6.4,10.4,1.7,186,12,442,28.65,,0,0,0,67.2,65.9,66.4,0.52,0.43,0.39
CINC,2017-08-21 15:35:00 EDT,42.52242,-75.97562,1391,76.8,76.6,76.8,69.5,66.1,0.000,0.000,0.00,0.000,5.6,8.0,1.3,195,12,6.4,9.3,1.4,201,11,5.6,8.0,1.3,195,12,293,28.65,,0,0,0,67.2,66.0,66.4,0.52,0.43,0.39
CINC,2017-08-21 15:40:00 EDT,42.52242,-75.97562,1391,76.7,76.6,76.7,69.5,66.0,0.000,0.000,0.00,0.000,6.1,9.1,1.3,202,10,6.6,9.6,1.4,207,9,6.1,9.1,1.3,202,10,271,28.65,,0,0,0,67.2,65.9,66.4,0.52,0.43,0.39
CINC,2017-08-21 15:45:00 EDT,42.52242,-75.97562,1391,76.7,76.6,76.7,70.2,66.3,0.000,0.000,0.00,0.000,4.9,7.9,1.3,179,20,5.5,9.0,1.5,186,19,4.9,7.9,1.3,179,20,239,28.65,,0,0,0,67.2,66.0,66.4,0.52,0.43,0.39
CINC,2017-08-21 15:50:00 EDT,42.52242,-75.97562,1391,76.7,76.7,76.7,70.1,66.2,0.000,0.000,0.00,0.000,5.5,8.3,1.3,181,17,6.0,9.1,1.4,188,17,5.5,8.3,1.3,181,17,234,28.65,,0,0,0,67.2,65.9,66.4,0.52,0.42,0.39
CINC,2017-08-21 15:55:00 EDT,42.52242,-75.97562,1391,77.0,76.8,77.0,70.8,66.8,0.000,0.000,0.00,0.000,4.7,7.3,1.4,189,15,5.3,9.1,1.5,195,13,4.7,7.3,1.4,189,15,413,28.65,,0,0,0,67.2,65.9,66.4,0.52,0.43,0.39
CINC,2017-08-21 16:00:00 EDT,42.52242,-75.97562,1391,78.2,77.7,78.2,70.7,67.9,0.000,0.000,0.00,0.000,3.3,8.3,1.7,198,19,3.8,8.1,1.7,202,18,3.3,8.3,1.7,198,19,657,28.65,,0,0,0,67.3,65.9,66.4,0.52,0.43,0.39
CINC,2017-08-21 16:05:00 EDT,42.52242,-75.97562,1391,78.6,78.0,78.6,67.5,66.9,0.000,0.000,0.00,0.000,5.7,9.9,1.5,193,14,6.4,11.2,1.6,199,12,5.7,9.9,1.5,193,14,665,28.64,,0,0,0,67.3,65.9,66.4,0.52,0.43,0.39
CINC,2017-08-21 16:10:00 EDT,42.52242,-75.97562,1391,79.2,78.6,79.2,68.3,67.8,0.000,0.000,0.00,0.000,5.4,9.7,1.9,187,19,5.9,10.3,1.9,194,19,5.4,9.7,1.9,187,19,471,28.64,,0,0,0,67.3,66.0,66.4,0.52,0.43,0.39
CINC,2017-08-21 16:15:00 EDT,42.52242,-75.97562,1391,78.7,78.3,78.7,67.5,67.0,0.000,0.000,0.00,0.000,6.2,13.4,2.4,184,21,7.1,15.2,2.5,191,19,6.2,13.4,2.4,184,21,377,28.64,,0,0,0,67.3,65.9,66.4,0.52,0.43,0.39
CINC,2017-08-21 16:20:00 EDT,42.52242,-75.97562,1391,78.3,78.2,78.3,67.0,66.5,0.000,0.000,0.00,0.000,8.3,14.5,2.3,183,15,9.1,15.7,2.5,190,14,8.3,14.5,2.3,183,15,255,28.64,,0,0,0,67.3,65.9,66.4,0.52,0.43,0.39
CINC,2017-08-21 16:25:00 EDT,42.52242,-75.97562,1391,77.9,78.0,77.9,68.2,66.6,0.000,0.000,0.00,0.000,7.9,12.5,2.4,190,18,8.8,14.1,2.6,197,17,7.9,12.5,2.4,190,18,209,28.64,,0,0,0,67.4,65.9,66.4,0.52,0.43,0.39
CINC,2017-08-21 16:30:00 EDT,42.52242,-75.97562,1391,77.9,78.0,77.9,68.5,66.8,0.000,0.000,0.00,0.000,5.8,10.2,1.5,198,17,6.2,10.2,1.5,204,16,5.8,10.2,1.5,198,17,202,28.64,,0,0,0,67.4,65.9,66.4,0.52,0.42,0.39
CINC,2017-08-21 16:35:00 EDT,42.52242,-75.97562,1391,77.9,77.9,77.9,69.4,67.0,0.000,0.000,0.00,0.000,3.8,8.5,1.4,209,21,4.2,8.8,1.3,216,18,3.8,8.5,1.4,209,21,229,28.64,,0,0,0,67.5,65.9,66.4,0.52,0.42,0.39
CINC,2017-08-21 16:40:00 EDT,42.52242,-75.97562,1391,78.1,78.1,78.1,70.2,67.7,0.000,0.000,0.00,0.000,5.0,9.2,1.4,199,16,5.3,9.8,1.5,204,15,5.0,9.2,1.4,199,16,304,28.64,,0,0,0,67.5,66.0,66.4,0.52,0.43,0.39
CINC,2017-08-21 16:45:00 EDT,42.52242,-75.97562,1391,78.7,78.5,78.7,68.2,67.4,0.000,0.000,0.00,0.000,5.8,9.8,2.2,215,17,6.3,11.0,2.2,221,17,5.8,9.8,2.2,215,17,448,28.64,,0,0,0,67.5,65.9,66.4,0.52,0.42,0.39
CINC,2017-08-21 16:50:00 EDT,42.52242,-75.97562,1391,78.8,78.7,78.8,68.1,67.4,0.000,0.000,0.00,0.000,6.6,9.4,1.2,203,15,7.1,11.4,1.3,207,13,6.6,9.4,1.2,203,15,356,28.64,,0,0,0,67.5,65.9,66.4,0.52,0.42,0.39
CINC,2017-08-21 16:55:00 EDT,42.52242,-75.97562,1391,78.8,78.7,78.8,69.3,67.9,0.000,0.000,0.00,0.000,5.7,9.4,1.6,186,17,6.4,10.1,1.6,193,13,5.7,9.4,1.6,186,17,263,28.64,,0,0,0,67.4,65.9,66.4,0.52,0.42,0.39
CINC,2017-08-21 17:00:00 EDT,42.52242,-75.97562,1391,79.1,78.9,79.1,70.0,68.4,0.000,0.000,0.00,0.000,3.8,6.6,1.3,203,22,4.3,7.3,1.4,209,21,3.8,6.6,1.3,203,22,420,28.64,,0,0,0,67.5,65.9,66.4,0.52,0.43,0.39
CINC,2017-08-21 17:05:00 EDT,42.52242,-75.97562,1391,79.6,79.2,79.6,67.6,67.9,0.000,0.000,0.00,0.000,5.4,8.6,1.6,199,18,6.1,9.1,1.6,205,17,5.4,8.6,1.6,199,18,437,28.64,,0,0,0,67.5,65.9,66.4,0.52,0.42,0.39
CINC,2017-08-21 17:10:00 EDT,42.52242,-75.97562,1391,79.8,79.6,79.8,67.5,68.1,0.000,0.000,0.00,0.000,5.5,12.5,2.8,187,15,6.2,13.0,3.0,195,13,5.5,12.5,2.8,187,15,392,28.64,,0,0,0,67.5,65.9,66.4,0.51,0.43,0.39
CINC,2017-08-21 17:15:00 EDT,42.52242,-75.97562,1391,79.6,79.4,79.6,66.9,67.6,0.000,0.000,0.00,0.000,6.0,11.4,2.2,202,19,6.4,13.2,2.5,207,17,6.0,11.4,2.2,202,19,393,28.64,,0,0,0,67.6,65.9,66.4,0.52,0.43,0.39
CINC,2017-08-21 17:20:00 EDT,42.52242,-75.97562,1391,79.7,79.5,79.7,67.1,67.9,0.000,0.000,0.00,0.000,3.7,6.9,1.1,200,22,3.9,6.7,1.2,205,21,3.7,6.9,1.1,200,22,394,28.63,,0,0,0,67.5,65.9,66.4,0.52,0.43,0.39
CINC,2017-08-21 17:25:00 EDT,42.52242,-75.97562,1391,79.8,79.5,79.8,67.3,68.0,0.000,0.000,0.00,0.000,4.2,8.6,1.5,208,23,4.6,8.3,1.5,214,22,4.2,8.6,1.5,208,23,336,28.63,,0,0,0,67.5,65.9,66.4,0.51,0.43,0.39
CINC,2017-08-21 17:30:00 EDT,42.52242,-75.97562,1391,79.0,79.0,79.0,67.8,67.5,0.000,0.000,0.00,0.000,4.1,8.3,1.6,209,21,4.2,8.7,1.7,214,19,4.1,8.3,1.6,209,21,125,28.63,,0,0,0,67.5,65.9,66.4,0.52,0.43,0.39
CINC,2017-08-21 17:35:00 EDT,42.52242,-75.97562,1391,78.4,78.5,78.4,70.0,67.8,0.000,0.000,0.00,0.000,3.7,5.6,1.1,204,18,3.8,6.2,1.2,210,16,3.7,5.6,1.1,204,18,101,28.63,,0,0,0,67.6,65.9,66.4,0.52,0.42,0.39
CINC,2017-08-21 17:40:00 EDT,42.52242,-75.97562,1391,77.9,78.2,77.9,71.2,67.9,0.000,0.000,0.00,0.000,2.8,5.9,1.1,200,16,2.9,6.9,1.2,207,13,2.8,5.9,1.1,200,16,42,28.63,,0,0,0,67.6,66.0,66.4,0.52,0.43,0.39
CINC,2017-08-21 17:45:00 EDT,42.52242,-75.97562,1391,77.1,77.6,77.1,74.4,68.4,0.000,0.000,0.00,0.000,1.7,2.8,0.6,177,11,1.9,3.6,0.6,182,13,1.7,2.8,0.6,177,11,17,28.63,,0,0,0,67.7,65.9,66.4,0.52,0.43,0.39
CINC,2017-08-21 17:50:00 EDT,42.52242,-75.97562,1391,76.5,77.2,76.5,77.7,69.0,0.000,0.000,0.00,0.000,1.2,2.0,0.5,176,14,1.4,2.8,0.4,187,15,1.2,2.0,0.5,176,14,16,28.63,,0,0,0,67.7,65.9,66.4,0.52,0.43,0.39
CINC,2017-08-21 17:55:00 EDT,42.52242,-75.97562,1391,75.0,76.2,75.0,84.1,69.9,0.000,0.000,0.00,0.000,2.0,7.0,1.5,204,11,2.2,7.3,1.5,208,10,2.0,7.0,1.5,204,11,20,28.63,,0,0,0,67.8,65.9,66.4,0.52,0.42,0.39
CINC,2017-08-21 18:00:00 EDT,42.52242,-75.97562,1391,74.4,74.6,74.4,76.6,66.5,0.023,0.023,0.54,0.023,9.7,22.1,4.2,220,24,10.6,25.4,4.3,226,24,9.7,22.1,4.2,220,24,18,28.65,,0,0,0,67.8,65.9,66.4,0.52,0.42,0.39
CINC,2017-08-21 18:05:00 EDT,42.52242,-75.97562,1391,70.1,70.2,70.1,83.1,64.7,0.194,0.218,3.61,0.218,8.5,18.9,4.2,213,22,9.1,21.8,4.4,217,23,8.5,18.9,4.2,213,22,45,28.66,,0,0,0,67.8,66.0,66.4,0.52,0.43,0.39
CINC,2017-08-21 18:10:00 EDT,42.52242,-75.97562,1391,67.6,67.9,67.6,87.5,63.8,0.092,0.310,1.98,0.310,9.8,15.1,2.7,181,22,11.0,17.3,2.9,187,18,9.8,15.1,2.7,181,22,115,28.65,,0,0,0,67.8,65.9,66.3,0.53,0.43,0.39
CINC,2017-08-21 18:15:00 EDT,42.52242,-75.97562,1391,68.7,69.0,68.7,84.2,63.7,0.016,0.326,0.38,0.326,6.8,14.0,2.3,172,27,7.7,15.8,2.6,177,26,6.8,14.0,2.3,172,27,257,28.64,,0,0,0,67.8,65.9,66.4,0.56,0.43,0.39
CINC,2017-08-21 18:20:00 EDT,42.52242,-75.97562,1391,69.2,69.4,69.2,81.8,63.4,0.000,0.326,0.00,0.326,3.4,10.2,2.6,171,62,3.8,11.7,2.7,177,60,3.4,10.2,2.6,171,62,294,28.63,,0,0,0,67.8,65.9,66.4,0.56,0.43,0.39
CINC,2017-08-21 18:25:00 EDT,42.52242,-75.97562,1391,69.4,69.4,69.4,85.5,64.9,0.000,0.326,0.00,0.326,4.9,9.3,1.6,347,19,5.4,10.8,1.8,355,17,4.9,9.3,1.6,347,19,278,28.63,,0,0,0,67.8,65.9,66.4,0.56,0.43,0.39
CINC,2017-08-21 18:30:00 EDT,42.52242,-75.97562,1391,69.4,69.0,69.4,90.3,66.5,0.000,0.326,0.00,0.326,2.2,3.5,1.1,23,19,2.4,4.2,1.2,29,20,2.2,3.5,1.1,23,19,266,28.63,,0,0,0,67.8,66.0,66.4,0.56,0.43,0.39
CINC,2017-08-21 18:35:00 EDT,42.52242,-75.97562,1391,70.3,69.7,70.3,91.0,67.5,0.000,0.326,0.00,0.326,0.7,2.2,0.6,30,26,1.1,2.5,0.6,44,27,0.7,2.2,0.6,30,26,245,28.63,,0,0,0,67.9,65.9,66.4,0.56,0.43,0.39
CINC,2017-08-21 18:40:00 EDT,42.52242,-75.97562,1391,70.4,70.1,70.4,91.7,67.8,0.000,0.326,0.00,0.326,0.4,1.8,0.6,96,36,0.7,2.0,0.7,142,41,0.4,1.8,0.6,96,36,213,28.63,,0,0,0,67.9,65.9,66.4,0.56,0.43,0.39
CINC,2017-08-21 18:45:00 EDT,42.52242,-75.97562,1391,70.6,70.4,70.6,88.6,67.1,0.000,0.326,0.00,0.326,0.4,1.6,0.6,187,6,0.6,1.7,0.6,210,18,0.4,1.6,0.6,187,6,175,28.63,,0,0,0,67.9,66.0,66.4,0.56,0.43,0.39
CINC,2017-08-21 18:50:00 EDT,42.52242,-75.97562,1391,70.5,70.5,70.5,88.5,66.9,0.000,0.326,0.00,0.326,2.9,5.5,1.3,181,15,2.9,6.0,1.4,188,15,2.9,5.5,1.3,181,15,156,28.63,,0,0,0,67.9,66.0,66.4,0.56,0.43,0.39
CINC,2017-08-21 18:55:00 EDT,42.52242,-75.97562,1391,70.4,70.4,70.4,88.3,66.7,0.000,0.326,0.00,0.326,2.1,3.7,0.9,213,18,2.2,4.0,0.9,222,19,2.1,3.7,0.9,213,18,124,28.63,,0,0,0,67.9,66.0,66.4,0.56,0.43,0.39
CINC,2017-08-21 19:00:00 EDT,42.52242,-75.97562,1391,70.0,70.1,70.0,89.7,66.8,0.000,0.326,0.00,0.303,2.2,5.6,0.9,196,14,2.3,6.4,0.9,204,16,2.2,5.6,0.9,196,14,61,28.63,,0,0,0,68.0,65.9,66.4,0.56,0.43,0.39
CINC,2017-08-21 19:05:00 EDT,42.52242,-75.97562,1391,69.8,70.0,69.8,91.5,67.2,0.000,0.326,0.00,0.108,2.6,4.9,0.8,206,14,2.7,4.6,0.8,213,13,2.6,4.9,0.8,206,14,40,28.63,,0,0,0,67.9,66.0,66.4,0.56,0.43,0.39
CINC,2017-08-21 19:10:00 EDT,42.52242,-75.97562,1391,69.7,69.8,69.7,91.2,67.0,0.000,0.326,0.00,0.016,2.2,4.5,0.9,201,17,2.2,4.8,0.9,210,19,2.2,4.5,0.9,201,17,33,28.63,,0,0,0,67.9,66.0,66.3,0.56,0.43,0.39
CINC,2017-08-21 19:15:00 EDT,42.52242,-75.97562,1391,69.2,69.4,69.2,93.0,67.1,0.000,0.326,0.00,0.000,1.7,4.8,1.6,170,25,1.9,5.7,1.7,182,33,1.7,4.8,1.6,170,25,30,28.63,,0,0,0,68.0,65.9,66.4,0.56,0.43,0.39
CINC,2017-08-21 19:20:00 EDT,42.52242,-75.97562,1391,69.1,69.2,69.1,93.2,67.0,0.000,0.326,0.00,0.000,1.1,2.4,0.8,228,18,1.3,2.7,0.7,246,22,1.1,2.4,0.8,228,18,27,28.64,,0,0,0,68.0,66.0,66.4,0.56,0.43,0.39
CINC,2017-08-21 19:25:00 EDT,42.52242,-75.97562,1391,69.1,69.4,69.1,93.2,67.1,0.000,0.326,0.00,0.000,0.7,2.8,0.6,318,24,1.1,3.6,0.8,322,25,0.7,2.8,0.6,318,24,23,28.63,,0,0,0,68.0,66.0,66.4,0.56,0.43,0.39
CINC,2017-08-21 19:30:00 EDT,42.52242,-75.97562,1391,68.0,68.8,68.0,95.0,66.5,0.000,0.326,0.00,0.000,2.8,3.9,0.5,6,14,3.1,4.6,0.6,13,15,2.8,3.9,0.5,6,14,19,28.63,,0,0,0,67.9,65.9,66.4,0.56,0.43,0.39
CINC,2017-08-21 19:35:00 EDT,42.52242,-75.97562,1391,67.4,68.2,67.4,96.9,66.5,0.000,0.326,0.00,0.000,2.5,3.1,0.3,16,6,2.5,3.2,0.3,26,7,2.5,3.1,0.3,16,6,14,28.63,,0,0,0,68.0,65.9,66.4,0.56,0.43,0.39
CINC,2017-08-21 19:40:00 EDT,42.52242,-75.97562,1391,67.2,67.7,67.2,97.5,66.5,0.000,0.326,0.00,0.000,2.7,3.2,0.3,16,5,2.9,3.6,0.4,23,6,2.7,3.2,0.3,16,5,9,28.63,,0,0,0,68.1,66.0,66.4,0.56,0.43,0.39
CINC,2017-08-21 19:45:00 EDT,42.52242,-75.97562,1391,67.1,67.3,67.1,97.8,66.4,0.000,0.326,0.00,0.000,2.0,2.6,0.3,16,6,2.1,2.7,0.3,24,8,2.0,2.6,0.3,16,6,7,28.63,,0,0,0,68.1,66.0,66.4,0.56,0.43,0.39
CINC,2017-08-21 19:50:00 EDT,42.52242,-75.97562,1391,66.9,67.5,66.9,98.0,66.3,0.000,0.326,0.00,0.000,2.2,2.7,0.4,14,7,2.3,3.0,0.4,22,7,2.2,2.7,0.4,14,7,6,28.63,,0,0,0,68.1,66.0,66.4,0.56,0.43,0.39
CINC,2017-08-21 19:55:00 EDT,42.52242,-75.97562,1391,66.6,67.1,66.6,98.1,66.1,0.000,0.326,0.00,0.000,2.1,2.8,0.4,25,4,2.2,3.0,0.5,34,4,2.1,2.8,0.4,25,4,3,28.63,,0,0,0,68.1,66.0,66.4,0.56,0.43,0.39
CINC,2017-08-21 20:00:00 EDT,42.52242,-75.97562,1391,66.4,66.8,66.4,98.3,65.9,0.000,0.326,0.00,0.000,1.9,2.3,0.2,11,9,2.1,2.8,0.3,18,10,1.9,2.3,0.2,11,9,2,28.63,,0,0,0,68.1,66.0,66.4,0.56,0.43,0.39
CINC,2017-08-21 20:05:00 EDT,42.52242,-75.97562,1391,66.3,66.7,66.3,98.4,65.9,0.000,0.326,0.00,0.000,2.4,2.8,0.2,8,7,2.6,3.2,0.3,15,8,2.4,2.8,0.2,8,7,1,28.63,,0,0,0,68.1,66.0,66.4,0.56,0.43,0.39
CINC,2017-08-21 20:10:00 EDT,42.52242,-75.97562,1391,66.1,66.5,66.1,98.4,65.6,0.000,0.326,0.00,0.000,2.3,2.8,0.2,20,2,2.3,2.7,0.2,30,3,2.3,2.8,0.2,20,2,1,28.63,,0,0,0,68.2,66.0,66.4,0.56,0.43,0.39
CINC,2017-08-21 20:15:00 EDT,42.52242,-75.97562,1391,65.9,66.2,65.9,98.5,65.5,0.000,0.326,0.00,0.000,1.8,2.0,0.2,18,3,1.9,2.3,0.2,30,4,1.8,2.0,0.2,18,3,0,28.63,,0,0,0,68.2,66.0,66.4,0.56,0.43,0.39
CINC,2017-08-21 20:20:00 EDT,42.52242,-75.97562,1391,65.8,66.0,65.8,98.6,65.4,0.000,0.326,0.00,0.000,1.4,1.9,0.3,24,7,1.5,2.0,0.3,35,9,1.4,1.9,0.3,24,7,0,28.63,,0,0,0,68.2,66.0,66.4,0.56,0.43,0.39
CINC,2017-08-21 20:25:00 EDT,42.52242,-75.97562,1391,65.5,65.9,65.5,98.6,65.1,0.000,0.326,0.00,0.000,0.5,1.6,0.6,54,3,1.1,1.9,0.6,75,17,0.5,1.6,0.6,54,3,0,28.63,,0,0,0,68.2,66.0,66.4,0.56,0.43,0.39
CINC,2017-08-21 20:30:00 EDT,42.52242,-75.97562,1391,65.4,65.8,65.4,98.6,65.0,0.000,0.326,0.00,0.000,0.5,2.2,0.8,353,4,1.3,2.9,0.7,6,9,0.5,2.2,0.8,353,4,0,28.63,,0,0,0,68.3,66.0,66.4,0.56,0.43,0.39
CINC,2017-08-21 20:35:00 EDT,42.52242,-75.97562,1391,65.4,65.7,65.4,98.7,65.0,0.000,0.326,0.00,0.000,2.1,2.5,0.2,1,5,2.4,3.1,0.3,8,6,2.1,2.5,0.2,1,5,0,28.63,,0,0,0,68.2,66.0,66.4,0.56,0.43,0.39
CINC,2017-08-21 20:40:00 EDT,42.52242,-75.97562,1391,64.9,65.4,64.9,98.6,64.5,0.000,0.326,0.00,0.000,1.5,1.8,0.2,23,11,1.6,1.9,0.2,36,8,1.5,1.8,0.2,23,11,0,28.63,,0,0,0,68.2,66.1,66.4,0.56,0.43,0.39
CINC,2017-08-21 20:45:00 EDT,42.52242,-75.97562,1391,64.6,65.1,64.6,98.6,64.2,0.000,0.326,0.00,0.000,0.2,0.9,0.3,37,0,0.5,1.2,0.5,53,12,0.2,0.9,0.3,37,0,0,28.63,,0,0,0,68.3,66.0,66.4,0.56,0.43,0.39
CINC,2017-08-21 20:50:00 EDT,42.52242,-75.97562,1391,64.6,65.0,64.6,98.7,64.2,0.000,0.326,0.00,0.000,1.4,2.6,0.9,5,9,2.0,2.7,0.5,11,6,1.4,2.6,0.9,5,9,0,28.63,,0,0,0,68.2,66.0,66.3,0.56,0.43,0.39
CINC,2017-08-21 20:55:00 EDT,42.52242,-75.97562,1391,64.4,64.9,64.4,98.8,64.1,0.000,0.326,0.00,0.000,2.0,2.6,0.4,15,5,2.1,2.8,0.4,25,6,2.0,2.6,0.4,15,5,0,28.63,,0,0,0,68.2,66.0,66.4,0.56,0.43,0.39
CINC,2017-08-21 21:00:00 EDT,42.52242,-75.97562,1391,64.2,64.6,64.2,98.8,63.9,0.000,0.326,0.00,0.000,0.6,1.2,0.4,32,4,0.9,1.5,0.4,37,6,0.6,1.2,0.4,32,4,0,28.63,,0,0,0,68.2,66.0,66.4,0.56,0.43,0.39
CINC,2017-08-21 21:05:00 EDT,42.52242,-75.97562,1391,64.2,64.6,64.2,98.8,63.9,0.000,0.326,0.00,0.000,1.3,1.7,0.2,27,9,1.5,1.9,0.2,32,5,1.3,1.7,0.2,27,9,0,28.63,,0,0,0,68.2,66.1,66.4,0.56,0.43,0.39
CINC,2017-08-21 21:10:00 EDT,42.52242,-75.97562,1391,64.1,64.3,64.1,98.9,63.7,0.000,0.326,0.00,0.000,0.8,1.4,0.3,29,7,1.2,1.6,0.2,33,7,0.8,1.4,0.3,29,7,0,28.63,,0,0,0,68.2,66.0,66.4,0.56,0.43,0.39
CINC,2017-08-21 21:15:00 EDT,42.52242,-75.97562,1391,63.9,64.5,63.9,98.9,63.6,0.000,0.326,0.00,0.000,2.0,2.8,0.5,7,5,2.2,3.3,0.5,15,8,2.0,2.8,0.5,7,5,0,28.63,,0,0,0,68.2,66.0,66.4,0.56,0.43,0.39
CINC,2017-08-21 21:20:00 EDT,42.52242,-75.97562,1391,64.0,64.5,64.0,98.9,63.7,0.000,0.326,0.00,0.000,2.3,2.9,0.6,354,7,2.7,3.7,0.7,1,7,2.3,2.9,0.6,354,7,0,28.63,,0,0,0,68.2,66.0,66.4,0.56,0.43,0.39
CINC,2017-08-21 21:25:00 EDT,42.52242,-75.97562,1391,63.7,64.2,63.7,98.8,63.4,0.000,0.326,0.00,0.000,0.5,1.5,0.4,354,0,0.7,1.7,0.6,9,3,0.5,1.5,0.4,354,0,0,28.64,,0,0,0,68.2,66.1,66.4,0.56,0.43,0.39
CINC,2017-08-21 21:30:00 EDT,42.52242,-75.97562,1391,63.5,64.0,63.5,98.8,63.1,0.000,0.326,0.00,0.000,0.0,0.0,0.0,0,0,0.1,0.8,0.3,59,4,0.0,0.0,0.0,0,0,0,28.64,,0,0,0,68.2,66.0,66.4,0.56,0.43,0.39
CINC,2017-08-21 21:35:00 EDT,42.52242,-75.97562,1391,63.3,63.8,63.3,98.8,63.0,0.000,0.326,0.00,0.000,0.4,1.2,0.5,23,1,0.9,1.5,0.5,35,12,0.4,1.2,0.5,23,1,0,28.64,,0,0,0,68.2,66.0,66.4,0.56,0.43,0.39
CINC,2017-08-21 21:40:00 EDT,42.52242,-75.97562,1391,63.1,63.7,63.1,98.8,62.8,0.000,0.326,0.00,0.000,1.2,1.7,0.3,7,7,1.5,2.1,0.3,11,6,1.2,1.7,0.3,7,7,0,28.64,,0,0,0,68.2,66.1,66.4,0.56,0.43,0.39
CINC,2017-08-21 21:45:00 EDT,42.52242,-75.97562,1391,62.9,63.4,62.9,98.8,62.5,0.000,0.326,0.00,0.000,0.8,1.3,0.3,2,0,1.2,1.7,0.2,22,5,0.8,1.3,0.3,2,0,0,28.64,,0,0,0,68.2,66.0,66.4,0.56,0.43,0.39
CINC,2017-08-21 21:50:00 EDT,42.52242,-75.97562,1391,62.8,63.2,62.8,98.8,62.5,0.000,0.326,0.00,0.000,1.1,1.9,0.4,12,9,1.5,2.1,0.3,31,8,1.1,1.9,0.4,12,9,0,28.64,,0,0,0,68.2,66.0,66.4,0.56,0.43,0.39
CINC,2017-08-21 21:55:00 EDT,42.52242,-75.97562,1391,62.8,63.3,62.8,98.9,62.5,0.000,0.326,0.00,0.000,1.6,2.0,0.1,4,0,1.9,2.5,0.2,11,5,1.6,2.0,0.1,4,0,0,28.64,,0,0,0,68.2,66.1,66.4,0.56,0.43,0.39
CINC,2017-08-21 22:00:00 EDT,42.52242,-75.97562,1391,62.6,63.4,62.6,98.9,62.3,0.000,0.326,0.00,0.000,1.7,2.1,0.2,2,2,1.9,2.6,0.3,11,7,1.7,2.1,0.2,2,2,0,28.64,,0,0,0,68.2,66.1,66.4,0.56,0.43,0.39
CINC,2017-08-21 22:05:00 EDT,42.52242,-75.97562,1391,62.5,63.2,62.5,98.9,62.2,0.000,0.326,0.00,0.000,0.7,1.4,0.4,7,0,1.1,1.6,0.3,22,17,0.7,1.4,0.4,7,0,0,28.64,,0,0,0,68.2,66.1,66.4,0.56,0.43,0.39
CINC,2017-08-21 22:10:00 EDT,42.52242,-75.97562,1391,62.3,62.7,62.3,98.9,62.0,0.000,0.326,0.00,0.000,0.0,0.0,0.0,0,0,0.0,0.0,0.0,0,0,0.0,0.0,0.0,0,0,0,28.63,,0,0,0,68.2,66.1,66.4,0.56,0.43,0.39
CINC,2017-08-21 22:15:00 EDT,42.52242,-75.97562,1391,62.3,62.7,62.3,98.9,62.0,0.000,0.326,0.00,0.000,0.0,0.0,0.0,0,0,0.5,1.0,0.4,16,6,0.0,0.0,0.0,0,0,0,28.63,,0,0,0,68.2,66.0,66.4,0.56,0.43,0.39
CINC,2017-08-21 22:20:00 EDT,42.52242,-75.97562,1391,62.3,63.0,62.3,99.0,62.0,0.000,0.326,0.00,0.000,0.0,0.0,0.0,0,0,0.0,0.8,0.1,3,0,0.0,0.0,0.0,0,0,0,28.63,,0,0,0,68.2,66.0,66.4,0.56,0.43,0.39
CINC,2017-08-21 22:25:00 EDT,42.52242,-75.97562,1391,62.2,62.8,62.2,99.0,61.9,0.000,0.326,0.00,0.000,0.4,0.9,0.4,26,0,0.8,1.4,0.5,45,8,0.4,0.9,0.4,26,0,0,28.63,,0,0,0,68.2,66.0,66.4,0.56,0.43,0.39
CINC,2017-08-21 22:30:00 EDT,42.52242,-75.97562,1391,62.1,62.5,62.1,99.0,61.8,0.000,0.326,0.00,0.000,1.3,2.1,0.4,25,3,1.6,2.3,0.3,34,9,1.3,2.1,0.4,25,3,0,28.64,,0,0,0,68.2,66.1,66.4,0.56,0.43,0.39
CINC,2017-08-21 22:35:00 EDT,42.52242,-75.97562,1391,62.0,62.6,62.0,99.0,61.7,0.000,0.326,0.00,0.000,2.4,3.0,0.2,4,5,2.7,3.6,0.4,9,5,2.4,3.0,0.2,4,5,0,28.63,,0,0,0,68.2,66.2,66.3,0.56,0.43,0.39
CINC,2017-08-21 22:40:00 EDT,42.52242,-75.97562,1391,61.9,62.6,61.9,99.0,61.7,0.000,0.326,0.00,0.000,2.5,3.1,0.2,8,4,2.7,3.8,0.3,16,8,2.5,3.1,0.2,8,4,0,28.63,,0,0,0,68.2,66.1,66.3,0.56,0.43,0.39
CINC,2017-08-21 22:45:00 EDT,42.52242,-75.97562,1391,61.9,62.2,61.9,99.1,61.6,0.000,0.326,0.00,0.000,1.7,2.3,0.3,17,0,1.9,2.5,0.2,25,4,1.7,2.3,0.3,17,0,0,28.63,,0,0,0,68.2,66.1,66.4,0.56,0.43,0.39
CINC,2017-08-21 22:50:00 EDT,42.52242,-75.97562,1391,61.9,62.3,61.9,99.1,61.6,0.000,0.326,0.00,0.000,1.0,1.7,0.4,20,5,1.3,2.0,0.4,31,10,1.0,1.7,0.4,20,5,0,28.63,,0,0,0,68.2,66.1,66.4,0.56,0.43,0.39
CINC,2017-08-21 22:55:00 EDT,42.52242,-75.97562,1391,62.0,62.5,62.0,99.2,61.8,0.000,0.326,0.00,0.000,0.4,0.9,0.3,41,3,0.9,1.4,0.4,34,13,0.4,0.9,0.3,41,3,0,28.63,,0,0,0,68.2,66.1,66.4,0.56,0.43,0.39
CINC,2017-08-21 23:00:00 EDT,42.52242,-75.97562,1391,62.1,62.4,62.1,99.2,61.8,0.000,0.326,0.00,0.000,1.5,2.0,0.5,8,13,1.8,2.5,0.3,13,6,1.5,2.0,0.5,8,13,0,28.63,,0,0,0,68.1,66.1,66.3,0.56,0.43,0.39
CINC,2017-08-21 23:05:00 EDT,42.52242,-75.97562,1391,61.9,62.3,61.9,99.1,61.7,0.000,0.326,0.00,0.000,1.4,2.0,0.3,15,7,1.6,2.2,0.3,24,9,1.4,2.0,0.3,15,7,0,28.63,,0,0,0,68.1,66.1,66.4,0.56,0.43,0.39
CINC,2017-08-21 23:10:00 EDT,42.52242,-75.97562,1391,62.0,62.3,62.0,99.2,61.8,0.000,0.326,0.00,0.000,0.7,1.2,0.4,9,0,1.2,1.7,0.2,16,6,0.7,1.2,0.4,9,0,0,28.63,,0,0,0,68.1,66.2,66.4,0.56,0.43,0.39
CINC,2017-08-21 23:15:00 EDT,42.52242,-75.97562,1391,61.8,62.2,61.8,99.1,61.6,0.000,0.326,0.00,0.000,0.0,0.0,0.0,0,0,0.3,1.5,0.5,41,15,0.0,0.0,0.0,0,0,0,28.63,,0,0,0,68.1,66.1,66.4,0.56,0.43,0.39
CINC,2017-08-21 23:20:00 EDT,42.52242,-75.97562,1391,61.7,62.0,61.7,99.1,61.5,0.000,0.326,0.00,0.000,0.1,0.7,0.2,76,5,0.4,1.9,0.5,77,13,0.1,0.7,0.2,76,5,0,28.63,,0,0,0,68.1,66.1,66.4,0.56,0.43,0.39
CINC,2017-08-21 23:25:00 EDT,42.52242,-75.97562,1391,61.1,61.7,61.1,99.1,60.8,0.000,0.326,0.00,0.000,0.3,0.9,0.3,163,0,0.5,1.2,0.5,165,6,0.3,0.9,0.3,163,0,0,28.63,,0,0,0,68.1,66.1,66.4,0.56,0.43,0.39
CINC,2017-08-21 23:30:00 EDT,42.52242,-75.97562,1391,61.2,61.6,61.2,99.1,61.0,0.000,0.326,0.00,0.000,0.2,0.7,0.2,9,0,0.6,1.2,0.4,26,5,0.2,0.7,0.2,9,0,0,28.63,,0,0,0,68.0,66.2,66.4,0.56,0.43,0.39
CINC,2017-08-21 23:35:00 EDT,42.52242,-75.97562,1391,61.3,61.8,61.3,99.2,61.1,0.000,0.326,0.00,0.000,0.9,1.8,0.7,11,4,1.3,2.1,0.5,21,7,0.9,1.8,0.7,11,4,0,28.63,,0,0,0,68.0,66.1,66.4,0.56,0.43,0.39
CINC,2017-08-21 23:40:00 EDT,42.52242,-75.97562,1391,61.2,61.5,61.2,99.2,60.9,0.000,0.326,0.00,0.000,0.9,1.9,0.7,22,7,1.2,2.0,0.6,43,22,0.9,1.9,0.7,22,7,0,28.63,,0,0,0,68.0,66.1,66.4,0.56,0.43,0.39
CINC,2017-08-21 23:45:00 EDT,42.52242,-75.97562,1391,61.1,61.3,61.1,99.1,60.9,0.000,0.326,0.00,0.000,0.0,0.8,0.1,34,0,0.2,1.3,0.4,23,3,0.0,0.8,0.1,34,0,0,28.62,,0,0,0,68.0,66.1,66.4,0.56,0.43,0.39
CINC,2017-08-21 23:50:00 EDT,42.52242,-75.97562,1391,61.2,61.7,61.2,99.2,61.0,0.000,0.326,0.00,0.000,1.3,1.7,0.2,19,8,1.6,2.0,0.2,25,8,1.3,1.7,0.2,19,8,0,28.62,,0,0,0,68.0,66.2,66.4,0.56,0.43,0.39
CINC,2017-08-21 23:55:00 EDT,42.52242,-75.97562,1391,61.1,61.7,61.1,99.2,60.9,0.000,0.326,0.00,0.000,2.5,2.9,0.3,6,3,2.7,3.5,0.3,11,4,2.5,2.9,0.3,6,3,0,28.62,,0,0,0,67.9,66.2,66.4,0.56,0.43,0.39
CLAR,2017-08-21 00:00:00 EDT,41.97920,-74.51710,1915,54.1,54.4,54.1,98.8,53.8,0.000,0.019,0.00,0.000,1.0,1.8,0.3,6,12,1.2,2.0,0.4,2,17,1.0,1.8,0.3,6,12,0,28.20,,0,0,0,63.0,64.8,64.4,0.18,0.24,0.10
CLAR,2017-08-21 00:05:00 EDT,41.97920,-74.51710,1915,54.1,54.3,54.1,98.8,53.8,0.000,0.000,0.00,0.000,0.7,1.3,0.4,4,14,0.8,1.6,0.6,6,13,0.7,1.3,0.4,4,14,0,28.20,,0,0,0,63.0,64.8,64.4,0.18,0.24,0.10
CLAR,2017-08-21 00:10:00 EDT,41.97920,-74.51710,1915,54.1,54.2,54.1,98.9,53.8,0.000,0.000,0.00,0.000,1.7,3.2,0.5,359,17,2.0,3.5,0.5,357,18,1.7,3.2,0.5,359,17,0,28.20,,0,0,0,63.0,64.8,64.4,0.18,0.24,0.11
CLAR,2017-08-21 00:15:00 EDT,41.97920,-74.51710,1915,54.2,54.4,54.2,99.0,53.9,0.000,0.000,0.00,0.000,1.3,2.6,0.7,10,16,1.5,3.1,0.7,5,15,1.3,2.6,0.7,10,16,0,28.21,,0,0,0,63.0,64.7,64.4,0.18,0.24,0.10
CLAR,2017-08-21 00:20:00 EDT,41.97920,-74.51710,1915,54.0,54.2,54.0,98.9,53.7,0.000,0.000,0.00,0.000,1.5,2.1,0.3,24,12,1.6,2.6,0.4,21,14,1.5,2.1,0.3,24,12,0,28.21,,0,0,0,63.0,64.7,64.4,0.18,0.24,0.10
CLAR,2017-08-21 00:25:00 EDT,41.97920,-74.51710,1915,53.9,54.0,53.9,98.9,53.6,0.000,0.000,0.00,0.000,1.1,2.0,0.5,25,8,1.4,2.3,0.4,22,12,1.1,2.0,0.5,25,8,0,28.21,,0,0,0,62.9,64.7,64.4,0.17,0.24,0.10
CLAR,2017-08-21 00:30:00 EDT,41.97920,-74.51710,1915,53.8,54.0,53.8,98.9,53.5,0.000,0.000,0.00,0.000,0.7,1.2,0.4,348,10,0.9,1.8,0.5,343,13,0.7,1.2,0.4,348,10,0,28.21,,0,0,0,62.7,64.7,64.4,0.17,0.24,0.10
CLAR,2017-08-21 00:35:00 EDT,41.97920,-74.51710,1915,53.5,53.7,53.5,98.9,53.2,0.000,0.000,0.00,0.000,0.3,0.9,0.3,85,8,0.7,1.4,0.4,78,21,0.3,0.9,0.3,85,8,0,28.21,,0,0,0,62.7,64.7,64.4,0.18,0.24,0.10
CLAR,2017-08-21 00:40:00 EDT,41.97920,-74.51710,1915,53.6,53.7,53.6,99.0,53.4,0.000,0.000,0.00,0.000,0.7,0.9,0.2,352,6,1.0,1.4,0.1,359,9,0.7,0.9,0.2,352,6,0,28.22,,0,0,0,62.7,64.7,64.4,0.18,0.24,0.10
CLAR,2017-08-21 00:45:00 EDT,41.97920,-74.51710,1915,53.5,53.6,53.5,99.0,53.3,0.000,0.000,0.00,0.000,1.1,1.4,0.1,15,9,1.4,1.7,0.2,11,9,1.1,1.4,0.1,15,9,0,28.22,,0,0,0,62.6,64.6,64.4,0.18,0.24,0.10
CLAR,2017-08-21 00:50:00 EDT,41.97920,-74.51710,1915,53.5,53.6,53.5,99.0,53.2,0.000,0.000,0.00,0.000,1.3,1.6,0.2,30,6,1.5,1.8,0.1,29,8,1.3,1.6,0.2,30,6,0,28.21,,0,0,0,62.7,64.6,64.4,0.18,0.24,0.10
CLAR,2017-08-21 00:55:00 EDT,41.97920,-74.51710,1915,53.5,53.6,53.5,99.0,53.2,0.000,0.000,0.00,0.000,1.1,1.8,0.4,16,7,1.5,2.2,0.4,12,20,1.1,1.8,0.4,16,7,0,28.21,,0,0,0,62.6,64.5,64.4,0.18,0.24,0.10
CLAR,2017-08-21 01:00:00 EDT,41.97920,-74.51710,1915,53.4,53.7,53.4,99.0,53.1,0.000,0.000,0.00,0.000,1.1,2.2,0.4,14,27,1.4,2.6,0.4,12,29,1.1,2.2,0.4,14,27,0,28.21,,0,0,0,62.6,64.5,64.4,0.18,0.24,0.10
CLAR,2017-08-21 01:05:00 EDT,41.97920,-74.51710,1915,53.3,53.6,53.3,99.1,53.0,0.000,0.000,0.00,0.000,1.1,2.0,0.5,13,31,1.3,2.5,0.5,10,34,1.1,2.0,0.5,13,31,0,28.21,,0,0,0,62.6,64.4,64.4,0.18,0.24,0.10
CLAR,2017-08-21 01:10:00 EDT,41.97920,-74.51710,1915,53.3,53.5,53.3,99.1,53.0,0.000,0.000,0.00,0.000,0.8,1.2,0.2,31,32,1.0,1.8,0.3,29,36,0.8,1.2,0.2,31,32,0,28.21,,0,0,0,62.6,64.4,64.4,0.18,0.24,0.10
CLAR,2017-08-21 01:15:00 EDT,41.97920,-74.51710,1915,53.2,53.5,53.2,99.2,52.9,0.000,0.000,0.00,0.000,0.4,1.2,0.4,67,8,0.5,1.5,0.6,69,14,0.4,1.2,0.4,67,8,0,28.21,,0,0,0,62.5,64.4,64.4,0.18,0.24,0.10
CLAR,2017-08-21 01:20:00 EDT,41.97920,-74.51710,1915,53.1,53.4,53.1,99.2,52.9,0.000,0.000,0.00,0.000,0.1,0.7,0.2,39,3,0.3,1.1,0.4,18,8,0.1,0.7,0.2,39,3,0,28.21,,0,0,0,62.4,64.4,64.4,0.17,0.24,0.10
CLAR,2017-08-21 01:25:00 EDT,41.97920,-74.51710,1915,53.0,53.3,53.0,99.2,52.8,0.000,0.000,0.00,0.000,0.7,1.0,0.2,53,20,0.9,1.5,0.4,48,23,0.7,1.0,0.2,53,20,0,28.21,,0,0,0,62.4,64.4,64.4,0.17,0.24,0.10
CLAR,2017-08-21 01:30:00 EDT,41.97920,-74.51710,1915,53.1,53.3,53.1,99.3,52.8,0.000,0.000,0.00,0.000,1.1,1.8,0.4,45,23,1.2,2.2,0.5,44,25,1.1,1.8,0.4,45,23,0,28.21,,0,0,0,62.3,64.4,64.4,0.18,0.24,0.10
CLAR,2017-08-21 01:35:00 EDT,41.97920,-74.51710,1915,52.9,53.1,52.9,99.2,52.7,0.000,0.000,0.00,0.000,0.3,0.8,0.3,36,8,0.6,1.3,0.4,20,13,0.3,0.8,0.3,36,8,0,28.21,,0,0,0,62.4,64.4,64.4,0.18,0.24,0.10
CLAR,2017-08-21 01:40:00 EDT,41.97920,-74.51710,1915,52.8,53.0,52.8,99.2,52.6,0.000,0.000,0.00,0.000,0.0,0.0,0.0,0,0,0.0,0.0,0.0,0,0,0.0,0.0,0.0,0,0,0,28.20,,0,0,0,62.3,64.4,64.4,0.18,0.24,0.10
CLAR,2017-08-21 01:45:00 EDT,41.97920,-74.51710,1915,52.8,53.1,52.8,99.2,52.6,0.000,0.000,0.00,0.000,0.0,0.0,0.0,0,0,0.0,0.0,0.0,0,0,0.0,0.0,0.0,0,0,0,28.21,,0,0,0,62.3,64.4,64.4,0.18,0.24,0.10
CLAR,2017-08-21 01:50:00 EDT,41.97920,-74.51710,1915,52.8,53.2,52.8,99.3,52.6,0.000,0.000,0.00,0.000,0.0,0.7,0.1,9,0,0.3,1.2,0.4,343,7,0.0,0.7,0.1,9,0,0,28.21,,0,0,0,62.3,64.4,64.4,0.18,0.24,0.10
CLAR,2017-08-21 01:55:00 EDT,41.97920,-74.51710,1915,52.8,53.1,52.8,99.3,52.6,0.000,0.000,0.00,0.000,0.5,1.3,0.3,15,15,0.8,1.6,0.4,19,19,0.5,1.3,0.3,15,15,0,28.20,,0,0,0,62.3,64.4,64.4,0.18,0.24,0.10
CLAR,2017-08-21 02:00:00 EDT,41.97920,-74.51710,1915,52.8,53.1,52.8,99.4,52.7,0.000,0.000,0.00,0.000,1.0,1.5,0.2,27,9,1.2,1.9,0.3,29,9,1.0,1.5,0.2,27,9,0,28.20,,0,0,0,62.2,64.4,64.4,0.18,0.24,0.10
CLAR,2017-08-21 02:05:00 EDT,41.97920,-74.51710,1915,52.7,53.0,52.7,99.4,52.5,0.000,0.000,0.00,0.000,0.4,1.2,0.4,18,16,0.6,1.6,0.6,19,20,0.4,1.2,0.4,18,16,0,28.21,,0,0,0,62.1,64.4,64.4,0.18,0.24,0.10
CLAR,2017-08-21 02:10:00 EDT,41.97920,-74.51710,1915,52.5,52.8,52.5,99.4,52.3,0.000,0.000,0.00,0.000,0.5,0.9,0.3,79,7,0.7,1.3,0.4,75,11,0.5,0.9,0.3,79,7,0,28.21,,0,0,0,62.2,64.4,64.4,0.18,0.24,0.10
CLAR,2017-08-21 02:15:00 EDT,41.97920,-74.51710,1915,52.6,52.7,52.6,99.3,52.4,0.000,0.000,0.00,0.000,0.0,0.0,0.0,0,0,0.0,0.0,0.0,0,0,0.0,0.0,0.0,0,0,0,28.21,,0,0,0,62.1,64.4,64.4,0.18,0.24,0.10
CLAR,2017-08-21 02:20:00 EDT,41.97920,-74.51710,1915,52.4,52.6,52.4,99.4,52.2,0.000,0.000,0.00,0.000,0.0,0.4,0.1,64,81,0.4,1.2,0.5,102,5,0.0,0.4,0.1,64,81,0,28.21,,0,0,0,62.1,64.4,64.4,0.18,0.24,0.10
CLAR,2017-08-21 02:25:00 EDT,41.97920,-74.51710,1915,52.3,52.5,52.3,99.4,52.2,0.000,0.000,0.00,0.000,0.0,0.0,0.0,0,0,0.1,0.9,0.3,85,4,0.0,0.0,0.0,0,0,0,28.21,,0,0,0,62.1,64.4,64.4,0.18,0.24,0.10
CLAR,2017-08-21 02:30:00 EDT,41.97920,-74.51710,1915,52.4,52.6,52.4,99.5,52.3,0.000,0.000,0.00,0.000,0.3,1.1,0.4,49,8,0.6,1.3,0.5,50,22,0.3,1.1,0.4,49,8,0,28.20,,0,0,0,62.2,64.4,64.4,0.18,0.24,0.10
CLAR,2017-08-21 02:35:00 EDT,41.97920,-74.51710,1915,52.3,52.6,52.3,99.5,52.2,0.000,0.000,0.00,0.000,0.0,0.0,0.0,0,0,0.2,1.1,0.4,68,4,0.0,0.0,0.0,0,0,0,28.20,,0,0,0,62.1,64.4,64.4,0.18,0.24,0.10
CLAR,2017-08-21 02:40:00 EDT,41.97920,-74.51710,1915,52.4,52.5,52.4,99.5,52.2,0.000,0.000,0.00,0.000,0.0,0.1,0.0,36,0,0.3,1.0,0.4,35,15,0.0,0.1,0.0,36,0,0,28.20,,0,0,0,62.1,64.4,64.4,0.18,0.24,0.10
CLAR,2017-08-21 02:45:00 EDT,41.97920,-74.51710,1915,52.2,52.4,52.2,99.5,52.1,0.000,0.000,0.00,0.000,0.0,0.0,0.0,0,0,0.2,1.0,0.4,136,18,0.0,0.0,0.0,0,0,0,28.20,,0,0,0,62.1,64.4,64.4,0.18,0.24,0.10
CLAR,2017-08-21 02:50:00 EDT,41.97920,-74.51710,1915,52.2,52.4,52.2,99.5,52.1,0.000,0.000,0.00,0.000,0.1,0.6,0.2,35,0,0.3,1.1,0.4,178,8,0.1,0.6,0.2,35,0,0,28.21,,0,0,0,62.1,64.4,64.4,0.18,0.24,0.10
CLAR,2017-08-21 02:55:00 EDT,41.97920,-74.51710,1915,52.3,52.5,52.3,99.5,52.1,0.000,0.000,0.00,0.000,0.2,0.7,0.3,36,0,0.6,1.4,0.4,61,15,0.2,0.7,0.3,36,0,0,28.21,,0,0,0,62.1,64.4,64.4,0.18,0.24,0.10
CLAR,2017-08-21 03:00:00 EDT,41.97920,-74.51710,1915,52.2,52.4,52.2,99.5,52.1,0.000,0.000,0.00,0.000,0.2,0.7,0.3,35,0,0.7,1.3,0.3,56,18,0.2,0.7,0.3,35,0,0,28.21,,0,0,0,62.1,64.4,64.4,0.18,0.24,0.10
CLAR,2017-08-21 03:05:00 EDT,41.97920,-74.51710,1915,52.2,52.3,52.2,99.5,52.0,0.000,0.000,0.00,0.000,0.2,0.7,0.3,35,0,0.3,1.0,0.4,40,16,0.2,0.7,0.3,35,0,0,28.21,,0,0,0,62.1,64.4,64.4,0.18,0.23,0.10
CLAR,2017-08-21 03:10:00 EDT,41.97920,-74.51710,1915,52.1,52.2,52.1,99.5,51.9,0.000,0.000,0.00,0.000,0.2,0.9,0.4,84,0,0.7,1.3,0.4,100,26,0.2,0.9,0.4,84,0,0,28.21,,0,0,0,61.9,64.4,64.4,0.17,0.24,0.10
CLAR,2017-08-21 03:15:00 EDT,41.97920,-74.51710,1915,52.2,52.3,52.2,99.5,52.1,0.000,0.000,0.00,0.000,0.0,0.4,0.1,179,0,0.2,1.0,0.4,196,5,0.0,0.4,0.1,179,0,0,28.21,,0,0,0,61.9,64.4,64.4,0.18,0.24,0.10
CLAR,2017-08-21 03:20:00 EDT,41.97920,-74.51710,1915,52.1,52.3,52.1,99.5,52.0,0.000,0.000,0.00,0.000,0.2,1.0,0.3,83,28,0.4,1.4,0.5,89,39,0.2,1.0,0.3,83,28,0,28.21,,0,0,0,61.9,64.4,64.4,0.17,0.24,0.10
CLAR,2017-08-21 03:25:00 EDT,41.97920,-74.51710,1915,52.0,52.2,52.0,99.5,51.9,0.000,0.000,0.00,0.000,0.0,0.0,0.0,0,0,0.1,0.9,0.3,62,6,0.0,0.0,0.0,0,0,0,28.21,,0,0,0,61.8,64.4,64.4,0.18,0.24,0.10
CLAR,2017-08-21 03:30:00 EDT,41.97920,-74.51710,1915,52.2,52.3,52.2,99.6,52.1,0.000,0.000,0.00,0.000,0.6,1.3,0.5,49,6,0.8,1.5,0.5,45,8,0.6,1.3,0.5,49,6,0,28.21,,0,0,0,61.8,64.4,64.4,0.18,0.24,0.10
CLAR,2017-08-21 03:35:00 EDT,41.97920,-74.51710,1915,52.2,52.3,52.2,99.6,52.0,0.000,0.000,0.00,0.000,0.2,1.0,0.4,62,4,0.3,1.4,0.5,64,9,0.2,1.0,0.4,62,4,0,28.21,,0,0,0,61.8,64.4,64.4,0.18,0.24,0.10
CLAR,2017-08-21 03:40:00 EDT,41.97920,-74.51710,1915,52.0,52.3,52.0,99.6,51.9,0.000,0.000,0.00,0.000,0.6,1.3,0.5,74,6,0.8,1.8,0.6,73,7,0.6,1.3,0.5,74,6,0,28.21,,0,0,0,61.8,64.4,64.4,0.18,0.24,0.10
CLAR,2017-08-21 03:45:00 EDT,41.97920,-74.51710,1915,52.1,52.2,52.1,99.6,52.0,0.000,0.000,0.00,0.000,0.1,0.5,0.2,111,0,0.3,1.0,0.4,79,42,0.1,0.5,0.2,111,0,0,28.21,,0,0,0,61.7,64.4,64.4,0.18,0.24,0.10
CLAR,2017-08-21 03:50:00 EDT,41.97920,-74.51710,1915,52.0,52.1,52.0,99.6,51.9,0.000,0.000,0.00,0.000,0.0,0.0,0.0,0,0,0.2,1.1,0.3,66,7,0.0,0.0,0.0,0,0,0,28.21,,0,0,0,61.8,64.4,64.4,0.18,0.24,0.10
CLAR,2017-08-21 03:55:00 EDT,41.97920,-74.51710,1915,52.0,52.2,52.0,99.6,51.9,0.000,0.000,0.00,0.000,0.1,1.2,0.4,89,4,0.4,1.6,0.5,63,18,0.1,1.2,0.4,89,4,0,28.21,,0,0,0,61.8,64.3,64.4,0.18,0.24,0.10
CLAR,2017-08-21 04:00:00 EDT,41.97920,-74.51710,1915,52.1,52.3,52.1,99.6,51.9,0.000,0.000,0.00,0.000,1.5,2.1,0.3,41,30,1.7,2.3,0.3,41,31,1.5,2.1,0.3,41,30,0,28.20,,0,0,0,61.7,64.4,64.4,0.18,0.24,0.10
CLAR,2017-08-21 04:05:00 EDT,41.97920,-74.51710,1915,52.1,52.2,52.1,99.6,51.9,0.000,0.000,0.00,0.000,0.3,2.0,0.6,342,7,0.3,2.5,0.7,340,6,0.3,2.0,0.6,342,7,0,28.20,,0,0,0,61.7,64.3,64.4,0.18,0.24,0.10
CLAR,2017-08-21 04:10:00 EDT,41.97920,-74.51710,1915,51.9,52.3,51.9,99.6,51.8,0.000,0.000,0.00,0.000,0.5,1.4,0.4,81,31,0.7,1.7,0.5,88,34,0.5,1.4,0.4,81,31,0,28.21,,0,0,0,61.8,64.3,64.4,0.18,0.24,0.10
CLAR,2017-08-21 04:15:00 EDT,41.97920,-74.51710,1915,51.9,52.2,51.9,99.6,51.8,0.000,0.000,0.00,0.000,0.4,1.0,0.4,73,7,0.5,1.3,0.5,57,27,0.4,1.0,0.4,73,7,0,28.21,,0,0,0,61.7,64.3,64.4,0.18,0.24,0.10
CLAR,2017-08-21 04:20:00 EDT,41.97920,-74.51710,1915,51.9,52.1,51.9,99.6,51.8,0.000,0.000,0.00,0.000,0.1,1.3,0.3,350,30,0.4,1.9,0.5,20,36,0.1,1.3,0.3,350,30,0,28.21,,0,0,0,61.5,64.3,64.4,0.17,0.24,0.10
CLAR,2017-08-21 04:25:00 EDT,41.97920,-74.51710,1915,51.7,52.1,51.7,99.6,51.6,0.000,0.000,0.00,0.000,1.1,2.1,0.5,61,21,1.3,2.6,0.6,59,25,1.1,2.1,0.5,61,21,0,28.20,,0,0,0,61.5,64.2,64.4,0.17,0.24,0.10
CLAR,2017-08-21 04:30:00 EDT,41.97920,-74.51710,1915,51.9,52.1,51.9,99.6,51.8,0.000,0.000,0.00,0.000,0.5,1.3,0.5,23,1,0.7,1.6,0.5,14,10,0.5,1.3,0.5,23,1,0,28.20,,0,0,0,61.5,64.2,64.4,0.17,0.24,0.10
CLAR,2017-08-21 04:35:00 EDT,41.97920,-74.51710,1915,51.9,52.3,51.9,99.6,51.8,0.000,0.000,0.00,0.000,0.8,1.8,0.6,46,27,0.9,2.1,0.6,54,32,0.8,1.8,0.6,46,27,0,28.20,,0,0,0,61.5,64.2,64.4,0.18,0.24,0.10
CLAR,2017-08-21 04:40:00 EDT,41.97920,-74.51710,1915,51.9,52.2,51.9,99.6,51.8,0.000,0.000,0.00,0.000,0.7,1.3,0.4,15,35,0.9,1.6,0.4,10,32,0.7,1.3,0.4,15,35,0,28.20,,0,0,0,61.4,64.2,64.4,0.18,0.24,0.10
CLAR,2017-08-21 04:45:00 EDT,41.97920,-74.51710,1915,51.8,52.2,51.8,99.7,51.7,0.000,0.000,0.00,0.000,0.6,1.2,0.4,57,15,0.8,1.8,0.5,62,14,0.6,1.2,0.4,57,15,0,28.20,,0,0,0,61.4,64.2,64.4,0.18,0.24,0.10
CLAR,2017-08-21 04:50:00 EDT,41.97920,-74.51710,1915,51.7,52.1,51.7,99.6,51.6,0.000,0.000,0.00,0.000,0.6,1.3,0.5,105,53,0.8,1.6,0.5,90,60,0.6,1.3,0.5,105,53,0,28.21,,0,0,0,61.4,64.2,64.4,0.18,0.24,0.10
CLAR,2017-08-21 04:55:00 EDT,41.97920,-74.51710,1915,51.7,51.9,51.7,99.6,51.6,0.000,0.000,0.00,0.000,0.0,0.7,0.2,126,0,0.1,1.0,0.3,112,2,0.0,0.7,0.2,126,0,0,28.21,,0,0,0,61.4,64.2,64.4,0.18,0.24,0.10
CLAR,2017-08-21 05:00:00 EDT,41.97920,-74.51710,1915,51.6,51.9,51.6,99.7,51.5,0.000,0.000,0.00,0.000,0.1,0.7,0.2,123,0,0.1,0.9,0.3,123,1,0.1,0.7,0.2,123,0,0,28.21,,0,0,0,61.5,64.2,64.4,0.18,0.24,0.10
CLAR,2017-08-21 05:05:00 EDT,41.97920,-74.51710,1915,51.6,51.8,51.6,99.7,51.5,0.000,0.000,0.00,0.000,0.8,1.5,0.5,76,24,0.9,1.8,0.6,73,26,0.8,1.5,0.5,76,24,0,28.21,,0,0,0,61.4,64.2,64.4,0.18,0.24,0.10
CLAR,2017-08-21 05:10:00 EDT,41.97920,-74.51710,1915,51.5,52.0,51.5,99.7,51.5,0.000,0.000,0.00,0.000,1.2,1.9,0.6,58,42,1.5,2.6,0.6,57,41,1.2,1.9,0.6,58,42,0,28.21,,0,0,0,61.4,64.2,64.4,0.17,0.24,0.10
CLAR,2017-08-21 05:15:00 EDT,41.97920,-74.51710,1915,51.5,51.9,51.5,99.7,51.4,0.000,0.000,0.00,0.000,1.0,1.3,0.2,31,20,1.3,2.0,0.2,31,23,1.0,1.3,0.2,31,20,0,28.21,,0,0,0,61.5,64.2,64.4,0.18,0.24,0.10
CLAR,2017-08-21 05:20:00 EDT,41.97920,-74.51710,1915,51.5,51.7,51.5,99.7,51.4,0.000,0.000,0.00,0.000,0.4,1.4,0.5,106,14,0.5,1.6,0.6,111,19,0.4,1.4,0.5,106,14,0,28.21,,0,0,0,61.4,64.2,64.4,0.18,0.24,0.10
CLAR,2017-08-21 05:25:00 EDT,41.97920,-74.51710,1915,51.5,51.7,51.5,99.7,51.4,0.000,0.000,0.00,0.000,0.2,1.5,0.4,117,3,0.3,1.9,0.6,112,10,0.2,1.5,0.4,117,3,0,28.21,,0,0,0,61.4,64.2,64.4,0.18,0.24,0.10
CLAR,2017-08-21 05:30:00 EDT,41.97920,-74.51710,1915,51.3,51.5,51.3,99.7,51.2,0.000,0.000,0.00,0.000,0.0,0.0,0.0,0,0,0.0,0.7,0.1,175,1,0.0,0.0,0.0,0,0,0,28.21,,0,0,0,61.3,64.2,64.4,0.18,0.24,0.10
CLAR,2017-08-21 05:35:00 EDT,41.97920,-74.51710,1915,51.2,51.6,51.2,99.6,51.1,0.000,0.000,0.00,0.000,0.0,0.0,0.0,0,0,0.2,1.0,0.3,295,5,0.0,0.0,0.0,0,0,0,28.21,,0,0,0,61.3,64.2,64.4,0.18,0.24,0.10
CLAR,2017-08-21 05:40:00 EDT,41.97920,-74.51710,1915,51.2,51.5,51.2,99.6,51.1,0.000,0.000,0.00,0.000,0.0,0.0,0.0,0,0,0.0,0.8,0.2,187,1,0.0,0.0,0.0,0,0,0,28.21,,0,0,0,61.3,64.2,64.4,0.18,0.24,0.10
CLAR,2017-08-21 05:45:00 EDT,41.97920,-74.51710,1915,51.3,51.4,51.3,99.7,51.2,0.000,0.000,0.00,0.000,0.0,0.0,0.0,0,0,0.0,0.0,0.0,0,0,0.0,0.0,0.0,0,0,0,28.21,,0,0,0,61.2,64.2,64.4,0.18,0.24,0.10
CLAR,2017-08-21 05:50:00 EDT,41.97920,-74.51710,1915,51.3,51.4,51.3,99.7,51.2,0.000,0.000,0.00,0.000,0.1,0.8,0.2,333,0,0.2,1.2,0.4,333,6,0.1,0.8,0.2,333,0,0,28.21,,0,0,0,61.2,64.1,64.4,0.17,0.24,0.10
CLAR,2017-08-21 05:55:00 EDT,41.97920,-74.51710,1915,51.1,51.4,51.1,99.7,51.0,0.000,0.000,0.00,0.000,0.0,0.0,0.0,0,0,0.3,0.9,0.4,16,22,0.0,0.0,0.0,0,0,0,28.22,,0,0,0,61.2,64.0,64.4,0.17,0.24,0.10
CLAR,2017-08-21 06:00:00 EDT,41.97920,-74.51710,1915,51.2,51.5,51.2,99.7,51.1,0.000,0.000,0.00,0.000,0.1,0.7,0.2,63,0,0.6,1.2,0.4,28,27,0.1,0.7,0.2,63,0,1,28.22,,0,0,0,61.2,64.0,64.4,0.17,0.24,0.10
CLAR,2017-08-21 06:05:00 EDT,41.97920,-74.51710,1915,51.1,51.4,51.1,99.7,51.0,0.000,0.000,0.00,0.000,0.0,0.0,0.0,0,0,0.5,1.1,0.4,75,4,0.0,0.0,0.0,0,0,2,28.22,,0,0,0,61.2,64.0,64.4,0.17,0.24,0.10
CLAR,2017-08-21 06:10:00 EDT,41.97920,-74.51710,1915,51.1,51.3,51.1,99.7,51.0,0.000,0.000,0.00,0.000,0.2,1.2,0.4,284,0,0.4,1.8,0.6,303,28,0.2,1.2,0.4,284,0,3,28.22,,0,0,0,61.2,63.9,64.4,0.17,0.24,0.10
CLAR,2017-08-21 06:15:00 EDT,41.97920,-74.51710,1915,50.9,51.3,50.9,99.7,50.8,0.000,0.000,0.00,0.000,0.0,0.0,0.0,0,0,0.3,1.1,0.4,162,34,0.0,0.0,0.0,0,0,3,28.22,,0,0,0,61.2,63.9,64.4,0.17,0.24,0.10
CLAR,2017-08-21 06:20:00 EDT,41.97920,-74.51710,1915,51.0,51.2,51.0,99.7,50.9,0.000,0.000,0.00,0.000,0.0,0.7,0.1,110,0,0.3,1.5,0.5,69,32,0.0,0.7,0.1,110,0,4,28.22,,0,0,0,61.1,63.9,64.4,0.17,0.24,0.10
CLAR,2017-08-21 06:25:00 EDT,41.97920,-74.51710,1915,50.9,51.2,50.9,99.7,50.8,0.000,0.000,0.00,0.000,0.1,0.9,0.3,110,0,0.2,1.3,0.4,92,6,0.1,0.9,0.3,110,0,7,28.22,,0,0,0,61.1,63.9,64.4,0.17,0.24,0.10
CLAR,2017-08-21 06:30:00 EDT,41.97920,-74.51710,1915,51.0,51.2,51.0,99.7,50.9,0.000,0.000,0.00,0.000,0.0,0.0,0.0,0,0,0.2,0.9,0.3,347,5,0.0,0.0,0.0,0,0,10,28.22,,0,0,0,61.0,63.9,64.4,0.17,0.24,0.10
CLAR,2017-08-21 06:35:00 EDT,41.97920,-74.51710,1915,51.0,51.2,51.0,99.7,50.9,0.000,0.000,0.00,0.000,0.0,0.0,0.0,0,0,0.4,1.2,0.4,57,4,0.0,0.0,0.0,0,0,12,28.22,,0,0,0,60.9,63.9,64.4,0.17,0.24,0.10
CLAR,2017-08-21 06:40:00 EDT,41.97920,-74.51710,1915,51.1,51.2,51.1,99.7,51.0,0.000,0.000,0.00,0.000,0.0,0.0,0.0,0,0,0.3,1.4,0.5,48,11,0.0,0.0,0.0,0,0,13,28.22,,0,0,0,60.9,63.9,64.4,0.17,0.24,0.10
CLAR,2017-08-21 06:45:00 EDT,41.97920,-74.51710,1915,51.1,51.2,51.1,99.7,51.0,0.000,0.000,0.00,0.000,0.0,0.0,0.0,0,0,0.0,0.7,0.1,306,1,0.0,0.0,0.0,0,0,11,28.22,,0,0,0,60.9,63.9,64.4,0.18,0.24,0.10
CLAR,2017-08-21 06:50:00 EDT,41.97920,-74.51710,1915,51.1,51.2,51.1,99.7,51.0,0.000,0.000,0.00,0.000,0.0,0.0,0.0,0,0,0.0,0.8,0.1,80,8,0.0,0.0,0.0,0,0,15,28.22,,0,0,0,60.9,63.9,64.4,0.18,0.24,0.10
CLAR,2017-08-21 06:55:00 EDT,41.97920,-74.51710,1915,51.2,51.3,51.2,99.8,51.1,0.000,0.000,0.00,0.000,0.0,0.0,0.0,0,0,0.4,1.3,0.5,22,24,0.0,0.0,0.0,0,0,20,28.22,,0,0,0,60.9,63.9,64.4,0.18,0.24,0.10
CLAR,2017-08-21 07:00:00 EDT,41.97920,-74.51710,1915,51.2,51.3,51.2,99.7,51.1,0.000,0.000,0.00,0.000,0.0,0.0,0.0,0,0,0.0,0.8,0.1,348,0,0.0,0.0,0.0,0,0,17,28.22,,0,0,0,60.9,63.9,64.4,0.18,0.23,0.10
CLAR,2017-08-21 07:05:00 EDT,41.97920,-74.51710,1915,51.3,51.4,51.3,99.7,51.3,0.000,0.000,0.00,0.000,0.0,0.0,0.0,0,0,0.1,0.8,0.2,20,0,0.0,0.0,0.0,0,0,24,28.22,,0,0,0,60.9,63.9,64.4,0.18,0.24,0.10
CLAR,2017-08-21 07:10:00 EDT,41.97920,-74.51710,1915,51.6,51.7,51.6,99.8,51.5,0.000,0.000,0.00,0.000,0.0,0.0,0.0,0,0,0.0,0.0,0.0,0,0,0.0,0.0,0.0,0,0,31,28.23,,0,0,0,60.9,63.9,64.4,0.18,0.24,0.10
CLAR,2017-08-21 07:15:00 EDT,41.97920,-74.51710,1915,51.6,51.9,51.6,99.8,51.6,0.000,0.000,0.00,0.000,0.0,0.0,0.0,0,0,0.0,0.0,0.0,0,0,0.0,0.0,0.0,0,0,34,28.23,,0,0,0,60.9,63.9,64.4,0.18,0.23,0.10
CLAR,2017-08-21 07:20:00 EDT,41.97920,-74.51710,1915,51.8,52.2,51.8,99.8,51.8,0.000,0.000,0.00,0.000,0.0,0.0,0.0,0,0,0.3,0.9,0.4,55,12,0.0,0.0,0.0,0,0,40,28.23,,0,0,0,60.9,63.9,64.4,0.18,0.24,0.10
CLAR,2017-08-21 07:25:00 EDT,41.97920,-74.51710,1915,52.1,52.7,52.1,99.8,52.1,0.000,0.000,0.00,0.000,0.0,0.0,0.0,0,0,0.2,1.1,0.4,2,4,0.0,0.0,0.0,0,0,64,28.23,,0,0,0,60.9,63.9,64.4,0.18,0.24,0.10
CLAR,2017-08-21 07:30:00 EDT,41.97920,-74.51710,1915,52.6,53.2,52.6,99.8,52.6,0.000,0.000,0.00,0.000,0.0,0.0,0.0,0,0,0.7,1.1,0.4,17,8,0.0,0.0,0.0,0,0,136,28.23,,0,0,0,60.9,63.9,64.4,0.18,0.24,0.10
CLAR,2017-08-21 07:35:00 EDT,41.97920,-74.51710,1915,53.2,53.4,53.2,99.7,53.1,0.000,0.000,0.00,0.000,0.0,0.0,0.0,0,0,0.4,1.0,0.4,117,20,0.0,0.0,0.0,0,0,88,28.23,,0,0,0,60.9,63.9,64.4,0.18,0.24,0.10
CLAR,2017-08-21 07:40:00 EDT,41.97920,-74.51710,1915,53.9,53.8,53.9,99.7,53.8,0.000,0.000,0.00,0.000,0.1,0.6,0.2,80,0,0.2,1.1,0.3,87,6,0.1,0.6,0.2,80,0,72,28.23,,0,0,0,60.8,63.9,64.4,0.17,0.23,0.10
CLAR,2017-08-21 07:45:00 EDT,41.97920,-74.51710,1915,54.1,54.6,54.1,99.4,53.9,0.000,0.000,0.00,0.000,0.1,0.9,0.3,19,2,0.3,1.2,0.4,23,7,0.1,0.9,0.3,19,2,99,28.23,,0,0,0,60.9,63.9,64.4,0.17,0.24,0.10
CLAR,2017-08-21 07:50:00 EDT,41.97920,-74.51710,1915,54.3,55.2,54.3,98.9,54.0,0.000,0.000,0.00,0.000,0.0,0.0,0.0,0,0,0.1,1.1,0.2,45,7,0.0,0.0,0.0,0,0,60,28.23,,0,0,0,60.9,63.9,64.4,0.18,0.24,0.10
CLAR,2017-08-21 07:55:00 EDT,41.97920,-74.51710,1915,54.7,55.2,54.7,98.6,54.3,0.000,0.000,0.00,0.000,1.1,1.8,0.6,170,6,1.4,2.2,0.5,172,7,1.1,1.8,0.6,170,6,84,28.23,,0,0,0,60.9,63.9,64.4,0.18,0.24,0.10
CLAR,2017-08-21 08:00:00 EDT,41.97920,-74.51710,1915,55.3,56.1,55.3,98.9,54.9,0.000,0.000,0.00,0.000,2.5,3.9,0.7,201,11,2.8,4.5,0.7,205,10,2.5,3.9,0.7,201,11,79,28.23,,0,0,0,60.9,63.9,64.3,0.17,0.24,0.10
CLAR,2017-08-21 08:05:00 EDT,41.97920,-74.51710,1915,56.4,56.8,56.4,99.1,56.1,0.000,0.000,0.00,0.000,1.2,3.1,0.8,184,19,1.4,3.1,0.8,181,26,1.2,3.1,0.8,184,19,150,28.23,,0,0,0,61.1,63.9,64.3,0.17,0.24,0.10
CLAR,2017-08-21 08:10:00 EDT,41.97920,-74.51710,1915,56.7,57.3,56.7,98.5,56.3,0.000,0.000,0.00,0.000,0.9,1.4,0.4,156,10,1.0,1.8,0.6,156,10,0.9,1.4,0.4,156,10,294,28.23,,0,0,0,61.2,63.9,64.4,0.17,0.24,0.10
CLAR,2017-08-21 08:15:00 EDT,41.97920,-74.51710,1915,57.3,57.6,57.3,97.2,56.5,0.000,0.000,0.00,0.000,0.0,0.0,0.0,0,0,0.0,0.7,0.1,126,0,0.0,0.0,0.0,0,0,311,28.23,,0,0,0,61.2,63.9,64.4,0.17,0.24,0.10
CLAR,2017-08-21 08:20:00 EDT,41.97920,-74.51710,1915,57.7,58.5,57.7,94.7,56.2,0.000,0.000,0.00,0.000,0.4,1.0,0.4,88,24,0.5,1.5,0.5,78,20,0.4,1.0,0.4,88,24,249,28.23,,0,0,0,61.2,63.8,64.3,0.17,0.24,0.10
CLAR,2017-08-21 08:25:00 EDT,41.97920,-74.51710,1915,58.2,58.9,58.2,94.3,56.5,0.000,0.000,0.00,0.000,0.0,0.6,0.1,144,0,0.1,1.0,0.3,151,2,0.0,0.6,0.1,144,0,283,28.22,,0,0,0,61.3,63.8,64.4,0.17,0.24,0.10
CLAR,2017-08-21 08:30:00 EDT,41.97920,-74.51710,1915,58.6,60.0,58.6,94.8,57.1,0.000,0.000,0.00,0.000,0.1,0.9,0.2,78,3,0.3,1.3,0.4,87,16,0.1,0.9,0.2,78,3,320,28.22,,0,0,0,61.4,63.8,64.3,0.17,0.24,0.10
CLAR,2017-08-21 08:35:00 EDT,41.97920,-74.51710,1915,59.0,60.0,59.0,94.8,57.5,0.000,0.000,0.00,0.000,0.9,1.4,0.3,150,22,1.1,1.7,0.5,148,22,0.9,1.4,0.3,150,22,328,28.22,,0,0,0,61.4,63.8,64.4,0.17,0.24,0.10
CLAR,2017-08-21 08:40:00 EDT,41.97920,-74.51710,1915,60.2,60.9,60.2,92.3,57.9,0.000,0.000,0.00,0.000,0.6,1.3,0.4,137,20,0.7,1.8,0.5,129,21,0.6,1.3,0.4,137,20,316,28.22,,0,0,0,61.4,63.8,64.4,0.17,0.23,0.10
CLAR,2017-08-21 08:45:00 EDT,41.97920,-74.51710,1915,60.4,60.6,60.4,91.6,57.9,0.000,0.000,0.00,0.000,0.3,1.2,0.3,163,14,0.6,1.4,0.4,166,18,0.3,1.2,0.3,163,14,361,28.22,,0,0,0,61.5,63.8,64.3,0.17,0.24,0.10
CLAR,2017-08-21 08:50:00 EDT,41.97920,-74.51710,1915,61.0,61.2,61.0,90.4,58.2,0.000,0.000,0.00,0.000,0.3,0.9,0.3,182,1,0.4,1.2,0.5,177,6,0.3,0.9,0.3,182,1,378,28.22,,0,0,0,61.4,63.7,64.3,0.17,0.24,0.10
CLAR,2017-08-21 08:55:00 EDT,41.97920,-74.51710,1915,61.7,62.2,61.7,91.3,59.1,0.000,0.000,0.00,0.000,0.9,1.2,0.1,166,7,1.2,1.5,0.1,166,11,0.9,1.2,0.1,166,7,391,28.21,,0,0,0,61.6,63.6,64.3,0.17,0.24,0.10
CLAR,2017-08-21 09:00:00 EDT,41.97920,-74.51710,1915,62.3,62.9,62.3,90.2,59.3,0.000,0.000,0.00,0.000,1.2,1.8,0.2,175,9,1.4,2.0,0.3,174,11,1.2,1.8,0.2,175,9,403,28.21,,0,0,0,61.7,63.6,64.3,0.17,0.23,0.10
CLAR,2017-08-21 09:05:00 EDT,41.97920,-74.51710,1915,62.8,63.3,62.8,89.7,59.7,0.000,0.000,0.00,0.000,1.5,1.8,0.2,179,8,1.7,2.6,0.3,180,11,1.5,1.8,0.2,179,8,430,28.21,,0,0,0,61.8,63.5,64.3,0.17,0.24,0.10
CLAR,2017-08-21 09:10:00 EDT,41.97920,-74.51710,1915,63.5,64.2,63.5,91.5,61.0,0.000,0.000,0.00,0.000,1.0,1.5,0.3,195,3,1.1,1.9,0.5,194,6,1.0,1.5,0.3,195,3,457,28.21,,0,0,0,61.8,63.5,64.3,0.17,0.24,0.10
CLAR,2017-08-21 09:15:00 EDT,41.97920,-74.51710,1915,65.0,65.0,65.0,87.7,61.3,0.000,0.000,0.00,0.000,1.1,2.3,0.5,185,8,1.3,2.8,0.7,182,10,1.1,2.3,0.5,185,8,476,28.21,,0,0,0,62.1,63.5,64.3,0.17,0.23,0.10
CLAR,2017-08-21 09:20:00 EDT,41.97920,-74.51710,1915,66.5,65.6,66.5,83.1,61.2,0.000,0.000,0.00,0.000,2.1,2.6,0.3,181,12,2.4,3.7,0.4,182,13,2.1,2.6,0.3,181,12,469,28.21,,0,0,0,62.1,63.5,64.3,0.17,0.24,0.10
CLAR,2017-08-21 09:25:00 EDT,41.97920,-74.51710,1915,66.4,65.9,66.4,85.4,61.9,0.000,0.000,0.00,0.000,2.6,3.4,0.4,173,8,3.1,4.5,0.6,175,9,2.6,3.4,0.4,173,8,465,28.21,,0,0,0,62.1,63.5,64.2,0.17,0.24,0.10
CLAR,2017-08-21 09:30:00 EDT,41.97920,-74.51710,1915,66.6,66.2,66.6,83.4,61.4,0.000,0.000,0.00,0.000,3.1,4.3,0.5,182,12,3.6,5.2,0.6,184,12,3.1,4.3,0.5,182,12,458,28.21,,0,0,0,62.1,63.5,64.2,0.17,0.23,0.10
CLAR,2017-08-21 09:35:00 EDT,41.97920,-74.51710,1915,67.2,66.6,67.2,81.4,61.3,0.000,0.000,0.00,0.000,3.3,6.2,1.0,181,14,4.0,8.3,1.3,184,15,3.3,6.2,1.0,181,14,476,28.21,,0,0,0,62.2,63.5,64.2,0.17,0.24,0.10
CLAR,2017-08-21 09:40:00 EDT,41.97920,-74.51710,1915,67.7,67.1,67.7,82.6,62.2,0.000,0.000,0.00,0.000,3.9,6.1,0.8,188,15,4.6,7.3,1.1,190,15,3.9,6.1,0.8,188,15,537,28.21,,0,0,0,62.3,63.5,64.2,0.17,0.23,0.10
CLAR,2017-08-21 09:45:00 EDT,41.97920,-74.51710,1915,68.5,67.9,68.5,81.7,62.7,0.000,0.000,0.00,0.000,4.3,8.3,1.3,195,17,4.9,8.6,1.4,198,15,4.3,8.3,1.3,195,17,547,28.21,,0,0,0,62.3,63.5,64.2,0.17,0.24,0.10
CLAR,2017-08-21 09:50:00 EDT,41.97920,-74.51710,1915,69.0,68.6,69.0,80.6,62.8,0.000,0.000,0.00,0.000,6.0,8.5,1.2,199,13,6.8,9.6,1.3,203,12,6.0,8.5,1.2,199,13,426,28.21,,0,0,0,62.5,63.5,64.2,0.17,0.24,0.10
CLAR,2017-08-21 09:55:00 EDT,41.97920,-74.51710,1915,69.3,68.9,69.3,81.2,63.3,0.000,0.000,0.00,0.000,4.9,7.5,1.1,199,14,5.7,9.1,1.4,201,12,4.9,7.5,1.1,199,14,485,28.21,,0,0,0,62.6,63.5,64.2,0.17,0.24,0.10
CLAR,2017-08-21 10:00:00 EDT,41.97920,-74.51710,1915,69.8,69.4,69.8,81.6,63.9,0.000,0.000,0.00,0.000,4.9,8.0,1.1,199,19,5.5,9.2,1.2,200,18,4.9,8.0,1.1,199,19,552,28.21,,0,0,0,62.6,63.5,64.2,0.17,0.24,0.10
CLAR,2017-08-21 10:05:00 EDT,41.97920,-74.51710,1915,70.6,70.2,70.6,79.0,63.8,0.000,0.000,0.00,0.000,5.6,7.9,0.9,194,12,6.3,9.6,1.3,196,11,5.6,7.9,0.9,194,12,581,28.21,,0,0,0,62.7,63.5,64.2,0.17,0.24,0.10
CLAR,2017-08-21 10:10:00 EDT,41.97920,-74.51710,1915,71.1,70.4,71.1,77.0,63.5,0.000,0.000,0.00,0.000,5.2,7.2,0.8,186,15,5.9,8.2,1.0,187,14,5.2,7.2,0.8,186,15,605,28.22,,0,0,0,62.8,63.5,64.2,0.17,0.24,0.10
CLAR,2017-08-21 10:15:00 EDT,41.97920,-74.51710,1915,71.9,71.1,71.9,73.8,63.1,0.000,0.000,0.00,0.000,5.8,11.0,2.2,186,15,6.5,12.8,2.5,187,15,5.8,11.0,2.2,186,15,613,28.22,,0,0,0,63.0,63.5,64.2,0.17,0.24,0.10
CLAR,2017-08-21 10:20:00 EDT,41.97920,-74.51710,1915,72.2,71.6,72.2,70.2,62.0,0.000,0.000,0.00,0.000,6.5,11.0,1.7,197,16,7.3,11.8,2.0,198,15,6.5,11.0,1.7,197,16,628,28.22,,0,0,0,63.0,63.5,64.2,0.17,0.24,0.10
CLAR,2017-08-21 10:25:00 EDT,41.97920,-74.51710,1915,72.7,71.8,72.7,70.4,62.5,0.000,0.000,0.00,0.000,7.1,11.8,2.2,189,16,8.0,14.8,2.6,189,14,7.1,11.8,2.2,189,16,642,28.22,,0,0,0,63.2,63.5,64.2,0.17,0.24,0.10
CLAR,2017-08-21 10:30:00 EDT,41.97920,-74.51710,1915,72.9,72.1,72.9,69.4,62.3,0.000,0.000,0.00,0.000,6.3,9.6,1.3,182,14,7.0,11.9,1.6,184,15,6.3,9.6,1.3,182,14,655,28.22,,0,0,0,63.1,63.5,64.2,0.17,0.24,0.10
CLAR,2017-08-21 10:35:00 EDT,41.97920,-74.51710,1915,73.5,72.5,73.5,67.2,61.9,0.000,0.000,0.00,0.000,4.6,8.0,1.3,186,18,5.2,10.3,1.8,187,17,4.6,8.0,1.3,186,18,670,28.22,,0,0,0,63.2,63.5,64.2,0.17,0.24,0.10
CLAR,2017-08-21 10:40:00 EDT,41.97920,-74.51710,1915,73.6,72.8,73.6,65.9,61.6,0.000,0.000,0.00,0.000,5.0,9.6,2.0,202,15,5.7,10.4,2.0,203,13,5.0,9.6,2.0,202,15,687,28.22,,0,0,0,63.2,63.5,64.2,0.17,0.24,0.10
CLAR,2017-08-21 10:45:00 EDT,41.97920,-74.51710,1915,74.2,73.4,74.2,65.3,61.8,0.000,0.000,0.00,0.000,5.5,8.2,1.2,196,15,6.1,9.3,1.2,199,14,5.5,8.2,1.2,196,15,695,28.22,,0,0,0,63.4,63.5,64.2,0.17,0.24,0.10
CLAR,2017-08-21 10:50:00 EDT,41.97920,-74.51710,1915,74.4,73.5,74.4,61.7,60.4,0.000,0.000,0.00,0.000,5.7,11.1,2.1,204,26,6.6,12.0,2.1,204,26,5.7,11.1,2.1,204,26,728,28.21,,0,0,0,63.6,63.4,64.2,0.17,0.24,0.10
CLAR,2017-08-21 10:55:00 EDT,41.97920,-74.51710,1915,74.8,74.2,74.8,58.7,59.4,0.000,0.000,0.00,0.000,5.7,10.4,2.2,212,24,6.3,11.5,2.3,212,22,5.7,10.4,2.2,212,24,495,28.21,,0,0,0,63.6,63.4,64.2,0.17,0.24,0.10
CLAR,2017-08-21 11:00:00 EDT,41.97920,-74.51710,1915,73.9,73.7,73.9,57.8,58.1,0.000,0.000,0.00,0.000,5.2,9.6,2.1,207,25,5.9,10.5,2.1,210,25,5.2,9.6,2.1,207,25,323,28.21,,0,0,0,63.7,63.4,64.2,0.17,0.24,0.10
CLAR,2017-08-21 11:05:00 EDT,41.97920,-74.51710,1915,74.3,73.6,74.3,64.2,61.4,0.000,0.000,0.00,0.000,3.5,6.2,1.3,198,20,4.1,7.6,1.3,199,19,3.5,6.2,1.3,198,20,714,28.22,,0,0,0,63.9,63.3,64.2,0.17,0.24,0.10
CLAR,2017-08-21 11:10:00 EDT,41.97920,-74.51710,1915,75.0,73.9,75.0,62.5,61.3,0.000,0.000,0.00,0.000,6.4,10.4,1.6,197,19,7.3,11.5,1.7,198,17,6.4,10.4,1.6,197,19,731,28.21,,0,0,0,63.9,63.3,64.2,0.17,0.24,0.10
CLAR,2017-08-21 11:15:00 EDT,41.97920,-74.51710,1915,74.8,73.9,74.8,60.2,60.1,0.000,0.000,0.00,0.000,7.0,11.9,1.8,192,14,7.7,12.9,2.0,194,12,7.0,11.9,1.8,192,14,749,28.21,,0,0,0,63.9,63.3,64.2,0.17,0.24,0.10
CLAR,2017-08-21 11:20:00 EDT,41.97920,-74.51710,1915,75.2,74.5,75.2,58.4,59.7,0.000,0.000,0.00,0.000,8.0,12.3,1.9,197,17,8.8,13.9,2.0,199,15,8.0,12.3,1.9,197,17,719,28.21,,0,0,0,63.9,63.3,64.2,0.17,0.24,0.10
CLAR,2017-08-21 11:25:00 EDT,41.97920,-74.51710,1915,74.9,74.3,74.9,56.6,58.5,0.000,0.000,0.00,0.000,8.5,13.9,1.7,206,14,9.1,15.3,1.9,207,14,8.5,13.9,1.7,206,14,648,28.21,,0,0,0,64.0,63.2,64.2,0.17,0.24,0.10
CLAR,2017-08-21 11:30:00 EDT,41.97920,-74.51710,1915,75.1,74.5,75.1,55.6,58.1,0.000,0.000,0.00,0.000,8.9,14.6,2.0,204,17,9.7,16.2,2.4,205,15,8.9,14.6,2.0,204,17,770,28.21,,0,0,0,64.2,63.2,64.2,0.17,0.24,0.10
CLAR,2017-08-21 11:35:00 EDT,41.97920,-74.51710,1915,75.5,74.7,75.5,54.9,58.1,0.000,0.000,0.00,0.000,8.9,13.9,2.3,199,13,9.7,16.1,2.5,201,12,8.9,13.9,2.3,199,13,809,28.21,,0,0,0,64.3,63.2,64.2,0.17,0.23,0.10
CLAR,2017-08-21 11:40:00 EDT,41.97920,-74.51710,1915,75.9,75.1,75.9,54.9,58.6,0.000,0.000,0.00,0.000,7.1,13.3,2.2,204,16,7.9,16.1,2.5,207,17,7.1,13.3,2.2,204,16,816,28.20,,0,0,0,64.2,63.2,64.2,0.17,0.23,0.10
CLAR,2017-08-21 11:45:00 EDT,41.97920,-74.51710,1915,75.7,75.0,75.7,53.7,57.7,0.000,0.000,0.00,0.000,10.2,14.0,1.8,201,14,11.0,14.6,1.7,201,13,10.2,14.0,1.8,201,14,798,28.20,,0,0,0,64.3,63.2,64.2,0.17,0.24,0.10
CLAR,2017-08-21 11:50:00 EDT,41.97920,-74.51710,1915,75.8,75.1,75.8,55.6,58.8,0.000,0.000,0.00,0.000,9.1,15.4,2.6,191,18,10.2,17.5,2.9,194,16,9.1,15.4,2.6,191,18,769,28.20,,0,0,0,64.4,63.2,64.2,0.17,0.24,0.10
CLAR,2017-08-21 11:55:00 EDT,41.97920,-74.51710,1915,75.7,75.0,75.7,57.0,59.4,0.000,0.000,0.00,0.000,8.0,12.9,2.4,203,16,8.7,14.4,2.6,203,15,8.0,12.9,2.4,203,16,799,28.20,,0,0,0,64.4,63.2,64.2,0.17,0.24,0.10
CLAR,2017-08-21 12:00:00 EDT,41.97920,-74.51710,1915,76.4,75.4,76.4,57.3,60.2,0.000,0.000,0.00,0.000,4.8,8.8,1.9,207,23,5.6,11.1,1.7,211,22,4.8,8.8,1.9,207,23,728,28.20,,0,0,0,64.4,63.2,64.2,0.17,0.24,0.10
CLAR,2017-08-21 12:05:00 EDT,41.97920,-74.51710,1915,75.8,75.1,75.8,55.7,58.8,0.000,0.000,0.00,0.000,6.2,10.2,1.5,211,18,6.8,11.7,1.8,213,19,6.2,10.2,1.5,211,18,603,28.20,,0,0,0,64.4,63.2,64.2,0.17,0.24,0.10
CLAR,2017-08-21 12:10:00 EDT,41.97920,-74.51710,1915,75.9,75.1,75.9,58.0,60.1,0.000,0.000,0.00,0.000,7.5,12.7,2.2,197,20,8.3,13.8,2.4,199,19,7.5,12.7,2.2,197,20,803,28.20,,0,0,0,64.4,63.2,64.2,0.17,0.24,0.10
CLAR,2017-08-21 12:15:00 EDT,41.97920,-74.51710,1915,76.4,75.5,76.4,56.0,59.5,0.000,0.000,0.00,0.000,7.9,14.0,2.5,201,15,8.7,14.9,2.8,203,13,7.9,14.0,2.5,201,15,865,28.19,,0,0,0,64.5,63.2,64.2,0.17,0.24,0.10
CLAR,2017-08-21 12:20:00 EDT,41.97920,-74.51710,1915,77.0,75.9,77.0,56.4,60.2,0.000,0.000,0.00,0.000,7.1,11.0,1.8,196,19,7.9,12.4,2.1,198,17,7.1,11.0,1.8,196,19,844,28.19,,0,0,0,64.5,63.2,64.2,0.17,0.24,0.10
CLAR,2017-08-21 12:25:00 EDT,41.97920,-74.51710,1915,76.9,76.0,76.9,55.0,59.5,0.000,0.000,0.00,0.000,6.5,13.3,2.3,210,19,7.0,13.8,2.4,212,19,6.5,13.3,2.3,210,19,814,28.19,,0,0,0,64.8,63.2,64.2,0.17,0.24,0.10
CLAR,2017-08-21 12:30:00 EDT,41.97920,-74.51710,1915,76.8,76.0,76.8,54.6,59.2,0.000,0.000,0.00,0.000,8.5,14.8,3.0,198,27,9.3,15.8,3.0,198,26,8.5,14.8,3.0,198,27,584,28.19,,0,0,0,64.8,63.2,64.2,0.17,0.24,0.10
CLAR,2017-08-21 12:35:00 EDT,41.97920,-74.51710,1915,76.4,75.7,76.4,56.0,59.5,0.000,0.000,0.00,0.000,6.5,11.5,1.9,200,27,7.5,12.0,2.2,202,28,6.5,11.5,1.9,200,27,689,28.19,,0,0,0,64.8,63.3,64.2,0.17,0.23,0.10
CLAR,2017-08-21 12:40:00 EDT,41.97920,-74.51710,1915,77.0,76.1,77.0,53.9,59.1,0.000,0.000,0.00,0.000,7.3,13.6,2.0,199,20,7.9,15.3,2.2,202,19,7.3,13.6,2.0,199,20,776,28.18,,0,0,0,65.0,63.3,64.2,0.17,0.23,0.10
CLAR,2017-08-21 12:45:00 EDT,41.97920,-74.51710,1915,76.9,76.2,76.9,54.9,59.4,0.000,0.000,0.00,0.000,7.9,13.4,2.8,197,17,8.6,14.3,2.9,199,15,7.9,13.4,2.8,197,17,718,28.18,,0,0,0,65.1,63.3,64.2,0.17,0.23,0.10
CLAR,2017-08-21 12:50:00 EDT,41.97920,-74.51710,1915,76.9,75.9,76.9,55.1,59.6,0.000,0.000,0.00,0.000,6.6,13.1,2.6,188,16,7.5,13.8,2.9,190,15,6.6,13.1,2.6,188,16,845,28.18,,0,0,0,65.2,63.3,64.1,0.17,0.24,0.10
CLAR,2017-08-21 12:55:00 EDT,41.97920,-74.51710,1915,77.3,76.5,77.3,53.5,59.1,0.000,0.000,0.00,0.000,7.7,12.6,2.1,205,16,8.3,13.7,2.1,209,13,7.7,12.6,2.1,205,16,840,28.18,,0,0,0,65.1,63.3,64.2,0.17,0.23,0.10
CLAR,2017-08-21 13:00:00 EDT,41.97920,-74.51710,1915,77.2,76.5,77.2,50.6,57.5,0.000,0.000,0.00,0.000,7.6,12.2,2.5,219,17,8.0,13.3,2.5,221,16,7.6,12.2,2.5,219,17,845,28.18,,0,0,0,65.2,63.4,64.1,0.17,0.24,0.10
CLAR,2017-08-21 13:05:00 EDT,41.97920,-74.51710,1915,77.3,76.7,77.3,49.9,57.2,0.000,0.000,0.00,0.000,7.5,12.1,1.8,224,17,7.9,14.0,2.1,226,17,7.5,12.1,1.8,224,17,735,28.18,,0,0,0,65.3,63.4,64.1,0.17,0.24,0.10
CLAR,2017-08-21 13:10:00 EDT,41.97920,-74.51710,1915,77.3,76.7,77.3,50.9,57.7,0.000,0.000,0.00,0.000,7.2,13.4,2.2,222,18,7.6,13.0,2.3,223,16,7.2,13.4,2.2,222,18,580,28.18,,0,0,0,65.4,63.4,64.1,0.17,0.24,0.10
CLAR,2017-08-21 13:15:00 EDT,41.97920,-74.51710,1915,76.5,76.2,76.5,53.4,58.3,0.000,0.000,0.00,0.000,8.4,13.4,1.8,203,17,8.9,14.3,2.1,204,16,8.4,13.4,1.8,203,17,501,28.18,,0,0,0,65.7,63.4,64.1,0.17,0.24,0.10
CLAR,2017-08-21 13:20:00 EDT,41.97920,-74.51710,1915,77.0,76.3,77.0,55.5,59.9,0.000,0.000,0.00,0.000,7.8,12.7,1.6,210,18,8.4,12.7,1.8,211,16,7.8,12.7,1.6,210,18,671,28.18,,0,0,0,65.8,63.4,64.1,0.17,0.24,0.10
CLAR,2017-08-21 13:25:00 EDT,41.97920,-74.51710,1915,77.0,76.3,77.0,55.1,59.7,0.000,0.000,0.00,0.000,8.2,12.9,2.1,202,16,8.8,13.4,2.2,203,15,8.2,12.9,2.1,202,16,799,28.18,,0,0,0,65.8,63.4,64.1,0.17,0.24,0.10
CLAR,2017-08-21 13:30:00 EDT,41.97920,-74.51710,1915,77.3,76.7,77.3,56.1,60.4,0.000,0.000,0.00,0.000,7.4,12.5,1.8,211,18,8.0,14.5,1.9,215,15,7.4,12.5,1.8,211,18,823,28.18,,0,0,0,65.9,63.5,64.1,0.16,0.24,0.10
CLAR,2017-08-21 13:35:00 EDT,41.97920,-74.51710,1915,77.6,76.7,77.6,57.3,61.3,0.000,0.000,0.00,0.000,9.4,14.7,2.2,210,14,9.9,15.0,2.2,212,13,9.4,14.7,2.2,210,14,912,28.18,,0,0,0,65.9,63.5,64.0,0.16,0.24,0.10
CLAR,2017-08-21 13:40:00 EDT,41.97920,-74.51710,1915,77.3,76.5,77.3,58.1,61.4,0.000,0.000,0.00,0.000,10.7,18.9,3.0,199,16,11.6,23.5,3.3,201,13,10.7,18.9,3.0,199,16,628,28.18,,0,0,0,65.8,63.5,64.0,0.16,0.24,0.10
CLAR,2017-08-21 13:45:00 EDT,41.97920,-74.51710,1915,76.9,76.2,76.9,59.1,61.5,0.000,0.000,0.00,0.000,9.1,14.6,2.3,207,19,9.7,17.1,2.5,208,19,9.1,14.6,2.3,207,19,613,28.18,,0,0,0,65.9,63.5,64.1,0.16,0.24,0.10
CLAR,2017-08-21 13:50:00 EDT,41.97920,-74.51710,1915,76.8,76.2,76.8,60.1,62.0,0.004,0.004,0.00,0.004,7.9,14.2,1.9,205,18,8.5,16.2,2.1,207,18,7.9,14.2,1.9,205,18,514,28.18,,0,0,0,65.8,63.5,64.0,0.16,0.24,0.10
CLAR,2017-08-21 13:55:00 EDT,41.97920,-74.51710,1915,76.2,75.7,76.2,60.6,61.6,0.000,0.004,0.00,0.004,9.0,14.9,2.7,212,17,9.5,16.9,2.6,214,15,9.0,14.9,2.7,212,17,373,28.18,,0,0,0,65.9,63.5,64.0,0.16,0.24,0.10
CLAR,2017-08-21 14:00:00 EDT,41.97920,-74.51710,1915,75.8,75.4,75.8,63.5,62.5,0.000,0.004,0.00,0.004,7.4,12.1,1.9,203,20,8.3,14.1,2.1,204,20,7.4,12.1,1.9,203,20,432,28.18,,0,0,0,65.9,63.5,63.9,0.16,0.24,0.10
CLAR,2017-08-21 14:05:00 EDT,41.97920,-74.51710,1915,76.1,75.6,76.1,63.3,62.7,0.000,0.004,0.00,0.004,7.4,15.1,2.5,202,17,8.2,16.6,2.7,203,15,7.4,15.1,2.5,202,17,427,28.18,,0,0,0,65.9,63.5,63.9,0.17,0.24,0.10
CLAR,2017-08-21 14:10:00 EDT,41.97920,-74.51710,1915,76.0,75.5,76.0,64.4,63.1,0.000,0.004,0.00,0.004,7.0,11.5,1.9,195,17,7.6,13.8,2.2,197,18,7.0,11.5,1.9,195,17,395,28.17,,0,0,0,65.9,63.5,63.9,0.17,0.24,0.10
CLAR,2017-08-21 14:15:00 EDT,41.97920,-74.51710,1915,75.6,75.2,75.6,63.6,62.4,0.000,0.004,0.00,0.004,6.8,10.7,1.6,203,15,7.4,11.0,1.7,206,13,6.8,10.7,1.6,203,15,311,28.17,,0,0,0,65.9,63.5,63.9,0.16,0.23,0.10
CLAR,2017-08-21 14:20:00 EDT,41.97920,-74.51710,1915,75.3,75.0,75.3,65.5,62.9,0.000,0.004,0.00,0.004,5.9,8.4,1.2,198,15,6.5,9.2,1.4,200,14,5.9,8.4,1.2,198,15,179,28.17,,0,0,0,66.0,63.5,63.9,0.17,0.23,0.10
CLAR,2017-08-21 14:25:00 EDT,41.97920,-74.51710,1915,74.9,74.7,74.9,66.7,63.0,0.000,0.004,0.00,0.004,5.1,9.6,1.7,200,16,5.7,9.6,1.8,203,15,5.1,9.6,1.7,200,16,258,28.17,,0,0,0,66.0,63.5,63.9,0.16,0.23,0.10
CLAR,2017-08-21 14:30:00 EDT,41.97920,-74.51710,1915,74.8,74.7,74.8,66.9,63.1,0.000,0.004,0.00,0.004,4.8,8.6,1.3,211,18,5.3,9.5,1.5,214,16,4.8,8.6,1.3,211,18,125,28.16,,0,0,0,66.0,63.5,63.9,0.17,0.24,0.10
CLAR,2017-08-21 14:35:00 EDT,41.97920,-74.51710,1915,74.4,74.5,74.4,69.9,63.9,0.000,0.004,0.00,0.004,4.1,7.2,1.2,203,25,4.4,8.0,1.4,203,25,4.1,7.2,1.2,203,25,118,28.16,,0,0,0,66.0,63.5,63.9,0.17,0.24,0.10
CLAR,2017-08-21 14:40:00 EDT,41.97920,-74.51710,1915,73.8,74.1,73.8,71.0,63.8,0.000,0.004,0.00,0.004,4.9,7.5,1.3,201,19,5.2,8.2,1.5,203,20,4.9,7.5,1.3,201,19,107,28.16,,0,0,0,66.0,63.5,63.9,0.17,0.24,0.10
CLAR,2017-08-21 14:45:00 EDT,41.97920,-74.51710,1915,73.8,73.8,73.8,75.0,65.4,0.000,0.004,0.00,0.004,1.8,4.9,1.1,228,34,2.1,5.7,1.2,229,37,1.8,4.9,1.1,228,34,183,28.16,,0,0,0,65.9,63.5,63.9,0.17,0.23,0.10
CLAR,2017-08-21 14:50:00 EDT,41.97920,-74.51710,1915,73.0,73.4,73.0,77.2,65.4,0.000,0.004,0.00,0.000,2.6,4.5,0.9,192,17,2.9,5.3,1.1,195,17,2.6,4.5,0.9,192,17,126,28.17,,0,0,0,65.9,63.5,63.9,0.16,0.24,0.10
CLAR,2017-08-21 14:55:00 EDT,41.97920,-74.51710,1915,73.6,73.7,73.6,74.5,65.0,0.000,0.004,0.00,0.000,2.9,8.0,1.1,206,21,3.1,8.0,1.1,209,21,2.9,8.0,1.1,206,21,145,28.17,,0,0,0,65.9,63.5,63.8,0.17,0.23,0.10
CLAR,2017-08-21 15:00:00 EDT,41.97920,-74.51710,1915,73.9,74.0,73.9,74.5,65.3,0.000,0.004,0.00,0.000,2.7,4.7,0.8,199,26,3.0,5.5,0.9,201,25,2.7,4.7,0.8,199,26,148,28.16,,0,0,0,65.9,63.5,63.9,0.17,0.23,0.10
CLAR,2017-08-21 15:05:00 EDT,41.97920,-74.51710,1915,73.7,73.9,73.7,75.4,65.4,0.000,0.004,0.00,0.000,3.3,5.4,0.7,195,15,3.6,6.1,0.9,197,16,3.3,5.4,0.7,195,15,152,28.16,,0,0,0,65.9,63.5,63.9,0.17,0.23,0.10
CLAR,2017-08-21 15:10:00 EDT,41.97920,-74.51710,1915,73.1,73.4,73.1,77.2,65.5,0.000,0.004,0.00,0.000,2.8,3.8,0.4,190,14,3.1,4.2,0.5,193,15,2.8,3.8,0.4,190,14,115,28.16,,0,0,0,65.9,63.5,63.8,0.17,0.24,0.10
CLAR,2017-08-21 15:15:00 EDT,41.97920,-74.51710,1915,73.1,73.3,73.1,77.8,65.8,0.000,0.004,0.00,0.000,2.5,3.9,0.6,197,12,2.7,4.5,0.7,200,13,2.5,3.9,0.6,197,12,214,28.16,,0,0,0,65.9,63.6,63.9,0.17,0.24,0.10
CLAR,2017-08-21 15:20:00 EDT,41.97920,-74.51710,1915,74.2,73.7,74.2,73.9,65.3,0.000,0.004,0.00,0.000,3.1,5.2,0.6,215,13,3.3,5.7,0.8,217,12,3.1,5.2,0.6,215,13,429,28.16,,0,0,0,65.9,63.6,63.8,0.16,0.23,0.10
CLAR,2017-08-21 15:25:00 EDT,41.97920,-74.51710,1915,74.8,74.2,74.8,71.3,64.9,0.000,0.004,0.00,0.000,3.8,7.6,1.2,217,16,4.1,8.7,1.3,220,15,3.8,7.6,1.2,217,16,361,28.16,,0,0,0,65.9,63.6,63.9,0.16,0.24,0.10
CLAR,2017-08-21 15:30:00 EDT,41.97920,-74.51710,1915,75.4,74.7,75.4,72.0,65.8,0.000,0.004,0.00,0.000,2.6,4.5,0.9,212,21,2.8,5.4,1.1,217,20,2.6,4.5,0.9,212,21,445,28.16,,0,0,0,65.9,63.7,63.9,0.16,0.24,0.10
CLAR,2017-08-21 15:35:00 EDT,41.97920,-74.51710,1915,75.6,74.9,75.6,69.5,64.9,0.000,0.004,0.00,0.000,4.6,6.7,1.1,204,24,5.0,7.5,1.3,207,23,4.6,6.7,1.1,204,24,364,28.16,,0,0,0,65.9,63.7,63.9,0.16,0.24,0.10
CLAR,2017-08-21 15:40:00 EDT,41.97920,-74.51710,1915,75.8,75.1,75.8,69.3,65.0,0.000,0.004,0.00,0.000,5.6,8.5,1.1,193,17,6.3,10.4,1.4,195,15,5.6,8.5,1.1,193,17,513,28.16,,0,0,0,65.9,63.8,63.9,0.16,0.24,0.10
CLAR,2017-08-21 15:45:00 EDT,41.97920,-74.51710,1915,76.4,75.6,76.4,68.2,65.1,0.000,0.004,0.00,0.000,5.7,9.7,1.4,194,16,6.5,10.8,1.5,198,15,5.7,9.7,1.4,194,16,554,28.16,,0,0,0,66.0,63.8,63.9,0.16,0.23,0.10
CLAR,2017-08-21 15:50:00 EDT,41.97920,-74.51710,1915,76.3,75.6,76.3,66.8,64.4,0.000,0.004,0.26,0.000,8.5,11.8,1.9,198,22,9.3,14.7,2.1,200,22,8.5,11.8,1.9,198,22,479,28.16,,0,0,0,66.0,63.8,63.9,0.16,0.23,0.10
CLAR,2017-08-21 15:55:00 EDT,41.97920,-74.51710,1915,76.7,76.0,76.7,66.8,64.8,0.000,0.004,0.00,0.000,5.5,9.9,2.2,231,28,6.1,11.6,2.3,236,29,5.5,9.9,2.2,231,28,468,28.16,,0,0,0,66.1,63.9,63.9,0.16,0.24,0.10
CLAR,2017-08-21 16:00:00 EDT,41.97920,-74.51710,1915,76.1,75.7,76.1,65.7,63.8,0.007,0.012,0.00,0.007,6.5,11.1,1.9,236,23,7.1,13.5,2.1,239,23,6.5,11.1,1.9,236,23,222,28.16,,0,0,0,66.0,63.9,63.8,0.16,0.24,0.10
CLAR,2017-08-21 16:05:00 EDT,41.97920,-74.51710,1915,75.5,75.2,75.5,67.1,63.8,0.001,0.013,0.00,0.008,6.1,10.2,2.3,216,18,6.6,12.5,2.4,219,16,6.1,10.2,2.3,216,18,205,28.16,,0,0,0,66.1,63.8,63.8,0.16,0.24,0.10
CLAR,2017-08-21 16:10:00 EDT,41.97920,-74.51710,1915,75.6,75.3,75.6,69.3,64.8,0.000,0.013,0.00,0.008,6.3,10.3,1.8,195,14,6.9,11.4,2.0,198,14,6.3,10.3,1.8,195,14,246,28.15,,0,0,0,66.1,63.9,63.9,0.16,0.23,0.10
CLAR,2017-08-21 16:15:00 EDT,41.97920,-74.51710,1915,76.0,75.6,76.0,68.8,65.1,0.000,0.013,0.00,0.008,4.6,9.3,1.6,213,17,5.1,11.1,1.8,216,16,4.6,9.3,1.6,213,17,303,28.15,,0,0,0,66.2,63.9,63.9,0.16,0.24,0.10
CLAR,2017-08-21 16:20:00 EDT,41.97920,-74.51710,1915,76.0,75.7,76.0,67.9,64.7,0.000,0.013,0.00,0.008,4.8,7.5,1.3,218,20,5.1,7.8,1.4,221,19,4.8,7.5,1.3,218,20,363,28.15,,0,0,0,66.1,63.8,63.9,0.16,0.24,0.10
CLAR,2017-08-21 16:25:00 EDT,41.97920,-74.51710,1915,76.9,76.3,76.9,66.6,64.9,0.000,0.013,0.00,0.008,3.7,9.2,2.8,195,30,4.3,10.3,2.8,201,32,3.7,9.2,2.8,195,30,341,28.15,,0,0,0,66.2,63.8,63.9,0.16,0.23,0.10
CLAR,2017-08-21 16:30:00 EDT,41.97920,-74.51710,1915,76.7,76.4,76.7,65.6,64.3,0.000,0.013,0.00,0.008,5.9,9.4,1.8,206,14,6.5,10.3,1.7,207,14,5.9,9.4,1.8,206,14,194,28.15,,0,0,0,66.4,63.9,63.8,0.16,0.24,0.10
CLAR,2017-08-21 16:35:00 EDT,41.97920,-74.51710,1915,76.8,76.4,76.8,65.4,64.3,0.000,0.013,0.00,0.008,5.2,9.1,1.5,218,25,5.8,10.1,1.6,220,23,5.2,9.1,1.5,218,25,388,28.15,,0,0,0,66.3,63.9,63.8,0.16,0.24,0.10
CLAR,2017-08-21 16:40:00 EDT,41.97920,-74.51710,1915,76.5,76.3,76.5,65.4,64.1,0.000,0.013,0.00,0.008,8.7,12.5,2.1,203,16,9.1,13.8,2.2,205,16,8.7,12.5,2.1,203,16,269,28.15,,0,0,0,66.4,63.8,63.8,0.16,0.23,0.10
CLAR,2017-08-21 16:45:00 EDT,41.97920,-74.51710,1915,76.3,76.1,76.3,65.6,63.9,0.000,0.013,0.00,0.008,5.6,8.8,1.4,208,15,6.0,9.6,1.5,210,15,5.6,8.8,1.4,208,15,150,28.14,,0,0,0,66.3,63.9,63.8,0.16,0.23,0.10
CLAR,2017-08-21 16:50:00 EDT,41.97920,-74.51710,1915,76.2,76.0,76.2,67.1,64.5,0.000,0.013,0.00,0.008,4.2,6.4,1.0,208,14,4.5,7.6,1.1,211,14,4.2,6.4,1.0,208,14,288,28.14,,0,0,0,66.4,63.8,63.8,0.16,0.24,0.10
CLAR,2017-08-21 16:55:00 EDT,41.97920,-74.51710,1915,77.1,76.6,77.1,67.0,65.3,0.000,0.013,0.00,0.008,4.6,8.8,1.6,207,18,5.1,9.7,1.7,209,15,4.6,8.8,1.6,207,18,457,28.14,,0,0,0,66.4,63.9,63.8,0.16,0.24,0.10
CLAR,2017-08-21 17:00:00 EDT,41.97920,-74.51710,1915,77.6,76.9,77.6,66.3,65.4,0.000,0.013,0.00,0.001,6.2,9.5,1.7,206,20,6.7,9.8,1.7,208,20,6.2,9.5,1.7,206,20,380,28.14,,0,0,0,66.4,63.9,63.9,0.16,0.23,0.10
CLAR,2017-08-21 17:05:00 EDT,41.97920,-74.51710,1915,77.0,76.7,77.0,65.6,64.6,0.000,0.013,0.00,0.000,5.9,11.0,1.5,224,17,6.3,11.7,1.6,226,16,5.9,11.0,1.5,224,17,215,28.14,,0,0,0,66.4,63.9,63.8,0.16,0.24,0.10
CLAR,2017-08-21 17:10:00 EDT,41.97920,-74.51710,1915,77.1,76.6,77.1,66.1,64.9,0.000,0.013,0.00,0.000,6.4,9.5,2.1,211,15,7.0,11.5,2.2,214,15,6.4,9.5,2.1,211,15,390,28.14,,0,0,0,66.4,63.9,63.8,0.16,0.24,0.10
CLAR,2017-08-21 17:15:00 EDT,41.97920,-74.51710,1915,76.7,76.5,76.7,66.5,64.7,0.000,0.013,0.00,0.000,6.1,10.1,1.8,227,18,6.4,10.6,1.9,229,19,6.1,10.1,1.8,227,18,212,28.14,,0,0,0,66.4,63.9,63.9,0.16,0.24,0.10
CLAR,2017-08-21 17:20:00 EDT,41.97920,-74.51710,1915,76.7,76.5,76.7,67.0,64.9,0.000,0.013,0.00,0.000,6.5,10.3,1.8,221,16,7.0,10.4,1.8,223,17,6.5,10.3,1.8,221,16,188,28.14,,0,0,0,66.4,63.9,63.8,0.15,0.24,0.10
CLAR,2017-08-21 17:25:00 EDT,41.97920,-74.51710,1915,76.2,76.1,76.2,69.3,65.4,0.000,0.013,0.00,0.000,5.9,9.9,1.3,208,15,6.3,10.4,1.4,211,13,5.9,9.9,1.3,208,15,124,28.14,,0,0,0,66.4,63.9,63.9,0.16,0.23,0.10
CLAR,2017-08-21 17:30:00 EDT,41.97920,-74.51710,1915,76.2,75.9,76.2,71.2,66.2,0.000,0.013,0.00,0.000,3.9,8.3,1.4,209,22,4.3,9.7,1.6,210,23,3.9,8.3,1.4,209,22,215,28.14,,0,0,0,66.4,63.9,63.8,0.16,0.24,0.10
CLAR,2017-08-21 17:35:00 EDT,41.97920,-74.51710,1915,76.3,76.1,76.3,70.1,65.9,0.000,0.013,0.00,0.000,4.9,8.1,1.5,222,14,5.2,9.5,1.5,226,15,4.9,8.1,1.5,222,14,218,28.14,,0,0,0,66.4,63.9,63.9,0.16,0.24,0.10
CLAR,2017-08-21 17:40:00 EDT,41.97920,-74.51710,1915,76.6,76.3,76.6,69.4,65.8,0.000,0.013,0.00,0.000,4.9,8.1,1.2,228,17,5.5,8.5,1.4,232,17,4.9,8.1,1.2,228,17,226,28.14,,0,0,0,66.4,63.9,63.8,0.16,0.24,0.10
CLAR,2017-08-21 17:45:00 EDT,41.97920,-74.51710,1915,75.9,75.9,75.9,70.5,65.6,0.000,0.013,0.00,0.000,4.3,7.3,1.4,222,17,4.7,8.4,1.6,225,16,4.3,7.3,1.4,222,17,101,28.14,,0,0,0,66.4,63.9,63.9,0.16,0.23,0.10
CLAR,2017-08-21 17:50:00 EDT,41.97920,-74.51710,1915,75.8,75.7,75.8,73.4,66.7,0.000,0.013,0.00,0.000,2.0,4.2,0.9,231,23,2.3,4.9,0.9,237,30,2.0,4.2,0.9,231,23,286,28.14,,0,0,0,66.4,63.9,63.8,0.16,0.23,0.10
CLAR,2017-08-21 17:55:00 EDT,41.97920,-74.51710,1915,76.4,76.2,76.4,71.0,66.3,0.000,0.013,0.00,0.000,4.9,8.6,1.5,221,19,5.1,8.1,1.4,223,19,4.9,8.6,1.5,221,19,205,28.14,,0,0,0,66.4,63.9,63.9,0.15,0.23,0.10
CLAR,2017-08-21 18:00:00 EDT,41.97920,-74.51710,1915,75.9,76.1,75.9,72.7,66.5,0.000,0.013,0.00,0.000,3.1,5.3,1.1,234,19,3.5,6.2,1.2,238,19,3.1,5.3,1.1,234,19,262,28.14,,0,0,0,66.4,63.9,63.9,0.16,0.24,0.10
CLAR,2017-08-21 18:05:00 EDT,41.97920,-74.51710,1915,76.2,76.1,76.2,71.8,66.4,0.000,0.013,0.00,0.000,3.5,7.1,1.4,220,21,3.8,7.7,1.7,222,19,3.5,7.1,1.4,220,21,107,28.13,,0,0,0,66.4,63.9,63.9,0.16,0.24,0.10
CLAR,2017-08-21 18:10:00 EDT,41.97920,-74.51710,1915,74.8,75.4,74.8,75.0,66.3,0.000,0.013,0.00,0.000,3.2,6.9,1.2,217,25,3.5,8.1,1.3,221,25,3.2,6.9,1.2,217,25,83,28.13,,0,0,0,66.4,63.9,63.8,0.16,0.24,0.10
CLAR,2017-08-21 18:15:00 EDT,41.97920,-74.51710,1915,74.4,75.3,74.4,75.3,66.1,0.000,0.013,0.00,0.000,4.1,8.0,1.5,215,16,4.4,9.0,1.6,218,16,4.1,8.0,1.5,215,16,92,28.13,,0,0,0,66.4,63.9,63.8,0.16,0.23,0.10
CLAR,2017-08-21 18:20:00 EDT,41.97920,-74.51710,1915,73.7,74.8,73.7,77.7,66.3,0.000,0.013,0.00,0.000,2.6,7.2,1.2,219,28,2.8,7.6,1.3,225,29,2.6,7.2,1.2,219,28,73,28.13,,0,0,0,66.4,63.9,63.8,0.16,0.23,0.10
CLAR,2017-08-21 18:25:00 EDT,41.97920,-74.51710,1915,71.8,73.3,71.8,84.1,66.7,0.000,0.013,0.00,0.000,0.8,1.8,0.4,309,30,1.0,1.9,0.5,315,30,0.8,1.8,0.4,309,30,52,28.13,,0,0,0,66.4,63.9,63.8,0.16,0.24,0.10
CLAR,2017-08-21 18:30:00 EDT,41.97920,-74.51710,1915,71.4,71.9,71.4,85.5,66.8,0.000,0.013,0.00,0.000,0.2,0.9,0.3,28,8,0.6,1.8,0.5,29,17,0.2,0.9,0.3,28,8,55,28.13,,0,0,0,66.4,63.9,63.9,0.16,0.23,0.10
CLAR,2017-08-21 18:35:00 EDT,41.97920,-74.51710,1915,70.8,71.6,70.8,86.4,66.5,0.000,0.013,0.00,0.000,1.5,1.8,0.2,27,5,1.7,2.2,0.3,28,6,1.5,1.8,0.2,27,5,45,28.13,,0,0,0,66.4,63.9,63.9,0.16,0.24,0.10
CLAR,2017-08-21 18:40:00 EDT,41.97920,-74.51710,1915,70.5,71.1,70.5,87.9,66.7,0.000,0.013,0.00,0.000,0.7,1.8,0.6,43,11,0.7,1.9,0.7,41,11,0.7,1.8,0.6,43,11,30,28.13,,0,0,0,66.3,63.9,63.9,0.16,0.24,0.10
CLAR,2017-08-21 18:45:00 EDT,41.97920,-74.51710,1915,70.3,70.7,70.3,89.4,67.0,0.000,0.013,0.00,0.000,0.1,0.8,0.3,25,0,0.3,1.1,0.4,27,15,0.1,0.8,0.3,25,0,26,28.12,,0,0,0,66.4,63.9,63.9,0.16,0.24,0.10
CLAR,2017-08-21 18:50:00 EDT,41.97920,-74.51710,1915,70.0,70.3,70.0,90.7,67.2,0.000,0.013,0.00,0.000,0.8,1.6,0.4,214,15,1.0,1.7,0.4,217,14,0.8,1.6,0.4,214,15,24,28.12,,0,0,0,66.2,64.0,63.9,0.16,0.24,0.10
CLAR,2017-08-21 18:55:00 EDT,41.97920,-74.51710,1915,69.5,70.1,69.5,91.0,66.8,0.000,0.013,0.00,0.000,1.2,2.3,0.7,233,6,1.2,2.5,0.7,235,7,1.2,2.3,0.7,233,6,16,28.13,,0,0,0,66.1,64.0,63.8,0.16,0.24,0.10
CLAR,2017-08-21 19:00:00 EDT,41.97920,-74.51710,1915,69.2,69.7,69.2,91.7,66.7,0.000,0.013,0.00,0.000,0.2,0.9,0.3,197,9,0.4,1.2,0.4,196,15,0.2,0.9,0.3,197,9,13,28.13,,0,0,0,66.0,64.0,63.9,0.16,0.24,0.10
CLAR,2017-08-21 19:05:00 EDT,41.97920,-74.51710,1915,69.5,69.7,69.5,92.5,67.3,0.000,0.013,0.00,0.000,0.6,1.2,0.5,201,23,0.8,1.5,0.5,210,37,0.6,1.2,0.5,201,23,9,28.13,,0,0,0,66.1,64.1,63.8,0.16,0.24,0.10
CLAR,2017-08-21 19:10:00 EDT,41.97920,-74.51710,1915,69.5,69.7,69.5,93.2,67.4,0.000,0.013,0.00,0.000,0.2,0.8,0.3,299,0,0.2,1.0,0.4,295,3,0.2,0.8,0.3,299,0,7,28.13,,0,0,0,66.0,64.2,63.9,0.16,0.24,0.10
CLAR,2017-08-21 19:15:00 EDT,41.97920,-74.51710,1915,69.5,69.5,69.5,93.5,67.6,0.000,0.013,0.00,0.000,0.1,0.6,0.2,143,0,0.2,0.9,0.3,140,4,0.1,0.6,0.2,143,0,6,28.13,,0,0,0,66.0,64.2,63.8,0.16,0.24,0.10
CLAR,2017-08-21 19:20:00 EDT,41.97920,-74.51710,1915,69.3,69.5,69.3,93.8,67.4,0.000,0.013,0.00,0.000,0.8,1.6,0.6,284,16,1.0,2.0,0.6,285,18,0.8,1.6,0.6,284,16,8,28.13,,0,0,0,66.0,64.2,63.9,0.16,0.24,0.10
CLAR,2017-08-21 19:25:00 EDT,41.97920,-74.51710,1915,69.3,69.5,69.3,93.8,67.4,0.000,0.013,0.00,0.000,0.6,1.5,0.5,197,56,0.8,1.8,0.6,161,59,0.6,1.5,0.5,197,56,9,28.13,,0,0,0,66.0,64.2,63.9,0.16,0.24,0.10
CLAR,2017-08-21 19:30:00 EDT,41.97920,-74.51710,1915,69.0,69.2,69.0,94.1,67.3,0.000,0.013,0.00,0.000,0.5,1.3,0.5,112,18,0.8,1.6,0.6,90,33,0.5,1.3,0.5,112,18,8,28.14,,0,0,0,66.0,64.2,63.9,0.16,0.24,0.10
CLAR,2017-08-21 19:35:00 EDT,41.97920,-74.51710,1915,68.6,68.9,68.6,94.6,67.0,0.000,0.013,0.00,0.000,0.9,1.3,0.2,10,6,1.1,1.6,0.3,14,9,0.9,1.3,0.2,10,6,7,28.14,,0,0,0,66.0,64.2,63.8,0.16,0.24,0.10
CLAR,2017-08-21 19:40:00 EDT,41.97920,-74.51710,1915,68.7,68.8,68.7,95.1,67.2,0.000,0.013,0.00,0.000,0.9,1.7,0.5,7,10,1.2,2.1,0.5,5,14,0.9,1.7,0.5,7,10,5,28.14,,0,0,0,65.9,64.2,63.8,0.16,0.24,0.10
CLAR,2017-08-21 19:45:00 EDT,41.97920,-74.51710,1915,68.6,68.8,68.6,95.5,67.3,0.000,0.013,0.00,0.000,1.0,1.3,0.2,52,18,1.2,1.7,0.2,59,17,1.0,1.3,0.2,52,18,5,28.14,,0,0,0,65.9,64.2,63.9,0.16,0.24,0.10
CLAR,2017-08-21 19:50:00 EDT,41.97920,-74.51710,1915,68.4,68.7,68.4,95.6,67.0,0.000,0.013,0.00,0.000,0.7,1.4,0.3,13,11,0.9,1.7,0.4,6,14,0.7,1.4,0.3,13,11,3,28.14,,0,0,0,65.9,64.2,63.9,0.16,0.24,0.10
CLAR,2017-08-21 19:55:00 EDT,41.97920,-74.51710,1915,68.3,68.5,68.3,95.6,67.0,0.000,0.013,0.00,0.000,0.4,0.8,0.3,22,0,0.5,1.2,0.5,13,9,0.4,0.8,0.3,22,0,1,28.14,,0,0,0,65.9,64.2,63.8,0.16,0.24,0.10
CLAR,2017-08-21 20:00:00 EDT,41.97920,-74.51710,1915,68.2,68.3,68.2,95.7,66.9,0.000,0.013,0.00,0.000,0.2,1.2,0.5,70,0,0.6,1.7,0.6,71,4,0.2,1.2,0.5,70,0,1,28.14,,0,0,0,65.9,64.2,63.9,0.16,0.24,0.10
CLAR,2017-08-21 20:05:00 EDT,41.97920,-74.51710,1915,67.9,68.2,67.9,96.3,66.8,0.000,0.013,0.00,0.000,0.6,1.2,0.5,73,2,0.7,1.6,0.6,73,5,0.6,1.2,0.5,73,2,0,28.14,,0,0,0,65.9,64.2,63.9,0.16,0.23,0.10
CLAR,2017-08-21 20:10:00 EDT,41.97920,-74.51710,1915,67.9,68.1,67.9,96.4,66.8,0.000,0.013,0.00,0.000,0.0,0.0,0.0,0,0,0.3,0.9,0.4,303,8,0.0,0.0,0.0,0,0,0,28.14,,0,0,0,65.9,64.2,63.9,0.16,0.23,0.10
CLAR,2017-08-21 20:15:00 EDT,41.97920,-74.51710,1915,67.8,67.9,67.8,96.3,66.7,0.000,0.013,0.00,0.000,0.0,0.0,0.0,0,0,0.0,0.0,0.0,0,0,0.0,0.0,0.0,0,0,0,28.13,,0,0,0,65.9,64.2,63.9,0.16,0.23,0.10
CLAR,2017-08-21 20:20:00 EDT,41.97920,-74.51710,1915,67.8,67.8,67.8,96.7,66.8,0.000,0.013,0.00,0.000,0.0,0.0,0.0,0,0,0.0,0.0,0.0,0,0,0.0,0.0,0.0,0,0,0,28.14,,0,0,0,65.8,64.2,63.8,0.16,0.24,0.10
CLAR,2017-08-21 20:25:00 EDT,41.97920,-74.51710,1915,67.9,67.8,67.9,97.0,67.0,0.000,0.013,0.00,0.000,0.0,0.0,0.0,0,0,0.1,0.7,0.2,44,3,0.0,0.0,0.0,0,0,0,28.14,,0,0,0,65.9,64.2,63.9,0.16,0.23,0.10
CLAR,2017-08-21 20:30:00 EDT,41.97920,-74.51710,1915,67.9,67.8,67.9,97.2,67.0,0.000,0.013,0.00,0.000,0.0,0.0,0.0,0,0,0.4,1.3,0.5,21,15,0.0,0.0,0.0,0,0,0,28.13,,0,0,0,65.9,64.2,63.9,0.16,0.24,0.10
CLAR,2017-08-21 20:35:00 EDT,41.97920,-74.51710,1915,67.9,67.9,67.9,97.1,67.0,0.000,0.013,0.00,0.000,1.1,1.4,0.3,349,30,1.3,1.9,0.2,351,32,1.1,1.4,0.3,349,30,0,28.13,,0,0,0,65.8,64.2,63.9,0.16,0.23,0.10
CLAR,2017-08-21 20:40:00 EDT,41.97920,-74.51710,1915,67.7,67.9,67.7,96.8,66.8,0.000,0.013,0.00,0.000,1.6,2.6,0.4,86,44,1.7,3.0,0.4,83,46,1.6,2.6,0.4,86,44,0,28.13,,0,0,0,65.8,64.2,64.0,0.16,0.24,0.10
CLAR,2017-08-21 20:45:00 EDT,41.97920,-74.51710,1915,67.8,68.1,67.8,97.0,67.0,0.000,0.013,0.00,0.000,1.9,3.7,0.6,334,17,2.2,4.6,0.8,336,19,1.9,3.7,0.6,334,17,0,28.13,,0,0,0,65.8,64.2,64.0,0.16,0.24,0.10
CLAR,2017-08-21 20:50:00 EDT,41.97920,-74.51710,1915,68.1,68.2,68.1,96.6,67.1,0.000,0.013,0.00,0.000,0.8,2.3,0.7,8,34,1.0,3.2,0.8,17,49,0.8,2.3,0.7,8,34,0,28.13,,0,0,0,65.9,64.2,64.0,0.16,0.23,0.10
CLAR,2017-08-21 20:55:00 EDT,41.97920,-74.51710,1915,68.0,68.2,68.0,96.6,67.0,0.000,0.013,0.00,0.000,1.0,2.0,0.7,174,8,1.2,2.3,0.8,176,11,1.0,2.0,0.7,174,8,0,28.14,,0,0,0,65.8,64.2,63.9,0.16,0.24,0.10
CLAR,2017-08-21 21:00:00 EDT,41.97920,-74.51710,1915,68.0,68.2,68.0,96.3,66.9,0.000,0.013,0.00,0.000,0.7,1.8,0.6,336,9,0.9,2.4,0.7,332,16,0.7,1.8,0.6,336,9,0,28.14,,0,0,0,65.8,64.2,63.9,0.16,0.23,0.10
CLAR,2017-08-21 21:05:00 EDT,41.97920,-74.51710,1915,68.0,68.0,68.0,96.1,66.9,0.000,0.013,0.00,0.000,0.3,1.2,0.4,301,15,0.4,1.6,0.5,291,36,0.3,1.2,0.4,301,15,0,28.14,,0,0,0,65.8,64.2,63.9,0.16,0.24,0.10
CLAR,2017-08-21 21:10:00 EDT,41.97920,-74.51710,1915,67.7,68.0,67.7,96.3,66.6,0.000,0.013,0.00,0.000,1.2,1.6,0.3,179,13,1.4,2.0,0.4,182,14,1.2,1.6,0.3,179,13,0,28.14,,0,0,0,65.9,64.3,64.0,0.16,0.23,0.10
CLAR,2017-08-21 21:15:00 EDT,41.97920,-74.51710,1915,67.9,67.8,67.9,96.5,66.9,0.000,0.013,0.00,0.000,0.2,0.8,0.3,210,4,0.2,1.0,0.4,230,5,0.2,0.8,0.3,210,4,0,28.14,,0,0,0,65.8,64.3,64.0,0.16,0.24,0.10
CLAR,2017-08-21 21:20:00 EDT,41.97920,-74.51710,1915,67.9,67.8,67.9,96.6,66.9,0.000,0.013,0.00,0.000,0.6,1.3,0.5,204,7,0.8,1.6,0.6,204,10,0.6,1.3,0.5,204,7,0,28.14,,0,0,0,65.8,64.3,64.0,0.16,0.23,0.10
CLAR,2017-08-21 21:25:00 EDT,41.97920,-74.51710,1915,67.9,67.8,67.9,96.2,66.8,0.000,0.013,0.00,0.000,1.1,1.5,0.2,223,11,1.2,1.7,0.2,229,11,1.1,1.5,0.2,223,11,0,28.14,,0,0,0,65.9,64.3,64.0,0.16,0.23,0.10
CLAR,2017-08-21 21:30:00 EDT,41.97920,-74.51710,1915,67.9,67.8,67.9,95.7,66.7,0.000,0.013,0.00,0.000,0.1,1.1,0.3,244,3,0.2,1.1,0.3,250,6,0.1,1.1,0.3,244,3,0,28.14,,0,0,0,65.8,64.3,64.1,0.16,0.23,0.10
CLAR,2017-08-21 21:35:00 EDT,41.97920,-74.51710,1915,67.8,67.7,67.8,95.6,66.5,0.000,0.013,0.00,0.000,0.0,0.6,0.1,249,0,0.1,1.0,0.2,245,3,0.0,0.6,0.1,249,0,0,28.14,,0,0,0,65.8,64.3,64.0,0.16,0.24,0.10
CLAR,2017-08-21 21:40:00 EDT,41.97920,-74.51710,1915,67.4,67.4,67.4,95.5,66.0,0.000,0.013,0.00,0.000,0.4,1.5,0.6,168,2,0.7,1.9,0.7,172,14,0.4,1.5,0.6,168,2,0,28.14,,0,0,0,65.8,64.3,64.0,0.16,0.23,0.10
CLAR,2017-08-21 21:45:00 EDT,41.97920,-74.51710,1915,66.8,67.1,66.8,95.5,65.4,0.000,0.013,0.00,0.000,0.4,1.4,0.4,169,15,0.5,1.8,0.6,177,16,0.4,1.4,0.4,169,15,0,28.14,,0,0,0,65.8,64.4,64.0,0.16,0.24,0.10
CLAR,2017-08-21 21:50:00 EDT,41.97920,-74.51710,1915,66.8,67.0,66.8,96.3,65.7,0.000,0.013,0.00,0.000,1.0,1.4,0.2,221,12,1.1,1.7,0.2,225,12,1.0,1.4,0.2,221,12,0,28.14,,0,0,0,65.8,64.4,64.1,0.16,0.23,0.10
CLAR,2017-08-21 21:55:00 EDT,41.97920,-74.51710,1915,66.6,67.0,66.6,96.2,65.5,0.000,0.013,0.00,0.000,1.1,1.6,0.3,231,7,1.2,1.7,0.3,233,9,1.1,1.6,0.3,231,7,0,28.14,,0,0,0,65.9,64.3,64.0,0.16,0.23,0.10
CLAR,2017-08-21 22:00:00 EDT,41.97920,-74.51710,1915,66.3,66.8,66.3,96.5,65.3,0.000,0.013,0.00,0.000,1.2,1.6,0.2,229,9,1.2,1.7,0.2,229,9,1.2,1.6,0.2,229,9,0,28.14,,0,0,0,65.8,64.4,64.1,0.16,0.24,0.10
CLAR,2017-08-21 22:05:00 EDT,41.97920,-74.51710,1915,66.1,66.8,66.1,96.8,65.1,0.000,0.013,0.00,0.000,1.1,2.1,0.4,235,8,1.2,2.2,0.4,237,10,1.1,2.1,0.4,235,8,0,28.14,,0,0,0,65.8,64.4,64.1,0.16,0.23,0.10
CLAR,2017-08-21 22:10:00 EDT,41.97920,-74.51710,1915,65.8,66.5,65.8,96.8,64.8,0.000,0.013,0.00,0.000,1.2,1.8,0.3,197,18,1.4,2.0,0.3,196,20,1.2,1.8,0.3,197,18,0,28.14,,0,0,0,65.8,64.3,64.1,0.16,0.23,0.10
CLAR,2017-08-21 22:15:00 EDT,41.97920,-74.51710,1915,65.8,66.3,65.8,97.4,65.0,0.000,0.013,0.00,0.000,1.0,1.4,0.2,188,12,1.2,1.7,0.2,190,15,1.0,1.4,0.2,188,12,0,28.14,,0,0,0,65.8,64.4,64.1,0.16,0.24,0.10
CLAR,2017-08-21 22:20:00 EDT,41.97920,-74.51710,1915,65.9,66.2,65.9,97.9,65.3,0.000,0.013,0.00,0.000,0.8,1.3,0.3,237,11,0.9,1.6,0.4,236,18,0.8,1.3,0.3,237,11,0,28.14,,0,0,0,65.8,64.4,64.2,0.16,0.23,0.10
CLAR,2017-08-21 22:25:00 EDT,41.97920,-74.51710,1915,65.8,66.2,65.8,97.8,65.2,0.000,0.013,0.00,0.000,0.9,1.5,0.3,205,19,1.0,1.6,0.3,198,23,0.9,1.5,0.3,205,19,0,28.14,,0,0,0,65.8,64.4,64.2,0.16,0.23,0.10
CLAR,2017-08-21 22:30:00 EDT,41.97920,-74.51710,1915,66.0,66.2,66.0,98.1,65.5,0.000,0.013,0.00,0.000,0.4,1.2,0.5,115,8,0.5,1.4,0.6,109,9,0.4,1.2,0.5,115,8,0,28.14,,0,0,0,65.8,64.4,64.2,0.16,0.23,0.10
CLAR,2017-08-21 22:35:00 EDT,41.97920,-74.51710,1915,65.9,66.1,65.9,98.2,65.4,0.000,0.013,0.00,0.000,0.1,0.7,0.2,103,0,0.2,1.1,0.4,280,3,0.1,0.7,0.2,103,0,0,28.14,,0,0,0,65.8,64.4,64.1,0.16,0.23,0.10
CLAR,2017-08-21 22:40:00 EDT,41.97920,-74.51710,1915,65.8,66.0,65.8,98.0,65.2,0.000,0.013,0.00,0.000,1.0,1.3,0.4,202,13,1.2,1.6,0.3,200,14,1.0,1.3,0.4,202,13,0,28.14,,0,0,0,65.8,64.4,64.2,0.16,0.23,0.10
CLAR,2017-08-21 22:45:00 EDT,41.97920,-74.51710,1915,65.9,66.0,65.9,98.2,65.4,0.000,0.013,0.00,0.000,0.8,1.7,0.3,190,13,1.1,2.1,0.3,190,16,0.8,1.7,0.3,190,13,0,28.14,,0,0,0,65.8,64.4,64.1,0.16,0.23,0.10
CLAR,2017-08-21 22:50:00 EDT,41.97920,-74.51710,1915,65.9,66.2,65.9,98.3,65.4,0.000,0.013,0.00,0.000,0.8,1.8,0.6,194,8,0.9,2.2,0.6,202,20,0.8,1.8,0.6,194,8,0,28.14,,0,0,0,65.8,64.4,64.2,0.16,0.23,0.10
CLAR,2017-08-21 22:55:00 EDT,41.97920,-74.51710,1915,66.0,66.1,66.0,98.4,65.5,0.000,0.013,0.00,0.000,0.7,1.9,0.8,215,12,0.9,2.4,0.9,216,13,0.7,1.9,0.8,215,12,0,28.14,,0,0,0,65.8,64.4,64.2,0.16,0.23,0.10
CLAR,2017-08-21 23:00:00 EDT,41.97920,-74.51710,1915,65.8,66.1,65.8,98.2,65.3,0.000,0.013,0.00,0.000,1.6,2.3,0.2,198,26,1.8,2.9,0.3,199,27,1.6,2.3,0.2,198,26,0,28.14,,0,0,0,65.8,64.4,64.1,0.16,0.23,0.10
CLAR,2017-08-21 23:05:00 EDT,41.97920,-74.51710,1915,65.6,66.0,65.6,98.2,65.1,0.000,0.013,0.00,0.000,1.0,1.8,0.4,211,15,1.1,2.3,0.6,210,15,1.0,1.8,0.4,211,15,0,28.14,,0,0,0,65.7,64.4,64.2,0.16,0.23,0.10
CLAR,2017-08-21 23:10:00 EDT,41.97920,-74.51710,1915,65.2,66.0,65.2,97.9,64.6,0.000,0.013,0.00,0.000,1.6,2.5,0.5,194,13,1.8,3.1,0.6,198,18,1.6,2.5,0.5,194,13,0,28.14,,0,0,0,65.6,64.4,64.2,0.16,0.24,0.10
CLAR,2017-08-21 23:15:00 EDT,41.97920,-74.51710,1915,65.2,65.7,65.2,98.1,64.6,0.000,0.013,0.00,0.000,0.1,0.7,0.2,291,4,0.2,1.0,0.3,297,8,0.1,0.7,0.2,291,4,0,28.13,,0,0,0,65.5,64.4,64.2,0.16,0.23,0.10
CLAR,2017-08-21 23:20:00 EDT,41.97920,-74.51710,1915,64.7,65.5,64.7,98.0,64.1,0.000,0.013,0.00,0.000,0.5,0.9,0.4,167,3,0.7,1.6,0.5,166,5,0.5,0.9,0.4,167,3,0,28.13,,0,0,0,65.3,64.4,64.2,0.16,0.23,0.10
CLAR,2017-08-21 23:25:00 EDT,41.97920,-74.51710,1915,64.5,65.2,64.5,98.1,64.0,0.000,0.013,0.00,0.000,1.0,2.0,0.7,185,9,1.3,2.6,0.7,188,13,1.0,2.0,0.7,185,9,0,28.13,,0,0,0,65.3,64.4,64.1,0.16,0.23,0.10
CLAR,2017-08-21 23:30:00 EDT,41.97920,-74.51710,1915,64.4,65.2,64.4,98.5,63.9,0.000,0.013,0.00,0.000,1.5,2.0,0.4,237,20,1.6,2.5,0.4,244,23,1.5,2.0,0.4,237,20,0,28.13,,0,0,0,65.3,64.4,64.2,0.16,0.23,0.10
CLAR,2017-08-21 23:35:00 EDT,41.97920,-74.51710,1915,64.4,65.1,64.4,98.6,64.0,0.000,0.013,0.00,0.000,1.2,2.3,0.5,211,24,1.4,2.7,0.5,211,27,1.2,2.3,0.5,211,24,0,28.13,,0,0,0,65.1,64.4,64.2,0.16,0.23,0.10
CLAR,2017-08-21 23:40:00 EDT,41.97920,-74.51710,1915,64.4,64.9,64.4,98.6,64.0,0.000,0.013,0.00,0.000,1.3,2.1,0.3,191,10,1.5,2.6,0.3,190,13,1.3,2.1,0.3,191,10,0,28.13,,0,0,0,65.1,64.4,64.2,0.16,0.23,0.10
CLAR,2017-08-21 23:45:00 EDT,41.97920,-74.51710,1915,64.0,64.7,64.0,98.7,63.6,0.000,0.013,0.00,0.000,1.4,1.9,0.3,186,9,1.6,2.4,0.3,187,11,1.4,1.9,0.3,186,9,0,28.13,,0,0,0,65.2,64.4,64.1,0.16,0.23,0.10
CLAR,2017-08-21 23:50:00 EDT,41.97920,-74.51710,1915,64.1,64.6,64.1,98.9,63.8,0.000,0.013,0.00,0.000,1.6,2.2,0.4,189,8,1.8,2.7,0.4,194,10,1.6,2.2,0.4,189,8,0,28.13,,0,0,0,65.1,64.4,64.2,0.16,0.24,0.10
CLAR,2017-08-21 23:55:00 EDT,41.97920,-74.51710,1915,64.3,64.7,64.3,99.0,64.1,0.000,0.013,0.00,0.000,1.0,1.8,0.3,202,17,1.1,2.0,0.4,203,16,1.0,1.8,0.3,202,17,0,28.13,,0,0,0,65.1,64.4,64.2,0.16,0.23,0.10
CLIF,2017-08-21 00:00:00 EDT,43.01479,-77.18518,628,66.7,67.9,66.7,79.6,60.2,0.000,0.000,0.00,0.000,6.4,8.7,0.8,219,8,6.8,9.7,0.9,222,6,6.4,8.7,0.8,219,8,0,29.46,,0,0,0,74.0,73.9,72.3,0.24,0.23,0.26
CLIF,2017-08-21 00:05:00 EDT,43.01479,-77.18518,628,65.9,67.2,65.9,82.7,60.5,0.000,0.000,0.00,0.000,5.9,7.8,0.8,221,8,6.2,7.9,0.9,224,7,5.9,7.8,0.8,221,8,0,29.46,,0,0,0,73.9,73.9,72.3,0.24,0.23,0.26
CLIF,2017-08-21 00:10:00 EDT,43.01479,-77.18518,628,65.9,67.0,65.9,84.3,61.0,0.000,0.000,0.00,0.000,6.3,8.7,0.7,222,7,6.6,8.9,0.7,224,7,6.3,8.7,0.7,222,7,0,29.46,,0,0,0,73.9,73.9,72.3,0.24,0.23,0.26
CLIF,2017-08-21 00:15:00 EDT,43.01479,-77.18518,628,65.9,66.7,65.9,84.8,61.1,0.000,0.000,0.00,0.000,5.9,8.3,0.8,220,7,6.0,8.6,0.8,224,6,5.9,8.3,0.8,220,7,0,29.46,,0,0,0,73.9,73.9,72.3,0.24,0.23,0.26
CLIF,2017-08-21 00:20:00 EDT,43.01479,-77.18518,628,66.0,66.7,66.0,85.0,61.4,0.000,0.000,0.00,0.000,6.3,8.3,0.9,218,7,6.6,8.7,0.9,221,6,6.3,8.3,0.9,218,7,0,29.46,,0,0,0,73.9,73.9,72.3,0.23,0.23,0.26
CLIF,2017-08-21 00:25:00 EDT,43.01479,-77.18518,628,66.0,66.6,66.0,84.6,61.3,0.000,0.000,0.00,0.000,5.5,7.7,0.9,216,10,5.8,8.1,1.0,220,8,5.5,7.7,0.9,216,10,0,29.46,,0,0,0,73.9,73.9,72.3,0.23,0.23,0.26
CLIF,2017-08-21 00:30:00 EDT,43.01479,-77.18518,628,66.0,66.4,66.0,84.5,61.2,0.000,0.000,0.00,0.000,5.9,7.7,0.7,216,10,6.3,8.2,0.8,220,8,5.9,7.7,0.7,216,10,0,29.46,,0,0,0,73.9,73.9,72.3,0.23,0.23,0.26
CLIF,2017-08-21 00:35:00 EDT,43.01479,-77.18518,628,65.5,66.1,65.5,85.8,61.2,0.000,0.000,0.00,0.000,5.8,7.7,0.8,220,9,6.0,8.2,1.0,224,8,5.8,7.7,0.8,220,9,0,29.47,,0,0,0,73.7,73.9,72.3,0.23,0.23,0.26
CLIF,2017-08-21 00:40:00 EDT,43.01479,-77.18518,628,65.4,66.2,65.4,86.5,61.3,0.000,0.000,0.00,0.000,5.7,8.6,1.1,222,9,5.9,8.6,1.1,226,9,5.7,8.6,1.1,222,9,0,29.47,,0,0,0,73.4,73.9,72.3,0.23,0.23,0.26
CLIF,2017-08-21 00:45:00 EDT,43.01479,-77.18518,628,65.6,66.2,65.6,86.0,61.3,0.000,0.000,0.00,0.000,5.1,7.5,0.8,217,10,5.5,7.8,1.0,223,8,5.1,7.5,0.8,217,10,0,29.47,,0,0,0,73.4,73.9,72.3,0.24,0.23,0.26
CLIF,2017-08-21 00:50:00 EDT,43.01479,-77.18518,628,65.7,66.6,65.7,84.9,61.1,0.000,0.000,0.00,0.000,5.8,7.5,0.8,216,11,6.0,8.0,0.9,220,10,5.8,7.5,0.8,216,11,0,29.46,,0,0,0,73.4,73.9,72.3,0.23,0.23,0.26
CLIF,2017-08-21 00:55:00 EDT,43.01479,-77.18518,628,65.7,66.6,65.7,84.4,60.9,0.000,0.000,0.00,0.000,5.3,7.4,0.8,212,10,5.6,7.9,0.9,217,7,5.3,7.4,0.8,212,10,0,29.46,,0,0,0,73.4,73.9,72.3,0.23,0.23,0.26
CLIF,2017-08-21 01:00:00 EDT,43.01479,-77.18518,628,65.6,66.3,65.6,84.2,60.7,0.000,0.000,0.00,0.000,4.8,6.8,0.8,213,11,5.0,7.6,1.0,217,9,4.8,6.8,0.8,213,11,0,29.46,,0,0,0,73.4,73.9,72.3,0.23,0.23,0.26
CLIF,2017-08-21 01:05:00 EDT,43.01479,-77.18518,628,65.4,66.2,65.4,84.3,60.5,0.000,0.000,0.00,0.000,5.4,8.5,1.0,217,10,6.0,8.6,1.0,220,9,5.4,8.5,1.0,217,10,0,29.46,,0,0,0,73.2,73.9,72.3,0.23,0.23,0.26
CLIF,2017-08-21 01:10:00 EDT,43.01479,-77.18518,628,65.0,65.9,65.0,86.1,60.8,0.000,0.000,0.00,0.000,5.5,7.7,0.9,222,11,5.8,8.4,1.0,226,9,5.5,7.7,0.9,222,11,0,29.47,,0,0,0,73.1,73.9,72.3,0.23,0.23,0.26
CLIF,2017-08-21 01:15:00 EDT,43.01479,-77.18518,628,65.2,66.3,65.2,85.6,60.7,0.000,0.000,0.00,0.000,5.8,7.2,0.7,217,8,6.0,7.6,0.8,221,7,5.8,7.2,0.7,217,8,0,29.47,,0,0,0,73.0,73.9,72.3,0.23,0.23,0.26
CLIF,2017-08-21 01:20:00 EDT,43.01479,-77.18518,628,65.3,66.3,65.3,85.0,60.7,0.000,0.000,0.00,0.000,5.8,8.3,0.7,216,9,6.0,8.3,0.8,219,8,5.8,8.3,0.7,216,9,0,29.46,,0,0,0,73.0,73.9,72.3,0.23,0.23,0.26
CLIF,2017-08-21 01:25:00 EDT,43.01479,-77.18518,628,65.4,66.0,65.4,84.7,60.7,0.000,0.000,0.00,0.000,5.9,7.8,0.9,213,11,6.2,8.6,1.1,214,9,5.9,7.8,0.9,213,11,0,29.46,,0,0,0,73.0,73.9,72.3,0.23,0.23,0.26
CLIF,2017-08-21 01:30:00 EDT,43.01479,-77.18518,628,65.4,65.8,65.4,84.3,60.6,0.000,0.000,0.00,0.000,5.6,7.9,1.0,215,11,6.1,10.3,1.2,218,9,5.6,7.9,1.0,215,11,0,29.46,,0,0,0,73.0,73.9,72.3,0.23,0.23,0.26
CLIF,2017-08-21 01:35:00 EDT,43.01479,-77.18518,628,65.5,65.8,65.5,83.9,60.5,0.000,0.000,0.00,0.000,5.7,8.4,1.0,216,11,6.1,9.4,1.2,218,10,5.7,8.4,1.0,216,11,0,29.47,,0,0,0,73.0,73.9,72.3,0.23,0.23,0.26
CLIF,2017-08-21 01:40:00 EDT,43.01479,-77.18518,628,65.6,65.9,65.6,83.4,60.5,0.000,0.000,0.00,0.000,5.5,7.3,0.8,212,12,5.8,8.2,1.0,215,9,5.5,7.3,0.8,212,12,0,29.47,,0,0,0,73.0,73.9,72.3,0.23,0.23,0.26
CLIF,2017-08-21 01:45:00 EDT,43.01479,-77.18518,628,65.5,65.8,65.5,83.5,60.4,0.000,0.000,0.00,0.000,5.2,7.8,1.0,212,13,5.6,8.3,1.2,214,11,5.2,7.8,1.0,212,13,0,29.46,,0,0,0,73.0,73.9,72.3,0.23,0.23,0.26
CLIF,2017-08-21 01:50:00 EDT,43.01479,-77.18518,628,65.3,65.7,65.3,83.1,60.1,0.000,0.000,0.00,0.000,4.9,7.7,1.1,211,13,5.1,7.9,1.2,215,11,4.9,7.7,1.1,211,13,0,29.46,,0,0,0,72.8,73.9,72.3,0.23,0.23,0.26
CLIF,2017-08-21 01:55:00 EDT,43.01479,-77.18518,628,65.2,65.8,65.2,83.3,60.0,0.000,0.000,0.00,0.000,4.6,6.4,0.7,211,12,5.0,7.3,0.8,215,10,4.6,6.4,0.7,211,12,0,29.46,,0,0,0,72.7,73.9,72.3,0.23,0.23,0.26
CLIF,2017-08-21 02:00:00 EDT,43.01479,-77.18518,628,65.3,65.7,65.3,82.9,60.0,0.000,0.000,0.00,0.000,4.5,7.6,1.0,211,11,4.9,7.6,1.1,214,9,4.5,7.6,1.0,211,11,0,29.46,,0,0,0,72.7,73.9,72.3,0.23,0.23,0.26
CLIF,2017-08-21 02:05:00 EDT,43.01479,-77.18518,628,65.3,65.7,65.3,82.5,59.8,0.000,0.000,0.00,0.000,6.2,9.2,1.0,215,10,6.4,9.9,1.1,219,9,6.2,9.2,1.0,215,10,0,29.46,,0,0,0,72.7,73.9,72.3,0.23,0.23,0.26
CLIF,2017-08-21 02:10:00 EDT,43.01479,-77.18518,628,65.2,65.7,65.2,82.4,59.7,0.000,0.000,0.00,0.000,5.5,7.7,1.0,213,13,5.9,8.6,1.1,216,11,5.5,7.7,1.0,213,13,0,29.46,,0,0,0,72.7,73.9,72.3,0.23,0.23,0.26
CLIF,2017-08-21 02:15:00 EDT,43.01479,-77.18518,628,64.9,65.5,64.9,82.9,59.6,0.000,0.000,0.00,0.000,4.9,7.0,0.9,214,11,5.4,7.4,1.0,217,10,4.9,7.0,0.9,214,11,0,29.46,,0,0,0,72.7,73.8,72.3,0.23,0.23,0.26
CLIF,2017-08-21 02:20:00 EDT,43.01479,-77.18518,628,65.0,65.4,65.0,82.7,59.6,0.000,0.000,0.00,0.000,4.4,5.8,0.6,206,12,4.7,6.9,0.7,209,11,4.4,5.8,0.6,206,12,0,29.46,,0,0,0,72.7,73.9,72.3,0.23,0.23,0.26
CLIF,2017-08-21 02:25:00 EDT,43.01479,-77.18518,628,64.9,65.3,64.9,82.5,59.5,0.000,0.000,0.00,0.000,4.8,8.2,1.2,202,14,5.1,8.8,1.4,206,12,4.8,8.2,1.2,202,14,0,29.46,,0,0,0,72.6,73.7,72.3,0.23,0.23,0.26
CLIF,2017-08-21 02:30:00 EDT,43.01479,-77.18518,628,64.8,65.0,64.8,82.8,59.4,0.000,0.000,0.00,0.000,4.4,6.6,1.0,200,14,4.6,7.3,1.0,205,12,4.4,6.6,1.0,200,14,0,29.46,,0,0,0,72.3,73.7,72.3,0.23,0.23,0.26
CLIF,2017-08-21 02:35:00 EDT,43.01479,-77.18518,628,64.5,64.7,64.5,83.2,59.3,0.000,0.000,0.00,0.000,3.8,6.6,1.1,203,15,4.1,7.6,1.2,204,13,3.8,6.6,1.1,203,15,0,29.46,,0,0,0,72.3,73.5,72.3,0.23,0.23,0.26
CLIF,2017-08-21 02:40:00 EDT,43.01479,-77.18518,628,64.7,64.8,64.7,83.1,59.4,0.000,0.000,0.00,0.000,4.2,7.7,1.2,199,16,4.6,9.8,1.2,203,14,4.2,7.7,1.2,199,16,0,29.46,,0,0,0,72.3,73.4,72.3,0.23,0.23,0.26
CLIF,2017-08-21 02:45:00 EDT,43.01479,-77.18518,628,64.5,64.6,64.5,83.2,59.2,0.000,0.000,0.00,0.000,4.1,5.6,0.7,203,13,4.4,6.6,0.8,207,12,4.1,5.6,0.7,203,13,0,29.46,,0,0,0,72.3,73.4,72.3,0.23,0.23,0.26
CLIF,2017-08-21 02:50:00 EDT,43.01479,-77.18518,628,64.4,64.6,64.4,83.6,59.3,0.000,0.000,0.00,0.000,5.4,8.3,1.1,196,9,5.7,9.7,1.3,200,9,5.4,8.3,1.1,196,9,0,29.46,,0,0,0,72.3,73.4,72.3,0.23,0.23,0.26
CLIF,2017-08-21 02:55:00 EDT,43.01479,-77.18518,628,64.4,64.5,64.4,83.3,59.2,0.000,0.000,0.00,0.000,4.8,6.7,1.0,200,13,5.0,7.6,1.2,204,12,4.8,6.7,1.0,200,13,0,29.46,,0,0,0,72.3,73.4,72.3,0.23,0.23,0.26
CLIF,2017-08-21 03:00:00 EDT,43.01479,-77.18518,628,64.4,64.5,64.4,83.2,59.2,0.000,0.000,0.00,0.000,4.7,6.8,1.0,200,13,5.1,8.0,1.1,204,11,4.7,6.8,1.0,200,13,0,29.46,,0,0,0,72.3,73.4,72.3,0.23,0.23,0.26
CLIF,2017-08-21 03:05:00 EDT,43.01479,-77.18518,628,64.2,64.4,64.2,83.3,59.1,0.000,0.000,0.00,0.000,4.9,7.7,1.3,203,12,5.1,8.4,1.5,206,10,4.9,7.7,1.3,203,12,0,29.47,,0,0,0,72.3,73.4,72.3,0.23,0.23,0.26
CLIF,2017-08-21 03:10:00 EDT,43.01479,-77.18518,628,64.0,64.2,64.0,83.5,58.9,0.000,0.000,0.00,0.000,4.7,8.0,1.2,207,14,5.0,8.4,1.3,211,13,4.7,8.0,1.2,207,14,0,29.47,,0,0,0,72.3,73.4,72.3,0.23,0.23,0.26
CLIF,2017-08-21 03:15:00 EDT,43.01479,-77.18518,628,64.2,64.4,64.2,83.0,59.0,0.000,0.000,0.00,0.000,5.0,7.8,1.0,195,15,5.3,10.5,1.4,200,14,5.0,7.8,1.0,195,15,0,29.47,,0,0,0,71.9,73.4,72.3,0.23,0.23,0.26
CLIF,2017-08-21 03:20:00 EDT,43.01479,-77.18518,628,64.2,64.3,64.2,82.5,58.8,0.000,0.000,0.00,0.000,4.4,6.2,0.9,197,14,4.7,7.4,1.0,201,12,4.4,6.2,0.9,197,14,0,29.47,,0,0,0,71.8,73.4,72.3,0.23,0.23,0.26
CLIF,2017-08-21 03:25:00 EDT,43.01479,-77.18518,628,64.2,64.3,64.2,82.5,58.8,0.000,0.000,0.00,0.000,5.0,7.3,1.1,190,10,5.4,8.4,1.3,194,9,5.0,7.3,1.1,190,10,0,29.47,,0,0,0,71.8,73.4,72.3,0.23,0.23,0.26
CLIF,2017-08-21 03:30:00 EDT,43.01479,-77.18518,628,64.1,64.2,64.1,82.5,58.6,0.000,0.000,0.00,0.000,4.3,6.3,0.7,200,16,4.6,8.4,0.9,203,14,4.3,6.3,0.7,200,16,0,29.47,,0,0,0,71.8,73.4,72.3,0.23,0.23,0.26
CLIF,2017-08-21 03:35:00 EDT,43.01479,-77.18518,628,63.6,64.0,63.6,83.2,58.4,0.000,0.000,0.00,0.000,3.8,6.0,1.0,201,14,4.2,7.1,1.2,205,13,3.8,6.0,1.0,201,14,0,29.47,,0,0,0,71.8,73.4,72.3,0.23,0.23,0.26
CLIF,2017-08-21 03:40:00 EDT,43.01479,-77.18518,628,63.5,64.0,63.5,83.4,58.4,0.000,0.000,0.00,0.000,4.6,6.7,0.9,199,12,4.9,7.8,1.1,201,10,4.6,6.7,0.9,199,12,0,29.47,,0,0,0,71.8,73.4,72.3,0.24,0.23,0.26
CLIF,2017-08-21 03:45:00 EDT,43.01479,-77.18518,628,63.9,64.2,63.9,82.3,58.4,0.000,0.000,0.00,0.000,4.1,6.9,1.3,197,13,4.3,6.7,1.3,201,12,4.1,6.9,1.3,197,13,0,29.46,,0,0,0,71.8,73.4,72.3,0.24,0.23,0.26
CLIF,2017-08-21 03:50:00 EDT,43.01479,-77.18518,628,63.8,64.0,63.8,82.0,58.2,0.000,0.000,0.00,0.000,3.9,5.8,0.9,199,13,4.1,6.7,1.1,204,11,3.9,5.8,0.9,199,13,0,29.46,,0,0,0,71.7,73.4,72.3,0.24,0.23,0.26
CLIF,2017-08-21 03:55:00 EDT,43.01479,-77.18518,628,63.5,64.0,63.5,82.4,58.1,0.000,0.000,0.00,0.000,4.9,7.2,1.0,202,12,5.0,7.9,1.2,206,9,4.9,7.2,1.0,202,12,0,29.46,,0,0,0,71.5,73.4,72.3,0.24,0.23,0.26
CLIF,2017-08-21 04:00:00 EDT,43.01479,-77.18518,628,63.7,64.1,63.7,82.3,58.2,0.000,0.000,0.00,0.000,5.1,8.8,1.1,195,12,5.6,8.9,1.2,199,10,5.1,8.8,1.1,195,12,0,29.46,,0,0,0,71.4,73.4,72.3,0.24,0.23,0.26
CLIF,2017-08-21 04:05:00 EDT,43.01479,-77.18518,628,63.9,64.2,63.9,81.4,58.1,0.000,0.000,0.00,0.000,5.2,8.0,1.2,198,14,5.7,9.5,1.4,201,11,5.2,8.0,1.2,198,14,0,29.46,,0,0,0,71.4,73.4,72.3,0.24,0.23,0.26
CLIF,2017-08-21 04:10:00 EDT,43.01479,-77.18518,628,63.9,64.2,63.9,81.1,58.0,0.000,0.000,0.00,0.000,5.1,8.1,1.3,198,11,5.5,9.7,1.4,202,10,5.1,8.1,1.3,198,11,0,29.46,,0,0,0,71.4,73.4,72.3,0.24,0.23,0.26
CLIF,2017-08-21 04:15:00 EDT,43.01479,-77.18518,628,63.7,64.1,63.7,81.4,57.9,0.000,0.000,0.00,0.000,4.6,7.5,1.1,200,13,5.0,8.1,1.3,203,12,4.6,7.5,1.1,200,13,0,29.46,,0,0,0,71.4,73.4,72.3,0.24,0.23,0.26
CLIF,2017-08-21 04:20:00 EDT,43.01479,-77.18518,628,63.9,64.2,63.9,81.0,58.0,0.000,0.000,0.00,0.000,4.9,8.3,1.2,198,12,5.2,8.4,1.3,204,13,4.9,8.3,1.2,198,12,0,29.46,,0,0,0,71.4,73.4,72.3,0.24,0.23,0.26
CLIF,2017-08-21 04:25:00 EDT,43.01479,-77.18518,628,63.9,64.1,63.9,80.6,57.9,0.000,0.000,0.00,0.000,4.6,7.2,1.2,196,14,4.9,8.1,1.3,200,13,4.6,7.2,1.2,196,14,0,29.46,,0,0,0,71.4,73.4,72.3,0.24,0.23,0.26
CLIF,2017-08-21 04:30:00 EDT,43.01479,-77.18518,628,64.1,64.1,64.1,80.2,57.9,0.000,0.000,0.00,0.000,4.7,8.1,1.1,193,13,4.8,7.7,1.2,198,11,4.7,8.1,1.1,193,13,0,29.46,,0,0,0,71.4,73.3,72.3,0.24,0.23,0.26
CLIF,2017-08-21 04:35:00 EDT,43.01479,-77.18518,628,63.8,63.9,63.8,80.5,57.7,0.000,0.000,0.00,0.000,4.2,6.8,0.9,193,14,4.5,7.4,1.1,196,13,4.2,6.8,0.9,193,14,0,29.46,,0,0,0,71.4,73.2,72.3,0.24,0.23,0.26
CLIF,2017-08-21 04:40:00 EDT,43.01479,-77.18518,628,63.1,63.4,63.1,82.0,57.5,0.000,0.000,0.00,0.000,3.7,5.4,0.7,189,10,4.0,6.4,0.9,194,10,3.7,5.4,0.7,189,10,0,29.46,,0,0,0,71.4,73.1,72.3,0.24,0.23,0.26
CLIF,2017-08-21 04:45:00 EDT,43.01479,-77.18518,628,62.6,62.9,62.6,83.6,57.5,0.000,0.000,0.00,0.000,3.6,4.6,0.5,186,7,3.7,5.2,0.6,190,6,3.6,4.6,0.5,186,7,0,29.46,,0,0,0,71.4,73.0,72.3,0.24,0.23,0.26
CLIF,2017-08-21 04:50:00 EDT,43.01479,-77.18518,628,62.4,63.0,62.4,84.9,57.8,0.000,0.000,0.00,0.000,3.5,4.7,0.5,182,8,3.8,5.5,0.5,186,7,3.5,4.7,0.5,182,8,0,29.46,,0,0,0,71.1,73.0,72.3,0.24,0.23,0.26
CLIF,2017-08-21 04:55:00 EDT,43.01479,-77.18518,628,62.5,63.0,62.5,85.5,58.1,0.000,0.000,0.00,0.000,3.0,3.9,0.3,185,6,3.1,4.4,0.4,189,6,3.0,3.9,0.3,185,6,0,29.46,,0,0,0,71.1,73.0,72.3,0.24,0.23,0.26
CLIF,2017-08-21 05:00:00 EDT,43.01479,-77.18518,628,62.8,63.3,62.8,85.7,58.4,0.000,0.000,0.00,0.000,3.3,4.0,0.3,180,6,3.6,4.4,0.4,185,5,3.3,4.0,0.3,180,6,0,29.46,,0,0,0,71.1,73.0,72.3,0.24,0.23,0.26
CLIF,2017-08-21 05:05:00 EDT,43.01479,-77.18518,628,62.6,63.2,62.6,85.5,58.2,0.000,0.000,0.00,0.000,3.3,3.9,0.3,171,7,3.6,4.3,0.3,175,8,3.3,3.9,0.3,171,7,0,29.46,,0,0,0,71.1,73.0,72.3,0.23,0.23,0.26
CLIF,2017-08-21 05:10:00 EDT,43.01479,-77.18518,628,62.1,63.2,62.1,85.8,57.8,0.000,0.000,0.00,0.000,2.7,3.4,0.3,163,5,3.0,3.8,0.4,167,8,2.7,3.4,0.3,163,5,0,29.46,,0,0,0,71.1,73.0,72.3,0.24,0.23,0.26
CLIF,2017-08-21 05:15:00 EDT,43.01479,-77.18518,628,62.0,63.1,62.0,85.5,57.6,0.000,0.000,0.00,0.000,2.9,3.2,0.2,167,4,3.2,3.9,0.3,171,7,2.9,3.2,0.2,167,4,0,29.46,,0,0,0,71.1,73.0,72.3,0.24,0.23,0.26
CLIF,2017-08-21 05:20:00 EDT,43.01479,-77.18518,628,61.8,62.7,61.8,86.1,57.6,0.000,0.000,0.00,0.000,2.5,3.2,0.2,171,3,2.8,3.3,0.2,176,5,2.5,3.2,0.2,171,3,0,29.46,,0,0,0,71.0,73.0,72.3,0.24,0.23,0.26
CLIF,2017-08-21 05:25:00 EDT,43.01479,-77.18518,628,61.5,62.3,61.5,87.0,57.6,0.000,0.000,0.00,0.000,3.2,4.2,0.5,171,4,3.5,4.5,0.6,175,5,3.2,4.2,0.5,171,4,0,29.46,,0,0,0,71.0,73.0,72.3,0.24,0.23,0.26
CLIF,2017-08-21 05:30:00 EDT,43.01479,-77.18518,628,61.2,62.3,61.2,88.2,57.7,0.000,0.000,0.00,0.000,3.5,4.8,0.5,169,5,3.8,5.4,0.5,173,6,3.5,4.8,0.5,169,5,0,29.46,,0,0,0,70.7,73.0,72.3,0.23,0.23,0.26
CLIF,2017-08-21 05:35:00 EDT,43.01479,-77.18518,628,61.4,62.1,61.4,88.2,57.9,0.000,0.000,0.00,0.000,3.4,4.3,0.5,191,12,3.6,5.0,0.6,195,11,3.4,4.3,0.5,191,12,0,29.46,,0,0,0,70.7,73.0,72.3,0.24,0.23,0.26
CLIF,2017-08-21 05:40:00 EDT,43.01479,-77.18518,628,61.6,61.9,61.6,87.6,57.8,0.000,0.000,0.00,0.000,3.7,4.7,0.5,187,10,3.9,5.3,0.7,191,9,3.7,4.7,0.5,187,10,0,29.46,,0,0,0,70.7,73.0,72.3,0.23,0.23,0.26
CLIF,2017-08-21 05:45:00 EDT,43.01479,-77.18518,628,61.6,62.1,61.6,87.3,57.8,0.000,0.000,0.00,0.000,4.0,4.7,0.4,169,7,4.3,5.1,0.4,173,7,4.0,4.7,0.4,169,7,0,29.46,,0,0,0,70.7,73.0,72.3,0.23,0.23,0.26
CLIF,2017-08-21 05:50:00 EDT,43.01479,-77.18518,628,61.3,62.3,61.3,87.7,57.7,0.000,0.000,0.00,0.000,3.0,4.4,0.5,165,6,3.3,4.7,0.5,167,7,3.0,4.4,0.5,165,6,0,29.46,,0,0,0,70.7,73.0,72.3,0.23,0.23,0.26
CLIF,2017-08-21 05:55:00 EDT,43.01479,-77.18518,628,61.4,61.9,61.4,88.4,57.9,0.000,0.000,0.00,0.000,2.3,3.4,0.4,166,6,2.6,3.8,0.4,170,9,2.3,3.4,0.4,166,6,0,29.46,,0,0,0,70.7,73.0,72.3,0.23,0.23,0.26
CLIF,2017-08-21 06:00:00 EDT,43.01479,-77.18518,628,61.1,61.5,61.1,89.0,57.8,0.000,0.000,0.00,0.000,1.9,2.7,0.4,160,8,2.1,2.9,0.4,162,11,1.9,2.7,0.4,160,8,0,29.46,,0,0,0,70.7,73.0,72.3,0.23,0.23,0.26
CLIF,2017-08-21 06:05:00 EDT,43.01479,-77.18518,628,61.0,61.5,61.0,90.0,58.0,0.000,0.000,0.00,0.000,2.1,2.9,0.5,177,7,2.3,3.2,0.5,182,8,2.1,2.9,0.5,177,7,0,29.46,,0,0,0,70.7,73.0,72.3,0.23,0.23,0.26
CLIF,2017-08-21 06:10:00 EDT,43.01479,-77.18518,628,61.3,61.5,61.3,89.7,58.3,0.000,0.000,0.00,0.000,1.7,2.6,0.3,158,10,1.9,3.0,0.4,160,10,1.7,2.6,0.3,158,10,1,29.46,,0,0,0,70.7,73.0,72.3,0.23,0.23,0.26
CLIF,2017-08-21 06:15:00 EDT,43.01479,-77.18518,628,61.0,61.2,61.0,89.5,57.9,0.000,0.000,0.00,0.000,1.4,2.3,0.4,164,10,1.7,2.8,0.4,168,14,1.4,2.3,0.4,164,10,1,29.46,,0,0,0,70.7,73.0,72.3,0.23,0.23,0.26
CLIF,2017-08-21 06:20:00 EDT,43.01479,-77.18518,628,60.8,61.2,60.8,89.9,57.9,0.000,0.000,0.00,0.000,2.5,3.7,0.7,183,8,2.7,4.4,0.7,189,8,2.5,3.7,0.7,183,8,2,29.46,,0,0,0,70.5,73.0,72.3,0.23,0.23,0.26
CLIF,2017-08-21 06:25:00 EDT,43.01479,-77.18518,628,60.8,61.1,60.8,89.8,57.8,0.000,0.000,0.00,0.000,3.9,5.3,0.7,184,8,4.1,5.5,0.7,188,7,3.9,5.3,0.7,184,8,3,29.46,,0,0,0,70.4,73.0,72.3,0.23,0.23,0.26
CLIF,2017-08-21 06:30:00 EDT,43.01479,-77.18518,628,60.9,61.3,60.9,89.7,57.8,0.000,0.000,0.00,0.000,4.6,5.2,0.3,178,4,4.9,5.7,0.4,182,4,4.6,5.2,0.3,178,4,4,29.46,,0,0,0,70.3,73.0,72.3,0.23,0.23,0.26
CLIF,2017-08-21 06:35:00 EDT,43.01479,-77.18518,628,60.9,61.6,60.9,89.8,57.9,0.000,0.000,0.00,0.000,4.0,4.7,0.3,173,4,4.3,5.2,0.3,177,5,4.0,4.7,0.3,173,4,7,29.46,,0,0,0,70.3,73.0,72.3,0.23,0.23,0.26
CLIF,2017-08-21 06:40:00 EDT,43.01479,-77.18518,628,61.2,61.9,61.2,89.3,58.0,0.000,0.000,0.00,0.000,3.7,4.7,0.4,168,5,4.0,5.4,0.5,171,6,3.7,4.7,0.4,168,5,11,29.46,,0,0,0,70.3,73.0,72.3,0.23,0.23,0.26
CLIF,2017-08-21 06:45:00 EDT,43.01479,-77.18518,628,61.1,61.9,61.1,89.0,57.8,0.000,0.000,0.00,0.000,3.2,4.0,0.4,173,4,3.4,4.5,0.5,178,5,3.2,4.0,0.4,173,4,17,29.46,,0,0,0,70.3,73.0,72.3,0.23,0.23,0.26
CLIF,2017-08-21 06:50:00 EDT,43.01479,-77.18518,628,61.5,62.1,61.5,88.6,58.1,0.000,0.000,0.00,0.000,3.3,4.2,0.3,176,5,3.5,4.3,0.4,181,5,3.3,4.2,0.3,176,5,24,29.46,,0,0,0,70.3,72.8,72.3,0.23,0.23,0.26
CLIF,2017-08-21 06:55:00 EDT,43.01479,-77.18518,628,61.6,62.1,61.6,87.7,57.9,0.000,0.000,0.00,0.000,3.2,3.9,0.3,169,3,3.4,4.2,0.3,174,4,3.2,3.9,0.3,169,3,33,29.46,,0,0,0,70.3,72.7,72.3,0.23,0.23,0.26
CLIF,2017-08-21 07:00:00 EDT,43.01479,-77.18518,628,61.4,61.9,61.4,88.0,57.8,0.000,0.000,0.00,0.000,2.7,3.9,0.4,156,9,3.0,4.1,0.6,158,10,2.7,3.9,0.4,156,9,37,29.46,,0,0,0,70.3,72.7,72.3,0.23,0.23,0.26
CLIF,2017-08-21 07:05:00 EDT,43.01479,-77.18518,628,61.3,62.1,61.3,88.4,57.9,0.000,0.000,0.00,0.000,2.4,3.4,0.4,157,11,2.6,4.3,0.5,159,12,2.4,3.4,0.4,157,11,43,29.46,,0,0,0,70.3,72.7,72.3,0.23,0.23,0.26
CLIF,2017-08-21 07:10:00 EDT,43.01479,-77.18518,628,61.8,62.2,61.8,88.7,58.4,0.000,0.000,0.00,0.000,2.0,3.2,0.3,166,7,2.3,4.0,0.4,168,9,2.0,3.2,0.3,166,7,54,29.46,,0,0,0,70.2,72.7,72.3,0.23,0.23,0.26
CLIF,2017-08-21 07:15:00 EDT,43.01479,-77.18518,628,62.0,62.2,62.0,87.6,58.3,0.000,0.000,0.00,0.000,2.2,2.8,0.3,152,7,2.4,3.3,0.4,154,8,2.2,2.8,0.3,152,7,75,29.46,,0,0,0,70.0,72.7,72.3,0.23,0.23,0.26
CLIF,2017-08-21 07:20:00 EDT,43.01479,-77.18518,628,61.9,62.2,61.9,88.0,58.3,0.000,0.000,0.00,0.000,2.2,2.8,0.2,163,8,2.5,3.6,0.3,165,10,2.2,2.8,0.2,163,8,72,29.46,,0,0,0,70.0,72.7,72.3,0.23,0.23,0.26
CLIF,2017-08-21 07:25:00 EDT,43.01479,-77.18518,628,62.2,62.4,62.2,88.1,58.7,0.000,0.000,0.00,0.000,2.7,3.9,0.5,162,11,3.0,4.4,0.6,165,13,2.7,3.9,0.5,162,11,71,29.46,,0,0,0,70.0,72.7,72.3,0.23,0.23,0.26
CLIF,2017-08-21 07:30:00 EDT,43.01479,-77.18518,628,62.3,62.6,62.3,88.1,58.7,0.000,0.000,0.00,0.000,2.6,4.2,0.6,156,11,2.9,4.7,0.8,160,13,2.6,4.2,0.6,156,11,85,29.46,,0,0,0,70.0,72.7,72.3,0.23,0.23,0.26
CLIF,2017-08-21 07:35:00 EDT,43.01479,-77.18518,628,62.7,62.7,62.7,89.2,59.5,0.000,0.000,0.00,0.000,2.3,2.9,0.4,157,10,2.5,3.5,0.5,160,11,2.3,2.9,0.4,157,10,105,29.46,,0,0,0,70.0,72.7,72.3,0.23,0.23,0.26
CLIF,2017-08-21 07:40:00 EDT,43.01479,-77.18518,628,63.1,62.9,63.1,89.1,59.9,0.000,0.000,0.00,0.000,2.0,3.4,0.5,161,12,2.2,3.9,0.6,164,15,2.0,3.4,0.5,161,12,77,29.46,,0,0,0,70.0,72.7,72.3,0.23,0.23,0.26
CLIF,2017-08-21 07:45:00 EDT,43.01479,-77.18518,628,63.3,63.1,63.3,88.1,59.7,0.000,0.000,0.00,0.000,1.9,2.5,0.3,147,8,2.1,3.2,0.5,149,9,1.9,2.5,0.3,147,8,137,29.46,,0,0,0,70.0,72.7,72.3,0.23,0.23,0.26
CLIF,2017-08-21 07:50:00 EDT,43.01479,-77.18518,628,63.9,63.4,63.9,86.8,59.9,0.000,0.000,0.00,0.000,2.4,3.9,0.5,149,10,2.6,4.8,0.6,150,11,2.4,3.9,0.5,149,10,98,29.46,,0,0,0,70.0,72.7,72.3,0.23,0.23,0.26
CLIF,2017-08-21 07:55:00 EDT,43.01479,-77.18518,628,63.8,63.8,63.8,86.7,59.7,0.000,0.000,0.00,0.000,2.7,3.8,0.4,151,8,2.9,4.2,0.5,151,9,2.7,3.8,0.4,151,8,86,29.46,,0,0,0,70.0,72.7,72.3,0.23,0.23,0.26
CLIF,2017-08-21 08:00:00 EDT,43.01479,-77.18518,628,64.1,63.9,64.1,86.1,59.8,0.000,0.000,0.00,0.000,2.9,3.4,0.3,141,6,3.0,3.8,0.4,143,6,2.9,3.4,0.3,141,6,112,29.46,,0,0,0,70.0,72.7,72.2,0.23,0.23,0.26
CLIF,2017-08-21 08:05:00 EDT,43.01479,-77.18518,628,64.3,64.0,64.3,86.4,60.2,0.000,0.000,0.00,0.000,2.2,4.0,0.7,169,14,2.5,4.4,0.7,173,15,2.2,4.0,0.7,169,14,128,29.46,,0,0,0,70.0,72.7,72.2,0.23,0.23,0.26
CLIF,2017-08-21 08:10:00 EDT,43.01479,-77.18518,628,64.8,64.7,64.8,83.8,59.8,0.000,0.000,0.00,0.000,2.7,4.2,0.5,184,24,2.9,4.6,0.6,188,24,2.7,4.2,0.5,184,24,216,29.46,,0,0,0,70.0,72.7,72.1,0.23,0.23,0.26
CLIF,2017-08-21 08:15:00 EDT,43.01479,-77.18518,628,65.4,65.1,65.4,82.3,59.9,0.000,0.000,0.00,0.000,2.3,3.9,0.6,178,27,2.4,4.7,0.7,179,27,2.3,3.9,0.6,178,27,206,29.46,,0,0,0,70.0,72.7,71.9,0.23,0.23,0.26
CLIF,2017-08-21 08:20:00 EDT,43.01479,-77.18518,628,66.4,65.5,66.4,81.9,60.7,0.000,0.000,0.00,0.000,2.6,3.9,0.6,117,12,2.6,4.5,0.6,122,12,2.6,3.9,0.6,117,12,213,29.45,,0,0,0,70.0,72.7,71.9,0.23,0.23,0.26
CLIF,2017-08-21 08:25:00 EDT,43.01479,-77.18518,628,66.9,66.1,66.9,79.6,60.4,0.000,0.000,0.00,0.000,2.6,4.5,1.0,133,14,2.7,5.5,1.0,134,14,2.6,4.5,1.0,133,14,272,29.45,,0,0,0,70.0,72.6,71.9,0.23,0.23,0.26
CLIF,2017-08-21 08:30:00 EDT,43.01479,-77.18518,628,67.0,66.2,67.0,78.8,60.2,0.000,0.000,0.00,0.000,3.8,5.0,0.4,134,5,3.8,5.4,0.7,134,4,3.8,5.0,0.4,134,5,291,29.45,,0,0,0,70.0,72.6,71.8,0.23,0.23,0.26
CLIF,2017-08-21 08:35:00 EDT,43.01479,-77.18518,628,67.8,67.1,67.8,78.7,61.0,0.000,0.000,0.00,0.000,3.7,5.0,0.5,133,9,3.8,6.1,0.6,134,6,3.7,5.0,0.5,133,9,282,29.45,,0,0,0,70.0,72.5,71.8,0.23,0.23,0.26
CLIF,2017-08-21 08:40:00 EDT,43.01479,-77.18518,628,68.3,67.5,68.3,79.6,61.7,0.000,0.000,0.00,0.000,4.4,5.6,0.6,142,8,4.6,6.0,0.6,143,7,4.4,5.6,0.6,142,8,175,29.45,,0,0,0,70.2,72.4,71.8,0.23,0.23,0.26
CLIF,2017-08-21 08:45:00 EDT,43.01479,-77.18518,628,68.1,67.5,68.1,78.6,61.2,0.000,0.000,0.00,0.000,4.2,6.1,1.1,143,9,4.3,7.2,1.2,144,8,4.2,6.1,1.1,143,9,150,29.45,,0,0,0,70.3,72.3,71.8,0.23,0.23,0.26
CLIF,2017-08-21 08:50:00 EDT,43.01479,-77.18518,628,68.2,67.6,68.2,81.2,62.2,0.000,0.000,0.00,0.000,3.0,4.6,0.6,168,16,3.2,5.5,0.7,172,16,3.0,4.6,0.6,168,16,244,29.46,,0,0,0,70.3,72.3,71.8,0.23,0.23,0.26
CLIF,2017-08-21 08:55:00 EDT,43.01479,-77.18518,628,68.6,67.9,68.6,78.2,61.6,0.000,0.000,0.00,0.000,2.0,4.3,1.0,190,16,2.3,4.4,1.0,194,16,2.0,4.3,1.0,190,16,333,29.46,,0,0,0,70.3,72.3,71.8,0.23,0.23,0.26
CLIF,2017-08-21 09:00:00 EDT,43.01479,-77.18518,628,68.8,68.2,68.8,78.0,61.7,0.000,0.000,0.00,0.000,2.4,4.8,0.8,199,15,2.5,5.9,1.0,206,14,2.4,4.8,0.8,199,15,266,29.47,,0,0,0,70.3,72.3,71.8,0.23,0.23,0.26
CLIF,2017-08-21 09:05:00 EDT,43.01479,-77.18518,628,69.4,68.7,69.4,78.9,62.5,0.000,0.000,0.00,0.000,3.4,5.6,1.1,182,12,3.7,6.1,1.2,186,11,3.4,5.6,1.1,182,12,279,29.47,,0,0,0,70.4,72.3,71.8,0.23,0.23,0.26
CLIF,2017-08-21 09:10:00 EDT,43.01479,-77.18518,628,69.9,69.2,69.9,77.7,62.6,0.000,0.000,0.00,0.000,5.0,6.9,0.8,178,9,5.3,7.9,0.9,182,10,5.0,6.9,0.8,178,9,320,29.47,,0,0,0,70.6,72.3,71.8,0.23,0.23,0.26
CLIF,2017-08-21 09:15:00 EDT,43.01479,-77.18518,628,70.6,69.9,70.6,75.7,62.5,0.000,0.000,0.00,0.000,4.5,6.9,0.8,174,15,4.9,7.6,1.0,178,14,4.5,6.9,0.8,174,15,344,29.47,,0,0,0,70.7,72.3,71.8,0.23,0.23,0.26
CLIF,2017-08-21 09:20:00 EDT,43.01479,-77.18518,628,71.1,70.3,71.1,75.0,62.8,0.000,0.000,0.00,0.000,5.2,7.9,0.9,170,10,5.4,8.3,1.1,174,9,5.2,7.9,0.9,170,10,276,29.46,,0,0,0,70.7,72.3,71.8,0.23,0.23,0.26
CLIF,2017-08-21 09:25:00 EDT,43.01479,-77.18518,628,71.5,70.7,71.5,74.1,62.8,0.000,0.000,0.00,0.000,4.2,6.1,1.0,174,12,4.6,6.6,1.1,177,11,4.2,6.1,1.0,174,12,342,29.46,,0,0,0,70.7,72.3,71.8,0.23,0.23,0.26
CLIF,2017-08-21 09:30:00 EDT,43.01479,-77.18518,628,72.0,71.1,72.0,74.2,63.3,0.000,0.000,0.00,0.000,3.4,5.8,1.0,191,19,3.8,5.8,1.1,195,17,3.4,5.8,1.0,191,19,381,29.46,,0,0,0,70.7,72.3,71.8,0.23,0.23,0.26
CLIF,2017-08-21 09:35:00 EDT,43.01479,-77.18518,628,72.4,71.7,72.4,71.8,62.8,0.000,0.000,0.00,0.000,3.5,4.7,0.6,207,17,3.7,5.3,0.8,210,16,3.5,4.7,0.6,207,17,403,29.46,,0,0,0,70.7,72.3,71.8,0.23,0.23,0.26
CLIF,2017-08-21 09:40:00 EDT,43.01479,-77.18518,628,72.9,72.2,72.9,70.7,62.8,0.000,0.000,0.00,0.000,5.0,7.9,1.2,203,19,5.5,9.1,1.6,207,19,5.0,7.9,1.2,203,19,422,29.46,,0,0,0,71.0,72.3,71.8,0.23,0.23,0.26
CLIF,2017-08-21 09:45:00 EDT,43.01479,-77.18518,628,73.1,72.4,73.1,67.8,61.8,0.000,0.000,0.00,0.000,5.1,8.1,1.3,205,18,5.5,9.1,1.4,207,18,5.1,8.1,1.3,205,18,416,29.46,,0,0,0,71.1,72.3,71.8,0.23,0.23,0.26
CLIF,2017-08-21 09:50:00 EDT,43.01479,-77.18518,628,73.2,72.5,73.2,67.9,62.0,0.000,0.000,0.00,0.000,3.6,6.8,1.2,204,18,3.8,7.2,1.3,209,18,3.6,6.8,1.2,204,18,404,29.46,,0,0,0,71.1,72.3,71.8,0.23,0.23,0.26
CLIF,2017-08-21 09:55:00 EDT,43.01479,-77.18518,628,73.5,72.8,73.5,65.8,61.3,0.000,0.000,0.00,0.000,5.1,8.8,1.3,214,11,5.3,8.3,1.3,218,11,5.1,8.8,1.3,214,11,537,29.46,,0,0,0,71.3,72.3,71.8,0.23,0.23,0.26
CLIF,2017-08-21 10:00:00 EDT,43.01479,-77.18518,628,73.8,73.0,73.8,66.8,62.1,0.000,0.000,0.00,0.000,5.2,6.9,0.8,211,11,5.5,7.3,1.0,215,10,5.2,6.9,0.8,211,11,547,29.46,,0,0,0,71.4,72.3,71.8,0.24,0.23,0.26
CLIF,2017-08-21 10:05:00 EDT,43.01479,-77.18518,628,74.2,73.4,74.2,67.4,62.7,0.000,0.000,0.00,0.000,4.5,6.6,0.9,206,17,4.8,7.7,1.0,208,17,4.5,6.6,0.9,206,17,551,29.46,,0,0,0,71.4,72.3,71.8,0.24,0.23,0.26
CLIF,2017-08-21 10:10:00 EDT,43.01479,-77.18518,628,74.5,73.6,74.5,67.5,63.0,0.000,0.000,0.00,0.000,4.9,8.4,1.6,200,19,5.3,9.2,1.7,202,18,4.9,8.4,1.6,200,19,553,29.46,,0,0,0,71.4,72.3,71.8,0.24,0.23,0.26
CLIF,2017-08-21 10:15:00 EDT,43.01479,-77.18518,628,75.0,73.8,75.0,68.0,63.8,0.000,0.000,0.00,0.000,5.2,8.1,1.0,185,21,5.6,8.6,1.1,187,19,5.2,8.1,1.0,185,21,579,29.46,,0,0,0,71.5,72.3,71.8,0.23,0.23,0.26
CLIF,2017-08-21 10:20:00 EDT,43.01479,-77.18518,628,75.2,74.2,75.2,64.7,62.5,0.000,0.000,0.00,0.000,4.5,7.2,1.2,209,13,4.7,8.1,1.4,212,12,4.5,7.2,1.2,209,13,592,29.46,,0,0,0,71.8,72.3,71.8,0.23,0.23,0.26
CLIF,2017-08-21 10:25:00 EDT,43.01479,-77.18518,628,75.6,74.6,75.6,65.0,63.0,0.000,0.000,0.00,0.000,4.2,6.4,1.0,215,21,4.6,7.3,1.1,218,19,4.2,6.4,1.0,215,21,606,29.45,,0,0,0,71.8,72.3,71.8,0.23,0.23,0.26
CLIF,2017-08-21 10:30:00 EDT,43.01479,-77.18518,628,76.3,75.1,76.3,65.6,63.9,0.000,0.000,0.00,0.000,4.1,6.9,1.0,211,19,4.6,7.5,1.2,214,18,4.1,6.9,1.0,211,19,612,29.45,,0,0,0,72.1,72.3,71.8,0.23,0.23,0.26
CLIF,2017-08-21 10:35:00 EDT,43.01479,-77.18518,628,76.5,75.5,76.5,64.3,63.6,0.000,0.000,0.00,0.000,3.6,5.2,0.7,210,20,3.9,6.7,0.9,214,20,3.6,5.2,0.7,210,20,618,29.45,,0,0,0,72.3,72.3,71.8,0.23,0.23,0.26
CLIF,2017-08-21 10:40:00 EDT,43.01479,-77.18518,628,77.2,76.1,77.2,64.7,64.4,0.000,0.000,0.00,0.000,3.8,6.6,1.4,235,18,4.4,8.6,1.5,243,19,3.8,6.6,1.4,235,18,626,29.45,,0,0,0,72.3,72.3,71.8,0.23,0.23,0.26
CLIF,2017-08-21 10:45:00 EDT,43.01479,-77.18518,628,77.5,76.5,77.5,64.3,64.5,0.000,0.000,0.00,0.000,5.3,8.5,1.1,223,12,5.5,8.5,1.4,225,12,5.3,8.5,1.1,223,12,634,29.45,,0,0,0,72.6,72.3,71.8,0.23,0.23,0.26
CLIF,2017-08-21 10:50:00 EDT,43.01479,-77.18518,628,78.2,77.1,78.2,64.7,65.4,0.000,0.000,0.00,0.000,4.4,7.0,1.3,235,13,4.8,7.7,1.3,239,13,4.4,7.0,1.3,235,13,643,29.45,,0,0,0,72.7,72.1,71.8,0.23,0.23,0.26
CLIF,2017-08-21 10:55:00 EDT,43.01479,-77.18518,628,78.8,77.5,78.8,63.9,65.5,0.000,0.000,0.00,0.000,6.1,13.4,3.4,223,15,6.7,14.2,3.5,226,16,6.1,13.4,3.4,223,15,651,29.44,,0,0,0,72.7,72.0,71.8,0.24,0.23,0.26
CLIF,2017-08-21 11:00:00 EDT,43.01479,-77.18518,628,78.5,77.6,78.5,61.1,64.0,0.000,0.000,0.00,0.000,8.2,13.1,1.7,223,15,8.7,13.6,1.8,226,15,8.2,13.1,1.7,223,15,658,29.44,,0,0,0,73.0,71.9,71.8,0.23,0.23,0.26
CLIF,2017-08-21 11:05:00 EDT,43.01479,-77.18518,628,78.9,77.9,78.9,60.9,64.2,0.000,0.000,0.00,0.000,7.4,13.7,2.9,241,14,8.1,14.0,3.0,244,13,7.4,13.7,2.9,241,14,662,29.44,,0,0,0,73.0,71.9,71.8,0.24,0.23,0.26
CLIF,2017-08-21 11:10:00 EDT,43.01479,-77.18518,628,79.1,78.3,79.1,61.8,64.9,0.000,0.000,0.00,0.000,6.0,10.8,1.7,249,16,6.8,11.7,1.8,255,12,6.0,10.8,1.7,249,16,673,29.44,,0,0,0,73.2,71.8,71.8,0.24,0.23,0.26
CLIF,2017-08-21 11:15:00 EDT,43.01479,-77.18518,628,79.4,78.4,79.4,60.0,64.4,0.000,0.000,0.00,0.000,5.5,8.8,1.4,230,18,6.1,10.1,1.5,236,20,5.5,8.8,1.4,230,18,683,29.44,,0,0,0,73.4,71.8,71.7,0.24,0.23,0.26
CLIF,2017-08-21 11:20:00 EDT,43.01479,-77.18518,628,79.7,78.7,79.7,60.9,65.0,0.000,0.000,0.00,0.000,5.8,9.6,1.7,236,19,6.3,10.9,1.8,241,19,5.8,9.6,1.7,236,19,693,29.44,,0,0,0,73.5,71.8,71.7,0.24,0.23,0.26
CLIF,2017-08-21 11:25:00 EDT,43.01479,-77.18518,628,79.9,78.9,79.9,60.3,64.9,0.000,0.000,0.00,0.000,7.4,11.5,1.9,244,13,8.2,12.7,2.0,248,13,7.4,11.5,1.9,244,13,695,29.44,,0,0,0,73.9,71.8,71.6,0.24,0.23,0.26
CLIF,2017-08-21 11:30:00 EDT,43.01479,-77.18518,628,79.8,78.8,79.8,59.4,64.4,0.000,0.000,0.00,0.000,9.3,13.7,1.9,245,14,10.1,15.7,2.2,250,13,9.3,13.7,1.9,245,14,702,29.44,,0,0,0,73.9,71.8,71.6,0.24,0.23,0.26
CLIF,2017-08-21 11:35:00 EDT,43.01479,-77.18518,628,80.0,78.9,81.9,60.7,65.3,0.000,0.000,0.00,0.000,6.9,10.9,2.2,247,16,7.5,12.4,2.3,252,17,6.9,10.9,2.2,247,16,709,29.44,,0,0,0,74.1,71.8,71.5,0.24,0.23,0.26
CLIF,2017-08-21 11:40:00 EDT,43.01479,-77.18518,628,80.2,79.0,82.1,60.2,65.2,0.000,0.000,0.00,0.000,6.2,10.7,2.0,260,16,7.1,12.2,2.3,264,15,6.2,10.7,2.0,260,16,716,29.44,,0,0,0,74.3,71.8,71.4,0.23,0.23,0.26
CLIF,2017-08-21 11:45:00 EDT,43.01479,-77.18518,628,80.3,79.1,82.1,59.8,65.0,0.000,0.000,0.00,0.000,6.3,10.6,1.8,254,20,7.0,13.3,1.9,259,20,6.3,10.6,1.8,254,20,714,29.44,,0,0,0,74.3,71.8,71.5,0.23,0.23,0.26
CLIF,2017-08-21 11:50:00 EDT,43.01479,-77.18518,628,80.9,79.6,83.3,62.4,66.8,0.000,0.000,0.00,0.000,3.4,7.8,1.5,262,19,4.0,8.7,1.5,266,18,3.4,7.8,1.5,262,19,726,29.44,,0,0,0,74.7,71.8,71.4,0.23,0.23,0.26
CLIF,2017-08-21 11:55:00 EDT,43.01479,-77.18518,628,80.4,79.3,82.2,58.5,64.6,0.000,0.000,0.00,0.000,7.0,11.7,2.0,271,14,8.0,13.9,2.3,275,11,7.0,11.7,2.0,271,14,733,29.44,,0,0,0,74.7,71.8,71.4,0.23,0.23,0.26
CLIF,2017-08-21 12:00:00 EDT,43.01479,-77.18518,628,80.3,79.2,82.1,58.6,64.5,0.000,0.000,0.00,0.000,6.6,10.7,1.9,266,15,7.4,13.1,2.3,270,13,6.6,10.7,1.9,266,15,738,29.44,,0,0,0,74.7,71.8,71.4,0.23,0.23,0.26
CLIF,2017-08-21 12:05:00 EDT,43.01479,-77.18518,628,80.4,79.3,82.3,59.3,64.9,0.000,0.000,0.00,0.000,6.3,9.6,1.5,265,13,7.1,11.3,1.7,271,13,6.3,9.6,1.5,265,13,742,29.44,,0,0,0,74.7,71.8,71.4,0.23,0.23,0.26
CLIF,2017-08-21 12:10:00 EDT,43.01479,-77.18518,628,80.6,79.4,82.4,59.0,65.0,0.000,0.000,0.00,0.000,7.1,11.0,1.9,222,13,7.6,11.3,2.0,226,13,7.1,11.0,1.9,222,13,746,29.44,,0,0,0,75.0,71.8,71.4,0.23,0.23,0.26
CLIF,2017-08-21 12:15:00 EDT,43.01479,-77.18518,628,80.8,79.5,82.7,59.1,65.2,0.000,0.000,0.00,0.000,5.5,9.4,1.8,240,14,5.9,11.2,1.8,244,16,5.5,9.4,1.8,240,14,751,29.44,,0,0,0,75.0,71.8,71.4,0.23,0.23,0.26
CLIF,2017-08-21 12:20:00 EDT,43.01479,-77.18518,628,81.2,79.9,83.4,60.2,66.1,0.000,0.000,0.00,0.000,4.2,6.7,1.2,254,12,4.8,7.4,1.3,258,11,4.2,6.7,1.2,254,12,754,29.44,,0,0,0,75.4,71.8,71.4,0.23,0.23,0.26
CLIF,2017-08-21 12:25:00 EDT,43.01479,-77.18518,628,81.1,79.9,83.0,58.3,65.1,0.000,0.000,0.00,0.000,4.5,8.0,1.3,241,25,5.0,7.9,1.3,246,24,4.5,8.0,1.3,241,25,758,29.44,,0,0,0,75.6,71.8,71.4,0.23,0.23,0.26
CLIF,2017-08-21 12:30:00 EDT,43.01479,-77.18518,628,81.2,80.0,82.9,56.7,64.4,0.000,0.000,0.00,0.000,2.3,5.6,1.9,237,18,2.5,6.6,2.0,242,24,2.3,5.6,1.9,237,18,759,29.43,,0,0,0,75.6,71.8,71.4,0.23,0.23,0.26
CLIF,2017-08-21 12:35:00 EDT,43.01479,-77.18518,628,82.2,80.6,84.2,56.9,65.4,0.000,0.000,0.00,0.000,1.7,6.1,1.9,216,24,2.3,7.0,1.9,226,32,1.7,6.1,1.9,216,24,767,29.43,,0,0,0,75.9,71.8,71.4,0.23,0.23,0.26
CLIF,2017-08-21 12:40:00 EDT,43.01479,-77.18518,628,81.5,80.3,83.3,57.0,64.8,0.000,0.000,0.00,0.000,5.6,8.5,1.2,217,11,5.9,10.2,1.4,220,10,5.6,8.5,1.2,217,11,769,29.43,,0,0,0,75.9,71.8,71.4,0.23,0.23,0.26
CLIF,2017-08-21 12:45:00 EDT,43.01479,-77.18518,628,81.8,80.7,83.9,58.1,65.7,0.000,0.000,0.00,0.000,2.4,4.6,0.8,236,23,2.7,5.2,1.0,242,26,2.4,4.6,0.8,236,23,771,29.43,,0,0,0,76.2,71.8,71.4,0.23,0.23,0.26
CLIF,2017-08-21 12:50:00 EDT,43.01479,-77.18518,628,82.3,80.9,84.3,57.3,65.7,0.000,0.000,0.00,0.000,2.5,4.5,1.0,291,41,3.0,7.0,1.1,300,42,2.5,4.5,1.0,291,41,772,29.43,,0,0,0,76.5,71.8,71.4,0.23,0.23,0.26
CLIF,2017-08-21 12:55:00 EDT,43.01479,-77.18518,628,82.4,81.1,84.3,56.4,65.3,0.000,0.000,0.00,0.000,2.8,5.1,1.5,241,33,3.3,5.9,1.5,246,34,2.8,5.1,1.5,241,33,767,29.43,,0,0,0,76.5,71.8,71.4,0.23,0.23,0.26
CLIF,2017-08-21 13:00:00 EDT,43.01479,-77.18518,628,82.4,81.0,84.1,55.4,64.8,0.000,0.000,0.00,0.000,2.3,4.6,0.9,240,25,2.6,5.7,1.0,250,25,2.3,4.6,0.9,240,25,774,29.43,,0,0,0,76.6,71.8,71.4,0.23,0.23,0.26
CLIF,2017-08-21 13:05:00 EDT,43.01479,-77.18518,628,82.5,81.2,84.5,57.0,65.7,0.000,0.000,0.00,0.000,3.8,6.9,1.5,222,23,4.3,7.0,1.4,226,25,3.8,6.9,1.5,222,23,776,29.43,,0,0,0,76.8,71.8,71.4,0.23,0.23,0.26
CLIF,2017-08-21 13:10:00 EDT,43.01479,-77.18518,628,82.7,81.5,84.5,55.4,65.1,0.000,0.000,0.00,0.000,2.6,5.0,0.9,244,27,3.0,6.0,1.1,247,29,2.6,5.0,0.9,244,27,774,29.42,,0,0,0,76.8,71.8,71.4,0.23,0.23,0.26
CLIF,2017-08-21 13:15:00 EDT,43.01479,-77.18518,628,83.3,81.9,85.4,56.0,65.9,0.000,0.000,0.00,0.000,2.2,5.1,1.3,217,50,2.8,6.3,1.4,221,53,2.2,5.1,1.3,217,50,771,29.42,,0,0,0,77.2,71.8,71.4,0.23,0.23,0.26
CLIF,2017-08-21 13:20:00 EDT,43.01479,-77.18518,628,82.7,81.4,84.5,54.9,64.9,0.000,0.000,0.00,0.000,3.1,5.2,1.2,223,25,3.4,6.2,1.3,229,23,3.1,5.2,1.2,223,25,769,29.42,,0,0,0,77.2,71.8,71.4,0.23,0.23,0.26
CLIF,2017-08-21 13:25:00 EDT,43.01479,-77.18518,628,83.0,81.6,85.2,57.0,66.2,0.000,0.000,0.00,0.000,2.8,6.7,1.4,214,31,3.3,8.0,1.5,219,31,2.8,6.7,1.4,214,31,757,29.42,,0,0,0,77.2,71.8,71.4,0.23,0.23,0.26
CLIF,2017-08-21 13:30:00 EDT,43.01479,-77.18518,628,83.3,81.8,85.5,55.6,65.8,0.000,0.000,0.00,0.000,3.5,7.3,1.7,232,44,4.0,8.0,1.9,239,45,3.5,7.3,1.7,232,44,737,29.42,,0,0,0,77.6,71.8,71.4,0.23,0.23,0.26
CLIF,2017-08-21 13:35:00 EDT,43.01479,-77.18518,628,82.7,81.3,84.4,54.6,64.7,0.000,0.000,0.00,0.000,2.1,4.7,1.5,281,18,2.5,5.3,1.7,285,17,2.1,4.7,1.5,281,18,699,29.42,,0,0,0,77.7,71.9,71.4,0.23,0.23,0.26
CLIF,2017-08-21 13:40:00 EDT,43.01479,-77.18518,628,83.6,81.5,85.7,55.3,65.9,0.000,0.000,0.00,0.000,0.8,1.8,0.5,351,50,1.4,3.0,0.6,341,54,0.8,1.8,0.5,351,50,660,29.42,,0,0,0,78.0,72.0,71.4,0.23,0.23,0.26
CLIF,2017-08-21 13:45:00 EDT,43.01479,-77.18518,628,82.7,81.5,84.4,54.6,64.7,0.000,0.000,0.00,0.000,3.1,7.0,1.7,265,19,3.7,8.4,1.8,270,22,3.1,7.0,1.7,265,19,618,29.42,,0,0,0,78.1,72.2,71.4,0.23,0.23,0.26
CLIF,2017-08-21 13:50:00 EDT,43.01479,-77.18518,628,82.3,81.3,83.9,54.7,64.4,0.000,0.000,0.00,0.000,3.7,5.8,0.9,265,21,4.3,7.0,1.1,269,21,3.7,5.8,0.9,265,21,578,29.41,,0,0,0,78.1,72.3,71.4,0.23,0.23,0.26
CLIF,2017-08-21 13:55:00 EDT,43.01479,-77.18518,628,82.2,81.4,83.8,54.8,64.3,0.000,0.000,0.00,0.000,6.9,10.2,1.4,263,9,7.8,12.0,1.6,268,7,6.9,10.2,1.4,263,9,532,29.41,,0,0,0,78.1,72.3,71.4,0.23,0.23,0.26
CLIF,2017-08-21 14:00:00 EDT,43.01479,-77.18518,628,81.9,81.2,83.9,57.3,65.4,0.000,0.000,0.00,0.000,4.0,7.2,1.4,256,17,4.7,9.4,1.6,262,13,4.0,7.2,1.4,256,17,481,29.41,,0,0,0,78.1,72.3,71.4,0.23,0.23,0.26
CLIF,2017-08-21 14:05:00 EDT,43.01479,-77.18518,628,81.7,81.1,83.2,55.4,64.2,0.000,0.000,0.00,0.000,3.9,5.8,0.7,261,9,4.3,6.3,0.8,265,8,3.9,5.8,0.7,261,9,425,29.41,,0,0,0,78.2,72.3,71.4,0.23,0.23,0.26
CLIF,2017-08-21 14:10:00 EDT,43.01479,-77.18518,628,81.7,81.2,83.0,53.6,63.3,0.000,0.000,0.00,0.000,2.6,4.6,0.8,249,17,2.9,5.4,1.1,252,18,2.6,4.6,0.8,249,17,379,29.41,,0,0,0,78.6,72.3,71.4,0.23,0.23,0.26
CLIF,2017-08-21 14:15:00 EDT,43.01479,-77.18518,628,81.7,81.1,83.3,55.3,64.2,0.000,0.000,0.00,0.000,2.8,4.7,0.9,254,18,3.2,6.7,1.0,260,17,2.8,4.7,0.9,254,18,332,29.41,,0,0,0,78.6,72.3,71.4,0.23,0.23,0.26
CLIF,2017-08-21 14:20:00 EDT,43.01479,-77.18518,628,81.4,81.0,83.2,57.0,64.7,0.000,0.000,0.00,0.000,3.1,4.4,0.7,207,22,3.4,5.1,0.8,210,21,3.1,4.4,0.7,207,22,286,29.41,,0,0,0,78.6,72.3,71.4,0.23,0.23,0.26
CLIF,2017-08-21 14:25:00 EDT,43.01479,-77.18518,628,81.8,81.1,83.3,54.9,64.0,0.000,0.000,0.00,0.000,2.0,3.4,0.5,188,30,2.2,3.6,0.5,190,31,2.0,3.4,0.5,188,30,248,29.41,,0,0,0,78.6,72.3,71.4,0.23,0.23,0.26
CLIF,2017-08-21 14:30:00 EDT,43.01479,-77.18518,628,81.2,80.8,83.3,59.6,65.8,0.000,0.000,0.00,0.000,1.7,2.7,0.5,212,13,2.0,3.2,0.5,215,14,1.7,2.7,0.5,212,13,221,29.41,,0,0,0,78.6,72.3,71.4,0.23,0.23,0.26
CLIF,2017-08-21 14:35:00 EDT,43.01479,-77.18518,628,80.6,80.6,82.7,61.3,66.0,0.000,0.000,0.00,0.000,2.2,3.8,0.8,238,15,2.5,4.5,0.8,244,17,2.2,3.8,0.8,238,15,204,29.41,,0,0,0,78.6,72.3,71.4,0.23,0.23,0.26
CLIF,2017-08-21 14:40:00 EDT,43.01479,-77.18518,628,80.3,80.3,82.3,60.7,65.5,0.000,0.000,0.00,0.000,1.0,1.9,0.3,248,10,1.3,2.5,0.3,255,12,1.0,1.9,0.3,248,10,198,29.41,,0,0,0,78.6,72.3,71.4,0.23,0.23,0.26
CLIF,2017-08-21 14:45:00 EDT,43.01479,-77.18518,628,80.4,80.2,82.6,61.8,66.1,0.000,0.000,0.00,0.000,1.2,2.4,0.7,228,20,1.4,2.7,0.6,229,19,1.2,2.4,0.7,228,20,208,29.41,,0,0,0,78.6,72.3,71.4,0.23,0.23,0.26
CLIF,2017-08-21 14:50:00 EDT,43.01479,-77.18518,628,80.5,80.0,82.9,64.0,67.2,0.000,0.000,0.00,0.000,1.4,3.2,0.5,246,21,1.7,3.4,0.6,252,23,1.4,3.2,0.5,246,21,236,29.41,,0,0,0,78.6,72.3,71.4,0.23,0.23,0.26
CLIF,2017-08-21 14:55:00 EDT,43.01479,-77.18518,628,80.4,79.9,83.1,65.9,68.0,0.000,0.000,0.00,0.000,1.9,3.1,0.6,229,10,1.9,2.8,0.4,235,13,1.9,3.1,0.6,229,10,282,29.41,,0,0,0,78.6,72.3,71.4,0.23,0.23,0.26
CLIF,2017-08-21 15:00:00 EDT,43.01479,-77.18518,628,80.6,79.8,83.8,69.1,69.5,0.000,0.000,0.00,0.000,1.6,2.8,0.7,237,12,1.9,3.4,0.7,240,12,1.6,2.8,0.7,237,12,313,29.41,,0,0,0,78.6,72.3,71.4,0.23,0.23,0.26
CLIF,2017-08-21 15:05:00 EDT,43.01479,-77.18518,628,81.0,80.2,83.9,65.6,68.4,0.000,0.000,0.00,0.000,2.2,3.1,0.4,225,11,2.4,3.8,0.5,230,11,2.2,3.1,0.4,225,11,353,29.41,,0,0,0,78.6,72.3,71.4,0.23,0.23,0.26
CLIF,2017-08-21 15:10:00 EDT,43.01479,-77.18518,628,81.3,80.5,84.2,64.4,68.2,0.000,0.000,0.00,0.000,3.2,5.3,1.0,229,13,3.5,5.5,1.1,234,15,3.2,5.3,1.0,229,13,407,29.40,,0,0,0,78.6,72.3,71.4,0.23,0.23,0.26
CLIF,2017-08-21 15:15:00 EDT,43.01479,-77.18518,628,81.6,80.6,84.4,63.0,67.8,0.000,0.000,0.00,0.000,3.9,5.8,1.2,248,15,4.5,6.7,1.3,252,16,3.9,5.8,1.2,248,15,464,29.40,,0,0,0,78.6,72.3,71.4,0.23,0.23,0.26
CLIF,2017-08-21 15:20:00 EDT,43.01479,-77.18518,628,81.5,80.7,84.1,62.0,67.2,0.000,0.000,0.00,0.000,3.8,5.8,0.8,257,13,4.2,6.6,1.0,261,13,3.8,5.8,0.8,257,13,416,29.40,,0,0,0,78.6,72.3,71.4,0.23,0.23,0.26
CLIF,2017-08-21 15:25:00 EDT,43.01479,-77.18518,628,81.5,80.7,84.4,64.0,68.2,0.000,0.000,0.00,0.000,3.5,6.0,1.1,246,15,4.0,7.4,1.3,251,14,3.5,6.0,1.1,246,15,493,29.40,,0,0,0,78.6,72.3,71.4,0.23,0.23,0.26
CLIF,2017-08-21 15:30:00 EDT,43.01479,-77.18518,628,82.0,80.9,84.8,62.0,67.7,0.000,0.000,0.00,0.000,3.7,5.9,1.1,240,15,4.2,6.7,1.1,244,15,3.7,5.9,1.1,240,15,343,29.40,,0,0,0,78.6,72.4,71.4,0.23,0.23,0.26
CLIF,2017-08-21 15:35:00 EDT,43.01479,-77.18518,628,81.4,80.6,84.2,63.4,67.8,0.000,0.000,0.00,0.000,3.4,7.4,1.7,241,18,4.0,7.9,1.7,245,17,3.4,7.4,1.7,241,18,421,29.40,,0,0,0,78.6,72.5,71.4,0.23,0.23,0.26
CLIF,2017-08-21 15:40:00 EDT,43.01479,-77.18518,628,82.2,81.0,85.1,61.6,67.7,0.000,0.000,0.00,0.000,4.9,6.9,1.0,245,10,5.3,7.5,1.1,248,10,4.9,6.9,1.0,245,10,614,29.40,,0,0,0,78.6,72.7,71.4,0.23,0.23,0.26
CLIF,2017-08-21 15:45:00 EDT,43.01479,-77.18518,628,82.8,81.3,85.9,61.5,68.2,0.000,0.000,0.00,0.000,3.4,6.3,1.3,250,14,4.0,7.1,1.4,256,12,3.4,6.3,1.3,250,14,695,29.40,,0,0,0,78.6,72.7,71.4,0.23,0.23,0.26
CLIF,2017-08-21 15:50:00 EDT,43.01479,-77.18518,628,82.8,81.4,85.1,57.5,66.3,0.000,0.000,0.00,0.000,3.8,5.5,0.8,231,12,4.0,6.0,0.9,235,12,3.8,5.5,0.8,231,12,746,29.40,,0,0,0,78.6,72.7,71.4,0.23,0.23,0.26
CLIF,2017-08-21 15:55:00 EDT,43.01479,-77.18518,628,82.6,81.3,84.9,58.3,66.5,0.000,0.000,0.00,0.000,4.5,6.6,1.1,230,14,4.9,7.3,1.1,234,14,4.5,6.6,1.1,230,14,766,29.40,,0,0,0,78.6,72.7,71.4,0.23,0.23,0.26
CLIF,2017-08-21 16:00:00 EDT,43.01479,-77.18518,628,83.2,81.6,86.0,59.3,67.5,0.000,0.000,0.00,0.000,3.5,5.2,0.8,256,18,4.0,6.1,1.0,260,17,3.5,5.2,0.8,256,18,660,29.40,,0,0,0,78.7,72.7,71.4,0.23,0.23,0.26
CLIF,2017-08-21 16:05:00 EDT,43.01479,-77.18518,628,83.8,82.1,87.6,61.7,69.2,0.000,0.000,0.00,0.000,3.9,7.5,1.7,237,19,4.6,8.2,1.5,243,20,3.9,7.5,1.7,237,19,704,29.40,,0,0,0,79.1,72.7,71.4,0.23,0.23,0.26
CLIF,2017-08-21 16:10:00 EDT,43.01479,-77.18518,628,83.4,81.9,86.1,58.1,67.2,0.000,0.000,0.00,0.000,6.7,9.8,1.6,229,12,7.1,10.3,1.5,232,11,6.7,9.8,1.6,229,12,669,29.39,,0,0,0,79.2,72.7,71.4,0.23,0.23,0.26
CLIF,2017-08-21 16:15:00 EDT,43.01479,-77.18518,628,83.0,81.8,85.8,59.9,67.6,0.000,0.000,0.00,0.000,7.0,10.4,1.9,221,11,7.4,12.2,1.9,225,11,7.0,10.4,1.9,221,11,603,29.40,,0,0,0,79.2,72.7,71.4,0.23,0.23,0.26
CLIF,2017-08-21 16:20:00 EDT,43.01479,-77.18518,628,83.1,82.0,86.3,60.9,68.2,0.000,0.000,0.00,0.000,6.6,10.3,1.8,228,14,7.2,11.3,1.8,231,15,6.6,10.3,1.8,228,14,493,29.40,,0,0,0,79.2,72.7,71.4,0.23,0.23,0.26
CLIF,2017-08-21 16:25:00 EDT,43.01479,-77.18518,628,82.9,81.9,85.7,59.5,67.4,0.000,0.000,0.00,0.000,6.9,9.4,1.2,221,11,7.4,10.8,1.3,225,13,6.9,9.4,1.2,221,11,578,29.40,,0,0,0,79.2,72.7,71.4,0.23,0.23,0.26
CLIF,2017-08-21 16:30:00 EDT,43.01479,-77.18518,628,82.9,81.9,85.4,58.6,66.9,0.000,0.000,0.00,0.000,6.2,10.9,3.0,239,21,6.9,12.9,3.1,242,24,6.2,10.9,3.0,239,21,576,29.40,,0,0,0,79.2,72.7,71.4,0.23,0.23,0.26
CLIF,2017-08-21 16:35:00 EDT,43.01479,-77.18518,628,83.0,82.0,86.0,60.2,67.8,0.000,0.000,0.00,0.000,3.9,7.5,1.4,238,16,4.3,8.4,1.6,242,18,3.9,7.5,1.4,238,16,455,29.39,,0,0,0,79.2,72.7,71.4,0.23,0.23,0.26
CLIF,2017-08-21 16:40:00 EDT,43.01479,-77.18518,628,83.5,82.4,87.2,61.8,69.0,0.000,0.000,0.00,0.000,2.1,5.3,1.1,232,23,2.7,6.4,1.2,238,23,2.1,5.3,1.1,232,23,460,29.39,,0,0,0,79.2,72.8,71.4,0.23,0.23,0.26
CLIF,2017-08-21 16:45:00 EDT,43.01479,-77.18518,628,82.7,81.8,85.3,59.1,67.0,0.000,0.000,0.00,0.000,5.7,10.2,1.5,252,16,6.4,11.6,1.7,256,16,5.7,10.2,1.5,252,16,443,29.39,,0,0,0,79.2,72.9,71.4,0.23,0.23,0.26
CLIF,2017-08-21 16:50:00 EDT,43.01479,-77.18518,628,82.6,81.7,85.6,60.9,67.8,0.000,0.000,0.00,0.000,4.6,8.2,1.1,250,13,5.2,8.5,1.1,253,14,4.6,8.2,1.1,250,13,476,29.39,,0,0,0,79.2,73.0,71.4,0.23,0.23,0.26
CLIF,2017-08-21 16:55:00 EDT,43.01479,-77.18518,628,82.8,81.7,86.4,63.4,69.1,0.000,0.000,0.00,0.000,3.9,7.4,1.5,243,17,4.5,8.2,1.4,247,17,3.9,7.4,1.5,243,17,428,29.39,,0,0,0,79.2,73.0,71.4,0.23,0.23,0.26
CLIF,2017-08-21 17:00:00 EDT,43.01479,-77.18518,628,82.2,81.4,84.9,60.9,67.4,0.000,0.000,0.00,0.000,4.1,7.8,1.4,250,13,4.7,8.9,1.5,255,12,4.1,7.8,1.4,250,13,284,29.39,,0,0,0,79.2,73.0,71.4,0.23,0.23,0.26
CLIF,2017-08-21 17:05:00 EDT,43.01479,-77.18518,628,82.3,81.5,85.0,60.7,67.4,0.000,0.000,0.00,0.000,4.7,9.1,1.2,253,12,5.2,10.3,1.3,258,13,4.7,9.1,1.2,253,12,361,29.39,,0,0,0,79.2,73.0,71.4,0.23,0.23,0.26
CLIF,2017-08-21 17:10:00 EDT,43.01479,-77.18518,628,82.3,81.4,85.1,61.3,67.6,0.000,0.000,0.00,0.000,3.3,5.4,1.0,230,12,3.5,6.2,0.9,234,12,3.3,5.4,1.0,230,12,406,29.39,,0,0,0,79.3,73.0,71.4,0.23,0.23,0.26
CLIF,2017-08-21 17:15:00 EDT,43.01479,-77.18518,628,82.6,81.7,85.5,60.6,67.6,0.000,0.000,0.00,0.000,2.4,4.2,1.0,241,13,2.7,4.8,1.0,245,14,2.4,4.2,1.0,241,13,417,29.38,,0,0,0,79.4,73.0,71.4,0.23,0.23,0.26
CLIF,2017-08-21 17:20:00 EDT,43.01479,-77.18518,628,82.9,81.9,86.0,61.0,68.1,0.000,0.000,0.00,0.000,2.5,3.9,0.8,251,16,3.0,4.9,0.9,258,16,2.5,3.9,0.8,251,16,361,29.38,,0,0,0,79.5,73.0,71.4,0.23,0.23,0.26
CLIF,2017-08-21 17:25:00 EDT,43.01479,-77.18518,628,82.4,81.6,85.3,60.9,67.6,0.000,0.000,0.00,0.000,2.4,4.3,1.0,265,17,2.9,5.0,1.0,270,16,2.4,4.3,1.0,265,17,387,29.38,,0,0,0,79.4,73.0,71.4,0.23,0.23,0.26
CLIF,2017-08-21 17:30:00 EDT,43.01479,-77.18518,628,81.8,81.2,84.8,63.3,68.1,0.000,0.000,0.00,0.000,3.2,6.3,1.2,272,11,3.7,7.0,1.4,276,9,3.2,6.3,1.2,272,11,151,29.38,,0,0,0,79.4,73.0,71.4,0.23,0.23,0.26
CLIF,2017-08-21 17:35:00 EDT,43.01479,-77.18518,628,80.9,80.7,83.5,63.9,67.5,0.000,0.000,0.00,0.000,4.1,5.8,0.6,268,9,4.6,6.4,0.8,273,9,4.1,5.8,0.6,268,9,271,29.38,,0,0,0,79.3,73.0,71.4,0.23,0.23,0.26
CLIF,2017-08-21 17:40:00 EDT,43.01479,-77.18518,628,81.6,81.0,84.8,65.6,68.9,0.000,0.000,0.00,0.000,3.1,5.1,1.0,256,14,3.6,5.7,1.0,260,13,3.1,5.1,1.0,256,14,195,29.38,,0,0,0,79.3,73.0,71.4,0.23,0.23,0.26
CLIF,2017-08-21 17:45:00 EDT,43.01479,-77.18518,628,81.5,81.0,84.8,66.0,69.0,0.000,0.000,0.00,0.000,2.5,5.0,0.8,252,12,3.0,5.8,0.8,257,13,2.5,5.0,0.8,252,12,308,29.38,,0,0,0,79.3,73.0,71.4,0.23,0.23,0.26
CLIF,2017-08-21 17:50:00 EDT,43.01479,-77.18518,628,82.1,81.4,85.6,65.0,69.2,0.000,0.000,0.00,0.000,3.1,4.7,0.7,248,12,3.5,5.5,0.7,252,12,3.1,4.7,0.7,248,12,294,29.38,,0,0,0,79.2,73.0,71.4,0.23,0.23,0.26
CLIF,2017-08-21 17:55:00 EDT,43.01479,-77.18518,628,82.0,81.4,85.4,64.7,69.0,0.000,0.000,0.00,0.000,2.7,4.2,0.7,244,12,3.1,4.6,0.7,249,13,2.7,4.2,0.7,244,12,288,29.38,,0,0,0,79.2,73.0,71.4,0.23,0.23,0.26
CLIF,2017-08-21 18:00:00 EDT,43.01479,-77.18518,628,82.3,81.5,86.0,65.6,69.6,0.000,0.000,0.00,0.000,2.1,3.7,0.6,246,14,2.5,4.2,0.6,248,15,2.1,3.7,0.6,246,14,267,29.38,,0,0,0,79.2,73.0,71.4,0.23,0.23,0.26
CLIF,2017-08-21 18:05:00 EDT,43.01479,-77.18518,628,82.1,81.4,85.4,64.0,68.7,0.000,0.000,0.00,0.000,2.0,3.7,0.9,255,14,2.4,4.0,0.8,260,13,2.0,3.7,0.9,255,14,269,29.38,,0,0,0,79.2,73.1,71.4,0.23,0.23,0.26
CLIF,2017-08-21 18:10:00 EDT,43.01479,-77.18518,628,82.1,81.4,85.6,64.8,69.1,0.000,0.000,0.00,0.000,2.5,3.8,0.8,253,14,3.0,4.6,0.8,258,15,2.5,3.8,0.8,253,14,253,29.38,,0,0,0,79.2,73.2,71.4,0.23,0.23,0.26
CLIF,2017-08-21 18:15:00 EDT,43.01479,-77.18518,628,81.9,81.2,84.9,63.4,68.2,0.000,0.000,0.00,0.000,3.9,7.9,1.3,275,14,4.4,9.6,1.5,279,12,3.9,7.9,1.3,275,14,238,29.38,,0,0,0,79.2,73.3,71.4,0.23,0.23,0.26
CLIF,2017-08-21 18:20:00 EDT,43.01479,-77.18518,628,81.6,81.1,84.5,63.6,68.1,0.000,0.000,0.00,0.000,5.7,7.7,1.1,270,9,6.3,9.4,1.4,275,7,5.7,7.7,1.1,270,9,224,29.38,,0,0,0,79.2,73.4,71.4,0.23,0.23,0.26
CLIF,2017-08-21 18:25:00 EDT,43.01479,-77.18518,628,81.5,81.0,84.7,65.6,68.9,0.000,0.000,0.00,0.000,3.7,5.7,0.6,265,10,4.3,6.3,0.7,271,10,3.7,5.7,0.6,265,10,212,29.38,,0,0,0,79.2,73.4,71.4,0.23,0.23,0.26
CLIF,2017-08-21 18:30:00 EDT,43.01479,-77.18518,628,81.7,81.2,84.9,65.4,68.9,0.000,0.000,0.00,0.000,3.3,5.8,1.1,267,12,3.8,6.3,1.3,272,12,3.3,5.8,1.1,267,12,196,29.38,,0,0,0,79.2,73.4,71.5,0.23,0.23,0.26
CLIF,2017-08-21 18:35:00 EDT,43.01479,-77.18518,628,81.5,81.1,84.6,65.2,68.7,0.000,0.000,0.00,0.000,3.9,6.6,1.0,255,13,4.3,7.4,1.2,258,13,3.9,6.6,1.0,255,13,181,29.38,,0,0,0,79.2,73.4,71.6,0.23,0.23,0.26
CLIF,2017-08-21 18:40:00 EDT,43.01479,-77.18518,628,81.3,81.0,84.5,66.7,69.1,0.000,0.000,0.00,0.000,2.8,4.3,0.6,244,12,3.1,5.0,0.7,248,11,2.8,4.3,0.6,244,12,165,29.38,,0,0,0,79.2,73.4,71.7,0.23,0.23,0.26
CLIF,2017-08-21 18:45:00 EDT,43.01479,-77.18518,628,81.1,80.7,84.4,68.0,69.5,0.000,0.000,0.00,0.000,3.0,4.7,0.7,243,12,3.3,5.4,0.8,247,12,3.0,4.7,0.7,243,12,157,29.38,,0,0,0,79.2,73.4,71.7,0.23,0.23,0.26
CLIF,2017-08-21 18:50:00 EDT,43.01479,-77.18518,628,81.0,80.6,84.2,67.2,69.1,0.000,0.000,0.00,0.000,2.8,4.6,0.5,235,10,3.0,4.8,0.6,238,9,2.8,4.6,0.5,235,10,146,29.38,,0,0,0,79.2,73.4,71.8,0.23,0.23,0.26
CLIF,2017-08-21 18:55:00 EDT,43.01479,-77.18518,628,80.9,80.5,84.0,67.7,69.2,0.000,0.000,0.00,0.000,2.2,3.1,0.4,242,10,2.4,3.7,0.5,244,11,2.2,3.1,0.4,242,10,126,29.38,,0,0,0,79.2,73.4,71.8,0.23,0.23,0.26
CLIF,2017-08-21 19:00:00 EDT,43.01479,-77.18518,628,80.4,80.4,83.6,69.6,69.6,0.000,0.000,0.00,0.000,2.2,2.8,0.4,255,7,2.6,3.5,0.4,260,9,2.2,2.8,0.4,255,7,116,29.38,,0,0,0,79.2,73.4,71.8,0.23,0.23,0.26
CLIF,2017-08-21 19:05:00 EDT,43.01479,-77.18518,628,79.5,80.3,79.5,74.5,70.7,0.000,0.000,0.00,0.000,1.7,2.6,0.4,255,8,2.1,3.1,0.5,259,10,1.7,2.6,0.4,255,8,99,29.38,,0,0,0,79.2,73.4,71.8,0.23,0.23,0.26
CLIF,2017-08-21 19:10:00 EDT,43.01479,-77.18518,628,79.6,79.9,79.6,72.2,69.8,0.000,0.000,0.00,0.000,1.2,2.0,0.3,248,8,1.5,2.9,0.5,254,12,1.2,2.0,0.3,248,8,72,29.38,,0,0,0,79.1,73.4,71.8,0.23,0.23,0.26
CLIF,2017-08-21 19:15:00 EDT,43.01479,-77.18518,628,79.3,79.5,79.3,73.2,70.0,0.000,0.000,0.00,0.000,1.2,2.2,0.3,238,5,1.4,2.4,0.4,245,7,1.2,2.2,0.3,238,5,64,29.37,,0,0,0,79.0,73.4,71.8,0.23,0.23,0.26
CLIF,2017-08-21 19:20:00 EDT,43.01479,-77.18518,628,78.7,79.4,78.7,76.4,70.7,0.000,0.000,0.00,0.000,2.1,2.4,0.2,224,9,2.1,2.9,0.3,228,8,2.1,2.4,0.2,224,9,46,29.38,,0,0,0,78.7,73.4,71.8,0.23,0.23,0.26
CLIF,2017-08-21 19:25:00 EDT,43.01479,-77.18518,628,77.9,79.2,77.9,80.5,71.4,0.000,0.000,0.00,0.000,2.1,2.6,0.2,222,7,2.1,2.8,0.2,225,6,2.1,2.6,0.2,222,7,38,29.38,,0,0,0,78.6,73.6,71.8,0.23,0.23,0.26
CLIF,2017-08-21 19:30:00 EDT,43.01479,-77.18518,628,77.1,77.7,77.1,82.3,71.3,0.000,0.000,0.00,0.000,2.0,2.5,0.2,227,7,2.0,2.7,0.3,231,8,2.0,2.5,0.2,227,7,33,29.38,,0,0,0,78.6,73.9,71.8,0.23,0.23,0.26
CLIF,2017-08-21 19:35:00 EDT,43.01479,-77.18518,628,76.9,78.7,76.9,81.6,70.8,0.000,0.000,0.00,0.000,2.6,3.1,0.2,227,3,2.7,3.3,0.2,230,4,2.6,3.1,0.2,227,3,24,29.37,,0,0,0,78.6,73.9,71.8,0.23,0.23,0.26
CLIF,2017-08-21 19:40:00 EDT,43.01479,-77.18518,628,77.1,78.7,77.1,81.7,71.0,0.000,0.000,0.00,0.000,2.3,2.6,0.1,229,1,2.5,2.7,0.1,232,3,2.3,2.6,0.1,229,1,16,29.37,,0,0,0,78.6,73.9,71.8,0.23,0.23,0.26
CLIF,2017-08-21 19:45:00 EDT,43.01479,-77.18518,628,77.4,78.7,77.4,79.7,70.7,0.000,0.000,0.00,0.000,2.2,2.8,0.2,238,3,2.5,3.2,0.2,239,3,2.2,2.8,0.2,238,3,11,29.37,,0,0,0,78.6,73.9,71.8,0.23,0.23,0.26
CLIF,2017-08-21 19:50:00 EDT,43.01479,-77.18518,628,77.3,78.7,77.3,79.4,70.4,0.000,0.000,0.00,0.000,2.7,3.1,0.3,241,6,3.0,3.8,0.3,244,6,2.7,3.1,0.3,241,6,8,29.37,,0,0,0,78.6,73.9,71.8,0.23,0.23,0.26
CLIF,2017-08-21 19:55:00 EDT,43.01479,-77.18518,628,76.6,78.4,76.6,80.7,70.2,0.000,0.000,0.00,0.000,2.8,3.8,0.4,250,6,3.1,4.5,0.4,251,8,2.8,3.8,0.4,250,6,6,29.37,,0,0,0,78.4,73.9,71.8,0.23,0.23,0.26
CLIF,2017-08-21 20:00:00 EDT,43.01479,-77.18518,628,75.4,77.2,75.4,83.2,70.0,0.000,0.000,0.00,0.000,2.2,3.4,0.4,253,6,2.5,3.9,0.5,256,9,2.2,3.4,0.4,253,6,3,29.37,,0,0,0,78.1,73.9,71.8,0.23,0.23,0.26
CLIF,2017-08-21 20:05:00 EDT,43.01479,-77.18518,628,75.4,77.5,75.4,84.7,70.5,0.000,0.000,0.00,0.000,2.6,3.8,0.5,249,6,3.0,4.4,0.6,251,7,2.6,3.8,0.5,249,6,2,29.37,,0,0,0,78.1,73.9,71.8,0.23,0.23,0.26
CLIF,2017-08-21 20:10:00 EDT,43.01479,-77.18518,628,75.1,77.3,75.1,85.5,70.5,0.000,0.000,0.00,0.000,2.2,2.9,0.3,246,7,2.5,3.6,0.3,247,7,2.2,2.9,0.3,246,7,1,29.37,,0,0,0,78.1,73.9,71.8,0.23,0.23,0.26
CLIF,2017-08-21 20:15:00 EDT,43.01479,-77.18518,628,74.4,77.0,74.4,87.7,70.5,0.000,0.000,0.00,0.000,2.0,2.8,0.3,235,10,2.2,3.3,0.3,237,9,2.0,2.8,0.3,235,10,1,29.37,,0,0,0,78.1,73.9,71.8,0.23,0.23,0.26
CLIF,2017-08-21 20:20:00 EDT,43.01479,-77.18518,628,74.3,77.1,74.3,88.7,70.8,0.000,0.000,0.00,0.000,2.5,3.0,0.3,224,4,2.4,3.1,0.3,228,5,2.5,3.0,0.3,224,4,0,29.37,,0,0,0,78.1,73.9,71.8,0.23,0.23,0.26
CLIF,2017-08-21 20:25:00 EDT,43.01479,-77.18518,628,73.7,76.9,73.7,89.6,70.5,0.000,0.000,0.00,0.000,2.7,3.5,0.3,220,6,2.6,3.7,0.4,223,5,2.7,3.5,0.3,220,6,0,29.37,,0,0,0,78.1,73.9,71.8,0.23,0.23,0.26
CLIF,2017-08-21 20:30:00 EDT,43.01479,-77.18518,628,73.2,77.2,73.2,91.0,70.5,0.000,0.000,0.00,0.000,2.7,3.1,0.3,213,3,2.6,3.3,0.3,218,1,2.7,3.1,0.3,213,3,0,29.37,,0,0,0,78.1,73.9,71.8,0.23,0.23,0.26
CLIF,2017-08-21 20:35:00 EDT,43.01479,-77.18518,628,73.4,77.1,73.4,91.0,70.6,0.000,0.000,0.00,0.000,2.2,2.4,0.1,211,0,2.1,2.4,0.1,217,2,2.2,2.4,0.1,211,0,0,29.37,,0,0,0,78.1,73.9,71.8,0.23,0.23,0.26
CLIF,2017-08-21 20:40:00 EDT,43.01479,-77.18518,628,73.7,76.8,73.7,89.2,70.3,0.000,0.000,0.00,0.000,2.0,2.3,0.1,205,1,2.1,2.3,0.1,212,2,2.0,2.3,0.1,205,1,0,29.37,,0,0,0,78.0,73.9,71.8,0.23,0.23,0.26
CLIF,2017-08-21 20:45:00 EDT,43.01479,-77.18518,628,73.4,76.9,73.4,88.5,69.8,0.000,0.000,0.00,0.000,2.3,2.6,0.1,210,1,2.2,2.7,0.1,217,1,2.3,2.6,0.1,210,1,0,29.37,,0,0,0,77.7,73.9,71.8,0.23,0.23,0.26
CLIF,2017-08-21 20:50:00 EDT,43.01479,-77.18518,628,72.8,77.4,72.8,89.7,69.6,0.000,0.000,0.00,0.000,2.5,2.8,0.1,210,3,2.4,2.8,0.1,217,3,2.5,2.8,0.1,210,3,0,29.37,,0,0,0,77.7,73.9,71.8,0.22,0.23,0.26
CLIF,2017-08-21 20:55:00 EDT,43.01479,-77.18518,628,72.4,77.2,72.4,90.8,69.5,0.000,0.000,0.00,0.000,3.1,3.5,0.2,223,2,2.9,3.5,0.2,226,2,3.1,3.5,0.2,223,2,0,29.37,,0,0,0,77.7,73.9,72.0,0.22,0.23,0.26
CLIF,2017-08-21 21:00:00 EDT,43.01479,-77.18518,628,71.9,76.6,71.9,92.1,69.5,0.000,0.000,0.00,0.000,3.9,4.1,0.1,217,2,3.9,4.2,0.2,220,2,3.9,4.1,0.1,217,2,0,29.37,,0,0,0,77.5,73.9,72.1,0.22,0.23,0.26
CLIF,2017-08-21 21:05:00 EDT,43.01479,-77.18518,628,71.5,75.0,71.5,93.2,69.5,0.000,0.000,0.00,0.000,3.6,3.9,0.2,224,4,3.6,4.0,0.3,228,4,3.6,3.9,0.2,224,4,0,29.37,,0,0,0,77.2,73.9,72.3,0.22,0.23,0.26
CLIF,2017-08-21 21:10:00 EDT,43.01479,-77.18518,628,71.3,74.4,71.3,93.6,69.3,0.000,0.000,0.00,0.000,3.9,4.2,0.2,224,2,4.0,4.5,0.2,227,3,3.9,4.2,0.2,224,2,0,29.37,,0,0,0,77.2,73.9,72.3,0.22,0.23,0.26
CLIF,2017-08-21 21:15:00 EDT,43.01479,-77.18518,628,71.4,74.9,71.4,93.8,69.5,0.000,0.000,0.00,0.000,3.7,3.9,0.1,214,7,3.7,4.3,0.2,217,6,3.7,3.9,0.1,214,7,0,29.37,,0,0,0,77.2,73.9,72.3,0.22,0.23,0.26
CLIF,2017-08-21 21:20:00 EDT,43.01479,-77.18518,628,71.7,73.4,71.7,93.4,69.7,0.000,0.000,0.00,0.000,4.3,5.1,0.7,180,8,4.6,5.7,0.8,184,8,4.3,5.1,0.7,180,8,0,29.38,,0,0,0,77.2,73.9,72.3,0.23,0.23,0.26
CLIF,2017-08-21 21:25:00 EDT,43.01479,-77.18518,628,71.8,73.3,71.8,93.0,69.7,0.000,0.000,0.00,0.000,4.0,5.6,0.8,185,5,4.3,6.0,0.8,189,5,4.0,5.6,0.8,185,5,0,29.37,,0,0,0,77.2,74.0,72.3,0.23,0.23,0.26
CLIF,2017-08-21 21:30:00 EDT,43.01479,-77.18518,628,72.2,73.3,72.2,92.2,69.8,0.000,0.000,0.00,0.000,3.4,4.1,0.3,190,6,3.6,4.8,0.4,194,7,3.4,4.1,0.3,190,6,0,29.37,,0,0,0,77.2,74.0,72.3,0.23,0.23,0.26
CLIF,2017-08-21 21:35:00 EDT,43.01479,-77.18518,628,71.9,73.9,71.9,91.5,69.3,0.000,0.000,0.00,0.000,3.3,3.9,0.2,201,4,3.5,4.4,0.4,206,4,3.3,3.9,0.2,201,4,0,29.37,,0,0,0,77.1,74.1,72.3,0.23,0.23,0.26
CLIF,2017-08-21 21:40:00 EDT,43.01479,-77.18518,628,71.7,73.8,71.7,92.0,69.3,0.000,0.000,0.00,0.000,2.9,3.4,0.2,192,3,3.1,3.7,0.3,197,4,2.9,3.4,0.2,192,3,0,29.37,,0,0,0,76.8,74.2,72.3,0.23,0.23,0.26
CLIF,2017-08-21 21:45:00 EDT,43.01479,-77.18518,628,71.8,73.4,71.8,92.3,69.4,0.000,0.000,0.00,0.000,2.5,2.9,0.1,204,6,2.5,3.2,0.2,212,6,2.5,2.9,0.1,204,6,0,29.37,,0,0,0,76.8,74.3,72.3,0.23,0.23,0.26
CLIF,2017-08-21 21:50:00 EDT,43.01479,-77.18518,628,71.7,73.6,71.7,92.4,69.3,0.000,0.000,0.00,0.000,3.0,3.6,0.2,215,4,2.9,3.8,0.3,219,3,3.0,3.6,0.2,215,4,0,29.37,,0,0,0,76.8,74.2,72.3,0.23,0.23,0.26
CLIF,2017-08-21 21:55:00 EDT,43.01479,-77.18518,628,71.6,73.3,71.6,92.6,69.4,0.000,0.000,0.00,0.000,3.2,3.6,0.2,225,3,3.2,3.7,0.2,228,3,3.2,3.6,0.2,225,3,0,29.38,,0,0,0,76.8,74.3,72.3,0.23,0.23,0.26
CLIF,2017-08-21 22:00:00 EDT,43.01479,-77.18518,628,71.5,73.2,71.5,92.8,69.3,0.000,0.000,0.00,0.000,3.9,4.6,0.4,227,4,4.1,5.1,0.4,231,4,3.9,4.6,0.4,227,4,0,29.38,,0,0,0,76.8,74.3,72.3,0.23,0.23,0.26
CLIF,2017-08-21 22:05:00 EDT,43.01479,-77.18518,628,71.8,73.8,71.8,92.3,69.4,0.000,0.000,0.00,0.000,3.9,5.0,0.5,221,7,4.1,5.4,0.6,224,5,3.9,5.0,0.5,221,7,0,29.38,,0,0,0,76.7,74.3,72.3,0.23,0.23,0.26
CLIF,2017-08-21 22:10:00 EDT,43.01479,-77.18518,628,71.8,73.7,71.8,91.6,69.2,0.000,0.000,0.00,0.000,3.5,4.1,0.3,219,5,3.6,4.6,0.4,222,4,3.5,4.1,0.3,219,5,0,29.38,,0,0,0,76.5,74.3,72.3,0.23,0.23,0.26
CLIF,2017-08-21 22:15:00 EDT,43.01479,-77.18518,628,72.0,73.0,72.0,91.4,69.4,0.000,0.000,0.00,0.000,2.7,3.4,0.3,191,12,2.9,3.8,0.3,195,12,2.7,3.4,0.3,191,12,0,29.38,,0,0,0,76.5,74.3,72.3,0.23,0.23,0.26
CLIF,2017-08-21 22:20:00 EDT,43.01479,-77.18518,628,71.9,72.8,71.9,91.7,69.4,0.000,0.000,0.00,0.000,3.9,4.5,0.5,177,2,4.3,5.0,0.5,182,2,3.9,4.5,0.5,177,2,0,29.38,,0,0,0,76.5,74.3,72.3,0.23,0.23,0.26
CLIF,2017-08-21 22:25:00 EDT,43.01479,-77.18518,628,71.9,72.7,71.9,91.7,69.3,0.000,0.000,0.00,0.000,3.8,4.4,0.3,189,4,4.0,4.7,0.4,194,4,3.8,4.4,0.3,189,4,0,29.37,,0,0,0,76.5,74.3,72.3,0.23,0.23,0.26
CLIF,2017-08-21 22:30:00 EDT,43.01479,-77.18518,628,71.1,71.9,71.1,91.3,68.4,0.000,0.000,0.00,0.000,3.5,4.2,0.4,200,4,3.5,4.6,0.6,205,5,3.5,4.2,0.4,200,4,0,29.38,,0,0,0,76.5,74.3,72.3,0.23,0.23,0.26
CLIF,2017-08-21 22:35:00 EDT,43.01479,-77.18518,628,70.4,71.6,70.4,92.5,68.1,0.000,0.000,0.00,0.000,3.6,5.0,0.5,208,5,3.7,5.4,0.7,213,4,3.6,5.0,0.5,208,5,0,29.38,,0,0,0,76.5,74.3,72.3,0.23,0.23,0.26
CLIF,2017-08-21 22:40:00 EDT,43.01479,-77.18518,628,70.5,71.5,70.5,93.9,68.6,0.000,0.000,0.00,0.000,4.5,5.7,0.6,206,8,4.7,6.6,0.7,209,8,4.5,5.7,0.6,206,8,0,29.38,,0,0,0,76.5,74.3,72.3,0.23,0.23,0.26
CLIF,2017-08-21 22:45:00 EDT,43.01479,-77.18518,628,70.8,71.6,70.8,93.3,68.8,0.000,0.000,0.00,0.000,4.3,5.8,0.6,205,9,4.5,6.1,0.7,210,8,4.3,5.8,0.6,205,9,0,29.37,,0,0,0,76.4,74.3,72.3,0.23,0.23,0.26
CLIF,2017-08-21 22:50:00 EDT,43.01479,-77.18518,628,71.2,71.6,71.2,92.7,69.0,0.000,0.000,0.00,0.000,4.3,6.4,0.8,207,7,4.4,6.6,0.9,211,7,4.3,6.4,0.8,207,7,0,29.37,,0,0,0,75.9,74.3,72.3,0.23,0.23,0.26
CLIF,2017-08-21 22:55:00 EDT,43.01479,-77.18518,628,71.2,71.6,71.2,92.0,68.8,0.000,0.000,0.00,0.000,3.8,5.6,0.6,206,7,3.9,5.8,0.8,210,7,3.8,5.6,0.6,206,7,0,29.37,,0,0,0,75.9,74.3,72.3,0.23,0.23,0.26
CLIF,2017-08-21 23:00:00 EDT,43.01479,-77.18518,628,70.7,71.3,70.7,92.0,68.3,0.000,0.000,0.00,0.000,4.2,5.9,0.6,215,8,4.3,6.1,0.7,219,6,4.2,5.9,0.6,215,8,0,29.37,,0,0,0,75.9,74.3,72.3,0.23,0.23,0.26
CLIF,2017-08-21 23:05:00 EDT,43.01479,-77.18518,628,70.1,71.2,70.1,92.9,68.0,0.000,0.000,0.00,0.000,4.5,6.0,0.7,216,9,4.8,6.5,0.9,219,6,4.5,6.0,0.7,216,9,0,29.37,,0,0,0,75.9,74.3,72.3,0.23,0.23,0.26
CLIF,2017-08-21 23:10:00 EDT,43.01479,-77.18518,628,70.4,71.4,70.4,93.2,68.4,0.000,0.000,0.00,0.000,4.4,5.7,0.7,212,8,4.6,6.6,0.9,216,7,4.4,5.7,0.7,212,8,0,29.37,,0,0,0,75.9,74.3,72.3,0.22,0.23,0.26
CLIF,2017-08-21 23:15:00 EDT,43.01479,-77.18518,628,70.8,71.4,70.8,92.5,68.6,0.000,0.000,0.00,0.000,4.5,6.0,0.8,208,9,4.7,6.3,0.8,212,9,4.5,6.0,0.8,208,9,0,29.36,,0,0,0,75.9,74.3,72.3,0.22,0.23,0.26
CLIF,2017-08-21 23:20:00 EDT,43.01479,-77.18518,628,70.7,71.3,70.7,92.0,68.3,0.000,0.000,0.00,0.000,4.2,5.3,0.6,214,8,4.4,6.0,0.7,218,6,4.2,5.3,0.6,214,8,0,29.36,,0,0,0,75.8,74.3,72.3,0.23,0.23,0.26
CLIF,2017-08-21 23:25:00 EDT,43.01479,-77.18518,628,70.5,71.2,70.5,92.5,68.2,0.000,0.000,0.00,0.000,4.2,5.8,0.7,206,8,4.5,6.3,0.7,209,8,4.2,5.8,0.7,206,8,0,29.36,,0,0,0,75.6,74.3,72.3,0.22,0.23,0.26
CLIF,2017-08-21 23:30:00 EDT,43.01479,-77.18518,628,70.7,71.0,70.7,92.7,68.4,0.000,0.000,0.00,0.000,3.6,5.3,0.6,207,10,3.7,5.8,0.7,210,9,3.6,5.3,0.6,207,10,0,29.36,,0,0,0,75.6,74.3,72.3,0.22,0.23,0.26
CLIF,2017-08-21 23:35:00 EDT,43.01479,-77.18518,628,70.2,70.8,70.2,92.4,67.9,0.000,0.000,0.00,0.000,3.4,4.2,0.5,218,7,3.5,4.7,0.6,222,6,3.4,4.2,0.5,218,7,0,29.36,,0,0,0,75.6,74.3,72.3,0.22,0.23,0.26
CLIF,2017-08-21 23:40:00 EDT,43.01479,-77.18518,628,69.5,70.6,69.5,93.2,67.5,0.000,0.000,0.00,0.000,3.6,5.1,0.5,222,9,3.9,6.0,0.7,226,8,3.6,5.1,0.5,222,9,0,29.36,,0,0,0,75.6,74.3,72.3,0.22,0.23,0.26
CLIF,2017-08-21 23:45:00 EDT,43.01479,-77.18518,628,69.6,70.6,69.6,94.3,67.9,0.000,0.000,0.00,0.000,3.5,5.0,0.5,209,9,3.7,5.5,0.7,213,8,3.5,5.0,0.5,209,9,0,29.36,,0,0,0,75.6,74.3,72.4,0.22,0.23,0.26
CLIF,2017-08-21 23:50:00 EDT,43.01479,-77.18518,628,70.2,70.7,70.2,94.6,68.5,0.000,0.000,0.00,0.000,2.5,3.9,0.5,185,15,2.7,4.0,0.6,189,16,2.5,3.9,0.5,185,15,0,29.36,,0,0,0,75.6,74.3,72.4,0.22,0.23,0.26
CLIF,2017-08-21 23:55:00 EDT,43.01479,-77.18518,628,69.6,70.5,69.6,94.4,67.9,0.000,0.000,0.00,0.000,2.8,3.9,0.5,170,9,3.1,4.4,0.6,175,10,2.8,3.9,0.5,170,9,0,29.35,,0,0,0,75.6,74.3,72.4,0.22,0.23,0.26
CLYM,2017-08-21 00:00:00 EDT,42.02447,-79.62408,1477,56.8,59.2,56.8,98.2,56.3,,,,,0.0,0.0,0.0,0,0,,,,,,0.0,0.0,0.0,0,0,0,28.61,,0,0,0,69.6,68.5,67.1,0.20,0.19,0.09
CLYM,2017-08-21 00:05:00 EDT,42.02447,-79.62408,1477,56.3,59.1,56.3,98.1,55.8,,,,,0.0,0.0,0.0,0,0,,,,,,0.0,0.0,0.0,0,0,0,28.60,,0,0,0,69.6,68.5,67.1,0.20,0.19,0.09
CLYM,2017-08-21 00:10:00 EDT,42.02447,-79.62408,1477,56.8,59.0,56.8,98.3,56.3,,,,,0.0,0.0,0.0,0,0,,,,,,0.0,0.0,0.0,0,0,0,28.61,,0,0,0,69.6,68.5,67.1,0.20,0.19,0.09
CLYM,2017-08-21 00:15:00 EDT,42.02447,-79.62408,1477,57.2,59.2,57.2,98.4,56.8,,,,,0.0,0.0,0.0,0,0,,,,,,0.0,0.0,0.0,0,0,0,28.60,,0,0,0,69.4,68.5,67.1,0.20,0.19,0.09
CLYM,2017-08-21 00:20:00 EDT,42.02447,-79.62408,1477,56.7,59.1,56.7,98.3,56.3,,,,,0.0,0.0,0.0,0,0,,,,,,0.0,0.0,0.0,0,0,0,28.61,,0,0,0,69.3,68.6,67.1,0.20,0.19,0.09
CLYM,2017-08-21 00:25:00 EDT,42.02447,-79.62408,1477,56.5,58.9,56.5,98.3,56.0,,,,,0.0,0.0,0.0,0,0,,,,,,0.0,0.0,0.0,0,0,0,28.61,,0,0,0,69.3,68.6,67.1,0.20,0.19,0.09
CLYM,2017-08-21 00:30:00 EDT,42.02447,-79.62408,1477,56.4,58.8,56.4,98.3,55.9,,,,,0.0,0.0,0.0,0,0,,,,,,0.0,0.0,0.0,0,0,0,28.61,,0,0,0,69.3,68.5,67.1,0.20,0.19,0.09
CLYM,2017-08-21 00:35:00 EDT,42.02447,-79.62408,1477,57.0,58.7,57.0,98.5,56.6,,,,,0.0,0.0,0.0,0,0,,,,,,0.0,0.0,0.0,0,0,0,28.61,,0,0,0,69.3,68.5,67.1,0.20,0.19,0.09
CLYM,2017-08-21 00:40:00 EDT,42.02447,-79.62408,1477,56.8,58.9,56.8,98.4,56.4,,,,,0.4,1.6,0.5,341,6,,,,,,0.4,1.6,0.5,341,6,0,28.61,,0,0,0,69.3,68.5,67.1,0.20,0.19,0.09
CLYM,2017-08-21 00:45:00 EDT,42.02447,-79.62408,1477,56.7,59.1,56.7,98.4,56.2,,,,,0.2,2.0,0.5,193,39,,,,,,0.2,2.0,0.5,193,39,0,28.61,,0,0,0,69.3,68.5,67.1,0.20,0.19,0.09
CLYM,2017-08-21 00:50:00 EDT,42.02447,-79.62408,1477,56.4,59.1,56.4,98.3,55.9,,,,,0.1,0.9,0.2,340,24,,,,,,0.1,0.9,0.2,340,24,0,28.61,,0,0,0,69.3,68.5,67.1,0.20,0.19,0.09
CLYM,2017-08-21 00:55:00 EDT,42.02447,-79.62408,1477,56.6,58.9,56.6,98.5,56.2,,,,,0.3,1.3,0.4,147,37,,,,,,0.3,1.3,0.4,147,37,0,28.61,,0,0,0,69.1,68.5,67.1,0.20,0.19,0.09
CLYM,2017-08-21 01:00:00 EDT,42.02447,-79.62408,1477,56.5,59.0,56.5,98.4,56.1,,,,,0.1,0.8,0.2,167,1,,,,,,0.1,0.8,0.2,167,1,0,28.61,,0,0,0,68.9,68.6,67.1,0.20,0.19,0.09
CLYM,2017-08-21 01:05:00 EDT,42.02447,-79.62408,1477,56.1,58.8,56.1,98.3,55.7,,,,,0.2,1.7,0.5,192,0,,,,,,0.2,1.7,0.5,192,0,0,28.61,,0,0,0,68.9,68.5,67.1,0.20,0.19,0.09
CLYM,2017-08-21 01:10:00 EDT,42.02447,-79.62408,1477,56.8,59.1,56.8,98.5,56.4,,,,,0.0,0.0,0.0,0,0,,,,,,0.0,0.0,0.0,0,0,0,28.61,,0,0,0,68.9,68.5,67.1,0.20,0.19,0.09
CLYM,2017-08-21 01:15:00 EDT,42.02447,-79.62408,1477,57.2,59.3,57.2,98.5,56.7,,,,,0.0,0.5,0.1,278,0,,,,,,0.0,0.5,0.1,278,0,0,28.60,,0,0,0,68.9,68.5,67.1,0.20,0.19,0.09
CLYM,2017-08-21 01:20:00 EDT,42.02447,-79.62408,1477,56.9,59.2,56.9,98.5,56.4,,,,,0.0,0.0,0.0,0,0,,,,,,0.0,0.0,0.0,0,0,0,28.60,,0,0,0,68.9,68.5,67.1,0.20,0.19,0.09
CLYM,2017-08-21 01:25:00 EDT,42.02447,-79.62408,1477,56.3,58.8,56.3,98.4,55.8,,,,,0.0,0.0,0.0,0,0,,,,,,0.0,0.0,0.0,0,0,0,28.60,,0,0,0,68.9,68.5,67.1,0.20,0.19,0.09
CLYM,2017-08-21 01:30:00 EDT,42.02447,-79.62408,1477,56.7,58.6,56.7,98.5,56.3,,,,,0.1,0.6,0.2,164,0,,,,,,0.1,0.6,0.2,164,0,0,28.60,,0,0,0,68.9,68.5,67.1,0.20,0.19,0.09
CLYM,2017-08-21 01:35:00 EDT,42.02447,-79.62408,1477,56.8,58.3,56.8,98.5,56.4,,,,,0.6,0.9,0.2,162,4,,,,,,0.6,0.9,0.2,162,4,0,28.60,,0,0,0,68.7,68.5,67.1,0.20,0.19,0.09
CLYM,2017-08-21 01:40:00 EDT,42.02447,-79.62408,1477,57.0,58.4,57.0,98.5,56.5,,,,,0.7,1.1,0.2,170,11,,,,,,0.7,1.1,0.2,170,11,0,28.60,,0,0,0,68.6,68.5,67.1,0.20,0.19,0.09
CLYM,2017-08-21 01:45:00 EDT,42.02447,-79.62408,1477,56.8,58.4,56.8,98.4,56.4,,,,,1.0,1.4,0.2,168,12,,,,,,1.0,1.4,0.2,168,12,0,28.60,,0,0,0,68.5,68.5,67.1,0.20,0.19,0.09
CLYM,2017-08-21 01:50:00 EDT,42.02447,-79.62408,1477,56.7,58.4,56.7,98.4,56.3,,,,,0.8,1.5,0.4,152,9,,,,,,0.8,1.5,0.4,152,9,0,28.60,,0,0,0,68.5,68.5,67.1,0.20,0.19,0.09
CLYM,2017-08-21 01:55:00 EDT,42.02447,-79.62408,1477,57.0,58.2,57.0,98.3,56.5,,,,,1.0,1.8,0.4,133,10,,,,,,1.0,1.8,0.4,133,10,0,28.60,,0,0,0,68.5,68.5,67.1,0.20,0.19,0.09
CLYM,2017-08-21 02:00:00 EDT,42.02447,-79.62408,1477,56.8,58.2,56.8,98.2,56.3,,,,,0.8,2.0,0.6,131,5,,,,,,0.8,2.0,0.6,131,5,0,28.60,,0,0,0,68.5,68.5,67.1,0.20,0.19,0.09
CLYM,2017-08-21 02:05:00 EDT,42.02447,-79.62408,1477,57.1,58.3,57.1,98.2,56.6,,,,,0.3,1.2,0.4,139,0,,,,,,0.3,1.2,0.4,139,0,0,28.60,,0,0,0,68.5,68.5,67.1,0.20,0.19,0.09
CLYM,2017-08-21 02:10:00 EDT,42.02447,-79.62408,1477,56.9,58.2,56.9,98.2,56.4,,,,,0.2,1.5,0.5,119,3,,,,,,0.2,1.5,0.5,119,3,0,28.60,,0,0,0,68.5,68.5,67.1,0.20,0.19,0.09
CLYM,2017-08-21 02:15:00 EDT,42.02447,-79.62408,1477,56.7,58.7,56.7,98.1,56.1,,,,,0.8,2.0,0.8,133,6,,,,,,0.8,2.0,0.8,133,6,0,28.60,,0,0,0,68.5,68.5,67.1,0.20,0.19,0.09
CLYM,2017-08-21 02:20:00 EDT,42.02447,-79.62408,1477,56.9,59.0,56.9,98.2,56.4,,,,,0.8,2.2,0.7,147,7,,,,,,0.8,2.2,0.7,147,7,0,28.60,,0,0,0,68.5,68.5,67.1,0.20,0.19,0.09
CLYM,2017-08-21 02:25:00 EDT,42.02447,-79.62408,1477,56.7,59.0,56.7,98.0,56.1,,,,,0.5,2.1,0.7,141,4,,,,,,0.5,2.1,0.7,141,4,0,28.60,,0,0,0,68.5,68.5,67.1,0.20,0.19,0.09
CLYM,2017-08-21 02:30:00 EDT,42.02447,-79.62408,1477,57.3,59.3,57.3,98.2,56.8,,,,,0.3,1.4,0.4,161,4,,,,,,0.3,1.4,0.4,161,4,0,28.60,,0,0,0,68.3,68.5,67.1,0.20,0.19,0.09
CLYM,2017-08-21 02:35:00 EDT,42.02447,-79.62408,1477,57.0,59.3,57.0,98.1,56.5,,,,,0.3,1.4,0.5,148,6,,,,,,0.3,1.4,0.5,148,6,0,28.60,,0,0,0,68.2,68.5,67.1,0.20,0.19,0.09
CLYM,2017-08-21 02:40:00 EDT,42.02447,-79.62408,1477,57.2,59.2,57.2,98.2,56.7,,,,,0.7,2.4,0.7,139,27,,,,,,0.7,2.4,0.7,139,27,0,28.59,,0,0,0,68.2,68.5,67.1,0.20,0.19,0.09
CLYM,2017-08-21 02:45:00 EDT,42.02447,-79.62408,1477,57.6,59.5,57.6,98.1,57.1,,,,,0.3,1.3,0.5,190,2,,,,,,0.3,1.3,0.5,190,2,0,28.60,,0,0,0,68.2,68.5,67.1,0.20,0.19,0.09
CLYM,2017-08-21 02:50:00 EDT,42.02447,-79.62408,1477,57.2,59.5,57.2,98.0,56.7,,,,,0.0,0.4,0.1,193,0,,,,,,0.0,0.4,0.1,193,0,0,28.60,,0,0,0,68.2,68.5,67.1,0.20,0.19,0.09
CLYM,2017-08-21 02:55:00 EDT,42.02447,-79.62408,1477,57.4,59.2,57.4,98.1,56.9,,,,,0.2,0.8,0.3,193,0,,,,,,0.2,0.8,0.3,193,0,0,28.60,,0,0,0,68.2,68.5,67.1,0.20,0.19,0.09
CLYM,2017-08-21 03:00:00 EDT,42.02447,-79.62408,1477,57.5,59.0,57.5,98.1,57.0,,,,,1.0,1.7,0.3,181,6,,,,,,1.0,1.7,0.3,181,6,0,28.60,,0,0,0,68.2,68.5,67.1,0.20,0.19,0.09
CLYM,2017-08-21 03:05:00 EDT,42.02447,-79.62408,1477,57.6,58.8,57.6,98.1,57.1,,,,,1.9,2.8,0.3,153,21,,,,,,1.9,2.8,0.3,153,21,0,28.60,,0,0,0,68.2,68.5,67.1,0.20,0.19,0.09
CLYM,2017-08-21 03:10:00 EDT,42.02447,-79.62408,1477,57.6,58.5,57.6,98.0,57.1,,,,,2.0,2.4,0.2,124,6,,,,,,2.0,2.4,0.2,124,6,0,28.60,,0,0,0,68.2,68.5,67.1,0.20,0.19,0.09
CLYM,2017-08-21 03:15:00 EDT,42.02447,-79.62408,1477,58.0,58.5,58.0,98.0,57.4,,,,,1.4,2.3,0.5,129,5,,,,,,1.4,2.3,0.5,129,5,0,28.60,,0,0,0,68.1,68.5,67.1,0.20,0.19,0.09
CLYM,2017-08-21 03:20:00 EDT,42.02447,-79.62408,1477,58.3,58.6,58.3,98.0,57.7,,,,,0.8,1.4,0.3,139,9,,,,,,0.8,1.4,0.3,139,9,0,28.59,,0,0,0,67.9,68.5,67.1,0.20,0.19,0.09
CLYM,2017-08-21 03:25:00 EDT,42.02447,-79.62408,1477,58.7,59.0,58.7,98.1,58.1,,,,,0.2,0.9,0.3,179,6,,,,,,0.2,0.9,0.3,179,6,0,28.60,,0,0,0,67.8,68.5,67.1,0.20,0.19,0.09
CLYM,2017-08-21 03:30:00 EDT,42.02447,-79.62408,1477,58.5,59.6,58.5,98.0,58.0,,,,,0.0,0.0,0.0,0,0,,,,,,0.0,0.0,0.0,0,0,0,28.60,,0,0,0,67.8,68.5,67.1,0.20,0.19,0.09
CLYM,2017-08-21 03:35:00 EDT,42.02447,-79.62408,1477,58.3,59.7,58.3,97.8,57.7,,,,,0.0,0.0,0.0,0,0,,,,,,0.0,0.0,0.0,0,0,0,28.60,,0,0,0,67.8,68.5,67.1,0.20,0.19,0.09
CLYM,2017-08-21 03:40:00 EDT,42.02447,-79.62408,1477,58.8,60.1,58.8,97.9,58.2,,,,,0.0,0.1,0.0,133,0,,,,,,0.0,0.1,0.0,133,0,0,28.60,,0,0,0,67.8,68.5,67.1,0.20,0.19,0.09
CLYM,2017-08-21 03:45:00 EDT,42.02447,-79.62408,1477,59.2,60.2,59.2,97.6,58.5,,,,,0.0,0.0,0.0,0,0,,,,,,0.0,0.0,0.0,0,0,0,28.60,,0,0,0,67.8,68.5,67.1,0.20,0.19,0.09
CLYM,2017-08-21 03:50:00 EDT,42.02447,-79.62408,1477,59.3,60.3,59.3,97.5,58.6,,,,,0.3,1.1,0.4,124,0,,,,,,0.3,1.1,0.4,124,0,0,28.59,,0,0,0,67.8,68.5,67.1,0.20,0.19,0.09
CLYM,2017-08-21 03:55:00 EDT,42.02447,-79.62408,1477,59.5,60.6,59.5,97.5,58.7,,,,,0.7,1.3,0.3,139,13,,,,,,0.7,1.3,0.3,139,13,0,28.59,,0,0,0,67.8,68.5,67.1,0.20,0.19,0.09
CLYM,2017-08-21 04:00:00 EDT,42.02447,-79.62408,1477,59.5,60.6,59.5,97.4,58.8,,,,,0.0,0.0,0.0,0,0,,,,,,0.0,0.0,0.0,0,0,0,28.59,,0,0,0,67.8,68.5,67.1,0.20,0.19,0.09
CLYM,2017-08-21 04:05:00 EDT,42.02447,-79.62408,1477,59.4,60.7,59.4,97.3,58.7,,,,,0.5,1.1,0.4,183,6,,,,,,0.5,1.1,0.4,183,6,0,28.60,,0,0,0,67.8,68.5,67.1,0.20,0.19,0.09
CLYM,2017-08-21 04:10:00 EDT,42.02447,-79.62408,1477,59.5,60.6,59.5,97.2,58.7,,,,,0.2,0.9,0.3,147,4,,,,,,0.2,0.9,0.3,147,4,0,28.59,,0,0,0,67.8,68.5,67.1,0.20,0.19,0.09
CLYM,2017-08-21 04:15:00 EDT,42.02447,-79.62408,1477,59.7,60.4,59.7,97.2,58.9,,,,,0.0,0.1,0.0,114,0,,,,,,0.0,0.1,0.0,114,0,0,28.59,,0,0,0,67.8,68.5,67.1,0.20,0.19,0.09
CLYM,2017-08-21 04:20:00 EDT,42.02447,-79.62408,1477,60.0,60.5,60.0,97.2,59.2,,,,,0.0,0.0,0.0,0,0,,,,,,0.0,0.0,0.0,0,0,0,28.60,,0,0,0,67.8,68.5,67.1,0.20,0.19,0.09
CLYM,2017-08-21 04:25:00 EDT,42.02447,-79.62408,1477,60.1,60.9,60.1,97.0,59.2,,,,,0.5,1.6,0.7,205,47,,,,,,0.5,1.6,0.7,205,47,0,28.60,,0,0,0,67.8,68.5,67.1,0.20,0.19,0.09
CLYM,2017-08-21 04:30:00 EDT,42.02447,-79.62408,1477,60.5,61.4,60.5,96.6,59.5,,,,,0.8,1.5,0.3,244,19,,,,,,0.8,1.5,0.3,244,19,0,28.60,,0,0,0,67.8,68.5,67.1,0.20,0.19,0.09
CLYM,2017-08-21 04:35:00 EDT,42.02447,-79.62408,1477,60.2,61.4,60.2,96.5,59.2,,,,,0.0,0.4,0.1,214,0,,,,,,0.0,0.4,0.1,214,0,0,28.60,,0,0,0,67.8,68.5,67.1,0.20,0.19,0.09
CLYM,2017-08-21 04:40:00 EDT,42.02447,-79.62408,1477,60.4,61.2,60.4,96.5,59.4,,,,,1.9,3.4,1.1,106,8,,,,,,1.9,3.4,1.1,106,8,0,28.60,,0,0,0,67.8,68.5,67.1,0.20,0.19,0.09
CLYM,2017-08-21 04:45:00 EDT,42.02447,-79.62408,1477,60.8,61.6,60.8,96.3,59.8,,,,,2.3,3.8,0.8,110,21,,,,,,2.3,3.8,0.8,110,21,0,28.59,,0,0,0,67.8,68.5,67.1,0.20,0.19,0.09
CLYM,2017-08-21 04:50:00 EDT,42.02447,-79.62408,1477,61.1,61.9,61.1,96.2,60.1,,,,,1.9,4.8,0.9,126,19,,,,,,1.9,4.8,0.9,126,19,0,28.59,,0,0,0,67.8,68.5,67.1,0.20,0.19,0.09
CLYM,2017-08-21 04:55:00 EDT,42.02447,-79.62408,1477,62.3,63.2,62.3,95.8,61.1,,,,,2.9,4.7,0.9,141,20,,,,,,2.9,4.7,0.9,141,20,0,28.59,,0,0,0,67.7,68.5,67.1,0.20,0.19,0.09
CLYM,2017-08-21 05:00:00 EDT,42.02447,-79.62408,1477,62.4,63.1,62.4,94.2,60.7,,,,,2.7,4.6,0.7,138,9,,,,,,2.7,4.6,0.7,138,9,0,28.59,,0,0,0,67.6,68.5,67.1,0.20,0.19,0.09
CLYM,2017-08-21 05:05:00 EDT,42.02447,-79.62408,1477,62.8,63.3,62.8,92.8,60.6,,,,,2.5,3.9,0.5,134,12,,,,,,2.5,3.9,0.5,134,12,0,28.59,,0,0,0,67.5,68.5,67.1,0.20,0.19,0.09
CLYM,2017-08-21 05:10:00 EDT,42.02447,-79.62408,1477,62.7,63.2,62.7,91.9,60.3,,,,,1.8,3.3,0.6,138,15,,,,,,1.8,3.3,0.6,138,15,0,28.60,,0,0,0,67.5,68.5,67.1,0.20,0.19,0.09
CLYM,2017-08-21 05:15:00 EDT,42.02447,-79.62408,1477,62.3,63.0,62.3,92.7,60.1,,,,,0.3,1.7,0.4,125,37,,,,,,0.3,1.7,0.4,125,37,0,28.60,,0,0,0,67.5,68.5,67.1,0.20,0.19,0.09
CLYM,2017-08-21 05:20:00 EDT,42.02447,-79.62408,1477,62.0,63.0,62.0,94.0,60.2,,,,,1.2,2.0,0.4,326,10,,,,,,1.2,2.0,0.4,326,10,0,28.60,,0,0,0,67.5,68.5,67.1,0.20,0.19,0.09
CLYM,2017-08-21 05:25:00 EDT,42.02447,-79.62408,1477,61.9,63.5,61.9,94.4,60.2,,,,,1.5,2.2,0.4,359,23,,,,,,1.5,2.2,0.4,359,23,0,28.60,,0,0,0,67.5,68.5,67.1,0.20,0.19,0.09
CLYM,2017-08-21 05:30:00 EDT,42.02447,-79.62408,1477,62.0,64.1,62.0,94.4,60.4,,,,,1.3,2.7,0.4,83,19,,,,,,1.3,2.7,0.4,83,19,0,28.59,,0,0,0,67.5,68.5,67.1,0.20,0.19,0.09
CLYM,2017-08-21 05:35:00 EDT,42.02447,-79.62408,1477,62.5,63.8,62.5,93.8,60.7,,,,,0.8,1.8,0.5,130,22,,,,,,0.8,1.8,0.5,130,22,0,28.59,,0,0,0,67.5,68.5,67.1,0.20,0.19,0.09
CLYM,2017-08-21 05:40:00 EDT,42.02447,-79.62408,1477,62.8,63.6,62.8,93.1,60.8,,,,,0.5,1.4,0.5,194,32,,,,,,0.5,1.4,0.5,194,32,0,28.59,,0,0,0,67.5,68.5,67.1,0.20,0.19,0.09
CLYM,2017-08-21 05:45:00 EDT,42.02447,-79.62408,1477,62.8,63.6,62.8,93.7,61.0,,,,,0.7,2.0,0.5,178,23,,,,,,0.7,2.0,0.5,178,23,0,28.59,,0,0,0,67.5,68.5,67.1,0.20,0.19,0.09
CLYM,2017-08-21 05:50:00 EDT,42.02447,-79.62408,1477,62.6,63.6,62.6,93.6,60.7,,,,,0.7,1.4,0.5,230,9,,,,,,0.7,1.4,0.5,230,9,0,28.59,,0,0,0,67.5,68.5,67.1,0.20,0.19,0.09
CLYM,2017-08-21 05:55:00 EDT,42.02447,-79.62408,1477,62.0,63.2,62.0,94.0,60.2,,,,,0.3,1.5,0.5,7,8,,,,,,0.3,1.5,0.5,7,8,0,28.59,,0,0,0,67.5,68.5,67.1,0.20,0.19,0.09
CLYM,2017-08-21 06:00:00 EDT,42.02447,-79.62408,1477,61.8,63.6,61.8,94.8,60.3,,,,,1.2,1.9,0.4,47,16,,,,,,1.2,1.9,0.4,47,16,0,28.59,,0,0,0,67.5,68.4,67.1,0.20,0.19,0.09
CLYM,2017-08-21 06:05:00 EDT,42.02447,-79.62408,1477,62.0,63.3,62.0,94.6,60.4,,,,,0.8,1.7,0.4,115,18,,,,,,0.8,1.7,0.4,115,18,0,28.59,,0,0,0,67.5,68.4,67.1,0.20,0.19,0.09
CLYM,2017-08-21 06:10:00 EDT,42.02447,-79.62408,1477,62.1,63.2,62.1,94.3,60.4,,,,,0.8,1.8,0.6,144,14,,,,,,0.8,1.8,0.6,144,14,0,28.59,,0,0,0,67.5,68.3,67.1,0.20,0.19,0.09
CLYM,2017-08-21 06:15:00 EDT,42.02447,-79.62408,1477,61.9,63.1,61.9,93.8,60.1,,,,,1.1,2.3,0.5,154,25,,,,,,1.1,2.3,0.5,154,25,0,28.59,,0,0,0,67.5,68.2,67.1,0.20,0.19,0.09
CLYM,2017-08-21 06:20:00 EDT,42.02447,-79.62408,1477,60.6,62.5,60.6,93.6,58.7,,,,,0.0,0.0,0.0,0,0,,,,,,0.0,0.0,0.0,0,0,0,28.59,,0,0,0,67.5,68.2,67.1,0.20,0.19,0.09
CLYM,2017-08-21 06:25:00 EDT,42.02447,-79.62408,1477,60.7,62.6,60.7,94.7,59.2,,,,,0.1,1.1,0.2,178,11,,,,,,0.1,1.1,0.2,178,11,1,28.59,,0,0,0,67.5,68.2,67.1,0.20,0.19,0.09
CLYM,2017-08-21 06:30:00 EDT,42.02447,-79.62408,1477,61.8,63.2,61.8,94.8,60.3,,,,,1.3,2.8,0.9,150,18,,,,,,1.3,2.8,0.9,150,18,1,28.59,,0,0,0,67.5,68.2,67.1,0.20,0.19,0.09
CLYM,2017-08-21 06:35:00 EDT,42.02447,-79.62408,1477,61.3,63.1,61.3,93.7,59.5,,,,,0.7,2.0,0.7,143,21,,,,,,0.7,2.0,0.7,143,21,2,28.59,,0,0,0,67.5,68.2,67.1,0.20,0.19,0.09
CLYM,2017-08-21 06:40:00 EDT,42.02447,-79.62408,1477,61.2,63.5,61.2,93.3,59.3,,,,,1.4,3.8,1.0,116,16,,,,,,1.4,3.8,1.0,116,16,3,28.59,,0,0,0,67.5,68.2,67.1,0.20,0.19,0.09
CLYM,2017-08-21 06:45:00 EDT,42.02447,-79.62408,1477,61.3,63.0,61.3,92.7,59.2,,,,,0.5,1.6,0.5,131,18,,,,,,0.5,1.6,0.5,131,18,4,28.59,,0,0,0,67.5,68.2,67.1,0.20,0.19,0.09
CLYM,2017-08-21 06:50:00 EDT,42.02447,-79.62408,1477,61.6,62.9,61.6,93.5,59.7,,,,,2.2,3.8,0.8,142,16,,,,,,2.2,3.8,0.8,142,16,4,28.59,,0,0,0,67.5,68.2,67.1,0.20,0.19,0.09
CLYM,2017-08-21 06:55:00 EDT,42.02447,-79.62408,1477,62.5,63.3,62.5,92.9,60.4,,,,,2.9,4.5,0.7,146,16,,,,,,2.9,4.5,0.7,146,16,6,28.59,,0,0,0,67.5,68.2,67.1,0.20,0.19,0.09
CLYM,2017-08-21 07:00:00 EDT,42.02447,-79.62408,1477,62.5,63.2,62.5,91.7,60.1,,,,,2.3,3.4,0.4,136,16,,,,,,2.3,3.4,0.4,136,16,7,28.59,,0,0,0,67.5,68.2,67.1,0.20,0.19,0.09
CLYM,2017-08-21 07:05:00 EDT,42.02447,-79.62408,1477,62.3,63.1,62.3,91.4,59.8,,,,,0.7,2.2,0.8,147,25,,,,,,0.7,2.2,0.8,147,25,9,28.59,,0,0,0,67.5,68.2,67.1,0.20,0.19,0.10
CLYM,2017-08-21 07:10:00 EDT,42.02447,-79.62408,1477,62.4,63.8,62.4,91.2,59.8,,,,,0.3,1.3,0.4,4,19,,,,,,0.3,1.3,0.4,4,19,16,28.59,,0,0,0,67.5,68.2,67.1,0.20,0.19,0.09
CLYM,2017-08-21 07:15:00 EDT,42.02447,-79.62408,1477,62.0,64.4,62.0,91.3,59.4,,,,,0.6,1.3,0.4,34,15,,,,,,0.6,1.3,0.4,34,15,22,28.58,,0,0,0,67.5,68.2,67.1,0.20,0.19,0.09
CLYM,2017-08-21 07:20:00 EDT,42.02447,-79.62408,1477,61.5,64.4,61.5,92.6,59.3,,,,,0.9,1.8,0.6,143,11,,,,,,0.9,1.8,0.6,143,11,30,28.58,,0,0,0,67.5,68.2,67.1,0.20,0.19,0.09
CLYM,2017-08-21 07:25:00 EDT,42.02447,-79.62408,1477,61.6,64.1,61.6,93.6,59.7,,,,,1.5,2.9,0.6,104,22,,,,,,1.5,2.9,0.6,104,22,38,28.58,,0,0,0,67.5,68.2,67.1,0.20,0.19,0.09
CLYM,2017-08-21 07:30:00 EDT,42.02447,-79.62408,1477,61.7,64.1,61.7,93.4,59.8,,,,,1.5,2.9,0.5,77,19,,,,,,1.5,2.9,0.5,77,19,43,28.58,,0,0,0,67.5,68.2,67.1,0.20,0.19,0.09
CLYM,2017-08-21 07:35:00 EDT,42.02447,-79.62408,1477,63.2,64.3,63.2,92.0,60.8,,,,,0.6,3.2,0.7,53,21,,,,,,0.6,3.2,0.7,53,21,75,28.58,,0,0,0,67.5,68.2,67.1,0.20,0.19,0.09
CLYM,2017-08-21 07:40:00 EDT,42.02447,-79.62408,1477,64.2,64.9,64.2,88.8,60.8,,,,,0.5,2.8,0.7,80,12,,,,,,0.5,2.8,0.7,80,12,108,28.58,,0,0,0,67.5,68.2,67.1,0.20,0.19,0.09
CLYM,2017-08-21 07:45:00 EDT,42.02447,-79.62408,1477,64.6,65.0,64.6,87.8,60.9,,,,,0.2,1.5,0.4,124,16,,,,,,0.2,1.5,0.4,124,16,132,28.59,,0,0,0,67.4,68.2,67.1,0.20,0.19,0.10
CLYM,2017-08-21 07:50:00 EDT,42.02447,-79.62408,1477,65.2,65.3,65.2,86.6,61.1,,,,,0.7,2.0,0.5,265,15,,,,,,0.7,2.0,0.5,265,15,175,28.59,,0,0,0,67.4,68.2,67.1,0.20,0.19,0.09
CLYM,2017-08-21 07:55:00 EDT,42.02447,-79.62408,1477,65.9,65.8,65.9,83.9,60.9,,,,,0.6,1.5,0.5,258,16,,,,,,0.6,1.5,0.5,258,16,189,28.60,,0,0,0,67.4,68.2,67.1,0.20,0.19,0.10
CLYM,2017-08-21 08:00:00 EDT,42.02447,-79.62408,1477,66.5,66.2,66.5,83.7,61.4,,,,,0.3,1.6,0.5,240,13,,,,,,0.3,1.6,0.5,240,13,147,28.60,,0,0,0,67.3,68.2,67.1,0.20,0.19,0.09
CLYM,2017-08-21 08:05:00 EDT,42.02447,-79.62408,1477,66.6,66.4,66.6,81.3,60.7,,,,,0.5,1.8,0.7,304,5,,,,,,0.5,1.8,0.7,304,5,133,28.61,,0,0,0,67.3,68.2,67.1,0.20,0.19,0.09
CLYM,2017-08-21 08:10:00 EDT,42.02447,-79.62408,1477,66.7,66.5,66.7,82.8,61.3,,,,,0.6,1.2,0.4,338,31,,,,,,0.6,1.2,0.4,338,31,69,28.62,,0,0,0,67.3,68.2,67.1,0.20,0.19,0.09
CLYM,2017-08-21 08:15:00 EDT,42.02447,-79.62408,1477,66.8,66.3,66.8,85.6,62.3,,,,,1.3,1.6,0.2,60,5,,,,,,1.3,1.6,0.2,60,5,83,28.61,,0,0,0,67.2,68.2,67.1,0.20,0.19,0.09
CLYM,2017-08-21 08:20:00 EDT,42.02447,-79.62408,1477,67.1,66.7,67.1,85.3,62.6,,,,,1.3,3.7,0.8,22,43,,,,,,1.3,3.7,0.8,22,43,236,28.61,,0,0,0,67.2,68.2,67.1,0.20,0.19,0.09
CLYM,2017-08-21 08:25:00 EDT,42.02447,-79.62408,1477,67.7,67.4,67.7,84.8,63.0,,,,,1.5,3.8,1.1,13,60,,,,,,1.5,3.8,1.1,13,60,262,28.61,,0,0,0,67.2,68.2,67.1,0.20,0.19,0.09
CLYM,2017-08-21 08:30:00 EDT,42.02447,-79.62408,1477,68.9,68.7,68.9,82.9,63.5,,,,,2.3,3.7,0.8,154,19,,,,,,2.3,3.7,0.8,154,19,249,28.61,,0,0,0,67.2,68.2,67.1,0.20,0.19,0.10
CLYM,2017-08-21 08:35:00 EDT,42.02447,-79.62408,1477,69.3,69.0,69.3,81.6,63.5,,,,,1.7,2.7,0.6,155,21,,,,,,1.7,2.7,0.6,155,21,151,28.61,,0,0,0,67.2,68.2,67.1,0.20,0.19,0.09
CLYM,2017-08-21 08:40:00 EDT,42.02447,-79.62408,1477,69.8,69.5,69.8,82.0,64.0,,,,,1.5,2.6,0.4,158,16,,,,,,1.5,2.6,0.4,158,16,268,28.61,,0,0,0,67.3,68.2,67.1,0.20,0.19,0.10
CLYM,2017-08-21 08:45:00 EDT,42.02447,-79.62408,1477,70.5,70.2,70.5,78.3,63.4,,,,,2.3,3.1,0.4,165,12,,,,,,2.3,3.1,0.4,165,12,317,28.61,,0,0,0,67.2,68.2,67.1,0.20,0.19,0.10
CLYM,2017-08-21 08:50:00 EDT,42.02447,-79.62408,1477,70.8,70.7,70.8,76.2,63.0,,,,,3.5,5.6,0.7,150,14,,,,,,3.5,5.6,0.7,150,14,313,28.61,,0,0,0,67.2,68.2,67.1,0.20,0.19,0.10
CLYM,2017-08-21 08:55:00 EDT,42.02447,-79.62408,1477,71.1,70.9,71.1,77.8,63.8,,,,,2.0,3.4,0.7,138,16,,,,,,2.0,3.4,0.7,138,16,358,28.61,,0,0,0,67.3,68.2,67.1,0.20,0.19,0.10
CLYM,2017-08-21 09:00:00 EDT,42.02447,-79.62408,1477,71.7,71.4,71.7,77.3,64.2,,,,,2.4,4.6,1.0,199,35,,,,,,2.4,4.6,1.0,199,35,326,28.61,,0,0,0,67.3,68.1,67.1,0.20,0.19,0.10
CLYM,2017-08-21 09:05:00 EDT,42.02447,-79.62408,1477,72.3,71.9,72.3,76.2,64.4,,,,,4.6,7.6,1.2,193,16,,,,,,4.6,7.6,1.2,193,16,461,28.61,,0,0,0,67.3,68.1,67.1,0.20,0.19,0.09
CLYM,2017-08-21 09:10:00 EDT,42.02447,-79.62408,1477,73.2,72.7,73.2,75.6,65.0,,,,,4.9,8.5,1.4,192,19,,,,,,4.9,8.5,1.4,192,19,482,28.60,,0,0,0,67.4,68.0,67.1,0.20,0.19,0.10
CLYM,2017-08-21 09:15:00 EDT,42.02447,-79.62408,1477,73.2,72.8,73.2,73.5,64.2,,,,,5.7,9.2,1.6,215,15,,,,,,5.7,9.2,1.6,215,15,257,28.61,,0,0,0,67.4,68.0,67.1,0.20,0.19,0.10
CLYM,2017-08-21 09:20:00 EDT,42.02447,-79.62408,1477,72.8,72.7,72.8,74.9,64.4,,,,,5.3,8.0,1.4,204,16,,,,,,5.3,8.0,1.4,204,16,199,28.61,,0,0,0,67.5,67.9,67.1,0.20,0.19,0.10
CLYM,2017-08-21 09:25:00 EDT,42.02447,-79.62408,1477,73.2,72.9,73.2,75.1,64.8,,,,,5.7,7.7,1.0,201,12,,,,,,5.7,7.7,1.0,201,12,383,28.61,,0,0,0,67.5,67.9,67.1,0.20,0.19,0.10
CLYM,2017-08-21 09:30:00 EDT,42.02447,-79.62408,1477,73.7,73.3,73.7,73.9,64.9,,,,,3.7,5.6,0.9,203,14,,,,,,3.7,5.6,0.9,203,14,459,28.60,,0,0,0,67.5,67.9,67.1,0.20,0.19,0.10
CLYM,2017-08-21 09:35:00 EDT,42.02447,-79.62408,1477,73.9,73.3,73.9,73.8,65.0,,,,,4.4,7.2,1.3,195,18,,,,,,4.4,7.2,1.3,195,18,491,28.60,,0,0,0,67.5,67.8,67.1,0.20,0.19,0.10
CLYM,2017-08-21 09:40:00 EDT,42.02447,-79.62408,1477,73.9,73.3,73.9,74.3,65.2,,,,,5.2,7.4,1.1,185,19,,,,,,5.2,7.4,1.1,185,19,463,28.60,,0,0,0,67.5,67.8,67.1,0.20,0.19,0.09
CLYM,2017-08-21 09:45:00 EDT,42.02447,-79.62408,1477,74.3,73.7,74.3,74.4,65.6,,,,,4.4,7.7,1.1,185,17,,,,,,4.4,7.7,1.1,185,17,518,28.60,,0,0,0,67.5,67.8,67.1,0.20,0.19,0.10
CLYM,2017-08-21 09:50:00 EDT,42.02447,-79.62408,1477,74.0,73.5,74.0,72.4,64.6,,,,,5.4,7.2,0.9,208,24,,,,,,5.4,7.2,0.9,208,24,393,28.60,,0,0,0,67.5,67.8,67.1,0.20,0.19,0.10
CLYM,2017-08-21 09:55:00 EDT,42.02447,-79.62408,1477,74.3,73.8,74.3,75.2,65.9,,,,,4.0,6.8,1.1,167,18,,,,,,4.0,6.8,1.1,167,18,535,28.59,,0,0,0,67.5,67.8,67.1,0.20,0.19,0.10
CLYM,2017-08-21 10:00:00 EDT,42.02447,-79.62408,1477,74.8,74.1,74.8,73.8,65.9,,,,,4.8,7.5,1.1,146,19,,,,,,4.8,7.5,1.1,146,19,518,28.59,,0,0,0,67.5,67.8,67.1,0.20,0.19,0.09
CLYM,2017-08-21 10:05:00 EDT,42.02447,-79.62408,1477,75.0,74.3,75.0,73.4,66.0,,,,,4.3,7.7,1.8,158,16,,,,,,4.3,7.7,1.8,158,16,531,28.59,,0,0,0,67.5,67.8,67.1,0.20,0.19,0.10
CLYM,2017-08-21 10:10:00 EDT,42.02447,-79.62408,1477,75.5,74.7,75.5,72.9,66.2,,,,,2.8,6.9,1.7,153,30,,,,,,2.8,6.9,1.7,153,30,552,28.59,,0,0,0,67.5,67.8,67.1,0.20,0.19,0.09
CLYM,2017-08-21 10:15:00 EDT,42.02447,-79.62408,1477,75.2,74.6,75.2,72.8,65.9,,,,,4.8,8.5,1.4,169,13,,,,,,4.8,8.5,1.4,169,13,557,28.59,,0,0,0,67.8,67.8,67.1,0.20,0.19,0.10
CLYM,2017-08-21 10:20:00 EDT,42.02447,-79.62408,1477,75.8,75.0,75.8,72.3,66.2,,,,,2.9,5.9,1.2,165,21,,,,,,2.9,5.9,1.2,165,21,567,28.59,,0,0,0,67.8,67.8,67.1,0.20,0.19,0.09
CLYM,2017-08-21 10:25:00 EDT,42.02447,-79.62408,1477,75.5,75.0,75.5,72.0,65.8,,,,,3.6,5.3,0.9,177,12,,,,,,3.6,5.3,0.9,177,12,579,28.59,,0,0,0,67.8,67.8,67.1,0.20,0.19,0.10
CLYM,2017-08-21 10:30:00 EDT,42.02447,-79.62408,1477,75.7,75.2,75.7,72.0,66.1,,,,,3.3,6.0,1.1,185,21,,,,,,3.3,6.0,1.1,185,21,591,28.59,,0,0,0,67.8,67.8,67.1,0.20,0.19,0.09
CLYM,2017-08-21 10:35:00 EDT,42.02447,-79.62408,1477,76.3,75.7,76.3,71.4,66.4,,,,,3.2,7.1,1.4,205,40,,,,,,3.2,7.1,1.4,205,40,608,28.59,,0,0,0,67.8,67.8,67.1,0.20,0.19,0.09
CLYM,2017-08-21 10:40:00 EDT,42.02447,-79.62408,1477,76.3,75.6,76.3,69.8,65.7,,,,,4.2,7.9,1.9,221,17,,,,,,4.2,7.9,1.9,221,17,621,28.59,,0,0,0,67.8,67.8,67.1,0.20,0.19,0.09
CLYM,2017-08-21 10:45:00 EDT,42.02447,-79.62408,1477,76.8,76.0,76.8,72.1,67.1,,,,,3.7,8.1,1.9,195,45,,,,,,3.7,8.1,1.9,195,45,629,28.59,,0,0,0,67.8,67.8,67.1,0.20,0.19,0.09
CLYM,2017-08-21 10:50:00 EDT,42.02447,-79.62408,1477,77.5,76.6,77.5,69.7,66.8,,,,,2.8,5.2,1.0,157,22,,,,,,2.8,5.2,1.0,157,22,644,28.59,,0,0,0,67.8,67.8,67.1,0.20,0.19,0.09
CLYM,2017-08-21 10:55:00 EDT,42.02447,-79.62408,1477,77.4,76.5,77.4,69.4,66.7,,,,,4.2,6.9,1.6,215,19,,,,,,4.2,6.9,1.6,215,19,653,28.59,,0,0,0,68.1,67.8,67.1,0.20,0.19,0.09
CLYM,2017-08-21 11:00:00 EDT,42.02447,-79.62408,1477,77.7,77.1,77.7,69.9,67.1,,,,,5.2,7.7,1.4,239,24,,,,,,5.2,7.7,1.4,239,24,665,28.59,,0,0,0,68.2,67.8,67.1,0.20,0.19,0.09
CLYM,2017-08-21 11:05:00 EDT,42.02447,-79.62408,1477,77.7,77.0,77.7,69.4,66.9,,,,,4.5,6.8,1.3,237,27,,,,,,4.5,6.8,1.3,237,27,673,28.59,,0,0,0,68.2,67.8,67.1,0.20,0.19,0.09
CLYM,2017-08-21 11:10:00 EDT,42.02447,-79.62408,1477,78.2,77.4,78.2,70.2,67.7,,,,,6.1,10.3,2.3,226,24,,,,,,6.1,10.3,2.3,226,24,689,28.59,,0,0,0,68.2,67.8,67.1,0.20,0.19,0.09
CLYM,2017-08-21 11:15:00 EDT,42.02447,-79.62408,1477,78.3,77.4,78.3,70.2,67.7,,,,,6.6,9.1,1.2,209,13,,,,,,6.6,9.1,1.2,209,13,703,28.59,,0,0,0,68.2,67.8,67.1,0.20,0.19,0.09
CLYM,2017-08-21 11:20:00 EDT,42.02447,-79.62408,1477,78.7,78.0,78.7,69.9,68.1,,,,,6.8,10.6,1.3,211,13,,,,,,6.8,10.6,1.3,211,13,711,28.59,,0,0,0,68.3,67.8,67.1,0.20,0.19,0.09
CLYM,2017-08-21 11:25:00 EDT,42.02447,-79.62408,1477,78.8,78.1,78.8,69.5,68.0,,,,,6.4,9.0,1.3,217,20,,,,,,6.4,9.0,1.3,217,20,678,28.59,,0,0,0,68.5,67.8,67.1,0.20,0.19,0.09
CLYM,2017-08-21 11:30:00 EDT,42.02447,-79.62408,1477,78.7,78.0,78.7,69.2,67.8,,,,,5.0,7.0,1.1,204,28,,,,,,5.0,7.0,1.1,204,28,615,28.59,,0,0,0,68.5,67.8,67.1,0.20,0.19,0.09
CLYM,2017-08-21 11:35:00 EDT,42.02447,-79.62408,1477,78.7,78.3,78.7,66.3,66.5,,,,,6.8,10.5,1.7,256,13,,,,,,6.8,10.5,1.7,256,13,569,28.59,,0,0,0,68.5,67.8,67.1,0.20,0.19,0.09
CLYM,2017-08-21 11:40:00 EDT,42.02447,-79.62408,1477,79.3,78.8,79.3,65.9,66.9,,,,,7.7,11.0,1.7,257,16,,,,,,7.7,11.0,1.7,257,16,645,28.59,,0,0,0,68.5,67.8,67.1,0.20,0.19,0.09
CLYM,2017-08-21 11:45:00 EDT,42.02447,-79.62408,1477,79.1,78.6,79.1,64.7,66.2,,,,,8.0,12.2,2.0,258,18,,,,,,8.0,12.2,2.0,258,18,543,28.59,,0,0,0,68.6,67.8,67.1,0.20,0.19,0.09
CLYM,2017-08-21 11:50:00 EDT,42.02447,-79.62408,1477,79.4,78.8,79.4,64.7,66.5,,,,,9.7,13.5,1.8,264,9,,,,,,9.7,13.5,1.8,264,9,617,28.59,,0,0,0,68.8,67.8,67.1,0.20,0.19,0.09
CLYM,2017-08-21 11:55:00 EDT,42.02447,-79.62408,1477,79.2,78.6,79.2,64.4,66.1,,,,,7.8,11.5,2.1,262,12,,,,,,7.8,11.5,2.1,262,12,494,28.59,,0,0,0,68.9,67.8,67.1,0.20,0.19,0.09
CLYM,2017-08-21 12:00:00 EDT,42.02447,-79.62408,1477,79.6,79.0,79.6,65.6,67.1,,,,,7.8,10.3,1.3,266,16,,,,,,7.8,10.3,1.3,266,16,691,28.59,,0,0,0,68.9,67.8,67.1,0.20,0.19,0.09
CLYM,2017-08-21 12:05:00 EDT,42.02447,-79.62408,1477,80.3,79.2,83.2,68.0,68.8,,,,,9.8,14.0,1.8,296,14,,,,,,9.8,14.0,1.8,296,14,827,28.59,,0,0,0,68.9,67.8,67.1,0.20,0.19,0.09
CLYM,2017-08-21 12:10:00 EDT,42.02447,-79.62408,1477,80.0,78.9,80.0,66.2,67.7,,,,,10.7,15.1,1.8,299,8,,,,,,10.7,15.1,1.8,299,8,720,28.59,,0,0,0,69.0,67.8,67.1,0.20,0.19,0.09
CLYM,2017-08-21 12:15:00 EDT,42.02447,-79.62408,1477,80.2,79.1,82.8,66.7,68.1,,,,,8.7,13.4,1.8,289,14,,,,,,8.7,13.4,1.8,289,14,631,28.58,,0,0,0,69.2,67.8,67.1,0.20,0.19,0.09
CLYM,2017-08-21 12:20:00 EDT,42.02447,-79.62408,1477,79.7,79.0,79.7,63.5,66.2,,,,,8.5,13.2,1.5,275,14,,,,,,8.5,13.2,1.5,275,14,813,28.58,,0,0,0,69.3,67.8,67.1,0.20,0.19,0.09
CLYM,2017-08-21 12:25:00 EDT,42.02447,-79.62408,1477,80.4,79.7,82.7,63.4,66.9,,,,,8.9,11.1,1.2,243,22,,,,,,8.9,11.1,1.2,243,22,730,28.58,,0,0,0,69.3,67.8,67.1,0.20,0.19,0.09
CLYM,2017-08-21 12:30:00 EDT,42.02447,-79.62408,1477,79.9,79.4,79.9,59.8,64.7,,,,,7.2,10.9,1.5,248,12,,,,,,7.2,10.9,1.5,248,12,794,28.58,,0,0,0,69.3,67.8,67.1,0.20,0.19,0.09
CLYM,2017-08-21 12:35:00 EDT,42.02447,-79.62408,1477,80.1,79.5,81.9,60.0,64.9,,,,,5.0,9.6,1.8,238,20,,,,,,5.0,9.6,1.8,238,20,581,28.58,,0,0,0,69.3,67.8,67.1,0.20,0.19,0.09
CLYM,2017-08-21 12:40:00 EDT,42.02447,-79.62408,1477,80.6,79.9,82.4,58.8,64.9,,,,,6.7,9.8,1.8,247,21,,,,,,6.7,9.8,1.8,247,21,804,28.58,,0,0,0,69.5,67.8,67.1,0.20,0.19,0.09
CLYM,2017-08-21 12:45:00 EDT,42.02447,-79.62408,1477,81.2,80.5,83.4,60.4,66.2,,,,,6.5,11.5,2.5,256,20,,,,,,6.5,11.5,2.5,256,20,905,28.58,,0,0,0,69.6,67.8,67.1,0.20,0.19,0.09
CLYM,2017-08-21 12:50:00 EDT,42.02447,-79.62408,1477,81.7,80.8,83.9,59.2,66.1,,,,,8.5,12.7,1.6,271,16,,,,,,8.5,12.7,1.6,271,16,823,28.58,,0,0,0,69.6,67.8,67.1,0.20,0.19,0.09
CLYM,2017-08-21 12:55:00 EDT,42.02447,-79.62408,1477,81.1,80.4,82.9,57.7,64.8,,,,,8.8,15.0,1.9,275,16,,,,,,8.8,15.0,1.9,275,16,709,28.58,,0,0,0,69.6,67.8,67.1,0.20,0.19,0.09
CLYM,2017-08-21 13:00:00 EDT,42.02447,-79.62408,1477,81.9,81.0,83.8,57.4,65.4,,,,,9.9,14.1,1.8,287,13,,,,,,9.9,14.1,1.8,287,13,777,28.58,,0,0,0,69.6,67.8,67.1,0.20,0.19,0.09
CLYM,2017-08-21 13:05:00 EDT,42.02447,-79.62408,1477,80.4,80.0,82.0,58.3,64.4,,,,,9.5,12.9,2.1,275,12,,,,,,9.5,12.9,2.1,275,12,281,28.58,,0,0,0,69.9,67.8,67.1,0.20,0.19,0.09
CLYM,2017-08-21 13:10:00 EDT,42.02447,-79.62408,1477,80.3,79.9,82.5,62.1,66.2,,,,,7.8,12.2,1.7,280,10,,,,,,7.8,12.2,1.7,280,10,437,28.58,,0,0,0,70.0,67.8,67.1,0.20,0.19,0.09
CLYM,2017-08-21 13:15:00 EDT,42.02447,-79.62408,1477,79.3,79.1,79.3,64.1,66.1,,,,,10.2,13.8,1.6,283,11,,,,,,10.2,13.8,1.6,283,11,163,28.58,,0,0,0,70.0,67.8,67.1,0.20,0.19,0.09
CLYM,2017-08-21 13:20:00 EDT,42.02447,-79.62408,1477,78.8,78.7,78.8,66.1,66.5,,,,,7.5,10.9,1.3,276,14,,,,,,7.5,10.9,1.3,276,14,337,28.58,,0,0,0,70.0,67.8,67.1,0.20,0.19,0.09
CLYM,2017-08-21 13:25:00 EDT,42.02447,-79.62408,1477,80.2,79.7,82.4,62.8,66.4,,,,,7.4,12.2,1.9,255,17,,,,,,7.4,12.2,1.9,255,17,828,28.58,,0,0,0,70.0,67.8,67.1,0.20,0.19,0.09
CLYM,2017-08-21 13:30:00 EDT,42.02447,-79.62408,1477,80.9,80.3,83.0,60.3,65.9,,,,,7.4,13.3,1.8,264,10,,,,,,7.4,13.3,1.8,264,10,860,28.58,,0,0,0,70.3,67.8,67.1,0.20,0.19,0.09
CLYM,2017-08-21 13:35:00 EDT,42.02447,-79.62408,1477,81.5,80.8,83.2,56.5,64.6,,,,,6.7,10.9,2.1,260,28,,,,,,6.7,10.9,2.1,260,28,715,28.58,,0,0,0,70.3,67.8,67.1,0.20,0.19,0.09
CLYM,2017-08-21 13:40:00 EDT,42.02447,-79.62408,1477,81.0,80.3,82.9,59.5,65.5,,,,,8.4,11.8,1.7,276,9,,,,,,8.4,11.8,1.7,276,9,698,28.58,,0,0,0,70.3,67.8,67.0,0.20,0.19,0.09
CLYM,2017-08-21 13:45:00 EDT,42.02447,-79.62408,1477,81.4,80.6,83.4,58.6,65.5,,,,,8.5,11.4,1.7,291,14,,,,,,8.5,11.4,1.7,291,14,669,28.58,,0,0,0,70.3,67.8,67.0,0.20,0.19,0.09
CLYM,2017-08-21 13:50:00 EDT,42.02447,-79.62408,1477,81.8,81.2,83.4,56.1,64.6,,,,,7.4,12.1,2.0,264,18,,,,,,7.4,12.1,2.0,264,18,640,28.58,,0,0,0,70.4,67.8,67.0,0.19,0.19,0.09
CLYM,2017-08-21 13:55:00 EDT,42.02447,-79.62408,1477,81.7,81.2,83.4,56.2,64.6,,,,,6.9,10.5,1.5,270,19,,,,,,6.9,10.5,1.5,270,19,594,28.58,,0,0,0,70.7,67.8,67.0,0.19,0.19,0.09
CLYM,2017-08-21 14:00:00 EDT,42.02447,-79.62408,1477,81.1,80.6,83.2,59.8,65.8,,,,,8.9,11.4,1.6,281,10,,,,,,8.9,11.4,1.6,281,10,508,28.57,,0,0,0,70.7,67.8,66.9,0.20,0.19,0.09
CLYM,2017-08-21 14:05:00 EDT,42.02447,-79.62408,1477,80.4,80.0,82.6,61.6,66.0,,,,,9.1,11.3,1.2,280,11,,,,,,9.1,11.3,1.2,280,11,427,28.57,,0,0,0,70.7,67.8,66.9,0.20,0.19,0.09
CLYM,2017-08-21 14:10:00 EDT,42.02447,-79.62408,1477,80.1,79.7,82.0,60.7,65.3,,,,,9.4,13.7,1.5,291,10,,,,,,9.4,13.7,1.5,291,10,352,28.57,,0,0,0,70.7,67.8,67.0,0.20,0.19,0.09
CLYM,2017-08-21 14:15:00 EDT,42.02447,-79.62408,1477,80.1,79.9,82.0,60.4,65.2,,,,,7.2,11.3,1.4,288,10,,,,,,7.2,11.3,1.4,288,10,323,28.57,,0,0,0,70.7,67.8,67.0,0.20,0.19,0.09
CLYM,2017-08-21 14:20:00 EDT,42.02447,-79.62408,1477,79.9,79.7,79.9,60.0,64.7,,,,,8.3,13.2,1.6,279,10,,,,,,8.3,13.2,1.6,279,10,277,28.57,,0,0,0,70.7,67.8,67.0,0.20,0.19,0.09
CLYM,2017-08-21 14:25:00 EDT,42.02447,-79.62408,1477,79.4,79.4,79.4,62.9,65.7,,,,,7.4,11.4,1.8,276,14,,,,,,7.4,11.4,1.8,276,14,225,28.57,,0,0,0,71.0,67.8,67.0,0.20,0.19,0.09
CLYM,2017-08-21 14:30:00 EDT,42.02447,-79.62408,1477,78.9,78.9,78.9,64.7,66.0,,,,,7.0,10.3,1.3,273,13,,,,,,7.0,10.3,1.3,273,13,190,28.57,,0,0,0,71.1,67.8,67.0,0.20,0.19,0.09
CLYM,2017-08-21 14:35:00 EDT,42.02447,-79.62408,1477,78.2,78.5,78.2,65.3,65.7,,,,,6.1,9.3,1.0,283,9,,,,,,6.1,9.3,1.0,283,9,97,28.57,,0,0,0,71.1,67.8,67.0,0.20,0.19,0.09
CLYM,2017-08-21 14:40:00 EDT,42.02447,-79.62408,1477,78.0,78.2,78.0,66.2,65.9,,,,,4.9,7.9,1.0,280,9,,,,,,4.9,7.9,1.0,280,9,143,28.57,,0,0,0,71.1,67.8,67.0,0.20,0.19,0.09
CLYM,2017-08-21 14:45:00 EDT,42.02447,-79.62408,1477,77.9,78.0,77.9,67.2,66.1,,,,,3.9,5.8,0.7,280,10,,,,,,3.9,5.8,0.7,280,10,125,28.57,,0,0,0,71.1,67.8,67.0,0.20,0.19,0.09
CLYM,2017-08-21 14:50:00 EDT,42.02447,-79.62408,1477,78.0,78.0,78.0,68.4,66.8,,,,,3.4,4.6,0.4,274,10,,,,,,3.4,4.6,0.4,274,10,226,28.57,,0,0,0,71.1,67.8,67.0,0.20,0.19,0.09
CLYM,2017-08-21 14:55:00 EDT,42.02447,-79.62408,1477,78.4,78.3,78.4,66.7,66.4,,,,,3.9,5.6,0.7,276,11,,,,,,3.9,5.6,0.7,276,11,259,28.57,,0,0,0,71.4,67.8,67.0,0.20,0.19,0.09
CLYM,2017-08-21 15:00:00 EDT,42.02447,-79.62408,1477,78.7,78.4,78.7,67.3,66.9,,,,,4.0,5.6,0.8,273,10,,,,,,4.0,5.6,0.8,273,10,301,28.56,,0,0,0,71.4,67.8,66.9,0.20,0.19,0.09
CLYM,2017-08-21 15:05:00 EDT,42.02447,-79.62408,1477,78.8,78.5,78.8,68.4,67.5,,,,,3.7,5.3,0.7,276,11,,,,,,3.7,5.3,0.7,276,11,344,28.56,,0,0,0,71.4,67.8,67.0,0.19,0.19,0.09
CLYM,2017-08-21 15:10:00 EDT,42.02447,-79.62408,1477,79.3,78.8,79.3,68.8,68.1,,,,,4.4,6.7,1.1,299,15,,,,,,4.4,6.7,1.1,299,15,401,28.56,,0,0,0,71.4,67.8,67.0,0.19,0.19,0.09
CLYM,2017-08-21 15:15:00 EDT,42.02447,-79.62408,1477,79.4,78.8,79.4,68.4,68.1,,,,,5.0,6.8,0.7,290,12,,,,,,5.0,6.8,0.7,290,12,453,28.56,,0,0,0,71.4,67.9,67.0,0.19,0.19,0.09
CLYM,2017-08-21 15:20:00 EDT,42.02447,-79.62408,1477,79.6,78.9,79.6,68.3,68.2,,,,,5.3,7.7,1.2,287,16,,,,,,5.3,7.7,1.2,287,16,496,28.56,,0,0,0,71.4,67.9,67.0,0.19,0.19,0.09
CLYM,2017-08-21 15:25:00 EDT,42.02447,-79.62408,1477,79.6,79.0,79.6,68.6,68.4,,,,,6.4,9.3,1.4,297,13,,,,,,6.4,9.3,1.4,297,13,532,28.56,,0,0,0,71.4,68.0,66.9,0.19,0.19,0.09
CLYM,2017-08-21 15:30:00 EDT,42.02447,-79.62408,1477,79.6,78.9,79.6,68.0,68.1,,,,,6.2,8.7,1.4,289,11,,,,,,6.2,8.7,1.4,289,11,565,28.56,,0,0,0,71.4,68.0,66.9,0.19,0.19,0.09
CLYM,2017-08-21 15:35:00 EDT,42.02447,-79.62408,1477,79.8,78.9,79.8,70.0,69.2,,,,,4.5,9.2,2.2,297,16,,,,,,4.5,9.2,2.2,297,16,541,28.56,,0,0,0,71.4,68.1,66.9,0.19,0.19,0.09
CLYM,2017-08-21 15:40:00 EDT,42.02447,-79.62408,1477,80.3,79.1,83.3,68.5,69.0,,,,,6.9,9.6,1.0,310,9,,,,,,6.9,9.6,1.0,310,9,643,28.56,,0,0,0,71.5,68.2,67.0,0.20,0.19,0.09
CLYM,2017-08-21 15:45:00 EDT,42.02447,-79.62408,1477,79.9,79.0,79.9,68.1,68.4,,,,,5.2,7.7,1.2,304,11,,,,,,5.2,7.7,1.2,304,11,686,28.56,,0,0,0,71.5,68.2,66.9,0.20,0.19,0.09
CLYM,2017-08-21 15:50:00 EDT,42.02447,-79.62408,1477,81.0,79.9,84.2,67.9,69.4,,,,,4.8,8.9,2.3,296,27,,,,,,4.8,8.9,2.3,296,27,704,28.56,,0,0,0,71.5,68.2,66.9,0.20,0.19,0.09
CLYM,2017-08-21 15:55:00 EDT,42.02447,-79.62408,1477,80.7,79.8,83.3,64.2,67.5,,,,,4.9,10.0,2.0,273,21,,,,,,4.9,10.0,2.0,273,21,690,28.56,,0,0,0,71.7,68.2,67.0,0.20,0.19,0.09
CLYM,2017-08-21 16:00:00 EDT,42.02447,-79.62408,1477,80.3,79.7,82.3,61.4,65.8,,,,,7.2,13.1,2.0,258,10,,,,,,7.2,13.1,2.0,258,10,387,28.56,,0,0,0,71.8,68.2,66.9,0.20,0.19,0.09
CLYM,2017-08-21 16:05:00 EDT,42.02447,-79.62408,1477,79.6,79.2,79.6,64.8,66.7,,,,,4.8,8.8,1.7,248,12,,,,,,4.8,8.8,1.7,248,12,431,28.56,,0,0,0,71.8,68.2,67.0,0.20,0.19,0.09
CLYM,2017-08-21 16:10:00 EDT,42.02447,-79.62408,1477,80.3,79.6,83.1,66.7,68.2,,,,,5.9,9.5,1.6,284,24,,,,,,5.9,9.5,1.6,284,24,705,28.55,,0,0,0,71.8,68.2,67.0,0.20,0.19,0.09
CLYM,2017-08-21 16:15:00 EDT,42.02447,-79.62408,1477,80.5,79.7,82.9,64.3,67.3,,,,,5.1,8.8,1.9,270,25,,,,,,5.1,8.8,1.9,270,25,505,28.55,,0,0,0,71.8,68.2,67.0,0.20,0.19,0.09
CLYM,2017-08-21 16:20:00 EDT,42.02447,-79.62408,1477,81.2,80.2,83.8,62.8,67.3,,,,,6.5,9.4,1.5,296,12,,,,,,6.5,9.4,1.5,296,12,635,28.55,,0,0,0,71.8,68.2,66.9,0.20,0.19,0.09
CLYM,2017-08-21 16:25:00 EDT,42.02447,-79.62408,1477,80.3,79.7,82.4,61.9,66.1,,,,,6.8,11.0,1.5,296,11,,,,,,6.8,11.0,1.5,296,11,396,28.55,,0,0,0,71.8,68.2,66.9,0.19,0.19,0.09
CLYM,2017-08-21 16:30:00 EDT,42.02447,-79.62408,1477,80.5,79.7,83.0,64.8,67.5,,,,,4.4,6.4,1.0,286,17,,,,,,4.4,6.4,1.0,286,17,680,28.55,,0,0,0,71.8,68.2,67.0,0.19,0.19,0.09
CLYM,2017-08-21 16:35:00 EDT,42.02447,-79.62408,1477,80.4,79.7,82.9,64.1,67.2,,,,,3.7,6.4,1.7,329,17,,,,,,3.7,6.4,1.7,329,17,287,28.55,,0,0,0,71.8,68.2,66.9,0.20,0.19,0.09
CLYM,2017-08-21 16:40:00 EDT,42.02447,-79.62408,1477,79.5,79.5,79.5,65.3,66.9,,,,,5.4,8.3,1.2,258,31,,,,,,5.4,8.3,1.2,258,31,112,28.55,,0,0,0,71.8,68.2,67.0,0.20,0.19,0.09
CLYM,2017-08-21 16:45:00 EDT,42.02447,-79.62408,1477,79.7,79.7,79.7,61.7,65.4,,,,,4.7,6.9,1.1,239,19,,,,,,4.7,6.9,1.1,239,19,187,28.55,,0,0,0,72.0,68.2,67.0,0.20,0.19,0.09
CLYM,2017-08-21 16:50:00 EDT,42.02447,-79.62408,1477,80.0,79.8,82.0,61.9,65.8,,,,,4.9,7.3,1.0,232,12,,,,,,4.9,7.3,1.0,232,12,297,28.55,,0,0,0,72.3,68.2,67.0,0.20,0.19,0.09
CLYM,2017-08-21 16:55:00 EDT,42.02447,-79.62408,1477,80.1,79.8,82.2,62.3,66.1,,,,,3.2,4.9,0.9,221,15,,,,,,3.2,4.9,0.9,221,15,248,28.55,,0,0,0,72.3,68.2,67.0,0.20,0.19,0.09
CLYM,2017-08-21 17:00:00 EDT,42.02447,-79.62408,1477,79.9,79.8,79.9,63.5,66.4,,,,,2.8,5.7,1.0,252,26,,,,,,2.8,5.7,1.0,252,26,190,28.55,,0,0,0,72.3,68.2,66.9,0.20,0.19,0.09
CLYM,2017-08-21 17:05:00 EDT,42.02447,-79.62408,1477,80.7,80.2,83.2,63.4,67.2,,,,,4.3,8.6,1.5,293,13,,,,,,4.3,8.6,1.5,293,13,593,28.55,,0,0,0,72.3,68.2,67.0,0.20,0.19,0.09
CLYM,2017-08-21 17:10:00 EDT,42.02447,-79.62408,1477,81.1,80.4,83.5,62.0,66.8,,,,,7.4,9.9,1.1,279,8,,,,,,7.4,9.9,1.1,279,8,552,28.55,,0,0,0,72.3,68.4,67.0,0.20,0.19,0.09
CLYM,2017-08-21 17:15:00 EDT,42.02447,-79.62408,1477,81.2,80.5,83.3,59.7,65.8,,,,,6.2,9.9,1.1,285,8,,,,,,6.2,9.9,1.1,285,8,498,28.55,,0,0,0,72.3,68.4,67.0,0.20,0.19,0.09
CLYM,2017-08-21 17:20:00 EDT,42.02447,-79.62408,1477,81.4,80.8,83.4,58.6,65.5,,,,,5.7,8.8,1.3,283,16,,,,,,5.7,8.8,1.3,283,16,480,28.55,,0,0,0,72.3,68.5,67.0,0.19,0.19,0.09
CLYM,2017-08-21 17:25:00 EDT,42.02447,-79.62408,1477,80.9,80.6,82.6,57.7,64.6,,,,,5.4,10.0,1.8,278,16,,,,,,5.4,10.0,1.8,278,16,191,28.55,,0,0,0,72.3,68.5,67.0,0.19,0.19,0.09
CLYM,2017-08-21 17:30:00 EDT,42.02447,-79.62408,1477,80.3,80.4,81.7,55.3,62.8,,,,,6.9,9.5,1.0,270,14,,,,,,6.9,9.5,1.0,270,14,284,28.54,,0,0,0,72.3,68.5,67.0,0.19,0.19,0.09
CLYM,2017-08-21 17:35:00 EDT,42.02447,-79.62408,1477,81.1,80.9,82.4,54.9,63.3,,,,,6.1,9.4,1.6,220,17,,,,,,6.1,9.4,1.6,220,17,279,28.55,,0,0,0,72.3,68.5,67.0,0.19,0.19,0.09
CLYM,2017-08-21 17:40:00 EDT,42.02447,-79.62408,1477,80.5,80.6,82.0,56.8,63.8,,,,,7.2,10.4,1.3,213,13,,,,,,7.2,10.4,1.3,213,13,238,28.55,,0,0,0,72.3,68.5,67.0,0.19,0.19,0.09
CLYM,2017-08-21 17:45:00 EDT,42.02447,-79.62408,1477,80.6,80.6,82.2,57.3,64.1,,,,,5.3,8.5,1.0,207,10,,,,,,5.3,8.5,1.0,207,10,206,28.55,,0,0,0,72.3,68.5,67.1,0.19,0.19,0.09
CLYM,2017-08-21 17:50:00 EDT,42.02447,-79.62408,1477,81.0,80.8,82.7,57.2,64.4,,,,,3.8,6.2,1.1,237,18,,,,,,3.8,6.2,1.1,237,18,364,28.54,,0,0,0,72.3,68.5,67.0,0.19,0.19,0.09
CLYM,2017-08-21 17:55:00 EDT,42.02447,-79.62408,1477,81.4,81.1,82.8,55.3,63.8,,,,,4.7,6.0,0.8,255,15,,,,,,4.7,6.0,0.8,255,15,348,28.54,,0,0,0,72.3,68.5,67.1,0.19,0.19,0.09
CLYM,2017-08-21 18:00:00 EDT,42.02447,-79.62408,1477,81.5,81.3,83.0,55.3,63.9,,,,,5.2,8.0,1.3,249,19,,,,,,5.2,8.0,1.3,249,19,329,28.54,,0,0,0,72.3,68.5,67.1,0.19,0.19,0.09
CLYM,2017-08-21 18:05:00 EDT,42.02447,-79.62408,1477,81.3,81.1,82.6,54.1,63.1,,,,,5.0,7.8,1.2,257,15,,,,,,5.0,7.8,1.2,257,15,317,28.54,,0,0,0,72.4,68.5,67.1,0.19,0.19,0.09
CLYM,2017-08-21 18:10:00 EDT,42.02447,-79.62408,1477,81.3,81.2,82.4,53.0,62.5,,,,,6.0,9.1,1.3,220,13,,,,,,6.0,9.1,1.3,220,13,299,28.54,,0,0,0,72.6,68.5,67.1,0.19,0.19,0.09
CLYM,2017-08-21 18:15:00 EDT,42.02447,-79.62408,1477,81.1,81.2,82.3,53.5,62.6,,,,,5.4,9.0,1.4,226,16,,,,,,5.4,9.0,1.4,226,16,177,28.54,,0,0,0,72.6,68.5,67.1,0.19,0.19,0.09
CLYM,2017-08-21 18:20:00 EDT,42.02447,-79.62408,1477,80.2,80.7,81.6,55.3,62.8,,,,,4.0,5.6,0.9,235,23,,,,,,4.0,5.6,0.9,235,23,101,28.54,,0,0,0,72.7,68.5,67.1,0.19,0.19,0.09
CLYM,2017-08-21 18:25:00 EDT,42.02447,-79.62408,1477,79.7,80.4,79.7,55.4,62.3,,,,,3.6,4.7,0.5,265,13,,,,,,3.6,4.7,0.5,265,13,87,28.54,,0,0,0,72.7,68.5,67.1,0.19,0.19,0.09
CLYM,2017-08-21 18:30:00 EDT,42.02447,-79.62408,1477,79.6,80.2,79.6,55.7,62.3,,,,,3.0,4.1,0.5,265,7,,,,,,3.0,4.1,0.5,265,7,182,28.54,,0,0,0,72.7,68.5,67.1,0.19,0.19,0.09
CLYM,2017-08-21 18:35:00 EDT,42.02447,-79.62408,1477,80.0,80.2,81.2,54.5,62.1,,,,,3.3,5.8,1.0,244,15,,,,,,3.3,5.8,1.0,244,15,140,28.54,,0,0,0,72.7,68.5,67.1,0.19,0.19,0.09
CLYM,2017-08-21 18:40:00 EDT,42.02447,-79.62408,1477,79.4,79.9,79.4,55.5,62.1,,,,,2.7,4.8,0.7,259,15,,,,,,2.7,4.8,0.7,259,15,101,28.54,,0,0,0,72.7,68.5,67.1,0.19,0.19,0.09
CLYM,2017-08-21 18:45:00 EDT,42.02447,-79.62408,1477,78.9,79.4,78.9,57.3,62.6,,,,,1.6,2.3,0.4,260,10,,,,,,1.6,2.3,0.4,260,10,117,28.54,,0,0,0,72.7,68.5,67.1,0.19,0.19,0.09
CLYM,2017-08-21 18:50:00 EDT,42.02447,-79.62408,1477,78.5,79.4,78.5,58.9,62.9,,,,,1.7,2.8,0.6,264,9,,,,,,1.7,2.8,0.6,264,9,109,28.53,,0,0,0,72.7,68.5,67.1,0.19,0.19,0.09
CLYM,2017-08-21 18:55:00 EDT,42.02447,-79.62408,1477,78.0,78.7,78.0,64.0,64.9,,,,,0.1,1.0,0.3,237,4,,,,,,0.1,1.0,0.3,237,4,139,28.53,,0,0,0,72.7,68.5,67.1,0.19,0.19,0.09
CLYM,2017-08-21 19:00:00 EDT,42.02447,-79.62408,1477,77.8,79.0,77.8,65.7,65.4,,,,,0.5,1.5,0.5,139,9,,,,,,0.5,1.5,0.5,139,9,154,28.53,,0,0,0,72.7,68.5,67.1,0.19,0.19,0.09
CLYM,2017-08-21 19:05:00 EDT,42.02447,-79.62408,1477,78.5,79.2,78.5,63.7,65.2,,,,,0.4,0.8,0.2,150,16,,,,,,0.4,0.8,0.2,150,16,148,28.53,,0,0,0,72.7,68.5,67.1,0.19,0.19,0.09
CLYM,2017-08-21 19:10:00 EDT,42.02447,-79.62408,1477,79.1,78.8,79.1,62.9,65.4,,,,,0.6,1.3,0.4,126,15,,,,,,0.6,1.3,0.4,126,15,112,28.53,,0,0,0,72.7,68.5,67.1,0.19,0.19,0.09
CLYM,2017-08-21 19:15:00 EDT,42.02447,-79.62408,1477,77.6,77.9,77.6,70.3,67.2,,,,,1.0,1.8,0.3,113,14,,,,,,1.0,1.8,0.3,113,14,91,28.53,,0,0,0,72.7,68.5,67.1,0.19,0.19,0.09
CLYM,2017-08-21 19:20:00 EDT,42.02447,-79.62408,1477,77.0,77.5,77.0,72.4,67.4,,,,,1.7,2.7,0.3,120,10,,,,,,1.7,2.7,0.3,120,10,72,28.53,,0,0,0,72.7,68.5,67.1,0.19,0.19,0.09
CLYM,2017-08-21 19:25:00 EDT,42.02447,-79.62408,1477,76.0,77.3,76.0,74.9,67.5,,,,,1.6,2.0,0.2,114,5,,,,,,1.6,2.0,0.2,114,5,58,28.53,,0,0,0,72.7,68.5,67.1,0.19,0.19,0.09
CLYM,2017-08-21 19:30:00 EDT,42.02447,-79.62408,1477,74.9,77.0,74.9,76.4,67.0,,,,,2.1,2.4,0.2,111,4,,,,,,2.1,2.4,0.2,111,4,56,28.53,,0,0,0,72.7,68.5,67.1,0.19,0.19,0.09
CLYM,2017-08-21 19:35:00 EDT,42.02447,-79.62408,1477,74.4,77.2,74.4,75.4,66.1,,,,,2.1,2.6,0.2,116,5,,,,,,2.1,2.6,0.2,116,5,41,28.53,,0,0,0,72.6,68.6,67.1,0.19,0.19,0.09
CLYM,2017-08-21 19:40:00 EDT,42.02447,-79.62408,1477,74.2,77.4,74.2,75.5,66.0,,,,,2.2,2.8,0.3,110,5,,,,,,2.2,2.8,0.3,110,5,33,28.52,,0,0,0,72.5,68.6,67.1,0.19,0.19,0.09
CLYM,2017-08-21 19:45:00 EDT,42.02447,-79.62408,1477,73.2,77.1,73.2,75.5,64.9,,,,,1.4,2.0,0.3,113,9,,,,,,1.4,2.0,0.3,113,9,28,28.53,,0,0,0,72.4,68.7,67.1,0.19,0.19,0.09
CLYM,2017-08-21 19:50:00 EDT,42.02447,-79.62408,1477,71.7,76.8,71.7,77.5,64.3,,,,,1.5,1.9,0.3,133,5,,,,,,1.5,1.9,0.3,133,5,20,28.52,,0,0,0,72.4,68.9,67.1,0.19,0.19,0.09
CLYM,2017-08-21 19:55:00 EDT,42.02447,-79.62408,1477,71.5,75.1,71.5,79.0,64.6,,,,,0.5,1.0,0.4,138,7,,,,,,0.5,1.0,0.4,138,7,14,28.52,,0,0,0,72.3,68.9,67.1,0.19,0.19,0.09
CLYM,2017-08-21 20:00:00 EDT,42.02447,-79.62408,1477,71.2,74.3,71.2,79.4,64.5,,,,,0.6,1.1,0.3,143,6,,,,,,0.6,1.1,0.3,143,6,11,28.52,,0,0,0,72.3,68.9,67.1,0.19,0.19,0.09
CLYM,2017-08-21 20:05:00 EDT,42.02447,-79.62408,1477,70.8,74.5,70.8,79.5,64.2,,,,,0.0,0.4,0.1,153,7,,,,,,0.0,0.4,0.1,153,7,7,28.52,,0,0,0,72.3,68.9,67.1,0.19,0.19,0.09
CLYM,2017-08-21 20:10:00 EDT,42.02447,-79.62408,1477,69.1,73.1,69.1,83.5,63.9,,,,,0.0,0.0,0.0,0,0,,,,,,0.0,0.0,0.0,0,0,3,28.52,,0,0,0,72.3,68.9,67.1,0.19,0.19,0.09
CLYM,2017-08-21 20:15:00 EDT,42.02447,-79.62408,1477,68.6,72.1,68.6,84.6,63.8,,,,,0.0,0.0,0.0,0,0,,,,,,0.0,0.0,0.0,0,0,2,28.52,,0,0,0,72.3,68.9,67.1,0.19,0.19,0.09
CLYM,2017-08-21 20:20:00 EDT,42.02447,-79.62408,1477,68.2,72.3,68.2,84.8,63.5,,,,,0.3,1.3,0.5,122,2,,,,,,0.3,1.3,0.5,122,2,1,28.53,,0,0,0,72.3,68.9,67.1,0.19,0.19,0.09
CLYM,2017-08-21 20:25:00 EDT,42.02447,-79.62408,1477,67.4,71.9,67.4,86.4,63.2,,,,,1.8,2.0,0.1,129,1,,,,,,1.8,2.0,0.1,129,1,1,28.53,,0,0,0,72.3,68.9,67.1,0.19,0.19,0.09
CLYM,2017-08-21 20:30:00 EDT,42.02447,-79.62408,1477,67.2,71.8,67.2,88.1,63.6,,,,,1.9,2.1,0.1,120,5,,,,,,1.9,2.1,0.1,120,5,0,28.53,,0,0,0,72.3,68.9,67.1,0.19,0.19,0.09
CLYM,2017-08-21 20:35:00 EDT,42.02447,-79.62408,1477,66.3,71.4,66.3,88.7,62.9,,,,,1.7,2.1,0.3,115,3,,,,,,1.7,2.1,0.3,115,3,0,28.53,,0,0,0,72.3,68.9,67.1,0.19,0.19,0.09
CLYM,2017-08-21 20:40:00 EDT,42.02447,-79.62408,1477,66.8,70.6,66.8,90.5,63.9,,,,,0.5,1.2,0.4,113,3,,,,,,0.5,1.2,0.4,113,3,0,28.53,,0,0,0,72.3,68.9,67.1,0.19,0.19,0.09
CLYM,2017-08-21 20:45:00 EDT,42.02447,-79.62408,1477,67.2,70.8,67.2,90.3,64.2,,,,,0.6,1.5,0.5,133,15,,,,,,0.6,1.5,0.5,133,15,0,28.53,,0,0,0,72.3,68.9,67.1,0.19,0.19,0.09
CLYM,2017-08-21 20:50:00 EDT,42.02447,-79.62408,1477,66.4,70.0,66.4,90.8,63.7,,,,,2.1,2.8,0.4,138,8,,,,,,2.1,2.8,0.4,138,8,0,28.53,,0,0,0,72.3,68.9,67.1,0.19,0.19,0.09
CLYM,2017-08-21 20:55:00 EDT,42.02447,-79.62408,1477,66.2,69.9,66.2,90.4,63.3,,,,,2.7,3.2,0.3,118,7,,,,,,2.7,3.2,0.3,118,7,0,28.53,,0,0,0,72.3,68.9,67.1,0.19,0.19,0.09
CLYM,2017-08-21 21:00:00 EDT,42.02447,-79.62408,1477,66.5,69.8,66.5,89.5,63.3,,,,,2.4,3.1,0.3,130,16,,,,,,2.4,3.1,0.3,130,16,0,28.53,,0,0,0,72.3,68.9,67.1,0.19,0.19,0.09
CLYM,2017-08-21 21:05:00 EDT,42.02447,-79.62408,1477,65.7,69.0,65.7,89.6,62.6,,,,,2.2,3.7,0.8,143,8,,,,,,2.2,3.7,0.8,143,8,0,28.54,,0,0,0,72.3,68.9,67.1,0.19,0.19,0.09
CLYM,2017-08-21 21:10:00 EDT,42.02447,-79.62408,1477,64.7,68.2,64.7,90.8,61.9,,,,,1.5,2.0,0.3,121,11,,,,,,1.5,2.0,0.3,121,11,0,28.54,,0,0,0,72.3,68.9,67.1,0.19,0.19,0.09
CLYM,2017-08-21 21:15:00 EDT,42.02447,-79.62408,1477,65.7,68.6,65.7,92.4,63.4,,,,,1.1,1.8,0.3,68,30,,,,,,1.1,1.8,0.3,68,30,0,28.54,,0,0,0,72.3,68.9,67.1,0.19,0.19,0.09
CLYM,2017-08-21 21:20:00 EDT,42.02447,-79.62408,1477,66.1,68.9,66.1,92.7,63.9,,,,,0.0,0.5,0.1,28,0,,,,,,0.0,0.5,0.1,28,0,0,28.54,,0,0,0,72.2,68.9,67.1,0.19,0.19,0.09
CLYM,2017-08-21 21:25:00 EDT,42.02447,-79.62408,1477,66.5,68.2,66.5,92.5,64.2,,,,,0.8,1.9,0.5,169,28,,,,,,0.8,1.9,0.5,169,28,0,28.53,,0,0,0,71.8,68.9,67.1,0.19,0.19,0.09
CLYM,2017-08-21 21:30:00 EDT,42.02447,-79.62408,1477,65.1,68.1,65.1,92.4,62.8,,,,,1.3,2.3,0.7,150,6,,,,,,1.3,2.3,0.7,150,6,0,28.53,,0,0,0,71.8,68.9,67.1,0.19,0.19,0.09
CLYM,2017-08-21 21:35:00 EDT,42.02447,-79.62408,1477,65.2,67.9,65.2,93.9,63.4,,,,,1.3,2.0,0.3,167,8,,,,,,1.3,2.0,0.3,167,8,0,28.54,,0,0,0,71.8,69.0,67.1,0.19,0.19,0.09
CLYM,2017-08-21 21:40:00 EDT,42.02447,-79.62408,1477,65.7,67.6,65.7,94.1,63.9,,,,,0.2,0.8,0.3,200,7,,,,,,0.2,0.8,0.3,200,7,0,28.54,,0,0,0,71.8,69.0,67.1,0.19,0.19,0.09
CLYM,2017-08-21 21:45:00 EDT,42.02447,-79.62408,1477,66.1,67.9,66.1,94.5,64.5,,,,,0.2,1.2,0.3,216,4,,,,,,0.2,1.2,0.3,216,4,0,28.54,,0,0,0,71.8,69.1,67.1,0.19,0.19,0.09
CLYM,2017-08-21 21:50:00 EDT,42.02447,-79.62408,1477,66.5,67.9,66.5,94.6,64.9,,,,,0.9,1.8,0.6,75,7,,,,,,0.9,1.8,0.6,75,7,0,28.54,,0,0,0,71.8,69.1,67.1,0.19,0.19,0.09
CLYM,2017-08-21 21:55:00 EDT,42.02447,-79.62408,1477,66.6,68.6,66.6,94.7,65.0,,,,,1.9,2.7,0.3,80,9,,,,,,1.9,2.7,0.3,80,9,0,28.54,,0,0,0,71.8,69.2,67.1,0.19,0.19,0.09
CLYM,2017-08-21 22:00:00 EDT,42.02447,-79.62408,1477,68.1,70.1,68.1,92.9,66.0,,,,,2.3,3.9,0.7,101,12,,,,,,2.3,3.9,0.7,101,12,0,28.54,,0,0,0,71.8,69.2,67.1,0.19,0.19,0.09
CLYM,2017-08-21 22:05:00 EDT,42.02447,-79.62408,1477,68.8,70.5,68.8,90.3,65.8,,,,,3.3,5.1,0.9,110,7,,,,,,3.3,5.1,0.9,110,7,0,28.54,,0,0,0,71.8,69.2,67.1,0.19,0.19,0.09
CLYM,2017-08-21 22:10:00 EDT,42.02447,-79.62408,1477,68.8,70.5,68.8,88.4,65.3,,,,,4.2,5.0,0.4,121,5,,,,,,4.2,5.0,0.4,121,5,0,28.54,,0,0,0,71.6,69.2,67.1,0.19,0.19,0.09
CLYM,2017-08-21 22:15:00 EDT,42.02447,-79.62408,1477,68.7,70.3,68.7,87.9,65.0,,,,,3.3,4.7,0.6,124,6,,,,,,3.3,4.7,0.6,124,6,0,28.54,,0,0,0,71.5,69.2,67.1,0.19,0.19,0.09
CLYM,2017-08-21 22:20:00 EDT,42.02447,-79.62408,1477,68.1,70.1,68.1,88.5,64.6,,,,,3.9,4.7,0.3,126,8,,,,,,3.9,4.7,0.3,126,8,0,28.54,,0,0,0,71.4,69.3,67.1,0.19,0.19,0.09
CLYM,2017-08-21 22:25:00 EDT,42.02447,-79.62408,1477,68.2,69.9,68.2,89.8,65.0,,,,,4.4,5.6,0.7,121,11,,,,,,4.4,5.6,0.7,121,11,0,28.54,,0,0,0,71.4,69.3,67.1,0.19,0.19,0.09
CLYM,2017-08-21 22:30:00 EDT,42.02447,-79.62408,1477,68.4,69.9,68.4,90.0,65.3,,,,,3.8,5.7,1.1,115,12,,,,,,3.8,5.7,1.1,115,12,0,28.53,,0,0,0,71.4,69.3,67.1,0.19,0.19,0.09
CLYM,2017-08-21 22:35:00 EDT,42.02447,-79.62408,1477,68.8,69.7,68.8,90.0,65.7,,,,,2.7,4.2,0.8,138,14,,,,,,2.7,4.2,0.8,138,14,0,28.53,,0,0,0,71.4,69.3,67.1,0.19,0.19,0.09
CLYM,2017-08-21 22:40:00 EDT,42.02447,-79.62408,1477,68.9,70.0,68.9,90.3,65.9,,,,,2.3,2.8,0.3,133,7,,,,,,2.3,2.8,0.3,133,7,0,28.53,,0,0,0,71.4,69.3,67.1,0.19,0.19,0.09
CLYM,2017-08-21 22:45:00 EDT,42.02447,-79.62408,1477,68.5,70.0,68.5,90.0,65.4,,,,,1.2,2.4,0.3,114,17,,,,,,1.2,2.4,0.3,114,17,0,28.53,,0,0,0,71.4,69.3,67.1,0.19,0.19,0.09
CLYM,2017-08-21 22:50:00 EDT,42.02447,-79.62408,1477,68.1,69.8,68.1,91.3,65.5,,,,,1.3,2.5,0.6,114,10,,,,,,1.3,2.5,0.6,114,10,0,28.53,,0,0,0,71.4,69.3,67.1,0.19,0.19,0.09
CLYM,2017-08-21 22:55:00 EDT,42.02447,-79.62408,1477,68.3,69.5,68.3,91.6,65.8,,,,,2.4,3.4,0.3,111,9,,,,,,2.4,3.4,0.3,111,9,0,28.53,,0,0,0,71.4,69.3,67.1,0.19,0.19,0.09
CLYM,2017-08-21 23:00:00 EDT,42.02447,-79.62408,1477,68.4,69.6,68.4,91.4,65.8,,,,,2.6,3.1,0.2,120,6,,,,,,2.6,3.1,0.2,120,6,0,28.53,,0,0,0,71.4,69.3,67.1,0.19,0.19,0.09
CLYM,2017-08-21 23:05:00 EDT,42.02447,-79.62408,1477,68.1,69.6,68.1,91.1,65.4,,,,,1.8,3.1,0.8,118,7,,,,,,1.8,3.1,0.8,118,7,0,28.53,,0,0,0,71.4,69.3,67.1,0.19,0.19,0.09
CLYM,2017-08-21 23:10:00 EDT,42.02447,-79.62408,1477,68.3,69.4,68.3,92.0,65.9,,,,,1.2,2.8,0.7,123,14,,,,,,1.2,2.8,0.7,123,14,0,28.53,,0,0,0,71.4,69.3,67.1,0.19,0.19,0.09
CLYM,2017-08-21 23:15:00 EDT,42.02447,-79.62408,1477,68.1,69.4,68.1,92.1,65.7,,,,,1.8,3.4,0.7,102,9,,,,,,1.8,3.4,0.7,102,9,0,28.52,,0,0,0,71.3,69.3,67.1,0.19,0.19,0.09
CLYM,2017-08-21 23:20:00 EDT,42.02447,-79.62408,1477,67.7,69.1,67.7,92.6,65.5,,,,,3.7,4.2,0.3,108,5,,,,,,3.7,4.2,0.3,108,5,0,28.52,,0,0,0,71.1,69.3,67.1,0.19,0.19,0.09
CLYM,2017-08-21 23:25:00 EDT,42.02447,-79.62408,1477,67.7,69.2,67.7,93.5,65.8,,,,,3.4,4.0,0.2,125,9,,,,,,3.4,4.0,0.2,125,9,0,28.52,,0,0,0,71.1,69.3,67.1,0.19,0.19,0.09
CLYM,2017-08-21 23:30:00 EDT,42.02447,-79.62408,1477,67.8,69.1,67.8,93.6,65.9,,,,,3.5,4.2,0.3,143,6,,,,,,3.5,4.2,0.3,143,6,0,28.52,,0,0,0,71.1,69.3,67.1,0.19,0.19,0.09
CLYM,2017-08-21 23:35:00 EDT,42.02447,-79.62408,1477,68.2,69.2,68.2,93.4,66.2,,,,,1.6,3.2,1.0,147,30,,,,,,1.6,3.2,1.0,147,30,0,28.52,,0,0,0,71.1,69.3,67.1,0.19,0.19,0.09
CLYM,2017-08-21 23:40:00 EDT,42.02447,-79.62408,1477,68.2,69.4,68.2,94.2,66.5,,,,,1.4,3.1,1.1,17,26,,,,,,1.4,3.1,1.1,17,26,0,28.52,,0,0,0,71.1,69.3,67.1,0.19,0.19,0.09
CLYM,2017-08-21 23:45:00 EDT,42.02447,-79.62408,1477,69.0,70.3,69.0,93.6,67.1,,,,,1.4,2.8,0.7,116,22,,,,,,1.4,2.8,0.7,116,22,0,28.51,,0,0,0,71.1,69.3,67.1,0.19,0.19,0.09
CLYM,2017-08-21 23:50:00 EDT,42.02447,-79.62408,1477,69.1,70.1,69.1,92.9,66.9,,,,,2.3,4.1,0.8,131,21,,,,,,2.3,4.1,0.8,131,21,0,28.51,,0,0,0,71.1,69.3,67.2,0.19,0.19,0.09
CLYM,2017-08-21 23:55:00 EDT,42.02447,-79.62408,1477,68.4,69.6,68.4,92.8,66.2,,,,,3.8,5.3,0.6,114,12,,,,,,3.8,5.3,0.6,114,12,0,28.51,,0,0,0,71.1,69.3,67.2,0.19,0.19,0.09
COBL,2017-08-21 00:00:00 EDT,42.67627,-74.50797,1076,59.3,61.9,59.3,95.3,57.9,0.000,0.000,0.00,0.000,0.5,2.0,0.6,229,24,0.7,2.1,0.6,237,27,0.5,2.0,0.6,229,24,0,29.02,,0,0,0,68.7,68.4,66.7,0.35,0.34,0.36
COBL,2017-08-21 00:05:00 EDT,42.67627,-74.50797,1076,60.1,61.8,60.1,95.5,58.8,0.000,0.000,0.00,0.000,0.7,1.6,0.6,232,11,0.9,1.7,0.5,238,13,0.7,1.6,0.6,232,11,0,29.02,,0,0,0,68.6,68.4,66.7,0.35,0.34,0.36
COBL,2017-08-21 00:10:00 EDT,42.67627,-74.50797,1076,59.7,61.8,59.7,94.3,58.0,0.000,0.000,0.00,0.000,0.8,1.8,0.6,330,11,1.0,2.3,0.7,338,12,0.8,1.8,0.6,330,11,0,29.02,,0,0,0,68.5,68.4,66.7,0.35,0.34,0.36
COBL,2017-08-21 00:15:00 EDT,42.67627,-74.50797,1076,60.0,62.7,60.0,93.9,58.2,0.000,0.000,0.00,0.000,0.6,1.8,0.6,287,14,1.0,1.9,0.5,293,18,0.6,1.8,0.6,287,14,0,29.02,,0,0,0,68.6,68.5,66.7,0.35,0.34,0.36
COBL,2017-08-21 00:20:00 EDT,42.67627,-74.50797,1076,60.2,62.6,60.2,92.3,58.0,0.000,0.000,0.00,0.000,0.8,1.8,0.5,276,15,1.1,2.0,0.5,282,15,0.8,1.8,0.5,276,15,0,29.02,,0,0,0,68.5,68.4,66.7,0.35,0.34,0.36
COBL,2017-08-21 00:25:00 EDT,42.67627,-74.50797,1076,60.4,63.2,60.4,91.7,58.0,0.000,0.000,0.00,0.000,1.8,3.1,0.5,279,16,2.0,3.0,0.5,289,12,1.8,3.1,0.5,279,16,0,29.02,,0,0,0,68.5,68.4,66.7,0.35,0.33,0.36
COBL,2017-08-21 00:30:00 EDT,42.67627,-74.50797,1076,61.0,63.6,61.0,91.0,58.3,0.000,0.000,0.00,0.000,1.8,2.5,0.3,264,13,2.0,2.7,0.3,273,10,1.8,2.5,0.3,264,13,0,29.03,,0,0,0,68.5,68.5,66.7,0.35,0.33,0.36
COBL,2017-08-21 00:35:00 EDT,42.67627,-74.50797,1076,61.0,63.6,61.0,90.1,58.0,0.000,0.000,0.00,0.000,1.7,3.3,0.6,263,20,2.0,3.4,0.6,272,17,1.7,3.3,0.6,263,20,0,29.03,,0,0,0,68.5,68.4,66.7,0.35,0.34,0.36
COBL,2017-08-21 00:40:00 EDT,42.67627,-74.50797,1076,60.2,63.1,60.2,90.6,57.5,0.000,0.000,0.00,0.000,1.3,1.9,0.3,267,20,1.5,2.1,0.3,274,18,1.3,1.9,0.3,267,20,0,29.03,,0,0,0,68.5,68.5,66.7,0.35,0.34,0.36
COBL,2017-08-21 00:45:00 EDT,42.67627,-74.50797,1076,59.6,62.5,59.6,91.7,57.2,0.000,0.000,0.00,0.000,0.8,1.8,0.6,306,17,1.1,2.1,0.5,313,22,0.8,1.8,0.6,306,17,0,29.03,,0,0,0,68.5,68.4,66.7,0.35,0.34,0.36
COBL,2017-08-21 00:50:00 EDT,42.67627,-74.50797,1076,59.8,62.5,59.8,93.4,57.9,0.000,0.000,0.00,0.000,1.1,1.9,0.5,327,10,1.3,2.0,0.5,333,11,1.1,1.9,0.5,327,10,0,29.03,,0,0,0,68.5,68.5,66.7,0.35,0.34,0.36
COBL,2017-08-21 00:55:00 EDT,42.67627,-74.50797,1076,60.2,62.3,60.2,91.5,57.7,0.000,0.000,0.00,0.000,0.9,2.0,0.5,327,7,1.1,2.1,0.5,329,10,0.9,2.0,0.5,327,7,0,29.03,,0,0,0,68.4,68.5,66.7,0.35,0.34,0.36
COBL,2017-08-21 01:00:00 EDT,42.67627,-74.50797,1076,59.1,61.2,59.1,92.6,57.0,0.000,0.000,0.00,0.000,0.6,1.8,0.6,323,6,0.8,2.0,0.7,327,8,0.6,1.8,0.6,323,6,0,29.03,,0,0,0,68.2,68.5,66.7,0.35,0.33,0.36
COBL,2017-08-21 01:05:00 EDT,42.67627,-74.50797,1076,59.7,61.4,59.7,94.5,58.1,0.000,0.000,0.00,0.000,0.3,1.1,0.4,349,2,0.5,1.6,0.6,350,11,0.3,1.1,0.4,349,2,0,29.02,,0,0,0,68.2,68.5,66.7,0.35,0.34,0.36
COBL,2017-08-21 01:10:00 EDT,42.67627,-74.50797,1076,60.4,61.6,60.4,93.8,58.6,0.000,0.000,0.00,0.000,0.4,1.4,0.5,246,15,0.9,1.6,0.4,255,28,0.4,1.4,0.5,246,15,0,29.02,,0,0,0,68.2,68.4,66.7,0.35,0.34,0.36
COBL,2017-08-21 01:15:00 EDT,42.67627,-74.50797,1076,60.6,61.7,60.6,93.7,58.8,0.000,0.000,0.00,0.000,0.7,1.4,0.4,247,10,1.0,1.6,0.3,250,15,0.7,1.4,0.4,247,10,0,29.03,,0,0,0,68.2,68.4,66.7,0.35,0.33,0.36
COBL,2017-08-21 01:20:00 EDT,42.67627,-74.50797,1076,60.0,61.7,60.0,92.5,57.8,0.000,0.000,0.00,0.000,1.0,2.4,0.7,268,13,1.3,2.6,0.7,274,15,1.0,2.4,0.7,268,13,0,29.03,,0,0,0,68.1,68.4,66.7,0.35,0.34,0.36
COBL,2017-08-21 01:25:00 EDT,42.67627,-74.50797,1076,60.4,61.8,60.4,93.3,58.4,0.000,0.000,0.00,0.000,1.0,1.7,0.3,247,13,1.3,1.9,0.3,256,13,1.0,1.7,0.3,247,13,0,29.03,,0,0,0,68.0,68.5,66.7,0.35,0.34,0.36
COBL,2017-08-21 01:30:00 EDT,42.67627,-74.50797,1076,60.4,61.7,60.4,93.1,58.4,0.000,0.000,0.00,0.000,1.2,1.7,0.3,258,16,1.4,1.9,0.2,262,16,1.2,1.7,0.3,258,16,0,29.03,,0,0,0,68.0,68.4,66.7,0.35,0.33,0.36
COBL,2017-08-21 01:35:00 EDT,42.67627,-74.50797,1076,61.2,63.1,61.2,91.6,58.7,0.000,0.000,0.00,0.000,2.0,2.8,0.4,254,13,2.2,2.9,0.4,260,10,2.0,2.8,0.4,254,13,0,29.02,,0,0,0,67.9,68.5,66.7,0.35,0.34,0.36
COBL,2017-08-21 01:40:00 EDT,42.67627,-74.50797,1076,61.2,63.4,61.2,89.5,58.1,0.000,0.000,0.00,0.000,2.0,2.9,0.5,251,15,2.2,3.0,0.4,260,12,2.0,2.9,0.5,251,15,0,29.02,,0,0,0,67.9,68.5,66.7,0.35,0.34,0.36
COBL,2017-08-21 01:45:00 EDT,42.67627,-74.50797,1076,61.2,63.6,61.2,89.8,58.2,0.000,0.000,0.00,0.000,1.9,2.8,0.3,260,15,2.1,2.9,0.3,267,10,1.9,2.8,0.3,260,15,0,29.02,,0,0,0,67.9,68.4,66.7,0.35,0.34,0.36
COBL,2017-08-21 01:50:00 EDT,42.67627,-74.50797,1076,61.5,63.9,61.5,89.2,58.3,0.000,0.000,0.00,0.000,1.4,2.3,0.4,261,16,1.6,2.5,0.4,269,14,1.4,2.3,0.4,261,16,0,29.02,,0,0,0,67.9,68.4,66.7,0.35,0.34,0.36
COBL,2017-08-21 01:55:00 EDT,42.67627,-74.50797,1076,60.9,64.0,60.9,90.0,58.0,0.000,0.000,0.00,0.000,1.7,2.5,0.4,256,14,1.9,2.8,0.4,263,12,1.7,2.5,0.4,256,14,0,29.02,,0,0,0,67.8,68.4,66.7,0.35,0.34,0.36
COBL,2017-08-21 02:00:00 EDT,42.67627,-74.50797,1076,60.5,63.4,60.5,92.4,58.3,0.000,0.000,0.00,0.000,1.1,2.2,0.6,246,19,1.4,2.5,0.6,254,19,1.1,2.2,0.6,246,19,0,29.02,,0,0,0,67.8,68.4,66.7,0.35,0.34,0.36
COBL,2017-08-21 02:05:00 EDT,42.67627,-74.50797,1076,60.5,62.6,60.5,92.4,58.3,0.000,0.000,0.00,0.000,1.1,1.6,0.2,247,14,1.3,1.8,0.2,253,12,1.1,1.6,0.2,247,14,0,29.02,,0,0,0,67.8,68.4,66.7,0.35,0.34,0.36
COBL,2017-08-21 02:10:00 EDT,42.67627,-74.50797,1076,60.8,63.1,60.8,92.9,58.7,0.000,0.000,0.00,0.000,1.2,1.6,0.2,255,16,1.4,1.8,0.2,262,17,1.2,1.6,0.2,255,16,0,29.02,,0,0,0,67.8,68.5,66.7,0.35,0.33,0.36
COBL,2017-08-21 02:15:00 EDT,42.67627,-74.50797,1076,60.3,62.3,60.3,91.6,57.8,0.000,0.000,0.00,0.000,0.9,1.5,0.4,233,25,1.1,2.0,0.4,239,23,0.9,1.5,0.4,233,25,0,29.02,,0,0,0,67.8,68.5,66.7,0.35,0.33,0.36
COBL,2017-08-21 02:20:00 EDT,42.67627,-74.50797,1076,60.1,61.5,60.1,93.0,58.0,0.000,0.000,0.00,0.000,1.1,2.0,0.5,251,36,1.3,2.1,0.4,259,37,1.1,2.0,0.5,251,36,0,29.02,,0,0,0,67.8,68.4,66.7,0.35,0.34,0.36
COBL,2017-08-21 02:25:00 EDT,42.67627,-74.50797,1076,60.0,62.7,60.0,93.1,58.0,0.000,0.000,0.00,0.000,1.6,3.3,0.6,287,15,1.8,2.9,0.6,296,12,1.6,3.3,0.6,287,15,0,29.02,,0,0,0,67.8,68.4,66.7,0.35,0.34,0.36
COBL,2017-08-21 02:30:00 EDT,42.67627,-74.50797,1076,59.9,62.4,59.9,93.5,58.0,0.000,0.000,0.00,0.000,2.1,3.0,0.6,291,14,2.3,3.1,0.5,302,11,2.1,3.0,0.6,291,14,0,29.02,,0,0,0,67.8,68.5,66.7,0.35,0.33,0.36
COBL,2017-08-21 02:35:00 EDT,42.67627,-74.50797,1076,60.7,63.5,60.7,92.4,58.4,0.000,0.000,0.00,0.000,1.7,2.8,0.5,273,24,1.9,2.6,0.4,284,23,1.7,2.8,0.5,273,24,0,29.02,,0,0,0,67.8,68.4,66.7,0.35,0.34,0.36
COBL,2017-08-21 02:40:00 EDT,42.67627,-74.50797,1076,61.0,63.4,61.0,91.3,58.4,0.000,0.000,0.00,0.000,1.8,2.9,0.5,263,18,2.0,3.2,0.5,271,17,1.8,2.9,0.5,263,18,0,29.02,,0,0,0,67.7,68.3,66.7,0.35,0.34,0.36
COBL,2017-08-21 02:45:00 EDT,42.67627,-74.50797,1076,60.6,63.0,60.6,91.5,58.2,0.000,0.000,0.00,0.000,1.5,2.3,0.4,282,17,1.7,2.3,0.3,291,18,1.5,2.3,0.4,282,17,0,29.02,,0,0,0,67.6,68.4,66.7,0.35,0.34,0.36
COBL,2017-08-21 02:50:00 EDT,42.67627,-74.50797,1076,61.2,63.2,61.2,91.0,58.5,0.000,0.000,0.00,0.000,2.0,3.6,0.6,236,19,2.1,3.1,0.5,247,19,2.0,3.6,0.6,236,19,0,29.02,,0,0,0,67.6,68.4,66.7,0.35,0.33,0.36
COBL,2017-08-21 02:55:00 EDT,42.67627,-74.50797,1076,60.8,62.8,60.8,91.5,58.3,0.000,0.000,0.00,0.000,1.7,2.6,0.4,265,18,1.9,2.7,0.4,273,19,1.7,2.6,0.4,265,18,0,29.02,,0,0,0,67.5,68.4,66.7,0.35,0.34,0.36
COBL,2017-08-21 03:00:00 EDT,42.67627,-74.50797,1076,61.1,63.1,61.1,91.6,58.6,0.000,0.000,0.00,0.000,2.3,4.2,0.5,249,10,2.5,4.1,0.5,258,10,2.3,4.2,0.5,249,10,0,29.03,,0,0,0,67.5,68.3,66.7,0.35,0.34,0.36
COBL,2017-08-21 03:05:00 EDT,42.67627,-74.50797,1076,61.1,63.1,61.1,91.0,58.4,0.000,0.000,0.00,0.000,2.5,4.6,0.7,242,19,2.6,4.4,0.6,252,17,2.5,4.6,0.7,242,19,0,29.03,,0,0,0,67.5,68.3,66.7,0.35,0.33,0.36
COBL,2017-08-21 03:10:00 EDT,42.67627,-74.50797,1076,61.1,62.8,61.1,91.5,58.6,0.000,0.000,0.00,0.000,2.4,3.7,0.6,240,18,2.5,3.9,0.7,250,14,2.4,3.7,0.6,240,18,0,29.03,,0,0,0,67.5,68.3,66.7,0.35,0.34,0.36
COBL,2017-08-21 03:15:00 EDT,42.67627,-74.50797,1076,60.9,62.7,60.9,90.7,58.2,0.000,0.000,0.00,0.000,2.1,3.5,0.5,248,15,2.2,3.6,0.5,256,10,2.1,3.5,0.5,248,15,0,29.03,,0,0,0,67.5,68.3,66.7,0.35,0.33,0.36
COBL,2017-08-21 03:20:00 EDT,42.67627,-74.50797,1076,60.6,62.7,60.6,91.4,58.1,0.000,0.000,0.00,0.000,1.7,2.3,0.3,248,12,1.9,2.6,0.3,255,10,1.7,2.3,0.3,248,12,0,29.03,,0,0,0,67.5,68.3,66.7,0.35,0.34,0.36
COBL,2017-08-21 03:25:00 EDT,42.67627,-74.50797,1076,60.8,62.6,60.8,91.8,58.4,0.000,0.000,0.00,0.000,2.1,2.8,0.3,231,13,2.1,2.5,0.2,240,11,2.1,2.8,0.3,231,13,0,29.03,,0,0,0,67.4,68.2,66.7,0.35,0.34,0.36
COBL,2017-08-21 03:30:00 EDT,42.67627,-74.50797,1076,61.5,62.8,61.5,91.7,59.0,0.000,0.000,0.00,0.000,2.8,4.1,0.4,234,7,2.6,3.7,0.5,241,6,2.8,4.1,0.4,234,7,0,29.03,,0,0,0,67.4,68.3,66.7,0.35,0.33,0.36
COBL,2017-08-21 03:35:00 EDT,42.67627,-74.50797,1076,61.6,62.9,61.6,89.8,58.6,0.000,0.000,0.00,0.000,2.9,5.0,0.7,225,7,2.7,4.4,0.6,233,6,2.9,5.0,0.7,225,7,0,29.03,,0,0,0,67.4,68.2,66.7,0.35,0.34,0.36
COBL,2017-08-21 03:40:00 EDT,42.67627,-74.50797,1076,61.2,62.3,61.2,90.6,58.4,0.000,0.000,0.00,0.000,2.0,2.6,0.3,238,14,2.0,2.7,0.3,245,13,2.0,2.6,0.3,238,14,0,29.03,,0,0,0,67.3,68.2,66.7,0.35,0.33,0.36
COBL,2017-08-21 03:45:00 EDT,42.67627,-74.50797,1076,61.9,63.7,61.9,90.8,59.2,0.000,0.000,0.00,0.000,2.7,4.5,0.6,253,13,2.9,4.5,0.7,263,11,2.7,4.5,0.6,253,13,0,29.03,,0,0,0,67.3,68.2,66.7,0.35,0.34,0.36
COBL,2017-08-21 03:50:00 EDT,42.67627,-74.50797,1076,62.6,63.8,62.6,88.1,59.0,0.000,0.000,0.00,0.000,3.0,4.3,0.5,229,9,2.9,3.9,0.5,237,8,3.0,4.3,0.5,229,9,0,29.03,,0,0,0,67.2,68.2,66.8,0.35,0.33,0.36
COBL,2017-08-21 03:55:00 EDT,42.67627,-74.50797,1076,62.0,63.8,62.0,89.3,58.8,0.000,0.000,0.00,0.000,3.9,4.7,0.5,219,5,3.7,4.7,0.5,227,4,3.9,4.7,0.5,219,5,0,29.03,,0,0,0,67.2,68.2,66.7,0.35,0.34,0.36
COBL,2017-08-21 04:00:00 EDT,42.67627,-74.50797,1076,61.9,63.5,61.9,89.4,58.8,0.000,0.000,0.00,0.000,4.2,5.3,0.6,225,7,4.2,5.2,0.6,232,5,4.2,5.3,0.6,225,7,0,29.03,,0,0,0,67.2,68.2,66.7,0.35,0.34,0.36
COBL,2017-08-21 04:05:00 EDT,42.67627,-74.50797,1076,61.9,63.0,61.9,89.2,58.7,0.000,0.000,0.00,0.000,4.0,5.9,0.7,234,11,4.0,5.7,0.7,242,9,4.0,5.9,0.7,234,11,0,29.03,,0,0,0,67.2,68.1,66.7,0.35,0.34,0.36
COBL,2017-08-21 04:10:00 EDT,42.67627,-74.50797,1076,62.3,63.2,62.3,88.5,58.9,0.000,0.000,0.00,0.000,3.9,5.5,0.6,235,12,4.0,5.0,0.6,244,8,3.9,5.5,0.6,235,12,0,29.03,,0,0,0,67.2,68.2,66.7,0.35,0.33,0.36
COBL,2017-08-21 04:15:00 EDT,42.67627,-74.50797,1076,62.1,63.0,62.1,88.2,58.6,0.000,0.000,0.00,0.000,4.2,5.9,1.1,234,10,4.2,6.1,1.0,242,9,4.2,5.9,1.1,234,10,0,29.03,,0,0,0,67.2,68.2,66.7,0.35,0.33,0.36
COBL,2017-08-21 04:20:00 EDT,42.67627,-74.50797,1076,62.3,63.1,62.3,88.1,58.7,0.000,0.000,0.00,0.000,4.2,6.1,0.7,239,10,4.4,5.6,0.6,248,8,4.2,6.1,0.7,239,10,0,29.03,,0,0,0,67.1,68.2,66.7,0.35,0.34,0.36
COBL,2017-08-21 04:25:00 EDT,42.67627,-74.50797,1076,62.1,63.0,62.1,88.1,58.6,0.000,0.000,0.00,0.000,3.6,5.4,0.7,239,13,3.6,5.4,0.6,249,11,3.6,5.4,0.7,239,13,0,29.03,,0,0,0,67.1,68.2,66.7,0.35,0.33,0.36
COBL,2017-08-21 04:30:00 EDT,42.67627,-74.50797,1076,62.2,63.1,62.2,88.0,58.6,0.000,0.000,0.00,0.000,3.9,5.8,0.7,234,12,4.0,5.4,0.8,244,11,3.9,5.8,0.7,234,12,0,29.03,,0,0,0,67.1,68.2,66.7,0.35,0.34,0.36
COBL,2017-08-21 04:35:00 EDT,42.67627,-74.50797,1076,62.8,63.5,62.8,87.4,59.0,0.000,0.000,0.00,0.000,3.8,6.2,0.9,239,12,3.9,6.5,0.9,248,10,3.8,6.2,0.9,239,12,0,29.03,,0,0,0,67.1,68.2,66.7,0.35,0.33,0.36
COBL,2017-08-21 04:40:00 EDT,42.67627,-74.50797,1076,63.1,63.9,63.1,86.7,59.1,0.000,0.000,0.00,0.000,3.2,4.2,0.5,246,9,3.4,4.3,0.6,256,7,3.2,4.2,0.5,246,9,0,29.03,,0,0,0,67.1,68.2,66.7,0.35,0.34,0.36
COBL,2017-08-21 04:45:00 EDT,42.67627,-74.50797,1076,62.1,63.7,62.1,87.4,58.3,0.000,0.000,0.00,0.000,2.3,3.4,0.5,239,13,2.3,3.2,0.5,245,11,2.3,3.4,0.5,239,13,0,29.03,,0,0,0,67.1,68.2,66.7,0.35,0.34,0.36
COBL,2017-08-21 04:50:00 EDT,42.67627,-74.50797,1076,61.5,63.4,61.5,89.1,58.3,0.000,0.000,0.00,0.000,3.4,4.5,0.5,221,9,3.3,4.2,0.6,228,8,3.4,4.5,0.5,221,9,0,29.03,,0,0,0,67.1,68.2,66.7,0.35,0.33,0.36
COBL,2017-08-21 04:55:00 EDT,42.67627,-74.50797,1076,60.9,62.1,60.9,91.0,58.2,0.000,0.000,0.00,0.000,2.3,4.1,0.7,236,15,2.5,3.7,0.6,243,15,2.3,4.1,0.7,236,15,0,29.04,,0,0,0,67.1,68.2,66.7,0.35,0.33,0.36
COBL,2017-08-21 05:00:00 EDT,42.67627,-74.50797,1076,60.9,62.0,60.9,91.9,58.5,0.000,0.000,0.00,0.000,2.4,3.7,0.6,226,9,2.3,3.4,0.5,232,5,2.4,3.7,0.6,226,9,0,29.03,,0,0,0,67.1,68.2,66.7,0.35,0.33,0.36
COBL,2017-08-21 05:05:00 EDT,42.67627,-74.50797,1076,60.8,61.9,60.8,92.1,58.5,0.000,0.000,0.00,0.000,2.1,3.4,0.6,235,11,2.1,3.3,0.5,242,8,2.1,3.4,0.6,235,11,0,29.03,,0,0,0,67.1,68.2,66.7,0.35,0.34,0.36
COBL,2017-08-21 05:10:00 EDT,42.67627,-74.50797,1076,60.8,61.9,60.8,92.3,58.6,0.000,0.000,0.00,0.000,2.0,2.7,0.3,235,11,1.9,2.7,0.3,241,9,2.0,2.7,0.3,235,11,0,29.03,,0,0,0,67.1,68.2,66.7,0.35,0.34,0.36
COBL,2017-08-21 05:15:00 EDT,42.67627,-74.50797,1076,60.3,61.6,60.3,93.1,58.3,0.000,0.000,0.00,0.000,3.3,4.6,0.8,223,6,3.2,4.6,0.8,230,6,3.3,4.6,0.8,223,6,0,29.03,,0,0,0,67.1,68.2,66.7,0.35,0.34,0.36
COBL,2017-08-21 05:20:00 EDT,42.67627,-74.50797,1076,60.5,62.2,60.5,93.6,58.6,0.000,0.000,0.00,0.000,4.7,6.4,0.7,222,8,4.7,6.4,0.8,228,5,4.7,6.4,0.7,222,8,0,29.03,,0,0,0,67.1,68.2,66.7,0.35,0.34,0.36
COBL,2017-08-21 05:25:00 EDT,42.67627,-74.50797,1076,61.3,63.1,61.3,92.3,59.0,0.000,0.000,0.00,0.000,4.7,6.3,0.7,231,7,4.7,5.7,0.6,237,5,4.7,6.3,0.7,231,7,0,29.04,,0,0,0,67.0,68.2,66.7,0.35,0.34,0.36
COBL,2017-08-21 05:30:00 EDT,42.67627,-74.50797,1076,61.4,63.5,61.4,90.6,58.7,0.000,0.000,0.00,0.000,4.7,5.8,0.4,222,9,4.5,5.4,0.4,229,8,4.7,5.8,0.4,222,9,0,29.04,,0,0,0,67.1,68.2,66.7,0.35,0.34,0.36
COBL,2017-08-21 05:35:00 EDT,42.67627,-74.50797,1076,61.8,63.7,61.8,90.7,59.0,0.000,0.000,0.00,0.000,4.2,6.0,0.8,227,8,4.2,5.4,0.8,234,6,4.2,6.0,0.8,227,8,0,29.04,,0,0,0,67.1,68.1,66.7,0.35,0.34,0.36
COBL,2017-08-21 05:40:00 EDT,42.67627,-74.50797,1076,62.6,63.5,62.6,89.1,59.3,0.000,0.000,0.00,0.000,4.2,5.8,0.8,242,11,4.3,6.2,0.9,250,10,4.2,5.8,0.8,242,11,0,29.04,,0,0,0,66.9,68.2,66.7,0.35,0.33,0.36
COBL,2017-08-21 05:45:00 EDT,42.67627,-74.50797,1076,62.6,63.7,62.6,88.5,59.2,0.000,0.000,0.00,0.000,3.7,6.1,1.0,251,14,3.9,6.0,1.0,262,11,3.7,6.1,1.0,251,14,0,29.04,,0,0,0,66.9,68.1,66.8,0.35,0.34,0.36
COBL,2017-08-21 05:50:00 EDT,42.67627,-74.50797,1076,61.9,63.8,61.9,89.4,58.8,0.000,0.000,0.00,0.000,2.5,3.5,0.4,249,12,2.7,3.9,0.5,257,11,2.5,3.5,0.4,249,12,0,29.04,,0,0,0,66.8,68.1,66.7,0.35,0.34,0.36
COBL,2017-08-21 05:55:00 EDT,42.67627,-74.50797,1076,61.3,63.4,61.3,91.8,58.9,0.000,0.000,0.00,0.000,2.3,3.1,0.3,236,15,2.3,2.9,0.3,245,13,2.3,3.1,0.3,236,15,0,29.04,,0,0,0,66.8,68.1,66.8,0.35,0.34,0.36
COBL,2017-08-21 06:00:00 EDT,42.67627,-74.50797,1076,61.0,63.0,61.0,92.9,58.9,0.000,0.000,0.00,0.000,2.4,2.8,0.2,227,18,2.4,2.9,0.3,236,18,2.4,2.8,0.2,227,18,1,29.04,,0,0,0,66.7,68.0,66.7,0.35,0.34,0.36
COBL,2017-08-21 06:05:00 EDT,42.67627,-74.50797,1076,61.1,63.0,61.1,93.4,59.2,0.000,0.000,0.00,0.000,3.7,4.7,0.6,217,6,3.5,4.6,0.8,225,5,3.7,4.7,0.6,217,6,3,29.04,,0,0,0,66.7,68.0,66.8,0.35,0.34,0.36
COBL,2017-08-21 06:10:00 EDT,42.67627,-74.50797,1076,60.7,62.8,60.7,93.0,58.6,0.000,0.000,0.00,0.000,4.1,4.9,0.3,210,5,4.3,4.8,0.4,217,4,4.1,4.9,0.3,210,5,4,29.04,,0,0,0,66.7,68.0,66.8,0.35,0.34,0.36
COBL,2017-08-21 06:15:00 EDT,42.67627,-74.50797,1076,60.8,61.6,60.8,94.1,59.1,0.000,0.000,0.00,0.000,3.8,4.4,0.3,223,9,3.7,4.3,0.4,231,7,3.8,4.4,0.3,223,9,4,29.04,,0,0,0,66.7,67.9,66.7,0.35,0.34,0.36
COBL,2017-08-21 06:20:00 EDT,42.67627,-74.50797,1076,60.9,61.5,60.9,93.6,59.1,0.000,0.000,0.00,0.000,3.4,4.2,0.4,226,7,3.1,4.2,0.5,232,6,3.4,4.2,0.4,226,7,7,29.04,,0,0,0,66.7,67.9,66.7,0.35,0.34,0.36
COBL,2017-08-21 06:25:00 EDT,42.67627,-74.50797,1076,60.6,61.8,60.6,93.6,58.7,0.000,0.000,0.00,0.000,3.1,4.0,0.5,221,9,3.0,4.0,0.5,229,7,3.1,4.0,0.5,221,9,12,29.04,,0,0,0,66.7,67.8,66.8,0.35,0.34,0.36
COBL,2017-08-21 06:30:00 EDT,42.67627,-74.50797,1076,60.3,61.2,60.3,94.5,58.7,0.000,0.000,0.00,0.000,2.7,3.5,0.4,242,13,2.7,3.4,0.3,248,12,2.7,3.5,0.4,242,13,17,29.04,,0,0,0,66.7,67.8,66.8,0.35,0.34,0.36
COBL,2017-08-21 06:35:00 EDT,42.67627,-74.50797,1076,61.3,62.9,61.3,93.6,59.5,0.000,0.000,0.00,0.000,2.3,3.0,0.3,259,15,2.4,3.2,0.3,268,14,2.3,3.0,0.3,259,15,18,29.04,,0,0,0,66.7,67.8,66.7,0.35,0.34,0.36
COBL,2017-08-21 06:40:00 EDT,42.67627,-74.50797,1076,61.0,63.0,61.0,91.8,58.6,0.000,0.000,0.00,0.000,1.5,2.5,0.7,267,21,1.8,2.6,0.7,273,19,1.5,2.5,0.7,267,21,21,29.04,,0,0,0,66.7,67.8,66.7,0.35,0.34,0.36
COBL,2017-08-21 06:45:00 EDT,42.67627,-74.50797,1076,60.6,62.1,60.6,92.9,58.5,0.000,0.000,0.00,0.000,1.1,2.4,0.6,301,16,1.2,2.2,0.6,312,19,1.1,2.4,0.6,301,16,40,29.04,,0,0,0,66.7,67.8,66.7,0.35,0.34,0.36
COBL,2017-08-21 06:50:00 EDT,42.67627,-74.50797,1076,60.5,62.5,60.5,93.6,58.6,0.000,0.000,0.00,0.000,0.2,1.1,0.3,289,19,0.5,1.3,0.5,285,16,0.2,1.1,0.3,289,19,41,29.04,,0,0,0,66.7,67.8,66.8,0.35,0.34,0.36
COBL,2017-08-21 06:55:00 EDT,42.67627,-74.50797,1076,60.2,61.5,60.2,93.3,58.2,0.000,0.000,0.00,0.000,0.6,1.8,0.5,309,11,0.7,1.4,0.5,310,11,0.6,1.8,0.5,309,11,40,29.04,,0,0,0,66.6,67.8,66.7,0.35,0.34,0.36
COBL,2017-08-21 07:00:00 EDT,42.67627,-74.50797,1076,60.2,61.5,60.2,94.4,58.6,0.000,0.000,0.00,0.000,1.2,2.2,0.6,301,14,1.3,2.1,0.6,309,14,1.2,2.2,0.6,301,14,31,29.04,,0,0,0,66.5,67.8,66.7,0.35,0.34,0.36
COBL,2017-08-21 07:05:00 EDT,42.67627,-74.50797,1076,60.6,62.0,60.6,94.8,59.2,0.000,0.000,0.00,0.000,0.9,1.8,0.4,270,14,1.2,1.9,0.4,281,15,0.9,1.8,0.4,270,14,74,29.04,,0,0,0,66.5,67.8,66.8,0.35,0.34,0.36
COBL,2017-08-21 07:10:00 EDT,42.67627,-74.50797,1076,61.5,62.5,61.5,94.4,59.9,0.000,0.000,0.00,0.000,0.5,1.2,0.4,256,18,0.9,1.5,0.4,261,18,0.5,1.2,0.4,256,18,98,29.04,,0,0,0,66.6,67.8,66.8,0.35,0.34,0.36
COBL,2017-08-21 07:15:00 EDT,42.67627,-74.50797,1076,62.5,63.0,62.5,93.1,60.5,0.000,0.000,0.00,0.000,1.3,3.1,0.6,243,18,1.4,2.6,0.4,253,18,1.3,3.1,0.6,243,18,109,29.04,,0,0,0,66.5,67.8,66.7,0.35,0.34,0.36
COBL,2017-08-21 07:20:00 EDT,42.67627,-74.50797,1076,63.0,63.5,63.0,90.1,60.1,0.000,0.000,0.00,0.000,2.5,3.5,0.5,221,9,2.3,3.1,0.4,229,7,2.5,3.5,0.5,221,9,118,29.04,,0,0,0,66.5,67.8,66.7,0.35,0.34,0.36
COBL,2017-08-21 07:25:00 EDT,42.67627,-74.50797,1076,63.4,63.9,63.4,89.0,60.1,0.000,0.000,0.00,0.000,3.1,4.5,0.6,215,9,3.0,4.3,0.5,224,7,3.1,4.5,0.6,215,9,127,29.04,,0,0,0,66.4,67.8,66.8,0.35,0.34,0.36
COBL,2017-08-21 07:30:00 EDT,42.67627,-74.50797,1076,63.6,63.9,63.6,89.5,60.5,0.000,0.000,0.00,0.000,2.0,3.4,0.5,225,9,1.9,4.0,0.5,231,8,2.0,3.4,0.5,225,9,144,29.04,,0,0,0,66.5,67.8,66.8,0.35,0.34,0.36
COBL,2017-08-21 07:35:00 EDT,42.67627,-74.50797,1076,64.0,64.4,64.0,88.6,60.5,0.000,0.000,0.00,0.000,3.1,5.0,0.9,213,9,3.2,4.7,1.0,222,7,3.1,5.0,0.9,213,9,158,29.04,,0,0,0,66.4,67.8,66.8,0.35,0.34,0.36
COBL,2017-08-21 07:40:00 EDT,42.67627,-74.50797,1076,64.6,65.0,64.6,86.2,60.4,0.000,0.000,0.00,0.000,4.7,5.7,0.5,207,6,4.9,5.8,0.4,215,4,4.7,5.7,0.5,207,6,166,29.04,,0,0,0,66.5,67.8,66.8,0.35,0.34,0.36
COBL,2017-08-21 07:45:00 EDT,42.67627,-74.50797,1076,64.8,65.2,64.8,86.0,60.5,0.000,0.000,0.00,0.000,4.1,5.0,0.4,215,6,4.2,4.9,0.4,222,4,4.1,5.0,0.4,215,6,154,29.04,,0,0,0,66.5,67.8,66.8,0.35,0.34,0.36
COBL,2017-08-21 07:50:00 EDT,42.67627,-74.50797,1076,65.4,65.6,65.4,85.4,60.9,0.000,0.000,0.00,0.000,3.6,4.2,0.4,214,8,3.6,4.5,0.4,222,5,3.6,4.2,0.4,214,8,196,29.04,,0,0,0,66.4,67.8,66.8,0.34,0.34,0.36
COBL,2017-08-21 07:55:00 EDT,42.67627,-74.50797,1076,65.7,65.7,65.7,85.3,61.2,0.000,0.000,0.00,0.000,4.2,5.1,0.4,207,6,4.4,5.0,0.3,216,4,4.2,5.1,0.4,207,6,213,29.04,,0,0,0,66.5,67.8,66.7,0.35,0.34,0.36
COBL,2017-08-21 08:00:00 EDT,42.67627,-74.50797,1076,65.7,65.7,65.7,84.2,60.9,0.000,0.000,0.00,0.000,2.9,4.3,0.6,203,9,3.0,4.6,0.6,213,7,2.9,4.3,0.6,203,9,229,29.04,,0,0,0,66.5,67.8,66.8,0.35,0.34,0.36
COBL,2017-08-21 08:05:00 EDT,42.67627,-74.50797,1076,65.9,65.9,65.9,85.1,61.2,0.000,0.000,0.00,0.000,2.7,4.4,0.6,195,8,2.7,4.4,0.5,205,7,2.7,4.4,0.6,195,8,245,29.04,,0,0,0,66.4,67.8,66.8,0.35,0.34,0.36
COBL,2017-08-21 08:10:00 EDT,42.67627,-74.50797,1076,66.2,66.1,66.2,84.2,61.3,0.000,0.000,0.00,0.000,3.3,4.5,0.5,199,9,3.4,4.5,0.5,207,7,3.3,4.5,0.5,199,9,262,29.04,,0,0,0,66.4,67.8,66.8,0.35,0.34,0.36
COBL,2017-08-21 08:15:00 EDT,42.67627,-74.50797,1076,66.7,66.6,66.7,83.3,61.5,0.000,0.000,0.00,0.000,3.8,5.5,0.5,205,7,4.0,5.6,0.5,213,5,3.8,5.5,0.5,205,7,279,29.04,,0,0,0,66.5,67.8,66.7,0.35,0.34,0.36
COBL,2017-08-21 08:20:00 EDT,42.67627,-74.50797,1076,67.3,67.2,67.3,83.6,62.2,0.000,0.000,0.00,0.000,3.5,4.6,0.6,198,10,3.7,4.5,0.6,206,9,3.5,4.6,0.6,198,10,296,29.04,,0,0,0,66.4,67.8,66.8,0.35,0.34,0.36
COBL,2017-08-21 08:25:00 EDT,42.67627,-74.50797,1076,67.7,67.5,67.7,82.2,62.1,0.000,0.000,0.00,0.000,3.8,5.1,0.5,194,9,3.9,5.0,0.6,201,7,3.8,5.1,0.5,194,9,310,29.04,,0,0,0,66.5,67.8,66.8,0.35,0.34,0.36
COBL,2017-08-21 08:30:00 EDT,42.67627,-74.50797,1076,67.9,67.8,67.9,81.9,62.2,0.000,0.000,0.00,0.000,3.9,5.0,0.5,181,12,4.4,5.2,0.4,190,5,3.9,5.0,0.5,181,12,335,29.04,,0,0,0,66.5,67.8,66.8,0.35,0.34,0.36
COBL,2017-08-21 08:35:00 EDT,42.67627,-74.50797,1076,68.3,68.1,68.3,80.1,61.9,0.000,0.000,0.00,0.000,3.0,3.9,0.6,189,13,3.9,5.1,0.7,202,10,3.0,3.9,0.6,189,13,361,29.04,,0,0,0,66.5,67.8,66.7,0.35,0.34,0.36
COBL,2017-08-21 08:40:00 EDT,42.67627,-74.50797,1076,68.8,68.5,68.8,80.5,62.5,0.000,0.000,0.00,0.000,2.8,3.8,0.5,185,12,3.7,4.9,0.6,196,8,2.8,3.8,0.5,185,12,386,29.04,,0,0,0,66.4,67.8,66.7,0.35,0.34,0.36
COBL,2017-08-21 08:45:00 EDT,42.67627,-74.50797,1076,69.2,69.0,69.2,79.9,62.7,0.000,0.000,0.00,0.000,2.0,3.7,1.0,196,12,2.7,4.5,1.1,203,9,2.0,3.7,1.0,196,12,304,29.04,,0,0,0,66.5,67.8,66.7,0.35,0.34,0.36
COBL,2017-08-21 08:50:00 EDT,42.67627,-74.50797,1076,69.5,69.4,69.5,78.8,62.6,0.000,0.000,0.00,0.000,3.6,5.1,0.6,209,13,3.6,5.3,0.7,216,12,3.6,5.1,0.6,209,13,260,29.04,,0,0,0,66.5,67.8,66.8,0.35,0.34,0.36
COBL,2017-08-21 08:55:00 EDT,42.67627,-74.50797,1076,69.9,69.7,69.9,78.3,62.8,0.000,0.000,0.00,0.000,2.3,4.1,0.8,210,12,2.3,4.5,0.8,218,9,2.3,4.1,0.8,210,12,303,29.04,,0,0,0,66.5,67.8,66.7,0.35,0.34,0.36
COBL,2017-08-21 09:00:00 EDT,42.67627,-74.50797,1076,70.4,70.2,70.4,78.2,63.3,0.000,0.000,0.00,0.000,2.6,4.0,0.6,194,15,2.8,4.2,0.6,202,14,2.6,4.0,0.6,194,15,334,29.03,,0,0,0,66.5,67.8,66.8,0.35,0.34,0.36
COBL,2017-08-21 09:05:00 EDT,42.67627,-74.50797,1076,70.5,70.3,70.5,76.9,62.9,0.000,0.000,0.00,0.000,3.7,5.0,0.6,188,13,3.9,5.1,0.7,196,12,3.7,5.0,0.6,188,13,324,29.03,,0,0,0,66.6,67.8,66.8,0.35,0.34,0.36
COBL,2017-08-21 09:10:00 EDT,42.67627,-74.50797,1076,70.7,70.5,70.7,77.6,63.3,0.000,0.000,0.00,0.000,3.6,5.2,0.7,192,16,3.8,5.3,0.8,198,11,3.6,5.2,0.7,192,16,338,29.03,,0,0,0,66.6,67.8,66.8,0.35,0.34,0.36
COBL,2017-08-21 09:15:00 EDT,42.67627,-74.50797,1076,71.2,70.8,71.2,76.1,63.3,0.000,0.000,0.00,0.000,3.7,5.6,0.9,233,19,3.8,5.6,0.8,244,19,3.7,5.6,0.9,233,19,381,29.03,,0,0,0,66.7,67.8,66.8,0.35,0.34,0.36
COBL,2017-08-21 09:20:00 EDT,42.67627,-74.50797,1076,71.8,71.3,71.8,76.5,64.0,0.000,0.000,0.00,0.000,3.8,6.8,1.4,202,20,3.9,7.2,1.3,213,19,3.8,6.8,1.4,202,20,434,29.03,,0,0,0,66.7,67.8,66.7,0.35,0.34,0.36
COBL,2017-08-21 09:25:00 EDT,42.67627,-74.50797,1076,71.8,71.4,71.8,74.3,63.2,0.000,0.000,0.00,0.000,5.0,6.5,0.9,188,10,5.5,7.2,0.9,194,7,5.0,6.5,0.9,188,10,471,29.03,,0,0,0,66.7,67.8,66.8,0.35,0.34,0.36
COBL,2017-08-21 09:30:00 EDT,42.67627,-74.50797,1076,72.3,71.8,72.3,73.8,63.4,0.000,0.000,0.00,0.000,4.3,6.4,0.9,215,19,4.4,6.7,1.0,222,16,4.3,6.4,0.9,215,19,488,29.03,,0,0,0,66.7,67.8,66.7,0.35,0.34,0.36
COBL,2017-08-21 09:35:00 EDT,42.67627,-74.50797,1076,72.7,72.2,72.7,73.5,63.7,0.000,0.000,0.00,0.000,5.6,9.2,2.0,202,13,6.0,8.8,1.8,209,12,5.6,9.2,2.0,202,13,493,29.03,,0,0,0,66.7,67.8,66.7,0.35,0.34,0.36
COBL,2017-08-21 09:40:00 EDT,42.67627,-74.50797,1076,72.5,72.0,72.5,72.3,63.0,0.000,0.000,0.00,0.000,5.8,8.0,0.9,219,12,5.9,8.0,0.8,225,9,5.8,8.0,0.9,219,12,508,29.03,,0,0,0,66.8,67.8,66.7,0.35,0.34,0.36
COBL,2017-08-21 09:45:00 EDT,42.67627,-74.50797,1076,72.9,72.3,72.9,72.0,63.4,0.000,0.000,0.00,0.000,5.1,8.1,1.0,218,12,5.1,6.9,1.0,226,11,5.1,8.1,1.0,218,12,524,29.03,,0,0,0,67.0,67.8,66.7,0.35,0.34,0.36
COBL,2017-08-21 09:50:00 EDT,42.67627,-74.50797,1076,73.1,72.7,73.1,69.9,62.7,0.000,0.000,0.00,0.000,5.6,7.9,1.0,218,13,5.5,7.2,0.9,225,11,5.6,7.9,1.0,218,13,519,29.03,,0,0,0,67.0,67.8,66.7,0.35,0.34,0.36
COBL,2017-08-21 09:55:00 EDT,42.67627,-74.50797,1076,73.4,73.0,73.4,69.5,62.8,0.000,0.000,0.00,0.000,5.0,7.1,1.0,219,16,5.1,6.7,0.9,226,15,5.0,7.1,1.0,219,16,552,29.03,,0,0,0,67.1,67.8,66.7,0.35,0.34,0.36
COBL,2017-08-21 10:00:00 EDT,42.67627,-74.50797,1076,73.6,73.3,73.6,68.5,62.6,0.000,0.000,0.00,0.000,5.2,8.8,1.3,223,14,5.2,7.3,1.1,233,12,5.2,8.8,1.3,223,14,576,29.04,,0,0,0,67.1,67.8,66.7,0.35,0.34,0.36
COBL,2017-08-21 10:05:00 EDT,42.67627,-74.50797,1076,74.1,73.6,74.1,68.6,63.1,0.000,0.000,0.00,0.000,5.5,8.4,1.4,209,15,5.8,8.0,1.3,216,13,5.5,8.4,1.4,209,15,601,29.04,,0,0,0,67.1,67.8,66.7,0.35,0.34,0.36
COBL,2017-08-21 10:10:00 EDT,42.67627,-74.50797,1076,74.6,74.1,74.6,67.4,63.1,0.000,0.000,0.00,0.000,7.5,11.1,2.2,226,19,7.5,10.8,2.3,233,20,7.5,11.1,2.2,226,19,636,29.04,,0,0,0,67.1,67.8,66.7,0.35,0.34,0.36
COBL,2017-08-21 10:15:00 EDT,42.67627,-74.50797,1076,74.8,74.4,74.8,65.2,62.3,0.000,0.000,0.00,0.000,7.0,11.8,2.1,237,22,7.5,11.8,2.0,247,19,7.0,11.8,2.1,237,22,629,29.04,,0,0,0,67.1,67.8,66.8,0.35,0.34,0.36
COBL,2017-08-21 10:20:00 EDT,42.67627,-74.50797,1076,75.0,74.5,75.0,66.1,62.9,0.000,0.000,0.00,0.000,7.6,11.0,1.6,211,15,7.7,10.6,1.4,216,14,7.6,11.0,1.6,211,15,659,29.04,,0,0,0,67.2,67.8,66.7,0.35,0.34,0.36
COBL,2017-08-21 10:25:00 EDT,42.67627,-74.50797,1076,75.1,74.5,75.1,66.5,63.1,0.000,0.000,0.00,0.000,6.6,10.9,2.1,204,12,6.7,10.6,2.1,212,11,6.6,10.9,2.1,204,12,644,29.04,,0,0,0,67.2,67.8,66.7,0.35,0.34,0.36
COBL,2017-08-21 10:30:00 EDT,42.67627,-74.50797,1076,75.2,74.6,75.2,67.1,63.5,0.000,0.000,0.00,0.000,6.0,9.4,1.4,209,25,6.6,9.6,1.4,216,24,6.0,9.4,1.4,209,25,536,29.05,,0,0,0,67.2,67.8,66.8,0.35,0.34,0.36
COBL,2017-08-21 10:35:00 EDT,42.67627,-74.50797,1076,75.4,74.8,75.4,67.7,64.0,0.000,0.000,0.00,0.000,5.7,9.2,1.2,185,14,6.0,9.2,1.1,192,11,5.7,9.2,1.2,185,14,648,29.05,,0,0,0,67.3,67.8,66.8,0.35,0.34,0.36
COBL,2017-08-21 10:40:00 EDT,42.67627,-74.50797,1076,75.3,74.9,75.3,66.7,63.5,0.000,0.000,0.00,0.000,5.6,9.1,1.3,207,13,6.0,8.0,1.2,214,8,5.6,9.1,1.3,207,13,468,29.05,,0,0,0,67.5,67.8,66.7,0.35,0.34,0.36
COBL,2017-08-21 10:45:00 EDT,42.67627,-74.50797,1076,75.9,75.4,75.9,66.1,63.7,0.000,0.000,0.00,0.000,6.5,10.0,2.1,199,13,6.6,9.7,2.0,206,12,6.5,10.0,2.1,199,13,660,29.04,,0,0,0,67.5,67.8,66.7,0.35,0.34,0.36
COBL,2017-08-21 10:50:00 EDT,42.67627,-74.50797,1076,76.1,75.6,76.1,64.9,63.5,0.000,0.000,0.00,0.000,6.1,10.7,2.2,195,20,6.5,10.0,2.2,203,18,6.1,10.7,2.2,195,20,740,29.04,,0,0,0,67.5,67.7,66.7,0.35,0.34,0.36
COBL,2017-08-21 10:55:00 EDT,42.67627,-74.50797,1076,76.9,76.3,76.9,65.5,64.5,0.000,0.000,0.00,0.000,5.2,9.6,1.6,200,15,5.5,8.6,1.6,207,11,5.2,9.6,1.6,200,15,717,29.04,,0,0,0,67.5,67.7,66.7,0.35,0.34,0.36
COBL,2017-08-21 11:00:00 EDT,42.67627,-74.50797,1076,76.7,76.2,76.7,64.4,63.8,0.000,0.000,0.00,0.000,3.2,8.5,2.5,180,24,3.4,8.0,2.2,189,25,3.2,8.5,2.5,180,24,546,29.03,,0,0,0,67.7,67.7,66.7,0.35,0.33,0.36
COBL,2017-08-21 11:05:00 EDT,42.67627,-74.50797,1076,76.7,76.3,76.7,64.1,63.7,0.000,0.000,0.00,0.000,7.6,11.6,2.1,189,12,8.0,11.6,2.0,194,9,7.6,11.6,2.1,189,12,670,29.03,,0,0,0,67.8,67.6,66.7,0.35,0.33,0.36
COBL,2017-08-21 11:10:00 EDT,42.67627,-74.50797,1076,77.0,76.4,77.0,63.1,63.5,0.000,0.000,0.00,0.000,7.7,11.1,1.4,196,11,7.9,10.5,1.2,203,10,7.7,11.1,1.4,196,11,743,29.03,,0,0,0,67.8,67.7,66.7,0.34,0.34,0.37
COBL,2017-08-21 11:15:00 EDT,42.67627,-74.50797,1076,77.1,76.5,77.1,63.0,63.5,0.000,0.000,0.00,0.000,7.8,11.0,1.6,190,11,8.2,11.0,1.7,197,8,7.8,11.0,1.6,190,11,706,29.03,,0,0,0,67.8,67.6,66.7,0.34,0.34,0.36
COBL,2017-08-21 11:20:00 EDT,42.67627,-74.50797,1076,77.4,76.6,77.4,62.9,63.7,0.000,0.000,0.00,0.000,6.1,9.9,1.5,186,19,6.3,9.2,1.3,194,14,6.1,9.9,1.5,186,19,747,29.03,,0,0,0,67.9,67.5,66.7,0.35,0.34,0.36
COBL,2017-08-21 11:25:00 EDT,42.67627,-74.50797,1076,77.5,76.8,77.5,62.5,63.7,0.000,0.000,0.00,0.000,7.9,10.4,1.0,197,13,8.3,9.9,0.8,202,11,7.9,10.4,1.0,197,13,698,29.03,,0,0,0,67.9,67.6,66.7,0.35,0.34,0.36
COBL,2017-08-21 11:30:00 EDT,42.67627,-74.50797,1076,77.5,77.0,77.5,62.2,63.6,0.000,0.000,0.00,0.000,5.7,9.8,1.8,185,17,6.1,9.9,1.9,192,12,5.7,9.8,1.8,185,17,595,29.02,,0,0,0,67.9,67.5,66.7,0.35,0.34,0.36
COBL,2017-08-21 11:35:00 EDT,42.67627,-74.50797,1076,77.5,77.2,77.5,61.0,63.0,0.000,0.000,0.00,0.000,8.6,11.6,1.5,194,12,8.9,11.9,1.5,200,10,8.6,11.6,1.5,194,12,524,29.02,,0,0,0,68.0,67.5,66.7,0.35,0.33,0.36
COBL,2017-08-21 11:40:00 EDT,42.67627,-74.50797,1076,77.4,77.1,77.4,61.7,63.2,0.000,0.000,0.00,0.000,6.1,10.2,2.1,197,12,6.6,10.2,2.1,204,8,6.1,10.2,2.1,197,12,500,29.02,,0,0,0,68.2,67.5,66.7,0.34,0.33,0.36
COBL,2017-08-21 11:45:00 EDT,42.67627,-74.50797,1076,77.9,77.5,77.9,60.4,63.1,0.000,0.000,0.00,0.000,7.9,12.1,1.8,187,10,8.2,12.6,1.7,194,6,7.9,12.1,1.8,187,10,750,29.02,,0,0,0,68.2,67.5,66.8,0.34,0.34,0.36
COBL,2017-08-21 11:50:00 EDT,42.67627,-74.50797,1076,78.5,77.7,78.5,59.1,63.0,0.000,0.000,0.00,0.000,6.9,11.4,1.7,189,9,7.4,11.8,1.7,196,6,6.9,11.4,1.7,189,9,777,29.02,,0,0,0,68.3,67.5,66.7,0.34,0.34,0.36
COBL,2017-08-21 11:55:00 EDT,42.67627,-74.50797,1076,78.7,78.0,78.7,58.5,62.9,0.000,0.000,0.00,0.000,6.6,10.4,1.7,191,16,6.9,9.8,1.8,198,13,6.6,10.4,1.7,191,16,758,29.02,,0,0,0,68.4,67.5,66.7,0.34,0.33,0.37
COBL,2017-08-21 12:00:00 EDT,42.67627,-74.50797,1076,79.1,78.3,79.1,58.1,63.1,0.000,0.000,0.00,0.000,6.8,12.7,2.5,195,17,7.2,12.5,2.7,204,16,6.8,12.7,2.5,195,17,759,29.01,,0,0,0,68.5,67.4,66.7,0.34,0.33,0.36
COBL,2017-08-21 12:05:00 EDT,42.67627,-74.50797,1076,79.1,78.4,79.1,55.4,61.8,0.000,0.000,0.00,0.000,7.4,10.2,1.4,203,17,7.6,10.0,1.4,210,15,7.4,10.2,1.4,203,17,800,29.01,,0,0,0,68.5,67.5,66.7,0.34,0.34,0.37
COBL,2017-08-21 12:10:00 EDT,42.67627,-74.50797,1076,78.3,78.2,78.3,56.8,61.7,0.000,0.000,0.00,0.000,7.8,12.6,1.7,197,13,8.0,12.6,1.7,204,11,7.8,12.6,1.7,197,13,303,29.01,,0,0,0,68.5,67.5,66.7,0.34,0.33,0.37
COBL,2017-08-21 12:15:00 EDT,42.67627,-74.50797,1076,77.8,78.0,77.8,57.3,61.5,0.000,0.000,0.00,0.000,5.8,9.0,1.1,190,15,6.4,9.2,1.2,197,10,5.8,9.0,1.1,190,15,300,29.01,,0,0,0,68.5,67.5,66.7,0.34,0.34,0.36
COBL,2017-08-21 12:20:00 EDT,42.67627,-74.50797,1076,78.1,78.0,78.1,58.7,62.5,0.000,0.000,0.00,0.000,5.4,10.1,1.5,200,22,6.1,10.4,1.3,208,21,5.4,10.1,1.5,200,22,434,29.01,,0,0,0,68.5,67.5,66.7,0.34,0.33,0.36
COBL,2017-08-21 12:25:00 EDT,42.67627,-74.50797,1076,78.6,78.4,78.6,57.1,62.1,0.000,0.000,0.00,0.000,6.8,11.0,1.9,192,13,6.9,10.6,1.8,199,9,6.8,11.0,1.9,192,13,486,29.01,,0,0,0,68.6,67.4,66.7,0.34,0.34,0.36
COBL,2017-08-21 12:30:00 EDT,42.67627,-74.50797,1076,78.8,78.7,78.8,54.6,61.1,0.000,0.000,0.00,0.000,9.9,15.5,1.9,194,11,9.9,13.9,1.8,201,8,9.9,15.5,1.9,194,11,693,29.00,,0,0,0,68.7,67.5,66.7,0.34,0.34,0.36
COBL,2017-08-21 12:35:00 EDT,42.67627,-74.50797,1076,79.6,79.2,79.6,54.2,61.5,0.000,0.000,0.00,0.000,9.7,13.6,1.8,202,13,10.0,13.1,1.5,207,9,9.7,13.6,1.8,202,13,642,29.00,,0,0,0,68.6,67.5,66.7,0.34,0.33,0.36
COBL,2017-08-21 12:40:00 EDT,42.67627,-74.50797,1076,79.2,79.1,79.2,52.9,60.6,0.000,0.000,0.00,0.000,10.1,16.8,2.6,208,13,10.0,15.0,2.2,214,11,10.1,16.8,2.6,208,13,453,29.00,,0,0,0,68.8,67.4,66.7,0.34,0.34,0.37
COBL,2017-08-21 12:45:00 EDT,42.67627,-74.50797,1076,78.7,79.0,78.7,50.9,59.0,0.000,0.000,0.00,0.000,10.0,14.6,2.1,220,18,10.3,15.0,2.0,224,15,10.0,14.6,2.1,220,18,377,29.00,,0,0,0,68.9,67.4,66.7,0.34,0.33,0.36
COBL,2017-08-21 12:50:00 EDT,42.67627,-74.50797,1076,78.8,78.8,78.8,51.2,59.2,0.000,0.000,0.00,0.000,7.2,11.0,1.5,214,12,7.1,9.8,1.3,222,10,7.2,11.0,1.5,214,12,424,29.00,,0,0,0,68.9,67.5,66.7,0.34,0.33,0.36
COBL,2017-08-21 12:55:00 EDT,42.67627,-74.50797,1076,79.1,79.1,79.1,49.5,58.6,0.000,0.000,0.00,0.000,5.5,8.3,1.4,218,20,5.7,7.5,1.2,228,20,5.5,8.3,1.4,218,20,405,29.00,,0,0,0,68.9,67.5,66.7,0.34,0.34,0.36
COBL,2017-08-21 13:00:00 EDT,42.67627,-74.50797,1076,79.3,79.3,79.3,50.6,59.4,0.000,0.000,0.00,0.000,6.3,11.8,2.0,220,15,6.2,10.3,1.8,230,14,6.3,11.8,2.0,220,15,451,29.00,,0,0,0,68.9,67.5,66.7,0.34,0.34,0.37
COBL,2017-08-21 13:05:00 EDT,42.67627,-74.50797,1076,79.6,79.5,79.6,52.0,60.4,0.000,0.000,0.00,0.000,7.5,10.8,1.4,221,13,7.3,10.7,1.2,228,11,7.5,10.8,1.4,221,13,490,29.00,,0,0,0,68.9,67.4,66.7,0.34,0.34,0.36
COBL,2017-08-21 13:10:00 EDT,42.67627,-74.50797,1076,79.6,79.5,79.6,51.1,59.9,0.000,0.000,0.00,0.000,8.5,12.0,1.9,216,13,8.4,11.4,1.6,223,11,8.5,12.0,1.9,216,13,487,29.00,,0,0,0,68.9,67.4,66.7,0.34,0.33,0.36
COBL,2017-08-21 13:15:00 EDT,42.67627,-74.50797,1076,79.8,79.5,79.8,53.2,61.3,0.000,0.000,0.00,0.000,4.9,9.1,1.6,223,18,5.2,8.5,1.7,231,14,4.9,9.1,1.6,223,18,468,29.00,,0,0,0,69.1,67.5,66.7,0.34,0.33,0.36
COBL,2017-08-21 13:20:00 EDT,42.67627,-74.50797,1076,79.8,79.5,79.8,55.2,62.3,0.000,0.000,0.00,0.000,5.3,10.5,1.7,203,17,5.4,9.7,1.6,208,15,5.3,10.5,1.7,203,17,391,29.00,,0,0,0,69.2,67.5,66.7,0.34,0.34,0.36
COBL,2017-08-21 13:25:00 EDT,42.67627,-74.50797,1076,79.4,79.4,79.4,52.6,60.5,0.000,0.000,0.00,0.000,9.0,12.4,1.6,214,12,8.8,11.6,1.5,220,11,9.0,12.4,1.6,214,12,379,29.00,,0,0,0,69.3,67.5,66.7,0.34,0.34,0.37
COBL,2017-08-21 13:30:00 EDT,42.67627,-74.50797,1076,79.2,79.3,79.2,52.7,60.4,0.000,0.000,0.00,0.000,7.2,10.4,1.6,206,15,7.5,9.9,1.3,215,10,7.2,10.4,1.6,206,15,367,29.00,,0,0,0,69.3,67.4,66.7,0.34,0.33,0.37
COBL,2017-08-21 13:35:00 EDT,42.67627,-74.50797,1076,79.1,79.2,79.1,54.4,61.2,0.000,0.000,0.00,0.000,5.5,8.0,1.4,210,13,5.8,9.4,1.5,215,11,5.5,8.0,1.4,210,13,341,29.00,,0,0,0,69.3,67.5,66.7,0.34,0.34,0.36
COBL,2017-08-21 13:40:00 EDT,42.67627,-74.50797,1076,78.9,79.0,78.9,57.1,62.5,0.000,0.000,0.00,0.000,5.4,8.1,1.6,220,19,5.7,7.9,1.4,227,19,5.4,8.1,1.6,220,19,311,29.00,,0,0,0,69.3,67.5,66.7,0.34,0.33,0.37
COBL,2017-08-21 13:45:00 EDT,42.67627,-74.50797,1076,78.9,78.8,78.9,58.2,62.9,0.000,0.000,0.00,0.000,2.9,6.2,1.2,247,22,3.1,6.2,1.2,257,21,2.9,6.2,1.2,247,22,313,29.00,,0,0,0,69.3,67.5,66.7,0.34,0.34,0.36
COBL,2017-08-21 13:50:00 EDT,42.67627,-74.50797,1076,79.1,79.0,79.1,57.7,63.0,0.000,0.000,0.00,0.000,2.8,4.6,0.9,225,11,2.6,4.5,0.9,233,10,2.8,4.6,0.9,225,11,315,29.00,,0,0,0,69.3,67.4,66.7,0.34,0.34,0.36
COBL,2017-08-21 13:55:00 EDT,42.67627,-74.50797,1076,79.4,79.1,79.4,60.9,64.8,0.000,0.000,0.00,0.000,2.0,4.0,0.8,243,27,2.1,3.8,0.8,252,25,2.0,4.0,0.8,243,27,433,29.00,,0,0,0,69.3,67.5,66.7,0.34,0.34,0.36
COBL,2017-08-21 14:00:00 EDT,42.67627,-74.50797,1076,79.4,79.1,79.4,57.2,63.0,0.000,0.000,0.00,0.000,1.8,4.0,0.8,256,33,2.0,3.8,0.8,264,31,1.8,4.0,0.8,256,33,546,28.99,,0,0,0,69.3,67.5,66.7,0.34,0.34,0.36
COBL,2017-08-21 14:05:00 EDT,42.67627,-74.50797,1076,79.8,79.4,79.8,57.4,63.4,0.000,0.000,0.00,0.000,2.8,6.5,1.6,310,22,3.1,6.0,1.5,322,23,2.8,6.5,1.6,310,22,586,28.99,,0,0,0,69.3,67.5,66.7,0.34,0.33,0.37
COBL,2017-08-21 14:10:00 EDT,42.67627,-74.50797,1076,79.8,79.5,79.8,57.3,63.4,0.000,0.000,0.00,0.000,2.9,5.7,1.3,253,29,3.2,5.5,1.3,267,28,2.9,5.7,1.3,253,29,461,28.99,,0,0,0,69.4,67.5,66.7,0.34,0.33,0.36
COBL,2017-08-21 14:15:00 EDT,42.67627,-74.50797,1076,79.4,79.4,79.4,57.1,62.9,0.000,0.000,0.00,0.000,2.1,4.7,1.0,239,27,2.2,4.3,0.9,248,26,2.1,4.7,1.0,239,27,344,28.99,,0,0,0,69.4,67.5,66.7,0.34,0.33,0.36
COBL,2017-08-21 14:20:00 EDT,42.67627,-74.50797,1076,79.8,79.5,79.8,59.2,64.3,0.000,0.000,0.00,0.000,1.3,4.1,1.1,255,34,1.7,4.1,1.1,261,37,1.3,4.1,1.1,255,34,344,28.99,,0,0,0,69.4,67.5,66.7,0.34,0.33,0.36
COBL,2017-08-21 14:25:00 EDT,42.67627,-74.50797,1076,79.4,79.3,79.4,60.3,64.4,0.000,0.000,0.00,0.000,2.3,3.7,0.7,259,23,2.4,3.9,0.7,270,24,2.3,3.7,0.7,259,23,316,28.98,,0,0,0,69.4,67.5,66.7,0.34,0.33,0.37
COBL,2017-08-21 14:30:00 EDT,42.67627,-74.50797,1076,79.1,79.1,79.1,61.1,64.5,0.000,0.000,0.00,0.000,2.7,4.7,0.6,221,21,2.6,4.1,0.5,233,19,2.7,4.7,0.6,221,21,257,28.98,,0,0,0,69.5,67.5,66.7,0.34,0.33,0.36
COBL,2017-08-21 14:35:00 EDT,42.67627,-74.50797,1076,78.9,79.0,78.9,61.3,64.5,0.000,0.000,0.00,0.000,2.8,4.5,0.8,246,22,3.0,4.9,0.9,254,24,2.8,4.5,0.8,246,22,248,28.98,,0,0,0,69.6,67.5,66.7,0.34,0.34,0.37
COBL,2017-08-21 14:40:00 EDT,42.67627,-74.50797,1076,78.9,79.1,78.9,58.6,63.2,0.000,0.000,0.00,0.000,4.1,7.4,1.2,244,22,4.3,7.0,1.2,251,21,4.1,7.4,1.2,244,22,232,28.98,,0,0,0,69.6,67.5,66.7,0.34,0.33,0.36
COBL,2017-08-21 14:45:00 EDT,42.67627,-74.50797,1076,78.6,78.9,78.6,58.4,62.8,0.000,0.000,0.00,0.000,3.3,5.8,0.9,261,12,3.5,6.3,0.8,270,10,3.3,5.8,0.9,261,12,249,28.98,,0,0,0,69.6,67.4,66.7,0.34,0.33,0.36
COBL,2017-08-21 14:50:00 EDT,42.67627,-74.50797,1076,78.5,78.7,78.5,57.0,61.9,0.000,0.000,0.00,0.000,4.3,7.3,1.2,254,16,4.7,7.4,1.2,265,13,4.3,7.3,1.2,254,16,235,28.97,,0,0,0,69.6,67.5,66.7,0.34,0.33,0.37
COBL,2017-08-21 14:55:00 EDT,42.67627,-74.50797,1076,78.3,78.6,78.3,57.8,62.2,0.000,0.000,0.00,0.000,4.4,6.9,1.1,260,18,4.8,6.5,1.1,269,15,4.4,6.9,1.1,260,18,236,28.97,,0,0,0,69.6,67.5,66.7,0.34,0.33,0.35
COBL,2017-08-21 15:00:00 EDT,42.67627,-74.50797,1076,78.2,78.5,78.2,57.9,62.2,0.000,0.000,0.00,0.000,4.1,6.3,1.0,262,12,4.4,6.4,1.0,271,10,4.1,6.3,1.0,262,12,291,28.97,,0,0,0,69.6,67.5,66.7,0.34,0.33,0.36
COBL,2017-08-21 15:05:00 EDT,42.67627,-74.50797,1076,77.8,78.2,77.8,60.4,63.0,0.000,0.000,0.00,0.000,3.8,5.6,0.8,276,13,4.1,5.3,0.8,286,11,3.8,5.6,0.8,276,13,322,28.97,,0,0,0,69.6,67.5,66.7,0.34,0.33,0.37
COBL,2017-08-21 15:10:00 EDT,42.67627,-74.50797,1076,78.3,78.4,78.3,59.5,63.0,0.000,0.000,0.00,0.000,3.2,5.4,1.0,278,14,3.5,5.2,1.0,288,10,3.2,5.4,1.0,278,14,345,28.97,,0,0,0,69.7,67.5,66.7,0.34,0.33,0.36
COBL,2017-08-21 15:15:00 EDT,42.67627,-74.50797,1076,78.6,78.4,78.6,58.0,62.5,0.000,0.000,0.00,0.000,3.3,5.3,0.9,279,17,3.6,5.6,1.0,290,13,3.3,5.3,0.9,279,17,392,28.97,,0,0,0,69.8,67.5,66.7,0.34,0.33,0.36
COBL,2017-08-21 15:20:00 EDT,42.67627,-74.50797,1076,78.9,78.7,78.9,59.4,63.6,0.000,0.000,0.00,0.000,2.7,4.8,0.8,288,21,2.9,4.9,0.8,299,16,2.7,4.8,0.8,288,21,441,28.97,,0,0,0,69.9,67.5,66.7,0.34,0.33,0.36
COBL,2017-08-21 15:25:00 EDT,42.67627,-74.50797,1076,79.3,79.1,79.3,55.5,62.0,0.000,0.000,0.00,0.000,3.5,5.8,0.9,260,21,3.9,6.3,1.1,271,20,3.5,5.8,0.9,260,21,466,28.97,,0,0,0,69.9,67.5,66.7,0.34,0.34,0.36
COBL,2017-08-21 15:30:00 EDT,42.67627,-74.50797,1076,79.6,79.3,79.6,60.9,64.9,0.000,0.000,0.00,0.000,3.0,7.7,1.8,191,21,3.0,7.0,1.8,198,20,3.0,7.7,1.8,191,21,423,28.97,,0,0,0,70.0,67.5,66.7,0.34,0.33,0.37
COBL,2017-08-21 15:35:00 EDT,42.67627,-74.50797,1076,79.7,79.1,79.7,59.8,64.5,0.000,0.000,0.00,0.000,5.4,7.0,0.9,193,14,5.8,7.0,0.8,202,12,5.4,7.0,0.9,193,14,516,28.97,,0,0,0,70.0,67.5,66.7,0.34,0.33,0.36
COBL,2017-08-21 15:40:00 EDT,42.67627,-74.50797,1076,80.0,79.4,80.0,59.1,64.4,0.000,0.000,0.00,0.000,5.4,7.9,1.1,193,11,5.6,7.6,1.1,200,9,5.4,7.9,1.1,193,11,530,28.97,,0,0,0,70.0,67.5,66.7,0.34,0.33,0.36
COBL,2017-08-21 15:45:00 EDT,42.67627,-74.50797,1076,80.1,79.5,81.7,58.1,64.0,0.000,0.000,0.00,0.000,4.5,5.8,0.6,204,18,4.7,5.9,0.5,210,16,4.5,5.8,0.6,204,18,546,28.97,,0,0,0,70.0,67.6,66.7,0.34,0.33,0.37
COBL,2017-08-21 15:50:00 EDT,42.67627,-74.50797,1076,80.4,79.8,82.1,57.9,64.2,0.000,0.000,0.00,0.000,4.4,8.3,1.7,220,11,4.5,7.0,1.4,228,9,4.4,8.3,1.7,220,11,557,28.97,,0,0,0,70.0,67.5,66.7,0.34,0.33,0.36
COBL,2017-08-21 15:55:00 EDT,42.67627,-74.50797,1076,80.7,80.1,82.3,57.2,64.1,0.000,0.000,0.00,0.000,5.1,8.3,1.3,211,12,5.1,7.2,1.2,219,10,5.1,8.3,1.3,211,12,571,28.97,,0,0,0,70.0,67.5,66.7,0.34,0.33,0.36
COBL,2017-08-21 16:00:00 EDT,42.67627,-74.50797,1076,80.7,80.3,82.3,56.4,63.8,0.000,0.000,0.00,0.000,5.2,7.4,0.9,214,13,5.4,7.1,0.8,221,10,5.2,7.4,0.9,214,13,540,28.96,,0,0,0,70.0,67.6,66.7,0.34,0.33,0.36
COBL,2017-08-21 16:05:00 EDT,42.67627,-74.50797,1076,80.9,80.5,82.4,56.0,63.8,0.000,0.000,0.00,0.000,4.1,5.6,0.9,224,13,4.1,5.2,0.7,231,10,4.1,5.6,0.9,224,13,549,28.96,,0,0,0,70.0,67.6,66.7,0.34,0.33,0.36
COBL,2017-08-21 16:10:00 EDT,42.67627,-74.50797,1076,81.2,80.6,82.9,57.2,64.6,0.000,0.000,0.00,0.000,5.5,8.6,1.2,222,17,5.4,8.3,1.2,229,18,5.5,8.6,1.2,222,17,532,28.96,,0,0,0,70.0,67.7,66.7,0.34,0.33,0.36
COBL,2017-08-21 16:15:00 EDT,42.67627,-74.50797,1076,81.0,80.6,82.5,56.2,63.9,0.000,0.000,0.00,0.000,4.8,6.9,1.4,206,22,4.8,6.8,1.4,214,22,4.8,6.9,1.4,206,22,448,28.96,,0,0,0,70.0,67.7,66.7,0.33,0.33,0.36
COBL,2017-08-21 16:20:00 EDT,42.67627,-74.50797,1076,81.1,80.7,82.7,56.9,64.3,0.000,0.000,0.00,0.000,3.3,6.6,1.4,189,13,3.6,6.4,1.5,197,12,3.3,6.6,1.4,189,13,501,28.96,,0,0,0,70.0,67.7,66.7,0.34,0.33,0.36
COBL,2017-08-21 16:25:00 EDT,42.67627,-74.50797,1076,81.3,80.9,83.0,56.8,64.6,0.000,0.000,0.00,0.000,1.1,3.4,1.0,189,22,1.5,3.6,1.0,200,26,1.1,3.4,1.0,189,22,453,28.96,,0,0,0,70.0,67.7,66.7,0.34,0.33,0.37
COBL,2017-08-21 16:30:00 EDT,42.67627,-74.50797,1076,81.4,81.1,83.0,56.5,64.4,0.000,0.000,0.00,0.000,3.9,8.0,1.9,210,20,4.0,7.5,1.9,217,22,3.9,8.0,1.9,210,20,311,28.96,,0,0,0,70.0,67.8,66.7,0.34,0.33,0.36
COBL,2017-08-21 16:35:00 EDT,42.67627,-74.50797,1076,80.9,80.9,82.5,57.3,64.4,0.000,0.000,0.00,0.000,5.8,8.8,1.3,242,16,6.1,8.8,1.3,252,14,5.8,8.8,1.3,242,16,390,28.95,,0,0,0,70.1,67.7,66.7,0.34,0.33,0.37
COBL,2017-08-21 16:40:00 EDT,42.67627,-74.50797,1076,81.2,81.0,83.0,57.8,64.9,0.000,0.000,0.00,0.000,6.5,10.6,1.8,221,15,6.6,9.8,1.5,232,15,6.5,10.6,1.8,221,15,415,28.95,,0,0,0,70.1,67.8,66.7,0.34,0.33,0.36
COBL,2017-08-21 16:45:00 EDT,42.67627,-74.50797,1076,81.3,81.2,83.1,57.6,64.9,0.000,0.000,0.00,0.000,6.7,9.9,1.7,211,11,6.9,9.7,1.5,218,8,6.7,9.9,1.7,211,11,393,28.95,,0,0,0,70.1,67.7,66.7,0.34,0.33,0.36
COBL,2017-08-21 16:50:00 EDT,42.67627,-74.50797,1076,81.4,81.3,83.4,58.4,65.4,0.000,0.000,0.00,0.000,5.9,8.2,1.2,217,17,6.1,8.0,1.1,224,14,5.9,8.2,1.2,217,17,462,28.95,,0,0,0,70.2,67.8,66.7,0.34,0.33,0.36
COBL,2017-08-21 16:55:00 EDT,42.67627,-74.50797,1076,81.0,81.1,82.9,58.4,65.1,0.000,0.000,0.00,0.000,6.5,10.2,1.6,213,14,6.6,9.4,1.4,219,12,6.5,10.2,1.6,213,14,198,28.95,,0,0,0,70.3,67.8,66.7,0.34,0.33,0.37
COBL,2017-08-21 17:00:00 EDT,42.67627,-74.50797,1076,80.6,80.8,82.4,58.5,64.7,0.000,0.000,0.00,0.000,7.2,9.7,1.1,208,14,7.4,9.4,0.9,214,10,7.2,9.7,1.1,208,14,396,28.95,,0,0,0,70.3,67.8,66.7,0.34,0.33,0.36
COBL,2017-08-21 17:05:00 EDT,42.67627,-74.50797,1076,80.5,80.8,82.2,57.9,64.3,0.000,0.000,0.00,0.000,7.2,11.0,1.9,201,11,7.5,10.3,1.7,208,9,7.2,11.0,1.9,201,11,293,28.95,,0,0,0,70.3,67.8,66.7,0.34,0.33,0.37
COBL,2017-08-21 17:10:00 EDT,42.67627,-74.50797,1076,80.7,80.8,82.4,58.0,64.5,0.000,0.000,0.00,0.000,7.0,10.3,1.5,219,15,7.1,9.4,1.4,226,13,7.0,10.3,1.5,219,15,372,28.95,,0,0,0,70.4,67.8,66.7,0.33,0.33,0.36
COBL,2017-08-21 17:15:00 EDT,42.67627,-74.50797,1076,80.9,80.9,82.7,58.5,65.0,0.000,0.000,0.00,0.000,4.5,7.6,1.7,225,18,4.7,6.8,1.7,233,17,4.5,7.6,1.7,225,18,306,28.95,,0,0,0,70.4,67.8,66.7,0.34,0.33,0.37
COBL,2017-08-21 17:20:00 EDT,42.67627,-74.50797,1076,80.6,80.8,82.2,57.0,64.0,0.000,0.000,0.00,0.000,7.5,10.3,1.4,219,13,7.6,9.0,1.1,225,11,7.5,10.3,1.4,219,13,335,28.95,,0,0,0,70.4,67.7,66.7,0.34,0.33,0.37
COBL,2017-08-21 17:25:00 EDT,42.67627,-74.50797,1076,80.2,80.7,81.7,56.3,63.2,0.000,0.000,0.00,0.000,7.2,10.5,1.1,217,14,7.3,9.7,1.0,225,12,7.2,10.5,1.1,217,14,173,28.95,,0,0,0,70.4,67.8,66.7,0.33,0.33,0.36
COBL,2017-08-21 17:30:00 EDT,42.67627,-74.50797,1076,80.5,80.6,82.1,57.8,64.2,0.000,0.000,0.00,0.000,4.5,10.4,1.8,212,22,4.7,8.5,1.6,222,19,4.5,10.4,1.8,212,22,328,28.95,,0,0,0,70.4,67.8,66.7,0.34,0.33,0.37
COBL,2017-08-21 17:35:00 EDT,42.67627,-74.50797,1076,80.4,80.5,82.0,58.0,64.3,0.000,0.000,0.00,0.000,6.5,10.8,2.0,222,15,6.7,10.6,1.8,228,16,6.5,10.8,2.0,222,15,282,28.95,,0,0,0,70.4,67.8,66.7,0.33,0.33,0.36
COBL,2017-08-21 17:40:00 EDT,42.67627,-74.50797,1076,80.1,80.3,81.8,58.5,64.3,0.000,0.000,0.00,0.000,5.9,9.4,1.5,225,17,6.0,8.5,1.2,234,13,5.9,9.4,1.5,225,17,255,28.95,,0,0,0,70.4,67.8,66.7,0.33,0.33,0.36
COBL,2017-08-21 17:45:00 EDT,42.67627,-74.50797,1076,79.9,80.1,79.9,59.1,64.4,0.000,0.000,0.00,0.000,3.8,7.0,1.0,242,12,4.2,6.6,1.1,254,10,3.8,7.0,1.0,242,12,217,28.95,,0,0,0,70.5,67.8,66.7,0.34,0.33,0.36
COBL,2017-08-21 17:50:00 EDT,42.67627,-74.50797,1076,79.8,80.0,79.8,59.9,64.6,0.000,0.000,0.00,0.000,3.4,6.4,1.1,239,23,3.5,6.0,1.0,245,17,3.4,6.4,1.1,239,23,191,28.95,,0,0,0,70.6,67.8,66.7,0.33,0.33,0.36
COBL,2017-08-21 17:55:00 EDT,42.67627,-74.50797,1076,79.5,79.9,79.5,60.6,64.7,0.000,0.000,0.00,0.000,3.4,7.5,1.0,252,19,3.5,6.8,1.0,263,16,3.4,7.5,1.0,252,19,178,28.95,,0,0,0,70.7,67.8,66.7,0.33,0.33,0.36
COBL,2017-08-21 18:00:00 EDT,42.67627,-74.50797,1076,79.6,79.9,79.6,59.5,64.3,0.000,0.000,0.00,0.000,3.4,6.9,1.2,258,25,3.8,6.9,1.3,270,20,3.4,6.9,1.2,258,25,141,28.94,,0,0,0,70.7,67.8,66.7,0.33,0.33,0.36
COBL,2017-08-21 18:05:00 EDT,42.67627,-74.50797,1076,79.5,79.7,79.5,60.5,64.6,0.000,0.000,0.00,0.000,2.1,6.2,1.2,266,29,2.4,5.2,1.2,276,30,2.1,6.2,1.2,266,29,244,28.94,,0,0,0,70.7,67.8,66.7,0.33,0.33,0.36
COBL,2017-08-21 18:10:00 EDT,42.67627,-74.50797,1076,79.3,79.8,79.3,59.4,63.9,0.000,0.000,0.00,0.000,3.2,5.3,1.0,256,23,3.4,5.4,1.0,267,20,3.2,5.3,1.0,256,23,129,28.94,,0,0,0,70.7,67.8,66.7,0.33,0.33,0.36
COBL,2017-08-21 18:15:00 EDT,42.67627,-74.50797,1076,79.2,79.7,79.2,60.3,64.2,0.000,0.000,0.00,0.000,3.2,6.4,1.2,266,21,3.5,6.2,1.3,277,19,3.2,6.4,1.2,266,21,210,28.94,,0,0,0,70.7,67.8,66.7,0.33,0.33,0.36
COBL,2017-08-21 18:20:00 EDT,42.67627,-74.50797,1076,79.4,79.7,79.4,59.5,64.1,0.000,0.000,0.00,0.000,3.1,7.5,1.3,269,21,3.3,7.6,1.4,280,19,3.1,7.5,1.3,269,21,193,28.94,,0,0,0,70.7,67.8,66.7,0.33,0.33,0.36
COBL,2017-08-21 18:25:00 EDT,42.67627,-74.50797,1076,78.3,79.4,78.3,64.0,65.1,0.000,0.000,0.00,0.000,3.1,6.6,1.0,290,26,3.2,7.0,0.9,301,23,3.1,6.6,1.0,290,26,177,28.93,,0,0,0,70.7,67.8,66.7,0.33,0.33,0.37
COBL,2017-08-21 18:30:00 EDT,42.67627,-74.50797,1076,78.2,79.3,78.2,64.4,65.2,0.000,0.000,0.00,0.000,2.6,6.3,1.3,263,23,2.9,7.0,1.5,275,22,2.6,6.3,1.3,263,23,161,28.93,,0,0,0,70.7,67.8,66.7,0.33,0.33,0.36
COBL,2017-08-21 18:35:00 EDT,42.67627,-74.50797,1076,77.1,79.3,77.1,67.3,65.4,0.000,0.000,0.00,0.000,2.4,4.3,0.9,301,18,2.4,4.0,0.8,310,17,2.4,4.3,0.9,301,18,145,28.93,,0,0,0,70.7,67.8,66.7,0.33,0.33,0.36
COBL,2017-08-21 18:40:00 EDT,42.67627,-74.50797,1076,76.7,79.2,76.7,68.8,65.6,0.000,0.000,0.00,0.000,2.1,3.5,0.6,292,22,2.1,3.7,0.6,299,19,2.1,3.5,0.6,292,22,129,28.93,,0,0,0,70.7,67.8,66.7,0.33,0.33,0.36
COBL,2017-08-21 18:45:00 EDT,42.67627,-74.50797,1076,76.6,78.9,76.6,68.5,65.5,0.000,0.000,0.00,0.000,2.5,3.8,0.7,276,13,2.7,3.7,0.7,287,10,2.5,3.8,0.7,276,13,50,28.93,,0,0,0,70.7,67.8,66.7,0.33,0.33,0.36
COBL,2017-08-21 18:50:00 EDT,42.67627,-74.50797,1076,76.2,78.6,76.2,69.9,65.6,0.000,0.000,0.00,0.000,2.4,4.0,0.7,261,25,2.6,4.0,0.8,273,19,2.4,4.0,0.7,261,25,41,28.93,,0,0,0,70.7,67.8,66.7,0.33,0.33,0.36
COBL,2017-08-21 18:55:00 EDT,42.67627,-74.50797,1076,77.2,78.4,77.2,67.4,65.6,0.000,0.000,0.00,0.000,3.1,4.8,0.9,249,24,3.3,5.0,0.9,257,21,3.1,4.8,0.9,249,24,39,28.93,,0,0,0,70.7,67.8,66.7,0.33,0.33,0.36
COBL,2017-08-21 19:00:00 EDT,42.67627,-74.50797,1076,77.0,78.0,77.0,67.4,65.4,0.000,0.000,0.00,0.000,1.3,3.4,0.8,250,23,1.5,2.8,0.8,261,21,1.3,3.4,0.8,250,23,36,28.93,,0,0,0,70.7,67.8,66.7,0.33,0.33,0.35
COBL,2017-08-21 19:05:00 EDT,42.67627,-74.50797,1076,76.4,77.9,76.4,68.9,65.5,0.000,0.000,0.00,0.000,2.0,4.7,1.0,251,24,2.3,4.7,0.9,262,22,2.0,4.7,1.0,251,24,33,28.93,,0,0,0,70.7,67.8,66.7,0.33,0.33,0.36
COBL,2017-08-21 19:10:00 EDT,42.67627,-74.50797,1076,75.9,77.3,75.9,70.0,65.4,0.000,0.000,0.00,0.000,2.5,4.2,0.8,240,19,2.7,4.4,0.8,250,17,2.5,4.2,0.8,240,19,29,28.93,,0,0,0,70.7,67.8,66.7,0.33,0.33,0.36
COBL,2017-08-21 19:15:00 EDT,42.67627,-74.50797,1076,76.1,77.2,76.1,70.1,65.6,0.000,0.000,0.00,0.000,2.5,7.9,1.5,246,24,2.7,5.7,1.3,256,21,2.5,7.9,1.5,246,24,26,28.94,,0,0,0,70.7,67.8,66.7,0.33,0.33,0.36
COBL,2017-08-21 19:20:00 EDT,42.67627,-74.50797,1076,76.0,77.3,76.0,70.3,65.6,0.000,0.000,0.00,0.000,2.7,5.0,0.7,247,19,2.8,4.2,0.6,255,16,2.7,5.0,0.7,247,19,23,28.93,,0,0,0,70.7,67.8,66.7,0.33,0.33,0.35
COBL,2017-08-21 19:25:00 EDT,42.67627,-74.50797,1076,76.0,77.2,76.0,69.8,65.5,0.000,0.000,0.00,0.000,2.3,4.5,0.9,254,25,2.5,4.9,0.9,263,21,2.3,4.5,0.9,254,25,16,28.93,,0,0,0,70.7,67.8,66.7,0.34,0.33,0.36
COBL,2017-08-21 19:30:00 EDT,42.67627,-74.50797,1076,75.6,77.1,75.6,71.0,65.5,0.000,0.000,0.00,0.000,2.2,4.5,0.8,251,19,2.4,4.1,0.8,262,15,2.2,4.5,0.8,251,19,12,28.94,,0,0,0,70.7,67.8,66.7,0.33,0.33,0.36
COBL,2017-08-21 19:35:00 EDT,42.67627,-74.50797,1076,75.1,76.6,75.1,71.4,65.2,0.000,0.000,0.00,0.000,1.4,3.4,0.7,243,28,1.5,2.8,0.6,255,19,1.4,3.4,0.7,243,28,10,28.94,,0,0,0,70.7,67.8,66.7,0.33,0.33,0.36
COBL,2017-08-21 19:40:00 EDT,42.67627,-74.50797,1076,74.3,76.1,74.3,73.0,65.1,0.000,0.000,0.00,0.000,1.3,2.0,0.5,243,25,1.5,2.4,0.4,252,24,1.3,2.0,0.5,243,25,8,28.94,,0,0,0,70.7,67.8,66.7,0.33,0.33,0.36
COBL,2017-08-21 19:45:00 EDT,42.67627,-74.50797,1076,74.8,76.1,74.8,73.4,65.7,0.000,0.000,0.00,0.000,0.2,0.9,0.3,326,20,0.6,1.5,0.5,308,30,0.2,0.9,0.3,326,20,5,28.94,,0,0,0,70.7,67.8,66.7,0.33,0.33,0.36
COBL,2017-08-21 19:50:00 EDT,42.67627,-74.50797,1076,74.2,76.4,74.2,73.6,65.2,0.000,0.000,0.00,0.000,0.0,0.6,0.1,64,0,0.1,1.3,0.4,85,17,0.0,0.6,0.1,64,0,3,28.94,,0,0,0,70.7,67.8,66.7,0.33,0.33,0.36
COBL,2017-08-21 19:55:00 EDT,42.67627,-74.50797,1076,73.0,75.6,73.0,75.7,64.9,0.000,0.000,0.00,0.000,1.0,1.9,0.7,28,15,1.0,2.0,0.8,35,14,1.0,1.9,0.7,28,15,2,28.94,,0,0,0,70.7,67.8,66.7,0.33,0.33,0.36
COBL,2017-08-21 20:00:00 EDT,42.67627,-74.50797,1076,73.5,75.8,73.5,76.6,65.7,0.000,0.000,0.00,0.000,1.1,2.3,0.6,357,28,1.4,2.4,0.6,8,31,1.1,2.3,0.6,357,28,1,28.94,,0,0,0,70.7,67.8,66.7,0.34,0.33,0.36
COBL,2017-08-21 20:05:00 EDT,42.67627,-74.50797,1076,72.9,76.0,72.9,78.2,65.7,0.000,0.000,0.00,0.000,1.6,2.6,0.5,314,21,1.8,2.7,0.4,325,18,1.6,2.6,0.5,314,21,1,28.94,,0,0,0,70.7,67.8,66.7,0.33,0.33,0.36
COBL,2017-08-21 20:10:00 EDT,42.67627,-74.50797,1076,72.6,75.9,72.6,78.9,65.6,0.000,0.000,0.00,0.000,1.8,3.0,0.6,280,18,2.0,3.0,0.5,291,17,1.8,3.0,0.6,280,18,1,28.94,,0,0,0,70.7,67.8,66.7,0.33,0.33,0.36
COBL,2017-08-21 20:15:00 EDT,42.67627,-74.50797,1076,71.5,75.5,71.5,81.0,65.4,0.000,0.000,0.00,0.000,1.0,2.3,0.8,324,18,1.2,2.5,0.9,333,18,1.0,2.3,0.8,324,18,0,28.94,,0,0,0,70.7,67.8,66.7,0.33,0.33,0.36
COBL,2017-08-21 20:20:00 EDT,42.67627,-74.50797,1076,70.2,74.2,70.2,84.0,65.1,0.000,0.000,0.00,0.000,0.8,2.2,0.5,339,21,1.2,2.3,0.5,338,24,0.8,2.2,0.5,339,21,0,28.94,,0,0,0,70.6,67.8,66.7,0.33,0.33,0.36
COBL,2017-08-21 20:25:00 EDT,42.67627,-74.50797,1076,71.1,72.7,71.1,84.5,66.2,0.000,0.000,0.00,0.000,0.5,2.7,0.7,240,19,0.7,2.5,0.7,246,17,0.5,2.7,0.7,240,19,0,28.94,,0,0,0,70.5,67.8,66.7,0.33,0.33,0.36
COBL,2017-08-21 20:30:00 EDT,42.67627,-74.50797,1076,71.9,73.0,71.9,82.8,66.4,0.000,0.000,0.00,0.000,1.8,3.0,0.5,246,21,1.9,2.7,0.3,256,18,1.8,3.0,0.5,246,21,0,28.94,,0,0,0,70.5,67.8,66.7,0.33,0.33,0.36
COBL,2017-08-21 20:35:00 EDT,42.67627,-74.50797,1076,71.4,73.5,71.4,82.3,65.7,0.000,0.000,0.00,0.000,2.2,3.6,0.5,270,20,2.3,3.8,0.6,278,18,2.2,3.6,0.5,270,20,0,28.94,,0,0,0,70.4,67.8,66.7,0.34,0.33,0.36
COBL,2017-08-21 20:40:00 EDT,42.67627,-74.50797,1076,70.5,73.4,70.5,83.7,65.3,0.000,0.000,0.00,0.000,4.2,6.6,1.5,317,15,4.2,6.3,1.6,325,13,4.2,6.6,1.5,317,15,0,28.94,,0,0,0,70.4,67.8,66.7,0.33,0.33,0.36
COBL,2017-08-21 20:45:00 EDT,42.67627,-74.50797,1076,69.3,73.6,69.3,87.7,65.4,0.000,0.000,0.00,0.000,5.4,6.2,0.5,324,3,5.6,6.2,0.3,334,3,5.4,6.2,0.5,324,3,0,28.94,,0,0,0,70.4,67.8,66.7,0.33,0.33,0.36
COBL,2017-08-21 20:50:00 EDT,42.67627,-74.50797,1076,69.8,73.1,69.8,87.2,65.8,0.000,0.000,0.00,0.000,3.3,4.8,1.2,314,16,3.5,5.1,1.1,324,16,3.3,4.8,1.2,314,16,0,28.94,,0,0,0,70.3,67.9,66.7,0.33,0.33,0.36
COBL,2017-08-21 20:55:00 EDT,42.67627,-74.50797,1076,69.3,72.1,69.3,87.8,65.5,0.000,0.000,0.00,0.000,1.7,2.8,0.5,266,16,2.0,2.8,0.5,275,15,1.7,2.8,0.5,266,16,0,28.94,,0,0,0,70.3,67.9,66.7,0.33,0.33,0.36
COBL,2017-08-21 21:00:00 EDT,42.67627,-74.50797,1076,69.8,73.2,69.8,87.1,65.8,0.000,0.000,0.00,0.000,2.4,3.4,0.4,283,10,2.5,3.3,0.4,296,8,2.4,3.4,0.4,283,10,0,28.94,,0,0,0,70.3,67.9,66.7,0.33,0.33,0.36
COBL,2017-08-21 21:05:00 EDT,42.67627,-74.50797,1076,69.8,73.4,69.8,86.9,65.7,0.000,0.000,0.00,0.000,2.5,3.3,0.4,277,11,2.7,3.2,0.4,289,9,2.5,3.3,0.4,277,11,0,28.94,,0,0,0,70.3,68.0,66.7,0.33,0.33,0.36
COBL,2017-08-21 21:10:00 EDT,42.67627,-74.50797,1076,70.4,73.4,70.4,85.7,65.9,0.000,0.000,0.00,0.000,1.7,2.8,0.4,261,18,1.9,2.7,0.4,270,16,1.7,2.8,0.4,261,18,0,28.94,,0,0,0,70.3,68.0,66.7,0.33,0.33,0.37
COBL,2017-08-21 21:15:00 EDT,42.67627,-74.50797,1076,70.3,72.9,70.3,85.5,65.7,0.000,0.000,0.00,0.000,1.3,2.0,0.3,270,20,1.5,2.2,0.3,276,18,1.3,2.0,0.3,270,20,0,28.94,,0,0,0,70.3,68.0,66.7,0.33,0.33,0.36
COBL,2017-08-21 21:20:00 EDT,42.67627,-74.50797,1076,69.2,72.5,69.2,87.1,65.2,0.000,0.000,0.00,0.000,0.8,1.9,0.7,270,22,1.0,2.0,0.6,290,28,0.8,1.9,0.7,270,22,0,28.94,,0,0,0,70.3,68.1,66.7,0.33,0.33,0.36
COBL,2017-08-21 21:25:00 EDT,42.67627,-74.50797,1076,68.7,71.1,68.7,88.8,65.3,0.000,0.000,0.00,0.000,1.0,2.2,0.6,309,15,1.2,2.4,0.6,312,20,1.0,2.2,0.6,309,15,0,28.95,,0,0,0,70.3,68.1,66.7,0.33,0.33,0.36
COBL,2017-08-21 21:30:00 EDT,42.67627,-74.50797,1076,68.9,71.6,68.9,88.3,65.3,0.000,0.000,0.00,0.000,2.5,3.8,0.5,352,22,2.7,3.6,0.7,359,20,2.5,3.8,0.5,352,22,0,28.94,,0,0,0,70.1,68.1,66.7,0.33,0.33,0.36
COBL,2017-08-21 21:35:00 EDT,42.67627,-74.50797,1076,68.0,71.1,68.0,90.6,65.1,0.000,0.000,0.00,0.000,2.3,4.7,1.2,312,22,2.6,4.7,1.2,324,23,2.3,4.7,1.2,312,22,0,28.95,,0,0,0,70.1,68.2,66.7,0.33,0.33,0.36
COBL,2017-08-21 21:40:00 EDT,42.67627,-74.50797,1076,67.8,69.6,67.8,91.7,65.3,0.000,0.000,0.00,0.000,0.6,1.5,0.5,238,34,0.7,1.6,0.5,252,29,0.6,1.5,0.5,238,34,0,28.95,,0,0,0,70.0,68.2,66.7,0.33,0.33,0.36
COBL,2017-08-21 21:45:00 EDT,42.67627,-74.50797,1076,68.6,70.6,68.6,91.3,65.9,0.000,0.000,0.00,0.000,1.6,3.0,0.6,322,22,1.7,3.1,0.7,332,23,1.6,3.0,0.6,322,22,0,28.95,,0,0,0,70.1,68.2,66.7,0.33,0.33,0.36
COBL,2017-08-21 21:50:00 EDT,42.67627,-74.50797,1076,68.1,70.9,68.1,90.7,65.3,0.000,0.000,0.00,0.000,1.2,3.3,1.0,301,11,1.3,3.2,1.0,308,8,1.2,3.3,1.0,301,11,0,28.95,,0,0,0,70.0,68.2,66.7,0.33,0.33,0.36
COBL,2017-08-21 21:55:00 EDT,42.67627,-74.50797,1076,68.1,71.1,68.1,90.9,65.3,0.000,0.000,0.00,0.000,0.2,0.9,0.3,181,32,0.3,1.3,0.5,161,32,0.2,0.9,0.3,181,32,0,28.95,,0,0,0,70.0,68.2,66.7,0.33,0.33,0.36
COBL,2017-08-21 22:00:00 EDT,42.67627,-74.50797,1076,67.6,69.7,67.6,91.2,65.0,0.000,0.000,0.00,0.000,0.3,1.3,0.4,220,6,0.5,1.3,0.5,212,24,0.3,1.3,0.4,220,6,0,28.94,,0,0,0,70.0,68.2,66.7,0.33,0.33,0.36
COBL,2017-08-21 22:05:00 EDT,42.67627,-74.50797,1076,68.8,70.0,68.8,91.3,66.1,0.000,0.000,0.00,0.000,1.9,3.1,0.6,284,24,2.0,2.8,0.5,290,23,1.9,3.1,0.6,284,24,0,28.94,,0,0,0,70.0,68.2,66.7,0.33,0.33,0.35
COBL,2017-08-21 22:10:00 EDT,42.67627,-74.50797,1076,67.4,70.4,67.4,91.2,64.8,0.000,0.000,0.00,0.000,2.7,3.2,0.3,325,14,2.9,4.0,0.6,335,14,2.7,3.2,0.3,325,14,0,28.94,,0,0,0,70.0,68.2,66.7,0.33,0.33,0.36
COBL,2017-08-21 22:15:00 EDT,42.67627,-74.50797,1076,67.7,70.6,67.7,92.2,65.3,0.000,0.000,0.00,0.000,3.1,3.9,0.4,331,10,3.4,4.5,0.8,341,10,3.1,3.9,0.4,331,10,0,28.94,,0,0,0,70.0,68.2,66.7,0.33,0.33,0.36
COBL,2017-08-21 22:20:00 EDT,42.67627,-74.50797,1076,67.6,70.4,67.6,92.1,65.2,0.000,0.000,0.00,0.000,2.5,3.9,0.7,320,18,2.9,4.4,0.9,330,15,2.5,3.9,0.7,320,18,0,28.94,,0,0,0,70.0,68.2,66.7,0.33,0.33,0.36
COBL,2017-08-21 22:25:00 EDT,42.67627,-74.50797,1076,67.2,69.3,67.2,91.9,64.8,0.000,0.000,0.00,0.000,0.7,2.1,0.7,287,15,0.9,2.4,0.7,291,20,0.7,2.1,0.7,287,15,0,28.94,,0,0,0,70.0,68.2,66.7,0.33,0.33,0.36
COBL,2017-08-21 22:30:00 EDT,42.67627,-74.50797,1076,67.6,69.2,67.6,93.0,65.5,0.000,0.000,0.00,0.000,0.1,0.6,0.2,277,19,0.4,1.1,0.4,284,23,0.1,0.6,0.2,277,19,0,28.94,,0,0,0,70.0,68.2,66.7,0.33,0.33,0.36
COBL,2017-08-21 22:35:00 EDT,42.67627,-74.50797,1076,68.4,69.9,68.4,91.4,65.8,0.000,0.000,0.00,0.000,0.0,0.7,0.1,36,1,0.2,1.0,0.4,79,23,0.0,0.7,0.1,36,1,0,28.94,,0,0,0,70.0,68.2,66.7,0.33,0.33,0.36
COBL,2017-08-21 22:40:00 EDT,42.67627,-74.50797,1076,67.7,69.3,67.7,90.4,64.7,0.000,0.000,0.00,0.000,0.4,1.5,0.4,63,44,0.7,1.8,0.6,72,43,0.4,1.5,0.4,63,44,0,28.94,,0,0,0,70.0,68.2,66.7,0.33,0.33,0.36
COBL,2017-08-21 22:45:00 EDT,42.67627,-74.50797,1076,68.1,69.0,68.1,92.3,65.8,0.000,0.000,0.00,0.000,1.5,2.8,0.6,200,19,1.7,2.9,0.5,208,19,1.5,2.8,0.6,200,19,0,28.94,,0,0,0,70.0,68.2,66.7,0.33,0.33,0.36
COBL,2017-08-21 22:50:00 EDT,42.67627,-74.50797,1076,67.6,68.7,67.6,91.5,65.0,0.000,0.000,0.00,0.000,0.8,2.1,0.7,170,13,1.2,2.3,0.6,165,29,0.8,2.1,0.7,170,13,0,28.93,,0,0,0,70.0,68.2,66.7,0.33,0.33,0.36
COBL,2017-08-21 22:55:00 EDT,42.67627,-74.50797,1076,67.0,68.3,67.0,92.3,64.7,0.000,0.000,0.00,0.000,1.8,3.4,0.6,50,11,2.0,3.1,0.5,57,10,1.8,3.4,0.6,50,11,0,28.93,,0,0,0,70.0,68.2,66.7,0.33,0.33,0.36
COBL,2017-08-21 23:00:00 EDT,42.67627,-74.50797,1076,66.3,67.9,66.3,93.3,64.3,0.000,0.000,0.00,0.000,1.7,3.4,0.9,81,21,2.0,3.8,1.0,87,21,1.7,3.4,0.9,81,21,0,28.94,,0,0,0,69.9,68.2,66.7,0.33,0.33,0.37
COBL,2017-08-21 23:05:00 EDT,42.67627,-74.50797,1076,66.2,67.4,66.2,94.0,64.4,0.000,0.000,0.00,0.000,1.6,2.5,0.5,60,13,1.9,3.0,0.5,67,13,1.6,2.5,0.5,60,13,0,28.93,,0,0,0,69.8,68.2,66.7,0.33,0.33,0.36
COBL,2017-08-21 23:10:00 EDT,42.67627,-74.50797,1076,66.3,67.2,66.3,95.0,64.8,0.000,0.000,0.00,0.000,1.8,2.5,0.4,46,15,2.0,2.9,0.4,54,13,1.8,2.5,0.4,46,15,0,28.93,,0,0,0,69.7,68.2,66.7,0.33,0.33,0.36
COBL,2017-08-21 23:15:00 EDT,42.67627,-74.50797,1076,66.2,67.1,66.2,94.9,64.7,0.000,0.000,0.00,0.000,2.1,3.9,0.9,6,19,2.3,4.4,1.0,14,20,2.1,3.9,0.9,6,19,0,28.94,,0,0,0,69.7,68.2,66.7,0.33,0.33,0.36
COBL,2017-08-21 23:20:00 EDT,42.67627,-74.50797,1076,66.3,67.3,66.3,94.9,64.8,0.000,0.000,0.00,0.000,2.6,3.6,0.4,350,12,3.2,4.0,0.6,358,11,2.6,3.6,0.4,350,12,0,28.94,,0,0,0,69.6,68.2,66.7,0.33,0.33,0.36
COBL,2017-08-21 23:25:00 EDT,42.67627,-74.50797,1076,66.6,68.1,66.6,94.6,65.0,0.000,0.000,0.00,0.000,3.6,5.4,1.0,341,12,4.1,6.1,1.0,351,9,3.6,5.4,1.0,341,12,0,28.94,,0,0,0,69.6,68.2,66.7,0.33,0.33,0.36
COBL,2017-08-21 23:30:00 EDT,42.67627,-74.50797,1076,66.8,68.7,66.8,93.9,65.0,0.000,0.000,0.00,0.000,4.3,5.5,0.7,328,9,4.8,6.0,0.7,338,9,4.3,5.5,0.7,328,9,0,28.93,,0,0,0,69.6,68.2,66.7,0.33,0.33,0.36
COBL,2017-08-21 23:35:00 EDT,42.67627,-74.50797,1076,66.7,69.0,66.7,93.8,64.8,0.000,0.000,0.00,0.000,2.9,3.9,0.6,328,13,3.2,4.5,0.7,335,11,2.9,3.9,0.6,328,13,0,28.93,,0,0,0,69.6,68.2,66.7,0.33,0.33,0.36
COBL,2017-08-21 23:40:00 EDT,42.67627,-74.50797,1076,67.1,69.8,67.1,94.2,65.4,0.000,0.000,0.00,0.000,1.4,3.1,0.7,315,17,1.5,2.8,0.7,324,12,1.4,3.1,0.7,315,17,0,28.93,,0,0,0,69.6,68.2,66.7,0.33,0.33,0.36
COBL,2017-08-21 23:45:00 EDT,42.67627,-74.50797,1076,67.0,69.9,67.0,92.7,64.8,0.000,0.000,0.00,0.000,2.8,3.7,0.5,314,13,2.8,3.8,0.5,322,10,2.8,3.7,0.5,314,13,0,28.94,,0,0,0,69.6,68.3,66.7,0.33,0.33,0.36
COBL,2017-08-21 23:50:00 EDT,42.67627,-74.50797,1076,67.0,69.8,67.0,93.5,65.1,0.000,0.000,0.00,0.000,1.7,3.1,0.6,296,35,1.9,3.1,0.7,310,35,1.7,3.1,0.6,296,35,0,28.94,,0,0,0,69.6,68.2,66.7,0.33,0.33,0.36
COBL,2017-08-21 23:55:00 EDT,42.67627,-74.50797,1076,67.3,69.9,67.3,93.2,65.3,0.000,0.000,0.00,0.000,1.2,2.6,0.6,270,19,1.4,2.9,0.7,278,19,1.2,2.6,0.6,270,19,0,28.94,,0,0,0,69.6,68.2,66.7,0.33,0.33,0.36
COHO,2017-08-21 00:00:00 EDT,42.51178,-77.43762,1966,66.0,67.9,66.0,66.3,54.5,0.000,0.000,0.00,0.000,1.5,2.3,0.4,217,9,1.6,2.7,0.4,218,10,1.5,2.3,0.4,217,9,0,28.13,,0,0,0,65.1,66.0,64.4,0.16,0.21,0.26
COHO,2017-08-21 00:05:00 EDT,42.51178,-77.43762,1966,66.6,67.9,66.6,67.5,55.5,0.000,0.000,0.00,0.000,1.8,2.7,0.4,226,11,2.0,3.1,0.5,228,12,1.8,2.7,0.4,226,11,0,28.13,,0,0,0,65.1,66.0,64.4,0.16,0.21,0.26
COHO,2017-08-21 00:10:00 EDT,42.51178,-77.43762,1966,66.1,67.3,66.1,67.8,55.2,0.000,0.000,0.00,0.000,1.8,3.1,0.7,220,10,2.1,4.0,0.6,223,10,1.8,3.1,0.7,220,10,0,28.13,,0,0,0,65.1,66.0,64.4,0.16,0.21,0.26
COHO,2017-08-21 00:15:00 EDT,42.51178,-77.43762,1966,65.8,67.4,65.8,68.7,55.2,0.000,0.000,0.00,0.000,2.3,3.8,0.7,219,10,2.5,4.4,0.8,220,10,2.3,3.8,0.7,219,10,0,28.13,,0,0,0,65.1,66.0,64.4,0.16,0.22,0.26
COHO,2017-08-21 00:20:00 EDT,42.51178,-77.43762,1966,64.3,67.2,64.3,70.4,54.5,0.000,0.000,0.00,0.000,2.4,3.6,0.5,199,12,2.6,4.8,0.6,202,13,2.4,3.6,0.5,199,12,0,28.13,,0,0,0,65.1,66.0,64.4,0.16,0.21,0.26
COHO,2017-08-21 00:25:00 EDT,42.51178,-77.43762,1966,63.3,66.1,63.3,73.5,54.7,0.000,0.000,0.00,0.000,3.0,3.9,0.5,177,6,3.4,4.8,0.5,178,6,3.0,3.9,0.5,177,6,0,28.13,,0,0,0,64.9,66.0,64.4,0.16,0.21,0.26
COHO,2017-08-21 00:30:00 EDT,42.51178,-77.43762,1966,62.8,65.9,62.8,75.8,55.0,0.000,0.000,0.00,0.000,3.3,3.8,0.3,175,5,3.6,4.5,0.3,176,6,3.3,3.8,0.3,175,5,0,28.13,,0,0,0,64.8,66.0,64.4,0.16,0.21,0.26
COHO,2017-08-21 00:35:00 EDT,42.51178,-77.43762,1966,62.8,64.8,62.8,76.4,55.3,0.000,0.000,0.00,0.000,3.1,3.9,0.5,172,6,3.5,4.6,0.6,173,7,3.1,3.9,0.5,172,6,0,28.13,,0,0,0,64.8,66.0,64.4,0.16,0.21,0.26
COHO,2017-08-21 00:40:00 EDT,42.51178,-77.43762,1966,61.2,64.3,61.2,78.5,54.5,0.000,0.000,0.00,0.000,4.4,5.2,0.4,166,4,4.9,6.1,0.5,166,5,4.4,5.2,0.4,166,4,0,28.13,,0,0,0,64.8,66.0,64.4,0.16,0.21,0.26
COHO,2017-08-21 00:45:00 EDT,42.51178,-77.43762,1966,60.6,63.8,60.6,82.3,55.2,0.000,0.000,0.00,0.000,4.0,4.8,0.3,148,7,4.5,5.7,0.4,147,7,4.0,4.8,0.3,148,7,0,28.13,,0,0,0,64.8,66.0,64.4,0.16,0.21,0.26
COHO,2017-08-21 00:50:00 EDT,42.51178,-77.43762,1966,60.7,63.4,60.7,82.2,55.2,0.000,0.000,0.00,0.000,4.2,5.2,0.4,149,7,4.6,5.6,0.5,148,7,4.2,5.2,0.4,149,7,0,28.13,,0,0,0,64.6,66.0,64.4,0.16,0.21,0.26
COHO,2017-08-21 00:55:00 EDT,42.51178,-77.43762,1966,60.9,63.1,60.9,83.1,55.8,0.000,0.000,0.00,0.000,4.0,5.1,0.4,152,6,4.5,6.0,0.5,151,6,4.0,5.1,0.4,152,6,0,28.13,,0,0,0,64.5,66.0,64.4,0.16,0.21,0.26
COHO,2017-08-21 01:00:00 EDT,42.51178,-77.43762,1966,61.1,63.0,61.1,83.6,56.1,0.000,0.000,0.00,0.000,2.9,3.7,0.3,149,5,3.3,4.5,0.4,146,4,2.9,3.7,0.3,149,5,0,28.13,,0,0,0,64.4,66.0,64.4,0.16,0.21,0.26
COHO,2017-08-21 01:05:00 EDT,42.51178,-77.43762,1966,61.3,62.8,61.3,84.1,56.4,0.000,0.000,0.00,0.000,2.9,3.9,0.5,149,5,3.3,4.4,0.5,147,4,2.9,3.9,0.5,149,5,0,28.13,,0,0,0,64.4,66.0,64.4,0.16,0.21,0.26
COHO,2017-08-21 01:10:00 EDT,42.51178,-77.43762,1966,60.4,63.1,60.4,84.8,55.8,0.000,0.000,0.00,0.000,4.6,6.6,0.8,157,5,5.1,7.3,0.9,155,6,4.6,6.6,0.8,157,5,0,28.13,,0,0,0,64.4,66.0,64.4,0.16,0.21,0.26
COHO,2017-08-21 01:15:00 EDT,42.51178,-77.43762,1966,60.8,63.5,60.8,86.3,56.7,0.000,0.000,0.00,0.000,5.4,6.7,0.5,159,4,6.0,7.3,0.5,158,4,5.4,6.7,0.5,159,4,0,28.13,,0,0,0,64.4,66.0,64.4,0.16,0.22,0.26
COHO,2017-08-21 01:20:00 EDT,42.51178,-77.43762,1966,61.3,63.4,61.3,85.6,56.9,0.000,0.000,0.00,0.000,5.1,6.1,0.5,161,6,5.8,7.0,0.6,160,5,5.1,6.1,0.5,161,6,0,28.13,,0,0,0,64.4,66.0,64.4,0.16,0.22,0.26
COHO,2017-08-21 01:25:00 EDT,42.51178,-77.43762,1966,61.4,63.3,61.4,85.6,57.0,0.000,0.000,0.00,0.000,5.1,6.1,0.5,158,6,5.7,7.2,0.6,157,6,5.1,6.1,0.5,158,6,0,28.13,,0,0,0,64.4,66.0,64.4,0.16,0.22,0.26
COHO,2017-08-21 01:30:00 EDT,42.51178,-77.43762,1966,61.2,63.2,61.2,85.7,56.9,0.000,0.000,0.00,0.000,4.6,6.3,0.6,159,7,5.3,6.7,0.6,159,7,4.6,6.3,0.6,159,7,0,28.13,,0,0,0,64.4,66.0,64.4,0.16,0.22,0.26
COHO,2017-08-21 01:35:00 EDT,42.51178,-77.43762,1966,61.7,63.4,61.7,85.6,57.4,0.000,0.000,0.00,0.000,4.4,6.1,0.8,163,7,4.9,7.0,0.9,163,8,4.4,6.1,0.8,163,7,0,28.13,,0,0,0,64.4,66.0,64.4,0.16,0.22,0.26
COHO,2017-08-21 01:40:00 EDT,42.51178,-77.43762,1966,62.1,63.5,62.1,84.8,57.5,0.000,0.000,0.00,0.000,4.8,6.4,0.6,167,8,5.4,7.0,0.7,167,8,4.8,6.4,0.6,167,8,0,28.13,,0,0,0,64.3,66.0,64.4,0.16,0.22,0.26
COHO,2017-08-21 01:45:00 EDT,42.51178,-77.43762,1966,62.5,63.8,62.5,83.9,57.6,0.000,0.000,0.00,0.000,4.8,5.8,0.5,176,6,5.3,6.6,0.5,178,4,4.8,5.8,0.5,176,6,0,28.13,,0,0,0,64.2,66.0,64.4,0.16,0.22,0.26
COHO,2017-08-21 01:50:00 EDT,42.51178,-77.43762,1966,62.8,64.0,62.8,83.2,57.6,0.000,0.000,0.00,0.000,4.5,5.5,0.7,176,5,4.9,6.2,0.7,177,5,4.5,5.5,0.7,176,5,0,28.13,,0,0,0,64.2,66.0,64.4,0.16,0.22,0.26
COHO,2017-08-21 01:55:00 EDT,42.51178,-77.43762,1966,62.4,64.1,62.4,82.9,57.1,0.000,0.000,0.00,0.000,3.8,4.7,0.3,170,6,4.3,5.6,0.4,170,6,3.8,4.7,0.3,170,6,0,28.13,,0,0,0,64.2,66.0,64.4,0.16,0.22,0.26
COHO,2017-08-21 02:00:00 EDT,42.51178,-77.43762,1966,61.8,64.2,61.8,83.0,56.6,0.000,0.000,0.00,0.000,3.5,5.1,0.4,171,8,4.0,5.8,0.6,172,10,3.5,5.1,0.4,171,8,0,28.13,,0,0,0,64.2,66.0,64.4,0.16,0.21,0.26
COHO,2017-08-21 02:05:00 EDT,42.51178,-77.43762,1966,62.2,64.5,62.2,83.2,57.0,0.000,0.000,0.00,0.000,3.4,4.4,0.4,181,6,3.8,5.0,0.5,182,6,3.4,4.4,0.4,181,6,0,28.13,,0,0,0,64.2,66.0,64.4,0.16,0.22,0.26
COHO,2017-08-21 02:10:00 EDT,42.51178,-77.43762,1966,62.4,64.9,62.4,83.0,57.2,0.000,0.000,0.00,0.000,3.4,4.6,0.5,184,9,3.7,5.5,0.6,187,7,3.4,4.6,0.5,184,9,0,28.13,,0,0,0,64.2,66.0,64.4,0.16,0.22,0.26
COHO,2017-08-21 02:15:00 EDT,42.51178,-77.43762,1966,62.8,65.7,62.8,82.6,57.5,0.000,0.000,0.00,0.000,2.6,3.4,0.4,193,9,2.9,4.5,0.6,193,9,2.6,3.4,0.4,193,9,0,28.13,,0,0,0,64.2,66.0,64.4,0.16,0.22,0.26
COHO,2017-08-21 02:20:00 EDT,42.51178,-77.43762,1966,63.7,66.1,63.7,81.0,57.8,0.000,0.000,0.00,0.000,2.2,3.2,0.6,195,12,2.6,4.2,0.6,199,12,2.2,3.2,0.6,195,12,0,28.13,,0,0,0,64.2,66.0,64.4,0.16,0.22,0.26
COHO,2017-08-21 02:25:00 EDT,42.51178,-77.43762,1966,64.5,66.5,64.5,78.4,57.6,0.000,0.000,0.00,0.000,2.8,4.1,0.5,196,9,3.1,4.6,0.5,198,8,2.8,4.1,0.5,196,9,0,28.13,,0,0,0,64.2,66.0,64.4,0.16,0.22,0.26
COHO,2017-08-21 02:30:00 EDT,42.51178,-77.43762,1966,64.7,66.5,64.7,76.3,57.1,0.000,0.000,0.00,0.000,2.8,3.7,0.4,194,9,3.0,4.3,0.6,196,8,2.8,3.7,0.4,194,9,0,28.12,,0,0,0,64.2,66.0,64.4,0.16,0.22,0.26
COHO,2017-08-21 02:35:00 EDT,42.51178,-77.43762,1966,64.6,66.3,64.6,75.1,56.6,0.000,0.000,0.00,0.000,2.8,3.9,0.5,193,9,3.0,4.4,0.6,195,9,2.8,3.9,0.5,193,9,0,28.12,,0,0,0,64.2,66.0,64.4,0.16,0.22,0.26
COHO,2017-08-21 02:40:00 EDT,42.51178,-77.43762,1966,64.5,66.2,64.5,74.7,56.3,0.000,0.000,0.00,0.000,3.0,4.9,0.7,195,9,3.4,4.9,0.6,195,9,3.0,4.9,0.7,195,9,0,28.13,,0,0,0,64.2,66.0,64.4,0.16,0.22,0.26
COHO,2017-08-21 02:45:00 EDT,42.51178,-77.43762,1966,64.2,66.0,64.2,75.2,56.2,0.000,0.000,0.00,0.000,3.7,5.0,0.6,188,7,4.1,5.6,0.7,188,7,3.7,5.0,0.6,188,7,0,28.13,,0,0,0,64.1,65.9,64.4,0.16,0.22,0.26
COHO,2017-08-21 02:50:00 EDT,42.51178,-77.43762,1966,64.0,65.4,64.0,76.5,56.5,0.000,0.000,0.00,0.000,4.2,5.6,0.6,176,6,4.6,6.7,0.7,177,6,4.2,5.6,0.6,176,6,0,28.13,,0,0,0,63.9,65.9,64.4,0.16,0.22,0.26
COHO,2017-08-21 02:55:00 EDT,42.51178,-77.43762,1966,63.1,64.8,63.1,78.5,56.3,0.000,0.000,0.00,0.000,4.7,5.4,0.3,171,4,5.2,6.1,0.4,172,4,4.7,5.4,0.3,171,4,0,28.13,,0,0,0,63.9,65.8,64.4,0.16,0.22,0.26
COHO,2017-08-21 03:00:00 EDT,42.51178,-77.43762,1966,63.1,64.3,63.1,80.2,56.9,0.000,0.000,0.00,0.000,4.5,5.6,0.4,175,5,4.9,6.0,0.5,176,4,4.5,5.6,0.4,175,5,0,28.13,,0,0,0,63.9,65.8,64.4,0.16,0.22,0.26
COHO,2017-08-21 03:05:00 EDT,42.51178,-77.43762,1966,62.9,64.0,62.9,80.4,56.7,0.000,0.000,0.00,0.000,3.0,5.2,0.6,175,7,3.4,5.5,0.7,175,10,3.0,5.2,0.6,175,7,0,28.13,,0,0,0,63.9,65.8,64.4,0.16,0.22,0.26
COHO,2017-08-21 03:10:00 EDT,42.51178,-77.43762,1966,62.5,64.1,62.5,80.2,56.3,0.000,0.000,0.00,0.000,2.1,5.0,0.9,179,18,2.5,4.9,0.8,179,17,2.1,5.0,0.9,179,18,0,28.13,,0,0,0,63.9,65.8,64.4,0.16,0.22,0.26
COHO,2017-08-21 03:15:00 EDT,42.51178,-77.43762,1966,63.0,64.4,63.0,79.6,56.5,0.000,0.000,0.00,0.000,2.5,4.4,0.8,179,13,2.9,5.1,0.8,181,15,2.5,4.4,0.8,179,13,0,28.13,,0,0,0,63.9,65.8,64.4,0.16,0.22,0.26
COHO,2017-08-21 03:20:00 EDT,42.51178,-77.43762,1966,62.8,64.3,62.8,78.8,56.1,0.000,0.000,0.00,0.000,2.0,3.7,0.7,173,20,2.5,4.1,0.7,174,20,2.0,3.7,0.7,173,20,0,28.13,,0,0,0,63.9,65.8,64.4,0.16,0.22,0.26
COHO,2017-08-21 03:25:00 EDT,42.51178,-77.43762,1966,63.0,64.6,63.0,78.2,56.1,0.000,0.000,0.00,0.000,1.7,3.9,0.8,183,21,2.1,4.3,0.8,187,22,1.7,3.9,0.8,183,21,0,28.13,,0,0,0,63.9,65.8,64.4,0.16,0.21,0.26
COHO,2017-08-21 03:30:00 EDT,42.51178,-77.43762,1966,63.7,64.7,63.7,77.3,56.5,0.000,0.000,0.00,0.000,1.3,3.4,0.7,186,20,1.7,3.5,0.6,190,23,1.3,3.4,0.7,186,20,0,28.13,,0,0,0,63.9,65.8,64.4,0.16,0.22,0.26
COHO,2017-08-21 03:35:00 EDT,42.51178,-77.43762,1966,63.8,64.8,63.8,76.8,56.4,0.000,0.000,0.00,0.000,0.9,3.1,0.6,189,24,1.3,4.0,0.6,191,28,0.9,3.1,0.6,189,24,0,28.13,,0,0,0,63.9,65.8,64.4,0.16,0.22,0.26
COHO,2017-08-21 03:40:00 EDT,42.51178,-77.43762,1966,64.2,65.0,64.2,76.1,56.5,0.000,0.000,0.00,0.000,2.2,4.3,1.0,192,17,2.5,4.8,1.0,194,16,2.2,4.3,1.0,192,17,0,28.13,,0,0,0,63.9,65.8,64.4,0.16,0.22,0.26
COHO,2017-08-21 03:45:00 EDT,42.51178,-77.43762,1966,63.4,64.7,63.4,75.8,55.7,0.000,0.000,0.00,0.000,1.8,3.2,0.5,184,15,2.2,3.8,0.5,187,16,1.8,3.2,0.5,184,15,0,28.13,,0,0,0,63.9,65.8,64.4,0.16,0.22,0.26
COHO,2017-08-21 03:50:00 EDT,42.51178,-77.43762,1966,63.4,65.1,63.4,76.3,55.8,0.000,0.000,0.00,0.000,2.4,4.2,0.7,196,13,2.8,5.0,0.8,197,12,2.4,4.2,0.7,196,13,0,28.13,,0,0,0,63.9,65.8,64.4,0.16,0.22,0.26
COHO,2017-08-21 03:55:00 EDT,42.51178,-77.43762,1966,63.8,65.2,63.8,76.3,56.2,0.000,0.000,0.00,0.000,2.1,3.5,0.5,196,15,2.3,3.8,0.5,199,15,2.1,3.5,0.5,196,15,0,28.13,,0,0,0,63.9,65.8,64.4,0.16,0.22,0.26
COHO,2017-08-21 04:00:00 EDT,42.51178,-77.43762,1966,64.1,65.1,64.1,75.5,56.2,0.000,0.000,0.00,0.000,1.4,3.3,0.5,205,22,1.7,3.9,0.6,205,23,1.4,3.3,0.5,205,22,0,28.12,,0,0,0,63.8,65.8,64.4,0.16,0.21,0.26
COHO,2017-08-21 04:05:00 EDT,42.51178,-77.43762,1966,64.0,64.9,64.0,75.2,56.0,0.000,0.000,0.00,0.000,0.9,2.0,0.6,211,15,1.3,2.3,0.5,216,22,0.9,2.0,0.6,211,15,0,28.13,,0,0,0,63.7,65.8,64.4,0.16,0.21,0.26
COHO,2017-08-21 04:10:00 EDT,42.51178,-77.43762,1966,63.9,64.8,63.9,75.1,55.9,0.000,0.000,0.00,0.000,1.2,2.2,0.5,188,17,1.7,2.7,0.4,192,14,1.2,2.2,0.5,188,17,0,28.12,,0,0,0,63.5,65.8,64.4,0.16,0.21,0.26
COHO,2017-08-21 04:15:00 EDT,42.51178,-77.43762,1966,63.6,64.7,63.6,75.7,55.8,0.000,0.000,0.00,0.000,1.9,2.7,0.4,187,9,2.2,3.3,0.4,189,10,1.9,2.7,0.4,187,9,0,28.12,,0,0,0,63.5,65.8,64.4,0.16,0.21,0.26
COHO,2017-08-21 04:20:00 EDT,42.51178,-77.43762,1966,63.5,64.5,63.5,76.3,55.9,0.000,0.000,0.00,0.000,1.2,2.9,0.6,170,19,1.4,2.8,0.6,168,21,1.2,2.9,0.6,170,19,0,28.12,,0,0,0,63.5,65.8,64.4,0.16,0.21,0.26
COHO,2017-08-21 04:25:00 EDT,42.51178,-77.43762,1966,63.3,64.5,63.3,75.8,55.6,0.000,0.000,0.00,0.000,1.5,3.4,0.7,165,19,2.0,4.4,0.7,167,18,1.5,3.4,0.7,165,19,0,28.13,,0,0,0,63.5,65.8,64.4,0.16,0.21,0.26
COHO,2017-08-21 04:30:00 EDT,42.51178,-77.43762,1966,62.9,64.3,62.9,75.8,55.2,0.000,0.000,0.00,0.000,2.3,3.4,0.4,171,13,2.5,3.9,0.5,171,15,2.3,3.4,0.4,171,13,0,28.13,,0,0,0,63.5,65.8,64.4,0.16,0.21,0.26
COHO,2017-08-21 04:35:00 EDT,42.51178,-77.43762,1966,62.6,64.0,62.6,76.7,55.2,0.000,0.000,0.00,0.000,2.4,3.6,0.5,165,12,2.8,4.6,0.7,164,14,2.4,3.6,0.5,165,12,0,28.13,,0,0,0,63.5,65.8,64.4,0.16,0.21,0.26
COHO,2017-08-21 04:40:00 EDT,42.51178,-77.43762,1966,62.1,64.0,62.1,78.1,55.2,0.000,0.000,0.00,0.000,3.8,6.8,1.2,172,15,4.2,8.0,1.2,171,14,3.8,6.8,1.2,172,15,0,28.13,,0,0,0,63.5,65.8,64.4,0.16,0.21,0.26
COHO,2017-08-21 04:45:00 EDT,42.51178,-77.43762,1966,62.4,64.1,62.4,78.8,55.8,0.000,0.000,0.00,0.000,4.5,5.8,0.7,165,11,5.1,6.3,0.7,164,11,4.5,5.8,0.7,165,11,0,28.13,,0,0,0,63.5,65.8,64.4,0.16,0.21,0.26
COHO,2017-08-21 04:50:00 EDT,42.51178,-77.43762,1966,62.0,63.6,62.0,79.6,55.6,0.000,0.000,0.00,0.000,4.8,5.9,0.5,158,8,5.3,6.8,0.6,157,8,4.8,5.9,0.5,158,8,0,28.13,,0,0,0,63.3,65.8,64.4,0.16,0.21,0.26
COHO,2017-08-21 04:55:00 EDT,42.51178,-77.43762,1966,61.4,63.3,61.4,80.1,55.3,0.000,0.000,0.00,0.000,3.8,5.3,0.6,152,8,4.3,5.9,0.6,151,7,3.8,5.3,0.6,152,8,0,28.13,,0,0,0,63.2,65.8,64.4,0.16,0.21,0.26
COHO,2017-08-21 05:00:00 EDT,42.51178,-77.43762,1966,61.4,62.9,61.4,80.6,55.3,0.000,0.000,0.00,0.000,3.9,5.0,0.5,153,7,4.3,5.8,0.6,152,6,3.9,5.0,0.5,153,7,0,28.13,,0,0,0,63.1,65.8,64.4,0.16,0.21,0.26
COHO,2017-08-21 05:05:00 EDT,42.51178,-77.43762,1966,61.4,63.1,61.4,80.1,55.2,0.000,0.000,0.00,0.000,3.8,4.8,0.5,157,9,4.2,6.0,0.6,155,9,3.8,4.8,0.5,157,9,0,28.13,,0,0,0,63.1,65.8,64.4,0.16,0.21,0.26
COHO,2017-08-21 05:10:00 EDT,42.51178,-77.43762,1966,61.7,63.4,61.7,80.0,55.5,0.000,0.000,0.00,0.000,4.3,5.7,0.5,157,9,4.9,6.4,0.6,157,9,4.3,5.7,0.5,157,9,0,28.13,,0,0,0,63.1,65.8,64.4,0.16,0.21,0.26
COHO,2017-08-21 05:15:00 EDT,42.51178,-77.43762,1966,61.9,63.6,61.9,79.3,55.4,0.000,0.000,0.00,0.000,4.5,5.8,0.5,154,9,5.0,6.6,0.6,153,8,4.5,5.8,0.5,154,9,0,28.13,,0,0,0,63.1,65.8,64.4,0.16,0.21,0.26
COHO,2017-08-21 05:20:00 EDT,42.51178,-77.43762,1966,61.7,63.6,61.7,79.3,55.2,0.000,0.000,0.00,0.000,4.5,5.7,0.4,160,8,5.1,6.3,0.5,160,8,4.5,5.7,0.4,160,8,0,28.13,,0,0,0,63.1,65.8,64.4,0.16,0.21,0.26
COHO,2017-08-21 05:25:00 EDT,42.51178,-77.43762,1966,62.1,63.7,62.1,80.3,56.0,0.000,0.000,0.00,0.000,4.8,6.7,0.6,168,6,5.5,7.1,0.7,170,6,4.8,6.7,0.6,168,6,0,28.13,,0,0,0,63.1,65.8,64.4,0.16,0.21,0.26
COHO,2017-08-21 05:30:00 EDT,42.51178,-77.43762,1966,62.4,63.8,62.4,80.6,56.3,0.000,0.000,0.00,0.000,4.5,5.8,0.6,176,8,4.9,6.9,0.7,177,7,4.5,5.8,0.6,176,8,0,28.13,,0,0,0,63.1,65.8,64.4,0.16,0.21,0.26
COHO,2017-08-21 05:35:00 EDT,42.51178,-77.43762,1966,62.6,63.7,62.6,80.2,56.4,0.000,0.000,0.00,0.000,3.9,5.0,0.5,182,8,4.3,5.8,0.7,183,6,3.9,5.0,0.5,182,8,0,28.13,,0,0,0,63.1,65.8,64.4,0.16,0.21,0.26
COHO,2017-08-21 05:40:00 EDT,42.51178,-77.43762,1966,62.7,63.9,62.7,79.5,56.3,0.000,0.000,0.00,0.000,4.2,6.7,1.0,185,12,4.8,7.7,1.2,187,11,4.2,6.7,1.0,185,12,0,28.13,,0,0,0,63.1,65.6,64.4,0.16,0.21,0.26
COHO,2017-08-21 05:45:00 EDT,42.51178,-77.43762,1966,62.6,63.4,62.6,79.2,56.0,0.000,0.000,0.00,0.000,4.2,5.9,0.7,172,11,4.8,7.1,1.0,173,12,4.2,5.9,0.7,172,11,0,28.13,,0,0,0,63.1,65.5,64.4,0.16,0.21,0.26
COHO,2017-08-21 05:50:00 EDT,42.51178,-77.43762,1966,62.3,63.1,62.3,79.9,56.0,0.000,0.000,0.00,0.000,5.0,6.6,0.7,167,8,5.6,7.3,0.8,168,8,5.0,6.6,0.7,167,8,0,28.13,,0,0,0,63.1,65.5,64.4,0.16,0.21,0.26
COHO,2017-08-21 05:55:00 EDT,42.51178,-77.43762,1966,61.9,63.0,61.9,80.8,55.9,0.000,0.000,0.00,0.000,5.1,6.4,0.7,167,8,5.7,7.4,0.8,167,8,5.1,6.4,0.7,167,8,0,28.13,,0,0,0,63.1,65.5,64.4,0.16,0.21,0.26
COHO,2017-08-21 06:00:00 EDT,42.51178,-77.43762,1966,61.8,62.9,61.8,81.1,55.9,0.000,0.000,0.00,0.000,5.3,6.1,0.5,164,6,5.9,7.3,0.6,165,6,5.3,6.1,0.5,164,6,0,28.13,,0,0,0,63.1,65.5,64.4,0.16,0.21,0.26
COHO,2017-08-21 06:05:00 EDT,42.51178,-77.43762,1966,61.8,62.9,61.8,81.5,56.0,0.000,0.000,0.00,0.000,6.0,8.6,1.1,164,7,6.6,9.4,1.2,164,7,6.0,8.6,1.1,164,7,0,28.13,,0,0,0,63.1,65.5,64.4,0.16,0.21,0.26
COHO,2017-08-21 06:10:00 EDT,42.51178,-77.43762,1966,61.7,62.8,61.7,81.5,56.0,0.000,0.000,0.00,0.000,5.5,8.3,1.0,167,8,6.1,9.0,1.0,167,8,5.5,8.3,1.0,167,8,1,28.13,,0,0,0,63.1,65.5,64.4,0.16,0.21,0.26
COHO,2017-08-21 06:15:00 EDT,42.51178,-77.43762,1966,61.5,62.7,61.5,81.5,55.8,0.000,0.000,0.00,0.000,4.6,6.3,0.7,164,8,5.2,6.8,0.8,164,9,4.6,6.3,0.7,164,8,1,28.13,,0,0,0,63.1,65.5,64.4,0.16,0.21,0.26
COHO,2017-08-21 06:20:00 EDT,42.51178,-77.43762,1966,61.6,63.0,61.6,81.7,55.9,0.000,0.000,0.00,0.000,4.9,6.3,0.6,167,7,5.5,6.9,0.8,168,7,4.9,6.3,0.6,167,7,1,28.13,,0,0,0,63.1,65.5,64.4,0.16,0.21,0.26
COHO,2017-08-21 06:25:00 EDT,42.51178,-77.43762,1966,61.8,63.3,61.8,81.6,56.1,0.000,0.000,0.00,0.000,4.9,7.5,0.6,166,5,5.5,8.0,0.7,166,5,4.9,7.5,0.6,166,5,2,28.13,,0,0,0,63.1,65.5,64.4,0.16,0.21,0.26
COHO,2017-08-21 06:30:00 EDT,42.51178,-77.43762,1966,61.8,63.5,61.8,80.6,55.8,0.000,0.000,0.00,0.000,4.5,6.1,0.5,160,7,4.9,6.2,0.6,159,8,4.5,6.1,0.5,160,7,4,28.12,,0,0,0,63.1,65.5,64.4,0.16,0.21,0.26
COHO,2017-08-21 06:35:00 EDT,42.51178,-77.43762,1966,62.2,64.0,62.2,79.5,55.8,0.000,0.000,0.00,0.000,4.9,7.1,0.9,163,9,5.4,7.8,0.9,163,9,4.9,7.1,0.9,163,9,7,28.12,,0,0,0,63.1,65.5,64.4,0.16,0.21,0.26
COHO,2017-08-21 06:40:00 EDT,42.51178,-77.43762,1966,62.8,64.4,62.8,78.3,56.0,0.000,0.000,0.00,0.000,5.3,6.6,0.6,167,7,5.8,7.5,0.6,167,6,5.3,6.6,0.6,167,7,13,28.12,,0,0,0,63.1,65.5,64.4,0.16,0.21,0.26
COHO,2017-08-21 06:45:00 EDT,42.51178,-77.43762,1966,62.7,64.2,62.7,77.9,55.7,0.000,0.000,0.00,0.000,5.2,7.3,0.8,166,7,5.8,7.8,0.8,167,7,5.2,7.3,0.8,166,7,21,28.12,,0,0,0,63.1,65.5,64.4,0.16,0.22,0.26
COHO,2017-08-21 06:50:00 EDT,42.51178,-77.43762,1966,62.8,64.2,62.8,78.0,55.9,0.000,0.000,0.00,0.000,5.5,7.7,0.7,168,9,6.1,8.4,0.8,169,8,5.5,7.7,0.7,168,9,27,28.12,,0,0,0,63.1,65.5,64.4,0.16,0.22,0.26
COHO,2017-08-21 06:55:00 EDT,42.51178,-77.43762,1966,62.8,64.0,62.8,77.9,55.8,0.000,0.000,0.00,0.000,5.3,7.2,0.7,162,8,6.0,7.8,0.8,163,8,5.3,7.2,0.7,162,8,37,28.12,,0,0,0,63.1,65.5,64.4,0.16,0.22,0.26
COHO,2017-08-21 07:00:00 EDT,42.51178,-77.43762,1966,62.8,63.9,62.8,77.7,55.7,0.000,0.000,0.00,0.000,4.7,6.7,0.7,161,8,5.3,7.3,0.8,161,8,4.7,6.7,0.7,161,8,51,28.13,,0,0,0,63.1,65.5,64.4,0.16,0.22,0.26
COHO,2017-08-21 07:05:00 EDT,42.51178,-77.43762,1966,62.8,63.8,62.8,77.8,55.8,0.000,0.000,0.00,0.000,4.5,5.8,0.6,163,7,5.1,6.6,0.7,163,7,4.5,5.8,0.6,163,7,82,28.13,,0,0,0,63.1,65.5,64.4,0.16,0.22,0.26
COHO,2017-08-21 07:10:00 EDT,42.51178,-77.43762,1966,63.1,63.8,63.1,76.9,55.7,0.000,0.000,0.00,0.000,3.4,4.8,0.6,162,13,3.9,5.4,0.7,161,13,3.4,4.8,0.6,162,13,103,28.13,,0,0,0,63.1,65.5,64.4,0.16,0.22,0.26
COHO,2017-08-21 07:15:00 EDT,42.51178,-77.43762,1966,63.3,63.9,63.3,76.2,55.6,0.000,0.000,0.00,0.000,3.0,4.7,0.6,154,12,3.5,5.1,0.7,153,11,3.0,4.7,0.6,154,12,99,28.13,,0,0,0,63.1,65.5,64.4,0.16,0.21,0.26
COHO,2017-08-21 07:20:00 EDT,42.51178,-77.43762,1966,63.5,64.1,63.5,75.8,55.8,0.000,0.000,0.00,0.000,3.9,5.4,0.6,159,10,4.4,6.3,0.8,159,10,3.9,5.4,0.6,159,10,148,28.13,,0,0,0,63.1,65.5,64.4,0.16,0.21,0.26
COHO,2017-08-21 07:25:00 EDT,42.51178,-77.43762,1966,63.9,64.4,63.9,74.4,55.6,0.000,0.000,0.00,0.000,3.5,5.0,0.7,154,14,4.0,5.8,0.8,153,14,3.5,5.0,0.7,154,14,134,28.13,,0,0,0,63.1,65.5,64.4,0.16,0.21,0.26
COHO,2017-08-21 07:30:00 EDT,42.51178,-77.43762,1966,63.8,64.2,63.8,75.5,55.9,0.000,0.000,0.00,0.000,4.1,6.0,0.8,153,12,4.8,6.8,0.9,153,12,4.1,6.0,0.8,153,12,102,28.13,,0,0,0,63.1,65.5,64.4,0.17,0.21,0.26
COHO,2017-08-21 07:35:00 EDT,42.51178,-77.43762,1966,63.8,64.0,63.8,76.2,56.1,0.000,0.000,0.00,0.000,3.7,5.5,0.9,133,8,4.2,6.8,1.0,133,6,3.7,5.5,0.9,133,8,97,28.12,,0,0,0,63.2,65.5,64.4,0.16,0.21,0.26
COHO,2017-08-21 07:40:00 EDT,42.51178,-77.43762,1966,63.6,63.8,63.6,76.3,56.0,0.000,0.000,0.00,0.000,5.1,6.5,0.6,134,7,5.7,7.3,0.7,134,5,5.1,6.5,0.6,134,7,86,28.12,,0,0,0,63.3,65.5,64.4,0.16,0.21,0.26
COHO,2017-08-21 07:45:00 EDT,42.51178,-77.43762,1966,63.4,63.6,63.4,77.2,56.1,0.000,0.000,0.00,0.000,4.8,6.1,0.6,137,9,5.4,6.8,0.7,137,8,4.8,6.1,0.6,137,9,81,28.12,,0,0,0,63.4,65.5,64.4,0.16,0.21,0.26
COHO,2017-08-21 07:50:00 EDT,42.51178,-77.43762,1966,63.1,63.4,63.1,79.0,56.5,0.000,0.000,0.00,0.000,4.1,6.0,0.9,143,12,4.7,7.0,1.0,143,12,4.1,6.0,0.9,143,12,79,28.13,,0,0,0,63.5,65.4,64.4,0.16,0.21,0.26
COHO,2017-08-21 07:55:00 EDT,42.51178,-77.43762,1966,63.1,63.4,63.1,79.2,56.6,0.000,0.000,0.00,0.000,4.5,5.6,0.7,138,8,5.0,6.4,0.8,137,7,4.5,5.6,0.7,138,8,80,28.13,,0,0,0,63.5,65.1,64.4,0.17,0.21,0.26
COHO,2017-08-21 08:00:00 EDT,42.51178,-77.43762,1966,63.2,63.5,63.2,78.5,56.4,0.000,0.000,0.00,0.000,4.6,5.8,0.7,138,12,5.1,7.3,0.9,137,10,4.6,5.8,0.7,138,12,91,28.13,,0,0,0,63.5,65.1,64.4,0.16,0.21,0.26
COHO,2017-08-21 08:05:00 EDT,42.51178,-77.43762,1966,63.5,63.6,63.5,78.4,56.6,0.000,0.000,0.00,0.000,3.4,4.6,0.6,122,8,3.6,5.0,0.7,124,8,3.4,4.6,0.6,122,8,105,28.13,,0,0,0,63.5,65.1,64.4,0.16,0.21,0.26
COHO,2017-08-21 08:10:00 EDT,42.51178,-77.43762,1966,64.1,64.3,64.1,76.4,56.5,0.000,0.000,0.00,0.000,4.0,5.6,0.6,127,14,4.4,6.2,0.8,127,13,4.0,5.6,0.6,127,14,117,28.12,,0,0,0,63.5,65.1,64.4,0.17,0.22,0.26
COHO,2017-08-21 08:15:00 EDT,42.51178,-77.43762,1966,64.2,64.4,64.2,76.7,56.7,0.000,0.000,0.00,0.000,4.0,5.5,0.6,125,13,4.3,6.2,0.8,126,13,4.0,5.5,0.6,125,13,119,28.12,,0,0,0,63.5,65.1,64.4,0.16,0.21,0.26
COHO,2017-08-21 08:20:00 EDT,42.51178,-77.43762,1966,64.3,64.5,64.3,75.8,56.5,0.000,0.000,0.00,0.000,3.0,5.6,0.8,154,20,3.5,6.5,0.9,154,19,3.0,5.6,0.8,154,20,96,28.12,,0,0,0,63.5,65.1,64.4,0.17,0.22,0.26
COHO,2017-08-21 08:25:00 EDT,42.51178,-77.43762,1966,63.9,64.2,63.9,77.5,56.7,0.000,0.000,0.00,0.000,3.7,5.3,0.8,142,14,4.1,6.3,0.9,141,13,3.7,5.3,0.8,142,14,75,28.12,,0,0,0,63.5,65.1,64.4,0.17,0.21,0.26
COHO,2017-08-21 08:30:00 EDT,42.51178,-77.43762,1966,64.1,64.7,64.1,76.6,56.6,0.000,0.000,0.00,0.000,4.6,6.6,0.8,152,21,5.1,7.3,0.9,153,21,4.6,6.6,0.8,152,21,68,28.12,,0,0,0,63.5,65.1,64.4,0.16,0.22,0.26
COHO,2017-08-21 08:35:00 EDT,42.51178,-77.43762,1966,64.0,64.5,64.0,76.4,56.4,0.000,0.000,0.00,0.000,3.9,5.8,1.0,154,12,4.3,7.2,1.1,153,12,3.9,5.8,1.0,154,12,69,28.12,,0,0,0,63.6,65.1,64.4,0.17,0.21,0.26
COHO,2017-08-21 08:40:00 EDT,42.51178,-77.43762,1966,63.7,64.1,63.7,77.3,56.5,0.000,0.000,0.00,0.000,3.4,5.4,0.8,153,13,3.9,6.0,0.9,154,12,3.4,5.4,0.8,153,13,67,28.13,,0,0,0,63.8,65.1,64.4,0.17,0.21,0.26
COHO,2017-08-21 08:45:00 EDT,42.51178,-77.43762,1966,63.7,64.5,63.7,78.5,56.9,0.000,0.000,0.00,0.000,3.9,6.8,0.9,176,31,4.4,7.5,1.1,177,30,3.9,6.8,0.9,176,31,65,28.13,,0,0,0,63.9,65.1,64.4,0.17,0.21,0.26
COHO,2017-08-21 08:50:00 EDT,42.51178,-77.43762,1966,64.6,65.3,64.6,75.2,56.5,0.000,0.000,0.00,0.000,4.5,7.7,1.3,178,15,5.0,8.8,1.5,178,15,4.5,7.7,1.3,178,15,61,28.13,,0,0,0,63.9,65.1,64.4,0.17,0.22,0.26
COHO,2017-08-21 08:55:00 EDT,42.51178,-77.43762,1966,64.1,64.5,64.1,75.9,56.4,0.000,0.000,0.00,0.000,3.5,6.8,1.1,172,13,4.0,6.8,1.2,171,14,3.5,6.8,1.1,172,13,51,28.13,,0,0,0,63.9,65.1,64.4,0.17,0.22,0.26
COHO,2017-08-21 09:00:00 EDT,42.51178,-77.43762,1966,63.6,64.0,63.6,78.7,56.9,0.000,0.000,0.00,0.000,3.5,5.7,0.9,164,14,4.0,6.4,0.9,165,15,3.5,5.7,0.9,164,14,40,28.14,,0,0,0,63.9,65.1,64.4,0.16,0.22,0.26
COHO,2017-08-21 09:05:00 EDT,42.51178,-77.43762,1966,64.0,64.5,64.0,76.9,56.6,0.000,0.000,0.00,0.000,2.4,5.0,0.7,200,21,2.8,5.6,0.7,201,22,2.4,5.0,0.7,200,21,40,28.14,,0,0,0,63.9,65.1,64.4,0.16,0.22,0.26
COHO,2017-08-21 09:10:00 EDT,42.51178,-77.43762,1966,64.4,64.9,64.4,75.1,56.4,0.000,0.000,0.00,0.000,2.8,5.3,1.2,214,15,3.1,5.6,1.2,214,15,2.8,5.3,1.2,214,15,38,28.15,,0,0,0,63.9,65.1,64.4,0.16,0.22,0.26
COHO,2017-08-21 09:15:00 EDT,42.51178,-77.43762,1966,64.2,64.6,64.2,75.9,56.4,0.000,0.000,0.00,0.000,2.6,4.5,0.8,171,17,2.9,4.8,0.8,173,19,2.6,4.5,0.8,171,17,45,28.14,,0,0,0,63.9,65.1,64.4,0.16,0.22,0.26
COHO,2017-08-21 09:20:00 EDT,42.51178,-77.43762,1966,63.8,64.2,63.8,78.0,56.9,0.000,0.000,0.00,0.000,3.3,4.6,0.6,160,11,3.8,5.7,0.7,158,11,3.3,4.6,0.6,160,11,44,28.14,,0,0,0,63.9,65.1,64.4,0.17,0.22,0.26
COHO,2017-08-21 09:25:00 EDT,42.51178,-77.43762,1966,63.7,64.2,63.7,78.5,56.9,0.000,0.000,0.00,0.000,4.2,5.3,0.6,141,10,4.7,6.6,0.7,140,9,4.2,5.3,0.6,141,10,47,28.13,,0,0,0,63.9,65.1,64.4,0.16,0.22,0.26
COHO,2017-08-21 09:30:00 EDT,42.51178,-77.43762,1966,63.7,64.3,63.7,79.1,57.1,0.002,0.002,0.00,0.002,4.3,5.6,0.8,153,10,4.9,6.6,0.8,153,10,4.3,5.6,0.8,153,10,73,28.13,,0,0,0,63.9,65.1,64.4,0.16,0.22,0.26
COHO,2017-08-21 09:35:00 EDT,42.51178,-77.43762,1966,63.9,64.7,63.9,79.0,57.2,0.000,0.002,0.00,0.002,4.3,6.5,0.8,152,11,5.1,7.1,0.9,152,10,4.3,6.5,0.8,152,11,94,28.13,,0,0,0,63.9,65.1,64.4,0.16,0.22,0.26
COHO,2017-08-21 09:40:00 EDT,42.51178,-77.43762,1966,64.1,64.7,64.1,79.0,57.5,0.000,0.002,0.00,0.002,1.9,3.8,1.0,128,25,2.3,4.2,1.0,130,28,1.9,3.8,1.0,128,25,115,28.12,,0,0,0,63.9,65.1,64.4,0.16,0.22,0.26
COHO,2017-08-21 09:45:00 EDT,42.51178,-77.43762,1966,64.8,65.2,64.8,77.8,57.7,0.000,0.002,0.00,0.002,2.7,5.8,1.4,253,14,3.2,6.3,1.4,254,16,2.7,5.8,1.4,253,14,105,28.13,,0,0,0,63.9,65.1,64.4,0.16,0.22,0.26
COHO,2017-08-21 09:50:00 EDT,42.51178,-77.43762,1966,64.7,65.2,64.7,79.4,58.1,0.000,0.002,0.00,0.002,5.9,8.7,1.0,239,7,6.3,9.8,1.0,243,8,5.9,8.7,1.0,239,7,95,28.14,,0,0,0,63.9,65.1,64.4,0.16,0.22,0.26
COHO,2017-08-21 09:55:00 EDT,42.51178,-77.43762,1966,65.2,65.6,65.2,77.2,57.9,0.000,0.002,0.00,0.002,5.4,9.0,1.6,233,12,5.7,9.2,1.5,234,13,5.4,9.0,1.6,233,12,118,28.13,,0,0,0,63.9,65.1,64.4,0.16,0.22,0.26
COHO,2017-08-21 10:00:00 EDT,42.51178,-77.43762,1966,65.7,66.0,65.7,76.3,58.1,0.000,0.002,0.00,0.002,5.0,7.2,1.3,235,13,5.5,8.0,1.3,235,13,5.0,7.2,1.3,235,13,129,28.13,,0,0,0,63.9,65.1,64.4,0.16,0.22,0.26
COHO,2017-08-21 10:05:00 EDT,42.51178,-77.43762,1966,66.2,66.5,66.2,74.6,57.9,0.000,0.002,0.00,0.002,6.6,9.0,1.2,250,12,7.2,10.0,1.3,254,12,6.6,9.0,1.2,250,12,129,28.14,,0,0,0,63.9,65.1,64.4,0.16,0.22,0.26
COHO,2017-08-21 10:10:00 EDT,42.51178,-77.43762,1966,66.2,66.3,66.2,74.3,57.8,0.000,0.002,0.00,0.002,6.3,9.5,1.1,262,10,6.9,10.5,1.3,265,9,6.3,9.5,1.1,262,10,125,28.14,,0,0,0,64.1,65.1,64.4,0.16,0.22,0.26
COHO,2017-08-21 10:15:00 EDT,42.51178,-77.43762,1966,66.1,66.0,66.1,75.4,58.1,0.000,0.002,0.00,0.002,4.4,5.6,0.7,255,10,4.9,6.1,0.7,258,9,4.4,5.6,0.7,255,10,160,28.13,,0,0,0,64.2,65.1,64.4,0.16,0.22,0.26
COHO,2017-08-21 10:20:00 EDT,42.51178,-77.43762,1966,66.7,66.6,66.7,74.9,58.5,0.000,0.002,0.00,0.002,6.5,10.8,1.7,234,10,7.0,11.6,1.8,236,9,6.5,10.8,1.7,234,10,239,28.13,,0,0,0,64.2,65.1,64.4,0.16,0.22,0.26
COHO,2017-08-21 10:25:00 EDT,42.51178,-77.43762,1966,67.7,67.5,67.7,73.6,59.0,0.000,0.002,0.00,0.002,5.7,8.8,1.5,217,16,6.2,9.9,1.5,217,13,5.7,8.8,1.5,217,16,304,28.13,,0,0,0,64.2,65.1,64.4,0.16,0.22,0.26
COHO,2017-08-21 10:30:00 EDT,42.51178,-77.43762,1966,67.8,67.6,67.8,74.0,59.2,0.000,0.002,0.00,0.000,6.7,11.3,1.6,210,14,7.4,12.1,1.6,210,12,6.7,11.3,1.6,210,14,285,28.12,,0,0,0,64.2,65.1,64.4,0.16,0.22,0.26
COHO,2017-08-21 10:35:00 EDT,42.51178,-77.43762,1966,67.5,67.3,67.5,75.3,59.4,0.000,0.002,0.00,0.000,6.3,9.6,1.3,167,20,7.0,11.2,1.4,167,19,6.3,9.6,1.3,167,20,238,28.12,,0,0,0,64.2,65.1,64.4,0.16,0.22,0.26
COHO,2017-08-21 10:40:00 EDT,42.51178,-77.43762,1966,67.1,67.0,67.1,77.1,59.7,0.000,0.002,0.00,0.000,5.7,8.7,1.2,176,13,6.3,9.8,1.3,177,12,5.7,8.7,1.2,176,13,183,28.12,,0,0,0,64.2,65.1,64.4,0.16,0.22,0.26
COHO,2017-08-21 10:45:00 EDT,42.51178,-77.43762,1966,66.7,66.7,66.7,78.0,59.6,0.000,0.002,0.00,0.000,4.4,8.8,1.3,166,15,5.0,10.3,1.5,165,15,4.4,8.8,1.3,166,15,114,28.12,,0,0,0,64.2,65.1,64.4,0.16,0.22,0.26
COHO,2017-08-21 10:50:00 EDT,42.51178,-77.43762,1966,66.4,66.5,66.4,78.8,59.6,0.000,0.002,0.00,0.000,5.2,8.3,0.9,169,11,5.8,8.8,1.0,168,11,5.2,8.3,0.9,169,11,85,28.11,,0,0,0,64.3,65.1,64.4,0.16,0.22,0.26
COHO,2017-08-21 10:55:00 EDT,42.51178,-77.43762,1966,66.3,66.5,66.3,79.3,59.7,0.000,0.002,0.00,0.000,4.9,7.3,0.7,184,15,5.4,8.9,1.0,184,14,4.9,7.3,0.7,184,15,76,28.11,,0,0,0,64.4,65.1,64.4,0.16,0.22,0.26
COHO,2017-08-21 11:00:00 EDT,42.51178,-77.43762,1966,66.7,67.0,66.7,78.8,59.9,0.000,0.002,0.00,0.000,3.7,5.5,0.9,216,17,4.0,6.0,1.0,217,16,3.7,5.5,0.9,216,17,93,28.12,,0,0,0,64.4,65.1,64.4,0.16,0.22,0.26
COHO,2017-08-21 11:05:00 EDT,42.51178,-77.43762,1966,67.2,67.3,67.2,78.5,60.2,0.000,0.002,0.00,0.000,3.2,5.3,1.3,218,16,3.6,6.1,1.3,219,15,3.2,5.3,1.3,218,16,136,28.12,,0,0,0,64.4,65.1,64.4,0.16,0.21,0.26
COHO,2017-08-21 11:10:00 EDT,42.51178,-77.43762,1966,67.3,67.3,67.3,78.5,60.4,0.000,0.002,0.00,0.000,3.2,5.2,0.9,238,22,3.8,5.5,0.9,240,21,3.2,5.2,0.9,238,22,164,28.12,,0,0,0,64.4,65.1,64.4,0.16,0.21,0.26
COHO,2017-08-21 11:15:00 EDT,42.51178,-77.43762,1966,67.8,67.7,67.8,77.2,60.4,0.000,0.002,0.00,0.000,3.5,6.9,1.3,250,19,4.1,7.8,1.4,253,18,3.5,6.9,1.3,250,19,152,28.12,,0,0,0,64.4,65.1,64.4,0.16,0.21,0.26
COHO,2017-08-21 11:20:00 EDT,42.51178,-77.43762,1966,67.7,67.6,67.7,77.6,60.4,0.000,0.002,0.00,0.000,4.2,5.6,0.5,213,22,4.7,6.3,0.6,213,21,4.2,5.6,0.5,213,22,163,28.12,,0,0,0,64.4,65.1,64.4,0.16,0.21,0.26
COHO,2017-08-21 11:25:00 EDT,42.51178,-77.43762,1966,67.7,67.6,67.7,78.6,60.8,0.000,0.002,0.00,0.000,3.0,6.1,1.1,192,18,3.5,6.9,1.2,192,17,3.0,6.1,1.1,192,18,263,28.11,,0,0,0,64.4,65.1,64.4,0.16,0.21,0.26
COHO,2017-08-21 11:30:00 EDT,42.51178,-77.43762,1966,69.0,68.5,69.0,77.0,61.5,0.000,0.002,0.00,0.000,3.9,7.3,2.3,222,17,4.4,8.2,2.1,223,19,3.9,7.3,2.3,222,17,727,28.11,,0,0,0,64.4,65.1,64.4,0.16,0.22,0.26
COHO,2017-08-21 11:35:00 EDT,42.51178,-77.43762,1966,70.5,69.5,70.5,74.6,62.0,0.000,0.002,0.00,0.000,5.2,7.7,1.2,213,17,5.8,8.0,1.2,214,16,5.2,7.7,1.2,213,17,766,28.11,,0,0,0,64.4,65.1,64.4,0.16,0.22,0.26
COHO,2017-08-21 11:40:00 EDT,42.51178,-77.43762,1966,71.1,70.0,71.1,72.7,61.9,0.000,0.002,0.00,0.000,7.0,11.6,2.2,221,16,7.6,12.2,2.1,221,15,7.0,11.6,2.2,221,16,761,28.11,,0,0,0,64.4,65.1,64.4,0.16,0.21,0.26
COHO,2017-08-21 11:45:00 EDT,42.51178,-77.43762,1966,71.7,70.3,71.7,70.6,61.7,0.000,0.002,0.00,0.000,7.5,10.4,1.5,211,18,8.2,11.9,1.8,213,17,7.5,10.4,1.5,211,18,762,28.11,,0,0,0,64.6,65.1,64.4,0.16,0.22,0.26
COHO,2017-08-21 11:50:00 EDT,42.51178,-77.43762,1966,72.0,70.7,72.0,69.4,61.4,0.000,0.002,0.00,0.000,7.4,11.5,1.4,216,16,7.9,12.9,1.6,216,15,7.4,11.5,1.4,216,16,776,28.11,,0,0,0,64.8,65.1,64.4,0.16,0.21,0.26
COHO,2017-08-21 11:55:00 EDT,42.51178,-77.43762,1966,72.7,71.6,72.7,68.1,61.6,0.000,0.002,0.00,0.000,6.4,12.3,2.9,210,17,7.0,14.0,2.7,210,16,6.4,12.3,2.9,210,17,876,28.11,,0,0,0,64.8,65.1,64.4,0.16,0.21,0.26
COHO,2017-08-21 12:00:00 EDT,42.51178,-77.43762,1966,73.3,72.1,73.3,66.2,61.4,0.000,0.002,0.00,0.000,5.5,10.1,2.2,216,21,5.9,12.6,2.5,217,21,5.5,10.1,2.2,216,21,813,28.11,,0,0,0,64.9,65.1,64.4,0.16,0.21,0.26
COHO,2017-08-21 12:05:00 EDT,42.51178,-77.43762,1966,72.8,72.3,72.8,65.0,60.4,0.000,0.002,0.00,0.000,5.0,8.5,1.7,216,14,5.4,9.4,1.8,217,14,5.0,8.5,1.7,216,14,552,28.11,,0,0,0,65.1,65.1,64.4,0.16,0.22,0.26
COHO,2017-08-21 12:10:00 EDT,42.51178,-77.43762,1966,73.6,72.9,73.6,65.1,61.2,0.000,0.002,0.00,0.000,4.6,7.8,1.3,201,23,5.0,8.2,1.3,202,23,4.6,7.8,1.3,201,23,796,28.11,,0,0,0,65.1,65.1,64.4,0.16,0.21,0.26
COHO,2017-08-21 12:15:00 EDT,42.51178,-77.43762,1966,74.8,73.8,74.8,64.1,61.8,0.000,0.002,0.00,0.000,3.8,6.9,1.2,201,28,4.6,8.5,1.5,200,26,3.8,6.9,1.2,201,28,787,28.11,,0,0,0,65.1,65.1,64.4,0.16,0.21,0.26
COHO,2017-08-21 12:20:00 EDT,42.51178,-77.43762,1966,75.4,74.4,75.4,60.0,60.6,0.000,0.002,0.00,0.000,4.9,8.2,2.1,219,14,5.2,8.9,2.1,220,14,4.9,8.2,2.1,219,14,795,28.11,,0,0,0,65.5,65.0,64.4,0.16,0.21,0.26
COHO,2017-08-21 12:25:00 EDT,42.51178,-77.43762,1966,75.6,74.3,75.6,63.0,62.1,0.000,0.002,0.00,0.000,6.7,10.2,1.5,200,25,7.3,12.2,1.6,200,25,6.7,10.2,1.5,200,25,799,28.11,,0,0,0,65.6,65.0,64.4,0.16,0.21,0.26
COHO,2017-08-21 12:30:00 EDT,42.51178,-77.43762,1966,74.3,73.0,74.3,64.6,61.5,0.000,0.002,0.00,0.000,6.4,9.9,1.8,169,11,7.1,10.9,2.0,170,12,6.4,9.9,1.8,169,11,747,28.10,,0,0,0,65.8,65.0,64.4,0.16,0.22,0.26
COHO,2017-08-21 12:35:00 EDT,42.51178,-77.43762,1966,75.3,74.1,75.3,64.4,62.4,0.000,0.002,0.00,0.000,6.1,10.5,1.5,173,20,6.9,11.6,1.7,174,19,6.1,10.5,1.5,173,20,785,28.10,,0,0,0,65.8,65.0,64.4,0.16,0.22,0.26
COHO,2017-08-21 12:40:00 EDT,42.51178,-77.43762,1966,75.3,74.5,75.3,60.8,60.8,0.000,0.002,0.00,0.000,6.0,9.5,1.9,206,18,6.3,9.8,1.9,207,19,6.0,9.5,1.9,206,18,792,28.10,,0,0,0,65.9,65.0,64.4,0.16,0.22,0.26
COHO,2017-08-21 12:45:00 EDT,42.51178,-77.43762,1966,75.7,74.8,75.7,61.0,61.3,0.000,0.002,0.00,0.000,4.2,7.0,1.1,240,22,4.9,9.2,1.4,242,21,4.2,7.0,1.1,240,22,792,28.10,,0,0,0,66.0,65.1,64.4,0.16,0.22,0.26
COHO,2017-08-21 12:50:00 EDT,42.51178,-77.43762,1966,76.3,75.4,76.3,60.9,61.8,0.000,0.002,0.00,0.000,5.0,7.5,1.1,211,23,5.6,8.5,1.2,214,22,5.0,7.5,1.1,211,23,791,28.10,,0,0,0,66.0,65.0,64.4,0.16,0.21,0.26
COHO,2017-08-21 12:55:00 EDT,42.51178,-77.43762,1966,77.0,75.7,77.0,64.4,64.0,0.000,0.002,0.00,0.000,6.0,9.9,1.6,176,21,6.6,10.9,1.9,176,20,6.0,9.9,1.6,176,21,786,28.10,,0,0,0,66.4,65.0,64.4,0.16,0.21,0.26
COHO,2017-08-21 13:00:00 EDT,42.51178,-77.43762,1966,77.3,75.9,77.3,63.3,63.9,0.000,0.002,0.00,0.000,6.0,9.8,1.6,191,26,6.9,12.1,1.9,191,24,6.0,9.8,1.6,191,26,791,28.10,,0,0,0,66.4,65.0,64.4,0.16,0.21,0.26
COHO,2017-08-21 13:05:00 EDT,42.51178,-77.43762,1966,76.9,76.0,76.9,65.4,64.5,0.000,0.002,0.00,0.000,4.8,8.3,1.8,189,24,5.3,8.8,2.0,189,24,4.8,8.3,1.8,189,24,792,28.09,,0,0,0,66.6,65.0,64.4,0.16,0.21,0.26
COHO,2017-08-21 13:10:00 EDT,42.51178,-77.43762,1966,77.6,76.7,77.6,64.9,64.9,0.000,0.002,0.00,0.000,6.7,11.7,1.7,212,19,7.4,11.9,1.7,214,19,6.7,11.7,1.7,212,19,794,28.09,,0,0,0,66.7,65.0,64.4,0.16,0.21,0.26
COHO,2017-08-21 13:15:00 EDT,42.51178,-77.43762,1966,78.6,76.8,78.6,64.0,65.4,0.000,0.002,0.00,0.000,8.6,11.8,1.4,225,17,9.1,13.2,1.6,226,18,8.6,11.8,1.4,225,17,796,28.09,,0,0,0,66.9,65.0,64.4,0.16,0.21,0.26
COHO,2017-08-21 13:20:00 EDT,42.51178,-77.43762,1966,78.3,77.1,78.3,64.0,65.2,0.000,0.002,0.00,0.000,7.4,13.2,2.2,221,13,8.1,13.4,2.1,221,13,7.4,13.2,2.2,221,13,794,28.09,,0,0,0,67.1,65.0,64.4,0.16,0.21,0.26
COHO,2017-08-21 13:25:00 EDT,42.51178,-77.43762,1966,78.1,77.0,78.1,63.5,64.8,0.000,0.002,0.00,0.000,8.3,13.5,1.8,222,12,8.6,14.4,1.9,223,12,8.3,13.5,1.8,222,12,776,28.09,,0,0,0,67.1,65.0,64.4,0.16,0.21,0.26
COHO,2017-08-21 13:30:00 EDT,42.51178,-77.43762,1966,78.9,77.2,78.9,64.0,65.7,0.000,0.002,0.00,0.000,9.3,13.7,2.1,222,11,9.9,14.5,2.2,222,11,9.3,13.7,2.1,222,11,746,28.09,,0,0,0,67.4,65.1,64.4,0.16,0.21,0.26
COHO,2017-08-21 13:35:00 EDT,42.51178,-77.43762,1966,79.0,77.7,79.0,63.0,65.3,0.000,0.002,0.00,0.000,8.0,14.2,3.3,219,18,8.7,16.0,3.2,219,18,8.0,14.2,3.3,219,18,719,28.09,,0,0,0,67.5,65.1,64.4,0.16,0.21,0.26
COHO,2017-08-21 13:40:00 EDT,42.51178,-77.43762,1966,79.0,77.6,79.0,63.2,65.5,0.000,0.002,0.00,0.000,7.9,12.3,2.2,231,20,8.4,13.4,2.1,233,20,7.9,12.3,2.2,231,20,608,28.09,,0,0,0,67.7,65.1,64.4,0.16,0.21,0.26
COHO,2017-08-21 13:45:00 EDT,42.51178,-77.43762,1966,79.1,78.2,79.1,61.7,64.8,0.000,0.002,0.00,0.000,6.9,13.1,1.9,220,37,7.7,16.2,2.3,221,37,6.9,13.1,1.9,220,37,638,28.09,,0,0,0,67.8,65.1,64.4,0.16,0.21,0.26
COHO,2017-08-21 13:50:00 EDT,42.51178,-77.43762,1966,80.1,78.6,81.8,59.0,64.5,0.000,0.002,0.00,0.000,9.3,13.4,1.7,234,14,10.0,14.4,1.8,236,15,9.3,13.4,1.7,234,14,621,28.09,,0,0,0,67.8,65.1,64.4,0.16,0.21,0.26
COHO,2017-08-21 13:55:00 EDT,42.51178,-77.43762,1966,80.2,78.6,81.8,58.0,64.1,0.000,0.002,0.00,0.000,9.7,14.2,2.2,243,23,10.6,14.7,2.3,244,23,9.7,14.2,2.2,243,23,589,28.09,,0,0,0,68.1,65.1,64.4,0.16,0.21,0.26
COHO,2017-08-21 14:00:00 EDT,42.51178,-77.43762,1966,79.8,78.6,79.8,58.1,63.8,0.000,0.002,0.00,0.000,7.7,12.7,2.3,271,22,8.4,13.6,2.4,274,21,7.7,12.7,2.3,271,22,428,28.09,,0,0,0,68.2,65.1,64.4,0.16,0.22,0.26
COHO,2017-08-21 14:05:00 EDT,42.51178,-77.43762,1966,78.7,77.9,78.7,59.5,63.4,0.000,0.002,0.00,0.000,7.9,11.3,1.7,264,14,8.7,12.4,1.7,267,12,7.9,11.3,1.7,264,14,232,28.09,,0,0,0,68.3,65.1,64.4,0.16,0.21,0.26
COHO,2017-08-21 14:10:00 EDT,42.51178,-77.43762,1966,78.7,78.2,78.7,61.7,64.5,0.000,0.002,0.00,0.000,5.2,7.8,0.9,241,11,5.8,8.2,0.9,244,12,5.2,7.8,0.9,241,11,310,28.09,,0,0,0,68.5,65.1,64.4,0.16,0.21,0.26
COHO,2017-08-21 14:15:00 EDT,42.51178,-77.43762,1966,78.5,77.9,78.5,61.6,64.2,0.000,0.002,0.00,0.000,7.6,10.0,1.1,244,9,8.2,10.8,1.2,247,9,7.6,10.0,1.1,244,9,245,28.09,,0,0,0,68.5,65.1,64.4,0.16,0.22,0.26
COHO,2017-08-21 14:20:00 EDT,42.51178,-77.43762,1966,78.6,78.0,78.6,58.9,63.0,0.000,0.002,0.00,0.000,9.8,14.5,2.3,260,14,10.8,16.2,2.6,264,14,9.8,14.5,2.3,260,14,285,28.09,,0,0,0,68.5,65.1,64.4,0.16,0.22,0.26
COHO,2017-08-21 14:25:00 EDT,42.51178,-77.43762,1966,78.2,77.9,78.2,57.0,61.7,0.000,0.002,0.00,0.000,10.7,15.5,2.3,258,9,11.9,18.6,2.7,261,7,10.7,15.5,2.3,258,9,258,28.09,,0,0,0,68.5,65.1,64.4,0.16,0.21,0.26
COHO,2017-08-21 14:30:00 EDT,42.51178,-77.43762,1966,78.0,77.8,78.0,58.4,62.2,0.000,0.002,0.00,0.000,8.7,12.8,1.9,259,12,9.6,14.0,2.2,262,11,8.7,12.8,1.9,259,12,175,28.09,,0,0,0,68.5,65.1,64.4,0.16,0.21,0.26
COHO,2017-08-21 14:35:00 EDT,42.51178,-77.43762,1966,77.5,77.5,77.5,59.1,62.1,0.000,0.002,0.00,0.000,7.3,10.7,1.3,267,13,8.1,11.7,1.6,269,11,7.3,10.7,1.3,267,13,126,28.09,,0,0,0,68.5,65.1,64.4,0.16,0.21,0.26
COHO,2017-08-21 14:40:00 EDT,42.51178,-77.43762,1966,77.2,77.3,77.2,59.5,62.0,0.000,0.002,0.00,0.000,6.4,9.3,1.2,262,13,7.1,10.3,1.4,265,12,6.4,9.3,1.2,262,13,149,28.08,,0,0,0,68.5,65.1,64.4,0.16,0.21,0.26
COHO,2017-08-21 14:45:00 EDT,42.51178,-77.43762,1966,77.0,77.1,77.0,59.8,62.0,0.000,0.002,0.00,0.000,8.5,12.7,2.2,264,11,9.4,14.2,2.4,267,10,8.5,12.7,2.2,264,11,180,28.08,,0,0,0,68.5,65.1,64.4,0.16,0.21,0.26
COHO,2017-08-21 14:50:00 EDT,42.51178,-77.43762,1966,77.0,77.0,77.0,60.2,62.2,0.000,0.002,0.00,0.000,6.6,9.9,1.4,263,11,7.3,10.9,1.5,266,9,6.6,9.9,1.4,263,11,220,28.08,,0,0,0,68.5,65.1,64.4,0.16,0.21,0.26
COHO,2017-08-21 14:55:00 EDT,42.51178,-77.43762,1966,77.1,77.0,77.1,60.8,62.5,0.000,0.002,0.00,0.000,6.5,9.4,1.2,266,10,7.3,10.9,1.4,268,9,6.5,9.4,1.2,266,10,182,28.08,,0,0,0,68.5,65.1,64.4,0.16,0.21,0.26
COHO,2017-08-21 15:00:00 EDT,42.51178,-77.43762,1966,77.3,77.1,77.3,60.7,62.7,0.000,0.002,0.00,0.000,7.4,12.5,1.7,269,12,8.1,13.4,1.9,272,11,7.4,12.5,1.7,269,12,274,28.08,,0,0,0,68.5,65.1,64.4,0.16,0.21,0.26
COHO,2017-08-21 15:05:00 EDT,42.51178,-77.43762,1966,77.9,77.5,77.9,61.3,63.5,0.000,0.002,0.00,0.000,5.6,9.6,1.7,264,13,6.3,11.2,1.8,267,11,5.6,9.6,1.7,264,13,324,28.08,,0,0,0,68.5,65.1,64.4,0.16,0.21,0.26
COHO,2017-08-21 15:10:00 EDT,42.51178,-77.43762,1966,78.2,77.5,78.2,60.3,63.3,0.000,0.002,0.00,0.000,7.5,10.4,1.1,266,14,8.2,11.7,1.3,269,13,7.5,10.4,1.1,266,14,375,28.08,,0,0,0,68.5,65.1,64.4,0.16,0.21,0.26
COHO,2017-08-21 15:15:00 EDT,42.51178,-77.43762,1966,78.2,77.5,78.2,60.4,63.4,0.000,0.002,0.00,0.000,7.5,10.1,1.3,270,12,8.4,11.1,1.5,273,11,7.5,10.1,1.3,270,12,404,28.08,,0,0,0,68.5,65.1,64.4,0.16,0.21,0.26
COHO,2017-08-21 15:20:00 EDT,42.51178,-77.43762,1966,78.9,78.2,78.9,60.9,64.3,0.000,0.002,0.00,0.000,5.5,7.4,1.1,273,13,6.4,9.2,1.1,277,13,5.5,7.4,1.1,273,13,455,28.07,,0,0,0,68.5,65.1,64.4,0.16,0.21,0.26
COHO,2017-08-21 15:25:00 EDT,42.51178,-77.43762,1966,79.1,78.2,79.1,59.9,64.0,0.000,0.002,0.00,0.000,6.6,9.6,1.9,287,14,7.2,10.8,2.0,290,14,6.6,9.6,1.9,287,14,498,28.07,,0,0,0,68.5,65.1,64.4,0.16,0.21,0.26
COHO,2017-08-21 15:30:00 EDT,42.51178,-77.43762,1966,79.1,78.1,79.1,60.7,64.4,0.000,0.002,0.00,0.000,5.5,9.8,1.7,290,17,6.0,10.6,1.9,293,15,5.5,9.8,1.7,290,17,537,28.07,,0,0,0,68.5,65.1,64.4,0.16,0.21,0.26
COHO,2017-08-21 15:35:00 EDT,42.51178,-77.43762,1966,79.3,78.1,79.3,59.8,64.1,0.000,0.002,0.00,0.000,7.0,12.1,1.4,301,10,7.2,13.3,1.4,304,10,7.0,12.1,1.4,301,10,562,28.07,,0,0,0,68.5,65.1,64.4,0.16,0.21,0.26
COHO,2017-08-21 15:40:00 EDT,42.51178,-77.43762,1966,79.3,78.2,79.3,60.8,64.6,0.000,0.002,0.00,0.000,5.7,8.3,1.4,282,17,6.3,9.6,1.6,285,14,5.7,8.3,1.4,282,17,593,28.07,,0,0,0,68.5,65.1,64.3,0.16,0.21,0.26
COHO,2017-08-21 15:45:00 EDT,42.51178,-77.43762,1966,79.8,78.7,79.8,58.3,63.9,0.000,0.002,0.00,0.000,6.7,10.2,1.4,261,18,7.6,11.1,1.5,265,17,6.7,10.2,1.4,261,18,623,28.07,,0,0,0,68.7,65.1,64.3,0.16,0.21,0.26
COHO,2017-08-21 15:50:00 EDT,42.51178,-77.43762,1966,79.1,78.1,79.1,58.7,63.4,0.000,0.002,0.00,0.000,5.9,9.5,1.6,241,23,6.5,11.0,1.8,245,22,5.9,9.5,1.6,241,23,373,28.07,,0,0,0,68.9,65.1,64.3,0.16,0.21,0.26
COHO,2017-08-21 15:55:00 EDT,42.51178,-77.43762,1966,79.0,78.2,79.0,58.7,63.3,0.000,0.002,0.00,0.000,6.1,10.4,2.2,290,25,6.6,11.2,2.3,292,25,6.1,10.4,2.2,290,25,263,28.07,,0,0,0,68.9,65.1,64.3,0.16,0.21,0.26
COHO,2017-08-21 16:00:00 EDT,42.51178,-77.43762,1966,79.3,78.9,79.3,59.6,64.1,0.000,0.002,0.00,0.000,4.7,10.4,1.6,268,19,5.4,11.9,1.8,270,17,4.7,10.4,1.6,268,19,689,28.07,,0,0,0,68.9,65.1,64.3,0.16,0.21,0.26
COHO,2017-08-21 16:05:00 EDT,42.51178,-77.43762,1966,81.1,79.8,82.5,55.0,63.4,0.000,0.002,0.00,0.000,8.0,13.3,2.0,282,21,8.8,14.6,2.1,284,20,8.0,13.3,2.0,282,21,579,28.07,,0,0,0,68.9,65.2,64.2,0.16,0.21,0.26
COHO,2017-08-21 16:10:00 EDT,42.51178,-77.43762,1966,80.5,78.9,81.9,55.7,63.2,0.000,0.002,0.00,0.000,10.0,13.2,1.7,283,10,10.7,14.8,1.8,285,9,10.0,13.2,1.7,283,10,617,28.07,,0,0,0,68.9,65.2,64.2,0.16,0.21,0.26
COHO,2017-08-21 16:15:00 EDT,42.51178,-77.43762,1966,79.2,78.4,79.2,57.2,62.8,0.000,0.002,0.00,0.000,7.2,10.4,1.3,287,12,7.7,12.5,1.6,290,11,7.2,10.4,1.3,287,12,250,28.07,,0,0,0,68.9,65.4,64.2,0.16,0.21,0.26
COHO,2017-08-21 16:20:00 EDT,42.51178,-77.43762,1966,80.1,79.1,81.7,57.4,63.7,0.000,0.002,0.00,0.000,7.0,12.0,2.4,288,20,7.6,12.2,2.3,291,19,7.0,12.0,2.4,288,20,616,28.07,,0,0,0,69.2,65.5,64.2,0.16,0.21,0.26
COHO,2017-08-21 16:25:00 EDT,42.51178,-77.43762,1966,80.1,79.2,81.3,54.3,62.1,0.000,0.002,0.00,0.000,7.8,12.9,2.0,291,10,8.3,13.3,2.0,293,10,7.8,12.9,2.0,291,10,236,28.06,,0,0,0,69.2,65.5,64.2,0.16,0.21,0.26
COHO,2017-08-21 16:30:00 EDT,42.51178,-77.43762,1966,79.8,79.1,79.8,55.4,62.4,0.000,0.002,0.00,0.000,7.8,12.9,2.9,277,14,8.6,15.6,3.1,279,13,7.8,12.9,2.9,277,14,465,28.07,,0,0,0,69.3,65.5,64.2,0.16,0.21,0.26
COHO,2017-08-21 16:35:00 EDT,42.51178,-77.43762,1966,80.8,79.5,82.0,53.3,62.2,0.000,0.002,0.00,0.000,8.6,14.5,2.2,279,15,9.5,16.1,2.5,283,14,8.6,14.5,2.2,279,15,522,28.07,,0,0,0,69.3,65.5,64.2,0.16,0.21,0.26
COHO,2017-08-21 16:40:00 EDT,42.51178,-77.43762,1966,79.9,79.0,79.9,56.9,63.3,0.000,0.002,0.00,0.000,8.9,13.7,1.4,288,11,9.5,14.2,1.4,290,10,8.9,13.7,1.4,288,11,344,28.07,,0,0,0,69.3,65.5,64.2,0.16,0.21,0.26
COHO,2017-08-21 16:45:00 EDT,42.51178,-77.43762,1966,80.4,79.4,81.8,55.6,63.1,0.000,0.002,0.00,0.000,7.1,11.5,1.6,280,15,7.9,13.3,1.8,281,14,7.1,11.5,1.6,280,15,548,28.07,,0,0,0,69.3,65.5,64.2,0.16,0.21,0.26
COHO,2017-08-21 16:50:00 EDT,42.51178,-77.43762,1966,80.6,79.2,81.9,54.9,62.9,0.000,0.002,0.00,0.000,7.3,10.5,1.6,287,11,7.9,12.0,1.7,289,10,7.3,10.5,1.6,287,11,530,28.06,,0,0,0,69.3,65.5,64.2,0.16,0.21,0.26
COHO,2017-08-21 16:55:00 EDT,42.51178,-77.43762,1966,79.6,79.1,79.6,57.5,63.3,0.000,0.002,0.00,0.000,5.9,8.7,1.3,294,16,6.2,9.7,1.5,296,15,5.9,8.7,1.3,294,16,259,28.06,,0,0,0,69.3,65.5,64.2,0.16,0.21,0.26
COHO,2017-08-21 17:00:00 EDT,42.51178,-77.43762,1966,79.9,79.1,79.9,58.1,63.9,0.000,0.002,0.00,0.000,6.1,8.5,1.5,266,17,6.8,9.9,1.7,269,17,6.1,8.5,1.5,266,17,487,28.06,,0,0,0,69.3,65.5,64.2,0.16,0.21,0.26
COHO,2017-08-21 17:05:00 EDT,42.51178,-77.43762,1966,80.7,79.5,82.4,57.7,64.4,0.000,0.002,0.00,0.000,8.0,12.3,1.8,274,15,8.9,13.6,2.0,277,14,8.0,12.3,1.8,274,15,487,28.06,,0,0,0,69.3,65.5,64.2,0.16,0.21,0.26
COHO,2017-08-21 17:10:00 EDT,42.51178,-77.43762,1966,80.5,79.1,81.9,55.7,63.1,0.000,0.002,0.00,0.000,10.8,14.2,1.7,256,12,11.8,17.8,1.9,259,12,10.8,14.2,1.7,256,12,463,28.06,,0,0,0,69.3,65.5,64.2,0.16,0.21,0.26
COHO,2017-08-21 17:15:00 EDT,42.51178,-77.43762,1966,80.0,78.9,80.0,57.5,63.6,0.000,0.002,0.00,0.000,7.6,10.8,1.2,259,14,8.4,12.5,1.5,262,13,7.6,10.8,1.2,259,14,305,28.06,,0,0,0,69.3,65.5,64.2,0.16,0.21,0.26
COHO,2017-08-21 17:20:00 EDT,42.51178,-77.43762,1966,79.6,79.2,79.6,59.0,64.0,0.000,0.002,0.00,0.000,4.4,8.5,1.4,280,28,5.1,9.6,1.5,281,27,4.4,8.5,1.4,280,28,373,28.06,,0,0,0,69.3,65.5,64.2,0.16,0.21,0.26
COHO,2017-08-21 17:25:00 EDT,42.51178,-77.43762,1966,80.4,79.5,82.1,57.8,64.2,0.000,0.002,0.00,0.000,8.0,14.7,2.1,275,21,8.7,15.4,2.3,278,21,8.0,14.7,2.1,275,21,416,28.06,,0,0,0,69.3,65.5,64.2,0.16,0.21,0.26
COHO,2017-08-21 17:30:00 EDT,42.51178,-77.43762,1966,79.6,78.8,79.6,56.6,62.8,0.000,0.002,0.00,0.000,8.7,12.5,1.9,261,10,9.5,13.3,2.1,264,10,8.7,12.5,1.9,261,10,199,28.06,,0,0,0,69.3,65.5,64.2,0.16,0.21,0.26
COHO,2017-08-21 17:35:00 EDT,42.51178,-77.43762,1966,78.8,78.5,78.8,58.0,62.8,0.000,0.002,0.00,0.000,8.4,12.1,1.5,266,10,9.2,12.9,1.6,269,9,8.4,12.1,1.5,266,10,321,28.06,,0,0,0,69.4,65.5,64.2,0.16,0.21,0.26
COHO,2017-08-21 17:40:00 EDT,42.51178,-77.43762,1966,79.9,79.0,79.9,58.6,64.1,0.000,0.002,0.00,0.000,6.2,8.2,1.1,292,13,6.7,9.9,1.1,296,12,6.2,8.2,1.1,292,13,385,28.06,,0,0,0,69.4,65.6,64.2,0.16,0.21,0.26
COHO,2017-08-21 17:45:00 EDT,42.51178,-77.43762,1966,80.2,79.3,81.9,58.3,64.2,0.000,0.002,0.00,0.000,6.7,9.1,1.1,277,12,7.5,10.2,1.1,280,11,6.7,9.1,1.1,277,12,308,28.06,,0,0,0,69.6,65.8,64.2,0.16,0.21,0.26
COHO,2017-08-21 17:50:00 EDT,42.51178,-77.43762,1966,79.7,79.1,79.7,58.4,63.9,0.000,0.002,0.00,0.000,5.8,9.2,1.1,284,13,6.4,10.4,1.2,287,13,5.8,9.2,1.1,284,13,339,28.05,,0,0,0,69.6,65.8,64.2,0.16,0.21,0.26
COHO,2017-08-21 17:55:00 EDT,42.51178,-77.43762,1966,79.5,78.8,79.5,58.9,63.9,0.000,0.002,0.00,0.000,8.0,11.4,1.2,292,11,8.5,14.1,1.3,295,11,8.0,11.4,1.2,292,11,322,28.06,,0,0,0,69.6,65.8,64.2,0.16,0.21,0.26
COHO,2017-08-21 18:00:00 EDT,42.51178,-77.43762,1966,79.5,78.9,79.5,59.5,64.1,0.000,0.002,0.00,0.000,6.9,9.8,1.4,304,13,7.4,10.6,1.4,307,12,6.9,9.8,1.4,304,13,305,28.06,,0,0,0,69.6,65.8,64.2,0.16,0.21,0.26
COHO,2017-08-21 18:05:00 EDT,42.51178,-77.43762,1966,79.3,78.9,79.3,59.8,64.1,0.000,0.002,0.00,0.000,7.3,11.8,1.6,297,17,7.9,13.1,1.8,298,16,7.3,11.8,1.6,297,17,295,28.06,,0,0,0,69.6,65.8,64.2,0.16,0.21,0.26
COHO,2017-08-21 18:10:00 EDT,42.51178,-77.43762,1966,79.2,78.6,79.2,59.5,63.9,0.000,0.002,0.00,0.000,7.0,11.4,1.6,302,13,7.3,11.4,1.5,306,13,7.0,11.4,1.6,302,13,287,28.06,,0,0,0,69.6,65.8,64.2,0.16,0.21,0.26
COHO,2017-08-21 18:15:00 EDT,42.51178,-77.43762,1966,79.2,78.6,79.2,59.9,64.1,0.000,0.002,0.00,0.000,6.9,9.8,1.4,294,12,7.4,10.6,1.4,297,12,6.9,9.8,1.4,294,12,265,28.06,,0,0,0,69.6,65.8,64.2,0.16,0.21,0.26
COHO,2017-08-21 18:20:00 EDT,42.51178,-77.43762,1966,79.0,78.3,79.0,60.2,64.0,0.000,0.002,0.00,0.000,6.5,9.9,1.0,275,15,7.2,12.0,1.2,277,14,6.5,9.9,1.0,275,15,248,28.06,,0,0,0,69.6,65.8,64.2,0.16,0.21,0.26
COHO,2017-08-21 18:25:00 EDT,42.51178,-77.43762,1966,78.6,78.2,78.6,60.7,63.9,0.000,0.002,0.00,0.000,6.2,8.6,1.4,303,17,6.6,9.2,1.4,306,17,6.2,8.6,1.4,303,17,230,28.06,,0,0,0,69.6,65.8,64.2,0.16,0.21,0.26
COHO,2017-08-21 18:30:00 EDT,42.51178,-77.43762,1966,78.8,78.5,78.8,61.6,64.5,0.000,0.002,0.00,0.000,5.4,7.5,1.0,293,13,5.8,8.1,1.0,295,14,5.4,7.5,1.0,293,13,217,28.06,,0,0,0,69.5,65.8,64.2,0.16,0.21,0.26
COHO,2017-08-21 18:35:00 EDT,42.51178,-77.43762,1966,78.5,78.3,78.5,60.7,63.8,0.000,0.002,0.00,0.000,4.7,7.5,1.0,296,15,5.1,8.3,1.1,298,14,4.7,7.5,1.0,296,15,206,28.06,,0,0,0,69.6,65.8,64.2,0.16,0.21,0.26
COHO,2017-08-21 18:40:00 EDT,42.51178,-77.43762,1966,78.4,78.2,78.4,60.7,63.7,0.000,0.002,0.00,0.000,5.6,9.6,1.3,287,18,6.1,10.6,1.4,290,17,5.6,9.6,1.3,287,18,187,28.05,,0,0,0,69.6,65.8,64.2,0.16,0.21,0.26
COHO,2017-08-21 18:45:00 EDT,42.51178,-77.43762,1966,78.1,78.0,78.1,60.8,63.5,0.000,0.002,0.00,0.000,5.6,9.0,1.1,279,9,6.2,10.2,1.3,282,9,5.6,9.0,1.1,279,9,163,28.05,,0,0,0,69.4,65.8,64.2,0.16,0.21,0.26
COHO,2017-08-21 18:50:00 EDT,42.51178,-77.43762,1966,77.8,77.7,77.8,62.0,63.7,0.000,0.002,0.00,0.000,5.8,8.7,1.0,296,11,6.1,9.6,1.2,299,12,5.8,8.7,1.0,296,11,144,28.05,,0,0,0,69.4,65.8,64.2,0.15,0.21,0.26
COHO,2017-08-21 18:55:00 EDT,42.51178,-77.43762,1966,77.5,77.6,77.5,63.0,64.0,0.000,0.002,0.00,0.000,4.6,6.4,0.9,299,10,4.9,6.9,1.0,299,11,4.6,6.4,0.9,299,10,137,28.05,,0,0,0,69.3,65.8,64.2,0.15,0.21,0.26
COHO,2017-08-21 19:00:00 EDT,42.51178,-77.43762,1966,77.4,77.5,77.4,63.5,64.1,0.000,0.002,0.00,0.000,5.2,6.7,0.7,296,11,5.6,7.1,0.7,298,11,5.2,6.7,0.7,296,11,124,28.06,,0,0,0,69.3,65.8,64.2,0.15,0.21,0.26
COHO,2017-08-21 19:05:00 EDT,42.51178,-77.43762,1966,77.1,77.4,77.1,63.8,63.9,0.000,0.002,0.00,0.000,5.3,7.4,0.8,288,11,5.8,8.0,0.9,290,9,5.3,7.4,0.8,288,11,110,28.06,,0,0,0,69.3,65.8,64.2,0.16,0.21,0.26
COHO,2017-08-21 19:10:00 EDT,42.51178,-77.43762,1966,76.9,77.2,76.9,64.8,64.1,0.000,0.002,0.00,0.000,4.2,5.8,0.7,295,11,4.6,6.3,0.8,298,12,4.2,5.8,0.7,295,11,98,28.05,,0,0,0,69.3,65.8,64.2,0.16,0.21,0.26
COHO,2017-08-21 19:15:00 EDT,42.51178,-77.43762,1966,76.7,77.1,76.7,65.0,64.0,0.000,0.002,0.00,0.000,5.0,7.1,0.7,293,10,5.4,7.7,0.8,296,9,5.0,7.1,0.7,293,10,85,28.05,,0,0,0,69.3,65.8,64.2,0.15,0.21,0.26
COHO,2017-08-21 19:20:00 EDT,42.51178,-77.43762,1966,76.1,76.6,76.1,66.9,64.3,0.000,0.002,0.00,0.000,4.0,5.4,0.6,305,8,4.2,5.8,0.7,309,9,4.0,5.4,0.6,305,8,70,28.05,,0,0,0,69.3,65.8,64.2,0.15,0.21,0.26
COHO,2017-08-21 19:25:00 EDT,42.51178,-77.43762,1966,75.4,76.3,75.4,68.5,64.3,0.000,0.002,0.00,0.000,4.1,5.5,0.6,306,5,4.2,5.6,0.7,308,6,4.1,5.5,0.6,306,5,53,28.05,,0,0,0,69.3,65.8,64.2,0.15,0.21,0.26
COHO,2017-08-21 19:30:00 EDT,42.51178,-77.43762,1966,74.8,76.1,74.8,70.1,64.4,0.000,0.002,0.00,0.000,3.5,5.3,0.5,309,9,3.6,5.8,0.6,313,9,3.5,5.3,0.5,309,9,40,28.05,,0,0,0,69.3,65.8,64.2,0.16,0.21,0.26
COHO,2017-08-21 19:35:00 EDT,42.51178,-77.43762,1966,74.4,75.8,74.4,71.6,64.7,0.000,0.002,0.00,0.000,3.5,3.9,0.3,317,4,3.4,4.4,0.4,320,3,3.5,3.9,0.3,317,4,33,28.05,,0,0,0,69.3,65.8,64.2,0.16,0.21,0.26
COHO,2017-08-21 19:40:00 EDT,42.51178,-77.43762,1966,74.4,75.6,74.4,72.0,64.8,0.000,0.002,0.00,0.000,2.9,3.5,0.2,327,6,2.9,3.6,0.3,330,6,2.9,3.5,0.2,327,6,26,28.05,,0,0,0,69.3,65.9,64.2,0.16,0.21,0.26
COHO,2017-08-21 19:45:00 EDT,42.51178,-77.43762,1966,74.3,75.5,74.3,71.6,64.6,0.000,0.002,0.00,0.000,2.7,3.3,0.2,319,4,2.6,3.3,0.3,322,4,2.7,3.3,0.2,319,4,18,28.05,,0,0,0,69.3,65.9,64.2,0.16,0.21,0.26
COHO,2017-08-21 19:50:00 EDT,42.51178,-77.43762,1966,74.4,75.5,74.4,71.5,64.6,0.000,0.002,0.00,0.000,2.6,3.3,0.2,318,5,2.6,3.7,0.3,321,4,2.6,3.3,0.2,318,5,10,28.05,,0,0,0,69.3,65.9,64.2,0.16,0.21,0.26
COHO,2017-08-21 19:55:00 EDT,42.51178,-77.43762,1966,74.3,75.5,74.3,71.6,64.5,0.000,0.002,0.00,0.000,2.5,2.8,0.1,316,6,2.4,2.8,0.1,319,5,2.5,2.8,0.1,316,6,7,28.05,,0,0,0,69.3,66.0,64.2,0.15,0.21,0.26
COHO,2017-08-21 20:00:00 EDT,42.51178,-77.43762,1966,73.9,75.3,73.9,71.8,64.3,0.000,0.002,0.00,0.000,2.6,3.1,0.2,325,4,2.6,3.1,0.2,327,4,2.6,3.1,0.2,325,4,4,28.05,,0,0,0,69.2,66.0,64.2,0.15,0.21,0.26
COHO,2017-08-21 20:05:00 EDT,42.51178,-77.43762,1966,73.6,75.2,73.6,72.4,64.2,0.000,0.002,0.00,0.000,2.8,3.3,0.2,329,2,2.9,3.5,0.3,331,3,2.8,3.3,0.2,329,2,3,28.05,,0,0,0,69.1,66.0,64.2,0.16,0.21,0.26
COHO,2017-08-21 20:10:00 EDT,42.51178,-77.43762,1966,73.6,75.2,73.6,72.5,64.2,0.000,0.002,0.00,0.000,3.0,3.3,0.2,333,4,3.3,3.8,0.3,337,6,3.0,3.3,0.2,333,4,2,28.05,,0,0,0,68.9,66.0,64.2,0.16,0.21,0.26
COHO,2017-08-21 20:15:00 EDT,42.51178,-77.43762,1966,73.7,75.1,73.7,72.2,64.2,0.000,0.002,0.00,0.000,2.6,2.8,0.1,337,2,3.1,3.5,0.2,341,3,2.6,2.8,0.1,337,2,1,28.05,,0,0,0,68.9,66.0,64.2,0.16,0.21,0.26
COHO,2017-08-21 20:20:00 EDT,42.51178,-77.43762,1966,73.9,75.1,73.9,71.9,64.3,0.000,0.002,0.00,0.000,1.8,2.3,0.2,338,0,2.1,2.9,0.3,337,4,1.8,2.3,0.2,338,0,1,28.05,,0,0,0,68.9,66.0,64.2,0.16,0.21,0.26
COHO,2017-08-21 20:25:00 EDT,42.51178,-77.43762,1966,73.9,75.0,73.9,71.5,64.2,0.000,0.002,0.00,0.000,1.8,2.0,0.1,338,0,2.2,2.6,0.2,341,3,1.8,2.0,0.1,338,0,1,28.06,,0,0,0,68.9,66.0,64.2,0.16,0.21,0.26
COHO,2017-08-21 20:30:00 EDT,42.51178,-77.43762,1966,73.8,75.0,73.8,71.7,64.1,0.000,0.002,0.00,0.000,1.7,2.0,0.1,339,0,2.2,2.7,0.3,344,5,1.7,2.0,0.1,339,0,1,28.06,,0,0,0,68.8,66.0,64.2,0.16,0.21,0.26
COHO,2017-08-21 20:35:00 EDT,42.51178,-77.43762,1966,72.9,74.9,72.9,72.1,63.4,0.000,0.002,0.00,0.000,1.4,1.9,0.2,338,3,1.6,2.3,0.2,325,4,1.4,1.9,0.2,338,3,1,28.06,,0,0,0,68.5,66.0,64.2,0.16,0.21,0.26
COHO,2017-08-21 20:40:00 EDT,42.51178,-77.43762,1966,73.2,75.0,73.2,73.9,64.4,0.000,0.002,0.00,0.000,1.3,1.8,0.2,324,6,1.5,2.0,0.2,325,8,1.3,1.8,0.2,324,6,1,28.06,,0,0,0,68.5,66.0,64.2,0.16,0.21,0.26
COHO,2017-08-21 20:45:00 EDT,42.51178,-77.43762,1966,73.2,74.7,73.2,72.8,64.0,0.000,0.002,0.00,0.000,1.2,1.5,0.2,292,13,1.5,1.9,0.2,290,13,1.2,1.5,0.2,292,13,1,28.06,,0,0,0,68.5,66.0,64.2,0.16,0.21,0.26
COHO,2017-08-21 20:50:00 EDT,42.51178,-77.43762,1966,72.4,74.5,72.4,74.7,63.9,0.000,0.002,0.00,0.000,1.2,1.8,0.3,278,4,1.5,2.1,0.3,288,12,1.2,1.8,0.3,278,4,1,28.06,,0,0,0,68.5,66.0,64.2,0.16,0.21,0.26
COHO,2017-08-21 20:55:00 EDT,42.51178,-77.43762,1966,72.8,74.5,72.8,74.9,64.4,0.000,0.002,0.00,0.000,1.7,2.0,0.2,264,3,2.0,2.4,0.2,264,5,1.7,2.0,0.2,264,3,1,28.06,,0,0,0,68.5,66.0,64.2,0.16,0.21,0.26
COHO,2017-08-21 21:00:00 EDT,42.51178,-77.43762,1966,72.5,74.5,72.5,75.5,64.3,0.000,0.002,0.00,0.000,2.1,2.5,0.2,275,2,2.5,3.0,0.3,279,4,2.1,2.5,0.2,275,2,1,28.05,,0,0,0,68.4,66.0,64.2,0.16,0.21,0.26
COHO,2017-08-21 21:05:00 EDT,42.51178,-77.43762,1966,73.0,74.3,73.0,74.5,64.4,0.000,0.002,0.00,0.000,2.8,3.2,0.2,268,5,3.1,3.6,0.2,271,6,2.8,3.2,0.2,268,5,1,28.06,,0,0,0,68.2,66.0,64.2,0.16,0.21,0.26
COHO,2017-08-21 21:10:00 EDT,42.51178,-77.43762,1966,72.5,73.7,72.5,74.8,64.0,0.000,0.002,0.00,0.000,2.5,3.1,0.3,260,3,2.8,3.5,0.3,262,5,2.5,3.1,0.3,260,3,1,28.06,,0,0,0,68.2,66.0,64.2,0.16,0.21,0.26
COHO,2017-08-21 21:15:00 EDT,42.51178,-77.43762,1966,72.1,73.3,72.1,75.8,64.1,0.000,0.002,0.00,0.000,2.6,3.3,0.2,253,4,2.9,3.9,0.3,252,5,2.6,3.3,0.2,253,4,1,28.06,,0,0,0,68.2,66.0,64.2,0.16,0.21,0.26
COHO,2017-08-21 21:20:00 EDT,42.51178,-77.43762,1966,71.9,72.9,71.9,76.9,64.2,0.000,0.002,0.00,0.000,3.0,3.6,0.3,255,3,3.4,4.0,0.3,255,4,3.0,3.6,0.3,255,3,1,28.06,,0,0,0,68.1,66.0,64.2,0.16,0.21,0.26
COHO,2017-08-21 21:25:00 EDT,42.51178,-77.43762,1966,71.4,72.5,71.4,78.2,64.2,0.000,0.002,0.00,0.000,3.2,3.8,0.3,260,4,3.5,4.3,0.4,262,5,3.2,3.8,0.3,260,4,1,28.06,,0,0,0,67.9,66.0,64.2,0.16,0.21,0.26
COHO,2017-08-21 21:30:00 EDT,42.51178,-77.43762,1966,71.1,72.2,71.1,79.6,64.5,0.000,0.002,0.00,0.000,2.3,3.0,0.3,244,6,2.5,3.3,0.3,242,6,2.3,3.0,0.3,244,6,1,28.06,,0,0,0,67.8,66.0,64.2,0.16,0.21,0.26
COHO,2017-08-21 21:35:00 EDT,42.51178,-77.43762,1966,71.0,72.5,71.0,80.5,64.8,0.000,0.002,0.00,0.000,1.9,2.8,0.4,239,4,2.2,3.3,0.4,239,6,1.9,2.8,0.4,239,4,1,28.06,,0,0,0,67.8,66.0,64.2,0.16,0.21,0.26
COHO,2017-08-21 21:40:00 EDT,42.51178,-77.43762,1966,71.2,72.6,71.2,80.7,64.9,0.000,0.002,0.00,0.000,2.2,3.0,0.4,234,6,2.4,3.3,0.4,234,7,2.2,3.0,0.4,234,6,1,28.06,,0,0,0,67.8,66.0,64.2,0.16,0.21,0.26
COHO,2017-08-21 21:45:00 EDT,42.51178,-77.43762,1966,70.8,72.5,70.8,80.3,64.5,0.000,0.002,0.00,0.000,2.4,3.1,0.3,235,4,2.5,3.4,0.3,235,4,2.4,3.1,0.3,235,4,1,28.06,,0,0,0,67.8,66.0,64.2,0.16,0.21,0.26
COHO,2017-08-21 21:50:00 EDT,42.51178,-77.43762,1966,70.7,72.2,70.7,80.2,64.3,0.000,0.002,0.00,0.000,2.3,3.0,0.3,234,5,2.5,3.5,0.3,234,6,2.3,3.0,0.3,234,5,1,28.06,,0,0,0,67.8,66.0,64.3,0.16,0.21,0.26
COHO,2017-08-21 21:55:00 EDT,42.51178,-77.43762,1966,70.5,72.3,70.5,80.1,64.0,0.000,0.002,0.00,0.000,2.6,3.3,0.3,249,8,2.9,3.8,0.4,249,9,2.6,3.3,0.3,249,8,1,28.06,,0,0,0,67.8,66.0,64.3,0.16,0.21,0.26
COHO,2017-08-21 22:00:00 EDT,42.51178,-77.43762,1966,70.7,72.3,70.7,79.4,64.0,0.000,0.002,0.00,0.000,2.6,3.3,0.3,257,5,2.9,3.9,0.3,258,6,2.6,3.3,0.3,257,5,0,28.06,,0,0,0,67.5,66.1,64.3,0.16,0.21,0.26
COHO,2017-08-21 22:05:00 EDT,42.51178,-77.43762,1966,70.7,72.0,70.7,78.4,63.6,0.000,0.002,0.00,0.000,3.1,4.5,0.5,252,5,3.4,4.9,0.6,254,6,3.1,4.5,0.5,252,5,1,28.06,,0,0,0,67.5,66.1,64.3,0.16,0.21,0.26
COHO,2017-08-21 22:10:00 EDT,42.51178,-77.43762,1966,70.2,72.1,70.2,77.8,62.9,0.000,0.002,0.00,0.000,3.7,4.5,0.4,243,5,4.0,4.9,0.4,245,5,3.7,4.5,0.4,243,5,1,28.06,,0,0,0,67.5,66.1,64.3,0.16,0.21,0.26
COHO,2017-08-21 22:15:00 EDT,42.51178,-77.43762,1966,70.1,72.2,70.1,77.4,62.7,0.000,0.002,0.00,0.000,3.4,4.7,0.5,243,6,3.7,5.6,0.6,244,7,3.4,4.7,0.5,243,6,1,28.06,,0,0,0,67.5,66.1,64.3,0.16,0.21,0.26
COHO,2017-08-21 22:20:00 EDT,42.51178,-77.43762,1966,69.8,71.7,69.8,77.6,62.5,0.000,0.002,0.00,0.000,2.6,3.4,0.3,226,7,2.8,3.8,0.4,227,7,2.6,3.4,0.3,226,7,1,28.05,,0,0,0,67.5,66.3,64.3,0.16,0.21,0.26
COHO,2017-08-21 22:25:00 EDT,42.51178,-77.43762,1966,69.9,71.5,69.9,78.5,62.9,0.000,0.002,0.00,0.000,3.0,4.2,0.5,222,8,3.2,4.9,0.6,222,6,3.0,4.2,0.5,222,8,1,28.05,,0,0,0,67.5,66.3,64.3,0.16,0.21,0.26
COHO,2017-08-21 22:30:00 EDT,42.51178,-77.43762,1966,69.6,71.3,69.6,78.2,62.5,0.000,0.002,0.00,0.000,1.7,3.4,0.5,186,19,2.0,3.9,0.5,186,21,1.7,3.4,0.5,186,19,1,28.05,,0,0,0,67.1,66.2,64.3,0.16,0.21,0.26
COHO,2017-08-21 22:35:00 EDT,42.51178,-77.43762,1966,68.7,71.0,68.7,79.8,62.3,0.000,0.002,0.00,0.000,2.0,2.8,0.3,186,9,2.3,3.4,0.3,188,10,2.0,2.8,0.3,186,9,0,28.05,,0,0,0,67.1,66.3,64.4,0.16,0.21,0.26
COHO,2017-08-21 22:40:00 EDT,42.51178,-77.43762,1966,68.8,71.1,68.8,80.9,62.7,0.000,0.002,0.00,0.000,2.2,4.0,0.6,191,9,2.5,4.2,0.6,194,11,2.2,4.0,0.6,191,9,1,28.05,,0,0,0,67.1,66.4,64.3,0.15,0.21,0.26
COHO,2017-08-21 22:45:00 EDT,42.51178,-77.43762,1966,68.0,70.4,68.0,81.8,62.2,0.000,0.002,0.00,0.000,3.1,4.1,0.4,180,6,3.5,5.2,0.5,181,7,3.1,4.1,0.4,180,6,1,28.05,,0,0,0,67.1,66.4,64.4,0.16,0.21,0.26
COHO,2017-08-21 22:50:00 EDT,42.51178,-77.43762,1966,68.0,69.9,68.0,83.8,62.9,0.000,0.002,0.00,0.000,3.0,3.8,0.3,176,7,3.3,4.3,0.4,177,8,3.0,3.8,0.3,176,7,1,28.05,,0,0,0,67.1,66.4,64.4,0.16,0.21,0.26
COHO,2017-08-21 22:55:00 EDT,42.51178,-77.43762,1966,68.1,69.5,68.1,84.5,63.2,0.000,0.002,0.00,0.000,2.3,3.3,0.5,163,13,2.6,3.8,0.5,163,14,2.3,3.3,0.5,163,13,1,28.05,,0,0,0,67.1,66.4,64.4,0.15,0.21,0.26
COHO,2017-08-21 23:00:00 EDT,42.51178,-77.43762,1966,68.4,69.2,68.4,84.6,63.6,0.000,0.002,0.00,0.000,1.6,2.8,0.5,146,15,1.9,3.4,0.6,144,15,1.6,2.8,0.5,146,15,1,28.05,,0,0,0,67.1,66.4,64.4,0.15,0.21,0.26
COHO,2017-08-21 23:05:00 EDT,42.51178,-77.43762,1966,67.8,69.3,67.8,84.5,62.9,0.000,0.002,0.00,0.000,3.4,4.8,0.8,172,7,3.9,5.8,0.8,173,7,3.4,4.8,0.8,172,7,0,28.05,,0,0,0,67.0,66.4,64.4,0.15,0.21,0.26
COHO,2017-08-21 23:10:00 EDT,42.51178,-77.43762,1966,67.4,70.2,67.4,85.5,62.9,0.000,0.002,0.00,0.000,4.2,5.2,0.4,184,5,4.7,5.8,0.5,185,5,4.2,5.2,0.4,184,5,0,28.05,,0,0,0,66.7,66.4,64.4,0.15,0.21,0.26
COHO,2017-08-21 23:15:00 EDT,42.51178,-77.43762,1966,67.8,70.4,67.8,86.6,63.6,0.000,0.002,0.00,0.000,4.2,5.2,0.5,184,5,4.6,5.8,0.5,185,4,4.2,5.2,0.5,184,5,0,28.05,,0,0,0,66.7,66.4,64.4,0.15,0.21,0.26
COHO,2017-08-21 23:20:00 EDT,42.51178,-77.43762,1966,68.7,70.2,68.7,86.6,64.5,0.000,0.002,0.00,0.000,4.4,5.8,0.5,184,7,4.8,6.4,0.6,185,6,4.4,5.8,0.5,184,7,1,28.05,,0,0,0,66.7,66.4,64.4,0.15,0.21,0.26
COHO,2017-08-21 23:25:00 EDT,42.51178,-77.43762,1966,68.9,70.2,68.9,84.8,64.2,0.000,0.002,0.00,0.000,4.4,6.4,0.7,184,7,4.8,6.3,0.7,186,7,4.4,6.4,0.7,184,7,0,28.05,,0,0,0,66.7,66.4,64.4,0.15,0.21,0.26
COHO,2017-08-21 23:30:00 EDT,42.51178,-77.43762,1966,68.9,70.1,68.9,83.8,63.8,0.000,0.002,0.00,0.000,4.4,6.0,0.6,181,10,4.9,6.3,0.7,182,9,4.4,6.0,0.6,181,10,0,28.04,,0,0,0,66.7,66.4,64.4,0.15,0.21,0.26
COHO,2017-08-21 23:35:00 EDT,42.51178,-77.43762,1966,68.7,69.7,68.7,83.7,63.6,0.000,0.002,0.00,0.000,4.2,6.0,0.7,173,8,4.6,6.3,0.7,174,9,4.2,6.0,0.7,173,8,1,28.04,,0,0,0,66.7,66.4,64.4,0.15,0.21,0.26
COHO,2017-08-21 23:40:00 EDT,42.51178,-77.43762,1966,68.5,69.7,68.5,84.1,63.5,0.000,0.002,0.00,0.000,4.2,6.4,0.8,174,8,4.5,6.5,0.8,175,9,4.2,6.4,0.8,174,8,0,28.04,,0,0,0,66.6,66.4,64.4,0.15,0.21,0.26
COHO,2017-08-21 23:45:00 EDT,42.51178,-77.43762,1966,68.1,69.3,68.1,84.8,63.3,0.000,0.002,0.00,0.000,3.8,5.1,0.5,172,9,4.2,5.8,0.6,173,9,3.8,5.1,0.5,172,9,0,28.04,,0,0,0,66.4,66.4,64.4,0.15,0.21,0.26
COHO,2017-08-21 23:50:00 EDT,42.51178,-77.43762,1966,67.6,68.9,67.6,85.7,63.1,0.000,0.002,0.00,0.000,3.4,4.6,0.6,160,10,3.8,5.3,0.7,159,10,3.4,4.6,0.6,160,10,0,28.04,,0,0,0,66.4,66.4,64.4,0.15,0.21,0.26
COHO,2017-08-21 23:55:00 EDT,42.51178,-77.43762,1966,67.1,68.6,67.1,85.9,62.8,0.000,0.002,0.00,0.000,3.7,4.7,0.4,157,8,4.1,5.5,0.5,156,8,3.7,4.7,0.4,157,8,0,28.04,,0,0,0,66.4,66.4,64.4,0.15,0.21,0.26
COLD,2017-08-21 00:00:00 EDT,43.26127,-74.97878,1422,58.7,60.5,58.7,100.0,58.7,0.000,0.043,0.00,0.000,0.0,0.4,0.1,186,0,0.6,0.9,0.2,144,50,0.0,0.4,0.1,186,0,0,28.66,,0,0,0,68.9,68.9,67.5,0.18,0.16,0.18
COLD,2017-08-21 00:05:00 EDT,43.26127,-74.97878,1422,58.3,60.1,58.3,100.0,58.3,0.000,0.000,0.00,0.000,0.5,1.1,0.4,35,5,1.0,1.5,0.2,38,11,0.5,1.1,0.4,35,5,0,28.66,,0,0,0,68.9,68.9,67.5,0.18,0.16,0.18
COLD,2017-08-21 00:10:00 EDT,43.26127,-74.97878,1422,58.6,60.1,58.6,100.0,58.6,0.000,0.000,0.00,0.000,0.4,0.7,0.3,33,0,0.8,1.1,0.1,40,10,0.4,0.7,0.3,33,0,0,28.66,,0,0,0,68.9,68.9,67.5,0.18,0.16,0.18
COLD,2017-08-21 00:15:00 EDT,43.26127,-74.97878,1422,58.3,59.8,58.3,100.0,58.3,0.000,0.000,0.00,0.000,0.0,0.6,0.1,111,0,0.6,1.1,0.1,101,12,0.0,0.6,0.1,111,0,0,28.66,,0,0,0,68.5,68.9,67.6,0.18,0.16,0.18
COLD,2017-08-21 00:20:00 EDT,43.26127,-74.97878,1422,57.7,59.6,57.7,100.0,57.7,0.000,0.000,0.00,0.000,0.5,1.9,0.6,99,7,1.0,2.4,0.6,102,17,0.5,1.9,0.6,99,7,0,28.66,,0,0,0,68.5,68.9,67.7,0.18,0.16,0.18
COLD,2017-08-21 00:25:00 EDT,43.26127,-74.97878,1422,57.3,59.6,57.3,100.0,57.3,0.000,0.000,0.00,0.000,0.0,0.0,0.0,0,0,0.3,0.5,0.1,208,23,0.0,0.0,0.0,0,0,0,28.67,,0,0,0,68.5,68.9,67.7,0.18,0.16,0.18
COLD,2017-08-21 00:30:00 EDT,43.26127,-74.97878,1422,57.1,59.4,57.1,100.0,57.1,0.000,0.000,0.00,0.000,0.0,0.0,0.0,0,0,0.3,0.7,0.2,147,47,0.0,0.0,0.0,0,0,0,28.67,,0,0,0,68.5,68.9,67.7,0.18,0.16,0.18
COLD,2017-08-21 00:35:00 EDT,43.26127,-74.97878,1422,56.9,59.3,56.9,100.0,56.9,0.000,0.000,0.00,0.000,1.3,3.0,1.2,93,2,1.8,3.2,0.9,92,6,1.3,3.0,1.2,93,2,0,28.67,,0,0,0,68.5,68.9,67.7,0.18,0.16,0.18
COLD,2017-08-21 00:40:00 EDT,43.26127,-74.97878,1422,56.8,59.0,56.8,100.0,56.8,0.000,0.000,0.00,0.000,1.0,3.1,0.8,120,11,1.3,3.5,0.7,126,22,1.0,3.1,0.8,120,11,0,28.67,,0,0,0,68.5,68.9,67.7,0.18,0.16,0.18
COLD,2017-08-21 00:45:00 EDT,43.26127,-74.97878,1422,57.5,59.6,57.5,100.0,57.5,0.000,0.000,0.00,0.000,0.0,0.0,0.0,0,0,0.3,0.9,0.2,104,29,0.0,0.0,0.0,0,0,0,28.67,,0,0,0,68.5,68.9,67.7,0.18,0.16,0.18
COLD,2017-08-21 00:50:00 EDT,43.26127,-74.97878,1422,57.8,59.8,57.8,100.0,57.8,0.000,0.000,0.00,0.000,0.4,0.9,0.3,125,6,0.8,1.4,0.2,125,7,0.4,0.9,0.3,125,6,0,28.66,,0,0,0,68.5,68.9,67.7,0.18,0.16,0.18
COLD,2017-08-21 00:55:00 EDT,43.26127,-74.97878,1422,57.8,60.0,57.8,100.0,57.8,0.000,0.000,0.00,0.000,0.1,0.6,0.2,106,0,0.7,1.2,0.2,105,12,0.1,0.6,0.2,106,0,0,28.66,,0,0,0,68.5,68.9,67.7,0.18,0.16,0.18
COLD,2017-08-21 01:00:00 EDT,43.26127,-74.97878,1422,57.4,59.9,57.4,100.0,57.4,0.000,0.000,0.00,0.000,0.5,1.4,0.4,102,3,0.8,1.7,0.4,98,19,0.5,1.4,0.4,102,3,0,28.66,,0,0,0,68.5,68.9,67.7,0.18,0.16,0.18
COLD,2017-08-21 01:05:00 EDT,43.26127,-74.97878,1422,57.2,59.6,57.2,100.0,57.2,0.000,0.000,0.00,0.000,1.6,3.3,1.0,99,14,1.9,3.5,0.8,97,13,1.6,3.3,1.0,99,14,0,28.66,,0,0,0,68.2,68.9,67.7,0.18,0.16,0.18
COLD,2017-08-21 01:10:00 EDT,43.26127,-74.97878,1422,57.6,59.4,57.6,100.0,57.6,0.000,0.000,0.00,0.000,0.5,1.3,0.5,141,9,0.8,1.4,0.3,141,16,0.5,1.3,0.5,141,9,0,28.66,,0,0,0,68.2,68.9,67.7,0.18,0.16,0.18
COLD,2017-08-21 01:15:00 EDT,43.26127,-74.97878,1422,57.6,59.4,57.6,100.0,57.6,0.000,0.000,0.00,0.000,0.0,0.0,0.0,0,0,0.3,0.7,0.1,145,44,0.0,0.0,0.0,0,0,0,28.66,,0,0,0,68.2,68.9,67.7,0.18,0.16,0.18
COLD,2017-08-21 01:20:00 EDT,43.26127,-74.97878,1422,57.5,59.4,57.5,100.0,57.5,0.000,0.000,0.00,0.000,0.0,0.0,0.0,0,0,0.5,0.8,0.1,106,27,0.0,0.0,0.0,0,0,0,28.66,,0,0,0,68.2,68.9,67.6,0.18,0.16,0.18
COLD,2017-08-21 01:25:00 EDT,43.26127,-74.97878,1422,57.4,59.4,57.4,100.0,57.4,0.000,0.000,0.00,0.000,0.0,0.0,0.0,0,0,0.4,0.7,0.2,171,22,0.0,0.0,0.0,0,0,0,28.66,,0,0,0,68.2,68.9,67.7,0.18,0.16,0.18
COLD,2017-08-21 01:30:00 EDT,43.26127,-74.97878,1422,57.3,59.6,57.3,100.0,57.3,0.000,0.000,0.00,0.000,0.0,0.0,0.0,0,0,0.2,0.4,0.1,46,47,0.0,0.0,0.0,0,0,0,28.66,,0,0,0,68.2,68.9,67.7,0.18,0.16,0.18
COLD,2017-08-21 01:35:00 EDT,43.26127,-74.97878,1422,57.5,59.7,57.5,100.0,57.5,0.000,0.000,0.00,0.000,0.0,0.0,0.0,0,0,0.3,0.6,0.1,123,63,0.0,0.0,0.0,0,0,0,28.66,,0,0,0,68.1,68.9,67.7,0.18,0.16,0.18
COLD,2017-08-21 01:40:00 EDT,43.26127,-74.97878,1422,57.7,59.6,57.7,100.0,57.7,0.000,0.000,0.00,0.000,0.3,1.4,0.5,88,2,0.7,1.8,0.5,85,22,0.3,1.4,0.5,88,2,0,28.66,,0,0,0,67.9,68.9,67.7,0.18,0.16,0.18
COLD,2017-08-21 01:45:00 EDT,43.26127,-74.97878,1422,56.8,59.8,56.8,100.0,56.8,0.000,0.000,0.00,0.000,2.3,2.8,0.5,104,6,2.5,3.3,0.5,103,7,2.3,2.8,0.5,104,6,0,28.66,,0,0,0,67.8,68.9,67.7,0.18,0.16,0.18
COLD,2017-08-21 01:50:00 EDT,43.26127,-74.97878,1422,57.1,59.5,57.1,100.0,57.1,0.000,0.000,0.00,0.000,0.6,1.5,0.6,121,8,0.9,1.6,0.4,142,43,0.6,1.5,0.6,121,8,0,28.66,,0,0,0,67.8,68.9,67.7,0.18,0.16,0.18
COLD,2017-08-21 01:55:00 EDT,43.26127,-74.97878,1422,57.4,59.4,57.4,100.0,57.4,0.000,0.000,0.00,0.000,0.0,0.0,0.0,0,0,0.5,0.9,0.2,142,68,0.0,0.0,0.0,0,0,0,28.66,,0,0,0,67.8,68.9,67.7,0.18,0.16,0.18
COLD,2017-08-21 02:00:00 EDT,43.26127,-74.97878,1422,57.0,58.8,57.0,100.0,57.0,0.000,0.000,0.00,0.000,1.1,1.8,0.5,93,10,1.6,2.4,0.4,87,13,1.1,1.8,0.5,93,10,0,28.66,,0,0,0,67.8,68.9,67.7,0.18,0.16,0.18
COLD,2017-08-21 02:05:00 EDT,43.26127,-74.97878,1422,56.0,58.3,56.0,100.0,56.0,0.000,0.000,0.00,0.000,1.1,2.0,0.5,102,7,1.5,2.5,0.4,99,11,1.1,2.0,0.5,102,7,0,28.66,,0,0,0,67.8,68.9,67.8,0.18,0.16,0.18
COLD,2017-08-21 02:10:00 EDT,43.26127,-74.97878,1422,55.9,57.9,55.9,100.0,55.9,0.000,0.000,0.00,0.000,1.7,2.5,0.5,83,8,2.1,3.1,0.6,78,10,1.7,2.5,0.5,83,8,0,28.66,,0,0,0,67.8,68.9,67.8,0.18,0.16,0.18
COLD,2017-08-21 02:15:00 EDT,43.26127,-74.97878,1422,55.6,57.8,55.6,100.0,55.6,0.000,0.000,0.00,0.000,1.6,2.6,0.5,54,22,1.8,3.2,0.5,47,22,1.6,2.6,0.5,54,22,0,28.66,,0,0,0,67.8,68.9,67.8,0.18,0.16,0.18
COLD,2017-08-21 02:20:00 EDT,43.26127,-74.97878,1422,55.6,57.8,55.6,100.0,55.6,0.000,0.000,0.00,0.000,0.4,1.5,0.5,97,9,0.8,1.8,0.5,105,28,0.4,1.5,0.5,97,9,0,28.66,,0,0,0,67.8,68.9,67.8,0.18,0.16,0.18
COLD,2017-08-21 02:25:00 EDT,43.26127,-74.97878,1422,55.3,57.6,55.3,100.0,55.3,0.000,0.000,0.00,0.000,0.0,0.4,0.1,81,0,0.7,1.2,0.2,48,19,0.0,0.4,0.1,81,0,0,28.66,,0,0,0,67.7,68.8,67.8,0.18,0.16,0.18
COLD,2017-08-21 02:30:00 EDT,43.26127,-74.97878,1422,55.3,57.3,55.3,100.0,55.3,0.000,0.000,0.00,0.000,0.5,1.3,0.5,201,19,1.0,1.4,0.3,187,37,0.5,1.3,0.5,201,19,0,28.66,,0,0,0,67.5,68.7,67.8,0.18,0.16,0.18
COLD,2017-08-21 02:35:00 EDT,43.26127,-74.97878,1422,55.9,57.6,55.9,100.0,55.9,0.000,0.000,0.00,0.000,0.5,1.2,0.5,204,2,0.8,1.5,0.3,215,21,0.5,1.2,0.5,204,2,0,28.66,,0,0,0,67.5,68.6,67.8,0.18,0.16,0.18
COLD,2017-08-21 02:40:00 EDT,43.26127,-74.97878,1422,56.4,57.7,56.4,100.0,56.4,0.000,0.000,0.00,0.000,0.0,0.0,0.0,0,0,0.5,1.0,0.1,283,29,0.0,0.0,0.0,0,0,0,28.66,,0,0,0,67.5,68.6,67.8,0.18,0.16,0.18
COLD,2017-08-21 02:45:00 EDT,43.26127,-74.97878,1422,56.1,57.5,56.1,100.0,56.1,0.000,0.000,0.00,0.000,0.0,0.0,0.0,0,0,0.7,1.0,0.1,319,6,0.0,0.0,0.0,0,0,0,28.66,,0,0,0,67.5,68.5,67.8,0.18,0.16,0.18
COLD,2017-08-21 02:50:00 EDT,43.26127,-74.97878,1422,55.9,57.1,55.9,100.0,55.9,0.000,0.000,0.00,0.000,0.0,0.0,0.0,0,0,0.6,1.0,0.1,352,23,0.0,0.0,0.0,0,0,0,28.66,,0,0,0,67.5,68.5,67.8,0.18,0.16,0.18
COLD,2017-08-21 02:55:00 EDT,43.26127,-74.97878,1422,55.5,57.0,55.5,100.0,55.5,0.000,0.000,0.00,0.000,0.0,0.0,0.0,0,0,0.7,1.0,0.1,60,19,0.0,0.0,0.0,0,0,0,28.66,,0,0,0,67.5,68.5,67.8,0.18,0.16,0.18
COLD,2017-08-21 03:00:00 EDT,43.26127,-74.97878,1422,55.9,56.9,55.9,100.0,55.9,0.000,0.000,0.00,0.000,0.0,0.0,0.0,0,0,0.5,0.7,0.1,102,25,0.0,0.0,0.0,0,0,0,28.67,,0,0,0,67.5,68.5,67.8,0.18,0.16,0.18
COLD,2017-08-21 03:05:00 EDT,43.26127,-74.97878,1422,54.5,56.8,54.5,100.0,54.5,0.000,0.000,0.00,0.000,1.1,2.6,1.0,49,2,1.4,2.7,0.7,47,10,1.1,2.6,1.0,49,2,0,28.67,,0,0,0,67.2,68.5,67.8,0.18,0.16,0.18
COLD,2017-08-21 03:10:00 EDT,43.26127,-74.97878,1422,54.0,56.3,54.0,100.0,54.0,0.000,0.000,0.00,0.000,2.5,3.0,0.2,56,6,2.4,3.1,0.2,51,4,2.5,3.0,0.2,56,6,0,28.67,,0,0,0,67.1,68.5,67.8,0.18,0.16,0.18
COLD,2017-08-21 03:15:00 EDT,43.26127,-74.97878,1422,54.4,56.2,54.4,100.0,54.4,0.000,0.000,0.00,0.000,2.7,3.5,0.4,89,12,3.0,4.0,0.4,87,14,2.7,3.5,0.4,89,12,0,28.67,,0,0,0,67.1,68.5,67.8,0.18,0.16,0.18
COLD,2017-08-21 03:20:00 EDT,43.26127,-74.97878,1422,55.2,56.1,55.2,100.0,55.2,0.000,0.000,0.00,0.000,1.8,3.9,1.2,114,21,2.0,4.4,1.2,114,22,1.8,3.9,1.2,114,21,0,28.67,,0,0,0,67.1,68.5,67.8,0.18,0.16,0.18
COLD,2017-08-21 03:25:00 EDT,43.26127,-74.97878,1422,54.7,56.0,54.7,100.0,54.7,0.000,0.000,0.00,0.000,0.0,0.5,0.1,159,1,0.4,1.1,0.3,144,42,0.0,0.5,0.1,159,1,0,28.67,,0,0,0,67.1,68.5,67.8,0.18,0.16,0.18
COLD,2017-08-21 03:30:00 EDT,43.26127,-74.97878,1422,54.6,56.0,54.6,100.0,54.6,0.000,0.000,0.00,0.000,0.0,0.0,0.0,0,0,0.4,0.8,0.1,74,41,0.0,0.0,0.0,0,0,0,28.67,,0,0,0,67.1,68.5,67.8,0.18,0.16,0.18
COLD,2017-08-21 03:35:00 EDT,43.26127,-74.97878,1422,54.9,56.0,54.9,100.0,54.9,0.000,0.000,0.00,0.000,0.0,0.0,0.0,0,0,0.6,0.8,0.1,159,19,0.0,0.0,0.0,0,0,0,28.67,,0,0,0,67.1,68.5,67.8,0.18,0.16,0.18
COLD,2017-08-21 03:40:00 EDT,43.26127,-74.97878,1422,54.7,56.2,54.7,100.0,54.7,0.000,0.000,0.00,0.000,0.0,0.0,0.0,0,0,0.6,1.0,0.2,184,10,0.0,0.0,0.0,0,0,0,28.67,,0,0,0,67.1,68.5,67.8,0.18,0.16,0.18
COLD,2017-08-21 03:45:00 EDT,43.26127,-74.97878,1422,54.8,56.2,54.8,100.0,54.8,0.000,0.000,0.00,0.000,0.0,0.0,0.0,0,0,0.5,0.8,0.2,149,35,0.0,0.0,0.0,0,0,0,28.67,,0,0,0,67.1,68.5,67.8,0.18,0.17,0.17
COLD,2017-08-21 03:50:00 EDT,43.26127,-74.97878,1422,55.0,56.3,55.0,100.0,55.0,0.000,0.000,0.00,0.000,0.0,0.0,0.0,0,0,0.4,0.7,0.1,73,14,0.0,0.0,0.0,0,0,0,28.67,,0,0,0,66.8,68.5,67.8,0.18,0.17,0.18
COLD,2017-08-21 03:55:00 EDT,43.26127,-74.97878,1422,54.4,56.1,54.4,100.0,54.4,0.000,0.000,0.00,0.000,0.3,1.8,0.6,95,2,0.9,2.1,0.5,76,20,0.3,1.8,0.6,95,2,0,28.67,,0,0,0,66.7,68.5,67.8,0.18,0.17,0.18
COLD,2017-08-21 04:00:00 EDT,43.26127,-74.97878,1422,53.9,55.5,53.9,100.0,53.9,0.000,0.000,0.00,0.000,2.3,3.0,0.6,96,11,2.6,3.3,0.7,93,13,2.3,3.0,0.6,96,11,0,28.67,,0,0,0,66.7,68.5,67.8,0.18,0.17,0.18
COLD,2017-08-21 04:05:00 EDT,43.26127,-74.97878,1422,53.8,56.3,53.8,100.0,53.8,0.000,0.000,0.00,0.000,0.2,1.0,0.3,144,15,0.7,1.2,0.2,142,24,0.2,1.0,0.3,144,15,0,28.67,,0,0,0,66.7,68.5,67.8,0.18,0.16,0.18
COLD,2017-08-21 04:10:00 EDT,43.26127,-74.97878,1422,54.4,56.3,54.4,100.0,54.4,0.000,0.000,0.00,0.000,0.2,1.5,0.4,111,11,0.9,2.4,0.4,106,25,0.2,1.5,0.4,111,11,0,28.67,,0,0,0,66.7,68.5,67.8,0.18,0.17,0.18
COLD,2017-08-21 04:15:00 EDT,43.26127,-74.97878,1422,54.9,56.2,54.9,100.0,54.9,0.000,0.000,0.00,0.000,1.6,3.4,1.0,110,9,1.9,3.8,1.0,109,11,1.6,3.4,1.0,110,9,0,28.67,,0,0,0,66.7,68.5,67.8,0.18,0.17,0.18
COLD,2017-08-21 04:20:00 EDT,43.26127,-74.97878,1422,55.1,56.1,55.1,100.0,55.1,0.000,0.000,0.00,0.000,0.4,1.5,0.5,99,9,0.8,2.1,0.5,90,19,0.4,1.5,0.5,99,9,0,28.67,,0,0,0,66.7,68.5,67.8,0.18,0.17,0.18
COLD,2017-08-21 04:25:00 EDT,43.26127,-74.97878,1422,54.5,56.0,54.5,100.0,54.5,0.000,0.000,0.00,0.000,0.8,1.9,0.5,118,12,1.1,2.4,0.4,116,18,0.8,1.9,0.5,118,12,0,28.67,,0,0,0,66.7,68.5,67.8,0.18,0.17,0.18
COLD,2017-08-21 04:30:00 EDT,43.26127,-74.97878,1422,54.9,55.9,54.9,100.0,54.9,0.000,0.000,0.00,0.000,0.0,0.0,0.0,0,0,0.3,0.6,0.2,138,40,0.0,0.0,0.0,0,0,0,28.67,,0,0,0,66.5,68.5,67.8,0.18,0.17,0.18
COLD,2017-08-21 04:35:00 EDT,43.26127,-74.97878,1422,54.7,55.9,54.7,100.0,54.7,0.000,0.000,0.00,0.000,0.0,0.0,0.0,0,0,0.4,0.9,0.2,146,72,0.0,0.0,0.0,0,0,0,28.67,,0,0,0,66.4,68.5,67.8,0.18,0.16,0.18
COLD,2017-08-21 04:40:00 EDT,43.26127,-74.97878,1422,54.9,56.1,54.9,100.0,54.9,0.000,0.000,0.00,0.000,0.0,0.0,0.0,0,0,0.3,0.6,0.1,261,41,0.0,0.0,0.0,0,0,0,28.67,,0,0,0,66.4,68.5,67.8,0.18,0.16,0.18
COLD,2017-08-21 04:45:00 EDT,43.26127,-74.97878,1422,55.0,56.1,55.0,100.0,55.0,0.000,0.000,0.00,0.000,0.1,0.8,0.2,92,1,0.5,1.3,0.4,72,25,0.1,0.8,0.2,92,1,0,28.67,,0,0,0,66.4,68.5,67.8,0.18,0.16,0.18
COLD,2017-08-21 04:50:00 EDT,43.26127,-74.97878,1422,54.6,56.0,54.6,100.0,54.6,0.000,0.000,0.00,0.000,1.2,1.5,0.3,92,3,1.5,1.8,0.2,87,6,1.2,1.5,0.3,92,3,0,28.67,,0,0,0,66.4,68.5,67.8,0.18,0.16,0.18
COLD,2017-08-21 04:55:00 EDT,43.26127,-74.97878,1422,54.4,56.3,54.4,100.0,54.4,0.000,0.000,0.00,0.000,1.1,1.5,0.3,94,7,1.4,1.9,0.2,91,11,1.1,1.5,0.3,94,7,0,28.67,,0,0,0,66.4,68.5,67.8,0.18,0.16,0.17
COLD,2017-08-21 05:00:00 EDT,43.26127,-74.97878,1422,54.2,56.1,54.2,100.0,54.2,0.000,0.000,0.00,0.000,0.1,0.7,0.2,110,0,0.5,1.1,0.2,95,13,0.1,0.7,0.2,110,0,0,28.67,,0,0,0,66.4,68.5,67.8,0.18,0.16,0.17
COLD,2017-08-21 05:05:00 EDT,43.26127,-74.97878,1422,53.8,55.9,53.8,100.0,53.8,0.000,0.000,0.00,0.000,0.0,0.0,0.0,0,0,0.4,0.7,0.1,138,17,0.0,0.0,0.0,0,0,0,28.67,,0,0,0,66.4,68.5,67.8,0.18,0.16,0.18
COLD,2017-08-21 05:10:00 EDT,43.26127,-74.97878,1422,54.2,55.8,54.2,100.0,54.2,0.000,0.000,0.00,0.000,0.0,0.0,0.0,0,0,0.4,0.7,0.2,124,29,0.0,0.0,0.0,0,0,0,28.67,,0,0,0,66.4,68.5,67.7,0.18,0.16,0.18
COLD,2017-08-21 05:15:00 EDT,43.26127,-74.97878,1422,54.6,55.5,54.6,100.0,54.6,0.000,0.000,0.00,0.000,0.0,0.0,0.0,0,0,0.2,0.6,0.1,139,45,0.0,0.0,0.0,0,0,0,28.67,,0,0,0,66.4,68.5,67.8,0.18,0.16,0.18
COLD,2017-08-21 05:20:00 EDT,43.26127,-74.97878,1422,54.8,55.7,54.8,100.0,54.8,0.000,0.000,0.00,0.000,0.0,0.0,0.0,0,0,0.3,0.5,0.1,312,24,0.0,0.0,0.0,0,0,0,28.67,,0,0,0,66.2,68.5,67.8,0.18,0.16,0.18
COLD,2017-08-21 05:25:00 EDT,43.26127,-74.97878,1422,54.5,55.6,54.5,100.0,54.5,0.000,0.000,0.00,0.000,0.2,0.9,0.4,69,0,0.7,1.3,0.3,41,30,0.2,0.9,0.4,69,0,0,28.68,,0,0,0,66.0,68.5,67.7,0.18,0.16,0.18
COLD,2017-08-21 05:30:00 EDT,43.26127,-74.97878,1422,53.5,55.6,53.5,100.0,53.5,0.000,0.000,0.00,0.000,0.6,0.9,0.1,90,5,1.1,1.3,0.1,82,7,0.6,0.9,0.1,90,5,0,28.68,,0,0,0,66.0,68.5,67.7,0.18,0.16,0.18
COLD,2017-08-21 05:35:00 EDT,43.26127,-74.97878,1422,53.5,55.2,53.5,100.0,53.5,0.000,0.000,0.00,0.000,1.0,1.6,0.3,63,9,1.3,1.7,0.2,51,7,1.0,1.6,0.3,63,9,0,28.67,,0,0,0,66.0,68.3,67.7,0.18,0.16,0.18
COLD,2017-08-21 05:40:00 EDT,43.26127,-74.97878,1422,53.3,55.2,53.3,100.0,53.3,0.000,0.000,0.00,0.000,2.0,2.8,0.3,74,10,2.4,3.2,0.5,71,11,2.0,2.8,0.3,74,10,0,28.67,,0,0,0,66.0,68.3,67.8,0.18,0.16,0.18
COLD,2017-08-21 05:45:00 EDT,43.26127,-74.97878,1422,53.1,55.2,53.1,100.0,53.1,0.000,0.000,0.00,0.000,3.0,3.4,0.2,80,4,3.5,4.1,0.3,75,5,3.0,3.4,0.2,80,4,0,28.67,,0,0,0,66.0,68.2,67.8,0.18,0.16,0.18
COLD,2017-08-21 05:50:00 EDT,43.26127,-74.97878,1422,52.5,55.3,52.5,100.0,52.5,0.000,0.000,0.00,0.000,3.0,3.4,0.2,86,6,3.5,3.9,0.3,83,8,3.0,3.4,0.2,86,6,0,28.67,,0,0,0,66.0,68.2,67.8,0.18,0.16,0.18
COLD,2017-08-21 05:55:00 EDT,43.26127,-74.97878,1422,53.5,55.1,53.5,100.0,53.5,0.000,0.000,0.00,0.000,2.6,3.4,0.5,96,8,2.9,4.1,0.5,94,9,2.6,3.4,0.5,96,8,0,28.67,,0,0,0,66.0,68.2,67.8,0.18,0.16,0.18
COLD,2017-08-21 06:00:00 EDT,43.26127,-74.97878,1422,53.7,54.8,53.7,100.0,53.7,0.000,0.000,0.00,0.000,0.1,1.2,0.3,110,5,0.6,1.5,0.2,151,32,0.1,1.2,0.3,110,5,1,28.67,,0,0,0,66.0,68.2,67.7,0.18,0.16,0.18
COLD,2017-08-21 06:05:00 EDT,43.26127,-74.97878,1422,53.6,54.7,53.6,100.0,53.6,0.000,0.000,0.00,0.000,0.2,2.0,0.5,96,9,0.8,2.0,0.4,85,32,0.2,2.0,0.5,96,9,3,28.67,,0,0,0,65.9,68.2,67.7,0.18,0.16,0.18
COLD,2017-08-21 06:10:00 EDT,43.26127,-74.97878,1422,53.2,54.8,53.2,100.0,53.2,0.000,0.000,0.00,0.000,2.4,4.1,1.4,97,6,2.7,4.4,1.3,94,7,2.4,4.1,1.4,97,6,4,28.67,,0,0,0,65.8,68.2,67.8,0.18,0.16,0.18
COLD,2017-08-21 06:15:00 EDT,43.26127,-74.97878,1422,53.0,55.1,53.0,100.0,53.0,0.000,0.000,0.00,0.000,3.3,3.9,0.4,93,3,3.4,4.1,0.3,92,3,3.3,3.9,0.4,93,3,4,28.67,,0,0,0,65.8,68.2,67.7,0.18,0.16,0.18
COLD,2017-08-21 06:20:00 EDT,43.26127,-74.97878,1422,53.1,54.9,53.1,100.0,53.1,0.000,0.000,0.00,0.000,1.9,2.8,0.5,85,4,2.3,3.2,0.5,79,7,1.9,2.8,0.5,85,4,5,28.67,,0,0,0,65.8,68.2,67.8,0.18,0.16,0.18
COLD,2017-08-21 06:25:00 EDT,43.26127,-74.97878,1422,52.9,54.6,52.9,100.0,52.9,0.000,0.000,0.00,0.000,0.4,1.2,0.4,116,28,0.9,1.7,0.3,125,43,0.4,1.2,0.4,116,28,8,28.68,,0,0,0,65.8,68.2,67.7,0.18,0.16,0.18
COLD,2017-08-21 06:30:00 EDT,43.26127,-74.97878,1422,53.0,54.4,53.0,100.0,53.0,0.000,0.000,0.00,0.000,0.5,1.4,0.4,200,4,0.9,1.6,0.3,204,22,0.5,1.4,0.4,200,4,13,28.68,,0,0,0,65.8,68.2,67.7,0.18,0.16,0.18
COLD,2017-08-21 06:35:00 EDT,43.26127,-74.97878,1422,53.4,54.4,53.4,100.0,53.4,0.000,0.000,0.00,0.000,0.0,0.1,0.0,42,0,0.6,1.1,0.2,6,29,0.0,0.1,0.0,42,0,19,28.68,,0,0,0,65.8,68.2,67.8,0.18,0.16,0.18
COLD,2017-08-21 06:40:00 EDT,43.26127,-74.97878,1422,52.9,54.4,52.9,100.0,52.9,0.000,0.000,0.00,0.000,0.0,0.1,0.0,66,0,0.7,1.2,0.2,33,35,0.0,0.1,0.0,66,0,24,28.68,,0,0,0,65.8,68.2,67.7,0.18,0.16,0.18
COLD,2017-08-21 06:45:00 EDT,43.26127,-74.97878,1422,53.4,54.8,53.4,100.0,53.4,0.000,0.000,0.00,0.000,0.6,1.7,0.4,64,6,1.0,1.8,0.3,58,10,0.6,1.7,0.4,64,6,27,28.68,,0,0,0,65.8,68.2,67.6,0.17,0.16,0.18
COLD,2017-08-21 06:50:00 EDT,43.26127,-74.97878,1422,52.9,54.7,52.9,100.0,52.9,0.000,0.000,0.00,0.000,2.0,2.7,0.5,66,13,2.2,3.5,0.7,62,13,2.0,2.7,0.5,66,13,21,28.68,,0,0,0,65.8,68.2,67.6,0.18,0.16,0.18
COLD,2017-08-21 06:55:00 EDT,43.26127,-74.97878,1422,53.3,55.3,53.3,100.0,53.3,0.000,0.000,0.00,0.000,2.5,3.1,0.3,92,6,2.8,3.5,0.3,91,7,2.5,3.1,0.3,92,6,20,28.68,,0,0,0,65.8,68.2,67.5,0.18,0.16,0.18
COLD,2017-08-21 07:00:00 EDT,43.26127,-74.97878,1422,54.1,55.6,54.1,100.0,54.1,0.000,0.000,0.00,0.000,3.3,4.2,0.6,100,5,3.6,4.8,0.7,98,4,3.3,4.2,0.6,100,5,32,28.68,,0,0,0,65.7,68.2,67.5,0.18,0.16,0.17
COLD,2017-08-21 07:05:00 EDT,43.26127,-74.97878,1422,54.1,55.5,54.1,100.0,54.1,0.000,0.000,0.00,0.000,3.4,4.7,0.6,102,8,3.6,5.5,0.7,100,8,3.4,4.7,0.6,102,8,68,28.68,,0,0,0,65.6,68.2,67.5,0.18,0.16,0.17
COLD,2017-08-21 07:10:00 EDT,43.26127,-74.97878,1422,54.7,55.4,54.7,100.0,54.7,0.000,0.000,0.00,0.000,3.1,4.6,0.8,107,9,3.3,6.0,0.9,104,8,3.1,4.6,0.8,107,9,91,28.67,,0,0,0,65.5,68.1,67.5,0.18,0.16,0.17
COLD,2017-08-21 07:15:00 EDT,43.26127,-74.97878,1422,55.3,55.6,55.3,100.0,55.3,0.000,0.000,0.00,0.000,3.8,5.5,0.6,109,10,4.0,5.8,0.7,104,10,3.8,5.5,0.6,109,10,114,28.68,,0,0,0,65.5,68.0,67.5,0.17,0.16,0.17
COLD,2017-08-21 07:20:00 EDT,43.26127,-74.97878,1422,55.4,55.7,55.4,100.0,55.4,0.000,0.000,0.00,0.000,4.7,6.7,0.8,107,10,5.1,7.4,0.9,104,9,4.7,6.7,0.8,107,10,132,28.67,,0,0,0,65.5,67.9,67.5,0.18,0.16,0.17
COLD,2017-08-21 07:25:00 EDT,43.26127,-74.97878,1422,55.9,55.9,55.9,100.0,55.9,0.000,0.000,0.00,0.000,2.3,3.9,0.9,113,18,2.5,4.5,0.9,108,19,2.3,3.9,0.9,113,18,161,28.68,,0,0,0,65.5,67.8,67.5,0.18,0.16,0.17
COLD,2017-08-21 07:30:00 EDT,43.26127,-74.97878,1422,56.4,56.3,56.4,100.0,56.4,0.000,0.000,0.00,0.000,2.9,3.9,0.3,101,7,3.1,4.4,0.4,99,5,2.9,3.9,0.3,101,7,175,28.68,,0,0,0,65.5,67.8,67.5,0.18,0.16,0.17
COLD,2017-08-21 07:35:00 EDT,43.26127,-74.97878,1422,57.1,56.9,57.1,100.0,57.1,0.000,0.000,0.00,0.000,2.1,3.7,0.8,106,12,2.3,4.2,0.9,102,12,2.1,3.7,0.8,106,12,191,28.68,,0,0,0,65.5,67.8,67.5,0.18,0.16,0.17
COLD,2017-08-21 07:40:00 EDT,43.26127,-74.97878,1422,57.8,57.7,57.8,100.0,57.8,0.000,0.000,0.00,0.000,0.8,2.0,0.6,119,20,1.2,2.8,0.5,105,22,0.8,2.0,0.6,119,20,189,28.68,,0,0,0,65.5,67.8,67.5,0.18,0.16,0.17
COLD,2017-08-21 07:45:00 EDT,43.26127,-74.97878,1422,58.3,58.3,58.3,100.0,58.3,0.000,0.000,0.00,0.000,0.5,1.5,0.5,96,17,1.1,2.2,0.5,83,25,0.5,1.5,0.5,96,17,218,28.68,,0,0,0,65.5,67.8,67.5,0.18,0.16,0.17
COLD,2017-08-21 07:50:00 EDT,43.26127,-74.97878,1422,59.0,58.8,59.0,100.0,59.0,0.000,0.000,0.00,0.000,1.3,2.0,0.4,104,10,1.7,2.6,0.5,101,11,1.3,2.0,0.4,104,10,205,28.68,,0,0,0,65.5,67.8,67.5,0.18,0.16,0.17
COLD,2017-08-21 07:55:00 EDT,43.26127,-74.97878,1422,59.8,59.4,59.8,100.0,59.8,0.000,0.000,0.00,0.000,1.4,2.2,0.4,100,11,1.8,2.9,0.4,95,12,1.4,2.2,0.4,100,11,232,28.68,,0,0,0,65.5,67.8,67.5,0.18,0.16,0.18
COLD,2017-08-21 08:00:00 EDT,43.26127,-74.97878,1422,60.4,60.0,60.4,100.0,60.4,0.000,0.000,0.00,0.000,1.4,2.3,0.5,102,18,1.7,2.9,0.7,98,17,1.4,2.3,0.5,102,18,245,28.68,,0,0,0,65.5,67.8,67.5,0.17,0.16,0.17
COLD,2017-08-21 08:05:00 EDT,43.26127,-74.97878,1422,60.7,60.5,60.7,100.0,60.7,0.000,0.000,0.00,0.000,1.1,2.1,0.5,115,22,1.4,2.6,0.5,109,24,1.1,2.1,0.5,115,22,280,28.68,,0,0,0,65.5,67.8,67.5,0.18,0.16,0.18
COLD,2017-08-21 08:10:00 EDT,43.26127,-74.97878,1422,61.2,61.1,61.2,100.0,61.2,0.000,0.000,0.00,0.000,0.3,1.6,0.5,134,12,0.7,1.9,0.4,135,40,0.3,1.6,0.5,134,12,273,28.68,,0,0,0,65.5,67.8,67.5,0.18,0.16,0.17
COLD,2017-08-21 08:15:00 EDT,43.26127,-74.97878,1422,61.8,61.6,61.8,99.7,61.7,0.000,0.000,0.00,0.000,0.0,0.4,0.1,173,0,0.4,1.1,0.2,160,54,0.0,0.4,0.1,173,0,287,28.68,,0,0,0,65.5,67.8,67.5,0.18,0.16,0.17
COLD,2017-08-21 08:20:00 EDT,43.26127,-74.97878,1422,63.1,62.3,63.1,100.0,63.1,0.000,0.000,0.00,0.000,1.1,1.9,0.5,98,28,1.5,2.6,0.5,94,30,1.1,1.9,0.5,98,28,275,28.68,,0,0,0,65.5,67.8,67.5,0.18,0.16,0.18
COLD,2017-08-21 08:25:00 EDT,43.26127,-74.97878,1422,63.6,63.2,63.6,100.0,63.6,0.000,0.000,0.00,0.000,0.6,1.4,0.4,129,20,1.1,2.1,0.4,130,30,0.6,1.4,0.4,129,20,304,28.68,,0,0,0,65.5,67.8,67.5,0.18,0.16,0.18
COLD,2017-08-21 08:30:00 EDT,43.26127,-74.97878,1422,64.2,64.1,64.2,99.9,64.2,0.000,0.000,0.00,0.000,1.5,3.3,0.8,181,15,1.8,3.9,0.8,178,18,1.5,3.3,0.8,181,15,324,28.68,,0,0,0,65.5,67.8,67.5,0.18,0.16,0.18
COLD,2017-08-21 08:35:00 EDT,43.26127,-74.97878,1422,64.9,65.2,64.9,99.8,64.8,0.000,0.000,0.00,0.000,3.3,5.1,0.8,182,12,3.5,5.9,1.0,180,12,3.3,5.1,0.8,182,12,247,28.68,,0,0,0,65.5,67.8,67.5,0.18,0.16,0.17
COLD,2017-08-21 08:40:00 EDT,43.26127,-74.97878,1422,65.3,65.6,65.3,99.9,65.2,0.000,0.000,0.00,0.000,4.1,5.6,0.6,186,8,4.4,5.8,0.6,183,7,4.1,5.6,0.6,186,8,348,28.67,,0,0,0,65.7,67.8,67.5,0.18,0.16,0.17
COLD,2017-08-21 08:45:00 EDT,43.26127,-74.97878,1422,66.5,66.4,66.5,96.0,65.3,0.000,0.000,0.00,0.000,3.9,5.0,0.6,182,12,4.2,6.5,0.7,181,10,3.9,5.0,0.6,182,12,404,28.67,,0,0,0,65.8,67.8,67.5,0.18,0.16,0.17
COLD,2017-08-21 08:50:00 EDT,43.26127,-74.97878,1422,67.2,67.1,67.2,85.2,62.6,0.000,0.000,0.00,0.000,3.8,5.0,0.5,175,9,4.2,5.6,0.6,172,10,3.8,5.0,0.5,175,9,425,28.67,,0,0,0,65.8,67.8,67.5,0.18,0.16,0.17
COLD,2017-08-21 08:55:00 EDT,43.26127,-74.97878,1422,67.8,67.5,67.8,83.4,62.6,0.000,0.000,0.00,0.000,5.1,6.6,0.8,189,9,5.4,7.0,0.7,187,9,5.1,6.6,0.8,189,9,422,28.68,,0,0,0,65.8,67.8,67.5,0.18,0.16,0.17
COLD,2017-08-21 09:00:00 EDT,43.26127,-74.97878,1422,68.1,67.8,68.1,82.2,62.5,0.000,0.000,0.00,0.000,5.3,6.5,0.6,193,7,5.6,7.3,0.7,191,7,5.3,6.5,0.6,193,7,442,28.68,,0,0,0,65.8,67.8,67.5,0.18,0.16,0.17
COLD,2017-08-21 09:05:00 EDT,43.26127,-74.97878,1422,68.4,67.9,68.4,81.7,62.5,0.000,0.000,0.00,0.000,4.9,7.2,1.5,191,7,5.1,8.1,1.5,189,6,4.9,7.2,1.5,191,7,440,28.67,,0,0,0,65.8,67.8,67.5,0.18,0.16,0.17
COLD,2017-08-21 09:10:00 EDT,43.26127,-74.97878,1422,68.8,68.3,68.8,81.4,62.8,0.000,0.000,0.00,0.000,3.2,5.6,1.1,171,16,3.4,5.8,1.2,169,17,3.2,5.6,1.1,171,16,402,28.67,,0,0,0,65.8,67.8,67.5,0.18,0.16,0.17
COLD,2017-08-21 09:15:00 EDT,43.26127,-74.97878,1422,68.9,68.5,68.9,76.5,61.2,0.000,0.000,0.00,0.000,3.4,4.7,1.0,169,13,3.7,5.7,1.1,166,13,3.4,4.7,1.0,169,13,459,28.67,,0,0,0,65.8,67.8,67.5,0.18,0.16,0.17
COLD,2017-08-21 09:20:00 EDT,43.26127,-74.97878,1422,69.3,68.9,69.3,75.7,61.3,0.000,0.000,0.00,0.000,3.8,4.7,0.5,168,9,4.2,5.3,0.6,165,8,3.8,4.7,0.5,168,9,415,28.67,,0,0,0,65.9,67.8,67.5,0.18,0.16,0.17
COLD,2017-08-21 09:25:00 EDT,43.26127,-74.97878,1422,69.6,69.2,69.6,74.0,61.0,0.000,0.000,0.00,0.000,3.0,4.5,0.9,175,13,3.3,5.2,0.9,172,13,3.0,4.5,0.9,175,13,517,28.67,,0,0,0,66.0,67.7,67.5,0.18,0.16,0.17
COLD,2017-08-21 09:30:00 EDT,43.26127,-74.97878,1422,70.5,69.7,70.5,74.7,62.1,0.000,0.000,0.00,0.000,3.4,4.4,0.5,168,10,3.7,4.9,0.6,164,10,3.4,4.4,0.5,168,10,500,28.67,,0,0,0,66.0,67.6,67.5,0.17,0.16,0.17
COLD,2017-08-21 09:35:00 EDT,43.26127,-74.97878,1422,70.9,70.1,70.9,75.4,62.8,0.000,0.000,0.00,0.000,2.0,4.5,1.2,185,19,2.4,5.8,1.3,187,24,2.0,4.5,1.2,185,19,511,28.67,,0,0,0,66.0,67.6,67.5,0.18,0.16,0.17
COLD,2017-08-21 09:40:00 EDT,43.26127,-74.97878,1422,71.5,70.9,71.5,69.2,60.9,0.000,0.000,0.00,0.000,3.8,6.3,1.1,223,18,4.2,6.8,1.1,222,18,3.8,6.3,1.1,223,18,523,28.67,,0,0,0,66.0,67.5,67.5,0.17,0.16,0.17
COLD,2017-08-21 09:45:00 EDT,43.26127,-74.97878,1422,71.5,70.9,71.5,68.7,60.7,0.000,0.000,0.00,0.000,5.0,7.2,0.9,213,12,5.2,7.0,0.9,212,12,5.0,7.2,0.9,213,12,492,28.67,,0,0,0,66.4,67.5,67.5,0.17,0.16,0.17
COLD,2017-08-21 09:50:00 EDT,43.26127,-74.97878,1422,71.6,70.9,71.6,70.5,61.6,0.000,0.000,0.00,0.000,4.9,6.3,0.8,212,18,5.3,7.6,0.8,211,18,4.9,6.3,0.8,212,18,573,28.67,,0,0,0,66.4,67.5,67.5,0.17,0.16,0.17
COLD,2017-08-21 09:55:00 EDT,43.26127,-74.97878,1422,71.8,71.0,71.8,71.4,62.0,0.000,0.000,0.00,0.000,5.3,7.7,1.1,212,13,5.6,7.8,1.1,210,14,5.3,7.7,1.1,212,13,588,28.67,,0,0,0,66.4,67.5,67.5,0.18,0.16,0.17
COLD,2017-08-21 10:00:00 EDT,43.26127,-74.97878,1422,72.0,71.1,72.0,70.8,62.0,0.000,0.000,0.00,0.000,6.0,8.3,1.1,205,12,6.3,8.7,1.3,202,13,6.0,8.3,1.1,205,12,637,28.68,,0,0,0,66.4,67.5,67.5,0.18,0.16,0.17
COLD,2017-08-21 10:05:00 EDT,43.26127,-74.97878,1422,72.1,71.3,72.1,69.2,61.5,0.000,0.000,0.00,0.000,6.2,9.3,1.6,221,16,6.2,9.3,1.5,218,16,6.2,9.3,1.6,221,16,649,28.67,,0,0,0,66.6,67.5,67.5,0.18,0.16,0.17
COLD,2017-08-21 10:10:00 EDT,43.26127,-74.97878,1422,72.3,71.5,72.3,71.2,62.4,0.000,0.000,0.00,0.000,6.5,9.1,1.3,212,10,6.8,9.2,1.2,210,10,6.5,9.1,1.3,212,10,644,28.68,,0,0,0,66.7,67.5,67.5,0.18,0.16,0.17
COLD,2017-08-21 10:15:00 EDT,43.26127,-74.97878,1422,72.2,71.3,72.2,72.3,62.8,0.000,0.000,0.00,0.000,6.5,9.6,1.5,208,12,6.8,9.7,1.5,206,12,6.5,9.6,1.5,208,12,642,28.68,,0,0,0,66.7,67.5,67.5,0.18,0.16,0.17
COLD,2017-08-21 10:20:00 EDT,43.26127,-74.97878,1422,72.2,71.3,72.2,72.2,62.8,0.000,0.000,0.00,0.000,7.7,10.8,1.1,206,10,7.9,11.0,1.3,203,9,7.7,10.8,1.1,206,10,701,28.68,,0,0,0,66.8,67.5,67.5,0.18,0.16,0.17
COLD,2017-08-21 10:25:00 EDT,43.26127,-74.97878,1422,72.7,71.4,72.7,71.6,63.0,0.000,0.000,0.00,0.000,6.8,10.3,1.4,211,13,7.1,10.9,1.3,209,13,6.8,10.3,1.4,211,13,718,28.68,,0,0,0,67.0,67.5,67.5,0.17,0.16,0.17
COLD,2017-08-21 10:30:00 EDT,43.26127,-74.97878,1422,72.5,71.1,72.5,72.4,63.1,0.000,0.000,0.00,0.000,9.2,11.4,1.2,196,11,9.7,12.6,1.3,194,10,9.2,11.4,1.2,196,11,680,28.68,,0,0,0,67.1,67.5,67.5,0.17,0.16,0.17
COLD,2017-08-21 10:35:00 EDT,43.26127,-74.97878,1422,72.5,71.5,72.5,72.9,63.3,0.000,0.000,0.00,0.000,6.7,11.5,1.8,214,17,7.0,12.4,1.9,213,17,6.7,11.5,1.8,214,17,714,28.68,,0,0,0,67.1,67.5,67.5,0.17,0.16,0.17
COLD,2017-08-21 10:40:00 EDT,43.26127,-74.97878,1422,72.8,71.5,72.8,73.2,63.7,0.000,0.000,0.00,0.000,6.8,9.7,1.4,227,20,7.1,10.2,1.5,225,19,6.8,9.7,1.4,227,20,739,28.68,,0,0,0,67.3,67.5,67.5,0.17,0.16,0.17
COLD,2017-08-21 10:45:00 EDT,43.26127,-74.97878,1422,72.9,71.9,72.9,71.7,63.2,0.000,0.000,0.00,0.000,6.9,9.6,1.4,212,13,7.1,9.9,1.4,210,13,6.9,9.6,1.4,212,13,679,28.68,,0,0,0,67.5,67.5,67.5,0.17,0.16,0.17
COLD,2017-08-21 10:50:00 EDT,43.26127,-74.97878,1422,72.5,71.7,72.5,72.6,63.2,0.000,0.000,0.00,0.000,6.7,9.5,1.2,213,13,7.0,10.0,1.3,211,14,6.7,9.5,1.2,213,13,524,28.68,,0,0,0,67.5,67.5,67.5,0.17,0.16,0.17
COLD,2017-08-21 10:55:00 EDT,43.26127,-74.97878,1422,72.7,71.6,72.7,73.0,63.5,0.000,0.000,0.00,0.000,6.5,9.5,1.5,211,13,6.7,10.0,1.5,209,13,6.5,9.5,1.5,211,13,623,28.68,,0,0,0,67.7,67.5,67.5,0.18,0.16,0.17
COLD,2017-08-21 11:00:00 EDT,43.26127,-74.97878,1422,72.6,71.6,72.6,73.0,63.5,0.000,0.000,0.00,0.000,6.5,9.6,1.2,218,15,6.8,10.5,1.1,215,15,6.5,9.6,1.2,218,15,576,28.67,,0,0,0,67.8,67.5,67.5,0.18,0.16,0.17
COLD,2017-08-21 11:05:00 EDT,43.26127,-74.97878,1422,73.0,71.7,73.0,72.0,63.4,0.000,0.000,0.00,0.000,7.7,9.5,1.0,207,11,8.1,10.3,1.0,205,11,7.7,9.5,1.0,207,11,700,28.67,,0,0,0,67.8,67.5,67.5,0.18,0.16,0.17
COLD,2017-08-21 11:10:00 EDT,43.26127,-74.97878,1422,73.0,71.7,73.0,71.3,63.1,0.000,0.000,0.00,0.000,7.6,10.5,1.2,212,10,7.7,10.7,1.4,209,9,7.6,10.5,1.2,212,10,775,28.67,,0,0,0,67.9,67.5,67.5,0.17,0.16,0.17
COLD,2017-08-21 11:15:00 EDT,43.26127,-74.97878,1422,73.0,72.2,73.0,71.3,63.2,0.000,0.000,0.00,0.000,7.6,10.8,1.8,218,10,7.6,11.1,1.8,216,10,7.6,10.8,1.8,218,10,483,28.67,,0,0,0,68.2,67.5,67.5,0.17,0.16,0.17
COLD,2017-08-21 11:20:00 EDT,43.26127,-74.97878,1422,73.0,71.9,73.0,71.9,63.4,0.000,0.000,0.00,0.000,7.7,9.8,0.8,210,10,7.8,10.7,1.0,209,9,7.7,9.8,0.8,210,10,601,28.67,,0,0,0,68.2,67.5,67.5,0.17,0.16,0.17
COLD,2017-08-21 11:25:00 EDT,43.26127,-74.97878,1422,73.6,72.4,73.6,71.2,63.7,0.000,0.000,0.00,0.000,6.9,9.0,1.1,213,13,7.2,10.2,1.1,211,13,6.9,9.0,1.1,213,13,679,28.66,,0,0,0,68.2,67.5,67.5,0.17,0.16,0.17
COLD,2017-08-21 11:30:00 EDT,43.26127,-74.97878,1422,74.2,73.0,74.2,70.3,63.9,0.000,0.000,0.00,0.000,6.1,9.2,1.3,211,14,6.4,10.3,1.4,209,13,6.1,9.2,1.3,211,14,795,28.66,,0,0,0,68.5,67.5,67.5,0.17,0.16,0.17
COLD,2017-08-21 11:35:00 EDT,43.26127,-74.97878,1422,74.3,73.0,74.3,68.7,63.3,0.000,0.000,0.00,0.000,7.8,10.1,1.0,217,19,8.2,10.6,1.0,215,19,7.8,10.1,1.0,217,19,780,28.65,,0,0,0,68.5,67.5,67.5,0.17,0.16,0.17
COLD,2017-08-21 11:40:00 EDT,43.26127,-74.97878,1422,74.5,73.4,74.5,67.8,63.1,0.000,0.000,0.00,0.000,7.6,9.9,1.5,216,11,7.8,11.8,1.6,213,10,7.6,9.9,1.5,216,11,788,28.65,,0,0,0,68.5,67.4,67.5,0.17,0.16,0.17
COLD,2017-08-21 11:45:00 EDT,43.26127,-74.97878,1422,75.5,74.3,75.5,65.7,63.2,0.000,0.000,0.00,0.000,7.6,11.5,1.7,211,11,7.9,11.8,1.7,209,10,7.6,11.5,1.7,211,11,815,28.65,,0,0,0,68.5,67.4,67.5,0.17,0.16,0.17
COLD,2017-08-21 11:50:00 EDT,43.26127,-74.97878,1422,75.6,74.4,75.6,67.8,64.2,0.000,0.000,0.00,0.000,6.2,9.0,1.2,215,16,6.6,9.9,1.4,214,17,6.2,9.0,1.2,215,16,864,28.65,,0,0,0,68.8,67.3,67.5,0.17,0.16,0.17
COLD,2017-08-21 11:55:00 EDT,43.26127,-74.97878,1422,75.9,74.3,75.9,67.5,64.3,0.000,0.000,0.00,0.000,7.5,10.0,1.2,204,9,7.7,10.8,1.4,202,9,7.5,10.0,1.2,204,9,850,28.65,,0,0,0,68.9,67.3,67.5,0.17,0.16,0.17
COLD,2017-08-21 12:00:00 EDT,43.26127,-74.97878,1422,75.5,74.3,75.5,66.3,63.5,0.000,0.000,0.00,0.000,7.1,11.0,1.8,224,14,7.2,11.5,1.8,221,14,7.1,11.0,1.8,224,14,709,28.65,,0,0,0,68.9,67.2,67.5,0.17,0.16,0.17
COLD,2017-08-21 12:05:00 EDT,43.26127,-74.97878,1422,76.2,74.9,76.2,66.4,64.1,0.000,0.000,0.00,0.000,7.5,9.9,1.2,223,17,7.7,11.2,1.3,220,18,7.5,9.9,1.2,223,17,873,28.65,,0,0,0,69.0,67.1,67.5,0.17,0.16,0.17
COLD,2017-08-21 12:10:00 EDT,43.26127,-74.97878,1422,76.0,74.5,76.0,67.0,64.2,0.000,0.000,0.00,0.000,8.0,11.8,1.6,203,17,8.3,13.3,1.7,200,17,8.0,11.8,1.6,203,17,862,28.65,,0,0,0,69.2,67.1,67.5,0.17,0.16,0.17
COLD,2017-08-21 12:15:00 EDT,43.26127,-74.97878,1422,75.9,74.5,75.9,66.2,63.8,0.000,0.000,0.00,0.000,7.4,10.9,1.7,218,15,7.7,11.6,1.9,216,15,7.4,10.9,1.7,218,15,861,28.65,,0,0,0,69.3,67.1,67.4,0.17,0.16,0.17
COLD,2017-08-21 12:20:00 EDT,43.26127,-74.97878,1422,76.1,74.8,76.1,64.1,63.1,0.000,0.000,0.00,0.000,7.7,10.8,1.2,211,19,8.1,12.1,1.4,208,19,7.7,10.8,1.2,211,19,869,28.65,,0,0,0,69.3,67.1,67.5,0.17,0.16,0.17
COLD,2017-08-21 12:25:00 EDT,43.26127,-74.97878,1422,76.6,75.3,76.6,61.7,62.5,0.000,0.000,0.00,0.000,7.5,11.2,1.9,213,10,7.6,12.0,2.1,211,10,7.5,11.2,1.9,213,10,865,28.65,,0,0,0,69.5,67.1,67.3,0.17,0.16,0.17
COLD,2017-08-21 12:30:00 EDT,43.26127,-74.97878,1422,77.1,75.8,77.1,65.2,64.5,0.000,0.000,0.00,0.000,7.4,12.9,1.9,192,17,7.9,14.3,2.0,191,17,7.4,12.9,1.9,192,17,853,28.65,,0,0,0,69.6,67.1,67.3,0.17,0.16,0.17
COLD,2017-08-21 12:35:00 EDT,43.26127,-74.97878,1422,76.6,75.2,76.6,64.8,63.9,0.000,0.000,0.00,0.000,10.6,13.7,1.8,185,8,11.3,15.5,2.0,183,8,10.6,13.7,1.8,185,8,849,28.65,,0,0,0,69.6,67.1,67.2,0.17,0.16,0.17
COLD,2017-08-21 12:40:00 EDT,43.26127,-74.97878,1422,76.5,75.2,76.5,64.9,63.8,0.000,0.000,0.00,0.000,9.3,12.7,1.6,191,15,9.8,13.3,1.6,189,15,9.3,12.7,1.6,191,15,849,28.65,,0,0,0,69.7,67.1,67.2,0.17,0.16,0.17
COLD,2017-08-21 12:45:00 EDT,43.26127,-74.97878,1422,76.8,75.3,76.8,66.5,64.8,0.000,0.000,0.00,0.000,8.5,11.8,1.4,202,18,8.8,12.4,1.6,200,18,8.5,11.8,1.4,202,18,848,28.65,,0,0,0,70.0,67.1,67.2,0.17,0.16,0.17
COLD,2017-08-21 12:50:00 EDT,43.26127,-74.97878,1422,77.5,75.9,77.5,65.2,64.9,0.000,0.000,0.00,0.000,7.2,9.8,1.4,211,16,7.3,10.6,1.5,209,14,7.2,9.8,1.4,211,16,851,28.65,,0,0,0,70.0,67.1,67.1,0.17,0.16,0.17
COLD,2017-08-21 12:55:00 EDT,43.26127,-74.97878,1422,77.8,76.5,77.8,63.4,64.4,0.000,0.000,0.00,0.000,9.1,14.1,2.4,209,16,9.6,16.1,2.6,205,15,9.1,14.1,2.4,209,16,856,28.65,,0,0,0,70.0,67.1,67.2,0.17,0.16,0.17
COLD,2017-08-21 13:00:00 EDT,43.26127,-74.97878,1422,77.3,76.1,77.3,63.8,64.1,0.000,0.000,0.00,0.000,8.5,11.9,1.9,216,12,8.6,13.0,2.0,214,11,8.5,11.9,1.9,216,12,855,28.65,,0,0,0,70.1,67.1,67.2,0.17,0.16,0.17
COLD,2017-08-21 13:05:00 EDT,43.26127,-74.97878,1422,77.8,76.3,77.8,64.9,65.1,0.000,0.000,0.00,0.000,8.6,13.6,2.2,210,13,9.0,14.1,2.2,208,12,8.6,13.6,2.2,210,13,854,28.65,,0,0,0,70.3,67.1,67.2,0.17,0.16,0.17
COLD,2017-08-21 13:10:00 EDT,43.26127,-74.97878,1422,77.6,76.4,77.6,64.3,64.6,0.000,0.000,0.00,0.000,6.9,12.5,2.0,216,28,7.4,12.7,2.0,217,29,6.9,12.5,2.0,216,28,847,28.65,,0,0,0,70.3,67.1,67.2,0.17,0.16,0.17
COLD,2017-08-21 13:15:00 EDT,43.26127,-74.97878,1422,78.0,76.7,78.0,65.0,65.3,0.000,0.000,0.00,0.000,9.1,17.3,2.8,191,14,9.6,18.0,2.9,189,13,9.1,17.3,2.8,191,14,856,28.65,,0,0,0,70.4,67.1,67.1,0.17,0.16,0.17
COLD,2017-08-21 13:20:00 EDT,43.26127,-74.97878,1422,77.9,76.6,77.9,63.5,64.5,0.000,0.000,0.00,0.000,7.9,12.3,2.0,186,16,8.3,12.6,2.2,185,15,7.9,12.3,2.0,186,16,853,28.64,,0,0,0,70.7,67.1,67.1,0.17,0.16,0.17
COLD,2017-08-21 13:25:00 EDT,43.26127,-74.97878,1422,78.4,77.1,78.4,61.1,63.8,0.000,0.000,0.00,0.000,8.9,13.4,1.7,200,13,9.4,14.5,1.8,197,12,8.9,13.4,1.7,200,13,855,28.64,,0,0,0,70.7,67.1,67.1,0.17,0.16,0.17
COLD,2017-08-21 13:30:00 EDT,43.26127,-74.97878,1422,78.8,77.2,78.8,59.0,63.3,0.000,0.000,0.00,0.000,7.9,14.5,2.6,227,20,8.2,13.9,2.5,225,21,7.9,14.5,2.6,227,20,815,28.64,,0,0,0,70.7,67.1,67.1,0.17,0.16,0.17
COLD,2017-08-21 13:35:00 EDT,43.26127,-74.97878,1422,78.1,76.9,78.1,59.7,63.0,0.000,0.000,0.00,0.000,6.1,13.9,2.8,223,16,6.2,13.4,2.7,221,17,6.1,13.9,2.8,223,16,753,28.64,,0,0,0,70.7,67.1,67.1,0.17,0.16,0.17
COLD,2017-08-21 13:40:00 EDT,43.26127,-74.97878,1422,78.8,77.4,78.8,60.3,63.9,0.000,0.000,0.00,0.000,7.7,13.2,2.5,227,28,8.2,13.7,2.3,228,29,7.7,13.2,2.5,227,28,760,28.64,,0,0,0,71.0,67.1,67.1,0.17,0.16,0.17
COLD,2017-08-21 13:45:00 EDT,43.26127,-74.97878,1422,78.1,77.2,78.1,60.4,63.3,0.000,0.000,0.00,0.000,6.6,11.1,1.7,207,11,6.7,11.6,1.6,206,11,6.6,11.1,1.7,207,11,713,28.64,,0,0,0,71.1,67.1,67.1,0.17,0.16,0.17
COLD,2017-08-21 13:50:00 EDT,43.26127,-74.97878,1422,78.4,77.5,78.4,60.6,63.7,0.000,0.000,0.00,0.000,7.9,13.6,2.1,196,18,8.3,14.5,2.2,193,19,7.9,13.6,2.1,196,18,676,28.64,,0,0,0,71.1,67.1,67.1,0.17,0.16,0.17
COLD,2017-08-21 13:55:00 EDT,43.26127,-74.97878,1422,78.6,77.9,78.6,55.0,61.1,0.000,0.000,0.00,0.000,8.7,14.8,4.3,196,16,9.2,17.3,4.5,195,16,8.7,14.8,4.3,196,16,621,28.64,,0,0,0,71.3,67.1,67.1,0.17,0.16,0.17
COLD,2017-08-21 14:00:00 EDT,43.26127,-74.97878,1422,78.6,78.1,78.6,50.4,58.7,0.000,0.000,0.00,0.000,6.9,11.3,1.6,199,16,7.3,12.3,1.8,197,13,6.9,11.3,1.6,199,16,567,28.64,,0,0,0,71.4,67.1,67.1,0.17,0.16,0.17
COLD,2017-08-21 14:05:00 EDT,43.26127,-74.97878,1422,78.4,77.9,78.4,52.6,59.6,0.000,0.000,0.00,0.000,7.2,10.3,1.4,193,12,7.7,10.8,1.4,192,11,7.2,10.3,1.4,193,12,513,28.63,,0,0,0,71.4,67.2,67.1,0.17,0.16,0.17
COLD,2017-08-21 14:10:00 EDT,43.26127,-74.97878,1422,78.4,77.9,78.4,53.1,59.9,0.000,0.000,0.00,0.000,6.1,9.2,1.3,222,18,6.5,10.2,1.4,220,17,6.1,9.2,1.3,222,18,459,28.63,,0,0,0,71.4,67.3,67.1,0.17,0.16,0.17
COLD,2017-08-21 14:15:00 EDT,43.26127,-74.97878,1422,78.2,77.4,78.2,54.0,60.2,0.000,0.000,0.00,0.000,6.1,8.8,0.8,211,7,6.5,9.4,0.9,209,8,6.1,8.8,0.8,211,7,406,28.63,,0,0,0,71.4,67.3,67.1,0.17,0.16,0.17
COLD,2017-08-21 14:20:00 EDT,43.26127,-74.97878,1422,77.9,77.5,77.9,54.6,60.2,0.000,0.000,0.00,0.000,6.0,10.2,1.5,203,14,6.3,11.5,1.5,201,13,6.0,10.2,1.5,203,14,359,28.63,,0,0,0,71.4,67.4,67.1,0.17,0.16,0.17
COLD,2017-08-21 14:25:00 EDT,43.26127,-74.97878,1422,77.8,77.5,77.8,54.8,60.3,0.000,0.000,0.00,0.000,4.9,7.8,1.2,215,15,5.1,8.5,1.3,213,15,4.9,7.8,1.2,215,15,317,28.63,,0,0,0,71.5,67.4,67.1,0.17,0.16,0.17
COLD,2017-08-21 14:30:00 EDT,43.26127,-74.97878,1422,77.6,77.2,77.6,54.5,59.9,0.000,0.000,0.00,0.000,5.6,8.3,1.1,223,10,5.7,8.6,1.2,221,9,5.6,8.3,1.1,223,10,280,28.63,,0,0,0,71.7,67.5,67.1,0.17,0.16,0.17
COLD,2017-08-21 14:35:00 EDT,43.26127,-74.97878,1422,77.2,76.9,77.2,56.3,60.5,0.000,0.000,0.00,0.000,4.4,5.9,0.8,219,12,4.7,6.3,0.7,217,11,4.4,5.9,0.8,219,12,254,28.62,,0,0,0,71.8,67.5,67.1,0.17,0.16,0.17
COLD,2017-08-21 14:40:00 EDT,43.26127,-74.97878,1422,76.7,76.7,76.7,59.9,61.7,0.000,0.000,0.00,0.000,4.8,6.4,0.7,189,10,5.0,6.7,0.7,188,9,4.8,6.4,0.7,189,10,241,28.62,,0,0,0,71.8,67.5,67.1,0.17,0.16,0.17
COLD,2017-08-21 14:45:00 EDT,43.26127,-74.97878,1422,76.2,76.4,76.2,63.2,62.8,0.000,0.000,0.00,0.000,4.6,5.8,0.6,188,10,4.9,6.5,0.7,186,8,4.6,5.8,0.6,188,10,239,28.62,,0,0,0,71.8,67.5,67.1,0.17,0.16,0.17
COLD,2017-08-21 14:50:00 EDT,43.26127,-74.97878,1422,76.0,76.2,76.0,64.6,63.2,0.000,0.000,0.00,0.000,4.3,5.6,0.5,185,9,4.6,6.0,0.6,184,9,4.3,5.6,0.5,185,9,251,28.61,,0,0,0,71.8,67.5,67.1,0.17,0.16,0.17
COLD,2017-08-21 14:55:00 EDT,43.26127,-74.97878,1422,76.3,76.2,76.3,62.2,62.4,0.000,0.000,0.00,0.000,3.5,5.2,0.6,195,9,3.9,5.4,0.7,192,8,3.5,5.2,0.6,195,9,272,28.62,,0,0,0,71.8,67.5,67.1,0.17,0.16,0.17
COLD,2017-08-21 15:00:00 EDT,43.26127,-74.97878,1422,76.3,76.3,76.3,63.6,63.1,0.000,0.000,0.00,0.000,3.3,5.2,0.7,195,10,3.5,5.6,0.8,194,10,3.3,5.2,0.7,195,10,303,28.62,,0,0,0,71.8,67.5,67.1,0.17,0.16,0.17
COLD,2017-08-21 15:05:00 EDT,43.26127,-74.97878,1422,76.7,76.5,76.7,61.8,62.6,0.000,0.000,0.00,0.000,3.6,5.3,0.6,197,8,3.8,5.7,0.6,195,9,3.6,5.3,0.6,197,8,328,28.62,,0,0,0,71.8,67.5,67.1,0.17,0.16,0.17
COLD,2017-08-21 15:10:00 EDT,43.26127,-74.97878,1422,76.8,76.5,76.8,62.9,63.2,0.000,0.000,0.00,0.000,3.9,5.9,0.7,193,11,4.2,6.6,0.8,190,11,3.9,5.9,0.7,193,11,313,28.61,,0,0,0,71.8,67.5,67.1,0.17,0.16,0.17
COLD,2017-08-21 15:15:00 EDT,43.26127,-74.97878,1422,76.6,76.5,76.6,64.9,63.9,0.000,0.000,0.00,0.000,3.2,4.5,0.5,190,11,3.5,5.1,0.6,187,11,3.2,4.5,0.5,190,11,320,28.61,,0,0,0,71.8,67.5,67.1,0.17,0.16,0.17
COLD,2017-08-21 15:20:00 EDT,43.26127,-74.97878,1422,77.1,76.9,77.1,62.5,63.4,0.000,0.000,0.00,0.000,3.4,4.9,0.6,193,15,3.6,5.6,0.7,191,14,3.4,4.9,0.6,193,15,306,28.61,,0,0,0,71.8,67.5,67.1,0.17,0.16,0.17
COLD,2017-08-21 15:25:00 EDT,43.26127,-74.97878,1422,77.4,77.2,77.4,60.6,62.7,0.000,0.000,0.00,0.000,3.8,7.4,1.3,204,17,4.0,7.7,1.3,201,15,3.8,7.4,1.3,204,17,287,28.61,,0,0,0,71.8,67.5,67.1,0.17,0.16,0.17
COLD,2017-08-21 15:30:00 EDT,43.26127,-74.97878,1422,77.5,77.3,77.5,56.9,61.0,0.000,0.000,0.00,0.000,5.4,8.3,1.0,211,9,5.6,9.1,1.0,209,9,5.4,8.3,1.0,211,9,256,28.62,,0,0,0,71.8,67.5,67.1,0.17,0.16,0.17
COLD,2017-08-21 15:35:00 EDT,43.26127,-74.97878,1422,77.4,77.0,77.4,58.4,61.7,0.000,0.000,0.00,0.000,4.7,6.2,0.7,210,10,4.8,6.6,0.8,208,11,4.7,6.2,0.7,210,10,297,28.62,,0,0,0,71.8,67.5,67.1,0.17,0.16,0.17
COLD,2017-08-21 15:40:00 EDT,43.26127,-74.97878,1422,77.3,77.0,77.3,59.4,62.0,0.000,0.000,0.00,0.000,4.3,6.1,0.8,202,9,4.6,6.1,0.9,201,9,4.3,6.1,0.8,202,9,278,28.61,,0,0,0,71.8,67.5,67.1,0.17,0.16,0.17
COLD,2017-08-21 15:45:00 EDT,43.26127,-74.97878,1422,77.6,77.2,77.6,60.2,62.7,0.000,0.000,0.00,0.000,4.0,6.9,0.9,208,15,4.1,6.4,0.9,207,14,4.0,6.9,0.9,208,15,367,28.61,,0,0,0,71.8,67.5,67.1,0.17,0.16,0.17
COLD,2017-08-21 15:50:00 EDT,43.26127,-74.97878,1422,78.3,77.7,78.3,59.3,63.0,0.000,0.000,0.00,0.000,4.4,6.1,0.8,209,18,4.7,7.0,1.0,208,18,4.4,6.1,0.8,209,18,633,28.61,,0,0,0,71.8,67.5,67.1,0.17,0.16,0.17
COLD,2017-08-21 15:55:00 EDT,43.26127,-74.97878,1422,78.7,77.8,78.7,55.0,61.2,0.000,0.000,0.00,0.000,7.0,10.1,1.3,215,11,7.2,10.0,1.4,213,11,7.0,10.1,1.3,215,11,623,28.61,,0,0,0,71.8,67.5,67.1,0.17,0.16,0.17
COLD,2017-08-21 16:00:00 EDT,43.26127,-74.97878,1422,79.0,78.1,79.0,53.9,60.9,0.000,0.000,0.00,0.000,7.3,9.6,1.3,217,13,7.5,10.4,1.3,215,12,7.3,9.6,1.3,217,13,648,28.61,,0,0,0,71.8,67.5,67.1,0.17,0.16,0.17
COLD,2017-08-21 16:05:00 EDT,43.26127,-74.97878,1422,79.0,78.2,79.0,55.0,61.5,0.000,0.000,0.00,0.000,7.0,10.2,1.8,209,13,7.4,11.1,2.1,207,12,7.0,10.2,1.8,209,13,629,28.61,,0,0,0,71.8,67.5,67.1,0.17,0.16,0.17
COLD,2017-08-21 16:10:00 EDT,43.26127,-74.97878,1422,78.9,77.8,78.9,56.3,62.0,0.000,0.000,0.00,0.000,8.6,11.7,1.1,218,9,8.6,12.6,1.1,216,8,8.6,11.7,1.1,218,9,603,28.61,,0,0,0,71.8,67.5,67.1,0.17,0.16,0.17
COLD,2017-08-21 16:15:00 EDT,43.26127,-74.97878,1422,79.0,78.1,79.0,57.6,62.7,0.000,0.000,0.00,0.000,6.9,9.5,1.6,202,17,7.3,10.2,1.7,201,17,6.9,9.5,1.6,202,17,591,28.61,,0,0,0,71.8,67.5,67.1,0.17,0.16,0.17
COLD,2017-08-21 16:20:00 EDT,43.26127,-74.97878,1422,79.1,78.2,79.1,57.3,62.7,0.000,0.000,0.00,0.000,7.0,10.2,1.3,188,12,7.4,10.8,1.4,187,12,7.0,10.2,1.3,188,12,649,28.61,,0,0,0,71.8,67.6,67.1,0.17,0.16,0.17
COLD,2017-08-21 16:25:00 EDT,43.26127,-74.97878,1422,79.3,78.4,79.3,53.8,61.2,0.000,0.000,0.00,0.000,7.6,10.3,1.1,221,16,7.8,11.5,1.2,219,16,7.6,10.3,1.1,221,16,609,28.60,,0,0,0,71.8,67.7,67.1,0.17,0.16,0.17
COLD,2017-08-21 16:30:00 EDT,43.26127,-74.97878,1422,79.5,78.5,79.5,53.8,61.3,0.000,0.000,0.00,0.000,6.8,10.4,1.6,205,16,7.1,11.0,1.7,203,15,6.8,10.4,1.6,205,16,594,28.60,,0,0,0,71.8,67.7,67.1,0.17,0.16,0.17
COLD,2017-08-21 16:35:00 EDT,43.26127,-74.97878,1422,79.3,78.5,79.3,54.4,61.4,0.000,0.000,0.00,0.000,5.3,8.0,1.1,207,18,5.6,8.8,1.1,204,19,5.3,8.0,1.1,207,18,558,28.60,,0,0,0,71.8,67.8,67.1,0.17,0.16,0.17
COLD,2017-08-21 16:40:00 EDT,43.26127,-74.97878,1422,79.3,78.5,79.3,52.9,60.7,0.000,0.000,0.00,0.000,6.3,9.7,1.6,217,13,6.7,9.5,1.4,215,14,6.3,9.7,1.6,217,13,519,28.60,,0,0,0,72.0,67.8,67.1,0.17,0.16,0.17
COLD,2017-08-21 16:45:00 EDT,43.26127,-74.97878,1422,79.2,78.4,79.2,52.6,60.4,0.000,0.000,0.00,0.000,5.8,8.3,1.2,222,10,5.9,9.1,1.2,222,10,5.8,8.3,1.2,222,10,496,28.60,,0,0,0,72.1,67.8,67.1,0.17,0.16,0.17
COLD,2017-08-21 16:50:00 EDT,43.26127,-74.97878,1422,79.4,78.5,79.4,52.7,60.6,0.000,0.000,0.00,0.000,5.2,10.4,1.4,224,19,5.5,10.9,1.5,223,19,5.2,10.4,1.4,224,19,478,28.60,,0,0,0,72.3,67.8,67.1,0.17,0.16,0.17
COLD,2017-08-21 16:55:00 EDT,43.26127,-74.97878,1422,79.2,78.6,79.2,52.8,60.5,0.000,0.000,0.00,0.000,7.3,12.1,1.4,202,9,7.5,12.3,1.5,200,9,7.3,12.1,1.4,202,9,464,28.60,,0,0,0,72.3,67.8,67.1,0.17,0.16,0.17
COLD,2017-08-21 17:00:00 EDT,43.26127,-74.97878,1422,79.4,78.7,79.4,53.1,60.8,0.000,0.000,0.00,0.000,6.2,9.3,1.1,210,11,6.4,9.8,1.1,208,10,6.2,9.3,1.1,210,11,451,28.60,,0,0,0,72.3,67.8,67.1,0.17,0.16,0.17
COLD,2017-08-21 17:05:00 EDT,43.26127,-74.97878,1422,79.3,78.7,79.3,53.9,61.2,0.000,0.000,0.00,0.000,6.0,9.4,1.4,206,14,6.2,9.5,1.4,205,13,6.0,9.4,1.4,206,14,439,28.60,,0,0,0,72.3,67.8,67.1,0.17,0.16,0.17
COLD,2017-08-21 17:10:00 EDT,43.26127,-74.97878,1422,79.3,78.6,79.3,53.6,61.0,0.000,0.000,0.00,0.000,7.2,10.5,1.1,213,13,7.5,11.9,1.3,211,12,7.2,10.5,1.1,213,13,423,28.59,,0,0,0,72.3,67.8,67.1,0.17,0.16,0.17
COLD,2017-08-21 17:15:00 EDT,43.26127,-74.97878,1422,79.3,78.7,79.3,54.5,61.5,0.000,0.000,0.00,0.000,5.9,8.6,1.1,221,17,6.2,8.9,1.2,220,18,5.9,8.6,1.1,221,17,403,28.60,,0,0,0,72.3,67.8,67.1,0.17,0.16,0.17
COLD,2017-08-21 17:20:00 EDT,43.26127,-74.97878,1422,79.2,78.6,79.2,54.7,61.6,0.000,0.000,0.00,0.000,6.5,9.9,1.4,210,12,6.8,9.9,1.3,207,12,6.5,9.9,1.4,210,12,385,28.60,,0,0,0,72.3,67.8,67.1,0.17,0.16,0.17
COLD,2017-08-21 17:25:00 EDT,43.26127,-74.97878,1422,79.3,78.6,79.3,56.4,62.5,0.000,0.000,0.00,0.000,5.0,7.2,0.8,208,12,5.3,8.2,1.0,207,13,5.0,7.2,0.8,208,12,373,28.60,,0,0,0,72.3,67.8,67.1,0.17,0.16,0.17
COLD,2017-08-21 17:30:00 EDT,43.26127,-74.97878,1422,79.0,78.3,79.0,55.9,61.9,0.000,0.000,0.00,0.000,6.3,9.4,1.4,214,10,6.5,9.5,1.3,212,9,6.3,9.4,1.4,214,10,360,28.60,,0,0,0,72.3,67.8,67.1,0.17,0.16,0.17
COLD,2017-08-21 17:35:00 EDT,43.26127,-74.97878,1422,78.9,78.4,78.9,58.1,62.9,0.000,0.000,0.00,0.000,6.3,9.1,1.2,208,9,6.6,9.7,1.3,206,9,6.3,9.1,1.2,208,9,348,28.60,,0,0,0,72.3,67.8,67.1,0.17,0.16,0.17
COLD,2017-08-21 17:40:00 EDT,43.26127,-74.97878,1422,78.9,78.3,78.9,59.7,63.6,0.000,0.000,0.00,0.000,5.4,8.5,1.2,200,19,5.7,8.6,1.2,198,20,5.4,8.5,1.2,200,19,332,28.59,,0,0,0,72.3,67.8,67.1,0.17,0.16,0.17
COLD,2017-08-21 17:45:00 EDT,43.26127,-74.97878,1422,78.3,78.0,78.3,61.2,63.8,0.000,0.000,0.00,0.000,6.9,10.0,1.3,189,14,7.3,11.2,1.4,187,14,6.9,10.0,1.3,189,14,317,28.59,,0,0,0,72.3,67.8,67.1,0.17,0.16,0.17
COLD,2017-08-21 17:50:00 EDT,43.26127,-74.97878,1422,78.5,78.1,78.5,61.0,63.9,0.000,0.000,0.00,0.000,5.6,8.8,1.1,197,11,5.9,9.4,1.2,195,11,5.6,8.8,1.1,197,11,300,28.59,,0,0,0,72.3,67.8,67.1,0.17,0.16,0.17
COLD,2017-08-21 17:55:00 EDT,43.26127,-74.97878,1422,78.5,78.2,78.5,60.4,63.6,0.000,0.000,0.00,0.000,5.2,8.9,1.3,210,14,5.4,9.0,1.2,209,16,5.2,8.9,1.3,210,14,282,28.59,,0,0,0,72.3,67.8,67.1,0.17,0.16,0.17
COLD,2017-08-21 18:00:00 EDT,43.26127,-74.97878,1422,78.4,78.1,78.4,60.3,63.5,0.000,0.000,0.00,0.000,5.7,9.2,1.3,201,7,6.0,9.1,1.3,199,8,5.7,9.2,1.3,201,7,262,28.59,,0,0,0,72.3,67.8,67.1,0.17,0.16,0.17
COLD,2017-08-21 18:05:00 EDT,43.26127,-74.97878,1422,78.3,78.0,78.3,60.5,63.5,0.000,0.000,0.00,0.000,5.8,8.0,1.0,210,11,6.0,8.2,0.9,209,12,5.8,8.0,1.0,210,11,252,28.59,,0,0,0,72.3,67.8,67.1,0.17,0.16,0.17
COLD,2017-08-21 18:10:00 EDT,43.26127,-74.97878,1422,78.2,77.9,78.2,60.5,63.4,0.000,0.000,0.00,0.000,4.4,6.0,0.7,203,14,4.6,6.4,0.8,201,14,4.4,6.0,0.7,203,14,236,28.58,,0,0,0,72.3,67.8,67.1,0.17,0.16,0.17
COLD,2017-08-21 18:15:00 EDT,43.26127,-74.97878,1422,78.1,77.9,78.1,63.3,64.6,0.000,0.000,0.00,0.000,3.5,5.2,1.0,202,12,3.8,5.4,1.0,199,12,3.5,5.2,1.0,202,12,221,28.58,,0,0,0,72.3,67.8,67.1,0.17,0.16,0.17
COLD,2017-08-21 18:20:00 EDT,43.26127,-74.97878,1422,77.5,77.6,77.5,65.8,65.2,0.000,0.000,0.00,0.000,3.3,4.7,0.7,182,14,3.5,5.5,0.8,181,13,3.3,4.7,0.7,182,14,205,28.58,,0,0,0,72.3,67.8,67.1,0.17,0.16,0.17
COLD,2017-08-21 18:25:00 EDT,43.26127,-74.97878,1422,77.1,77.1,77.1,67.6,65.6,0.000,0.000,0.00,0.000,1.7,3.6,0.8,181,20,2.1,3.7,0.7,179,23,1.7,3.6,0.8,181,20,185,28.58,,0,0,0,72.3,67.8,67.1,0.17,0.16,0.17
COLD,2017-08-21 18:30:00 EDT,43.26127,-74.97878,1422,76.9,77.1,76.9,68.3,65.6,0.000,0.000,0.00,0.000,3.3,4.7,0.7,190,12,3.4,5.5,0.8,189,12,3.3,4.7,0.7,190,12,153,28.58,,0,0,0,72.3,67.8,67.1,0.17,0.16,0.17
COLD,2017-08-21 18:35:00 EDT,43.26127,-74.97878,1422,76.8,77.1,76.8,68.8,65.8,0.000,0.000,0.00,0.000,3.0,4.6,0.5,187,14,3.2,5.1,0.7,185,13,3.0,4.6,0.5,187,14,152,28.58,,0,0,0,72.3,67.8,67.1,0.17,0.16,0.17
COLD,2017-08-21 18:40:00 EDT,43.26127,-74.97878,1422,76.2,76.7,76.2,69.7,65.6,0.000,0.000,0.00,0.000,2.5,3.5,0.4,185,14,2.7,4.1,0.5,182,14,2.5,3.5,0.4,185,14,123,28.58,,0,0,0,72.3,67.8,67.1,0.17,0.16,0.17
COLD,2017-08-21 18:45:00 EDT,43.26127,-74.97878,1422,76.1,76.7,76.1,70.1,65.6,0.000,0.000,0.00,0.000,2.7,4.7,0.7,196,12,2.9,5.5,0.7,194,12,2.7,4.7,0.7,196,12,90,28.58,,0,0,0,72.3,67.8,67.1,0.17,0.16,0.17
COLD,2017-08-21 18:50:00 EDT,43.26127,-74.97878,1422,75.5,76.2,75.5,73.7,66.5,0.000,0.000,0.00,0.000,1.6,2.5,0.3,215,14,1.7,2.7,0.4,215,19,1.6,2.5,0.3,215,14,57,28.58,,0,0,0,72.3,67.9,67.1,0.17,0.16,0.17
COLD,2017-08-21 18:55:00 EDT,43.26127,-74.97878,1422,75.2,75.9,75.2,75.1,66.8,0.000,0.000,0.00,0.000,1.3,2.0,0.3,246,17,1.6,2.4,0.3,248,19,1.3,2.0,0.3,246,17,43,28.59,,0,0,0,72.3,68.0,67.1,0.17,0.16,0.17
COLD,2017-08-21 19:00:00 EDT,43.26127,-74.97878,1422,74.0,75.5,74.0,77.2,66.4,0.000,0.000,0.00,0.000,1.2,1.7,0.2,235,6,1.5,2.2,0.3,234,9,1.2,1.7,0.2,235,6,31,28.59,,0,0,0,72.3,68.2,67.1,0.17,0.16,0.17
COLD,2017-08-21 19:05:00 EDT,43.26127,-74.97878,1422,73.0,74.6,73.0,79.5,66.3,0.000,0.000,0.00,0.000,1.3,1.7,0.2,198,13,1.5,2.0,0.2,194,12,1.3,1.7,0.2,198,13,39,28.58,,0,0,0,72.3,68.2,67.1,0.17,0.16,0.17
COLD,2017-08-21 19:10:00 EDT,43.26127,-74.97878,1422,72.2,73.6,72.2,86.9,68.1,0.000,0.000,0.00,0.000,1.8,2.3,0.3,215,13,1.9,2.5,0.3,216,14,1.8,2.3,0.3,215,13,43,28.59,,0,0,0,72.3,68.2,67.1,0.17,0.16,0.17
COLD,2017-08-21 19:15:00 EDT,43.26127,-74.97878,1422,72.2,74.5,72.2,87.1,68.2,0.000,0.000,0.00,0.000,1.7,2.0,0.1,238,4,1.8,2.1,0.1,235,4,1.7,2.0,0.1,238,4,35,28.59,,0,0,0,72.2,68.2,67.1,0.17,0.16,0.17
COLD,2017-08-21 19:20:00 EDT,43.26127,-74.97878,1422,72.2,74.4,72.2,85.5,67.6,0.000,0.000,0.00,0.000,2.1,3.2,0.5,206,10,2.2,3.4,0.5,203,10,2.1,3.2,0.5,206,10,31,28.59,,0,0,0,71.8,68.2,67.1,0.17,0.16,0.17
COLD,2017-08-21 19:25:00 EDT,43.26127,-74.97878,1422,70.9,74.3,70.9,89.2,67.6,0.000,0.000,0.00,0.000,4.0,4.6,0.3,198,3,4.2,5.4,0.4,195,3,4.0,4.6,0.3,198,3,28,28.59,,0,0,0,71.8,68.2,67.1,0.17,0.16,0.17
COLD,2017-08-21 19:30:00 EDT,43.26127,-74.97878,1422,71.9,74.8,71.9,86.5,67.7,0.000,0.000,0.00,0.000,4.1,5.1,0.4,201,5,4.3,5.8,0.5,199,5,4.1,5.1,0.4,201,5,23,28.59,,0,0,0,71.8,68.2,67.1,0.17,0.16,0.17
COLD,2017-08-21 19:35:00 EDT,43.26127,-74.97878,1422,72.2,74.6,72.2,83.4,66.9,0.000,0.000,0.00,0.000,3.4,4.2,0.3,202,5,3.6,4.5,0.4,201,5,3.4,4.2,0.3,202,5,18,28.59,,0,0,0,71.8,68.2,67.1,0.17,0.16,0.17
COLD,2017-08-21 19:40:00 EDT,43.26127,-74.97878,1422,70.9,74.5,70.9,86.7,66.7,0.000,0.000,0.00,0.000,3.3,4.2,0.3,202,6,3.4,4.3,0.4,200,7,3.3,4.2,0.3,202,6,15,28.59,,0,0,0,71.8,68.2,67.1,0.17,0.16,0.17
COLD,2017-08-21 19:45:00 EDT,43.26127,-74.97878,1422,71.5,74.5,71.5,87.5,67.6,0.000,0.000,0.00,0.000,2.8,3.4,0.2,196,7,3.0,3.6,0.3,194,8,2.8,3.4,0.2,196,7,11,28.59,,0,0,0,71.8,68.2,67.1,0.17,0.16,0.17
COLD,2017-08-21 19:50:00 EDT,43.26127,-74.97878,1422,69.8,74.3,69.8,96.9,68.9,0.000,0.000,0.00,0.000,2.9,3.4,0.2,194,5,3.1,3.7,0.2,192,5,2.9,3.4,0.2,194,5,7,28.58,,0,0,0,71.8,68.2,67.1,0.17,0.16,0.17
COLD,2017-08-21 19:55:00 EDT,43.26127,-74.97878,1422,69.3,74.1,69.3,100.0,69.3,0.000,0.000,0.00,0.000,3.0,3.3,0.1,195,4,3.2,3.7,0.2,193,5,3.0,3.3,0.1,195,4,4,28.58,,0,0,0,71.8,68.2,67.1,0.17,0.16,0.17
COLD,2017-08-21 20:00:00 EDT,43.26127,-74.97878,1422,69.5,73.9,69.5,100.0,69.5,0.000,0.000,0.00,0.000,3.5,4.1,0.2,203,4,3.7,4.5,0.3,202,5,3.5,4.1,0.2,203,4,2,28.58,,0,0,0,71.7,68.2,67.1,0.17,0.16,0.17
COLD,2017-08-21 20:05:00 EDT,43.26127,-74.97878,1422,70.4,74.0,70.4,94.4,68.7,0.000,0.000,0.00,0.000,3.8,4.5,0.3,197,6,4.0,5.0,0.4,195,5,3.8,4.5,0.3,197,6,1,28.58,,0,0,0,71.4,68.2,67.1,0.17,0.16,0.17
COLD,2017-08-21 20:10:00 EDT,43.26127,-74.97878,1422,70.9,73.9,70.9,87.4,66.9,0.000,0.000,0.00,0.000,3.8,4.7,0.3,200,7,3.9,5.0,0.4,197,7,3.8,4.7,0.3,200,7,1,28.58,,0,0,0,71.4,68.2,67.1,0.17,0.16,0.17
COLD,2017-08-21 20:15:00 EDT,43.26127,-74.97878,1422,71.1,73.6,71.1,84.6,66.2,0.000,0.000,0.00,0.000,3.4,4.6,0.5,207,7,3.4,5.0,0.6,206,7,3.4,4.6,0.5,207,7,1,28.58,,0,0,0,71.4,68.2,67.1,0.16,0.16,0.17
COLD,2017-08-21 20:20:00 EDT,43.26127,-74.97878,1422,70.0,73.4,70.0,87.4,66.1,0.000,0.000,0.00,0.000,2.5,3.9,0.5,212,7,2.4,4.4,0.5,212,7,2.5,3.9,0.5,212,7,1,28.58,,0,0,0,71.4,68.2,67.1,0.16,0.16,0.17
COLD,2017-08-21 20:25:00 EDT,43.26127,-74.97878,1422,69.2,72.9,69.2,97.0,68.3,0.000,0.000,0.00,0.000,1.9,2.3,0.2,210,6,1.9,2.5,0.2,210,7,1.9,2.3,0.2,210,6,0,28.59,,0,0,0,71.4,68.2,67.1,0.16,0.16,0.17
COLD,2017-08-21 20:30:00 EDT,43.26127,-74.97878,1422,69.5,72.9,69.5,98.6,69.1,0.000,0.000,0.00,0.000,1.7,2.2,0.2,214,6,1.7,2.3,0.2,213,6,1.7,2.2,0.2,214,6,0,28.58,,0,0,0,71.4,68.2,67.1,0.17,0.16,0.17
COLD,2017-08-21 20:35:00 EDT,43.26127,-74.97878,1422,68.8,72.9,68.8,99.7,68.7,0.000,0.000,0.00,0.000,3.6,4.2,0.5,196,6,3.8,4.6,0.6,193,6,3.6,4.2,0.5,196,6,0,28.58,,0,0,0,71.4,68.2,67.1,0.16,0.16,0.17
COLD,2017-08-21 20:40:00 EDT,43.26127,-74.97878,1422,68.8,73.2,68.8,100.0,68.8,0.000,0.000,0.00,0.000,3.4,3.9,0.3,202,4,3.5,4.3,0.3,201,5,3.4,3.9,0.3,202,4,0,28.58,,0,0,0,71.4,68.3,67.1,0.16,0.16,0.17
COLD,2017-08-21 20:45:00 EDT,43.26127,-74.97878,1422,68.2,73.0,68.2,100.0,68.2,0.000,0.000,0.00,0.000,2.4,2.8,0.2,200,3,2.5,2.9,0.2,198,5,2.4,2.8,0.2,200,3,0,28.58,,0,0,0,71.4,68.4,67.1,0.16,0.16,0.17
COLD,2017-08-21 20:50:00 EDT,43.26127,-74.97878,1422,68.2,72.7,68.2,100.0,68.2,0.000,0.000,0.00,0.000,2.1,2.3,0.1,204,4,2.1,2.5,0.1,204,6,2.1,2.3,0.1,204,4,0,28.58,,0,0,0,71.1,68.5,67.1,0.16,0.16,0.17
COLD,2017-08-21 20:55:00 EDT,43.26127,-74.97878,1422,68.5,72.3,68.5,99.7,68.4,0.000,0.000,0.00,0.000,1.9,2.3,0.2,206,3,2.0,2.5,0.2,206,4,1.9,2.3,0.2,206,3,0,28.58,,0,0,0,71.1,68.5,67.1,0.16,0.16,0.17
COLD,2017-08-21 21:00:00 EDT,43.26127,-74.97878,1422,68.6,72.5,68.6,99.4,68.4,0.000,0.000,0.00,0.000,1.6,2.1,0.2,218,7,1.6,2.1,0.2,218,6,1.6,2.1,0.2,218,7,0,28.58,,0,0,0,71.1,68.5,67.1,0.16,0.16,0.17
COLD,2017-08-21 21:05:00 EDT,43.26127,-74.97878,1422,68.7,72.7,68.7,99.2,68.4,0.000,0.000,0.00,0.000,1.6,2.3,0.2,211,12,1.7,2.2,0.2,209,12,1.6,2.3,0.2,211,12,0,28.58,,0,0,0,71.1,68.5,67.1,0.16,0.16,0.17
COLD,2017-08-21 21:10:00 EDT,43.26127,-74.97878,1422,67.5,72.5,67.5,100.0,67.5,0.000,0.000,0.00,0.000,2.4,2.8,0.3,185,4,2.6,3.2,0.3,183,3,2.4,2.8,0.3,185,4,0,28.58,,0,0,0,71.1,68.5,67.1,0.16,0.16,0.17
COLD,2017-08-21 21:15:00 EDT,43.26127,-74.97878,1422,66.9,72.2,66.9,100.0,66.9,0.000,0.000,0.00,0.000,3.5,4.2,0.4,185,6,3.8,4.4,0.4,183,6,3.5,4.2,0.4,185,6,0,28.58,,0,0,0,71.0,68.5,67.1,0.16,0.16,0.17
COLD,2017-08-21 21:20:00 EDT,43.26127,-74.97878,1422,67.2,72.7,67.2,100.0,67.2,0.000,0.000,0.00,0.000,3.5,4.0,0.2,191,3,3.7,4.4,0.3,189,3,3.5,4.0,0.2,191,3,0,28.58,,0,0,0,70.8,68.5,67.1,0.16,0.16,0.17
COLD,2017-08-21 21:25:00 EDT,43.26127,-74.97878,1422,67.3,72.9,67.3,100.0,67.3,0.000,0.000,0.00,0.000,3.5,4.0,0.2,196,4,3.7,4.2,0.3,194,4,3.5,4.0,0.2,196,4,0,28.58,,0,0,0,70.7,68.5,67.1,0.16,0.16,0.17
COLD,2017-08-21 21:30:00 EDT,43.26127,-74.97878,1422,67.3,72.8,67.3,100.0,67.3,0.000,0.000,0.00,0.000,2.9,3.4,0.2,200,4,3.0,3.6,0.3,197,5,2.9,3.4,0.2,200,4,0,28.58,,0,0,0,70.7,68.5,67.1,0.16,0.16,0.17
COLD,2017-08-21 21:35:00 EDT,43.26127,-74.97878,1422,67.4,72.3,67.4,100.0,67.4,0.000,0.000,0.00,0.000,3.4,3.8,0.2,194,4,3.6,4.1,0.2,191,4,3.4,3.8,0.2,194,4,0,28.57,,0,0,0,70.7,68.5,67.1,0.16,0.16,0.17
COLD,2017-08-21 21:40:00 EDT,43.26127,-74.97878,1422,67.6,72.8,67.6,100.0,67.6,0.000,0.000,0.00,0.000,3.0,3.9,0.4,206,6,3.1,4.4,0.5,204,8,3.0,3.9,0.4,206,6,0,28.57,,0,0,0,70.7,68.5,67.1,0.16,0.16,0.17
COLD,2017-08-21 21:45:00 EDT,43.26127,-74.97878,1422,67.6,72.1,67.6,100.0,67.6,0.000,0.000,0.00,0.000,2.7,3.0,0.2,204,8,2.7,3.3,0.3,203,9,2.7,3.0,0.2,204,8,0,28.57,,0,0,0,70.7,68.5,67.1,0.16,0.16,0.17
COLD,2017-08-21 21:50:00 EDT,43.26127,-74.97878,1422,67.8,71.9,67.8,100.0,67.8,0.000,0.000,0.00,0.000,2.4,2.9,0.2,210,9,2.4,3.1,0.3,209,9,2.4,2.9,0.2,210,9,0,28.57,,0,0,0,70.7,68.5,67.1,0.16,0.16,0.17
COLD,2017-08-21 21:55:00 EDT,43.26127,-74.97878,1422,67.7,71.2,67.7,99.8,67.7,0.000,0.000,0.00,0.000,2.7,3.1,0.2,204,8,2.8,3.6,0.3,204,9,2.7,3.1,0.2,204,8,0,28.57,,0,0,0,70.7,68.5,67.1,0.16,0.16,0.17
COLD,2017-08-21 22:00:00 EDT,43.26127,-74.97878,1422,67.2,71.8,67.2,100.0,67.2,0.000,0.000,0.00,0.000,2.9,3.9,0.4,225,8,2.7,3.8,0.4,224,8,2.9,3.9,0.4,225,8,0,28.58,,0,0,0,70.7,68.5,67.1,0.16,0.16,0.17
COLD,2017-08-21 22:05:00 EDT,43.26127,-74.97878,1422,67.5,72.2,67.5,100.0,67.5,0.000,0.000,0.00,0.000,2.6,3.2,0.3,233,6,2.7,3.6,0.4,232,6,2.6,3.2,0.3,233,6,0,28.58,,0,0,0,70.4,68.5,67.1,0.16,0.16,0.17
COLD,2017-08-21 22:10:00 EDT,43.26127,-74.97878,1422,67.6,71.9,67.6,99.4,67.5,0.000,0.000,0.00,0.000,3.7,5.5,0.9,213,11,3.8,6.1,1.1,212,10,3.7,5.5,0.9,213,11,0,28.58,,0,0,0,70.3,68.5,67.1,0.16,0.16,0.17
COLD,2017-08-21 22:15:00 EDT,43.26127,-74.97878,1422,69.8,72.3,69.8,87.5,65.9,0.000,0.000,0.00,0.000,6.0,8.0,1.0,211,8,6.0,8.7,1.0,208,7,6.0,8.0,1.0,211,8,0,28.58,,0,0,0,70.3,68.5,67.1,0.16,0.16,0.17
COLD,2017-08-21 22:20:00 EDT,43.26127,-74.97878,1422,70.5,72.3,70.5,82.6,65.0,0.000,0.000,0.00,0.000,5.7,7.2,0.6,211,7,5.8,7.5,0.6,210,6,5.7,7.2,0.6,211,7,0,28.58,,0,0,0,70.3,68.5,67.1,0.16,0.16,0.17
COLD,2017-08-21 22:25:00 EDT,43.26127,-74.97878,1422,69.6,71.8,69.6,83.6,64.4,0.000,0.000,0.00,0.000,5.1,6.3,0.6,211,7,5.3,7.2,0.7,210,6,5.1,6.3,0.6,211,7,0,28.58,,0,0,0,70.3,68.5,67.1,0.16,0.16,0.17
COLD,2017-08-21 22:30:00 EDT,43.26127,-74.97878,1422,68.4,71.3,68.4,88.5,64.8,0.000,0.000,0.00,0.000,5.2,6.6,0.5,207,5,5.4,7.0,0.6,207,5,5.2,6.6,0.5,207,5,0,28.58,,0,0,0,70.3,68.5,67.1,0.16,0.16,0.17
COLD,2017-08-21 22:35:00 EDT,43.26127,-74.97878,1422,69.2,71.2,69.2,88.1,65.5,0.000,0.000,0.00,0.000,5.7,7.4,0.7,206,8,5.8,7.5,0.7,204,8,5.7,7.4,0.7,206,8,0,28.58,,0,0,0,70.2,68.5,67.1,0.16,0.16,0.17
COLD,2017-08-21 22:40:00 EDT,43.26127,-74.97878,1422,70.0,71.3,70.0,84.4,65.0,0.000,0.000,0.00,0.000,5.6,6.8,0.6,210,8,5.7,7.4,0.6,208,7,5.6,6.8,0.6,210,8,0,28.58,,0,0,0,70.1,68.5,67.1,0.16,0.16,0.17
COLD,2017-08-21 22:45:00 EDT,43.26127,-74.97878,1422,69.4,71.1,69.4,84.2,64.5,0.000,0.000,0.00,0.000,4.6,6.1,0.7,206,7,4.8,6.6,0.7,205,7,4.6,6.1,0.7,206,7,0,28.58,,0,0,0,70.0,68.5,67.1,0.16,0.16,0.17
COLD,2017-08-21 22:50:00 EDT,43.26127,-74.97878,1422,69.3,70.9,69.3,86.8,65.2,0.000,0.000,0.00,0.000,4.0,4.8,0.3,200,6,4.1,5.4,0.4,198,5,4.0,4.8,0.3,200,6,0,28.58,,0,0,0,70.0,68.5,67.1,0.16,0.16,0.17
COLD,2017-08-21 22:55:00 EDT,43.26127,-74.97878,1422,67.9,70.9,67.9,89.7,64.8,0.000,0.000,0.00,0.000,3.4,4.3,0.5,185,11,3.6,4.5,0.5,183,11,3.4,4.3,0.5,185,11,0,28.58,,0,0,0,70.0,68.5,67.1,0.16,0.16,0.17
COLD,2017-08-21 23:00:00 EDT,43.26127,-74.97878,1422,65.9,69.9,65.9,99.7,65.8,0.000,0.000,0.00,0.000,2.3,3.4,0.7,183,11,2.6,4.1,0.7,181,12,2.3,3.4,0.7,183,11,0,28.58,,0,0,0,70.0,68.5,67.1,0.16,0.16,0.17
COLD,2017-08-21 23:05:00 EDT,43.26127,-74.97878,1422,65.8,69.2,65.8,100.0,65.8,0.000,0.000,0.00,0.000,3.2,4.0,0.3,189,9,3.3,5.0,0.5,187,9,3.2,4.0,0.3,189,9,0,28.58,,0,0,0,70.0,68.5,67.1,0.16,0.16,0.17
COLD,2017-08-21 23:10:00 EDT,43.26127,-74.97878,1422,65.6,69.3,65.6,100.0,65.6,0.000,0.000,0.00,0.000,2.8,3.7,0.4,208,12,2.9,3.9,0.5,206,12,2.8,3.7,0.4,208,12,0,28.58,,0,0,0,70.0,68.5,67.1,0.16,0.16,0.17
COLD,2017-08-21 23:15:00 EDT,43.26127,-74.97878,1422,65.6,68.9,65.6,100.0,65.6,0.000,0.000,0.00,0.000,2.3,3.1,0.4,211,8,2.2,3.5,0.4,211,7,2.3,3.1,0.4,211,8,0,28.58,,0,0,0,70.0,68.5,67.1,0.16,0.16,0.17
COLD,2017-08-21 23:20:00 EDT,43.26127,-74.97878,1422,65.8,68.2,65.8,100.0,65.8,0.000,0.000,0.00,0.000,2.7,3.7,0.5,186,9,2.9,3.9,0.6,185,8,2.7,3.7,0.5,186,9,0,28.58,,0,0,0,70.0,68.5,67.1,0.16,0.16,0.17
COLD,2017-08-21 23:25:00 EDT,43.26127,-74.97878,1422,64.5,67.7,64.5,100.0,64.5,0.000,0.000,0.00,0.000,3.0,4.1,0.4,183,6,3.3,4.6,0.4,183,4,3.0,4.1,0.4,183,6,0,28.58,,0,0,0,70.0,68.5,67.1,0.16,0.16,0.17
COLD,2017-08-21 23:30:00 EDT,43.26127,-74.97878,1422,65.0,68.1,65.0,100.0,65.0,0.000,0.000,0.00,0.000,3.1,3.7,0.4,181,8,3.4,4.5,0.5,179,8,3.1,3.7,0.4,181,8,0,28.58,,0,0,0,69.7,68.5,67.1,0.17,0.16,0.17
COLD,2017-08-21 23:35:00 EDT,43.26127,-74.97878,1422,65.9,68.5,65.9,100.0,65.9,0.000,0.000,0.00,0.000,2.4,3.9,0.6,166,13,2.8,4.5,0.6,165,14,2.4,3.9,0.6,166,13,0,28.58,,0,0,0,69.6,68.5,67.1,0.16,0.16,0.17
COLD,2017-08-21 23:40:00 EDT,43.26127,-74.97878,1422,65.0,67.8,65.0,100.0,65.0,0.000,0.000,0.00,0.000,3.8,5.9,0.9,182,9,4.1,6.2,0.8,180,9,3.8,5.9,0.9,182,9,0,28.58,,0,0,0,69.6,68.5,67.1,0.16,0.16,0.17
COLD,2017-08-21 23:45:00 EDT,43.26127,-74.97878,1422,65.3,68.2,65.3,100.0,65.3,0.000,0.000,0.00,0.000,4.2,6.4,0.7,189,13,4.4,7.0,0.9,187,11,4.2,6.4,0.7,189,13,0,28.57,,0,0,0,69.6,68.5,67.1,0.16,0.16,0.17
COLD,2017-08-21 23:50:00 EDT,43.26127,-74.97878,1422,65.4,67.8,65.4,100.0,65.4,0.000,0.000,0.00,0.000,3.2,4.2,0.5,206,11,3.3,4.6,0.6,204,11,3.2,4.2,0.5,206,11,0,28.57,,0,0,0,69.6,68.5,67.1,0.17,0.16,0.17
COLD,2017-08-21 23:55:00 EDT,43.26127,-74.97878,1422,64.8,67.5,64.8,100.0,64.8,0.000,0.000,0.00,0.000,3.1,5.2,1.0,199,16,3.3,5.7,1.1,197,17,3.1,5.2,1.0,199,16,0,28.57,,0,0,0,69.6,68.5,67.1,0.17,0.16,0.17
COPA,2017-08-21 00:00:00 EDT,42.13659,-73.51988,685,58.3,59.6,58.3,96.3,57.3,0.000,0.000,0.00,0.000,0.4,1.3,0.5,182,4,0.6,1.6,0.6,187,7,0.4,1.3,0.5,182,4,0,29.44,,0,0,0,66.7,68.0,66.4,0.21,0.26,0.27
COPA,2017-08-21 00:05:00 EDT,42.13659,-73.51988,685,58.0,58.9,58.0,96.2,57.0,0.000,0.000,0.00,0.000,0.3,1.3,0.4,195,0,0.5,1.5,0.5,189,15,0.3,1.3,0.4,195,0,0,29.44,,0,0,0,66.7,67.9,66.4,0.21,0.26,0.26
COPA,2017-08-21 00:10:00 EDT,42.13659,-73.51988,685,58.0,59.2,58.0,97.1,57.2,0.000,0.000,0.00,0.000,0.2,1.1,0.4,26,0,0.5,1.5,0.5,24,10,0.2,1.1,0.4,26,0,0,29.44,,0,0,0,66.7,67.9,66.4,0.21,0.26,0.26
COPA,2017-08-21 00:15:00 EDT,42.13659,-73.51988,685,57.8,59.3,57.8,97.0,56.9,0.000,0.000,0.00,0.000,1.2,1.8,0.3,33,8,1.4,2.3,0.5,40,5,1.2,1.8,0.3,33,8,0,29.44,,0,0,0,66.7,67.8,66.4,0.21,0.26,0.26
COPA,2017-08-21 00:20:00 EDT,42.13659,-73.51988,685,57.8,59.0,57.8,97.1,57.0,0.000,0.000,0.00,0.000,1.1,1.6,0.2,28,8,1.5,2.3,0.4,41,11,1.1,1.6,0.2,28,8,0,29.44,,0,0,0,66.6,67.8,66.4,0.21,0.26,0.26
COPA,2017-08-21 00:25:00 EDT,42.13659,-73.51988,685,57.7,58.6,57.7,97.2,56.9,0.000,0.000,0.00,0.000,1.0,1.5,0.4,28,9,1.5,2.1,0.4,39,13,1.0,1.5,0.4,28,9,0,29.44,,0,0,0,66.4,67.8,66.4,0.21,0.26,0.26
COPA,2017-08-21 00:30:00 EDT,42.13659,-73.51988,685,57.5,58.8,57.5,97.3,56.7,0.000,0.000,0.00,0.000,0.2,1.2,0.4,28,0,0.4,1.9,0.7,48,2,0.2,1.2,0.4,28,0,0,29.44,,0,0,0,66.4,67.8,66.4,0.21,0.26,0.26
COPA,2017-08-21 00:35:00 EDT,42.13659,-73.51988,685,57.5,58.9,57.5,97.4,56.8,0.000,0.000,0.00,0.000,0.1,0.9,0.3,88,0,0.2,1.4,0.5,94,2,0.1,0.9,0.3,88,0,0,29.44,,0,0,0,66.4,67.8,66.4,0.21,0.26,0.26
COPA,2017-08-21 00:40:00 EDT,42.13659,-73.51988,685,58.0,59.2,58.0,97.7,57.3,0.000,0.000,0.00,0.000,0.9,1.2,0.2,80,9,1.3,1.7,0.2,76,10,0.9,1.2,0.2,80,9,0,29.44,,0,0,0,66.4,67.8,66.4,0.21,0.26,0.26
COPA,2017-08-21 00:45:00 EDT,42.13659,-73.51988,685,57.9,59.4,57.9,97.5,57.2,0.000,0.000,0.00,0.000,0.1,0.8,0.3,89,5,0.4,1.3,0.4,66,37,0.1,0.8,0.3,89,5,0,29.44,,0,0,0,66.4,67.8,66.4,0.21,0.26,0.26
COPA,2017-08-21 00:50:00 EDT,42.13659,-73.51988,685,57.5,59.1,57.5,97.3,56.7,0.000,0.000,0.00,0.000,0.8,1.5,0.5,350,12,1.4,2.1,0.3,358,16,0.8,1.5,0.5,350,12,0,29.44,,0,0,0,66.4,67.8,66.4,0.21,0.26,0.26
COPA,2017-08-21 00:55:00 EDT,42.13659,-73.51988,685,57.1,58.7,57.1,97.3,56.4,0.000,0.000,0.00,0.000,1.7,2.5,0.4,30,14,2.0,2.8,0.5,37,13,1.7,2.5,0.4,30,14,0,29.45,,0,0,0,66.4,67.8,66.4,0.21,0.26,0.26
COPA,2017-08-21 01:00:00 EDT,42.13659,-73.51988,685,57.2,58.9,57.2,97.6,56.6,0.000,0.000,0.00,0.000,2.2,3.1,0.5,52,8,2.4,3.8,0.6,51,5,2.2,3.1,0.5,52,8,0,29.45,,0,0,0,66.4,67.8,66.4,0.21,0.26,0.26
COPA,2017-08-21 01:05:00 EDT,42.13659,-73.51988,685,57.5,59.0,57.5,97.7,56.9,0.000,0.000,0.00,0.000,0.8,1.4,0.3,38,11,1.2,2.0,0.4,50,5,0.8,1.4,0.3,38,11,0,29.45,,0,0,0,66.3,67.8,66.4,0.21,0.26,0.26
COPA,2017-08-21 01:10:00 EDT,42.13659,-73.51988,685,57.5,59.0,57.5,97.8,56.9,0.000,0.000,0.00,0.000,0.3,1.0,0.4,48,9,0.5,1.6,0.5,47,5,0.3,1.0,0.4,48,9,0,29.45,,0,0,0,66.0,67.8,66.4,0.21,0.26,0.26
COPA,2017-08-21 01:15:00 EDT,42.13659,-73.51988,685,57.8,59.0,57.8,97.8,57.2,0.000,0.000,0.00,0.000,0.9,1.3,0.3,35,12,1.1,2.0,0.3,40,10,0.9,1.3,0.3,35,12,0,29.44,,0,0,0,66.0,67.8,66.4,0.21,0.26,0.26
COPA,2017-08-21 01:20:00 EDT,42.13659,-73.51988,685,57.7,58.7,57.7,97.7,57.0,0.000,0.000,0.00,0.000,0.4,1.2,0.4,23,7,0.6,1.7,0.6,44,8,0.4,1.2,0.4,23,7,0,29.44,,0,0,0,66.0,67.8,66.4,0.21,0.26,0.26
COPA,2017-08-21 01:25:00 EDT,42.13659,-73.51988,685,57.2,58.0,57.2,97.5,56.5,0.000,0.000,0.00,0.000,0.2,0.8,0.3,4,5,0.6,1.3,0.5,352,18,0.2,0.8,0.3,4,5,0,29.44,,0,0,0,66.0,67.8,66.4,0.21,0.26,0.27
COPA,2017-08-21 01:30:00 EDT,42.13659,-73.51988,685,57.0,58.2,57.0,97.5,56.3,0.000,0.000,0.00,0.000,0.7,1.2,0.2,33,17,1.1,2.0,0.4,42,12,0.7,1.2,0.2,33,17,0,29.44,,0,0,0,66.0,67.8,66.4,0.21,0.26,0.26
COPA,2017-08-21 01:35:00 EDT,42.13659,-73.51988,685,57.3,58.3,57.3,97.8,56.7,0.000,0.000,0.00,0.000,1.3,1.6,0.2,42,9,1.5,2.1,0.3,43,7,1.3,1.6,0.2,42,9,0,29.44,,0,0,0,66.0,67.8,66.4,0.21,0.26,0.26
COPA,2017-08-21 01:40:00 EDT,42.13659,-73.51988,685,57.2,58.1,57.2,97.8,56.6,0.000,0.000,0.00,0.000,1.5,2.0,0.3,20,9,1.9,2.6,0.4,18,13,1.5,2.0,0.3,20,9,0,29.44,,0,0,0,66.0,67.8,66.4,0.21,0.26,0.26
COPA,2017-08-21 01:45:00 EDT,42.13659,-73.51988,685,56.9,58.1,56.9,97.7,56.3,0.000,0.000,0.00,0.000,1.7,2.3,0.2,14,5,2.1,3.1,0.4,12,5,1.7,2.3,0.2,14,5,0,29.44,,0,0,0,65.9,67.8,66.4,0.21,0.26,0.26
COPA,2017-08-21 01:50:00 EDT,42.13659,-73.51988,685,56.9,57.9,56.9,97.8,56.3,0.000,0.000,0.00,0.000,1.1,2.3,0.6,30,16,1.5,2.8,0.7,27,17,1.1,2.3,0.6,30,16,0,29.44,,0,0,0,65.9,67.8,66.4,0.21,0.26,0.26
COPA,2017-08-21 01:55:00 EDT,42.13659,-73.51988,685,56.9,57.8,56.9,97.9,56.3,0.000,0.000,0.00,0.000,1.4,1.8,0.2,46,11,1.6,2.2,0.2,42,12,1.4,1.8,0.2,46,11,0,29.44,,0,0,0,65.8,67.8,66.4,0.21,0.26,0.26
COPA,2017-08-21 02:00:00 EDT,42.13659,-73.51988,685,56.8,57.7,56.8,97.9,56.2,0.000,0.000,0.00,0.000,1.1,2.0,0.3,7,13,1.4,2.3,0.4,2,13,1.1,2.0,0.3,7,13,0,29.44,,0,0,0,65.8,67.8,66.4,0.21,0.26,0.26
COPA,2017-08-21 02:05:00 EDT,42.13659,-73.51988,685,56.2,57.4,56.2,97.7,55.6,0.000,0.000,0.00,0.000,0.0,0.3,0.0,0,0,0.0,0.8,0.1,207,8,0.0,0.3,0.0,0,0,0,29.44,,0,0,0,65.8,67.8,66.4,0.21,0.26,0.26
COPA,2017-08-21 02:10:00 EDT,42.13659,-73.51988,685,56.6,57.6,56.6,98.0,56.0,0.000,0.000,0.00,0.000,0.0,0.0,0.0,0,0,0.1,1.2,0.3,71,4,0.0,0.0,0.0,0,0,0,29.44,,0,0,0,65.8,67.8,66.4,0.21,0.26,0.26
COPA,2017-08-21 02:15:00 EDT,42.13659,-73.51988,685,56.6,57.7,56.6,98.0,56.1,0.000,0.000,0.00,0.000,0.0,0.0,0.0,0,0,0.1,1.4,0.2,79,2,0.0,0.0,0.0,0,0,0,29.44,,0,0,0,65.8,67.8,66.4,0.21,0.26,0.26
COPA,2017-08-21 02:20:00 EDT,42.13659,-73.51988,685,56.6,57.5,56.6,98.0,56.0,0.000,0.000,0.00,0.000,0.0,0.0,0.0,0,0,0.0,1.2,0.1,76,0,0.0,0.0,0.0,0,0,0,29.44,,0,0,0,65.8,67.8,66.4,0.21,0.26,0.26
COPA,2017-08-21 02:25:00 EDT,42.13659,-73.51988,685,56.4,57.3,56.4,98.0,55.9,0.000,0.000,0.00,0.000,0.0,0.0,0.0,0,0,0.1,1.6,0.3,60,3,0.0,0.0,0.0,0,0,0,29.44,,0,0,0,65.8,67.7,66.4,0.21,0.26,0.26
COPA,2017-08-21 02:30:00 EDT,42.13659,-73.51988,685,56.5,57.3,56.5,98.1,55.9,0.000,0.000,0.00,0.000,0.0,0.0,0.0,0,0,0.5,1.1,0.4,348,31,0.0,0.0,0.0,0,0,0,29.44,,0,0,0,65.8,67.6,66.4,0.21,0.26,0.26
COPA,2017-08-21 02:35:00 EDT,42.13659,-73.51988,685,56.2,57.2,56.2,98.1,55.6,0.000,0.000,0.00,0.000,0.3,1.2,0.4,50,3,0.7,1.5,0.4,53,16,0.3,1.2,0.4,50,3,0,29.44,,0,0,0,65.8,67.5,66.4,0.21,0.26,0.27
COPA,2017-08-21 02:40:00 EDT,42.13659,-73.51988,685,56.1,57.3,56.1,98.1,55.5,0.000,0.000,0.00,0.000,2.0,2.7,0.3,34,13,2.1,2.9,0.3,32,14,2.0,2.7,0.3,34,13,0,29.44,,0,0,0,65.8,67.5,66.4,0.21,0.26,0.26
COPA,2017-08-21 02:45:00 EDT,42.13659,-73.51988,685,55.9,57.4,55.9,98.1,55.4,0.000,0.000,0.00,0.000,1.6,2.7,0.5,16,20,1.9,3.5,0.6,14,20,1.6,2.7,0.5,16,20,0,29.44,,0,0,0,65.7,67.5,66.4,0.21,0.26,0.26
COPA,2017-08-21 02:50:00 EDT,42.13659,-73.51988,685,56.0,57.1,56.0,98.2,55.5,0.000,0.000,0.00,0.000,0.9,1.5,0.4,50,16,1.1,1.9,0.5,43,16,0.9,1.5,0.4,50,16,0,29.44,,0,0,0,65.5,67.5,66.4,0.21,0.26,0.26
COPA,2017-08-21 02:55:00 EDT,42.13659,-73.51988,685,56.3,57.2,56.3,98.2,55.8,0.000,0.000,0.00,0.000,0.6,1.5,0.6,23,4,0.9,2.1,0.8,15,7,0.6,1.5,0.6,23,4,0,29.44,,0,0,0,65.5,67.5,66.4,0.21,0.26,0.26
COPA,2017-08-21 03:00:00 EDT,42.13659,-73.51988,685,56.2,57.3,56.2,98.3,55.7,0.000,0.000,0.00,0.000,1.8,3.1,0.7,17,10,2.4,3.8,0.7,12,10,1.8,3.1,0.7,17,10,0,29.44,,0,0,0,65.5,67.5,66.4,0.21,0.26,0.26
COPA,2017-08-21 03:05:00 EDT,42.13659,-73.51988,685,55.8,57.2,55.8,98.2,55.2,0.000,0.000,0.00,0.000,1.8,2.7,0.4,36,9,2.0,3.5,0.5,33,9,1.8,2.7,0.4,36,9,0,29.44,,0,0,0,65.5,67.5,66.4,0.21,0.26,0.26
COPA,2017-08-21 03:10:00 EDT,42.13659,-73.51988,685,56.2,57.1,56.2,98.4,55.7,0.000,0.000,0.00,0.000,2.2,3.2,0.4,30,11,2.4,3.5,0.4,29,13,2.2,3.2,0.4,30,11,0,29.44,,0,0,0,65.5,67.5,66.4,0.21,0.26,0.26
COPA,2017-08-21 03:15:00 EDT,42.13659,-73.51988,685,56.2,57.1,56.2,98.3,55.7,0.000,0.000,0.00,0.000,2.2,3.0,0.4,14,9,2.7,3.8,0.5,11,8,2.2,3.0,0.4,14,9,0,29.44,,0,0,0,65.3,67.5,66.4,0.21,0.26,0.26
COPA,2017-08-21 03:20:00 EDT,42.13659,-73.51988,685,56.2,57.0,56.2,98.3,55.7,0.000,0.000,0.00,0.000,1.8,3.2,0.6,31,17,2.2,4.0,0.7,26,17,1.8,3.2,0.6,31,17,0,29.44,,0,0,0,65.1,67.5,66.4,0.21,0.26,0.26
COPA,2017-08-21 03:25:00 EDT,42.13659,-73.51988,685,55.9,56.9,55.9,98.2,55.4,0.000,0.000,0.00,0.000,1.5,3.1,1.0,39,10,1.8,3.4,0.8,32,14,1.5,3.1,1.0,39,10,0,29.44,,0,0,0,65.1,67.5,66.4,0.21,0.26,0.26
COPA,2017-08-21 03:30:00 EDT,42.13659,-73.51988,685,55.8,56.8,55.8,98.2,55.3,0.000,0.000,0.00,0.000,0.9,2.0,0.6,14,14,1.3,2.9,0.9,12,14,0.9,2.0,0.6,14,14,0,29.44,,0,0,0,65.1,67.5,66.4,0.21,0.26,0.26
COPA,2017-08-21 03:35:00 EDT,42.13659,-73.51988,685,55.9,56.8,55.9,98.3,55.5,0.000,0.000,0.00,0.000,0.4,1.2,0.4,162,34,0.7,1.6,0.5,187,43,0.4,1.2,0.4,162,34,0,29.44,,0,0,0,65.1,67.5,66.4,0.21,0.26,0.26
COPA,2017-08-21 03:40:00 EDT,42.13659,-73.51988,685,55.7,56.9,55.7,98.3,55.2,0.000,0.000,0.00,0.000,0.4,1.4,0.5,100,29,0.7,1.7,0.6,98,40,0.4,1.4,0.5,100,29,0,29.44,,0,0,0,65.1,67.5,66.4,0.21,0.26,0.26
COPA,2017-08-21 03:45:00 EDT,42.13659,-73.51988,685,55.8,56.9,55.8,98.3,55.3,0.000,0.000,0.00,0.000,0.6,1.3,0.5,82,2,1.1,1.9,0.4,62,26,0.6,1.3,0.5,82,2,0,29.44,,0,0,0,65.1,67.5,66.4,0.21,0.26,0.26
COPA,2017-08-21 03:50:00 EDT,42.13659,-73.51988,685,56.0,57.0,56.0,98.3,55.6,0.000,0.000,0.00,0.000,0.0,0.0,0.0,0,0,0.2,1.2,0.4,20,7,0.0,0.0,0.0,0,0,0,29.44,,0,0,0,65.1,67.5,66.4,0.21,0.26,0.26
COPA,2017-08-21 03:55:00 EDT,42.13659,-73.51988,685,55.9,56.9,55.9,98.4,55.4,0.000,0.000,0.00,0.000,0.3,1.2,0.4,72,3,0.8,1.7,0.5,45,28,0.3,1.2,0.4,72,3,0,29.44,,0,0,0,65.1,67.5,66.4,0.21,0.26,0.26
COPA,2017-08-21 04:00:00 EDT,42.13659,-73.51988,685,55.9,56.8,55.9,98.3,55.5,0.000,0.000,0.00,0.000,1.3,2.2,0.7,55,10,1.5,2.3,0.4,44,19,1.3,2.2,0.7,55,10,0,29.45,,0,0,0,65.1,67.5,66.4,0.21,0.26,0.26
COPA,2017-08-21 04:05:00 EDT,42.13659,-73.51988,685,55.5,57.0,55.5,98.3,55.0,0.000,0.000,0.00,0.000,0.9,2.2,0.7,64,5,1.1,2.5,0.7,48,19,0.9,2.2,0.7,64,5,0,29.45,,0,0,0,65.1,67.4,66.4,0.21,0.26,0.26
COPA,2017-08-21 04:10:00 EDT,42.13659,-73.51988,685,55.6,57.3,55.6,98.3,55.1,0.000,0.000,0.00,0.000,0.8,1.6,0.4,74,15,1.3,2.0,0.4,63,30,0.8,1.6,0.4,74,15,0,29.45,,0,0,0,65.1,67.4,66.4,0.21,0.26,0.26
COPA,2017-08-21 04:15:00 EDT,42.13659,-73.51988,685,56.0,57.5,56.0,98.4,55.5,0.000,0.000,0.00,0.000,1.3,1.8,0.3,67,4,1.6,2.6,0.3,60,8,1.3,1.8,0.3,67,4,0,29.45,,0,0,0,65.0,67.3,66.4,0.21,0.26,0.26
COPA,2017-08-21 04:20:00 EDT,42.13659,-73.51988,685,55.8,57.4,55.8,98.3,55.3,0.000,0.000,0.00,0.000,0.1,0.5,0.1,62,2,0.2,1.1,0.4,39,7,0.1,0.5,0.1,62,2,0,29.45,,0,0,0,64.9,67.2,66.4,0.21,0.26,0.26
COPA,2017-08-21 04:25:00 EDT,42.13659,-73.51988,685,55.8,57.3,55.8,98.2,55.3,0.000,0.000,0.00,0.000,0.0,0.0,0.0,0,0,0.0,1.2,0.2,75,2,0.0,0.0,0.0,0,0,0,29.45,,0,0,0,64.8,67.2,66.4,0.21,0.26,0.26
COPA,2017-08-21 04:30:00 EDT,42.13659,-73.51988,685,55.9,57.0,55.9,98.4,55.5,0.000,0.000,0.00,0.000,0.9,1.9,0.8,37,3,1.2,2.2,0.7,28,11,0.9,1.9,0.8,37,3,0,29.45,,0,0,0,64.8,67.1,66.4,0.21,0.26,0.27
COPA,2017-08-21 04:35:00 EDT,42.13659,-73.51988,685,55.8,57.4,55.8,98.4,55.3,0.000,0.000,0.00,0.000,2.2,3.4,0.5,46,7,2.3,3.9,0.7,43,6,2.2,3.4,0.5,46,7,0,29.45,,0,0,0,64.8,67.1,66.4,0.21,0.26,0.26
COPA,2017-08-21 04:40:00 EDT,42.13659,-73.51988,685,56.3,57.9,56.3,98.5,55.9,0.000,0.000,0.00,0.000,2.4,3.6,0.5,30,14,2.8,4.5,0.6,27,14,2.4,3.6,0.5,30,14,0,29.45,,0,0,0,64.8,67.1,66.4,0.21,0.26,0.26
COPA,2017-08-21 04:45:00 EDT,42.13659,-73.51988,685,56.5,57.7,56.5,98.4,56.1,0.000,0.000,0.00,0.000,2.2,3.2,0.4,21,14,2.6,4.0,0.6,19,13,2.2,3.2,0.4,21,14,0,29.45,,0,0,0,64.8,67.1,66.4,0.21,0.26,0.26
COPA,2017-08-21 04:50:00 EDT,42.13659,-73.51988,685,56.5,57.6,56.5,98.4,56.0,0.000,0.000,0.00,0.000,2.0,2.6,0.3,41,6,2.1,2.9,0.3,38,7,2.0,2.6,0.3,41,6,0,29.45,,0,0,0,64.8,67.1,66.4,0.21,0.26,0.26
COPA,2017-08-21 04:55:00 EDT,42.13659,-73.51988,685,56.7,57.5,56.7,98.4,56.3,0.000,0.000,0.00,0.000,1.6,2.3,0.3,32,5,1.7,2.8,0.4,31,8,1.6,2.3,0.3,32,5,0,29.45,,0,0,0,64.8,67.1,66.4,0.21,0.26,0.26
COPA,2017-08-21 05:00:00 EDT,42.13659,-73.51988,685,56.4,57.4,56.4,98.4,56.0,0.000,0.000,0.00,0.000,0.7,1.9,0.5,32,15,1.0,2.2,0.6,25,14,0.7,1.9,0.5,32,15,0,29.45,,0,0,0,64.8,67.1,66.4,0.21,0.26,0.26
COPA,2017-08-21 05:05:00 EDT,42.13659,-73.51988,685,56.4,57.1,56.4,98.4,55.9,0.000,0.000,0.00,0.000,0.5,1.5,0.5,10,5,0.7,2.1,0.7,4,4,0.5,1.5,0.5,10,5,0,29.45,,0,0,0,64.8,67.1,66.4,0.21,0.26,0.26
COPA,2017-08-21 05:10:00 EDT,42.13659,-73.51988,685,55.9,56.9,55.9,98.2,55.4,0.000,0.000,0.00,0.000,1.1,2.0,0.7,26,9,1.4,2.9,0.9,20,10,1.1,2.0,0.7,26,9,0,29.45,,0,0,0,64.8,67.1,66.4,0.21,0.26,0.26
COPA,2017-08-21 05:15:00 EDT,42.13659,-73.51988,685,55.9,56.8,55.9,98.4,55.4,0.000,0.000,0.00,0.000,1.5,2.6,0.4,31,16,1.8,3.6,0.5,28,16,1.5,2.6,0.4,31,16,0,29.45,,0,0,0,64.6,67.1,66.4,0.21,0.26,0.27
COPA,2017-08-21 05:20:00 EDT,42.13659,-73.51988,685,55.8,56.6,55.8,98.3,55.3,0.000,0.000,0.00,0.000,2.1,3.2,0.5,34,9,2.2,3.7,0.6,33,10,2.1,3.2,0.5,34,9,0,29.45,,0,0,0,64.5,67.1,66.4,0.21,0.26,0.26
COPA,2017-08-21 05:25:00 EDT,42.13659,-73.51988,685,55.9,56.6,55.9,98.3,55.5,0.000,0.000,0.00,0.000,2.1,3.0,0.5,15,8,2.7,3.9,0.7,12,6,2.1,3.0,0.5,15,8,0,29.45,,0,0,0,64.4,67.1,66.4,0.21,0.26,0.26
COPA,2017-08-21 05:30:00 EDT,42.13659,-73.51988,685,55.8,56.7,55.8,98.3,55.3,0.000,0.000,0.00,0.000,1.9,2.8,0.4,40,15,2.1,3.2,0.5,36,14,1.9,2.8,0.4,40,15,0,29.45,,0,0,0,64.4,67.1,66.4,0.21,0.26,0.26
COPA,2017-08-21 05:35:00 EDT,42.13659,-73.51988,685,55.8,56.7,55.8,98.4,55.3,0.000,0.000,0.00,0.000,2.3,3.5,0.5,51,15,2.4,4.2,0.6,47,12,2.3,3.5,0.5,51,15,0,29.45,,0,0,0,64.4,67.1,66.4,0.21,0.26,0.26
COPA,2017-08-21 05:40:00 EDT,42.13659,-73.51988,685,56.0,56.7,56.0,98.4,55.6,0.000,0.000,0.00,0.000,2.2,3.9,0.6,26,11,2.7,4.6,0.7,23,11,2.2,3.9,0.6,26,11,0,29.45,,0,0,0,64.4,67.1,66.4,0.21,0.26,0.26
COPA,2017-08-21 05:45:00 EDT,42.13659,-73.51988,685,55.9,56.8,55.9,98.3,55.4,0.000,0.000,0.00,0.000,2.4,3.8,0.5,40,16,2.6,4.6,0.7,38,15,2.4,3.8,0.5,40,16,0,29.45,,0,0,0,64.4,67.1,66.4,0.21,0.26,0.26
COPA,2017-08-21 05:50:00 EDT,42.13659,-73.51988,685,56.0,56.9,56.0,98.3,55.5,0.000,0.000,0.00,0.000,1.9,2.9,0.4,40,11,2.1,4.5,0.6,37,10,1.9,2.9,0.4,40,11,0,29.45,,0,0,0,64.4,67.1,66.4,0.20,0.26,0.26
COPA,2017-08-21 05:55:00 EDT,42.13659,-73.51988,685,56.1,57.1,56.1,98.3,55.7,0.000,0.000,0.00,0.000,3.0,4.7,0.7,32,9,3.4,6.2,1.0,31,11,3.0,4.7,0.7,32,9,1,29.45,,0,0,0,64.4,67.1,66.4,0.21,0.26,0.26
COPA,2017-08-21 06:00:00 EDT,42.13659,-73.51988,685,56.2,57.3,56.2,98.3,55.7,0.000,0.000,0.00,0.000,3.1,4.7,0.8,29,10,3.6,5.5,1.0,26,10,3.1,4.7,0.8,29,10,2,29.45,,0,0,0,64.4,67.1,66.4,0.20,0.26,0.26
COPA,2017-08-21 06:05:00 EDT,42.13659,-73.51988,685,56.1,57.3,56.1,98.3,55.7,0.000,0.000,0.00,0.000,3.5,4.5,0.5,26,10,3.9,5.8,0.8,22,10,3.5,4.5,0.5,26,10,3,29.45,,0,0,0,64.4,67.1,66.4,0.20,0.26,0.26
COPA,2017-08-21 06:10:00 EDT,42.13659,-73.51988,685,56.3,57.2,56.3,98.3,55.9,0.000,0.000,0.00,0.000,2.0,3.8,0.7,35,19,2.4,4.2,0.9,30,18,2.0,3.8,0.7,35,19,4,29.46,,0,0,0,64.4,67.0,66.4,0.20,0.26,0.26
COPA,2017-08-21 06:15:00 EDT,42.13659,-73.51988,685,56.5,57.4,56.5,98.3,56.1,0.000,0.000,0.00,0.000,2.1,3.1,0.5,52,16,2.4,4.2,0.6,47,15,2.1,3.1,0.5,52,16,7,29.46,,0,0,0,64.4,66.9,66.4,0.20,0.26,0.26
COPA,2017-08-21 06:20:00 EDT,42.13659,-73.51988,685,56.9,57.7,56.9,98.3,56.4,0.000,0.000,0.00,0.000,2.5,4.2,0.7,43,21,2.7,4.5,0.7,39,23,2.5,4.2,0.7,43,21,10,29.46,,0,0,0,64.4,66.8,66.4,0.20,0.26,0.27
COPA,2017-08-21 06:25:00 EDT,42.13659,-73.51988,685,56.6,57.5,56.6,98.1,56.1,0.000,0.000,0.00,0.000,1.3,2.6,1.0,24,7,1.7,3.3,1.1,20,9,1.3,2.6,1.0,24,7,15,29.46,,0,0,0,64.4,66.7,66.4,0.20,0.26,0.26
COPA,2017-08-21 06:30:00 EDT,42.13659,-73.51988,685,56.1,57.2,56.1,97.9,55.5,0.000,0.000,0.00,0.000,0.1,0.8,0.2,27,0,0.4,1.7,0.5,52,14,0.1,0.8,0.2,27,0,19,29.46,,0,0,0,64.4,66.7,66.4,0.20,0.26,0.26
COPA,2017-08-21 06:35:00 EDT,42.13659,-73.51988,685,56.2,57.4,56.2,98.1,55.7,0.000,0.000,0.00,0.000,0.4,1.8,0.5,19,7,0.8,2.2,0.7,8,11,0.4,1.8,0.5,19,7,25,29.46,,0,0,0,64.4,66.7,66.4,0.20,0.26,0.26
COPA,2017-08-21 06:40:00 EDT,42.13659,-73.51988,685,56.7,57.7,56.7,98.2,56.2,0.000,0.000,0.00,0.000,0.8,1.9,0.6,54,32,1.2,2.4,0.7,54,34,0.8,1.9,0.6,54,32,32,29.46,,0,0,0,64.4,66.7,66.4,0.20,0.26,0.26
COPA,2017-08-21 06:45:00 EDT,42.13659,-73.51988,685,56.5,57.7,56.5,98.0,56.0,0.000,0.000,0.00,0.000,0.0,0.0,0.0,0,0,0.3,1.2,0.4,79,24,0.0,0.0,0.0,0,0,39,29.47,,0,0,0,64.3,66.7,66.4,0.20,0.26,0.26
COPA,2017-08-21 06:50:00 EDT,42.13659,-73.51988,685,56.6,57.5,56.6,98.1,56.1,0.000,0.000,0.00,0.000,0.2,0.9,0.3,180,0,0.5,1.3,0.5,192,11,0.2,0.9,0.3,180,0,44,29.47,,0,0,0,64.3,66.7,66.4,0.20,0.26,0.27
COPA,2017-08-21 06:55:00 EDT,42.13659,-73.51988,685,56.5,57.2,56.5,98.0,55.9,0.000,0.000,0.00,0.000,0.0,0.0,0.0,0,0,0.0,0.0,0.0,0,0,0.0,0.0,0.0,0,0,47,29.47,,0,0,0,64.2,66.7,66.4,0.20,0.26,0.26
COPA,2017-08-21 07:00:00 EDT,42.13659,-73.51988,685,56.8,57.4,56.8,98.1,56.2,0.000,0.000,0.00,0.000,0.0,0.4,0.0,61,81,0.1,1.2,0.3,54,3,0.0,0.4,0.0,61,81,58,29.47,,0,0,0,64.2,66.7,66.4,0.20,0.26,0.26
COPA,2017-08-21 07:05:00 EDT,42.13659,-73.51988,685,57.4,57.8,57.4,98.1,56.8,0.000,0.000,0.00,0.000,1.5,1.9,0.2,70,4,1.9,2.6,0.3,64,8,1.5,1.9,0.2,70,4,106,29.46,,0,0,0,64.2,66.7,66.4,0.20,0.26,0.26
COPA,2017-08-21 07:10:00 EDT,42.13659,-73.51988,685,57.7,58.0,57.7,97.9,57.1,0.000,0.000,0.00,0.000,1.3,2.7,0.8,351,25,1.7,3.3,0.8,350,24,1.3,2.7,0.8,351,25,131,29.47,,0,0,0,64.2,66.7,66.4,0.20,0.26,0.26
COPA,2017-08-21 07:15:00 EDT,42.13659,-73.51988,685,57.8,58.0,57.8,97.7,57.2,0.000,0.000,0.00,0.000,0.2,1.5,0.4,13,12,0.4,2.3,0.6,23,22,0.2,1.5,0.4,13,12,145,29.47,,0,0,0,64.2,66.7,66.4,0.20,0.26,0.26
COPA,2017-08-21 07:20:00 EDT,42.13659,-73.51988,685,58.8,58.8,58.8,97.8,58.2,0.000,0.000,0.00,0.000,1.7,2.5,0.3,46,15,1.9,2.9,0.3,46,12,1.7,2.5,0.3,46,15,172,29.47,,0,0,0,64.2,66.7,66.4,0.20,0.26,0.27
COPA,2017-08-21 07:25:00 EDT,42.13659,-73.51988,685,59.5,59.5,59.5,97.5,58.8,0.000,0.000,0.00,0.000,2.3,3.8,0.8,23,13,2.9,4.7,0.8,27,13,2.3,3.8,0.8,23,13,163,29.47,,0,0,0,64.2,66.7,66.4,0.20,0.26,0.26
COPA,2017-08-21 07:30:00 EDT,42.13659,-73.51988,685,60.0,60.0,60.0,97.1,59.2,0.000,0.000,0.00,0.000,1.2,2.5,0.6,12,15,1.6,4.0,0.7,20,17,1.2,2.5,0.6,12,15,157,29.47,,0,0,0,64.2,66.7,66.4,0.20,0.26,0.26
COPA,2017-08-21 07:35:00 EDT,42.13659,-73.51988,685,60.4,60.4,60.4,96.2,59.3,0.000,0.000,0.00,0.000,1.7,2.7,0.4,17,17,2.2,3.4,0.5,18,15,1.7,2.7,0.4,17,17,194,29.47,,0,0,0,64.2,66.7,66.4,0.20,0.26,0.26
COPA,2017-08-21 07:40:00 EDT,42.13659,-73.51988,685,60.8,60.8,60.8,94.8,59.2,0.000,0.000,0.00,0.000,1.7,2.8,0.5,24,11,2.0,3.4,0.5,21,12,1.7,2.8,0.5,24,11,204,29.47,,0,0,0,64.2,66.7,66.4,0.20,0.26,0.26
COPA,2017-08-21 07:45:00 EDT,42.13659,-73.51988,685,61.0,61.0,61.0,93.5,59.1,0.000,0.000,0.00,0.000,1.4,2.2,0.5,19,7,1.7,2.7,0.5,16,11,1.4,2.2,0.5,19,7,143,29.47,,0,0,0,64.2,66.7,66.4,0.20,0.26,0.26
COPA,2017-08-21 07:50:00 EDT,42.13659,-73.51988,685,61.0,61.2,61.0,92.7,58.9,0.000,0.000,0.00,0.000,1.3,1.8,0.3,17,14,1.7,2.4,0.3,14,13,1.3,1.8,0.3,17,14,184,29.47,,0,0,0,64.2,66.7,66.4,0.20,0.26,0.26
COPA,2017-08-21 07:55:00 EDT,42.13659,-73.51988,685,61.4,61.5,61.4,92.7,59.3,0.000,0.000,0.00,0.000,0.5,1.5,0.5,6,9,0.7,2.2,0.6,5,11,0.5,1.5,0.5,6,9,214,29.47,,0,0,0,64.2,66.7,66.4,0.20,0.26,0.26
COPA,2017-08-21 08:00:00 EDT,42.13659,-73.51988,685,61.8,61.8,61.8,91.7,59.4,0.000,0.000,0.00,0.000,0.9,1.8,0.5,289,11,1.2,2.3,0.6,288,13,0.9,1.8,0.5,289,11,263,29.47,,0,0,0,64.2,66.7,66.4,0.20,0.26,0.26
COPA,2017-08-21 08:05:00 EDT,42.13659,-73.51988,685,62.0,61.8,62.0,90.7,59.2,0.000,0.000,0.00,0.000,0.7,2.1,0.7,293,9,1.0,3.1,0.8,294,11,0.7,2.1,0.7,293,9,276,29.47,,0,0,0,64.3,66.7,66.4,0.20,0.26,0.26
COPA,2017-08-21 08:10:00 EDT,42.13659,-73.51988,685,62.6,62.2,62.6,90.4,59.7,0.000,0.000,0.00,0.000,0.8,1.9,0.5,290,17,1.2,2.3,0.5,285,19,0.8,1.9,0.5,290,17,350,29.47,,0,0,0,64.4,66.7,66.4,0.20,0.26,0.26
COPA,2017-08-21 08:15:00 EDT,42.13659,-73.51988,685,63.1,62.9,63.1,89.7,60.1,0.000,0.000,0.00,0.000,0.9,2.3,0.4,278,22,1.3,2.6,0.5,278,20,0.9,2.3,0.4,278,22,275,29.47,,0,0,0,64.4,66.6,66.4,0.20,0.26,0.26
COPA,2017-08-21 08:20:00 EDT,42.13659,-73.51988,685,63.3,63.1,63.3,88.4,59.8,0.000,0.000,0.00,0.000,1.3,2.2,0.5,293,11,1.6,2.8,0.4,292,12,1.3,2.2,0.5,293,11,207,29.47,,0,0,0,64.4,66.6,66.4,0.20,0.26,0.26
COPA,2017-08-21 08:25:00 EDT,42.13659,-73.51988,685,63.5,63.3,63.5,88.5,60.1,0.000,0.000,0.00,0.000,1.2,1.8,0.3,297,12,1.5,2.3,0.4,295,12,1.2,1.8,0.3,297,12,188,29.47,,0,0,0,64.4,66.4,66.4,0.20,0.26,0.26
COPA,2017-08-21 08:30:00 EDT,42.13659,-73.51988,685,63.5,63.4,63.5,86.2,59.3,0.000,0.000,0.00,0.000,0.8,1.5,0.4,311,17,1.2,2.1,0.5,306,20,0.8,1.5,0.4,311,17,202,29.46,,0,0,0,64.4,66.4,66.4,0.20,0.26,0.26
COPA,2017-08-21 08:35:00 EDT,42.13659,-73.51988,685,63.8,63.6,63.8,85.1,59.3,0.000,0.000,0.00,0.000,0.4,1.3,0.4,283,13,0.6,2.2,0.6,287,15,0.4,1.3,0.4,283,13,272,29.47,,0,0,0,64.4,66.4,66.4,0.20,0.26,0.27
COPA,2017-08-21 08:40:00 EDT,42.13659,-73.51988,685,64.1,63.9,64.1,84.5,59.3,0.000,0.000,0.00,0.000,1.0,2.0,0.5,322,15,1.4,2.4,0.5,317,17,1.0,2.0,0.5,322,15,249,29.47,,0,0,0,64.4,66.4,66.4,0.20,0.26,0.27
COPA,2017-08-21 08:45:00 EDT,42.13659,-73.51988,685,64.5,64.1,64.5,85.6,60.1,0.000,0.000,0.00,0.000,0.1,1.1,0.2,313,1,0.3,1.2,0.4,348,24,0.1,1.1,0.2,313,1,225,29.46,,0,0,0,64.4,66.4,66.4,0.20,0.26,0.27
COPA,2017-08-21 08:50:00 EDT,42.13659,-73.51988,685,64.9,64.5,64.9,83.1,59.6,0.000,0.000,0.00,0.000,0.6,2.4,0.7,343,12,1.0,3.2,0.7,347,23,0.6,2.4,0.7,343,12,287,29.46,,0,0,0,64.4,66.4,66.4,0.21,0.26,0.26
COPA,2017-08-21 08:55:00 EDT,42.13659,-73.51988,685,65.2,64.9,65.2,84.6,60.4,0.000,0.000,0.00,0.000,1.1,2.6,0.6,341,34,1.4,3.8,0.7,336,35,1.1,2.6,0.6,341,34,407,29.46,,0,0,0,64.4,66.4,66.4,0.20,0.26,0.27
COPA,2017-08-21 09:00:00 EDT,42.13659,-73.51988,685,65.7,65.2,65.7,83.4,60.5,0.000,0.000,0.00,0.000,0.9,2.2,0.7,304,30,1.4,2.9,0.7,310,34,0.9,2.2,0.7,304,30,344,29.47,,0,0,0,64.4,66.4,66.4,0.20,0.26,0.26
COPA,2017-08-21 09:05:00 EDT,42.13659,-73.51988,685,65.9,65.4,65.9,82.1,60.3,0.000,0.000,0.00,0.000,0.8,2.4,0.6,222,22,1.1,3.0,0.7,225,23,0.8,2.4,0.6,222,22,272,29.47,,0,0,0,64.4,66.4,66.4,0.21,0.26,0.27
COPA,2017-08-21 09:10:00 EDT,42.13659,-73.51988,685,66.2,65.8,66.2,83.4,61.0,0.000,0.000,0.00,0.000,0.3,1.4,0.4,178,12,0.3,1.9,0.5,169,18,0.3,1.4,0.4,178,12,212,29.47,,0,0,0,64.6,66.4,66.4,0.20,0.26,0.26
COPA,2017-08-21 09:15:00 EDT,42.13659,-73.51988,685,66.6,66.4,66.6,84.0,61.6,0.000,0.000,0.00,0.000,1.6,3.3,0.7,126,18,1.8,3.6,0.7,125,17,1.6,3.3,0.7,126,18,173,29.46,,0,0,0,64.8,66.4,66.4,0.20,0.26,0.26
COPA,2017-08-21 09:20:00 EDT,42.13659,-73.51988,685,67.3,67.0,67.3,85.6,62.8,0.000,0.000,0.00,0.000,0.5,1.5,0.4,337,58,1.1,2.0,0.5,338,62,0.5,1.5,0.4,337,58,321,29.46,,0,0,0,64.8,66.4,66.4,0.20,0.26,0.27
COPA,2017-08-21 09:25:00 EDT,42.13659,-73.51988,685,67.9,67.6,67.9,81.6,62.1,0.000,0.000,0.00,0.000,1.3,2.7,0.5,237,26,1.7,3.4,0.6,239,27,1.3,2.7,0.5,237,26,433,29.46,,0,0,0,64.8,66.4,66.4,0.20,0.26,0.27
COPA,2017-08-21 09:30:00 EDT,42.13659,-73.51988,685,68.8,68.2,68.8,79.8,62.3,0.000,0.000,0.00,0.000,2.9,4.5,0.7,227,20,3.2,5.5,1.0,225,19,2.9,4.5,0.7,227,20,527,29.45,,0,0,0,64.8,66.4,66.4,0.20,0.26,0.26
COPA,2017-08-21 09:35:00 EDT,42.13659,-73.51988,685,68.9,68.3,68.9,79.8,62.4,0.000,0.000,0.00,0.000,2.6,4.2,0.8,253,22,3.0,5.3,0.9,253,20,2.6,4.2,0.8,253,22,389,29.45,,0,0,0,64.8,66.4,66.4,0.20,0.26,0.26
COPA,2017-08-21 09:40:00 EDT,42.13659,-73.51988,685,69.4,68.7,69.4,80.2,63.0,0.000,0.000,0.00,0.000,2.0,3.2,0.5,254,27,2.3,4.0,0.6,257,25,2.0,3.2,0.5,254,27,417,29.45,,0,0,0,64.8,66.4,66.4,0.20,0.26,0.26
COPA,2017-08-21 09:45:00 EDT,42.13659,-73.51988,685,69.8,69.0,69.8,79.2,63.1,0.000,0.000,0.00,0.000,2.4,3.7,0.7,276,11,2.8,4.5,0.7,276,11,2.4,3.7,0.7,276,11,511,29.46,,0,0,0,64.8,66.4,66.4,0.20,0.26,0.27
COPA,2017-08-21 09:50:00 EDT,42.13659,-73.51988,685,70.0,69.3,70.0,78.7,63.0,0.000,0.000,0.00,0.000,1.9,4.2,1.2,272,31,2.4,5.2,1.3,276,38,1.9,4.2,1.2,272,31,463,29.46,,0,0,0,65.0,66.4,66.4,0.20,0.26,0.26
COPA,2017-08-21 09:55:00 EDT,42.13659,-73.51988,685,70.1,69.5,70.1,78.7,63.2,0.000,0.000,0.00,0.000,1.4,3.1,0.6,269,50,1.8,3.8,0.6,259,50,1.4,3.1,0.6,269,50,473,29.46,,0,0,0,65.1,66.4,66.4,0.20,0.26,0.26
COPA,2017-08-21 10:00:00 EDT,42.13659,-73.51988,685,71.1,70.3,71.1,78.1,64.0,0.000,0.000,0.00,0.000,1.7,4.3,1.1,230,36,2.4,5.2,1.3,230,37,1.7,4.3,1.1,230,36,536,29.46,,0,0,0,65.1,66.4,66.4,0.20,0.26,0.26
COPA,2017-08-21 10:05:00 EDT,42.13659,-73.51988,685,70.9,70.3,70.9,76.9,63.3,0.000,0.000,0.00,0.000,2.3,4.4,0.9,273,15,2.6,5.4,1.1,272,16,2.3,4.4,0.9,273,15,495,29.46,,0,0,0,65.1,66.4,66.4,0.20,0.26,0.26
COPA,2017-08-21 10:10:00 EDT,42.13659,-73.51988,685,71.3,70.8,71.3,76.5,63.5,0.000,0.000,0.00,0.000,1.1,2.3,0.5,270,30,1.6,3.5,0.7,276,27,1.1,2.3,0.5,270,30,553,29.46,,0,0,0,65.1,66.4,66.4,0.20,0.26,0.26
COPA,2017-08-21 10:15:00 EDT,42.13659,-73.51988,685,72.2,71.8,72.2,75.6,64.1,0.000,0.000,0.00,0.000,2.0,4.9,1.5,206,27,2.7,5.4,1.5,208,34,2.0,4.9,1.5,206,27,579,29.46,,0,0,0,65.1,66.4,66.4,0.20,0.26,0.26
COPA,2017-08-21 10:20:00 EDT,42.13659,-73.51988,685,73.7,72.6,73.7,75.9,65.6,0.000,0.000,0.00,0.000,2.8,5.7,0.9,208,31,3.4,6.8,1.1,210,30,2.8,5.7,0.9,208,31,583,29.46,,0,0,0,65.1,66.4,66.4,0.20,0.26,0.26
COPA,2017-08-21 10:25:00 EDT,42.13659,-73.51988,685,74.1,73.0,74.1,73.1,65.0,0.000,0.000,0.00,0.000,3.5,5.6,0.9,206,22,3.8,6.1,1.1,206,22,3.5,5.6,0.9,206,22,607,29.46,,0,0,0,65.2,66.4,66.4,0.20,0.26,0.27
COPA,2017-08-21 10:30:00 EDT,42.13659,-73.51988,685,74.2,73.1,74.2,72.3,64.7,0.000,0.000,0.00,0.000,5.3,7.2,1.1,224,10,5.6,8.0,1.2,222,9,5.3,7.2,1.1,224,10,618,29.46,,0,0,0,65.4,66.4,66.4,0.20,0.26,0.26
COPA,2017-08-21 10:35:00 EDT,42.13659,-73.51988,685,74.4,73.4,74.4,73.8,65.4,0.000,0.000,0.00,0.000,4.3,6.1,0.9,193,22,4.7,7.4,1.0,192,22,4.3,6.1,0.9,193,22,547,29.46,,0,0,0,65.5,66.4,66.4,0.20,0.26,0.26
COPA,2017-08-21 10:40:00 EDT,42.13659,-73.51988,685,74.5,73.6,74.5,72.6,65.1,0.000,0.000,0.00,0.000,4.2,6.9,1.5,189,21,4.7,7.9,1.7,188,19,4.2,6.9,1.5,189,21,617,29.46,,0,0,0,65.5,66.4,66.4,0.20,0.26,0.26
COPA,2017-08-21 10:45:00 EDT,42.13659,-73.51988,685,75.5,74.4,75.5,72.0,65.8,0.000,0.000,0.00,0.000,5.0,8.2,1.1,192,15,5.6,9.2,1.2,191,13,5.0,8.2,1.1,192,15,641,29.46,,0,0,0,65.7,66.4,66.4,0.20,0.26,0.26
COPA,2017-08-21 10:50:00 EDT,42.13659,-73.51988,685,76.1,74.9,76.1,72.2,66.5,0.000,0.000,0.00,0.000,5.5,8.8,1.4,192,15,6.1,10.0,1.5,191,14,5.5,8.8,1.4,192,15,633,29.46,,0,0,0,65.8,66.4,66.4,0.20,0.26,0.26
COPA,2017-08-21 10:55:00 EDT,42.13659,-73.51988,685,75.9,74.6,75.9,71.4,65.9,0.000,0.000,0.00,0.000,5.8,8.8,1.5,190,15,6.3,9.6,1.6,189,14,5.8,8.8,1.5,190,15,651,29.46,,0,0,0,65.8,66.4,66.4,0.20,0.26,0.26
COPA,2017-08-21 11:00:00 EDT,42.13659,-73.51988,685,75.9,74.7,75.9,69.9,65.4,0.000,0.000,0.00,0.000,5.6,8.7,1.1,194,21,6.1,9.6,1.2,194,20,5.6,8.7,1.1,194,21,591,29.46,,0,0,0,65.8,66.4,66.4,0.20,0.26,0.26
COPA,2017-08-21 11:05:00 EDT,42.13659,-73.51988,685,76.1,74.7,76.1,69.2,65.3,0.000,0.000,0.00,0.000,6.4,10.4,1.4,207,10,6.7,11.4,1.5,205,10,6.4,10.4,1.4,207,10,660,29.46,,0,0,0,65.8,66.4,66.4,0.20,0.26,0.26
COPA,2017-08-21 11:10:00 EDT,42.13659,-73.51988,685,75.7,74.8,75.7,69.8,65.2,0.000,0.000,0.00,0.000,5.3,7.7,1.1,207,16,5.8,9.1,1.3,205,16,5.3,7.7,1.1,207,16,537,29.46,,0,0,0,65.8,66.4,66.4,0.20,0.26,0.26
COPA,2017-08-21 11:15:00 EDT,42.13659,-73.51988,685,76.2,75.1,76.2,69.9,65.7,0.000,0.000,0.00,0.000,6.3,9.5,1.6,212,12,6.8,9.9,1.6,209,12,6.3,9.5,1.6,212,12,479,29.46,,0,0,0,65.9,66.4,66.4,0.20,0.26,0.26
COPA,2017-08-21 11:20:00 EDT,42.13659,-73.51988,685,76.3,75.3,76.3,69.3,65.5,0.000,0.000,0.00,0.000,6.2,9.6,1.2,212,13,6.5,10.2,1.3,208,11,6.2,9.6,1.2,212,13,619,29.46,,0,0,0,66.0,66.4,66.4,0.20,0.26,0.26
COPA,2017-08-21 11:25:00 EDT,42.13659,-73.51988,685,76.7,75.8,76.7,69.4,66.0,0.000,0.000,0.00,0.000,5.7,8.9,1.4,197,14,6.4,11.1,1.5,195,13,5.7,8.9,1.4,197,14,583,29.45,,0,0,0,66.0,66.4,66.4,0.20,0.26,0.26
COPA,2017-08-21 11:30:00 EDT,42.13659,-73.51988,685,77.2,76.1,77.2,68.5,66.1,0.000,0.000,0.00,0.000,5.8,7.8,1.0,191,15,6.4,8.7,1.1,189,13,5.8,7.8,1.0,191,15,634,29.45,,0,0,0,66.0,66.4,66.4,0.20,0.26,0.26
COPA,2017-08-21 11:35:00 EDT,42.13659,-73.51988,685,77.6,76.4,77.6,66.9,65.7,0.000,0.000,0.00,0.000,5.7,9.1,1.4,210,20,6.1,9.4,1.4,210,20,5.7,9.1,1.4,210,20,716,29.45,,0,0,0,66.0,66.4,66.4,0.20,0.26,0.26
COPA,2017-08-21 11:40:00 EDT,42.13659,-73.51988,685,77.9,76.6,77.9,65.2,65.3,0.000,0.000,0.00,0.000,7.4,10.5,1.3,217,9,7.8,12.1,1.5,215,8,7.4,10.5,1.3,217,9,681,29.45,,0,0,0,66.3,66.4,66.4,0.20,0.26,0.26
COPA,2017-08-21 11:45:00 EDT,42.13659,-73.51988,685,78.2,76.9,78.2,65.3,65.6,0.000,0.000,0.00,0.000,7.1,10.0,1.7,207,13,7.6,10.8,1.8,205,12,7.1,10.0,1.7,207,13,709,29.45,,0,0,0,66.4,66.4,66.4,0.20,0.26,0.26
COPA,2017-08-21 11:50:00 EDT,42.13659,-73.51988,685,78.7,77.1,78.7,63.7,65.3,0.000,0.000,0.00,0.000,7.8,10.4,1.2,219,10,8.1,11.6,1.4,217,9,7.8,10.4,1.2,219,10,739,29.44,,0,0,0,66.4,66.4,66.4,0.20,0.26,0.26
COPA,2017-08-21 11:55:00 EDT,42.13659,-73.51988,685,78.6,77.4,78.6,64.0,65.4,0.000,0.000,0.00,0.000,7.0,11.2,1.8,211,17,7.4,11.3,1.8,208,16,7.0,11.2,1.8,211,17,705,29.44,,0,0,0,66.4,66.4,66.4,0.20,0.26,0.26
COPA,2017-08-21 12:00:00 EDT,42.13659,-73.51988,685,79.1,77.9,79.1,64.0,65.9,0.000,0.000,0.00,0.000,5.2,7.9,1.2,208,17,5.8,9.4,1.3,207,15,5.2,7.9,1.2,208,17,766,29.44,,0,0,0,66.4,66.4,66.4,0.20,0.26,0.26
COPA,2017-08-21 12:05:00 EDT,42.13659,-73.51988,685,79.3,78.2,79.3,62.3,65.3,0.000,0.000,0.00,0.000,6.5,9.1,1.1,215,14,6.9,10.9,1.4,214,13,6.5,9.1,1.1,215,14,656,29.44,,0,0,0,66.4,66.4,66.4,0.20,0.26,0.26
COPA,2017-08-21 12:10:00 EDT,42.13659,-73.51988,685,79.3,78.3,79.3,62.0,65.1,0.000,0.000,0.00,0.000,6.5,8.3,0.9,219,18,6.8,9.8,1.0,219,17,6.5,8.3,0.9,219,18,646,29.44,,0,0,0,66.7,66.4,66.4,0.20,0.26,0.26
COPA,2017-08-21 12:15:00 EDT,42.13659,-73.51988,685,79.2,78.2,79.2,60.7,64.5,0.000,0.000,0.00,0.000,6.5,9.8,1.3,213,12,6.9,11.4,1.4,212,13,6.5,9.8,1.3,213,12,724,29.43,,0,0,0,66.7,66.4,66.4,0.20,0.26,0.26
COPA,2017-08-21 12:20:00 EDT,42.13659,-73.51988,685,79.9,78.7,79.9,61.0,65.3,0.000,0.000,0.00,0.000,6.0,8.5,0.9,217,12,6.4,9.4,1.1,215,11,6.0,8.5,0.9,217,12,752,29.43,,0,0,0,66.7,66.4,66.4,0.20,0.26,0.26
COPA,2017-08-21 12:25:00 EDT,42.13659,-73.51988,685,79.6,78.7,79.6,62.0,65.5,0.000,0.000,0.00,0.000,4.6,7.4,1.2,216,15,4.9,8.3,1.3,216,16,4.6,7.4,1.2,216,15,721,29.43,,0,0,0,66.7,66.4,66.4,0.20,0.26,0.26
COPA,2017-08-21 12:30:00 EDT,42.13659,-73.51988,685,80.8,79.4,82.7,59.8,65.5,0.000,0.000,0.00,0.000,7.1,10.7,1.4,200,18,7.6,10.8,1.4,198,16,7.1,10.7,1.4,200,18,800,29.43,,0,0,0,67.0,66.4,66.3,0.20,0.26,0.27
COPA,2017-08-21 12:35:00 EDT,42.13659,-73.51988,685,80.5,79.2,82.0,56.8,63.8,0.000,0.000,0.00,0.000,8.1,9.9,0.9,211,10,8.4,11.5,1.0,210,10,8.1,9.9,0.9,211,10,813,29.43,,0,0,0,67.1,66.4,66.4,0.20,0.26,0.26
COPA,2017-08-21 12:40:00 EDT,42.13659,-73.51988,685,80.2,79.0,81.8,58.0,64.1,0.000,0.000,0.00,0.000,6.7,9.1,1.2,212,14,7.1,9.8,1.3,210,13,6.7,9.1,1.2,212,14,810,29.42,,0,0,0,67.1,66.4,66.3,0.20,0.26,0.26
COPA,2017-08-21 12:45:00 EDT,42.13659,-73.51988,685,80.8,79.6,82.3,55.5,63.4,0.000,0.000,0.00,0.000,8.7,12.2,1.4,204,12,9.3,12.4,1.2,202,11,8.7,12.2,1.4,204,12,820,29.42,,0,0,0,67.1,66.4,66.3,0.20,0.26,0.26
COPA,2017-08-21 12:50:00 EDT,42.13659,-73.51988,685,81.1,79.8,82.6,55.2,63.6,0.000,0.000,0.00,0.000,8.1,10.4,1.1,208,12,8.6,11.3,1.1,206,10,8.1,10.4,1.1,208,12,795,29.42,,0,0,0,67.1,66.4,66.3,0.20,0.26,0.27
COPA,2017-08-21 12:55:00 EDT,42.13659,-73.51988,685,81.2,79.9,82.6,54.6,63.3,0.000,0.000,0.00,0.000,7.3,10.2,1.3,212,16,7.9,10.6,1.4,210,16,7.3,10.2,1.3,212,16,785,29.42,,0,0,0,67.4,66.4,66.3,0.20,0.26,0.27
COPA,2017-08-21 13:00:00 EDT,42.13659,-73.51988,685,81.3,80.1,82.8,55.5,63.9,0.000,0.000,0.00,0.000,6.0,9.9,1.6,216,17,6.6,11.2,1.5,215,17,6.0,9.9,1.6,216,17,708,29.42,,0,0,0,67.5,66.4,66.3,0.20,0.26,0.27
COPA,2017-08-21 13:05:00 EDT,42.13659,-73.51988,685,81.8,80.4,83.3,55.0,64.1,0.000,0.000,0.00,0.000,7.2,12.9,1.7,198,16,7.9,13.7,1.7,197,15,7.2,12.9,1.7,198,16,837,29.42,,0,0,0,67.5,66.4,66.1,0.20,0.26,0.27
COPA,2017-08-21 13:10:00 EDT,42.13659,-73.51988,685,81.3,80.2,82.8,55.6,64.0,0.000,0.000,0.00,0.000,5.6,8.8,1.2,191,15,6.2,9.7,1.5,190,13,5.6,8.8,1.2,191,15,666,29.42,,0,0,0,67.5,66.4,66.2,0.20,0.26,0.27
COPA,2017-08-21 13:15:00 EDT,42.13659,-73.51988,685,81.8,80.4,83.4,55.4,64.3,0.000,0.000,0.00,0.000,4.9,8.8,1.2,196,20,5.5,9.2,1.4,195,19,4.9,8.8,1.2,196,20,814,29.42,,0,0,0,67.8,66.4,66.2,0.20,0.26,0.27
COPA,2017-08-21 13:20:00 EDT,42.13659,-73.51988,685,81.8,80.3,83.2,54.0,63.6,0.000,0.000,0.00,0.000,9.4,14.9,1.9,214,14,9.7,14.8,1.9,211,13,9.4,14.9,1.9,214,14,821,29.42,,0,0,0,67.8,66.4,66.1,0.20,0.26,0.27
COPA,2017-08-21 13:25:00 EDT,42.13659,-73.51988,685,81.8,80.5,83.1,53.9,63.4,0.000,0.000,0.00,0.000,6.2,10.1,1.7,214,12,6.6,10.8,1.8,213,12,6.2,10.1,1.7,214,12,815,29.42,,0,0,0,67.8,66.4,66.2,0.20,0.26,0.27
COPA,2017-08-21 13:30:00 EDT,42.13659,-73.51988,685,81.9,80.4,83.1,53.3,63.2,0.000,0.000,0.00,0.000,6.9,11.2,1.7,212,18,7.4,11.2,1.8,210,18,6.9,11.2,1.7,212,18,802,29.42,,0,0,0,67.8,66.4,66.1,0.20,0.26,0.27
COPA,2017-08-21 13:35:00 EDT,42.13659,-73.51988,685,82.1,80.8,83.6,54.6,64.1,0.000,0.000,0.00,0.000,7.0,11.3,1.4,192,12,7.5,12.5,1.5,191,11,7.0,11.3,1.4,192,12,869,29.41,,0,0,0,67.9,66.4,66.1,0.20,0.26,0.27
COPA,2017-08-21 13:40:00 EDT,42.13659,-73.51988,685,82.5,81.0,84.0,53.7,64.0,0.000,0.000,0.00,0.000,7.5,12.4,2.3,207,26,7.9,13.7,2.4,204,24,7.5,12.4,2.3,207,26,789,29.41,,0,0,0,68.1,66.4,66.0,0.20,0.26,0.27
COPA,2017-08-21 13:45:00 EDT,42.13659,-73.51988,685,81.5,80.5,83.1,55.8,64.2,0.000,0.000,0.00,0.000,7.5,12.3,1.8,201,22,8.0,13.1,1.9,200,21,7.5,12.3,1.8,201,22,472,29.41,,0,0,0,68.2,66.4,66.0,0.20,0.26,0.27
COPA,2017-08-21 13:50:00 EDT,42.13659,-73.51988,685,81.4,80.7,83.1,56.4,64.5,0.000,0.000,0.00,0.000,6.1,9.3,1.7,198,15,6.8,10.7,1.8,197,14,6.1,9.3,1.7,198,15,529,29.41,,0,0,0,68.2,66.4,66.0,0.20,0.26,0.27
COPA,2017-08-21 13:55:00 EDT,42.13659,-73.51988,685,81.5,80.8,83.1,55.9,64.2,0.000,0.000,0.00,0.000,6.5,9.8,1.1,211,12,6.9,10.5,1.2,210,10,6.5,9.8,1.1,211,12,447,29.41,,0,0,0,68.3,66.5,66.1,0.20,0.26,0.27
COPA,2017-08-21 14:00:00 EDT,42.13659,-73.51988,685,81.7,81.0,83.2,55.2,64.1,0.000,0.000,0.00,0.000,6.9,10.3,1.8,218,15,7.3,11.2,1.8,216,15,6.9,10.3,1.8,218,15,501,29.41,,0,0,0,68.5,66.6,66.0,0.20,0.26,0.27
COPA,2017-08-21 14:05:00 EDT,42.13659,-73.51988,685,81.2,80.6,82.6,54.5,63.3,0.000,0.000,0.00,0.000,7.0,9.2,1.1,208,10,7.4,9.9,1.2,206,9,7.0,9.2,1.1,208,10,548,29.41,,0,0,0,68.5,66.6,66.0,0.20,0.26,0.27
COPA,2017-08-21 14:10:00 EDT,42.13659,-73.51988,685,81.1,80.5,82.6,56.0,63.9,0.000,0.000,0.00,0.000,6.5,10.4,1.3,193,15,7.1,10.6,1.3,192,12,6.5,10.4,1.3,193,15,397,29.41,,0,0,0,68.5,66.7,66.0,0.20,0.26,0.27
COPA,2017-08-21 14:15:00 EDT,42.13659,-73.51988,685,80.6,80.2,82.1,56.6,63.7,0.000,0.000,0.00,0.000,9.4,14.1,2.1,205,10,10.1,15.5,2.1,203,9,9.4,14.1,2.1,205,10,446,29.40,,0,0,0,68.5,66.7,66.0,0.20,0.26,0.27
COPA,2017-08-21 14:20:00 EDT,42.13659,-73.51988,685,80.5,80.0,82.3,59.3,65.0,0.000,0.000,0.00,0.000,6.8,9.8,1.4,189,14,7.4,11.4,1.6,190,13,6.8,9.8,1.4,189,14,384,29.40,,0,0,0,68.5,66.7,66.0,0.20,0.26,0.27
COPA,2017-08-21 14:25:00 EDT,42.13659,-73.51988,685,80.1,79.7,81.8,59.2,64.5,0.000,0.000,0.00,0.000,6.2,9.9,1.4,186,14,6.9,11.1,1.5,186,12,6.2,9.9,1.4,186,14,334,29.40,,0,0,0,68.5,66.7,66.0,0.20,0.26,0.27
COPA,2017-08-21 14:30:00 EDT,42.13659,-73.51988,685,79.8,79.5,79.8,59.1,64.2,0.000,0.000,0.00,0.000,6.8,11.2,2.0,183,15,7.6,12.3,2.0,182,14,6.8,11.2,2.0,183,15,289,29.40,,0,0,0,68.7,66.7,66.0,0.20,0.26,0.27
COPA,2017-08-21 14:35:00 EDT,42.13659,-73.51988,685,79.2,79.2,79.2,60.2,64.2,0.000,0.000,0.00,0.000,7.8,11.8,2.3,178,13,8.8,15.7,2.7,177,11,7.8,11.8,2.3,178,13,259,29.40,,0,0,0,68.9,66.7,66.0,0.20,0.26,0.27
COPA,2017-08-21 14:40:00 EDT,42.13659,-73.51988,685,78.9,78.9,78.9,60.8,64.2,0.000,0.000,0.00,0.000,7.9,11.0,1.3,186,13,8.4,12.2,1.6,186,11,7.9,11.0,1.3,186,13,235,29.40,,0,0,0,68.9,66.7,66.0,0.20,0.26,0.27
COPA,2017-08-21 14:45:00 EDT,42.13659,-73.51988,685,78.6,78.6,78.6,62.4,64.7,0.000,0.000,0.00,0.000,6.5,9.9,1.4,192,13,7.0,10.9,1.5,191,10,6.5,9.9,1.4,192,13,224,29.39,,0,0,0,68.9,66.7,66.0,0.20,0.26,0.27
COPA,2017-08-21 14:50:00 EDT,42.13659,-73.51988,685,78.5,78.5,78.5,62.5,64.6,0.000,0.000,0.00,0.000,7.1,11.3,1.7,195,14,7.6,13.2,1.9,194,11,7.1,11.3,1.7,195,14,234,29.39,,0,0,0,68.9,66.7,66.0,0.20,0.26,0.26
COPA,2017-08-21 14:55:00 EDT,42.13659,-73.51988,685,78.6,78.5,78.6,61.8,64.4,0.000,0.000,0.00,0.000,8.0,11.0,1.0,202,9,8.6,11.5,1.1,201,7,8.0,11.0,1.0,202,9,273,29.39,,0,0,0,68.9,66.7,66.0,0.20,0.26,0.27
COPA,2017-08-21 15:00:00 EDT,42.13659,-73.51988,685,78.7,78.6,78.7,62.4,64.8,0.000,0.000,0.00,0.000,8.1,11.3,1.5,199,9,8.7,13.1,1.6,198,8,8.1,11.3,1.5,199,9,242,29.39,,0,0,0,68.9,66.7,66.0,0.20,0.26,0.27
COPA,2017-08-21 15:05:00 EDT,42.13659,-73.51988,685,78.7,78.6,78.7,63.2,65.1,0.000,0.000,0.00,0.000,6.1,10.2,1.5,191,16,6.9,10.9,1.7,191,13,6.1,10.2,1.5,191,16,278,29.39,,0,0,0,68.9,66.7,66.0,0.20,0.26,0.27
COPA,2017-08-21 15:10:00 EDT,42.13659,-73.51988,685,79.0,78.7,79.0,63.4,65.5,0.000,0.000,0.00,0.000,5.1,8.5,1.4,191,14,5.8,9.9,1.5,191,11,5.1,8.5,1.4,191,14,364,29.39,,0,0,0,68.9,66.7,66.0,0.20,0.26,0.27
COPA,2017-08-21 15:15:00 EDT,42.13659,-73.51988,685,79.7,79.1,79.7,62.5,65.8,0.000,0.000,0.00,0.000,5.8,8.8,1.2,196,12,6.3,9.2,1.3,195,10,5.8,8.8,1.2,196,12,440,29.39,,0,0,0,68.9,66.7,66.0,0.20,0.26,0.27
COPA,2017-08-21 15:20:00 EDT,42.13659,-73.51988,685,80.2,79.5,82.3,62.0,66.0,0.000,0.000,0.00,0.000,5.9,8.5,1.0,203,10,6.3,9.0,1.2,201,9,5.9,8.5,1.0,203,10,438,29.39,,0,0,0,68.9,66.7,66.0,0.20,0.26,0.27
COPA,2017-08-21 15:25:00 EDT,42.13659,-73.51988,685,79.8,79.3,79.8,62.1,65.7,0.000,0.000,0.00,0.000,7.5,10.7,1.1,203,9,8.1,11.1,1.2,201,9,7.5,10.7,1.1,203,9,427,29.39,,0,0,0,68.9,66.7,66.0,0.20,0.26,0.27
COPA,2017-08-21 15:30:00 EDT,42.13659,-73.51988,685,80.4,79.7,82.8,63.3,66.8,0.000,0.000,0.00,0.000,7.6,12.9,2.0,194,13,8.3,13.6,2.2,193,11,7.6,12.9,2.0,194,13,525,29.39,,0,0,0,68.9,66.7,66.0,0.20,0.26,0.27
COPA,2017-08-21 15:35:00 EDT,42.13659,-73.51988,685,80.7,79.8,82.9,61.4,66.2,0.000,0.000,0.00,0.000,8.6,13.7,2.3,188,17,9.3,15.2,2.5,187,14,8.6,13.7,2.3,188,17,512,29.39,,0,0,0,69.2,66.8,66.0,0.20,0.26,0.27
COPA,2017-08-21 15:40:00 EDT,42.13659,-73.51988,685,80.6,79.8,82.6,60.4,65.6,0.000,0.000,0.00,0.000,8.7,13.2,1.8,203,14,9.2,14.2,2.0,200,13,8.7,13.2,1.8,203,14,524,29.39,,0,0,0,69.2,66.8,66.0,0.20,0.26,0.27
COPA,2017-08-21 15:45:00 EDT,42.13659,-73.51988,685,80.7,80.0,82.7,60.3,65.7,0.000,0.000,0.00,0.000,8.3,14.4,1.8,192,12,9.0,15.1,2.0,192,9,8.3,14.4,1.8,192,12,543,29.39,,0,0,0,69.3,67.1,66.0,0.20,0.26,0.27
COPA,2017-08-21 15:50:00 EDT,42.13659,-73.51988,685,80.7,79.8,82.5,58.8,64.9,0.000,0.000,0.00,0.000,11.4,14.8,1.9,193,13,12.2,16.5,2.1,192,11,11.4,14.8,1.9,193,13,560,29.39,,0,0,0,69.3,67.0,66.0,0.20,0.26,0.26
COPA,2017-08-21 15:55:00 EDT,42.13659,-73.51988,685,80.9,80.0,82.7,58.0,64.8,0.000,0.000,0.00,0.000,11.9,17.4,2.4,200,14,12.7,18.7,2.5,198,12,11.9,17.4,2.4,200,14,566,29.39,,0,0,0,69.3,67.1,66.0,0.20,0.26,0.27
COPA,2017-08-21 16:00:00 EDT,42.13659,-73.51988,685,80.8,79.9,82.3,56.8,64.0,0.000,0.000,0.00,0.000,11.3,16.7,2.5,205,10,11.7,17.0,2.5,202,8,11.3,16.7,2.5,205,10,565,29.39,,0,0,0,69.3,67.1,66.0,0.20,0.26,0.27
COPA,2017-08-21 16:05:00 EDT,42.13659,-73.51988,685,81.1,80.2,82.9,57.8,64.8,0.000,0.000,0.00,0.000,10.0,13.2,1.7,213,9,10.5,14.1,1.7,211,8,10.0,13.2,1.7,213,9,556,29.39,,0,0,0,69.3,67.1,66.0,0.20,0.26,0.27
COPA,2017-08-21 16:10:00 EDT,42.13659,-73.51988,685,81.5,80.5,83.5,57.9,65.3,0.000,0.000,0.00,0.000,9.4,15.3,2.2,199,12,10.1,15.4,2.3,195,11,9.4,15.3,2.2,199,12,550,29.39,,0,0,0,69.3,67.1,66.0,0.20,0.26,0.26
COPA,2017-08-21 16:15:00 EDT,42.13659,-73.51988,685,81.5,80.4,83.1,56.4,64.5,0.000,0.000,0.00,0.000,9.5,13.7,1.8,186,14,10.4,15.4,2.0,186,12,9.5,13.7,1.8,186,14,544,29.38,,0,0,0,69.3,67.1,66.0,0.20,0.26,0.27
COPA,2017-08-21 16:20:00 EDT,42.13659,-73.51988,685,81.2,80.4,82.7,56.0,64.0,0.000,0.000,0.00,0.000,9.8,13.7,2.1,187,14,10.6,16.5,2.2,188,10,9.8,13.7,2.1,187,14,546,29.38,,0,0,0,69.3,67.1,66.0,0.20,0.26,0.27
COPA,2017-08-21 16:25:00 EDT,42.13659,-73.51988,685,81.2,80.4,82.6,55.1,63.5,0.000,0.000,0.00,0.000,10.1,14.8,1.9,189,13,11.2,16.6,2.3,188,11,10.1,14.8,1.9,189,13,555,29.38,,0,0,0,69.3,67.1,66.0,0.20,0.26,0.26
COPA,2017-08-21 16:30:00 EDT,42.13659,-73.51988,685,81.5,80.5,83.1,56.3,64.4,0.000,0.000,0.00,0.000,10.3,15.6,2.2,185,13,11.3,17.1,2.4,186,11,10.3,15.6,2.2,185,13,573,29.38,,0,0,0,69.3,67.1,66.0,0.20,0.26,0.26
COPA,2017-08-21 16:35:00 EDT,42.13659,-73.51988,685,81.5,80.7,83.1,56.3,64.5,0.000,0.000,0.00,0.000,9.8,13.7,1.7,200,8,10.4,14.9,1.8,199,8,9.8,13.7,1.7,200,8,517,29.38,,0,0,0,69.3,67.1,66.0,0.20,0.26,0.26
COPA,2017-08-21 16:40:00 EDT,42.13659,-73.51988,685,81.5,80.6,83.3,57.4,65.0,0.000,0.000,0.00,0.000,8.5,13.9,2.1,197,10,9.2,14.8,2.3,195,9,8.5,13.9,2.1,197,10,482,29.38,,0,0,0,69.3,67.1,66.0,0.20,0.26,0.26
COPA,2017-08-21 16:45:00 EDT,42.13659,-73.51988,685,81.7,80.8,83.7,58.1,65.5,0.000,0.000,0.00,0.000,7.8,11.4,1.5,183,14,8.6,11.7,1.7,182,13,7.8,11.4,1.5,183,14,458,29.38,,0,0,0,69.3,67.1,66.0,0.20,0.26,0.26
COPA,2017-08-21 16:50:00 EDT,42.13659,-73.51988,685,81.5,80.6,83.4,58.1,65.3,0.000,0.000,0.00,0.000,8.5,14.1,2.3,206,10,8.9,15.7,2.3,203,9,8.5,14.1,2.3,206,10,447,29.38,,0,0,0,69.5,67.1,66.0,0.20,0.26,0.26
COPA,2017-08-21 16:55:00 EDT,42.13659,-73.51988,685,81.8,80.9,83.8,58.2,65.6,0.000,0.000,0.00,0.000,7.3,11.5,1.7,216,11,7.6,11.7,1.7,214,10,7.3,11.5,1.7,216,11,428,29.38,,0,0,0,69.5,67.1,66.0,0.20,0.26,0.26
COPA,2017-08-21 17:00:00 EDT,42.13659,-73.51988,685,81.5,80.8,83.4,58.1,65.3,0.000,0.000,0.00,0.000,8.9,15.8,2.3,202,14,9.4,16.8,2.3,201,12,8.9,15.8,2.3,202,14,420,29.37,,0,0,0,69.6,67.1,66.0,0.20,0.26,0.26
COPA,2017-08-21 17:05:00 EDT,42.13659,-73.51988,685,81.4,80.8,83.3,57.9,65.2,0.000,0.000,0.00,0.000,8.8,12.8,1.8,194,13,9.4,14.5,2.1,193,12,8.8,12.8,1.8,194,13,407,29.37,,0,0,0,69.6,67.1,66.0,0.19,0.26,0.26
COPA,2017-08-21 17:10:00 EDT,42.13659,-73.51988,685,81.6,81.0,83.7,58.8,65.8,0.000,0.000,0.00,0.000,9.1,16.4,2.4,200,14,9.7,17.8,2.7,199,12,9.1,16.4,2.4,200,14,380,29.37,,0,0,0,69.6,67.1,66.0,0.20,0.26,0.26
COPA,2017-08-21 17:15:00 EDT,42.13659,-73.51988,685,81.5,80.9,83.6,59.4,65.9,0.000,0.000,0.00,0.000,8.7,14.8,2.1,209,10,9.2,15.3,2.1,207,9,8.7,14.8,2.1,209,10,366,29.37,,0,0,0,69.6,67.1,66.0,0.19,0.26,0.26
COPA,2017-08-21 17:20:00 EDT,42.13659,-73.51988,685,81.4,80.8,83.5,59.3,65.8,0.000,0.000,0.00,0.000,8.5,11.1,1.4,203,10,8.9,12.0,1.4,202,9,8.5,11.1,1.4,203,10,344,29.37,,0,0,0,69.6,67.1,66.0,0.19,0.26,0.26
COPA,2017-08-21 17:25:00 EDT,42.13659,-73.51988,685,81.3,80.8,83.4,59.8,66.0,0.000,0.000,0.00,0.000,8.3,11.3,1.5,207,12,8.9,12.7,1.5,205,11,8.3,11.3,1.5,207,12,327,29.37,,0,0,0,69.6,67.1,66.0,0.19,0.26,0.27
COPA,2017-08-21 17:30:00 EDT,42.13659,-73.51988,685,81.3,80.8,83.6,60.7,66.4,0.000,0.000,0.00,0.000,7.2,10.3,1.2,202,12,7.9,11.6,1.3,202,9,7.2,10.3,1.2,202,12,313,29.37,,0,0,0,69.6,67.1,66.0,0.19,0.26,0.26
COPA,2017-08-21 17:35:00 EDT,42.13659,-73.51988,685,81.1,80.8,83.3,60.3,66.1,0.000,0.000,0.00,0.000,9.3,12.3,1.3,203,11,9.8,12.6,1.4,201,8,9.3,12.3,1.3,203,11,298,29.37,,0,0,0,69.6,67.3,66.0,0.19,0.26,0.26
COPA,2017-08-21 17:40:00 EDT,42.13659,-73.51988,685,80.9,80.6,83.0,60.4,66.0,0.000,0.000,0.00,0.000,9.3,15.1,1.9,190,15,10.1,16.2,2.1,188,13,9.3,15.1,1.9,190,15,279,29.37,,0,0,0,69.6,67.3,66.0,0.19,0.26,0.26
COPA,2017-08-21 17:45:00 EDT,42.13659,-73.51988,685,80.9,80.6,83.1,61.1,66.3,0.000,0.000,0.00,0.000,7.0,11.4,1.8,190,12,7.6,13.6,2.0,190,10,7.0,11.4,1.8,190,12,264,29.37,,0,0,0,69.6,67.4,66.0,0.20,0.26,0.26
COPA,2017-08-21 17:50:00 EDT,42.13659,-73.51988,685,80.8,80.5,83.0,61.1,66.1,0.000,0.000,0.00,0.000,9.0,13.6,2.1,196,12,9.7,14.9,2.2,195,10,9.0,13.6,2.1,196,12,256,29.36,,0,0,0,69.6,67.4,66.0,0.20,0.26,0.26
COPA,2017-08-21 17:55:00 EDT,42.13659,-73.51988,685,80.6,80.4,82.8,61.8,66.3,0.000,0.000,0.00,0.000,8.0,12.1,1.7,196,11,8.8,16.5,2.0,194,9,8.0,12.1,1.7,196,11,246,29.37,,0,0,0,69.6,67.5,66.0,0.19,0.26,0.26
COPA,2017-08-21 18:00:00 EDT,42.13659,-73.51988,685,80.5,80.3,82.7,62.6,66.5,0.000,0.000,0.00,0.000,8.5,12.0,1.3,205,9,9.1,11.9,1.4,203,8,8.5,12.0,1.3,205,9,225,29.37,,0,0,0,69.6,67.5,66.0,0.19,0.26,0.26
COPA,2017-08-21 18:05:00 EDT,42.13659,-73.51988,685,80.3,80.2,82.5,63.1,66.6,0.000,0.000,0.00,0.000,8.7,14.2,2.0,198,11,9.5,15.1,2.0,197,9,8.7,14.2,2.0,198,11,207,29.36,,0,0,0,69.6,67.5,66.0,0.20,0.26,0.26
COPA,2017-08-21 18:10:00 EDT,42.13659,-73.51988,685,80.1,80.0,82.3,63.4,66.5,0.000,0.000,0.00,0.000,8.2,13.3,2.1,199,11,8.9,13.8,2.0,198,10,8.2,13.3,2.1,199,11,196,29.36,,0,0,0,69.6,67.5,66.0,0.19,0.26,0.26
COPA,2017-08-21 18:15:00 EDT,42.13659,-73.51988,685,80.0,80.0,80.0,63.9,66.7,0.000,0.000,0.00,0.000,8.1,12.3,1.9,194,11,8.8,14.1,2.1,194,9,8.1,12.3,1.9,194,11,185,29.36,,0,0,0,69.6,67.5,66.0,0.20,0.26,0.26
COPA,2017-08-21 18:20:00 EDT,42.13659,-73.51988,685,79.8,79.9,79.8,64.3,66.7,0.000,0.000,0.00,0.000,7.8,12.3,1.8,194,12,8.5,13.8,1.8,193,10,7.8,12.3,1.8,194,12,173,29.36,,0,0,0,69.6,67.5,66.0,0.20,0.26,0.26
COPA,2017-08-21 18:25:00 EDT,42.13659,-73.51988,685,79.5,79.6,79.5,65.2,66.8,0.000,0.000,0.00,0.000,7.4,11.5,1.7,198,12,8.0,12.0,1.7,197,9,7.4,11.5,1.7,198,12,158,29.36,,0,0,0,69.6,67.5,66.0,0.20,0.26,0.27
COPA,2017-08-21 18:30:00 EDT,42.13659,-73.51988,685,79.3,79.4,79.3,65.1,66.6,0.000,0.000,0.00,0.000,8.2,11.3,1.5,199,11,8.9,13.7,1.6,197,9,8.2,11.3,1.5,199,11,143,29.36,,0,0,0,69.6,67.5,66.0,0.20,0.26,0.26
COPA,2017-08-21 18:35:00 EDT,42.13659,-73.51988,685,78.8,79.1,78.8,66.3,66.7,0.000,0.000,0.00,0.000,7.2,10.4,1.3,197,12,7.9,11.6,1.5,196,9,7.2,10.4,1.3,197,12,130,29.36,,0,0,0,69.6,67.5,66.0,0.20,0.26,0.26
COPA,2017-08-21 18:40:00 EDT,42.13659,-73.51988,685,79.0,79.1,79.0,65.5,66.4,0.000,0.000,0.00,0.000,7.7,12.1,2.0,193,12,8.3,13.6,2.1,192,10,7.7,12.1,2.0,193,12,120,29.35,,0,0,0,69.6,67.5,66.0,0.19,0.26,0.26
COPA,2017-08-21 18:45:00 EDT,42.13659,-73.51988,685,78.9,79.1,78.9,66.2,66.7,0.000,0.000,0.00,0.000,6.3,9.2,1.2,185,14,7.2,10.8,1.5,184,14,6.3,9.2,1.2,185,14,107,29.35,,0,0,0,69.6,67.5,66.0,0.19,0.26,0.26
COPA,2017-08-21 18:50:00 EDT,42.13659,-73.51988,685,78.8,79.0,78.8,66.2,66.5,0.000,0.000,0.00,0.000,6.7,10.2,1.7,185,11,7.2,12.7,1.9,185,10,6.7,10.2,1.7,185,11,90,29.35,,0,0,0,69.6,67.5,66.0,0.19,0.26,0.26
COPA,2017-08-21 18:55:00 EDT,42.13659,-73.51988,685,78.5,78.8,78.5,67.0,66.6,0.000,0.000,0.00,0.000,5.4,9.8,1.2,187,14,6.0,11.1,1.4,187,12,5.4,9.8,1.2,187,14,79,29.35,,0,0,0,69.6,67.5,66.0,0.19,0.26,0.26
COPA,2017-08-21 19:00:00 EDT,42.13659,-73.51988,685,78.0,78.5,78.0,68.2,66.7,0.000,0.000,0.00,0.000,6.2,9.6,1.6,194,11,6.9,11.2,1.7,193,8,6.2,9.6,1.6,194,11,70,29.35,,0,0,0,69.6,67.5,66.0,0.19,0.26,0.26
COPA,2017-08-21 19:05:00 EDT,42.13659,-73.51988,685,77.4,78.3,77.4,69.6,66.7,0.000,0.000,0.00,0.000,5.3,7.7,1.0,199,9,5.9,9.9,1.2,197,7,5.3,7.7,1.0,199,9,58,29.35,,0,0,0,69.6,67.5,66.0,0.19,0.26,0.26
COPA,2017-08-21 19:10:00 EDT,42.13659,-73.51988,685,77.2,77.9,77.2,70.5,66.8,0.000,0.000,0.00,0.000,5.4,8.0,0.9,198,8,5.9,8.1,0.9,196,6,5.4,8.0,0.9,198,8,48,29.35,,0,0,0,69.6,67.5,66.0,0.19,0.26,0.26
COPA,2017-08-21 19:15:00 EDT,42.13659,-73.51988,685,76.4,77.4,76.4,72.6,66.9,0.000,0.000,0.00,0.000,4.3,6.0,0.8,198,11,4.9,7.0,1.0,197,8,4.3,6.0,0.8,198,11,38,29.36,,0,0,0,69.6,67.5,66.0,0.19,0.26,0.26
COPA,2017-08-21 19:20:00 EDT,42.13659,-73.51988,685,76.8,77.6,76.8,72.4,67.3,0.000,0.000,0.00,0.000,4.1,7.3,1.1,181,12,4.5,9.0,1.3,181,9,4.1,7.3,1.1,181,12,26,29.35,,0,0,0,69.6,67.5,66.0,0.19,0.26,0.26
COPA,2017-08-21 19:25:00 EDT,42.13659,-73.51988,685,76.6,77.5,76.6,72.6,67.1,0.000,0.000,0.00,0.000,4.2,6.3,0.8,180,12,4.6,7.9,1.0,178,10,4.2,6.3,0.8,180,12,14,29.35,,0,0,0,69.6,67.5,66.0,0.19,0.26,0.26
COPA,2017-08-21 19:30:00 EDT,42.13659,-73.51988,685,76.4,77.3,76.4,73.2,67.1,0.000,0.000,0.00,0.000,4.6,6.6,1.0,182,10,4.9,7.8,1.1,181,10,4.6,6.6,1.0,182,10,9,29.35,,0,0,0,69.6,67.6,66.0,0.19,0.26,0.26
COPA,2017-08-21 19:35:00 EDT,42.13659,-73.51988,685,76.3,77.1,76.3,73.3,67.1,0.000,0.000,0.00,0.000,4.6,7.1,1.0,181,9,5.1,7.1,1.0,181,8,4.6,7.1,1.0,181,9,7,29.35,,0,0,0,69.6,67.6,66.0,0.20,0.26,0.26
COPA,2017-08-21 19:40:00 EDT,42.13659,-73.51988,685,75.8,76.9,75.8,73.7,66.8,0.000,0.000,0.00,0.000,4.3,6.1,0.9,182,11,4.7,8.4,1.1,182,11,4.3,6.1,0.9,182,11,5,29.35,,0,0,0,69.6,67.8,66.0,0.19,0.26,0.27
COPA,2017-08-21 19:45:00 EDT,42.13659,-73.51988,685,75.7,76.8,75.7,73.7,66.8,0.000,0.000,0.00,0.000,4.3,7.2,0.8,184,11,4.8,7.5,0.9,183,10,4.3,7.2,0.8,184,11,3,29.35,,0,0,0,69.6,67.8,66.0,0.20,0.26,0.26
COPA,2017-08-21 19:50:00 EDT,42.13659,-73.51988,685,75.4,76.6,75.4,74.3,66.7,0.000,0.000,0.00,0.000,4.3,7.1,0.9,188,12,4.6,7.7,1.1,186,11,4.3,7.1,0.9,188,12,2,29.36,,0,0,0,69.6,67.8,66.0,0.20,0.26,0.26
COPA,2017-08-21 19:55:00 EDT,42.13659,-73.51988,685,75.0,76.2,75.0,74.8,66.5,0.000,0.000,0.00,0.000,4.1,6.1,0.8,189,13,4.7,8.8,1.0,190,11,4.1,6.1,0.8,189,13,1,29.36,,0,0,0,69.6,67.8,66.0,0.20,0.26,0.26
COPA,2017-08-21 20:00:00 EDT,42.13659,-73.51988,685,74.2,75.8,74.2,75.9,66.1,0.000,0.000,0.00,0.000,5.0,6.6,0.9,196,9,5.5,7.9,1.0,196,6,5.0,6.6,0.9,196,9,0,29.36,,0,0,0,69.6,67.8,66.0,0.20,0.26,0.26
COPA,2017-08-21 20:05:00 EDT,42.13659,-73.51988,685,73.5,75.3,73.5,78.3,66.4,0.000,0.000,0.00,0.000,4.4,6.0,0.8,193,10,4.9,6.7,0.8,192,9,4.4,6.0,0.8,193,10,0,29.36,,0,0,0,69.6,67.8,66.0,0.20,0.26,0.27
COPA,2017-08-21 20:10:00 EDT,42.13659,-73.51988,685,73.9,75.6,73.9,78.1,66.7,0.000,0.000,0.00,0.000,4.0,6.1,0.7,191,12,4.4,6.2,0.9,190,12,4.0,6.1,0.7,191,12,0,29.36,,0,0,0,69.6,67.8,66.0,0.20,0.26,0.26
COPA,2017-08-21 20:15:00 EDT,42.13659,-73.51988,685,73.6,75.4,73.6,78.0,66.4,0.000,0.000,0.00,0.000,3.9,5.6,0.8,196,11,4.3,6.2,0.9,194,10,3.9,5.6,0.8,196,11,0,29.36,,0,0,0,69.6,67.8,66.0,0.20,0.26,0.26
COPA,2017-08-21 20:20:00 EDT,42.13659,-73.51988,685,73.2,74.9,73.2,79.0,66.3,0.000,0.000,0.00,0.000,3.3,4.4,0.4,206,14,3.6,5.1,0.6,205,12,3.3,4.4,0.4,206,14,0,29.36,,0,0,0,69.6,67.8,66.0,0.20,0.26,0.27
COPA,2017-08-21 20:25:00 EDT,42.13659,-73.51988,685,72.7,74.1,72.7,80.1,66.2,0.000,0.000,0.00,0.000,2.2,3.3,0.5,231,11,2.5,4.2,0.6,228,11,2.2,3.3,0.5,231,11,0,29.36,,0,0,0,69.6,67.8,66.0,0.20,0.26,0.27
COPA,2017-08-21 20:30:00 EDT,42.13659,-73.51988,685,72.5,74.1,72.5,81.2,66.4,0.000,0.000,0.00,0.000,2.0,3.7,0.6,228,12,2.0,3.8,0.6,228,11,2.0,3.7,0.6,228,12,0,29.36,,0,0,0,69.5,67.8,66.0,0.19,0.26,0.26
COPA,2017-08-21 20:35:00 EDT,42.13659,-73.51988,685,72.9,74.2,72.9,81.4,66.9,0.000,0.000,0.00,0.000,2.0,3.2,0.5,215,7,2.1,3.3,0.4,215,8,2.0,3.2,0.5,215,7,0,29.36,,0,0,0,69.4,67.8,66.0,0.19,0.26,0.26
COPA,2017-08-21 20:40:00 EDT,42.13659,-73.51988,685,72.6,74.0,72.6,81.5,66.7,0.000,0.000,0.00,0.000,1.8,2.6,0.4,220,12,1.9,3.4,0.5,219,12,1.8,2.6,0.4,220,12,0,29.36,,0,0,0,69.3,67.8,66.0,0.19,0.26,0.27
COPA,2017-08-21 20:45:00 EDT,42.13659,-73.51988,685,72.6,73.8,72.6,81.9,66.7,0.000,0.000,0.00,0.000,0.7,1.8,0.4,259,16,1.1,2.3,0.5,260,20,0.7,1.8,0.4,259,16,0,29.36,,0,0,0,69.3,67.8,66.0,0.19,0.26,0.26
COPA,2017-08-21 20:50:00 EDT,42.13659,-73.51988,685,72.0,73.8,72.0,83.4,66.6,0.000,0.000,0.00,0.000,0.0,0.0,0.0,0,0,0.4,1.4,0.5,3,11,0.0,0.0,0.0,0,0,0,29.36,,0,0,0,69.3,67.8,66.0,0.19,0.26,0.26
COPA,2017-08-21 20:55:00 EDT,42.13659,-73.51988,685,71.4,73.8,71.4,84.8,66.6,0.000,0.000,0.00,0.000,0.2,0.9,0.3,322,11,0.4,1.4,0.5,324,18,0.2,0.9,0.3,322,11,0,29.36,,0,0,0,69.3,67.8,66.0,0.19,0.26,0.26
COPA,2017-08-21 21:00:00 EDT,42.13659,-73.51988,685,71.7,73.5,71.7,85.5,67.1,0.000,0.000,0.00,0.000,0.3,1.1,0.4,280,9,0.9,1.5,0.4,280,14,0.3,1.1,0.4,280,9,0,29.36,,0,0,0,69.3,67.8,66.0,0.19,0.26,0.26
COPA,2017-08-21 21:05:00 EDT,42.13659,-73.51988,685,72.3,73.2,72.3,85.2,67.6,0.000,0.000,0.00,0.000,0.4,1.5,0.5,260,10,0.6,1.9,0.6,261,11,0.4,1.5,0.5,260,10,0,29.36,,0,0,0,69.3,67.8,66.0,0.19,0.26,0.26
COPA,2017-08-21 21:10:00 EDT,42.13659,-73.51988,685,71.9,72.7,71.9,85.1,67.2,0.000,0.000,0.00,0.000,1.2,1.8,0.2,272,11,1.6,2.3,0.2,269,12,1.2,1.8,0.2,272,11,0,29.36,,0,0,0,69.3,67.8,66.0,0.19,0.26,0.26
COPA,2017-08-21 21:15:00 EDT,42.13659,-73.51988,685,71.2,72.4,71.2,85.7,66.7,0.000,0.000,0.00,0.000,1.1,2.8,0.6,272,14,1.6,3.3,0.7,270,15,1.1,2.8,0.6,272,14,0,29.36,,0,0,0,69.3,67.8,66.0,0.19,0.26,0.26
COPA,2017-08-21 21:20:00 EDT,42.13659,-73.51988,685,71.3,72.4,71.3,86.3,67.0,0.000,0.000,0.00,0.000,0.7,2.9,0.9,248,19,1.3,4.2,0.9,235,30,0.7,2.9,0.9,248,19,0,29.36,,0,0,0,69.3,67.8,66.0,0.19,0.26,0.27
COPA,2017-08-21 21:25:00 EDT,42.13659,-73.51988,685,71.4,72.2,71.4,86.5,67.1,0.000,0.000,0.00,0.000,0.7,2.1,0.5,188,26,1.0,2.2,0.6,192,25,0.7,2.1,0.5,188,26,0,29.36,,0,0,0,69.3,67.8,66.0,0.19,0.26,0.26
COPA,2017-08-21 21:30:00 EDT,42.13659,-73.51988,685,71.5,72.2,71.5,86.1,67.1,0.000,0.000,0.00,0.000,0.8,2.1,0.5,248,15,1.2,2.5,0.5,252,17,0.8,2.1,0.5,248,15,0,29.36,,0,0,0,69.2,67.8,66.0,0.19,0.26,0.26
COPA,2017-08-21 21:35:00 EDT,42.13659,-73.51988,685,71.5,72.2,71.5,86.4,67.2,0.000,0.000,0.00,0.000,0.5,1.8,0.5,240,20,0.9,2.4,0.7,243,22,0.5,1.8,0.5,240,20,0,29.36,,0,0,0,69.0,67.8,66.0,0.19,0.26,0.26
COPA,2017-08-21 21:40:00 EDT,42.13659,-73.51988,685,71.8,72.2,71.8,86.2,67.4,0.000,0.000,0.00,0.000,0.5,1.5,0.5,255,17,0.8,2.0,0.7,252,22,0.5,1.5,0.5,255,17,0,29.36,,0,0,0,68.9,67.8,66.0,0.19,0.26,0.27
COPA,2017-08-21 21:45:00 EDT,42.13659,-73.51988,685,71.4,72.1,71.4,86.3,67.1,0.000,0.000,0.00,0.000,0.6,1.6,0.5,267,15,1.0,1.9,0.5,263,16,0.6,1.6,0.5,267,15,0,29.36,,0,0,0,68.9,67.8,66.0,0.19,0.26,0.26
COPA,2017-08-21 21:50:00 EDT,42.13659,-73.51988,685,70.9,71.8,70.9,86.8,66.8,0.000,0.000,0.00,0.000,1.0,1.8,0.4,251,13,1.3,2.3,0.5,251,16,1.0,1.8,0.4,251,13,0,29.36,,0,0,0,68.9,67.8,66.0,0.19,0.26,0.27
COPA,2017-08-21 21:55:00 EDT,42.13659,-73.51988,685,70.7,71.5,70.7,87.7,66.8,0.000,0.000,0.00,0.000,2.1,3.4,0.5,218,14,2.3,3.8,0.7,217,13,2.1,3.4,0.5,218,14,0,29.36,,0,0,0,68.9,67.8,66.0,0.19,0.26,0.26
COPA,2017-08-21 22:00:00 EDT,42.13659,-73.51988,685,70.3,71.2,70.3,88.1,66.6,0.000,0.000,0.00,0.000,2.3,3.7,0.5,204,14,2.4,3.7,0.6,204,14,2.3,3.7,0.5,204,14,0,29.36,,0,0,0,68.9,67.8,66.0,0.19,0.26,0.26
COPA,2017-08-21 22:05:00 EDT,42.13659,-73.51988,685,70.2,71.2,70.2,89.3,66.9,0.000,0.000,0.00,0.000,1.9,2.6,0.4,218,12,2.0,2.7,0.3,219,10,1.9,2.6,0.4,218,12,0,29.36,,0,0,0,68.9,67.8,66.0,0.19,0.26,0.26
COPA,2017-08-21 22:10:00 EDT,42.13659,-73.51988,685,70.2,71.3,70.2,89.1,66.9,0.000,0.000,0.00,0.000,2.1,3.5,0.5,228,12,2.3,4.0,0.5,226,10,2.1,3.5,0.5,228,12,0,29.36,,0,0,0,68.9,67.8,66.0,0.19,0.26,0.27
COPA,2017-08-21 22:15:00 EDT,42.13659,-73.51988,685,70.0,71.5,70.0,89.2,66.7,0.000,0.000,0.00,0.000,3.0,4.2,0.5,234,8,3.1,4.7,0.6,231,8,3.0,4.2,0.5,234,8,0,29.36,,0,0,0,68.9,67.8,66.0,0.19,0.26,0.26
COPA,2017-08-21 22:20:00 EDT,42.13659,-73.51988,685,70.1,71.8,70.1,89.4,66.8,0.000,0.000,0.00,0.000,3.1,3.9,0.4,219,8,3.3,4.5,0.6,219,7,3.1,3.9,0.4,219,8,0,29.36,,0,0,0,68.9,67.8,66.0,0.19,0.26,0.26
COPA,2017-08-21 22:25:00 EDT,42.13659,-73.51988,685,70.3,71.8,70.3,88.5,66.7,0.000,0.000,0.00,0.000,3.5,4.7,0.4,219,6,3.6,5.5,0.7,218,6,3.5,4.7,0.4,219,6,0,29.36,,0,0,0,68.7,67.8,66.0,0.19,0.26,0.26
COPA,2017-08-21 22:30:00 EDT,42.13659,-73.51988,685,70.1,72.0,70.1,88.6,66.6,0.000,0.000,0.00,0.000,4.0,5.5,0.5,217,6,4.3,6.1,0.6,217,6,4.0,5.5,0.5,217,6,0,29.36,,0,0,0,68.6,67.8,66.0,0.19,0.26,0.26
COPA,2017-08-21 22:35:00 EDT,42.13659,-73.51988,685,70.5,72.4,70.5,88.3,66.9,0.000,0.000,0.00,0.000,4.0,5.3,0.5,210,9,4.3,5.8,0.6,209,9,4.0,5.3,0.5,210,9,0,29.36,,0,0,0,68.5,67.8,66.0,0.19,0.26,0.26
COPA,2017-08-21 22:40:00 EDT,42.13659,-73.51988,685,70.2,72.4,70.2,87.4,66.3,0.000,0.000,0.00,0.000,3.7,4.7,0.5,217,8,4.1,5.2,0.7,215,8,3.7,4.7,0.5,217,8,0,29.36,,0,0,0,68.5,67.8,66.0,0.19,0.26,0.26
COPA,2017-08-21 22:45:00 EDT,42.13659,-73.51988,685,70.6,72.5,70.6,87.8,66.8,0.000,0.000,0.00,0.000,3.6,4.4,0.4,213,5,3.8,4.8,0.6,212,5,3.6,4.4,0.4,213,5,0,29.36,,0,0,0,68.5,67.8,66.0,0.19,0.26,0.27
COPA,2017-08-21 22:50:00 EDT,42.13659,-73.51988,685,70.9,72.7,70.9,86.9,66.8,0.000,0.000,0.00,0.000,4.0,5.4,0.5,210,8,4.2,6.0,0.6,209,9,4.0,5.4,0.5,210,8,0,29.36,,0,0,0,68.5,67.8,66.0,0.19,0.26,0.27
COPA,2017-08-21 22:55:00 EDT,42.13659,-73.51988,685,70.9,72.6,70.9,87.0,66.8,0.000,0.000,0.00,0.000,4.6,7.0,0.8,199,12,5.0,8.0,1.2,198,11,4.6,7.0,0.8,199,12,0,29.36,,0,0,0,68.5,67.8,66.0,0.19,0.26,0.26
COPA,2017-08-21 23:00:00 EDT,42.13659,-73.51988,685,71.6,73.3,71.6,86.5,67.4,0.000,0.000,0.00,0.000,5.1,7.5,0.8,199,7,5.5,8.0,0.9,198,6,5.1,7.5,0.8,199,7,0,29.36,,0,0,0,68.5,67.8,66.0,0.19,0.26,0.26
COPA,2017-08-21 23:05:00 EDT,42.13659,-73.51988,685,71.5,73.4,71.5,86.3,67.2,0.000,0.000,0.00,0.000,4.3,6.2,0.7,197,10,4.8,6.8,0.8,196,7,4.3,6.2,0.7,197,10,0,29.36,,0,0,0,68.5,67.8,66.0,0.19,0.26,0.26
COPA,2017-08-21 23:10:00 EDT,42.13659,-73.51988,685,71.8,73.4,71.8,85.7,67.3,0.000,0.000,0.00,0.000,4.0,6.2,0.8,201,12,4.5,7.2,1.0,200,10,4.0,6.2,0.8,201,12,0,29.36,,0,0,0,68.5,67.8,66.0,0.19,0.26,0.27
COPA,2017-08-21 23:15:00 EDT,42.13659,-73.51988,685,71.3,73.1,71.3,86.4,67.0,0.000,0.000,0.00,0.000,4.9,6.2,0.6,205,9,5.3,6.8,0.7,203,9,4.9,6.2,0.6,205,9,0,29.36,,0,0,0,68.5,67.8,66.0,0.19,0.26,0.26
COPA,2017-08-21 23:20:00 EDT,42.13659,-73.51988,685,71.2,73.4,71.2,87.2,67.2,0.000,0.000,0.00,0.000,5.2,6.9,0.9,200,11,5.7,8.1,1.0,198,8,5.2,6.9,0.9,200,11,0,29.36,,0,0,0,68.5,67.8,66.0,0.19,0.26,0.26
COPA,2017-08-21 23:25:00 EDT,42.13659,-73.51988,685,71.6,73.3,71.6,86.8,67.4,0.000,0.000,0.00,0.000,5.1,6.7,0.7,204,9,5.6,7.3,0.8,202,8,5.1,6.7,0.7,204,9,0,29.36,,0,0,0,68.5,67.8,66.0,0.19,0.26,0.26
COPA,2017-08-21 23:30:00 EDT,42.13659,-73.51988,685,71.4,73.4,71.4,87.1,67.4,0.000,0.000,0.00,0.000,6.3,8.7,1.0,200,8,6.8,9.7,1.1,199,7,6.3,8.7,1.0,200,8,0,29.36,,0,0,0,68.5,67.8,66.0,0.19,0.26,0.26
COPA,2017-08-21 23:35:00 EDT,42.13659,-73.51988,685,72.2,73.8,72.2,87.1,68.2,0.000,0.000,0.00,0.000,6.8,11.8,1.6,189,15,7.4,12.4,1.7,188,13,6.8,11.8,1.6,189,15,0,29.36,,0,0,0,68.5,67.8,66.0,0.19,0.26,0.26
COPA,2017-08-21 23:40:00 EDT,42.13659,-73.51988,685,73.7,74.5,73.7,84.3,68.7,0.000,0.000,0.00,0.000,6.8,10.8,1.7,188,14,7.5,12.6,2.0,187,11,6.8,10.8,1.7,188,14,0,29.35,,0,0,0,68.5,67.8,66.0,0.19,0.26,0.26
COPA,2017-08-21 23:45:00 EDT,42.13659,-73.51988,685,73.9,74.7,73.9,83.3,68.5,0.000,0.000,0.00,0.000,6.8,10.2,1.4,185,14,7.4,11.4,1.5,186,11,6.8,10.2,1.4,185,14,0,29.35,,0,0,0,68.5,67.8,66.0,0.19,0.26,0.26
COPA,2017-08-21 23:50:00 EDT,42.13659,-73.51988,685,73.7,74.5,73.7,83.1,68.3,0.000,0.000,0.00,0.000,6.8,13.9,1.9,192,13,7.4,13.2,2.2,192,10,6.8,13.9,1.9,192,13,0,29.35,,0,0,0,68.5,67.8,66.0,0.19,0.26,0.27
COPA,2017-08-21 23:55:00 EDT,42.13659,-73.51988,685,73.5,74.4,73.5,83.5,68.2,0.000,0.000,0.00,0.000,6.2,10.0,1.3,190,14,6.8,10.6,1.5,188,12,6.2,10.0,1.3,190,14,0,29.35,,0,0,0,68.5,67.8,66.0,0.19,0.26,0.26
COPE,2017-08-21 00:00:00 EDT,43.92056,-75.60786,817,65.5,66.5,65.5,81.5,59.7,0.000,0.003,0.00,0.000,4.9,7.4,0.9,263,10,5.2,8.2,0.9,258,8,4.9,7.4,0.9,263,10,1,29.24,,0,0,,69.6,68.5,,0.42,0.13,
COPE,2017-08-21 00:05:00 EDT,43.92056,-75.60786,817,65.3,66.3,65.3,81.8,59.6,0.000,0.000,0.00,0.000,5.5,7.9,0.9,258,11,5.9,9.0,1.1,252,10,5.5,7.9,0.9,258,11,1,29.24,,0,0,,69.6,68.5,,0.42,0.13,
COPE,2017-08-21 00:10:00 EDT,43.92056,-75.60786,817,65.2,66.3,65.2,81.8,59.5,0.000,0.000,0.00,0.000,5.0,8.0,1.1,261,10,5.3,8.4,1.2,254,9,5.0,8.0,1.1,261,10,1,29.25,,0,0,,69.6,68.5,,0.42,0.13,
COPE,2017-08-21 00:15:00 EDT,43.92056,-75.60786,817,64.8,66.3,64.8,82.7,59.4,0.000,0.000,0.00,0.000,4.1,5.6,0.6,268,11,4.4,6.5,0.8,262,10,4.1,5.6,0.6,268,11,1,29.25,,0,0,,69.6,68.5,,0.42,0.13,
COPE,2017-08-21 00:20:00 EDT,43.92056,-75.60786,817,65.4,66.6,65.4,82.2,59.8,0.000,0.000,0.00,0.000,4.7,6.7,0.8,275,12,5.1,7.2,0.9,268,10,4.7,6.7,0.8,275,12,1,29.25,,0,0,,69.6,68.5,,0.42,0.13,
COPE,2017-08-21 00:25:00 EDT,43.92056,-75.60786,817,65.1,66.3,65.1,81.8,59.4,0.000,0.000,0.00,0.000,3.9,5.0,0.5,282,10,4.2,6.2,0.6,274,8,3.9,5.0,0.5,282,10,1,29.25,,0,0,,69.6,68.5,,0.42,0.13,
COPE,2017-08-21 00:30:00 EDT,43.92056,-75.60786,817,65.2,66.5,65.2,82.2,59.6,0.000,0.000,0.00,0.000,4.4,6.0,0.5,282,8,4.7,6.4,0.7,275,8,4.4,6.0,0.5,282,8,1,29.25,,0,0,,69.6,68.5,,0.42,0.13,
COPE,2017-08-21 00:35:00 EDT,43.92056,-75.60786,817,65.4,66.7,65.4,81.7,59.7,0.000,0.000,0.00,0.000,5.2,7.4,0.9,275,10,5.6,8.5,1.0,267,9,5.2,7.4,0.9,275,10,1,29.25,,0,0,,69.6,68.5,,0.43,0.13,
COPE,2017-08-21 00:40:00 EDT,43.92056,-75.60786,817,65.6,66.6,65.6,81.5,59.7,0.000,0.000,0.00,0.000,4.5,6.3,0.7,278,10,4.7,6.8,0.7,270,8,4.5,6.3,0.7,278,10,1,29.25,,0,0,,69.5,68.5,,0.42,0.13,
COPE,2017-08-21 00:45:00 EDT,43.92056,-75.60786,817,65.4,66.5,65.4,81.7,59.7,0.000,0.000,0.00,0.000,3.9,5.4,0.6,279,9,4.2,6.0,0.6,271,9,3.9,5.4,0.6,279,9,1,29.25,,0,0,,69.3,68.5,,0.42,0.14,
COPE,2017-08-21 00:50:00 EDT,43.92056,-75.60786,817,65.6,66.6,65.6,81.8,59.9,0.000,0.000,0.00,0.000,4.4,6.9,0.8,276,9,4.7,7.5,1.0,267,8,4.4,6.9,0.8,276,9,1,29.25,,0,0,,69.3,68.5,,0.42,0.13,
COPE,2017-08-21 00:55:00 EDT,43.92056,-75.60786,817,65.8,66.7,65.8,81.2,59.8,0.000,0.000,0.00,0.000,5.0,6.9,0.9,267,8,5.3,7.4,1.0,262,7,5.0,6.9,0.9,267,8,1,29.25,,0,0,,69.3,68.5,,0.42,0.13,
COPE,2017-08-21 01:00:00 EDT,43.92056,-75.60786,817,65.6,66.6,65.6,81.2,59.7,0.000,0.000,0.00,0.000,3.9,6.1,0.7,266,12,4.1,6.2,0.8,260,10,3.9,6.1,0.7,266,12,1,29.25,,0,0,,69.3,68.5,,0.42,0.13,
COPE,2017-08-21 01:05:00 EDT,43.92056,-75.60786,817,64.6,66.4,64.6,82.4,59.1,0.000,0.000,0.00,0.000,2.3,3.4,0.5,267,12,2.5,4.0,0.6,259,12,2.3,3.4,0.5,267,12,1,29.25,,0,0,,69.3,68.5,,0.42,0.13,
COPE,2017-08-21 01:10:00 EDT,43.92056,-75.60786,817,63.3,65.6,63.3,85.2,58.8,0.000,0.000,0.00,0.000,1.1,2.5,0.7,304,15,1.3,2.9,0.6,300,25,1.1,2.5,0.7,304,15,1,29.25,,0,0,,69.3,68.5,,0.42,0.13,
COPE,2017-08-21 01:15:00 EDT,43.92056,-75.60786,817,62.0,64.8,62.0,88.4,58.6,0.000,0.000,0.00,0.000,1.0,2.6,0.6,313,20,1.4,3.3,0.6,311,28,1.0,2.6,0.6,313,20,1,29.25,,0,0,,69.3,68.5,,0.42,0.13,
COPE,2017-08-21 01:20:00 EDT,43.92056,-75.60786,817,61.9,64.7,61.9,90.5,59.1,0.000,0.000,0.00,0.000,1.4,4.1,1.0,281,19,1.7,4.5,1.1,275,25,1.4,4.1,1.0,281,19,1,29.25,,0,0,,69.3,68.5,,0.42,0.13,
COPE,2017-08-21 01:25:00 EDT,43.92056,-75.60786,817,64.1,66.1,64.1,89.6,61.0,0.000,0.000,0.00,0.000,5.2,7.3,1.0,274,9,5.6,8.3,1.2,266,8,5.2,7.3,1.0,274,9,1,29.25,,0,0,,69.3,68.5,,0.42,0.13,
COPE,2017-08-21 01:30:00 EDT,43.92056,-75.60786,817,65.6,66.5,65.6,83.9,60.6,0.000,0.000,0.00,0.000,4.7,6.8,0.8,267,10,5.1,6.9,0.9,260,8,4.7,6.8,0.8,267,10,1,29.25,,0,0,,69.3,68.5,,0.42,0.13,
COPE,2017-08-21 01:35:00 EDT,43.92056,-75.60786,817,65.9,66.7,65.9,82.3,60.4,0.000,0.000,0.00,0.000,5.1,7.2,0.7,270,9,5.4,7.9,0.8,263,7,5.1,7.2,0.7,270,9,1,29.25,,0,0,,69.3,68.5,,0.42,0.13,
COPE,2017-08-21 01:40:00 EDT,43.92056,-75.60786,817,65.7,66.8,65.7,82.6,60.2,0.000,0.000,0.00,0.000,4.2,5.7,0.6,273,11,4.6,6.7,0.8,266,10,4.2,5.7,0.6,273,11,1,29.25,,0,0,,69.3,68.5,,0.42,0.13,
COPE,2017-08-21 01:45:00 EDT,43.92056,-75.60786,817,65.6,67.0,65.6,82.8,60.2,0.000,0.000,0.00,0.000,4.0,6.0,0.6,279,12,4.4,6.7,0.8,271,11,4.0,6.0,0.6,279,12,1,29.25,,0,0,,69.2,68.5,,0.42,0.13,
COPE,2017-08-21 01:50:00 EDT,43.92056,-75.60786,817,65.3,67.1,65.3,83.2,60.1,0.000,0.000,0.00,0.000,4.0,6.8,0.8,277,14,4.4,7.9,0.9,271,11,4.0,6.8,0.8,277,14,1,29.25,,0,0,,69.0,68.5,,0.42,0.13,
COPE,2017-08-21 01:55:00 EDT,43.92056,-75.60786,817,65.3,67.0,65.3,82.9,60.0,0.000,0.000,0.00,0.000,3.7,5.5,0.7,280,12,4.0,6.0,0.8,273,11,3.7,5.5,0.7,280,12,1,29.25,,0,0,,68.9,68.5,,0.42,0.13,
COPE,2017-08-21 02:00:00 EDT,43.92056,-75.60786,817,65.1,66.9,65.1,82.8,59.8,0.000,0.000,0.00,0.000,4.6,6.6,0.7,280,8,4.8,7.2,0.8,273,8,4.6,6.6,0.7,280,8,1,29.25,,0,0,,68.9,68.5,,0.42,0.13,
COPE,2017-08-21 02:05:00 EDT,43.92056,-75.60786,817,65.1,66.8,65.1,83.0,59.8,0.000,0.000,0.00,0.000,4.2,5.6,0.5,280,10,4.5,6.0,0.7,272,9,4.2,5.6,0.5,280,10,1,29.25,,0,0,,68.9,68.5,,0.42,0.13,
COPE,2017-08-21 02:10:00 EDT,43.92056,-75.60786,817,64.6,66.5,64.6,83.9,59.6,0.000,0.000,0.00,0.000,4.1,5.2,0.5,277,11,4.4,6.0,0.5,269,10,4.1,5.2,0.5,277,11,1,29.25,,0,0,,68.9,68.5,,0.42,0.13,
COPE,2017-08-21 02:15:00 EDT,43.92056,-75.60786,817,65.0,66.8,65.0,83.1,59.8,0.000,0.000,0.00,0.000,4.0,6.9,0.8,265,17,4.1,8.0,0.9,260,13,4.0,6.9,0.8,265,17,1,29.25,,0,0,,68.9,68.5,,0.42,0.13,
COPE,2017-08-21 02:20:00 EDT,43.92056,-75.60786,817,64.8,66.5,64.8,82.8,59.5,0.000,0.000,0.00,0.000,3.8,5.6,0.9,282,13,4.2,7.7,1.0,274,11,3.8,5.6,0.9,282,13,1,29.25,,0,0,,68.9,68.5,,0.42,0.13,
COPE,2017-08-21 02:25:00 EDT,43.92056,-75.60786,817,65.2,66.8,65.2,83.2,59.9,0.000,0.000,0.00,0.000,3.8,8.1,1.4,259,18,4.2,8.1,1.5,253,18,3.8,8.1,1.4,259,18,1,29.25,,0,0,,68.9,68.5,,0.42,0.13,
COPE,2017-08-21 02:30:00 EDT,43.92056,-75.60786,817,66.5,67.9,66.5,79.4,60.0,0.000,0.000,0.00,0.000,4.1,8.7,1.3,258,20,4.4,10.2,1.5,252,20,4.1,8.7,1.3,258,20,1,29.25,,0,0,,68.9,68.5,,0.42,0.13,
COPE,2017-08-21 02:35:00 EDT,43.92056,-75.60786,817,65.6,67.2,65.6,80.1,59.4,0.000,0.000,0.00,0.000,4.8,7.7,1.0,270,15,5.2,9.0,1.2,263,12,4.8,7.7,1.0,270,15,1,29.25,,0,0,,68.9,68.5,,0.42,0.13,
COPE,2017-08-21 02:40:00 EDT,43.92056,-75.60786,817,65.5,66.9,65.5,80.8,59.4,0.000,0.000,0.00,0.000,4.9,6.7,0.8,261,12,5.2,7.7,1.0,255,11,4.9,6.7,0.8,261,12,1,29.25,,0,0,,68.9,68.5,,0.42,0.13,
COPE,2017-08-21 02:45:00 EDT,43.92056,-75.60786,817,66.0,67.3,66.0,79.8,59.6,0.000,0.000,0.00,0.000,5.2,9.9,1.3,253,16,5.6,10.0,1.4,245,17,5.2,9.9,1.3,253,16,1,29.25,,0,0,,68.9,68.5,,0.42,0.13,
COPE,2017-08-21 02:50:00 EDT,43.92056,-75.60786,817,66.7,67.7,66.7,77.3,59.4,0.000,0.000,0.00,0.000,5.3,8.1,1.1,254,15,5.7,9.1,1.4,246,13,5.3,8.1,1.1,254,15,1,29.25,,0,0,,68.9,68.5,,0.42,0.13,
COPE,2017-08-21 02:55:00 EDT,43.92056,-75.60786,817,66.0,67.3,66.0,77.8,58.9,0.000,0.000,0.00,0.000,5.0,8.9,1.3,254,17,5.3,9.3,1.4,246,16,5.0,8.9,1.3,254,17,1,29.25,,0,0,,68.9,68.5,,0.42,0.13,
COPE,2017-08-21 03:00:00 EDT,43.92056,-75.60786,817,65.8,67.1,65.8,78.5,58.9,0.000,0.000,0.00,0.000,5.0,8.8,1.4,259,15,5.4,9.7,1.4,253,13,5.0,8.8,1.4,259,15,1,29.25,,0,0,,68.9,68.5,,0.42,0.13,
COPE,2017-08-21 03:05:00 EDT,43.92056,-75.60786,817,65.9,67.2,65.9,78.3,58.9,0.000,0.000,0.00,0.000,5.3,8.2,1.4,248,17,5.4,8.9,1.5,242,17,5.3,8.2,1.4,248,17,1,29.25,,0,0,,68.7,68.5,,0.42,0.13,
COPE,2017-08-21 03:10:00 EDT,43.92056,-75.60786,817,66.0,67.3,66.0,77.6,58.8,0.000,0.000,0.00,0.000,5.1,8.1,1.1,259,16,5.4,8.5,1.2,253,15,5.1,8.1,1.1,259,16,1,29.25,,0,0,,68.5,68.5,,0.42,0.13,
COPE,2017-08-21 03:15:00 EDT,43.92056,-75.60786,817,65.5,66.7,65.5,79.0,58.8,0.000,0.000,0.00,0.000,5.1,7.8,0.8,270,12,5.5,9.3,1.0,262,11,5.1,7.8,0.8,270,12,1,29.25,,0,0,,68.5,68.5,,0.42,0.13,
COPE,2017-08-21 03:20:00 EDT,43.92056,-75.60786,817,64.8,66.1,64.8,80.6,58.7,0.000,0.000,0.00,0.000,5.0,6.3,0.7,278,10,5.3,7.0,0.9,269,9,5.0,6.3,0.7,278,10,1,29.25,,0,0,,68.5,68.5,,0.42,0.13,
COPE,2017-08-21 03:25:00 EDT,43.92056,-75.60786,817,64.7,66.0,64.7,82.0,59.1,0.000,0.000,0.00,0.000,5.9,8.0,1.0,277,12,6.3,8.8,1.1,268,10,5.9,8.0,1.0,277,12,1,29.26,,0,0,,68.5,68.5,,0.42,0.13,
COPE,2017-08-21 03:30:00 EDT,43.92056,-75.60786,817,64.5,65.6,64.5,82.1,59.0,0.000,0.000,0.00,0.000,5.5,7.2,0.9,272,11,5.9,8.2,1.1,265,10,5.5,7.2,0.9,272,11,1,29.26,,0,0,,68.5,68.5,,0.42,0.13,
COPE,2017-08-21 03:35:00 EDT,43.92056,-75.60786,817,64.5,65.8,64.5,82.6,59.1,0.000,0.000,0.00,0.000,5.2,6.9,0.8,274,12,5.6,8.1,1.0,266,10,5.2,6.9,0.8,274,12,1,29.26,,0,0,,68.5,68.5,,0.42,0.13,
COPE,2017-08-21 03:40:00 EDT,43.92056,-75.60786,817,64.6,65.4,64.6,82.5,59.1,0.000,0.000,0.00,0.000,6.4,8.3,0.9,273,9,6.8,10.0,1.1,266,7,6.4,8.3,0.9,273,9,1,29.26,,0,0,,68.5,68.5,,0.42,0.13,
COPE,2017-08-21 03:45:00 EDT,43.92056,-75.60786,817,64.4,65.4,64.4,82.7,59.1,0.000,0.000,0.00,0.000,6.0,8.6,1.0,268,8,6.5,9.8,1.1,262,6,6.0,8.6,1.0,268,8,1,29.26,,0,0,,68.5,68.5,,0.42,0.13,
COPE,2017-08-21 03:50:00 EDT,43.92056,-75.60786,817,64.4,65.3,64.4,83.0,59.1,0.000,0.000,0.00,0.000,6.1,8.3,0.9,268,11,6.5,9.2,1.0,260,8,6.1,8.3,0.9,268,11,1,29.26,,0,0,,68.5,68.5,,0.42,0.13,
COPE,2017-08-21 03:55:00 EDT,43.92056,-75.60786,817,64.4,65.3,64.4,83.2,59.1,0.000,0.000,0.00,0.000,5.7,8.3,1.1,264,10,6.1,8.8,1.3,258,9,5.7,8.3,1.1,264,10,1,29.26,,0,0,,68.5,68.5,,0.42,0.13,
COPE,2017-08-21 04:00:00 EDT,43.92056,-75.60786,817,64.5,65.6,64.5,83.0,59.2,0.000,0.000,0.00,0.000,5.7,8.3,1.2,261,12,6.1,9.3,1.4,254,10,5.7,8.3,1.2,261,12,1,29.26,,0,0,,68.5,68.5,,0.42,0.13,
COPE,2017-08-21 04:05:00 EDT,43.92056,-75.60786,817,64.3,65.7,64.3,83.3,59.1,0.000,0.000,0.00,0.000,4.9,8.2,0.9,261,12,5.2,8.4,1.1,254,11,4.9,8.2,0.9,261,12,1,29.26,,0,0,,68.5,68.5,,0.42,0.13,
COPE,2017-08-21 04:10:00 EDT,43.92056,-75.60786,817,64.9,66.3,64.9,82.7,59.6,0.000,0.000,0.00,0.000,4.8,7.6,1.1,254,14,4.9,7.9,1.1,248,13,4.8,7.6,1.1,254,14,1,29.26,,0,0,,68.5,68.5,,0.42,0.13,
COPE,2017-08-21 04:15:00 EDT,43.92056,-75.60786,817,64.1,65.4,64.1,83.2,58.9,0.000,0.000,0.00,0.000,4.3,6.4,0.9,275,12,4.6,7.1,1.0,268,11,4.3,6.4,0.9,275,12,1,29.26,,0,0,,68.5,68.5,,0.42,0.13,
COPE,2017-08-21 04:20:00 EDT,43.92056,-75.60786,817,64.0,65.2,64.0,84.6,59.3,0.000,0.000,0.00,0.000,4.0,6.1,0.7,268,13,4.3,6.1,0.7,262,10,4.0,6.1,0.7,268,13,1,29.26,,0,0,,68.5,68.5,,0.42,0.13,
COPE,2017-08-21 04:25:00 EDT,43.92056,-75.60786,817,63.8,65.1,63.8,85.1,59.2,0.000,0.000,0.00,0.000,3.7,6.8,0.8,273,12,4.0,7.4,1.0,267,11,3.7,6.8,0.8,273,12,1,29.26,,0,0,,68.5,68.5,,0.42,0.13,
COPE,2017-08-21 04:30:00 EDT,43.92056,-75.60786,817,63.5,65.1,63.5,85.7,59.2,0.000,0.000,0.00,0.000,2.8,6.4,0.9,272,14,3.1,7.4,0.9,266,13,2.8,6.4,0.9,272,14,1,29.26,,0,0,,68.5,68.5,,0.42,0.13,
COPE,2017-08-21 04:35:00 EDT,43.92056,-75.60786,817,62.7,64.5,62.7,86.5,58.6,0.000,0.000,0.00,0.000,1.6,4.0,1.2,285,19,1.9,4.5,1.1,279,27,1.6,4.0,1.2,285,19,1,29.26,,0,0,,68.5,68.5,,0.42,0.13,
COPE,2017-08-21 04:40:00 EDT,43.92056,-75.60786,817,60.8,64.4,60.8,89.5,57.7,0.000,0.000,0.00,0.000,0.8,1.8,0.5,335,24,1.2,2.7,0.5,326,32,0.8,1.8,0.5,335,24,1,29.26,,0,0,,68.5,68.5,,0.42,0.13,
COPE,2017-08-21 04:45:00 EDT,43.92056,-75.60786,817,60.4,62.9,60.4,91.4,57.9,0.000,0.000,0.00,0.000,1.5,3.0,0.8,34,17,1.7,3.2,0.7,27,19,1.5,3.0,0.8,34,17,1,29.26,,0,0,,68.3,68.5,,0.42,0.13,
COPE,2017-08-21 04:50:00 EDT,43.92056,-75.60786,817,59.9,61.1,59.9,92.8,57.8,0.000,0.000,0.00,0.000,1.6,2.4,0.4,56,20,1.6,3.2,0.4,49,22,1.6,2.4,0.4,56,20,1,29.26,,0,0,,68.2,68.5,,0.42,0.13,
COPE,2017-08-21 04:55:00 EDT,43.92056,-75.60786,817,59.1,60.4,59.1,94.2,57.4,0.000,0.000,0.00,0.000,2.1,2.8,0.4,62,17,2.1,3.3,0.5,55,19,2.1,2.8,0.4,62,17,1,29.26,,0,0,,68.2,68.4,,0.42,0.13,
COPE,2017-08-21 05:00:00 EDT,43.92056,-75.60786,817,58.9,60.0,58.9,95.8,57.7,0.000,0.000,0.00,0.000,1.5,2.6,0.5,65,13,1.6,2.5,0.4,59,14,1.5,2.6,0.5,65,13,1,29.26,,0,0,,68.2,68.4,,0.42,0.13,
COPE,2017-08-21 05:05:00 EDT,43.92056,-75.60786,817,58.9,59.5,58.9,96.7,58.0,0.000,0.000,0.00,0.000,1.6,2.3,0.4,51,12,1.6,2.3,0.3,43,13,1.6,2.3,0.4,51,12,1,29.26,,0,0,,68.2,68.4,,0.42,0.13,
COPE,2017-08-21 05:10:00 EDT,43.92056,-75.60786,817,58.3,59.5,58.3,96.9,57.4,0.000,0.000,0.00,0.000,1.3,2.6,0.5,65,25,1.4,3.1,0.4,56,27,1.3,2.6,0.5,65,25,1,29.26,,0,0,,68.2,68.3,,0.42,0.13,
COPE,2017-08-21 05:15:00 EDT,43.92056,-75.60786,817,58.2,59.3,58.2,97.1,57.4,0.000,0.000,0.00,0.000,0.9,1.7,0.5,63,27,1.2,2.3,0.4,48,29,0.9,1.7,0.5,63,27,1,29.26,,0,0,,68.2,68.3,,0.42,0.13,
COPE,2017-08-21 05:20:00 EDT,43.92056,-75.60786,817,58.1,59.4,58.1,97.7,57.5,0.000,0.000,0.00,0.000,0.7,1.8,0.3,81,29,1.1,2.1,0.4,76,27,0.7,1.8,0.3,81,29,1,29.26,,0,0,,68.2,68.2,,0.42,0.13,
COPE,2017-08-21 05:25:00 EDT,43.92056,-75.60786,817,58.1,59.4,58.1,98.2,57.6,0.000,0.000,0.00,0.000,0.6,2.0,0.5,66,25,0.9,2.2,0.4,62,30,0.6,2.0,0.5,66,25,1,29.26,,0,0,,68.2,68.2,,0.42,0.13,
COPE,2017-08-21 05:30:00 EDT,43.92056,-75.60786,817,58.0,59.4,58.0,98.5,57.5,0.000,0.000,0.00,0.000,0.8,1.6,0.5,78,11,1.2,1.8,0.4,73,11,0.8,1.6,0.5,78,11,1,29.26,,0,0,,68.2,68.2,,0.42,0.13,
COPE,2017-08-21 05:35:00 EDT,43.92056,-75.60786,817,57.6,59.3,57.6,98.5,57.2,0.000,0.000,0.00,0.000,1.5,2.3,0.3,80,9,1.7,2.8,0.4,72,10,1.5,2.3,0.3,80,9,1,29.26,,0,0,,68.2,68.2,,0.42,0.13,
COPE,2017-08-21 05:40:00 EDT,43.92056,-75.60786,817,57.7,59.1,57.7,98.7,57.3,0.000,0.000,0.00,0.000,1.9,2.4,0.2,102,6,2.1,2.9,0.3,96,7,1.9,2.4,0.2,102,6,1,29.26,,0,0,,68.2,68.2,,0.42,0.13,
COPE,2017-08-21 05:45:00 EDT,43.92056,-75.60786,817,57.8,59.0,57.8,99.1,57.6,0.000,0.000,0.00,0.000,1.4,2.1,0.4,109,5,1.7,2.5,0.4,102,6,1.4,2.1,0.4,109,5,1,29.27,,0,0,,67.9,68.2,,0.42,0.13,
COPE,2017-08-21 05:50:00 EDT,43.92056,-75.60786,817,57.7,59.0,57.7,99.1,57.5,0.000,0.000,0.00,0.000,0.5,1.2,0.4,102,6,1.0,1.6,0.3,86,13,0.5,1.2,0.4,102,6,1,29.27,,0,0,,67.8,68.2,,0.42,0.13,
COPE,2017-08-21 05:55:00 EDT,43.92056,-75.60786,817,57.7,58.9,57.7,99.0,57.5,0.000,0.000,0.00,0.000,0.4,1.2,0.5,116,1,0.9,1.6,0.4,109,13,0.4,1.2,0.5,116,1,1,29.27,,0,0,,67.8,68.2,,0.42,0.13,
COPE,2017-08-21 06:00:00 EDT,43.92056,-75.60786,817,58.0,58.8,58.0,99.2,57.8,0.000,0.000,0.00,0.000,0.0,0.0,0.0,0,0,0.5,1.0,0.2,87,29,0.0,0.0,0.0,0,0,1,29.27,,0,0,,67.8,68.2,,0.42,0.13,
COPE,2017-08-21 06:05:00 EDT,43.92056,-75.60786,817,57.6,58.9,57.6,99.2,57.4,0.000,0.000,0.00,0.000,0.1,1.0,0.2,112,7,0.6,1.4,0.3,84,25,0.1,1.0,0.2,112,7,2,29.27,,0,0,,67.8,68.2,,0.42,0.13,
COPE,2017-08-21 06:10:00 EDT,43.92056,-75.60786,817,57.8,58.8,57.8,99.3,57.6,0.000,0.000,0.00,0.000,0.1,1.0,0.2,114,6,0.7,1.4,0.3,119,38,0.1,1.0,0.2,114,6,4,29.27,,0,0,,67.8,68.2,,0.42,0.13,
COPE,2017-08-21 06:15:00 EDT,43.92056,-75.60786,817,57.6,58.8,57.6,99.4,57.4,0.000,0.000,0.00,0.000,0.1,0.9,0.2,104,3,0.7,1.5,0.3,92,23,0.1,0.9,0.2,104,3,3,29.27,,0,0,,67.8,68.2,,0.42,0.13,
COPE,2017-08-21 06:20:00 EDT,43.92056,-75.60786,817,57.6,58.7,57.6,99.3,57.4,0.000,0.000,0.00,0.000,0.6,1.5,0.4,115,13,1.0,1.6,0.2,103,18,0.6,1.5,0.4,115,13,3,29.27,,0,0,,67.8,68.2,,0.42,0.13,
COPE,2017-08-21 06:25:00 EDT,43.92056,-75.60786,817,57.8,58.7,57.8,99.5,57.6,0.000,0.000,0.00,0.000,0.7,1.2,0.3,90,15,1.1,2.0,0.3,82,18,0.7,1.2,0.3,90,15,5,29.27,,0,0,,67.7,68.2,,0.42,0.13,
COPE,2017-08-21 06:30:00 EDT,43.92056,-75.60786,817,57.7,58.8,57.7,99.5,57.6,0.000,0.000,0.00,0.000,1.7,2.4,0.3,105,7,2.0,2.8,0.3,97,8,1.7,2.4,0.3,105,7,9,29.27,,0,0,,67.5,68.2,,0.42,0.13,
COPE,2017-08-21 06:35:00 EDT,43.92056,-75.60786,817,57.5,58.7,57.5,99.3,57.3,0.000,0.000,0.00,0.000,1.1,2.3,0.5,100,16,1.4,2.8,0.5,90,19,1.1,2.3,0.5,100,16,12,29.27,,0,0,,67.5,68.2,,0.42,0.13,
COPE,2017-08-21 06:40:00 EDT,43.92056,-75.60786,817,57.8,58.6,57.8,99.5,57.7,0.000,0.000,0.00,0.000,0.6,1.2,0.3,101,24,1.0,1.7,0.3,80,27,0.6,1.2,0.3,101,24,18,29.27,,0,0,,67.5,68.2,,0.42,0.13,
COPE,2017-08-21 06:45:00 EDT,43.92056,-75.60786,817,57.6,58.6,57.6,99.4,57.5,0.000,0.000,0.00,0.000,0.2,0.8,0.3,103,5,0.5,1.4,0.3,104,30,0.2,0.8,0.3,103,5,24,29.27,,0,0,,67.5,68.2,,0.42,0.13,
COPE,2017-08-21 06:50:00 EDT,43.92056,-75.60786,817,58.0,58.5,58.0,99.5,57.9,0.000,0.000,0.00,0.000,0.0,0.3,0.0,107,0,0.6,1.0,0.2,94,20,0.0,0.3,0.0,107,0,29,29.27,,0,0,,67.5,68.2,,0.42,0.13,
COPE,2017-08-21 06:55:00 EDT,43.92056,-75.60786,817,57.8,58.6,57.8,99.5,57.7,0.000,0.000,0.00,0.000,0.1,1.4,0.3,63,1,0.6,1.5,0.3,40,34,0.1,1.4,0.3,63,1,31,29.27,,0,0,,67.5,68.2,,0.42,0.13,
COPE,2017-08-21 07:00:00 EDT,43.92056,-75.60786,817,57.9,58.6,57.9,99.6,57.8,0.000,0.000,0.00,0.000,0.2,1.2,0.4,85,7,0.8,1.7,0.3,81,21,0.2,1.2,0.4,85,7,33,29.27,,0,0,,67.5,68.2,,0.42,0.14,
COPE,2017-08-21 07:05:00 EDT,43.92056,-75.60786,817,58.0,58.6,58.0,99.5,57.8,0.000,0.000,0.00,0.000,0.8,1.3,0.4,85,9,1.1,1.7,0.3,73,10,0.8,1.3,0.4,85,9,35,29.27,,0,0,,67.5,68.2,,0.42,0.13,
COPE,2017-08-21 07:10:00 EDT,43.92056,-75.60786,817,58.0,58.6,58.0,99.5,57.8,0.000,0.000,0.00,0.000,0.6,1.3,0.5,121,5,1.0,1.8,0.4,102,14,0.6,1.3,0.5,121,5,35,29.27,,0,0,,67.5,68.2,,0.42,0.13,
COPE,2017-08-21 07:15:00 EDT,43.92056,-75.60786,817,58.0,58.6,58.0,99.4,57.9,0.000,0.000,0.00,0.000,0.4,1.4,0.5,107,12,0.8,1.8,0.5,97,19,0.4,1.4,0.5,107,12,33,29.27,,0,0,,67.4,68.2,,0.42,0.13,
COPE,2017-08-21 07:20:00 EDT,43.92056,-75.60786,817,58.2,58.7,58.2,99.5,58.0,0.003,0.003,0.00,0.003,0.7,1.5,0.5,96,25,1.1,2.1,0.4,78,35,0.7,1.5,0.5,96,25,34,29.27,,0,0,,67.2,68.2,,0.42,0.14,
COPE,2017-08-21 07:25:00 EDT,43.92056,-75.60786,817,58.3,58.8,58.3,99.4,58.2,0.000,0.003,0.00,0.003,0.4,1.4,0.4,101,15,0.9,2.0,0.3,88,17,0.4,1.4,0.4,101,15,42,29.27,,0,0,,67.1,68.2,,0.42,0.14,
COPE,2017-08-21 07:30:00 EDT,43.92056,-75.60786,817,58.2,58.8,58.2,99.4,58.0,0.000,0.003,0.00,0.003,0.7,1.5,0.4,103,17,1.1,2.0,0.4,92,21,0.7,1.5,0.4,103,17,55,29.27,,0,0,,67.1,68.2,,0.42,0.13,
COPE,2017-08-21 07:35:00 EDT,43.92056,-75.60786,817,58.3,58.9,58.3,99.3,58.1,0.000,0.003,0.00,0.003,0.5,1.2,0.4,81,9,1.0,1.5,0.3,76,14,0.5,1.2,0.4,81,9,109,29.27,,0,0,,67.1,68.2,,0.42,0.13,
COPE,2017-08-21 07:40:00 EDT,43.92056,-75.60786,817,59.0,59.2,59.0,99.2,58.8,0.002,0.005,0.00,0.005,0.8,1.3,0.2,78,10,1.2,1.7,0.2,70,13,0.8,1.3,0.2,78,10,175,29.27,,0,0,,67.1,68.2,,0.42,0.13,
COPE,2017-08-21 07:45:00 EDT,43.92056,-75.60786,817,59.9,59.6,59.9,98.1,59.4,0.001,0.006,0.00,0.006,1.2,2.0,0.4,83,12,1.5,2.4,0.4,76,12,1.2,2.0,0.4,83,12,207,29.27,,0,0,,67.1,68.2,,0.42,0.14,
COPE,2017-08-21 07:50:00 EDT,43.92056,-75.60786,817,60.4,60.1,60.4,95.2,59.0,0.001,0.006,0.00,0.006,1.3,2.6,0.6,85,16,1.7,3.3,0.6,77,17,1.3,2.6,0.6,85,16,229,29.27,,0,0,,67.1,68.2,,0.42,0.13,
COPE,2017-08-21 07:55:00 EDT,43.92056,-75.60786,817,61.0,60.6,61.0,93.4,59.0,0.000,0.006,0.00,0.006,0.6,1.7,0.5,92,19,1.2,2.7,0.4,80,20,0.6,1.7,0.5,92,19,222,29.27,,0,0,,67.1,68.2,,0.42,0.14,
COPE,2017-08-21 08:00:00 EDT,43.92056,-75.60786,817,61.2,60.8,61.2,91.0,58.5,0.000,0.006,0.00,0.006,1.1,2.6,0.5,86,16,1.4,3.0,0.6,77,17,1.1,2.6,0.5,86,16,94,29.26,,0,0,,67.1,68.2,,0.42,0.14,
COPE,2017-08-21 08:05:00 EDT,43.92056,-75.60786,817,61.3,61.0,61.3,92.6,59.1,0.000,0.006,0.00,0.006,0.7,1.2,0.3,93,14,1.1,1.9,0.3,85,16,0.7,1.2,0.3,93,14,167,29.27,,0,0,,67.1,68.2,,0.42,0.14,
COPE,2017-08-21 08:10:00 EDT,43.92056,-75.60786,817,62.1,61.5,62.1,91.4,59.6,0.000,0.006,0.00,0.006,1.0,1.8,0.3,80,14,1.4,2.2,0.3,75,14,1.0,1.8,0.3,80,14,253,29.27,,0,0,,67.1,68.2,,0.42,0.14,
COPE,2017-08-21 08:15:00 EDT,43.92056,-75.60786,817,62.5,61.9,62.5,90.0,59.6,0.000,0.006,0.00,0.006,1.2,2.2,0.5,85,17,1.6,2.7,0.4,77,17,1.2,2.2,0.5,85,17,208,29.27,,0,0,,67.1,68.2,,0.42,0.14,
COPE,2017-08-21 08:20:00 EDT,43.92056,-75.60786,817,63.3,62.5,63.3,90.8,60.5,0.006,0.012,0.00,0.009,2.1,3.4,0.6,96,14,2.5,4.1,0.7,90,13,2.1,3.4,0.6,96,14,282,29.26,,0,0,,67.1,68.2,,0.42,0.14,
COPE,2017-08-21 08:25:00 EDT,43.92056,-75.60786,817,63.6,62.9,63.6,89.4,60.4,0.001,0.013,0.00,0.010,2.7,3.7,0.5,79,10,3.0,4.4,0.7,73,11,2.7,3.7,0.5,79,10,294,29.26,,0,0,,67.1,68.2,,0.42,0.14,
COPE,2017-08-21 08:30:00 EDT,43.92056,-75.60786,817,64.4,63.6,64.4,90.6,61.6,0.000,0.013,0.00,0.010,1.4,3.1,0.6,89,19,1.8,3.1,0.5,82,18,1.4,3.1,0.6,89,19,311,29.26,,0,0,,67.1,68.2,,0.42,0.13,
COPE,2017-08-21 08:35:00 EDT,43.92056,-75.60786,817,65.0,64.1,65.0,87.7,61.3,0.000,0.013,0.00,0.010,1.1,2.3,0.5,77,21,1.5,2.7,0.5,73,21,1.1,2.3,0.5,77,21,324,29.26,,0,0,,67.1,68.2,,0.42,0.14,
COPE,2017-08-21 08:40:00 EDT,43.92056,-75.60786,817,65.5,64.7,65.5,86.3,61.3,0.000,0.013,0.00,0.008,1.7,3.5,0.8,107,17,2.1,4.1,0.8,100,18,1.7,3.5,0.8,107,17,336,29.26,,0,0,,67.1,68.2,,0.42,0.14,
COPE,2017-08-21 08:45:00 EDT,43.92056,-75.60786,817,65.9,64.9,65.9,85.7,61.5,0.000,0.013,0.00,0.007,2.8,3.8,0.4,104,11,3.3,4.2,0.5,96,11,2.8,3.8,0.4,104,11,349,29.26,,0,0,,67.1,68.2,,0.42,0.14,
COPE,2017-08-21 08:50:00 EDT,43.92056,-75.60786,817,66.4,65.6,66.4,86.5,62.3,0.000,0.013,0.00,0.006,2.5,4.2,0.6,103,14,2.9,4.8,0.7,96,13,2.5,4.2,0.6,103,14,363,29.26,,0,0,,67.1,68.2,,0.42,0.14,
COPE,2017-08-21 08:55:00 EDT,43.92056,-75.60786,817,67.2,66.2,67.2,85.5,62.7,0.000,0.013,0.00,0.006,1.5,3.3,0.7,93,20,1.9,3.7,0.7,85,18,1.5,3.3,0.7,93,20,379,29.26,,0,0,,67.1,68.1,,0.42,0.14,
COPE,2017-08-21 09:00:00 EDT,43.92056,-75.60786,817,67.7,66.6,67.7,84.0,62.7,0.000,0.013,0.00,0.006,2.6,3.7,0.6,91,13,3.0,4.5,0.7,84,11,2.6,3.7,0.6,91,13,393,29.26,,0,0,,67.1,68.1,,0.42,0.14,
COPE,2017-08-21 09:05:00 EDT,43.92056,-75.60786,817,68.4,67.4,68.4,84.7,63.6,0.000,0.013,0.00,0.006,2.2,4.4,0.9,80,18,2.6,5.1,0.9,73,17,2.2,4.4,0.9,80,18,407,29.26,,0,0,,67.1,68.1,,0.42,0.14,
COPE,2017-08-21 09:10:00 EDT,43.92056,-75.60786,817,69.0,67.9,69.0,84.1,64.0,0.000,0.013,0.00,0.006,3.0,4.4,0.8,96,11,3.4,5.5,0.9,88,9,3.0,4.4,0.8,96,11,419,29.26,,0,0,,67.1,68.0,,0.42,0.14,
COPE,2017-08-21 09:15:00 EDT,43.92056,-75.60786,817,69.5,68.3,69.5,83.4,64.2,0.000,0.013,0.00,0.006,3.5,5.3,0.8,103,13,3.9,6.0,0.8,94,12,3.5,5.3,0.8,103,13,433,29.26,,0,0,,67.1,68.0,,0.42,0.14,
COPE,2017-08-21 09:20:00 EDT,43.92056,-75.60786,817,70.2,68.9,70.2,83.8,65.1,0.000,0.013,0.00,0.001,2.2,4.1,0.9,110,13,2.5,5.0,0.9,102,12,2.2,4.1,0.9,110,13,449,29.26,,0,0,,67.1,68.1,,0.42,0.14,
COPE,2017-08-21 09:25:00 EDT,43.92056,-75.60786,817,70.6,69.4,70.6,81.2,64.5,0.007,0.019,0.00,0.007,2.6,3.6,0.5,75,19,2.9,4.4,0.7,69,18,2.6,3.6,0.5,75,19,462,29.26,,0,0,,67.1,68.1,,0.42,0.13,
COPE,2017-08-21 09:30:00 EDT,43.92056,-75.60786,817,70.9,69.8,70.9,81.0,64.7,0.000,0.019,0.00,0.007,3.1,5.0,0.6,91,15,3.5,5.6,0.7,85,13,3.1,5.0,0.6,91,15,477,29.26,,0,0,,67.1,68.0,,0.42,0.14,
COPE,2017-08-21 09:35:00 EDT,43.92056,-75.60786,817,70.9,69.8,70.9,79.5,64.3,0.000,0.019,0.00,0.007,3.2,4.7,1.1,80,14,3.6,5.6,1.2,74,13,3.2,4.7,1.1,80,14,493,29.26,,0,0,,67.1,68.0,,0.42,0.14,
COPE,2017-08-21 09:40:00 EDT,43.92056,-75.60786,817,71.6,70.4,71.6,80.2,65.2,0.000,0.019,0.00,0.007,3.0,4.8,1.0,95,15,3.4,6.0,1.2,87,14,3.0,4.8,1.0,95,15,508,29.26,,0,0,,67.1,67.9,,0.42,0.14,
COPE,2017-08-21 09:45:00 EDT,43.92056,-75.60786,817,72.0,70.8,72.0,78.1,64.8,0.000,0.019,0.00,0.007,2.6,4.1,0.6,81,19,3.0,5.0,0.7,75,19,2.6,4.1,0.6,81,19,478,29.26,,0,0,,67.1,67.9,,0.42,0.14,
COPE,2017-08-21 09:50:00 EDT,43.92056,-75.60786,817,72.6,71.3,72.6,77.5,65.1,0.000,0.019,0.00,0.007,2.1,4.5,1.3,90,18,2.5,5.1,1.3,84,19,2.1,4.5,1.3,90,18,529,29.26,,0,0,,67.3,67.9,,0.42,0.14,
COPE,2017-08-21 09:55:00 EDT,43.92056,-75.60786,817,72.9,71.9,72.9,73.5,64.0,0.000,0.019,0.00,0.007,3.2,4.8,0.6,100,21,3.7,6.5,0.9,92,19,3.2,4.8,0.6,100,21,542,29.26,,0,0,,67.5,67.8,,0.42,0.14,
COPE,2017-08-21 10:00:00 EDT,43.92056,-75.60786,817,73.3,72.3,73.3,74.5,64.7,0.000,0.019,0.00,0.007,4.0,7.3,1.2,100,18,4.5,7.6,1.4,92,15,4.0,7.3,1.2,100,18,553,29.26,,0,0,,67.5,67.9,,0.42,0.14,
COPE,2017-08-21 10:05:00 EDT,43.92056,-75.60786,817,75.1,74.8,75.1,66.9,63.4,0.000,0.019,0.00,0.007,4.0,8.1,1.8,229,41,4.4,9.5,1.8,226,41,4.0,8.1,1.8,229,41,565,29.25,,0,0,,67.5,67.8,,0.42,0.14,
COPE,2017-08-21 10:10:00 EDT,43.92056,-75.60786,817,76.8,76.4,76.8,59.3,61.5,0.000,0.019,0.00,0.007,4.6,8.3,1.4,207,17,4.9,9.5,1.6,200,14,4.6,8.3,1.4,207,17,579,29.25,,0,0,,67.5,67.8,,0.42,0.14,
COPE,2017-08-21 10:15:00 EDT,43.92056,-75.60786,817,77.1,76.8,77.1,57.3,60.9,0.000,0.019,0.00,0.007,4.3,10.4,2.0,197,22,4.7,11.3,2.2,190,21,4.3,10.4,2.0,197,22,592,29.25,,0,0,,67.5,67.8,,0.42,0.14,
COPE,2017-08-21 10:20:00 EDT,43.92056,-75.60786,817,77.7,77.3,77.7,56.7,61.1,0.000,0.019,0.00,0.007,5.1,8.6,1.8,201,19,5.7,12.1,1.9,192,18,5.1,8.6,1.8,201,19,603,29.25,,0,0,,67.5,67.8,,0.42,0.14,
COPE,2017-08-21 10:25:00 EDT,43.92056,-75.60786,817,78.3,77.7,78.3,56.2,61.4,0.000,0.019,0.00,0.000,5.0,9.3,1.6,197,18,5.6,10.3,1.8,190,17,5.0,9.3,1.6,197,18,612,29.25,,0,0,,67.5,67.8,,0.42,0.14,
COPE,2017-08-21 10:30:00 EDT,43.92056,-75.60786,817,78.4,77.8,78.4,56.2,61.5,0.000,0.019,0.00,0.000,5.3,9.4,1.5,211,18,5.9,10.1,1.8,203,15,5.3,9.4,1.5,211,18,619,29.25,,0,0,,67.5,67.8,,0.42,0.14,
COPE,2017-08-21 10:35:00 EDT,43.92056,-75.60786,817,78.5,77.9,78.5,54.7,60.9,0.000,0.019,0.00,0.000,7.4,10.5,1.5,202,13,8.0,13.0,1.9,193,11,7.4,10.5,1.5,202,13,631,29.25,,0,0,,67.7,67.8,,0.42,0.14,
COPE,2017-08-21 10:40:00 EDT,43.92056,-75.60786,817,78.5,78.1,78.5,53.0,60.0,0.000,0.019,0.00,0.000,7.1,10.4,1.5,210,14,7.5,13.0,1.8,202,13,7.1,10.4,1.5,210,14,641,29.25,,0,0,,67.8,67.8,,0.42,0.14,
COPE,2017-08-21 10:45:00 EDT,43.92056,-75.60786,817,78.9,78.4,78.9,50.9,59.2,0.000,0.019,0.00,0.000,8.3,14.9,2.8,219,15,8.5,15.9,2.8,210,14,8.3,14.9,2.8,219,15,652,29.25,,0,0,,67.8,67.8,,0.42,0.14,
COPE,2017-08-21 10:50:00 EDT,43.92056,-75.60786,817,78.8,78.4,78.8,50.4,58.8,0.000,0.019,0.00,0.000,9.0,12.7,2.3,218,15,9.6,15.1,2.4,209,13,9.0,12.7,2.3,218,15,664,29.25,,0,0,,67.8,67.8,,0.42,0.14,
COPE,2017-08-21 10:55:00 EDT,43.92056,-75.60786,817,79.0,78.5,79.0,50.6,59.1,0.000,0.019,0.00,0.000,7.9,11.3,1.7,214,14,8.0,12.7,1.8,205,13,7.9,11.3,1.7,214,14,671,29.25,,0,0,,67.8,67.8,,0.42,0.14,
COPE,2017-08-21 11:00:00 EDT,43.92056,-75.60786,817,79.7,79.1,79.7,52.4,60.7,0.000,0.019,0.00,0.000,5.6,12.3,2.3,205,16,6.1,15.2,2.4,199,16,5.6,12.3,2.3,205,16,676,29.25,,0,0,,67.8,67.8,,0.42,0.14,
COPE,2017-08-21 11:05:00 EDT,43.92056,-75.60786,817,79.7,79.0,79.7,51.5,60.2,0.000,0.019,0.00,0.000,7.5,14.0,3.0,208,13,8.0,14.9,3.1,200,12,7.5,14.0,3.0,208,13,684,29.24,,0,0,,68.0,67.8,,0.42,0.14,
COPE,2017-08-21 11:10:00 EDT,43.92056,-75.60786,817,80.2,79.4,81.2,52.1,61.0,0.000,0.019,0.00,0.000,5.5,8.2,1.4,222,20,5.9,10.7,1.5,215,19,5.5,8.2,1.4,222,20,690,29.24,,0,0,,68.2,67.8,,0.42,0.13,
COPE,2017-08-21 11:15:00 EDT,43.92056,-75.60786,817,80.0,79.5,80.0,50.6,60.0,0.000,0.019,0.00,0.000,6.4,10.2,1.7,223,17,6.7,10.5,1.5,215,17,6.4,10.2,1.7,223,17,698,29.24,,0,0,,68.2,67.8,,0.42,0.14,
COPE,2017-08-21 11:20:00 EDT,43.92056,-75.60786,817,80.3,79.7,81.1,50.3,60.1,0.000,0.019,0.00,0.000,6.3,12.2,1.7,221,19,6.8,12.3,1.7,213,18,6.3,12.2,1.7,221,19,703,29.24,,0,0,,68.2,67.8,,0.42,0.13,
COPE,2017-08-21 11:25:00 EDT,43.92056,-75.60786,817,80.3,79.7,81.0,49.0,59.5,0.000,0.019,0.00,0.000,6.7,9.9,1.7,223,15,7.0,12.6,1.7,215,14,6.7,9.9,1.7,223,15,707,29.24,,0,0,,68.2,67.8,,0.42,0.13,
COPE,2017-08-21 11:30:00 EDT,43.92056,-75.60786,817,80.4,79.7,81.0,48.5,59.2,0.000,0.019,0.00,0.000,7.7,15.5,2.8,229,18,8.2,15.8,2.4,221,17,7.7,15.5,2.8,229,18,715,29.24,,0,0,,68.2,67.8,,0.42,0.13,
COPE,2017-08-21 11:35:00 EDT,43.92056,-75.60786,817,80.4,79.8,81.0,48.6,59.2,0.000,0.019,0.00,0.000,7.9,12.3,1.8,233,18,8.0,12.4,1.9,226,17,7.9,12.3,1.8,233,18,723,29.24,,0,0,,68.4,67.8,,0.42,0.13,
COPE,2017-08-21 11:40:00 EDT,43.92056,-75.60786,817,80.4,79.8,81.0,47.9,58.9,0.000,0.019,0.00,0.000,9.1,14.8,2.3,212,12,9.6,16.6,2.7,203,11,9.1,14.8,2.3,212,12,731,29.23,,0,0,,68.5,67.8,,0.42,0.13,
COPE,2017-08-21 11:45:00 EDT,43.92056,-75.60786,817,80.6,79.9,81.2,48.2,59.3,0.000,0.019,0.00,0.000,9.1,13.4,2.1,204,12,9.7,15.5,2.4,197,11,9.1,13.4,2.1,204,12,739,29.23,,0,0,,68.5,67.8,,0.42,0.13,
COPE,2017-08-21 11:50:00 EDT,43.92056,-75.60786,817,80.8,80.1,81.3,47.2,58.9,0.000,0.019,0.00,0.000,8.0,10.4,1.4,215,15,8.2,11.4,1.5,207,13,8.0,10.4,1.4,215,15,743,29.23,,0,0,,68.5,67.8,,0.42,0.13,
COPE,2017-08-21 11:55:00 EDT,43.92056,-75.60786,817,80.9,80.2,81.2,46.0,58.2,0.000,0.019,0.00,0.000,7.6,10.3,1.4,224,17,7.8,12.0,1.5,214,16,7.6,10.3,1.4,224,17,747,29.23,,0,0,,68.5,67.8,,0.42,0.13,
COPE,2017-08-21 12:00:00 EDT,43.92056,-75.60786,817,81.2,80.4,81.5,46.6,58.8,0.000,0.019,0.00,0.000,7.6,11.6,1.6,220,17,8.1,11.8,1.7,212,16,7.6,11.6,1.6,220,17,754,29.23,,0,0,,68.6,67.8,,0.42,0.14,
COPE,2017-08-21 12:05:00 EDT,43.92056,-75.60786,817,81.4,80.5,81.5,45.0,58.1,0.000,0.019,0.00,0.000,6.9,10.5,1.5,208,14,7.3,11.6,1.5,200,12,6.9,10.5,1.5,208,14,758,29.23,,0,0,,68.9,67.8,,0.42,0.14,
COPE,2017-08-21 12:10:00 EDT,43.92056,-75.60786,817,81.4,80.6,81.7,46.5,58.9,0.000,0.019,0.00,0.000,7.1,13.3,2.0,240,21,7.3,14.1,2.1,233,19,7.1,13.3,2.0,240,21,758,29.23,,0,0,,68.9,67.8,,0.42,0.13,
COPE,2017-08-21 12:15:00 EDT,43.92056,-75.60786,817,81.2,80.5,81.4,45.5,58.1,0.000,0.019,0.00,0.000,8.4,12.9,1.7,241,19,8.5,12.8,1.8,232,19,8.4,12.9,1.7,241,19,765,29.23,,0,0,,68.9,67.8,,0.42,0.14,
COPE,2017-08-21 12:20:00 EDT,43.92056,-75.60786,817,81.7,81.0,82.0,46.4,59.2,0.000,0.019,0.00,0.000,6.7,11.5,1.9,211,17,7.3,12.0,1.9,203,17,6.7,11.5,1.9,211,17,772,29.23,,0,0,,68.9,67.8,,0.42,0.14,
COPE,2017-08-21 12:25:00 EDT,43.92056,-75.60786,817,81.6,80.8,81.8,45.8,58.7,0.000,0.019,0.00,0.000,9.5,12.6,1.7,225,19,9.8,14.6,1.9,217,18,9.5,12.6,1.7,225,19,778,29.23,,0,0,,68.9,67.8,,0.41,0.14,
COPE,2017-08-21 12:30:00 EDT,43.92056,-75.60786,817,81.5,80.9,81.7,45.7,58.5,0.000,0.019,0.00,0.000,9.0,14.0,2.2,232,17,9.3,14.0,2.0,223,16,9.0,14.0,2.2,232,17,780,29.23,,0,0,,68.9,67.8,,0.42,0.14,
COPE,2017-08-21 12:35:00 EDT,43.92056,-75.60786,817,81.9,81.0,82.0,45.9,59.0,0.000,0.019,0.00,0.000,7.6,11.3,1.5,218,13,7.9,12.5,1.7,211,12,7.6,11.3,1.5,218,13,777,29.22,,0,0,,69.1,67.8,,0.42,0.14,
COPE,2017-08-21 12:40:00 EDT,43.92056,-75.60786,817,82.0,81.1,82.3,46.6,59.5,0.000,0.019,0.00,0.000,7.7,12.9,2.6,219,12,8.1,13.2,2.6,210,13,7.7,12.9,2.6,219,12,784,29.22,,0,0,,69.3,67.8,,0.42,0.13,
COPE,2017-08-21 12:45:00 EDT,43.92056,-75.60786,817,82.6,81.6,83.0,47.5,60.6,0.000,0.019,0.00,0.000,6.2,9.1,1.4,237,25,6.6,9.5,1.5,232,25,6.2,9.1,1.4,237,25,785,29.22,,0,0,,69.3,67.8,,0.42,0.13,
COPE,2017-08-21 12:50:00 EDT,43.92056,-75.60786,817,82.1,81.2,82.2,45.7,59.0,0.000,0.019,0.00,0.000,9.5,14.6,2.4,241,17,9.5,15.4,2.4,233,16,9.5,14.6,2.4,241,17,794,29.22,,0,0,,69.3,67.8,,0.42,0.13,
COPE,2017-08-21 12:55:00 EDT,43.92056,-75.60786,817,81.8,81.3,82.1,46.7,59.4,0.000,0.019,0.00,0.000,7.1,12.4,2.0,235,20,7.4,12.9,2.2,229,19,7.1,12.4,2.0,235,20,793,29.22,,0,0,,69.3,67.8,,0.42,0.13,
COPE,2017-08-21 13:00:00 EDT,43.92056,-75.60786,817,82.5,81.7,82.8,47.2,60.3,0.000,0.019,0.00,0.000,7.5,14.8,2.9,236,19,8.0,15.6,2.9,228,20,7.5,14.8,2.9,236,19,794,29.22,,0,0,,69.5,67.8,,0.41,0.13,
COPE,2017-08-21 13:05:00 EDT,43.92056,-75.60786,817,82.1,81.4,82.5,47.7,60.3,0.000,0.019,0.00,0.000,8.4,14.3,2.2,243,19,8.9,16.6,2.3,236,18,8.4,14.3,2.2,243,19,794,29.22,,0,0,,69.6,67.8,,0.41,0.13,
COPE,2017-08-21 13:10:00 EDT,43.92056,-75.60786,817,82.3,81.5,82.8,47.6,60.5,0.000,0.019,0.00,0.000,9.1,15.1,2.7,237,16,9.4,16.4,2.7,228,16,9.1,15.1,2.7,237,16,792,29.22,,0,0,,69.6,67.8,,0.41,0.13,
COPE,2017-08-21 13:15:00 EDT,43.92056,-75.60786,817,82.0,81.4,82.5,47.9,60.3,0.000,0.019,0.00,0.000,9.8,15.8,2.6,239,15,9.8,15.3,2.5,232,15,9.8,15.8,2.6,239,15,793,29.22,,0,0,,69.6,67.8,,0.41,0.13,
COPE,2017-08-21 13:20:00 EDT,43.92056,-75.60786,817,82.3,81.4,82.9,48.3,60.8,0.000,0.019,0.00,0.000,7.3,11.8,1.7,241,22,7.8,13.3,1.8,233,22,7.3,11.8,1.7,241,22,786,29.22,,0,0,,69.8,67.8,,0.41,0.13,
COPE,2017-08-21 13:25:00 EDT,43.92056,-75.60786,817,81.9,81.3,82.5,48.7,60.8,0.000,0.019,0.00,0.000,9.8,14.5,2.1,247,14,10.2,15.0,2.1,240,14,9.8,14.5,2.1,247,14,775,29.22,,0,0,,70.0,67.8,,0.41,0.13,
COPE,2017-08-21 13:30:00 EDT,43.92056,-75.60786,817,81.9,81.3,82.6,49.0,60.9,0.000,0.019,0.00,0.000,10.6,15.5,2.4,236,14,10.5,17.2,2.3,228,14,10.6,15.5,2.4,236,14,760,29.22,,0,0,,70.0,67.8,,0.41,0.13,
COPE,2017-08-21 13:35:00 EDT,43.92056,-75.60786,817,82.0,81.4,82.8,49.9,61.5,0.000,0.019,0.00,0.000,9.5,15.6,2.4,238,19,9.7,16.2,2.4,231,17,9.5,15.6,2.4,238,19,733,29.22,,0,0,,70.0,67.8,,0.41,0.13,
COPE,2017-08-21 13:40:00 EDT,43.92056,-75.60786,817,81.6,81.1,82.4,50.3,61.4,0.000,0.019,0.00,0.000,10.1,14.3,2.1,253,13,10.5,14.8,2.1,245,13,10.1,14.3,2.1,253,13,707,29.22,,0,0,,70.0,67.8,,0.41,0.13,
COPE,2017-08-21 13:45:00 EDT,43.92056,-75.60786,817,81.7,81.2,82.5,50.6,61.6,0.000,0.019,0.00,0.000,8.6,14.4,2.7,242,17,8.9,13.3,2.5,234,16,8.6,14.4,2.7,242,17,671,29.22,,0,0,,70.2,67.8,,0.41,0.13,
COPE,2017-08-21 13:50:00 EDT,43.92056,-75.60786,817,81.3,80.9,82.2,51.0,61.5,0.000,0.019,0.00,0.000,9.9,17.2,2.9,254,13,10.4,18.6,3.0,246,13,9.9,17.2,2.9,254,13,549,29.22,,0,0,,70.3,67.8,,0.41,0.13,
COPE,2017-08-21 13:55:00 EDT,43.92056,-75.60786,817,80.6,80.4,81.6,52.9,61.8,0.000,0.019,0.00,0.000,7.6,12.7,1.5,249,16,8.0,12.8,1.6,241,14,7.6,12.7,1.5,249,16,346,29.22,,0,0,,70.3,67.8,,0.41,0.13,
COPE,2017-08-21 14:00:00 EDT,43.92056,-75.60786,817,80.9,80.4,82.0,53.0,62.2,0.000,0.019,0.00,0.000,7.4,13.4,1.8,236,16,7.8,12.7,1.8,229,15,7.4,13.4,1.8,236,16,498,29.22,,0,0,,70.3,67.8,,0.41,0.13,
COPE,2017-08-21 14:05:00 EDT,43.92056,-75.60786,817,80.9,80.5,82.1,53.6,62.5,0.000,0.019,0.00,0.000,7.0,11.6,1.7,244,16,7.0,12.4,1.7,237,15,7.0,11.6,1.7,244,16,478,29.22,,0,0,,70.3,67.8,,0.41,0.13,
COPE,2017-08-21 14:10:00 EDT,43.92056,-75.60786,817,80.7,80.4,82.1,55.7,63.4,0.000,0.019,0.00,0.000,6.3,11.8,1.9,251,19,6.5,11.4,1.9,245,17,6.3,11.8,1.9,251,19,438,29.21,,0,0,,70.4,67.8,,0.41,0.13,
COPE,2017-08-21 14:15:00 EDT,43.92056,-75.60786,817,80.4,80.2,81.6,54.1,62.3,0.000,0.019,0.00,0.000,8.7,12.3,1.8,237,15,8.9,13.2,1.9,230,15,8.7,12.3,1.8,237,15,401,29.21,,0,0,,70.7,67.8,,0.41,0.13,
COPE,2017-08-21 14:20:00 EDT,43.92056,-75.60786,817,80.0,80.0,81.4,55.8,62.8,0.000,0.019,0.00,0.000,6.4,11.3,1.7,246,16,6.7,14.5,2.0,238,15,6.4,11.3,1.7,246,16,302,29.21,,0,0,,70.7,67.8,,0.41,0.13,
COPE,2017-08-21 14:25:00 EDT,43.92056,-75.60786,817,79.5,79.5,79.5,56.8,62.8,0.000,0.019,0.00,0.000,6.1,11.3,1.9,256,14,6.6,12.0,2.0,249,13,6.1,11.3,1.9,256,14,304,29.21,,0,0,,70.7,67.8,,0.41,0.13,
COPE,2017-08-21 14:30:00 EDT,43.92056,-75.60786,817,79.2,79.3,79.2,56.9,62.6,0.000,0.019,0.00,0.000,5.3,8.3,1.2,254,13,5.5,10.0,1.4,248,13,5.3,8.3,1.2,254,13,202,29.21,,0,0,,70.7,67.8,,0.41,0.13,
COPE,2017-08-21 14:35:00 EDT,43.92056,-75.60786,817,78.9,79.1,78.9,57.2,62.5,0.000,0.019,0.00,0.000,6.6,12.3,2.0,260,19,7.1,13.1,2.1,254,16,6.6,12.3,2.0,260,19,195,29.21,,0,0,,70.7,67.8,,0.41,0.13,
COPE,2017-08-21 14:40:00 EDT,43.92056,-75.60786,817,78.7,78.8,78.7,58.5,62.9,0.000,0.019,0.00,0.000,5.5,11.0,1.7,253,18,5.8,10.5,1.7,246,18,5.5,11.0,1.7,253,18,219,29.21,,0,0,,70.7,67.8,,0.41,0.13,
COPE,2017-08-21 14:45:00 EDT,43.92056,-75.60786,817,78.4,78.5,78.4,59.5,63.1,0.000,0.019,0.00,0.000,4.7,8.7,1.4,264,14,5.2,10.9,1.5,259,11,4.7,8.7,1.4,264,14,232,29.21,,0,0,,70.7,67.8,,0.41,0.13,
COPE,2017-08-21 14:50:00 EDT,43.92056,-75.60786,817,78.3,78.5,78.3,59.2,62.9,0.000,0.019,0.00,0.000,5.6,9.1,1.3,253,14,6.0,10.7,1.5,247,14,5.6,9.1,1.3,253,14,173,29.21,,0,0,,70.8,67.8,,0.41,0.13,
COPE,2017-08-21 14:55:00 EDT,43.92056,-75.60786,817,78.3,78.5,78.3,59.6,63.1,0.000,0.019,0.00,0.000,6.2,9.4,1.5,246,14,6.3,10.0,1.4,240,13,6.2,9.4,1.5,246,14,258,29.21,,0,0,,70.9,67.8,,0.41,0.13,
COPE,2017-08-21 15:00:00 EDT,43.92056,-75.60786,817,78.6,78.6,78.6,59.6,63.3,0.000,0.019,0.00,0.000,5.2,9.2,1.5,245,13,5.3,9.2,1.5,237,12,5.2,9.2,1.5,245,13,273,29.21,,0,0,,71.0,67.8,,0.41,0.13,
COPE,2017-08-21 15:05:00 EDT,43.92056,-75.60786,817,78.7,78.6,78.7,59.8,63.6,0.000,0.019,0.00,0.000,4.9,8.7,1.4,246,17,5.1,9.6,1.5,239,16,4.9,8.7,1.4,246,17,356,29.21,,0,0,,71.0,67.8,,0.41,0.13,
COPE,2017-08-21 15:10:00 EDT,43.92056,-75.60786,817,78.9,78.6,78.9,58.6,63.1,0.000,0.019,0.00,0.000,5.8,10.6,1.6,249,14,6.0,9.9,1.4,242,13,5.8,10.6,1.6,249,14,384,29.21,,0,0,,71.1,67.8,,0.41,0.13,
COPE,2017-08-21 15:15:00 EDT,43.92056,-75.60786,817,78.8,78.7,78.8,58.1,62.8,0.000,0.019,0.00,0.000,6.4,11.5,1.7,241,14,6.4,11.2,1.6,232,13,6.4,11.5,1.7,241,14,422,29.20,,0,0,,71.1,67.8,,0.41,0.13,
COPE,2017-08-21 15:20:00 EDT,43.92056,-75.60786,817,79.2,78.9,79.2,58.4,63.3,0.000,0.019,0.00,0.000,4.2,7.3,1.5,235,16,4.1,8.3,1.6,228,15,4.2,7.3,1.5,235,16,457,29.20,,0,0,,71.1,67.8,,0.41,0.13,
COPE,2017-08-21 15:25:00 EDT,43.92056,-75.60786,817,79.6,79.2,79.6,58.4,63.7,0.000,0.019,0.00,0.000,5.2,9.5,2.4,220,15,5.7,9.8,2.2,212,15,5.2,9.5,2.4,220,15,485,29.20,,0,0,,71.1,67.8,,0.41,0.13,
COPE,2017-08-21 15:30:00 EDT,43.92056,-75.60786,817,79.6,79.1,79.6,58.2,63.6,0.000,0.019,0.00,0.000,6.4,10.1,1.8,220,14,6.5,10.1,1.9,212,13,6.4,10.1,1.8,220,14,516,29.20,,0,0,,71.1,67.8,,0.41,0.13,
COPE,2017-08-21 15:35:00 EDT,43.92056,-75.60786,817,80.0,79.3,81.7,59.0,64.4,0.000,0.019,0.00,0.000,5.6,9.4,1.5,226,20,6.0,10.1,1.5,218,19,5.6,9.4,1.5,226,20,550,29.20,,0,0,,71.1,67.8,,0.41,0.13,
COPE,2017-08-21 15:40:00 EDT,43.92056,-75.60786,817,79.9,79.4,79.9,57.9,63.8,0.000,0.019,0.00,0.000,6.1,10.2,1.3,230,17,6.3,10.4,1.3,223,16,6.1,10.2,1.3,230,17,570,29.20,,0,0,,71.1,67.8,,0.41,0.13,
COPE,2017-08-21 15:45:00 EDT,43.92056,-75.60786,817,80.3,79.6,82.0,58.4,64.4,0.000,0.019,0.00,0.000,5.5,9.0,1.5,222,18,5.7,9.4,1.7,215,19,5.5,9.0,1.5,222,18,587,29.20,,0,0,,71.1,67.8,,0.41,0.13,
COPE,2017-08-21 15:50:00 EDT,43.92056,-75.60786,817,80.3,79.7,81.9,57.8,64.1,0.000,0.019,0.00,0.000,6.8,11.2,2.1,225,15,6.9,11.3,2.2,218,14,6.8,11.2,2.1,225,15,600,29.20,,0,0,,71.1,67.8,,0.41,0.13,
COPE,2017-08-21 15:55:00 EDT,43.92056,-75.60786,817,80.4,79.8,82.0,57.9,64.2,0.000,0.019,0.00,0.000,6.4,10.3,1.8,219,16,6.8,10.9,1.8,212,15,6.4,10.3,1.8,219,16,598,29.20,,0,0,,71.1,67.8,,0.41,0.13,
COPE,2017-08-21 16:00:00 EDT,43.92056,-75.60786,817,80.8,80.2,82.4,57.3,64.3,0.000,0.019,0.00,0.000,5.4,8.6,1.4,219,16,5.9,9.5,1.5,212,15,5.4,8.6,1.4,219,16,593,29.20,,0,0,,71.1,67.8,,0.41,0.13,
COPE,2017-08-21 16:05:00 EDT,43.92056,-75.60786,817,80.6,80.1,82.2,57.1,64.0,0.000,0.019,0.00,0.000,7.5,11.3,1.9,221,12,7.7,12.5,1.7,214,10,7.5,11.3,1.9,221,12,581,29.20,,0,0,,71.1,67.8,,0.41,0.13,
COPE,2017-08-21 16:10:00 EDT,43.92056,-75.60786,817,80.8,80.5,82.4,56.6,64.0,0.000,0.019,0.00,0.000,6.5,11.5,2.2,207,18,7.0,12.4,2.3,201,17,6.5,11.5,2.2,207,18,567,29.19,,0,0,,71.1,67.8,,0.41,0.13,
COPE,2017-08-21 16:15:00 EDT,43.92056,-75.60786,817,80.9,80.4,82.3,54.9,63.2,0.000,0.019,0.00,0.000,7.8,11.1,1.6,215,15,8.1,12.9,1.7,206,14,7.8,11.1,1.6,215,15,545,29.19,,0,0,,71.1,67.8,,0.41,0.13,
COPE,2017-08-21 16:20:00 EDT,43.92056,-75.60786,817,81.0,80.4,82.4,55.1,63.3,0.000,0.019,0.00,0.000,6.5,9.4,1.3,226,14,6.8,10.0,1.3,218,11,6.5,9.4,1.3,226,14,538,29.19,,0,0,,71.2,67.8,,0.41,0.13,
COPE,2017-08-21 16:25:00 EDT,43.92056,-75.60786,817,81.5,80.9,83.3,56.9,64.8,0.000,0.019,0.00,0.000,4.0,7.1,1.1,223,20,4.3,8.2,1.3,217,17,4.0,7.1,1.1,223,20,523,29.19,,0,0,,71.4,67.8,,0.41,0.13,
COPE,2017-08-21 16:30:00 EDT,43.92056,-75.60786,817,81.3,80.8,82.7,54.7,63.5,0.000,0.019,0.00,0.000,6.6,10.2,1.6,210,15,7.3,10.4,1.6,202,13,6.6,10.2,1.6,210,15,512,29.19,,0,0,,71.4,67.8,,0.41,0.13,
COPE,2017-08-21 16:35:00 EDT,43.92056,-75.60786,817,81.2,80.8,82.7,55.3,63.7,0.000,0.019,0.00,0.000,6.9,11.7,2.0,210,14,7.5,13.0,2.0,202,14,6.9,11.7,2.0,210,14,497,29.19,,0,0,,71.4,67.8,,0.41,0.13,
COPE,2017-08-21 16:40:00 EDT,43.92056,-75.60786,817,81.2,80.9,82.7,55.6,63.8,0.000,0.019,0.00,0.000,5.5,8.9,1.7,226,20,5.8,9.4,1.8,219,21,5.5,8.9,1.7,226,20,486,29.19,,0,0,,71.4,67.8,,0.41,0.13,
COPE,2017-08-21 16:45:00 EDT,43.92056,-75.60786,817,81.1,80.9,82.4,54.6,63.2,0.000,0.019,0.00,0.000,6.3,9.9,1.3,226,14,6.3,9.6,1.2,219,11,6.3,9.9,1.3,226,14,476,29.19,,0,0,,71.4,67.8,,0.41,0.13,
COPE,2017-08-21 16:50:00 EDT,43.92056,-75.60786,817,81.5,81.0,83.1,56.0,64.3,0.000,0.019,0.00,0.000,4.4,7.4,1.2,229,19,4.8,8.0,1.4,224,19,4.4,7.4,1.2,229,19,460,29.19,,0,0,,71.4,67.8,,0.41,0.13,
COPE,2017-08-21 16:55:00 EDT,43.92056,-75.60786,817,81.4,81.0,82.7,54.2,63.3,0.000,0.019,0.00,0.000,5.8,10.2,1.9,241,20,6.0,11.2,1.9,235,20,5.8,10.2,1.9,241,20,449,29.19,,0,0,,71.4,67.8,,0.41,0.13,
COPE,2017-08-21 17:00:00 EDT,43.92056,-75.60786,817,81.0,80.9,82.3,53.8,62.7,0.000,0.019,0.00,0.000,7.1,10.4,1.6,242,12,7.1,10.0,1.6,235,11,7.1,10.4,1.6,242,12,433,29.19,,0,0,,71.4,67.8,,0.41,0.13,
COPE,2017-08-21 17:05:00 EDT,43.92056,-75.60786,817,81.2,81.0,82.6,55.5,63.7,0.000,0.019,0.00,0.000,4.0,8.5,1.3,238,25,4.3,10.3,1.5,233,25,4.0,8.5,1.3,238,25,416,29.19,,0,0,,71.4,67.8,,0.41,0.13,
COPE,2017-08-21 17:10:00 EDT,43.92056,-75.60786,817,81.0,80.8,82.4,55.2,63.4,0.000,0.019,0.00,0.000,6.0,8.7,1.4,254,21,6.6,9.7,1.4,247,18,6.0,8.7,1.4,254,21,353,29.19,,0,0,,71.4,67.8,,0.41,0.13,
COPE,2017-08-21 17:15:00 EDT,43.92056,-75.60786,817,81.0,80.9,82.3,54.0,62.8,0.000,0.019,0.00,0.000,6.4,10.0,1.6,238,13,6.5,11.3,1.6,230,13,6.4,10.0,1.6,238,13,404,29.19,,0,0,,71.4,67.8,,0.41,0.13,
COPE,2017-08-21 17:20:00 EDT,43.92056,-75.60786,817,80.9,80.9,82.3,54.9,63.2,0.000,0.019,0.00,0.000,6.3,10.5,1.6,250,18,6.7,11.6,1.9,244,18,6.3,10.5,1.6,250,18,377,29.19,,0,0,,71.4,67.8,,0.41,0.13,
COPE,2017-08-21 17:25:00 EDT,43.92056,-75.60786,817,81.0,80.9,82.4,54.7,63.2,0.000,0.019,0.00,0.000,4.8,7.7,1.1,234,13,4.9,8.9,1.1,226,13,4.8,7.7,1.1,234,13,365,29.19,,0,0,,71.4,67.8,,0.41,0.13,
COPE,2017-08-21 17:30:00 EDT,43.92056,-75.60786,817,81.1,80.9,82.5,54.9,63.4,0.000,0.019,0.00,0.000,5.4,10.6,2.1,228,18,5.7,11.1,2.3,222,18,5.4,10.6,2.1,228,18,352,29.19,,0,0,,71.4,67.8,,0.41,0.13,
COPE,2017-08-21 17:35:00 EDT,43.92056,-75.60786,817,80.7,80.7,82.0,54.1,62.6,0.000,0.019,0.00,0.000,8.2,13.9,1.9,221,14,8.4,13.6,1.8,213,13,8.2,13.9,1.9,221,14,341,29.19,,0,0,,71.4,67.8,,0.41,0.13,
COPE,2017-08-21 17:40:00 EDT,43.92056,-75.60786,817,80.6,80.5,81.9,54.9,62.9,0.000,0.019,0.00,0.000,6.8,10.3,1.5,218,14,7.1,11.1,1.6,211,13,6.8,10.3,1.5,218,14,322,29.18,,0,0,,71.4,67.8,,0.41,0.13,
COPE,2017-08-21 17:45:00 EDT,43.92056,-75.60786,817,80.6,80.5,82.0,55.8,63.3,0.000,0.019,0.00,0.000,5.9,9.4,1.3,225,14,5.9,9.9,1.3,218,14,5.9,9.4,1.3,225,14,308,29.18,,0,0,,71.4,67.8,,0.41,0.13,
COPE,2017-08-21 17:50:00 EDT,43.92056,-75.60786,817,80.6,80.5,82.1,56.2,63.6,0.000,0.019,0.00,0.000,5.2,9.1,1.3,234,14,5.2,9.2,1.3,228,13,5.2,9.1,1.3,234,14,293,29.18,,0,0,,71.5,67.8,,0.41,0.13,
COPE,2017-08-21 17:55:00 EDT,43.92056,-75.60786,817,80.3,80.4,81.7,55.9,63.1,0.000,0.019,0.00,0.000,7.4,12.7,2.0,248,13,7.6,12.8,2.0,241,13,7.4,12.7,2.0,248,13,281,29.18,,0,0,,71.6,67.8,,0.41,0.13,
COPE,2017-08-21 18:00:00 EDT,43.92056,-75.60786,817,79.9,80.1,79.9,56.9,63.3,0.000,0.019,0.00,0.000,6.5,11.3,2.1,247,15,6.8,12.1,2.2,240,14,6.5,11.3,2.1,247,15,253,29.18,,0,0,,71.7,67.8,,0.41,0.13,
COPE,2017-08-21 18:05:00 EDT,43.92056,-75.60786,817,79.9,80.1,79.9,56.8,63.2,0.000,0.019,0.00,0.000,6.2,9.8,1.7,235,14,6.3,10.0,1.8,229,13,6.2,9.8,1.7,235,14,245,29.18,,0,0,,71.8,67.8,,0.41,0.13,
COPE,2017-08-21 18:10:00 EDT,43.92056,-75.60786,817,79.9,80.0,79.9,56.8,63.2,0.000,0.019,0.00,0.000,5.7,10.9,1.9,228,15,5.9,11.3,1.8,221,14,5.7,10.9,1.9,228,15,237,29.18,,0,0,,71.8,67.8,,0.41,0.13,
COPE,2017-08-21 18:15:00 EDT,43.92056,-75.60786,817,79.7,79.9,79.7,57.1,63.2,0.000,0.019,0.00,0.000,6.4,9.9,1.5,232,15,6.5,10.1,1.7,224,13,6.4,9.9,1.5,232,15,219,29.17,,0,0,,71.8,67.8,,0.41,0.13,
COPE,2017-08-21 18:20:00 EDT,43.92056,-75.60786,817,79.5,79.8,79.5,58.0,63.4,0.000,0.019,0.00,0.000,4.3,8.3,1.4,234,10,4.4,7.9,1.4,227,10,4.3,8.3,1.4,234,10,201,29.17,,0,0,,71.8,67.9,,0.41,0.13,
COPE,2017-08-21 18:25:00 EDT,43.92056,-75.60786,817,79.3,79.6,79.3,59.0,63.8,0.000,0.019,0.00,0.000,3.2,5.3,0.9,245,12,3.1,5.8,1.0,238,12,3.2,5.3,0.9,245,12,173,29.17,,0,0,,71.8,67.8,,0.41,0.13,
COPE,2017-08-21 18:30:00 EDT,43.92056,-75.60786,817,78.8,79.2,78.8,60.1,63.8,0.000,0.019,0.00,0.000,4.3,7.7,1.3,251,15,4.6,7.7,1.4,245,15,4.3,7.7,1.3,251,15,137,29.17,,0,0,,71.8,67.8,,0.41,0.13,
COPE,2017-08-21 18:35:00 EDT,43.92056,-75.60786,817,78.7,79.1,78.7,60.1,63.7,0.000,0.019,0.00,0.000,5.0,7.7,1.0,244,14,5.0,9.3,1.4,237,14,5.0,7.7,1.0,244,14,142,29.17,,0,0,,71.8,67.8,,0.41,0.13,
COPE,2017-08-21 18:40:00 EDT,43.92056,-75.60786,817,78.4,78.8,78.4,61.5,64.1,0.000,0.019,0.00,0.000,3.3,6.1,0.8,231,15,3.2,5.9,0.9,225,14,3.3,6.1,0.8,231,15,127,29.17,,0,0,,71.8,67.9,,0.41,0.13,
COPE,2017-08-21 18:45:00 EDT,43.92056,-75.60786,817,78.1,78.6,78.1,62.6,64.3,0.000,0.019,0.00,0.000,3.2,5.1,0.7,237,14,3.1,5.6,0.8,230,13,3.2,5.1,0.7,237,14,109,29.17,,0,0,,71.8,67.9,,0.41,0.13,
COPE,2017-08-21 18:50:00 EDT,43.92056,-75.60786,817,77.7,78.4,77.7,63.5,64.4,0.000,0.019,0.00,0.000,2.8,4.6,0.8,243,15,2.8,5.0,0.8,237,15,2.8,4.6,0.8,243,15,105,29.17,,0,0,,71.8,67.9,,0.41,0.13,
COPE,2017-08-21 18:55:00 EDT,43.92056,-75.60786,817,77.2,78.1,77.2,65.0,64.5,0.000,0.019,0.00,0.000,2.7,3.7,0.5,252,11,2.6,4.1,0.5,243,11,2.7,3.7,0.5,252,11,107,29.17,,0,0,,71.8,67.9,,0.41,0.13,
COPE,2017-08-21 19:00:00 EDT,43.92056,-75.60786,817,77.0,77.8,77.0,65.7,64.6,0.000,0.019,0.00,0.000,1.9,2.8,0.4,245,12,1.8,2.8,0.4,236,11,1.9,2.8,0.4,245,12,101,29.17,,0,0,,71.8,68.0,,0.41,0.13,
COPE,2017-08-21 19:05:00 EDT,43.92056,-75.60786,817,76.3,77.5,76.3,68.6,65.2,0.000,0.019,0.00,0.000,1.3,2.2,0.3,244,8,1.2,2.6,0.3,235,9,1.3,2.2,0.3,244,8,82,29.17,,0,0,,71.7,68.1,,0.41,0.13,
COPE,2017-08-21 19:10:00 EDT,43.92056,-75.60786,817,75.5,77.3,75.5,71.6,65.7,0.000,0.019,0.00,0.000,1.1,1.6,0.3,224,11,1.2,1.6,0.3,210,10,1.1,1.6,0.3,224,11,55,29.17,,0,0,,71.7,68.0,,0.41,0.13,
COPE,2017-08-21 19:15:00 EDT,43.92056,-75.60786,817,73.8,76.6,73.8,76.6,66.0,0.000,0.019,0.00,0.000,1.1,1.6,0.3,225,11,1.2,1.8,0.3,219,15,1.1,1.6,0.3,225,11,40,29.17,,0,0,,71.7,68.1,,0.41,0.13,
COPE,2017-08-21 19:20:00 EDT,43.92056,-75.60786,817,73.6,75.8,73.6,77.2,66.0,0.000,0.019,0.00,0.000,0.7,1.3,0.2,276,9,0.9,1.5,0.2,269,12,0.7,1.3,0.2,276,9,34,29.17,,0,0,,71.7,68.1,,0.41,0.13,
COPE,2017-08-21 19:25:00 EDT,43.92056,-75.60786,817,72.1,75.4,72.1,82.5,66.5,0.000,0.019,0.00,0.000,1.1,1.8,0.2,263,10,1.3,1.9,0.3,254,13,1.1,1.8,0.2,263,10,44,29.18,,0,0,,71.7,68.2,,0.41,0.13,
COPE,2017-08-21 19:30:00 EDT,43.92056,-75.60786,817,71.5,74.9,71.5,84.0,66.4,0.000,0.019,0.00,0.000,2.2,2.6,0.2,255,8,2.2,2.9,0.3,245,9,2.2,2.6,0.2,255,8,47,29.18,,0,0,,71.6,68.2,,0.41,0.13,
COPE,2017-08-21 19:35:00 EDT,43.92056,-75.60786,817,71.6,75.5,71.6,85.5,67.0,0.000,0.019,0.00,0.000,2.1,2.6,0.2,244,5,2.0,2.6,0.2,234,4,2.1,2.6,0.2,244,5,36,29.18,,0,0,,71.4,68.2,,0.41,0.13,
COPE,2017-08-21 19:40:00 EDT,43.92056,-75.60786,817,71.2,75.0,71.2,86.8,67.0,0.000,0.019,0.00,0.000,2.3,2.9,0.3,215,8,2.4,3.2,0.4,206,9,2.3,2.9,0.3,215,8,24,29.17,,0,0,,71.5,68.2,,0.41,0.13,
COPE,2017-08-21 19:45:00 EDT,43.92056,-75.60786,817,71.3,74.6,71.3,87.2,67.2,0.000,0.019,0.00,0.000,3.0,3.5,0.2,202,4,3.3,3.9,0.2,196,3,3.0,3.5,0.2,202,4,17,29.17,,0,0,,71.4,68.2,,0.41,0.13,
COPE,2017-08-21 19:50:00 EDT,43.92056,-75.60786,817,71.6,74.7,71.6,84.8,66.8,0.000,0.019,0.00,0.000,4.0,4.4,0.3,204,4,4.3,4.9,0.3,196,4,4.0,4.4,0.3,204,4,10,29.17,,0,0,,71.4,68.2,,0.41,0.13,
COPE,2017-08-21 19:55:00 EDT,43.92056,-75.60786,817,71.4,74.0,71.4,84.0,66.3,0.000,0.019,0.00,0.000,4.4,5.2,0.3,193,6,4.9,5.7,0.4,187,4,4.4,5.2,0.3,193,6,6,29.17,,0,0,,71.4,68.2,,0.41,0.13,
COPE,2017-08-21 20:00:00 EDT,43.92056,-75.60786,817,71.5,74.2,71.5,81.8,65.7,0.000,0.019,0.00,0.000,4.3,5.4,0.3,201,4,4.6,5.5,0.4,194,4,4.3,5.4,0.3,201,4,4,29.17,,0,0,,71.4,68.2,,0.41,0.13,
COPE,2017-08-21 20:05:00 EDT,43.92056,-75.60786,817,71.2,73.6,71.2,82.0,65.4,0.000,0.019,0.00,0.000,4.2,4.9,0.2,203,3,4.5,5.3,0.3,196,3,4.2,4.9,0.2,203,3,3,29.17,,0,0,,71.4,68.2,,0.41,0.13,
COPE,2017-08-21 20:10:00 EDT,43.92056,-75.60786,817,71.3,73.3,71.3,82.0,65.5,0.000,0.019,0.00,0.000,4.4,5.1,0.5,198,6,4.7,6.0,0.6,191,5,4.4,5.1,0.5,198,6,2,29.17,,0,0,,71.4,68.2,,0.41,0.13,
COPE,2017-08-21 20:15:00 EDT,43.92056,-75.60786,817,69.8,72.3,69.8,84.3,64.8,0.000,0.019,0.00,0.000,3.0,4.4,0.6,232,28,3.2,4.7,0.7,225,28,3.0,4.4,0.6,232,28,1,29.17,,0,0,,71.4,68.2,,0.41,0.13,
COPE,2017-08-21 20:20:00 EDT,43.92056,-75.60786,817,68.2,71.3,68.2,88.9,64.9,0.000,0.019,0.00,0.000,1.2,2.0,0.3,267,9,1.3,1.9,0.3,259,11,1.2,2.0,0.3,267,9,1,29.18,,0,0,,71.4,68.2,,0.41,0.13,
COPE,2017-08-21 20:25:00 EDT,43.92056,-75.60786,817,68.1,71.0,68.1,90.9,65.3,0.000,0.019,0.00,0.000,1.5,2.2,0.3,250,12,1.5,2.4,0.3,242,14,1.5,2.2,0.3,250,12,1,29.18,,0,0,,71.4,68.2,,0.41,0.13,
COPE,2017-08-21 20:30:00 EDT,43.92056,-75.60786,817,67.7,71.6,67.7,91.8,65.2,0.000,0.019,0.00,0.000,2.0,3.1,0.6,238,6,1.9,3.3,0.5,229,6,2.0,3.1,0.6,238,6,1,29.18,,0,0,,71.4,68.2,,0.41,0.13,
COPE,2017-08-21 20:35:00 EDT,43.92056,-75.60786,817,67.5,71.7,67.5,92.5,65.3,0.000,0.019,0.00,0.000,1.6,2.2,0.4,227,12,1.6,2.0,0.2,216,13,1.6,2.2,0.4,227,12,1,29.18,,0,0,,71.4,68.2,,0.41,0.13,
COPE,2017-08-21 20:40:00 EDT,43.92056,-75.60786,817,67.4,71.0,67.4,93.2,65.3,0.000,0.019,0.00,0.000,1.3,1.8,0.2,235,19,1.3,1.8,0.2,228,19,1.3,1.8,0.2,235,19,1,29.18,,0,0,,71.4,68.2,,0.41,0.13,
COPE,2017-08-21 20:45:00 EDT,43.92056,-75.60786,817,66.8,70.1,66.8,93.4,64.8,0.000,0.019,0.00,0.000,1.3,2.3,0.6,280,20,1.4,2.6,0.6,274,21,1.3,2.3,0.6,280,20,1,29.18,,0,0,,71.4,68.2,,0.41,0.13,
COPE,2017-08-21 20:50:00 EDT,43.92056,-75.60786,817,66.6,69.5,66.6,95.1,65.1,0.000,0.019,0.00,0.000,1.2,2.3,0.4,259,24,1.4,2.4,0.4,248,28,1.2,2.3,0.4,259,24,1,29.18,,0,0,,71.4,68.2,,0.41,0.13,
COPE,2017-08-21 20:55:00 EDT,43.92056,-75.60786,817,66.6,70.1,66.6,95.1,65.2,0.000,0.019,0.00,0.000,2.2,2.8,0.5,242,9,2.1,3.0,0.4,233,9,2.2,2.8,0.5,242,9,1,29.18,,0,0,,71.4,68.2,,0.41,0.13,
COPE,2017-08-21 21:00:00 EDT,43.92056,-75.60786,817,66.5,69.7,66.5,95.3,65.1,0.000,0.019,0.00,0.000,1.9,2.5,0.2,249,14,1.9,2.4,0.2,240,15,1.9,2.5,0.2,249,14,1,29.17,,0,0,,71.1,68.2,,0.41,0.13,
COPE,2017-08-21 21:05:00 EDT,43.92056,-75.60786,817,66.3,69.4,66.3,95.3,64.9,0.000,0.019,0.00,0.000,1.8,2.3,0.2,241,10,1.7,2.3,0.2,231,8,1.8,2.3,0.2,241,10,1,29.17,,0,0,,71.1,68.2,,0.41,0.13,
COPE,2017-08-21 21:10:00 EDT,43.92056,-75.60786,817,66.3,68.9,66.3,95.6,65.0,0.000,0.019,0.00,0.000,1.6,2.1,0.2,276,16,1.7,2.4,0.2,270,17,1.6,2.1,0.2,276,16,1,29.17,,0,0,,71.1,68.2,,0.41,0.13,
COPE,2017-08-21 21:15:00 EDT,43.92056,-75.60786,817,65.3,68.6,65.3,94.7,63.8,0.000,0.019,0.00,0.000,1.7,2.3,0.3,294,7,1.9,2.8,0.4,288,9,1.7,2.3,0.3,294,7,1,29.17,,0,0,,71.1,68.2,,0.41,0.13,
COPE,2017-08-21 21:20:00 EDT,43.92056,-75.60786,817,65.3,68.6,65.3,96.2,64.2,0.000,0.019,0.00,0.000,2.1,2.6,0.2,272,10,2.2,3.0,0.3,265,11,2.1,2.6,0.2,272,10,1,29.16,,0,0,,71.1,68.2,,0.41,0.13,
COPE,2017-08-21 21:25:00 EDT,43.92056,-75.60786,817,65.8,69.1,65.8,97.2,65.0,0.000,0.019,0.00,0.000,2.8,3.9,0.5,259,10,2.9,4.2,0.5,250,11,2.8,3.9,0.5,259,10,1,29.16,,0,0,,71.1,68.2,,0.41,0.13,
COPE,2017-08-21 21:30:00 EDT,43.92056,-75.60786,817,66.0,69.3,66.0,96.6,65.0,0.000,0.019,0.00,0.000,2.8,3.3,0.2,256,5,3.0,3.7,0.3,247,6,2.8,3.3,0.2,256,5,1,29.16,,0,0,,71.1,68.2,,0.41,0.13,
COPE,2017-08-21 21:35:00 EDT,43.92056,-75.60786,817,66.8,69.4,66.8,94.5,65.1,0.000,0.019,0.00,0.000,2.4,3.0,0.2,260,6,2.6,3.5,0.3,250,8,2.4,3.0,0.2,260,6,1,29.17,,0,0,,71.0,68.2,,0.41,0.13,
COPE,2017-08-21 21:40:00 EDT,43.92056,-75.60786,817,65.9,69.6,65.9,93.3,63.9,0.000,0.019,0.00,0.000,2.8,3.4,0.3,269,5,3.0,3.8,0.3,262,5,2.8,3.4,0.3,269,5,1,29.17,,0,0,,70.8,68.2,,0.41,0.13,
COPE,2017-08-21 21:45:00 EDT,43.92056,-75.60786,817,66.0,69.8,66.0,94.8,64.5,0.000,0.019,0.00,0.000,2.6,4.4,0.5,266,15,2.8,5.3,0.6,261,15,2.6,4.4,0.5,266,15,1,29.17,,0,0,,70.7,68.2,,0.41,0.13,
COPE,2017-08-21 21:50:00 EDT,43.92056,-75.60786,817,65.3,69.3,65.3,94.4,63.6,0.000,0.019,0.00,0.000,2.2,3.4,0.5,299,17,2.3,4.1,0.5,290,16,2.2,3.4,0.5,299,17,1,29.17,,0,0,,70.7,68.2,,0.41,0.13,
COPE,2017-08-21 21:55:00 EDT,43.92056,-75.60786,817,65.4,68.4,65.4,95.6,64.2,0.000,0.019,0.00,0.000,3.1,3.7,0.4,312,9,3.1,4.4,0.5,306,7,3.1,3.7,0.4,312,9,1,29.17,,0,0,,70.7,68.2,,0.41,0.13,
COPE,2017-08-21 22:00:00 EDT,43.92056,-75.60786,817,65.2,68.0,65.2,95.0,63.8,0.000,0.019,0.00,0.000,2.8,3.8,0.5,304,6,2.7,3.8,0.6,297,8,2.8,3.8,0.5,304,6,1,29.17,,0,0,,70.7,68.2,,0.41,0.13,
COPE,2017-08-21 22:05:00 EDT,43.92056,-75.60786,817,65.8,68.4,65.8,95.2,64.4,0.000,0.019,0.00,0.000,3.1,4.2,0.5,300,8,3.2,4.6,0.6,292,8,3.1,4.2,0.5,300,8,1,29.17,,0,0,,70.7,68.2,,0.41,0.13,
COPE,2017-08-21 22:10:00 EDT,43.92056,-75.60786,817,65.7,68.6,65.7,95.2,64.3,0.000,0.019,0.00,0.000,3.4,4.2,0.5,281,7,3.7,4.7,0.5,273,7,3.4,4.2,0.5,281,7,1,29.17,,0,0,,70.7,68.2,,0.41,0.13,
COPE,2017-08-21 22:15:00 EDT,43.92056,-75.60786,817,66.2,69.3,66.2,94.8,64.7,0.000,0.019,0.00,0.000,4.1,6.1,0.8,266,4,4.5,6.7,0.9,259,5,4.1,6.1,0.8,266,4,1,29.17,,0,0,,70.6,68.3,,0.41,0.13,
COPE,2017-08-21 22:20:00 EDT,43.92056,-75.60786,817,66.8,69.0,66.8,93.3,64.8,0.000,0.019,0.00,0.000,4.8,5.8,0.4,269,7,5.1,6.1,0.5,262,5,4.8,5.8,0.4,269,7,1,29.17,,0,0,,70.4,68.4,,0.41,0.13,
COPE,2017-08-21 22:25:00 EDT,43.92056,-75.60786,817,66.6,68.5,66.6,92.0,64.2,0.000,0.019,0.00,0.000,3.5,4.8,0.5,283,8,3.8,5.4,0.6,276,8,3.5,4.8,0.5,283,8,1,29.18,,0,0,,70.3,68.4,,0.41,0.13,
COPE,2017-08-21 22:30:00 EDT,43.92056,-75.60786,817,65.9,68.3,65.9,92.7,63.8,0.000,0.019,0.00,0.000,3.4,4.5,0.5,288,7,3.6,5.4,0.6,280,7,3.4,4.5,0.5,288,7,1,29.18,,0,0,,70.3,68.5,,0.41,0.13,
COPE,2017-08-21 22:35:00 EDT,43.92056,-75.60786,817,66.5,68.8,66.5,94.0,64.7,0.000,0.019,0.00,0.000,3.8,4.9,0.5,267,7,4.1,5.5,0.6,260,6,3.8,4.9,0.5,267,7,1,29.18,,0,0,,70.3,68.5,,0.41,0.13,
COPE,2017-08-21 22:40:00 EDT,43.92056,-75.60786,817,66.4,68.7,66.4,93.3,64.4,0.004,0.023,0.00,0.004,3.8,5.5,0.6,261,8,4.0,5.9,0.7,255,8,3.8,5.5,0.6,261,8,1,29.18,,0,0,,70.3,68.5,,0.41,0.13,
COPE,2017-08-21 22:45:00 EDT,43.92056,-75.60786,817,66.1,68.2,66.1,93.0,64.0,0.000,0.023,0.00,0.004,2.9,3.9,0.4,271,10,3.2,4.5,0.5,264,10,2.9,3.9,0.4,271,10,1,29.18,,0,0,,70.3,68.5,,0.41,0.13,
COPE,2017-08-21 22:50:00 EDT,43.92056,-75.60786,817,66.4,68.1,66.4,93.9,64.5,0.000,0.023,0.00,0.004,2.5,3.9,0.4,263,8,2.7,4.3,0.5,256,9,2.5,3.9,0.4,263,8,1,29.18,,0,0,,70.3,68.5,,0.41,0.13,
COPE,2017-08-21 22:55:00 EDT,43.92056,-75.60786,817,66.3,68.0,66.3,93.1,64.3,0.000,0.023,0.00,0.004,3.5,4.8,0.7,253,9,3.7,6.6,0.9,245,10,3.5,4.8,0.7,253,9,1,29.18,,0,0,,70.3,68.5,,0.41,0.13,
COPE,2017-08-21 23:00:00 EDT,43.92056,-75.60786,817,66.3,67.9,66.3,93.2,64.2,0.000,0.023,0.00,0.004,3.9,5.6,0.8,248,13,4.1,5.9,0.9,242,11,3.9,5.6,0.8,248,13,1,29.18,,0,0,,70.1,68.5,,0.41,0.13,
COPE,2017-08-21 23:05:00 EDT,43.92056,-75.60786,817,66.7,68.3,66.7,93.0,64.6,0.000,0.023,0.00,0.004,3.8,5.3,0.6,236,10,3.7,5.5,0.7,229,10,3.8,5.3,0.6,236,10,1,29.17,,0,0,,70.0,68.5,,0.41,0.13,
COPE,2017-08-21 23:10:00 EDT,43.92056,-75.60786,817,66.7,68.4,66.7,91.7,64.2,0.000,0.023,0.00,0.004,3.3,4.5,0.5,239,6,3.1,4.7,0.7,232,6,3.3,4.5,0.5,239,6,1,29.17,,0,0,,70.0,68.5,,0.41,0.13,
COPE,2017-08-21 23:15:00 EDT,43.92056,-75.60786,817,66.0,67.9,66.0,93.2,64.0,0.002,0.025,0.00,0.006,2.4,3.7,0.5,245,9,2.2,4.0,0.5,237,8,2.4,3.7,0.5,245,9,1,29.17,,0,0,,70.0,68.5,,0.41,0.13,
COPE,2017-08-21 23:20:00 EDT,43.92056,-75.60786,817,66.0,67.8,66.0,93.6,64.1,0.000,0.025,0.00,0.006,2.4,3.4,0.4,261,5,2.5,3.4,0.4,253,7,2.4,3.4,0.4,261,5,1,29.17,,0,0,,70.0,68.5,,0.41,0.13,
COPE,2017-08-21 23:25:00 EDT,43.92056,-75.60786,817,65.8,67.7,65.8,94.1,64.1,0.000,0.025,0.00,0.006,2.8,3.9,0.5,255,7,2.8,4.1,0.6,246,7,2.8,3.9,0.5,255,7,1,29.17,,0,0,,70.0,68.5,,0.41,0.13,
COPE,2017-08-21 23:30:00 EDT,43.92056,-75.60786,817,66.2,67.9,66.2,93.9,64.4,0.000,0.025,0.00,0.006,3.8,4.5,0.4,243,5,3.7,4.7,0.5,234,5,3.8,4.5,0.4,243,5,1,29.17,,0,0,,70.0,68.5,,0.41,0.13,
COPE,2017-08-21 23:35:00 EDT,43.92056,-75.60786,817,65.6,67.4,65.6,92.7,63.5,0.000,0.025,0.00,0.006,2.1,3.6,1.1,232,26,2.1,3.6,0.9,219,31,2.1,3.6,1.1,232,26,1,29.16,,0,0,,70.0,68.5,,0.41,0.13,
COPE,2017-08-21 23:40:00 EDT,43.92056,-75.60786,817,64.4,66.3,64.4,94.6,62.9,0.000,0.025,0.00,0.002,1.4,1.9,0.3,115,13,1.7,2.3,0.3,105,14,1.4,1.9,0.3,115,13,1,29.16,,0,0,,70.0,68.5,,0.41,0.13,
COPE,2017-08-21 23:45:00 EDT,43.92056,-75.60786,817,63.7,66.3,63.7,96.0,62.5,0.000,0.025,0.00,0.002,1.0,1.6,0.4,72,14,1.3,2.1,0.4,62,17,1.0,1.6,0.4,72,14,1,29.17,,0,0,,69.8,68.5,,0.41,0.13,
COPE,2017-08-21 23:50:00 EDT,43.92056,-75.60786,817,63.5,66.0,63.5,96.0,62.4,0.000,0.025,0.00,0.002,0.2,0.7,0.3,61,6,0.7,1.1,0.2,54,14,0.2,0.7,0.3,61,6,1,29.17,,0,0,,69.6,68.5,,0.41,0.13,
COPE,2017-08-21 23:55:00 EDT,43.92056,-75.60786,817,63.4,65.6,63.4,96.9,62.5,0.000,0.025,0.00,0.002,0.1,0.9,0.2,185,4,0.6,1.2,0.2,133,35,0.1,0.9,0.2,185,4,1,29.17,,0,0,,69.6,68.5,,0.41,0.13,
CROG,2017-08-21 00:00:00 EDT,43.97496,-75.20100,1375,55.1,55.4,55.1,98.1,54.5,0.000,0.000,0.00,0.000,0.0,0.0,0.0,0,0,0.0,0.0,0.0,0,0,0.0,0.0,0.0,0,0,0,28.69,,0,0,0,69.6,68.5,66.4,0.06,0.11,0.07
CROG,2017-08-21 00:05:00 EDT,43.97496,-75.20100,1375,55.1,55.3,55.1,98.2,54.6,0.000,0.000,0.00,0.000,0.0,0.0,0.0,0,0,0.0,1.0,0.1,59,11,0.0,0.0,0.0,0,0,0,28.69,,0,0,0,69.6,68.5,66.4,0.06,0.11,0.07
CROG,2017-08-21 00:10:00 EDT,43.97496,-75.20100,1375,55.0,55.2,55.0,98.3,54.5,0.000,0.000,0.00,0.000,0.0,0.0,0.0,0,0,0.1,0.8,0.2,130,3,0.0,0.0,0.0,0,0,0,28.69,,0,0,0,69.6,68.5,66.4,0.07,0.11,0.07
CROG,2017-08-21 00:15:00 EDT,43.97496,-75.20100,1375,54.9,55.3,54.9,98.2,54.5,0.000,0.000,0.00,0.000,0.0,0.0,0.0,0,0,0.1,0.8,0.2,80,9,0.0,0.0,0.0,0,0,0,28.69,,0,0,0,69.5,68.5,66.4,0.07,0.11,0.07
CROG,2017-08-21 00:20:00 EDT,43.97496,-75.20100,1375,54.9,55.3,54.9,98.3,54.4,0.000,0.000,0.00,0.000,0.0,0.0,0.0,0,0,0.0,0.0,0.0,0,0,0.0,0.0,0.0,0,0,0,28.69,,0,0,0,69.3,68.5,66.4,0.07,0.11,0.07
CROG,2017-08-21 00:25:00 EDT,43.97496,-75.20100,1375,55.0,55.3,55.0,98.3,54.5,0.000,0.000,0.00,0.000,0.0,0.0,0.0,0,0,0.1,0.9,0.2,283,3,0.0,0.0,0.0,0,0,0,28.69,,0,0,0,69.3,68.5,66.4,0.07,0.11,0.07
CROG,2017-08-21 00:30:00 EDT,43.97496,-75.20100,1375,55.0,55.3,55.0,98.4,54.5,0.000,0.000,0.00,0.000,0.0,0.0,0.0,0,0,0.0,0.8,0.1,127,0,0.0,0.0,0.0,0,0,0,28.69,,0,0,0,69.3,68.5,66.4,0.07,0.11,0.07
CROG,2017-08-21 00:35:00 EDT,43.97496,-75.20100,1375,55.0,55.3,55.0,98.4,54.5,0.000,0.000,0.00,0.000,0.0,0.0,0.0,0,0,0.1,1.0,0.3,57,23,0.0,0.0,0.0,0,0,0,28.69,,0,0,0,69.3,68.5,66.4,0.06,0.11,0.07
CROG,2017-08-21 00:40:00 EDT,43.97496,-75.20100,1375,54.9,55.3,54.9,98.4,54.5,0.000,0.000,0.00,0.000,0.0,0.0,0.0,0,0,0.0,1.0,0.2,242,7,0.0,0.0,0.0,0,0,0,28.70,,0,0,0,69.3,68.5,66.4,0.06,0.11,0.07
CROG,2017-08-21 00:45:00 EDT,43.97496,-75.20100,1375,55.0,55.3,55.0,98.5,54.6,0.000,0.000,0.00,0.000,0.0,0.3,0.0,222,0,0.0,0.8,0.2,209,1,0.0,0.3,0.0,222,0,0,28.69,,0,0,0,69.3,68.5,66.4,0.07,0.11,0.07
CROG,2017-08-21 00:50:00 EDT,43.97496,-75.20100,1375,55.0,55.2,55.0,98.5,54.6,0.000,0.000,0.00,0.000,0.0,0.0,0.0,0,0,0.0,0.8,0.1,261,4,0.0,0.0,0.0,0,0,0,28.69,,0,0,0,69.2,68.5,66.4,0.06,0.11,0.07
CROG,2017-08-21 00:55:00 EDT,43.97496,-75.20100,1375,54.9,55.2,54.9,98.5,54.5,0.000,0.000,0.00,0.000,0.0,0.0,0.0,0,0,0.0,0.0,0.0,0,0,0.0,0.0,0.0,0,0,0,28.69,,0,0,0,69.1,68.5,66.4,0.06,0.11,0.07
CROG,2017-08-21 01:00:00 EDT,43.97496,-75.20100,1375,54.9,55.2,54.9,98.5,54.5,0.000,0.000,0.00,0.000,0.0,0.6,0.1,109,0,0.2,1.1,0.4,113,5,0.0,0.6,0.1,109,0,0,28.69,,0,0,0,68.9,68.5,66.4,0.06,0.11,0.07
CROG,2017-08-21 01:05:00 EDT,43.97496,-75.20100,1375,54.9,55.2,54.9,98.5,54.5,0.000,0.000,0.00,0.000,0.0,0.0,0.0,0,0,0.0,0.0,0.0,0,0,0.0,0.0,0.0,0,0,0,28.69,,0,0,0,68.9,68.5,66.4,0.06,0.11,0.07
CROG,2017-08-21 01:10:00 EDT,43.97496,-75.20100,1375,54.9,55.3,54.9,98.5,54.5,0.000,0.000,0.00,0.000,0.0,0.0,0.0,0,0,0.0,0.0,0.0,0,0,0.0,0.0,0.0,0,0,0,28.69,,0,0,0,68.9,68.5,66.4,0.06,0.11,0.07
CROG,2017-08-21 01:15:00 EDT,43.97496,-75.20100,1375,55.0,55.3,55.0,98.5,54.5,0.000,0.000,0.00,0.000,0.0,0.0,0.0,0,0,0.0,0.0,0.0,0,0,0.0,0.0,0.0,0,0,0,28.69,,0,0,0,68.9,68.5,66.4,0.06,0.11,0.07
CROG,2017-08-21 01:20:00 EDT,43.97496,-75.20100,1375,55.1,55.4,55.1,98.6,54.7,0.000,0.000,0.00,0.000,0.0,0.0,0.0,0,0,0.0,0.9,0.1,352,1,0.0,0.0,0.0,0,0,0,28.69,,0,0,0,68.9,68.5,66.4,0.06,0.11,0.07
CROG,2017-08-21 01:25:00 EDT,43.97496,-75.20100,1375,55.2,55.5,55.2,98.7,54.8,0.000,0.000,0.00,0.000,0.0,0.0,0.0,0,0,0.0,0.0,0.0,0,0,0.0,0.0,0.0,0,0,0,28.69,,0,0,0,68.8,68.5,66.4,0.06,0.11,0.07
CROG,2017-08-21 01:30:00 EDT,43.97496,-75.20100,1375,55.1,55.4,55.1,98.7,54.8,0.000,0.000,0.00,0.000,0.0,0.0,0.0,0,0,0.0,0.0,0.0,0,0,0.0,0.0,0.0,0,0,0,28.69,,0,0,0,68.7,68.5,66.4,0.06,0.11,0.07
CROG,2017-08-21 01:35:00 EDT,43.97496,-75.20100,1375,55.2,55.4,55.2,98.7,54.8,0.000,0.000,0.00,0.000,0.0,0.0,0.0,0,0,0.0,0.0,0.0,0,0,0.0,0.0,0.0,0,0,0,28.69,,0,0,0,68.5,68.5,66.4,0.06,0.11,0.07
CROG,2017-08-21 01:40:00 EDT,43.97496,-75.20100,1375,55.1,55.4,55.1,98.6,54.7,0.000,0.000,0.00,0.000,0.0,0.0,0.0,0,0,0.0,0.0,0.0,0,0,0.0,0.0,0.0,0,0,0,28.70,,0,0,0,68.5,68.5,66.4,0.06,0.11,0.07
CROG,2017-08-21 01:45:00 EDT,43.97496,-75.20100,1375,55.1,55.4,55.1,98.6,54.7,0.000,0.000,0.00,0.000,0.0,0.0,0.0,0,0,0.0,0.0,0.0,0,0,0.0,0.0,0.0,0,0,0,28.70,,0,0,0,68.5,68.5,66.4,0.06,0.11,0.07
CROG,2017-08-21 01:50:00 EDT,43.97496,-75.20100,1375,54.9,55.3,54.9,98.6,54.6,0.000,0.000,0.00,0.000,0.0,0.0,0.0,0,0,0.0,0.0,0.0,0,0,0.0,0.0,0.0,0,0,0,28.69,,0,0,0,68.5,68.5,66.4,0.06,0.11,0.07
CROG,2017-08-21 01:55:00 EDT,43.97496,-75.20100,1375,55.0,55.3,55.0,98.6,54.6,0.000,0.000,0.00,0.000,0.0,0.0,0.0,0,0,0.0,0.0,0.0,0,0,0.0,0.0,0.0,0,0,0,28.69,,0,0,0,68.5,68.5,66.4,0.06,0.11,0.07
CROG,2017-08-21 02:00:00 EDT,43.97496,-75.20100,1375,55.1,55.4,55.1,98.6,54.7,0.000,0.000,0.00,0.000,0.0,0.0,0.0,0,0,0.0,0.0,0.0,0,0,0.0,0.0,0.0,0,0,0,28.69,,0,0,0,68.5,68.5,66.4,0.06,0.11,0.07
CROG,2017-08-21 02:05:00 EDT,43.97496,-75.20100,1375,55.0,55.4,55.0,98.6,54.6,0.000,0.000,0.00,0.000,0.0,0.0,0.0,0,0,0.0,1.3,0.1,94,0,0.0,0.0,0.0,0,0,0,28.69,,0,0,0,68.5,68.5,66.4,0.06,0.11,0.07
CROG,2017-08-21 02:10:00 EDT,43.97496,-75.20100,1375,55.0,55.3,55.0,98.6,54.6,0.000,0.000,0.00,0.000,0.0,0.0,0.0,0,0,0.0,0.0,0.0,0,0,0.0,0.0,0.0,0,0,0,28.69,,0,0,0,68.5,68.5,66.4,0.06,0.11,0.07
CROG,2017-08-21 02:15:00 EDT,43.97496,-75.20100,1375,55.0,55.3,55.0,98.7,54.6,0.000,0.000,0.00,0.000,0.0,0.0,0.0,0,0,0.0,0.0,0.0,0,0,0.0,0.0,0.0,0,0,0,28.69,,0,0,0,68.4,68.5,66.4,0.06,0.11,0.07
CROG,2017-08-21 02:20:00 EDT,43.97496,-75.20100,1375,55.0,55.3,55.0,98.7,54.6,0.000,0.000,0.00,0.000,0.0,0.0,0.0,0,0,0.0,0.8,0.1,347,0,0.0,0.0,0.0,0,0,0,28.69,,0,0,0,68.2,68.5,66.4,0.06,0.11,0.07
CROG,2017-08-21 02:25:00 EDT,43.97496,-75.20100,1375,55.0,55.3,55.0,98.7,54.7,0.000,0.000,0.00,0.000,0.0,0.0,0.0,0,0,0.0,0.8,0.1,330,2,0.0,0.0,0.0,0,0,0,28.69,,0,0,0,68.2,68.5,66.4,0.06,0.11,0.07
CROG,2017-08-21 02:30:00 EDT,43.97496,-75.20100,1375,54.9,55.3,54.9,98.7,54.5,0.000,0.000,0.00,0.000,0.0,0.0,0.0,0,0,0.0,0.0,0.0,0,0,0.0,0.0,0.0,0,0,0,28.69,,0,0,0,68.2,68.5,66.4,0.06,0.11,0.07
CROG,2017-08-21 02:35:00 EDT,43.97496,-75.20100,1375,55.0,55.3,55.0,98.7,54.6,0.000,0.000,0.00,0.000,0.0,0.0,0.0,0,0,0.0,0.0,0.0,0,0,0.0,0.0,0.0,0,0,0,28.69,,0,0,0,68.2,68.5,66.4,0.06,0.11,0.07
CROG,2017-08-21 02:40:00 EDT,43.97496,-75.20100,1375,55.0,55.3,55.0,98.7,54.6,0.000,0.000,0.00,0.000,0.0,0.0,0.0,0,0,0.0,0.8,0.2,292,1,0.0,0.0,0.0,0,0,0,28.69,,0,0,0,68.2,68.5,66.4,0.06,0.11,0.07
CROG,2017-08-21 02:45:00 EDT,43.97496,-75.20100,1375,55.0,55.3,55.0,98.7,54.6,0.000,0.000,0.00,0.000,0.0,0.0,0.0,0,0,0.0,0.0,0.0,0,0,0.0,0.0,0.0,0,0,0,28.69,,0,0,0,68.2,68.5,66.4,0.06,0.11,0.07
CROG,2017-08-21 02:50:00 EDT,43.97496,-75.20100,1375,55.1,55.4,55.1,98.8,54.7,0.000,0.000,0.00,0.000,0.0,0.0,0.0,0,0,0.0,0.0,0.0,0,0,0.0,0.0,0.0,0,0,0,28.69,,0,0,0,68.1,68.5,66.4,0.06,0.11,0.07
CROG,2017-08-21 02:55:00 EDT,43.97496,-75.20100,1375,55.1,55.4,55.1,98.8,54.8,0.000,0.000,0.00,0.000,0.0,0.0,0.0,0,0,0.0,0.0,0.0,0,0,0.0,0.0,0.0,0,0,0,28.69,,0,0,0,67.8,68.5,66.4,0.06,0.11,0.07
CROG,2017-08-21 03:00:00 EDT,43.97496,-75.20100,1375,55.3,55.5,55.3,98.8,55.0,0.000,0.000,0.00,0.000,0.0,0.0,0.0,0,0,0.0,0.0,0.0,0,0,0.0,0.0,0.0,0,0,0,28.69,,0,0,0,67.8,68.5,66.4,0.06,0.11,0.07
CROG,2017-08-21 03:05:00 EDT,43.97496,-75.20100,1375,55.4,55.7,55.4,98.9,55.1,0.000,0.000,0.00,0.000,0.0,0.0,0.0,0,0,0.0,0.0,0.0,0,0,0.0,0.0,0.0,0,0,0,28.69,,0,0,0,67.8,68.5,66.4,0.06,0.11,0.07
CROG,2017-08-21 03:10:00 EDT,43.97496,-75.20100,1375,55.6,55.8,55.6,98.9,55.3,0.000,0.000,0.00,0.000,0.0,0.0,0.0,0,0,0.1,0.9,0.2,279,2,0.0,0.0,0.0,0,0,0,28.69,,0,0,0,67.8,68.5,66.4,0.06,0.11,0.07
CROG,2017-08-21 03:15:00 EDT,43.97496,-75.20100,1375,55.6,56.0,55.6,98.9,55.3,0.000,0.000,0.00,0.000,0.0,0.0,0.0,0,0,0.0,0.0,0.0,0,0,0.0,0.0,0.0,0,0,0,28.69,,0,0,0,67.8,68.5,66.4,0.06,0.11,0.07
CROG,2017-08-21 03:20:00 EDT,43.97496,-75.20100,1375,55.6,56.0,55.6,98.9,55.3,0.000,0.000,0.00,0.000,0.0,0.0,0.0,0,0,0.0,0.0,0.0,0,0,0.0,0.0,0.0,0,0,0,28.69,,0,0,0,67.8,68.5,66.4,0.06,0.11,0.07
CROG,2017-08-21 03:25:00 EDT,43.97496,-75.20100,1375,55.7,55.9,55.7,98.9,55.4,0.000,0.000,0.00,0.000,0.0,0.0,0.0,0,0,0.0,0.0,0.0,0,0,0.0,0.0,0.0,0,0,0,28.69,,0,0,0,67.8,68.5,66.4,0.06,0.11,0.07
CROG,2017-08-21 03:30:00 EDT,43.97496,-75.20100,1375,55.6,55.8,55.6,98.9,55.3,0.000,0.000,0.00,0.000,0.0,0.0,0.0,0,0,0.0,0.0,0.0,0,0,0.0,0.0,0.0,0,0,0,28.69,,0,0,0,67.8,68.5,66.4,0.06,0.11,0.07
CROG,2017-08-21 03:35:00 EDT,43.97496,-75.20100,1375,55.4,55.7,55.4,98.8,55.1,0.000,0.000,0.00,0.000,0.0,0.0,0.0,0,0,0.0,0.0,0.0,0,0,0.0,0.0,0.0,0,0,0,28.69,,0,0,0,67.8,68.5,66.4,0.06,0.11,0.07
CROG,2017-08-21 03:40:00 EDT,43.97496,-75.20100,1375,55.3,55.7,55.3,98.8,55.0,0.000,0.000,0.00,0.000,0.0,0.0,0.0,0,0,0.0,0.0,0.0,0,0,0.0,0.0,0.0,0,0,0,28.69,,0,0,0,67.7,68.5,66.4,0.06,0.11,0.07
CROG,2017-08-21 03:45:00 EDT,43.97496,-75.20100,1375,55.6,55.7,55.6,98.8,55.3,0.000,0.000,0.00,0.000,0.0,0.0,0.0,0,0,0.0,0.8,0.2,284,1,0.0,0.0,0.0,0,0,0,28.70,,0,0,0,67.6,68.5,66.4,0.06,0.11,0.07
CROG,2017-08-21 03:50:00 EDT,43.97496,-75.20100,1375,55.6,55.8,55.6,98.9,55.3,0.000,0.000,0.00,0.000,0.0,0.0,0.0,0,0,0.0,1.2,0.2,93,0,0.0,0.0,0.0,0,0,0,28.70,,0,0,0,67.5,68.5,66.4,0.06,0.11,0.07
CROG,2017-08-21 03:55:00 EDT,43.97496,-75.20100,1375,55.5,55.9,55.5,98.8,55.1,0.000,0.000,0.00,0.000,0.0,0.0,0.0,0,0,0.0,0.7,0.1,96,0,0.0,0.0,0.0,0,0,0,28.70,,0,0,0,67.5,68.5,66.4,0.06,0.11,0.07
CROG,2017-08-21 04:00:00 EDT,43.97496,-75.20100,1375,55.5,55.9,55.5,98.8,55.1,0.000,0.000,0.00,0.000,0.0,0.0,0.0,0,0,0.0,0.0,0.0,0,0,0.0,0.0,0.0,0,0,0,28.70,,0,0,0,67.5,68.5,66.4,0.06,0.11,0.07
CROG,2017-08-21 04:05:00 EDT,43.97496,-75.20100,1375,55.7,56.0,55.7,98.9,55.4,0.000,0.000,0.00,0.000,0.0,0.0,0.0,0,0,0.0,0.8,0.1,358,0,0.0,0.0,0.0,0,0,0,28.69,,0,0,0,67.5,68.5,66.4,0.06,0.11,0.07
CROG,2017-08-21 04:10:00 EDT,43.97496,-75.20100,1375,55.8,56.1,55.8,98.9,55.5,0.000,0.000,0.00,0.000,0.0,0.0,0.0,0,0,0.0,0.0,0.0,0,0,0.0,0.0,0.0,0,0,0,28.69,,0,0,0,67.5,68.5,66.4,0.06,0.11,0.07
CROG,2017-08-21 04:15:00 EDT,43.97496,-75.20100,1375,55.7,56.2,55.7,98.9,55.4,0.000,0.000,0.00,0.000,0.0,0.0,0.0,0,0,0.0,0.8,0.1,98,0,0.0,0.0,0.0,0,0,0,28.70,,0,0,0,67.5,68.5,66.4,0.06,0.11,0.07
CROG,2017-08-21 04:20:00 EDT,43.97496,-75.20100,1375,55.7,56.0,55.7,98.9,55.4,0.000,0.000,0.00,0.000,0.0,0.0,0.0,0,0,0.0,0.0,0.0,0,0,0.0,0.0,0.0,0,0,0,28.70,,0,0,0,67.5,68.5,66.4,0.06,0.11,0.07
CROG,2017-08-21 04:25:00 EDT,43.97496,-75.20100,1375,55.7,56.0,55.7,98.9,55.4,0.000,0.000,0.00,0.000,0.0,0.0,0.0,0,0,0.1,0.9,0.2,280,1,0.0,0.0,0.0,0,0,0,28.70,,0,0,0,67.4,68.5,66.4,0.06,0.11,0.07
CROG,2017-08-21 04:30:00 EDT,43.97496,-75.20100,1375,55.6,56.0,55.6,98.9,55.3,0.000,0.000,0.00,0.000,0.0,0.0,0.0,0,0,0.0,0.0,0.0,0,0,0.0,0.0,0.0,0,0,0,28.70,,0,0,0,67.3,68.5,66.4,0.06,0.11,0.07
CROG,2017-08-21 04:35:00 EDT,43.97496,-75.20100,1375,55.6,56.1,55.6,98.9,55.3,0.000,0.000,0.00,0.000,0.0,0.0,0.0,0,0,0.0,0.7,0.1,284,1,0.0,0.0,0.0,0,0,0,28.70,,0,0,0,67.1,68.5,66.4,0.06,0.11,0.07
CROG,2017-08-21 04:40:00 EDT,43.97496,-75.20100,1375,55.7,56.1,55.7,98.9,55.4,0.000,0.000,0.00,0.000,0.0,0.0,0.0,0,0,0.0,0.0,0.0,0,0,0.0,0.0,0.0,0,0,0,28.70,,0,0,0,67.1,68.5,66.4,0.06,0.11,0.07
CROG,2017-08-21 04:45:00 EDT,43.97496,-75.20100,1375,55.7,56.1,55.7,98.9,55.4,0.000,0.000,0.00,0.000,0.0,0.0,0.0,0,0,0.0,0.0,0.0,0,0,0.0,0.0,0.0,0,0,0,28.70,,0,0,0,67.1,68.5,66.4,0.06,0.11,0.07
CROG,2017-08-21 04:50:00 EDT,43.97496,-75.20100,1375,55.6,55.9,55.6,98.9,55.2,0.000,0.000,0.00,0.000,0.0,0.0,0.0,0,0,0.0,0.9,0.2,6,1,0.0,0.0,0.0,0,0,0,28.70,,0,0,0,67.1,68.5,66.4,0.06,0.11,0.07
CROG,2017-08-21 04:55:00 EDT,43.97496,-75.20100,1375,55.4,55.8,55.4,98.8,55.1,0.000,0.000,0.00,0.000,0.0,0.0,0.0,0,0,0.1,1.1,0.3,218,18,0.0,0.0,0.0,0,0,0,28.70,,0,0,0,67.1,68.5,66.4,0.06,0.11,0.07
CROG,2017-08-21 05:00:00 EDT,43.97496,-75.20100,1375,55.3,55.6,55.3,98.8,55.0,0.000,0.000,0.00,0.000,0.0,0.0,0.0,0,0,0.0,0.9,0.1,221,0,0.0,0.0,0.0,0,0,0,28.70,,0,0,0,67.1,68.5,66.4,0.06,0.11,0.07
CROG,2017-08-21 05:05:00 EDT,43.97496,-75.20100,1375,55.4,55.5,55.4,98.8,55.1,0.000,0.000,0.00,0.000,0.0,0.0,0.0,0,0,0.1,1.0,0.2,299,7,0.0,0.0,0.0,0,0,0,28.70,,0,0,0,67.1,68.5,66.4,0.06,0.11,0.07
CROG,2017-08-21 05:10:00 EDT,43.97496,-75.20100,1375,55.3,55.5,55.3,98.8,54.9,0.000,0.000,0.00,0.000,0.0,0.0,0.0,0,0,0.0,0.8,0.1,11,0,0.0,0.0,0.0,0,0,0,28.70,,0,0,0,67.1,68.5,66.4,0.06,0.11,0.07
CROG,2017-08-21 05:15:00 EDT,43.97496,-75.20100,1375,55.3,55.6,55.3,98.8,54.9,0.000,0.000,0.00,0.000,0.0,0.0,0.0,0,0,0.1,1.2,0.3,3,2,0.0,0.0,0.0,0,0,0,28.70,,0,0,0,67.1,68.5,66.4,0.06,0.11,0.07
CROG,2017-08-21 05:20:00 EDT,43.97496,-75.20100,1375,55.5,55.7,55.5,98.9,55.2,0.000,0.000,0.00,0.000,0.0,0.0,0.0,0,0,0.1,0.9,0.2,3,1,0.0,0.0,0.0,0,0,0,28.70,,0,0,0,67.1,68.5,66.4,0.06,0.11,0.07
CROG,2017-08-21 05:25:00 EDT,43.97496,-75.20100,1375,55.6,55.9,55.6,98.9,55.3,0.000,0.000,0.00,0.000,0.0,0.0,0.0,0,0,0.0,0.0,0.0,0,0,0.0,0.0,0.0,0,0,0,28.70,,0,0,0,67.1,68.5,66.4,0.06,0.11,0.07
CROG,2017-08-21 05:30:00 EDT,43.97496,-75.20100,1375,55.6,55.9,55.6,98.9,55.2,0.000,0.000,0.00,0.000,0.0,0.0,0.0,0,0,0.0,0.0,0.0,0,0,0.0,0.0,0.0,0,0,0,28.70,,0,0,0,66.9,68.5,66.4,0.06,0.11,0.07
CROG,2017-08-21 05:35:00 EDT,43.97496,-75.20100,1375,55.4,55.7,55.4,98.9,55.1,0.000,0.000,0.00,0.000,0.0,0.0,0.0,0,0,0.0,1.8,0.2,72,2,0.0,0.0,0.0,0,0,0,28.70,,0,0,0,66.8,68.5,66.4,0.06,0.11,0.07
CROG,2017-08-21 05:40:00 EDT,43.97496,-75.20100,1375,55.5,55.8,55.5,98.9,55.2,0.000,0.000,0.00,0.000,0.0,0.0,0.0,0,0,0.0,0.8,0.1,320,0,0.0,0.0,0.0,0,0,0,28.70,,0,0,0,66.8,68.5,66.4,0.06,0.11,0.07
CROG,2017-08-21 05:45:00 EDT,43.97496,-75.20100,1375,55.4,55.8,55.4,98.9,55.1,0.000,0.000,0.00,0.000,0.0,0.0,0.0,0,0,0.0,0.8,0.2,324,3,0.0,0.0,0.0,0,0,0,28.70,,0,0,0,66.7,68.5,66.4,0.06,0.11,0.07
CROG,2017-08-21 05:50:00 EDT,43.97496,-75.20100,1375,55.5,55.8,55.5,98.9,55.2,0.000,0.000,0.00,0.000,0.0,0.0,0.0,0,0,0.0,1.4,0.2,92,0,0.0,0.0,0.0,0,0,0,28.71,,0,0,0,66.7,68.5,66.4,0.06,0.11,0.07
CROG,2017-08-21 05:55:00 EDT,43.97496,-75.20100,1375,55.4,55.9,55.4,98.9,55.1,0.000,0.000,0.00,0.000,0.0,0.3,0.0,324,0,0.2,1.3,0.4,324,10,0.0,0.3,0.0,324,0,0,28.71,,0,0,0,66.7,68.5,66.4,0.06,0.11,0.07
CROG,2017-08-21 06:00:00 EDT,43.97496,-75.20100,1375,55.6,56.0,55.6,98.9,55.3,0.000,0.000,0.00,0.000,0.0,0.0,0.0,0,0,0.0,0.8,0.1,341,0,0.0,0.0,0.0,0,0,0,28.70,,0,0,0,66.7,68.5,66.4,0.06,0.11,0.07
CROG,2017-08-21 06:05:00 EDT,43.97496,-75.20100,1375,55.7,56.0,55.7,99.0,55.4,0.000,0.000,0.00,0.000,0.0,0.0,0.0,0,0,0.1,1.1,0.3,317,11,0.0,0.0,0.0,0,0,2,28.70,,0,0,0,66.7,68.5,66.4,0.06,0.11,0.07
CROG,2017-08-21 06:10:00 EDT,43.97496,-75.20100,1375,55.9,56.3,55.9,99.0,55.6,0.000,0.000,0.00,0.000,0.1,0.7,0.2,318,4,0.3,1.1,0.4,328,11,0.1,0.7,0.2,318,4,2,28.70,,0,0,0,66.7,68.5,66.4,0.06,0.11,0.07
CROG,2017-08-21 06:15:00 EDT,43.97496,-75.20100,1375,56.0,56.4,56.0,99.0,55.7,0.000,0.000,0.00,0.000,0.0,0.0,0.0,0,0,0.0,0.9,0.1,356,1,0.0,0.0,0.0,0,0,2,28.70,,0,0,0,66.7,68.5,66.4,0.06,0.11,0.07
CROG,2017-08-21 06:20:00 EDT,43.97496,-75.20100,1375,56.1,56.6,56.1,99.0,55.8,0.000,0.000,0.00,0.000,0.0,0.0,0.0,0,0,0.1,0.9,0.2,307,8,0.0,0.0,0.0,0,0,2,28.70,,0,0,0,66.7,68.5,66.4,0.06,0.11,0.07
CROG,2017-08-21 06:25:00 EDT,43.97496,-75.20100,1375,56.2,56.8,56.2,99.1,55.9,0.000,0.000,0.00,0.000,0.1,1.1,0.3,334,1,0.2,1.4,0.4,331,8,0.1,1.1,0.3,334,1,5,28.70,,0,0,0,66.6,68.5,66.4,0.06,0.11,0.07
CROG,2017-08-21 06:30:00 EDT,43.97496,-75.20100,1375,56.3,56.9,56.3,99.1,56.0,0.000,0.000,0.00,0.000,0.0,0.0,0.0,0,0,0.0,0.8,0.2,316,3,0.0,0.0,0.0,0,0,8,28.71,,0,0,0,66.5,68.5,66.4,0.06,0.11,0.07
CROG,2017-08-21 06:35:00 EDT,43.97496,-75.20100,1375,56.4,56.9,56.4,99.0,56.1,0.000,0.000,0.00,0.000,0.0,0.0,0.0,0,0,0.0,0.8,0.1,353,0,0.0,0.0,0.0,0,0,10,28.70,,0,0,0,66.4,68.5,66.4,0.06,0.11,0.07
CROG,2017-08-21 06:40:00 EDT,43.97496,-75.20100,1375,56.7,57.1,56.7,99.1,56.4,0.000,0.000,0.00,0.000,0.0,0.0,0.0,0,0,0.1,1.2,0.3,350,1,0.0,0.0,0.0,0,0,13,28.70,,0,0,0,66.4,68.5,66.4,0.06,0.11,0.07
CROG,2017-08-21 06:45:00 EDT,43.97496,-75.20100,1375,56.7,57.3,56.7,99.1,56.5,0.000,0.000,0.00,0.000,0.0,0.0,0.0,0,0,0.1,0.9,0.2,301,19,0.0,0.0,0.0,0,0,17,28.70,,0,0,0,66.4,68.5,66.4,0.06,0.10,0.07
CROG,2017-08-21 06:50:00 EDT,43.97496,-75.20100,1375,56.8,57.3,56.8,99.1,56.5,0.000,0.000,0.00,0.000,0.0,0.0,0.0,0,0,0.1,1.0,0.2,353,5,0.0,0.0,0.0,0,0,19,28.70,,0,0,0,66.4,68.4,66.4,0.06,0.11,0.07
CROG,2017-08-21 06:55:00 EDT,43.97496,-75.20100,1375,56.9,57.3,56.9,99.1,56.6,0.000,0.000,0.00,0.000,0.0,0.0,0.0,0,0,0.1,1.3,0.3,335,5,0.0,0.0,0.0,0,0,24,28.70,,0,0,0,66.4,68.4,66.4,0.06,0.11,0.07
CROG,2017-08-21 07:00:00 EDT,43.97496,-75.20100,1375,57.0,57.5,57.0,99.1,56.8,0.000,0.000,0.00,0.000,0.0,0.0,0.0,0,0,0.1,1.0,0.3,356,3,0.0,0.0,0.0,0,0,28,28.70,,0,0,0,66.4,68.3,66.4,0.06,0.11,0.07
CROG,2017-08-21 07:05:00 EDT,43.97496,-75.20100,1375,57.3,57.8,57.3,99.1,57.0,0.000,0.000,0.00,0.000,0.0,0.0,0.0,0,0,0.1,1.2,0.3,17,16,0.0,0.0,0.0,0,0,33,28.70,,0,0,0,66.4,68.3,66.4,0.06,0.11,0.07
CROG,2017-08-21 07:10:00 EDT,43.97496,-75.20100,1375,57.4,57.9,57.4,99.1,57.1,0.000,0.000,0.00,0.000,0.0,0.0,0.0,0,0,0.0,0.8,0.1,342,0,0.0,0.0,0.0,0,0,36,28.70,,0,0,0,66.4,68.3,66.4,0.06,0.11,0.07
CROG,2017-08-21 07:15:00 EDT,43.97496,-75.20100,1375,57.5,58.2,57.5,99.1,57.3,0.000,0.000,0.00,0.000,0.0,0.0,0.0,0,0,0.1,1.0,0.2,350,10,0.0,0.0,0.0,0,0,37,28.70,,0,0,0,66.4,68.2,66.4,0.06,0.11,0.07
CROG,2017-08-21 07:20:00 EDT,43.97496,-75.20100,1375,57.7,58.2,57.7,99.1,57.4,0.000,0.000,0.00,0.000,0.0,0.0,0.0,0,0,0.1,1.1,0.3,309,10,0.0,0.0,0.0,0,0,38,28.70,,0,0,0,66.4,68.2,66.4,0.06,0.11,0.07
CROG,2017-08-21 07:25:00 EDT,43.97496,-75.20100,1375,57.8,58.4,57.8,99.1,57.6,0.000,0.000,0.00,0.000,0.0,0.0,0.0,0,0,0.1,1.2,0.3,321,21,0.0,0.0,0.0,0,0,41,28.71,,0,0,0,66.4,68.2,66.4,0.06,0.11,0.07
CROG,2017-08-21 07:30:00 EDT,43.97496,-75.20100,1375,58.0,58.7,58.0,99.1,57.7,0.000,0.000,0.00,0.000,0.0,0.0,0.0,0,0,0.1,1.5,0.3,103,2,0.0,0.0,0.0,0,0,45,28.70,,0,0,0,66.4,68.2,66.4,0.06,0.11,0.07
CROG,2017-08-21 07:35:00 EDT,43.97496,-75.20100,1375,58.1,58.8,58.1,99.1,57.8,0.000,0.000,0.00,0.000,0.0,0.0,0.0,0,0,0.0,0.9,0.1,105,2,0.0,0.0,0.0,0,0,39,28.71,,0,0,0,66.4,68.2,66.4,0.06,0.10,0.07
CROG,2017-08-21 07:40:00 EDT,43.97496,-75.20100,1375,58.2,58.8,58.2,99.1,57.9,0.000,0.000,0.00,0.000,0.0,0.0,0.0,0,0,0.0,1.2,0.2,98,2,0.0,0.0,0.0,0,0,29,28.71,,0,0,0,66.3,68.2,66.4,0.06,0.11,0.07
CROG,2017-08-21 07:45:00 EDT,43.97496,-75.20100,1375,58.2,58.8,58.2,99.0,57.9,0.000,0.000,0.00,0.000,0.0,0.8,0.1,278,3,0.1,1.4,0.4,114,30,0.0,0.8,0.1,278,3,24,28.71,,0,0,0,66.2,68.2,66.4,0.06,0.11,0.07
CROG,2017-08-21 07:50:00 EDT,43.97496,-75.20100,1375,58.2,59.1,58.2,99.0,58.0,0.000,0.000,0.00,0.000,0.0,0.5,0.1,288,2,0.1,1.2,0.3,323,25,0.0,0.5,0.1,288,2,24,28.71,,0,0,0,66.1,68.2,66.4,0.06,0.11,0.07
CROG,2017-08-21 07:55:00 EDT,43.97496,-75.20100,1375,58.3,59.1,58.3,99.0,58.0,0.000,0.000,0.00,0.000,0.0,0.0,0.0,0,0,0.3,1.5,0.4,297,25,0.0,0.0,0.0,0,0,36,28.71,,0,0,0,66.1,68.2,66.4,0.06,0.10,0.07
CROG,2017-08-21 08:00:00 EDT,43.97496,-75.20100,1375,58.5,59.4,58.5,99.0,58.2,0.000,0.000,0.00,0.000,0.0,0.0,0.0,0,0,0.2,1.1,0.4,283,24,0.0,0.0,0.0,0,0,53,28.71,,0,0,0,66.1,68.2,66.4,0.06,0.11,0.07
CROG,2017-08-21 08:05:00 EDT,43.97496,-75.20100,1375,59.0,60.3,59.0,99.0,58.8,0.000,0.000,0.00,0.000,0.0,0.0,0.0,0,0,0.0,0.9,0.2,245,6,0.0,0.0,0.0,0,0,79,28.70,,0,0,0,66.0,68.2,66.4,0.06,0.10,0.07
CROG,2017-08-21 08:10:00 EDT,43.97496,-75.20100,1375,59.5,60.8,59.5,99.1,59.3,0.000,0.000,0.00,0.000,0.1,0.9,0.2,254,2,0.3,1.8,0.5,262,15,0.1,0.9,0.2,254,2,80,28.70,,0,0,0,66.0,68.2,66.4,0.06,0.11,0.07
CROG,2017-08-21 08:15:00 EDT,43.97496,-75.20100,1375,59.8,61.5,59.8,99.1,59.6,0.000,0.000,0.00,0.000,0.1,0.8,0.2,250,6,0.4,2.0,0.5,253,20,0.1,0.8,0.2,250,6,68,28.70,,0,0,0,66.0,68.2,66.4,0.06,0.10,0.07
CROG,2017-08-21 08:20:00 EDT,43.97496,-75.20100,1375,60.0,61.8,60.0,99.1,59.7,0.000,0.000,0.00,0.000,0.0,1.1,0.2,197,11,0.4,1.8,0.5,259,29,0.0,1.1,0.2,197,11,45,28.70,,0,0,0,66.0,68.2,66.4,0.06,0.11,0.07
CROG,2017-08-21 08:25:00 EDT,43.97496,-75.20100,1375,60.1,61.9,60.1,99.0,59.8,0.000,0.000,0.00,0.000,0.1,0.9,0.2,232,12,0.3,1.6,0.5,244,14,0.1,0.9,0.2,232,12,47,28.70,,0,0,0,66.0,68.2,66.4,0.06,0.11,0.07
CROG,2017-08-21 08:30:00 EDT,43.97496,-75.20100,1375,60.4,62.4,60.4,99.0,60.1,0.000,0.000,0.00,0.000,0.0,0.7,0.1,233,10,0.2,1.8,0.4,245,19,0.0,0.7,0.1,233,10,67,28.70,,0,0,0,66.0,68.2,66.4,0.06,0.11,0.07
CROG,2017-08-21 08:35:00 EDT,43.97496,-75.20100,1375,61.0,63.6,61.0,99.1,60.7,0.000,0.000,0.00,0.000,0.3,1.8,0.5,240,11,0.7,2.6,0.7,236,23,0.3,1.8,0.5,240,11,72,28.70,,0,0,0,66.0,68.2,66.4,0.06,0.11,0.07
CROG,2017-08-21 08:40:00 EDT,43.97496,-75.20100,1375,61.5,64.6,61.5,99.1,61.2,0.000,0.000,0.00,0.000,0.5,2.6,0.6,237,20,1.0,3.3,0.9,228,30,0.5,2.6,0.6,237,20,68,28.70,,0,0,0,66.0,68.2,66.4,0.06,0.11,0.07
CROG,2017-08-21 08:45:00 EDT,43.97496,-75.20100,1375,61.9,64.6,61.9,99.0,61.6,0.000,0.000,0.00,0.000,0.9,2.8,0.7,233,23,1.4,4.1,0.8,229,27,0.9,2.8,0.7,233,23,69,28.70,,0,0,0,66.0,68.2,66.4,0.06,0.11,0.07
CROG,2017-08-21 08:50:00 EDT,43.97496,-75.20100,1375,63.0,66.2,63.0,99.0,62.8,0.000,0.000,0.00,0.000,1.2,3.6,0.9,223,25,1.8,5.6,1.0,222,29,1.2,3.6,0.9,223,25,70,28.70,,0,0,0,66.0,68.2,66.4,0.06,0.10,0.07
CROG,2017-08-21 08:55:00 EDT,43.97496,-75.20100,1375,63.8,66.6,63.8,98.3,63.3,0.000,0.000,0.00,0.000,0.9,2.7,0.6,224,34,1.6,4.1,0.8,221,43,0.9,2.7,0.6,224,34,68,28.70,,0,0,0,66.0,68.2,66.4,0.06,0.11,0.07
CROG,2017-08-21 09:00:00 EDT,43.97496,-75.20100,1375,64.9,66.8,64.9,95.8,63.7,0.000,0.000,0.00,0.000,1.0,4.5,1.0,203,31,1.3,6.0,1.0,204,26,1.0,4.5,1.0,203,31,71,28.70,,0,0,0,66.0,68.2,66.4,0.06,0.11,0.07
CROG,2017-08-21 09:05:00 EDT,43.97496,-75.20100,1375,65.4,67.2,65.4,91.8,62.9,0.000,0.000,0.00,0.000,0.8,3.1,0.7,207,35,1.3,6.7,1.1,205,33,0.8,3.1,0.7,207,35,99,28.70,,0,0,0,66.0,68.2,66.4,0.06,0.10,0.07
CROG,2017-08-21 09:10:00 EDT,43.97496,-75.20100,1375,66.5,68.0,66.5,88.0,62.9,0.000,0.000,0.00,0.000,1.0,3.4,0.7,198,30,1.9,4.5,1.1,199,33,1.0,3.4,0.7,198,30,333,28.70,,0,0,0,66.0,68.2,66.4,0.06,0.10,0.07
CROG,2017-08-21 09:15:00 EDT,43.97496,-75.20100,1375,66.8,68.4,66.8,85.4,62.3,0.000,0.000,0.00,0.000,1.3,3.9,0.8,221,29,1.9,4.8,1.0,218,39,1.3,3.9,0.8,221,29,403,28.69,,0,0,0,66.0,68.2,66.4,0.06,0.11,0.07
CROG,2017-08-21 09:20:00 EDT,43.97496,-75.20100,1375,67.2,68.5,67.2,83.8,62.1,0.000,0.000,0.00,0.000,1.5,3.7,1.0,209,31,2.2,5.6,1.2,209,31,1.5,3.7,1.0,209,31,418,28.69,,0,0,0,66.0,68.2,66.4,0.06,0.10,0.07
CROG,2017-08-21 09:25:00 EDT,43.97496,-75.20100,1375,68.1,69.2,68.1,80.8,62.0,0.000,0.000,0.00,0.000,1.5,5.0,0.9,214,35,1.9,4.3,0.9,213,37,1.5,5.0,0.9,214,35,430,28.69,,0,0,0,66.0,68.2,66.4,0.06,0.10,0.07
CROG,2017-08-21 09:30:00 EDT,43.97496,-75.20100,1375,68.4,69.6,68.4,80.4,62.1,0.000,0.000,0.00,0.000,1.9,5.6,1.5,212,30,2.6,7.4,1.9,215,28,1.9,5.6,1.5,212,30,432,28.70,,0,0,0,66.0,68.2,66.4,0.06,0.11,0.07
CROG,2017-08-21 09:35:00 EDT,43.97496,-75.20100,1375,68.9,69.9,68.9,77.7,61.6,0.000,0.000,0.00,0.000,2.4,6.5,1.4,211,34,2.9,7.8,1.7,212,29,2.4,6.5,1.4,211,34,453,28.70,,0,0,0,66.0,68.2,66.4,0.06,0.11,0.07
CROG,2017-08-21 09:40:00 EDT,43.97496,-75.20100,1375,69.0,70.1,69.0,76.6,61.3,0.000,0.000,0.00,0.000,1.7,4.9,1.1,219,35,2.3,6.4,1.2,220,37,1.7,4.9,1.1,219,35,469,28.70,,0,0,0,66.0,68.2,66.4,0.06,0.10,0.07
CROG,2017-08-21 09:45:00 EDT,43.97496,-75.20100,1375,69.8,70.7,69.8,74.3,61.3,0.000,0.000,0.00,0.000,1.2,4.7,1.0,199,38,1.9,5.8,1.2,202,41,1.2,4.7,1.0,199,38,488,28.70,,0,0,0,66.0,68.2,66.4,0.06,0.10,0.07
CROG,2017-08-21 09:50:00 EDT,43.97496,-75.20100,1375,69.9,71.1,69.9,74.0,61.3,0.000,0.000,0.00,0.000,1.6,5.0,1.0,205,40,2.5,6.6,1.5,208,37,1.6,5.0,1.0,205,40,497,28.70,,0,0,0,66.0,68.2,66.4,0.06,0.10,0.07
CROG,2017-08-21 09:55:00 EDT,43.97496,-75.20100,1375,69.9,71.2,69.9,73.4,61.0,0.000,0.000,0.00,0.000,1.5,4.5,1.0,169,36,1.9,6.4,1.2,175,38,1.5,4.5,1.0,169,36,512,28.70,,0,0,0,66.0,68.2,66.4,0.06,0.11,0.07
CROG,2017-08-21 10:00:00 EDT,43.97496,-75.20100,1375,70.8,71.7,70.8,69.7,60.4,0.000,0.000,0.00,0.000,2.3,6.7,1.6,200,38,3.0,10.6,2.0,209,36,2.3,6.7,1.6,200,38,525,28.70,,0,0,0,66.0,68.2,66.4,0.06,0.10,0.07
CROG,2017-08-21 10:05:00 EDT,43.97496,-75.20100,1375,71.5,72.0,71.5,65.3,59.2,0.000,0.000,0.00,0.000,2.2,8.2,1.7,210,38,3.0,9.2,1.9,213,45,2.2,8.2,1.7,210,38,535,28.70,,0,0,0,66.2,68.2,66.4,0.06,0.10,0.07
CROG,2017-08-21 10:10:00 EDT,43.97496,-75.20100,1375,71.6,72.4,71.6,64.6,59.1,0.000,0.000,0.00,0.000,2.1,4.8,1.0,222,34,2.7,7.7,1.3,223,29,2.1,4.8,1.0,222,34,544,28.70,,0,0,0,66.3,68.2,66.4,0.06,0.11,0.07
CROG,2017-08-21 10:15:00 EDT,43.97496,-75.20100,1375,72.3,72.9,72.3,62.3,58.7,0.000,0.000,0.00,0.000,2.0,6.6,1.6,222,38,2.9,7.5,1.7,218,36,2.0,6.6,1.6,222,38,553,28.70,,0,0,0,66.4,68.2,66.4,0.06,0.10,0.07
CROG,2017-08-21 10:20:00 EDT,43.97496,-75.20100,1375,72.3,73.0,72.3,64.6,59.8,0.000,0.000,0.00,0.000,1.4,4.2,1.2,216,30,2.0,5.4,1.2,218,29,1.4,4.2,1.2,216,30,528,28.70,,0,0,0,66.4,68.2,66.4,0.06,0.10,0.07
CROG,2017-08-21 10:25:00 EDT,43.97496,-75.20100,1375,72.1,72.9,72.1,64.1,59.3,0.000,0.000,0.00,0.000,1.9,6.9,1.4,193,41,2.7,7.8,1.7,195,39,1.9,6.9,1.4,193,41,537,28.70,,0,0,0,66.4,68.1,66.4,0.06,0.10,0.07
CROG,2017-08-21 10:30:00 EDT,43.97496,-75.20100,1375,72.8,73.2,72.8,64.8,60.3,0.000,0.000,0.00,0.000,1.5,3.9,0.8,204,43,2.5,6.6,1.2,205,42,1.5,3.9,0.8,204,43,572,28.69,,0,0,0,66.4,68.1,66.4,0.06,0.10,0.07
CROG,2017-08-21 10:35:00 EDT,43.97496,-75.20100,1375,73.0,73.2,73.0,64.5,60.3,0.000,0.000,0.00,0.000,1.5,4.6,1.0,187,42,2.0,5.7,1.1,192,44,1.5,4.6,1.0,187,42,590,28.69,,0,0,0,66.4,68.0,66.4,0.06,0.10,0.07
CROG,2017-08-21 10:40:00 EDT,43.97496,-75.20100,1375,73.4,73.7,73.4,61.3,59.3,0.000,0.000,0.00,0.000,1.7,5.8,1.2,190,43,2.4,8.9,1.5,188,37,1.7,5.8,1.2,190,43,594,28.69,,0,0,0,66.5,67.9,66.4,0.06,0.10,0.07
CROG,2017-08-21 10:45:00 EDT,43.97496,-75.20100,1375,73.3,73.7,73.3,64.4,60.5,0.000,0.000,0.00,0.000,1.9,6.1,1.1,223,41,2.5,6.0,1.3,224,42,1.9,6.1,1.1,223,41,603,28.70,,0,0,0,66.7,68.0,66.4,0.06,0.10,0.07
CROG,2017-08-21 10:50:00 EDT,43.97496,-75.20100,1375,73.9,74.0,73.9,60.4,59.4,0.000,0.000,0.00,0.000,2.2,6.1,1.3,213,41,3.0,6.8,1.5,212,38,2.2,6.1,1.3,213,41,619,28.70,,0,0,0,66.7,67.9,66.4,0.06,0.10,0.07
CROG,2017-08-21 10:55:00 EDT,43.97496,-75.20100,1375,74.1,74.3,74.1,60.1,59.4,0.000,0.000,0.00,0.000,2.7,8.8,1.8,210,41,3.4,8.3,2.0,215,39,2.7,8.8,1.8,210,41,632,28.70,,0,0,0,66.7,67.8,66.4,0.06,0.10,0.07
CROG,2017-08-21 11:00:00 EDT,43.97496,-75.20100,1375,74.5,74.6,74.5,60.7,60.0,0.000,0.000,0.00,0.000,1.9,6.7,1.6,237,46,2.6,8.2,1.8,243,51,1.9,6.7,1.6,237,46,640,28.70,,0,0,0,66.8,67.8,66.4,0.06,0.10,0.07
CROG,2017-08-21 11:05:00 EDT,43.97496,-75.20100,1375,75.0,75.0,75.0,59.0,59.7,0.000,0.000,0.00,0.000,2.4,7.1,1.6,229,38,3.2,8.3,1.8,233,36,2.4,7.1,1.6,229,38,649,28.69,,0,0,0,67.1,67.8,66.4,0.06,0.10,0.07
CROG,2017-08-21 11:10:00 EDT,43.97496,-75.20100,1375,75.4,75.3,75.4,61.0,61.0,0.000,0.000,0.00,0.000,2.3,7.2,1.4,225,45,3.1,7.1,1.6,226,45,2.3,7.2,1.4,225,45,655,28.69,,0,0,0,67.1,67.8,66.4,0.06,0.10,0.07
CROG,2017-08-21 11:15:00 EDT,43.97496,-75.20100,1375,75.7,75.7,75.7,57.8,59.8,0.000,0.000,0.00,0.000,2.0,5.5,1.4,234,39,2.7,7.0,1.7,233,35,2.0,5.5,1.4,234,39,660,28.69,,0,0,0,67.1,67.8,66.4,0.06,0.10,0.07
CROG,2017-08-21 11:20:00 EDT,43.97496,-75.20100,1375,76.0,76.0,76.0,58.7,60.5,0.000,0.000,0.00,0.000,2.0,5.9,1.3,225,42,2.7,7.4,1.6,229,41,2.0,5.9,1.3,225,42,665,28.69,,0,0,0,67.3,67.8,66.4,0.06,0.10,0.07
CROG,2017-08-21 11:25:00 EDT,43.97496,-75.20100,1375,75.8,75.7,75.8,56.2,59.1,0.000,0.000,0.00,0.000,3.0,6.6,1.7,208,42,3.7,8.8,1.9,208,44,3.0,6.6,1.7,208,42,666,28.69,,0,0,0,67.5,67.8,66.4,0.06,0.10,0.07
CROG,2017-08-21 11:30:00 EDT,43.97496,-75.20100,1375,76.2,76.0,76.2,54.7,58.7,0.000,0.000,0.00,0.000,2.7,7.2,1.4,208,40,3.4,8.5,1.8,214,41,2.7,7.2,1.4,208,40,669,28.68,,0,0,0,67.5,67.8,66.4,0.06,0.10,0.07
CROG,2017-08-21 11:35:00 EDT,43.97496,-75.20100,1375,76.6,76.4,76.6,57.0,60.2,0.000,0.000,0.00,0.000,1.8,6.0,1.4,193,37,2.3,7.0,1.3,202,38,1.8,6.0,1.4,193,37,677,28.68,,0,0,0,67.7,67.8,66.4,0.06,0.10,0.07
CROG,2017-08-21 11:40:00 EDT,43.97496,-75.20100,1375,76.8,76.7,76.8,56.1,60.0,0.000,0.000,0.00,0.000,2.4,7.5,1.9,212,30,3.0,10.4,2.3,211,30,2.4,7.5,1.9,212,30,688,28.68,,0,0,0,67.8,67.8,66.4,0.06,0.10,0.07
CROG,2017-08-21 11:45:00 EDT,43.97496,-75.20100,1375,77.2,76.8,77.2,57.3,60.9,0.000,0.000,0.00,0.000,1.4,5.2,1.0,229,38,1.9,5.6,1.1,218,41,1.4,5.2,1.0,229,38,691,28.68,,0,0,0,67.8,67.8,66.4,0.06,0.10,0.07
CROG,2017-08-21 11:50:00 EDT,43.97496,-75.20100,1375,77.2,76.9,77.2,56.2,60.4,0.000,0.000,0.00,0.000,1.9,5.2,1.1,199,37,2.5,6.2,1.4,198,39,1.9,5.2,1.1,199,37,695,28.68,,0,0,0,67.8,67.8,66.4,0.06,0.10,0.07
CROG,2017-08-21 11:55:00 EDT,43.97496,-75.20100,1375,77.6,77.1,77.6,53.1,59.2,0.000,0.000,0.00,0.000,2.6,6.1,1.2,184,41,3.1,7.5,1.5,189,42,2.6,6.1,1.2,184,41,700,28.67,,0,0,0,68.2,67.8,66.4,0.06,0.10,0.07
CROG,2017-08-21 12:00:00 EDT,43.97496,-75.20100,1375,78.2,77.5,78.2,53.3,59.8,0.000,0.000,0.00,0.000,2.6,8.2,2.0,250,41,3.6,14.3,2.3,255,39,2.6,8.2,2.0,250,41,709,28.67,,0,0,0,68.2,67.8,66.4,0.06,0.11,0.07
CROG,2017-08-21 12:05:00 EDT,43.97496,-75.20100,1375,78.2,77.8,78.2,54.9,60.6,0.000,0.000,0.00,0.000,1.2,4.4,1.0,201,39,1.8,6.7,1.2,206,39,1.2,4.4,1.0,201,39,716,28.67,,0,0,0,68.4,67.8,66.4,0.06,0.11,0.07
CROG,2017-08-21 12:10:00 EDT,43.97496,-75.20100,1375,77.9,77.9,77.9,54.3,60.1,0.000,0.000,0.00,0.000,2.5,6.8,1.4,217,42,3.2,9.3,1.7,222,42,2.5,6.8,1.4,217,42,719,28.67,,0,0,0,68.5,67.8,66.4,0.06,0.11,0.07
CROG,2017-08-21 12:15:00 EDT,43.97496,-75.20100,1375,78.0,77.8,78.0,51.7,58.8,0.000,0.000,0.00,0.000,2.9,8.1,1.6,229,33,3.5,8.8,2.0,233,34,2.9,8.1,1.6,229,33,721,28.67,,0,0,0,68.5,67.8,66.4,0.06,0.11,0.07
CROG,2017-08-21 12:20:00 EDT,43.97496,-75.20100,1375,78.3,77.8,78.3,52.0,59.2,0.000,0.000,0.00,0.000,3.0,9.0,1.7,208,43,3.6,10.6,2.0,209,38,3.0,9.0,1.7,208,43,723,28.67,,0,0,0,68.6,67.8,66.4,0.06,0.11,0.07
CROG,2017-08-21 12:25:00 EDT,43.97496,-75.20100,1375,78.7,78.1,78.7,52.1,59.6,0.000,0.000,0.00,0.000,2.9,7.1,1.6,212,41,3.6,8.6,1.8,212,39,2.9,7.1,1.6,212,41,729,28.67,,0,0,0,68.8,67.8,66.4,0.06,0.11,0.07
CROG,2017-08-21 12:30:00 EDT,43.97496,-75.20100,1375,79.2,78.3,79.2,52.0,60.1,0.000,0.000,0.00,0.000,2.2,6.1,1.3,185,36,2.7,7.6,1.3,182,39,2.2,6.1,1.3,185,36,729,28.67,,0,0,0,68.9,67.8,66.4,0.06,0.11,0.06
CROG,2017-08-21 12:35:00 EDT,43.97496,-75.20100,1375,79.1,78.3,79.1,51.7,59.8,0.000,0.000,0.00,0.000,2.5,7.4,1.8,207,40,3.4,9.2,2.0,206,38,2.5,7.4,1.8,207,40,730,28.67,,0,0,0,69.0,67.8,66.4,0.06,0.11,0.07
CROG,2017-08-21 12:40:00 EDT,43.97496,-75.20100,1375,79.2,78.5,79.2,51.8,60.0,0.000,0.000,0.00,0.000,1.7,5.3,1.1,189,51,2.7,6.6,1.4,194,50,1.7,5.3,1.1,189,51,728,28.66,,0,0,0,69.2,67.8,66.4,0.06,0.11,0.07
CROG,2017-08-21 12:45:00 EDT,43.97496,-75.20100,1375,79.5,78.7,79.5,52.8,60.8,0.000,0.000,0.00,0.000,2.0,9.1,1.5,185,38,2.7,12.8,1.8,188,37,2.0,9.1,1.5,185,38,727,28.66,,0,0,0,69.3,67.8,66.4,0.06,0.11,0.06
CROG,2017-08-21 12:50:00 EDT,43.97496,-75.20100,1375,79.2,78.7,79.2,53.1,60.7,0.000,0.000,0.00,0.000,2.1,6.9,1.5,186,40,2.7,11.1,1.9,191,38,2.1,6.9,1.5,186,40,730,28.66,,0,0,0,69.3,67.8,66.4,0.06,0.11,0.06
CROG,2017-08-21 12:55:00 EDT,43.97496,-75.20100,1375,79.1,78.9,79.1,53.7,60.8,0.000,0.000,0.00,0.000,2.8,8.6,1.7,198,50,3.9,10.5,1.8,201,51,2.8,8.6,1.7,198,50,728,28.66,,0,0,0,69.5,67.8,66.4,0.06,0.11,0.07
CROG,2017-08-21 13:00:00 EDT,43.97496,-75.20100,1375,79.1,78.8,79.1,53.2,60.6,0.000,0.000,0.00,0.000,2.9,9.7,2.0,215,35,3.6,9.5,2.1,219,31,2.9,9.7,2.0,215,35,726,28.66,,0,0,0,69.6,67.8,66.4,0.06,0.11,0.06
CROG,2017-08-21 13:05:00 EDT,43.97496,-75.20100,1375,79.3,78.9,79.3,53.7,61.1,0.000,0.000,0.00,0.000,1.7,4.9,1.1,209,53,2.5,6.9,1.4,206,53,1.7,4.9,1.1,209,53,730,28.66,,0,0,0,69.7,67.8,66.4,0.06,0.11,0.06
CROG,2017-08-21 13:10:00 EDT,43.97496,-75.20100,1375,79.8,79.5,79.8,54.5,62.0,0.000,0.000,0.00,0.000,1.5,5.8,1.5,220,34,2.1,8.2,1.8,232,42,1.5,5.8,1.5,220,34,730,28.66,,0,0,0,70.0,67.8,66.4,0.06,0.11,0.06
CROG,2017-08-21 13:15:00 EDT,43.97496,-75.20100,1375,79.6,79.4,79.6,54.6,61.7,0.000,0.000,0.00,0.000,2.7,8.8,2.0,206,37,3.6,11.3,2.3,210,34,2.7,8.8,2.0,206,37,738,28.66,,0,0,0,70.0,67.8,66.4,0.06,0.11,0.06
CROG,2017-08-21 13:20:00 EDT,43.97496,-75.20100,1375,79.9,79.5,79.9,51.8,60.6,0.000,0.000,0.00,0.000,1.9,8.4,2.0,248,46,2.6,13.5,2.3,257,49,1.9,8.4,2.0,248,46,740,28.66,,0,0,0,70.0,67.8,66.4,0.06,0.11,0.06
CROG,2017-08-21 13:25:00 EDT,43.97496,-75.20100,1375,79.9,79.6,79.9,51.0,60.1,0.000,0.000,0.00,0.000,2.8,8.4,2.2,228,30,3.6,9.6,2.3,232,37,2.8,8.4,2.2,228,30,711,28.66,,0,0,0,70.2,67.8,66.4,0.06,0.11,0.06
CROG,2017-08-21 13:30:00 EDT,43.97496,-75.20100,1375,80.3,79.7,81.2,51.1,60.6,0.000,0.000,0.00,0.000,2.8,9.0,2.1,192,37,3.8,13.5,2.9,195,38,2.8,9.0,2.1,192,37,698,28.66,,0,0,0,70.3,67.8,66.4,0.06,0.11,0.06
CROG,2017-08-21 13:35:00 EDT,43.97496,-75.20100,1375,79.8,79.4,79.8,50.0,59.5,0.000,0.000,0.00,0.000,2.6,7.3,1.4,229,46,3.3,8.0,1.6,230,43,2.6,7.3,1.4,229,46,683,28.66,,0,0,0,70.4,67.8,66.4,0.06,0.11,0.07
CROG,2017-08-21 13:40:00 EDT,43.97496,-75.20100,1375,79.9,79.5,79.9,51.4,60.4,0.000,0.000,0.00,0.000,1.8,5.7,1.4,272,44,2.7,7.8,1.7,271,48,1.8,5.7,1.4,272,44,648,28.66,,0,0,0,70.7,67.8,66.4,0.06,0.11,0.06
CROG,2017-08-21 13:45:00 EDT,43.97496,-75.20100,1375,79.9,79.5,79.9,50.4,59.8,0.000,0.000,0.00,0.000,2.3,8.0,1.5,253,47,3.2,8.5,1.7,258,47,2.3,8.0,1.5,253,47,621,28.66,,0,0,0,70.7,67.8,66.4,0.06,0.11,0.06
CROG,2017-08-21 13:50:00 EDT,43.97496,-75.20100,1375,79.8,79.4,79.8,50.6,59.9,0.000,0.000,0.00,0.000,2.1,7.5,1.5,208,31,2.7,8.7,1.9,210,32,2.1,7.5,1.5,208,31,575,28.66,,0,0,0,70.7,67.8,66.4,0.06,0.11,0.06
CROG,2017-08-21 13:55:00 EDT,43.97496,-75.20100,1375,79.2,79.4,79.2,50.8,59.4,0.000,0.000,0.00,0.000,1.4,3.9,0.9,239,44,2.1,5.5,1.1,238,44,1.4,3.9,0.9,239,44,537,28.66,,0,0,0,70.9,67.8,66.4,0.06,0.11,0.06
CROG,2017-08-21 14:00:00 EDT,43.97496,-75.20100,1375,79.0,79.1,79.0,51.7,59.8,0.000,0.000,0.00,0.000,2.9,7.7,1.6,233,39,3.9,14.2,2.2,229,36,2.9,7.7,1.6,233,39,512,28.66,,0,0,0,71.1,67.8,66.4,0.06,0.11,0.06
CROG,2017-08-21 14:05:00 EDT,43.97496,-75.20100,1375,78.9,78.9,78.9,52.7,60.2,0.000,0.000,0.00,0.000,1.7,5.8,1.3,198,47,2.3,7.1,1.4,197,44,1.7,5.8,1.3,198,47,482,28.65,,0,0,0,71.1,67.8,66.4,0.06,0.11,0.06
CROG,2017-08-21 14:10:00 EDT,43.97496,-75.20100,1375,78.2,78.4,78.2,52.4,59.3,0.000,0.000,0.00,0.000,2.7,10.1,1.8,221,45,3.4,10.7,1.9,226,45,2.7,10.1,1.8,221,45,363,28.65,,0,0,0,71.4,67.8,66.4,0.06,0.10,0.06
CROG,2017-08-21 14:15:00 EDT,43.97496,-75.20100,1375,77.6,77.8,77.6,54.0,59.6,0.000,0.000,0.00,0.000,2.4,6.4,1.0,230,33,2.9,6.8,1.3,228,32,2.4,6.4,1.0,230,33,319,28.65,,0,0,0,71.4,67.8,66.4,0.06,0.10,0.06
CROG,2017-08-21 14:20:00 EDT,43.97496,-75.20100,1375,76.6,77.3,76.6,56.4,59.9,0.000,0.000,0.00,0.000,1.7,6.7,1.2,225,38,2.2,7.6,1.4,226,40,1.7,6.7,1.2,225,38,214,28.65,,0,0,0,71.4,67.8,66.4,0.06,0.10,0.06
CROG,2017-08-21 14:25:00 EDT,43.97496,-75.20100,1375,75.8,76.6,75.8,62.0,61.8,0.000,0.000,0.00,0.000,1.5,4.5,1.0,231,40,1.9,4.7,1.2,228,41,1.5,4.5,1.0,231,40,274,28.65,,0,0,0,71.4,67.8,66.4,0.06,0.11,0.06
CROG,2017-08-21 14:30:00 EDT,43.97496,-75.20100,1375,75.6,76.7,75.6,60.2,60.8,0.000,0.000,0.00,0.000,2.3,8.9,1.8,232,34,2.9,8.5,1.9,227,35,2.3,8.9,1.8,232,34,171,28.65,,0,0,0,71.7,67.8,66.4,0.06,0.10,0.06
CROG,2017-08-21 14:35:00 EDT,43.97496,-75.20100,1375,75.2,76.0,75.2,62.6,61.6,0.000,0.000,0.00,0.000,1.2,4.5,0.9,225,33,1.6,5.4,1.1,233,34,1.2,4.5,0.9,225,33,219,28.65,,0,0,0,71.8,67.8,66.4,0.06,0.10,0.06
CROG,2017-08-21 14:40:00 EDT,43.97496,-75.20100,1375,75.1,76.0,75.1,63.4,61.8,0.000,0.000,0.00,0.000,0.5,2.1,0.5,190,32,1.1,3.1,0.7,189,47,0.5,2.1,0.5,190,32,204,28.65,,0,0,0,71.8,67.8,66.4,0.06,0.10,0.07
CROG,2017-08-21 14:45:00 EDT,43.97496,-75.20100,1375,74.7,75.9,74.7,63.0,61.3,0.000,0.000,0.00,0.000,1.1,4.2,1.0,203,33,1.6,5.1,1.0,211,36,1.1,4.2,1.0,203,33,237,28.65,,0,0,0,71.9,67.8,66.4,0.06,0.10,0.06
CROG,2017-08-21 14:50:00 EDT,43.97496,-75.20100,1375,74.8,75.8,74.8,64.7,62.2,0.000,0.000,0.00,0.000,1.0,3.1,0.9,221,33,1.5,4.5,0.9,221,36,1.0,3.1,0.9,221,33,253,28.65,,0,0,0,72.3,67.8,66.4,0.06,0.10,0.07
CROG,2017-08-21 14:55:00 EDT,43.97496,-75.20100,1375,75.1,76.0,75.1,61.9,61.2,0.000,0.000,0.00,0.000,1.3,3.2,0.8,229,40,1.6,4.1,0.8,221,41,1.3,3.2,0.8,229,40,236,28.65,,0,0,0,72.3,67.8,66.4,0.06,0.10,0.07
CROG,2017-08-21 15:00:00 EDT,43.97496,-75.20100,1375,74.5,75.7,74.5,65.8,62.3,0.000,0.000,0.00,0.000,0.7,3.1,0.8,218,30,1.0,4.3,0.9,221,29,0.7,3.1,0.8,218,30,233,28.65,,0,0,0,72.3,67.8,66.4,0.06,0.10,0.06
CROG,2017-08-21 15:05:00 EDT,43.97496,-75.20100,1375,74.4,75.7,74.4,68.5,63.3,0.000,0.000,0.00,0.000,1.4,4.0,0.8,247,29,1.8,4.8,1.0,247,32,1.4,4.0,0.8,247,29,247,28.65,,0,0,0,72.3,67.8,66.4,0.06,0.10,0.06
CROG,2017-08-21 15:10:00 EDT,43.97496,-75.20100,1375,75.1,76.0,75.1,67.1,63.5,0.000,0.000,0.00,0.000,0.6,3.2,0.8,217,43,1.1,4.6,0.9,214,41,0.6,3.2,0.8,217,43,323,28.65,,0,0,0,72.3,67.8,66.4,0.06,0.10,0.07
CROG,2017-08-21 15:15:00 EDT,43.97496,-75.20100,1375,75.7,76.3,75.7,63.9,62.6,0.000,0.000,0.00,0.000,0.9,3.1,0.7,207,44,1.4,4.5,0.8,209,41,0.9,3.1,0.7,207,44,411,28.65,,0,0,0,72.3,67.8,66.4,0.06,0.10,0.07
CROG,2017-08-21 15:20:00 EDT,43.97496,-75.20100,1375,76.2,76.8,76.2,63.5,62.9,0.000,0.000,0.00,0.000,0.6,2.0,0.5,232,40,0.9,2.3,0.7,229,42,0.6,2.0,0.5,232,40,357,28.64,,0,0,0,72.5,67.8,66.4,0.06,0.10,0.06
CROG,2017-08-21 15:25:00 EDT,43.97496,-75.20100,1375,76.0,76.9,76.0,65.2,63.4,0.000,0.000,0.00,0.000,0.6,3.7,0.7,218,43,1.2,4.5,0.9,222,49,0.6,3.7,0.7,218,43,414,28.64,,0,0,0,72.7,67.8,66.4,0.06,0.10,0.06
CROG,2017-08-21 15:30:00 EDT,43.97496,-75.20100,1375,75.6,76.8,75.6,67.5,64.1,0.000,0.000,0.00,0.000,0.6,2.4,0.8,223,19,1.0,3.2,0.8,224,39,0.6,2.4,0.8,223,19,348,28.64,,0,0,0,72.7,67.8,66.4,0.06,0.10,0.06
CROG,2017-08-21 15:35:00 EDT,43.97496,-75.20100,1375,76.0,76.6,76.0,67.1,64.3,0.000,0.000,0.00,0.000,0.5,3.8,0.6,275,47,1.0,4.9,0.9,258,52,0.5,3.8,0.6,275,47,439,28.64,,0,0,0,72.7,67.8,66.4,0.06,0.10,0.06
CROG,2017-08-21 15:40:00 EDT,43.97496,-75.20100,1375,77.2,77.6,77.2,63.0,63.6,0.000,0.000,0.00,0.000,1.7,6.2,1.3,240,35,2.2,7.6,1.6,244,36,1.7,6.2,1.3,240,35,550,28.64,,0,0,0,72.7,67.8,66.4,0.06,0.10,0.06
CROG,2017-08-21 15:45:00 EDT,43.97496,-75.20100,1375,77.6,78.0,77.6,60.5,62.8,0.000,0.000,0.00,0.000,1.8,8.6,1.7,251,34,2.3,9.0,1.8,251,37,1.8,8.6,1.7,251,34,417,28.64,,0,0,0,72.7,67.8,66.4,0.06,0.10,0.06
CROG,2017-08-21 15:50:00 EDT,43.97496,-75.20100,1375,77.7,77.9,77.7,59.6,62.5,0.000,0.000,0.00,0.000,2.2,7.6,1.8,224,36,2.9,9.2,2.0,229,35,2.2,7.6,1.8,224,36,531,28.64,,0,0,0,72.7,67.8,66.4,0.06,0.10,0.06
CROG,2017-08-21 15:55:00 EDT,43.97496,-75.20100,1375,78.0,78.2,78.0,57.9,62.0,0.000,0.000,0.00,0.000,2.0,6.4,1.5,212,34,2.6,10.0,1.7,213,36,2.0,6.4,1.5,212,34,532,28.64,,0,0,0,72.7,67.8,66.4,0.06,0.10,0.06
CROG,2017-08-21 16:00:00 EDT,43.97496,-75.20100,1375,77.5,78.0,77.5,59.5,62.3,0.000,0.000,0.00,0.000,2.4,7.9,1.6,247,38,3.1,10.7,1.9,250,39,2.4,7.9,1.6,247,38,523,28.64,,0,0,0,72.7,67.8,66.4,0.06,0.10,0.06
CROG,2017-08-21 16:05:00 EDT,43.97496,-75.20100,1375,78.0,78.1,78.0,56.4,61.2,0.000,0.000,0.00,0.000,2.5,6.6,1.7,246,35,3.5,8.6,1.8,248,32,2.5,6.6,1.7,246,35,514,28.64,,0,0,0,72.8,67.8,66.4,0.06,0.10,0.06
CROG,2017-08-21 16:10:00 EDT,43.97496,-75.20100,1375,77.9,78.0,77.9,56.1,61.0,0.000,0.000,0.00,0.000,3.7,8.1,1.8,234,26,4.5,11.7,2.1,240,25,3.7,8.1,1.8,234,26,484,28.64,,0,0,0,73.0,67.8,66.4,0.06,0.10,0.06
CROG,2017-08-21 16:15:00 EDT,43.97496,-75.20100,1375,77.6,77.9,77.6,57.8,61.6,0.000,0.000,0.00,0.000,2.5,9.4,1.9,224,32,3.1,10.5,1.9,226,28,2.5,9.4,1.9,224,32,496,28.64,,0,0,0,73.0,67.8,66.4,0.06,0.10,0.06
CROG,2017-08-21 16:20:00 EDT,43.97496,-75.20100,1375,77.6,78.1,77.6,58.3,61.8,0.000,0.000,0.00,0.000,1.6,4.2,1.1,224,47,2.2,6.9,1.3,219,50,1.6,4.2,1.1,224,47,486,28.64,,0,0,0,73.0,67.8,66.4,0.06,0.10,0.06
CROG,2017-08-21 16:25:00 EDT,43.97496,-75.20100,1375,77.8,78.3,77.8,58.2,61.9,0.000,0.000,0.00,0.000,1.6,4.7,1.1,201,50,2.3,6.1,1.4,203,48,1.6,4.7,1.1,201,50,467,28.64,,0,0,0,73.0,67.8,66.4,0.06,0.10,0.06
CROG,2017-08-21 16:30:00 EDT,43.97496,-75.20100,1375,77.3,77.8,77.3,57.1,60.9,0.000,0.000,0.00,0.000,1.8,5.9,1.2,202,36,2.6,8.5,1.5,205,35,1.8,5.9,1.2,202,36,403,28.63,,0,0,0,73.0,67.8,66.4,0.06,0.10,0.06
CROG,2017-08-21 16:35:00 EDT,43.97496,-75.20100,1375,77.2,78.1,77.2,56.5,60.5,0.000,0.000,0.00,0.000,1.4,4.0,0.9,219,40,2.1,5.2,1.1,221,39,1.4,4.0,0.9,219,40,438,28.63,,0,0,0,73.0,67.8,66.4,0.06,0.10,0.06
CROG,2017-08-21 16:40:00 EDT,43.97496,-75.20100,1375,77.8,78.1,77.8,57.4,61.5,0.000,0.000,0.00,0.000,2.0,6.1,1.4,205,32,2.9,7.2,1.5,198,38,2.0,6.1,1.4,205,32,383,28.63,,0,0,0,73.0,67.8,66.4,0.06,0.10,0.07
CROG,2017-08-21 16:45:00 EDT,43.97496,-75.20100,1375,76.7,77.6,76.7,59.2,61.4,0.000,0.000,0.00,0.000,1.5,4.2,0.9,210,35,2.2,6.8,1.1,213,39,1.5,4.2,0.9,210,35,404,28.63,,0,0,0,73.0,67.8,66.4,0.06,0.10,0.06
CROG,2017-08-21 16:50:00 EDT,43.97496,-75.20100,1375,76.3,77.7,76.3,61.3,62.0,0.000,0.000,0.00,0.000,1.2,4.5,1.1,205,38,1.7,5.0,1.2,203,41,1.2,4.5,1.1,205,38,400,28.63,,0,0,0,73.0,67.8,66.4,0.06,0.10,0.06
CROG,2017-08-21 16:55:00 EDT,43.97496,-75.20100,1375,76.7,78.1,76.7,58.9,61.3,0.000,0.000,0.00,0.000,1.3,5.3,1.3,215,39,1.8,6.6,1.5,209,41,1.3,5.3,1.3,215,39,381,28.63,,0,0,0,73.1,67.8,66.4,0.06,0.10,0.06
CROG,2017-08-21 17:00:00 EDT,43.97496,-75.20100,1375,76.6,77.9,76.6,57.8,60.6,0.000,0.000,0.00,0.000,1.5,5.8,1.4,215,30,2.0,7.2,1.5,221,35,1.5,5.8,1.4,215,30,196,28.63,,0,0,0,73.1,67.8,66.4,0.06,0.10,0.06
CROG,2017-08-21 17:05:00 EDT,43.97496,-75.20100,1375,76.0,77.4,76.0,60.0,61.2,0.000,0.000,0.00,0.000,2.0,6.4,1.5,244,42,2.9,11.4,1.9,252,39,2.0,6.4,1.5,244,42,94,28.63,,0,0,0,73.1,67.8,66.4,0.06,0.11,0.06
CROG,2017-08-21 17:10:00 EDT,43.97496,-75.20100,1375,75.9,77.4,75.9,60.7,61.3,0.000,0.000,0.00,0.000,1.8,6.5,1.2,241,32,2.3,7.2,1.3,244,33,1.8,6.5,1.2,241,32,84,28.63,,0,0,0,73.1,67.8,66.4,0.06,0.10,0.06
CROG,2017-08-21 17:15:00 EDT,43.97496,-75.20100,1375,76.3,77.4,76.3,61.2,61.9,0.000,0.000,0.00,0.000,2.4,7.0,1.4,219,39,3.0,8.7,1.6,223,45,2.4,7.0,1.4,219,39,81,28.63,,0,0,0,73.2,67.8,66.4,0.06,0.10,0.06
CROG,2017-08-21 17:20:00 EDT,43.97496,-75.20100,1375,75.3,77.2,75.3,66.5,63.4,0.000,0.000,0.00,0.000,0.8,3.2,0.8,228,43,1.3,5.2,1.0,230,48,0.8,3.2,0.8,228,43,87,28.63,,0,0,0,73.2,67.8,66.4,0.06,0.10,0.06
CROG,2017-08-21 17:25:00 EDT,43.97496,-75.20100,1375,75.4,76.9,75.4,66.2,63.3,0.000,0.000,0.00,0.000,1.1,4.0,0.9,217,33,1.6,4.1,0.9,217,35,1.1,4.0,0.9,217,33,89,28.63,,0,0,0,73.1,67.8,66.4,0.06,0.10,0.07
CROG,2017-08-21 17:30:00 EDT,43.97496,-75.20100,1375,75.0,76.5,75.0,68.4,63.9,0.000,0.000,0.00,0.000,1.3,5.6,1.0,222,32,1.8,5.4,1.2,220,30,1.3,5.6,1.0,222,32,90,28.63,,0,0,0,73.2,67.8,66.4,0.06,0.10,0.07
CROG,2017-08-21 17:35:00 EDT,43.97496,-75.20100,1375,75.2,76.7,75.2,67.0,63.4,0.000,0.000,0.00,0.000,1.7,5.5,1.1,210,42,2.4,8.1,1.6,208,42,1.7,5.5,1.1,210,42,80,28.63,,0,0,0,73.1,67.8,66.4,0.06,0.10,0.06
CROG,2017-08-21 17:40:00 EDT,43.97496,-75.20100,1375,75.5,76.9,75.5,64.9,62.9,0.000,0.000,0.00,0.000,1.9,5.4,1.4,204,32,2.6,6.4,1.3,205,34,1.9,5.4,1.4,204,32,75,28.63,,0,0,0,73.1,67.8,66.4,0.06,0.10,0.06
CROG,2017-08-21 17:45:00 EDT,43.97496,-75.20100,1375,75.5,77.1,75.5,64.5,62.6,0.000,0.000,0.00,0.000,1.3,3.6,0.9,192,41,2.0,6.1,1.1,201,40,1.3,3.6,0.9,192,41,66,28.63,,0,0,0,73.1,67.8,66.4,0.06,0.10,0.07
CROG,2017-08-21 17:50:00 EDT,43.97496,-75.20100,1375,75.4,76.7,75.4,64.7,62.7,0.000,0.000,0.00,0.000,1.6,4.8,1.2,216,28,2.3,6.1,1.3,216,30,1.6,4.8,1.2,216,28,62,28.62,,0,0,0,73.0,67.8,66.4,0.06,0.10,0.07
CROG,2017-08-21 17:55:00 EDT,43.97496,-75.20100,1375,75.3,76.7,75.3,65.2,62.8,0.000,0.000,0.00,0.000,1.3,4.8,1.1,212,35,1.7,4.4,1.1,217,33,1.3,4.8,1.1,212,35,59,28.62,,0,0,0,73.0,67.8,66.4,0.06,0.10,0.06
CROG,2017-08-21 18:00:00 EDT,43.97496,-75.20100,1375,74.5,76.4,74.5,67.6,63.0,0.000,0.000,0.00,0.000,0.8,2.8,0.6,195,31,1.3,3.5,0.8,197,31,0.8,2.8,0.6,195,31,57,28.62,,0,0,0,73.0,67.8,66.4,0.06,0.10,0.06
CROG,2017-08-21 18:05:00 EDT,43.97496,-75.20100,1375,74.4,76.2,74.4,68.1,63.2,0.000,0.000,0.00,0.000,1.5,5.5,1.2,229,24,2.0,7.0,1.4,227,26,1.5,5.5,1.2,229,24,55,28.62,,0,0,0,73.0,67.8,66.4,0.06,0.11,0.07
CROG,2017-08-21 18:10:00 EDT,43.97496,-75.20100,1375,73.8,75.9,73.8,72.3,64.4,0.000,0.000,0.00,0.000,0.5,2.0,0.6,220,24,0.8,3.3,0.8,217,29,0.5,2.0,0.6,220,24,51,28.62,,0,0,0,73.0,67.8,66.4,0.06,0.11,0.07
CROG,2017-08-21 18:15:00 EDT,43.97496,-75.20100,1375,73.8,75.7,73.8,71.7,64.1,0.000,0.000,0.00,0.000,0.7,3.7,0.8,227,29,1.3,3.7,0.9,218,34,0.7,3.7,0.8,227,29,47,28.62,,0,0,0,73.0,67.8,66.4,0.06,0.11,0.07
CROG,2017-08-21 18:20:00 EDT,43.97496,-75.20100,1375,73.1,75.5,73.1,73.6,64.2,0.000,0.000,0.00,0.000,0.9,3.7,0.9,224,32,1.4,4.9,1.1,230,38,0.9,3.7,0.9,224,32,46,28.62,,0,0,0,73.0,67.8,66.4,0.06,0.10,0.07
CROG,2017-08-21 18:25:00 EDT,43.97496,-75.20100,1375,72.7,75.3,72.7,76.1,64.7,0.000,0.000,0.00,0.000,0.2,0.9,0.3,203,17,0.5,1.9,0.6,197,25,0.2,0.9,0.3,203,17,43,28.62,,0,0,0,73.0,67.8,66.4,0.06,0.11,0.07
CROG,2017-08-21 18:30:00 EDT,43.97496,-75.20100,1375,72.3,74.7,72.3,77.4,64.8,0.000,0.000,0.00,0.000,0.2,2.3,0.5,230,8,0.4,2.6,0.6,234,24,0.2,2.3,0.5,230,8,39,28.62,,0,0,0,73.0,67.8,66.4,0.06,0.11,0.07
CROG,2017-08-21 18:35:00 EDT,43.97496,-75.20100,1375,72.0,73.8,72.0,77.8,64.7,0.000,0.000,0.00,0.000,0.1,1.8,0.4,238,6,0.2,1.9,0.4,235,7,0.1,1.8,0.4,238,6,37,28.62,,0,0,0,73.0,67.8,66.4,0.05,0.11,0.06
CROG,2017-08-21 18:40:00 EDT,43.97496,-75.20100,1375,71.9,73.9,71.9,78.7,64.9,0.000,0.000,0.00,0.000,0.1,1.1,0.2,234,10,0.2,1.5,0.4,204,22,0.1,1.1,0.2,234,10,35,28.62,,0,0,0,73.0,67.8,66.3,0.06,0.10,0.07
CROG,2017-08-21 18:45:00 EDT,43.97496,-75.20100,1375,71.7,73.3,71.7,79.6,65.0,0.000,0.000,0.00,0.000,0.0,0.0,0.0,0,0,0.1,1.1,0.3,198,9,0.0,0.0,0.0,0,0,32,28.62,,0,0,0,73.0,67.8,66.4,0.06,0.11,0.07
CROG,2017-08-21 18:50:00 EDT,43.97496,-75.20100,1375,71.5,72.9,71.5,80.5,65.2,0.000,0.000,0.00,0.000,0.0,0.1,0.0,214,5,0.2,1.2,0.4,201,22,0.0,0.1,0.0,214,5,29,28.62,,0,0,0,73.0,67.8,66.4,0.06,0.10,0.07
CROG,2017-08-21 18:55:00 EDT,43.97496,-75.20100,1375,71.3,73.0,71.3,81.5,65.3,0.000,0.000,0.00,0.000,0.3,2.0,0.5,201,29,0.7,4.0,0.7,212,27,0.3,2.0,0.5,201,29,28,28.61,,0,0,0,73.0,67.8,66.3,0.06,0.11,0.07
CROG,2017-08-21 19:00:00 EDT,43.97496,-75.20100,1375,71.0,72.8,71.0,82.9,65.6,0.000,0.000,0.00,0.000,0.2,1.2,0.3,227,12,0.5,2.6,0.6,224,15,0.2,1.2,0.3,227,12,26,28.61,,0,0,0,73.0,67.8,66.3,0.06,0.10,0.07
CROG,2017-08-21 19:05:00 EDT,43.97496,-75.20100,1375,70.6,72.2,70.6,83.4,65.4,0.000,0.000,0.00,0.000,0.0,0.9,0.2,174,6,0.3,1.4,0.4,194,16,0.0,0.9,0.2,174,6,23,28.61,,0,0,0,73.0,67.8,66.3,0.06,0.11,0.07
CROG,2017-08-21 19:10:00 EDT,43.97496,-75.20100,1375,70.4,71.6,70.4,84.6,65.5,0.000,0.000,0.00,0.000,0.0,0.0,0.0,0,0,0.1,0.9,0.2,230,4,0.0,0.0,0.0,0,0,20,28.61,,0,0,0,72.9,67.8,66.3,0.06,0.11,0.07
CROG,2017-08-21 19:15:00 EDT,43.97496,-75.20100,1375,70.1,70.9,70.1,84.2,65.1,0.000,0.000,0.00,0.000,0.0,0.0,0.0,0,0,0.0,0.0,0.0,0,0,0.0,0.0,0.0,0,0,15,28.62,,0,0,0,72.7,67.8,66.3,0.06,0.11,0.07
CROG,2017-08-21 19:20:00 EDT,43.97496,-75.20100,1375,69.7,70.5,69.7,85.1,65.0,0.000,0.000,0.00,0.000,0.0,0.0,0.0,0,0,0.0,1.1,0.1,227,0,0.0,0.0,0.0,0,0,14,28.62,,0,0,0,72.7,67.8,66.3,0.06,0.11,0.07
CROG,2017-08-21 19:25:00 EDT,43.97496,-75.20100,1375,69.3,69.9,69.3,85.8,64.9,0.000,0.000,0.00,0.000,0.0,0.0,0.0,0,0,0.0,0.0,0.0,0,0,0.0,0.0,0.0,0,0,14,28.62,,0,0,0,72.7,67.8,66.3,0.06,0.11,0.07
CROG,2017-08-21 19:30:00 EDT,43.97496,-75.20100,1375,68.9,69.5,68.9,86.7,64.8,0.000,0.000,0.00,0.000,0.0,0.0,0.0,0,0,0.0,0.0,0.0,0,0,0.0,0.0,0.0,0,0,12,28.62,,0,0,0,72.7,67.8,66.3,0.06,0.11,0.07
CROG,2017-08-21 19:35:00 EDT,43.97496,-75.20100,1375,68.6,69.2,68.6,87.4,64.8,0.000,0.000,0.00,0.000,0.0,0.0,0.0,0,0,0.0,0.0,0.0,0,0,0.0,0.0,0.0,0,0,10,28.62,,0,0,0,72.7,67.8,66.3,0.06,0.11,0.07
CROG,2017-08-21 19:40:00 EDT,43.97496,-75.20100,1375,68.3,68.9,68.3,88.6,64.8,0.000,0.000,0.00,0.000,0.0,0.0,0.0,0,0,0.0,0.0,0.0,0,0,0.0,0.0,0.0,0,0,8,28.62,,0,0,0,72.7,67.8,66.3,0.06,0.10,0.07
CROG,2017-08-21 19:45:00 EDT,43.97496,-75.20100,1375,67.8,68.5,67.8,89.6,64.7,0.000,0.000,0.00,0.000,0.0,0.0,0.0,0,0,0.0,0.0,0.0,0,0,0.0,0.0,0.0,0,0,6,28.62,,0,0,0,72.7,67.8,66.3,0.06,0.10,0.07
CROG,2017-08-21 19:50:00 EDT,43.97496,-75.20100,1375,67.6,68.0,67.6,89.7,64.5,0.000,0.000,0.00,0.000,0.0,0.0,0.0,0,0,0.0,0.0,0.0,0,0,0.0,0.0,0.0,0,0,5,28.61,,0,0,0,72.7,67.8,66.2,0.06,0.11,0.07
CROG,2017-08-21 19:55:00 EDT,43.97496,-75.20100,1375,67.1,67.7,67.1,89.8,64.0,0.000,0.000,0.00,0.000,0.0,0.0,0.0,0,0,0.0,0.0,0.0,0,0,0.0,0.0,0.0,0,0,3,28.61,,0,0,0,72.7,67.8,66.3,0.06,0.10,0.07
CROG,2017-08-21 20:00:00 EDT,43.97496,-75.20100,1375,66.7,67.4,66.7,91.0,64.0,0.000,0.000,0.00,0.000,0.0,0.0,0.0,0,0,0.0,0.0,0.0,0,0,0.0,0.0,0.0,0,0,2,28.61,,0,0,0,72.6,67.8,66.2,0.06,0.10,0.07
CROG,2017-08-21 20:05:00 EDT,43.97496,-75.20100,1375,66.5,67.0,66.5,91.9,64.1,0.000,0.000,0.00,0.000,0.0,0.0,0.0,0,0,0.0,0.0,0.0,0,0,0.0,0.0,0.0,0,0,1,28.61,,0,0,0,72.4,67.8,66.2,0.06,0.10,0.06
CROG,2017-08-21 20:10:00 EDT,43.97496,-75.20100,1375,66.4,66.8,66.4,93.1,64.3,0.000,0.000,0.00,0.000,0.0,0.0,0.0,0,0,0.0,0.0,0.0,0,0,0.0,0.0,0.0,0,0,0,28.62,,0,0,0,72.3,67.8,66.2,0.06,0.10,0.07
CROG,2017-08-21 20:15:00 EDT,43.97496,-75.20100,1375,66.3,66.6,66.3,93.6,64.4,0.000,0.000,0.00,0.000,0.0,0.0,0.0,0,0,0.0,0.0,0.0,0,0,0.0,0.0,0.0,0,0,0,28.62,,0,0,0,72.3,67.9,66.3,0.06,0.10,0.07
CROG,2017-08-21 20:20:00 EDT,43.97496,-75.20100,1375,66.2,66.5,66.2,93.8,64.3,0.000,0.000,0.00,0.000,0.0,0.0,0.0,0,0,0.0,0.0,0.0,0,0,0.0,0.0,0.0,0,0,0,28.62,,0,0,0,72.3,67.9,66.2,0.07,0.10,0.07
CROG,2017-08-21 20:25:00 EDT,43.97496,-75.20100,1375,65.9,66.3,65.9,94.1,64.1,0.000,0.000,0.00,0.000,0.0,0.0,0.0,0,0,0.0,0.0,0.0,0,0,0.0,0.0,0.0,0,0,0,28.62,,0,0,0,72.3,67.9,66.2,0.06,0.10,0.06
CROG,2017-08-21 20:30:00 EDT,43.97496,-75.20100,1375,65.6,66.1,65.6,94.2,63.9,0.000,0.000,0.00,0.000,0.0,0.0,0.0,0,0,0.1,0.9,0.2,183,2,0.0,0.0,0.0,0,0,0,28.62,,0,0,0,72.3,68.0,66.2,0.06,0.10,0.07
CROG,2017-08-21 20:35:00 EDT,43.97496,-75.20100,1375,65.6,66.0,65.6,94.6,64.0,0.000,0.000,0.00,0.000,0.0,0.0,0.0,0,0,0.2,0.9,0.3,173,3,0.0,0.0,0.0,0,0,0,28.62,,0,0,0,72.3,68.1,66.2,0.07,0.10,0.07
CROG,2017-08-21 20:40:00 EDT,43.97496,-75.20100,1375,65.4,65.8,65.4,95.2,64.0,0.000,0.000,0.00,0.000,0.0,0.0,0.0,0,0,0.1,0.8,0.3,189,5,0.0,0.0,0.0,0,0,0,28.62,,0,0,0,72.3,68.1,66.2,0.06,0.10,0.07
CROG,2017-08-21 20:45:00 EDT,43.97496,-75.20100,1375,65.2,65.5,65.2,95.3,63.8,0.000,0.000,0.00,0.000,0.0,0.0,0.0,0,0,0.3,0.9,0.4,167,8,0.0,0.0,0.0,0,0,0,28.62,,0,0,0,72.3,68.1,66.2,0.06,0.10,0.07
CROG,2017-08-21 20:50:00 EDT,43.97496,-75.20100,1375,65.0,65.3,65.0,95.7,63.7,0.000,0.000,0.00,0.000,0.0,0.0,0.0,0,0,0.0,0.0,0.0,0,0,0.0,0.0,0.0,0,0,0,28.62,,0,0,0,72.3,68.2,66.2,0.07,0.11,0.07
CROG,2017-08-21 20:55:00 EDT,43.97496,-75.20100,1375,64.7,65.0,64.7,95.9,63.5,0.000,0.000,0.00,0.000,0.0,0.0,0.0,0,0,0.0,0.0,0.0,0,0,0.0,0.0,0.0,0,0,0,28.62,,0,0,0,72.0,68.2,66.2,0.07,0.10,0.07
CROG,2017-08-21 21:00:00 EDT,43.97496,-75.20100,1375,64.5,64.8,64.5,95.7,63.3,0.000,0.000,0.00,0.000,0.0,0.0,0.0,0,0,0.0,0.0,0.0,0,0,0.0,0.0,0.0,0,0,0,28.62,,0,0,0,71.8,68.2,66.2,0.07,0.10,0.07
CROG,2017-08-21 21:05:00 EDT,43.97496,-75.20100,1375,64.2,64.6,64.2,95.7,63.0,0.000,0.000,0.00,0.000,0.0,0.0,0.0,0,0,0.0,0.0,0.0,0,0,0.0,0.0,0.0,0,0,0,28.62,,0,0,0,71.8,68.2,66.2,0.07,0.10,0.07
CROG,2017-08-21 21:10:00 EDT,43.97496,-75.20100,1375,64.1,64.4,64.1,95.9,62.9,0.000,0.000,0.00,0.000,0.0,0.0,0.0,0,0,0.0,0.0,0.0,0,0,0.0,0.0,0.0,0,0,0,28.62,,0,0,0,71.8,68.2,66.2,0.07,0.10,0.06
CROG,2017-08-21 21:15:00 EDT,43.97496,-75.20100,1375,63.8,64.2,63.8,96.2,62.7,0.000,0.000,0.00,0.000,0.0,0.0,0.0,0,0,0.0,0.0,0.0,0,0,0.0,0.0,0.0,0,0,0,28.62,,0,0,0,71.8,68.2,66.3,0.07,0.10,0.06
CROG,2017-08-21 21:20:00 EDT,43.97496,-75.20100,1375,63.6,64.0,63.6,96.5,62.6,0.000,0.000,0.00,0.000,0.0,0.0,0.0,0,0,0.0,0.0,0.0,0,0,0.0,0.0,0.0,0,0,0,28.62,,0,0,0,71.8,68.2,66.2,0.07,0.10,0.07
CROG,2017-08-21 21:25:00 EDT,43.97496,-75.20100,1375,63.4,63.9,63.4,96.4,62.4,0.000,0.000,0.00,0.000,0.0,0.0,0.0,0,0,0.0,0.7,0.1,197,1,0.0,0.0,0.0,0,0,0,28.61,,0,0,0,71.8,68.2,66.3,0.07,0.10,0.07
CROG,2017-08-21 21:30:00 EDT,43.97496,-75.20100,1375,63.4,63.7,63.4,96.7,62.4,0.000,0.000,0.00,0.000,0.0,0.0,0.0,0,0,0.0,0.7,0.1,236,0,0.0,0.0,0.0,0,0,0,28.61,,0,0,0,71.6,68.2,66.3,0.06,0.10,0.07
CROG,2017-08-21 21:35:00 EDT,43.97496,-75.20100,1375,63.2,63.5,63.2,96.7,62.3,0.000,0.000,0.00,0.000,0.0,0.0,0.0,0,0,0.0,0.7,0.1,217,0,0.0,0.0,0.0,0,0,0,28.61,,0,0,0,71.4,68.2,66.3,0.07,0.10,0.07
CROG,2017-08-21 21:40:00 EDT,43.97496,-75.20100,1375,63.0,63.4,63.0,96.8,62.1,0.000,0.000,0.00,0.000,0.0,0.0,0.0,0,0,0.0,0.0,0.0,0,0,0.0,0.0,0.0,0,0,0,28.61,,0,0,0,71.4,68.2,66.3,0.06,0.10,0.07
CROG,2017-08-21 21:45:00 EDT,43.97496,-75.20100,1375,62.9,63.2,62.9,96.8,61.9,0.000,0.000,0.00,0.000,0.0,0.0,0.0,0,0,0.0,0.0,0.0,0,0,0.0,0.0,0.0,0,0,0,28.61,,0,0,0,71.4,68.2,66.2,0.06,0.10,0.06
CROG,2017-08-21 21:50:00 EDT,43.97496,-75.20100,1375,62.7,62.9,62.7,96.8,61.8,0.000,0.000,0.00,0.000,0.0,0.0,0.0,0,0,0.0,0.0,0.0,0,0,0.0,0.0,0.0,0,0,0,28.61,,0,0,0,71.4,68.2,66.2,0.06,0.10,0.07
CROG,2017-08-21 21:55:00 EDT,43.97496,-75.20100,1375,62.4,62.8,62.4,96.9,61.6,0.000,0.000,0.00,0.000,0.0,0.0,0.0,0,0,0.0,0.8,0.1,264,1,0.0,0.0,0.0,0,0,0,28.61,,0,0,0,71.4,68.2,66.3,0.06,0.10,0.07
CROG,2017-08-21 22:00:00 EDT,43.97496,-75.20100,1375,62.3,62.6,62.3,97.0,61.4,0.000,0.000,0.00,0.000,0.0,0.0,0.0,0,0,0.0,0.0,0.0,0,0,0.0,0.0,0.0,0,0,0,28.61,,0,0,0,71.4,68.2,66.3,0.06,0.10,0.07
CROG,2017-08-21 22:05:00 EDT,43.97496,-75.20100,1375,62.2,62.5,62.2,96.9,61.3,0.000,0.000,0.00,0.000,0.0,0.0,0.0,0,0,0.0,0.0,0.0,0,0,0.0,0.0,0.0,0,0,0,28.61,,0,0,0,71.4,68.2,66.3,0.06,0.10,0.07
CROG,2017-08-21 22:10:00 EDT,43.97496,-75.20100,1375,62.1,62.4,62.1,97.1,61.3,0.000,0.000,0.00,0.000,0.0,0.0,0.0,0,0,0.0,0.0,0.0,0,0,0.0,0.0,0.0,0,0,0,28.61,,0,0,0,71.4,68.2,66.4,0.06,0.10,0.07
CROG,2017-08-21 22:15:00 EDT,43.97496,-75.20100,1375,62.1,62.4,62.1,97.4,61.4,0.000,0.000,0.00,0.000,0.0,0.0,0.0,0,0,0.0,0.0,0.0,0,0,0.0,0.0,0.0,0,0,0,28.61,,0,0,0,71.4,68.2,66.4,0.07,0.10,0.07
CROG,2017-08-21 22:20:00 EDT,43.97496,-75.20100,1375,61.9,62.3,61.9,97.5,61.2,0.000,0.000,0.00,0.000,0.0,0.0,0.0,0,0,0.0,0.0,0.0,0,0,0.0,0.0,0.0,0,0,0,28.61,,0,0,0,71.3,68.2,66.3,0.07,0.10,0.07
CROG,2017-08-21 22:25:00 EDT,43.97496,-75.20100,1375,62.0,62.3,62.0,97.7,61.3,0.000,0.000,0.00,0.000,0.0,0.0,0.0,0,0,0.0,0.0,0.0,0,0,0.0,0.0,0.0,0,0,0,28.62,,0,0,0,71.1,68.2,66.3,0.06,0.10,0.07
CROG,2017-08-21 22:30:00 EDT,43.97496,-75.20100,1375,61.8,62.1,61.8,97.6,61.1,0.000,0.000,0.00,0.000,0.0,0.0,0.0,0,0,0.0,0.0,0.0,0,0,0.0,0.0,0.0,0,0,0,28.62,,0,0,0,71.1,68.2,66.3,0.06,0.10,0.07
CROG,2017-08-21 22:35:00 EDT,43.97496,-75.20100,1375,61.7,62.0,61.7,97.5,60.9,0.000,0.000,0.00,0.000,0.0,0.0,0.0,0,0,0.0,0.0,0.0,0,0,0.0,0.0,0.0,0,0,0,28.62,,0,0,0,71.1,68.2,66.3,0.06,0.10,0.07
CROG,2017-08-21 22:40:00 EDT,43.97496,-75.20100,1375,61.5,61.9,61.5,97.5,60.8,0.000,0.000,0.00,0.000,0.0,0.0,0.0,0,0,0.0,0.0,0.0,0,0,0.0,0.0,0.0,0,0,0,28.63,,0,0,0,71.1,68.2,66.3,0.06,0.10,0.07
CROG,2017-08-21 22:45:00 EDT,43.97496,-75.20100,1375,61.5,61.8,61.5,97.5,60.7,0.000,0.000,0.00,0.000,0.0,0.0,0.0,0,0,0.0,0.0,0.0,0,0,0.0,0.0,0.0,0,0,0,28.63,,0,0,0,71.1,68.2,66.4,0.07,0.10,0.07
CROG,2017-08-21 22:50:00 EDT,43.97496,-75.20100,1375,61.4,61.7,61.4,97.7,60.7,0.000,0.000,0.00,0.000,0.0,0.0,0.0,0,0,0.0,0.0,0.0,0,0,0.0,0.0,0.0,0,0,0,28.62,,0,0,0,71.0,68.2,66.4,0.07,0.10,0.07
CROG,2017-08-21 22:55:00 EDT,43.97496,-75.20100,1375,61.2,61.6,61.2,97.7,60.5,0.000,0.000,0.00,0.000,0.0,0.0,0.0,0,0,0.0,0.0,0.0,0,0,0.0,0.0,0.0,0,0,0,28.62,,0,0,0,70.8,68.2,66.4,0.06,0.10,0.07
CROG,2017-08-21 23:00:00 EDT,43.97496,-75.20100,1375,61.1,61.4,61.1,97.6,60.4,0.000,0.000,0.00,0.000,0.0,0.0,0.0,0,0,0.0,0.0,0.0,0,0,0.0,0.0,0.0,0,0,0,28.62,,0,0,0,70.7,68.2,66.4,0.07,0.10,0.06
CROG,2017-08-21 23:05:00 EDT,43.97496,-75.20100,1375,61.0,61.3,61.0,97.6,60.3,0.000,0.000,0.00,0.000,0.0,0.0,0.0,0,0,0.0,0.0,0.0,0,0,0.0,0.0,0.0,0,0,0,28.62,,0,0,0,70.7,68.2,66.4,0.06,0.10,0.07
CROG,2017-08-21 23:10:00 EDT,43.97496,-75.20100,1375,60.9,61.3,60.9,97.7,60.2,0.000,0.000,0.00,0.000,0.0,0.0,0.0,0,0,0.0,0.0,0.0,0,0,0.0,0.0,0.0,0,0,0,28.62,,0,0,0,70.7,68.2,66.4,0.07,0.10,0.07
CROG,2017-08-21 23:15:00 EDT,43.97496,-75.20100,1375,60.8,61.1,60.8,97.8,60.2,0.000,0.000,0.00,0.000,0.0,0.0,0.0,0,0,0.0,0.0,0.0,0,0,0.0,0.0,0.0,0,0,0,28.62,,0,0,0,70.7,68.2,66.4,0.06,0.10,0.07
CROG,2017-08-21 23:20:00 EDT,43.97496,-75.20100,1375,60.7,61.0,60.7,97.8,60.0,0.000,0.000,0.00,0.000,0.0,0.5,0.1,211,0,0.1,1.1,0.3,191,2,0.0,0.5,0.1,211,0,0,28.62,,0,0,0,70.7,68.2,66.4,0.07,0.10,0.07
CROG,2017-08-21 23:25:00 EDT,43.97496,-75.20100,1375,60.7,61.0,60.7,97.9,60.1,0.000,0.000,0.00,0.000,0.0,0.4,0.1,211,81,0.2,1.1,0.4,169,6,0.0,0.4,0.1,211,81,0,28.62,,0,0,0,70.7,68.2,66.4,0.07,0.10,0.07
CROG,2017-08-21 23:30:00 EDT,43.97496,-75.20100,1375,60.5,60.8,60.5,97.9,59.9,0.000,0.000,0.00,0.000,0.0,0.0,0.0,0,0,0.0,0.0,0.0,0,0,0.0,0.0,0.0,0,0,0,28.62,,0,0,0,70.7,68.2,66.4,0.07,0.10,0.07
CROG,2017-08-21 23:35:00 EDT,43.97496,-75.20100,1375,60.3,60.6,60.3,97.8,59.6,0.000,0.000,0.00,0.000,0.0,0.0,0.0,0,0,0.0,0.8,0.2,167,1,0.0,0.0,0.0,0,0,0,28.62,,0,0,0,70.6,68.2,66.4,0.06,0.10,0.07
CROG,2017-08-21 23:40:00 EDT,43.97496,-75.20100,1375,60.1,60.5,60.1,97.7,59.4,0.000,0.000,0.00,0.000,0.0,0.0,0.0,0,0,0.0,0.7,0.1,215,0,0.0,0.0,0.0,0,0,0,28.61,,0,0,0,70.5,68.2,66.4,0.07,0.10,0.06
CROG,2017-08-21 23:45:00 EDT,43.97496,-75.20100,1375,60.0,60.3,60.0,97.7,59.3,0.000,0.000,0.00,0.000,0.0,0.0,0.0,0,0,0.0,0.0,0.0,0,0,0.0,0.0,0.0,0,0,0,28.61,,0,0,0,70.3,68.2,66.4,0.06,0.10,0.07
CROG,2017-08-21 23:50:00 EDT,43.97496,-75.20100,1375,59.6,60.1,59.6,97.6,59.0,0.000,0.000,0.00,0.000,0.0,0.0,0.0,0,0,0.0,0.0,0.0,0,0,0.0,0.0,0.0,0,0,0,28.61,,0,0,0,70.3,68.3,66.4,0.06,0.10,0.07
CROG,2017-08-21 23:55:00 EDT,43.97496,-75.20100,1375,59.6,60.0,59.6,97.7,58.9,0.000,0.000,0.00,0.000,0.0,0.0,0.0,0,0,0.1,1.0,0.3,284,6,0.0,0.0,0.0,0,0,0,28.61,,0,0,0,70.3,68.2,66.4,0.06,0.10,0.06
CSQR,2017-08-21 00:00:00 EDT,43.32613,-76.10445,453,61.2,63.2,61.2,96.6,60.3,0.000,0.000,0.00,0.000,0.0,0.0,0.0,0,0,0.6,0.9,0.2,90,14,0.0,0.0,0.0,0,0,0,29.64,,0,0,0,67.8,66.4,65.5,0.33,0.13,0.26
CSQR,2017-08-21 00:05:00 EDT,43.32613,-76.10445,453,61.8,63.0,61.8,97.1,61.0,0.000,0.000,0.00,0.000,0.0,0.0,0.0,0,0,0.7,1.0,0.1,88,10,0.0,0.0,0.0,0,0,0,29.64,,0,0,0,67.8,66.5,65.5,0.33,0.13,0.26
CSQR,2017-08-21 00:10:00 EDT,43.32613,-76.10445,453,62.1,63.2,62.1,97.3,61.3,0.000,0.000,0.00,0.000,0.6,1.2,0.4,88,2,1.2,1.8,0.3,85,6,0.6,1.2,0.4,88,2,0,29.64,,0,0,0,67.8,66.4,65.5,0.33,0.13,0.26
CSQR,2017-08-21 00:15:00 EDT,43.32613,-76.10445,453,61.9,63.2,61.9,97.2,61.1,0.000,0.000,0.00,0.000,0.5,1.2,0.5,83,4,1.0,1.8,0.4,62,25,0.5,1.2,0.5,83,4,0,29.64,,0,0,0,67.8,66.4,65.5,0.33,0.13,0.26
CSQR,2017-08-21 00:20:00 EDT,43.32613,-76.10445,453,61.9,63.7,61.9,97.2,61.1,0.000,0.000,0.00,0.000,0.0,0.0,0.0,0,0,0.6,1.1,0.2,74,34,0.0,0.0,0.0,0,0,0,29.64,,0,0,0,67.8,66.5,65.5,0.33,0.13,0.26
CSQR,2017-08-21 00:25:00 EDT,43.32613,-76.10445,453,62.2,63.7,62.2,97.3,61.5,0.000,0.000,0.00,0.000,0.0,0.0,0.0,0,0,0.6,0.8,0.1,18,32,0.0,0.0,0.0,0,0,0,29.64,,0,0,0,67.8,66.4,65.5,0.33,0.13,0.26
CSQR,2017-08-21 00:30:00 EDT,43.32613,-76.10445,453,62.5,63.8,62.5,97.4,61.7,0.000,0.000,0.00,0.000,0.3,1.2,0.3,122,1,1.0,1.4,0.1,117,8,0.3,1.2,0.3,122,1,0,29.64,,0,0,0,67.8,66.4,65.5,0.33,0.13,0.26
CSQR,2017-08-21 00:35:00 EDT,43.32613,-76.10445,453,61.9,63.4,61.9,97.2,61.1,0.000,0.000,0.00,0.000,1.0,1.5,0.2,85,18,1.5,2.2,0.3,81,18,1.0,1.5,0.2,85,18,0,29.64,,0,0,0,67.7,66.4,65.5,0.33,0.13,0.26
CSQR,2017-08-21 00:40:00 EDT,43.32613,-76.10445,453,63.0,63.8,63.0,97.6,62.3,0.000,0.000,0.00,0.000,1.2,1.8,0.3,65,12,1.5,2.6,0.3,62,14,1.2,1.8,0.3,65,12,0,29.64,,0,0,0,67.6,66.4,65.5,0.33,0.13,0.26
CSQR,2017-08-21 00:45:00 EDT,43.32613,-76.10445,453,62.9,64.2,62.9,97.4,62.2,0.000,0.000,0.00,0.000,0.7,1.2,0.3,102,19,1.2,1.8,0.3,103,21,0.7,1.2,0.3,102,19,0,29.64,,0,0,0,67.5,66.4,65.5,0.33,0.13,0.26
CSQR,2017-08-21 00:50:00 EDT,43.32613,-76.10445,453,61.4,63.6,61.4,96.5,60.4,0.000,0.000,0.00,0.000,0.3,0.8,0.3,145,1,0.8,1.4,0.2,141,11,0.3,0.8,0.3,145,1,0,29.65,,0,0,0,67.5,66.4,65.5,0.33,0.13,0.26
CSQR,2017-08-21 00:55:00 EDT,43.32613,-76.10445,453,61.1,63.5,61.1,96.3,60.1,0.000,0.000,0.00,0.000,0.1,0.7,0.2,42,0,0.8,1.1,0.1,60,17,0.1,0.7,0.2,42,0,0,29.65,,0,0,0,67.5,66.4,65.5,0.33,0.13,0.26
CSQR,2017-08-21 01:00:00 EDT,43.32613,-76.10445,453,62.2,63.8,62.2,97.3,61.4,0.000,0.000,0.00,0.000,0.1,0.8,0.2,95,3,0.6,1.5,0.4,76,34,0.1,0.8,0.2,95,3,0,29.65,,0,0,0,67.5,66.4,65.5,0.33,0.13,0.26
CSQR,2017-08-21 01:05:00 EDT,43.32613,-76.10445,453,61.7,63.5,61.7,97.0,60.9,0.000,0.000,0.00,0.000,0.0,0.0,0.0,0,0,0.5,1.0,0.3,355,31,0.0,0.0,0.0,0,0,0,29.64,,0,0,0,67.5,66.4,65.5,0.33,0.13,0.26
CSQR,2017-08-21 01:10:00 EDT,43.32613,-76.10445,453,62.3,63.5,62.3,97.1,61.5,0.000,0.000,0.00,0.000,0.0,0.0,0.0,0,0,0.8,1.2,0.2,16,16,0.0,0.0,0.0,0,0,0,29.64,,0,0,0,67.5,66.4,65.5,0.33,0.13,0.26
CSQR,2017-08-21 01:15:00 EDT,43.32613,-76.10445,453,61.5,63.4,61.5,97.2,60.7,0.000,0.000,0.00,0.000,0.0,0.0,0.0,0,0,0.5,0.9,0.2,355,40,0.0,0.0,0.0,0,0,0,29.64,,0,0,0,67.5,66.4,65.5,0.33,0.13,0.26
CSQR,2017-08-21 01:20:00 EDT,43.32613,-76.10445,453,61.0,63.2,61.0,97.0,60.2,0.000,0.000,0.00,0.000,0.2,0.8,0.3,323,0,0.9,1.5,0.4,333,16,0.2,0.8,0.3,323,0,0,29.64,,0,0,0,67.5,66.4,65.5,0.33,0.13,0.26
CSQR,2017-08-21 01:25:00 EDT,43.32613,-76.10445,453,61.9,63.9,61.9,97.6,61.2,0.000,0.000,0.00,0.000,0.4,1.3,0.5,91,29,1.1,1.9,0.3,57,38,0.4,1.3,0.5,91,29,0,29.64,,0,0,0,67.4,66.4,65.5,0.33,0.13,0.26
CSQR,2017-08-21 01:30:00 EDT,43.32613,-76.10445,453,61.7,63.8,61.7,97.5,61.0,0.000,0.000,0.00,0.000,0.1,1.0,0.3,103,2,0.4,1.6,0.3,70,57,0.1,1.0,0.3,103,2,0,29.65,,0,0,0,67.4,66.4,65.5,0.33,0.13,0.26
CSQR,2017-08-21 01:35:00 EDT,43.32613,-76.10445,453,60.9,62.8,60.9,97.2,60.1,0.000,0.000,0.00,0.000,0.0,0.0,0.0,0,0,0.4,0.8,0.2,278,57,0.0,0.0,0.0,0,0,0,29.65,,0,0,0,67.2,66.4,65.5,0.33,0.13,0.26
CSQR,2017-08-21 01:40:00 EDT,43.32613,-76.10445,453,61.5,63.3,61.5,97.7,60.8,0.000,0.000,0.00,0.000,0.1,0.5,0.2,43,0,0.9,1.1,0.1,39,10,0.1,0.5,0.2,43,0,0,29.65,,0,0,0,67.1,66.4,65.5,0.33,0.13,0.26
CSQR,2017-08-21 01:45:00 EDT,43.32613,-76.10445,453,62.3,63.5,62.3,97.9,61.6,0.000,0.000,0.00,0.000,0.0,0.4,0.1,43,0,0.4,0.9,0.2,4,45,0.0,0.4,0.1,43,0,0,29.65,,0,0,0,67.1,66.4,65.5,0.33,0.12,0.26
CSQR,2017-08-21 01:50:00 EDT,43.32613,-76.10445,453,61.2,63.1,61.2,97.3,60.4,0.000,0.000,0.00,0.000,0.2,0.7,0.2,40,0,0.7,1.2,0.3,50,10,0.2,0.7,0.2,40,0,0,29.65,,0,0,0,67.1,66.4,65.5,0.33,0.13,0.26
CSQR,2017-08-21 01:55:00 EDT,43.32613,-76.10445,453,61.6,63.1,61.6,97.6,60.9,0.000,0.000,0.00,0.000,0.0,0.5,0.1,6,3,0.8,1.3,0.2,357,37,0.0,0.5,0.1,6,3,0,29.65,,0,0,0,67.1,66.4,65.5,0.33,0.13,0.26
CSQR,2017-08-21 02:00:00 EDT,43.32613,-76.10445,453,61.2,62.8,61.2,97.5,60.5,0.000,0.000,0.00,0.000,0.0,0.0,0.0,0,0,0.7,1.3,0.2,17,34,0.0,0.0,0.0,0,0,0,29.65,,0,0,0,67.1,66.4,65.5,0.33,0.13,0.26
CSQR,2017-08-21 02:05:00 EDT,43.32613,-76.10445,453,61.7,63.5,61.7,97.8,61.1,0.000,0.000,0.00,0.000,1.4,2.2,0.6,59,4,1.6,2.3,0.2,53,5,1.4,2.2,0.6,59,4,0,29.64,,0,0,0,67.1,66.4,65.5,0.33,0.12,0.26
CSQR,2017-08-21 02:10:00 EDT,43.32613,-76.10445,453,61.6,63.9,61.6,97.6,60.9,0.000,0.000,0.00,0.000,0.9,1.7,0.3,52,26,1.4,2.5,0.3,44,27,0.9,1.7,0.3,52,26,0,29.65,,0,0,0,67.1,66.4,65.5,0.33,0.13,0.26
CSQR,2017-08-21 02:15:00 EDT,43.32613,-76.10445,453,60.2,63.0,60.2,96.9,59.3,0.000,0.000,0.00,0.000,0.2,0.9,0.3,23,8,0.9,1.2,0.2,16,21,0.2,0.9,0.3,23,8,0,29.65,,0,0,0,67.1,66.4,65.5,0.33,0.13,0.26
CSQR,2017-08-21 02:20:00 EDT,43.32613,-76.10445,453,60.0,62.4,60.0,96.9,59.1,0.000,0.000,0.00,0.000,0.4,1.0,0.4,35,7,1.0,1.4,0.2,31,14,0.4,1.0,0.4,35,7,0,29.65,,0,0,0,67.1,66.4,65.5,0.33,0.13,0.26
CSQR,2017-08-21 02:25:00 EDT,43.32613,-76.10445,453,60.7,62.6,60.7,97.6,60.0,0.000,0.000,0.00,0.000,1.2,1.8,0.3,50,8,1.4,2.1,0.3,46,7,1.2,1.8,0.3,50,8,0,29.64,,0,0,0,67.1,66.4,65.5,0.33,0.13,0.26
CSQR,2017-08-21 02:30:00 EDT,43.32613,-76.10445,453,61.3,63.5,61.3,97.8,60.6,0.000,0.000,0.00,0.000,1.6,2.0,0.2,58,9,1.7,2.4,0.2,54,10,1.6,2.0,0.2,58,9,0,29.64,,0,0,0,67.1,66.4,65.5,0.33,0.13,0.26
CSQR,2017-08-21 02:35:00 EDT,43.32613,-76.10445,453,60.8,63.0,60.8,97.6,60.2,0.000,0.000,0.00,0.000,1.9,3.0,0.4,43,11,2.0,3.0,0.3,41,8,1.9,3.0,0.4,43,11,0,29.64,,0,0,0,67.1,66.4,65.5,0.33,0.13,0.26
CSQR,2017-08-21 02:40:00 EDT,43.32613,-76.10445,453,60.4,62.6,60.4,97.3,59.6,0.000,0.000,0.00,0.000,1.8,2.9,0.4,41,12,1.9,3.1,0.3,38,11,1.8,2.9,0.4,41,12,0,29.65,,0,0,0,67.0,66.4,65.5,0.33,0.13,0.26
CSQR,2017-08-21 02:45:00 EDT,43.32613,-76.10445,453,60.8,63.1,60.8,97.7,60.1,0.000,0.000,0.00,0.000,1.5,2.6,0.4,44,11,1.7,2.4,0.3,42,8,1.5,2.6,0.4,44,11,0,29.65,,0,0,0,66.9,66.4,65.5,0.33,0.13,0.26
CSQR,2017-08-21 02:50:00 EDT,43.32613,-76.10445,453,59.4,62.2,59.4,97.0,58.5,0.000,0.000,0.00,0.000,0.6,1.5,0.5,33,8,1.1,2.0,0.3,29,11,0.6,1.5,0.5,33,8,0,29.65,,0,0,0,66.7,66.4,65.5,0.33,0.12,0.26
CSQR,2017-08-21 02:55:00 EDT,43.32613,-76.10445,453,59.9,62.3,59.9,97.3,59.2,0.000,0.000,0.00,0.000,1.1,1.5,0.2,42,11,1.3,1.6,0.1,39,11,1.1,1.5,0.2,42,11,0,29.65,,0,0,0,66.7,66.4,65.5,0.33,0.13,0.26
CSQR,2017-08-21 03:00:00 EDT,43.32613,-76.10445,453,60.0,62.2,60.0,97.8,59.4,0.000,0.000,0.00,0.000,0.6,1.4,0.4,33,8,1.1,1.5,0.2,29,11,0.6,1.4,0.4,33,8,0,29.65,,0,0,0,66.7,66.4,65.5,0.33,0.12,0.26
CSQR,2017-08-21 03:05:00 EDT,43.32613,-76.10445,453,59.9,62.0,59.9,97.7,59.3,0.000,0.000,0.00,0.000,0.5,1.4,0.4,28,6,1.0,1.5,0.3,32,8,0.5,1.4,0.4,28,6,0,29.65,,0,0,0,66.7,66.4,65.5,0.33,0.13,0.26
CSQR,2017-08-21 03:10:00 EDT,43.32613,-76.10445,453,59.7,62.0,59.7,97.7,59.0,0.000,0.000,0.00,0.000,0.9,1.5,0.3,34,3,1.2,1.7,0.2,34,5,0.9,1.5,0.3,34,3,0,29.65,,0,0,0,66.7,66.4,65.5,0.33,0.13,0.26
CSQR,2017-08-21 03:15:00 EDT,43.32613,-76.10445,453,59.5,61.9,59.5,97.9,58.9,0.000,0.000,0.00,0.000,0.2,0.9,0.3,52,2,0.9,1.5,0.3,56,18,0.2,0.9,0.3,52,2,0,29.65,,0,0,0,66.7,66.4,65.5,0.33,0.13,0.26
CSQR,2017-08-21 03:20:00 EDT,43.32613,-76.10445,453,58.8,61.5,58.8,97.7,58.1,0.000,0.000,0.00,0.000,0.2,1.3,0.4,31,3,1.0,1.7,0.3,18,15,0.2,1.3,0.4,31,3,0,29.65,,0,0,0,66.7,66.4,65.5,0.33,0.13,0.26
CSQR,2017-08-21 03:25:00 EDT,43.32613,-76.10445,453,60.2,62.1,60.2,98.4,59.7,0.000,0.000,0.00,0.000,0.8,1.3,0.4,60,18,1.3,2.1,0.3,61,16,0.8,1.3,0.4,60,18,0,29.65,,0,0,0,66.7,66.4,65.5,0.33,0.13,0.26
CSQR,2017-08-21 03:30:00 EDT,43.32613,-76.10445,453,60.7,62.4,60.7,98.4,60.2,0.000,0.000,0.00,0.000,0.5,1.0,0.3,107,9,1.0,1.7,0.2,99,13,0.5,1.0,0.3,107,9,0,29.65,,0,0,0,66.7,66.4,65.5,0.33,0.13,0.26
CSQR,2017-08-21 03:35:00 EDT,43.32613,-76.10445,453,59.7,62.0,59.7,98.0,59.1,0.000,0.000,0.00,0.000,0.0,0.0,0.0,0,0,0.7,1.0,0.1,74,32,0.0,0.0,0.0,0,0,0,29.65,,0,0,0,66.6,66.4,65.5,0.33,0.13,0.26
CSQR,2017-08-21 03:40:00 EDT,43.32613,-76.10445,453,59.7,61.9,59.7,98.1,59.2,0.000,0.000,0.00,0.000,0.0,0.0,0.0,0,0,0.5,0.8,0.1,58,22,0.0,0.0,0.0,0,0,0,29.65,,0,0,0,66.4,66.4,65.5,0.33,0.13,0.26
CSQR,2017-08-21 03:45:00 EDT,43.32613,-76.10445,453,59.4,61.9,59.4,98.1,58.9,0.000,0.000,0.00,0.000,0.0,0.0,0.0,0,0,0.8,1.3,0.2,70,13,0.0,0.0,0.0,0,0,0,29.65,,0,0,0,66.4,66.4,65.5,0.33,0.13,0.26
CSQR,2017-08-21 03:50:00 EDT,43.32613,-76.10445,453,60.7,62.4,60.7,98.5,60.2,0.000,0.000,0.00,0.000,0.3,0.7,0.2,70,13,1.1,1.5,0.2,78,9,0.3,0.7,0.2,70,13,0,29.65,,0,0,0,66.4,66.4,65.5,0.33,0.13,0.26
CSQR,2017-08-21 03:55:00 EDT,43.32613,-76.10445,453,59.8,62.2,59.8,98.2,59.3,0.000,0.000,0.00,0.000,0.0,0.1,0.0,87,0,0.7,1.3,0.2,77,14,0.0,0.1,0.0,87,0,0,29.65,,0,0,0,66.4,66.4,65.5,0.33,0.13,0.26
CSQR,2017-08-21 04:00:00 EDT,43.32613,-76.10445,453,59.2,62.5,59.2,98.0,58.6,0.000,0.000,0.00,0.000,0.3,1.7,0.5,93,16,1.0,2.6,0.6,82,29,0.3,1.7,0.5,93,16,0,29.65,,0,0,0,66.4,66.4,65.5,0.33,0.13,0.26
CSQR,2017-08-21 04:05:00 EDT,43.32613,-76.10445,453,58.7,62.5,58.7,97.9,58.1,0.000,0.000,0.00,0.000,0.3,1.6,0.4,81,15,1.0,2.4,0.4,84,22,0.3,1.6,0.4,81,15,0,29.65,,0,0,0,66.4,66.4,65.5,0.33,0.13,0.26
CSQR,2017-08-21 04:10:00 EDT,43.32613,-76.10445,453,58.6,62.0,58.6,97.8,58.0,0.000,0.000,0.00,0.000,0.7,1.5,0.5,97,14,1.1,2.0,0.5,93,15,0.7,1.5,0.5,97,14,0,29.65,,0,0,0,66.4,66.4,65.5,0.33,0.13,0.26
CSQR,2017-08-21 04:15:00 EDT,43.32613,-76.10445,453,59.7,62.4,59.7,98.3,59.2,0.000,0.000,0.00,0.000,1.3,2.0,0.3,85,15,1.7,2.6,0.3,82,15,1.3,2.0,0.3,85,15,0,29.65,,0,0,0,66.4,66.4,65.5,0.33,0.13,0.26
CSQR,2017-08-21 04:20:00 EDT,43.32613,-76.10445,453,60.5,62.6,60.5,98.4,60.1,0.000,0.000,0.00,0.000,1.4,2.0,0.3,94,10,1.8,2.5,0.3,91,12,1.4,2.0,0.3,94,10,0,29.65,,0,0,0,66.4,66.4,65.5,0.33,0.13,0.26
CSQR,2017-08-21 04:25:00 EDT,43.32613,-76.10445,453,60.0,63.0,60.0,98.2,59.5,0.000,0.000,0.00,0.000,1.7,2.6,0.4,80,8,2.1,3.5,0.5,76,10,1.7,2.6,0.4,80,8,0,29.65,,0,0,0,66.4,66.4,65.5,0.33,0.13,0.26
CSQR,2017-08-21 04:30:00 EDT,43.32613,-76.10445,453,60.3,63.5,60.3,98.3,59.9,0.000,0.000,0.00,0.000,2.0,2.7,0.4,77,9,2.4,3.5,0.5,75,10,2.0,2.7,0.4,77,9,0,29.65,,0,0,0,66.4,66.4,65.5,0.33,0.13,0.26
CSQR,2017-08-21 04:35:00 EDT,43.32613,-76.10445,453,59.6,62.6,59.6,97.9,59.0,0.000,0.000,0.00,0.000,1.7,2.6,0.4,58,10,1.9,3.2,0.5,53,9,1.7,2.6,0.4,58,10,0,29.65,,0,0,0,66.4,66.4,65.5,0.33,0.13,0.26
CSQR,2017-08-21 04:40:00 EDT,43.32613,-76.10445,453,59.4,62.5,59.4,97.8,58.7,0.000,0.000,0.00,0.000,1.7,2.5,0.5,54,20,1.9,3.1,0.6,52,19,1.7,2.5,0.5,54,20,0,29.65,,0,0,0,66.2,66.4,65.5,0.33,0.13,0.26
CSQR,2017-08-21 04:45:00 EDT,43.32613,-76.10445,453,59.1,62.0,59.1,97.8,58.5,0.000,0.000,0.00,0.000,1.1,2.2,0.3,51,16,1.4,2.5,0.3,46,16,1.1,2.2,0.3,51,16,0,29.65,,0,0,0,66.1,66.4,65.5,0.33,0.13,0.26
CSQR,2017-08-21 04:50:00 EDT,43.32613,-76.10445,453,58.7,61.9,58.7,97.7,58.0,0.000,0.000,0.00,0.000,1.5,2.0,0.3,72,10,1.8,2.7,0.4,69,12,1.5,2.0,0.3,72,10,0,29.65,,0,0,0,66.0,66.4,65.5,0.33,0.13,0.26
CSQR,2017-08-21 04:55:00 EDT,43.32613,-76.10445,453,57.9,61.0,57.9,97.5,57.2,0.000,0.000,0.00,0.000,1.0,2.0,0.5,83,6,1.4,2.5,0.5,79,10,1.0,2.0,0.5,83,6,0,29.66,,0,0,0,66.0,66.4,65.5,0.33,0.13,0.26
CSQR,2017-08-21 05:00:00 EDT,43.32613,-76.10445,453,58.1,61.4,58.1,97.8,57.5,0.000,0.000,0.00,0.000,1.2,1.8,0.3,63,8,1.5,2.4,0.4,58,9,1.2,1.8,0.3,63,8,0,29.65,,0,0,0,66.0,66.4,65.5,0.33,0.13,0.26
CSQR,2017-08-21 05:05:00 EDT,43.32613,-76.10445,453,59.1,61.5,59.1,98.2,58.6,0.000,0.000,0.00,0.000,1.2,2.0,0.6,58,8,1.5,2.6,0.4,51,9,1.2,2.0,0.6,58,8,0,29.65,,0,0,0,66.0,66.4,65.5,0.33,0.13,0.26
CSQR,2017-08-21 05:10:00 EDT,43.32613,-76.10445,453,60.3,61.6,60.3,98.5,59.9,0.000,0.000,0.00,0.000,0.7,1.5,0.4,57,28,1.2,2.0,0.3,44,34,0.7,1.5,0.4,57,28,0,29.65,,0,0,0,66.0,66.4,65.5,0.33,0.13,0.26
CSQR,2017-08-21 05:15:00 EDT,43.32613,-76.10445,453,60.3,61.9,60.3,98.4,59.8,0.000,0.000,0.00,0.000,2.0,2.6,0.4,90,7,2.4,3.2,0.4,88,9,2.0,2.6,0.4,90,7,0,29.65,,0,0,0,66.0,66.4,65.5,0.33,0.13,0.26
CSQR,2017-08-21 05:20:00 EDT,43.32613,-76.10445,453,58.4,61.7,58.4,97.7,57.7,0.000,0.000,0.00,0.000,1.0,1.5,0.3,88,7,1.5,2.1,0.3,84,9,1.0,1.5,0.3,88,7,0,29.65,,0,0,0,66.0,66.4,65.5,0.33,0.13,0.26
CSQR,2017-08-21 05:25:00 EDT,43.32613,-76.10445,453,59.2,61.6,59.2,98.1,58.7,0.000,0.000,0.00,0.000,0.9,1.5,0.3,80,14,1.4,2.0,0.2,74,15,0.9,1.5,0.3,80,14,0,29.65,,0,0,0,66.0,66.4,65.5,0.33,0.13,0.26
CSQR,2017-08-21 05:30:00 EDT,43.32613,-76.10445,453,60.7,61.8,60.7,98.5,60.2,0.000,0.000,0.00,0.000,1.8,3.1,0.7,59,7,2.0,3.8,0.6,55,6,1.8,3.1,0.7,59,7,0,29.65,,0,0,0,66.0,66.4,65.5,0.33,0.13,0.26
CSQR,2017-08-21 05:35:00 EDT,43.32613,-76.10445,453,61.1,61.7,61.1,98.5,60.6,0.000,0.000,0.00,0.000,2.3,3.9,0.6,61,13,2.5,5.0,0.8,60,13,2.3,3.9,0.6,61,13,0,29.65,,0,0,0,66.0,66.4,65.5,0.33,0.13,0.26
CSQR,2017-08-21 05:40:00 EDT,43.32613,-76.10445,453,60.9,61.5,60.9,98.2,60.4,0.000,0.000,0.00,0.000,3.6,4.9,0.5,74,9,4.1,6.2,0.8,73,8,3.6,4.9,0.5,74,9,0,29.65,,0,0,0,65.9,66.4,65.5,0.33,0.13,0.26
CSQR,2017-08-21 05:45:00 EDT,43.32613,-76.10445,453,60.9,61.4,60.9,98.1,60.4,0.000,0.000,0.00,0.000,2.9,4.3,0.6,79,11,3.4,5.1,0.7,77,10,2.9,4.3,0.6,79,11,0,29.65,,0,0,0,65.9,66.4,65.5,0.33,0.13,0.26
CSQR,2017-08-21 05:50:00 EDT,43.32613,-76.10445,453,60.9,61.4,60.9,97.9,60.3,0.000,0.000,0.00,0.000,2.2,3.1,0.6,82,11,2.6,4.1,0.7,80,11,2.2,3.1,0.6,82,11,0,29.65,,0,0,0,65.8,66.4,65.5,0.33,0.13,0.26
CSQR,2017-08-21 05:55:00 EDT,43.32613,-76.10445,453,58.7,61.2,58.7,96.6,57.7,0.000,0.000,0.00,0.000,0.9,1.8,0.4,92,7,1.4,2.5,0.4,88,10,0.9,1.8,0.4,92,7,0,29.65,,0,0,0,65.8,66.4,65.5,0.33,0.13,0.26
CSQR,2017-08-21 06:00:00 EDT,43.32613,-76.10445,453,58.8,61.2,58.8,97.0,57.9,0.000,0.000,0.00,0.000,1.4,2.2,0.3,82,9,1.8,2.5,0.3,78,11,1.4,2.2,0.3,82,9,0,29.65,,0,0,0,65.8,66.4,65.5,0.33,0.13,0.26
CSQR,2017-08-21 06:05:00 EDT,43.32613,-76.10445,453,60.4,61.2,60.4,98.1,59.8,0.000,0.000,0.00,0.000,1.9,3.3,0.4,70,7,2.3,3.9,0.5,65,8,1.9,3.3,0.4,70,7,1,29.65,,0,0,0,65.8,66.4,65.5,0.33,0.13,0.26
CSQR,2017-08-21 06:10:00 EDT,43.32613,-76.10445,453,60.5,61.2,60.5,98.0,59.9,0.000,0.000,0.00,0.000,2.2,3.0,0.4,81,11,2.6,4.0,0.5,79,12,2.2,3.0,0.4,81,11,2,29.65,,0,0,0,65.8,66.4,65.5,0.33,0.13,0.26
CSQR,2017-08-21 06:15:00 EDT,43.32613,-76.10445,453,60.8,61.3,60.8,97.9,60.2,0.000,0.000,0.00,0.000,2.3,3.1,0.4,71,12,2.6,4.3,0.6,69,12,2.3,3.1,0.4,71,12,2,29.65,,0,0,0,65.8,66.4,65.5,0.33,0.13,0.26
CSQR,2017-08-21 06:20:00 EDT,43.32613,-76.10445,453,60.8,61.2,60.8,97.7,60.2,0.000,0.000,0.00,0.000,2.4,3.4,0.5,65,10,2.6,4.5,0.7,63,11,2.4,3.4,0.5,65,10,3,29.65,,0,0,0,65.8,66.4,65.5,0.33,0.13,0.26
CSQR,2017-08-21 06:25:00 EDT,43.32613,-76.10445,453,60.8,61.2,60.8,97.4,60.0,0.000,0.000,0.00,0.000,2.8,3.7,0.4,74,12,3.3,4.7,0.7,74,12,2.8,3.7,0.4,74,12,6,29.65,,0,0,0,65.8,66.4,65.5,0.33,0.13,0.26
CSQR,2017-08-21 06:30:00 EDT,43.32613,-76.10445,453,60.6,61.0,60.6,97.1,59.8,0.000,0.000,0.00,0.000,2.7,3.6,0.4,82,10,3.2,4.2,0.5,80,10,2.7,3.6,0.4,82,10,13,29.65,,0,0,0,65.8,66.4,65.5,0.33,0.13,0.26
CSQR,2017-08-21 06:35:00 EDT,43.32613,-76.10445,453,60.6,61.1,60.6,96.9,59.7,0.000,0.000,0.00,0.000,2.3,3.6,0.6,90,14,2.7,4.6,0.6,89,13,2.3,3.6,0.6,90,14,19,29.65,,0,0,0,65.8,66.4,65.5,0.33,0.13,0.26
CSQR,2017-08-21 06:40:00 EDT,43.32613,-76.10445,453,60.6,61.1,60.6,96.6,59.6,0.000,0.000,0.00,0.000,2.8,3.9,0.4,108,10,3.1,4.8,0.5,110,9,2.8,3.9,0.4,108,10,25,29.65,,0,0,0,65.8,66.4,65.5,0.33,0.13,0.26
CSQR,2017-08-21 06:45:00 EDT,43.32613,-76.10445,453,60.4,61.1,60.4,96.4,59.4,0.000,0.000,0.00,0.000,2.6,4.2,0.6,97,12,3.0,5.2,0.7,96,12,2.6,4.2,0.6,97,12,32,29.65,,0,0,0,65.8,66.4,65.5,0.33,0.13,0.26
CSQR,2017-08-21 06:50:00 EDT,43.32613,-76.10445,453,61.0,61.5,61.0,96.6,60.0,0.000,0.000,0.00,0.000,3.0,4.8,0.8,81,12,3.6,6.2,0.9,81,10,3.0,4.8,0.8,81,12,39,29.65,,0,0,0,65.8,66.4,65.5,0.33,0.13,0.26
CSQR,2017-08-21 06:55:00 EDT,43.32613,-76.10445,453,61.3,61.6,61.3,96.0,60.1,0.000,0.000,0.00,0.000,2.5,4.0,0.6,75,16,2.9,4.8,0.8,74,16,2.5,4.0,0.6,75,16,62,29.65,,0,0,0,65.8,66.4,65.5,0.33,0.13,0.26
CSQR,2017-08-21 07:00:00 EDT,43.32613,-76.10445,453,61.4,61.6,61.4,95.2,60.0,0.000,0.000,0.00,0.000,2.6,3.9,0.5,87,17,3.0,4.4,0.6,86,17,2.6,3.9,0.5,87,17,60,29.65,,0,0,0,65.8,66.2,65.5,0.33,0.13,0.26
CSQR,2017-08-21 07:05:00 EDT,43.32613,-76.10445,453,61.2,61.6,61.2,94.7,59.7,0.000,0.000,0.00,0.000,2.1,3.8,0.7,109,19,2.3,4.5,0.8,108,20,2.1,3.8,0.7,109,19,60,29.66,,0,0,0,65.8,66.1,65.5,0.33,0.13,0.26
CSQR,2017-08-21 07:10:00 EDT,43.32613,-76.10445,453,60.9,61.3,60.9,94.8,59.4,0.000,0.000,0.00,0.000,0.9,1.9,0.5,127,13,1.2,2.2,0.4,121,14,0.9,1.9,0.5,127,13,63,29.66,,0,0,0,65.8,66.0,65.5,0.33,0.13,0.26
CSQR,2017-08-21 07:15:00 EDT,43.32613,-76.10445,453,61.0,61.3,61.0,94.4,59.4,0.000,0.000,0.00,0.000,1.1,1.5,0.2,116,5,1.4,1.8,0.3,115,6,1.1,1.5,0.2,116,5,68,29.66,,0,0,0,65.8,66.1,65.5,0.33,0.13,0.26
CSQR,2017-08-21 07:20:00 EDT,43.32613,-76.10445,453,61.3,61.5,61.3,94.3,59.7,0.000,0.000,0.00,0.000,0.3,0.8,0.3,122,0,0.9,1.2,0.2,113,9,0.3,0.8,0.3,122,0,129,29.66,,0,0,0,65.8,66.0,65.5,0.33,0.13,0.26
CSQR,2017-08-21 07:25:00 EDT,43.32613,-76.10445,453,62.0,61.8,62.0,93.9,60.2,0.000,0.000,0.00,0.000,0.8,1.6,0.4,122,10,1.2,1.8,0.3,116,12,0.8,1.6,0.4,122,10,154,29.66,,0,0,0,65.8,66.0,65.5,0.33,0.13,0.26
CSQR,2017-08-21 07:30:00 EDT,43.32613,-76.10445,453,62.4,62.2,62.4,92.5,60.2,0.000,0.000,0.00,0.000,1.2,1.7,0.3,136,13,1.4,2.0,0.3,135,13,1.2,1.7,0.3,136,13,177,29.66,,0,0,0,65.8,66.0,65.5,0.33,0.13,0.26
CSQR,2017-08-21 07:35:00 EDT,43.32613,-76.10445,453,62.4,62.4,62.4,92.4,60.2,0.000,0.000,0.00,0.000,1.8,2.5,0.4,152,6,1.9,3.1,0.3,149,8,1.8,2.5,0.4,152,6,194,29.66,,0,0,0,65.8,66.0,65.5,0.33,0.13,0.26
CSQR,2017-08-21 07:40:00 EDT,43.32613,-76.10445,453,62.7,62.6,62.7,91.4,60.2,0.000,0.000,0.00,0.000,2.2,3.2,0.4,143,11,2.2,3.3,0.5,141,10,2.2,3.2,0.4,143,11,211,29.66,,0,0,0,65.8,66.0,65.5,0.33,0.13,0.26
CSQR,2017-08-21 07:45:00 EDT,43.32613,-76.10445,453,63.3,63.1,63.3,91.7,60.8,0.000,0.000,0.00,0.000,1.5,2.5,0.3,133,13,1.8,2.5,0.3,132,11,1.5,2.5,0.3,133,13,223,29.66,,0,0,0,65.8,66.0,65.5,0.33,0.13,0.26
CSQR,2017-08-21 07:50:00 EDT,43.32613,-76.10445,453,63.9,63.6,63.9,92.0,61.5,0.000,0.000,0.00,0.000,1.7,2.8,0.4,146,12,1.9,3.0,0.4,144,12,1.7,2.8,0.4,146,12,233,29.66,,0,0,0,65.8,66.0,65.5,0.33,0.13,0.26
CSQR,2017-08-21 07:55:00 EDT,43.32613,-76.10445,453,64.0,63.9,64.0,91.9,61.7,0.000,0.000,0.00,0.000,2.5,3.5,0.4,159,7,2.8,4.1,0.5,156,8,2.5,3.5,0.4,159,7,215,29.66,,0,0,0,65.8,66.0,65.5,0.33,0.13,0.26
CSQR,2017-08-21 08:00:00 EDT,43.32613,-76.10445,453,64.4,64.2,64.4,90.7,61.6,0.000,0.000,0.00,0.000,2.5,3.2,0.4,148,9,2.4,3.9,0.5,146,8,2.5,3.2,0.4,148,9,229,29.66,,0,0,0,65.8,66.0,65.5,0.33,0.13,0.26
CSQR,2017-08-21 08:05:00 EDT,43.32613,-76.10445,453,64.8,64.6,64.8,89.1,61.5,0.000,0.000,0.00,0.000,2.1,3.4,0.7,141,9,2.1,3.5,0.5,140,9,2.1,3.4,0.7,141,9,149,29.66,,0,0,0,65.8,66.0,65.5,0.33,0.13,0.26
CSQR,2017-08-21 08:10:00 EDT,43.32613,-76.10445,453,65.0,64.8,65.0,91.1,62.3,0.000,0.000,0.00,0.000,2.2,3.1,0.5,149,10,2.3,3.4,0.5,146,9,2.2,3.1,0.5,149,10,144,29.66,,0,0,0,65.8,66.0,65.5,0.33,0.13,0.26
CSQR,2017-08-21 08:15:00 EDT,43.32613,-76.10445,453,65.3,65.1,65.3,90.5,62.5,0.000,0.000,0.00,0.000,2.9,4.0,0.5,150,9,3.1,4.8,0.7,148,9,2.9,4.0,0.5,150,9,220,29.66,,0,0,0,65.8,66.0,65.5,0.33,0.13,0.26
CSQR,2017-08-21 08:20:00 EDT,43.32613,-76.10445,453,65.9,65.7,65.9,89.3,62.7,0.000,0.000,0.00,0.000,3.0,4.2,0.5,137,9,3.1,4.5,0.7,137,7,3.0,4.2,0.5,137,9,266,29.66,,0,0,0,65.8,66.0,65.5,0.33,0.13,0.26
CSQR,2017-08-21 08:25:00 EDT,43.32613,-76.10445,453,66.1,65.8,66.1,88.7,62.6,0.000,0.000,0.00,0.000,3.5,4.4,0.5,136,10,3.7,5.3,0.6,135,8,3.5,4.4,0.5,136,10,168,29.66,,0,0,0,65.8,66.0,65.5,0.33,0.13,0.26
CSQR,2017-08-21 08:30:00 EDT,43.32613,-76.10445,453,66.0,65.9,66.0,88.7,62.6,0.000,0.000,0.00,0.000,3.9,5.6,0.7,135,9,4.1,6.5,0.8,134,7,3.9,5.6,0.7,135,9,161,29.66,,0,0,0,65.8,66.0,65.5,0.33,0.13,0.26
CSQR,2017-08-21 08:35:00 EDT,43.32613,-76.10445,453,66.5,66.2,66.5,88.2,62.9,0.000,0.000,0.00,0.000,4.0,5.3,0.5,129,9,4.3,5.8,0.6,130,7,4.0,5.3,0.5,129,9,268,29.66,,0,0,0,65.8,66.0,65.5,0.33,0.13,0.26
CSQR,2017-08-21 08:40:00 EDT,43.32613,-76.10445,453,67.1,66.7,67.1,87.1,63.2,0.000,0.000,0.00,0.000,4.6,6.1,0.7,124,7,4.8,6.3,0.8,125,7,4.6,6.1,0.7,124,7,343,29.65,,0,0,0,65.8,66.0,65.5,0.33,0.13,0.26
CSQR,2017-08-21 08:45:00 EDT,43.32613,-76.10445,453,67.5,67.1,67.5,86.7,63.4,0.000,0.000,0.00,0.000,3.4,5.1,0.6,123,11,3.7,5.9,0.8,123,10,3.4,5.1,0.6,123,11,312,29.65,,0,0,0,65.8,66.0,65.5,0.33,0.13,0.26
CSQR,2017-08-21 08:50:00 EDT,43.32613,-76.10445,453,67.9,67.5,67.9,84.8,63.1,0.000,0.000,0.00,0.000,4.6,6.3,0.7,126,8,4.9,6.5,0.8,127,7,4.6,6.3,0.7,126,8,371,29.65,,0,0,0,65.8,66.0,65.5,0.33,0.13,0.26
CSQR,2017-08-21 08:55:00 EDT,43.32613,-76.10445,453,68.3,67.9,68.3,84.7,63.6,0.000,0.000,0.00,0.000,4.0,5.2,0.7,128,12,4.1,5.5,0.7,128,11,4.0,5.2,0.7,128,12,385,29.65,,0,0,0,65.8,66.0,65.5,0.33,0.13,0.26
CSQR,2017-08-21 09:00:00 EDT,43.32613,-76.10445,453,69.0,68.5,69.0,83.1,63.7,0.000,0.000,0.00,0.000,3.8,4.7,0.6,135,11,3.8,5.4,0.8,134,9,3.8,4.7,0.6,135,11,403,29.65,,0,0,0,65.8,66.0,65.5,0.33,0.13,0.26
CSQR,2017-08-21 09:05:00 EDT,43.32613,-76.10445,453,69.5,69.0,69.5,82.7,64.0,0.000,0.000,0.00,0.000,3.5,5.2,0.7,125,18,3.8,5.4,0.8,125,17,3.5,5.2,0.7,125,18,419,29.65,,0,0,0,65.8,66.0,65.5,0.33,0.13,0.26
CSQR,2017-08-21 09:10:00 EDT,43.32613,-76.10445,453,70.1,69.2,70.1,81.6,64.2,0.000,0.000,0.00,0.000,3.6,5.2,0.8,116,20,3.9,5.8,0.8,116,19,3.6,5.2,0.8,116,20,434,29.65,,0,0,0,65.8,66.0,65.5,0.33,0.13,0.26
CSQR,2017-08-21 09:15:00 EDT,43.32613,-76.10445,453,70.7,70.1,70.7,80.6,64.4,0.000,0.000,0.00,0.000,4.0,5.8,0.7,162,18,4.6,7.1,0.8,162,18,4.0,5.8,0.7,162,18,451,29.65,,0,0,0,65.8,66.0,65.5,0.33,0.13,0.26
CSQR,2017-08-21 09:20:00 EDT,43.32613,-76.10445,453,71.0,70.3,71.0,78.8,64.1,0.000,0.000,0.00,0.000,4.6,6.4,0.7,167,9,5.4,7.2,0.7,165,10,4.6,6.4,0.7,167,9,468,29.65,,0,0,0,65.8,66.0,65.5,0.33,0.13,0.26
CSQR,2017-08-21 09:25:00 EDT,43.32613,-76.10445,453,71.1,70.6,71.1,76.9,63.5,0.000,0.000,0.00,0.000,3.7,5.5,0.8,170,18,4.2,7.1,1.0,169,17,3.7,5.5,0.8,170,18,484,29.65,,0,0,0,65.8,66.0,65.5,0.33,0.13,0.26
CSQR,2017-08-21 09:30:00 EDT,43.32613,-76.10445,453,71.7,70.8,71.7,76.3,63.8,0.000,0.000,0.00,0.000,5.4,7.2,0.9,158,10,6.1,7.8,1.0,157,9,5.4,7.2,0.9,158,10,501,29.66,,0,0,0,65.8,66.0,65.5,0.33,0.13,0.26
CSQR,2017-08-21 09:35:00 EDT,43.32613,-76.10445,453,71.9,70.8,71.9,75.1,63.6,0.000,0.000,0.00,0.000,5.4,8.8,1.0,156,8,5.8,10.1,1.1,154,8,5.4,8.8,1.0,156,8,518,29.65,,0,0,0,65.8,66.0,65.5,0.33,0.13,0.25
CSQR,2017-08-21 09:40:00 EDT,43.32613,-76.10445,453,72.0,70.9,72.0,74.7,63.5,0.000,0.000,0.00,0.000,5.5,8.3,1.2,163,14,6.0,9.1,1.2,162,14,5.5,8.3,1.2,163,14,537,29.65,,0,0,0,65.9,66.0,65.5,0.33,0.13,0.26
CSQR,2017-08-21 09:45:00 EDT,43.32613,-76.10445,453,72.4,71.7,72.4,74.9,64.0,0.000,0.000,0.00,0.000,5.0,6.9,1.2,159,13,5.5,8.4,1.3,158,13,5.0,6.9,1.2,159,13,557,29.65,,0,0,0,65.9,66.0,65.5,0.33,0.13,0.25
CSQR,2017-08-21 09:50:00 EDT,43.32613,-76.10445,453,73.1,71.9,73.1,73.4,64.0,0.000,0.000,0.00,0.000,5.1,8.3,1.8,162,11,5.5,9.4,2.2,161,12,5.1,8.3,1.8,162,11,549,29.65,,0,0,0,66.0,66.0,65.5,0.33,0.13,0.26
CSQR,2017-08-21 09:55:00 EDT,43.32613,-76.10445,453,73.1,72.2,73.1,73.4,64.1,0.000,0.000,0.00,0.000,5.5,9.0,1.0,166,11,6.2,9.5,1.1,164,11,5.5,9.0,1.0,166,11,581,29.65,,0,0,0,66.0,66.0,65.5,0.33,0.13,0.26
CSQR,2017-08-21 10:00:00 EDT,43.32613,-76.10445,453,73.5,72.7,73.5,72.8,64.3,0.000,0.000,0.00,0.000,6.5,9.4,1.7,163,12,7.1,10.5,1.7,161,11,6.5,9.4,1.7,163,12,508,29.65,,0,0,0,66.0,66.0,65.5,0.33,0.13,0.26
CSQR,2017-08-21 10:05:00 EDT,43.32613,-76.10445,453,74.0,73.1,74.0,72.7,64.6,0.000,0.000,0.00,0.000,5.4,9.1,1.7,154,12,6.2,9.8,1.6,154,11,5.4,9.1,1.7,154,12,477,29.65,,0,0,0,66.0,66.0,65.5,0.33,0.13,0.26
CSQR,2017-08-21 10:10:00 EDT,43.32613,-76.10445,453,74.7,73.7,74.7,73.1,65.5,0.000,0.000,0.00,0.000,4.3,7.0,1.2,151,15,4.8,7.7,1.2,150,15,4.3,7.0,1.2,151,15,597,29.65,,0,0,0,66.0,66.0,65.5,0.33,0.13,0.26
CSQR,2017-08-21 10:15:00 EDT,43.32613,-76.10445,453,74.9,74.1,74.9,72.1,65.3,0.000,0.000,0.00,0.000,5.2,8.3,1.3,154,11,5.7,8.8,1.4,154,12,5.2,8.3,1.3,154,11,511,29.65,,0,0,0,66.0,66.0,65.5,0.33,0.13,0.25
CSQR,2017-08-21 10:20:00 EDT,43.32613,-76.10445,453,75.4,74.1,75.4,70.7,65.2,0.000,0.000,0.00,0.000,6.9,8.8,1.0,151,8,7.4,9.5,1.0,148,8,6.9,8.8,1.0,151,8,658,29.65,,0,0,0,66.1,66.0,65.5,0.33,0.13,0.25
CSQR,2017-08-21 10:25:00 EDT,43.32613,-76.10445,453,75.5,74.3,75.5,69.7,64.9,0.000,0.000,0.00,0.000,6.3,8.6,1.5,164,10,6.8,10.6,1.5,163,11,6.3,8.6,1.5,164,10,551,29.65,,0,0,0,66.4,66.0,65.5,0.33,0.12,0.25
CSQR,2017-08-21 10:30:00 EDT,43.32613,-76.10445,453,75.2,74.2,75.2,70.0,64.7,0.000,0.000,0.00,0.000,6.3,9.1,1.2,162,14,6.9,9.6,1.3,161,15,6.3,9.1,1.2,162,14,544,29.64,,0,0,0,66.4,66.0,65.5,0.33,0.12,0.25
CSQR,2017-08-21 10:35:00 EDT,43.32613,-76.10445,453,75.1,74.2,75.1,67.6,63.7,0.000,0.000,0.00,0.000,6.5,10.4,1.8,183,10,7.1,11.5,1.9,183,9,6.5,10.4,1.8,183,10,675,29.64,,0,0,0,66.4,66.0,65.5,0.33,0.12,0.26
CSQR,2017-08-21 10:40:00 EDT,43.32613,-76.10445,453,75.7,74.6,75.7,68.6,64.7,0.000,0.000,0.00,0.000,6.9,10.3,1.5,163,9,7.6,11.8,1.5,162,9,6.9,10.3,1.5,163,9,680,29.64,,0,0,0,66.4,65.9,65.5,0.33,0.12,0.25
CSQR,2017-08-21 10:45:00 EDT,43.32613,-76.10445,453,76.2,74.7,76.2,68.8,65.2,0.000,0.000,0.00,0.000,7.1,9.5,1.0,154,9,7.7,10.2,1.0,151,9,7.1,9.5,1.0,154,9,692,29.63,,0,0,0,66.4,65.9,65.5,0.33,0.12,0.25
CSQR,2017-08-21 10:50:00 EDT,43.32613,-76.10445,453,76.6,75.1,76.6,68.1,65.3,0.000,0.000,0.00,0.000,6.4,10.2,1.4,148,14,6.9,10.2,1.4,146,13,6.4,10.2,1.4,148,14,702,29.63,,0,0,0,66.4,65.8,65.5,0.33,0.12,0.25
CSQR,2017-08-21 10:55:00 EDT,43.32613,-76.10445,453,76.4,75.2,76.4,66.6,64.5,0.000,0.000,0.00,0.000,6.3,8.8,1.1,158,14,6.9,10.1,1.3,156,14,6.3,8.8,1.1,158,14,713,29.63,,0,0,0,66.4,65.8,65.5,0.33,0.12,0.25
CSQR,2017-08-21 11:00:00 EDT,43.32613,-76.10445,453,76.7,75.4,76.7,66.0,64.5,0.000,0.000,0.00,0.000,5.6,8.3,1.3,146,12,6.0,9.6,1.5,144,11,5.6,8.3,1.3,146,12,723,29.63,,0,0,0,66.6,65.8,65.5,0.33,0.12,0.25
CSQR,2017-08-21 11:05:00 EDT,43.32613,-76.10445,453,77.3,75.9,77.3,65.3,64.8,0.000,0.000,0.00,0.000,5.3,8.4,1.2,153,11,5.7,9.8,1.4,151,10,5.3,8.4,1.2,153,11,734,29.63,,0,0,0,66.7,65.8,65.5,0.33,0.12,0.25
CSQR,2017-08-21 11:10:00 EDT,43.32613,-76.10445,453,77.5,76.3,77.5,65.2,65.0,0.000,0.000,0.00,0.000,5.7,8.8,1.2,156,11,6.2,9.5,1.4,154,11,5.7,8.8,1.2,156,11,742,29.63,,0,0,0,66.7,65.8,65.5,0.33,0.12,0.25
CSQR,2017-08-21 11:15:00 EDT,43.32613,-76.10445,453,77.1,75.9,77.1,64.4,64.2,0.000,0.000,0.00,0.000,5.7,8.9,1.2,186,9,6.2,9.9,1.3,185,7,5.7,8.9,1.2,186,9,746,29.63,,0,0,0,66.7,65.8,65.5,0.33,0.12,0.25
CSQR,2017-08-21 11:20:00 EDT,43.32613,-76.10445,453,77.2,76.2,77.2,65.3,64.7,0.000,0.000,0.00,0.000,3.6,6.6,1.4,188,34,3.9,7.6,1.5,187,35,3.6,6.6,1.4,188,34,752,29.63,,0,0,0,66.7,65.8,65.5,0.33,0.13,0.25
CSQR,2017-08-21 11:25:00 EDT,43.32613,-76.10445,453,78.3,77.3,78.3,66.2,66.1,0.000,0.000,0.00,0.000,4.6,6.6,0.9,166,16,5.2,7.6,1.2,165,17,4.6,6.6,0.9,166,16,757,29.63,,0,0,0,66.7,65.8,65.5,0.33,0.13,0.25
CSQR,2017-08-21 11:30:00 EDT,43.32613,-76.10445,453,77.9,77.0,77.9,63.2,64.4,0.000,0.000,0.00,0.000,6.2,9.0,1.8,215,15,6.5,9.7,1.8,214,15,6.2,9.0,1.8,215,15,763,29.63,,0,0,0,67.0,65.8,65.5,0.33,0.13,0.25
CSQR,2017-08-21 11:35:00 EDT,43.32613,-76.10445,453,78.2,76.8,78.2,65.7,65.7,0.000,0.000,0.00,0.000,6.8,9.6,1.3,194,38,7.3,10.3,1.4,192,38,6.8,9.6,1.3,194,38,768,29.63,,0,0,0,67.1,65.8,65.5,0.33,0.13,0.25
CSQR,2017-08-21 11:40:00 EDT,43.32613,-76.10445,453,78.6,76.9,78.6,64.9,65.9,0.000,0.000,0.00,0.000,3.9,8.2,2.3,159,20,4.4,8.8,2.3,156,23,3.9,8.2,2.3,159,20,776,29.63,,0,0,0,67.1,65.8,65.5,0.33,0.13,0.25
CSQR,2017-08-21 11:45:00 EDT,43.32613,-76.10445,453,78.6,77.3,78.6,64.9,65.8,0.000,0.000,0.00,0.000,5.9,10.1,2.2,179,15,6.5,11.2,2.4,177,14,5.9,10.1,2.2,179,15,777,29.63,,0,0,0,67.1,65.8,65.5,0.33,0.13,0.25
CSQR,2017-08-21 11:50:00 EDT,43.32613,-76.10445,453,78.6,77.8,78.6,64.1,65.4,0.000,0.000,0.00,0.000,4.8,8.4,1.6,200,34,5.5,9.5,1.7,197,32,4.8,8.4,1.6,200,34,778,29.63,,0,0,0,67.1,65.8,65.5,0.33,0.13,0.25
CSQR,2017-08-21 11:55:00 EDT,43.32613,-76.10445,453,79.3,78.2,79.3,63.7,66.0,0.000,0.000,0.00,0.000,4.3,8.5,1.9,206,28,4.9,9.6,1.9,207,28,4.3,8.5,1.9,206,28,785,29.63,,0,0,0,67.1,65.8,65.5,0.33,0.13,0.25
CSQR,2017-08-21 12:00:00 EDT,43.32613,-76.10445,453,79.3,78.1,79.3,63.9,66.0,0.000,0.000,0.00,0.000,5.8,9.5,1.3,205,24,6.4,10.1,1.5,202,23,5.8,9.5,1.3,205,24,786,29.63,,0,0,0,67.2,65.8,65.5,0.33,0.12,0.25
CSQR,2017-08-21 12:05:00 EDT,43.32613,-76.10445,453,79.2,78.1,79.2,63.1,65.5,0.000,0.000,0.00,0.000,6.3,11.6,1.9,223,17,6.7,11.9,1.9,221,17,6.3,11.6,1.9,223,17,790,29.63,,0,0,0,67.3,65.8,65.5,0.33,0.12,0.25
CSQR,2017-08-21 12:10:00 EDT,43.32613,-76.10445,453,79.6,78.5,79.6,63.6,66.1,0.000,0.000,0.00,0.000,5.0,9.5,1.8,201,14,5.4,9.8,1.9,199,12,5.0,9.5,1.8,201,14,792,29.63,,0,0,0,67.5,65.8,65.5,0.33,0.12,0.25
CSQR,2017-08-21 12:15:00 EDT,43.32613,-76.10445,453,79.7,78.7,79.7,63.8,66.4,0.000,0.000,0.00,0.000,4.1,6.1,1.1,182,22,4.7,7.8,1.2,182,21,4.1,6.1,1.1,182,22,793,29.63,,0,0,0,67.5,65.8,65.4,0.33,0.12,0.25
CSQR,2017-08-21 12:20:00 EDT,43.32613,-76.10445,453,80.4,79.5,82.8,63.5,66.9,0.000,0.000,0.00,0.000,4.4,8.2,1.5,192,18,5.1,9.1,1.6,192,15,4.4,8.2,1.5,192,18,796,29.63,,0,0,0,67.5,65.8,65.5,0.33,0.12,0.25
CSQR,2017-08-21 12:25:00 EDT,43.32613,-76.10445,453,81.0,79.9,83.6,63.3,67.4,0.000,0.000,0.00,0.000,3.6,7.5,1.5,186,24,4.3,8.8,1.6,186,23,3.6,7.5,1.5,186,24,805,29.63,,0,0,0,67.5,65.8,65.4,0.33,0.12,0.25
CSQR,2017-08-21 12:30:00 EDT,43.32613,-76.10445,453,81.1,80.1,83.0,58.7,65.3,0.000,0.000,0.00,0.000,6.9,10.5,1.4,205,27,7.7,10.9,1.5,204,26,6.9,10.5,1.4,205,27,809,29.62,,0,0,0,67.7,65.8,65.4,0.33,0.12,0.25
CSQR,2017-08-21 12:35:00 EDT,43.32613,-76.10445,453,81.4,80.4,83.1,56.9,64.7,0.000,0.000,0.00,0.000,6.3,10.4,1.7,210,23,6.9,12.2,1.9,209,22,6.3,10.4,1.7,210,23,811,29.62,,0,0,0,67.8,65.8,65.4,0.33,0.12,0.25
CSQR,2017-08-21 12:40:00 EDT,43.32613,-76.10445,453,81.5,80.6,83.4,58.2,65.4,0.000,0.000,0.00,0.000,4.8,8.8,1.4,208,19,5.5,9.2,1.6,207,19,4.8,8.8,1.4,208,19,813,29.62,,0,0,0,67.8,65.8,65.3,0.33,0.12,0.25
CSQR,2017-08-21 12:45:00 EDT,43.32613,-76.10445,453,82.1,81.1,83.6,54.8,64.2,0.000,0.000,0.00,0.000,6.2,9.3,1.4,196,22,6.7,10.1,1.3,193,20,6.2,9.3,1.4,196,22,815,29.62,,0,0,0,67.8,65.8,65.2,0.33,0.12,0.25
CSQR,2017-08-21 12:50:00 EDT,43.32613,-76.10445,453,82.5,81.2,84.0,54.2,64.2,0.000,0.000,0.00,0.000,5.3,8.1,1.4,195,23,5.7,9.0,1.6,194,21,5.3,8.1,1.4,195,23,816,29.62,,0,0,0,67.8,65.8,65.2,0.33,0.12,0.25
CSQR,2017-08-21 12:55:00 EDT,43.32613,-76.10445,453,82.6,81.6,83.8,51.9,63.1,0.000,0.000,0.00,0.000,5.7,10.6,2.5,232,14,6.2,11.0,2.5,232,14,5.7,10.6,2.5,232,14,817,29.62,,0,0,0,67.8,65.8,65.2,0.33,0.12,0.25
CSQR,2017-08-21 13:00:00 EDT,43.32613,-76.10445,453,82.3,81.4,83.4,52.0,62.9,0.000,0.000,0.00,0.000,5.2,9.9,2.2,237,14,5.7,11.4,2.3,235,15,5.2,9.9,2.2,237,14,820,29.62,,0,0,0,68.1,65.8,65.1,0.33,0.12,0.25
CSQR,2017-08-21 13:05:00 EDT,43.32613,-76.10445,453,83.4,82.5,84.7,51.7,63.8,0.000,0.000,0.00,0.000,4.8,9.4,1.8,251,24,5.6,9.9,1.8,250,24,4.8,9.4,1.8,251,24,820,29.61,,0,0,0,68.2,65.8,65.1,0.33,0.12,0.24
CSQR,2017-08-21 13:10:00 EDT,43.32613,-76.10445,453,82.4,81.7,83.4,51.5,62.7,0.000,0.000,0.00,0.000,4.9,8.7,2.0,188,23,5.6,9.4,2.2,189,22,4.9,8.7,2.0,188,23,821,29.61,,0,0,0,68.2,65.8,65.1,0.33,0.12,0.25
CSQR,2017-08-21 13:15:00 EDT,43.32613,-76.10445,453,83.1,82.2,84.3,51.5,63.4,0.000,0.000,0.00,0.000,7.1,11.8,1.9,201,28,7.6,13.2,2.1,200,28,7.1,11.8,1.9,201,28,821,29.61,,0,0,0,68.2,65.8,65.2,0.33,0.12,0.24
CSQR,2017-08-21 13:20:00 EDT,43.32613,-76.10445,453,83.1,82.2,83.9,48.8,61.9,0.000,0.000,0.00,0.000,5.9,8.3,1.3,250,19,6.5,10.3,1.5,249,18,5.9,8.3,1.3,250,19,814,29.61,,0,0,0,68.4,65.8,65.2,0.33,0.12,0.24
CSQR,2017-08-21 13:25:00 EDT,43.32613,-76.10445,453,83.4,82.4,83.9,47.7,61.4,0.000,0.000,0.00,0.000,6.9,10.3,1.4,262,13,7.5,11.5,1.6,261,12,6.9,10.3,1.4,262,13,799,29.61,,0,0,0,68.5,65.8,65.1,0.33,0.12,0.24
CSQR,2017-08-21 13:30:00 EDT,43.32613,-76.10445,453,83.4,82.7,84.1,48.8,62.1,0.000,0.000,0.00,0.000,5.7,10.5,2.1,260,17,6.5,11.7,2.2,261,15,5.7,10.5,2.1,260,17,782,29.61,,0,0,0,68.5,65.8,65.1,0.33,0.12,0.24
CSQR,2017-08-21 13:35:00 EDT,43.32613,-76.10445,453,83.3,82.7,83.9,47.9,61.5,0.000,0.000,0.00,0.000,5.1,8.7,1.5,241,23,5.6,9.4,1.7,241,22,5.1,8.7,1.5,241,23,751,29.61,,0,0,0,68.5,65.8,65.1,0.32,0.12,0.24
CSQR,2017-08-21 13:40:00 EDT,43.32613,-76.10445,453,83.4,82.7,84.0,48.3,61.8,0.000,0.000,0.00,0.000,5.9,9.6,1.9,243,17,6.5,10.6,1.8,243,16,5.9,9.6,1.9,243,17,713,29.61,,0,0,0,68.5,65.8,65.1,0.32,0.12,0.24
CSQR,2017-08-21 13:45:00 EDT,43.32613,-76.10445,453,83.5,82.9,84.3,48.9,62.3,0.000,0.000,0.00,0.000,5.4,10.9,2.3,250,29,6.1,13.5,2.4,250,27,5.4,10.9,2.3,250,29,670,29.60,,0,0,0,68.5,65.8,65.1,0.32,0.12,0.24
CSQR,2017-08-21 13:50:00 EDT,43.32613,-76.10445,453,83.4,83.0,83.9,47.8,61.5,0.000,0.000,0.00,0.000,5.3,8.6,1.4,254,17,5.8,9.6,1.6,253,16,5.3,8.6,1.4,254,17,626,29.60,,0,0,0,68.6,65.8,65.1,0.32,0.12,0.24
CSQR,2017-08-21 13:55:00 EDT,43.32613,-76.10445,453,83.2,82.7,83.7,47.5,61.2,0.000,0.000,0.00,0.000,4.6,8.0,1.4,253,15,5.1,8.3,1.6,252,15,4.6,8.0,1.4,253,15,578,29.60,,0,0,0,68.9,65.8,65.2,0.32,0.13,0.24
CSQR,2017-08-21 14:00:00 EDT,43.32613,-76.10445,453,83.2,82.6,83.7,48.0,61.5,0.000,0.000,0.00,0.000,5.5,8.8,1.8,205,16,6.0,9.8,1.9,203,16,5.5,8.8,1.8,205,16,524,29.60,,0,0,0,68.9,65.8,65.1,0.32,0.13,0.24
CSQR,2017-08-21 14:05:00 EDT,43.32613,-76.10445,453,82.8,82.4,83.5,48.8,61.6,0.000,0.000,0.00,0.000,5.2,7.6,1.2,204,16,5.6,9.4,1.4,203,15,5.2,7.6,1.2,204,16,472,29.59,,0,0,0,68.9,65.8,65.2,0.32,0.13,0.24
CSQR,2017-08-21 14:10:00 EDT,43.32613,-76.10445,453,82.7,82.3,83.4,49.2,61.7,0.000,0.000,0.00,0.000,6.2,9.6,1.4,198,13,6.8,9.7,1.5,197,11,6.2,9.6,1.4,198,13,421,29.59,,0,0,0,68.9,65.8,65.1,0.33,0.12,0.24
CSQR,2017-08-21 14:15:00 EDT,43.32613,-76.10445,453,82.5,82.2,83.2,49.2,61.6,0.000,0.000,0.00,0.000,3.7,6.1,1.1,212,25,4.0,7.1,1.2,210,24,3.7,6.1,1.1,212,25,372,29.59,,0,0,0,68.9,65.8,65.1,0.33,0.12,0.24
CSQR,2017-08-21 14:20:00 EDT,43.32613,-76.10445,453,82.2,82.0,83.1,50.8,62.2,0.000,0.000,0.00,0.000,5.9,9.6,1.2,218,17,6.3,10.2,1.2,217,17,5.9,9.6,1.2,218,17,325,29.59,,0,0,0,69.0,65.8,65.1,0.33,0.12,0.24
CSQR,2017-08-21 14:25:00 EDT,43.32613,-76.10445,453,82.0,81.8,83.0,51.4,62.4,0.000,0.000,0.00,0.000,4.8,7.8,1.4,239,14,5.3,8.9,1.4,236,15,4.8,7.8,1.4,239,14,285,29.59,,0,0,0,69.2,65.8,65.1,0.33,0.12,0.24
CSQR,2017-08-21 14:30:00 EDT,43.32613,-76.10445,453,81.8,81.8,82.8,51.5,62.2,0.000,0.000,0.00,0.000,5.3,9.2,1.8,248,15,5.7,9.6,1.9,248,15,5.3,9.2,1.8,248,15,254,29.59,,0,0,0,69.3,65.8,65.1,0.33,0.12,0.24
CSQR,2017-08-21 14:35:00 EDT,43.32613,-76.10445,453,81.8,81.7,82.8,51.8,62.3,0.000,0.000,0.00,0.000,3.1,4.8,0.9,247,16,3.6,5.7,0.8,245,16,3.1,4.8,0.9,247,16,233,29.58,,0,0,0,69.3,65.8,65.1,0.32,0.12,0.24
CSQR,2017-08-21 14:40:00 EDT,43.32613,-76.10445,453,81.7,81.6,82.9,53.2,63.0,0.000,0.000,0.00,0.000,2.3,4.6,0.9,245,17,2.5,5.1,0.9,243,19,2.3,4.6,0.9,245,17,224,29.58,,0,0,0,69.3,65.8,65.1,0.33,0.12,0.24
CSQR,2017-08-21 14:45:00 EDT,43.32613,-76.10445,453,81.3,81.4,83.0,57.1,64.7,0.000,0.000,0.00,0.000,1.8,3.7,0.9,254,27,2.1,4.7,0.9,255,29,1.8,3.7,0.9,254,27,225,29.58,,0,0,0,69.3,65.8,65.1,0.33,0.12,0.24
CSQR,2017-08-21 14:50:00 EDT,43.32613,-76.10445,453,81.3,81.3,83.1,57.2,64.7,0.000,0.000,0.00,0.000,2.3,3.8,0.8,263,17,2.8,4.6,1.0,263,17,2.3,3.8,0.8,263,17,239,29.59,,0,0,0,69.3,65.8,65.1,0.33,0.12,0.24
CSQR,2017-08-21 14:55:00 EDT,43.32613,-76.10445,453,80.9,81.1,82.7,58.7,65.1,0.000,0.000,0.00,0.000,2.4,3.7,0.6,288,17,2.8,4.7,0.8,288,17,2.4,3.7,0.6,288,17,261,29.58,,0,0,0,69.3,65.8,65.1,0.33,0.12,0.24
CSQR,2017-08-21 15:00:00 EDT,43.32613,-76.10445,453,80.9,81.0,82.7,59.0,65.2,0.000,0.000,0.00,0.000,2.8,4.6,0.8,281,14,3.2,5.7,1.0,280,13,2.8,4.6,0.8,281,14,301,29.58,,0,0,0,69.3,65.8,65.1,0.33,0.12,0.24
CSQR,2017-08-21 15:05:00 EDT,43.32613,-76.10445,453,80.9,81.0,83.0,61.0,66.1,0.000,0.000,0.00,0.000,2.8,4.2,0.5,287,14,3.1,4.9,0.7,287,14,2.8,4.2,0.5,287,14,341,29.58,,0,0,0,69.3,65.8,65.1,0.33,0.12,0.24
CSQR,2017-08-21 15:10:00 EDT,43.32613,-76.10445,453,81.0,81.0,83.2,60.3,66.0,0.000,0.000,0.00,0.000,3.8,6.6,1.0,296,12,4.1,7.1,1.1,296,11,3.8,6.6,1.0,296,12,328,29.58,,0,0,0,69.3,65.8,65.1,0.33,0.12,0.24
CSQR,2017-08-21 15:15:00 EDT,43.32613,-76.10445,453,81.2,81.2,83.5,60.6,66.3,0.000,0.000,0.00,0.000,4.1,7.1,1.0,290,18,4.5,7.2,1.0,288,18,4.1,7.1,1.0,290,18,422,29.58,,0,0,0,69.3,65.8,65.1,0.33,0.12,0.24
CSQR,2017-08-21 15:20:00 EDT,43.32613,-76.10445,453,82.1,81.6,84.5,59.5,66.6,0.000,0.000,0.00,0.000,4.0,6.0,0.7,283,19,4.5,7.2,0.8,283,18,4.0,6.0,0.7,283,19,464,29.58,,0,0,0,69.3,65.8,65.1,0.33,0.12,0.24
CSQR,2017-08-21 15:25:00 EDT,43.32613,-76.10445,453,81.7,81.5,84.1,60.4,66.7,0.000,0.000,0.00,0.000,5.0,6.5,1.0,301,10,5.3,7.0,1.1,301,9,5.0,6.5,1.0,301,10,497,29.58,,0,0,0,69.3,65.8,65.1,0.33,0.12,0.24
CSQR,2017-08-21 15:30:00 EDT,43.32613,-76.10445,453,82.0,81.7,84.2,58.5,66.0,0.000,0.000,0.00,0.000,5.0,6.9,1.1,292,16,5.3,7.3,1.2,291,15,5.0,6.9,1.1,292,16,532,29.58,,0,0,0,69.3,65.8,65.1,0.33,0.12,0.24
CSQR,2017-08-21 15:35:00 EDT,43.32613,-76.10445,453,82.2,81.9,84.6,59.4,66.6,0.000,0.000,0.00,0.000,5.2,8.0,1.1,301,13,5.6,8.0,1.1,300,13,5.2,8.0,1.1,301,13,563,29.58,,0,0,0,69.3,65.9,65.1,0.33,0.12,0.24
CSQR,2017-08-21 15:40:00 EDT,43.32613,-76.10445,453,82.2,81.9,84.0,56.1,65.0,0.000,0.000,0.00,0.000,5.5,8.4,1.2,296,16,5.9,8.8,1.4,296,14,5.5,8.4,1.2,296,16,589,29.58,,0,0,0,69.3,65.8,65.1,0.33,0.12,0.24
CSQR,2017-08-21 15:45:00 EDT,43.32613,-76.10445,453,83.0,82.3,85.1,56.1,65.7,0.000,0.000,0.00,0.000,4.9,7.6,1.7,279,25,5.4,8.4,1.7,278,25,4.9,7.6,1.7,279,25,605,29.58,,0,0,0,69.3,65.9,65.1,0.33,0.12,0.24
CSQR,2017-08-21 15:50:00 EDT,43.32613,-76.10445,453,82.5,82.2,84.2,55.0,64.7,0.000,0.000,0.00,0.000,5.2,6.6,0.8,300,11,5.5,7.5,0.9,299,11,5.2,6.6,0.8,300,11,617,29.58,,0,0,0,69.4,65.9,65.1,0.33,0.12,0.24
CSQR,2017-08-21 15:55:00 EDT,43.32613,-76.10445,453,83.1,82.5,85.0,54.9,65.2,0.000,0.000,0.00,0.000,3.3,6.9,1.6,269,15,3.8,7.8,1.8,268,15,3.3,6.9,1.6,269,15,614,29.57,,0,0,0,69.5,65.9,65.1,0.33,0.12,0.24
CSQR,2017-08-21 16:00:00 EDT,43.32613,-76.10445,453,83.8,82.9,85.5,52.9,64.8,0.000,0.000,0.00,0.000,4.6,8.0,1.8,254,18,5.1,9.1,1.9,254,17,4.6,8.0,1.8,254,18,609,29.57,,0,0,0,69.6,65.9,65.1,0.33,0.12,0.24
CSQR,2017-08-21 16:05:00 EDT,43.32613,-76.10445,453,83.9,83.0,85.6,52.7,64.8,0.000,0.000,0.00,0.000,2.1,4.6,1.1,247,23,2.7,6.2,1.3,249,22,2.1,4.6,1.1,247,23,597,29.57,,0,0,0,69.6,66.0,65.1,0.33,0.12,0.24
CSQR,2017-08-21 16:10:00 EDT,43.32613,-76.10445,453,83.9,83.0,85.5,52.6,64.7,0.000,0.000,0.00,0.000,2.8,5.9,1.4,231,19,3.2,7.1,1.5,228,20,2.8,5.9,1.4,231,19,582,29.57,,0,0,0,69.6,66.0,65.1,0.33,0.12,0.24
CSQR,2017-08-21 16:15:00 EDT,43.32613,-76.10445,453,83.5,83.0,84.8,51.1,63.6,0.000,0.000,0.00,0.000,2.3,7.2,2.3,198,11,2.9,7.7,2.1,197,22,2.3,7.2,2.3,198,11,571,29.57,,0,0,0,69.6,66.0,65.1,0.33,0.12,0.24
CSQR,2017-08-21 16:20:00 EDT,43.32613,-76.10445,453,83.9,83.3,85.3,51.2,64.0,0.000,0.000,0.00,0.000,3.0,8.7,2.0,224,19,3.5,8.8,2.0,225,18,3.0,8.7,2.0,224,19,560,29.57,,0,0,0,69.6,66.0,65.1,0.33,0.12,0.24
CSQR,2017-08-21 16:25:00 EDT,43.32613,-76.10445,453,84.0,83.4,85.7,52.2,64.6,0.000,0.000,0.00,0.000,5.7,9.3,2.2,256,14,6.4,10.2,2.2,255,15,5.7,9.3,2.2,256,14,548,29.57,,0,0,0,69.6,66.0,65.1,0.33,0.12,0.24
CSQR,2017-08-21 16:30:00 EDT,43.32613,-76.10445,453,84.0,83.2,85.7,52.6,64.8,0.000,0.000,0.00,0.000,5.0,8.1,1.3,247,21,5.6,9.3,1.3,247,21,5.0,8.1,1.3,247,21,536,29.57,,0,0,0,69.6,66.0,65.1,0.33,0.12,0.24
CSQR,2017-08-21 16:35:00 EDT,43.32613,-76.10445,453,83.6,82.9,85.2,52.9,64.6,0.000,0.000,0.00,0.000,5.1,7.1,1.0,200,20,5.6,8.1,1.1,199,18,5.1,7.1,1.0,200,20,521,29.57,,0,0,0,69.6,66.0,65.1,0.33,0.12,0.24
CSQR,2017-08-21 16:40:00 EDT,43.32613,-76.10445,453,83.7,83.1,85.3,52.8,64.6,0.000,0.000,0.00,0.000,5.2,8.4,1.3,249,32,5.9,9.7,1.4,249,32,5.2,8.4,1.3,249,32,508,29.57,,0,0,0,69.6,66.0,65.1,0.33,0.12,0.23
CSQR,2017-08-21 16:45:00 EDT,43.32613,-76.10445,453,83.8,83.1,85.4,52.9,64.8,0.000,0.000,0.00,0.000,5.2,9.4,1.4,243,17,5.8,10.9,1.6,241,17,5.2,9.4,1.4,243,17,494,29.57,,0,0,0,69.6,66.0,65.1,0.33,0.12,0.23
CSQR,2017-08-21 16:50:00 EDT,43.32613,-76.10445,453,83.7,83.2,85.4,52.9,64.7,0.000,0.000,0.00,0.000,5.4,7.2,1.2,250,18,6.0,9.2,1.4,251,18,5.4,7.2,1.2,250,18,478,29.57,,0,0,0,69.7,66.0,65.1,0.33,0.12,0.23
CSQR,2017-08-21 16:55:00 EDT,43.32613,-76.10445,453,83.5,83.1,85.3,54.0,65.1,0.000,0.000,0.00,0.000,5.9,9.1,1.6,275,16,6.6,11.3,1.8,274,14,5.9,9.1,1.6,275,16,469,29.57,,0,0,0,69.9,66.0,65.1,0.33,0.12,0.23
CSQR,2017-08-21 17:00:00 EDT,43.32613,-76.10445,453,83.9,83.5,86.1,55.2,66.1,0.000,0.000,0.00,0.000,3.3,6.1,1.1,264,21,4.0,6.8,1.1,264,19,3.3,6.1,1.1,264,21,455,29.57,,0,0,0,70.0,66.0,65.1,0.33,0.12,0.23
CSQR,2017-08-21 17:05:00 EDT,43.32613,-76.10445,453,83.9,83.4,86.0,54.3,65.6,0.000,0.000,0.00,0.000,5.2,9.3,1.6,254,20,6.0,11.6,1.7,254,19,5.2,9.3,1.6,254,20,441,29.57,,0,0,0,70.0,66.0,65.1,0.33,0.12,0.23
CSQR,2017-08-21 17:10:00 EDT,43.32613,-76.10445,453,83.7,83.2,85.7,54.6,65.6,0.000,0.000,0.00,0.000,5.1,8.0,1.4,255,20,5.9,9.0,1.4,253,17,5.1,8.0,1.4,255,20,425,29.57,,0,0,0,70.0,66.0,65.1,0.33,0.12,0.23
CSQR,2017-08-21 17:15:00 EDT,43.32613,-76.10445,453,83.5,83.0,85.5,54.8,65.5,0.000,0.000,0.00,0.000,5.3,7.3,1.2,247,22,5.7,8.2,1.1,246,22,5.3,7.3,1.2,247,22,410,29.57,,0,0,0,70.0,66.0,65.1,0.33,0.12,0.23
CSQR,2017-08-21 17:20:00 EDT,43.32613,-76.10445,453,83.4,83.0,85.5,55.7,65.9,0.000,0.000,0.00,0.000,6.5,10.7,1.8,269,13,7.4,11.8,1.8,268,11,6.5,10.7,1.8,269,13,390,29.56,,0,0,0,70.0,66.0,65.1,0.33,0.12,0.23
CSQR,2017-08-21 17:25:00 EDT,43.32613,-76.10445,453,83.3,83.0,85.5,56.0,65.9,0.000,0.000,0.00,0.000,5.3,8.9,1.6,266,15,5.9,9.9,1.7,266,14,5.3,8.9,1.6,266,15,361,29.56,,0,0,0,70.0,66.0,65.1,0.33,0.12,0.23
CSQR,2017-08-21 17:30:00 EDT,43.32613,-76.10445,453,83.5,82.9,85.4,54.5,65.4,0.000,0.000,0.00,0.000,3.7,6.2,1.1,240,12,4.1,6.9,1.3,238,13,3.7,6.2,1.1,240,12,379,29.56,,0,0,0,70.0,66.0,65.1,0.33,0.12,0.23
CSQR,2017-08-21 17:35:00 EDT,43.32613,-76.10445,453,83.4,82.9,85.5,55.1,65.6,0.000,0.000,0.00,0.000,4.2,6.6,1.3,246,13,4.6,8.0,1.5,245,13,4.2,6.6,1.3,246,13,370,29.56,,0,0,0,70.0,66.0,65.1,0.33,0.12,0.23
CSQR,2017-08-21 17:40:00 EDT,43.32613,-76.10445,453,83.2,82.8,85.2,55.4,65.5,0.000,0.000,0.00,0.000,4.9,7.6,1.0,266,14,5.5,8.0,1.1,267,13,4.9,7.6,1.0,266,14,353,29.56,,0,0,0,70.0,66.0,65.1,0.33,0.12,0.23
CSQR,2017-08-21 17:45:00 EDT,43.32613,-76.10445,453,83.2,82.8,85.6,57.2,66.5,0.000,0.000,0.00,0.000,3.7,6.3,1.1,266,16,4.3,7.1,1.2,265,15,3.7,6.3,1.1,266,16,297,29.56,,0,0,0,70.0,66.0,65.1,0.33,0.12,0.23
CSQR,2017-08-21 17:50:00 EDT,43.32613,-76.10445,453,82.8,82.6,85.3,58.4,66.7,0.000,0.000,0.00,0.000,4.8,8.8,1.8,266,16,5.5,10.3,2.0,266,14,4.8,8.8,1.8,266,16,268,29.55,,0,0,0,70.0,66.0,65.1,0.33,0.12,0.23
CSQR,2017-08-21 17:55:00 EDT,43.32613,-76.10445,453,82.7,82.5,85.1,57.8,66.4,0.000,0.000,0.00,0.000,3.4,5.6,0.8,245,14,3.7,6.4,0.8,245,16,3.4,5.6,0.8,245,14,288,29.55,,0,0,0,70.0,66.0,65.1,0.33,0.12,0.23
CSQR,2017-08-21 18:00:00 EDT,43.32613,-76.10445,453,82.7,82.4,84.8,56.8,65.8,0.000,0.000,0.00,0.000,1.8,3.5,1.0,256,31,2.1,4.5,0.9,256,33,1.8,3.5,1.0,256,31,242,29.55,,0,0,0,70.0,66.0,65.1,0.33,0.12,0.23
CSQR,2017-08-21 18:05:00 EDT,43.32613,-76.10445,453,82.2,82.2,84.8,60.1,67.0,0.000,0.000,0.00,0.000,2.9,3.9,0.5,309,9,3.1,4.6,0.6,307,8,2.9,3.9,0.5,309,9,240,29.55,,0,0,0,70.0,66.0,65.1,0.33,0.12,0.23
CSQR,2017-08-21 18:10:00 EDT,43.32613,-76.10445,453,82.3,82.2,84.8,60.1,67.0,0.000,0.000,0.00,0.000,3.6,4.7,0.6,271,18,4.0,5.5,0.7,271,17,3.6,4.7,0.6,271,18,235,29.55,,0,0,0,70.0,66.0,65.1,0.33,0.12,0.23
CSQR,2017-08-21 18:15:00 EDT,43.32613,-76.10445,453,82.5,82.3,85.1,59.5,67.0,0.000,0.000,0.00,0.000,2.5,4.2,0.8,235,18,2.7,4.4,0.8,233,17,2.5,4.2,0.8,235,18,244,29.55,,0,0,0,70.0,66.0,65.1,0.33,0.12,0.23
CSQR,2017-08-21 18:20:00 EDT,43.32613,-76.10445,453,82.4,82.2,84.9,59.2,66.8,0.000,0.000,0.00,0.000,3.3,5.0,0.8,224,18,3.5,5.3,1.0,222,18,3.3,5.0,0.8,224,18,232,29.55,,0,0,0,70.0,66.0,65.1,0.33,0.12,0.23
CSQR,2017-08-21 18:25:00 EDT,43.32613,-76.10445,453,82.5,82.2,84.9,58.9,66.6,0.000,0.000,0.00,0.000,2.8,4.4,1.0,264,19,3.3,5.2,1.0,263,16,2.8,4.4,1.0,264,19,231,29.55,,0,0,0,70.0,66.0,65.1,0.33,0.12,0.23
CSQR,2017-08-21 18:30:00 EDT,43.32613,-76.10445,453,82.2,82.0,84.7,60.1,66.9,0.000,0.000,0.00,0.000,3.1,4.5,0.6,270,15,3.7,5.4,0.7,271,15,3.1,4.5,0.6,270,15,221,29.55,,0,0,0,70.0,66.0,65.1,0.33,0.12,0.23
CSQR,2017-08-21 18:35:00 EDT,43.32613,-76.10445,453,82.2,82.1,84.7,60.2,67.0,0.000,0.000,0.00,0.000,2.8,4.4,0.6,240,12,3.1,5.1,0.7,238,11,2.8,4.4,0.6,240,12,148,29.55,,0,0,0,70.0,66.0,65.1,0.33,0.12,0.23
CSQR,2017-08-21 18:40:00 EDT,43.32613,-76.10445,453,81.6,81.8,84.1,61.1,66.9,0.000,0.000,0.00,0.000,2.4,4.2,0.8,237,14,2.5,4.9,0.7,236,14,2.4,4.2,0.8,237,14,128,29.55,,0,0,0,70.0,66.0,65.1,0.33,0.12,0.23
CSQR,2017-08-21 18:45:00 EDT,43.32613,-76.10445,453,81.3,81.5,84.1,63.3,67.7,0.000,0.000,0.00,0.000,0.7,1.9,0.8,242,9,1.1,2.6,0.6,250,22,0.7,1.9,0.8,242,9,93,29.55,,0,0,0,70.0,66.0,65.1,0.33,0.12,0.23
CSQR,2017-08-21 18:50:00 EDT,43.32613,-76.10445,453,80.9,81.1,83.4,63.4,67.3,0.000,0.000,0.00,0.000,1.4,2.7,0.7,228,14,1.6,3.1,0.5,229,16,1.4,2.7,0.7,228,14,72,29.55,,0,0,0,70.0,66.0,65.1,0.33,0.12,0.23
CSQR,2017-08-21 18:55:00 EDT,43.32613,-76.10445,453,80.5,80.9,83.0,64.7,67.5,0.000,0.000,0.00,0.000,1.0,1.8,0.4,242,14,1.4,2.4,0.3,241,16,1.0,1.8,0.4,242,14,88,29.55,,0,0,0,70.0,66.0,65.1,0.33,0.12,0.23
CSQR,2017-08-21 19:00:00 EDT,43.32613,-76.10445,453,80.2,80.7,82.7,65.9,67.7,0.000,0.000,0.00,0.000,1.3,1.8,0.3,264,10,1.6,2.1,0.3,264,13,1.3,1.8,0.3,264,10,86,29.56,,0,0,0,70.0,66.0,65.1,0.33,0.12,0.23
CSQR,2017-08-21 19:05:00 EDT,43.32613,-76.10445,453,80.0,80.3,82.6,66.9,68.0,0.000,0.000,0.00,0.000,0.9,1.5,0.4,219,14,1.2,1.9,0.3,216,16,0.9,1.5,0.4,219,14,64,29.55,,0,0,0,70.0,66.0,65.1,0.33,0.12,0.23
CSQR,2017-08-21 19:10:00 EDT,43.32613,-76.10445,453,79.3,79.9,79.3,69.4,68.4,0.000,0.000,0.00,0.000,0.9,1.3,0.2,198,7,1.2,1.7,0.2,196,12,0.9,1.3,0.2,198,7,51,29.55,,0,0,0,70.0,66.0,65.1,0.33,0.12,0.23
CSQR,2017-08-21 19:15:00 EDT,43.32613,-76.10445,453,78.6,79.7,78.6,72.1,68.8,0.000,0.000,0.00,0.000,1.1,1.6,0.2,247,24,1.3,2.1,0.3,249,26,1.1,1.6,0.2,247,24,41,29.55,,0,0,0,70.0,66.1,65.1,0.33,0.12,0.23
CSQR,2017-08-21 19:20:00 EDT,43.32613,-76.10445,453,78.5,79.5,78.5,71.9,68.7,0.000,0.000,0.00,0.000,0.2,1.5,0.4,261,6,0.8,1.9,0.4,289,36,0.2,1.5,0.4,261,6,38,29.55,,0,0,0,70.0,66.0,65.1,0.33,0.12,0.23
CSQR,2017-08-21 19:25:00 EDT,43.32613,-76.10445,453,78.4,79.3,78.4,71.7,68.5,0.000,0.000,0.00,0.000,0.0,0.0,0.0,0,0,0.4,0.9,0.2,325,18,0.0,0.0,0.0,0,0,32,29.55,,0,0,0,70.0,66.1,65.1,0.33,0.12,0.23
CSQR,2017-08-21 19:30:00 EDT,43.32613,-76.10445,453,77.5,78.9,77.5,73.9,68.5,0.000,0.000,0.00,0.000,0.0,0.0,0.0,0,0,0.7,1.3,0.2,322,35,0.0,0.0,0.0,0,0,27,29.55,,0,0,0,70.0,66.2,65.1,0.33,0.12,0.23
CSQR,2017-08-21 19:35:00 EDT,43.32613,-76.10445,453,76.1,77.3,76.1,77.4,68.5,0.000,0.000,0.00,0.000,0.7,1.2,0.3,40,6,1.2,1.7,0.2,42,7,0.7,1.2,0.3,40,6,24,29.55,,0,0,0,70.0,66.3,65.1,0.33,0.12,0.23
CSQR,2017-08-21 19:40:00 EDT,43.32613,-76.10445,453,75.6,76.8,75.6,80.7,69.2,0.000,0.000,0.00,0.000,0.4,1.1,0.4,6,17,1.1,1.6,0.2,4,27,0.4,1.1,0.4,6,17,21,29.55,,0,0,0,70.0,66.4,65.1,0.33,0.12,0.23
CSQR,2017-08-21 19:45:00 EDT,43.32613,-76.10445,453,74.7,76.0,74.7,82.6,69.0,0.000,0.000,0.00,0.000,0.6,1.2,0.5,326,11,1.2,1.5,0.2,338,21,0.6,1.2,0.5,326,11,16,29.55,,0,0,0,70.0,66.4,65.1,0.33,0.12,0.23
CSQR,2017-08-21 19:50:00 EDT,43.32613,-76.10445,453,75.0,76.2,75.0,84.3,69.9,0.000,0.000,0.00,0.000,0.3,1.1,0.4,14,4,1.0,1.5,0.2,15,10,0.3,1.1,0.4,14,4,11,29.55,,0,0,0,70.0,66.4,65.1,0.33,0.12,0.23
CSQR,2017-08-21 19:55:00 EDT,43.32613,-76.10445,453,74.1,75.4,74.1,85.3,69.5,0.000,0.000,0.00,0.000,0.0,0.4,0.1,34,1,0.7,1.3,0.2,61,33,0.0,0.4,0.1,34,1,6,29.55,,0,0,0,69.9,66.4,65.2,0.33,0.12,0.23
CSQR,2017-08-21 20:00:00 EDT,43.32613,-76.10445,453,73.7,75.1,73.7,86.8,69.5,0.000,0.000,0.00,0.000,0.8,1.5,0.6,18,8,1.3,1.9,0.3,15,12,0.8,1.5,0.6,18,8,3,29.55,,0,0,0,69.8,66.4,65.1,0.33,0.12,0.23
CSQR,2017-08-21 20:05:00 EDT,43.32613,-76.10445,453,73.7,74.9,73.7,88.3,70.0,0.000,0.000,0.00,0.000,0.8,1.7,0.4,2,7,1.3,2.1,0.3,2,10,0.8,1.7,0.4,2,7,2,29.55,,0,0,0,69.7,66.4,65.1,0.33,0.12,0.23
CSQR,2017-08-21 20:10:00 EDT,43.32613,-76.10445,453,73.7,74.8,73.7,88.5,70.1,0.000,0.000,0.00,0.000,0.7,1.3,0.4,7,5,1.2,1.8,0.3,8,13,0.7,1.3,0.4,7,5,2,29.55,,0,0,0,69.6,66.4,65.1,0.33,0.12,0.23
CSQR,2017-08-21 20:15:00 EDT,43.32613,-76.10445,453,73.1,74.3,73.1,88.9,69.6,0.000,0.000,0.00,0.000,0.6,1.2,0.4,12,3,1.1,1.8,0.4,14,11,0.6,1.2,0.4,12,3,1,29.55,,0,0,0,69.6,66.4,65.1,0.33,0.12,0.23
CSQR,2017-08-21 20:20:00 EDT,43.32613,-76.10445,453,71.8,73.5,71.8,90.0,68.7,0.000,0.000,0.00,0.000,0.0,0.0,0.0,0,0,0.4,0.8,0.2,292,35,0.0,0.0,0.0,0,0,1,29.55,,0,0,0,69.6,66.4,65.2,0.33,0.12,0.23
CSQR,2017-08-21 20:25:00 EDT,43.32613,-76.10445,453,71.9,73.4,71.9,91.5,69.3,0.000,0.000,0.00,0.000,0.0,0.0,0.0,0,0,0.5,0.9,0.1,25,15,0.0,0.0,0.0,0,0,1,29.55,,0,0,0,69.6,66.4,65.1,0.33,0.12,0.23
CSQR,2017-08-21 20:30:00 EDT,43.32613,-76.10445,453,71.8,72.9,71.8,92.6,69.6,0.000,0.000,0.00,0.000,0.0,0.0,0.0,0,0,0.4,0.8,0.2,52,36,0.0,0.0,0.0,0,0,1,29.55,,0,0,0,69.6,66.4,65.1,0.33,0.12,0.23
CSQR,2017-08-21 20:35:00 EDT,43.32613,-76.10445,453,71.4,72.6,71.4,93.4,69.4,0.000,0.000,0.00,0.000,0.0,0.0,0.0,0,0,0.4,0.8,0.2,56,23,0.0,0.0,0.0,0,0,1,29.55,,0,0,0,69.6,66.4,65.1,0.33,0.12,0.23
CSQR,2017-08-21 20:40:00 EDT,43.32613,-76.10445,453,71.2,72.6,71.2,94.0,69.3,0.000,0.000,0.00,0.000,0.0,0.0,0.0,0,0,0.8,1.1,0.2,37,9,0.0,0.0,0.0,0,0,1,29.55,,0,0,0,69.6,66.4,65.2,0.33,0.12,0.23
CSQR,2017-08-21 20:45:00 EDT,43.32613,-76.10445,453,70.6,72.3,70.6,94.1,68.8,0.000,0.000,0.00,0.000,0.3,0.9,0.4,27,1,1.1,1.5,0.1,28,6,0.3,0.9,0.4,27,1,1,29.55,,0,0,0,69.6,66.4,65.3,0.33,0.12,0.23
CSQR,2017-08-21 20:50:00 EDT,43.32613,-76.10445,453,70.5,72.1,70.5,94.9,69.0,0.000,0.000,0.00,0.000,0.4,0.9,0.3,22,0,1.0,1.5,0.2,25,6,0.4,0.9,0.3,22,0,1,29.55,,0,0,0,69.6,66.4,65.3,0.33,0.12,0.23
CSQR,2017-08-21 20:55:00 EDT,43.32613,-76.10445,453,70.6,71.7,70.6,95.2,69.2,0.000,0.000,0.00,0.000,0.4,0.7,0.2,30,6,1.0,1.2,0.1,37,6,0.4,0.7,0.2,30,6,1,29.55,,0,0,0,69.4,66.4,65.3,0.33,0.12,0.23
CSQR,2017-08-21 21:00:00 EDT,43.32613,-76.10445,453,70.9,71.7,70.9,95.7,69.6,0.000,0.000,0.00,0.000,0.5,1.2,0.4,29,4,1.1,1.7,0.3,30,7,0.5,1.2,0.4,29,4,0,29.55,,0,0,0,69.3,66.4,65.4,0.33,0.12,0.23
CSQR,2017-08-21 21:05:00 EDT,43.32613,-76.10445,453,70.4,71.5,70.4,95.6,69.0,0.000,0.000,0.00,0.000,0.5,1.1,0.3,25,3,0.9,1.4,0.2,30,9,0.5,1.1,0.3,25,3,0,29.55,,0,0,0,69.3,66.4,65.4,0.32,0.12,0.23
CSQR,2017-08-21 21:10:00 EDT,43.32613,-76.10445,453,69.9,71.3,69.9,95.8,68.6,0.000,0.000,0.00,0.000,0.5,1.5,0.5,73,8,1.2,2.1,0.3,67,14,0.5,1.5,0.5,73,8,0,29.55,,0,0,0,69.3,66.4,65.5,0.32,0.12,0.23
CSQR,2017-08-21 21:15:00 EDT,43.32613,-76.10445,453,69.9,70.9,69.9,95.7,68.6,0.000,0.000,0.00,0.000,1.2,1.9,0.4,65,8,1.5,2.6,0.4,60,10,1.2,1.9,0.4,65,8,0,29.55,,0,0,0,69.3,66.4,65.5,0.32,0.12,0.23
CSQR,2017-08-21 21:20:00 EDT,43.32613,-76.10445,453,69.2,70.7,69.2,95.2,67.7,0.000,0.000,0.00,0.000,0.0,0.0,0.0,0,0,0.7,1.2,0.1,360,35,0.0,0.0,0.0,0,0,1,29.55,,0,0,0,69.3,66.4,65.5,0.32,0.12,0.23
CSQR,2017-08-21 21:25:00 EDT,43.32613,-76.10445,453,69.1,70.6,69.1,95.6,67.8,0.000,0.000,0.00,0.000,0.0,0.0,0.0,0,0,0.5,1.2,0.2,12,49,0.0,0.0,0.0,0,0,0,29.55,,0,0,0,69.3,66.4,65.5,0.32,0.12,0.23
CSQR,2017-08-21 21:30:00 EDT,43.32613,-76.10445,453,69.6,70.5,69.6,96.1,68.5,0.000,0.000,0.00,0.000,0.6,1.6,0.6,334,14,1.2,2.0,0.4,351,33,0.6,1.6,0.6,334,14,1,29.55,,0,0,0,69.3,66.4,65.5,0.32,0.12,0.23
CSQR,2017-08-21 21:35:00 EDT,43.32613,-76.10445,453,69.1,70.4,69.1,95.7,67.8,0.000,0.000,0.00,0.000,0.7,1.3,0.4,55,37,1.3,1.8,0.3,55,37,0.7,1.3,0.4,55,37,1,29.55,,0,0,0,69.3,66.4,65.5,0.32,0.12,0.23
CSQR,2017-08-21 21:40:00 EDT,43.32613,-76.10445,453,68.7,70.0,68.7,95.8,67.4,0.000,0.000,0.00,0.000,0.5,1.4,0.4,322,23,1.0,1.6,0.3,341,34,0.5,1.4,0.4,322,23,0,29.55,,0,0,0,69.3,66.4,65.5,0.32,0.12,0.23
CSQR,2017-08-21 21:45:00 EDT,43.32613,-76.10445,453,68.6,70.1,68.6,96.4,67.5,0.000,0.000,0.00,0.000,0.8,1.2,0.4,9,13,1.3,1.8,0.3,6,19,0.8,1.2,0.4,9,13,0,29.55,,0,0,0,69.2,66.4,65.5,0.32,0.12,0.23
CSQR,2017-08-21 21:50:00 EDT,43.32613,-76.10445,453,68.8,70.1,68.8,96.7,67.8,0.000,0.000,0.00,0.000,0.0,0.5,0.1,340,0,0.7,1.1,0.2,33,44,0.0,0.5,0.1,340,0,0,29.55,,0,0,0,69.1,66.4,65.5,0.32,0.12,0.23
CSQR,2017-08-21 21:55:00 EDT,43.32613,-76.10445,453,68.5,69.4,68.5,96.5,67.5,0.000,0.000,0.00,0.000,0.4,0.8,0.3,96,3,1.0,1.4,0.2,99,9,0.4,0.8,0.3,96,3,0,29.55,,0,0,0,68.9,66.4,65.5,0.32,0.12,0.23
CSQR,2017-08-21 22:00:00 EDT,43.32613,-76.10445,453,68.4,69.3,68.4,96.5,67.4,0.000,0.000,0.00,0.000,0.0,0.0,0.0,0,0,0.3,0.6,0.1,360,63,0.0,0.0,0.0,0,0,0,29.55,,0,0,0,68.9,66.4,65.5,0.32,0.12,0.23
CSQR,2017-08-21 22:05:00 EDT,43.32613,-76.10445,453,68.1,69.4,68.1,96.6,67.1,0.000,0.000,0.00,0.000,0.0,0.0,0.0,0,0,0.4,0.9,0.2,303,24,0.0,0.0,0.0,0,0,0,29.55,,0,0,0,68.9,66.4,65.5,0.32,0.12,0.23
CSQR,2017-08-21 22:10:00 EDT,43.32613,-76.10445,453,67.7,69.0,67.7,96.8,66.7,0.000,0.000,0.00,0.000,0.0,0.0,0.0,0,0,0.4,0.7,0.2,187,31,0.0,0.0,0.0,0,0,0,29.55,,0,0,0,68.9,66.4,65.5,0.32,0.12,0.23
CSQR,2017-08-21 22:15:00 EDT,43.32613,-76.10445,453,67.1,68.5,67.1,96.8,66.2,0.000,0.000,0.00,0.000,0.8,3.8,1.1,125,10,1.4,4.3,0.9,122,16,0.8,3.8,1.1,125,10,0,29.55,,0,0,0,68.9,66.4,65.5,0.32,0.12,0.23
CSQR,2017-08-21 22:20:00 EDT,43.32613,-76.10445,453,66.0,68.0,66.0,96.1,64.8,0.000,0.000,0.00,0.000,3.6,9.6,2.9,170,42,4.1,10.1,3.0,168,47,3.6,9.6,2.9,170,42,0,29.55,,0,0,0,68.9,66.4,65.5,0.32,0.12,0.23
CSQR,2017-08-21 22:25:00 EDT,43.32613,-76.10445,453,67.3,69.3,67.3,97.5,66.6,0.000,0.000,0.00,0.000,0.7,2.2,0.7,25,19,1.2,2.8,0.7,34,33,0.7,2.2,0.7,25,19,0,29.55,,0,0,0,68.9,66.4,65.5,0.32,0.12,0.23
CSQR,2017-08-21 22:30:00 EDT,43.32613,-76.10445,453,67.6,69.6,67.6,97.4,66.9,0.000,0.000,0.00,0.000,1.5,1.9,0.2,110,19,1.8,2.4,0.2,108,19,1.5,1.9,0.2,110,19,0,29.55,,0,0,0,68.9,66.4,65.5,0.32,0.12,0.23
CSQR,2017-08-21 22:35:00 EDT,43.32613,-76.10445,453,68.0,69.0,68.0,97.1,67.1,0.000,0.000,0.00,0.000,1.6,2.2,0.4,115,18,1.9,2.4,0.3,113,22,1.6,2.2,0.4,115,18,0,29.55,,0,0,0,68.8,66.4,65.5,0.32,0.12,0.23
CSQR,2017-08-21 22:40:00 EDT,43.32613,-76.10445,453,67.6,68.7,67.6,96.5,66.6,0.000,0.000,0.00,0.000,0.8,1.5,0.5,102,18,1.3,1.9,0.4,90,27,0.8,1.5,0.5,102,18,0,29.55,,0,0,0,68.6,66.4,65.5,0.32,0.12,0.23
CSQR,2017-08-21 22:45:00 EDT,43.32613,-76.10445,453,68.2,69.2,68.2,96.7,67.2,0.000,0.000,0.00,0.000,0.6,1.5,0.4,30,6,1.1,1.8,0.3,32,9,0.6,1.5,0.4,30,6,0,29.55,,0,0,0,68.5,66.4,65.5,0.32,0.12,0.23
CSQR,2017-08-21 22:50:00 EDT,43.32613,-76.10445,453,67.9,69.5,67.9,96.0,66.8,0.000,0.000,0.00,0.000,0.1,0.5,0.2,147,8,0.7,1.3,0.2,121,30,0.1,0.5,0.2,147,8,0,29.55,,0,0,0,68.5,66.4,65.5,0.32,0.12,0.23
CSQR,2017-08-21 22:55:00 EDT,43.32613,-76.10445,453,66.4,67.9,66.4,95.1,65.0,0.000,0.000,0.00,0.000,0.1,0.8,0.3,159,3,0.7,1.1,0.2,114,30,0.1,0.8,0.3,159,3,0,29.55,,0,0,0,68.5,66.4,65.5,0.32,0.12,0.23
CSQR,2017-08-21 23:00:00 EDT,43.32613,-76.10445,453,66.6,68.2,66.6,96.1,65.4,0.000,0.000,0.00,0.000,0.0,0.6,0.1,111,0,0.7,1.4,0.3,34,49,0.0,0.6,0.1,111,0,0,29.55,,0,0,0,68.5,66.4,65.5,0.32,0.12,0.23
CSQR,2017-08-21 23:05:00 EDT,43.32613,-76.10445,453,67.2,68.3,67.2,96.9,66.3,0.000,0.000,0.00,0.000,0.4,1.0,0.4,321,2,0.9,1.4,0.2,328,14,0.4,1.0,0.4,321,2,0,29.55,,0,0,0,68.5,66.4,65.5,0.32,0.12,0.23
CSQR,2017-08-21 23:10:00 EDT,43.32613,-76.10445,453,67.4,68.6,67.4,97.1,66.5,0.000,0.000,0.00,0.000,0.3,1.2,0.4,42,2,0.9,1.5,0.2,28,19,0.3,1.2,0.4,42,2,0,29.55,,0,0,0,68.5,66.4,65.5,0.32,0.12,0.23
CSQR,2017-08-21 23:15:00 EDT,43.32613,-76.10445,453,67.3,68.6,67.3,97.1,66.4,0.000,0.000,0.00,0.000,0.5,1.3,0.5,86,26,1.2,1.8,0.3,76,26,0.5,1.3,0.5,86,26,0,29.55,,0,0,0,68.5,66.4,65.5,0.32,0.12,0.23
CSQR,2017-08-21 23:20:00 EDT,43.32613,-76.10445,453,67.0,68.5,67.0,96.7,66.0,0.000,0.000,0.00,0.000,1.2,1.8,0.2,51,27,1.5,2.2,0.3,46,27,1.2,1.8,0.2,51,27,0,29.55,,0,0,0,68.5,66.4,65.5,0.32,0.12,0.23
CSQR,2017-08-21 23:25:00 EDT,43.32613,-76.10445,453,67.3,68.4,67.3,96.7,66.3,0.000,0.000,0.00,0.000,1.1,1.8,0.4,358,11,1.4,2.3,0.3,354,14,1.1,1.8,0.4,358,11,0,29.55,,0,0,0,68.5,66.4,65.5,0.32,0.12,0.23
CSQR,2017-08-21 23:30:00 EDT,43.32613,-76.10445,453,66.7,68.3,66.7,96.0,65.6,0.000,0.000,0.00,0.000,0.5,1.6,0.6,89,14,1.1,2.1,0.4,66,37,0.5,1.6,0.6,89,14,0,29.55,,0,0,0,68.5,66.4,65.5,0.32,0.12,0.23
CSQR,2017-08-21 23:35:00 EDT,43.32613,-76.10445,453,66.4,67.7,66.4,96.1,65.2,0.000,0.000,0.00,0.000,1.4,2.3,0.3,18,27,1.8,2.6,0.4,14,25,1.4,2.3,0.3,18,27,0,29.55,,0,0,0,68.5,66.4,65.5,0.32,0.12,0.23
CSQR,2017-08-21 23:40:00 EDT,43.32613,-76.10445,453,66.9,67.9,66.9,96.5,65.9,0.000,0.000,0.00,0.000,0.7,1.6,0.5,16,12,1.2,2.2,0.3,17,17,0.7,1.6,0.5,16,12,0,29.54,,0,0,0,68.5,66.4,65.5,0.33,0.12,0.23
CSQR,2017-08-21 23:45:00 EDT,43.32613,-76.10445,453,65.9,67.2,65.9,96.0,64.7,0.000,0.000,0.00,0.000,0.6,1.5,0.5,24,6,1.2,2.2,0.4,21,15,0.6,1.5,0.5,24,6,0,29.54,,0,0,0,68.5,66.4,65.5,0.33,0.12,0.23
CSQR,2017-08-21 23:50:00 EDT,43.32613,-76.10445,453,65.9,67.2,65.9,96.4,64.8,0.000,0.000,0.00,0.000,0.2,0.7,0.2,5,1,0.9,1.4,0.2,353,7,0.2,0.7,0.2,5,1,0,29.54,,0,0,0,68.4,66.4,65.5,0.32,0.12,0.23
CSQR,2017-08-21 23:55:00 EDT,43.32613,-76.10445,453,65.8,67.2,65.8,96.6,64.8,0.000,0.000,0.00,0.000,0.0,0.0,0.0,0,0,0.6,1.2,0.2,354,22,0.0,0.0,0.0,0,0,0,29.55,,0,0,0,68.3,66.4,65.5,0.32,0.12,0.23
DELE,2017-08-21 00:00:00 EDT,42.41846,-78.42320,2042,60.3,63.9,60.3,92.6,58.1,0.000,0.000,0.00,0.000,7.1,7.8,0.4,203,5,7.6,9.1,0.5,209,4,7.1,7.8,0.4,203,5,0,28.04,,0,0,0,65.1,64.2,64.2,0.20,0.20,0.26
DELE,2017-08-21 00:05:00 EDT,42.41846,-78.42320,2042,59.4,63.0,59.4,96.8,58.5,0.000,0.000,0.00,0.000,6.1,6.8,0.3,196,6,6.5,7.5,0.3,203,6,6.1,6.8,0.3,196,6,0,28.04,,0,0,0,65.1,64.2,64.2,0.19,0.21,0.26
DELE,2017-08-21 00:10:00 EDT,42.41846,-78.42320,2042,59.3,62.5,59.3,98.5,58.9,0.000,0.000,0.00,0.000,6.1,7.2,0.4,189,4,6.6,7.4,0.4,195,4,6.1,7.2,0.4,189,4,0,28.04,,0,0,0,65.1,64.2,64.2,0.19,0.20,0.26
DELE,2017-08-21 00:15:00 EDT,42.41846,-78.42320,2042,59.3,63.7,59.3,98.7,59.0,0.000,0.000,0.00,0.000,7.4,8.8,0.4,190,7,7.9,9.2,0.4,195,7,7.4,8.8,0.4,190,7,0,28.04,,0,0,0,65.1,64.2,64.2,0.20,0.20,0.26
DELE,2017-08-21 00:20:00 EDT,42.41846,-78.42320,2042,59.1,62.5,59.1,98.8,58.8,0.000,0.000,0.00,0.000,7.2,7.9,0.3,180,3,7.8,8.6,0.3,186,4,7.2,7.9,0.3,180,3,0,28.04,,0,0,0,65.1,64.2,64.2,0.19,0.20,0.26
DELE,2017-08-21 00:25:00 EDT,42.41846,-78.42320,2042,59.2,62.4,59.2,99.1,58.9,0.000,0.000,0.00,0.000,7.1,9.3,0.6,184,4,7.7,9.8,0.6,190,4,7.1,9.3,0.6,184,4,0,28.04,,0,0,0,65.1,64.2,64.2,0.19,0.20,0.26
DELE,2017-08-21 00:30:00 EDT,42.41846,-78.42320,2042,58.5,61.7,58.5,99.0,58.2,0.000,0.000,0.00,0.000,7.5,8.0,0.2,188,5,8.0,8.8,0.3,193,5,7.5,8.0,0.2,188,5,0,28.05,,0,0,0,65.1,64.2,64.2,0.19,0.20,0.26
DELE,2017-08-21 00:35:00 EDT,42.41846,-78.42320,2042,58.6,61.8,58.6,99.4,58.4,0.000,0.000,0.00,0.000,7.2,8.2,0.3,193,4,7.6,8.3,0.3,198,4,7.2,8.2,0.3,193,4,0,28.05,,0,0,0,64.9,64.2,64.2,0.19,0.20,0.26
DELE,2017-08-21 00:40:00 EDT,42.41846,-78.42320,2042,58.8,61.9,58.8,99.3,58.6,0.000,0.000,0.00,0.000,7.7,8.9,0.5,185,3,8.2,9.5,0.6,191,3,7.7,8.9,0.5,185,3,0,28.05,,0,0,0,64.8,64.2,64.2,0.20,0.20,0.26
DELE,2017-08-21 00:45:00 EDT,42.41846,-78.42320,2042,59.1,62.7,59.1,98.8,58.8,0.000,0.000,0.00,0.000,8.5,8.9,0.2,187,2,9.0,9.8,0.3,193,2,8.5,8.9,0.2,187,2,0,28.04,,0,0,0,64.8,64.2,64.2,0.19,0.20,0.26
DELE,2017-08-21 00:50:00 EDT,42.41846,-78.42320,2042,59.1,62.4,59.1,97.8,58.4,0.000,0.000,0.00,0.000,9.0,9.8,0.3,185,2,9.6,10.4,0.3,191,2,9.0,9.8,0.3,185,2,0,28.04,,0,0,0,64.8,64.2,64.2,0.19,0.20,0.26
DELE,2017-08-21 00:55:00 EDT,42.41846,-78.42320,2042,58.6,62.1,58.6,98.1,58.1,0.000,0.000,0.00,0.000,9.7,10.1,0.3,186,2,10.2,10.9,0.4,192,2,9.7,10.1,0.3,186,2,0,28.04,,0,0,0,64.8,64.2,64.2,0.19,0.20,0.26
DELE,2017-08-21 01:00:00 EDT,42.41846,-78.42320,2042,58.6,63.5,58.6,98.6,58.2,0.000,0.000,0.00,0.000,9.8,10.7,0.4,189,2,10.3,11.3,0.4,195,2,9.8,10.7,0.4,189,2,0,28.04,,0,0,0,64.8,64.2,64.2,0.19,0.20,0.26
DELE,2017-08-21 01:05:00 EDT,42.41846,-78.42320,2042,59.3,64.8,59.3,97.0,58.5,0.000,0.000,0.00,0.000,10.1,11.3,0.4,192,3,10.6,11.7,0.4,198,2,10.1,11.3,0.4,192,3,0,28.05,,0,0,0,64.8,64.2,64.2,0.19,0.20,0.26
DELE,2017-08-21 01:10:00 EDT,42.41846,-78.42320,2042,60.1,64.9,60.1,92.6,58.0,0.000,0.000,0.00,0.000,9.7,11.3,0.4,192,3,10.1,11.6,0.4,197,2,9.7,11.3,0.4,192,3,0,28.04,,0,0,0,64.8,64.2,64.2,0.19,0.20,0.26
DELE,2017-08-21 01:15:00 EDT,42.41846,-78.42320,2042,60.3,64.8,60.3,91.4,57.8,0.000,0.000,0.00,0.000,9.1,9.9,0.4,193,3,9.6,10.9,0.5,198,3,9.1,9.9,0.4,193,3,0,28.05,,0,0,0,64.8,64.2,64.2,0.19,0.20,0.26
DELE,2017-08-21 01:20:00 EDT,42.41846,-78.42320,2042,60.8,64.6,60.8,90.3,57.9,0.000,0.000,0.00,0.000,8.4,10.4,0.8,189,4,8.9,10.9,0.8,194,4,8.4,10.4,0.8,189,4,0,28.04,,0,0,0,64.8,64.2,64.2,0.19,0.20,0.26
DELE,2017-08-21 01:25:00 EDT,42.41846,-78.42320,2042,60.2,63.2,60.2,92.0,57.9,0.000,0.000,0.00,0.000,8.8,9.6,0.5,180,4,9.4,10.2,0.6,184,4,8.8,9.6,0.5,180,4,0,28.04,,0,0,0,64.7,64.2,64.2,0.19,0.20,0.26
DELE,2017-08-21 01:30:00 EDT,42.41846,-78.42320,2042,59.2,62.7,59.2,95.2,57.9,0.000,0.000,0.00,0.000,9.4,10.7,0.4,179,2,10.1,11.2,0.5,184,3,9.4,10.7,0.4,179,2,0,28.04,,0,0,0,64.6,64.2,64.2,0.19,0.20,0.26
DELE,2017-08-21 01:35:00 EDT,42.41846,-78.42320,2042,58.8,62.7,58.8,97.3,58.0,0.000,0.000,0.00,0.000,9.6,10.4,0.4,183,3,10.1,11.3,0.4,189,3,9.6,10.4,0.4,183,3,0,28.04,,0,0,0,64.5,64.2,64.2,0.19,0.20,0.26
DELE,2017-08-21 01:40:00 EDT,42.41846,-78.42320,2042,59.2,63.1,59.2,97.2,58.4,0.000,0.000,0.00,0.000,8.8,9.7,0.3,186,2,9.3,10.0,0.3,192,2,8.8,9.7,0.3,186,2,0,28.04,,0,0,0,64.4,64.2,64.2,0.19,0.20,0.26
DELE,2017-08-21 01:45:00 EDT,42.41846,-78.42320,2042,59.7,63.6,59.7,94.8,58.2,0.000,0.000,0.00,0.000,8.7,10.6,0.4,186,3,9.2,11.6,0.5,192,4,8.7,10.6,0.4,186,3,0,28.04,,0,0,0,64.4,64.2,64.2,0.19,0.20,0.26
DELE,2017-08-21 01:50:00 EDT,42.41846,-78.42320,2042,60.1,63.4,60.1,93.8,58.3,0.000,0.000,0.00,0.000,8.8,9.6,0.4,182,2,9.4,10.3,0.5,187,3,8.8,9.6,0.4,182,2,0,28.04,,0,0,0,64.4,64.2,64.2,0.19,0.20,0.26
DELE,2017-08-21 01:55:00 EDT,42.41846,-78.42320,2042,59.9,62.8,59.9,93.7,58.1,0.000,0.000,0.00,0.000,8.8,9.4,0.2,178,2,9.4,10.1,0.3,181,2,8.8,9.4,0.2,178,2,0,28.04,,0,0,0,64.4,64.2,64.2,0.19,0.20,0.26
DELE,2017-08-21 02:00:00 EDT,42.41846,-78.42320,2042,59.5,62.4,59.5,95.0,58.1,0.000,0.000,0.00,0.000,8.4,8.8,0.2,177,1,9.0,9.7,0.2,181,2,8.4,8.8,0.2,177,1,0,28.04,,0,0,0,64.4,64.2,64.2,0.19,0.20,0.26
DELE,2017-08-21 02:05:00 EDT,42.41846,-78.42320,2042,59.8,62.4,59.8,94.7,58.3,0.000,0.000,0.00,0.000,8.6,9.4,0.3,180,2,9.2,10.1,0.4,185,3,8.6,9.4,0.3,180,2,0,28.04,,0,0,0,64.4,64.2,64.2,0.19,0.20,0.26
DELE,2017-08-21 02:10:00 EDT,42.41846,-78.42320,2042,60.1,62.9,60.1,93.6,58.3,0.000,0.000,0.00,0.000,8.6,9.6,0.3,184,3,9.1,10.3,0.4,190,3,8.6,9.6,0.3,184,3,0,28.04,,0,0,0,64.4,64.2,64.2,0.19,0.20,0.26
DELE,2017-08-21 02:15:00 EDT,42.41846,-78.42320,2042,60.5,63.6,60.5,91.9,58.1,0.000,0.000,0.00,0.000,8.7,11.2,0.6,185,3,9.2,11.8,0.6,191,3,8.7,11.2,0.6,185,3,0,28.04,,0,0,0,64.4,64.2,64.2,0.19,0.20,0.26
DELE,2017-08-21 02:20:00 EDT,42.41846,-78.42320,2042,60.4,63.4,60.4,91.6,57.9,0.000,0.000,0.00,0.000,8.8,9.8,0.2,182,2,9.3,10.5,0.3,187,3,8.8,9.8,0.2,182,2,0,28.03,,0,0,0,64.4,64.2,64.3,0.19,0.20,0.25
DELE,2017-08-21 02:25:00 EDT,42.41846,-78.42320,2042,60.3,63.1,60.3,92.0,57.9,0.000,0.000,0.00,0.000,9.0,10.2,0.3,183,3,9.5,10.5,0.3,189,3,9.0,10.2,0.3,183,3,0,28.03,,0,0,0,64.4,64.2,64.2,0.19,0.20,0.25
DELE,2017-08-21 02:30:00 EDT,42.41846,-78.42320,2042,60.3,63.6,60.3,90.6,57.6,0.000,0.000,0.00,0.000,9.1,11.2,0.5,189,5,9.6,10.7,0.4,194,3,9.1,11.2,0.5,189,5,0,28.04,,0,0,0,64.4,64.2,64.2,0.19,0.20,0.25
DELE,2017-08-21 02:35:00 EDT,42.41846,-78.42320,2042,60.1,63.7,60.1,91.0,57.5,0.000,0.000,0.00,0.000,9.1,11.5,0.7,189,6,9.6,12.0,0.9,195,5,9.1,11.5,0.7,189,6,0,28.04,,0,0,0,64.4,64.2,64.2,0.19,0.20,0.25
DELE,2017-08-21 02:40:00 EDT,42.41846,-78.42320,2042,60.0,63.4,60.0,91.8,57.6,0.000,0.000,0.00,0.000,9.1,11.8,0.8,186,6,9.7,12.4,0.8,191,6,9.1,11.8,0.8,186,6,0,28.04,,0,0,0,64.4,64.2,64.2,0.19,0.20,0.26
DELE,2017-08-21 02:45:00 EDT,42.41846,-78.42320,2042,59.9,62.8,59.9,91.4,57.4,0.000,0.000,0.00,0.000,8.6,10.6,0.5,187,5,9.2,11.3,0.6,192,5,8.6,10.6,0.5,187,5,0,28.04,,0,0,0,64.4,64.2,64.2,0.19,0.20,0.26
DELE,2017-08-21 02:50:00 EDT,42.41846,-78.42320,2042,59.3,62.7,59.3,93.4,57.4,0.000,0.000,0.00,0.000,8.1,9.4,0.5,189,6,8.6,10.5,0.6,194,5,8.1,9.4,0.5,189,6,0,28.04,,0,0,0,64.4,64.2,64.2,0.19,0.20,0.26
DELE,2017-08-21 02:55:00 EDT,42.41846,-78.42320,2042,59.2,63.2,59.2,94.0,57.5,0.000,0.000,0.00,0.000,8.8,11.1,0.8,192,4,9.2,11.7,0.9,198,4,8.8,11.1,0.8,192,4,0,28.04,,0,0,0,64.4,64.2,64.3,0.19,0.20,0.25
DELE,2017-08-21 03:00:00 EDT,42.41846,-78.42320,2042,59.3,63.0,59.3,92.8,57.2,0.000,0.000,0.00,0.000,8.7,10.4,0.7,192,4,9.1,10.9,0.7,198,3,8.7,10.4,0.7,192,4,0,28.04,,0,0,0,64.4,64.2,64.2,0.19,0.20,0.26
DELE,2017-08-21 03:05:00 EDT,42.41846,-78.42320,2042,59.2,63.5,59.2,92.6,57.0,0.000,0.000,0.00,0.000,8.8,10.1,0.4,192,3,9.4,10.7,0.5,197,2,8.8,10.1,0.4,192,3,0,28.04,,0,0,0,64.3,64.2,64.3,0.19,0.20,0.26
DELE,2017-08-21 03:10:00 EDT,42.41846,-78.42320,2042,58.7,63.1,58.7,94.4,57.1,0.000,0.000,0.00,0.000,8.6,9.8,0.4,191,3,9.1,10.6,0.5,197,2,8.6,9.8,0.4,191,3,0,28.04,,0,0,0,64.2,64.2,64.2,0.19,0.20,0.25
DELE,2017-08-21 03:15:00 EDT,42.41846,-78.42320,2042,58.3,63.1,58.3,96.0,57.2,0.000,0.000,0.00,0.000,8.6,9.9,0.5,189,3,9.0,11.1,0.6,194,2,8.6,9.9,0.5,189,3,0,28.04,,0,0,0,64.2,64.2,64.2,0.19,0.20,0.25
DELE,2017-08-21 03:20:00 EDT,42.41846,-78.42320,2042,58.5,63.8,58.5,96.7,57.6,0.000,0.000,0.00,0.000,8.4,9.8,0.5,188,3,8.9,10.2,0.5,195,2,8.4,9.8,0.5,188,3,0,28.04,,0,0,0,64.2,64.2,64.3,0.19,0.20,0.25
DELE,2017-08-21 03:25:00 EDT,42.41846,-78.42320,2042,58.8,64.2,58.8,95.5,57.5,0.000,0.000,0.00,0.000,8.7,10.4,0.5,190,4,9.3,11.2,0.6,196,3,8.7,10.4,0.5,190,4,0,28.04,,0,0,0,64.2,64.2,64.3,0.19,0.20,0.25
DELE,2017-08-21 03:30:00 EDT,42.41846,-78.42320,2042,58.5,64.1,58.5,94.8,57.0,0.000,0.000,0.00,0.000,9.4,10.4,0.5,197,4,9.7,11.1,0.5,203,4,9.4,10.4,0.5,197,4,0,28.04,,0,0,0,64.2,64.2,64.2,0.19,0.20,0.26
DELE,2017-08-21 03:35:00 EDT,42.41846,-78.42320,2042,58.2,64.1,58.2,95.1,56.8,0.000,0.000,0.00,0.000,9.1,10.8,0.5,196,5,9.5,10.9,0.5,202,4,9.1,10.8,0.5,196,5,0,28.03,,0,0,0,64.2,64.2,64.3,0.19,0.20,0.25
DELE,2017-08-21 03:40:00 EDT,42.41846,-78.42320,2042,58.9,64.0,58.9,94.5,57.3,0.000,0.000,0.00,0.000,8.5,9.5,0.5,185,4,9.1,10.2,0.5,191,4,8.5,9.5,0.5,185,4,0,28.03,,0,0,0,64.2,64.2,64.3,0.19,0.20,0.25
DELE,2017-08-21 03:45:00 EDT,42.41846,-78.42320,2042,59.3,63.6,59.3,93.7,57.5,0.000,0.000,0.00,0.000,9.4,10.8,0.4,182,3,10.0,11.7,0.4,187,3,9.4,10.8,0.4,182,3,0,28.03,,0,0,0,64.2,64.2,64.3,0.19,0.20,0.25
DELE,2017-08-21 03:50:00 EDT,42.41846,-78.42320,2042,59.3,64.0,59.3,92.8,57.2,0.000,0.000,0.00,0.000,9.1,10.0,0.4,186,3,9.5,10.8,0.4,192,3,9.1,10.0,0.4,186,3,0,28.03,,0,0,0,64.2,64.2,64.2,0.19,0.20,0.25
DELE,2017-08-21 03:55:00 EDT,42.41846,-78.42320,2042,59.3,64.3,59.3,92.2,57.1,0.000,0.000,0.00,0.000,9.3,10.4,0.4,190,3,9.8,11.1,0.5,196,3,9.3,10.4,0.4,190,3,0,28.03,,0,0,0,64.2,64.2,64.3,0.19,0.20,0.25
DELE,2017-08-21 04:00:00 EDT,42.41846,-78.42320,2042,59.3,64.0,59.3,92.3,57.1,0.000,0.000,0.00,0.000,9.5,10.6,0.5,183,3,10.1,11.2,0.6,189,3,9.5,10.6,0.5,183,3,0,28.03,,0,0,0,64.2,64.2,64.3,0.19,0.20,0.25
DELE,2017-08-21 04:05:00 EDT,42.41846,-78.42320,2042,59.7,63.5,59.7,91.7,57.3,0.000,0.000,0.00,0.000,10.2,10.7,0.3,181,1,10.9,11.6,0.4,186,2,10.2,10.7,0.3,181,1,0,28.03,,0,0,0,64.2,64.2,64.2,0.19,0.20,0.25
DELE,2017-08-21 04:10:00 EDT,42.41846,-78.42320,2042,60.1,63.3,60.1,90.2,57.2,0.000,0.000,0.00,0.000,10.2,10.7,0.3,182,2,10.8,11.8,0.4,188,2,10.2,10.7,0.3,182,2,0,28.03,,0,0,0,64.2,64.2,64.3,0.19,0.20,0.25
DELE,2017-08-21 04:15:00 EDT,42.41846,-78.42320,2042,59.4,63.1,59.4,91.3,56.9,0.000,0.000,0.00,0.000,10.3,11.8,0.5,182,2,10.9,12.4,0.6,187,3,10.3,11.8,0.5,182,2,0,28.03,,0,0,0,64.2,64.2,64.3,0.19,0.20,0.25
DELE,2017-08-21 04:20:00 EDT,42.41846,-78.42320,2042,59.2,62.3,59.2,92.1,56.9,0.000,0.000,0.00,0.000,9.9,11.5,0.7,182,4,10.4,13.0,0.9,188,3,9.9,11.5,0.7,182,4,0,28.04,,0,0,0,64.2,64.2,64.3,0.19,0.20,0.25
DELE,2017-08-21 04:25:00 EDT,42.41846,-78.42320,2042,59.3,62.3,59.3,92.1,57.0,0.000,0.000,0.00,0.000,9.8,11.0,0.6,183,3,10.4,11.9,0.7,188,3,9.8,11.0,0.6,183,3,0,28.04,,0,0,0,64.2,64.2,64.3,0.19,0.20,0.25
DELE,2017-08-21 04:30:00 EDT,42.41846,-78.42320,2042,59.8,62.8,59.8,90.9,57.1,0.000,0.000,0.00,0.000,9.9,11.0,0.4,182,3,10.5,11.6,0.5,188,2,9.9,11.0,0.4,182,3,0,28.04,,0,0,0,64.2,64.2,64.2,0.19,0.20,0.25
DELE,2017-08-21 04:35:00 EDT,42.41846,-78.42320,2042,59.9,63.2,59.9,90.0,57.0,0.000,0.000,0.00,0.000,9.7,11.0,0.5,182,2,10.3,12.0,0.5,188,3,9.7,11.0,0.5,182,2,0,28.04,,0,0,0,64.2,64.2,64.3,0.19,0.20,0.25
DELE,2017-08-21 04:40:00 EDT,42.41846,-78.42320,2042,60.5,62.8,60.5,88.7,57.1,0.000,0.000,0.00,0.000,10.4,11.7,0.6,180,3,11.0,12.4,0.6,185,3,10.4,11.7,0.6,180,3,0,28.04,,0,0,0,64.2,64.2,64.3,0.19,0.20,0.25
DELE,2017-08-21 04:45:00 EDT,42.41846,-78.42320,2042,60.5,62.3,60.5,88.0,56.9,0.000,0.000,0.00,0.000,10.3,12.1,0.7,180,4,10.9,12.9,0.8,186,3,10.3,12.1,0.7,180,4,0,28.04,,0,0,0,64.2,64.2,64.3,0.19,0.20,0.25
DELE,2017-08-21 04:50:00 EDT,42.41846,-78.42320,2042,60.3,62.3,60.3,88.5,56.9,0.000,0.000,0.00,0.000,10.0,12.1,0.7,181,3,10.7,13.0,0.7,187,3,10.0,12.1,0.7,181,3,0,28.04,,0,0,0,64.2,64.2,64.2,0.19,0.20,0.25
DELE,2017-08-21 04:55:00 EDT,42.41846,-78.42320,2042,60.3,62.2,60.3,88.6,56.9,0.000,0.000,0.00,0.000,10.6,12.1,0.7,180,4,11.2,12.7,0.8,185,3,10.6,12.1,0.7,180,4,0,28.04,,0,0,0,64.2,64.2,64.3,0.19,0.20,0.25
DELE,2017-08-21 05:00:00 EDT,42.41846,-78.42320,2042,60.4,62.1,60.4,88.4,57.0,0.000,0.000,0.00,0.000,10.8,12.6,0.9,180,4,11.6,13.4,1.0,186,4,10.8,12.6,0.9,180,4,0,28.04,,0,0,0,64.2,64.2,64.3,0.19,0.20,0.25
DELE,2017-08-21 05:05:00 EDT,42.41846,-78.42320,2042,60.1,61.7,60.1,89.4,57.0,0.000,0.000,0.00,0.000,9.6,10.9,0.6,177,4,10.2,12.4,0.8,182,4,9.6,10.9,0.6,177,4,0,28.04,,0,0,0,64.1,64.2,64.2,0.19,0.20,0.26
DELE,2017-08-21 05:10:00 EDT,42.41846,-78.42320,2042,60.4,61.9,60.4,89.9,57.4,0.000,0.000,0.00,0.000,9.3,10.8,0.6,177,3,9.8,11.4,0.8,182,3,9.3,10.8,0.6,177,3,0,28.04,,0,0,0,63.9,64.2,64.3,0.19,0.20,0.25
DELE,2017-08-21 05:15:00 EDT,42.41846,-78.42320,2042,60.4,61.8,60.4,89.0,57.1,0.000,0.000,0.00,0.000,9.4,10.7,0.5,181,3,10.0,12.0,0.7,187,3,9.4,10.7,0.5,181,3,0,28.04,,0,0,0,63.9,64.2,64.3,0.19,0.20,0.25
DELE,2017-08-21 05:20:00 EDT,42.41846,-78.42320,2042,60.5,61.8,60.5,89.0,57.2,0.000,0.000,0.00,0.000,9.4,11.0,0.8,181,4,10.0,11.8,0.9,186,4,9.4,11.0,0.8,181,4,0,28.04,,0,0,0,63.9,64.2,64.3,0.19,0.20,0.26
DELE,2017-08-21 05:25:00 EDT,42.41846,-78.42320,2042,60.5,61.6,60.5,89.3,57.3,0.000,0.000,0.00,0.000,8.4,10.4,0.6,177,4,8.9,11.2,0.8,181,3,8.4,10.4,0.6,177,4,0,28.04,,0,0,0,63.9,64.2,64.3,0.19,0.20,0.25
DELE,2017-08-21 05:30:00 EDT,42.41846,-78.42320,2042,60.5,61.5,60.5,89.1,57.3,0.000,0.000,0.00,0.000,8.1,10.0,0.7,175,5,8.6,10.6,0.9,180,4,8.1,10.0,0.7,175,5,0,28.04,,0,0,0,63.9,64.2,64.2,0.19,0.20,0.25
DELE,2017-08-21 05:35:00 EDT,42.41846,-78.42320,2042,60.7,61.7,60.7,89.1,57.4,0.000,0.000,0.00,0.000,7.7,9.0,0.6,174,6,8.1,9.6,0.7,179,5,7.7,9.0,0.6,174,6,0,28.04,,0,0,0,63.9,64.2,64.3,0.19,0.20,0.25
DELE,2017-08-21 05:40:00 EDT,42.41846,-78.42320,2042,60.6,61.8,60.6,88.4,57.2,0.000,0.000,0.00,0.000,8.9,11.3,0.7,184,4,9.5,11.2,0.8,190,4,8.9,11.3,0.7,184,4,0,28.04,,0,0,0,63.9,64.2,64.2,0.19,0.20,0.25
DELE,2017-08-21 05:45:00 EDT,42.41846,-78.42320,2042,61.4,62.6,61.4,86.2,57.2,0.000,0.000,0.00,0.000,10.2,13.2,1.0,185,5,10.8,13.7,1.1,190,4,10.2,13.2,1.0,185,5,0,28.04,,0,0,0,63.9,64.2,64.2,0.19,0.20,0.25
DELE,2017-08-21 05:50:00 EDT,42.41846,-78.42320,2042,61.9,62.9,61.9,84.9,57.3,0.000,0.000,0.00,0.000,9.3,11.3,0.9,177,5,9.8,11.9,1.0,182,5,9.3,11.3,0.9,177,5,0,28.04,,0,0,0,63.9,64.2,64.2,0.19,0.20,0.25
DELE,2017-08-21 05:55:00 EDT,42.41846,-78.42320,2042,61.7,62.8,61.7,86.2,57.5,0.000,0.000,0.00,0.000,9.3,10.6,0.6,177,4,9.8,11.3,0.7,181,3,9.3,10.6,0.6,177,4,0,28.04,,0,0,0,63.9,64.2,64.2,0.19,0.20,0.25
DELE,2017-08-21 06:00:00 EDT,42.41846,-78.42320,2042,61.8,63.0,61.8,85.8,57.5,0.000,0.000,0.00,0.000,9.3,10.9,0.7,178,3,9.8,11.3,0.8,183,3,9.3,10.9,0.7,178,3,0,28.04,,0,0,0,63.9,64.2,64.2,0.19,0.20,0.25
DELE,2017-08-21 06:05:00 EDT,42.41846,-78.42320,2042,61.7,62.9,61.7,86.2,57.6,0.000,0.000,0.00,0.000,8.3,9.4,0.5,174,5,8.8,10.3,0.6,178,3,8.3,9.4,0.5,174,5,0,28.04,,0,0,0,63.9,64.2,64.2,0.19,0.20,0.25
DELE,2017-08-21 06:10:00 EDT,42.41846,-78.42320,2042,61.8,62.9,61.8,86.7,57.7,0.000,0.000,0.00,0.000,9.4,10.9,0.8,174,4,9.9,11.7,0.9,179,3,9.4,10.9,0.8,174,4,0,28.04,,0,0,0,63.9,64.2,64.3,0.19,0.20,0.26
DELE,2017-08-21 06:15:00 EDT,42.41846,-78.42320,2042,61.8,62.6,61.8,85.3,57.3,0.000,0.000,0.00,0.000,9.3,11.6,0.9,180,5,9.9,12.4,1.0,186,5,9.3,11.6,0.9,180,5,1,28.04,,0,0,0,63.9,64.2,64.3,0.19,0.20,0.25
DELE,2017-08-21 06:20:00 EDT,42.41846,-78.42320,2042,61.4,62.3,61.4,86.2,57.3,0.000,0.000,0.00,0.000,8.9,11.3,0.9,179,5,9.5,12.4,1.1,184,5,8.9,11.3,0.9,179,5,1,28.04,,0,0,0,63.9,64.2,64.2,0.19,0.20,0.25
DELE,2017-08-21 06:25:00 EDT,42.41846,-78.42320,2042,61.3,62.1,61.3,87.1,57.4,0.000,0.000,0.00,0.000,8.0,10.3,0.9,177,6,8.5,11.7,1.0,182,5,8.0,10.3,0.9,177,6,1,28.03,,0,0,0,63.9,64.2,64.3,0.19,0.20,0.25
DELE,2017-08-21 06:30:00 EDT,42.41846,-78.42320,2042,61.3,62.2,61.3,87.3,57.5,0.000,0.000,0.00,0.000,8.3,10.7,1.1,179,4,9.0,11.4,1.1,185,4,8.3,10.7,1.1,179,4,2,28.04,,0,0,0,63.9,64.2,64.2,0.19,0.20,0.25
DELE,2017-08-21 06:35:00 EDT,42.41846,-78.42320,2042,61.4,62.3,61.4,86.7,57.4,0.000,0.000,0.00,0.000,8.4,10.4,0.8,178,5,8.9,11.3,1.0,184,4,8.4,10.4,0.8,178,5,3,28.04,,0,0,0,63.9,64.2,64.2,0.19,0.20,0.25
DELE,2017-08-21 06:40:00 EDT,42.41846,-78.42320,2042,61.6,62.6,61.6,86.0,57.3,0.000,0.000,0.00,0.000,8.7,10.7,0.9,182,4,9.2,11.6,1.0,187,4,8.7,10.7,0.9,182,4,4,28.04,,0,0,0,63.9,64.2,64.2,0.19,0.20,0.26
DELE,2017-08-21 06:45:00 EDT,42.41846,-78.42320,2042,61.9,63.0,61.9,85.2,57.4,0.000,0.000,0.00,0.000,8.9,10.6,0.7,180,5,9.5,11.5,0.8,185,4,8.9,10.6,0.7,180,5,5,28.04,,0,0,0,63.9,64.2,64.2,0.19,0.20,0.26
DELE,2017-08-21 06:50:00 EDT,42.41846,-78.42320,2042,62.1,63.3,62.1,84.8,57.4,0.000,0.000,0.00,0.000,9.0,10.3,0.6,181,4,9.6,11.0,0.7,187,3,9.0,10.3,0.6,181,4,5,28.04,,0,0,0,63.9,64.2,64.2,0.19,0.20,0.25
DELE,2017-08-21 06:55:00 EDT,42.41846,-78.42320,2042,62.4,63.6,62.4,83.6,57.4,0.000,0.000,0.00,0.000,8.8,10.9,0.9,180,5,9.4,11.5,1.0,186,4,8.8,10.9,0.9,180,5,4,28.04,,0,0,0,63.9,64.2,64.2,0.19,0.20,0.26
DELE,2017-08-21 07:00:00 EDT,42.41846,-78.42320,2042,62.4,63.5,62.4,84.0,57.5,0.000,0.000,0.00,0.000,9.6,11.6,0.9,175,5,10.1,12.5,1.0,180,4,9.6,11.6,0.9,175,5,4,28.03,,0,0,0,63.9,64.2,64.2,0.19,0.20,0.25
DELE,2017-08-21 07:05:00 EDT,42.41846,-78.42320,2042,62.2,63.0,62.2,84.6,57.5,0.000,0.000,0.00,0.000,8.7,12.3,1.7,179,7,9.3,13.1,1.9,184,6,8.7,12.3,1.7,179,7,5,28.03,,0,0,0,63.9,64.2,64.2,0.19,0.20,0.25
DELE,2017-08-21 07:10:00 EDT,42.41846,-78.42320,2042,61.9,62.8,61.9,85.3,57.4,0.000,0.000,0.00,0.000,8.6,10.4,0.9,182,5,9.1,11.1,1.0,187,5,8.6,10.4,0.9,182,5,8,28.03,,0,0,0,63.9,64.2,64.2,0.19,0.20,0.26
DELE,2017-08-21 07:15:00 EDT,42.41846,-78.42320,2042,61.7,62.6,61.7,86.6,57.6,0.000,0.000,0.00,0.000,8.7,10.1,0.7,179,4,9.2,11.0,0.8,184,4,8.7,10.1,0.7,179,4,9,28.03,,0,0,0,63.9,64.2,64.2,0.19,0.20,0.26
DELE,2017-08-21 07:20:00 EDT,42.41846,-78.42320,2042,61.9,62.9,61.9,85.5,57.5,0.000,0.000,0.00,0.000,9.2,12.0,1.0,187,4,9.7,12.4,1.1,193,3,9.2,12.0,1.0,187,4,8,28.04,,0,0,0,63.9,64.2,64.2,0.19,0.20,0.25
DELE,2017-08-21 07:25:00 EDT,42.41846,-78.42320,2042,62.6,63.5,62.6,83.2,57.4,0.000,0.000,0.00,0.000,9.8,11.6,1.0,185,5,10.3,12.5,1.0,191,4,9.8,11.6,1.0,185,5,9,28.03,,0,0,0,63.9,64.2,64.2,0.19,0.20,0.25
DELE,2017-08-21 07:30:00 EDT,42.41846,-78.42320,2042,62.1,63.2,62.1,85.2,57.5,0.004,0.004,0.00,0.004,9.9,13.2,0.9,195,6,10.3,13.8,0.9,201,5,9.9,13.2,0.9,195,6,8,28.04,,0,0,0,63.9,64.2,64.2,0.19,0.20,0.25
DELE,2017-08-21 07:35:00 EDT,42.41846,-78.42320,2042,62.2,63.2,62.2,86.2,58.0,0.004,0.007,0.00,0.007,10.1,12.2,0.8,197,5,10.5,12.3,0.9,201,3,10.1,12.2,0.8,197,5,7,28.04,,0,0,0,63.9,64.2,64.2,0.19,0.20,0.25
DELE,2017-08-21 07:40:00 EDT,42.41846,-78.42320,2042,61.9,63.0,61.9,87.6,58.2,0.001,0.008,0.00,0.008,8.6,11.3,0.9,198,5,9.0,11.8,1.0,203,5,8.6,11.3,0.9,198,5,5,28.04,,0,0,0,63.9,64.2,64.2,0.19,0.20,0.25
DELE,2017-08-21 07:45:00 EDT,42.41846,-78.42320,2042,62.3,63.4,62.3,86.3,58.1,0.003,0.011,0.00,0.011,9.1,12.1,1.0,201,6,9.5,12.7,1.1,207,5,9.1,12.1,1.0,201,6,6,28.04,,0,0,0,63.9,64.2,64.2,0.19,0.20,0.25
DELE,2017-08-21 07:50:00 EDT,42.41846,-78.42320,2042,62.0,63.0,62.0,87.0,58.1,0.004,0.015,0.00,0.015,9.5,11.2,0.9,198,6,10.0,12.1,1.0,203,6,9.5,11.2,0.9,198,6,7,28.04,,0,0,0,63.9,64.2,64.2,0.19,0.20,0.25
DELE,2017-08-21 07:55:00 EDT,42.41846,-78.42320,2042,61.9,62.7,61.9,88.3,58.4,0.003,0.018,0.00,0.018,9.4,12.6,1.3,211,6,10.1,13.5,1.4,215,5,9.4,12.6,1.3,211,6,7,28.04,,0,0,0,63.9,64.2,64.2,0.19,0.20,0.26
DELE,2017-08-21 08:00:00 EDT,42.41846,-78.42320,2042,62.2,62.7,62.2,86.5,58.2,0.000,0.018,0.00,0.018,9.2,12.3,1.3,194,11,9.6,13.1,1.4,199,10,9.2,12.3,1.3,194,11,11,28.04,,0,0,0,63.9,64.2,64.2,0.19,0.20,0.25
DELE,2017-08-21 08:05:00 EDT,42.41846,-78.42320,2042,61.6,62.1,61.6,89.7,58.5,0.000,0.018,0.00,0.018,10.3,13.0,1.2,178,4,10.9,14.4,1.4,184,4,10.3,13.0,1.2,178,4,17,28.04,,0,0,0,63.9,64.2,64.2,0.19,0.20,0.26
DELE,2017-08-21 08:10:00 EDT,42.41846,-78.42320,2042,61.2,61.7,61.2,91.6,58.7,0.000,0.018,0.00,0.018,10.4,12.1,0.9,182,12,10.8,13.3,1.0,187,12,10.4,12.1,0.9,182,12,22,28.04,,0,0,0,63.9,64.2,64.2,0.19,0.20,0.25
DELE,2017-08-21 08:15:00 EDT,42.41846,-78.42320,2042,61.4,62.0,61.4,91.9,59.1,0.002,0.020,0.00,0.020,12.3,16.4,1.7,202,6,12.6,17.3,1.8,206,4,12.3,16.4,1.7,202,6,23,28.04,,0,0,0,63.9,64.2,64.2,0.19,0.20,0.26
DELE,2017-08-21 08:20:00 EDT,42.41846,-78.42320,2042,61.9,62.3,61.9,89.9,58.9,0.000,0.020,0.00,0.020,10.8,14.2,1.5,195,10,11.2,15.4,1.6,199,8,10.8,14.2,1.5,195,10,26,28.04,,0,0,0,63.9,64.2,64.2,0.19,0.20,0.25
DELE,2017-08-21 08:25:00 EDT,42.41846,-78.42320,2042,61.5,61.7,61.5,90.7,58.7,0.000,0.020,0.00,0.020,10.1,14.2,1.4,185,9,10.7,15.0,1.5,191,7,10.1,14.2,1.4,185,9,34,28.05,,0,0,0,63.9,64.2,64.2,0.19,0.20,0.26
DELE,2017-08-21 08:30:00 EDT,42.41846,-78.42320,2042,61.2,61.5,61.2,92.5,59.0,0.000,0.020,0.00,0.016,10.6,13.1,1.3,190,8,11.1,14.3,1.4,195,6,10.6,13.1,1.3,190,8,48,28.05,,0,0,0,63.9,64.2,64.2,0.19,0.20,0.26
DELE,2017-08-21 08:35:00 EDT,42.41846,-78.42320,2042,61.4,61.5,61.4,92.8,59.3,0.000,0.020,0.00,0.012,9.3,14.7,1.8,196,16,9.8,16.1,1.9,201,16,9.3,14.7,1.8,196,16,56,28.05,,0,0,0,63.9,64.2,64.2,0.20,0.20,0.26
DELE,2017-08-21 08:40:00 EDT,42.41846,-78.42320,2042,61.9,62.1,61.9,92.6,59.8,0.000,0.020,0.00,0.011,8.6,12.4,1.3,215,9,9.2,12.4,1.5,219,8,8.6,12.4,1.3,215,9,43,28.06,,0,0,0,63.9,64.2,64.2,0.20,0.20,0.26
DELE,2017-08-21 08:45:00 EDT,42.41846,-78.42320,2042,62.5,62.8,62.5,90.2,59.6,0.000,0.020,0.00,0.009,8.5,11.8,1.2,204,7,8.9,12.0,1.1,209,6,8.5,11.8,1.2,204,7,74,28.05,,0,0,0,63.9,64.2,64.2,0.19,0.20,0.25
DELE,2017-08-21 08:50:00 EDT,42.41846,-78.42320,2042,61.9,61.9,61.9,93.2,59.9,0.000,0.020,0.00,0.005,7.2,11.8,1.8,189,8,7.6,12.5,1.7,194,7,7.2,11.8,1.8,189,8,85,28.06,,0,0,0,63.9,64.2,64.2,0.19,0.20,0.26
DELE,2017-08-21 08:55:00 EDT,42.41846,-78.42320,2042,61.8,61.8,61.8,94.2,60.1,0.000,0.020,0.00,0.002,6.2,7.9,0.9,189,5,6.7,8.6,0.9,194,5,6.2,7.9,0.9,189,5,84,28.05,,0,0,0,63.9,64.2,64.2,0.19,0.20,0.26
DELE,2017-08-21 09:00:00 EDT,42.41846,-78.42320,2042,61.9,61.9,61.9,94.3,60.3,0.000,0.020,0.00,0.002,6.9,8.0,0.6,191,6,7.3,8.7,0.6,197,5,6.9,8.0,0.6,191,6,79,28.05,,0,0,0,63.9,64.2,64.2,0.19,0.20,0.26
DELE,2017-08-21 09:05:00 EDT,42.41846,-78.42320,2042,62.1,62.2,62.1,95.5,60.8,0.000,0.020,0.00,0.002,7.4,8.4,0.6,175,10,7.9,9.1,0.7,181,10,7.4,8.4,0.6,175,10,181,28.05,,0,0,0,63.9,64.2,64.2,0.20,0.20,0.26
DELE,2017-08-21 09:10:00 EDT,42.41846,-78.42320,2042,62.9,62.6,62.9,93.7,61.0,0.000,0.020,0.00,0.002,5.8,9.3,1.2,171,6,6.3,9.6,1.3,175,6,5.8,9.3,1.2,171,6,202,28.05,,0,0,0,63.9,64.2,64.2,0.19,0.20,0.26
DELE,2017-08-21 09:15:00 EDT,42.41846,-78.42320,2042,63.1,62.7,63.1,92.3,60.9,0.000,0.020,0.00,0.000,7.2,10.4,1.3,169,7,7.8,11.1,1.4,175,7,7.2,10.4,1.3,169,7,211,28.05,,0,0,0,63.9,64.2,64.2,0.20,0.20,0.26
DELE,2017-08-21 09:20:00 EDT,42.41846,-78.42320,2042,63.5,63.2,63.5,90.8,60.8,0.000,0.020,0.00,0.000,6.4,9.4,1.0,169,8,6.9,10.1,1.0,174,7,6.4,9.4,1.0,169,8,248,28.05,,0,0,0,63.9,64.2,64.2,0.20,0.20,0.26
DELE,2017-08-21 09:25:00 EDT,42.41846,-78.42320,2042,63.6,63.6,63.6,90.0,60.6,0.110,0.130,2.76,0.110,4.8,8.4,2.0,185,18,5.1,9.0,2.2,191,18,4.8,8.4,2.0,185,18,78,28.05,,0,0,0,63.9,64.2,64.2,0.20,0.20,0.26
DELE,2017-08-21 09:30:00 EDT,42.41846,-78.42320,2042,63.4,64.3,63.4,92.0,61.0,0.080,0.210,2.34,0.190,2.1,4.1,1.0,277,21,2.6,4.6,1.0,287,23,2.1,4.1,1.0,277,21,38,28.05,,0,0,0,64.0,64.2,64.2,0.21,0.20,0.25
DELE,2017-08-21 09:35:00 EDT,42.41846,-78.42320,2042,63.1,64.5,63.1,93.8,61.3,0.030,0.240,1.54,0.220,2.2,4.0,0.9,16,25,2.5,5.1,1.0,20,24,2.2,4.0,0.9,16,25,11,28.05,,0,0,0,64.2,64.2,64.2,0.23,0.20,0.26
DELE,2017-08-21 09:40:00 EDT,42.41846,-78.42320,2042,63.0,64.5,63.0,94.5,61.4,0.000,0.240,0.00,0.220,4.2,6.5,1.2,315,17,4.7,7.0,1.4,324,18,4.2,6.5,1.2,315,17,7,28.06,,0,0,0,64.2,64.2,64.2,0.23,0.20,0.26
DELE,2017-08-21 09:45:00 EDT,42.41846,-78.42320,2042,62.3,62.7,62.3,97.2,61.5,0.251,0.491,8.20,0.472,5.6,9.1,2.3,272,50,6.4,10.6,2.6,279,50,5.6,9.1,2.3,272,50,9,28.07,,0,0,0,64.2,64.2,64.2,0.30,0.20,0.26
DELE,2017-08-21 09:50:00 EDT,42.41846,-78.42320,2042,62.5,63.1,62.5,96.4,61.4,0.061,0.552,3.50,0.532,4.6,9.4,1.7,108,18,5.0,10.8,2.0,113,17,4.6,9.4,1.7,108,18,24,28.05,,0,0,0,63.9,64.2,64.2,0.32,0.21,0.26
DELE,2017-08-21 09:55:00 EDT,42.41846,-78.42320,2042,63.3,64.7,63.3,98.4,62.9,0.000,0.552,0.00,0.532,5.2,6.6,0.6,153,10,5.6,8.6,0.8,157,11,5.2,6.6,0.6,153,10,50,28.05,,0,0,0,63.9,64.2,64.2,0.31,0.20,0.26
DELE,2017-08-21 10:00:00 EDT,42.41846,-78.42320,2042,64.2,65.0,64.2,96.2,63.1,0.000,0.552,0.00,0.532,7.5,9.8,1.1,157,6,8.0,10.4,1.0,163,7,7.5,9.8,1.1,157,6,122,28.04,,0,0,0,63.9,64.2,64.2,0.31,0.20,0.26
DELE,2017-08-21 10:05:00 EDT,42.41846,-78.42320,2042,63.8,64.1,63.8,97.4,63.1,0.000,0.552,0.00,0.532,6.8,8.1,0.5,149,4,7.0,8.3,0.6,154,5,6.8,8.1,0.5,149,4,173,28.04,,0,0,0,63.9,64.2,64.2,0.31,0.20,0.26
DELE,2017-08-21 10:10:00 EDT,42.41846,-78.42320,2042,64.3,64.1,64.3,97.9,63.7,0.000,0.552,0.00,0.532,5.9,7.5,0.7,154,6,6.4,7.9,0.7,160,6,5.9,7.5,0.7,154,6,278,28.04,,0,0,0,63.9,64.2,64.2,0.30,0.21,0.26
DELE,2017-08-21 10:15:00 EDT,42.41846,-78.42320,2042,66.6,66.0,66.6,95.8,65.4,0.000,0.552,0.00,0.532,5.8,7.9,0.8,152,8,6.4,8.8,0.8,158,8,5.8,7.9,0.8,152,8,545,28.04,,0,0,0,63.9,64.2,64.2,0.30,0.20,0.26
DELE,2017-08-21 10:20:00 EDT,42.41846,-78.42320,2042,67.4,66.5,67.4,92.3,65.1,0.000,0.552,0.00,0.532,6.9,9.2,1.1,165,10,7.5,10.7,1.4,172,8,6.9,9.2,1.1,165,10,559,28.04,,0,0,0,63.9,64.2,64.2,0.30,0.21,0.26
DELE,2017-08-21 10:25:00 EDT,42.41846,-78.42320,2042,67.6,66.5,67.6,91.8,65.1,0.000,0.552,0.00,0.422,7.2,8.5,0.7,167,9,7.9,10.1,0.9,173,9,7.2,8.5,0.7,167,9,583,28.04,,0,0,0,63.9,64.2,64.2,0.30,0.20,0.26
DELE,2017-08-21 10:30:00 EDT,42.41846,-78.42320,2042,67.8,66.8,67.8,88.9,64.4,0.000,0.552,0.00,0.342,7.9,10.6,1.2,167,8,8.6,11.8,1.4,174,6,7.9,10.6,1.2,167,8,593,28.03,,0,0,0,63.9,64.2,64.2,0.29,0.20,0.26
DELE,2017-08-21 10:35:00 EDT,42.41846,-78.42320,2042,68.6,67.4,68.6,88.3,65.0,0.000,0.552,0.00,0.312,6.8,9.3,1.2,167,10,7.5,10.0,1.2,173,7,6.8,9.3,1.2,167,10,605,28.04,,0,0,0,63.9,64.2,64.2,0.29,0.20,0.26
DELE,2017-08-21 10:40:00 EDT,42.41846,-78.42320,2042,68.9,67.8,68.9,86.0,64.5,0.000,0.552,0.00,0.312,7.6,10.6,1.3,167,8,8.2,11.5,1.4,175,8,7.6,10.6,1.3,167,8,623,28.04,,0,0,0,63.9,64.2,64.2,0.29,0.20,0.26
DELE,2017-08-21 10:45:00 EDT,42.41846,-78.42320,2042,68.8,67.8,68.8,84.9,64.1,0.000,0.552,0.00,0.061,8.6,10.7,1.0,169,9,9.4,12.1,1.3,176,7,8.6,10.7,1.0,169,9,628,28.04,,0,0,0,64.0,64.2,64.2,0.29,0.20,0.26
DELE,2017-08-21 10:50:00 EDT,42.41846,-78.42320,2042,69.4,68.5,69.4,83.3,64.1,0.000,0.552,0.00,0.000,8.5,12.7,1.8,172,8,9.5,14.4,2.0,178,7,8.5,12.7,1.8,172,8,634,28.03,,0,0,0,64.2,64.2,64.2,0.29,0.20,0.26
DELE,2017-08-21 10:55:00 EDT,42.41846,-78.42320,2042,69.7,68.9,69.7,82.7,64.2,0.000,0.552,0.00,0.000,8.3,12.2,1.7,182,11,9.4,14.4,1.9,188,10,8.3,12.2,1.7,182,11,657,28.04,,0,0,0,64.2,64.2,64.2,0.29,0.20,0.26
DELE,2017-08-21 11:00:00 EDT,42.41846,-78.42320,2042,70.1,69.1,70.1,83.0,64.7,0.000,0.552,0.00,0.000,10.1,12.9,1.5,179,8,11.4,14.6,1.7,184,7,10.1,12.9,1.5,179,8,675,28.03,,0,0,0,64.2,64.2,64.2,0.29,0.20,0.26
DELE,2017-08-21 11:05:00 EDT,42.41846,-78.42320,2042,70.4,69.4,70.4,82.7,64.9,0.000,0.552,0.00,0.000,9.4,12.3,1.5,181,9,10.4,14.7,1.7,187,8,9.4,12.3,1.5,181,9,684,28.03,,0,0,0,64.2,64.2,64.2,0.29,0.20,0.26
DELE,2017-08-21 11:10:00 EDT,42.41846,-78.42320,2042,71.1,70.0,71.1,82.5,65.5,0.000,0.552,0.00,0.000,9.8,13.7,1.9,189,8,10.8,16.6,2.1,193,6,9.8,13.7,1.9,189,8,724,28.03,,0,0,0,64.3,64.2,64.2,0.29,0.20,0.25
DELE,2017-08-21 11:15:00 EDT,42.41846,-78.42320,2042,71.1,70.1,71.1,81.6,65.2,0.000,0.552,0.00,0.000,10.6,13.5,1.3,186,9,11.6,14.8,1.6,191,8,10.6,13.5,1.3,186,9,715,28.03,,0,0,0,64.4,64.2,64.2,0.28,0.20,0.26
DELE,2017-08-21 11:20:00 EDT,42.41846,-78.42320,2042,71.6,70.6,71.6,82.7,66.1,0.000,0.552,0.00,0.000,9.9,12.9,1.4,180,9,10.8,14.6,1.6,186,7,9.9,12.9,1.4,180,9,711,28.03,,0,0,0,64.4,64.2,64.2,0.28,0.20,0.26
DELE,2017-08-21 11:25:00 EDT,42.41846,-78.42320,2042,71.8,70.9,71.8,81.7,65.9,0.000,0.552,0.00,0.000,10.4,13.7,1.4,192,9,11.3,16.1,1.7,195,8,10.4,13.7,1.4,192,9,706,28.03,,0,0,0,64.4,64.1,64.2,0.28,0.20,0.26
DELE,2017-08-21 11:30:00 EDT,42.41846,-78.42320,2042,72.2,71.2,72.2,81.0,66.1,0.000,0.552,0.00,0.000,11.7,16.9,2.4,197,9,12.4,18.2,2.5,201,9,11.7,16.9,2.4,197,9,721,28.03,,0,0,0,64.4,64.1,64.2,0.28,0.20,0.26
DELE,2017-08-21 11:35:00 EDT,42.41846,-78.42320,2042,72.0,71.1,72.0,80.8,65.8,0.000,0.552,0.00,0.000,13.2,16.7,1.8,200,10,13.7,17.5,1.7,205,8,13.2,16.7,1.8,200,10,726,28.03,,0,0,0,64.7,64.2,64.2,0.28,0.20,0.25
DELE,2017-08-21 11:40:00 EDT,42.41846,-78.42320,2042,72.4,71.5,72.4,82.8,66.9,0.000,0.552,0.00,0.000,10.4,14.6,1.9,197,8,11.0,15.4,1.9,201,7,10.4,14.6,1.9,197,8,732,28.02,,0,0,0,64.8,64.1,64.2,0.28,0.20,0.25
DELE,2017-08-21 11:45:00 EDT,42.41846,-78.42320,2042,72.4,71.4,72.4,81.0,66.2,0.000,0.552,0.00,0.000,12.3,15.3,1.2,194,7,13.2,15.8,1.3,199,6,12.3,15.3,1.2,194,7,737,28.03,,0,0,0,64.8,64.0,64.2,0.28,0.20,0.26
DELE,2017-08-21 11:50:00 EDT,42.41846,-78.42320,2042,72.8,71.6,72.8,82.5,67.2,0.000,0.552,0.00,0.000,10.6,13.2,1.1,194,9,11.3,14.6,1.5,198,8,10.6,13.2,1.1,194,9,747,28.03,,0,0,0,64.9,64.1,64.2,0.28,0.20,0.25
DELE,2017-08-21 11:55:00 EDT,42.41846,-78.42320,2042,73.2,72.1,73.2,82.0,67.3,0.000,0.552,0.00,0.000,9.3,12.9,1.5,199,11,9.9,13.8,1.7,203,10,9.3,12.9,1.5,199,11,755,28.03,,0,0,0,65.1,64.0,64.2,0.28,0.20,0.25
DELE,2017-08-21 12:00:00 EDT,42.41846,-78.42320,2042,73.8,72.9,73.8,82.2,68.0,0.000,0.552,0.00,0.000,8.8,13.4,1.7,195,15,9.4,14.8,1.8,200,15,8.8,13.4,1.7,195,15,758,28.03,,0,0,0,65.1,64.0,64.2,0.28,0.20,0.26
DELE,2017-08-21 12:05:00 EDT,42.41846,-78.42320,2042,73.9,73.1,73.9,79.9,67.3,0.000,0.552,0.00,0.000,7.5,10.6,1.4,226,13,7.9,11.1,1.5,231,13,7.5,10.6,1.4,226,13,765,28.03,,0,0,0,65.1,64.0,64.2,0.28,0.21,0.25
DELE,2017-08-21 12:10:00 EDT,42.41846,-78.42320,2042,74.2,73.4,74.2,79.6,67.5,0.000,0.552,0.00,0.000,7.1,11.0,1.2,220,11,7.5,11.8,1.4,226,10,7.1,11.0,1.2,220,11,773,28.02,,0,0,0,65.1,64.0,64.2,0.28,0.21,0.26
DELE,2017-08-21 12:15:00 EDT,42.41846,-78.42320,2042,74.4,73.7,74.4,78.0,67.1,0.000,0.552,0.00,0.000,8.0,11.5,1.3,230,13,8.5,13.3,1.4,237,14,8.0,11.5,1.3,230,13,778,28.02,,0,0,0,65.4,63.9,64.2,0.28,0.21,0.25
DELE,2017-08-21 12:20:00 EDT,42.41846,-78.42320,2042,75.0,74.2,75.0,79.1,68.1,0.000,0.552,0.00,0.000,6.7,10.2,1.4,225,20,7.4,10.8,1.4,232,21,6.7,10.2,1.4,225,20,785,28.02,,0,0,0,65.5,63.9,64.2,0.28,0.21,0.25
DELE,2017-08-21 12:25:00 EDT,42.41846,-78.42320,2042,75.6,74.8,75.6,78.4,68.4,0.000,0.552,0.00,0.000,5.6,9.3,1.8,223,23,6.1,9.9,1.9,230,22,5.6,9.3,1.8,223,23,742,28.02,,0,0,0,65.5,63.9,64.2,0.28,0.21,0.26
DELE,2017-08-21 12:30:00 EDT,42.41846,-78.42320,2042,75.7,75.0,75.7,79.0,68.7,0.000,0.552,0.00,0.000,6.0,8.7,1.1,194,25,6.7,11.3,1.3,201,25,6.0,8.7,1.1,194,25,622,28.02,,0,0,0,65.8,63.9,64.2,0.28,0.21,0.26
DELE,2017-08-21 12:35:00 EDT,42.41846,-78.42320,2042,76.1,75.3,76.1,76.0,68.0,0.000,0.552,0.00,0.000,4.9,8.1,1.4,247,35,5.5,8.8,1.4,254,35,4.9,8.1,1.4,247,35,793,28.02,,0,0,0,65.8,63.9,64.2,0.28,0.21,0.26
DELE,2017-08-21 12:40:00 EDT,42.41846,-78.42320,2042,76.3,75.5,76.3,73.4,67.2,0.000,0.552,0.00,0.000,7.3,12.3,2.3,236,16,7.8,12.7,2.2,243,16,7.3,12.3,2.3,236,16,836,28.02,,0,0,0,65.8,63.9,64.2,0.28,0.21,0.26
DELE,2017-08-21 12:45:00 EDT,42.41846,-78.42320,2042,77.0,76.1,77.0,73.5,67.9,0.000,0.552,0.00,0.000,7.4,12.3,2.3,270,16,8.1,13.6,2.3,277,15,7.4,12.3,2.3,270,16,820,28.01,,0,0,0,65.8,63.9,64.2,0.27,0.21,0.26
DELE,2017-08-21 12:50:00 EDT,42.41846,-78.42320,2042,76.6,75.9,76.6,72.1,67.0,0.000,0.552,0.00,0.000,5.4,10.8,2.0,263,15,6.0,12.5,2.1,271,14,5.4,10.8,2.0,263,15,686,28.01,,0,0,0,65.8,63.9,64.2,0.27,0.21,0.26
DELE,2017-08-21 12:55:00 EDT,42.41846,-78.42320,2042,76.9,76.3,76.9,71.2,66.9,0.000,0.552,0.00,0.000,11.0,18.6,2.8,252,10,11.8,19.7,2.8,259,9,11.0,18.6,2.8,252,10,883,28.01,,0,0,0,65.8,63.9,64.2,0.27,0.21,0.26
DELE,2017-08-21 13:00:00 EDT,42.41846,-78.42320,2042,77.4,76.6,77.4,70.9,67.2,0.000,0.552,0.00,0.000,7.9,11.3,1.4,250,15,8.5,13.6,1.4,258,14,7.9,11.3,1.4,250,15,966,28.01,,0,0,0,66.0,63.9,64.2,0.27,0.21,0.26
DELE,2017-08-21 13:05:00 EDT,42.41846,-78.42320,2042,77.8,76.8,77.8,71.1,67.6,0.000,0.552,0.00,0.000,9.3,12.9,2.0,271,19,10.0,13.5,2.0,278,19,9.3,12.9,2.0,271,19,899,28.01,,0,0,0,66.0,63.9,64.2,0.27,0.21,0.26
DELE,2017-08-21 13:10:00 EDT,42.41846,-78.42320,2042,77.8,76.8,77.8,71.2,67.7,0.000,0.552,0.00,0.000,7.4,11.6,1.9,285,13,8.0,11.8,1.8,292,12,7.4,11.6,1.9,285,13,648,28.01,,0,0,0,66.0,63.9,64.2,0.27,0.21,0.26
DELE,2017-08-21 13:15:00 EDT,42.41846,-78.42320,2042,76.6,76.3,76.6,71.7,66.8,0.000,0.552,0.00,0.000,6.3,9.0,1.4,279,14,6.8,10.2,1.5,285,12,6.3,9.0,1.4,279,14,262,28.01,,0,0,0,66.0,63.9,64.2,0.27,0.21,0.26
DELE,2017-08-21 13:20:00 EDT,42.41846,-78.42320,2042,76.3,75.8,76.3,74.5,67.6,0.000,0.552,0.00,0.000,6.9,10.0,1.4,276,11,7.5,10.8,1.4,283,10,6.9,10.0,1.4,276,11,602,28.01,,0,0,0,66.1,63.9,64.2,0.27,0.21,0.26
DELE,2017-08-21 13:25:00 EDT,42.41846,-78.42320,2042,76.8,76.1,76.8,74.3,68.0,0.000,0.552,0.00,0.000,8.2,12.3,1.9,286,14,8.6,12.8,1.8,292,14,8.2,12.3,1.9,286,14,450,28.01,,0,0,0,66.3,63.9,64.2,0.27,0.21,0.26
DELE,2017-08-21 13:30:00 EDT,42.41846,-78.42320,2042,76.8,76.2,76.8,72.8,67.4,0.000,0.552,0.00,0.000,9.7,13.7,1.6,281,10,10.3,13.8,1.8,287,9,9.7,13.7,1.6,281,10,789,28.01,,0,0,0,66.4,63.9,64.2,0.27,0.21,0.26
DELE,2017-08-21 13:35:00 EDT,42.41846,-78.42320,2042,76.8,76.2,76.8,71.9,67.1,0.000,0.552,0.00,0.000,7.6,11.5,2.2,287,9,8.0,12.2,2.1,293,9,7.6,11.5,2.2,287,9,639,28.01,,0,0,0,66.4,63.9,64.2,0.27,0.21,0.26
DELE,2017-08-21 13:40:00 EDT,42.41846,-78.42320,2042,76.6,76.0,76.6,74.8,68.0,0.000,0.552,0.00,0.000,7.7,11.3,2.1,291,19,8.1,12.8,2.2,298,18,7.7,11.3,2.1,291,19,538,28.01,,0,0,0,66.4,63.9,64.2,0.27,0.21,0.26
DELE,2017-08-21 13:45:00 EDT,42.41846,-78.42320,2042,76.9,76.2,76.9,73.7,67.9,0.000,0.552,0.00,0.000,7.7,11.0,1.7,276,18,8.3,11.8,1.7,283,17,7.7,11.0,1.7,276,18,648,28.01,,0,0,0,66.4,63.9,64.2,0.27,0.20,0.26
DELE,2017-08-21 13:50:00 EDT,42.41846,-78.42320,2042,76.9,76.4,76.9,71.8,67.2,0.000,0.552,0.00,0.000,6.4,9.4,1.4,263,21,7.1,10.6,1.5,269,20,6.4,9.4,1.4,263,21,586,28.01,,0,0,0,66.4,63.9,64.2,0.27,0.21,0.26
DELE,2017-08-21 13:55:00 EDT,42.41846,-78.42320,2042,76.7,76.2,76.7,72.9,67.4,0.000,0.552,0.00,0.000,7.9,11.4,1.7,281,13,8.5,11.8,1.7,288,11,7.9,11.4,1.7,281,13,544,28.01,,0,0,0,66.7,63.9,64.2,0.27,0.21,0.26
DELE,2017-08-21 14:00:00 EDT,42.41846,-78.42320,2042,76.6,76.1,76.6,73.0,67.3,0.000,0.552,0.00,0.000,7.3,11.0,1.3,282,15,7.8,12.4,1.6,289,15,7.3,11.0,1.3,282,15,498,28.01,,0,0,0,66.7,63.9,64.2,0.27,0.20,0.26
DELE,2017-08-21 14:05:00 EDT,42.41846,-78.42320,2042,76.5,75.9,76.5,73.3,67.3,0.000,0.552,0.00,0.000,6.6,10.5,1.7,292,14,7.0,12.0,1.7,300,13,6.6,10.5,1.7,292,14,422,28.01,,0,0,0,66.7,63.9,64.2,0.27,0.20,0.26
DELE,2017-08-21 14:10:00 EDT,42.41846,-78.42320,2042,75.8,75.8,75.8,74.1,67.0,0.000,0.552,0.00,0.000,7.1,10.4,1.3,289,13,7.6,11.4,1.4,296,13,7.1,10.4,1.3,289,13,155,28.02,,0,0,0,66.7,63.9,64.2,0.27,0.20,0.26
DELE,2017-08-21 14:15:00 EDT,42.41846,-78.42320,2042,75.7,75.8,75.7,72.4,66.2,0.000,0.552,0.00,0.000,8.0,10.5,1.3,267,12,8.7,12.5,1.3,273,11,8.0,10.5,1.3,267,12,154,28.01,,0,0,0,66.7,63.9,64.2,0.26,0.20,0.26
DELE,2017-08-21 14:20:00 EDT,42.41846,-78.42320,2042,75.1,75.3,75.1,74.8,66.6,0.000,0.552,0.00,0.000,6.0,10.3,1.8,274,16,6.4,10.5,1.8,281,15,6.0,10.3,1.8,274,16,176,28.01,,0,0,0,66.7,63.9,64.2,0.26,0.20,0.26
DELE,2017-08-21 14:25:00 EDT,42.41846,-78.42320,2042,74.8,75.1,74.8,75.2,66.4,0.000,0.552,0.00,0.000,6.4,9.6,1.3,256,11,7.0,11.0,1.4,262,9,6.4,9.6,1.3,256,11,231,28.01,,0,0,0,66.8,63.9,64.2,0.26,0.21,0.26
DELE,2017-08-21 14:30:00 EDT,42.41846,-78.42320,2042,74.9,75.1,74.9,73.9,66.0,0.000,0.552,0.00,0.000,7.0,9.1,0.8,261,9,7.5,9.7,0.8,269,8,7.0,9.1,0.8,261,9,190,28.01,,0,0,0,67.1,63.9,64.2,0.26,0.21,0.26
DELE,2017-08-21 14:35:00 EDT,42.41846,-78.42320,2042,74.6,75.0,74.6,74.7,66.0,0.000,0.552,0.00,0.000,7.0,9.8,1.2,257,11,7.5,10.6,1.2,265,9,7.0,9.8,1.2,257,11,178,28.01,,0,0,0,67.1,63.9,64.2,0.26,0.21,0.26
DELE,2017-08-21 14:40:00 EDT,42.41846,-78.42320,2042,74.5,74.9,74.5,74.8,66.0,0.000,0.552,0.00,0.000,5.8,8.8,1.2,267,9,6.3,9.5,1.3,274,8,5.8,8.8,1.2,267,9,177,28.01,,0,0,0,67.1,63.9,64.2,0.26,0.21,0.26
DELE,2017-08-21 14:45:00 EDT,42.41846,-78.42320,2042,74.4,74.6,74.4,77.5,66.9,0.000,0.552,0.00,0.000,4.7,6.4,0.7,276,12,5.1,8.3,0.8,284,12,4.7,6.4,0.7,276,12,197,28.01,,0,0,0,67.1,63.9,64.2,0.26,0.21,0.26
DELE,2017-08-21 14:50:00 EDT,42.41846,-78.42320,2042,74.4,74.4,74.4,79.1,67.6,0.000,0.552,0.00,0.000,4.2,5.6,0.8,292,12,4.5,6.1,0.9,300,11,4.2,5.6,0.8,292,12,222,28.00,,0,0,0,67.1,63.9,64.2,0.26,0.21,0.26
DELE,2017-08-21 14:55:00 EDT,42.41846,-78.42320,2042,74.7,74.5,74.7,80.1,68.2,0.000,0.552,0.00,0.000,3.9,5.8,0.8,281,15,4.3,6.3,0.8,288,13,3.9,5.8,0.8,281,15,255,28.00,,0,0,0,67.1,63.9,64.2,0.26,0.21,0.26
DELE,2017-08-21 15:00:00 EDT,42.41846,-78.42320,2042,74.9,74.6,74.9,80.9,68.7,0.000,0.552,0.00,0.000,3.7,5.3,0.6,277,10,4.1,5.6,0.7,284,9,3.7,5.3,0.6,277,10,293,28.00,,0,0,0,67.1,63.9,64.2,0.26,0.21,0.26
DELE,2017-08-21 15:05:00 EDT,42.41846,-78.42320,2042,75.1,74.8,75.1,78.4,67.9,0.000,0.552,0.00,0.000,4.6,6.6,0.8,273,12,5.1,7.2,0.9,280,11,4.6,6.6,0.8,273,12,337,28.00,,0,0,0,67.1,63.9,64.2,0.26,0.21,0.26
DELE,2017-08-21 15:10:00 EDT,42.41846,-78.42320,2042,75.5,75.0,75.5,78.0,68.1,0.000,0.552,0.00,0.000,4.9,7.1,0.7,278,9,5.3,7.2,0.8,285,9,4.9,7.1,0.7,278,9,384,28.00,,0,0,0,67.1,63.9,64.2,0.26,0.21,0.26
DELE,2017-08-21 15:15:00 EDT,42.41846,-78.42320,2042,75.6,75.2,75.6,77.1,68.0,0.000,0.552,0.00,0.000,4.7,7.2,0.7,267,9,5.2,8.0,0.8,275,8,4.7,7.2,0.7,267,9,357,28.00,,0,0,0,67.1,63.9,64.2,0.26,0.21,0.26
DELE,2017-08-21 15:20:00 EDT,42.41846,-78.42320,2042,75.6,75.3,75.6,77.0,67.9,0.000,0.552,0.00,0.000,5.4,7.6,1.2,281,15,5.9,8.3,1.1,287,15,5.4,7.6,1.2,281,15,423,28.00,,0,0,0,67.1,63.9,64.2,0.26,0.21,0.26
DELE,2017-08-21 15:25:00 EDT,42.41846,-78.42320,2042,76.0,75.4,76.0,76.0,67.9,0.000,0.552,0.00,0.000,5.0,7.3,0.9,302,16,5.3,7.4,1.1,310,15,5.0,7.3,0.9,302,16,517,28.00,,0,0,0,67.1,63.9,64.2,0.26,0.21,0.26
DELE,2017-08-21 15:30:00 EDT,42.41846,-78.42320,2042,76.2,75.4,76.2,76.5,68.3,0.000,0.552,0.00,0.000,5.6,8.2,1.4,298,13,5.9,9.0,1.6,305,12,5.6,8.2,1.4,298,13,539,28.00,,0,0,0,67.1,63.9,64.2,0.26,0.21,0.26
DELE,2017-08-21 15:35:00 EDT,42.41846,-78.42320,2042,76.7,75.8,76.7,76.3,68.6,0.000,0.552,0.00,0.000,5.1,9.7,1.7,302,13,5.5,9.8,1.7,309,12,5.1,9.7,1.7,302,13,583,28.00,,0,0,0,67.1,63.9,64.2,0.26,0.21,0.26
DELE,2017-08-21 15:40:00 EDT,42.41846,-78.42320,2042,76.8,75.9,76.8,73.8,67.8,0.000,0.552,0.00,0.000,6.6,9.9,1.4,290,7,6.9,10.4,1.5,297,7,6.6,9.9,1.4,290,7,609,28.00,,0,0,0,67.1,63.9,64.2,0.26,0.21,0.26
DELE,2017-08-21 15:45:00 EDT,42.41846,-78.42320,2042,77.1,76.2,77.1,73.1,67.8,0.000,0.552,0.00,0.000,5.4,7.5,1.0,297,13,5.7,8.2,1.2,304,12,5.4,7.5,1.0,297,13,635,27.99,,0,0,0,67.2,63.9,64.2,0.26,0.21,0.26
DELE,2017-08-21 15:50:00 EDT,42.41846,-78.42320,2042,77.1,76.3,77.1,72.3,67.5,0.000,0.552,0.00,0.000,5.1,8.5,1.4,258,14,5.7,9.6,1.3,266,14,5.1,8.5,1.4,258,14,453,28.00,,0,0,0,67.4,63.9,64.2,0.26,0.21,0.26
DELE,2017-08-21 15:55:00 EDT,42.41846,-78.42320,2042,77.0,76.3,77.0,71.3,67.0,0.000,0.552,0.00,0.000,5.1,8.4,1.5,259,16,5.7,9.0,1.6,267,15,5.1,8.4,1.5,259,16,600,28.00,,0,0,0,67.5,63.9,64.2,0.26,0.21,0.26
DELE,2017-08-21 16:00:00 EDT,42.41846,-78.42320,2042,76.4,76.0,76.4,73.6,67.3,0.000,0.552,0.00,0.000,5.3,8.6,1.4,272,11,5.8,9.3,1.5,280,10,5.3,8.6,1.4,272,11,288,27.99,,0,0,0,67.5,63.9,64.2,0.26,0.20,0.26
DELE,2017-08-21 16:05:00 EDT,42.41846,-78.42320,2042,77.0,76.2,77.0,71.8,67.2,0.000,0.552,0.00,0.000,6.0,9.4,1.6,290,21,6.4,9.7,1.6,298,21,6.0,9.4,1.6,290,21,752,27.99,,0,0,0,67.5,63.9,64.2,0.26,0.21,0.26
DELE,2017-08-21 16:10:00 EDT,42.41846,-78.42320,2042,77.3,76.2,77.3,73.5,68.2,0.000,0.552,0.00,0.000,4.2,7.8,1.4,310,13,4.4,8.1,1.4,318,12,4.2,7.8,1.4,310,13,637,27.99,,0,0,0,67.5,63.9,64.2,0.26,0.21,0.26
DELE,2017-08-21 16:15:00 EDT,42.41846,-78.42320,2042,77.8,76.8,77.8,73.9,68.8,0.000,0.552,0.00,0.000,5.6,8.5,1.6,272,15,6.2,9.0,1.5,279,14,5.6,8.5,1.6,272,15,456,27.99,,0,0,0,67.5,63.9,64.2,0.26,0.21,0.26
DELE,2017-08-21 16:20:00 EDT,42.41846,-78.42320,2042,76.7,76.2,76.7,72.1,67.0,0.000,0.552,0.00,0.000,5.4,8.0,1.3,260,10,5.9,8.6,1.4,268,10,5.4,8.0,1.3,260,10,491,27.99,,0,0,0,67.5,63.9,64.2,0.26,0.21,0.26
DELE,2017-08-21 16:25:00 EDT,42.41846,-78.42320,2042,76.8,76.3,76.8,70.8,66.6,0.000,0.552,0.00,0.000,5.4,8.1,1.2,282,14,5.8,8.5,1.3,290,12,5.4,8.1,1.2,282,14,202,27.99,,0,0,0,67.5,63.9,64.2,0.26,0.21,0.26
DELE,2017-08-21 16:30:00 EDT,42.41846,-78.42320,2042,77.1,76.7,77.1,74.1,68.2,0.000,0.552,0.00,0.000,6.4,10.4,1.9,304,11,6.8,11.2,1.9,312,11,6.4,10.4,1.9,304,11,509,27.99,,0,0,0,67.5,63.9,64.2,0.26,0.21,0.26
DELE,2017-08-21 16:35:00 EDT,42.41846,-78.42320,2042,77.5,76.8,77.5,72.0,67.8,0.000,0.552,0.00,0.000,8.1,10.5,1.2,295,9,8.4,11.1,1.1,302,9,8.1,10.5,1.2,295,9,585,27.99,,0,0,0,67.5,63.9,64.2,0.26,0.21,0.26
DELE,2017-08-21 16:40:00 EDT,42.41846,-78.42320,2042,77.3,76.7,77.3,70.4,66.9,0.000,0.552,0.00,0.000,6.7,8.8,1.0,278,13,7.2,9.6,1.0,286,13,6.7,8.8,1.0,278,13,479,27.99,,0,0,0,67.7,63.9,64.2,0.26,0.21,0.26
DELE,2017-08-21 16:45:00 EDT,42.41846,-78.42320,2042,76.7,76.4,76.7,70.9,66.5,0.000,0.552,0.00,0.000,5.6,7.8,1.2,275,12,6.0,8.7,1.2,283,12,5.6,7.8,1.2,275,12,394,27.99,,0,0,0,67.8,63.9,64.2,0.26,0.21,0.26
DELE,2017-08-21 16:50:00 EDT,42.41846,-78.42320,2042,76.9,76.4,76.9,71.3,66.9,0.000,0.552,0.00,0.000,6.5,8.8,1.1,264,9,7.0,9.6,1.2,271,8,6.5,8.8,1.1,264,9,405,27.99,,0,0,0,67.8,63.9,64.2,0.26,0.21,0.26
DELE,2017-08-21 16:55:00 EDT,42.41846,-78.42320,2042,76.4,76.2,76.4,72.0,66.8,0.000,0.552,0.00,0.000,6.0,11.5,1.8,284,18,6.4,12.4,1.8,289,19,6.0,11.5,1.8,284,18,354,27.99,,0,0,0,67.8,63.9,64.2,0.26,0.21,0.26
DELE,2017-08-21 17:00:00 EDT,42.41846,-78.42320,2042,76.3,76.2,76.3,73.8,67.3,0.000,0.552,0.00,0.000,7.6,10.3,1.5,293,12,8.0,10.9,1.5,300,11,7.6,10.3,1.5,293,12,157,27.99,,0,0,0,67.8,63.9,64.2,0.26,0.21,0.26
DELE,2017-08-21 17:05:00 EDT,42.41846,-78.42320,2042,75.6,75.8,75.6,75.3,67.2,0.000,0.552,0.00,0.000,6.9,9.8,1.0,296,10,7.3,10.1,1.0,303,10,6.9,9.8,1.0,296,10,296,27.99,,0,0,0,67.8,63.9,64.2,0.26,0.21,0.26
DELE,2017-08-21 17:10:00 EDT,42.41846,-78.42320,2042,77.2,76.6,77.2,73.0,67.9,0.000,0.552,0.00,0.000,5.9,8.3,1.3,271,13,6.4,9.0,1.3,279,12,5.9,8.3,1.3,271,13,579,27.99,,0,0,0,67.8,63.9,64.2,0.26,0.21,0.26
DELE,2017-08-21 17:15:00 EDT,42.41846,-78.42320,2042,76.9,76.6,76.9,71.9,67.2,0.000,0.552,0.00,0.000,5.0,8.0,1.5,274,17,5.6,8.5,1.5,281,16,5.0,8.0,1.5,274,17,197,27.99,,0,0,0,67.8,63.9,64.2,0.26,0.21,0.26
DELE,2017-08-21 17:20:00 EDT,42.41846,-78.42320,2042,76.0,76.2,76.0,72.5,66.5,0.000,0.552,0.00,0.000,5.5,8.0,1.1,277,10,6.0,9.1,1.2,285,10,5.5,8.0,1.1,277,10,119,27.99,,0,0,0,67.8,63.9,64.2,0.26,0.21,0.26
DELE,2017-08-21 17:25:00 EDT,42.41846,-78.42320,2042,75.8,76.0,75.8,73.4,66.7,0.000,0.552,0.00,0.000,4.5,6.5,1.0,280,9,4.9,7.1,1.1,288,8,4.5,6.5,1.0,280,9,143,27.99,,0,0,0,67.8,63.9,64.2,0.26,0.21,0.26
DELE,2017-08-21 17:30:00 EDT,42.41846,-78.42320,2042,76.0,76.0,76.0,75.0,67.5,0.000,0.552,0.00,0.000,4.6,7.5,1.4,266,10,5.0,8.1,1.5,273,9,4.6,7.5,1.4,266,10,276,27.99,,0,0,0,67.8,63.9,64.2,0.26,0.21,0.26
DELE,2017-08-21 17:35:00 EDT,42.41846,-78.42320,2042,76.3,76.2,76.3,73.9,67.4,0.000,0.552,0.00,0.000,4.3,6.9,1.2,269,13,4.8,7.8,1.3,277,12,4.3,6.9,1.2,269,13,175,27.99,,0,0,0,67.8,63.9,64.2,0.26,0.21,0.26
DELE,2017-08-21 17:40:00 EDT,42.41846,-78.42320,2042,76.9,76.5,76.9,75.2,68.4,0.000,0.552,0.00,0.000,4.4,6.7,0.9,281,15,5.0,7.3,1.0,289,13,4.4,6.7,0.9,281,15,451,27.99,,0,0,0,67.8,63.9,64.2,0.26,0.21,0.26
DELE,2017-08-21 17:45:00 EDT,42.41846,-78.42320,2042,77.7,77.2,77.7,71.1,67.6,0.000,0.552,0.00,0.000,7.4,11.7,2.0,305,12,7.9,11.9,2.0,313,10,7.4,11.7,2.0,305,12,365,27.99,,0,0,0,67.8,63.9,64.2,0.26,0.21,0.26
DELE,2017-08-21 17:50:00 EDT,42.41846,-78.42320,2042,76.2,76.4,76.2,71.1,66.1,0.000,0.552,0.00,0.000,8.3,12.2,1.8,284,13,8.8,13.1,1.9,292,12,8.3,12.2,1.8,284,13,230,27.98,,0,0,0,67.8,63.9,64.2,0.26,0.21,0.26
DELE,2017-08-21 17:55:00 EDT,42.41846,-78.42320,2042,76.3,76.4,76.3,71.1,66.3,0.000,0.552,0.00,0.000,6.7,9.3,1.1,282,13,7.2,9.6,1.3,289,12,6.7,9.3,1.1,282,13,304,27.98,,0,0,0,67.8,63.9,64.2,0.26,0.21,0.26
DELE,2017-08-21 18:00:00 EDT,42.41846,-78.42320,2042,76.9,76.8,76.9,69.3,66.1,0.000,0.552,0.00,0.000,7.7,10.8,1.3,280,11,8.2,12.0,1.4,287,11,7.7,10.8,1.3,280,11,345,27.98,,0,0,0,67.8,63.9,64.2,0.26,0.21,0.26
DELE,2017-08-21 18:05:00 EDT,42.41846,-78.42320,2042,76.7,76.8,76.7,68.5,65.6,0.000,0.552,0.00,0.000,8.8,13.7,1.7,269,16,9.4,14.7,1.9,276,16,8.8,13.7,1.7,269,16,314,27.98,,0,0,0,67.8,63.9,64.2,0.26,0.21,0.26
DELE,2017-08-21 18:10:00 EDT,42.41846,-78.42320,2042,76.0,76.4,76.0,69.7,65.4,0.000,0.552,0.00,0.000,7.0,9.6,1.2,262,10,7.5,10.9,1.2,270,8,7.0,9.6,1.2,262,10,196,27.98,,0,0,0,67.8,63.9,64.2,0.26,0.21,0.26
DELE,2017-08-21 18:15:00 EDT,42.41846,-78.42320,2042,75.3,75.9,75.3,70.6,65.1,0.000,0.552,0.00,0.000,7.9,10.4,1.5,264,11,8.5,11.7,1.7,271,10,7.9,10.4,1.5,264,11,134,27.98,,0,0,0,67.8,63.9,64.2,0.26,0.21,0.26
DELE,2017-08-21 18:20:00 EDT,42.41846,-78.42320,2042,76.0,76.1,76.0,70.3,65.6,0.000,0.552,0.00,0.000,6.1,10.8,1.5,281,12,6.7,10.8,1.5,288,10,6.1,10.8,1.5,281,12,256,27.98,,0,0,0,67.8,63.9,64.2,0.26,0.21,0.26
DELE,2017-08-21 18:25:00 EDT,42.41846,-78.42320,2042,76.1,76.2,76.1,70.4,65.8,0.000,0.552,0.00,0.000,6.3,9.4,1.5,270,12,7.0,10.5,1.6,276,11,6.3,9.4,1.5,270,12,244,27.98,,0,0,0,67.8,63.9,64.2,0.26,0.21,0.26
DELE,2017-08-21 18:30:00 EDT,42.41846,-78.42320,2042,76.1,76.3,76.1,68.4,64.9,0.000,0.552,0.00,0.000,8.0,12.2,1.6,278,13,8.5,13.2,1.8,285,10,8.0,12.2,1.6,278,13,230,27.98,,0,0,0,67.8,63.9,64.2,0.25,0.21,0.26
DELE,2017-08-21 18:35:00 EDT,42.41846,-78.42320,2042,75.9,76.2,75.9,68.8,64.9,0.000,0.552,0.00,0.000,7.3,9.5,1.0,269,10,7.8,10.1,1.1,277,9,7.3,9.5,1.0,269,10,213,27.98,,0,0,0,67.8,63.9,64.2,0.25,0.21,0.26
DELE,2017-08-21 18:40:00 EDT,42.41846,-78.42320,2042,75.8,76.1,75.8,69.5,65.1,0.000,0.552,0.00,0.000,6.9,10.4,1.6,269,9,7.4,11.3,1.7,277,8,6.9,10.4,1.6,269,9,198,27.98,,0,0,0,67.8,63.9,64.2,0.25,0.21,0.26
DELE,2017-08-21 18:45:00 EDT,42.41846,-78.42320,2042,75.7,76.0,75.7,70.5,65.5,0.000,0.552,0.00,0.000,5.5,8.4,1.0,268,10,6.0,8.9,1.1,276,9,5.5,8.4,1.0,268,10,184,27.98,,0,0,0,67.8,63.9,64.2,0.25,0.21,0.26
DELE,2017-08-21 18:50:00 EDT,42.41846,-78.42320,2042,75.6,75.9,75.6,71.6,65.7,0.000,0.552,0.00,0.000,6.2,9.6,1.3,268,11,6.7,11.1,1.5,275,10,6.2,9.6,1.3,268,11,170,27.98,,0,0,0,67.8,63.9,64.2,0.25,0.21,0.26
DELE,2017-08-21 18:55:00 EDT,42.41846,-78.42320,2042,75.1,75.5,75.1,73.8,66.2,0.000,0.552,0.00,0.000,5.1,6.7,0.9,289,10,5.5,7.1,0.8,296,10,5.1,6.7,0.9,289,10,146,27.98,,0,0,0,67.8,63.9,64.2,0.25,0.21,0.26
DELE,2017-08-21 19:00:00 EDT,42.41846,-78.42320,2042,75.1,75.4,75.1,73.9,66.2,0.000,0.552,0.00,0.000,3.8,5.4,0.7,276,9,4.2,6.1,0.8,283,9,3.8,5.4,0.7,276,9,78,27.98,,0,0,0,67.8,63.9,64.2,0.25,0.21,0.26
DELE,2017-08-21 19:05:00 EDT,42.41846,-78.42320,2042,74.3,75.1,74.3,75.0,65.9,0.000,0.552,0.00,0.000,4.5,6.4,1.0,267,7,5.0,6.9,1.0,275,7,4.5,6.4,1.0,267,7,44,27.98,,0,0,0,67.8,63.9,64.2,0.25,0.21,0.26
DELE,2017-08-21 19:10:00 EDT,42.41846,-78.42320,2042,74.0,74.8,74.0,77.1,66.4,0.000,0.552,0.00,0.000,3.0,4.0,0.4,268,9,3.4,4.8,0.5,275,9,3.0,4.0,0.4,268,9,104,27.98,,0,0,0,67.8,63.9,64.2,0.25,0.21,0.26
DELE,2017-08-21 19:15:00 EDT,42.41846,-78.42320,2042,74.3,74.8,74.3,75.4,66.0,0.000,0.552,0.00,0.000,3.9,6.1,1.0,265,12,4.4,7.1,1.1,272,11,3.9,6.1,1.0,265,12,80,27.98,,0,0,0,67.8,63.9,64.2,0.25,0.21,0.26
DELE,2017-08-21 19:20:00 EDT,42.41846,-78.42320,2042,73.9,74.5,73.9,76.6,66.0,0.000,0.552,0.00,0.000,4.2,5.7,0.7,272,9,4.7,6.9,0.9,279,8,4.2,5.7,0.7,272,9,69,27.98,,0,0,0,67.8,63.9,64.2,0.25,0.20,0.26
DELE,2017-08-21 19:25:00 EDT,42.41846,-78.42320,2042,73.7,74.4,73.7,77.7,66.3,0.000,0.552,0.00,0.000,3.0,4.4,0.5,279,9,3.4,5.1,0.7,288,9,3.0,4.4,0.5,279,9,63,27.98,,0,0,0,67.8,63.9,64.2,0.25,0.21,0.26
DELE,2017-08-21 19:30:00 EDT,42.41846,-78.42320,2042,73.6,74.1,73.6,78.1,66.4,0.000,0.552,0.00,0.000,2.2,3.0,0.4,286,7,2.3,3.5,0.5,296,8,2.2,3.0,0.4,286,7,27,27.98,,0,0,0,67.8,63.9,64.2,0.25,0.21,0.26
DELE,2017-08-21 19:35:00 EDT,42.41846,-78.42320,2042,73.7,74.1,73.7,78.3,66.5,0.000,0.552,0.00,0.000,2.1,3.1,0.3,295,7,2.2,3.3,0.4,303,6,2.1,3.1,0.3,295,7,19,27.98,,0,0,0,67.8,63.9,64.2,0.25,0.20,0.26
DELE,2017-08-21 19:40:00 EDT,42.41846,-78.42320,2042,73.4,74.1,73.4,78.8,66.4,0.000,0.552,0.00,0.000,2.8,3.5,0.3,304,4,2.8,3.6,0.4,310,3,2.8,3.5,0.3,304,4,14,27.98,,0,0,0,67.8,63.9,64.2,0.25,0.20,0.26
DELE,2017-08-21 19:45:00 EDT,42.41846,-78.42320,2042,73.1,74.0,73.1,79.5,66.4,0.000,0.552,0.00,0.000,3.2,3.7,0.2,299,3,3.2,3.8,0.3,306,3,3.2,3.7,0.2,299,3,11,27.98,,0,0,0,67.8,63.9,64.2,0.25,0.21,0.26
DELE,2017-08-21 19:50:00 EDT,42.41846,-78.42320,2042,72.7,73.8,72.7,80.3,66.2,0.000,0.552,0.00,0.000,3.5,3.9,0.2,293,2,3.6,4.1,0.2,301,3,3.5,3.9,0.2,293,2,10,27.98,,0,0,0,67.8,63.9,64.2,0.25,0.20,0.26
DELE,2017-08-21 19:55:00 EDT,42.41846,-78.42320,2042,72.7,73.7,72.7,80.7,66.4,0.000,0.552,0.00,0.000,2.9,3.6,0.3,289,3,3.0,3.9,0.3,299,4,2.9,3.6,0.3,289,3,8,27.98,,0,0,0,67.8,63.9,64.2,0.25,0.20,0.26
DELE,2017-08-21 20:00:00 EDT,42.41846,-78.42320,2042,72.8,73.6,72.8,80.6,66.5,0.000,0.552,0.00,0.000,2.6,3.1,0.3,300,1,2.6,3.3,0.3,307,2,2.6,3.1,0.3,300,1,5,27.98,,0,0,0,67.8,63.9,64.2,0.25,0.20,0.26
DELE,2017-08-21 20:05:00 EDT,42.41846,-78.42320,2042,72.8,73.6,72.8,80.6,66.5,0.000,0.552,0.00,0.000,2.8,3.1,0.1,304,2,2.8,3.3,0.2,310,2,2.8,3.1,0.1,304,2,3,27.97,,0,0,0,67.8,63.9,64.2,0.25,0.20,0.26
DELE,2017-08-21 20:10:00 EDT,42.41846,-78.42320,2042,72.8,73.6,72.8,80.7,66.5,0.000,0.552,0.00,0.000,3.2,3.9,0.3,302,5,3.2,4.1,0.4,309,5,3.2,3.9,0.3,302,5,2,27.98,,0,0,0,67.8,63.9,64.2,0.25,0.20,0.26
DELE,2017-08-21 20:15:00 EDT,42.41846,-78.42320,2042,72.6,73.6,72.6,80.7,66.3,0.000,0.552,0.00,0.000,2.7,3.4,0.3,298,3,2.8,3.6,0.3,306,3,2.7,3.4,0.3,298,3,1,27.98,,0,0,0,67.8,63.9,64.2,0.25,0.20,0.26
DELE,2017-08-21 20:20:00 EDT,42.41846,-78.42320,2042,72.6,73.5,72.6,81.0,66.4,0.000,0.552,0.00,0.000,2.4,3.2,0.2,308,6,2.3,3.3,0.3,314,6,2.4,3.2,0.2,308,6,1,27.98,,0,0,0,67.8,63.9,64.2,0.25,0.20,0.26
DELE,2017-08-21 20:25:00 EDT,42.41846,-78.42320,2042,72.8,73.5,72.8,81.0,66.6,0.000,0.552,0.00,0.000,2.1,2.4,0.1,311,4,2.1,2.4,0.2,313,5,2.1,2.4,0.1,311,4,1,27.97,,0,0,0,67.6,63.9,64.2,0.25,0.20,0.26
DELE,2017-08-21 20:30:00 EDT,42.41846,-78.42320,2042,72.9,73.5,72.9,80.8,66.6,0.000,0.552,0.00,0.000,1.8,2.3,0.2,302,1,1.8,2.3,0.2,306,2,1.8,2.3,0.2,302,1,1,27.98,,0,0,0,67.5,63.9,64.2,0.25,0.20,0.26
DELE,2017-08-21 20:35:00 EDT,42.41846,-78.42320,2042,72.8,73.4,72.8,80.9,66.6,0.000,0.552,0.00,0.000,1.2,1.5,0.1,302,0,1.4,1.8,0.1,302,5,1.2,1.5,0.1,302,0,1,27.98,,0,0,0,67.5,63.9,64.2,0.25,0.20,0.26
DELE,2017-08-21 20:40:00 EDT,42.41846,-78.42320,2042,72.6,73.4,72.6,81.2,66.6,0.000,0.552,0.00,0.000,1.2,1.6,0.2,272,17,1.6,2.1,0.1,264,13,1.2,1.6,0.2,272,17,1,27.98,,0,0,0,67.5,63.9,64.2,0.25,0.20,0.26
DELE,2017-08-21 20:45:00 EDT,42.41846,-78.42320,2042,72.3,73.1,72.3,81.8,66.4,0.000,0.552,0.00,0.000,1.4,1.8,0.2,237,8,1.6,1.9,0.2,236,4,1.4,1.8,0.2,237,8,1,27.98,,0,0,0,67.5,63.9,64.2,0.25,0.20,0.26
DELE,2017-08-21 20:50:00 EDT,42.41846,-78.42320,2042,72.4,73.1,72.4,81.5,66.5,0.000,0.552,0.00,0.000,1.8,2.0,0.1,227,3,1.9,2.2,0.1,232,5,1.8,2.0,0.1,227,3,1,27.98,,0,0,0,67.5,63.9,64.2,0.25,0.20,0.26
DELE,2017-08-21 20:55:00 EDT,42.41846,-78.42320,2042,72.1,73.1,72.1,82.4,66.5,0.000,0.552,0.00,0.000,1.6,1.8,0.1,226,2,1.7,2.2,0.1,233,5,1.6,1.8,0.1,226,2,1,27.98,,0,0,0,67.5,63.9,64.2,0.25,0.20,0.26
DELE,2017-08-21 21:00:00 EDT,42.41846,-78.42320,2042,71.6,73.0,71.6,84.8,66.7,0.000,0.552,0.00,0.000,1.8,2.0,0.1,228,5,1.9,2.2,0.1,233,6,1.8,2.0,0.1,228,5,1,27.98,,0,0,0,67.5,64.0,64.2,0.25,0.20,0.26
DELE,2017-08-21 21:05:00 EDT,42.41846,-78.42320,2042,70.8,72.8,70.8,86.3,66.5,0.000,0.552,0.00,0.000,2.1,2.3,0.1,201,11,2.2,2.8,0.2,206,10,2.1,2.3,0.1,201,11,1,27.98,,0,0,0,67.2,64.0,64.2,0.25,0.20,0.26
DELE,2017-08-21 21:10:00 EDT,42.41846,-78.42320,2042,70.5,72.8,70.5,89.0,67.1,0.000,0.552,0.00,0.000,2.9,3.7,0.4,193,5,3.2,4.2,0.4,200,6,2.9,3.7,0.4,193,5,1,27.98,,0,0,0,67.1,64.0,64.2,0.25,0.20,0.26
DELE,2017-08-21 21:15:00 EDT,42.41846,-78.42320,2042,69.4,71.8,69.4,90.5,66.5,0.000,0.552,0.00,0.000,4.5,5.2,0.4,185,6,5.0,5.8,0.4,190,5,4.5,5.2,0.4,185,6,1,27.98,,0,0,0,67.1,64.0,64.2,0.25,0.20,0.26
DELE,2017-08-21 21:20:00 EDT,42.41846,-78.42320,2042,68.6,71.2,68.6,93.0,66.5,0.000,0.552,0.00,0.000,5.2,6.0,0.4,180,2,5.7,6.7,0.4,185,4,5.2,6.0,0.4,180,2,1,27.98,,0,0,0,67.1,64.1,64.2,0.25,0.20,0.26
DELE,2017-08-21 21:25:00 EDT,42.41846,-78.42320,2042,68.4,71.2,68.4,94.3,66.7,0.000,0.552,0.00,0.000,5.0,6.1,0.6,182,4,5.5,6.8,0.7,187,5,5.0,6.1,0.6,182,4,1,27.98,,0,0,0,67.1,64.2,64.2,0.25,0.20,0.26
DELE,2017-08-21 21:30:00 EDT,42.41846,-78.42320,2042,68.3,71.1,68.3,94.9,66.8,0.000,0.552,0.00,0.000,3.3,3.9,0.2,189,2,3.7,4.6,0.3,196,3,3.3,3.9,0.2,189,2,1,27.98,,0,0,0,67.1,64.1,64.2,0.25,0.20,0.26
DELE,2017-08-21 21:35:00 EDT,42.41846,-78.42320,2042,68.0,70.6,68.0,95.0,66.5,0.000,0.552,0.00,0.000,3.6,4.3,0.3,188,1,3.9,4.8,0.4,194,2,3.6,4.3,0.3,188,1,1,27.98,,0,0,0,67.1,64.2,64.2,0.25,0.20,0.26
DELE,2017-08-21 21:40:00 EDT,42.41846,-78.42320,2042,68.0,70.4,68.0,95.3,66.6,0.000,0.552,0.00,0.000,4.6,5.1,0.2,187,2,5.1,5.6,0.3,193,2,4.6,5.1,0.2,187,2,1,27.98,,0,0,0,67.1,64.2,64.2,0.25,0.20,0.26
DELE,2017-08-21 21:45:00 EDT,42.41846,-78.42320,2042,67.4,70.0,67.4,95.6,66.1,0.000,0.552,0.00,0.000,5.1,5.7,0.3,178,2,5.7,6.2,0.3,182,2,5.1,5.7,0.3,178,2,1,27.98,,0,0,0,67.1,64.2,64.2,0.25,0.20,0.26
DELE,2017-08-21 21:50:00 EDT,42.41846,-78.42320,2042,66.9,69.2,66.9,96.5,65.9,0.000,0.552,0.00,0.000,5.4,5.9,0.2,175,1,5.9,6.5,0.2,179,1,5.4,5.9,0.2,175,1,1,27.98,,0,0,0,67.1,64.2,64.2,0.25,0.20,0.26
DELE,2017-08-21 21:55:00 EDT,42.41846,-78.42320,2042,66.5,68.7,66.5,97.7,65.8,0.000,0.552,0.00,0.000,5.5,6.1,0.3,170,2,5.9,6.5,0.3,176,1,5.5,6.1,0.3,170,2,1,27.98,,0,0,0,67.1,64.2,64.2,0.25,0.20,0.26
DELE,2017-08-21 22:00:00 EDT,42.41846,-78.42320,2042,66.7,68.2,66.7,98.4,66.2,0.000,0.552,0.00,0.000,6.0,6.5,0.3,170,3,6.4,7.2,0.4,176,2,6.0,6.5,0.3,170,3,1,27.98,,0,0,0,66.9,64.2,64.2,0.25,0.20,0.26
DELE,2017-08-21 22:05:00 EDT,42.41846,-78.42320,2042,66.5,68.2,66.5,98.6,66.1,0.000,0.552,0.00,0.000,5.7,6.3,0.3,172,4,6.2,6.9,0.3,177,3,5.7,6.3,0.3,172,4,1,27.98,,0,0,0,66.8,64.2,64.2,0.25,0.20,0.26
DELE,2017-08-21 22:10:00 EDT,42.41846,-78.42320,2042,67.0,69.3,67.0,99.0,66.7,0.000,0.552,0.00,0.000,6.5,6.9,0.3,179,2,7.1,7.6,0.3,185,3,6.5,6.9,0.3,179,2,1,27.98,,0,0,0,66.7,64.2,64.2,0.25,0.20,0.26
DELE,2017-08-21 22:15:00 EDT,42.41846,-78.42320,2042,66.8,69.4,66.8,98.7,66.4,0.000,0.552,0.00,0.000,5.7,6.2,0.3,180,0,6.2,6.8,0.3,186,1,5.7,6.2,0.3,180,0,1,27.98,,0,0,0,66.7,64.2,64.2,0.25,0.20,0.26
DELE,2017-08-21 22:20:00 EDT,42.41846,-78.42320,2042,66.2,68.7,66.2,98.7,65.9,0.000,0.552,0.00,0.000,5.6,6.4,0.3,177,3,6.1,6.9,0.3,182,4,5.6,6.4,0.3,177,3,1,27.98,,0,0,0,66.7,64.2,64.2,0.25,0.20,0.26
DELE,2017-08-21 22:25:00 EDT,42.41846,-78.42320,2042,65.9,68.0,65.9,99.0,65.6,0.000,0.552,0.00,0.000,6.4,6.9,0.2,174,2,6.9,7.5,0.2,178,1,6.4,6.9,0.2,174,2,1,27.98,,0,0,0,66.7,64.2,64.2,0.25,0.20,0.26
DELE,2017-08-21 22:30:00 EDT,42.41846,-78.42320,2042,65.6,66.8,65.6,99.4,65.4,0.000,0.552,0.00,0.000,6.2,7.4,0.4,168,3,6.7,8.0,0.5,174,3,6.2,7.4,0.4,168,3,1,27.98,,0,0,0,66.7,64.2,64.2,0.25,0.20,0.26
DELE,2017-08-21 22:35:00 EDT,42.41846,-78.42320,2042,65.4,67.2,65.4,99.5,65.3,0.000,0.552,0.00,0.000,6.9,7.3,0.3,173,3,7.3,8.3,0.3,178,2,6.9,7.3,0.3,173,3,1,27.97,,0,0,0,66.7,64.2,64.2,0.25,0.20,0.26
DELE,2017-08-21 22:40:00 EDT,42.41846,-78.42320,2042,65.6,67.2,65.6,99.7,65.5,0.000,0.552,0.00,0.000,6.0,6.7,0.3,173,3,6.4,7.3,0.4,178,2,6.0,6.7,0.3,173,3,1,27.97,,0,0,0,66.7,64.2,64.2,0.25,0.20,0.26
DELE,2017-08-21 22:45:00 EDT,42.41846,-78.42320,2042,65.6,67.7,65.6,99.6,65.5,0.000,0.552,0.00,0.000,5.8,6.4,0.3,170,4,6.3,6.9,0.3,175,4,5.8,6.4,0.3,170,4,1,27.97,,0,0,0,66.7,64.2,64.2,0.25,0.20,0.26
DELE,2017-08-21 22:50:00 EDT,42.41846,-78.42320,2042,65.8,68.2,65.8,99.4,65.6,0.000,0.552,0.00,0.000,6.1,6.7,0.3,168,4,6.6,7.3,0.2,173,4,6.1,6.7,0.3,168,4,1,27.97,,0,0,0,66.7,64.2,64.2,0.25,0.20,0.26
DELE,2017-08-21 22:55:00 EDT,42.41846,-78.42320,2042,66.2,67.9,66.2,99.0,65.9,0.000,0.552,0.00,0.000,6.4,7.1,0.3,172,2,6.8,7.6,0.3,176,2,6.4,7.1,0.3,172,2,1,27.97,,0,0,0,66.7,64.2,64.2,0.25,0.20,0.26
DELE,2017-08-21 23:00:00 EDT,42.41846,-78.42320,2042,66.1,68.1,66.1,98.7,65.7,0.000,0.552,0.00,0.000,6.7,7.4,0.3,177,2,7.2,8.5,0.4,182,3,6.7,7.4,0.3,177,2,1,27.97,,0,0,0,66.7,64.2,64.2,0.25,0.20,0.26
DELE,2017-08-21 23:05:00 EDT,42.41846,-78.42320,2042,66.1,68.3,66.1,98.1,65.6,0.000,0.552,0.00,0.000,6.7,7.2,0.2,179,2,7.3,8.0,0.3,184,3,6.7,7.2,0.2,179,2,1,27.97,,0,0,0,66.7,64.2,64.2,0.25,0.20,0.26
DELE,2017-08-21 23:10:00 EDT,42.41846,-78.42320,2042,66.1,68.5,66.1,97.9,65.5,0.000,0.552,0.00,0.000,6.6,7.2,0.2,182,1,7.2,7.7,0.2,188,2,6.6,7.2,0.2,182,1,1,27.96,,0,0,0,66.7,64.2,64.2,0.25,0.20,0.26
DELE,2017-08-21 23:15:00 EDT,42.41846,-78.42320,2042,66.3,69.0,66.3,97.4,65.6,0.000,0.552,0.00,0.000,6.7,7.1,0.3,184,2,7.3,8.1,0.3,191,2,6.7,7.1,0.3,184,2,0,27.96,,0,0,0,66.7,64.2,64.2,0.25,0.20,0.26
DELE,2017-08-21 23:20:00 EDT,42.41846,-78.42320,2042,66.5,69.1,66.5,96.2,65.4,0.000,0.552,0.00,0.000,6.9,7.7,0.3,184,4,7.5,8.6,0.3,191,4,6.9,7.7,0.3,184,4,1,27.96,,0,0,0,66.4,64.2,64.2,0.25,0.20,0.26
DELE,2017-08-21 23:25:00 EDT,42.41846,-78.42320,2042,65.9,68.1,65.9,95.9,64.7,0.000,0.552,0.00,0.000,7.2,8.0,0.4,176,4,7.7,8.5,0.4,181,5,7.2,8.0,0.4,176,4,1,27.96,,0,0,0,66.4,64.2,64.2,0.25,0.20,0.26
DELE,2017-08-21 23:30:00 EDT,42.41846,-78.42320,2042,65.4,67.3,65.4,97.3,64.6,0.000,0.552,0.00,0.000,6.9,7.8,0.4,176,4,7.4,8.6,0.6,181,4,6.9,7.8,0.4,176,4,1,27.96,,0,0,0,66.4,64.2,64.2,0.25,0.20,0.26
DELE,2017-08-21 23:35:00 EDT,42.41846,-78.42320,2042,64.6,66.5,64.6,98.1,64.1,0.000,0.552,0.00,0.000,7.3,8.3,0.5,176,3,7.8,9.1,0.5,180,3,7.3,8.3,0.5,176,3,1,27.96,,0,0,0,66.4,64.2,64.2,0.25,0.20,0.26
DELE,2017-08-21 23:40:00 EDT,42.41846,-78.42320,2042,64.0,65.5,64.0,99.0,63.7,0.000,0.552,0.00,0.000,5.9,8.2,1.0,175,6,6.4,8.8,1.0,181,5,5.9,8.2,1.0,175,6,1,27.96,,0,0,0,66.4,64.2,64.2,0.25,0.21,0.26
DELE,2017-08-21 23:45:00 EDT,42.41846,-78.42320,2042,64.1,65.6,64.1,99.4,63.9,0.000,0.552,0.00,0.000,6.9,8.4,0.6,177,5,7.3,9.0,0.7,182,5,6.9,8.4,0.6,177,5,1,27.96,,0,0,0,66.4,64.2,64.2,0.25,0.20,0.26
DELE,2017-08-21 23:50:00 EDT,42.41846,-78.42320,2042,64.3,65.7,64.3,99.0,64.0,0.000,0.552,0.00,0.000,6.7,8.7,0.8,178,4,7.2,9.0,0.8,185,4,6.7,8.7,0.8,178,4,1,27.96,,0,0,0,66.4,64.2,64.2,0.25,0.20,0.26
DELE,2017-08-21 23:55:00 EDT,42.41846,-78.42320,2042,64.7,65.9,64.7,97.7,64.0,0.000,0.552,0.00,0.000,6.6,8.3,0.7,186,6,7.0,8.8,0.7,192,5,6.6,8.3,0.7,186,6,1,27.96,,0,0,0,66.4,64.2,64.2,0.25,0.20,0.26
DEPO,2017-08-21 00:00:00 EDT,42.06855,-75.39220,1022,60.3,60.6,60.3,98.0,59.8,0.000,0.000,0.00,0.000,0.1,0.7,0.2,213,0,0.2,0.9,0.3,215,6,0.1,0.7,0.2,213,0,0,29.10,,0,0,,70.3,70.6,,0.15,0.26,
DEPO,2017-08-21 00:05:00 EDT,42.06855,-75.39220,1022,60.4,60.4,60.4,98.1,59.9,0.000,0.000,0.00,0.000,0.0,0.0,0.0,0,0,0.2,0.9,0.3,291,8,0.0,0.0,0.0,0,0,0,29.11,,0,0,,70.3,70.6,,0.15,0.26,
DEPO,2017-08-21 00:10:00 EDT,42.06855,-75.39220,1022,60.2,60.4,60.2,98.1,59.7,0.000,0.000,0.00,0.000,0.1,0.7,0.2,213,0,0.2,0.8,0.3,226,4,0.1,0.7,0.2,213,0,0,29.11,,0,0,,70.3,70.7,,0.15,0.26,
DEPO,2017-08-21 00:15:00 EDT,42.06855,-75.39220,1022,60.1,60.4,60.1,98.0,59.5,0.000,0.000,0.00,0.000,0.7,1.1,0.3,213,81,0.9,1.4,0.4,215,4,0.7,1.1,0.3,213,81,0,29.11,,0,0,,70.3,70.6,,0.15,0.26,
DEPO,2017-08-21 00:20:00 EDT,42.06855,-75.39220,1022,60.5,60.6,60.5,98.1,59.9,0.000,0.000,0.00,0.000,0.6,1.2,0.4,213,0,1.0,2.0,0.5,235,23,0.6,1.2,0.4,213,0,0,29.11,,0,0,,70.3,70.6,,0.15,0.26,
DEPO,2017-08-21 00:25:00 EDT,42.06855,-75.39220,1022,60.8,60.8,60.8,98.2,60.3,0.000,0.000,0.00,0.000,0.5,1.4,0.5,309,13,1.0,1.7,0.4,307,18,0.5,1.4,0.5,309,13,0,29.11,,0,0,,70.3,70.6,,0.15,0.26,
DEPO,2017-08-21 00:30:00 EDT,42.06855,-75.39220,1022,60.5,60.5,60.5,98.1,59.9,0.000,0.000,0.00,0.000,0.8,1.4,0.4,24,4,0.9,1.7,0.5,28,9,0.8,1.4,0.4,24,4,0,29.11,,0,0,,70.1,70.5,,0.15,0.26,
DEPO,2017-08-21 00:35:00 EDT,42.06855,-75.39220,1022,60.4,60.5,60.4,98.2,59.9,0.000,0.000,0.00,0.000,0.1,0.9,0.3,23,0,0.3,1.2,0.4,50,12,0.1,0.9,0.3,23,0,0,29.11,,0,0,,70.0,70.5,,0.15,0.26,
DEPO,2017-08-21 00:40:00 EDT,42.06855,-75.39220,1022,60.3,60.6,60.3,98.1,59.8,0.000,0.000,0.00,0.000,0.0,0.0,0.0,0,0,0.0,0.0,0.0,0,0,0.0,0.0,0.0,0,0,0,29.11,,0,0,,70.0,70.5,,0.15,0.26,
DEPO,2017-08-21 00:45:00 EDT,42.06855,-75.39220,1022,60.5,60.6,60.5,98.1,60.0,0.000,0.000,0.00,0.000,0.0,0.0,0.0,0,0,0.0,0.0,0.0,0,0,0.0,0.0,0.0,0,0,0,29.11,,0,0,,70.0,70.5,,0.15,0.25,
DEPO,2017-08-21 00:50:00 EDT,42.06855,-75.39220,1022,60.4,60.6,60.4,98.1,59.9,0.000,0.000,0.00,0.000,0.0,0.0,0.0,0,0,0.0,0.8,0.2,245,0,0.0,0.0,0.0,0,0,0,29.11,,0,0,,70.0,70.4,,0.15,0.25,
DEPO,2017-08-21 00:55:00 EDT,42.06855,-75.39220,1022,60.6,60.5,60.6,98.2,60.0,0.000,0.000,0.00,0.000,0.0,0.0,0.0,0,0,0.0,0.8,0.2,272,1,0.0,0.0,0.0,0,0,0,29.11,,0,0,,70.0,70.5,,0.15,0.25,
DEPO,2017-08-21 01:00:00 EDT,42.06855,-75.39220,1022,60.6,60.5,60.6,98.2,60.1,0.000,0.000,0.00,0.000,0.0,0.0,0.0,0,0,0.2,1.0,0.3,20,14,0.0,0.0,0.0,0,0,0,29.11,,0,0,,70.0,70.4,,0.15,0.26,
DEPO,2017-08-21 01:05:00 EDT,42.06855,-75.39220,1022,60.8,60.5,60.8,98.2,60.3,0.000,0.000,0.00,0.000,0.8,1.8,0.5,32,14,1.1,1.9,0.4,35,20,0.8,1.8,0.5,32,14,0,29.11,,0,0,,70.0,70.4,,0.15,0.26,
DEPO,2017-08-21 01:10:00 EDT,42.06855,-75.39220,1022,60.7,60.4,60.7,98.2,60.2,0.000,0.000,0.00,0.000,0.7,1.2,0.3,8,6,1.0,1.5,0.3,8,11,0.7,1.2,0.3,8,6,0,29.11,,0,0,,70.0,70.4,,0.15,0.26,
DEPO,2017-08-21 01:15:00 EDT,42.06855,-75.39220,1022,60.7,60.4,60.7,98.2,60.2,0.000,0.000,0.00,0.000,0.9,1.2,0.1,358,4,1.2,1.7,0.2,357,14,0.9,1.2,0.1,358,4,0,29.10,,0,0,,70.0,70.3,,0.15,0.25,
DEPO,2017-08-21 01:20:00 EDT,42.06855,-75.39220,1022,60.7,60.5,60.7,98.2,60.1,0.000,0.000,0.00,0.000,0.6,1.1,0.3,317,21,0.8,1.9,0.5,310,17,0.6,1.1,0.3,317,21,0,29.10,,0,0,,70.0,70.3,,0.15,0.25,
DEPO,2017-08-21 01:25:00 EDT,42.06855,-75.39220,1022,60.7,60.5,60.7,98.2,60.2,0.000,0.000,0.00,0.000,0.2,0.7,0.2,294,0,0.2,0.9,0.3,297,6,0.2,0.7,0.2,294,0,0,29.11,,0,0,,70.0,70.3,,0.15,0.25,
DEPO,2017-08-21 01:30:00 EDT,42.06855,-75.39220,1022,60.8,60.5,60.8,98.2,60.3,0.000,0.000,0.00,0.000,0.0,0.0,0.0,0,0,0.0,0.0,0.0,0,0,0.0,0.0,0.0,0,0,0,29.11,,0,0,,70.0,70.3,,0.15,0.26,
DEPO,2017-08-21 01:35:00 EDT,42.06855,-75.39220,1022,60.8,60.6,60.8,98.2,60.3,0.000,0.000,0.00,0.000,0.0,0.0,0.0,0,0,0.0,1.0,0.2,20,4,0.0,0.0,0.0,0,0,0,29.11,,0,0,,69.9,70.3,,0.15,0.25,
DEPO,2017-08-21 01:40:00 EDT,42.06855,-75.39220,1022,60.8,60.7,60.8,98.2,60.3,0.000,0.000,0.00,0.000,0.0,0.0,0.0,0,0,0.0,0.8,0.1,3,5,0.0,0.0,0.0,0,0,0,29.11,,0,0,,69.8,70.3,,0.15,0.25,
DEPO,2017-08-21 01:45:00 EDT,42.06855,-75.39220,1022,60.9,60.7,60.9,98.2,60.4,0.000,0.000,0.00,0.000,0.0,0.0,0.0,0,0,0.0,0.8,0.1,332,0,0.0,0.0,0.0,0,0,0,29.11,,0,0,,69.7,70.3,,0.15,0.25,
DEPO,2017-08-21 01:50:00 EDT,42.06855,-75.39220,1022,61.1,60.8,61.1,98.2,60.6,0.000,0.000,0.00,0.000,0.0,0.0,0.0,0,0,0.1,1.0,0.2,49,6,0.0,0.0,0.0,0,0,0,29.11,,0,0,,69.6,70.3,,0.15,0.25,
DEPO,2017-08-21 01:55:00 EDT,42.06855,-75.39220,1022,61.1,60.9,61.1,98.3,60.6,0.000,0.000,0.00,0.000,0.0,0.0,0.0,0,0,0.3,1.1,0.4,36,12,0.0,0.0,0.0,0,0,0,29.11,,0,0,,69.6,70.3,,0.15,0.25,
DEPO,2017-08-21 02:00:00 EDT,42.06855,-75.39220,1022,61.0,60.8,61.0,98.3,60.5,0.000,0.000,0.00,0.000,0.3,1.8,0.6,15,1,1.3,2.0,0.4,21,8,0.3,1.8,0.6,15,1,0,29.11,,0,0,,69.6,70.3,,0.15,0.25,
DEPO,2017-08-21 02:05:00 EDT,42.06855,-75.39220,1022,60.9,60.6,60.9,98.2,60.4,0.000,0.000,0.00,0.000,1.9,2.5,0.3,17,5,2.0,2.6,0.2,16,7,1.9,2.5,0.3,17,5,0,29.11,,0,0,,69.6,70.3,,0.15,0.25,
DEPO,2017-08-21 02:10:00 EDT,42.06855,-75.39220,1022,60.9,60.5,60.9,98.3,60.4,0.000,0.000,0.00,0.000,1.9,2.3,0.2,27,6,2.0,2.6,0.2,25,8,1.9,2.3,0.2,27,6,0,29.11,,0,0,,69.6,70.3,,0.15,0.25,
DEPO,2017-08-21 02:15:00 EDT,42.06855,-75.39220,1022,60.8,60.5,60.8,98.3,60.3,0.000,0.000,0.00,0.000,2.0,2.3,0.2,14,5,2.2,2.7,0.2,10,6,2.0,2.3,0.2,14,5,0,29.11,,0,0,,69.6,70.3,,0.15,0.25,
DEPO,2017-08-21 02:20:00 EDT,42.06855,-75.39220,1022,60.8,60.5,60.8,98.4,60.4,0.000,0.000,0.00,0.000,1.8,2.2,0.2,14,5,2.0,2.5,0.3,14,8,1.8,2.2,0.2,14,5,0,29.11,,0,0,,69.6,70.3,,0.15,0.25,
DEPO,2017-08-21 02:25:00 EDT,42.06855,-75.39220,1022,60.8,60.6,60.8,98.4,60.4,0.000,0.000,0.00,0.000,1.9,2.5,0.3,18,8,2.0,2.7,0.3,16,8,1.9,2.5,0.3,18,8,0,29.11,,0,0,,69.6,70.3,,0.15,0.25,
DEPO,2017-08-21 02:30:00 EDT,42.06855,-75.39220,1022,60.9,60.6,60.9,98.4,60.4,0.000,0.000,0.00,0.000,1.9,2.3,0.2,9,5,2.1,2.7,0.3,6,6,1.9,2.3,0.2,9,5,0,29.11,,0,0,,69.6,70.3,,0.15,0.25,
DEPO,2017-08-21 02:35:00 EDT,42.06855,-75.39220,1022,60.8,60.6,60.8,98.4,60.4,0.000,0.000,0.00,0.000,1.3,1.9,0.3,9,4,1.6,2.2,0.3,7,8,1.3,1.9,0.3,9,4,0,29.11,,0,0,,69.6,70.3,,0.15,0.25,
DEPO,2017-08-21 02:40:00 EDT,42.06855,-75.39220,1022,60.9,60.6,60.9,98.5,60.4,0.000,0.000,0.00,0.000,1.1,1.5,0.2,13,1,1.3,1.7,0.2,17,10,1.1,1.5,0.2,13,1,0,29.11,,0,0,,69.6,70.3,,0.15,0.25,
DEPO,2017-08-21 02:45:00 EDT,42.06855,-75.39220,1022,60.8,60.6,60.8,98.5,60.4,0.000,0.000,0.00,0.000,1.6,2.6,0.4,21,8,1.8,2.7,0.4,21,10,1.6,2.6,0.4,21,8,0,29.11,,0,0,,69.6,70.3,,0.15,0.25,
DEPO,2017-08-21 02:50:00 EDT,42.06855,-75.39220,1022,60.8,60.6,60.8,98.5,60.4,0.000,0.000,0.00,0.000,1.7,2.3,0.4,9,15,2.0,2.9,0.4,6,14,1.7,2.3,0.4,9,15,0,29.11,,0,0,,69.6,70.3,,0.15,0.25,
DEPO,2017-08-21 02:55:00 EDT,42.06855,-75.39220,1022,60.9,60.7,60.9,98.5,60.4,0.000,0.000,0.00,0.000,1.0,1.8,0.5,359,11,1.3,2.7,0.6,359,14,1.0,1.8,0.5,359,11,0,29.12,,0,0,,69.6,70.3,,0.15,0.25,
DEPO,2017-08-21 03:00:00 EDT,42.06855,-75.39220,1022,61.0,60.7,61.0,98.6,60.5,0.000,0.000,0.00,0.000,1.5,2.2,0.5,360,12,1.8,2.6,0.4,357,14,1.5,2.2,0.5,360,12,0,29.11,,0,0,,69.6,70.3,,0.15,0.25,
DEPO,2017-08-21 03:05:00 EDT,42.06855,-75.39220,1022,60.9,60.6,60.9,98.6,60.5,0.000,0.000,0.00,0.000,1.1,1.9,0.4,8,11,1.4,2.6,0.5,11,16,1.1,1.9,0.4,8,11,0,29.11,,0,0,,69.6,70.3,,0.15,0.25,
DEPO,2017-08-21 03:10:00 EDT,42.06855,-75.39220,1022,60.9,60.6,60.9,98.6,60.5,0.000,0.000,0.00,0.000,1.2,1.6,0.3,14,7,1.4,1.9,0.3,12,9,1.2,1.6,0.3,14,7,0,29.11,,0,0,,69.6,70.3,,0.15,0.25,
DEPO,2017-08-21 03:15:00 EDT,42.06855,-75.39220,1022,61.0,60.7,61.0,98.6,60.6,0.000,0.000,0.00,0.000,0.6,1.2,0.4,354,8,0.9,2.0,0.5,356,15,0.6,1.2,0.4,354,8,0,29.11,,0,0,,69.6,70.3,,0.15,0.25,
DEPO,2017-08-21 03:20:00 EDT,42.06855,-75.39220,1022,60.8,60.5,60.8,98.6,60.4,0.000,0.000,0.00,0.000,1.5,1.9,0.2,359,7,1.9,2.6,0.3,353,8,1.5,1.9,0.2,359,7,0,29.11,,0,0,,69.6,70.3,,0.15,0.25,
DEPO,2017-08-21 03:25:00 EDT,42.06855,-75.39220,1022,60.7,60.5,60.7,98.6,60.3,0.000,0.000,0.00,0.000,1.4,2.0,0.3,357,9,1.7,2.7,0.3,357,10,1.4,2.0,0.3,357,9,0,29.11,,0,0,,69.6,70.3,,0.15,0.25,
DEPO,2017-08-21 03:30:00 EDT,42.06855,-75.39220,1022,60.6,60.3,60.6,98.6,60.2,0.000,0.000,0.00,0.000,1.5,2.2,0.3,345,10,2.0,3.2,0.5,343,11,1.5,2.2,0.3,345,10,0,29.11,,0,0,,69.5,70.3,,0.15,0.25,
DEPO,2017-08-21 03:35:00 EDT,42.06855,-75.39220,1022,60.6,60.3,60.6,98.6,60.2,0.000,0.000,0.00,0.000,2.4,2.9,0.2,342,7,3.1,3.8,0.3,338,8,2.4,2.9,0.2,342,7,0,29.11,,0,0,,69.5,70.3,,0.15,0.25,
DEPO,2017-08-21 03:40:00 EDT,42.06855,-75.39220,1022,60.5,60.2,60.5,98.6,60.1,0.000,0.000,0.00,0.000,2.3,3.1,0.4,3,11,2.8,3.7,0.5,358,9,2.3,3.1,0.4,3,11,0,29.11,,0,0,,69.5,70.3,,0.15,0.25,
DEPO,2017-08-21 03:45:00 EDT,42.06855,-75.39220,1022,60.4,60.2,60.4,98.6,60.1,0.000,0.000,0.00,0.000,2.0,3.1,0.6,4,6,2.4,3.6,0.6,360,7,2.0,3.1,0.6,4,6,0,29.11,,0,0,,69.4,70.3,,0.15,0.25,
DEPO,2017-08-21 03:50:00 EDT,42.06855,-75.39220,1022,60.5,60.3,60.5,98.7,60.1,0.000,0.000,0.00,0.000,1.5,2.0,0.3,1,7,1.9,2.9,0.4,359,9,1.5,2.0,0.3,1,7,0,29.11,,0,0,,69.3,70.3,,0.15,0.25,
DEPO,2017-08-21 03:55:00 EDT,42.06855,-75.39220,1022,60.5,60.2,60.5,98.7,60.1,0.000,0.000,0.00,0.000,2.4,3.0,0.3,351,6,3.1,3.8,0.4,347,6,2.4,3.0,0.3,351,6,0,29.11,,0,0,,69.3,70.3,,0.15,0.25,
DEPO,2017-08-21 04:00:00 EDT,42.06855,-75.39220,1022,60.5,60.2,60.5,98.7,60.1,0.000,0.000,0.00,0.000,2.5,3.1,0.3,342,5,3.2,3.9,0.3,338,6,2.5,3.1,0.3,342,5,0,29.11,,0,0,,69.3,70.3,,0.15,0.25,
DEPO,2017-08-21 04:05:00 EDT,42.06855,-75.39220,1022,60.5,60.2,60.5,98.7,60.1,0.000,0.000,0.00,0.000,2.4,3.0,0.2,346,7,3.1,3.8,0.4,342,9,2.4,3.0,0.2,346,7,0,29.11,,0,0,,69.3,70.3,,0.15,0.25,
DEPO,2017-08-21 04:10:00 EDT,42.06855,-75.39220,1022,60.4,60.2,60.4,98.7,60.1,0.000,0.000,0.00,0.000,2.0,2.7,0.4,356,8,2.6,3.4,0.5,351,8,2.0,2.7,0.4,356,8,0,29.11,,0,0,,69.3,70.3,,0.15,0.25,
DEPO,2017-08-21 04:15:00 EDT,42.06855,-75.39220,1022,60.4,60.2,60.4,98.7,60.1,0.000,0.000,0.00,0.000,1.5,2.0,0.2,345,12,1.9,3.0,0.4,341,13,1.5,2.0,0.2,345,12,0,29.11,,0,0,,69.3,70.3,,0.15,0.25,
DEPO,2017-08-21 04:20:00 EDT,42.06855,-75.39220,1022,60.5,60.3,60.5,98.8,60.2,0.000,0.000,0.00,0.000,1.8,3.0,0.4,341,22,2.2,3.6,0.5,340,22,1.8,3.0,0.4,341,22,0,29.11,,0,0,,69.3,70.3,,0.15,0.25,
DEPO,2017-08-21 04:25:00 EDT,42.06855,-75.39220,1022,60.5,60.3,60.5,98.7,60.1,0.000,0.000,0.00,0.000,1.8,2.3,0.3,300,11,2.0,2.8,0.4,301,11,1.8,2.3,0.3,300,11,0,29.11,,0,0,,69.3,70.2,,0.15,0.25,
DEPO,2017-08-21 04:30:00 EDT,42.06855,-75.39220,1022,60.3,60.2,60.3,98.7,60.0,0.000,0.000,0.00,0.000,2.3,2.9,0.4,297,8,2.5,3.7,0.5,299,9,2.3,2.9,0.4,297,8,0,29.11,,0,0,,69.3,70.2,,0.15,0.25,
DEPO,2017-08-21 04:35:00 EDT,42.06855,-75.39220,1022,60.3,60.1,60.3,98.8,59.9,0.000,0.000,0.00,0.000,1.6,2.7,0.5,292,12,1.8,3.1,0.6,292,13,1.6,2.7,0.5,292,12,0,29.12,,0,0,,69.3,70.2,,0.15,0.25,
DEPO,2017-08-21 04:40:00 EDT,42.06855,-75.39220,1022,60.2,60.0,60.2,98.8,59.9,0.000,0.000,0.00,0.000,1.5,2.2,0.5,302,14,1.7,2.9,0.5,303,14,1.5,2.2,0.5,302,14,0,29.12,,0,0,,69.3,70.1,,0.15,0.25,
DEPO,2017-08-21 04:45:00 EDT,42.06855,-75.39220,1022,60.2,60.0,60.2,98.8,59.8,0.000,0.000,0.00,0.000,2.6,3.7,0.6,284,9,3.0,4.1,0.7,284,10,2.6,3.7,0.6,284,9,0,29.12,,0,0,,69.3,70.0,,0.15,0.25,
DEPO,2017-08-21 04:50:00 EDT,42.06855,-75.39220,1022,60.2,60.0,60.2,98.8,59.9,0.000,0.000,0.00,0.000,1.4,2.2,0.4,268,22,1.7,2.6,0.4,264,23,1.4,2.2,0.4,268,22,0,29.12,,0,0,,69.3,70.0,,0.15,0.25,
DEPO,2017-08-21 04:55:00 EDT,42.06855,-75.39220,1022,60.2,60.0,60.2,98.8,59.9,0.000,0.000,0.00,0.000,1.0,1.5,0.5,221,20,1.2,2.0,0.5,211,20,1.0,1.5,0.5,221,20,0,29.12,,0,0,,69.3,70.0,,0.15,0.25,
DEPO,2017-08-21 05:00:00 EDT,42.06855,-75.39220,1022,60.2,60.0,60.2,98.8,59.9,0.000,0.000,0.00,0.000,0.1,0.7,0.2,135,12,0.8,1.4,0.4,109,38,0.1,0.7,0.2,135,12,0,29.12,,0,0,,69.3,70.0,,0.15,0.25,
DEPO,2017-08-21 05:05:00 EDT,42.06855,-75.39220,1022,60.1,59.9,60.1,98.8,59.8,0.000,0.000,0.00,0.000,0.8,1.6,0.5,285,11,1.2,1.8,0.5,282,15,0.8,1.6,0.5,285,11,0,29.12,,0,0,,69.3,70.0,,0.15,0.25,
DEPO,2017-08-21 05:10:00 EDT,42.06855,-75.39220,1022,60.1,59.9,60.1,98.8,59.7,0.000,0.000,0.00,0.000,1.0,1.6,0.3,281,3,1.3,2.1,0.3,281,14,1.0,1.6,0.3,281,3,0,29.12,,0,0,,69.3,70.0,,0.15,0.25,
DEPO,2017-08-21 05:15:00 EDT,42.06855,-75.39220,1022,60.1,59.8,60.1,98.8,59.7,0.000,0.000,0.00,0.000,1.8,2.6,0.5,308,10,2.0,3.1,0.5,309,9,1.8,2.6,0.5,308,10,0,29.12,,0,0,,69.3,70.0,,0.15,0.25,
DEPO,2017-08-21 05:20:00 EDT,42.06855,-75.39220,1022,60.0,59.8,60.0,98.8,59.6,0.000,0.000,0.00,0.000,0.9,2.0,0.5,310,20,1.1,2.5,0.6,304,23,0.9,2.0,0.5,310,20,0,29.12,,0,0,,69.3,70.0,,0.15,0.25,
DEPO,2017-08-21 05:25:00 EDT,42.06855,-75.39220,1022,60.0,59.7,60.0,98.8,59.6,0.000,0.000,0.00,0.000,1.5,2.4,0.6,312,22,1.9,3.1,0.6,310,24,1.5,2.4,0.6,312,22,0,29.12,,0,0,,69.3,70.0,,0.15,0.25,
DEPO,2017-08-21 05:30:00 EDT,42.06855,-75.39220,1022,60.0,59.8,60.0,98.8,59.6,0.000,0.000,0.00,0.000,0.9,2.0,0.6,344,9,1.2,2.8,0.8,341,12,0.9,2.0,0.6,344,9,0,29.12,,0,0,,69.3,70.0,,0.15,0.25,
DEPO,2017-08-21 05:35:00 EDT,42.06855,-75.39220,1022,59.9,59.7,59.9,98.8,59.6,0.000,0.000,0.00,0.000,0.3,0.9,0.4,282,2,0.8,1.4,0.4,279,12,0.3,0.9,0.4,282,2,0,29.12,,0,0,,69.3,70.0,,0.15,0.25,
DEPO,2017-08-21 05:40:00 EDT,42.06855,-75.39220,1022,59.9,59.7,59.9,98.8,59.6,0.000,0.000,0.00,0.000,1.1,2.3,0.5,276,18,1.5,3.0,0.7,273,14,1.1,2.3,0.5,276,18,0,29.12,,0,0,,69.3,70.0,,0.15,0.25,
DEPO,2017-08-21 05:45:00 EDT,42.06855,-75.39220,1022,59.8,59.6,59.8,98.8,59.5,0.000,0.000,0.00,0.000,1.8,2.6,0.3,288,19,2.0,3.0,0.4,289,20,1.8,2.6,0.3,288,19,0,29.12,,0,0,,69.3,70.0,,0.15,0.25,
DEPO,2017-08-21 05:50:00 EDT,42.06855,-75.39220,1022,59.9,59.7,59.9,98.8,59.5,0.000,0.000,0.00,0.000,1.6,2.6,0.4,298,14,1.9,3.1,0.6,298,14,1.6,2.6,0.4,298,14,0,29.12,,0,0,,69.3,70.0,,0.15,0.25,
DEPO,2017-08-21 05:55:00 EDT,42.06855,-75.39220,1022,59.8,59.6,59.8,98.8,59.5,0.000,0.000,0.00,0.000,1.4,2.7,0.6,292,11,1.7,3.3,0.7,292,12,1.4,2.7,0.6,292,11,0,29.12,,0,0,,69.3,70.0,,0.15,0.25,
DEPO,2017-08-21 06:00:00 EDT,42.06855,-75.39220,1022,59.7,59.5,59.7,98.8,59.4,0.000,0.000,0.00,0.000,1.7,2.3,0.3,282,9,2.1,2.9,0.4,283,11,1.7,2.3,0.3,282,9,0,29.13,,0,0,,69.3,70.0,,0.15,0.25,
DEPO,2017-08-21 06:05:00 EDT,42.06855,-75.39220,1022,59.7,59.5,59.7,98.8,59.3,0.000,0.000,0.00,0.000,1.7,2.6,0.6,313,19,1.9,3.3,0.6,312,19,1.7,2.6,0.6,313,19,0,29.13,,0,0,,69.2,70.0,,0.15,0.25,
DEPO,2017-08-21 06:10:00 EDT,42.06855,-75.39220,1022,59.6,59.4,59.6,98.8,59.3,0.000,0.000,0.00,0.000,2.2,2.9,0.4,270,8,2.7,3.5,0.4,272,8,2.2,2.9,0.4,270,8,1,29.13,,0,0,,69.2,70.0,,0.15,0.25,
DEPO,2017-08-21 06:15:00 EDT,42.06855,-75.39220,1022,59.6,59.4,59.6,98.9,59.2,0.000,0.000,0.00,0.000,2.3,3.1,0.4,257,10,2.6,3.4,0.5,256,12,2.3,3.1,0.4,257,10,1,29.13,,0,0,,69.1,70.0,,0.15,0.25,
DEPO,2017-08-21 06:20:00 EDT,42.06855,-75.39220,1022,59.5,59.3,59.5,98.9,59.2,0.000,0.000,0.00,0.000,2.6,3.7,0.3,260,13,3.0,4.3,0.5,261,14,2.6,3.7,0.3,260,13,1,29.13,,0,0,,69.1,70.0,,0.15,0.25,
DEPO,2017-08-21 06:25:00 EDT,42.06855,-75.39220,1022,59.5,59.3,59.5,98.9,59.2,0.000,0.000,0.00,0.000,1.2,2.4,0.5,272,21,1.4,2.9,0.5,268,26,1.2,2.4,0.5,272,21,2,29.13,,0,0,,69.0,70.0,,0.15,0.25,
DEPO,2017-08-21 06:30:00 EDT,42.06855,-75.39220,1022,59.5,59.2,59.5,98.9,59.2,0.000,0.000,0.00,0.000,1.1,1.7,0.3,281,14,1.4,2.1,0.2,278,13,1.1,1.7,0.3,281,14,4,29.13,,0,0,,69.0,70.0,,0.15,0.25,
DEPO,2017-08-21 06:35:00 EDT,42.06855,-75.39220,1022,59.4,59.2,59.4,98.9,59.1,0.000,0.000,0.00,0.000,1.8,2.4,0.3,272,16,2.1,3.1,0.4,273,17,1.8,2.4,0.3,272,16,5,29.13,,0,0,,68.9,70.0,,0.15,0.25,
DEPO,2017-08-21 06:40:00 EDT,42.06855,-75.39220,1022,59.4,59.2,59.4,98.9,59.1,0.000,0.000,0.00,0.000,1.8,2.6,0.5,250,11,2.0,3.1,0.5,249,14,1.8,2.6,0.5,250,11,6,29.13,,0,0,,68.9,70.0,,0.15,0.25,
DEPO,2017-08-21 06:45:00 EDT,42.06855,-75.39220,1022,59.3,59.1,59.3,98.9,59.0,0.000,0.000,0.00,0.000,1.4,2.2,0.5,281,15,1.7,3.6,0.6,279,16,1.4,2.2,0.5,281,15,8,29.13,,0,0,,68.9,70.0,,0.15,0.25,
DEPO,2017-08-21 06:50:00 EDT,42.06855,-75.39220,1022,59.4,59.1,59.4,98.9,59.1,0.000,0.000,0.00,0.000,0.7,2.1,0.8,278,13,1.0,2.7,0.9,280,18,0.7,2.1,0.8,278,13,12,29.13,,0,0,,68.9,70.0,,0.15,0.25,
DEPO,2017-08-21 06:55:00 EDT,42.06855,-75.39220,1022,59.2,59.0,59.2,98.9,58.9,0.000,0.000,0.00,0.000,1.1,1.8,0.5,271,9,1.4,2.3,0.6,271,11,1.1,1.8,0.5,271,9,16,29.13,,0,0,,68.9,70.0,,0.15,0.25,
DEPO,2017-08-21 07:00:00 EDT,42.06855,-75.39220,1022,59.3,59.0,59.3,98.9,59.0,0.000,0.000,0.00,0.000,1.4,2.0,0.3,262,12,1.7,2.7,0.3,261,14,1.4,2.0,0.3,262,12,21,29.13,,0,0,,68.9,70.0,,0.15,0.25,
DEPO,2017-08-21 07:05:00 EDT,42.06855,-75.39220,1022,59.3,59.1,59.3,98.9,59.0,0.000,0.000,0.00,0.000,1.4,2.2,0.5,271,16,1.8,2.9,0.5,269,19,1.4,2.2,0.5,271,16,25,29.13,,0,0,,68.9,70.0,,0.15,0.25,
DEPO,2017-08-21 07:10:00 EDT,42.06855,-75.39220,1022,59.3,59.0,59.3,98.9,59.0,0.000,0.000,0.00,0.000,2.2,2.8,0.4,295,8,2.5,3.6,0.5,296,9,2.2,2.8,0.4,295,8,30,29.13,,0,0,,68.9,70.0,,0.15,0.25,
DEPO,2017-08-21 07:15:00 EDT,42.06855,-75.39220,1022,59.2,59.0,59.2,98.9,58.9,0.000,0.000,0.00,0.000,2.5,3.8,0.6,280,10,2.9,4.3,0.7,280,11,2.5,3.8,0.6,280,10,35,29.13,,0,0,,68.9,70.0,,0.15,0.25,
DEPO,2017-08-21 07:20:00 EDT,42.06855,-75.39220,1022,59.1,58.9,59.1,98.9,58.8,0.000,0.000,0.00,0.000,2.6,3.9,0.6,267,11,3.0,4.6,0.7,267,12,2.6,3.9,0.6,267,11,41,29.13,,0,0,,68.9,70.0,,0.15,0.25,
DEPO,2017-08-21 07:25:00 EDT,42.06855,-75.39220,1022,59.2,58.9,59.2,98.9,58.9,0.000,0.000,0.00,0.000,1.9,2.8,0.4,295,21,2.2,3.2,0.6,297,21,1.9,2.8,0.4,295,21,49,29.13,,0,0,,68.9,70.0,,0.15,0.25,
DEPO,2017-08-21 07:30:00 EDT,42.06855,-75.39220,1022,59.2,58.9,59.2,98.8,58.8,0.000,0.000,0.00,0.000,2.5,4.3,1.0,297,12,2.8,4.9,1.0,297,14,2.5,4.3,1.0,297,12,41,29.13,,0,0,,68.9,70.0,,0.15,0.25,
DEPO,2017-08-21 07:35:00 EDT,42.06855,-75.39220,1022,58.9,58.7,58.9,98.8,58.6,0.000,0.000,0.00,0.000,2.7,3.8,0.5,293,9,2.9,4.5,0.7,295,9,2.7,3.8,0.5,293,9,38,29.14,,0,0,,68.9,70.0,,0.15,0.25,
DEPO,2017-08-21 07:40:00 EDT,42.06855,-75.39220,1022,59.0,58.7,59.0,98.9,58.7,0.000,0.000,0.00,0.000,1.9,3.1,0.7,290,18,2.2,3.8,0.8,291,18,1.9,3.1,0.7,290,18,26,29.14,,0,0,,68.9,70.0,,0.15,0.25,
DEPO,2017-08-21 07:45:00 EDT,42.06855,-75.39220,1022,58.9,58.7,58.9,98.9,58.6,0.000,0.000,0.00,0.000,2.3,3.5,0.6,291,10,2.6,4.1,0.8,293,10,2.3,3.5,0.6,291,10,26,29.14,,0,0,,68.9,70.0,,0.15,0.25,
DEPO,2017-08-21 07:50:00 EDT,42.06855,-75.39220,1022,59.0,58.7,59.0,98.9,58.7,0.000,0.000,0.00,0.000,1.7,3.4,0.6,290,11,2.0,4.0,0.7,292,14,1.7,3.4,0.6,290,11,61,29.14,,0,0,,68.9,70.0,,0.15,0.25,
DEPO,2017-08-21 07:55:00 EDT,42.06855,-75.39220,1022,59.1,58.7,59.1,98.9,58.8,0.000,0.000,0.00,0.000,2.4,3.2,0.5,287,8,2.7,3.7,0.6,287,9,2.4,3.2,0.5,287,8,70,29.14,,0,0,,68.9,70.0,,0.15,0.25,
DEPO,2017-08-21 08:00:00 EDT,42.06855,-75.39220,1022,59.2,58.8,59.2,98.8,58.9,0.000,0.000,0.00,0.000,1.3,2.3,0.5,300,20,1.5,3.0,0.6,301,24,1.3,2.3,0.5,300,20,75,29.14,,0,0,,68.9,70.0,,0.15,0.25,
DEPO,2017-08-21 08:05:00 EDT,42.06855,-75.39220,1022,59.2,58.8,59.2,98.8,58.8,0.000,0.000,0.00,0.000,1.6,2.8,0.5,263,11,1.9,3.4,0.6,264,14,1.6,2.8,0.5,263,11,83,29.13,,0,0,,68.9,70.0,,0.15,0.25,
DEPO,2017-08-21 08:10:00 EDT,42.06855,-75.39220,1022,59.2,58.8,59.2,98.8,58.8,0.000,0.000,0.00,0.000,1.5,2.4,0.4,274,8,1.9,2.9,0.4,274,10,1.5,2.4,0.4,274,8,91,29.13,,0,0,,68.9,69.9,,0.15,0.25,
DEPO,2017-08-21 08:15:00 EDT,42.06855,-75.39220,1022,59.3,58.9,59.3,98.8,58.9,0.000,0.000,0.00,0.000,0.9,1.8,0.5,260,20,1.2,2.6,0.5,256,25,0.9,1.8,0.5,260,20,105,29.13,,0,0,,68.9,69.9,,0.15,0.25,
DEPO,2017-08-21 08:20:00 EDT,42.06855,-75.39220,1022,59.4,59.0,59.4,98.8,59.1,0.000,0.000,0.00,0.000,0.8,1.7,0.5,283,12,1.1,2.5,0.7,279,16,0.8,1.7,0.5,283,12,110,29.13,,0,0,,68.9,69.9,,0.15,0.25,
DEPO,2017-08-21 08:25:00 EDT,42.06855,-75.39220,1022,59.5,59.1,59.5,98.8,59.1,0.000,0.000,0.00,0.000,1.3,2.3,0.4,288,13,1.6,2.8,0.5,286,15,1.3,2.3,0.4,288,13,115,29.13,,0,0,,68.9,69.9,,0.15,0.25,
DEPO,2017-08-21 08:30:00 EDT,42.06855,-75.39220,1022,59.6,59.2,59.6,98.8,59.3,0.000,0.000,0.00,0.000,0.9,2.0,0.6,324,18,1.2,2.8,0.8,325,21,0.9,2.0,0.6,324,18,118,29.13,,0,0,,68.9,69.7,,0.15,0.25,
DEPO,2017-08-21 08:35:00 EDT,42.06855,-75.39220,1022,59.8,59.3,59.8,98.8,59.4,0.000,0.000,0.00,0.000,0.7,1.4,0.5,17,26,0.8,1.8,0.6,22,26,0.7,1.4,0.5,17,26,116,29.13,,0,0,,68.9,69.7,,0.15,0.25,
DEPO,2017-08-21 08:40:00 EDT,42.06855,-75.39220,1022,60.0,59.4,60.0,98.8,59.7,0.000,0.000,0.00,0.000,0.5,1.6,0.5,332,51,0.9,2.4,0.6,340,57,0.5,1.6,0.5,332,51,132,29.13,,0,0,,68.9,69.7,,0.14,0.25,
DEPO,2017-08-21 08:45:00 EDT,42.06855,-75.39220,1022,59.9,59.5,59.9,98.7,59.5,0.000,0.000,0.00,0.000,1.6,3.4,0.9,321,18,2.1,4.2,0.8,316,23,1.6,3.4,0.9,321,18,119,29.13,,0,0,,68.8,69.7,,0.15,0.25,
DEPO,2017-08-21 08:50:00 EDT,42.06855,-75.39220,1022,59.8,59.3,59.8,98.7,59.4,0.000,0.000,0.00,0.000,2.0,3.3,0.7,299,8,2.1,3.8,0.8,301,9,2.0,3.3,0.7,299,8,121,29.13,,0,0,,68.8,69.6,,0.15,0.25,
DEPO,2017-08-21 08:55:00 EDT,42.06855,-75.39220,1022,59.8,59.5,59.8,98.7,59.4,0.000,0.000,0.00,0.000,0.6,1.5,0.5,284,12,0.8,2.1,0.7,288,22,0.6,1.5,0.5,284,12,143,29.12,,0,0,,68.8,69.6,,0.15,0.25,
DEPO,2017-08-21 09:00:00 EDT,42.06855,-75.39220,1022,59.9,59.6,59.9,98.7,59.6,0.000,0.000,0.00,0.000,0.1,0.9,0.2,325,7,0.2,1.4,0.4,340,29,0.1,0.9,0.2,325,7,168,29.12,,0,0,,68.9,69.6,,0.15,0.25,
DEPO,2017-08-21 09:05:00 EDT,42.06855,-75.39220,1022,60.3,59.8,60.3,98.7,59.9,0.000,0.000,0.00,0.000,0.1,0.9,0.2,320,27,0.4,1.7,0.5,352,35,0.1,0.9,0.2,320,27,176,29.12,,0,0,,68.9,69.6,,0.15,0.25,
DEPO,2017-08-21 09:10:00 EDT,42.06855,-75.39220,1022,60.6,60.1,60.6,98.7,60.3,0.000,0.000,0.00,0.000,1.7,3.1,0.7,340,23,2.0,4.2,0.9,341,20,1.7,3.1,0.7,340,23,184,29.13,,0,0,,68.9,69.6,,0.15,0.25,
DEPO,2017-08-21 09:15:00 EDT,42.06855,-75.39220,1022,60.4,60.1,60.4,98.7,60.0,0.000,0.000,0.00,0.000,0.5,1.5,0.5,53,52,0.9,2.4,0.7,63,52,0.5,1.5,0.5,53,52,146,29.12,,0,0,,68.8,69.6,,0.15,0.25,
DEPO,2017-08-21 09:20:00 EDT,42.06855,-75.39220,1022,60.6,60.1,60.6,98.7,60.2,0.000,0.000,0.00,0.000,0.1,0.8,0.2,181,10,0.2,1.3,0.4,156,21,0.1,0.8,0.2,181,10,179,29.12,,0,0,,68.8,69.6,,0.15,0.25,
DEPO,2017-08-21 09:25:00 EDT,42.06855,-75.39220,1022,61.5,60.9,61.5,98.8,61.2,0.000,0.000,0.00,0.000,0.2,1.2,0.3,17,9,0.6,1.8,0.5,95,42,0.2,1.2,0.3,17,9,246,29.12,,0,0,,68.9,69.6,,0.15,0.25,
DEPO,2017-08-21 09:30:00 EDT,42.06855,-75.39220,1022,61.3,60.6,61.3,98.5,60.9,0.000,0.000,0.00,0.000,0.2,1.1,0.3,37,8,0.5,1.7,0.5,54,28,0.2,1.1,0.3,37,8,263,29.12,,0,0,,68.9,69.6,,0.15,0.25,
DEPO,2017-08-21 09:35:00 EDT,42.06855,-75.39220,1022,61.1,60.5,61.1,98.4,60.7,0.000,0.000,0.00,0.000,1.9,3.4,1.0,18,10,2.1,3.8,1.1,17,12,1.9,3.4,1.0,18,10,295,29.12,,0,0,,68.9,69.6,,0.15,0.25,
DEPO,2017-08-21 09:40:00 EDT,42.06855,-75.39220,1022,61.3,60.8,61.3,98.5,60.9,0.000,0.000,0.00,0.000,2.0,3.3,0.8,16,13,2.4,3.8,0.8,12,14,2.0,3.3,0.8,16,13,326,29.12,,0,0,,68.9,69.6,,0.15,0.25,
DEPO,2017-08-21 09:45:00 EDT,42.06855,-75.39220,1022,61.8,61.2,61.8,98.5,61.4,0.000,0.000,0.00,0.000,1.5,3.1,0.8,5,23,2.0,3.5,0.8,2,29,1.5,3.1,0.8,5,23,298,29.12,,0,0,,68.9,69.6,,0.15,0.25,
DEPO,2017-08-21 09:50:00 EDT,42.06855,-75.39220,1022,62.0,61.3,62.0,98.4,61.6,0.000,0.000,0.00,0.000,1.8,3.2,0.7,22,12,2.1,3.9,0.8,22,14,1.8,3.2,0.7,22,12,317,29.13,,0,0,,68.9,69.6,,0.15,0.25,
DEPO,2017-08-21 09:55:00 EDT,42.06855,-75.39220,1022,62.1,61.4,62.1,98.4,61.6,0.000,0.000,0.00,0.000,0.0,0.5,0.1,119,20,0.4,1.3,0.5,111,36,0.0,0.5,0.1,119,20,295,29.12,,0,0,,68.9,69.6,,0.15,0.25,
DEPO,2017-08-21 10:00:00 EDT,42.06855,-75.39220,1022,62.1,61.6,62.1,98.4,61.6,0.000,0.000,0.00,0.000,0.5,1.3,0.4,173,26,0.9,1.9,0.5,173,34,0.5,1.3,0.4,173,26,285,29.12,,0,0,,68.9,69.6,,0.15,0.25,
DEPO,2017-08-21 10:05:00 EDT,42.06855,-75.39220,1022,62.8,62.1,62.8,98.3,62.3,0.000,0.000,0.00,0.000,0.6,2.0,0.6,278,31,1.0,2.3,0.7,279,40,0.6,2.0,0.6,278,31,469,29.13,,0,0,,68.9,69.6,,0.15,0.25,
DEPO,2017-08-21 10:10:00 EDT,42.06855,-75.39220,1022,63.3,62.5,63.3,98.2,62.8,0.000,0.000,0.00,0.000,2.0,3.7,1.0,38,28,2.0,4.4,1.1,39,23,2.0,3.7,1.0,38,28,520,29.12,,0,0,,68.9,69.6,,0.15,0.25,
DEPO,2017-08-21 10:15:00 EDT,42.06855,-75.39220,1022,64.0,62.9,64.0,97.9,63.4,0.000,0.000,0.00,0.000,1.4,2.7,0.4,78,24,1.8,3.3,0.5,76,25,1.4,2.7,0.4,78,24,564,29.12,,0,0,,68.9,69.6,,0.15,0.25,
DEPO,2017-08-21 10:20:00 EDT,42.06855,-75.39220,1022,64.7,63.3,64.7,97.8,64.1,0.000,0.000,0.00,0.000,0.7,2.5,0.6,56,49,1.1,2.6,0.7,59,52,0.7,2.5,0.6,56,49,614,29.12,,0,0,,68.9,69.6,,0.15,0.25,
DEPO,2017-08-21 10:25:00 EDT,42.06855,-75.39220,1022,64.5,63.7,64.5,97.0,63.7,0.000,0.000,0.00,0.000,0.8,2.4,0.7,6,34,1.0,3.0,0.9,19,41,0.8,2.4,0.7,6,34,463,29.12,,0,0,,68.9,69.6,,0.15,0.25,
DEPO,2017-08-21 10:30:00 EDT,42.06855,-75.39220,1022,65.3,64.0,65.3,96.0,64.1,0.000,0.000,0.00,0.000,2.5,3.6,0.5,20,16,2.7,4.5,0.7,17,16,2.5,3.6,0.5,20,16,540,29.12,,0,0,,68.9,69.6,,0.15,0.25,
DEPO,2017-08-21 10:35:00 EDT,42.06855,-75.39220,1022,65.8,64.5,65.8,93.7,63.9,0.000,0.000,0.00,0.000,1.8,2.7,0.4,31,19,2.1,4.1,0.6,31,19,1.8,2.7,0.4,31,19,653,29.12,,0,0,,68.9,69.6,,0.15,0.25,
DEPO,2017-08-21 10:40:00 EDT,42.06855,-75.39220,1022,66.2,65.0,66.2,91.1,63.5,0.000,0.000,0.00,0.000,0.9,3.1,0.9,34,45,1.3,3.8,1.1,41,49,0.9,3.1,0.9,34,45,717,29.11,,0,0,,68.9,69.6,,0.15,0.25,
DEPO,2017-08-21 10:45:00 EDT,42.06855,-75.39220,1022,67.1,67.2,67.1,88.8,63.7,0.000,0.000,0.00,0.000,0.3,1.5,0.4,88,43,0.8,2.7,0.7,94,46,0.3,1.5,0.4,88,43,707,29.11,,0,0,,69.0,69.6,,0.15,0.25,
DEPO,2017-08-21 10:50:00 EDT,42.06855,-75.39220,1022,69.9,70.0,69.9,86.5,65.7,0.000,0.000,0.00,0.000,2.3,4.0,0.9,6,22,2.9,5.1,1.0,4,23,2.3,4.0,0.9,6,22,679,29.11,,0,0,,69.2,69.6,,0.15,0.25,
DEPO,2017-08-21 10:55:00 EDT,42.06855,-75.39220,1022,72.0,70.1,72.0,81.2,65.9,0.000,0.000,0.00,0.000,2.7,4.2,0.6,37,15,2.8,5.3,0.9,33,14,2.7,4.2,0.6,37,15,663,29.11,,0,0,,69.3,69.6,,0.15,0.25,
DEPO,2017-08-21 11:00:00 EDT,42.06855,-75.39220,1022,73.0,70.9,73.0,81.6,67.1,0.000,0.000,0.00,0.000,2.3,3.2,0.5,13,21,2.7,4.5,0.7,11,22,2.3,3.2,0.5,13,21,670,29.11,,0,0,,69.3,69.6,,0.15,0.25,
DEPO,2017-08-21 11:05:00 EDT,42.06855,-75.39220,1022,73.2,71.9,73.2,81.4,67.1,0.000,0.000,0.00,0.000,2.2,4.2,1.0,15,16,2.7,4.6,0.9,11,18,2.2,4.2,1.0,15,16,580,29.11,,0,0,,69.3,69.6,,0.15,0.25,
DEPO,2017-08-21 11:10:00 EDT,42.06855,-75.39220,1022,73.8,72.2,73.8,78.4,66.7,0.000,0.000,0.00,0.000,2.7,4.0,0.9,27,16,3.1,5.0,1.0,23,16,2.7,4.0,0.9,27,16,763,29.10,,0,0,,69.3,69.6,,0.15,0.25,
DEPO,2017-08-21 11:15:00 EDT,42.06855,-75.39220,1022,74.8,73.2,74.8,77.5,67.3,0.000,0.000,0.00,0.000,2.8,4.5,0.8,18,13,3.1,5.5,0.9,14,13,2.8,4.5,0.8,18,13,787,29.10,,0,0,,69.3,69.6,,0.15,0.25,
DEPO,2017-08-21 11:20:00 EDT,42.06855,-75.39220,1022,76.3,74.7,76.3,75.2,67.8,0.000,0.000,0.00,0.000,1.9,3.5,0.9,13,23,2.3,4.4,0.9,10,23,1.9,3.5,0.9,13,23,713,29.10,,0,0,,69.3,69.6,,0.15,0.25,
DEPO,2017-08-21 11:25:00 EDT,42.06855,-75.39220,1022,76.3,75.6,76.3,72.3,66.7,0.000,0.000,0.00,0.000,1.4,2.6,0.6,252,40,1.8,3.5,0.7,252,43,1.4,2.6,0.6,252,40,646,29.09,,0,0,,69.3,69.6,,0.15,0.25,
DEPO,2017-08-21 11:30:00 EDT,42.06855,-75.39220,1022,77.0,75.8,77.0,74.4,68.2,0.000,0.000,0.00,0.000,2.3,4.6,1.5,327,14,2.7,5.3,1.6,327,19,2.3,4.6,1.5,327,14,648,29.09,,0,0,,69.6,69.6,,0.15,0.25,
DEPO,2017-08-21 11:35:00 EDT,42.06855,-75.39220,1022,78.3,77.5,78.3,70.0,67.7,0.000,0.000,0.00,0.000,2.3,5.5,1.6,156,50,2.8,6.5,1.5,152,54,2.3,5.5,1.6,156,50,700,29.09,,0,0,,69.6,69.6,,0.15,0.25,
DEPO,2017-08-21 11:40:00 EDT,42.06855,-75.39220,1022,78.9,77.9,78.9,66.2,66.6,0.000,0.000,0.00,0.000,3.9,8.8,2.8,156,26,4.5,9.8,2.8,155,28,3.9,8.8,2.8,156,26,649,29.08,,0,0,,69.6,69.6,,0.15,0.25,
DEPO,2017-08-21 11:45:00 EDT,42.06855,-75.39220,1022,79.4,78.3,79.4,62.5,65.4,0.000,0.000,0.00,0.000,4.7,8.3,1.6,151,26,5.3,10.0,1.8,148,26,4.7,8.3,1.6,151,26,669,29.08,,0,0,,69.6,69.6,,0.15,0.25,
DEPO,2017-08-21 11:50:00 EDT,42.06855,-75.39220,1022,79.0,78.3,79.0,61.3,64.5,0.000,0.000,0.00,0.000,5.6,9.1,1.7,213,37,5.9,10.3,1.8,212,38,5.6,9.1,1.7,213,37,614,29.08,,0,0,,69.7,69.6,,0.15,0.25,
DEPO,2017-08-21 11:55:00 EDT,42.06855,-75.39220,1022,79.1,78.4,79.1,61.9,64.9,0.000,0.000,0.00,0.000,2.7,6.7,1.3,179,31,3.2,8.2,1.6,178,31,2.7,6.7,1.3,179,31,641,29.08,,0,0,,70.0,69.6,,0.14,0.25,
DEPO,2017-08-21 12:00:00 EDT,42.06855,-75.39220,1022,79.6,78.9,79.6,62.3,65.6,0.000,0.000,0.00,0.000,2.4,4.9,0.9,194,40,3.0,6.7,1.2,193,40,2.4,4.9,0.9,194,40,680,29.08,,0,0,,70.0,69.6,,0.14,0.25,
DEPO,2017-08-21 12:05:00 EDT,42.06855,-75.39220,1022,79.3,78.7,79.3,59.0,63.8,0.000,0.000,0.00,0.000,6.2,10.5,2.2,220,22,6.9,11.7,2.2,220,22,6.2,10.5,2.2,220,22,741,29.08,,0,0,,70.0,69.6,,0.14,0.25,
DEPO,2017-08-21 12:10:00 EDT,42.06855,-75.39220,1022,79.6,79.0,79.6,60.6,64.7,0.000,0.000,0.00,0.000,4.4,9.3,1.5,238,30,4.8,9.9,1.6,236,31,4.4,9.3,1.5,238,30,657,29.08,,0,0,,70.0,69.6,,0.14,0.25,
DEPO,2017-08-21 12:15:00 EDT,42.06855,-75.39220,1022,79.6,79.0,79.6,60.5,64.7,0.000,0.000,0.00,0.000,5.5,9.1,1.8,255,22,6.4,11.0,1.8,256,22,5.5,9.1,1.8,255,22,750,29.08,,0,0,,70.2,69.6,,0.14,0.25,
DEPO,2017-08-21 12:20:00 EDT,42.06855,-75.39220,1022,79.5,79.0,79.5,60.3,64.6,0.000,0.000,0.00,0.000,2.7,6.4,1.6,228,33,3.2,8.2,1.6,227,40,2.7,6.4,1.6,228,33,634,29.08,,0,0,,70.3,69.6,,0.15,0.25,
DEPO,2017-08-21 12:25:00 EDT,42.06855,-75.39220,1022,80.7,79.7,82.8,60.4,65.7,0.000,0.000,0.00,0.000,3.3,7.3,1.8,160,64,3.9,8.1,1.7,151,64,3.3,7.3,1.8,160,64,747,29.08,,0,0,,70.3,69.6,,0.15,0.25,
DEPO,2017-08-21 12:30:00 EDT,42.06855,-75.39220,1022,80.8,79.8,82.7,59.4,65.3,0.000,0.000,0.00,0.000,2.4,5.6,1.2,171,62,2.9,6.8,1.3,172,60,2.4,5.6,1.2,171,62,826,29.07,,0,0,,70.3,69.6,,0.14,0.25,
DEPO,2017-08-21 12:35:00 EDT,42.06855,-75.39220,1022,81.5,80.3,83.6,59.0,65.8,0.000,0.000,0.00,0.000,2.9,8.3,1.9,184,31,3.7,10.1,1.9,179,35,2.9,8.3,1.9,184,31,853,29.07,,0,0,,70.6,69.6,,0.14,0.25,
DEPO,2017-08-21 12:40:00 EDT,42.06855,-75.39220,1022,81.3,80.3,83.0,56.8,64.5,0.000,0.000,0.00,0.000,4.6,8.8,1.6,265,43,5.4,10.2,1.7,264,42,4.6,8.8,1.6,265,43,758,29.07,,0,0,,70.7,69.6,,0.14,0.25,
DEPO,2017-08-21 12:45:00 EDT,42.06855,-75.39220,1022,80.3,79.7,81.9,57.5,63.9,0.000,0.000,0.00,0.000,4.4,10.7,1.9,270,27,5.1,13.6,2.1,273,27,4.4,10.7,1.9,270,27,751,29.07,,0,0,,70.7,69.6,,0.14,0.25,
DEPO,2017-08-21 12:50:00 EDT,42.06855,-75.39220,1022,79.9,79.4,79.9,58.1,63.8,0.000,0.000,0.00,0.000,3.9,11.9,2.6,276,38,4.7,13.7,3.0,279,39,3.9,11.9,2.6,276,38,500,29.07,,0,0,,70.7,69.6,,0.15,0.25,
DEPO,2017-08-21 12:55:00 EDT,42.06855,-75.39220,1022,79.2,78.7,79.2,59.7,64.0,0.000,0.000,0.00,0.000,2.9,8.3,1.8,242,32,3.5,9.7,1.8,239,36,2.9,8.3,1.8,242,32,259,29.08,,0,0,,70.9,69.6,,0.15,0.25,
DEPO,2017-08-21 13:00:00 EDT,42.06855,-75.39220,1022,78.7,78.5,78.7,62.7,64.9,0.000,0.000,0.00,0.000,2.9,5.3,1.2,157,27,3.4,6.5,1.2,155,31,2.9,5.3,1.2,157,27,234,29.07,,0,0,,71.1,69.5,,0.15,0.25,
DEPO,2017-08-21 13:05:00 EDT,42.06855,-75.39220,1022,78.2,77.9,78.2,67.5,66.5,0.000,0.000,0.00,0.000,1.1,2.6,0.8,240,50,1.6,3.2,0.9,232,50,1.1,2.6,0.8,240,50,256,29.07,,0,0,,71.1,69.6,,0.15,0.25,
DEPO,2017-08-21 13:10:00 EDT,42.06855,-75.39220,1022,78.2,78.0,78.2,64.5,65.3,0.000,0.000,0.00,0.000,2.7,5.4,1.4,222,30,3.2,6.9,1.5,227,29,2.7,5.4,1.4,222,30,303,29.07,,0,0,,71.1,69.5,,0.15,0.25,
DEPO,2017-08-21 13:15:00 EDT,42.06855,-75.39220,1022,78.5,78.1,78.5,63.3,65.0,0.000,0.000,0.00,0.000,3.8,7.7,1.8,197,40,4.5,8.5,1.7,194,40,3.8,7.7,1.8,197,40,276,29.07,,0,0,,71.3,69.6,,0.15,0.25,
DEPO,2017-08-21 13:20:00 EDT,42.06855,-75.39220,1022,78.3,78.1,78.3,63.5,64.9,0.000,0.000,0.00,0.000,3.0,6.8,1.6,165,28,3.6,9.5,2.0,162,27,3.0,6.8,1.6,165,28,302,29.07,,0,0,,71.4,69.6,,0.14,0.25,
DEPO,2017-08-21 13:25:00 EDT,42.06855,-75.39220,1022,78.6,78.2,78.6,64.7,65.7,0.000,0.000,0.00,0.000,4.1,8.8,2.0,164,23,4.9,9.9,2.2,161,23,4.1,8.8,2.0,164,23,287,29.07,,0,0,,71.4,69.6,,0.14,0.25,
DEPO,2017-08-21 13:30:00 EDT,42.06855,-75.39220,1022,78.3,78.0,78.3,64.7,65.4,0.000,0.000,0.00,0.000,4.9,7.7,1.2,155,20,5.4,9.0,1.3,152,20,4.9,7.7,1.2,155,20,249,29.07,,0,0,,71.4,69.6,,0.14,0.25,
DEPO,2017-08-21 13:35:00 EDT,42.06855,-75.39220,1022,78.2,78.0,78.2,66.9,66.3,0.000,0.000,0.00,0.000,3.5,6.4,1.4,151,23,4.0,7.6,1.4,150,24,3.5,6.4,1.4,151,23,271,29.07,,0,0,,71.4,69.6,,0.14,0.25,
DEPO,2017-08-21 13:40:00 EDT,42.06855,-75.39220,1022,77.8,77.7,77.8,70.1,67.3,0.000,0.000,0.00,0.000,1.1,2.4,0.6,192,27,1.5,3.6,0.6,182,25,1.1,2.4,0.6,192,27,302,29.07,,0,0,,71.4,69.6,,0.14,0.25,
DEPO,2017-08-21 13:45:00 EDT,42.06855,-75.39220,1022,78.4,78.2,78.4,70.1,67.9,0.000,0.000,0.00,0.000,2.7,6.4,1.3,140,25,3.1,6.7,1.3,137,25,2.7,6.4,1.3,140,25,321,29.06,,0,0,,71.7,69.6,,0.14,0.25,
DEPO,2017-08-21 13:50:00 EDT,42.06855,-75.39220,1022,78.5,78.2,78.5,66.1,66.3,0.000,0.000,0.00,0.000,4.0,7.6,1.4,167,36,4.7,9.3,1.8,167,35,4.0,7.6,1.4,167,36,228,29.06,,0,0,,71.8,69.6,,0.14,0.25,
DEPO,2017-08-21 13:55:00 EDT,42.06855,-75.39220,1022,78.1,78.0,78.1,66.1,65.9,0.000,0.000,0.00,0.000,2.6,5.1,1.1,185,32,3.1,7.1,1.3,185,31,2.6,5.1,1.1,185,32,203,29.07,,0,0,,71.8,69.6,,0.14,0.25,
DEPO,2017-08-21 14:00:00 EDT,42.06855,-75.39220,1022,78.0,77.8,78.0,67.5,66.3,0.000,0.000,0.00,0.000,2.9,6.3,1.4,177,25,3.6,7.6,1.5,173,24,2.9,6.3,1.4,177,25,175,29.06,,0,0,,71.8,69.6,,0.14,0.25,
DEPO,2017-08-21 14:05:00 EDT,42.06855,-75.39220,1022,77.5,77.5,77.5,68.2,66.2,0.000,0.000,0.00,0.000,3.7,6.6,1.0,167,24,4.1,7.5,1.2,165,23,3.7,6.6,1.0,167,24,160,29.06,,0,0,,71.8,69.6,,0.14,0.25,
DEPO,2017-08-21 14:10:00 EDT,42.06855,-75.39220,1022,76.5,77.2,76.5,75.5,68.2,0.000,0.000,0.00,0.000,2.3,4.1,0.6,160,19,2.6,4.6,0.7,158,23,2.3,4.1,0.6,160,19,142,29.06,,0,0,,71.8,69.6,,0.14,0.25,
DEPO,2017-08-21 14:15:00 EDT,42.06855,-75.39220,1022,75.6,76.7,75.6,77.8,68.1,0.000,0.000,0.00,0.000,2.3,3.9,0.5,177,18,2.7,5.1,0.7,176,20,2.3,3.9,0.5,177,18,104,29.05,,0,0,,71.8,69.6,,0.14,0.25,
DEPO,2017-08-21 14:20:00 EDT,42.06855,-75.39220,1022,74.6,75.2,74.6,82.5,68.9,0.000,0.000,0.00,0.000,0.7,2.0,0.6,169,7,1.0,2.6,0.6,171,17,0.7,2.0,0.6,169,7,178,29.05,,0,0,,71.8,69.6,,0.14,0.25,
DEPO,2017-08-21 14:25:00 EDT,42.06855,-75.39220,1022,74.5,74.1,74.5,84.9,69.6,0.000,0.000,0.00,0.000,0.1,0.9,0.3,190,1,0.4,1.4,0.5,200,8,0.1,0.9,0.3,190,1,204,29.05,,0,0,,71.8,69.6,,0.14,0.25,
DEPO,2017-08-21 14:30:00 EDT,42.06855,-75.39220,1022,74.7,74.4,74.7,84.4,69.6,0.000,0.000,0.00,0.000,0.6,1.9,0.6,202,9,0.9,2.2,0.7,201,14,0.6,1.9,0.6,202,9,218,29.05,,0,0,,71.8,69.6,,0.14,0.25,
DEPO,2017-08-21 14:35:00 EDT,42.06855,-75.39220,1022,74.8,74.5,74.8,84.0,69.6,0.000,0.000,0.00,0.000,0.6,1.8,0.6,212,6,1.1,2.0,0.4,192,16,0.6,1.8,0.6,212,6,179,29.05,,0,0,,72.0,69.6,,0.14,0.25,
DEPO,2017-08-21 14:40:00 EDT,42.06855,-75.39220,1022,74.1,73.9,74.1,86.0,69.6,0.000,0.000,0.00,0.000,0.2,1.2,0.3,195,0,0.5,1.6,0.5,208,12,0.2,1.2,0.3,195,0,99,29.05,,0,0,,72.1,69.6,,0.14,0.25,
DEPO,2017-08-21 14:45:00 EDT,42.06855,-75.39220,1022,73.8,74.3,73.8,87.2,69.8,0.000,0.000,0.00,0.000,0.9,2.0,0.7,145,24,1.5,2.0,0.3,140,15,0.9,2.0,0.7,145,24,159,29.05,,0,0,,72.3,69.6,,0.14,0.25,
DEPO,2017-08-21 14:50:00 EDT,42.06855,-75.39220,1022,74.1,74.3,74.1,88.8,70.6,0.000,0.000,0.00,0.000,0.9,2.0,0.6,145,16,1.1,2.2,0.5,149,21,0.9,2.0,0.6,145,16,185,29.05,,0,0,,72.3,69.6,,0.14,0.25,
DEPO,2017-08-21 14:55:00 EDT,42.06855,-75.39220,1022,73.8,73.7,73.8,88.7,70.3,0.000,0.000,0.00,0.000,0.5,0.9,0.3,189,5,0.9,1.4,0.4,170,13,0.5,0.9,0.3,189,5,132,29.05,,0,0,,72.3,69.6,,0.14,0.25,
DEPO,2017-08-21 15:00:00 EDT,42.06855,-75.39220,1022,73.6,73.4,73.6,87.9,69.8,0.000,0.000,0.00,0.000,0.2,0.8,0.3,180,0,0.6,1.2,0.4,182,16,0.2,0.8,0.3,180,0,240,29.05,,0,0,,72.3,69.6,,0.14,0.25,
DEPO,2017-08-21 15:05:00 EDT,42.06855,-75.39220,1022,74.6,74.0,74.6,86.6,70.3,0.000,0.000,0.00,0.000,0.4,1.7,0.5,202,18,0.7,1.8,0.6,201,22,0.4,1.7,0.5,202,18,305,29.05,,0,0,,72.3,69.6,,0.14,0.25,
DEPO,2017-08-21 15:10:00 EDT,42.06855,-75.39220,1022,75.8,75.0,75.8,82.7,70.2,0.000,0.000,0.00,0.000,0.7,2.7,0.7,82,34,1.0,3.1,0.8,87,42,0.7,2.7,0.7,82,34,326,29.05,,0,0,,72.3,69.6,,0.14,0.25,
DEPO,2017-08-21 15:15:00 EDT,42.06855,-75.39220,1022,76.8,75.9,76.8,81.7,70.7,0.000,0.000,0.00,0.000,0.9,3.3,0.9,105,29,1.3,4.2,1.0,108,35,0.9,3.3,0.9,105,29,360,29.04,,0,0,,72.3,69.6,,0.14,0.25,
DEPO,2017-08-21 15:20:00 EDT,42.06855,-75.39220,1022,77.0,76.5,77.0,79.1,70.1,0.000,0.000,0.00,0.000,0.7,1.5,0.4,158,39,1.1,2.0,0.5,162,41,0.7,1.5,0.4,158,39,400,29.04,,0,0,,72.3,69.6,,0.14,0.25,
DEPO,2017-08-21 15:25:00 EDT,42.06855,-75.39220,1022,78.1,77.2,78.1,78.4,70.8,0.000,0.000,0.00,0.000,0.2,1.0,0.3,177,5,0.6,1.8,0.6,143,34,0.2,1.0,0.3,177,5,432,29.04,,0,0,,72.3,69.6,,0.14,0.25,
DEPO,2017-08-21 15:30:00 EDT,42.06855,-75.39220,1022,78.5,77.6,78.5,78.9,71.4,0.000,0.000,0.00,0.000,0.5,1.5,0.5,191,24,1.0,2.6,0.7,195,31,0.5,1.5,0.5,191,24,456,29.04,,0,0,,72.3,69.6,,0.14,0.25,
DEPO,2017-08-21 15:35:00 EDT,42.06855,-75.39220,1022,79.8,78.8,79.8,68.7,68.6,0.000,0.000,0.00,0.000,1.3,3.0,0.9,123,46,1.9,4.2,0.9,130,52,1.3,3.0,0.9,123,46,488,29.04,,0,0,,72.3,69.6,,0.14,0.25,
DEPO,2017-08-21 15:40:00 EDT,42.06855,-75.39220,1022,80.2,79.3,83.4,70.5,69.8,0.000,0.000,0.24,0.000,1.4,3.4,0.8,213,52,1.8,4.0,0.8,221,53,1.4,3.4,0.8,213,52,512,29.04,,0,0,,72.3,69.6,,0.14,0.25,
DEPO,2017-08-21 15:45:00 EDT,42.06855,-75.39220,1022,80.6,79.8,83.6,68.5,69.2,0.000,0.000,0.00,0.000,1.7,3.8,0.8,168,53,2.2,5.1,0.9,167,53,1.7,3.8,0.8,168,53,534,29.04,,0,0,,72.3,69.6,,0.14,0.25,
DEPO,2017-08-21 15:50:00 EDT,42.06855,-75.39220,1022,81.1,80.2,84.2,67.1,69.1,0.000,0.000,0.00,0.000,2.0,4.7,1.1,205,55,2.6,5.9,1.2,207,58,2.0,4.7,1.1,205,55,549,29.04,,0,0,,72.3,69.6,,0.14,0.25,
DEPO,2017-08-21 15:55:00 EDT,42.06855,-75.39220,1022,82.0,80.9,85.9,67.3,70.1,0.000,0.000,0.00,0.000,0.5,2.8,0.6,129,52,1.4,4.3,0.8,158,71,0.5,2.8,0.6,129,52,553,29.03,,0,0,,72.3,69.6,,0.14,0.25,
DEPO,2017-08-21 16:00:00 EDT,42.06855,-75.39220,1022,81.4,80.8,84.2,64.4,68.2,0.000,0.000,0.00,0.000,3.2,5.9,1.2,158,23,3.6,7.0,1.2,156,25,3.2,5.9,1.2,158,23,552,29.03,,0,0,,72.3,69.6,,0.14,0.25,
DEPO,2017-08-21 16:05:00 EDT,42.06855,-75.39220,1022,81.3,80.7,83.9,62.5,67.3,0.000,0.000,0.00,0.000,2.2,5.3,1.5,245,40,2.8,6.2,1.5,238,42,2.2,5.3,1.5,245,40,537,29.03,,0,0,,72.3,69.6,,0.14,0.25,
DEPO,2017-08-21 16:10:00 EDT,42.06855,-75.39220,1022,81.8,81.2,84.9,64.2,68.5,0.000,0.000,0.00,0.000,3.0,5.3,1.0,178,44,3.4,5.9,1.2,176,44,3.0,5.3,1.0,178,44,521,29.03,,0,0,,72.4,69.6,,0.14,0.25,
DEPO,2017-08-21 16:15:00 EDT,42.06855,-75.39220,1022,81.8,81.1,84.6,63.0,67.9,0.000,0.000,0.00,0.000,4.1,8.5,2.5,173,23,4.9,9.8,2.6,170,25,4.1,8.5,2.5,173,23,514,29.03,,0,0,,72.6,69.6,,0.14,0.25,
DEPO,2017-08-21 16:20:00 EDT,42.06855,-75.39220,1022,81.8,81.3,84.7,63.0,68.0,0.000,0.000,0.00,0.000,4.1,6.9,1.3,167,25,4.7,8.1,1.4,165,24,4.1,6.9,1.3,167,25,505,29.02,,0,0,,72.7,69.6,,0.14,0.25,
DEPO,2017-08-21 16:25:00 EDT,42.06855,-75.39220,1022,82.2,81.4,85.4,63.8,68.7,0.000,0.000,0.00,0.000,2.3,6.1,1.5,139,32,2.7,7.1,1.5,139,37,2.3,6.1,1.5,139,32,453,29.02,,0,0,,72.7,69.6,,0.14,0.25,
DEPO,2017-08-21 16:30:00 EDT,42.06855,-75.39220,1022,81.8,81.1,84.8,63.5,68.2,0.000,0.000,0.00,0.000,2.7,7.5,1.7,204,40,3.5,9.3,1.9,204,40,2.7,7.5,1.7,204,40,478,29.02,,0,0,,72.7,69.6,,0.14,0.25,
DEPO,2017-08-21 16:35:00 EDT,42.06855,-75.39220,1022,82.1,81.5,85.1,62.9,68.2,0.000,0.000,0.00,0.000,4.0,9.1,2.3,156,23,4.4,10.2,2.6,153,26,4.0,9.1,2.3,156,23,428,29.02,,0,0,,72.7,69.6,,0.14,0.25,
DEPO,2017-08-21 16:40:00 EDT,42.06855,-75.39220,1022,81.7,81.3,84.7,63.8,68.2,0.000,0.000,0.00,0.000,4.6,8.5,2.0,202,30,5.3,10.2,2.2,200,29,4.6,8.5,2.0,202,30,450,29.02,,0,0,,72.7,69.6,,0.14,0.25,
DEPO,2017-08-21 16:45:00 EDT,42.06855,-75.39220,1022,81.9,81.4,84.9,63.3,68.2,0.000,0.000,0.00,0.000,3.6,6.9,1.3,188,30,4.1,8.8,1.5,187,31,3.6,6.9,1.3,188,30,437,29.02,,0,0,,72.7,69.6,,0.14,0.25,
DEPO,2017-08-21 16:50:00 EDT,42.06855,-75.39220,1022,82.3,81.7,85.8,64.2,69.0,0.000,0.000,0.00,0.000,3.4,8.0,1.6,178,28,3.9,9.5,1.9,176,26,3.4,8.0,1.6,178,28,416,29.02,,0,0,,72.7,69.6,,0.14,0.25,
DEPO,2017-08-21 16:55:00 EDT,42.06855,-75.39220,1022,82.2,81.6,85.3,63.3,68.5,0.000,0.000,0.00,0.000,3.9,6.7,1.3,179,29,4.4,8.0,1.5,178,28,3.9,6.7,1.3,179,29,421,29.02,,0,0,,73.0,69.6,,0.14,0.25,
DEPO,2017-08-21 17:00:00 EDT,42.06855,-75.39220,1022,82.3,81.7,85.7,64.0,68.9,0.000,0.000,0.00,0.000,2.8,5.9,1.4,173,29,3.2,8.1,1.7,170,30,2.8,5.9,1.4,173,29,406,29.02,,0,0,,73.0,69.7,,0.14,0.25,
DEPO,2017-08-21 17:05:00 EDT,42.06855,-75.39220,1022,82.3,81.9,85.6,63.9,68.8,0.000,0.000,0.00,0.000,1.6,5.8,1.2,161,35,2.2,7.1,1.4,160,36,1.6,5.8,1.2,161,35,369,29.02,,0,0,,73.0,69.7,,0.14,0.25,
DEPO,2017-08-21 17:10:00 EDT,42.06855,-75.39220,1022,81.9,81.6,84.9,63.5,68.3,0.000,0.000,0.00,0.000,4.0,8.0,1.3,193,31,4.7,9.8,1.7,190,31,4.0,8.0,1.3,193,31,305,29.01,,0,0,,73.0,69.8,,0.14,0.25,
DEPO,2017-08-21 17:15:00 EDT,42.06855,-75.39220,1022,81.5,81.4,84.5,64.7,68.5,0.000,0.000,0.00,0.000,4.8,8.2,1.6,167,23,5.4,9.9,1.7,163,23,4.8,8.2,1.6,167,23,271,29.02,,0,0,,73.0,69.9,,0.14,0.25,
DEPO,2017-08-21 17:20:00 EDT,42.06855,-75.39220,1022,81.2,81.2,83.9,63.9,67.8,0.000,0.000,0.00,0.000,5.3,8.6,1.3,166,21,5.8,9.7,1.5,164,20,5.3,8.6,1.3,166,21,93,29.02,,0,0,,73.0,69.9,,0.14,0.25,
DEPO,2017-08-21 17:25:00 EDT,42.06855,-75.39220,1022,79.5,80.0,79.5,67.8,67.9,0.000,0.000,0.00,0.000,3.2,6.1,1.3,170,20,3.6,8.5,1.6,167,19,3.2,6.1,1.3,170,20,45,29.02,,0,0,,73.0,70.0,,0.14,0.25,
DEPO,2017-08-21 17:30:00 EDT,42.06855,-75.39220,1022,76.2,78.5,76.2,78.0,68.8,0.000,0.000,0.00,0.000,1.7,3.1,0.5,180,12,2.0,3.6,0.5,180,14,1.7,3.1,0.5,180,12,45,29.02,,0,0,,73.0,70.0,,0.14,0.25,
DEPO,2017-08-21 17:35:00 EDT,42.06855,-75.39220,1022,75.0,77.4,75.0,84.6,70.0,0.000,0.000,0.00,0.000,2.3,3.5,0.4,167,8,2.6,3.9,0.5,165,10,2.3,3.5,0.4,167,8,59,29.02,,0,0,,73.1,70.0,,0.14,0.25,
DEPO,2017-08-21 17:40:00 EDT,42.06855,-75.39220,1022,74.7,76.9,74.7,87.0,70.5,0.000,0.000,0.00,0.000,2.5,3.5,0.4,161,13,2.7,4.1,0.5,159,14,2.5,3.5,0.4,161,13,55,29.02,,0,0,,73.2,70.0,,0.14,0.25,
DEPO,2017-08-21 17:45:00 EDT,42.06855,-75.39220,1022,75.2,77.5,75.2,84.4,70.2,0.000,0.000,0.00,0.000,3.1,4.6,0.7,151,11,3.3,4.9,0.8,147,12,3.1,4.6,0.7,151,11,53,29.01,,0,0,,73.4,70.0,,0.14,0.25,
DEPO,2017-08-21 17:50:00 EDT,42.06855,-75.39220,1022,74.1,76.4,74.1,86.7,69.9,0.000,0.000,0.00,0.000,2.4,3.4,0.3,162,7,2.6,3.9,0.4,159,8,2.4,3.4,0.3,162,7,65,29.01,,0,0,,73.4,70.0,,0.14,0.25,
DEPO,2017-08-21 17:55:00 EDT,42.06855,-75.39220,1022,73.7,74.9,73.7,89.4,70.4,0.000,0.000,0.00,0.000,2.5,2.8,0.2,175,4,2.8,3.3,0.2,173,6,2.5,2.8,0.2,175,4,70,29.01,,0,0,,73.4,70.0,,0.14,0.25,
DEPO,2017-08-21 18:00:00 EDT,42.06855,-75.39220,1022,73.6,74.7,73.6,90.5,70.7,0.000,0.000,0.00,0.000,2.2,3.1,0.5,166,5,2.5,3.9,0.6,164,7,2.2,3.1,0.5,166,5,61,29.01,,0,0,,73.4,70.0,,0.14,0.25,
DEPO,2017-08-21 18:05:00 EDT,42.06855,-75.39220,1022,73.4,74.3,73.4,91.0,70.6,0.000,0.000,0.00,0.000,1.6,2.3,0.5,163,7,1.8,2.8,0.5,161,11,1.6,2.3,0.5,163,7,58,29.01,,0,0,,73.4,70.0,,0.14,0.25,
DEPO,2017-08-21 18:10:00 EDT,42.06855,-75.39220,1022,73.2,74.0,73.2,91.2,70.4,0.000,0.000,0.00,0.000,0.7,1.4,0.4,170,0,1.2,1.8,0.3,181,16,0.7,1.4,0.4,170,0,57,29.01,,0,0,,73.4,70.0,,0.14,0.25,
DEPO,2017-08-21 18:15:00 EDT,42.06855,-75.39220,1022,73.1,73.6,73.1,91.5,70.5,0.000,0.000,0.00,0.000,0.0,0.0,0.0,0,0,0.1,0.9,0.3,209,20,0.0,0.0,0.0,0,0,50,29.01,,0,0,,73.4,70.0,,0.14,0.25,
DEPO,2017-08-21 18:20:00 EDT,42.06855,-75.39220,1022,73.0,73.6,73.0,91.2,70.3,0.000,0.000,0.00,0.000,0.0,0.0,0.0,0,0,0.3,1.0,0.4,285,4,0.0,0.0,0.0,0,0,42,29.01,,0,0,,73.4,70.0,,0.14,0.25,
DEPO,2017-08-21 18:25:00 EDT,42.06855,-75.39220,1022,72.8,73.6,72.8,91.6,70.2,0.000,0.000,0.00,0.000,0.0,0.5,0.1,170,81,0.4,1.3,0.5,193,8,0.0,0.5,0.1,170,81,35,29.01,,0,0,,73.4,70.0,,0.14,0.25,
DEPO,2017-08-21 18:30:00 EDT,42.06855,-75.39220,1022,72.4,73.4,72.4,92.1,69.9,0.000,0.000,0.00,0.000,0.8,1.2,0.3,170,0,1.2,1.5,0.1,186,10,0.8,1.2,0.3,170,0,30,29.01,,0,0,,73.4,70.0,,0.14,0.25,
DEPO,2017-08-21 18:35:00 EDT,42.06855,-75.39220,1022,72.3,73.4,72.3,92.4,70.0,0.000,0.000,0.00,0.000,1.0,1.3,0.2,170,0,1.3,1.7,0.2,181,9,1.0,1.3,0.2,170,0,23,29.01,,0,0,,73.4,70.0,,0.14,0.25,
DEPO,2017-08-21 18:40:00 EDT,42.06855,-75.39220,1022,72.2,72.9,72.2,93.0,70.1,0.000,0.000,0.00,0.000,0.6,1.2,0.5,170,81,0.8,1.6,0.6,183,9,0.6,1.2,0.5,170,81,18,29.01,,0,0,,73.4,70.0,,0.14,0.25,
DEPO,2017-08-21 18:45:00 EDT,42.06855,-75.39220,1022,72.0,72.4,72.0,93.2,70.0,0.000,0.000,0.00,0.000,0.0,0.0,0.0,0,0,0.6,1.1,0.4,273,16,0.0,0.0,0.0,0,0,15,29.01,,0,0,,73.4,70.0,,0.14,0.25,
DEPO,2017-08-21 18:50:00 EDT,42.06855,-75.39220,1022,71.8,72.6,71.8,93.4,69.8,0.000,0.000,0.00,0.000,0.0,0.0,0.0,0,0,0.4,1.2,0.5,273,4,0.0,0.0,0.0,0,0,14,29.01,,0,0,,73.4,70.0,,0.14,0.25,
DEPO,2017-08-21 18:55:00 EDT,42.06855,-75.39220,1022,71.9,72.4,71.9,93.5,69.9,0.000,0.000,0.00,0.000,0.9,2.5,0.8,177,4,1.2,2.8,0.9,176,11,0.9,2.5,0.8,177,4,15,29.01,,0,0,,73.4,70.0,,0.14,0.25,
DEPO,2017-08-21 19:00:00 EDT,42.06855,-75.39220,1022,71.7,72.8,71.7,93.3,69.7,0.000,0.000,0.00,0.000,1.1,2.2,0.7,201,11,1.4,2.5,0.7,198,10,1.1,2.2,0.7,201,11,20,29.01,,0,0,,73.4,70.0,,0.14,0.25,
DEPO,2017-08-21 19:05:00 EDT,42.06855,-75.39220,1022,71.4,72.4,71.4,93.5,69.4,0.000,0.000,0.00,0.000,1.2,2.1,0.4,178,28,1.5,2.2,0.3,169,26,1.2,2.1,0.4,178,28,22,29.01,,0,0,,73.4,70.0,,0.14,0.25,
DEPO,2017-08-21 19:10:00 EDT,42.06855,-75.39220,1022,71.6,72.4,71.6,93.8,69.7,0.000,0.000,0.00,0.000,1.0,1.7,0.2,167,8,1.4,1.8,0.2,168,13,1.0,1.7,0.2,167,8,23,29.01,,0,0,,73.2,70.0,,0.14,0.25,
DEPO,2017-08-21 19:15:00 EDT,42.06855,-75.39220,1022,71.5,72.1,71.5,93.7,69.6,0.000,0.000,0.00,0.000,0.2,0.7,0.2,176,0,0.5,1.4,0.5,205,6,0.2,0.7,0.2,176,0,23,29.01,,0,0,,73.2,70.0,,0.14,0.25,
DEPO,2017-08-21 19:20:00 EDT,42.06855,-75.39220,1022,71.3,71.8,71.3,93.6,69.4,0.000,0.000,0.00,0.000,0.3,1.3,0.4,246,0,0.4,1.5,0.5,242,5,0.3,1.3,0.4,246,0,27,29.02,,0,0,,73.0,70.0,,0.14,0.25,
DEPO,2017-08-21 19:25:00 EDT,42.06855,-75.39220,1022,71.5,72.0,71.5,94.1,69.7,0.000,0.000,0.00,0.000,0.0,0.0,0.0,0,0,0.1,0.8,0.2,260,1,0.0,0.0,0.0,0,0,34,29.02,,0,0,,73.0,70.0,,0.14,0.25,
DEPO,2017-08-21 19:30:00 EDT,42.06855,-75.39220,1022,71.6,72.2,71.6,94.0,69.8,0.000,0.000,0.00,0.000,0.3,1.3,0.5,245,0,0.6,2.1,0.7,213,5,0.3,1.3,0.5,245,0,54,29.02,,0,0,,73.0,70.0,,0.14,0.25,
DEPO,2017-08-21 19:35:00 EDT,42.06855,-75.39220,1022,71.4,72.3,71.4,93.6,69.4,0.000,0.000,0.00,0.000,1.6,2.5,0.5,254,13,1.9,2.9,0.4,242,25,1.6,2.5,0.5,254,13,54,29.02,,0,0,,73.0,70.0,,0.14,0.25,
DEPO,2017-08-21 19:40:00 EDT,42.06855,-75.39220,1022,71.8,72.7,71.8,94.4,70.1,0.000,0.000,0.00,0.000,2.7,4.7,0.9,321,12,3.1,5.4,1.0,319,13,2.7,4.7,0.9,321,12,41,29.02,,0,0,,73.0,70.1,,0.14,0.25,
DEPO,2017-08-21 19:45:00 EDT,42.06855,-75.39220,1022,71.9,72.5,71.9,93.6,70.0,0.000,0.000,0.00,0.000,1.7,2.8,0.5,207,56,2.1,3.5,0.5,205,54,1.7,2.8,0.5,207,56,31,29.02,,0,0,,73.0,70.2,,0.14,0.25,
DEPO,2017-08-21 19:50:00 EDT,42.06855,-75.39220,1022,71.3,72.4,71.3,93.7,69.4,0.000,0.000,0.00,0.000,1.3,2.3,0.8,233,12,1.4,2.6,0.8,227,12,1.3,2.3,0.8,233,12,25,29.02,,0,0,,73.0,70.2,,0.14,0.25,
DEPO,2017-08-21 19:55:00 EDT,42.06855,-75.39220,1022,71.2,71.9,71.2,93.9,69.4,0.000,0.000,0.00,0.000,0.9,2.7,0.9,12,36,1.1,3.0,0.8,4,50,0.9,2.7,0.9,12,36,11,29.02,,0,0,,73.0,70.3,,0.14,0.25,
DEPO,2017-08-21 20:00:00 EDT,42.06855,-75.39220,1022,70.8,71.4,70.8,94.1,69.0,0.000,0.000,0.00,0.000,1.2,2.6,0.7,128,67,1.5,3.1,0.5,133,63,1.2,2.6,0.7,128,67,2,29.02,,0,0,,73.0,70.3,,0.14,0.25,
DEPO,2017-08-21 20:05:00 EDT,42.06855,-75.39220,1022,70.7,71.6,70.7,94.7,69.1,0.000,0.000,0.00,0.000,1.1,1.7,0.3,222,14,1.3,1.9,0.3,216,13,1.1,1.7,0.3,222,14,1,29.02,,0,0,,73.0,70.3,,0.14,0.25,
DEPO,2017-08-21 20:10:00 EDT,42.06855,-75.39220,1022,70.9,71.7,70.9,95.2,69.5,0.000,0.000,0.00,0.000,1.5,2.0,0.3,210,13,1.8,2.4,0.3,206,13,1.5,2.0,0.3,210,13,0,29.02,,0,0,,73.0,70.3,,0.14,0.25,
DEPO,2017-08-21 20:15:00 EDT,42.06855,-75.39220,1022,70.7,71.5,70.7,95.1,69.2,0.000,0.000,0.00,0.000,1.9,2.6,0.5,185,5,2.2,3.0,0.5,186,6,1.9,2.6,0.5,185,5,0,29.02,,0,0,,73.0,70.3,,0.14,0.25,
DEPO,2017-08-21 20:20:00 EDT,42.06855,-75.39220,1022,70.4,71.1,70.4,95.5,69.1,0.000,0.000,0.00,0.000,0.9,1.4,0.4,157,31,1.3,1.8,0.3,145,23,0.9,1.4,0.4,157,31,0,29.01,,0,0,,73.0,70.3,,0.14,0.25,
DEPO,2017-08-21 20:25:00 EDT,42.06855,-75.39220,1022,70.2,70.7,70.2,95.6,68.9,0.000,0.000,0.00,0.000,0.4,1.3,0.5,170,4,0.7,2.0,0.6,146,23,0.4,1.3,0.5,170,4,0,29.02,,0,0,,73.0,70.3,,0.14,0.25,
DEPO,2017-08-21 20:30:00 EDT,42.06855,-75.39220,1022,70.0,70.7,70.0,95.7,68.7,0.000,0.000,0.00,0.000,0.0,0.0,0.0,0,0,0.4,0.9,0.4,147,20,0.0,0.0,0.0,0,0,0,29.01,,0,0,,73.0,70.3,,0.14,0.25,
DEPO,2017-08-21 20:35:00 EDT,42.06855,-75.39220,1022,69.5,70.4,69.5,95.7,68.3,0.000,0.000,0.00,0.000,0.2,0.7,0.2,168,0,0.6,1.3,0.5,196,13,0.2,0.7,0.2,168,0,0,29.01,,0,0,,72.8,70.3,,0.14,0.25,
DEPO,2017-08-21 20:40:00 EDT,42.06855,-75.39220,1022,69.0,70.0,69.0,95.8,67.8,0.000,0.000,0.00,0.000,0.5,1.2,0.4,168,0,1.1,1.9,0.5,191,11,0.5,1.2,0.4,168,0,0,29.01,,0,0,,72.7,70.3,,0.14,0.25,
DEPO,2017-08-21 20:45:00 EDT,42.06855,-75.39220,1022,68.8,69.7,68.8,96.1,67.7,0.000,0.000,0.00,0.000,1.2,2.0,0.7,260,3,1.7,2.3,0.4,254,6,1.2,2.0,0.7,260,3,0,29.01,,0,0,,72.7,70.3,,0.14,0.25,
DEPO,2017-08-21 20:50:00 EDT,42.06855,-75.39220,1022,68.6,69.4,68.6,96.3,67.5,0.000,0.000,0.00,0.000,0.8,1.6,0.5,237,5,1.1,1.8,0.3,217,17,0.8,1.6,0.5,237,5,0,29.01,,0,0,,72.7,70.3,,0.14,0.25,
DEPO,2017-08-21 20:55:00 EDT,42.06855,-75.39220,1022,68.6,69.0,68.6,96.4,67.6,0.000,0.000,0.00,0.000,0.4,0.9,0.3,235,0,0.6,1.2,0.4,211,9,0.4,0.9,0.3,235,0,0,29.01,,0,0,,72.7,70.3,,0.14,0.25,
DEPO,2017-08-21 21:00:00 EDT,42.06855,-75.39220,1022,68.7,69.1,68.7,96.6,67.7,0.000,0.000,0.00,0.000,0.2,0.7,0.2,235,0,0.5,1.2,0.4,212,16,0.2,0.7,0.2,235,0,0,29.02,,0,0,,72.7,70.3,,0.14,0.25,
DEPO,2017-08-21 21:05:00 EDT,42.06855,-75.39220,1022,68.4,69.0,68.4,96.7,67.4,0.000,0.000,0.00,0.000,0.9,1.5,0.2,234,0,1.4,1.7,0.1,209,6,0.9,1.5,0.2,234,0,0,29.02,,0,0,,72.7,70.3,,0.14,0.25,
DEPO,2017-08-21 21:10:00 EDT,42.06855,-75.39220,1022,68.0,68.7,68.0,96.8,67.0,0.000,0.000,0.00,0.000,1.5,2.2,0.3,221,7,1.7,2.4,0.3,218,4,1.5,2.2,0.3,221,7,0,29.02,,0,0,,72.7,70.3,,0.14,0.25,
DEPO,2017-08-21 21:15:00 EDT,42.06855,-75.39220,1022,68.0,68.5,68.0,97.0,67.1,0.000,0.000,0.00,0.000,1.3,2.2,0.6,219,1,1.5,2.2,0.5,210,8,1.3,2.2,0.6,219,1,0,29.02,,0,0,,72.7,70.3,,0.14,0.25,
DEPO,2017-08-21 21:20:00 EDT,42.06855,-75.39220,1022,67.9,68.3,67.9,97.0,67.0,0.000,0.000,0.00,0.000,0.1,0.7,0.2,218,0,0.3,1.2,0.4,229,8,0.1,0.7,0.2,218,0,0,29.02,,0,0,,72.7,70.3,,0.14,0.25,
DEPO,2017-08-21 21:25:00 EDT,42.06855,-75.39220,1022,67.7,68.2,67.7,97.0,66.8,0.000,0.000,0.00,0.000,0.8,1.6,0.5,218,0,1.3,1.7,0.2,240,18,0.8,1.6,0.5,218,0,0,29.02,,0,0,,72.6,70.3,,0.14,0.25,
DEPO,2017-08-21 21:30:00 EDT,42.06855,-75.39220,1022,67.4,68.0,67.4,97.0,66.5,0.000,0.000,0.00,0.000,1.9,2.3,0.3,209,7,2.2,2.8,0.3,208,8,1.9,2.3,0.3,209,7,0,29.02,,0,0,,72.5,70.3,,0.14,0.25,
DEPO,2017-08-21 21:35:00 EDT,42.06855,-75.39220,1022,67.4,67.9,67.4,97.1,66.5,0.000,0.000,0.00,0.000,1.2,1.9,0.6,209,3,1.4,2.2,0.7,210,4,1.2,1.9,0.6,209,3,0,29.02,,0,0,,72.3,70.3,,0.14,0.25,
DEPO,2017-08-21 21:40:00 EDT,42.06855,-75.39220,1022,67.2,67.7,67.2,97.1,66.3,0.000,0.000,0.00,0.000,0.0,0.0,0.0,0,0,0.2,0.8,0.3,178,8,0.0,0.0,0.0,0,0,0,29.02,,0,0,,72.3,70.3,,0.14,0.25,
DEPO,2017-08-21 21:45:00 EDT,42.06855,-75.39220,1022,67.0,67.3,67.0,97.2,66.2,0.000,0.000,0.00,0.000,0.0,0.0,0.0,0,0,0.1,0.8,0.2,236,9,0.0,0.0,0.0,0,0,0,29.02,,0,0,,72.3,70.3,,0.14,0.25,
DEPO,2017-08-21 21:50:00 EDT,42.06855,-75.39220,1022,66.5,67.1,66.5,97.0,65.6,0.000,0.000,0.00,0.000,0.7,1.3,0.4,208,0,1.1,1.6,0.2,221,13,0.7,1.3,0.4,208,0,0,29.03,,0,0,,72.3,70.3,,0.14,0.25,
DEPO,2017-08-21 21:55:00 EDT,42.06855,-75.39220,1022,66.4,67.1,66.4,97.2,65.6,0.000,0.000,0.00,0.000,0.9,1.2,0.4,207,0,1.1,1.7,0.5,196,4,0.9,1.2,0.4,207,0,0,29.03,,0,0,,72.3,70.3,,0.14,0.25,
DEPO,2017-08-21 22:00:00 EDT,42.06855,-75.39220,1022,66.7,67.2,66.7,97.5,66.0,0.000,0.000,0.00,0.000,0.1,0.7,0.2,207,0,0.6,1.3,0.5,176,9,0.1,0.7,0.2,207,0,0,29.03,,0,0,,72.3,70.3,,0.14,0.25,
DEPO,2017-08-21 22:05:00 EDT,42.06855,-75.39220,1022,66.5,67.2,66.5,97.3,65.7,0.000,0.000,0.00,0.000,1.5,2.0,0.3,206,3,1.8,2.4,0.3,206,10,1.5,2.0,0.3,206,3,0,29.03,,0,0,,72.3,70.3,,0.14,0.25,
DEPO,2017-08-21 22:10:00 EDT,42.06855,-75.39220,1022,66.6,67.3,66.6,97.4,65.8,0.000,0.000,0.00,0.000,1.2,1.8,0.3,221,8,1.4,2.0,0.3,217,9,1.2,1.8,0.3,221,8,0,29.03,,0,0,,72.3,70.3,,0.14,0.25,
DEPO,2017-08-21 22:15:00 EDT,42.06855,-75.39220,1022,66.5,67.4,66.5,97.6,65.8,0.000,0.000,0.00,0.000,0.5,1.4,0.5,218,2,0.7,1.7,0.7,213,15,0.5,1.4,0.5,218,2,0,29.02,,0,0,,72.1,70.3,,0.14,0.25,
DEPO,2017-08-21 22:20:00 EDT,42.06855,-75.39220,1022,66.0,67.1,66.0,97.3,65.2,0.000,0.000,0.00,0.000,0.5,1.2,0.3,226,1,0.9,1.5,0.4,237,21,0.5,1.2,0.3,226,1,0,29.02,,0,0,,71.8,70.4,,0.14,0.25,
DEPO,2017-08-21 22:25:00 EDT,42.06855,-75.39220,1022,66.3,66.8,66.3,97.6,65.6,0.000,0.000,0.00,0.000,0.5,1.0,0.4,227,0,0.9,1.3,0.2,257,31,0.5,1.0,0.4,227,0,0,29.02,,0,0,,71.8,70.3,,0.14,0.25,
DEPO,2017-08-21 22:30:00 EDT,42.06855,-75.39220,1022,66.0,66.6,66.0,97.6,65.3,0.000,0.000,0.00,0.000,0.0,0.0,0.0,0,0,0.2,1.0,0.4,259,19,0.0,0.0,0.0,0,0,0,29.02,,0,0,,71.8,70.4,,0.14,0.25,
DEPO,2017-08-21 22:35:00 EDT,42.06855,-75.39220,1022,65.9,66.4,65.9,97.6,65.2,0.000,0.000,0.00,0.000,0.1,0.5,0.1,227,0,1.0,1.5,0.2,161,19,0.1,0.5,0.1,227,0,0,29.02,,0,0,,71.8,70.4,,0.14,0.25,
DEPO,2017-08-21 22:40:00 EDT,42.06855,-75.39220,1022,65.9,66.6,65.9,97.8,65.2,0.000,0.000,0.00,0.000,0.0,0.0,0.0,0,0,1.1,1.7,0.3,142,9,0.0,0.0,0.0,0,0,0,29.02,,0,0,,71.8,70.4,,0.14,0.25,
DEPO,2017-08-21 22:45:00 EDT,42.06855,-75.39220,1022,65.4,66.3,65.4,97.5,64.6,0.000,0.000,0.00,0.000,0.1,0.6,0.2,227,0,0.2,0.8,0.3,236,8,0.1,0.6,0.2,227,0,0,29.03,,0,0,,71.8,70.5,,0.14,0.25,
DEPO,2017-08-21 22:50:00 EDT,42.06855,-75.39220,1022,65.2,66.2,65.2,97.5,64.5,0.000,0.000,0.00,0.000,0.3,0.9,0.3,227,0,0.5,1.3,0.5,231,6,0.3,0.9,0.3,227,0,0,29.03,,0,0,,71.8,70.5,,0.14,0.25,
DEPO,2017-08-21 22:55:00 EDT,42.06855,-75.39220,1022,65.5,66.0,65.5,97.8,64.9,0.000,0.000,0.00,0.000,0.2,0.9,0.3,227,0,0.5,1.2,0.5,267,40,0.2,0.9,0.3,227,0,0,29.02,,0,0,,71.7,70.4,,0.14,0.25,
DEPO,2017-08-21 23:00:00 EDT,42.06855,-75.39220,1022,65.1,66.1,65.1,97.7,64.5,0.000,0.000,0.00,0.000,0.7,1.2,0.4,348,29,1.2,1.6,0.4,359,17,0.7,1.2,0.4,348,29,0,29.02,,0,0,,71.5,70.5,,0.14,0.25,
DEPO,2017-08-21 23:05:00 EDT,42.06855,-75.39220,1022,64.4,65.9,64.4,97.6,63.7,0.000,0.000,0.00,0.000,0.0,0.0,0.0,0,0,0.2,1.1,0.3,173,19,0.0,0.0,0.0,0,0,0,29.02,,0,0,,71.4,70.5,,0.14,0.25,
DEPO,2017-08-21 23:10:00 EDT,42.06855,-75.39220,1022,64.5,65.6,64.5,97.6,63.8,0.000,0.000,0.00,0.000,0.2,0.6,0.2,2,0,1.2,1.5,0.1,292,29,0.2,0.6,0.2,2,0,0,29.02,,0,0,,71.4,70.5,,0.14,0.25,
DEPO,2017-08-21 23:15:00 EDT,42.06855,-75.39220,1022,64.7,65.8,64.7,97.8,64.0,0.000,0.000,0.00,0.000,0.0,0.0,0.0,0,0,0.3,0.9,0.4,295,9,0.0,0.0,0.0,0,0,0,29.02,,0,0,,71.4,70.5,,0.14,0.25,
DEPO,2017-08-21 23:20:00 EDT,42.06855,-75.39220,1022,65.0,65.5,65.0,97.9,64.3,0.000,0.000,0.00,0.000,0.0,0.0,0.0,0,0,0.8,1.5,0.4,257,14,0.0,0.0,0.0,0,0,0,29.02,,0,0,,71.4,70.5,,0.14,0.25,
DEPO,2017-08-21 23:25:00 EDT,42.06855,-75.39220,1022,65.1,65.5,65.1,98.0,64.5,0.000,0.000,0.00,0.000,0.1,0.7,0.2,2,0,0.9,1.5,0.4,295,22,0.1,0.7,0.2,2,0,0,29.02,,0,0,,71.4,70.5,,0.14,0.25,
DEPO,2017-08-21 23:30:00 EDT,42.06855,-75.39220,1022,65.2,65.5,65.2,98.1,64.7,0.000,0.000,0.00,0.000,0.1,0.7,0.2,2,0,0.9,1.6,0.5,304,10,0.1,0.7,0.2,2,0,0,29.02,,0,0,,71.4,70.6,,0.14,0.25,
DEPO,2017-08-21 23:35:00 EDT,42.06855,-75.39220,1022,65.4,65.6,65.4,98.1,64.9,0.000,0.000,0.00,0.000,0.0,0.3,0.0,2,0,0.6,1.2,0.4,289,23,0.0,0.3,0.0,2,0,0,29.02,,0,0,,71.4,70.6,,0.14,0.25,
DEPO,2017-08-21 23:40:00 EDT,42.06855,-75.39220,1022,65.4,65.6,65.4,98.1,64.8,0.000,0.000,0.00,0.000,0.0,0.0,0.0,0,0,0.1,0.9,0.2,289,1,0.0,0.0,0.0,0,0,0,29.02,,0,0,,71.4,70.6,,0.14,0.25,
DEPO,2017-08-21 23:45:00 EDT,42.06855,-75.39220,1022,65.3,65.5,65.3,98.1,64.8,0.000,0.000,0.00,0.000,0.0,0.0,0.0,0,0,0.2,1.2,0.4,247,15,0.0,0.0,0.0,0,0,0,29.02,,0,0,,71.4,70.7,,0.14,0.25,
DEPO,2017-08-21 23:50:00 EDT,42.06855,-75.39220,1022,65.4,65.5,65.4,98.1,64.9,0.000,0.000,0.00,0.000,0.0,0.0,0.0,0,0,0.2,1.2,0.4,153,28,0.0,0.0,0.0,0,0,0,29.02,,0,0,,71.2,70.6,,0.14,0.25,
DEPO,2017-08-21 23:55:00 EDT,42.06855,-75.39220,1022,65.3,65.6,65.3,98.1,64.8,0.000,0.000,0.00,0.000,0.0,0.0,0.0,0,0,0.5,1.2,0.4,226,7,0.0,0.0,0.0,0,0,0,29.01,,0,0,,71.1,70.6,,0.14,0.25,
DOVE,2017-08-21 00:00:00 EDT,41.77367,-73.57542,423,57.1,58.8,57.1,98.5,56.7,0.000,0.000,0.00,0.000,0.0,0.0,0.0,0,0,0.3,1.2,0.4,227,16,0.0,0.0,0.0,0,0,0,29.71,,0,0,0,72.3,73.0,70.8,0.17,0.17,0.10
DOVE,2017-08-21 00:05:00 EDT,41.77367,-73.57542,423,56.7,58.4,56.7,98.4,56.3,0.000,0.000,0.00,0.000,0.9,1.3,0.4,170,11,1.5,1.8,0.1,170,16,0.9,1.3,0.4,170,11,0,29.71,,0,0,0,72.3,73.0,70.9,0.17,0.17,0.10
DOVE,2017-08-21 00:10:00 EDT,41.77367,-73.57542,423,56.5,58.1,56.5,98.4,56.0,0.000,0.000,0.00,0.000,0.1,0.9,0.3,155,0,0.4,1.2,0.5,156,5,0.1,0.9,0.3,155,0,0,29.72,,0,0,0,72.3,73.0,70.9,0.17,0.17,0.10
DOVE,2017-08-21 00:15:00 EDT,41.77367,-73.57542,423,57.6,58.2,57.6,98.6,57.2,0.000,0.000,0.00,0.000,0.1,0.7,0.2,156,0,0.1,1.1,0.3,319,3,0.1,0.7,0.2,156,0,0,29.72,,0,0,0,72.3,73.0,70.9,0.17,0.17,0.10
DOVE,2017-08-21 00:20:00 EDT,41.77367,-73.57542,423,57.8,58.8,57.8,98.7,57.5,0.000,0.000,0.00,0.000,1.0,1.8,0.4,312,25,1.3,2.4,0.4,318,15,1.0,1.8,0.4,312,25,0,29.72,,0,0,0,71.9,73.0,70.9,0.17,0.17,0.10
DOVE,2017-08-21 00:25:00 EDT,41.77367,-73.57542,423,57.5,59.2,57.5,98.6,57.1,0.000,0.000,0.00,0.000,0.6,1.4,0.4,280,16,1.1,1.7,0.3,281,25,0.6,1.4,0.4,280,16,0,29.72,,0,0,0,71.8,73.0,70.9,0.17,0.17,0.10
DOVE,2017-08-21 00:30:00 EDT,41.77367,-73.57542,423,56.2,58.5,56.2,98.3,55.7,0.000,0.000,0.00,0.000,0.5,0.9,0.3,191,25,1.1,1.5,0.1,171,31,0.5,0.9,0.3,191,25,0,29.72,,0,0,0,71.8,73.0,71.0,0.17,0.17,0.10
DOVE,2017-08-21 00:35:00 EDT,41.77367,-73.57542,423,56.1,58.1,56.1,98.3,55.6,0.000,0.000,0.00,0.000,0.2,0.9,0.3,65,12,0.8,1.3,0.5,48,19,0.2,0.9,0.3,65,12,0,29.72,,0,0,0,71.8,73.0,70.9,0.17,0.17,0.10
DOVE,2017-08-21 00:40:00 EDT,41.77367,-73.57542,423,56.2,58.1,56.2,98.5,55.8,0.000,0.000,0.00,0.000,0.0,0.5,0.1,55,0,0.6,1.2,0.4,85,9,0.0,0.5,0.1,55,0,0,29.72,,0,0,0,71.8,73.0,70.9,0.17,0.17,0.10
DOVE,2017-08-21 00:45:00 EDT,41.77367,-73.57542,423,55.6,58.1,55.6,98.5,55.1,0.000,0.000,0.00,0.000,0.6,0.9,0.2,55,0,1.1,1.3,0.1,50,18,0.6,0.9,0.2,55,0,0,29.72,,0,0,0,71.5,73.0,70.9,0.17,0.17,0.10
DOVE,2017-08-21 00:50:00 EDT,41.77367,-73.57542,423,57.1,58.3,57.1,98.7,56.8,0.000,0.000,0.00,0.000,0.7,1.4,0.4,310,17,1.0,1.5,0.4,318,19,0.7,1.4,0.4,310,17,0,29.72,,0,0,0,71.4,73.0,70.9,0.17,0.17,0.10
DOVE,2017-08-21 00:55:00 EDT,41.77367,-73.57542,423,56.7,58.2,56.7,98.7,56.3,0.000,0.000,0.00,0.000,0.0,0.0,0.0,0,0,0.2,1.1,0.4,44,34,0.0,0.0,0.0,0,0,0,29.72,,0,0,0,71.4,73.0,70.9,0.17,0.17,0.10
DOVE,2017-08-21 01:00:00 EDT,41.77367,-73.57542,423,56.7,58.0,56.7,98.6,56.3,0.000,0.000,0.00,0.000,1.3,1.8,0.4,182,7,1.8,2.2,0.3,187,9,1.3,1.8,0.4,182,7,0,29.72,,0,0,0,71.4,73.0,70.9,0.17,0.17,0.10
DOVE,2017-08-21 01:05:00 EDT,41.77367,-73.57542,423,55.9,57.6,55.9,98.5,55.5,0.000,0.000,0.00,0.000,0.7,1.5,0.5,175,3,1.3,1.8,0.3,161,21,0.7,1.5,0.5,175,3,0,29.72,,0,0,0,71.4,73.0,70.9,0.17,0.17,0.10
DOVE,2017-08-21 01:10:00 EDT,41.77367,-73.57542,423,56.2,57.6,56.2,98.6,55.8,0.000,0.000,0.00,0.000,0.6,1.5,0.6,51,5,1.0,1.8,0.6,58,11,0.6,1.5,0.6,51,5,0,29.72,,0,0,0,71.4,73.0,71.0,0.17,0.17,0.10
DOVE,2017-08-21 01:15:00 EDT,41.77367,-73.57542,423,56.7,57.7,56.7,98.7,56.3,0.000,0.000,0.00,0.000,0.0,0.0,0.0,0,0,0.0,0.0,0.0,0,0,0.0,0.0,0.0,0,0,0,29.72,,0,0,0,71.4,73.0,71.0,0.17,0.17,0.10
DOVE,2017-08-21 01:20:00 EDT,41.77367,-73.57542,423,56.6,57.6,56.6,98.7,56.3,0.000,0.000,0.00,0.000,0.0,0.0,0.0,0,0,0.0,0.0,0.0,0,0,0.0,0.0,0.0,0,0,0,29.72,,0,0,0,71.4,73.0,71.0,0.17,0.17,0.10
DOVE,2017-08-21 01:25:00 EDT,41.77367,-73.57542,423,56.4,57.8,56.4,98.7,56.0,0.000,0.000,0.00,0.000,0.0,0.0,0.0,0,0,0.0,0.7,0.1,295,1,0.0,0.0,0.0,0,0,0,29.72,,0,0,0,71.2,72.9,70.9,0.17,0.17,0.10
DOVE,2017-08-21 01:30:00 EDT,41.77367,-73.57542,423,56.1,57.6,56.1,98.7,55.7,0.000,0.000,0.00,0.000,0.0,0.0,0.0,0,0,0.0,0.0,0.0,0,0,0.0,0.0,0.0,0,0,0,29.72,,0,0,0,71.1,73.0,71.0,0.17,0.17,0.10
DOVE,2017-08-21 01:35:00 EDT,41.77367,-73.57542,423,55.1,57.4,55.1,98.6,54.7,0.000,0.000,0.00,0.000,0.0,0.0,0.0,0,0,0.1,0.8,0.2,71,1,0.0,0.0,0.0,0,0,0,29.72,,0,0,0,71.1,72.9,70.9,0.17,0.17,0.10
DOVE,2017-08-21 01:40:00 EDT,41.77367,-73.57542,423,55.8,57.2,55.8,98.6,55.4,0.000,0.000,0.00,0.000,0.0,0.0,0.0,0,0,0.0,0.0,0.0,0,0,0.0,0.0,0.0,0,0,0,29.72,,0,0,0,71.1,72.8,70.9,0.17,0.17,0.10
DOVE,2017-08-21 01:45:00 EDT,41.77367,-73.57542,423,56.4,57.4,56.4,98.8,56.1,0.000,0.000,0.00,0.000,0.3,1.3,0.5,318,1,0.9,1.5,0.5,333,10,0.3,1.3,0.5,318,1,0,29.72,,0,0,0,71.1,72.8,70.9,0.17,0.17,0.10
DOVE,2017-08-21 01:50:00 EDT,41.77367,-73.57542,423,56.2,57.6,56.2,98.8,55.8,0.000,0.000,0.00,0.000,0.2,0.9,0.3,319,0,0.7,1.7,0.6,196,51,0.2,0.9,0.3,319,0,0,29.72,,0,0,0,71.1,72.8,71.0,0.17,0.17,0.10
DOVE,2017-08-21 01:55:00 EDT,41.77367,-73.57542,423,55.7,57.4,55.7,98.7,55.3,0.000,0.000,0.00,0.000,0.0,0.4,0.0,319,0,0.3,1.6,0.5,208,33,0.0,0.4,0.0,319,0,0,29.72,,0,0,0,70.9,72.7,71.0,0.17,0.17,0.10
DOVE,2017-08-21 02:00:00 EDT,41.77367,-73.57542,423,55.3,57.0,55.3,98.7,55.0,0.000,0.000,0.00,0.000,0.8,1.8,0.6,76,41,1.3,2.4,0.7,112,28,0.8,1.8,0.6,76,41,0,29.72,,0,0,0,70.7,72.7,70.9,0.17,0.17,0.10
DOVE,2017-08-21 02:05:00 EDT,41.77367,-73.57542,423,54.6,57.0,54.6,98.6,54.3,0.000,0.000,0.00,0.000,0.9,1.6,0.3,86,16,1.4,2.6,0.3,89,15,0.9,1.6,0.3,86,16,0,29.73,,0,0,0,70.7,72.7,71.0,0.17,0.17,0.10
DOVE,2017-08-21 02:10:00 EDT,41.77367,-73.57542,423,55.8,57.3,55.8,98.8,55.4,0.000,0.000,0.00,0.000,0.1,0.7,0.2,11,10,0.5,1.6,0.5,1,19,0.1,0.7,0.2,11,10,0,29.72,,0,0,0,70.7,72.7,71.0,0.17,0.17,0.10
DOVE,2017-08-21 02:15:00 EDT,41.77367,-73.57542,423,56.3,57.1,56.3,98.9,56.1,0.000,0.000,0.00,0.000,0.6,1.4,0.5,208,3,0.9,1.7,0.6,217,5,0.6,1.4,0.5,208,3,0,29.72,,0,0,0,70.7,72.7,71.0,0.17,0.17,0.10
DOVE,2017-08-21 02:20:00 EDT,41.77367,-73.57542,423,55.2,57.2,55.2,98.7,54.9,0.000,0.000,0.00,0.000,0.0,0.4,0.1,214,0,0.3,1.1,0.4,201,4,0.0,0.4,0.1,214,0,0,29.72,,0,0,0,70.7,72.7,71.0,0.17,0.17,0.10
DOVE,2017-08-21 02:25:00 EDT,41.77367,-73.57542,423,55.8,57.1,55.8,98.9,55.5,0.000,0.000,0.00,0.000,0.3,1.2,0.4,346,1,0.7,1.7,0.6,353,13,0.3,1.2,0.4,346,1,0,29.72,,0,0,0,70.7,72.7,71.0,0.17,0.17,0.10
DOVE,2017-08-21 02:30:00 EDT,41.77367,-73.57542,423,55.9,57.3,55.9,98.9,55.6,0.000,0.000,0.00,0.000,0.0,0.0,0.0,0,0,0.0,0.8,0.1,260,3,0.0,0.0,0.0,0,0,0,29.72,,0,0,0,70.7,72.7,71.0,0.17,0.17,0.10
DOVE,2017-08-21 02:35:00 EDT,41.77367,-73.57542,423,55.1,57.0,55.1,98.8,54.7,0.000,0.000,0.00,0.000,0.0,0.0,0.0,0,0,0.1,1.0,0.3,142,2,0.0,0.0,0.0,0,0,0,29.72,,0,0,0,70.6,72.7,71.0,0.17,0.17,0.10
DOVE,2017-08-21 02:40:00 EDT,41.77367,-73.57542,423,54.1,56.7,54.1,98.6,53.8,0.000,0.000,0.00,0.000,0.0,0.0,0.0,0,0,1.2,2.3,0.2,108,21,0.0,0.0,0.0,0,0,0,29.72,,0,0,0,70.4,72.7,71.0,0.17,0.17,0.10
DOVE,2017-08-21 02:45:00 EDT,41.77367,-73.57542,423,54.5,56.5,54.5,98.7,54.2,0.000,0.000,0.00,0.000,0.1,0.9,0.3,64,0,1.1,2.6,0.5,56,15,0.1,0.9,0.3,64,0,0,29.72,,0,0,0,70.3,72.7,71.0,0.17,0.17,0.10
DOVE,2017-08-21 02:50:00 EDT,41.77367,-73.57542,423,55.5,56.7,55.5,98.9,55.2,0.000,0.000,0.00,0.000,0.0,0.0,0.0,0,0,0.1,1.1,0.2,345,2,0.0,0.0,0.0,0,0,0,29.72,,0,0,0,70.3,72.7,71.1,0.17,0.17,0.10
DOVE,2017-08-21 02:55:00 EDT,41.77367,-73.57542,423,55.3,56.7,55.3,98.9,55.0,0.000,0.000,0.00,0.000,0.0,0.0,0.0,0,0,0.0,0.0,0.0,0,0,0.0,0.0,0.0,0,0,0,29.72,,0,0,0,70.3,72.7,71.0,0.17,0.17,0.10
DOVE,2017-08-21 03:00:00 EDT,41.77367,-73.57542,423,54.8,56.6,54.8,98.8,54.5,0.000,0.000,0.00,0.000,0.2,0.8,0.3,64,0,0.7,1.2,0.4,46,5,0.2,0.8,0.3,64,0,0,29.72,,0,0,0,70.3,72.7,71.0,0.17,0.17,0.10
DOVE,2017-08-21 03:05:00 EDT,41.77367,-73.57542,423,54.7,56.6,54.7,98.8,54.4,0.000,0.000,0.00,0.000,0.2,0.7,0.3,65,0,0.6,1.2,0.5,53,9,0.2,0.7,0.3,65,0,0,29.72,,0,0,0,70.3,72.7,71.0,0.17,0.17,0.10
DOVE,2017-08-21 03:10:00 EDT,41.77367,-73.57542,423,55.3,56.4,55.3,98.9,55.0,0.000,0.000,0.00,0.000,0.0,0.0,0.0,0,0,0.0,0.7,0.1,233,0,0.0,0.0,0.0,0,0,0,29.72,,0,0,0,70.2,72.7,71.0,0.17,0.17,0.10
DOVE,2017-08-21 03:15:00 EDT,41.77367,-73.57542,423,55.6,56.6,55.6,98.9,55.4,0.000,0.000,0.00,0.000,0.0,0.0,0.0,0,0,0.1,0.9,0.3,147,4,0.0,0.0,0.0,0,0,0,29.72,,0,0,0,70.0,72.7,71.0,0.17,0.17,0.10
DOVE,2017-08-21 03:20:00 EDT,41.77367,-73.57542,423,54.9,56.5,54.9,98.8,54.6,0.000,0.000,0.00,0.000,0.0,0.0,0.0,0,0,0.4,1.3,0.5,74,8,0.0,0.0,0.0,0,0,0,29.72,,0,0,0,70.0,72.7,71.0,0.17,0.17,0.10
DOVE,2017-08-21 03:25:00 EDT,41.77367,-73.57542,423,55.3,56.5,55.3,98.9,55.0,0.000,0.000,0.00,0.000,0.0,0.0,0.0,0,0,0.0,0.0,0.0,0,0,0.0,0.0,0.0,0,0,0,29.72,,0,0,0,70.0,72.7,71.0,0.17,0.17,0.10
DOVE,2017-08-21 03:30:00 EDT,41.77367,-73.57542,423,54.7,56.6,54.7,98.9,54.3,0.000,0.000,0.00,0.000,0.0,0.6,0.1,65,0,0.3,1.4,0.4,64,5,0.0,0.6,0.1,65,0,0,29.72,,0,0,0,70.0,72.7,71.0,0.17,0.17,0.10
DOVE,2017-08-21 03:35:00 EDT,41.77367,-73.57542,423,54.7,56.6,54.7,98.8,54.4,0.000,0.000,0.00,0.000,0.4,1.1,0.3,65,0,0.9,1.8,0.4,64,10,0.4,1.1,0.3,65,0,0,29.72,,0,0,0,70.0,72.7,71.0,0.17,0.17,0.10
DOVE,2017-08-21 03:40:00 EDT,41.77367,-73.57542,423,55.2,56.8,55.2,98.9,54.9,0.000,0.000,0.00,0.000,0.3,1.0,0.3,1,34,0.9,1.6,0.4,360,26,0.3,1.0,0.3,1,34,0,29.72,,0,0,0,70.0,72.7,71.0,0.17,0.17,0.10
DOVE,2017-08-21 03:45:00 EDT,41.77367,-73.57542,423,55.7,56.8,55.7,99.0,55.4,0.000,0.000,0.00,0.000,0.0,0.3,0.0,327,0,0.3,1.3,0.5,281,8,0.0,0.3,0.0,327,0,0,29.72,,0,0,0,70.0,72.7,71.0,0.17,0.17,0.10
DOVE,2017-08-21 03:50:00 EDT,41.77367,-73.57542,423,55.5,57.0,55.5,98.9,55.2,0.000,0.000,0.00,0.000,0.2,1.2,0.4,250,0,0.7,1.7,0.5,295,35,0.2,1.2,0.4,250,0,0,29.72,,0,0,0,70.0,72.7,71.0,0.17,0.17,0.10
DOVE,2017-08-21 03:55:00 EDT,41.77367,-73.57542,423,55.4,57.0,55.4,98.9,55.1,0.000,0.000,0.00,0.000,0.0,0.0,0.0,0,0,0.1,0.9,0.3,344,7,0.0,0.0,0.0,0,0,0,29.72,,0,0,0,69.9,72.7,71.0,0.17,0.17,0.10
DOVE,2017-08-21 04:00:00 EDT,41.77367,-73.57542,423,55.3,56.9,55.3,98.9,55.0,0.000,0.000,0.00,0.000,0.0,0.0,0.0,0,0,0.8,1.3,0.3,357,29,0.0,0.0,0.0,0,0,0,29.72,,0,0,0,69.6,72.7,71.0,0.17,0.17,0.10
DOVE,2017-08-21 04:05:00 EDT,41.77367,-73.57542,423,55.6,57.1,55.6,98.9,55.3,0.000,0.000,0.00,0.000,0.1,0.8,0.2,291,0,0.6,1.4,0.5,334,34,0.1,0.8,0.2,291,0,0,29.72,,0,0,0,69.6,72.6,71.0,0.17,0.17,0.10
DOVE,2017-08-21 04:10:00 EDT,41.77367,-73.57542,423,55.3,57.4,55.3,98.9,55.0,0.000,0.000,0.00,0.000,0.0,0.0,0.0,0,0,0.2,1.0,0.3,343,18,0.0,0.0,0.0,0,0,0,29.73,,0,0,0,69.6,72.6,71.0,0.17,0.17,0.10
DOVE,2017-08-21 04:15:00 EDT,41.77367,-73.57542,423,55.2,57.2,55.2,98.9,54.9,0.000,0.000,0.00,0.000,0.0,0.0,0.0,0,0,0.1,0.9,0.2,26,3,0.0,0.0,0.0,0,0,0,29.73,,0,0,0,69.6,72.6,71.0,0.17,0.17,0.10
DOVE,2017-08-21 04:20:00 EDT,41.77367,-73.57542,423,55.5,57.2,55.5,99.0,55.2,0.000,0.000,0.00,0.000,0.0,0.0,0.0,0,0,0.3,1.1,0.4,46,15,0.0,0.0,0.0,0,0,0,29.73,,0,0,0,69.6,72.5,71.0,0.17,0.17,0.10
DOVE,2017-08-21 04:25:00 EDT,41.77367,-73.57542,423,55.4,57.2,55.4,98.9,55.1,0.000,0.000,0.00,0.000,0.0,0.0,0.0,0,0,0.6,1.5,0.5,351,15,0.0,0.0,0.0,0,0,0,29.73,,0,0,0,69.6,72.4,71.0,0.17,0.17,0.10
DOVE,2017-08-21 04:30:00 EDT,41.77367,-73.57542,423,55.7,57.2,55.7,99.0,55.5,0.000,0.000,0.00,0.000,0.0,0.0,0.0,0,0,0.8,1.6,0.5,12,12,0.0,0.0,0.0,0,0,0,29.72,,0,0,0,69.6,72.3,71.1,0.17,0.17,0.10
DOVE,2017-08-21 04:35:00 EDT,41.77367,-73.57542,423,56.3,57.3,56.3,99.1,56.1,0.000,0.000,0.00,0.000,0.0,0.0,0.0,0,0,0.3,1.1,0.4,307,15,0.0,0.0,0.0,0,0,0,29.73,,0,0,0,69.6,72.3,71.0,0.17,0.17,0.10
DOVE,2017-08-21 04:40:00 EDT,41.77367,-73.57542,423,55.0,57.1,55.0,98.9,54.7,0.000,0.000,0.00,0.000,0.0,0.0,0.0,0,0,0.2,0.9,0.3,63,4,0.0,0.0,0.0,0,0,0,29.72,,0,0,0,69.6,72.3,71.0,0.17,0.17,0.10
DOVE,2017-08-21 04:45:00 EDT,41.77367,-73.57542,423,55.5,57.0,55.5,98.9,55.2,0.000,0.000,0.00,0.000,0.0,0.0,0.0,0,0,0.3,1.3,0.4,36,8,0.0,0.0,0.0,0,0,0,29.73,,0,0,0,69.3,72.3,71.0,0.17,0.17,0.10
DOVE,2017-08-21 04:50:00 EDT,41.77367,-73.57542,423,56.0,56.9,56.0,99.0,55.7,0.000,0.000,0.00,0.000,0.0,0.0,0.0,0,0,0.3,1.4,0.5,34,8,0.0,0.0,0.0,0,0,0,29.73,,0,0,0,69.3,72.3,71.0,0.17,0.17,0.10
DOVE,2017-08-21 04:55:00 EDT,41.77367,-73.57542,423,56.0,56.8,56.0,99.0,55.7,0.000,0.000,0.00,0.000,0.0,0.0,0.0,0,0,0.0,0.0,0.0,0,0,0.0,0.0,0.0,0,0,0,29.73,,0,0,0,69.3,72.3,71.0,0.17,0.17,0.10
DOVE,2017-08-21 05:00:00 EDT,41.77367,-73.57542,423,56.0,57.0,56.0,99.0,55.7,0.000,0.000,0.00,0.000,0.0,0.0,0.0,0,0,0.1,0.9,0.2,241,3,0.0,0.0,0.0,0,0,0,29.73,,0,0,0,69.3,72.3,71.1,0.17,0.17,0.10
DOVE,2017-08-21 05:05:00 EDT,41.77367,-73.57542,423,56.1,56.8,56.1,99.0,55.8,0.000,0.000,0.00,0.000,1.5,2.6,0.7,250,4,2.0,3.1,0.6,255,6,1.5,2.6,0.7,250,4,0,29.73,,0,0,0,69.3,72.3,71.0,0.17,0.17,0.10
DOVE,2017-08-21 05:10:00 EDT,41.77367,-73.57542,423,56.2,57.0,56.2,99.0,55.9,0.000,0.000,0.00,0.000,2.0,2.7,0.3,269,12,2.4,3.1,0.4,278,13,2.0,2.7,0.3,269,12,0,29.73,,0,0,0,69.3,72.3,71.0,0.17,0.17,0.10
DOVE,2017-08-21 05:15:00 EDT,41.77367,-73.57542,423,56.0,57.3,56.0,99.0,55.7,0.000,0.000,0.00,0.000,0.9,1.6,0.5,323,50,1.3,1.9,0.4,341,50,0.9,1.6,0.5,323,50,0,29.73,,0,0,0,69.3,72.3,71.0,0.17,0.17,0.10
DOVE,2017-08-21 05:20:00 EDT,41.77367,-73.57542,423,54.7,56.7,54.7,98.8,54.4,0.000,0.000,0.00,0.000,0.8,1.3,0.3,65,0,1.3,2.9,0.4,64,8,0.8,1.3,0.3,65,0,0,29.73,,0,0,0,69.3,72.3,71.0,0.17,0.17,0.10
DOVE,2017-08-21 05:25:00 EDT,41.77367,-73.57542,423,55.1,56.4,55.1,98.9,54.8,0.000,0.000,0.00,0.000,0.3,1.5,0.5,154,1,0.9,1.7,0.5,127,25,0.3,1.5,0.5,154,1,0,29.73,,0,0,0,69.3,72.3,71.0,0.17,0.17,0.10
DOVE,2017-08-21 05:30:00 EDT,41.77367,-73.57542,423,54.8,56.0,54.8,98.9,54.5,0.000,0.000,0.00,0.000,0.7,1.5,0.6,155,1,1.1,2.1,0.8,151,19,0.7,1.5,0.6,155,1,0,29.73,,0,0,0,69.3,72.3,71.0,0.17,0.17,0.10
DOVE,2017-08-21 05:35:00 EDT,41.77367,-73.57542,423,55.2,56.1,55.2,99.0,54.9,0.000,0.000,0.00,0.000,0.0,0.0,0.0,0,0,0.5,1.9,0.7,77,10,0.0,0.0,0.0,0,0,0,29.73,,0,0,0,69.2,72.3,71.0,0.17,0.17,0.10
DOVE,2017-08-21 05:40:00 EDT,41.77367,-73.57542,423,54.5,56.0,54.5,98.9,54.2,0.000,0.000,0.00,0.000,0.0,0.0,0.0,0,0,0.7,1.4,0.4,134,7,0.0,0.0,0.0,0,0,0,29.73,,0,0,0,69.0,72.3,71.0,0.17,0.17,0.10
DOVE,2017-08-21 05:45:00 EDT,41.77367,-73.57542,423,54.3,56.2,54.3,98.9,54.0,0.000,0.000,0.00,0.000,0.0,0.0,0.0,0,0,0.0,0.0,0.0,0,0,0.0,0.0,0.0,0,0,0,29.74,,0,0,0,68.9,72.3,71.0,0.17,0.17,0.10
DOVE,2017-08-21 05:50:00 EDT,41.77367,-73.57542,423,55.0,56.0,55.0,99.0,54.7,0.000,0.000,0.00,0.000,0.0,0.0,0.0,0,0,0.0,0.0,0.0,0,0,0.0,0.0,0.0,0,0,0,29.74,,0,0,0,68.9,72.3,71.0,0.17,0.17,0.10
DOVE,2017-08-21 05:55:00 EDT,41.77367,-73.57542,423,54.5,56.0,54.5,99.0,54.3,0.000,0.000,0.00,0.000,0.0,0.0,0.0,0,0,0.0,1.1,0.2,70,1,0.0,0.0,0.0,0,0,0,29.74,,0,0,0,68.9,72.3,71.0,0.17,0.17,0.10
DOVE,2017-08-21 06:00:00 EDT,41.77367,-73.57542,423,53.9,55.8,53.9,98.9,53.6,0.000,0.000,0.00,0.000,0.0,0.0,0.0,0,0,1.0,2.1,0.5,59,9,0.0,0.0,0.0,0,0,1,29.74,,0,0,0,68.9,72.3,71.0,0.17,0.17,0.10
DOVE,2017-08-21 06:05:00 EDT,41.77367,-73.57542,423,53.8,55.8,53.8,98.9,53.5,0.000,0.000,0.00,0.000,0.0,0.0,0.0,0,0,1.0,2.6,0.7,64,8,0.0,0.0,0.0,0,0,3,29.74,,0,0,0,68.9,72.3,71.0,0.17,0.17,0.10
DOVE,2017-08-21 06:10:00 EDT,41.77367,-73.57542,423,54.4,55.7,54.4,98.9,54.1,0.000,0.000,0.00,0.000,0.0,0.0,0.0,0,0,0.4,1.3,0.4,155,16,0.0,0.0,0.0,0,0,3,29.74,,0,0,0,68.9,72.3,71.1,0.17,0.17,0.10
DOVE,2017-08-21 06:15:00 EDT,41.77367,-73.57542,423,54.6,55.6,54.6,99.0,54.3,0.000,0.000,0.00,0.000,0.0,0.0,0.0,0,0,0.5,1.9,0.7,68,3,0.0,0.0,0.0,0,0,6,29.74,,0,0,0,68.9,72.3,71.0,0.17,0.17,0.10
DOVE,2017-08-21 06:20:00 EDT,41.77367,-73.57542,423,54.5,55.8,54.5,99.0,54.2,0.000,0.000,0.00,0.000,0.0,0.0,0.0,0,0,0.2,1.8,0.5,65,2,0.0,0.0,0.0,0,0,11,29.74,,0,0,0,68.9,72.3,71.0,0.17,0.17,0.10
DOVE,2017-08-21 06:25:00 EDT,41.77367,-73.57542,423,54.2,55.9,54.2,98.9,53.9,0.000,0.000,0.00,0.000,0.0,0.0,0.0,0,0,0.4,1.9,0.6,64,8,0.0,0.0,0.0,0,0,14,29.75,,0,0,0,68.8,72.3,71.0,0.17,0.17,0.10
DOVE,2017-08-21 06:30:00 EDT,41.77367,-73.57542,423,54.1,55.7,54.1,98.9,53.8,0.000,0.000,0.00,0.000,0.0,0.0,0.0,0,0,1.2,2.3,0.5,98,10,0.0,0.0,0.0,0,0,19,29.75,,0,0,0,68.6,72.2,71.0,0.17,0.17,0.10
DOVE,2017-08-21 06:35:00 EDT,41.77367,-73.57542,423,54.4,55.7,54.4,98.9,54.1,0.000,0.000,0.00,0.000,0.0,0.0,0.0,0,0,0.3,2.3,0.7,86,3,0.0,0.0,0.0,0,0,20,29.75,,0,0,0,68.5,72.2,70.9,0.17,0.17,0.10
DOVE,2017-08-21 06:40:00 EDT,41.77367,-73.57542,423,54.8,55.9,54.8,99.0,54.5,0.000,0.000,0.00,0.000,0.0,0.0,0.0,0,0,0.0,0.0,0.0,0,0,0.0,0.0,0.0,0,0,24,29.75,,0,0,0,68.5,72.1,71.0,0.17,0.17,0.10
DOVE,2017-08-21 06:45:00 EDT,41.77367,-73.57542,423,55.0,56.1,55.0,99.0,54.7,0.000,0.000,0.00,0.000,0.0,0.0,0.0,0,0,0.1,1.1,0.3,61,3,0.0,0.0,0.0,0,0,39,29.75,,0,0,0,68.5,71.9,70.9,0.17,0.17,0.10
DOVE,2017-08-21 06:50:00 EDT,41.77367,-73.57542,423,55.1,56.4,55.1,98.9,54.8,0.000,0.000,0.00,0.000,0.1,0.8,0.2,62,0,0.4,1.7,0.5,58,10,0.1,0.8,0.2,62,0,58,29.75,,0,0,0,68.5,71.9,71.0,0.17,0.17,0.10
DOVE,2017-08-21 06:55:00 EDT,41.77367,-73.57542,423,55.9,56.5,55.9,99.0,55.7,0.000,0.000,0.00,0.000,0.0,0.0,0.0,0,0,0.2,1.1,0.4,110,2,0.0,0.0,0.0,0,0,62,29.75,,0,0,0,68.5,71.8,70.9,0.17,0.17,0.10
DOVE,2017-08-21 07:00:00 EDT,41.77367,-73.57542,423,56.4,56.6,56.4,99.0,56.1,0.000,0.000,0.00,0.000,0.7,1.1,0.4,62,81,1.1,1.8,0.5,78,12,0.7,1.1,0.4,62,81,70,29.75,,0,0,0,68.5,71.8,70.9,0.17,0.17,0.10
DOVE,2017-08-21 07:05:00 EDT,41.77367,-73.57542,423,56.4,56.5,56.4,98.9,56.1,0.000,0.000,0.00,0.000,0.0,0.0,0.0,0,0,0.0,0.0,0.0,0,0,0.0,0.0,0.0,0,0,78,29.75,,0,0,0,68.5,71.8,70.9,0.17,0.17,0.10
DOVE,2017-08-21 07:10:00 EDT,41.77367,-73.57542,423,57.0,56.7,57.0,98.9,56.6,0.000,0.000,0.00,0.000,0.0,0.0,0.0,0,0,0.0,0.7,0.1,112,0,0.0,0.0,0.0,0,0,103,29.75,,0,0,0,68.5,71.8,70.9,0.17,0.17,0.10
DOVE,2017-08-21 07:15:00 EDT,41.77367,-73.57542,423,57.3,57.1,57.3,98.8,57.0,0.000,0.000,0.00,0.000,0.0,0.0,0.0,0,0,0.1,1.1,0.2,155,1,0.0,0.0,0.0,0,0,101,29.75,,0,0,0,68.5,71.8,70.9,0.17,0.17,0.10
DOVE,2017-08-21 07:20:00 EDT,41.77367,-73.57542,423,57.7,57.5,57.7,98.7,57.3,0.000,0.000,0.00,0.000,0.4,1.2,0.4,133,7,1.0,1.6,0.3,125,15,0.4,1.2,0.4,133,7,117,29.75,,0,0,0,68.5,71.8,70.9,0.17,0.17,0.10
DOVE,2017-08-21 07:25:00 EDT,41.77367,-73.57542,423,58.1,57.7,58.1,98.7,57.7,0.000,0.000,0.00,0.000,0.4,1.2,0.5,81,4,1.1,1.9,0.4,87,10,0.4,1.2,0.5,81,4,141,29.75,,0,0,0,68.5,71.8,70.9,0.17,0.17,0.10
DOVE,2017-08-21 07:30:00 EDT,41.77367,-73.57542,423,58.5,58.2,58.5,98.7,58.1,0.000,0.000,0.00,0.000,0.7,1.3,0.4,64,6,1.2,1.9,0.3,63,15,0.7,1.3,0.4,64,6,184,29.75,,0,0,0,68.5,71.8,71.0,0.17,0.17,0.10
DOVE,2017-08-21 07:35:00 EDT,41.77367,-73.57542,423,59.2,59.1,59.2,98.7,58.8,0.000,0.000,0.00,0.000,0.4,0.9,0.3,85,26,0.9,1.9,0.4,93,27,0.4,0.9,0.3,85,26,184,29.75,,0,0,0,68.5,71.8,70.9,0.17,0.17,0.10
DOVE,2017-08-21 07:40:00 EDT,41.77367,-73.57542,423,59.3,59.4,59.3,98.6,58.9,0.000,0.000,0.00,0.000,0.3,0.9,0.3,130,9,0.8,1.5,0.4,137,19,0.3,0.9,0.3,130,9,183,29.75,,0,0,0,68.5,71.8,70.9,0.17,0.17,0.10
DOVE,2017-08-21 07:45:00 EDT,41.77367,-73.57542,423,59.7,59.9,59.7,98.3,59.2,0.000,0.000,0.00,0.000,0.4,1.0,0.4,54,8,0.9,2.0,0.5,57,11,0.4,1.0,0.4,54,8,215,29.75,,0,0,0,68.5,71.8,71.0,0.17,0.17,0.10
DOVE,2017-08-21 07:50:00 EDT,41.77367,-73.57542,423,60.1,60.2,60.1,98.1,59.5,0.000,0.000,0.00,0.000,0.9,1.7,0.5,50,13,1.2,2.1,0.5,52,18,0.9,1.7,0.5,50,13,213,29.75,,0,0,0,68.5,71.8,70.9,0.17,0.17,0.10
DOVE,2017-08-21 07:55:00 EDT,41.77367,-73.57542,423,60.4,60.5,60.4,97.6,59.7,0.000,0.000,0.00,0.000,0.3,1.4,0.4,66,11,0.7,2.0,0.6,66,17,0.3,1.4,0.4,66,11,136,29.75,,0,0,0,68.5,71.8,71.0,0.17,0.17,0.10
DOVE,2017-08-21 08:00:00 EDT,41.77367,-73.57542,423,60.3,60.7,60.3,96.6,59.4,0.000,0.000,0.00,0.000,0.3,1.8,0.6,80,11,0.8,2.6,0.7,80,18,0.3,1.8,0.6,80,11,191,29.75,,0,0,0,68.5,71.8,70.8,0.17,0.17,0.10
DOVE,2017-08-21 08:05:00 EDT,41.77367,-73.57542,423,60.7,60.9,60.7,95.2,59.3,0.000,0.000,0.00,0.000,0.6,1.4,0.3,93,16,1.1,2.1,0.4,98,21,0.6,1.4,0.3,93,16,150,29.75,,0,0,0,68.5,71.8,70.9,0.17,0.17,0.10
DOVE,2017-08-21 08:10:00 EDT,41.77367,-73.57542,423,61.2,61.2,61.2,94.6,59.6,0.000,0.000,0.00,0.000,1.1,1.8,0.4,87,7,1.6,2.5,0.4,90,11,1.1,1.8,0.4,87,7,264,29.75,,0,0,0,68.5,71.8,70.9,0.17,0.17,0.10
DOVE,2017-08-21 08:15:00 EDT,41.77367,-73.57542,423,61.4,61.5,61.4,92.4,59.2,0.000,0.000,0.00,0.000,1.0,1.9,0.5,96,9,1.4,2.4,0.5,97,13,1.0,1.9,0.5,96,9,287,29.75,,0,0,0,68.5,71.8,70.9,0.17,0.17,0.10
DOVE,2017-08-21 08:20:00 EDT,41.77367,-73.57542,423,61.4,61.9,61.4,91.1,58.8,0.000,0.000,0.00,0.000,0.6,1.4,0.4,91,19,1.0,1.9,0.6,92,23,0.6,1.4,0.4,91,19,237,29.75,,0,0,0,68.5,71.8,70.9,0.17,0.17,0.10
DOVE,2017-08-21 08:25:00 EDT,41.77367,-73.57542,423,61.9,62.3,61.9,89.5,58.8,0.000,0.000,0.00,0.000,0.6,2.1,0.8,46,6,0.7,2.3,0.8,49,14,0.6,2.1,0.8,46,6,237,29.75,,0,0,0,68.6,71.8,70.9,0.17,0.17,0.10
DOVE,2017-08-21 08:30:00 EDT,41.77367,-73.57542,423,62.0,62.5,62.0,88.2,58.5,0.000,0.000,0.00,0.000,1.4,2.5,0.5,70,15,1.8,3.3,0.6,73,16,1.4,2.5,0.5,70,15,243,29.75,,0,0,0,68.6,71.7,71.0,0.17,0.17,0.10
DOVE,2017-08-21 08:35:00 EDT,41.77367,-73.57542,423,62.5,63.1,62.5,88.9,59.2,0.000,0.000,0.00,0.000,1.4,2.3,0.4,107,15,1.7,2.9,0.4,110,17,1.4,2.3,0.4,107,15,314,29.74,,0,0,0,68.8,71.6,70.9,0.17,0.17,0.10
DOVE,2017-08-21 08:40:00 EDT,41.77367,-73.57542,423,62.8,63.8,62.8,88.4,59.4,0.000,0.000,0.00,0.000,0.8,2.1,0.6,103,23,1.3,2.6,0.6,104,32,0.8,2.1,0.6,103,23,354,29.74,,0,0,0,68.9,71.5,70.9,0.17,0.17,0.10
DOVE,2017-08-21 08:45:00 EDT,41.77367,-73.57542,423,63.2,64.2,63.2,87.0,59.3,0.000,0.000,0.00,0.000,0.5,1.3,0.4,158,13,1.0,2.3,0.7,158,19,0.5,1.3,0.4,158,13,377,29.74,,0,0,0,68.9,71.6,70.9,0.17,0.17,0.10
DOVE,2017-08-21 08:50:00 EDT,41.77367,-73.57542,423,63.6,64.6,63.6,84.7,58.9,0.000,0.000,0.00,0.000,0.8,1.5,0.4,129,44,1.3,2.4,0.5,135,44,0.8,1.5,0.4,129,44,417,29.74,,0,0,0,68.9,71.4,70.9,0.17,0.17,0.10
DOVE,2017-08-21 08:55:00 EDT,41.77367,-73.57542,423,63.8,65.4,63.8,82.4,58.3,0.000,0.000,0.00,0.000,0.5,1.4,0.4,70,17,1.1,2.3,0.6,76,22,0.5,1.4,0.4,70,17,329,29.74,,0,0,0,68.9,71.4,70.9,0.17,0.17,0.10
DOVE,2017-08-21 09:00:00 EDT,41.77367,-73.57542,423,64.4,65.7,64.4,82.9,59.1,0.000,0.000,0.00,0.000,0.3,1.3,0.4,109,19,0.8,2.0,0.7,121,27,0.3,1.3,0.4,109,19,195,29.74,,0,0,0,68.9,71.4,70.9,0.17,0.17,0.10
DOVE,2017-08-21 09:05:00 EDT,41.77367,-73.57542,423,66.0,66.1,66.0,83.6,60.9,0.000,0.000,0.00,0.000,0.5,1.7,0.5,148,10,1.0,2.3,0.7,154,16,0.5,1.7,0.5,148,10,245,29.74,,0,0,0,69.1,71.4,70.9,0.17,0.17,0.10
DOVE,2017-08-21 09:10:00 EDT,41.77367,-73.57542,423,66.9,66.4,66.9,81.3,61.0,0.000,0.000,0.00,0.000,0.2,1.8,0.4,106,10,0.8,2.4,0.6,109,24,0.2,1.8,0.4,106,10,465,29.74,,0,0,0,69.2,71.4,70.9,0.17,0.17,0.10
DOVE,2017-08-21 09:15:00 EDT,41.77367,-73.57542,423,67.7,67.2,67.7,79.2,61.0,0.000,0.000,0.00,0.000,1.0,2.6,0.9,134,11,1.3,3.0,0.9,131,24,1.0,2.6,0.9,134,11,433,29.74,,0,0,0,69.3,71.4,70.8,0.17,0.17,0.10
DOVE,2017-08-21 09:20:00 EDT,41.77367,-73.57542,423,68.0,67.7,68.0,79.3,61.4,0.000,0.000,0.00,0.000,0.7,2.3,0.6,132,20,1.1,2.9,0.7,131,24,0.7,2.3,0.6,132,20,500,29.74,,0,0,0,69.3,71.4,70.9,0.17,0.17,0.10
DOVE,2017-08-21 09:25:00 EDT,41.77367,-73.57542,423,68.4,67.8,68.4,79.1,61.7,0.000,0.000,0.00,0.000,0.2,0.9,0.3,124,25,0.6,1.7,0.6,155,40,0.2,0.9,0.3,124,25,415,29.73,,0,0,0,69.3,71.4,70.8,0.17,0.17,0.10
DOVE,2017-08-21 09:30:00 EDT,41.77367,-73.57542,423,69.3,68.3,69.3,79.9,62.9,0.000,0.000,0.00,0.000,0.4,1.3,0.5,57,15,1.0,2.4,0.6,65,33,0.4,1.3,0.5,57,15,436,29.73,,0,0,0,69.3,71.4,70.9,0.17,0.17,0.10
DOVE,2017-08-21 09:35:00 EDT,41.77367,-73.57542,423,69.4,68.8,69.4,79.3,62.8,0.000,0.000,0.00,0.000,0.9,2.1,0.7,20,20,1.5,2.8,0.6,21,34,0.9,2.1,0.7,20,20,339,29.73,,0,0,0,69.3,71.4,70.9,0.17,0.17,0.10
DOVE,2017-08-21 09:40:00 EDT,41.77367,-73.57542,423,69.3,68.8,69.3,80.0,62.9,0.000,0.000,0.00,0.000,0.8,1.8,0.5,338,12,1.2,2.7,0.7,346,17,0.8,1.8,0.5,338,12,231,29.73,,0,0,0,69.6,71.4,71.0,0.17,0.17,0.10
DOVE,2017-08-21 09:45:00 EDT,41.77367,-73.57542,423,69.7,69.3,69.7,81.0,63.6,0.000,0.000,0.00,0.000,0.1,1.1,0.2,279,11,0.4,2.0,0.5,307,32,0.1,1.1,0.2,279,11,309,29.73,,0,0,0,69.6,71.4,70.9,0.17,0.17,0.10
DOVE,2017-08-21 09:50:00 EDT,41.77367,-73.57542,423,70.8,70.4,70.8,78.4,63.7,0.000,0.000,0.00,0.000,0.7,3.0,0.8,271,36,1.2,3.4,0.8,276,54,0.7,3.0,0.8,271,36,497,29.73,,0,0,0,69.6,71.4,70.9,0.17,0.17,0.10
DOVE,2017-08-21 09:55:00 EDT,41.77367,-73.57542,423,71.4,70.8,71.4,75.6,63.3,0.000,0.000,0.00,0.000,1.4,3.7,1.0,136,56,1.8,4.4,0.9,140,60,1.4,3.7,1.0,136,56,431,29.73,,0,0,0,69.6,71.4,70.8,0.17,0.17,0.10
DOVE,2017-08-21 10:00:00 EDT,41.77367,-73.57542,423,71.9,71.2,71.9,76.2,64.0,0.000,0.000,0.00,0.000,0.9,2.8,1.0,142,13,1.1,3.3,1.0,147,18,0.9,2.8,1.0,142,13,401,29.73,,0,0,0,69.7,71.4,70.9,0.17,0.17,0.10
DOVE,2017-08-21 10:05:00 EDT,41.77367,-73.57542,423,72.0,71.4,72.0,74.4,63.4,0.000,0.000,0.00,0.000,1.0,1.8,0.3,90,42,1.4,2.2,0.4,90,40,1.0,1.8,0.3,90,42,365,29.73,,0,0,0,70.0,71.4,70.9,0.17,0.17,0.10
DOVE,2017-08-21 10:10:00 EDT,41.77367,-73.57542,423,72.8,71.8,72.8,74.8,64.3,0.000,0.000,0.00,0.000,1.8,3.3,0.7,111,20,2.2,3.6,0.7,117,23,1.8,3.3,0.7,111,20,508,29.73,,0,0,0,70.0,71.4,71.0,0.17,0.17,0.10
DOVE,2017-08-21 10:15:00 EDT,41.77367,-73.57542,423,73.0,72.2,73.0,75.2,64.7,0.000,0.000,0.00,0.000,1.3,2.6,0.7,125,35,1.7,3.5,0.6,133,42,1.3,2.6,0.7,125,35,398,29.73,,0,0,0,70.0,71.4,70.9,0.17,0.17,0.10
DOVE,2017-08-21 10:20:00 EDT,41.77367,-73.57542,423,73.3,72.2,73.3,74.6,64.7,0.000,0.000,0.00,0.000,1.3,2.5,0.8,106,19,1.6,2.9,0.7,109,27,1.3,2.5,0.8,106,19,440,29.73,,0,0,0,70.0,71.4,70.9,0.17,0.17,0.10
DOVE,2017-08-21 10:25:00 EDT,41.77367,-73.57542,423,73.7,72.8,73.7,72.8,64.4,0.000,0.000,0.00,0.000,0.9,2.7,0.7,143,56,1.4,3.2,0.8,141,58,0.9,2.7,0.7,143,56,483,29.73,,0,0,0,70.1,71.4,70.9,0.17,0.17,0.10
DOVE,2017-08-21 10:30:00 EDT,41.77367,-73.57542,423,73.5,73.1,73.5,73.7,64.6,0.000,0.000,0.00,0.000,1.0,2.9,0.9,144,20,1.5,3.5,0.9,154,27,1.0,2.9,0.9,144,20,455,29.73,,0,0,0,70.3,71.4,70.8,0.17,0.17,0.10
DOVE,2017-08-21 10:35:00 EDT,41.77367,-73.57542,423,74.4,73.7,74.4,72.4,65.0,0.000,0.000,0.00,0.000,1.7,3.1,0.8,142,13,2.0,3.3,0.6,144,16,1.7,3.1,0.8,142,13,509,29.74,,0,0,0,70.3,71.4,70.9,0.17,0.17,0.10
DOVE,2017-08-21 10:40:00 EDT,41.77367,-73.57542,423,74.7,73.9,74.7,71.4,64.8,0.000,0.000,0.00,0.000,1.4,3.8,1.1,152,10,1.7,4.7,1.3,156,16,1.4,3.8,1.1,152,10,468,29.74,,0,0,0,70.4,71.4,70.9,0.17,0.17,0.10
DOVE,2017-08-21 10:45:00 EDT,41.77367,-73.57542,423,74.8,74.1,74.8,71.2,64.8,0.000,0.000,0.00,0.000,1.7,2.8,0.5,153,11,2.1,3.4,0.6,154,13,1.7,2.8,0.5,153,11,489,29.74,,0,0,0,70.6,71.4,70.8,0.17,0.17,0.10
DOVE,2017-08-21 10:50:00 EDT,41.77367,-73.57542,423,75.3,74.6,75.3,70.7,65.2,0.000,0.000,0.00,0.000,1.4,4.5,1.3,125,16,1.8,5.2,1.3,124,26,1.4,4.5,1.3,125,16,542,29.74,,0,0,0,70.7,71.4,70.8,0.17,0.17,0.10
DOVE,2017-08-21 10:55:00 EDT,41.77367,-73.57542,423,75.7,74.9,75.7,70.5,65.4,0.000,0.000,0.00,0.000,1.8,3.6,1.1,133,13,1.9,3.7,0.8,137,16,1.8,3.6,1.1,133,13,508,29.74,,0,0,0,70.7,71.4,70.8,0.17,0.17,0.10
DOVE,2017-08-21 11:00:00 EDT,41.77367,-73.57542,423,76.9,75.5,76.9,71.1,66.8,0.000,0.000,0.00,0.000,2.3,4.0,0.7,128,18,2.5,5.1,0.8,129,19,2.3,4.0,0.7,128,18,695,29.74,,0,0,0,70.8,71.4,70.8,0.17,0.17,0.10
DOVE,2017-08-21 11:05:00 EDT,41.77367,-73.57542,423,77.5,76.0,77.5,69.4,66.7,0.000,0.000,0.00,0.000,2.2,4.2,1.1,122,27,2.6,4.5,1.2,126,27,2.2,4.2,1.1,122,27,597,29.74,,0,0,0,71.1,71.4,70.8,0.17,0.17,0.10
DOVE,2017-08-21 11:10:00 EDT,41.77367,-73.57542,423,77.9,76.6,77.9,67.5,66.3,0.000,0.000,0.00,0.000,3.1,5.4,0.9,136,17,3.3,5.9,1.1,139,16,3.1,5.4,0.9,136,17,711,29.74,,0,0,0,71.1,71.4,70.8,0.17,0.17,0.10
DOVE,2017-08-21 11:15:00 EDT,41.77367,-73.57542,423,78.8,76.8,78.8,66.4,66.7,0.000,0.000,0.00,0.000,3.3,5.0,0.6,120,13,3.4,5.5,0.8,122,13,3.3,5.0,0.6,120,13,718,29.74,,0,0,0,71.2,71.4,70.8,0.17,0.17,0.10
DOVE,2017-08-21 11:20:00 EDT,41.77367,-73.57542,423,79.6,77.8,79.6,66.2,67.4,0.000,0.000,0.00,0.000,3.7,6.0,1.0,105,31,4.2,6.8,1.1,110,30,3.7,6.0,1.0,105,31,741,29.73,,0,0,0,71.4,71.4,70.8,0.17,0.17,0.10
DOVE,2017-08-21 11:25:00 EDT,41.77367,-73.57542,423,79.5,78.5,79.5,61.8,65.2,0.000,0.000,0.00,0.000,1.8,4.0,1.2,144,32,2.4,4.8,1.3,147,36,1.8,4.0,1.2,144,32,750,29.73,,0,0,0,71.4,71.4,70.8,0.17,0.17,0.10
DOVE,2017-08-21 11:30:00 EDT,41.77367,-73.57542,423,80.1,78.2,81.9,60.0,65.0,0.000,0.000,0.00,0.000,1.8,4.2,1.2,81,25,2.4,5.0,1.3,83,34,1.8,4.2,1.2,81,25,744,29.73,,0,0,0,71.5,71.4,70.8,0.17,0.17,0.10
DOVE,2017-08-21 11:35:00 EDT,41.77367,-73.57542,423,80.1,79.0,81.5,56.0,63.0,0.000,0.000,0.00,0.000,4.1,7.8,1.8,250,34,4.5,10.4,1.8,258,34,4.1,7.8,1.8,250,34,739,29.73,,0,0,0,71.8,71.3,70.8,0.17,0.17,0.10
DOVE,2017-08-21 11:40:00 EDT,41.77367,-73.57542,423,80.3,79.2,81.5,54.7,62.5,0.000,0.000,0.00,0.000,5.4,8.0,1.4,244,19,5.8,9.1,1.3,250,19,5.4,8.0,1.4,244,19,760,29.73,,0,0,0,71.8,71.3,70.8,0.17,0.17,0.10
DOVE,2017-08-21 11:45:00 EDT,41.77367,-73.57542,423,80.6,79.4,82.0,55.3,63.1,0.000,0.000,0.00,0.000,5.6,9.6,1.8,237,18,5.8,10.2,1.9,242,17,5.6,9.6,1.8,237,18,765,29.72,,0,0,0,72.2,71.3,70.8,0.17,0.17,0.10
DOVE,2017-08-21 11:50:00 EDT,41.77367,-73.57542,423,80.4,79.4,81.7,54.1,62.3,0.000,0.000,0.00,0.000,4.8,7.5,1.2,231,15,5.0,8.3,1.3,234,14,4.8,7.5,1.2,231,15,773,29.72,,0,0,0,72.3,71.2,70.8,0.17,0.17,0.10
DOVE,2017-08-21 11:55:00 EDT,41.77367,-73.57542,423,80.6,79.6,82.0,54.8,62.9,0.000,0.000,0.00,0.000,4.0,7.2,1.2,247,20,4.3,8.3,1.4,255,19,4.0,7.2,1.2,247,20,768,29.72,,0,0,0,72.3,71.2,70.8,0.17,0.17,0.10
DOVE,2017-08-21 12:00:00 EDT,41.77367,-73.57542,423,81.0,80.0,82.3,53.8,62.7,0.000,0.000,0.00,0.000,4.7,9.7,2.1,258,29,5.2,9.8,1.9,262,28,4.7,9.7,2.1,258,29,790,29.71,,0,0,0,72.5,71.2,70.8,0.17,0.17,0.10
DOVE,2017-08-21 12:05:00 EDT,41.77367,-73.57542,423,81.8,80.8,83.2,54.2,63.6,0.000,0.000,0.00,0.000,2.4,6.5,1.1,252,26,2.9,6.4,1.2,262,28,2.4,6.5,1.1,252,26,777,29.71,,0,0,0,72.7,71.2,70.8,0.17,0.17,0.10
DOVE,2017-08-21 12:10:00 EDT,41.77367,-73.57542,423,81.9,80.9,83.3,54.7,64.0,0.000,0.000,0.00,0.000,2.9,5.7,1.3,217,32,3.3,6.5,1.4,220,32,2.9,5.7,1.3,217,32,805,29.71,,0,0,0,72.8,71.1,70.9,0.17,0.17,0.09
DOVE,2017-08-21 12:15:00 EDT,41.77367,-73.57542,423,82.0,81.1,83.4,54.1,63.8,0.000,0.000,0.00,0.000,1.9,5.8,1.7,234,36,2.3,7.0,1.8,244,46,1.9,5.8,1.7,234,36,632,29.71,,0,0,0,73.0,71.1,70.8,0.17,0.17,0.09
DOVE,2017-08-21 12:20:00 EDT,41.77367,-73.57542,423,81.7,81.1,83.2,55.1,64.0,0.000,0.000,0.00,0.000,3.2,6.4,1.8,240,49,3.6,7.2,1.7,245,46,3.2,6.4,1.8,240,49,458,29.71,,0,0,0,73.0,71.1,70.9,0.17,0.17,0.10
DOVE,2017-08-21 12:25:00 EDT,41.77367,-73.57542,423,81.4,80.6,83.0,56.4,64.4,0.000,0.000,0.00,0.000,2.9,4.9,1.2,172,25,3.3,5.9,1.3,177,25,2.9,4.9,1.2,172,25,571,29.70,,0,0,0,73.3,71.1,70.9,0.17,0.17,0.10
DOVE,2017-08-21 12:30:00 EDT,41.77367,-73.57542,423,81.7,80.7,83.5,56.7,64.9,0.000,0.000,0.00,0.000,5.1,9.4,2.0,153,22,5.6,10.3,2.1,156,22,5.1,9.4,2.0,153,22,607,29.70,,0,0,0,73.4,71.1,70.8,0.17,0.17,0.10
DOVE,2017-08-21 12:35:00 EDT,41.77367,-73.57542,423,82.8,81.5,84.5,54.2,64.6,0.000,0.000,0.00,0.000,2.5,5.6,1.3,227,42,3.1,6.4,1.3,234,42,2.5,5.6,1.3,227,42,862,29.70,,0,0,0,73.8,71.1,70.8,0.17,0.17,0.10
DOVE,2017-08-21 12:40:00 EDT,41.77367,-73.57542,423,82.7,81.8,83.7,51.2,62.8,0.000,0.000,0.00,0.000,4.4,8.3,1.4,219,32,4.8,10.1,1.5,222,32,4.4,8.3,1.4,219,32,551,29.70,,0,0,0,73.9,71.1,70.8,0.17,0.17,0.10
DOVE,2017-08-21 12:45:00 EDT,41.77367,-73.57542,423,82.0,81.2,83.3,53.5,63.4,0.000,0.000,0.00,0.000,4.9,9.7,1.8,200,31,5.3,9.5,1.7,206,32,4.9,9.7,1.8,200,31,604,29.70,,0,0,0,74.0,71.1,70.8,0.17,0.17,0.10
DOVE,2017-08-21 12:50:00 EDT,41.77367,-73.57542,423,81.4,80.9,82.8,54.7,63.6,0.000,0.000,0.00,0.000,4.8,8.3,1.4,192,19,5.2,8.4,1.4,197,18,4.8,8.3,1.4,192,19,496,29.70,,0,0,0,74.3,71.1,70.8,0.17,0.17,0.10
DOVE,2017-08-21 12:55:00 EDT,41.77367,-73.57542,423,81.9,81.1,83.4,55.0,64.1,0.000,0.000,0.00,0.000,4.2,9.2,1.9,182,29,4.7,12.1,2.2,188,27,4.2,9.2,1.9,182,29,643,29.70,,0,0,0,74.3,71.1,70.8,0.17,0.17,0.09
DOVE,2017-08-21 13:00:00 EDT,41.77367,-73.57542,423,81.6,81.1,83.0,54.8,63.8,0.000,0.000,0.00,0.000,4.8,8.3,1.8,187,25,5.5,8.9,1.8,190,22,4.8,8.3,1.8,187,25,504,29.70,,0,0,0,74.6,71.1,70.9,0.17,0.17,0.10
DOVE,2017-08-21 13:05:00 EDT,41.77367,-73.57542,423,81.0,80.6,82.5,55.6,63.7,0.000,0.000,0.00,0.000,4.5,9.1,1.5,190,29,5.1,9.5,1.8,194,29,4.5,9.1,1.5,190,29,386,29.70,,0,0,0,74.7,71.1,70.8,0.17,0.17,0.10
DOVE,2017-08-21 13:10:00 EDT,41.77367,-73.57542,423,81.1,80.6,82.6,56.0,63.9,0.000,0.000,0.00,0.000,2.6,6.0,1.2,202,34,3.0,6.7,1.2,204,32,2.6,6.0,1.2,202,34,434,29.70,,0,0,0,74.7,71.1,70.8,0.17,0.17,0.10
DOVE,2017-08-21 13:15:00 EDT,41.77367,-73.57542,423,81.1,80.7,82.3,53.6,62.7,0.000,0.000,0.00,0.000,3.2,6.6,1.2,228,33,3.6,6.9,1.2,231,32,3.2,6.6,1.2,228,33,468,29.70,,0,0,0,74.7,71.1,70.8,0.17,0.17,0.09
DOVE,2017-08-21 13:20:00 EDT,41.77367,-73.57542,423,81.8,81.1,83.0,52.6,62.8,0.000,0.000,0.00,0.000,5.7,10.4,2.1,216,30,6.1,11.4,2.2,219,29,5.7,10.4,2.1,216,30,676,29.70,,0,0,0,75.0,71.1,70.8,0.17,0.17,0.10
DOVE,2017-08-21 13:25:00 EDT,41.77367,-73.57542,423,81.6,81.1,83.1,55.0,63.9,0.000,0.000,0.00,0.000,3.4,7.0,1.6,210,33,3.9,8.5,1.7,215,34,3.4,7.0,1.6,210,33,471,29.70,,0,0,0,75.0,71.1,70.8,0.17,0.17,0.10
DOVE,2017-08-21 13:30:00 EDT,41.77367,-73.57542,423,81.7,81.1,82.8,52.7,62.7,0.000,0.000,0.00,0.000,4.4,8.1,2.1,192,24,5.1,10.0,2.1,198,25,4.4,8.1,2.1,192,24,587,29.70,,0,0,0,75.0,71.1,70.7,0.17,0.17,0.10
DOVE,2017-08-21 13:35:00 EDT,41.77367,-73.57542,423,81.5,81.1,82.7,53.3,62.9,0.000,0.000,0.00,0.000,3.2,6.4,1.4,201,38,3.8,6.4,1.3,204,37,3.2,6.4,1.4,201,38,410,29.69,,0,0,0,75.5,71.1,70.8,0.17,0.17,0.10
DOVE,2017-08-21 13:40:00 EDT,41.77367,-73.57542,423,81.3,80.9,82.4,53.3,62.7,0.000,0.000,0.00,0.000,4.3,9.9,2.4,202,32,5.3,11.4,2.4,204,33,4.3,9.9,2.4,202,32,501,29.70,,0,0,0,75.6,71.1,70.8,0.17,0.17,0.10
DOVE,2017-08-21 13:45:00 EDT,41.77367,-73.57542,423,81.7,81.1,83.0,53.4,63.1,0.000,0.000,0.00,0.000,4.1,7.6,1.4,172,25,4.5,8.9,1.7,176,24,4.1,7.6,1.4,172,25,549,29.69,,0,0,0,75.6,71.1,70.8,0.17,0.17,0.10
DOVE,2017-08-21 13:50:00 EDT,41.77367,-73.57542,423,81.2,80.9,82.4,53.5,62.7,0.000,0.000,0.00,0.000,4.4,8.2,1.5,207,33,5.0,9.4,1.6,211,32,4.4,8.2,1.5,207,33,348,29.69,,0,0,0,75.6,71.1,70.8,0.17,0.17,0.10
DOVE,2017-08-21 13:55:00 EDT,41.77367,-73.57542,423,81.0,80.7,82.1,53.0,62.3,0.000,0.000,0.00,0.000,5.9,9.1,1.4,228,28,6.2,9.6,1.5,233,27,5.9,9.1,1.4,228,28,473,29.69,,0,0,0,75.6,71.1,70.7,0.17,0.17,0.10
DOVE,2017-08-21 14:00:00 EDT,41.77367,-73.57542,423,81.8,81.1,82.9,52.7,62.8,0.000,0.000,0.00,0.000,5.7,9.1,1.8,237,17,6.2,10.2,1.8,241,15,5.7,9.1,1.8,237,17,565,29.69,,0,0,0,75.7,71.1,70.8,0.17,0.17,0.10
DOVE,2017-08-21 14:05:00 EDT,41.77367,-73.57542,423,81.0,80.8,82.3,54.0,62.8,0.000,0.000,0.00,0.000,4.5,9.4,2.9,243,16,4.9,11.8,2.7,249,22,4.5,9.4,2.9,243,16,323,29.69,,0,0,0,75.9,71.1,70.7,0.17,0.17,0.10
DOVE,2017-08-21 14:10:00 EDT,41.77367,-73.57542,423,81.4,81.0,82.8,54.5,63.4,0.000,0.000,0.00,0.000,5.4,9.6,2.2,225,32,5.8,10.5,2.2,231,32,5.4,9.6,2.2,225,32,507,29.68,,0,0,0,75.9,71.2,70.7,0.17,0.17,0.10
DOVE,2017-08-21 14:15:00 EDT,41.77367,-73.57542,423,81.5,81.0,82.9,54.4,63.5,0.000,0.000,0.00,0.000,3.8,8.5,1.9,231,18,4.2,8.9,1.8,235,20,3.8,8.5,1.9,231,18,421,29.68,,0,0,0,75.9,71.1,70.8,0.17,0.17,0.10
DOVE,2017-08-21 14:20:00 EDT,41.77367,-73.57542,423,81.2,80.8,82.7,55.4,63.7,0.000,0.000,0.00,0.000,3.3,8.6,1.9,191,26,3.8,10.5,2.0,193,28,3.3,8.6,1.9,191,26,341,29.68,,0,0,0,75.9,71.3,70.7,0.17,0.17,0.10
DOVE,2017-08-21 14:25:00 EDT,41.77367,-73.57542,423,80.6,80.5,82.0,55.0,63.0,0.000,0.000,0.00,0.000,4.1,8.3,1.1,189,20,4.4,7.8,1.3,193,18,4.1,8.3,1.1,189,20,354,29.68,,0,0,0,75.9,71.3,70.7,0.17,0.17,0.10
DOVE,2017-08-21 14:30:00 EDT,41.77367,-73.57542,423,80.5,80.4,81.8,55.0,62.9,0.000,0.000,0.00,0.000,4.2,6.9,1.4,195,19,4.4,7.4,1.5,197,18,4.2,6.9,1.4,195,19,290,29.68,,0,0,0,76.3,71.2,70.8,0.17,0.17,0.10
DOVE,2017-08-21 14:35:00 EDT,41.77367,-73.57542,423,80.4,80.3,81.8,56.4,63.4,0.000,0.000,0.00,0.000,2.8,5.0,0.8,243,26,3.1,5.7,1.0,250,27,2.8,5.0,0.8,243,26,261,29.68,,0,0,0,76.4,71.3,70.7,0.17,0.17,0.10
DOVE,2017-08-21 14:40:00 EDT,41.77367,-73.57542,423,80.1,80.1,81.7,57.6,63.8,0.000,0.000,0.00,0.000,3.1,6.0,1.1,250,23,3.5,7.0,1.3,257,20,3.1,6.0,1.1,250,23,210,29.68,,0,0,0,76.5,71.4,70.7,0.17,0.17,0.10
DOVE,2017-08-21 14:45:00 EDT,41.77367,-73.57542,423,79.1,79.4,79.1,61.3,64.6,0.000,0.000,0.00,0.000,2.6,5.5,1.2,258,18,3.1,6.3,1.3,262,20,2.6,5.5,1.2,258,18,200,29.68,,0,0,0,76.5,71.4,70.7,0.17,0.17,0.10
DOVE,2017-08-21 14:50:00 EDT,41.77367,-73.57542,423,78.7,78.9,78.7,63.3,65.2,0.000,0.000,0.00,0.000,1.8,3.6,0.7,241,23,2.0,3.9,0.7,249,25,1.8,3.6,0.7,241,23,164,29.67,,0,0,0,76.5,71.4,70.7,0.17,0.17,0.10
DOVE,2017-08-21 14:55:00 EDT,41.77367,-73.57542,423,77.8,78.2,77.8,68.6,66.6,0.000,0.000,0.00,0.000,0.6,1.8,0.5,271,32,1.1,2.6,0.6,274,32,0.6,1.8,0.5,271,32,227,29.67,,0,0,0,76.5,71.4,70.7,0.17,0.17,0.10
DOVE,2017-08-21 15:00:00 EDT,41.77367,-73.57542,423,77.7,77.6,77.7,69.7,67.0,0.000,0.000,0.00,0.000,0.3,1.3,0.4,241,21,0.5,1.8,0.6,249,24,0.3,1.3,0.4,241,21,245,29.67,,0,0,0,76.5,71.4,70.7,0.17,0.17,0.10
DOVE,2017-08-21 15:05:00 EDT,41.77367,-73.57542,423,78.2,77.8,78.2,68.8,67.1,0.000,0.000,0.00,0.000,0.7,2.0,0.5,282,15,1.3,2.5,0.4,285,20,0.7,2.0,0.5,282,15,278,29.67,,0,0,0,76.5,71.4,70.7,0.17,0.17,0.10
DOVE,2017-08-21 15:10:00 EDT,41.77367,-73.57542,423,78.5,77.9,78.5,69.4,67.6,0.000,0.000,0.00,0.000,1.0,1.8,0.3,290,9,1.3,2.2,0.3,296,12,1.0,1.8,0.3,290,9,312,29.67,,0,0,0,76.5,71.4,70.7,0.17,0.17,0.10
DOVE,2017-08-21 15:15:00 EDT,41.77367,-73.57542,423,78.8,78.3,78.8,69.2,67.8,0.000,0.000,0.00,0.000,1.2,2.3,0.6,291,17,1.5,2.6,0.5,294,18,1.2,2.3,0.6,291,17,315,29.67,,0,0,0,76.5,71.4,70.7,0.17,0.17,0.10
DOVE,2017-08-21 15:20:00 EDT,41.77367,-73.57542,423,79.6,79.1,79.6,65.3,67.0,0.000,0.000,0.00,0.000,0.9,2.6,0.7,252,29,1.5,3.0,0.7,262,29,0.9,2.6,0.7,252,29,395,29.67,,0,0,0,76.5,71.4,70.7,0.17,0.17,0.10
DOVE,2017-08-21 15:25:00 EDT,41.77367,-73.57542,423,80.3,79.8,82.6,62.7,66.5,0.000,0.000,0.00,0.000,1.3,2.7,0.6,222,38,1.7,3.4,0.8,223,42,1.3,2.7,0.6,222,38,429,29.67,,0,0,0,76.5,71.4,70.7,0.17,0.17,0.10
DOVE,2017-08-21 15:30:00 EDT,41.77367,-73.57542,423,81.0,80.4,83.1,60.2,65.9,0.000,0.000,0.00,0.000,1.8,3.8,1.1,182,31,2.4,4.4,0.9,183,33,1.8,3.8,1.1,182,31,462,29.67,,0,0,0,76.5,71.4,70.6,0.17,0.17,0.10
DOVE,2017-08-21 15:35:00 EDT,41.77367,-73.57542,423,81.2,80.7,83.2,59.0,65.5,0.000,0.000,0.00,0.000,2.8,5.5,1.0,177,27,2.9,6.3,1.1,180,27,2.8,5.5,1.0,177,27,492,29.67,,0,0,0,76.5,71.4,70.6,0.17,0.17,0.10
DOVE,2017-08-21 15:40:00 EDT,41.77367,-73.57542,423,81.5,80.8,83.6,59.1,65.9,0.000,0.000,0.00,0.000,2.7,6.1,1.6,178,22,3.1,6.8,1.6,183,24,2.7,6.1,1.6,178,22,514,29.67,,0,0,0,76.5,71.4,70.6,0.17,0.17,0.10
DOVE,2017-08-21 15:45:00 EDT,41.77367,-73.57542,423,81.8,81.0,84.0,59.3,66.2,0.000,0.000,0.00,0.000,2.4,5.0,1.0,161,26,2.7,5.5,1.1,164,28,2.4,5.0,1.0,161,26,542,29.67,,0,0,0,76.5,71.4,70.6,0.17,0.17,0.10
DOVE,2017-08-21 15:50:00 EDT,41.77367,-73.57542,423,82.5,81.4,84.8,58.6,66.5,0.000,0.000,0.00,0.000,2.7,6.5,1.8,179,24,3.1,7.5,1.8,180,23,2.7,6.5,1.8,179,24,557,29.66,,0,0,0,76.5,71.4,70.5,0.17,0.17,0.10
DOVE,2017-08-21 15:55:00 EDT,41.77367,-73.57542,423,82.5,81.7,84.6,57.5,65.9,0.000,0.000,0.00,0.000,2.9,8.4,1.5,202,32,3.4,9.5,1.7,204,33,2.9,8.4,1.5,202,32,565,29.66,,0,0,0,76.5,71.4,70.6,0.17,0.17,0.10
DOVE,2017-08-21 16:00:00 EDT,41.77367,-73.57542,423,82.4,81.9,83.8,53.5,63.8,0.000,0.000,0.00,0.000,4.2,8.8,1.9,216,27,4.5,9.8,1.9,223,28,4.2,8.8,1.9,216,27,566,29.66,,0,0,0,76.5,71.4,70.6,0.17,0.17,0.10
DOVE,2017-08-21 16:05:00 EDT,41.77367,-73.57542,423,82.7,82.0,84.3,54.3,64.5,0.000,0.000,0.00,0.000,3.8,6.5,1.1,199,30,4.3,8.1,1.2,203,30,3.8,6.5,1.1,199,30,555,29.66,,0,0,0,76.5,71.4,70.6,0.17,0.17,0.10
DOVE,2017-08-21 16:10:00 EDT,41.77367,-73.57542,423,82.6,82.0,84.1,53.9,64.2,0.000,0.000,0.00,0.000,4.6,8.0,1.5,198,32,5.1,9.0,1.7,202,33,4.6,8.0,1.5,198,32,317,29.66,,0,0,0,76.7,71.4,70.6,0.17,0.17,0.10
DOVE,2017-08-21 16:15:00 EDT,41.77367,-73.57542,423,81.5,81.4,82.7,53.7,63.1,0.000,0.000,0.00,0.000,5.0,11.0,1.5,205,26,5.6,12.0,1.7,209,23,5.0,11.0,1.5,205,26,354,29.66,,0,0,0,76.8,71.4,70.6,0.17,0.17,0.10
DOVE,2017-08-21 16:20:00 EDT,41.77367,-73.57542,423,82.0,81.7,83.4,54.2,63.8,0.000,0.000,0.00,0.000,4.8,10.9,2.0,196,29,5.2,11.4,2.2,199,28,4.8,10.9,2.0,196,29,414,29.66,,0,0,0,76.8,71.4,70.6,0.17,0.17,0.10
DOVE,2017-08-21 16:25:00 EDT,41.77367,-73.57542,423,82.0,81.7,83.5,54.4,64.0,0.000,0.000,0.00,0.000,4.1,9.4,2.6,220,27,4.4,11.2,2.6,224,27,4.1,9.4,2.6,220,27,449,29.66,,0,0,0,76.8,71.4,70.6,0.17,0.17,0.10
DOVE,2017-08-21 16:30:00 EDT,41.77367,-73.57542,423,82.7,82.1,84.6,55.7,65.2,0.000,0.000,0.00,0.000,3.2,5.5,1.3,191,23,3.5,6.0,1.4,197,22,3.2,5.5,1.3,191,23,504,29.66,,0,0,0,76.8,71.4,70.6,0.17,0.17,0.10
DOVE,2017-08-21 16:35:00 EDT,41.77367,-73.57542,423,83.1,82.5,84.8,54.1,64.8,0.000,0.000,0.00,0.000,3.7,7.0,1.7,222,30,4.3,8.2,1.8,227,30,3.7,7.0,1.7,222,30,475,29.66,,0,0,0,76.8,71.4,70.5,0.16,0.17,0.10
DOVE,2017-08-21 16:40:00 EDT,41.77367,-73.57542,423,82.5,82.2,84.0,54.1,64.2,0.000,0.000,0.00,0.000,4.5,10.6,2.6,230,24,5.1,13.3,2.3,236,22,4.5,10.6,2.6,230,24,353,29.65,,0,0,0,76.8,71.4,70.5,0.17,0.17,0.10
DOVE,2017-08-21 16:45:00 EDT,41.77367,-73.57542,423,82.8,82.4,84.7,55.3,65.2,0.000,0.000,0.00,0.000,3.4,6.6,1.4,228,28,3.8,8.0,1.4,236,29,3.4,6.6,1.4,228,28,460,29.65,,0,0,0,76.8,71.4,70.5,0.17,0.17,0.10
DOVE,2017-08-21 16:50:00 EDT,41.77367,-73.57542,423,83.2,82.7,85.3,55.8,65.8,0.000,0.000,0.00,0.000,3.0,6.1,1.3,222,37,3.5,6.7,1.3,227,38,3.0,6.1,1.3,222,37,433,29.65,,0,0,0,76.8,71.4,70.6,0.17,0.17,0.10
DOVE,2017-08-21 16:55:00 EDT,41.77367,-73.57542,423,82.9,82.5,84.8,55.1,65.1,0.000,0.000,0.00,0.000,5.2,10.4,2.2,209,29,5.7,12.7,2.3,213,30,5.2,10.4,2.2,209,29,409,29.65,,0,0,0,76.8,71.4,70.6,0.17,0.17,0.10
DOVE,2017-08-21 17:00:00 EDT,41.77367,-73.57542,423,82.7,82.3,84.6,55.6,65.2,0.000,0.000,0.00,0.000,5.3,9.4,1.9,211,26,5.8,10.2,1.9,213,26,5.3,9.4,1.9,211,26,396,29.65,,0,0,0,76.8,71.4,70.5,0.17,0.17,0.10
DOVE,2017-08-21 17:05:00 EDT,41.77367,-73.57542,423,82.7,82.3,84.5,55.4,65.1,0.000,0.000,0.00,0.000,6.0,10.3,2.1,240,17,6.4,10.8,2.1,246,16,6.0,10.3,2.1,240,17,380,29.65,,0,0,0,76.8,71.4,70.6,0.17,0.17,0.10
DOVE,2017-08-21 17:10:00 EDT,41.77367,-73.57542,423,82.6,82.3,84.6,56.4,65.5,0.000,0.000,0.00,0.000,4.4,9.6,2.2,225,27,4.9,11.6,2.3,231,27,4.4,9.6,2.2,225,27,364,29.65,,0,0,0,76.8,71.4,70.6,0.16,0.17,0.10
DOVE,2017-08-21 17:15:00 EDT,41.77367,-73.57542,423,82.7,82.3,84.8,56.9,65.8,0.000,0.000,0.00,0.000,4.3,7.5,1.3,231,26,4.7,8.8,1.7,237,22,4.3,7.5,1.3,231,26,352,29.65,,0,0,0,76.9,71.4,70.6,0.17,0.17,0.10
DOVE,2017-08-21 17:20:00 EDT,41.77367,-73.57542,423,82.7,82.3,84.8,57.1,65.9,0.000,0.000,0.00,0.000,2.9,6.5,1.7,200,30,3.6,7.7,1.9,207,30,2.9,6.5,1.7,200,30,334,29.65,,0,0,0,77.0,71.5,70.6,0.16,0.17,0.10
DOVE,2017-08-21 17:25:00 EDT,41.77367,-73.57542,423,82.4,82.1,84.4,56.7,65.5,0.000,0.000,0.00,0.000,4.3,8.4,1.8,229,22,4.7,10.0,1.8,234,21,4.3,8.4,1.8,229,22,321,29.65,,0,0,0,77.1,71.6,70.5,0.16,0.17,0.10
DOVE,2017-08-21 17:30:00 EDT,41.77367,-73.57542,423,82.2,82.0,84.3,57.8,65.9,0.000,0.000,0.00,0.000,3.9,8.5,1.9,200,28,4.3,8.9,1.8,203,29,3.9,8.5,1.9,200,28,314,29.65,,0,0,0,77.1,71.7,70.6,0.16,0.17,0.10
DOVE,2017-08-21 17:35:00 EDT,41.77367,-73.57542,423,82.2,81.9,84.4,58.7,66.3,0.000,0.000,0.00,0.000,4.3,10.0,2.4,190,27,5.0,11.3,2.6,196,30,4.3,10.0,2.4,190,27,297,29.64,,0,0,0,77.2,71.7,70.6,0.16,0.17,0.10
DOVE,2017-08-21 17:40:00 EDT,41.77367,-73.57542,423,82.2,81.9,84.6,59.6,66.7,0.000,0.000,0.00,0.000,3.3,8.2,1.8,213,33,3.9,8.9,1.8,221,32,3.3,8.2,1.8,213,33,280,29.64,,0,0,0,77.2,71.8,70.5,0.16,0.17,0.10
DOVE,2017-08-21 17:45:00 EDT,41.77367,-73.57542,423,81.9,81.8,84.1,59.1,66.2,0.000,0.000,0.00,0.000,5.6,11.8,2.3,199,24,6.2,12.6,2.4,202,21,5.6,11.8,2.3,199,24,261,29.65,,0,0,0,77.1,71.8,70.5,0.16,0.17,0.10
DOVE,2017-08-21 17:50:00 EDT,41.77367,-73.57542,423,81.9,81.8,84.1,59.1,66.2,0.000,0.000,0.00,0.000,4.9,8.0,1.2,227,23,5.3,9.1,1.5,231,22,4.9,8.0,1.2,227,23,246,29.65,,0,0,0,77.1,71.8,70.6,0.16,0.17,0.10
DOVE,2017-08-21 17:55:00 EDT,41.77367,-73.57542,423,81.8,81.6,84.2,60.6,66.8,0.000,0.000,0.00,0.000,3.5,7.2,1.4,217,28,3.9,8.1,1.4,221,28,3.5,7.2,1.4,217,28,233,29.64,,0,0,0,77.0,71.8,70.6,0.16,0.17,0.10
DOVE,2017-08-21 18:00:00 EDT,41.77367,-73.57542,423,81.5,81.3,83.9,61.3,66.9,0.000,0.000,0.00,0.000,3.4,8.3,2.0,235,24,3.8,9.5,1.8,239,24,3.4,8.3,2.0,235,24,220,29.64,,0,0,0,77.0,71.8,70.6,0.17,0.17,0.10
DOVE,2017-08-21 18:05:00 EDT,41.77367,-73.57542,423,81.0,81.0,83.5,62.9,67.2,0.000,0.000,0.00,0.000,2.6,5.3,1.4,250,15,2.9,5.8,1.4,253,17,2.6,5.3,1.4,250,15,202,29.64,,0,0,0,76.9,71.8,70.5,0.17,0.17,0.10
DOVE,2017-08-21 18:10:00 EDT,41.77367,-73.57542,423,81.0,80.8,83.6,63.9,67.6,0.000,0.000,0.00,0.000,2.5,5.1,1.2,245,38,2.9,5.8,1.2,253,37,2.5,5.1,1.2,245,38,191,29.64,,0,0,0,76.8,71.8,70.5,0.16,0.17,0.10
DOVE,2017-08-21 18:15:00 EDT,41.77367,-73.57542,423,80.6,80.5,83.2,64.6,67.6,0.000,0.000,0.00,0.000,2.1,3.7,0.8,265,22,2.6,5.7,1.0,273,22,2.1,3.7,0.8,265,22,180,29.64,,0,0,0,76.8,71.8,70.5,0.17,0.17,0.10
DOVE,2017-08-21 18:20:00 EDT,41.77367,-73.57542,423,79.3,79.9,79.3,71.0,69.1,0.000,0.000,0.00,0.000,1.6,3.2,0.7,295,25,1.8,3.6,0.7,303,23,1.6,3.2,0.7,295,25,165,29.64,,0,0,0,76.8,71.8,70.6,0.16,0.17,0.10
DOVE,2017-08-21 18:25:00 EDT,41.77367,-73.57542,423,78.8,79.3,78.8,72.8,69.3,0.000,0.000,0.00,0.000,1.6,3.0,0.5,293,34,1.8,3.5,0.5,296,31,1.6,3.0,0.5,293,34,152,29.63,,0,0,0,76.8,71.8,70.5,0.16,0.17,0.09
DOVE,2017-08-21 18:30:00 EDT,41.77367,-73.57542,423,77.8,78.0,77.8,74.8,69.1,0.000,0.000,0.00,0.000,1.8,2.4,0.3,320,5,2.0,2.9,0.4,324,6,1.8,2.4,0.3,320,5,103,29.63,,0,0,0,76.8,71.8,70.6,0.16,0.17,0.10
DOVE,2017-08-21 18:35:00 EDT,41.77367,-73.57542,423,76.9,77.4,76.9,76.2,68.9,0.000,0.000,0.00,0.000,2.0,2.9,0.4,323,11,2.3,3.4,0.5,325,10,2.0,2.9,0.4,323,11,100,29.63,,0,0,0,76.8,71.8,70.6,0.16,0.17,0.09
DOVE,2017-08-21 18:40:00 EDT,41.77367,-73.57542,423,76.2,76.9,76.2,77.3,68.6,0.000,0.000,0.00,0.000,2.0,3.2,0.4,307,11,2.1,3.4,0.4,311,9,2.0,3.2,0.4,307,11,95,29.63,,0,0,0,76.8,71.8,70.6,0.16,0.17,0.10
DOVE,2017-08-21 18:45:00 EDT,41.77367,-73.57542,423,76.1,76.5,76.1,77.9,68.7,0.000,0.000,0.00,0.000,1.4,2.3,0.4,285,12,1.7,2.6,0.3,290,13,1.4,2.3,0.4,285,12,76,29.63,,0,0,0,76.8,71.8,70.5,0.16,0.17,0.10
DOVE,2017-08-21 18:50:00 EDT,41.77367,-73.57542,423,76.0,76.2,76.0,77.3,68.4,0.000,0.000,0.00,0.000,1.3,1.8,0.2,288,7,1.5,2.0,0.2,295,9,1.3,1.8,0.2,288,7,69,29.63,,0,0,0,76.8,71.8,70.5,0.16,0.17,0.10
DOVE,2017-08-21 18:55:00 EDT,41.77367,-73.57542,423,75.4,76.0,75.4,79.3,68.6,0.000,0.000,0.00,0.000,1.3,2.0,0.3,299,5,1.4,2.0,0.3,310,5,1.3,2.0,0.3,299,5,62,29.63,,0,0,0,76.8,71.8,70.5,0.16,0.17,0.10
DOVE,2017-08-21 19:00:00 EDT,41.77367,-73.57542,423,74.7,75.6,74.7,81.6,68.7,0.000,0.000,0.00,0.000,0.8,1.3,0.4,314,8,1.0,1.6,0.3,321,8,0.8,1.3,0.4,314,8,35,29.63,,0,0,0,76.8,71.8,70.6,0.16,0.17,0.10
DOVE,2017-08-21 19:05:00 EDT,41.77367,-73.57542,423,73.7,75.3,73.7,84.2,68.6,0.000,0.000,0.00,0.000,0.0,0.0,0.0,0,0,0.0,0.8,0.1,349,4,0.0,0.0,0.0,0,0,20,29.63,,0,0,0,76.8,71.8,70.5,0.16,0.17,0.10
DOVE,2017-08-21 19:10:00 EDT,41.77367,-73.57542,423,73.4,74.8,73.4,85.8,68.9,0.000,0.000,0.00,0.000,0.4,1.2,0.4,72,0,0.6,1.5,0.6,87,4,0.4,1.2,0.4,72,0,16,29.63,,0,0,0,76.7,71.8,70.5,0.16,0.17,0.10
DOVE,2017-08-21 19:15:00 EDT,41.77367,-73.57542,423,73.2,74.3,73.2,86.8,69.0,0.000,0.000,0.00,0.000,0.2,1.2,0.4,73,0,1.1,1.9,0.6,2,35,0.2,1.2,0.4,73,0,10,29.63,,0,0,0,76.6,71.9,70.5,0.17,0.17,0.10
DOVE,2017-08-21 19:20:00 EDT,41.77367,-73.57542,423,73.1,74.4,73.1,86.4,68.8,0.000,0.000,0.00,0.000,1.9,2.9,0.7,309,6,2.2,3.3,0.5,315,7,1.9,2.9,0.7,309,6,8,29.63,,0,0,0,76.5,72.0,70.5,0.16,0.17,0.10
DOVE,2017-08-21 19:25:00 EDT,41.77367,-73.57542,423,72.7,74.0,72.7,87.5,68.8,0.000,0.000,0.00,0.000,1.9,2.4,0.2,310,7,1.9,2.8,0.3,313,6,1.9,2.4,0.2,310,7,7,29.63,,0,0,0,76.5,72.1,70.6,0.16,0.17,0.10
DOVE,2017-08-21 19:30:00 EDT,41.77367,-73.57542,423,72.1,73.8,72.1,87.9,68.3,0.000,0.000,0.00,0.000,0.5,1.7,0.6,329,1,0.8,2.2,0.7,318,12,0.5,1.7,0.6,329,1,5,29.63,,0,0,0,76.5,72.1,70.6,0.16,0.17,0.10
DOVE,2017-08-21 19:35:00 EDT,41.77367,-73.57542,423,72.5,73.6,72.5,89.0,69.1,0.000,0.000,0.00,0.000,0.9,1.4,0.3,292,9,1.3,1.7,0.2,298,8,0.9,1.4,0.3,292,9,4,29.63,,0,0,0,76.5,72.2,70.5,0.16,0.17,0.10
DOVE,2017-08-21 19:40:00 EDT,41.77367,-73.57542,423,71.8,73.3,71.8,89.3,68.5,0.000,0.000,0.00,0.000,0.1,0.7,0.2,273,6,0.5,1.4,0.5,270,11,0.1,0.7,0.2,273,6,3,29.63,,0,0,0,76.5,72.3,70.6,0.16,0.17,0.10
DOVE,2017-08-21 19:45:00 EDT,41.77367,-73.57542,423,71.6,73.0,71.6,89.8,68.5,0.000,0.000,0.00,0.000,0.0,0.0,0.0,0,0,0.0,0.0,0.0,0,0,0.0,0.0,0.0,0,0,2,29.63,,0,0,0,76.5,72.3,70.6,0.16,0.17,0.10
DOVE,2017-08-21 19:50:00 EDT,41.77367,-73.57542,423,70.7,72.5,70.7,90.6,67.8,0.000,0.000,0.00,0.000,0.0,0.0,0.0,0,0,0.1,0.8,0.2,71,1,0.0,0.0,0.0,0,0,2,29.63,,0,0,0,76.5,72.3,70.5,0.16,0.17,0.10
DOVE,2017-08-21 19:55:00 EDT,41.77367,-73.57542,423,69.9,71.9,69.9,92.2,67.6,0.000,0.000,0.00,0.000,0.1,0.7,0.2,146,0,0.3,1.2,0.5,152,5,0.1,0.7,0.2,146,0,1,29.64,,0,0,0,76.3,72.3,70.6,0.16,0.17,0.10
DOVE,2017-08-21 20:00:00 EDT,41.77367,-73.57542,423,69.7,71.7,69.7,93.9,67.9,0.000,0.000,0.00,0.000,0.0,0.0,0.0,0,0,0.0,0.0,0.0,0,0,0.0,0.0,0.0,0,0,0,29.64,,0,0,0,75.9,72.3,70.6,0.16,0.17,0.10
DOVE,2017-08-21 20:05:00 EDT,41.77367,-73.57542,423,70.1,71.8,70.1,95.2,68.7,0.000,0.000,0.00,0.000,0.0,0.6,0.1,146,0,0.5,1.8,0.6,194,5,0.0,0.6,0.1,146,0,0,29.64,,0,0,0,75.9,72.3,70.6,0.16,0.17,0.10
DOVE,2017-08-21 20:10:00 EDT,41.77367,-73.57542,423,69.2,71.3,69.2,94.6,67.6,0.000,0.000,0.00,0.000,0.1,0.5,0.1,146,0,0.4,1.2,0.5,158,6,0.1,0.5,0.1,146,0,0,29.64,,0,0,0,75.9,72.3,70.6,0.16,0.17,0.10
DOVE,2017-08-21 20:15:00 EDT,41.77367,-73.57542,423,69.8,71.1,69.8,96.1,68.6,0.000,0.000,0.00,0.000,0.0,0.0,0.0,0,0,0.0,0.0,0.0,0,0,0.0,0.0,0.0,0,0,0,29.64,,0,0,0,75.9,72.3,70.6,0.16,0.17,0.10
DOVE,2017-08-21 20:20:00 EDT,41.77367,-73.57542,423,69.8,71.3,69.8,96.3,68.7,0.000,0.000,0.00,0.000,0.9,1.8,0.5,305,15,1.3,2.0,0.4,309,8,0.9,1.8,0.5,305,15,0,29.64,,0,0,0,75.9,72.3,70.6,0.16,0.17,0.10
DOVE,2017-08-21 20:25:00 EDT,41.77367,-73.57542,423,69.8,71.2,69.8,96.1,68.6,0.000,0.000,0.00,0.000,0.4,1.6,0.5,313,0,0.8,1.7,0.5,317,29,0.4,1.6,0.5,313,0,0,29.64,,0,0,0,75.6,72.3,70.6,0.16,0.17,0.10
DOVE,2017-08-21 20:30:00 EDT,41.77367,-73.57542,423,68.6,70.5,68.6,96.1,67.5,0.000,0.000,0.00,0.000,0.5,1.5,0.5,98,28,1.0,1.7,0.6,98,43,0.5,1.5,0.5,98,28,0,29.64,,0,0,0,75.6,72.3,70.6,0.16,0.17,0.10
DOVE,2017-08-21 20:35:00 EDT,41.77367,-73.57542,423,68.9,70.4,68.9,97.0,68.1,0.000,0.000,0.00,0.000,2.2,3.4,0.9,310,33,2.4,3.7,0.7,317,39,2.2,3.4,0.9,310,33,0,29.64,,0,0,0,75.6,72.3,70.6,0.16,0.17,0.10
DOVE,2017-08-21 20:40:00 EDT,41.77367,-73.57542,423,69.8,70.6,69.8,96.8,68.9,0.000,0.000,0.00,0.000,0.3,1.6,0.5,293,30,0.7,1.9,0.6,313,35,0.3,1.6,0.5,293,30,0,29.64,,0,0,0,75.6,72.3,70.6,0.16,0.17,0.10
DOVE,2017-08-21 20:45:00 EDT,41.77367,-73.57542,423,70.0,70.9,70.0,95.3,68.6,0.000,0.000,0.00,0.000,1.0,2.1,0.7,307,8,1.3,2.3,0.5,302,30,1.0,2.1,0.7,307,8,0,29.64,,0,0,0,75.6,72.3,70.6,0.16,0.17,0.09
DOVE,2017-08-21 20:50:00 EDT,41.77367,-73.57542,423,68.7,70.5,68.7,94.1,67.0,0.000,0.000,0.00,0.000,0.4,2.1,0.7,349,27,1.0,2.9,0.8,17,50,0.4,2.1,0.7,349,27,0,29.65,,0,0,0,75.6,72.3,70.7,0.16,0.17,0.10
DOVE,2017-08-21 20:55:00 EDT,41.77367,-73.57542,423,69.0,70.2,69.0,95.1,67.5,0.000,0.000,0.00,0.000,0.3,1.4,0.4,318,28,0.7,1.7,0.6,335,39,0.3,1.4,0.4,318,28,0,29.65,,0,0,0,75.3,72.3,70.6,0.16,0.17,0.10
DOVE,2017-08-21 21:00:00 EDT,41.77367,-73.57542,423,68.6,70.2,68.6,95.6,67.3,0.000,0.000,0.00,0.000,0.2,1.0,0.3,334,0,0.4,1.6,0.5,343,21,0.2,1.0,0.3,334,0,0,29.65,,0,0,0,75.0,72.3,70.6,0.16,0.17,0.10
DOVE,2017-08-21 21:05:00 EDT,41.77367,-73.57542,423,68.2,69.9,68.2,95.6,66.8,0.000,0.000,0.00,0.000,0.0,0.0,0.0,0,0,0.1,1.1,0.3,353,2,0.0,0.0,0.0,0,0,0,29.65,,0,0,0,75.0,72.3,70.6,0.16,0.17,0.10
DOVE,2017-08-21 21:10:00 EDT,41.77367,-73.57542,423,67.8,69.6,67.8,96.0,66.6,0.000,0.000,0.00,0.000,0.0,0.0,0.0,0,0,0.0,0.7,0.1,136,0,0.0,0.0,0.0,0,0,0,29.64,,0,0,0,75.0,72.3,70.6,0.16,0.17,0.10
DOVE,2017-08-21 21:15:00 EDT,41.77367,-73.57542,423,68.2,69.5,68.2,96.8,67.3,0.000,0.000,0.00,0.000,0.0,0.0,0.0,0,0,0.1,0.9,0.2,6,2,0.0,0.0,0.0,0,0,0,29.64,,0,0,0,75.0,72.3,70.6,0.16,0.17,0.10
DOVE,2017-08-21 21:20:00 EDT,41.77367,-73.57542,423,68.2,69.7,68.2,97.3,67.4,0.000,0.000,0.00,0.000,0.2,1.2,0.4,335,0,0.4,1.5,0.6,333,8,0.2,1.2,0.4,335,0,0,29.64,,0,0,0,75.0,72.3,70.6,0.16,0.17,0.10
DOVE,2017-08-21 21:25:00 EDT,41.77367,-73.57542,423,68.1,69.7,68.1,97.4,67.3,0.000,0.000,0.00,0.000,0.0,0.0,0.0,0,0,0.1,1.0,0.3,342,6,0.0,0.0,0.0,0,0,0,29.64,,0,0,0,74.8,72.3,70.6,0.16,0.17,0.10
DOVE,2017-08-21 21:30:00 EDT,41.77367,-73.57542,423,67.8,69.6,67.8,97.5,67.0,0.000,0.000,0.00,0.000,0.1,0.9,0.3,327,11,0.5,1.8,0.5,17,35,0.1,0.9,0.3,327,11,0,29.64,,0,0,0,74.7,72.3,70.7,0.16,0.17,0.10
DOVE,2017-08-21 21:35:00 EDT,41.77367,-73.57542,423,66.7,69.0,66.7,97.1,65.9,0.000,0.000,0.00,0.000,0.6,1.5,0.4,311,27,1.3,2.2,0.3,105,22,0.6,1.5,0.4,311,27,0,29.64,,0,0,0,74.7,72.3,70.7,0.16,0.17,0.10
DOVE,2017-08-21 21:40:00 EDT,41.77367,-73.57542,423,66.8,68.7,66.8,97.2,66.0,0.000,0.000,0.00,0.000,1.4,1.8,0.3,75,12,1.8,2.2,0.3,77,13,1.4,1.8,0.3,75,12,0,29.65,,0,0,0,74.7,72.3,70.7,0.16,0.17,0.10
DOVE,2017-08-21 21:45:00 EDT,41.77367,-73.57542,423,66.6,69.1,66.6,97.4,65.9,0.000,0.000,0.00,0.000,0.8,1.8,0.7,48,14,1.3,2.0,0.4,46,21,0.8,1.8,0.7,48,14,0,29.65,,0,0,0,74.7,72.3,70.7,0.16,0.17,0.10
DOVE,2017-08-21 21:50:00 EDT,41.77367,-73.57542,423,66.7,69.1,66.7,97.8,66.0,0.000,0.000,0.00,0.000,0.3,1.1,0.4,59,18,1.0,1.5,0.3,41,22,0.3,1.1,0.4,59,18,0,29.65,,0,0,0,74.7,72.3,70.6,0.16,0.17,0.10
DOVE,2017-08-21 21:55:00 EDT,41.77367,-73.57542,423,66.7,69.1,66.7,97.8,66.1,0.000,0.000,0.00,0.000,0.1,0.9,0.2,352,10,0.5,1.7,0.6,33,35,0.1,0.9,0.2,352,10,0,29.65,,0,0,0,74.7,72.3,70.7,0.16,0.17,0.10
DOVE,2017-08-21 22:00:00 EDT,41.77367,-73.57542,423,66.6,68.9,66.6,97.9,66.0,0.000,0.000,0.00,0.000,0.0,0.0,0.0,0,0,0.6,1.5,0.6,44,34,0.0,0.0,0.0,0,0,0,29.64,,0,0,0,74.7,72.3,70.7,0.16,0.17,0.10
DOVE,2017-08-21 22:05:00 EDT,41.77367,-73.57542,423,67.3,69.2,67.3,98.1,66.8,0.000,0.000,0.00,0.000,0.5,1.5,0.5,330,7,1.0,2.1,0.6,336,19,0.5,1.5,0.5,330,7,0,29.64,,0,0,0,74.6,72.3,70.7,0.16,0.17,0.10
DOVE,2017-08-21 22:10:00 EDT,41.77367,-73.57542,423,67.7,69.4,67.7,98.2,67.2,0.000,0.000,0.00,0.000,0.5,1.8,0.5,314,13,0.9,2.0,0.6,317,21,0.5,1.8,0.5,314,13,0,29.64,,0,0,0,74.3,72.3,70.7,0.16,0.17,0.10
DOVE,2017-08-21 22:15:00 EDT,41.77367,-73.57542,423,66.7,69.4,66.7,97.9,66.0,0.000,0.000,0.00,0.000,0.8,1.5,0.5,2,16,1.2,2.0,0.5,9,19,0.8,1.5,0.5,2,16,0,29.64,,0,0,0,74.3,72.3,70.7,0.16,0.17,0.10
DOVE,2017-08-21 22:20:00 EDT,41.77367,-73.57542,423,66.6,68.9,66.6,97.9,66.0,0.000,0.000,0.00,0.000,1.0,1.8,0.3,66,22,1.4,2.0,0.3,74,25,1.0,1.8,0.3,66,22,0,29.65,,0,0,0,74.3,72.3,70.7,0.16,0.17,0.10
DOVE,2017-08-21 22:25:00 EDT,41.77367,-73.57542,423,66.5,69.0,66.5,97.9,65.9,0.000,0.000,0.00,0.000,0.8,1.9,0.7,5,30,1.2,2.6,0.9,14,25,0.8,1.9,0.7,5,30,0,29.65,,0,0,0,74.3,72.3,70.7,0.16,0.17,0.09
DOVE,2017-08-21 22:30:00 EDT,41.77367,-73.57542,423,66.2,68.8,66.2,97.9,65.6,0.000,0.000,0.00,0.000,0.4,1.0,0.4,19,6,0.7,1.4,0.5,32,18,0.4,1.0,0.4,19,6,0,29.65,,0,0,0,74.3,72.3,70.7,0.16,0.17,0.10
DOVE,2017-08-21 22:35:00 EDT,41.77367,-73.57542,423,66.2,68.4,66.2,98.0,65.6,0.000,0.000,0.00,0.000,0.0,0.4,0.1,14,0,1.1,1.6,0.3,89,22,0.0,0.4,0.1,14,0,0,29.65,,0,0,0,74.1,72.3,70.7,0.16,0.17,0.09
DOVE,2017-08-21 22:40:00 EDT,41.77367,-73.57542,423,66.8,68.5,66.8,98.2,66.3,0.000,0.000,0.00,0.000,0.2,0.9,0.3,35,12,0.9,1.5,0.4,67,25,0.2,0.9,0.3,35,12,0,29.65,,0,0,0,74.0,72.3,70.7,0.16,0.17,0.10
DOVE,2017-08-21 22:45:00 EDT,41.77367,-73.57542,423,66.5,68.4,66.5,98.0,65.9,0.000,0.000,0.00,0.000,0.3,0.9,0.4,102,7,0.4,1.5,0.6,112,7,0.3,0.9,0.4,102,7,0,29.65,,0,0,0,73.9,72.3,70.7,0.16,0.17,0.10
DOVE,2017-08-21 22:50:00 EDT,41.77367,-73.57542,423,67.2,68.4,67.2,98.3,66.7,0.000,0.000,0.00,0.000,0.0,0.0,0.0,0,0,0.6,1.3,0.5,326,23,0.0,0.0,0.0,0,0,0,29.64,,0,0,0,73.9,72.3,70.7,0.16,0.17,0.10
DOVE,2017-08-21 22:55:00 EDT,41.77367,-73.57542,423,67.2,68.5,67.2,98.4,66.7,0.000,0.000,0.00,0.000,0.5,1.4,0.5,298,29,0.9,1.5,0.4,286,34,0.5,1.4,0.5,298,29,0,29.64,,0,0,0,73.9,72.4,70.7,0.16,0.17,0.10
DOVE,2017-08-21 23:00:00 EDT,41.77367,-73.57542,423,67.4,68.6,67.4,98.4,66.9,0.000,0.000,0.00,0.000,1.3,1.7,0.2,267,22,1.6,2.1,0.3,278,22,1.3,1.7,0.2,267,22,0,29.64,,0,0,0,73.9,72.4,70.7,0.16,0.17,0.10
DOVE,2017-08-21 23:05:00 EDT,41.77367,-73.57542,423,67.3,68.7,67.3,98.2,66.7,0.000,0.000,0.00,0.000,0.9,1.5,0.3,258,11,1.4,2.1,0.3,265,13,0.9,1.5,0.3,258,11,0,29.64,,0,0,0,73.9,72.3,70.7,0.16,0.17,0.10
DOVE,2017-08-21 23:10:00 EDT,41.77367,-73.57542,423,67.0,68.7,67.0,98.1,66.5,0.000,0.000,0.00,0.000,0.3,1.4,0.5,236,10,0.6,1.7,0.6,247,17,0.3,1.4,0.5,236,10,0,29.64,,0,0,0,73.9,72.3,70.7,0.16,0.17,0.10
DOVE,2017-08-21 23:15:00 EDT,41.77367,-73.57542,423,67.0,68.8,67.0,98.0,66.4,0.000,0.000,0.00,0.000,0.5,1.4,0.5,298,19,1.0,2.1,0.6,310,29,0.5,1.4,0.5,298,19,0,29.64,,0,0,0,73.7,72.3,70.7,0.16,0.17,0.10
DOVE,2017-08-21 23:20:00 EDT,41.77367,-73.57542,423,66.9,68.7,66.9,98.1,66.4,0.000,0.000,0.00,0.000,1.5,2.7,0.6,311,23,1.7,2.8,0.6,310,22,1.5,2.7,0.6,311,23,0,29.64,,0,0,0,73.5,72.3,70.7,0.16,0.17,0.10
DOVE,2017-08-21 23:25:00 EDT,41.77367,-73.57542,423,67.1,68.6,67.1,98.0,66.5,0.000,0.000,0.00,0.000,0.7,2.0,0.6,298,18,1.1,1.8,0.6,304,27,0.7,2.0,0.6,298,18,0,29.64,,0,0,0,73.4,72.3,70.7,0.16,0.17,0.10
DOVE,2017-08-21 23:30:00 EDT,41.77367,-73.57542,423,66.6,68.1,66.6,97.7,65.9,0.000,0.000,0.00,0.000,0.3,1.5,0.5,175,31,0.9,2.0,0.6,222,60,0.3,1.5,0.5,175,31,0,29.64,,0,0,0,73.4,72.3,70.8,0.16,0.17,0.10
DOVE,2017-08-21 23:35:00 EDT,41.77367,-73.57542,423,66.1,68.2,66.1,97.6,65.4,0.000,0.000,0.00,0.000,0.2,1.1,0.3,170,16,0.6,1.7,0.6,200,37,0.2,1.1,0.3,170,16,0,29.64,,0,0,0,73.4,72.3,70.8,0.16,0.17,0.10
DOVE,2017-08-21 23:40:00 EDT,41.77367,-73.57542,423,66.5,67.9,66.5,97.8,65.9,0.000,0.000,0.00,0.000,0.6,2.0,0.7,335,26,1.0,2.9,0.9,337,12,0.6,2.0,0.7,335,26,0,29.64,,0,0,0,73.4,72.4,70.8,0.16,0.17,0.10
DOVE,2017-08-21 23:45:00 EDT,41.77367,-73.57542,423,66.0,68.0,66.0,97.9,65.4,0.000,0.000,0.00,0.000,0.0,0.7,0.1,320,0,0.3,1.1,0.4,351,8,0.0,0.7,0.1,320,0,0,29.64,,0,0,0,73.4,72.4,70.8,0.16,0.17,0.10
DOVE,2017-08-21 23:50:00 EDT,41.77367,-73.57542,423,66.0,67.7,66.0,97.9,65.4,0.000,0.000,0.00,0.000,0.2,1.5,0.4,256,33,0.5,2.0,0.6,245,48,0.2,1.5,0.4,256,33,0,29.64,,0,0,0,73.4,72.4,70.7,0.16,0.17,0.10
DOVE,2017-08-21 23:55:00 EDT,41.77367,-73.57542,423,66.2,67.8,66.2,98.1,65.6,0.000,0.000,0.00,0.000,1.1,1.9,0.5,277,38,1.4,2.3,0.3,277,37,1.1,1.9,0.5,277,38,0,29.64,,0,0,0,73.2,72.4,70.8,0.16,0.17,0.10
DUAN,2017-08-21 00:00:00 EDT,42.80319,-74.17361,1369,64.2,65.3,64.2,81.6,58.4,0.000,0.000,0.00,0.000,4.7,7.5,0.9,211,13,4.7,9.0,1.0,217,9,4.7,7.5,0.9,211,13,0,28.72,,0,0,0,68.2,68.1,67.0,0.38,0.34,0.34
DUAN,2017-08-21 00:05:00 EDT,42.80319,-74.17361,1369,64.2,65.2,64.2,81.6,58.5,0.000,0.000,0.00,0.000,5.0,7.7,1.0,213,13,5.1,9.4,1.1,219,12,5.0,7.7,1.0,213,13,0,28.72,,0,0,0,68.2,68.0,66.9,0.38,0.34,0.34
DUAN,2017-08-21 00:10:00 EDT,42.80319,-74.17361,1369,63.9,65.1,63.9,82.0,58.3,0.000,0.000,0.00,0.000,5.4,7.5,0.9,209,11,5.5,7.8,1.1,215,8,5.4,7.5,0.9,209,11,0,28.72,,0,0,0,68.2,68.0,67.0,0.38,0.34,0.34
DUAN,2017-08-21 00:15:00 EDT,42.80319,-74.17361,1369,63.5,64.8,63.5,83.1,58.3,0.000,0.000,0.00,0.000,5.0,7.4,1.0,204,10,5.2,8.2,1.2,211,10,5.0,7.4,1.0,204,10,0,28.72,,0,0,0,68.2,68.0,67.0,0.38,0.34,0.34
DUAN,2017-08-21 00:20:00 EDT,42.80319,-74.17361,1369,63.5,64.6,63.5,83.5,58.4,0.000,0.000,0.00,0.000,5.3,7.2,0.9,207,12,5.4,8.1,1.1,214,9,5.3,7.2,0.9,207,12,0,28.72,,0,0,0,68.2,68.0,67.0,0.38,0.34,0.34
DUAN,2017-08-21 00:25:00 EDT,42.80319,-74.17361,1369,63.5,64.6,63.5,83.0,58.3,0.000,0.000,0.00,0.000,5.0,7.5,0.9,208,10,5.3,8.2,1.0,213,9,5.0,7.5,0.9,208,10,0,28.72,,0,0,0,68.2,67.9,67.1,0.38,0.34,0.34
DUAN,2017-08-21 00:30:00 EDT,42.80319,-74.17361,1369,63.5,64.8,63.5,83.0,58.2,0.000,0.000,0.00,0.000,5.3,7.2,0.9,209,11,5.5,8.1,1.0,215,8,5.3,7.2,0.9,209,11,0,28.72,,0,0,0,68.1,67.9,67.0,0.37,0.34,0.34
DUAN,2017-08-21 00:35:00 EDT,42.80319,-74.17361,1369,63.9,65.3,63.9,82.2,58.3,0.000,0.000,0.00,0.000,5.5,7.9,0.9,210,11,5.6,8.2,1.0,216,9,5.5,7.9,0.9,210,11,0,28.73,,0,0,0,67.9,67.9,67.0,0.38,0.34,0.34
DUAN,2017-08-21 00:40:00 EDT,42.80319,-74.17361,1369,64.3,65.5,64.3,80.5,58.2,0.000,0.000,0.00,0.000,5.4,8.2,1.0,210,12,5.6,8.7,1.3,215,11,5.4,8.2,1.0,210,12,0,28.73,,0,0,0,67.8,67.9,67.1,0.38,0.34,0.34
DUAN,2017-08-21 00:45:00 EDT,42.80319,-74.17361,1369,64.4,65.4,64.4,79.8,58.1,0.000,0.000,0.00,0.000,5.8,9.4,1.2,212,12,6.1,9.1,1.3,216,11,5.8,9.4,1.2,212,12,0,28.73,,0,0,0,67.8,67.9,67.1,0.38,0.34,0.34
DUAN,2017-08-21 00:50:00 EDT,42.80319,-74.17361,1369,64.3,65.0,64.3,79.9,57.9,0.000,0.000,0.00,0.000,5.6,8.0,1.2,211,15,5.8,9.6,1.4,215,12,5.6,8.0,1.2,211,15,0,28.73,,0,0,0,67.8,67.9,67.1,0.37,0.34,0.34
DUAN,2017-08-21 00:55:00 EDT,42.80319,-74.17361,1369,63.7,64.5,63.7,81.0,57.8,0.000,0.000,0.00,0.000,5.4,9.5,1.2,211,14,5.6,9.5,1.3,217,12,5.4,9.5,1.2,211,14,0,28.73,,0,0,0,67.8,68.0,67.1,0.38,0.34,0.34
DUAN,2017-08-21 01:00:00 EDT,42.80319,-74.17361,1369,63.6,64.5,63.6,81.9,58.0,0.000,0.000,0.00,0.000,5.6,8.8,1.0,205,13,6.0,9.0,1.2,211,10,5.6,8.8,1.0,205,13,0,28.73,,0,0,0,67.8,67.9,67.1,0.38,0.34,0.33
DUAN,2017-08-21 01:05:00 EDT,42.80319,-74.17361,1369,63.3,64.3,63.3,83.0,58.0,0.000,0.000,0.00,0.000,5.1,7.1,0.7,199,12,5.3,8.2,0.9,205,10,5.1,7.1,0.7,199,12,0,28.73,,0,0,0,67.8,67.9,67.1,0.37,0.34,0.33
DUAN,2017-08-21 01:10:00 EDT,42.80319,-74.17361,1369,63.7,65.1,63.7,82.6,58.3,0.000,0.000,0.00,0.000,5.0,7.0,0.9,207,12,5.2,7.1,0.9,213,10,5.0,7.0,0.9,207,12,0,28.73,,0,0,0,67.8,67.9,67.1,0.38,0.34,0.33
DUAN,2017-08-21 01:15:00 EDT,42.80319,-74.17361,1369,64.3,65.8,64.3,80.8,58.2,0.000,0.000,0.00,0.000,4.5,8.5,1.2,210,14,4.7,8.5,1.2,218,12,4.5,8.5,1.2,210,14,0,28.72,,0,0,0,67.8,67.8,67.1,0.37,0.34,0.34
DUAN,2017-08-21 01:20:00 EDT,42.80319,-74.17361,1369,64.1,65.4,64.1,80.3,57.9,0.000,0.000,0.00,0.000,5.0,7.2,0.9,208,12,5.2,7.9,0.9,215,10,5.0,7.2,0.9,208,12,0,28.72,,0,0,0,67.8,67.8,67.1,0.38,0.34,0.33
DUAN,2017-08-21 01:25:00 EDT,42.80319,-74.17361,1369,64.2,65.6,64.2,80.6,58.1,0.000,0.000,0.00,0.000,4.8,6.2,0.7,213,13,4.7,6.6,0.8,220,10,4.8,6.2,0.7,213,13,0,28.72,,0,0,0,67.8,67.8,67.1,0.38,0.34,0.33
DUAN,2017-08-21 01:30:00 EDT,42.80319,-74.17361,1369,64.5,65.8,64.5,79.6,58.0,0.000,0.000,0.00,0.000,4.3,6.5,0.8,218,17,4.5,6.6,1.0,224,14,4.3,6.5,0.8,218,17,0,28.72,,0,0,0,67.8,67.8,67.1,0.37,0.34,0.33
DUAN,2017-08-21 01:35:00 EDT,42.80319,-74.17361,1369,65.2,66.6,65.2,77.4,57.9,0.000,0.000,0.00,0.000,3.9,6.6,1.0,224,16,3.9,7.4,1.2,231,14,3.9,6.6,1.0,224,16,0,28.72,,0,0,0,67.8,67.8,67.1,0.37,0.34,0.33
DUAN,2017-08-21 01:40:00 EDT,42.80319,-74.17361,1369,65.1,66.1,65.1,76.7,57.7,0.000,0.000,0.00,0.000,3.5,5.0,0.7,223,14,3.6,5.4,0.8,228,14,3.5,5.0,0.7,223,14,0,28.72,,0,0,0,67.8,67.8,67.1,0.37,0.33,0.33
DUAN,2017-08-21 01:45:00 EDT,42.80319,-74.17361,1369,64.0,64.7,64.0,78.6,57.2,0.000,0.000,0.00,0.000,3.7,6.0,1.1,217,15,3.9,6.5,1.3,223,13,3.7,6.0,1.1,217,15,0,28.72,,0,0,0,67.8,67.8,67.1,0.37,0.34,0.33
DUAN,2017-08-21 01:50:00 EDT,42.80319,-74.17361,1369,63.4,64.2,63.4,81.1,57.5,0.000,0.000,0.00,0.000,3.0,5.3,0.9,213,14,3.2,6.1,1.0,218,13,3.0,5.3,0.9,213,14,0,28.72,,0,0,0,67.7,67.8,67.1,0.37,0.34,0.33
DUAN,2017-08-21 01:55:00 EDT,42.80319,-74.17361,1369,63.2,64.1,63.2,82.5,57.7,0.000,0.000,0.00,0.000,3.7,5.3,0.8,216,15,3.9,6.6,0.9,222,12,3.7,5.3,0.8,216,15,0,28.72,,0,0,0,67.5,67.8,67.1,0.37,0.34,0.33
DUAN,2017-08-21 02:00:00 EDT,42.80319,-74.17361,1369,63.3,64.4,63.3,82.5,57.9,0.000,0.000,0.00,0.000,4.2,6.2,0.8,220,17,4.5,8.5,1.1,227,15,4.2,6.2,0.8,220,17,0,28.72,,0,0,0,67.5,67.8,67.1,0.37,0.34,0.33
DUAN,2017-08-21 02:05:00 EDT,42.80319,-74.17361,1369,63.4,64.1,63.4,82.0,57.8,0.000,0.000,0.00,0.000,2.4,5.0,1.2,233,19,2.9,5.9,1.3,241,19,2.4,5.0,1.2,233,19,0,28.72,,0,0,0,67.5,67.8,67.1,0.37,0.34,0.33
DUAN,2017-08-21 02:10:00 EDT,42.80319,-74.17361,1369,62.7,63.7,62.7,82.5,57.3,0.000,0.000,0.00,0.000,1.7,4.5,1.1,258,25,2.0,5.1,1.2,262,26,1.7,4.5,1.1,258,25,0,28.72,,0,0,0,67.5,67.8,67.1,0.37,0.34,0.33
DUAN,2017-08-21 02:15:00 EDT,42.80319,-74.17361,1369,61.5,63.3,61.5,85.0,57.0,0.000,0.000,0.00,0.000,1.1,3.6,0.9,239,21,1.6,4.9,1.0,252,27,1.1,3.6,0.9,239,21,0,28.72,,0,0,0,67.5,67.8,67.1,0.37,0.34,0.33
DUAN,2017-08-21 02:20:00 EDT,42.80319,-74.17361,1369,62.9,63.8,62.9,84.5,58.1,0.000,0.000,0.00,0.000,2.6,5.5,1.0,243,18,2.9,5.3,1.0,249,19,2.6,5.5,1.0,243,18,0,28.72,,0,0,0,67.5,67.8,67.1,0.37,0.34,0.33
DUAN,2017-08-21 02:25:00 EDT,42.80319,-74.17361,1369,63.3,64.3,63.3,82.9,58.1,0.000,0.000,0.00,0.000,3.0,6.9,1.4,232,21,3.4,7.6,1.4,238,20,3.0,6.9,1.4,232,21,0,28.72,,0,0,0,67.5,67.8,67.1,0.37,0.34,0.33
DUAN,2017-08-21 02:30:00 EDT,42.80319,-74.17361,1369,63.9,64.9,63.9,80.8,57.9,0.000,0.000,0.00,0.000,3.8,6.4,1.0,231,18,4.1,7.2,1.4,236,18,3.8,6.4,1.0,231,18,0,28.72,,0,0,0,67.5,67.8,67.1,0.37,0.34,0.33
DUAN,2017-08-21 02:35:00 EDT,42.80319,-74.17361,1369,64.2,65.0,64.2,79.8,57.8,0.000,0.000,0.00,0.000,4.2,7.9,1.3,223,15,4.3,7.8,1.3,230,14,4.2,7.9,1.3,223,15,0,28.72,,0,0,0,67.5,67.8,67.1,0.37,0.34,0.33
DUAN,2017-08-21 02:40:00 EDT,42.80319,-74.17361,1369,64.1,64.8,64.1,79.8,57.7,0.000,0.000,0.00,0.000,4.5,7.5,1.2,223,16,4.5,8.1,1.4,231,13,4.5,7.5,1.2,223,16,0,28.72,,0,0,0,67.5,67.8,67.1,0.37,0.34,0.33
DUAN,2017-08-21 02:45:00 EDT,42.80319,-74.17361,1369,64.2,65.0,64.2,79.9,57.9,0.000,0.000,0.00,0.000,5.1,7.8,1.2,224,18,5.2,9.9,1.4,232,16,5.1,7.8,1.2,224,18,0,28.72,,0,0,0,67.5,67.8,67.1,0.37,0.34,0.33
DUAN,2017-08-21 02:50:00 EDT,42.80319,-74.17361,1369,63.8,64.3,63.8,80.5,57.7,0.000,0.000,0.00,0.000,4.8,8.3,1.1,230,18,5.2,9.9,1.4,235,16,4.8,8.3,1.1,230,18,0,28.72,,0,0,0,67.4,67.8,67.1,0.38,0.34,0.33
DUAN,2017-08-21 02:55:00 EDT,42.80319,-74.17361,1369,63.7,64.2,63.7,81.1,57.8,0.000,0.000,0.00,0.000,4.2,8.0,1.4,232,22,4.6,8.6,1.6,239,20,4.2,8.0,1.4,232,22,0,28.72,,0,0,0,67.3,67.8,67.1,0.37,0.34,0.33
DUAN,2017-08-21 03:00:00 EDT,42.80319,-74.17361,1369,63.3,63.8,63.3,81.7,57.6,0.000,0.000,0.00,0.000,3.7,8.5,1.4,237,18,4.0,8.8,1.5,246,17,3.7,8.5,1.4,237,18,0,28.72,,0,0,0,67.1,67.8,67.1,0.37,0.34,0.33
DUAN,2017-08-21 03:05:00 EDT,42.80319,-74.17361,1369,62.7,63.2,62.7,83.0,57.4,0.000,0.000,0.00,0.000,4.0,6.3,1.1,236,20,4.4,6.9,1.3,241,16,4.0,6.3,1.1,236,20,0,28.72,,0,0,0,67.1,67.8,67.1,0.37,0.34,0.33
DUAN,2017-08-21 03:10:00 EDT,42.80319,-74.17361,1369,62.5,63.0,62.5,84.2,57.6,0.000,0.000,0.00,0.000,3.4,6.3,1.0,233,17,3.5,8.0,1.2,239,18,3.4,6.3,1.0,233,17,0,28.72,,0,0,0,67.1,67.8,67.1,0.37,0.34,0.33
DUAN,2017-08-21 03:15:00 EDT,42.80319,-74.17361,1369,62.5,63.0,62.5,84.5,57.8,0.000,0.000,0.00,0.000,3.4,6.7,1.3,231,19,3.4,7.5,1.4,238,19,3.4,6.7,1.3,231,19,0,28.72,,0,0,0,67.1,67.8,67.1,0.37,0.34,0.33
DUAN,2017-08-21 03:20:00 EDT,42.80319,-74.17361,1369,62.6,63.3,62.6,84.6,57.9,0.000,0.000,0.00,0.000,4.1,7.2,1.4,227,19,4.5,7.6,1.6,232,17,4.1,7.2,1.4,227,19,0,28.73,,0,0,0,67.1,67.8,67.1,0.37,0.34,0.33
DUAN,2017-08-21 03:25:00 EDT,42.80319,-74.17361,1369,63.1,63.7,63.1,83.7,58.1,0.000,0.000,0.00,0.000,4.6,8.7,1.5,228,19,4.9,10.5,1.8,235,17,4.6,8.7,1.5,228,19,0,28.73,,0,0,0,67.1,67.8,67.1,0.37,0.34,0.32
DUAN,2017-08-21 03:30:00 EDT,42.80319,-74.17361,1369,63.1,63.6,63.1,83.1,57.9,0.000,0.000,0.00,0.000,3.5,6.4,1.1,224,19,3.7,7.0,1.2,232,15,3.5,6.4,1.1,224,19,0,28.73,,0,0,0,67.1,67.8,67.1,0.37,0.34,0.32
DUAN,2017-08-21 03:35:00 EDT,42.80319,-74.17361,1369,62.9,63.5,62.9,83.8,57.9,0.000,0.000,0.00,0.000,4.0,8.1,1.3,223,21,4.3,8.2,1.5,229,19,4.0,8.1,1.3,223,21,0,28.72,,0,0,0,67.1,67.8,67.1,0.37,0.33,0.32
DUAN,2017-08-21 03:40:00 EDT,42.80319,-74.17361,1369,62.9,63.4,62.9,84.1,58.0,0.000,0.000,0.00,0.000,3.4,7.6,1.4,221,22,3.8,8.1,1.5,229,21,3.4,7.6,1.4,221,22,0,28.73,,0,0,0,67.1,67.8,67.1,0.37,0.34,0.32
DUAN,2017-08-21 03:45:00 EDT,42.80319,-74.17361,1369,63.3,63.8,63.3,83.9,58.3,0.000,0.000,0.00,0.000,4.2,8.3,1.7,231,20,4.6,9.0,1.8,236,21,4.2,8.3,1.7,231,20,0,28.73,,0,0,0,67.1,67.8,67.1,0.37,0.34,0.32
DUAN,2017-08-21 03:50:00 EDT,42.80319,-74.17361,1369,63.3,63.9,63.3,83.3,58.2,0.000,0.000,0.00,0.000,3.8,7.7,1.5,240,24,4.3,9.0,1.8,248,22,3.8,7.7,1.5,240,24,0,28.73,,0,0,0,67.1,67.8,67.1,0.37,0.34,0.32
DUAN,2017-08-21 03:55:00 EDT,42.80319,-74.17361,1369,63.6,64.1,63.6,82.8,58.3,0.000,0.000,0.00,0.000,3.2,6.7,1.3,255,24,3.9,8.6,1.4,262,23,3.2,6.7,1.3,255,24,0,28.73,,0,0,0,67.1,67.8,67.1,0.37,0.34,0.32
DUAN,2017-08-21 04:00:00 EDT,42.80319,-74.17361,1369,63.7,64.3,63.7,82.5,58.3,0.000,0.000,0.00,0.000,4.0,8.1,1.7,245,24,4.6,10.8,2.1,256,20,4.0,8.1,1.7,245,24,0,28.73,,0,0,0,67.1,67.8,67.1,0.37,0.34,0.32
DUAN,2017-08-21 04:05:00 EDT,42.80319,-74.17361,1369,63.8,64.5,63.8,82.0,58.2,0.000,0.000,0.00,0.000,4.4,7.2,1.5,243,19,5.0,10.4,1.8,251,18,4.4,7.2,1.5,243,19,0,28.73,,0,0,0,67.1,67.8,67.1,0.37,0.34,0.32
DUAN,2017-08-21 04:10:00 EDT,42.80319,-74.17361,1369,63.9,64.6,63.9,82.0,58.3,0.000,0.000,0.00,0.000,3.8,7.3,1.4,237,24,4.3,8.6,1.5,248,22,3.8,7.3,1.4,237,24,0,28.73,,0,0,0,67.1,67.8,67.1,0.37,0.34,0.32
DUAN,2017-08-21 04:15:00 EDT,42.80319,-74.17361,1369,64.3,64.8,64.3,81.3,58.5,0.000,0.000,0.00,0.000,3.8,8.3,1.6,237,18,4.4,8.9,1.7,246,17,3.8,8.3,1.6,237,18,0,28.73,,0,0,0,67.1,67.8,67.1,0.37,0.34,0.32
DUAN,2017-08-21 04:20:00 EDT,42.80319,-74.17361,1369,64.3,65.0,64.3,81.3,58.4,0.000,0.000,0.00,0.000,3.5,6.9,1.4,232,21,4.0,6.6,1.4,234,18,3.5,6.9,1.4,232,21,0,28.73,,0,0,0,67.1,67.8,67.1,0.37,0.34,0.32
DUAN,2017-08-21 04:25:00 EDT,42.80319,-74.17361,1369,64.4,65.0,64.4,80.9,58.4,0.000,0.000,0.00,0.000,4.6,8.5,1.3,234,19,5.1,10.2,1.5,240,15,4.6,8.5,1.3,234,19,0,28.73,,0,0,0,67.0,67.8,67.1,0.37,0.34,0.33
DUAN,2017-08-21 04:30:00 EDT,42.80319,-74.17361,1369,64.4,64.9,64.4,80.8,58.3,0.000,0.000,0.00,0.000,5.0,8.3,1.8,229,20,5.4,10.1,1.8,236,17,5.0,8.3,1.8,229,20,0,28.73,,0,0,0,66.8,67.8,67.1,0.37,0.34,0.33
DUAN,2017-08-21 04:35:00 EDT,42.80319,-74.17361,1369,64.3,64.8,64.3,81.1,58.4,0.000,0.000,0.00,0.000,5.6,9.9,1.6,224,18,6.0,10.8,1.7,230,17,5.6,9.9,1.6,224,18,0,28.73,,0,0,0,66.8,67.8,67.1,0.37,0.34,0.32
DUAN,2017-08-21 04:40:00 EDT,42.80319,-74.17361,1369,64.2,64.7,64.2,81.4,58.4,0.000,0.000,0.00,0.000,5.3,9.2,1.6,221,18,5.5,10.0,1.6,227,13,5.3,9.2,1.6,221,18,0,28.73,,0,0,0,66.8,67.8,67.1,0.37,0.34,0.33
DUAN,2017-08-21 04:45:00 EDT,42.80319,-74.17361,1369,64.2,64.7,64.2,81.6,58.4,0.000,0.000,0.00,0.000,5.2,8.6,1.3,225,20,5.5,9.5,1.6,232,17,5.2,8.6,1.3,225,20,0,28.73,,0,0,0,66.7,67.8,67.1,0.37,0.34,0.33
DUAN,2017-08-21 04:50:00 EDT,42.80319,-74.17361,1369,63.9,64.4,63.9,82.0,58.3,0.000,0.000,0.00,0.000,5.3,8.8,1.5,227,18,5.7,9.8,1.6,233,15,5.3,8.8,1.5,227,18,0,28.73,,0,0,0,66.7,67.8,67.1,0.37,0.34,0.33
DUAN,2017-08-21 04:55:00 EDT,42.80319,-74.17361,1369,63.9,64.4,63.9,82.1,58.4,0.000,0.000,0.00,0.000,4.7,8.2,1.4,230,19,5.2,9.8,1.5,237,17,4.7,8.2,1.4,230,19,0,28.73,,0,0,0,66.7,67.8,67.1,0.37,0.33,0.33
DUAN,2017-08-21 05:00:00 EDT,42.80319,-74.17361,1369,63.9,64.4,63.9,82.1,58.4,0.000,0.000,0.00,0.000,4.8,8.0,1.4,230,21,5.3,9.7,1.6,237,18,4.8,8.0,1.4,230,21,0,28.73,,0,0,0,66.7,67.8,67.1,0.37,0.34,0.33
DUAN,2017-08-21 05:05:00 EDT,42.80319,-74.17361,1369,63.8,64.1,63.8,82.5,58.3,0.000,0.000,0.00,0.000,4.3,8.5,1.9,230,20,4.7,8.8,1.9,236,19,4.3,8.5,1.9,230,20,0,28.73,,0,0,0,66.7,67.8,67.1,0.37,0.33,0.33
DUAN,2017-08-21 05:10:00 EDT,42.80319,-74.17361,1369,63.4,63.8,63.4,83.2,58.2,0.000,0.000,0.00,0.000,5.1,8.2,1.6,222,18,5.5,9.7,1.6,228,16,5.1,8.2,1.6,222,18,0,28.73,,0,0,0,66.7,67.8,67.1,0.37,0.34,0.33
DUAN,2017-08-21 05:15:00 EDT,42.80319,-74.17361,1369,63.2,63.7,63.2,83.9,58.3,0.000,0.000,0.00,0.000,5.7,8.8,1.5,217,15,6.0,9.3,1.5,223,13,5.7,8.8,1.5,217,15,0,28.73,,0,0,0,66.7,67.8,67.1,0.37,0.33,0.33
DUAN,2017-08-21 05:20:00 EDT,42.80319,-74.17361,1369,63.6,64.0,63.6,83.8,58.6,0.000,0.000,0.00,0.000,5.8,9.4,1.3,224,18,6.1,10.3,1.6,229,15,5.8,9.4,1.3,224,18,0,28.73,,0,0,0,66.7,67.8,67.1,0.37,0.33,0.33
DUAN,2017-08-21 05:25:00 EDT,42.80319,-74.17361,1369,63.6,64.2,63.6,83.3,58.4,0.000,0.000,0.00,0.000,5.7,8.9,1.4,222,17,6.0,9.8,1.4,228,15,5.7,8.9,1.4,222,17,0,28.73,,0,0,0,66.7,67.7,67.1,0.37,0.34,0.33
DUAN,2017-08-21 05:30:00 EDT,42.80319,-74.17361,1369,63.7,64.2,63.7,83.2,58.5,0.000,0.000,0.00,0.000,5.7,9.5,1.3,222,15,6.1,9.0,1.3,227,12,5.7,9.5,1.3,222,15,0,28.73,,0,0,0,66.7,67.7,67.1,0.37,0.34,0.33
DUAN,2017-08-21 05:35:00 EDT,42.80319,-74.17361,1369,63.8,64.4,63.8,82.8,58.5,0.000,0.000,0.00,0.000,5.2,8.4,1.2,224,17,5.8,10.3,1.3,232,16,5.2,8.4,1.2,224,17,0,28.73,,0,0,0,66.7,67.7,67.1,0.37,0.34,0.33
DUAN,2017-08-21 05:40:00 EDT,42.80319,-74.17361,1369,63.9,64.4,63.9,82.7,58.5,0.000,0.000,0.00,0.000,5.3,8.9,1.3,229,17,5.7,9.5,1.5,235,17,5.3,8.9,1.3,229,17,0,28.73,,0,0,0,66.7,67.7,67.1,0.37,0.34,0.33
DUAN,2017-08-21 05:45:00 EDT,42.80319,-74.17361,1369,63.9,64.3,63.9,82.4,58.4,0.000,0.000,0.00,0.000,4.3,8.3,1.3,229,18,4.6,8.7,1.4,238,16,4.3,8.3,1.3,229,18,0,28.73,,0,0,0,66.7,67.7,67.1,0.37,0.34,0.33
DUAN,2017-08-21 05:50:00 EDT,42.80319,-74.17361,1369,63.4,63.8,63.4,83.3,58.2,0.000,0.000,0.00,0.000,4.1,9.6,1.6,228,19,4.4,9.4,1.7,234,19,4.1,9.6,1.6,228,19,0,28.73,,0,0,0,66.7,67.7,67.1,0.37,0.34,0.33
DUAN,2017-08-21 05:55:00 EDT,42.80319,-74.17361,1369,63.1,63.7,63.1,84.1,58.2,0.000,0.000,0.00,0.000,4.3,7.9,1.3,225,20,4.7,9.0,1.6,235,18,4.3,7.9,1.3,225,20,0,28.73,,0,0,0,66.7,67.6,67.1,0.37,0.34,0.33
DUAN,2017-08-21 06:00:00 EDT,42.80319,-74.17361,1369,63.2,63.8,63.2,84.4,58.4,0.000,0.000,0.00,0.000,4.2,7.6,1.5,239,20,4.8,8.6,1.6,246,20,4.2,7.6,1.5,239,20,1,28.74,,0,0,0,66.7,67.6,67.1,0.37,0.34,0.33
DUAN,2017-08-21 06:05:00 EDT,42.80319,-74.17361,1369,63.3,64.0,63.3,84.2,58.5,0.000,0.000,0.00,0.000,4.3,6.9,1.3,233,18,4.8,8.8,1.5,240,19,4.3,6.9,1.3,233,18,2,28.74,,0,0,0,66.7,67.6,67.1,0.37,0.34,0.33
DUAN,2017-08-21 06:10:00 EDT,42.80319,-74.17361,1369,63.5,63.9,63.5,83.6,58.4,0.000,0.000,0.00,0.000,4.8,9.0,1.6,224,18,5.2,9.4,1.8,229,17,4.8,9.0,1.6,224,18,3,28.73,,0,0,0,66.7,67.6,67.1,0.37,0.34,0.32
DUAN,2017-08-21 06:15:00 EDT,42.80319,-74.17361,1369,63.1,63.5,63.1,84.4,58.3,0.000,0.000,0.00,0.000,4.7,7.7,1.1,222,16,4.9,7.8,1.3,227,14,4.7,7.7,1.1,222,16,4,28.73,,0,0,0,66.6,67.5,67.1,0.37,0.34,0.33
DUAN,2017-08-21 06:20:00 EDT,42.80319,-74.17361,1369,62.9,63.4,62.9,84.8,58.2,0.000,0.000,0.00,0.000,4.5,7.7,1.1,217,16,4.5,7.3,1.2,225,14,4.5,7.7,1.1,217,16,7,28.73,,0,0,0,66.6,67.5,67.1,0.37,0.34,0.32
DUAN,2017-08-21 06:25:00 EDT,42.80319,-74.17361,1369,63.1,63.7,63.1,84.6,58.3,0.000,0.000,0.00,0.000,4.8,7.6,1.1,216,15,5.0,8.6,1.3,223,13,4.8,7.6,1.1,216,15,10,28.73,,0,0,0,66.4,67.5,67.1,0.37,0.34,0.33
DUAN,2017-08-21 06:30:00 EDT,42.80319,-74.17361,1369,63.4,64.0,63.4,84.0,58.5,0.000,0.000,0.00,0.000,5.1,9.1,1.2,216,16,5.3,10.0,1.3,223,14,5.1,9.1,1.2,216,16,20,28.73,,0,0,0,66.4,67.5,67.1,0.37,0.34,0.32
DUAN,2017-08-21 06:35:00 EDT,42.80319,-74.17361,1369,63.7,64.4,63.7,83.2,58.5,0.000,0.000,0.00,0.000,5.3,8.2,1.2,222,16,5.5,9.5,1.3,227,14,5.3,8.2,1.2,222,16,29,28.73,,0,0,0,66.4,67.5,67.1,0.37,0.34,0.32
DUAN,2017-08-21 06:40:00 EDT,42.80319,-74.17361,1369,64.0,64.5,64.0,82.8,58.7,0.000,0.000,0.00,0.000,5.7,9.3,1.4,229,16,5.8,10.1,1.7,234,14,5.7,9.3,1.4,229,16,33,28.74,,0,0,0,66.4,67.5,67.1,0.37,0.34,0.32
DUAN,2017-08-21 06:45:00 EDT,42.80319,-74.17361,1369,64.3,64.7,64.3,81.8,58.6,0.000,0.000,0.00,0.000,5.1,8.0,1.1,227,17,5.3,8.6,1.3,233,17,5.1,8.0,1.1,227,17,31,28.74,,0,0,0,66.4,67.5,67.1,0.37,0.34,0.32
DUAN,2017-08-21 06:50:00 EDT,42.80319,-74.17361,1369,64.3,64.6,64.3,81.4,58.5,0.000,0.000,0.00,0.000,5.8,10.1,1.8,224,17,6.0,10.3,1.9,230,14,5.8,10.1,1.8,224,17,26,28.74,,0,0,0,66.4,67.5,67.1,0.37,0.33,0.32
DUAN,2017-08-21 06:55:00 EDT,42.80319,-74.17361,1369,63.9,64.2,63.9,82.2,58.4,0.000,0.000,0.00,0.000,5.5,8.6,1.4,218,16,5.8,10.2,1.5,225,15,5.5,8.6,1.4,218,16,31,28.74,,0,0,0,66.4,67.5,67.1,0.37,0.33,0.32
DUAN,2017-08-21 07:00:00 EDT,42.80319,-74.17361,1369,63.8,64.1,63.8,83.2,58.6,0.000,0.000,0.00,0.000,5.1,9.9,1.7,223,18,5.5,9.5,1.6,229,16,5.1,9.9,1.7,223,18,36,28.74,,0,0,0,66.4,67.5,67.1,0.37,0.33,0.32
DUAN,2017-08-21 07:05:00 EDT,42.80319,-74.17361,1369,63.8,64.1,63.8,83.2,58.6,0.000,0.000,0.00,0.000,5.1,8.1,1.3,219,20,5.4,9.7,1.5,224,17,5.1,8.1,1.3,219,20,39,28.74,,0,0,0,66.4,67.5,67.1,0.37,0.34,0.32
DUAN,2017-08-21 07:10:00 EDT,42.80319,-74.17361,1369,63.7,64.0,63.7,83.6,58.6,0.000,0.000,0.00,0.000,4.7,7.8,1.1,218,20,5.1,8.0,1.2,222,17,4.7,7.8,1.1,218,20,37,28.74,,0,0,0,66.4,67.5,67.1,0.37,0.34,0.32
DUAN,2017-08-21 07:15:00 EDT,42.80319,-74.17361,1369,63.9,64.2,63.9,83.3,58.7,0.000,0.000,0.00,0.000,4.6,8.0,1.4,219,19,4.9,9.2,1.6,225,16,4.6,8.0,1.4,219,19,46,28.74,,0,0,0,66.4,67.5,67.1,0.37,0.34,0.32
DUAN,2017-08-21 07:20:00 EDT,42.80319,-74.17361,1369,64.2,64.6,64.2,82.7,58.9,0.000,0.000,0.00,0.000,4.4,8.6,1.3,227,20,4.8,8.0,1.3,233,18,4.4,8.6,1.3,227,20,59,28.74,,0,0,0,66.4,67.5,67.1,0.37,0.34,0.32
DUAN,2017-08-21 07:25:00 EDT,42.80319,-74.17361,1369,64.6,64.8,64.6,82.2,59.0,0.000,0.000,0.00,0.000,3.9,7.7,1.3,238,22,4.5,9.7,1.7,243,21,3.9,7.7,1.3,238,22,46,28.74,,0,0,0,66.4,67.5,67.1,0.37,0.34,0.32
DUAN,2017-08-21 07:30:00 EDT,42.80319,-74.17361,1369,64.9,65.1,64.9,81.6,59.1,0.000,0.000,0.00,0.000,4.7,8.9,1.5,228,17,4.9,10.4,1.6,236,17,4.7,8.9,1.5,228,17,45,28.74,,0,0,0,66.4,67.5,67.1,0.37,0.34,0.32
DUAN,2017-08-21 07:35:00 EDT,42.80319,-74.17361,1369,64.9,65.2,64.9,82.1,59.3,0.000,0.000,0.00,0.000,4.4,8.3,1.3,230,18,5.1,8.3,1.4,239,19,4.4,8.3,1.3,230,18,48,28.74,,0,0,0,66.4,67.5,67.1,0.37,0.34,0.32
DUAN,2017-08-21 07:40:00 EDT,42.80319,-74.17361,1369,65.1,65.3,65.1,82.2,59.5,0.000,0.000,0.00,0.000,3.9,6.9,1.3,238,21,4.3,8.6,1.4,246,19,3.9,6.9,1.3,238,21,57,28.74,,0,0,0,66.4,67.5,67.1,0.37,0.34,0.32
DUAN,2017-08-21 07:45:00 EDT,42.80319,-74.17361,1369,65.4,65.5,65.4,82.1,59.8,0.000,0.000,0.00,0.000,3.5,7.2,1.6,243,23,4.1,9.1,1.6,252,21,3.5,7.2,1.6,243,23,71,28.74,,0,0,0,66.4,67.5,67.1,0.37,0.34,0.32
DUAN,2017-08-21 07:50:00 EDT,42.80319,-74.17361,1369,65.6,65.7,65.6,82.0,60.0,0.000,0.000,0.00,0.000,3.6,6.6,1.6,249,26,4.2,8.1,1.7,254,22,3.6,6.6,1.6,249,26,59,28.74,,0,0,0,66.4,67.5,67.1,0.37,0.33,0.32
DUAN,2017-08-21 07:55:00 EDT,42.80319,-74.17361,1369,65.8,65.8,65.8,81.9,60.1,0.000,0.000,0.00,0.000,3.3,7.3,1.6,241,21,3.7,7.6,1.8,249,21,3.3,7.3,1.6,241,21,63,28.74,,0,0,0,66.4,67.5,67.1,0.37,0.34,0.32
DUAN,2017-08-21 08:00:00 EDT,42.80319,-74.17361,1369,66.0,66.1,66.0,81.8,60.3,0.000,0.000,0.00,0.000,4.0,8.6,1.5,235,20,4.4,9.9,1.7,244,20,4.0,8.6,1.5,235,20,65,28.74,,0,0,0,66.4,67.5,67.1,0.37,0.34,0.32
DUAN,2017-08-21 08:05:00 EDT,42.80319,-74.17361,1369,65.9,65.9,65.9,81.9,60.2,0.000,0.000,0.00,0.000,3.0,5.4,1.1,241,24,3.5,7.4,1.3,246,21,3.0,5.4,1.1,241,24,83,28.74,,0,0,0,66.4,67.5,67.1,0.37,0.34,0.32
DUAN,2017-08-21 08:10:00 EDT,42.80319,-74.17361,1369,66.1,66.1,66.1,82.2,60.5,0.000,0.000,0.00,0.000,3.4,6.9,1.6,235,24,4.0,9.0,1.6,243,25,3.4,6.9,1.6,235,24,91,28.74,,0,0,0,66.4,67.5,67.1,0.37,0.34,0.32
DUAN,2017-08-21 08:15:00 EDT,42.80319,-74.17361,1369,66.2,66.2,66.2,81.7,60.4,0.000,0.000,0.00,0.000,4.3,7.6,1.6,235,18,4.7,9.7,1.9,243,16,4.3,7.6,1.6,235,18,88,28.74,,0,0,0,66.4,67.5,67.1,0.37,0.34,0.32
DUAN,2017-08-21 08:20:00 EDT,42.80319,-74.17361,1369,66.2,66.2,66.2,81.4,60.3,0.000,0.000,0.00,0.000,3.8,8.1,1.9,244,22,4.3,9.3,2.1,250,21,3.8,8.1,1.9,244,22,82,28.74,,0,0,0,66.4,67.5,67.1,0.37,0.34,0.32
DUAN,2017-08-21 08:25:00 EDT,42.80319,-74.17361,1369,66.1,66.1,66.1,81.5,60.3,0.000,0.000,0.00,0.000,3.3,7.4,1.3,238,25,3.6,8.8,1.6,248,23,3.3,7.4,1.3,238,25,71,28.74,,0,0,0,66.4,67.5,67.1,0.37,0.34,0.32
DUAN,2017-08-21 08:30:00 EDT,42.80319,-74.17361,1369,66.1,66.1,66.1,81.6,60.3,0.000,0.000,0.00,0.000,2.6,5.5,1.2,248,33,3.1,6.3,1.3,256,32,2.6,5.5,1.2,248,33,59,28.74,,0,0,0,66.4,67.5,67.1,0.37,0.34,0.32
DUAN,2017-08-21 08:35:00 EDT,42.80319,-74.17361,1369,66.1,66.1,66.1,81.8,60.4,0.000,0.000,0.00,0.000,2.4,6.6,1.6,233,29,3.0,8.3,1.6,246,31,2.4,6.6,1.6,233,29,70,28.74,,0,0,0,66.4,67.5,67.1,0.37,0.34,0.32
DUAN,2017-08-21 08:40:00 EDT,42.80319,-74.17361,1369,66.8,66.7,66.8,81.9,61.1,0.000,0.000,0.00,0.000,2.5,6.9,1.7,241,22,3.1,8.4,1.8,249,24,2.5,6.9,1.7,241,22,101,28.74,,0,0,0,66.4,67.5,67.0,0.37,0.34,0.32
DUAN,2017-08-21 08:45:00 EDT,42.80319,-74.17361,1369,67.5,67.3,67.5,80.7,61.3,0.000,0.000,0.00,0.000,2.4,6.1,1.5,239,25,3.0,5.9,1.3,242,27,2.4,6.1,1.5,239,25,157,28.74,,0,0,0,66.4,67.4,67.1,0.37,0.34,0.32
DUAN,2017-08-21 08:50:00 EDT,42.80319,-74.17361,1369,67.9,67.7,67.9,79.6,61.3,0.000,0.000,0.00,0.000,2.3,6.4,1.4,234,31,2.7,6.5,1.3,242,32,2.3,6.4,1.4,234,31,237,28.74,,0,0,0,66.4,67.4,67.1,0.37,0.34,0.32
DUAN,2017-08-21 08:55:00 EDT,42.80319,-74.17361,1369,68.3,68.2,68.3,78.3,61.3,0.000,0.000,0.00,0.000,2.0,5.1,1.3,205,26,2.3,5.3,1.2,216,32,2.0,5.1,1.3,205,26,272,28.74,,0,0,0,66.4,67.4,67.0,0.37,0.34,0.32
DUAN,2017-08-21 09:00:00 EDT,42.80319,-74.17361,1369,68.4,68.4,68.4,78.4,61.4,0.000,0.000,0.00,0.000,2.3,6.1,1.7,208,19,2.6,6.9,1.8,215,25,2.3,6.1,1.7,208,19,213,28.74,,0,0,0,66.4,67.5,67.0,0.37,0.34,0.32
DUAN,2017-08-21 09:05:00 EDT,42.80319,-74.17361,1369,68.3,68.2,68.3,78.7,61.4,0.000,0.000,0.00,0.000,2.7,5.8,1.1,209,23,2.9,6.2,1.2,213,19,2.7,5.8,1.1,209,23,256,28.74,,0,0,0,66.4,67.4,67.1,0.37,0.34,0.32
DUAN,2017-08-21 09:10:00 EDT,42.80319,-74.17361,1369,68.6,68.5,68.6,79.4,62.0,0.000,0.000,0.00,0.000,1.5,3.0,0.8,199,29,2.0,4.9,0.8,208,33,1.5,3.0,0.8,199,29,392,28.74,,0,0,0,66.4,67.4,67.0,0.37,0.34,0.32
DUAN,2017-08-21 09:15:00 EDT,42.80319,-74.17361,1369,69.3,69.1,69.3,78.2,62.2,0.000,0.000,0.00,0.000,2.0,5.4,1.6,203,29,2.4,5.7,1.5,209,32,2.0,5.4,1.6,203,29,441,28.73,,0,0,0,66.4,67.4,67.1,0.37,0.34,0.32
DUAN,2017-08-21 09:20:00 EDT,42.80319,-74.17361,1369,70.0,69.8,70.0,76.6,62.3,0.000,0.000,0.00,0.000,1.7,4.6,1.1,211,32,2.2,6.5,1.1,216,38,1.7,4.6,1.1,211,32,434,28.73,,0,0,0,66.4,67.4,67.0,0.37,0.34,0.32
DUAN,2017-08-21 09:25:00 EDT,42.80319,-74.17361,1369,70.8,70.5,70.8,75.3,62.6,0.000,0.000,0.00,0.000,1.4,4.2,1.1,204,25,1.9,4.6,1.0,211,42,1.4,4.2,1.1,204,25,445,28.74,,0,0,0,66.4,67.4,67.0,0.37,0.34,0.32
DUAN,2017-08-21 09:30:00 EDT,42.80319,-74.17361,1369,71.0,70.7,71.0,72.7,61.8,0.000,0.000,0.00,0.000,0.8,3.4,0.8,223,35,1.5,4.8,0.8,224,45,0.8,3.4,0.8,223,35,452,28.74,,0,0,0,66.4,67.4,67.0,0.37,0.34,0.32
DUAN,2017-08-21 09:35:00 EDT,42.80319,-74.17361,1369,71.4,71.2,71.4,71.1,61.6,0.000,0.000,0.00,0.000,1.9,5.3,1.4,231,27,2.4,6.1,1.4,234,34,1.9,5.3,1.4,231,27,510,28.73,,0,0,0,66.4,67.4,67.0,0.37,0.34,0.32
DUAN,2017-08-21 09:40:00 EDT,42.80319,-74.17361,1369,71.8,71.3,71.8,70.5,61.7,0.000,0.000,0.00,0.000,1.8,3.1,1.0,239,31,2.3,4.1,1.0,247,31,1.8,3.1,1.0,239,31,524,28.73,,0,0,0,66.4,67.3,67.0,0.37,0.34,0.32
DUAN,2017-08-21 09:45:00 EDT,42.80319,-74.17361,1369,72.2,71.8,72.2,69.5,61.7,0.000,0.000,0.00,0.000,2.3,4.5,0.9,219,31,2.6,4.9,1.0,224,32,2.3,4.5,0.9,219,31,534,28.73,,0,0,0,66.4,67.3,67.0,0.37,0.34,0.32
DUAN,2017-08-21 09:50:00 EDT,42.80319,-74.17361,1369,72.6,72.0,72.6,68.9,61.8,0.000,0.000,0.00,0.000,2.1,4.2,0.8,229,36,2.5,4.4,0.8,240,35,2.1,4.2,0.8,229,36,537,28.74,,0,0,0,66.4,67.3,66.9,0.37,0.34,0.32
DUAN,2017-08-21 09:55:00 EDT,42.80319,-74.17361,1369,72.8,72.1,72.8,68.7,61.9,0.000,0.000,0.00,0.000,2.3,5.8,1.1,222,33,2.9,5.6,1.1,225,32,2.3,5.8,1.1,222,33,553,28.74,,0,0,0,66.6,67.3,66.9,0.37,0.34,0.32
DUAN,2017-08-21 10:00:00 EDT,42.80319,-74.17361,1369,72.7,72.0,72.7,69.6,62.2,0.000,0.000,0.00,0.000,3.6,6.7,1.2,212,29,3.9,7.6,1.3,217,30,3.6,6.7,1.2,212,29,570,28.74,,0,0,0,66.7,67.3,66.9,0.37,0.34,0.32
DUAN,2017-08-21 10:05:00 EDT,42.80319,-74.17361,1369,72.6,72.0,72.6,68.4,61.7,0.000,0.000,0.00,0.000,2.7,4.8,1.1,253,20,3.2,5.8,1.2,261,21,2.7,4.8,1.1,253,20,584,28.74,,0,0,0,66.7,67.2,66.8,0.37,0.34,0.32
DUAN,2017-08-21 10:10:00 EDT,42.80319,-74.17361,1369,72.7,71.9,72.7,68.7,61.8,0.000,0.000,0.00,0.000,3.0,7.2,1.5,217,16,3.2,7.5,1.4,222,16,3.0,7.2,1.5,217,16,590,28.74,,0,0,0,66.7,67.2,66.9,0.37,0.34,0.32
DUAN,2017-08-21 10:15:00 EDT,42.80319,-74.17361,1369,73.0,72.4,73.0,70.0,62.7,0.000,0.000,0.00,0.000,2.1,4.3,1.1,205,23,2.5,4.6,1.0,213,24,2.1,4.3,1.1,205,23,588,28.74,,0,0,0,66.7,67.2,66.9,0.37,0.34,0.32
DUAN,2017-08-21 10:20:00 EDT,42.80319,-74.17361,1369,73.0,72.3,73.0,68.8,62.2,0.000,0.000,0.00,0.000,2.9,7.5,1.6,224,35,3.4,8.2,1.6,234,33,2.9,7.5,1.6,224,35,536,28.74,,0,0,0,66.7,67.2,66.9,0.37,0.34,0.32
DUAN,2017-08-21 10:25:00 EDT,42.80319,-74.17361,1369,73.3,72.5,73.3,67.7,61.9,0.000,0.000,0.00,0.000,3.2,5.6,1.2,234,27,3.7,6.8,1.4,239,24,3.2,5.6,1.2,234,27,614,28.74,,0,0,0,66.7,67.1,66.8,0.37,0.34,0.32
DUAN,2017-08-21 10:30:00 EDT,42.80319,-74.17361,1369,73.9,73.1,73.9,68.3,62.8,0.000,0.000,0.00,0.000,2.4,4.7,1.1,226,32,2.8,5.5,1.2,232,35,2.4,4.7,1.1,226,32,686,28.75,,0,0,0,66.8,67.1,66.9,0.37,0.34,0.32
DUAN,2017-08-21 10:35:00 EDT,42.80319,-74.17361,1369,74.2,73.4,74.2,65.8,62.0,0.000,0.000,0.00,0.000,3.5,7.2,1.8,247,32,4.0,9.2,2.0,256,32,3.5,7.2,1.8,247,32,657,28.75,,0,0,0,67.1,67.1,66.8,0.37,0.34,0.32
DUAN,2017-08-21 10:40:00 EDT,42.80319,-74.17361,1369,74.3,73.5,74.3,66.4,62.3,0.000,0.000,0.00,0.000,3.2,7.4,1.5,254,37,3.9,8.8,1.8,263,37,3.2,7.4,1.5,254,37,642,28.75,,0,0,0,67.1,67.1,66.8,0.37,0.34,0.32
DUAN,2017-08-21 10:45:00 EDT,42.80319,-74.17361,1369,74.3,73.5,74.3,66.1,62.3,0.000,0.000,0.00,0.000,3.3,9.0,1.3,258,32,3.8,11.9,1.5,267,29,3.3,9.0,1.3,258,32,643,28.75,,0,0,0,67.1,67.2,66.8,0.37,0.34,0.32
DUAN,2017-08-21 10:50:00 EDT,42.80319,-74.17361,1369,74.1,73.2,74.1,65.9,61.9,0.000,0.000,0.00,0.000,4.6,9.9,1.7,245,21,5.2,11.4,1.9,251,19,4.6,9.9,1.7,245,21,599,28.75,,0,0,0,67.1,67.1,66.8,0.37,0.34,0.32
DUAN,2017-08-21 10:55:00 EDT,42.80319,-74.17361,1369,74.2,73.4,74.2,67.4,62.7,0.000,0.000,0.00,0.000,2.8,6.1,1.4,243,25,3.2,6.0,1.4,253,26,2.8,6.1,1.4,243,25,654,28.75,,0,0,0,67.1,67.1,66.8,0.37,0.34,0.32
DUAN,2017-08-21 11:00:00 EDT,42.80319,-74.17361,1369,74.9,73.9,74.9,67.9,63.6,0.000,0.000,0.00,0.000,3.0,7.6,1.5,251,31,3.7,8.8,1.7,258,29,3.0,7.6,1.5,251,31,675,28.75,,0,0,0,67.1,67.1,66.8,0.37,0.34,0.32
DUAN,2017-08-21 11:05:00 EDT,42.80319,-74.17361,1369,75.0,74.1,75.0,65.7,62.7,0.000,0.000,0.00,0.000,3.8,8.0,1.8,245,24,4.4,8.3,1.7,254,24,3.8,8.0,1.8,245,24,645,28.74,,0,0,0,67.4,67.1,66.8,0.37,0.34,0.32
DUAN,2017-08-21 11:10:00 EDT,42.80319,-74.17361,1369,75.5,74.5,75.5,68.5,64.5,0.000,0.000,0.00,0.000,1.8,5.2,1.4,278,29,2.4,6.6,1.6,282,32,1.8,5.2,1.4,278,29,676,28.74,,0,0,0,67.5,67.1,66.8,0.37,0.34,0.32
DUAN,2017-08-21 11:15:00 EDT,42.80319,-74.17361,1369,75.4,74.6,75.4,65.6,63.1,0.000,0.000,0.00,0.000,3.2,7.2,1.8,210,26,3.7,7.7,1.6,219,26,3.2,7.2,1.8,210,26,636,28.74,,0,0,0,67.5,67.1,66.7,0.37,0.34,0.32
DUAN,2017-08-21 11:20:00 EDT,42.80319,-74.17361,1369,75.2,74.6,75.2,66.2,63.2,0.000,0.000,0.00,0.000,3.8,8.0,1.7,213,22,4.1,8.7,1.7,220,18,3.8,8.0,1.7,213,22,652,28.74,,0,0,0,67.5,67.1,66.7,0.37,0.34,0.32
DUAN,2017-08-21 11:25:00 EDT,42.80319,-74.17361,1369,75.4,74.6,75.4,65.8,63.1,0.000,0.000,0.00,0.000,4.9,9.4,1.6,212,18,5.1,9.1,1.7,217,17,4.9,9.4,1.6,212,18,673,28.74,,0,0,0,67.5,67.1,66.8,0.37,0.34,0.32
DUAN,2017-08-21 11:30:00 EDT,42.80319,-74.17361,1369,75.4,74.8,75.4,65.8,63.2,0.000,0.000,0.00,0.000,4.8,8.7,2.0,217,22,5.1,10.0,2.1,223,22,4.8,8.7,2.0,217,22,515,28.74,,0,0,0,67.8,67.1,66.8,0.37,0.34,0.32
DUAN,2017-08-21 11:35:00 EDT,42.80319,-74.17361,1369,74.9,74.4,74.9,66.8,63.1,0.000,0.000,0.00,0.000,4.5,8.5,1.9,221,24,5.0,10.1,2.1,229,25,4.5,8.5,1.9,221,24,372,28.73,,0,0,0,67.8,67.1,66.8,0.37,0.34,0.32
DUAN,2017-08-21 11:40:00 EDT,42.80319,-74.17361,1369,74.9,74.3,74.9,68.1,63.7,0.000,0.000,0.00,0.000,2.4,4.5,1.1,224,25,2.8,5.6,1.2,230,24,2.4,4.5,1.1,224,25,465,28.73,,0,0,0,67.8,67.1,66.8,0.37,0.34,0.32
DUAN,2017-08-21 11:45:00 EDT,42.80319,-74.17361,1369,75.3,74.6,75.3,67.1,63.6,0.000,0.000,0.00,0.000,2.7,6.1,1.6,227,32,3.2,8.0,1.6,234,34,2.7,6.1,1.6,227,32,473,28.73,,0,0,0,67.8,67.1,66.8,0.37,0.34,0.32
DUAN,2017-08-21 11:50:00 EDT,42.80319,-74.17361,1369,75.3,74.5,75.3,66.5,63.4,0.000,0.000,0.00,0.000,3.8,7.2,1.6,251,21,4.2,9.5,1.9,260,20,3.8,7.2,1.6,251,21,689,28.73,,0,0,0,67.8,67.1,66.8,0.37,0.34,0.32
DUAN,2017-08-21 11:55:00 EDT,42.80319,-74.17361,1369,76.3,75.3,76.3,67.1,64.6,0.000,0.000,0.00,0.000,3.4,9.6,2.5,249,36,3.9,10.3,2.5,255,37,3.4,9.6,2.5,249,36,651,28.73,,0,0,0,67.9,67.1,66.7,0.37,0.34,0.32
DUAN,2017-08-21 12:00:00 EDT,42.80319,-74.17361,1369,75.9,75.1,75.9,63.8,62.8,0.000,0.000,0.00,0.000,3.9,7.5,1.8,229,28,4.3,8.3,1.7,235,27,3.9,7.5,1.8,229,28,749,28.73,,0,0,0,68.2,67.1,66.8,0.37,0.34,0.32
DUAN,2017-08-21 12:05:00 EDT,42.80319,-74.17361,1369,76.5,75.7,76.5,63.8,63.3,0.000,0.000,0.00,0.000,3.2,6.5,1.5,255,34,3.7,7.9,1.7,266,31,3.2,6.5,1.5,255,34,731,28.73,,0,0,0,68.2,67.1,66.7,0.37,0.34,0.32
DUAN,2017-08-21 12:10:00 EDT,42.80319,-74.17361,1369,76.7,76.0,76.7,60.5,62.0,0.000,0.000,0.00,0.000,4.4,9.3,1.6,231,22,4.8,9.1,1.6,238,25,4.4,9.3,1.6,231,22,630,28.72,,0,0,0,68.2,67.1,66.8,0.37,0.34,0.32
DUAN,2017-08-21 12:15:00 EDT,42.80319,-74.17361,1369,76.8,76.0,76.8,60.0,61.8,0.000,0.000,0.00,0.000,4.9,9.2,1.8,240,33,5.6,12.4,2.2,251,32,4.9,9.2,1.8,240,33,692,28.72,,0,0,0,68.2,67.1,66.8,0.37,0.34,0.32
DUAN,2017-08-21 12:20:00 EDT,42.80319,-74.17361,1369,77.1,76.2,77.1,60.0,62.1,0.000,0.000,0.00,0.000,4.5,12.4,2.4,218,35,4.7,11.8,2.4,223,34,4.5,12.4,2.4,218,35,776,28.72,,0,0,0,68.3,67.1,66.8,0.37,0.34,0.32
DUAN,2017-08-21 12:25:00 EDT,42.80319,-74.17361,1369,77.6,76.6,77.6,58.2,61.8,0.000,0.000,0.00,0.000,5.0,9.2,2.0,256,28,5.7,11.0,2.3,264,26,5.0,9.2,2.0,256,28,792,28.72,,0,0,0,68.5,67.1,66.7,0.37,0.34,0.32
DUAN,2017-08-21 12:30:00 EDT,42.80319,-74.17361,1369,77.5,76.6,77.5,56.3,60.7,0.000,0.000,0.00,0.000,4.3,9.1,1.8,237,29,4.9,10.5,2.0,244,27,4.3,9.1,1.8,237,29,800,28.71,,0,0,0,68.5,67.1,66.7,0.37,0.34,0.32
DUAN,2017-08-21 12:35:00 EDT,42.80319,-74.17361,1369,77.8,77.0,77.8,56.4,61.0,0.000,0.000,0.00,0.000,4.0,9.2,1.6,243,28,4.7,9.1,1.6,248,27,4.0,9.2,1.6,243,28,809,28.71,,0,0,0,68.5,67.1,66.7,0.37,0.34,0.32
DUAN,2017-08-21 12:40:00 EDT,42.80319,-74.17361,1369,78.2,77.4,78.2,56.7,61.6,0.000,0.000,0.00,0.000,3.4,8.1,1.8,235,36,4.2,10.1,1.9,246,38,3.4,8.1,1.8,235,36,822,28.71,,0,0,0,68.5,67.1,66.7,0.37,0.34,0.32
DUAN,2017-08-21 12:45:00 EDT,42.80319,-74.17361,1369,78.2,77.4,78.2,53.8,60.1,0.000,0.000,0.00,0.000,4.6,10.1,2.1,236,26,5.1,13.4,2.4,241,26,4.6,10.1,2.1,236,26,830,28.71,,0,0,0,68.5,67.1,66.7,0.37,0.34,0.32
DUAN,2017-08-21 12:50:00 EDT,42.80319,-74.17361,1369,78.6,77.8,78.6,55.0,61.1,0.000,0.000,0.00,0.000,4.2,12.4,2.4,247,27,4.9,11.8,2.6,254,26,4.2,12.4,2.4,247,27,818,28.71,,0,0,0,68.5,67.1,66.7,0.37,0.34,0.32
DUAN,2017-08-21 12:55:00 EDT,42.80319,-74.17361,1369,78.5,77.6,78.5,54.3,60.6,0.000,0.000,0.00,0.000,3.5,11.2,2.5,245,27,4.1,12.6,2.5,251,27,3.5,11.2,2.5,245,27,840,28.71,,0,0,0,68.8,67.1,66.7,0.37,0.34,0.32
DUAN,2017-08-21 13:00:00 EDT,42.80319,-74.17361,1369,79.2,78.1,79.2,55.5,61.9,0.000,0.000,0.00,0.000,4.7,10.4,2.0,224,42,5.3,11.6,2.3,231,42,4.7,10.4,2.0,224,42,826,28.71,,0,0,0,68.9,67.1,66.7,0.37,0.34,0.32
DUAN,2017-08-21 13:05:00 EDT,42.80319,-74.17361,1369,78.9,77.9,78.9,55.9,61.9,0.000,0.000,0.00,0.000,4.7,9.4,2.2,245,36,5.1,12.1,2.4,252,35,4.7,9.4,2.2,245,36,833,28.71,,0,0,0,68.9,67.1,66.7,0.37,0.34,0.32
DUAN,2017-08-21 13:10:00 EDT,42.80319,-74.17361,1369,79.2,78.1,79.2,57.4,62.8,0.000,0.000,0.00,0.000,4.4,9.6,2.3,255,34,5.1,11.5,2.3,264,32,4.4,9.6,2.3,255,34,849,28.71,,0,0,0,68.9,67.1,66.7,0.37,0.34,0.32
DUAN,2017-08-21 13:15:00 EDT,42.80319,-74.17361,1369,79.0,78.0,79.0,56.7,62.3,0.000,0.000,0.00,0.000,5.1,8.9,1.8,263,29,6.1,10.3,2.0,271,27,5.1,8.9,1.8,263,29,856,28.71,,0,0,0,69.0,67.1,66.7,0.37,0.34,0.32
DUAN,2017-08-21 13:20:00 EDT,42.80319,-74.17361,1369,78.7,77.8,78.7,55.2,61.3,0.000,0.000,0.00,0.000,4.4,10.0,2.1,242,31,4.9,11.1,2.2,253,31,4.4,10.0,2.1,242,31,880,28.71,,0,0,0,69.2,67.1,66.7,0.37,0.34,0.32
DUAN,2017-08-21 13:25:00 EDT,42.80319,-74.17361,1369,79.2,78.1,79.2,55.3,61.8,0.000,0.000,0.00,0.000,5.1,12.7,3.0,216,25,5.6,12.5,2.7,222,22,5.1,12.7,3.0,216,25,838,28.71,,0,0,0,69.3,67.1,66.7,0.37,0.34,0.32
DUAN,2017-08-21 13:30:00 EDT,42.80319,-74.17361,1369,78.5,77.7,78.5,55.4,61.2,0.000,0.000,0.00,0.000,5.4,8.9,1.8,240,26,5.9,10.2,2.1,245,24,5.4,8.9,1.8,240,26,643,28.71,,0,0,0,69.3,67.1,66.7,0.37,0.34,0.32
DUAN,2017-08-21 13:35:00 EDT,42.80319,-74.17361,1369,77.6,77.1,77.6,56.2,60.7,0.000,0.000,0.00,0.000,4.6,9.2,1.5,261,21,5.3,10.6,1.7,268,18,4.6,9.2,1.5,261,21,348,28.71,,0,0,0,69.3,67.1,66.7,0.37,0.34,0.32
DUAN,2017-08-21 13:40:00 EDT,42.80319,-74.17361,1369,76.6,76.4,76.6,57.2,60.3,0.000,0.000,0.00,0.000,4.0,6.6,1.3,230,24,4.3,7.8,1.5,234,25,4.0,6.6,1.3,230,24,258,28.71,,0,0,0,69.3,67.1,66.7,0.37,0.34,0.32
DUAN,2017-08-21 13:45:00 EDT,42.80319,-74.17361,1369,76.1,76.1,76.1,58.9,60.7,0.000,0.000,0.00,0.000,2.3,5.6,1.3,227,25,2.7,5.3,1.1,233,25,2.3,5.6,1.3,227,25,221,28.71,,0,0,0,69.6,67.1,66.7,0.37,0.34,0.32
DUAN,2017-08-21 13:50:00 EDT,42.80319,-74.17361,1369,75.8,75.8,75.8,60.6,61.2,0.000,0.000,0.00,0.000,3.6,8.3,1.6,206,21,3.7,7.1,1.6,209,20,3.6,8.3,1.6,206,21,211,28.71,,0,0,0,69.6,67.1,66.7,0.37,0.34,0.32
DUAN,2017-08-21 13:55:00 EDT,42.80319,-74.17361,1369,75.7,75.7,75.7,61.8,61.6,0.000,0.000,0.00,0.000,3.5,6.9,1.1,213,18,3.4,6.5,1.2,217,16,3.5,6.9,1.1,213,18,213,28.71,,0,0,0,69.6,67.1,66.7,0.37,0.34,0.32
DUAN,2017-08-21 14:00:00 EDT,42.80319,-74.17361,1369,75.6,75.6,75.6,63.3,62.3,0.000,0.000,0.00,0.000,2.2,4.0,0.9,227,26,2.5,5.1,1.0,232,25,2.2,4.0,0.9,227,26,266,28.71,,0,0,0,69.6,67.1,66.7,0.37,0.34,0.32
DUAN,2017-08-21 14:05:00 EDT,42.80319,-74.17361,1369,76.1,76.0,76.1,62.4,62.3,0.000,0.000,0.00,0.000,2.4,4.5,1.2,228,22,2.6,5.8,1.1,237,25,2.4,4.5,1.2,228,22,250,28.70,,0,0,0,69.6,67.1,66.7,0.37,0.34,0.32
DUAN,2017-08-21 14:10:00 EDT,42.80319,-74.17361,1369,75.8,76.0,75.8,61.2,61.5,0.000,0.000,0.00,0.000,2.4,4.1,0.8,229,19,2.5,5.1,0.9,238,17,2.4,4.1,0.8,229,19,156,28.70,,0,0,0,69.7,67.1,66.7,0.37,0.34,0.32
DUAN,2017-08-21 14:15:00 EDT,42.80319,-74.17361,1369,75.1,75.6,75.1,64.0,62.1,0.000,0.000,0.00,0.000,1.8,3.8,0.7,214,19,1.9,3.7,0.7,220,20,1.8,3.8,0.7,214,19,149,28.70,,0,0,0,69.9,67.1,66.7,0.37,0.34,0.32
DUAN,2017-08-21 14:20:00 EDT,42.80319,-74.17361,1369,74.8,75.4,74.8,65.8,62.6,0.000,0.000,0.00,0.000,2.1,3.6,0.5,204,15,2.2,3.7,0.6,209,15,2.1,3.6,0.5,204,15,186,28.70,,0,0,0,70.0,67.1,66.7,0.37,0.34,0.32
DUAN,2017-08-21 14:25:00 EDT,42.80319,-74.17361,1369,75.1,75.3,75.1,66.5,63.2,0.000,0.000,0.00,0.000,2.1,3.9,0.6,205,15,2.3,4.1,0.7,211,14,2.1,3.9,0.6,205,15,292,28.70,,0,0,0,70.0,67.2,66.7,0.37,0.34,0.32
DUAN,2017-08-21 14:30:00 EDT,42.80319,-74.17361,1369,75.7,75.5,75.7,66.5,63.8,0.000,0.000,0.00,0.000,1.7,4.0,0.8,214,18,1.7,3.4,0.6,219,19,1.7,4.0,0.8,214,18,252,28.70,,0,0,0,70.0,67.2,66.7,0.37,0.34,0.32
DUAN,2017-08-21 14:35:00 EDT,42.80319,-74.17361,1369,75.8,75.6,75.8,65.5,63.4,0.000,0.000,0.00,0.000,0.8,2.1,0.7,213,22,1.3,2.8,0.6,221,31,0.8,2.1,0.7,213,22,249,28.69,,0,0,0,70.0,67.1,66.7,0.37,0.34,0.32
DUAN,2017-08-21 14:40:00 EDT,42.80319,-74.17361,1369,75.8,75.8,75.8,66.7,63.9,0.000,0.000,0.00,0.000,1.2,2.6,0.6,194,18,1.6,3.7,0.6,202,22,1.2,2.6,0.6,194,18,232,28.69,,0,0,0,70.0,67.2,66.7,0.37,0.34,0.32
DUAN,2017-08-21 14:45:00 EDT,42.80319,-74.17361,1369,75.8,75.9,75.8,68.1,64.5,0.000,0.000,0.00,0.000,2.1,4.3,0.8,182,12,2.4,5.0,0.9,191,13,2.1,4.3,0.8,182,12,220,28.69,,0,0,0,70.0,67.2,66.7,0.37,0.34,0.32
DUAN,2017-08-21 14:50:00 EDT,42.80319,-74.17361,1369,75.7,75.9,75.7,69.0,64.8,0.000,0.000,0.00,0.000,1.5,3.0,0.6,185,10,1.8,3.8,0.6,191,11,1.5,3.0,0.6,185,10,224,28.69,,0,0,0,70.0,67.1,66.7,0.37,0.34,0.32
DUAN,2017-08-21 14:55:00 EDT,42.80319,-74.17361,1369,75.7,75.7,75.7,69.1,64.9,0.000,0.000,0.00,0.000,0.6,2.4,0.6,218,16,1.0,2.6,0.4,227,18,0.6,2.4,0.6,218,16,239,28.69,,0,0,0,70.0,67.3,66.7,0.37,0.34,0.32
DUAN,2017-08-21 15:00:00 EDT,42.80319,-74.17361,1369,76.1,76.0,76.1,67.6,64.6,0.000,0.000,0.00,0.000,0.6,2.2,0.7,171,11,1.1,3.0,0.7,180,20,0.6,2.2,0.7,171,11,266,28.69,,0,0,0,70.0,67.3,66.7,0.37,0.34,0.32
DUAN,2017-08-21 15:05:00 EDT,42.80319,-74.17361,1369,76.6,76.4,76.6,66.5,64.6,0.000,0.000,0.00,0.000,2.1,3.5,0.6,173,14,2.7,4.3,0.6,178,17,2.1,3.5,0.6,173,14,299,28.68,,0,0,0,70.0,67.3,66.7,0.37,0.34,0.32
DUAN,2017-08-21 15:10:00 EDT,42.80319,-74.17361,1369,76.9,76.7,76.9,65.9,64.6,0.000,0.000,0.00,0.000,2.5,4.0,0.7,177,11,3.0,4.7,0.8,184,11,2.5,4.0,0.7,177,11,334,28.68,,0,0,0,70.0,67.3,66.7,0.37,0.34,0.32
DUAN,2017-08-21 15:15:00 EDT,42.80319,-74.17361,1369,77.3,76.9,77.3,64.7,64.5,0.000,0.000,0.00,0.000,2.0,3.4,0.7,178,15,2.6,4.0,0.7,183,16,2.0,3.4,0.7,178,15,366,28.68,,0,0,0,70.0,67.4,66.7,0.37,0.34,0.32
DUAN,2017-08-21 15:20:00 EDT,42.80319,-74.17361,1369,77.6,77.2,77.6,60.8,63.0,0.000,0.000,0.00,0.000,3.1,5.1,0.9,182,14,3.6,6.2,1.1,189,12,3.1,5.1,0.9,182,14,412,28.68,,0,0,0,70.0,67.4,66.7,0.37,0.34,0.32
DUAN,2017-08-21 15:25:00 EDT,42.80319,-74.17361,1369,77.8,77.4,77.8,60.4,63.0,0.000,0.000,0.00,0.000,2.4,4.7,0.9,184,18,3.0,5.8,1.0,190,18,2.4,4.7,0.9,184,18,447,28.68,,0,0,0,70.0,67.5,66.7,0.37,0.34,0.32
DUAN,2017-08-21 15:30:00 EDT,42.80319,-74.17361,1369,78.1,77.6,78.1,59.2,62.7,0.000,0.000,0.00,0.000,3.3,5.1,1.0,193,18,3.7,5.9,1.1,197,17,3.3,5.1,1.0,193,18,481,28.68,,0,0,0,70.0,67.4,66.7,0.37,0.34,0.32
DUAN,2017-08-21 15:35:00 EDT,42.80319,-74.17361,1369,78.3,77.8,78.3,58.5,62.6,0.000,0.000,0.00,0.000,3.3,5.6,0.9,193,21,3.9,6.2,1.1,200,20,3.3,5.6,0.9,193,21,510,28.68,,0,0,0,70.0,67.4,66.7,0.37,0.34,0.33
DUAN,2017-08-21 15:40:00 EDT,42.80319,-74.17361,1369,78.8,78.0,78.8,59.0,63.3,0.000,0.000,0.00,0.000,2.8,5.6,1.2,198,22,3.0,6.5,1.3,203,22,2.8,5.6,1.2,198,22,538,28.68,,0,0,0,70.0,67.4,66.7,0.37,0.34,0.32
DUAN,2017-08-21 15:45:00 EDT,42.80319,-74.17361,1369,79.0,78.3,79.0,55.9,61.8,0.000,0.000,0.00,0.000,2.2,4.7,1.1,192,22,2.6,5.3,1.2,198,21,2.2,4.7,1.1,192,22,558,28.68,,0,0,0,70.0,67.4,66.7,0.37,0.34,0.32
DUAN,2017-08-21 15:50:00 EDT,42.80319,-74.17361,1369,79.0,78.4,79.0,55.9,62.0,0.000,0.000,0.00,0.000,2.7,6.1,1.5,200,19,2.9,6.3,1.6,208,22,2.7,6.1,1.5,200,19,573,28.68,,0,0,0,70.0,67.5,66.7,0.37,0.34,0.32
DUAN,2017-08-21 15:55:00 EDT,42.80319,-74.17361,1369,79.3,78.7,79.3,55.3,61.8,0.000,0.000,0.00,0.000,2.7,5.3,1.1,234,33,3.2,6.3,1.2,245,35,2.7,5.3,1.1,234,33,574,28.68,,0,0,0,70.0,67.5,66.7,0.37,0.34,0.32
DUAN,2017-08-21 16:00:00 EDT,42.80319,-74.17361,1369,79.1,78.5,79.1,54.6,61.4,0.000,0.000,0.00,0.000,3.5,7.4,1.7,231,22,3.7,7.5,1.5,238,23,3.5,7.4,1.7,231,22,569,28.68,,0,0,0,70.0,67.5,66.7,0.37,0.34,0.32
DUAN,2017-08-21 16:05:00 EDT,42.80319,-74.17361,1369,79.1,78.6,79.1,54.0,61.0,0.000,0.000,0.00,0.000,4.2,6.9,1.5,222,19,4.4,6.9,1.4,231,17,4.2,6.9,1.5,222,19,556,28.68,,0,0,0,70.0,67.5,66.7,0.36,0.34,0.32
DUAN,2017-08-21 16:10:00 EDT,42.80319,-74.17361,1369,79.2,78.7,79.2,54.9,61.6,0.000,0.000,0.00,0.000,2.2,5.4,1.4,224,31,2.8,6.2,1.3,231,33,2.2,5.4,1.4,224,31,546,28.67,,0,0,0,70.0,67.5,66.7,0.36,0.34,0.32
DUAN,2017-08-21 16:15:00 EDT,42.80319,-74.17361,1369,79.6,78.8,79.6,56.2,62.6,0.000,0.000,0.00,0.000,3.8,7.1,1.3,212,25,4.4,8.3,1.5,215,24,3.8,7.1,1.3,212,25,532,28.67,,0,0,0,70.1,67.5,66.7,0.36,0.34,0.32
DUAN,2017-08-21 16:20:00 EDT,42.80319,-74.17361,1369,79.5,78.9,79.5,54.8,61.9,0.000,0.000,0.00,0.000,2.5,5.0,1.2,209,29,2.9,5.5,1.3,217,30,2.5,5.0,1.2,209,29,519,28.67,,0,0,0,70.1,67.5,66.7,0.36,0.34,0.32
DUAN,2017-08-21 16:25:00 EDT,42.80319,-74.17361,1369,79.8,79.1,79.8,54.9,62.1,0.000,0.000,0.00,0.000,2.8,5.6,1.2,261,28,3.3,6.7,1.2,269,27,2.8,5.6,1.2,261,28,506,28.67,,0,0,0,70.3,67.5,66.7,0.36,0.34,0.32
DUAN,2017-08-21 16:30:00 EDT,42.80319,-74.17361,1369,79.6,79.1,79.6,54.5,61.7,0.000,0.000,0.00,0.000,3.3,6.5,1.5,250,24,3.8,7.9,1.7,257,23,3.3,6.5,1.5,250,24,490,28.67,,0,0,0,70.3,67.5,66.7,0.36,0.34,0.32
DUAN,2017-08-21 16:35:00 EDT,42.80319,-74.17361,1369,79.7,79.1,79.7,55.7,62.5,0.000,0.000,0.00,0.000,1.9,5.7,1.3,236,21,2.4,7.0,1.3,247,21,1.9,5.7,1.3,236,21,478,28.67,,0,0,0,70.3,67.5,66.7,0.36,0.34,0.32
DUAN,2017-08-21 16:40:00 EDT,42.80319,-74.17361,1369,79.8,79.3,79.8,56.0,62.7,0.000,0.000,0.00,0.000,2.8,7.5,2.0,211,28,3.4,8.6,2.2,218,29,2.8,7.5,2.0,211,28,471,28.67,,0,0,0,70.3,67.5,66.7,0.36,0.34,0.32
DUAN,2017-08-21 16:45:00 EDT,42.80319,-74.17361,1369,79.7,79.0,79.7,56.7,63.0,0.000,0.000,0.00,0.000,3.0,8.8,1.9,253,41,3.5,10.2,2.0,263,39,3.0,8.8,1.9,253,41,457,28.67,,0,0,0,70.3,67.5,66.7,0.36,0.34,0.32
DUAN,2017-08-21 16:50:00 EDT,42.80319,-74.17361,1369,79.6,79.0,79.6,55.2,62.1,0.000,0.000,0.00,0.000,3.7,8.3,1.6,226,25,3.9,9.6,1.8,233,26,3.7,8.3,1.6,226,25,444,28.67,,0,0,0,70.3,67.5,66.7,0.36,0.34,0.32
DUAN,2017-08-21 16:55:00 EDT,42.80319,-74.17361,1369,79.4,78.9,79.4,54.9,61.8,0.000,0.000,0.00,0.000,2.9,7.1,1.2,238,32,3.2,8.7,1.4,246,31,2.9,7.1,1.2,238,32,428,28.67,,0,0,0,70.3,67.5,66.7,0.36,0.34,0.32
DUAN,2017-08-21 17:00:00 EDT,42.80319,-74.17361,1369,79.4,79.0,79.4,55.3,62.0,0.000,0.000,0.00,0.000,3.4,8.4,2.1,200,18,4.0,10.2,2.2,207,17,3.4,8.4,2.1,200,18,414,28.67,,0,0,0,70.3,67.5,66.7,0.36,0.34,0.32
DUAN,2017-08-21 17:05:00 EDT,42.80319,-74.17361,1369,79.3,79.0,79.3,54.8,61.6,0.000,0.000,0.00,0.000,3.3,8.0,1.7,224,28,3.5,9.1,1.8,232,28,3.3,8.0,1.7,224,28,404,28.67,,0,0,0,70.3,67.5,66.7,0.36,0.34,0.32
DUAN,2017-08-21 17:10:00 EDT,42.80319,-74.17361,1369,79.4,79.0,79.4,55.9,62.3,0.000,0.000,0.00,0.000,4.8,9.7,1.8,200,21,5.1,10.3,2.0,208,20,4.8,9.7,1.8,200,21,389,28.66,,0,0,0,70.3,67.5,66.7,0.36,0.34,0.32
DUAN,2017-08-21 17:15:00 EDT,42.80319,-74.17361,1369,79.5,79.0,79.5,56.6,62.7,0.000,0.000,0.00,0.000,1.8,4.1,1.2,212,24,2.0,4.0,1.0,219,30,1.8,4.1,1.2,212,24,372,28.66,,0,0,0,70.3,67.5,66.7,0.36,0.34,0.32
DUAN,2017-08-21 17:20:00 EDT,42.80319,-74.17361,1369,79.6,79.2,79.6,56.6,62.8,0.000,0.000,0.00,0.000,1.8,6.5,1.5,246,29,2.2,9.3,1.6,255,31,1.8,6.5,1.5,246,29,355,28.66,,0,0,0,70.3,67.6,66.7,0.36,0.34,0.32
DUAN,2017-08-21 17:25:00 EDT,42.80319,-74.17361,1369,79.5,79.1,79.5,55.1,61.9,0.000,0.000,0.00,0.000,3.6,5.9,1.0,235,27,3.9,7.7,1.5,246,28,3.6,5.9,1.0,235,27,338,28.66,,0,0,0,70.3,67.5,66.7,0.36,0.34,0.32
DUAN,2017-08-21 17:30:00 EDT,42.80319,-74.17361,1369,79.3,79.0,79.3,56.9,62.7,0.000,0.000,0.00,0.000,2.4,5.3,1.0,205,35,2.6,6.3,1.2,213,36,2.4,5.3,1.0,205,35,322,28.66,,0,0,0,70.3,67.5,66.7,0.36,0.34,0.32
DUAN,2017-08-21 17:35:00 EDT,42.80319,-74.17361,1369,79.3,79.0,79.3,57.1,62.8,0.000,0.000,0.00,0.000,3.4,5.9,0.9,206,18,3.7,6.6,1.1,209,16,3.4,5.9,0.9,206,18,310,28.66,,0,0,0,70.3,67.5,66.7,0.36,0.34,0.32
DUAN,2017-08-21 17:40:00 EDT,42.80319,-74.17361,1369,79.3,79.0,79.3,58.2,63.3,0.000,0.000,0.00,0.000,3.2,5.8,1.0,185,21,3.6,6.5,1.3,191,19,3.2,5.8,1.0,185,21,295,28.66,,0,0,0,70.3,67.6,66.7,0.36,0.34,0.32
DUAN,2017-08-21 17:45:00 EDT,42.80319,-74.17361,1369,79.0,78.8,79.0,59.2,63.5,0.000,0.000,0.00,0.000,3.3,5.2,0.8,190,14,3.6,6.9,1.2,197,14,3.3,5.2,0.8,190,14,281,28.66,,0,0,0,70.3,67.7,66.7,0.36,0.34,0.32
DUAN,2017-08-21 17:50:00 EDT,42.80319,-74.17361,1369,78.9,78.8,78.9,60.2,63.9,0.000,0.000,0.00,0.000,2.5,4.3,0.7,197,19,2.6,4.8,0.8,202,17,2.5,4.3,0.7,197,19,266,28.65,,0,0,0,70.3,67.6,66.7,0.36,0.34,0.32
DUAN,2017-08-21 17:55:00 EDT,42.80319,-74.17361,1369,78.7,78.8,78.7,59.0,63.2,0.000,0.000,0.00,0.000,2.3,4.4,0.9,221,18,2.5,5.0,1.0,228,17,2.3,4.4,0.9,221,18,244,28.66,,0,0,0,70.3,67.7,66.7,0.36,0.34,0.33
DUAN,2017-08-21 18:00:00 EDT,42.80319,-74.17361,1369,78.4,78.6,78.4,59.7,63.3,0.000,0.000,0.00,0.000,2.4,4.9,1.3,196,26,2.8,5.6,1.4,203,27,2.4,4.9,1.3,196,26,211,28.66,,0,0,0,70.3,67.7,66.7,0.36,0.34,0.33
DUAN,2017-08-21 18:05:00 EDT,42.80319,-74.17361,1369,78.4,78.5,78.4,60.6,63.7,0.000,0.000,0.00,0.000,1.8,3.9,0.9,228,21,2.1,4.8,1.0,234,22,1.8,3.9,0.9,228,21,224,28.65,,0,0,0,70.3,67.7,66.7,0.36,0.34,0.32
DUAN,2017-08-21 18:10:00 EDT,42.80319,-74.17361,1369,78.5,78.4,78.5,59.1,63.0,0.000,0.000,0.00,0.000,1.7,3.4,0.7,213,15,1.7,3.1,0.6,221,17,1.7,3.4,0.7,213,15,207,28.65,,0,0,0,70.3,67.8,66.7,0.36,0.34,0.32
DUAN,2017-08-21 18:15:00 EDT,42.80319,-74.17361,1369,78.4,78.5,78.4,61.5,64.0,0.000,0.000,0.00,0.000,1.7,3.4,0.9,184,15,2.1,3.9,0.8,188,18,1.7,3.4,0.9,184,15,198,28.65,,0,0,0,70.3,67.8,66.7,0.36,0.34,0.32
DUAN,2017-08-21 18:20:00 EDT,42.80319,-74.17361,1369,78.2,78.2,78.2,64.3,65.2,0.000,0.000,0.00,0.000,0.8,2.0,0.5,197,17,1.1,2.5,0.5,203,20,0.8,2.0,0.5,197,17,182,28.65,,0,0,0,70.3,67.8,66.7,0.36,0.34,0.32
DUAN,2017-08-21 18:25:00 EDT,42.80319,-74.17361,1369,78.3,78.3,78.3,62.6,64.5,0.000,0.000,0.00,0.000,1.8,3.9,0.8,195,12,1.9,4.7,0.8,201,13,1.8,3.9,0.8,195,12,168,28.65,,0,0,0,70.4,67.8,66.7,0.36,0.34,0.33
DUAN,2017-08-21 18:30:00 EDT,42.80319,-74.17361,1369,78.1,78.4,78.1,65.3,65.5,0.000,0.000,0.00,0.000,1.0,1.8,0.5,174,13,1.6,2.5,0.5,178,16,1.0,1.8,0.5,174,13,155,28.65,,0,0,0,70.3,67.8,66.7,0.36,0.34,0.32
DUAN,2017-08-21 18:35:00 EDT,42.80319,-74.17361,1369,77.7,78.2,77.7,65.4,65.2,0.000,0.000,0.00,0.000,0.8,1.6,0.4,200,21,1.1,2.3,0.4,198,23,0.8,1.6,0.4,200,21,143,28.65,,0,0,0,70.3,67.8,66.7,0.36,0.34,0.32
DUAN,2017-08-21 18:40:00 EDT,42.80319,-74.17361,1369,77.5,78.3,77.5,64.6,64.6,0.000,0.000,0.00,0.000,1.8,2.8,0.5,206,22,2.0,3.6,0.6,211,20,1.8,2.8,0.5,206,22,133,28.65,,0,0,0,70.3,67.8,66.7,0.36,0.34,0.32
DUAN,2017-08-21 18:45:00 EDT,42.80319,-74.17361,1369,77.6,78.2,77.6,65.5,65.2,0.000,0.000,0.00,0.000,2.2,4.3,0.7,186,19,2.6,5.9,0.7,191,17,2.2,4.3,0.7,186,19,119,28.64,,0,0,0,70.3,67.8,66.7,0.36,0.34,0.33
DUAN,2017-08-21 18:50:00 EDT,42.80319,-74.17361,1369,76.8,77.6,76.8,64.2,63.8,0.000,0.000,0.00,0.000,2.1,5.0,1.0,215,22,2.3,5.6,1.0,220,24,2.1,5.0,1.0,215,22,106,28.64,,0,0,0,70.3,67.8,66.7,0.36,0.34,0.32
DUAN,2017-08-21 18:55:00 EDT,42.80319,-74.17361,1369,76.8,77.5,76.8,65.3,64.2,0.000,0.000,0.00,0.000,2.2,4.4,0.8,197,19,2.4,4.9,0.8,201,18,2.2,4.4,0.8,197,19,96,28.64,,0,0,0,70.3,67.8,66.7,0.36,0.34,0.33
DUAN,2017-08-21 19:00:00 EDT,42.80319,-74.17361,1369,76.5,77.3,76.5,65.9,64.3,0.000,0.000,0.00,0.000,2.2,3.1,0.4,203,12,2.2,3.6,0.5,210,12,2.2,3.1,0.4,203,12,84,28.64,,0,0,0,70.3,67.8,66.7,0.36,0.34,0.32
DUAN,2017-08-21 19:05:00 EDT,42.80319,-74.17361,1369,76.1,77.0,76.1,67.0,64.4,0.000,0.000,0.00,0.000,2.3,4.8,0.7,217,14,2.4,4.8,0.8,223,13,2.3,4.8,0.7,217,14,73,28.64,,0,0,0,70.3,67.8,66.7,0.36,0.34,0.32
DUAN,2017-08-21 19:10:00 EDT,42.80319,-74.17361,1369,76.0,77.0,76.0,67.8,64.6,0.000,0.000,0.00,0.000,2.2,3.9,0.6,223,19,2.2,5.3,0.7,228,20,2.2,3.9,0.6,223,19,54,28.64,,0,0,0,70.3,67.8,66.7,0.36,0.33,0.32
DUAN,2017-08-21 19:15:00 EDT,42.80319,-74.17361,1369,75.8,76.8,75.8,67.4,64.2,0.000,0.000,0.00,0.000,2.3,3.9,0.7,229,16,2.5,5.9,1.0,237,17,2.3,3.9,0.7,229,16,41,28.64,,0,0,0,70.3,67.8,66.7,0.36,0.34,0.32
DUAN,2017-08-21 19:20:00 EDT,42.80319,-74.17361,1369,75.7,76.6,75.7,66.6,63.8,0.000,0.000,0.00,0.000,3.2,5.4,0.9,232,18,3.4,6.4,1.1,239,16,3.2,5.4,0.9,232,18,23,28.65,,0,0,0,70.3,67.8,66.7,0.36,0.34,0.32
DUAN,2017-08-21 19:25:00 EDT,42.80319,-74.17361,1369,75.5,76.3,75.5,66.6,63.6,0.000,0.000,0.00,0.000,2.4,4.3,0.7,238,19,2.6,5.2,0.9,248,18,2.4,4.3,0.7,238,19,13,28.65,,0,0,0,70.3,67.8,66.7,0.36,0.34,0.32
DUAN,2017-08-21 19:30:00 EDT,42.80319,-74.17361,1369,75.2,76.0,75.2,67.3,63.6,0.000,0.000,0.00,0.000,2.3,3.8,0.6,240,17,2.4,5.0,0.8,248,16,2.3,3.8,0.6,240,17,8,28.65,,0,0,0,70.3,67.8,66.7,0.36,0.34,0.32
DUAN,2017-08-21 19:35:00 EDT,42.80319,-74.17361,1369,74.9,75.8,74.9,68.3,63.8,0.000,0.000,0.00,0.000,2.3,4.2,0.6,246,15,2.7,4.5,0.7,255,14,2.3,4.2,0.6,246,15,6,28.65,,0,0,0,70.3,67.8,66.7,0.36,0.34,0.32
DUAN,2017-08-21 19:40:00 EDT,42.80319,-74.17361,1369,74.9,75.8,74.9,68.0,63.6,0.000,0.000,0.00,0.000,2.4,3.9,0.8,245,16,2.8,4.7,1.1,253,15,2.4,3.9,0.8,245,16,5,28.65,,0,0,0,70.3,67.8,66.7,0.36,0.34,0.32
DUAN,2017-08-21 19:45:00 EDT,42.80319,-74.17361,1369,74.7,75.6,74.7,67.8,63.4,0.000,0.000,0.00,0.000,2.0,3.9,0.9,241,21,2.4,4.6,0.9,248,24,2.0,3.9,0.9,241,21,3,28.65,,0,0,0,70.3,67.8,66.7,0.36,0.34,0.32
DUAN,2017-08-21 19:50:00 EDT,42.80319,-74.17361,1369,74.6,75.6,74.6,68.2,63.4,0.000,0.000,0.00,0.000,2.2,3.4,0.5,229,17,2.2,3.8,0.6,237,17,2.2,3.4,0.5,229,17,2,28.65,,0,0,0,70.3,67.8,66.7,0.36,0.34,0.32
DUAN,2017-08-21 19:55:00 EDT,42.80319,-74.17361,1369,74.6,75.7,74.6,68.2,63.5,0.000,0.000,0.00,0.000,2.3,3.6,0.6,229,16,2.3,4.4,0.7,235,13,2.3,3.6,0.6,229,16,1,28.65,,0,0,0,70.3,67.8,66.7,0.36,0.34,0.33
DUAN,2017-08-21 20:00:00 EDT,42.80319,-74.17361,1369,74.4,75.7,74.4,68.7,63.4,0.000,0.000,0.00,0.000,2.7,3.6,0.5,237,13,2.8,4.6,0.6,242,13,2.7,3.6,0.5,237,13,1,28.65,,0,0,0,70.3,67.8,66.7,0.36,0.34,0.32
DUAN,2017-08-21 20:05:00 EDT,42.80319,-74.17361,1369,74.2,75.5,74.2,68.8,63.3,0.000,0.000,0.00,0.000,2.6,4.5,0.7,237,16,2.7,5.2,0.9,242,15,2.6,4.5,0.7,237,16,0,28.65,,0,0,0,70.3,67.8,66.7,0.36,0.33,0.32
DUAN,2017-08-21 20:10:00 EDT,42.80319,-74.17361,1369,74.3,75.5,74.3,68.7,63.3,0.000,0.000,0.00,0.000,2.6,4.3,0.7,231,16,2.6,5.3,0.8,237,15,2.6,4.3,0.7,231,16,0,28.65,,0,0,0,70.1,67.8,66.8,0.36,0.33,0.32
DUAN,2017-08-21 20:15:00 EDT,42.80319,-74.17361,1369,74.4,75.5,74.4,68.9,63.5,0.000,0.000,0.00,0.000,2.7,5.2,0.8,232,16,3.0,6.4,1.0,239,14,2.7,5.2,0.8,232,16,0,28.65,,0,0,0,70.0,67.8,66.8,0.36,0.34,0.32
DUAN,2017-08-21 20:20:00 EDT,42.80319,-74.17361,1369,74.3,75.5,74.3,69.1,63.5,0.000,0.000,0.00,0.000,3.1,5.3,0.9,239,14,3.4,6.2,1.0,246,14,3.1,5.3,0.9,239,14,0,28.65,,0,0,0,70.0,67.8,66.8,0.36,0.34,0.32
DUAN,2017-08-21 20:25:00 EDT,42.80319,-74.17361,1369,74.2,75.5,74.2,69.4,63.5,0.000,0.000,0.00,0.000,2.4,3.9,0.6,235,15,2.5,4.7,0.7,241,15,2.4,3.9,0.6,235,15,0,28.65,,0,0,0,70.0,67.8,66.8,0.36,0.34,0.32
DUAN,2017-08-21 20:30:00 EDT,42.80319,-74.17361,1369,74.4,75.6,74.4,69.3,63.7,0.000,0.000,0.00,0.000,2.8,4.1,0.5,231,15,2.9,4.6,0.7,237,12,2.8,4.1,0.5,231,15,0,28.65,,0,0,0,70.0,67.8,66.8,0.36,0.34,0.32
DUAN,2017-08-21 20:35:00 EDT,42.80319,-74.17361,1369,74.6,75.8,74.6,69.4,63.9,0.000,0.000,0.00,0.000,2.6,4.6,0.8,225,13,2.6,5.0,0.7,231,13,2.6,4.6,0.8,225,13,0,28.65,,0,0,0,70.0,67.8,66.7,0.36,0.34,0.32
DUAN,2017-08-21 20:40:00 EDT,42.80319,-74.17361,1369,74.7,75.9,74.7,70.0,64.2,0.000,0.000,0.00,0.000,2.7,4.3,0.6,220,13,2.4,3.9,0.6,225,11,2.7,4.3,0.6,220,13,0,28.65,,0,0,0,70.0,67.8,66.8,0.36,0.34,0.32
DUAN,2017-08-21 20:45:00 EDT,42.80319,-74.17361,1369,74.1,75.5,74.1,71.3,64.2,0.000,0.000,0.00,0.000,2.3,3.5,0.5,206,12,2.3,3.9,0.5,212,11,2.3,3.5,0.5,206,12,0,28.65,,0,0,0,70.0,67.8,66.8,0.36,0.34,0.32
DUAN,2017-08-21 20:50:00 EDT,42.80319,-74.17361,1369,73.5,75.0,73.5,73.5,64.5,0.000,0.000,0.00,0.000,2.2,3.1,0.3,204,11,2.1,3.4,0.4,209,12,2.2,3.1,0.3,204,11,0,28.65,,0,0,0,70.0,67.8,66.8,0.36,0.34,0.32
DUAN,2017-08-21 20:55:00 EDT,42.80319,-74.17361,1369,72.8,74.8,72.8,75.6,64.6,0.000,0.000,0.00,0.000,2.4,3.1,0.3,196,9,2.5,3.9,0.5,202,9,2.4,3.1,0.3,196,9,0,28.65,,0,0,0,70.0,67.8,66.8,0.36,0.34,0.32
DUAN,2017-08-21 21:00:00 EDT,42.80319,-74.17361,1369,73.1,75.3,73.1,76.5,65.3,0.000,0.000,0.00,0.000,2.7,4.6,0.6,205,13,2.7,5.4,0.7,211,14,2.7,4.6,0.6,205,13,0,28.65,,0,0,0,70.0,67.8,66.8,0.36,0.34,0.32
DUAN,2017-08-21 21:05:00 EDT,42.80319,-74.17361,1369,73.4,75.2,73.4,76.0,65.4,0.000,0.000,0.00,0.000,2.2,3.8,0.4,201,16,2.3,4.6,0.5,207,15,2.2,3.8,0.4,201,16,0,28.65,,0,0,0,70.0,67.8,66.8,0.36,0.34,0.32
DUAN,2017-08-21 21:10:00 EDT,42.80319,-74.17361,1369,72.7,74.9,72.7,76.4,64.8,0.000,0.000,0.00,0.000,2.7,4.1,0.5,192,11,2.9,4.7,0.6,198,8,2.7,4.1,0.5,192,11,0,28.64,,0,0,0,70.0,67.9,66.8,0.36,0.33,0.32
DUAN,2017-08-21 21:15:00 EDT,42.80319,-74.17361,1369,72.2,74.7,72.2,76.7,64.5,0.000,0.000,0.00,0.000,2.3,3.3,0.3,186,10,2.6,4.3,0.4,192,9,2.3,3.3,0.3,186,10,0,28.64,,0,0,0,70.0,67.9,66.8,0.36,0.34,0.32
DUAN,2017-08-21 21:20:00 EDT,42.80319,-74.17361,1369,72.3,74.5,72.3,76.4,64.4,0.000,0.000,0.00,0.000,2.5,5.0,0.8,168,12,3.2,5.7,0.7,172,12,2.5,5.0,0.8,168,12,0,28.65,,0,0,0,69.9,67.9,66.8,0.36,0.34,0.32
DUAN,2017-08-21 21:25:00 EDT,42.80319,-74.17361,1369,71.6,74.2,71.6,77.7,64.2,0.000,0.000,0.00,0.000,3.4,4.3,0.4,185,9,3.7,5.2,0.6,191,9,3.4,4.3,0.4,185,9,0,28.65,,0,0,0,69.7,67.9,66.8,0.36,0.34,0.32
DUAN,2017-08-21 21:30:00 EDT,42.80319,-74.17361,1369,71.9,74.3,71.9,79.0,65.0,0.000,0.000,0.00,0.000,4.1,5.3,0.5,183,10,4.6,5.9,0.6,190,8,4.1,5.3,0.5,183,10,0,28.65,,0,0,0,69.6,67.9,66.8,0.36,0.34,0.32
DUAN,2017-08-21 21:35:00 EDT,42.80319,-74.17361,1369,72.1,73.8,72.1,79.6,65.4,0.000,0.000,0.00,0.000,3.8,4.5,0.3,181,7,4.2,5.4,0.4,189,6,3.8,4.5,0.3,181,7,0,28.65,,0,0,0,69.6,67.9,66.8,0.36,0.33,0.32
DUAN,2017-08-21 21:40:00 EDT,42.80319,-74.17361,1369,71.5,73.5,71.5,80.3,65.1,0.000,0.000,0.00,0.000,3.8,4.7,0.3,178,7,4.1,5.1,0.4,185,7,3.8,4.7,0.3,178,7,0,28.65,,0,0,0,69.6,67.9,66.8,0.36,0.33,0.32
DUAN,2017-08-21 21:45:00 EDT,42.80319,-74.17361,1369,71.7,73.5,71.7,81.0,65.6,0.000,0.000,0.00,0.000,4.1,5.4,0.5,189,9,4.4,5.8,0.6,196,7,4.1,5.4,0.5,189,9,0,28.65,,0,0,0,69.6,68.0,66.8,0.36,0.33,0.32
DUAN,2017-08-21 21:50:00 EDT,42.80319,-74.17361,1369,72.0,73.4,72.0,80.3,65.6,0.000,0.000,0.00,0.000,3.8,5.4,0.6,195,11,4.0,6.2,0.8,201,11,3.8,5.4,0.6,195,11,0,28.65,,0,0,0,69.6,67.9,66.8,0.36,0.33,0.32
DUAN,2017-08-21 21:55:00 EDT,42.80319,-74.17361,1369,71.5,72.8,71.5,80.5,65.2,0.000,0.000,0.00,0.000,3.8,5.1,0.5,184,8,4.3,5.9,0.6,192,6,3.8,5.1,0.5,184,8,0,28.65,,0,0,0,69.6,68.0,66.9,0.36,0.33,0.32
DUAN,2017-08-21 22:00:00 EDT,42.80319,-74.17361,1369,71.3,72.8,71.3,81.4,65.3,0.000,0.000,0.00,0.000,4.0,5.0,0.5,186,8,4.4,5.7,0.6,192,7,4.0,5.0,0.5,186,8,0,28.65,,0,0,0,69.6,68.0,66.8,0.36,0.33,0.32
DUAN,2017-08-21 22:05:00 EDT,42.80319,-74.17361,1369,71.2,72.7,71.2,81.7,65.3,0.000,0.000,0.00,0.000,4.0,5.3,0.6,185,10,4.4,6.2,0.7,191,8,4.0,5.3,0.6,185,10,0,28.65,,0,0,0,69.6,68.0,66.9,0.36,0.34,0.32
DUAN,2017-08-21 22:10:00 EDT,42.80319,-74.17361,1369,71.3,72.6,71.3,81.7,65.4,0.000,0.000,0.00,0.000,4.3,6.4,0.8,194,13,4.6,6.8,1.0,201,12,4.3,6.4,0.8,194,13,0,28.65,,0,0,0,69.6,68.0,67.0,0.36,0.34,0.32
DUAN,2017-08-21 22:15:00 EDT,42.80319,-74.17361,1369,71.5,72.6,71.5,81.4,65.5,0.000,0.000,0.00,0.000,4.4,6.5,0.9,196,13,4.7,7.2,1.0,201,11,4.4,6.5,0.9,196,13,0,28.64,,0,0,0,69.6,68.0,67.0,0.36,0.33,0.32
DUAN,2017-08-21 22:20:00 EDT,42.80319,-74.17361,1369,71.4,72.3,71.4,81.1,65.3,0.000,0.000,0.00,0.000,3.6,7.1,1.2,196,19,3.6,9.2,1.5,203,17,3.6,7.1,1.2,196,19,0,28.64,,0,0,0,69.5,68.1,66.9,0.36,0.34,0.32
DUAN,2017-08-21 22:25:00 EDT,42.80319,-74.17361,1369,71.4,72.3,71.4,80.9,65.2,0.000,0.000,0.00,0.000,3.9,8.0,1.1,196,17,4.2,7.8,1.2,202,16,3.9,8.0,1.1,196,17,0,28.64,,0,0,0,69.4,68.1,67.0,0.36,0.33,0.32
DUAN,2017-08-21 22:30:00 EDT,42.80319,-74.17361,1369,71.4,72.3,71.4,81.4,65.4,0.000,0.000,0.00,0.000,3.6,7.0,1.2,202,15,3.8,7.2,1.3,209,14,3.6,7.0,1.2,202,15,0,28.64,,0,0,0,69.3,68.0,67.0,0.36,0.34,0.32
DUAN,2017-08-21 22:35:00 EDT,42.80319,-74.17361,1369,71.5,72.4,71.5,81.5,65.5,0.000,0.000,0.00,0.000,3.0,6.3,0.9,208,20,3.1,8.1,1.2,213,19,3.0,6.3,0.9,208,20,0,28.64,,0,0,0,69.3,68.1,67.0,0.36,0.34,0.32
DUAN,2017-08-21 22:40:00 EDT,42.80319,-74.17361,1369,71.6,72.5,71.6,81.2,65.6,0.000,0.000,0.00,0.000,3.3,5.8,1.1,211,17,3.5,6.4,1.2,215,17,3.3,5.8,1.1,211,17,0,28.64,,0,0,0,69.3,68.1,67.0,0.36,0.33,0.32
DUAN,2017-08-21 22:45:00 EDT,42.80319,-74.17361,1369,71.6,72.5,71.6,81.1,65.5,0.000,0.000,0.00,0.000,3.5,5.3,0.7,198,19,3.7,6.5,0.9,203,16,3.5,5.3,0.7,198,19,0,28.64,,0,0,0,69.3,68.1,67.0,0.36,0.34,0.32
DUAN,2017-08-21 22:50:00 EDT,42.80319,-74.17361,1369,71.3,72.2,71.3,81.9,65.5,0.000,0.000,0.00,0.000,3.7,6.4,1.1,199,16,3.9,8.5,1.4,205,15,3.7,6.4,1.1,199,16,0,28.64,,0,0,0,69.3,68.2,67.0,0.36,0.34,0.32
DUAN,2017-08-21 22:55:00 EDT,42.80319,-74.17361,1369,71.1,72.1,71.1,82.7,65.6,0.000,0.000,0.00,0.000,4.0,6.2,1.1,197,18,4.2,7.9,1.2,202,16,4.0,6.2,1.1,197,18,0,28.64,,0,0,0,69.3,68.1,67.0,0.36,0.34,0.32
DUAN,2017-08-21 23:00:00 EDT,42.80319,-74.17361,1369,71.0,72.1,71.0,83.2,65.6,0.000,0.000,0.00,0.000,4.0,5.7,0.6,189,14,4.3,7.0,0.9,195,14,4.0,5.7,0.6,189,14,0,28.64,,0,0,0,69.3,68.1,67.1,0.36,0.33,0.32
DUAN,2017-08-21 23:05:00 EDT,42.80319,-74.17361,1369,70.4,71.6,70.4,83.9,65.3,0.000,0.000,0.00,0.000,3.5,5.7,0.7,178,14,3.9,6.4,0.8,185,12,3.5,5.7,0.7,178,14,0,28.64,,0,0,0,69.3,68.0,67.1,0.36,0.34,0.32
DUAN,2017-08-21 23:10:00 EDT,42.80319,-74.17361,1369,69.9,71.3,69.9,84.8,65.2,0.000,0.000,0.00,0.000,3.9,5.0,0.5,178,12,4.4,6.2,0.7,184,11,3.9,5.0,0.5,178,12,0,28.64,,0,0,0,69.3,68.1,67.1,0.36,0.33,0.32
DUAN,2017-08-21 23:15:00 EDT,42.80319,-74.17361,1369,69.5,70.8,69.5,85.7,65.0,0.000,0.000,0.00,0.000,3.6,5.4,0.7,167,13,4.6,6.7,0.8,174,10,3.6,5.4,0.7,167,13,0,28.63,,0,0,0,69.3,68.1,67.1,0.36,0.33,0.32
DUAN,2017-08-21 23:20:00 EDT,42.80319,-74.17361,1369,69.0,70.4,69.0,86.7,64.9,0.000,0.000,0.00,0.000,3.4,5.4,0.8,165,12,4.2,6.2,0.9,170,10,3.4,5.4,0.8,165,12,0,28.64,,0,0,0,69.3,68.1,67.1,0.36,0.34,0.32
DUAN,2017-08-21 23:25:00 EDT,42.80319,-74.17361,1369,69.0,70.1,69.0,87.5,65.1,0.000,0.000,0.00,0.000,4.1,6.9,1.0,171,10,4.6,7.7,1.1,176,10,4.1,6.9,1.0,171,10,0,28.64,,0,0,0,69.3,68.2,67.1,0.36,0.33,0.32
DUAN,2017-08-21 23:30:00 EDT,42.80319,-74.17361,1369,68.9,70.0,68.9,88.1,65.2,0.000,0.000,0.00,0.000,3.5,5.5,0.8,175,12,4.1,6.1,0.9,180,11,3.5,5.5,0.8,175,12,0,28.63,,0,0,0,69.3,68.1,67.1,0.36,0.33,0.32
DUAN,2017-08-21 23:35:00 EDT,42.80319,-74.17361,1369,68.8,69.8,68.8,88.5,65.3,0.000,0.000,0.00,0.000,3.3,5.3,1.1,170,16,4.0,6.4,1.2,174,13,3.3,5.3,1.1,170,16,0,28.64,,0,0,0,69.3,68.1,67.1,0.36,0.33,0.32
DUAN,2017-08-21 23:40:00 EDT,42.80319,-74.17361,1369,68.8,69.6,68.8,88.8,65.3,0.000,0.000,0.00,0.000,3.2,4.5,0.7,170,14,4.0,6.3,0.9,175,12,3.2,4.5,0.7,170,14,0,28.64,,0,0,0,69.3,68.1,67.1,0.36,0.34,0.32
DUAN,2017-08-21 23:45:00 EDT,42.80319,-74.17361,1369,68.8,70.0,68.8,89.2,65.5,0.000,0.000,0.00,0.000,4.0,5.8,0.8,186,15,4.5,7.0,1.0,191,13,4.0,5.8,0.8,186,15,0,28.64,,0,0,0,69.3,68.1,67.1,0.36,0.34,0.32
DUAN,2017-08-21 23:50:00 EDT,42.80319,-74.17361,1369,69.1,70.1,69.1,89.1,65.7,0.000,0.000,0.00,0.000,3.8,5.9,0.7,183,14,4.2,7.5,0.9,189,11,3.8,5.9,0.7,183,14,0,28.64,,0,0,0,69.2,68.1,67.1,0.36,0.34,0.32
DUAN,2017-08-21 23:55:00 EDT,42.80319,-74.17361,1369,69.0,70.3,69.0,88.9,65.6,0.000,0.000,0.00,0.000,4.0,6.1,0.7,182,14,4.4,7.3,1.0,189,12,4.0,6.1,0.7,182,14,0,28.64,,0,0,0,69.2,68.1,67.1,0.36,0.33,0.32
EAUR,2017-08-21 00:00:00 EDT,42.71349,-78.63173,1237,61.4,63.6,61.4,89.5,58.3,0.000,0.000,0.00,0.000,1.0,2.0,0.4,196,21,1.3,2.8,0.6,200,24,1.0,2.0,0.4,196,21,0,28.83,,0,0,0,68.2,67.5,66.4,0.45,0.41,0.35
EAUR,2017-08-21 00:05:00 EDT,42.71349,-78.63173,1237,61.6,63.6,61.6,89.7,58.5,0.000,0.000,0.00,0.000,1.3,3.0,0.6,186,23,1.6,3.4,0.7,193,24,1.3,3.0,0.6,186,23,0,28.83,,0,0,0,68.2,67.5,66.4,0.45,0.41,0.35
EAUR,2017-08-21 00:10:00 EDT,42.71349,-78.63173,1237,61.5,63.8,61.5,90.0,58.6,0.000,0.000,0.00,0.000,1.0,2.0,0.4,189,19,1.2,3.2,0.8,199,23,1.0,2.0,0.4,189,19,0,28.83,,0,0,0,68.2,67.5,66.4,0.45,0.41,0.35
EAUR,2017-08-21 00:15:00 EDT,42.71349,-78.63173,1237,61.6,63.7,61.6,89.6,58.5,0.000,0.000,0.00,0.000,0.8,2.3,0.6,184,15,1.3,2.5,0.6,191,19,0.8,2.3,0.6,184,15,0,28.84,,0,0,0,68.2,67.5,66.4,0.45,0.41,0.35
EAUR,2017-08-21 00:20:00 EDT,42.71349,-78.63173,1237,61.8,63.7,61.8,89.6,58.7,0.000,0.000,0.00,0.000,1.2,2.8,0.6,198,14,1.5,3.4,0.8,204,20,1.2,2.8,0.6,198,14,0,28.84,,0,0,0,68.2,67.5,66.4,0.45,0.41,0.35
EAUR,2017-08-21 00:25:00 EDT,42.71349,-78.63173,1237,61.7,64.0,61.7,89.4,58.6,0.000,0.000,0.00,0.000,2.1,3.9,0.8,179,20,2.5,5.1,1.0,181,16,2.1,3.9,0.8,179,20,0,28.84,,0,0,0,68.2,67.5,66.4,0.45,0.41,0.35
EAUR,2017-08-21 00:30:00 EDT,42.71349,-78.63173,1237,62.6,64.3,62.6,89.4,59.5,0.000,0.000,0.00,0.000,1.8,4.7,0.8,185,23,2.2,6.7,1.1,189,20,1.8,4.7,0.8,185,23,0,28.84,,0,0,0,68.1,67.5,66.4,0.45,0.42,0.35
EAUR,2017-08-21 00:35:00 EDT,42.71349,-78.63173,1237,63.0,64.6,63.0,87.7,59.3,0.000,0.000,0.00,0.000,1.9,4.2,0.9,173,24,2.6,5.2,1.0,177,18,1.9,4.2,0.9,173,24,0,28.84,,0,0,0,67.8,67.5,66.4,0.45,0.41,0.35
EAUR,2017-08-21 00:40:00 EDT,42.71349,-78.63173,1237,63.0,64.6,63.0,87.6,59.3,0.000,0.000,0.00,0.000,2.0,3.7,0.8,174,20,2.4,4.7,0.9,180,20,2.0,3.7,0.8,174,20,0,28.84,,0,0,0,67.8,67.5,66.4,0.45,0.41,0.35
EAUR,2017-08-21 00:45:00 EDT,42.71349,-78.63173,1237,63.4,64.8,63.4,87.2,59.5,0.000,0.000,0.00,0.000,2.9,4.5,0.8,180,14,3.2,5.9,1.1,187,13,2.9,4.5,0.8,180,14,0,28.84,,0,0,0,67.8,67.5,66.4,0.45,0.41,0.35
EAUR,2017-08-21 00:50:00 EDT,42.71349,-78.63173,1237,63.2,64.7,63.2,86.7,59.1,0.000,0.000,0.00,0.000,3.5,5.3,0.7,173,13,3.9,6.4,1.0,180,10,3.5,5.3,0.7,173,13,0,28.84,,0,0,0,67.8,67.5,66.4,0.45,0.41,0.35
EAUR,2017-08-21 00:55:00 EDT,42.71349,-78.63173,1237,63.4,64.9,63.4,86.5,59.3,0.000,0.000,0.00,0.000,4.4,6.0,0.8,173,9,4.7,6.8,1.1,179,8,4.4,6.0,0.8,173,9,0,28.84,,0,0,0,67.8,67.6,66.4,0.45,0.41,0.35
EAUR,2017-08-21 01:00:00 EDT,42.71349,-78.63173,1237,63.7,64.9,63.7,85.6,59.3,0.000,0.000,0.00,0.000,3.7,6.3,1.0,174,16,4.0,6.8,1.3,181,12,3.7,6.3,1.0,174,16,0,28.84,,0,0,0,67.8,67.5,66.4,0.45,0.41,0.35
EAUR,2017-08-21 01:05:00 EDT,42.71349,-78.63173,1237,64.1,65.2,64.1,85.0,59.5,0.000,0.000,0.00,0.000,3.6,5.7,1.0,176,16,4.0,5.9,1.0,183,13,3.6,5.7,1.0,176,16,0,28.84,,0,0,0,67.8,67.5,66.4,0.45,0.41,0.35
EAUR,2017-08-21 01:10:00 EDT,42.71349,-78.63173,1237,64.1,65.5,64.1,84.4,59.3,0.000,0.000,0.00,0.000,3.5,6.6,1.3,178,14,3.8,7.2,1.4,184,14,3.5,6.6,1.3,178,14,0,28.84,,0,0,0,67.8,67.5,66.4,0.45,0.41,0.35
EAUR,2017-08-21 01:15:00 EDT,42.71349,-78.63173,1237,64.4,65.8,64.4,84.2,59.5,0.000,0.000,0.00,0.000,4.8,7.5,1.5,173,13,5.3,8.8,1.5,180,11,4.8,7.5,1.5,173,13,0,28.84,,0,0,0,67.8,67.5,66.4,0.45,0.41,0.34
EAUR,2017-08-21 01:20:00 EDT,42.71349,-78.63173,1237,64.6,66.2,64.6,83.8,59.6,0.000,0.000,0.00,0.000,4.8,7.7,1.4,175,14,5.1,9.0,1.6,183,12,4.8,7.7,1.4,175,14,0,28.83,,0,0,0,67.8,67.5,66.4,0.45,0.41,0.34
EAUR,2017-08-21 01:25:00 EDT,42.71349,-78.63173,1237,64.7,66.1,64.7,82.6,59.3,0.000,0.000,0.00,0.000,5.1,9.5,1.4,173,13,5.6,12.8,1.8,180,10,5.1,9.5,1.4,173,13,0,28.84,,0,0,0,67.6,67.5,66.4,0.45,0.41,0.34
EAUR,2017-08-21 01:30:00 EDT,42.71349,-78.63173,1237,65.0,66.5,65.0,81.8,59.3,0.000,0.000,0.00,0.000,6.0,8.3,1.1,173,14,6.4,9.2,1.3,181,10,6.0,8.3,1.1,173,14,0,28.83,,0,0,0,67.5,67.5,66.4,0.45,0.41,0.34
EAUR,2017-08-21 01:35:00 EDT,42.71349,-78.63173,1237,65.0,66.4,65.0,81.7,59.3,0.000,0.000,0.00,0.000,5.6,9.9,1.4,175,13,6.1,10.4,1.8,181,9,5.6,9.9,1.4,175,13,0,28.83,,0,0,0,67.5,67.5,66.4,0.45,0.41,0.34
EAUR,2017-08-21 01:40:00 EDT,42.71349,-78.63173,1237,65.2,66.5,65.2,81.2,59.2,0.000,0.000,0.00,0.000,6.1,8.8,1.3,173,11,6.5,10.2,1.6,181,9,6.1,8.8,1.3,173,11,0,28.83,,0,0,0,67.5,67.5,66.4,0.45,0.41,0.34
EAUR,2017-08-21 01:45:00 EDT,42.71349,-78.63173,1237,65.4,66.5,65.4,80.0,59.1,0.000,0.000,0.00,0.000,5.1,8.1,1.3,176,16,5.5,9.5,1.5,183,12,5.1,8.1,1.3,176,16,0,28.83,,0,0,0,67.5,67.5,66.4,0.45,0.41,0.34
EAUR,2017-08-21 01:50:00 EDT,42.71349,-78.63173,1237,65.3,66.6,65.3,79.5,58.8,0.000,0.000,0.00,0.000,5.5,9.1,1.4,177,12,5.8,9.6,1.5,183,11,5.5,9.1,1.4,177,12,0,28.83,,0,0,0,67.5,67.5,66.4,0.45,0.41,0.34
EAUR,2017-08-21 01:55:00 EDT,42.71349,-78.63173,1237,65.4,66.6,65.4,79.6,58.9,0.000,0.000,0.00,0.000,6.0,9.1,1.5,174,13,6.5,11.4,1.7,179,11,6.0,9.1,1.5,174,13,0,28.83,,0,0,0,67.5,67.5,66.4,0.45,0.41,0.34
EAUR,2017-08-21 02:00:00 EDT,42.71349,-78.63173,1237,65.6,67.0,65.6,79.2,59.0,0.000,0.000,0.00,0.000,6.0,9.7,1.5,175,11,6.6,11.9,1.6,181,10,6.0,9.7,1.5,175,11,0,28.83,,0,0,0,67.5,67.5,66.4,0.45,0.41,0.34
EAUR,2017-08-21 02:05:00 EDT,42.71349,-78.63173,1237,65.8,67.0,65.8,78.3,58.8,0.000,0.000,0.00,0.000,5.1,8.3,1.1,177,13,5.5,10.6,1.8,182,11,5.1,8.3,1.1,177,13,0,28.82,,0,0,0,67.5,67.5,66.4,0.45,0.41,0.34
EAUR,2017-08-21 02:10:00 EDT,42.71349,-78.63173,1237,65.9,67.2,65.9,78.0,58.8,0.000,0.000,0.00,0.000,6.0,9.1,1.5,172,12,6.4,10.0,1.7,181,9,6.0,9.1,1.5,172,12,0,28.82,,0,0,0,67.5,67.5,66.4,0.45,0.41,0.34
EAUR,2017-08-21 02:15:00 EDT,42.71349,-78.63173,1237,66.0,67.3,66.0,78.0,58.9,0.000,0.000,0.00,0.000,5.6,8.4,1.2,176,13,6.0,9.8,1.5,180,11,5.6,8.4,1.2,176,13,0,28.82,,0,0,0,67.5,67.5,66.4,0.45,0.41,0.34
EAUR,2017-08-21 02:20:00 EDT,42.71349,-78.63173,1237,65.9,67.3,65.9,77.1,58.6,0.000,0.000,0.00,0.000,5.4,8.5,1.7,180,17,6.0,10.2,1.9,184,13,5.4,8.5,1.7,180,17,0,28.83,,0,0,0,67.5,67.5,66.4,0.45,0.41,0.34
EAUR,2017-08-21 02:25:00 EDT,42.71349,-78.63173,1237,66.0,67.3,66.0,77.0,58.6,0.000,0.000,0.00,0.000,6.3,10.4,1.6,178,14,6.7,12.5,1.9,183,10,6.3,10.4,1.6,178,14,0,28.82,,0,0,0,67.5,67.5,66.4,0.45,0.41,0.34
EAUR,2017-08-21 02:30:00 EDT,42.71349,-78.63173,1237,66.1,67.4,66.1,76.9,58.6,0.000,0.000,0.00,0.000,6.5,11.0,1.7,176,12,7.0,11.9,2.0,182,9,6.5,11.0,1.7,176,12,0,28.82,,0,0,0,67.5,67.5,66.4,0.45,0.41,0.34
EAUR,2017-08-21 02:35:00 EDT,42.71349,-78.63173,1237,66.0,67.2,66.0,76.5,58.4,0.000,0.000,0.00,0.000,5.5,8.8,1.4,176,15,5.8,10.7,1.5,184,13,5.5,8.8,1.4,176,15,0,28.83,,0,0,0,67.4,67.5,66.4,0.45,0.41,0.34
EAUR,2017-08-21 02:40:00 EDT,42.71349,-78.63173,1237,66.0,67.1,66.0,76.3,58.3,0.000,0.000,0.00,0.000,6.1,10.0,1.7,178,15,6.6,11.1,2.0,184,12,6.1,10.0,1.7,178,15,0,28.83,,0,0,0,67.4,67.5,66.4,0.45,0.41,0.34
EAUR,2017-08-21 02:45:00 EDT,42.71349,-78.63173,1237,66.1,67.1,66.1,76.3,58.4,0.000,0.000,0.00,0.000,6.0,9.4,1.6,179,17,6.5,11.0,1.9,185,11,6.0,9.4,1.6,179,17,0,28.83,,0,0,0,67.4,67.5,66.4,0.45,0.41,0.34
EAUR,2017-08-21 02:50:00 EDT,42.71349,-78.63173,1237,66.2,67.2,66.2,75.8,58.4,0.000,0.000,0.00,0.000,5.8,9.3,1.5,176,16,6.6,11.5,1.8,183,11,5.8,9.3,1.5,176,16,0,28.83,,0,0,0,67.2,67.5,66.4,0.45,0.41,0.34
EAUR,2017-08-21 02:55:00 EDT,42.71349,-78.63173,1237,66.2,67.4,66.2,76.0,58.4,0.000,0.000,0.00,0.000,6.3,9.1,1.3,175,13,6.6,10.5,1.6,181,10,6.3,9.1,1.3,175,13,0,28.83,,0,0,0,67.1,67.5,66.4,0.45,0.41,0.34
EAUR,2017-08-21 03:00:00 EDT,42.71349,-78.63173,1237,66.4,67.5,66.4,75.0,58.3,0.000,0.000,0.00,0.000,5.8,9.6,1.4,177,16,6.0,11.7,1.9,183,14,5.8,9.6,1.4,177,16,0,28.83,,0,0,0,67.1,67.5,66.4,0.45,0.41,0.34
EAUR,2017-08-21 03:05:00 EDT,42.71349,-78.63173,1237,66.7,67.7,66.7,74.4,58.3,0.000,0.000,0.00,0.000,5.6,9.1,1.3,176,13,6.0,9.9,1.6,182,10,5.6,9.1,1.3,176,13,0,28.83,,0,0,0,67.1,67.5,66.4,0.45,0.41,0.34
EAUR,2017-08-21 03:10:00 EDT,42.71349,-78.63173,1237,66.5,67.5,66.5,74.0,57.9,0.000,0.000,0.00,0.000,3.8,8.0,1.4,179,18,4.0,8.9,1.6,187,15,3.8,8.0,1.4,179,18,0,28.83,,0,0,0,67.1,67.5,66.4,0.45,0.42,0.34
EAUR,2017-08-21 03:15:00 EDT,42.71349,-78.63173,1237,66.5,67.6,66.5,74.0,58.0,0.000,0.000,0.00,0.000,4.8,7.8,1.3,175,13,5.1,10.5,1.8,182,13,4.8,7.8,1.3,175,13,0,28.83,,0,0,0,67.1,67.5,66.4,0.45,0.41,0.34
EAUR,2017-08-21 03:20:00 EDT,42.71349,-78.63173,1237,66.7,67.7,66.7,73.6,57.9,0.000,0.000,0.00,0.000,4.1,6.6,1.4,178,17,4.5,7.6,1.5,186,14,4.1,6.6,1.4,178,17,0,28.83,,0,0,0,67.1,67.5,66.4,0.45,0.41,0.34
EAUR,2017-08-21 03:25:00 EDT,42.71349,-78.63173,1237,66.6,67.6,66.6,73.3,57.8,0.000,0.000,0.00,0.000,4.3,6.9,1.2,177,16,4.8,8.2,1.3,181,16,4.3,6.9,1.2,177,16,0,28.83,,0,0,0,67.1,67.5,66.4,0.45,0.41,0.34
EAUR,2017-08-21 03:30:00 EDT,42.71349,-78.63173,1237,66.5,67.6,66.5,73.6,57.8,0.000,0.000,0.00,0.000,4.7,9.4,1.6,178,18,5.0,11.3,2.0,185,15,4.7,9.4,1.6,178,18,0,28.83,,0,0,0,67.1,67.5,66.4,0.45,0.41,0.34
EAUR,2017-08-21 03:35:00 EDT,42.71349,-78.63173,1237,66.8,68.0,66.8,72.9,57.8,0.000,0.000,0.00,0.000,5.4,9.5,1.6,177,14,5.6,10.6,1.7,184,13,5.4,9.5,1.6,177,14,0,28.83,,0,0,0,67.1,67.6,66.4,0.45,0.41,0.34
EAUR,2017-08-21 03:40:00 EDT,42.71349,-78.63173,1237,66.9,67.9,66.9,72.6,57.8,0.000,0.000,0.00,0.000,5.5,8.0,1.1,172,12,5.8,9.7,1.5,181,10,5.5,8.0,1.1,172,12,0,28.82,,0,0,0,67.1,67.5,66.4,0.45,0.41,0.34
EAUR,2017-08-21 03:45:00 EDT,42.71349,-78.63173,1237,66.9,68.2,66.9,72.5,57.8,0.000,0.000,0.00,0.000,5.8,7.8,1.1,174,11,5.9,9.5,1.4,181,10,5.8,7.8,1.1,174,11,0,28.82,,0,0,0,67.1,67.5,66.4,0.45,0.41,0.34
EAUR,2017-08-21 03:50:00 EDT,42.71349,-78.63173,1237,66.7,67.9,66.7,72.3,57.5,0.000,0.000,0.00,0.000,5.0,8.2,1.2,177,13,5.4,8.5,1.5,182,11,5.0,8.2,1.2,177,13,0,28.82,,0,0,0,67.1,67.5,66.4,0.45,0.41,0.34
EAUR,2017-08-21 03:55:00 EDT,42.71349,-78.63173,1237,66.8,67.9,66.8,72.5,57.7,0.000,0.000,0.00,0.000,4.9,7.7,1.3,172,14,5.5,9.7,1.6,180,11,4.9,7.7,1.3,172,14,0,28.82,,0,0,0,67.1,67.5,66.4,0.45,0.41,0.34
EAUR,2017-08-21 04:00:00 EDT,42.71349,-78.63173,1237,66.6,67.7,66.6,72.5,57.5,0.000,0.000,0.00,0.000,4.8,7.7,1.2,177,14,5.0,8.1,1.5,180,12,4.8,7.7,1.2,177,14,0,28.82,,0,0,0,67.1,67.5,66.4,0.45,0.41,0.34
EAUR,2017-08-21 04:05:00 EDT,42.71349,-78.63173,1237,66.2,67.2,66.2,72.7,57.2,0.000,0.000,0.00,0.000,2.9,5.8,1.2,183,20,3.3,6.7,1.5,191,18,2.9,5.8,1.2,183,20,0,28.82,,0,0,0,67.1,67.5,66.4,0.45,0.41,0.34
EAUR,2017-08-21 04:10:00 EDT,42.71349,-78.63173,1237,66.0,67.0,66.0,72.8,57.1,0.000,0.000,0.00,0.000,2.5,5.3,1.0,193,24,2.8,6.9,1.3,200,26,2.5,5.3,1.0,193,24,0,28.82,,0,0,0,67.1,67.5,66.4,0.45,0.41,0.34
EAUR,2017-08-21 04:15:00 EDT,42.71349,-78.63173,1237,65.9,66.9,65.9,73.3,57.2,0.000,0.000,0.00,0.000,2.6,6.6,1.4,186,27,3.0,10.0,1.9,194,28,2.6,6.6,1.4,186,27,0,28.82,,0,0,0,67.1,67.5,66.4,0.45,0.41,0.34
EAUR,2017-08-21 04:20:00 EDT,42.71349,-78.63173,1237,66.1,67.3,66.1,73.3,57.3,0.000,0.000,0.00,0.000,4.2,7.2,1.3,179,19,4.7,8.9,1.5,186,15,4.2,7.2,1.3,179,19,0,28.82,,0,0,0,67.1,67.5,66.4,0.45,0.41,0.34
EAUR,2017-08-21 04:25:00 EDT,42.71349,-78.63173,1237,66.6,67.7,66.6,72.4,57.4,0.000,0.000,0.00,0.000,5.2,9.6,1.9,175,16,5.5,10.7,2.4,181,15,5.2,9.6,1.9,175,16,0,28.82,,0,0,0,67.1,67.5,66.4,0.45,0.41,0.34
EAUR,2017-08-21 04:30:00 EDT,42.71349,-78.63173,1237,67.0,68.2,67.0,71.4,57.4,0.000,0.000,0.00,0.000,6.0,9.4,1.7,177,15,6.7,12.0,2.2,184,12,6.0,9.4,1.7,177,15,0,28.82,,0,0,0,67.1,67.5,66.4,0.45,0.41,0.34
EAUR,2017-08-21 04:35:00 EDT,42.71349,-78.63173,1237,67.3,68.4,67.3,70.3,57.3,0.000,0.000,0.00,0.000,5.6,9.9,1.6,178,16,5.9,9.5,1.5,185,14,5.6,9.9,1.6,178,16,0,28.82,,0,0,0,67.1,67.5,66.4,0.45,0.41,0.34
EAUR,2017-08-21 04:40:00 EDT,42.71349,-78.63173,1237,67.0,68.2,67.0,70.2,57.0,0.000,0.000,0.00,0.000,5.6,9.3,1.6,180,14,6.3,11.2,1.8,185,13,5.6,9.3,1.6,180,14,0,28.83,,0,0,0,67.1,67.5,66.4,0.45,0.41,0.34
EAUR,2017-08-21 04:45:00 EDT,42.71349,-78.63173,1237,67.3,68.4,67.3,69.9,57.2,0.000,0.000,0.00,0.000,6.1,9.3,1.5,175,13,6.8,10.5,1.7,181,11,6.1,9.3,1.5,175,13,0,28.83,,0,0,0,67.1,67.5,66.4,0.45,0.41,0.34
EAUR,2017-08-21 04:50:00 EDT,42.71349,-78.63173,1237,67.4,68.6,67.4,70.0,57.3,0.000,0.000,0.00,0.000,6.5,9.3,1.2,170,12,7.0,10.3,1.5,180,9,6.5,9.3,1.2,170,12,0,28.82,,0,0,0,67.1,67.5,66.4,0.45,0.41,0.34
EAUR,2017-08-21 04:55:00 EDT,42.71349,-78.63173,1237,67.5,68.8,67.5,69.5,57.2,0.000,0.000,0.00,0.000,6.9,11.3,1.6,174,12,7.5,12.5,1.8,181,8,6.9,11.3,1.6,174,12,0,28.82,,0,0,0,67.1,67.5,66.4,0.45,0.41,0.34
EAUR,2017-08-21 05:00:00 EDT,42.71349,-78.63173,1237,67.5,68.6,67.5,69.1,57.0,0.000,0.000,0.00,0.000,5.2,8.6,1.5,178,16,5.7,10.4,1.7,185,12,5.2,8.6,1.5,178,16,0,28.83,,0,0,0,67.1,67.5,66.4,0.45,0.41,0.34
EAUR,2017-08-21 05:05:00 EDT,42.71349,-78.63173,1237,67.5,68.5,67.5,68.8,56.9,0.000,0.000,0.00,0.000,6.5,10.4,1.6,176,14,6.8,12.0,2.0,182,11,6.5,10.4,1.6,176,14,0,28.83,,0,0,0,67.1,67.5,66.4,0.45,0.41,0.34
EAUR,2017-08-21 05:10:00 EDT,42.71349,-78.63173,1237,67.7,68.8,67.7,68.1,56.8,0.000,0.000,0.00,0.000,6.8,10.5,1.3,175,10,7.3,11.5,1.6,183,8,6.8,10.5,1.3,175,10,0,28.83,,0,0,0,67.1,67.5,66.4,0.45,0.41,0.34
EAUR,2017-08-21 05:15:00 EDT,42.71349,-78.63173,1237,67.5,68.6,67.5,68.0,56.5,0.000,0.000,0.00,0.000,5.8,9.2,1.5,171,15,6.2,11.3,1.8,177,14,5.8,9.2,1.5,171,15,0,28.82,,0,0,0,67.1,67.5,66.4,0.45,0.41,0.34
EAUR,2017-08-21 05:20:00 EDT,42.71349,-78.63173,1237,67.8,69.2,67.8,67.9,56.8,0.000,0.000,0.00,0.000,6.3,9.6,1.5,171,12,6.9,10.6,1.8,177,10,6.3,9.6,1.5,171,12,0,28.82,,0,0,0,67.1,67.5,66.4,0.45,0.41,0.34
EAUR,2017-08-21 05:25:00 EDT,42.71349,-78.63173,1237,67.7,69.1,67.7,68.0,56.8,0.000,0.000,0.00,0.000,6.3,9.2,1.2,169,12,6.9,10.3,1.3,177,9,6.3,9.2,1.2,169,12,0,28.82,,0,0,0,67.1,67.5,66.4,0.45,0.41,0.34
EAUR,2017-08-21 05:30:00 EDT,42.71349,-78.63173,1237,67.9,68.9,67.9,67.6,56.7,0.000,0.000,0.00,0.000,5.6,10.0,1.5,174,16,6.2,10.9,1.7,180,11,5.6,10.0,1.5,174,16,0,28.82,,0,0,0,67.1,67.5,66.4,0.45,0.41,0.34
EAUR,2017-08-21 05:35:00 EDT,42.71349,-78.63173,1237,68.2,69.3,68.2,67.6,57.0,0.000,0.000,0.00,0.000,7.3,11.2,1.6,173,11,7.8,12.4,1.9,180,9,7.3,11.2,1.6,173,11,0,28.82,,0,0,0,67.1,67.5,66.4,0.45,0.41,0.34
EAUR,2017-08-21 05:40:00 EDT,42.71349,-78.63173,1237,68.4,69.6,68.4,66.8,57.0,0.000,0.000,0.00,0.000,8.0,11.6,1.5,172,9,8.7,12.7,2.0,179,7,8.0,11.6,1.5,172,9,0,28.82,,0,0,0,67.1,67.5,66.4,0.45,0.41,0.34
EAUR,2017-08-21 05:45:00 EDT,42.71349,-78.63173,1237,68.6,69.7,68.6,66.2,56.8,0.000,0.000,0.00,0.000,8.1,11.0,1.3,174,11,8.8,12.4,1.7,181,9,8.1,11.0,1.3,174,11,0,28.82,,0,0,0,67.1,67.5,66.4,0.45,0.41,0.34
EAUR,2017-08-21 05:50:00 EDT,42.71349,-78.63173,1237,68.4,69.5,68.4,66.6,56.8,0.000,0.000,0.00,0.000,7.9,11.6,1.5,176,14,8.4,15.7,2.2,185,11,7.9,11.6,1.5,176,14,0,28.82,,0,0,0,67.1,67.5,66.4,0.45,0.41,0.34
EAUR,2017-08-21 05:55:00 EDT,42.71349,-78.63173,1237,69.1,69.9,69.1,65.7,57.1,0.000,0.000,0.00,0.000,8.4,12.4,1.6,176,11,9.0,14.8,2.1,183,10,8.4,12.4,1.6,176,11,0,28.82,,0,0,0,67.1,67.5,66.4,0.45,0.41,0.34
EAUR,2017-08-21 06:00:00 EDT,42.71349,-78.63173,1237,69.4,70.3,69.4,65.0,57.1,0.000,0.000,0.00,0.000,8.2,11.5,1.6,175,15,8.9,14.7,2.2,181,9,8.2,11.5,1.6,175,15,0,28.82,,0,0,0,67.1,67.5,66.4,0.45,0.41,0.34
EAUR,2017-08-21 06:05:00 EDT,42.71349,-78.63173,1237,69.5,70.4,69.5,64.7,57.1,0.000,0.000,0.00,0.000,7.4,12.4,2.0,176,13,8.0,14.6,2.3,183,12,7.4,12.4,2.0,176,13,0,28.82,,0,0,0,67.1,67.5,66.4,0.45,0.41,0.34
EAUR,2017-08-21 06:10:00 EDT,42.71349,-78.63173,1237,69.4,70.2,69.4,64.9,57.1,0.000,0.000,0.00,0.000,6.3,10.2,1.5,179,15,6.9,11.5,1.9,185,12,6.3,10.2,1.5,179,15,0,28.82,,0,0,0,67.1,67.5,66.4,0.45,0.41,0.34
EAUR,2017-08-21 06:15:00 EDT,42.71349,-78.63173,1237,69.6,70.4,69.6,65.1,57.4,0.000,0.000,0.00,0.000,8.5,13.1,2.0,176,16,9.2,14.5,2.2,184,11,8.5,13.1,2.0,176,16,0,28.82,,0,0,0,67.1,67.5,66.4,0.45,0.41,0.34
EAUR,2017-08-21 06:20:00 EDT,42.71349,-78.63173,1237,69.9,70.7,69.9,64.6,57.5,0.000,0.000,0.00,0.000,7.7,12.8,1.8,176,12,8.7,14.3,2.1,183,11,7.7,12.8,1.8,176,12,0,28.82,,0,0,0,67.1,67.5,66.4,0.45,0.41,0.34
EAUR,2017-08-21 06:25:00 EDT,42.71349,-78.63173,1237,69.8,70.6,69.8,64.7,57.4,0.000,0.000,0.00,0.000,7.4,12.1,1.7,179,14,8.2,15.8,2.2,185,9,7.4,12.1,1.7,179,14,1,28.82,,0,0,0,67.1,67.5,66.4,0.45,0.41,0.34
EAUR,2017-08-21 06:30:00 EDT,42.71349,-78.63173,1237,70.0,70.7,70.0,64.8,57.6,0.000,0.000,0.00,0.000,8.3,13.7,1.8,174,12,8.9,15.7,2.3,182,8,8.3,13.7,1.8,174,12,1,28.82,,0,0,0,67.1,67.5,66.4,0.45,0.41,0.34
EAUR,2017-08-21 06:35:00 EDT,42.71349,-78.63173,1237,70.1,70.8,70.1,64.5,57.6,0.000,0.000,0.00,0.000,8.1,11.0,1.6,173,11,8.8,12.8,1.9,180,9,8.1,11.0,1.6,173,11,2,28.82,,0,0,0,67.1,67.5,66.4,0.46,0.41,0.34
EAUR,2017-08-21 06:40:00 EDT,42.71349,-78.63173,1237,70.2,71.0,70.2,65.1,57.9,0.000,0.000,0.00,0.000,5.6,10.1,1.6,170,16,6.1,12.1,1.7,177,14,5.6,10.1,1.6,170,16,3,28.82,,0,0,0,67.1,67.5,66.4,0.45,0.41,0.34
EAUR,2017-08-21 06:45:00 EDT,42.71349,-78.63173,1237,70.1,70.9,70.1,65.2,57.9,0.000,0.000,0.00,0.000,5.6,10.7,1.8,181,16,6.2,12.8,2.0,186,13,5.6,10.7,1.8,181,16,5,28.82,,0,0,0,67.1,67.5,66.4,0.45,0.41,0.34
EAUR,2017-08-21 06:50:00 EDT,42.71349,-78.63173,1237,69.7,70.4,69.7,65.7,57.7,0.000,0.000,0.00,0.000,5.0,9.1,1.5,181,19,5.7,9.9,2.1,188,12,5.0,9.1,1.5,181,19,9,28.82,,0,0,0,67.1,67.5,66.4,0.45,0.41,0.34
EAUR,2017-08-21 06:55:00 EDT,42.71349,-78.63173,1237,69.7,70.3,69.7,65.9,57.7,0.000,0.000,0.00,0.000,6.6,10.4,1.7,176,16,7.2,13.1,2.2,185,12,6.6,10.4,1.7,176,16,13,28.82,,0,0,0,67.1,67.5,66.4,0.45,0.41,0.34
EAUR,2017-08-21 07:00:00 EDT,42.71349,-78.63173,1237,69.8,70.5,69.8,65.5,57.7,0.000,0.000,0.00,0.000,7.9,13.1,1.9,178,13,8.7,14.9,2.2,186,10,7.9,13.1,1.9,178,13,22,28.82,,0,0,0,67.1,67.5,66.4,0.45,0.41,0.34
EAUR,2017-08-21 07:05:00 EDT,42.71349,-78.63173,1237,69.6,70.2,69.6,65.8,57.6,0.000,0.000,0.00,0.000,7.6,13.5,1.8,181,15,8.3,14.2,2.0,187,11,7.6,13.5,1.8,181,15,23,28.82,,0,0,0,67.1,67.5,66.4,0.45,0.41,0.34
EAUR,2017-08-21 07:10:00 EDT,42.71349,-78.63173,1237,69.5,70.1,69.5,65.8,57.6,0.000,0.000,0.00,0.000,6.7,11.5,1.9,181,17,7.6,14.3,2.6,189,12,6.7,11.5,1.9,181,17,21,28.82,,0,0,0,67.1,67.5,66.4,0.45,0.41,0.34
EAUR,2017-08-21 07:15:00 EDT,42.71349,-78.63173,1237,69.5,70.2,69.5,66.2,57.7,0.000,0.000,0.00,0.000,8.1,15.0,2.1,184,13,9.0,16.9,2.4,188,9,8.1,15.0,2.1,184,13,22,28.83,,0,0,0,67.1,67.5,66.4,0.45,0.41,0.34
EAUR,2017-08-21 07:20:00 EDT,42.71349,-78.63173,1237,69.6,70.1,69.6,66.5,57.9,0.000,0.000,0.00,0.000,8.3,13.6,1.9,179,13,9.0,15.4,2.4,186,9,8.3,13.6,1.9,179,13,20,28.83,,0,0,0,67.1,67.5,66.4,0.45,0.41,0.34
EAUR,2017-08-21 07:25:00 EDT,42.71349,-78.63173,1237,69.6,70.2,69.6,66.2,57.8,0.000,0.000,0.00,0.000,8.9,12.2,1.7,178,13,9.9,16.4,2.2,186,9,8.9,12.2,1.7,178,13,19,28.83,,0,0,0,67.1,67.5,66.4,0.45,0.41,0.34
EAUR,2017-08-21 07:30:00 EDT,42.71349,-78.63173,1237,69.5,70.2,69.5,66.7,57.9,0.000,0.000,0.00,0.000,9.6,14.0,2.2,177,15,10.7,16.2,2.6,183,10,9.6,14.0,2.2,177,15,25,28.83,,0,0,0,67.1,67.5,66.4,0.45,0.41,0.34
EAUR,2017-08-21 07:35:00 EDT,42.71349,-78.63173,1237,69.6,70.2,69.6,66.5,58.0,0.000,0.000,0.00,0.000,9.9,14.4,2.3,176,13,11.2,17.5,2.6,182,9,9.9,14.4,2.3,176,13,28,28.82,,0,0,0,67.1,67.5,66.4,0.45,0.41,0.34
EAUR,2017-08-21 07:40:00 EDT,42.71349,-78.63173,1237,69.7,70.2,69.7,67.1,58.3,0.000,0.000,0.00,0.000,10.0,14.0,1.6,176,11,10.7,17.8,2.3,183,9,10.0,14.0,1.6,176,11,31,28.82,,0,0,0,67.1,67.5,66.4,0.45,0.41,0.34
EAUR,2017-08-21 07:45:00 EDT,42.71349,-78.63173,1237,69.4,70.0,69.4,68.2,58.5,0.000,0.000,0.00,0.000,9.3,13.7,1.9,180,14,10.2,17.0,2.4,188,10,9.3,13.7,1.9,180,14,33,28.82,,0,0,0,67.1,67.4,66.4,0.45,0.41,0.34
EAUR,2017-08-21 07:50:00 EDT,42.71349,-78.63173,1237,69.1,69.6,69.1,69.0,58.5,0.000,0.000,0.00,0.000,8.5,15.1,2.3,184,15,9.0,17.5,2.9,189,11,8.5,15.1,2.3,184,15,43,28.82,,0,0,0,67.1,67.5,66.4,0.45,0.41,0.34
EAUR,2017-08-21 07:55:00 EDT,42.71349,-78.63173,1237,69.2,69.7,69.2,70.1,59.0,0.000,0.000,0.00,0.000,11.0,16.6,2.6,176,10,12.0,19.1,3.4,183,8,11.0,16.6,2.6,176,10,61,28.82,,0,0,0,67.1,67.4,66.4,0.45,0.41,0.34
EAUR,2017-08-21 08:00:00 EDT,42.71349,-78.63173,1237,69.0,69.4,69.0,70.7,59.1,0.000,0.000,0.00,0.000,8.5,13.6,2.0,183,15,9.4,17.3,2.4,189,12,8.5,13.6,2.0,183,15,67,28.82,,0,0,0,67.1,67.4,66.4,0.45,0.41,0.34
EAUR,2017-08-21 08:05:00 EDT,42.71349,-78.63173,1237,68.6,69.0,68.6,72.0,59.2,0.000,0.000,0.00,0.000,7.8,14.3,2.5,188,16,8.7,16.5,3.1,195,11,7.8,14.3,2.5,188,16,64,28.83,,0,0,0,67.1,67.4,66.4,0.45,0.41,0.34
EAUR,2017-08-21 08:10:00 EDT,42.71349,-78.63173,1237,68.6,68.9,68.6,73.2,59.7,0.000,0.000,0.00,0.000,7.5,13.2,1.9,195,17,8.6,15.7,2.4,202,15,7.5,13.2,1.9,195,17,151,28.83,,0,0,0,67.1,67.5,66.4,0.45,0.41,0.34
EAUR,2017-08-21 08:15:00 EDT,42.71349,-78.63173,1237,68.7,68.9,68.7,73.3,59.8,0.000,0.000,0.00,0.000,8.4,13.0,1.9,200,17,9.4,15.2,2.5,205,13,8.4,13.0,1.9,200,17,83,28.84,,0,0,0,67.1,67.4,66.4,0.45,0.41,0.34
EAUR,2017-08-21 08:20:00 EDT,42.71349,-78.63173,1237,68.5,68.7,68.5,74.3,60.0,0.000,0.000,0.00,0.000,7.5,12.4,2.1,196,17,8.4,15.7,2.4,202,12,7.5,12.4,2.1,196,17,142,28.84,,0,0,0,67.1,67.4,66.4,0.45,0.41,0.33
EAUR,2017-08-21 08:25:00 EDT,42.71349,-78.63173,1237,68.6,68.7,68.6,74.7,60.3,0.000,0.000,0.00,0.000,6.9,12.5,2.4,193,18,7.5,14.2,2.7,201,16,6.9,12.5,2.4,193,18,169,28.85,,0,0,0,67.1,67.4,66.4,0.45,0.41,0.33
EAUR,2017-08-21 08:30:00 EDT,42.71349,-78.63173,1237,68.6,68.6,68.6,75.8,60.6,0.000,0.000,0.00,0.000,6.3,10.8,2.0,195,17,6.8,11.6,2.1,202,14,6.3,10.8,2.0,195,17,90,28.85,,0,0,0,67.0,67.3,66.4,0.45,0.41,0.33
EAUR,2017-08-21 08:35:00 EDT,42.71349,-78.63173,1237,68.2,68.3,68.2,77.6,60.9,0.000,0.000,0.00,0.000,7.0,11.8,2.2,180,16,8.2,13.3,2.5,189,12,7.0,11.8,2.2,180,16,101,28.85,,0,0,0,67.0,67.3,66.4,0.45,0.41,0.33
EAUR,2017-08-21 08:40:00 EDT,42.71349,-78.63173,1237,68.1,68.3,68.1,78.5,61.2,0.000,0.000,0.00,0.000,9.6,14.9,2.0,178,14,10.9,17.7,2.8,186,10,9.6,14.9,2.0,178,14,83,28.84,,0,0,0,67.1,67.3,66.4,0.45,0.41,0.33
EAUR,2017-08-21 08:45:00 EDT,42.71349,-78.63173,1237,68.0,68.2,68.0,78.6,61.1,0.000,0.000,0.00,0.000,8.2,13.2,2.5,185,18,9.0,16.0,3.0,191,13,8.2,13.2,2.5,185,18,75,28.84,,0,0,0,67.1,67.3,66.4,0.45,0.41,0.33
EAUR,2017-08-21 08:50:00 EDT,42.71349,-78.63173,1237,67.9,68.1,67.9,78.3,61.0,0.000,0.000,0.00,0.000,10.1,17.0,2.5,179,12,11.1,18.7,3.2,186,11,10.1,17.0,2.5,179,12,87,28.84,,0,0,0,67.1,67.3,66.4,0.45,0.41,0.33
EAUR,2017-08-21 08:55:00 EDT,42.71349,-78.63173,1237,68.0,68.2,68.0,78.6,61.1,0.000,0.000,0.00,0.000,9.0,14.9,1.9,178,13,10.1,17.0,2.4,184,11,9.0,14.9,1.9,178,13,103,28.84,,0,0,0,67.1,67.3,66.4,0.45,0.41,0.33
EAUR,2017-08-21 09:00:00 EDT,42.71349,-78.63173,1237,68.3,68.4,68.3,78.2,61.2,0.000,0.000,0.00,0.000,8.4,14.4,2.2,179,16,9.0,16.5,2.9,186,13,8.4,14.4,2.2,179,16,102,28.84,,0,0,0,67.1,67.3,66.4,0.45,0.41,0.33
EAUR,2017-08-21 09:05:00 EDT,42.71349,-78.63173,1237,68.5,68.6,68.5,77.8,61.3,0.000,0.000,0.00,0.000,7.8,14.1,2.7,195,16,8.4,16.0,3.0,199,15,7.8,14.1,2.7,195,16,159,28.84,,0,0,0,67.1,67.2,66.4,0.45,0.41,0.33
EAUR,2017-08-21 09:10:00 EDT,42.71349,-78.63173,1237,68.9,68.8,68.9,77.7,61.6,0.000,0.000,0.00,0.000,7.1,12.1,2.2,189,17,7.9,13.9,2.4,195,13,7.1,12.1,2.2,189,17,187,28.84,,0,0,0,67.1,67.2,66.4,0.45,0.41,0.33
EAUR,2017-08-21 09:15:00 EDT,42.71349,-78.63173,1237,69.1,69.0,69.1,77.9,62.0,0.000,0.000,0.00,0.000,6.8,12.2,2.1,194,20,7.4,13.2,2.5,199,17,6.8,12.2,2.1,194,20,196,28.84,,0,0,0,67.1,67.2,66.4,0.45,0.41,0.33
EAUR,2017-08-21 09:20:00 EDT,42.71349,-78.63173,1237,68.8,68.8,68.8,78.6,61.9,0.000,0.000,0.00,0.000,7.9,13.2,2.1,189,16,8.7,14.7,2.9,195,11,7.9,13.2,2.1,189,16,140,28.85,,0,0,0,67.1,67.2,66.4,0.45,0.41,0.33
EAUR,2017-08-21 09:25:00 EDT,42.71349,-78.63173,1237,68.7,68.6,68.7,80.2,62.3,0.000,0.000,0.00,0.000,7.5,13.2,2.4,193,16,8.3,16.5,2.8,199,13,7.5,13.2,2.4,193,16,166,28.84,,0,0,0,67.1,67.2,66.4,0.45,0.41,0.33
EAUR,2017-08-21 09:30:00 EDT,42.71349,-78.63173,1237,68.8,68.8,68.8,81.4,62.8,0.000,0.000,0.00,0.000,5.6,10.5,1.8,186,18,6.2,11.5,2.2,193,15,5.6,10.5,1.8,186,18,140,28.84,,0,0,0,67.1,67.2,66.4,0.45,0.41,0.33
EAUR,2017-08-21 09:35:00 EDT,42.71349,-78.63173,1237,68.9,68.9,68.9,81.6,63.1,0.000,0.000,0.00,0.000,6.7,9.8,1.4,178,14,7.2,11.8,1.8,184,12,6.7,9.8,1.4,178,14,134,28.83,,0,0,0,67.1,67.2,66.4,0.45,0.41,0.33
EAUR,2017-08-21 09:40:00 EDT,42.71349,-78.63173,1237,69.0,68.9,69.0,81.8,63.2,0.000,0.000,0.00,0.000,6.1,9.7,1.6,180,16,6.7,11.3,2.1,186,12,6.1,9.7,1.6,180,16,294,28.83,,0,0,0,67.1,67.2,66.4,0.45,0.41,0.33
EAUR,2017-08-21 09:45:00 EDT,42.71349,-78.63173,1237,70.2,69.8,70.2,81.3,64.2,0.000,0.000,0.00,0.000,6.7,10.6,1.8,175,15,7.4,12.3,2.1,181,12,6.7,10.6,1.8,175,15,297,28.83,,0,0,0,67.1,67.2,66.4,0.45,0.41,0.33
EAUR,2017-08-21 09:50:00 EDT,42.71349,-78.63173,1237,70.7,70.3,70.7,79.7,64.1,0.000,0.000,0.00,0.000,7.2,10.7,1.6,166,13,8.0,11.9,2.0,174,10,7.2,10.7,1.6,166,13,431,28.82,,0,0,0,67.1,67.2,66.4,0.45,0.41,0.33
EAUR,2017-08-21 09:55:00 EDT,42.71349,-78.63173,1237,72.0,71.4,72.0,78.3,64.8,0.000,0.000,0.00,0.000,6.9,10.1,1.6,173,12,7.8,11.5,1.8,179,11,6.9,10.1,1.6,173,12,502,28.82,,0,0,0,67.1,67.2,66.4,0.45,0.41,0.33
EAUR,2017-08-21 10:00:00 EDT,42.71349,-78.63173,1237,72.8,72.4,72.8,75.9,64.7,0.000,0.000,0.00,0.000,6.8,12.3,2.1,186,17,7.2,15.1,2.5,191,14,6.8,12.3,2.1,186,17,506,28.82,,0,0,0,67.1,67.2,66.4,0.45,0.41,0.33
EAUR,2017-08-21 10:05:00 EDT,42.71349,-78.63173,1237,73.4,73.1,73.4,74.6,64.8,0.000,0.000,0.00,0.000,8.4,14.4,2.7,179,15,9.6,17.7,3.4,188,12,8.4,14.4,2.7,179,15,519,28.82,,0,0,0,67.1,67.1,66.4,0.45,0.41,0.33
EAUR,2017-08-21 10:10:00 EDT,42.71349,-78.63173,1237,73.6,73.2,73.6,73.4,64.6,0.000,0.000,0.00,0.000,9.1,15.0,2.6,184,13,9.8,17.3,3.3,190,10,9.1,15.0,2.6,184,13,531,28.82,,0,0,0,67.1,67.2,66.4,0.45,0.41,0.33
EAUR,2017-08-21 10:15:00 EDT,42.71349,-78.63173,1237,74.0,73.6,74.0,,,0.000,0.000,0.00,0.000,6.2,10.4,1.9,191,19,6.5,10.2,1.9,198,18,6.2,10.4,1.9,191,19,543,28.82,,0,0,0,67.1,67.2,66.4,0.45,0.41,0.33
EAUR,2017-08-21 10:20:00 EDT,42.71349,-78.63173,1237,74.3,73.8,74.3,72.5,64.9,0.000,0.000,0.00,0.000,7.3,11.3,1.9,175,16,8.2,13.0,2.3,183,14,7.3,11.3,1.9,175,16,550,28.82,,0,0,0,67.1,67.1,66.4,0.45,0.41,0.33
EAUR,2017-08-21 10:25:00 EDT,42.71349,-78.63173,1237,74.4,73.8,74.4,72.2,64.8,0.000,0.000,0.00,0.000,7.0,10.3,1.6,173,14,7.6,11.7,1.9,180,12,7.0,10.3,1.6,173,14,561,28.82,,0,0,0,67.1,67.2,66.4,0.45,0.41,0.33
EAUR,2017-08-21 10:30:00 EDT,42.71349,-78.63173,1237,74.6,74.1,74.6,70.4,64.4,0.000,0.000,0.00,0.000,6.3,9.4,1.6,188,18,7.0,11.7,1.7,195,15,6.3,9.4,1.6,188,18,581,28.82,,0,0,0,67.1,67.2,66.4,0.45,0.41,0.33
EAUR,2017-08-21 10:35:00 EDT,42.71349,-78.63173,1237,75.1,74.5,75.1,70.2,64.8,0.000,0.000,0.00,0.000,5.6,9.6,1.6,186,19,6.2,10.8,1.7,195,18,5.6,9.6,1.6,186,19,592,28.82,,0,0,0,67.1,67.1,66.4,0.45,0.41,0.33
EAUR,2017-08-21 10:40:00 EDT,42.71349,-78.63173,1237,75.6,74.9,75.6,68.0,64.3,0.000,0.000,0.00,0.000,5.9,9.5,1.7,185,22,6.5,10.3,1.7,191,22,5.9,9.5,1.7,185,22,602,28.82,,0,0,0,67.1,67.2,66.4,0.45,0.41,0.33
EAUR,2017-08-21 10:45:00 EDT,42.71349,-78.63173,1237,76.1,75.4,76.1,66.4,64.1,0.000,0.000,0.00,0.000,5.9,12.3,2.7,202,17,6.4,15.5,2.7,210,16,5.9,12.3,2.7,202,17,611,28.82,,0,0,0,67.1,67.2,66.4,0.45,0.41,0.33
EAUR,2017-08-21 10:50:00 EDT,42.71349,-78.63173,1237,76.0,75.4,76.0,64.4,63.1,0.000,0.000,0.00,0.000,7.1,12.3,2.0,198,16,7.7,13.6,2.3,203,15,7.1,12.3,2.0,198,16,621,28.82,,0,0,0,67.1,67.2,66.4,0.45,0.41,0.33
EAUR,2017-08-21 10:55:00 EDT,42.71349,-78.63173,1237,76.2,75.6,76.2,65.5,63.7,0.000,0.000,0.00,0.000,5.2,9.3,1.8,198,23,6.0,10.3,1.9,209,22,5.2,9.3,1.8,198,23,636,28.82,,0,0,0,67.1,67.2,66.4,0.45,0.41,0.33
EAUR,2017-08-21 11:00:00 EDT,42.71349,-78.63173,1237,76.1,75.6,76.1,63.5,62.8,0.000,0.000,0.00,0.000,7.8,14.1,2.0,197,19,8.2,14.8,2.3,204,17,7.8,14.1,2.0,197,19,647,28.82,,0,0,0,67.3,67.1,66.4,0.45,0.41,0.33
EAUR,2017-08-21 11:05:00 EDT,42.71349,-78.63173,1237,75.8,75.2,75.8,65.4,63.4,0.000,0.000,0.00,0.000,8.8,14.4,2.5,189,17,9.8,16.2,2.8,194,13,8.8,14.4,2.5,189,17,654,28.82,,0,0,0,67.4,67.2,66.4,0.45,0.41,0.33
EAUR,2017-08-21 11:10:00 EDT,42.71349,-78.63173,1237,76.4,75.5,76.4,67.4,64.8,0.000,0.000,0.00,0.000,7.8,13.2,2.6,182,20,8.5,15.0,3.0,188,18,7.8,13.2,2.6,182,20,664,28.82,,0,0,0,67.5,67.1,66.4,0.45,0.41,0.33
EAUR,2017-08-21 11:15:00 EDT,42.71349,-78.63173,1237,76.4,75.6,76.4,66.4,64.4,0.000,0.000,0.00,0.000,7.4,12.1,2.1,196,21,8.0,13.3,2.2,201,19,7.4,12.1,2.1,196,21,673,28.82,,0,0,0,67.5,67.2,66.4,0.45,0.41,0.33
EAUR,2017-08-21 11:20:00 EDT,42.71349,-78.63173,1237,76.5,75.8,76.5,67.2,64.9,0.000,0.000,0.00,0.000,5.5,8.5,1.3,211,15,5.9,9.7,1.4,218,14,5.5,8.5,1.3,211,15,683,28.82,,0,0,0,67.5,67.2,66.4,0.45,0.41,0.33
EAUR,2017-08-21 11:25:00 EDT,42.71349,-78.63173,1237,76.6,75.8,76.6,66.8,64.7,0.000,0.000,0.00,0.000,7.0,11.4,2.1,203,17,7.5,12.2,2.1,210,15,7.0,11.4,2.1,203,17,690,28.83,,0,0,0,67.5,67.2,66.4,0.45,0.41,0.33
EAUR,2017-08-21 11:30:00 EDT,42.71349,-78.63173,1237,76.5,75.8,76.5,68.1,65.2,0.000,0.000,0.00,0.000,8.1,11.4,1.8,210,23,8.4,13.1,2.0,218,22,8.1,11.4,1.8,210,23,700,28.82,,0,0,0,67.5,67.2,66.4,0.45,0.41,0.33
EAUR,2017-08-21 11:35:00 EDT,42.71349,-78.63173,1237,76.6,75.8,76.6,68.9,65.6,0.000,0.000,0.00,0.000,5.9,9.7,1.9,212,24,6.8,11.0,1.9,220,25,5.9,9.7,1.9,212,24,707,28.82,,0,0,0,67.7,67.2,66.4,0.45,0.41,0.33
EAUR,2017-08-21 11:40:00 EDT,42.71349,-78.63173,1237,76.7,75.9,76.7,68.4,65.5,0.000,0.000,0.00,0.000,7.7,13.6,2.4,211,17,8.3,13.7,2.5,218,16,7.7,13.6,2.4,211,17,715,28.83,,0,0,0,67.8,67.2,66.4,0.45,0.41,0.33
EAUR,2017-08-21 11:45:00 EDT,42.71349,-78.63173,1237,76.7,75.9,76.7,69.2,65.8,0.000,0.000,0.00,0.000,7.4,11.1,1.9,210,22,7.7,11.2,1.7,217,20,7.4,11.1,1.9,210,22,718,28.83,,0,0,0,67.8,67.2,66.4,0.45,0.41,0.33
EAUR,2017-08-21 11:50:00 EDT,42.71349,-78.63173,1237,76.9,76.0,76.9,69.4,66.1,0.000,0.000,0.00,0.000,5.5,9.7,2.3,219,16,5.7,10.3,2.1,227,17,5.5,9.7,2.3,219,16,712,28.83,,0,0,0,67.8,67.1,66.4,0.45,0.41,0.33
EAUR,2017-08-21 11:55:00 EDT,42.71349,-78.63173,1237,77.1,76.3,77.1,69.5,66.3,0.000,0.000,0.00,0.000,8.4,12.6,1.9,248,20,9.2,13.9,2.2,257,19,8.4,12.6,1.9,248,20,667,28.83,,0,0,0,67.8,67.2,66.4,0.45,0.41,0.33
EAUR,2017-08-21 12:00:00 EDT,42.71349,-78.63173,1237,76.9,76.3,76.9,68.8,65.9,0.000,0.000,0.00,0.000,6.2,12.4,2.4,240,22,6.8,12.9,2.3,249,20,6.2,12.4,2.4,240,22,748,28.83,,0,0,0,67.8,67.1,66.4,0.45,0.41,0.33
EAUR,2017-08-21 12:05:00 EDT,42.71349,-78.63173,1237,77.4,76.6,77.4,68.6,66.2,0.000,0.000,0.00,0.000,7.8,11.2,1.7,235,19,8.2,12.6,1.7,244,18,7.8,11.2,1.7,235,19,797,28.83,,0,0,0,67.8,67.1,66.4,0.45,0.41,0.33
EAUR,2017-08-21 12:10:00 EDT,42.71349,-78.63173,1237,77.4,76.6,77.4,68.5,66.2,0.000,0.000,0.00,0.000,4.7,8.8,2.2,249,17,5.3,9.9,2.2,256,18,4.7,8.8,2.2,249,17,619,28.82,,0,0,0,67.9,67.2,66.4,0.45,0.41,0.33
EAUR,2017-08-21 12:15:00 EDT,42.71349,-78.63173,1237,77.6,76.9,77.6,68.8,66.5,0.000,0.000,0.00,0.000,7.1,10.6,1.6,253,19,7.7,11.9,1.8,261,18,7.1,10.6,1.6,253,19,777,28.82,,0,0,0,68.2,67.2,66.4,0.45,0.41,0.33
EAUR,2017-08-21 12:20:00 EDT,42.71349,-78.63173,1237,77.5,76.9,77.5,68.7,66.4,0.000,0.000,0.00,0.000,6.3,9.9,1.5,244,22,7.0,12.6,1.7,253,22,6.3,9.9,1.5,244,22,732,28.82,,0,0,0,68.2,67.2,66.4,0.45,0.41,0.33
EAUR,2017-08-21 12:25:00 EDT,42.71349,-78.63173,1237,78.0,77.1,78.0,68.8,66.9,0.000,0.000,0.00,0.000,7.0,10.5,1.9,227,14,7.3,11.5,1.8,233,14,7.0,10.5,1.9,227,14,785,28.82,,0,0,0,68.2,67.2,66.4,0.45,0.41,0.33
EAUR,2017-08-21 12:30:00 EDT,42.71349,-78.63173,1237,78.3,77.3,78.3,68.6,67.1,0.000,0.000,0.00,0.000,6.0,9.4,1.1,225,15,6.5,10.1,1.2,234,15,6.0,9.4,1.1,225,15,790,28.82,,0,0,0,68.2,67.2,66.4,0.45,0.41,0.33
EAUR,2017-08-21 12:35:00 EDT,42.71349,-78.63173,1237,77.9,77.1,77.9,68.3,66.6,0.000,0.000,0.00,0.000,5.1,7.7,1.3,245,24,5.7,8.8,1.4,255,22,5.1,7.7,1.3,245,24,740,28.82,,0,0,0,68.2,67.2,66.4,0.45,0.41,0.33
EAUR,2017-08-21 12:40:00 EDT,42.71349,-78.63173,1237,78.0,77.3,78.0,68.7,66.9,0.000,0.000,0.00,0.000,5.6,8.7,1.5,274,22,6.3,10.4,1.7,281,19,5.6,8.7,1.5,274,22,771,28.81,,0,0,0,68.5,67.2,66.4,0.45,0.41,0.33
EAUR,2017-08-21 12:45:00 EDT,42.71349,-78.63173,1237,77.5,76.8,77.5,67.5,65.9,0.000,0.000,0.00,0.000,6.6,11.0,2.4,279,15,7.2,12.5,2.6,285,14,6.6,11.0,2.4,279,15,813,28.81,,0,0,0,68.5,67.2,66.4,0.45,0.41,0.33
EAUR,2017-08-21 12:50:00 EDT,42.71349,-78.63173,1237,77.7,77.0,77.7,70.0,67.1,0.000,0.000,0.00,0.000,5.5,9.4,1.8,270,19,6.1,10.0,1.9,278,18,5.5,9.4,1.8,270,19,722,28.81,,0,0,0,68.5,67.1,66.4,0.45,0.41,0.33
EAUR,2017-08-21 12:55:00 EDT,42.71349,-78.63173,1237,77.7,77.0,77.7,68.2,66.4,0.000,0.000,0.00,0.000,6.2,9.2,1.4,254,24,6.4,10.5,1.6,263,23,6.2,9.2,1.4,254,24,543,28.82,,0,0,0,68.5,67.2,66.4,0.44,0.41,0.32
EAUR,2017-08-21 13:00:00 EDT,42.71349,-78.63173,1237,77.8,77.2,77.8,69.3,67.0,0.000,0.000,0.00,0.000,6.5,10.2,1.5,244,16,7.1,12.4,1.8,252,15,6.5,10.2,1.5,244,16,810,28.82,,0,0,0,68.5,67.2,66.4,0.44,0.41,0.32
EAUR,2017-08-21 13:05:00 EDT,42.71349,-78.63173,1237,78.4,77.7,78.4,69.3,67.6,0.000,0.000,0.00,0.000,7.2,12.2,1.9,269,17,7.9,13.9,2.0,277,15,7.2,12.2,1.9,269,17,768,28.82,,0,0,0,68.5,67.1,66.4,0.45,0.41,0.33
EAUR,2017-08-21 13:10:00 EDT,42.71349,-78.63173,1237,78.2,77.4,78.2,69.4,67.3,0.000,0.000,0.00,0.000,7.8,11.7,1.9,274,17,8.6,13.4,2.2,281,17,7.8,11.7,1.9,274,17,721,28.82,,0,0,0,68.5,67.1,66.4,0.45,0.41,0.33
EAUR,2017-08-21 13:15:00 EDT,42.71349,-78.63173,1237,78.0,77.5,78.0,69.3,67.2,0.000,0.000,0.00,0.000,6.0,10.7,1.5,273,16,6.6,12.1,1.8,280,14,6.0,10.7,1.5,273,16,526,28.81,,0,0,0,68.7,67.1,66.4,0.45,0.41,0.33
EAUR,2017-08-21 13:20:00 EDT,42.71349,-78.63173,1237,77.9,77.4,77.9,70.5,67.6,0.000,0.000,0.00,0.000,5.7,8.3,1.2,285,17,6.2,9.4,1.5,292,16,5.7,8.3,1.2,285,17,561,28.81,,0,0,0,68.9,67.2,66.4,0.45,0.41,0.33
EAUR,2017-08-21 13:25:00 EDT,42.71349,-78.63173,1237,78.1,77.5,78.1,71.1,67.9,0.000,0.000,0.00,0.000,7.0,10.0,1.5,262,14,7.6,11.6,1.7,272,12,7.0,10.0,1.5,262,14,541,28.81,,0,0,0,68.9,67.1,66.4,0.45,0.41,0.33
EAUR,2017-08-21 13:30:00 EDT,42.71349,-78.63173,1237,77.9,77.5,77.9,70.5,67.6,0.000,0.000,0.00,0.000,5.8,8.8,1.7,258,15,6.4,10.0,1.8,268,14,5.8,8.8,1.7,258,15,372,28.81,,0,0,0,68.9,67.1,66.4,0.45,0.41,0.33
EAUR,2017-08-21 13:35:00 EDT,42.71349,-78.63173,1237,78.1,77.7,78.1,71.8,68.3,0.000,0.000,0.00,0.000,5.9,9.1,1.4,253,16,6.5,9.8,1.5,261,15,5.9,9.1,1.4,253,16,584,28.81,,0,0,0,68.9,67.1,66.4,0.45,0.41,0.33
EAUR,2017-08-21 13:40:00 EDT,42.71349,-78.63173,1237,77.9,77.6,77.9,70.8,67.7,0.000,0.000,0.00,0.000,4.3,7.8,1.6,243,20,4.6,8.0,1.6,251,20,4.3,7.8,1.6,243,20,506,28.81,,0,0,0,69.1,67.1,66.4,0.45,0.41,0.33
EAUR,2017-08-21 13:45:00 EDT,42.71349,-78.63173,1237,78.3,77.9,78.3,71.6,68.4,0.000,0.000,0.00,0.000,4.9,8.2,1.1,248,20,5.4,9.3,1.3,256,18,4.9,8.2,1.1,248,20,523,28.81,,0,0,0,69.3,67.1,66.4,0.45,0.41,0.32
EAUR,2017-08-21 13:50:00 EDT,42.71349,-78.63173,1237,78.5,77.9,78.5,70.2,68.0,0.000,0.000,0.00,0.000,6.9,10.2,1.7,224,13,7.2,10.9,1.6,233,13,6.9,10.2,1.7,224,13,606,28.81,,0,0,0,69.3,67.1,66.4,0.45,0.41,0.32
EAUR,2017-08-21 13:55:00 EDT,42.71349,-78.63173,1237,78.5,78.0,78.5,70.6,68.1,0.000,0.000,0.00,0.000,6.3,9.4,1.6,217,16,6.7,10.7,1.6,224,14,6.3,9.4,1.6,217,16,493,28.81,,0,0,0,69.3,67.1,66.4,0.45,0.41,0.32
EAUR,2017-08-21 14:00:00 EDT,42.71349,-78.63173,1237,78.0,77.6,78.0,71.0,67.8,0.000,0.000,0.00,0.000,5.5,9.6,1.5,237,23,6.1,9.4,1.5,245,23,5.5,9.6,1.5,237,23,391,28.81,,0,0,0,69.3,67.1,66.4,0.45,0.41,0.32
EAUR,2017-08-21 14:05:00 EDT,42.71349,-78.63173,1237,77.7,77.5,77.7,70.9,67.5,0.000,0.000,0.00,0.000,4.6,7.8,1.1,254,24,5.1,8.7,1.4,262,23,4.6,7.8,1.1,254,24,333,28.81,,0,0,0,69.3,67.1,66.4,0.45,0.41,0.32
EAUR,2017-08-21 14:10:00 EDT,42.71349,-78.63173,1237,77.4,77.4,77.4,71.5,67.5,0.000,0.000,0.00,0.000,5.0,8.3,1.4,243,13,5.5,8.4,1.3,251,13,5.0,8.3,1.4,243,13,140,28.81,,0,0,0,69.3,67.1,66.4,0.44,0.41,0.32
EAUR,2017-08-21 14:15:00 EDT,42.71349,-78.63173,1237,77.0,77.1,77.0,72.3,67.4,0.000,0.000,0.00,0.000,5.0,7.7,0.8,237,16,5.3,8.4,0.9,246,15,5.0,7.7,0.8,237,16,234,28.81,,0,0,0,69.6,67.1,66.4,0.44,0.41,0.32
EAUR,2017-08-21 14:20:00 EDT,42.71349,-78.63173,1237,77.4,77.3,77.4,73.2,68.1,0.000,0.000,0.00,0.000,3.2,5.2,1.0,252,18,3.5,7.1,1.2,261,16,3.2,5.2,1.0,252,18,245,28.80,,0,0,0,69.6,67.1,66.4,0.44,0.41,0.32
EAUR,2017-08-21 14:25:00 EDT,42.71349,-78.63173,1237,77.2,77.2,77.2,72.8,67.7,0.000,0.000,0.00,0.000,3.4,6.1,0.8,257,22,3.7,7.0,1.0,266,20,3.4,6.1,0.8,257,22,156,28.80,,0,0,0,69.6,67.1,66.4,0.44,0.41,0.32
EAUR,2017-08-21 14:30:00 EDT,42.71349,-78.63173,1237,77.1,77.2,77.1,72.5,67.6,0.000,0.000,0.00,0.000,4.4,8.6,1.7,241,21,4.7,9.3,1.7,249,20,4.4,8.6,1.7,241,21,130,28.80,,0,0,0,69.6,67.1,66.4,0.44,0.41,0.32
EAUR,2017-08-21 14:35:00 EDT,42.71349,-78.63173,1237,76.7,76.9,76.7,74.0,67.8,0.000,0.000,0.00,0.000,4.0,6.7,1.4,280,16,4.4,7.3,1.4,287,16,4.0,6.7,1.4,280,16,117,28.80,,0,0,0,69.6,67.1,66.4,0.44,0.41,0.32
EAUR,2017-08-21 14:40:00 EDT,42.71349,-78.63173,1237,76.6,76.7,76.6,74.6,67.9,0.000,0.000,0.00,0.000,3.5,5.7,1.0,249,21,3.8,6.4,1.2,256,20,3.5,5.7,1.0,249,21,175,28.80,,0,0,0,69.6,67.1,66.4,0.44,0.41,0.32
EAUR,2017-08-21 14:45:00 EDT,42.71349,-78.63173,1237,76.6,76.7,76.6,74.5,67.9,0.000,0.000,0.00,0.000,4.0,6.6,1.2,251,19,4.3,7.3,1.3,260,18,4.0,6.6,1.2,251,19,205,28.80,,0,0,0,69.6,67.1,66.4,0.44,0.41,0.32
EAUR,2017-08-21 14:50:00 EDT,42.71349,-78.63173,1237,76.7,76.7,76.7,74.7,68.1,0.000,0.000,0.00,0.000,3.9,5.7,0.7,243,19,4.2,5.7,0.8,253,19,3.9,5.7,0.7,243,19,227,28.80,,0,0,0,69.6,67.1,66.4,0.44,0.41,0.32
EAUR,2017-08-21 14:55:00 EDT,42.71349,-78.63173,1237,76.9,76.8,76.9,75.7,68.6,0.000,0.000,0.00,0.000,3.1,5.4,1.0,247,12,3.5,5.8,1.0,255,13,3.1,5.4,1.0,247,12,264,28.80,,0,0,0,69.9,67.1,66.4,0.44,0.41,0.32
EAUR,2017-08-21 15:00:00 EDT,42.71349,-78.63173,1237,77.0,76.8,77.0,74.8,68.4,0.000,0.000,0.00,0.000,4.7,7.4,1.4,259,12,5.2,8.3,1.4,268,10,4.7,7.4,1.4,259,12,301,28.80,,0,0,0,70.0,67.1,66.4,0.44,0.41,0.32
EAUR,2017-08-21 15:05:00 EDT,42.71349,-78.63173,1237,77.1,76.9,77.1,74.7,68.5,0.000,0.000,0.00,0.000,4.6,7.2,1.4,266,18,5.1,8.4,1.5,275,17,4.6,7.2,1.4,266,18,325,28.80,,0,0,0,70.0,67.2,66.4,0.44,0.41,0.32
EAUR,2017-08-21 15:10:00 EDT,42.71349,-78.63173,1237,77.2,76.9,77.2,75.2,68.7,0.000,0.000,0.00,0.000,4.5,7.5,1.2,259,17,5.0,8.4,1.4,268,14,4.5,7.5,1.2,259,17,370,28.80,,0,0,0,70.0,67.1,66.4,0.44,0.41,0.32
EAUR,2017-08-21 15:15:00 EDT,42.71349,-78.63173,1237,77.4,77.1,77.4,74.7,68.8,0.000,0.000,0.00,0.000,4.4,7.9,1.5,264,14,5.0,8.5,1.6,273,12,4.4,7.9,1.5,264,14,427,28.80,,0,0,0,70.0,67.1,66.4,0.44,0.41,0.32
EAUR,2017-08-21 15:20:00 EDT,42.71349,-78.63173,1237,77.4,77.0,77.4,74.0,68.5,0.000,0.000,0.00,0.000,6.4,8.3,1.3,266,19,6.9,9.9,1.3,274,17,6.4,8.3,1.3,266,19,462,28.80,,0,0,0,70.0,67.1,66.4,0.44,0.41,0.32
EAUR,2017-08-21 15:25:00 EDT,42.71349,-78.63173,1237,77.7,77.2,77.7,74.0,68.8,0.000,0.000,0.00,0.000,5.2,8.2,1.6,238,12,5.5,8.8,1.7,247,12,5.2,8.2,1.6,238,12,509,28.80,,0,0,0,70.0,67.1,66.4,0.44,0.41,0.32
EAUR,2017-08-21 15:30:00 EDT,42.71349,-78.63173,1237,77.9,77.5,77.9,73.3,68.7,0.000,0.000,0.00,0.000,4.7,7.3,1.2,269,19,5.3,8.3,1.3,276,17,4.7,7.3,1.2,269,19,545,28.80,,0,0,0,70.0,67.1,66.4,0.44,0.41,0.32
EAUR,2017-08-21 15:35:00 EDT,42.71349,-78.63173,1237,77.9,77.4,77.9,72.8,68.5,0.000,0.000,0.00,0.000,4.3,8.1,2.1,260,19,4.9,9.6,2.2,268,17,4.3,8.1,2.1,260,19,579,28.79,,0,0,0,70.0,67.1,66.4,0.44,0.41,0.32
EAUR,2017-08-21 15:40:00 EDT,42.71349,-78.63173,1237,78.3,77.7,78.3,72.4,68.7,0.000,0.000,0.00,0.000,5.2,9.9,2.4,264,16,6.0,10.8,2.4,272,20,5.2,9.9,2.4,264,16,610,28.79,,0,0,0,70.0,67.1,66.4,0.44,0.41,0.32
EAUR,2017-08-21 15:45:00 EDT,42.71349,-78.63173,1237,78.5,77.9,78.5,71.3,68.4,0.000,0.000,0.00,0.000,3.2,6.9,1.6,250,23,3.6,8.3,1.7,258,22,3.2,6.9,1.6,250,23,631,28.79,,0,0,0,70.0,67.1,66.4,0.44,0.41,0.32
EAUR,2017-08-21 15:50:00 EDT,42.71349,-78.63173,1237,79.1,78.5,79.1,70.5,68.7,0.000,0.000,0.00,0.000,4.7,9.6,1.6,278,31,5.3,10.6,1.6,285,29,4.7,9.6,1.6,278,31,649,28.79,,0,0,0,70.0,67.1,66.4,0.44,0.41,0.32
EAUR,2017-08-21 15:55:00 EDT,42.71349,-78.63173,1237,79.1,78.6,79.1,70.8,68.8,0.000,0.000,0.00,0.000,6.5,11.0,2.4,249,31,7.1,12.6,2.3,259,31,6.5,11.0,2.4,249,31,680,28.79,,0,0,0,70.0,67.1,66.4,0.44,0.41,0.32
EAUR,2017-08-21 16:00:00 EDT,42.71349,-78.63173,1237,79.2,78.6,79.2,70.7,68.9,0.000,0.000,0.00,0.000,6.6,10.9,1.6,232,21,7.1,11.5,1.4,240,21,6.6,10.9,1.6,232,21,620,28.79,,0,0,0,70.0,67.1,66.4,0.45,0.41,0.32
EAUR,2017-08-21 16:05:00 EDT,42.71349,-78.63173,1237,79.4,78.6,79.4,69.7,68.7,0.000,0.000,0.00,0.000,4.9,9.6,1.8,242,17,5.4,10.6,2.0,251,17,4.9,9.6,1.8,242,17,625,28.79,,0,0,0,70.1,67.1,66.4,0.44,0.41,0.32
EAUR,2017-08-21 16:10:00 EDT,42.71349,-78.63173,1237,79.2,78.5,79.2,68.4,67.9,0.000,0.000,0.00,0.000,6.7,11.3,2.1,255,18,7.3,12.4,2.2,263,18,6.7,11.3,2.1,255,18,453,28.79,,0,0,0,70.3,67.2,66.4,0.44,0.41,0.32
EAUR,2017-08-21 16:15:00 EDT,42.71349,-78.63173,1237,78.9,78.4,78.9,69.8,68.2,0.000,0.000,0.00,0.000,6.2,9.8,1.6,285,17,6.8,11.2,1.6,293,17,6.2,9.8,1.6,285,17,644,28.79,,0,0,0,70.3,67.1,66.4,0.44,0.41,0.32
EAUR,2017-08-21 16:20:00 EDT,42.71349,-78.63173,1237,78.9,78.5,78.9,71.3,68.8,0.000,0.000,0.00,0.000,6.3,12.7,2.4,288,20,6.9,14.7,2.4,295,19,6.3,12.7,2.4,288,20,372,28.79,,0,0,0,70.3,67.1,66.4,0.45,0.41,0.32
EAUR,2017-08-21 16:25:00 EDT,42.71349,-78.63173,1237,78.8,78.4,78.8,71.3,68.7,0.000,0.000,0.00,0.000,6.1,9.3,1.4,263,18,6.7,11.2,1.5,270,16,6.1,9.3,1.4,263,18,585,28.79,,0,0,0,70.3,67.1,66.4,0.44,0.41,0.32
EAUR,2017-08-21 16:30:00 EDT,42.71349,-78.63173,1237,79.2,78.6,79.2,70.0,68.6,0.000,0.000,0.00,0.000,5.5,10.1,1.6,242,14,6.1,11.6,1.7,251,13,5.5,10.1,1.6,242,14,524,28.79,,0,0,0,70.3,67.1,66.4,0.44,0.41,0.32
EAUR,2017-08-21 16:35:00 EDT,42.71349,-78.63173,1237,79.2,78.6,79.2,70.0,68.6,0.000,0.000,0.00,0.000,6.7,9.8,1.5,259,18,7.4,10.8,1.6,266,16,6.7,9.8,1.5,259,18,547,28.79,,0,0,0,70.3,67.1,66.4,0.44,0.41,0.32
EAUR,2017-08-21 16:40:00 EDT,42.71349,-78.63173,1237,79.1,78.5,79.1,69.3,68.1,0.000,0.000,0.00,0.000,6.6,11.5,1.8,259,14,7.1,12.3,1.9,267,13,6.6,11.5,1.8,259,14,536,28.79,,0,0,0,70.3,67.1,66.4,0.44,0.41,0.32
EAUR,2017-08-21 16:45:00 EDT,42.71349,-78.63173,1237,79.1,78.6,79.1,68.7,67.9,0.000,0.000,0.00,0.000,7.9,11.6,1.8,228,13,8.1,13.1,1.8,234,13,7.9,11.6,1.8,228,13,529,28.78,,0,0,0,70.4,67.1,66.4,0.44,0.41,0.32
EAUR,2017-08-21 16:50:00 EDT,42.71349,-78.63173,1237,79.5,79.0,79.5,69.6,68.7,0.000,0.000,0.00,0.000,4.7,8.0,1.1,251,21,5.2,8.4,1.2,260,21,4.7,8.0,1.1,251,21,521,28.78,,0,0,0,70.5,67.2,66.4,0.44,0.41,0.32
EAUR,2017-08-21 16:55:00 EDT,42.71349,-78.63173,1237,79.2,78.8,79.2,68.1,67.8,0.000,0.000,0.00,0.000,6.7,10.5,1.7,254,17,7.3,11.9,1.8,263,15,6.7,10.5,1.7,254,17,495,28.78,,0,0,0,70.7,67.2,66.4,0.44,0.41,0.32
EAUR,2017-08-21 17:00:00 EDT,42.71349,-78.63173,1237,79.1,78.8,79.1,68.4,67.8,0.000,0.000,0.00,0.000,4.7,9.3,1.7,249,22,5.3,10.4,1.9,258,21,4.7,9.3,1.7,249,22,483,28.78,,0,0,0,70.7,67.1,66.4,0.44,0.41,0.32
EAUR,2017-08-21 17:05:00 EDT,42.71349,-78.63173,1237,79.2,78.9,79.2,68.0,67.8,0.000,0.000,0.00,0.000,5.1,8.3,1.8,231,15,5.6,9.4,1.8,238,14,5.1,8.3,1.8,231,15,471,28.78,,0,0,0,70.7,67.1,66.4,0.44,0.41,0.32
EAUR,2017-08-21 17:10:00 EDT,42.71349,-78.63173,1237,79.1,78.8,79.1,67.0,67.2,0.000,0.000,0.00,0.000,5.4,8.7,1.2,245,15,5.9,9.6,1.4,254,14,5.4,8.7,1.2,245,15,458,28.78,,0,0,0,70.7,67.1,66.4,0.44,0.41,0.32
EAUR,2017-08-21 17:15:00 EDT,42.71349,-78.63173,1237,79.3,78.9,79.3,65.5,66.7,0.000,0.000,0.00,0.000,6.2,10.0,1.4,250,14,6.8,10.9,1.6,259,12,6.2,10.0,1.4,250,14,445,28.78,,0,0,0,70.7,67.1,66.4,0.44,0.41,0.32
EAUR,2017-08-21 17:20:00 EDT,42.71349,-78.63173,1237,79.3,79.0,79.3,64.2,66.1,0.000,0.000,0.00,0.000,6.6,10.4,1.6,246,13,7.2,11.5,1.8,255,11,6.6,10.4,1.6,246,13,430,28.78,,0,0,0,70.7,67.1,66.4,0.44,0.41,0.32
EAUR,2017-08-21 17:25:00 EDT,42.71349,-78.63173,1237,79.6,79.3,79.6,65.1,66.8,0.000,0.000,0.00,0.000,4.9,7.1,1.0,240,15,5.3,8.8,1.0,248,15,4.9,7.1,1.0,240,15,417,28.78,,0,0,0,70.7,67.1,66.4,0.44,0.41,0.32
EAUR,2017-08-21 17:30:00 EDT,42.71349,-78.63173,1237,79.5,79.2,79.5,63.9,66.2,0.000,0.000,0.00,0.000,6.9,9.4,1.2,268,15,7.4,10.1,1.4,275,13,6.9,9.4,1.2,268,15,394,28.78,,0,0,0,70.7,67.1,66.4,0.44,0.41,0.32
EAUR,2017-08-21 17:35:00 EDT,42.71349,-78.63173,1237,79.6,79.3,79.6,64.4,66.5,0.000,0.000,0.00,0.000,4.0,7.5,1.2,253,19,4.4,8.7,1.5,261,19,4.0,7.5,1.2,253,19,385,28.78,,0,0,0,70.7,67.1,66.4,0.44,0.41,0.32
EAUR,2017-08-21 17:40:00 EDT,42.71349,-78.63173,1237,79.7,79.5,79.7,64.1,66.5,0.000,0.000,0.00,0.000,4.7,10.5,2.1,254,20,5.3,11.1,2.2,262,19,4.7,10.5,2.1,254,20,372,28.78,,0,0,0,70.7,67.1,66.4,0.44,0.41,0.32
EAUR,2017-08-21 17:45:00 EDT,42.71349,-78.63173,1237,79.5,79.4,79.5,62.3,65.4,0.000,0.000,0.00,0.000,6.0,9.0,1.2,246,17,6.6,10.1,1.4,254,17,6.0,9.0,1.2,246,17,353,28.78,,0,0,0,70.7,67.1,66.4,0.44,0.41,0.32
EAUR,2017-08-21 17:50:00 EDT,42.71349,-78.63173,1237,79.3,79.3,79.3,61.8,65.1,0.000,0.000,0.00,0.000,7.1,10.0,1.6,240,11,7.5,10.9,1.6,249,11,7.1,10.0,1.6,240,11,332,28.78,,0,0,0,70.7,67.1,66.4,0.44,0.41,0.32
EAUR,2017-08-21 17:55:00 EDT,42.71349,-78.63173,1237,79.3,79.2,79.3,63.1,65.7,0.000,0.000,0.00,0.000,4.7,8.6,1.5,241,20,5.1,8.6,1.4,250,20,4.7,8.6,1.5,241,20,320,28.78,,0,0,0,70.7,67.1,66.4,0.44,0.41,0.32
EAUR,2017-08-21 18:00:00 EDT,42.71349,-78.63173,1237,79.2,79.2,79.2,62.3,65.2,0.000,0.000,0.00,0.000,6.4,9.8,1.5,234,21,6.9,11.1,1.5,242,19,6.4,9.8,1.5,234,21,310,28.78,,0,0,0,70.7,67.1,66.4,0.44,0.41,0.32
EAUR,2017-08-21 18:05:00 EDT,42.71349,-78.63173,1237,79.3,79.3,79.3,60.7,64.5,0.000,0.000,0.00,0.000,5.7,7.7,1.2,237,19,6.2,9.3,1.3,245,19,5.7,7.7,1.2,237,19,297,28.78,,0,0,0,70.8,67.1,66.4,0.44,0.41,0.32
EAUR,2017-08-21 18:10:00 EDT,42.71349,-78.63173,1237,79.2,79.3,79.2,59.8,64.1,0.000,0.000,0.00,0.000,4.9,7.2,1.2,240,13,5.4,8.3,1.3,248,13,4.9,7.2,1.2,240,13,278,28.77,,0,0,0,71.0,67.2,66.4,0.44,0.41,0.32
EAUR,2017-08-21 18:15:00 EDT,42.71349,-78.63173,1237,79.1,79.1,79.1,61.5,64.7,0.000,0.000,0.00,0.000,4.5,6.7,1.1,231,17,4.8,7.4,1.1,240,17,4.5,6.7,1.1,231,17,259,28.77,,0,0,0,71.0,67.2,66.4,0.44,0.41,0.32
EAUR,2017-08-21 18:20:00 EDT,42.71349,-78.63173,1237,79.0,79.1,79.0,62.3,65.0,0.000,0.000,0.00,0.000,4.1,6.4,0.8,244,16,4.3,6.9,1.0,253,15,4.1,6.4,0.8,244,16,244,28.77,,0,0,0,71.1,67.1,66.4,0.44,0.41,0.32
EAUR,2017-08-21 18:25:00 EDT,42.71349,-78.63173,1237,79.1,79.1,79.1,62.0,64.9,0.000,0.000,0.00,0.000,2.7,4.3,0.8,224,15,2.7,5.7,0.8,230,17,2.7,4.3,0.8,224,15,228,28.77,,0,0,0,71.0,67.1,66.4,0.44,0.41,0.32
EAUR,2017-08-21 18:30:00 EDT,42.71349,-78.63173,1237,79.0,79.1,79.0,62.5,65.1,0.000,0.000,0.00,0.000,4.5,6.6,0.9,216,18,4.8,7.1,1.1,225,18,4.5,6.6,0.9,216,18,212,28.77,,0,0,0,71.0,67.2,66.4,0.44,0.41,0.32
EAUR,2017-08-21 18:35:00 EDT,42.71349,-78.63173,1237,78.7,78.8,78.7,63.6,65.3,0.000,0.000,0.00,0.000,4.1,6.7,1.0,217,17,4.4,7.1,1.1,225,17,4.1,6.7,1.0,217,17,198,28.77,,0,0,0,71.1,67.1,66.4,0.44,0.41,0.32
EAUR,2017-08-21 18:40:00 EDT,42.71349,-78.63173,1237,78.6,78.8,78.6,64.0,65.4,0.000,0.000,0.00,0.000,4.8,8.7,1.5,192,15,5.2,11.5,1.7,200,12,4.8,8.7,1.5,192,15,184,28.77,,0,0,0,71.1,67.1,66.4,0.44,0.41,0.32
EAUR,2017-08-21 18:45:00 EDT,42.71349,-78.63173,1237,78.4,78.7,78.4,62.5,64.5,0.000,0.000,0.00,0.000,4.2,6.4,1.0,212,15,4.7,7.4,1.1,221,13,4.2,6.4,1.0,212,15,170,28.77,,0,0,0,71.1,67.2,66.4,0.44,0.41,0.32
EAUR,2017-08-21 18:50:00 EDT,42.71349,-78.63173,1237,78.0,78.4,78.0,63.7,64.7,0.000,0.000,0.00,0.000,4.0,6.3,0.9,215,16,4.3,6.8,1.0,222,15,4.0,6.3,0.9,215,16,155,28.77,,0,0,0,71.1,67.2,66.4,0.44,0.41,0.32
EAUR,2017-08-21 18:55:00 EDT,42.71349,-78.63173,1237,77.8,78.2,77.8,64.6,64.9,0.000,0.000,0.00,0.000,3.9,6.9,1.1,217,14,4.0,7.8,1.3,224,13,3.9,6.9,1.1,217,14,141,28.77,,0,0,0,71.1,67.1,66.4,0.44,0.41,0.32
EAUR,2017-08-21 19:00:00 EDT,42.71349,-78.63173,1237,77.6,78.0,77.6,64.0,64.5,0.000,0.000,0.00,0.000,4.3,7.3,1.2,222,13,4.5,7.5,1.3,230,12,4.3,7.3,1.2,222,13,129,28.77,,0,0,0,71.1,67.1,66.4,0.44,0.41,0.32
EAUR,2017-08-21 19:05:00 EDT,42.71349,-78.63173,1237,77.3,77.7,77.3,64.2,64.3,0.000,0.000,0.00,0.000,3.5,5.8,0.9,215,14,3.5,6.6,1.1,223,13,3.5,5.8,0.9,215,14,116,28.77,,0,0,0,71.1,67.2,66.4,0.44,0.41,0.32
EAUR,2017-08-21 19:10:00 EDT,42.71349,-78.63173,1237,77.0,77.6,77.0,64.9,64.3,0.000,0.000,0.00,0.000,3.0,4.9,0.7,215,13,3.0,5.0,0.8,222,12,3.0,4.9,0.7,215,13,103,28.77,,0,0,0,71.1,67.2,66.4,0.44,0.41,0.32
EAUR,2017-08-21 19:15:00 EDT,42.71349,-78.63173,1237,76.8,77.4,76.8,65.4,64.3,0.000,0.000,0.00,0.000,3.7,6.6,0.9,215,14,3.8,6.5,0.9,224,13,3.7,6.6,0.9,215,14,93,28.77,,0,0,0,71.1,67.2,66.4,0.44,0.41,0.32
EAUR,2017-08-21 19:20:00 EDT,42.71349,-78.63173,1237,76.4,77.0,76.4,66.5,64.4,0.000,0.000,0.00,0.000,3.1,5.0,0.8,215,11,3.0,5.1,0.8,223,11,3.1,5.0,0.8,215,11,78,28.77,,0,0,0,71.1,67.2,66.4,0.44,0.41,0.32
EAUR,2017-08-21 19:25:00 EDT,42.71349,-78.63173,1237,76.2,76.7,76.2,67.2,64.5,0.000,0.000,0.00,0.000,2.8,4.2,0.4,220,9,2.6,4.1,0.5,228,7,2.8,4.2,0.4,220,9,66,28.77,,0,0,0,71.1,67.2,66.4,0.44,0.41,0.32
EAUR,2017-08-21 19:30:00 EDT,42.71349,-78.63173,1237,75.7,76.4,75.7,68.4,64.5,0.000,0.000,0.00,0.000,2.4,3.4,0.4,224,11,2.4,3.5,0.4,231,9,2.4,3.4,0.4,224,11,42,28.77,,0,0,0,71.0,67.1,66.4,0.44,0.41,0.32
EAUR,2017-08-21 19:35:00 EDT,42.71349,-78.63173,1237,75.2,76.1,75.2,69.9,64.7,0.000,0.000,0.00,0.000,2.6,4.2,0.5,220,12,2.6,4.4,0.5,228,11,2.6,4.2,0.5,220,12,23,28.77,,0,0,0,71.0,67.1,66.3,0.44,0.41,0.32
EAUR,2017-08-21 19:40:00 EDT,42.71349,-78.63173,1237,74.6,75.8,74.6,71.8,64.8,0.000,0.000,0.00,0.000,2.5,3.9,0.5,223,12,2.4,4.4,0.6,229,10,2.5,3.9,0.5,223,12,14,28.77,,0,0,0,71.0,67.2,66.4,0.44,0.41,0.32
EAUR,2017-08-21 19:45:00 EDT,42.71349,-78.63173,1237,74.1,75.4,74.1,73.5,65.1,0.000,0.000,0.00,0.000,2.6,3.7,0.5,227,9,2.7,4.5,0.7,233,8,2.6,3.7,0.5,227,9,9,28.77,,0,0,0,70.9,67.2,66.4,0.44,0.41,0.32
EAUR,2017-08-21 19:50:00 EDT,42.71349,-78.63173,1237,74.2,75.3,74.2,73.7,65.2,0.000,0.000,0.00,0.000,2.5,3.4,0.5,228,8,2.6,4.5,0.6,235,7,2.5,3.4,0.5,228,8,7,28.77,,0,0,0,70.8,67.2,66.3,0.44,0.41,0.32
EAUR,2017-08-21 19:55:00 EDT,42.71349,-78.63173,1237,74.2,75.2,74.2,73.6,65.2,0.000,0.000,0.00,0.000,2.6,3.1,0.3,215,7,2.4,3.3,0.4,224,5,2.6,3.1,0.3,215,7,6,28.77,,0,0,0,70.7,67.2,66.4,0.44,0.41,0.32
EAUR,2017-08-21 20:00:00 EDT,42.71349,-78.63173,1237,73.4,74.7,73.4,75.2,65.1,0.000,0.000,0.00,0.000,2.5,3.0,0.2,206,8,2.4,3.0,0.3,215,6,2.5,3.0,0.2,206,8,4,28.76,,0,0,0,70.7,67.2,66.4,0.44,0.41,0.32
EAUR,2017-08-21 20:05:00 EDT,42.71349,-78.63173,1237,71.6,73.7,71.6,78.4,64.5,0.000,0.000,0.00,0.000,2.8,3.5,0.3,184,9,2.9,3.9,0.4,192,10,2.8,3.5,0.3,184,9,3,28.76,,0,0,0,70.7,67.1,66.3,0.44,0.41,0.32
EAUR,2017-08-21 20:10:00 EDT,42.71349,-78.63173,1237,71.1,73.3,71.1,81.7,65.2,0.000,0.000,0.00,0.000,2.5,3.4,0.3,177,4,2.8,3.7,0.3,184,4,2.5,3.4,0.3,177,4,2,28.76,,0,0,0,70.7,67.2,66.4,0.44,0.41,0.32
EAUR,2017-08-21 20:15:00 EDT,42.71349,-78.63173,1237,70.4,72.8,70.4,84.0,65.3,0.000,0.000,0.00,0.000,2.8,3.2,0.2,166,5,3.1,3.7,0.3,174,7,2.8,3.2,0.2,166,5,1,28.76,,0,0,0,70.7,67.2,66.3,0.44,0.41,0.32
EAUR,2017-08-21 20:20:00 EDT,42.71349,-78.63173,1237,69.6,72.2,69.6,87.3,65.7,0.000,0.000,0.00,0.000,2.3,2.8,0.2,163,4,2.6,3.1,0.2,169,6,2.3,2.8,0.2,163,4,1,28.76,,0,0,0,70.7,67.2,66.4,0.44,0.41,0.32
EAUR,2017-08-21 20:25:00 EDT,42.71349,-78.63173,1237,69.3,72.0,69.3,89.2,66.0,0.000,0.000,0.00,0.000,2.7,3.1,0.2,167,4,3.0,3.5,0.3,175,6,2.7,3.1,0.2,167,4,0,28.76,,0,0,0,70.7,67.2,66.4,0.44,0.41,0.32
EAUR,2017-08-21 20:30:00 EDT,42.71349,-78.63173,1237,68.7,71.5,68.7,90.0,65.7,0.000,0.000,0.00,0.000,3.6,4.3,0.4,167,4,4.0,5.2,0.4,174,5,3.6,4.3,0.4,167,4,0,28.76,,0,0,0,70.7,67.2,66.4,0.44,0.41,0.32
EAUR,2017-08-21 20:35:00 EDT,42.71349,-78.63173,1237,68.8,71.2,68.8,91.5,66.2,0.000,0.000,0.00,0.000,2.9,3.9,0.4,170,5,3.2,4.2,0.5,177,5,2.9,3.9,0.4,170,5,0,28.76,,0,0,0,70.7,67.2,66.3,0.44,0.41,0.32
EAUR,2017-08-21 20:40:00 EDT,42.71349,-78.63173,1237,68.9,70.9,68.9,88.6,65.4,0.000,0.000,0.00,0.000,2.8,4.3,0.4,172,6,3.1,4.7,0.5,179,6,2.8,4.3,0.4,172,6,0,28.76,,0,0,0,70.7,67.2,66.4,0.44,0.41,0.32
EAUR,2017-08-21 20:45:00 EDT,42.71349,-78.63173,1237,68.4,70.5,68.4,89.5,65.2,0.000,0.000,0.00,0.000,3.2,3.7,0.2,175,4,3.6,4.3,0.3,182,3,3.2,3.7,0.2,175,4,0,28.76,,0,0,0,70.7,67.2,66.4,0.44,0.41,0.32
EAUR,2017-08-21 20:50:00 EDT,42.71349,-78.63173,1237,68.3,70.7,68.3,90.4,65.3,0.000,0.000,0.00,0.000,3.2,3.7,0.3,168,4,3.5,4.4,0.3,176,5,3.2,3.7,0.3,168,4,0,28.76,,0,0,0,70.7,67.1,66.4,0.44,0.41,0.32
EAUR,2017-08-21 20:55:00 EDT,42.71349,-78.63173,1237,68.6,71.4,68.6,90.8,65.8,0.000,0.000,0.00,0.000,3.1,4.0,0.4,163,7,3.4,4.6,0.5,169,7,3.1,4.0,0.4,163,7,0,28.76,,0,0,0,70.7,67.1,66.4,0.44,0.41,0.32
EAUR,2017-08-21 21:00:00 EDT,42.71349,-78.63173,1237,67.5,71.4,67.5,91.0,64.7,0.000,0.000,0.00,0.000,1.7,2.9,0.5,169,12,2.0,3.2,0.6,175,11,1.7,2.9,0.5,169,12,0,28.76,,0,0,0,70.7,67.2,66.4,0.44,0.41,0.32
EAUR,2017-08-21 21:05:00 EDT,42.71349,-78.63173,1237,67.0,71.5,67.0,91.8,64.6,0.000,0.000,0.00,0.000,2.1,3.2,0.4,171,10,2.4,3.6,0.5,177,10,2.1,3.2,0.4,171,10,0,28.76,,0,0,0,70.7,67.2,66.4,0.44,0.41,0.32
EAUR,2017-08-21 21:10:00 EDT,42.71349,-78.63173,1237,66.9,71.1,66.9,92.0,64.5,0.000,0.000,0.00,0.000,2.0,2.8,0.3,171,8,2.3,3.5,0.3,178,8,2.0,2.8,0.3,171,8,0,28.76,,0,0,0,70.5,67.2,66.3,0.44,0.41,0.32
EAUR,2017-08-21 21:15:00 EDT,42.71349,-78.63173,1237,67.0,70.1,67.0,92.6,64.8,0.000,0.000,0.00,0.000,1.8,3.1,0.3,190,15,2.0,3.5,0.4,196,15,1.8,3.1,0.3,190,15,0,28.76,,0,0,0,70.3,67.2,66.4,0.44,0.41,0.32
EAUR,2017-08-21 21:20:00 EDT,42.71349,-78.63173,1237,68.2,69.4,68.2,88.9,64.8,0.000,0.000,0.00,0.000,2.4,3.5,0.4,201,9,2.6,3.5,0.4,209,9,2.4,3.5,0.4,201,9,0,28.76,,0,0,0,70.3,67.2,66.3,0.44,0.41,0.32
EAUR,2017-08-21 21:25:00 EDT,42.71349,-78.63173,1237,67.6,68.9,67.6,88.6,64.1,0.000,0.000,0.00,0.000,2.4,3.1,0.4,198,9,2.5,3.4,0.4,206,9,2.4,3.1,0.4,198,9,0,28.76,,0,0,0,70.3,67.1,66.4,0.44,0.41,0.32
EAUR,2017-08-21 21:30:00 EDT,42.71349,-78.63173,1237,67.7,69.1,67.7,88.7,64.2,0.000,0.000,0.00,0.000,1.8,2.7,0.4,185,8,2.0,3.1,0.4,192,9,1.8,2.7,0.4,185,8,0,28.76,,0,0,0,70.3,67.2,66.4,0.44,0.41,0.32
EAUR,2017-08-21 21:35:00 EDT,42.71349,-78.63173,1237,66.7,68.7,66.7,89.1,63.4,0.000,0.000,0.00,0.000,1.1,1.6,0.2,211,11,1.3,1.9,0.3,218,13,1.1,1.6,0.2,211,11,0,28.76,,0,0,0,70.3,67.2,66.3,0.44,0.41,0.32
EAUR,2017-08-21 21:40:00 EDT,42.71349,-78.63173,1237,65.9,68.9,65.9,91.1,63.2,0.000,0.000,0.00,0.000,0.6,1.2,0.3,209,15,0.8,1.9,0.5,209,19,0.6,1.2,0.3,209,15,0,28.76,,0,0,0,70.3,67.2,66.3,0.44,0.41,0.32
EAUR,2017-08-21 21:45:00 EDT,42.71349,-78.63173,1237,65.6,68.8,65.6,92.3,63.3,0.000,0.000,0.00,0.000,1.0,1.8,0.3,214,15,1.2,1.9,0.4,217,15,1.0,1.8,0.3,214,15,0,28.76,,0,0,0,70.3,67.3,66.4,0.44,0.41,0.32
EAUR,2017-08-21 21:50:00 EDT,42.71349,-78.63173,1237,64.9,68.5,64.9,92.8,62.8,0.000,0.000,0.00,0.000,1.8,2.8,0.4,187,15,2.0,3.2,0.4,193,16,1.8,2.8,0.4,187,15,0,28.76,,0,0,0,70.3,67.3,66.4,0.44,0.41,0.32
EAUR,2017-08-21 21:55:00 EDT,42.71349,-78.63173,1237,65.2,68.0,65.2,92.7,63.0,0.000,0.000,0.00,0.000,1.6,2.2,0.3,187,19,1.8,2.9,0.4,195,19,1.6,2.2,0.3,187,19,0,28.76,,0,0,0,70.2,67.4,66.3,0.44,0.41,0.32
EAUR,2017-08-21 22:00:00 EDT,42.71349,-78.63173,1237,64.9,68.0,64.9,92.1,62.6,0.000,0.000,0.00,0.000,1.4,2.7,0.5,184,23,1.7,3.5,0.7,186,21,1.4,2.7,0.5,184,23,0,28.76,,0,0,0,70.0,67.3,66.4,0.44,0.41,0.32
EAUR,2017-08-21 22:05:00 EDT,42.71349,-78.63173,1237,65.5,67.9,65.5,93.0,63.4,0.000,0.000,0.00,0.000,1.3,3.3,0.7,172,18,1.7,3.8,0.8,180,20,1.3,3.3,0.7,172,18,0,28.76,,0,0,0,70.0,67.4,66.4,0.44,0.41,0.32
EAUR,2017-08-21 22:10:00 EDT,42.71349,-78.63173,1237,66.1,68.0,66.1,92.8,63.9,0.000,0.000,0.00,0.000,1.5,3.3,0.8,167,15,1.7,3.9,0.9,171,18,1.5,3.3,0.8,167,15,0,28.76,,0,0,0,70.0,67.4,66.4,0.44,0.41,0.32
EAUR,2017-08-21 22:15:00 EDT,42.71349,-78.63173,1237,66.4,68.2,66.4,91.8,63.9,0.000,0.000,0.00,0.000,1.4,3.1,0.8,170,19,1.6,3.7,0.9,176,17,1.4,3.1,0.8,170,19,0,28.76,,0,0,0,70.0,67.4,66.3,0.44,0.41,0.32
EAUR,2017-08-21 22:20:00 EDT,42.71349,-78.63173,1237,66.3,68.0,66.3,91.1,63.6,0.000,0.000,0.00,0.000,1.5,3.1,0.6,169,15,1.5,3.6,0.9,176,15,1.5,3.1,0.6,169,15,0,28.76,,0,0,0,70.0,67.4,66.3,0.44,0.41,0.32
EAUR,2017-08-21 22:25:00 EDT,42.71349,-78.63173,1237,66.8,68.4,66.8,90.6,64.0,0.000,0.000,0.00,0.000,2.2,3.6,0.5,167,11,2.7,4.1,0.7,174,11,2.2,3.6,0.5,167,11,0,28.76,,0,0,0,70.0,67.4,66.4,0.44,0.41,0.32
EAUR,2017-08-21 22:30:00 EDT,42.71349,-78.63173,1237,67.2,69.2,67.2,89.7,64.0,0.000,0.000,0.00,0.000,2.9,4.2,0.6,158,9,3.2,5.4,0.8,164,10,2.9,4.2,0.6,158,9,0,28.75,,0,0,0,70.0,67.5,66.4,0.44,0.41,0.32
EAUR,2017-08-21 22:35:00 EDT,42.71349,-78.63173,1237,67.2,70.0,67.2,89.6,64.1,0.000,0.000,0.00,0.000,3.3,4.9,0.6,157,8,3.7,5.8,0.7,162,9,3.3,4.9,0.6,157,8,0,28.75,,0,0,0,70.0,67.5,66.4,0.44,0.41,0.32
EAUR,2017-08-21 22:40:00 EDT,42.71349,-78.63173,1237,67.5,69.7,67.5,89.2,64.2,0.000,0.000,0.00,0.000,3.3,4.8,0.6,164,9,3.8,6.0,0.8,172,9,3.3,4.8,0.6,164,9,0,28.75,,0,0,0,70.0,67.5,66.4,0.44,0.41,0.32
EAUR,2017-08-21 22:45:00 EDT,42.71349,-78.63173,1237,68.1,69.8,68.1,88.5,64.6,0.000,0.000,0.00,0.000,3.0,4.7,0.6,164,10,3.4,4.8,0.6,172,10,3.0,4.7,0.6,164,10,0,28.75,,0,0,0,69.9,67.5,66.4,0.44,0.41,0.32
EAUR,2017-08-21 22:50:00 EDT,42.71349,-78.63173,1237,68.1,70.6,68.1,88.3,64.5,0.000,0.000,0.00,0.000,3.9,5.4,0.7,162,9,4.3,6.0,0.8,168,8,3.9,5.4,0.7,162,9,0,28.75,,0,0,0,69.7,67.5,66.4,0.44,0.41,0.32
EAUR,2017-08-21 22:55:00 EDT,42.71349,-78.63173,1237,67.9,70.5,67.9,89.0,64.5,0.000,0.000,0.00,0.000,5.0,6.5,0.9,169,7,5.5,7.1,0.9,177,5,5.0,6.5,0.9,169,7,0,28.75,,0,0,0,69.6,67.5,66.3,0.44,0.41,0.32
EAUR,2017-08-21 23:00:00 EDT,42.71349,-78.63173,1237,67.9,70.7,67.9,89.0,64.5,0.000,0.000,0.00,0.000,5.8,7.1,0.7,171,6,6.2,7.8,0.7,178,4,5.8,7.1,0.7,171,6,0,28.75,,0,0,0,69.6,67.5,66.4,0.44,0.41,0.32
EAUR,2017-08-21 23:05:00 EDT,42.71349,-78.63173,1237,68.5,71.1,68.5,88.1,64.8,0.000,0.000,0.00,0.000,5.6,7.1,0.6,168,7,6.2,8.5,0.8,175,5,5.6,7.1,0.6,168,7,0,28.74,,0,0,0,69.6,67.5,66.4,0.44,0.41,0.32
EAUR,2017-08-21 23:10:00 EDT,42.71349,-78.63173,1237,69.1,71.7,69.1,87.1,65.1,0.000,0.000,0.00,0.000,6.0,7.7,0.8,167,7,6.5,8.9,0.9,174,4,6.0,7.7,0.8,167,7,0,28.74,,0,0,0,69.6,67.5,66.4,0.44,0.41,0.32
EAUR,2017-08-21 23:15:00 EDT,42.71349,-78.63173,1237,69.3,71.7,69.3,86.0,65.0,0.000,0.000,0.00,0.000,5.3,7.5,0.7,164,7,5.9,7.3,0.8,171,7,5.3,7.5,0.7,164,7,0,28.74,,0,0,0,69.6,67.5,66.4,0.44,0.41,0.32
EAUR,2017-08-21 23:20:00 EDT,42.71349,-78.63173,1237,69.6,71.8,69.6,86.1,65.3,0.000,0.000,0.00,0.000,5.2,7.5,0.9,165,7,5.8,9.2,0.9,172,6,5.2,7.5,0.9,165,7,0,28.74,,0,0,0,69.6,67.5,66.4,0.44,0.41,0.32
EAUR,2017-08-21 23:25:00 EDT,42.71349,-78.63173,1237,69.4,71.7,69.4,85.7,64.9,0.000,0.000,0.00,0.000,5.0,7.1,0.8,165,8,5.5,7.9,1.0,172,7,5.0,7.1,0.8,165,8,0,28.73,,0,0,0,69.6,67.5,66.3,0.44,0.41,0.32
EAUR,2017-08-21 23:30:00 EDT,42.71349,-78.63173,1237,69.2,71.6,69.2,85.5,64.6,0.000,0.000,0.00,0.000,5.6,7.3,0.8,166,7,6.1,7.8,0.9,174,6,5.6,7.3,0.8,166,7,0,28.74,,0,0,0,69.6,67.5,66.4,0.44,0.41,0.32
EAUR,2017-08-21 23:35:00 EDT,42.71349,-78.63173,1237,69.2,71.5,69.2,85.3,64.6,0.000,0.000,0.00,0.000,6.0,9.2,1.1,170,9,6.5,9.9,1.2,177,7,6.0,9.2,1.1,170,9,0,28.74,,0,0,0,69.6,67.5,66.4,0.44,0.41,0.32
EAUR,2017-08-21 23:40:00 EDT,42.71349,-78.63173,1237,69.8,71.8,69.8,85.1,65.1,0.000,0.000,0.00,0.000,6.0,7.5,0.8,172,7,6.4,8.2,0.9,178,6,6.0,7.5,0.8,172,7,0,28.73,,0,0,0,69.5,67.5,66.4,0.44,0.41,0.31
EAUR,2017-08-21 23:45:00 EDT,42.71349,-78.63173,1237,69.7,71.9,69.7,84.6,64.9,0.000,0.000,0.00,0.000,6.1,8.3,1.0,175,7,6.3,8.6,1.1,181,7,6.1,8.3,1.0,175,7,0,28.73,,0,0,0,69.3,67.5,66.3,0.44,0.41,0.32
EAUR,2017-08-21 23:50:00 EDT,42.71349,-78.63173,1237,70.3,72.6,70.3,84.0,65.3,0.000,0.000,0.00,0.000,6.8,8.3,0.7,173,6,7.4,9.0,0.8,180,5,6.8,8.3,0.7,173,6,0,28.73,,0,0,0,69.3,67.5,66.4,0.44,0.41,0.31
EAUR,2017-08-21 23:55:00 EDT,42.71349,-78.63173,1237,70.9,73.1,70.9,82.7,65.3,0.000,0.000,0.00,0.000,7.1,8.9,0.7,171,7,7.4,9.5,0.9,179,5,7.1,8.9,0.7,171,7,0,28.73,,0,0,0,69.3,67.5,66.4,0.44,0.41,0.31
EDIN,2017-08-21 00:00:00 EDT,43.22819,-74.11293,1065,58.7,65.4,58.7,95.2,57.3,0.000,0.000,0.00,0.000,4.2,5.5,0.5,294,8,4.4,6.0,0.7,295,8,4.2,5.5,0.5,294,8,0,,,0,0,0,73.0,73.0,70.0,0.15,0.14,0.10
EDIN,2017-08-21 00:05:00 EDT,43.22819,-74.11293,1065,58.3,65.2,58.3,95.7,57.1,0.000,0.000,0.00,0.000,4.3,5.3,0.5,307,5,4.4,5.6,0.6,308,5,4.3,5.3,0.5,307,5,0,,,0,0,0,73.0,73.0,70.0,0.15,0.14,0.10
EDIN,2017-08-21 00:10:00 EDT,43.22819,-74.11293,1065,58.4,65.5,58.4,96.0,57.3,0.000,0.000,0.00,0.000,4.1,5.3,0.4,306,7,4.2,5.4,0.5,307,7,4.1,5.3,0.4,306,7,0,,,0,0,0,73.0,73.0,70.0,0.15,0.14,0.09
EDIN,2017-08-21 00:15:00 EDT,43.22819,-74.11293,1065,58.3,65.3,58.3,96.1,57.2,0.000,0.000,0.00,0.000,4.4,5.4,0.4,300,5,4.7,6.1,0.5,301,4,4.4,5.4,0.4,300,5,0,,,0,0,0,72.7,73.0,70.0,0.15,0.14,0.10
EDIN,2017-08-21 00:20:00 EDT,43.22819,-74.11293,1065,58.5,65.3,58.5,96.3,57.5,0.000,0.000,0.00,0.000,4.3,5.6,0.5,302,6,4.6,6.1,0.6,303,6,4.3,5.6,0.5,302,6,0,,,0,0,0,72.7,73.0,70.0,0.15,0.14,0.09
EDIN,2017-08-21 00:25:00 EDT,43.22819,-74.11293,1065,58.3,64.9,58.3,96.2,57.2,0.000,0.000,0.00,0.000,3.8,4.7,0.3,301,6,4.0,5.1,0.5,302,6,3.8,4.7,0.3,301,6,0,,,0,0,0,72.7,73.0,70.0,0.15,0.14,0.09
EDIN,2017-08-21 00:30:00 EDT,43.22819,-74.11293,1065,58.3,64.6,58.3,96.6,57.3,0.000,0.000,0.00,0.000,3.9,5.3,0.4,300,5,4.0,5.3,0.5,302,5,3.9,5.3,0.4,300,5,0,29.03,,0,0,0,72.7,73.0,70.0,0.15,0.14,0.09
EDIN,2017-08-21 00:35:00 EDT,43.22819,-74.11293,1065,58.4,64.2,58.4,96.6,57.4,0.000,0.000,0.00,0.000,4.0,4.7,0.4,320,7,4.0,5.0,0.5,321,7,4.0,4.7,0.4,320,7,0,,,0,0,0,72.7,73.0,70.0,0.15,0.14,0.10
EDIN,2017-08-21 00:40:00 EDT,43.22819,-74.11293,1065,58.4,63.8,58.4,96.0,57.2,0.000,0.000,0.00,0.000,4.7,5.1,0.2,322,5,4.7,5.2,0.3,322,4,4.7,5.1,0.2,322,5,0,,,0,0,0,72.7,73.0,70.0,0.15,0.14,0.09
EDIN,2017-08-21 00:45:00 EDT,43.22819,-74.11293,1065,58.3,63.6,58.3,96.0,57.1,0.000,0.000,0.00,0.000,4.3,4.7,0.2,317,5,4.3,5.0,0.3,317,4,4.3,4.7,0.2,317,5,0,,,0,0,0,72.5,73.0,70.0,0.15,0.14,0.09
EDIN,2017-08-21 00:50:00 EDT,43.22819,-74.11293,1065,58.0,63.1,58.0,95.9,56.9,0.000,0.000,0.00,0.000,4.1,4.6,0.2,322,3,4.0,4.6,0.3,321,3,4.1,4.6,0.2,322,3,0,,,0,0,0,72.3,73.0,70.0,0.15,0.14,0.09
EDIN,2017-08-21 00:55:00 EDT,43.22819,-74.11293,1065,58.0,63.4,58.0,96.0,56.9,0.000,0.000,0.00,0.000,3.6,4.3,0.4,321,4,3.5,4.4,0.5,320,4,3.6,4.3,0.4,321,4,0,,,0,0,0,72.3,73.0,70.0,0.15,0.14,0.09
EDIN,2017-08-21 01:00:00 EDT,43.22819,-74.11293,1065,57.8,61.6,57.8,95.6,56.5,0.000,0.000,0.00,0.000,2.1,2.9,0.7,333,17,2.2,3.7,0.6,335,21,2.1,2.9,0.7,333,17,0,,,0,0,0,72.3,73.0,70.0,0.15,0.14,0.09
EDIN,2017-08-21 01:05:00 EDT,43.22819,-74.11293,1065,57.8,59.2,57.8,95.5,56.5,0.000,0.000,0.00,0.000,1.1,2.1,0.4,102,10,1.4,2.5,0.4,102,11,1.1,2.1,0.4,102,10,0,29.03,,0,0,0,72.3,72.9,70.1,0.15,0.14,0.09
EDIN,2017-08-21 01:10:00 EDT,43.22819,-74.11293,1065,58.1,60.4,58.1,96.0,56.9,0.000,0.000,0.00,0.000,1.0,1.8,0.3,61,29,1.3,2.2,0.3,58,33,1.0,1.8,0.3,61,29,0,,,0,0,0,72.3,72.9,70.1,0.15,0.14,0.09
EDIN,2017-08-21 01:15:00 EDT,43.22819,-74.11293,1065,57.7,60.2,57.7,95.6,56.5,0.000,0.000,0.00,0.000,0.8,2.6,0.6,343,17,1.1,2.5,0.6,341,14,0.8,2.6,0.6,343,17,0,,,0,0,0,72.3,72.9,70.2,0.15,0.14,0.09
EDIN,2017-08-21 01:20:00 EDT,43.22819,-74.11293,1065,57.4,60.5,57.4,95.6,56.2,0.000,0.000,0.00,0.000,1.8,2.7,0.4,319,2,1.6,2.4,0.3,319,4,1.8,2.7,0.4,319,2,0,,,0,0,0,72.2,72.8,70.2,0.15,0.14,0.09
EDIN,2017-08-21 01:25:00 EDT,43.22819,-74.11293,1065,57.5,60.3,57.5,96.4,56.5,0.000,0.000,0.00,0.000,2.1,2.4,0.3,330,6,2.1,2.8,0.3,332,6,2.1,2.4,0.3,330,6,0,,,0,0,0,71.8,72.7,70.1,0.15,0.14,0.09
EDIN,2017-08-21 01:30:00 EDT,43.22819,-74.11293,1065,57.4,60.2,57.4,96.4,56.4,0.000,0.000,0.00,0.000,2.7,3.4,0.5,332,4,2.8,3.5,0.5,332,5,2.7,3.4,0.5,332,4,0,,,0,0,0,71.8,72.7,70.3,0.15,0.14,0.09
EDIN,2017-08-21 01:35:00 EDT,43.22819,-74.11293,1065,57.2,59.8,57.2,96.5,56.2,0.000,0.000,0.00,0.000,3.4,4.4,0.5,326,3,3.4,4.7,0.6,326,5,3.4,4.4,0.5,326,3,0,,,0,0,0,71.8,72.7,70.3,0.15,0.14,0.09
EDIN,2017-08-21 01:40:00 EDT,43.22819,-74.11293,1065,57.3,59.2,57.3,97.0,56.5,0.000,0.000,0.00,0.000,4.1,5.0,0.4,323,4,4.3,5.3,0.5,323,4,4.1,5.0,0.4,323,4,0,29.03,,0,0,0,71.8,72.7,70.3,0.15,0.14,0.09
EDIN,2017-08-21 01:45:00 EDT,43.22819,-74.11293,1065,57.5,59.2,57.5,96.8,56.6,0.000,0.000,0.00,0.000,3.3,4.1,0.4,329,4,3.3,4.7,0.5,329,6,3.3,4.1,0.4,329,4,0,,,0,0,0,71.8,72.7,70.3,0.15,0.14,0.09
EDIN,2017-08-21 01:50:00 EDT,43.22819,-74.11293,1065,57.5,58.9,57.5,96.5,56.5,0.000,0.000,0.00,0.000,3.5,5.4,0.7,323,6,3.4,5.7,0.8,323,6,3.5,5.4,0.7,323,6,0,,,0,0,0,71.8,72.7,70.3,0.15,0.14,0.09
EDIN,2017-08-21 01:55:00 EDT,43.22819,-74.11293,1065,57.5,58.5,57.5,96.4,56.5,0.000,0.000,0.00,0.000,4.5,5.1,0.4,325,4,4.6,5.6,0.4,326,5,4.5,5.1,0.4,325,4,0,,,0,0,0,71.6,72.7,70.3,0.15,0.14,0.09
EDIN,2017-08-21 02:00:00 EDT,43.22819,-74.11293,1065,57.7,59.1,57.7,96.1,56.6,0.000,0.000,0.00,0.000,4.4,5.3,0.4,325,6,4.6,5.7,0.5,326,6,4.4,5.3,0.4,325,6,0,,,0,0,0,71.5,72.7,70.3,0.15,0.14,0.09
EDIN,2017-08-21 02:05:00 EDT,43.22819,-74.11293,1065,57.7,58.9,57.7,95.7,56.4,0.000,0.000,0.00,0.000,3.9,4.7,0.7,330,8,4.2,5.2,0.6,332,9,3.9,4.7,0.7,330,8,0,,,0,0,0,71.4,72.7,70.3,0.15,0.14,0.09
EDIN,2017-08-21 02:10:00 EDT,43.22819,-74.11293,1065,57.3,58.6,57.3,95.6,56.1,0.000,0.000,0.00,0.000,2.6,3.5,0.4,330,9,2.8,3.7,0.4,332,11,2.6,3.5,0.4,330,9,0,,,0,0,0,71.4,72.7,70.3,0.15,0.14,0.09
EDIN,2017-08-21 02:15:00 EDT,43.22819,-74.11293,1065,57.0,58.4,57.0,96.0,55.9,0.000,0.000,0.00,0.000,2.5,3.4,0.4,325,5,2.4,3.6,0.4,325,5,2.5,3.4,0.4,325,5,0,29.03,,0,0,0,71.4,72.7,70.3,0.15,0.14,0.09
EDIN,2017-08-21 02:20:00 EDT,43.22819,-74.11293,1065,56.8,58.0,56.8,96.3,55.7,0.000,0.000,0.00,0.000,3.3,4.2,0.6,326,5,3.3,4.5,0.6,326,6,3.3,4.2,0.6,326,5,0,,,0,0,0,71.4,72.7,70.3,0.15,0.14,0.09
EDIN,2017-08-21 02:25:00 EDT,43.22819,-74.11293,1065,56.7,57.8,56.7,96.6,55.7,0.000,0.000,0.00,0.000,1.7,3.0,0.8,342,16,1.9,3.7,0.8,343,15,1.7,3.0,0.8,342,16,0,,,0,0,0,71.4,72.7,70.3,0.15,0.14,0.09
EDIN,2017-08-21 02:30:00 EDT,43.22819,-74.11293,1065,56.6,57.8,56.6,96.6,55.6,0.000,0.000,0.00,0.000,0.9,1.8,0.5,333,12,1.2,2.3,0.5,335,14,0.9,1.8,0.5,333,12,0,,,0,0,0,71.4,72.7,70.3,0.15,0.14,0.09
EDIN,2017-08-21 02:35:00 EDT,43.22819,-74.11293,1065,56.4,57.9,56.4,96.7,55.5,0.000,0.000,0.00,0.000,1.3,1.8,0.2,345,11,1.6,2.4,0.3,348,13,1.3,1.8,0.2,345,11,0,,,0,0,0,71.4,72.7,70.3,0.15,0.14,0.09
EDIN,2017-08-21 02:40:00 EDT,43.22819,-74.11293,1065,56.4,57.8,56.4,96.7,55.5,0.000,0.000,0.00,0.000,1.0,1.2,0.1,359,8,1.4,2.1,0.2,359,8,1.0,1.2,0.1,359,8,0,,,0,0,0,71.1,72.7,70.3,0.15,0.14,0.09
EDIN,2017-08-21 02:45:00 EDT,43.22819,-74.11293,1065,56.8,57.9,56.8,96.6,55.8,0.000,0.000,0.00,0.000,1.6,2.2,0.4,2,6,2.1,3.0,0.6,3,6,1.6,2.2,0.4,2,6,0,,,0,0,0,71.1,72.7,70.3,0.15,0.14,0.09
EDIN,2017-08-21 02:50:00 EDT,43.22819,-74.11293,1065,56.6,58.4,56.6,95.4,55.3,0.000,0.000,0.00,0.000,2.8,3.9,0.6,326,10,2.9,4.5,0.6,327,11,2.8,3.9,0.6,326,10,0,29.03,,0,0,0,71.1,72.7,70.3,0.15,0.14,0.09
EDIN,2017-08-21 02:55:00 EDT,43.22819,-74.11293,1065,56.5,57.8,56.5,96.6,55.6,0.000,0.000,0.00,0.000,4.0,4.6,0.4,328,5,4.2,5.0,0.5,329,6,4.0,4.6,0.4,328,5,0,,,0,0,0,71.1,72.7,70.3,0.15,0.14,0.09
EDIN,2017-08-21 03:00:00 EDT,43.22819,-74.11293,1065,56.3,57.6,56.3,96.8,55.4,0.000,0.000,0.00,0.000,4.2,4.9,0.5,325,4,4.4,5.3,0.6,326,5,4.2,4.9,0.5,325,4,0,,,0,0,0,71.1,72.7,70.3,0.15,0.14,0.09
EDIN,2017-08-21 03:05:00 EDT,43.22819,-74.11293,1065,56.6,57.3,56.6,97.3,55.8,0.000,0.000,0.00,0.000,4.0,4.5,0.3,317,7,4.2,5.0,0.4,318,6,4.0,4.5,0.3,317,7,0,,,0,0,0,71.1,72.7,70.3,0.15,0.14,0.09
EDIN,2017-08-21 03:10:00 EDT,43.22819,-74.11293,1065,56.9,57.3,56.9,97.3,56.2,0.000,0.000,0.00,0.000,4.1,4.7,0.4,311,6,4.2,5.0,0.5,312,5,4.1,4.7,0.4,311,6,0,,,0,0,0,71.1,72.7,70.3,0.15,0.14,0.10
EDIN,2017-08-21 03:15:00 EDT,43.22819,-74.11293,1065,56.8,57.4,56.8,96.8,55.9,0.000,0.000,0.00,0.000,5.1,5.8,0.4,318,5,5.2,6.2,0.4,318,4,5.1,5.8,0.4,318,5,0,,,0,0,0,71.0,72.7,70.3,0.15,0.14,0.10
EDIN,2017-08-21 03:20:00 EDT,43.22819,-74.11293,1065,56.6,57.5,56.6,96.6,55.7,0.000,0.000,0.00,0.000,4.2,5.0,0.4,322,3,4.2,5.3,0.4,323,3,4.2,5.0,0.4,322,3,0,,,0,0,0,70.7,72.7,70.3,0.15,0.14,0.10
EDIN,2017-08-21 03:25:00 EDT,43.22819,-74.11293,1065,56.5,57.2,56.5,96.8,55.6,0.000,0.000,0.00,0.000,4.9,5.6,0.4,320,4,5.1,6.1,0.5,320,3,4.9,5.6,0.4,320,4,0,29.03,,0,0,0,70.7,72.7,70.3,0.15,0.14,0.09
EDIN,2017-08-21 03:30:00 EDT,43.22819,-74.11293,1065,56.7,57.4,56.7,96.9,55.8,0.000,0.000,0.00,0.000,4.7,5.6,0.3,321,3,4.9,5.8,0.4,322,3,4.7,5.6,0.3,321,3,0,,,0,0,0,70.7,72.6,70.3,0.15,0.14,0.09
EDIN,2017-08-21 03:35:00 EDT,43.22819,-74.11293,1065,56.7,57.5,56.7,96.7,55.8,0.000,0.000,0.00,0.000,4.0,4.7,0.3,320,3,4.1,4.8,0.4,320,3,4.0,4.7,0.3,320,3,0,,,0,0,0,70.7,72.6,70.3,0.15,0.14,0.10
EDIN,2017-08-21 03:40:00 EDT,43.22819,-74.11293,1065,56.7,57.4,56.7,96.7,55.8,0.000,0.000,0.00,0.000,4.2,4.9,0.3,322,3,4.4,5.2,0.4,322,3,4.2,4.9,0.3,322,3,0,,,0,0,0,70.7,72.6,70.3,0.15,0.14,0.10
EDIN,2017-08-21 03:45:00 EDT,43.22819,-74.11293,1065,56.7,57.1,56.7,96.6,55.8,0.000,0.000,0.00,0.000,3.4,4.8,0.8,313,7,3.5,5.2,0.9,314,6,3.4,4.8,0.8,313,7,0,,,0,0,0,70.7,72.5,70.3,0.15,0.14,0.10
EDIN,2017-08-21 03:50:00 EDT,43.22819,-74.11293,1065,56.6,56.9,56.6,96.5,55.6,0.000,0.000,0.00,0.000,2.8,3.7,0.7,316,6,2.7,3.7,0.7,316,5,2.8,3.7,0.7,316,6,0,,,0,0,0,70.7,72.4,70.3,0.15,0.14,0.10
EDIN,2017-08-21 03:55:00 EDT,43.22819,-74.11293,1065,56.1,56.9,56.1,96.2,55.1,0.000,0.000,0.00,0.000,3.0,3.6,0.5,323,8,2.8,3.7,0.4,323,9,3.0,3.6,0.5,323,8,0,,,0,0,0,70.7,72.3,70.3,0.15,0.14,0.10
EDIN,2017-08-21 04:00:00 EDT,43.22819,-74.11293,1065,56.2,57.3,56.2,96.5,55.3,0.000,0.000,0.00,0.000,0.6,2.3,0.6,346,15,0.9,2.8,0.7,344,16,0.6,2.3,0.6,346,15,0,29.04,,0,0,0,70.6,72.3,70.3,0.15,0.14,0.10
EDIN,2017-08-21 04:05:00 EDT,43.22819,-74.11293,1065,56.5,57.5,56.5,96.6,55.5,0.000,0.000,0.00,0.000,1.5,2.3,0.8,319,7,1.5,2.5,0.6,319,9,1.5,2.3,0.8,319,7,0,,,0,0,0,70.3,72.3,70.3,0.15,0.14,0.10
EDIN,2017-08-21 04:10:00 EDT,43.22819,-74.11293,1065,56.3,57.4,56.3,96.3,55.3,0.000,0.000,0.00,0.000,2.0,2.4,0.2,317,4,1.8,2.2,0.2,316,4,2.0,2.4,0.2,317,4,0,,,0,0,0,70.3,72.3,70.3,0.15,0.14,0.10
EDIN,2017-08-21 04:15:00 EDT,43.22819,-74.11293,1065,56.1,57.7,56.1,96.4,55.1,0.000,0.000,0.00,0.000,1.8,2.2,0.1,308,7,1.8,2.3,0.2,310,6,1.8,2.2,0.1,308,7,0,,,0,0,0,70.3,72.3,70.3,0.15,0.14,0.10
EDIN,2017-08-21 04:20:00 EDT,43.22819,-74.11293,1065,55.9,57.5,55.9,96.5,54.9,0.000,0.000,0.00,0.000,1.3,2.4,0.4,293,14,1.4,2.2,0.3,293,13,1.3,2.4,0.4,293,14,0,,,0,0,0,70.3,72.3,70.3,0.15,0.14,0.10
EDIN,2017-08-21 04:25:00 EDT,43.22819,-74.11293,1065,55.7,56.9,55.7,96.8,54.8,0.000,0.000,0.00,0.000,1.9,2.8,0.4,296,6,2.0,2.9,0.4,299,6,1.9,2.8,0.4,296,6,0,,,0,0,0,70.3,72.3,70.3,0.15,0.14,0.10
EDIN,2017-08-21 04:30:00 EDT,43.22819,-74.11293,1065,55.5,56.9,55.5,97.0,54.7,0.000,0.000,0.00,0.000,2.5,3.4,0.5,299,15,2.5,3.6,0.5,301,13,2.5,3.4,0.5,299,15,0,,,0,0,0,70.3,72.3,70.3,0.15,0.14,0.10
EDIN,2017-08-21 04:35:00 EDT,43.22819,-74.11293,1065,56.1,56.9,56.1,97.8,55.4,0.000,0.000,0.00,0.000,2.3,2.9,0.3,310,13,2.2,3.0,0.4,311,10,2.3,2.9,0.3,310,13,0,29.03,,0,0,0,70.3,72.3,70.3,0.15,0.14,0.10
EDIN,2017-08-21 04:40:00 EDT,43.22819,-74.11293,1065,55.8,56.7,55.8,97.5,55.1,0.000,0.000,0.00,0.000,2.3,2.9,0.3,312,5,2.1,2.9,0.3,312,4,2.3,2.9,0.3,312,5,0,,,0,0,0,70.3,72.3,70.3,0.15,0.14,0.10
EDIN,2017-08-21 04:45:00 EDT,43.22819,-74.11293,1065,55.4,56.8,55.4,97.4,54.7,0.000,0.000,0.00,0.000,2.9,4.2,0.6,310,5,2.8,4.3,0.7,312,4,2.9,4.2,0.6,310,5,0,,,0,0,0,70.1,72.3,70.3,0.15,0.14,0.10
EDIN,2017-08-21 04:50:00 EDT,43.22819,-74.11293,1065,55.9,57.6,55.9,97.9,55.3,0.000,0.000,0.00,0.000,3.0,3.9,0.4,327,6,3.0,4.2,0.5,328,7,3.0,3.9,0.4,327,6,0,,,0,0,0,70.0,72.3,70.3,0.15,0.14,0.10
EDIN,2017-08-21 04:55:00 EDT,43.22819,-74.11293,1065,55.5,56.7,55.5,97.5,54.8,0.000,0.000,0.00,0.000,3.6,4.2,0.3,318,3,3.5,4.5,0.4,318,3,3.6,4.2,0.3,318,3,0,,,0,0,0,70.0,72.3,70.3,0.15,0.14,0.10
EDIN,2017-08-21 05:00:00 EDT,43.22819,-74.11293,1065,55.9,57.7,55.9,97.9,55.3,0.000,0.000,0.00,0.000,3.7,4.7,0.7,323,4,3.8,5.4,0.9,324,5,3.7,4.7,0.7,323,4,0,,,0,0,0,70.0,72.3,70.3,0.15,0.14,0.10
EDIN,2017-08-21 05:05:00 EDT,43.22819,-74.11293,1065,55.8,57.1,55.8,97.6,55.1,0.000,0.000,0.00,0.000,4.0,4.5,0.2,316,5,3.9,5.0,0.4,316,4,4.0,4.5,0.2,316,5,0,,,0,0,0,70.0,72.3,70.3,0.15,0.14,0.10
EDIN,2017-08-21 05:10:00 EDT,43.22819,-74.11293,1065,55.7,56.9,55.7,97.6,55.1,0.000,0.000,0.00,0.000,3.9,4.7,0.4,321,7,4.0,5.0,0.7,322,8,3.9,4.7,0.4,321,7,0,29.04,,0,0,0,70.0,72.3,70.3,0.15,0.14,0.10
EDIN,2017-08-21 05:15:00 EDT,43.22819,-74.11293,1065,55.6,56.6,55.6,97.6,54.9,0.000,0.000,0.00,0.000,3.6,3.9,0.2,322,7,3.7,4.4,0.3,322,7,3.6,3.9,0.2,322,7,0,,,0,0,0,70.0,72.3,70.3,0.15,0.14,0.10
EDIN,2017-08-21 05:20:00 EDT,43.22819,-74.11293,1065,55.3,56.5,55.3,97.5,54.6,0.000,0.000,0.00,0.000,3.2,3.7,0.3,324,6,3.2,4.2,0.3,323,7,3.2,3.7,0.3,324,6,0,,,0,0,0,70.0,72.3,70.3,0.15,0.14,0.10
EDIN,2017-08-21 05:25:00 EDT,43.22819,-74.11293,1065,55.4,56.4,55.4,97.7,54.8,0.000,0.000,0.00,0.000,3.2,3.9,0.3,313,8,3.1,4.2,0.4,314,6,3.2,3.9,0.3,313,8,0,,,0,0,0,69.9,72.3,70.3,0.15,0.14,0.10
EDIN,2017-08-21 05:30:00 EDT,43.22819,-74.11293,1065,56.2,56.9,56.2,98.2,55.8,0.000,0.000,0.00,0.000,3.5,4.1,0.3,319,10,3.4,4.5,0.5,320,9,3.5,4.1,0.3,319,10,0,,,0,0,0,69.8,72.3,70.3,0.15,0.14,0.10
EDIN,2017-08-21 05:35:00 EDT,43.22819,-74.11293,1065,56.5,57.6,56.5,97.9,55.9,0.000,0.000,0.00,0.000,3.5,3.9,0.2,328,3,3.4,4.2,0.3,329,5,3.5,3.9,0.2,328,3,0,,,0,0,0,69.6,72.3,70.3,0.15,0.14,0.10
EDIN,2017-08-21 05:40:00 EDT,43.22819,-74.11293,1065,56.4,57.4,56.4,97.4,55.7,0.000,0.000,0.00,0.000,3.4,4.3,0.4,326,6,3.2,4.6,0.6,327,7,3.4,4.3,0.4,326,6,0,,,0,0,0,69.6,72.3,70.3,0.15,0.14,0.10
EDIN,2017-08-21 05:45:00 EDT,43.22819,-74.11293,1065,55.8,56.6,55.8,96.9,54.9,0.000,0.000,0.00,0.000,3.0,3.5,0.2,320,4,2.8,3.7,0.3,320,4,3.0,3.5,0.2,320,4,0,29.04,,0,0,0,69.6,72.3,70.3,0.15,0.14,0.10
EDIN,2017-08-21 05:50:00 EDT,43.22819,-74.11293,1065,55.1,56.4,55.1,96.8,54.2,0.000,0.000,0.00,0.000,3.1,3.7,0.4,320,3,3.0,3.9,0.5,320,4,3.1,3.7,0.4,320,3,0,,,0,0,0,69.6,72.2,70.3,0.15,0.14,0.10
EDIN,2017-08-21 05:55:00 EDT,43.22819,-74.11293,1065,55.3,56.5,55.3,97.5,54.6,0.000,0.000,0.00,0.000,2.6,3.6,0.7,318,6,2.6,4.1,0.8,318,6,2.6,3.6,0.7,318,6,0,,,0,0,0,69.6,72.1,70.3,0.15,0.14,0.09
EDIN,2017-08-21 06:00:00 EDT,43.22819,-74.11293,1065,55.5,57.3,55.5,97.7,54.8,0.000,0.000,0.00,0.000,1.7,2.4,0.4,322,10,1.8,2.9,0.4,323,12,1.7,2.4,0.4,322,10,1,,,0,0,0,69.6,72.0,70.3,0.15,0.14,0.10
EDIN,2017-08-21 06:05:00 EDT,43.22819,-74.11293,1065,55.4,57.5,55.4,97.8,54.8,0.000,0.000,0.00,0.000,2.1,2.6,0.3,321,8,2.0,2.8,0.3,322,10,2.1,2.6,0.3,321,8,2,,,0,0,0,69.6,71.9,70.3,0.15,0.14,0.10
EDIN,2017-08-21 06:10:00 EDT,43.22819,-74.11293,1065,55.7,57.6,55.7,98.0,55.2,0.000,0.000,0.00,0.000,2.6,3.7,0.4,329,8,2.7,4.4,0.5,329,8,2.6,3.7,0.4,329,8,3,,,0,0,0,69.5,71.8,70.3,0.15,0.14,0.10
EDIN,2017-08-21 06:15:00 EDT,43.22819,-74.11293,1065,55.4,56.8,55.4,97.6,54.7,0.000,0.000,0.00,0.000,2.6,3.7,0.4,325,5,2.6,3.7,0.4,325,5,2.6,3.7,0.4,325,5,4,,,0,0,0,69.3,71.8,70.3,0.15,0.14,0.10
EDIN,2017-08-21 06:20:00 EDT,43.22819,-74.11293,1065,55.4,56.5,55.4,97.6,54.8,0.000,0.000,0.00,0.000,2.1,2.9,0.6,315,10,1.9,3.1,0.6,316,8,2.1,2.9,0.6,315,10,8,29.04,,0,0,0,69.3,71.8,70.3,0.15,0.14,0.10
EDIN,2017-08-21 06:25:00 EDT,43.22819,-74.11293,1065,55.7,57.4,55.7,97.7,55.0,0.000,0.000,0.00,0.000,1.9,2.6,0.4,322,11,1.9,3.0,0.5,324,13,1.9,2.6,0.4,322,11,13,,,0,0,0,69.3,71.8,70.3,0.15,0.14,0.10
EDIN,2017-08-21 06:30:00 EDT,43.22819,-74.11293,1065,55.9,58.3,55.9,97.7,55.3,0.000,0.000,0.00,0.000,3.1,4.1,0.6,327,5,3.2,4.2,0.7,328,6,3.1,4.1,0.6,327,5,21,,,0,0,0,69.3,71.8,70.3,0.15,0.14,0.09
EDIN,2017-08-21 06:35:00 EDT,43.22819,-74.11293,1065,56.3,58.0,56.3,97.9,55.7,0.000,0.000,0.00,0.000,3.9,4.5,0.2,326,4,4.0,4.8,0.4,327,5,3.9,4.5,0.2,326,4,30,,,0,0,0,69.3,71.8,70.3,0.15,0.14,0.10
EDIN,2017-08-21 06:40:00 EDT,43.22819,-74.11293,1065,56.5,57.3,56.5,97.5,55.8,0.000,0.000,0.00,0.000,3.5,4.6,0.6,312,10,3.3,4.8,0.7,314,8,3.5,4.6,0.6,312,10,43,,,0,0,0,69.3,71.8,70.3,0.15,0.14,0.09
EDIN,2017-08-21 06:45:00 EDT,43.22819,-74.11293,1065,56.2,56.6,56.2,96.9,55.4,0.000,0.000,0.00,0.000,3.0,3.9,0.4,309,12,2.9,4.4,0.6,311,10,3.0,3.9,0.4,309,12,50,,,0,0,0,69.3,71.8,70.3,0.15,0.14,0.09
EDIN,2017-08-21 06:50:00 EDT,43.22819,-74.11293,1065,56.9,57.1,56.9,97.2,56.1,0.000,0.000,0.00,0.000,3.5,4.0,0.4,319,5,3.4,4.7,0.6,319,4,3.5,4.0,0.4,319,5,64,,,0,0,0,69.3,71.8,70.3,0.15,0.14,0.09
EDIN,2017-08-21 06:55:00 EDT,43.22819,-74.11293,1065,57.2,57.3,57.2,96.9,56.4,0.000,0.000,0.00,0.000,3.2,4.2,0.5,316,4,3.2,4.5,0.7,316,4,3.2,4.2,0.5,316,4,96,29.05,,0,0,0,69.3,71.8,70.3,0.15,0.14,0.09
EDIN,2017-08-21 07:00:00 EDT,43.22819,-74.11293,1065,57.8,58.0,57.8,96.6,56.8,0.000,0.000,0.00,0.000,3.7,4.8,0.8,308,10,3.7,5.1,0.9,310,8,3.7,4.8,0.8,308,10,108,,,0,0,0,69.2,71.8,70.3,0.15,0.14,0.10
EDIN,2017-08-21 07:05:00 EDT,43.22819,-74.11293,1065,58.0,58.1,58.0,95.6,56.8,0.000,0.000,0.00,0.000,3.1,4.1,0.6,308,8,3.1,4.5,0.8,310,6,3.1,4.1,0.6,308,8,94,,,0,0,0,68.9,71.8,70.3,0.15,0.14,0.09
EDIN,2017-08-21 07:10:00 EDT,43.22819,-74.11293,1065,58.0,59.3,58.0,95.0,56.5,0.000,0.000,0.00,0.000,3.6,4.4,0.4,322,4,3.5,4.7,0.5,322,3,3.6,4.4,0.4,322,4,59,,,0,0,0,68.9,71.8,70.3,0.15,0.14,0.09
EDIN,2017-08-21 07:15:00 EDT,43.22819,-74.11293,1065,57.6,58.6,57.6,95.1,56.2,0.000,0.000,0.00,0.000,3.2,3.7,0.2,321,3,3.0,3.7,0.3,320,3,3.2,3.7,0.2,321,3,66,,,0,0,0,68.9,71.8,70.3,0.15,0.14,0.09
EDIN,2017-08-21 07:20:00 EDT,43.22819,-74.11293,1065,57.7,57.9,57.7,95.7,56.4,0.000,0.000,0.00,0.000,2.5,3.4,0.4,310,6,2.3,3.5,0.4,312,4,2.5,3.4,0.4,310,6,74,,,0,0,0,68.9,71.8,70.3,0.15,0.14,0.09
EDIN,2017-08-21 07:25:00 EDT,43.22819,-74.11293,1065,58.3,58.3,58.3,96.0,57.1,0.000,0.000,0.00,0.000,2.1,2.7,0.2,295,9,2.2,3.0,0.3,300,8,2.1,2.7,0.2,295,9,105,,,0,0,0,68.9,71.8,70.3,0.15,0.14,0.09
EDIN,2017-08-21 07:30:00 EDT,43.22819,-74.11293,1065,58.7,58.8,58.7,95.4,57.4,0.000,0.000,0.00,0.000,1.7,2.6,0.5,301,10,1.7,3.1,0.4,305,9,1.7,2.6,0.5,301,10,136,29.05,,0,0,0,68.9,71.7,70.3,0.15,0.14,0.09
EDIN,2017-08-21 07:35:00 EDT,43.22819,-74.11293,1065,59.1,58.9,59.1,94.2,57.4,0.000,0.000,0.00,0.000,1.1,1.8,0.4,295,12,1.2,2.0,0.5,296,13,1.1,1.8,0.4,295,12,171,,,0,0,0,68.9,71.5,70.3,0.15,0.14,0.09
EDIN,2017-08-21 07:40:00 EDT,43.22819,-74.11293,1065,59.7,59.6,59.7,92.7,57.5,0.000,0.000,0.00,0.000,0.1,0.7,0.2,322,5,0.2,1.3,0.3,299,11,0.1,0.7,0.2,322,5,170,,,0,0,0,68.9,71.5,70.3,0.15,0.14,0.09
EDIN,2017-08-21 07:45:00 EDT,43.22819,-74.11293,1065,60.7,60.6,60.7,90.5,57.9,0.000,0.000,0.00,0.000,0.0,0.0,0.0,0,0,0.1,0.8,0.2,132,6,0.0,0.0,0.0,0,0,199,,,0,0,0,68.9,71.4,70.3,0.15,0.14,0.09
EDIN,2017-08-21 07:50:00 EDT,43.22819,-74.11293,1065,61.7,61.8,61.7,88.1,58.1,0.000,0.000,0.00,0.000,1.0,1.7,0.4,134,9,1.1,1.9,0.4,134,13,1.0,1.7,0.4,134,9,218,,,0,0,0,68.9,71.4,70.3,0.15,0.14,0.09
EDIN,2017-08-21 07:55:00 EDT,43.22819,-74.11293,1065,62.4,62.5,62.4,88.0,58.7,0.000,0.000,0.00,0.000,0.7,1.7,0.4,136,11,0.8,1.8,0.6,138,13,0.7,1.7,0.4,136,11,226,,,0,0,0,68.9,71.4,70.3,0.15,0.14,0.09
EDIN,2017-08-21 08:00:00 EDT,43.22819,-74.11293,1065,62.9,62.4,62.9,84.2,58.0,0.000,0.000,0.00,0.000,0.1,0.7,0.1,212,6,0.2,1.1,0.4,229,18,0.1,0.7,0.1,212,6,232,,,0,0,0,68.9,71.4,70.3,0.15,0.14,0.09
EDIN,2017-08-21 08:05:00 EDT,43.22819,-74.11293,1065,62.8,62.3,62.8,85.7,58.4,0.000,0.000,0.00,0.000,0.6,0.9,0.2,226,13,0.9,1.6,0.4,231,19,0.6,0.9,0.2,226,13,259,29.05,,0,0,0,68.9,71.4,70.3,0.15,0.14,0.09
EDIN,2017-08-21 08:10:00 EDT,43.22819,-74.11293,1065,63.2,63.1,63.2,87.0,59.3,0.000,0.000,0.00,0.000,0.2,1.0,0.3,192,24,0.4,2.0,0.5,179,22,0.2,1.0,0.3,192,24,272,,,0,0,0,68.9,71.4,70.3,0.15,0.14,0.09
EDIN,2017-08-21 08:15:00 EDT,43.22819,-74.11293,1065,64.3,64.1,64.3,85.3,59.8,0.000,0.000,0.00,0.000,0.8,1.6,0.3,155,12,1.1,2.0,0.4,157,17,0.8,1.6,0.3,155,12,301,,,0,0,0,68.9,71.4,70.3,0.15,0.14,0.09
EDIN,2017-08-21 08:20:00 EDT,43.22819,-74.11293,1065,64.5,64.3,64.5,84.6,59.7,0.000,0.000,0.00,0.000,1.2,1.8,0.4,209,17,1.3,2.1,0.4,211,18,1.2,1.8,0.4,209,17,284,,,0,0,0,68.9,71.4,70.3,0.15,0.14,0.09
EDIN,2017-08-21 08:25:00 EDT,43.22819,-74.11293,1065,65.2,64.9,65.2,85.7,60.8,0.000,0.000,0.00,0.000,2.1,3.3,0.5,218,10,2.0,3.1,0.5,219,11,2.1,3.3,0.5,218,10,345,,,0,0,0,68.9,71.4,70.3,0.15,0.14,0.09
EDIN,2017-08-21 08:30:00 EDT,43.22819,-74.11293,1065,65.6,65.3,65.6,84.0,60.6,0.000,0.000,0.00,0.000,1.9,3.1,0.5,204,18,2.0,3.3,0.6,205,16,1.9,3.1,0.5,204,18,271,,,0,0,0,68.9,71.4,70.3,0.15,0.14,0.09
EDIN,2017-08-21 08:35:00 EDT,43.22819,-74.11293,1065,65.4,65.2,65.4,84.1,60.5,0.000,0.000,0.00,0.000,2.3,3.4,0.6,206,12,2.4,3.9,0.6,207,12,2.3,3.4,0.6,206,12,267,,,0,0,0,68.9,71.4,70.3,0.15,0.14,0.09
EDIN,2017-08-21 08:40:00 EDT,43.22819,-74.11293,1065,65.9,65.5,65.9,84.8,61.2,0.000,0.000,0.00,0.000,3.0,4.8,0.9,206,11,3.1,5.2,0.9,205,13,3.0,4.8,0.9,206,11,319,29.05,,0,0,0,68.9,71.4,70.3,0.15,0.14,0.09
EDIN,2017-08-21 08:45:00 EDT,43.22819,-74.11293,1065,65.7,65.5,65.7,83.5,60.6,0.000,0.000,0.00,0.000,2.3,3.9,0.6,219,11,2.2,4.4,0.8,222,12,2.3,3.9,0.6,219,11,296,,,0,0,0,68.9,71.4,70.3,0.15,0.14,0.09
EDIN,2017-08-21 08:50:00 EDT,43.22819,-74.11293,1065,66.1,65.7,66.1,82.6,60.6,0.000,0.000,0.00,0.000,2.8,4.1,0.6,218,27,3.1,4.7,0.6,219,27,2.8,4.1,0.6,218,27,368,,,0,0,0,68.9,71.4,70.3,0.15,0.14,0.09
EDIN,2017-08-21 08:55:00 EDT,43.22819,-74.11293,1065,66.9,66.3,66.9,82.5,61.4,0.000,0.000,0.00,0.000,2.5,4.8,0.7,209,18,2.8,5.5,0.8,209,18,2.5,4.8,0.7,209,18,373,,,0,0,0,68.9,71.4,70.3,0.15,0.14,0.09
EDIN,2017-08-21 09:00:00 EDT,43.22819,-74.11293,1065,66.6,66.1,66.6,80.7,60.5,0.000,0.000,0.00,0.000,4.1,5.1,0.6,205,8,4.2,5.6,0.7,205,9,4.1,5.1,0.6,205,8,415,,,0,0,0,68.9,71.4,70.3,0.15,0.14,0.09
EDIN,2017-08-21 09:05:00 EDT,43.22819,-74.11293,1065,66.9,66.3,66.9,81.8,61.1,0.000,0.000,0.00,0.000,4.0,5.8,0.8,206,14,4.3,6.4,1.1,207,14,4.0,5.8,0.8,206,14,373,,,0,0,0,68.9,71.4,70.3,0.15,0.14,0.09
EDIN,2017-08-21 09:10:00 EDT,43.22819,-74.11293,1065,67.3,66.4,67.3,81.2,61.3,0.000,0.000,0.00,0.000,4.3,6.4,0.9,205,11,4.6,7.0,1.0,205,11,4.3,6.4,0.9,205,11,388,,,0,0,0,68.9,71.4,70.3,0.15,0.14,0.09
EDIN,2017-08-21 09:15:00 EDT,43.22819,-74.11293,1065,67.4,66.5,67.4,80.9,61.4,0.000,0.000,0.00,0.000,5.1,6.9,0.7,204,9,5.3,7.5,0.8,203,8,5.1,6.9,0.7,204,9,420,29.05,,0,0,0,68.9,71.4,70.3,0.15,0.14,0.09
EDIN,2017-08-21 09:20:00 EDT,43.22819,-74.11293,1065,67.7,66.8,67.7,80.4,61.4,0.000,0.000,0.00,0.000,4.6,6.5,0.8,205,9,4.9,7.2,0.9,205,10,4.6,6.5,0.8,205,9,427,,,0,0,0,68.9,71.4,70.3,0.15,0.14,0.09
EDIN,2017-08-21 09:25:00 EDT,43.22819,-74.11293,1065,67.4,66.7,67.4,80.3,61.1,0.000,0.000,0.00,0.000,4.1,6.1,0.7,226,13,4.0,6.4,0.9,227,15,4.1,6.1,0.7,226,13,292,,,0,0,0,68.9,71.4,70.3,0.15,0.14,0.09
EDIN,2017-08-21 09:30:00 EDT,43.22819,-74.11293,1065,67.4,66.7,67.4,80.9,61.4,0.000,0.000,0.00,0.000,4.4,6.6,0.9,197,21,4.8,7.4,0.9,197,21,4.4,6.6,0.9,197,21,251,,,0,0,0,69.0,71.4,70.3,0.15,0.14,0.09
EDIN,2017-08-21 09:35:00 EDT,43.22819,-74.11293,1065,67.2,66.8,67.2,81.2,61.3,0.000,0.000,0.00,0.000,3.2,5.3,1.0,195,15,3.5,6.1,1.1,196,15,3.2,5.3,1.0,195,15,232,,,0,0,0,69.0,71.2,70.3,0.15,0.14,0.09
EDIN,2017-08-21 09:40:00 EDT,43.22819,-74.11293,1065,67.8,67.2,67.8,80.8,61.6,0.000,0.000,0.00,0.000,3.0,5.3,0.9,196,20,3.4,5.8,0.9,195,20,3.0,5.3,0.9,196,20,395,,,0,0,0,69.2,71.1,70.3,0.15,0.14,0.09
EDIN,2017-08-21 09:45:00 EDT,43.22819,-74.11293,1065,68.0,67.5,68.0,78.9,61.2,0.000,0.000,0.00,0.000,2.9,4.6,0.8,210,32,3.2,4.8,0.8,213,33,2.9,4.6,0.8,210,32,480,,,0,0,0,69.3,71.1,70.3,0.15,0.14,0.09
EDIN,2017-08-21 09:50:00 EDT,43.22819,-74.11293,1065,68.6,67.6,68.6,78.7,61.7,0.000,0.000,0.00,0.000,3.2,4.9,0.9,239,19,3.3,5.5,0.8,241,19,3.2,4.9,0.9,239,19,561,29.04,,0,0,0,69.3,71.1,70.3,0.15,0.14,0.09
EDIN,2017-08-21 09:55:00 EDT,43.22819,-74.11293,1065,68.9,67.9,68.9,77.2,61.5,0.000,0.000,0.00,0.000,3.6,5.4,0.9,227,12,3.5,6.1,1.1,230,11,3.6,5.4,0.9,227,12,612,,,0,0,0,69.3,71.1,70.3,0.15,0.14,0.09
EDIN,2017-08-21 10:00:00 EDT,43.22819,-74.11293,1065,69.4,68.9,69.4,77.1,62.0,0.000,0.000,0.00,0.000,2.8,4.5,1.0,229,19,3.0,5.3,1.2,233,20,2.8,4.5,1.0,229,19,639,,,0,0,0,69.3,71.1,70.3,0.15,0.14,0.09
EDIN,2017-08-21 10:05:00 EDT,43.22819,-74.11293,1065,69.9,69.2,69.9,75.6,61.9,0.000,0.000,0.00,0.000,3.1,6.6,1.5,226,18,3.3,7.5,1.7,229,18,3.1,6.6,1.5,226,18,455,,,0,0,0,69.3,71.1,70.3,0.15,0.14,0.09
EDIN,2017-08-21 10:10:00 EDT,43.22819,-74.11293,1065,70.5,69.5,70.5,74.4,62.0,0.000,0.000,0.00,0.000,4.8,6.7,0.9,204,11,5.1,6.9,0.8,205,10,4.8,6.7,0.9,204,11,532,,,0,0,0,69.3,71.1,70.3,0.15,0.14,0.09
EDIN,2017-08-21 10:15:00 EDT,43.22819,-74.11293,1065,71.0,70.0,71.0,74.3,62.4,0.000,0.000,0.00,0.000,4.6,6.9,1.0,204,15,4.9,7.0,1.0,204,15,4.6,6.9,1.0,204,15,498,,,0,0,0,69.5,71.1,70.3,0.15,0.14,0.09
EDIN,2017-08-21 10:20:00 EDT,43.22819,-74.11293,1065,71.0,69.9,71.0,73.9,62.2,0.000,0.000,0.00,0.000,5.9,8.2,1.0,183,9,6.4,9.3,1.1,184,8,5.9,8.2,1.0,183,9,571,,,0,0,0,69.6,71.1,70.3,0.15,0.14,0.09
EDIN,2017-08-21 10:25:00 EDT,43.22819,-74.11293,1065,71.5,70.2,71.5,72.9,62.3,0.000,0.000,0.00,0.000,5.5,7.3,0.9,191,12,6.0,8.1,0.9,191,11,5.5,7.3,0.9,191,12,561,29.05,,0,0,0,69.6,71.1,70.3,0.15,0.14,0.09
EDIN,2017-08-21 10:30:00 EDT,43.22819,-74.11293,1065,72.1,70.7,72.1,72.5,62.7,0.000,0.000,0.00,0.000,5.2,7.1,0.9,214,24,5.5,7.7,1.0,215,24,5.2,7.1,0.9,214,24,563,,,0,0,0,69.6,71.1,70.3,0.15,0.14,0.09
EDIN,2017-08-21 10:35:00 EDT,43.22819,-74.11293,1065,71.8,70.3,71.8,71.8,62.2,0.000,0.000,0.00,0.000,6.8,9.3,1.2,207,12,7.0,9.6,1.3,206,12,6.8,9.3,1.2,207,12,510,,,0,0,0,70.0,71.1,70.3,0.15,0.14,0.09
EDIN,2017-08-21 10:40:00 EDT,43.22819,-74.11293,1065,71.3,70.2,71.3,72.6,62.1,0.000,0.000,0.00,0.000,5.9,8.6,1.1,199,15,6.3,9.0,1.1,199,14,5.9,8.6,1.1,199,15,449,,,0,0,0,70.0,71.1,70.3,0.15,0.14,0.09
EDIN,2017-08-21 10:45:00 EDT,43.22819,-74.11293,1065,71.2,70.0,71.2,72.8,62.1,0.000,0.000,0.00,0.000,5.6,7.5,0.9,175,13,6.1,8.1,1.1,177,11,5.6,7.5,0.9,175,13,486,,,0,0,0,70.0,71.1,70.3,0.15,0.14,0.09
EDIN,2017-08-21 10:50:00 EDT,43.22819,-74.11293,1065,72.2,70.7,72.2,73.0,63.0,0.000,0.000,0.00,0.000,4.7,8.0,1.1,193,17,5.2,8.3,1.3,194,16,4.7,8.0,1.1,193,17,627,,,0,0,0,70.3,71.1,70.3,0.15,0.14,0.09
EDIN,2017-08-21 10:55:00 EDT,43.22819,-74.11293,1065,72.3,70.7,72.3,71.6,62.6,0.000,0.000,0.00,0.000,5.8,8.7,1.6,192,17,6.4,8.8,1.5,193,19,5.8,8.7,1.6,192,17,563,,,0,0,0,70.3,71.1,70.3,0.15,0.14,0.09
EDIN,2017-08-21 11:00:00 EDT,43.22819,-74.11293,1065,71.4,70.1,71.4,73.5,62.5,0.000,0.000,0.00,0.000,6.4,8.7,1.3,228,11,6.7,8.9,1.2,230,13,6.4,8.7,1.3,228,11,451,29.05,,0,0,0,70.4,71.1,70.3,0.15,0.14,0.09
EDIN,2017-08-21 11:05:00 EDT,43.22819,-74.11293,1065,71.5,70.3,71.5,73.6,62.6,0.000,0.000,0.00,0.000,6.3,8.9,1.3,221,12,6.4,8.9,1.3,221,12,6.3,8.9,1.3,221,12,549,,,0,0,0,70.7,71.1,70.3,0.15,0.14,0.09
EDIN,2017-08-21 11:10:00 EDT,43.22819,-74.11293,1065,72.7,71.4,72.7,73.3,63.6,0.000,0.000,0.00,0.000,4.3,6.0,0.8,206,24,4.6,6.5,1.0,208,24,4.3,6.0,0.8,206,24,647,,,0,0,0,70.7,71.0,70.3,0.15,0.14,0.09
EDIN,2017-08-21 11:15:00 EDT,43.22819,-74.11293,1065,73.5,71.9,73.5,71.4,63.7,0.000,0.000,0.00,0.000,5.6,8.4,1.2,220,18,5.9,9.5,1.3,221,18,5.6,8.4,1.2,220,18,686,,,0,0,0,70.7,71.0,70.3,0.15,0.14,0.09
EDIN,2017-08-21 11:20:00 EDT,43.22819,-74.11293,1065,74.2,72.7,74.2,69.8,63.7,0.000,0.000,0.00,0.000,6.0,9.4,1.7,210,24,6.4,10.2,1.8,210,23,6.0,9.4,1.7,210,24,657,,,0,0,0,71.0,71.0,70.3,0.15,0.14,0.09
EDIN,2017-08-21 11:25:00 EDT,43.22819,-74.11293,1065,74.1,72.6,74.1,70.0,63.7,0.000,0.000,0.00,0.000,6.3,9.9,1.7,219,13,6.6,11.3,1.7,220,14,6.3,9.9,1.7,219,13,625,,,0,0,0,71.1,71.0,70.3,0.15,0.14,0.09
EDIN,2017-08-21 11:30:00 EDT,43.22819,-74.11293,1065,74.5,72.8,74.5,68.2,63.3,0.000,0.000,0.00,0.000,7.9,11.8,1.4,202,17,8.2,12.0,1.5,201,15,7.9,11.8,1.4,202,17,682,,,0,0,0,71.2,71.0,70.3,0.15,0.14,0.09
EDIN,2017-08-21 11:35:00 EDT,43.22819,-74.11293,1065,74.8,73.2,74.8,67.5,63.4,0.000,0.000,0.00,0.000,8.3,10.7,1.3,207,14,8.6,11.1,1.4,206,13,8.3,10.7,1.3,207,14,728,29.03,,0,0,0,71.4,70.9,70.3,0.15,0.14,0.09
EDIN,2017-08-21 11:40:00 EDT,43.22819,-74.11293,1065,75.4,73.6,75.4,66.6,63.5,0.000,0.000,0.00,0.000,7.3,10.5,1.7,210,21,7.8,11.4,1.6,211,21,7.3,10.5,1.7,210,21,737,,,0,0,0,71.4,70.7,70.3,0.15,0.14,0.09
EDIN,2017-08-21 11:45:00 EDT,43.22819,-74.11293,1065,75.3,73.7,75.3,65.2,62.8,0.000,0.000,0.00,0.000,8.1,11.7,1.6,190,14,8.6,12.5,1.9,190,13,8.1,11.7,1.6,190,14,416,,,0,0,0,71.4,70.7,70.3,0.15,0.14,0.09
EDIN,2017-08-21 11:50:00 EDT,43.22819,-74.11293,1065,75.3,73.8,75.3,65.1,62.7,0.000,0.000,0.00,0.000,8.5,12.3,1.6,210,10,8.7,12.7,1.6,210,10,8.5,12.3,1.6,210,10,548,,,0,0,0,71.8,70.7,70.3,0.15,0.14,0.09
EDIN,2017-08-21 11:55:00 EDT,43.22819,-74.11293,1065,76.0,74.4,76.0,65.4,63.6,0.000,0.000,0.00,0.000,8.7,12.7,1.9,215,11,8.8,13.9,1.8,215,10,8.7,12.7,1.9,215,11,535,,,0,0,0,71.8,70.7,70.3,0.15,0.14,0.09
EDIN,2017-08-21 12:00:00 EDT,43.22819,-74.11293,1065,76.2,74.4,76.2,64.2,63.2,0.000,0.000,0.00,0.000,8.9,11.8,1.5,214,10,9.0,11.3,1.4,213,10,8.9,11.8,1.5,214,10,689,,,0,0,0,71.9,70.7,70.2,0.15,0.14,0.09
EDIN,2017-08-21 12:05:00 EDT,43.22819,-74.11293,1065,76.5,74.7,76.5,64.7,63.8,0.000,0.000,0.00,0.000,7.8,12.1,1.7,224,10,7.9,13.2,1.7,226,10,7.8,12.1,1.7,224,10,634,,,0,0,0,72.3,70.7,70.3,0.15,0.14,0.09
EDIN,2017-08-21 12:10:00 EDT,43.22819,-74.11293,1065,76.8,75.1,76.8,63.4,63.4,0.000,0.000,0.00,0.000,7.8,12.4,2.0,214,9,8.0,13.0,2.0,214,8,7.8,12.4,2.0,214,9,706,29.02,,0,0,0,72.3,70.7,70.1,0.15,0.14,0.09
EDIN,2017-08-21 12:15:00 EDT,43.22819,-74.11293,1065,77.1,75.4,77.1,63.1,63.5,0.000,0.000,0.00,0.000,7.6,11.9,1.7,224,12,7.8,12.7,1.8,224,12,7.6,11.9,1.7,224,12,732,,,0,0,0,72.4,70.7,70.2,0.15,0.14,0.09
EDIN,2017-08-21 12:20:00 EDT,43.22819,-74.11293,1065,77.3,75.6,77.3,62.3,63.4,0.000,0.000,0.00,0.000,8.6,11.8,1.5,225,8,8.7,12.4,1.7,225,10,8.6,11.8,1.5,225,8,671,,,0,0,0,72.7,70.7,70.2,0.15,0.14,0.09
EDIN,2017-08-21 12:25:00 EDT,43.22819,-74.11293,1065,77.1,75.9,77.1,63.3,63.7,0.000,0.000,0.00,0.000,5.9,11.0,2.4,219,11,6.2,12.1,2.3,220,10,5.9,11.0,2.4,219,11,447,,,0,0,0,72.7,70.7,70.1,0.15,0.14,0.09
EDIN,2017-08-21 12:30:00 EDT,43.22819,-74.11293,1065,77.3,76.0,77.3,62.9,63.7,0.000,0.000,0.00,0.000,5.7,9.4,1.6,222,16,6.0,9.8,1.7,222,16,5.7,9.4,1.6,222,16,555,,,0,0,0,72.9,70.7,70.1,0.15,0.14,0.09
EDIN,2017-08-21 12:35:00 EDT,43.22819,-74.11293,1065,77.1,76.0,77.1,62.8,63.5,0.000,0.000,0.00,0.000,5.5,9.2,1.9,219,21,5.8,10.1,1.9,220,21,5.5,9.2,1.9,219,21,413,,,0,0,0,73.0,70.7,70.0,0.15,0.14,0.09
EDIN,2017-08-21 12:40:00 EDT,43.22819,-74.11293,1065,76.4,75.7,76.4,64.0,63.3,0.000,0.000,0.00,0.000,6.5,8.9,1.1,209,17,6.9,9.5,1.1,209,17,6.5,8.9,1.1,209,17,295,,,0,0,0,73.1,70.7,70.0,0.15,0.14,0.09
EDIN,2017-08-21 12:45:00 EDT,43.22819,-74.11293,1065,76.4,75.7,76.4,63.7,63.2,0.000,0.000,0.00,0.000,7.1,10.0,1.6,214,13,7.5,11.1,1.7,214,12,7.1,10.0,1.6,214,13,407,29.01,,0,0,0,73.4,70.7,70.0,0.15,0.14,0.09
EDIN,2017-08-21 12:50:00 EDT,43.22819,-74.11293,1065,76.9,75.8,76.9,62.8,63.2,0.000,0.000,0.00,0.000,7.4,10.2,1.3,204,14,7.8,10.8,1.4,204,15,7.4,10.2,1.3,204,14,515,,,0,0,0,73.4,70.7,70.0,0.15,0.14,0.09
EDIN,2017-08-21 12:55:00 EDT,43.22819,-74.11293,1065,77.5,76.3,77.5,62.5,63.7,0.000,0.000,0.00,0.000,7.7,11.3,1.6,216,12,7.9,12.3,1.6,215,12,7.7,11.3,1.6,216,12,781,,,0,0,0,73.8,70.7,70.0,0.15,0.14,0.09
EDIN,2017-08-21 13:00:00 EDT,43.22819,-74.11293,1065,78.3,76.6,78.3,61.4,64.0,0.000,0.000,0.00,0.000,7.6,10.6,1.5,202,15,8.0,10.5,1.4,202,14,7.6,10.6,1.5,202,15,810,,,0,0,0,73.9,70.7,70.0,0.15,0.13,0.09
EDIN,2017-08-21 13:05:00 EDT,43.22819,-74.11293,1065,78.4,77.0,78.4,59.1,62.9,0.000,0.000,0.00,0.000,8.5,13.4,1.8,203,16,8.8,14.6,1.8,202,13,8.5,13.4,1.8,203,16,549,,,0,0,0,73.9,70.7,70.0,0.15,0.13,0.09
EDIN,2017-08-21 13:10:00 EDT,43.22819,-74.11293,1065,78.2,77.0,78.2,60.8,63.5,0.000,0.000,0.00,0.000,6.9,11.0,1.8,214,17,7.2,13.1,1.8,213,17,6.9,11.0,1.8,214,17,567,,,0,0,0,74.0,70.7,70.0,0.15,0.14,0.09
EDIN,2017-08-21 13:15:00 EDT,43.22819,-74.11293,1065,79.3,77.8,79.3,60.8,64.6,0.000,0.000,0.00,0.000,5.2,9.9,2.1,195,16,5.6,10.4,2.0,194,15,5.2,9.9,2.1,195,16,762,,,0,0,0,74.3,70.7,70.0,0.15,0.13,0.09
EDIN,2017-08-21 13:20:00 EDT,43.22819,-74.11293,1065,79.7,78.0,79.7,58.0,63.6,0.000,0.000,0.00,0.000,9.5,13.1,1.7,213,11,9.7,13.4,1.7,214,10,9.5,13.1,1.7,213,11,776,29.01,,0,0,0,74.3,70.7,70.0,0.15,0.14,0.09
EDIN,2017-08-21 13:25:00 EDT,43.22819,-74.11293,1065,79.6,77.9,79.6,57.7,63.4,0.000,0.000,0.00,0.000,9.5,14.1,2.3,214,16,9.7,14.9,2.5,214,15,9.5,14.1,2.3,214,16,771,,,0,0,0,74.3,70.7,70.0,0.15,0.13,0.09
EDIN,2017-08-21 13:30:00 EDT,43.22819,-74.11293,1065,79.8,78.0,79.8,57.1,63.3,0.000,0.000,0.00,0.000,11.0,15.1,2.0,198,12,11.4,15.9,2.0,198,10,11.0,15.1,2.0,198,12,758,,,0,0,0,74.6,70.7,70.0,0.15,0.13,0.09
EDIN,2017-08-21 13:35:00 EDT,43.22819,-74.11293,1065,80.2,78.6,81.8,57.0,63.6,0.000,0.000,0.00,0.000,7.8,11.7,1.5,198,15,8.2,12.4,1.6,198,14,7.8,11.7,1.5,198,15,733,,,0,0,0,74.7,70.7,70.0,0.15,0.13,0.09
EDIN,2017-08-21 13:40:00 EDT,43.22819,-74.11293,1065,80.4,79.0,82.0,57.0,63.8,0.000,0.000,0.00,0.000,7.4,11.6,1.8,195,18,8.0,13.5,2.0,195,17,7.4,11.6,1.8,195,18,698,,,0,0,0,74.7,70.7,70.0,0.15,0.13,0.09
EDIN,2017-08-21 13:45:00 EDT,43.22819,-74.11293,1065,80.3,78.7,81.7,55.6,63.0,0.000,0.000,0.00,0.000,11.1,15.5,1.9,184,11,11.9,16.7,2.0,185,11,11.1,15.5,1.9,184,11,660,,,0,0,0,74.7,70.7,70.0,0.14,0.13,0.09
EDIN,2017-08-21 13:50:00 EDT,43.22819,-74.11293,1065,79.8,78.3,79.8,55.0,62.2,0.000,0.000,0.00,0.000,10.8,15.9,2.6,213,11,11.0,16.5,2.5,214,10,10.8,15.9,2.6,213,11,629,,,0,0,0,75.0,70.7,70.0,0.14,0.13,0.09
EDIN,2017-08-21 13:55:00 EDT,43.22819,-74.11293,1065,79.8,78.7,79.8,56.7,63.1,0.000,0.000,0.00,0.000,7.8,11.5,1.5,207,13,8.2,11.9,1.6,208,13,7.8,11.5,1.5,207,13,507,29.00,,0,0,0,75.0,70.8,70.0,0.15,0.13,0.09
EDIN,2017-08-21 14:00:00 EDT,43.22819,-74.11293,1065,79.8,78.9,79.8,56.3,62.9,0.000,0.000,0.00,0.000,8.7,15.4,3.0,203,17,9.2,15.9,3.1,203,15,8.7,15.4,3.0,203,17,465,,,0,0,0,75.2,70.8,70.0,0.15,0.13,0.09
EDIN,2017-08-21 14:05:00 EDT,43.22819,-74.11293,1065,79.3,78.4,79.3,56.5,62.5,0.000,0.000,0.00,0.000,10.5,15.8,1.8,196,15,10.9,16.4,2.2,196,14,10.5,15.8,1.8,196,15,440,,,0,0,0,75.6,70.8,70.0,0.15,0.13,0.09
EDIN,2017-08-21 14:10:00 EDT,43.22819,-74.11293,1065,79.2,78.4,79.2,57.8,63.1,0.000,0.000,0.00,0.000,8.7,14.2,2.4,192,15,9.5,16.0,2.6,193,13,8.7,14.2,2.4,192,15,435,,,0,0,0,75.6,71.0,70.0,0.15,0.13,0.09
EDIN,2017-08-21 14:15:00 EDT,43.22819,-74.11293,1065,78.5,78.0,78.5,56.4,61.7,0.000,0.000,0.00,0.000,10.1,15.2,2.1,194,11,10.5,16.2,2.2,193,11,10.1,15.2,2.1,194,11,219,,,0,0,0,75.6,71.0,70.0,0.15,0.13,0.09
EDIN,2017-08-21 14:20:00 EDT,43.22819,-74.11293,1065,78.4,78.1,78.4,58.0,62.4,0.000,0.000,0.00,0.000,9.5,13.7,1.8,208,14,9.9,14.3,1.8,208,14,9.5,13.7,1.8,208,14,312,,,0,0,0,75.8,71.0,70.0,0.15,0.13,0.09
EDIN,2017-08-21 14:25:00 EDT,43.22819,-74.11293,1065,78.5,78.1,78.5,58.4,62.7,0.000,0.000,0.00,0.000,7.8,13.0,1.9,200,12,8.4,15.2,2.0,200,10,7.8,13.0,1.9,200,12,272,,,0,0,0,75.9,71.0,70.0,0.15,0.14,0.09
EDIN,2017-08-21 14:30:00 EDT,43.22819,-74.11293,1065,78.2,77.8,78.2,59.5,63.0,0.000,0.000,0.00,0.000,6.4,9.3,1.4,192,12,6.7,9.6,1.5,192,11,6.4,9.3,1.4,192,12,274,28.99,,0,0,0,75.9,71.1,70.0,0.15,0.14,0.09
EDIN,2017-08-21 14:35:00 EDT,43.22819,-74.11293,1065,78.1,77.8,78.1,58.1,62.2,0.000,0.000,0.00,0.000,8.2,12.3,1.5,205,14,8.7,11.9,1.6,203,12,8.2,12.3,1.5,205,14,245,,,0,0,0,75.9,71.1,70.0,0.15,0.14,0.09
EDIN,2017-08-21 14:40:00 EDT,43.22819,-74.11293,1065,77.8,77.6,77.8,57.9,61.8,0.000,0.000,0.00,0.000,8.5,12.1,1.8,205,10,8.7,12.5,1.8,205,10,8.5,12.1,1.8,205,10,229,,,0,0,0,76.0,71.1,70.0,0.15,0.14,0.09
EDIN,2017-08-21 14:45:00 EDT,43.22819,-74.11293,1065,77.7,77.5,77.7,56.9,61.2,0.000,0.000,0.00,0.000,7.8,10.5,1.2,218,10,7.9,10.9,1.2,218,8,7.8,10.5,1.2,218,10,225,,,0,0,0,76.1,71.1,70.0,0.15,0.14,0.09
EDIN,2017-08-21 14:50:00 EDT,43.22819,-74.11293,1065,77.6,77.5,77.6,56.2,60.8,0.000,0.000,0.00,0.000,5.7,10.0,1.5,220,8,5.8,10.4,1.5,220,8,5.7,10.0,1.5,220,8,232,,,0,0,0,76.5,71.1,70.0,0.15,0.14,0.09
EDIN,2017-08-21 14:55:00 EDT,43.22819,-74.11293,1065,77.6,77.4,77.6,57.3,61.3,0.000,0.000,0.00,0.000,5.5,8.0,1.2,214,11,5.7,8.2,1.2,216,11,5.5,8.0,1.2,214,11,249,,,0,0,0,76.5,71.1,70.0,0.15,0.14,0.09
EDIN,2017-08-21 15:00:00 EDT,43.22819,-74.11293,1065,77.6,77.3,77.6,58.4,61.8,0.000,0.000,0.00,0.000,5.0,7.7,1.3,211,12,5.3,7.8,1.2,211,11,5.0,7.7,1.3,211,12,275,,,0,0,0,76.5,71.1,70.0,0.15,0.14,0.09
EDIN,2017-08-21 15:05:00 EDT,43.22819,-74.11293,1065,77.8,77.4,77.8,57.9,61.8,0.000,0.000,0.00,0.000,5.6,7.3,0.8,214,10,5.7,8.0,0.9,215,9,5.6,7.3,0.8,214,10,306,28.98,,0,0,0,76.5,71.1,70.0,0.15,0.14,0.09
EDIN,2017-08-21 15:10:00 EDT,43.22819,-74.11293,1065,78.3,77.7,78.3,57.7,62.1,0.000,0.000,0.00,0.000,4.8,7.2,0.9,219,12,5.0,7.6,1.1,219,12,4.8,7.2,0.9,219,12,340,,,0,0,0,76.5,71.1,70.0,0.15,0.14,0.09
EDIN,2017-08-21 15:15:00 EDT,43.22819,-74.11293,1065,78.8,78.1,78.8,57.4,62.5,0.000,0.000,0.00,0.000,5.2,8.3,1.3,215,10,5.5,8.3,1.3,215,10,5.2,8.3,1.3,215,10,377,,,0,0,0,76.5,71.1,70.0,0.15,0.14,0.09
EDIN,2017-08-21 15:20:00 EDT,43.22819,-74.11293,1065,79.1,78.3,79.1,56.2,62.2,0.000,0.000,0.00,0.000,6.1,8.5,1.0,215,10,6.2,9.1,1.2,214,9,6.1,8.5,1.0,215,10,413,,,0,0,0,76.5,71.1,70.0,0.15,0.14,0.09
EDIN,2017-08-21 15:25:00 EDT,43.22819,-74.11293,1065,79.4,78.6,79.4,55.6,62.2,0.000,0.000,0.00,0.000,5.6,7.7,0.8,215,13,5.8,8.2,0.9,216,12,5.6,7.7,0.8,215,13,448,,,0,0,0,76.5,71.1,70.0,0.15,0.14,0.09
EDIN,2017-08-21 15:30:00 EDT,43.22819,-74.11293,1065,79.7,78.7,79.7,56.2,62.7,0.000,0.000,0.00,0.000,5.5,8.0,1.0,209,10,5.9,8.6,1.1,210,10,5.5,8.0,1.0,209,10,481,,,0,0,0,76.5,71.1,70.0,0.15,0.14,0.09
EDIN,2017-08-21 15:35:00 EDT,43.22819,-74.11293,1065,79.9,78.8,79.9,55.2,62.4,0.000,0.000,0.00,0.000,6.8,9.3,1.2,209,10,7.1,10.1,1.2,209,10,6.8,9.3,1.2,209,10,509,,,0,0,0,76.5,71.1,70.0,0.14,0.14,0.09
EDIN,2017-08-21 15:40:00 EDT,43.22819,-74.11293,1065,80.3,79.3,81.6,54.7,62.5,0.000,0.000,0.00,0.000,6.4,9.5,1.6,211,17,6.7,9.7,1.6,210,18,6.4,9.5,1.6,211,17,536,28.98,,0,0,0,76.5,71.1,70.0,0.15,0.14,0.09
EDIN,2017-08-21 15:45:00 EDT,43.22819,-74.11293,1065,80.7,79.7,81.9,53.9,62.4,0.000,0.000,0.00,0.000,5.9,9.0,1.3,212,11,6.2,9.5,1.4,214,11,5.9,9.0,1.3,212,11,555,,,0,0,0,76.5,71.3,70.0,0.15,0.14,0.09
EDIN,2017-08-21 15:50:00 EDT,43.22819,-74.11293,1065,80.9,79.7,81.9,52.2,61.7,0.000,0.000,0.00,0.000,7.5,9.8,1.0,205,13,7.8,9.9,1.0,205,12,7.5,9.8,1.0,205,13,566,,,0,0,0,76.5,71.4,70.0,0.15,0.14,0.09
EDIN,2017-08-21 15:55:00 EDT,43.22819,-74.11293,1065,81.4,80.2,82.4,52.1,62.1,0.000,0.000,0.00,0.000,7.4,10.2,1.6,213,11,7.6,10.4,1.7,214,13,7.4,10.2,1.6,213,11,570,,,0,0,0,76.5,71.4,70.0,0.15,0.14,0.09
EDIN,2017-08-21 16:00:00 EDT,43.22819,-74.11293,1065,81.3,80.2,82.3,51.9,62.0,0.000,0.000,0.00,0.000,6.4,8.2,1.1,232,15,6.7,10.6,1.3,233,16,6.4,8.2,1.1,232,15,567,,,0,0,0,76.5,71.4,70.0,0.15,0.14,0.09
EDIN,2017-08-21 16:05:00 EDT,43.22819,-74.11293,1065,81.3,80.1,82.3,51.6,61.8,0.000,0.000,0.00,0.000,6.9,11.3,1.8,225,20,7.5,12.0,1.9,227,19,6.9,11.3,1.8,225,20,556,,,0,0,0,76.5,71.4,70.0,0.15,0.14,0.09
EDIN,2017-08-21 16:10:00 EDT,43.22819,-74.11293,1065,81.6,80.3,82.5,51.0,61.8,0.000,0.000,0.00,0.000,7.9,11.7,1.6,218,17,8.2,11.9,1.7,219,17,7.9,11.7,1.6,218,17,547,,,0,0,0,76.6,71.4,70.0,0.15,0.14,0.09
EDIN,2017-08-21 16:15:00 EDT,43.22819,-74.11293,1065,81.1,80.0,82.1,51.4,61.5,0.000,0.000,0.00,0.000,8.6,12.3,1.6,223,12,8.8,12.8,1.7,223,12,8.6,12.3,1.6,223,12,533,28.97,,0,0,0,76.8,71.4,70.0,0.15,0.14,0.09
EDIN,2017-08-21 16:20:00 EDT,43.22819,-74.11293,1065,81.1,79.9,82.0,51.4,61.4,0.000,0.000,0.00,0.000,8.0,12.1,1.7,214,14,8.2,12.8,1.7,214,13,8.0,12.1,1.7,214,14,518,,,0,0,0,76.8,71.4,70.0,0.15,0.13,0.09
EDIN,2017-08-21 16:25:00 EDT,43.22819,-74.11293,1065,81.1,79.9,82.1,51.6,61.6,0.000,0.000,0.00,0.000,7.9,11.3,1.5,189,10,8.5,13.0,1.6,190,9,7.9,11.3,1.5,189,10,506,,,0,0,0,76.8,71.4,70.0,0.15,0.14,0.09
EDIN,2017-08-21 16:30:00 EDT,43.22819,-74.11293,1065,81.0,80.1,82.0,51.9,61.7,0.000,0.000,0.00,0.000,6.2,8.4,1.3,218,13,6.4,9.1,1.3,220,12,6.2,8.4,1.3,218,13,497,,,0,0,0,76.8,71.4,70.0,0.15,0.13,0.09
EDIN,2017-08-21 16:35:00 EDT,43.22819,-74.11293,1065,81.2,80.1,82.2,52.0,61.9,0.000,0.000,0.00,0.000,6.6,10.4,1.6,211,12,6.8,11.7,1.5,211,13,6.6,10.4,1.6,211,12,483,,,0,0,0,76.8,71.4,70.0,0.14,0.13,0.09
EDIN,2017-08-21 16:40:00 EDT,43.22819,-74.11293,1065,81.2,80.1,82.3,53.0,62.4,0.000,0.000,0.00,0.000,7.1,11.2,1.5,198,13,7.5,12.7,1.6,197,12,7.1,11.2,1.5,198,13,466,,,0,0,0,76.8,71.4,70.0,0.15,0.13,0.09
EDIN,2017-08-21 16:45:00 EDT,43.22819,-74.11293,1065,80.7,79.8,81.7,52.1,61.5,0.000,0.000,0.00,0.000,8.8,13.2,1.6,196,11,9.3,13.4,1.5,196,10,8.8,13.2,1.6,196,11,443,,,0,0,0,76.8,71.4,70.0,0.15,0.13,0.09
EDIN,2017-08-21 16:50:00 EDT,43.22819,-74.11293,1065,80.8,80.0,81.7,51.7,61.3,0.000,0.000,0.00,0.000,8.1,12.8,1.7,204,15,8.4,16.0,1.6,205,14,8.1,12.8,1.7,204,15,429,28.96,,0,0,0,76.8,71.4,70.0,0.14,0.13,0.09
EDIN,2017-08-21 16:55:00 EDT,43.22819,-74.11293,1065,81.1,80.2,81.9,51.0,61.2,0.000,0.000,0.00,0.000,8.9,13.5,2.0,205,12,9.1,13.7,2.1,205,11,8.9,13.5,2.0,205,12,419,,,0,0,0,76.8,71.4,70.0,0.14,0.13,0.09
EDIN,2017-08-21 17:00:00 EDT,43.22819,-74.11293,1065,80.9,80.2,81.8,50.9,61.1,0.000,0.000,0.00,0.000,8.4,11.3,1.3,210,9,8.6,11.8,1.4,211,9,8.4,11.3,1.3,210,9,409,,,0,0,0,76.8,71.4,70.0,0.14,0.13,0.09
EDIN,2017-08-21 17:05:00 EDT,43.22819,-74.11293,1065,80.9,80.2,81.9,51.4,61.3,0.000,0.000,0.00,0.000,8.7,11.9,1.7,212,10,9.0,12.6,1.8,212,8,8.7,11.9,1.7,212,10,393,,,0,0,0,76.9,71.4,70.0,0.14,0.13,0.09
EDIN,2017-08-21 17:10:00 EDT,43.22819,-74.11293,1065,80.7,80.0,81.7,52.1,61.6,0.000,0.000,0.00,0.000,7.9,10.4,1.3,213,12,8.2,11.1,1.2,213,11,7.9,10.4,1.3,213,12,373,,,0,0,0,77.1,71.4,70.0,0.14,0.13,0.09
EDIN,2017-08-21 17:15:00 EDT,43.22819,-74.11293,1065,80.6,80.0,81.8,53.3,62.1,0.000,0.000,0.00,0.000,6.4,9.6,1.3,212,12,6.7,10.0,1.3,213,12,6.4,9.6,1.3,212,12,337,,,0,0,0,77.2,71.4,70.0,0.14,0.13,0.09
EDIN,2017-08-21 17:20:00 EDT,43.22819,-74.11293,1065,80.6,79.9,81.7,53.2,62.0,0.000,0.000,0.00,0.000,7.0,12.1,1.4,200,11,7.4,13.1,1.5,199,8,7.0,12.1,1.4,200,11,345,,,0,0,0,77.2,71.6,70.0,0.14,0.13,0.09
EDIN,2017-08-21 17:25:00 EDT,43.22819,-74.11293,1065,80.7,80.0,81.7,52.5,61.7,0.000,0.000,0.00,0.000,5.7,8.1,1.1,212,15,6.1,9.4,1.2,213,14,5.7,8.1,1.1,212,15,331,28.96,,0,0,0,77.2,71.7,70.0,0.14,0.13,0.09
EDIN,2017-08-21 17:30:00 EDT,43.22819,-74.11293,1065,80.7,80.1,81.9,53.7,62.4,0.000,0.000,0.00,0.000,4.9,7.0,1.1,204,17,5.1,8.6,1.1,206,16,4.9,7.0,1.1,204,17,319,,,0,0,0,77.2,71.8,70.0,0.14,0.13,0.09
EDIN,2017-08-21 17:35:00 EDT,43.22819,-74.11293,1065,80.4,79.8,81.4,52.9,61.6,0.000,0.000,0.00,0.000,6.4,9.3,0.9,203,11,6.6,10.2,1.2,204,11,6.4,9.3,0.9,203,11,308,,,0,0,0,77.2,71.8,70.0,0.15,0.13,0.09
EDIN,2017-08-21 17:40:00 EDT,43.22819,-74.11293,1065,80.4,79.8,81.5,53.3,61.8,0.000,0.000,0.00,0.000,6.8,10.2,1.6,201,13,7.2,11.2,1.5,201,12,6.8,10.2,1.6,201,13,294,,,0,0,0,77.2,71.8,70.0,0.14,0.13,0.09
EDIN,2017-08-21 17:45:00 EDT,43.22819,-74.11293,1065,80.2,79.8,81.4,53.2,61.7,0.000,0.000,0.00,0.000,5.2,7.6,1.1,203,14,5.6,8.2,1.2,204,13,5.2,7.6,1.1,203,14,283,,,0,0,0,77.2,71.8,70.0,0.14,0.13,0.09
EDIN,2017-08-21 17:50:00 EDT,43.22819,-74.11293,1065,80.1,79.7,81.2,52.7,61.3,0.000,0.000,0.00,0.000,5.6,10.2,1.7,203,12,6.0,10.9,1.7,204,11,5.6,10.2,1.7,203,12,272,,,0,0,0,77.2,71.8,70.0,0.14,0.13,0.09
EDIN,2017-08-21 17:55:00 EDT,43.22819,-74.11293,1065,80.0,79.6,81.2,53.2,61.5,0.000,0.000,0.00,0.000,6.5,9.3,1.0,214,13,6.7,9.8,1.1,214,13,6.5,9.3,1.0,214,13,254,,,0,0,0,77.2,71.8,70.0,0.14,0.13,0.09
EDIN,2017-08-21 18:00:00 EDT,43.22819,-74.11293,1065,79.9,79.5,79.9,52.9,61.2,0.000,0.000,0.00,0.000,7.0,10.4,1.7,216,10,7.2,11.0,1.8,216,9,7.0,10.4,1.7,216,10,241,28.95,,0,0,0,77.2,71.8,70.0,0.14,0.13,0.09
EDIN,2017-08-21 18:05:00 EDT,43.22819,-74.11293,1065,79.5,79.3,79.5,53.2,61.0,0.000,0.000,0.00,0.000,7.5,10.0,1.2,217,9,7.7,10.6,1.3,217,9,7.5,10.0,1.2,217,9,226,,,0,0,0,77.2,71.8,70.0,0.14,0.13,0.09
EDIN,2017-08-21 18:10:00 EDT,43.22819,-74.11293,1065,79.4,79.2,79.4,54.3,61.5,0.000,0.000,0.00,0.000,6.3,10.1,1.3,224,11,6.4,9.8,1.2,225,11,6.3,10.1,1.3,224,11,213,,,0,0,0,77.2,71.8,70.0,0.14,0.13,0.09
EDIN,2017-08-21 18:15:00 EDT,43.22819,-74.11293,1065,79.3,79.1,79.3,54.9,61.6,0.000,0.000,0.00,0.000,6.3,9.4,1.4,222,9,6.4,10.2,1.5,222,9,6.3,9.4,1.4,222,9,202,,,0,0,0,77.2,71.8,70.0,0.14,0.14,0.09
EDIN,2017-08-21 18:20:00 EDT,43.22819,-74.11293,1065,79.2,79.0,79.2,55.3,61.8,0.000,0.000,0.00,0.000,5.6,8.5,1.2,225,11,5.8,8.8,1.2,225,11,5.6,8.5,1.2,225,11,187,,,0,0,0,77.2,71.8,70.0,0.14,0.13,0.09
EDIN,2017-08-21 18:25:00 EDT,43.22819,-74.11293,1065,79.0,78.9,79.0,56.0,62.0,0.000,0.000,0.00,0.000,5.0,8.2,1.3,222,10,5.0,8.6,1.3,223,9,5.0,8.2,1.3,222,10,171,,,0,0,0,77.2,71.8,70.0,0.14,0.14,0.09
EDIN,2017-08-21 18:30:00 EDT,43.22819,-74.11293,1065,78.8,78.7,78.8,56.3,61.9,0.000,0.000,0.00,0.000,4.9,7.2,0.9,230,11,5.1,7.5,1.0,232,10,4.9,7.2,0.9,230,11,157,,,0,0,0,77.2,71.8,70.0,0.14,0.13,0.09
EDIN,2017-08-21 18:35:00 EDT,43.22819,-74.11293,1065,78.5,78.4,78.5,57.2,62.1,0.000,0.000,0.00,0.000,4.9,7.1,1.0,231,10,5.0,6.7,1.0,233,10,4.9,7.1,1.0,231,10,145,28.95,,0,0,0,77.2,71.9,70.0,0.14,0.14,0.09
EDIN,2017-08-21 18:40:00 EDT,43.22819,-74.11293,1065,78.2,78.2,78.2,58.4,62.4,0.000,0.000,0.00,0.000,3.7,6.6,0.9,232,12,3.7,6.8,1.1,234,12,3.7,6.6,0.9,232,12,134,,,0,0,0,77.2,72.1,70.0,0.14,0.13,0.09
EDIN,2017-08-21 18:45:00 EDT,43.22819,-74.11293,1065,77.9,77.9,77.9,59.0,62.4,0.000,0.000,0.00,0.000,3.3,5.7,1.0,238,13,3.4,5.9,1.1,239,12,3.3,5.7,1.0,238,13,121,,,0,0,0,77.1,72.3,70.0,0.14,0.13,0.09
EDIN,2017-08-21 18:50:00 EDT,43.22819,-74.11293,1065,77.1,77.3,77.1,60.8,62.6,0.000,0.000,0.00,0.000,2.0,3.6,0.5,247,16,2.1,3.2,0.5,249,16,2.0,3.6,0.5,247,16,108,,,0,0,0,77.0,72.3,70.0,0.14,0.13,0.09
EDIN,2017-08-21 18:55:00 EDT,43.22819,-74.11293,1065,76.7,77.1,76.7,62.5,62.9,0.000,0.000,0.00,0.000,2.0,3.1,0.4,258,15,2.3,3.8,0.5,260,16,2.0,3.1,0.4,258,15,97,,,0,0,0,76.8,72.3,70.0,0.14,0.13,0.09
EDIN,2017-08-21 19:00:00 EDT,43.22819,-74.11293,1065,74.7,76.9,74.7,70.6,64.4,0.000,0.000,0.00,0.000,2.4,3.2,0.4,274,13,2.6,3.7,0.5,278,12,2.4,3.2,0.4,274,13,83,,,0,0,0,76.8,72.3,70.0,0.14,0.13,0.09
EDIN,2017-08-21 19:05:00 EDT,43.22819,-74.11293,1065,73.2,76.5,73.2,76.2,65.3,0.000,0.000,0.00,0.000,2.2,3.0,0.4,291,15,2.3,4.0,0.5,294,14,2.2,3.0,0.4,291,15,69,,,0,0,0,76.8,72.3,70.0,0.14,0.13,0.09
EDIN,2017-08-21 19:10:00 EDT,43.22819,-74.11293,1065,72.4,76.3,72.4,80.1,65.9,0.000,0.000,0.00,0.000,1.7,2.3,0.2,312,10,1.7,2.4,0.2,312,8,1.7,2.3,0.2,312,10,46,28.94,,0,0,0,76.8,72.3,70.0,0.14,0.13,0.09
EDIN,2017-08-21 19:15:00 EDT,43.22819,-74.11293,1065,71.5,76.0,71.5,82.3,65.8,0.000,0.000,0.00,0.000,2.0,2.3,0.2,314,5,1.8,2.6,0.2,313,4,2.0,2.3,0.2,314,5,31,,,0,0,0,76.8,72.3,70.0,0.14,0.13,0.09
EDIN,2017-08-21 19:20:00 EDT,43.22819,-74.11293,1065,70.8,75.4,70.8,83.9,65.7,0.000,0.000,0.00,0.000,2.2,2.4,0.1,322,6,2.0,2.4,0.2,320,6,2.2,2.4,0.1,322,6,18,,,0,0,0,76.8,72.3,70.0,0.14,0.13,0.09
EDIN,2017-08-21 19:25:00 EDT,43.22819,-74.11293,1065,70.3,73.8,70.3,84.4,65.4,0.000,0.000,0.00,0.000,2.1,2.4,0.1,337,3,2.4,2.8,0.1,339,3,2.1,2.4,0.1,337,3,13,,,0,0,0,76.8,72.3,70.0,0.14,0.13,0.09
EDIN,2017-08-21 19:30:00 EDT,43.22819,-74.11293,1065,70.0,72.2,70.0,84.7,65.2,0.000,0.000,0.00,0.000,3.4,3.9,0.3,328,2,3.4,4.2,0.4,328,2,3.4,3.9,0.3,328,2,10,,,0,0,0,76.8,72.3,70.0,0.14,0.13,0.09
EDIN,2017-08-21 19:35:00 EDT,43.22819,-74.11293,1065,69.5,71.3,69.5,85.5,65.0,0.000,0.000,0.00,0.000,3.7,4.0,0.1,321,3,3.8,4.2,0.2,322,3,3.7,4.0,0.1,321,3,8,,,0,0,0,76.8,72.3,70.0,0.14,0.13,0.09
EDIN,2017-08-21 19:40:00 EDT,43.22819,-74.11293,1065,68.8,70.5,68.8,87.6,65.0,0.000,0.000,0.00,0.000,3.0,3.7,0.3,312,4,2.8,3.7,0.5,313,3,3.0,3.7,0.3,312,4,7,,,0,0,0,76.8,72.3,70.0,0.14,0.13,0.09
EDIN,2017-08-21 19:45:00 EDT,43.22819,-74.11293,1065,68.5,70.0,68.5,87.9,64.8,0.000,0.000,0.00,0.000,1.9,2.8,0.6,298,21,1.9,3.1,0.5,298,22,1.9,2.8,0.6,298,21,6,28.95,,0,0,0,76.6,72.3,70.0,0.14,0.13,0.09
EDIN,2017-08-21 19:50:00 EDT,43.22819,-74.11293,1065,68.4,70.1,68.4,88.6,64.9,0.000,0.000,0.00,0.000,3.8,4.8,0.6,324,3,3.8,5.1,0.9,324,4,3.8,4.8,0.6,324,3,4,,,0,0,0,76.5,72.3,70.0,0.14,0.13,0.09
EDIN,2017-08-21 19:55:00 EDT,43.22819,-74.11293,1065,68.3,70.6,68.3,89.3,65.0,0.000,0.000,0.00,0.000,4.3,4.7,0.3,326,3,4.4,5.3,0.4,327,4,4.3,4.7,0.3,326,3,2,,,0,0,0,76.5,72.3,70.0,0.14,0.13,0.09
EDIN,2017-08-21 20:00:00 EDT,43.22819,-74.11293,1065,68.7,70.9,68.7,88.5,65.2,0.000,0.000,0.00,0.000,3.9,4.5,0.3,329,3,4.0,4.8,0.4,330,4,3.9,4.5,0.3,329,3,2,,,0,0,0,76.5,72.3,70.0,0.14,0.13,0.09
EDIN,2017-08-21 20:05:00 EDT,43.22819,-74.11293,1065,68.6,71.7,68.6,88.7,65.1,0.000,0.000,0.00,0.000,3.2,3.8,0.3,331,6,3.4,4.3,0.5,332,7,3.2,3.8,0.3,331,6,1,,,0,0,0,76.5,72.3,70.0,0.14,0.13,0.09
EDIN,2017-08-21 20:10:00 EDT,43.22819,-74.11293,1065,68.7,70.1,68.7,89.0,65.3,0.000,0.000,0.00,0.000,3.8,4.8,0.6,324,6,3.8,4.9,0.6,324,7,3.8,4.8,0.6,324,6,0,,,0,0,0,76.5,72.3,70.0,0.14,0.13,0.09
EDIN,2017-08-21 20:15:00 EDT,43.22819,-74.11293,1065,69.1,69.9,69.1,87.8,65.3,0.000,0.000,0.00,0.000,4.4,5.0,0.3,324,5,4.5,5.2,0.4,325,5,4.4,5.0,0.3,324,5,0,,,0,0,0,76.5,72.3,70.0,0.14,0.13,0.09
EDIN,2017-08-21 20:20:00 EDT,43.22819,-74.11293,1065,68.9,69.9,68.9,87.1,65.0,0.000,0.000,0.00,0.000,3.6,4.2,0.3,327,5,3.9,4.8,0.5,328,5,3.6,4.2,0.3,327,5,0,28.95,,0,0,0,76.4,72.3,70.0,0.14,0.14,0.09
EDIN,2017-08-21 20:25:00 EDT,43.22819,-74.11293,1065,68.7,69.6,68.7,87.7,64.9,0.000,0.000,0.00,0.000,2.1,3.7,0.8,332,9,2.2,4.1,0.8,332,10,2.1,3.7,0.8,332,9,0,,,0,0,0,76.1,72.4,70.0,0.14,0.13,0.09
EDIN,2017-08-21 20:30:00 EDT,43.22819,-74.11293,1065,68.3,70.2,68.3,88.4,64.8,0.000,0.000,0.00,0.000,1.9,2.8,0.8,327,4,1.9,2.8,0.6,326,5,1.9,2.8,0.8,327,4,0,,,0,0,0,75.9,72.4,70.0,0.14,0.14,0.09
EDIN,2017-08-21 20:35:00 EDT,43.22819,-74.11293,1065,67.8,69.1,67.8,89.7,64.7,0.000,0.000,0.00,0.000,3.5,4.2,0.3,325,6,3.4,4.4,0.5,325,6,3.5,4.2,0.3,325,6,0,,,0,0,0,75.9,72.5,70.0,0.14,0.14,0.09
EDIN,2017-08-21 20:40:00 EDT,43.22819,-74.11293,1065,67.6,68.9,67.6,90.6,64.8,0.000,0.000,0.00,0.000,3.8,5.0,0.4,318,6,3.9,5.2,0.6,319,6,3.8,5.0,0.4,318,6,0,,,0,0,0,75.9,72.6,70.0,0.14,0.14,0.09
EDIN,2017-08-21 20:45:00 EDT,43.22819,-74.11293,1065,67.4,68.6,67.4,90.7,64.6,0.000,0.000,0.00,0.000,3.3,4.9,0.9,330,5,3.4,5.0,1.0,331,6,3.3,4.9,0.9,330,5,0,,,0,0,0,75.9,72.7,70.0,0.14,0.14,0.09
EDIN,2017-08-21 20:50:00 EDT,43.22819,-74.11293,1065,67.1,68.5,67.1,91.0,64.4,0.000,0.000,0.00,0.000,1.7,2.8,0.4,336,5,1.9,2.7,0.3,337,6,1.7,2.8,0.4,336,5,0,,,0,0,0,75.9,72.7,70.0,0.14,0.14,0.09
EDIN,2017-08-21 20:55:00 EDT,43.22819,-74.11293,1065,66.9,68.3,66.9,91.2,64.2,0.000,0.000,0.00,0.000,2.1,3.2,0.4,332,4,2.2,3.2,0.4,332,6,2.1,3.2,0.4,332,4,0,28.95,,0,0,0,75.9,72.7,70.0,0.14,0.14,0.09
EDIN,2017-08-21 21:00:00 EDT,43.22819,-74.11293,1065,66.7,68.0,66.7,91.3,64.1,0.000,0.000,0.00,0.000,2.8,3.7,0.3,334,4,3.0,3.8,0.3,336,5,2.8,3.7,0.3,334,4,0,,,0,0,0,75.6,72.7,70.0,0.14,0.14,0.09
EDIN,2017-08-21 21:05:00 EDT,43.22819,-74.11293,1065,66.6,67.6,66.6,91.6,64.1,0.000,0.000,0.00,0.000,4.0,4.8,0.5,331,3,4.2,4.9,0.5,332,3,4.0,4.8,0.5,331,3,0,,,0,0,0,75.6,72.7,70.0,0.14,0.14,0.09
EDIN,2017-08-21 21:10:00 EDT,43.22819,-74.11293,1065,66.5,67.3,66.5,91.6,64.0,0.000,0.000,0.00,0.000,3.7,4.7,0.5,330,5,3.9,4.9,0.6,331,6,3.7,4.7,0.5,330,5,0,,,0,0,0,75.6,72.7,70.0,0.14,0.14,0.09
EDIN,2017-08-21 21:15:00 EDT,43.22819,-74.11293,1065,66.4,67.3,66.4,91.6,63.9,0.000,0.000,0.00,0.000,2.8,4.2,0.8,342,17,3.0,4.6,0.8,344,18,2.8,4.2,0.8,342,17,0,,,0,0,0,75.6,72.7,70.0,0.14,0.13,0.09
EDIN,2017-08-21 21:20:00 EDT,43.22819,-74.11293,1065,66.4,67.3,66.4,91.3,63.8,0.000,0.000,0.00,0.000,1.2,2.6,0.7,337,20,1.5,2.7,0.5,339,18,1.2,2.6,0.7,337,20,0,,,0,0,0,75.6,72.7,70.0,0.14,0.13,0.09
EDIN,2017-08-21 21:25:00 EDT,43.22819,-74.11293,1065,66.1,67.6,66.1,91.2,63.4,0.000,0.000,0.00,0.000,2.0,3.1,0.6,339,11,2.3,3.6,0.5,341,11,2.0,3.1,0.6,339,11,0,,,0,0,0,75.6,72.7,70.0,0.14,0.13,0.09
EDIN,2017-08-21 21:30:00 EDT,43.22819,-74.11293,1065,66.0,67.2,66.0,91.0,63.3,0.000,0.000,0.00,0.000,4.3,5.4,0.6,331,7,4.6,5.8,0.7,333,8,4.3,5.4,0.6,331,7,0,28.94,,0,0,0,75.6,72.7,70.0,0.14,0.13,0.09
EDIN,2017-08-21 21:35:00 EDT,43.22819,-74.11293,1065,65.9,67.0,65.9,90.9,63.1,0.000,0.000,0.00,0.000,2.6,4.6,1.1,342,10,3.1,4.8,1.0,345,11,2.6,4.6,1.1,342,10,0,,,0,0,0,75.3,72.7,70.0,0.14,0.13,0.09
EDIN,2017-08-21 21:40:00 EDT,43.22819,-74.11293,1065,65.7,66.7,65.7,91.1,63.0,0.000,0.000,0.00,0.000,2.6,3.6,0.6,330,7,2.7,3.8,0.6,330,9,2.6,3.6,0.6,330,7,0,,,0,0,0,75.0,72.7,70.0,0.14,0.13,0.09
EDIN,2017-08-21 21:45:00 EDT,43.22819,-74.11293,1065,65.6,66.4,65.6,91.1,63.0,0.000,0.000,0.00,0.000,1.0,3.1,0.6,12,26,1.2,3.3,0.6,14,30,1.0,3.1,0.6,12,26,0,,,0,0,0,75.0,72.7,70.0,0.14,0.13,0.09
EDIN,2017-08-21 21:50:00 EDT,43.22819,-74.11293,1065,65.5,66.4,65.5,91.8,63.1,0.000,0.000,0.00,0.000,1.6,2.4,0.5,353,33,1.8,2.5,0.4,354,32,1.6,2.4,0.5,353,33,0,,,0,0,0,75.0,72.7,70.0,0.14,0.13,0.09
EDIN,2017-08-21 21:55:00 EDT,43.22819,-74.11293,1065,64.9,66.3,64.9,91.9,62.5,0.000,0.000,0.00,0.000,2.1,2.6,0.2,343,5,2.6,3.0,0.3,346,5,2.1,2.6,0.2,343,5,0,,,0,0,0,75.0,72.7,70.0,0.14,0.13,0.09
EDIN,2017-08-21 22:00:00 EDT,43.22819,-74.11293,1065,64.7,65.9,64.7,92.6,62.5,0.000,0.000,0.00,0.000,2.6,3.9,0.5,340,4,3.1,4.7,0.5,343,5,2.6,3.9,0.5,340,4,0,,,0,0,0,75.0,72.7,70.0,0.14,0.13,0.09
EDIN,2017-08-21 22:05:00 EDT,43.22819,-74.11293,1065,64.8,65.9,64.8,92.8,62.7,0.000,0.000,0.00,0.000,3.2,3.8,0.3,335,5,3.5,4.3,0.3,337,6,3.2,3.8,0.3,335,5,0,28.94,,0,0,0,74.9,72.7,70.0,0.14,0.13,0.09
EDIN,2017-08-21 22:10:00 EDT,43.22819,-74.11293,1065,64.7,65.4,64.7,92.9,62.6,0.000,0.000,0.00,0.000,3.4,4.2,0.3,329,4,3.5,4.5,0.5,329,5,3.4,4.2,0.3,329,4,0,,,0,0,0,74.7,72.7,70.0,0.14,0.13,0.09
EDIN,2017-08-21 22:15:00 EDT,43.22819,-74.11293,1065,64.6,65.1,64.6,92.9,62.5,0.000,0.000,0.00,0.000,3.4,4.0,0.3,325,4,3.4,4.5,0.4,325,5,3.4,4.0,0.3,325,4,0,,,0,0,0,74.7,72.7,70.0,0.14,0.13,0.09
EDIN,2017-08-21 22:20:00 EDT,43.22819,-74.11293,1065,64.5,65.0,64.5,92.9,62.4,0.000,0.000,0.00,0.000,2.6,4.3,0.9,330,11,2.7,5.2,0.9,331,13,2.6,4.3,0.9,330,11,0,,,0,0,0,74.7,72.7,70.0,0.14,0.13,0.09
EDIN,2017-08-21 22:25:00 EDT,43.22819,-74.11293,1065,64.4,65.4,64.4,93.2,62.4,0.000,0.000,0.00,0.000,1.5,2.0,0.4,36,14,1.6,2.3,0.3,34,15,1.5,2.0,0.4,36,14,0,,,0,0,0,74.7,72.7,70.0,0.14,0.13,0.09
EDIN,2017-08-21 22:30:00 EDT,43.22819,-74.11293,1065,64.4,65.4,64.4,93.1,62.4,0.000,0.000,0.00,0.000,2.4,3.4,0.5,336,12,2.6,3.5,0.3,339,14,2.4,3.4,0.5,336,12,0,,,0,0,0,74.7,72.7,70.0,0.14,0.13,0.09
EDIN,2017-08-21 22:35:00 EDT,43.22819,-74.11293,1065,63.9,65.0,63.9,93.4,61.9,0.000,0.000,0.00,0.000,4.3,4.9,0.4,329,3,4.4,5.3,0.5,330,4,4.3,4.9,0.4,329,3,0,,,0,0,0,74.7,72.7,70.0,0.14,0.13,0.09
EDIN,2017-08-21 22:40:00 EDT,43.22819,-74.11293,1065,64.4,65.4,64.4,93.3,62.4,0.000,0.000,0.00,0.000,5.2,6.8,0.7,332,4,5.5,7.0,0.8,333,5,5.2,6.8,0.7,332,4,0,28.94,,0,0,0,74.6,72.7,70.0,0.14,0.13,0.09
EDIN,2017-08-21 22:45:00 EDT,43.22819,-74.11293,1065,64.6,65.3,64.6,92.1,62.3,0.000,0.000,0.00,0.000,5.3,6.6,0.6,334,6,5.8,7.3,0.8,335,6,5.3,6.6,0.6,334,6,0,,,0,0,0,74.4,72.7,70.0,0.14,0.13,0.09
EDIN,2017-08-21 22:50:00 EDT,43.22819,-74.11293,1065,64.7,65.3,64.7,91.7,62.2,0.000,0.000,0.00,0.000,4.0,5.2,0.7,329,6,4.2,5.7,0.9,331,6,4.0,5.2,0.7,329,6,0,,,0,0,0,74.3,72.7,70.0,0.14,0.13,0.09
EDIN,2017-08-21 22:55:00 EDT,43.22819,-74.11293,1065,64.5,65.1,64.5,92.1,62.1,0.000,0.000,0.00,0.000,2.1,3.3,0.5,334,11,2.3,3.5,0.5,335,10,2.1,3.3,0.5,334,11,0,,,0,0,0,74.3,72.7,70.0,0.14,0.13,0.09
EDIN,2017-08-21 23:00:00 EDT,43.22819,-74.11293,1065,64.2,64.9,64.2,92.5,62.0,0.000,0.000,0.00,0.000,1.9,2.6,0.4,339,8,2.2,3.0,0.4,341,9,1.9,2.6,0.4,339,8,0,,,0,0,0,74.3,72.7,70.0,0.14,0.13,0.09
EDIN,2017-08-21 23:05:00 EDT,43.22819,-74.11293,1065,63.9,64.6,63.9,93.3,61.9,0.000,0.000,0.00,0.000,2.5,3.9,0.9,328,6,2.6,4.0,0.8,328,8,2.5,3.9,0.9,328,6,0,,,0,0,0,74.3,72.7,70.0,0.14,0.13,0.09
EDIN,2017-08-21 23:10:00 EDT,43.22819,-74.11293,1065,63.8,64.4,63.8,93.4,61.8,0.000,0.000,0.00,0.000,1.3,2.7,0.7,355,16,1.5,3.0,0.7,357,16,1.3,2.7,0.7,355,16,0,,,0,0,0,74.3,72.7,70.0,0.14,0.13,0.09
EDIN,2017-08-21 23:15:00 EDT,43.22819,-74.11293,1065,63.9,64.5,63.9,93.8,62.1,0.000,0.000,0.00,0.000,0.0,0.0,0.0,0,0,0.4,1.1,0.4,88,12,0.0,0.0,0.0,0,0,0,28.94,,0,0,0,74.2,72.7,70.0,0.14,0.13,0.09
EDIN,2017-08-21 23:20:00 EDT,43.22819,-74.11293,1065,63.8,65.4,63.8,93.7,62.0,0.000,0.000,0.00,0.000,1.3,2.1,0.4,360,24,1.6,2.4,0.4,2,23,1.3,2.1,0.4,360,24,0,,,0,0,0,74.0,72.7,70.0,0.14,0.13,0.09
EDIN,2017-08-21 23:25:00 EDT,43.22819,-74.11293,1065,63.5,64.7,63.5,93.7,61.6,0.000,0.000,0.00,0.000,2.3,3.1,0.4,332,10,2.4,3.0,0.3,333,10,2.3,3.1,0.4,332,10,0,,,0,0,0,73.9,72.7,70.0,0.14,0.13,0.09
EDIN,2017-08-21 23:30:00 EDT,43.22819,-74.11293,1065,63.2,64.1,63.2,94.4,61.5,0.000,0.000,0.00,0.000,3.0,3.7,0.3,322,6,3.0,3.9,0.4,321,7,3.0,3.7,0.3,322,6,0,,,0,0,0,73.9,72.7,70.0,0.14,0.13,0.09
EDIN,2017-08-21 23:35:00 EDT,43.22819,-74.11293,1065,63.2,64.3,63.2,95.0,61.7,0.000,0.000,0.00,0.000,2.9,4.2,0.6,319,7,2.9,4.6,0.8,318,7,2.9,4.2,0.6,319,7,0,,,0,0,0,73.9,72.7,70.0,0.14,0.13,0.09
EDIN,2017-08-21 23:40:00 EDT,43.22819,-74.11293,1065,63.2,64.7,63.2,94.8,61.7,0.000,0.000,0.00,0.000,3.0,3.8,0.4,325,6,2.8,3.9,0.4,325,6,3.0,3.8,0.4,325,6,0,,,0,0,0,73.9,72.7,70.0,0.14,0.13,0.09
EDIN,2017-08-21 23:45:00 EDT,43.22819,-74.11293,1065,63.1,63.9,63.1,94.8,61.6,0.000,0.000,0.00,0.000,3.8,4.6,0.4,324,5,3.7,4.8,0.5,324,6,3.8,4.6,0.4,324,5,0,,,0,0,0,73.9,72.7,70.0,0.14,0.13,0.09
EDIN,2017-08-21 23:50:00 EDT,43.22819,-74.11293,1065,63.1,63.7,63.1,95.0,61.6,0.000,0.000,0.00,0.000,4.7,6.0,0.6,323,5,4.8,6.1,0.6,323,5,4.7,6.0,0.6,323,5,0,28.94,,0,0,0,73.9,72.7,70.0,0.14,0.13,0.09
EDIN,2017-08-21 23:55:00 EDT,43.22819,-74.11293,1065,63.1,64.1,63.1,95.2,61.7,0.000,0.000,0.00,0.000,5.5,6.4,0.5,328,7,5.7,6.7,0.4,330,7,5.5,6.4,0.5,328,7,0,,,0,0,0,73.8,72.7,70.0,0.14,0.13,0.09
EDWA,2017-08-21 00:00:00 EDT,44.32177,-75.24413,682,60.5,63.2,60.5,96.3,59.5,0.000,0.000,0.00,0.000,3.7,5.1,0.6,158,8,4.1,5.7,0.7,162,9,3.7,5.1,0.6,158,8,0,29.38,,0,0,0,70.3,69.3,67.5,0.42,0.42,0.35
EDWA,2017-08-21 00:05:00 EDT,44.32177,-75.24413,682,60.6,63.0,60.6,96.2,59.5,0.000,0.000,0.00,0.000,3.4,4.7,0.8,164,8,3.7,5.6,0.8,167,9,3.4,4.7,0.8,164,8,0,29.38,,0,0,0,70.3,69.3,67.5,0.42,0.42,0.35
EDWA,2017-08-21 00:10:00 EDT,44.32177,-75.24413,682,60.7,63.1,60.7,95.8,59.5,0.000,0.000,0.00,0.000,3.9,5.4,0.7,165,8,4.3,6.1,0.8,169,8,3.9,5.4,0.7,165,8,0,29.38,,0,0,0,70.1,69.3,67.5,0.42,0.42,0.34
EDWA,2017-08-21 00:15:00 EDT,44.32177,-75.24413,682,60.5,62.9,60.5,95.5,59.2,0.000,0.000,0.00,0.000,3.4,5.1,0.6,166,10,3.8,5.8,0.8,170,10,3.4,5.1,0.6,166,10,0,29.38,,0,0,0,70.0,69.3,67.5,0.42,0.43,0.34
EDWA,2017-08-21 00:20:00 EDT,44.32177,-75.24413,682,60.5,63.1,60.5,95.4,59.2,0.000,0.000,0.00,0.000,3.9,5.0,0.5,169,9,4.4,5.8,0.6,174,9,3.9,5.0,0.5,169,9,0,29.38,,0,0,0,70.0,69.3,67.5,0.42,0.42,0.34
EDWA,2017-08-21 00:25:00 EDT,44.32177,-75.24413,682,60.3,63.0,60.3,95.2,58.9,0.000,0.000,0.00,0.000,3.2,4.5,0.5,164,9,3.6,5.1,0.6,167,9,3.2,4.5,0.5,164,9,0,29.38,,0,0,0,70.0,69.3,67.5,0.42,0.43,0.34
EDWA,2017-08-21 00:30:00 EDT,44.32177,-75.24413,682,60.4,63.0,60.4,95.4,59.1,0.000,0.000,0.00,0.000,2.8,4.7,1.0,170,9,3.2,5.4,1.1,176,10,2.8,4.7,1.0,170,9,0,29.38,,0,0,0,70.0,69.3,67.5,0.42,0.43,0.34
EDWA,2017-08-21 00:35:00 EDT,44.32177,-75.24413,682,60.8,62.6,60.8,95.7,59.6,0.000,0.000,0.00,0.000,1.6,3.1,0.5,164,23,1.9,3.7,0.7,167,25,1.6,3.1,0.5,164,23,0,29.38,,0,0,0,70.0,69.3,67.5,0.42,0.43,0.34
EDWA,2017-08-21 00:40:00 EDT,44.32177,-75.24413,682,60.3,62.5,60.3,95.1,58.9,0.000,0.000,0.00,0.000,1.5,2.6,0.5,169,17,1.8,3.2,0.5,174,19,1.5,2.6,0.5,169,17,0,29.38,,0,0,0,70.0,69.3,67.5,0.42,0.42,0.34
EDWA,2017-08-21 00:45:00 EDT,44.32177,-75.24413,682,59.4,62.4,59.4,94.4,57.8,0.000,0.000,0.00,0.000,1.3,2.7,0.5,162,15,1.7,3.4,0.5,169,15,1.3,2.7,0.5,162,15,0,29.38,,0,0,0,70.0,69.3,67.5,0.42,0.42,0.34
EDWA,2017-08-21 00:50:00 EDT,44.32177,-75.24413,682,59.0,62.0,59.0,95.3,57.7,0.000,0.000,0.00,0.000,1.8,3.4,0.6,173,17,2.1,3.8,0.7,180,19,1.8,3.4,0.6,173,17,0,29.38,,0,0,0,70.0,69.3,67.5,0.42,0.43,0.34
EDWA,2017-08-21 00:55:00 EDT,44.32177,-75.24413,682,59.4,62.2,59.4,96.5,58.4,0.000,0.000,0.00,0.000,2.4,4.7,0.7,182,14,2.8,5.2,0.9,188,12,2.4,4.7,0.7,182,14,0,29.39,,0,0,0,70.0,69.3,67.5,0.42,0.43,0.34
EDWA,2017-08-21 01:00:00 EDT,44.32177,-75.24413,682,59.4,62.2,59.4,96.0,58.3,0.000,0.000,0.00,0.000,2.8,4.0,0.7,180,11,3.2,5.3,0.8,186,10,2.8,4.0,0.7,180,11,0,29.38,,0,0,0,70.0,69.3,67.5,0.42,0.43,0.34
EDWA,2017-08-21 01:05:00 EDT,44.32177,-75.24413,682,59.7,62.1,59.7,95.7,58.5,0.000,0.000,0.00,0.000,3.1,4.8,0.8,171,9,3.5,5.5,0.9,175,9,3.1,4.8,0.8,171,9,0,29.38,,0,0,0,70.0,69.3,67.5,0.42,0.43,0.34
EDWA,2017-08-21 01:10:00 EDT,44.32177,-75.24413,682,59.0,62.2,59.0,95.0,57.6,0.000,0.000,0.00,0.000,3.0,4.0,0.4,166,6,3.5,4.7,0.5,171,7,3.0,4.0,0.4,166,6,0,29.38,,0,0,0,69.7,69.3,67.5,0.41,0.43,0.34
EDWA,2017-08-21 01:15:00 EDT,44.32177,-75.24413,682,59.4,61.7,59.4,96.3,58.4,0.000,0.000,0.00,0.000,2.2,3.7,0.5,171,10,2.7,4.4,0.6,176,12,2.2,3.7,0.5,171,10,0,29.38,,0,0,0,69.6,69.3,67.5,0.42,0.43,0.35
EDWA,2017-08-21 01:20:00 EDT,44.32177,-75.24413,682,58.7,61.3,58.7,95.8,57.5,0.000,0.000,0.00,0.000,2.0,3.1,0.4,181,11,2.4,3.8,0.5,187,11,2.0,3.1,0.4,181,11,0,29.38,,0,0,0,69.6,69.3,67.5,0.41,0.42,0.34
EDWA,2017-08-21 01:25:00 EDT,44.32177,-75.24413,682,58.8,60.9,58.8,96.3,57.7,0.000,0.000,0.00,0.000,1.7,3.0,0.5,169,12,2.1,3.5,0.6,174,15,1.7,3.0,0.5,169,12,0,29.38,,0,0,0,69.6,69.3,67.5,0.41,0.42,0.34
EDWA,2017-08-21 01:30:00 EDT,44.32177,-75.24413,682,59.1,60.7,59.1,96.8,58.2,0.000,0.000,0.00,0.000,1.7,2.3,0.4,175,14,1.9,2.9,0.4,180,16,1.7,2.3,0.4,175,14,0,29.38,,0,0,0,69.6,69.3,67.5,0.41,0.43,0.34
EDWA,2017-08-21 01:35:00 EDT,44.32177,-75.24413,682,59.0,60.4,59.0,97.1,58.2,0.000,0.000,0.00,0.000,1.3,2.0,0.3,170,14,1.8,2.5,0.3,175,17,1.3,2.0,0.3,170,14,0,29.38,,0,0,0,69.6,69.3,67.5,0.41,0.43,0.34
EDWA,2017-08-21 01:40:00 EDT,44.32177,-75.24413,682,59.0,60.2,59.0,97.1,58.2,0.000,0.000,0.00,0.000,2.1,3.1,0.4,164,9,2.4,3.7,0.5,168,11,2.1,3.1,0.4,164,9,0,29.38,,0,0,0,69.6,69.3,67.5,0.41,0.43,0.34
EDWA,2017-08-21 01:45:00 EDT,44.32177,-75.24413,682,59.2,60.3,59.2,97.3,58.4,0.000,0.000,0.00,0.000,0.8,3.0,0.7,177,25,1.2,3.3,0.8,184,29,0.8,3.0,0.7,177,25,0,29.38,,0,0,0,69.6,69.3,67.5,0.41,0.43,0.34
EDWA,2017-08-21 01:50:00 EDT,44.32177,-75.24413,682,59.1,60.7,59.1,97.2,58.3,0.000,0.000,0.00,0.000,2.3,4.3,0.8,160,14,2.7,4.6,0.7,166,17,2.3,4.3,0.8,160,14,0,29.38,,0,0,0,69.6,69.3,67.5,0.41,0.43,0.34
EDWA,2017-08-21 01:55:00 EDT,44.32177,-75.24413,682,59.5,60.9,59.5,97.1,58.6,0.000,0.000,0.00,0.000,2.8,5.2,0.9,161,13,3.2,6.0,1.0,165,13,2.8,5.2,0.9,161,13,0,29.38,,0,0,0,69.6,69.3,67.5,0.41,0.43,0.34
EDWA,2017-08-21 02:00:00 EDT,44.32177,-75.24413,682,59.7,61.3,59.7,97.0,58.8,0.000,0.000,0.00,0.000,3.1,6.1,0.9,168,12,3.5,6.2,1.0,174,13,3.1,6.1,0.9,168,12,0,29.38,,0,0,0,69.5,69.3,67.5,0.41,0.43,0.34
EDWA,2017-08-21 02:05:00 EDT,44.32177,-75.24413,682,59.7,61.4,59.7,96.1,58.6,0.000,0.000,0.00,0.000,2.4,4.4,0.8,173,15,2.8,4.8,1.0,179,18,2.4,4.4,0.8,173,15,0,29.38,,0,0,0,69.3,69.3,67.5,0.41,0.43,0.34
EDWA,2017-08-21 02:10:00 EDT,44.32177,-75.24413,682,60.2,61.6,60.2,95.8,58.9,0.000,0.000,0.00,0.000,2.5,4.5,0.8,182,22,2.9,5.0,0.9,185,22,2.5,4.5,0.8,182,22,0,29.38,,0,0,0,69.3,69.3,67.5,0.41,0.43,0.34
EDWA,2017-08-21 02:15:00 EDT,44.32177,-75.24413,682,59.3,61.7,59.3,94.0,57.5,0.000,0.000,0.00,0.000,3.2,4.4,0.6,162,10,3.5,5.0,0.6,166,11,3.2,4.4,0.6,162,10,0,29.38,,0,0,0,69.3,69.3,67.5,0.41,0.43,0.34
EDWA,2017-08-21 02:20:00 EDT,44.32177,-75.24413,682,59.5,61.0,59.5,94.8,58.1,0.000,0.000,0.00,0.000,2.6,3.6,0.7,158,12,2.8,4.9,0.8,162,14,2.6,3.6,0.7,158,12,0,29.38,,0,0,0,69.3,69.3,67.5,0.41,0.43,0.34
EDWA,2017-08-21 02:25:00 EDT,44.32177,-75.24413,682,60.1,61.2,60.1,95.3,58.8,0.000,0.000,0.00,0.000,1.7,3.3,0.5,187,18,2.0,3.7,0.5,192,19,1.7,3.3,0.5,187,18,0,29.38,,0,0,0,69.3,69.3,67.5,0.41,0.43,0.35
EDWA,2017-08-21 02:30:00 EDT,44.32177,-75.24413,682,59.8,61.5,59.8,94.8,58.3,0.000,0.000,0.00,0.000,1.0,1.9,0.4,219,21,1.3,2.5,0.5,223,23,1.0,1.9,0.4,219,21,0,29.38,,0,0,0,69.3,69.3,67.5,0.41,0.43,0.34
EDWA,2017-08-21 02:35:00 EDT,44.32177,-75.24413,682,59.4,61.7,59.4,94.7,57.9,0.000,0.000,0.00,0.000,0.7,1.4,0.4,220,17,1.2,2.0,0.4,221,21,0.7,1.4,0.4,220,17,0,29.38,,0,0,0,69.3,69.3,67.5,0.41,0.43,0.34
EDWA,2017-08-21 02:40:00 EDT,44.32177,-75.24413,682,59.1,61.6,59.1,95.1,57.7,0.000,0.000,0.00,0.000,0.9,1.8,0.5,207,35,1.3,2.3,0.5,202,32,0.9,1.8,0.5,207,35,0,29.38,,0,0,0,69.3,69.3,67.5,0.41,0.43,0.34
EDWA,2017-08-21 02:45:00 EDT,44.32177,-75.24413,682,59.3,61.0,59.3,95.9,58.1,0.000,0.000,0.00,0.000,0.7,1.7,0.5,222,36,1.0,2.2,0.6,230,32,0.7,1.7,0.5,222,36,0,29.38,,0,0,0,69.3,69.3,67.5,0.41,0.43,0.34
EDWA,2017-08-21 02:50:00 EDT,44.32177,-75.24413,682,59.1,61.0,59.1,96.1,58.0,0.000,0.000,0.00,0.000,0.3,1.2,0.4,236,35,0.5,1.6,0.6,249,35,0.3,1.2,0.4,236,35,0,29.38,,0,0,0,69.3,69.3,67.5,0.41,0.43,0.34
EDWA,2017-08-21 02:55:00 EDT,44.32177,-75.24413,682,59.2,61.0,59.2,96.2,58.1,0.000,0.000,0.00,0.000,0.1,0.9,0.2,296,7,0.4,2.0,0.6,214,45,0.1,0.9,0.2,296,7,0,29.38,,0,0,0,69.3,69.3,67.5,0.41,0.43,0.34
EDWA,2017-08-21 03:00:00 EDT,44.32177,-75.24413,682,58.9,61.2,58.9,96.1,57.8,0.000,0.000,0.00,0.000,0.1,1.0,0.3,21,3,0.3,1.4,0.5,24,13,0.1,1.0,0.3,21,3,0,29.38,,0,0,0,69.3,69.3,67.5,0.42,0.43,0.34
EDWA,2017-08-21 03:05:00 EDT,44.32177,-75.24413,682,58.8,61.3,58.8,96.1,57.7,0.000,0.000,0.00,0.000,0.1,0.9,0.2,235,19,0.7,2.2,0.5,197,44,0.1,0.9,0.2,235,19,0,29.38,,0,0,0,69.1,69.3,67.5,0.42,0.43,0.34
EDWA,2017-08-21 03:10:00 EDT,44.32177,-75.24413,682,58.7,61.1,58.7,96.4,57.7,0.000,0.000,0.00,0.000,0.2,1.2,0.3,237,13,0.7,2.5,0.6,229,28,0.2,1.2,0.3,237,13,0,29.38,,0,0,0,68.9,69.3,67.5,0.41,0.43,0.34
EDWA,2017-08-21 03:15:00 EDT,44.32177,-75.24413,682,58.6,61.0,58.6,96.3,57.5,0.000,0.000,0.00,0.000,1.1,2.5,0.5,204,20,1.4,2.9,0.5,210,21,1.1,2.5,0.5,204,20,0,29.39,,0,0,0,68.9,69.3,67.5,0.42,0.43,0.34
EDWA,2017-08-21 03:20:00 EDT,44.32177,-75.24413,682,58.6,60.7,58.6,96.4,57.5,0.000,0.000,0.00,0.000,0.8,2.3,0.7,212,13,1.1,2.6,0.7,213,17,0.8,2.3,0.7,212,13,0,29.38,,0,0,0,68.9,69.3,67.5,0.42,0.43,0.34
EDWA,2017-08-21 03:25:00 EDT,44.32177,-75.24413,682,58.6,60.7,58.6,96.5,57.7,0.000,0.000,0.00,0.000,0.7,1.2,0.4,211,15,1.2,2.1,0.4,211,19,0.7,1.2,0.4,211,15,0,29.38,,0,0,0,68.9,69.3,67.5,0.41,0.43,0.34
EDWA,2017-08-21 03:30:00 EDT,44.32177,-75.24413,682,58.8,60.5,58.8,96.7,57.9,0.000,0.000,0.00,0.000,0.2,1.4,0.3,161,10,0.6,1.8,0.5,182,23,0.2,1.4,0.3,161,10,0,29.38,,0,0,0,68.9,69.3,67.5,0.42,0.43,0.34
EDWA,2017-08-21 03:35:00 EDT,44.32177,-75.24413,682,59.1,60.5,59.1,97.2,58.3,0.000,0.000,0.00,0.000,0.4,1.5,0.4,209,29,0.8,1.8,0.6,213,26,0.4,1.5,0.4,209,29,0,29.38,,0,0,0,68.9,69.3,67.5,0.42,0.43,0.34
EDWA,2017-08-21 03:40:00 EDT,44.32177,-75.24413,682,58.5,61.2,58.5,97.0,57.6,0.000,0.000,0.00,0.000,1.1,2.8,0.5,190,23,1.5,2.8,0.5,194,22,1.1,2.8,0.5,190,23,0,29.38,,0,0,0,68.9,69.3,67.5,0.42,0.43,0.34
EDWA,2017-08-21 03:45:00 EDT,44.32177,-75.24413,682,57.4,60.6,57.4,96.3,56.4,0.000,0.000,0.00,0.000,1.4,2.6,0.5,198,21,1.7,3.8,0.6,200,22,1.4,2.6,0.5,198,21,0,29.39,,0,0,0,68.9,69.3,67.5,0.42,0.43,0.34
EDWA,2017-08-21 03:50:00 EDT,44.32177,-75.24413,682,58.2,60.5,58.2,97.0,57.3,0.000,0.000,0.00,0.000,0.8,2.1,0.6,179,19,1.3,2.7,0.6,191,23,0.8,2.1,0.6,179,19,0,29.38,,0,0,0,68.9,69.3,67.5,0.42,0.43,0.34
EDWA,2017-08-21 03:55:00 EDT,44.32177,-75.24413,682,58.5,60.6,58.5,97.3,57.7,0.000,0.000,0.00,0.000,0.8,1.5,0.3,194,16,1.3,2.0,0.3,193,20,0.8,1.5,0.3,194,16,0,29.38,,0,0,0,68.9,69.3,67.5,0.42,0.43,0.34
EDWA,2017-08-21 04:00:00 EDT,44.32177,-75.24413,682,58.4,60.2,58.4,97.4,57.6,0.000,0.000,0.00,0.000,0.5,1.5,0.4,182,15,1.0,2.8,0.6,188,19,0.5,1.5,0.4,182,15,0,29.39,,0,0,0,68.9,69.3,67.5,0.42,0.43,0.34
EDWA,2017-08-21 04:05:00 EDT,44.32177,-75.24413,682,58.4,60.6,58.4,97.3,57.7,0.000,0.000,0.00,0.000,1.0,2.1,0.5,183,30,1.6,2.6,0.4,191,36,1.0,2.1,0.5,183,30,0,29.39,,0,0,0,68.7,69.3,67.5,0.42,0.43,0.34
EDWA,2017-08-21 04:10:00 EDT,44.32177,-75.24413,682,58.3,60.7,58.3,97.4,57.6,0.000,0.000,0.00,0.000,1.3,2.4,0.4,193,20,1.7,3.7,0.5,198,21,1.3,2.4,0.4,193,20,0,29.39,,0,0,0,68.5,69.3,67.5,0.42,0.43,0.34
EDWA,2017-08-21 04:15:00 EDT,44.32177,-75.24413,682,58.4,60.9,58.4,97.4,57.7,0.000,0.000,0.00,0.000,1.0,1.8,0.5,178,29,1.4,2.6,0.5,185,28,1.0,1.8,0.5,178,29,0,29.39,,0,0,0,68.5,69.3,67.5,0.42,0.43,0.34
EDWA,2017-08-21 04:20:00 EDT,44.32177,-75.24413,682,58.5,61.0,58.5,97.5,57.8,0.000,0.000,0.00,0.000,0.9,2.4,0.5,170,9,1.4,2.9,0.5,178,10,0.9,2.4,0.5,170,9,0,29.39,,0,0,0,68.5,69.3,67.5,0.42,0.43,0.34
EDWA,2017-08-21 04:25:00 EDT,44.32177,-75.24413,682,58.6,60.8,58.6,97.4,57.8,0.000,0.000,0.00,0.000,2.0,2.7,0.4,148,6,2.2,3.0,0.4,150,6,2.0,2.7,0.4,148,6,0,29.39,,0,0,0,68.5,69.3,67.5,0.42,0.43,0.34
EDWA,2017-08-21 04:30:00 EDT,44.32177,-75.24413,682,58.4,60.9,58.4,97.3,57.6,0.000,0.000,0.00,0.000,2.2,3.2,0.4,154,12,2.6,3.6,0.4,158,14,2.2,3.2,0.4,154,12,0,29.39,,0,0,0,68.5,69.3,67.5,0.42,0.43,0.34
EDWA,2017-08-21 04:35:00 EDT,44.32177,-75.24413,682,58.8,60.8,58.8,97.6,58.2,0.000,0.000,0.00,0.000,1.6,2.2,0.3,171,13,1.9,2.8,0.3,176,14,1.6,2.2,0.3,171,13,0,29.39,,0,0,0,68.5,69.3,67.5,0.42,0.43,0.34
EDWA,2017-08-21 04:40:00 EDT,44.32177,-75.24413,682,58.8,61.2,58.8,97.3,58.1,0.000,0.000,0.00,0.000,1.5,2.8,0.6,181,16,1.8,3.9,0.7,188,17,1.5,2.8,0.6,181,16,0,29.39,,0,0,0,68.5,69.3,67.5,0.42,0.43,0.34
EDWA,2017-08-21 04:45:00 EDT,44.32177,-75.24413,682,58.7,60.5,58.7,97.0,57.9,0.000,0.000,0.00,0.000,1.4,2.9,0.6,181,23,1.7,3.2,0.6,183,24,1.4,2.9,0.6,181,23,0,29.39,,0,0,0,68.5,69.2,67.5,0.42,0.43,0.34
EDWA,2017-08-21 04:50:00 EDT,44.32177,-75.24413,682,59.0,61.2,59.0,96.7,58.1,0.000,0.000,0.00,0.000,1.5,2.9,0.8,169,10,1.9,3.8,0.9,175,15,1.5,2.9,0.8,169,10,0,29.39,,0,0,0,68.5,69.2,67.5,0.42,0.43,0.34
EDWA,2017-08-21 04:55:00 EDT,44.32177,-75.24413,682,59.3,60.7,59.3,96.7,58.4,0.000,0.000,0.00,0.000,0.9,2.5,0.6,176,20,1.3,3.2,0.7,185,22,0.9,2.5,0.6,176,20,0,29.39,,0,0,0,68.5,69.1,67.5,0.42,0.43,0.34
EDWA,2017-08-21 05:00:00 EDT,44.32177,-75.24413,682,58.8,60.7,58.8,96.4,57.8,0.000,0.000,0.00,0.000,1.1,2.8,0.5,192,18,1.4,3.1,0.5,198,19,1.1,2.8,0.5,192,18,0,29.39,,0,0,0,68.5,69.1,67.5,0.42,0.43,0.34
EDWA,2017-08-21 05:05:00 EDT,44.32177,-75.24413,682,58.6,60.6,58.6,96.1,57.5,0.000,0.000,0.00,0.000,1.0,2.7,0.4,195,22,1.4,2.8,0.4,202,22,1.0,2.7,0.4,195,22,0,29.39,,0,0,0,68.5,69.0,67.5,0.42,0.43,0.34
EDWA,2017-08-21 05:10:00 EDT,44.32177,-75.24413,682,58.1,61.1,58.1,96.4,57.1,0.000,0.000,0.00,0.000,1.3,2.8,0.5,190,26,1.7,3.2,0.5,195,24,1.3,2.8,0.5,190,26,0,29.39,,0,0,0,68.5,69.0,67.5,0.42,0.43,0.34
EDWA,2017-08-21 05:15:00 EDT,44.32177,-75.24413,682,57.5,60.6,57.5,96.1,56.4,0.000,0.000,0.00,0.000,1.2,3.3,0.8,176,13,1.7,4.4,0.9,182,14,1.2,3.3,0.8,176,13,0,29.39,,0,0,0,68.5,68.9,67.5,0.42,0.43,0.34
EDWA,2017-08-21 05:20:00 EDT,44.32177,-75.24413,682,57.8,60.1,57.8,96.8,56.9,0.000,0.000,0.00,0.000,1.3,3.1,0.6,192,35,1.8,3.9,0.7,197,34,1.3,3.1,0.6,192,35,0,29.39,,0,0,0,68.5,68.9,67.5,0.42,0.43,0.34
EDWA,2017-08-21 05:25:00 EDT,44.32177,-75.24413,682,58.6,60.3,58.6,97.3,57.8,0.000,0.000,0.00,0.000,1.6,3.1,0.6,170,22,2.0,4.3,0.7,174,20,1.6,3.1,0.6,170,22,0,29.39,,0,0,0,68.4,68.9,67.5,0.42,0.43,0.34
EDWA,2017-08-21 05:30:00 EDT,44.32177,-75.24413,682,58.2,60.4,58.2,96.9,57.4,0.000,0.000,0.00,0.000,2.5,4.5,0.8,171,14,2.8,4.7,0.8,178,17,2.5,4.5,0.8,171,14,0,29.39,,0,0,0,68.3,68.9,67.5,0.42,0.43,0.34
EDWA,2017-08-21 05:35:00 EDT,44.32177,-75.24413,682,58.7,60.6,58.7,96.8,57.8,0.000,0.000,0.00,0.000,2.3,4.6,0.9,177,18,2.7,5.3,1.0,185,18,2.3,4.6,0.9,177,18,0,29.39,,0,0,0,68.2,68.9,67.5,0.42,0.43,0.34
EDWA,2017-08-21 05:40:00 EDT,44.32177,-75.24413,682,58.1,61.0,58.1,96.1,57.0,0.000,0.000,0.00,0.000,2.9,5.3,0.8,164,11,3.3,5.8,1.1,169,12,2.9,5.3,0.8,164,11,0,29.39,,0,0,0,68.2,68.9,67.5,0.42,0.43,0.34
EDWA,2017-08-21 05:45:00 EDT,44.32177,-75.24413,682,58.6,60.8,58.6,96.3,57.6,0.000,0.000,0.00,0.000,2.4,4.2,0.9,166,17,2.6,4.5,0.8,172,19,2.4,4.2,0.9,166,17,0,29.39,,0,0,0,68.2,68.9,67.5,0.42,0.43,0.34
EDWA,2017-08-21 05:50:00 EDT,44.32177,-75.24413,682,59.3,61.2,59.3,96.6,58.3,0.000,0.000,0.00,0.000,2.2,4.0,0.7,165,15,2.6,4.5,0.8,170,16,2.2,4.0,0.7,165,15,0,29.39,,0,0,0,68.2,68.9,67.5,0.42,0.43,0.34
EDWA,2017-08-21 05:55:00 EDT,44.32177,-75.24413,682,59.2,60.9,59.2,95.7,58.0,0.000,0.000,0.00,0.000,2.3,3.8,0.8,165,16,2.6,4.4,0.9,170,18,2.3,3.8,0.8,165,16,0,29.39,,0,0,0,68.2,68.9,67.5,0.42,0.43,0.34
EDWA,2017-08-21 06:00:00 EDT,44.32177,-75.24413,682,59.5,60.9,59.5,95.5,58.2,0.000,0.000,0.00,0.000,2.4,4.7,0.7,170,17,2.7,6.0,0.8,177,16,2.4,4.7,0.7,170,17,1,29.39,,0,0,0,68.2,68.9,67.5,0.42,0.43,0.34
EDWA,2017-08-21 06:05:00 EDT,44.32177,-75.24413,682,59.1,61.3,59.1,94.6,57.6,0.000,0.000,0.00,0.000,2.8,3.9,0.6,161,11,3.1,4.6,0.7,165,11,2.8,3.9,0.6,161,11,2,29.39,,0,0,0,68.2,68.9,67.5,0.42,0.43,0.34
EDWA,2017-08-21 06:10:00 EDT,44.32177,-75.24413,682,59.9,61.4,59.9,94.9,58.4,0.000,0.000,0.00,0.000,2.4,4.4,0.7,166,16,2.8,4.8,0.7,172,16,2.4,4.4,0.7,166,16,3,29.40,,0,0,0,68.2,68.9,67.5,0.42,0.43,0.34
EDWA,2017-08-21 06:15:00 EDT,44.32177,-75.24413,682,59.6,61.4,59.6,94.1,58.0,0.000,0.000,0.00,0.000,2.8,5.3,0.9,163,11,3.1,5.5,0.9,168,13,2.8,5.3,0.9,163,11,3,29.39,,0,0,0,68.2,68.9,67.5,0.42,0.43,0.34
EDWA,2017-08-21 06:20:00 EDT,44.32177,-75.24413,682,59.5,61.4,59.5,93.9,57.8,0.000,0.000,0.00,0.000,2.7,3.9,0.6,158,11,3.0,4.6,0.7,162,12,2.7,3.9,0.6,158,11,4,29.39,,0,0,0,68.2,68.9,67.5,0.42,0.43,0.34
EDWA,2017-08-21 06:25:00 EDT,44.32177,-75.24413,682,59.3,61.1,59.3,94.2,57.7,0.000,0.000,0.00,0.000,2.9,4.2,0.6,163,9,3.2,4.4,0.7,166,10,2.9,4.2,0.6,163,9,7,29.39,,0,0,0,68.0,68.9,67.5,0.42,0.43,0.34
EDWA,2017-08-21 06:30:00 EDT,44.32177,-75.24413,682,59.5,61.6,59.5,94.7,57.9,0.000,0.000,0.00,0.000,3.2,5.1,0.7,158,10,3.5,5.7,0.9,162,11,3.2,5.1,0.7,158,10,12,29.39,,0,0,0,67.9,68.9,67.5,0.42,0.43,0.34
EDWA,2017-08-21 06:35:00 EDT,44.32177,-75.24413,682,59.1,61.9,59.1,94.7,57.6,0.000,0.000,0.00,0.000,3.2,4.7,0.5,151,7,3.6,5.1,0.6,154,8,3.2,4.7,0.5,151,7,16,29.39,,0,0,0,67.8,68.9,67.5,0.42,0.43,0.34
EDWA,2017-08-21 06:40:00 EDT,44.32177,-75.24413,682,59.5,61.5,59.5,95.0,58.1,0.000,0.000,0.00,0.000,2.5,4.5,0.9,152,8,2.8,5.1,1.0,154,11,2.5,4.5,0.9,152,8,20,29.39,,0,0,0,67.8,68.9,67.5,0.41,0.43,0.34
EDWA,2017-08-21 06:45:00 EDT,44.32177,-75.24413,682,60.2,61.2,60.2,95.5,58.9,0.000,0.000,0.00,0.000,1.5,3.4,0.6,149,13,1.8,4.0,0.7,152,13,1.5,3.4,0.6,149,13,24,29.39,,0,0,0,67.8,68.9,67.5,0.42,0.43,0.34
EDWA,2017-08-21 06:50:00 EDT,44.32177,-75.24413,682,60.1,61.2,60.1,95.3,58.8,0.000,0.000,0.00,0.000,1.3,2.3,0.4,140,16,1.5,2.4,0.4,145,15,1.3,2.3,0.4,140,16,30,29.39,,0,0,0,67.8,68.9,67.5,0.41,0.43,0.34
EDWA,2017-08-21 06:55:00 EDT,44.32177,-75.24413,682,60.2,61.5,60.2,95.0,58.8,0.000,0.000,0.00,0.000,1.7,2.6,0.3,156,14,1.9,2.9,0.4,159,15,1.7,2.6,0.3,156,14,38,29.39,,0,0,0,67.8,68.9,67.5,0.41,0.43,0.34
EDWA,2017-08-21 07:00:00 EDT,44.32177,-75.24413,682,59.9,61.0,59.9,94.7,58.4,0.000,0.000,0.00,0.000,1.2,3.1,1.0,140,12,1.7,3.2,0.8,145,20,1.2,3.1,1.0,140,12,43,29.39,,0,0,0,67.8,68.9,67.5,0.41,0.43,0.34
EDWA,2017-08-21 07:05:00 EDT,44.32177,-75.24413,682,60.4,61.4,60.4,94.8,58.9,0.000,0.000,0.00,0.000,2.1,3.1,0.6,155,12,2.3,3.5,0.6,159,14,2.1,3.1,0.6,155,12,48,29.39,,0,0,0,67.8,68.9,67.5,0.41,0.43,0.34
EDWA,2017-08-21 07:10:00 EDT,44.32177,-75.24413,682,60.2,61.7,60.2,94.4,58.6,0.000,0.000,0.00,0.000,2.3,3.4,0.4,149,10,2.6,4.0,0.4,152,11,2.3,3.4,0.4,149,10,55,29.39,,0,0,0,67.8,68.9,67.5,0.41,0.43,0.34
EDWA,2017-08-21 07:15:00 EDT,44.32177,-75.24413,682,60.0,62.1,60.0,94.6,58.4,0.000,0.000,0.00,0.000,2.8,4.3,0.6,153,8,3.1,4.9,0.7,156,9,2.8,4.3,0.6,153,8,63,29.39,,0,0,0,67.8,68.9,67.5,0.41,0.43,0.34
EDWA,2017-08-21 07:20:00 EDT,44.32177,-75.24413,682,61.1,62.9,61.1,94.6,59.6,0.000,0.000,0.00,0.000,3.2,4.8,0.7,161,11,3.7,5.5,0.8,165,10,3.2,4.8,0.7,161,11,78,29.39,,0,0,0,67.8,68.9,67.5,0.41,0.43,0.34
EDWA,2017-08-21 07:25:00 EDT,44.32177,-75.24413,682,62.1,63.2,62.1,92.8,60.0,0.000,0.000,0.00,0.000,2.6,4.2,0.6,169,10,2.9,5.0,0.8,175,11,2.6,4.2,0.6,169,10,77,29.39,,0,0,0,67.8,68.9,67.5,0.41,0.43,0.34
EDWA,2017-08-21 07:30:00 EDT,44.32177,-75.24413,682,62.8,63.5,62.8,90.6,60.0,0.000,0.000,0.00,0.000,3.5,4.7,0.6,175,12,3.9,5.7,0.7,179,12,3.5,4.7,0.6,175,12,107,29.39,,0,0,0,67.8,68.9,67.5,0.41,0.43,0.34
EDWA,2017-08-21 07:35:00 EDT,44.32177,-75.24413,682,63.0,63.7,63.0,89.4,59.8,0.000,0.000,0.00,0.000,3.7,5.7,0.7,183,11,4.3,6.2,0.8,189,10,3.7,5.7,0.7,183,11,118,29.40,,0,0,0,67.8,68.9,67.5,0.41,0.43,0.34
EDWA,2017-08-21 07:40:00 EDT,44.32177,-75.24413,682,63.6,64.2,63.6,89.8,60.6,0.000,0.000,0.00,0.000,3.4,4.9,0.7,176,11,3.8,5.4,0.8,181,9,3.4,4.9,0.7,176,11,185,29.40,,0,0,0,67.8,68.9,67.5,0.41,0.43,0.34
EDWA,2017-08-21 07:45:00 EDT,44.32177,-75.24413,682,64.4,65.0,64.4,88.3,60.8,0.000,0.000,0.00,0.000,3.4,4.8,0.6,167,10,3.9,5.7,0.7,171,10,3.4,4.8,0.6,167,10,203,29.40,,0,0,0,67.8,68.8,67.5,0.41,0.43,0.34
EDWA,2017-08-21 07:50:00 EDT,44.32177,-75.24413,682,64.9,65.4,64.9,87.2,61.0,0.000,0.000,0.00,0.000,3.2,4.3,0.5,176,9,3.6,5.1,0.5,181,8,3.2,4.3,0.5,176,9,140,29.40,,0,0,0,67.8,68.7,67.5,0.41,0.43,0.34
EDWA,2017-08-21 07:55:00 EDT,44.32177,-75.24413,682,65.1,65.8,65.1,87.0,61.2,0.000,0.000,0.00,0.000,3.1,5.4,0.7,172,9,3.6,6.7,0.8,178,9,3.1,5.4,0.7,172,9,189,29.40,,0,0,0,67.8,68.6,67.5,0.41,0.43,0.34
EDWA,2017-08-21 08:00:00 EDT,44.32177,-75.24413,682,65.6,66.2,65.6,86.6,61.5,0.000,0.000,0.00,0.000,3.4,5.0,0.7,182,11,3.9,5.3,0.8,187,9,3.4,5.0,0.7,182,11,199,29.40,,0,0,0,67.8,68.6,67.5,0.41,0.43,0.34
EDWA,2017-08-21 08:05:00 EDT,44.32177,-75.24413,682,66.2,66.8,66.2,85.5,61.8,0.000,0.000,0.00,0.000,2.8,3.9,0.4,163,12,3.1,4.6,0.6,167,13,2.8,3.9,0.4,163,12,234,29.39,,0,0,0,67.7,68.6,67.5,0.41,0.43,0.34
EDWA,2017-08-21 08:10:00 EDT,44.32177,-75.24413,682,66.7,67.3,66.7,85.0,62.0,0.000,0.000,0.00,0.000,2.4,3.4,0.4,166,10,2.8,3.7,0.4,171,13,2.4,3.4,0.4,166,10,270,29.40,,0,0,0,67.7,68.5,67.5,0.41,0.43,0.34
EDWA,2017-08-21 08:15:00 EDT,44.32177,-75.24413,682,67.4,67.7,67.4,82.3,61.8,0.000,0.000,0.00,0.000,2.8,5.2,0.8,181,17,3.3,5.4,0.9,186,16,2.8,5.2,0.8,181,17,281,29.39,,0,0,0,67.6,68.5,67.5,0.41,0.43,0.34
EDWA,2017-08-21 08:20:00 EDT,44.32177,-75.24413,682,68.1,68.4,68.1,80.9,62.0,0.000,0.000,0.00,0.000,3.3,5.8,1.3,185,23,4.0,7.2,1.5,189,21,3.3,5.8,1.3,185,23,274,29.39,,0,0,0,67.6,68.5,67.5,0.41,0.43,0.34
EDWA,2017-08-21 08:25:00 EDT,44.32177,-75.24413,682,68.2,68.5,68.2,77.9,61.0,0.000,0.000,0.00,0.000,4.2,8.2,1.5,190,12,4.8,9.7,1.7,194,10,4.2,8.2,1.5,190,12,144,29.39,,0,0,0,67.5,68.5,67.5,0.41,0.43,0.34
EDWA,2017-08-21 08:30:00 EDT,44.32177,-75.24413,682,68.4,68.7,68.4,77.7,61.1,0.000,0.000,0.00,0.000,4.0,5.8,0.8,191,12,4.5,7.5,1.0,196,10,4.0,5.8,0.8,191,12,298,29.39,,0,0,0,67.5,68.5,67.5,0.41,0.43,0.34
EDWA,2017-08-21 08:35:00 EDT,44.32177,-75.24413,682,69.2,69.4,69.2,77.8,62.0,0.000,0.000,0.00,0.000,3.2,5.2,0.8,189,16,3.7,6.1,0.9,193,15,3.2,5.2,0.8,189,16,366,29.39,,0,0,0,67.5,68.5,67.5,0.41,0.43,0.34
EDWA,2017-08-21 08:40:00 EDT,44.32177,-75.24413,682,69.8,70.0,69.8,75.4,61.6,0.000,0.000,0.00,0.000,4.7,8.0,1.5,193,17,5.2,9.0,1.5,197,15,4.7,8.0,1.5,193,17,351,29.38,,0,0,0,67.5,68.5,67.5,0.41,0.43,0.34
EDWA,2017-08-21 08:45:00 EDT,44.32177,-75.24413,682,70.0,70.2,70.0,75.1,61.7,0.000,0.000,0.00,0.000,5.7,9.5,1.2,190,16,6.2,10.1,1.4,194,15,5.7,9.5,1.2,190,16,305,29.38,,0,0,0,67.5,68.5,67.5,0.41,0.43,0.34
EDWA,2017-08-21 08:50:00 EDT,44.32177,-75.24413,682,70.2,70.4,70.2,73.0,61.1,0.000,0.000,0.00,0.000,5.5,9.2,1.2,193,14,5.9,10.4,1.4,198,12,5.5,9.2,1.2,193,14,357,29.38,,0,0,0,67.5,68.5,67.5,0.41,0.43,0.34
EDWA,2017-08-21 08:55:00 EDT,44.32177,-75.24413,682,70.7,70.8,70.7,72.5,61.4,0.000,0.000,0.00,0.000,5.5,8.0,1.0,204,14,5.9,8.5,1.1,208,16,5.5,8.0,1.0,204,14,373,29.38,,0,0,0,67.5,68.5,67.5,0.42,0.43,0.34
EDWA,2017-08-21 09:00:00 EDT,44.32177,-75.24413,682,71.1,71.2,71.1,72.6,61.8,0.000,0.000,0.00,0.000,4.3,8.4,1.3,205,14,4.7,9.2,1.3,210,13,4.3,8.4,1.3,205,14,349,29.38,,0,0,0,67.5,68.5,67.5,0.41,0.43,0.34
EDWA,2017-08-21 09:05:00 EDT,44.32177,-75.24413,682,71.3,71.4,71.3,71.2,61.5,0.000,0.000,0.00,0.000,5.1,12.2,1.6,207,13,5.5,13.1,1.7,211,13,5.1,12.2,1.6,207,13,393,29.38,,0,0,0,67.5,68.5,67.5,0.41,0.43,0.34
EDWA,2017-08-21 09:10:00 EDT,44.32177,-75.24413,682,71.5,71.6,71.5,68.9,60.8,0.000,0.000,0.00,0.000,8.1,11.2,1.5,214,12,8.6,12.1,1.4,218,11,8.1,11.2,1.5,214,12,406,29.38,,0,0,0,67.5,68.5,67.5,0.41,0.43,0.34
EDWA,2017-08-21 09:15:00 EDT,44.32177,-75.24413,682,71.7,71.8,71.7,68.5,60.8,0.000,0.000,0.00,0.000,7.5,12.3,1.6,212,14,7.9,12.8,1.7,215,15,7.5,12.3,1.6,212,14,421,29.38,,0,0,0,67.5,68.5,67.5,0.41,0.43,0.34
EDWA,2017-08-21 09:20:00 EDT,44.32177,-75.24413,682,72.1,72.2,72.1,68.6,61.3,0.000,0.000,0.00,0.000,7.0,10.4,1.4,211,10,7.5,10.3,1.4,216,11,7.0,10.4,1.4,211,10,432,29.38,,0,0,0,67.6,68.5,67.5,0.41,0.43,0.34
EDWA,2017-08-21 09:25:00 EDT,44.32177,-75.24413,682,72.6,72.5,72.6,67.9,61.3,0.000,0.000,0.00,0.000,6.6,11.2,1.8,217,16,7.0,12.5,1.9,222,16,6.6,11.2,1.8,217,16,439,29.38,,0,0,0,67.7,68.5,67.5,0.41,0.43,0.34
EDWA,2017-08-21 09:30:00 EDT,44.32177,-75.24413,682,72.6,72.6,72.6,66.3,60.7,0.000,0.000,0.00,0.000,8.1,12.3,1.8,223,13,8.1,14.3,1.9,226,12,8.1,12.3,1.8,223,13,453,29.39,,0,0,0,67.8,68.5,67.5,0.41,0.43,0.34
EDWA,2017-08-21 09:35:00 EDT,44.32177,-75.24413,682,72.7,72.7,72.7,67.2,61.2,0.000,0.000,0.00,0.000,7.0,10.0,1.3,219,11,7.4,10.8,1.4,225,10,7.0,10.0,1.3,219,11,466,29.39,,0,0,0,67.8,68.5,67.5,0.41,0.43,0.34
EDWA,2017-08-21 09:40:00 EDT,44.32177,-75.24413,682,72.9,72.9,72.9,66.8,61.3,0.000,0.000,0.00,0.000,7.5,13.6,2.2,210,11,7.9,13.5,2.0,214,9,7.5,13.6,2.2,210,11,478,29.39,,0,0,0,67.8,68.5,67.5,0.41,0.43,0.34
EDWA,2017-08-21 09:45:00 EDT,44.32177,-75.24413,682,73.3,73.1,73.3,66.7,61.5,0.000,0.000,0.00,0.000,7.9,12.3,2.1,209,15,8.3,12.7,2.2,213,14,7.9,12.3,2.1,209,15,493,29.38,,0,0,0,67.8,68.5,67.5,0.41,0.43,0.34
EDWA,2017-08-21 09:50:00 EDT,44.32177,-75.24413,682,73.6,73.5,73.6,66.5,61.8,0.000,0.000,0.00,0.000,7.5,10.9,1.5,216,14,7.8,11.5,1.6,222,14,7.5,10.9,1.5,216,14,503,29.38,,0,0,0,67.8,68.5,67.5,0.42,0.43,0.34
EDWA,2017-08-21 09:55:00 EDT,44.32177,-75.24413,682,74.1,73.9,74.1,66.5,62.2,0.000,0.000,0.00,0.000,7.6,11.3,1.8,211,14,8.0,11.5,1.9,215,14,7.6,11.3,1.8,211,14,510,29.38,,0,0,0,67.8,68.5,67.5,0.41,0.43,0.34
EDWA,2017-08-21 10:00:00 EDT,44.32177,-75.24413,682,74.2,74.1,74.2,66.1,62.2,0.000,0.000,0.00,0.000,6.6,11.5,1.9,212,15,6.9,13.6,2.0,216,15,6.6,11.5,1.9,212,15,526,29.38,,0,0,0,67.8,68.5,67.5,0.42,0.43,0.34
EDWA,2017-08-21 10:05:00 EDT,44.32177,-75.24413,682,74.7,74.4,74.7,65.3,62.3,0.000,0.000,0.00,0.000,8.0,13.5,2.4,206,11,8.3,14.3,2.4,210,12,8.0,13.5,2.4,206,11,537,29.38,,0,0,0,67.8,68.5,67.5,0.42,0.43,0.34
EDWA,2017-08-21 10:10:00 EDT,44.32177,-75.24413,682,74.9,74.7,74.9,64.4,62.1,0.000,0.000,0.00,0.000,7.5,10.5,1.4,215,13,7.6,12.4,1.5,219,12,7.5,10.5,1.4,215,13,546,29.38,,0,0,0,67.8,68.5,67.5,0.42,0.43,0.34
EDWA,2017-08-21 10:15:00 EDT,44.32177,-75.24413,682,75.0,75.0,75.0,62.9,61.5,0.000,0.000,0.00,0.000,8.1,14.9,2.1,234,15,8.5,14.9,2.3,239,14,8.1,14.9,2.1,234,15,552,29.38,,0,0,0,67.8,68.5,67.5,0.41,0.43,0.34
EDWA,2017-08-21 10:20:00 EDT,44.32177,-75.24413,682,75.2,75.1,75.2,62.8,61.6,0.000,0.000,0.00,0.000,8.7,12.3,1.9,219,16,9.0,12.9,1.9,223,16,8.7,12.3,1.9,219,16,557,29.38,,0,0,0,67.8,68.5,67.5,0.42,0.43,0.34
EDWA,2017-08-21 10:25:00 EDT,44.32177,-75.24413,682,75.8,75.5,75.8,62.5,62.1,0.000,0.000,0.00,0.000,8.7,14.0,1.7,209,13,9.1,14.9,1.9,212,13,8.7,14.0,1.7,209,13,564,29.38,,0,0,0,67.8,68.5,67.5,0.42,0.43,0.34
EDWA,2017-08-21 10:30:00 EDT,44.32177,-75.24413,682,75.7,75.6,75.7,61.1,61.4,0.000,0.000,0.00,0.000,9.7,14.5,1.9,211,11,9.9,13.9,1.9,215,11,9.7,14.5,1.9,211,11,578,29.38,,0,0,0,67.8,68.5,67.5,0.42,0.43,0.34
EDWA,2017-08-21 10:35:00 EDT,44.32177,-75.24413,682,75.9,75.7,75.9,60.6,61.3,0.000,0.000,0.00,0.000,9.6,14.4,1.9,214,13,9.8,14.4,2.0,218,12,9.6,14.4,1.9,214,13,585,29.38,,0,0,0,67.8,68.5,67.5,0.42,0.43,0.34
EDWA,2017-08-21 10:40:00 EDT,44.32177,-75.24413,682,76.1,75.9,76.1,59.8,61.1,0.000,0.000,0.00,0.000,8.2,11.6,1.6,217,13,8.5,12.0,1.8,222,12,8.2,11.6,1.6,217,13,591,29.38,,0,0,0,67.8,68.5,67.5,0.42,0.43,0.34
EDWA,2017-08-21 10:45:00 EDT,44.32177,-75.24413,682,76.5,76.3,76.5,60.3,61.7,0.000,0.000,0.00,0.000,7.5,12.4,2.2,214,14,7.9,12.6,2.1,218,13,7.5,12.4,2.2,214,14,612,29.38,,0,0,0,67.8,68.5,67.5,0.42,0.43,0.34
EDWA,2017-08-21 10:50:00 EDT,44.32177,-75.24413,682,77.0,76.6,77.0,58.8,61.5,0.000,0.000,0.00,0.000,8.4,12.1,2.0,199,15,9.2,14.2,2.1,203,13,8.4,12.1,2.0,199,15,622,29.38,,0,0,0,67.9,68.5,67.5,0.41,0.43,0.34
EDWA,2017-08-21 10:55:00 EDT,44.32177,-75.24413,682,77.0,76.5,77.0,58.1,61.1,0.000,0.000,0.00,0.000,8.8,12.4,1.9,202,15,9.5,13.0,2.0,205,14,8.8,12.4,1.9,202,15,631,29.38,,0,0,0,67.9,68.5,67.5,0.42,0.43,0.34
EDWA,2017-08-21 11:00:00 EDT,44.32177,-75.24413,682,77.1,76.8,77.1,55.7,60.0,0.000,0.000,0.00,0.000,10.9,17.0,2.7,207,11,11.3,18.0,2.7,212,11,10.9,17.0,2.7,207,11,637,29.38,,0,0,0,68.2,68.5,67.5,0.42,0.43,0.34
EDWA,2017-08-21 11:05:00 EDT,44.32177,-75.24413,682,77.5,77.2,77.5,56.2,60.7,0.000,0.000,0.00,0.000,8.0,13.0,2.1,213,14,8.4,14.5,2.1,216,13,8.0,13.0,2.1,213,14,646,29.38,,0,0,0,68.2,68.5,67.5,0.41,0.43,0.34
EDWA,2017-08-21 11:10:00 EDT,44.32177,-75.24413,682,77.5,77.2,77.5,54.8,60.0,0.000,0.000,0.00,0.000,9.9,15.6,2.5,217,12,10.2,16.1,2.6,221,11,9.9,15.6,2.5,217,12,648,29.38,,0,0,0,68.2,68.5,67.5,0.41,0.43,0.34
EDWA,2017-08-21 11:15:00 EDT,44.32177,-75.24413,682,77.4,77.3,77.4,53.2,59.1,0.000,0.000,0.00,0.000,9.6,13.6,2.0,224,15,9.8,14.7,2.0,228,15,9.6,13.6,2.0,224,15,657,29.38,,0,0,0,68.2,68.5,67.5,0.41,0.43,0.34
EDWA,2017-08-21 11:20:00 EDT,44.32177,-75.24413,682,77.6,77.4,77.6,53.6,59.5,0.000,0.000,0.00,0.000,9.2,12.2,1.6,220,15,9.4,13.6,1.8,224,14,9.2,12.2,1.6,220,15,657,29.37,,0,0,0,68.2,68.5,67.5,0.41,0.43,0.34
EDWA,2017-08-21 11:25:00 EDT,44.32177,-75.24413,682,77.9,77.6,77.9,53.9,59.9,0.000,0.000,0.00,0.000,7.7,11.2,1.7,226,17,7.9,11.7,1.8,231,17,7.7,11.2,1.7,226,17,667,29.37,,0,0,0,68.2,68.5,67.5,0.41,0.43,0.34
EDWA,2017-08-21 11:30:00 EDT,44.32177,-75.24413,682,78.7,78.2,78.7,55.2,61.2,0.000,0.000,0.00,0.000,5.5,9.7,1.5,236,17,6.3,10.8,1.6,243,16,5.5,9.7,1.5,236,17,674,29.37,,0,0,0,68.2,68.5,67.5,0.41,0.43,0.34
EDWA,2017-08-21 11:35:00 EDT,44.32177,-75.24413,682,78.8,78.4,78.8,53.3,60.4,0.000,0.000,0.00,0.000,6.7,9.6,1.3,205,17,7.1,9.8,1.4,210,16,6.7,9.6,1.3,205,17,680,29.36,,0,0,0,68.3,68.5,67.5,0.41,0.43,0.34
EDWA,2017-08-21 11:40:00 EDT,44.32177,-75.24413,682,79.2,78.7,79.2,54.8,61.5,0.000,0.000,0.00,0.000,6.0,10.2,1.7,211,14,6.5,11.5,1.8,214,14,6.0,10.2,1.7,211,14,685,29.36,,0,0,0,68.5,68.5,67.5,0.41,0.43,0.34
EDWA,2017-08-21 11:45:00 EDT,44.32177,-75.24413,682,79.6,79.2,79.6,51.2,60.0,0.000,0.000,0.00,0.000,8.2,15.4,3.1,209,17,8.9,16.3,2.9,214,16,8.2,15.4,3.1,209,17,690,29.36,,0,0,0,68.5,68.5,67.5,0.41,0.43,0.34
EDWA,2017-08-21 11:50:00 EDT,44.32177,-75.24413,682,79.3,79.1,79.3,49.9,59.0,0.000,0.000,0.00,0.000,8.4,13.2,2.4,214,14,8.7,13.3,2.4,218,14,8.4,13.2,2.4,214,14,696,29.36,,0,0,0,68.5,68.5,67.5,0.41,0.43,0.34
EDWA,2017-08-21 11:55:00 EDT,44.32177,-75.24413,682,79.7,79.5,79.7,49.1,58.9,0.000,0.000,0.00,0.000,8.7,12.9,2.2,226,22,9.3,14.1,2.2,231,23,8.7,12.9,2.2,226,22,705,29.36,,0,0,0,68.5,68.5,67.5,0.41,0.43,0.34
EDWA,2017-08-21 12:00:00 EDT,44.32177,-75.24413,682,80.1,79.8,80.8,49.5,59.5,0.000,0.000,0.00,0.000,6.1,11.8,1.8,227,20,6.5,12.1,1.8,234,20,6.1,11.8,1.8,227,20,709,29.36,,0,0,0,68.5,68.5,67.5,0.41,0.43,0.34
EDWA,2017-08-21 12:05:00 EDT,44.32177,-75.24413,682,80.0,79.8,80.5,46.4,57.6,0.000,0.000,0.00,0.000,9.2,14.2,2.2,240,13,9.8,16.1,2.3,247,12,9.2,14.2,2.2,240,13,712,29.36,,0,0,0,68.5,68.5,67.5,0.41,0.43,0.34
EDWA,2017-08-21 12:10:00 EDT,44.32177,-75.24413,682,80.3,80.0,81.0,49.0,59.4,0.000,0.000,0.00,0.000,7.1,14.8,1.9,219,16,7.5,13.4,1.9,224,16,7.1,14.8,1.9,219,16,710,29.36,,0,0,0,68.5,68.5,67.5,0.41,0.43,0.34
EDWA,2017-08-21 12:15:00 EDT,44.32177,-75.24413,682,80.6,80.4,81.2,48.5,59.4,0.000,0.000,0.00,0.000,7.8,15.0,3.1,238,15,8.5,17.3,3.3,244,15,7.8,15.0,3.1,238,15,709,29.36,,0,0,0,68.5,68.5,67.5,0.41,0.43,0.34
EDWA,2017-08-21 12:20:00 EDT,44.32177,-75.24413,682,80.5,80.3,81.1,47.7,58.9,0.000,0.000,0.00,0.000,8.9,14.9,2.2,210,14,9.4,16.7,2.2,215,14,8.9,14.9,2.2,210,14,714,29.35,,0,0,0,68.5,68.5,67.5,0.41,0.43,0.34
EDWA,2017-08-21 12:25:00 EDT,44.32177,-75.24413,682,80.6,80.4,81.1,48.0,59.1,0.000,0.000,0.00,0.000,9.7,12.9,1.9,229,13,10.0,13.9,1.9,234,12,9.7,12.9,1.9,229,13,720,29.36,,0,0,0,68.8,68.5,67.5,0.41,0.43,0.34
EDWA,2017-08-21 12:30:00 EDT,44.32177,-75.24413,682,80.7,80.4,81.4,49.5,60.1,0.000,0.000,0.00,0.000,7.8,13.2,1.9,213,20,8.3,14.2,1.8,217,21,7.8,13.2,1.9,213,20,727,29.35,,0,0,0,68.9,68.5,67.5,0.41,0.43,0.34
EDWA,2017-08-21 12:35:00 EDT,44.32177,-75.24413,682,81.0,80.6,81.7,49.4,60.3,0.000,0.000,0.00,0.000,7.9,12.2,1.8,225,21,8.3,13.3,1.9,232,21,7.9,12.2,1.8,225,21,729,29.35,,0,0,0,68.9,68.5,67.5,0.41,0.42,0.34
EDWA,2017-08-21 12:40:00 EDT,44.32177,-75.24413,682,80.9,80.6,81.6,49.8,60.4,0.000,0.000,0.00,0.000,8.3,12.4,2.1,243,21,8.9,14.8,2.6,247,22,8.3,12.4,2.1,243,21,733,29.35,,0,0,0,68.9,68.5,67.5,0.41,0.43,0.34
EDWA,2017-08-21 12:45:00 EDT,44.32177,-75.24413,682,81.1,80.8,81.8,49.6,60.5,0.000,0.000,0.00,0.000,9.6,15.3,2.3,222,13,10.0,15.5,2.2,227,13,9.6,15.3,2.3,222,13,738,29.35,,0,0,0,68.9,68.5,67.5,0.41,0.42,0.34
EDWA,2017-08-21 12:50:00 EDT,44.32177,-75.24413,682,81.2,80.9,82.0,50.4,61.0,0.000,0.000,0.00,0.000,8.8,14.2,2.6,224,19,9.3,15.5,2.8,229,20,8.8,14.2,2.6,224,19,734,29.35,,0,0,0,68.9,68.5,67.5,0.41,0.43,0.34
EDWA,2017-08-21 12:55:00 EDT,44.32177,-75.24413,682,81.1,81.0,81.9,50.0,60.8,0.000,0.000,0.00,0.000,9.0,14.2,2.4,228,14,9.2,15.2,2.3,232,13,9.0,14.2,2.4,228,14,727,29.35,,0,0,0,69.0,68.5,67.5,0.41,0.43,0.34
EDWA,2017-08-21 13:00:00 EDT,44.32177,-75.24413,682,81.5,81.3,82.4,51.1,61.7,0.000,0.000,0.00,0.000,9.5,15.8,3.2,248,17,10.6,19.3,3.5,255,16,9.5,15.8,3.2,248,17,701,29.35,,0,0,0,69.2,68.5,67.5,0.41,0.43,0.34
EDWA,2017-08-21 13:05:00 EDT,44.32177,-75.24413,682,81.3,81.1,82.2,51.4,61.7,0.000,0.000,0.00,0.000,8.1,11.8,1.9,246,14,8.7,14.0,2.1,252,13,8.1,11.8,1.9,246,14,748,29.35,,0,0,0,69.3,68.5,67.5,0.41,0.42,0.34
EDWA,2017-08-21 13:10:00 EDT,44.32177,-75.24413,682,81.4,81.2,82.4,51.8,62.0,0.000,0.000,0.00,0.000,8.0,15.0,3.0,242,13,8.7,15.8,3.2,247,13,8.0,15.0,3.0,242,13,695,29.35,,0,0,0,69.3,68.5,67.5,0.41,0.42,0.34
EDWA,2017-08-21 13:15:00 EDT,44.32177,-75.24413,682,81.5,81.3,82.6,52.3,62.3,0.000,0.000,0.00,0.000,7.4,11.7,2.0,248,12,8.2,13.1,2.1,254,12,7.4,11.7,2.0,248,12,703,29.35,,0,0,0,69.3,68.5,67.4,0.41,0.43,0.34
EDWA,2017-08-21 13:20:00 EDT,44.32177,-75.24413,682,82.1,81.8,82.9,50.5,61.9,0.000,0.000,0.00,0.000,9.0,15.0,2.4,248,13,9.9,16.6,2.9,255,11,9.0,15.0,2.4,248,13,734,29.34,,0,0,0,69.3,68.5,67.5,0.41,0.42,0.34
EDWA,2017-08-21 13:25:00 EDT,44.32177,-75.24413,682,82.1,82.0,82.9,49.6,61.4,0.000,0.000,0.00,0.000,7.8,12.8,2.3,230,15,8.3,13.9,2.3,236,14,7.8,12.8,2.3,230,15,715,29.34,,0,0,0,69.3,68.5,67.5,0.41,0.42,0.34
EDWA,2017-08-21 13:30:00 EDT,44.32177,-75.24413,682,82.2,82.0,82.8,49.0,61.1,0.000,0.000,0.00,0.000,9.7,14.5,2.6,230,13,10.0,14.9,2.5,234,12,9.7,14.5,2.6,230,13,706,29.34,,0,0,0,69.3,68.5,67.5,0.41,0.42,0.34
EDWA,2017-08-21 13:35:00 EDT,44.32177,-75.24413,682,81.6,81.6,82.3,49.5,60.9,0.000,0.000,0.00,0.000,10.6,15.6,2.5,225,16,11.1,19.1,2.6,229,15,10.6,15.6,2.5,225,16,480,29.34,,0,0,0,69.6,68.5,67.5,0.41,0.42,0.34
EDWA,2017-08-21 13:40:00 EDT,44.32177,-75.24413,682,81.1,81.2,81.8,50.4,60.9,0.000,0.000,0.00,0.000,9.6,17.3,2.8,241,14,10.1,17.1,2.9,246,12,9.6,17.3,2.8,241,14,468,29.34,,0,0,0,69.6,68.5,67.5,0.41,0.42,0.34
EDWA,2017-08-21 13:45:00 EDT,44.32177,-75.24413,682,80.9,81.1,81.7,50.8,61.0,0.000,0.000,0.00,0.000,8.9,14.4,1.9,238,15,9.3,16.3,2.2,243,13,8.9,14.4,1.9,238,15,382,29.34,,0,0,0,69.6,68.5,67.5,0.41,0.42,0.34
EDWA,2017-08-21 13:50:00 EDT,44.32177,-75.24413,682,80.7,80.9,81.7,51.7,61.3,0.000,0.000,0.00,0.000,7.4,12.5,2.1,251,22,8.1,15.2,2.4,258,21,7.4,12.5,2.1,251,22,382,29.34,,0,0,0,69.6,68.5,67.5,0.41,0.42,0.34
EDWA,2017-08-21 13:55:00 EDT,44.32177,-75.24413,682,80.8,80.9,82.0,53.3,62.2,0.000,0.000,0.00,0.000,6.2,12.1,2.4,260,20,7.2,14.1,2.8,263,17,6.2,12.1,2.4,260,20,358,29.34,,0,0,0,69.6,68.5,67.4,0.41,0.42,0.34
EDWA,2017-08-21 14:00:00 EDT,44.32177,-75.24413,682,80.3,80.6,81.3,52.1,61.2,0.000,0.000,0.00,0.000,7.3,11.9,1.9,255,14,8.1,14.2,2.2,262,12,7.3,11.9,1.9,255,14,310,29.34,,0,0,0,69.9,68.5,67.4,0.41,0.42,0.34
EDWA,2017-08-21 14:05:00 EDT,44.32177,-75.24413,682,80.1,80.4,81.4,54.7,62.3,0.000,0.000,0.00,0.000,4.9,7.2,1.3,245,21,5.4,8.1,1.4,251,20,4.9,7.2,1.3,245,21,319,29.34,,0,0,0,70.0,68.5,67.4,0.41,0.42,0.34
EDWA,2017-08-21 14:10:00 EDT,44.32177,-75.24413,682,80.3,80.6,81.5,53.8,62.1,0.000,0.000,0.00,0.000,7.7,13.7,2.6,240,14,8.3,13.9,2.6,246,13,7.7,13.7,2.6,240,14,404,29.34,,0,0,0,70.0,68.5,67.4,0.41,0.42,0.34
EDWA,2017-08-21 14:15:00 EDT,44.32177,-75.24413,682,80.1,80.4,81.2,53.1,61.5,0.000,0.000,0.00,0.000,9.4,16.0,2.3,246,17,10.3,20.4,2.8,252,16,9.4,16.0,2.3,246,17,353,29.34,,0,0,0,70.0,68.5,67.4,0.41,0.42,0.34
EDWA,2017-08-21 14:20:00 EDT,44.32177,-75.24413,682,79.8,80.1,79.8,54.3,61.8,0.000,0.000,0.00,0.000,6.3,9.1,1.4,253,13,7.0,10.4,1.7,258,12,6.3,9.1,1.4,253,13,316,29.34,,0,0,0,70.0,68.5,67.4,0.41,0.42,0.34
EDWA,2017-08-21 14:25:00 EDT,44.32177,-75.24413,682,79.6,79.9,79.6,54.8,61.9,0.000,0.000,0.00,0.000,6.4,11.1,1.8,244,21,7.2,12.8,1.9,250,20,6.4,11.1,1.8,244,21,282,29.34,,0,0,0,70.0,68.5,67.4,0.41,0.42,0.34
EDWA,2017-08-21 14:30:00 EDT,44.32177,-75.24413,682,79.2,79.6,79.2,56.5,62.4,0.000,0.000,0.00,0.000,6.5,12.5,2.3,241,16,7.1,13.6,2.3,247,14,6.5,12.5,2.3,241,16,250,29.33,,0,0,0,70.0,68.5,67.4,0.41,0.42,0.34
EDWA,2017-08-21 14:35:00 EDT,44.32177,-75.24413,682,78.9,79.4,78.9,55.9,61.8,0.000,0.000,0.00,0.000,7.9,15.4,2.2,239,14,8.4,16.6,2.4,243,12,7.9,15.4,2.2,239,14,234,29.33,,0,0,0,70.0,68.5,67.3,0.41,0.42,0.34
EDWA,2017-08-21 14:40:00 EDT,44.32177,-75.24413,682,78.6,79.1,78.6,55.6,61.4,0.000,0.000,0.00,0.000,7.6,13.6,2.6,244,16,8.4,14.7,2.9,252,14,7.6,13.6,2.6,244,16,225,29.33,,0,0,0,70.3,68.5,67.3,0.41,0.42,0.34
EDWA,2017-08-21 14:45:00 EDT,44.32177,-75.24413,682,78.3,78.8,78.3,56.5,61.6,0.000,0.000,0.00,0.000,6.9,11.6,1.9,239,16,7.4,12.7,1.9,244,17,6.9,11.6,1.9,239,16,227,29.33,,0,0,0,70.3,68.5,67.3,0.41,0.42,0.34
EDWA,2017-08-21 14:50:00 EDT,44.32177,-75.24413,682,78.1,78.7,78.1,57.6,61.9,0.000,0.000,0.00,0.000,5.7,11.8,2.5,235,15,6.2,12.6,2.6,240,13,5.7,11.8,2.5,235,15,240,29.33,,0,0,0,70.3,68.5,67.3,0.41,0.42,0.34
EDWA,2017-08-21 14:55:00 EDT,44.32177,-75.24413,682,78.1,78.6,78.1,58.1,62.2,0.000,0.000,0.00,0.000,5.4,7.7,1.3,241,14,5.8,9.4,1.5,246,15,5.4,7.7,1.3,241,14,261,29.33,,0,0,0,70.3,68.5,67.3,0.41,0.42,0.34
EDWA,2017-08-21 15:00:00 EDT,44.32177,-75.24413,682,78.2,78.5,78.2,58.7,62.6,0.000,0.000,0.00,0.000,4.5,7.7,1.2,231,16,4.7,8.1,1.3,238,15,4.5,7.7,1.2,231,16,289,29.33,,0,0,0,70.3,68.5,67.3,0.41,0.42,0.34
EDWA,2017-08-21 15:05:00 EDT,44.32177,-75.24413,682,78.5,78.7,78.5,59.1,63.0,0.000,0.000,0.00,0.000,5.3,8.0,1.3,237,14,5.6,8.3,1.5,243,13,5.3,8.0,1.3,237,14,314,29.33,,0,0,0,70.3,68.5,67.3,0.41,0.42,0.34
EDWA,2017-08-21 15:10:00 EDT,44.32177,-75.24413,682,78.6,78.8,78.6,59.2,63.2,0.000,0.000,0.00,0.000,5.5,8.8,1.5,227,13,5.6,8.7,1.5,233,11,5.5,8.8,1.5,227,13,349,29.33,,0,0,0,70.3,68.5,67.3,0.41,0.42,0.34
EDWA,2017-08-21 15:15:00 EDT,44.32177,-75.24413,682,79.0,79.1,79.0,60.2,64.1,0.000,0.000,0.00,0.000,4.7,7.7,1.2,231,13,5.1,9.4,1.2,236,11,4.7,7.7,1.2,231,13,415,29.33,,0,0,0,70.4,68.5,67.3,0.41,0.42,0.34
EDWA,2017-08-21 15:20:00 EDT,44.32177,-75.24413,682,79.2,79.3,79.2,58.7,63.5,0.000,0.000,0.00,0.000,7.0,11.3,1.7,225,14,7.3,11.3,1.7,229,12,7.0,11.3,1.7,225,14,346,29.33,,0,0,0,70.5,68.5,67.2,0.41,0.42,0.34
EDWA,2017-08-21 15:25:00 EDT,44.32177,-75.24413,682,79.3,79.4,79.3,57.7,63.1,0.000,0.000,0.00,0.000,7.6,12.0,1.6,227,17,7.9,11.2,1.7,232,15,7.6,12.0,1.6,227,17,471,29.32,,0,0,0,70.6,68.5,67.2,0.41,0.42,0.34
EDWA,2017-08-21 15:30:00 EDT,44.32177,-75.24413,682,79.9,79.8,79.9,58.1,63.9,0.000,0.000,0.00,0.000,6.4,11.0,1.8,236,20,7.2,13.0,2.1,243,20,6.4,11.0,1.8,236,20,504,29.32,,0,0,0,70.7,68.5,67.2,0.41,0.42,0.34
EDWA,2017-08-21 15:35:00 EDT,44.32177,-75.24413,682,79.9,79.8,79.9,56.3,63.0,0.000,0.000,0.00,0.000,7.8,11.9,1.9,239,16,8.5,15.2,2.2,246,15,7.8,11.9,1.9,239,16,537,29.32,,0,0,0,70.7,68.5,67.2,0.41,0.42,0.34
EDWA,2017-08-21 15:40:00 EDT,44.32177,-75.24413,682,79.9,79.9,79.9,56.2,62.9,0.000,0.000,0.00,0.000,9.0,16.0,2.3,237,16,9.5,16.9,2.4,242,15,9.0,16.0,2.3,237,16,452,29.32,,0,0,0,70.7,68.5,67.2,0.41,0.42,0.34
EDWA,2017-08-21 15:45:00 EDT,44.32177,-75.24413,682,79.8,79.8,79.8,56.0,62.7,0.000,0.000,0.00,0.000,9.0,17.2,3.0,237,15,9.5,17.8,3.0,242,12,9.0,17.2,3.0,237,15,510,29.32,,0,0,0,70.7,68.5,67.2,0.41,0.42,0.34
EDWA,2017-08-21 15:50:00 EDT,44.32177,-75.24413,682,79.8,79.7,79.8,55.7,62.5,0.000,0.000,0.00,0.000,10.3,18.3,2.7,241,14,11.0,19.0,2.7,247,13,10.3,18.3,2.7,241,14,483,29.32,,0,0,0,70.7,68.5,67.2,0.41,0.42,0.34
EDWA,2017-08-21 15:55:00 EDT,44.32177,-75.24413,682,79.7,79.6,79.7,57.6,63.4,0.000,0.000,0.00,0.000,7.0,14.5,2.2,238,18,7.6,16.4,2.5,243,18,7.0,14.5,2.2,238,18,534,29.32,,0,0,0,70.7,68.5,67.1,0.41,0.42,0.34
EDWA,2017-08-21 16:00:00 EDT,44.32177,-75.24413,682,80.1,80.0,81.7,57.4,63.8,0.000,0.000,0.00,0.000,7.1,14.9,2.2,236,16,7.8,16.6,2.2,242,14,7.1,14.9,2.2,236,16,448,29.32,,0,0,0,70.7,68.5,67.1,0.41,0.42,0.34
EDWA,2017-08-21 16:05:00 EDT,44.32177,-75.24413,682,79.8,79.8,79.8,57.8,63.6,0.000,0.000,0.00,0.000,7.5,12.1,2.0,234,14,8.1,11.6,1.6,241,13,7.5,12.1,2.0,234,14,467,29.32,,0,0,0,70.7,68.5,67.2,0.41,0.42,0.34
EDWA,2017-08-21 16:10:00 EDT,44.32177,-75.24413,682,80.4,80.2,82.1,57.5,64.1,0.000,0.000,0.00,0.000,9.8,14.9,1.8,219,21,10.4,15.8,1.9,224,22,9.8,14.9,1.8,219,21,514,29.32,,0,0,0,70.7,68.5,67.1,0.41,0.42,0.34
EDWA,2017-08-21 16:15:00 EDT,44.32177,-75.24413,682,80.0,80.0,80.0,57.7,63.7,0.000,0.000,0.00,0.000,8.0,13.2,2.1,227,10,8.1,13.3,2.0,232,10,8.0,13.2,2.1,227,10,365,29.32,,0,0,0,70.7,68.5,67.1,0.41,0.42,0.34
EDWA,2017-08-21 16:20:00 EDT,44.32177,-75.24413,682,80.2,80.1,81.9,59.0,64.5,0.000,0.000,0.00,0.000,5.8,9.4,1.8,238,16,6.3,11.5,2.1,245,16,5.8,9.4,1.8,238,16,411,29.32,,0,0,0,70.7,68.5,67.1,0.41,0.42,0.34
EDWA,2017-08-21 16:25:00 EDT,44.32177,-75.24413,682,80.1,80.1,81.8,59.1,64.5,0.000,0.000,0.00,0.000,4.6,6.9,1.2,240,21,5.3,8.6,1.4,246,19,4.6,6.9,1.2,240,21,380,29.32,,0,0,0,70.7,68.5,67.1,0.41,0.42,0.34
EDWA,2017-08-21 16:30:00 EDT,44.32177,-75.24413,682,80.4,80.4,82.1,58.0,64.3,0.000,0.000,0.00,0.000,8.8,14.7,2.9,223,14,9.4,15.1,2.9,228,14,8.8,14.7,2.9,223,14,475,29.32,,0,0,0,70.7,68.5,67.1,0.41,0.42,0.34
EDWA,2017-08-21 16:35:00 EDT,44.32177,-75.24413,682,80.4,80.4,82.1,58.1,64.3,0.000,0.000,0.00,0.000,7.8,12.1,2.2,215,15,8.0,13.0,2.0,220,14,7.8,12.1,2.2,215,15,420,29.32,,0,0,0,70.8,68.5,67.1,0.41,0.42,0.34
EDWA,2017-08-21 16:40:00 EDT,44.32177,-75.24413,682,80.4,80.4,82.1,58.5,64.5,0.000,0.000,0.00,0.000,8.8,14.5,2.2,222,12,9.1,15.8,2.1,226,11,8.8,14.5,2.2,222,12,463,29.32,,0,0,0,71.0,68.5,67.1,0.41,0.42,0.34
EDWA,2017-08-21 16:45:00 EDT,44.32177,-75.24413,682,80.6,80.5,82.4,59.0,64.9,0.000,0.000,0.00,0.000,7.0,11.6,1.8,221,14,7.2,11.8,1.7,225,14,7.0,11.6,1.8,221,14,452,29.32,,0,0,0,71.1,68.5,67.1,0.41,0.42,0.34
EDWA,2017-08-21 16:50:00 EDT,44.32177,-75.24413,682,80.4,80.4,82.1,58.5,64.5,0.000,0.000,0.00,0.000,7.8,12.6,2.1,221,17,8.1,12.7,2.1,225,16,7.8,12.6,2.1,221,17,405,29.32,,0,0,0,71.1,68.5,67.1,0.41,0.42,0.34
EDWA,2017-08-21 16:55:00 EDT,44.32177,-75.24413,682,80.1,80.2,81.7,57.7,63.9,0.000,0.000,0.00,0.000,8.9,14.1,2.4,248,14,9.7,16.3,2.9,254,12,8.9,14.1,2.4,248,14,405,29.31,,0,0,0,71.1,68.5,67.1,0.41,0.42,0.34
EDWA,2017-08-21 17:00:00 EDT,44.32177,-75.24413,682,80.1,80.1,81.7,58.2,64.1,0.000,0.000,0.00,0.000,7.6,11.8,1.6,233,20,8.1,14.3,2.0,239,20,7.6,11.8,1.6,233,20,393,29.31,,0,0,0,71.1,68.5,67.1,0.41,0.42,0.34
EDWA,2017-08-21 17:05:00 EDT,44.32177,-75.24413,682,80.3,80.3,82.1,59.3,64.8,0.000,0.000,0.00,0.000,6.7,11.9,2.2,231,20,7.4,12.7,2.4,235,19,6.7,11.9,2.2,231,20,378,29.31,,0,0,0,71.1,68.5,67.1,0.41,0.42,0.34
EDWA,2017-08-21 17:10:00 EDT,44.32177,-75.24413,682,80.3,80.4,82.0,58.7,64.5,0.000,0.000,0.00,0.000,8.5,13.3,2.5,230,21,9.1,14.4,2.7,236,19,8.5,13.3,2.5,230,21,362,29.31,,0,0,0,71.1,68.5,67.1,0.41,0.42,0.34
EDWA,2017-08-21 17:15:00 EDT,44.32177,-75.24413,682,80.2,80.4,82.0,59.5,64.8,0.000,0.000,0.00,0.000,6.5,10.4,1.6,229,20,7.0,11.3,1.7,236,20,6.5,10.4,1.6,229,20,348,29.31,,0,0,0,71.1,68.5,67.1,0.41,0.42,0.34
EDWA,2017-08-21 17:20:00 EDT,44.32177,-75.24413,682,80.1,80.3,81.7,58.2,64.1,0.000,0.000,0.00,0.000,8.5,12.2,1.6,237,16,9.1,14.1,1.7,243,16,8.5,12.2,1.6,237,16,335,29.31,,0,0,0,71.1,68.5,67.1,0.41,0.42,0.34
EDWA,2017-08-21 17:25:00 EDT,44.32177,-75.24413,682,79.9,80.1,79.9,58.6,64.1,0.000,0.000,0.00,0.000,7.6,14.4,2.0,235,15,8.1,15.4,2.4,242,14,7.6,14.4,2.0,235,15,318,29.31,,0,0,0,71.1,68.5,67.1,0.41,0.42,0.34
EDWA,2017-08-21 17:30:00 EDT,44.32177,-75.24413,682,79.9,80.1,79.9,59.2,64.4,0.000,0.000,0.00,0.000,6.8,10.5,1.5,232,19,7.2,10.7,1.6,238,17,6.8,10.5,1.5,232,19,304,29.31,,0,0,0,71.1,68.5,67.1,0.41,0.42,0.34
EDWA,2017-08-21 17:35:00 EDT,44.32177,-75.24413,682,79.9,80.1,79.9,60.5,65.0,0.000,0.000,0.00,0.000,4.8,10.1,1.7,227,15,5.3,10.5,1.7,231,15,4.8,10.1,1.7,227,15,290,29.31,,0,0,0,71.1,68.5,67.1,0.41,0.42,0.34
EDWA,2017-08-21 17:40:00 EDT,44.32177,-75.24413,682,80.0,80.2,81.9,60.8,65.3,0.000,0.000,0.00,0.000,5.5,8.3,1.2,222,15,5.9,8.6,1.2,228,15,5.5,8.3,1.2,222,15,287,29.31,,0,0,0,71.1,68.5,67.1,0.41,0.42,0.34
EDWA,2017-08-21 17:45:00 EDT,44.32177,-75.24413,682,79.9,80.2,79.9,60.1,64.8,0.000,0.000,0.00,0.000,8.6,14.8,2.3,213,11,8.8,14.0,2.2,218,11,8.6,14.8,2.3,213,11,273,29.30,,0,0,0,71.2,68.6,67.1,0.41,0.42,0.34
EDWA,2017-08-21 17:50:00 EDT,44.32177,-75.24413,682,79.7,80.0,79.7,60.1,64.6,0.000,0.000,0.00,0.000,8.2,13.3,2.0,220,13,8.5,12.4,1.9,224,12,8.2,13.3,2.0,220,13,259,29.30,,0,0,0,71.3,68.7,67.1,0.41,0.42,0.34
EDWA,2017-08-21 17:55:00 EDT,44.32177,-75.24413,682,79.7,80.0,79.7,59.1,64.2,0.000,0.000,0.00,0.000,8.4,13.4,2.3,220,11,8.7,14.3,2.2,224,10,8.4,13.4,2.3,220,11,245,29.30,,0,0,0,71.4,68.7,67.1,0.41,0.42,0.34
EDWA,2017-08-21 18:00:00 EDT,44.32177,-75.24413,682,79.5,79.9,79.5,60.3,64.6,0.000,0.000,0.00,0.000,6.1,8.5,1.0,222,12,6.4,9.4,1.1,226,10,6.1,8.5,1.0,222,12,233,29.30,,0,0,0,71.4,68.8,67.1,0.41,0.42,0.34
EDWA,2017-08-21 18:05:00 EDT,44.32177,-75.24413,682,79.5,79.9,79.5,60.3,64.6,0.000,0.000,0.00,0.000,5.8,9.9,1.5,223,17,6.2,10.1,1.5,229,17,5.8,9.9,1.5,223,17,219,29.30,,0,0,0,71.4,68.9,67.1,0.41,0.42,0.34
EDWA,2017-08-21 18:10:00 EDT,44.32177,-75.24413,682,79.4,79.8,79.4,60.9,64.8,0.000,0.000,0.00,0.000,5.1,7.2,1.1,220,17,5.5,8.3,1.2,225,15,5.1,7.2,1.1,220,17,206,29.30,,0,0,0,71.4,68.9,67.1,0.41,0.42,0.34
EDWA,2017-08-21 18:15:00 EDT,44.32177,-75.24413,682,79.3,79.8,79.3,61.1,64.8,0.000,0.000,0.00,0.000,6.2,9.8,1.2,219,10,6.7,10.5,1.2,222,10,6.2,9.8,1.2,219,10,193,29.30,,0,0,0,71.4,68.9,67.1,0.41,0.42,0.34
EDWA,2017-08-21 18:20:00 EDT,44.32177,-75.24413,682,79.2,79.7,79.2,61.1,64.6,0.000,0.000,0.00,0.000,5.6,8.7,1.2,218,14,5.7,8.5,1.2,223,13,5.6,8.7,1.2,218,14,182,29.30,,0,0,0,71.4,68.9,67.1,0.41,0.42,0.34
EDWA,2017-08-21 18:25:00 EDT,44.32177,-75.24413,682,79.1,79.6,79.1,61.3,64.6,0.000,0.000,0.00,0.000,5.3,8.7,1.2,221,10,5.5,8.7,1.1,227,9,5.3,8.7,1.2,221,10,169,29.30,,0,0,0,71.4,68.9,67.1,0.41,0.42,0.34
EDWA,2017-08-21 18:30:00 EDT,44.32177,-75.24413,682,79.0,79.5,79.0,61.9,64.8,0.000,0.000,0.00,0.000,5.0,7.9,1.1,220,11,5.2,8.6,1.1,227,10,5.0,7.9,1.1,220,11,159,29.30,,0,0,0,71.4,68.9,67.1,0.40,0.42,0.34
EDWA,2017-08-21 18:35:00 EDT,44.32177,-75.24413,682,78.9,79.4,78.9,62.5,65.0,0.000,0.000,0.00,0.000,4.7,7.8,1.3,222,15,5.0,8.1,1.4,227,13,4.7,7.8,1.3,222,15,144,29.30,,0,0,0,71.4,68.9,67.1,0.41,0.42,0.34
EDWA,2017-08-21 18:40:00 EDT,44.32177,-75.24413,682,78.6,79.2,78.6,63.5,65.2,0.000,0.000,0.00,0.000,3.9,6.3,0.8,228,14,4.1,6.4,0.8,232,13,3.9,6.3,0.8,228,14,128,29.30,,0,0,0,71.4,68.9,67.1,0.41,0.42,0.34
EDWA,2017-08-21 18:45:00 EDT,44.32177,-75.24413,682,78.4,79.0,78.4,64.2,65.3,0.000,0.000,0.00,0.000,3.5,6.6,1.0,230,18,3.7,5.8,1.0,236,19,3.5,6.6,1.0,230,18,120,29.30,,0,0,0,71.4,68.9,67.1,0.40,0.42,0.34
EDWA,2017-08-21 18:50:00 EDT,44.32177,-75.24413,682,78.1,78.9,78.1,64.7,65.3,0.000,0.000,0.00,0.000,3.1,4.5,0.6,250,14,3.3,4.7,0.7,256,14,3.1,4.5,0.6,250,14,113,29.30,,0,0,0,71.4,68.9,67.1,0.40,0.42,0.34
EDWA,2017-08-21 18:55:00 EDT,44.32177,-75.24413,682,77.9,78.8,77.9,65.1,65.3,0.000,0.000,0.00,0.000,3.3,4.5,0.4,251,12,3.6,5.3,0.6,256,11,3.3,4.5,0.4,251,12,100,29.30,,0,0,0,71.4,68.9,67.1,0.40,0.42,0.34
EDWA,2017-08-21 19:00:00 EDT,44.32177,-75.24413,682,77.8,78.6,77.8,65.6,65.4,0.000,0.000,0.00,0.000,3.8,5.6,0.9,244,8,4.1,6.5,1.0,249,8,3.8,5.6,0.9,244,8,89,29.30,,0,0,0,71.4,68.9,67.1,0.40,0.42,0.34
EDWA,2017-08-21 19:05:00 EDT,44.32177,-75.24413,682,77.6,78.3,77.6,66.8,65.7,0.000,0.000,0.00,0.000,3.3,5.0,0.7,240,10,3.5,5.9,0.9,246,10,3.3,5.0,0.7,240,10,76,29.30,,0,0,0,71.4,68.9,67.1,0.40,0.42,0.34
EDWA,2017-08-21 19:10:00 EDT,44.32177,-75.24413,682,77.0,78.0,77.0,68.0,65.7,0.000,0.000,0.00,0.000,3.2,4.3,0.4,248,8,3.6,4.6,0.5,253,8,3.2,4.3,0.4,248,8,67,29.30,,0,0,0,71.4,68.9,67.1,0.40,0.42,0.34
EDWA,2017-08-21 19:15:00 EDT,44.32177,-75.24413,682,76.9,77.9,76.9,68.4,65.7,0.000,0.000,0.00,0.000,3.5,5.0,0.7,247,10,3.9,6.5,0.8,253,9,3.5,5.0,0.7,247,10,51,29.30,,0,0,0,71.4,68.9,67.1,0.40,0.42,0.34
EDWA,2017-08-21 19:20:00 EDT,44.32177,-75.24413,682,76.5,77.5,76.5,69.6,65.8,0.000,0.000,0.00,0.000,3.2,5.3,0.6,243,9,3.4,6.3,0.8,248,9,3.2,5.3,0.6,243,9,33,29.30,,0,0,0,71.4,68.9,67.1,0.40,0.42,0.34
EDWA,2017-08-21 19:25:00 EDT,44.32177,-75.24413,682,76.0,77.2,76.0,70.5,65.8,0.000,0.000,0.00,0.000,2.8,5.0,0.7,249,13,3.2,5.8,0.9,254,12,2.8,5.0,0.7,249,13,28,29.30,,0,0,0,71.4,68.9,67.1,0.40,0.42,0.34
EDWA,2017-08-21 19:30:00 EDT,44.32177,-75.24413,682,75.8,76.8,75.8,70.6,65.6,0.000,0.000,0.00,0.000,4.2,5.6,0.7,238,10,4.4,6.8,0.9,244,12,4.2,5.6,0.7,238,10,24,29.30,,0,0,0,71.4,68.9,67.1,0.40,0.42,0.34
EDWA,2017-08-21 19:35:00 EDT,44.32177,-75.24413,682,75.3,76.5,75.3,71.7,65.6,0.000,0.000,0.00,0.000,4.1,6.5,0.7,224,10,4.3,6.3,0.8,228,8,4.1,6.5,0.7,224,10,19,29.30,,0,0,0,71.4,68.9,67.1,0.40,0.42,0.34
EDWA,2017-08-21 19:40:00 EDT,44.32177,-75.24413,682,74.9,76.1,74.9,73.1,65.7,0.000,0.000,0.00,0.000,4.2,5.6,0.6,224,8,4.3,5.6,0.7,228,6,4.2,5.6,0.6,224,8,15,29.29,,0,0,0,71.4,68.9,67.1,0.40,0.42,0.34
EDWA,2017-08-21 19:45:00 EDT,44.32177,-75.24413,682,74.6,75.8,74.6,73.5,65.6,0.000,0.000,0.00,0.000,3.9,5.3,0.6,229,8,4.0,5.7,0.7,234,6,3.9,5.3,0.6,229,8,11,29.30,,0,0,0,71.4,68.9,67.1,0.40,0.42,0.34
EDWA,2017-08-21 19:50:00 EDT,44.32177,-75.24413,682,74.4,75.5,74.4,74.1,65.6,0.000,0.000,0.00,0.000,3.5,5.6,0.6,229,11,3.6,5.2,0.6,233,8,3.5,5.6,0.6,229,11,7,29.30,,0,0,0,71.4,68.9,67.1,0.40,0.42,0.34
EDWA,2017-08-21 19:55:00 EDT,44.32177,-75.24413,682,73.9,75.2,73.9,74.9,65.4,0.000,0.000,0.00,0.000,2.6,4.5,0.7,237,11,2.7,4.9,0.7,240,10,2.6,4.5,0.7,237,11,4,29.30,,0,0,0,71.4,68.9,67.1,0.40,0.42,0.34
EDWA,2017-08-21 20:00:00 EDT,44.32177,-75.24413,682,73.2,75.1,73.2,76.3,65.3,0.000,0.000,0.00,0.000,2.7,3.7,0.6,234,10,2.8,4.1,0.6,237,10,2.7,3.7,0.6,234,10,3,29.29,,0,0,0,71.4,68.9,67.1,0.40,0.42,0.34
EDWA,2017-08-21 20:05:00 EDT,44.32177,-75.24413,682,71.7,74.2,71.7,79.0,64.8,0.000,0.000,0.00,0.000,2.2,3.2,0.4,226,10,2.2,3.1,0.3,229,9,2.2,3.2,0.4,226,10,2,29.30,,0,0,0,71.4,68.9,67.1,0.40,0.42,0.34
EDWA,2017-08-21 20:10:00 EDT,44.32177,-75.24413,682,71.4,74.1,71.4,81.2,65.3,0.000,0.000,0.00,0.000,1.9,2.8,0.4,233,9,2.0,3.6,0.4,235,9,1.9,2.8,0.4,233,9,1,29.30,,0,0,0,71.4,68.9,67.1,0.40,0.42,0.34
EDWA,2017-08-21 20:15:00 EDT,44.32177,-75.24413,682,70.5,73.7,70.5,83.7,65.3,0.000,0.000,0.00,0.000,1.2,1.8,0.3,226,11,1.4,2.0,0.3,229,10,1.2,1.8,0.3,226,11,0,29.30,,0,0,0,71.4,68.9,67.1,0.41,0.42,0.34
EDWA,2017-08-21 20:20:00 EDT,44.32177,-75.24413,682,69.4,73.4,69.4,85.0,64.7,0.000,0.000,0.00,0.000,0.9,1.8,0.2,220,18,1.2,2.1,0.2,219,20,0.9,1.8,0.2,220,18,0,29.30,,0,0,0,71.4,68.9,67.1,0.40,0.42,0.34
EDWA,2017-08-21 20:25:00 EDT,44.32177,-75.24413,682,68.1,72.8,68.1,87.3,64.2,0.000,0.000,0.00,0.000,0.9,1.5,0.4,192,16,1.3,2.0,0.3,196,17,0.9,1.5,0.4,192,16,0,29.30,,0,0,0,71.4,68.9,67.1,0.40,0.42,0.34
EDWA,2017-08-21 20:30:00 EDT,44.32177,-75.24413,682,67.8,72.1,67.8,89.3,64.6,0.000,0.000,0.00,0.000,1.8,2.3,0.3,185,10,2.2,2.7,0.3,191,12,1.8,2.3,0.3,185,10,0,29.30,,0,0,0,71.4,68.9,67.1,0.41,0.42,0.34
EDWA,2017-08-21 20:35:00 EDT,44.32177,-75.24413,682,67.8,71.2,67.8,92.0,65.4,0.000,0.000,0.00,0.000,1.5,2.3,0.3,170,12,1.8,2.7,0.3,174,13,1.5,2.3,0.3,170,12,0,29.30,,0,0,0,71.4,69.0,67.1,0.41,0.42,0.34
EDWA,2017-08-21 20:40:00 EDT,44.32177,-75.24413,682,69.4,71.9,69.4,92.4,67.1,0.000,0.000,0.00,0.000,0.9,1.2,0.2,212,11,1.1,1.6,0.3,215,9,0.9,1.2,0.2,212,11,0,29.30,,0,0,0,71.4,68.9,67.1,0.40,0.42,0.34
EDWA,2017-08-21 20:45:00 EDT,44.32177,-75.24413,682,67.5,72.1,67.5,89.8,64.4,0.000,0.000,0.00,0.000,1.1,1.3,0.2,213,9,1.3,1.7,0.2,214,10,1.1,1.3,0.2,213,9,0,29.30,,0,0,0,71.4,69.0,67.1,0.40,0.42,0.34
EDWA,2017-08-21 20:50:00 EDT,44.32177,-75.24413,682,66.0,71.1,66.0,91.5,63.4,0.000,0.000,0.00,0.000,0.3,0.8,0.3,175,16,0.9,1.4,0.3,173,22,0.3,0.8,0.3,175,16,0,29.31,,0,0,0,71.4,69.1,67.1,0.41,0.42,0.34
EDWA,2017-08-21 20:55:00 EDT,44.32177,-75.24413,682,66.7,69.9,66.7,93.5,64.8,0.000,0.000,0.00,0.000,0.8,1.0,0.1,146,3,1.2,1.5,0.1,145,6,0.8,1.0,0.1,146,3,0,29.30,,0,0,0,71.4,69.2,67.1,0.41,0.42,0.34
EDWA,2017-08-21 21:00:00 EDT,44.32177,-75.24413,682,67.1,69.6,67.1,94.9,65.6,0.000,0.000,0.00,0.000,0.6,1.0,0.3,130,5,0.9,1.3,0.4,128,4,0.6,1.0,0.3,130,5,0,29.30,,0,0,0,71.4,69.2,67.1,0.41,0.42,0.34
EDWA,2017-08-21 21:05:00 EDT,44.32177,-75.24413,682,66.3,69.7,66.3,94.5,64.7,0.000,0.000,0.00,0.000,0.1,0.7,0.2,123,0,0.3,1.1,0.4,101,17,0.1,0.7,0.2,123,0,0,29.30,,0,0,0,71.4,69.2,67.1,0.41,0.42,0.34
EDWA,2017-08-21 21:10:00 EDT,44.32177,-75.24413,682,65.4,69.3,65.4,94.2,63.7,0.000,0.000,0.00,0.000,0.0,0.0,0.0,0,0,0.0,0.8,0.1,56,1,0.0,0.0,0.0,0,0,0,29.30,,0,0,0,71.3,69.2,67.1,0.41,0.42,0.35
EDWA,2017-08-21 21:15:00 EDT,44.32177,-75.24413,682,66.0,69.1,66.0,95.6,64.7,0.000,0.000,0.00,0.000,0.0,0.6,0.1,155,0,0.3,1.2,0.4,136,15,0.0,0.6,0.1,155,0,0,29.30,,0,0,0,71.1,69.2,67.1,0.41,0.42,0.34
EDWA,2017-08-21 21:20:00 EDT,44.32177,-75.24413,682,66.1,68.6,66.1,96.3,65.0,0.000,0.000,0.00,0.000,0.6,0.9,0.1,157,2,1.1,1.4,0.1,158,11,0.6,0.9,0.1,157,2,0,29.29,,0,0,0,71.1,69.2,67.1,0.41,0.42,0.35
EDWA,2017-08-21 21:25:00 EDT,44.32177,-75.24413,682,66.5,68.3,66.5,96.8,65.5,0.000,0.000,0.00,0.000,0.1,0.5,0.2,182,17,0.7,1.0,0.3,196,20,0.1,0.5,0.2,182,17,0,29.29,,0,0,0,71.1,69.3,67.1,0.40,0.42,0.34
EDWA,2017-08-21 21:30:00 EDT,44.32177,-75.24413,682,65.5,68.3,65.5,96.3,64.4,0.000,0.000,0.00,0.000,0.6,0.8,0.2,230,8,0.9,1.1,0.1,243,15,0.6,0.8,0.2,230,8,0,29.29,,0,0,0,71.1,69.3,67.1,0.41,0.42,0.34
EDWA,2017-08-21 21:35:00 EDT,44.32177,-75.24413,682,65.0,68.8,65.0,95.9,63.8,0.000,0.000,0.00,0.000,0.0,0.0,0.0,0,0,0.3,0.9,0.4,271,4,0.0,0.0,0.0,0,0,0,29.30,,0,0,0,71.1,69.3,67.1,0.41,0.42,0.34
EDWA,2017-08-21 21:40:00 EDT,44.32177,-75.24413,682,64.7,68.1,64.7,95.5,63.4,0.000,0.000,0.00,0.000,0.6,1.8,0.7,35,1,0.7,1.7,0.7,41,3,0.6,1.8,0.7,35,1,0,29.31,,0,0,0,71.1,69.3,67.1,0.41,0.42,0.34
EDWA,2017-08-21 21:45:00 EDT,44.32177,-75.24413,682,64.6,67.9,64.6,96.4,63.6,0.000,0.000,0.00,0.000,1.3,2.3,0.7,44,14,1.5,2.4,0.5,54,24,1.3,2.3,0.7,44,14,0,29.31,,0,0,0,71.1,69.3,67.1,0.41,0.42,0.34
EDWA,2017-08-21 21:50:00 EDT,44.32177,-75.24413,682,64.5,67.4,64.5,96.7,63.6,0.000,0.000,0.00,0.000,1.2,1.6,0.2,134,5,1.5,1.8,0.2,138,5,1.2,1.6,0.2,134,5,0,29.31,,0,0,0,71.1,69.3,67.1,0.41,0.42,0.34
EDWA,2017-08-21 21:55:00 EDT,44.32177,-75.24413,682,65.2,67.1,65.2,97.3,64.4,0.000,0.000,0.00,0.000,0.9,1.4,0.4,132,2,1.3,1.7,0.3,133,8,0.9,1.4,0.4,132,2,0,29.31,,0,0,0,71.1,69.3,67.1,0.41,0.42,0.34
EDWA,2017-08-21 22:00:00 EDT,44.32177,-75.24413,682,65.5,67.0,65.5,97.6,64.8,0.000,0.000,0.00,0.000,0.0,0.7,0.1,127,0,0.1,1.0,0.2,122,1,0.0,0.7,0.1,127,0,0,29.31,,0,0,0,71.1,69.3,67.1,0.41,0.42,0.34
EDWA,2017-08-21 22:05:00 EDT,44.32177,-75.24413,682,64.7,66.7,64.7,97.2,63.9,0.000,0.000,0.00,0.000,0.0,0.0,0.0,0,0,0.0,0.0,0.0,0,0,0.0,0.0,0.0,0,0,0,29.31,,0,0,0,71.1,69.3,67.1,0.41,0.42,0.34
EDWA,2017-08-21 22:10:00 EDT,44.32177,-75.24413,682,63.9,66.5,63.9,96.7,63.0,0.000,0.000,0.00,0.000,0.0,0.0,0.0,0,0,0.3,1.0,0.4,99,2,0.0,0.0,0.0,0,0,0,29.31,,0,0,0,71.0,69.3,67.1,0.41,0.42,0.34
EDWA,2017-08-21 22:15:00 EDT,44.32177,-75.24413,682,64.5,66.5,64.5,97.3,63.7,0.000,0.000,0.00,0.000,0.0,0.0,0.0,0,0,0.0,0.0,0.0,0,0,0.0,0.0,0.0,0,0,0,29.31,,0,0,0,71.0,69.3,67.1,0.41,0.42,0.34
EDWA,2017-08-21 22:20:00 EDT,44.32177,-75.24413,682,64.4,66.3,64.4,97.6,63.6,0.000,0.000,0.00,0.000,0.0,0.0,0.0,0,0,0.3,0.9,0.4,177,5,0.0,0.0,0.0,0,0,0,29.31,,0,0,0,70.8,69.3,67.1,0.41,0.42,0.34
EDWA,2017-08-21 22:25:00 EDT,44.32177,-75.24413,682,63.5,66.0,63.5,97.3,62.7,0.000,0.000,0.00,0.000,0.0,0.0,0.0,0,0,0.6,1.1,0.4,157,10,0.0,0.0,0.0,0,0,0,29.31,,0,0,0,70.7,69.3,67.1,0.41,0.42,0.35
EDWA,2017-08-21 22:30:00 EDT,44.32177,-75.24413,682,62.8,65.9,62.8,97.0,62.0,0.000,0.000,0.00,0.000,0.0,0.0,0.0,0,0,0.3,1.0,0.4,212,2,0.0,0.0,0.0,0,0,0,29.31,,0,0,0,70.7,69.3,67.1,0.41,0.42,0.34
EDWA,2017-08-21 22:35:00 EDT,44.32177,-75.24413,682,63.7,65.6,63.7,97.5,63.0,0.000,0.000,0.00,0.000,0.8,1.2,0.3,215,2,1.2,1.5,0.1,222,5,0.8,1.2,0.3,215,2,0,29.31,,0,0,0,70.7,69.3,67.1,0.41,0.42,0.34
EDWA,2017-08-21 22:40:00 EDT,44.32177,-75.24413,682,63.5,65.6,63.5,97.6,62.8,0.000,0.000,0.00,0.000,1.2,1.5,0.2,222,8,1.4,1.7,0.1,225,6,1.2,1.5,0.2,222,8,0,29.31,,0,0,0,70.7,69.3,67.1,0.41,0.42,0.34
EDWA,2017-08-21 22:45:00 EDT,44.32177,-75.24413,682,63.3,65.4,63.3,97.6,62.6,0.000,0.000,0.00,0.000,1.4,2.0,0.2,226,8,1.5,1.9,0.2,229,7,1.4,2.0,0.2,226,8,0,29.31,,0,0,0,70.7,69.3,67.1,0.41,0.42,0.35
EDWA,2017-08-21 22:50:00 EDT,44.32177,-75.24413,682,63.6,65.6,63.6,97.8,63.0,0.000,0.000,0.00,0.000,1.6,2.2,0.3,225,8,1.7,2.4,0.3,228,8,1.6,2.2,0.3,225,8,0,29.31,,0,0,0,70.7,69.3,67.1,0.41,0.42,0.34
EDWA,2017-08-21 22:55:00 EDT,44.32177,-75.24413,682,63.3,65.5,63.3,97.6,62.7,0.000,0.000,0.00,0.000,1.1,1.6,0.2,216,3,1.3,1.8,0.2,220,6,1.1,1.6,0.2,216,3,0,29.30,,0,0,0,70.7,69.3,67.1,0.41,0.42,0.34
EDWA,2017-08-21 23:00:00 EDT,44.32177,-75.24413,682,63.5,65.6,63.5,97.8,62.8,0.000,0.000,0.00,0.000,1.6,2.2,0.3,214,9,1.8,2.4,0.3,219,8,1.6,2.2,0.3,214,9,0,29.30,,0,0,0,70.7,69.3,67.2,0.41,0.42,0.34
EDWA,2017-08-21 23:05:00 EDT,44.32177,-75.24413,682,62.5,65.9,62.5,97.5,61.7,0.000,0.000,0.00,0.000,1.6,2.2,0.2,205,11,1.9,2.8,0.3,210,11,1.6,2.2,0.2,205,11,0,29.30,,0,0,0,70.7,69.3,67.2,0.41,0.42,0.34
EDWA,2017-08-21 23:10:00 EDT,44.32177,-75.24413,682,62.7,66.4,62.7,97.5,62.0,0.000,0.000,0.00,0.000,1.3,1.7,0.2,195,12,1.6,2.4,0.3,201,11,1.3,1.7,0.2,195,12,0,29.30,,0,0,0,70.7,69.3,67.1,0.41,0.42,0.35
EDWA,2017-08-21 23:15:00 EDT,44.32177,-75.24413,682,62.6,66.0,62.6,97.7,61.9,0.000,0.000,0.00,0.000,1.5,1.9,0.2,200,6,1.8,2.3,0.2,208,6,1.5,1.9,0.2,200,6,0,29.30,,0,0,0,70.7,69.3,67.2,0.41,0.42,0.35
EDWA,2017-08-21 23:20:00 EDT,44.32177,-75.24413,682,62.8,65.4,62.8,97.7,62.1,0.000,0.000,0.00,0.000,0.9,1.6,0.3,203,5,1.3,2.0,0.3,207,8,0.9,1.6,0.3,203,5,0,29.30,,0,0,0,70.7,69.3,67.2,0.41,0.42,0.35
EDWA,2017-08-21 23:25:00 EDT,44.32177,-75.24413,682,62.6,65.3,62.6,97.8,62.0,0.000,0.000,0.00,0.000,1.5,2.2,0.3,204,8,1.9,2.8,0.4,209,9,1.5,2.2,0.3,204,8,0,29.30,,0,0,0,70.6,69.3,67.1,0.41,0.42,0.34
EDWA,2017-08-21 23:30:00 EDT,44.32177,-75.24413,682,62.5,64.9,62.5,97.6,61.8,0.000,0.000,0.00,0.000,1.3,2.6,0.6,169,18,1.7,2.7,0.5,174,20,1.3,2.6,0.6,169,18,0,29.30,,0,0,0,70.4,69.3,67.1,0.41,0.42,0.34
EDWA,2017-08-21 23:35:00 EDT,44.32177,-75.24413,682,64.0,64.9,64.0,98.2,63.5,0.000,0.000,0.00,0.000,0.9,2.1,0.6,174,19,1.2,2.5,0.5,188,30,0.9,2.1,0.6,174,19,0,29.30,,0,0,0,70.3,69.3,67.1,0.41,0.42,0.34
EDWA,2017-08-21 23:40:00 EDT,44.32177,-75.24413,682,64.4,65.6,64.4,98.2,63.9,0.000,0.000,0.00,0.000,0.6,1.9,0.5,156,24,1.2,3.0,0.5,167,28,0.6,1.9,0.5,156,24,0,29.30,,0,0,0,70.3,69.3,67.2,0.41,0.42,0.34
EDWA,2017-08-21 23:45:00 EDT,44.32177,-75.24413,682,64.6,65.7,64.6,98.0,64.1,0.000,0.000,0.00,0.000,0.5,1.9,0.5,153,19,1.0,2.1,0.6,152,26,0.5,1.9,0.5,153,19,0,29.29,,0,0,0,70.3,69.3,67.2,0.41,0.42,0.34
EDWA,2017-08-21 23:50:00 EDT,44.32177,-75.24413,682,64.8,65.6,64.8,97.9,64.2,0.000,0.000,0.00,0.000,0.9,2.1,0.6,144,9,1.1,2.4,0.7,146,13,0.9,2.1,0.6,144,9,0,29.29,,0,0,0,70.3,69.3,67.2,0.41,0.42,0.34
EDWA,2017-08-21 23:55:00 EDT,44.32177,-75.24413,682,64.6,65.3,64.6,97.7,63.9,0.000,0.000,0.00,0.000,1.6,2.9,0.7,133,15,1.9,3.1,0.6,137,16,1.6,2.9,0.7,133,15,0,29.29,,0,0,0,70.3,69.3,67.2,0.41,0.42,0.34
ELDR,2017-08-21 00:00:00 EDT,41.53961,-74.87992,1140,59.8,60.0,59.8,96.8,58.9,0.000,0.005,0.00,0.000,0.6,1.1,0.3,291,36,0.9,1.6,0.5,288,15,0.6,1.1,0.3,291,36,0,28.98,,0,0,0,74.7,75.9,74.3,0.10,0.43,0.29
ELDR,2017-08-21 00:05:00 EDT,41.53961,-74.87992,1140,59.7,59.8,59.7,96.7,58.7,0.000,0.000,0.00,0.000,0.0,0.0,0.0,0,0,0.0,0.0,0.0,0,0,0.0,0.0,0.0,0,0,0,28.98,,0,0,0,74.5,75.8,74.3,0.11,0.43,0.29
ELDR,2017-08-21 00:10:00 EDT,41.53961,-74.87992,1140,59.8,59.7,59.8,97.0,58.9,0.000,0.000,0.00,0.000,0.0,0.0,0.0,0,0,0.1,0.8,0.2,110,3,0.0,0.0,0.0,0,0,0,28.98,,0,0,0,74.3,75.7,74.3,0.10,0.43,0.29
ELDR,2017-08-21 00:15:00 EDT,41.53961,-74.87992,1140,59.7,59.7,59.7,97.1,58.9,0.000,0.000,0.00,0.000,0.0,0.0,0.0,0,0,0.0,0.7,0.1,140,0,0.0,0.0,0.0,0,0,0,28.98,,0,0,0,74.3,75.7,74.3,0.10,0.43,0.29
ELDR,2017-08-21 00:20:00 EDT,41.53961,-74.87992,1140,59.6,59.6,59.6,97.0,58.8,0.000,0.000,0.00,0.000,0.0,0.0,0.0,0,0,0.0,0.7,0.1,12,0,0.0,0.0,0.0,0,0,0,28.99,,0,0,0,74.3,75.6,74.3,0.10,0.43,0.29
ELDR,2017-08-21 00:25:00 EDT,41.53961,-74.87992,1140,59.5,59.5,59.5,97.0,58.7,0.000,0.000,0.00,0.000,0.0,0.0,0.0,0,0,0.0,0.0,0.0,0,0,0.0,0.0,0.0,0,0,0,28.99,,0,0,0,74.1,75.6,74.3,0.10,0.43,0.29
ELDR,2017-08-21 00:30:00 EDT,41.53961,-74.87992,1140,59.5,59.5,59.5,97.0,58.7,0.000,0.000,0.00,0.000,0.1,0.4,0.1,70,3,0.2,1.0,0.3,68,12,0.1,0.4,0.1,70,3,0,28.99,,0,0,0,73.9,75.6,74.3,0.10,0.43,0.29
ELDR,2017-08-21 00:35:00 EDT,41.53961,-74.87992,1140,59.6,59.5,59.6,97.2,58.8,0.000,0.000,0.00,0.000,0.2,0.7,0.2,79,6,0.3,1.1,0.4,74,9,0.2,0.7,0.2,79,6,0,28.99,,0,0,0,73.9,75.6,74.3,0.10,0.43,0.29
ELDR,2017-08-21 00:40:00 EDT,41.53961,-74.87992,1140,59.5,59.3,59.5,97.1,58.7,0.000,0.000,0.00,0.000,0.1,0.5,0.2,74,5,0.1,1.2,0.3,70,5,0.1,0.5,0.2,74,5,0,28.99,,0,0,0,73.9,75.6,74.3,0.10,0.43,0.29
ELDR,2017-08-21 00:45:00 EDT,41.53961,-74.87992,1140,59.4,59.3,59.4,97.1,58.5,0.000,0.000,0.00,0.000,0.0,0.0,0.0,0,0,0.0,1.1,0.1,341,0,0.0,0.0,0.0,0,0,0,28.99,,0,0,0,73.9,75.6,74.3,0.10,0.43,0.29
ELDR,2017-08-21 00:50:00 EDT,41.53961,-74.87992,1140,59.1,59.3,59.1,97.0,58.3,0.000,0.000,0.00,0.000,0.0,0.0,0.0,0,0,0.0,0.0,0.0,0,0,0.0,0.0,0.0,0,0,0,28.99,,0,0,0,73.9,75.6,74.3,0.10,0.43,0.29
ELDR,2017-08-21 00:55:00 EDT,41.53961,-74.87992,1140,59.1,59.1,59.1,97.0,58.3,0.000,0.000,0.00,0.000,0.3,0.9,0.3,75,3,0.5,1.3,0.5,64,10,0.3,0.9,0.3,75,3,0,28.99,,0,0,0,73.4,75.6,74.3,0.10,0.43,0.29
ELDR,2017-08-21 01:00:00 EDT,41.53961,-74.87992,1140,59.2,59.0,59.2,97.1,58.3,0.000,0.000,0.00,0.000,0.8,1.2,0.2,89,7,1.1,2.2,0.3,88,12,0.8,1.2,0.2,89,7,0,28.99,,0,0,0,73.4,75.6,74.3,0.10,0.43,0.29
ELDR,2017-08-21 01:05:00 EDT,41.53961,-74.87992,1140,59.1,58.9,59.1,97.0,58.3,0.000,0.000,0.00,0.000,0.8,0.9,0.1,93,3,1.1,1.9,0.2,86,13,0.8,0.9,0.1,93,3,0,28.99,,0,0,0,73.4,75.6,74.3,0.10,0.43,0.29
ELDR,2017-08-21 01:10:00 EDT,41.53961,-74.87992,1140,59.0,58.8,59.0,96.9,58.1,0.000,0.000,0.00,0.000,0.7,1.0,0.2,82,9,1.1,2.3,0.4,78,14,0.7,1.0,0.2,82,9,0,28.99,,0,0,0,73.4,75.6,74.3,0.10,0.43,0.29
ELDR,2017-08-21 01:15:00 EDT,41.53961,-74.87992,1140,59.0,58.7,59.0,96.8,58.1,0.000,0.000,0.00,0.000,0.0,0.7,0.2,72,1,0.3,1.5,0.4,97,14,0.0,0.7,0.2,72,1,0,28.99,,0,0,0,73.2,75.6,74.3,0.10,0.43,0.29
ELDR,2017-08-21 01:20:00 EDT,41.53961,-74.87992,1140,58.8,58.7,58.8,96.9,57.9,0.000,0.000,0.00,0.000,0.1,0.9,0.3,86,2,0.4,1.7,0.5,82,13,0.1,0.9,0.3,86,2,0,28.99,,0,0,0,73.0,75.6,74.3,0.10,0.43,0.29
ELDR,2017-08-21 01:25:00 EDT,41.53961,-74.87992,1140,58.8,58.6,58.8,96.9,57.9,0.000,0.000,0.00,0.000,0.6,0.9,0.1,98,2,1.0,2.4,0.5,92,10,0.6,0.9,0.1,98,2,0,28.99,,0,0,0,73.0,75.6,74.3,0.10,0.43,0.29
ELDR,2017-08-21 01:30:00 EDT,41.53961,-74.87992,1140,58.7,58.5,58.7,96.8,57.8,0.000,0.000,0.00,0.000,0.4,0.7,0.2,94,9,0.8,2.1,0.5,92,16,0.4,0.7,0.2,94,9,0,28.99,,0,0,0,73.0,75.6,74.4,0.10,0.43,0.29
ELDR,2017-08-21 01:35:00 EDT,41.53961,-74.87992,1140,58.6,58.5,58.6,96.8,57.7,0.000,0.000,0.00,0.000,0.4,0.9,0.3,101,4,1.1,2.9,0.6,98,11,0.4,0.9,0.3,101,4,0,28.99,,0,0,0,73.0,75.6,74.3,0.10,0.43,0.29
ELDR,2017-08-21 01:40:00 EDT,41.53961,-74.87992,1140,58.5,58.4,58.5,96.8,57.6,0.000,0.000,0.00,0.000,0.5,0.8,0.3,97,5,1.0,2.7,0.6,95,10,0.5,0.8,0.3,97,5,0,28.99,,0,0,0,73.0,75.6,74.3,0.10,0.43,0.29
ELDR,2017-08-21 01:45:00 EDT,41.53961,-74.87992,1140,58.4,58.3,58.4,96.9,57.6,0.000,0.000,0.00,0.000,0.2,0.8,0.3,92,3,0.5,2.8,0.8,86,10,0.2,0.8,0.3,92,3,0,28.99,,0,0,0,72.8,75.6,74.3,0.10,0.43,0.29
ELDR,2017-08-21 01:50:00 EDT,41.53961,-74.87992,1140,58.3,58.3,58.3,96.8,57.4,0.000,0.000,0.00,0.000,0.1,0.5,0.2,105,1,0.3,1.5,0.4,98,12,0.1,0.5,0.2,105,1,0,28.99,,0,0,0,72.7,75.6,74.3,0.10,0.43,0.29
ELDR,2017-08-21 01:55:00 EDT,41.53961,-74.87992,1140,58.2,58.2,58.2,96.9,57.3,0.000,0.000,0.00,0.000,0.2,0.8,0.3,92,5,0.6,2.6,0.7,87,11,0.2,0.8,0.3,92,5,0,28.99,,0,0,0,72.7,75.6,74.3,0.10,0.43,0.29
ELDR,2017-08-21 02:00:00 EDT,41.53961,-74.87992,1140,58.2,58.1,58.2,97.1,57.4,0.000,0.000,0.00,0.000,0.5,0.9,0.3,97,8,1.5,3.0,0.9,92,7,0.5,0.9,0.3,97,8,0,28.99,,0,0,0,72.7,75.4,74.3,0.10,0.43,0.29
ELDR,2017-08-21 02:05:00 EDT,41.53961,-74.87992,1140,58.1,58.0,58.1,97.0,57.2,0.000,0.000,0.00,0.000,0.2,0.6,0.2,88,4,1.4,3.0,0.7,88,9,0.2,0.6,0.2,88,4,0,28.99,,0,0,0,72.7,75.3,74.3,0.10,0.43,0.29
ELDR,2017-08-21 02:10:00 EDT,41.53961,-74.87992,1140,58.1,57.9,58.1,97.0,57.2,0.000,0.000,0.00,0.000,0.0,0.4,0.1,110,1,0.6,2.4,0.8,101,9,0.0,0.4,0.1,110,1,0,28.99,,0,0,0,72.6,75.1,74.3,0.10,0.43,0.29
ELDR,2017-08-21 02:15:00 EDT,41.53961,-74.87992,1140,58.0,57.9,58.0,97.0,57.1,0.000,0.000,0.00,0.000,0.2,0.7,0.3,71,1,1.0,2.9,1.0,77,5,0.2,0.7,0.3,71,1,0,28.98,,0,0,0,72.3,75.0,74.3,0.11,0.43,0.29
ELDR,2017-08-21 02:20:00 EDT,41.53961,-74.87992,1140,57.9,57.7,57.9,97.0,57.0,0.000,0.000,0.00,0.000,0.8,1.1,0.2,89,6,2.7,3.3,0.3,89,4,0.8,1.1,0.2,89,6,0,28.98,,0,0,0,72.3,75.0,74.3,0.10,0.43,0.29
ELDR,2017-08-21 02:25:00 EDT,41.53961,-74.87992,1140,57.8,57.6,57.8,97.0,57.0,0.000,0.000,0.00,0.000,0.6,0.9,0.2,101,8,2.4,3.2,0.4,93,5,0.6,0.9,0.2,101,8,0,28.98,,0,0,0,72.3,75.0,74.3,0.11,0.43,0.29
ELDR,2017-08-21 02:30:00 EDT,41.53961,-74.87992,1140,57.8,57.6,57.8,97.1,57.0,0.000,0.000,0.00,0.000,0.1,0.7,0.2,109,6,1.8,3.0,0.7,91,7,0.1,0.7,0.2,109,6,0,28.98,,0,0,0,72.3,75.0,74.4,0.11,0.43,0.29
ELDR,2017-08-21 02:35:00 EDT,41.53961,-74.87992,1140,57.7,57.6,57.7,97.1,56.9,0.000,0.000,0.00,0.000,0.1,0.7,0.2,106,9,1.6,3.1,0.9,90,10,0.1,0.7,0.2,106,9,0,28.98,,0,0,0,72.3,75.0,74.3,0.11,0.43,0.29
ELDR,2017-08-21 02:40:00 EDT,41.53961,-74.87992,1140,57.7,57.5,57.7,97.1,56.9,0.000,0.000,0.00,0.000,0.4,0.7,0.3,97,5,2.2,2.9,0.5,89,6,0.4,0.7,0.3,97,5,0,28.98,,0,0,0,72.3,75.0,74.4,0.11,0.43,0.29
ELDR,2017-08-21 02:45:00 EDT,41.53961,-74.87992,1140,57.5,57.4,57.5,97.0,56.7,0.000,0.000,0.00,0.000,0.6,1.1,0.2,90,7,2.6,3.4,0.4,88,5,0.6,1.1,0.2,90,7,0,28.98,,0,0,0,71.9,75.0,74.3,0.10,0.43,0.29
ELDR,2017-08-21 02:50:00 EDT,41.53961,-74.87992,1140,57.5,57.4,57.5,97.1,56.7,0.000,0.000,0.00,0.000,0.7,1.0,0.2,101,11,2.5,3.2,0.4,93,6,0.7,1.0,0.2,101,11,0,28.99,,0,0,0,71.8,75.0,74.4,0.10,0.43,0.29
ELDR,2017-08-21 02:55:00 EDT,41.53961,-74.87992,1140,57.5,57.4,57.5,97.3,56.8,0.000,0.000,0.00,0.000,0.1,0.6,0.2,121,1,1.0,2.8,0.9,95,11,0.1,0.6,0.2,121,1,0,28.99,,0,0,0,71.8,75.0,74.4,0.10,0.43,0.29
ELDR,2017-08-21 03:00:00 EDT,41.53961,-74.87992,1140,57.4,57.3,57.4,97.2,56.6,0.000,0.000,0.00,0.000,0.0,0.0,0.0,0,0,0.6,2.4,0.8,96,7,0.0,0.0,0.0,0,0,0,28.99,,0,0,0,71.8,75.0,74.4,0.10,0.43,0.29
ELDR,2017-08-21 03:05:00 EDT,41.53961,-74.87992,1140,57.3,57.3,57.3,97.2,56.5,0.000,0.000,0.00,0.000,0.1,0.4,0.1,96,0,1.2,2.6,0.9,86,8,0.1,0.4,0.1,96,0,0,28.99,,0,0,0,71.8,75.0,74.4,0.11,0.43,0.29
ELDR,2017-08-21 03:10:00 EDT,41.53961,-74.87992,1140,57.3,57.2,57.3,97.2,56.5,0.000,0.000,0.00,0.000,0.7,1.2,0.2,97,4,2.7,3.4,0.4,90,4,0.7,1.2,0.2,97,4,0,28.99,,0,0,0,71.6,75.0,74.3,0.10,0.43,0.29
ELDR,2017-08-21 03:15:00 EDT,41.53961,-74.87992,1140,57.3,57.2,57.3,97.1,56.5,0.000,0.000,0.00,0.000,0.3,1.0,0.3,95,4,2.3,3.1,0.5,87,4,0.3,1.0,0.3,95,4,0,28.99,,0,0,0,71.4,75.0,74.3,0.10,0.43,0.29
ELDR,2017-08-21 03:20:00 EDT,41.53961,-74.87992,1140,57.3,57.1,57.3,97.1,56.5,0.000,0.000,0.00,0.000,0.0,0.4,0.0,88,0,1.4,2.5,0.8,80,14,0.0,0.4,0.0,88,0,0,28.99,,0,0,0,71.4,74.9,74.4,0.10,0.43,0.29
ELDR,2017-08-21 03:25:00 EDT,41.53961,-74.87992,1140,57.2,57.1,57.2,97.1,56.4,0.000,0.000,0.00,0.000,0.0,0.6,0.1,71,0,1.0,2.7,1.0,78,7,0.0,0.6,0.1,71,0,0,28.99,,0,0,0,71.4,74.7,74.3,0.10,0.43,0.29
ELDR,2017-08-21 03:30:00 EDT,41.53961,-74.87992,1140,57.1,57.0,57.1,97.2,56.3,0.000,0.000,0.00,0.000,0.9,1.2,0.1,96,7,2.8,3.4,0.2,91,4,0.9,1.2,0.1,96,7,0,28.99,,0,0,0,71.4,74.7,74.3,0.10,0.43,0.29
ELDR,2017-08-21 03:35:00 EDT,41.53961,-74.87992,1140,57.1,56.8,57.1,97.2,56.3,0.000,0.000,0.00,0.000,1.1,1.5,0.1,93,3,3.1,3.6,0.2,90,3,1.1,1.5,0.1,93,3,0,28.99,,0,0,0,71.4,74.7,74.3,0.10,0.43,0.29
ELDR,2017-08-21 03:40:00 EDT,41.53961,-74.87992,1140,56.9,56.8,56.9,97.1,56.1,0.000,0.000,0.00,0.000,1.1,1.7,0.3,97,10,3.1,3.9,0.3,91,6,1.1,1.7,0.3,97,10,0,28.98,,0,0,0,71.4,74.7,74.3,0.10,0.43,0.29
ELDR,2017-08-21 03:45:00 EDT,41.53961,-74.87992,1140,56.8,56.7,56.8,97.1,56.0,0.000,0.000,0.00,0.000,1.0,1.5,0.3,103,5,2.9,3.5,0.3,94,4,1.0,1.5,0.3,103,5,0,28.98,,0,0,0,71.3,74.7,74.3,0.10,0.43,0.29
ELDR,2017-08-21 03:50:00 EDT,41.53961,-74.87992,1140,56.8,56.6,56.8,97.1,55.9,0.000,0.000,0.00,0.000,0.0,0.6,0.1,96,4,1.1,2.5,1.0,88,9,0.0,0.6,0.1,96,4,0,28.98,,0,0,0,71.1,74.7,74.3,0.10,0.43,0.29
ELDR,2017-08-21 03:55:00 EDT,41.53961,-74.87992,1140,56.7,56.7,56.7,97.1,55.9,0.000,0.000,0.00,0.000,0.0,0.0,0.0,0,0,0.9,2.2,0.8,83,7,0.0,0.0,0.0,0,0,0,28.98,,0,0,0,71.1,74.7,74.3,0.10,0.43,0.29
ELDR,2017-08-21 04:00:00 EDT,41.53961,-74.87992,1140,56.7,56.6,56.7,97.3,55.9,0.000,0.000,0.00,0.000,0.0,0.4,0.1,90,0,1.4,2.7,0.9,90,6,0.0,0.4,0.1,90,0,0,28.98,,0,0,0,71.1,74.7,74.3,0.10,0.43,0.29
ELDR,2017-08-21 04:05:00 EDT,41.53961,-74.87992,1140,56.7,56.5,56.7,97.3,55.9,0.000,0.000,0.00,0.000,0.0,0.1,0.0,111,0,1.8,2.6,0.7,94,5,0.0,0.1,0.0,111,0,0,28.98,,0,0,0,71.1,74.7,74.3,0.10,0.43,0.29
ELDR,2017-08-21 04:10:00 EDT,41.53961,-74.87992,1140,56.5,56.5,56.5,97.2,55.7,0.000,0.000,0.00,0.000,0.0,0.0,0.0,0,0,0.6,2.1,0.8,50,24,0.0,0.0,0.0,0,0,0,28.99,,0,0,0,71.1,74.7,74.3,0.10,0.43,0.29
ELDR,2017-08-21 04:15:00 EDT,41.53961,-74.87992,1140,56.4,56.5,56.4,97.2,55.6,0.000,0.000,0.00,0.000,0.0,0.0,0.0,0,0,0.2,1.9,0.4,72,19,0.0,0.0,0.0,0,0,0,28.99,,0,0,0,70.9,74.7,74.3,0.10,0.43,0.29
ELDR,2017-08-21 04:20:00 EDT,41.53961,-74.87992,1140,56.4,56.4,56.4,97.3,55.6,0.000,0.000,0.00,0.000,0.1,0.7,0.2,82,0,1.7,3.0,1.0,84,5,0.1,0.7,0.2,82,0,0,28.99,,0,0,0,70.7,74.7,74.3,0.10,0.43,0.29
ELDR,2017-08-21 04:25:00 EDT,41.53961,-74.87992,1140,56.4,56.3,56.4,97.3,55.6,0.000,0.000,0.00,0.000,0.0,0.0,0.0,0,0,1.6,2.7,0.4,99,10,0.0,0.0,0.0,0,0,0,28.99,,0,0,0,70.7,74.7,74.3,0.10,0.43,0.29
ELDR,2017-08-21 04:30:00 EDT,41.53961,-74.87992,1140,56.2,56.3,56.2,97.3,55.5,0.000,0.000,0.00,0.000,0.0,0.0,0.0,0,0,0.2,1.9,0.5,93,10,0.0,0.0,0.0,0,0,0,28.99,,0,0,0,70.7,74.7,74.3,0.10,0.43,0.29
ELDR,2017-08-21 04:35:00 EDT,41.53961,-74.87992,1140,56.2,56.2,56.2,97.4,55.5,0.000,0.000,0.00,0.000,0.0,0.0,0.0,0,0,0.1,2.0,0.4,2,2,0.0,0.0,0.0,0,0,0,28.99,,0,0,0,70.7,74.7,74.3,0.10,0.43,0.29
ELDR,2017-08-21 04:40:00 EDT,41.53961,-74.87992,1140,56.2,56.2,56.2,97.4,55.5,0.000,0.000,0.00,0.000,0.0,0.0,0.0,0,0,0.8,2.5,0.9,78,3,0.0,0.0,0.0,0,0,0,28.99,,0,0,0,70.7,74.7,74.3,0.10,0.43,0.29
ELDR,2017-08-21 04:45:00 EDT,41.53961,-74.87992,1140,56.2,56.2,56.2,97.5,55.5,0.000,0.000,0.00,0.000,0.0,0.0,0.0,0,0,1.5,2.7,0.8,82,5,0.0,0.0,0.0,0,0,0,28.99,,0,0,0,70.7,74.7,74.3,0.10,0.43,0.29
ELDR,2017-08-21 04:50:00 EDT,41.53961,-74.87992,1140,56.1,56.1,56.1,97.5,55.4,0.000,0.000,0.00,0.000,0.1,0.4,0.1,88,1,2.1,2.7,0.5,87,3,0.1,0.4,0.1,88,1,0,28.99,,0,0,0,70.5,74.7,74.3,0.10,0.43,0.29
ELDR,2017-08-21 04:55:00 EDT,41.53961,-74.87992,1140,56.1,56.0,56.1,97.5,55.4,0.000,0.000,0.00,0.000,0.4,0.8,0.3,80,2,2.5,2.9,0.3,84,3,0.4,0.8,0.3,80,2,0,28.99,,0,0,0,70.3,74.6,74.3,0.10,0.43,0.29
ELDR,2017-08-21 05:00:00 EDT,41.53961,-74.87992,1140,56.1,55.9,56.1,97.5,55.4,0.000,0.000,0.00,0.000,0.5,0.9,0.3,89,3,2.5,3.1,0.3,89,4,0.5,0.9,0.3,89,3,0,28.99,,0,0,0,70.3,74.5,74.3,0.10,0.43,0.29
ELDR,2017-08-21 05:05:00 EDT,41.53961,-74.87992,1140,56.0,55.9,56.0,97.4,55.2,0.000,0.000,0.00,0.000,0.1,0.4,0.2,119,6,1.5,2.7,0.8,102,10,0.1,0.4,0.2,119,6,0,28.99,,0,0,0,70.3,74.4,74.3,0.10,0.43,0.29
ELDR,2017-08-21 05:10:00 EDT,41.53961,-74.87992,1140,55.8,55.9,55.8,97.3,55.1,0.000,0.000,0.00,0.000,0.0,0.0,0.0,0,0,0.7,2.5,0.9,85,14,0.0,0.0,0.0,0,0,0,28.99,,0,0,0,70.3,74.3,74.3,0.10,0.43,0.29
ELDR,2017-08-21 05:15:00 EDT,41.53961,-74.87992,1140,55.9,55.9,55.9,97.4,55.1,0.000,0.000,0.00,0.000,0.1,0.5,0.1,112,3,1.9,2.6,0.7,92,6,0.1,0.5,0.1,112,3,0,29.00,,0,0,0,70.3,74.3,74.3,0.10,0.43,0.29
ELDR,2017-08-21 05:20:00 EDT,41.53961,-74.87992,1140,55.8,55.8,55.8,97.4,55.1,0.000,0.000,0.00,0.000,0.0,0.4,0.1,105,0,1.6,2.6,0.8,92,9,0.0,0.4,0.1,105,0,0,29.00,,0,0,0,70.2,74.3,74.3,0.10,0.43,0.29
ELDR,2017-08-21 05:25:00 EDT,41.53961,-74.87992,1140,55.8,55.8,55.8,97.5,55.1,0.000,0.000,0.00,0.000,0.5,0.9,0.3,83,5,2.6,3.1,0.2,84,4,0.5,0.9,0.3,83,5,0,29.00,,0,0,0,70.0,74.3,74.3,0.10,0.43,0.29
ELDR,2017-08-21 05:30:00 EDT,41.53961,-74.87992,1140,55.8,55.6,55.8,97.4,55.1,0.000,0.000,0.00,0.000,0.6,1.0,0.2,100,12,2.5,2.9,0.2,93,6,0.6,1.0,0.2,100,12,0,29.00,,0,0,0,70.0,74.3,74.3,0.10,0.43,0.29
ELDR,2017-08-21 05:35:00 EDT,41.53961,-74.87992,1140,55.7,55.6,55.7,97.4,55.0,0.000,0.000,0.00,0.000,0.1,0.5,0.1,112,4,2.0,2.6,0.5,95,7,0.1,0.5,0.1,112,4,0,29.00,,0,0,0,70.0,74.3,74.3,0.10,0.43,0.29
ELDR,2017-08-21 05:40:00 EDT,41.53961,-74.87992,1140,55.6,55.6,55.6,97.4,54.9,0.000,0.000,0.00,0.000,0.1,0.7,0.2,99,0,2.0,2.8,0.6,89,5,0.1,0.7,0.2,99,0,0,29.00,,0,0,0,70.0,74.3,74.3,0.10,0.43,0.29
ELDR,2017-08-21 05:45:00 EDT,41.53961,-74.87992,1140,55.5,55.5,55.5,97.4,54.8,0.000,0.000,0.00,0.000,0.5,0.9,0.3,98,9,2.4,2.9,0.2,90,6,0.5,0.9,0.3,98,9,0,29.00,,0,0,0,70.0,74.3,74.3,0.10,0.43,0.29
ELDR,2017-08-21 05:50:00 EDT,41.53961,-74.87992,1140,55.6,55.4,55.6,97.5,54.9,0.000,0.000,0.00,0.000,0.2,0.7,0.3,99,3,1.8,2.6,0.6,95,7,0.2,0.7,0.3,99,3,0,29.00,,0,0,0,70.0,74.3,74.3,0.10,0.43,0.29
ELDR,2017-08-21 05:55:00 EDT,41.53961,-74.87992,1140,55.5,55.5,55.5,97.5,54.7,0.000,0.000,0.00,0.000,0.0,0.0,0.0,0,0,0.5,1.8,0.6,101,14,0.0,0.0,0.0,0,0,0,29.01,,0,0,0,69.8,74.3,74.3,0.10,0.43,0.29
ELDR,2017-08-21 06:00:00 EDT,41.53961,-74.87992,1140,55.4,55.5,55.4,97.4,54.6,0.000,0.000,0.00,0.000,0.0,0.0,0.0,0,0,0.4,1.7,0.6,92,27,0.0,0.0,0.0,0,0,0,29.01,,0,0,0,69.6,74.2,74.3,0.10,0.43,0.29
ELDR,2017-08-21 06:05:00 EDT,41.53961,-74.87992,1140,55.3,55.4,55.3,97.5,54.6,0.000,0.000,0.00,0.000,0.1,0.7,0.2,258,18,0.5,1.4,0.5,233,50,0.1,0.7,0.2,258,18,1,29.01,,0,0,0,69.6,74.1,74.3,0.10,0.43,0.29
ELDR,2017-08-21 06:10:00 EDT,41.53961,-74.87992,1140,55.4,55.3,55.4,97.6,54.7,0.000,0.000,0.00,0.000,0.0,0.0,0.0,0,0,0.7,2.1,0.6,102,25,0.0,0.0,0.0,0,0,2,29.01,,0,0,0,69.6,74.0,74.3,0.10,0.43,0.29
ELDR,2017-08-21 06:15:00 EDT,41.53961,-74.87992,1140,55.3,55.3,55.3,97.6,54.6,0.000,0.000,0.00,0.000,0.0,0.0,0.0,0,0,0.2,1.9,0.5,70,9,0.0,0.0,0.0,0,0,2,29.01,,0,0,0,69.6,73.9,74.3,0.10,0.43,0.29
ELDR,2017-08-21 06:20:00 EDT,41.53961,-74.87992,1140,55.3,55.3,55.3,97.6,54.7,0.000,0.000,0.00,0.000,0.0,0.0,0.0,0,0,0.4,1.6,0.5,109,6,0.0,0.0,0.0,0,0,2,29.01,,0,0,0,69.6,73.9,74.3,0.10,0.43,0.29
ELDR,2017-08-21 06:25:00 EDT,41.53961,-74.87992,1140,55.3,55.2,55.3,97.6,54.6,0.000,0.000,0.00,0.000,0.0,0.0,0.0,0,0,0.4,1.9,0.6,82,7,0.0,0.0,0.0,0,0,4,29.01,,0,0,0,69.6,73.9,74.3,0.10,0.43,0.29
ELDR,2017-08-21 06:30:00 EDT,41.53961,-74.87992,1140,55.2,55.2,55.2,97.6,54.6,0.000,0.000,0.00,0.000,0.0,0.0,0.0,0,0,1.0,2.2,0.7,93,12,0.0,0.0,0.0,0,0,6,29.01,,0,0,0,69.3,73.9,74.3,0.10,0.43,0.29
ELDR,2017-08-21 06:35:00 EDT,41.53961,-74.87992,1140,55.3,55.2,55.3,97.6,54.6,0.000,0.000,0.00,0.000,0.0,0.0,0.0,0,0,0.4,2.0,0.6,76,8,0.0,0.0,0.0,0,0,9,29.01,,0,0,0,69.3,73.9,74.3,0.10,0.43,0.29
ELDR,2017-08-21 06:40:00 EDT,41.53961,-74.87992,1140,55.3,55.2,55.3,97.6,54.6,0.000,0.000,0.00,0.000,0.0,0.0,0.0,0,0,0.1,1.9,0.3,38,7,0.0,0.0,0.0,0,0,9,29.01,,0,0,0,69.3,73.9,74.3,0.10,0.43,0.29
ELDR,2017-08-21 06:45:00 EDT,41.53961,-74.87992,1140,55.4,55.3,55.4,97.7,54.7,0.000,0.000,0.00,0.000,0.0,0.0,0.0,0,0,0.9,2.2,0.8,85,15,0.0,0.0,0.0,0,0,11,29.01,,0,0,0,69.3,73.9,74.3,0.10,0.43,0.29
ELDR,2017-08-21 06:50:00 EDT,41.53961,-74.87992,1140,55.4,55.3,55.4,97.8,54.8,0.000,0.000,0.00,0.000,0.1,0.6,0.2,89,11,2.0,2.7,0.6,88,6,0.1,0.6,0.2,89,11,15,29.01,,0,0,0,69.3,73.9,74.3,0.10,0.43,0.29
ELDR,2017-08-21 06:55:00 EDT,41.53961,-74.87992,1140,55.4,55.4,55.4,97.8,54.8,0.000,0.000,0.00,0.000,0.0,0.5,0.1,104,0,1.2,2.6,0.8,93,6,0.0,0.5,0.1,104,0,18,29.01,,0,0,0,69.3,73.9,74.2,0.10,0.43,0.29
ELDR,2017-08-21 07:00:00 EDT,41.53961,-74.87992,1140,55.6,55.5,55.6,97.8,55.0,0.000,0.000,0.00,0.000,0.3,0.7,0.2,93,2,2.3,2.8,0.4,88,4,0.3,0.7,0.2,93,2,21,29.01,,0,0,0,69.3,73.9,74.2,0.10,0.43,0.29
ELDR,2017-08-21 07:05:00 EDT,41.53961,-74.87992,1140,55.7,55.7,55.7,97.7,55.1,0.000,0.000,0.00,0.000,0.7,1.1,0.1,94,5,2.6,3.1,0.2,89,3,0.7,1.1,0.1,94,5,24,29.01,,0,0,0,69.1,73.9,74.2,0.10,0.43,0.29
ELDR,2017-08-21 07:10:00 EDT,41.53961,-74.87992,1140,55.8,55.7,55.8,97.5,55.1,0.000,0.000,0.00,0.000,0.2,0.9,0.3,106,6,2.2,2.9,0.3,95,6,0.2,0.9,0.3,106,6,28,29.01,,0,0,0,68.9,73.9,74.1,0.10,0.43,0.29
ELDR,2017-08-21 07:15:00 EDT,41.53961,-74.87992,1140,56.0,55.8,56.0,97.5,55.3,0.000,0.000,0.00,0.000,0.0,0.0,0.0,0,0,1.6,2.4,0.7,91,4,0.0,0.0,0.0,0,0,34,29.01,,0,0,0,68.9,73.9,74.2,0.10,0.43,0.29
ELDR,2017-08-21 07:20:00 EDT,41.53961,-74.87992,1140,56.2,56.1,56.2,97.5,55.5,0.000,0.000,0.00,0.000,0.0,0.0,0.0,0,0,0.4,1.9,0.7,73,19,0.0,0.0,0.0,0,0,39,29.01,,0,0,0,68.9,73.9,74.1,0.10,0.42,0.29
ELDR,2017-08-21 07:25:00 EDT,41.53961,-74.87992,1140,56.3,56.3,56.3,97.5,55.6,0.000,0.000,0.00,0.000,0.0,0.0,0.0,0,0,0.4,2.0,0.7,87,7,0.0,0.0,0.0,0,0,46,29.01,,0,0,0,68.9,73.7,74.0,0.10,0.42,0.29
ELDR,2017-08-21 07:30:00 EDT,41.53961,-74.87992,1140,56.6,56.7,56.6,97.5,55.9,0.000,0.000,0.00,0.000,0.0,0.5,0.1,119,0,0.6,2.1,0.8,99,12,0.0,0.5,0.1,119,0,41,29.01,,0,0,0,68.9,73.4,73.9,0.10,0.42,0.29
ELDR,2017-08-21 07:35:00 EDT,41.53961,-74.87992,1140,57.0,56.9,57.0,97.6,56.4,0.000,0.000,0.00,0.000,0.0,0.0,0.0,0,0,0.7,2.1,0.7,118,11,0.0,0.0,0.0,0,0,37,29.01,,0,0,0,68.9,73.4,74.0,0.10,0.42,0.29
ELDR,2017-08-21 07:40:00 EDT,41.53961,-74.87992,1140,57.2,57.0,57.2,97.5,56.5,0.000,0.000,0.00,0.000,0.0,0.0,0.0,0,0,0.2,1.5,0.4,201,39,0.0,0.0,0.0,0,0,38,29.02,,0,0,0,68.9,73.4,74.0,0.10,0.42,0.29
ELDR,2017-08-21 07:45:00 EDT,41.53961,-74.87992,1140,57.5,57.5,57.5,97.5,56.8,0.000,0.000,0.00,0.000,0.0,0.0,0.0,0,0,0.2,1.7,0.5,102,8,0.0,0.0,0.0,0,0,44,29.02,,0,0,0,68.9,73.4,73.9,0.10,0.42,0.29
ELDR,2017-08-21 07:50:00 EDT,41.53961,-74.87992,1140,57.7,57.8,57.7,97.3,56.9,0.000,0.000,0.00,0.000,0.0,0.0,0.0,0,0,0.2,1.5,0.5,106,2,0.0,0.0,0.0,0,0,49,29.02,,0,0,0,68.8,73.4,73.9,0.10,0.42,0.29
ELDR,2017-08-21 07:55:00 EDT,41.53961,-74.87992,1140,58.2,58.3,58.2,97.2,57.4,0.000,0.000,0.00,0.000,0.0,0.0,0.0,0,0,0.0,0.0,0.0,0,0,0.0,0.0,0.0,0,0,61,29.02,,0,0,0,68.6,73.4,73.9,0.10,0.42,0.29
ELDR,2017-08-21 08:00:00 EDT,41.53961,-74.87992,1140,58.6,58.7,58.6,97.2,57.8,0.000,0.000,0.00,0.000,0.0,0.0,0.0,0,0,0.0,0.9,0.1,154,0,0.0,0.0,0.0,0,0,114,29.02,,0,0,0,68.6,73.4,73.9,0.10,0.42,0.29
ELDR,2017-08-21 08:05:00 EDT,41.53961,-74.87992,1140,59.0,59.5,59.0,96.8,58.1,0.000,0.000,0.00,0.000,0.0,0.0,0.0,0,0,0.0,0.8,0.1,158,0,0.0,0.0,0.0,0,0,230,29.02,,0,0,0,68.5,73.4,73.9,0.10,0.42,0.29
ELDR,2017-08-21 08:10:00 EDT,41.53961,-74.87992,1140,59.5,59.7,59.5,96.8,58.6,0.000,0.000,0.00,0.000,0.0,0.0,0.0,0,0,0.0,0.0,0.0,0,0,0.0,0.0,0.0,0,0,254,29.02,,0,0,0,68.5,73.4,73.9,0.10,0.42,0.29
ELDR,2017-08-21 08:15:00 EDT,41.53961,-74.87992,1140,59.7,60.2,59.7,96.4,58.7,0.000,0.000,0.00,0.000,0.0,0.0,0.0,0,0,0.0,0.0,0.0,0,0,0.0,0.0,0.0,0,0,180,29.02,,0,0,0,68.5,73.4,73.9,0.10,0.42,0.29
ELDR,2017-08-21 08:20:00 EDT,41.53961,-74.87992,1140,60.1,60.8,60.1,94.5,58.5,0.000,0.000,0.00,0.000,0.0,0.0,0.0,0,0,0.0,0.0,0.0,0,0,0.0,0.0,0.0,0,0,261,29.01,,0,0,0,68.5,73.4,73.9,0.10,0.42,0.29
ELDR,2017-08-21 08:25:00 EDT,41.53961,-74.87992,1140,60.4,61.2,60.4,89.6,57.3,0.000,0.000,0.00,0.000,0.0,0.0,0.0,0,0,0.2,1.4,0.4,183,4,0.0,0.0,0.0,0,0,258,29.01,,0,0,0,68.5,73.4,73.9,0.10,0.42,0.29
ELDR,2017-08-21 08:30:00 EDT,41.53961,-74.87992,1140,60.8,62.3,60.8,87.0,56.9,0.000,0.000,0.00,0.000,0.3,1.2,0.4,147,12,0.4,1.6,0.5,153,13,0.3,1.2,0.4,147,12,290,29.01,,0,0,0,68.5,73.3,73.9,0.10,0.42,0.29
ELDR,2017-08-21 08:35:00 EDT,41.53961,-74.87992,1140,61.1,62.3,61.1,87.4,57.3,0.000,0.000,0.00,0.000,0.0,0.0,0.0,0,0,0.1,1.0,0.3,178,8,0.0,0.0,0.0,0,0,323,29.01,,0,0,0,68.5,73.1,73.9,0.10,0.42,0.29
ELDR,2017-08-21 08:40:00 EDT,41.53961,-74.87992,1140,61.9,63.2,61.9,88.2,58.3,0.000,0.000,0.00,0.000,0.0,0.5,0.1,163,5,0.1,1.2,0.3,157,21,0.0,0.5,0.1,163,5,334,29.01,,0,0,0,68.5,73.0,73.9,0.10,0.42,0.29
ELDR,2017-08-21 08:45:00 EDT,41.53961,-74.87992,1140,62.6,63.6,62.6,86.6,58.6,0.000,0.000,0.00,0.000,0.0,0.0,0.0,0,0,0.1,1.0,0.3,204,20,0.0,0.0,0.0,0,0,352,29.01,,0,0,0,68.5,73.0,73.9,0.10,0.42,0.29
ELDR,2017-08-21 08:50:00 EDT,41.53961,-74.87992,1140,63.2,64.4,63.2,85.7,58.9,0.000,0.000,0.00,0.000,0.0,0.0,0.0,0,0,0.1,1.1,0.2,248,9,0.0,0.0,0.0,0,0,369,29.01,,0,0,0,68.5,73.0,73.9,0.10,0.42,0.29
ELDR,2017-08-21 08:55:00 EDT,41.53961,-74.87992,1140,63.9,65.3,63.9,86.0,59.6,0.000,0.000,0.00,0.000,0.1,1.1,0.3,121,5,0.3,1.8,0.5,148,16,0.1,1.1,0.3,121,5,380,29.00,,0,0,0,68.5,73.0,73.9,0.10,0.42,0.29
ELDR,2017-08-21 09:00:00 EDT,41.53961,-74.87992,1140,64.4,65.7,64.4,86.8,60.4,0.000,0.000,0.00,0.000,0.1,0.7,0.2,124,6,0.3,1.6,0.4,136,15,0.1,0.7,0.2,124,6,394,29.00,,0,0,0,68.6,73.0,73.9,0.10,0.42,0.29
ELDR,2017-08-21 09:05:00 EDT,41.53961,-74.87992,1140,64.9,65.9,64.9,86.1,60.7,0.000,0.000,0.00,0.000,0.2,1.2,0.3,238,18,0.4,1.9,0.6,228,34,0.2,1.2,0.3,238,18,415,29.00,,0,0,0,68.9,73.0,73.9,0.10,0.42,0.29
ELDR,2017-08-21 09:10:00 EDT,41.53961,-74.87992,1140,66.6,66.8,66.6,84.2,61.7,0.000,0.000,0.00,0.000,0.1,1.2,0.2,331,9,0.3,1.5,0.5,338,38,0.1,1.2,0.2,331,9,436,29.00,,0,0,0,68.9,73.0,73.9,0.10,0.42,0.29
ELDR,2017-08-21 09:15:00 EDT,41.53961,-74.87992,1140,66.7,67.2,66.7,82.9,61.4,0.000,0.000,0.00,0.000,0.0,0.4,0.1,192,0,0.2,1.2,0.4,227,16,0.0,0.4,0.1,192,0,462,29.00,,0,0,0,68.9,73.0,73.9,0.10,0.42,0.29
ELDR,2017-08-21 09:20:00 EDT,41.53961,-74.87992,1140,67.3,67.6,67.3,83.1,62.0,0.000,0.000,0.00,0.000,0.1,0.9,0.2,166,15,0.4,1.3,0.5,212,29,0.1,0.9,0.2,166,15,471,29.00,,0,0,0,68.9,73.0,73.9,0.10,0.42,0.29
ELDR,2017-08-21 09:25:00 EDT,41.53961,-74.87992,1140,68.8,68.3,68.8,80.7,62.6,0.000,0.000,0.00,0.000,0.9,2.0,0.6,303,13,1.2,2.3,0.6,300,19,0.9,2.0,0.6,303,13,487,29.00,,0,0,0,69.2,73.0,73.9,0.10,0.42,0.29
ELDR,2017-08-21 09:30:00 EDT,41.53961,-74.87992,1140,68.5,68.6,68.5,80.2,62.2,0.000,0.000,0.00,0.000,0.3,1.2,0.4,313,7,0.6,1.8,0.5,280,28,0.3,1.2,0.4,313,7,465,29.00,,0,0,0,69.3,73.0,73.9,0.10,0.42,0.29
ELDR,2017-08-21 09:35:00 EDT,41.53961,-74.87992,1140,68.5,68.6,68.5,80.1,62.2,0.000,0.000,0.00,0.000,0.3,1.6,0.5,251,19,0.9,2.0,0.6,242,38,0.3,1.6,0.5,251,19,373,29.00,,0,0,0,69.3,73.0,73.9,0.10,0.42,0.29
ELDR,2017-08-21 09:40:00 EDT,41.53961,-74.87992,1140,68.5,68.8,68.5,80.3,62.2,0.000,0.000,0.00,0.000,0.8,2.0,0.6,256,25,1.1,2.4,0.7,263,23,0.8,2.0,0.6,256,25,332,29.00,,0,0,0,69.6,73.0,73.9,0.10,0.42,0.29
ELDR,2017-08-21 09:45:00 EDT,41.53961,-74.87992,1140,69.5,68.9,69.5,80.3,63.1,0.000,0.000,0.00,0.000,1.2,2.0,0.5,276,19,1.6,2.4,0.5,277,21,1.2,2.0,0.5,276,19,409,29.00,,0,0,0,69.6,73.0,73.9,0.10,0.42,0.29
ELDR,2017-08-21 09:50:00 EDT,41.53961,-74.87992,1140,69.8,69.1,69.8,79.3,63.1,0.000,0.000,0.00,0.000,0.6,1.5,0.5,302,45,0.9,2.5,0.6,299,39,0.6,1.5,0.5,302,45,507,29.00,,0,0,0,69.9,73.0,73.9,0.10,0.42,0.29
ELDR,2017-08-21 09:55:00 EDT,41.53961,-74.87992,1140,70.7,69.6,70.7,77.8,63.4,0.000,0.000,0.00,0.000,0.0,0.6,0.1,45,20,0.3,1.3,0.4,146,42,0.0,0.6,0.1,45,20,549,29.00,,0,0,0,70.0,73.0,73.9,0.10,0.42,0.29
ELDR,2017-08-21 10:00:00 EDT,41.53961,-74.87992,1140,70.7,70.5,70.7,75.1,62.4,0.000,0.000,0.00,0.000,0.6,1.8,0.5,224,38,1.0,2.3,0.6,223,38,0.6,1.8,0.5,224,38,541,29.00,,0,0,0,70.2,72.9,73.9,0.10,0.42,0.29
ELDR,2017-08-21 10:05:00 EDT,41.53961,-74.87992,1140,72.1,71.5,72.1,73.5,63.2,0.000,0.000,0.00,0.000,0.4,2.5,0.6,189,11,0.8,2.4,0.7,208,34,0.4,2.5,0.6,189,11,573,29.00,,0,0,0,70.3,72.7,73.9,0.10,0.42,0.29
ELDR,2017-08-21 10:10:00 EDT,41.53961,-74.87992,1140,72.4,71.8,72.4,72.5,63.1,0.000,0.000,0.00,0.000,1.0,2.3,0.7,260,37,1.4,3.3,0.9,265,34,1.0,2.3,0.7,260,37,592,29.01,,0,0,0,70.5,72.7,73.9,0.10,0.42,0.29
ELDR,2017-08-21 10:15:00 EDT,41.53961,-74.87992,1140,72.8,72.1,72.8,71.1,62.9,0.000,0.000,0.00,0.000,1.3,3.2,0.7,242,44,1.8,4.3,0.7,245,54,1.3,3.2,0.7,242,44,605,29.01,,0,0,0,70.7,72.7,73.9,0.10,0.42,0.29
ELDR,2017-08-21 10:20:00 EDT,41.53961,-74.87992,1140,72.9,72.7,72.9,71.5,63.1,0.000,0.000,0.00,0.000,1.1,2.4,0.6,264,33,1.6,3.5,0.8,265,34,1.1,2.4,0.6,264,33,622,29.01,,0,0,0,70.8,72.7,73.9,0.10,0.42,0.29
ELDR,2017-08-21 10:25:00 EDT,41.53961,-74.87992,1140,73.4,73.1,73.4,70.4,63.2,0.000,0.000,0.00,0.000,1.4,3.3,0.9,277,33,1.8,4.5,1.1,280,32,1.4,3.3,0.9,277,33,636,29.00,,0,0,0,71.1,72.7,73.7,0.10,0.42,0.29
ELDR,2017-08-21 10:30:00 EDT,41.53961,-74.87992,1140,74.8,74.0,74.8,69.5,64.2,0.000,0.000,0.00,0.000,1.2,3.7,0.9,275,34,1.7,4.6,1.0,271,32,1.2,3.7,0.9,275,34,642,29.00,,0,0,0,71.3,72.7,73.6,0.10,0.42,0.29
ELDR,2017-08-21 10:35:00 EDT,41.53961,-74.87992,1140,74.5,74.1,74.5,68.3,63.4,0.000,0.000,0.00,0.000,1.3,3.6,0.8,287,30,1.8,4.0,0.8,284,34,1.3,3.6,0.8,287,30,584,29.00,,0,0,0,71.4,72.7,73.5,0.10,0.42,0.29
ELDR,2017-08-21 10:40:00 EDT,41.53961,-74.87992,1140,75.4,74.7,75.4,67.9,64.1,0.000,0.000,0.00,0.000,0.9,3.3,0.8,179,48,1.5,3.8,0.9,185,57,0.9,3.3,0.8,179,48,659,29.00,,0,0,0,71.7,72.7,73.5,0.10,0.42,0.29
ELDR,2017-08-21 10:45:00 EDT,41.53961,-74.87992,1140,75.2,74.7,75.2,69.5,64.5,0.000,0.000,0.00,0.000,0.6,4.0,0.8,257,41,1.2,4.8,0.9,228,51,0.6,4.0,0.8,257,41,669,29.00,,0,0,0,71.9,72.7,73.4,0.10,0.42,0.29
ELDR,2017-08-21 10:50:00 EDT,41.53961,-74.87992,1140,75.6,74.9,75.6,67.9,64.2,0.000,0.000,0.00,0.000,0.6,2.3,0.6,237,34,1.2,3.8,0.9,241,40,0.6,2.3,0.6,237,34,678,29.01,,0,0,0,72.3,72.7,73.4,0.10,0.42,0.29
ELDR,2017-08-21 10:55:00 EDT,41.53961,-74.87992,1140,76.0,75.4,76.0,66.6,64.1,0.000,0.000,0.00,0.000,0.8,2.4,0.6,280,49,1.4,3.1,0.8,271,54,0.8,2.4,0.6,280,49,688,29.01,,0,0,0,72.5,72.7,73.4,0.10,0.42,0.29
ELDR,2017-08-21 11:00:00 EDT,41.53961,-74.87992,1140,76.7,75.7,76.7,65.8,64.4,0.000,0.000,0.00,0.000,0.5,2.8,0.7,138,58,1.3,3.5,0.8,77,68,0.5,2.8,0.7,138,58,701,29.01,,0,0,0,72.7,72.7,73.4,0.10,0.42,0.29
ELDR,2017-08-21 11:05:00 EDT,41.53961,-74.87992,1140,77.1,76.4,77.1,62.5,63.3,0.000,0.000,0.00,0.000,0.8,2.7,0.8,169,39,1.3,3.3,0.8,169,56,0.8,2.7,0.8,169,39,728,29.00,,0,0,0,73.0,72.7,73.4,0.10,0.42,0.29
ELDR,2017-08-21 11:10:00 EDT,41.53961,-74.87992,1140,77.6,76.3,77.6,63.4,64.2,0.000,0.000,0.00,0.000,2.9,4.7,1.3,285,22,3.5,5.8,1.4,289,20,2.9,4.7,1.3,285,22,715,29.00,,0,0,0,73.2,72.7,73.4,0.10,0.42,0.29
ELDR,2017-08-21 11:15:00 EDT,41.53961,-74.87992,1140,77.7,76.7,77.7,61.6,63.4,0.000,0.000,0.00,0.000,3.2,6.6,1.4,286,29,3.8,7.2,1.6,289,28,3.2,6.6,1.4,286,29,725,29.00,,0,0,0,73.5,72.7,73.4,0.10,0.42,0.29
ELDR,2017-08-21 11:20:00 EDT,41.53961,-74.87992,1140,77.9,76.7,77.9,60.9,63.4,0.000,0.000,0.00,0.000,1.4,5.6,1.4,283,42,1.9,6.6,1.5,284,51,1.4,5.6,1.4,283,42,728,29.00,,0,0,0,73.9,72.7,73.4,0.10,0.42,0.29
ELDR,2017-08-21 11:25:00 EDT,41.53961,-74.87992,1140,78.5,77.5,78.5,59.4,63.2,0.000,0.000,0.00,0.000,1.3,4.7,1.2,85,61,1.9,5.4,1.3,81,62,1.3,4.7,1.2,85,61,742,29.00,,0,0,0,74.1,72.7,73.4,0.10,0.42,0.29
ELDR,2017-08-21 11:30:00 EDT,41.53961,-74.87992,1140,77.7,77.1,77.7,59.8,62.6,0.000,0.000,0.00,0.000,1.6,4.4,1.0,307,57,1.9,5.6,1.3,306,49,1.6,4.4,1.0,307,57,767,29.00,,0,0,0,74.4,72.7,73.4,0.10,0.42,0.29
ELDR,2017-08-21 11:35:00 EDT,41.53961,-74.87992,1140,78.7,77.5,78.7,58.0,62.7,0.000,0.000,0.00,0.000,1.6,6.9,1.3,198,69,2.2,9.1,1.6,183,68,1.6,6.9,1.3,198,69,781,28.99,,0,0,0,74.7,72.7,73.4,0.10,0.42,0.29
ELDR,2017-08-21 11:40:00 EDT,41.53961,-74.87992,1140,78.9,77.9,78.9,58.5,63.1,0.000,0.000,0.00,0.000,3.0,6.9,1.5,273,39,3.6,7.8,1.8,276,39,3.0,6.9,1.5,273,39,768,28.99,,0,0,0,74.9,72.7,73.4,0.10,0.42,0.29
ELDR,2017-08-21 11:45:00 EDT,41.53961,-74.87992,1140,78.5,77.7,78.5,57.9,62.4,0.000,0.000,0.00,0.000,2.1,6.4,1.6,270,41,3.0,8.1,1.9,271,34,2.1,6.4,1.6,270,41,793,28.99,,0,0,0,75.1,72.7,73.4,0.10,0.42,0.29
ELDR,2017-08-21 11:50:00 EDT,41.53961,-74.87992,1140,79.8,78.7,79.8,59.0,64.2,0.000,0.000,0.00,0.000,1.5,4.7,1.2,278,56,2.3,5.1,1.3,296,55,1.5,4.7,1.2,278,56,719,28.98,,0,0,0,75.6,72.7,73.4,0.10,0.42,0.29
ELDR,2017-08-21 11:55:00 EDT,41.53961,-74.87992,1140,79.3,78.5,79.3,57.5,63.0,0.000,0.000,0.00,0.000,2.3,8.0,1.6,272,50,3.2,8.9,1.8,279,53,2.3,8.0,1.6,272,50,561,28.98,,0,0,0,75.8,72.7,73.4,0.10,0.42,0.29
ELDR,2017-08-21 12:00:00 EDT,41.53961,-74.87992,1140,78.9,77.9,78.9,58.1,62.9,0.000,0.000,0.00,0.000,2.7,7.7,1.7,296,37,3.3,10.2,1.9,299,34,2.7,7.7,1.7,296,37,676,28.98,,0,0,0,75.9,72.7,73.4,0.10,0.42,0.29
ELDR,2017-08-21 12:05:00 EDT,41.53961,-74.87992,1140,79.3,78.3,79.3,57.1,62.8,0.000,0.000,0.00,0.000,2.0,6.6,1.8,290,37,2.7,7.8,1.8,288,41,2.0,6.6,1.8,290,37,504,28.98,,0,0,0,76.4,72.7,73.4,0.10,0.42,0.29
ELDR,2017-08-21 12:10:00 EDT,41.53961,-74.87992,1140,78.4,78.0,78.4,57.1,62.0,0.000,0.000,0.00,0.000,1.2,3.7,0.8,57,73,1.8,4.7,1.0,47,73,1.2,3.7,0.8,57,73,411,28.98,,0,0,0,76.5,72.7,73.4,0.10,0.42,0.29
ELDR,2017-08-21 12:15:00 EDT,41.53961,-74.87992,1140,78.6,77.8,78.6,60.4,63.8,0.000,0.000,0.00,0.000,1.1,3.1,0.8,43,52,1.5,4.1,0.9,48,60,1.1,3.1,0.8,43,52,391,28.98,,0,0,0,76.8,72.7,73.4,0.10,0.42,0.29
ELDR,2017-08-21 12:20:00 EDT,41.53961,-74.87992,1140,78.1,77.8,78.1,59.5,62.9,0.000,0.000,0.00,0.000,1.6,4.5,1.1,280,47,2.2,5.6,1.3,281,45,1.6,4.5,1.1,280,47,409,28.98,,0,0,0,77.0,72.7,73.4,0.10,0.42,0.29
ELDR,2017-08-21 12:25:00 EDT,41.53961,-74.87992,1140,78.5,77.9,78.5,59.2,63.1,0.000,0.000,0.00,0.000,1.6,3.3,0.8,283,52,2.2,4.5,0.8,293,53,1.6,3.3,0.8,283,52,516,28.97,,0,0,0,77.2,72.7,73.4,0.10,0.42,0.29
ELDR,2017-08-21 12:30:00 EDT,41.53961,-74.87992,1140,78.7,78.2,78.7,58.5,63.0,0.000,0.000,0.00,0.000,2.0,5.2,1.4,287,22,2.5,6.9,1.7,289,22,2.0,5.2,1.4,287,22,387,28.97,,0,0,0,77.2,72.7,73.4,0.10,0.42,0.29
ELDR,2017-08-21 12:35:00 EDT,41.53961,-74.87992,1140,78.3,77.8,78.3,58.2,62.4,0.000,0.000,0.00,0.000,1.9,5.1,1.3,274,26,2.6,5.9,1.4,277,28,1.9,5.1,1.3,274,26,453,28.97,,0,0,0,77.7,72.7,73.4,0.10,0.42,0.29
ELDR,2017-08-21 12:40:00 EDT,41.53961,-74.87992,1140,78.5,78.5,78.5,60.0,63.5,0.000,0.000,0.00,0.000,1.5,3.9,1.0,268,47,2.2,5.8,1.2,274,45,1.5,3.9,1.0,268,47,717,28.97,,0,0,0,77.7,72.7,73.4,0.10,0.42,0.29
ELDR,2017-08-21 12:45:00 EDT,41.53961,-74.87992,1140,79.8,79.0,79.8,57.6,63.5,0.000,0.000,0.00,0.000,2.9,6.8,1.7,282,30,3.7,8.3,1.8,278,31,2.9,6.8,1.7,282,30,690,28.97,,0,0,0,78.0,72.7,73.3,0.10,0.42,0.29
ELDR,2017-08-21 12:50:00 EDT,41.53961,-74.87992,1140,80.2,79.2,81.7,57.3,63.7,0.000,0.000,0.00,0.000,2.8,6.4,1.7,28,72,3.5,7.6,1.9,53,73,2.8,6.4,1.7,28,72,717,28.96,,0,0,0,78.1,72.7,73.4,0.10,0.42,0.29
ELDR,2017-08-21 12:55:00 EDT,41.53961,-74.87992,1140,81.6,80.1,83.4,57.1,64.9,0.000,0.000,0.00,0.000,1.2,4.7,1.1,97,51,1.9,5.8,1.3,102,55,1.2,4.7,1.1,97,51,793,28.96,,0,0,0,78.1,72.7,73.3,0.10,0.42,0.29
ELDR,2017-08-21 13:00:00 EDT,41.53961,-74.87992,1140,79.8,79.2,79.8,56.2,62.8,0.000,0.000,0.00,0.000,2.0,5.4,1.5,276,57,2.7,6.4,1.5,281,60,2.0,5.4,1.5,276,57,603,28.96,,0,0,0,78.2,72.7,73.3,0.10,0.42,0.29
ELDR,2017-08-21 13:05:00 EDT,41.53961,-74.87992,1140,79.4,78.9,79.4,57.9,63.3,0.000,0.000,0.00,0.000,1.5,4.6,1.1,279,55,2.1,5.8,1.3,279,57,1.5,4.6,1.1,279,55,295,28.97,,0,0,0,78.6,72.7,73.2,0.10,0.42,0.29
ELDR,2017-08-21 13:10:00 EDT,41.53961,-74.87992,1140,79.3,78.6,79.3,59.8,64.1,0.000,0.000,0.00,0.000,2.8,4.9,0.8,294,29,3.1,5.4,0.9,296,27,2.8,4.9,0.8,294,29,573,28.97,,0,0,0,78.6,72.8,73.1,0.10,0.42,0.29
ELDR,2017-08-21 13:15:00 EDT,41.53961,-74.87992,1140,80.0,79.1,80.0,59.0,64.4,0.000,0.000,0.00,0.000,3.6,7.5,2.4,298,20,4.4,9.9,2.3,303,20,3.6,7.5,2.4,298,20,583,28.97,,0,0,0,79.0,73.0,73.1,0.10,0.42,0.29
ELDR,2017-08-21 13:20:00 EDT,41.53961,-74.87992,1140,80.0,79.2,81.8,59.2,64.5,0.000,0.000,0.00,0.000,2.5,5.5,1.3,280,22,3.0,6.4,1.3,281,19,2.5,5.5,1.3,280,22,576,28.97,,0,0,0,79.2,73.0,73.1,0.10,0.42,0.29
ELDR,2017-08-21 13:25:00 EDT,41.53961,-74.87992,1140,80.1,79.5,81.7,58.3,64.1,0.000,0.000,0.00,0.000,1.9,5.5,1.6,281,40,2.7,7.2,1.6,289,54,1.9,5.5,1.6,281,40,653,28.97,,0,0,0,79.2,73.0,73.1,0.10,0.42,0.29
ELDR,2017-08-21 13:30:00 EDT,41.53961,-74.87992,1140,80.6,79.9,82.5,60.0,65.4,0.000,0.000,0.00,0.000,1.9,4.9,1.2,249,63,2.6,6.3,1.3,250,65,1.9,4.9,1.2,249,63,725,28.97,,0,0,0,79.5,73.0,73.0,0.10,0.42,0.29
ELDR,2017-08-21 13:35:00 EDT,41.53961,-74.87992,1140,80.7,79.6,82.4,58.1,64.6,0.000,0.000,0.00,0.000,3.6,7.6,1.6,280,17,4.2,8.4,1.9,281,16,3.6,7.6,1.6,280,17,744,28.96,,0,0,0,79.5,73.0,73.0,0.10,0.42,0.29
ELDR,2017-08-21 13:40:00 EDT,41.53961,-74.87992,1140,81.0,79.9,82.9,59.2,65.4,0.000,0.000,0.00,0.000,2.4,8.4,1.7,265,60,3.1,9.6,2.0,271,59,2.4,8.4,1.7,265,60,591,28.96,,0,0,0,79.6,73.0,73.0,0.10,0.42,0.29
ELDR,2017-08-21 13:45:00 EDT,41.53961,-74.87992,1140,80.7,79.8,82.7,59.5,65.3,0.000,0.000,0.00,0.000,2.9,7.4,1.6,261,33,3.7,8.9,1.9,268,33,2.9,7.4,1.6,261,33,500,28.96,,0,0,0,80.1,73.0,73.0,0.10,0.42,0.29
ELDR,2017-08-21 13:50:00 EDT,41.53961,-74.87992,1140,79.7,79.3,79.7,61.9,65.5,0.000,0.000,0.00,0.000,3.1,7.7,2.4,287,22,3.7,9.4,2.5,290,20,3.1,7.7,2.4,287,22,295,28.96,,0,0,0,80.1,73.0,73.0,0.10,0.42,0.29
ELDR,2017-08-21 13:55:00 EDT,41.53961,-74.87992,1140,79.6,79.2,79.6,61.5,65.2,0.000,0.000,0.00,0.000,3.1,8.7,1.8,285,29,4.0,9.8,1.9,286,32,3.1,8.7,1.8,285,29,325,28.96,,0,0,0,80.2,73.0,73.0,0.10,0.42,0.29
ELDR,2017-08-21 14:00:00 EDT,41.53961,-74.87992,1140,80.1,79.5,82.2,62.5,66.1,0.000,0.000,0.00,0.000,3.3,8.1,1.6,285,25,3.7,9.9,2.0,288,25,3.3,8.1,1.6,285,25,565,28.96,,0,0,0,80.4,73.0,73.0,0.10,0.42,0.29
ELDR,2017-08-21 14:05:00 EDT,41.53961,-74.87992,1140,80.3,79.8,82.1,59.4,64.8,0.000,0.000,0.00,0.000,2.6,6.6,1.6,278,27,3.4,7.6,1.7,282,27,2.6,6.6,1.6,278,27,504,28.95,,0,0,0,80.4,73.0,73.0,0.10,0.42,0.29
ELDR,2017-08-21 14:10:00 EDT,41.53961,-74.87992,1140,80.0,79.7,80.0,61.8,65.7,0.000,0.000,0.00,0.000,1.1,4.7,0.9,283,40,1.6,5.4,1.1,287,39,1.1,4.7,0.9,283,40,289,28.95,,0,0,0,80.9,73.0,73.0,0.10,0.42,0.29
ELDR,2017-08-21 14:15:00 EDT,41.53961,-74.87992,1140,79.7,79.3,79.7,61.1,65.1,0.000,0.000,0.00,0.000,2.6,5.4,1.0,270,23,3.0,6.9,1.2,274,22,2.6,5.4,1.0,270,23,249,28.95,,0,0,0,81.0,73.1,73.0,0.10,0.42,0.29
ELDR,2017-08-21 14:20:00 EDT,41.53961,-74.87992,1140,79.2,78.9,79.2,62.5,65.3,0.000,0.000,0.00,0.000,1.8,4.1,0.9,267,20,2.2,5.0,0.9,271,20,1.8,4.1,0.9,267,20,163,28.94,,0,0,0,81.0,73.1,73.0,0.10,0.42,0.29
ELDR,2017-08-21 14:25:00 EDT,41.53961,-74.87992,1140,78.6,78.7,78.6,65.0,65.9,0.000,0.000,0.00,0.000,2.1,5.5,1.3,265,29,2.5,6.2,1.5,272,26,2.1,5.5,1.3,265,29,274,28.94,,0,0,0,81.0,73.3,73.0,0.10,0.42,0.29
ELDR,2017-08-21 14:30:00 EDT,41.53961,-74.87992,1140,79.0,78.9,79.0,65.6,66.5,0.000,0.000,0.00,0.000,0.9,3.1,0.8,276,29,1.4,4.0,0.9,283,30,0.9,3.1,0.8,276,29,256,28.94,,0,0,0,81.0,73.4,73.0,0.10,0.42,0.29
ELDR,2017-08-21 14:35:00 EDT,41.53961,-74.87992,1140,78.5,78.6,78.5,65.9,66.2,0.000,0.000,0.00,0.000,1.0,4.1,1.0,275,54,1.7,4.5,1.0,288,56,1.0,4.1,1.0,275,54,184,28.94,,0,0,0,81.3,73.4,73.0,0.10,0.42,0.29
ELDR,2017-08-21 14:40:00 EDT,41.53961,-74.87992,1140,78.2,78.4,78.2,67.9,66.7,0.000,0.000,0.00,0.000,0.2,1.8,0.4,293,35,0.8,2.9,0.7,291,55,0.2,1.8,0.4,293,35,188,28.94,,0,0,0,81.5,73.4,73.0,0.10,0.42,0.29
ELDR,2017-08-21 14:45:00 EDT,41.53961,-74.87992,1140,78.3,78.3,78.3,66.9,66.4,0.000,0.000,0.00,0.000,0.5,1.6,0.5,302,58,0.8,3.2,0.8,314,51,0.5,1.6,0.5,302,58,193,28.94,,0,0,0,81.5,73.4,73.0,0.10,0.42,0.29
ELDR,2017-08-21 14:50:00 EDT,41.53961,-74.87992,1140,78.3,78.2,78.3,67.9,66.8,0.000,0.000,0.00,0.000,0.4,1.9,0.5,46,38,0.9,2.4,0.6,2,50,0.4,1.9,0.5,46,38,197,28.94,,0,0,0,81.5,73.4,73.0,0.10,0.42,0.29
ELDR,2017-08-21 14:55:00 EDT,41.53961,-74.87992,1140,78.5,78.3,78.5,68.5,67.2,0.000,0.000,0.00,0.000,0.5,1.8,0.4,255,40,0.9,2.0,0.5,240,39,0.5,1.8,0.4,255,40,221,28.93,,0,0,0,81.5,73.4,73.0,0.10,0.42,0.29
ELDR,2017-08-21 15:00:00 EDT,41.53961,-74.87992,1140,77.9,78.2,77.9,69.9,67.3,0.000,0.000,0.00,0.000,0.0,0.1,0.0,315,0,0.3,2.2,0.5,38,36,0.0,0.1,0.0,315,0,189,28.93,,0,0,0,81.5,73.4,73.0,0.10,0.42,0.29
ELDR,2017-08-21 15:05:00 EDT,41.53961,-74.87992,1140,78.1,78.4,78.1,69.9,67.5,0.000,0.000,0.00,0.000,0.7,2.5,0.8,237,38,1.2,3.2,0.9,240,46,0.7,2.5,0.8,237,38,298,28.94,,0,0,0,81.5,73.6,73.0,0.10,0.42,0.29
ELDR,2017-08-21 15:10:00 EDT,41.53961,-74.87992,1140,79.3,78.6,79.3,69.5,68.4,0.000,0.000,0.00,0.000,0.7,2.3,0.3,72,61,1.4,4.7,0.8,78,61,0.7,2.3,0.3,72,61,339,28.94,,0,0,0,81.5,73.8,73.0,0.10,0.42,0.29
ELDR,2017-08-21 15:15:00 EDT,41.53961,-74.87992,1140,79.4,78.9,79.4,68.4,68.1,0.000,0.000,0.00,0.000,0.6,2.2,0.6,122,31,0.9,3.3,0.9,125,38,0.6,2.2,0.6,122,31,301,28.93,,0,0,0,81.5,73.9,73.0,0.10,0.42,0.29
ELDR,2017-08-21 15:20:00 EDT,41.53961,-74.87992,1140,79.0,78.7,79.0,69.0,68.0,0.000,0.000,0.00,0.000,1.2,3.7,0.8,147,37,1.7,4.5,1.0,155,44,1.2,3.7,0.8,147,37,212,28.93,,0,0,0,81.5,73.9,73.0,0.10,0.42,0.29
ELDR,2017-08-21 15:25:00 EDT,41.53961,-74.87992,1140,79.1,78.7,79.1,69.9,68.4,0.000,0.000,0.00,0.000,0.9,3.6,0.8,216,46,1.6,4.9,1.0,214,47,0.9,3.6,0.8,216,46,391,28.93,,0,0,0,81.5,73.9,73.0,0.10,0.42,0.29
ELDR,2017-08-21 15:30:00 EDT,41.53961,-74.87992,1140,79.5,79.0,79.5,70.5,69.1,0.000,0.000,0.00,0.000,0.7,2.0,0.5,290,41,1.4,3.3,0.8,292,36,0.7,2.0,0.5,290,41,281,28.93,,0,0,0,81.5,73.9,73.0,0.10,0.42,0.29
ELDR,2017-08-21 15:35:00 EDT,41.53961,-74.87992,1140,79.8,79.2,79.8,70.0,69.1,0.000,0.000,0.00,0.000,1.5,4.5,1.0,270,55,1.9,5.0,1.1,274,58,1.5,4.5,1.0,270,55,352,28.93,,0,0,0,81.5,73.9,73.0,0.10,0.42,0.29
ELDR,2017-08-21 15:40:00 EDT,41.53961,-74.87992,1140,79.4,79.1,79.4,71.6,69.5,0.000,0.000,0.00,0.000,1.3,3.7,1.0,281,49,2.0,5.1,1.2,282,53,1.3,3.7,1.0,281,49,406,28.93,,0,0,0,81.5,73.9,73.0,0.10,0.42,0.28
ELDR,2017-08-21 15:45:00 EDT,41.53961,-74.87992,1140,79.9,79.7,79.9,69.4,68.9,0.000,0.000,0.00,0.000,1.7,5.2,1.3,223,43,2.5,7.4,1.7,230,47,1.7,5.2,1.3,223,43,547,28.93,,0,0,0,81.5,73.9,73.0,0.10,0.42,0.29
ELDR,2017-08-21 15:50:00 EDT,41.53961,-74.87992,1140,80.9,80.1,84.2,68.7,69.6,0.000,0.000,0.00,0.000,1.9,7.3,1.5,27,67,3.0,9.1,1.8,41,66,1.9,7.3,1.5,27,67,570,28.93,,0,0,0,81.5,73.9,73.0,0.10,0.42,0.29
ELDR,2017-08-21 15:55:00 EDT,41.53961,-74.87992,1140,80.9,80.1,84.2,67.9,69.3,0.000,0.000,0.00,0.000,2.2,8.1,1.8,286,51,3.3,10.2,2.1,300,53,2.2,8.1,1.8,286,51,581,28.93,,0,0,0,81.5,73.9,73.0,0.10,0.42,0.29
ELDR,2017-08-21 16:00:00 EDT,41.53961,-74.87992,1140,80.5,79.9,83.5,68.1,69.0,0.000,0.000,0.00,0.000,1.9,4.4,1.0,268,48,2.8,6.1,1.4,265,50,1.9,4.4,1.0,268,48,503,28.92,,0,0,0,81.5,74.0,73.0,0.10,0.42,0.29
ELDR,2017-08-21 16:05:00 EDT,41.53961,-74.87992,1140,80.7,80.1,84.0,69.3,69.7,0.000,0.000,0.00,0.000,3.4,9.0,1.9,282,37,4.3,11.3,2.3,286,37,3.4,9.0,1.9,282,37,455,28.92,,0,0,0,81.5,74.2,73.0,0.10,0.42,0.29
ELDR,2017-08-21 16:10:00 EDT,41.53961,-74.87992,1140,80.5,79.9,83.6,69.4,69.5,0.000,0.000,0.00,0.000,1.9,5.6,1.0,320,60,2.6,6.4,1.3,321,57,1.9,5.6,1.0,320,60,445,28.92,,0,0,0,81.5,74.3,73.0,0.10,0.42,0.29
ELDR,2017-08-21 16:15:00 EDT,41.53961,-74.87992,1140,81.3,80.5,84.9,68.7,70.0,0.000,0.000,0.00,0.000,1.5,5.3,1.2,304,54,2.3,6.8,1.4,297,63,1.5,5.3,1.2,304,54,532,28.92,,0,0,0,81.5,74.3,73.0,0.10,0.42,0.29
ELDR,2017-08-21 16:20:00 EDT,41.53961,-74.87992,1140,80.8,80.4,84.0,68.2,69.3,0.000,0.000,0.00,0.000,2.2,5.8,1.3,129,60,3.1,7.7,1.6,141,61,2.2,5.8,1.3,129,60,515,28.92,,0,0,0,81.5,74.3,73.0,0.10,0.42,0.29
ELDR,2017-08-21 16:25:00 EDT,41.53961,-74.87992,1140,80.2,79.9,83.2,69.7,69.4,0.000,0.000,0.00,0.000,2.1,4.2,1.0,230,60,3.2,6.6,1.3,234,60,2.1,4.2,1.0,230,60,162,28.92,,0,0,0,81.7,74.3,73.0,0.10,0.42,0.29
ELDR,2017-08-21 16:30:00 EDT,41.53961,-74.87992,1140,79.7,79.4,79.7,72.1,69.9,0.000,0.000,0.00,0.000,1.1,3.2,0.9,321,50,1.5,4.4,1.2,312,58,1.1,3.2,0.9,321,50,191,28.92,,0,0,0,82.0,74.3,73.0,0.10,0.42,0.29
ELDR,2017-08-21 16:35:00 EDT,41.53961,-74.87992,1140,79.7,79.4,79.7,71.3,69.6,0.000,0.000,0.00,0.000,1.5,6.4,1.3,197,52,2.1,7.3,1.4,202,58,1.5,6.4,1.3,197,52,289,28.92,,0,0,0,82.0,74.3,73.0,0.10,0.42,0.29
ELDR,2017-08-21 16:40:00 EDT,41.53961,-74.87992,1140,80.2,79.8,83.4,71.0,69.9,0.000,0.000,0.00,0.000,1.6,5.2,1.4,288,63,2.5,7.3,1.7,297,66,1.6,5.2,1.4,288,63,200,28.92,,0,0,0,82.0,74.3,73.0,0.10,0.42,0.29
ELDR,2017-08-21 16:45:00 EDT,41.53961,-74.87992,1140,79.8,79.5,79.8,70.8,69.5,0.000,0.000,0.00,0.000,0.7,4.2,0.9,333,56,1.2,5.2,1.0,344,64,0.7,4.2,0.9,333,56,304,28.92,,0,0,0,82.0,74.4,73.0,0.10,0.42,0.29
ELDR,2017-08-21 16:50:00 EDT,41.53961,-74.87992,1140,80.2,80.0,83.4,71.2,70.0,0.000,0.000,0.00,0.000,2.4,5.7,1.0,281,32,3.3,7.4,1.4,281,30,2.4,5.7,1.0,281,32,233,28.92,,0,0,0,82.0,74.6,73.0,0.10,0.42,0.29
ELDR,2017-08-21 16:55:00 EDT,41.53961,-74.87992,1140,80.2,80.0,83.4,70.5,69.8,0.000,0.000,0.00,0.000,1.5,5.0,1.3,308,60,2.2,6.4,1.6,325,62,1.5,5.0,1.3,308,60,292,28.92,,0,0,0,82.0,74.7,73.0,0.10,0.42,0.29
ELDR,2017-08-21 17:00:00 EDT,41.53961,-74.87992,1140,80.3,80.1,83.6,70.2,69.7,0.000,0.000,0.00,0.000,1.9,4.9,1.1,230,72,2.6,6.2,1.5,255,72,1.9,4.9,1.1,230,72,229,28.92,,0,0,0,82.0,74.7,73.0,0.10,0.42,0.29
ELDR,2017-08-21 17:05:00 EDT,41.53961,-74.87992,1140,79.8,79.6,79.8,70.8,69.5,0.000,0.000,0.00,0.000,1.8,4.9,1.3,211,52,2.6,6.6,1.4,217,60,1.8,4.9,1.3,211,52,143,28.92,,0,0,0,82.0,74.7,73.0,0.10,0.42,0.29
ELDR,2017-08-21 17:10:00 EDT,41.53961,-74.87992,1140,79.6,79.5,79.6,71.7,69.6,0.000,0.000,0.00,0.000,2.0,5.3,1.4,270,69,2.6,6.7,1.5,259,66,2.0,5.3,1.4,270,69,182,28.92,,0,0,0,82.0,74.7,73.0,0.10,0.42,0.29
ELDR,2017-08-21 17:15:00 EDT,41.53961,-74.87992,1140,79.8,79.6,79.8,71.6,69.8,0.000,0.000,0.00,0.000,1.9,5.4,1.6,262,48,2.7,7.4,1.8,266,55,1.9,5.4,1.6,262,48,202,28.92,,0,0,0,82.0,74.7,73.0,0.10,0.42,0.29
ELDR,2017-08-21 17:20:00 EDT,41.53961,-74.87992,1140,80.3,79.9,83.7,71.9,70.4,0.000,0.000,0.00,0.000,1.1,3.7,0.9,27,58,1.9,5.7,1.3,29,66,1.1,3.7,0.9,27,58,215,28.92,,0,0,0,82.0,74.7,73.0,0.10,0.42,0.29
ELDR,2017-08-21 17:25:00 EDT,41.53961,-74.87992,1140,79.1,79.4,79.1,74.2,70.2,0.000,0.000,0.00,0.000,0.9,2.9,0.7,302,47,1.4,4.6,1.0,287,48,0.9,2.9,0.7,302,47,230,28.92,,0,0,0,82.0,74.7,73.0,0.10,0.42,0.29
ELDR,2017-08-21 17:30:00 EDT,41.53961,-74.87992,1140,80.0,79.9,83.2,71.5,70.0,0.000,0.000,0.00,0.000,1.8,4.9,1.0,226,55,2.3,6.8,1.5,236,57,1.8,4.9,1.0,226,55,335,28.92,,0,0,0,82.0,74.7,73.1,0.10,0.42,0.29
ELDR,2017-08-21 17:35:00 EDT,41.53961,-74.87992,1140,80.7,80.4,84.3,71.1,70.5,0.000,0.000,0.00,0.000,1.5,3.7,0.8,288,54,2.1,5.6,1.0,287,54,1.5,3.7,0.8,288,54,315,28.91,,0,0,0,82.0,74.7,73.1,0.10,0.42,0.29
ELDR,2017-08-21 17:40:00 EDT,41.53961,-74.87992,1140,80.1,80.2,83.2,70.4,69.6,0.000,0.000,0.00,0.000,1.0,2.7,0.7,281,65,1.5,4.5,0.9,240,62,1.0,2.7,0.7,281,65,247,28.91,,0,0,0,82.0,74.7,73.1,0.10,0.42,0.29
ELDR,2017-08-21 17:45:00 EDT,41.53961,-74.87992,1140,80.2,80.1,83.3,70.4,69.7,0.000,0.000,0.00,0.000,1.1,4.2,0.9,267,48,1.8,5.1,1.2,280,47,1.1,4.2,0.9,267,48,186,28.91,,0,0,0,82.0,74.7,73.2,0.10,0.42,0.29
ELDR,2017-08-21 17:50:00 EDT,41.53961,-74.87992,1140,79.4,79.5,79.4,72.1,69.6,0.000,0.000,0.00,0.000,1.1,3.7,1.0,262,35,1.8,4.6,1.1,262,44,1.1,3.7,1.0,262,35,85,28.91,,0,0,0,82.0,74.7,73.2,0.10,0.42,0.29
ELDR,2017-08-21 17:55:00 EDT,41.53961,-74.87992,1140,79.1,79.0,79.1,73.0,69.7,0.000,0.000,0.00,0.000,1.1,3.1,0.8,259,58,1.6,3.9,0.9,269,55,1.1,3.1,0.8,259,58,64,28.91,,0,0,0,81.9,74.7,73.2,0.10,0.42,0.29
ELDR,2017-08-21 18:00:00 EDT,41.53961,-74.87992,1140,78.6,78.7,78.6,73.7,69.5,0.000,0.000,0.00,0.000,1.1,3.9,1.0,55,63,1.6,4.8,1.2,26,63,1.1,3.9,1.0,55,63,72,28.91,,0,0,0,81.7,74.8,73.4,0.10,0.42,0.29
ELDR,2017-08-21 18:05:00 EDT,41.53961,-74.87992,1140,78.2,78.3,78.2,74.7,69.5,0.000,0.000,0.00,0.000,1.2,2.4,0.5,295,50,1.5,3.0,0.7,287,51,1.2,2.4,0.5,295,50,66,28.90,,0,0,0,81.6,75.0,73.4,0.10,0.42,0.29
ELDR,2017-08-21 18:10:00 EDT,41.53961,-74.87992,1140,77.8,78.1,77.8,76.1,69.7,0.000,0.000,0.00,0.000,0.8,1.8,0.5,285,38,1.2,2.5,0.6,286,36,0.8,1.8,0.5,285,38,65,28.90,,0,0,0,81.5,75.0,73.4,0.10,0.42,0.29
ELDR,2017-08-21 18:15:00 EDT,41.53961,-74.87992,1140,77.8,78.0,77.8,76.5,69.8,0.000,0.000,0.00,0.000,0.6,1.5,0.5,299,34,1.2,2.7,0.6,293,48,0.6,1.5,0.5,299,34,67,28.90,,0,0,0,81.5,75.0,73.4,0.10,0.42,0.29
ELDR,2017-08-21 18:20:00 EDT,41.53961,-74.87992,1140,77.2,77.8,77.2,77.7,69.7,0.000,0.000,0.00,0.000,0.5,1.3,0.5,251,51,1.0,2.9,0.7,248,50,0.5,1.3,0.5,251,51,83,28.90,,0,0,0,81.5,75.0,73.4,0.10,0.42,0.29
ELDR,2017-08-21 18:25:00 EDT,41.53961,-74.87992,1140,77.6,77.8,77.6,77.6,70.0,0.000,0.000,0.00,0.000,1.0,3.0,0.8,259,44,1.4,4.4,0.9,261,47,1.0,3.0,0.8,259,44,184,28.90,,0,0,0,81.5,75.0,73.4,0.10,0.42,0.29
ELDR,2017-08-21 18:30:00 EDT,41.53961,-74.87992,1140,78.0,78.1,78.0,77.1,70.3,0.000,0.000,0.00,0.000,1.0,3.6,0.8,281,33,1.5,4.5,0.9,285,39,1.0,3.6,0.8,281,33,212,28.90,,0,0,0,81.5,75.0,73.4,0.10,0.42,0.29
ELDR,2017-08-21 18:35:00 EDT,41.53961,-74.87992,1140,78.6,78.6,78.6,75.3,70.1,0.000,0.000,0.00,0.000,1.1,2.6,0.7,270,53,1.8,5.5,0.9,264,55,1.1,2.6,0.7,270,53,194,28.90,,0,0,0,81.5,75.0,73.4,0.10,0.42,0.29
ELDR,2017-08-21 18:40:00 EDT,41.53961,-74.87992,1140,78.3,78.2,78.3,75.6,70.0,0.000,0.000,0.00,0.000,1.2,2.8,0.8,318,35,1.9,4.3,1.0,316,43,1.2,2.8,0.8,318,35,137,28.90,,0,0,0,81.5,75.0,73.4,0.10,0.42,0.29
ELDR,2017-08-21 18:45:00 EDT,41.53961,-74.87992,1140,78.3,78.1,78.3,75.9,70.1,0.000,0.000,0.00,0.000,1.4,2.5,0.6,293,40,2.0,3.8,0.7,291,40,1.4,2.5,0.6,293,40,179,28.90,,0,0,0,81.2,75.0,73.4,0.10,0.42,0.29
ELDR,2017-08-21 18:50:00 EDT,41.53961,-74.87992,1140,78.4,78.2,78.4,75.6,70.1,0.000,0.000,0.00,0.000,0.6,1.9,0.5,320,60,1.1,3.0,0.8,335,54,0.6,1.9,0.5,320,60,145,28.90,,0,0,0,81.0,75.0,73.4,0.10,0.42,0.29
ELDR,2017-08-21 18:55:00 EDT,41.53961,-74.87992,1140,77.9,78.0,77.9,76.9,70.1,0.000,0.000,0.00,0.000,0.7,3.0,0.7,265,49,1.2,3.7,1.0,277,54,0.7,3.0,0.7,265,49,121,28.90,,0,0,0,81.0,75.0,73.4,0.10,0.42,0.29
ELDR,2017-08-21 19:00:00 EDT,41.53961,-74.87992,1140,78.0,77.9,78.0,75.9,69.7,0.000,0.000,0.00,0.000,1.6,5.0,1.1,279,46,2.2,5.9,1.2,279,44,1.6,5.0,1.1,279,46,93,28.90,,0,0,0,81.0,75.1,73.4,0.10,0.42,0.29
ELDR,2017-08-21 19:05:00 EDT,41.53961,-74.87992,1140,77.5,77.7,77.5,77.1,69.8,0.000,0.000,0.00,0.000,1.7,3.6,0.9,295,58,2.2,5.8,1.2,296,61,1.7,3.6,0.9,295,58,63,28.90,,0,0,0,81.0,75.2,73.4,0.10,0.42,0.29
ELDR,2017-08-21 19:10:00 EDT,41.53961,-74.87992,1140,77.2,77.4,77.2,77.4,69.6,0.000,0.000,0.00,0.000,1.5,4.2,1.3,264,36,2.1,6.0,1.5,269,42,1.5,4.2,1.3,264,36,44,28.91,,0,0,0,81.0,75.5,73.4,0.10,0.42,0.29
ELDR,2017-08-21 19:15:00 EDT,41.53961,-74.87992,1140,76.5,76.8,76.5,79.7,69.8,0.000,0.000,0.00,0.000,1.2,2.8,0.6,262,40,1.8,4.8,1.0,270,43,1.2,2.8,0.6,262,40,33,28.91,,0,0,0,81.0,75.6,73.4,0.10,0.42,0.29
ELDR,2017-08-21 19:20:00 EDT,41.53961,-74.87992,1140,76.5,76.6,76.5,79.6,69.8,0.000,0.000,0.00,0.000,1.2,3.8,1.0,292,45,1.8,6.5,1.3,301,47,1.2,3.8,1.0,292,45,21,28.91,,0,0,0,81.0,75.6,73.4,0.10,0.42,0.29
ELDR,2017-08-21 19:25:00 EDT,41.53961,-74.87992,1140,76.0,76.3,76.0,81.0,69.7,0.000,0.000,0.00,0.000,1.5,3.5,0.8,285,41,1.9,5.6,1.1,283,44,1.5,3.5,0.8,285,41,14,28.91,,0,0,0,81.0,75.6,73.4,0.10,0.42,0.29
ELDR,2017-08-21 19:30:00 EDT,41.53961,-74.87992,1140,75.5,75.8,75.5,82.0,69.6,0.000,0.000,0.00,0.000,1.5,2.9,0.7,276,40,2.0,4.9,0.9,280,36,1.5,2.9,0.7,276,40,13,28.91,,0,0,0,80.7,75.6,73.4,0.09,0.42,0.29
ELDR,2017-08-21 19:35:00 EDT,41.53961,-74.87992,1140,75.4,75.7,75.4,82.6,69.7,0.000,0.000,0.00,0.000,0.9,3.1,0.9,247,34,1.2,3.7,1.1,259,38,0.9,3.1,0.9,247,34,10,28.91,,0,0,0,80.4,75.6,73.4,0.10,0.42,0.29
ELDR,2017-08-21 19:40:00 EDT,41.53961,-74.87992,1140,75.0,75.4,75.0,83.2,69.5,0.000,0.000,0.00,0.000,0.7,2.7,0.8,273,33,1.2,4.3,1.0,273,46,0.7,2.7,0.8,273,33,9,28.91,,0,0,0,80.4,75.6,73.4,0.09,0.42,0.29
ELDR,2017-08-21 19:45:00 EDT,41.53961,-74.87992,1140,74.5,75.2,74.5,84.1,69.4,0.000,0.000,0.00,0.000,0.7,2.0,0.6,288,30,1.3,3.5,0.9,285,40,0.7,2.0,0.6,288,30,4,28.91,,0,0,0,80.4,75.6,73.4,0.10,0.42,0.29
ELDR,2017-08-21 19:50:00 EDT,41.53961,-74.87992,1140,74.6,75.0,74.6,84.3,69.5,0.000,0.000,0.00,0.000,0.6,3.3,0.8,275,31,1.1,3.8,0.9,280,45,0.6,3.3,0.8,275,31,2,28.91,,0,0,0,80.4,75.6,73.4,0.10,0.42,0.29
ELDR,2017-08-21 19:55:00 EDT,41.53961,-74.87992,1140,74.5,74.9,74.5,84.2,69.4,0.000,0.000,0.00,0.000,0.8,2.0,0.5,278,30,1.1,2.7,0.7,270,27,0.8,2.0,0.5,278,30,1,28.91,,0,0,0,80.4,75.6,73.4,0.10,0.42,0.29
ELDR,2017-08-21 20:00:00 EDT,41.53961,-74.87992,1140,74.2,74.6,74.2,84.7,69.3,0.000,0.000,0.00,0.000,0.1,0.7,0.2,234,15,0.5,1.5,0.4,234,33,0.1,0.7,0.2,234,15,1,28.91,,0,0,0,80.1,75.6,73.4,0.10,0.42,0.29
ELDR,2017-08-21 20:05:00 EDT,41.53961,-74.87992,1140,73.4,74.1,73.4,86.3,69.0,0.000,0.000,0.00,0.000,0.3,1.4,0.4,292,14,0.7,2.0,0.6,286,25,0.3,1.4,0.4,292,14,0,28.91,,0,0,0,80.1,75.6,73.4,0.10,0.42,0.29
ELDR,2017-08-21 20:10:00 EDT,41.53961,-74.87992,1140,73.0,73.7,73.0,87.6,69.1,0.000,0.000,0.00,0.000,0.9,1.7,0.5,277,12,1.1,2.0,0.6,277,13,0.9,1.7,0.5,277,12,0,28.91,,0,0,0,80.1,75.6,73.4,0.10,0.42,0.29
ELDR,2017-08-21 20:15:00 EDT,41.53961,-74.87992,1140,72.3,73.3,72.3,89.1,68.9,0.000,0.000,0.00,0.000,0.0,0.8,0.2,238,4,0.3,1.3,0.4,236,28,0.0,0.8,0.2,238,4,0,28.91,,0,0,0,80.1,75.6,73.4,0.10,0.42,0.29
ELDR,2017-08-21 20:20:00 EDT,41.53961,-74.87992,1140,72.2,72.7,72.2,90.0,69.1,0.000,0.000,0.00,0.000,0.1,0.9,0.2,193,0,0.1,1.3,0.3,204,12,0.1,0.9,0.2,193,0,0,28.91,,0,0,0,80.1,75.6,73.5,0.10,0.42,0.29
ELDR,2017-08-21 20:25:00 EDT,41.53961,-74.87992,1140,72.2,72.7,72.2,90.4,69.3,0.000,0.000,0.00,0.000,0.4,1.5,0.4,298,27,0.6,3.0,0.6,280,29,0.4,1.5,0.4,298,27,0,28.91,,0,0,0,79.8,75.6,73.6,0.10,0.42,0.29
ELDR,2017-08-21 20:30:00 EDT,41.53961,-74.87992,1140,71.8,72.7,71.8,90.9,69.0,0.000,0.000,0.00,0.000,1.2,2.1,0.6,281,26,1.6,2.6,0.6,280,25,1.2,2.1,0.6,281,26,0,28.91,,0,0,0,79.5,75.6,73.5,0.10,0.42,0.29
ELDR,2017-08-21 20:35:00 EDT,41.53961,-74.87992,1140,71.9,72.3,71.9,91.5,69.3,0.000,0.000,0.00,0.000,1.0,2.6,0.6,270,22,1.3,3.9,0.7,275,20,1.0,2.6,0.6,270,22,0,28.91,,0,0,0,79.5,75.6,73.7,0.10,0.42,0.29
ELDR,2017-08-21 20:40:00 EDT,41.53961,-74.87992,1140,71.5,72.1,71.5,91.8,69.0,0.000,0.000,0.00,0.000,0.2,1.2,0.3,282,11,0.5,2.5,0.6,277,24,0.2,1.2,0.3,282,11,0,28.91,,0,0,0,79.5,75.6,73.9,0.10,0.42,0.29
ELDR,2017-08-21 20:45:00 EDT,41.53961,-74.87992,1140,71.3,72.2,71.3,92.5,69.0,0.000,0.000,0.00,0.000,0.1,0.8,0.2,351,17,0.3,1.6,0.4,119,35,0.1,0.8,0.2,351,17,0,28.91,,0,0,0,79.5,75.6,73.9,0.10,0.42,0.29
ELDR,2017-08-21 20:50:00 EDT,41.53961,-74.87992,1140,71.5,72.4,71.5,92.6,69.2,0.000,0.000,0.00,0.000,0.0,0.4,0.0,257,13,0.4,1.6,0.5,268,35,0.0,0.4,0.0,257,13,0,28.91,,0,0,0,79.2,75.6,73.9,0.10,0.42,0.29
ELDR,2017-08-21 20:55:00 EDT,41.53961,-74.87992,1140,71.2,72.2,71.2,92.8,69.0,0.000,0.000,0.00,0.000,0.1,0.6,0.2,270,9,0.2,1.1,0.4,229,22,0.1,0.6,0.2,270,9,0,28.92,,0,0,0,79.2,75.6,73.9,0.10,0.42,0.29
ELDR,2017-08-21 21:00:00 EDT,41.53961,-74.87992,1140,71.1,71.8,71.1,93.2,69.0,0.000,0.000,0.00,0.000,0.0,0.7,0.1,209,0,0.4,1.6,0.4,243,32,0.0,0.7,0.1,209,0,0,28.92,,0,0,0,79.2,75.6,73.9,0.10,0.42,0.29
ELDR,2017-08-21 21:05:00 EDT,41.53961,-74.87992,1140,71.6,72.1,71.6,93.1,69.5,0.000,0.000,0.00,0.000,0.1,1.2,0.3,85,16,0.5,2.5,0.7,97,40,0.1,1.2,0.3,85,16,0,28.92,,0,0,0,79.2,75.7,73.9,0.10,0.42,0.29
ELDR,2017-08-21 21:10:00 EDT,41.53961,-74.87992,1140,71.2,71.7,71.2,92.7,69.0,0.000,0.000,0.00,0.000,0.1,0.7,0.2,173,31,0.6,1.7,0.5,272,52,0.1,0.7,0.2,173,31,0,28.92,,0,0,0,79.2,75.8,73.9,0.10,0.42,0.29
ELDR,2017-08-21 21:15:00 EDT,41.53961,-74.87992,1140,70.9,71.5,70.9,93.3,68.9,0.000,0.000,0.00,0.000,0.3,1.8,0.4,254,23,0.6,2.5,0.6,263,31,0.3,1.8,0.4,254,23,0,28.92,,0,0,0,78.8,75.8,73.9,0.10,0.42,0.29
ELDR,2017-08-21 21:20:00 EDT,41.53961,-74.87992,1140,71.1,71.6,71.1,93.7,69.1,0.000,0.000,0.00,0.000,0.3,1.3,0.3,292,39,0.7,2.1,0.5,280,51,0.3,1.3,0.3,292,39,0,28.92,,0,0,0,78.6,75.9,73.9,0.10,0.42,0.29
ELDR,2017-08-21 21:25:00 EDT,41.53961,-74.87992,1140,70.8,71.5,70.8,93.7,68.9,0.000,0.000,0.00,0.000,0.1,0.6,0.2,11,16,0.4,1.5,0.5,337,42,0.1,0.6,0.2,11,16,0,28.92,,0,0,0,78.6,75.9,73.9,0.10,0.42,0.29
ELDR,2017-08-21 21:30:00 EDT,41.53961,-74.87992,1140,70.7,71.1,70.7,94.0,68.9,0.000,0.000,0.00,0.000,0.2,0.9,0.3,165,22,0.6,1.6,0.5,216,46,0.2,0.9,0.3,165,22,0,28.92,,0,0,0,78.6,75.9,73.9,0.10,0.42,0.29
ELDR,2017-08-21 21:35:00 EDT,41.53961,-74.87992,1140,70.6,71.1,70.6,94.4,68.9,0.000,0.000,0.00,0.000,1.1,3.8,0.9,280,31,1.6,4.6,1.0,282,34,1.1,3.8,0.9,280,31,0,28.92,,0,0,0,78.6,75.9,73.9,0.09,0.42,0.29
ELDR,2017-08-21 21:40:00 EDT,41.53961,-74.87992,1140,70.6,70.9,70.6,94.5,68.9,0.000,0.000,0.00,0.000,1.7,3.8,0.8,286,22,2.0,4.1,1.0,287,22,1.7,3.8,0.8,286,22,0,28.91,,0,0,0,78.1,75.9,73.9,0.10,0.42,0.29
ELDR,2017-08-21 21:45:00 EDT,41.53961,-74.87992,1140,70.5,70.7,70.5,94.3,68.8,0.000,0.000,0.00,0.000,0.5,2.3,0.7,156,36,1.0,3.8,0.8,192,53,0.5,2.3,0.7,156,36,0,28.91,,0,0,0,78.1,75.9,73.9,0.10,0.42,0.29
ELDR,2017-08-21 21:50:00 EDT,41.53961,-74.87992,1140,70.7,71.0,70.7,92.7,68.5,0.000,0.000,0.00,0.000,1.1,2.2,0.7,298,25,1.5,3.0,0.8,300,30,1.1,2.2,0.7,298,25,0,28.91,,0,0,0,78.1,75.9,73.9,0.10,0.42,0.29
ELDR,2017-08-21 21:55:00 EDT,41.53961,-74.87992,1140,70.5,70.8,70.5,92.2,68.2,0.000,0.000,0.00,0.000,2.2,4.2,0.7,278,18,2.5,5.6,0.8,281,19,2.2,4.2,0.7,278,18,0,28.91,,0,0,0,78.1,75.9,73.9,0.10,0.42,0.29
ELDR,2017-08-21 22:00:00 EDT,41.53961,-74.87992,1140,70.0,70.3,70.0,92.6,67.7,0.000,0.000,0.00,0.000,0.7,2.5,0.9,272,12,0.9,2.9,0.9,267,22,0.7,2.5,0.9,272,12,0,28.91,,0,0,0,78.1,75.9,73.9,0.10,0.42,0.29
ELDR,2017-08-21 22:05:00 EDT,41.53961,-74.87992,1140,69.6,69.8,69.6,93.7,67.7,0.000,0.000,0.00,0.000,0.1,1.3,0.3,342,1,0.4,1.7,0.5,285,37,0.1,1.3,0.3,342,1,0,28.91,,0,0,0,78.1,75.9,73.9,0.10,0.42,0.29
ELDR,2017-08-21 22:10:00 EDT,41.53961,-74.87992,1140,69.6,70.2,69.6,93.0,67.5,0.000,0.000,0.00,0.000,1.2,3.1,0.6,291,27,1.5,3.5,0.8,289,29,1.2,3.1,0.6,291,27,0,28.91,,0,0,0,78.0,75.9,73.9,0.10,0.42,0.29
ELDR,2017-08-21 22:15:00 EDT,41.53961,-74.87992,1140,70.1,70.5,70.1,90.9,67.3,0.000,0.000,0.00,0.000,0.3,1.7,0.5,255,23,0.6,2.4,0.7,253,35,0.3,1.7,0.5,255,23,0,28.91,,0,0,0,77.7,75.9,73.9,0.10,0.42,0.29
ELDR,2017-08-21 22:20:00 EDT,41.53961,-74.87992,1140,69.2,69.9,69.2,92.9,67.0,0.000,0.000,0.00,0.000,0.1,0.9,0.2,231,19,0.5,1.7,0.5,202,35,0.1,0.9,0.2,231,19,0,28.92,,0,0,0,77.7,75.9,73.9,0.10,0.42,0.29
ELDR,2017-08-21 22:25:00 EDT,41.53961,-74.87992,1140,69.1,69.5,69.1,93.0,67.0,0.000,0.000,0.00,0.000,0.0,0.0,0.0,0,0,0.2,1.0,0.3,148,13,0.0,0.0,0.0,0,0,0,28.91,,0,0,0,77.7,75.9,73.9,0.10,0.42,0.29
ELDR,2017-08-21 22:30:00 EDT,41.53961,-74.87992,1140,68.9,69.7,68.9,92.4,66.7,0.000,0.000,0.00,0.000,0.2,1.1,0.3,271,38,0.5,1.9,0.6,261,41,0.2,1.1,0.3,271,38,0,28.91,,0,0,0,77.6,75.9,73.9,0.10,0.42,0.29
ELDR,2017-08-21 22:35:00 EDT,41.53961,-74.87992,1140,68.9,69.8,68.9,91.8,66.4,0.000,0.000,0.00,0.000,0.2,0.8,0.3,209,19,0.4,1.5,0.5,239,24,0.2,0.8,0.3,209,19,0,28.91,,0,0,0,77.2,75.9,73.9,0.10,0.42,0.29
ELDR,2017-08-21 22:40:00 EDT,41.53961,-74.87992,1140,68.7,69.3,68.7,92.4,66.4,0.000,0.000,0.00,0.000,0.4,2.4,0.7,253,19,0.8,3.0,0.9,239,28,0.4,2.4,0.7,253,19,0,28.91,,0,0,0,77.2,75.9,73.9,0.10,0.42,0.29
ELDR,2017-08-21 22:45:00 EDT,41.53961,-74.87992,1140,68.6,69.4,68.6,92.7,66.4,0.000,0.000,0.00,0.000,0.7,2.3,0.6,261,49,1.1,3.4,0.7,267,46,0.7,2.3,0.6,261,49,0,28.91,,0,0,0,77.2,75.9,73.9,0.10,0.42,0.29
ELDR,2017-08-21 22:50:00 EDT,41.53961,-74.87992,1140,68.5,69.2,68.5,93.1,66.4,0.000,0.000,0.00,0.000,0.5,1.6,0.5,271,28,1.0,2.6,0.6,273,34,0.5,1.6,0.5,271,28,0,28.92,,0,0,0,77.2,75.9,73.9,0.10,0.42,0.29
ELDR,2017-08-21 22:55:00 EDT,41.53961,-74.87992,1140,68.1,69.1,68.1,93.6,66.2,0.000,0.000,0.00,0.000,0.9,1.8,0.5,283,35,1.4,2.5,0.6,293,32,0.9,1.8,0.5,283,35,0,28.92,,0,0,0,77.2,75.9,73.9,0.10,0.42,0.29
ELDR,2017-08-21 23:00:00 EDT,41.53961,-74.87992,1140,68.1,68.9,68.1,94.0,66.3,0.000,0.000,0.00,0.000,0.6,1.6,0.4,264,47,1.2,2.7,0.6,267,49,0.6,1.6,0.4,264,47,0,28.92,,0,0,0,77.1,75.9,73.9,0.10,0.42,0.29
ELDR,2017-08-21 23:05:00 EDT,41.53961,-74.87992,1140,68.3,69.0,68.3,94.2,66.6,0.000,0.000,0.00,0.000,0.5,1.3,0.5,291,34,0.9,2.0,0.5,292,38,0.5,1.3,0.5,291,34,0,28.92,,0,0,0,76.8,75.9,73.9,0.10,0.42,0.29
ELDR,2017-08-21 23:10:00 EDT,41.53961,-74.87992,1140,68.3,69.0,68.3,94.0,66.5,0.000,0.000,0.00,0.000,0.3,1.5,0.5,282,3,0.3,2.0,0.6,286,7,0.3,1.5,0.5,282,3,0,28.91,,0,0,0,76.8,75.9,73.9,0.10,0.42,0.29
ELDR,2017-08-21 23:15:00 EDT,41.53961,-74.87992,1140,68.1,68.9,68.1,94.1,66.4,0.000,0.000,0.00,0.000,0.2,1.2,0.4,35,3,0.3,1.7,0.6,33,8,0.2,1.2,0.4,35,3,0,28.91,,0,0,0,76.8,75.9,74.0,0.10,0.42,0.29
ELDR,2017-08-21 23:20:00 EDT,41.53961,-74.87992,1140,68.1,68.7,68.1,94.3,66.4,0.000,0.000,0.00,0.000,0.1,0.9,0.2,257,3,0.4,1.3,0.5,268,15,0.1,0.9,0.2,257,3,0,28.91,,0,0,0,76.8,75.9,73.9,0.10,0.42,0.29
ELDR,2017-08-21 23:25:00 EDT,41.53961,-74.87992,1140,68.0,68.6,68.0,94.6,66.4,0.000,0.000,0.00,0.000,0.3,1.2,0.4,288,10,0.6,1.6,0.6,282,17,0.3,1.2,0.4,288,10,0,28.91,,0,0,0,76.7,75.9,73.9,0.10,0.42,0.29
ELDR,2017-08-21 23:30:00 EDT,41.53961,-74.87992,1140,68.1,68.6,68.1,94.8,66.5,0.000,0.000,0.00,0.000,0.8,1.5,0.3,276,14,1.2,1.8,0.3,278,14,0.8,1.5,0.3,276,14,0,28.91,,0,0,0,76.5,75.9,74.0,0.10,0.42,0.29
ELDR,2017-08-21 23:35:00 EDT,41.53961,-74.87992,1140,67.8,68.3,67.8,94.7,66.2,0.000,0.000,0.00,0.000,1.0,1.8,0.4,278,18,1.3,2.2,0.4,277,20,1.0,1.8,0.4,278,18,0,28.91,,0,0,0,76.5,75.9,73.9,0.10,0.42,0.29
ELDR,2017-08-21 23:40:00 EDT,41.53961,-74.87992,1140,67.3,67.9,67.3,95.1,65.9,0.000,0.000,0.00,0.000,1.3,1.9,0.3,275,10,1.6,2.5,0.3,278,10,1.3,1.9,0.3,275,10,0,28.91,,0,0,0,76.5,75.9,74.0,0.10,0.42,0.29
ELDR,2017-08-21 23:45:00 EDT,41.53961,-74.87992,1140,66.9,67.6,66.9,95.3,65.5,0.000,0.000,0.00,0.000,1.2,1.6,0.2,281,16,1.5,2.3,0.3,284,17,1.2,1.6,0.2,281,16,0,28.91,,0,0,0,76.5,75.9,74.0,0.10,0.42,0.29
ELDR,2017-08-21 23:50:00 EDT,41.53961,-74.87992,1140,66.8,67.6,66.8,95.6,65.5,0.000,0.000,0.00,0.000,0.9,1.6,0.4,281,16,1.3,2.2,0.4,281,29,0.9,1.6,0.4,281,16,0,28.90,,0,0,0,76.5,75.9,74.0,0.10,0.42,0.29
ELDR,2017-08-21 23:55:00 EDT,41.53961,-74.87992,1140,66.9,68.1,66.9,96.0,65.8,0.000,0.000,0.00,0.000,0.6,1.7,0.4,282,20,1.0,2.3,0.4,284,24,0.6,1.7,0.4,282,20,0,28.90,,0,0,0,76.3,75.8,74.1,0.10,0.42,0.29
ELLE,2017-08-21 00:00:00 EDT,44.89550,-73.84502,977,62.2,63.3,62.2,85.7,57.9,0.000,0.066,0.00,0.000,6.5,7.9,0.5,248,6,7.0,8.4,0.6,248,5,6.5,7.9,0.5,248,6,0,29.05,,0,0,0,67.2,66.6,65.8,0.42,0.28,0.34
ELLE,2017-08-21 00:05:00 EDT,44.89550,-73.84502,977,62.0,63.4,62.0,86.1,57.8,0.000,0.000,0.00,0.000,7.1,8.9,0.5,250,7,7.5,9.3,0.6,250,6,7.1,8.9,0.5,250,7,0,29.05,,0,0,0,67.1,66.6,65.8,0.42,0.28,0.34
ELLE,2017-08-21 00:10:00 EDT,44.89550,-73.84502,977,62.1,63.4,62.1,86.1,57.9,0.000,0.000,0.00,0.000,7.2,8.8,0.7,250,7,7.7,10.1,0.8,250,7,7.2,8.8,0.7,250,7,0,29.05,,0,0,0,67.1,66.5,65.8,0.42,0.28,0.34
ELLE,2017-08-21 00:15:00 EDT,44.89550,-73.84502,977,62.3,63.4,62.3,86.2,58.1,0.000,0.000,0.00,0.000,7.4,9.3,0.7,251,6,7.8,10.0,0.8,252,6,7.4,9.3,0.7,251,6,0,29.05,,0,0,0,67.1,66.6,65.8,0.42,0.28,0.34
ELLE,2017-08-21 00:20:00 EDT,44.89550,-73.84502,977,62.4,63.6,62.4,85.9,58.1,0.000,0.000,0.00,0.000,7.6,9.6,0.8,249,7,8.0,10.2,0.8,249,6,7.6,9.6,0.8,249,7,0,29.05,,0,0,0,67.1,66.5,65.8,0.42,0.28,0.34
ELLE,2017-08-21 00:25:00 EDT,44.89550,-73.84502,977,62.2,63.3,62.2,86.2,58.0,0.000,0.000,0.00,0.000,6.8,8.6,0.6,250,5,7.2,9.7,0.6,250,4,6.8,8.6,0.6,250,5,0,29.05,,0,0,0,67.1,66.6,65.8,0.42,0.28,0.34
ELLE,2017-08-21 00:30:00 EDT,44.89550,-73.84502,977,61.9,63.2,61.9,86.8,57.9,0.000,0.000,0.00,0.000,6.7,7.9,0.5,252,4,7.2,8.6,0.6,252,4,6.7,7.9,0.5,252,4,0,29.05,,0,0,0,67.1,66.6,65.8,0.42,0.28,0.34
ELLE,2017-08-21 00:35:00 EDT,44.89550,-73.84502,977,61.9,63.1,61.9,87.1,58.0,0.000,0.000,0.00,0.000,7.0,8.5,0.5,251,5,7.5,9.0,0.5,251,5,7.0,8.5,0.5,251,5,0,29.05,,0,0,0,67.1,66.5,65.8,0.42,0.28,0.34
ELLE,2017-08-21 00:40:00 EDT,44.89550,-73.84502,977,61.6,62.9,61.6,87.4,57.9,0.000,0.000,0.00,0.000,6.9,8.0,0.4,251,3,7.4,8.7,0.5,251,3,6.9,8.0,0.4,251,3,0,29.05,,0,0,0,67.0,66.6,65.8,0.42,0.28,0.34
ELLE,2017-08-21 00:45:00 EDT,44.89550,-73.84502,977,61.4,62.7,61.4,88.2,57.8,0.000,0.000,0.00,0.000,6.6,8.0,0.4,251,3,7.1,8.6,0.5,250,3,6.6,8.0,0.4,251,3,0,29.05,,0,0,0,67.0,66.5,65.8,0.42,0.28,0.34
ELLE,2017-08-21 00:50:00 EDT,44.89550,-73.84502,977,61.1,62.7,61.1,88.6,57.7,0.000,0.000,0.00,0.000,6.5,7.4,0.4,248,3,7.0,8.0,0.4,247,3,6.5,7.4,0.4,248,3,0,29.05,,0,0,0,66.8,66.5,65.8,0.42,0.28,0.34
ELLE,2017-08-21 00:55:00 EDT,44.89550,-73.84502,977,61.1,62.6,61.1,88.7,57.7,0.000,0.000,0.00,0.000,6.7,7.7,0.4,249,3,7.2,8.4,0.5,249,3,6.7,7.7,0.4,249,3,0,29.05,,0,0,0,66.8,66.5,65.8,0.42,0.28,0.34
ELLE,2017-08-21 01:00:00 EDT,44.89550,-73.84502,977,60.9,62.6,60.9,88.7,57.5,0.000,0.000,0.00,0.000,6.5,7.3,0.3,248,3,7.0,8.0,0.4,248,2,6.5,7.3,0.3,248,3,0,29.05,,0,0,0,66.7,66.5,65.8,0.42,0.28,0.34
ELLE,2017-08-21 01:05:00 EDT,44.89550,-73.84502,977,60.6,62.8,60.6,89.0,57.4,0.000,0.000,0.00,0.000,6.4,7.2,0.4,248,3,6.9,7.8,0.4,248,3,6.4,7.2,0.4,248,3,0,29.06,,0,0,0,66.7,66.5,65.8,0.42,0.28,0.34
ELLE,2017-08-21 01:10:00 EDT,44.89550,-73.84502,977,60.7,62.9,60.7,89.7,57.7,0.000,0.000,0.00,0.000,6.6,7.5,0.4,251,5,7.2,8.2,0.5,251,4,6.6,7.5,0.4,251,5,0,29.06,,0,0,0,66.7,66.5,65.8,0.42,0.28,0.34
ELLE,2017-08-21 01:15:00 EDT,44.89550,-73.84502,977,61.1,63.2,61.1,89.0,57.8,0.000,0.000,0.00,0.000,7.2,8.5,0.5,250,4,7.7,9.5,0.6,250,4,7.2,8.5,0.5,250,4,0,29.06,,0,0,0,66.7,66.5,65.8,0.42,0.28,0.34
ELLE,2017-08-21 01:20:00 EDT,44.89550,-73.84502,977,61.4,63.4,61.4,88.5,57.9,0.000,0.000,0.00,0.000,6.6,7.9,0.3,251,4,7.1,8.6,0.4,250,3,6.6,7.9,0.3,251,4,0,29.06,,0,0,0,66.7,66.4,65.8,0.42,0.28,0.34
ELLE,2017-08-21 01:25:00 EDT,44.89550,-73.84502,977,61.3,63.6,61.3,88.5,57.8,0.000,0.000,0.00,0.000,6.5,7.5,0.3,249,3,7.0,8.4,0.4,249,3,6.5,7.5,0.3,249,3,0,29.06,,0,0,0,66.6,66.5,65.8,0.42,0.28,0.34
ELLE,2017-08-21 01:30:00 EDT,44.89550,-73.84502,977,61.6,63.7,61.6,88.5,58.2,0.000,0.000,0.00,0.000,6.3,7.4,0.4,248,5,6.8,8.0,0.5,249,4,6.3,7.4,0.4,248,5,0,29.06,,0,0,0,66.7,66.4,65.8,0.42,0.28,0.33
ELLE,2017-08-21 01:35:00 EDT,44.89550,-73.84502,977,62.2,64.0,62.2,87.6,58.5,0.000,0.000,0.00,0.000,6.0,7.0,0.5,251,4,6.5,7.6,0.6,252,4,6.0,7.0,0.5,251,4,0,29.06,,0,0,0,66.6,66.4,65.8,0.42,0.28,0.34
ELLE,2017-08-21 01:40:00 EDT,44.89550,-73.84502,977,62.1,64.0,62.1,87.1,58.2,0.000,0.000,0.00,0.000,5.8,6.9,0.4,248,4,6.3,7.3,0.4,248,4,5.8,6.9,0.4,248,4,0,29.06,,0,0,0,66.6,66.5,65.8,0.42,0.28,0.33
ELLE,2017-08-21 01:45:00 EDT,44.89550,-73.84502,977,61.9,63.8,61.9,87.9,58.3,0.000,0.000,0.00,0.000,5.5,6.3,0.3,251,4,6.0,6.9,0.4,251,4,5.5,6.3,0.3,251,4,0,29.06,,0,0,0,66.6,66.4,65.8,0.42,0.28,0.34
ELLE,2017-08-21 01:50:00 EDT,44.89550,-73.84502,977,62.0,63.7,62.0,87.8,58.3,0.000,0.000,0.00,0.000,5.4,5.9,0.2,251,3,5.8,6.6,0.3,251,3,5.4,5.9,0.2,251,3,0,29.06,,0,0,0,66.5,66.4,65.8,0.42,0.28,0.34
ELLE,2017-08-21 01:55:00 EDT,44.89550,-73.84502,977,61.7,63.5,61.7,88.1,58.1,0.000,0.000,0.00,0.000,5.5,6.1,0.3,251,2,5.9,6.8,0.4,251,2,5.5,6.1,0.3,251,2,0,29.06,,0,0,0,66.5,66.4,65.8,0.42,0.28,0.34
ELLE,2017-08-21 02:00:00 EDT,44.89550,-73.84502,977,61.4,63.5,61.4,88.8,58.1,0.000,0.000,0.00,0.000,5.9,6.6,0.3,249,3,6.3,7.2,0.4,249,4,5.9,6.6,0.3,249,3,0,29.06,,0,0,0,66.5,66.4,65.8,0.42,0.28,0.34
ELLE,2017-08-21 02:05:00 EDT,44.89550,-73.84502,977,61.8,63.5,61.8,89.2,58.6,0.000,0.000,0.00,0.000,6.6,7.8,0.4,251,6,7.1,8.4,0.5,251,5,6.6,7.8,0.4,251,6,0,29.06,,0,0,0,66.4,66.4,65.8,0.42,0.28,0.34
ELLE,2017-08-21 02:10:00 EDT,44.89550,-73.84502,977,62.5,63.9,62.5,88.2,58.9,0.000,0.000,0.00,0.000,7.3,9.3,0.7,248,5,7.8,10.6,0.9,247,5,7.3,9.3,0.7,248,5,0,29.06,,0,0,0,66.4,66.4,65.8,0.42,0.28,0.34
ELLE,2017-08-21 02:15:00 EDT,44.89550,-73.84502,977,62.7,64.0,62.7,87.4,58.9,0.000,0.000,0.00,0.000,7.4,9.4,0.8,247,6,7.8,10.0,0.7,246,6,7.4,9.4,0.8,247,6,0,29.06,,0,0,0,66.4,66.4,65.8,0.42,0.28,0.34
ELLE,2017-08-21 02:20:00 EDT,44.89550,-73.84502,977,62.6,64.0,62.6,87.1,58.7,0.000,0.000,0.00,0.000,6.8,8.2,0.4,248,6,7.3,8.9,0.5,248,5,6.8,8.2,0.4,248,6,0,29.06,,0,0,0,66.4,66.4,65.8,0.42,0.28,0.34
ELLE,2017-08-21 02:25:00 EDT,44.89550,-73.84502,977,62.6,64.0,62.6,87.1,58.7,0.000,0.000,0.00,0.000,6.5,8.0,0.5,249,5,7.0,8.7,0.5,248,5,6.5,8.0,0.5,249,5,0,29.06,,0,0,0,66.4,66.4,65.8,0.42,0.28,0.34
ELLE,2017-08-21 02:30:00 EDT,44.89550,-73.84502,977,62.5,63.9,62.5,87.1,58.6,0.000,0.000,0.00,0.000,6.5,7.5,0.5,246,5,6.9,8.3,0.6,246,5,6.5,7.5,0.5,246,5,0,29.06,,0,0,0,66.4,66.4,65.8,0.42,0.28,0.34
ELLE,2017-08-21 02:35:00 EDT,44.89550,-73.84502,977,62.2,63.7,62.2,87.6,58.5,0.000,0.000,0.00,0.000,5.7,6.9,0.6,250,7,6.1,7.3,0.6,250,6,5.7,6.9,0.6,250,7,0,29.06,,0,0,0,66.4,66.4,65.8,0.42,0.28,0.34
ELLE,2017-08-21 02:40:00 EDT,44.89550,-73.84502,977,62.4,63.8,62.4,87.5,58.6,0.000,0.000,0.00,0.000,5.7,6.7,0.4,249,5,6.2,7.3,0.5,249,4,5.7,6.7,0.4,249,5,0,29.05,,0,0,0,66.2,66.4,65.8,0.42,0.28,0.34
ELLE,2017-08-21 02:45:00 EDT,44.89550,-73.84502,977,62.1,63.7,62.1,87.6,58.3,0.000,0.000,0.00,0.000,5.7,6.8,0.4,247,5,6.2,7.7,0.5,246,5,5.7,6.8,0.4,247,5,0,29.05,,0,0,0,66.2,66.4,65.8,0.42,0.28,0.34
ELLE,2017-08-21 02:50:00 EDT,44.89550,-73.84502,977,61.4,63.2,61.4,88.8,58.0,0.000,0.000,0.00,0.000,5.2,6.0,0.3,246,4,5.6,6.4,0.4,246,4,5.2,6.0,0.3,246,4,0,29.05,,0,0,0,66.1,66.4,65.8,0.42,0.28,0.34
ELLE,2017-08-21 02:55:00 EDT,44.89550,-73.84502,977,61.6,63.0,61.6,89.8,58.5,0.000,0.000,0.00,0.000,5.1,6.4,0.4,247,5,5.5,6.5,0.4,246,5,5.1,6.4,0.4,247,5,0,29.05,,0,0,0,66.1,66.4,65.8,0.42,0.28,0.34
ELLE,2017-08-21 03:00:00 EDT,44.89550,-73.84502,977,61.1,63.1,61.1,89.7,58.0,0.000,0.000,0.00,0.000,6.4,6.9,0.2,242,2,6.6,7.3,0.2,240,2,6.4,6.9,0.2,242,2,0,29.05,,0,0,0,66.0,66.4,65.8,0.42,0.28,0.34
ELLE,2017-08-21 03:05:00 EDT,44.89550,-73.84502,977,60.3,63.1,60.3,91.2,57.7,0.000,0.000,0.00,0.000,6.5,7.5,0.3,237,5,6.7,7.8,0.4,236,5,6.5,7.5,0.3,237,5,0,29.05,,0,0,0,66.1,66.4,65.8,0.42,0.28,0.34
ELLE,2017-08-21 03:10:00 EDT,44.89550,-73.84502,977,60.3,63.3,60.3,92.4,58.0,0.000,0.000,0.00,0.000,6.3,7.1,0.3,235,3,6.6,7.5,0.4,234,3,6.3,7.1,0.3,235,3,0,29.05,,0,0,0,66.0,66.4,65.8,0.42,0.28,0.34
ELLE,2017-08-21 03:15:00 EDT,44.89550,-73.84502,977,61.1,63.6,61.1,92.1,58.8,0.000,0.000,0.00,0.000,5.7,6.2,0.2,238,3,5.9,6.7,0.3,237,3,5.7,6.2,0.2,238,3,0,29.05,,0,0,0,66.0,66.4,65.8,0.42,0.28,0.34
ELLE,2017-08-21 03:20:00 EDT,44.89550,-73.84502,977,61.8,64.0,61.8,90.8,59.1,0.000,0.000,0.00,0.000,7.1,9.6,0.8,241,6,7.5,9.7,0.9,241,6,7.1,9.6,0.8,241,6,0,29.05,,0,0,0,66.0,66.4,65.8,0.42,0.28,0.34
ELLE,2017-08-21 03:25:00 EDT,44.89550,-73.84502,977,62.3,63.9,62.3,89.5,59.2,0.000,0.000,0.00,0.000,7.0,8.3,0.5,245,5,7.3,8.6,0.6,244,5,7.0,8.3,0.5,245,5,0,29.05,,0,0,0,66.0,66.4,65.8,0.42,0.28,0.34
ELLE,2017-08-21 03:30:00 EDT,44.89550,-73.84502,977,62.5,64.0,62.5,89.3,59.4,0.000,0.000,0.00,0.000,7.2,9.4,0.6,242,6,7.5,9.0,0.6,242,5,7.2,9.4,0.6,242,6,0,29.05,,0,0,0,66.0,66.3,65.8,0.42,0.28,0.34
ELLE,2017-08-21 03:35:00 EDT,44.89550,-73.84502,977,62.8,64.1,62.8,88.6,59.4,0.000,0.000,0.00,0.000,6.7,8.5,0.8,242,7,7.0,9.2,0.8,242,6,6.7,8.5,0.8,242,7,0,29.06,,0,0,0,66.0,66.3,65.8,0.42,0.28,0.34
ELLE,2017-08-21 03:40:00 EDT,44.89550,-73.84502,977,62.6,64.0,62.6,88.7,59.3,0.000,0.000,0.00,0.000,6.6,8.3,0.7,239,8,7.0,8.8,0.7,238,8,6.6,8.3,0.7,239,8,0,29.06,,0,0,0,66.0,66.3,65.8,0.42,0.28,0.34
ELLE,2017-08-21 03:45:00 EDT,44.89550,-73.84502,977,62.3,64.0,62.3,89.1,59.1,0.000,0.000,0.00,0.000,6.1,7.2,0.5,239,6,6.3,7.5,0.5,238,6,6.1,7.2,0.5,239,6,0,29.05,,0,0,0,65.9,66.2,65.8,0.42,0.28,0.34
ELLE,2017-08-21 03:50:00 EDT,44.89550,-73.84502,977,62.3,63.8,62.3,89.6,59.2,0.000,0.000,0.00,0.000,5.8,6.9,0.4,239,5,6.1,7.4,0.5,239,5,5.8,6.9,0.4,239,5,0,29.06,,0,0,0,65.9,66.2,65.7,0.42,0.28,0.34
ELLE,2017-08-21 03:55:00 EDT,44.89550,-73.84502,977,62.0,63.9,62.0,89.7,59.0,0.000,0.000,0.00,0.000,6.4,8.5,0.6,237,5,6.7,8.8,0.5,236,4,6.4,8.5,0.6,237,5,0,29.06,,0,0,0,65.9,66.3,65.7,0.42,0.28,0.34
ELLE,2017-08-21 04:00:00 EDT,44.89550,-73.84502,977,61.7,63.9,61.7,90.2,58.8,0.000,0.000,0.00,0.000,6.7,8.7,0.7,237,5,6.9,9.0,0.7,236,5,6.7,8.7,0.7,237,5,0,29.06,,0,0,0,65.9,66.3,65.7,0.42,0.28,0.34
ELLE,2017-08-21 04:05:00 EDT,44.89550,-73.84502,977,62.0,64.4,62.0,90.5,59.2,0.000,0.000,0.00,0.000,6.7,7.7,0.4,237,5,7.0,8.4,0.5,236,4,6.7,7.7,0.4,237,5,0,29.06,,0,0,0,65.9,66.1,65.7,0.42,0.28,0.34
ELLE,2017-08-21 04:10:00 EDT,44.89550,-73.84502,977,62.3,64.8,62.3,90.0,59.3,0.000,0.000,0.00,0.000,6.0,7.1,0.5,233,7,6.3,7.6,0.5,232,6,6.0,7.1,0.5,233,7,0,29.06,,0,0,0,65.9,66.2,65.6,0.42,0.28,0.34
ELLE,2017-08-21 04:15:00 EDT,44.89550,-73.84502,977,62.2,64.5,62.2,90.1,59.3,0.000,0.000,0.00,0.000,6.9,8.4,0.6,225,5,7.2,8.6,0.6,224,5,6.9,8.4,0.6,225,5,0,29.06,,0,0,0,65.8,66.2,65.7,0.42,0.28,0.34
ELLE,2017-08-21 04:20:00 EDT,44.89550,-73.84502,977,62.9,64.3,62.9,89.1,59.7,0.000,0.000,0.00,0.000,7.3,8.9,0.7,232,5,7.6,9.0,0.7,230,4,7.3,8.9,0.7,232,5,0,29.06,,0,0,0,65.8,66.1,65.7,0.42,0.28,0.34
ELLE,2017-08-21 04:25:00 EDT,44.89550,-73.84502,977,63.0,64.3,63.0,88.4,59.5,0.000,0.000,0.00,0.000,7.4,8.8,0.6,233,5,7.7,9.3,0.7,232,4,7.4,8.8,0.6,233,5,0,29.06,,0,0,0,65.8,66.1,65.7,0.42,0.28,0.34
ELLE,2017-08-21 04:30:00 EDT,44.89550,-73.84502,977,62.9,64.3,62.9,88.4,59.4,0.000,0.000,0.00,0.000,6.7,8.5,0.8,232,7,7.0,8.9,0.9,232,6,6.7,8.5,0.8,232,7,0,29.06,,0,0,0,65.8,66.1,65.6,0.42,0.28,0.33
ELLE,2017-08-21 04:35:00 EDT,44.89550,-73.84502,977,62.7,64.2,62.7,88.6,59.3,0.000,0.000,0.00,0.000,6.3,7.8,0.6,233,6,6.7,8.3,0.6,232,5,6.3,7.8,0.6,233,6,0,29.06,,0,0,0,65.8,66.1,65.6,0.42,0.28,0.33
ELLE,2017-08-21 04:40:00 EDT,44.89550,-73.84502,977,62.6,64.2,62.6,88.8,59.2,0.000,0.000,0.00,0.000,6.3,7.5,0.5,235,5,6.7,8.6,0.6,234,5,6.3,7.5,0.5,235,5,0,29.06,,0,0,0,65.8,66.1,65.6,0.42,0.28,0.33
ELLE,2017-08-21 04:45:00 EDT,44.89550,-73.84502,977,62.6,64.3,62.6,88.8,59.3,0.000,0.000,0.00,0.000,6.6,8.0,0.7,237,7,6.9,8.5,0.7,236,6,6.6,8.0,0.7,237,7,0,29.06,,0,0,0,65.8,66.0,65.6,0.42,0.28,0.33
ELLE,2017-08-21 04:50:00 EDT,44.89550,-73.84502,977,62.6,64.1,62.6,88.9,59.2,0.000,0.000,0.00,0.000,6.9,8.3,0.5,240,6,7.3,9.2,0.6,240,5,6.9,8.3,0.5,240,6,0,29.06,,0,0,0,65.7,66.0,65.6,0.42,0.28,0.33
ELLE,2017-08-21 04:55:00 EDT,44.89550,-73.84502,977,62.8,64.3,62.8,88.7,59.4,0.000,0.000,0.00,0.000,8.1,9.6,0.6,240,5,8.3,10.3,0.7,240,5,8.1,9.6,0.6,240,5,0,29.06,,0,0,0,65.7,66.1,65.6,0.42,0.28,0.33
ELLE,2017-08-21 05:00:00 EDT,44.89550,-73.84502,977,63.0,64.2,63.0,88.2,59.4,0.000,0.000,0.00,0.000,7.9,10.2,0.8,243,7,8.3,10.9,0.9,242,7,7.9,10.2,0.8,243,7,0,29.07,,0,0,0,65.7,66.0,65.6,0.42,0.28,0.33
ELLE,2017-08-21 05:05:00 EDT,44.89550,-73.84502,977,63.2,64.1,63.2,87.5,59.4,0.000,0.000,0.00,0.000,7.9,9.5,0.5,242,6,8.2,10.2,0.6,241,6,7.9,9.5,0.5,242,6,0,29.07,,0,0,0,65.7,66.0,65.5,0.42,0.28,0.33
ELLE,2017-08-21 05:10:00 EDT,44.89550,-73.84502,977,63.1,64.1,63.1,87.8,59.4,0.000,0.000,0.00,0.000,8.6,10.8,0.9,239,7,9.0,11.1,0.9,238,5,8.6,10.8,0.9,239,7,0,29.07,,0,0,0,65.7,66.0,65.5,0.42,0.28,0.33
ELLE,2017-08-21 05:15:00 EDT,44.89550,-73.84502,977,63.1,64.0,63.1,87.5,59.3,0.000,0.000,0.00,0.000,8.2,10.9,1.0,241,8,8.5,12.4,1.2,240,7,8.2,10.9,1.0,241,8,0,29.07,,0,0,0,65.6,66.0,65.5,0.42,0.28,0.33
ELLE,2017-08-21 05:20:00 EDT,44.89550,-73.84502,977,63.1,64.0,63.1,87.6,59.3,0.000,0.000,0.00,0.000,8.4,11.5,1.0,238,7,8.7,11.7,1.0,237,7,8.4,11.5,1.0,238,7,0,29.07,,0,0,0,65.6,66.0,65.5,0.42,0.28,0.33
ELLE,2017-08-21 05:25:00 EDT,44.89550,-73.84502,977,63.1,64.1,63.1,87.5,59.3,0.000,0.000,0.00,0.000,8.0,10.7,1.0,237,7,8.3,11.9,1.1,236,6,8.0,10.7,1.0,237,7,0,29.07,,0,0,0,65.6,66.0,65.5,0.42,0.28,0.33
ELLE,2017-08-21 05:30:00 EDT,44.89550,-73.84502,977,62.9,63.9,62.9,87.5,59.2,0.000,0.000,0.00,0.000,7.4,9.7,0.8,244,7,7.8,10.1,0.8,244,6,7.4,9.7,0.8,244,7,0,29.07,,0,0,0,65.6,66.0,65.5,0.42,0.28,0.33
ELLE,2017-08-21 05:35:00 EDT,44.89550,-73.84502,977,62.8,63.7,62.8,88.0,59.2,0.000,0.000,0.00,0.000,7.7,9.1,0.6,249,7,8.1,9.9,0.7,249,6,7.7,9.1,0.6,249,7,0,29.07,,0,0,0,65.6,66.0,65.5,0.42,0.28,0.33
ELLE,2017-08-21 05:40:00 EDT,44.89550,-73.84502,977,62.8,63.6,62.8,88.1,59.2,0.000,0.000,0.00,0.000,7.9,10.6,0.8,246,6,8.4,11.1,0.8,246,6,7.9,10.6,0.8,246,6,0,29.07,,0,0,0,65.5,66.0,65.5,0.42,0.28,0.33
ELLE,2017-08-21 05:45:00 EDT,44.89550,-73.84502,977,62.6,63.5,62.6,88.2,59.1,0.000,0.000,0.00,0.000,7.4,8.9,0.6,246,6,7.9,9.5,0.6,245,5,7.4,8.9,0.6,246,6,0,29.07,,0,0,0,65.5,66.0,65.5,0.42,0.28,0.33
ELLE,2017-08-21 05:50:00 EDT,44.89550,-73.84502,977,62.5,63.5,62.5,88.7,59.1,0.000,0.000,0.00,0.000,7.6,8.8,0.5,247,6,8.0,9.6,0.6,247,5,7.6,8.8,0.5,247,6,0,29.07,,0,0,0,65.5,66.0,65.5,0.42,0.28,0.33
ELLE,2017-08-21 05:55:00 EDT,44.89550,-73.84502,977,62.6,63.5,62.6,88.5,59.1,0.000,0.000,0.00,0.000,7.5,9.0,0.7,245,6,7.9,9.9,0.8,244,6,7.5,9.0,0.7,245,6,2,29.07,,0,0,0,65.5,66.0,65.5,0.42,0.28,0.33
ELLE,2017-08-21 06:00:00 EDT,44.89550,-73.84502,977,62.5,63.3,62.5,88.9,59.1,0.000,0.000,0.00,0.000,7.5,9.3,0.7,247,7,7.9,10.3,0.7,247,6,7.5,9.3,0.7,247,7,3,29.07,,0,0,0,65.5,66.0,65.5,0.42,0.28,0.33
ELLE,2017-08-21 06:05:00 EDT,44.89550,-73.84502,977,62.6,63.5,62.6,88.8,59.2,0.000,0.000,0.00,0.000,7.8,9.5,0.7,242,6,8.1,10.3,0.8,243,5,7.8,9.5,0.7,242,6,4,29.07,,0,0,0,65.5,66.0,65.5,0.42,0.28,0.33
ELLE,2017-08-21 06:10:00 EDT,44.89550,-73.84502,977,62.8,63.8,62.8,88.5,59.4,0.000,0.000,0.00,0.000,8.4,11.0,0.9,245,7,8.9,11.7,1.0,245,6,8.4,11.0,0.9,245,7,5,29.07,,0,0,0,65.5,65.9,65.5,0.42,0.28,0.33
ELLE,2017-08-21 06:15:00 EDT,44.89550,-73.84502,977,62.7,63.7,62.7,88.4,59.3,0.000,0.000,0.00,0.000,8.3,12.2,1.0,243,5,8.7,11.9,0.9,243,5,8.3,12.2,1.0,243,5,8,29.07,,0,0,0,65.5,66.0,65.5,0.42,0.28,0.33
ELLE,2017-08-21 06:20:00 EDT,44.89550,-73.84502,977,63.0,63.8,63.0,88.1,59.4,0.000,0.000,0.00,0.000,7.8,10.3,0.8,245,6,8.2,10.5,0.7,244,6,7.8,10.3,0.8,245,6,15,29.07,,0,0,0,65.5,66.0,65.5,0.42,0.28,0.33
ELLE,2017-08-21 06:25:00 EDT,44.89550,-73.84502,977,63.2,63.9,63.2,88.1,59.6,0.000,0.000,0.00,0.000,8.0,10.2,0.7,243,6,8.3,10.4,0.7,243,5,8.0,10.2,0.7,243,6,24,29.07,,0,0,0,65.5,66.0,65.5,0.42,0.28,0.33
ELLE,2017-08-21 06:30:00 EDT,44.89550,-73.84502,977,63.5,64.2,63.5,87.7,59.8,0.000,0.000,0.00,0.000,8.3,11.4,1.0,242,8,8.7,11.2,1.0,241,7,8.3,11.4,1.0,242,8,23,29.07,,0,0,0,65.5,66.0,65.5,0.42,0.28,0.33
ELLE,2017-08-21 06:35:00 EDT,44.89550,-73.84502,977,63.9,64.5,63.9,86.5,59.8,0.000,0.000,0.00,0.000,8.2,11.8,1.3,240,9,8.4,13.5,1.3,239,8,8.2,11.8,1.3,240,9,25,29.07,,0,0,0,65.5,66.0,65.5,0.42,0.28,0.33
ELLE,2017-08-21 06:40:00 EDT,44.89550,-73.84502,977,64.3,65.0,64.3,85.3,59.8,0.000,0.000,0.00,0.000,8.5,11.3,1.0,235,8,8.9,11.4,1.1,234,7,8.5,11.3,1.0,235,8,31,29.07,,0,0,0,65.4,65.9,65.5,0.42,0.28,0.33
ELLE,2017-08-21 06:45:00 EDT,44.89550,-73.84502,977,64.4,65.0,64.4,84.9,59.7,0.000,0.000,0.00,0.000,8.5,11.0,1.0,238,9,9.0,11.6,1.1,237,8,8.5,11.0,1.0,238,9,41,29.07,,0,0,0,65.4,65.9,65.5,0.42,0.28,0.33
ELLE,2017-08-21 06:50:00 EDT,44.89550,-73.84502,977,64.3,64.9,64.3,85.0,59.7,0.000,0.000,0.00,0.000,8.0,10.1,1.0,241,7,8.4,10.7,1.1,240,6,8.0,10.1,1.0,241,7,52,29.07,,0,0,0,65.4,65.9,65.5,0.42,0.28,0.33
ELLE,2017-08-21 06:55:00 EDT,44.89550,-73.84502,977,64.5,65.1,64.5,84.8,59.8,0.000,0.000,0.00,0.000,8.7,11.0,0.9,239,7,9.0,11.9,0.9,238,6,8.7,11.0,0.9,239,7,59,29.07,,0,0,0,65.4,65.9,65.5,0.42,0.28,0.33
ELLE,2017-08-21 07:00:00 EDT,44.89550,-73.84502,977,64.5,65.1,64.5,84.7,59.8,0.000,0.000,0.00,0.000,8.6,10.7,0.9,237,8,8.8,11.2,1.0,237,7,8.6,10.7,0.9,237,8,69,29.07,,0,0,0,65.4,65.9,65.5,0.42,0.28,0.33
ELLE,2017-08-21 07:05:00 EDT,44.89550,-73.84502,977,64.7,65.1,64.7,84.2,59.8,0.000,0.000,0.00,0.000,8.2,10.1,0.8,242,8,8.6,10.8,0.9,241,8,8.2,10.1,0.8,242,8,83,29.07,,0,0,0,65.4,65.9,65.5,0.42,0.28,0.33
ELLE,2017-08-21 07:10:00 EDT,44.89550,-73.84502,977,64.8,65.2,64.8,84.2,59.9,0.000,0.000,0.00,0.000,8.2,10.9,1.2,240,9,8.6,12.2,1.3,240,8,8.2,10.9,1.2,240,9,78,29.07,,0,0,0,65.4,65.9,65.5,0.42,0.28,0.33
ELLE,2017-08-21 07:15:00 EDT,44.89550,-73.84502,977,64.9,65.4,64.9,84.0,60.0,0.000,0.000,0.00,0.000,8.8,11.6,1.1,237,8,9.2,12.7,1.1,236,7,8.8,11.6,1.1,237,8,101,29.07,,0,0,0,65.4,65.9,65.5,0.42,0.28,0.33
ELLE,2017-08-21 07:20:00 EDT,44.89550,-73.84502,977,65.3,65.7,65.3,83.2,60.1,0.000,0.000,0.00,0.000,9.5,13.2,1.2,232,7,9.7,13.8,1.2,231,7,9.5,13.2,1.2,232,7,95,29.07,,0,0,0,65.4,65.9,65.5,0.42,0.28,0.33
ELLE,2017-08-21 07:25:00 EDT,44.89550,-73.84502,977,65.4,65.9,65.4,82.8,60.0,0.000,0.000,0.00,0.000,9.2,11.8,1.3,235,7,9.6,12.5,1.3,233,7,9.2,11.8,1.3,235,7,99,29.07,,0,0,0,65.4,65.9,65.5,0.42,0.28,0.33
ELLE,2017-08-21 07:30:00 EDT,44.89550,-73.84502,977,65.4,65.9,65.4,82.7,60.0,0.000,0.000,0.00,0.000,8.1,12.0,1.2,239,8,8.4,12.8,1.4,238,7,8.1,12.0,1.2,239,8,77,29.07,,0,0,0,65.4,65.9,65.5,0.42,0.28,0.33
ELLE,2017-08-21 07:35:00 EDT,44.89550,-73.84502,977,65.4,65.8,65.4,82.9,60.1,0.000,0.000,0.00,0.000,8.2,10.5,1.0,240,7,8.5,11.2,1.0,239,7,8.2,10.5,1.0,240,7,99,29.07,,0,0,0,65.4,65.9,65.5,0.42,0.28,0.33
ELLE,2017-08-21 07:40:00 EDT,44.89550,-73.84502,977,65.9,66.1,65.9,82.8,60.5,0.000,0.000,0.00,0.000,7.9,10.5,1.0,243,10,8.3,11.5,1.0,244,9,7.9,10.5,1.0,243,10,175,29.07,,0,0,0,65.4,65.8,65.5,0.42,0.28,0.33
ELLE,2017-08-21 07:45:00 EDT,44.89550,-73.84502,977,66.4,66.4,66.4,81.4,60.5,0.000,0.000,0.00,0.000,8.2,11.0,1.0,243,9,8.7,11.3,1.1,243,9,8.2,11.0,1.0,243,9,171,29.07,,0,0,0,65.4,65.8,65.5,0.42,0.28,0.33
ELLE,2017-08-21 07:50:00 EDT,44.89550,-73.84502,977,66.8,66.8,66.8,80.7,60.7,0.000,0.000,0.00,0.000,8.2,10.8,1.2,237,9,8.5,11.8,1.3,236,8,8.2,10.8,1.2,237,9,208,29.08,,0,0,0,65.4,65.9,65.5,0.42,0.28,0.33
ELLE,2017-08-21 07:55:00 EDT,44.89550,-73.84502,977,67.1,67.0,67.1,80.2,60.8,0.000,0.000,0.00,0.000,8.3,11.4,1.1,235,9,8.6,11.7,1.1,235,8,8.3,11.4,1.1,235,9,201,29.08,,0,0,0,65.3,65.9,65.5,0.42,0.28,0.33
ELLE,2017-08-21 08:00:00 EDT,44.89550,-73.84502,977,67.1,67.2,67.1,79.3,60.5,0.000,0.000,0.00,0.000,9.9,12.5,1.4,233,8,10.1,13.9,1.4,232,8,9.9,12.5,1.4,233,8,169,29.07,,0,0,0,65.4,65.8,65.5,0.42,0.28,0.33
ELLE,2017-08-21 08:05:00 EDT,44.89550,-73.84502,977,67.4,67.3,67.4,79.1,60.7,0.000,0.000,0.00,0.000,8.8,12.9,1.5,238,9,9.0,12.1,1.4,238,9,8.8,12.9,1.5,238,9,231,29.07,,0,0,0,65.4,65.8,65.5,0.42,0.28,0.33
ELLE,2017-08-21 08:10:00 EDT,44.89550,-73.84502,977,67.7,67.5,67.7,79.3,61.1,0.000,0.000,0.00,0.000,7.6,9.7,1.1,239,10,8.1,10.4,1.1,239,12,7.6,9.7,1.1,239,10,236,29.07,,0,0,0,65.4,65.8,65.5,0.42,0.28,0.33
ELLE,2017-08-21 08:15:00 EDT,44.89550,-73.84502,977,68.0,67.8,68.0,78.3,61.0,0.000,0.000,0.00,0.000,9.3,12.2,1.3,239,10,9.6,12.8,1.4,239,9,9.3,12.2,1.3,239,10,261,29.07,,0,0,0,65.4,65.8,65.5,0.42,0.28,0.33
ELLE,2017-08-21 08:20:00 EDT,44.89550,-73.84502,977,68.1,68.0,68.1,78.2,61.1,0.000,0.000,0.00,0.000,9.7,12.6,1.2,233,10,10.2,13.6,1.2,232,11,9.7,12.6,1.2,233,10,210,29.07,,0,0,0,65.5,65.8,65.5,0.42,0.28,0.33
ELLE,2017-08-21 08:25:00 EDT,44.89550,-73.84502,977,68.1,68.0,68.1,78.4,61.1,0.000,0.000,0.00,0.000,9.8,12.9,1.5,235,8,10.0,13.6,1.5,234,8,9.8,12.9,1.5,235,8,168,29.07,,0,0,0,65.5,65.8,65.5,0.42,0.28,0.33
ELLE,2017-08-21 08:30:00 EDT,44.89550,-73.84502,977,68.0,68.0,68.0,78.8,61.2,0.000,0.000,0.00,0.000,9.6,14.7,1.8,229,11,9.9,14.9,1.9,228,11,9.6,14.7,1.8,229,11,204,29.07,,0,0,0,65.5,65.7,65.5,0.42,0.28,0.33
ELLE,2017-08-21 08:35:00 EDT,44.89550,-73.84502,977,68.3,68.1,68.3,78.5,61.3,0.000,0.000,0.00,0.000,8.7,13.4,1.7,229,8,9.1,13.3,1.6,228,8,8.7,13.4,1.7,229,8,209,29.07,,0,0,0,65.5,65.8,65.5,0.42,0.28,0.33
ELLE,2017-08-21 08:40:00 EDT,44.89550,-73.84502,977,68.2,68.1,68.2,78.6,61.2,0.000,0.000,0.00,0.000,8.8,12.9,1.7,230,8,9.2,13.2,1.7,229,7,8.8,12.9,1.7,230,8,171,29.07,,0,0,0,65.5,65.8,65.5,0.42,0.28,0.33
ELLE,2017-08-21 08:45:00 EDT,44.89550,-73.84502,977,68.3,68.2,68.3,78.0,61.1,0.000,0.000,0.00,0.000,9.3,12.9,1.6,230,9,9.5,12.7,1.5,229,8,9.3,12.9,1.6,230,9,243,29.07,,0,0,0,65.5,65.7,65.5,0.42,0.28,0.33
ELLE,2017-08-21 08:50:00 EDT,44.89550,-73.84502,977,69.0,68.7,69.0,78.1,61.9,0.000,0.000,0.00,0.000,7.4,10.9,1.3,227,11,7.7,11.1,1.5,227,11,7.4,10.9,1.3,227,11,328,29.06,,0,0,0,65.5,65.7,65.5,0.42,0.28,0.33
ELLE,2017-08-21 08:55:00 EDT,44.89550,-73.84502,977,69.7,69.2,69.7,76.3,61.9,0.000,0.000,0.00,0.000,9.2,11.8,1.2,232,10,9.6,12.7,1.3,232,9,9.2,11.8,1.2,232,10,378,29.06,,0,0,0,65.5,65.7,65.5,0.42,0.28,0.33
ELLE,2017-08-21 09:00:00 EDT,44.89550,-73.84502,977,70.1,69.5,70.1,75.9,62.2,0.000,0.000,0.00,0.000,10.0,15.8,2.3,229,12,10.4,15.7,2.3,228,11,10.0,15.8,2.3,229,12,390,29.06,,0,0,0,65.6,65.8,65.5,0.42,0.28,0.33
ELLE,2017-08-21 09:05:00 EDT,44.89550,-73.84502,977,70.1,69.5,70.1,75.6,62.0,0.000,0.000,0.00,0.000,11.2,16.9,2.6,228,10,11.6,16.2,2.4,228,11,11.2,16.9,2.6,228,10,403,29.06,,0,0,0,65.6,65.8,65.5,0.42,0.28,0.33
ELLE,2017-08-21 09:10:00 EDT,44.89550,-73.84502,977,70.4,69.7,70.4,75.9,62.4,0.000,0.000,0.00,0.000,11.1,15.5,1.6,231,8,11.8,16.2,1.7,229,7,11.1,15.5,1.6,231,8,418,29.06,,0,0,0,65.6,65.7,65.5,0.42,0.28,0.33
ELLE,2017-08-21 09:15:00 EDT,44.89550,-73.84502,977,70.6,69.9,70.6,74.8,62.2,0.000,0.000,0.00,0.000,11.0,14.2,1.5,220,9,11.5,15.6,1.6,219,8,11.0,14.2,1.5,220,9,432,29.06,,0,0,0,65.6,65.8,65.5,0.42,0.28,0.33
ELLE,2017-08-21 09:20:00 EDT,44.89550,-73.84502,977,71.0,70.2,71.0,74.5,62.5,0.000,0.000,0.00,0.000,11.0,13.7,1.5,224,8,11.3,15.1,1.5,222,7,11.0,13.7,1.5,224,8,448,29.06,,0,0,0,65.6,65.7,65.5,0.42,0.28,0.33
ELLE,2017-08-21 09:25:00 EDT,44.89550,-73.84502,977,71.2,70.5,71.2,73.9,62.5,0.000,0.000,0.00,0.000,10.8,13.4,1.4,225,9,11.1,13.8,1.3,224,8,10.8,13.4,1.4,225,9,448,29.06,,0,0,0,65.6,65.7,65.5,0.42,0.28,0.33
ELLE,2017-08-21 09:30:00 EDT,44.89550,-73.84502,977,71.6,70.9,71.6,73.9,62.9,0.000,0.000,0.00,0.000,10.1,15.0,1.7,229,11,10.6,16.6,1.6,226,12,10.1,15.0,1.7,229,11,474,29.06,,0,0,0,65.7,65.7,65.5,0.42,0.28,0.33
ELLE,2017-08-21 09:35:00 EDT,44.89550,-73.84502,977,72.4,71.5,72.4,74.1,63.7,0.000,0.000,0.00,0.000,8.4,11.3,1.6,221,10,8.8,11.9,1.5,220,9,8.4,11.3,1.6,221,10,501,29.06,,0,0,0,65.6,65.7,65.5,0.42,0.28,0.33
ELLE,2017-08-21 09:40:00 EDT,44.89550,-73.84502,977,72.3,71.5,72.3,71.8,62.7,0.000,0.000,0.00,0.000,9.8,11.8,1.1,227,7,10.1,12.9,1.3,226,6,9.8,11.8,1.1,227,7,497,29.06,,0,0,0,65.7,65.7,65.5,0.42,0.28,0.33
ELLE,2017-08-21 09:45:00 EDT,44.89550,-73.84502,977,72.6,71.9,72.6,72.4,63.2,0.000,0.000,0.00,0.000,9.3,12.4,1.5,224,12,9.5,13.0,1.6,223,11,9.3,12.4,1.5,224,12,396,29.06,,0,0,0,65.8,65.7,65.5,0.42,0.28,0.33
ELLE,2017-08-21 09:50:00 EDT,44.89550,-73.84502,977,72.9,72.2,72.9,71.0,63.0,0.000,0.000,0.00,0.000,9.1,12.3,1.4,215,12,9.5,13.5,1.5,214,12,9.1,12.3,1.4,215,12,485,29.06,,0,0,0,65.8,65.8,65.5,0.42,0.28,0.33
ELLE,2017-08-21 09:55:00 EDT,44.89550,-73.84502,977,73.5,72.7,73.5,70.5,63.4,0.000,0.000,0.00,0.000,8.3,12.6,2.4,214,10,8.8,13.1,2.2,214,9,8.3,12.6,2.4,214,10,464,29.06,,0,0,0,65.8,65.6,65.5,0.42,0.28,0.33
ELLE,2017-08-21 10:00:00 EDT,44.89550,-73.84502,977,73.4,72.6,73.4,70.0,63.0,0.000,0.000,0.00,0.000,8.7,11.9,1.4,217,14,8.9,12.0,1.5,216,14,8.7,11.9,1.4,217,14,499,29.06,,0,0,0,65.8,65.7,65.5,0.42,0.28,0.33
ELLE,2017-08-21 10:05:00 EDT,44.89550,-73.84502,977,73.9,73.0,73.9,70.5,63.8,0.000,0.000,0.00,0.000,8.3,13.8,1.6,216,15,8.8,14.2,1.7,215,15,8.3,13.8,1.6,216,15,496,29.06,,0,0,0,65.9,65.6,65.5,0.42,0.28,0.33
ELLE,2017-08-21 10:10:00 EDT,44.89550,-73.84502,977,74.3,73.4,74.3,69.5,63.7,0.000,0.000,0.00,0.000,8.3,10.4,1.3,228,10,8.7,11.9,1.2,226,9,8.3,10.4,1.3,228,10,586,29.06,,0,0,0,65.9,65.7,65.5,0.42,0.28,0.33
ELLE,2017-08-21 10:15:00 EDT,44.89550,-73.84502,977,74.9,73.7,74.9,68.8,64.0,0.000,0.000,0.00,0.000,8.9,12.1,1.1,222,11,9.3,13.1,1.3,222,11,8.9,12.1,1.1,222,11,613,29.06,,0,0,0,65.9,65.7,65.5,0.42,0.28,0.33
ELLE,2017-08-21 10:20:00 EDT,44.89550,-73.84502,977,75.2,74.1,75.2,68.4,64.1,0.000,0.000,0.00,0.000,9.4,13.1,1.8,215,12,9.7,13.6,1.8,215,12,9.4,13.1,1.8,215,12,646,29.06,,0,0,0,65.9,65.6,65.5,0.42,0.28,0.33
ELLE,2017-08-21 10:25:00 EDT,44.89550,-73.84502,977,75.5,74.4,75.5,66.9,63.7,0.000,0.000,0.00,0.000,9.7,13.2,1.7,206,9,10.1,13.5,1.7,205,8,9.7,13.2,1.7,206,9,611,29.06,,0,0,0,65.9,65.7,65.5,0.42,0.28,0.33
ELLE,2017-08-21 10:30:00 EDT,44.89550,-73.84502,977,75.4,74.5,75.4,67.0,63.7,0.000,0.000,0.00,0.000,9.8,12.2,1.1,214,9,10.1,12.4,1.2,213,8,9.8,12.2,1.1,214,9,562,29.05,,0,0,0,66.0,65.6,65.5,0.42,0.28,0.33
ELLE,2017-08-21 10:35:00 EDT,44.89550,-73.84502,977,76.4,75.6,76.4,62.6,62.7,0.000,0.000,0.00,0.000,11.1,16.7,1.8,234,11,11.6,18.1,1.8,234,12,11.1,16.7,1.8,234,11,647,29.05,,0,0,0,66.0,65.6,65.5,0.42,0.28,0.33
ELLE,2017-08-21 10:40:00 EDT,44.89550,-73.84502,977,76.7,76.0,76.7,59.5,61.5,0.000,0.000,0.00,0.000,12.6,17.1,2.2,234,15,13.1,19.4,2.2,234,15,12.6,17.1,2.2,234,15,606,29.05,,0,0,0,66.0,65.6,65.5,0.42,0.28,0.33
ELLE,2017-08-21 10:45:00 EDT,44.89550,-73.84502,977,76.9,76.2,76.9,58.5,61.2,0.000,0.000,0.00,0.000,11.9,16.1,2.0,246,15,12.4,16.1,2.0,246,15,11.9,16.1,2.0,246,15,629,29.05,,0,0,0,66.0,65.7,65.5,0.42,0.28,0.33
ELLE,2017-08-21 10:50:00 EDT,44.89550,-73.84502,977,77.0,76.4,77.0,57.8,61.0,0.000,0.000,0.00,0.000,8.9,13.6,2.4,259,14,9.7,16.1,2.5,258,13,8.9,13.6,2.4,259,14,570,29.05,,0,0,0,66.0,65.6,65.5,0.42,0.28,0.33
ELLE,2017-08-21 10:55:00 EDT,44.89550,-73.84502,977,77.2,76.6,77.2,58.3,61.5,0.000,0.000,0.00,0.000,10.2,16.0,2.0,253,16,10.8,16.6,2.2,254,16,10.2,16.0,2.0,253,16,619,29.06,,0,0,0,66.1,65.6,65.5,0.42,0.28,0.33
ELLE,2017-08-21 11:00:00 EDT,44.89550,-73.84502,977,77.5,76.7,77.5,58.6,61.8,0.000,0.000,0.00,0.000,9.5,12.4,1.5,262,13,10.3,14.2,1.8,262,12,9.5,12.4,1.5,262,13,652,29.06,,0,0,0,66.2,65.7,65.5,0.42,0.28,0.33
ELLE,2017-08-21 11:05:00 EDT,44.89550,-73.84502,977,77.3,76.6,77.3,58.7,61.7,0.000,0.000,0.00,0.000,14.5,22.9,4.2,260,15,15.8,25.6,4.3,262,14,14.5,22.9,4.2,260,15,673,29.05,,0,0,0,66.3,65.7,65.5,0.42,0.28,0.33
ELLE,2017-08-21 11:10:00 EDT,44.89550,-73.84502,977,77.3,76.6,77.3,60.1,62.4,0.000,0.000,0.00,0.000,11.1,18.0,2.9,260,12,12.0,20.0,3.2,261,11,11.1,18.0,2.9,260,12,685,29.05,,0,0,0,66.4,65.7,65.5,0.42,0.28,0.33
ELLE,2017-08-21 11:15:00 EDT,44.89550,-73.84502,977,77.9,77.0,77.9,62.0,63.8,0.000,0.000,0.00,0.000,8.8,12.6,1.5,250,10,9.4,13.4,1.6,251,10,8.8,12.6,1.5,250,10,590,29.05,,0,0,0,66.4,65.6,65.5,0.42,0.28,0.33
ELLE,2017-08-21 11:20:00 EDT,44.89550,-73.84502,977,77.7,76.9,77.7,60.4,62.9,0.000,0.000,0.00,0.000,9.6,15.2,2.2,254,11,10.3,16.7,2.3,255,10,9.6,15.2,2.2,254,11,679,29.05,,0,0,0,66.4,65.6,65.4,0.42,0.28,0.33
ELLE,2017-08-21 11:25:00 EDT,44.89550,-73.84502,977,77.9,77.1,77.9,60.1,63.0,0.000,0.000,0.00,0.000,12.5,17.2,2.5,258,10,13.5,19.3,2.6,259,10,12.5,17.2,2.5,258,10,655,29.05,,0,0,0,66.5,65.6,65.4,0.42,0.28,0.33
ELLE,2017-08-21 11:30:00 EDT,44.89550,-73.84502,977,77.8,77.1,77.8,58.1,61.9,0.000,0.000,0.00,0.000,12.5,20.7,3.4,262,12,13.6,21.7,3.7,262,10,12.5,20.7,3.4,262,12,522,29.05,,0,0,0,66.6,65.6,65.4,0.42,0.28,0.33
ELLE,2017-08-21 11:35:00 EDT,44.89550,-73.84502,977,77.9,77.1,77.9,58.9,62.4,0.000,0.000,0.00,0.000,11.2,19.9,4.5,250,11,11.8,20.4,4.4,252,10,11.2,19.9,4.5,250,11,721,29.05,,0,0,0,66.6,65.6,65.4,0.42,0.28,0.33
ELLE,2017-08-21 11:40:00 EDT,44.89550,-73.84502,977,78.3,77.3,78.3,56.2,61.4,0.000,0.000,0.00,0.000,14.6,21.7,3.0,257,12,15.6,22.4,3.1,257,11,14.6,21.7,3.0,257,12,745,29.05,,0,0,0,66.6,65.6,65.4,0.42,0.28,0.33
ELLE,2017-08-21 11:45:00 EDT,44.89550,-73.84502,977,78.4,77.4,78.4,55.9,61.3,0.000,0.000,0.00,0.000,13.7,20.3,2.4,258,15,14.7,23.5,2.9,259,14,13.7,20.3,2.4,258,15,743,29.05,,0,0,0,66.7,65.6,65.3,0.42,0.28,0.33
ELLE,2017-08-21 11:50:00 EDT,44.89550,-73.84502,977,78.5,77.6,78.5,56.4,61.7,0.000,0.000,0.00,0.000,12.3,18.0,2.6,252,13,13.3,20.8,2.7,253,12,12.3,18.0,2.6,252,13,721,29.05,,0,0,0,66.7,65.6,65.3,0.42,0.28,0.33
ELLE,2017-08-21 11:55:00 EDT,44.89550,-73.84502,977,78.1,77.3,78.1,55.8,61.0,0.000,0.000,0.00,0.000,12.3,19.3,3.0,262,13,13.5,21.7,3.4,263,10,12.3,19.3,3.0,262,13,626,29.04,,0,0,0,66.7,65.5,65.2,0.42,0.28,0.33
ELLE,2017-08-21 12:00:00 EDT,44.89550,-73.84502,977,78.3,77.4,78.3,56.4,61.5,0.000,0.000,0.00,0.000,11.2,17.8,2.7,258,11,12.0,19.6,2.9,259,11,11.2,17.8,2.7,258,11,602,29.04,,0,0,0,66.7,65.6,65.2,0.42,0.28,0.33
ELLE,2017-08-21 12:05:00 EDT,44.89550,-73.84502,977,78.5,77.6,78.5,56.6,61.8,0.000,0.000,0.00,0.000,11.0,18.2,2.3,249,9,11.7,18.2,2.2,250,9,11.0,18.2,2.3,249,9,743,29.04,,0,0,0,66.8,65.6,65.2,0.42,0.28,0.33
ELLE,2017-08-21 12:10:00 EDT,44.89550,-73.84502,977,78.8,77.9,78.8,53.4,60.4,0.000,0.000,0.00,0.000,13.3,16.8,2.4,255,11,14.1,18.7,2.5,256,10,13.3,16.8,2.4,255,11,618,29.04,,0,0,0,67.1,65.6,65.1,0.42,0.28,0.33
ELLE,2017-08-21 12:15:00 EDT,44.89550,-73.84502,977,78.5,78.0,78.5,51.5,59.2,0.000,0.000,0.00,0.000,15.2,22.9,3.6,262,13,16.3,24.3,3.9,263,12,15.2,22.9,3.6,262,13,694,29.04,,0,0,0,67.1,65.5,65.1,0.42,0.28,0.33
ELLE,2017-08-21 12:20:00 EDT,44.89550,-73.84502,977,78.9,78.2,78.9,52.1,59.8,0.000,0.000,0.00,0.000,14.9,20.5,2.8,258,11,16.2,21.4,2.9,258,10,14.9,20.5,2.8,258,11,727,29.04,,0,0,0,67.1,65.7,65.1,0.42,0.28,0.33
ELLE,2017-08-21 12:25:00 EDT,44.89550,-73.84502,977,78.8,78.1,78.8,52.8,60.1,0.000,0.000,0.00,0.000,14.6,18.6,2.3,255,9,15.6,21.5,2.5,255,9,14.6,18.6,2.3,255,9,645,29.04,,0,0,0,67.1,65.6,65.1,0.42,0.28,0.33
ELLE,2017-08-21 12:30:00 EDT,44.89550,-73.84502,977,78.7,78.0,78.7,53.8,60.6,0.000,0.000,0.00,0.000,12.1,18.9,2.5,263,12,13.1,20.4,2.8,264,10,12.1,18.9,2.5,263,12,703,29.04,,0,0,0,67.2,65.7,65.1,0.41,0.28,0.33
ELLE,2017-08-21 12:35:00 EDT,44.89550,-73.84502,977,78.7,78.1,78.7,54.4,60.9,0.000,0.000,0.00,0.000,13.7,22.9,4.0,256,12,14.7,24.5,4.2,257,10,13.7,22.9,4.0,256,12,461,29.04,,0,0,0,67.2,65.6,65.1,0.41,0.28,0.33
ELLE,2017-08-21 12:40:00 EDT,44.89550,-73.84502,977,78.7,78.1,78.7,54.3,60.8,0.000,0.000,0.00,0.000,14.0,20.2,2.3,259,14,14.9,23.0,2.7,259,14,14.0,20.2,2.3,259,14,718,29.04,,0,0,0,67.4,65.6,65.1,0.42,0.28,0.33
ELLE,2017-08-21 12:45:00 EDT,44.89550,-73.84502,977,79.2,78.5,79.2,52.6,60.4,0.000,0.000,0.00,0.000,14.1,22.8,3.6,265,12,15.4,26.8,3.9,265,9,14.1,22.8,3.6,265,12,697,29.04,,0,0,0,67.4,65.7,65.1,0.41,0.28,0.33
ELLE,2017-08-21 12:50:00 EDT,44.89550,-73.84502,977,79.3,78.5,79.3,52.3,60.3,0.000,0.000,0.00,0.000,13.2,20.3,3.0,259,14,13.9,21.2,3.1,261,14,13.2,20.3,3.0,259,14,764,29.04,,0,0,0,67.5,65.6,65.1,0.41,0.28,0.33
ELLE,2017-08-21 12:55:00 EDT,44.89550,-73.84502,977,79.4,78.7,79.4,53.4,61.0,0.000,0.000,0.00,0.000,10.7,16.9,2.9,274,17,11.8,19.1,3.1,274,16,10.7,16.9,2.9,274,17,631,29.04,,0,0,0,67.5,65.6,65.1,0.41,0.28,0.33
ELLE,2017-08-21 13:00:00 EDT,44.89550,-73.84502,977,79.1,78.5,79.1,53.2,60.6,0.000,0.000,0.00,0.000,10.9,23.5,3.1,271,13,12.1,25.3,3.3,271,13,10.9,23.5,3.1,271,13,543,29.03,,0,0,0,67.5,65.6,65.1,0.41,0.28,0.33
ELLE,2017-08-21 13:05:00 EDT,44.89550,-73.84502,977,79.7,78.9,79.7,54.1,61.7,0.000,0.000,0.00,0.000,12.0,18.3,2.4,256,9,12.9,21.0,2.6,258,8,12.0,18.3,2.4,256,9,781,29.04,,0,0,0,67.6,65.7,65.1,0.41,0.28,0.33
ELLE,2017-08-21 13:10:00 EDT,44.89550,-73.84502,977,80.2,79.3,81.5,54.5,62.3,0.000,0.000,0.00,0.000,8.4,15.1,2.9,271,16,9.3,16.8,3.0,271,14,8.4,15.1,2.9,271,16,760,29.03,,0,0,0,67.8,65.7,65.1,0.41,0.28,0.33
ELLE,2017-08-21 13:15:00 EDT,44.89550,-73.84502,977,80.6,79.6,81.8,54.1,62.5,0.000,0.000,0.00,0.000,10.2,17.2,2.6,254,14,11.1,17.9,2.8,254,14,10.2,17.2,2.6,254,14,745,29.03,,0,0,0,67.8,65.7,65.1,0.41,0.28,0.33
ELLE,2017-08-21 13:20:00 EDT,44.89550,-73.84502,977,80.1,79.3,80.9,50.0,59.8,0.000,0.000,0.00,0.000,14.7,21.6,2.4,252,12,15.6,22.7,2.5,253,11,14.7,21.6,2.4,252,12,748,29.03,,0,0,0,67.8,65.7,65.1,0.41,0.28,0.33
ELLE,2017-08-21 13:25:00 EDT,44.89550,-73.84502,977,80.0,79.2,80.9,50.5,60.0,0.000,0.000,0.00,0.000,16.2,25.1,3.6,249,9,17.0,25.1,3.5,249,9,16.2,25.1,3.6,249,9,754,29.03,,0,0,0,67.9,65.7,65.1,0.41,0.28,0.33
ELLE,2017-08-21 13:30:00 EDT,44.89550,-73.84502,977,80.1,79.4,81.0,50.4,60.0,0.000,0.000,0.00,0.000,12.2,16.7,2.0,260,14,13.3,18.9,2.1,260,12,12.2,16.7,2.0,260,14,700,29.03,,0,0,0,67.9,65.7,65.1,0.41,0.28,0.33
ELLE,2017-08-21 13:35:00 EDT,44.89550,-73.84502,977,80.2,79.4,81.0,50.7,60.2,0.000,0.000,0.00,0.000,13.4,20.7,3.2,263,11,14.8,22.3,3.4,264,9,13.4,20.7,3.2,263,11,707,29.03,,0,0,0,68.1,65.7,65.1,0.41,0.28,0.33
ELLE,2017-08-21 13:40:00 EDT,44.89550,-73.84502,977,79.9,79.3,79.9,50.0,59.6,0.000,0.000,0.00,0.000,13.9,18.6,2.4,260,10,14.9,21.2,2.7,261,9,13.9,18.6,2.4,260,10,636,29.03,,0,0,0,68.1,65.7,65.1,0.41,0.28,0.33
ELLE,2017-08-21 13:45:00 EDT,44.89550,-73.84502,977,80.2,79.4,81.1,51.3,60.6,0.000,0.000,0.00,0.000,13.2,19.0,3.4,252,10,14.0,21.5,3.7,253,9,13.2,19.0,3.4,252,10,649,29.03,,0,0,0,68.2,65.7,65.1,0.41,0.28,0.33
ELLE,2017-08-21 13:50:00 EDT,44.89550,-73.84502,977,79.8,79.3,79.8,52.0,60.7,0.000,0.000,0.00,0.000,12.9,17.5,2.0,254,14,13.8,18.2,2.1,254,12,12.9,17.5,2.0,254,14,572,29.02,,0,0,0,68.2,65.7,65.1,0.42,0.28,0.33
ELLE,2017-08-21 13:55:00 EDT,44.89550,-73.84502,977,79.8,79.3,79.8,52.3,60.7,0.000,0.000,0.00,0.000,11.6,15.2,1.5,249,11,12.3,16.5,1.6,249,12,11.6,15.2,1.5,249,11,549,29.02,,0,0,0,68.3,65.7,65.1,0.41,0.28,0.33
ELLE,2017-08-21 14:00:00 EDT,44.89550,-73.84502,977,79.7,79.3,79.7,52.3,60.7,0.000,0.000,0.00,0.000,12.6,19.8,2.5,246,9,13.3,20.6,2.4,246,9,12.6,19.8,2.5,246,9,512,29.02,,0,0,0,68.5,65.7,65.1,0.41,0.28,0.33
ELLE,2017-08-21 14:05:00 EDT,44.89550,-73.84502,977,79.7,79.3,79.7,53.9,61.6,0.000,0.000,0.00,0.000,9.6,17.5,2.9,258,15,10.4,18.2,3.0,259,14,9.6,17.5,2.9,258,15,468,29.02,,0,0,0,68.5,65.8,65.1,0.41,0.28,0.33
ELLE,2017-08-21 14:10:00 EDT,44.89550,-73.84502,977,79.4,79.2,79.4,53.4,61.0,0.000,0.000,0.00,0.000,11.2,16.6,2.6,257,13,12.2,17.3,2.7,258,12,11.2,16.6,2.6,257,13,415,29.02,,0,0,0,68.5,65.7,65.1,0.42,0.28,0.33
ELLE,2017-08-21 14:15:00 EDT,44.89550,-73.84502,977,79.0,78.9,79.0,54.1,61.0,0.000,0.000,0.00,0.000,11.2,19.6,3.1,259,11,12.2,20.5,3.5,260,10,11.2,19.6,3.1,259,11,373,29.02,,0,0,0,68.6,65.8,65.1,0.41,0.28,0.33
ELLE,2017-08-21 14:20:00 EDT,44.89550,-73.84502,977,78.7,78.8,78.7,52.6,59.9,0.000,0.000,0.00,0.000,13.5,19.1,2.5,252,9,14.3,21.0,2.7,253,9,13.5,19.1,2.5,252,9,334,29.02,,0,0,0,68.6,65.7,65.1,0.41,0.28,0.33
ELLE,2017-08-21 14:25:00 EDT,44.89550,-73.84502,977,78.4,78.5,78.4,54.2,60.4,0.000,0.000,0.00,0.000,9.7,13.8,1.7,254,14,10.5,16.0,2.0,256,12,9.7,13.8,1.7,254,14,296,29.02,,0,0,0,68.7,65.7,65.1,0.41,0.28,0.33
ELLE,2017-08-21 14:30:00 EDT,44.89550,-73.84502,977,78.0,78.1,78.0,57.1,61.6,0.000,0.000,0.00,0.000,7.3,10.3,1.3,256,10,7.9,11.5,1.5,257,9,7.3,10.3,1.3,256,10,268,29.01,,0,0,0,68.8,65.8,65.1,0.41,0.28,0.33
ELLE,2017-08-21 14:35:00 EDT,44.89550,-73.84502,977,78.1,78.3,78.1,54.9,60.6,0.000,0.000,0.00,0.000,9.3,14.4,2.3,264,13,10.2,15.5,2.5,265,11,9.3,14.4,2.3,264,13,250,29.01,,0,0,0,68.8,65.8,65.1,0.41,0.28,0.33
ELLE,2017-08-21 14:40:00 EDT,44.89550,-73.84502,977,77.8,78.1,77.8,54.6,60.1,0.000,0.000,0.00,0.000,11.0,15.7,2.3,258,9,11.9,17.3,2.5,258,8,11.0,15.7,2.3,258,9,240,29.01,,0,0,0,68.9,65.8,65.1,0.41,0.28,0.33
ELLE,2017-08-21 14:45:00 EDT,44.89550,-73.84502,977,77.5,77.9,77.5,55.2,60.2,0.000,0.000,0.00,0.000,9.8,14.1,1.9,256,11,10.5,15.6,2.0,257,10,9.8,14.1,1.9,256,11,241,29.01,,0,0,0,68.9,65.8,65.1,0.41,0.28,0.33
ELLE,2017-08-21 14:50:00 EDT,44.89550,-73.84502,977,77.4,77.7,77.4,55.6,60.3,0.000,0.000,0.00,0.000,9.3,12.6,1.5,260,12,10.0,14.5,1.8,261,11,9.3,12.6,1.5,260,12,252,29.01,,0,0,0,68.9,65.8,65.1,0.41,0.28,0.33
ELLE,2017-08-21 14:55:00 EDT,44.89550,-73.84502,977,77.5,77.7,77.5,55.3,60.2,0.000,0.000,0.00,0.000,10.0,13.8,1.6,260,11,11.0,17.1,2.0,261,9,10.0,13.8,1.6,260,11,269,29.01,,0,0,0,68.9,65.8,65.1,0.41,0.28,0.33
ELLE,2017-08-21 15:00:00 EDT,44.89550,-73.84502,977,77.5,77.6,77.5,55.7,60.4,0.000,0.000,0.00,0.000,9.3,15.7,1.8,258,10,10.1,16.9,2.1,259,8,9.3,15.7,1.8,258,10,293,29.01,,0,0,0,69.0,65.9,65.1,0.41,0.28,0.33
ELLE,2017-08-21 15:05:00 EDT,44.89550,-73.84502,977,77.6,77.7,77.6,56.1,60.7,0.000,0.000,0.00,0.000,9.1,13.4,1.4,257,9,9.8,15.1,1.7,258,7,9.1,13.4,1.4,257,9,321,29.01,,0,0,0,69.1,65.9,65.1,0.41,0.28,0.33
ELLE,2017-08-21 15:10:00 EDT,44.89550,-73.84502,977,77.9,77.8,77.9,56.9,61.4,0.000,0.000,0.00,0.000,7.3,11.1,1.8,256,10,7.8,12.4,1.9,257,9,7.3,11.1,1.8,256,10,353,29.01,,0,0,0,69.2,65.9,65.1,0.41,0.28,0.33
ELLE,2017-08-21 15:15:00 EDT,44.89550,-73.84502,977,78.2,78.0,78.2,56.3,61.4,0.000,0.000,0.00,0.000,8.3,11.6,1.5,254,12,8.9,12.5,1.6,254,10,8.3,11.6,1.5,254,12,386,29.01,,0,0,0,69.2,65.9,65.1,0.41,0.28,0.33
ELLE,2017-08-21 15:20:00 EDT,44.89550,-73.84502,977,78.4,78.2,78.4,55.7,61.3,0.000,0.000,0.00,0.000,8.7,12.1,1.6,250,9,9.2,12.1,1.6,251,9,8.7,12.1,1.6,250,9,420,29.00,,0,0,0,69.2,65.9,65.1,0.41,0.28,0.33
ELLE,2017-08-21 15:25:00 EDT,44.89550,-73.84502,977,78.8,78.4,78.8,56.7,62.1,0.000,0.000,0.00,0.000,7.4,11.9,1.6,242,10,7.9,12.2,1.6,243,9,7.4,11.9,1.6,242,10,452,29.00,,0,0,0,69.2,65.9,65.1,0.41,0.28,0.33
ELLE,2017-08-21 15:30:00 EDT,44.89550,-73.84502,977,79.0,78.6,79.0,55.0,61.5,0.000,0.000,0.00,0.000,9.4,13.1,1.7,248,11,9.9,13.6,1.9,248,10,9.4,13.1,1.7,248,11,482,29.00,,0,0,0,69.3,65.9,65.1,0.41,0.28,0.33
ELLE,2017-08-21 15:35:00 EDT,44.89550,-73.84502,977,79.3,78.8,79.3,55.8,62.1,0.000,0.000,0.00,0.000,8.2,12.5,1.8,248,12,8.7,13.4,2.0,249,12,8.2,12.5,1.8,248,12,504,29.00,,0,0,0,69.3,65.9,65.1,0.41,0.28,0.33
ELLE,2017-08-21 15:40:00 EDT,44.89550,-73.84502,977,79.4,78.9,79.4,53.3,60.9,0.000,0.000,0.00,0.000,12.1,17.0,2.0,252,10,12.9,17.5,2.1,253,9,12.1,17.0,2.0,252,10,523,29.00,,0,0,0,69.3,65.9,65.1,0.41,0.28,0.33
ELLE,2017-08-21 15:45:00 EDT,44.89550,-73.84502,977,79.4,79.0,79.4,53.9,61.3,0.000,0.000,0.00,0.000,11.2,15.9,2.2,252,7,11.9,18.2,2.5,253,6,11.2,15.9,2.2,252,7,534,29.00,,0,0,0,69.3,65.9,65.1,0.41,0.28,0.33
ELLE,2017-08-21 15:50:00 EDT,44.89550,-73.84502,977,79.8,79.2,79.8,54.6,62.0,0.000,0.000,0.00,0.000,10.6,14.0,1.6,251,8,11.3,15.5,1.7,251,7,10.6,14.0,1.6,251,8,540,29.00,,0,0,0,69.3,65.9,65.1,0.41,0.28,0.33
ELLE,2017-08-21 15:55:00 EDT,44.89550,-73.84502,977,79.8,79.3,79.8,53.8,61.6,0.000,0.000,0.00,0.000,11.9,15.7,1.8,243,11,12.4,16.5,1.8,243,12,11.9,15.7,1.8,243,11,534,28.99,,0,0,0,69.3,65.9,65.1,0.41,0.28,0.33
ELLE,2017-08-21 16:00:00 EDT,44.89550,-73.84502,977,79.9,79.3,79.9,53.9,61.7,0.000,0.000,0.00,0.000,10.6,15.8,1.9,240,12,11.1,17.2,2.1,240,11,10.6,15.8,1.9,240,12,523,28.99,,0,0,0,69.3,65.9,65.1,0.41,0.28,0.32
ELLE,2017-08-21 16:05:00 EDT,44.89550,-73.84502,977,80.0,79.5,80.0,53.5,61.6,0.000,0.000,0.00,0.000,11.6,17.3,3.3,244,10,12.1,18.3,3.2,245,11,11.6,17.3,3.3,244,10,515,28.99,,0,0,0,69.3,65.9,65.1,0.41,0.28,0.32
ELLE,2017-08-21 16:10:00 EDT,44.89550,-73.84502,977,79.9,79.4,79.9,54.8,62.2,0.000,0.000,0.00,0.000,9.9,15.6,2.0,250,10,10.7,15.8,2.2,250,10,9.9,15.6,2.0,250,10,499,28.99,,0,0,0,69.3,66.0,65.1,0.41,0.28,0.33
ELLE,2017-08-21 16:15:00 EDT,44.89550,-73.84502,977,79.9,79.5,79.9,54.0,61.8,0.000,0.000,0.00,0.000,13.2,18.3,2.5,254,12,14.2,19.8,2.6,254,11,13.2,18.3,2.5,254,12,491,28.99,,0,0,0,69.4,66.0,65.1,0.41,0.28,0.32
ELLE,2017-08-21 16:20:00 EDT,44.89550,-73.84502,977,79.7,79.4,79.7,55.1,62.2,0.000,0.000,0.00,0.000,13.2,19.7,2.5,251,12,14.0,20.5,2.6,253,10,13.2,19.7,2.5,251,12,481,28.99,,0,0,0,69.4,66.0,65.1,0.41,0.28,0.33
ELLE,2017-08-21 16:25:00 EDT,44.89550,-73.84502,977,79.7,79.4,79.7,54.5,61.9,0.000,0.000,0.00,0.000,13.8,21.4,3.0,253,12,14.7,21.1,2.9,253,12,13.8,21.4,3.0,253,12,466,28.99,,0,0,0,69.4,66.0,65.1,0.41,0.28,0.32
ELLE,2017-08-21 16:30:00 EDT,44.89550,-73.84502,977,79.7,79.4,79.7,55.2,62.3,0.000,0.000,0.00,0.000,12.3,17.3,2.1,253,13,13.1,18.5,2.1,253,12,12.3,17.3,2.1,253,13,452,28.99,,0,0,0,69.5,66.0,65.1,0.41,0.28,0.33
ELLE,2017-08-21 16:35:00 EDT,44.89550,-73.84502,977,79.8,79.5,79.8,55.5,62.4,0.000,0.000,0.00,0.000,14.0,22.0,2.9,240,12,14.5,23.7,2.9,241,13,14.0,22.0,2.9,240,12,440,28.99,,0,0,0,69.5,66.0,65.1,0.41,0.28,0.33
ELLE,2017-08-21 16:40:00 EDT,44.89550,-73.84502,977,79.7,79.5,79.7,55.1,62.2,0.000,0.000,0.00,0.000,15.5,21.3,3.2,238,10,16.0,22.6,3.1,238,10,15.5,21.3,3.2,238,10,431,28.99,,0,0,0,69.5,66.0,65.1,0.41,0.28,0.32
ELLE,2017-08-21 16:45:00 EDT,44.89550,-73.84502,977,79.6,79.4,79.6,56.0,62.5,0.000,0.000,0.00,0.000,14.1,19.7,2.6,241,10,14.7,20.3,2.5,241,10,14.1,19.7,2.6,241,10,422,28.98,,0,0,0,69.6,66.0,65.1,0.41,0.28,0.33
ELLE,2017-08-21 16:50:00 EDT,44.89550,-73.84502,977,79.6,79.5,79.6,54.8,61.9,0.000,0.000,0.00,0.000,14.9,21.3,2.5,245,12,15.6,22.0,2.5,246,12,14.9,21.3,2.5,245,12,413,28.98,,0,0,0,69.6,66.0,65.1,0.41,0.28,0.33
ELLE,2017-08-21 16:55:00 EDT,44.89550,-73.84502,977,79.6,79.5,79.6,54.5,61.7,0.000,0.000,0.00,0.000,18.4,26.3,2.6,243,9,18.9,25.3,2.6,243,9,18.4,26.3,2.6,243,9,398,28.98,,0,0,0,69.6,66.0,65.1,0.41,0.28,0.32
ELLE,2017-08-21 17:00:00 EDT,44.89550,-73.84502,977,79.4,79.4,79.4,54.9,61.8,0.000,0.000,0.00,0.000,17.8,27.8,3.4,245,11,18.2,26.9,3.3,246,10,17.8,27.8,3.4,245,11,386,28.98,,0,0,0,69.6,66.0,65.1,0.41,0.28,0.33
ELLE,2017-08-21 17:05:00 EDT,44.89550,-73.84502,977,79.4,79.4,79.4,55.9,62.3,0.000,0.000,0.00,0.000,14.0,25.0,3.5,247,11,14.8,24.5,3.6,248,11,14.0,25.0,3.5,247,11,373,28.98,,0,0,0,69.6,66.0,65.2,0.41,0.28,0.32
ELLE,2017-08-21 17:10:00 EDT,44.89550,-73.84502,977,79.4,79.4,79.4,55.4,62.0,0.000,0.000,0.00,0.000,16.0,20.9,2.4,252,9,17.0,22.7,2.6,253,9,16.0,20.9,2.4,252,9,361,28.98,,0,0,0,69.6,66.0,65.2,0.41,0.28,0.33
ELLE,2017-08-21 17:15:00 EDT,44.89550,-73.84502,977,79.4,79.4,79.4,54.8,61.7,0.000,0.000,0.00,0.000,14.5,19.9,1.9,255,10,15.5,21.2,2.0,256,8,14.5,19.9,1.9,255,10,349,28.98,,0,0,0,69.6,66.1,65.2,0.41,0.28,0.33
ELLE,2017-08-21 17:20:00 EDT,44.89550,-73.84502,977,79.3,79.3,79.3,55.9,62.2,0.000,0.000,0.00,0.000,12.0,17.0,2.4,254,9,12.8,18.3,2.5,255,9,12.0,17.0,2.4,254,9,335,28.98,,0,0,0,69.6,66.1,65.3,0.41,0.28,0.33
ELLE,2017-08-21 17:25:00 EDT,44.89550,-73.84502,977,79.3,79.3,79.3,56.3,62.4,0.000,0.000,0.00,0.000,11.8,17.6,2.5,247,16,12.7,20.2,2.6,248,15,11.8,17.6,2.5,247,16,320,28.98,,0,0,0,69.6,66.1,65.4,0.41,0.28,0.33
ELLE,2017-08-21 17:30:00 EDT,44.89550,-73.84502,977,79.3,79.4,79.3,55.8,62.1,0.000,0.000,0.00,0.000,14.8,23.9,3.1,242,9,15.2,24.4,3.1,241,10,14.8,23.9,3.1,242,9,307,28.98,,0,0,0,69.6,66.1,65.4,0.41,0.28,0.33
ELLE,2017-08-21 17:35:00 EDT,44.89550,-73.84502,977,79.1,79.3,79.1,55.7,61.9,0.000,0.000,0.00,0.000,14.4,20.2,2.1,247,12,15.0,20.6,2.0,247,11,14.4,20.2,2.1,247,12,294,28.98,,0,0,0,69.6,66.1,65.4,0.41,0.28,0.32
ELLE,2017-08-21 17:40:00 EDT,44.89550,-73.84502,977,79.0,79.2,79.0,55.2,61.5,0.000,0.000,0.00,0.000,15.3,20.2,2.2,241,12,15.9,20.7,2.2,241,13,15.3,20.2,2.2,241,12,279,28.97,,0,0,0,69.6,66.2,65.4,0.41,0.28,0.33
ELLE,2017-08-21 17:45:00 EDT,44.89550,-73.84502,977,78.7,79.0,78.7,55.8,61.6,0.000,0.000,0.00,0.000,14.1,20.5,2.8,247,10,14.8,21.6,3.0,247,10,14.1,20.5,2.8,247,10,265,28.98,,0,0,0,69.6,66.2,65.5,0.41,0.28,0.33
ELLE,2017-08-21 17:50:00 EDT,44.89550,-73.84502,977,78.6,78.8,78.6,56.5,61.8,0.000,0.000,0.00,0.000,11.4,16.3,1.9,253,9,12.1,17.5,2.1,253,9,11.4,16.3,1.9,253,9,253,28.98,,0,0,0,69.6,66.3,65.4,0.41,0.28,0.33
ELLE,2017-08-21 17:55:00 EDT,44.89550,-73.84502,977,78.6,78.9,78.6,56.0,61.5,0.000,0.000,0.00,0.000,11.9,17.8,2.6,253,13,12.7,18.3,2.7,254,11,11.9,17.8,2.6,253,13,239,28.98,,0,0,0,69.6,66.3,65.5,0.41,0.28,0.33
ELLE,2017-08-21 18:00:00 EDT,44.89550,-73.84502,977,78.5,78.8,78.5,55.9,61.5,0.000,0.000,0.00,0.000,11.7,17.2,1.7,254,9,12.5,18.9,2.1,254,9,11.7,17.2,1.7,254,9,225,28.98,,0,0,0,69.6,66.3,65.5,0.41,0.28,0.32
ELLE,2017-08-21 18:05:00 EDT,44.89550,-73.84502,977,78.1,78.6,78.1,57.5,61.9,0.000,0.000,0.00,0.000,10.2,14.7,1.5,251,9,10.9,16.4,1.8,251,8,10.2,14.7,1.5,251,9,211,28.98,,0,0,0,69.6,66.4,65.5,0.41,0.28,0.32
ELLE,2017-08-21 18:10:00 EDT,44.89550,-73.84502,977,78.0,78.4,78.0,58.1,62.1,0.000,0.000,0.00,0.000,8.8,12.6,1.4,249,7,9.4,12.9,1.4,249,7,8.8,12.6,1.4,249,7,198,28.98,,0,0,0,69.6,66.4,65.5,0.41,0.28,0.32
ELLE,2017-08-21 18:15:00 EDT,44.89550,-73.84502,977,77.9,78.3,77.9,58.4,62.1,0.000,0.000,0.00,0.000,9.3,14.0,2.1,249,10,9.9,15.1,2.2,250,8,9.3,14.0,2.1,249,10,185,28.97,,0,0,0,69.6,66.4,65.5,0.41,0.28,0.32
ELLE,2017-08-21 18:20:00 EDT,44.89550,-73.84502,977,77.6,78.1,77.6,59.2,62.2,0.000,0.000,0.00,0.000,8.6,11.5,1.2,250,8,9.2,14.1,1.3,250,8,8.6,11.5,1.2,250,8,171,28.97,,0,0,0,69.6,66.4,65.5,0.41,0.28,0.32
ELLE,2017-08-21 18:25:00 EDT,44.89550,-73.84502,977,77.4,77.9,77.4,60.2,62.5,0.000,0.000,0.00,0.000,7.8,11.8,1.6,248,8,8.3,13.3,1.7,249,8,7.8,11.8,1.6,248,8,155,28.97,,0,0,0,69.6,66.4,65.5,0.41,0.28,0.32
ELLE,2017-08-21 18:30:00 EDT,44.89550,-73.84502,977,77.2,77.7,77.2,60.8,62.6,0.000,0.000,0.00,0.000,7.6,11.5,1.7,250,8,8.1,12.5,1.8,250,8,7.6,11.5,1.7,250,8,142,28.97,,0,0,0,69.6,66.4,65.5,0.41,0.28,0.33
ELLE,2017-08-21 18:35:00 EDT,44.89550,-73.84502,977,77.0,77.6,77.0,61.2,62.6,0.000,0.000,0.00,0.000,8.0,12.4,1.6,249,10,8.6,12.5,1.6,249,9,8.0,12.4,1.6,249,10,131,28.97,,0,0,0,69.6,66.4,65.5,0.41,0.28,0.32
ELLE,2017-08-21 18:40:00 EDT,44.89550,-73.84502,977,77.0,77.7,77.0,59.7,61.9,0.000,0.000,0.00,0.000,10.0,14.7,1.8,252,9,10.7,16.6,2.1,253,8,10.0,14.7,1.8,252,9,121,28.98,,0,0,0,69.6,66.4,65.5,0.41,0.28,0.32
ELLE,2017-08-21 18:45:00 EDT,44.89550,-73.84502,977,76.8,77.6,76.8,59.4,61.6,0.000,0.000,0.00,0.000,9.2,15.1,2.1,251,9,9.8,16.9,2.3,251,8,9.2,15.1,2.1,251,9,111,28.98,,0,0,0,69.6,66.4,65.5,0.41,0.28,0.32
ELLE,2017-08-21 18:50:00 EDT,44.89550,-73.84502,977,76.3,77.1,76.3,61.0,61.8,0.000,0.000,0.00,0.000,6.1,10.7,1.3,261,12,6.7,10.7,1.4,262,10,6.1,10.7,1.3,261,12,99,28.98,,0,0,0,69.6,66.4,65.5,0.41,0.28,0.32
ELLE,2017-08-21 18:55:00 EDT,44.89550,-73.84502,977,76.1,77.1,76.1,61.1,61.7,0.000,0.000,0.00,0.000,6.8,9.3,1.1,253,8,7.3,10.9,1.3,254,8,6.8,9.3,1.1,253,8,86,28.98,,0,0,0,69.6,66.4,65.5,0.41,0.28,0.32
ELLE,2017-08-21 19:00:00 EDT,44.89550,-73.84502,977,75.4,76.4,75.4,63.0,61.9,0.000,0.000,0.00,0.000,5.8,8.5,0.9,253,7,6.3,9.3,1.0,253,6,5.8,8.5,0.9,253,7,74,28.97,,0,0,0,69.6,66.4,65.5,0.41,0.28,0.32
ELLE,2017-08-21 19:05:00 EDT,44.89550,-73.84502,977,75.1,76.4,75.1,63.6,61.9,0.000,0.000,0.00,0.000,5.3,7.3,0.8,263,8,5.7,8.0,1.0,264,7,5.3,7.3,0.8,263,8,63,28.98,,0,0,0,69.6,66.4,65.5,0.41,0.28,0.32
ELLE,2017-08-21 19:10:00 EDT,44.89550,-73.84502,977,75.0,76.2,75.0,63.3,61.7,0.000,0.000,0.00,0.000,4.9,7.0,0.9,264,9,5.3,8.4,1.1,265,8,4.9,7.0,0.9,264,9,53,28.98,,0,0,0,69.6,66.4,65.5,0.41,0.28,0.32
ELLE,2017-08-21 19:15:00 EDT,44.89550,-73.84502,977,74.6,76.0,74.6,64.1,61.6,0.000,0.000,0.00,0.000,5.7,8.2,0.8,262,10,6.2,9.9,1.0,262,9,5.7,8.2,0.8,262,10,36,28.98,,0,0,0,69.6,66.4,65.5,0.41,0.28,0.32
ELLE,2017-08-21 19:20:00 EDT,44.89550,-73.84502,977,73.3,75.4,73.3,67.2,61.8,0.000,0.000,0.00,0.000,5.1,6.5,0.6,253,5,5.6,7.2,0.7,252,4,5.1,6.5,0.6,253,5,28,28.98,,0,0,0,69.5,66.4,65.5,0.41,0.28,0.32
ELLE,2017-08-21 19:25:00 EDT,44.89550,-73.84502,977,73.3,75.1,73.3,67.6,61.9,0.000,0.000,0.00,0.000,4.5,6.4,0.6,266,9,4.9,7.4,0.8,265,8,4.5,6.4,0.6,266,9,23,28.98,,0,0,0,69.5,66.5,65.5,0.41,0.28,0.32
ELLE,2017-08-21 19:30:00 EDT,44.89550,-73.84502,977,73.6,75.2,73.6,66.8,61.9,0.000,0.000,0.00,0.000,5.7,9.3,1.1,266,9,6.3,10.3,1.3,265,8,5.7,9.3,1.1,266,9,19,28.98,,0,0,0,69.6,66.4,65.5,0.41,0.28,0.32
ELLE,2017-08-21 19:35:00 EDT,44.89550,-73.84502,977,73.1,74.7,73.1,67.4,61.6,0.000,0.000,0.00,0.000,5.2,6.6,0.7,257,6,5.6,7.2,0.7,257,4,5.2,6.6,0.7,257,6,15,28.98,,0,0,0,69.5,66.5,65.5,0.41,0.28,0.32
ELLE,2017-08-21 19:40:00 EDT,44.89550,-73.84502,977,72.0,74.1,72.0,69.9,61.7,0.000,0.000,0.00,0.000,4.6,5.8,0.4,255,6,5.0,6.3,0.5,255,5,4.6,5.8,0.4,255,6,11,28.98,,0,0,0,69.4,66.4,65.5,0.41,0.28,0.32
ELLE,2017-08-21 19:45:00 EDT,44.89550,-73.84502,977,71.4,73.6,71.4,71.7,61.8,0.000,0.000,0.00,0.000,4.1,4.9,0.3,249,4,4.5,5.5,0.4,249,4,4.1,4.9,0.3,249,4,8,28.98,,0,0,0,69.4,66.5,65.5,0.41,0.28,0.32
ELLE,2017-08-21 19:50:00 EDT,44.89550,-73.84502,977,70.6,73.3,70.6,73.7,61.8,0.000,0.000,0.00,0.000,3.5,5.1,0.5,258,5,3.9,5.8,0.6,257,5,3.5,5.1,0.5,258,5,5,28.98,,0,0,0,69.4,66.5,65.5,0.41,0.28,0.32
ELLE,2017-08-21 19:55:00 EDT,44.89550,-73.84502,977,69.8,72.9,69.8,77.1,62.3,0.000,0.000,0.00,0.000,3.0,3.9,0.3,252,5,3.2,4.3,0.4,250,7,3.0,3.9,0.3,252,5,3,28.97,,0,0,0,69.3,66.5,65.5,0.41,0.28,0.32
ELLE,2017-08-21 20:00:00 EDT,44.89550,-73.84502,977,69.1,72.5,69.1,79.1,62.4,0.000,0.000,0.00,0.000,3.0,3.9,0.4,248,5,3.2,4.7,0.5,245,5,3.0,3.9,0.4,248,5,2,28.97,,0,0,0,69.3,66.5,65.5,0.41,0.28,0.32
ELLE,2017-08-21 20:05:00 EDT,44.89550,-73.84502,977,68.5,71.9,68.5,81.3,62.5,0.000,0.000,0.00,0.000,2.4,3.0,0.2,253,6,2.7,3.7,0.4,249,8,2.4,3.0,0.2,253,6,1,28.97,,0,0,0,69.3,66.5,65.5,0.41,0.28,0.32
ELLE,2017-08-21 20:10:00 EDT,44.89550,-73.84502,977,68.1,71.1,68.1,82.6,62.6,0.000,0.000,0.00,0.000,1.9,2.6,0.3,248,8,2.1,2.8,0.3,249,11,1.9,2.6,0.3,248,8,0,28.98,,0,0,0,69.3,66.5,65.5,0.41,0.28,0.32
ELLE,2017-08-21 20:15:00 EDT,44.89550,-73.84502,977,68.6,70.9,68.6,82.9,63.2,0.000,0.000,0.00,0.000,1.1,2.3,0.8,259,5,1.4,2.8,0.8,259,12,1.1,2.3,0.8,259,5,0,28.98,,0,0,0,69.3,66.6,65.5,0.41,0.28,0.32
ELLE,2017-08-21 20:20:00 EDT,44.89550,-73.84502,977,67.4,70.1,67.4,84.0,62.4,0.000,0.000,0.00,0.000,0.0,0.6,0.1,126,18,0.2,1.2,0.4,149,28,0.0,0.6,0.1,126,18,0,28.98,,0,0,0,69.3,66.5,65.5,0.41,0.28,0.32
ELLE,2017-08-21 20:25:00 EDT,44.89550,-73.84502,977,66.6,69.6,66.6,85.3,62.1,0.000,0.000,0.00,0.000,0.2,0.7,0.2,145,8,0.5,1.3,0.4,162,15,0.2,0.7,0.2,145,8,0,28.98,,0,0,0,69.3,66.6,65.5,0.41,0.28,0.32
ELLE,2017-08-21 20:30:00 EDT,44.89550,-73.84502,977,67.7,68.9,67.7,86.1,63.3,0.000,0.000,0.00,0.000,0.0,0.0,0.0,0,0,0.1,0.8,0.2,143,7,0.0,0.0,0.0,0,0,0,28.98,,0,0,0,69.3,66.5,65.5,0.41,0.28,0.32
ELLE,2017-08-21 20:35:00 EDT,44.89550,-73.84502,977,67.0,68.2,67.0,86.6,62.8,0.000,0.000,0.00,0.000,0.0,0.0,0.0,0,0,0.5,1.0,0.4,159,21,0.0,0.0,0.0,0,0,0,28.98,,0,0,0,69.2,66.5,65.5,0.41,0.28,0.32
ELLE,2017-08-21 20:40:00 EDT,44.89550,-73.84502,977,67.0,68.0,67.0,87.2,63.1,0.000,0.000,0.00,0.000,0.0,0.0,0.0,0,0,0.0,0.8,0.1,198,81,0.0,0.0,0.0,0,0,0,28.98,,0,0,0,69.2,66.6,65.5,0.41,0.28,0.32
ELLE,2017-08-21 20:45:00 EDT,44.89550,-73.84502,977,67.0,68.1,67.0,85.9,62.7,0.000,0.000,0.00,0.000,0.0,0.0,0.0,0,0,0.1,1.1,0.3,260,4,0.0,0.0,0.0,0,0,0,28.98,,0,0,0,69.2,66.6,65.5,0.41,0.28,0.32
ELLE,2017-08-21 20:50:00 EDT,44.89550,-73.84502,977,66.4,67.7,66.4,86.8,62.3,0.000,0.000,0.00,0.000,0.7,1.3,0.4,312,8,1.1,1.5,0.3,302,13,0.7,1.3,0.4,312,8,0,28.99,,0,0,0,69.1,66.7,65.5,0.41,0.28,0.32
ELLE,2017-08-21 20:55:00 EDT,44.89550,-73.84502,977,65.5,67.6,65.5,88.3,61.9,0.000,0.000,0.00,0.000,0.7,2.1,0.7,215,9,1.2,2.2,0.5,223,16,0.7,2.1,0.7,215,9,0,28.99,,0,0,0,69.0,66.6,65.5,0.41,0.28,0.32
ELLE,2017-08-21 21:00:00 EDT,44.89550,-73.84502,977,63.1,66.5,63.1,90.9,60.4,0.000,0.000,0.00,0.000,2.6,3.1,0.3,216,5,2.5,3.2,0.3,217,6,2.6,3.1,0.3,216,5,0,28.98,,0,0,0,68.9,66.7,65.5,0.41,0.28,0.32
ELLE,2017-08-21 21:05:00 EDT,44.89550,-73.84502,977,63.5,66.1,63.5,93.5,61.6,0.000,0.000,0.00,0.000,2.0,2.5,0.2,247,15,2.2,3.0,0.3,247,14,2.0,2.5,0.2,247,15,0,28.98,,0,0,0,68.9,66.6,65.5,0.41,0.28,0.32
ELLE,2017-08-21 21:10:00 EDT,44.89550,-73.84502,977,64.0,66.1,64.0,94.3,62.4,0.000,0.000,0.00,0.000,2.0,2.6,0.3,255,6,2.2,3.2,0.3,253,10,2.0,2.6,0.3,255,6,0,28.98,,0,0,0,68.9,66.6,65.5,0.41,0.28,0.32
ELLE,2017-08-21 21:15:00 EDT,44.89550,-73.84502,977,64.0,65.9,64.0,93.6,62.1,0.000,0.000,0.00,0.000,1.6,2.1,0.3,242,5,1.8,2.2,0.2,240,6,1.6,2.1,0.3,242,5,0,28.98,,0,0,0,68.9,66.7,65.5,0.41,0.28,0.33
ELLE,2017-08-21 21:20:00 EDT,44.89550,-73.84502,977,63.4,65.7,63.4,94.2,61.7,0.000,0.000,0.00,0.000,1.4,1.7,0.2,268,5,1.7,2.1,0.2,268,6,1.4,1.7,0.2,268,5,0,28.99,,0,0,0,68.9,66.7,65.5,0.41,0.28,0.32
ELLE,2017-08-21 21:25:00 EDT,44.89550,-73.84502,977,63.7,66.3,63.7,94.9,62.2,0.000,0.000,0.00,0.000,1.5,1.8,0.1,253,14,1.7,2.3,0.2,250,13,1.5,1.8,0.1,253,14,0,28.99,,0,0,0,68.8,66.6,65.5,0.41,0.28,0.32
ELLE,2017-08-21 21:30:00 EDT,44.89550,-73.84502,977,63.0,66.1,63.0,94.0,61.2,0.000,0.000,0.00,0.000,1.4,1.5,0.1,247,3,1.7,1.9,0.1,247,5,1.4,1.5,0.1,247,3,0,28.99,,0,0,0,68.8,66.7,65.5,0.41,0.28,0.32
ELLE,2017-08-21 21:35:00 EDT,44.89550,-73.84502,977,62.2,65.2,62.2,94.4,60.6,0.000,0.000,0.00,0.000,1.8,2.3,0.2,244,5,1.9,2.5,0.2,238,3,1.8,2.3,0.2,244,5,0,28.98,,0,0,0,68.7,66.6,65.5,0.41,0.28,0.32
ELLE,2017-08-21 21:40:00 EDT,44.89550,-73.84502,977,62.3,64.8,62.3,95.4,61.0,0.000,0.000,0.00,0.000,2.4,2.8,0.2,239,6,2.4,2.9,0.2,235,6,2.4,2.8,0.2,239,6,0,28.98,,0,0,0,68.7,66.7,65.5,0.41,0.28,0.32
ELLE,2017-08-21 21:45:00 EDT,44.89550,-73.84502,977,63.1,64.9,63.1,95.8,61.9,0.000,0.000,0.00,0.000,2.6,3.4,0.3,233,6,2.6,3.5,0.4,233,5,2.6,3.4,0.3,233,6,0,28.98,,0,0,0,68.6,66.7,65.5,0.41,0.28,0.32
ELLE,2017-08-21 21:50:00 EDT,44.89550,-73.84502,977,63.3,64.9,63.3,95.1,61.9,0.000,0.000,0.00,0.000,3.1,3.4,0.2,244,7,3.2,3.7,0.2,243,7,3.1,3.4,0.2,244,7,0,28.98,,0,0,0,68.6,66.7,65.5,0.41,0.28,0.32
ELLE,2017-08-21 21:55:00 EDT,44.89550,-73.84502,977,63.1,65.0,63.1,94.4,61.4,0.000,0.000,0.00,0.000,2.3,3.4,0.5,264,8,2.6,3.9,0.6,263,9,2.3,3.4,0.5,264,8,0,28.98,,0,0,0,68.6,66.7,65.5,0.41,0.28,0.32
ELLE,2017-08-21 22:00:00 EDT,44.89550,-73.84502,977,63.0,66.1,63.0,95.1,61.6,0.000,0.000,0.00,0.000,2.3,3.2,0.4,269,5,2.7,3.9,0.4,269,7,2.3,3.2,0.4,269,5,0,28.98,,0,0,0,68.5,66.7,65.5,0.41,0.28,0.32
ELLE,2017-08-21 22:05:00 EDT,44.89550,-73.84502,977,62.2,66.6,62.2,94.3,60.5,0.000,0.000,0.00,0.000,2.8,3.8,0.4,271,8,3.1,4.7,0.6,272,7,2.8,3.8,0.4,271,8,0,28.98,,0,0,0,68.5,66.7,65.5,0.41,0.28,0.32
ELLE,2017-08-21 22:10:00 EDT,44.89550,-73.84502,977,61.1,66.3,61.1,94.5,59.5,0.000,0.000,0.00,0.000,2.8,3.6,0.3,272,4,3.1,4.0,0.4,271,6,2.8,3.6,0.3,272,4,0,28.98,,0,0,0,68.5,66.7,65.5,0.41,0.28,0.32
ELLE,2017-08-21 22:15:00 EDT,44.89550,-73.84502,977,61.4,66.9,61.4,95.7,60.2,0.000,0.000,0.00,0.000,2.9,3.4,0.2,271,4,3.1,4.1,0.3,270,5,2.9,3.4,0.2,271,4,0,28.98,,0,0,0,68.5,66.7,65.5,0.41,0.28,0.32
ELLE,2017-08-21 22:20:00 EDT,44.89550,-73.84502,977,61.2,67.3,61.2,95.3,59.8,0.000,0.000,0.00,0.000,3.1,3.7,0.2,259,7,3.4,4.1,0.3,258,9,3.1,3.7,0.2,259,7,0,28.98,,0,0,0,68.5,66.7,65.5,0.41,0.28,0.32
ELLE,2017-08-21 22:25:00 EDT,44.89550,-73.84502,977,61.6,65.5,61.6,95.9,60.4,0.000,0.000,0.00,0.000,3.2,3.7,0.2,251,6,3.5,4.3,0.3,250,6,3.2,3.7,0.2,251,6,0,28.98,,0,0,0,68.4,66.7,65.5,0.41,0.28,0.32
ELLE,2017-08-21 22:30:00 EDT,44.89550,-73.84502,977,62.3,66.8,62.3,95.5,61.0,0.000,0.000,0.00,0.000,4.0,4.8,0.3,256,3,4.4,5.6,0.4,255,3,4.0,4.8,0.3,256,3,0,28.99,,0,0,0,68.2,66.7,65.5,0.41,0.28,0.32
ELLE,2017-08-21 22:35:00 EDT,44.89550,-73.84502,977,62.1,67.7,62.1,94.4,60.4,0.000,0.000,0.00,0.000,4.1,5.2,0.4,249,7,4.4,5.3,0.5,248,6,4.1,5.2,0.4,249,7,0,28.99,,0,0,0,68.2,66.7,65.5,0.41,0.28,0.32
ELLE,2017-08-21 22:40:00 EDT,44.89550,-73.84502,977,62.3,67.5,62.3,94.2,60.6,0.000,0.000,0.00,0.000,4.4,5.3,0.4,242,5,4.7,5.6,0.4,242,6,4.4,5.3,0.4,242,5,0,28.99,,0,0,0,68.2,66.7,65.6,0.41,0.28,0.32
ELLE,2017-08-21 22:45:00 EDT,44.89550,-73.84502,977,63.7,68.0,63.7,91.8,61.3,0.000,0.000,0.00,0.000,4.9,6.0,0.5,244,4,5.2,6.9,0.6,245,5,4.9,6.0,0.5,244,4,0,28.98,,0,0,0,68.2,66.7,65.6,0.41,0.28,0.32
ELLE,2017-08-21 22:50:00 EDT,44.89550,-73.84502,977,64.0,68.7,64.0,89.2,60.7,0.000,0.000,0.00,0.000,5.9,6.9,0.5,237,7,6.2,7.7,0.6,236,7,5.9,6.9,0.5,237,7,0,28.98,,0,0,0,68.2,66.7,65.7,0.41,0.28,0.32
ELLE,2017-08-21 22:55:00 EDT,44.89550,-73.84502,977,64.9,69.2,64.9,88.4,61.4,0.000,0.000,0.00,0.000,6.3,7.5,0.4,238,4,6.5,7.8,0.4,237,4,6.3,7.5,0.4,238,4,0,28.98,,0,0,0,68.0,66.7,65.7,0.41,0.28,0.32
ELLE,2017-08-21 23:00:00 EDT,44.89550,-73.84502,977,65.9,69.4,65.9,85.9,61.5,0.000,0.000,0.00,0.000,6.1,7.1,0.4,240,4,6.4,7.6,0.5,239,4,6.1,7.1,0.4,240,4,0,28.98,,0,0,0,68.0,66.7,65.8,0.41,0.28,0.32
ELLE,2017-08-21 23:05:00 EDT,44.89550,-73.84502,977,66.3,69.9,66.3,85.1,61.7,0.000,0.000,0.00,0.000,5.5,6.5,0.4,240,4,5.7,7.6,0.5,239,4,5.5,6.5,0.4,240,4,0,28.98,,0,0,0,68.0,66.7,65.8,0.41,0.28,0.32
ELLE,2017-08-21 23:10:00 EDT,44.89550,-73.84502,977,66.9,70.1,66.9,84.1,62.0,0.000,0.000,0.00,0.000,5.4,6.7,0.5,240,5,5.7,7.1,0.6,239,5,5.4,6.7,0.5,240,5,0,28.98,,0,0,0,68.0,66.7,65.8,0.41,0.28,0.32
ELLE,2017-08-21 23:15:00 EDT,44.89550,-73.84502,977,67.0,70.2,67.0,83.6,61.9,0.000,0.000,0.00,0.000,5.7,6.4,0.4,236,3,5.9,6.7,0.4,235,3,5.7,6.4,0.4,236,3,0,28.98,,0,0,0,67.9,66.7,65.8,0.41,0.28,0.32
ELLE,2017-08-21 23:20:00 EDT,44.89550,-73.84502,977,66.9,70.2,66.9,84.4,62.0,0.000,0.000,0.00,0.000,5.7,6.6,0.4,239,3,5.9,6.8,0.4,238,3,5.7,6.6,0.4,239,3,0,28.98,,0,0,0,67.8,66.7,65.8,0.41,0.28,0.32
ELLE,2017-08-21 23:25:00 EDT,44.89550,-73.84502,977,67.2,70.1,67.2,84.0,62.2,0.000,0.000,0.00,0.000,5.9,9.9,0.7,241,5,6.1,9.7,0.8,241,5,5.9,9.9,0.7,241,5,0,28.98,,0,0,0,67.8,66.6,65.8,0.41,0.28,0.32
ELLE,2017-08-21 23:30:00 EDT,44.89550,-73.84502,977,66.9,69.8,66.9,84.0,62.0,0.000,0.000,0.00,0.000,5.9,6.9,0.4,242,4,6.2,7.1,0.4,242,5,5.9,6.9,0.4,242,4,0,28.98,,0,0,0,67.8,66.6,65.8,0.41,0.28,0.32
ELLE,2017-08-21 23:35:00 EDT,44.89550,-73.84502,977,67.3,69.9,67.3,84.6,62.5,0.000,0.000,0.00,0.000,5.3,6.6,0.4,249,5,5.7,7.0,0.4,249,4,5.3,6.6,0.4,249,5,0,28.98,,0,0,0,67.8,66.7,65.8,0.41,0.28,0.32
ELLE,2017-08-21 23:40:00 EDT,44.89550,-73.84502,977,67.9,70.1,67.9,83.8,62.8,0.000,0.000,0.00,0.000,4.6,5.6,0.3,252,4,5.0,6.1,0.4,252,4,4.6,5.6,0.3,252,4,0,28.98,,0,0,0,67.8,66.6,65.8,0.41,0.28,0.32
ELLE,2017-08-21 23:45:00 EDT,44.89550,-73.84502,977,68.2,70.2,68.2,82.8,62.7,0.000,0.000,0.00,0.000,5.0,5.8,0.4,251,5,5.5,6.5,0.5,251,5,5.0,5.8,0.4,251,5,0,28.98,,0,0,0,67.8,66.6,65.8,0.41,0.28,0.32
ELLE,2017-08-21 23:50:00 EDT,44.89550,-73.84502,977,67.0,70.0,67.0,83.3,61.8,0.000,0.000,0.00,0.000,4.6,6.0,0.6,238,6,4.8,7.0,0.7,238,6,4.6,6.0,0.6,238,6,0,28.98,,0,0,0,67.7,66.6,65.8,0.41,0.28,0.32
ELLE,2017-08-21 23:55:00 EDT,44.89550,-73.84502,977,66.6,69.5,66.6,85.3,62.1,0.000,0.000,0.00,0.000,4.2,5.4,0.3,235,4,4.3,5.4,0.4,234,4,4.2,5.4,0.3,235,4,0,28.98,,0,0,0,67.6,66.7,65.8,0.41,0.28,0.32
ELMI,2017-08-21 00:00:00 EDT,42.11332,-76.83664,1091,63.3,64.8,63.3,89.2,60.1,0.000,0.000,0.00,0.000,2.0,2.6,0.2,321,7,1.8,2.9,0.4,326,8,2.0,2.6,0.2,321,7,0,29.02,,0,0,0,68.9,67.8,67.1,0.17,0.28,0.22
ELMI,2017-08-21 00:05:00 EDT,42.11332,-76.83664,1091,63.6,65.2,63.6,89.0,60.3,0.000,0.000,0.00,0.000,1.8,2.4,0.4,341,11,2.2,3.2,0.5,349,13,1.8,2.4,0.4,341,11,0,29.02,,0,0,0,68.8,67.8,67.1,0.17,0.28,0.22
ELMI,2017-08-21 00:10:00 EDT,42.11332,-76.83664,1091,64.3,65.2,64.3,87.5,60.5,0.000,0.000,0.00,0.000,1.7,3.0,0.6,330,12,2.1,3.2,0.5,337,13,1.7,3.0,0.6,330,12,0,29.02,,0,0,0,68.7,67.8,67.1,0.17,0.28,0.22
ELMI,2017-08-21 00:15:00 EDT,42.11332,-76.83664,1091,63.1,64.9,63.1,89.1,59.8,0.000,0.000,0.00,0.000,2.5,3.2,0.4,324,6,2.5,3.7,0.6,330,7,2.5,3.2,0.4,324,6,0,29.02,,0,0,0,68.6,67.8,67.1,0.17,0.28,0.22
ELMI,2017-08-21 00:20:00 EDT,42.11332,-76.83664,1091,63.5,65.0,63.5,88.9,60.1,0.000,0.000,0.00,0.000,2.5,3.2,0.4,340,13,2.9,3.9,0.5,348,14,2.5,3.2,0.4,340,13,0,29.02,,0,0,0,68.5,67.8,67.1,0.17,0.28,0.22
ELMI,2017-08-21 00:25:00 EDT,42.11332,-76.83664,1091,64.4,65.1,64.4,87.8,60.7,0.000,0.000,0.00,0.000,1.5,2.5,0.3,50,14,1.7,2.9,0.4,52,14,1.5,2.5,0.3,50,14,0,29.02,,0,0,0,68.5,67.8,67.1,0.17,0.28,0.22
ELMI,2017-08-21 00:30:00 EDT,42.11332,-76.83664,1091,63.7,64.6,63.7,87.6,60.0,0.000,0.000,0.00,0.000,0.4,1.5,0.5,58,8,0.5,1.6,0.6,66,9,0.4,1.5,0.5,58,8,0,29.02,,0,0,0,68.5,67.8,67.1,0.17,0.28,0.22
ELMI,2017-08-21 00:35:00 EDT,42.11332,-76.83664,1091,63.2,63.9,63.2,89.7,60.1,0.000,0.000,0.00,0.000,0.8,2.0,0.7,323,4,1.0,2.3,0.7,328,9,0.8,2.0,0.7,323,4,0,29.02,,0,0,0,68.5,67.8,67.1,0.17,0.28,0.22
ELMI,2017-08-21 00:40:00 EDT,42.11332,-76.83664,1091,62.9,64.1,62.9,90.9,60.2,0.000,0.000,0.00,0.000,1.0,1.5,0.3,18,35,1.3,2.1,0.3,24,33,1.0,1.5,0.3,18,35,0,29.02,,0,0,0,68.5,67.8,67.1,0.17,0.28,0.22
ELMI,2017-08-21 00:45:00 EDT,42.11332,-76.83664,1091,63.4,64.2,63.4,90.2,60.4,0.000,0.000,0.00,0.000,0.6,1.3,0.5,78,4,0.9,1.9,0.6,83,9,0.6,1.3,0.5,78,4,0,29.02,,0,0,0,68.5,67.8,67.1,0.17,0.28,0.22
ELMI,2017-08-21 00:50:00 EDT,42.11332,-76.83664,1091,62.6,63.8,62.6,90.4,59.8,0.000,0.000,0.00,0.000,0.6,2.0,0.6,316,32,0.7,2.0,0.6,319,34,0.6,2.0,0.6,316,32,0,29.02,,0,0,0,68.5,67.8,67.1,0.17,0.28,0.22
ELMI,2017-08-21 00:55:00 EDT,42.11332,-76.83664,1091,61.3,63.5,61.3,92.8,59.2,0.000,0.000,0.00,0.000,1.8,2.7,0.4,326,12,1.8,2.9,0.4,332,13,1.8,2.7,0.4,326,12,0,29.02,,0,0,0,68.5,67.8,67.1,0.17,0.28,0.22
ELMI,2017-08-21 01:00:00 EDT,42.11332,-76.83664,1091,61.9,63.7,61.9,93.9,60.2,0.000,0.000,0.00,0.000,0.8,2.1,0.6,335,15,1.4,2.7,0.5,347,16,0.8,2.1,0.6,335,15,0,29.02,,0,0,0,68.5,67.8,67.1,0.17,0.28,0.22
ELMI,2017-08-21 01:05:00 EDT,42.11332,-76.83664,1091,62.9,63.8,62.9,91.4,60.4,0.000,0.000,0.00,0.000,0.4,1.3,0.4,334,5,0.5,1.8,0.6,336,7,0.4,1.3,0.4,334,5,0,29.02,,0,0,0,68.5,67.8,67.1,0.17,0.28,0.22
ELMI,2017-08-21 01:10:00 EDT,42.11332,-76.83664,1091,61.9,63.1,61.9,91.7,59.4,0.000,0.000,0.00,0.000,2.2,3.3,0.7,321,10,2.3,3.6,0.6,327,11,2.2,3.3,0.7,321,10,0,29.02,,0,0,0,68.5,67.8,67.1,0.17,0.28,0.22
ELMI,2017-08-21 01:15:00 EDT,42.11332,-76.83664,1091,62.1,63.4,62.1,93.2,60.1,0.000,0.000,0.00,0.000,0.9,2.4,0.6,346,23,1.1,3.2,0.6,356,21,0.9,2.4,0.6,346,23,0,29.02,,0,0,0,68.5,67.8,67.1,0.17,0.28,0.22
ELMI,2017-08-21 01:20:00 EDT,42.11332,-76.83664,1091,62.7,63.5,62.7,92.0,60.3,0.000,0.000,0.00,0.000,0.3,0.9,0.3,309,31,0.5,1.5,0.5,325,39,0.3,0.9,0.3,309,31,0,29.02,,0,0,0,68.5,67.8,67.1,0.17,0.28,0.22
ELMI,2017-08-21 01:25:00 EDT,42.11332,-76.83664,1091,61.7,62.8,61.7,92.7,59.6,0.000,0.000,0.00,0.000,1.1,1.8,0.4,285,17,1.3,2.2,0.4,291,21,1.1,1.8,0.4,285,17,0,29.02,,0,0,0,68.5,67.8,67.1,0.17,0.28,0.22
ELMI,2017-08-21 01:30:00 EDT,42.11332,-76.83664,1091,61.1,62.8,61.1,93.9,59.3,0.000,0.000,0.00,0.000,1.4,2.8,0.6,304,17,1.5,3.1,0.6,313,15,1.4,2.8,0.6,304,17,0,29.02,,0,0,0,68.5,67.8,67.1,0.17,0.28,0.22
ELMI,2017-08-21 01:35:00 EDT,42.11332,-76.83664,1091,61.1,62.7,61.1,94.5,59.5,0.000,0.000,0.00,0.000,2.6,3.4,0.5,325,6,2.6,3.5,0.7,330,7,2.6,3.4,0.5,325,6,0,29.02,,0,0,0,68.5,67.8,67.1,0.17,0.28,0.22
ELMI,2017-08-21 01:40:00 EDT,42.11332,-76.83664,1091,61.9,62.6,61.9,93.6,60.1,0.000,0.000,0.00,0.000,2.8,3.3,0.3,326,3,2.8,3.4,0.4,331,4,2.8,3.3,0.3,326,3,0,29.02,,0,0,0,68.5,67.8,67.1,0.17,0.28,0.22
ELMI,2017-08-21 01:45:00 EDT,42.11332,-76.83664,1091,61.2,62.6,61.2,92.9,59.1,0.000,0.000,0.00,0.000,2.5,3.2,0.3,323,5,2.4,3.3,0.5,329,7,2.5,3.2,0.3,323,5,0,29.02,,0,0,0,68.5,67.8,67.1,0.17,0.28,0.22
ELMI,2017-08-21 01:50:00 EDT,42.11332,-76.83664,1091,61.1,62.6,61.1,94.3,59.4,0.000,0.000,0.00,0.000,1.9,2.7,0.5,331,15,2.1,3.6,0.6,338,13,1.9,2.7,0.5,331,15,0,29.02,,0,0,0,68.5,67.8,67.1,0.17,0.28,0.22
ELMI,2017-08-21 01:55:00 EDT,42.11332,-76.83664,1091,61.1,62.5,61.1,94.7,59.6,0.000,0.000,0.00,0.000,1.7,2.7,0.4,346,15,2.2,3.1,0.4,356,15,1.7,2.7,0.4,346,15,0,29.02,,0,0,0,68.5,67.8,67.1,0.17,0.28,0.22
ELMI,2017-08-21 02:00:00 EDT,42.11332,-76.83664,1091,61.5,62.9,61.5,94.2,59.8,0.000,0.000,0.00,0.000,1.4,2.3,0.4,77,37,1.7,2.8,0.5,79,36,1.4,2.3,0.4,77,37,0,29.02,,0,0,0,68.5,67.8,67.1,0.17,0.28,0.22
ELMI,2017-08-21 02:05:00 EDT,42.11332,-76.83664,1091,61.7,62.7,61.7,93.9,60.0,0.000,0.000,0.00,0.000,1.8,2.3,0.2,95,10,2.1,2.8,0.3,99,10,1.8,2.3,0.2,95,10,0,29.02,,0,0,0,68.5,67.8,67.1,0.17,0.28,0.22
ELMI,2017-08-21 02:10:00 EDT,42.11332,-76.83664,1091,61.8,62.5,61.8,93.4,59.9,0.000,0.000,0.00,0.000,0.9,1.9,0.5,84,19,1.2,2.3,0.6,84,20,0.9,1.9,0.5,84,19,0,29.03,,0,0,0,68.5,67.8,67.1,0.17,0.28,0.22
ELMI,2017-08-21 02:15:00 EDT,42.11332,-76.83664,1091,61.5,62.4,61.5,93.2,59.5,0.000,0.000,0.00,0.000,1.2,1.8,0.2,23,12,1.5,2.1,0.3,28,12,1.2,1.8,0.2,23,12,0,29.02,,0,0,0,68.5,67.8,67.1,0.17,0.28,0.22
ELMI,2017-08-21 02:20:00 EDT,42.11332,-76.83664,1091,60.9,62.4,60.9,94.1,59.2,0.000,0.000,0.00,0.000,1.5,2.7,0.3,44,12,1.6,2.4,0.3,47,11,1.5,2.7,0.3,44,12,0,29.02,,0,0,0,68.5,67.8,67.1,0.17,0.28,0.22
ELMI,2017-08-21 02:25:00 EDT,42.11332,-76.83664,1091,60.9,62.2,60.9,94.5,59.3,0.000,0.000,0.00,0.000,1.0,1.9,0.4,45,16,1.3,2.5,0.4,48,19,1.0,1.9,0.4,45,16,0,29.02,,0,0,0,68.3,67.8,67.1,0.17,0.28,0.22
ELMI,2017-08-21 02:30:00 EDT,42.11332,-76.83664,1091,60.7,62.0,60.7,95.1,59.3,0.000,0.000,0.00,0.000,0.9,2.0,0.4,360,28,1.4,2.6,0.4,5,26,0.9,2.0,0.4,360,28,0,29.02,,0,0,0,68.2,67.8,67.1,0.17,0.28,0.22
ELMI,2017-08-21 02:35:00 EDT,42.11332,-76.83664,1091,60.0,61.7,60.0,95.4,58.7,0.000,0.000,0.00,0.000,1.8,2.6,0.5,318,14,1.7,2.9,0.4,324,14,1.8,2.6,0.5,318,14,0,29.02,,0,0,0,68.2,67.8,67.1,0.17,0.28,0.22
ELMI,2017-08-21 02:40:00 EDT,42.11332,-76.83664,1091,60.2,61.6,60.2,96.4,59.1,0.000,0.000,0.00,0.000,1.5,2.6,0.7,320,7,1.4,2.8,0.6,325,10,1.5,2.6,0.7,320,7,0,29.02,,0,0,0,68.2,67.8,67.1,0.17,0.28,0.22
ELMI,2017-08-21 02:45:00 EDT,42.11332,-76.83664,1091,61.2,61.8,61.2,96.6,60.3,0.000,0.000,0.00,0.000,0.1,0.6,0.2,294,30,0.3,1.3,0.4,241,47,0.1,0.6,0.2,294,30,0,29.02,,0,0,0,68.2,67.8,67.1,0.17,0.28,0.22
ELMI,2017-08-21 02:50:00 EDT,42.11332,-76.83664,1091,61.3,61.6,61.3,95.8,60.1,0.000,0.000,0.00,0.000,0.6,2.3,0.9,319,3,0.8,2.3,0.8,322,10,0.6,2.3,0.9,319,3,0,29.02,,0,0,0,68.2,67.8,67.1,0.17,0.28,0.22
ELMI,2017-08-21 02:55:00 EDT,42.11332,-76.83664,1091,60.6,61.3,60.6,95.2,59.2,0.000,0.000,0.00,0.000,1.3,2.5,0.6,331,19,1.5,2.5,0.7,342,19,1.3,2.5,0.6,331,19,0,29.02,,0,0,0,68.2,67.8,67.1,0.17,0.28,0.22
ELMI,2017-08-21 03:00:00 EDT,42.11332,-76.83664,1091,61.0,61.5,61.0,95.7,59.7,0.000,0.000,0.00,0.000,1.0,1.6,0.3,6,8,1.3,2.4,0.4,14,10,1.0,1.6,0.3,6,8,0,29.02,,0,0,0,68.2,67.8,67.1,0.17,0.28,0.22
ELMI,2017-08-21 03:05:00 EDT,42.11332,-76.83664,1091,61.0,61.6,61.0,95.3,59.6,0.000,0.000,0.00,0.000,0.7,1.7,0.5,30,5,0.9,2.0,0.5,37,11,0.7,1.7,0.5,30,5,0,29.02,,0,0,0,68.2,67.8,67.1,0.17,0.28,0.22
ELMI,2017-08-21 03:10:00 EDT,42.11332,-76.83664,1091,60.0,61.3,60.0,94.6,58.4,0.000,0.000,0.00,0.000,1.1,2.2,0.9,323,5,1.2,3.1,0.7,326,7,1.1,2.2,0.9,323,5,0,29.02,,0,0,0,68.2,67.8,67.1,0.17,0.28,0.22
ELMI,2017-08-21 03:15:00 EDT,42.11332,-76.83664,1091,59.8,61.1,59.8,96.1,58.7,0.000,0.000,0.00,0.000,2.0,3.0,0.5,321,3,1.9,3.1,0.5,325,4,2.0,3.0,0.5,321,3,0,29.02,,0,0,0,68.2,67.8,67.1,0.17,0.28,0.22
ELMI,2017-08-21 03:20:00 EDT,42.11332,-76.83664,1091,59.6,61.1,59.6,96.0,58.4,0.000,0.000,0.00,0.000,2.6,3.3,0.3,322,5,2.4,3.3,0.4,327,7,2.6,3.3,0.3,322,5,0,29.02,,0,0,0,68.2,67.8,67.1,0.17,0.28,0.22
ELMI,2017-08-21 03:25:00 EDT,42.11332,-76.83664,1091,59.9,61.3,59.9,96.4,58.9,0.000,0.000,0.00,0.000,1.6,2.3,0.4,35,40,2.0,3.0,0.5,42,37,1.6,2.3,0.4,35,40,0,29.02,,0,0,0,68.2,67.8,67.1,0.17,0.28,0.22
ELMI,2017-08-21 03:30:00 EDT,42.11332,-76.83664,1091,60.8,61.3,60.8,96.7,59.8,0.000,0.000,0.00,0.000,1.4,1.8,0.4,38,16,1.5,2.2,0.3,45,17,1.4,1.8,0.4,38,16,0,29.02,,0,0,0,68.2,67.8,67.1,0.17,0.28,0.22
ELMI,2017-08-21 03:35:00 EDT,42.11332,-76.83664,1091,60.2,61.0,60.2,95.9,59.0,0.000,0.000,0.00,0.000,1.1,2.4,0.9,319,34,1.2,2.3,0.8,326,33,1.1,2.4,0.9,319,34,0,29.02,,0,0,0,68.2,67.8,67.1,0.17,0.28,0.22
ELMI,2017-08-21 03:40:00 EDT,42.11332,-76.83664,1091,59.4,60.7,59.4,95.7,58.2,0.000,0.000,0.00,0.000,1.7,2.3,0.3,314,8,1.5,2.3,0.3,319,7,1.7,2.3,0.3,314,8,0,29.02,,0,0,0,68.2,67.8,67.1,0.17,0.28,0.22
ELMI,2017-08-21 03:45:00 EDT,42.11332,-76.83664,1091,60.3,61.1,60.3,96.6,59.4,0.000,0.000,0.00,0.000,0.2,1.4,0.4,324,0,0.4,1.4,0.5,317,8,0.2,1.4,0.4,324,0,0,29.02,,0,0,0,68.0,67.8,67.1,0.17,0.28,0.22
ELMI,2017-08-21 03:50:00 EDT,42.11332,-76.83664,1091,60.5,60.7,60.5,96.1,59.4,0.000,0.000,0.00,0.000,1.1,1.6,0.4,306,7,1.3,1.7,0.2,310,9,1.1,1.6,0.4,306,7,0,29.03,,0,0,0,67.8,67.8,67.1,0.17,0.28,0.22
ELMI,2017-08-21 03:55:00 EDT,42.11332,-76.83664,1091,59.9,60.5,59.9,95.6,58.7,0.000,0.000,0.00,0.000,1.2,1.6,0.2,325,7,1.4,1.8,0.2,334,10,1.2,1.6,0.2,325,7,0,29.03,,0,0,0,67.8,67.8,67.1,0.17,0.28,0.22
ELMI,2017-08-21 04:00:00 EDT,42.11332,-76.83664,1091,60.4,60.9,60.4,96.4,59.3,0.000,0.000,0.00,0.000,0.0,0.7,0.1,344,3,0.1,1.0,0.3,347,11,0.0,0.7,0.1,344,3,0,29.03,,0,0,0,67.8,67.8,67.1,0.17,0.28,0.22
ELMI,2017-08-21 04:05:00 EDT,42.11332,-76.83664,1091,60.0,60.9,60.0,96.2,59.0,0.000,0.000,0.00,0.000,0.1,0.9,0.3,336,0,0.5,1.4,0.5,349,3,0.1,0.9,0.3,336,0,0,29.03,,0,0,0,67.8,67.8,67.1,0.17,0.28,0.22
ELMI,2017-08-21 04:10:00 EDT,42.11332,-76.83664,1091,59.9,60.5,59.9,96.6,58.9,0.000,0.000,0.00,0.000,1.9,2.8,0.7,333,5,2.2,3.1,0.6,340,8,1.9,2.8,0.7,333,5,0,29.03,,0,0,0,67.8,67.8,67.1,0.17,0.28,0.22
ELMI,2017-08-21 04:15:00 EDT,42.11332,-76.83664,1091,59.9,60.5,59.9,96.6,59.0,0.000,0.000,0.00,0.000,1.5,2.6,0.6,354,33,2.0,3.1,0.6,5,34,1.5,2.6,0.6,354,33,0,29.03,,0,0,0,67.8,67.8,67.1,0.17,0.28,0.22
ELMI,2017-08-21 04:20:00 EDT,42.11332,-76.83664,1091,60.0,60.6,60.0,96.5,59.0,0.000,0.000,0.00,0.000,1.0,1.6,0.3,56,18,1.2,2.2,0.3,58,20,1.0,1.6,0.3,56,18,0,29.03,,0,0,0,67.8,67.8,67.1,0.17,0.28,0.22
ELMI,2017-08-21 04:25:00 EDT,42.11332,-76.83664,1091,59.4,60.3,59.4,96.2,58.3,0.000,0.000,0.00,0.000,0.2,1.1,0.3,27,9,0.3,1.4,0.5,21,11,0.2,1.1,0.3,27,9,0,29.03,,0,0,0,67.8,67.8,67.1,0.17,0.28,0.22
ELMI,2017-08-21 04:30:00 EDT,42.11332,-76.83664,1091,59.1,59.7,59.1,96.5,58.1,0.000,0.000,0.00,0.000,1.2,1.8,0.4,313,13,1.3,1.9,0.3,318,17,1.2,1.8,0.4,313,13,0,29.03,,0,0,0,67.8,67.8,67.1,0.17,0.28,0.22
ELMI,2017-08-21 04:35:00 EDT,42.11332,-76.83664,1091,59.0,59.9,59.0,96.7,58.1,0.000,0.000,0.00,0.000,1.6,2.8,0.4,297,11,1.6,2.5,0.4,304,11,1.6,2.8,0.4,297,11,0,29.03,,0,0,0,67.8,67.8,67.1,0.17,0.28,0.22
ELMI,2017-08-21 04:40:00 EDT,42.11332,-76.83664,1091,59.2,60.2,59.2,97.0,58.4,0.000,0.000,0.00,0.000,0.4,1.6,0.5,312,4,0.4,1.8,0.6,317,7,0.4,1.6,0.5,312,4,0,29.03,,0,0,0,67.8,67.8,67.1,0.17,0.28,0.22
ELMI,2017-08-21 04:45:00 EDT,42.11332,-76.83664,1091,59.8,60.3,59.8,97.2,59.0,0.000,0.000,0.00,0.000,0.2,0.9,0.3,351,18,0.6,1.6,0.5,11,27,0.2,0.9,0.3,351,18,0,29.03,,0,0,0,67.8,67.8,67.1,0.17,0.28,0.22
ELMI,2017-08-21 04:50:00 EDT,42.11332,-76.83664,1091,59.8,60.1,59.8,97.0,58.9,0.000,0.000,0.00,0.000,0.1,0.7,0.2,127,0,0.5,1.0,0.4,123,19,0.1,0.7,0.2,127,0,0,29.03,,0,0,0,67.8,67.8,67.1,0.17,0.28,0.22
ELMI,2017-08-21 04:55:00 EDT,42.11332,-76.83664,1091,59.2,59.9,59.2,96.9,58.3,0.000,0.000,0.00,0.000,0.0,0.5,0.1,127,0,0.1,0.8,0.2,147,2,0.0,0.5,0.1,127,0,0,29.03,,0,0,0,67.8,67.8,67.1,0.17,0.28,0.22
ELMI,2017-08-21 05:00:00 EDT,42.11332,-76.83664,1091,59.2,59.8,59.2,97.1,58.3,0.000,0.000,0.00,0.000,0.2,0.8,0.3,268,21,0.4,1.3,0.5,287,11,0.2,0.8,0.3,268,21,0,29.03,,0,0,0,67.8,67.8,67.1,0.17,0.28,0.22
ELMI,2017-08-21 05:05:00 EDT,42.11332,-76.83664,1091,58.7,59.6,58.7,96.9,57.8,0.000,0.000,0.00,0.000,1.9,2.7,0.5,296,8,1.9,2.7,0.5,305,9,1.9,2.7,0.5,296,8,0,29.03,,0,0,0,67.8,67.8,67.1,0.17,0.28,0.22
ELMI,2017-08-21 05:10:00 EDT,42.11332,-76.83664,1091,58.9,59.7,58.9,97.3,58.2,0.000,0.000,0.00,0.000,1.4,2.1,0.3,285,12,1.6,2.5,0.4,293,14,1.4,2.1,0.3,285,12,0,29.03,,0,0,0,67.8,67.8,67.1,0.17,0.28,0.22
ELMI,2017-08-21 05:15:00 EDT,42.11332,-76.83664,1091,58.4,59.6,58.4,97.0,57.5,0.000,0.000,0.00,0.000,2.0,2.6,0.3,284,11,2.1,2.9,0.4,291,10,2.0,2.6,0.3,284,11,0,29.03,,0,0,0,67.8,67.8,67.1,0.17,0.28,0.22
ELMI,2017-08-21 05:20:00 EDT,42.11332,-76.83664,1091,58.1,59.6,58.1,97.1,57.3,0.000,0.000,0.00,0.000,1.8,3.2,0.6,279,17,2.0,3.5,0.6,287,16,1.8,3.2,0.6,279,17,0,29.03,,0,0,0,67.8,67.8,67.1,0.17,0.28,0.22
ELMI,2017-08-21 05:25:00 EDT,42.11332,-76.83664,1091,58.6,59.5,58.6,97.4,57.9,0.000,0.000,0.00,0.000,1.5,2.1,0.3,269,16,1.7,2.6,0.4,276,18,1.5,2.1,0.3,269,16,0,29.03,,0,0,0,67.8,67.8,67.1,0.17,0.28,0.22
ELMI,2017-08-21 05:30:00 EDT,42.11332,-76.83664,1091,59.0,59.5,59.0,97.6,58.3,0.000,0.000,0.00,0.000,0.8,1.7,0.4,275,24,1.0,1.8,0.4,282,23,0.8,1.7,0.4,275,24,0,29.03,,0,0,0,67.8,67.8,67.1,0.17,0.28,0.22
ELMI,2017-08-21 05:35:00 EDT,42.11332,-76.83664,1091,59.2,59.5,59.2,97.6,58.5,0.000,0.000,0.00,0.000,0.2,1.2,0.4,317,5,0.4,1.8,0.5,338,19,0.2,1.2,0.4,317,5,0,29.03,,0,0,0,67.8,67.8,67.1,0.17,0.28,0.22
ELMI,2017-08-21 05:40:00 EDT,42.11332,-76.83664,1091,59.3,59.5,59.3,97.5,58.6,0.000,0.000,0.00,0.000,0.3,1.3,0.4,287,6,0.5,1.8,0.5,285,19,0.3,1.3,0.4,287,6,0,29.03,,0,0,0,67.6,67.8,67.1,0.17,0.28,0.22
ELMI,2017-08-21 05:45:00 EDT,42.11332,-76.83664,1091,58.9,59.5,58.9,97.4,58.1,0.000,0.000,0.00,0.000,0.5,1.3,0.4,280,17,0.8,1.7,0.5,281,20,0.5,1.3,0.4,280,17,0,29.03,,0,0,0,67.5,67.8,67.1,0.17,0.28,0.22
ELMI,2017-08-21 05:50:00 EDT,42.11332,-76.83664,1091,59.1,59.5,59.1,97.5,58.4,0.000,0.000,0.00,0.000,1.2,2.3,0.7,303,13,1.3,2.2,0.6,306,19,1.2,2.3,0.7,303,13,0,29.03,,0,0,0,67.5,67.8,67.1,0.17,0.28,0.22
ELMI,2017-08-21 05:55:00 EDT,42.11332,-76.83664,1091,59.2,59.5,59.2,97.5,58.5,0.000,0.000,0.00,0.000,0.6,2.1,0.6,318,14,0.7,1.9,0.6,324,18,0.6,2.1,0.6,318,14,0,29.03,,0,0,0,67.5,67.8,67.1,0.17,0.28,0.22
ELMI,2017-08-21 06:00:00 EDT,42.11332,-76.83664,1091,59.2,59.4,59.2,97.4,58.5,0.000,0.000,0.00,0.000,1.6,3.1,0.8,206,26,1.6,4.6,0.9,205,30,1.6,3.1,0.8,206,26,0,29.04,,0,0,0,67.5,67.8,67.1,0.17,0.28,0.22
ELMI,2017-08-21 06:05:00 EDT,42.11332,-76.83664,1091,58.4,59.1,58.4,96.9,57.6,0.000,0.000,0.00,0.000,1.9,2.8,0.6,255,19,2.0,3.5,0.7,265,19,1.9,2.8,0.6,255,19,0,29.04,,0,0,0,67.5,67.8,67.1,0.17,0.28,0.22
ELMI,2017-08-21 06:10:00 EDT,42.11332,-76.83664,1091,58.6,59.1,58.6,97.1,57.8,0.000,0.000,0.00,0.000,2.2,2.8,0.4,271,14,2.3,3.3,0.5,279,14,2.2,2.8,0.4,271,14,1,29.04,,0,0,0,67.5,67.8,67.1,0.17,0.28,0.22
ELMI,2017-08-21 06:15:00 EDT,42.11332,-76.83664,1091,58.8,59.2,58.8,97.2,58.0,0.000,0.000,0.00,0.000,1.3,2.3,0.4,275,24,1.5,2.8,0.4,282,27,1.3,2.3,0.4,275,24,1,29.04,,0,0,0,67.5,67.8,67.1,0.17,0.28,0.22
ELMI,2017-08-21 06:20:00 EDT,42.11332,-76.83664,1091,59.2,59.3,59.2,97.4,58.5,0.000,0.000,0.00,0.000,1.7,2.3,0.3,277,17,1.9,2.7,0.4,285,16,1.7,2.3,0.3,277,17,2,29.04,,0,0,0,67.5,67.8,67.1,0.17,0.28,0.22
ELMI,2017-08-21 06:25:00 EDT,42.11332,-76.83664,1091,58.2,59.2,58.2,96.6,57.2,0.000,0.000,0.00,0.000,0.7,1.8,0.6,270,45,1.0,2.4,0.6,266,52,0.7,1.8,0.6,270,45,4,29.04,,0,0,0,67.5,67.8,67.1,0.17,0.28,0.22
ELMI,2017-08-21 06:30:00 EDT,42.11332,-76.83664,1091,58.4,58.9,58.4,96.9,57.6,0.000,0.000,0.00,0.000,1.3,2.0,0.4,254,20,1.5,2.6,0.5,263,21,1.3,2.0,0.4,254,20,5,29.04,,0,0,0,67.5,67.8,67.1,0.17,0.28,0.22
ELMI,2017-08-21 06:35:00 EDT,42.11332,-76.83664,1091,58.7,58.8,58.7,97.0,57.8,0.000,0.000,0.00,0.000,0.7,1.8,0.5,207,26,1.2,2.1,0.5,180,45,0.7,1.8,0.5,207,26,8,29.04,,0,0,0,67.5,67.8,67.1,0.17,0.28,0.22
ELMI,2017-08-21 06:40:00 EDT,42.11332,-76.83664,1091,58.0,58.4,58.0,96.8,57.1,0.000,0.000,0.00,0.000,1.6,2.6,0.5,191,24,1.9,3.5,0.6,156,34,1.6,2.6,0.5,191,24,13,29.03,,0,0,0,67.5,67.8,67.1,0.17,0.28,0.22
ELMI,2017-08-21 06:45:00 EDT,42.11332,-76.83664,1091,57.7,58.2,57.7,96.6,56.8,0.000,0.000,0.00,0.000,1.7,3.2,0.6,235,11,1.6,3.7,0.6,238,17,1.7,3.2,0.6,235,11,25,29.03,,0,0,0,67.4,67.8,67.1,0.17,0.28,0.22
ELMI,2017-08-21 06:50:00 EDT,42.11332,-76.83664,1091,57.6,58.2,57.6,96.8,56.7,0.000,0.000,0.00,0.000,2.0,2.8,0.5,267,18,2.0,3.1,0.6,275,21,2.0,2.8,0.5,267,18,22,29.03,,0,0,0,67.5,67.8,67.1,0.17,0.28,0.22
ELMI,2017-08-21 06:55:00 EDT,42.11332,-76.83664,1091,57.7,58.3,57.7,97.1,56.9,0.000,0.000,0.00,0.000,1.7,2.5,0.3,267,13,1.9,2.8,0.4,276,15,1.7,2.5,0.3,267,13,14,29.03,,0,0,0,67.5,67.8,67.1,0.17,0.28,0.22
ELMI,2017-08-21 07:00:00 EDT,42.11332,-76.83664,1091,57.6,58.4,57.6,97.3,56.9,0.000,0.000,0.00,0.000,2.6,3.8,0.6,280,12,2.7,4.4,0.7,288,11,2.6,3.8,0.6,280,12,23,29.03,,0,0,0,67.3,67.8,67.1,0.17,0.28,0.22
ELMI,2017-08-21 07:05:00 EDT,42.11332,-76.83664,1091,57.0,58.3,57.0,97.0,56.1,0.000,0.000,0.00,0.000,2.9,3.9,0.5,275,16,2.9,4.4,0.7,283,18,2.9,3.9,0.5,275,16,43,29.03,,0,0,0,67.3,67.8,67.1,0.17,0.28,0.22
ELMI,2017-08-21 07:10:00 EDT,42.11332,-76.83664,1091,57.8,58.1,57.8,97.6,57.1,0.000,0.000,0.00,0.000,1.5,2.7,0.7,252,26,1.4,2.8,0.7,260,43,1.5,2.7,0.7,252,26,44,29.03,,0,0,0,67.2,67.8,67.1,0.17,0.28,0.22
ELMI,2017-08-21 07:15:00 EDT,42.11332,-76.83664,1091,58.2,58.1,58.2,97.7,57.5,0.000,0.000,0.00,0.000,1.0,2.6,0.7,221,18,1.1,2.7,0.7,208,38,1.0,2.6,0.7,221,18,49,29.03,,0,0,0,67.1,67.8,67.1,0.17,0.28,0.22
ELMI,2017-08-21 07:20:00 EDT,42.11332,-76.83664,1091,58.0,57.8,58.0,97.7,57.3,0.000,0.000,0.00,0.000,1.5,2.7,0.6,188,15,1.9,3.6,0.8,160,23,1.5,2.7,0.6,188,15,55,29.03,,0,0,0,67.1,67.8,67.1,0.17,0.28,0.22
ELMI,2017-08-21 07:25:00 EDT,42.11332,-76.83664,1091,57.9,57.7,57.9,97.8,57.3,0.000,0.000,0.00,0.000,0.5,1.2,0.4,160,28,1.6,3.1,0.7,125,31,0.5,1.2,0.4,160,28,56,29.03,,0,0,0,67.1,67.8,67.1,0.17,0.28,0.22
ELMI,2017-08-21 07:30:00 EDT,42.11332,-76.83664,1091,57.9,57.7,57.9,97.8,57.3,0.000,0.000,0.00,0.000,0.7,2.3,0.5,168,34,1.6,2.6,0.7,129,37,0.7,2.3,0.5,168,34,81,29.03,,0,0,0,67.1,67.8,67.1,0.17,0.28,0.22
ELMI,2017-08-21 07:35:00 EDT,42.11332,-76.83664,1091,57.9,57.6,57.9,97.8,57.3,0.000,0.000,0.00,0.000,2.1,2.8,0.5,254,16,2.0,3.0,0.5,260,22,2.1,2.8,0.5,254,16,64,29.03,,0,0,0,67.1,67.8,67.1,0.17,0.28,0.22
ELMI,2017-08-21 07:40:00 EDT,42.11332,-76.83664,1091,58.0,57.6,58.0,97.9,57.4,0.000,0.000,0.00,0.000,2.2,3.1,0.3,267,9,2.2,3.4,0.4,276,10,2.2,3.1,0.3,267,9,123,29.03,,0,0,0,67.1,67.8,67.1,0.17,0.28,0.22
ELMI,2017-08-21 07:45:00 EDT,42.11332,-76.83664,1091,58.6,57.9,58.6,97.9,58.0,0.000,0.000,0.00,0.000,2.8,3.8,0.4,291,10,2.6,3.9,0.6,301,11,2.8,3.8,0.4,291,10,155,29.03,,0,0,0,67.1,67.8,67.1,0.17,0.28,0.22
ELMI,2017-08-21 07:50:00 EDT,42.11332,-76.83664,1091,58.7,58.4,58.7,97.9,58.2,0.000,0.000,0.00,0.000,1.0,2.8,1.0,272,12,1.1,3.0,1.0,283,21,1.0,2.8,1.0,272,12,140,29.03,,0,0,0,67.1,67.8,67.1,0.17,0.28,0.22
ELMI,2017-08-21 07:55:00 EDT,42.11332,-76.83664,1091,59.3,58.9,59.3,98.1,58.7,0.000,0.000,0.00,0.000,0.4,2.3,0.6,140,10,0.6,2.2,0.7,135,14,0.4,2.3,0.6,140,10,211,29.03,,0,0,0,67.1,67.8,67.1,0.17,0.28,0.22
ELMI,2017-08-21 08:00:00 EDT,42.11332,-76.83664,1091,59.7,59.1,59.7,97.4,58.9,0.000,0.000,0.00,0.000,1.9,2.8,0.5,135,9,2.0,3.3,0.6,134,6,1.9,2.8,0.5,135,9,223,29.03,,0,0,0,67.1,67.8,67.1,0.17,0.28,0.22
ELMI,2017-08-21 08:05:00 EDT,42.11332,-76.83664,1091,59.7,59.0,59.7,97.3,59.0,0.000,0.000,0.00,0.000,2.0,2.6,0.3,152,10,2.7,3.5,0.4,136,10,2.0,2.6,0.3,152,10,176,29.03,,0,0,0,67.1,67.8,67.1,0.17,0.28,0.22
ELMI,2017-08-21 08:10:00 EDT,42.11332,-76.83664,1091,59.1,58.7,59.1,97.0,58.3,0.000,0.000,0.00,0.000,2.4,3.3,0.4,174,11,3.0,4.1,0.4,150,11,2.4,3.3,0.4,174,11,179,29.03,,0,0,0,67.1,67.8,67.1,0.17,0.28,0.22
ELMI,2017-08-21 08:15:00 EDT,42.11332,-76.83664,1091,59.2,58.7,59.2,96.9,58.3,0.000,0.000,0.00,0.000,1.9,2.8,0.5,174,13,2.4,3.6,0.6,153,19,1.9,2.8,0.5,174,13,186,29.03,,0,0,0,67.1,67.8,67.1,0.17,0.28,0.22
ELMI,2017-08-21 08:20:00 EDT,42.11332,-76.83664,1091,59.5,58.9,59.5,96.9,58.6,0.000,0.000,0.00,0.000,1.2,2.5,0.5,179,20,1.7,3.4,0.8,161,32,1.2,2.5,0.5,179,20,178,29.03,,0,0,0,67.1,67.8,67.1,0.17,0.28,0.22
ELMI,2017-08-21 08:25:00 EDT,42.11332,-76.83664,1091,59.5,58.9,59.5,96.8,58.6,0.000,0.000,0.00,0.000,1.9,2.9,0.4,220,14,1.8,3.4,0.5,220,19,1.9,2.9,0.4,220,14,183,29.03,,0,0,0,67.1,67.8,67.1,0.17,0.28,0.22
ELMI,2017-08-21 08:30:00 EDT,42.11332,-76.83664,1091,59.6,59.2,59.6,97.1,58.8,0.000,0.000,0.00,0.000,1.3,2.3,0.4,237,16,1.4,2.9,0.5,246,20,1.3,2.3,0.4,237,16,171,29.03,,0,0,0,67.1,67.8,67.1,0.17,0.28,0.22
ELMI,2017-08-21 08:35:00 EDT,42.11332,-76.83664,1091,60.0,59.5,60.0,97.3,59.3,0.000,0.000,0.00,0.000,0.3,1.8,0.5,232,16,0.6,2.0,0.6,251,23,0.3,1.8,0.5,232,16,185,29.03,,0,0,0,67.1,67.8,67.1,0.17,0.28,0.22
ELMI,2017-08-21 08:40:00 EDT,42.11332,-76.83664,1091,60.8,60.0,60.8,97.4,60.1,0.000,0.000,0.00,0.000,1.8,2.7,0.6,161,14,2.2,3.5,0.5,167,15,1.8,2.7,0.6,161,14,192,29.03,,0,0,0,67.1,67.8,67.1,0.17,0.28,0.22
ELMI,2017-08-21 08:45:00 EDT,42.11332,-76.83664,1091,60.5,60.0,60.5,96.5,59.5,0.000,0.000,0.00,0.000,2.0,2.8,0.5,197,27,2.1,3.4,0.5,201,27,2.0,2.8,0.5,197,27,162,29.03,,0,0,0,67.1,67.8,67.1,0.17,0.28,0.22
ELMI,2017-08-21 08:50:00 EDT,42.11332,-76.83664,1091,60.8,60.3,60.8,96.1,59.7,0.000,0.000,0.00,0.000,1.9,3.2,0.7,217,14,1.9,3.2,0.6,220,14,1.9,3.2,0.7,217,14,155,29.03,,0,0,0,67.1,67.8,67.1,0.17,0.28,0.22
ELMI,2017-08-21 08:55:00 EDT,42.11332,-76.83664,1091,60.9,60.5,60.9,95.1,59.4,0.000,0.000,0.00,0.000,2.3,3.1,0.5,214,11,2.1,3.4,0.5,217,10,2.3,3.1,0.5,214,11,149,29.03,,0,0,0,67.1,67.8,67.1,0.17,0.28,0.22
ELMI,2017-08-21 09:00:00 EDT,42.11332,-76.83664,1091,61.0,60.6,61.0,94.1,59.3,0.000,0.000,0.00,0.000,1.6,2.3,0.4,212,9,1.6,2.5,0.4,213,11,1.6,2.3,0.4,212,9,147,29.03,,0,0,0,67.1,67.8,67.1,0.17,0.28,0.22
ELMI,2017-08-21 09:05:00 EDT,42.11332,-76.83664,1091,61.4,60.9,61.4,93.6,59.5,0.000,0.000,0.00,0.000,0.9,1.8,0.5,174,19,1.2,2.3,0.6,178,21,0.9,1.8,0.5,174,19,136,29.03,,0,0,0,67.1,67.8,67.1,0.17,0.28,0.22
ELMI,2017-08-21 09:10:00 EDT,42.11332,-76.83664,1091,61.9,61.3,61.9,93.0,59.8,0.000,0.000,0.00,0.000,1.5,2.1,0.3,157,15,1.8,2.7,0.4,160,18,1.5,2.1,0.3,157,15,158,29.03,,0,0,0,67.1,67.8,67.1,0.17,0.28,0.22
ELMI,2017-08-21 09:15:00 EDT,42.11332,-76.83664,1091,62.0,61.3,62.0,92.4,59.8,0.000,0.000,0.00,0.000,1.5,2.2,0.3,147,11,1.7,2.6,0.4,149,14,1.5,2.2,0.3,147,11,195,29.03,,0,0,0,67.1,67.8,67.1,0.17,0.28,0.22
ELMI,2017-08-21 09:20:00 EDT,42.11332,-76.83664,1091,62.1,61.5,62.1,91.6,59.6,0.000,0.000,0.00,0.000,1.4,2.8,0.5,133,16,1.6,3.1,0.6,136,18,1.4,2.8,0.5,133,16,201,29.03,,0,0,0,67.1,67.8,67.1,0.17,0.28,0.22
ELMI,2017-08-21 09:25:00 EDT,42.11332,-76.83664,1091,62.1,61.6,62.1,90.6,59.4,0.000,0.000,0.00,0.000,1.0,2.0,0.5,182,21,1.4,2.5,0.4,184,21,1.0,2.0,0.5,182,21,204,29.03,,0,0,0,67.1,67.8,67.1,0.17,0.28,0.22
ELMI,2017-08-21 09:30:00 EDT,42.11332,-76.83664,1091,62.3,61.9,62.3,89.9,59.3,0.000,0.000,0.00,0.000,0.7,1.8,0.5,204,21,1.0,2.1,0.6,207,22,0.7,1.8,0.5,204,21,203,29.03,,0,0,0,67.1,67.8,67.1,0.17,0.28,0.22
ELMI,2017-08-21 09:35:00 EDT,42.11332,-76.83664,1091,62.4,61.9,62.4,89.5,59.3,0.000,0.000,0.00,0.000,0.9,1.6,0.3,239,12,1.0,1.9,0.4,238,14,0.9,1.6,0.3,239,12,185,29.04,,0,0,0,67.1,67.8,67.1,0.17,0.28,0.22
ELMI,2017-08-21 09:40:00 EDT,42.11332,-76.83664,1091,62.5,62.1,62.5,88.3,59.0,0.000,0.000,0.00,0.000,0.2,0.9,0.3,244,0,0.3,1.2,0.4,239,16,0.2,0.9,0.3,244,0,207,29.04,,0,0,0,67.1,67.8,67.1,0.17,0.28,0.22
ELMI,2017-08-21 09:45:00 EDT,42.11332,-76.83664,1091,63.3,62.7,63.3,88.5,59.8,0.000,0.000,0.00,0.000,1.2,2.0,0.5,241,19,1.5,2.6,0.4,249,23,1.2,2.0,0.5,241,19,226,29.03,,0,0,0,67.1,67.8,67.1,0.17,0.28,0.22
ELMI,2017-08-21 09:50:00 EDT,42.11332,-76.83664,1091,63.1,62.7,63.1,86.3,59.0,0.000,0.000,0.00,0.000,0.9,1.8,0.4,263,13,1.2,2.5,0.5,272,15,0.9,1.8,0.4,263,13,237,29.03,,0,0,0,67.1,67.8,67.1,0.17,0.28,0.22
ELMI,2017-08-21 09:55:00 EDT,42.11332,-76.83664,1091,63.6,63.1,63.6,86.0,59.3,0.000,0.000,0.00,0.000,0.5,1.6,0.5,228,42,0.8,1.9,0.6,236,42,0.5,1.6,0.5,228,42,232,29.03,,0,0,0,67.1,67.8,67.1,0.17,0.28,0.22
ELMI,2017-08-21 10:00:00 EDT,42.11332,-76.83664,1091,63.9,63.3,63.9,84.7,59.2,0.000,0.000,0.00,0.000,0.6,1.8,0.6,140,11,0.8,2.2,0.7,148,26,0.6,1.8,0.6,140,11,270,29.03,,0,0,0,67.1,67.8,67.1,0.17,0.28,0.22
ELMI,2017-08-21 10:05:00 EDT,42.11332,-76.83664,1091,63.8,63.4,63.8,84.3,59.0,0.000,0.000,0.00,0.000,0.9,2.6,0.8,231,11,1.0,3.1,0.8,231,14,0.9,2.6,0.8,231,11,228,29.03,,0,0,0,67.1,67.8,67.1,0.17,0.28,0.22
ELMI,2017-08-21 10:10:00 EDT,42.11332,-76.83664,1091,64.0,63.7,64.0,84.2,59.1,0.000,0.000,0.00,0.000,0.3,1.0,0.3,248,45,0.7,1.6,0.5,248,46,0.3,1.0,0.3,248,45,212,29.03,,0,0,0,67.1,67.8,67.1,0.17,0.28,0.22
ELMI,2017-08-21 10:15:00 EDT,42.11332,-76.83664,1091,64.8,64.1,64.8,84.1,59.8,0.000,0.000,0.00,0.000,1.4,2.6,0.6,140,15,1.7,2.6,0.5,145,20,1.4,2.6,0.6,140,15,188,29.03,,0,0,0,67.1,67.8,67.1,0.17,0.28,0.22
ELMI,2017-08-21 10:20:00 EDT,42.11332,-76.83664,1091,64.6,65.2,64.6,84.1,59.7,0.000,0.000,0.00,0.000,2.1,3.0,0.5,119,11,2.1,3.5,0.6,121,12,2.1,3.0,0.5,119,11,189,29.03,,0,0,0,67.1,67.8,67.1,0.17,0.28,0.22
ELMI,2017-08-21 10:25:00 EDT,42.11332,-76.83664,1091,64.7,65.9,64.7,85.3,60.2,0.000,0.000,0.00,0.000,1.6,2.6,0.6,149,28,1.8,3.1,0.5,154,29,1.6,2.6,0.6,149,28,315,29.02,,0,0,0,67.1,67.8,67.1,0.17,0.28,0.22
ELMI,2017-08-21 10:30:00 EDT,42.11332,-76.83664,1091,65.1,66.4,65.1,83.8,60.1,0.000,0.000,0.00,0.000,2.2,3.4,0.7,157,17,2.6,4.1,0.7,161,19,2.2,3.4,0.7,157,17,261,29.02,,0,0,0,67.1,67.8,67.1,0.17,0.28,0.22
ELMI,2017-08-21 10:35:00 EDT,42.11332,-76.83664,1091,65.4,66.6,65.4,83.4,60.2,0.000,0.000,0.00,0.000,3.6,4.9,0.8,151,19,4.1,6.2,0.9,154,19,3.6,4.9,0.8,151,19,296,29.01,,0,0,0,67.1,67.8,67.1,0.17,0.28,0.22
ELMI,2017-08-21 10:40:00 EDT,42.11332,-76.83664,1091,66.0,67.1,66.0,82.5,60.5,0.000,0.000,0.00,0.000,2.9,4.6,0.8,178,23,3.2,5.5,1.0,182,22,2.9,4.6,0.8,178,23,523,29.01,,0,0,0,67.1,67.8,67.0,0.17,0.28,0.22
ELMI,2017-08-21 10:45:00 EDT,42.11332,-76.83664,1091,66.2,67.5,66.2,80.4,60.0,0.000,0.000,0.00,0.000,3.1,4.9,0.7,202,16,3.4,5.6,0.8,207,15,3.1,4.9,0.7,202,16,560,29.01,,0,0,0,67.1,67.8,67.1,0.17,0.28,0.22
ELMI,2017-08-21 10:50:00 EDT,42.11332,-76.83664,1091,68.4,68.3,68.4,80.8,62.2,0.000,0.000,0.00,0.000,3.0,4.6,1.0,171,21,3.5,5.3,1.0,174,20,3.0,4.6,1.0,171,21,673,29.01,,0,0,0,67.1,67.8,67.0,0.17,0.28,0.22
ELMI,2017-08-21 10:55:00 EDT,42.11332,-76.83664,1091,71.2,69.2,71.2,78.5,64.2,0.000,0.000,0.00,0.000,4.2,6.5,1.0,106,19,4.7,7.1,1.2,109,18,4.2,6.5,1.0,106,19,545,29.00,,0,0,0,67.1,67.8,67.0,0.17,0.28,0.22
ELMI,2017-08-21 11:00:00 EDT,42.11332,-76.83664,1091,71.2,69.3,71.2,78.1,64.1,0.000,0.000,0.00,0.000,4.2,5.5,0.8,108,14,4.7,5.9,0.8,112,13,4.2,5.5,0.8,108,14,534,29.01,,0,0,0,67.1,67.7,67.0,0.17,0.28,0.22
ELMI,2017-08-21 11:05:00 EDT,42.11332,-76.83664,1091,72.0,70.3,72.0,77.0,64.4,0.000,0.000,0.00,0.000,4.0,6.5,1.2,122,23,4.3,7.1,1.2,126,24,4.0,6.5,1.2,122,23,730,29.00,,0,0,0,67.1,67.7,67.0,0.17,0.28,0.21
ELMI,2017-08-21 11:10:00 EDT,42.11332,-76.83664,1091,72.3,70.4,72.3,75.0,63.9,0.000,0.000,0.00,0.000,3.8,5.8,1.1,109,18,4.1,6.8,1.4,113,15,3.8,5.8,1.1,109,18,594,29.00,,0,0,0,67.1,67.7,67.0,0.17,0.28,0.22
ELMI,2017-08-21 11:15:00 EDT,42.11332,-76.83664,1091,72.9,71.0,72.9,75.9,64.9,0.000,0.000,0.00,0.000,4.6,6.7,0.7,103,12,5.0,7.7,0.9,107,11,4.6,6.7,0.7,103,12,435,29.00,,0,0,0,67.1,67.7,67.0,0.17,0.28,0.22
ELMI,2017-08-21 11:20:00 EDT,42.11332,-76.83664,1091,72.9,71.4,72.9,75.4,64.6,0.000,0.000,0.00,0.000,4.1,5.6,0.6,105,19,4.4,5.8,0.7,108,18,4.1,5.6,0.6,105,19,298,29.00,,0,0,0,67.1,67.7,66.9,0.17,0.28,0.22
ELMI,2017-08-21 11:25:00 EDT,42.11332,-76.83664,1091,73.0,72.0,73.0,74.6,64.5,0.000,0.000,0.00,0.000,3.8,5.1,0.5,116,16,4.2,5.6,0.7,119,14,3.8,5.1,0.5,116,16,261,29.00,,0,0,0,67.1,67.7,66.9,0.17,0.28,0.21
ELMI,2017-08-21 11:30:00 EDT,42.11332,-76.83664,1091,73.0,71.6,73.0,74.4,64.4,0.000,0.000,0.00,0.000,3.8,4.8,0.6,99,8,4.2,5.5,0.7,104,6,3.8,4.8,0.6,99,8,308,29.00,,0,0,0,67.1,67.6,66.9,0.17,0.28,0.22
ELMI,2017-08-21 11:35:00 EDT,42.11332,-76.83664,1091,73.9,72.1,73.9,74.4,65.2,0.000,0.000,0.00,0.000,5.2,6.4,0.6,106,11,5.5,6.9,0.6,110,10,5.2,6.4,0.6,106,11,661,29.00,,0,0,0,67.1,67.6,66.8,0.17,0.28,0.22
ELMI,2017-08-21 11:40:00 EDT,42.11332,-76.83664,1091,75.0,72.7,75.0,71.8,65.2,0.000,0.000,0.00,0.000,5.0,6.6,0.9,114,14,5.4,8.5,1.0,119,13,5.0,6.6,0.9,114,14,851,29.00,,0,0,0,67.1,67.6,66.8,0.17,0.28,0.22
ELMI,2017-08-21 11:45:00 EDT,42.11332,-76.83664,1091,74.9,73.5,74.9,71.4,65.1,0.000,0.000,0.00,0.000,4.1,6.2,1.0,124,21,4.6,7.0,1.0,128,22,4.1,6.2,1.0,124,21,747,28.99,,0,0,0,67.1,67.6,66.8,0.17,0.28,0.22
ELMI,2017-08-21 11:50:00 EDT,42.11332,-76.83664,1091,76.1,74.5,76.1,71.2,66.1,0.000,0.000,0.00,0.000,2.8,4.5,0.9,86,23,3.2,5.5,1.1,90,21,2.8,4.5,0.9,86,23,884,28.99,,0,0,0,67.1,67.6,66.8,0.17,0.28,0.22
ELMI,2017-08-21 11:55:00 EDT,42.11332,-76.83664,1091,77.3,75.2,77.3,69.3,66.4,0.000,0.000,0.00,0.000,3.2,5.1,0.9,105,26,3.6,6.3,1.2,108,26,3.2,5.1,0.9,105,26,889,28.99,,0,0,0,67.1,67.6,66.8,0.17,0.28,0.22
ELMI,2017-08-21 12:00:00 EDT,42.11332,-76.83664,1091,79.1,76.7,79.1,67.5,67.5,0.000,0.000,0.00,0.000,4.0,6.0,0.9,90,20,4.6,6.5,1.0,94,18,4.0,6.0,0.9,90,20,840,28.99,,0,0,0,67.1,67.5,66.8,0.17,0.28,0.22
ELMI,2017-08-21 12:05:00 EDT,42.11332,-76.83664,1091,79.8,76.8,79.8,66.5,67.7,0.000,0.000,0.00,0.000,4.4,6.4,1.0,74,11,5.0,7.3,1.1,79,11,4.4,6.4,1.0,74,11,952,28.99,,0,0,0,67.1,67.5,66.7,0.17,0.28,0.22
ELMI,2017-08-21 12:10:00 EDT,42.11332,-76.83664,1091,80.7,77.6,83.2,63.9,67.3,0.000,0.000,0.00,0.000,4.8,7.6,1.2,80,13,5.3,8.2,1.3,84,11,4.8,7.6,1.2,80,13,895,28.99,,0,0,0,67.1,67.5,66.7,0.17,0.28,0.22
ELMI,2017-08-21 12:15:00 EDT,42.11332,-76.83664,1091,79.8,77.6,79.8,62.0,65.6,0.000,0.000,0.00,0.000,2.9,6.1,1.0,67,21,3.2,5.9,1.2,72,20,2.9,6.1,1.0,67,21,422,28.99,,0,0,0,67.1,67.5,66.7,0.17,0.28,0.22
ELMI,2017-08-21 12:20:00 EDT,42.11332,-76.83664,1091,78.9,77.8,78.9,65.5,66.4,0.000,0.000,0.00,0.000,2.8,4.7,0.8,26,25,3.2,5.2,0.9,31,23,2.8,4.7,0.8,26,25,365,28.99,,0,0,0,67.1,67.5,66.7,0.17,0.28,0.22
ELMI,2017-08-21 12:25:00 EDT,42.11332,-76.83664,1091,78.1,77.6,78.1,64.5,65.2,0.000,0.000,0.00,0.000,3.5,6.4,1.2,18,20,3.8,6.8,1.2,23,18,3.5,6.4,1.2,18,20,316,28.99,,0,0,0,67.1,67.5,66.7,0.17,0.28,0.22
ELMI,2017-08-21 12:30:00 EDT,42.11332,-76.83664,1091,78.1,77.4,78.1,65.0,65.3,0.000,0.000,0.00,0.000,3.6,5.3,1.0,12,23,4.0,6.2,1.3,17,21,3.6,5.3,1.0,12,23,230,28.99,,0,0,0,67.1,67.5,66.7,0.17,0.28,0.22
ELMI,2017-08-21 12:35:00 EDT,42.11332,-76.83664,1091,77.4,77.0,77.4,68.3,66.1,0.000,0.000,0.00,0.000,4.2,6.2,1.1,329,14,4.4,6.4,1.1,337,15,4.2,6.2,1.1,329,14,199,28.99,,0,0,0,67.2,67.5,66.7,0.17,0.28,0.22
ELMI,2017-08-21 12:40:00 EDT,42.11332,-76.83664,1091,77.2,76.8,77.2,69.7,66.5,0.000,0.000,0.00,0.000,3.5,5.0,0.7,328,10,3.7,5.7,0.9,337,10,3.5,5.0,0.7,328,10,186,28.99,,0,0,0,67.3,67.5,66.8,0.17,0.28,0.22
ELMI,2017-08-21 12:45:00 EDT,42.11332,-76.83664,1091,77.1,76.7,77.1,70.4,66.7,0.000,0.000,0.00,0.000,4.9,6.5,0.7,334,9,5.2,6.8,0.9,343,9,4.9,6.5,0.7,334,9,207,28.99,,0,0,0,67.4,67.5,66.7,0.17,0.28,0.22
ELMI,2017-08-21 12:50:00 EDT,42.11332,-76.83664,1091,77.4,76.8,77.4,70.4,67.0,0.000,0.000,0.00,0.000,3.5,5.2,1.0,351,19,3.9,6.1,1.1,360,17,3.5,5.2,1.0,351,19,300,28.99,,0,0,0,67.5,67.5,66.7,0.17,0.28,0.22
ELMI,2017-08-21 12:55:00 EDT,42.11332,-76.83664,1091,78.1,77.4,78.1,68.4,66.9,0.000,0.000,0.00,0.000,2.9,5.1,1.0,345,27,3.3,5.5,1.1,353,25,2.9,5.1,1.0,345,27,399,28.99,,0,0,0,67.5,67.5,66.7,0.17,0.28,0.22
ELMI,2017-08-21 13:00:00 EDT,42.11332,-76.83664,1091,78.1,77.2,78.1,67.2,66.4,0.000,0.000,0.00,0.000,3.5,5.3,1.0,342,17,3.9,5.9,1.1,353,16,3.5,5.3,1.0,342,17,631,28.99,,0,0,0,67.5,67.5,66.8,0.17,0.28,0.22
ELMI,2017-08-21 13:05:00 EDT,42.11332,-76.83664,1091,79.7,78.6,79.7,67.4,67.9,0.000,0.000,0.00,0.000,2.5,5.8,1.3,45,41,3.2,6.7,1.3,47,49,2.5,5.8,1.3,45,41,761,28.99,,0,0,0,67.5,67.5,66.7,0.17,0.29,0.22
ELMI,2017-08-21 13:10:00 EDT,42.11332,-76.83664,1091,80.1,78.9,82.6,65.3,67.4,0.000,0.000,0.00,0.000,3.8,6.1,1.1,42,33,4.4,7.6,1.3,48,31,3.8,6.1,1.1,42,33,796,28.99,,0,0,0,67.5,67.5,66.7,0.17,0.29,0.22
ELMI,2017-08-21 13:15:00 EDT,42.11332,-76.83664,1091,80.7,78.8,83.1,63.3,67.1,0.000,0.000,0.00,0.000,4.4,6.5,0.7,62,15,4.8,7.3,0.9,68,12,4.4,6.5,0.7,62,15,780,28.98,,0,0,0,67.5,67.5,66.7,0.17,0.29,0.22
ELMI,2017-08-21 13:20:00 EDT,42.11332,-76.83664,1091,81.4,79.3,83.8,61.4,66.8,0.000,0.000,0.00,0.000,3.0,5.5,1.2,77,18,3.6,6.6,1.3,84,17,3.0,5.5,1.2,77,18,777,28.98,,0,0,0,67.5,67.5,66.7,0.17,0.29,0.22
ELMI,2017-08-21 13:25:00 EDT,42.11332,-76.83664,1091,81.8,79.9,84.4,61.3,67.2,0.000,0.000,0.00,0.000,3.1,5.3,1.3,78,22,3.7,6.3,1.4,84,20,3.1,5.3,1.3,78,22,754,28.98,,0,0,0,67.5,67.5,66.7,0.17,0.28,0.22
ELMI,2017-08-21 13:30:00 EDT,42.11332,-76.83664,1091,82.2,80.1,85.0,61.9,67.8,0.000,0.000,0.00,0.000,4.3,7.0,1.0,108,18,4.6,8.0,1.1,110,17,4.3,7.0,1.0,108,18,621,28.97,,0,0,0,67.5,67.5,66.7,0.17,0.28,0.22
ELMI,2017-08-21 13:35:00 EDT,42.11332,-76.83664,1091,80.9,79.9,82.9,59.9,65.6,0.000,0.000,0.00,0.000,2.4,5.6,1.4,147,35,2.8,5.8,1.3,153,38,2.4,5.6,1.4,147,35,668,28.97,,0,0,0,67.5,67.5,66.7,0.17,0.29,0.22
ELMI,2017-08-21 13:40:00 EDT,42.11332,-76.83664,1091,81.9,79.8,84.6,61.2,67.3,0.000,0.000,0.00,0.000,4.3,7.0,1.3,92,13,4.7,7.7,1.4,96,12,4.3,7.0,1.3,92,13,661,28.97,,0,0,0,67.6,67.5,66.7,0.17,0.30,0.22
ELMI,2017-08-21 13:45:00 EDT,42.11332,-76.83664,1091,81.7,80.1,84.2,61.2,67.0,0.000,0.000,0.00,0.000,2.0,3.0,0.4,85,27,2.4,3.6,0.7,90,25,2.0,3.0,0.4,85,27,626,28.97,,0,0,0,67.8,67.5,66.7,0.17,0.29,0.22
ELMI,2017-08-21 13:50:00 EDT,42.11332,-76.83664,1091,81.5,80.5,83.9,61.0,66.7,0.000,0.000,0.00,0.000,2.4,3.6,0.7,285,31,2.8,4.1,0.8,291,31,2.4,3.6,0.7,285,31,587,28.97,,0,0,0,67.8,67.5,66.7,0.17,0.29,0.22
ELMI,2017-08-21 13:55:00 EDT,42.11332,-76.83664,1091,80.9,80.2,82.9,59.7,65.5,0.000,0.000,0.00,0.000,2.1,4.5,1.1,262,29,2.4,5.3,1.2,270,30,2.1,4.5,1.1,262,29,549,28.97,,0,0,0,67.8,67.5,66.7,0.17,0.28,0.22
ELMI,2017-08-21 14:00:00 EDT,42.11332,-76.83664,1091,81.5,80.7,84.0,61.8,67.1,0.000,0.000,0.00,0.000,2.9,5.5,1.6,136,30,3.1,6.3,1.7,140,29,2.9,5.5,1.6,136,30,493,28.97,,0,0,0,67.8,67.5,66.7,0.17,0.28,0.21
ELMI,2017-08-21 14:05:00 EDT,42.11332,-76.83664,1091,81.7,80.9,84.1,61.0,66.9,0.000,0.000,0.00,0.000,2.4,5.9,1.2,190,57,2.8,7.1,1.4,194,57,2.4,5.9,1.2,190,57,437,28.97,,0,0,0,67.8,67.5,66.7,0.17,0.28,0.21
ELMI,2017-08-21 14:10:00 EDT,42.11332,-76.83664,1091,81.6,81.1,84.3,62.2,67.4,0.000,0.000,0.00,0.000,2.3,4.1,0.8,162,18,2.6,5.0,1.0,164,18,2.3,4.1,0.8,162,18,386,28.96,,0,0,0,67.8,67.5,66.7,0.17,0.28,0.22
ELMI,2017-08-21 14:15:00 EDT,42.11332,-76.83664,1091,81.6,81.2,84.2,62.1,67.3,0.000,0.000,0.00,0.000,4.3,7.9,2.0,183,19,4.9,8.0,1.8,186,18,4.3,7.9,2.0,183,19,338,28.96,,0,0,0,67.8,67.5,66.7,0.17,0.30,0.22
ELMI,2017-08-21 14:20:00 EDT,42.11332,-76.83664,1091,81.3,81.1,84.3,64.6,68.3,0.000,0.000,0.00,0.000,4.9,8.4,1.4,158,22,5.6,9.8,1.6,162,22,4.9,8.4,1.4,158,22,294,28.96,,0,0,0,67.8,67.5,66.7,0.17,0.30,0.21
ELMI,2017-08-21 14:25:00 EDT,42.11332,-76.83664,1091,80.9,80.9,83.7,65.3,68.2,0.000,0.000,0.00,0.000,5.2,8.3,1.4,155,13,5.7,8.5,1.5,159,14,5.2,8.3,1.4,155,13,251,28.96,,0,0,0,67.8,67.5,66.7,0.16,0.30,0.21
ELMI,2017-08-21 14:30:00 EDT,42.11332,-76.83664,1091,80.9,80.9,83.6,65.0,68.0,0.000,0.000,0.00,0.000,2.3,3.6,0.5,167,19,2.7,4.1,0.6,174,19,2.3,3.6,0.5,167,19,216,28.96,,0,0,0,67.8,67.5,66.7,0.17,0.29,0.21
ELMI,2017-08-21 14:35:00 EDT,42.11332,-76.83664,1091,80.8,80.7,83.3,64.3,67.6,0.000,0.000,0.00,0.000,2.9,5.0,0.9,199,22,3.2,5.5,1.0,204,22,2.9,5.0,0.9,199,22,192,28.96,,0,0,0,67.8,67.5,66.7,0.16,0.29,0.21
ELMI,2017-08-21 14:40:00 EDT,42.11332,-76.83664,1091,80.2,80.2,83.0,67.9,68.6,0.000,0.000,0.00,0.000,2.5,4.0,0.5,194,19,2.8,4.4,0.6,200,18,2.5,4.0,0.5,194,19,182,28.95,,0,0,0,67.8,67.5,66.7,0.16,0.29,0.22
ELMI,2017-08-21 14:45:00 EDT,42.11332,-76.83664,1091,80.2,80.3,82.8,66.7,68.1,0.000,0.000,0.00,0.000,4.6,6.1,0.7,165,8,5.2,6.9,0.7,169,8,4.6,6.1,0.7,165,8,172,28.95,,0,0,0,67.8,67.5,66.7,0.16,0.29,0.21
ELMI,2017-08-21 14:50:00 EDT,42.11332,-76.83664,1091,80.1,80.4,82.8,66.8,68.1,0.000,0.000,0.00,0.000,3.1,5.6,1.0,150,14,3.4,6.0,1.0,154,15,3.1,5.6,1.0,150,14,202,28.95,,0,0,0,67.8,67.5,66.7,0.16,0.29,0.21
ELMI,2017-08-21 14:55:00 EDT,42.11332,-76.83664,1091,80.2,80.4,83.0,67.9,68.6,0.000,0.000,0.00,0.000,4.9,7.6,1.1,161,14,5.4,8.2,1.2,164,14,4.9,7.6,1.1,161,14,234,28.95,,0,0,0,68.0,67.5,66.7,0.16,0.29,0.21
ELMI,2017-08-21 15:00:00 EDT,42.11332,-76.83664,1091,80.1,80.2,82.8,67.5,68.3,0.000,0.000,0.00,0.000,5.2,7.0,0.8,147,10,5.7,7.6,0.8,150,11,5.2,7.0,0.8,147,10,271,28.95,,0,0,0,68.2,67.5,66.7,0.17,0.28,0.21
ELMI,2017-08-21 15:05:00 EDT,42.11332,-76.83664,1091,80.2,80.1,82.9,67.4,68.4,0.000,0.000,0.00,0.000,5.8,8.6,0.9,151,9,6.1,8.8,0.9,154,10,5.8,8.6,0.9,151,9,294,28.94,,0,0,0,68.2,67.5,66.7,0.17,0.28,0.22
ELMI,2017-08-21 15:10:00 EDT,42.11332,-76.83664,1091,80.4,80.1,83.4,68.6,69.1,0.000,0.000,0.00,0.000,5.5,7.5,1.1,157,11,6.2,8.6,1.2,160,11,5.5,7.5,1.1,157,11,263,28.94,,0,0,0,68.2,67.5,66.7,0.17,0.28,0.22
ELMI,2017-08-21 15:15:00 EDT,42.11332,-76.83664,1091,79.7,80.0,79.7,68.6,68.5,0.000,0.000,0.00,0.000,5.6,7.2,0.8,151,11,6.2,8.5,0.9,154,11,5.6,7.2,0.8,151,11,165,28.94,,0,0,0,68.2,67.5,66.7,0.17,0.28,0.21
ELMI,2017-08-21 15:20:00 EDT,42.11332,-76.83664,1091,79.7,79.9,79.7,68.4,68.4,0.000,0.000,0.00,0.000,5.6,8.8,1.4,140,12,6.1,9.9,1.5,143,13,5.6,8.8,1.4,140,12,261,28.94,,0,0,0,68.2,67.5,66.7,0.17,0.28,0.21
ELMI,2017-08-21 15:25:00 EDT,42.11332,-76.83664,1091,81.0,80.2,84.4,68.5,69.6,0.000,0.000,0.00,0.000,6.5,8.7,1.1,149,10,7.1,9.2,1.1,151,10,6.5,8.7,1.1,149,10,540,28.94,,0,0,0,68.2,67.5,66.7,0.17,0.29,0.21
ELMI,2017-08-21 15:30:00 EDT,42.11332,-76.83664,1091,81.2,80.5,84.5,67.2,69.3,0.000,0.000,0.00,0.000,4.5,6.8,1.1,150,16,4.9,7.8,1.3,155,16,4.5,6.8,1.1,150,16,417,28.94,,0,0,0,68.2,67.5,66.7,0.17,0.28,0.22
ELMI,2017-08-21 15:35:00 EDT,42.11332,-76.83664,1091,80.7,80.5,83.6,66.2,68.4,0.000,0.000,0.00,0.000,4.4,7.4,1.3,144,14,4.9,8.6,1.5,148,15,4.4,7.4,1.3,144,14,192,28.94,,0,0,0,68.2,67.5,66.7,0.17,0.28,0.22
ELMI,2017-08-21 15:40:00 EDT,42.11332,-76.83664,1091,80.8,80.6,83.9,67.4,69.0,0.000,0.000,0.00,0.000,4.2,6.1,0.6,141,13,4.7,7.1,0.7,144,15,4.2,6.1,0.6,141,13,373,28.94,,0,0,0,68.2,67.5,66.7,0.17,0.28,0.22
ELMI,2017-08-21 15:45:00 EDT,42.11332,-76.83664,1091,82.4,81.4,86.3,66.3,70.0,0.000,0.000,0.00,0.000,4.3,6.6,1.3,149,19,4.8,7.8,1.4,153,21,4.3,6.6,1.3,149,19,545,28.94,,0,0,0,68.2,67.5,66.7,0.17,0.28,0.22
ELMI,2017-08-21 15:50:00 EDT,42.11332,-76.83664,1091,82.7,81.6,86.4,64.4,69.4,0.000,0.000,0.00,0.000,4.9,6.7,1.0,173,26,5.5,8.3,1.1,177,26,4.9,6.7,1.0,173,26,582,28.94,,0,0,0,68.3,67.5,66.7,0.17,0.28,0.22
ELMI,2017-08-21 15:55:00 EDT,42.11332,-76.83664,1091,81.3,80.9,84.3,64.8,68.3,0.000,0.000,0.00,0.000,5.4,7.5,1.0,193,12,5.9,8.9,1.2,196,9,5.4,7.5,1.0,193,12,327,28.94,,0,0,0,68.5,67.5,66.7,0.17,0.28,0.21
ELMI,2017-08-21 16:00:00 EDT,42.11332,-76.83664,1091,82.0,81.1,85.5,65.9,69.4,0.000,0.000,0.00,0.000,5.6,8.1,1.2,177,15,6.1,8.7,1.2,180,14,5.6,8.1,1.2,177,15,731,28.94,,0,0,0,68.5,67.5,66.7,0.17,0.28,0.22
ELMI,2017-08-21 16:05:00 EDT,42.11332,-76.83664,1091,81.7,81.1,85.2,66.4,69.4,0.000,0.000,0.00,0.000,4.6,7.4,1.5,166,17,5.2,8.4,1.5,170,16,4.6,7.4,1.5,166,17,296,28.94,,0,0,0,68.5,67.5,66.7,0.17,0.29,0.22
ELMI,2017-08-21 16:10:00 EDT,42.11332,-76.83664,1091,80.7,80.4,83.7,67.0,68.8,0.000,0.000,0.00,0.000,4.6,6.5,1.0,207,22,4.8,6.8,1.0,210,21,4.6,6.5,1.0,207,22,232,28.94,,0,0,0,68.5,67.5,66.7,0.17,0.28,0.21
ELMI,2017-08-21 16:15:00 EDT,42.11332,-76.83664,1091,80.2,80.0,83.0,67.2,68.4,0.000,0.000,0.00,0.000,4.2,7.0,1.0,234,16,4.3,7.1,0.9,238,18,4.2,7.0,1.0,234,16,203,28.94,,0,0,0,68.5,67.5,66.7,0.17,0.28,0.22
ELMI,2017-08-21 16:20:00 EDT,42.11332,-76.83664,1091,79.3,79.1,79.3,70.5,68.9,0.000,0.000,0.00,0.000,7.6,9.8,1.2,313,10,7.6,10.2,1.2,320,9,7.6,9.8,1.2,313,10,313,28.94,,0,0,0,68.5,67.5,66.7,0.17,0.27,0.22
ELMI,2017-08-21 16:25:00 EDT,42.11332,-76.83664,1091,80.4,79.4,83.5,69.8,69.6,0.000,0.000,0.00,0.000,4.3,6.5,1.1,334,14,4.6,6.2,1.1,341,15,4.3,6.5,1.1,334,14,614,28.93,,0,0,0,68.5,67.5,66.7,0.17,0.27,0.22
ELMI,2017-08-21 16:30:00 EDT,42.11332,-76.83664,1091,81.0,80.2,84.0,66.4,68.7,0.000,0.000,0.00,0.000,1.5,3.3,1.0,318,16,1.4,3.8,1.1,329,15,1.5,3.3,1.0,318,16,371,28.93,,0,0,0,68.5,67.5,66.7,0.17,0.27,0.22
ELMI,2017-08-21 16:35:00 EDT,42.11332,-76.83664,1091,81.5,80.3,84.8,66.2,69.2,0.000,0.000,0.00,0.000,2.6,4.2,1.3,99,8,3.0,4.9,1.3,103,7,2.6,4.2,1.3,99,8,332,28.93,,0,0,0,68.5,67.5,66.7,0.17,0.27,0.22
ELMI,2017-08-21 16:40:00 EDT,42.11332,-76.83664,1091,81.7,80.4,85.1,66.5,69.4,0.000,0.000,0.00,0.000,3.0,3.8,0.4,101,12,3.2,4.2,0.5,105,11,3.0,3.8,0.4,101,12,299,28.93,,0,0,0,68.5,67.5,66.7,0.17,0.27,0.22
ELMI,2017-08-21 16:45:00 EDT,42.11332,-76.83664,1091,81.4,80.1,85.0,68.4,70.0,0.000,0.000,0.00,0.000,5.2,9.6,1.7,74,16,5.7,10.3,1.9,79,15,5.2,9.6,1.7,74,16,289,28.93,,0,0,0,68.5,67.5,66.7,0.17,0.27,0.22
ELMI,2017-08-21 16:50:00 EDT,42.11332,-76.83664,1091,80.4,79.7,83.9,71.6,70.4,0.000,0.000,0.00,0.000,3.3,6.8,1.4,36,32,3.7,7.8,1.5,41,33,3.3,6.8,1.4,36,32,251,28.93,,0,0,0,68.5,67.5,66.7,0.17,0.29,0.22
ELMI,2017-08-21 16:55:00 EDT,42.11332,-76.83664,1091,80.2,79.7,83.5,71.4,70.1,0.000,0.000,0.00,0.000,2.0,3.9,0.8,17,26,2.3,4.7,1.0,22,24,2.0,3.9,0.8,17,26,189,28.92,,0,0,0,68.5,67.5,66.7,0.17,0.29,0.22
ELMI,2017-08-21 17:00:00 EDT,42.11332,-76.83664,1091,80.0,79.6,83.1,70.8,69.7,0.000,0.000,0.00,0.000,2.2,3.7,0.8,36,29,2.5,4.0,0.7,42,28,2.2,3.7,0.8,36,29,184,28.92,,0,0,0,68.5,67.5,66.7,0.17,0.29,0.22
ELMI,2017-08-21 17:05:00 EDT,42.11332,-76.83664,1091,80.0,79.6,83.1,70.7,69.7,0.000,0.000,0.00,0.000,2.1,3.5,1.0,20,27,2.3,4.0,0.9,23,28,2.1,3.5,1.0,20,27,186,28.92,,0,0,0,68.5,67.5,66.7,0.17,0.29,0.22
ELMI,2017-08-21 17:10:00 EDT,42.11332,-76.83664,1091,80.1,79.5,83.2,71.0,69.8,0.000,0.000,0.00,0.000,2.2,4.7,1.2,61,23,2.6,5.3,1.2,64,25,2.2,4.7,1.2,61,23,108,28.93,,0,0,0,68.5,67.5,66.7,0.17,0.29,0.22
ELMI,2017-08-21 17:15:00 EDT,42.11332,-76.83664,1091,79.4,79.5,79.4,72.3,69.7,0.000,0.000,0.00,0.000,2.5,4.8,1.7,144,17,2.9,6.1,1.8,150,23,2.5,4.8,1.7,144,17,69,28.93,,0,0,0,68.5,67.5,66.7,0.17,0.29,0.21
ELMI,2017-08-21 17:20:00 EDT,42.11332,-76.83664,1091,78.3,78.8,78.3,75.2,69.8,0.000,0.000,0.00,0.000,5.8,11.4,2.3,158,18,6.4,13.3,2.4,161,18,5.8,11.4,2.3,158,18,56,28.93,,0,0,0,68.5,67.5,66.7,0.17,0.29,0.21
ELMI,2017-08-21 17:25:00 EDT,42.11332,-76.83664,1091,77.6,77.7,77.6,76.3,69.5,0.000,0.000,0.00,0.000,7.6,12.6,2.3,121,23,8.2,13.3,2.3,127,21,7.6,12.6,2.3,121,23,67,28.93,,0,0,0,68.5,67.5,66.7,0.17,0.29,0.22
ELMI,2017-08-21 17:30:00 EDT,42.11332,-76.83664,1091,76.7,76.7,76.7,74.6,68.0,0.000,0.000,0.00,0.000,10.0,13.3,1.3,104,8,10.6,14.2,1.5,108,7,10.0,13.3,1.3,104,8,59,28.93,,0,0,0,68.5,67.5,66.7,0.17,0.28,0.21
ELMI,2017-08-21 17:35:00 EDT,42.11332,-76.83664,1091,75.5,75.6,75.5,75.5,67.2,0.000,0.000,0.00,0.000,8.5,12.8,2.0,127,18,9.1,13.8,2.0,131,17,8.5,12.8,2.0,127,18,42,28.93,,0,0,0,68.5,67.5,66.7,0.17,0.29,0.22
ELMI,2017-08-21 17:40:00 EDT,42.11332,-76.83664,1091,74.3,74.5,74.3,77.6,66.9,0.000,0.000,0.00,0.000,5.3,8.3,1.2,176,14,5.8,9.0,1.4,180,13,5.3,8.3,1.2,176,14,34,28.94,,0,0,0,68.6,67.5,66.7,0.17,0.28,0.21
ELMI,2017-08-21 17:45:00 EDT,42.11332,-76.83664,1091,74.1,74.4,74.1,79.2,67.2,0.000,0.000,0.00,0.000,4.8,8.0,1.5,157,17,5.2,9.2,1.8,162,18,4.8,8.0,1.5,157,17,53,28.94,,0,0,0,68.6,67.5,66.7,0.17,0.29,0.21
ELMI,2017-08-21 17:50:00 EDT,42.11332,-76.83664,1091,73.8,74.0,73.8,81.9,67.9,0.000,0.000,0.00,0.000,6.0,13.3,2.1,179,21,6.5,14.2,2.3,184,20,6.0,13.3,2.1,179,21,67,28.95,,0,0,0,68.8,67.5,66.7,0.17,0.29,0.21
ELMI,2017-08-21 17:55:00 EDT,42.11332,-76.83664,1091,73.7,73.8,73.7,82.1,67.9,0.000,0.000,0.00,0.000,7.7,11.4,1.6,194,19,8.3,12.5,1.9,199,17,7.7,11.4,1.6,194,19,112,28.94,,0,0,0,68.8,67.5,66.7,0.17,0.28,0.21
ELMI,2017-08-21 18:00:00 EDT,42.11332,-76.83664,1091,72.5,72.5,72.5,82.2,66.8,0.000,0.000,0.00,0.000,5.5,10.2,2.0,233,24,6.0,11.6,2.1,239,26,5.5,10.2,2.0,233,24,174,28.94,,0,0,0,68.9,67.5,66.7,0.17,0.28,0.21
ELMI,2017-08-21 18:05:00 EDT,42.11332,-76.83664,1091,72.7,72.3,72.7,81.4,66.7,0.000,0.000,0.00,0.000,2.5,5.6,1.3,205,42,2.9,6.5,1.5,206,43,2.5,5.6,1.3,205,42,240,28.94,,0,0,0,68.9,67.5,66.7,0.17,0.28,0.21
ELMI,2017-08-21 18:10:00 EDT,42.11332,-76.83664,1091,72.8,72.2,72.8,81.5,66.8,0.000,0.000,0.00,0.000,2.0,4.2,1.3,73,34,2.4,5.0,1.3,82,38,2.0,4.2,1.3,73,34,216,28.94,,0,0,0,68.9,67.5,66.7,0.17,0.28,0.21
ELMI,2017-08-21 18:15:00 EDT,42.11332,-76.83664,1091,73.2,72.4,73.2,81.1,67.1,0.000,0.000,0.00,0.000,3.0,4.9,0.9,73,26,3.6,6.4,1.2,76,25,3.0,4.9,0.9,73,26,157,28.94,,0,0,0,68.9,67.5,66.7,0.17,0.28,0.21
ELMI,2017-08-21 18:20:00 EDT,42.11332,-76.83664,1091,73.0,72.9,73.0,76.9,65.3,0.000,0.000,0.00,0.000,1.9,6.1,1.6,41,62,2.2,5.7,1.4,40,68,1.9,6.1,1.6,41,62,95,28.93,,0,0,0,68.9,67.5,66.7,0.16,0.28,0.21
ELMI,2017-08-21 18:25:00 EDT,42.11332,-76.83664,1091,73.1,73.3,73.1,76.8,65.5,0.000,0.000,0.00,0.000,3.5,5.9,1.0,243,20,3.7,6.4,1.1,248,21,3.5,5.9,1.0,243,20,81,28.93,,0,0,0,68.9,67.5,66.7,0.17,0.27,0.21
ELMI,2017-08-21 18:30:00 EDT,42.11332,-76.83664,1091,71.8,72.3,71.8,81.8,65.9,0.000,0.000,0.00,0.000,3.7,5.5,1.0,276,18,4.0,5.9,1.0,283,18,3.7,5.5,1.0,276,18,41,28.93,,0,0,0,68.9,67.5,66.7,0.17,0.28,0.21
ELMI,2017-08-21 18:35:00 EDT,42.11332,-76.83664,1091,71.8,72.4,71.8,81.8,66.0,0.000,0.000,0.00,0.000,4.5,6.0,0.8,304,12,4.5,6.4,1.0,311,10,4.5,6.0,0.8,304,12,43,28.93,,0,0,0,68.9,67.5,66.7,0.17,0.28,0.21
ELMI,2017-08-21 18:40:00 EDT,42.11332,-76.83664,1091,71.8,72.5,71.8,82.0,66.0,0.000,0.000,0.00,0.000,2.0,6.1,1.9,291,38,2.5,7.0,1.8,293,51,2.0,6.1,1.9,291,38,45,28.93,,0,0,0,68.9,67.5,66.7,0.17,0.28,0.21
ELMI,2017-08-21 18:45:00 EDT,42.11332,-76.83664,1091,71.8,72.1,71.8,82.5,66.2,0.000,0.000,0.00,0.000,1.3,3.1,0.9,287,33,1.6,3.5,1.0,296,34,1.3,3.1,0.9,287,33,55,28.93,,0,0,0,68.9,67.5,66.7,0.16,0.28,0.21
ELMI,2017-08-21 18:50:00 EDT,42.11332,-76.83664,1091,71.4,72.2,71.4,84.3,66.4,0.000,0.000,0.00,0.000,2.5,3.9,0.8,280,12,2.7,4.3,1.0,288,11,2.5,3.9,0.8,280,12,61,28.93,,0,0,0,68.9,67.5,66.7,0.17,0.28,0.21
ELMI,2017-08-21 18:55:00 EDT,42.11332,-76.83664,1091,72.2,72.6,72.2,81.0,66.1,0.000,0.000,0.00,0.000,0.6,2.1,0.8,132,9,1.0,2.3,0.7,120,28,0.6,2.1,0.8,132,9,67,28.93,,0,0,0,68.9,67.5,66.7,0.17,0.28,0.21
ELMI,2017-08-21 19:00:00 EDT,42.11332,-76.83664,1091,71.7,72.0,71.7,83.5,66.5,0.000,0.000,0.00,0.000,2.2,2.7,0.3,134,15,2.2,3.0,0.4,136,15,2.2,2.7,0.3,134,15,67,28.93,,0,0,0,68.9,67.5,66.7,0.17,0.28,0.21
ELMI,2017-08-21 19:05:00 EDT,42.11332,-76.83664,1091,71.1,71.6,71.1,87.6,67.2,0.000,0.000,0.00,0.000,2.1,2.6,0.2,201,33,2.2,3.2,0.4,200,33,2.1,2.6,0.2,201,33,65,28.93,,0,0,0,68.9,67.5,66.7,0.17,0.27,0.21
ELMI,2017-08-21 19:10:00 EDT,42.11332,-76.83664,1091,70.5,71.2,70.5,88.3,66.8,0.000,0.000,0.00,0.000,3.0,4.2,0.8,273,13,3.3,4.6,0.8,281,12,3.0,4.2,0.8,273,13,36,28.93,,0,0,0,68.9,67.5,66.7,0.16,0.27,0.21
ELMI,2017-08-21 19:15:00 EDT,42.11332,-76.83664,1091,70.5,71.6,70.5,87.7,66.7,0.000,0.000,0.00,0.000,3.5,4.8,0.6,293,13,3.6,5.1,0.7,301,12,3.5,4.8,0.6,293,13,22,28.93,,0,0,0,68.9,67.5,66.7,0.16,0.28,0.21
ELMI,2017-08-21 19:20:00 EDT,42.11332,-76.83664,1091,71.4,72.1,71.4,84.3,66.4,0.000,0.000,0.00,0.000,2.1,4.5,1.1,298,26,2.3,4.8,1.0,310,30,2.1,4.5,1.1,298,26,27,28.93,,0,0,0,68.9,67.5,66.7,0.17,0.27,0.22
ELMI,2017-08-21 19:25:00 EDT,42.11332,-76.83664,1091,71.7,72.1,71.7,82.9,66.2,0.000,0.000,0.00,0.000,1.1,2.5,0.7,289,47,1.3,3.0,0.8,292,46,1.1,2.5,0.7,289,47,20,28.93,,0,0,0,68.9,67.5,66.7,0.17,0.27,0.21
ELMI,2017-08-21 19:30:00 EDT,42.11332,-76.83664,1091,72.0,72.2,72.0,82.0,66.3,0.000,0.000,0.00,0.000,1.0,1.9,0.5,181,16,1.3,2.5,0.6,185,22,1.0,1.9,0.5,181,16,15,28.93,,0,0,0,68.9,67.5,66.7,0.16,0.27,0.21
ELMI,2017-08-21 19:35:00 EDT,42.11332,-76.83664,1091,71.5,72.1,71.5,82.7,66.0,0.000,0.000,0.00,0.000,1.9,2.8,0.4,192,32,2.2,3.3,0.4,195,32,1.9,2.8,0.4,192,32,12,28.93,,0,0,0,68.9,67.5,66.7,0.17,0.27,0.22
ELMI,2017-08-21 19:40:00 EDT,42.11332,-76.83664,1091,69.7,71.2,69.7,86.1,65.3,0.000,0.000,0.00,0.000,2.5,3.4,0.4,262,15,2.8,3.8,0.5,270,16,2.5,3.4,0.4,262,15,14,28.93,,0,0,0,68.9,67.5,66.7,0.16,0.27,0.21
ELMI,2017-08-21 19:45:00 EDT,42.11332,-76.83664,1091,70.1,71.4,70.1,87.0,66.0,0.000,0.000,0.00,0.000,2.3,3.3,0.4,269,16,2.5,3.9,0.5,279,16,2.3,3.3,0.4,269,16,14,28.93,,0,0,0,68.9,67.5,66.7,0.16,0.27,0.22
ELMI,2017-08-21 19:50:00 EDT,42.11332,-76.83664,1091,70.1,71.2,70.1,86.7,65.9,0.000,0.000,0.00,0.000,5.7,10.2,2.8,307,12,5.6,10.0,2.6,313,10,5.7,10.2,2.8,307,12,6,28.93,,0,0,0,68.9,67.5,66.7,0.16,0.27,0.22
ELMI,2017-08-21 19:55:00 EDT,42.11332,-76.83664,1091,70.4,71.5,70.4,87.6,66.5,0.000,0.000,0.00,0.000,8.2,10.4,1.2,331,17,8.3,10.8,1.1,338,17,8.2,10.4,1.2,331,17,4,28.93,,0,0,0,68.9,67.5,66.7,0.16,0.27,0.22
ELMI,2017-08-21 20:00:00 EDT,42.11332,-76.83664,1091,72.8,73.2,72.8,81.5,66.8,0.000,0.000,0.00,0.000,3.0,6.1,1.2,48,17,3.3,6.9,1.3,54,15,3.0,6.1,1.2,48,17,3,28.93,,0,0,0,68.9,67.5,66.7,0.16,0.27,0.22
ELMI,2017-08-21 20:05:00 EDT,42.11332,-76.83664,1091,72.6,73.1,72.6,80.4,66.2,0.000,0.000,0.00,0.000,0.6,2.4,0.7,65,43,1.0,2.7,0.7,93,46,0.6,2.4,0.7,65,43,1,28.94,,0,0,0,68.9,67.5,66.7,0.16,0.27,0.22
ELMI,2017-08-21 20:10:00 EDT,42.11332,-76.83664,1091,70.6,72.4,70.6,83.9,65.5,0.000,0.000,0.00,0.000,1.9,2.7,0.5,144,20,2.1,3.0,0.4,150,24,1.9,2.7,0.5,144,20,1,28.93,,0,0,0,68.9,67.5,66.7,0.16,0.27,0.22
ELMI,2017-08-21 20:15:00 EDT,42.11332,-76.83664,1091,70.4,71.7,70.4,85.9,65.9,0.000,0.000,0.00,0.000,1.8,3.1,0.6,189,19,2.1,3.4,0.6,195,18,1.8,3.1,0.6,189,19,0,28.93,,0,0,0,68.9,67.5,66.7,0.16,0.27,0.22
ELMI,2017-08-21 20:20:00 EDT,42.11332,-76.83664,1091,70.2,71.1,70.2,87.5,66.3,0.000,0.000,0.00,0.000,2.4,3.0,0.4,226,25,2.5,3.7,0.4,232,26,2.4,3.0,0.4,226,25,0,28.93,,0,0,0,68.9,67.5,66.7,0.16,0.28,0.22
ELMI,2017-08-21 20:25:00 EDT,42.11332,-76.83664,1091,70.3,70.9,70.3,87.2,66.3,0.000,0.000,0.00,0.000,3.0,3.8,0.4,259,11,3.2,4.3,0.5,266,12,3.0,3.8,0.4,259,11,0,28.93,,0,0,0,68.9,67.5,66.7,0.16,0.28,0.22
ELMI,2017-08-21 20:30:00 EDT,42.11332,-76.83664,1091,70.3,71.3,70.3,86.8,66.2,0.000,0.000,0.00,0.000,3.2,3.9,0.4,274,13,3.5,4.5,0.5,282,12,3.2,3.9,0.4,274,13,0,28.93,,0,0,0,68.9,67.5,66.7,0.17,0.27,0.22
ELMI,2017-08-21 20:35:00 EDT,42.11332,-76.83664,1091,70.2,71.4,70.2,86.5,66.0,0.000,0.000,0.00,0.000,1.6,2.6,0.4,245,21,1.7,3.1,0.4,250,23,1.6,2.6,0.4,245,21,0,28.93,,0,0,0,68.9,67.5,66.7,0.16,0.27,0.22
ELMI,2017-08-21 20:40:00 EDT,42.11332,-76.83664,1091,69.8,70.9,69.8,86.7,65.7,0.000,0.000,0.00,0.000,1.8,2.8,0.3,234,22,1.8,3.2,0.4,242,24,1.8,2.8,0.3,234,22,0,28.93,,0,0,0,68.9,67.5,66.7,0.16,0.27,0.22
ELMI,2017-08-21 20:45:00 EDT,42.11332,-76.83664,1091,69.3,70.7,69.3,88.2,65.6,0.000,0.000,0.00,0.000,2.6,3.9,0.6,266,20,2.9,4.5,0.7,275,21,2.6,3.9,0.6,266,20,0,28.93,,0,0,0,68.9,67.5,66.7,0.16,0.28,0.22
ELMI,2017-08-21 20:50:00 EDT,42.11332,-76.83664,1091,68.7,70.4,68.7,90.1,65.7,0.000,0.000,0.00,0.000,3.1,4.3,0.5,272,14,3.4,5.3,0.6,280,12,3.1,4.3,0.5,272,14,0,28.93,,0,0,0,68.9,67.5,66.7,0.16,0.27,0.22
ELMI,2017-08-21 20:55:00 EDT,42.11332,-76.83664,1091,69.5,70.3,69.5,90.5,66.6,0.000,0.000,0.00,0.000,2.7,4.2,0.7,249,19,3.0,4.5,0.7,257,20,2.7,4.2,0.7,249,19,0,28.94,,0,0,0,68.9,67.6,66.7,0.16,0.27,0.22
ELMI,2017-08-21 21:00:00 EDT,42.11332,-76.83664,1091,70.1,70.6,70.1,90.6,67.2,0.000,0.000,0.00,0.000,3.4,5.1,0.7,234,17,3.4,5.4,0.8,240,16,3.4,5.1,0.7,234,17,0,28.94,,0,0,0,68.9,67.6,66.7,0.16,0.27,0.22
ELMI,2017-08-21 21:05:00 EDT,42.11332,-76.83664,1091,69.8,70.3,69.8,90.5,66.9,0.000,0.000,0.00,0.000,2.3,3.4,0.6,237,14,2.2,4.0,0.6,243,15,2.3,3.4,0.6,237,14,0,28.94,,0,0,0,68.9,67.7,66.7,0.16,0.27,0.22
ELMI,2017-08-21 21:10:00 EDT,42.11332,-76.83664,1091,69.7,70.2,69.7,92.3,67.3,0.000,0.000,0.00,0.000,1.8,2.6,0.3,230,13,1.8,3.0,0.4,234,14,1.8,2.6,0.3,230,13,0,28.94,,0,0,0,68.9,67.7,66.7,0.16,0.27,0.22
ELMI,2017-08-21 21:15:00 EDT,42.11332,-76.83664,1091,69.6,70.2,69.6,92.9,67.4,0.000,0.000,0.00,0.000,1.4,2.3,0.5,231,14,1.5,2.5,0.5,239,17,1.4,2.3,0.5,231,14,0,28.94,,0,0,0,68.9,67.6,66.7,0.16,0.27,0.22
ELMI,2017-08-21 21:20:00 EDT,42.11332,-76.83664,1091,69.8,70.1,69.8,93.3,67.8,0.000,0.000,0.00,0.000,0.9,1.6,0.4,230,33,1.2,1.9,0.5,235,34,0.9,1.6,0.4,230,33,0,28.94,,0,0,0,68.9,67.6,66.7,0.16,0.27,0.22
ELMI,2017-08-21 21:25:00 EDT,42.11332,-76.83664,1091,69.9,70.1,69.9,93.3,67.9,0.000,0.000,0.00,0.000,1.2,2.3,0.6,224,33,1.5,3.5,0.6,233,35,1.2,2.3,0.6,224,33,0,28.94,,0,0,0,68.9,67.7,66.7,0.16,0.28,0.22
ELMI,2017-08-21 21:30:00 EDT,42.11332,-76.83664,1091,69.2,70.1,69.2,92.5,67.0,0.000,0.000,0.00,0.000,1.5,2.8,0.5,267,26,1.8,3.3,0.6,279,24,1.5,2.8,0.5,267,26,0,28.94,,0,0,0,68.9,67.6,66.7,0.16,0.28,0.22
ELMI,2017-08-21 21:35:00 EDT,42.11332,-76.83664,1091,68.6,69.9,68.6,93.5,66.6,0.000,0.000,0.00,0.000,2.0,3.9,0.7,268,20,2.3,4.5,0.8,279,21,2.0,3.9,0.7,268,20,0,28.94,,0,0,0,68.9,67.7,66.7,0.16,0.27,0.22
ELMI,2017-08-21 21:40:00 EDT,42.11332,-76.83664,1091,69.3,69.9,69.3,93.9,67.5,0.000,0.000,0.00,0.000,1.6,3.3,0.7,257,29,1.9,3.9,0.8,266,27,1.6,3.3,0.7,257,29,0,28.94,,0,0,0,68.9,67.7,66.7,0.16,0.27,0.22
ELMI,2017-08-21 21:45:00 EDT,42.11332,-76.83664,1091,69.0,69.4,69.0,93.3,67.0,0.000,0.000,0.00,0.000,1.7,3.4,0.9,264,26,1.9,4.0,1.0,275,24,1.7,3.4,0.9,264,26,0,28.93,,0,0,0,68.9,67.7,66.7,0.16,0.28,0.22
ELMI,2017-08-21 21:50:00 EDT,42.11332,-76.83664,1091,68.7,69.3,68.7,93.7,66.8,0.000,0.000,0.00,0.000,2.1,3.7,0.7,281,19,2.4,4.5,0.8,289,18,2.1,3.7,0.7,281,19,0,28.94,,0,0,0,68.9,67.7,66.7,0.16,0.27,0.22
ELMI,2017-08-21 21:55:00 EDT,42.11332,-76.83664,1091,68.5,69.4,68.5,94.6,66.9,0.000,0.000,0.00,0.000,1.6,3.6,0.8,275,38,1.8,3.8,0.9,284,40,1.6,3.6,0.8,275,38,0,28.94,,0,0,0,68.9,67.7,66.7,0.16,0.27,0.22
ELMI,2017-08-21 22:00:00 EDT,42.11332,-76.83664,1091,69.1,69.7,69.1,94.7,67.5,0.000,0.000,0.00,0.000,1.1,2.8,0.8,244,30,1.6,3.5,0.8,247,33,1.1,2.8,0.8,244,30,0,28.94,,0,0,0,68.9,67.7,66.7,0.16,0.27,0.22
ELMI,2017-08-21 22:05:00 EDT,42.11332,-76.83664,1091,69.6,69.9,69.6,94.6,68.0,0.000,0.000,0.00,0.000,1.5,3.0,0.6,230,28,1.7,3.4,0.6,241,30,1.5,3.0,0.6,230,28,0,28.94,,0,0,0,68.9,67.8,66.7,0.16,0.27,0.22
ELMI,2017-08-21 22:10:00 EDT,42.11332,-76.83664,1091,69.2,69.7,69.2,93.6,67.3,0.000,0.000,0.00,0.000,1.1,2.2,0.7,247,20,1.4,2.7,0.6,257,25,1.1,2.2,0.7,247,20,0,28.94,,0,0,0,68.9,67.8,66.7,0.17,0.27,0.22
ELMI,2017-08-21 22:15:00 EDT,42.11332,-76.83664,1091,69.1,69.8,69.1,93.7,67.2,0.000,0.000,0.00,0.000,1.2,1.8,0.4,258,31,1.4,2.6,0.5,269,31,1.2,1.8,0.4,258,31,0,28.94,,0,0,0,68.9,67.8,66.7,0.16,0.27,0.22
ELMI,2017-08-21 22:20:00 EDT,42.11332,-76.83664,1091,68.2,69.5,68.2,94.3,66.5,0.000,0.000,0.00,0.000,0.7,2.1,0.6,292,33,1.0,2.7,0.7,293,33,0.7,2.1,0.6,292,33,0,28.94,,0,0,0,68.9,67.8,66.7,0.16,0.28,0.22
ELMI,2017-08-21 22:25:00 EDT,42.11332,-76.83664,1091,69.0,69.6,69.0,95.1,67.6,0.000,0.000,0.00,0.000,0.8,1.8,0.5,21,25,1.1,2.1,0.6,22,28,0.8,1.8,0.5,21,25,0,28.94,,0,0,0,68.9,67.8,66.7,0.16,0.28,0.22
ELMI,2017-08-21 22:30:00 EDT,42.11332,-76.83664,1091,69.2,69.5,69.2,95.0,67.7,0.000,0.000,0.00,0.000,0.5,1.5,0.4,82,25,0.8,1.9,0.6,79,27,0.5,1.5,0.4,82,25,0,28.93,,0,0,0,68.9,67.8,66.7,0.16,0.27,0.22
ELMI,2017-08-21 22:35:00 EDT,42.11332,-76.83664,1091,68.2,69.4,68.2,94.6,66.6,0.000,0.000,0.00,0.000,0.6,1.2,0.4,68,16,1.1,1.8,0.4,67,18,0.6,1.2,0.4,68,16,0,28.93,,0,0,0,68.9,67.8,66.7,0.16,0.27,0.22
ELMI,2017-08-21 22:40:00 EDT,42.11332,-76.83664,1091,68.9,69.3,68.9,96.0,67.7,0.000,0.000,0.00,0.000,1.4,2.9,1.0,115,11,1.6,3.0,0.7,117,14,1.4,2.9,1.0,115,11,0,28.93,,0,0,0,68.9,67.8,66.7,0.16,0.27,0.22
ELMI,2017-08-21 22:45:00 EDT,42.11332,-76.83664,1091,68.2,68.9,68.2,95.6,66.9,0.000,0.000,0.00,0.000,3.2,3.7,0.3,117,4,3.2,4.0,0.3,124,4,3.2,3.7,0.3,117,4,0,28.93,,0,0,0,68.9,67.8,66.7,0.16,0.28,0.22
ELMI,2017-08-21 22:50:00 EDT,42.11332,-76.83664,1091,66.9,68.3,66.9,94.9,65.4,0.000,0.000,0.00,0.000,1.3,3.4,1.0,126,9,1.6,3.3,0.8,130,14,1.3,3.4,1.0,126,9,0,28.94,,0,0,0,68.9,67.8,66.7,0.16,0.27,0.22
ELMI,2017-08-21 22:55:00 EDT,42.11332,-76.83664,1091,68.0,68.4,68.0,96.6,67.0,0.000,0.000,0.00,0.000,1.1,2.3,0.7,165,16,1.4,3.0,0.8,171,18,1.1,2.3,0.7,165,16,0,28.94,,0,0,0,68.9,67.8,66.7,0.16,0.27,0.22
ELMI,2017-08-21 23:00:00 EDT,42.11332,-76.83664,1091,68.1,68.4,68.1,97.1,67.2,0.000,0.000,0.00,0.000,0.0,0.0,0.0,0,0,0.1,1.4,0.2,303,11,0.0,0.0,0.0,0,0,0,28.93,,0,0,0,68.9,67.8,66.7,0.16,0.27,0.22
ELMI,2017-08-21 23:05:00 EDT,42.11332,-76.83664,1091,67.5,68.3,67.5,97.1,66.7,0.000,0.000,0.00,0.000,0.9,2.6,0.4,310,18,1.1,2.6,0.5,319,18,0.9,2.6,0.4,310,18,0,28.94,,0,0,0,68.9,67.8,66.7,0.17,0.27,0.22
ELMI,2017-08-21 23:10:00 EDT,42.11332,-76.83664,1091,66.5,68.2,66.5,96.9,65.6,0.000,0.000,0.00,0.000,1.7,3.1,1.0,334,10,2.0,4.0,0.9,343,15,1.7,3.1,1.0,334,10,0,28.93,,0,0,0,68.9,67.8,66.7,0.17,0.27,0.22
ELMI,2017-08-21 23:15:00 EDT,42.11332,-76.83664,1091,67.3,68.2,67.3,97.5,66.5,0.000,0.000,0.00,0.000,0.7,1.7,0.5,313,18,0.9,1.7,0.5,324,25,0.7,1.7,0.5,313,18,0,28.93,,0,0,0,68.9,67.8,66.7,0.17,0.27,0.22
ELMI,2017-08-21 23:20:00 EDT,42.11332,-76.83664,1091,66.8,67.8,66.8,97.3,66.0,0.000,0.000,0.00,0.000,1.0,2.9,1.0,298,10,1.3,2.9,0.9,309,13,1.0,2.9,1.0,298,10,0,28.93,,0,0,0,68.9,67.8,66.7,0.16,0.27,0.22
ELMI,2017-08-21 23:25:00 EDT,42.11332,-76.83664,1091,65.8,67.3,65.8,97.0,65.0,0.000,0.000,0.00,0.000,3.6,4.9,0.5,305,8,3.6,4.7,0.6,312,7,3.6,4.9,0.5,305,8,0,28.93,,0,0,0,68.9,67.8,66.7,0.17,0.28,0.22
ELMI,2017-08-21 23:30:00 EDT,42.11332,-76.83664,1091,65.4,67.5,65.4,97.1,64.5,0.000,0.000,0.00,0.000,4.0,5.0,0.5,306,6,4.0,5.1,0.7,313,5,4.0,5.0,0.5,306,6,0,28.93,,0,0,0,68.9,67.8,66.7,0.16,0.27,0.22
ELMI,2017-08-21 23:35:00 EDT,42.11332,-76.83664,1091,66.1,67.9,66.1,97.6,65.4,0.000,0.000,0.00,0.000,3.0,5.2,1.1,320,12,3.0,5.5,1.1,327,13,3.0,5.2,1.1,320,12,0,28.93,,0,0,0,68.9,67.8,66.7,0.17,0.27,0.22
ELMI,2017-08-21 23:40:00 EDT,42.11332,-76.83664,1091,67.6,68.5,67.6,98.2,67.0,0.000,0.000,0.00,0.000,1.1,2.3,0.6,351,43,1.3,3.0,0.6,357,42,1.1,2.3,0.6,351,43,0,28.93,,0,0,0,68.9,67.8,66.7,0.17,0.27,0.22
ELMI,2017-08-21 23:45:00 EDT,42.11332,-76.83664,1091,68.0,68.4,68.0,98.0,67.4,0.000,0.000,0.00,0.000,0.8,2.1,0.6,111,33,1.2,3.0,0.7,123,35,0.8,2.1,0.6,111,33,0,28.93,,0,0,0,68.9,67.8,66.7,0.17,0.27,0.22
ELMI,2017-08-21 23:50:00 EDT,42.11332,-76.83664,1091,66.8,68.1,66.8,97.3,66.0,0.000,0.000,0.00,0.000,1.5,2.4,0.4,194,27,1.8,3.0,0.5,198,28,1.5,2.4,0.4,194,27,0,28.93,,0,0,0,68.9,67.8,66.7,0.17,0.28,0.22
ELMI,2017-08-21 23:55:00 EDT,42.11332,-76.83664,1091,67.2,67.8,67.2,97.6,66.5,0.000,0.000,0.00,0.000,0.3,1.1,0.4,284,23,0.5,1.6,0.6,291,31,0.3,1.1,0.4,284,23,0,28.93,,0,0,0,68.9,67.8,66.7,0.17,0.28,0.22
ESSX,2017-08-21 00:00:00 EDT,44.31360,-73.37189,182,58.8,61.3,58.8,99.2,58.6,0.000,0.000,0.00,0.000,0.5,1.5,0.5,67,23,1.0,2.0,0.5,59,35,0.5,1.5,0.5,67,23,0,29.89,,0,0,0,71.1,70.0,67.8,0.35,0.42,0.36
ESSX,2017-08-21 00:05:00 EDT,44.31360,-73.37189,182,58.7,61.1,58.7,99.7,58.6,0.000,0.000,0.00,0.000,0.6,1.2,0.5,21,28,1.1,1.8,0.3,11,44,0.6,1.2,0.5,21,28,0,29.89,,0,0,0,71.1,70.0,67.8,0.35,0.41,0.36
ESSX,2017-08-21 00:10:00 EDT,44.31360,-73.37189,182,59.2,61.2,59.2,100.0,59.2,0.000,0.000,0.00,0.000,1.0,2.3,0.7,245,47,1.3,2.8,0.6,254,59,1.0,2.3,0.7,245,47,0,29.89,,0,0,0,71.1,70.0,67.8,0.35,0.42,0.36
ESSX,2017-08-21 00:15:00 EDT,44.31360,-73.37189,182,59.1,61.4,59.1,99.8,59.1,0.000,0.000,0.00,0.000,2.2,5.3,1.2,226,31,2.4,5.8,1.3,227,29,2.2,5.3,1.2,226,31,0,29.89,,0,0,0,71.1,70.0,67.8,0.35,0.41,0.36
ESSX,2017-08-21 00:20:00 EDT,44.31360,-73.37189,182,59.4,61.8,59.4,99.4,59.2,0.000,0.000,0.00,0.000,1.4,3.0,0.8,216,39,1.6,2.9,0.6,208,45,1.4,3.0,0.8,216,39,0,29.89,,0,0,0,71.0,70.0,67.8,0.35,0.42,0.36
ESSX,2017-08-21 00:25:00 EDT,44.31360,-73.37189,182,59.1,62.1,59.1,98.6,58.7,0.000,0.000,0.00,0.000,2.0,3.1,0.4,228,25,2.2,4.0,0.5,229,24,2.0,3.1,0.4,228,25,0,29.89,,0,0,0,71.0,70.0,67.8,0.35,0.41,0.36
ESSX,2017-08-21 00:30:00 EDT,44.31360,-73.37189,182,58.7,62.5,58.7,99.3,58.5,0.000,0.000,0.00,0.000,2.4,4.0,0.6,220,14,2.5,4.6,0.7,220,13,2.4,4.0,0.6,220,14,0,29.89,,0,0,0,70.7,70.0,67.8,0.35,0.42,0.36
ESSX,2017-08-21 00:35:00 EDT,44.31360,-73.37189,182,58.8,62.1,58.8,99.7,58.7,0.000,0.000,0.00,0.000,1.8,2.8,0.5,224,22,2.0,2.8,0.4,223,21,1.8,2.8,0.5,224,22,0,29.90,,0,0,0,70.7,70.0,67.8,0.34,0.41,0.36
ESSX,2017-08-21 00:40:00 EDT,44.31360,-73.37189,182,59.0,61.9,59.0,100.0,59.0,0.000,0.000,0.00,0.000,1.1,2.3,0.5,192,25,1.4,2.8,0.4,190,27,1.1,2.3,0.5,192,25,0,29.90,,0,0,0,70.7,70.0,67.8,0.35,0.41,0.36
ESSX,2017-08-21 00:45:00 EDT,44.31360,-73.37189,182,59.0,61.0,59.0,100.0,59.0,0.000,0.000,0.00,0.000,0.7,1.2,0.3,220,28,1.0,1.6,0.2,228,32,0.7,1.2,0.3,220,28,0,29.90,,0,0,0,70.7,70.0,67.8,0.34,0.41,0.36
ESSX,2017-08-21 00:50:00 EDT,44.31360,-73.37189,182,58.9,61.1,58.9,99.8,58.9,0.000,0.000,0.00,0.000,0.5,1.2,0.4,127,48,0.9,1.5,0.3,111,58,0.5,1.2,0.4,127,48,0,29.90,,0,0,0,70.7,70.0,67.8,0.35,0.41,0.36
ESSX,2017-08-21 00:55:00 EDT,44.31360,-73.37189,182,58.4,60.6,58.4,99.7,58.3,0.000,0.000,0.00,0.000,1.0,1.7,0.4,185,23,1.3,2.0,0.4,185,22,1.0,1.7,0.4,185,23,0,29.90,,0,0,0,70.7,70.0,67.8,0.34,0.41,0.36
ESSX,2017-08-21 01:00:00 EDT,44.31360,-73.37189,182,58.5,60.0,58.5,100.0,58.5,0.000,0.000,0.00,0.000,1.9,2.9,0.7,193,16,2.1,3.3,0.6,194,18,1.9,2.9,0.7,193,16,0,29.90,,0,0,0,70.7,70.0,67.8,0.34,0.41,0.36
ESSX,2017-08-21 01:05:00 EDT,44.31360,-73.37189,182,59.0,60.1,59.0,100.0,59.0,0.000,0.000,0.00,0.000,2.1,2.6,0.2,203,9,2.3,2.9,0.3,205,9,2.1,2.6,0.2,203,9,0,29.90,,0,0,0,70.7,70.0,67.8,0.34,0.42,0.36
ESSX,2017-08-21 01:10:00 EDT,44.31360,-73.37189,182,58.6,60.6,58.6,100.0,58.6,0.000,0.000,0.00,0.000,1.1,1.8,0.3,166,30,1.3,1.9,0.3,162,30,1.1,1.8,0.3,166,30,0,29.90,,0,0,0,70.7,70.0,67.8,0.34,0.42,0.36
ESSX,2017-08-21 01:15:00 EDT,44.31360,-73.37189,182,58.8,61.0,58.8,100.0,58.8,0.000,0.000,0.00,0.000,0.7,1.5,0.5,232,20,1.1,1.8,0.3,239,35,0.7,1.5,0.5,232,20,0,29.90,,0,0,0,70.6,70.0,67.8,0.34,0.41,0.36
ESSX,2017-08-21 01:20:00 EDT,44.31360,-73.37189,182,58.3,60.4,58.3,99.9,58.3,0.000,0.000,0.00,0.000,0.0,0.0,0.0,0,0,0.6,1.1,0.2,360,18,0.0,0.0,0.0,0,0,0,29.90,,0,0,0,70.4,70.0,67.8,0.34,0.42,0.36
ESSX,2017-08-21 01:25:00 EDT,44.31360,-73.37189,182,57.9,60.1,57.9,99.9,57.9,0.000,0.000,0.00,0.000,2.1,4.4,1.7,78,9,2.8,5.1,1.5,69,32,2.1,4.4,1.7,78,9,0,29.91,,0,0,0,70.3,70.0,67.8,0.34,0.41,0.36
ESSX,2017-08-21 01:30:00 EDT,44.31360,-73.37189,182,57.8,59.6,57.8,100.0,57.8,0.000,0.000,0.00,0.000,0.6,3.3,0.8,132,17,0.9,3.4,0.7,140,41,0.6,3.3,0.8,132,17,0,29.91,,0,0,0,70.3,70.0,67.8,0.34,0.42,0.36
ESSX,2017-08-21 01:35:00 EDT,44.31360,-73.37189,182,58.2,59.9,58.2,100.0,58.2,0.000,0.000,0.00,0.000,0.2,1.3,0.4,120,15,0.7,1.7,0.3,124,64,0.2,1.3,0.4,120,15,0,29.91,,0,0,0,70.3,70.0,67.8,0.34,0.41,0.36
ESSX,2017-08-21 01:40:00 EDT,44.31360,-73.37189,182,58.5,60.3,58.5,100.0,58.5,0.000,0.000,0.00,0.000,2.3,3.1,0.6,257,14,2.6,3.6,0.6,257,14,2.3,3.1,0.6,257,14,0,29.90,,0,0,0,70.3,70.0,67.8,0.34,0.41,0.36
ESSX,2017-08-21 01:45:00 EDT,44.31360,-73.37189,182,58.0,60.9,58.0,99.8,58.0,0.000,0.000,0.00,0.000,1.0,1.6,0.3,208,29,1.4,1.9,0.3,206,31,1.0,1.6,0.3,208,29,0,29.91,,0,0,0,70.3,70.0,67.8,0.34,0.42,0.36
ESSX,2017-08-21 01:50:00 EDT,44.31360,-73.37189,182,58.4,60.5,58.4,100.0,58.4,0.000,0.000,0.00,0.000,1.1,1.8,0.3,183,29,1.3,2.1,0.3,176,28,1.1,1.8,0.3,183,29,0,29.91,,0,0,0,70.3,70.0,67.8,0.34,0.41,0.36
ESSX,2017-08-21 01:55:00 EDT,44.31360,-73.37189,182,57.8,60.3,57.8,100.0,57.8,0.000,0.000,0.00,0.000,1.6,2.3,0.3,174,13,1.9,2.7,0.3,172,17,1.6,2.3,0.3,174,13,0,29.91,,0,0,0,70.2,70.0,67.8,0.34,0.41,0.36
ESSX,2017-08-21 02:00:00 EDT,44.31360,-73.37189,182,58.2,60.3,58.2,100.0,58.2,0.000,0.000,0.00,0.000,0.7,1.6,0.5,155,8,1.1,1.9,0.3,168,15,0.7,1.6,0.5,155,8,0,29.91,,0,0,0,70.0,70.0,67.8,0.34,0.41,0.36
ESSX,2017-08-21 02:05:00 EDT,44.31360,-73.37189,182,58.2,60.6,58.2,100.0,58.2,0.000,0.000,0.00,0.000,1.3,1.7,0.2,145,10,1.4,1.9,0.2,143,10,1.3,1.7,0.2,145,10,0,29.90,,0,0,0,70.0,70.0,67.8,0.34,0.42,0.36
ESSX,2017-08-21 02:10:00 EDT,44.31360,-73.37189,182,58.7,61.0,58.7,100.0,58.7,0.000,0.000,0.00,0.000,1.3,2.0,0.2,181,12,1.7,3.1,0.4,180,14,1.3,2.0,0.2,181,12,0,29.90,,0,0,0,70.0,70.0,67.8,0.34,0.42,0.36
ESSX,2017-08-21 02:15:00 EDT,44.31360,-73.37189,182,58.0,61.3,58.0,100.0,58.0,0.000,0.000,0.00,0.000,1.1,1.9,0.3,169,8,1.4,2.1,0.3,169,11,1.1,1.9,0.3,169,8,0,29.90,,0,0,0,70.0,70.0,67.8,0.34,0.41,0.36
ESSX,2017-08-21 02:20:00 EDT,44.31360,-73.37189,182,57.9,61.5,57.9,100.0,57.9,0.000,0.000,0.00,0.000,1.6,2.4,0.3,170,12,1.9,2.9,0.3,169,14,1.6,2.4,0.3,170,12,0,29.90,,0,0,0,70.0,70.0,67.8,0.34,0.41,0.36
ESSX,2017-08-21 02:25:00 EDT,44.31360,-73.37189,182,57.2,60.4,57.2,100.0,57.2,0.000,0.000,0.00,0.000,1.1,1.9,0.6,97,17,1.4,2.4,0.5,96,20,1.1,1.9,0.6,97,17,0,29.90,,0,0,0,70.0,70.0,67.8,0.34,0.42,0.36
ESSX,2017-08-21 02:30:00 EDT,44.31360,-73.37189,182,56.9,59.6,56.9,100.0,56.9,0.000,0.000,0.00,0.000,0.0,0.0,0.0,0,0,0.4,0.9,0.2,49,67,0.0,0.0,0.0,0,0,0,29.90,,0,0,0,70.0,70.0,67.8,0.34,0.41,0.36
ESSX,2017-08-21 02:35:00 EDT,44.31360,-73.37189,182,57.7,59.5,57.7,100.0,57.7,0.000,0.000,0.00,0.000,0.0,0.0,0.0,0,0,0.6,1.1,0.2,13,25,0.0,0.0,0.0,0,0,0,29.90,,0,0,0,70.0,70.0,67.8,0.34,0.42,0.36
ESSX,2017-08-21 02:40:00 EDT,44.31360,-73.37189,182,57.5,59.7,57.5,100.0,57.5,0.000,0.000,0.00,0.000,0.2,1.4,0.4,196,5,0.5,1.7,0.4,216,61,0.2,1.4,0.4,196,5,0,29.90,,0,0,0,70.0,70.0,67.8,0.34,0.41,0.36
ESSX,2017-08-21 02:45:00 EDT,44.31360,-73.37189,182,57.4,59.6,57.4,100.0,57.4,0.000,0.000,0.00,0.000,1.6,2.8,0.4,195,15,1.8,3.3,0.4,197,16,1.6,2.8,0.4,195,15,0,29.90,,0,0,0,70.0,70.0,67.8,0.35,0.42,0.36
ESSX,2017-08-21 02:50:00 EDT,44.31360,-73.37189,182,58.4,60.0,58.4,100.0,58.4,0.000,0.000,0.00,0.000,1.3,2.0,0.3,197,20,1.5,2.4,0.3,196,19,1.3,2.0,0.3,197,20,0,29.90,,0,0,0,69.7,70.0,67.8,0.34,0.41,0.36
ESSX,2017-08-21 02:55:00 EDT,44.31360,-73.37189,182,57.9,59.8,57.9,100.0,57.9,0.000,0.000,0.00,0.000,0.9,2.0,0.5,110,37,1.2,2.2,0.3,98,37,0.9,2.0,0.5,110,37,0,29.90,,0,0,0,69.6,70.0,67.8,0.35,0.42,0.36
ESSX,2017-08-21 03:00:00 EDT,44.31360,-73.37189,182,56.9,59.5,56.9,100.0,56.9,0.000,0.000,0.00,0.000,1.5,2.2,0.4,34,20,1.8,2.8,0.4,31,16,1.5,2.2,0.4,34,20,0,29.90,,0,0,0,69.6,70.0,67.8,0.35,0.41,0.36
ESSX,2017-08-21 03:05:00 EDT,44.31360,-73.37189,182,57.3,59.8,57.3,100.0,57.3,0.000,0.000,0.00,0.000,0.9,1.6,0.4,59,22,1.2,1.9,0.3,59,21,0.9,1.6,0.4,59,22,0,29.90,,0,0,0,69.6,70.0,67.8,0.35,0.42,0.36
ESSX,2017-08-21 03:10:00 EDT,44.31360,-73.37189,182,57.9,61.5,57.9,100.0,57.9,0.000,0.000,0.00,0.000,1.3,2.8,0.7,158,34,1.6,3.9,0.7,153,38,1.3,2.8,0.7,158,34,0,29.90,,0,0,0,69.6,70.0,67.8,0.35,0.41,0.36
ESSX,2017-08-21 03:15:00 EDT,44.31360,-73.37189,182,58.0,62.0,58.0,100.0,58.0,0.000,0.000,0.00,0.000,1.7,3.0,0.7,146,16,1.9,3.2,0.6,145,18,1.7,3.0,0.7,146,16,0,29.90,,0,0,0,69.6,70.0,67.8,0.35,0.42,0.36
ESSX,2017-08-21 03:20:00 EDT,44.31360,-73.37189,182,57.5,61.7,57.5,100.0,57.5,0.000,0.000,0.00,0.000,0.5,2.1,0.6,164,11,0.9,2.5,0.6,165,43,0.5,2.1,0.6,164,11,0,29.90,,0,0,0,69.6,70.0,67.8,0.34,0.42,0.36
ESSX,2017-08-21 03:25:00 EDT,44.31360,-73.37189,182,58.6,62.2,58.6,100.0,58.6,0.000,0.000,0.00,0.000,1.8,4.0,1.1,213,12,2.1,5.0,1.0,215,15,1.8,4.0,1.1,213,12,0,29.90,,0,0,0,69.6,70.0,67.8,0.34,0.42,0.36
ESSX,2017-08-21 03:30:00 EDT,44.31360,-73.37189,182,59.0,62.7,59.0,100.0,59.0,0.000,0.000,0.00,0.000,3.0,4.8,0.9,198,17,3.3,6.4,1.1,198,15,3.0,4.8,0.9,198,17,0,29.91,,0,0,0,69.6,70.0,67.8,0.35,0.41,0.36
ESSX,2017-08-21 03:35:00 EDT,44.31360,-73.37189,182,60.2,62.9,60.2,99.4,60.0,0.000,0.000,0.00,0.000,2.2,4.4,0.9,166,19,2.5,5.3,0.9,165,19,2.2,4.4,0.9,166,19,0,29.91,,0,0,0,69.4,70.0,67.8,0.34,0.41,0.36
ESSX,2017-08-21 03:40:00 EDT,44.31360,-73.37189,182,60.0,62.7,60.0,97.2,59.2,0.000,0.000,0.00,0.000,2.2,3.2,0.5,130,22,2.5,4.0,0.6,127,22,2.2,3.2,0.5,130,22,0,29.91,,0,0,0,69.3,70.0,67.8,0.34,0.42,0.36
ESSX,2017-08-21 03:45:00 EDT,44.31360,-73.37189,182,60.0,62.3,60.0,97.3,59.2,0.000,0.000,0.00,0.000,0.6,2.7,0.7,127,26,1.1,2.8,0.5,94,52,0.6,2.7,0.7,127,26,0,29.91,,0,0,0,69.3,70.0,67.8,0.34,0.41,0.36
ESSX,2017-08-21 03:50:00 EDT,44.31360,-73.37189,182,59.8,62.1,59.8,96.8,58.8,0.000,0.000,0.00,0.000,1.0,2.3,0.7,52,25,1.4,2.8,0.6,40,28,1.0,2.3,0.7,52,25,0,29.91,,0,0,0,69.3,70.0,67.8,0.34,0.42,0.36
ESSX,2017-08-21 03:55:00 EDT,44.31360,-73.37189,182,59.5,61.5,59.5,98.6,59.1,0.000,0.000,0.00,0.000,0.6,1.6,0.4,79,49,1.0,2.1,0.4,77,62,0.6,1.6,0.4,79,49,0,29.91,,0,0,0,69.3,70.0,67.8,0.34,0.41,0.36
ESSX,2017-08-21 04:00:00 EDT,44.31360,-73.37189,182,59.5,61.7,59.5,98.7,59.1,0.000,0.000,0.00,0.000,0.9,1.9,0.4,120,19,1.2,2.1,0.4,115,25,0.9,1.9,0.4,120,19,0,29.91,,0,0,0,69.3,70.0,67.8,0.34,0.41,0.36
ESSX,2017-08-21 04:05:00 EDT,44.31360,-73.37189,182,59.1,61.9,59.1,98.9,58.8,0.000,0.000,0.00,0.000,1.2,3.0,0.6,111,17,1.5,3.3,0.6,109,21,1.2,3.0,0.6,111,17,0,29.91,,0,0,0,69.3,70.0,67.8,0.34,0.42,0.36
ESSX,2017-08-21 04:10:00 EDT,44.31360,-73.37189,182,59.8,61.8,59.8,99.3,59.7,0.000,0.000,0.00,0.000,1.7,3.1,0.7,111,21,1.9,5.0,0.8,108,24,1.7,3.1,0.7,111,21,0,29.91,,0,0,0,69.3,70.0,67.8,0.34,0.41,0.36
ESSX,2017-08-21 04:15:00 EDT,44.31360,-73.37189,182,59.6,61.4,59.6,98.4,59.1,0.000,0.000,0.00,0.000,0.7,2.1,0.6,333,21,1.3,2.9,0.6,335,30,0.7,2.1,0.6,333,21,0,29.91,,0,0,0,69.3,70.0,67.8,0.34,0.42,0.36
ESSX,2017-08-21 04:20:00 EDT,44.31360,-73.37189,182,59.6,62.0,59.6,98.8,59.3,0.000,0.000,0.00,0.000,0.8,2.2,0.7,95,29,1.3,2.6,0.5,82,50,0.8,2.2,0.7,95,29,0,29.91,,0,0,0,69.3,70.0,67.8,0.34,0.42,0.36
ESSX,2017-08-21 04:25:00 EDT,44.31360,-73.37189,182,59.2,61.9,59.2,99.1,58.9,0.000,0.000,0.00,0.000,0.6,2.1,0.6,103,20,1.1,2.5,0.5,74,41,0.6,2.1,0.6,103,20,0,29.91,,0,0,0,69.2,70.0,67.8,0.34,0.41,0.36
ESSX,2017-08-21 04:30:00 EDT,44.31360,-73.37189,182,59.0,61.4,59.0,98.8,58.7,0.000,0.000,0.00,0.000,1.1,2.2,0.5,60,16,1.5,2.4,0.5,60,16,1.1,2.2,0.5,60,16,0,29.91,,0,0,0,69.2,70.0,67.8,0.34,0.42,0.36
ESSX,2017-08-21 04:35:00 EDT,44.31360,-73.37189,182,59.6,61.1,59.6,99.9,59.6,0.000,0.000,0.00,0.000,0.8,1.4,0.3,355,32,1.3,2.2,0.3,355,30,0.8,1.4,0.3,355,32,0,29.91,,0,0,0,69.1,70.0,67.8,0.34,0.41,0.36
ESSX,2017-08-21 04:40:00 EDT,44.31360,-73.37189,182,59.5,61.2,59.5,99.8,59.5,0.000,0.000,0.00,0.000,1.7,2.2,0.3,3,19,2.1,2.7,0.3,2,19,1.7,2.2,0.3,3,19,0,29.91,,0,0,0,68.9,70.0,67.8,0.34,0.41,0.36
ESSX,2017-08-21 04:45:00 EDT,44.31360,-73.37189,182,58.7,61.1,58.7,99.6,58.6,0.000,0.000,0.00,0.000,1.1,2.1,0.6,50,15,1.3,2.3,0.6,49,18,1.1,2.1,0.6,50,15,0,29.91,,0,0,0,68.9,70.0,67.8,0.34,0.42,0.36
ESSX,2017-08-21 04:50:00 EDT,44.31360,-73.37189,182,58.6,60.9,58.6,99.9,58.6,0.000,0.000,0.00,0.000,1.0,2.4,1.0,115,5,1.4,2.7,0.8,115,27,1.0,2.4,1.0,115,5,0,29.91,,0,0,0,68.9,70.0,67.8,0.34,0.42,0.36
ESSX,2017-08-21 04:55:00 EDT,44.31360,-73.37189,182,57.9,60.3,57.9,99.8,57.8,0.000,0.000,0.00,0.000,0.9,2.6,0.8,150,30,1.2,3.1,0.7,162,55,0.9,2.6,0.8,150,30,0,29.91,,0,0,0,68.9,70.0,67.8,0.34,0.41,0.36
ESSX,2017-08-21 05:00:00 EDT,44.31360,-73.37189,182,58.8,60.5,58.8,100.0,58.8,0.000,0.000,0.00,0.000,2.9,4.5,1.1,327,9,3.1,4.9,1.1,329,9,2.9,4.5,1.1,327,9,0,29.92,,0,0,0,68.9,70.0,67.8,0.34,0.41,0.36
ESSX,2017-08-21 05:05:00 EDT,44.31360,-73.37189,182,58.8,61.5,58.8,100.0,58.8,0.000,0.000,0.00,0.000,1.3,5.0,1.2,189,28,1.8,6.0,1.2,187,30,1.3,5.0,1.2,189,28,0,29.92,,0,0,0,68.9,70.0,67.8,0.34,0.41,0.36
ESSX,2017-08-21 05:10:00 EDT,44.31360,-73.37189,182,59.5,62.0,59.5,100.0,59.5,0.000,0.000,0.00,0.000,2.3,3.7,0.6,200,18,2.5,4.9,0.6,201,18,2.3,3.7,0.6,200,18,0,29.92,,0,0,0,68.9,70.0,67.8,0.34,0.41,0.36
ESSX,2017-08-21 05:15:00 EDT,44.31360,-73.37189,182,59.8,61.6,59.8,100.0,59.8,0.000,0.000,0.00,0.000,3.7,6.4,1.3,170,17,4.1,7.8,1.4,171,16,3.7,6.4,1.3,170,17,0,29.92,,0,0,0,68.9,70.0,67.8,0.34,0.41,0.36
ESSX,2017-08-21 05:20:00 EDT,44.31360,-73.37189,182,60.5,61.5,60.5,100.0,60.5,0.000,0.000,0.00,0.000,1.7,4.9,1.2,190,38,2.1,5.4,1.3,193,41,1.7,4.9,1.2,190,38,0,29.91,,0,0,0,68.9,70.0,67.8,0.34,0.42,0.36
ESSX,2017-08-21 05:25:00 EDT,44.31360,-73.37189,182,60.7,62.0,60.7,99.3,60.5,0.000,0.000,0.00,0.000,3.5,6.9,1.1,180,29,3.8,8.1,1.2,177,29,3.5,6.9,1.1,180,29,0,29.92,,0,0,0,68.8,70.0,67.8,0.34,0.41,0.36
ESSX,2017-08-21 05:30:00 EDT,44.31360,-73.37189,182,60.7,62.1,60.7,98.7,60.3,0.000,0.000,0.00,0.000,1.4,3.4,1.0,155,35,1.8,4.5,0.9,149,51,1.4,3.4,1.0,155,35,0,29.92,,0,0,0,68.6,70.0,67.8,0.34,0.41,0.36
ESSX,2017-08-21 05:35:00 EDT,44.31360,-73.37189,182,60.9,62.2,60.9,98.6,60.5,0.000,0.000,0.00,0.000,1.5,3.7,0.9,98,43,2.0,4.6,1.0,92,45,1.5,3.7,0.9,98,43,0,29.92,,0,0,0,68.5,70.0,67.8,0.34,0.42,0.36
ESSX,2017-08-21 05:40:00 EDT,44.31360,-73.37189,182,60.7,62.3,60.7,98.2,60.2,0.000,0.000,0.00,0.000,2.8,6.2,1.2,147,20,3.2,7.9,1.3,144,20,2.8,6.2,1.2,147,20,0,29.92,,0,0,0,68.5,70.0,67.8,0.34,0.41,0.36
ESSX,2017-08-21 05:45:00 EDT,44.31360,-73.37189,182,60.9,62.4,60.9,98.5,60.5,0.000,0.000,0.00,0.000,3.2,6.1,1.3,180,33,3.3,8.7,1.6,179,36,3.2,6.1,1.3,180,33,0,29.92,,0,0,0,68.5,70.0,67.8,0.34,0.42,0.36
ESSX,2017-08-21 05:50:00 EDT,44.31360,-73.37189,182,60.7,62.3,60.7,98.5,60.3,0.000,0.000,0.00,0.000,1.7,2.9,0.5,210,35,1.9,3.4,0.6,213,37,1.7,2.9,0.5,210,35,1,29.92,,0,0,0,68.5,70.0,67.8,0.34,0.41,0.36
ESSX,2017-08-21 05:55:00 EDT,44.31360,-73.37189,182,61.1,62.4,61.1,98.8,60.7,0.000,0.000,0.00,0.000,2.7,4.9,1.0,174,20,3.1,5.6,1.1,175,19,2.7,4.9,1.0,174,20,2,29.92,,0,0,0,68.5,70.0,67.8,0.34,0.42,0.36
ESSX,2017-08-21 06:00:00 EDT,44.31360,-73.37189,182,61.8,62.9,61.8,98.2,61.3,0.000,0.000,0.00,0.000,4.5,6.7,1.0,193,25,4.9,8.5,1.2,191,25,4.5,6.7,1.0,193,25,3,29.92,,0,0,0,68.5,70.0,67.8,0.34,0.41,0.36
ESSX,2017-08-21 06:05:00 EDT,44.31360,-73.37189,182,62.0,62.9,62.0,97.2,61.2,0.000,0.000,0.00,0.000,3.5,6.2,1.1,223,26,3.6,6.3,1.2,222,28,3.5,6.2,1.1,223,26,4,29.92,,0,0,0,68.5,70.0,67.8,0.34,0.41,0.36
ESSX,2017-08-21 06:10:00 EDT,44.31360,-73.37189,182,62.0,63.0,62.0,96.4,61.0,0.000,0.000,0.00,0.000,4.9,7.9,1.2,185,17,5.4,8.7,1.3,185,15,4.9,7.9,1.2,185,17,5,29.92,,0,0,0,68.5,70.0,67.8,0.34,0.41,0.36
ESSX,2017-08-21 06:15:00 EDT,44.31360,-73.37189,182,61.8,62.7,61.8,97.2,61.0,0.000,0.000,0.00,0.000,4.8,6.6,0.8,195,10,5.1,7.3,0.9,194,9,4.8,6.6,0.8,195,10,7,29.92,,0,0,0,68.5,70.0,67.8,0.34,0.41,0.36
ESSX,2017-08-21 06:20:00 EDT,44.31360,-73.37189,182,61.7,62.5,61.7,97.6,61.0,0.000,0.000,0.00,0.000,4.9,7.5,1.1,195,11,5.4,8.2,1.1,195,10,4.9,7.5,1.1,195,11,10,29.92,,0,0,0,68.5,70.0,67.8,0.34,0.41,0.36
ESSX,2017-08-21 06:25:00 EDT,44.31360,-73.37189,182,61.6,62.4,61.6,97.7,61.0,0.000,0.000,0.00,0.000,3.7,7.4,1.5,195,17,3.8,7.6,1.5,194,15,3.7,7.4,1.5,195,17,13,29.93,,0,0,0,68.5,70.0,67.8,0.34,0.41,0.36
ESSX,2017-08-21 06:30:00 EDT,44.31360,-73.37189,182,61.4,62.3,61.4,97.9,60.8,0.000,0.000,0.00,0.000,1.1,2.5,0.5,216,49,1.4,2.9,0.4,214,56,1.1,2.5,0.5,216,49,15,29.93,,0,0,0,68.5,70.0,67.8,0.34,0.41,0.36
ESSX,2017-08-21 06:35:00 EDT,44.31360,-73.37189,182,61.2,62.3,61.2,98.3,60.7,0.000,0.000,0.00,0.000,2.3,4.7,0.8,163,19,2.5,5.6,1.0,161,18,2.3,4.7,0.8,163,19,20,29.93,,0,0,0,68.5,70.0,67.8,0.34,0.41,0.36
ESSX,2017-08-21 06:40:00 EDT,44.31360,-73.37189,182,61.4,62.2,61.4,98.4,60.9,0.000,0.000,0.00,0.000,0.9,3.4,0.9,250,30,1.3,3.0,0.6,260,37,0.9,3.4,0.9,250,30,26,29.93,,0,0,0,68.5,70.0,67.8,0.34,0.41,0.36
ESSX,2017-08-21 06:45:00 EDT,44.31360,-73.37189,182,61.9,62.7,61.9,98.4,61.4,0.000,0.000,0.00,0.000,1.9,3.7,0.8,216,26,2.2,4.3,0.7,216,26,1.9,3.7,0.8,216,26,28,29.93,,0,0,0,68.5,70.0,67.8,0.34,0.41,0.36
ESSX,2017-08-21 06:50:00 EDT,44.31360,-73.37189,182,62.2,62.9,62.2,97.8,61.5,0.000,0.000,0.00,0.000,1.1,2.7,0.8,222,14,1.5,3.2,0.7,221,22,1.1,2.7,0.8,222,14,27,29.93,,0,0,0,68.5,70.0,67.8,0.34,0.41,0.36
ESSX,2017-08-21 06:55:00 EDT,44.31360,-73.37189,182,62.0,62.7,62.0,97.4,61.3,0.000,0.000,0.00,0.000,0.6,1.9,0.6,153,20,1.1,2.2,0.5,146,26,0.6,1.9,0.6,153,20,32,29.93,,0,0,0,68.5,70.0,67.9,0.34,0.41,0.36
ESSX,2017-08-21 07:00:00 EDT,44.31360,-73.37189,182,61.4,62.5,61.4,97.9,60.8,0.000,0.000,0.00,0.000,0.8,2.5,0.6,187,24,1.3,3.5,0.6,181,30,0.8,2.5,0.6,187,24,39,29.93,,0,0,0,68.4,70.0,67.9,0.34,0.41,0.36
ESSX,2017-08-21 07:05:00 EDT,44.31360,-73.37189,182,61.6,62.6,61.6,98.5,61.2,0.000,0.000,0.00,0.000,3.0,6.5,1.4,166,28,3.5,6.9,1.4,162,29,3.0,6.5,1.4,166,28,38,29.93,,0,0,0,68.4,70.0,67.9,0.34,0.41,0.36
ESSX,2017-08-21 07:10:00 EDT,44.31360,-73.37189,182,62.2,62.8,62.2,98.3,61.7,0.000,0.000,0.00,0.000,2.6,5.1,1.1,192,15,2.8,5.6,1.1,192,13,2.6,5.1,1.1,192,15,34,29.93,,0,0,0,68.3,70.0,67.9,0.34,0.41,0.36
ESSX,2017-08-21 07:15:00 EDT,44.31360,-73.37189,182,62.0,62.9,62.0,98.0,61.4,0.000,0.000,0.00,0.000,2.8,4.7,0.8,183,20,3.1,5.9,0.9,183,19,2.8,4.7,0.8,183,20,40,29.93,,0,0,0,68.2,70.0,67.9,0.34,0.41,0.36
ESSX,2017-08-21 07:20:00 EDT,44.31360,-73.37189,182,62.2,62.9,62.2,98.1,61.7,0.000,0.000,0.00,0.000,2.8,4.5,0.7,191,15,3.1,5.0,0.8,192,14,2.8,4.5,0.7,191,15,73,29.93,,0,0,0,68.2,70.0,67.9,0.34,0.41,0.36
ESSX,2017-08-21 07:25:00 EDT,44.31360,-73.37189,182,62.5,63.0,62.5,97.8,61.9,0.000,0.000,0.00,0.000,1.8,4.5,1.0,217,22,2.1,5.3,1.0,220,22,1.8,4.5,1.0,217,22,37,29.93,,0,0,0,68.2,70.0,67.9,0.34,0.41,0.36
ESSX,2017-08-21 07:30:00 EDT,44.31360,-73.37189,182,62.6,63.1,62.6,97.4,61.8,0.000,0.000,0.00,0.000,1.5,3.6,0.8,183,35,1.8,4.0,0.8,182,35,1.5,3.6,0.8,183,35,67,29.93,,0,0,0,68.2,70.0,67.9,0.34,0.41,0.36
ESSX,2017-08-21 07:35:00 EDT,44.31360,-73.37189,182,62.7,63.2,62.7,98.1,62.2,0.000,0.000,0.00,0.000,0.9,2.0,0.6,169,25,1.3,2.7,0.6,163,33,0.9,2.0,0.6,169,25,151,29.93,,0,0,0,68.2,70.0,67.9,0.34,0.41,0.36
ESSX,2017-08-21 07:40:00 EDT,44.31360,-73.37189,182,63.2,63.5,63.2,96.3,62.1,0.000,0.000,0.00,0.000,2.5,4.2,0.6,182,10,2.8,5.0,0.7,181,11,2.5,4.2,0.6,182,10,120,29.93,,0,0,0,68.2,70.0,67.9,0.34,0.41,0.36
ESSX,2017-08-21 07:45:00 EDT,44.31360,-73.37189,182,63.7,63.9,63.7,95.7,62.5,0.000,0.000,0.00,0.000,3.5,6.1,1.0,199,19,3.9,6.4,1.0,196,17,3.5,6.1,1.0,199,19,220,29.93,,0,0,0,68.2,70.0,67.9,0.34,0.41,0.36
ESSX,2017-08-21 07:50:00 EDT,44.31360,-73.37189,182,64.4,64.5,64.4,94.5,62.8,0.000,0.000,0.00,0.000,4.1,7.7,1.3,205,14,4.4,8.3,1.4,202,13,4.1,7.7,1.3,205,14,236,29.93,,0,0,0,68.2,70.0,67.9,0.34,0.41,0.36
ESSX,2017-08-21 07:55:00 EDT,44.31360,-73.37189,182,64.8,64.8,64.8,93.2,62.8,0.000,0.000,0.00,0.000,5.5,7.7,1.2,203,12,5.9,8.6,1.3,200,10,5.5,7.7,1.2,203,12,257,29.94,,0,0,0,68.2,70.0,67.9,0.34,0.41,0.36
ESSX,2017-08-21 08:00:00 EDT,44.31360,-73.37189,182,65.0,65.1,65.0,92.5,62.7,0.000,0.000,0.00,0.000,6.2,9.7,1.4,196,17,6.6,10.9,1.5,194,14,6.2,9.7,1.4,196,17,275,29.93,,0,0,0,68.2,70.0,67.9,0.34,0.41,0.36
ESSX,2017-08-21 08:05:00 EDT,44.31360,-73.37189,182,65.3,65.3,65.3,91.9,62.9,0.000,0.000,0.00,0.000,4.9,6.6,0.8,193,14,5.4,7.8,1.0,191,11,4.9,6.6,0.8,193,14,285,29.93,,0,0,0,68.2,69.9,67.9,0.34,0.41,0.36
ESSX,2017-08-21 08:10:00 EDT,44.31360,-73.37189,182,65.6,65.6,65.6,91.6,63.1,0.000,0.000,0.00,0.000,5.3,7.9,1.3,191,15,5.7,8.7,1.3,191,14,5.3,7.9,1.3,191,15,283,29.93,,0,0,0,68.2,69.9,68.0,0.34,0.42,0.36
ESSX,2017-08-21 08:15:00 EDT,44.31360,-73.37189,182,65.8,65.9,65.8,91.3,63.1,0.000,0.000,0.00,0.000,4.6,7.2,1.0,196,13,4.9,7.9,1.1,195,11,4.6,7.2,1.0,196,13,275,29.93,,0,0,0,68.2,69.8,67.9,0.34,0.41,0.36
ESSX,2017-08-21 08:20:00 EDT,44.31360,-73.37189,182,66.2,66.1,66.2,91.1,63.5,0.000,0.000,0.00,0.000,4.6,8.2,1.2,198,17,5.1,9.3,1.3,197,15,4.6,8.2,1.2,198,17,320,29.93,,0,0,0,68.2,69.7,68.0,0.34,0.41,0.36
ESSX,2017-08-21 08:25:00 EDT,44.31360,-73.37189,182,66.4,66.2,66.4,89.8,63.3,0.000,0.000,0.00,0.000,7.0,10.0,1.3,189,11,7.3,11.7,1.4,188,9,7.0,10.0,1.3,189,11,336,29.93,,0,0,0,68.2,69.7,68.0,0.34,0.41,0.36
ESSX,2017-08-21 08:30:00 EDT,44.31360,-73.37189,182,66.5,66.4,66.5,88.1,62.9,0.000,0.000,0.00,0.000,7.3,11.6,1.7,194,13,7.8,11.9,1.7,194,10,7.3,11.6,1.7,194,13,344,29.93,,0,0,0,68.2,69.7,67.9,0.34,0.42,0.36
ESSX,2017-08-21 08:35:00 EDT,44.31360,-73.37189,182,67.0,66.8,67.0,88.5,63.5,0.000,0.000,0.00,0.000,7.1,11.0,1.4,193,12,7.7,12.2,1.5,192,9,7.1,11.0,1.4,193,12,361,29.93,,0,0,0,68.2,69.6,67.9,0.34,0.41,0.36
ESSX,2017-08-21 08:40:00 EDT,44.31360,-73.37189,182,67.2,67.1,67.2,86.9,63.1,0.000,0.000,0.00,0.000,7.3,9.9,1.5,194,15,7.9,12.1,1.9,193,12,7.3,9.9,1.5,194,15,373,29.92,,0,0,0,68.2,69.6,68.0,0.34,0.41,0.36
ESSX,2017-08-21 08:45:00 EDT,44.31360,-73.37189,182,67.6,67.4,67.6,87.3,63.7,0.000,0.000,0.00,0.000,7.0,10.7,2.0,189,14,7.7,13.5,2.1,188,13,7.0,10.7,2.0,189,14,386,29.93,,0,0,0,68.2,69.6,67.9,0.34,0.41,0.36
ESSX,2017-08-21 08:50:00 EDT,44.31360,-73.37189,182,67.6,67.4,67.6,85.2,63.0,0.000,0.000,0.00,0.000,8.2,12.1,1.9,186,10,8.9,13.8,2.1,186,8,8.2,12.1,1.9,186,10,403,29.93,,0,0,0,68.2,69.6,68.0,0.34,0.41,0.36
ESSX,2017-08-21 08:55:00 EDT,44.31360,-73.37189,182,67.9,67.7,67.9,85.9,63.5,0.000,0.000,0.00,0.000,5.6,9.1,1.3,193,16,6.2,10.7,1.6,192,14,5.6,9.1,1.3,193,16,419,29.92,,0,0,0,68.2,69.6,68.0,0.34,0.42,0.36
ESSX,2017-08-21 09:00:00 EDT,44.31360,-73.37189,182,68.2,67.9,68.2,85.8,63.8,0.000,0.000,0.00,0.000,6.2,9.6,1.6,201,11,6.7,10.4,1.7,199,10,6.2,9.6,1.6,201,11,436,29.92,,0,0,0,68.2,69.6,67.9,0.34,0.41,0.36
ESSX,2017-08-21 09:05:00 EDT,44.31360,-73.37189,182,68.3,68.0,68.3,84.8,63.5,0.000,0.000,0.00,0.000,6.6,9.4,1.4,201,13,7.1,10.2,1.5,198,11,6.6,9.4,1.4,201,13,449,29.92,,0,0,0,68.2,69.6,67.9,0.34,0.41,0.36
ESSX,2017-08-21 09:10:00 EDT,44.31360,-73.37189,182,68.6,68.2,68.6,85.0,63.9,0.000,0.000,0.00,0.000,6.8,10.4,1.4,190,12,7.3,11.2,1.5,190,9,6.8,10.4,1.4,190,12,461,29.92,,0,0,0,68.2,69.6,68.1,0.34,0.42,0.36
ESSX,2017-08-21 09:15:00 EDT,44.31360,-73.37189,182,68.6,68.2,68.6,83.4,63.4,0.000,0.000,0.00,0.000,7.7,10.3,1.5,194,11,8.2,12.0,1.7,192,9,7.7,10.3,1.5,194,11,471,29.92,,0,0,0,68.2,69.6,68.0,0.34,0.42,0.36
ESSX,2017-08-21 09:20:00 EDT,44.31360,-73.37189,182,68.9,68.6,68.9,83.5,63.7,0.000,0.000,0.00,0.000,6.9,10.2,1.4,190,11,7.5,12.0,1.6,190,10,6.9,10.2,1.4,190,11,480,29.92,,0,0,0,68.2,69.6,68.1,0.34,0.41,0.36
ESSX,2017-08-21 09:25:00 EDT,44.31360,-73.37189,182,69.5,69.0,69.5,83.3,64.2,0.000,0.000,0.00,0.000,6.7,10.4,1.5,195,15,7.2,11.2,1.5,194,14,6.7,10.4,1.5,195,15,500,29.92,,0,0,0,68.2,69.6,68.1,0.34,0.41,0.36
ESSX,2017-08-21 09:30:00 EDT,44.31360,-73.37189,182,69.9,69.5,69.9,82.7,64.4,0.000,0.000,0.00,0.000,5.7,8.8,1.4,206,13,6.1,9.6,1.4,203,12,5.7,8.8,1.4,206,13,515,29.92,,0,0,0,68.2,69.6,68.0,0.34,0.42,0.36
ESSX,2017-08-21 09:35:00 EDT,44.31360,-73.37189,182,70.2,69.7,70.2,80.7,64.0,0.000,0.000,0.00,0.000,7.7,11.0,1.6,202,12,8.3,11.9,1.6,200,11,7.7,11.0,1.6,202,12,533,29.91,,0,0,0,68.2,69.6,68.0,0.34,0.41,0.36
ESSX,2017-08-21 09:40:00 EDT,44.31360,-73.37189,182,70.8,70.1,70.8,81.1,64.8,0.000,0.000,0.00,0.000,6.9,10.7,2.0,185,13,7.7,12.6,2.2,185,12,6.9,10.7,2.0,185,13,556,29.91,,0,0,0,68.2,69.6,68.0,0.34,0.41,0.36
ESSX,2017-08-21 09:45:00 EDT,44.31360,-73.37189,182,70.8,70.2,70.8,79.6,64.2,0.000,0.000,0.00,0.000,6.8,11.1,2.1,190,12,7.3,12.7,2.3,189,10,6.8,11.1,2.1,190,12,577,29.91,,0,0,0,68.3,69.6,68.0,0.34,0.41,0.36
ESSX,2017-08-21 09:50:00 EDT,44.31360,-73.37189,182,71.6,71.0,71.6,79.2,64.8,0.000,0.000,0.00,0.000,5.3,8.3,1.9,181,15,5.8,9.3,2.1,178,13,5.3,8.3,1.9,181,15,571,29.91,,0,0,0,68.5,69.6,68.0,0.34,0.41,0.36
ESSX,2017-08-21 09:55:00 EDT,44.31360,-73.37189,182,71.8,71.2,71.8,78.9,64.9,0.000,0.000,0.00,0.000,6.3,10.7,1.8,191,15,6.7,10.8,2.0,190,14,6.3,10.7,1.8,191,15,573,29.91,,0,0,0,68.5,69.6,68.0,0.34,0.41,0.36
ESSX,2017-08-21 10:00:00 EDT,44.31360,-73.37189,182,71.8,71.2,71.8,78.8,64.8,0.000,0.000,0.00,0.000,7.3,12.2,2.3,191,13,8.0,13.8,2.4,190,12,7.3,12.2,2.3,191,13,567,29.91,,0,0,0,68.5,69.6,68.0,0.34,0.41,0.36
ESSX,2017-08-21 10:05:00 EDT,44.31360,-73.37189,182,71.8,71.2,71.8,78.4,64.7,0.000,0.000,0.00,0.000,8.5,12.5,1.6,195,12,8.9,12.5,1.8,193,9,8.5,12.5,1.6,195,12,602,29.91,,0,0,0,68.5,69.6,68.0,0.34,0.41,0.36
ESSX,2017-08-21 10:10:00 EDT,44.31360,-73.37189,182,71.7,71.2,71.7,79.2,64.9,0.000,0.000,0.00,0.000,7.5,11.2,1.9,192,12,8.1,12.9,2.0,192,11,7.5,11.2,1.9,192,12,487,29.91,,0,0,0,68.5,69.6,68.1,0.34,0.41,0.36
ESSX,2017-08-21 10:15:00 EDT,44.31360,-73.37189,182,72.2,71.6,72.2,79.2,65.4,0.000,0.000,0.00,0.000,6.8,11.0,1.9,185,15,7.5,12.8,2.0,185,13,6.8,11.0,1.9,185,15,652,29.91,,0,0,0,68.5,69.6,68.0,0.34,0.41,0.36
ESSX,2017-08-21 10:20:00 EDT,44.31360,-73.37189,182,72.8,72.2,72.8,77.4,65.3,0.000,0.000,0.00,0.000,6.8,11.0,1.9,197,13,7.4,11.7,1.9,196,10,6.8,11.0,1.9,197,13,653,29.91,,0,0,0,68.5,69.6,68.0,0.34,0.41,0.36
ESSX,2017-08-21 10:25:00 EDT,44.31360,-73.37189,182,73.4,72.7,73.4,77.7,66.1,0.000,0.000,0.00,0.000,6.5,10.8,1.6,189,22,7.1,11.0,1.7,188,20,6.5,10.8,1.6,189,22,655,29.91,,0,0,0,68.5,69.6,68.1,0.34,0.41,0.36
ESSX,2017-08-21 10:30:00 EDT,44.31360,-73.37189,182,73.5,72.7,73.5,75.7,65.3,0.000,0.000,0.00,0.000,8.1,11.9,1.8,196,13,8.7,12.6,1.7,194,11,8.1,11.9,1.8,196,13,643,29.91,,0,0,0,68.5,69.6,68.0,0.34,0.41,0.36
ESSX,2017-08-21 10:35:00 EDT,44.31360,-73.37189,182,73.6,72.9,73.6,75.7,65.4,0.000,0.000,0.00,0.000,7.6,10.7,1.7,189,14,8.3,12.0,1.8,187,12,7.6,10.7,1.7,189,14,672,29.91,,0,0,0,68.5,69.6,68.1,0.34,0.41,0.36
ESSX,2017-08-21 10:40:00 EDT,44.31360,-73.37189,182,74.6,73.5,74.6,74.9,66.1,0.000,0.000,0.00,0.000,6.4,10.5,1.6,187,12,7.0,12.6,1.8,186,11,6.4,10.5,1.6,187,12,685,29.91,,0,0,0,68.5,69.6,68.1,0.34,0.41,0.36
ESSX,2017-08-21 10:45:00 EDT,44.31360,-73.37189,182,74.6,73.9,74.6,74.4,65.9,0.000,0.000,0.00,0.000,7.1,10.1,1.5,202,15,7.6,10.6,1.5,201,15,7.1,10.1,1.5,202,15,695,29.91,,0,0,0,68.6,69.6,68.0,0.34,0.41,0.36
ESSX,2017-08-21 10:50:00 EDT,44.31360,-73.37189,182,75.1,74.4,75.1,74.6,66.5,0.000,0.000,0.00,0.000,6.5,10.7,2.0,192,20,7.4,13.5,2.2,192,17,6.5,10.7,2.0,192,20,704,29.91,,0,0,0,68.9,69.6,68.1,0.34,0.41,0.36
ESSX,2017-08-21 10:55:00 EDT,44.31360,-73.37189,182,75.4,74.5,75.4,73.3,66.2,0.000,0.000,0.00,0.000,6.1,11.2,2.0,181,13,7.1,13.4,2.1,181,12,6.1,11.2,2.0,181,13,710,29.91,,0,0,0,68.9,69.6,68.1,0.34,0.41,0.36
ESSX,2017-08-21 11:00:00 EDT,44.31360,-73.37189,182,75.5,74.7,75.5,72.8,66.2,0.000,0.000,0.00,0.000,6.4,9.9,1.4,181,12,7.2,11.5,1.6,180,11,6.4,9.9,1.4,181,12,717,29.91,,0,0,0,68.9,69.6,68.1,0.34,0.41,0.36
ESSX,2017-08-21 11:05:00 EDT,44.31360,-73.37189,182,76.0,74.9,76.0,72.7,66.6,0.000,0.000,0.00,0.000,7.0,11.0,1.7,176,15,7.6,13.6,2.2,178,14,7.0,11.0,1.7,176,15,723,29.91,,0,0,0,68.9,69.6,68.1,0.34,0.41,0.36
ESSX,2017-08-21 11:10:00 EDT,44.31360,-73.37189,182,76.2,75.1,76.2,71.6,66.3,0.000,0.000,0.00,0.000,6.7,9.9,1.7,172,14,7.4,10.7,1.8,173,12,6.7,9.9,1.7,172,14,732,29.91,,0,0,0,68.9,69.6,68.1,0.34,0.41,0.36
ESSX,2017-08-21 11:15:00 EDT,44.31360,-73.37189,182,76.2,75.2,76.2,72.2,66.6,0.000,0.000,0.00,0.000,8.1,13.2,2.3,180,12,8.9,13.9,2.3,180,11,8.1,13.2,2.3,180,12,737,29.91,,0,0,0,69.0,69.6,68.0,0.34,0.41,0.36
ESSX,2017-08-21 11:20:00 EDT,44.31360,-73.37189,182,76.9,75.8,76.9,71.5,67.0,0.000,0.000,0.00,0.000,7.0,12.2,2.4,173,18,7.9,13.4,2.6,172,16,7.0,12.2,2.4,173,18,744,29.91,,0,0,0,69.3,69.6,68.1,0.34,0.41,0.36
ESSX,2017-08-21 11:25:00 EDT,44.31360,-73.37189,182,76.8,75.9,76.8,70.5,66.5,0.000,0.000,0.00,0.000,8.4,13.7,2.3,183,11,9.4,15.7,2.6,184,11,8.4,13.7,2.3,183,11,748,29.90,,0,0,0,69.3,69.6,68.1,0.34,0.41,0.36
ESSX,2017-08-21 11:30:00 EDT,44.31360,-73.37189,182,76.5,75.7,76.5,69.5,65.8,0.000,0.000,0.00,0.000,9.3,13.5,1.7,182,11,10.3,14.7,2.0,182,10,9.3,13.5,1.7,182,11,756,29.90,,0,0,0,69.3,69.6,68.1,0.34,0.41,0.36
ESSX,2017-08-21 11:35:00 EDT,44.31360,-73.37189,182,76.9,76.0,76.9,69.4,66.2,0.000,0.000,0.00,0.000,8.7,12.3,1.6,176,14,9.7,15.5,2.0,179,11,8.7,12.3,1.6,176,14,755,29.90,,0,0,0,69.3,69.6,68.1,0.34,0.41,0.36
ESSX,2017-08-21 11:40:00 EDT,44.31360,-73.37189,182,77.3,76.6,77.3,70.3,66.9,0.000,0.000,0.00,0.000,7.6,13.5,2.4,197,15,8.3,16.4,2.6,197,12,7.6,13.5,2.4,197,15,762,29.90,,0,0,0,69.3,69.6,68.0,0.34,0.41,0.36
ESSX,2017-08-21 11:45:00 EDT,44.31360,-73.37189,182,77.3,76.6,77.3,69.6,66.6,0.000,0.000,0.00,0.000,9.1,13.4,2.0,191,13,9.9,16.1,2.2,191,10,9.1,13.4,2.0,191,13,766,29.90,,0,0,0,69.3,69.6,68.1,0.34,0.41,0.36
ESSX,2017-08-21 11:50:00 EDT,44.31360,-73.37189,182,77.4,76.6,77.4,69.2,66.5,0.000,0.000,0.00,0.000,8.9,12.5,1.6,188,18,9.6,14.4,1.9,187,15,8.9,12.5,1.6,188,18,772,29.89,,0,0,0,69.5,69.6,68.1,0.34,0.41,0.36
ESSX,2017-08-21 11:55:00 EDT,44.31360,-73.37189,182,77.7,76.9,77.7,68.7,66.6,0.000,0.000,0.00,0.000,8.4,12.5,1.7,180,15,9.3,14.2,2.0,180,13,8.4,12.5,1.7,180,15,776,29.89,,0,0,0,69.6,69.6,68.1,0.34,0.41,0.36
ESSX,2017-08-21 12:00:00 EDT,44.31360,-73.37189,182,78.1,77.2,78.1,69.0,67.1,0.000,0.000,0.00,0.000,7.5,11.1,1.7,190,16,8.2,12.9,2.0,188,13,7.5,11.1,1.7,190,16,777,29.89,,0,0,0,69.6,69.6,68.1,0.34,0.41,0.36
ESSX,2017-08-21 12:05:00 EDT,44.31360,-73.37189,182,78.7,77.9,78.7,69.6,67.9,0.000,0.000,0.00,0.000,4.9,8.0,1.2,182,18,5.4,8.3,1.4,180,19,4.9,8.0,1.2,182,18,780,29.89,,0,0,0,69.6,69.6,68.1,0.34,0.41,0.36
ESSX,2017-08-21 12:10:00 EDT,44.31360,-73.37189,182,78.7,77.8,78.7,67.8,67.2,0.000,0.000,0.00,0.000,6.3,9.7,1.7,194,13,6.9,11.7,1.8,194,13,6.3,9.7,1.7,194,13,788,29.89,,0,0,0,69.6,69.6,68.1,0.34,0.41,0.36
ESSX,2017-08-21 12:15:00 EDT,44.31360,-73.37189,182,79.5,78.6,79.5,68.4,68.2,0.000,0.000,0.00,0.000,6.0,11.0,2.4,158,18,6.9,12.3,2.5,161,14,6.0,11.0,2.4,158,18,789,29.88,,0,0,0,69.9,69.6,68.1,0.33,0.41,0.36
ESSX,2017-08-21 12:20:00 EDT,44.31360,-73.37189,182,79.3,78.2,79.3,66.4,67.2,0.000,0.000,0.00,0.000,6.1,11.5,2.2,168,18,6.9,12.8,2.4,169,17,6.1,11.5,2.2,168,18,789,29.88,,0,0,0,70.0,69.5,68.1,0.33,0.41,0.36
ESSX,2017-08-21 12:25:00 EDT,44.31360,-73.37189,182,79.2,78.1,79.2,67.5,67.5,0.000,0.000,0.00,0.000,8.8,12.7,1.9,189,10,9.6,15.1,2.1,189,8,8.8,12.7,1.9,189,10,786,29.88,,0,0,0,70.0,69.6,68.1,0.34,0.41,0.36
ESSX,2017-08-21 12:30:00 EDT,44.31360,-73.37189,182,79.0,78.2,79.0,68.6,67.7,0.000,0.000,0.00,0.000,7.3,12.3,1.9,188,15,8.0,13.1,1.9,187,13,7.3,12.3,1.9,188,15,789,29.88,,0,0,0,70.0,69.5,68.1,0.34,0.41,0.36
ESSX,2017-08-21 12:35:00 EDT,44.31360,-73.37189,182,78.9,78.2,78.9,66.9,67.0,0.000,0.000,0.00,0.000,7.4,12.8,2.2,185,13,8.0,14.4,2.5,185,12,7.4,12.8,2.2,185,13,791,29.88,,0,0,0,70.0,69.5,68.1,0.34,0.41,0.36
ESSX,2017-08-21 12:40:00 EDT,44.31360,-73.37189,182,79.6,78.8,79.6,68.7,68.4,0.000,0.000,0.00,0.000,7.4,10.6,1.7,200,12,8.0,11.5,1.9,199,11,7.4,10.6,1.7,200,12,787,29.88,,0,0,0,70.1,69.4,68.1,0.34,0.41,0.36
ESSX,2017-08-21 12:45:00 EDT,44.31360,-73.37189,182,80.3,79.5,83.2,68.2,68.9,0.000,0.000,0.00,0.000,5.3,8.3,1.5,182,20,5.8,9.5,1.6,183,19,5.3,8.3,1.5,182,20,789,29.87,,0,0,0,70.3,69.4,68.1,0.34,0.41,0.36
ESSX,2017-08-21 12:50:00 EDT,44.31360,-73.37189,182,80.9,80.0,83.9,66.5,68.7,0.000,0.000,0.00,0.000,4.4,8.9,2.0,160,26,5.2,11.6,2.2,163,24,4.4,8.9,2.0,160,26,790,29.87,,0,0,0,70.3,69.4,68.1,0.34,0.41,0.36
ESSX,2017-08-21 12:55:00 EDT,44.31360,-73.37189,182,80.9,80.1,83.7,64.8,68.0,0.000,0.000,0.00,0.000,5.4,8.6,1.3,165,13,6.0,10.0,1.4,166,14,5.4,8.6,1.3,165,13,791,29.87,,0,0,0,70.3,69.4,68.1,0.34,0.41,0.36
ESSX,2017-08-21 13:00:00 EDT,44.31360,-73.37189,182,80.8,80.0,83.5,64.9,67.9,0.000,0.000,0.00,0.000,6.8,10.7,1.5,198,13,7.5,10.5,1.5,198,9,6.8,10.7,1.5,198,13,792,29.87,,0,0,0,70.4,69.4,68.1,0.34,0.41,0.36
ESSX,2017-08-21 13:05:00 EDT,44.31360,-73.37189,182,80.9,80.2,83.7,65.3,68.1,0.000,0.000,0.00,0.000,7.0,10.0,1.4,190,16,7.6,10.8,1.5,190,13,7.0,10.0,1.4,190,16,779,29.87,,0,0,0,70.7,69.3,68.1,0.34,0.41,0.36
ESSX,2017-08-21 13:10:00 EDT,44.31360,-73.37189,182,80.9,80.3,83.7,64.8,68.0,0.000,0.000,0.00,0.000,5.6,8.9,1.3,183,13,6.2,10.4,1.4,182,12,5.6,8.9,1.3,183,13,776,29.87,,0,0,0,70.7,69.3,68.1,0.33,0.41,0.36
ESSX,2017-08-21 13:15:00 EDT,44.31360,-73.37189,182,81.5,80.7,84.8,65.8,69.0,0.000,0.000,0.00,0.000,4.3,7.0,1.2,179,19,5.0,8.2,1.4,178,17,4.3,7.0,1.2,179,19,777,29.87,,0,0,0,70.7,69.3,68.1,0.33,0.41,0.36
ESSX,2017-08-21 13:20:00 EDT,44.31360,-73.37189,182,82.4,81.2,85.9,64.1,69.0,0.000,0.000,0.00,0.000,5.5,9.7,2.2,161,18,6.2,10.6,2.2,163,19,5.5,9.7,2.2,161,18,784,29.86,,0,0,0,70.7,69.3,68.1,0.33,0.41,0.36
ESSX,2017-08-21 13:25:00 EDT,44.31360,-73.37189,182,81.7,81.0,84.8,64.4,68.5,0.000,0.000,0.00,0.000,5.6,9.6,1.6,166,19,6.3,11.2,1.8,164,17,5.6,9.6,1.6,166,19,783,29.86,,0,0,0,70.8,69.3,68.1,0.33,0.41,0.36
ESSX,2017-08-21 13:30:00 EDT,44.31360,-73.37189,182,81.9,81.1,85.0,64.1,68.6,0.000,0.000,0.00,0.000,4.3,7.2,1.5,171,22,5.0,9.0,1.7,174,22,4.3,7.2,1.5,171,22,765,29.86,,0,0,0,71.1,69.3,68.1,0.33,0.41,0.36
ESSX,2017-08-21 13:35:00 EDT,44.31360,-73.37189,182,82.2,81.3,85.3,62.9,68.3,0.000,0.000,0.00,0.000,3.7,6.6,1.3,158,20,4.4,7.8,1.4,160,18,3.7,6.6,1.3,158,20,743,29.86,,0,0,0,71.1,69.3,68.0,0.33,0.41,0.36
ESSX,2017-08-21 13:40:00 EDT,44.31360,-73.37189,182,82.1,81.6,85.3,64.1,68.7,0.000,0.000,0.00,0.000,2.6,7.2,1.4,176,46,3.2,8.6,1.5,174,49,2.6,7.2,1.4,176,46,712,29.86,,0,0,0,71.1,69.3,68.1,0.34,0.41,0.36
ESSX,2017-08-21 13:45:00 EDT,44.31360,-73.37189,182,82.3,81.6,85.5,63.2,68.5,0.000,0.000,0.00,0.000,3.1,6.0,1.6,137,19,3.6,7.1,1.6,136,22,3.1,6.0,1.6,137,19,674,29.86,,0,0,0,71.4,69.3,68.1,0.34,0.41,0.36
ESSX,2017-08-21 13:50:00 EDT,44.31360,-73.37189,182,83.2,81.9,87.0,63.0,69.3,0.000,0.000,0.00,0.000,2.9,5.5,1.4,152,32,3.3,6.5,1.6,152,33,2.9,5.5,1.4,152,32,636,29.86,,0,0,0,71.4,69.3,68.1,0.34,0.41,0.36
ESSX,2017-08-21 13:55:00 EDT,44.31360,-73.37189,182,82.6,82.0,85.7,61.6,68.1,0.000,0.000,0.00,0.000,1.6,4.2,1.2,193,27,2.2,5.2,1.2,187,33,1.6,4.2,1.2,193,27,593,29.86,,0,0,0,71.4,69.3,68.0,0.34,0.41,0.36
ESSX,2017-08-21 14:00:00 EDT,44.31360,-73.37189,182,82.5,82.0,85.4,61.4,67.9,0.000,0.000,0.00,0.000,2.9,6.1,1.4,158,32,3.4,6.8,1.4,156,34,2.9,6.1,1.4,158,32,549,29.86,,0,0,0,71.4,69.3,68.0,0.33,0.41,0.36
ESSX,2017-08-21 14:05:00 EDT,44.31360,-73.37189,182,82.0,81.7,84.8,61.8,67.6,0.000,0.000,0.00,0.000,5.7,8.8,1.5,183,16,6.2,9.6,1.7,182,14,5.7,8.8,1.5,183,16,501,29.86,,0,0,0,71.4,69.3,68.1,0.33,0.41,0.36
ESSX,2017-08-21 14:10:00 EDT,44.31360,-73.37189,182,81.9,81.7,84.7,62.4,67.8,0.000,0.000,0.00,0.000,4.3,8.3,1.8,173,24,5.1,9.9,1.8,173,25,4.3,8.3,1.8,173,24,455,29.85,,0,0,0,71.7,69.3,68.0,0.34,0.41,0.36
ESSX,2017-08-21 14:15:00 EDT,44.31360,-73.37189,182,81.9,81.7,85.0,63.8,68.4,0.000,0.000,0.00,0.000,3.3,7.4,1.7,159,23,3.7,7.4,1.8,161,21,3.3,7.4,1.7,159,23,411,29.85,,0,0,0,71.8,69.3,68.1,0.33,0.41,0.36
ESSX,2017-08-21 14:20:00 EDT,44.31360,-73.37189,182,82.0,81.7,85.0,63.2,68.2,0.000,0.000,0.00,0.000,4.4,9.2,2.1,167,21,4.9,10.8,2.4,166,21,4.4,9.2,2.1,167,21,369,29.85,,0,0,0,71.8,69.3,68.1,0.33,0.41,0.36
ESSX,2017-08-21 14:25:00 EDT,44.31360,-73.37189,182,81.5,81.3,84.5,64.8,68.5,0.000,0.000,0.00,0.000,3.2,5.8,1.3,149,23,3.6,6.2,1.3,147,24,3.2,5.8,1.3,149,23,330,29.85,,0,0,0,71.9,69.3,68.0,0.33,0.41,0.36
ESSX,2017-08-21 14:30:00 EDT,44.31360,-73.37189,182,81.1,81.1,84.3,66.6,69.0,0.000,0.000,0.00,0.000,2.7,5.7,1.2,152,21,3.0,5.9,1.2,152,19,2.7,5.7,1.2,152,21,299,29.84,,0,0,0,72.3,69.3,68.1,0.33,0.41,0.36
ESSX,2017-08-21 14:35:00 EDT,44.31360,-73.37189,182,80.9,80.9,84.0,66.7,68.8,0.000,0.000,0.00,0.000,3.6,6.6,1.4,158,18,3.9,7.5,1.6,157,18,3.6,6.6,1.4,158,18,272,29.84,,0,0,0,72.3,69.3,68.0,0.33,0.41,0.36
ESSX,2017-08-21 14:40:00 EDT,44.31360,-73.37189,182,80.6,80.7,83.8,68.5,69.3,0.000,0.000,0.00,0.000,3.6,5.7,1.0,162,18,4.1,6.0,1.1,162,18,3.6,5.7,1.0,162,18,256,29.84,,0,0,0,72.3,69.3,68.0,0.33,0.41,0.36
ESSX,2017-08-21 14:45:00 EDT,44.31360,-73.37189,182,80.4,80.6,83.4,68.2,69.0,0.000,0.000,0.00,0.000,4.5,7.1,1.2,169,15,4.9,7.7,1.4,170,13,4.5,7.1,1.2,169,15,254,29.84,,0,0,0,72.3,69.3,68.1,0.33,0.41,0.36
ESSX,2017-08-21 14:50:00 EDT,44.31360,-73.37189,182,80.3,80.5,83.2,68.0,68.8,0.000,0.000,0.00,0.000,4.2,6.6,1.3,166,18,4.7,8.1,1.3,165,16,4.2,6.6,1.3,166,18,259,29.84,,0,0,0,72.4,69.3,68.0,0.33,0.41,0.36
ESSX,2017-08-21 14:55:00 EDT,44.31360,-73.37189,182,80.4,80.5,83.5,69.5,69.5,0.000,0.000,0.00,0.000,3.1,4.9,0.8,164,15,3.6,6.1,1.0,164,16,3.1,4.9,0.8,164,15,273,29.84,,0,0,0,72.7,69.3,68.0,0.33,0.41,0.36
ESSX,2017-08-21 15:00:00 EDT,44.31360,-73.37189,182,80.5,80.5,83.6,68.7,69.3,0.000,0.000,0.00,0.000,2.1,4.8,0.9,166,20,2.6,5.8,0.9,165,20,2.1,4.8,0.9,166,20,295,29.84,,0,0,0,72.7,69.3,68.0,0.33,0.41,0.36
ESSX,2017-08-21 15:05:00 EDT,44.31360,-73.37189,182,80.8,80.8,84.1,69.1,69.7,0.000,0.000,0.00,0.000,2.0,3.7,0.8,172,22,2.5,4.9,0.8,172,22,2.0,3.7,0.8,172,22,326,29.84,,0,0,0,72.7,69.3,68.0,0.33,0.41,0.36
ESSX,2017-08-21 15:10:00 EDT,44.31360,-73.37189,182,81.1,81.0,84.6,68.3,69.7,0.000,0.000,0.00,0.000,1.8,3.9,1.0,160,26,2.2,4.8,1.0,157,29,1.8,3.9,1.0,160,26,358,29.84,,0,0,0,72.7,69.3,68.0,0.33,0.41,0.36
ESSX,2017-08-21 15:15:00 EDT,44.31360,-73.37189,182,81.3,81.0,84.5,66.7,69.1,0.000,0.000,0.00,0.000,2.9,7.5,1.7,158,29,3.4,10.0,1.9,157,27,2.9,7.5,1.7,158,29,394,29.84,,0,0,0,72.8,69.3,67.9,0.33,0.41,0.36
ESSX,2017-08-21 15:20:00 EDT,44.31360,-73.37189,182,81.2,81.1,84.6,67.3,69.4,0.000,0.000,0.00,0.000,3.8,6.6,1.5,149,18,4.3,7.1,1.4,149,16,3.8,6.6,1.5,149,18,429,29.83,,0,0,0,73.0,69.3,68.0,0.33,0.41,0.36
ESSX,2017-08-21 15:25:00 EDT,44.31360,-73.37189,182,81.5,81.1,85.0,67.1,69.6,0.000,0.000,0.00,0.000,3.0,5.0,0.8,149,22,3.4,5.1,0.9,150,23,3.0,5.0,0.8,149,22,462,29.83,,0,0,0,73.0,69.3,67.9,0.33,0.41,0.36
ESSX,2017-08-21 15:30:00 EDT,44.31360,-73.37189,182,81.9,81.5,85.7,66.9,69.8,0.000,0.000,0.00,0.000,3.0,6.1,1.4,151,19,3.5,6.7,1.4,151,20,3.0,6.1,1.4,151,19,489,29.83,,0,0,0,73.0,69.3,68.0,0.33,0.41,0.36
ESSX,2017-08-21 15:35:00 EDT,44.31360,-73.37189,182,81.9,81.4,85.4,65.9,69.4,0.000,0.000,0.00,0.000,3.2,6.6,1.4,154,21,3.5,7.6,1.4,153,21,3.2,6.6,1.4,154,21,512,29.83,,0,0,0,73.0,69.3,67.9,0.33,0.41,0.36
ESSX,2017-08-21 15:40:00 EDT,44.31360,-73.37189,182,81.8,81.4,85.2,65.5,69.1,0.000,0.000,0.00,0.000,2.8,5.0,0.8,183,31,3.2,5.6,1.0,185,32,2.8,5.0,0.8,183,31,536,29.83,,0,0,0,73.0,69.3,67.9,0.33,0.41,0.36
ESSX,2017-08-21 15:45:00 EDT,44.31360,-73.37189,182,82.0,81.7,85.2,63.9,68.6,0.000,0.000,0.00,0.000,2.2,3.9,0.9,167,29,2.6,4.6,0.9,168,33,2.2,3.9,0.9,167,29,550,29.83,,0,0,0,73.0,69.3,67.9,0.33,0.41,0.36
ESSX,2017-08-21 15:50:00 EDT,44.31360,-73.37189,182,82.8,82.4,86.7,65.1,69.9,0.000,0.000,0.00,0.000,2.6,6.7,1.8,160,30,3.3,7.4,1.7,163,30,2.6,6.7,1.8,160,30,560,29.83,,0,0,0,73.0,69.3,67.9,0.33,0.41,0.36
ESSX,2017-08-21 15:55:00 EDT,44.31360,-73.37189,182,82.6,82.2,85.8,62.7,68.5,0.000,0.000,0.00,0.000,4.6,7.3,1.3,176,25,5.2,8.4,1.4,176,23,4.6,7.3,1.3,176,25,561,29.83,,0,0,0,73.0,69.3,67.9,0.33,0.41,0.36
ESSX,2017-08-21 16:00:00 EDT,44.31360,-73.37189,182,82.6,82.3,86.1,63.4,68.9,0.000,0.000,0.00,0.000,4.9,7.7,1.4,196,17,5.5,8.9,1.4,195,16,4.9,7.7,1.4,196,17,556,29.83,,0,0,0,73.0,69.3,67.9,0.33,0.41,0.36
ESSX,2017-08-21 16:05:00 EDT,44.31360,-73.37189,182,82.4,82.2,85.5,62.3,68.2,0.000,0.000,0.00,0.000,5.7,10.0,2.0,188,15,6.2,11.1,2.2,188,12,5.7,10.0,2.0,188,15,546,29.83,,0,0,0,73.1,69.3,67.9,0.33,0.41,0.36
ESSX,2017-08-21 16:10:00 EDT,44.31360,-73.37189,182,83.0,82.6,86.7,63.4,69.3,0.000,0.000,0.00,0.000,5.3,11.0,2.2,181,18,6.3,11.9,2.4,181,14,5.3,11.0,2.2,181,18,534,29.83,,0,0,0,73.1,69.3,67.9,0.33,0.41,0.36
ESSX,2017-08-21 16:15:00 EDT,44.31360,-73.37189,182,82.4,82.1,85.6,62.6,68.4,0.000,0.000,0.00,0.000,7.3,10.9,1.3,183,12,8.1,13.0,1.6,183,11,7.3,10.9,1.3,183,12,524,29.83,,0,0,0,73.3,69.3,67.8,0.33,0.41,0.36
ESSX,2017-08-21 16:20:00 EDT,44.31360,-73.37189,182,82.4,82.1,85.3,61.4,67.8,0.000,0.000,0.00,0.000,9.3,13.4,1.7,181,17,10.3,15.8,2.0,182,14,9.3,13.4,1.7,181,17,510,29.82,,0,0,0,73.4,69.3,67.9,0.33,0.41,0.36
ESSX,2017-08-21 16:25:00 EDT,44.31360,-73.37189,182,82.4,82.2,85.4,61.8,68.0,0.000,0.000,0.00,0.000,7.5,11.5,1.9,178,13,8.1,13.0,2.1,179,10,7.5,11.5,1.9,178,13,495,29.82,,0,0,0,73.4,69.3,67.9,0.33,0.41,0.36
ESSX,2017-08-21 16:30:00 EDT,44.31360,-73.37189,182,82.6,82.4,85.9,62.5,68.5,0.000,0.000,0.00,0.000,5.4,10.0,1.7,182,16,6.1,11.8,2.0,181,14,5.4,10.0,1.7,182,16,480,29.82,,0,0,0,73.4,69.3,67.8,0.33,0.41,0.36
ESSX,2017-08-21 16:35:00 EDT,44.31360,-73.37189,182,82.8,82.5,86.2,62.6,68.8,0.000,0.000,0.00,0.000,5.6,12.4,2.1,174,15,6.2,14.2,2.3,174,15,5.6,12.4,2.1,174,15,463,29.82,,0,0,0,73.4,69.3,67.8,0.33,0.41,0.36
ESSX,2017-08-21 16:40:00 EDT,44.31360,-73.37189,182,82.7,82.3,86.0,62.6,68.6,0.000,0.000,0.00,0.000,6.5,9.5,1.5,181,14,7.0,11.5,1.7,182,11,6.5,9.5,1.5,181,14,455,29.82,,0,0,0,73.4,69.3,67.8,0.33,0.41,0.36
ESSX,2017-08-21 16:45:00 EDT,44.31360,-73.37189,182,82.6,82.4,85.9,63.0,68.7,0.000,0.000,0.00,0.000,6.5,11.8,2.1,181,17,7.4,13.8,2.3,182,13,6.5,11.8,2.1,181,17,437,29.82,,0,0,0,73.4,69.3,67.8,0.33,0.41,0.36
ESSX,2017-08-21 16:50:00 EDT,44.31360,-73.37189,182,82.3,82.1,85.6,63.9,68.9,0.000,0.000,0.00,0.000,6.0,9.8,1.4,185,14,6.7,11.5,1.6,184,13,6.0,9.8,1.4,185,14,422,29.82,,0,0,0,73.4,69.3,67.9,0.33,0.41,0.36
ESSX,2017-08-21 16:55:00 EDT,44.31360,-73.37189,182,82.5,82.3,86.3,65.2,69.6,0.000,0.000,0.00,0.000,5.4,8.5,1.4,177,16,6.0,10.4,1.8,177,16,5.4,8.5,1.4,177,16,406,29.82,,0,0,0,73.4,69.4,67.8,0.33,0.41,0.36
ESSX,2017-08-21 17:00:00 EDT,44.31360,-73.37189,182,82.6,82.3,86.6,65.6,69.9,0.000,0.000,0.00,0.000,5.2,9.9,1.7,181,18,5.8,11.1,1.8,178,16,5.2,9.9,1.7,181,18,392,29.82,,0,0,0,73.4,69.3,67.9,0.33,0.41,0.36
ESSX,2017-08-21 17:05:00 EDT,44.31360,-73.37189,182,82.4,82.2,85.9,64.2,69.1,0.000,0.000,0.00,0.000,4.9,8.8,1.6,171,18,5.3,9.6,1.7,173,19,4.9,8.8,1.6,171,18,378,29.82,,0,0,0,73.4,69.4,67.8,0.33,0.41,0.36
ESSX,2017-08-21 17:10:00 EDT,44.31360,-73.37189,182,82.4,82.2,85.8,63.8,68.9,0.000,0.000,0.00,0.000,5.8,10.2,1.7,175,16,6.4,13.6,2.0,174,14,5.8,10.2,1.7,175,16,366,29.81,,0,0,0,73.4,69.4,67.8,0.33,0.41,0.36
ESSX,2017-08-21 17:15:00 EDT,44.31360,-73.37189,182,82.1,82.1,85.6,65.2,69.3,0.000,0.000,0.00,0.000,6.2,11.2,1.6,172,17,6.7,12.0,1.8,173,14,6.2,11.2,1.6,172,17,348,29.81,,0,0,0,73.4,69.5,67.8,0.33,0.41,0.36
ESSX,2017-08-21 17:20:00 EDT,44.31360,-73.37189,182,82.1,82.0,85.9,66.2,69.7,0.000,0.000,0.00,0.000,5.5,9.9,1.8,175,17,6.3,11.9,2.0,175,15,5.5,9.9,1.8,175,17,336,29.81,,0,0,0,73.4,69.6,67.8,0.33,0.41,0.36
ESSX,2017-08-21 17:25:00 EDT,44.31360,-73.37189,182,81.9,81.8,85.4,66.1,69.4,0.000,0.000,0.00,0.000,5.8,11.1,2.1,185,11,6.5,12.0,2.2,185,11,5.8,11.1,2.1,185,11,322,29.81,,0,0,0,73.4,69.5,67.8,0.33,0.41,0.36
ESSX,2017-08-21 17:30:00 EDT,44.31360,-73.37189,182,81.7,81.8,85.4,67.3,69.8,0.000,0.000,0.00,0.000,5.8,10.0,1.8,182,18,6.3,11.4,2.1,181,16,5.8,10.0,1.8,182,18,306,29.81,,0,0,0,73.4,69.6,67.8,0.33,0.41,0.36
ESSX,2017-08-21 17:35:00 EDT,44.31360,-73.37189,182,81.6,81.6,85.1,67.2,69.7,0.000,0.000,0.00,0.000,6.5,11.1,1.8,180,13,7.1,12.0,2.0,181,11,6.5,11.1,1.8,180,13,294,29.81,,0,0,0,73.5,69.6,67.8,0.33,0.41,0.36
ESSX,2017-08-21 17:40:00 EDT,44.31360,-73.37189,182,81.4,81.5,84.8,66.9,69.4,0.000,0.000,0.00,0.000,5.7,9.5,1.7,186,14,6.4,11.0,1.9,185,11,5.7,9.5,1.7,186,14,280,29.81,,0,0,0,73.6,69.6,67.9,0.33,0.41,0.36
ESSX,2017-08-21 17:45:00 EDT,44.31360,-73.37189,182,81.3,81.4,84.7,67.6,69.5,0.000,0.000,0.00,0.000,5.3,7.7,1.0,194,13,5.8,9.2,1.2,193,11,5.3,7.7,1.0,194,13,248,29.81,,0,0,0,73.7,69.6,67.8,0.33,0.41,0.36
ESSX,2017-08-21 17:50:00 EDT,44.31360,-73.37189,182,81.1,81.3,84.5,68.7,69.8,0.000,0.000,0.00,0.000,4.9,8.0,1.2,192,19,5.4,10.3,1.4,190,18,4.9,8.0,1.2,192,19,255,29.81,,0,0,0,73.7,69.6,67.8,0.33,0.41,0.36
ESSX,2017-08-21 17:55:00 EDT,44.31360,-73.37189,182,81.0,81.1,84.4,69.4,70.0,0.000,0.000,0.00,0.000,4.5,7.7,1.2,192,14,5.1,8.8,1.4,192,11,4.5,7.7,1.2,192,14,240,29.81,,0,0,0,73.9,69.6,67.8,0.33,0.41,0.36
ESSX,2017-08-21 18:00:00 EDT,44.31360,-73.37189,182,80.9,81.2,84.3,68.8,69.7,0.000,0.000,0.00,0.000,5.5,8.8,1.5,187,9,5.9,9.3,1.5,187,8,5.5,8.8,1.5,187,9,228,29.80,,0,0,0,73.9,69.6,67.8,0.33,0.41,0.36
ESSX,2017-08-21 18:05:00 EDT,44.31360,-73.37189,182,80.9,81.1,84.2,68.3,69.5,0.000,0.000,0.00,0.000,4.9,7.4,1.2,188,14,5.3,8.4,1.4,188,12,4.9,7.4,1.2,188,14,213,29.80,,0,0,0,73.9,69.6,67.8,0.33,0.41,0.36
ESSX,2017-08-21 18:10:00 EDT,44.31360,-73.37189,182,80.5,80.9,83.8,70.7,70.0,0.000,0.000,0.00,0.000,4.3,6.6,0.8,200,13,4.6,7.2,1.0,199,12,4.3,6.6,0.8,200,13,197,29.80,,0,0,0,73.9,69.6,67.8,0.33,0.41,0.36
ESSX,2017-08-21 18:15:00 EDT,44.31360,-73.37189,182,80.4,80.9,83.7,70.9,70.1,0.000,0.000,0.00,0.000,4.4,7.9,1.1,194,11,4.8,8.1,1.0,194,9,4.4,7.9,1.1,194,11,185,29.80,,0,0,0,73.9,69.6,67.8,0.33,0.41,0.36
ESSX,2017-08-21 18:20:00 EDT,44.31360,-73.37189,182,80.2,80.7,83.5,71.5,70.1,0.000,0.000,0.00,0.000,4.8,8.5,1.4,196,10,5.1,9.4,1.4,195,8,4.8,8.5,1.4,196,10,171,29.80,,0,0,0,73.9,69.6,67.8,0.33,0.41,0.36
ESSX,2017-08-21 18:25:00 EDT,44.31360,-73.37189,182,80.0,80.5,80.0,73.1,70.6,0.000,0.000,0.00,0.000,3.7,5.8,1.0,194,9,4.1,6.5,1.1,194,8,3.7,5.8,1.0,194,9,153,29.80,,0,0,0,73.9,69.6,67.8,0.33,0.41,0.36
ESSX,2017-08-21 18:30:00 EDT,44.31360,-73.37189,182,79.7,80.4,79.7,72.1,69.9,0.000,0.000,0.00,0.000,4.7,7.9,1.1,203,12,5.1,8.6,1.1,202,11,4.7,7.9,1.1,203,12,137,29.81,,0,0,0,73.9,69.6,67.8,0.32,0.41,0.36
ESSX,2017-08-21 18:35:00 EDT,44.31360,-73.37189,182,79.2,80.1,79.2,72.9,69.8,0.000,0.000,0.00,0.000,3.5,6.9,0.9,222,19,3.7,6.4,0.9,222,18,3.5,6.9,0.9,222,19,128,29.81,,0,0,0,73.9,69.6,67.8,0.32,0.41,0.36
ESSX,2017-08-21 18:40:00 EDT,44.31360,-73.37189,182,79.4,80.1,79.4,72.3,69.7,0.000,0.000,0.00,0.000,3.4,5.1,0.8,241,15,3.6,5.6,0.9,243,14,3.4,5.1,0.8,241,15,116,29.81,,0,0,0,73.9,69.6,67.8,0.33,0.41,0.36
ESSX,2017-08-21 18:45:00 EDT,44.31360,-73.37189,182,79.0,79.9,79.0,72.6,69.4,0.000,0.000,0.00,0.000,3.1,5.1,0.8,240,12,3.3,5.7,0.9,241,13,3.1,5.1,0.8,240,12,101,29.81,,0,0,0,73.9,69.6,67.8,0.32,0.41,0.36
ESSX,2017-08-21 18:50:00 EDT,44.31360,-73.37189,182,79.1,80.0,79.1,72.5,69.5,0.000,0.000,0.00,0.000,4.0,6.1,0.9,209,24,4.3,7.0,1.0,208,24,4.0,6.1,0.9,209,24,89,29.81,,0,0,0,73.9,69.6,67.8,0.32,0.41,0.36
ESSX,2017-08-21 18:55:00 EDT,44.31360,-73.37189,182,78.2,79.5,78.2,75.5,69.8,0.000,0.000,0.00,0.000,3.0,4.4,0.7,205,17,3.1,4.7,0.9,204,18,3.0,4.4,0.7,205,17,83,29.81,,0,0,0,73.8,69.6,67.8,0.32,0.41,0.36
ESSX,2017-08-21 19:00:00 EDT,44.31360,-73.37189,182,77.3,79.0,77.3,75.9,69.1,0.000,0.000,0.00,0.000,2.5,3.5,0.5,234,12,2.6,3.7,0.6,232,12,2.5,3.5,0.5,234,12,66,29.81,,0,0,0,73.7,69.6,67.8,0.32,0.41,0.36
ESSX,2017-08-21 19:05:00 EDT,44.31360,-73.37189,182,77.1,79.0,77.1,77.7,69.5,0.000,0.000,0.00,0.000,2.6,4.3,0.7,206,13,2.8,4.9,0.8,206,11,2.6,4.3,0.7,206,13,42,29.81,,0,0,0,73.7,69.6,67.8,0.32,0.41,0.36
ESSX,2017-08-21 19:10:00 EDT,44.31360,-73.37189,182,77.3,79.2,77.3,78.6,70.1,0.000,0.000,0.00,0.000,5.8,8.8,1.2,193,9,6.3,10.1,1.3,191,9,5.8,8.8,1.2,193,9,36,29.81,,0,0,0,73.6,69.6,67.8,0.32,0.41,0.36
ESSX,2017-08-21 19:15:00 EDT,44.31360,-73.37189,182,76.9,78.8,76.9,78.6,69.8,0.000,0.000,0.00,0.000,4.8,7.5,0.9,179,9,5.3,8.3,1.0,180,8,4.8,7.5,0.9,179,9,33,29.80,,0,0,0,73.6,69.6,67.8,0.32,0.41,0.36
ESSX,2017-08-21 19:20:00 EDT,44.31360,-73.37189,182,75.8,77.9,75.8,80.6,69.4,0.000,0.000,0.00,0.000,3.9,5.6,0.5,199,10,4.1,5.5,0.6,197,9,3.9,5.6,0.5,199,10,29,29.81,,0,0,0,73.6,69.6,67.8,0.33,0.41,0.36
ESSX,2017-08-21 19:25:00 EDT,44.31360,-73.37189,182,74.9,77.4,74.9,83.4,69.5,0.000,0.000,0.00,0.000,3.6,5.0,0.6,200,6,3.8,5.5,0.7,200,6,3.6,5.0,0.6,200,6,24,29.81,,0,0,0,73.5,69.6,67.8,0.32,0.41,0.36
ESSX,2017-08-21 19:30:00 EDT,44.31360,-73.37189,182,74.4,77.2,74.4,85.2,69.7,0.000,0.000,0.00,0.000,3.1,4.5,0.5,194,8,3.4,5.0,0.6,195,8,3.1,4.5,0.5,194,8,19,29.80,,0,0,0,73.4,69.6,67.8,0.32,0.41,0.36
ESSX,2017-08-21 19:35:00 EDT,44.31360,-73.37189,182,74.1,76.6,74.1,85.7,69.5,0.000,0.000,0.00,0.000,2.9,4.2,0.6,199,32,3.0,4.8,0.7,199,32,2.9,4.2,0.6,199,32,15,29.80,,0,0,0,73.4,69.6,67.8,0.33,0.41,0.36
ESSX,2017-08-21 19:40:00 EDT,44.31360,-73.37189,182,73.6,76.2,73.6,86.0,69.2,0.000,0.000,0.00,0.000,3.4,6.5,1.1,203,30,3.7,7.0,1.2,204,30,3.4,6.5,1.1,203,30,11,29.80,,0,0,0,73.4,69.6,67.8,0.33,0.41,0.36
ESSX,2017-08-21 19:45:00 EDT,44.31360,-73.37189,182,73.8,75.9,73.8,86.8,69.7,0.000,0.000,0.00,0.000,3.0,5.2,1.1,226,16,3.1,5.5,1.2,228,15,3.0,5.2,1.1,226,16,7,29.81,,0,0,0,73.4,69.6,67.8,0.33,0.41,0.36
ESSX,2017-08-21 19:50:00 EDT,44.31360,-73.37189,182,74.1,76.4,74.1,84.0,68.9,0.000,0.000,0.00,0.000,3.9,5.8,0.8,205,7,4.2,6.5,0.8,203,7,3.9,5.8,0.8,205,7,4,29.81,,0,0,0,73.4,69.6,67.8,0.33,0.41,0.36
ESSX,2017-08-21 19:55:00 EDT,44.31360,-73.37189,182,72.9,75.8,72.9,87.1,68.9,0.000,0.000,0.00,0.000,3.7,5.7,0.6,192,10,4.1,6.8,0.8,192,9,3.7,5.7,0.6,192,10,3,29.80,,0,0,0,73.4,69.6,67.8,0.33,0.41,0.36
ESSX,2017-08-21 20:00:00 EDT,44.31360,-73.37189,182,72.8,74.9,72.8,89.4,69.5,0.000,0.000,0.00,0.000,3.6,5.0,0.6,200,9,4.0,5.9,0.7,199,9,3.6,5.0,0.6,200,9,2,29.80,,0,0,0,73.4,69.6,67.8,0.33,0.41,0.36
ESSX,2017-08-21 20:05:00 EDT,44.31360,-73.37189,182,72.3,74.7,72.3,90.2,69.2,0.000,0.000,0.00,0.000,3.9,5.6,0.6,185,9,4.2,6.5,0.7,186,8,3.9,5.6,0.6,185,9,1,29.80,,0,0,0,73.4,69.6,67.8,0.33,0.41,0.36
ESSX,2017-08-21 20:10:00 EDT,44.31360,-73.37189,182,71.3,73.7,71.3,92.1,68.9,0.000,0.000,0.00,0.000,3.1,4.1,0.3,195,9,3.4,4.6,0.4,196,10,3.1,4.1,0.3,195,9,1,29.80,,0,0,0,73.4,69.6,67.8,0.33,0.41,0.36
ESSX,2017-08-21 20:15:00 EDT,44.31360,-73.37189,182,71.1,73.2,71.1,92.3,68.8,0.000,0.000,0.00,0.000,2.6,3.1,0.3,194,8,2.8,3.6,0.4,196,9,2.6,3.1,0.3,194,8,0,29.80,,0,0,0,73.4,69.6,67.8,0.33,0.41,0.36
ESSX,2017-08-21 20:20:00 EDT,44.31360,-73.37189,182,70.9,72.5,70.9,93.9,69.0,0.000,0.000,0.00,0.000,2.3,3.3,0.4,188,11,2.6,3.6,0.5,190,12,2.3,3.3,0.4,188,11,0,29.80,,0,0,0,73.4,69.6,67.8,0.33,0.41,0.36
ESSX,2017-08-21 20:25:00 EDT,44.31360,-73.37189,182,71.0,72.8,71.0,93.7,69.1,0.000,0.000,0.00,0.000,2.3,3.5,0.5,184,6,2.6,4.2,0.6,186,8,2.3,3.5,0.5,184,6,0,29.80,,0,0,0,73.4,69.6,67.8,0.33,0.41,0.36
ESSX,2017-08-21 20:30:00 EDT,44.31360,-73.37189,182,70.4,72.4,70.4,94.5,68.8,0.000,0.000,0.00,0.000,1.9,2.9,0.5,180,3,2.2,3.1,0.4,179,6,1.9,2.9,0.5,180,3,0,29.80,,0,0,0,73.4,69.6,67.8,0.33,0.41,0.36
ESSX,2017-08-21 20:35:00 EDT,44.31360,-73.37189,182,70.2,72.0,70.2,94.9,68.7,0.000,0.000,0.00,0.000,1.6,2.3,0.4,184,4,2.0,2.7,0.4,187,8,1.6,2.3,0.4,184,4,0,29.81,,0,0,0,73.4,69.6,67.8,0.33,0.41,0.36
ESSX,2017-08-21 20:40:00 EDT,44.31360,-73.37189,182,69.5,71.5,69.5,94.3,67.8,0.000,0.000,0.00,0.000,1.0,1.6,0.4,199,18,1.3,2.1,0.3,203,22,1.0,1.6,0.4,199,18,0,29.81,,0,0,0,73.4,69.6,67.8,0.33,0.41,0.36
ESSX,2017-08-21 20:45:00 EDT,44.31360,-73.37189,182,68.4,71.1,68.4,97.4,67.6,0.000,0.000,0.00,0.000,0.6,2.3,0.6,208,12,1.1,2.2,0.4,202,18,0.6,2.3,0.6,208,12,0,29.81,,0,0,0,73.3,69.6,67.8,0.33,0.41,0.36
ESSX,2017-08-21 20:50:00 EDT,44.31360,-73.37189,182,67.9,70.4,67.9,98.0,67.3,0.000,0.000,0.00,0.000,0.0,0.0,0.0,0,0,0.5,0.9,0.2,91,67,0.0,0.0,0.0,0,0,0,29.80,,0,0,0,73.2,69.6,67.8,0.33,0.41,0.36
ESSX,2017-08-21 20:55:00 EDT,44.31360,-73.37189,182,67.8,70.4,67.8,99.1,67.6,0.000,0.000,0.00,0.000,0.3,0.9,0.4,2,16,1.0,1.6,0.4,354,16,0.3,0.9,0.4,2,16,0,29.80,,0,0,0,73.0,69.6,67.8,0.33,0.41,0.36
ESSX,2017-08-21 21:00:00 EDT,44.31360,-73.37189,182,67.6,70.0,67.6,99.2,67.4,0.000,0.000,0.00,0.000,1.8,2.4,0.5,358,8,2.4,3.2,0.6,355,8,1.8,2.4,0.5,358,8,0,29.80,,0,0,0,73.0,69.6,67.8,0.32,0.41,0.36
ESSX,2017-08-21 21:05:00 EDT,44.31360,-73.37189,182,67.0,69.8,67.0,99.2,66.7,0.000,0.000,0.00,0.000,1.2,2.6,0.9,21,14,1.6,3.2,0.9,19,25,1.2,2.6,0.9,21,14,0,29.81,,0,0,0,73.0,69.7,67.8,0.33,0.41,0.36
ESSX,2017-08-21 21:10:00 EDT,44.31360,-73.37189,182,67.3,69.5,67.3,100.0,67.2,0.000,0.000,0.00,0.000,1.0,1.8,0.4,331,17,1.4,2.3,0.4,332,18,1.0,1.8,0.4,331,17,0,29.81,,0,0,0,73.0,69.7,67.8,0.32,0.41,0.36
ESSX,2017-08-21 21:15:00 EDT,44.31360,-73.37189,182,66.7,70.0,66.7,99.5,66.5,0.000,0.000,0.00,0.000,1.1,1.9,0.5,326,8,1.3,2.2,0.4,325,11,1.1,1.9,0.5,326,8,0,29.81,,0,0,0,73.0,69.7,67.8,0.32,0.41,0.36
ESSX,2017-08-21 21:20:00 EDT,44.31360,-73.37189,182,66.2,69.8,66.2,99.1,65.9,0.000,0.000,0.00,0.000,0.5,1.5,0.5,360,12,1.2,2.0,0.4,358,15,0.5,1.5,0.5,360,12,0,29.81,,0,0,0,73.0,69.8,67.8,0.33,0.41,0.36
ESSX,2017-08-21 21:25:00 EDT,44.31360,-73.37189,182,66.3,69.3,66.3,99.3,66.1,0.000,0.000,0.00,0.000,1.0,1.5,0.2,8,3,1.4,1.8,0.2,1,11,1.0,1.5,0.2,8,3,0,29.81,,0,0,0,73.0,69.9,67.8,0.32,0.41,0.36
ESSX,2017-08-21 21:30:00 EDT,44.31360,-73.37189,182,66.1,68.9,66.1,99.7,66.0,0.000,0.000,0.00,0.000,1.2,2.0,0.6,16,29,1.8,2.8,0.5,18,33,1.2,2.0,0.6,16,29,0,29.81,,0,0,0,73.0,69.9,67.8,0.33,0.41,0.36
ESSX,2017-08-21 21:35:00 EDT,44.31360,-73.37189,182,65.9,69.1,65.9,100.0,65.9,0.000,0.000,0.00,0.000,1.2,1.6,0.2,73,6,1.5,2.1,0.2,73,9,1.2,1.6,0.2,73,6,0,29.81,,0,0,0,73.0,70.0,67.8,0.33,0.42,0.36
ESSX,2017-08-21 21:40:00 EDT,44.31360,-73.37189,182,66.2,68.8,66.2,100.0,66.2,0.000,0.000,0.00,0.000,1.1,1.3,0.2,63,4,1.3,1.7,0.2,59,7,1.1,1.3,0.2,63,4,0,29.81,,0,0,0,73.0,70.0,67.8,0.32,0.41,0.36
ESSX,2017-08-21 21:45:00 EDT,44.31360,-73.37189,182,66.6,68.7,66.6,100.0,66.6,0.000,0.000,0.00,0.000,0.3,1.4,0.4,353,20,0.8,1.9,0.3,15,31,0.3,1.4,0.4,353,20,0,29.81,,0,0,0,73.0,70.0,67.8,0.33,0.41,0.36
ESSX,2017-08-21 21:50:00 EDT,44.31360,-73.37189,182,66.9,68.6,66.9,100.0,66.9,0.000,0.000,0.00,0.000,0.4,1.2,0.5,19,42,0.9,2.0,0.4,4,49,0.4,1.2,0.5,19,42,0,29.81,,0,0,0,72.9,70.0,67.8,0.33,0.41,0.36
ESSX,2017-08-21 21:55:00 EDT,44.31360,-73.37189,182,66.3,68.3,66.3,100.0,66.3,0.000,0.000,0.00,0.000,0.0,0.0,0.0,0,0,0.6,1.1,0.3,300,34,0.0,0.0,0.0,0,0,0,29.81,,0,0,0,72.7,70.0,67.8,0.33,0.41,0.36
ESSX,2017-08-21 22:00:00 EDT,44.31360,-73.37189,182,65.4,68.1,65.4,99.9,65.4,0.000,0.000,0.00,0.000,0.8,2.1,0.9,347,5,1.6,2.9,0.8,347,8,0.8,2.1,0.9,347,5,0,29.81,,0,0,0,72.7,70.0,67.8,0.33,0.41,0.36
ESSX,2017-08-21 22:05:00 EDT,44.31360,-73.37189,182,65.0,68.0,65.0,99.7,64.9,0.000,0.000,0.00,0.000,2.4,2.8,0.4,4,7,2.9,3.7,0.6,4,7,2.4,2.8,0.4,4,7,0,29.81,,0,0,0,72.7,70.0,67.8,0.33,0.41,0.36
ESSX,2017-08-21 22:10:00 EDT,44.31360,-73.37189,182,65.5,68.3,65.5,100.0,65.5,0.000,0.000,0.00,0.000,1.8,2.3,0.4,0,25,1.9,2.8,0.6,2,27,1.8,2.3,0.4,0,25,0,29.81,,0,0,0,72.7,70.0,67.8,0.33,0.41,0.36
ESSX,2017-08-21 22:15:00 EDT,44.31360,-73.37189,182,64.9,67.8,64.9,99.9,64.9,0.000,0.000,0.00,0.000,0.8,2.0,0.6,237,31,1.2,2.4,0.6,227,30,0.8,2.0,0.6,237,31,0,29.81,,0,0,0,72.7,70.0,67.8,0.33,0.41,0.36
ESSX,2017-08-21 22:20:00 EDT,44.31360,-73.37189,182,64.7,67.6,64.7,100.0,64.7,0.000,0.000,0.00,0.000,1.6,3.4,0.6,173,16,2.0,4.0,0.7,169,18,1.6,3.4,0.6,173,16,0,29.81,,0,0,0,72.7,70.0,67.8,0.33,0.41,0.36
ESSX,2017-08-21 22:25:00 EDT,44.31360,-73.37189,182,64.7,67.1,64.7,100.0,64.7,0.000,0.000,0.00,0.000,1.9,3.7,0.9,190,16,2.3,4.2,0.9,192,17,1.9,3.7,0.9,190,16,0,29.81,,0,0,0,72.7,70.0,67.8,0.33,0.41,0.36
ESSX,2017-08-21 22:30:00 EDT,44.31360,-73.37189,182,64.7,66.9,64.7,100.0,64.7,0.000,0.000,0.00,0.000,1.6,2.8,0.7,316,52,1.9,3.5,0.8,324,48,1.6,2.8,0.7,316,52,0,29.81,,0,0,0,72.7,70.0,67.8,0.33,0.41,0.36
ESSX,2017-08-21 22:35:00 EDT,44.31360,-73.37189,182,64.7,67.2,64.7,100.0,64.7,0.000,0.000,0.00,0.000,1.5,2.5,0.4,23,15,1.8,3.1,0.4,23,14,1.5,2.5,0.4,23,15,0,29.81,,0,0,0,72.4,70.0,67.8,0.33,0.41,0.36
ESSX,2017-08-21 22:40:00 EDT,44.31360,-73.37189,182,64.5,67.3,64.5,100.0,64.5,0.000,0.000,0.00,0.000,1.7,2.4,0.4,344,38,2.1,3.2,0.5,345,38,1.7,2.4,0.4,344,38,0,29.81,,0,0,0,72.3,70.0,67.8,0.33,0.41,0.36
ESSX,2017-08-21 22:45:00 EDT,44.31360,-73.37189,182,64.6,67.0,64.6,100.0,64.6,0.000,0.000,0.00,0.000,1.3,3.1,1.0,349,63,1.7,3.4,0.9,343,75,1.3,3.1,1.0,349,63,0,29.81,,0,0,0,72.3,70.0,67.8,0.33,0.41,0.36
ESSX,2017-08-21 22:50:00 EDT,44.31360,-73.37189,182,64.8,66.9,64.8,100.0,64.8,0.000,0.000,0.00,0.000,0.9,2.1,0.7,205,28,1.4,2.5,0.6,202,29,0.9,2.1,0.7,205,28,0,29.82,,0,0,0,72.3,70.0,67.8,0.33,0.41,0.36
ESSX,2017-08-21 22:55:00 EDT,44.31360,-73.37189,182,64.3,67.0,64.3,99.9,64.3,0.000,0.000,0.00,0.000,1.6,2.3,0.3,185,3,1.9,2.8,0.4,185,7,1.6,2.3,0.3,185,3,0,29.82,,0,0,0,72.3,70.0,67.8,0.33,0.41,0.36
ESSX,2017-08-21 23:00:00 EDT,44.31360,-73.37189,182,64.4,66.3,64.4,100.0,64.4,0.000,0.000,0.00,0.000,1.2,1.8,0.4,190,3,1.5,2.1,0.4,191,7,1.2,1.8,0.4,190,3,0,29.82,,0,0,0,72.3,70.0,67.8,0.33,0.41,0.36
ESSX,2017-08-21 23:05:00 EDT,44.31360,-73.37189,182,64.9,66.3,64.9,100.0,64.9,0.000,0.000,0.00,0.000,0.4,1.0,0.4,183,0,1.0,1.3,0.1,200,14,0.4,1.0,0.4,183,0,0,29.81,,0,0,0,72.3,70.0,67.8,0.33,0.41,0.36
ESSX,2017-08-21 23:10:00 EDT,44.31360,-73.37189,182,64.7,66.1,64.7,100.0,64.7,0.000,0.000,0.00,0.000,1.0,1.4,0.2,198,11,1.3,1.6,0.2,206,9,1.0,1.4,0.2,198,11,0,29.81,,0,0,0,72.3,70.0,67.8,0.33,0.41,0.36
ESSX,2017-08-21 23:15:00 EDT,44.31360,-73.37189,182,64.2,66.1,64.2,100.0,64.2,0.000,0.000,0.00,0.000,0.6,1.7,0.5,206,6,1.2,1.8,0.3,185,18,0.6,1.7,0.5,206,6,0,29.81,,0,0,0,72.3,70.0,67.8,0.33,0.41,0.36
ESSX,2017-08-21 23:20:00 EDT,44.31360,-73.37189,182,63.7,65.9,63.7,100.0,63.7,0.000,0.000,0.00,0.000,1.7,2.4,0.4,195,13,2.0,2.8,0.4,196,13,1.7,2.4,0.4,195,13,0,29.81,,0,0,0,72.3,70.0,67.8,0.33,0.41,0.36
ESSX,2017-08-21 23:25:00 EDT,44.31360,-73.37189,182,63.9,66.0,63.9,100.0,63.9,0.000,0.000,0.00,0.000,0.7,1.8,0.6,237,9,0.9,2.0,0.6,242,17,0.7,1.8,0.6,237,9,0,29.81,,0,0,0,72.1,70.0,67.8,0.33,0.41,0.36
ESSX,2017-08-21 23:30:00 EDT,44.31360,-73.37189,182,64.0,66.0,64.0,100.0,64.0,0.000,0.000,0.00,0.000,0.2,0.8,0.3,247,0,0.7,1.3,0.3,227,8,0.2,0.8,0.3,247,0,0,29.81,,0,0,0,71.9,70.0,67.8,0.33,0.41,0.36
ESSX,2017-08-21 23:35:00 EDT,44.31360,-73.37189,182,63.4,65.4,63.4,100.0,63.4,0.000,0.000,0.00,0.000,0.4,1.1,0.4,89,46,1.0,1.7,0.4,84,46,0.4,1.1,0.4,89,46,0,29.81,,0,0,0,71.8,70.0,67.8,0.33,0.41,0.36
ESSX,2017-08-21 23:40:00 EDT,44.31360,-73.37189,182,63.4,65.3,63.4,100.0,63.4,0.000,0.000,0.00,0.000,1.3,2.0,0.4,337,3,1.7,2.4,0.4,339,5,1.3,2.0,0.4,337,3,0,29.81,,0,0,0,71.8,70.0,67.8,0.33,0.41,0.36
ESSX,2017-08-21 23:45:00 EDT,44.31360,-73.37189,182,64.2,65.7,64.2,100.0,64.2,0.000,0.000,0.00,0.000,1.0,1.3,0.1,337,0,1.4,1.8,0.2,335,8,1.0,1.3,0.1,337,0,0,29.81,,0,0,0,71.8,70.0,67.8,0.32,0.41,0.36
ESSX,2017-08-21 23:50:00 EDT,44.31360,-73.37189,182,63.9,65.7,63.9,100.0,63.9,0.000,0.000,0.00,0.000,1.2,1.7,0.2,269,45,1.5,1.8,0.2,261,45,1.2,1.7,0.2,269,45,0,29.82,,0,0,0,71.8,70.0,67.8,0.32,0.41,0.36
ESSX,2017-08-21 23:55:00 EDT,44.31360,-73.37189,182,62.9,65.5,62.9,100.0,62.9,0.000,0.000,0.00,0.000,1.6,2.4,0.3,176,18,1.9,2.7,0.3,178,22,1.6,2.4,0.3,176,18,0,29.81,,0,0,0,71.8,70.0,67.8,0.32,0.41,0.36
FAYE,2017-08-21 00:00:00 EDT,43.05423,-75.99004,588,64.5,68.4,64.5,93.0,62.5,,,,,6.5,7.1,0.2,169,3,7.1,7.8,0.3,174,3,6.5,7.1,0.2,169,3,0,29.51,,,,,,,,,,
FAYE,2017-08-21 00:05:00 EDT,43.05423,-75.99004,588,64.4,68.5,64.4,92.7,62.2,,,,,6.3,7.5,0.6,172,3,6.7,8.0,0.6,176,2,6.3,7.5,0.6,172,3,0,29.51,,,,,,,,,,
FAYE,2017-08-21 00:10:00 EDT,43.05423,-75.99004,588,64.5,68.5,64.5,92.3,62.2,,,,,6.8,7.6,0.6,173,4,7.2,8.4,0.8,178,4,6.8,7.6,0.6,173,4,0,29.51,,,,,,,,,,
FAYE,2017-08-21 00:15:00 EDT,43.05423,-75.99004,588,64.8,68.3,64.8,91.5,62.3,,,,,6.2,7.5,0.7,175,6,6.7,8.7,0.9,180,5,6.2,7.5,0.7,175,6,0,29.51,,,,,,,,,,
FAYE,2017-08-21 00:20:00 EDT,43.05423,-75.99004,588,64.7,68.3,64.7,91.1,62.1,,,,,7.3,8.5,0.6,171,4,7.9,9.6,0.7,176,3,7.3,8.5,0.6,171,4,0,29.51,,,,,,,,,,
FAYE,2017-08-21 00:25:00 EDT,43.05423,-75.99004,588,65.2,68.3,65.2,91.3,62.6,,,,,8.1,9.3,0.4,170,3,8.7,10.1,0.5,174,3,8.1,9.3,0.4,170,3,0,29.51,,,,,,,,,,
FAYE,2017-08-21 00:30:00 EDT,43.05423,-75.99004,588,65.3,68.2,65.3,90.4,62.4,,,,,8.5,9.5,0.5,171,3,9.1,10.8,0.7,176,3,8.5,9.5,0.5,171,3,0,29.51,,,,,,,,,,
FAYE,2017-08-21 00:35:00 EDT,43.05423,-75.99004,588,65.6,68.2,65.6,90.1,62.6,,,,,8.5,9.7,0.5,172,3,9.1,11.4,0.7,176,3,8.5,9.7,0.5,172,3,0,29.51,,,,,,,,,,
FAYE,2017-08-21 00:40:00 EDT,43.05423,-75.99004,588,65.9,68.3,65.9,89.1,62.6,,,,,8.4,9.5,0.5,172,3,9.0,11.6,0.7,177,3,8.4,9.5,0.5,172,3,0,29.51,,,,,,,,,,
FAYE,2017-08-21 00:45:00 EDT,43.05423,-75.99004,588,65.9,68.3,65.9,88.6,62.4,,,,,7.8,8.8,0.5,173,4,8.4,10.0,0.7,178,3,7.8,8.8,0.5,173,4,0,29.51,,,,,,,,,,
FAYE,2017-08-21 00:50:00 EDT,43.05423,-75.99004,588,64.9,68.4,64.9,88.6,61.5,,,,,8.1,9.1,0.4,172,2,8.7,10.1,0.5,176,2,8.1,9.1,0.4,172,2,0,29.51,,,,,,,,,,
FAYE,2017-08-21 00:55:00 EDT,43.05423,-75.99004,588,65.1,68.6,65.1,89.7,62.0,,,,,8.8,9.9,0.5,169,3,9.5,10.7,0.6,174,3,8.8,9.9,0.5,169,3,0,29.51,,,,,,,,,,
FAYE,2017-08-21 01:00:00 EDT,43.05423,-75.99004,588,65.7,68.4,65.7,89.5,62.5,,,,,9.0,10.0,0.4,169,3,9.7,11.5,0.5,174,3,9.0,10.0,0.4,169,3,0,29.51,,,,,,,,,,
FAYE,2017-08-21 01:05:00 EDT,43.05423,-75.99004,588,66.0,68.3,66.0,88.5,62.5,,,,,9.1,10.5,0.6,169,4,9.9,12.0,0.8,173,3,9.1,10.5,0.6,169,4,0,29.51,,,,,,,,,,
FAYE,2017-08-21 01:10:00 EDT,43.05423,-75.99004,588,66.0,68.1,66.0,87.7,62.3,,,,,9.1,10.4,0.6,170,3,9.9,12.1,0.8,174,3,9.1,10.4,0.6,170,3,0,29.51,,,,,,,,,,
FAYE,2017-08-21 01:15:00 EDT,43.05423,-75.99004,588,66.3,68.1,66.3,86.9,62.3,,,,,8.9,10.3,0.8,170,5,9.7,11.5,0.8,175,4,8.9,10.3,0.8,170,5,0,29.51,,,,,,,,,,
FAYE,2017-08-21 01:20:00 EDT,43.05423,-75.99004,588,66.2,68.1,66.2,86.3,62.0,,,,,8.3,9.7,0.6,172,3,9.0,11.5,0.9,177,3,8.3,9.7,0.6,172,3,0,29.51,,,,,,,,,,
FAYE,2017-08-21 01:25:00 EDT,43.05423,-75.99004,588,66.1,68.0,66.1,86.0,61.8,,,,,7.8,9.4,1.0,178,7,8.4,12.0,1.4,181,6,7.8,9.4,1.0,178,7,0,29.51,,,,,,,,,,
FAYE,2017-08-21 01:30:00 EDT,43.05423,-75.99004,588,66.7,68.3,66.7,84.8,62.0,,,,,7.5,9.3,1.0,177,7,8.1,11.2,1.5,181,6,7.5,9.3,1.0,177,7,0,29.51,,,,,,,,,,
FAYE,2017-08-21 01:35:00 EDT,43.05423,-75.99004,588,66.6,68.3,66.6,83.9,61.6,,,,,7.8,10.2,1.0,175,7,8.2,11.7,1.5,181,6,7.8,10.2,1.0,175,7,0,29.51,,,,,,,,,,
FAYE,2017-08-21 01:40:00 EDT,43.05423,-75.99004,588,66.9,68.4,66.9,82.8,61.5,,,,,7.8,10.0,1.3,178,9,8.7,12.1,1.7,183,6,7.8,10.0,1.3,178,9,0,29.51,,,,,,,,,,
FAYE,2017-08-21 01:45:00 EDT,43.05423,-75.99004,588,66.1,68.2,66.1,82.5,60.6,,,,,8.2,9.7,0.7,174,5,8.9,11.4,1.0,179,5,8.2,9.7,0.7,174,5,0,29.51,,,,,,,,,,
FAYE,2017-08-21 01:50:00 EDT,43.05423,-75.99004,588,65.3,68.2,65.3,85.2,60.7,,,,,8.6,10.3,0.7,172,4,9.1,11.1,1.0,178,4,8.6,10.3,0.7,172,4,0,29.51,,,,,,,,,,
FAYE,2017-08-21 01:55:00 EDT,43.05423,-75.99004,588,65.3,68.3,65.3,86.7,61.3,,,,,8.0,9.5,0.8,175,4,8.7,11.3,1.0,179,4,8.0,9.5,0.8,175,4,0,29.51,,,,,,,,,,
FAYE,2017-08-21 02:00:00 EDT,43.05423,-75.99004,588,65.3,68.4,65.3,86.1,61.1,,,,,7.6,9.4,0.9,174,6,8.1,10.2,1.2,179,6,7.6,9.4,0.9,174,6,0,29.51,,,,,,,,,,
FAYE,2017-08-21 02:05:00 EDT,43.05423,-75.99004,588,64.6,68.2,64.6,86.7,60.5,,,,,8.1,9.4,0.5,172,5,8.6,10.3,0.8,177,4,8.1,9.4,0.5,172,5,0,29.51,,,,,,,,,,
FAYE,2017-08-21 02:10:00 EDT,43.05423,-75.99004,588,64.2,68.0,64.2,88.0,60.5,,,,,8.6,9.9,0.3,171,3,9.3,10.9,0.4,176,2,8.6,9.9,0.3,171,3,0,29.51,,,,,,,,,,
FAYE,2017-08-21 02:15:00 EDT,43.05423,-75.99004,588,64.5,68.0,64.5,88.1,60.9,,,,,8.5,9.4,0.5,170,3,9.2,10.7,0.5,175,3,8.5,9.4,0.5,170,3,0,29.51,,,,,,,,,,
FAYE,2017-08-21 02:20:00 EDT,43.05423,-75.99004,588,65.0,67.8,65.0,87.0,61.0,,,,,8.0,9.2,0.9,173,6,8.6,10.2,1.1,177,5,8.0,9.2,0.9,173,6,0,29.51,,,,,,,,,,
FAYE,2017-08-21 02:25:00 EDT,43.05423,-75.99004,588,65.2,67.7,65.2,85.8,60.9,,,,,7.7,9.1,1.1,173,6,8.2,9.8,1.4,178,5,7.7,9.1,1.1,173,6,0,29.50,,,,,,,,,,
FAYE,2017-08-21 02:30:00 EDT,43.05423,-75.99004,588,65.5,67.7,65.5,85.3,60.9,,,,,8.7,10.2,0.7,171,4,9.3,11.5,0.9,176,4,8.7,10.2,0.7,171,4,0,29.50,,,,,,,,,,
FAYE,2017-08-21 02:35:00 EDT,43.05423,-75.99004,588,66.1,67.9,66.1,84.0,61.1,,,,,8.3,11.2,1.2,174,7,9.0,12.9,1.6,179,5,8.3,11.2,1.2,174,7,0,29.50,,,,,,,,,,
FAYE,2017-08-21 02:40:00 EDT,43.05423,-75.99004,588,66.3,67.7,66.3,81.8,60.6,,,,,7.9,9.8,0.9,175,7,8.5,11.2,1.2,180,5,7.9,9.8,0.9,175,7,0,29.51,,,,,,,,,,
FAYE,2017-08-21 02:45:00 EDT,43.05423,-75.99004,588,65.9,67.6,65.9,82.2,60.3,,,,,8.1,9.4,0.9,175,7,8.8,11.3,1.2,179,6,8.1,9.4,0.9,175,7,0,29.51,,,,,,,,,,
FAYE,2017-08-21 02:50:00 EDT,43.05423,-75.99004,588,66.0,67.6,66.0,82.4,60.5,,,,,8.7,10.5,0.9,173,5,9.5,12.3,1.3,177,4,8.7,10.5,0.9,173,5,0,29.51,,,,,,,,,,
FAYE,2017-08-21 02:55:00 EDT,43.05423,-75.99004,588,65.8,67.8,65.8,83.2,60.6,,,,,9.1,10.6,0.8,173,4,9.8,12.2,1.1,178,3,9.1,10.6,0.8,173,4,0,29.51,,,,,,,,,,
FAYE,2017-08-21 03:00:00 EDT,43.05423,-75.99004,588,65.3,67.5,65.3,83.3,60.1,,,,,9.3,11.5,0.9,171,4,10.1,12.5,1.1,176,3,9.3,11.5,0.9,171,4,0,29.51,,,,,,,,,,
FAYE,2017-08-21 03:05:00 EDT,43.05423,-75.99004,588,65.1,67.4,65.1,84.9,60.4,,,,,9.8,10.9,0.5,171,4,10.5,12.5,0.7,176,3,9.8,10.9,0.5,171,4,0,29.51,,,,,,,,,,
FAYE,2017-08-21 03:10:00 EDT,43.05423,-75.99004,588,65.4,67.6,65.4,84.1,60.5,,,,,8.9,10.5,1.0,174,5,9.5,12.1,1.4,179,4,8.9,10.5,1.0,174,5,0,29.51,,,,,,,,,,
FAYE,2017-08-21 03:15:00 EDT,43.05423,-75.99004,588,66.3,67.7,66.3,81.5,60.4,,,,,8.0,9.9,1.1,176,6,8.7,11.9,1.3,181,6,8.0,9.9,1.1,176,6,0,29.51,,,,,,,,,,
FAYE,2017-08-21 03:20:00 EDT,43.05423,-75.99004,588,66.1,67.6,66.1,80.3,59.8,,,,,8.1,10.5,1.2,175,6,8.6,12.7,1.7,179,6,8.1,10.5,1.2,175,6,0,29.51,,,,,,,,,,
FAYE,2017-08-21 03:25:00 EDT,43.05423,-75.99004,588,65.7,67.4,65.7,81.6,59.9,,,,,8.5,10.4,1.1,175,6,9.3,12.1,1.5,180,5,8.5,10.4,1.1,175,6,0,29.51,,,,,,,,,,
FAYE,2017-08-21 03:30:00 EDT,43.05423,-75.99004,588,66.0,67.7,66.0,80.8,59.9,,,,,8.6,10.2,1.0,174,6,9.4,11.5,1.3,179,4,8.6,10.2,1.0,174,6,0,29.51,,,,,,,,,,
FAYE,2017-08-21 03:35:00 EDT,43.05423,-75.99004,588,65.1,67.5,65.1,81.9,59.5,,,,,8.3,10.1,0.8,175,6,9.0,11.8,1.3,180,5,8.3,10.1,0.8,175,6,0,29.51,,,,,,,,,,
FAYE,2017-08-21 03:40:00 EDT,43.05423,-75.99004,588,65.4,67.6,65.4,82.0,59.8,,,,,7.7,9.6,0.9,175,6,8.3,11.1,1.3,180,5,7.7,9.6,0.9,175,6,0,29.51,,,,,,,,,,
FAYE,2017-08-21 03:45:00 EDT,43.05423,-75.99004,588,65.3,67.6,65.3,81.4,59.4,,,,,8.6,10.3,0.8,175,5,9.1,11.7,1.1,180,4,8.6,10.3,0.8,175,5,0,29.51,,,,,,,,,,
FAYE,2017-08-21 03:50:00 EDT,43.05423,-75.99004,588,65.7,67.9,65.7,80.7,59.6,,,,,7.7,9.2,0.8,174,6,8.2,11.6,1.2,179,5,7.7,9.2,0.8,174,6,0,29.51,,,,,,,,,,
FAYE,2017-08-21 03:55:00 EDT,43.05423,-75.99004,588,65.0,67.6,65.0,81.1,59.1,,,,,6.2,8.8,1.1,177,7,6.6,9.7,1.4,182,7,6.2,8.8,1.1,177,7,0,29.51,,,,,,,,,,
FAYE,2017-08-21 04:00:00 EDT,43.05423,-75.99004,588,64.4,67.5,64.4,82.1,58.8,,,,,5.5,9.1,1.3,176,8,6.0,10.0,1.5,180,8,5.5,9.1,1.3,176,8,0,29.51,,,,,,,,,,
FAYE,2017-08-21 04:05:00 EDT,43.05423,-75.99004,588,63.0,67.1,63.0,84.2,58.2,,,,,3.7,6.4,1.2,169,14,3.9,6.9,1.3,174,15,3.7,6.4,1.2,169,14,0,29.51,,,,,,,,,,
FAYE,2017-08-21 04:10:00 EDT,43.05423,-75.99004,588,64.2,66.1,64.2,84.0,59.3,,,,,1.6,4.5,1.1,112,37,1.8,5.6,1.1,118,36,1.6,4.5,1.1,112,37,0,29.51,,,,,,,,,,
FAYE,2017-08-21 04:15:00 EDT,43.05423,-75.99004,588,64.4,65.7,64.4,83.9,59.4,,,,,0.7,1.6,0.5,33,13,0.8,2.0,0.6,34,14,0.7,1.6,0.5,33,13,0,29.51,,,,,,,,,,
FAYE,2017-08-21 04:20:00 EDT,43.05423,-75.99004,588,64.8,65.4,64.8,83.9,59.8,,,,,0.5,1.8,0.6,4,7,0.8,2.6,0.7,4,12,0.5,1.8,0.6,4,7,0,29.51,,,,,,,,,,
FAYE,2017-08-21 04:25:00 EDT,43.05423,-75.99004,588,63.7,65.3,63.7,83.3,58.6,,,,,0.5,1.5,0.5,9,12,0.7,2.2,0.7,10,15,0.5,1.5,0.5,9,12,0,29.51,,,,,,,,,,
FAYE,2017-08-21 04:30:00 EDT,43.05423,-75.99004,588,63.3,65.4,63.3,83.9,58.3,,,,,0.2,0.9,0.3,301,0,0.4,1.5,0.5,299,7,0.2,0.9,0.3,301,0,0,29.51,,,,,,,,,,
FAYE,2017-08-21 04:35:00 EDT,43.05423,-75.99004,588,62.4,65.0,62.4,82.6,57.0,,,,,0.7,1.5,0.4,256,11,1.2,1.9,0.5,264,15,0.7,1.5,0.4,256,11,0,29.51,,,,,,,,,,
FAYE,2017-08-21 04:40:00 EDT,43.05423,-75.99004,588,62.0,65.2,62.0,84.3,57.2,,,,,0.4,2.6,0.6,195,14,0.9,3.4,0.7,205,18,0.4,2.6,0.6,195,14,0,29.51,,,,,,,,,,
FAYE,2017-08-21 04:45:00 EDT,43.05423,-75.99004,588,61.2,66.4,61.2,86.0,57.0,,,,,1.8,3.1,0.6,193,15,2.0,4.1,0.7,198,14,1.8,3.1,0.6,193,15,0,29.51,,,,,,,,,,
FAYE,2017-08-21 04:50:00 EDT,43.05423,-75.99004,588,61.4,65.2,61.4,88.1,57.9,,,,,1.4,2.8,0.8,150,19,1.6,3.2,0.9,155,22,1.4,2.8,0.8,150,19,0,29.51,,,,,,,,,,
FAYE,2017-08-21 04:55:00 EDT,43.05423,-75.99004,588,61.6,64.5,61.6,89.3,58.5,,,,,0.3,1.3,0.4,112,19,0.4,1.7,0.5,119,22,0.3,1.3,0.4,112,19,0,29.52,,,,,,,,,,
FAYE,2017-08-21 05:00:00 EDT,43.05423,-75.99004,588,61.7,64.9,61.7,86.9,57.8,,,,,1.2,2.7,0.8,169,14,1.6,3.2,0.7,176,19,1.2,2.7,0.8,169,14,0,29.52,,,,,,,,,,
FAYE,2017-08-21 05:05:00 EDT,43.05423,-75.99004,588,60.6,65.8,60.6,87.3,56.8,,,,,1.5,3.1,0.4,196,14,1.7,4.2,0.5,201,15,1.5,3.1,0.4,196,14,0,29.52,,,,,,,,,,
FAYE,2017-08-21 05:10:00 EDT,43.05423,-75.99004,588,60.3,65.1,60.3,88.4,56.9,,,,,1.4,3.3,0.8,224,44,1.7,4.4,0.7,234,47,1.4,3.3,0.8,224,44,0,29.52,,,,,,,,,,
FAYE,2017-08-21 05:15:00 EDT,43.05423,-75.99004,588,60.9,62.5,60.9,88.4,57.4,,,,,1.3,2.5,0.5,298,22,1.5,2.5,0.4,305,20,1.3,2.5,0.5,298,22,0,29.52,,,,,,,,,,
FAYE,2017-08-21 05:20:00 EDT,43.05423,-75.99004,588,61.1,61.9,61.1,91.0,58.5,,,,,0.1,0.8,0.3,296,0,0.3,1.1,0.5,307,6,0.1,0.8,0.3,296,0,0,29.51,,,,,,,,,,
FAYE,2017-08-21 05:25:00 EDT,43.05423,-75.99004,588,61.0,61.7,61.0,92.9,58.9,,,,,0.2,0.9,0.4,296,0,0.4,1.2,0.5,127,8,0.2,0.9,0.4,296,0,0,29.51,,,,,,,,,,
FAYE,2017-08-21 05:30:00 EDT,43.05423,-75.99004,588,60.9,63.8,60.9,92.9,58.8,,,,,0.5,1.2,0.4,70,28,0.7,1.9,0.5,79,33,0.5,1.2,0.4,70,28,0,29.51,,,,,,,,,,
FAYE,2017-08-21 05:35:00 EDT,43.05423,-75.99004,588,61.3,63.6,61.3,89.0,58.0,,,,,0.5,1.9,0.6,195,30,0.9,2.5,0.7,188,36,0.5,1.9,0.6,195,30,0,29.51,,,,,,,,,,
FAYE,2017-08-21 05:40:00 EDT,43.05423,-75.99004,588,60.5,64.6,60.5,87.8,56.9,,,,,2.5,4.6,0.7,211,17,2.6,4.7,0.7,216,16,2.5,4.6,0.7,211,17,0,29.51,,,,,,,,,,
FAYE,2017-08-21 05:45:00 EDT,43.05423,-75.99004,588,60.9,66.4,60.9,87.6,57.2,,,,,2.6,4.9,0.8,194,19,2.8,5.3,0.9,198,19,2.6,4.9,0.8,194,19,0,29.51,,,,,,,,,,
FAYE,2017-08-21 05:50:00 EDT,43.05423,-75.99004,588,60.9,64.1,60.9,89.8,57.9,,,,,1.7,3.1,0.7,214,20,1.9,3.2,0.7,221,22,1.7,3.1,0.7,214,20,0,29.51,,,,,,,,,,
FAYE,2017-08-21 05:55:00 EDT,43.05423,-75.99004,588,61.3,63.2,61.3,91.2,58.7,,,,,0.5,1.0,0.3,251,17,1.1,1.7,0.3,259,21,0.5,1.0,0.3,251,17,0,29.52,,,,,,,,,,
FAYE,2017-08-21 06:00:00 EDT,43.05423,-75.99004,588,60.9,63.8,60.9,92.1,58.5,,,,,1.8,5.5,1.2,189,34,2.1,5.4,1.2,198,38,1.8,5.5,1.2,189,34,0,29.52,,,,,,,,,,
FAYE,2017-08-21 06:05:00 EDT,43.05423,-75.99004,588,60.5,64.5,60.5,92.5,58.3,,,,,1.6,4.1,0.9,208,33,1.9,4.8,0.9,213,33,1.6,4.1,0.9,208,33,1,29.52,,,,,,,,,,
FAYE,2017-08-21 06:10:00 EDT,43.05423,-75.99004,588,60.8,65.0,60.8,94.3,59.2,,,,,2.3,5.2,1.3,186,29,2.6,5.5,1.4,190,30,2.3,5.2,1.3,186,29,2,29.52,,,,,,,,,,
FAYE,2017-08-21 06:15:00 EDT,43.05423,-75.99004,588,61.4,65.9,61.4,92.1,59.1,,,,,3.1,5.8,1.4,166,13,3.5,6.2,1.4,168,11,3.1,5.8,1.4,166,13,2,29.51,,,,,,,,,,
FAYE,2017-08-21 06:20:00 EDT,43.05423,-75.99004,588,59.9,63.1,59.9,93.4,57.9,,,,,0.7,2.3,0.6,77,59,0.9,2.0,0.7,31,58,0.7,2.3,0.6,77,59,3,29.51,,,,,,,,,,
FAYE,2017-08-21 06:25:00 EDT,43.05423,-75.99004,588,59.5,61.2,59.5,94.8,58.0,,,,,1.4,2.4,0.5,36,17,1.6,2.7,0.5,40,18,1.4,2.4,0.5,36,17,8,29.51,,,,,,,,,,
FAYE,2017-08-21 06:30:00 EDT,43.05423,-75.99004,588,59.6,62.3,59.6,95.5,58.4,,,,,0.9,2.0,0.6,77,44,1.1,3.1,0.6,83,42,0.9,2.0,0.6,77,44,11,29.51,,,,,,,,,,
FAYE,2017-08-21 06:35:00 EDT,43.05423,-75.99004,588,60.2,64.2,60.2,95.5,58.9,,,,,1.4,3.2,0.8,175,26,1.6,5.8,0.9,178,28,1.4,3.2,0.8,175,26,16,29.51,,,,,,,,,,
FAYE,2017-08-21 06:40:00 EDT,43.05423,-75.99004,588,61.2,65.5,61.2,93.5,59.3,,,,,2.0,3.6,0.9,167,19,2.1,4.5,0.9,171,20,2.0,3.6,0.9,167,19,23,29.51,,,,,,,,,,
FAYE,2017-08-21 06:45:00 EDT,43.05423,-75.99004,588,60.3,63.1,60.3,92.3,58.1,,,,,1.7,2.7,0.7,42,12,1.7,3.0,0.8,48,10,1.7,2.7,0.7,42,12,31,29.51,,,,,,,,,,
FAYE,2017-08-21 06:50:00 EDT,43.05423,-75.99004,588,60.7,62.0,60.7,93.3,58.8,,,,,2.1,3.1,0.5,52,11,2.2,3.4,0.5,54,10,2.1,3.1,0.5,52,11,49,29.51,,,,,,,,,,
FAYE,2017-08-21 06:55:00 EDT,43.05423,-75.99004,588,61.6,63.1,61.6,92.1,59.3,,,,,1.8,2.8,0.5,73,12,2.1,3.4,0.7,75,15,1.8,2.8,0.5,73,12,55,29.51,,,,,,,,,,
FAYE,2017-08-21 07:00:00 EDT,43.05423,-75.99004,588,62.4,64.2,62.4,89.7,59.4,,,,,0.7,1.5,0.4,61,23,1.0,1.9,0.5,57,30,0.7,1.5,0.4,61,23,58,29.52,,,,,,,,,,
FAYE,2017-08-21 07:05:00 EDT,43.05423,-75.99004,588,60.7,61.4,60.7,91.6,58.2,,,,,0.9,1.4,0.4,324,9,1.1,1.7,0.5,328,11,0.9,1.4,0.4,324,9,61,29.52,,,,,,,,,,
FAYE,2017-08-21 07:10:00 EDT,43.05423,-75.99004,588,60.6,61.4,60.6,93.1,58.6,,,,,0.3,1.3,0.4,78,13,0.5,2.0,0.6,82,27,0.3,1.3,0.4,78,13,71,29.52,,,,,,,,,,
FAYE,2017-08-21 07:15:00 EDT,43.05423,-75.99004,588,61.1,63.5,61.1,93.8,59.3,,,,,0.2,1.1,0.3,225,12,0.7,1.5,0.5,221,27,0.2,1.1,0.3,225,12,84,29.52,,,,,,,,,,
FAYE,2017-08-21 07:20:00 EDT,43.05423,-75.99004,588,62.0,64.7,62.0,93.5,60.1,,,,,0.2,1.3,0.4,172,42,0.7,2.6,0.6,220,53,0.2,1.3,0.4,172,42,97,29.52,,,,,,,,,,
FAYE,2017-08-21 07:25:00 EDT,43.05423,-75.99004,588,61.1,61.2,61.1,92.8,59.0,,,,,1.8,2.7,0.4,341,15,2.1,3.6,0.6,348,16,1.8,2.7,0.4,341,15,64,29.52,,,,,,,,,,
FAYE,2017-08-21 07:30:00 EDT,43.05423,-75.99004,588,60.7,60.8,60.7,94.1,59.0,,,,,0.5,1.5,0.5,290,11,0.8,1.8,0.6,291,17,0.5,1.5,0.5,290,11,65,29.52,,,,,,,,,,
FAYE,2017-08-21 07:35:00 EDT,43.05423,-75.99004,588,61.7,63.8,61.7,94.2,60.1,,,,,0.8,3.8,0.8,201,44,1.5,5.6,1.1,211,47,0.8,3.8,0.8,201,44,97,29.52,,,,,,,,,,
FAYE,2017-08-21 07:40:00 EDT,43.05423,-75.99004,588,61.8,62.7,61.8,92.0,59.5,,,,,1.4,2.5,0.7,9,41,1.8,3.5,0.8,16,42,1.4,2.5,0.7,9,41,101,29.52,,,,,,,,,,
FAYE,2017-08-21 07:45:00 EDT,43.05423,-75.99004,588,61.4,61.3,61.4,92.6,59.2,,,,,0.7,1.5,0.5,11,8,1.0,2.1,0.6,8,10,0.7,1.5,0.5,11,8,172,29.52,,,,,,,,,,
FAYE,2017-08-21 07:50:00 EDT,43.05423,-75.99004,588,62.3,62.4,62.3,93.2,60.3,,,,,0.2,2.3,0.5,242,32,0.6,2.9,0.7,343,48,0.2,2.3,0.5,242,32,141,29.52,,,,,,,,,,
FAYE,2017-08-21 07:55:00 EDT,43.05423,-75.99004,588,63.5,64.4,63.5,92.2,61.1,,,,,1.5,5.5,1.5,172,38,1.8,7.3,1.6,171,37,1.5,5.5,1.5,172,38,129,29.52,,,,,,,,,,
FAYE,2017-08-21 08:00:00 EDT,43.05423,-75.99004,588,66.9,68.0,66.9,84.7,62.2,,,,,4.9,7.8,1.4,174,18,5.6,9.4,1.6,177,17,4.9,7.8,1.4,174,18,169,29.52,,,,,,,,,,
FAYE,2017-08-21 08:05:00 EDT,43.05423,-75.99004,588,68.7,69.0,68.7,78.6,61.7,,,,,4.7,6.9,1.2,172,17,5.1,9.1,1.4,176,17,4.7,6.9,1.2,172,17,207,29.52,,,,,,,,,,
FAYE,2017-08-21 08:10:00 EDT,43.05423,-75.99004,588,66.5,68.7,66.5,78.9,59.8,,,,,2.6,5.7,1.2,180,25,2.9,7.2,1.3,186,25,2.6,5.7,1.2,180,25,233,29.52,,,,,,,,,,
FAYE,2017-08-21 08:15:00 EDT,43.05423,-75.99004,588,66.6,69.4,66.6,82.4,61.0,,,,,3.1,7.7,2.0,173,22,4.1,8.8,2.0,180,21,3.1,7.7,2.0,173,22,272,29.52,,,,,,,,,,
FAYE,2017-08-21 08:20:00 EDT,43.05423,-75.99004,588,69.6,70.2,69.6,77.6,62.3,,,,,3.1,6.6,1.6,180,26,3.4,8.4,1.7,184,32,3.1,6.6,1.6,180,26,289,29.52,,,,,,,,,,
FAYE,2017-08-21 08:25:00 EDT,43.05423,-75.99004,588,66.6,66.4,66.6,80.7,60.5,,,,,1.5,2.9,0.7,337,11,1.9,3.5,0.7,344,15,1.5,2.9,0.7,337,11,333,29.52,,,,,,,,,,
FAYE,2017-08-21 08:30:00 EDT,43.05423,-75.99004,588,66.1,65.3,66.1,85.1,61.5,,,,,1.8,2.9,0.5,360,12,2.3,3.7,0.6,8,12,1.8,2.9,0.5,360,12,307,29.52,,,,,,,,,,
FAYE,2017-08-21 08:35:00 EDT,43.05423,-75.99004,588,66.2,65.6,66.2,84.6,61.4,,,,,1.2,1.6,0.2,354,12,1.6,2.3,0.3,359,12,1.2,1.6,0.2,354,12,232,29.52,,,,,,,,,,
FAYE,2017-08-21 08:40:00 EDT,43.05423,-75.99004,588,65.9,65.6,65.9,86.0,61.6,,,,,1.2,1.9,0.5,350,28,1.5,2.7,0.5,351,41,1.2,1.9,0.5,350,28,151,29.51,,,,,,,,,,
FAYE,2017-08-21 08:45:00 EDT,43.05423,-75.99004,588,69.0,69.3,69.0,83.9,64.0,,,,,4.0,7.3,1.8,166,17,4.4,7.5,1.9,171,16,4.0,7.3,1.8,166,17,281,29.51,,,,,,,,,,
FAYE,2017-08-21 08:50:00 EDT,43.05423,-75.99004,588,70.4,70.8,70.4,80.2,64.0,,,,,3.2,6.6,1.3,155,26,3.8,7.5,1.5,159,23,3.2,6.6,1.3,155,26,165,29.51,,,,,,,,,,
FAYE,2017-08-21 08:55:00 EDT,43.05423,-75.99004,588,71.5,71.5,71.5,75.7,63.4,,,,,4.1,6.1,0.9,160,18,4.6,7.4,1.2,162,16,4.1,6.1,0.9,160,18,234,29.51,,,,,,,,,,
FAYE,2017-08-21 09:00:00 EDT,43.05423,-75.99004,588,72.4,72.0,72.4,73.3,63.4,,,,,2.8,6.4,1.1,157,21,3.1,6.9,1.1,161,19,2.8,6.4,1.1,157,21,243,29.51,,,,,,,,,,
FAYE,2017-08-21 09:05:00 EDT,43.05423,-75.99004,588,72.5,72.1,72.5,72.4,63.1,,,,,3.8,6.1,0.9,168,15,4.1,7.6,1.2,171,16,3.8,6.1,0.9,168,15,288,29.51,,,,,,,,,,
FAYE,2017-08-21 09:10:00 EDT,43.05423,-75.99004,588,72.5,72.3,72.5,71.3,62.7,,,,,4.0,5.9,1.0,170,18,4.5,7.0,1.3,173,16,4.0,5.9,1.0,170,18,164,29.51,,,,,,,,,,
FAYE,2017-08-21 09:15:00 EDT,43.05423,-75.99004,588,72.3,72.2,72.3,72.1,62.8,,,,,3.2,6.9,1.4,173,20,3.6,8.5,1.7,177,20,3.2,6.9,1.4,173,20,287,29.51,,,,,,,,,,
FAYE,2017-08-21 09:20:00 EDT,43.05423,-75.99004,588,73.5,72.9,73.5,71.0,63.5,,,,,4.0,6.9,1.7,167,15,4.5,8.2,1.8,171,14,4.0,6.9,1.7,167,15,395,29.51,,,,,,,,,,
FAYE,2017-08-21 09:25:00 EDT,43.05423,-75.99004,588,74.4,73.6,74.4,70.2,64.1,,,,,4.6,9.0,1.5,167,14,5.3,9.9,1.7,170,14,4.6,9.0,1.5,167,14,408,29.51,,,,,,,,,,
FAYE,2017-08-21 09:30:00 EDT,43.05423,-75.99004,588,74.9,74.1,74.9,68.7,63.9,,,,,4.4,6.6,1.0,159,15,5.0,7.5,1.1,162,15,4.4,6.6,1.0,159,15,399,29.52,,,,,,,,,,
FAYE,2017-08-21 09:35:00 EDT,43.05423,-75.99004,588,75.4,74.6,75.4,66.6,63.5,,,,,3.0,5.3,1.1,158,24,3.4,6.4,1.2,162,25,3.0,5.3,1.1,158,24,467,29.52,,,,,,,,,,
FAYE,2017-08-21 09:40:00 EDT,43.05423,-75.99004,588,75.5,74.8,75.5,66.7,63.7,,,,,3.2,5.5,0.9,163,17,3.7,5.8,1.0,166,18,3.2,5.5,0.9,163,17,294,29.52,,,,,,,,,,
FAYE,2017-08-21 09:45:00 EDT,43.05423,-75.99004,588,75.5,74.9,75.5,67.7,64.1,,,,,3.1,5.4,1.0,156,14,3.4,6.0,1.1,159,14,3.1,5.4,1.0,156,14,315,29.52,,,,,,,,,,
FAYE,2017-08-21 09:50:00 EDT,43.05423,-75.99004,588,75.5,74.8,75.5,67.8,64.2,,,,,3.6,5.5,1.0,174,18,4.2,6.3,1.2,179,18,3.6,5.5,1.0,174,18,349,29.52,,,,,,,,,,
FAYE,2017-08-21 09:55:00 EDT,43.05423,-75.99004,588,75.7,75.0,75.7,68.0,64.4,,,,,3.1,4.9,1.0,172,11,3.5,5.8,1.1,174,12,3.1,4.9,1.0,172,11,365,29.52,,,,,,,,,,
FAYE,2017-08-21 10:00:00 EDT,43.05423,-75.99004,588,76.2,75.5,76.2,67.8,64.8,,,,,3.5,6.3,1.1,149,21,4.0,7.1,1.3,152,20,3.5,6.3,1.1,149,21,391,29.52,,,,,,,,,,
FAYE,2017-08-21 10:05:00 EDT,43.05423,-75.99004,588,76.4,75.4,76.4,66.7,64.5,,,,,4.5,6.2,0.9,131,13,4.7,8.0,1.1,134,11,4.5,6.2,0.9,131,13,433,29.52,,,,,,,,,,
FAYE,2017-08-21 10:10:00 EDT,43.05423,-75.99004,588,76.9,75.8,76.9,67.5,65.3,,,,,3.0,5.2,1.3,143,17,3.5,6.0,1.5,146,16,3.0,5.2,1.3,143,17,411,29.52,,,,,,,,,,
FAYE,2017-08-21 10:15:00 EDT,43.05423,-75.99004,588,77.1,76.2,77.1,65.0,64.4,,,,,3.1,5.0,1.1,140,17,3.3,5.9,1.1,145,17,3.1,5.0,1.1,140,17,453,29.52,,,,,,,,,,
FAYE,2017-08-21 10:20:00 EDT,43.05423,-75.99004,588,77.6,76.7,77.6,65.3,65.0,,,,,2.2,4.5,1.0,150,18,2.6,5.1,1.0,155,20,2.2,4.5,1.0,150,18,408,29.51,,,,,,,,,,
FAYE,2017-08-21 10:25:00 EDT,43.05423,-75.99004,588,77.8,76.8,77.8,63.5,64.5,,,,,3.1,4.7,0.8,137,12,3.2,5.2,1.0,139,12,3.1,4.7,0.8,137,12,391,29.51,,,,,,,,,,
FAYE,2017-08-21 10:30:00 EDT,43.05423,-75.99004,588,78.1,77.4,78.1,63.5,64.7,,,,,2.8,5.0,1.0,166,29,3.3,6.4,1.2,170,28,2.8,5.0,1.0,166,29,468,29.51,,,,,,,,,,
FAYE,2017-08-21 10:35:00 EDT,43.05423,-75.99004,588,78.2,77.3,78.2,67.4,66.5,,,,,4.3,7.7,1.3,249,41,4.9,8.4,1.5,260,43,4.3,7.7,1.3,249,41,584,29.51,,,,,,,,,,
FAYE,2017-08-21 10:40:00 EDT,43.05423,-75.99004,588,77.7,76.9,77.7,64.8,64.9,,,,,2.8,4.8,1.0,302,18,3.0,5.5,1.0,309,17,2.8,4.8,1.0,302,18,399,29.51,,,,,,,,,,
FAYE,2017-08-21 10:45:00 EDT,43.05423,-75.99004,588,77.9,77.0,77.9,64.5,64.9,,,,,1.8,2.6,0.5,269,14,2.1,3.2,0.6,279,15,1.8,2.6,0.5,269,14,405,29.50,,,,,,,,,,
FAYE,2017-08-21 10:50:00 EDT,43.05423,-75.99004,588,78.2,77.4,78.2,61.5,63.9,,,,,1.6,2.8,0.5,270,24,2.0,3.2,0.5,278,24,1.6,2.8,0.5,270,24,494,29.50,,,,,,,,,,
FAYE,2017-08-21 10:55:00 EDT,43.05423,-75.99004,588,79.4,78.4,79.4,61.8,65.1,,,,,2.3,4.7,1.3,67,59,2.9,5.0,1.3,71,66,2.3,4.7,1.3,67,59,479,29.50,,,,,,,,,,
FAYE,2017-08-21 11:00:00 EDT,43.05423,-75.99004,588,79.8,78.8,79.8,57.7,63.6,,,,,2.7,6.3,1.7,200,31,3.1,7.2,1.7,206,29,2.7,6.3,1.7,200,31,504,29.50,,,,,,,,,,
FAYE,2017-08-21 11:05:00 EDT,43.05423,-75.99004,588,80.1,79.0,81.4,54.6,62.3,,,,,4.8,7.0,1.2,196,12,5.3,8.9,1.4,200,10,4.8,7.0,1.2,196,12,690,29.50,,,,,,,,,,
FAYE,2017-08-21 11:10:00 EDT,43.05423,-75.99004,588,80.6,79.3,82.1,56.6,63.7,,,,,3.4,6.4,1.4,205,21,3.8,8.0,1.5,209,23,3.4,6.4,1.4,205,21,622,29.50,,,,,,,,,,
FAYE,2017-08-21 11:15:00 EDT,43.05423,-75.99004,588,80.5,79.6,81.9,55.8,63.2,,,,,3.5,5.9,1.2,185,29,4.0,7.5,1.3,186,29,3.5,5.9,1.2,185,29,500,29.49,,,,,,,,,,
FAYE,2017-08-21 11:20:00 EDT,43.05423,-75.99004,588,80.7,79.8,81.5,50.0,60.4,,,,,5.9,10.1,2.2,205,18,6.1,10.5,2.2,208,18,5.9,10.1,2.2,205,18,573,29.49,,,,,,,,,,
FAYE,2017-08-21 11:25:00 EDT,43.05423,-75.99004,588,80.5,79.9,81.3,49.9,60.1,,,,,4.7,8.5,1.5,223,22,4.8,8.2,1.5,229,23,4.7,8.5,1.5,223,22,467,29.49,,,,,,,,,,
FAYE,2017-08-21 11:30:00 EDT,43.05423,-75.99004,588,81.0,80.1,81.9,51.2,61.3,,,,,4.4,6.7,1.2,220,20,4.7,8.3,1.4,224,21,4.4,6.7,1.2,220,20,455,29.49,,,,,,,,,,
FAYE,2017-08-21 11:35:00 EDT,43.05423,-75.99004,588,79.9,79.5,79.9,53.3,61.4,,,,,5.3,7.8,0.9,240,26,5.6,9.0,1.0,245,26,5.3,7.8,0.9,240,26,362,29.49,,,,,,,,,,
FAYE,2017-08-21 11:40:00 EDT,43.05423,-75.99004,588,80.7,79.6,82.0,54.3,62.7,,,,,6.4,9.2,1.0,239,12,6.6,10.3,1.3,245,12,6.4,9.2,1.0,239,12,685,29.49,,,,,,,,,,
FAYE,2017-08-21 11:45:00 EDT,43.05423,-75.99004,588,81.7,80.2,82.9,53.0,62.9,,,,,7.0,10.4,1.4,228,17,7.2,10.6,1.3,232,17,7.0,10.4,1.4,228,17,709,29.49,,,,,,,,,,
FAYE,2017-08-21 11:50:00 EDT,43.05423,-75.99004,588,81.6,80.3,82.6,51.4,62.0,,,,,8.6,13.1,2.3,228,18,8.8,14.9,2.3,233,17,8.6,13.1,2.3,228,18,700,29.49,,,,,,,,,,
FAYE,2017-08-21 11:55:00 EDT,43.05423,-75.99004,588,81.7,80.3,82.6,51.1,61.9,,,,,7.4,11.0,1.8,211,14,7.5,12.6,1.7,216,13,7.4,11.0,1.8,211,14,701,29.49,,,,,,,,,,
FAYE,2017-08-21 12:00:00 EDT,43.05423,-75.99004,588,81.7,80.3,82.4,50.0,61.2,,,,,5.7,9.9,1.8,215,16,6.0,10.1,1.7,218,16,5.7,9.9,1.8,215,16,701,29.49,,,,,,,,,,
FAYE,2017-08-21 12:05:00 EDT,43.05423,-75.99004,588,82.3,80.9,83.4,51.5,62.7,,,,,6.3,9.4,1.4,217,27,6.7,9.9,1.5,221,27,6.3,9.4,1.4,217,27,698,29.49,,,,,,,,,,
FAYE,2017-08-21 12:10:00 EDT,43.05423,-75.99004,588,82.8,81.2,84.0,51.7,63.2,,,,,5.9,11.3,1.9,250,23,6.7,13.3,2.2,256,22,5.9,11.3,1.9,250,23,700,29.49,,,,,,,,,,
FAYE,2017-08-21 12:15:00 EDT,43.05423,-75.99004,588,82.8,81.4,83.7,49.8,62.2,,,,,7.1,12.1,1.9,211,15,7.3,11.7,1.9,215,14,7.1,12.1,1.9,211,15,704,29.49,,,,,,,,,,
FAYE,2017-08-21 12:20:00 EDT,43.05423,-75.99004,588,83.2,81.8,84.4,51.4,63.4,,,,,6.9,11.0,1.7,232,23,7.6,12.2,1.8,237,22,6.9,11.0,1.7,232,23,706,29.49,,,,,,,,,,
FAYE,2017-08-21 12:25:00 EDT,43.05423,-75.99004,588,83.1,81.5,84.1,50.5,62.9,,,,,9.0,14.6,2.4,230,12,9.1,14.2,2.3,234,12,9.0,14.6,2.4,230,12,704,29.49,,,,,,,,,,
FAYE,2017-08-21 12:30:00 EDT,43.05423,-75.99004,588,83.1,81.5,84.4,52.1,63.7,,,,,7.6,11.4,1.6,244,14,8.2,12.5,1.8,251,14,7.6,11.4,1.6,244,14,704,29.49,,,,,,,,,,
FAYE,2017-08-21 12:35:00 EDT,43.05423,-75.99004,588,83.7,82.1,85.2,52.6,64.5,,,,,6.8,12.3,1.9,234,23,7.5,12.8,2.2,240,24,6.8,12.3,1.9,234,23,704,29.49,,,,,,,,,,
FAYE,2017-08-21 12:40:00 EDT,43.05423,-75.99004,588,83.3,81.9,84.2,49.5,62.4,,,,,5.7,10.3,2.7,233,33,6.2,12.0,3.0,238,34,5.7,10.3,2.7,233,33,695,29.49,,,,,,,,,,
FAYE,2017-08-21 12:45:00 EDT,43.05423,-75.99004,588,83.4,82.4,84.6,50.8,63.3,,,,,5.1,10.2,2.5,223,30,5.7,11.1,2.5,227,32,5.1,10.2,2.5,223,30,700,29.48,,,,,,,,,,
FAYE,2017-08-21 12:50:00 EDT,43.05423,-75.99004,588,83.5,82.2,84.5,49.8,62.8,,,,,5.7,10.2,2.4,221,14,5.7,10.1,2.2,226,14,5.7,10.2,2.4,221,14,704,29.48,,,,,,,,,,
FAYE,2017-08-21 12:55:00 EDT,43.05423,-75.99004,588,83.7,82.3,84.6,48.9,62.5,,,,,6.2,9.6,1.5,204,13,6.6,11.2,1.6,208,13,6.2,9.6,1.5,204,13,705,29.48,,,,,,,,,,
FAYE,2017-08-21 13:00:00 EDT,43.05423,-75.99004,588,84.2,82.7,85.0,48.5,62.6,,,,,6.8,12.6,1.8,220,19,7.0,12.7,1.7,223,18,6.8,12.6,1.8,220,19,711,29.48,,,,,,,,,,
FAYE,2017-08-21 13:05:00 EDT,43.05423,-75.99004,588,84.6,82.9,85.4,48.0,62.7,,,,,5.9,10.4,1.8,228,23,6.2,11.3,1.8,232,23,5.9,10.4,1.8,228,23,730,29.48,,,,,,,,,,
FAYE,2017-08-21 13:10:00 EDT,43.05423,-75.99004,588,84.9,83.1,85.5,46.3,62.0,,,,,6.7,9.0,1.2,250,17,7.2,10.3,1.4,256,18,6.7,9.0,1.2,250,17,765,29.48,,,,,,,,,,
FAYE,2017-08-21 13:15:00 EDT,43.05423,-75.99004,588,84.5,83.3,84.7,44.7,60.7,,,,,4.7,8.3,1.8,215,19,5.0,8.4,1.6,221,17,4.7,8.3,1.8,215,19,487,29.48,,,,,,,,,,
FAYE,2017-08-21 13:20:00 EDT,43.05423,-75.99004,588,83.5,82.7,84.0,47.3,61.4,,,,,5.8,10.9,1.8,238,14,6.1,11.0,2.0,243,14,5.8,10.9,1.8,238,14,345,29.48,,,,,,,,,,
FAYE,2017-08-21 13:25:00 EDT,43.05423,-75.99004,588,83.3,82.5,83.5,46.1,60.4,,,,,8.3,11.5,1.4,232,10,8.5,12.8,1.6,236,11,8.3,11.5,1.4,232,10,657,29.47,,,,,,,,,,
FAYE,2017-08-21 13:30:00 EDT,43.05423,-75.99004,588,84.1,82.9,84.6,46.4,61.4,,,,,8.2,12.1,1.7,239,12,8.7,13.5,1.9,244,14,8.2,12.1,1.7,239,12,606,29.47,,,,,,,,,,
FAYE,2017-08-21 13:35:00 EDT,43.05423,-75.99004,588,83.9,82.7,84.4,47.1,61.5,,,,,7.8,10.4,1.5,250,13,8.2,11.1,1.6,256,13,7.8,10.4,1.5,250,13,596,29.47,,,,,,,,,,
FAYE,2017-08-21 13:40:00 EDT,43.05423,-75.99004,588,84.3,82.9,84.6,45.4,60.9,,,,,6.9,11.5,1.9,242,23,7.3,11.0,1.7,249,23,6.9,11.5,1.9,242,23,625,29.47,,,,,,,,,,
FAYE,2017-08-21 13:45:00 EDT,43.05423,-75.99004,588,84.1,82.8,84.3,45.6,60.8,,,,,5.7,9.4,1.9,224,14,5.7,9.5,1.9,227,14,5.7,9.4,1.9,224,14,579,29.47,,,,,,,,,,
FAYE,2017-08-21 13:50:00 EDT,43.05423,-75.99004,588,84.0,83.1,84.3,45.5,60.7,,,,,6.4,9.7,2.1,252,13,6.9,10.5,2.3,259,11,6.4,9.7,2.1,252,13,505,29.47,,,,,,,,,,
FAYE,2017-08-21 13:55:00 EDT,43.05423,-75.99004,588,83.8,83.0,84.1,45.8,60.7,,,,,6.9,12.9,2.1,241,17,7.3,14.2,2.2,246,18,6.9,12.9,2.1,241,17,499,29.47,,,,,,,,,,
FAYE,2017-08-21 14:00:00 EDT,43.05423,-75.99004,588,83.7,83.1,84.3,47.3,61.5,,,,,5.9,9.6,1.3,230,9,6.3,9.1,1.1,234,11,5.9,9.6,1.3,230,9,428,29.47,,,,,,,,,,
FAYE,2017-08-21 14:05:00 EDT,43.05423,-75.99004,588,83.4,82.9,83.5,45.3,60.0,,,,,7.0,11.1,1.8,233,14,7.2,12.0,2.0,238,15,7.0,11.1,1.8,233,14,423,29.46,,,,,,,,,,
FAYE,2017-08-21 14:10:00 EDT,43.05423,-75.99004,588,83.2,82.7,83.8,48.2,61.5,,,,,4.4,6.7,1.0,226,10,4.5,8.0,1.2,230,10,4.4,6.7,1.0,226,10,390,29.46,,,,,,,,,,
FAYE,2017-08-21 14:15:00 EDT,43.05423,-75.99004,588,83.0,82.7,84.0,50.2,62.6,,,,,3.4,7.7,1.3,249,22,3.7,8.0,1.4,255,22,3.4,7.7,1.3,249,22,236,29.46,,,,,,,,,,
FAYE,2017-08-21 14:20:00 EDT,43.05423,-75.99004,588,82.2,82.2,83.3,51.8,62.7,,,,,2.8,5.5,1.4,226,16,2.9,5.9,1.3,232,15,2.8,5.5,1.4,226,16,289,29.46,,,,,,,,,,
FAYE,2017-08-21 14:25:00 EDT,43.05423,-75.99004,588,82.5,82.2,83.7,52.6,63.4,,,,,3.0,4.4,0.7,248,16,3.3,4.9,0.8,255,18,3.0,4.4,0.7,248,16,265,29.46,,,,,,,,,,
FAYE,2017-08-21 14:30:00 EDT,43.05423,-75.99004,588,82.1,82.2,83.0,51.0,62.2,,,,,4.9,8.5,1.7,245,15,5.2,10.0,1.8,252,16,4.9,8.5,1.7,245,15,162,29.45,,,,,,,,,,
FAYE,2017-08-21 14:35:00 EDT,43.05423,-75.99004,588,80.9,81.6,82.0,52.7,62.0,,,,,6.0,8.0,1.0,225,18,6.1,8.4,1.1,231,19,6.0,8.0,1.0,225,18,130,29.45,,,,,,,,,,
FAYE,2017-08-21 14:40:00 EDT,43.05423,-75.99004,588,80.2,81.3,81.8,57.3,63.8,,,,,3.3,4.6,0.5,203,10,3.3,5.2,0.7,207,9,3.3,4.6,0.5,203,10,105,29.45,,,,,,,,,,
FAYE,2017-08-21 14:45:00 EDT,43.05423,-75.99004,588,80.1,81.4,81.6,57.6,63.8,,,,,4.0,5.2,0.4,218,9,4.1,5.5,0.6,222,8,4.0,5.2,0.4,218,9,96,29.45,,,,,,,,,,
FAYE,2017-08-21 14:50:00 EDT,43.05423,-75.99004,588,80.2,81.5,81.6,55.6,62.9,,,,,4.5,5.5,0.5,210,8,4.6,5.9,0.6,215,6,4.5,5.5,0.5,210,8,114,29.45,,,,,,,,,,
FAYE,2017-08-21 14:55:00 EDT,43.05423,-75.99004,588,80.5,81.6,81.8,54.5,62.6,,,,,4.2,6.0,0.5,217,6,4.1,6.0,0.6,221,5,4.2,6.0,0.5,217,6,184,29.45,,,,,,,,,,
FAYE,2017-08-21 15:00:00 EDT,43.05423,-75.99004,588,81.0,81.7,82.2,53.2,62.4,,,,,5.1,8.0,1.0,216,10,5.1,8.4,1.0,220,9,5.1,8.0,1.0,216,10,163,29.45,,,,,,,,,,
FAYE,2017-08-21 15:05:00 EDT,43.05423,-75.99004,588,80.7,81.5,81.9,54.1,62.5,,,,,4.2,5.9,0.7,214,8,4.2,6.1,0.8,220,6,4.2,5.9,0.7,214,8,208,29.45,,,,,,,,,,
FAYE,2017-08-21 15:10:00 EDT,43.05423,-75.99004,588,81.5,81.7,82.7,53.0,62.7,,,,,4.9,7.7,1.2,225,10,5.0,8.7,1.2,228,10,4.9,7.7,1.2,225,10,238,29.45,,,,,,,,,,
FAYE,2017-08-21 15:15:00 EDT,43.05423,-75.99004,588,81.2,81.7,82.3,52.8,62.4,,,,,4.5,6.6,0.6,227,8,4.6,6.5,0.7,231,9,4.5,6.6,0.6,227,8,201,29.45,,,,,,,,,,
FAYE,2017-08-21 15:20:00 EDT,43.05423,-75.99004,588,82.1,82.1,83.4,53.3,63.5,,,,,4.4,6.1,0.7,237,13,4.6,7.2,0.8,243,13,4.4,6.1,0.7,237,13,401,29.45,,,,,,,,,,
FAYE,2017-08-21 15:25:00 EDT,43.05423,-75.99004,588,82.5,82.3,83.7,52.1,63.2,,,,,3.7,5.5,0.8,237,11,4.1,7.3,0.8,242,13,3.7,5.5,0.8,237,11,223,29.45,,,,,,,,,,
FAYE,2017-08-21 15:30:00 EDT,43.05423,-75.99004,588,81.9,82.1,83.3,53.5,63.4,,,,,3.4,5.4,0.7,227,16,3.6,6.2,0.9,233,16,3.4,5.4,0.7,227,16,256,29.45,,,,,,,,,,
FAYE,2017-08-21 15:35:00 EDT,43.05423,-75.99004,588,83.0,82.4,84.7,54.6,64.9,,,,,5.0,7.5,1.1,186,20,5.4,9.3,1.3,190,20,5.0,7.5,1.1,186,20,497,29.44,,,,,,,,,,
FAYE,2017-08-21 15:40:00 EDT,43.05423,-75.99004,588,83.7,82.8,85.2,52.2,64.3,,,,,6.0,9.8,1.5,214,14,6.2,9.5,1.2,218,13,6.0,9.8,1.5,214,14,557,29.44,,,,,,,,,,
FAYE,2017-08-21 15:45:00 EDT,43.05423,-75.99004,588,84.0,83.0,85.6,51.7,64.3,,,,,6.3,9.2,1.4,223,12,6.6,10.6,1.3,228,12,6.3,9.2,1.4,223,12,564,29.44,,,,,,,,,,
FAYE,2017-08-21 15:50:00 EDT,43.05423,-75.99004,588,84.2,83.2,85.5,50.5,63.8,,,,,7.1,10.6,1.6,225,12,7.1,10.6,1.6,230,11,7.1,10.6,1.6,225,12,561,29.44,,,,,,,,,,
FAYE,2017-08-21 15:55:00 EDT,43.05423,-75.99004,588,84.1,83.0,85.3,50.2,63.6,,,,,8.0,11.9,1.7,234,17,8.3,12.9,1.9,239,18,8.0,11.9,1.7,234,17,554,29.44,,,,,,,,,,
FAYE,2017-08-21 16:00:00 EDT,43.05423,-75.99004,588,84.1,83.1,85.4,50.6,63.8,,,,,7.8,10.4,1.2,207,10,8.0,11.8,1.3,210,10,7.8,10.4,1.2,207,10,540,29.44,,,,,,,,,,
FAYE,2017-08-21 16:05:00 EDT,43.05423,-75.99004,588,84.4,83.3,86.2,51.9,64.9,,,,,6.5,9.7,1.4,247,18,6.9,11.2,1.6,254,19,6.5,9.7,1.4,247,18,518,29.44,,,,,,,,,,
FAYE,2017-08-21 16:10:00 EDT,43.05423,-75.99004,588,83.8,82.9,85.1,51.4,63.9,,,,,8.1,11.7,1.4,241,10,8.6,12.9,1.5,248,10,8.1,11.7,1.4,241,10,334,29.44,,,,,,,,,,
FAYE,2017-08-21 16:15:00 EDT,43.05423,-75.99004,588,83.2,82.6,84.7,53.2,64.4,,,,,6.8,9.4,1.2,250,14,7.2,11.5,1.3,256,14,6.8,9.4,1.2,250,14,413,29.44,,,,,,,,,,
FAYE,2017-08-21 16:20:00 EDT,43.05423,-75.99004,588,83.9,82.9,85.7,53.3,65.1,,,,,6.6,10.8,1.8,242,14,7.1,12.3,1.8,249,13,6.6,10.8,1.8,242,14,491,29.44,,,,,,,,,,
FAYE,2017-08-21 16:25:00 EDT,43.05423,-75.99004,588,84.4,83.3,86.3,53.1,65.4,,,,,6.2,8.6,1.5,224,18,6.4,9.3,1.6,229,18,6.2,8.6,1.5,224,18,503,29.44,,,,,,,,,,
FAYE,2017-08-21 16:30:00 EDT,43.05423,-75.99004,588,84.1,83.1,85.8,52.0,64.6,,,,,5.9,7.6,0.9,233,13,6.0,8.5,1.0,238,14,5.9,7.6,0.9,233,13,497,29.44,,,,,,,,,,
FAYE,2017-08-21 16:35:00 EDT,43.05423,-75.99004,588,83.9,83.0,85.3,51.7,64.2,,,,,5.6,9.4,1.5,202,16,6.1,10.8,1.9,206,16,5.6,9.4,1.5,202,16,438,29.44,,,,,,,,,,
FAYE,2017-08-21 16:40:00 EDT,43.05423,-75.99004,588,83.9,83.2,85.7,52.8,64.9,,,,,6.2,10.4,1.2,218,14,6.5,10.6,1.3,222,14,6.2,10.4,1.2,218,14,470,29.44,,,,,,,,,,
FAYE,2017-08-21 16:45:00 EDT,43.05423,-75.99004,588,83.8,83.1,85.8,54.0,65.4,,,,,7.4,12.6,1.8,223,16,7.6,13.1,2.1,226,16,7.4,12.6,1.8,223,16,401,29.43,,,,,,,,,,
FAYE,2017-08-21 16:50:00 EDT,43.05423,-75.99004,588,83.7,83.0,85.7,54.5,65.6,,,,,8.3,12.0,1.4,216,13,8.5,11.7,1.4,219,11,8.3,12.0,1.4,216,13,448,29.43,,,,,,,,,,
FAYE,2017-08-21 16:55:00 EDT,43.05423,-75.99004,588,83.6,82.8,85.7,55.2,65.8,,,,,7.8,12.9,1.7,217,14,8.0,13.5,1.8,221,13,7.8,12.9,1.7,217,14,440,29.43,,,,,,,,,,
FAYE,2017-08-21 17:00:00 EDT,43.05423,-75.99004,588,83.4,82.7,85.6,56.0,66.1,,,,,6.1,9.3,1.3,214,13,6.3,11.3,1.4,218,10,6.1,9.3,1.3,214,13,321,29.44,,,,,,,,,,
FAYE,2017-08-21 17:05:00 EDT,43.05423,-75.99004,588,83.0,82.5,85.1,55.9,65.7,,,,,5.1,8.4,1.2,219,13,5.3,8.7,1.3,224,12,5.1,8.4,1.2,219,13,340,29.44,,,,,,,,,,
FAYE,2017-08-21 17:10:00 EDT,43.05423,-75.99004,588,82.4,82.2,84.3,56.4,65.3,,,,,5.8,9.6,1.6,220,13,5.8,10.4,1.5,223,11,5.8,9.6,1.6,220,13,245,29.44,,,,,,,,,,
FAYE,2017-08-21 17:15:00 EDT,43.05423,-75.99004,588,82.7,82.3,84.7,56.2,65.5,,,,,5.0,6.5,1.0,206,13,5.1,7.1,1.1,211,11,5.0,6.5,1.0,206,13,361,29.43,,,,,,,,,,
FAYE,2017-08-21 17:20:00 EDT,43.05423,-75.99004,588,83.4,82.7,85.7,56.4,66.3,,,,,3.1,4.8,0.9,244,15,3.4,5.2,0.8,251,17,3.1,4.8,0.9,244,15,351,29.43,,,,,,,,,,
FAYE,2017-08-21 17:25:00 EDT,43.05423,-75.99004,588,83.5,82.7,85.8,55.8,66.1,,,,,3.6,7.7,1.7,226,21,4.0,8.3,1.7,231,21,3.6,7.7,1.7,226,21,338,29.43,,,,,,,,,,
FAYE,2017-08-21 17:30:00 EDT,43.05423,-75.99004,588,83.3,82.5,85.5,56.2,66.1,,,,,4.6,7.4,1.0,233,12,4.8,7.0,1.0,238,12,4.6,7.4,1.0,233,12,329,29.43,,,,,,,,,,
FAYE,2017-08-21 17:35:00 EDT,43.05423,-75.99004,588,83.4,82.7,85.7,56.4,66.3,,,,,2.9,4.5,0.5,213,20,3.2,5.4,0.8,218,22,2.9,4.5,0.5,213,20,323,29.43,,,,,,,,,,
FAYE,2017-08-21 17:40:00 EDT,43.05423,-75.99004,588,83.6,82.9,86.2,56.8,66.7,,,,,3.2,5.0,0.8,253,21,3.5,5.7,1.0,260,21,3.2,5.0,0.8,253,21,307,29.42,,,,,,,,,,
FAYE,2017-08-21 17:45:00 EDT,43.05423,-75.99004,588,83.6,82.9,86.1,56.8,66.7,,,,,3.2,5.1,1.0,232,28,3.4,6.1,1.1,237,29,3.2,5.1,1.0,232,28,288,29.42,,,,,,,,,,
FAYE,2017-08-21 17:50:00 EDT,43.05423,-75.99004,588,83.5,83.0,86.0,57.2,66.8,,,,,4.4,8.5,1.2,210,26,4.8,9.3,1.4,212,26,4.4,8.5,1.2,210,26,272,29.42,,,,,,,,,,
FAYE,2017-08-21 17:55:00 EDT,43.05423,-75.99004,588,83.2,83.0,85.7,57.6,66.7,,,,,6.0,10.4,1.7,210,16,6.2,11.0,1.7,214,14,6.0,10.4,1.7,210,16,260,29.42,,,,,,,,,,
FAYE,2017-08-21 18:00:00 EDT,43.05423,-75.99004,588,82.6,82.7,84.8,57.5,66.1,,,,,7.7,10.8,1.3,225,11,8.0,11.6,1.3,229,12,7.7,10.8,1.3,225,11,167,29.42,,,,,,,,,,
FAYE,2017-08-21 18:05:00 EDT,43.05423,-75.99004,588,82.4,82.6,84.4,56.8,65.6,,,,,6.8,10.2,1.5,214,14,7.1,10.8,1.5,217,14,6.8,10.2,1.5,214,14,242,29.42,,,,,,,,,,
FAYE,2017-08-21 18:10:00 EDT,43.05423,-75.99004,588,82.7,82.7,84.7,56.5,65.6,,,,,6.5,8.6,0.9,205,11,6.6,9.5,1.0,209,10,6.5,8.6,0.9,205,11,216,29.42,,,,,,,,,,
FAYE,2017-08-21 18:15:00 EDT,43.05423,-75.99004,588,82.6,82.7,84.5,56.3,65.4,,,,,6.6,10.0,1.1,207,12,6.8,11.3,1.3,211,10,6.6,10.0,1.1,207,12,199,29.42,,,,,,,,,,
FAYE,2017-08-21 18:20:00 EDT,43.05423,-75.99004,588,82.3,82.5,84.3,57.0,65.5,,,,,5.5,8.5,1.0,211,11,5.6,8.8,1.1,215,9,5.5,8.5,1.0,211,11,182,29.42,,,,,,,,,,
FAYE,2017-08-21 18:25:00 EDT,43.05423,-75.99004,588,82.3,82.5,84.6,58.2,66.2,,,,,4.4,6.7,0.8,222,10,4.6,6.8,0.7,225,9,4.4,6.7,0.8,222,10,174,29.42,,,,,,,,,,
FAYE,2017-08-21 18:30:00 EDT,43.05423,-75.99004,588,82.3,82.4,84.5,58.2,66.1,,,,,4.9,8.3,1.1,228,19,5.2,9.3,1.1,233,20,4.9,8.3,1.1,228,19,155,29.42,,,,,,,,,,
FAYE,2017-08-21 18:35:00 EDT,43.05423,-75.99004,588,82.0,82.3,84.3,58.9,66.2,,,,,5.2,7.2,1.0,235,10,5.4,8.0,1.0,239,11,5.2,7.2,1.0,235,10,147,29.42,,,,,,,,,,
FAYE,2017-08-21 18:40:00 EDT,43.05423,-75.99004,588,81.7,82.3,83.8,58.7,65.8,,,,,4.8,6.8,1.0,233,11,5.0,7.0,1.1,238,11,4.8,6.8,1.0,233,11,116,29.42,,,,,,,,,,
FAYE,2017-08-21 18:45:00 EDT,43.05423,-75.99004,588,81.4,82.2,83.6,60.1,66.3,,,,,3.8,5.5,0.8,226,11,3.9,5.3,0.8,230,11,3.8,5.5,0.8,226,11,95,29.42,,,,,,,,,,
FAYE,2017-08-21 18:50:00 EDT,43.05423,-75.99004,588,81.2,82.1,83.4,60.3,66.2,,,,,3.9,5.8,0.9,219,9,3.8,6.1,1.0,224,8,3.9,5.8,0.9,219,9,88,29.42,,,,,,,,,,
FAYE,2017-08-21 18:55:00 EDT,43.05423,-75.99004,588,80.9,82.0,83.0,60.3,65.9,,,,,3.9,5.6,0.7,224,9,3.9,5.7,0.8,227,9,3.9,5.6,0.7,224,9,62,29.42,,,,,,,,,,
FAYE,2017-08-21 19:00:00 EDT,43.05423,-75.99004,588,80.4,82.0,,,,,,,,4.7,7.7,1.1,213,11,,,,,,4.7,7.7,1.1,213,11,68,,,,,,,,,,,
FAYE,2017-08-21 19:05:00 EDT,43.05423,-75.99004,588,80.2,81.8,,,,,,,,4.9,6.3,0.7,224,7,,,,,,4.9,6.3,0.7,224,7,51,,,,,,,,,,,
FAYE,2017-08-21 19:10:00 EDT,43.05423,-75.99004,588,80.0,81.6,,,,,,,,4.9,6.5,0.7,227,10,,,,,,4.9,6.5,0.7,227,10,57,,,,,,,,,,,
FAYE,2017-08-21 19:15:00 EDT,43.05423,-75.99004,588,80.0,81.5,,,,,,,,4.4,5.6,0.5,229,10,,,,,,4.4,5.6,0.5,229,10,56,,,,,,,,,,,
FAYE,2017-08-21 19:20:00 EDT,43.05423,-75.99004,588,79.9,81.4,79.9,,,,,,,4.2,5.7,0.6,224,10,,,,,,4.2,5.7,0.6,224,10,57,,,,,,,,,,,
FAYE,2017-08-21 19:25:00 EDT,43.05423,-75.99004,588,79.9,81.3,79.9,,,,,,,4.5,5.6,0.5,224,9,,,,,,4.5,5.6,0.5,224,9,38,,,,,,,,,,,
FAYE,2017-08-21 19:30:00 EDT,43.05423,-75.99004,588,78.9,81.1,78.9,,,,,,,4.2,4.9,0.4,222,12,,,,,,4.2,4.9,0.4,222,12,27,,,,,,,,,,,
FAYE,2017-08-21 19:35:00 EDT,43.05423,-75.99004,588,77.7,81.0,77.7,,,,,,,3.8,5.0,0.5,216,9,,,,,,3.8,5.0,0.5,216,9,21,,,,,,,,,,,
FAYE,2017-08-21 19:40:00 EDT,43.05423,-75.99004,588,77.3,80.9,77.3,,,,,,,3.8,4.7,0.4,219,10,,,,,,3.8,4.7,0.4,219,10,16,,,,,,,,,,,
FAYE,2017-08-21 19:45:00 EDT,43.05423,-75.99004,588,76.6,80.6,76.6,,,,,,,3.6,5.0,0.5,214,8,,,,,,3.6,5.0,0.5,214,8,12,,,,,,,,,,,
FAYE,2017-08-21 19:50:00 EDT,43.05423,-75.99004,588,76.8,80.3,76.8,,,,,,,3.6,5.3,0.4,205,10,,,,,,3.6,5.3,0.4,205,10,7,,,,,,,,,,,
FAYE,2017-08-21 19:55:00 EDT,43.05423,-75.99004,588,76.4,80.4,76.4,,,,,,,3.4,4.2,0.4,201,10,,,,,,3.4,4.2,0.4,201,10,4,,,,,,,,,,,
FAYE,2017-08-21 20:00:00 EDT,43.05423,-75.99004,588,75.4,80.3,75.4,,,,,,,3.2,3.9,0.3,196,10,,,,,,3.2,3.9,0.3,196,10,2,,,,,,,,,,,
FAYE,2017-08-21 20:05:00 EDT,43.05423,-75.99004,588,75.1,79.9,75.1,,,,,,,3.3,3.8,0.2,188,9,,,,,,3.3,3.8,0.2,188,9,1,,,,,,,,,,,
FAYE,2017-08-21 20:10:00 EDT,43.05423,-75.99004,588,75.2,80.0,75.2,,,,,,,3.9,5.3,0.6,192,8,,,,,,3.9,5.3,0.6,192,8,1,,,,,,,,,,,
FAYE,2017-08-21 20:15:00 EDT,43.05423,-75.99004,588,73.6,78.9,73.6,,,,,,,6.3,8.3,1.0,177,5,,,,,,6.3,8.3,1.0,177,5,0,,,,,,,,,,,
FAYE,2017-08-21 20:20:00 EDT,43.05423,-75.99004,588,74.7,78.8,74.7,,,,,,,5.6,7.2,0.7,180,7,,,,,,5.6,7.2,0.7,180,7,0,,,,,,,,,,,
FAYE,2017-08-21 20:25:00 EDT,43.05423,-75.99004,588,75.6,78.8,75.6,,,,,,,5.2,6.8,0.7,179,7,,,,,,5.2,6.8,0.7,179,7,0,,,,,,,,,,,
FAYE,2017-08-21 20:30:00 EDT,43.05423,-75.99004,588,74.5,78.1,74.5,,,,,,,5.4,7.1,0.8,178,8,,,,,,5.4,7.1,0.8,178,8,0,,,,,,,,,,,
FAYE,2017-08-21 20:35:00 EDT,43.05423,-75.99004,588,75.4,77.8,75.4,,,,,,,6.2,8.6,1.0,177,9,,,,,,6.2,8.6,1.0,177,9,0,,,,,,,,,,,
FAYE,2017-08-21 20:40:00 EDT,43.05423,-75.99004,588,75.8,77.3,75.8,,,,,,,6.5,8.2,1.0,178,8,,,,,,6.5,8.2,1.0,178,8,0,,,,,,,,,,,
FAYE,2017-08-21 20:45:00 EDT,43.05423,-75.99004,588,76.0,77.1,76.0,,,,,,,5.9,8.0,1.2,182,11,,,,,,5.9,8.0,1.2,182,11,0,,,,,,,,,,,
FAYE,2017-08-21 20:50:00 EDT,43.05423,-75.99004,588,75.9,76.9,75.9,,,,,,,7.2,8.6,0.7,176,7,,,,,,7.2,8.6,0.7,176,7,0,,,,,,,,,,,
FAYE,2017-08-21 20:55:00 EDT,43.05423,-75.99004,588,75.3,76.6,75.3,,,,,,,7.4,9.6,0.9,174,8,,,,,,7.4,9.6,0.9,174,8,0,,,,,,,,,,,
FAYE,2017-08-21 21:00:00 EDT,43.05423,-75.99004,588,75.2,76.2,75.2,,,,,,,7.1,9.1,0.9,173,8,,,,,,7.1,9.1,0.9,173,8,0,,,,,,,,,,,
FAYE,2017-08-21 21:05:00 EDT,43.05423,-75.99004,588,74.8,76.1,74.8,,,,,,,8.0,10.4,0.9,171,7,,,,,,8.0,10.4,0.9,171,7,0,,,,,,,,,,,
FAYE,2017-08-21 21:10:00 EDT,43.05423,-75.99004,588,74.9,76.2,74.9,,,,,,,8.0,10.2,1.4,174,9,,,,,,8.0,10.2,1.4,174,9,0,,,,,,,,,,,
FAYE,2017-08-21 21:15:00 EDT,43.05423,-75.99004,588,75.4,76.2,75.4,,,,,,,8.8,12.0,1.1,174,7,,,,,,8.8,12.0,1.1,174,7,0,,,,,,,,,,,
FAYE,2017-08-21 21:20:00 EDT,43.05423,-75.99004,588,75.0,75.9,75.0,,,,,,,7.9,10.0,1.0,173,8,,,,,,7.9,10.0,1.0,173,8,0,,,,,,,,,,,
FAYE,2017-08-21 21:25:00 EDT,43.05423,-75.99004,588,75.0,76.0,75.0,,,,,,,7.5,10.0,1.1,175,8,,,,,,7.5,10.0,1.1,175,8,0,,,,,,,,,,,
FAYE,2017-08-21 21:30:00 EDT,43.05423,-75.99004,588,74.3,75.5,74.3,,,,,,,8.2,10.6,1.0,164,6,,,,,,8.2,10.6,1.0,164,6,0,,,,,,,,,,,
FAYE,2017-08-21 21:35:00 EDT,43.05423,-75.99004,588,73.6,74.9,73.6,,,,,,,8.1,10.9,1.1,168,6,,,,,,8.1,10.9,1.1,168,6,0,,,,,,,,,,,
FAYE,2017-08-21 21:40:00 EDT,43.05423,-75.99004,588,73.4,74.6,73.4,,,,,,,7.9,9.6,0.7,171,6,,,,,,7.9,9.6,0.7,171,6,0,,,,,,,,,,,
FAYE,2017-08-21 21:45:00 EDT,43.05423,-75.99004,588,73.1,74.4,73.1,,,,,,,7.7,9.4,0.6,170,5,,,,,,7.7,9.4,0.6,170,5,0,,,,,,,,,,,
FAYE,2017-08-21 21:50:00 EDT,43.05423,-75.99004,588,72.6,74.2,72.6,,,,,,,8.5,10.5,0.9,167,5,,,,,,8.5,10.5,0.9,167,5,0,,,,,,,,,,,
FAYE,2017-08-21 21:55:00 EDT,43.05423,-75.99004,588,73.1,74.3,73.1,,,,,,,8.8,10.9,1.0,165,7,,,,,,8.8,10.9,1.0,165,7,0,,,,,,,,,,,
FAYE,2017-08-21 22:00:00 EDT,43.05423,-75.99004,588,73.2,74.2,73.2,,,,,,,8.7,10.8,1.0,171,7,,,,,,8.7,10.8,1.0,171,7,0,,,,,,,,,,,
FAYE,2017-08-21 22:05:00 EDT,43.05423,-75.99004,588,73.0,74.0,73.0,,,,,,,8.5,10.9,1.1,169,7,,,,,,8.5,10.9,1.1,169,7,0,,,,,,,,,,,
FAYE,2017-08-21 22:10:00 EDT,43.05423,-75.99004,588,72.8,73.8,72.8,,,,,,,8.5,10.2,0.9,170,5,,,,,,8.5,10.2,0.9,170,5,0,,,,,,,,,,,
FAYE,2017-08-21 22:15:00 EDT,43.05423,-75.99004,588,72.5,73.6,72.5,,,,,,,8.4,9.9,0.7,170,4,,,,,,8.4,9.9,0.7,170,4,0,,,,,,,,,,,
FAYE,2017-08-21 22:20:00 EDT,43.05423,-75.99004,588,72.6,73.6,72.6,,,,,,,7.9,9.8,0.8,175,5,,,,,,7.9,9.8,0.8,175,5,0,,,,,,,,,,,
FAYE,2017-08-21 22:25:00 EDT,43.05423,-75.99004,588,72.7,73.8,72.7,,,,,,,7.6,9.4,0.9,176,7,,,,,,7.6,9.4,0.9,176,7,0,,,,,,,,,,,
FAYE,2017-08-21 22:30:00 EDT,43.05423,-75.99004,588,72.9,73.9,72.9,,,,,,,6.9,9.1,1.0,177,9,,,,,,6.9,9.1,1.0,177,9,0,,,,,,,,,,,
FAYE,2017-08-21 22:35:00 EDT,43.05423,-75.99004,588,72.5,73.6,72.5,,,,,,,8.2,9.9,0.8,174,7,,,,,,8.2,9.9,0.8,174,7,0,,,,,,,,,,,
FAYE,2017-08-21 22:40:00 EDT,43.05423,-75.99004,588,71.8,73.4,71.8,,,,,,,8.8,10.0,0.6,169,4,,,,,,8.8,10.0,0.6,169,4,0,,,,,,,,,,,
FAYE,2017-08-21 22:45:00 EDT,43.05423,-75.99004,588,71.8,73.2,71.8,,,,,,,9.4,11.9,1.1,168,6,,,,,,9.4,11.9,1.1,168,6,0,,,,,,,,,,,
FAYE,2017-08-21 22:50:00 EDT,43.05423,-75.99004,588,72.3,73.3,72.3,,,,,,,9.4,12.5,1.2,169,8,,,,,,9.4,12.5,1.2,169,8,0,,,,,,,,,,,
FAYE,2017-08-21 22:55:00 EDT,43.05423,-75.99004,588,72.6,73.6,72.6,,,,,,,10.4,13.4,1.3,167,7,,,,,,10.4,13.4,1.3,167,7,0,,,,,,,,,,,
FAYE,2017-08-21 23:00:00 EDT,43.05423,-75.99004,588,72.6,73.4,72.6,,,,,,,10.6,13.7,1.6,166,7,,,,,,10.6,13.7,1.6,166,7,0,,,,,,,,,,,
FAYE,2017-08-21 23:05:00 EDT,43.05423,-75.99004,588,72.4,73.3,72.4,,,,,,,9.6,11.9,1.0,166,7,,,,,,9.6,11.9,1.0,166,7,0,,,,,,,,,,,
FAYE,2017-08-21 23:10:00 EDT,43.05423,-75.99004,588,72.4,73.2,72.4,,,,,,,10.0,12.2,1.0,169,8,,,,,,10.0,12.2,1.0,169,8,0,,,,,,,,,,,
FAYE,2017-08-21 23:15:00 EDT,43.05423,-75.99004,588,72.3,73.2,72.3,,,,,,,10.4,12.9,1.4,168,5,,,,,,10.4,12.9,1.4,168,5,0,,,,,,,,,,,
FAYE,2017-08-21 23:20:00 EDT,43.05423,-75.99004,588,72.2,73.1,72.2,,,,,,,10.2,13.9,1.3,163,8,,,,,,10.2,13.9,1.3,163,8,0,,,,,,,,,,,
FAYE,2017-08-21 23:25:00 EDT,43.05423,-75.99004,588,72.4,73.1,72.4,,,,,,,10.3,13.3,1.3,168,9,,,,,,10.3,13.3,1.3,168,9,0,,,,,,,,,,,
FAYE,2017-08-21 23:30:00 EDT,43.05423,-75.99004,588,72.1,72.9,72.1,,,,,,,10.6,13.4,1.4,163,7,,,,,,10.6,13.4,1.4,163,7,0,,,,,,,,,,,
FAYE,2017-08-21 23:35:00 EDT,43.05423,-75.99004,588,72.0,72.8,72.0,,,,,,,11.0,14.8,1.4,166,7,,,,,,11.0,14.8,1.4,166,7,0,,,,,,,,,,,
FAYE,2017-08-21 23:40:00 EDT,43.05423,-75.99004,588,71.9,72.6,71.9,,,,,,,10.4,13.7,1.5,170,7,,,,,,10.4,13.7,1.5,170,7,0,,,,,,,,,,,
FAYE,2017-08-21 23:45:00 EDT,43.05423,-75.99004,588,71.7,72.4,71.7,,,,,,,10.1,12.9,1.2,167,8,,,,,,10.1,12.9,1.2,167,8,0,,,,,,,,,,,
FAYE,2017-08-21 23:50:00 EDT,43.05423,-75.99004,588,71.6,72.4,71.6,,,,,,,10.8,13.9,1.4,166,6,,,,,,10.8,13.9,1.4,166,6,0,,,,,,,,,,,
FAYE,2017-08-21 23:55:00 EDT,43.05423,-75.99004,588,71.5,72.2,71.5,,,,,,,9.8,13.2,1.4,168,8,,,,,,9.8,13.2,1.4,168,8,0,,,,,,,,,,,
FRED,2017-08-21 00:00:00 EDT,42.41817,-79.36660,783,70.0,71.4,70.0,68.6,59.2,0.000,0.000,0.00,0.000,9.1,12.3,1.2,171,12,9.8,15.3,1.5,174,9,9.1,12.3,1.2,171,12,0,29.28,,0,0,0,72.7,71.2,69.3,0.17,0.28,0.30
FRED,2017-08-21 00:05:00 EDT,42.41817,-79.36660,783,70.1,71.6,70.1,67.4,58.8,0.000,0.000,0.00,0.000,8.5,12.8,1.7,172,10,9.5,14.9,2.0,175,8,8.5,12.8,1.7,172,10,0,29.28,,0,0,0,72.7,71.2,69.3,0.16,0.28,0.30
FRED,2017-08-21 00:10:00 EDT,42.41817,-79.36660,783,70.4,71.9,70.4,66.3,58.6,0.000,0.000,0.00,0.000,9.3,13.2,1.8,173,9,10.1,14.8,2.1,177,7,9.3,13.2,1.8,173,9,0,29.28,,0,0,0,72.7,71.2,69.3,0.17,0.28,0.30
FRED,2017-08-21 00:15:00 EDT,42.41817,-79.36660,783,70.3,71.8,70.3,66.7,58.7,0.000,0.000,0.00,0.000,8.5,12.2,2.1,171,11,9.3,13.9,2.2,176,9,8.5,12.2,2.1,171,11,0,29.28,,0,0,0,72.7,71.3,69.3,0.17,0.28,0.30
FRED,2017-08-21 00:20:00 EDT,42.41817,-79.36660,783,70.6,71.9,70.6,66.5,58.9,0.000,0.000,0.00,0.000,8.9,13.1,1.5,172,12,9.8,15.7,1.8,176,9,8.9,13.1,1.5,172,12,0,29.28,,0,0,0,72.7,71.3,69.3,0.16,0.28,0.30
FRED,2017-08-21 00:25:00 EDT,42.41817,-79.36660,783,70.6,72.0,70.6,66.5,58.9,0.000,0.000,0.00,0.000,9.3,15.2,2.0,173,9,10.1,15.7,2.3,177,8,9.3,15.2,2.0,173,9,0,29.29,,0,0,0,72.7,71.3,69.3,0.17,0.28,0.30
FRED,2017-08-21 00:30:00 EDT,42.41817,-79.36660,783,70.6,71.9,70.6,66.5,58.9,0.000,0.000,0.00,0.000,8.8,13.4,1.7,179,11,9.5,16.4,2.0,181,9,8.8,13.4,1.7,179,11,0,29.29,,0,0,0,72.5,71.3,69.3,0.16,0.28,0.30
FRED,2017-08-21 00:35:00 EDT,42.41817,-79.36660,783,70.9,72.3,70.9,66.1,59.0,0.000,0.000,0.00,0.000,10.2,15.3,1.9,174,11,11.3,17.3,2.3,178,9,10.2,15.3,1.9,174,11,0,29.29,,0,0,0,72.4,71.3,69.3,0.16,0.28,0.30
FRED,2017-08-21 00:40:00 EDT,42.41817,-79.36660,783,71.0,72.4,71.0,65.4,58.8,0.000,0.000,0.00,0.000,9.3,14.9,1.9,174,11,10.1,16.8,2.3,178,9,9.3,14.9,1.9,174,11,0,29.29,,0,0,0,72.4,71.4,69.3,0.16,0.28,0.30
FRED,2017-08-21 00:45:00 EDT,42.41817,-79.36660,783,70.9,72.2,70.9,65.5,58.8,0.000,0.000,0.00,0.000,9.7,15.0,2.0,175,11,10.4,16.0,2.5,178,9,9.7,15.0,2.0,175,11,0,29.29,,0,0,0,72.4,71.3,69.3,0.17,0.28,0.31
FRED,2017-08-21 00:50:00 EDT,42.41817,-79.36660,783,70.9,72.0,70.9,65.7,58.8,0.000,0.000,0.00,0.000,9.8,16.0,1.9,174,12,10.9,15.8,2.2,179,10,9.8,16.0,1.9,174,12,0,29.29,,0,0,0,72.3,71.3,69.3,0.17,0.28,0.31
FRED,2017-08-21 00:55:00 EDT,42.41817,-79.36660,783,70.9,72.1,70.9,65.8,58.8,0.000,0.000,0.00,0.000,10.2,15.6,2.2,173,12,11.2,17.3,2.4,177,9,10.2,15.6,2.2,173,12,0,29.29,,0,0,0,72.4,71.3,69.3,0.17,0.28,0.30
FRED,2017-08-21 01:00:00 EDT,42.41817,-79.36660,783,71.0,72.1,71.0,65.2,58.8,0.000,0.000,0.00,0.000,9.3,14.2,2.2,171,13,10.0,16.3,2.5,176,10,9.3,14.2,2.2,171,13,0,29.28,,0,0,0,72.4,71.3,69.3,0.17,0.28,0.30
FRED,2017-08-21 01:05:00 EDT,42.41817,-79.36660,783,71.0,72.1,71.0,65.2,58.8,0.000,0.000,0.00,0.000,9.5,14.9,2.1,173,11,10.6,16.4,2.4,177,9,9.5,14.9,2.1,173,11,0,29.28,,0,0,0,72.3,71.3,69.3,0.17,0.28,0.30
FRED,2017-08-21 01:10:00 EDT,42.41817,-79.36660,783,70.9,72.0,70.9,65.4,58.7,0.000,0.000,0.00,0.000,10.0,13.4,1.8,175,11,10.9,16.7,2.3,177,8,10.0,13.4,1.8,175,11,0,29.28,,0,0,0,72.3,71.3,69.3,0.17,0.28,0.30
FRED,2017-08-21 01:15:00 EDT,42.41817,-79.36660,783,71.0,72.1,71.0,65.3,58.8,0.000,0.000,0.00,0.000,10.8,14.8,1.9,173,9,11.7,17.1,2.4,177,9,10.8,14.8,1.9,173,9,0,29.28,,0,0,0,72.3,71.3,69.3,0.17,0.28,0.30
FRED,2017-08-21 01:20:00 EDT,42.41817,-79.36660,783,71.0,72.1,71.0,65.0,58.6,0.000,0.000,0.00,0.000,10.7,14.8,2.3,172,12,11.6,17.3,2.7,176,10,10.7,14.8,2.3,172,12,0,29.28,,0,0,0,72.3,71.3,69.3,0.16,0.28,0.31
FRED,2017-08-21 01:25:00 EDT,42.41817,-79.36660,783,71.1,72.2,71.1,64.7,58.6,0.000,0.000,0.00,0.000,11.3,15.4,2.1,173,9,12.4,18.0,2.6,177,7,11.3,15.4,2.1,173,9,0,29.28,,0,0,0,72.3,71.3,69.3,0.16,0.28,0.30
FRED,2017-08-21 01:30:00 EDT,42.41817,-79.36660,783,71.0,72.1,71.0,64.6,58.4,0.000,0.000,0.00,0.000,10.0,16.8,2.4,171,15,11.2,17.5,2.7,176,12,10.0,16.8,2.4,171,15,0,29.28,,0,0,0,72.3,71.3,69.3,0.17,0.28,0.30
FRED,2017-08-21 01:35:00 EDT,42.41817,-79.36660,783,71.0,72.1,71.0,64.8,58.6,0.000,0.000,0.00,0.000,10.7,13.9,1.5,174,10,11.8,17.0,2.0,178,8,10.7,13.9,1.5,174,10,0,29.28,,0,0,0,72.3,71.3,69.3,0.17,0.28,0.31
FRED,2017-08-21 01:40:00 EDT,42.41817,-79.36660,783,71.0,72.1,71.0,64.7,58.6,0.000,0.000,0.00,0.000,11.0,16.3,2.1,175,10,12.0,16.8,2.3,179,7,11.0,16.3,2.1,175,10,0,29.28,,0,0,0,72.0,71.3,69.3,0.16,0.28,0.30
FRED,2017-08-21 01:45:00 EDT,42.41817,-79.36660,783,71.1,72.2,71.1,64.3,58.5,0.000,0.000,0.00,0.000,11.8,17.0,2.2,174,11,13.0,21.3,2.5,178,7,11.8,17.0,2.2,174,11,0,29.28,,0,0,0,72.0,71.3,69.3,0.17,0.28,0.30
FRED,2017-08-21 01:50:00 EDT,42.41817,-79.36660,783,71.1,72.1,71.1,64.2,58.4,0.000,0.000,0.00,0.000,11.1,15.6,1.8,177,9,12.0,20.1,2.3,180,8,11.1,15.6,1.8,177,9,0,29.28,,0,0,0,71.8,71.3,69.3,0.17,0.28,0.30
FRED,2017-08-21 01:55:00 EDT,42.41817,-79.36660,783,71.1,72.2,71.1,64.1,58.4,0.000,0.000,0.00,0.000,10.4,15.9,2.0,176,11,11.2,17.5,2.2,180,8,10.4,15.9,2.0,176,11,0,29.28,,0,0,0,71.8,71.3,69.3,0.16,0.28,0.30
FRED,2017-08-21 02:00:00 EDT,42.41817,-79.36660,783,71.2,72.3,71.2,64.0,58.4,0.000,0.000,0.00,0.000,10.8,14.5,2.2,176,11,11.7,16.5,2.5,180,8,10.8,14.5,2.2,176,11,0,29.28,,0,0,0,71.8,71.3,69.3,0.17,0.28,0.30
FRED,2017-08-21 02:05:00 EDT,42.41817,-79.36660,783,71.1,72.2,71.1,64.0,58.2,0.000,0.000,0.00,0.000,10.0,15.9,2.1,177,10,10.9,17.5,2.5,180,9,10.0,15.9,2.1,177,10,0,29.28,,0,0,0,71.8,71.3,69.3,0.17,0.28,0.30
FRED,2017-08-21 02:10:00 EDT,42.41817,-79.36660,783,71.1,72.3,71.1,63.7,58.2,0.000,0.000,0.00,0.000,10.1,14.8,2.2,180,12,11.0,16.6,2.3,184,10,10.1,14.8,2.2,180,12,0,29.28,,0,0,0,71.8,71.3,69.3,0.17,0.28,0.30
FRED,2017-08-21 02:15:00 EDT,42.41817,-79.36660,783,71.3,72.5,71.3,62.8,58.0,0.000,0.000,0.00,0.000,10.0,13.2,1.6,180,10,11.2,14.9,1.9,184,7,10.0,13.2,1.6,180,10,0,29.28,,0,0,0,71.8,71.2,69.3,0.17,0.28,0.31
FRED,2017-08-21 02:20:00 EDT,42.41817,-79.36660,783,71.5,72.7,71.5,62.2,57.9,0.000,0.000,0.00,0.000,10.3,14.9,2.1,179,11,10.9,15.8,2.3,182,8,10.3,14.9,2.1,179,11,0,29.28,,0,0,0,71.8,71.3,69.3,0.16,0.28,0.30
FRED,2017-08-21 02:25:00 EDT,42.41817,-79.36660,783,71.6,72.7,71.6,61.5,57.7,0.000,0.000,0.00,0.000,9.8,15.9,1.8,184,12,10.8,17.3,2.1,189,9,9.8,15.9,1.8,184,12,0,29.28,,0,0,0,71.8,71.3,69.3,0.16,0.28,0.30
FRED,2017-08-21 02:30:00 EDT,42.41817,-79.36660,783,71.9,73.1,71.9,61.0,57.7,0.000,0.000,0.00,0.000,11.3,16.3,2.3,182,11,12.0,17.9,2.6,185,9,11.3,16.3,2.3,182,11,0,29.28,,0,0,0,71.7,71.2,69.3,0.17,0.28,0.31
FRED,2017-08-21 02:35:00 EDT,42.41817,-79.36660,783,71.9,73.1,71.9,60.9,57.7,0.000,0.000,0.00,0.000,10.1,15.2,1.9,181,11,11.0,17.6,2.4,183,8,10.1,15.2,1.9,181,11,0,29.28,,0,0,0,71.5,71.2,69.3,0.17,0.28,0.30
FRED,2017-08-21 02:40:00 EDT,42.41817,-79.36660,783,71.8,72.8,71.8,61.5,57.8,0.000,0.000,0.00,0.000,9.4,14.9,1.9,182,10,10.1,16.2,2.1,186,8,9.4,14.9,1.9,182,10,0,29.28,,0,0,0,71.6,71.2,69.3,0.18,0.28,0.31
FRED,2017-08-21 02:45:00 EDT,42.41817,-79.36660,783,71.5,72.6,71.5,62.1,57.9,0.000,0.000,0.00,0.000,9.0,14.0,1.7,178,11,9.6,15.4,2.0,181,8,9.0,14.0,1.7,178,11,0,29.28,,0,0,0,71.4,71.2,69.3,0.17,0.28,0.30
FRED,2017-08-21 02:50:00 EDT,42.41817,-79.36660,783,71.6,72.7,71.6,62.1,57.9,0.000,0.000,0.00,0.000,9.9,15.0,1.9,177,11,10.9,16.5,2.0,181,9,9.9,15.0,1.9,177,11,0,29.28,,0,0,0,71.4,71.2,69.4,0.16,0.28,0.31
FRED,2017-08-21 02:55:00 EDT,42.41817,-79.36660,783,71.5,72.6,71.5,62.2,57.9,0.000,0.000,0.00,0.000,9.5,15.7,2.0,176,11,10.2,15.5,2.2,181,9,9.5,15.7,2.0,176,11,0,29.27,,0,0,0,71.5,71.2,69.3,0.16,0.28,0.30
FRED,2017-08-21 03:00:00 EDT,42.41817,-79.36660,783,71.4,72.5,71.4,62.6,57.9,0.000,0.000,0.00,0.000,9.1,14.5,1.9,179,12,9.7,17.6,2.3,181,9,9.1,14.5,1.9,179,12,0,29.27,,0,0,0,71.4,71.2,69.3,0.16,0.28,0.30
FRED,2017-08-21 03:05:00 EDT,42.41817,-79.36660,783,71.5,72.6,71.5,62.5,58.0,0.000,0.000,0.00,0.000,9.8,14.0,1.8,176,11,10.7,17.2,2.2,178,10,9.8,14.0,1.8,176,11,0,29.27,,0,0,0,71.4,71.2,69.3,0.16,0.28,0.30
FRED,2017-08-21 03:10:00 EDT,42.41817,-79.36660,783,71.4,72.5,71.4,62.6,58.0,0.000,0.000,0.00,0.000,9.2,13.7,2.0,175,13,10.2,15.6,2.4,178,10,9.2,13.7,2.0,175,13,0,29.27,,0,0,0,71.5,71.2,69.3,0.16,0.28,0.30
FRED,2017-08-21 03:15:00 EDT,42.41817,-79.36660,783,71.5,72.4,71.5,62.4,57.9,0.000,0.000,0.00,0.000,9.6,14.2,2.1,174,12,10.4,15.9,2.6,178,11,9.6,14.2,2.1,174,12,0,29.27,,0,0,0,71.4,71.2,69.3,0.16,0.28,0.31
FRED,2017-08-21 03:20:00 EDT,42.41817,-79.36660,783,71.3,72.3,71.3,62.8,57.9,0.000,0.000,0.00,0.000,8.6,12.1,1.7,173,14,9.4,13.6,1.8,176,10,8.6,12.1,1.7,173,14,0,29.27,,0,0,0,71.4,71.2,69.3,0.16,0.28,0.30
FRED,2017-08-21 03:25:00 EDT,42.41817,-79.36660,783,71.2,72.2,71.2,63.0,58.0,0.000,0.000,0.00,0.000,8.9,14.5,2.0,168,13,9.8,17.3,2.3,173,12,8.9,14.5,2.0,168,13,0,29.27,,0,0,0,71.4,71.2,69.3,0.16,0.28,0.30
FRED,2017-08-21 03:30:00 EDT,42.41817,-79.36660,783,71.2,72.2,71.2,63.1,58.0,0.000,0.000,0.00,0.000,8.7,15.1,2.5,174,10,9.5,16.8,2.8,177,9,8.7,15.1,2.5,174,10,0,29.27,,0,0,0,71.4,71.1,69.3,0.17,0.28,0.30
FRED,2017-08-21 03:35:00 EDT,42.41817,-79.36660,783,71.6,72.5,71.6,62.5,58.1,0.000,0.000,0.00,0.000,9.6,16.7,2.2,177,12,10.4,19.1,2.5,180,10,9.6,16.7,2.2,177,12,0,29.28,,0,0,0,71.3,71.1,69.3,0.16,0.28,0.30
FRED,2017-08-21 03:40:00 EDT,42.41817,-79.36660,783,71.7,72.7,71.7,62.2,58.0,0.000,0.000,0.00,0.000,11.0,14.8,1.8,177,11,11.7,17.0,2.4,180,9,11.0,14.8,1.8,177,11,0,29.28,,0,0,0,71.4,71.2,69.3,0.16,0.28,0.31
FRED,2017-08-21 03:45:00 EDT,42.41817,-79.36660,783,71.9,72.8,71.9,61.5,58.0,0.000,0.000,0.00,0.000,10.7,18.2,2.6,178,11,11.6,20.7,2.9,182,9,10.7,18.2,2.6,178,11,0,29.27,,0,0,0,71.4,71.1,69.3,0.16,0.28,0.30
FRED,2017-08-21 03:50:00 EDT,42.41817,-79.36660,783,71.9,72.9,71.9,61.9,58.2,0.000,0.000,0.00,0.000,9.7,14.8,1.9,180,10,10.3,16.7,2.2,184,8,9.7,14.8,1.9,180,10,0,29.27,,0,0,0,71.4,71.1,69.3,0.17,0.28,0.30
FRED,2017-08-21 03:55:00 EDT,42.41817,-79.36660,783,72.1,73.0,72.1,61.7,58.2,0.000,0.000,0.00,0.000,9.8,16.1,2.3,177,9,10.5,18.4,2.9,181,8,9.8,16.1,2.3,177,9,0,29.28,,0,0,0,71.3,71.1,69.3,0.17,0.28,0.31
FRED,2017-08-21 04:00:00 EDT,42.41817,-79.36660,783,72.3,73.3,72.3,61.4,58.3,0.000,0.000,0.00,0.000,10.1,15.9,2.7,180,13,11.0,17.4,3.1,185,11,10.1,15.9,2.7,180,13,0,29.28,,0,0,0,71.3,71.1,69.3,0.16,0.28,0.30
FRED,2017-08-21 04:05:00 EDT,42.41817,-79.36660,783,72.5,73.3,72.5,61.3,58.4,0.000,0.000,0.00,0.000,10.2,14.2,1.7,175,10,11.0,16.8,2.1,179,9,10.2,14.2,1.7,175,10,0,29.27,,0,0,0,71.3,71.1,69.3,0.16,0.28,0.30
FRED,2017-08-21 04:10:00 EDT,42.41817,-79.36660,783,72.1,72.9,72.1,61.8,58.3,0.000,0.000,0.00,0.000,8.9,14.9,2.3,173,13,9.6,16.4,2.6,177,11,8.9,14.9,2.3,173,13,0,29.27,,0,0,0,71.3,71.1,69.3,0.17,0.28,0.30
FRED,2017-08-21 04:15:00 EDT,42.41817,-79.36660,783,71.8,72.6,71.8,62.8,58.4,0.000,0.000,0.00,0.000,9.6,15.8,2.4,171,14,10.7,18.4,3.0,174,13,9.6,15.8,2.4,171,14,0,29.27,,0,0,0,71.3,71.1,69.3,0.16,0.28,0.31
FRED,2017-08-21 04:20:00 EDT,42.41817,-79.36660,783,71.8,72.6,71.8,63.0,58.5,0.000,0.000,0.00,0.000,10.9,16.6,2.3,174,11,11.8,18.1,2.7,178,9,10.9,16.6,2.3,174,11,0,29.27,,0,0,0,71.3,71.1,69.3,0.17,0.28,0.30
FRED,2017-08-21 04:25:00 EDT,42.41817,-79.36660,783,71.6,72.6,71.6,63.4,58.5,0.000,0.000,0.00,0.000,11.2,15.8,2.2,172,11,12.1,19.2,2.6,176,10,11.2,15.8,2.2,172,11,0,29.27,,0,0,0,71.3,71.1,69.3,0.16,0.28,0.30
FRED,2017-08-21 04:30:00 EDT,42.41817,-79.36660,783,71.6,72.5,71.6,63.6,58.6,0.000,0.000,0.00,0.000,11.3,15.9,2.1,180,10,12.1,18.2,2.7,182,10,11.3,15.9,2.1,180,10,0,29.27,,0,0,0,71.3,71.1,69.4,0.17,0.28,0.30
FRED,2017-08-21 04:35:00 EDT,42.41817,-79.36660,783,71.7,72.6,71.7,63.6,58.7,0.000,0.000,0.00,0.000,11.0,16.0,1.7,176,12,11.9,18.2,2.2,181,9,11.0,16.0,1.7,176,12,0,29.27,,0,0,0,71.3,71.1,69.3,0.16,0.28,0.30
FRED,2017-08-21 04:40:00 EDT,42.41817,-79.36660,783,72.1,72.9,72.1,63.1,58.8,0.000,0.000,0.00,0.000,11.1,17.6,2.5,174,12,12.1,20.4,2.9,178,7,11.1,17.6,2.5,174,12,0,29.27,,0,0,0,71.3,71.1,69.3,0.16,0.28,0.30
FRED,2017-08-21 04:45:00 EDT,42.41817,-79.36660,783,72.1,72.9,72.1,62.8,58.7,0.000,0.000,0.00,0.000,10.1,14.1,1.9,177,13,11.0,16.5,2.3,179,10,10.1,14.1,1.9,177,13,0,29.27,,0,0,0,71.3,71.1,69.3,0.16,0.28,0.30
FRED,2017-08-21 04:50:00 EDT,42.41817,-79.36660,783,72.0,72.8,72.0,62.9,58.7,0.000,0.000,0.00,0.000,9.6,14.8,1.8,172,12,10.8,16.0,2.4,176,10,9.6,14.8,1.8,172,12,0,29.27,,0,0,0,71.4,71.1,69.4,0.16,0.28,0.31
FRED,2017-08-21 04:55:00 EDT,42.41817,-79.36660,783,72.0,72.7,72.0,63.0,58.7,0.000,0.000,0.00,0.000,10.5,15.3,1.9,175,13,11.6,17.5,2.2,177,9,10.5,15.3,1.9,175,13,0,29.27,,0,0,0,71.3,71.1,69.3,0.17,0.28,0.31
FRED,2017-08-21 05:00:00 EDT,42.41817,-79.36660,783,71.9,72.7,71.9,63.5,58.8,0.000,0.000,0.00,0.000,11.1,15.1,1.9,174,12,12.2,17.3,2.3,178,8,11.1,15.1,1.9,174,12,0,29.27,,0,0,0,71.3,71.1,69.3,0.16,0.28,0.31
FRED,2017-08-21 05:05:00 EDT,42.41817,-79.36660,783,71.9,72.7,71.9,63.4,58.8,0.000,0.000,0.00,0.000,11.2,17.3,2.5,171,13,12.2,20.0,2.9,175,10,11.2,17.3,2.5,171,13,0,29.27,,0,0,0,71.2,71.1,69.3,0.16,0.28,0.31
FRED,2017-08-21 05:10:00 EDT,42.41817,-79.36660,783,72.0,72.8,72.0,63.0,58.7,0.000,0.000,0.00,0.000,10.4,16.8,2.5,167,14,11.9,19.7,3.0,170,13,10.4,16.8,2.5,167,14,0,29.27,,0,0,0,71.2,71.1,69.3,0.16,0.28,0.30
FRED,2017-08-21 05:15:00 EDT,42.41817,-79.36660,783,71.9,72.6,71.9,63.0,58.6,0.000,0.000,0.00,0.000,8.8,14.8,2.4,167,16,9.6,17.2,2.8,171,13,8.8,14.8,2.4,167,16,0,29.27,,0,0,0,71.2,71.1,69.3,0.16,0.28,0.30
FRED,2017-08-21 05:20:00 EDT,42.41817,-79.36660,783,71.7,72.5,71.7,63.7,58.8,0.000,0.000,0.00,0.000,9.2,14.4,2.3,174,13,10.1,16.7,2.6,177,12,9.2,14.4,2.3,174,13,0,29.27,,0,0,0,71.1,71.1,69.3,0.17,0.28,0.31
FRED,2017-08-21 05:25:00 EDT,42.41817,-79.36660,783,71.7,72.5,71.7,63.9,58.8,0.000,0.000,0.00,0.000,9.4,14.0,1.8,176,10,10.2,16.9,2.3,180,8,9.4,14.0,1.8,176,10,0,29.28,,0,0,0,71.1,71.1,69.4,0.16,0.28,0.30
FRED,2017-08-21 05:30:00 EDT,42.41817,-79.36660,783,71.6,72.4,71.6,64.0,58.8,0.000,0.000,0.00,0.000,9.9,16.6,2.4,173,13,11.3,18.8,2.8,177,11,9.9,16.6,2.4,173,13,0,29.28,,0,0,0,71.1,71.1,69.3,0.16,0.28,0.30
FRED,2017-08-21 05:35:00 EDT,42.41817,-79.36660,783,71.4,72.1,71.4,64.1,58.7,0.000,0.000,0.00,0.000,8.2,14.9,2.9,165,15,9.3,17.1,3.1,168,14,8.2,14.9,2.9,165,15,0,29.27,,0,0,0,71.1,71.1,69.3,0.16,0.28,0.30
FRED,2017-08-21 05:40:00 EDT,42.41817,-79.36660,783,71.4,72.1,71.4,64.1,58.7,0.000,0.000,0.00,0.000,9.6,18.2,3.5,166,16,10.9,21.5,4.0,168,13,9.6,18.2,3.5,166,16,0,29.27,,0,0,0,71.1,71.1,69.3,0.17,0.28,0.30
FRED,2017-08-21 05:45:00 EDT,42.41817,-79.36660,783,71.5,72.2,71.5,63.9,58.6,0.000,0.000,0.00,0.000,11.1,16.3,2.5,172,14,12.3,19.3,2.9,176,12,11.1,16.3,2.5,172,14,0,29.27,,0,0,0,71.1,71.1,69.3,0.16,0.28,0.30
FRED,2017-08-21 05:50:00 EDT,42.41817,-79.36660,783,71.4,72.1,71.4,64.4,58.7,0.000,0.000,0.00,0.000,11.0,17.1,2.4,178,11,11.9,17.9,2.7,182,8,11.0,17.1,2.4,178,11,0,29.27,,0,0,0,71.1,71.1,69.3,0.16,0.28,0.30
FRED,2017-08-21 05:55:00 EDT,42.41817,-79.36660,783,70.9,71.5,70.9,66.1,59.0,0.000,0.000,0.00,0.000,12.4,19.2,2.3,174,12,13.5,21.6,2.9,177,10,12.4,19.2,2.3,174,12,0,29.28,,0,0,0,71.0,71.1,69.3,0.16,0.28,0.30
FRED,2017-08-21 06:00:00 EDT,42.41817,-79.36660,783,68.9,69.6,68.9,74.3,60.4,0.005,0.005,0.00,0.005,12.1,18.9,3.0,182,13,12.8,20.9,3.5,185,10,12.1,18.9,3.0,182,13,0,29.28,,0,0,0,71.0,71.1,69.3,0.16,0.28,0.30
FRED,2017-08-21 06:05:00 EDT,42.41817,-79.36660,783,67.2,67.9,67.2,81.7,61.4,0.031,0.035,0.54,0.035,13.5,17.9,2.2,180,10,15.2,20.7,2.9,185,8,13.5,17.9,2.2,180,10,0,29.28,,0,0,0,71.0,71.1,69.3,0.16,0.28,0.30
FRED,2017-08-21 06:10:00 EDT,42.41817,-79.36660,783,66.1,67.0,66.1,87.6,62.3,0.033,0.069,0.54,0.069,12.3,19.4,2.2,173,10,13.8,20.3,2.6,177,8,12.3,19.4,2.2,173,10,0,29.28,,0,0,0,70.9,71.1,69.3,0.16,0.28,0.31
FRED,2017-08-21 06:15:00 EDT,42.41817,-79.36660,783,65.9,66.8,65.9,89.8,62.9,0.004,0.072,0.28,0.072,11.6,18.5,2.9,167,13,12.7,21.3,3.4,171,10,11.6,18.5,2.9,167,13,0,29.28,,0,0,0,70.9,71.1,69.3,0.16,0.28,0.30
FRED,2017-08-21 06:20:00 EDT,42.41817,-79.36660,783,66.3,67.1,66.3,90.4,63.4,0.059,0.131,1.70,0.131,11.5,19.2,3.0,172,15,12.7,22.1,3.6,175,11,11.5,19.2,3.0,172,15,0,29.28,,0,0,0,70.8,71.1,69.3,0.16,0.28,0.30
FRED,2017-08-21 06:25:00 EDT,42.41817,-79.36660,783,66.2,67.0,66.2,92.4,63.9,0.106,0.237,2.79,0.237,8.5,13.3,1.7,191,31,9.1,16.7,2.2,194,30,8.5,13.3,1.7,191,31,0,29.29,,0,0,0,70.8,71.1,69.3,0.26,0.28,0.30
FRED,2017-08-21 06:30:00 EDT,42.41817,-79.36660,783,66.6,67.8,66.6,91.4,64.0,0.011,0.248,0.24,0.248,8.0,11.0,1.4,138,10,8.3,11.2,1.4,141,11,8.0,11.0,1.4,138,10,0,29.28,,0,0,0,70.7,71.1,69.4,0.25,0.28,0.30
FRED,2017-08-21 06:35:00 EDT,42.41817,-79.36660,783,66.8,67.8,66.8,91.4,64.2,0.005,0.252,0.28,0.252,5.9,9.0,1.2,171,18,6.3,9.3,1.5,175,18,5.9,9.0,1.2,171,18,0,29.29,,0,0,0,70.8,71.1,69.3,0.24,0.28,0.30
FRED,2017-08-21 06:40:00 EDT,42.41817,-79.36660,783,66.5,67.4,66.5,92.8,64.3,0.009,0.261,0.00,0.261,5.9,8.9,1.7,263,52,6.3,9.6,1.7,265,53,5.9,8.9,1.7,263,52,0,29.30,,0,0,0,70.7,71.1,69.3,0.24,0.28,0.30
FRED,2017-08-21 06:45:00 EDT,42.41817,-79.36660,783,66.6,67.6,66.6,93.0,64.5,0.099,0.360,1.84,0.360,4.8,12.0,2.8,165,38,5.1,11.2,2.9,166,36,4.8,12.0,2.8,165,38,1,29.29,,0,0,0,70.7,71.0,69.3,0.32,0.28,0.30
FRED,2017-08-21 06:50:00 EDT,42.41817,-79.36660,783,66.2,66.9,66.2,93.1,64.1,0.016,0.376,0.85,0.376,8.3,13.7,1.9,151,24,8.8,15.4,2.2,153,25,8.3,13.7,1.9,151,24,1,29.28,,0,0,0,70.7,71.0,69.3,0.34,0.28,0.30
FRED,2017-08-21 06:55:00 EDT,42.41817,-79.36660,783,66.4,67.1,66.4,92.5,64.2,0.000,0.376,0.00,0.376,9.2,13.9,1.9,135,16,9.7,16.2,2.1,136,18,9.2,13.9,1.9,135,16,1,29.28,,0,0,0,70.7,71.1,69.4,0.33,0.28,0.30
FRED,2017-08-21 07:00:00 EDT,42.41817,-79.36660,783,66.5,67.3,66.5,91.7,64.1,0.000,0.376,0.00,0.372,8.2,11.8,1.6,144,14,9.0,14.1,1.8,143,16,8.2,11.8,1.6,144,14,1,29.28,,0,0,0,70.7,71.1,69.3,0.31,0.28,0.30
FRED,2017-08-21 07:05:00 EDT,42.41817,-79.36660,783,66.6,67.4,66.6,91.8,64.2,0.000,0.376,0.00,0.341,8.9,15.1,2.1,145,13,9.7,16.8,2.2,145,15,8.9,15.1,2.1,145,13,2,29.28,,0,0,0,70.7,71.0,69.3,0.30,0.28,0.30
FRED,2017-08-21 07:10:00 EDT,42.41817,-79.36660,783,67.0,67.8,67.0,91.7,64.5,0.000,0.376,0.00,0.307,8.8,14.2,1.8,180,27,9.8,15.6,2.2,181,27,8.8,14.2,1.8,180,27,2,29.28,,0,0,0,70.7,71.0,69.3,0.29,0.28,0.30
FRED,2017-08-21 07:15:00 EDT,42.41817,-79.36660,783,67.2,68.2,67.2,92.5,65.0,0.000,0.376,0.00,0.304,7.2,12.0,1.8,160,15,8.2,13.9,2.1,163,16,7.2,12.0,1.8,160,15,4,29.28,,0,0,0,70.7,71.0,69.3,0.28,0.28,0.30
FRED,2017-08-21 07:20:00 EDT,42.41817,-79.36660,783,68.3,69.7,68.3,88.2,64.7,0.000,0.376,0.00,0.245,9.2,14.8,2.4,145,12,9.6,15.4,2.6,149,14,9.2,14.8,2.4,145,12,7,29.27,,0,0,0,70.7,71.0,69.3,0.28,0.28,0.30
FRED,2017-08-21 07:25:00 EDT,42.41817,-79.36660,783,69.4,71.0,69.4,84.7,64.6,0.000,0.376,0.00,0.139,7.3,14.9,2.6,178,22,8.1,17.3,3.0,181,20,7.3,14.9,2.6,178,22,5,29.28,,0,0,0,70.7,70.9,69.3,0.27,0.28,0.30
FRED,2017-08-21 07:30:00 EDT,42.41817,-79.36660,783,70.5,72.3,70.5,81.3,64.5,0.000,0.376,0.00,0.129,7.8,12.1,1.7,181,13,9.0,13.9,2.0,184,12,7.8,12.1,1.7,181,13,5,29.28,,0,0,0,70.6,71.0,69.4,0.27,0.28,0.30
FRED,2017-08-21 07:35:00 EDT,42.41817,-79.36660,783,69.8,71.2,69.8,81.3,63.8,0.000,0.376,0.00,0.124,8.0,12.4,1.8,207,25,8.5,14.0,1.9,210,26,8.0,12.4,1.8,207,25,6,29.28,,0,0,0,70.5,70.9,69.3,0.26,0.28,0.31
FRED,2017-08-21 07:40:00 EDT,42.41817,-79.36660,783,68.1,69.4,68.1,86.0,63.7,0.000,0.376,0.00,0.115,6.3,10.3,1.7,218,17,6.6,10.7,1.6,221,17,6.3,10.3,1.7,218,17,8,29.28,,0,0,0,70.5,70.9,69.4,0.26,0.28,0.30
FRED,2017-08-21 07:45:00 EDT,42.41817,-79.36660,783,68.4,69.8,68.4,86.7,64.2,0.000,0.376,0.00,0.016,4.2,7.7,1.3,159,15,4.7,9.2,1.5,163,15,4.2,7.7,1.3,159,15,30,29.28,,0,0,0,70.5,70.9,69.3,0.26,0.28,0.30
FRED,2017-08-21 07:50:00 EDT,42.41817,-79.36660,783,68.9,70.2,68.9,84.1,63.9,0.000,0.376,0.00,0.000,5.3,9.0,1.4,190,17,6.0,10.7,1.6,193,18,5.3,9.0,1.4,190,17,59,29.28,,0,0,0,70.4,71.0,69.3,0.25,0.28,0.30
FRED,2017-08-21 07:55:00 EDT,42.41817,-79.36660,783,69.4,70.7,69.4,82.7,63.9,0.000,0.376,0.00,0.000,4.3,7.5,1.1,172,17,4.8,9.1,1.3,176,17,4.3,7.5,1.1,172,17,93,29.29,,0,0,0,70.4,70.9,69.3,0.25,0.28,0.30
FRED,2017-08-21 08:00:00 EDT,42.41817,-79.36660,783,70.0,71.2,70.0,81.2,63.9,0.000,0.376,0.00,0.000,6.6,12.4,2.2,174,26,7.2,14.5,2.7,177,27,6.6,12.4,2.2,174,26,106,29.29,,0,0,0,70.4,70.9,69.3,0.25,0.28,0.31
FRED,2017-08-21 08:05:00 EDT,42.41817,-79.36660,783,69.9,70.8,69.9,81.8,64.0,0.000,0.376,0.00,0.000,4.5,6.5,0.8,249,22,5.2,7.1,0.8,255,22,4.5,6.5,0.8,249,22,121,29.30,,0,0,0,70.4,70.8,69.3,0.25,0.28,0.30
FRED,2017-08-21 08:10:00 EDT,42.41817,-79.36660,783,69.8,70.6,69.8,83.7,64.6,0.000,0.376,0.00,0.000,3.3,4.6,0.8,231,21,3.6,5.1,0.9,238,21,3.3,4.6,0.8,231,21,119,29.30,,0,0,0,70.4,70.9,69.3,0.25,0.28,0.30
FRED,2017-08-21 08:15:00 EDT,42.41817,-79.36660,783,70.4,71.4,70.4,80.6,64.1,0.000,0.376,0.00,0.000,7.7,11.0,1.5,219,25,8.5,13.2,1.6,224,25,7.7,11.0,1.5,219,25,108,29.30,,0,0,0,70.4,70.8,69.3,0.25,0.28,0.30
FRED,2017-08-21 08:20:00 EDT,42.41817,-79.36660,783,70.2,71.2,70.2,80.3,63.9,0.000,0.376,0.00,0.000,6.8,9.1,0.9,208,20,7.2,10.0,0.9,212,19,6.8,9.1,0.9,208,20,138,29.30,,0,0,0,70.4,70.8,69.3,0.25,0.28,0.30
FRED,2017-08-21 08:25:00 EDT,42.41817,-79.36660,783,70.3,71.2,70.3,81.1,64.2,0.000,0.376,0.00,0.000,5.9,8.7,1.2,183,12,6.4,9.7,1.4,186,9,5.9,8.7,1.2,183,12,136,29.30,,0,0,0,70.4,70.8,69.3,0.24,0.28,0.30
FRED,2017-08-21 08:30:00 EDT,42.41817,-79.36660,783,70.4,71.1,70.4,80.4,64.1,0.000,0.376,0.00,0.000,5.0,8.1,0.9,194,10,5.5,9.8,1.1,197,9,5.0,8.1,0.9,194,10,173,29.30,,0,0,0,70.4,70.8,69.3,0.24,0.28,0.30
FRED,2017-08-21 08:35:00 EDT,42.41817,-79.36660,783,70.8,71.4,70.8,79.8,64.3,0.000,0.376,0.00,0.000,6.2,9.4,1.1,196,10,6.6,10.1,1.2,199,8,6.2,9.4,1.1,196,10,216,29.30,,0,0,0,70.4,70.8,69.3,0.24,0.28,0.30
FRED,2017-08-21 08:40:00 EDT,42.41817,-79.36660,783,71.1,71.6,71.1,79.4,64.4,0.000,0.376,0.00,0.000,7.2,10.5,1.4,196,12,7.7,11.0,1.4,199,10,7.2,10.5,1.4,196,12,180,29.29,,0,0,0,70.4,70.8,69.3,0.24,0.28,0.30
FRED,2017-08-21 08:45:00 EDT,42.41817,-79.36660,783,71.0,71.7,71.0,79.0,64.2,0.000,0.376,0.00,0.000,7.9,11.5,1.4,203,12,8.3,13.2,1.5,206,10,7.9,11.5,1.4,203,12,142,29.30,,0,0,0,70.4,70.8,69.3,0.24,0.28,0.30
FRED,2017-08-21 08:50:00 EDT,42.41817,-79.36660,783,71.3,72.2,71.3,77.7,64.0,0.000,0.376,0.00,0.000,9.4,12.9,1.8,200,9,10.0,13.5,1.8,201,8,9.4,12.9,1.8,200,9,144,29.29,,0,0,0,70.4,70.8,69.3,0.24,0.28,0.30
FRED,2017-08-21 08:55:00 EDT,42.41817,-79.36660,783,71.2,72.0,71.2,77.8,63.9,0.000,0.376,0.00,0.000,9.2,13.0,1.9,196,11,9.8,15.3,2.2,199,7,9.2,13.0,1.9,196,11,146,29.29,,0,0,0,70.4,70.8,69.3,0.24,0.28,0.30
FRED,2017-08-21 09:00:00 EDT,42.41817,-79.36660,783,71.1,71.8,71.1,78.2,64.0,0.000,0.376,0.00,0.000,6.6,8.8,1.2,201,12,7.1,10.5,1.4,203,10,6.6,8.8,1.2,201,12,142,29.30,,0,0,0,70.4,70.8,69.3,0.24,0.28,0.30
FRED,2017-08-21 09:05:00 EDT,42.41817,-79.36660,783,71.2,71.8,71.2,78.2,64.0,0.000,0.376,0.00,0.000,6.7,11.3,1.6,201,12,7.2,11.1,1.6,203,10,6.7,11.3,1.6,201,12,132,29.30,,0,0,0,70.5,70.8,69.3,0.23,0.28,0.30
FRED,2017-08-21 09:10:00 EDT,42.41817,-79.36660,783,71.2,71.8,71.2,78.7,64.3,0.000,0.376,0.00,0.000,5.9,8.8,1.1,191,14,6.4,9.3,1.2,195,12,5.9,8.8,1.1,191,14,154,29.30,,0,0,0,70.6,70.7,69.4,0.23,0.28,0.31
FRED,2017-08-21 09:15:00 EDT,42.41817,-79.36660,783,71.4,71.9,71.4,78.8,64.5,0.000,0.376,0.00,0.000,5.6,10.8,2.0,185,13,6.1,12.3,2.2,188,11,5.6,10.8,2.0,185,13,154,29.30,,0,0,0,70.6,70.7,69.3,0.23,0.28,0.30
FRED,2017-08-21 09:20:00 EDT,42.41817,-79.36660,783,71.6,72.1,71.6,79.6,65.0,0.000,0.376,0.00,0.000,4.6,8.4,1.2,190,13,5.2,9.4,1.3,193,13,4.6,8.4,1.2,190,13,187,29.30,,0,0,0,70.6,70.7,69.3,0.23,0.28,0.30
FRED,2017-08-21 09:25:00 EDT,42.41817,-79.36660,783,72.1,72.5,72.1,79.6,65.4,0.000,0.376,0.00,0.000,4.6,9.0,1.5,183,13,5.1,9.7,1.5,187,13,4.6,9.0,1.5,183,13,184,29.29,,0,0,0,70.7,70.8,69.3,0.23,0.28,0.30
FRED,2017-08-21 09:30:00 EDT,42.41817,-79.36660,783,72.5,72.8,72.5,78.8,65.5,0.000,0.376,0.00,0.000,3.2,6.4,1.4,176,18,3.8,8.6,1.7,177,21,3.2,6.4,1.4,176,18,151,29.29,,0,0,0,70.7,70.8,69.3,0.23,0.28,0.30
FRED,2017-08-21 09:35:00 EDT,42.41817,-79.36660,783,72.4,72.6,72.4,77.7,65.0,0.000,0.376,0.00,0.000,5.7,9.6,1.7,171,13,6.4,11.1,2.0,173,12,5.7,9.6,1.7,171,13,289,29.28,,0,0,0,70.7,70.8,69.3,0.23,0.28,0.30
FRED,2017-08-21 09:40:00 EDT,42.41817,-79.36660,783,72.8,72.8,72.8,77.0,65.1,0.000,0.376,0.00,0.000,5.6,9.5,1.6,172,15,6.2,11.7,1.9,176,14,5.6,9.5,1.6,172,15,420,29.28,,0,0,0,70.7,70.7,69.3,0.23,0.28,0.30
FRED,2017-08-21 09:45:00 EDT,42.41817,-79.36660,783,73.6,73.2,73.6,76.3,65.7,0.000,0.376,0.00,0.000,4.8,7.5,1.1,176,18,5.5,8.6,1.2,180,17,4.8,7.5,1.1,176,18,461,29.28,,0,0,0,70.7,70.7,69.3,0.23,0.28,0.30
FRED,2017-08-21 09:50:00 EDT,42.41817,-79.36660,783,74.1,73.7,74.1,74.8,65.6,0.000,0.376,0.00,0.000,5.8,8.7,1.4,175,18,6.4,11.0,1.5,178,17,5.8,8.7,1.4,175,18,489,29.28,,0,0,0,70.7,70.8,69.3,0.23,0.28,0.30
FRED,2017-08-21 09:55:00 EDT,42.41817,-79.36660,783,74.8,74.6,74.8,75.4,66.5,0.000,0.376,0.00,0.000,4.1,6.7,1.2,190,16,4.5,7.3,1.3,194,16,4.1,6.7,1.2,190,16,503,29.28,,0,0,0,70.7,70.7,69.3,0.23,0.28,0.30
FRED,2017-08-21 10:00:00 EDT,42.41817,-79.36660,783,75.8,75.5,75.8,74.8,67.2,0.000,0.376,0.00,0.000,4.2,6.5,1.1,191,15,4.5,7.6,1.2,195,15,4.2,6.5,1.1,191,15,512,29.28,,0,0,0,70.7,70.7,69.3,0.23,0.28,0.30
FRED,2017-08-21 10:05:00 EDT,42.41817,-79.36660,783,76.4,76.1,76.4,72.9,67.0,0.000,0.376,0.00,0.000,5.5,9.1,1.5,196,14,6.0,10.1,1.6,199,14,5.5,9.1,1.5,196,14,503,29.28,,0,0,0,70.7,70.7,69.3,0.23,0.28,0.30
FRED,2017-08-21 10:10:00 EDT,42.41817,-79.36660,783,76.3,76.1,76.3,73.0,67.0,0.000,0.376,0.00,0.000,5.8,8.7,1.4,199,16,6.4,9.6,1.4,202,15,5.8,8.7,1.4,199,16,346,29.28,,0,0,0,70.7,70.7,69.3,0.23,0.28,0.30
FRED,2017-08-21 10:15:00 EDT,42.41817,-79.36660,783,76.5,76.3,76.5,74.2,67.6,0.000,0.376,0.00,0.000,4.7,7.8,1.5,216,16,5.1,8.4,1.4,222,16,4.7,7.8,1.5,216,16,544,29.28,,0,0,0,70.7,70.7,69.3,0.23,0.28,0.31
FRED,2017-08-21 10:20:00 EDT,42.41817,-79.36660,783,77.0,76.6,77.0,72.7,67.5,0.000,0.376,0.00,0.000,6.7,10.3,1.5,225,13,7.1,10.6,1.5,230,14,6.7,10.3,1.5,225,13,546,29.28,,0,0,0,70.8,70.7,69.3,0.23,0.28,0.31
FRED,2017-08-21 10:25:00 EDT,42.41817,-79.36660,783,77.5,77.1,77.5,72.7,68.1,0.000,0.376,0.00,0.000,6.9,11.4,2.0,218,14,7.2,11.1,1.9,223,13,6.9,11.4,2.0,218,14,572,29.28,,0,0,0,70.7,70.7,69.4,0.22,0.28,0.30
FRED,2017-08-21 10:30:00 EDT,42.41817,-79.36660,783,77.4,77.0,77.4,72.1,67.7,0.000,0.376,0.00,0.000,8.7,11.5,1.2,220,14,8.8,11.9,1.4,223,13,8.7,11.5,1.2,220,14,570,29.29,,0,0,0,70.8,70.7,69.3,0.22,0.28,0.30
FRED,2017-08-21 10:35:00 EDT,42.41817,-79.36660,783,77.5,77.0,77.5,72.4,67.9,0.000,0.376,0.00,0.000,7.4,11.1,1.7,231,9,7.5,11.6,1.8,236,9,7.4,11.1,1.7,231,9,581,29.29,,0,0,0,70.8,70.7,69.4,0.23,0.28,0.30
FRED,2017-08-21 10:40:00 EDT,42.41817,-79.36660,783,77.9,77.4,77.9,72.4,68.3,0.000,0.376,0.00,0.000,6.3,9.9,1.2,219,13,6.5,9.9,1.2,223,12,6.3,9.9,1.2,219,13,589,29.29,,0,0,0,71.0,70.7,69.3,0.23,0.28,0.30
FRED,2017-08-21 10:45:00 EDT,42.41817,-79.36660,783,78.1,77.7,78.1,71.7,68.2,0.000,0.376,0.00,0.000,7.6,12.2,2.3,225,15,7.9,12.5,2.3,228,15,7.6,12.2,2.3,225,15,596,29.28,,0,0,0,71.1,70.7,69.4,0.22,0.28,0.30
FRED,2017-08-21 10:50:00 EDT,42.41817,-79.36660,783,78.5,77.9,78.5,72.6,68.9,0.000,0.376,0.00,0.000,5.6,8.5,1.5,228,18,5.9,10.1,1.7,233,17,5.6,8.5,1.5,228,18,610,29.29,,0,0,0,71.1,70.7,69.4,0.22,0.28,0.30
FRED,2017-08-21 10:55:00 EDT,42.41817,-79.36660,783,79.0,78.4,79.0,72.1,69.3,0.000,0.376,0.00,0.000,4.7,8.5,1.7,249,25,5.1,8.9,1.9,255,25,4.7,8.5,1.7,249,25,625,29.29,,0,0,0,71.1,70.7,69.3,0.23,0.28,0.30
FRED,2017-08-21 11:00:00 EDT,42.41817,-79.36660,783,79.2,78.4,79.2,71.2,69.1,0.000,0.376,0.00,0.000,7.3,12.7,1.9,248,15,7.8,13.6,2.0,254,15,7.3,12.7,1.9,248,15,643,29.29,,0,0,0,71.3,70.7,69.3,0.22,0.28,0.30
FRED,2017-08-21 11:05:00 EDT,42.41817,-79.36660,783,79.2,78.4,79.2,71.1,69.0,0.000,0.376,0.00,0.000,7.3,11.3,1.5,257,11,8.0,12.4,1.6,263,10,7.3,11.3,1.5,257,11,687,29.29,,0,0,0,71.3,70.7,69.4,0.22,0.28,0.30
FRED,2017-08-21 11:10:00 EDT,42.41817,-79.36660,783,79.2,78.4,79.2,70.2,68.6,0.000,0.376,0.00,0.000,9.7,14.5,1.9,250,12,10.3,14.7,1.9,256,11,9.7,14.5,1.9,250,12,700,29.29,,0,0,0,71.4,70.7,69.3,0.22,0.28,0.30
FRED,2017-08-21 11:15:00 EDT,42.41817,-79.36660,783,78.9,78.4,78.9,71.5,68.8,0.000,0.376,0.00,0.000,8.4,13.0,2.1,268,16,9.2,15.1,2.3,273,13,8.4,13.0,2.1,268,16,365,29.29,,0,0,0,71.3,70.7,69.4,0.22,0.28,0.30
FRED,2017-08-21 11:20:00 EDT,42.41817,-79.36660,783,77.7,77.5,77.7,71.7,67.8,0.000,0.376,0.00,0.000,10.5,14.2,1.6,257,12,11.2,14.9,1.7,262,9,10.5,14.2,1.6,257,12,311,29.29,,0,0,0,71.4,70.7,69.4,0.22,0.28,0.30
FRED,2017-08-21 11:25:00 EDT,42.41817,-79.36660,783,78.1,77.7,78.1,72.8,68.7,0.000,0.376,0.00,0.000,8.1,10.7,1.3,262,13,8.7,11.9,1.4,267,11,8.1,10.7,1.3,262,13,458,29.29,,0,0,0,71.4,70.7,69.3,0.22,0.28,0.30
FRED,2017-08-21 11:30:00 EDT,42.41817,-79.36660,783,78.4,77.8,78.4,71.5,68.4,0.000,0.376,0.00,0.000,9.5,13.3,1.6,259,9,10.0,14.8,1.7,263,9,9.5,13.3,1.6,259,9,480,29.29,,0,0,0,71.5,70.7,69.3,0.22,0.28,0.31
FRED,2017-08-21 11:35:00 EDT,42.41817,-79.36660,783,78.3,77.7,78.3,72.2,68.6,0.000,0.376,0.00,0.000,8.8,12.9,1.9,268,13,9.5,14.2,2.0,273,12,8.8,12.9,1.9,268,13,416,29.29,,0,0,0,71.4,70.7,69.3,0.22,0.28,0.31
FRED,2017-08-21 11:40:00 EDT,42.41817,-79.36660,783,78.0,77.6,78.0,72.1,68.2,0.000,0.376,0.00,0.000,9.1,13.3,1.8,275,11,10.0,14.9,1.9,279,8,9.1,13.3,1.8,275,11,354,29.29,,0,0,0,71.5,70.7,69.3,0.22,0.28,0.30
FRED,2017-08-21 11:45:00 EDT,42.41817,-79.36660,783,78.0,77.6,78.0,73.1,68.6,0.000,0.376,0.00,0.000,8.6,14.5,2.5,274,13,9.2,17.4,2.7,279,10,8.6,14.5,2.5,274,13,358,29.29,,0,0,0,71.6,70.7,69.3,0.22,0.28,0.30
FRED,2017-08-21 11:50:00 EDT,42.41817,-79.36660,783,77.4,77.0,77.4,73.0,68.1,0.000,0.376,0.00,0.000,9.4,13.2,2.1,274,14,10.2,15.1,2.3,277,11,9.4,13.2,2.1,274,14,364,29.29,,0,0,0,71.8,70.7,69.4,0.22,0.28,0.30
FRED,2017-08-21 11:55:00 EDT,42.41817,-79.36660,783,77.3,76.9,77.3,74.5,68.6,0.000,0.376,0.00,0.000,9.1,14.5,2.1,255,9,9.8,15.1,2.2,260,7,9.1,14.5,2.1,255,9,340,29.29,,0,0,0,71.8,70.7,69.3,0.22,0.28,0.31
FRED,2017-08-21 12:00:00 EDT,42.41817,-79.36660,783,77.0,76.6,77.0,74.3,68.2,0.000,0.376,0.00,0.000,9.3,12.0,1.5,259,9,9.9,13.4,1.6,265,7,9.3,12.0,1.5,259,9,290,29.29,,0,0,0,71.8,70.7,69.3,0.22,0.28,0.30
FRED,2017-08-21 12:05:00 EDT,42.41817,-79.36660,783,76.9,76.6,76.9,76.7,69.0,0.000,0.376,0.00,0.000,6.4,9.4,1.2,254,12,7.0,9.7,1.4,258,11,6.4,9.4,1.2,254,12,315,29.29,,0,0,0,72.0,70.7,69.3,0.22,0.28,0.30
FRED,2017-08-21 12:10:00 EDT,42.41817,-79.36660,783,77.2,76.7,77.2,74.4,68.5,0.000,0.376,0.00,0.000,8.8,12.6,1.7,265,10,9.6,14.8,2.0,270,8,8.8,12.6,1.7,265,10,739,29.29,,0,0,0,72.2,70.7,69.3,0.22,0.28,0.30
FRED,2017-08-21 12:15:00 EDT,42.41817,-79.36660,783,78.0,77.0,78.0,75.7,69.7,0.000,0.376,0.00,0.000,8.8,12.0,1.4,243,14,9.3,13.2,1.5,248,13,8.8,12.0,1.4,243,14,748,29.29,,0,0,0,72.3,70.7,69.3,0.22,0.28,0.30
FRED,2017-08-21 12:20:00 EDT,42.41817,-79.36660,783,78.3,77.5,78.3,75.1,69.8,0.000,0.376,0.00,0.000,8.0,10.5,1.2,248,10,8.5,11.1,1.4,254,10,8.0,10.5,1.2,248,10,753,29.29,,0,0,0,72.3,70.7,69.4,0.22,0.28,0.31
FRED,2017-08-21 12:25:00 EDT,42.41817,-79.36660,783,78.5,77.7,78.5,74.5,69.7,0.000,0.376,0.00,0.000,6.6,9.3,1.2,253,16,7.3,10.8,1.3,260,15,6.6,9.3,1.2,253,16,755,29.29,,0,0,0,72.3,70.7,69.3,0.22,0.28,0.31
FRED,2017-08-21 12:30:00 EDT,42.41817,-79.36660,783,79.3,78.2,79.3,73.8,70.2,0.000,0.376,0.00,0.000,7.9,11.0,1.8,281,11,8.4,13.5,1.9,285,10,7.9,11.0,1.8,281,11,779,29.28,,0,0,0,72.4,70.7,69.3,0.22,0.28,0.31
FRED,2017-08-21 12:35:00 EDT,42.41817,-79.36660,783,78.9,78.0,78.9,74.4,70.1,0.000,0.376,0.00,0.000,7.8,12.2,1.8,290,18,8.4,12.4,1.8,292,16,7.8,12.2,1.8,290,18,766,29.28,,0,0,0,72.3,70.7,69.3,0.21,0.28,0.31
FRED,2017-08-21 12:40:00 EDT,42.41817,-79.36660,783,79.5,78.5,79.5,74.2,70.5,0.000,0.376,0.00,0.000,7.1,11.4,1.9,274,14,7.9,13.7,1.9,278,11,7.1,11.4,1.9,274,14,768,29.28,,0,0,0,72.4,70.7,69.3,0.22,0.28,0.31
FRED,2017-08-21 12:45:00 EDT,42.41817,-79.36660,783,79.3,78.2,79.3,73.5,70.1,0.000,0.376,0.00,0.000,8.9,12.0,1.3,283,10,9.4,14.5,1.4,288,8,8.9,12.0,1.3,283,10,769,29.28,,0,0,0,72.5,70.7,69.3,0.22,0.28,0.31
FRED,2017-08-21 12:50:00 EDT,42.41817,-79.36660,783,79.0,78.1,79.0,74.5,70.2,0.000,0.376,0.00,0.000,7.0,11.0,1.5,289,16,7.4,11.4,1.7,293,14,7.0,11.0,1.5,289,16,755,29.28,,0,0,0,72.7,70.7,69.3,0.21,0.28,0.30
FRED,2017-08-21 12:55:00 EDT,42.41817,-79.36660,783,79.0,78.2,79.0,74.6,70.2,0.000,0.376,0.00,0.000,7.6,11.3,1.8,287,12,8.1,11.9,1.9,293,13,7.6,11.3,1.8,287,12,774,29.28,,0,0,0,72.7,70.7,69.3,0.21,0.28,0.31
FRED,2017-08-21 13:00:00 EDT,42.41817,-79.36660,783,79.1,78.2,79.1,75.1,70.5,0.000,0.376,0.00,0.000,7.0,11.0,2.1,285,12,7.4,12.2,2.2,289,12,7.0,11.0,2.1,285,12,780,29.28,,0,0,0,72.7,70.7,69.3,0.22,0.28,0.30
FRED,2017-08-21 13:05:00 EDT,42.41817,-79.36660,783,79.2,78.3,79.2,75.2,70.7,0.000,0.376,0.00,0.000,5.4,9.5,1.9,289,21,6.0,10.6,2.1,293,19,5.4,9.5,1.9,289,21,786,29.28,,0,0,0,73.0,70.7,69.3,0.22,0.28,0.30
FRED,2017-08-21 13:10:00 EDT,42.41817,-79.36660,783,79.9,78.9,79.9,74.7,71.1,0.000,0.376,0.00,0.000,5.6,10.7,1.6,276,15,6.4,11.1,1.7,280,13,5.6,10.7,1.6,276,15,785,29.28,,0,0,0,73.0,70.7,69.3,0.22,0.28,0.31
FRED,2017-08-21 13:15:00 EDT,42.41817,-79.36660,783,79.5,78.5,79.5,74.3,70.6,0.000,0.376,0.00,0.000,7.5,11.0,1.5,290,20,7.9,12.6,1.6,295,18,7.5,11.0,1.5,290,20,784,29.28,,0,0,0,73.0,70.7,69.3,0.22,0.28,0.30
FRED,2017-08-21 13:20:00 EDT,42.41817,-79.36660,783,79.7,78.8,79.7,74.7,71.0,0.000,0.376,0.00,0.000,6.7,9.7,1.8,283,13,7.3,10.3,1.8,288,11,6.7,9.7,1.8,283,13,777,29.28,,0,0,0,73.1,70.7,69.3,0.21,0.28,0.30
FRED,2017-08-21 13:25:00 EDT,42.41817,-79.36660,783,79.2,78.5,79.2,74.6,70.4,0.000,0.376,0.00,0.000,8.3,12.3,1.7,304,14,8.4,12.2,1.8,308,13,8.3,12.3,1.7,304,14,760,29.28,,0,0,0,73.1,70.7,69.3,0.21,0.28,0.30
FRED,2017-08-21 13:30:00 EDT,42.41817,-79.36660,783,79.2,78.4,79.2,75.6,70.8,0.000,0.376,0.00,0.000,8.3,11.0,1.2,296,13,8.6,11.5,1.3,301,14,8.3,11.0,1.2,296,13,723,29.28,,0,0,0,73.1,70.7,69.3,0.22,0.28,0.30
FRED,2017-08-21 13:35:00 EDT,42.41817,-79.36660,783,79.4,78.6,79.4,75.1,70.8,0.000,0.376,0.00,0.000,7.9,11.1,1.3,282,12,8.4,11.8,1.5,285,9,7.9,11.1,1.3,282,12,680,29.28,,0,0,0,73.3,70.7,69.3,0.21,0.28,0.31
FRED,2017-08-21 13:40:00 EDT,42.41817,-79.36660,783,79.2,78.2,79.2,75.5,70.8,0.000,0.376,0.00,0.000,8.8,12.3,1.6,274,13,9.4,12.6,1.7,280,12,8.8,12.3,1.6,274,13,639,29.28,,0,0,0,73.4,70.7,69.3,0.22,0.28,0.31
FRED,2017-08-21 13:45:00 EDT,42.41817,-79.36660,783,78.6,77.7,78.6,76.1,70.4,0.000,0.376,0.00,0.000,8.3,11.6,1.8,291,13,8.8,11.6,1.8,296,13,8.3,11.6,1.8,291,13,592,29.28,,0,0,0,73.5,70.7,69.3,0.21,0.28,0.30
FRED,2017-08-21 13:50:00 EDT,42.41817,-79.36660,783,78.0,77.4,78.0,76.5,70.0,0.000,0.376,0.00,0.000,9.5,13.2,1.8,289,12,9.9,14.2,1.9,292,10,9.5,13.2,1.8,289,12,548,29.28,,0,0,0,73.9,70.7,69.3,0.21,0.28,0.30
FRED,2017-08-21 13:55:00 EDT,42.41817,-79.36660,783,77.5,76.8,77.5,78.3,70.2,0.000,0.376,0.00,0.000,9.9,12.7,1.6,288,9,10.3,13.4,1.6,291,6,9.9,12.7,1.6,288,9,481,29.28,,0,0,0,73.9,70.7,69.3,0.21,0.28,0.31
FRED,2017-08-21 14:00:00 EDT,42.41817,-79.36660,783,77.1,76.7,77.1,79.5,70.3,0.000,0.376,0.00,0.000,9.0,11.8,1.6,288,10,9.5,12.8,1.7,293,7,9.0,11.8,1.6,288,10,352,29.28,,0,0,0,74.0,70.7,69.3,0.21,0.28,0.31
FRED,2017-08-21 14:05:00 EDT,42.41817,-79.36660,783,76.4,76.1,76.4,80.8,70.0,0.000,0.376,0.00,0.000,9.1,12.3,1.6,289,7,9.5,12.4,1.6,293,6,9.1,12.3,1.6,289,7,231,29.27,,0,0,0,74.0,70.7,69.3,0.21,0.28,0.31
FRED,2017-08-21 14:10:00 EDT,42.41817,-79.36660,783,76.3,76.0,76.3,81.9,70.4,0.000,0.376,0.00,0.000,6.7,9.7,1.4,287,10,7.2,10.7,1.4,294,10,6.7,9.7,1.4,287,10,313,29.27,,0,0,0,74.0,70.7,69.3,0.21,0.28,0.30
FRED,2017-08-21 14:15:00 EDT,42.41817,-79.36660,783,75.9,75.6,75.9,82.3,70.1,0.000,0.376,0.00,0.000,8.0,10.4,1.4,288,12,8.5,11.2,1.4,291,10,8.0,10.4,1.4,288,12,297,29.27,,0,0,0,74.1,70.7,69.3,0.22,0.28,0.30
FRED,2017-08-21 14:20:00 EDT,42.41817,-79.36660,783,75.8,75.5,75.8,82.9,70.2,0.000,0.376,0.00,0.000,7.7,9.9,1.2,282,9,8.3,11.5,1.3,285,7,7.7,9.9,1.2,282,9,251,29.27,,0,0,0,74.3,70.7,69.3,0.21,0.28,0.30
FRED,2017-08-21 14:25:00 EDT,42.41817,-79.36660,783,75.5,75.3,75.5,83.4,70.1,0.000,0.376,0.00,0.000,7.1,10.4,1.6,271,10,7.8,12.5,1.7,277,8,7.1,10.4,1.6,271,10,214,29.27,,0,0,0,74.5,70.7,69.3,0.21,0.28,0.31
FRED,2017-08-21 14:30:00 EDT,42.41817,-79.36660,783,75.4,75.3,75.4,84.3,70.3,0.000,0.376,0.00,0.000,6.1,10.2,1.5,263,12,6.8,12.6,1.6,268,10,6.1,10.2,1.5,263,12,185,29.27,,0,0,0,74.6,70.7,69.3,0.21,0.28,0.31
FRED,2017-08-21 14:35:00 EDT,42.41817,-79.36660,783,75.1,75.0,75.1,84.1,69.9,0.000,0.376,0.00,0.000,6.9,10.7,1.4,265,9,7.5,11.7,1.5,271,8,6.9,10.7,1.4,265,9,171,29.27,,0,0,0,74.6,70.7,69.3,0.21,0.28,0.30
FRED,2017-08-21 14:40:00 EDT,42.41817,-79.36660,783,74.9,74.9,74.9,85.2,70.1,0.000,0.376,0.00,0.000,5.4,7.5,0.9,273,9,5.9,8.4,1.0,279,8,5.4,7.5,0.9,273,9,174,29.27,,0,0,0,74.7,70.7,69.3,0.21,0.28,0.30
FRED,2017-08-21 14:45:00 EDT,42.41817,-79.36660,783,75.1,75.0,75.1,86.0,70.6,0.000,0.376,0.00,0.000,5.2,7.6,1.0,256,10,5.7,8.3,1.1,263,7,5.2,7.6,1.0,256,10,191,29.27,,0,0,0,74.6,70.7,69.3,0.21,0.28,0.31
FRED,2017-08-21 14:50:00 EDT,42.41817,-79.36660,783,75.2,75.0,75.2,85.6,70.6,0.000,0.376,0.00,0.000,5.1,7.8,1.3,259,11,5.6,8.7,1.3,265,9,5.1,7.8,1.3,259,11,220,29.27,,0,0,0,74.7,70.7,69.3,0.21,0.28,0.31
FRED,2017-08-21 14:55:00 EDT,42.41817,-79.36660,783,75.4,75.1,75.4,85.0,70.5,0.000,0.376,0.00,0.000,5.3,7.7,1.3,261,10,5.8,8.6,1.4,266,8,5.3,7.7,1.3,261,10,258,29.27,,0,0,0,74.7,70.7,69.3,0.21,0.28,0.31
FRED,2017-08-21 15:00:00 EDT,42.41817,-79.36660,783,75.4,75.1,75.4,84.6,70.5,0.000,0.376,0.00,0.000,5.3,7.5,1.0,264,12,5.8,8.5,1.2,269,10,5.3,7.5,1.0,264,12,297,29.26,,0,0,0,74.7,70.7,69.3,0.21,0.28,0.30
FRED,2017-08-21 15:05:00 EDT,42.41817,-79.36660,783,75.9,75.4,75.9,84.4,70.8,0.000,0.376,0.00,0.000,4.8,6.6,0.8,254,15,5.4,7.5,0.9,260,14,4.8,6.6,0.8,254,15,346,29.26,,0,0,0,74.7,70.7,69.3,0.21,0.28,0.31
FRED,2017-08-21 15:10:00 EDT,42.41817,-79.36660,783,75.8,75.3,75.8,83.1,70.3,0.000,0.376,0.00,0.000,4.7,6.1,0.8,257,14,5.2,6.9,0.8,263,13,4.7,6.1,0.8,257,14,390,29.26,,0,0,0,74.7,70.7,69.3,0.22,0.28,0.30
FRED,2017-08-21 15:15:00 EDT,42.41817,-79.36660,783,76.2,75.8,76.2,83.5,70.8,0.000,0.376,0.00,0.000,4.9,7.2,0.9,236,13,5.2,8.0,1.0,243,13,4.9,7.2,0.9,236,13,431,29.26,,0,0,0,74.7,70.7,69.3,0.21,0.28,0.30
FRED,2017-08-21 15:20:00 EDT,42.41817,-79.36660,783,76.6,76.1,76.6,81.7,70.6,0.000,0.376,0.00,0.000,4.7,7.5,1.1,244,11,5.2,8.3,1.2,250,10,4.7,7.5,1.1,244,11,467,29.26,,0,0,0,74.7,70.7,69.3,0.21,0.28,0.30
FRED,2017-08-21 15:25:00 EDT,42.41817,-79.36660,783,77.3,76.7,77.3,81.0,71.0,0.000,0.376,0.00,0.000,5.9,8.5,1.2,240,11,6.3,9.3,1.3,246,12,5.9,8.5,1.2,240,11,520,29.26,,0,0,0,74.8,70.7,69.3,0.21,0.28,0.31
FRED,2017-08-21 15:30:00 EDT,42.41817,-79.36660,783,77.8,77.0,77.8,79.2,70.8,0.000,0.376,0.00,0.000,6.0,8.3,1.1,248,10,6.4,9.0,1.2,254,10,6.0,8.3,1.1,248,10,560,29.25,,0,0,0,74.7,70.7,69.3,0.21,0.28,0.31
FRED,2017-08-21 15:35:00 EDT,42.41817,-79.36660,783,78.5,77.9,78.5,77.7,71.0,0.000,0.376,0.00,0.000,4.6,6.6,1.1,250,16,5.0,7.3,1.3,257,14,4.6,6.6,1.1,250,16,590,29.25,,0,0,0,74.8,70.7,69.3,0.21,0.28,0.31
FRED,2017-08-21 15:40:00 EDT,42.41817,-79.36660,783,79.0,78.1,79.0,76.2,70.9,0.000,0.376,0.00,0.000,4.8,7.5,1.2,256,16,5.3,8.6,1.4,262,15,4.8,7.5,1.2,256,16,617,29.25,,0,0,0,74.9,70.7,69.3,0.21,0.28,0.30
FRED,2017-08-21 15:45:00 EDT,42.41817,-79.36660,783,79.3,78.8,79.3,74.9,70.7,0.000,0.376,0.00,0.000,4.5,7.5,1.3,253,20,5.1,8.9,1.3,258,19,4.5,7.5,1.3,253,20,634,29.25,,0,0,0,75.0,70.7,69.3,0.21,0.28,0.30
FRED,2017-08-21 15:50:00 EDT,42.41817,-79.36660,783,79.8,79.0,79.8,73.6,70.6,0.000,0.376,0.00,0.000,6.9,9.4,1.5,269,12,7.5,10.8,1.7,274,11,6.9,9.4,1.5,269,12,646,29.25,,0,0,0,75.0,70.7,69.3,0.21,0.28,0.30
FRED,2017-08-21 15:55:00 EDT,42.41817,-79.36660,783,79.8,78.8,79.8,72.7,70.3,0.000,0.376,0.00,0.000,6.8,9.4,1.3,273,11,7.4,10.6,1.5,278,10,6.8,9.4,1.3,273,11,644,29.26,,0,0,0,75.0,70.7,69.3,0.21,0.28,0.30
FRED,2017-08-21 16:00:00 EDT,42.41817,-79.36660,783,80.3,79.4,83.7,72.0,70.4,0.000,0.376,0.00,0.000,6.2,9.1,1.3,260,11,6.8,11.1,1.5,266,10,6.2,9.1,1.3,260,11,636,29.25,,0,0,0,75.0,70.7,69.3,0.20,0.28,0.31
FRED,2017-08-21 16:05:00 EDT,42.41817,-79.36660,783,80.1,79.3,83.5,72.7,70.5,0.000,0.376,0.00,0.000,5.4,7.8,1.2,252,14,5.8,8.7,1.3,258,14,5.4,7.8,1.2,252,14,626,29.25,,0,0,0,75.0,70.7,69.3,0.21,0.28,0.31
FRED,2017-08-21 16:10:00 EDT,42.41817,-79.36660,783,80.6,79.7,84.2,72.2,70.8,0.000,0.376,0.00,0.000,4.9,7.5,1.1,256,18,5.4,7.7,1.1,263,18,4.9,7.5,1.1,256,18,613,29.25,,0,0,0,75.1,70.7,69.3,0.21,0.28,0.31
FRED,2017-08-21 16:15:00 EDT,42.41817,-79.36660,783,80.4,79.8,83.9,72.0,70.6,0.000,0.376,0.00,0.000,4.7,7.8,1.2,252,19,5.1,8.7,1.4,257,19,4.7,7.8,1.2,252,19,603,29.25,,0,0,0,75.1,70.7,69.3,0.21,0.28,0.31
FRED,2017-08-21 16:20:00 EDT,42.41817,-79.36660,783,80.9,80.1,84.9,72.4,71.2,0.000,0.376,0.00,0.000,5.2,7.6,1.0,242,13,5.6,7.4,1.0,249,14,5.2,7.6,1.0,242,13,592,29.25,,0,0,0,75.3,70.7,69.3,0.21,0.28,0.30
FRED,2017-08-21 16:25:00 EDT,42.41817,-79.36660,783,80.8,80.0,84.6,72.5,71.1,0.000,0.376,0.00,0.000,4.3,6.0,1.0,265,27,4.8,7.2,1.0,270,25,4.3,6.0,1.0,265,27,576,29.25,,0,0,0,75.5,70.7,69.3,0.21,0.28,0.31
FRED,2017-08-21 16:30:00 EDT,42.41817,-79.36660,783,80.8,80.1,84.7,72.4,71.1,0.000,0.376,0.00,0.000,5.6,9.2,1.4,293,18,6.1,9.9,1.5,297,17,5.6,9.2,1.4,293,18,569,29.25,,0,0,0,75.6,70.7,69.3,0.21,0.28,0.31
FRED,2017-08-21 16:35:00 EDT,42.41817,-79.36660,783,80.6,79.8,84.3,72.2,70.8,0.000,0.376,0.00,0.000,6.2,8.5,1.4,285,14,6.7,9.5,1.3,290,13,6.2,8.5,1.4,285,14,555,29.25,,0,0,0,75.6,70.7,69.3,0.20,0.28,0.31
FRED,2017-08-21 16:40:00 EDT,42.41817,-79.36660,783,80.6,79.9,84.2,71.5,70.5,0.000,0.376,0.00,0.000,5.4,7.0,0.7,287,15,5.9,7.5,0.8,293,14,5.4,7.0,0.7,287,15,544,29.25,,0,0,0,75.6,70.7,69.3,0.20,0.28,0.31
FRED,2017-08-21 16:45:00 EDT,42.41817,-79.36660,783,80.2,79.5,83.6,72.2,70.4,0.000,0.376,0.00,0.000,5.5,7.7,1.1,295,10,5.7,7.6,1.2,299,11,5.5,7.7,1.1,295,10,534,29.24,,0,0,0,75.6,70.7,69.3,0.21,0.28,0.31
FRED,2017-08-21 16:50:00 EDT,42.41817,-79.36660,783,80.3,79.7,83.9,73.3,71.0,0.000,0.376,0.00,0.000,4.9,7.0,0.9,299,8,5.2,7.9,1.0,304,9,4.9,7.0,0.9,299,8,523,29.24,,0,0,0,75.6,70.8,69.3,0.21,0.28,0.31
FRED,2017-08-21 16:55:00 EDT,42.41817,-79.36660,783,80.6,80.0,84.5,73.1,71.2,0.000,0.376,0.00,0.000,4.4,6.1,0.9,285,18,4.9,7.1,1.0,290,17,4.4,6.1,0.9,285,18,511,29.24,,0,0,0,75.6,70.7,69.3,0.21,0.28,0.31
FRED,2017-08-21 17:00:00 EDT,42.41817,-79.36660,783,80.7,80.0,84.3,71.6,70.6,0.000,0.376,0.00,0.000,5.0,7.6,1.0,285,12,5.4,8.2,1.1,288,11,5.0,7.6,1.0,285,12,498,29.24,,0,0,0,75.6,70.8,69.3,0.20,0.28,0.31
FRED,2017-08-21 17:05:00 EDT,42.41817,-79.36660,783,80.8,80.1,84.6,71.9,70.9,0.000,0.376,0.00,0.000,3.5,5.9,1.4,286,17,4.0,6.4,1.4,291,15,3.5,5.9,1.4,286,17,484,29.24,,0,0,0,75.6,70.7,69.3,0.21,0.28,0.31
FRED,2017-08-21 17:10:00 EDT,42.41817,-79.36660,783,80.3,79.6,83.7,72.0,70.4,0.000,0.376,0.00,0.000,5.0,7.1,1.1,288,10,5.5,7.7,1.1,292,9,5.0,7.1,1.1,288,10,469,29.24,,0,0,0,75.6,70.8,69.3,0.21,0.28,0.31
FRED,2017-08-21 17:15:00 EDT,42.41817,-79.36660,783,80.2,79.5,83.7,73.2,70.8,0.000,0.376,0.00,0.000,3.7,6.1,1.1,288,12,4.1,6.4,1.2,292,11,3.7,6.1,1.1,288,12,454,29.24,,0,0,0,75.7,70.7,69.2,0.20,0.28,0.31
FRED,2017-08-21 17:20:00 EDT,42.41817,-79.36660,783,80.2,79.7,83.6,72.4,70.5,0.000,0.376,0.00,0.000,4.3,6.4,1.2,278,9,4.8,7.2,1.2,283,9,4.3,6.4,1.2,278,9,440,29.24,,0,0,0,75.7,70.8,69.3,0.21,0.28,0.31
FRED,2017-08-21 17:25:00 EDT,42.41817,-79.36660,783,80.3,79.8,83.9,72.7,70.8,0.000,0.376,0.00,0.000,4.2,6.6,0.8,267,20,4.7,7.4,1.0,272,18,4.2,6.6,0.8,267,20,421,29.24,,0,0,0,75.8,70.8,69.3,0.21,0.28,0.31
FRED,2017-08-21 17:30:00 EDT,42.41817,-79.36660,783,80.6,80.0,84.3,72.5,70.9,0.000,0.376,0.00,0.000,3.0,4.5,0.8,273,15,3.5,5.3,0.9,278,14,3.0,4.5,0.8,273,15,405,29.24,,0,0,0,75.9,70.8,69.3,0.21,0.28,0.31
FRED,2017-08-21 17:35:00 EDT,42.41817,-79.36660,783,80.5,80.1,84.0,71.5,70.4,0.000,0.376,0.00,0.000,3.5,5.8,0.9,276,19,4.0,6.6,1.1,281,17,3.5,5.8,0.9,276,19,389,29.24,,0,0,0,75.9,70.8,69.3,0.21,0.28,0.31
FRED,2017-08-21 17:40:00 EDT,42.41817,-79.36660,783,80.9,80.4,84.7,71.4,70.8,0.000,0.376,0.00,0.000,3.9,6.1,1.0,256,12,4.4,6.8,1.1,262,11,3.9,6.1,1.0,256,12,374,29.24,,0,0,0,75.9,70.9,69.3,0.21,0.28,0.31
FRED,2017-08-21 17:45:00 EDT,42.41817,-79.36660,783,80.9,80.4,84.6,70.9,70.5,0.000,0.376,0.00,0.000,4.1,5.9,1.1,251,14,4.4,6.3,1.2,257,15,4.1,5.9,1.1,251,14,361,29.24,,0,0,0,75.9,70.8,69.3,0.20,0.28,0.31
FRED,2017-08-21 17:50:00 EDT,42.41817,-79.36660,783,80.9,80.6,84.5,70.0,70.2,0.000,0.376,0.00,0.000,3.2,4.8,0.8,266,15,3.7,5.6,0.9,272,15,3.2,4.8,0.8,266,15,346,29.23,,0,0,0,75.9,70.8,69.3,0.21,0.28,0.31
FRED,2017-08-21 17:55:00 EDT,42.41817,-79.36660,783,81.1,80.8,84.6,68.5,69.8,0.000,0.376,0.00,0.000,3.6,5.6,1.0,247,25,4.1,6.1,1.0,253,25,3.6,5.6,1.0,247,25,331,29.23,,0,0,0,75.9,70.9,69.3,0.20,0.28,0.31
FRED,2017-08-21 18:00:00 EDT,42.41817,-79.36660,783,81.0,80.7,84.4,68.3,69.6,0.000,0.376,0.00,0.000,3.2,5.2,0.6,251,11,3.6,5.9,0.8,258,11,3.2,5.2,0.6,251,11,317,29.23,,0,0,0,75.9,70.9,69.3,0.20,0.28,0.30
FRED,2017-08-21 18:05:00 EDT,42.41817,-79.36660,783,81.1,80.9,84.2,67.0,69.1,0.000,0.376,0.00,0.000,4.6,7.0,1.1,257,12,5.1,7.5,1.2,264,10,4.6,7.0,1.1,257,12,263,29.23,,0,0,0,75.9,70.9,69.3,0.21,0.28,0.31
FRED,2017-08-21 18:10:00 EDT,42.41817,-79.36660,783,80.4,80.5,83.4,67.7,68.8,0.000,0.376,0.00,0.000,4.7,7.1,1.1,249,4,5.1,7.5,1.3,255,4,4.7,7.1,1.1,249,4,225,29.23,,0,0,0,75.9,71.0,69.3,0.20,0.28,0.31
FRED,2017-08-21 18:15:00 EDT,42.41817,-79.36660,783,80.8,80.7,83.9,67.9,69.2,0.000,0.376,0.00,0.000,3.4,5.3,0.8,268,10,3.9,5.8,0.9,273,10,3.4,5.3,0.8,268,10,253,29.24,,0,0,0,76.1,71.0,69.3,0.21,0.28,0.31
FRED,2017-08-21 18:20:00 EDT,42.41817,-79.36660,783,81.0,81.0,84.0,65.9,68.6,0.000,0.376,0.00,0.000,3.2,5.4,0.9,259,12,3.7,6.1,1.0,266,12,3.2,5.4,0.9,259,12,258,29.23,,0,0,0,76.2,71.0,69.3,0.21,0.28,0.31
FRED,2017-08-21 18:25:00 EDT,42.41817,-79.36660,783,80.9,80.8,83.9,66.8,68.8,0.000,0.376,0.00,0.000,4.3,5.8,0.8,249,12,4.7,6.4,0.8,255,13,4.3,5.8,0.8,249,12,247,29.23,,0,0,0,76.4,71.0,69.3,0.21,0.28,0.31
FRED,2017-08-21 18:30:00 EDT,42.41817,-79.36660,783,80.9,80.8,83.9,66.6,68.7,0.000,0.376,0.00,0.000,3.7,5.2,0.7,255,13,4.1,6.2,0.8,261,11,3.7,5.2,0.7,255,13,228,29.23,,0,0,0,76.4,71.1,69.3,0.20,0.28,0.31
FRED,2017-08-21 18:35:00 EDT,42.41817,-79.36660,783,80.5,80.6,83.4,67.4,68.7,0.000,0.376,0.00,0.000,3.6,4.8,0.6,244,9,3.9,5.4,0.8,250,9,3.6,4.8,0.6,244,9,183,29.23,,0,0,0,76.4,71.0,69.3,0.21,0.28,0.31
FRED,2017-08-21 18:40:00 EDT,42.41817,-79.36660,783,80.2,80.5,82.9,66.9,68.2,0.000,0.376,0.00,0.000,3.6,5.8,0.9,250,12,3.9,6.0,0.9,256,12,3.6,5.8,0.9,250,12,169,29.23,,0,0,0,76.4,71.0,69.3,0.20,0.28,0.31
FRED,2017-08-21 18:45:00 EDT,42.41817,-79.36660,783,80.0,80.4,82.6,67.0,68.1,0.000,0.376,0.00,0.000,3.0,4.4,0.8,256,11,3.3,5.2,0.9,262,10,3.0,4.4,0.8,256,11,126,29.23,,0,0,0,76.4,71.1,69.3,0.20,0.28,0.31
FRED,2017-08-21 18:50:00 EDT,42.41817,-79.36660,783,79.3,80.1,79.3,69.4,68.4,0.000,0.376,0.00,0.000,2.1,3.1,0.5,250,12,2.3,3.7,0.5,255,13,2.1,3.1,0.5,250,12,88,29.23,,0,0,0,76.4,71.1,69.3,0.21,0.28,0.31
FRED,2017-08-21 18:55:00 EDT,42.41817,-79.36660,783,78.6,79.7,78.6,71.8,68.7,0.000,0.376,0.00,0.000,1.6,2.1,0.2,244,6,1.8,2.6,0.3,246,7,1.6,2.1,0.2,244,6,61,29.22,,0,0,0,76.4,71.1,69.3,0.20,0.28,0.31
FRED,2017-08-21 19:00:00 EDT,42.41817,-79.36660,783,78.1,79.3,78.1,74.5,69.3,0.000,0.376,0.00,0.000,1.5,2.0,0.2,231,9,1.6,1.9,0.1,233,10,1.5,2.0,0.2,231,9,81,29.22,,0,0,0,76.4,71.1,69.3,0.20,0.28,0.31
FRED,2017-08-21 19:05:00 EDT,42.41817,-79.36660,783,78.2,79.5,78.2,75.9,70.0,0.000,0.376,0.00,0.000,1.4,2.1,0.6,216,9,1.6,2.3,0.4,220,9,1.4,2.1,0.6,216,9,83,29.22,,0,0,0,76.5,71.1,69.3,0.20,0.28,0.31
FRED,2017-08-21 19:10:00 EDT,42.41817,-79.36660,783,78.1,79.4,78.1,76.1,69.9,0.000,0.376,0.00,0.000,1.1,1.6,0.2,187,23,1.5,2.1,0.3,188,22,1.1,1.6,0.2,187,23,55,29.22,,0,0,0,76.4,71.1,69.3,0.20,0.28,0.31
FRED,2017-08-21 19:15:00 EDT,42.41817,-79.36660,783,77.0,79.2,77.0,79.7,70.2,0.000,0.376,0.00,0.000,0.4,1.2,0.5,164,4,1.1,1.7,0.4,171,15,0.4,1.2,0.5,164,4,53,29.22,,0,0,0,76.4,71.1,69.3,0.20,0.28,0.31
FRED,2017-08-21 19:20:00 EDT,42.41817,-79.36660,783,76.4,78.5,76.4,81.4,70.3,0.000,0.376,0.00,0.000,1.6,2.6,0.5,155,7,2.0,3.0,0.4,154,7,1.6,2.6,0.5,155,7,39,29.22,,0,0,0,76.4,71.1,69.3,0.20,0.28,0.31
FRED,2017-08-21 19:25:00 EDT,42.41817,-79.36660,783,75.8,77.9,75.8,80.9,69.5,0.000,0.376,0.00,0.000,2.4,2.8,0.2,147,3,2.5,3.0,0.3,147,3,2.4,2.8,0.2,147,3,32,29.22,,0,0,0,76.4,71.1,69.3,0.20,0.28,0.31
FRED,2017-08-21 19:30:00 EDT,42.41817,-79.36660,783,74.8,77.6,74.8,83.7,69.6,0.000,0.376,0.00,0.000,2.2,2.4,0.1,154,4,2.5,2.9,0.2,153,5,2.2,2.4,0.1,154,4,30,29.22,,0,0,0,76.4,71.1,69.3,0.20,0.28,0.31
FRED,2017-08-21 19:35:00 EDT,42.41817,-79.36660,783,74.0,77.4,74.0,85.5,69.4,0.000,0.376,0.00,0.000,2.5,3.5,0.5,145,4,2.5,3.7,0.5,144,5,2.5,3.5,0.5,145,4,28,29.21,,0,0,0,76.5,71.1,69.3,0.20,0.28,0.31
FRED,2017-08-21 19:40:00 EDT,42.41817,-79.36660,783,73.6,77.0,73.6,86.1,69.2,0.000,0.376,0.00,0.000,3.3,4.2,0.4,151,4,3.5,4.6,0.4,151,5,3.3,4.2,0.4,151,4,26,29.21,,0,0,0,76.4,71.1,69.3,0.20,0.28,0.31
FRED,2017-08-21 19:45:00 EDT,42.41817,-79.36660,783,73.2,76.7,73.2,87.7,69.3,0.000,0.376,0.00,0.000,4.2,5.1,0.4,153,4,4.6,6.0,0.5,155,3,4.2,5.1,0.4,153,4,22,29.21,,0,0,0,76.4,71.1,69.3,0.20,0.28,0.30
FRED,2017-08-21 19:50:00 EDT,42.41817,-79.36660,783,73.7,76.6,73.7,85.7,69.2,0.000,0.376,0.00,0.000,4.1,5.0,0.4,155,4,4.6,5.7,0.4,155,4,4.1,5.0,0.4,155,4,17,29.21,,0,0,0,76.4,71.1,69.3,0.20,0.28,0.31
FRED,2017-08-21 19:55:00 EDT,42.41817,-79.36660,783,73.4,76.3,73.4,85.7,68.9,0.000,0.376,0.00,0.000,4.1,5.0,0.3,156,4,4.5,5.7,0.4,156,4,4.1,5.0,0.3,156,4,12,29.21,,0,0,0,76.2,71.1,69.3,0.20,0.28,0.31
FRED,2017-08-21 20:00:00 EDT,42.41817,-79.36660,783,72.9,75.9,72.9,85.9,68.5,0.000,0.376,0.00,0.000,3.7,4.3,0.3,156,4,4.1,5.0,0.4,157,4,3.7,4.3,0.3,156,4,8,29.21,,0,0,0,76.2,71.1,69.3,0.20,0.28,0.31
FRED,2017-08-21 20:05:00 EDT,42.41817,-79.36660,783,72.2,75.4,72.2,87.1,68.2,0.000,0.376,0.00,0.000,3.4,4.5,0.4,163,5,3.8,5.4,0.5,165,6,3.4,4.5,0.4,163,5,5,29.21,,0,0,0,76.1,71.2,69.3,0.21,0.28,0.31
FRED,2017-08-21 20:10:00 EDT,42.41817,-79.36660,783,71.8,75.4,71.8,87.8,68.0,0.000,0.376,0.00,0.000,4.1,4.7,0.3,164,4,4.5,5.6,0.3,165,4,4.1,4.7,0.3,164,4,3,29.21,,0,0,0,76.0,71.2,69.3,0.20,0.28,0.30
FRED,2017-08-21 20:15:00 EDT,42.41817,-79.36660,783,71.8,75.4,71.8,88.1,68.1,0.000,0.376,0.00,0.000,4.6,5.8,0.4,166,3,5.1,6.5,0.4,168,3,4.6,5.8,0.4,166,3,2,29.21,,0,0,0,76.0,71.2,69.3,0.21,0.28,0.31
FRED,2017-08-21 20:20:00 EDT,42.41817,-79.36660,783,71.8,75.2,71.8,87.5,67.9,0.000,0.376,0.00,0.000,4.5,5.3,0.4,159,6,5.1,6.3,0.4,161,6,4.5,5.3,0.4,159,6,1,29.21,,0,0,0,75.9,71.3,69.3,0.21,0.28,0.31
FRED,2017-08-21 20:25:00 EDT,42.41817,-79.36660,783,71.1,74.3,71.1,87.5,67.2,0.000,0.376,0.00,0.000,2.7,5.0,1.2,146,6,3.0,5.6,1.2,145,8,2.7,5.0,1.2,146,6,1,29.21,,0,0,0,75.9,71.3,69.3,0.21,0.28,0.31
FRED,2017-08-21 20:30:00 EDT,42.41817,-79.36660,783,70.7,73.0,70.7,87.9,67.0,0.000,0.376,0.00,0.000,1.3,2.3,0.4,143,11,1.6,2.6,0.4,144,12,1.3,2.3,0.4,143,11,0,29.21,,0,0,0,75.9,71.3,69.3,0.20,0.28,0.31
FRED,2017-08-21 20:35:00 EDT,42.41817,-79.36660,783,70.6,73.2,70.6,88.2,66.9,0.000,0.376,0.00,0.000,4.1,6.7,1.4,163,5,4.6,7.5,1.6,165,6,4.1,6.7,1.4,163,5,0,29.21,,0,0,0,75.9,71.3,69.3,0.20,0.28,0.31
FRED,2017-08-21 20:40:00 EDT,42.41817,-79.36660,783,70.8,74.8,70.8,89.0,67.4,0.000,0.376,0.00,0.000,5.1,6.4,0.5,160,4,5.7,7.3,0.6,162,4,5.1,6.4,0.5,160,4,0,29.22,,0,0,0,75.9,71.3,69.3,0.21,0.28,0.31
FRED,2017-08-21 20:45:00 EDT,42.41817,-79.36660,783,71.2,74.6,71.2,87.2,67.2,0.000,0.376,0.00,0.000,5.5,6.8,0.5,156,5,6.0,7.8,0.6,157,5,5.5,6.8,0.5,156,5,0,29.22,,0,0,0,75.9,71.4,69.3,0.20,0.28,0.31
FRED,2017-08-21 20:50:00 EDT,42.41817,-79.36660,783,72.0,74.6,72.0,84.1,67.0,0.000,0.376,0.00,0.000,5.0,6.7,0.6,154,5,5.4,7.5,0.7,155,4,5.0,6.7,0.6,154,5,0,29.22,,0,0,0,75.7,71.4,69.3,0.20,0.28,0.31
FRED,2017-08-21 20:55:00 EDT,42.41817,-79.36660,783,71.8,74.3,71.8,83.3,66.4,0.000,0.376,0.00,0.000,4.1,5.4,0.5,154,7,4.4,6.0,0.6,155,7,4.1,5.4,0.5,154,7,0,29.22,,0,0,0,75.6,71.4,69.3,0.20,0.28,0.31
FRED,2017-08-21 21:00:00 EDT,42.41817,-79.36660,783,71.6,74.2,71.6,83.8,66.5,0.000,0.376,0.00,0.000,3.8,5.4,0.6,149,8,4.1,5.8,0.7,149,8,3.8,5.4,0.6,149,8,0,29.22,,0,0,0,75.7,71.4,69.3,0.20,0.28,0.31
FRED,2017-08-21 21:05:00 EDT,42.41817,-79.36660,783,69.9,73.7,69.9,86.2,65.6,0.000,0.376,0.00,0.000,1.6,2.6,0.6,122,23,1.9,3.2,0.5,117,26,1.6,2.6,0.6,122,23,0,29.21,,0,0,0,75.7,71.4,69.3,0.20,0.28,0.31
FRED,2017-08-21 21:10:00 EDT,42.41817,-79.36660,783,69.1,72.9,69.1,89.6,66.0,0.000,0.376,0.00,0.000,1.0,2.0,0.3,98,16,1.5,2.2,0.3,102,16,1.0,2.0,0.3,98,16,0,29.21,,0,0,0,75.6,71.4,69.3,0.20,0.28,0.31
FRED,2017-08-21 21:15:00 EDT,42.41817,-79.36660,783,69.9,73.7,69.9,89.1,66.5,0.000,0.376,0.00,0.000,1.2,3.4,0.7,102,15,1.7,3.9,0.6,101,17,1.2,3.4,0.7,102,15,0,29.22,,0,0,0,75.6,71.4,69.3,0.20,0.28,0.31
FRED,2017-08-21 21:20:00 EDT,42.41817,-79.36660,783,70.3,73.7,70.3,85.5,65.7,0.000,0.376,0.00,0.000,1.5,2.6,0.4,116,16,1.8,2.8,0.4,115,18,1.5,2.6,0.4,116,16,0,29.21,,0,0,0,75.6,71.4,69.3,0.20,0.28,0.31
FRED,2017-08-21 21:25:00 EDT,42.41817,-79.36660,783,70.4,73.8,70.4,87.3,66.4,0.000,0.376,0.00,0.000,2.1,3.5,0.7,153,18,2.5,4.7,0.9,158,19,2.1,3.5,0.7,153,18,0,29.21,,0,0,0,75.6,71.4,69.3,0.20,0.28,0.31
FRED,2017-08-21 21:30:00 EDT,42.41817,-79.36660,783,71.9,74.6,71.9,85.2,67.2,0.000,0.376,0.00,0.000,3.3,5.9,0.9,156,19,3.5,5.4,1.0,158,18,3.3,5.9,0.9,156,19,0,29.22,,0,0,0,75.6,71.4,69.3,0.20,0.28,0.30
FRED,2017-08-21 21:35:00 EDT,42.41817,-79.36660,783,72.8,75.0,72.8,82.4,67.1,0.000,0.376,0.00,0.000,3.9,6.6,1.4,162,15,4.3,8.4,1.6,166,14,3.9,6.6,1.4,162,15,0,29.21,,0,0,0,75.6,71.4,69.3,0.20,0.28,0.31
FRED,2017-08-21 21:40:00 EDT,42.41817,-79.36660,783,73.4,75.3,73.4,80.4,67.0,0.000,0.376,0.00,0.000,4.3,6.9,1.0,162,14,4.8,8.4,1.2,164,13,4.3,6.9,1.0,162,14,0,29.21,,0,0,0,75.6,71.4,69.3,0.20,0.27,0.31
FRED,2017-08-21 21:45:00 EDT,42.41817,-79.36660,783,73.5,75.6,73.5,79.4,66.7,0.000,0.376,0.00,0.000,4.6,8.0,1.1,161,13,5.2,8.4,1.1,163,12,4.6,8.0,1.1,161,13,0,29.21,,0,0,0,75.6,71.4,69.3,0.20,0.28,0.31
FRED,2017-08-21 21:50:00 EDT,42.41817,-79.36660,783,73.7,75.6,73.7,78.8,66.7,0.000,0.376,0.00,0.000,3.9,6.1,0.9,164,11,4.4,7.3,1.1,167,12,3.9,6.1,0.9,164,11,0,29.21,,0,0,0,75.6,71.4,69.3,0.21,0.28,0.31
FRED,2017-08-21 21:55:00 EDT,42.41817,-79.36660,783,73.8,75.6,73.8,78.0,66.5,0.000,0.376,0.00,0.000,4.1,6.7,1.1,161,15,4.8,8.8,1.4,166,14,4.1,6.7,1.1,161,15,0,29.21,,0,0,0,75.5,71.4,69.3,0.20,0.28,0.31
FRED,2017-08-21 22:00:00 EDT,42.41817,-79.36660,783,74.1,75.7,74.1,76.9,66.4,0.000,0.376,0.00,0.000,5.0,8.8,1.3,164,14,5.8,10.6,1.5,165,14,5.0,8.8,1.3,164,14,0,29.21,,0,0,0,75.4,71.4,69.3,0.20,0.28,0.31
FRED,2017-08-21 22:05:00 EDT,42.41817,-79.36660,783,74.6,75.9,74.6,75.3,66.2,0.000,0.376,0.00,0.000,5.0,8.1,1.2,166,16,5.6,8.8,1.4,170,13,5.0,8.1,1.2,166,16,0,29.21,,0,0,0,75.1,71.4,69.3,0.20,0.28,0.30
FRED,2017-08-21 22:10:00 EDT,42.41817,-79.36660,783,74.2,75.8,74.2,75.2,65.9,0.000,0.376,0.00,0.000,3.6,5.8,0.9,164,14,4.0,7.5,1.0,168,15,3.6,5.8,0.9,164,14,0,29.21,,0,0,0,75.1,71.4,69.3,0.20,0.28,0.31
FRED,2017-08-21 22:15:00 EDT,42.41817,-79.36660,783,74.1,75.8,74.1,75.6,66.0,0.000,0.376,0.00,0.000,3.7,6.6,0.8,167,14,4.3,8.4,1.1,170,12,3.7,6.6,0.8,167,14,0,29.21,,0,0,0,75.0,71.4,69.3,0.20,0.28,0.31
FRED,2017-08-21 22:20:00 EDT,42.41817,-79.36660,783,73.9,75.6,73.9,75.2,65.5,0.000,0.376,0.00,0.000,2.8,5.7,0.9,157,19,3.3,6.5,1.1,159,20,2.8,5.7,0.9,157,19,0,29.21,,0,0,0,75.0,71.4,69.3,0.20,0.28,0.31
FRED,2017-08-21 22:25:00 EDT,42.41817,-79.36660,783,74.1,75.5,74.1,73.8,65.2,0.000,0.376,0.00,0.000,2.5,5.0,1.2,154,25,3.0,6.8,1.3,157,23,2.5,5.0,1.2,154,25,0,29.20,,0,0,0,75.0,71.4,69.3,0.20,0.27,0.31
FRED,2017-08-21 22:30:00 EDT,42.41817,-79.36660,783,74.6,75.9,74.6,72.2,65.1,0.000,0.376,0.00,0.000,4.9,8.4,1.9,169,18,5.7,10.5,2.2,172,18,4.9,8.4,1.9,169,18,0,29.20,,0,0,0,75.0,71.4,69.3,0.20,0.28,0.31
FRED,2017-08-21 22:35:00 EDT,42.41817,-79.36660,783,75.0,76.4,75.0,70.7,64.8,0.000,0.376,0.00,0.000,5.3,9.3,1.5,169,12,6.0,11.3,1.6,173,12,5.3,9.3,1.5,169,12,0,29.20,,0,0,0,75.0,71.4,69.3,0.20,0.28,0.31
FRED,2017-08-21 22:40:00 EDT,42.41817,-79.36660,783,75.0,76.4,75.0,70.1,64.6,0.000,0.376,0.00,0.000,6.5,10.3,1.6,173,11,7.2,11.4,1.8,175,10,6.5,10.3,1.6,173,11,0,29.20,,0,0,0,74.9,71.4,69.3,0.20,0.28,0.31
FRED,2017-08-21 22:45:00 EDT,42.41817,-79.36660,783,75.4,76.8,75.4,68.8,64.4,0.000,0.376,0.00,0.000,8.4,11.8,1.7,177,9,9.0,13.7,1.8,182,8,8.4,11.8,1.7,177,9,0,29.20,,0,0,0,74.8,71.4,69.3,0.20,0.28,0.31
FRED,2017-08-21 22:50:00 EDT,42.41817,-79.36660,783,75.3,76.8,75.3,68.6,64.3,0.000,0.376,0.00,0.000,6.9,11.4,1.4,174,11,7.6,11.6,1.6,178,9,6.9,11.4,1.4,174,11,0,29.20,,0,0,0,74.7,71.4,69.3,0.20,0.28,0.31
FRED,2017-08-21 22:55:00 EDT,42.41817,-79.36660,783,75.4,76.8,75.4,68.4,64.2,0.000,0.376,0.00,0.000,8.2,13.5,2.0,177,12,8.8,15.5,2.3,182,10,8.2,13.5,2.0,177,12,0,29.20,,0,0,0,74.8,71.4,69.3,0.20,0.28,0.31
FRED,2017-08-21 23:00:00 EDT,42.41817,-79.36660,783,75.9,77.3,75.9,67.0,64.2,0.000,0.376,0.00,0.000,8.5,13.0,1.7,185,11,9.4,13.8,1.9,188,10,8.5,13.0,1.7,185,11,0,29.19,,0,0,0,74.7,71.4,69.3,0.19,0.28,0.31
FRED,2017-08-21 23:05:00 EDT,42.41817,-79.36660,783,76.1,77.4,76.1,67.1,64.4,0.000,0.376,0.00,0.000,9.6,15.3,1.8,189,11,10.4,17.6,2.2,192,8,9.6,15.3,1.8,189,11,0,29.19,,0,0,0,74.7,71.5,69.3,0.20,0.28,0.31
FRED,2017-08-21 23:10:00 EDT,42.41817,-79.36660,783,76.1,77.3,76.1,68.3,64.9,0.000,0.376,0.00,0.000,9.2,12.5,1.6,186,12,9.8,14.6,1.8,190,9,9.2,12.5,1.6,186,12,0,29.19,,0,0,0,74.7,71.5,69.3,0.20,0.28,0.31
FRED,2017-08-21 23:15:00 EDT,42.41817,-79.36660,783,76.2,77.4,76.2,68.6,65.1,0.000,0.376,0.00,0.000,9.8,15.9,3.1,181,14,10.7,17.5,3.4,186,10,9.8,15.9,3.1,181,14,0,29.19,,0,0,0,74.7,71.4,69.3,0.20,0.28,0.31
FRED,2017-08-21 23:20:00 EDT,42.41817,-79.36660,783,76.0,77.1,76.0,69.6,65.3,0.000,0.376,0.00,0.000,9.7,16.6,2.7,181,11,10.6,18.9,3.1,186,9,9.7,16.6,2.7,181,11,0,29.19,,0,0,0,74.7,71.4,69.3,0.20,0.28,0.31
FRED,2017-08-21 23:25:00 EDT,42.41817,-79.36660,783,75.8,76.9,75.8,70.7,65.6,0.000,0.376,0.00,0.000,10.3,16.1,2.2,182,10,11.3,19.4,2.7,186,8,10.3,16.1,2.2,182,10,0,29.19,,0,0,0,74.6,71.5,69.3,0.20,0.28,0.31
FRED,2017-08-21 23:30:00 EDT,42.41817,-79.36660,783,75.7,76.8,75.7,71.7,65.9,0.000,0.376,0.00,0.000,9.3,15.3,2.3,191,11,10.1,18.4,2.6,195,10,9.3,15.3,2.3,191,11,0,29.19,,0,0,0,74.6,71.4,69.3,0.19,0.28,0.31
FRED,2017-08-21 23:35:00 EDT,42.41817,-79.36660,783,75.6,76.7,75.6,72.4,66.1,0.000,0.376,0.00,0.000,10.2,15.3,2.2,183,15,11.2,18.4,2.8,186,13,10.2,15.3,2.2,183,15,0,29.18,,0,0,0,74.7,71.5,69.3,0.20,0.28,0.31
FRED,2017-08-21 23:40:00 EDT,42.41817,-79.36660,783,75.5,76.6,75.5,73.0,66.3,0.000,0.376,0.00,0.000,10.0,16.4,2.2,186,11,10.8,17.6,2.5,189,10,10.0,16.4,2.2,186,11,0,29.18,,0,0,0,74.6,71.5,69.3,0.20,0.28,0.30
FRED,2017-08-21 23:45:00 EDT,42.41817,-79.36660,783,75.4,76.5,75.4,73.7,66.4,0.000,0.376,0.00,0.000,10.3,16.9,2.7,184,14,11.3,18.7,3.0,187,12,10.3,16.9,2.7,184,14,0,29.18,,0,0,0,74.6,71.4,69.3,0.20,0.28,0.31
FRED,2017-08-21 23:50:00 EDT,42.41817,-79.36660,783,75.5,76.4,75.5,74.0,66.6,0.000,0.376,0.00,0.000,9.9,14.9,2.2,186,12,10.4,16.6,2.5,189,10,9.9,14.9,2.2,186,12,0,29.18,,0,0,0,74.6,71.5,69.3,0.20,0.28,0.31
FRED,2017-08-21 23:55:00 EDT,42.41817,-79.36660,783,75.4,76.4,75.4,74.6,66.7,0.000,0.376,0.00,0.000,9.3,13.3,2.1,191,16,10.0,17.1,2.4,194,13,9.3,13.3,2.1,191,16,0,29.18,,0,0,0,74.6,71.5,69.3,0.20,0.28,0.31
GABR,2017-08-21 00:00:00 EDT,44.41742,-74.17867,1758,59.5,60.3,59.5,99.0,59.2,0.000,0.006,0.00,0.000,6.3,9.1,1.1,225,7,6.5,9.6,1.1,226,7,6.3,9.1,1.1,225,7,1,28.29,,0,0,0,64.8,63.1,61.7,0.20,0.32,0.35
GABR,2017-08-21 00:05:00 EDT,44.41742,-74.17867,1758,59.8,60.6,59.8,98.6,59.4,0.000,0.000,0.00,0.000,7.9,10.1,1.1,228,7,8.1,10.2,1.1,227,6,7.9,10.1,1.1,228,7,1,28.29,,0,0,0,64.8,63.1,61.7,0.20,0.32,0.35
GABR,2017-08-21 00:10:00 EDT,44.41742,-74.17867,1758,59.8,60.6,59.8,98.0,59.3,0.000,0.000,0.00,0.000,6.8,9.4,1.0,229,8,7.0,9.8,1.1,230,7,6.8,9.4,1.0,229,8,1,28.29,,0,0,0,64.8,63.1,61.7,0.20,0.32,0.35
GABR,2017-08-21 00:15:00 EDT,44.41742,-74.17867,1758,59.7,60.5,59.7,98.4,59.3,0.000,0.000,0.00,0.000,5.8,8.7,0.9,224,9,6.0,8.5,1.0,224,7,5.8,8.7,0.9,224,9,1,28.29,,0,0,0,64.8,63.1,61.7,0.20,0.32,0.35
GABR,2017-08-21 00:20:00 EDT,44.41742,-74.17867,1758,59.7,60.4,59.7,98.4,59.3,0.000,0.000,0.00,0.000,6.6,9.4,1.1,222,7,6.7,9.6,1.1,223,6,6.6,9.4,1.1,222,7,1,28.29,,0,0,0,64.8,63.1,61.7,0.20,0.32,0.35
GABR,2017-08-21 00:25:00 EDT,44.41742,-74.17867,1758,59.8,60.5,59.8,98.5,59.4,0.000,0.000,0.00,0.000,7.2,9.8,1.2,222,8,7.4,10.2,1.2,223,6,7.2,9.8,1.2,222,8,1,28.29,,0,0,0,64.7,63.1,61.7,0.20,0.32,0.35
GABR,2017-08-21 00:30:00 EDT,44.41742,-74.17867,1758,59.7,60.4,59.7,98.8,59.4,0.000,0.000,0.00,0.000,7.1,9.3,0.8,223,7,7.3,9.8,0.9,224,5,7.1,9.3,0.8,223,7,1,28.29,,0,0,0,64.6,63.1,61.7,0.20,0.32,0.35
GABR,2017-08-21 00:35:00 EDT,44.41742,-74.17867,1758,59.5,60.2,59.5,99.2,59.3,0.000,0.000,0.00,0.000,5.9,7.8,0.9,220,10,6.1,9.4,1.0,222,7,5.9,7.8,0.9,220,10,1,28.29,,0,0,0,64.4,63.0,61.7,0.20,0.32,0.35
GABR,2017-08-21 00:40:00 EDT,44.41742,-74.17867,1758,59.3,60.1,59.3,99.8,59.3,0.000,0.000,0.00,0.000,6.0,8.0,0.9,222,8,6.1,8.3,1.0,223,6,6.0,8.0,0.9,222,8,1,28.29,,0,0,0,64.4,63.0,61.7,0.20,0.32,0.35
GABR,2017-08-21 00:45:00 EDT,44.41742,-74.17867,1758,59.6,60.1,59.6,100.0,59.6,0.000,0.000,0.00,0.000,6.6,9.7,1.1,224,9,6.6,9.8,1.2,224,7,6.6,9.7,1.1,224,9,1,28.29,,0,0,0,64.4,63.1,61.7,0.20,0.32,0.35
GABR,2017-08-21 00:50:00 EDT,44.41742,-74.17867,1758,59.4,59.9,59.4,99.9,59.3,0.000,0.000,0.00,0.000,6.0,8.0,0.8,221,9,6.1,8.6,0.8,222,7,6.0,8.0,0.8,221,9,1,28.29,,0,0,0,64.4,63.1,61.7,0.20,0.32,0.35
GABR,2017-08-21 00:55:00 EDT,44.41742,-74.17867,1758,59.2,59.7,59.2,100.0,59.2,0.000,0.000,0.00,0.000,5.5,7.9,0.9,224,11,5.8,8.1,1.0,225,8,5.5,7.9,0.9,224,11,1,28.29,,0,0,0,64.4,63.0,61.7,0.20,0.32,0.35
GABR,2017-08-21 01:00:00 EDT,44.41742,-74.17867,1758,59.2,59.8,59.2,100.0,59.2,0.000,0.000,0.00,0.000,5.9,8.9,1.1,229,10,6.2,9.0,1.1,230,10,5.9,8.9,1.1,229,10,1,28.29,,0,0,0,64.4,63.0,61.7,0.20,0.32,0.35
GABR,2017-08-21 01:05:00 EDT,44.41742,-74.17867,1758,59.3,59.9,59.3,100.0,59.3,0.000,0.000,0.00,0.000,6.4,8.6,0.7,229,8,6.5,8.7,0.8,229,6,6.4,8.6,0.7,229,8,1,28.29,,0,0,0,64.4,63.0,61.7,0.20,0.32,0.35
GABR,2017-08-21 01:10:00 EDT,44.41742,-74.17867,1758,59.3,59.9,59.3,100.0,59.3,0.000,0.000,0.00,0.000,6.9,8.7,0.8,227,9,6.9,8.7,0.8,228,7,6.9,8.7,0.8,227,9,1,28.29,,0,0,0,64.4,63.0,61.7,0.20,0.32,0.35
GABR,2017-08-21 01:15:00 EDT,44.41742,-74.17867,1758,59.3,59.8,59.3,100.0,59.3,0.000,0.000,0.00,0.000,6.7,8.8,1.0,228,7,6.9,8.9,0.9,228,5,6.7,8.8,1.0,228,7,1,28.29,,0,0,0,64.4,63.0,61.8,0.20,0.32,0.35
GABR,2017-08-21 01:20:00 EDT,44.41742,-74.17867,1758,59.2,59.8,59.2,100.0,59.2,0.000,0.000,0.00,0.000,6.6,8.9,0.8,225,6,6.8,9.4,0.9,226,5,6.6,8.9,0.8,225,6,1,28.30,,0,0,0,64.3,63.0,61.7,0.20,0.32,0.35
GABR,2017-08-21 01:25:00 EDT,44.41742,-74.17867,1758,59.2,59.7,59.2,100.0,59.2,0.000,0.000,0.00,0.000,6.6,8.7,0.9,227,8,6.7,9.0,0.9,228,7,6.6,8.7,0.9,227,8,1,28.30,,0,0,0,64.2,63.0,61.7,0.20,0.32,0.35
GABR,2017-08-21 01:30:00 EDT,44.41742,-74.17867,1758,59.2,59.8,59.2,100.0,59.2,0.000,0.000,0.00,0.000,5.8,8.3,1.0,230,9,6.0,9.5,1.2,231,8,5.8,8.3,1.0,230,9,1,28.30,,0,0,0,64.2,63.0,61.7,0.20,0.32,0.35
GABR,2017-08-21 01:35:00 EDT,44.41742,-74.17867,1758,59.2,59.7,59.2,100.0,59.2,0.000,0.000,0.00,0.000,5.4,6.9,0.8,236,7,5.7,7.8,0.8,237,7,5.4,6.9,0.8,236,7,1,28.30,,0,0,0,64.2,63.0,61.8,0.20,0.32,0.35
GABR,2017-08-21 01:40:00 EDT,44.41742,-74.17867,1758,59.0,59.6,59.0,100.0,59.0,0.000,0.000,0.00,0.000,5.1,7.1,0.8,234,9,5.3,7.1,0.8,235,7,5.1,7.1,0.8,234,9,1,28.30,,0,0,0,64.2,63.0,61.8,0.20,0.32,0.35
GABR,2017-08-21 01:45:00 EDT,44.41742,-74.17867,1758,58.8,59.5,58.8,100.0,58.8,0.000,0.000,0.00,0.000,4.7,5.8,0.6,229,8,4.9,6.4,0.7,229,7,4.7,5.8,0.6,229,8,1,28.29,,0,0,0,64.2,63.0,61.7,0.20,0.32,0.35
GABR,2017-08-21 01:50:00 EDT,44.41742,-74.17867,1758,58.7,59.4,58.7,100.0,58.7,0.000,0.000,0.00,0.000,4.9,6.5,0.6,225,8,5.0,7.0,0.7,227,7,4.9,6.5,0.6,225,8,1,28.29,,0,0,0,64.2,63.0,61.7,0.20,0.32,0.35
GABR,2017-08-21 01:55:00 EDT,44.41742,-74.17867,1758,58.7,59.5,58.7,100.0,58.7,0.000,0.000,0.00,0.000,5.5,7.9,0.8,226,8,5.6,6.9,0.8,227,6,5.5,7.9,0.8,226,8,1,28.29,,0,0,0,64.2,63.0,61.7,0.20,0.32,0.35
GABR,2017-08-21 02:00:00 EDT,44.41742,-74.17867,1758,58.7,59.4,58.7,100.0,58.7,0.000,0.000,0.00,0.000,5.5,8.6,1.1,226,8,5.7,8.5,1.1,226,6,5.5,8.6,1.1,226,8,1,28.29,,0,0,0,64.2,62.9,61.8,0.20,0.32,0.35
GABR,2017-08-21 02:05:00 EDT,44.41742,-74.17867,1758,58.8,59.4,58.8,100.0,58.8,0.000,0.000,0.00,0.000,5.8,7.2,0.6,227,6,5.9,7.7,0.8,227,5,5.8,7.2,0.6,227,6,1,28.30,,0,0,0,64.2,63.0,61.8,0.20,0.32,0.35
GABR,2017-08-21 02:10:00 EDT,44.41742,-74.17867,1758,58.6,59.3,58.6,100.0,58.6,0.000,0.000,0.00,0.000,4.6,5.8,0.5,220,9,4.8,6.4,0.7,221,7,4.6,5.8,0.5,220,9,1,28.29,,0,0,0,64.2,63.0,61.8,0.20,0.32,0.35
GABR,2017-08-21 02:15:00 EDT,44.41742,-74.17867,1758,58.4,59.1,58.4,100.0,58.4,0.000,0.000,0.00,0.000,4.6,6.1,0.6,214,8,4.8,6.5,0.8,216,8,4.6,6.1,0.6,214,8,1,28.29,,0,0,0,64.2,63.0,61.8,0.20,0.32,0.35
GABR,2017-08-21 02:20:00 EDT,44.41742,-74.17867,1758,58.4,59.1,58.4,100.0,58.4,0.000,0.000,0.00,0.000,4.6,7.1,0.9,206,14,4.7,7.8,1.0,207,14,4.6,7.1,0.9,206,14,1,28.30,,0,0,0,64.2,63.0,61.8,0.20,0.32,0.35
GABR,2017-08-21 02:25:00 EDT,44.41742,-74.17867,1758,58.4,58.9,58.4,100.0,58.4,0.000,0.000,0.00,0.000,3.2,5.0,0.9,209,9,3.3,5.5,0.9,210,10,3.2,5.0,0.9,209,9,1,28.30,,0,0,0,64.1,63.0,61.7,0.20,0.32,0.35
GABR,2017-08-21 02:30:00 EDT,44.41742,-74.17867,1758,58.2,58.8,58.2,100.0,58.2,0.000,0.000,0.00,0.000,3.7,5.6,0.7,213,12,3.8,5.8,0.8,213,10,3.7,5.6,0.7,213,12,1,28.30,,0,0,0,63.9,63.0,61.8,0.20,0.32,0.35
GABR,2017-08-21 02:35:00 EDT,44.41742,-74.17867,1758,58.0,58.9,58.0,100.0,58.0,0.000,0.000,0.00,0.000,3.6,4.5,0.4,217,8,3.7,5.0,0.5,219,7,3.6,4.5,0.4,217,8,1,28.30,,0,0,0,63.9,63.0,61.7,0.20,0.32,0.35
GABR,2017-08-21 02:40:00 EDT,44.41742,-74.17867,1758,57.7,58.7,57.7,100.0,57.7,0.000,0.000,0.00,0.000,3.1,4.5,0.5,220,11,3.0,4.7,0.6,221,10,3.1,4.5,0.5,220,11,1,28.30,,0,0,0,63.9,62.9,61.7,0.20,0.32,0.35
GABR,2017-08-21 02:45:00 EDT,44.41742,-74.17867,1758,57.4,58.5,57.4,100.0,57.4,0.000,0.000,0.00,0.000,3.6,4.9,0.5,222,9,3.7,5.5,0.7,222,9,3.6,4.9,0.5,222,9,1,28.30,,0,0,0,63.9,63.0,61.7,0.20,0.32,0.35
GABR,2017-08-21 02:50:00 EDT,44.41742,-74.17867,1758,57.5,58.5,57.5,100.0,57.5,0.000,0.000,0.00,0.000,3.1,4.5,0.5,206,12,3.2,5.1,0.6,207,12,3.1,4.5,0.5,206,12,1,28.29,,0,0,0,63.9,62.9,61.8,0.20,0.32,0.35
GABR,2017-08-21 02:55:00 EDT,44.41742,-74.17867,1758,57.7,58.7,57.7,100.0,57.7,0.000,0.000,0.00,0.000,4.2,5.8,0.6,206,8,4.4,6.6,0.7,207,9,4.2,5.8,0.6,206,8,1,28.30,,0,0,0,63.9,62.9,61.8,0.20,0.32,0.35
GABR,2017-08-21 03:00:00 EDT,44.41742,-74.17867,1758,57.8,58.5,57.8,100.0,57.8,0.000,0.000,0.00,0.000,4.0,6.3,0.7,207,13,4.1,7.3,0.8,207,11,4.0,6.3,0.7,207,13,1,28.30,,0,0,0,63.9,62.9,61.8,0.20,0.32,0.35
GABR,2017-08-21 03:05:00 EDT,44.41742,-74.17867,1758,57.5,58.3,57.5,100.0,57.5,0.000,0.000,0.00,0.000,3.3,4.7,0.5,199,8,3.6,5.7,0.6,200,7,3.3,4.7,0.5,199,8,1,28.30,,0,0,0,63.9,62.9,61.9,0.20,0.32,0.35
GABR,2017-08-21 03:10:00 EDT,44.41742,-74.17867,1758,57.8,58.4,57.8,100.0,57.8,0.000,0.000,0.00,0.000,3.7,5.0,0.7,200,12,3.9,5.3,0.7,201,11,3.7,5.0,0.7,200,12,1,28.30,,0,0,0,63.9,62.9,61.8,0.20,0.32,0.35
GABR,2017-08-21 03:15:00 EDT,44.41742,-74.17867,1758,57.7,58.5,57.7,100.0,57.7,0.000,0.000,0.00,0.000,3.4,4.5,0.5,202,10,3.5,4.9,0.6,202,9,3.4,4.5,0.5,202,10,1,28.30,,0,0,0,63.9,62.9,61.8,0.20,0.32,0.35
GABR,2017-08-21 03:20:00 EDT,44.41742,-74.17867,1758,57.4,58.2,57.4,100.0,57.4,0.000,0.000,0.00,0.000,3.9,5.2,0.6,197,8,4.2,6.0,0.7,197,8,3.9,5.2,0.6,197,8,1,28.30,,0,0,0,63.9,62.9,61.9,0.20,0.32,0.35
GABR,2017-08-21 03:25:00 EDT,44.41742,-74.17867,1758,57.2,58.1,57.2,100.0,57.2,0.000,0.000,0.00,0.000,3.9,5.2,0.5,201,7,4.1,6.2,0.7,202,8,3.9,5.2,0.5,201,7,1,28.30,,0,0,0,63.9,62.9,61.8,0.20,0.32,0.35
GABR,2017-08-21 03:30:00 EDT,44.41742,-74.17867,1758,57.4,58.1,57.4,100.0,57.4,0.000,0.000,0.00,0.000,4.3,6.4,0.8,202,9,4.6,7.5,0.9,203,9,4.3,6.4,0.8,202,9,1,28.30,,0,0,0,63.9,62.9,61.8,0.20,0.32,0.35
GABR,2017-08-21 03:35:00 EDT,44.41742,-74.17867,1758,57.5,58.1,57.5,100.0,57.5,0.000,0.000,0.00,0.000,4.2,6.1,0.8,209,13,4.5,7.0,0.9,211,11,4.2,6.1,0.8,209,13,1,28.30,,0,0,0,63.8,62.8,61.8,0.20,0.32,0.35
GABR,2017-08-21 03:40:00 EDT,44.41742,-74.17867,1758,57.8,58.4,57.8,100.0,57.8,0.000,0.000,0.00,0.000,4.7,6.1,0.7,216,9,4.9,7.3,0.8,217,9,4.7,6.1,0.7,216,9,1,28.30,,0,0,0,63.7,62.8,61.8,0.20,0.32,0.35
GABR,2017-08-21 03:45:00 EDT,44.41742,-74.17867,1758,57.7,58.4,57.7,100.0,57.7,0.000,0.000,0.00,0.000,4.1,6.3,0.8,213,10,4.4,6.5,0.8,216,8,4.1,6.3,0.8,213,10,1,28.30,,0,0,0,63.6,62.9,61.9,0.20,0.32,0.35
GABR,2017-08-21 03:50:00 EDT,44.41742,-74.17867,1758,57.6,58.4,57.6,100.0,57.6,0.000,0.000,0.00,0.000,3.1,5.0,0.6,218,10,3.0,4.8,0.6,219,9,3.1,5.0,0.6,218,10,1,28.30,,0,0,0,63.5,62.8,61.9,0.20,0.32,0.35
GABR,2017-08-21 03:55:00 EDT,44.41742,-74.17867,1758,57.5,58.4,57.5,100.0,57.5,0.000,0.000,0.00,0.000,2.9,4.3,0.4,210,10,3.0,4.6,0.6,211,9,2.9,4.3,0.4,210,10,1,28.30,,0,0,0,63.5,62.8,61.8,0.20,0.32,0.35
GABR,2017-08-21 04:00:00 EDT,44.41742,-74.17867,1758,57.7,58.3,57.7,100.0,57.7,0.000,0.000,0.00,0.000,2.9,4.5,0.8,203,12,3.1,5.0,0.9,201,12,2.9,4.5,0.8,203,12,1,28.30,,0,0,0,63.5,62.7,61.8,0.20,0.32,0.35
GABR,2017-08-21 04:05:00 EDT,44.41742,-74.17867,1758,57.5,58.1,57.5,100.0,57.5,0.000,0.000,0.00,0.000,2.1,3.1,0.4,201,11,2.3,3.4,0.5,202,12,2.1,3.1,0.4,201,11,1,28.30,,0,0,0,63.5,62.7,61.8,0.20,0.32,0.35
GABR,2017-08-21 04:10:00 EDT,44.41742,-74.17867,1758,57.4,58.0,57.4,100.0,57.4,0.000,0.000,0.00,0.000,2.5,4.2,0.8,198,11,2.7,5.2,0.8,198,13,2.5,4.2,0.8,198,11,1,28.30,,0,0,0,63.5,62.7,61.8,0.20,0.32,0.35
GABR,2017-08-21 04:15:00 EDT,44.41742,-74.17867,1758,57.5,58.3,57.5,100.0,57.5,0.000,0.000,0.00,0.000,3.0,4.5,0.6,200,12,3.1,4.8,0.7,200,12,3.0,4.5,0.6,200,12,1,28.30,,0,0,0,63.5,62.7,61.8,0.20,0.32,0.35
GABR,2017-08-21 04:20:00 EDT,44.41742,-74.17867,1758,57.5,58.5,57.5,100.0,57.5,0.000,0.000,0.00,0.000,3.1,4.2,0.5,200,9,3.3,4.8,0.6,201,10,3.1,4.2,0.5,200,9,1,28.30,,0,0,0,63.5,62.7,61.8,0.20,0.32,0.36
GABR,2017-08-21 04:25:00 EDT,44.41742,-74.17867,1758,57.4,58.2,57.4,100.0,57.4,0.000,0.000,0.00,0.000,3.3,4.7,0.5,192,9,3.6,5.9,0.6,192,8,3.3,4.7,0.5,192,9,1,28.30,,0,0,0,63.5,62.7,61.8,0.20,0.32,0.35
GABR,2017-08-21 04:30:00 EDT,44.41742,-74.17867,1758,57.6,58.0,57.6,100.0,57.6,0.000,0.000,0.00,0.000,3.6,5.0,0.6,194,11,3.9,5.7,0.8,195,10,3.6,5.0,0.6,194,11,1,28.30,,0,0,0,63.5,62.6,61.9,0.20,0.32,0.35
GABR,2017-08-21 04:35:00 EDT,44.41742,-74.17867,1758,57.5,58.3,57.5,100.0,57.5,0.000,0.000,0.00,0.000,3.9,6.5,0.9,203,12,4.2,7.8,1.2,204,11,3.9,6.5,0.9,203,12,1,28.30,,0,0,0,63.5,62.6,61.9,0.20,0.32,0.35
GABR,2017-08-21 04:40:00 EDT,44.41742,-74.17867,1758,57.7,58.2,57.7,100.0,57.7,0.000,0.000,0.00,0.000,3.2,5.2,0.6,203,12,3.4,5.8,0.7,203,12,3.2,5.2,0.6,203,12,1,28.30,,0,0,0,63.5,62.6,61.9,0.20,0.32,0.35
GABR,2017-08-21 04:45:00 EDT,44.41742,-74.17867,1758,57.9,58.4,57.9,100.0,57.9,0.000,0.000,0.00,0.000,3.7,6.4,0.9,201,15,4.0,7.1,1.0,200,14,3.7,6.4,0.9,201,15,1,28.30,,0,0,0,63.4,62.6,61.8,0.20,0.32,0.35
GABR,2017-08-21 04:50:00 EDT,44.41742,-74.17867,1758,57.9,58.5,57.9,100.0,57.9,0.000,0.000,0.00,0.000,4.3,5.5,0.5,204,9,4.8,6.4,0.8,204,8,4.3,5.5,0.5,204,9,1,28.30,,0,0,0,63.3,62.6,61.9,0.20,0.32,0.35
GABR,2017-08-21 04:55:00 EDT,44.41742,-74.17867,1758,58.0,58.7,58.0,100.0,58.0,0.000,0.000,0.00,0.000,4.7,6.4,0.7,205,10,5.1,7.9,0.8,205,9,4.7,6.4,0.7,205,10,1,28.30,,0,0,0,63.2,62.6,61.9,0.20,0.32,0.35
GABR,2017-08-21 05:00:00 EDT,44.41742,-74.17867,1758,58.0,58.6,58.0,100.0,58.0,0.000,0.000,0.00,0.000,3.5,5.2,0.6,204,11,3.7,5.2,0.7,204,10,3.5,5.2,0.6,204,11,1,28.30,,0,0,0,63.1,62.6,61.9,0.20,0.32,0.35
GABR,2017-08-21 05:05:00 EDT,44.41742,-74.17867,1758,58.1,58.7,58.1,100.0,58.1,0.000,0.000,0.00,0.000,3.4,6.4,1.0,200,12,3.7,7.6,1.1,200,12,3.4,6.4,1.0,200,12,1,28.30,,0,0,0,63.1,62.6,61.9,0.20,0.32,0.35
GABR,2017-08-21 05:10:00 EDT,44.41742,-74.17867,1758,57.9,58.8,57.9,100.0,57.9,0.000,0.000,0.00,0.000,2.2,3.7,0.7,207,11,2.3,4.1,0.8,208,11,2.2,3.7,0.7,207,11,1,28.30,,0,0,0,63.1,62.6,61.9,0.20,0.32,0.35
GABR,2017-08-21 05:15:00 EDT,44.41742,-74.17867,1758,57.2,58.4,57.2,100.0,57.2,0.000,0.000,0.00,0.000,0.3,1.6,0.5,211,6,0.4,1.5,0.5,218,27,0.3,1.6,0.5,211,6,1,28.30,,0,0,0,63.1,62.6,61.9,0.20,0.32,0.35
GABR,2017-08-21 05:20:00 EDT,44.41742,-74.17867,1758,57.0,58.5,57.0,100.0,57.0,0.000,0.000,0.00,0.000,0.8,1.6,0.6,300,10,1.0,2.1,0.5,310,18,0.8,1.6,0.6,300,10,1,28.30,,0,0,0,63.1,62.6,61.9,0.20,0.32,0.35
GABR,2017-08-21 05:25:00 EDT,44.41742,-74.17867,1758,57.0,58.6,57.0,100.0,57.0,0.000,0.000,0.00,0.000,0.4,1.5,0.5,256,9,0.7,1.9,0.6,273,21,0.4,1.5,0.5,256,9,1,28.31,,0,0,0,63.1,62.6,61.8,0.20,0.32,0.35
GABR,2017-08-21 05:30:00 EDT,44.41742,-74.17867,1758,57.5,58.4,57.5,100.0,57.5,0.000,0.000,0.00,0.000,0.9,2.4,0.6,285,6,1.3,2.7,0.5,290,11,0.9,2.4,0.6,285,6,1,28.31,,0,0,0,63.1,62.6,61.9,0.20,0.32,0.35
GABR,2017-08-21 05:35:00 EDT,44.41742,-74.17867,1758,57.7,58.4,57.7,100.0,57.7,0.000,0.000,0.00,0.000,1.1,2.3,0.4,269,10,1.4,2.1,0.4,273,12,1.1,2.3,0.4,269,10,1,28.31,,0,0,0,63.1,62.6,61.9,0.20,0.32,0.35
GABR,2017-08-21 05:40:00 EDT,44.41742,-74.17867,1758,57.9,58.3,57.9,100.0,57.9,0.000,0.000,0.00,0.000,0.8,1.8,0.4,234,27,1.1,2.4,0.4,237,27,0.8,1.8,0.4,234,27,1,28.31,,0,0,0,63.1,62.6,61.9,0.20,0.32,0.35
GABR,2017-08-21 05:45:00 EDT,44.41742,-74.17867,1758,57.2,58.2,57.2,100.0,57.2,0.000,0.000,0.00,0.000,0.2,0.9,0.3,238,19,0.6,1.5,0.5,236,28,0.2,0.9,0.3,238,19,1,28.31,,0,0,0,63.1,62.6,61.9,0.20,0.32,0.35
GABR,2017-08-21 05:50:00 EDT,44.41742,-74.17867,1758,57.0,57.9,57.0,100.0,57.0,0.000,0.000,0.00,0.000,0.6,1.8,0.5,216,10,0.8,2.2,0.6,217,11,0.6,1.8,0.5,216,10,1,28.31,,0,0,0,63.1,62.6,61.9,0.20,0.32,0.35
GABR,2017-08-21 05:55:00 EDT,44.41742,-74.17867,1758,56.8,58.0,56.8,100.0,56.8,0.000,0.000,0.00,0.000,1.0,1.8,0.3,221,15,1.1,2.0,0.3,222,14,1.0,1.8,0.3,221,15,1,28.31,,0,0,0,63.1,62.6,61.9,0.20,0.32,0.35
GABR,2017-08-21 06:00:00 EDT,44.41742,-74.17867,1758,56.7,58.3,56.7,100.0,56.7,0.000,0.000,0.00,0.000,0.7,1.5,0.4,236,15,1.0,1.9,0.4,238,21,0.7,1.5,0.4,236,15,3,28.31,,0,0,0,63.1,62.6,61.9,0.20,0.32,0.35
GABR,2017-08-21 06:05:00 EDT,44.41742,-74.17867,1758,56.6,58.4,56.6,100.0,56.6,0.000,0.000,0.00,0.000,0.5,1.3,0.3,203,21,0.7,1.7,0.4,209,21,0.5,1.3,0.3,203,21,5,28.31,,0,0,0,63.1,62.6,61.9,0.20,0.32,0.35
GABR,2017-08-21 06:10:00 EDT,44.41742,-74.17867,1758,56.6,58.4,56.6,100.0,56.6,0.000,0.000,0.00,0.000,0.8,1.3,0.3,211,15,0.9,2.0,0.3,209,17,0.8,1.3,0.3,211,15,5,28.31,,0,0,0,63.1,62.6,61.9,0.20,0.32,0.35
GABR,2017-08-21 06:15:00 EDT,44.41742,-74.17867,1758,57.1,58.6,57.1,100.0,57.1,0.000,0.000,0.00,0.000,1.5,2.0,0.3,232,11,1.6,2.5,0.4,233,11,1.5,2.0,0.3,232,11,6,28.31,,0,0,0,63.1,62.6,61.9,0.20,0.32,0.35
GABR,2017-08-21 06:20:00 EDT,44.41742,-74.17867,1758,57.0,58.3,57.0,100.0,57.0,0.000,0.000,0.00,0.000,0.6,2.3,0.7,218,4,0.7,2.1,0.6,214,19,0.6,2.3,0.7,218,4,12,28.31,,0,0,0,63.0,62.6,62.0,0.20,0.32,0.35
GABR,2017-08-21 06:25:00 EDT,44.41742,-74.17867,1758,56.2,58.1,56.2,100.0,56.2,0.000,0.000,0.00,0.000,0.0,0.0,0.0,0,0,0.0,0.9,0.2,84,0,0.0,0.0,0.0,0,0,17,28.31,,0,0,0,63.0,62.6,61.9,0.20,0.32,0.35
GABR,2017-08-21 06:30:00 EDT,44.41742,-74.17867,1758,55.9,57.8,55.9,100.0,55.9,0.000,0.000,0.00,0.000,0.3,0.9,0.3,102,3,0.5,1.4,0.5,88,9,0.3,0.9,0.3,102,3,21,28.31,,0,0,0,63.0,62.5,61.9,0.20,0.32,0.35
GABR,2017-08-21 06:35:00 EDT,44.41742,-74.17867,1758,55.8,58.2,55.8,100.0,55.8,0.000,0.000,0.00,0.000,0.1,0.7,0.2,81,4,0.6,1.4,0.5,73,12,0.1,0.7,0.2,81,4,25,28.31,,0,0,0,63.0,62.6,62.0,0.20,0.32,0.35
GABR,2017-08-21 06:40:00 EDT,44.41742,-74.17867,1758,56.1,57.9,56.1,100.0,56.1,0.000,0.000,0.00,0.000,0.7,1.2,0.2,32,14,1.0,1.8,0.3,30,16,0.7,1.2,0.2,32,14,35,28.31,,0,0,0,63.0,62.6,61.9,0.20,0.32,0.35
GABR,2017-08-21 06:45:00 EDT,44.41742,-74.17867,1758,56.1,58.0,56.1,100.0,56.1,0.000,0.000,0.00,0.000,0.6,1.0,0.3,16,13,0.9,1.7,0.4,16,11,0.6,1.0,0.3,16,13,44,28.31,,0,0,0,63.0,62.5,61.9,0.20,0.32,0.35
GABR,2017-08-21 06:50:00 EDT,44.41742,-74.17867,1758,56.6,58.7,56.6,100.0,56.6,0.000,0.000,0.00,0.000,0.6,1.8,0.6,279,25,1.0,2.1,0.5,295,35,0.6,1.8,0.6,279,25,52,28.31,,0,0,0,63.0,62.5,61.9,0.20,0.32,0.35
GABR,2017-08-21 06:55:00 EDT,44.41742,-74.17867,1758,56.8,58.6,56.8,100.0,56.8,0.000,0.000,0.00,0.000,0.1,1.0,0.3,258,0,0.2,1.3,0.4,258,7,0.1,1.0,0.3,258,0,78,28.31,,0,0,0,63.0,62.6,61.9,0.20,0.32,0.35
GABR,2017-08-21 07:00:00 EDT,44.41742,-74.17867,1758,57.5,58.8,57.5,100.0,57.5,0.000,0.000,0.00,0.000,0.8,1.5,0.5,177,7,1.2,1.8,0.4,179,11,0.8,1.5,0.5,177,7,68,28.31,,0,0,0,63.0,62.5,61.9,0.20,0.32,0.35
GABR,2017-08-21 07:05:00 EDT,44.41742,-74.17867,1758,57.9,59.3,57.9,100.0,57.9,0.000,0.000,0.00,0.000,1.3,1.8,0.2,174,7,1.6,2.2,0.3,174,10,1.3,1.8,0.2,174,7,81,28.31,,0,0,0,63.0,62.5,61.9,0.20,0.32,0.35
GABR,2017-08-21 07:10:00 EDT,44.41742,-74.17867,1758,58.5,59.4,58.5,100.0,58.5,0.000,0.000,0.00,0.000,0.9,1.8,0.6,174,8,1.1,2.2,0.6,176,11,0.9,1.8,0.6,174,8,106,28.31,,0,0,0,63.0,62.5,61.9,0.20,0.32,0.35
GABR,2017-08-21 07:15:00 EDT,44.41742,-74.17867,1758,59.2,59.7,59.2,100.0,59.2,0.000,0.000,0.00,0.000,0.8,2.0,0.6,234,6,1.0,2.5,0.6,233,11,0.8,2.0,0.6,234,6,138,28.31,,0,0,0,63.0,62.5,61.8,0.20,0.32,0.35
GABR,2017-08-21 07:20:00 EDT,44.41742,-74.17867,1758,60.1,60.0,60.1,100.0,60.1,0.000,0.000,0.00,0.000,1.2,2.7,0.8,235,15,1.5,4.5,0.8,238,23,1.2,2.7,0.8,235,15,178,28.31,,0,0,0,62.8,62.5,61.9,0.20,0.32,0.35
GABR,2017-08-21 07:25:00 EDT,44.41742,-74.17867,1758,60.5,60.4,60.5,99.2,60.3,0.000,0.000,0.00,0.000,1.4,2.6,0.6,226,22,1.6,2.7,0.5,226,24,1.4,2.6,0.6,226,22,164,28.31,,0,0,0,62.7,62.5,61.9,0.20,0.32,0.35
GABR,2017-08-21 07:30:00 EDT,44.41742,-74.17867,1758,60.6,60.4,60.6,99.3,60.4,0.000,0.000,0.00,0.000,1.4,3.0,0.7,221,20,1.6,3.2,0.7,224,19,1.4,3.0,0.7,221,20,126,28.31,,0,0,0,62.6,62.5,61.9,0.20,0.32,0.35
GABR,2017-08-21 07:35:00 EDT,44.41742,-74.17867,1758,60.4,60.3,60.4,98.0,59.8,0.000,0.000,0.00,0.000,2.2,3.7,0.7,218,17,2.4,4.0,0.6,219,16,2.2,3.7,0.7,218,17,88,28.31,,0,0,0,62.6,62.5,61.9,0.20,0.32,0.35
GABR,2017-08-21 07:40:00 EDT,44.41742,-74.17867,1758,60.3,60.2,60.3,98.5,59.8,0.000,0.000,0.00,0.000,1.8,3.3,0.6,182,18,2.1,3.8,0.7,182,18,1.8,3.3,0.6,182,18,81,28.31,,0,0,0,62.6,62.5,61.9,0.20,0.32,0.35
GABR,2017-08-21 07:45:00 EDT,44.41742,-74.17867,1758,60.1,60.1,60.1,98.3,59.6,0.000,0.000,0.00,0.000,2.7,3.5,0.4,195,19,2.9,4.6,0.6,194,18,2.7,3.5,0.4,195,19,86,28.31,,0,0,0,62.6,62.5,61.9,0.20,0.32,0.35
GABR,2017-08-21 07:50:00 EDT,44.41742,-74.17867,1758,60.1,59.9,60.1,99.1,59.8,0.000,0.000,0.00,0.000,2.6,4.1,0.6,187,11,2.7,4.3,0.7,189,11,2.6,4.1,0.6,187,11,118,28.31,,0,0,0,62.6,62.5,61.8,0.20,0.32,0.35
GABR,2017-08-21 07:55:00 EDT,44.41742,-74.17867,1758,60.2,60.0,60.2,98.5,59.8,0.000,0.000,0.00,0.000,2.5,4.7,0.8,195,18,2.7,4.9,0.8,195,18,2.5,4.7,0.8,195,18,138,28.31,,0,0,0,62.6,62.4,61.9,0.20,0.32,0.35
GABR,2017-08-21 08:00:00 EDT,44.41742,-74.17867,1758,60.3,60.1,60.3,98.7,60.0,0.000,0.000,0.00,0.000,2.1,3.2,0.5,179,15,2.4,3.9,0.6,180,16,2.1,3.2,0.5,179,15,166,28.31,,0,0,0,62.6,62.4,61.8,0.20,0.32,0.35
GABR,2017-08-21 08:05:00 EDT,44.41742,-74.17867,1758,60.9,60.4,60.9,98.0,60.4,0.000,0.000,0.00,0.000,2.3,3.9,0.7,180,16,2.6,4.6,0.7,180,17,2.3,3.9,0.7,180,16,262,28.31,,0,0,0,62.6,62.5,61.9,0.20,0.32,0.35
GABR,2017-08-21 08:10:00 EDT,44.41742,-74.17867,1758,61.6,61.0,61.6,96.8,60.7,0.000,0.000,0.00,0.000,1.8,3.7,0.9,184,16,2.2,4.3,1.0,185,17,1.8,3.7,0.9,184,16,267,28.31,,0,0,0,62.6,62.4,61.9,0.20,0.32,0.35
GABR,2017-08-21 08:15:00 EDT,44.41742,-74.17867,1758,61.7,61.2,61.7,94.6,60.1,0.000,0.000,0.00,0.000,4.4,6.1,0.8,192,12,4.8,6.5,0.9,191,12,4.4,6.1,0.8,192,12,243,28.31,,0,0,0,62.6,62.4,61.9,0.20,0.32,0.35
GABR,2017-08-21 08:20:00 EDT,44.41742,-74.17867,1758,62.1,61.6,62.1,96.1,60.9,0.000,0.000,0.00,0.000,3.4,5.0,0.7,207,14,3.7,5.4,0.7,205,15,3.4,5.0,0.7,207,14,276,28.31,,0,0,0,62.6,62.4,61.9,0.20,0.32,0.35
GABR,2017-08-21 08:25:00 EDT,44.41742,-74.17867,1758,62.8,62.3,62.8,94.5,61.2,0.000,0.000,0.00,0.000,3.9,6.1,0.9,214,17,4.1,6.9,1.1,217,15,3.9,6.1,0.9,214,17,285,28.31,,0,0,0,62.6,62.4,61.9,0.20,0.32,0.35
GABR,2017-08-21 08:30:00 EDT,44.41742,-74.17867,1758,63.2,62.6,63.2,93.8,61.3,0.000,0.000,0.00,0.000,4.4,7.2,1.0,217,14,4.7,8.2,1.2,219,13,4.4,7.2,1.0,217,14,294,28.31,,0,0,0,62.6,62.3,61.9,0.20,0.32,0.35
GABR,2017-08-21 08:35:00 EDT,44.41742,-74.17867,1758,63.4,62.9,63.4,93.4,61.5,0.000,0.000,0.00,0.000,5.4,9.2,1.2,215,16,5.8,8.9,1.2,216,14,5.4,9.2,1.2,215,16,326,28.31,,0,0,0,62.6,62.3,61.9,0.20,0.32,0.35
GABR,2017-08-21 08:40:00 EDT,44.41742,-74.17867,1758,63.9,63.3,63.9,92.0,61.6,0.000,0.000,0.00,0.000,5.9,8.3,1.0,217,13,6.0,9.5,1.1,219,14,5.9,8.3,1.0,217,13,342,28.31,,0,0,0,62.6,62.3,61.9,0.20,0.32,0.35
GABR,2017-08-21 08:45:00 EDT,44.41742,-74.17867,1758,64.6,63.9,64.6,91.0,61.9,0.000,0.000,0.00,0.000,5.7,9.5,1.6,230,12,6.0,9.5,1.7,230,11,5.7,9.5,1.6,230,12,353,28.30,,0,0,0,62.6,62.3,61.8,0.20,0.32,0.35
GABR,2017-08-21 08:50:00 EDT,44.41742,-74.17867,1758,64.8,64.2,64.8,88.2,61.2,0.000,0.000,0.00,0.000,7.0,11.8,1.9,223,13,7.2,11.4,1.9,224,12,7.0,11.8,1.9,223,13,374,28.30,,0,0,0,62.6,62.2,61.9,0.20,0.32,0.35
GABR,2017-08-21 08:55:00 EDT,44.41742,-74.17867,1758,65.2,64.5,65.2,87.2,61.3,0.000,0.000,0.00,0.000,8.0,11.8,2.0,217,15,8.3,14.2,2.0,216,15,8.0,11.8,2.0,217,15,393,28.30,,0,0,0,62.6,62.2,61.9,0.20,0.32,0.35
GABR,2017-08-21 09:00:00 EDT,44.41742,-74.17867,1758,65.5,64.7,65.5,86.4,61.3,0.000,0.000,0.00,0.000,6.8,10.6,1.7,215,14,7.2,11.4,1.7,216,13,6.8,10.6,1.7,215,14,403,28.30,,0,0,0,62.6,62.2,61.8,0.20,0.32,0.35
GABR,2017-08-21 09:05:00 EDT,44.41742,-74.17867,1758,65.6,64.9,65.6,84.8,60.9,0.000,0.000,0.00,0.000,8.8,11.9,1.5,211,14,9.0,13.1,1.7,211,13,8.8,11.9,1.5,211,14,409,28.30,,0,0,0,62.7,62.2,61.8,0.20,0.32,0.35
GABR,2017-08-21 09:10:00 EDT,44.41742,-74.17867,1758,66.0,65.3,66.0,84.6,61.2,0.000,0.000,0.00,0.000,5.8,8.1,1.0,216,19,5.8,8.1,1.3,218,18,5.8,8.1,1.0,216,19,403,28.30,,0,0,0,62.9,62.2,61.8,0.20,0.32,0.35
GABR,2017-08-21 09:15:00 EDT,44.41742,-74.17867,1758,66.8,66.0,66.8,84.0,61.8,0.000,0.000,0.00,0.000,6.3,12.5,1.8,223,17,6.8,13.7,2.1,224,17,6.3,12.5,1.8,223,17,435,28.30,,0,0,0,62.9,62.2,61.8,0.20,0.32,0.35
GABR,2017-08-21 09:20:00 EDT,44.41742,-74.17867,1758,67.0,66.1,67.0,80.9,61.0,0.000,0.000,0.00,0.000,8.8,12.2,1.8,218,13,9.0,14.0,1.8,219,13,8.8,12.2,1.8,218,13,456,28.30,,0,0,0,63.0,62.2,61.8,0.20,0.32,0.35
GABR,2017-08-21 09:25:00 EDT,44.41742,-74.17867,1758,67.3,66.4,67.3,80.5,61.1,0.000,0.000,0.00,0.000,8.0,12.7,1.8,229,16,8.3,12.5,1.8,231,16,8.0,12.7,1.8,229,16,472,28.30,,0,0,0,63.0,62.2,61.9,0.20,0.32,0.35
GABR,2017-08-21 09:30:00 EDT,44.41742,-74.17867,1758,68.0,66.8,68.0,80.2,61.6,0.000,0.000,0.00,0.000,6.6,9.4,1.1,234,12,6.9,11.8,1.3,235,12,6.6,9.4,1.1,234,12,492,28.30,,0,0,0,63.0,62.2,61.8,0.20,0.32,0.35
GABR,2017-08-21 09:35:00 EDT,44.41742,-74.17867,1758,68.9,67.5,68.9,78.5,61.9,0.000,0.000,0.00,0.000,8.2,12.3,1.9,226,20,8.5,14.5,2.1,227,20,8.2,12.3,1.9,226,20,491,28.30,,0,0,0,63.0,62.2,61.8,0.20,0.32,0.35
GABR,2017-08-21 09:40:00 EDT,44.41742,-74.17867,1758,68.5,67.4,68.5,77.1,61.1,0.000,0.000,0.00,0.000,9.8,15.7,2.7,221,12,10.0,15.2,2.5,221,11,9.8,15.7,2.7,221,12,504,28.30,,0,0,0,63.0,62.2,61.9,0.20,0.32,0.36
GABR,2017-08-21 09:45:00 EDT,44.41742,-74.17867,1758,68.8,67.6,68.8,77.5,61.5,0.000,0.000,0.00,0.000,7.8,12.0,1.7,229,20,8.2,12.9,1.8,230,19,7.8,12.0,1.7,229,20,484,28.30,,0,0,0,63.0,62.2,61.8,0.20,0.32,0.35
GABR,2017-08-21 09:50:00 EDT,44.41742,-74.17867,1758,69.5,68.2,69.5,76.2,61.7,0.000,0.000,0.00,0.000,8.5,12.8,1.7,227,14,8.7,13.0,1.5,227,14,8.5,12.8,1.7,227,14,596,28.30,,0,0,0,63.1,62.2,61.9,0.20,0.32,0.35
GABR,2017-08-21 09:55:00 EDT,44.41742,-74.17867,1758,69.9,68.6,69.9,74.9,61.6,0.000,0.000,0.00,0.000,7.5,12.1,1.8,221,13,7.8,12.7,1.9,222,12,7.5,12.1,1.8,221,13,482,28.30,,0,0,0,63.1,62.2,61.9,0.20,0.32,0.35
GABR,2017-08-21 10:00:00 EDT,44.41742,-74.17867,1758,70.2,69.0,70.2,74.9,61.9,0.000,0.000,0.00,0.000,7.0,10.8,1.4,223,17,7.4,11.1,1.6,224,17,7.0,10.8,1.4,223,17,482,28.30,,0,0,0,63.1,62.2,61.8,0.20,0.32,0.35
GABR,2017-08-21 10:05:00 EDT,44.41742,-74.17867,1758,70.1,69.0,70.1,73.7,61.4,0.000,0.000,0.00,0.000,8.1,11.0,1.4,217,13,8.3,12.6,1.5,219,12,8.1,11.0,1.4,217,13,454,28.30,,0,0,0,63.1,62.2,61.8,0.20,0.33,0.35
GABR,2017-08-21 10:10:00 EDT,44.41742,-74.17867,1758,70.7,69.5,70.7,72.9,61.5,0.000,0.000,0.00,0.000,6.7,11.3,1.9,224,16,6.9,10.5,1.8,225,16,6.7,11.3,1.9,224,16,560,28.30,,0,0,0,63.1,62.2,61.8,0.20,0.32,0.35
GABR,2017-08-21 10:15:00 EDT,44.41742,-74.17867,1758,71.4,70.2,71.4,72.5,62.1,0.000,0.000,0.00,0.000,5.7,9.6,1.6,212,14,6.0,9.8,1.7,213,13,5.7,9.6,1.6,212,14,560,28.30,,0,0,0,63.1,62.2,61.9,0.20,0.32,0.35
GABR,2017-08-21 10:20:00 EDT,44.41742,-74.17867,1758,72.4,71.0,72.4,70.6,62.4,0.000,0.000,0.00,0.000,6.1,10.2,1.4,220,16,6.3,10.7,1.5,223,16,6.1,10.2,1.4,220,16,595,28.30,,0,0,0,63.4,62.2,61.8,0.20,0.32,0.35
GABR,2017-08-21 10:25:00 EDT,44.41742,-74.17867,1758,72.5,71.3,72.5,68.5,61.6,0.000,0.000,0.00,0.000,6.7,9.7,1.6,227,12,6.7,10.6,1.7,227,12,6.7,9.7,1.6,227,12,608,28.30,,0,0,0,63.5,62.2,61.8,0.20,0.32,0.35
GABR,2017-08-21 10:30:00 EDT,44.41742,-74.17867,1758,72.9,71.5,72.9,67.5,61.5,0.000,0.000,0.00,0.000,7.7,11.2,1.7,231,13,7.8,11.2,1.7,231,12,7.7,11.2,1.7,231,13,618,28.30,,0,0,0,63.5,62.2,61.8,0.20,0.32,0.35
GABR,2017-08-21 10:35:00 EDT,44.41742,-74.17867,1758,73.3,72.0,73.3,69.4,62.7,0.000,0.000,0.00,0.000,5.8,9.6,1.3,211,19,6.2,10.9,1.5,212,20,5.8,9.6,1.3,211,19,627,28.30,,0,0,0,63.5,62.2,61.8,0.20,0.32,0.35
GABR,2017-08-21 10:40:00 EDT,44.41742,-74.17867,1758,73.3,72.0,73.3,65.3,60.9,0.000,0.000,0.00,0.000,9.7,16.7,2.7,233,17,10.1,16.9,2.6,234,18,9.7,16.7,2.7,233,17,643,28.30,,0,0,0,63.9,62.2,61.8,0.20,0.32,0.35
GABR,2017-08-21 10:45:00 EDT,44.41742,-74.17867,1758,73.4,72.0,73.4,66.3,61.5,0.000,0.000,0.00,0.000,7.7,11.5,1.5,235,20,8.1,11.5,1.6,236,20,7.7,11.5,1.5,235,20,648,28.30,,0,0,0,63.9,62.2,61.8,0.20,0.33,0.35
GABR,2017-08-21 10:50:00 EDT,44.41742,-74.17867,1758,73.6,72.2,73.6,67.1,62.0,0.000,0.000,0.00,0.000,7.9,11.4,1.5,220,21,8.5,12.4,1.8,220,21,7.9,11.4,1.5,220,21,655,28.30,,0,0,0,63.9,62.2,61.8,0.20,0.32,0.35
GABR,2017-08-21 10:55:00 EDT,44.41742,-74.17867,1758,74.0,72.7,74.0,67.4,62.5,0.000,0.000,0.00,0.000,7.2,12.9,2.3,225,19,7.5,13.2,2.2,225,20,7.2,12.9,2.3,225,19,658,28.30,,0,0,0,63.9,62.2,61.8,0.20,0.33,0.35
GABR,2017-08-21 11:00:00 EDT,44.41742,-74.17867,1758,73.9,72.6,73.9,67.0,62.3,0.000,0.000,0.00,0.000,7.3,12.0,1.9,225,19,7.8,12.5,2.1,227,17,7.3,12.0,1.9,225,19,679,28.30,,0,0,0,64.2,62.2,61.8,0.20,0.32,0.35
GABR,2017-08-21 11:05:00 EDT,44.41742,-74.17867,1758,74.7,73.2,74.7,65.4,62.3,0.000,0.000,0.00,0.000,8.5,14.2,3.4,225,16,9.0,14.9,3.4,225,16,8.5,14.2,3.4,225,16,692,28.30,,0,0,0,64.2,62.2,61.8,0.20,0.32,0.35
GABR,2017-08-21 11:10:00 EDT,44.41742,-74.17867,1758,74.6,73.2,74.6,64.6,61.9,0.000,0.000,0.00,0.000,9.4,13.0,2.2,224,16,9.7,14.9,2.3,226,15,9.4,13.0,2.2,224,16,698,28.30,,0,0,0,64.2,62.2,61.8,0.20,0.32,0.35
GABR,2017-08-21 11:15:00 EDT,44.41742,-74.17867,1758,74.9,73.4,74.9,64.2,62.0,0.000,0.000,0.00,0.000,10.3,14.1,1.5,216,17,10.7,17.1,1.9,216,15,10.3,14.1,1.5,216,17,716,28.30,,0,0,0,64.4,62.2,61.8,0.20,0.33,0.36
GABR,2017-08-21 11:20:00 EDT,44.41742,-74.17867,1758,75.0,73.5,75.0,63.3,61.7,0.000,0.000,0.00,0.000,10.2,15.4,2.1,224,15,10.4,15.2,2.1,225,13,10.2,15.4,2.1,224,15,727,28.30,,0,0,0,64.4,62.2,61.7,0.20,0.32,0.35
GABR,2017-08-21 11:25:00 EDT,44.41742,-74.17867,1758,75.1,73.8,75.1,62.7,61.5,0.000,0.000,0.00,0.000,9.8,18.2,2.9,221,16,10.0,19.4,2.8,223,16,9.8,18.2,2.9,221,16,732,28.29,,0,0,0,64.4,62.1,61.8,0.20,0.32,0.35
GABR,2017-08-21 11:30:00 EDT,44.41742,-74.17867,1758,75.1,73.8,75.1,62.5,61.4,0.000,0.000,0.00,0.000,10.0,16.2,2.5,220,14,10.2,16.6,2.3,219,13,10.0,16.2,2.5,220,14,752,28.29,,0,0,0,64.6,62.1,61.8,0.20,0.32,0.35
GABR,2017-08-21 11:35:00 EDT,44.41742,-74.17867,1758,75.3,74.1,75.3,61.8,61.2,0.000,0.000,0.00,0.000,9.6,14.8,2.2,208,18,10.2,16.9,2.6,208,16,9.6,14.8,2.2,208,18,647,28.29,,0,0,0,64.8,62.1,61.8,0.20,0.32,0.35
GABR,2017-08-21 11:40:00 EDT,44.41742,-74.17867,1758,75.3,74.0,75.3,61.1,61.0,0.000,0.000,0.00,0.000,11.7,18.4,2.1,213,15,12.2,18.5,2.2,214,14,11.7,18.4,2.1,213,15,755,28.29,,0,0,0,64.8,62.1,61.7,0.20,0.32,0.35
GABR,2017-08-21 11:45:00 EDT,44.41742,-74.17867,1758,75.1,74.0,75.1,60.6,60.6,0.000,0.000,0.00,0.000,9.9,16.9,2.7,220,16,10.3,18.2,2.8,221,16,9.9,16.9,2.7,220,16,550,28.29,,0,0,0,65.0,62.1,61.7,0.20,0.33,0.35
GABR,2017-08-21 11:50:00 EDT,44.41742,-74.17867,1758,75.7,74.4,75.7,60.7,61.2,0.000,0.000,0.00,0.000,11.3,16.6,2.1,219,15,11.4,17.4,2.3,219,14,11.3,16.6,2.1,219,15,730,28.28,,0,0,0,65.1,62.1,61.8,0.20,0.33,0.35
GABR,2017-08-21 11:55:00 EDT,44.41742,-74.17867,1758,76.2,74.7,76.2,60.7,61.6,0.000,0.000,0.00,0.000,9.5,16.1,2.6,218,20,10.0,17.5,2.8,217,19,9.5,16.1,2.6,218,20,792,28.28,,0,0,0,65.1,62.1,61.8,0.20,0.33,0.35
GABR,2017-08-21 12:00:00 EDT,44.41742,-74.17867,1758,75.4,74.2,75.4,60.0,60.6,0.000,0.000,0.00,0.000,11.3,17.0,2.4,211,12,11.7,17.7,2.6,212,9,11.3,17.0,2.4,211,12,431,28.28,,0,0,0,65.1,62.1,61.8,0.20,0.32,0.35
GABR,2017-08-21 12:05:00 EDT,44.41742,-74.17867,1758,74.9,73.9,74.9,62.3,61.1,0.000,0.000,0.00,0.000,9.1,13.7,2.0,226,12,9.3,14.8,1.9,224,12,9.1,13.7,2.0,226,12,653,28.28,,0,0,0,65.5,62.1,61.7,0.20,0.33,0.35
GABR,2017-08-21 12:10:00 EDT,44.41742,-74.17867,1758,75.9,74.5,75.9,61.5,61.7,0.000,0.000,0.00,0.000,7.9,11.6,1.7,224,11,8.1,11.9,1.6,224,11,7.9,11.6,1.7,224,11,580,28.28,,0,0,0,65.5,62.0,61.8,0.20,0.33,0.35
GABR,2017-08-21 12:15:00 EDT,44.41742,-74.17867,1758,75.4,74.5,75.4,60.8,61.0,0.000,0.000,0.00,0.000,9.7,16.2,3.0,233,11,10.0,17.5,2.9,233,10,9.7,16.2,3.0,233,11,373,28.28,,0,0,0,65.5,62.0,61.7,0.20,0.33,0.35
GABR,2017-08-21 12:20:00 EDT,44.41742,-74.17867,1758,75.0,74.2,75.0,61.9,61.0,0.000,0.000,0.00,0.000,9.5,14.2,1.8,228,14,9.7,13.6,1.9,230,15,9.5,14.2,1.8,228,14,441,28.28,,0,0,0,65.8,62.1,61.8,0.20,0.33,0.35
GABR,2017-08-21 12:25:00 EDT,44.41742,-74.17867,1758,75.3,74.4,75.3,62.4,61.5,0.000,0.000,0.00,0.000,7.4,12.3,1.6,242,19,8.2,14.2,1.8,246,21,7.4,12.3,1.6,242,19,580,28.28,,0,0,0,65.8,62.1,61.7,0.20,0.33,0.35
GABR,2017-08-21 12:30:00 EDT,44.41742,-74.17867,1758,76.6,75.2,76.6,59.8,61.6,0.000,0.000,0.00,0.000,8.1,13.4,2.3,226,17,8.3,14.4,2.4,225,17,8.1,13.4,2.3,226,17,705,28.28,,0,0,0,65.8,62.1,61.7,0.20,0.33,0.35
GABR,2017-08-21 12:35:00 EDT,44.41742,-74.17867,1758,76.9,75.7,76.9,59.4,61.6,0.000,0.000,0.00,0.000,7.0,11.4,1.7,230,12,7.3,12.0,1.8,230,11,7.0,11.4,1.7,230,12,643,28.28,,0,0,0,65.8,62.1,61.7,0.20,0.33,0.35
GABR,2017-08-21 12:40:00 EDT,44.41742,-74.17867,1758,76.8,75.6,76.8,56.6,60.2,0.000,0.000,0.00,0.000,9.6,15.1,2.3,222,14,10.0,15.0,2.2,222,12,9.6,15.1,2.3,222,14,521,28.27,,0,0,0,66.0,62.1,61.7,0.20,0.33,0.35
GABR,2017-08-21 12:45:00 EDT,44.41742,-74.17867,1758,76.0,75.3,76.0,56.4,59.3,0.000,0.000,0.00,0.000,13.6,19.5,2.8,232,13,13.8,21.3,3.0,235,14,13.6,19.5,2.8,232,13,561,28.28,,0,0,0,66.0,62.0,61.7,0.20,0.32,0.35
GABR,2017-08-21 12:50:00 EDT,44.41742,-74.17867,1758,77.0,76.0,77.0,56.4,60.3,0.000,0.000,0.00,0.000,6.9,12.9,2.8,244,22,7.4,15.2,2.9,246,20,6.9,12.9,2.8,244,22,667,28.27,,0,0,0,66.0,62.0,61.7,0.20,0.33,0.35
GABR,2017-08-21 12:55:00 EDT,44.41742,-74.17867,1758,77.4,76.1,77.4,56.5,60.7,0.000,0.000,0.00,0.000,10.0,15.9,2.2,227,19,10.5,17.3,2.3,228,19,10.0,15.9,2.2,227,19,785,28.27,,0,0,0,66.0,62.1,61.7,0.20,0.33,0.35
GABR,2017-08-21 13:00:00 EDT,44.41742,-74.17867,1758,76.9,76.0,76.9,54.1,59.0,0.000,0.000,0.00,0.000,11.3,19.0,2.7,230,18,11.8,19.8,3.1,231,19,11.3,19.0,2.7,230,18,698,28.27,,0,0,0,66.1,62.1,61.7,0.20,0.33,0.35
GABR,2017-08-21 13:05:00 EDT,44.41742,-74.17867,1758,77.1,76.1,77.1,53.2,58.7,0.000,0.000,0.00,0.000,9.5,14.9,2.6,238,12,9.9,15.8,2.6,239,13,9.5,14.9,2.6,238,12,615,28.27,,0,0,0,66.4,62.1,61.7,0.20,0.32,0.35
GABR,2017-08-21 13:10:00 EDT,44.41742,-74.17867,1758,76.7,76.1,76.7,52.8,58.1,0.000,0.000,0.00,0.000,11.0,15.9,2.7,245,14,11.7,18.3,3.0,247,15,11.0,15.9,2.7,245,14,607,28.27,,0,0,0,66.4,62.0,61.7,0.20,0.32,0.35
GABR,2017-08-21 13:15:00 EDT,44.41742,-74.17867,1758,77.0,76.0,77.0,53.3,58.7,0.000,0.000,0.00,0.000,10.5,17.5,3.4,226,14,10.6,19.9,3.4,226,14,10.5,17.5,3.4,226,14,717,28.27,,0,0,0,66.4,62.1,61.7,0.20,0.33,0.35
GABR,2017-08-21 13:20:00 EDT,44.41742,-74.17867,1758,77.7,76.5,77.7,52.6,59.0,0.000,0.000,0.00,0.000,10.2,16.4,2.3,231,13,10.5,17.1,2.4,233,14,10.2,16.4,2.3,231,13,800,28.27,,0,0,0,66.4,62.1,61.7,0.20,0.33,0.35
GABR,2017-08-21 13:25:00 EDT,44.41742,-74.17867,1758,78.4,77.1,78.4,51.6,59.1,0.000,0.000,0.00,0.000,11.1,17.8,3.2,236,13,11.6,19.3,3.5,238,13,11.1,17.8,3.2,236,13,776,28.27,,0,0,0,66.4,62.0,61.7,0.20,0.32,0.35
GABR,2017-08-21 13:30:00 EDT,44.41742,-74.17867,1758,78.1,76.9,78.1,51.0,58.5,0.000,0.000,0.00,0.000,11.7,16.3,2.4,225,12,12.0,17.1,2.3,227,13,11.7,16.3,2.4,225,12,769,28.27,,0,0,0,66.6,62.0,61.7,0.20,0.33,0.35
GABR,2017-08-21 13:35:00 EDT,44.41742,-74.17867,1758,78.3,77.3,78.3,51.0,58.7,0.000,0.000,0.00,0.000,7.5,16.7,2.6,244,27,8.2,20.2,3.0,249,25,7.5,16.7,2.6,244,27,748,28.27,,0,0,0,66.7,62.0,61.7,0.20,0.33,0.35
GABR,2017-08-21 13:40:00 EDT,44.41742,-74.17867,1758,78.4,77.4,78.4,50.7,58.6,0.000,0.000,0.00,0.000,8.3,14.3,2.3,246,22,9.1,16.0,2.8,249,22,8.3,14.3,2.3,246,22,690,28.27,,0,0,0,66.7,62.1,61.7,0.20,0.33,0.35
GABR,2017-08-21 13:45:00 EDT,44.41742,-74.17867,1758,77.6,76.8,77.6,51.2,58.1,0.000,0.000,0.00,0.000,7.1,12.7,2.5,251,18,7.8,14.5,2.7,253,18,7.1,12.7,2.5,251,18,543,28.27,,0,0,0,66.7,62.0,61.7,0.20,0.33,0.35
GABR,2017-08-21 13:50:00 EDT,44.41742,-74.17867,1758,77.8,77.0,77.8,50.4,57.9,0.000,0.000,0.00,0.000,10.3,19.4,3.0,242,18,11.0,19.6,3.1,247,15,10.3,19.4,3.0,242,18,627,28.27,,0,0,0,66.7,62.1,61.7,0.20,0.33,0.35
GABR,2017-08-21 13:55:00 EDT,44.41742,-74.17867,1758,77.6,77.0,77.6,50.3,57.7,0.000,0.000,0.00,0.000,10.8,18.1,3.1,233,16,11.2,17.5,3.2,234,16,10.8,18.1,3.1,233,16,577,28.27,,0,0,0,66.8,62.1,61.7,0.20,0.33,0.35
GABR,2017-08-21 14:00:00 EDT,44.41742,-74.17867,1758,77.4,77.0,77.4,50.1,57.4,0.000,0.000,0.00,0.000,10.6,20.9,3.4,244,19,11.4,23.7,3.8,247,18,10.6,20.9,3.4,244,19,530,28.27,,0,0,0,67.1,62.0,61.7,0.20,0.33,0.35
GABR,2017-08-21 14:05:00 EDT,44.41742,-74.17867,1758,77.1,76.7,77.1,49.8,56.9,0.000,0.000,0.00,0.000,9.2,12.9,2.1,242,15,9.5,15.2,2.3,244,16,9.2,12.9,2.1,242,15,467,28.26,,0,0,0,67.1,62.1,61.7,0.20,0.33,0.35
GABR,2017-08-21 14:10:00 EDT,44.41742,-74.17867,1758,76.8,76.5,76.8,50.4,57.0,0.000,0.000,0.00,0.000,11.2,20.5,5.1,243,21,12.0,21.4,5.0,245,20,11.2,20.5,5.1,243,21,425,28.26,,0,0,0,67.1,62.1,61.7,0.20,0.33,0.35
GABR,2017-08-21 14:15:00 EDT,44.41742,-74.17867,1758,76.5,76.3,76.5,50.0,56.5,0.000,0.000,0.00,0.000,10.3,18.7,3.6,245,14,11.0,19.7,3.7,249,15,10.3,18.7,3.6,245,14,381,28.26,,0,0,0,67.1,62.1,61.7,0.20,0.33,0.35
GABR,2017-08-21 14:20:00 EDT,44.41742,-74.17867,1758,76.3,76.2,76.3,50.8,56.7,0.000,0.000,0.00,0.000,7.9,13.3,2.7,248,16,8.5,16.9,3.0,251,16,7.9,13.3,2.7,248,16,346,28.26,,0,0,0,67.1,62.1,61.7,0.20,0.33,0.35
GABR,2017-08-21 14:25:00 EDT,44.41742,-74.17867,1758,76.1,76.2,76.1,51.4,56.9,0.000,0.000,0.00,0.000,9.1,15.1,2.9,239,15,9.6,18.6,3.1,243,15,9.1,15.1,2.9,239,15,307,28.26,,0,0,0,67.1,62.1,61.7,0.20,0.32,0.35
GABR,2017-08-21 14:30:00 EDT,44.41742,-74.17867,1758,75.9,76.0,75.9,51.4,56.7,0.000,0.000,0.00,0.000,8.6,14.0,1.9,237,13,9.1,14.9,2.2,239,13,8.6,14.0,1.9,237,13,278,28.26,,0,0,0,67.3,62.1,61.7,0.20,0.33,0.35
GABR,2017-08-21 14:35:00 EDT,44.41742,-74.17867,1758,75.7,75.8,75.7,52.0,56.8,0.000,0.000,0.00,0.000,6.4,10.0,1.4,237,14,6.7,12.4,1.5,239,15,6.4,10.0,1.4,237,14,254,28.25,,0,0,0,67.5,62.1,61.7,0.20,0.33,0.35
GABR,2017-08-21 14:40:00 EDT,44.41742,-74.17867,1758,75.5,75.6,75.5,53.7,57.5,0.000,0.000,0.00,0.000,6.1,10.2,1.5,237,15,6.5,11.2,1.7,239,15,6.1,10.2,1.5,237,15,246,28.25,,0,0,0,67.5,62.1,61.7,0.20,0.33,0.35
GABR,2017-08-21 14:45:00 EDT,44.41742,-74.17867,1758,75.3,75.5,75.3,53.9,57.5,0.000,0.000,0.00,0.000,5.9,9.5,1.2,235,12,6.1,9.5,1.3,236,12,5.9,9.5,1.2,235,12,246,28.25,,0,0,0,67.5,62.1,61.7,0.20,0.33,0.35
GABR,2017-08-21 14:50:00 EDT,44.41742,-74.17867,1758,75.3,75.4,75.3,54.4,57.7,0.000,0.000,0.00,0.000,6.6,13.9,2.6,235,12,7.0,13.6,2.4,238,12,6.6,13.9,2.6,235,12,258,28.25,,0,0,0,67.5,62.2,61.7,0.20,0.33,0.35
GABR,2017-08-21 14:55:00 EDT,44.41742,-74.17867,1758,75.4,75.5,75.4,54.0,57.6,0.000,0.000,0.00,0.000,6.8,9.8,1.6,240,12,7.1,10.8,1.7,241,12,6.8,9.8,1.6,240,12,278,28.25,,0,0,0,67.5,62.2,61.7,0.20,0.33,0.35
GABR,2017-08-21 15:00:00 EDT,44.41742,-74.17867,1758,75.6,75.5,75.6,55.7,58.6,0.000,0.000,0.00,0.000,5.3,9.4,1.3,234,13,5.5,9.7,1.4,238,13,5.3,9.4,1.3,234,13,305,28.25,,0,0,0,67.5,62.2,61.7,0.20,0.32,0.35
GABR,2017-08-21 15:05:00 EDT,44.41742,-74.17867,1758,75.8,75.6,75.8,55.0,58.5,0.000,0.000,0.00,0.000,6.0,9.6,1.5,234,10,6.2,10.2,1.5,235,10,6.0,9.6,1.5,234,10,334,28.25,,0,0,0,67.5,62.2,61.7,0.20,0.33,0.35
GABR,2017-08-21 15:10:00 EDT,44.41742,-74.17867,1758,76.0,75.8,76.0,55.3,58.8,0.000,0.000,0.00,0.000,5.5,8.0,1.3,244,13,6.0,9.4,1.5,247,14,5.5,8.0,1.3,244,13,372,28.25,,0,0,0,67.5,62.2,61.7,0.20,0.33,0.35
GABR,2017-08-21 15:15:00 EDT,44.41742,-74.17867,1758,76.5,76.1,76.5,55.8,59.5,0.000,0.000,0.00,0.000,5.0,8.3,1.4,245,16,5.3,8.4,1.5,246,16,5.0,8.3,1.4,245,16,408,28.25,,0,0,0,67.6,62.2,61.7,0.20,0.33,0.35
GABR,2017-08-21 15:20:00 EDT,44.41742,-74.17867,1758,76.6,76.3,76.6,54.6,59.1,0.000,0.000,0.00,0.000,6.6,11.2,1.8,244,16,7.1,11.8,1.8,246,15,6.6,11.2,1.8,244,16,440,28.25,,0,0,0,67.7,62.2,61.7,0.20,0.32,0.35
GABR,2017-08-21 15:25:00 EDT,44.41742,-74.17867,1758,77.0,76.4,77.0,54.6,59.3,0.000,0.000,0.00,0.000,7.1,11.6,2.2,237,18,7.5,12.0,2.2,238,18,7.1,11.6,2.2,237,18,473,28.25,,0,0,0,67.8,62.2,61.7,0.20,0.33,0.35
GABR,2017-08-21 15:30:00 EDT,44.41742,-74.17867,1758,77.1,76.6,77.1,54.8,59.6,0.000,0.000,0.00,0.000,5.5,11.6,2.0,246,19,6.0,14.7,2.4,248,19,5.5,11.6,2.0,246,19,506,28.25,,0,0,0,67.8,62.2,61.7,0.20,0.32,0.35
GABR,2017-08-21 15:35:00 EDT,44.41742,-74.17867,1758,77.3,76.8,77.3,53.9,59.4,0.000,0.000,0.00,0.000,6.2,11.7,2.0,248,23,6.8,13.1,2.3,249,22,6.2,11.7,2.0,248,23,536,28.25,,0,0,0,67.8,62.2,61.7,0.20,0.32,0.35
GABR,2017-08-21 15:40:00 EDT,44.41742,-74.17867,1758,77.9,77.0,77.9,54.5,60.2,0.000,0.000,0.00,0.000,9.4,18.0,3.4,233,14,9.9,18.2,3.3,234,15,9.4,18.0,3.4,233,14,548,28.25,,0,0,0,67.8,62.2,61.7,0.20,0.33,0.35
GABR,2017-08-21 15:45:00 EDT,44.41742,-74.17867,1758,77.6,76.9,77.6,53.9,59.6,0.000,0.000,0.00,0.000,10.7,17.2,2.6,246,15,11.4,19.1,3.1,249,15,10.7,17.2,2.6,246,15,574,28.25,,0,0,0,67.8,62.2,61.7,0.20,0.33,0.35
GABR,2017-08-21 15:50:00 EDT,44.41742,-74.17867,1758,77.5,77.0,77.5,54.2,59.7,0.000,0.000,0.00,0.000,8.4,17.0,4.4,244,15,9.1,19.3,4.4,248,14,8.4,17.0,4.4,244,15,578,28.24,,0,0,0,67.8,62.2,61.7,0.20,0.33,0.35
GABR,2017-08-21 15:55:00 EDT,44.41742,-74.17867,1758,77.7,77.1,77.7,53.6,59.6,0.000,0.000,0.00,0.000,9.7,15.6,2.3,249,15,10.6,18.8,2.9,253,15,9.7,15.6,2.3,249,15,587,28.24,,0,0,0,67.8,62.2,61.7,0.20,0.32,0.35
GABR,2017-08-21 16:00:00 EDT,44.41742,-74.17867,1758,77.8,77.1,77.8,53.5,59.6,0.000,0.000,0.00,0.000,12.2,20.3,3.4,238,12,12.5,22.1,3.3,238,12,12.2,20.3,3.4,238,12,601,28.24,,0,0,0,67.8,62.2,61.7,0.20,0.33,0.35
GABR,2017-08-21 16:05:00 EDT,44.41742,-74.17867,1758,77.8,77.1,77.8,53.6,59.6,0.000,0.000,0.00,0.000,9.8,16.1,2.6,244,15,10.6,16.5,2.8,248,13,9.8,16.1,2.6,244,15,561,28.24,,0,0,0,67.8,62.2,61.7,0.20,0.33,0.35
GABR,2017-08-21 16:10:00 EDT,44.41742,-74.17867,1758,78.1,77.5,78.1,55.1,60.7,0.000,0.000,0.00,0.000,7.4,13.2,2.5,238,16,8.0,14.2,2.7,240,16,7.4,13.2,2.5,238,16,563,28.24,,0,0,0,67.8,62.2,61.7,0.20,0.33,0.35
GABR,2017-08-21 16:15:00 EDT,44.41742,-74.17867,1758,78.4,77.6,78.4,54.5,60.7,0.000,0.000,0.00,0.000,8.3,14.0,2.5,249,17,9.0,15.0,2.7,251,18,8.3,14.0,2.5,249,17,587,28.24,,0,0,0,67.8,62.2,61.6,0.20,0.32,0.35
GABR,2017-08-21 16:20:00 EDT,44.41742,-74.17867,1758,78.2,77.6,78.2,53.5,60.0,0.000,0.000,0.00,0.000,11.0,20.2,3.6,246,18,12.1,24.0,4.0,249,18,11.0,20.2,3.6,246,18,566,28.24,,0,0,0,67.8,62.2,61.7,0.20,0.32,0.35
GABR,2017-08-21 16:25:00 EDT,44.41742,-74.17867,1758,77.8,77.3,77.8,53.0,59.3,0.000,0.000,0.00,0.000,10.8,18.0,2.8,248,16,11.5,19.8,2.9,250,15,10.8,18.0,2.8,248,16,428,28.24,,0,0,0,67.8,62.2,61.7,0.20,0.33,0.35
GABR,2017-08-21 16:30:00 EDT,44.41742,-74.17867,1758,77.2,76.9,77.2,53.6,59.0,0.000,0.000,0.00,0.000,10.0,15.7,2.4,247,20,10.8,18.0,2.9,250,20,10.0,15.7,2.4,247,20,481,28.24,,0,0,0,67.8,62.2,61.7,0.20,0.33,0.35
GABR,2017-08-21 16:35:00 EDT,44.41742,-74.17867,1758,78.1,77.5,78.1,53.8,59.9,0.000,0.000,0.00,0.000,10.2,19.9,3.5,240,16,10.9,19.6,3.6,242,16,10.2,19.9,3.5,240,16,521,28.24,,0,0,0,67.8,62.2,61.7,0.20,0.33,0.35
GABR,2017-08-21 16:40:00 EDT,44.41742,-74.17867,1758,77.8,77.4,77.8,53.7,59.7,0.000,0.000,0.00,0.000,9.7,17.8,4.1,238,14,10.1,17.7,4.0,241,13,9.7,17.8,4.1,238,14,440,28.24,,0,0,0,67.8,62.2,61.7,0.20,0.32,0.35
GABR,2017-08-21 16:45:00 EDT,44.41742,-74.17867,1758,77.9,77.5,77.9,54.4,60.2,0.000,0.000,0.00,0.000,8.0,15.5,2.7,242,15,8.5,17.5,3.1,243,15,8.0,15.5,2.7,242,15,419,28.23,,0,0,0,67.8,62.3,61.7,0.20,0.33,0.35
GABR,2017-08-21 16:50:00 EDT,44.41742,-74.17867,1758,77.4,77.1,77.4,53.8,59.4,0.000,0.000,0.00,0.000,12.2,18.9,2.7,233,14,12.7,21.1,3.1,234,14,12.2,18.9,2.7,233,14,432,28.23,,0,0,0,67.8,62.3,61.7,0.20,0.33,0.35
GABR,2017-08-21 16:55:00 EDT,44.41742,-74.17867,1758,77.4,77.1,77.4,53.2,59.1,0.000,0.000,0.00,0.000,13.5,18.6,2.5,231,12,13.9,19.0,2.6,232,12,13.5,18.6,2.5,231,12,443,28.23,,0,0,0,67.8,62.2,61.7,0.20,0.33,0.35
GABR,2017-08-21 17:00:00 EDT,44.41742,-74.17867,1758,77.3,77.0,77.3,53.2,58.9,0.000,0.000,0.00,0.000,14.4,20.8,3.2,233,10,14.7,22.8,3.3,235,11,14.4,20.8,3.2,233,10,400,28.23,,0,0,0,67.8,62.3,61.7,0.20,0.32,0.35
GABR,2017-08-21 17:05:00 EDT,44.41742,-74.17867,1758,77.1,76.9,77.1,53.7,59.1,0.000,0.000,0.00,0.000,12.1,17.5,2.9,239,16,12.3,19.5,3.2,242,14,12.1,17.5,2.9,239,16,404,28.23,,0,0,0,67.8,62.4,61.7,0.20,0.32,0.35
GABR,2017-08-21 17:10:00 EDT,44.41742,-74.17867,1758,77.2,76.9,77.2,53.8,59.2,0.000,0.000,0.00,0.000,10.9,19.4,3.4,244,16,11.6,21.0,3.7,246,15,10.9,19.4,3.4,244,16,389,28.23,,0,0,0,67.8,62.3,61.7,0.20,0.32,0.35
GABR,2017-08-21 17:15:00 EDT,44.41742,-74.17867,1758,77.1,76.9,77.1,54.8,59.6,0.000,0.000,0.00,0.000,9.3,16.0,2.8,240,13,10.0,15.6,2.9,243,14,9.3,16.0,2.8,240,13,389,28.23,,0,0,0,67.8,62.4,61.7,0.20,0.33,0.35
GABR,2017-08-21 17:20:00 EDT,44.41742,-74.17867,1758,77.1,76.9,77.1,54.5,59.5,0.000,0.000,0.00,0.000,10.3,19.3,2.8,233,13,10.7,20.1,2.9,236,13,10.3,19.3,2.8,233,13,321,28.23,,0,0,0,67.8,62.4,61.7,0.20,0.33,0.35
GABR,2017-08-21 17:25:00 EDT,44.41742,-74.17867,1758,76.7,76.6,76.7,55.3,59.5,0.000,0.000,0.00,0.000,8.8,15.0,2.5,237,14,9.2,16.4,2.7,239,13,8.8,15.0,2.5,237,14,353,28.23,,0,0,0,67.8,62.4,61.7,0.20,0.33,0.35
GABR,2017-08-21 17:30:00 EDT,44.41742,-74.17867,1758,76.8,76.7,76.8,55.1,59.5,0.000,0.000,0.00,0.000,12.0,19.4,2.5,234,11,12.4,20.3,2.6,235,12,12.0,19.4,2.5,234,11,319,28.23,,0,0,0,67.8,62.4,61.7,0.20,0.32,0.35
GABR,2017-08-21 17:35:00 EDT,44.41742,-74.17867,1758,76.6,76.5,76.6,56.2,59.9,0.000,0.000,0.00,0.000,8.7,13.4,2.1,232,13,9.0,14.7,2.2,233,13,8.7,13.4,2.1,232,13,323,28.23,,0,0,0,67.8,62.4,61.7,0.20,0.33,0.35
GABR,2017-08-21 17:40:00 EDT,44.41742,-74.17867,1758,76.6,76.5,76.6,55.5,59.5,0.000,0.000,0.00,0.000,14.6,22.1,3.2,233,11,14.9,23.2,3.3,235,11,14.6,22.1,3.2,233,11,308,28.23,,0,0,0,67.8,62.5,61.7,0.20,0.33,0.35
GABR,2017-08-21 17:45:00 EDT,44.41742,-74.17867,1758,76.3,76.3,76.3,56.6,59.7,0.000,0.000,0.00,0.000,11.1,17.4,2.9,243,15,11.7,20.1,3.1,245,14,11.1,17.4,2.9,243,15,276,28.23,,0,0,0,67.8,62.5,61.7,0.20,0.33,0.35
GABR,2017-08-21 17:50:00 EDT,44.41742,-74.17867,1758,76.4,76.3,76.4,56.6,59.8,0.000,0.000,0.00,0.000,10.7,17.2,2.4,233,11,10.8,18.1,2.6,234,11,10.7,17.2,2.4,233,11,281,28.23,,0,0,0,67.8,62.5,61.7,0.20,0.33,0.35
GABR,2017-08-21 17:55:00 EDT,44.41742,-74.17867,1758,76.2,76.2,76.2,56.5,59.6,0.000,0.000,0.00,0.000,11.3,17.8,3.4,236,14,11.7,17.4,3.2,237,13,11.3,17.8,3.4,236,14,251,28.23,,0,0,0,67.8,62.5,61.7,0.20,0.33,0.35
GABR,2017-08-21 18:00:00 EDT,44.41742,-74.17867,1758,76.1,76.1,76.1,57.7,60.1,0.000,0.000,0.00,0.000,7.8,11.0,1.7,236,11,8.2,13.7,1.9,238,12,7.8,11.0,1.7,236,11,248,28.23,,0,0,0,67.8,62.5,61.7,0.20,0.33,0.35
GABR,2017-08-21 18:05:00 EDT,44.41742,-74.17867,1758,76.1,76.1,76.1,57.4,59.9,0.000,0.000,0.00,0.000,10.0,15.4,2.1,239,12,10.7,16.8,2.4,242,12,10.0,15.4,2.1,239,12,235,28.23,,0,0,0,67.8,62.5,61.7,0.20,0.33,0.35
GABR,2017-08-21 18:10:00 EDT,44.41742,-74.17867,1758,75.9,76.0,75.9,57.8,60.0,0.000,0.000,0.00,0.000,8.6,15.2,2.5,235,13,9.1,16.8,2.6,236,13,8.6,15.2,2.5,235,13,221,28.23,,0,0,0,67.8,62.5,61.7,0.20,0.32,0.35
GABR,2017-08-21 18:15:00 EDT,44.41742,-74.17867,1758,75.8,75.9,75.8,58.3,60.1,0.000,0.000,0.00,0.000,9.2,16.0,2.3,240,9,9.4,14.4,2.2,242,10,9.2,16.0,2.3,240,9,205,28.23,,0,0,0,67.8,62.5,61.7,0.20,0.33,0.35
GABR,2017-08-21 18:20:00 EDT,44.41742,-74.17867,1758,75.6,75.8,75.6,59.4,60.5,0.000,0.000,0.00,0.000,7.0,13.6,2.0,238,16,7.4,14.9,2.3,240,17,7.0,13.6,2.0,238,16,192,28.23,,0,0,0,67.8,62.5,61.6,0.20,0.32,0.35
GABR,2017-08-21 18:25:00 EDT,44.41742,-74.17867,1758,75.5,75.6,75.5,59.7,60.5,0.000,0.000,0.00,0.000,7.3,12.1,2.0,233,12,7.6,13.8,2.0,235,11,7.3,12.1,2.0,233,12,173,28.23,,0,0,0,67.8,62.5,61.7,0.20,0.33,0.35
GABR,2017-08-21 18:30:00 EDT,44.41742,-74.17867,1758,75.3,75.6,75.3,60.0,60.5,0.000,0.000,0.00,0.000,7.7,10.4,1.3,233,11,7.8,10.6,1.2,233,10,7.7,10.4,1.3,233,11,162,28.22,,0,0,0,67.8,62.5,61.6,0.20,0.32,0.35
GABR,2017-08-21 18:35:00 EDT,44.41742,-74.17867,1758,75.1,75.2,75.1,61.1,60.8,0.000,0.000,0.00,0.000,5.9,11.5,1.9,243,21,6.4,13.0,2.1,244,18,5.9,11.5,1.9,243,21,147,28.22,,0,0,0,67.8,62.6,61.7,0.20,0.33,0.35
GABR,2017-08-21 18:40:00 EDT,44.41742,-74.17867,1758,74.8,75.1,74.8,61.8,60.8,0.000,0.000,0.00,0.000,7.7,14.4,2.3,230,13,7.8,14.7,2.2,232,12,7.7,14.4,2.3,230,13,135,28.22,,0,0,0,67.8,62.6,61.7,0.20,0.33,0.35
GABR,2017-08-21 18:45:00 EDT,44.41742,-74.17867,1758,74.6,74.9,74.6,62.1,60.7,0.000,0.000,0.00,0.000,8.2,13.2,1.6,235,14,8.5,13.8,1.6,235,13,8.2,13.2,1.6,235,14,124,28.22,,0,0,0,67.8,62.5,61.7,0.20,0.33,0.35
GABR,2017-08-21 18:50:00 EDT,44.41742,-74.17867,1758,74.4,74.8,74.4,62.8,60.9,0.000,0.000,0.00,0.000,8.2,14.3,2.3,233,12,8.4,14.8,2.3,234,12,8.2,14.3,2.3,233,12,110,28.22,,0,0,0,67.8,62.6,61.7,0.20,0.33,0.35
GABR,2017-08-21 18:55:00 EDT,44.41742,-74.17867,1758,73.8,74.3,73.8,64.8,61.3,0.000,0.000,0.00,0.000,6.6,11.2,1.5,229,12,6.9,11.6,1.6,230,12,6.6,11.2,1.5,229,12,95,28.22,,0,0,0,67.8,62.6,61.7,0.20,0.33,0.35
GABR,2017-08-21 19:00:00 EDT,44.41742,-74.17867,1758,73.4,74.1,73.4,66.3,61.5,0.000,0.000,0.00,0.000,5.8,8.0,1.0,226,9,5.9,8.2,1.0,227,9,5.8,8.0,1.0,226,9,86,28.22,,0,0,0,67.8,62.6,61.7,0.20,0.33,0.35
GABR,2017-08-21 19:05:00 EDT,44.41742,-74.17867,1758,73.0,73.8,73.0,67.9,61.7,0.000,0.000,0.00,0.000,5.0,7.3,0.7,223,8,5.0,7.1,0.8,223,7,5.0,7.3,0.7,223,8,75,28.22,,0,0,0,67.6,62.6,61.7,0.20,0.33,0.35
GABR,2017-08-21 19:10:00 EDT,44.41742,-74.17867,1758,72.4,73.6,72.4,69.8,62.0,0.000,0.000,0.00,0.000,4.9,6.6,0.5,222,7,5.0,6.4,0.6,223,6,4.9,6.6,0.5,222,7,55,28.22,,0,0,0,67.5,62.6,61.6,0.20,0.33,0.35
GABR,2017-08-21 19:15:00 EDT,44.41742,-74.17867,1758,72.1,73.3,72.1,70.3,61.9,0.000,0.000,0.00,0.000,5.2,6.8,0.6,223,9,5.3,7.9,0.7,224,9,5.2,6.8,0.6,223,9,34,28.22,,0,0,0,67.5,62.6,61.7,0.20,0.33,0.35
GABR,2017-08-21 19:20:00 EDT,44.41742,-74.17867,1758,71.8,73.0,71.8,71.2,61.9,0.000,0.000,0.00,0.000,5.0,6.9,0.8,226,10,5.1,7.1,0.8,226,9,5.0,6.9,0.8,226,10,30,28.22,,0,0,0,67.5,62.6,61.6,0.20,0.33,0.35
GABR,2017-08-21 19:25:00 EDT,44.41742,-74.17867,1758,71.3,72.6,71.3,72.6,62.0,0.000,0.000,0.00,0.000,4.4,6.6,0.5,222,7,4.4,6.6,0.6,222,6,4.4,6.6,0.5,222,7,26,28.22,,0,0,0,67.5,62.6,61.7,0.20,0.33,0.35
GABR,2017-08-21 19:30:00 EDT,44.41742,-74.17867,1758,71.1,72.4,71.1,73.0,62.0,0.000,0.000,0.00,0.000,5.2,6.7,0.8,219,9,5.2,7.0,0.8,220,8,5.2,6.7,0.8,219,9,22,28.22,,0,0,0,67.5,62.6,61.7,0.20,0.32,0.35
GABR,2017-08-21 19:35:00 EDT,44.41742,-74.17867,1758,70.6,72.0,70.6,74.0,61.9,0.000,0.000,0.00,0.000,4.7,6.8,0.8,221,7,4.8,7.1,0.8,223,5,4.7,6.8,0.8,221,7,17,28.22,,0,0,0,67.5,62.6,61.7,0.20,0.33,0.35
GABR,2017-08-21 19:40:00 EDT,44.41742,-74.17867,1758,70.5,71.9,70.5,74.1,61.9,0.000,0.000,0.00,0.000,4.9,6.1,0.6,222,7,5.0,6.9,0.7,222,5,4.9,6.1,0.6,222,7,13,28.22,,0,0,0,67.5,62.6,61.7,0.20,0.33,0.35
GABR,2017-08-21 19:45:00 EDT,44.41742,-74.17867,1758,70.0,71.6,70.0,75.2,61.8,0.000,0.000,0.00,0.000,4.6,6.1,0.7,222,7,4.7,7.1,0.7,223,5,4.6,6.1,0.7,222,7,10,28.22,,0,0,0,67.5,62.6,61.6,0.20,0.33,0.35
GABR,2017-08-21 19:50:00 EDT,44.41742,-74.17867,1758,69.6,71.3,69.6,76.3,61.8,0.000,0.000,0.00,0.000,4.6,6.5,0.9,220,7,4.7,7.4,0.9,221,6,4.6,6.5,0.9,220,7,6,28.22,,0,0,0,67.5,62.6,61.7,0.20,0.33,0.35
GABR,2017-08-21 19:55:00 EDT,44.41742,-74.17867,1758,69.4,71.1,69.4,76.9,61.8,0.000,0.000,0.00,0.000,5.1,6.6,0.5,228,7,5.3,6.7,0.6,228,6,5.1,6.6,0.5,228,7,4,28.22,,0,0,0,67.5,62.6,61.7,0.20,0.33,0.35
GABR,2017-08-21 20:00:00 EDT,44.41742,-74.17867,1758,69.2,70.9,69.2,77.1,61.7,0.000,0.000,0.00,0.000,5.0,6.1,0.5,228,7,5.1,6.4,0.6,228,6,5.0,6.1,0.5,228,7,3,28.22,,0,0,0,67.5,62.6,61.7,0.20,0.32,0.35
GABR,2017-08-21 20:05:00 EDT,44.41742,-74.17867,1758,68.9,70.6,68.9,77.8,61.7,0.000,0.000,0.00,0.000,4.9,6.6,0.7,235,6,5.0,7.0,0.7,234,6,4.9,6.6,0.7,235,6,1,28.22,,0,0,0,67.5,62.6,61.7,0.20,0.33,0.35
GABR,2017-08-21 20:10:00 EDT,44.41742,-74.17867,1758,68.3,70.3,68.3,79.1,61.6,0.000,0.000,0.00,0.000,4.9,6.1,0.5,229,8,5.0,6.4,0.6,229,7,4.9,6.1,0.5,229,8,1,28.22,,0,0,0,67.5,62.6,61.7,0.20,0.33,0.35
GABR,2017-08-21 20:15:00 EDT,44.41742,-74.17867,1758,68.2,70.0,68.2,80.1,61.8,0.000,0.000,0.00,0.000,4.8,7.1,0.8,226,7,4.8,7.6,0.8,227,6,4.8,7.1,0.8,226,7,1,28.22,,0,0,0,67.4,62.6,61.7,0.20,0.33,0.35
GABR,2017-08-21 20:20:00 EDT,44.41742,-74.17867,1758,68.2,70.0,68.2,80.0,61.8,0.000,0.000,0.00,0.000,5.5,8.3,1.1,223,10,5.7,8.9,1.2,224,8,5.5,8.3,1.1,223,10,0,28.22,,0,0,0,67.3,62.7,61.7,0.20,0.33,0.35
GABR,2017-08-21 20:25:00 EDT,44.41742,-74.17867,1758,68.2,70.1,68.2,79.1,61.5,0.000,0.000,0.00,0.000,5.7,8.8,1.2,221,11,5.9,8.9,1.2,222,8,5.7,8.8,1.2,221,11,0,28.22,,0,0,0,67.1,62.7,61.7,0.20,0.33,0.35
GABR,2017-08-21 20:30:00 EDT,44.41742,-74.17867,1758,68.3,70.0,68.3,79.0,61.5,0.000,0.000,0.00,0.000,6.5,8.8,0.8,220,8,6.6,8.7,0.9,222,7,6.5,8.8,0.8,220,8,0,28.22,,0,0,0,67.1,62.7,61.7,0.20,0.33,0.35
GABR,2017-08-21 20:35:00 EDT,44.41742,-74.17867,1758,68.6,69.9,68.6,78.0,61.5,0.000,0.000,0.00,0.000,6.6,8.8,0.8,224,9,6.8,8.7,0.8,225,8,6.6,8.8,0.8,224,9,0,28.22,,0,0,0,67.1,62.8,61.7,0.20,0.33,0.36
GABR,2017-08-21 20:40:00 EDT,44.41742,-74.17867,1758,68.6,69.9,68.6,77.8,61.4,0.000,0.000,0.00,0.000,7.0,10.4,1.2,223,8,7.1,10.1,1.2,224,6,7.0,10.4,1.2,223,8,0,28.22,,0,0,0,67.1,62.8,61.7,0.20,0.33,0.35
GABR,2017-08-21 20:45:00 EDT,44.41742,-74.17867,1758,68.5,69.7,68.5,77.9,61.3,0.000,0.000,0.00,0.000,6.5,9.6,1.0,223,7,6.5,9.1,1.0,224,6,6.5,9.6,1.0,223,7,0,28.22,,0,0,0,67.1,62.8,61.7,0.20,0.33,0.35
GABR,2017-08-21 20:50:00 EDT,44.41742,-74.17867,1758,68.2,69.4,68.2,79.2,61.5,0.000,0.000,0.00,0.000,6.5,9.8,0.9,227,9,6.7,9.8,1.0,227,7,6.5,9.8,0.9,227,9,0,28.22,,0,0,0,67.1,62.8,61.7,0.20,0.33,0.35
GABR,2017-08-21 20:55:00 EDT,44.41742,-74.17867,1758,68.2,69.3,68.2,79.6,61.6,0.000,0.000,0.00,0.000,6.5,9.1,1.0,228,8,6.7,9.2,1.0,229,7,6.5,9.1,1.0,228,8,0,28.22,,0,0,0,67.1,62.8,61.7,0.20,0.32,0.35
GABR,2017-08-21 21:00:00 EDT,44.41742,-74.17867,1758,68.0,69.2,68.0,80.0,61.6,0.000,0.000,0.00,0.000,5.8,8.0,0.7,233,8,6.0,8.5,0.7,234,7,5.8,8.0,0.7,233,8,0,28.22,,0,0,0,67.1,62.9,61.7,0.20,0.32,0.35
GABR,2017-08-21 21:05:00 EDT,44.41742,-74.17867,1758,67.7,69.0,67.7,81.1,61.7,0.000,0.000,0.00,0.000,5.9,7.2,0.6,233,7,6.1,10.0,0.8,233,7,5.9,7.2,0.6,233,7,0,28.23,,0,0,0,67.1,62.9,61.7,0.20,0.32,0.35
GABR,2017-08-21 21:10:00 EDT,44.41742,-74.17867,1758,67.2,69.1,67.2,82.3,61.7,0.000,0.000,0.00,0.000,6.9,9.5,1.1,231,8,7.0,10.2,1.1,232,7,6.9,9.5,1.1,231,8,0,28.23,,0,0,0,67.0,62.9,61.7,0.20,0.33,0.35
GABR,2017-08-21 21:15:00 EDT,44.41742,-74.17867,1758,67.8,69.1,67.8,80.9,61.7,0.000,0.000,0.00,0.000,5.9,8.6,1.3,240,10,6.3,9.8,1.3,241,11,5.9,8.6,1.3,240,10,0,28.22,,0,0,0,66.8,62.9,61.7,0.20,0.32,0.35
GABR,2017-08-21 21:20:00 EDT,44.41742,-74.17867,1758,67.9,68.9,67.9,79.9,61.5,0.000,0.000,0.00,0.000,6.0,8.0,1.1,238,8,6.4,8.8,1.1,238,8,6.0,8.0,1.1,238,8,0,28.22,,0,0,0,66.7,62.9,61.7,0.20,0.32,0.35
GABR,2017-08-21 21:25:00 EDT,44.41742,-74.17867,1758,67.8,68.9,67.8,80.0,61.4,0.000,0.000,0.00,0.000,6.2,9.1,1.0,239,8,6.6,10.3,1.2,241,9,6.2,9.1,1.0,239,8,0,28.22,,0,0,0,66.7,62.9,61.7,0.20,0.33,0.35
GABR,2017-08-21 21:30:00 EDT,44.41742,-74.17867,1758,67.6,68.5,67.6,80.3,61.4,0.000,0.000,0.00,0.000,4.6,8.7,1.6,245,17,5.0,9.1,1.6,248,15,4.6,8.7,1.6,245,17,0,28.22,,0,0,0,66.7,62.9,61.7,0.20,0.32,0.35
GABR,2017-08-21 21:35:00 EDT,44.41742,-74.17867,1758,67.3,68.4,67.3,81.2,61.4,0.000,0.000,0.00,0.000,4.7,9.7,1.2,240,11,4.9,10.4,1.4,242,10,4.7,9.7,1.2,240,11,0,28.22,,0,0,0,66.7,62.9,61.7,0.20,0.33,0.35
GABR,2017-08-21 21:40:00 EDT,44.41742,-74.17867,1758,67.2,68.1,67.2,81.6,61.3,0.000,0.000,0.00,0.000,4.2,7.5,1.2,241,12,4.4,7.2,1.2,243,12,4.2,7.5,1.2,241,12,0,28.22,,0,0,0,66.7,63.0,61.7,0.20,0.33,0.35
GABR,2017-08-21 21:45:00 EDT,44.41742,-74.17867,1758,67.0,67.9,67.0,81.8,61.3,0.000,0.000,0.00,0.000,2.9,5.3,1.0,247,20,3.3,7.0,1.2,249,18,2.9,5.3,1.0,247,20,0,28.22,,0,0,0,66.7,62.9,61.7,0.20,0.32,0.35
GABR,2017-08-21 21:50:00 EDT,44.41742,-74.17867,1758,66.6,67.7,66.6,82.5,61.1,0.000,0.000,0.00,0.000,2.4,4.5,1.0,239,19,2.6,4.7,0.9,243,19,2.4,4.5,1.0,239,19,0,28.22,,0,0,0,66.7,62.9,61.7,0.20,0.32,0.35
GABR,2017-08-21 21:55:00 EDT,44.41742,-74.17867,1758,66.4,67.4,66.4,83.4,61.2,0.000,0.000,0.00,0.000,2.0,3.7,0.9,226,12,2.0,4.0,0.9,227,12,2.0,3.7,0.9,226,12,1,28.22,,0,0,0,66.7,62.9,61.7,0.20,0.32,0.35
GABR,2017-08-21 22:00:00 EDT,44.41742,-74.17867,1758,65.7,67.1,65.7,85.2,61.1,0.000,0.000,0.00,0.000,2.3,3.3,0.5,231,9,2.3,3.4,0.4,232,9,2.3,3.3,0.5,231,9,0,28.22,,0,0,0,66.4,62.9,61.7,0.20,0.32,0.35
GABR,2017-08-21 22:05:00 EDT,44.41742,-74.17867,1758,64.8,67.1,64.8,87.4,60.9,0.000,0.000,0.00,0.000,1.9,3.4,0.6,281,25,2.1,4.5,0.7,284,26,1.9,3.4,0.6,281,25,1,28.23,,0,0,0,66.4,63.0,61.7,0.20,0.32,0.35
GABR,2017-08-21 22:10:00 EDT,44.41742,-74.17867,1758,65.3,67.1,65.3,87.3,61.4,0.000,0.000,0.00,0.000,3.3,4.9,0.9,222,14,3.4,5.1,0.9,223,14,3.3,4.9,0.9,222,14,0,28.23,,0,0,0,66.4,63.0,61.7,0.20,0.32,0.35
GABR,2017-08-21 22:15:00 EDT,44.41742,-74.17867,1758,65.2,66.7,65.2,88.4,61.7,0.000,0.000,0.00,0.000,4.0,7.0,0.8,227,10,4.0,6.9,0.9,228,9,4.0,7.0,0.8,227,10,0,28.23,,0,0,0,66.4,62.9,61.7,0.20,0.32,0.35
GABR,2017-08-21 22:20:00 EDT,44.41742,-74.17867,1758,65.1,66.7,65.1,87.8,61.4,0.000,0.000,0.00,0.000,4.4,6.2,0.6,223,9,4.5,6.2,0.8,223,7,4.4,6.2,0.6,223,9,0,28.23,,0,0,0,66.4,63.0,61.7,0.20,0.32,0.35
GABR,2017-08-21 22:25:00 EDT,44.41742,-74.17867,1758,65.4,66.8,65.4,86.9,61.4,0.000,0.000,0.00,0.000,4.4,6.4,0.7,228,9,4.4,6.6,0.9,228,8,4.4,6.4,0.7,228,9,0,28.23,,0,0,0,66.4,63.0,61.7,0.20,0.32,0.35
GABR,2017-08-21 22:30:00 EDT,44.41742,-74.17867,1758,65.4,66.8,65.4,86.9,61.4,0.000,0.000,0.00,0.000,3.9,5.2,0.6,227,9,4.0,5.7,0.7,228,8,3.9,5.2,0.6,227,9,0,28.23,,0,0,0,66.4,63.0,61.7,0.20,0.32,0.36
GABR,2017-08-21 22:35:00 EDT,44.41742,-74.17867,1758,65.2,66.5,65.2,87.1,61.3,0.000,0.000,0.00,0.000,3.4,4.6,0.7,233,11,3.5,5.1,0.8,233,10,3.4,4.6,0.7,233,11,1,28.23,,0,0,0,66.4,63.0,61.7,0.20,0.32,0.35
GABR,2017-08-21 22:40:00 EDT,44.41742,-74.17867,1758,65.1,66.6,65.1,88.4,61.5,0.000,0.000,0.00,0.000,3.7,6.4,0.6,223,11,3.8,6.2,0.8,224,10,3.7,6.4,0.6,223,11,0,28.23,,0,0,0,66.4,63.0,61.7,0.20,0.32,0.35
GABR,2017-08-21 22:45:00 EDT,44.41742,-74.17867,1758,65.8,66.9,65.8,87.1,61.8,0.000,0.000,0.00,0.000,4.0,5.8,0.6,219,11,4.0,5.9,0.7,220,9,4.0,5.8,0.6,219,11,1,28.22,,0,0,0,66.2,63.0,61.7,0.20,0.32,0.35
GABR,2017-08-21 22:50:00 EDT,44.41742,-74.17867,1758,65.7,66.8,65.7,86.3,61.5,0.000,0.000,0.00,0.000,4.7,7.1,0.8,220,12,4.8,7.0,0.9,220,11,4.7,7.1,0.8,220,12,0,28.23,,0,0,0,66.0,63.0,61.7,0.20,0.32,0.35
GABR,2017-08-21 22:55:00 EDT,44.41742,-74.17867,1758,65.4,66.7,65.4,87.7,61.7,0.000,0.000,0.00,0.000,5.0,7.3,0.9,218,12,5.1,7.4,1.0,220,11,5.0,7.3,0.9,218,12,0,28.23,,0,0,0,66.0,63.0,61.7,0.20,0.33,0.35
GABR,2017-08-21 23:00:00 EDT,44.41742,-74.17867,1758,65.5,66.6,65.5,87.5,61.7,0.000,0.000,0.00,0.000,4.9,7.5,0.9,220,11,5.1,7.8,1.0,220,10,4.9,7.5,0.9,220,11,0,28.23,,0,0,0,66.0,63.0,61.7,0.20,0.32,0.35
GABR,2017-08-21 23:05:00 EDT,44.41742,-74.17867,1758,65.4,66.5,65.4,87.9,61.7,0.000,0.000,0.00,0.000,4.6,7.9,1.1,217,10,4.8,7.9,1.1,218,8,4.6,7.9,1.1,217,10,0,28.23,,0,0,0,66.0,63.0,61.7,0.20,0.32,0.35
GABR,2017-08-21 23:10:00 EDT,44.41742,-74.17867,1758,64.9,66.1,64.9,89.0,61.6,0.000,0.000,0.00,0.000,4.7,7.0,0.9,219,10,4.8,7.8,1.0,220,10,4.7,7.0,0.9,219,10,0,28.22,,0,0,0,66.0,63.0,61.7,0.20,0.32,0.35
GABR,2017-08-21 23:15:00 EDT,44.41742,-74.17867,1758,64.8,65.9,64.8,89.9,61.8,0.000,0.000,0.00,0.000,4.3,6.6,0.9,209,13,4.6,6.8,1.0,212,10,4.3,6.6,0.9,209,13,0,28.22,,0,0,0,66.0,63.0,61.7,0.20,0.32,0.35
GABR,2017-08-21 23:20:00 EDT,44.41742,-74.17867,1758,64.4,65.6,64.4,89.7,61.3,0.000,0.000,0.00,0.000,3.7,5.0,0.5,200,10,3.8,5.4,0.6,201,10,3.7,5.0,0.5,200,10,1,28.22,,0,0,0,66.0,63.0,61.7,0.20,0.32,0.35
GABR,2017-08-21 23:25:00 EDT,44.41742,-74.17867,1758,63.1,65.0,63.1,92.0,60.8,0.000,0.000,0.00,0.000,4.1,5.8,0.6,190,9,4.4,6.1,0.7,190,8,4.1,5.8,0.6,190,9,1,28.22,,0,0,0,66.0,63.0,61.7,0.20,0.32,0.35
GABR,2017-08-21 23:30:00 EDT,44.41742,-74.17867,1758,63.3,64.6,63.3,94.7,61.8,0.000,0.000,0.00,0.000,4.4,6.4,0.7,195,10,4.8,6.8,0.8,196,9,4.4,6.4,0.7,195,10,1,28.22,,0,0,0,65.9,63.0,61.7,0.20,0.32,0.35
GABR,2017-08-21 23:35:00 EDT,44.41742,-74.17867,1758,63.0,64.3,63.0,94.9,61.5,0.000,0.000,0.00,0.000,4.6,6.6,0.6,199,6,4.8,8.0,0.8,200,6,4.6,6.6,0.6,199,6,1,28.22,,0,0,0,65.8,63.0,61.7,0.20,0.32,0.35
GABR,2017-08-21 23:40:00 EDT,44.41742,-74.17867,1758,63.6,64.7,63.6,95.2,62.2,0.000,0.000,0.00,0.000,5.6,7.3,0.7,196,8,6.0,8.0,0.8,198,7,5.6,7.3,0.7,196,8,1,28.22,,0,0,0,65.8,63.0,61.7,0.20,0.32,0.35
GABR,2017-08-21 23:45:00 EDT,44.41742,-74.17867,1758,63.9,64.8,63.9,94.4,62.3,0.000,0.000,0.00,0.000,5.6,7.7,0.6,201,11,5.9,7.9,0.8,201,10,5.6,7.7,0.6,201,11,1,28.22,,0,0,0,65.8,63.0,61.7,0.20,0.32,0.35
GABR,2017-08-21 23:50:00 EDT,44.41742,-74.17867,1758,64.3,65.2,64.3,94.0,62.6,0.000,0.000,0.00,0.000,5.7,8.0,1.0,206,8,5.7,8.4,1.0,209,8,5.7,8.0,1.0,206,8,1,28.22,,0,0,0,65.8,63.0,61.7,0.20,0.32,0.36
GABR,2017-08-21 23:55:00 EDT,44.41742,-74.17867,1758,64.5,65.4,64.5,92.5,62.3,0.000,0.000,0.00,0.000,5.1,8.7,1.3,214,10,5.3,8.8,1.3,215,10,5.1,8.7,1.3,214,10,1,28.22,,0,0,0,65.8,63.0,61.7,0.20,0.32,0.35
GFAL,2017-08-21 00:00:00 EDT,43.34087,-73.60202,324,60.9,62.0,60.9,91.3,58.4,0.000,0.000,0.00,0.000,0.3,1.1,0.4,271,0,0.8,1.6,0.5,250,24,0.3,1.1,0.4,271,0,0,29.77,,0,0,0,69.6,69.3,67.8,0.19,0.35,0.36
GFAL,2017-08-21 00:05:00 EDT,43.34087,-73.60202,324,61.5,62.4,61.5,93.2,59.5,0.000,0.000,0.00,0.000,0.8,1.6,0.6,287,7,1.3,2.0,0.4,287,16,0.8,1.6,0.6,287,7,0,29.77,,0,0,0,69.6,69.3,67.8,0.19,0.35,0.36
GFAL,2017-08-21 00:10:00 EDT,43.34087,-73.60202,324,61.5,62.5,61.5,93.7,59.6,0.000,0.000,0.00,0.000,1.4,2.0,0.3,298,5,1.7,2.4,0.3,305,7,1.4,2.0,0.3,298,5,0,29.78,,0,0,0,69.5,69.3,67.8,0.19,0.35,0.36
GFAL,2017-08-21 00:15:00 EDT,43.34087,-73.60202,324,61.0,62.4,61.0,93.3,59.0,0.000,0.000,0.00,0.000,1.0,1.5,0.3,312,1,1.2,1.8,0.2,308,9,1.0,1.5,0.3,312,1,0,29.78,,0,0,0,69.3,69.3,67.8,0.19,0.35,0.36
GFAL,2017-08-21 00:20:00 EDT,43.34087,-73.60202,324,61.0,62.4,61.0,93.1,59.0,0.000,0.000,0.00,0.000,0.5,1.1,0.4,312,0,1.0,1.5,0.2,296,12,0.5,1.1,0.4,312,0,0,29.78,,0,0,0,69.3,69.3,67.8,0.19,0.35,0.36
GFAL,2017-08-21 00:25:00 EDT,43.34087,-73.60202,324,61.0,62.4,61.0,93.7,59.1,0.000,0.000,0.00,0.000,0.3,1.5,0.5,297,7,1.0,2.2,0.4,268,25,0.3,1.5,0.5,297,7,0,29.78,,0,0,0,69.3,69.3,67.8,0.19,0.35,0.36
GFAL,2017-08-21 00:30:00 EDT,43.34087,-73.60202,324,60.4,62.3,60.4,93.0,58.4,0.000,0.000,0.00,0.000,1.2,2.4,0.6,225,2,1.6,2.6,0.3,220,7,1.2,2.4,0.6,225,2,0,29.78,,0,0,0,69.3,69.3,67.8,0.19,0.35,0.36
GFAL,2017-08-21 00:35:00 EDT,43.34087,-73.60202,324,59.6,61.7,59.6,94.0,57.8,0.000,0.000,0.00,0.000,1.2,2.1,0.6,253,8,1.5,2.4,0.5,257,12,1.2,2.1,0.6,253,8,0,29.78,,0,0,0,69.3,69.3,67.8,0.19,0.35,0.36
GFAL,2017-08-21 00:40:00 EDT,43.34087,-73.60202,324,59.4,61.3,59.4,94.4,57.8,0.000,0.000,0.00,0.000,1.2,2.0,0.3,273,7,1.6,2.6,0.3,271,10,1.2,2.0,0.3,273,7,0,29.78,,0,0,0,69.2,69.3,67.8,0.19,0.35,0.36
GFAL,2017-08-21 00:45:00 EDT,43.34087,-73.60202,324,59.4,61.1,59.4,94.7,57.8,0.000,0.000,0.00,0.000,0.0,0.8,0.2,279,0,0.7,1.2,0.3,289,41,0.0,0.8,0.2,279,0,0,29.78,,0,0,0,69.0,69.3,67.8,0.19,0.35,0.36
GFAL,2017-08-21 00:50:00 EDT,43.34087,-73.60202,324,59.5,60.6,59.5,94.3,57.9,0.000,0.000,0.00,0.000,0.0,0.4,0.1,279,0,0.7,1.2,0.2,54,60,0.0,0.4,0.1,279,0,0,29.78,,0,0,0,68.9,69.3,67.8,0.19,0.35,0.36
GFAL,2017-08-21 00:55:00 EDT,43.34087,-73.60202,324,59.5,60.7,59.5,95.0,58.1,0.000,0.000,0.00,0.000,0.1,0.7,0.2,279,0,0.7,1.5,0.3,63,56,0.1,0.7,0.2,279,0,0,29.78,,0,0,0,68.9,69.3,67.8,0.19,0.35,0.36
GFAL,2017-08-21 01:00:00 EDT,43.34087,-73.60202,324,59.9,60.8,59.9,94.7,58.4,0.000,0.000,0.00,0.000,0.0,0.0,0.0,0,0,0.4,1.8,0.2,145,67,0.0,0.0,0.0,0,0,0,29.79,,0,0,0,68.9,69.3,67.8,0.19,0.35,0.36
GFAL,2017-08-21 01:05:00 EDT,43.34087,-73.60202,324,59.3,60.9,59.3,94.9,57.8,0.000,0.000,0.00,0.000,0.1,0.7,0.2,279,81,0.6,1.5,0.3,210,52,0.1,0.7,0.2,279,81,0,29.79,,0,0,0,68.9,69.3,67.8,0.19,0.35,0.36
GFAL,2017-08-21 01:10:00 EDT,43.34087,-73.60202,324,60.0,61.1,60.0,95.1,58.6,0.000,0.000,0.00,0.000,0.1,0.7,0.2,279,0,0.8,1.3,0.2,42,27,0.1,0.7,0.2,279,0,0,29.79,,0,0,0,68.9,69.3,67.8,0.19,0.35,0.36
GFAL,2017-08-21 01:15:00 EDT,43.34087,-73.60202,324,59.4,60.8,59.4,94.2,57.7,0.000,0.000,0.00,0.000,0.0,0.0,0.0,0,0,1.0,1.5,0.2,46,8,0.0,0.0,0.0,0,0,0,29.78,,0,0,0,68.8,69.3,67.8,0.19,0.35,0.36
GFAL,2017-08-21 01:20:00 EDT,43.34087,-73.60202,324,59.4,61.0,59.4,95.3,58.0,0.000,0.000,0.00,0.000,0.0,0.0,0.0,0,0,0.7,1.1,0.2,75,32,0.0,0.0,0.0,0,0,0,29.78,,0,0,0,68.6,69.3,67.8,0.19,0.35,0.36
GFAL,2017-08-21 01:25:00 EDT,43.34087,-73.60202,324,59.6,61.1,59.6,95.6,58.3,0.000,0.000,0.00,0.000,0.0,0.0,0.0,0,0,0.6,1.0,0.2,346,39,0.0,0.0,0.0,0,0,0,29.78,,0,0,0,68.5,69.3,67.8,0.19,0.35,0.36
GFAL,2017-08-21 01:30:00 EDT,43.34087,-73.60202,324,59.1,60.5,59.1,96.0,58.0,0.000,0.000,0.00,0.000,0.0,0.7,0.1,41,4,0.6,1.6,0.3,8,46,0.0,0.7,0.1,41,4,0,29.78,,0,0,0,68.5,69.3,67.8,0.19,0.35,0.36
GFAL,2017-08-21 01:35:00 EDT,43.34087,-73.60202,324,59.2,60.5,59.2,95.5,57.9,0.000,0.000,0.00,0.000,0.2,1.3,0.4,32,5,0.7,1.4,0.3,339,46,0.2,1.3,0.4,32,5,0,29.78,,0,0,0,68.5,69.3,67.8,0.19,0.35,0.36
GFAL,2017-08-21 01:40:00 EDT,43.34087,-73.60202,324,58.5,60.1,58.5,95.1,57.1,0.000,0.000,0.00,0.000,0.8,2.5,0.9,210,21,1.3,2.8,0.7,219,33,0.8,2.5,0.9,210,21,0,29.78,,0,0,0,68.5,69.3,67.8,0.19,0.35,0.36
GFAL,2017-08-21 01:45:00 EDT,43.34087,-73.60202,324,58.2,60.2,58.2,94.2,56.5,0.000,0.000,0.00,0.000,0.3,1.1,0.3,264,2,0.9,1.6,0.4,274,50,0.3,1.1,0.3,264,2,0,29.78,,0,0,0,68.5,69.3,67.8,0.19,0.35,0.36
GFAL,2017-08-21 01:50:00 EDT,43.34087,-73.60202,324,58.4,60.5,58.4,94.5,56.8,0.000,0.000,0.00,0.000,0.3,1.0,0.3,262,0,1.0,1.5,0.2,58,32,0.3,1.0,0.3,262,0,0,29.78,,0,0,0,68.5,69.3,67.8,0.19,0.35,0.36
GFAL,2017-08-21 01:55:00 EDT,43.34087,-73.60202,324,59.0,60.4,59.0,94.5,57.5,0.000,0.000,0.00,0.000,0.4,1.6,0.6,268,21,0.9,2.1,0.7,65,38,0.4,1.6,0.6,268,21,0,29.78,,0,0,0,68.5,69.3,67.8,0.19,0.35,0.36
GFAL,2017-08-21 02:00:00 EDT,43.34087,-73.60202,324,58.8,60.1,58.8,93.8,57.0,0.000,0.000,0.00,0.000,0.6,1.8,0.7,307,39,1.1,2.2,0.5,267,58,0.6,1.8,0.7,307,39,0,29.78,,0,0,0,68.5,69.3,67.8,0.19,0.35,0.36
GFAL,2017-08-21 02:05:00 EDT,43.34087,-73.60202,324,59.0,60.3,59.0,93.2,57.1,0.000,0.000,0.00,0.000,0.8,2.1,0.8,58,22,1.3,2.7,0.7,54,38,0.8,2.1,0.8,58,22,0,29.78,,0,0,0,68.2,69.3,67.8,0.18,0.35,0.36
GFAL,2017-08-21 02:10:00 EDT,43.34087,-73.60202,324,58.4,60.1,58.4,93.6,56.6,0.000,0.000,0.00,0.000,0.5,1.5,0.6,81,21,1.1,2.1,0.5,106,48,0.5,1.5,0.6,81,21,0,29.78,,0,0,0,68.2,69.3,67.8,0.19,0.35,0.36
GFAL,2017-08-21 02:15:00 EDT,43.34087,-73.60202,324,58.1,59.3,58.1,94.4,56.5,0.000,0.000,0.00,0.000,0.4,1.5,0.5,276,18,1.1,2.0,0.3,240,59,0.4,1.5,0.5,276,18,0,29.78,,0,0,0,68.2,69.3,67.8,0.18,0.35,0.36
GFAL,2017-08-21 02:20:00 EDT,43.34087,-73.60202,324,58.3,59.2,58.3,95.2,56.9,0.000,0.000,0.00,0.000,0.7,1.4,0.3,67,11,1.1,1.8,0.3,68,16,0.7,1.4,0.3,67,11,0,29.79,,0,0,0,68.2,69.3,67.8,0.19,0.35,0.36
GFAL,2017-08-21 02:25:00 EDT,43.34087,-73.60202,324,57.9,59.4,57.9,95.7,56.7,0.000,0.000,0.00,0.000,1.4,2.5,0.5,41,4,1.6,2.8,0.5,47,7,1.4,2.5,0.5,41,4,0,29.79,,0,0,0,68.2,69.3,67.8,0.19,0.35,0.36
GFAL,2017-08-21 02:30:00 EDT,43.34087,-73.60202,324,58.2,59.9,58.2,97.2,57.4,0.000,0.000,0.00,0.000,2.2,3.0,0.6,58,6,2.4,3.2,0.5,56,8,2.2,3.0,0.6,58,6,0,29.79,,0,0,0,68.2,69.3,67.8,0.19,0.35,0.36
GFAL,2017-08-21 02:35:00 EDT,43.34087,-73.60202,324,59.1,60.4,59.1,98.2,58.6,0.000,0.000,0.00,0.000,1.3,2.1,0.8,53,15,1.6,2.8,0.7,52,14,1.3,2.1,0.8,53,15,0,29.79,,0,0,0,68.2,69.3,67.8,0.18,0.35,0.36
GFAL,2017-08-21 02:40:00 EDT,43.34087,-73.60202,324,59.7,60.6,59.7,97.5,59.0,0.000,0.000,0.00,0.000,0.6,1.7,0.7,79,9,1.5,2.1,0.4,84,7,0.6,1.7,0.7,79,9,0,29.79,,0,0,0,68.0,69.3,67.8,0.18,0.35,0.36
GFAL,2017-08-21 02:45:00 EDT,43.34087,-73.60202,324,58.7,60.5,58.7,94.9,57.3,0.000,0.000,0.00,0.000,2.2,2.7,0.3,78,9,2.6,3.4,0.4,77,11,2.2,2.7,0.3,78,9,0,29.79,,0,0,0,67.8,69.3,67.8,0.18,0.35,0.36
GFAL,2017-08-21 02:50:00 EDT,43.34087,-73.60202,324,58.2,60.5,58.2,96.2,57.1,0.000,0.000,0.00,0.000,3.4,4.4,0.7,61,12,3.8,4.9,0.7,61,11,3.4,4.4,0.7,61,12,0,29.79,,0,0,0,67.8,69.3,67.8,0.18,0.35,0.36
GFAL,2017-08-21 02:55:00 EDT,43.34087,-73.60202,324,57.7,59.1,57.7,95.7,56.4,0.000,0.000,0.00,0.000,1.5,3.5,1.2,38,4,1.6,3.7,0.9,39,10,1.5,3.5,1.2,38,4,0,29.79,,0,0,0,67.8,69.3,67.8,0.19,0.35,0.36
GFAL,2017-08-21 03:00:00 EDT,43.34087,-73.60202,324,58.5,60.1,58.5,97.8,57.9,0.000,0.000,0.00,0.000,1.8,3.7,0.8,78,17,2.3,4.3,0.7,75,17,1.8,3.7,0.8,78,17,0,29.79,,0,0,0,67.8,69.3,67.8,0.18,0.35,0.36
GFAL,2017-08-21 03:05:00 EDT,43.34087,-73.60202,324,59.1,61.4,59.1,98.0,58.6,0.000,0.000,0.00,0.000,1.3,2.8,0.8,126,25,1.8,3.4,0.7,133,29,1.3,2.8,0.8,126,25,0,29.79,,0,0,0,67.8,69.3,67.8,0.18,0.35,0.36
GFAL,2017-08-21 03:10:00 EDT,43.34087,-73.60202,324,60.2,62.1,60.2,97.9,59.6,0.000,0.000,0.00,0.000,2.0,3.9,0.6,139,21,2.4,4.9,0.8,143,19,2.0,3.9,0.6,139,21,0,29.79,,0,0,0,67.8,69.3,67.8,0.18,0.35,0.36
GFAL,2017-08-21 03:15:00 EDT,43.34087,-73.60202,324,61.2,62.8,61.2,96.6,60.2,0.000,0.000,0.00,0.000,1.9,3.1,0.5,140,24,2.2,4.8,0.7,141,25,1.9,3.1,0.5,140,24,0,29.79,,0,0,0,67.8,69.3,67.8,0.19,0.35,0.36
GFAL,2017-08-21 03:20:00 EDT,43.34087,-73.60202,324,61.2,62.7,61.2,94.8,59.7,0.000,0.000,0.00,0.000,1.6,3.8,0.9,121,13,1.8,3.9,0.7,123,15,1.6,3.8,0.9,121,13,0,29.79,,0,0,0,67.8,69.3,67.8,0.19,0.35,0.36
GFAL,2017-08-21 03:25:00 EDT,43.34087,-73.60202,324,61.0,62.2,61.0,94.0,59.3,0.000,0.000,0.00,0.000,1.1,4.2,1.0,224,27,1.7,4.9,0.9,221,31,1.1,4.2,1.0,224,27,0,29.79,,0,0,0,67.8,69.3,67.8,0.18,0.35,0.36
GFAL,2017-08-21 03:30:00 EDT,43.34087,-73.60202,324,59.7,61.0,59.7,92.6,57.6,0.000,0.000,0.00,0.000,0.5,2.6,0.8,237,8,1.0,2.4,0.6,244,32,0.5,2.6,0.8,237,8,0,29.79,,0,0,0,67.6,69.3,67.8,0.19,0.35,0.36
GFAL,2017-08-21 03:35:00 EDT,43.34087,-73.60202,324,58.4,60.4,58.4,93.2,56.4,0.000,0.000,0.00,0.000,0.7,1.5,0.4,255,21,1.2,1.9,0.3,250,24,0.7,1.5,0.4,255,21,0,29.79,,0,0,0,67.5,69.3,67.8,0.19,0.35,0.36
GFAL,2017-08-21 03:40:00 EDT,43.34087,-73.60202,324,58.7,60.5,58.7,95.3,57.3,0.000,0.000,0.00,0.000,0.0,0.5,0.1,228,6,0.7,1.7,0.3,230,60,0.0,0.5,0.1,228,6,0,29.79,,0,0,0,67.5,69.3,67.8,0.19,0.35,0.36
GFAL,2017-08-21 03:45:00 EDT,43.34087,-73.60202,324,58.4,60.6,58.4,95.1,57.0,0.000,0.000,0.00,0.000,0.5,1.2,0.4,293,16,1.0,1.6,0.3,284,18,0.5,1.2,0.4,293,16,0,29.80,,0,0,0,67.5,69.3,67.8,0.19,0.35,0.36
GFAL,2017-08-21 03:50:00 EDT,43.34087,-73.60202,324,59.3,61.0,59.3,96.5,58.3,0.000,0.000,0.00,0.000,0.1,0.9,0.2,291,5,0.8,1.3,0.2,255,34,0.1,0.9,0.2,291,5,0,29.80,,0,0,0,67.5,69.3,67.8,0.19,0.35,0.36
GFAL,2017-08-21 03:55:00 EDT,43.34087,-73.60202,324,59.6,61.0,59.6,96.2,58.5,0.000,0.000,0.00,0.000,0.4,1.5,0.4,218,7,0.9,2.0,0.4,216,27,0.4,1.5,0.4,218,7,0,29.80,,0,0,0,67.5,69.3,67.8,0.19,0.35,0.36
GFAL,2017-08-21 04:00:00 EDT,43.34087,-73.60202,324,59.5,61.0,59.5,95.7,58.3,0.000,0.000,0.00,0.000,0.0,0.0,0.0,0,0,0.6,1.8,0.3,0,75,0.0,0.0,0.0,0,0,0,29.80,,0,0,0,67.5,69.3,67.8,0.19,0.35,0.36
GFAL,2017-08-21 04:05:00 EDT,43.34087,-73.60202,324,59.0,61.1,59.0,95.4,57.7,0.000,0.000,0.00,0.000,0.0,0.0,0.0,0,0,0.5,0.9,0.2,47,34,0.0,0.0,0.0,0,0,0,29.80,,0,0,0,67.5,69.3,67.8,0.19,0.35,0.36
GFAL,2017-08-21 04:10:00 EDT,43.34087,-73.60202,324,59.1,61.0,59.1,95.6,57.9,0.000,0.000,0.00,0.000,0.2,1.9,0.5,224,6,0.8,2.5,0.5,207,59,0.2,1.9,0.5,224,6,0,29.80,,0,0,0,67.5,69.3,67.8,0.19,0.35,0.36
GFAL,2017-08-21 04:15:00 EDT,43.34087,-73.60202,324,58.0,60.4,58.0,93.2,56.0,0.000,0.000,0.00,0.000,0.7,1.7,0.5,216,43,1.2,2.1,0.4,211,48,0.7,1.7,0.5,216,43,0,29.80,,0,0,0,67.3,69.3,67.8,0.19,0.35,0.36
GFAL,2017-08-21 04:20:00 EDT,43.34087,-73.60202,324,58.2,60.5,58.2,94.5,56.7,0.000,0.000,0.00,0.000,0.1,0.7,0.2,266,0,0.7,1.6,0.3,148,54,0.1,0.7,0.2,266,0,0,29.80,,0,0,0,67.3,69.2,67.8,0.19,0.35,0.36
GFAL,2017-08-21 04:25:00 EDT,43.34087,-73.60202,324,57.6,59.9,57.6,94.7,56.0,0.000,0.000,0.00,0.000,0.4,1.0,0.4,315,81,0.9,1.6,0.3,345,49,0.4,1.0,0.4,315,81,0,29.80,,0,0,0,67.1,69.3,67.8,0.19,0.35,0.36
GFAL,2017-08-21 04:30:00 EDT,43.34087,-73.60202,324,58.0,60.1,58.0,95.8,56.8,0.000,0.000,0.00,0.000,0.0,0.6,0.1,315,0,0.4,0.8,0.2,27,55,0.0,0.6,0.1,315,0,0,29.80,,0,0,0,67.1,69.2,67.8,0.19,0.35,0.36
GFAL,2017-08-21 04:35:00 EDT,43.34087,-73.60202,324,59.1,60.6,59.1,96.2,58.1,0.000,0.000,0.00,0.000,0.5,2.8,0.9,133,9,1.1,3.5,0.8,125,43,0.5,2.8,0.9,133,9,0,29.80,,0,0,0,67.1,69.2,67.8,0.19,0.35,0.36
GFAL,2017-08-21 04:40:00 EDT,43.34087,-73.60202,324,58.7,60.7,58.7,94.4,57.1,0.000,0.000,0.00,0.000,0.2,1.8,0.4,165,6,0.9,2.4,0.4,95,77,0.2,1.8,0.4,165,6,0,29.80,,0,0,0,67.1,69.2,67.8,0.19,0.35,0.36
GFAL,2017-08-21 04:45:00 EDT,43.34087,-73.60202,324,58.0,59.7,58.0,94.3,56.4,0.000,0.000,0.00,0.000,0.3,1.7,0.5,295,5,0.9,2.4,0.5,302,27,0.3,1.7,0.5,295,5,0,29.80,,0,0,0,67.1,69.2,67.8,0.19,0.35,0.36
GFAL,2017-08-21 04:50:00 EDT,43.34087,-73.60202,324,57.8,58.8,57.8,94.5,56.2,0.000,0.000,0.00,0.000,0.8,2.5,0.9,269,12,1.3,2.8,0.8,257,30,0.8,2.5,0.9,269,12,0,29.80,,0,0,0,67.1,69.2,67.8,0.19,0.35,0.36
GFAL,2017-08-21 04:55:00 EDT,43.34087,-73.60202,324,57.6,58.6,57.6,95.8,56.4,0.000,0.000,0.00,0.000,0.7,1.9,0.7,269,7,1.1,2.2,0.7,261,29,0.7,1.9,0.7,269,7,0,29.80,,0,0,0,67.1,69.2,67.8,0.19,0.35,0.36
GFAL,2017-08-21 05:00:00 EDT,43.34087,-73.60202,324,58.0,58.9,58.0,96.6,57.1,0.000,0.000,0.00,0.000,0.0,0.0,0.0,0,0,0.6,1.0,0.2,331,51,0.0,0.0,0.0,0,0,0,29.80,,0,0,0,67.1,69.1,67.8,0.19,0.35,0.36
GFAL,2017-08-21 05:05:00 EDT,43.34087,-73.60202,324,58.2,59.1,58.2,96.3,57.1,0.000,0.000,0.00,0.000,0.0,0.0,0.0,0,0,0.5,1.1,0.3,290,22,0.0,0.0,0.0,0,0,0,29.80,,0,0,0,67.1,69.1,67.8,0.19,0.35,0.36
GFAL,2017-08-21 05:10:00 EDT,43.34087,-73.60202,324,57.7,59.3,57.7,96.4,56.7,0.000,0.000,0.00,0.000,0.0,0.0,0.0,0,0,0.6,0.9,0.2,259,19,0.0,0.0,0.0,0,0,0,29.81,,0,0,0,67.1,69.1,67.8,0.19,0.35,0.36
GFAL,2017-08-21 05:15:00 EDT,43.34087,-73.60202,324,58.3,59.7,58.3,97.1,57.4,0.000,0.000,0.00,0.000,0.0,0.0,0.0,0,0,0.5,1.0,0.2,264,44,0.0,0.0,0.0,0,0,0,29.81,,0,0,0,67.1,69.1,67.8,0.19,0.35,0.36
GFAL,2017-08-21 05:20:00 EDT,43.34087,-73.60202,324,57.7,58.9,57.7,96.3,56.7,0.000,0.000,0.00,0.000,1.6,2.6,0.5,288,10,2.0,2.9,0.4,292,12,1.6,2.6,0.5,288,10,0,29.81,,0,0,0,67.1,69.1,67.8,0.19,0.35,0.36
GFAL,2017-08-21 05:25:00 EDT,43.34087,-73.60202,324,57.7,58.9,57.7,95.5,56.4,0.000,0.000,0.00,0.000,0.2,1.3,0.4,297,0,0.6,1.5,0.3,314,33,0.2,1.3,0.4,297,0,0,29.81,,0,0,0,66.8,69.0,67.8,0.19,0.35,0.36
GFAL,2017-08-21 05:30:00 EDT,43.34087,-73.60202,324,58.4,59.1,58.4,96.4,57.4,0.000,0.000,0.00,0.000,0.0,0.0,0.0,0,0,0.5,1.1,0.2,92,55,0.0,0.0,0.0,0,0,0,29.81,,0,0,0,66.7,69.0,67.8,0.19,0.35,0.36
GFAL,2017-08-21 05:35:00 EDT,43.34087,-73.60202,324,57.4,58.8,57.4,95.8,56.2,0.000,0.000,0.00,0.000,0.6,1.2,0.4,243,2,1.2,1.8,0.2,246,18,0.6,1.2,0.4,243,2,0,29.81,,0,0,0,66.7,68.9,67.8,0.19,0.35,0.36
GFAL,2017-08-21 05:40:00 EDT,43.34087,-73.60202,324,57.4,59.1,57.4,96.6,56.4,0.000,0.000,0.00,0.000,0.0,0.6,0.1,238,0,0.4,1.6,0.2,222,50,0.0,0.6,0.1,238,0,0,29.81,,0,0,0,66.7,68.9,67.8,0.19,0.35,0.36
GFAL,2017-08-21 05:45:00 EDT,43.34087,-73.60202,324,57.3,58.8,57.3,97.2,56.5,0.000,0.000,0.00,0.000,0.0,0.0,0.0,0,0,0.8,1.4,0.2,266,25,0.0,0.0,0.0,0,0,0,29.81,,0,0,0,66.7,68.9,67.8,0.19,0.35,0.36
GFAL,2017-08-21 05:50:00 EDT,43.34087,-73.60202,324,57.1,58.5,57.1,97.1,56.3,0.000,0.000,0.00,0.000,0.6,1.2,0.4,288,0,1.2,1.7,0.2,279,13,0.6,1.2,0.4,288,0,0,29.81,,0,0,0,66.7,68.9,67.8,0.19,0.35,0.36
GFAL,2017-08-21 05:55:00 EDT,43.34087,-73.60202,324,57.6,58.5,57.6,96.4,56.6,0.000,0.000,0.00,0.000,0.0,0.5,0.1,288,81,0.8,1.4,0.2,237,7,0.0,0.5,0.1,288,81,1,29.81,,0,0,0,66.7,68.9,67.8,0.19,0.35,0.36
GFAL,2017-08-21 06:00:00 EDT,43.34087,-73.60202,324,57.2,58.3,57.2,96.1,56.1,0.000,0.000,0.00,0.000,0.4,1.4,0.5,288,0,1.1,1.8,0.3,276,25,0.4,1.4,0.5,288,0,1,29.82,,0,0,0,66.7,68.9,67.8,0.18,0.35,0.36
GFAL,2017-08-21 06:05:00 EDT,43.34087,-73.60202,324,56.8,58.3,56.8,96.3,55.7,0.000,0.000,0.00,0.000,0.5,1.4,0.5,291,1,1.0,1.7,0.3,308,17,0.5,1.4,0.5,291,1,3,29.81,,0,0,0,66.7,68.9,67.8,0.19,0.35,0.36
GFAL,2017-08-21 06:10:00 EDT,43.34087,-73.60202,324,57.1,58.3,57.1,96.7,56.2,0.000,0.000,0.00,0.000,1.4,1.8,0.2,317,5,1.5,1.9,0.2,315,7,1.4,1.8,0.2,317,5,3,29.81,,0,0,0,66.7,68.9,67.8,0.19,0.35,0.36
GFAL,2017-08-21 06:15:00 EDT,43.34087,-73.60202,324,57.1,58.3,57.1,96.4,56.1,0.000,0.000,0.00,0.000,0.1,0.9,0.2,298,2,0.6,1.3,0.3,350,67,0.1,0.9,0.2,298,2,6,29.81,,0,0,0,66.7,68.9,67.8,0.19,0.35,0.36
GFAL,2017-08-21 06:20:00 EDT,43.34087,-73.60202,324,57.1,58.0,57.1,96.6,56.1,0.000,0.000,0.00,0.000,0.2,1.9,0.5,219,1,1.1,2.2,0.5,239,19,0.2,1.9,0.5,219,1,7,29.82,,0,0,0,66.7,68.9,67.8,0.19,0.35,0.36
GFAL,2017-08-21 06:25:00 EDT,43.34087,-73.60202,324,56.5,57.7,56.5,96.1,55.5,0.000,0.000,0.00,0.000,1.1,1.7,0.3,226,7,1.4,1.9,0.2,221,13,1.1,1.7,0.3,226,7,9,29.82,,0,0,0,66.5,68.9,67.8,0.19,0.35,0.36
GFAL,2017-08-21 06:30:00 EDT,43.34087,-73.60202,324,56.2,57.3,56.2,96.5,55.2,0.000,0.000,0.00,0.000,1.3,2.5,0.6,256,21,1.6,3.0,0.5,262,26,1.3,2.5,0.6,256,21,13,29.82,,0,0,0,66.4,68.9,67.8,0.19,0.35,0.36
GFAL,2017-08-21 06:35:00 EDT,43.34087,-73.60202,324,56.6,57.6,56.6,97.0,55.8,0.000,0.000,0.00,0.000,0.3,1.0,0.4,285,28,1.1,1.5,0.2,268,31,0.3,1.0,0.4,285,28,24,29.82,,0,0,0,66.4,68.9,67.8,0.19,0.35,0.36
GFAL,2017-08-21 06:40:00 EDT,43.34087,-73.60202,324,57.1,57.8,57.1,96.6,56.1,0.000,0.000,0.00,0.000,0.1,0.7,0.2,240,0,0.7,1.1,0.2,248,17,0.1,0.7,0.2,240,0,31,29.82,,0,0,0,66.4,68.9,67.8,0.19,0.35,0.36
GFAL,2017-08-21 06:45:00 EDT,43.34087,-73.60202,324,57.2,58.0,57.2,96.4,56.2,0.000,0.000,0.00,0.000,0.0,0.0,0.0,0,0,0.5,1.5,0.3,214,45,0.0,0.0,0.0,0,0,43,29.82,,0,0,0,66.4,68.9,67.8,0.19,0.35,0.36
GFAL,2017-08-21 06:50:00 EDT,43.34087,-73.60202,324,57.6,58.4,57.6,96.2,56.5,0.000,0.000,0.00,0.000,0.0,0.0,0.0,0,0,0.5,1.0,0.2,32,33,0.0,0.0,0.0,0,0,59,29.81,,0,0,0,66.4,68.9,67.8,0.19,0.35,0.36
GFAL,2017-08-21 06:55:00 EDT,43.34087,-73.60202,324,57.6,58.4,57.6,95.3,56.3,0.000,0.000,0.00,0.000,0.0,0.0,0.0,0,0,0.6,1.1,0.2,18,17,0.0,0.0,0.0,0,0,72,29.81,,0,0,0,66.4,68.9,67.8,0.19,0.35,0.36
GFAL,2017-08-21 07:00:00 EDT,43.34087,-73.60202,324,58.1,58.4,58.1,94.4,56.5,0.000,0.000,0.00,0.000,0.0,0.6,0.1,240,0,0.7,1.4,0.2,25,21,0.0,0.6,0.1,240,0,70,29.82,,0,0,0,66.4,68.9,67.8,0.19,0.35,0.36
GFAL,2017-08-21 07:05:00 EDT,43.34087,-73.60202,324,58.5,58.6,58.5,93.7,56.7,0.000,0.000,0.00,0.000,0.0,0.0,0.0,0,0,0.8,1.3,0.3,292,21,0.0,0.0,0.0,0,0,88,29.82,,0,0,0,66.4,68.9,67.8,0.19,0.35,0.36
GFAL,2017-08-21 07:10:00 EDT,43.34087,-73.60202,324,59.0,59.0,59.0,92.7,56.9,0.000,0.000,0.00,0.000,0.5,1.8,0.5,285,3,1.1,2.2,0.4,285,13,0.5,1.8,0.5,285,3,121,29.82,,0,0,0,66.4,68.9,67.8,0.19,0.35,0.36
GFAL,2017-08-21 07:15:00 EDT,43.34087,-73.60202,324,59.4,59.4,59.4,92.7,57.3,0.000,0.000,0.00,0.000,0.1,0.7,0.2,288,81,0.6,1.2,0.3,273,20,0.1,0.7,0.2,288,81,143,29.82,,0,0,0,66.4,68.9,67.8,0.19,0.35,0.36
GFAL,2017-08-21 07:20:00 EDT,43.34087,-73.60202,324,59.9,59.7,59.9,92.0,57.6,0.000,0.000,0.00,0.000,0.0,0.0,0.0,0,0,0.5,1.7,0.3,264,48,0.0,0.0,0.0,0,0,159,29.82,,0,0,0,66.4,68.9,67.8,0.19,0.35,0.36
GFAL,2017-08-21 07:25:00 EDT,43.34087,-73.60202,324,60.3,60.0,60.3,90.8,57.5,0.000,0.000,0.00,0.000,0.0,0.0,0.0,0,0,0.5,1.7,0.3,183,62,0.0,0.0,0.0,0,0,123,29.82,,0,0,0,66.4,68.9,67.8,0.18,0.35,0.36
GFAL,2017-08-21 07:30:00 EDT,43.34087,-73.60202,324,60.6,60.5,60.6,90.7,57.9,0.000,0.000,0.00,0.000,0.0,0.0,0.0,0,0,0.4,1.0,0.2,222,53,0.0,0.0,0.0,0,0,131,29.82,,0,0,0,66.4,68.9,67.8,0.18,0.35,0.36
GFAL,2017-08-21 07:35:00 EDT,43.34087,-73.60202,324,61.2,60.9,61.2,91.1,58.6,0.000,0.000,0.00,0.000,0.0,0.0,0.0,0,0,0.5,1.3,0.2,206,25,0.0,0.0,0.0,0,0,170,29.82,,0,0,0,66.4,68.9,67.8,0.19,0.35,0.36
GFAL,2017-08-21 07:40:00 EDT,43.34087,-73.60202,324,61.7,61.4,61.7,91.1,59.0,0.000,0.000,0.00,0.000,0.0,0.0,0.0,0,0,0.8,1.5,0.3,205,23,0.0,0.0,0.0,0,0,191,29.82,,0,0,0,66.4,68.9,67.8,0.19,0.35,0.36
GFAL,2017-08-21 07:45:00 EDT,43.34087,-73.60202,324,62.3,62.0,62.3,90.2,59.4,0.000,0.000,0.00,0.000,0.0,0.0,0.0,0,0,0.6,1.4,0.2,186,28,0.0,0.0,0.0,0,0,180,29.82,,0,0,0,66.4,68.9,67.8,0.18,0.35,0.36
GFAL,2017-08-21 07:50:00 EDT,43.34087,-73.60202,324,63.1,62.7,63.1,86.2,58.9,0.000,0.000,0.00,0.000,0.1,0.8,0.2,158,0,0.8,2.6,0.4,154,36,0.1,0.8,0.2,158,0,174,29.82,,0,0,0,66.4,68.9,67.8,0.19,0.35,0.36
GFAL,2017-08-21 07:55:00 EDT,43.34087,-73.60202,324,63.1,63.1,63.1,85.7,58.8,0.000,0.000,0.00,0.000,0.0,0.4,0.1,158,0,0.7,1.4,0.3,165,47,0.0,0.4,0.1,158,0,179,29.82,,0,0,0,66.4,68.9,67.8,0.18,0.35,0.36
GFAL,2017-08-21 08:00:00 EDT,43.34087,-73.60202,324,63.1,63.1,63.1,86.1,58.9,0.000,0.000,0.00,0.000,0.0,0.0,0.0,0,0,0.6,2.6,0.4,218,62,0.0,0.0,0.0,0,0,137,29.82,,0,0,0,66.4,68.9,67.8,0.18,0.35,0.36
GFAL,2017-08-21 08:05:00 EDT,43.34087,-73.60202,324,63.6,63.5,63.6,87.4,59.8,0.000,0.000,0.00,0.000,0.0,0.0,0.0,0,0,0.5,1.8,0.3,172,67,0.0,0.0,0.0,0,0,216,29.82,,0,0,0,66.4,68.9,67.8,0.19,0.35,0.36
GFAL,2017-08-21 08:10:00 EDT,43.34087,-73.60202,324,64.9,64.6,64.9,86.2,60.6,0.000,0.000,0.00,0.000,1.9,5.0,1.8,157,8,2.4,5.7,1.6,154,21,1.9,5.0,1.8,157,8,277,29.82,,0,0,0,66.4,68.9,67.8,0.19,0.35,0.36
GFAL,2017-08-21 08:15:00 EDT,43.34087,-73.60202,324,65.3,65.2,65.3,86.2,61.1,0.000,0.000,0.00,0.000,4.1,7.9,1.4,172,16,4.6,8.3,1.3,171,17,4.1,7.9,1.4,172,16,289,29.82,,0,0,0,66.4,68.9,67.8,0.19,0.35,0.36
GFAL,2017-08-21 08:20:00 EDT,43.34087,-73.60202,324,65.5,65.4,65.5,86.6,61.4,0.000,0.000,0.00,0.000,4.2,5.8,0.8,170,10,4.7,6.9,1.1,170,11,4.2,5.8,0.8,170,10,300,29.82,,0,0,0,66.4,68.9,67.8,0.18,0.35,0.36
GFAL,2017-08-21 08:25:00 EDT,43.34087,-73.60202,324,65.9,65.6,65.9,86.0,61.6,0.000,0.000,0.00,0.000,3.6,7.0,1.6,186,24,4.1,7.5,1.6,187,24,3.6,7.0,1.6,186,24,308,29.81,,0,0,0,66.5,68.9,67.8,0.19,0.35,0.36
GFAL,2017-08-21 08:30:00 EDT,43.34087,-73.60202,324,66.0,65.8,66.0,84.7,61.2,0.000,0.000,0.00,0.000,3.2,5.9,1.2,178,27,3.6,7.5,1.3,180,27,3.2,5.9,1.2,178,27,326,29.81,,0,0,0,66.6,68.9,67.8,0.19,0.35,0.36
GFAL,2017-08-21 08:35:00 EDT,43.34087,-73.60202,324,66.3,66.2,66.3,84.9,61.7,0.000,0.000,0.00,0.000,4.3,7.7,1.4,170,12,4.6,7.6,1.6,169,12,4.3,7.7,1.4,170,12,343,29.82,,0,0,0,66.7,68.9,67.8,0.19,0.35,0.36
GFAL,2017-08-21 08:40:00 EDT,43.34087,-73.60202,324,66.4,66.1,66.4,84.0,61.4,0.000,0.000,0.00,0.000,6.0,9.9,1.9,174,11,6.6,11.5,2.0,174,11,6.0,9.9,1.9,174,11,301,29.81,,0,0,0,66.7,68.9,67.8,0.19,0.35,0.36
GFAL,2017-08-21 08:45:00 EDT,43.34087,-73.60202,324,66.5,66.3,66.5,84.0,61.5,0.000,0.000,0.00,0.000,3.1,7.0,1.7,180,30,3.8,7.6,1.7,182,32,3.1,7.0,1.7,180,30,335,29.81,,0,0,0,66.7,68.9,67.8,0.18,0.35,0.36
GFAL,2017-08-21 08:50:00 EDT,43.34087,-73.60202,324,67.1,66.7,67.1,83.5,62.0,0.000,0.000,0.00,0.000,2.5,5.6,1.4,214,28,3.0,6.6,1.4,213,28,2.5,5.6,1.4,214,28,388,29.81,,0,0,0,66.7,68.9,67.8,0.19,0.35,0.36
GFAL,2017-08-21 08:55:00 EDT,43.34087,-73.60202,324,67.7,67.3,67.7,83.3,62.4,0.000,0.000,0.00,0.000,4.9,7.9,1.5,165,14,5.2,8.7,1.6,165,15,4.9,7.9,1.5,165,14,416,29.81,,0,0,0,66.7,68.8,67.8,0.19,0.35,0.36
GFAL,2017-08-21 09:00:00 EDT,43.34087,-73.60202,324,67.7,67.2,67.7,81.2,61.8,0.000,0.000,0.00,0.000,5.0,8.0,1.6,166,18,5.5,8.9,1.7,166,15,5.0,8.0,1.6,166,18,389,29.81,,0,0,0,66.7,68.9,67.8,0.19,0.35,0.36
GFAL,2017-08-21 09:05:00 EDT,43.34087,-73.60202,324,67.7,67.2,67.7,81.0,61.7,0.000,0.000,0.00,0.000,5.3,8.3,1.6,175,17,5.8,8.8,1.9,175,17,5.3,8.3,1.6,175,17,378,29.81,,0,0,0,66.7,68.9,67.8,0.19,0.35,0.36
GFAL,2017-08-21 09:10:00 EDT,43.34087,-73.60202,324,68.1,67.5,68.1,81.1,62.1,0.000,0.000,0.00,0.000,2.1,4.0,1.0,202,24,2.6,4.5,1.0,200,27,2.1,4.0,1.0,202,24,410,29.81,,0,0,0,67.0,68.8,67.8,0.18,0.35,0.36
GFAL,2017-08-21 09:15:00 EDT,43.34087,-73.60202,324,68.3,67.8,68.3,80.2,61.9,0.000,0.000,0.00,0.000,2.9,6.3,1.6,183,24,3.3,6.7,1.5,185,26,2.9,6.3,1.6,183,24,340,29.81,,0,0,0,67.1,68.8,67.8,0.19,0.35,0.36
GFAL,2017-08-21 09:20:00 EDT,43.34087,-73.60202,324,68.5,67.8,68.5,80.2,62.1,0.000,0.000,0.00,0.000,5.1,8.5,2.1,168,11,5.6,9.2,2.1,168,10,5.1,8.5,2.1,168,11,451,29.81,,0,0,0,67.1,68.6,67.8,0.19,0.35,0.36
GFAL,2017-08-21 09:25:00 EDT,43.34087,-73.60202,324,68.9,68.1,68.9,79.5,62.3,0.000,0.000,0.00,0.000,5.8,10.0,2.6,170,11,6.4,11.3,2.7,170,12,5.8,10.0,2.6,170,11,490,29.81,,0,0,0,67.1,68.6,67.8,0.19,0.35,0.36
GFAL,2017-08-21 09:30:00 EDT,43.34087,-73.60202,324,,,,,,,,,,,,,,,,,,,,,,,,,,,,,,,,,,,,
GFAL,2017-08-21 09:35:00 EDT,43.34087,-73.60202,324,69.4,68.7,69.4,78.7,62.5,,0.000,0.00,0.000,5.2,8.5,1.7,166,16,5.9,10.1,1.8,166,16,5.2,8.5,1.7,166,16,522,29.81,,0,0,0,67.1,68.6,67.8,0.19,0.35,0.36
GFAL,2017-08-21 09:40:00 EDT,43.34087,-73.60202,324,70.0,69.1,70.0,77.7,62.7,0.000,0.000,0.00,0.000,6.4,9.3,1.7,165,11,7.1,10.9,1.8,165,10,6.4,9.3,1.7,165,11,519,29.81,,0,0,0,67.1,68.5,67.8,0.18,0.35,0.36
GFAL,2017-08-21 09:45:00 EDT,43.34087,-73.60202,324,70.3,69.5,70.3,77.5,63.0,0.000,0.000,0.00,0.000,6.6,9.4,1.6,171,11,7.1,10.3,1.7,172,10,6.6,9.4,1.6,171,11,558,29.81,,0,0,0,67.2,68.5,67.8,0.18,0.35,0.36
GFAL,2017-08-21 09:50:00 EDT,43.34087,-73.60202,324,70.4,69.6,70.4,77.6,63.0,0.000,0.000,0.00,0.000,5.7,8.8,1.9,172,15,6.3,10.2,2.0,173,15,5.7,8.8,1.9,172,15,600,29.81,,0,0,0,67.5,68.5,67.8,0.18,0.35,0.36
GFAL,2017-08-21 09:55:00 EDT,43.34087,-73.60202,324,70.8,69.9,70.8,76.2,62.9,0.000,0.000,0.00,0.000,4.4,8.0,1.7,211,22,5.1,10.0,1.7,212,21,4.4,8.0,1.7,211,22,627,29.80,,0,0,0,67.5,68.5,67.8,0.19,0.35,0.36
GFAL,2017-08-21 10:00:00 EDT,43.34087,-73.60202,324,70.8,70.1,70.8,76.4,63.0,0.000,0.000,0.00,0.000,3.9,8.3,1.9,210,25,4.8,9.8,1.9,209,24,3.9,8.3,1.9,210,25,600,29.81,,0,0,0,67.5,68.5,67.8,0.18,0.35,0.36
GFAL,2017-08-21 10:05:00 EDT,43.34087,-73.60202,324,71.2,70.3,71.2,76.1,63.3,0.000,0.000,0.00,0.000,5.4,8.8,1.4,225,15,5.6,8.3,1.5,225,14,5.4,8.8,1.4,225,15,596,29.81,,0,0,0,67.5,68.5,67.8,0.19,0.35,0.36
GFAL,2017-08-21 10:10:00 EDT,43.34087,-73.60202,324,71.6,70.7,71.6,77.5,64.2,0.000,0.000,0.00,0.000,4.6,7.4,1.6,183,26,5.3,8.1,1.7,186,25,4.6,7.4,1.6,183,26,573,29.81,,0,0,0,67.7,68.5,67.8,0.19,0.35,0.36
GFAL,2017-08-21 10:15:00 EDT,43.34087,-73.60202,324,72.2,71.2,72.2,76.1,64.3,0.000,0.000,0.00,0.000,4.6,8.4,2.0,168,20,5.3,9.5,2.2,169,22,4.6,8.4,2.0,168,20,593,29.81,,0,0,0,67.8,68.5,67.8,0.19,0.35,0.36
GFAL,2017-08-21 10:20:00 EDT,43.34087,-73.60202,324,72.3,71.2,72.3,74.7,63.8,0.000,0.000,0.00,0.000,5.9,8.8,1.4,162,11,6.4,9.4,1.4,162,12,5.9,8.8,1.4,162,11,630,29.81,,0,0,0,67.8,68.5,67.8,0.19,0.35,0.36
GFAL,2017-08-21 10:25:00 EDT,43.34087,-73.60202,324,72.7,71.4,72.7,74.0,63.9,0.000,0.000,0.00,0.000,3.7,6.6,1.3,156,32,4.2,7.4,1.5,158,32,3.7,6.6,1.3,156,32,603,29.81,,0,0,0,67.8,68.5,67.8,0.19,0.35,0.36
GFAL,2017-08-21 10:30:00 EDT,43.34087,-73.60202,324,72.2,71.2,72.2,73.7,63.3,0.000,0.000,0.00,,4.1,7.2,1.3,167,13,4.7,8.2,1.4,166,12,4.1,7.2,1.3,167,13,614,29.81,,0,0,0,67.8,68.5,67.8,0.19,0.35,0.36
GFAL,2017-08-21 10:35:00 EDT,43.34087,-73.60202,324,72.5,71.5,72.5,74.1,63.8,0.000,0.000,0.00,0.000,3.3,7.2,1.9,180,25,4.0,8.1,1.9,182,26,3.3,7.2,1.9,180,25,555,29.81,,0,0,0,68.0,68.5,67.8,0.19,0.35,0.36
GFAL,2017-08-21 10:40:00 EDT,43.34087,-73.60202,324,72.4,71.5,72.4,74.5,63.8,0.000,0.000,0.00,0.000,5.1,7.5,1.3,167,17,5.8,8.9,1.2,167,16,5.1,7.5,1.3,167,17,625,29.81,,0,0,0,68.2,68.5,67.8,0.19,0.35,0.36
GFAL,2017-08-21 10:45:00 EDT,43.34087,-73.60202,324,73.3,72.3,73.3,73.9,64.5,0.000,0.000,0.00,0.000,3.8,7.6,1.2,196,29,4.4,8.6,1.3,197,28,3.8,7.6,1.2,196,29,694,29.81,,0,0,0,68.2,68.5,67.8,0.19,0.35,0.36
GFAL,2017-08-21 10:50:00 EDT,43.34087,-73.60202,324,73.9,72.8,73.9,73.9,65.1,0.000,0.000,0.00,0.000,3.4,8.2,1.6,198,31,4.2,8.9,1.5,198,30,3.4,8.2,1.6,198,31,638,29.81,,0,0,0,68.2,68.5,67.8,0.19,0.35,0.36
GFAL,2017-08-21 10:55:00 EDT,43.34087,-73.60202,324,73.7,72.8,73.7,72.8,64.5,0.000,0.000,0.00,0.000,4.0,6.2,1.0,193,27,4.4,6.9,1.3,194,26,4.0,6.2,1.0,193,27,688,29.81,,0,0,0,68.4,68.5,67.8,0.19,0.35,0.36
GFAL,2017-08-21 11:00:00 EDT,43.34087,-73.60202,324,74.4,73.3,74.4,72.5,65.0,0.000,0.000,0.00,0.000,4.3,8.7,1.5,189,29,4.8,9.6,1.7,188,29,4.3,8.7,1.5,189,29,695,29.81,,0,0,0,68.5,68.5,67.8,0.19,0.35,0.36
GFAL,2017-08-21 11:05:00 EDT,43.34087,-73.60202,324,74.6,73.5,74.6,71.3,64.7,0.000,0.000,0.00,0.000,4.4,10.5,2.7,186,25,4.8,12.5,2.8,187,25,4.4,10.5,2.7,186,25,707,29.81,,0,0,0,68.5,68.5,67.8,0.19,0.35,0.36
GFAL,2017-08-21 11:10:00 EDT,43.34087,-73.60202,324,75.1,74.3,75.1,72.0,65.5,0.000,0.000,0.00,0.000,2.8,5.3,1.2,198,35,3.8,6.9,1.5,203,32,2.8,5.3,1.2,198,35,717,29.81,,0,0,0,68.5,68.5,67.8,0.19,0.35,0.36
GFAL,2017-08-21 11:15:00 EDT,43.34087,-73.60202,324,75.5,74.5,75.5,71.8,65.7,0.000,0.000,0.00,0.000,6.0,10.7,2.2,166,17,6.7,11.8,2.3,168,17,6.0,10.7,2.2,166,17,717,29.80,,0,0,0,68.6,68.5,67.8,0.19,0.35,0.36
GFAL,2017-08-21 11:20:00 EDT,43.34087,-73.60202,324,75.8,74.4,75.8,70.4,65.5,0.000,0.000,0.00,0.000,6.3,9.6,1.8,169,22,6.9,11.5,2.1,169,19,6.3,9.6,1.8,169,22,725,29.80,,0,0,0,68.8,68.5,67.8,0.19,0.35,0.36
GFAL,2017-08-21 11:25:00 EDT,43.34087,-73.60202,324,76.0,74.7,76.0,69.6,65.3,0.000,0.000,0.00,0.000,6.3,9.8,1.9,178,16,6.9,11.5,2.2,177,13,6.3,9.8,1.9,178,16,730,29.80,,0,0,0,68.9,68.5,67.8,0.19,0.35,0.36
GFAL,2017-08-21 11:30:00 EDT,43.34087,-73.60202,324,75.7,74.6,75.7,69.4,65.0,0.000,0.000,0.00,0.000,6.3,10.9,2.3,175,20,6.7,12.3,2.6,176,20,6.3,10.9,2.3,175,20,735,29.80,,0,0,0,68.9,68.5,67.8,0.19,0.35,0.36
GFAL,2017-08-21 11:35:00 EDT,43.34087,-73.60202,324,76.0,74.9,76.0,68.9,65.1,0.000,0.000,0.00,0.000,6.7,11.3,2.4,175,15,7.5,13.8,2.6,178,15,6.7,11.3,2.4,175,15,740,29.80,,0,0,0,68.9,68.5,67.8,0.19,0.35,0.36
GFAL,2017-08-21 11:40:00 EDT,43.34087,-73.60202,324,76.9,75.5,76.9,69.3,66.1,0.000,0.000,0.00,0.000,7.1,12.1,2.1,168,18,7.6,14.0,2.5,169,16,7.1,12.1,2.1,168,18,747,29.79,,0,0,0,69.2,68.5,67.8,0.19,0.35,0.36
GFAL,2017-08-21 11:45:00 EDT,43.34087,-73.60202,324,77.0,75.8,77.0,67.4,65.4,0.000,0.000,0.00,0.000,4.3,8.5,2.0,201,27,5.0,11.9,2.1,198,27,4.3,8.5,2.0,201,27,753,29.79,,0,0,0,69.3,68.5,67.8,0.19,0.35,0.36
GFAL,2017-08-21 11:50:00 EDT,43.34087,-73.60202,324,77.5,76.3,77.5,67.7,65.9,0.000,0.000,0.00,0.000,5.8,11.5,2.9,184,20,6.5,11.8,2.7,185,22,5.8,11.5,2.9,184,20,756,29.79,,0,0,0,69.3,68.5,67.8,0.19,0.35,0.36
GFAL,2017-08-21 11:55:00 EDT,43.34087,-73.60202,324,77.3,76.3,77.3,66.3,65.2,0.000,0.000,0.00,0.000,4.4,8.2,1.8,186,25,4.9,9.7,2.0,188,23,4.4,8.2,1.8,186,25,765,29.79,,0,0,0,69.3,68.5,67.8,0.19,0.35,0.36
GFAL,2017-08-21 12:00:00 EDT,43.34087,-73.60202,324,77.8,76.8,77.8,65.9,65.5,0.000,0.000,0.00,0.000,5.1,10.1,2.0,213,19,5.9,10.1,1.8,215,17,5.1,10.1,2.0,213,19,769,29.78,,0,0,0,69.3,68.5,67.8,0.19,0.35,0.36
GFAL,2017-08-21 12:05:00 EDT,43.34087,-73.60202,324,78.4,77.0,78.4,67.7,66.8,0.000,0.000,0.00,0.000,7.4,11.1,1.6,165,23,8.1,12.7,1.8,166,22,7.4,11.1,1.6,165,23,779,29.78,,0,0,0,69.6,68.5,67.8,0.19,0.35,0.36
GFAL,2017-08-21 12:10:00 EDT,43.34087,-73.60202,324,78.6,77.3,78.6,65.9,66.3,0.000,0.000,0.00,0.000,5.6,10.4,2.3,163,20,6.5,12.3,2.4,163,19,5.6,10.4,2.3,163,20,783,29.78,,0,0,0,69.6,68.5,67.8,0.19,0.35,0.36
GFAL,2017-08-21 12:15:00 EDT,43.34087,-73.60202,324,78.8,77.6,78.8,65.9,66.4,0.000,0.000,0.00,0.000,5.1,10.2,1.9,167,25,6.1,10.9,2.1,168,23,5.1,10.2,1.9,167,25,807,29.78,,0,0,0,69.6,68.5,67.8,0.19,0.35,0.36
GFAL,2017-08-21 12:20:00 EDT,43.34087,-73.60202,324,78.4,77.3,78.4,65.4,65.8,0.000,0.000,0.00,0.000,6.7,10.9,1.9,175,16,7.2,11.7,2.1,175,15,6.7,10.9,1.9,175,16,634,29.77,,0,0,0,69.8,68.5,67.8,0.19,0.35,0.36
GFAL,2017-08-21 12:25:00 EDT,43.34087,-73.60202,324,78.5,77.5,78.5,65.7,66.1,0.000,0.000,0.00,0.000,4.0,10.2,2.4,181,22,4.5,11.6,2.6,181,21,4.0,10.2,2.4,181,22,705,29.77,,0,0,0,70.0,68.5,67.8,0.19,0.35,0.36
GFAL,2017-08-21 12:30:00 EDT,43.34087,-73.60202,324,78.6,77.5,78.6,64.9,65.8,0.000,0.000,0.00,0.000,5.5,10.5,2.5,180,23,6.1,11.8,2.6,181,22,5.5,10.5,2.5,180,23,785,29.77,,0,0,0,70.0,68.5,67.8,0.19,0.35,0.36
GFAL,2017-08-21 12:35:00 EDT,43.34087,-73.60202,324,79.1,78.0,79.1,64.5,66.1,0.000,0.000,0.00,0.000,6.4,13.9,2.8,188,28,7.2,16.2,2.9,188,26,6.4,13.9,2.8,188,28,797,29.77,,0,0,0,70.0,68.5,67.8,0.19,0.35,0.36
GFAL,2017-08-21 12:40:00 EDT,43.34087,-73.60202,324,78.8,78.0,78.8,63.9,65.6,0.000,0.000,0.00,0.000,6.3,10.8,1.9,173,13,6.5,11.9,2.2,175,14,6.3,10.8,1.9,173,13,796,29.77,,0,0,0,70.3,68.5,67.8,0.19,0.34,0.36
GFAL,2017-08-21 12:45:00 EDT,43.34087,-73.60202,324,79.4,78.4,79.4,64.1,66.2,0.000,0.000,0.00,0.000,5.0,11.3,2.3,190,26,5.7,12.8,2.5,191,25,5.0,11.3,2.3,190,26,788,29.77,,0,0,0,70.3,68.5,67.8,0.19,0.35,0.36
GFAL,2017-08-21 12:50:00 EDT,43.34087,-73.60202,324,79.6,78.7,79.6,63.2,66.0,0.000,0.000,0.00,0.000,3.0,8.2,1.7,195,29,3.8,9.6,1.8,200,27,3.0,8.2,1.7,195,29,765,29.77,,0,0,0,70.3,68.5,67.8,0.19,0.34,0.36
GFAL,2017-08-21 12:55:00 EDT,43.34087,-73.60202,324,79.9,78.9,79.9,63.5,66.4,0.000,0.000,0.00,0.000,6.1,10.9,2.5,170,17,6.8,12.8,2.9,170,15,6.1,10.9,2.5,170,17,790,29.76,,0,0,0,70.7,68.5,67.8,0.19,0.34,0.36
GFAL,2017-08-21 13:00:00 EDT,43.34087,-73.60202,324,80.0,78.9,82.2,63.0,66.3,0.000,0.000,0.00,0.000,6.7,11.1,2.4,171,18,7.3,12.3,2.6,172,15,6.7,11.1,2.4,171,18,812,29.76,,0,0,0,70.7,68.5,67.8,0.19,0.35,0.36
GFAL,2017-08-21 13:05:00 EDT,43.34087,-73.60202,324,80.4,79.0,82.7,63.2,66.7,0.000,0.000,0.00,0.000,6.1,11.3,2.2,169,16,6.7,12.0,2.3,169,18,6.1,11.3,2.2,169,16,817,29.76,,0,0,0,70.7,68.5,67.8,0.19,0.34,0.36
GFAL,2017-08-21 13:10:00 EDT,43.34087,-73.60202,324,80.4,79.3,82.6,62.4,66.4,0.000,0.000,0.00,0.000,5.8,11.3,2.6,174,26,6.7,12.4,2.5,173,24,5.8,11.3,2.6,174,26,817,29.76,,0,0,0,70.8,68.5,67.8,0.19,0.34,0.36
GFAL,2017-08-21 13:15:00 EDT,43.34087,-73.60202,324,79.9,79.2,79.9,60.7,65.2,0.000,0.000,0.00,0.000,4.7,10.0,1.7,198,25,5.3,11.7,2.0,199,22,4.7,10.0,1.7,198,25,811,29.76,,0,0,0,71.1,68.5,67.8,0.19,0.35,0.36
GFAL,2017-08-21 13:20:00 EDT,43.34087,-73.60202,324,80.2,79.2,82.2,61.3,65.7,0.000,0.000,0.00,0.000,5.1,11.2,2.2,201,27,6.0,12.6,2.3,201,25,5.1,11.2,2.2,201,27,804,29.76,,0,0,0,71.1,68.5,67.8,0.19,0.34,0.36
GFAL,2017-08-21 13:25:00 EDT,43.34087,-73.60202,324,80.5,79.6,82.6,61.9,66.2,0.000,0.000,0.00,0.000,5.2,10.9,2.3,183,25,6.1,15.1,2.8,182,21,5.2,10.9,2.3,183,25,803,29.75,,0,0,0,71.1,68.5,67.8,0.19,0.34,0.36
GFAL,2017-08-21 13:30:00 EDT,43.34087,-73.60202,324,80.9,79.8,83.2,61.4,66.4,0.000,0.000,0.00,0.000,5.7,10.7,1.7,174,16,6.4,11.8,1.9,173,14,5.7,10.7,1.7,174,16,789,29.75,,0,0,0,71.4,68.5,67.8,0.19,0.34,0.36
GFAL,2017-08-21 13:35:00 EDT,43.34087,-73.60202,324,81.2,80.2,83.3,59.8,65.9,0.000,0.000,0.00,0.000,6.2,10.9,2.4,192,26,7.0,11.8,2.4,191,25,6.2,10.9,2.4,192,26,764,29.75,,0,0,0,71.4,68.5,67.8,0.19,0.34,0.36
GFAL,2017-08-21 13:40:00 EDT,43.34087,-73.60202,324,81.3,80.3,83.7,61.1,66.7,0.000,0.000,0.00,0.000,7.0,11.3,2.6,171,18,7.6,12.0,2.6,173,18,7.0,11.3,2.6,171,18,728,29.75,,0,0,0,71.4,68.5,67.8,0.19,0.34,0.36
GFAL,2017-08-21 13:45:00 EDT,43.34087,-73.60202,324,81.7,80.8,84.1,60.3,66.6,0.000,0.000,0.00,0.000,7.1,11.7,2.4,174,17,7.9,14.1,2.8,177,17,7.1,11.7,2.4,174,17,687,29.75,,0,0,0,71.6,68.5,67.8,0.19,0.34,0.36
GFAL,2017-08-21 13:50:00 EDT,43.34087,-73.60202,324,81.3,80.5,83.4,60.1,66.1,0.000,0.000,0.00,0.000,4.3,10.7,2.3,181,25,5.1,13.6,2.7,183,22,4.3,10.7,2.3,181,25,644,29.75,,0,0,0,71.8,68.5,67.8,0.19,0.34,0.36
GFAL,2017-08-21 13:55:00 EDT,43.34087,-73.60202,324,81.9,81.0,84.4,61.0,67.1,0.000,0.000,0.00,0.000,5.0,11.0,2.8,191,28,5.7,11.9,2.9,192,27,5.0,11.0,2.8,191,28,599,29.75,,0,0,0,71.8,68.5,67.8,0.19,0.35,0.36
GFAL,2017-08-21 14:00:00 EDT,43.34087,-73.60202,324,81.6,80.9,84.0,60.8,66.7,0.000,0.000,0.00,0.000,6.5,11.5,2.6,173,20,7.0,12.7,2.8,175,20,6.5,11.5,2.6,173,20,548,29.75,,0,0,0,71.8,68.5,67.8,0.19,0.34,0.36
GFAL,2017-08-21 14:05:00 EDT,43.34087,-73.60202,324,81.4,80.8,83.5,59.5,65.9,0.000,0.000,0.00,0.000,5.8,10.0,1.7,192,24,6.5,11.1,2.0,191,23,5.8,10.0,1.7,192,24,501,29.74,,0,0,0,72.2,68.5,67.8,0.19,0.34,0.36
GFAL,2017-08-21 14:10:00 EDT,43.34087,-73.60202,324,81.4,81.0,83.7,60.5,66.5,0.000,0.000,0.00,0.000,8.3,13.7,2.5,169,13,9.1,14.6,2.8,171,11,8.3,13.7,2.5,169,13,456,29.74,,0,0,0,72.3,68.5,67.8,0.19,0.34,0.36
GFAL,2017-08-21 14:15:00 EDT,43.34087,-73.60202,324,81.2,80.7,83.5,61.6,66.7,0.000,0.000,0.00,0.000,8.7,12.0,1.5,167,9,9.3,13.2,1.7,168,9,8.7,12.0,1.5,167,9,407,29.74,,0,0,0,72.3,68.5,67.8,0.19,0.34,0.36
GFAL,2017-08-21 14:20:00 EDT,43.34087,-73.60202,324,80.7,80.5,83.0,61.8,66.4,0.000,0.000,0.00,0.000,9.7,13.9,1.9,171,8,10.4,15.2,2.1,172,7,9.7,13.9,1.9,171,8,361,29.74,,0,0,0,72.3,68.5,67.8,0.19,0.34,0.36
GFAL,2017-08-21 14:25:00 EDT,43.34087,-73.60202,324,80.5,80.3,82.7,62.2,66.4,0.000,0.000,0.00,0.000,9.7,13.2,1.8,169,9,10.4,14.7,2.2,169,9,9.7,13.2,1.8,169,9,320,29.74,,0,0,0,72.3,68.5,67.8,0.19,0.35,0.36
GFAL,2017-08-21 14:30:00 EDT,43.34087,-73.60202,324,80.2,80.2,82.4,62.6,66.3,0.000,0.000,0.00,0.000,10.5,15.3,2.0,166,10,11.1,16.4,2.3,167,8,10.5,15.3,2.0,166,10,287,29.73,,0,0,0,72.3,68.5,67.8,0.19,0.35,0.36
GFAL,2017-08-21 14:35:00 EDT,43.34087,-73.60202,324,80.1,80.1,82.3,63.6,66.6,0.000,0.000,0.00,0.000,9.5,12.4,1.4,166,9,10.0,13.2,1.5,166,8,9.5,12.4,1.4,166,9,259,29.73,,0,0,0,72.3,68.5,67.8,0.19,0.35,0.35
GFAL,2017-08-21 14:40:00 EDT,43.34087,-73.60202,324,79.8,79.9,79.8,64.7,66.8,0.000,0.000,0.00,0.000,8.2,12.8,1.8,164,10,8.7,12.5,1.9,163,10,8.2,12.8,1.8,164,10,240,29.73,,0,0,0,72.5,68.5,67.8,0.19,0.34,0.35
GFAL,2017-08-21 14:45:00 EDT,43.34087,-73.60202,324,79.5,79.6,79.5,65.3,66.9,0.000,0.000,0.00,0.000,8.7,12.5,1.4,163,11,9.3,13.3,1.6,164,10,8.7,12.5,1.4,163,11,235,29.73,,0,0,0,72.7,68.5,67.8,0.19,0.35,0.35
GFAL,2017-08-21 14:50:00 EDT,43.34087,-73.60202,324,79.3,79.3,79.3,66.1,67.0,0.000,0.000,0.00,0.000,8.9,11.4,1.4,164,8,9.6,12.8,1.6,164,7,8.9,11.4,1.4,164,8,240,29.73,,0,0,0,72.6,68.5,67.8,0.19,0.34,0.35
GFAL,2017-08-21 14:55:00 EDT,43.34087,-73.60202,324,79.3,79.3,79.3,65.7,66.8,0.000,0.000,0.00,0.000,7.5,11.5,2.0,162,13,8.2,12.8,2.1,162,11,7.5,11.5,2.0,162,13,255,29.73,,0,0,0,72.7,68.5,67.8,0.19,0.35,0.35
GFAL,2017-08-21 15:00:00 EDT,43.34087,-73.60202,324,79.5,79.5,79.5,65.7,67.0,0.000,0.000,0.00,0.000,7.1,10.9,1.6,161,12,7.8,11.9,1.7,161,12,7.1,10.9,1.6,161,12,278,29.73,,0,0,0,72.7,68.5,67.8,0.19,0.35,0.35
GFAL,2017-08-21 15:05:00 EDT,43.34087,-73.60202,324,79.5,79.4,79.5,66.9,67.6,0.000,0.000,0.00,0.000,7.7,11.5,1.5,166,11,8.3,12.8,1.7,166,9,7.7,11.5,1.5,166,11,310,29.73,,0,0,0,72.7,68.5,67.8,0.19,0.34,0.35
GFAL,2017-08-21 15:10:00 EDT,43.34087,-73.60202,324,79.7,79.5,79.7,66.5,67.6,0.000,0.000,0.00,0.000,8.7,11.8,1.3,170,8,9.3,12.6,1.4,170,7,8.7,11.8,1.3,170,8,345,29.73,,0,0,0,72.6,68.5,67.8,0.19,0.35,0.35
GFAL,2017-08-21 15:15:00 EDT,43.34087,-73.60202,324,79.9,79.5,79.9,65.6,67.3,0.000,0.000,0.00,0.000,8.6,12.6,2.0,173,12,9.2,13.4,2.2,173,9,8.6,12.6,2.0,173,12,384,29.72,,0,0,0,72.6,68.5,67.8,0.19,0.35,0.35
GFAL,2017-08-21 15:20:00 EDT,43.34087,-73.60202,324,80.3,79.8,82.9,66.0,67.9,0.000,0.000,0.00,0.000,9.7,12.6,1.3,165,7,10.2,13.9,1.5,165,7,9.7,12.6,1.3,165,7,423,29.72,,0,0,0,72.6,68.5,67.8,0.19,0.35,0.35
GFAL,2017-08-21 15:25:00 EDT,43.34087,-73.60202,324,80.6,80.0,83.2,65.1,67.8,0.000,0.000,0.00,0.000,8.3,12.1,1.7,164,10,8.8,13.0,1.8,164,9,8.3,12.1,1.7,164,10,454,29.72,,0,0,0,72.5,68.5,67.8,0.19,0.35,0.35
GFAL,2017-08-21 15:30:00 EDT,43.34087,-73.60202,324,80.9,80.4,83.7,64.6,67.9,0.000,0.000,0.00,0.000,6.3,10.7,2.2,170,15,6.8,11.4,2.3,170,15,6.3,10.7,2.2,170,15,485,29.72,,0,0,0,72.6,68.5,67.8,0.19,0.35,0.35
GFAL,2017-08-21 15:35:00 EDT,43.34087,-73.60202,324,81.3,80.7,84.0,63.6,67.8,0.000,0.000,0.00,0.000,5.2,9.6,2.1,182,20,5.7,11.1,2.3,182,18,5.2,9.6,2.1,182,20,517,29.72,,0,0,0,72.5,68.5,67.8,0.19,0.35,0.35
GFAL,2017-08-21 15:40:00 EDT,43.34087,-73.60202,324,81.6,81.1,84.2,62.5,67.5,0.000,0.000,0.00,0.000,3.8,9.1,2.1,183,28,4.6,9.2,2.1,186,24,3.8,9.1,2.1,183,28,541,29.72,,0,0,0,72.6,68.5,67.8,0.19,0.35,0.36
GFAL,2017-08-21 15:45:00 EDT,43.34087,-73.60202,324,82.3,81.6,85.3,62.6,68.2,0.000,0.000,0.00,0.000,3.5,7.5,1.6,188,27,4.3,9.6,2.0,192,26,3.5,7.5,1.6,188,27,559,29.72,,0,0,0,72.7,68.5,67.8,0.19,0.35,0.36
GFAL,2017-08-21 15:50:00 EDT,43.34087,-73.60202,324,82.6,82.0,85.3,59.4,67.1,0.000,0.000,0.00,0.000,3.9,9.4,2.0,200,30,4.4,9.9,2.2,201,30,3.9,9.4,2.0,200,30,577,29.72,,0,0,0,72.7,68.5,67.8,0.19,0.35,0.36
GFAL,2017-08-21 15:55:00 EDT,43.34087,-73.60202,324,82.9,82.3,84.8,55.4,65.3,0.000,0.000,0.00,0.000,4.9,10.7,2.3,193,28,6.1,12.2,2.6,195,22,4.9,10.7,2.3,193,28,586,29.72,,0,0,0,72.7,68.5,67.8,0.19,0.35,0.36
GFAL,2017-08-21 16:00:00 EDT,43.34087,-73.60202,324,83.0,82.4,84.8,55.0,65.1,0.000,0.000,0.00,0.000,5.8,12.0,2.7,213,21,6.9,13.4,2.8,211,19,5.8,12.0,2.7,213,21,581,29.72,,0,0,0,72.7,68.5,67.8,0.19,0.35,0.36
GFAL,2017-08-21 16:05:00 EDT,43.34087,-73.60202,324,83.3,82.8,84.4,50.6,63.1,0.000,0.000,0.00,0.000,8.2,17.7,4.0,222,20,9.4,19.1,3.9,220,20,8.2,17.7,4.0,222,20,573,29.72,,0,0,0,72.7,68.5,67.8,0.19,0.35,0.36
GFAL,2017-08-21 16:10:00 EDT,43.34087,-73.60202,324,83.6,83.1,84.8,50.8,63.5,0.000,0.000,0.00,0.000,5.5,12.2,2.3,221,20,6.6,13.6,2.1,221,19,5.5,12.2,2.3,221,20,560,29.72,,0,0,0,72.7,68.5,67.8,0.19,0.35,0.36
GFAL,2017-08-21 16:15:00 EDT,43.34087,-73.60202,324,83.6,83.1,84.4,48.8,62.3,0.000,0.000,0.00,0.000,7.2,14.2,2.9,224,22,8.1,16.2,2.8,221,19,7.2,14.2,2.9,224,22,551,29.72,,0,0,0,72.7,68.5,67.8,0.19,0.35,0.36
GFAL,2017-08-21 16:20:00 EDT,43.34087,-73.60202,324,83.7,83.2,84.5,48.6,62.3,0.000,0.000,0.00,0.000,7.6,13.4,2.5,221,16,8.3,15.1,2.5,219,16,7.6,13.4,2.5,221,16,538,29.72,,0,0,0,72.7,68.5,67.8,0.19,0.35,0.35
GFAL,2017-08-21 16:25:00 EDT,43.34087,-73.60202,324,83.8,83.3,84.7,49.2,62.7,0.000,0.000,0.00,0.000,6.9,12.3,2.5,222,18,7.8,13.3,2.5,218,16,6.9,12.3,2.5,222,18,523,29.72,,0,0,0,72.7,68.5,67.8,0.19,0.35,0.35
GFAL,2017-08-21 16:30:00 EDT,43.34087,-73.60202,324,83.8,83.4,84.6,48.6,62.4,0.000,0.000,0.00,0.000,7.1,12.4,2.1,214,24,7.9,14.4,2.5,215,20,7.1,12.4,2.1,214,24,510,29.72,,0,0,0,72.8,68.5,67.8,0.19,0.35,0.35
GFAL,2017-08-21 16:35:00 EDT,43.34087,-73.60202,324,84.0,83.5,84.9,48.9,62.7,0.000,0.000,0.00,0.000,7.3,13.0,2.2,229,17,7.9,12.4,2.1,226,16,7.3,13.0,2.2,229,17,497,29.72,,0,0,0,73.0,68.5,67.8,0.19,0.35,0.35
GFAL,2017-08-21 16:40:00 EDT,43.34087,-73.60202,324,84.0,83.5,85.1,49.9,63.3,0.000,0.000,0.00,0.000,4.8,7.8,1.6,220,22,5.5,8.5,1.6,221,19,4.8,7.8,1.6,220,22,484,29.71,,0,0,0,73.0,68.5,67.8,0.19,0.35,0.35
GFAL,2017-08-21 16:45:00 EDT,43.34087,-73.60202,324,84.0,83.6,85.2,50.3,63.5,0.000,0.000,0.00,0.000,6.1,13.1,3.3,216,22,6.6,13.2,3.3,214,18,6.1,13.1,3.3,216,22,469,29.71,,0,0,0,73.0,68.5,67.8,0.19,0.35,0.35
GFAL,2017-08-21 16:50:00 EDT,43.34087,-73.60202,324,84.0,83.6,85.1,49.8,63.3,0.000,0.000,0.00,0.000,6.2,13.5,3.1,224,19,6.8,15.2,3.1,223,18,6.2,13.5,3.1,224,19,454,29.71,,0,0,0,73.0,68.5,67.8,0.19,0.35,0.35
GFAL,2017-08-21 16:55:00 EDT,43.34087,-73.60202,324,83.6,83.1,85.7,55.1,65.8,0.000,0.000,0.00,0.000,5.0,9.5,2.1,185,21,5.2,10.6,2.3,184,24,5.0,9.5,2.1,185,21,440,29.71,,0,0,0,73.0,68.5,67.8,0.19,0.35,0.35
GFAL,2017-08-21 17:00:00 EDT,43.34087,-73.60202,324,82.9,82.4,85.3,57.9,66.5,0.000,0.000,0.00,0.000,6.6,10.7,2.1,172,14,7.0,13.0,2.7,171,12,6.6,10.7,2.1,172,14,421,29.71,,0,0,0,73.0,68.5,67.8,0.19,0.35,0.35
GFAL,2017-08-21 17:05:00 EDT,43.34087,-73.60202,324,82.9,82.5,85.3,57.4,66.3,0.000,0.000,0.00,0.000,4.3,7.5,1.4,201,28,5.2,10.1,1.7,196,24,4.3,7.5,1.4,201,28,411,29.71,,0,0,0,73.0,68.5,67.8,0.19,0.35,0.35
GFAL,2017-08-21 17:10:00 EDT,43.34087,-73.60202,324,82.9,82.4,85.5,59.1,67.2,0.000,0.000,0.00,0.000,5.2,8.5,1.6,178,22,5.7,9.9,1.8,179,23,5.2,8.5,1.6,178,22,391,29.70,,0,0,0,73.0,68.5,67.8,0.19,0.35,0.35
GFAL,2017-08-21 17:15:00 EDT,43.34087,-73.60202,324,83.0,82.5,86.0,60.1,67.8,0.000,0.000,0.00,0.000,3.2,7.2,1.7,186,27,3.5,8.2,2.0,187,28,3.2,7.2,1.7,186,27,379,29.71,,0,0,0,73.0,68.5,67.8,0.19,0.35,0.36
GFAL,2017-08-21 17:20:00 EDT,43.34087,-73.60202,324,82.9,82.4,85.3,57.7,66.4,0.000,0.000,0.00,0.000,5.2,10.3,2.6,184,26,5.7,11.9,2.6,185,22,5.2,10.3,2.6,184,26,369,29.71,,0,0,0,73.0,68.5,67.8,0.19,0.35,0.35
GFAL,2017-08-21 17:25:00 EDT,43.34087,-73.60202,324,82.7,82.3,85.0,57.8,66.3,0.000,0.000,0.00,0.000,5.2,9.4,2.0,190,26,6.0,11.3,2.1,188,23,5.2,9.4,2.0,190,26,350,29.71,,0,0,0,73.0,68.5,67.8,0.19,0.35,0.35
GFAL,2017-08-21 17:30:00 EDT,43.34087,-73.60202,324,82.7,82.4,85.2,58.8,66.8,0.000,0.000,0.00,0.000,4.2,6.6,1.2,182,18,4.6,7.7,1.4,183,18,4.2,6.6,1.2,182,18,334,29.71,,0,0,0,73.1,68.5,67.8,0.19,0.35,0.35
GFAL,2017-08-21 17:35:00 EDT,43.34087,-73.60202,324,82.6,82.4,85.0,58.4,66.5,0.000,0.000,0.00,0.000,7.1,14.8,3.3,172,14,7.6,15.2,3.3,172,14,7.1,14.8,3.3,172,14,322,29.70,,0,0,0,73.1,68.5,67.8,0.19,0.35,0.36
GFAL,2017-08-21 17:40:00 EDT,43.34087,-73.60202,324,82.6,82.3,85.3,59.6,67.1,0.000,0.000,0.00,0.000,3.7,6.9,1.4,192,29,4.1,7.8,1.7,190,27,3.7,6.9,1.4,192,29,308,29.70,,0,0,0,73.3,68.5,67.8,0.19,0.35,0.35
GFAL,2017-08-21 17:45:00 EDT,43.34087,-73.60202,324,82.5,82.2,84.8,58.5,66.5,0.000,0.000,0.00,0.000,6.7,11.5,3.0,177,18,7.1,13.4,3.3,176,16,6.7,11.5,3.0,177,18,293,29.70,,0,0,0,73.4,68.5,67.8,0.19,0.35,0.35
GFAL,2017-08-21 17:50:00 EDT,43.34087,-73.60202,324,82.2,82.1,84.8,60.2,67.0,0.000,0.000,0.00,0.000,7.0,10.6,1.8,164,12,7.5,11.5,1.8,164,10,7.0,10.6,1.8,164,12,276,29.69,,0,0,0,73.4,68.5,67.8,0.19,0.35,0.35
GFAL,2017-08-21 17:55:00 EDT,43.34087,-73.60202,324,82.1,82.1,84.5,60.1,66.8,0.000,0.000,0.00,0.000,7.5,10.5,1.5,170,9,8.0,11.8,1.7,169,9,7.5,10.5,1.5,170,9,261,29.69,,0,0,0,73.4,68.5,67.8,0.19,0.35,0.35
GFAL,2017-08-21 18:00:00 EDT,43.34087,-73.60202,324,81.9,82.0,84.2,59.5,66.4,0.000,0.000,0.00,0.000,8.0,11.1,1.8,171,11,8.5,12.2,2.2,170,11,8.0,11.1,1.8,171,11,246,29.69,,0,0,0,73.4,68.5,67.8,0.19,0.35,0.36
GFAL,2017-08-21 18:05:00 EDT,43.34087,-73.60202,324,81.8,81.9,84.2,60.6,66.8,0.000,0.000,0.00,0.000,6.8,9.4,1.4,171,9,7.1,10.4,1.7,172,7,6.8,9.4,1.4,171,9,234,29.69,,0,0,0,73.4,68.5,67.8,0.19,0.35,0.35
GFAL,2017-08-21 18:10:00 EDT,43.34087,-73.60202,324,81.7,81.7,84.1,61.0,66.9,0.000,0.000,0.00,0.000,5.2,8.5,2.1,173,16,5.7,9.6,2.1,173,17,5.2,8.5,2.1,173,16,220,29.69,,0,0,0,73.4,68.5,67.8,0.19,0.35,0.35
GFAL,2017-08-21 18:15:00 EDT,43.34087,-73.60202,324,81.6,81.6,84.2,61.5,67.2,0.000,0.000,0.00,0.000,4.4,7.5,1.8,176,18,4.8,7.9,1.9,177,17,4.4,7.5,1.8,176,18,203,29.69,,0,0,0,73.4,68.5,67.8,0.19,0.35,0.35
GFAL,2017-08-21 18:20:00 EDT,43.34087,-73.60202,324,81.5,81.4,84.0,61.8,67.1,0.000,0.000,0.00,0.000,3.2,6.6,1.6,181,24,3.7,7.5,1.5,182,25,3.2,6.6,1.6,181,24,180,29.69,,0,0,0,73.4,68.5,67.8,0.19,0.35,0.35
GFAL,2017-08-21 18:25:00 EDT,43.34087,-73.60202,324,81.2,81.2,83.7,62.2,67.1,0.000,0.000,0.00,0.000,4.7,7.9,1.7,175,12,4.8,9.2,2.0,174,12,4.7,7.9,1.7,175,12,172,29.69,,0,0,0,73.4,68.5,67.8,0.19,0.35,0.35
GFAL,2017-08-21 18:30:00 EDT,43.34087,-73.60202,324,80.9,81.1,83.3,62.1,66.7,0.000,0.000,0.00,0.000,6.9,10.6,1.4,171,9,7.3,10.9,1.7,171,10,6.9,10.6,1.4,171,9,160,29.69,,0,0,0,73.4,68.5,67.8,0.19,0.35,0.35
GFAL,2017-08-21 18:35:00 EDT,43.34087,-73.60202,324,80.6,81.0,82.9,63.3,66.9,0.000,0.000,0.00,0.000,7.0,10.0,1.7,173,11,7.3,10.9,1.7,173,11,7.0,10.0,1.7,173,11,147,29.69,,0,0,0,73.4,68.5,67.8,0.19,0.35,0.35
GFAL,2017-08-21 18:40:00 EDT,43.34087,-73.60202,324,80.5,80.8,82.8,63.4,66.9,0.000,0.000,0.00,0.000,6.3,10.0,1.6,174,7,6.5,10.2,1.8,173,7,6.3,10.0,1.6,174,7,132,29.69,,0,0,0,73.4,68.5,67.8,0.19,0.35,0.35
GFAL,2017-08-21 18:45:00 EDT,43.34087,-73.60202,324,80.3,80.7,82.5,63.3,66.7,0.000,0.000,0.00,0.000,5.5,9.5,1.9,175,14,5.9,9.4,2.2,174,14,5.5,9.5,1.9,175,14,120,29.69,,0,0,0,73.2,68.5,67.8,0.19,0.35,0.35
GFAL,2017-08-21 18:50:00 EDT,43.34087,-73.60202,324,79.9,80.4,79.9,64.7,67.0,0.000,0.000,0.00,0.000,4.6,7.8,1.4,173,12,4.8,8.0,1.5,174,12,4.6,7.8,1.4,173,12,107,29.69,,0,0,0,73.1,68.5,67.8,0.19,0.35,0.35
GFAL,2017-08-21 18:55:00 EDT,43.34087,-73.60202,324,79.4,80.1,79.4,66.8,67.4,0.000,0.000,0.00,0.000,4.7,6.9,0.9,171,7,4.9,7.8,1.2,171,8,4.7,6.9,0.9,171,7,96,29.69,,0,0,0,73.0,68.5,67.8,0.19,0.35,0.35
GFAL,2017-08-21 19:00:00 EDT,43.34087,-73.60202,324,79.4,79.9,79.4,66.6,67.3,0.000,0.000,0.00,0.000,4.6,8.3,2.1,173,12,4.9,9.2,2.3,173,12,4.6,8.3,2.1,173,12,83,29.69,,0,0,0,73.0,68.5,67.8,0.19,0.35,0.35
GFAL,2017-08-21 19:05:00 EDT,43.34087,-73.60202,324,78.8,79.7,78.8,67.1,67.0,0.000,0.000,0.00,0.000,5.9,9.6,1.1,177,11,6.2,10.0,1.4,175,8,5.9,9.6,1.1,177,11,71,29.70,,0,0,0,73.0,68.5,67.8,0.19,0.35,0.35
GFAL,2017-08-21 19:10:00 EDT,43.34087,-73.60202,324,78.9,79.5,78.9,66.4,66.8,0.000,0.000,0.00,0.000,4.0,7.5,1.6,179,19,4.1,8.4,1.5,181,18,4.0,7.5,1.6,179,19,55,29.70,,0,0,0,73.0,68.5,67.8,0.19,0.35,0.35
GFAL,2017-08-21 19:15:00 EDT,43.34087,-73.60202,324,78.4,79.1,78.4,67.1,66.5,0.000,0.000,0.00,0.000,3.1,6.0,1.4,181,26,3.4,6.5,1.4,181,26,3.1,6.0,1.4,181,26,36,29.70,,0,0,0,73.0,68.5,67.8,0.19,0.35,0.35
GFAL,2017-08-21 19:20:00 EDT,43.34087,-73.60202,324,77.6,78.8,77.6,68.5,66.5,0.000,0.000,0.00,0.000,3.4,5.3,1.0,173,13,3.6,6.1,1.1,174,13,3.4,5.3,1.0,173,13,28,29.70,,0,0,0,73.0,68.5,67.8,0.19,0.35,0.35
GFAL,2017-08-21 19:25:00 EDT,43.34087,-73.60202,324,77.6,78.5,77.6,69.3,66.7,0.000,0.000,0.00,0.000,3.5,6.3,1.3,181,18,3.5,6.8,1.4,181,19,3.5,6.3,1.3,181,18,17,29.70,,0,0,0,73.0,68.5,67.8,0.19,0.35,0.35
GFAL,2017-08-21 19:30:00 EDT,43.34087,-73.60202,324,77.2,78.2,77.2,69.7,66.5,0.000,0.000,0.00,0.000,3.2,5.9,1.3,176,19,3.4,9.6,1.6,175,19,3.2,5.9,1.3,176,19,14,29.70,,0,0,0,73.0,68.5,67.8,0.19,0.35,0.35
GFAL,2017-08-21 19:35:00 EDT,43.34087,-73.60202,324,77.2,78.0,77.2,69.9,66.6,0.000,0.000,0.00,0.000,4.1,7.8,1.5,175,14,4.4,8.3,1.8,176,16,4.1,7.8,1.5,175,14,12,29.69,,0,0,0,73.0,68.5,67.8,0.19,0.35,0.35
GFAL,2017-08-21 19:40:00 EDT,43.34087,-73.60202,324,76.6,78.0,76.6,71.2,66.6,0.000,0.000,0.00,0.000,4.2,6.5,1.2,173,10,4.5,7.3,1.3,174,10,4.2,6.5,1.2,173,10,8,29.69,,0,0,0,73.0,68.5,67.8,0.19,0.35,0.35
GFAL,2017-08-21 19:45:00 EDT,43.34087,-73.60202,324,76.0,77.8,76.0,72.1,66.3,0.000,0.000,0.00,0.000,1.6,4.5,1.1,184,22,2.0,4.8,1.0,183,26,1.6,4.5,1.1,184,22,6,29.69,,0,0,0,73.0,68.5,67.7,0.19,0.35,0.35
GFAL,2017-08-21 19:50:00 EDT,43.34087,-73.60202,324,75.3,77.8,75.3,73.0,66.1,0.000,0.000,0.00,0.000,1.0,2.8,0.7,190,24,1.5,3.8,0.7,197,28,1.0,2.8,0.7,190,24,4,29.70,,0,0,0,73.0,68.5,67.7,0.19,0.35,0.35
GFAL,2017-08-21 19:55:00 EDT,43.34087,-73.60202,324,75.1,77.5,75.1,74.0,66.2,0.000,0.000,0.00,0.000,0.3,2.6,0.5,221,15,1.2,3.3,0.6,220,36,0.3,2.6,0.5,221,15,2,29.70,,0,0,0,73.0,68.5,67.8,0.19,0.35,0.35
GFAL,2017-08-21 20:00:00 EDT,43.34087,-73.60202,324,74.1,76.7,74.1,75.6,65.9,0.000,0.000,0.00,0.000,0.8,2.8,0.6,211,20,1.4,3.5,0.6,211,29,0.8,2.8,0.6,211,20,1,29.70,,0,0,0,72.7,68.5,67.7,0.19,0.35,0.35
GFAL,2017-08-21 20:05:00 EDT,43.34087,-73.60202,324,73.4,76.3,73.4,77.0,65.8,0.000,0.000,0.00,0.000,0.9,2.8,0.8,202,22,1.4,3.7,0.8,207,31,0.9,2.8,0.8,202,22,1,29.69,,0,0,0,72.7,68.5,67.7,0.19,0.35,0.35
GFAL,2017-08-21 20:10:00 EDT,43.34087,-73.60202,324,73.7,76.5,73.7,77.3,66.2,0.000,0.000,0.00,0.000,0.6,2.0,0.5,216,20,1.2,2.8,0.6,218,33,0.6,2.0,0.5,216,20,0,29.69,,0,0,0,72.7,68.5,67.8,0.19,0.35,0.35
GFAL,2017-08-21 20:15:00 EDT,43.34087,-73.60202,324,73.8,76.5,73.8,77.6,66.4,0.000,0.000,0.00,0.000,0.7,3.7,1.1,204,21,1.4,6.2,1.2,215,44,0.7,3.7,1.1,204,21,0,29.69,,0,0,0,72.7,68.5,67.7,0.19,0.35,0.35
GFAL,2017-08-21 20:20:00 EDT,43.34087,-73.60202,324,73.7,76.2,73.7,76.8,65.9,0.000,0.000,0.00,0.000,0.5,2.6,0.7,189,21,1.3,4.0,0.7,203,38,0.5,2.6,0.7,189,21,0,29.70,,0,0,0,72.7,68.5,67.8,0.19,0.35,0.35
GFAL,2017-08-21 20:25:00 EDT,43.34087,-73.60202,324,73.7,76.3,73.7,77.1,66.1,0.000,0.000,0.00,0.000,0.5,2.9,0.6,221,18,1.3,2.9,0.7,219,38,0.5,2.9,0.6,221,18,0,29.70,,0,0,0,72.7,68.5,67.7,0.19,0.35,0.35
GFAL,2017-08-21 20:30:00 EDT,43.34087,-73.60202,324,72.6,75.8,72.6,78.9,65.7,0.000,0.000,0.00,0.000,0.3,1.3,0.4,206,20,1.1,2.9,0.6,205,39,0.3,1.3,0.4,206,20,0,29.70,,0,0,0,72.5,68.5,67.7,0.19,0.35,0.35
GFAL,2017-08-21 20:35:00 EDT,43.34087,-73.60202,324,72.3,76.0,72.3,80.5,65.9,0.000,0.000,0.00,0.000,0.4,1.5,0.4,210,33,1.2,2.6,0.5,206,39,0.4,1.5,0.4,210,33,0,29.70,,0,0,0,72.3,68.5,67.8,0.19,0.35,0.35
GFAL,2017-08-21 20:40:00 EDT,43.34087,-73.60202,324,72.4,75.7,72.4,80.5,66.1,0.000,0.000,0.00,0.000,0.5,2.0,0.6,199,21,1.1,3.6,0.7,202,39,0.5,2.0,0.6,199,21,0,29.70,,0,0,0,72.3,68.5,67.8,0.19,0.35,0.35
GFAL,2017-08-21 20:45:00 EDT,43.34087,-73.60202,324,72.3,74.9,72.3,81.3,66.2,0.000,0.000,0.00,0.000,0.9,2.0,0.5,223,14,1.4,3.0,0.4,223,18,0.9,2.0,0.5,223,14,0,29.70,,0,0,0,72.3,68.5,67.8,0.19,0.35,0.35
GFAL,2017-08-21 20:50:00 EDT,43.34087,-73.60202,324,72.2,73.6,72.2,81.9,66.3,0.000,0.000,0.00,0.000,2.3,3.4,0.4,240,8,2.3,3.3,0.4,240,8,2.3,3.4,0.4,240,8,0,29.70,,0,0,0,72.3,68.6,67.8,0.19,0.35,0.35
GFAL,2017-08-21 20:55:00 EDT,43.34087,-73.60202,324,72.3,73.5,72.3,82.0,66.5,0.000,0.000,0.00,0.000,1.1,1.8,0.3,255,1,1.5,2.2,0.3,257,10,1.1,1.8,0.3,255,1,0,29.70,,0,0,0,72.3,68.6,67.8,0.19,0.35,0.35
GFAL,2017-08-21 21:00:00 EDT,43.34087,-73.60202,324,72.3,73.4,72.3,82.2,66.5,0.000,0.000,0.00,0.000,1.1,1.7,0.3,282,10,1.5,2.2,0.3,290,16,1.1,1.7,0.3,282,10,0,29.70,,0,0,0,72.3,68.6,67.8,0.19,0.35,0.35
GFAL,2017-08-21 21:05:00 EDT,43.34087,-73.60202,324,71.8,73.3,71.8,83.0,66.3,0.000,0.000,0.00,0.000,1.5,3.0,0.9,312,6,1.8,3.3,0.7,313,7,1.5,3.0,0.9,312,6,0,29.70,,0,0,0,72.0,68.6,67.8,0.19,0.35,0.35
GFAL,2017-08-21 21:10:00 EDT,43.34087,-73.60202,324,71.2,73.3,71.2,83.7,66.0,0.000,0.000,0.00,0.000,2.3,2.9,0.3,315,6,2.3,3.4,0.4,317,6,2.3,2.9,0.3,315,6,0,29.70,,0,0,0,71.8,68.6,67.8,0.19,0.35,0.35
GFAL,2017-08-21 21:15:00 EDT,43.34087,-73.60202,324,71.8,73.5,71.8,84.4,66.8,0.000,0.000,0.00,0.000,1.1,1.6,0.2,314,11,1.3,1.7,0.2,310,10,1.1,1.6,0.2,314,11,0,29.70,,0,0,0,71.8,68.6,67.8,0.19,0.35,0.35
GFAL,2017-08-21 21:20:00 EDT,43.34087,-73.60202,324,72.1,73.5,72.1,84.0,67.0,0.000,0.000,0.00,0.000,1.0,1.3,0.2,299,0,1.2,1.6,0.2,300,6,1.0,1.3,0.2,299,0,0,29.69,,0,0,0,71.8,68.7,67.8,0.19,0.35,0.35
GFAL,2017-08-21 21:25:00 EDT,43.34087,-73.60202,324,71.7,73.1,71.7,84.0,66.6,0.000,0.000,0.00,0.000,0.3,1.0,0.3,299,0,0.7,1.2,0.2,322,19,0.3,1.0,0.3,299,0,0,29.69,,0,0,0,71.8,68.7,67.8,0.19,0.35,0.35
GFAL,2017-08-21 21:30:00 EDT,43.34087,-73.60202,324,70.8,72.3,70.8,85.2,66.1,0.000,0.000,0.00,0.000,0.0,0.0,0.0,0,0,0.7,1.6,0.3,14,19,0.0,0.0,0.0,0,0,0,29.69,,0,0,0,71.8,68.8,67.8,0.19,0.35,0.35
GFAL,2017-08-21 21:35:00 EDT,43.34087,-73.60202,324,70.4,71.7,70.4,86.7,66.2,0.000,0.000,0.00,0.000,0.0,0.0,0.0,0,0,0.6,1.4,0.3,8,23,0.0,0.0,0.0,0,0,0,29.69,,0,0,0,71.7,68.9,67.8,0.19,0.35,0.35
GFAL,2017-08-21 21:40:00 EDT,43.34087,-73.60202,324,70.1,71.4,70.1,87.5,66.2,0.000,0.000,0.00,0.000,0.0,0.0,0.0,0,0,0.6,1.3,0.3,18,54,0.0,0.0,0.0,0,0,0,29.69,,0,0,0,71.4,68.9,67.8,0.19,0.35,0.35
GFAL,2017-08-21 21:45:00 EDT,43.34087,-73.60202,324,69.5,71.2,69.5,88.8,66.0,0.000,0.000,0.00,0.000,0.4,1.5,0.5,293,7,1.0,1.9,0.4,304,34,0.4,1.5,0.5,293,7,0,29.69,,0,0,0,71.4,68.9,67.8,0.19,0.35,0.35
GFAL,2017-08-21 21:50:00 EDT,43.34087,-73.60202,324,69.7,70.7,69.7,88.7,66.2,0.000,0.000,0.00,0.000,1.2,1.9,0.2,272,19,1.6,2.6,0.3,269,21,1.2,1.9,0.2,272,19,0,29.69,,0,0,0,71.4,68.9,67.8,0.19,0.35,0.35
GFAL,2017-08-21 21:55:00 EDT,43.34087,-73.60202,324,69.4,70.4,69.4,88.1,65.7,0.000,0.000,0.00,0.000,1.4,2.1,0.4,268,12,1.7,2.7,0.4,267,15,1.4,2.1,0.4,268,12,0,29.69,,0,0,0,71.4,68.9,67.8,0.19,0.35,0.35
GFAL,2017-08-21 22:00:00 EDT,43.34087,-73.60202,324,69.2,70.0,69.2,88.3,65.6,0.000,0.000,0.00,0.000,1.6,2.3,0.2,251,15,1.9,2.6,0.3,251,18,1.6,2.3,0.2,251,15,0,29.69,,0,0,0,71.4,68.9,67.8,0.19,0.35,0.35
GFAL,2017-08-21 22:05:00 EDT,43.34087,-73.60202,324,68.7,69.4,68.7,89.4,65.5,0.000,0.000,0.00,0.000,2.3,3.4,0.4,243,7,2.4,3.5,0.5,243,9,2.3,3.4,0.4,243,7,0,29.69,,0,0,0,71.4,68.9,67.8,0.19,0.35,0.35
GFAL,2017-08-21 22:10:00 EDT,43.34087,-73.60202,324,68.3,69.2,68.3,90.0,65.3,0.000,0.000,0.00,0.000,1.6,2.7,0.5,254,4,1.9,3.0,0.5,252,7,1.6,2.7,0.5,254,4,0,29.69,,0,0,0,71.4,68.9,67.8,0.18,0.35,0.35
GFAL,2017-08-21 22:15:00 EDT,43.34087,-73.60202,324,68.1,69.2,68.1,90.8,65.3,0.000,0.000,0.00,0.000,1.4,2.3,0.4,246,6,1.6,2.4,0.3,240,8,1.4,2.3,0.4,246,6,0,29.69,,0,0,0,71.4,68.9,67.8,0.18,0.35,0.35
GFAL,2017-08-21 22:20:00 EDT,43.34087,-73.60202,324,68.1,69.4,68.1,92.5,65.8,0.000,0.000,0.00,0.000,2.3,2.6,0.1,228,6,2.4,2.7,0.1,226,5,2.3,2.6,0.1,228,6,0,29.69,,0,0,0,71.3,68.9,67.8,0.18,0.35,0.35
GFAL,2017-08-21 22:25:00 EDT,43.34087,-73.60202,324,68.0,69.2,68.0,92.5,65.8,0.000,0.000,0.00,0.000,2.3,2.7,0.2,232,0,2.2,2.7,0.2,234,3,2.3,2.7,0.2,232,0,0,29.69,,0,0,0,71.1,68.9,67.8,0.18,0.35,0.35
GFAL,2017-08-21 22:30:00 EDT,43.34087,-73.60202,324,67.7,68.5,67.7,92.4,65.4,0.000,0.000,0.00,0.000,1.9,2.3,0.1,236,5,2.0,2.4,0.2,240,7,1.9,2.3,0.1,236,5,0,29.68,,0,0,0,71.1,68.9,67.8,0.18,0.35,0.35
GFAL,2017-08-21 22:35:00 EDT,43.34087,-73.60202,324,67.6,69.0,67.6,93.3,65.6,0.000,0.000,0.00,0.000,1.7,2.2,0.2,265,13,2.0,2.5,0.2,269,13,1.7,2.2,0.2,265,13,0,29.69,,0,0,0,71.1,68.9,67.8,0.18,0.35,0.35
GFAL,2017-08-21 22:40:00 EDT,43.34087,-73.60202,324,68.2,69.4,68.2,94.4,66.5,0.000,0.000,0.00,0.000,0.9,1.5,0.2,282,0,1.3,1.8,0.2,278,10,0.9,1.5,0.2,282,0,0,29.69,,0,0,0,71.1,68.9,67.8,0.19,0.35,0.35
GFAL,2017-08-21 22:45:00 EDT,43.34087,-73.60202,324,68.5,69.3,68.5,93.9,66.6,0.000,0.000,0.00,0.000,0.4,0.9,0.3,282,81,1.0,1.4,0.2,263,16,0.4,0.9,0.3,282,81,0,29.69,,0,0,0,71.1,68.9,67.8,0.18,0.35,0.35
GFAL,2017-08-21 22:50:00 EDT,43.34087,-73.60202,324,68.1,69.4,68.1,93.5,66.2,0.000,0.000,0.00,0.000,0.5,1.5,0.4,269,17,1.4,1.8,0.2,239,6,0.5,1.5,0.4,269,17,0,29.69,,0,0,0,71.1,68.9,67.8,0.19,0.35,0.35
GFAL,2017-08-21 22:55:00 EDT,43.34087,-73.60202,324,67.5,69.4,67.5,92.8,65.4,0.000,0.000,0.00,0.000,1.4,1.7,0.1,261,10,1.8,2.1,0.1,264,9,1.4,1.7,0.1,261,10,0,29.69,,0,0,0,71.1,68.9,67.8,0.19,0.35,0.35
GFAL,2017-08-21 23:00:00 EDT,43.34087,-73.60202,324,67.0,68.6,67.0,92.9,64.9,0.000,0.000,0.00,0.000,0.8,1.5,0.5,276,0,1.2,1.8,0.4,271,10,0.8,1.5,0.5,276,0,0,29.69,,0,0,0,71.0,68.9,67.8,0.19,0.35,0.35
GFAL,2017-08-21 23:05:00 EDT,43.34087,-73.60202,324,67.6,68.4,67.6,93.1,65.5,0.000,0.000,0.00,0.000,0.0,0.0,0.0,0,0,0.4,0.9,0.2,191,24,0.0,0.0,0.0,0,0,0,29.69,,0,0,0,70.7,68.9,67.8,0.19,0.35,0.35
GFAL,2017-08-21 23:10:00 EDT,43.34087,-73.60202,324,67.9,68.4,67.9,92.8,65.8,0.000,0.000,0.00,0.000,0.0,0.0,0.0,0,0,0.4,0.9,0.2,346,32,0.0,0.0,0.0,0,0,0,29.69,,0,0,0,70.7,68.9,67.8,0.19,0.35,0.35
GFAL,2017-08-21 23:15:00 EDT,43.34087,-73.60202,324,67.6,68.3,67.6,93.1,65.5,0.000,0.000,0.00,0.000,0.0,0.0,0.0,0,0,0.4,1.0,0.2,331,56,0.0,0.0,0.0,0,0,0,29.69,,0,0,0,70.7,68.9,67.8,0.18,0.35,0.35
GFAL,2017-08-21 23:20:00 EDT,43.34087,-73.60202,324,67.8,68.7,67.8,92.3,65.5,0.000,0.000,0.00,0.000,0.0,0.0,0.0,0,0,0.7,1.5,0.3,141,20,0.0,0.0,0.0,0,0,0,29.69,,0,0,0,70.7,68.9,67.8,0.19,0.35,0.35
GFAL,2017-08-21 23:25:00 EDT,43.34087,-73.60202,324,66.8,68.5,66.8,91.6,64.3,0.000,0.000,0.00,0.000,0.2,1.0,0.3,122,17,0.9,1.6,0.3,134,25,0.2,1.0,0.3,122,17,0,29.68,,0,0,0,70.7,68.9,67.8,0.19,0.35,0.35
GFAL,2017-08-21 23:30:00 EDT,43.34087,-73.60202,324,66.3,67.8,66.3,92.5,64.1,0.000,0.000,0.00,0.000,0.1,0.7,0.2,110,2,0.7,1.4,0.3,113,28,0.1,0.7,0.2,110,2,0,29.68,,0,0,0,70.7,68.9,67.8,0.19,0.35,0.35
GFAL,2017-08-21 23:35:00 EDT,43.34087,-73.60202,324,66.3,68.0,66.3,94.8,64.7,0.000,0.000,0.00,0.000,0.9,1.7,0.5,90,16,1.4,2.1,0.4,88,21,0.9,1.7,0.5,90,16,0,29.68,,0,0,0,70.7,68.9,67.8,0.19,0.35,0.35
GFAL,2017-08-21 23:40:00 EDT,43.34087,-73.60202,324,66.1,67.6,66.1,95.3,64.7,0.000,0.000,0.00,0.000,1.7,2.1,0.3,45,6,1.7,2.2,0.3,43,6,1.7,2.1,0.3,45,6,0,29.68,,0,0,0,70.7,68.9,67.8,0.19,0.35,0.35
GFAL,2017-08-21 23:45:00 EDT,43.34087,-73.60202,324,65.9,67.2,65.9,95.5,64.6,0.000,0.000,0.00,0.000,0.8,1.2,0.3,9,11,1.2,1.6,0.2,359,14,0.8,1.2,0.3,9,11,0,29.68,,0,0,0,70.6,68.9,67.8,0.19,0.35,0.35
GFAL,2017-08-21 23:50:00 EDT,43.34087,-73.60202,324,66.7,67.5,66.7,96.4,65.6,0.000,0.000,0.00,0.000,0.0,0.0,0.0,0,0,0.6,1.5,0.2,16,28,0.0,0.0,0.0,0,0,0,29.68,,0,0,0,70.3,68.9,67.8,0.19,0.34,0.35
GFAL,2017-08-21 23:55:00 EDT,43.34087,-73.60202,324,66.4,67.5,66.4,95.2,65.0,0.000,0.000,0.00,0.000,0.2,0.9,0.3,232,0,0.8,1.4,0.3,249,25,0.2,0.9,0.3,232,0,0,29.68,,0,0,0,70.3,68.9,67.8,0.19,0.35,0.35
GFLD,2017-08-21 00:00:00 EDT,43.71680,-75.40925,838,60.4,61.4,60.4,95.5,59.1,0.000,0.002,0.00,0.000,5.2,7.5,1.0,157,10,5.7,8.4,1.1,153,9,5.2,7.5,1.0,157,10,0,29.24,,0,0,0,70.0,68.9,65.1,0.23,0.32,0.31
GFLD,2017-08-21 00:05:00 EDT,43.71680,-75.40925,838,60.8,61.5,60.8,95.5,59.5,0.000,0.000,0.00,0.000,4.9,6.4,0.9,156,15,5.4,7.1,1.0,152,16,4.9,6.4,0.9,156,15,0,29.24,,0,0,0,70.0,68.9,65.1,0.23,0.32,0.31
GFLD,2017-08-21 00:10:00 EDT,43.71680,-75.40925,838,60.9,61.5,60.9,95.0,59.4,0.000,0.000,0.00,0.000,5.2,7.5,1.0,162,13,5.6,8.5,1.1,159,13,5.2,7.5,1.0,162,13,0,29.24,,0,0,0,70.0,68.9,65.1,0.23,0.32,0.31
GFLD,2017-08-21 00:15:00 EDT,43.71680,-75.40925,838,60.9,61.8,60.9,94.6,59.3,0.000,0.000,0.00,0.000,4.6,7.8,1.1,146,11,4.9,8.2,1.3,142,10,4.6,7.8,1.1,146,11,0,29.24,,0,0,0,70.0,68.9,65.1,0.23,0.32,0.31
GFLD,2017-08-21 00:20:00 EDT,43.71680,-75.40925,838,60.8,61.7,60.8,93.9,59.0,0.000,0.000,0.00,0.000,4.0,5.3,0.6,140,11,4.2,6.0,0.7,135,9,4.0,5.3,0.6,140,11,0,29.24,,0,0,0,70.0,68.9,65.1,0.23,0.32,0.30
GFLD,2017-08-21 00:25:00 EDT,43.71680,-75.40925,838,60.5,61.4,60.5,94.0,58.7,0.000,0.000,0.00,0.000,3.1,3.9,0.5,144,8,3.3,4.7,0.6,139,7,3.1,3.9,0.5,144,8,0,29.24,,0,0,0,69.8,68.9,65.1,0.23,0.32,0.31
GFLD,2017-08-21 00:30:00 EDT,43.71680,-75.40925,838,60.4,61.6,60.4,94.1,58.7,0.000,0.000,0.00,0.000,2.6,3.4,0.4,157,17,2.8,4.3,0.5,154,19,2.6,3.4,0.4,157,17,0,29.24,,0,0,0,69.6,68.9,65.1,0.23,0.32,0.31
GFLD,2017-08-21 00:35:00 EDT,43.71680,-75.40925,838,60.1,61.6,60.1,94.2,58.4,0.000,0.000,0.00,0.000,1.8,4.5,1.1,138,10,2.2,4.6,0.9,134,8,1.8,4.5,1.1,138,10,0,29.24,,0,0,0,69.6,68.9,65.1,0.23,0.32,0.30
GFLD,2017-08-21 00:40:00 EDT,43.71680,-75.40925,838,60.3,62.0,60.3,94.0,58.6,0.000,0.000,0.00,0.000,3.9,6.1,0.9,140,9,4.2,6.6,1.0,134,7,3.9,6.1,0.9,140,9,0,29.24,,0,0,0,69.6,68.9,65.1,0.23,0.32,0.31
GFLD,2017-08-21 00:45:00 EDT,43.71680,-75.40925,838,60.6,61.9,60.6,93.3,58.7,0.000,0.000,0.00,0.000,4.3,5.8,0.6,146,7,4.7,6.3,0.8,140,6,4.3,5.8,0.6,146,7,0,29.24,,0,0,0,69.6,68.9,65.1,0.23,0.32,0.31
GFLD,2017-08-21 00:50:00 EDT,43.71680,-75.40925,838,60.8,61.9,60.8,93.6,58.9,0.000,0.000,0.00,0.000,4.1,6.4,0.8,143,12,4.3,6.4,0.8,137,11,4.1,6.4,0.8,143,12,0,29.24,,0,0,0,69.6,68.9,65.1,0.23,0.32,0.31
GFLD,2017-08-21 00:55:00 EDT,43.71680,-75.40925,838,60.9,61.8,60.9,93.9,59.1,0.000,0.000,0.00,0.000,3.1,4.7,0.6,158,15,3.3,5.3,0.7,155,16,3.1,4.7,0.6,158,15,0,29.24,,0,0,0,69.6,68.9,65.1,0.23,0.32,0.31
GFLD,2017-08-21 01:00:00 EDT,43.71680,-75.40925,838,60.9,61.6,60.9,94.1,59.2,0.000,0.000,0.00,0.000,3.4,4.9,0.5,161,10,3.7,5.4,0.6,157,11,3.4,4.9,0.5,161,10,0,29.24,,0,0,0,69.6,68.9,65.1,0.23,0.32,0.31
GFLD,2017-08-21 01:05:00 EDT,43.71680,-75.40925,838,60.8,61.7,60.8,94.3,59.2,0.000,0.000,0.00,0.000,3.5,5.4,0.7,160,13,3.8,5.9,0.9,157,14,3.5,5.4,0.7,160,13,0,29.24,,0,0,0,69.6,68.9,65.1,0.23,0.32,0.31
GFLD,2017-08-21 01:10:00 EDT,43.71680,-75.40925,838,60.7,61.7,60.7,94.2,59.0,0.000,0.000,0.00,0.000,3.3,4.5,0.6,161,13,3.7,5.7,0.6,156,14,3.3,4.5,0.6,161,13,0,29.24,,0,0,0,69.6,68.9,65.1,0.23,0.32,0.30
GFLD,2017-08-21 01:15:00 EDT,43.71680,-75.40925,838,60.7,61.8,60.7,94.1,59.0,0.000,0.000,0.00,0.000,3.8,5.7,0.7,157,11,4.2,7.7,0.9,154,10,3.8,5.7,0.7,157,11,0,29.24,,0,0,0,69.3,68.9,65.1,0.23,0.32,0.30
GFLD,2017-08-21 01:20:00 EDT,43.71680,-75.40925,838,60.8,61.9,60.8,94.3,59.1,0.000,0.000,0.00,0.000,4.3,6.0,0.8,156,10,4.7,6.7,0.9,151,11,4.3,6.0,0.8,156,10,0,29.24,,0,0,0,69.3,68.9,65.1,0.23,0.32,0.30
GFLD,2017-08-21 01:25:00 EDT,43.71680,-75.40925,838,60.6,61.8,60.6,94.0,58.9,0.000,0.000,0.00,0.000,4.1,6.1,0.9,147,12,4.4,6.9,1.0,144,12,4.1,6.1,0.9,147,12,0,29.24,,0,0,0,69.3,68.9,65.1,0.23,0.32,0.31
GFLD,2017-08-21 01:30:00 EDT,43.71680,-75.40925,838,60.7,61.7,60.7,94.2,59.1,0.000,0.000,0.00,0.000,3.5,5.1,1.0,140,13,3.8,5.7,1.1,136,11,3.5,5.1,1.0,140,13,0,29.24,,0,0,0,69.3,68.9,65.1,0.23,0.32,0.31
GFLD,2017-08-21 01:35:00 EDT,43.71680,-75.40925,838,60.8,61.7,60.8,94.1,59.1,0.000,0.000,0.00,0.000,3.3,5.5,0.7,138,10,3.3,5.6,0.9,134,8,3.3,5.5,0.7,138,10,0,29.24,,0,0,0,69.3,68.9,65.1,0.23,0.32,0.31
GFLD,2017-08-21 01:40:00 EDT,43.71680,-75.40925,838,60.5,61.6,60.5,93.9,58.7,0.000,0.000,0.00,0.000,3.6,5.2,0.7,140,10,3.8,5.9,0.8,135,9,3.6,5.2,0.7,140,10,0,29.24,,0,0,0,69.3,68.9,65.1,0.23,0.32,0.30
GFLD,2017-08-21 01:45:00 EDT,43.71680,-75.40925,838,60.6,61.7,60.6,94.2,58.9,0.000,0.000,0.00,0.000,3.6,6.1,1.0,140,12,3.8,6.7,1.1,135,9,3.6,6.1,1.0,140,12,0,29.24,,0,0,0,69.3,68.9,65.1,0.23,0.32,0.31
GFLD,2017-08-21 01:50:00 EDT,43.71680,-75.40925,838,60.9,61.7,60.9,94.4,59.3,0.000,0.000,0.00,0.000,3.4,4.9,0.9,143,10,3.8,5.2,0.7,140,9,3.4,4.9,0.9,143,10,0,29.24,,0,0,0,69.3,68.9,65.1,0.23,0.32,0.31
GFLD,2017-08-21 01:55:00 EDT,43.71680,-75.40925,838,60.9,61.6,60.9,94.0,59.2,0.000,0.000,0.00,0.000,2.7,4.7,0.9,146,15,2.9,5.8,1.0,142,13,2.7,4.7,0.9,146,15,0,29.24,,0,0,0,69.3,68.9,65.1,0.23,0.32,0.31
GFLD,2017-08-21 02:00:00 EDT,43.71680,-75.40925,838,61.0,61.7,61.0,93.8,59.2,0.000,0.000,0.00,0.000,3.4,4.5,0.6,141,14,3.6,5.4,0.8,136,13,3.4,4.5,0.6,141,14,0,29.24,,0,0,0,69.3,68.9,65.1,0.23,0.32,0.30
GFLD,2017-08-21 02:05:00 EDT,43.71680,-75.40925,838,60.8,61.6,60.8,93.6,58.9,0.000,0.000,0.00,0.000,3.3,5.3,1.1,139,13,3.6,6.1,1.1,134,13,3.3,5.3,1.1,139,13,0,29.24,,0,0,0,69.3,68.9,65.1,0.23,0.32,0.31
GFLD,2017-08-21 02:10:00 EDT,43.71680,-75.40925,838,60.6,61.5,60.6,93.8,58.8,0.000,0.000,0.00,0.000,3.0,4.9,0.7,142,11,3.2,4.8,0.8,138,9,3.0,4.9,0.7,142,11,0,29.24,,0,0,0,69.2,68.9,65.1,0.23,0.32,0.31
GFLD,2017-08-21 02:15:00 EDT,43.71680,-75.40925,838,60.7,61.6,60.7,94.0,59.0,0.000,0.000,0.00,0.000,5.0,7.0,0.9,150,9,5.5,7.8,0.9,146,9,5.0,7.0,0.9,150,9,0,29.24,,0,0,0,68.9,68.9,65.1,0.23,0.32,0.31
GFLD,2017-08-21 02:20:00 EDT,43.71680,-75.40925,838,60.7,61.6,60.7,93.7,58.9,0.000,0.000,0.00,0.000,4.0,5.6,0.6,151,11,4.3,6.6,0.7,147,12,4.0,5.6,0.6,151,11,0,29.24,,0,0,0,68.9,68.9,65.1,0.23,0.32,0.31
GFLD,2017-08-21 02:25:00 EDT,43.71680,-75.40925,838,60.7,61.7,60.7,93.2,58.7,0.000,0.000,0.00,0.000,4.9,7.7,1.1,153,11,5.4,8.1,1.3,149,10,4.9,7.7,1.1,153,11,0,29.24,,0,0,0,68.9,68.9,65.1,0.23,0.32,0.31
GFLD,2017-08-21 02:30:00 EDT,43.71680,-75.40925,838,60.5,61.4,60.5,93.2,58.5,0.000,0.000,0.00,0.000,5.0,6.9,0.9,143,10,5.5,8.3,0.9,139,10,5.0,6.9,0.9,143,10,0,29.24,,0,0,0,68.9,68.9,65.1,0.23,0.32,0.31
GFLD,2017-08-21 02:35:00 EDT,43.71680,-75.40925,838,60.5,61.4,60.5,93.4,58.6,0.000,0.000,0.00,0.000,5.2,7.9,1.1,150,14,5.8,9.9,1.2,145,13,5.2,7.9,1.1,150,14,0,29.24,,0,0,0,68.9,68.9,65.1,0.23,0.32,0.31
GFLD,2017-08-21 02:40:00 EDT,43.71680,-75.40925,838,60.6,61.5,60.6,93.2,58.6,0.000,0.000,0.00,0.000,5.4,8.3,1.1,153,9,5.8,9.0,1.3,150,10,5.4,8.3,1.1,153,9,0,29.24,,0,0,0,68.9,68.9,65.1,0.23,0.32,0.31
GFLD,2017-08-21 02:45:00 EDT,43.71680,-75.40925,838,60.6,61.5,60.6,92.8,58.5,0.000,0.000,0.00,0.000,5.1,7.5,1.2,150,15,5.5,9.1,1.3,146,16,5.1,7.5,1.2,150,15,0,29.24,,0,0,0,68.9,68.9,65.1,0.23,0.32,0.31
GFLD,2017-08-21 02:50:00 EDT,43.71680,-75.40925,838,60.3,61.4,60.3,92.6,58.2,0.000,0.000,0.00,0.000,6.2,8.0,1.0,150,12,6.8,9.8,1.2,145,11,6.2,8.0,1.0,150,12,0,29.24,,0,0,0,68.9,68.9,65.1,0.23,0.32,0.31
GFLD,2017-08-21 02:55:00 EDT,43.71680,-75.40925,838,60.5,61.4,60.5,92.7,58.4,0.000,0.000,0.00,0.000,6.1,8.8,1.1,145,12,6.6,10.9,1.4,141,12,6.1,8.8,1.1,145,12,0,29.24,,0,0,0,68.9,68.9,65.1,0.23,0.32,0.31
GFLD,2017-08-21 03:00:00 EDT,43.71680,-75.40925,838,60.5,61.4,60.5,92.5,58.3,0.000,0.000,0.00,0.000,6.2,9.0,1.3,146,8,6.9,10.0,1.3,141,8,6.2,9.0,1.3,146,8,0,29.24,,0,0,0,68.9,68.9,65.1,0.23,0.32,0.30
GFLD,2017-08-21 03:05:00 EDT,43.71680,-75.40925,838,60.3,61.3,60.3,92.4,58.1,0.000,0.000,0.00,0.000,5.0,7.2,1.0,150,13,5.5,8.0,1.0,145,12,5.0,7.2,1.0,150,13,0,29.24,,0,0,0,68.9,68.9,65.1,0.23,0.32,0.31
GFLD,2017-08-21 03:10:00 EDT,43.71680,-75.40925,838,60.3,61.2,60.3,92.7,58.2,0.000,0.000,0.00,0.000,5.5,8.1,0.9,144,11,5.9,8.5,1.0,140,9,5.5,8.1,0.9,144,11,0,29.24,,0,0,0,68.7,68.9,65.1,0.23,0.32,0.31
GFLD,2017-08-21 03:15:00 EDT,43.71680,-75.40925,838,60.0,61.0,60.0,92.9,58.0,0.000,0.000,0.00,0.000,4.9,6.6,0.7,148,9,5.4,7.0,0.7,143,10,4.9,6.6,0.7,148,9,0,29.25,,0,0,0,68.5,68.9,65.1,0.23,0.32,0.31
GFLD,2017-08-21 03:20:00 EDT,43.71680,-75.40925,838,59.9,61.0,59.9,93.4,58.0,0.000,0.000,0.00,0.000,4.5,6.5,0.8,146,11,5.1,7.2,0.9,142,10,4.5,6.5,0.8,146,11,0,29.25,,0,0,0,68.6,68.9,65.1,0.23,0.32,0.31
GFLD,2017-08-21 03:25:00 EDT,43.71680,-75.40925,838,59.9,60.8,59.9,93.4,58.0,0.000,0.000,0.00,0.000,5.1,8.3,1.0,144,11,5.5,8.5,1.1,140,9,5.1,8.3,1.0,144,11,0,29.25,,0,0,0,68.5,68.9,65.1,0.23,0.32,0.31
GFLD,2017-08-21 03:30:00 EDT,43.71680,-75.40925,838,59.7,60.7,59.7,93.7,57.9,0.000,0.000,0.00,0.000,5.0,7.2,0.7,145,8,5.5,8.3,0.8,140,7,5.0,7.2,0.7,145,8,0,29.25,,0,0,0,68.5,68.9,65.1,0.23,0.32,0.31
GFLD,2017-08-21 03:35:00 EDT,43.71680,-75.40925,838,59.7,60.7,59.7,93.9,58.0,0.000,0.000,0.00,0.000,4.7,6.9,0.7,149,10,5.1,7.1,0.8,145,10,4.7,6.9,0.7,149,10,0,29.25,,0,0,0,68.5,68.9,65.1,0.23,0.32,0.31
GFLD,2017-08-21 03:40:00 EDT,43.71680,-75.40925,838,59.8,60.7,59.8,93.9,58.0,0.000,0.000,0.00,0.000,5.1,7.2,1.0,153,9,5.5,7.8,1.1,148,8,5.1,7.2,1.0,153,9,0,29.25,,0,0,0,68.5,68.9,65.1,0.23,0.32,0.31
GFLD,2017-08-21 03:45:00 EDT,43.71680,-75.40925,838,59.7,60.8,59.7,93.9,57.9,0.000,0.000,0.00,0.000,5.4,7.5,1.2,147,9,5.9,7.9,1.2,142,9,5.4,7.5,1.2,147,9,0,29.25,,0,0,0,68.5,68.8,65.1,0.23,0.32,0.31
GFLD,2017-08-21 03:50:00 EDT,43.71680,-75.40925,838,59.8,60.9,59.8,93.6,58.0,0.000,0.000,0.00,0.000,4.6,6.1,0.7,146,12,4.9,7.8,0.9,142,10,4.6,6.1,0.7,146,12,0,29.25,,0,0,0,68.5,68.9,65.1,0.23,0.32,0.31
GFLD,2017-08-21 03:55:00 EDT,43.71680,-75.40925,838,60.0,61.0,60.0,93.3,58.0,0.000,0.000,0.00,0.000,5.2,7.5,1.0,130,13,5.5,8.2,1.1,126,11,5.2,7.5,1.0,130,13,0,29.25,,0,0,0,68.5,68.8,65.1,0.23,0.32,0.30
GFLD,2017-08-21 04:00:00 EDT,43.71680,-75.40925,838,60.0,60.9,60.0,93.2,58.0,0.000,0.000,0.00,0.000,4.3,8.8,1.5,133,14,4.6,9.3,1.6,130,10,4.3,8.8,1.5,133,14,0,29.25,,0,0,0,68.5,68.8,65.1,0.23,0.32,0.31
GFLD,2017-08-21 04:05:00 EDT,43.71680,-75.40925,838,60.0,61.0,60.0,93.2,58.0,0.000,0.000,0.00,0.000,4.9,8.2,1.0,140,11,5.3,8.5,1.1,134,8,4.9,8.2,1.0,140,11,0,29.25,,0,0,0,68.5,68.7,65.1,0.23,0.32,0.31
GFLD,2017-08-21 04:10:00 EDT,43.71680,-75.40925,838,60.0,60.9,60.0,93.1,58.0,0.000,0.000,0.00,0.000,4.9,7.2,0.8,144,10,5.4,7.6,0.9,140,11,4.9,7.2,0.8,144,10,0,29.25,,0,0,0,68.5,68.6,65.1,0.23,0.32,0.31
GFLD,2017-08-21 04:15:00 EDT,43.71680,-75.40925,838,60.1,61.0,60.1,93.0,58.1,0.000,0.000,0.00,0.000,4.8,7.6,1.1,141,10,5.1,8.3,1.1,137,9,4.8,7.6,1.1,141,10,0,29.25,,0,0,0,68.5,68.6,65.1,0.23,0.32,0.31
GFLD,2017-08-21 04:20:00 EDT,43.71680,-75.40925,838,60.2,61.2,60.2,92.8,58.1,0.000,0.000,0.00,0.000,5.0,7.4,0.9,143,12,5.3,7.4,1.0,139,10,5.0,7.4,0.9,143,12,0,29.25,,0,0,0,68.3,68.6,65.1,0.23,0.32,0.31
GFLD,2017-08-21 04:25:00 EDT,43.71680,-75.40925,838,60.1,61.2,60.1,92.7,58.0,0.000,0.000,0.00,0.000,5.2,7.5,1.1,139,14,5.7,8.1,1.1,136,12,5.2,7.5,1.1,139,14,0,29.25,,0,0,0,68.2,68.6,65.1,0.23,0.32,0.31
GFLD,2017-08-21 04:30:00 EDT,43.71680,-75.40925,838,60.3,61.2,60.3,92.5,58.1,0.000,0.000,0.00,0.000,4.9,7.2,0.9,133,12,5.2,8.5,1.0,130,10,4.9,7.2,0.9,133,12,0,29.25,,0,0,0,68.2,68.5,65.1,0.23,0.32,0.31
GFLD,2017-08-21 04:35:00 EDT,43.71680,-75.40925,838,60.3,61.2,60.3,92.6,58.2,0.000,0.000,0.00,0.000,5.2,7.6,0.9,132,12,5.6,8.5,1.0,128,10,5.2,7.6,0.9,132,12,0,29.25,,0,0,0,68.2,68.5,65.1,0.23,0.32,0.31
GFLD,2017-08-21 04:40:00 EDT,43.71680,-75.40925,838,60.3,61.1,60.3,92.6,58.2,0.000,0.000,0.00,0.000,4.9,7.6,1.0,131,13,5.4,8.2,1.1,127,11,4.9,7.6,1.0,131,13,0,29.25,,0,0,0,68.2,68.5,65.1,0.23,0.32,0.31
GFLD,2017-08-21 04:45:00 EDT,43.71680,-75.40925,838,60.3,61.2,60.3,92.7,58.2,0.000,0.000,0.00,0.000,5.6,8.8,1.3,134,13,6.0,9.1,1.4,130,10,5.6,8.8,1.3,134,13,0,29.25,,0,0,0,68.2,68.5,65.1,0.23,0.32,0.31
GFLD,2017-08-21 04:50:00 EDT,43.71680,-75.40925,838,60.5,61.4,60.5,92.2,58.2,0.000,0.000,0.00,0.000,6.9,10.4,1.2,134,10,7.3,10.8,1.3,130,9,6.9,10.4,1.2,134,10,0,29.25,,0,0,0,68.2,68.5,65.1,0.23,0.32,0.31
GFLD,2017-08-21 04:55:00 EDT,43.71680,-75.40925,838,60.4,61.2,60.4,92.0,58.0,0.000,0.000,0.00,0.000,6.2,9.6,1.1,135,13,6.8,10.9,1.3,132,10,6.2,9.6,1.1,135,13,0,29.25,,0,0,0,68.2,68.5,65.1,0.23,0.32,0.31
GFLD,2017-08-21 05:00:00 EDT,43.71680,-75.40925,838,60.2,61.0,60.2,92.4,58.0,0.000,0.000,0.00,0.000,6.8,9.8,1.2,133,11,7.3,11.1,1.4,130,9,6.8,9.8,1.2,133,11,0,29.25,,0,0,0,68.2,68.5,65.1,0.23,0.32,0.31
GFLD,2017-08-21 05:05:00 EDT,43.71680,-75.40925,838,60.3,60.9,60.3,92.3,58.0,0.000,0.000,0.00,0.000,7.0,10.3,1.4,135,11,7.6,11.2,1.5,132,10,7.0,10.3,1.4,135,11,0,29.25,,0,0,0,68.2,68.5,65.2,0.23,0.32,0.31
GFLD,2017-08-21 05:10:00 EDT,43.71680,-75.40925,838,60.0,60.8,60.0,92.4,57.8,0.000,0.000,0.00,0.000,7.1,11.8,1.2,138,11,7.9,12.4,1.3,134,8,7.1,11.8,1.2,138,11,0,29.25,,0,0,0,68.2,68.5,65.1,0.23,0.32,0.31
GFLD,2017-08-21 05:15:00 EDT,43.71680,-75.40925,838,60.0,60.7,60.0,92.7,57.9,0.000,0.000,0.00,0.000,7.5,11.5,1.5,138,10,8.1,12.6,1.7,135,9,7.5,11.5,1.5,138,10,0,29.25,,0,0,0,67.9,68.5,65.2,0.23,0.32,0.31
GFLD,2017-08-21 05:20:00 EDT,43.71680,-75.40925,838,59.9,60.7,59.9,93.0,57.9,0.000,0.000,0.00,0.000,6.8,9.6,1.1,139,10,7.4,10.8,1.3,136,8,6.8,9.6,1.1,139,10,0,29.25,,0,0,0,67.8,68.5,65.2,0.23,0.32,0.30
GFLD,2017-08-21 05:25:00 EDT,43.71680,-75.40925,838,59.8,60.5,59.8,93.1,57.8,0.000,0.000,0.00,0.000,6.1,8.6,1.0,139,11,6.7,10.2,1.1,135,9,6.1,8.6,1.0,139,11,0,29.25,,0,0,0,67.8,68.5,65.2,0.23,0.32,0.31
GFLD,2017-08-21 05:30:00 EDT,43.71680,-75.40925,838,59.7,60.5,59.7,93.3,57.8,0.000,0.000,0.00,0.000,6.5,8.8,1.0,139,10,7.3,10.1,1.2,135,8,6.5,8.8,1.0,139,10,0,29.25,,0,0,0,67.8,68.5,65.2,0.23,0.32,0.31
GFLD,2017-08-21 05:35:00 EDT,43.71680,-75.40925,838,59.7,60.5,59.7,93.4,57.8,0.000,0.000,0.00,0.000,6.3,8.8,1.2,143,11,7.0,9.8,1.3,138,8,6.3,8.8,1.2,143,11,0,29.26,,0,0,0,67.8,68.5,65.3,0.23,0.32,0.31
GFLD,2017-08-21 05:40:00 EDT,43.71680,-75.40925,838,59.7,60.5,59.7,93.4,57.8,0.000,0.000,0.00,0.000,6.1,8.9,1.2,145,10,6.7,10.4,1.4,142,9,6.1,8.9,1.2,145,10,0,29.26,,0,0,0,67.8,68.5,65.3,0.23,0.32,0.31
GFLD,2017-08-21 05:45:00 EDT,43.71680,-75.40925,838,59.7,60.5,59.7,93.4,57.8,0.000,0.000,0.00,0.000,6.0,9.1,1.1,143,12,6.6,9.3,1.3,140,11,6.0,9.1,1.1,143,12,0,29.26,,0,0,0,67.8,68.5,65.2,0.23,0.32,0.31
GFLD,2017-08-21 05:50:00 EDT,43.71680,-75.40925,838,59.8,60.6,59.8,93.6,57.9,0.000,0.000,0.00,0.000,6.5,11.0,1.5,141,11,7.1,12.1,1.6,137,9,6.5,11.0,1.5,141,11,0,29.26,,0,0,0,67.8,68.5,65.3,0.23,0.32,0.31
GFLD,2017-08-21 05:55:00 EDT,43.71680,-75.40925,838,59.9,60.6,59.9,93.2,57.9,0.000,0.000,0.00,0.000,6.8,9.8,1.1,140,10,7.4,10.7,1.2,137,9,6.8,9.8,1.1,140,10,0,29.25,,0,0,0,67.8,68.5,65.3,0.23,0.32,0.31
GFLD,2017-08-21 06:00:00 EDT,43.71680,-75.40925,838,59.8,60.5,59.8,93.1,57.8,0.000,0.000,0.00,0.000,6.4,9.1,1.2,143,12,6.9,11.7,1.4,140,11,6.4,9.1,1.2,143,12,0,29.25,,0,0,0,67.8,68.5,65.3,0.23,0.32,0.31
GFLD,2017-08-21 06:05:00 EDT,43.71680,-75.40925,838,59.7,60.5,59.7,93.4,57.8,0.000,0.000,0.00,0.000,6.2,8.6,1.2,149,10,6.8,9.4,1.2,144,10,6.2,8.6,1.2,149,10,2,29.26,,0,0,0,67.8,68.5,65.2,0.23,0.32,0.31
GFLD,2017-08-21 06:10:00 EDT,43.71680,-75.40925,838,59.7,60.3,59.7,93.6,57.8,0.000,0.000,0.00,0.000,6.3,9.3,1.3,144,9,6.8,10.2,1.4,140,8,6.3,9.3,1.3,144,9,3,29.26,,0,0,0,67.8,68.5,65.3,0.23,0.32,0.31
GFLD,2017-08-21 06:15:00 EDT,43.71680,-75.40925,838,59.6,60.2,59.6,93.6,57.7,0.000,0.000,0.00,0.000,5.7,8.9,1.0,147,15,6.2,9.3,1.1,144,13,5.7,8.9,1.0,147,15,2,29.26,,0,0,0,67.8,68.5,65.4,0.23,0.32,0.31
GFLD,2017-08-21 06:20:00 EDT,43.71680,-75.40925,838,59.5,60.2,59.5,94.0,57.8,0.000,0.000,0.00,0.000,5.4,8.0,0.9,150,9,5.8,7.9,1.0,145,9,5.4,8.0,0.9,150,9,3,29.26,,0,0,0,67.8,68.5,65.4,0.23,0.32,0.31
GFLD,2017-08-21 06:25:00 EDT,43.71680,-75.40925,838,59.5,60.2,59.5,94.1,57.8,0.000,0.000,0.00,0.000,5.3,7.0,0.8,147,10,5.8,8.6,0.8,143,9,5.3,7.0,0.8,147,10,6,29.26,,0,0,0,67.8,68.5,65.4,0.23,0.32,0.31
GFLD,2017-08-21 06:30:00 EDT,43.71680,-75.40925,838,59.5,60.2,59.5,94.3,57.8,0.000,0.000,0.00,0.000,5.5,7.8,1.0,143,10,6.1,8.0,1.0,138,9,5.5,7.8,1.0,143,10,10,29.26,,0,0,0,67.7,68.5,65.4,0.23,0.32,0.31
GFLD,2017-08-21 06:35:00 EDT,43.71680,-75.40925,838,59.6,60.1,59.6,94.2,57.9,0.000,0.000,0.00,0.000,5.7,8.0,1.1,146,11,6.2,9.0,1.1,141,10,5.7,8.0,1.1,146,11,15,29.26,,0,0,0,67.6,68.5,65.4,0.23,0.32,0.31
GFLD,2017-08-21 06:40:00 EDT,43.71680,-75.40925,838,59.5,60.1,59.5,94.2,57.8,0.000,0.000,0.00,0.000,5.6,7.6,0.8,145,10,6.1,8.6,0.9,140,8,5.6,7.6,0.8,145,10,18,29.26,,0,0,0,67.5,68.5,65.4,0.23,0.32,0.31
GFLD,2017-08-21 06:45:00 EDT,43.71680,-75.40925,838,59.4,60.1,59.4,94.4,57.8,0.000,0.000,0.00,0.000,6.1,8.5,0.9,144,11,6.6,8.9,0.9,139,9,6.1,8.5,0.9,144,11,23,29.26,,0,0,0,67.5,68.5,65.4,0.23,0.32,0.31
GFLD,2017-08-21 06:50:00 EDT,43.71680,-75.40925,838,59.4,60.0,59.4,94.4,57.8,0.000,0.000,0.00,0.000,6.5,8.5,1.0,147,9,7.0,9.2,1.0,143,8,6.5,8.5,1.0,147,9,27,29.26,,0,0,0,67.5,68.5,65.4,0.23,0.32,0.31
GFLD,2017-08-21 06:55:00 EDT,43.71680,-75.40925,838,59.4,59.9,59.4,94.5,57.9,0.000,0.000,0.00,0.000,6.1,8.1,0.9,147,10,6.6,8.9,1.0,143,8,6.1,8.1,0.9,147,10,37,29.26,,0,0,0,67.5,68.5,65.4,0.23,0.32,0.31
GFLD,2017-08-21 07:00:00 EDT,43.71680,-75.40925,838,59.4,59.8,59.4,94.5,57.8,0.000,0.000,0.00,0.000,6.4,9.4,1.1,142,10,7.0,9.9,1.1,138,9,6.4,9.4,1.1,142,10,53,29.26,,0,0,0,67.5,68.5,65.4,0.23,0.32,0.31
GFLD,2017-08-21 07:05:00 EDT,43.71680,-75.40925,838,59.4,59.8,59.4,94.5,57.8,0.000,0.000,0.00,0.000,6.1,8.6,1.0,140,10,6.6,9.4,1.1,137,8,6.1,8.6,1.0,140,10,65,29.26,,0,0,0,67.5,68.5,65.5,0.23,0.32,0.31
GFLD,2017-08-21 07:10:00 EDT,43.71680,-75.40925,838,59.5,59.8,59.5,94.4,57.9,0.000,0.000,0.00,0.000,6.4,8.9,1.1,139,10,7.1,9.9,1.1,136,9,6.4,8.9,1.1,139,10,70,29.26,,0,0,0,67.5,68.5,65.4,0.23,0.32,0.31
GFLD,2017-08-21 07:15:00 EDT,43.71680,-75.40925,838,59.6,59.8,59.6,94.4,58.0,0.000,0.000,0.00,0.000,6.0,8.3,0.8,143,10,6.5,8.5,0.9,138,8,6.0,8.3,0.8,143,10,67,29.26,,0,0,0,67.5,68.5,65.4,0.23,0.32,0.31
GFLD,2017-08-21 07:20:00 EDT,43.71680,-75.40925,838,59.7,60.0,59.7,94.3,58.1,0.000,0.000,0.00,0.000,5.5,8.4,1.0,146,11,6.0,8.7,1.1,141,9,5.5,8.4,1.0,146,11,92,29.26,,0,0,0,67.5,68.4,65.5,0.23,0.32,0.31
GFLD,2017-08-21 07:25:00 EDT,43.71680,-75.40925,838,60.0,60.2,60.0,93.7,58.2,0.000,0.000,0.00,0.000,6.5,8.7,1.1,149,9,6.9,9.8,1.2,143,8,6.5,8.7,1.1,149,9,126,29.26,,0,0,0,67.5,68.4,65.5,0.23,0.32,0.31
GFLD,2017-08-21 07:30:00 EDT,43.71680,-75.40925,838,60.5,60.6,60.5,92.9,58.4,0.000,0.000,0.00,0.000,5.9,8.6,1.1,141,10,6.4,9.6,1.1,137,10,5.9,8.6,1.1,141,10,152,29.26,,0,0,0,67.5,68.3,65.5,0.23,0.32,0.31
GFLD,2017-08-21 07:35:00 EDT,43.71680,-75.40925,838,60.9,61.0,60.9,91.9,58.5,0.000,0.000,0.00,0.000,6.3,9.0,1.2,142,13,6.8,9.4,1.3,137,11,6.3,9.0,1.2,142,13,163,29.26,,0,0,0,67.5,68.3,65.5,0.23,0.32,0.31
GFLD,2017-08-21 07:40:00 EDT,43.71680,-75.40925,838,61.3,61.3,61.3,91.1,58.7,0.000,0.000,0.00,0.000,5.5,7.4,0.9,140,11,5.9,8.0,0.9,136,11,5.5,7.4,0.9,140,11,166,29.26,,0,0,0,67.4,68.3,65.5,0.23,0.32,0.31
GFLD,2017-08-21 07:45:00 EDT,43.71680,-75.40925,838,61.4,61.4,61.4,90.7,58.7,0.000,0.000,0.00,0.000,6.2,8.8,1.0,145,10,6.7,9.9,1.1,140,10,6.2,8.8,1.0,145,10,150,29.26,,0,0,0,67.3,68.3,65.5,0.23,0.32,0.31
GFLD,2017-08-21 07:50:00 EDT,43.71680,-75.40925,838,61.5,61.6,61.5,90.4,58.7,0.000,0.000,0.00,0.000,7.8,9.9,1.0,151,8,8.3,10.6,1.1,147,8,7.8,9.9,1.0,151,8,161,29.26,,0,0,0,67.2,68.2,65.5,0.23,0.32,0.31
GFLD,2017-08-21 07:55:00 EDT,43.71680,-75.40925,838,61.8,61.7,61.8,90.1,58.8,0.000,0.000,0.00,0.000,6.8,8.5,1.0,151,11,7.3,10.7,1.1,147,12,6.8,8.5,1.0,151,11,209,29.26,,0,0,0,67.2,68.2,65.5,0.23,0.32,0.31
GFLD,2017-08-21 08:00:00 EDT,43.71680,-75.40925,838,62.2,62.1,62.2,89.6,59.1,0.000,0.000,0.00,0.000,6.4,8.8,1.1,150,11,6.9,9.6,1.2,146,10,6.4,8.8,1.1,150,11,188,29.25,,0,0,0,67.1,68.2,65.5,0.23,0.32,0.31
GFLD,2017-08-21 08:05:00 EDT,43.71680,-75.40925,838,62.4,62.4,62.4,89.1,59.1,0.000,0.000,0.00,0.000,7.2,10.4,1.4,154,10,7.7,11.8,1.5,150,10,7.2,10.4,1.4,154,10,183,29.26,,0,0,0,67.1,68.2,65.5,0.23,0.32,0.31
GFLD,2017-08-21 08:10:00 EDT,43.71680,-75.40925,838,62.8,62.7,62.8,88.4,59.3,0.000,0.000,0.00,0.000,6.5,10.0,1.5,148,12,7.1,10.7,1.5,144,11,6.5,10.0,1.5,148,12,216,29.26,,0,0,0,67.1,68.2,65.5,0.23,0.32,0.31
GFLD,2017-08-21 08:15:00 EDT,43.71680,-75.40925,838,63.2,63.1,63.2,87.9,59.6,0.000,0.000,0.00,0.000,5.6,9.3,1.2,148,13,6.3,11.4,1.5,145,13,5.6,9.3,1.2,148,13,235,29.26,,0,0,0,67.1,68.2,65.5,0.23,0.32,0.30
GFLD,2017-08-21 08:20:00 EDT,43.71680,-75.40925,838,63.6,63.3,63.6,86.8,59.6,0.000,0.000,0.00,0.000,5.9,8.5,1.2,133,15,6.3,8.8,1.2,128,15,5.9,8.5,1.2,133,15,272,29.25,,0,0,0,67.1,68.2,65.5,0.23,0.32,0.31
GFLD,2017-08-21 08:25:00 EDT,43.71680,-75.40925,838,63.7,63.4,63.7,86.5,59.6,0.000,0.000,0.00,0.000,6.0,8.6,1.2,125,13,6.4,9.0,1.3,123,12,6.0,8.6,1.2,125,13,270,29.25,,0,0,0,67.1,68.2,65.5,0.23,0.32,0.31
GFLD,2017-08-21 08:30:00 EDT,43.71680,-75.40925,838,64.2,63.9,64.2,86.9,60.2,0.000,0.000,0.00,0.000,6.4,9.3,1.4,144,10,7.1,10.1,1.5,139,11,6.4,9.3,1.4,144,10,296,29.25,,0,0,0,67.1,68.2,65.5,0.23,0.32,0.31
GFLD,2017-08-21 08:35:00 EDT,43.71680,-75.40925,838,64.5,64.2,64.5,85.5,60.1,0.000,0.000,0.00,0.000,6.3,10.2,1.9,146,16,7.0,10.5,2.0,142,13,6.3,10.2,1.9,146,16,317,29.25,,0,0,0,67.1,68.2,65.5,0.23,0.32,0.31
GFLD,2017-08-21 08:40:00 EDT,43.71680,-75.40925,838,65.1,64.6,65.1,84.8,60.5,0.000,0.000,0.00,0.000,7.6,11.9,1.6,146,13,8.3,12.6,1.7,142,12,7.6,11.9,1.6,146,13,312,29.25,,0,0,0,67.1,68.2,65.5,0.23,0.32,0.31
GFLD,2017-08-21 08:45:00 EDT,43.71680,-75.40925,838,65.4,64.9,65.4,85.3,60.8,0.000,0.000,0.00,0.000,6.3,10.4,1.4,149,12,7.0,11.1,1.5,145,11,6.3,10.4,1.4,149,12,298,29.25,,0,0,0,67.1,68.2,65.5,0.23,0.32,0.31
GFLD,2017-08-21 08:50:00 EDT,43.71680,-75.40925,838,65.9,65.4,65.9,84.3,61.1,0.000,0.000,0.00,0.000,6.0,9.1,1.2,146,11,6.6,11.2,1.4,143,11,6.0,9.1,1.2,146,11,337,29.25,,0,0,0,67.1,68.2,65.4,0.23,0.32,0.31
GFLD,2017-08-21 08:55:00 EDT,43.71680,-75.40925,838,66.5,65.9,66.5,83.9,61.5,0.000,0.000,0.00,0.000,5.6,8.1,1.2,146,14,6.1,10.1,1.4,143,14,5.6,8.1,1.2,146,14,356,29.25,,0,0,0,67.1,68.2,65.5,0.23,0.32,0.31
GFLD,2017-08-21 09:00:00 EDT,43.71680,-75.40925,838,66.9,66.3,66.9,82.6,61.5,0.000,0.000,0.00,0.000,6.3,9.4,1.3,146,13,6.9,11.0,1.3,141,12,6.3,9.4,1.3,146,13,374,29.25,,0,0,0,67.1,68.2,65.5,0.23,0.32,0.31
GFLD,2017-08-21 09:05:00 EDT,43.71680,-75.40925,838,67.7,66.7,67.7,82.2,62.1,0.000,0.000,0.00,0.000,5.6,10.3,1.7,134,20,6.1,11.9,1.7,131,20,5.6,10.3,1.7,134,20,395,29.25,,0,0,0,67.1,68.2,65.4,0.23,0.32,0.31
GFLD,2017-08-21 09:10:00 EDT,43.71680,-75.40925,838,67.9,67.1,67.9,81.1,61.9,0.000,0.000,0.00,0.000,5.3,8.6,1.4,137,12,5.8,9.2,1.4,134,11,5.3,8.6,1.4,137,12,394,29.25,,0,0,0,67.1,68.2,65.5,0.23,0.32,0.31
GFLD,2017-08-21 09:15:00 EDT,43.71680,-75.40925,838,68.3,67.4,68.3,81.1,62.3,0.000,0.000,0.00,0.000,6.1,9.6,1.5,146,14,6.6,10.1,1.5,141,13,6.1,9.6,1.5,146,14,422,29.25,,0,0,0,67.1,68.2,65.5,0.23,0.32,0.31
GFLD,2017-08-21 09:20:00 EDT,43.71680,-75.40925,838,69.2,68.1,69.2,80.3,62.9,0.000,0.000,0.00,0.000,6.4,9.4,1.1,145,14,7.0,10.7,1.3,141,11,6.4,9.4,1.1,145,14,432,29.25,,0,0,0,67.1,68.2,65.5,0.23,0.32,0.31
GFLD,2017-08-21 09:25:00 EDT,43.71680,-75.40925,838,69.6,68.7,69.6,79.0,62.8,0.000,0.000,0.00,0.000,6.9,10.2,1.3,148,10,7.3,10.7,1.4,145,10,6.9,10.2,1.3,148,10,439,29.25,,0,0,0,67.1,68.2,65.5,0.23,0.32,0.31
GFLD,2017-08-21 09:30:00 EDT,43.71680,-75.40925,838,70.0,68.9,70.0,78.5,63.1,0.000,0.000,0.00,0.000,7.1,9.3,1.2,146,13,7.6,9.8,1.2,142,12,7.1,9.3,1.2,146,13,451,29.25,,0,0,0,67.1,68.2,65.5,0.23,0.32,0.31
GFLD,2017-08-21 09:35:00 EDT,43.71680,-75.40925,838,70.1,69.2,70.1,78.7,63.2,0.000,0.000,0.00,0.000,7.0,9.6,1.1,136,13,7.6,11.3,1.4,133,12,7.0,9.6,1.1,136,13,335,29.25,,0,0,0,67.1,68.2,65.5,0.23,0.32,0.31
GFLD,2017-08-21 09:40:00 EDT,43.71680,-75.40925,838,69.3,69.1,69.3,79.4,62.7,0.000,0.000,0.00,0.000,6.8,10.4,1.3,137,12,7.4,11.2,1.3,133,10,6.8,10.4,1.3,137,12,211,29.25,,0,0,0,67.2,68.2,65.5,0.23,0.32,0.31
GFLD,2017-08-21 09:45:00 EDT,43.71680,-75.40925,838,69.1,68.8,69.1,80.7,62.9,0.000,0.000,0.00,0.000,7.1,10.4,1.2,127,11,7.6,11.4,1.4,124,10,7.1,10.4,1.2,127,11,262,29.25,,0,0,0,67.3,68.2,65.5,0.23,0.32,0.31
GFLD,2017-08-21 09:50:00 EDT,43.71680,-75.40925,838,69.8,69.2,69.8,80.5,63.5,0.000,0.000,0.00,0.000,7.0,9.6,1.3,128,11,7.5,10.3,1.4,125,9,7.0,9.6,1.3,128,11,452,29.25,,0,0,0,67.5,68.1,65.5,0.23,0.32,0.31
GFLD,2017-08-21 09:55:00 EDT,43.71680,-75.40925,838,71.1,70.1,71.1,79.4,64.4,0.000,0.000,0.00,0.000,5.7,9.4,1.7,135,14,6.1,11.6,1.8,130,12,5.7,9.4,1.7,135,14,514,29.25,,0,0,0,67.5,68.1,65.5,0.23,0.32,0.31
GFLD,2017-08-21 10:00:00 EDT,43.71680,-75.40925,838,71.8,70.7,71.8,77.2,64.2,0.000,0.000,0.00,0.000,6.2,9.6,1.4,128,13,6.7,9.9,1.4,125,12,6.2,9.6,1.4,128,13,547,29.25,,0,0,0,67.5,68.1,65.5,0.23,0.32,0.31
GFLD,2017-08-21 10:05:00 EDT,43.71680,-75.40925,838,72.7,71.6,72.7,77.4,65.3,0.000,0.000,0.00,0.000,6.6,11.3,1.7,127,13,7.1,12.2,1.8,125,12,6.6,11.3,1.7,127,13,552,29.25,,0,0,0,67.5,68.0,65.5,0.23,0.32,0.31
GFLD,2017-08-21 10:10:00 EDT,43.71680,-75.40925,838,73.5,72.3,73.5,76.0,65.5,0.000,0.000,0.00,0.000,7.0,10.2,1.2,137,17,7.6,12.2,1.3,136,16,7.0,10.2,1.2,137,17,554,29.24,,0,0,0,67.5,68.0,65.5,0.23,0.32,0.31
GFLD,2017-08-21 10:15:00 EDT,43.71680,-75.40925,838,74.2,73.1,74.2,72.9,65.0,0.000,0.000,0.00,0.000,8.3,11.0,1.6,147,10,9.0,12.3,1.7,144,10,8.3,11.0,1.6,147,10,561,29.25,,0,0,0,67.5,67.9,65.5,0.23,0.32,0.31
GFLD,2017-08-21 10:20:00 EDT,43.71680,-75.40925,838,74.5,73.4,74.5,72.7,65.1,0.000,0.000,0.00,0.000,7.6,11.0,1.6,140,10,8.4,12.4,1.7,137,10,7.6,11.0,1.6,140,10,570,29.24,,0,0,0,67.6,67.9,65.5,0.23,0.32,0.31
GFLD,2017-08-21 10:25:00 EDT,43.71680,-75.40925,838,75.0,73.9,75.0,72.6,65.6,0.000,0.000,0.00,0.000,7.7,10.8,1.7,144,12,8.4,12.2,1.9,140,11,7.7,10.8,1.7,144,12,581,29.24,,0,0,0,67.8,67.9,65.5,0.23,0.32,0.31
GFLD,2017-08-21 10:30:00 EDT,43.71680,-75.40925,838,75.4,74.4,75.4,70.7,65.2,0.000,0.000,0.00,0.000,7.5,11.3,1.6,159,15,8.1,12.4,1.7,156,15,7.5,11.3,1.6,159,15,585,29.24,,0,0,0,67.8,67.9,65.5,0.23,0.32,0.31
GFLD,2017-08-21 10:35:00 EDT,43.71680,-75.40925,838,75.8,74.7,75.8,71.2,65.8,0.000,0.000,0.00,0.000,6.1,9.6,1.2,161,17,6.6,10.8,1.4,159,18,6.1,9.6,1.2,161,17,592,29.24,,0,0,0,67.8,67.8,65.5,0.23,0.32,0.31
GFLD,2017-08-21 10:40:00 EDT,43.71680,-75.40925,838,76.4,75.1,76.4,72.1,66.7,0.000,0.000,0.00,0.000,4.1,6.1,0.9,141,17,4.4,6.5,1.1,139,18,4.1,6.1,0.9,141,17,605,29.24,,0,0,0,67.8,67.8,65.4,0.23,0.32,0.31
GFLD,2017-08-21 10:45:00 EDT,43.71680,-75.40925,838,77.0,75.6,77.0,71.1,66.9,0.000,0.000,0.00,0.000,5.6,8.5,1.3,144,14,6.3,10.6,1.4,141,13,5.6,8.5,1.3,144,14,613,29.24,,0,0,0,67.8,67.8,65.5,0.23,0.32,0.31
GFLD,2017-08-21 10:50:00 EDT,43.71680,-75.40925,838,77.5,76.0,77.5,71.2,67.5,0.000,0.000,0.00,0.000,6.1,8.1,1.1,138,16,6.8,10.5,1.3,135,15,6.1,8.1,1.1,138,16,618,29.24,,0,0,0,67.8,67.8,65.5,0.23,0.32,0.31
GFLD,2017-08-21 10:55:00 EDT,43.71680,-75.40925,838,77.4,76.1,77.4,69.2,66.5,0.000,0.000,0.00,0.000,8.3,11.0,1.2,149,9,8.9,12.0,1.4,145,9,8.3,11.0,1.2,149,9,629,29.24,,0,0,0,68.2,67.8,65.5,0.23,0.32,0.31
GFLD,2017-08-21 11:00:00 EDT,43.71680,-75.40925,838,77.9,76.8,77.9,67.7,66.4,0.000,0.000,0.00,0.000,7.8,10.8,1.9,151,13,8.4,11.8,2.0,147,12,7.8,10.8,1.9,151,13,636,29.24,,0,0,0,68.2,67.8,65.5,0.23,0.32,0.31
GFLD,2017-08-21 11:05:00 EDT,43.71680,-75.40925,838,78.4,77.3,78.4,67.6,66.8,0.000,0.000,0.00,0.000,4.8,7.7,1.1,149,15,5.4,8.9,1.2,147,15,4.8,7.7,1.1,149,15,643,29.24,,0,0,0,68.2,67.8,65.5,0.23,0.32,0.31
GFLD,2017-08-21 11:10:00 EDT,43.71680,-75.40925,838,79.1,78.2,79.1,66.3,66.9,0.000,0.000,0.00,0.000,4.9,7.6,1.3,159,18,5.5,9.6,1.5,155,17,4.9,7.6,1.3,159,18,647,29.23,,0,0,0,68.3,67.8,65.5,0.23,0.32,0.31
GFLD,2017-08-21 11:15:00 EDT,43.71680,-75.40925,838,79.2,78.1,79.2,65.0,66.5,0.000,0.000,0.00,0.000,6.0,10.7,1.7,169,16,6.8,12.2,1.8,167,14,6.0,10.7,1.7,169,16,659,29.23,,0,0,0,68.5,67.8,65.5,0.23,0.32,0.31
GFLD,2017-08-21 11:20:00 EDT,43.71680,-75.40925,838,79.4,78.6,79.4,60.5,64.5,0.000,0.000,0.00,0.000,7.1,11.0,1.9,174,18,7.7,13.2,1.9,172,16,7.1,11.0,1.9,174,18,665,29.23,,0,0,0,68.5,67.8,65.5,0.23,0.32,0.30
GFLD,2017-08-21 11:25:00 EDT,43.71680,-75.40925,838,80.2,79.3,82.1,60.3,65.2,0.000,0.000,0.00,0.000,5.7,10.5,2.3,171,22,6.4,13.5,2.6,169,21,5.7,10.5,2.3,171,22,671,29.23,,0,0,0,68.5,67.8,65.5,0.23,0.32,0.31
GFLD,2017-08-21 11:30:00 EDT,43.71680,-75.40925,838,79.6,78.8,79.6,58.8,63.9,0.000,0.000,0.00,0.000,7.8,11.0,1.4,174,17,8.6,12.7,1.7,172,16,7.8,11.0,1.4,174,17,681,29.23,,0,0,0,68.6,67.8,65.5,0.23,0.32,0.31
GFLD,2017-08-21 11:35:00 EDT,43.71680,-75.40925,838,79.8,79.3,79.8,54.3,61.9,0.000,0.000,0.00,0.000,8.3,11.7,1.4,210,15,8.8,12.1,1.7,206,14,8.3,11.7,1.4,210,15,687,29.23,,0,0,0,68.9,67.8,65.5,0.23,0.32,0.31
GFLD,2017-08-21 11:40:00 EDT,43.71680,-75.40925,838,79.7,79.1,79.7,55.3,62.3,0.000,0.000,0.00,0.000,6.5,10.7,2.3,193,16,7.0,11.5,2.6,190,15,6.5,10.7,2.3,193,16,691,29.22,,0,0,0,68.9,67.8,65.5,0.23,0.32,0.31
GFLD,2017-08-21 11:45:00 EDT,43.71680,-75.40925,838,80.2,79.4,81.8,57.5,63.9,0.000,0.000,0.00,0.000,5.5,9.5,1.5,197,23,5.9,10.8,1.8,196,23,5.5,9.5,1.5,197,23,694,29.22,,0,0,0,68.9,67.8,65.5,0.23,0.32,0.31
GFLD,2017-08-21 11:50:00 EDT,43.71680,-75.40925,838,80.8,80.0,81.9,53.2,62.1,0.000,0.000,0.00,0.000,5.9,9.5,1.2,190,19,6.5,11.6,1.6,186,17,5.9,9.5,1.2,190,19,706,29.22,,0,0,0,69.2,67.8,65.5,0.23,0.32,0.30
GFLD,2017-08-21 11:55:00 EDT,43.71680,-75.40925,838,81.0,80.1,82.0,52.8,62.1,0.000,0.000,0.00,0.000,6.2,10.4,1.4,212,19,6.6,10.8,1.6,209,19,6.2,10.4,1.4,212,19,713,29.22,,0,0,0,69.3,67.8,65.5,0.23,0.32,0.30
GFLD,2017-08-21 12:00:00 EDT,43.71680,-75.40925,838,80.5,79.9,81.2,50.0,60.1,0.000,0.000,0.00,0.000,8.8,12.6,1.8,206,8,9.2,13.6,1.9,203,8,8.8,12.6,1.8,206,8,720,29.22,,0,0,0,69.3,67.8,65.5,0.23,0.32,0.30
GFLD,2017-08-21 12:05:00 EDT,43.71680,-75.40925,838,80.7,79.9,81.5,50.1,60.4,0.000,0.000,0.00,0.000,5.7,9.8,1.8,201,16,6.2,10.3,2.0,198,14,5.7,9.8,1.8,201,16,725,29.21,,0,0,0,69.3,67.8,65.5,0.23,0.32,0.30
GFLD,2017-08-21 12:10:00 EDT,43.71680,-75.40925,838,81.6,80.7,82.4,50.0,61.2,0.000,0.000,0.00,0.000,6.9,10.6,1.9,170,23,7.6,12.3,2.1,168,23,6.9,10.6,1.9,170,23,730,29.21,,0,0,0,69.6,67.8,65.5,0.23,0.32,0.30
GFLD,2017-08-21 12:15:00 EDT,43.71680,-75.40925,838,81.3,80.5,82.0,50.1,60.9,0.000,0.000,0.00,0.000,5.9,10.4,1.8,212,22,6.3,10.7,1.9,209,20,5.9,10.4,1.8,212,22,733,29.22,,0,0,0,69.6,67.8,65.5,0.23,0.32,0.30
GFLD,2017-08-21 12:20:00 EDT,43.71680,-75.40925,838,81.6,80.9,82.3,49.4,60.8,0.000,0.000,0.00,0.000,5.6,9.1,1.4,186,17,6.3,9.8,1.5,183,16,5.6,9.1,1.4,186,17,734,29.22,,0,0,0,69.6,67.8,65.5,0.23,0.32,0.30
GFLD,2017-08-21 12:25:00 EDT,43.71680,-75.40925,838,81.3,80.7,81.9,49.1,60.4,0.000,0.000,0.00,0.000,7.6,11.6,2.0,197,11,8.2,12.4,2.0,194,10,7.6,11.6,2.0,197,11,739,29.22,,0,0,0,69.9,67.8,65.5,0.23,0.32,0.30
GFLD,2017-08-21 12:30:00 EDT,43.71680,-75.40925,838,81.7,80.9,82.5,50.3,61.4,0.000,0.000,0.00,0.000,7.1,11.3,1.7,185,16,7.8,11.9,1.8,183,16,7.1,11.3,1.7,185,16,739,29.22,,0,0,0,70.0,67.8,65.5,0.23,0.32,0.30
GFLD,2017-08-21 12:35:00 EDT,43.71680,-75.40925,838,81.7,80.9,82.1,47.8,60.0,0.000,0.000,0.00,0.000,8.4,13.8,2.4,206,20,9.0,15.5,2.6,203,20,8.4,13.8,2.4,206,20,738,29.21,,0,0,0,70.0,67.8,65.5,0.23,0.32,0.30
GFLD,2017-08-21 12:40:00 EDT,43.71680,-75.40925,838,81.6,80.9,81.9,47.0,59.4,0.000,0.000,0.00,0.000,6.5,9.9,1.5,218,15,6.8,11.0,1.5,214,15,6.5,9.9,1.5,218,15,735,29.21,,0,0,0,70.2,67.8,65.5,0.23,0.32,0.30
GFLD,2017-08-21 12:45:00 EDT,43.71680,-75.40925,838,81.9,81.2,82.4,48.1,60.4,0.000,0.000,0.00,0.000,7.2,13.4,2.9,206,16,7.6,14.6,3.0,203,16,7.2,13.4,2.9,206,16,740,29.21,,0,0,0,70.3,67.8,65.5,0.23,0.32,0.30
GFLD,2017-08-21 12:50:00 EDT,43.71680,-75.40925,838,81.8,81.2,82.4,48.7,60.6,0.000,0.000,0.00,0.000,7.6,13.2,1.8,215,16,8.3,15.0,2.0,212,15,7.6,13.2,1.8,215,16,745,29.21,,0,0,0,70.3,67.8,65.5,0.23,0.32,0.30
GFLD,2017-08-21 12:55:00 EDT,43.71680,-75.40925,838,82.1,81.2,82.5,47.1,59.9,0.000,0.000,0.00,0.000,5.8,9.9,1.7,222,27,6.3,10.8,1.7,219,28,5.8,9.9,1.7,222,27,742,29.21,,0,0,0,70.5,67.8,65.5,0.23,0.32,0.30
GFLD,2017-08-21 13:00:00 EDT,43.71680,-75.40925,838,82.1,81.4,82.6,48.1,60.6,0.000,0.000,0.00,0.000,6.1,11.0,1.3,204,15,6.7,12.6,1.5,201,14,6.1,11.0,1.3,204,15,732,29.21,,0,0,0,70.7,67.8,65.5,0.23,0.32,0.30
GFLD,2017-08-21 13:05:00 EDT,43.71680,-75.40925,838,81.9,81.5,81.7,42.7,57.0,0.000,0.000,0.00,0.000,9.0,15.9,2.6,219,12,9.3,16.7,2.5,215,11,9.0,15.9,2.6,219,12,746,29.21,,0,0,0,70.7,67.8,65.5,0.23,0.32,0.30
GFLD,2017-08-21 13:10:00 EDT,43.71680,-75.40925,838,82.1,81.6,82.1,44.5,58.3,0.000,0.000,0.00,0.000,7.6,12.7,1.9,219,16,8.2,13.8,2.1,215,16,7.6,12.7,1.9,219,16,740,29.21,,0,0,0,70.8,67.8,65.4,0.23,0.32,0.30
GFLD,2017-08-21 13:15:00 EDT,43.71680,-75.40925,838,82.0,81.5,82.1,45.2,58.7,0.000,0.000,0.00,0.000,9.2,13.7,2.0,222,14,9.4,13.4,1.8,218,14,9.2,13.7,2.0,222,14,737,29.21,,0,0,0,71.1,67.8,65.5,0.23,0.32,0.30
GFLD,2017-08-21 13:20:00 EDT,43.71680,-75.40925,838,82.2,81.7,82.5,46.7,59.8,0.000,0.000,0.00,0.000,7.5,11.5,1.9,225,20,8.0,12.0,1.9,223,20,7.5,11.5,1.9,225,20,737,29.21,,0,0,0,71.1,67.8,65.5,0.22,0.32,0.30
GFLD,2017-08-21 13:25:00 EDT,43.71680,-75.40925,838,82.4,81.8,82.8,46.9,60.1,0.000,0.000,0.00,0.000,8.8,15.1,1.9,201,17,9.5,16.9,2.2,198,15,8.8,15.1,1.9,201,17,722,29.21,,0,0,0,71.1,67.8,65.5,0.22,0.32,0.30
GFLD,2017-08-21 13:30:00 EDT,43.71680,-75.40925,838,82.3,81.8,82.7,47.1,60.1,0.000,0.000,0.00,0.000,8.3,12.9,1.7,218,15,8.7,12.3,1.6,214,15,8.3,12.9,1.7,218,15,709,29.21,,0,0,0,71.4,67.8,65.5,0.23,0.32,0.30
GFLD,2017-08-21 13:35:00 EDT,43.71680,-75.40925,838,82.2,81.7,82.4,45.8,59.2,0.000,0.000,0.00,0.000,7.7,11.7,1.6,220,18,8.1,12.4,1.9,217,18,7.7,11.7,1.6,220,18,686,29.21,,0,0,0,71.4,67.8,65.4,0.23,0.32,0.30
GFLD,2017-08-21 13:40:00 EDT,43.71680,-75.40925,838,82.2,81.9,82.6,46.8,59.9,0.000,0.000,0.00,0.000,5.0,8.3,1.5,208,18,5.3,8.9,1.6,205,17,5.0,8.3,1.5,208,18,652,29.21,,0,0,0,71.4,67.8,65.5,0.23,0.32,0.30
GFLD,2017-08-21 13:45:00 EDT,43.71680,-75.40925,838,82.8,82.3,83.5,48.8,61.6,0.000,0.000,0.00,0.000,5.9,11.2,2.2,208,21,6.3,11.7,2.2,206,21,5.9,11.2,2.2,208,21,614,29.21,,0,0,0,71.5,67.8,65.5,0.23,0.32,0.30
GFLD,2017-08-21 13:50:00 EDT,43.71680,-75.40925,838,81.9,81.7,82.2,46.8,59.6,0.000,0.000,0.00,0.000,6.6,10.6,1.5,203,16,7.3,10.9,1.5,200,16,6.6,10.6,1.5,203,16,572,29.21,,0,0,0,71.8,67.8,65.5,0.23,0.32,0.30
GFLD,2017-08-21 13:55:00 EDT,43.71680,-75.40925,838,81.7,81.6,82.1,47.9,60.0,0.000,0.000,0.00,0.000,7.5,11.8,2.1,203,15,7.9,12.9,2.2,199,14,7.5,11.8,2.1,203,15,530,29.20,,0,0,0,71.8,67.8,65.4,0.23,0.32,0.30
GFLD,2017-08-21 14:00:00 EDT,43.71680,-75.40925,838,81.2,81.5,81.8,49.0,60.2,0.000,0.000,0.00,0.000,6.5,9.9,1.8,227,15,6.7,10.7,1.8,223,14,6.5,9.9,1.8,227,15,483,29.20,,0,0,0,71.8,67.8,65.4,0.22,0.32,0.30
GFLD,2017-08-21 14:05:00 EDT,43.71680,-75.40925,838,81.1,81.4,81.8,49.6,60.5,0.000,0.000,0.00,0.000,6.7,10.1,1.7,223,19,7.0,10.9,1.7,221,19,6.7,10.1,1.7,223,19,435,29.20,,0,0,0,72.3,67.8,65.4,0.22,0.32,0.30
GFLD,2017-08-21 14:10:00 EDT,43.71680,-75.40925,838,80.6,81.1,81.4,50.3,60.4,0.000,0.000,0.00,0.000,6.6,9.9,1.4,206,21,7.2,12.0,1.6,203,21,6.6,9.9,1.4,206,21,396,29.20,,0,0,0,72.3,67.8,65.5,0.22,0.32,0.30
GFLD,2017-08-21 14:15:00 EDT,43.71680,-75.40925,838,80.4,81.0,81.3,51.7,61.0,0.000,0.000,0.00,0.000,6.0,9.0,1.4,215,21,6.6,9.9,1.4,213,23,6.0,9.0,1.4,215,21,359,29.20,,0,0,0,72.3,67.8,65.5,0.22,0.32,0.30
GFLD,2017-08-21 14:20:00 EDT,43.71680,-75.40925,838,80.0,80.8,80.9,50.7,60.1,0.000,0.000,0.00,0.000,7.5,10.4,1.7,214,17,7.9,10.9,1.7,210,17,7.5,10.4,1.7,214,17,312,29.20,,0,0,0,72.3,67.8,65.4,0.22,0.32,0.30
GFLD,2017-08-21 14:25:00 EDT,43.71680,-75.40925,838,79.3,80.5,79.3,52.7,60.5,0.000,0.000,0.00,0.000,6.8,10.4,1.6,226,12,7.2,10.7,1.6,224,11,6.8,10.4,1.6,226,12,272,29.19,,0,0,0,72.6,67.8,65.4,0.22,0.32,0.30
GFLD,2017-08-21 14:30:00 EDT,43.71680,-75.40925,838,79.0,80.1,79.0,54.4,61.1,0.000,0.000,0.00,0.000,7.1,11.3,1.8,211,15,7.4,12.1,1.9,209,14,7.1,11.3,1.8,211,15,242,29.19,,0,0,0,72.7,67.8,65.4,0.23,0.32,0.30
GFLD,2017-08-21 14:35:00 EDT,43.71680,-75.40925,838,78.5,79.9,78.5,55.9,61.4,0.000,0.000,0.00,0.000,5.4,8.9,1.3,220,11,5.7,8.6,1.3,219,10,5.4,8.9,1.3,220,11,221,29.19,,0,0,0,72.7,67.8,65.4,0.23,0.32,0.30
GFLD,2017-08-21 14:40:00 EDT,43.71680,-75.40925,838,78.3,79.7,78.3,56.3,61.5,0.000,0.000,0.00,0.000,5.1,8.2,1.4,203,12,5.6,9.7,1.6,200,11,5.1,8.2,1.4,203,12,214,29.19,,0,0,0,72.7,67.8,65.4,0.22,0.32,0.30
GFLD,2017-08-21 14:45:00 EDT,43.71680,-75.40925,838,78.4,79.7,78.4,54.4,60.6,0.000,0.000,0.00,0.000,7.3,11.0,1.6,198,13,7.8,12.6,1.7,196,13,7.3,11.0,1.6,198,13,217,29.19,,0,0,0,72.7,67.8,65.4,0.23,0.32,0.30
GFLD,2017-08-21 14:50:00 EDT,43.71680,-75.40925,838,77.9,79.4,77.9,55.6,60.8,0.000,0.000,0.00,0.000,5.3,8.0,1.0,206,10,5.7,9.5,1.3,204,10,5.3,8.0,1.0,206,10,230,29.19,,0,0,0,72.9,67.8,65.4,0.23,0.32,0.30
GFLD,2017-08-21 14:55:00 EDT,43.71680,-75.40925,838,78.0,79.3,78.0,57.9,62.0,0.000,0.000,0.00,0.000,3.4,5.4,0.7,227,11,3.5,6.3,0.9,225,11,3.4,5.4,0.7,227,11,251,29.19,,0,0,0,73.0,67.8,65.4,0.22,0.32,0.30
GFLD,2017-08-21 15:00:00 EDT,43.71680,-75.40925,838,78.4,79.2,78.4,58.1,62.4,0.000,0.000,0.00,0.000,4.0,7.2,1.0,218,12,4.3,7.9,1.2,216,13,4.0,7.2,1.0,218,12,278,29.19,,0,0,0,73.0,67.8,65.3,0.22,0.32,0.30
GFLD,2017-08-21 15:05:00 EDT,43.71680,-75.40925,838,78.6,79.3,78.6,57.4,62.3,0.000,0.000,0.00,0.000,4.3,7.0,1.2,222,10,4.4,7.6,1.3,220,10,4.3,7.0,1.2,222,10,310,29.19,,0,0,0,73.0,67.8,65.4,0.22,0.32,0.30
GFLD,2017-08-21 15:10:00 EDT,43.71680,-75.40925,838,79.0,79.5,79.0,57.2,62.6,0.000,0.000,0.00,0.000,3.7,5.3,0.8,223,14,3.9,6.2,1.0,222,14,3.7,5.3,0.8,223,14,359,29.19,,0,0,0,73.0,67.8,65.4,0.22,0.32,0.30
GFLD,2017-08-21 15:15:00 EDT,43.71680,-75.40925,838,79.4,79.8,79.4,57.0,62.9,0.000,0.000,0.00,0.000,4.8,7.2,1.4,213,16,5.1,8.2,1.5,209,16,4.8,7.2,1.4,213,16,394,29.19,,0,0,0,73.0,67.8,65.3,0.22,0.32,0.30
GFLD,2017-08-21 15:20:00 EDT,43.71680,-75.40925,838,79.6,79.9,79.6,55.0,62.1,0.000,0.000,0.00,0.000,4.7,7.3,1.2,213,11,4.9,8.4,1.5,210,11,4.7,7.3,1.2,213,11,370,29.19,,0,0,0,73.0,67.8,65.3,0.22,0.32,0.30
GFLD,2017-08-21 15:25:00 EDT,43.71680,-75.40925,838,79.6,79.9,79.6,54.6,61.8,0.000,0.000,0.00,0.000,4.2,5.9,0.9,235,14,4.3,7.3,1.1,234,14,4.2,5.9,0.9,235,14,427,29.19,,0,0,0,73.0,67.8,65.3,0.22,0.32,0.30
GFLD,2017-08-21 15:30:00 EDT,43.71680,-75.40925,838,80.3,80.2,81.7,55.6,63.0,0.000,0.000,0.00,0.000,3.8,5.3,0.7,216,16,3.9,6.0,0.9,214,16,3.8,5.3,0.7,216,16,509,29.19,,0,0,0,73.0,67.8,65.3,0.22,0.32,0.30
GFLD,2017-08-21 15:35:00 EDT,43.71680,-75.40925,838,80.7,80.5,82.0,54.7,62.9,0.000,0.000,0.00,0.000,6.2,10.2,1.3,198,17,6.7,10.0,1.4,196,16,6.2,10.2,1.3,198,17,525,29.19,,0,0,0,73.0,67.8,65.3,0.22,0.32,0.30
GFLD,2017-08-21 15:40:00 EDT,43.71680,-75.40925,838,80.3,80.4,81.5,54.3,62.3,0.000,0.000,0.00,0.000,5.1,7.1,0.8,223,18,5.3,8.1,1.1,221,18,5.1,7.1,0.8,223,18,379,29.19,,0,0,0,73.0,67.8,65.3,0.22,0.32,0.30
GFLD,2017-08-21 15:45:00 EDT,43.71680,-75.40925,838,80.5,80.5,81.6,53.2,61.9,0.000,0.000,0.00,0.000,7.0,11.1,1.6,221,14,7.4,12.0,1.6,219,13,7.0,11.1,1.6,221,14,553,29.19,,0,0,0,73.0,67.8,65.3,0.22,0.32,0.30
GFLD,2017-08-21 15:50:00 EDT,43.71680,-75.40925,838,80.6,80.6,81.6,52.7,61.7,0.000,0.000,0.00,0.000,7.9,13.1,2.3,229,14,8.0,13.1,2.3,227,14,7.9,13.1,2.3,229,14,552,29.19,,0,0,0,73.0,67.8,65.2,0.22,0.32,0.30
GFLD,2017-08-21 15:55:00 EDT,43.71680,-75.40925,838,80.7,80.7,81.9,53.2,62.1,0.000,0.000,0.00,0.000,6.7,9.9,1.9,238,11,7.1,11.2,1.9,236,11,6.7,9.9,1.9,238,11,539,29.18,,0,0,0,73.1,67.8,65.3,0.22,0.32,0.30
GFLD,2017-08-21 16:00:00 EDT,43.71680,-75.40925,838,81.2,81.0,82.8,56.1,64.1,0.000,0.000,0.00,0.000,4.5,7.1,1.4,224,18,4.9,8.3,1.5,221,18,4.5,7.1,1.4,224,18,521,29.18,,0,0,0,73.1,67.8,65.2,0.22,0.32,0.30
GFLD,2017-08-21 16:05:00 EDT,43.71680,-75.40925,838,81.2,81.0,82.4,53.4,62.6,0.000,0.000,0.00,0.000,6.2,9.9,1.7,197,29,6.8,11.7,2.0,195,28,6.2,9.9,1.7,197,29,448,29.18,,0,0,0,73.2,67.8,65.2,0.22,0.32,0.30
GFLD,2017-08-21 16:10:00 EDT,43.71680,-75.40925,838,80.8,80.9,82.1,54.7,63.0,0.000,0.000,0.00,0.000,6.2,9.7,1.6,186,23,6.8,10.3,1.7,184,23,6.2,9.7,1.6,186,23,386,29.18,,0,0,0,73.3,67.8,65.2,0.22,0.32,0.30
GFLD,2017-08-21 16:15:00 EDT,43.71680,-75.40925,838,81.0,80.9,82.3,55.0,63.2,0.000,0.000,0.00,0.000,5.2,9.5,1.4,203,19,5.7,9.7,1.5,202,17,5.2,9.5,1.4,203,19,504,29.18,,0,0,0,73.4,67.8,65.2,0.22,0.32,0.30
GFLD,2017-08-21 16:20:00 EDT,43.71680,-75.40925,838,81.1,81.0,82.3,53.7,62.7,0.000,0.000,0.00,0.000,6.8,10.2,1.3,216,15,7.3,11.0,1.4,213,15,6.8,10.2,1.3,216,15,499,29.18,,0,0,0,73.4,67.8,65.2,0.22,0.32,0.30
GFLD,2017-08-21 16:25:00 EDT,43.71680,-75.40925,838,81.5,81.3,83.0,55.1,63.8,0.000,0.000,0.00,0.000,5.0,8.5,1.5,194,23,5.5,9.0,1.6,191,22,5.0,8.5,1.5,194,23,488,29.18,,0,0,0,73.4,67.8,65.2,0.22,0.32,0.30
GFLD,2017-08-21 16:30:00 EDT,43.71680,-75.40925,838,81.5,81.4,82.6,53.0,62.7,0.000,0.000,0.00,0.000,5.8,9.8,1.7,212,16,6.2,10.8,1.7,209,17,5.8,9.8,1.7,212,16,485,29.17,,0,0,0,73.4,67.8,65.1,0.22,0.32,0.30
GFLD,2017-08-21 16:35:00 EDT,43.71680,-75.40925,838,81.1,81.2,82.2,52.6,62.2,0.000,0.000,0.00,0.000,5.5,11.0,2.3,225,16,5.6,11.5,2.5,220,16,5.5,11.0,2.3,225,16,466,29.17,,0,0,0,73.4,67.8,65.1,0.22,0.32,0.30
GFLD,2017-08-21 16:40:00 EDT,43.71680,-75.40925,838,81.2,81.3,82.4,53.7,62.9,0.000,0.000,0.00,0.000,7.0,11.4,1.8,218,21,7.6,11.3,1.9,215,21,7.0,11.4,1.8,218,21,453,29.17,,0,0,0,73.4,67.8,65.1,0.22,0.32,0.30
GFLD,2017-08-21 16:45:00 EDT,43.71680,-75.40925,838,81.1,81.4,82.2,53.0,62.3,0.000,0.000,0.00,0.000,6.9,10.3,1.8,217,20,7.5,11.2,1.7,215,20,6.9,10.3,1.8,217,20,434,29.17,,0,0,0,73.4,67.8,65.1,0.22,0.32,0.30
GFLD,2017-08-21 16:50:00 EDT,43.71680,-75.40925,838,81.1,81.4,82.1,52.3,61.9,0.000,0.000,0.00,0.000,5.9,8.8,1.3,231,18,6.3,9.4,1.3,229,16,5.9,8.8,1.3,231,18,422,29.17,,0,0,0,73.4,67.8,65.1,0.22,0.32,0.30
GFLD,2017-08-21 16:55:00 EDT,43.71680,-75.40925,838,80.9,81.4,81.8,51.4,61.3,0.000,0.000,0.00,0.000,6.0,9.2,1.4,223,17,6.5,11.5,1.6,220,16,6.0,9.2,1.4,223,17,384,29.17,,0,0,0,73.4,67.9,65.2,0.22,0.32,0.30
GFLD,2017-08-21 17:00:00 EDT,43.71680,-75.40925,838,80.8,81.3,81.7,51.5,61.2,0.000,0.000,0.00,0.000,6.9,9.9,1.3,244,14,7.3,11.0,1.5,243,14,6.9,9.9,1.3,244,14,403,29.17,,0,0,0,73.4,67.9,65.1,0.22,0.32,0.30
GFLD,2017-08-21 17:05:00 EDT,43.71680,-75.40925,838,80.9,81.4,81.9,51.5,61.4,0.000,0.000,0.00,0.000,5.3,7.6,1.2,230,11,5.6,8.5,1.3,228,9,5.3,7.6,1.2,230,11,403,29.17,,0,0,0,73.4,68.0,65.1,0.22,0.32,0.30
GFLD,2017-08-21 17:10:00 EDT,43.71680,-75.40925,838,81.1,81.5,82.3,53.3,62.6,0.000,0.000,0.00,0.000,5.1,7.5,1.1,235,17,5.4,9.5,1.2,233,18,5.1,7.5,1.1,235,17,384,29.17,,0,0,0,73.4,68.1,65.1,0.22,0.32,0.30
GFLD,2017-08-21 17:15:00 EDT,43.71680,-75.40925,838,81.3,81.5,82.5,53.8,62.9,0.000,0.000,0.00,0.000,3.3,5.6,1.2,232,18,3.7,6.3,1.2,230,17,3.3,5.6,1.2,232,18,368,29.17,,0,0,0,73.4,68.1,65.1,0.22,0.32,0.30
GFLD,2017-08-21 17:20:00 EDT,43.71680,-75.40925,838,81.4,81.6,82.6,52.7,62.5,0.000,0.000,0.00,0.000,4.0,7.3,1.4,224,13,4.2,7.3,1.5,221,14,4.0,7.3,1.4,224,13,352,29.17,,0,0,0,73.4,68.2,65.1,0.22,0.32,0.30
GFLD,2017-08-21 17:25:00 EDT,43.71680,-75.40925,838,81.0,81.6,82.2,52.9,62.3,0.000,0.000,0.00,0.000,5.4,8.4,1.3,225,11,5.5,9.0,1.4,223,11,5.4,8.4,1.3,225,11,336,29.17,,0,0,0,73.4,68.2,65.1,0.22,0.32,0.30
GFLD,2017-08-21 17:30:00 EDT,43.71680,-75.40925,838,80.7,81.5,81.9,54.1,62.6,0.000,0.000,0.00,0.000,5.4,7.9,1.0,216,11,5.6,8.8,1.1,213,11,5.4,7.9,1.0,216,11,321,29.17,,0,0,0,73.4,68.2,65.1,0.22,0.32,0.30
GFLD,2017-08-21 17:35:00 EDT,43.71680,-75.40925,838,80.5,81.3,81.8,54.1,62.4,0.000,0.000,0.00,0.000,4.7,8.2,1.1,226,18,5.1,8.7,1.3,225,19,4.7,8.2,1.1,226,18,307,29.17,,0,0,0,73.4,68.2,65.1,0.22,0.32,0.30
GFLD,2017-08-21 17:40:00 EDT,43.71680,-75.40925,838,80.5,81.1,81.6,52.8,61.7,0.000,0.000,0.00,0.000,5.1,7.8,1.1,243,19,5.6,9.6,1.4,241,20,5.1,7.8,1.1,243,19,295,29.17,,0,0,0,73.4,68.2,65.1,0.22,0.32,0.30
GFLD,2017-08-21 17:45:00 EDT,43.71680,-75.40925,838,80.1,81.0,81.5,55.4,62.7,0.000,0.000,0.00,0.000,4.5,6.9,1.1,235,15,4.7,7.4,1.2,236,16,4.5,6.9,1.1,235,15,282,29.17,,0,0,0,73.4,68.2,65.1,0.22,0.32,0.30
GFLD,2017-08-21 17:50:00 EDT,43.71680,-75.40925,838,80.2,81.1,81.6,55.7,62.9,0.000,0.000,0.00,0.000,4.0,6.3,0.9,238,12,4.2,6.6,1.0,236,13,4.0,6.3,0.9,238,12,268,29.17,,0,0,0,73.4,68.2,65.1,0.22,0.32,0.30
GFLD,2017-08-21 17:55:00 EDT,43.71680,-75.40925,838,80.2,81.0,81.7,56.4,63.3,0.000,0.000,0.00,0.000,3.5,5.6,0.7,234,14,3.6,5.9,0.8,233,12,3.5,5.6,0.7,234,14,253,29.17,,0,0,0,73.4,68.2,65.1,0.22,0.32,0.30
GFLD,2017-08-21 18:00:00 EDT,43.71680,-75.40925,838,80.3,81.0,81.9,57.9,64.1,0.000,0.000,0.00,0.000,3.0,5.4,1.0,235,20,3.3,5.9,1.0,233,19,3.0,5.4,1.0,235,20,241,29.16,,0,0,0,73.4,68.2,65.1,0.22,0.32,0.30
GFLD,2017-08-21 18:05:00 EDT,43.71680,-75.40925,838,80.1,81.0,81.5,55.9,62.9,0.000,0.000,0.00,0.000,4.5,7.4,1.1,221,12,4.9,7.8,1.3,218,11,4.5,7.4,1.1,221,12,226,29.16,,0,0,0,73.4,68.2,65.1,0.22,0.32,0.30
GFLD,2017-08-21 18:10:00 EDT,43.71680,-75.40925,838,79.8,80.8,79.8,57.0,63.3,0.000,0.000,0.00,0.000,4.2,9.1,1.5,221,15,4.3,8.9,1.6,219,14,4.2,9.1,1.5,221,15,211,29.16,,0,0,0,73.4,68.2,65.1,0.22,0.32,0.30
GFLD,2017-08-21 18:15:00 EDT,43.71680,-75.40925,838,79.7,80.8,79.7,55.7,62.4,0.000,0.000,0.00,0.000,5.3,7.2,0.9,213,14,5.6,7.7,1.0,210,13,5.3,7.2,0.9,213,14,201,29.16,,0,0,0,73.4,68.2,65.1,0.22,0.32,0.30
GFLD,2017-08-21 18:20:00 EDT,43.71680,-75.40925,838,79.3,80.7,79.3,57.1,62.8,0.000,0.000,0.00,0.000,4.2,7.0,0.9,216,13,4.4,7.9,1.0,213,13,4.2,7.0,0.9,216,13,188,29.16,,0,0,0,73.4,68.2,65.1,0.22,0.32,0.30
GFLD,2017-08-21 18:25:00 EDT,43.71680,-75.40925,838,79.1,80.4,79.1,58.7,63.4,0.000,0.000,0.00,0.000,3.3,4.9,0.5,217,11,3.4,5.1,0.7,215,11,3.3,4.9,0.5,217,11,173,29.15,,0,0,0,73.4,68.2,65.1,0.22,0.32,0.30
GFLD,2017-08-21 18:30:00 EDT,43.71680,-75.40925,838,79.0,80.3,79.0,58.3,63.1,0.000,0.000,0.00,0.000,5.0,7.6,1.1,218,14,5.2,8.4,1.2,216,14,5.0,7.6,1.1,218,14,152,29.15,,0,0,0,73.4,68.2,65.1,0.22,0.32,0.30
GFLD,2017-08-21 18:35:00 EDT,43.71680,-75.40925,838,78.2,79.9,78.2,59.8,63.1,0.000,0.000,0.00,0.000,4.0,5.2,0.6,216,10,4.2,5.8,0.7,214,10,4.0,5.2,0.6,216,10,129,29.15,,0,0,0,73.4,68.2,65.1,0.22,0.32,0.30
GFLD,2017-08-21 18:40:00 EDT,43.71680,-75.40925,838,78.2,79.9,78.2,59.6,63.0,0.000,0.000,0.00,0.000,3.5,5.7,0.8,214,14,3.7,6.5,0.9,211,11,3.5,5.7,0.8,214,14,127,29.15,,0,0,0,73.4,68.2,65.1,0.22,0.32,0.30
GFLD,2017-08-21 18:45:00 EDT,43.71680,-75.40925,838,78.0,79.6,78.0,61.0,63.5,0.000,0.000,0.00,0.000,2.9,3.7,0.5,211,11,3.0,4.4,0.5,209,10,2.9,3.7,0.5,211,11,113,29.16,,0,0,0,73.4,68.2,65.1,0.22,0.32,0.30
GFLD,2017-08-21 18:50:00 EDT,43.71680,-75.40925,838,77.8,79.5,77.8,61.4,63.5,0.000,0.000,0.00,0.000,2.5,4.0,0.5,215,12,2.6,4.9,0.5,214,11,2.5,4.0,0.5,215,12,94,29.16,,0,0,0,73.4,68.2,65.1,0.22,0.32,0.30
GFLD,2017-08-21 18:55:00 EDT,43.71680,-75.40925,838,77.1,79.1,77.1,63.3,63.7,0.000,0.000,0.00,0.000,2.3,2.8,0.3,220,9,2.3,3.1,0.4,218,8,2.3,2.8,0.3,220,9,73,29.16,,0,0,0,73.4,68.3,65.1,0.22,0.32,0.30
GFLD,2017-08-21 19:00:00 EDT,43.71680,-75.40925,838,75.2,78.6,75.2,69.8,64.7,0.000,0.000,0.00,0.000,3.1,4.0,0.5,215,7,3.2,4.7,0.6,214,7,3.1,4.0,0.5,215,7,56,29.16,,0,0,0,73.4,68.3,65.1,0.22,0.32,0.30
GFLD,2017-08-21 19:05:00 EDT,43.71680,-75.40925,838,74.4,77.7,74.4,73.1,65.2,0.000,0.000,0.00,0.000,2.6,3.4,0.4,206,10,2.7,3.6,0.4,205,10,2.6,3.4,0.4,206,10,41,29.16,,0,0,0,73.4,68.4,65.1,0.22,0.32,0.30
GFLD,2017-08-21 19:10:00 EDT,43.71680,-75.40925,838,73.3,76.8,73.3,77.8,66.0,0.000,0.000,0.00,0.000,2.5,3.3,0.3,189,7,2.7,3.5,0.4,189,7,2.5,3.3,0.3,189,7,62,29.16,,0,0,0,73.4,68.5,65.1,0.22,0.32,0.30
GFLD,2017-08-21 19:15:00 EDT,43.71680,-75.40925,838,72.8,76.4,72.8,78.8,65.8,0.000,0.000,0.00,0.000,2.8,3.6,0.3,189,4,3.0,3.9,0.3,189,5,2.8,3.6,0.3,189,4,60,29.16,,0,0,0,73.4,68.5,65.1,0.22,0.32,0.30
GFLD,2017-08-21 19:20:00 EDT,43.71680,-75.40925,838,72.7,76.2,72.7,79.3,65.9,0.000,0.000,0.00,0.000,2.4,3.2,0.3,185,6,2.7,3.7,0.4,184,7,2.4,3.2,0.3,185,6,51,29.15,,0,0,0,73.4,68.5,65.1,0.22,0.32,0.30
GFLD,2017-08-21 19:25:00 EDT,43.71680,-75.40925,838,72.3,76.7,72.3,79.2,65.5,0.000,0.000,0.00,0.000,3.3,4.5,0.3,193,8,3.6,5.6,0.5,192,7,3.3,4.5,0.3,193,8,34,29.15,,0,0,0,73.4,68.5,65.1,0.22,0.32,0.30
GFLD,2017-08-21 19:30:00 EDT,43.71680,-75.40925,838,72.6,76.0,72.6,77.2,65.1,0.000,0.000,0.00,0.000,2.5,3.4,0.5,210,8,2.5,3.7,0.6,210,8,2.5,3.4,0.5,210,8,23,29.16,,0,0,0,73.4,68.5,65.1,0.22,0.32,0.30
GFLD,2017-08-21 19:35:00 EDT,43.71680,-75.40925,838,72.4,76.1,72.4,77.0,64.8,0.000,0.000,0.00,0.000,2.5,3.1,0.3,231,6,2.3,3.0,0.4,229,5,2.5,3.1,0.3,231,6,21,29.15,,0,0,0,73.3,68.5,65.1,0.22,0.32,0.30
GFLD,2017-08-21 19:40:00 EDT,43.71680,-75.40925,838,71.8,75.8,71.8,76.4,64.0,0.000,0.000,0.00,0.000,3.3,4.1,0.4,240,4,3.3,4.6,0.4,237,4,3.3,4.1,0.4,240,4,17,29.16,,0,0,0,73.1,68.5,65.1,0.22,0.32,0.30
GFLD,2017-08-21 19:45:00 EDT,43.71680,-75.40925,838,71.5,75.4,71.5,77.3,64.0,0.000,0.000,0.00,0.000,3.7,4.7,0.4,244,7,3.9,5.3,0.5,242,7,3.7,4.7,0.4,244,7,13,29.16,,0,0,0,73.1,68.5,65.1,0.22,0.32,0.30
GFLD,2017-08-21 19:50:00 EDT,43.71680,-75.40925,838,71.9,75.2,71.9,75.4,63.7,0.000,0.000,0.00,0.000,3.8,6.1,0.8,237,10,4.0,6.1,0.8,235,8,3.8,6.1,0.8,237,10,8,29.16,,0,0,0,73.0,68.5,65.1,0.22,0.32,0.30
GFLD,2017-08-21 19:55:00 EDT,43.71680,-75.40925,838,71.5,74.6,71.5,76.1,63.6,0.000,0.000,0.00,0.000,4.2,5.4,0.5,233,6,4.3,5.5,0.6,231,5,4.2,5.4,0.5,233,6,5,29.16,,0,0,0,73.0,68.5,65.1,0.22,0.32,0.30
GFLD,2017-08-21 20:00:00 EDT,43.71680,-75.40925,838,71.6,74.5,71.6,76.3,63.7,0.000,0.000,0.00,0.000,4.2,5.5,0.5,248,9,4.6,5.8,0.5,247,9,4.2,5.5,0.5,248,9,3,29.16,,0,0,0,73.0,68.5,65.1,0.22,0.32,0.30
GFLD,2017-08-21 20:05:00 EDT,43.71680,-75.40925,838,71.1,74.3,71.1,76.4,63.3,0.000,0.000,0.00,0.000,4.1,4.9,0.3,234,6,4.2,5.1,0.5,232,5,4.1,4.9,0.3,234,6,2,29.16,,0,0,0,73.0,68.5,65.1,0.22,0.32,0.30
GFLD,2017-08-21 20:10:00 EDT,43.71680,-75.40925,838,70.9,74.0,70.9,77.1,63.4,0.000,0.000,0.00,0.000,4.0,5.2,0.5,233,7,4.0,5.6,0.6,230,6,4.0,5.2,0.5,233,7,1,29.16,,0,0,0,73.0,68.5,65.1,0.22,0.32,0.30
GFLD,2017-08-21 20:15:00 EDT,43.71680,-75.40925,838,70.5,73.7,70.5,77.4,63.1,0.000,0.000,0.00,0.000,3.9,5.0,0.4,228,9,4.0,5.2,0.5,226,8,3.9,5.0,0.4,228,9,0,29.16,,0,0,0,73.0,68.5,65.1,0.22,0.32,0.30
GFLD,2017-08-21 20:20:00 EDT,43.71680,-75.40925,838,69.3,73.4,69.3,80.0,62.8,0.000,0.000,0.00,0.000,3.8,5.6,0.7,225,7,3.9,5.8,0.8,222,7,3.8,5.6,0.7,225,7,0,29.16,,0,0,0,73.0,68.5,65.1,0.22,0.32,0.30
GFLD,2017-08-21 20:25:00 EDT,43.71680,-75.40925,838,69.6,73.3,69.6,80.3,63.2,0.000,0.000,0.00,0.000,4.2,5.6,0.7,227,9,4.3,6.2,0.7,225,8,4.2,5.6,0.7,227,9,0,29.16,,0,0,0,73.0,68.5,65.1,0.22,0.32,0.30
GFLD,2017-08-21 20:30:00 EDT,43.71680,-75.40925,838,70.7,73.3,70.7,77.5,63.3,0.000,0.000,0.00,0.000,4.5,5.8,0.6,234,10,4.8,7.0,0.8,232,9,4.5,5.8,0.6,234,10,0,29.16,,0,0,0,73.0,68.5,65.1,0.22,0.32,0.30
GFLD,2017-08-21 20:35:00 EDT,43.71680,-75.40925,838,70.8,73.1,70.8,76.8,63.2,0.000,0.000,0.00,0.000,4.8,6.0,0.7,241,9,5.2,6.7,0.7,239,9,4.8,6.0,0.7,241,9,0,29.16,,0,0,0,72.9,68.5,65.1,0.22,0.32,0.30
GFLD,2017-08-21 20:40:00 EDT,43.71680,-75.40925,838,70.9,72.9,70.9,76.8,63.2,0.000,0.000,0.00,0.000,4.4,6.0,0.9,244,10,4.5,6.7,1.1,243,9,4.4,6.0,0.9,244,10,0,29.16,,0,0,0,72.7,68.5,65.1,0.22,0.32,0.30
GFLD,2017-08-21 20:45:00 EDT,43.71680,-75.40925,838,70.1,72.5,70.1,78.0,63.0,0.000,0.000,0.00,0.000,2.7,3.7,0.5,247,10,2.7,4.3,0.7,244,10,2.7,3.7,0.5,247,10,0,29.16,,0,0,0,72.7,68.5,65.1,0.22,0.32,0.30
GFLD,2017-08-21 20:50:00 EDT,43.71680,-75.40925,838,67.6,71.9,67.6,79.9,61.2,0.000,0.000,0.00,0.000,2.2,3.7,0.5,227,8,2.2,3.2,0.4,225,8,2.2,3.7,0.5,227,8,0,29.16,,0,0,0,72.7,68.5,65.1,0.22,0.32,0.30
GFLD,2017-08-21 20:55:00 EDT,43.71680,-75.40925,838,67.0,71.0,67.0,81.9,61.3,0.000,0.000,0.00,0.000,1.2,2.4,0.7,212,19,1.6,2.9,0.4,200,25,1.2,2.4,0.7,212,19,0,29.16,,0,0,0,72.7,68.5,65.1,0.22,0.32,0.30
GFLD,2017-08-21 21:00:00 EDT,43.71680,-75.40925,838,66.9,70.9,66.9,84.8,62.2,0.000,0.000,0.00,0.000,1.5,2.6,0.7,147,12,1.8,2.7,0.4,144,13,1.5,2.6,0.7,147,12,0,29.16,,0,0,0,72.7,68.5,65.1,0.22,0.32,0.30
GFLD,2017-08-21 21:05:00 EDT,43.71680,-75.40925,838,65.5,70.8,65.5,86.5,61.3,0.000,0.000,0.00,0.000,2.3,2.6,0.2,132,6,2.2,3.0,0.2,130,4,2.3,2.6,0.2,132,6,0,29.16,,0,0,0,72.7,68.5,65.1,0.22,0.32,0.30
GFLD,2017-08-21 21:10:00 EDT,43.71680,-75.40925,838,65.6,70.1,65.6,88.4,62.1,0.000,0.000,0.00,0.000,2.7,3.4,0.4,147,9,2.8,4.3,0.5,141,8,2.7,3.4,0.4,147,9,0,29.16,,0,0,0,72.7,68.5,65.1,0.22,0.32,0.30
GFLD,2017-08-21 21:15:00 EDT,43.71680,-75.40925,838,66.1,69.5,66.1,90.5,63.3,0.000,0.000,0.00,0.000,2.8,3.7,0.6,137,11,2.7,4.0,0.6,133,8,2.8,3.7,0.6,137,11,0,29.16,,0,0,0,72.7,68.6,65.1,0.22,0.32,0.30
GFLD,2017-08-21 21:20:00 EDT,43.71680,-75.40925,838,66.6,69.0,66.6,92.4,64.3,0.000,0.000,0.00,0.000,2.4,3.8,0.6,103,13,2.6,4.5,0.6,100,13,2.4,3.8,0.6,103,13,0,29.16,,0,0,0,72.5,68.6,65.1,0.22,0.32,0.30
GFLD,2017-08-21 21:25:00 EDT,43.71680,-75.40925,838,66.8,69.0,66.8,91.6,64.3,0.000,0.000,0.00,0.000,2.1,3.4,0.8,121,16,2.2,4.5,0.6,119,17,2.1,3.4,0.8,121,16,0,29.16,,0,0,0,72.3,68.6,65.1,0.22,0.32,0.30
GFLD,2017-08-21 21:30:00 EDT,43.71680,-75.40925,838,67.0,68.8,67.0,90.4,64.1,0.000,0.000,0.00,0.000,2.0,3.6,0.9,101,11,2.3,4.1,0.8,98,14,2.0,3.6,0.9,101,11,0,29.16,,0,0,0,72.3,68.6,65.1,0.22,0.32,0.30
GFLD,2017-08-21 21:35:00 EDT,43.71680,-75.40925,838,65.9,69.1,65.9,90.5,63.0,0.000,0.000,0.00,0.000,3.3,4.4,0.5,117,10,3.4,4.8,0.6,115,11,3.3,4.4,0.5,117,10,0,29.16,,0,0,0,72.3,68.7,65.1,0.22,0.32,0.30
GFLD,2017-08-21 21:40:00 EDT,43.71680,-75.40925,838,65.3,68.7,65.3,91.4,62.8,0.000,0.000,0.00,0.000,2.5,3.9,0.5,153,18,2.7,4.3,0.5,150,18,2.5,3.9,0.5,153,18,0,29.16,,0,0,0,72.3,68.8,65.1,0.22,0.32,0.30
GFLD,2017-08-21 21:45:00 EDT,43.71680,-75.40925,838,65.2,68.3,65.2,92.8,63.0,0.000,0.000,0.00,0.000,2.5,3.4,0.5,148,12,2.5,4.0,0.5,142,11,2.5,3.4,0.5,148,12,0,29.16,,0,0,0,72.3,68.8,65.1,0.22,0.32,0.30
GFLD,2017-08-21 21:50:00 EDT,43.71680,-75.40925,838,65.5,68.0,65.5,93.4,63.5,0.000,0.000,0.00,0.000,1.2,2.0,0.5,139,12,1.6,2.4,0.3,134,12,1.2,2.0,0.5,139,12,0,29.16,,0,0,0,72.3,68.8,65.1,0.22,0.32,0.30
GFLD,2017-08-21 21:55:00 EDT,43.71680,-75.40925,838,65.9,67.8,65.9,95.0,64.4,0.000,0.000,0.00,0.000,0.7,2.1,0.5,139,15,1.2,2.0,0.4,138,17,0.7,2.1,0.5,139,15,0,29.16,,0,0,0,72.3,68.9,65.1,0.22,0.32,0.30
GFLD,2017-08-21 22:00:00 EDT,43.71680,-75.40925,838,65.1,67.6,65.1,93.9,63.3,0.000,0.000,0.00,0.000,1.9,2.9,0.6,166,9,2.3,3.5,0.5,162,12,1.9,2.9,0.6,166,9,0,29.15,,0,0,0,72.1,68.9,65.1,0.22,0.32,0.30
GFLD,2017-08-21 22:05:00 EDT,43.71680,-75.40925,838,64.1,67.1,64.1,94.0,62.4,0.000,0.000,0.00,0.000,3.0,3.7,0.3,168,6,3.3,4.2,0.4,163,7,3.0,3.7,0.3,168,6,0,29.15,,0,0,0,71.8,68.9,65.1,0.22,0.32,0.30
GFLD,2017-08-21 22:10:00 EDT,43.71680,-75.40925,838,63.9,67.0,63.9,94.1,62.2,0.000,0.000,0.00,0.000,2.9,4.0,0.5,158,8,3.0,4.6,0.6,152,8,2.9,4.0,0.5,158,8,0,29.15,,0,0,0,71.8,68.9,65.1,0.22,0.32,0.30
GFLD,2017-08-21 22:15:00 EDT,43.71680,-75.40925,838,64.1,67.1,64.1,94.7,62.5,0.000,0.000,0.00,0.000,3.0,4.3,0.6,142,10,3.1,4.7,0.7,137,8,3.0,4.3,0.6,142,10,0,29.16,,0,0,0,71.8,68.9,65.1,0.22,0.32,0.30
GFLD,2017-08-21 22:20:00 EDT,43.71680,-75.40925,838,64.8,67.1,64.8,95.4,63.5,0.000,0.000,0.00,0.000,3.8,5.5,0.7,149,10,4.1,6.2,0.8,144,10,3.8,5.5,0.7,149,10,0,29.16,,0,0,0,71.8,68.9,65.1,0.22,0.32,0.30
GFLD,2017-08-21 22:25:00 EDT,43.71680,-75.40925,838,64.6,66.5,64.6,94.2,62.9,0.000,0.000,0.00,0.000,1.7,3.5,0.8,146,11,1.9,4.3,0.6,143,11,1.7,3.5,0.8,146,11,0,29.15,,0,0,0,71.8,68.9,65.1,0.22,0.32,0.30
GFLD,2017-08-21 22:30:00 EDT,43.71680,-75.40925,838,64.1,66.3,64.1,94.0,62.3,0.000,0.000,0.00,0.000,2.8,3.4,0.3,132,6,2.6,4.2,0.4,130,4,2.8,3.4,0.3,132,6,0,29.15,,0,0,0,71.8,68.9,65.1,0.22,0.32,0.30
GFLD,2017-08-21 22:35:00 EDT,43.71680,-75.40925,838,63.8,66.4,63.8,94.6,62.2,0.000,0.000,0.00,0.000,1.5,3.0,0.8,134,9,1.8,3.3,0.5,130,9,1.5,3.0,0.8,134,9,0,29.16,,0,0,0,71.5,68.9,65.1,0.22,0.32,0.30
GFLD,2017-08-21 22:40:00 EDT,43.71680,-75.40925,838,64.8,66.5,64.8,95.9,63.5,0.000,0.000,0.00,0.000,1.0,2.1,0.4,119,12,1.5,2.5,0.3,116,14,1.0,2.1,0.4,119,12,0,29.16,,0,0,0,71.4,68.9,65.1,0.22,0.32,0.30
GFLD,2017-08-21 22:45:00 EDT,43.71680,-75.40925,838,64.9,66.7,64.9,96.0,63.7,0.000,0.000,0.00,0.000,1.7,3.1,0.9,69,22,2.1,4.0,0.7,68,25,1.7,3.1,0.9,69,22,0,29.16,,0,0,0,71.4,68.9,65.1,0.22,0.32,0.30
GFLD,2017-08-21 22:50:00 EDT,43.71680,-75.40925,838,64.2,66.6,64.2,95.4,62.8,0.000,0.000,0.00,0.000,1.7,3.1,0.9,49,42,2.2,3.5,0.6,47,42,1.7,3.1,0.9,49,42,0,29.16,,0,0,0,71.4,68.9,65.1,0.22,0.32,0.30
GFLD,2017-08-21 22:55:00 EDT,43.71680,-75.40925,838,63.5,66.3,63.5,95.0,62.0,0.000,0.000,0.00,0.000,1.4,3.3,1.0,197,45,1.8,3.8,0.9,193,52,1.4,3.3,1.0,197,45,0,29.16,,0,0,0,71.4,68.9,65.1,0.22,0.32,0.30
GFLD,2017-08-21 23:00:00 EDT,43.71680,-75.40925,838,63.5,66.1,63.5,95.4,62.1,0.000,0.000,0.00,0.000,0.6,2.3,0.7,297,10,1.2,2.7,0.8,292,25,0.6,2.3,0.7,297,10,0,29.16,,0,0,0,71.4,68.9,65.1,0.22,0.32,0.30
GFLD,2017-08-21 23:05:00 EDT,43.71680,-75.40925,838,63.6,66.3,63.6,95.6,62.3,0.000,0.000,0.00,0.000,0.1,0.9,0.2,229,6,0.3,1.6,0.5,220,18,0.1,0.9,0.2,229,6,0,29.16,,0,0,0,71.4,68.9,65.1,0.22,0.32,0.30
GFLD,2017-08-21 23:10:00 EDT,43.71680,-75.40925,838,62.7,66.0,62.7,94.8,61.2,0.000,0.000,0.00,0.000,0.6,2.2,0.7,260,21,1.3,2.5,0.6,242,37,0.6,2.2,0.7,260,21,0,29.16,,0,0,0,71.4,68.9,65.1,0.22,0.32,0.30
GFLD,2017-08-21 23:15:00 EDT,43.71680,-75.40925,838,63.0,65.7,63.0,95.4,61.6,0.000,0.000,0.00,0.000,1.0,2.0,0.4,243,27,1.5,2.2,0.4,239,27,1.0,2.0,0.4,243,27,0,29.16,,0,0,0,71.3,68.9,65.1,0.22,0.32,0.30
GFLD,2017-08-21 23:20:00 EDT,43.71680,-75.40925,838,62.5,65.2,62.5,95.8,61.3,0.000,0.000,0.00,0.000,1.9,2.6,0.5,232,13,1.9,2.8,0.4,230,12,1.9,2.6,0.5,232,13,0,29.17,,0,0,0,71.1,68.9,65.1,0.22,0.32,0.30
GFLD,2017-08-21 23:25:00 EDT,43.71680,-75.40925,838,62.4,65.4,62.4,96.4,61.4,0.000,0.000,0.00,0.000,1.8,3.4,0.9,226,12,1.9,3.5,0.7,224,11,1.8,3.4,0.9,226,12,0,29.16,,0,0,0,71.1,68.9,65.1,0.22,0.32,0.30
GFLD,2017-08-21 23:30:00 EDT,43.71680,-75.40925,838,62.4,65.1,62.4,96.5,61.4,0.000,0.000,0.00,0.000,1.8,2.5,0.3,210,11,1.9,2.3,0.3,209,11,1.8,2.5,0.3,210,11,0,29.16,,0,0,0,71.1,68.9,65.1,0.22,0.32,0.30
GFLD,2017-08-21 23:35:00 EDT,43.71680,-75.40925,838,62.4,65.2,62.4,96.8,61.5,0.000,0.000,0.00,0.000,1.4,2.0,0.4,203,18,1.7,2.1,0.2,196,17,1.4,2.0,0.4,203,18,0,29.16,,0,0,0,71.1,68.9,65.1,0.22,0.32,0.30
GFLD,2017-08-21 23:40:00 EDT,43.71680,-75.40925,838,61.8,64.8,61.8,96.7,60.9,0.000,0.000,0.00,0.000,1.5,2.6,0.6,143,7,1.8,2.5,0.4,138,7,1.5,2.6,0.6,143,7,0,29.16,,0,0,0,71.1,68.9,65.1,0.22,0.32,0.30
GFLD,2017-08-21 23:45:00 EDT,43.71680,-75.40925,838,62.0,65.1,62.0,97.1,61.1,0.000,0.000,0.00,0.000,1.7,2.7,0.7,139,16,2.0,2.8,0.5,134,18,1.7,2.7,0.7,139,16,0,29.16,,0,0,0,71.1,68.9,65.1,0.22,0.32,0.30
GFLD,2017-08-21 23:50:00 EDT,43.71680,-75.40925,838,62.4,64.7,62.4,97.1,61.5,0.000,0.000,0.00,0.000,2.3,3.1,0.3,176,15,2.6,3.4,0.3,173,18,2.3,3.1,0.3,176,15,0,29.15,,0,0,0,71.0,68.9,65.1,0.22,0.32,0.30
GFLD,2017-08-21 23:55:00 EDT,43.71680,-75.40925,838,62.5,65.0,62.5,97.5,61.8,0.000,0.000,0.00,0.000,2.3,3.8,0.8,171,17,2.6,4.7,0.7,168,19,2.3,3.8,0.8,171,17,0,29.15,,0,0,0,70.7,68.9,65.1,0.22,0.32,0.30
GROT,2017-08-21 00:00:00 EDT,42.54855,-76.37534,1287,60.6,61.4,60.6,94.8,59.2,0.000,0.000,0.00,0.000,0.1,0.9,0.3,316,0,0.3,1.3,0.5,288,9,0.1,0.9,0.3,316,0,0,28.81,,0,0,0,66.4,66.7,65.8,0.16,0.23,0.17
GROT,2017-08-21 00:05:00 EDT,42.54855,-76.37534,1287,61.1,61.6,61.1,95.4,59.8,0.000,0.000,0.00,0.000,0.0,0.0,0.0,0,0,0.0,0.8,0.1,344,0,0.0,0.0,0.0,0,0,0,28.81,,0,0,0,66.4,66.7,65.8,0.16,0.23,0.17
GROT,2017-08-21 00:10:00 EDT,42.54855,-76.37534,1287,60.9,61.5,60.9,95.8,59.7,0.000,0.000,0.00,0.000,0.0,0.0,0.0,0,0,0.1,0.9,0.3,351,4,0.0,0.0,0.0,0,0,0,28.81,,0,0,0,66.4,66.7,65.8,0.16,0.23,0.17
GROT,2017-08-21 00:15:00 EDT,42.54855,-76.37534,1287,60.8,61.7,60.8,95.9,59.6,0.000,0.000,0.00,0.000,0.7,1.6,0.5,96,4,1.1,1.8,0.3,91,11,0.7,1.6,0.5,96,4,0,28.81,,0,0,0,66.4,66.7,65.8,0.16,0.23,0.17
GROT,2017-08-21 00:20:00 EDT,42.54855,-76.37534,1287,60.2,61.8,60.2,95.9,59.0,0.000,0.000,0.00,0.000,1.4,3.1,0.5,98,15,1.7,3.4,0.6,94,18,1.4,3.1,0.5,98,15,0,28.81,,0,0,0,66.2,66.7,65.8,0.16,0.23,0.17
GROT,2017-08-21 00:25:00 EDT,42.54855,-76.37534,1287,59.8,60.9,59.8,96.0,58.7,0.000,0.000,0.00,0.000,0.4,1.0,0.4,17,12,0.8,1.6,0.5,350,27,0.4,1.0,0.4,17,12,0,28.81,,0,0,0,66.0,66.7,65.8,0.16,0.23,0.17
GROT,2017-08-21 00:30:00 EDT,42.54855,-76.37534,1287,60.4,61.0,60.4,96.9,59.5,0.000,0.000,0.00,0.000,0.4,1.5,0.5,325,14,0.7,1.8,0.6,326,20,0.4,1.5,0.5,325,14,0,28.82,,0,0,0,66.0,66.7,65.8,0.16,0.23,0.17
GROT,2017-08-21 00:35:00 EDT,42.54855,-76.37534,1287,60.3,60.9,60.3,96.7,59.4,0.000,0.000,0.00,0.000,0.6,1.4,0.6,308,0,0.7,1.6,0.6,311,5,0.6,1.4,0.6,308,0,0,28.82,,0,0,0,66.0,66.7,65.8,0.16,0.23,0.17
GROT,2017-08-21 00:40:00 EDT,42.54855,-76.37534,1287,60.6,61.0,60.6,96.8,59.7,0.000,0.000,0.00,0.000,0.0,0.0,0.0,0,0,0.1,1.0,0.2,8,5,0.0,0.0,0.0,0,0,0,28.82,,0,0,0,66.0,66.7,65.8,0.16,0.23,0.17
GROT,2017-08-21 00:45:00 EDT,42.54855,-76.37534,1287,60.7,60.9,60.7,96.5,59.7,0.000,0.000,0.00,0.000,0.0,0.0,0.0,0,0,0.3,1.1,0.4,3,6,0.0,0.0,0.0,0,0,0,28.82,,0,0,0,66.0,66.7,65.8,0.16,0.23,0.17
GROT,2017-08-21 00:50:00 EDT,42.54855,-76.37534,1287,60.6,60.8,60.6,96.3,59.6,0.000,0.000,0.00,0.000,0.0,0.0,0.0,0,0,0.2,1.1,0.4,360,3,0.0,0.0,0.0,0,0,0,28.81,,0,0,0,66.0,66.7,65.8,0.16,0.23,0.17
GROT,2017-08-21 00:55:00 EDT,42.54855,-76.37534,1287,60.7,60.8,60.7,96.6,59.7,0.000,0.000,0.00,0.000,0.0,0.0,0.0,0,0,0.3,1.1,0.4,348,4,0.0,0.0,0.0,0,0,0,28.81,,0,0,0,66.0,66.7,65.8,0.16,0.23,0.17
GROT,2017-08-21 01:00:00 EDT,42.54855,-76.37534,1287,60.6,60.5,60.6,96.7,59.6,0.000,0.000,0.00,0.000,0.4,0.9,0.3,306,1,0.7,1.2,0.4,288,12,0.4,0.9,0.3,306,1,0,28.81,,0,0,0,65.8,66.7,65.8,0.16,0.23,0.17
GROT,2017-08-21 01:05:00 EDT,42.54855,-76.37534,1287,60.7,60.9,60.7,96.9,59.8,0.000,0.000,0.00,0.000,0.5,0.9,0.3,290,6,0.8,1.2,0.4,279,10,0.5,0.9,0.3,290,6,0,28.81,,0,0,0,65.8,66.7,65.8,0.16,0.23,0.17
GROT,2017-08-21 01:10:00 EDT,42.54855,-76.37534,1287,60.4,60.9,60.4,96.4,59.4,0.000,0.000,0.00,0.000,0.0,0.0,0.0,0,0,0.6,1.2,0.5,332,7,0.0,0.0,0.0,0,0,0,28.81,,0,0,0,65.8,66.5,65.8,0.16,0.23,0.17
GROT,2017-08-21 01:15:00 EDT,42.54855,-76.37534,1287,60.5,60.5,60.5,96.4,59.5,0.000,0.000,0.00,0.000,0.6,0.9,0.2,284,0,0.9,1.3,0.2,299,8,0.6,0.9,0.2,284,0,0,28.81,,0,0,0,65.8,66.5,65.8,0.16,0.23,0.17
GROT,2017-08-21 01:20:00 EDT,42.54855,-76.37534,1287,60.5,60.6,60.5,96.6,59.5,0.000,0.000,0.00,0.000,0.8,1.1,0.1,284,0,1.0,1.3,0.2,306,6,0.8,1.1,0.1,284,0,0,28.81,,0,0,0,65.8,66.4,65.8,0.16,0.23,0.17
GROT,2017-08-21 01:25:00 EDT,42.54855,-76.37534,1287,60.4,60.5,60.4,96.8,59.5,0.000,0.000,0.00,0.000,1.4,1.8,0.2,286,6,1.6,2.2,0.3,293,9,1.4,1.8,0.2,286,6,0,28.81,,0,0,0,65.8,66.4,65.8,0.16,0.23,0.17
GROT,2017-08-21 01:30:00 EDT,42.54855,-76.37534,1287,60.4,60.6,60.4,96.7,59.5,0.000,0.000,0.00,0.000,1.4,1.9,0.3,285,4,1.6,2.2,0.4,289,9,1.4,1.9,0.3,285,4,0,28.81,,0,0,0,65.8,66.4,65.8,0.16,0.23,0.17
GROT,2017-08-21 01:35:00 EDT,42.54855,-76.37534,1287,60.6,60.9,60.6,96.7,59.6,0.000,0.000,0.00,0.000,0.5,0.9,0.2,281,0,0.7,1.4,0.4,299,9,0.5,0.9,0.2,281,0,0,28.81,,0,0,0,65.8,66.4,65.8,0.16,0.23,0.17
GROT,2017-08-21 01:40:00 EDT,42.54855,-76.37534,1287,60.6,60.9,60.6,96.4,59.6,0.000,0.000,0.00,0.000,0.4,0.9,0.2,281,0,0.7,1.3,0.4,269,16,0.4,0.9,0.2,281,0,0,28.81,,0,0,0,65.8,66.4,65.8,0.16,0.23,0.17
GROT,2017-08-21 01:45:00 EDT,42.54855,-76.37534,1287,60.5,61.0,60.5,96.2,59.5,0.000,0.000,0.00,0.000,0.8,1.3,0.2,284,4,1.1,1.8,0.2,294,13,0.8,1.3,0.2,284,4,0,28.81,,0,0,0,65.8,66.4,65.8,0.16,0.23,0.17
GROT,2017-08-21 01:50:00 EDT,42.54855,-76.37534,1287,60.5,60.9,60.5,96.0,59.3,0.000,0.000,0.00,0.000,1.3,1.9,0.2,280,12,1.5,2.2,0.2,283,14,1.3,1.9,0.2,280,12,0,28.81,,0,0,0,65.8,66.4,65.8,0.16,0.23,0.17
GROT,2017-08-21 01:55:00 EDT,42.54855,-76.37534,1287,60.2,60.5,60.2,95.6,59.0,0.000,0.000,0.00,0.000,1.8,2.2,0.1,285,6,2.1,2.6,0.2,291,8,1.8,2.2,0.1,285,6,0,28.81,,0,0,0,65.7,66.4,65.8,0.16,0.23,0.17
GROT,2017-08-21 02:00:00 EDT,42.54855,-76.37534,1287,60.3,60.6,60.3,95.8,59.1,0.000,0.000,0.00,0.000,1.3,1.8,0.2,280,4,1.5,2.1,0.3,286,8,1.3,1.8,0.2,280,4,0,28.81,,0,0,0,65.5,66.4,65.8,0.16,0.23,0.17
GROT,2017-08-21 02:05:00 EDT,42.54855,-76.37534,1287,60.4,60.8,60.4,96.0,59.3,0.000,0.000,0.00,0.000,0.8,1.3,0.3,302,9,1.0,1.6,0.4,299,9,0.8,1.3,0.3,302,9,0,28.81,,0,0,0,65.5,66.4,65.8,0.16,0.23,0.17
GROT,2017-08-21 02:10:00 EDT,42.54855,-76.37534,1287,60.4,60.7,60.4,95.9,59.2,0.000,0.000,0.00,0.000,0.8,1.2,0.3,298,4,1.0,1.7,0.3,293,10,0.8,1.2,0.3,298,4,0,28.81,,0,0,0,65.5,66.4,65.8,0.16,0.23,0.17
GROT,2017-08-21 02:15:00 EDT,42.54855,-76.37534,1287,60.2,60.5,60.2,96.0,59.0,0.000,0.000,0.00,0.000,1.1,1.4,0.1,283,6,1.3,1.7,0.2,279,12,1.1,1.4,0.1,283,6,0,28.81,,0,0,0,65.5,66.4,65.8,0.16,0.23,0.17
GROT,2017-08-21 02:20:00 EDT,42.54855,-76.37534,1287,60.0,60.3,60.0,96.0,58.9,0.000,0.000,0.00,0.000,0.8,1.1,0.1,277,0,1.1,1.4,0.1,270,10,0.8,1.1,0.1,277,0,0,28.81,,0,0,0,65.5,66.4,65.8,0.16,0.23,0.17
GROT,2017-08-21 02:25:00 EDT,42.54855,-76.37534,1287,59.8,60.2,59.8,96.1,58.7,0.000,0.000,0.00,0.000,1.2,1.5,0.1,272,9,1.4,1.7,0.2,267,13,1.2,1.5,0.1,272,9,0,28.81,,0,0,0,65.2,66.4,65.8,0.16,0.23,0.17
GROT,2017-08-21 02:30:00 EDT,42.54855,-76.37534,1287,59.4,60.2,59.4,95.9,58.2,0.000,0.000,0.00,0.000,0.3,0.9,0.4,221,11,0.9,1.3,0.3,173,34,0.3,0.9,0.4,221,11,0,28.81,,0,0,0,65.1,66.4,65.8,0.16,0.23,0.17
GROT,2017-08-21 02:35:00 EDT,42.54855,-76.37534,1287,59.1,59.9,59.1,96.4,58.1,0.000,0.000,0.00,0.000,0.0,0.4,0.1,204,81,0.4,1.2,0.5,306,24,0.0,0.4,0.1,204,81,0,28.81,,0,0,0,65.1,66.4,65.8,0.16,0.23,0.17
GROT,2017-08-21 02:40:00 EDT,42.54855,-76.37534,1287,59.1,60.3,59.1,96.6,58.1,0.000,0.000,0.00,0.000,0.0,0.4,0.1,204,81,0.5,1.3,0.5,256,39,0.0,0.4,0.1,204,81,0,28.81,,0,0,0,65.1,66.4,65.8,0.16,0.23,0.17
GROT,2017-08-21 02:45:00 EDT,42.54855,-76.37534,1287,58.1,59.5,58.1,96.2,57.1,0.000,0.000,0.00,0.000,0.1,0.5,0.2,335,0,0.6,1.4,0.4,327,20,0.1,0.5,0.2,335,0,0,28.81,,0,0,0,65.1,66.4,65.8,0.16,0.23,0.17
GROT,2017-08-21 02:50:00 EDT,42.54855,-76.37534,1287,58.8,60.1,58.8,97.3,58.0,0.000,0.000,0.00,0.000,0.8,2.6,0.7,86,24,1.0,2.7,0.8,75,28,0.8,2.6,0.7,86,24,0,28.81,,0,0,0,65.1,66.4,65.8,0.16,0.23,0.17
GROT,2017-08-21 02:55:00 EDT,42.54855,-76.37534,1287,57.5,58.9,57.5,96.7,56.6,0.000,0.000,0.00,0.000,1.2,2.0,0.5,352,11,1.4,2.8,0.8,349,12,1.2,2.0,0.5,352,11,0,28.81,,0,0,0,65.1,66.4,65.8,0.16,0.23,0.17
GROT,2017-08-21 03:00:00 EDT,42.54855,-76.37534,1287,58.1,59.2,58.1,97.1,57.3,0.000,0.000,0.00,0.000,0.4,1.2,0.4,71,8,0.7,1.6,0.5,47,23,0.4,1.2,0.4,71,8,0,28.81,,0,0,0,65.1,66.4,65.8,0.16,0.23,0.17
GROT,2017-08-21 03:05:00 EDT,42.54855,-76.37534,1287,57.9,58.6,57.9,97.4,57.1,0.000,0.000,0.00,0.000,0.1,0.9,0.2,358,3,0.5,2.0,0.5,343,14,0.1,0.9,0.2,358,3,0,28.82,,0,0,0,64.8,66.3,65.8,0.16,0.23,0.17
GROT,2017-08-21 03:10:00 EDT,42.54855,-76.37534,1287,58.3,59.2,58.3,97.7,57.7,0.000,0.000,0.00,0.000,0.0,0.4,0.1,111,0,0.1,1.1,0.3,99,9,0.0,0.4,0.1,111,0,0,28.82,,0,0,0,64.8,66.2,65.8,0.16,0.23,0.17
GROT,2017-08-21 03:15:00 EDT,42.54855,-76.37534,1287,58.5,58.8,58.5,97.9,57.9,0.000,0.000,0.00,0.000,0.0,0.4,0.1,111,0,0.6,1.3,0.5,340,17,0.0,0.4,0.1,111,0,0,28.82,,0,0,0,64.8,66.1,65.8,0.16,0.23,0.17
GROT,2017-08-21 03:20:00 EDT,42.54855,-76.37534,1287,58.2,58.6,58.2,97.8,57.6,0.000,0.000,0.00,0.000,0.4,1.0,0.3,341,41,0.8,1.3,0.3,337,20,0.4,1.0,0.3,341,41,0,28.81,,0,0,0,64.8,66.0,65.8,0.16,0.23,0.17
GROT,2017-08-21 03:25:00 EDT,42.54855,-76.37534,1287,58.5,58.6,58.5,97.9,57.9,0.000,0.000,0.00,0.000,0.1,0.6,0.2,324,0,0.5,1.1,0.4,303,17,0.1,0.6,0.2,324,0,0,28.81,,0,0,0,64.8,66.0,65.8,0.16,0.23,0.17
GROT,2017-08-21 03:30:00 EDT,42.54855,-76.37534,1287,58.3,58.9,58.3,97.9,57.7,0.000,0.000,0.00,0.000,0.0,0.0,0.0,0,0,0.1,0.8,0.3,347,17,0.0,0.0,0.0,0,0,0,28.81,,0,0,0,64.8,66.0,65.8,0.16,0.23,0.17
GROT,2017-08-21 03:35:00 EDT,42.54855,-76.37534,1287,58.5,58.8,58.5,97.8,57.9,0.000,0.000,0.00,0.000,0.3,0.9,0.3,324,0,0.6,1.3,0.5,300,10,0.3,0.9,0.3,324,0,0,28.81,,0,0,0,64.8,66.0,65.8,0.16,0.23,0.17
GROT,2017-08-21 03:40:00 EDT,42.54855,-76.37534,1287,58.5,58.9,58.5,97.9,57.9,0.000,0.000,0.00,0.000,0.3,0.8,0.3,281,16,0.6,1.3,0.5,282,14,0.3,0.8,0.3,281,16,0,28.81,,0,0,0,64.7,66.0,65.8,0.16,0.23,0.17
GROT,2017-08-21 03:45:00 EDT,42.54855,-76.37534,1287,58.8,58.9,58.8,98.0,58.2,0.000,0.000,0.00,0.000,0.1,0.5,0.2,248,0,1.0,1.4,0.3,306,11,0.1,0.5,0.2,248,0,0,28.81,,0,0,0,64.7,66.0,65.8,0.16,0.23,0.17
GROT,2017-08-21 03:50:00 EDT,42.54855,-76.37534,1287,58.7,58.8,58.7,97.9,58.1,0.000,0.000,0.00,0.000,0.3,1.7,0.5,259,3,0.6,2.1,0.7,283,15,0.3,1.7,0.5,259,3,0,28.81,,0,0,0,64.4,66.0,65.8,0.16,0.23,0.17
GROT,2017-08-21 03:55:00 EDT,42.54855,-76.37534,1287,58.8,59.0,58.8,97.9,58.2,0.000,0.000,0.00,0.000,0.5,1.6,0.5,264,0,0.9,1.9,0.5,289,21,0.5,1.6,0.5,264,0,0,28.81,,0,0,0,64.4,66.0,65.8,0.16,0.23,0.17
GROT,2017-08-21 04:00:00 EDT,42.54855,-76.37534,1287,58.8,59.3,58.8,97.9,58.2,0.000,0.000,0.00,0.000,0.6,1.5,0.5,305,23,0.7,1.8,0.6,301,30,0.6,1.5,0.5,305,23,0,28.81,,0,0,0,64.4,66.0,65.8,0.16,0.23,0.17
GROT,2017-08-21 04:05:00 EDT,42.54855,-76.37534,1287,58.8,59.9,58.8,97.8,58.2,0.000,0.000,0.00,0.000,0.2,0.7,0.3,148,1,0.3,1.1,0.4,162,12,0.2,0.7,0.3,148,1,0,28.81,,0,0,0,64.4,66.0,65.8,0.16,0.23,0.17
GROT,2017-08-21 04:10:00 EDT,42.54855,-76.37534,1287,59.0,59.7,59.0,97.8,58.4,0.000,0.000,0.00,0.000,0.3,1.0,0.3,265,47,0.5,1.3,0.5,303,11,0.3,1.0,0.3,265,47,0,28.81,,0,0,0,64.4,66.0,65.8,0.16,0.23,0.17
GROT,2017-08-21 04:15:00 EDT,42.54855,-76.37534,1287,58.8,59.3,58.8,97.6,58.1,0.000,0.000,0.00,0.000,1.1,1.7,0.4,292,14,1.3,2.0,0.5,293,15,1.1,1.7,0.4,292,14,0,28.81,,0,0,0,64.4,66.0,65.8,0.16,0.23,0.17
GROT,2017-08-21 04:20:00 EDT,42.54855,-76.37534,1287,58.8,59.5,58.8,97.6,58.2,0.000,0.000,0.00,0.000,1.0,1.6,0.6,245,12,1.1,1.9,0.7,243,13,1.0,1.6,0.6,245,12,0,28.82,,0,0,0,64.4,66.0,65.8,0.16,0.23,0.17
GROT,2017-08-21 04:25:00 EDT,42.54855,-76.37534,1287,58.6,59.9,58.6,97.4,57.9,0.000,0.000,0.00,0.000,0.3,1.2,0.5,320,3,0.8,1.8,0.5,315,9,0.3,1.2,0.5,320,3,0,28.82,,0,0,0,64.4,66.0,65.8,0.16,0.23,0.17
GROT,2017-08-21 04:30:00 EDT,42.54855,-76.37534,1287,58.8,60.4,58.8,97.4,58.1,0.000,0.000,0.00,0.000,0.1,0.8,0.2,4,1,0.4,1.9,0.5,351,34,0.1,0.8,0.2,4,1,0,28.82,,0,0,0,64.4,66.0,65.8,0.16,0.23,0.17
GROT,2017-08-21 04:35:00 EDT,42.54855,-76.37534,1287,57.0,59.7,57.0,96.3,55.9,0.000,0.000,0.00,0.000,0.2,1.1,0.3,93,29,0.6,1.3,0.5,75,35,0.2,1.1,0.3,93,29,0,28.81,,0,0,0,64.4,66.0,65.8,0.16,0.23,0.17
GROT,2017-08-21 04:40:00 EDT,42.54855,-76.37534,1287,58.4,60.2,58.4,97.5,57.7,0.000,0.000,0.00,0.000,0.4,1.1,0.4,110,1,0.6,1.5,0.5,93,10,0.4,1.1,0.4,110,1,0,28.81,,0,0,0,64.4,66.0,65.8,0.16,0.23,0.17
GROT,2017-08-21 04:45:00 EDT,42.54855,-76.37534,1287,58.6,59.4,58.6,97.9,58.0,0.000,0.000,0.00,0.000,0.1,0.8,0.2,75,0,0.4,1.4,0.4,66,15,0.1,0.8,0.2,75,0,0,28.82,,0,0,0,64.4,66.0,65.8,0.16,0.23,0.17
GROT,2017-08-21 04:50:00 EDT,42.54855,-76.37534,1287,57.9,59.1,57.9,97.4,57.1,0.000,0.000,0.00,0.000,0.0,0.0,0.0,0,0,0.0,0.0,0.0,0,0,0.0,0.0,0.0,0,0,0,28.82,,0,0,0,64.4,66.0,65.8,0.16,0.23,0.17
GROT,2017-08-21 04:55:00 EDT,42.54855,-76.37534,1287,58.2,59.2,58.2,97.6,57.5,0.000,0.000,0.00,0.000,0.0,0.0,0.0,0,0,0.0,0.8,0.1,16,0,0.0,0.0,0.0,0,0,0,28.82,,0,0,0,64.3,65.9,65.8,0.16,0.23,0.17
GROT,2017-08-21 05:00:00 EDT,42.54855,-76.37534,1287,57.2,58.7,57.2,97.4,56.5,0.000,0.000,0.00,0.000,0.0,0.0,0.0,0,0,0.2,1.1,0.4,8,4,0.0,0.0,0.0,0,0,0,28.82,,0,0,0,64.2,65.9,65.8,0.16,0.23,0.17
GROT,2017-08-21 05:05:00 EDT,42.54855,-76.37534,1287,57.7,58.8,57.7,97.5,57.0,0.000,0.000,0.00,0.000,0.0,0.0,0.0,0,0,0.2,1.2,0.3,350,13,0.0,0.0,0.0,0,0,0,28.81,,0,0,0,64.2,65.8,65.8,0.16,0.23,0.17
GROT,2017-08-21 05:10:00 EDT,42.54855,-76.37534,1287,57.7,58.8,57.7,97.7,57.1,0.000,0.000,0.00,0.000,0.0,0.0,0.0,0,0,0.2,1.1,0.4,338,6,0.0,0.0,0.0,0,0,0,28.82,,0,0,0,64.2,65.8,65.8,0.16,0.23,0.17
GROT,2017-08-21 05:15:00 EDT,42.54855,-76.37534,1287,57.9,59.0,57.9,97.8,57.3,0.000,0.000,0.00,0.000,0.2,0.7,0.2,73,0,0.5,1.3,0.5,68,25,0.2,0.7,0.2,73,0,0,28.81,,0,0,0,64.2,65.8,65.8,0.16,0.23,0.17
GROT,2017-08-21 05:20:00 EDT,42.54855,-76.37534,1287,57.9,58.9,57.9,97.9,57.3,0.000,0.000,0.00,0.000,0.6,2.1,0.5,86,14,0.9,2.7,0.6,82,13,0.6,2.1,0.5,86,14,0,28.81,,0,0,0,64.2,65.8,65.8,0.16,0.23,0.17
GROT,2017-08-21 05:25:00 EDT,42.54855,-76.37534,1287,57.0,58.7,57.0,97.6,56.3,0.000,0.000,0.00,0.000,1.8,2.7,0.6,99,18,2.1,3.4,0.6,92,20,1.8,2.7,0.6,99,18,0,28.81,,0,0,0,64.2,65.8,65.8,0.16,0.23,0.17
GROT,2017-08-21 05:30:00 EDT,42.54855,-76.37534,1287,57.3,59.1,57.3,97.9,56.7,0.000,0.000,0.00,0.000,2.4,3.7,0.5,116,9,2.6,3.9,0.5,115,10,2.4,3.7,0.5,116,9,0,28.81,,0,0,0,64.2,65.8,65.8,0.16,0.23,0.17
GROT,2017-08-21 05:35:00 EDT,42.54855,-76.37534,1287,56.6,58.8,56.6,97.5,55.9,0.000,0.000,0.00,0.000,1.5,2.3,0.3,88,18,1.8,2.9,0.4,82,21,1.5,2.3,0.3,88,18,0,28.82,,0,0,0,64.2,65.8,65.8,0.16,0.23,0.17
GROT,2017-08-21 05:40:00 EDT,42.54855,-76.37534,1287,56.9,58.9,56.9,97.8,56.2,0.000,0.000,0.00,0.000,1.9,3.1,0.3,110,12,2.0,3.0,0.3,106,13,1.9,3.1,0.3,110,12,0,28.82,,0,0,0,64.2,65.8,65.8,0.16,0.23,0.17
GROT,2017-08-21 05:45:00 EDT,42.54855,-76.37534,1287,56.7,58.6,56.7,97.9,56.1,0.000,0.000,0.00,0.000,1.8,2.4,0.2,90,9,2.2,3.3,0.3,85,10,1.8,2.4,0.2,90,9,0,28.81,,0,0,0,64.2,65.8,65.8,0.16,0.23,0.17
GROT,2017-08-21 05:50:00 EDT,42.54855,-76.37534,1287,56.6,58.6,56.6,97.7,56.0,0.000,0.000,0.00,0.000,1.9,3.1,0.3,96,9,2.2,3.7,0.4,91,10,1.9,3.1,0.3,96,9,0,28.82,,0,0,0,63.9,65.8,65.8,0.16,0.23,0.17
GROT,2017-08-21 05:55:00 EDT,42.54855,-76.37534,1287,56.8,58.6,56.8,97.8,56.2,0.000,0.000,0.00,0.000,1.7,2.5,0.3,93,13,2.0,2.9,0.4,86,15,1.7,2.5,0.3,93,13,0,28.82,,0,0,0,63.9,65.8,65.8,0.16,0.23,0.17
GROT,2017-08-21 06:00:00 EDT,42.54855,-76.37534,1287,56.7,58.2,56.7,97.9,56.2,0.000,0.000,0.00,0.000,0.8,1.2,0.2,77,12,1.0,1.6,0.3,69,17,0.8,1.2,0.2,77,12,0,28.82,,0,0,0,63.9,65.8,65.8,0.16,0.23,0.17
GROT,2017-08-21 06:05:00 EDT,42.54855,-76.37534,1287,57.0,58.2,57.0,98.0,56.4,0.000,0.000,0.00,0.000,0.6,1.2,0.2,106,2,1.0,1.7,0.3,99,11,0.6,1.2,0.2,106,2,0,28.82,,0,0,0,63.9,65.8,65.8,0.16,0.23,0.17
GROT,2017-08-21 06:10:00 EDT,42.54855,-76.37534,1287,56.9,58.3,56.9,98.0,56.4,0.000,0.000,0.00,0.000,2.1,4.7,1.2,122,15,2.2,5.2,1.2,120,16,2.1,4.7,1.2,122,15,1,28.82,,0,0,0,63.9,65.8,65.8,0.16,0.23,0.17
GROT,2017-08-21 06:15:00 EDT,42.54855,-76.37534,1287,57.0,59.0,57.0,98.2,56.5,0.000,0.000,0.00,0.000,2.9,4.2,0.6,124,15,2.9,4.7,0.7,124,16,2.9,4.2,0.6,124,15,2,28.82,,0,0,0,63.9,65.8,65.8,0.16,0.23,0.17
GROT,2017-08-21 06:20:00 EDT,42.54855,-76.37534,1287,56.4,58.5,56.4,97.8,55.8,0.000,0.000,0.00,0.000,2.2,3.7,0.5,106,12,2.5,4.1,0.6,103,14,2.2,3.7,0.5,106,12,3,28.82,,0,0,0,63.9,65.8,65.8,0.16,0.23,0.17
GROT,2017-08-21 06:25:00 EDT,42.54855,-76.37534,1287,57.0,58.8,57.0,98.2,56.5,0.000,0.000,0.00,0.000,3.5,4.9,0.6,119,8,3.6,5.5,0.7,118,8,3.5,4.9,0.6,119,8,6,28.82,,0,0,0,63.9,65.8,65.8,0.16,0.23,0.17
GROT,2017-08-21 06:30:00 EDT,42.54855,-76.37534,1287,57.8,58.8,57.8,98.1,57.2,0.000,0.000,0.00,0.000,3.5,5.0,0.9,120,10,3.5,5.1,0.8,119,10,3.5,5.0,0.9,120,10,10,28.81,,0,0,0,63.9,65.8,65.8,0.16,0.23,0.17
GROT,2017-08-21 06:35:00 EDT,42.54855,-76.37534,1287,57.3,58.5,57.3,97.6,56.6,0.000,0.000,0.00,0.000,1.2,2.8,0.8,92,11,1.4,3.3,1.0,88,18,1.2,2.8,0.8,92,11,14,28.82,,0,0,0,63.8,65.8,65.8,0.16,0.23,0.17
GROT,2017-08-21 06:40:00 EDT,42.54855,-76.37534,1287,57.3,58.5,57.3,97.5,56.6,0.000,0.000,0.00,0.000,0.1,0.7,0.2,176,2,0.5,1.3,0.5,195,15,0.1,0.7,0.2,176,2,33,28.82,,0,0,0,63.8,65.8,65.8,0.16,0.23,0.17
GROT,2017-08-21 06:45:00 EDT,42.54855,-76.37534,1287,57.5,58.3,57.5,97.5,56.8,0.000,0.000,0.00,0.000,0.6,1.4,0.6,53,57,1.0,1.9,0.7,344,10,0.6,1.4,0.6,53,57,50,28.82,,0,0,0,63.8,65.8,65.8,0.16,0.23,0.17
GROT,2017-08-21 06:50:00 EDT,42.54855,-76.37534,1287,57.4,57.7,57.4,97.4,56.7,0.000,0.000,0.00,0.000,1.2,1.7,0.2,45,16,1.2,1.7,0.3,36,16,1.2,1.7,0.2,45,16,57,28.82,,0,0,0,63.8,65.8,65.8,0.16,0.23,0.17
GROT,2017-08-21 06:55:00 EDT,42.54855,-76.37534,1287,57.7,58.3,57.7,97.4,56.9,0.000,0.000,0.00,0.000,1.5,3.3,1.0,118,13,1.6,3.1,0.9,118,14,1.5,3.3,1.0,118,13,61,28.82,,0,0,0,63.8,65.8,65.8,0.16,0.23,0.17
GROT,2017-08-21 07:00:00 EDT,42.54855,-76.37534,1287,58.2,59.1,58.2,97.3,57.5,0.000,0.000,0.00,0.000,2.6,3.7,0.6,118,10,2.6,3.7,0.5,116,12,2.6,3.7,0.6,118,10,73,28.82,,0,0,0,63.8,65.8,65.8,0.16,0.23,0.17
GROT,2017-08-21 07:05:00 EDT,42.54855,-76.37534,1287,57.5,59.0,57.5,96.2,56.4,0.000,0.000,0.00,0.000,1.4,2.2,0.4,86,16,1.7,3.1,0.4,78,17,1.4,2.2,0.4,86,16,84,28.82,,0,0,0,63.8,65.8,65.8,0.16,0.23,0.17
GROT,2017-08-21 07:10:00 EDT,42.54855,-76.37534,1287,58.3,59.2,58.3,96.5,57.3,0.000,0.000,0.00,0.000,1.4,2.0,0.3,87,12,1.8,2.7,0.3,80,14,1.4,2.0,0.3,87,12,103,28.82,,0,0,0,63.9,65.8,65.8,0.16,0.23,0.17
GROT,2017-08-21 07:15:00 EDT,42.54855,-76.37534,1287,59.2,59.8,59.2,95.9,58.0,0.000,0.000,0.00,0.000,2.1,2.8,0.3,112,8,2.3,3.3,0.3,111,10,2.1,2.8,0.3,112,8,107,28.82,,0,0,0,63.9,65.8,65.8,0.16,0.23,0.17
GROT,2017-08-21 07:20:00 EDT,42.54855,-76.37534,1287,59.9,60.5,59.9,95.1,58.5,0.000,0.000,0.00,0.000,3.0,4.9,0.5,125,10,3.0,5.0,0.6,123,10,3.0,4.9,0.5,125,10,122,28.82,,0,0,0,63.9,65.8,65.8,0.16,0.23,0.17
GROT,2017-08-21 07:25:00 EDT,42.54855,-76.37534,1287,60.4,61.1,60.4,93.4,58.5,0.000,0.000,0.00,0.000,3.0,4.5,0.7,120,13,3.2,5.4,0.8,118,14,3.0,4.5,0.7,120,13,151,28.82,,0,0,0,63.9,65.8,65.8,0.16,0.23,0.17
GROT,2017-08-21 07:30:00 EDT,42.54855,-76.37534,1287,60.7,61.2,60.7,92.2,58.4,0.000,0.000,0.00,0.000,2.4,4.5,0.8,114,14,2.6,4.4,0.8,109,15,2.4,4.5,0.8,114,14,143,28.82,,0,0,0,63.9,65.8,65.8,0.16,0.23,0.17
GROT,2017-08-21 07:35:00 EDT,42.54855,-76.37534,1287,60.1,61.1,60.1,91.1,57.5,0.000,0.000,0.00,0.000,1.6,2.9,0.5,86,20,1.9,3.7,0.6,77,22,1.6,2.9,0.5,86,20,114,28.82,,0,0,0,63.9,65.8,65.8,0.16,0.23,0.17
GROT,2017-08-21 07:40:00 EDT,42.54855,-76.37534,1287,59.7,60.8,59.7,92.0,57.4,0.000,0.000,0.00,0.000,1.4,1.8,0.2,68,10,1.6,2.5,0.4,60,14,1.4,1.8,0.2,68,10,160,28.82,,0,0,0,63.9,65.8,65.8,0.16,0.23,0.17
GROT,2017-08-21 07:45:00 EDT,42.54855,-76.37534,1287,60.3,61.0,60.3,92.4,58.1,0.000,0.000,0.00,0.000,1.5,2.1,0.3,63,13,1.7,2.8,0.4,56,13,1.5,2.1,0.3,63,13,201,28.82,,0,0,0,63.9,65.8,65.8,0.16,0.23,0.17
GROT,2017-08-21 07:50:00 EDT,42.54855,-76.37534,1287,61.1,61.5,61.1,92.1,58.8,0.000,0.000,0.00,0.000,1.8,2.6,0.4,75,11,2.2,3.4,0.5,68,13,1.8,2.6,0.4,75,11,217,28.82,,0,0,0,63.9,65.8,65.8,0.16,0.23,0.17
GROT,2017-08-21 07:55:00 EDT,42.54855,-76.37534,1287,62.3,62.5,62.3,89.8,59.3,0.000,0.000,0.00,0.000,2.2,3.7,0.5,88,14,2.7,4.3,0.6,84,13,2.2,3.7,0.5,88,14,206,28.82,,0,0,0,63.9,65.8,65.8,0.16,0.23,0.17
GROT,2017-08-21 08:00:00 EDT,42.54855,-76.37534,1287,63.2,63.0,63.2,89.0,59.9,0.004,0.004,0.00,0.004,1.7,2.5,0.4,91,19,2.1,3.7,0.5,87,20,1.7,2.5,0.4,91,19,244,28.82,,0,0,0,63.9,65.7,65.8,0.16,0.23,0.17
GROT,2017-08-21 08:05:00 EDT,42.54855,-76.37534,1287,64.2,63.7,64.2,86.4,60.1,0.000,0.004,0.00,0.004,2.3,3.9,0.7,90,19,2.7,5.2,0.8,86,19,2.3,3.9,0.7,90,19,267,28.82,,0,0,0,64.0,65.6,65.8,0.16,0.23,0.17
GROT,2017-08-21 08:10:00 EDT,42.54855,-76.37534,1287,63.9,63.7,63.9,86.2,59.7,0.000,0.004,0.00,0.004,2.3,3.6,0.4,75,13,2.7,4.5,0.6,70,13,2.3,3.6,0.4,75,13,262,28.82,,0,0,0,64.2,65.6,65.8,0.16,0.23,0.17
GROT,2017-08-21 08:15:00 EDT,42.54855,-76.37534,1287,64.0,63.5,64.0,86.0,59.8,0.000,0.004,0.00,0.004,2.4,4.0,0.5,55,12,2.7,4.6,0.6,53,10,2.4,4.0,0.5,55,12,287,28.82,,0,0,0,64.2,65.6,65.8,0.16,0.23,0.17
GROT,2017-08-21 08:20:00 EDT,42.54855,-76.37534,1287,65.0,63.9,65.0,84.3,60.1,0.000,0.004,0.00,0.004,2.6,3.9,0.6,65,11,3.0,4.9,0.8,63,10,2.6,3.9,0.6,65,11,323,28.82,,0,0,0,64.2,65.5,65.8,0.16,0.23,0.17
GROT,2017-08-21 08:25:00 EDT,42.54855,-76.37534,1287,65.6,64.5,65.6,84.0,60.6,0.000,0.004,0.00,0.004,2.0,3.0,0.4,60,13,2.4,4.0,0.7,58,13,2.0,3.0,0.4,60,13,353,28.82,,0,0,0,64.2,65.5,65.8,0.16,0.23,0.17
GROT,2017-08-21 08:30:00 EDT,42.54855,-76.37534,1287,66.2,65.1,66.2,83.0,60.9,0.000,0.004,0.00,0.004,2.4,3.4,0.4,59,11,2.7,4.2,0.7,56,11,2.4,3.4,0.4,59,11,376,28.82,,0,0,0,64.2,65.5,65.8,0.16,0.23,0.17
GROT,2017-08-21 08:35:00 EDT,42.54855,-76.37534,1287,67.3,65.8,67.3,82.3,61.7,0.000,0.004,0.00,0.004,2.8,4.7,0.7,65,11,3.3,5.5,0.8,63,11,2.8,4.7,0.7,65,11,403,28.81,,0,0,0,64.3,65.5,65.8,0.16,0.23,0.17
GROT,2017-08-21 08:40:00 EDT,42.54855,-76.37534,1287,67.7,66.2,67.7,81.2,61.7,0.000,0.004,0.00,0.004,2.9,4.3,0.6,75,13,3.4,5.2,0.8,73,12,2.9,4.3,0.6,75,13,317,28.81,,0,0,0,64.4,65.5,65.8,0.16,0.23,0.17
GROT,2017-08-21 08:45:00 EDT,42.54855,-76.37534,1287,68.3,67.2,68.3,82.0,62.6,0.000,0.004,0.00,0.004,2.5,5.2,1.0,110,27,2.8,5.6,1.0,108,28,2.5,5.2,1.0,110,27,304,28.81,,0,0,0,64.4,65.5,65.8,0.16,0.23,0.17
GROT,2017-08-21 08:50:00 EDT,42.54855,-76.37534,1287,69.6,68.4,69.6,80.8,63.4,0.000,0.004,0.00,0.004,3.4,5.3,1.0,113,19,3.7,5.9,0.9,111,19,3.4,5.3,1.0,113,19,363,28.81,,0,0,0,64.4,65.5,65.8,0.16,0.23,0.17
GROT,2017-08-21 08:55:00 EDT,42.54855,-76.37534,1287,70.5,69.5,70.5,77.8,63.3,0.000,0.004,0.00,0.004,3.0,5.3,0.9,128,23,3.4,6.3,1.0,127,23,3.0,5.3,0.9,128,23,421,28.81,,0,0,0,64.4,65.5,65.8,0.16,0.23,0.17
GROT,2017-08-21 09:00:00 EDT,42.54855,-76.37534,1287,71.4,70.5,71.4,74.5,62.8,0.000,0.004,0.00,0.000,3.2,5.5,1.1,137,28,3.5,6.9,1.2,135,29,3.2,5.5,1.1,137,28,430,28.81,,0,0,0,64.4,65.5,65.7,0.16,0.23,0.17
GROT,2017-08-21 09:05:00 EDT,42.54855,-76.37534,1287,72.0,70.8,72.0,72.5,62.7,0.000,0.004,0.00,0.000,4.3,6.8,1.1,127,16,4.5,7.2,1.2,125,18,4.3,6.8,1.1,127,16,537,28.81,,0,0,0,64.5,65.5,65.6,0.16,0.23,0.17
GROT,2017-08-21 09:10:00 EDT,42.54855,-76.37534,1287,72.7,71.6,72.7,72.4,63.3,0.000,0.004,0.00,0.000,2.6,6.4,1.5,160,29,3.2,6.8,1.6,164,33,2.6,6.4,1.5,160,29,523,28.81,,0,0,0,64.8,65.5,65.6,0.16,0.23,0.17
GROT,2017-08-21 09:15:00 EDT,42.54855,-76.37534,1287,72.5,71.7,72.5,68.2,61.4,0.000,0.004,0.00,0.000,3.8,7.7,1.7,187,31,4.3,8.4,1.8,189,29,3.8,7.7,1.7,187,31,458,28.81,,0,0,0,64.8,65.5,65.5,0.16,0.23,0.17
GROT,2017-08-21 09:20:00 EDT,42.54855,-76.37534,1287,72.2,71.5,72.2,69.4,61.6,0.000,0.004,0.00,0.000,4.5,7.2,1.2,182,21,5.1,8.9,1.6,182,19,4.5,7.2,1.2,182,21,459,28.82,,0,0,0,64.9,65.5,65.5,0.16,0.23,0.17
GROT,2017-08-21 09:25:00 EDT,42.54855,-76.37534,1287,72.2,71.4,72.2,70.0,61.9,0.000,0.004,0.00,0.000,4.1,6.9,1.2,180,26,4.5,8.3,1.4,179,26,4.1,6.9,1.2,180,26,295,28.82,,0,0,0,65.1,65.5,65.5,0.16,0.23,0.17
GROT,2017-08-21 09:30:00 EDT,42.54855,-76.37534,1287,71.7,71.2,71.7,71.4,62.0,0.000,0.004,0.00,0.000,4.2,8.0,1.8,172,25,5.0,9.7,2.3,174,24,4.2,8.0,1.8,172,25,230,28.82,,0,0,0,65.1,65.5,65.5,0.16,0.23,0.17
GROT,2017-08-21 09:35:00 EDT,42.54855,-76.37534,1287,71.4,71.0,71.4,72.1,62.0,0.000,0.004,0.00,0.000,3.3,7.2,1.8,191,31,3.7,8.8,2.0,192,29,3.3,7.2,1.8,191,31,249,28.82,,0,0,0,65.1,65.5,65.5,0.16,0.23,0.17
GROT,2017-08-21 09:40:00 EDT,42.54855,-76.37534,1287,71.7,71.2,71.7,73.0,62.6,0.000,0.004,0.00,0.000,2.0,3.9,1.0,178,38,2.3,5.9,1.2,181,37,2.0,3.9,1.0,178,38,295,28.82,,0,0,0,65.1,65.5,65.5,0.16,0.23,0.17
GROT,2017-08-21 09:45:00 EDT,42.54855,-76.37534,1287,71.7,71.2,71.7,72.3,62.3,0.000,0.004,0.00,0.000,3.1,6.1,1.3,204,26,3.7,7.3,1.4,206,24,3.1,6.1,1.3,204,26,282,28.82,,0,0,0,65.1,65.5,65.5,0.16,0.23,0.17
GROT,2017-08-21 09:50:00 EDT,42.54855,-76.37534,1287,71.7,71.2,71.7,72.9,62.6,0.000,0.004,0.00,0.000,3.1,5.4,1.3,200,24,3.7,6.6,1.6,203,24,3.1,5.4,1.3,200,24,248,28.82,,0,0,0,65.4,65.5,65.5,0.16,0.23,0.17
GROT,2017-08-21 09:55:00 EDT,42.54855,-76.37534,1287,71.6,71.1,71.6,73.0,62.5,0.000,0.004,0.00,0.000,5.1,8.6,1.6,202,16,5.4,9.9,2.0,203,14,5.1,8.6,1.6,202,16,222,28.82,,0,0,0,65.5,65.5,65.5,0.16,0.23,0.17
GROT,2017-08-21 10:00:00 EDT,42.54855,-76.37534,1287,71.6,71.2,71.6,73.5,62.6,0.000,0.004,0.00,0.000,4.2,7.7,1.6,207,20,4.5,8.5,1.7,206,20,4.2,7.7,1.6,207,20,211,28.82,,0,0,0,65.5,65.5,65.5,0.16,0.23,0.17
GROT,2017-08-21 10:05:00 EDT,42.54855,-76.37534,1287,71.7,71.2,71.7,74.4,63.1,0.000,0.004,0.00,0.000,3.6,8.3,1.7,198,24,4.1,10.2,1.9,196,24,3.6,8.3,1.7,198,24,213,28.82,,0,0,0,65.6,65.5,65.5,0.16,0.23,0.17
GROT,2017-08-21 10:10:00 EDT,42.54855,-76.37534,1287,71.9,71.4,71.9,75.0,63.5,0.000,0.004,0.00,0.000,1.9,4.0,0.8,196,30,2.2,4.8,1.0,196,30,1.9,4.0,0.8,196,30,234,28.81,,0,0,0,65.7,65.5,65.5,0.16,0.23,0.17
GROT,2017-08-21 10:15:00 EDT,42.54855,-76.37534,1287,72.3,71.7,72.3,74.6,63.8,0.000,0.004,0.00,0.000,2.5,4.3,0.8,185,21,2.9,6.0,1.1,185,20,2.5,4.3,0.8,185,21,272,28.81,,0,0,0,65.8,65.5,65.5,0.16,0.23,0.17
GROT,2017-08-21 10:20:00 EDT,42.54855,-76.37534,1287,72.5,71.9,72.5,73.3,63.4,0.000,0.004,0.00,0.000,3.2,6.5,1.2,179,25,3.6,7.5,1.3,178,28,3.2,6.5,1.2,179,25,299,28.81,,0,0,0,65.8,65.5,65.5,0.16,0.23,0.17
GROT,2017-08-21 10:25:00 EDT,42.54855,-76.37534,1287,72.4,72.0,72.4,72.9,63.3,0.000,0.004,0.00,0.000,4.0,7.7,1.7,174,23,4.7,8.7,2.0,177,23,4.0,7.7,1.7,174,23,289,28.81,,0,0,0,65.8,65.5,65.5,0.16,0.23,0.17
GROT,2017-08-21 10:30:00 EDT,42.54855,-76.37534,1287,72.4,72.0,72.4,72.7,63.2,0.000,0.004,0.00,0.000,3.2,6.4,1.6,190,22,3.7,8.0,1.7,189,22,3.2,6.4,1.6,190,22,244,28.81,,0,0,0,65.8,65.5,65.5,0.16,0.23,0.17
GROT,2017-08-21 10:35:00 EDT,42.54855,-76.37534,1287,72.4,71.8,72.4,72.5,63.0,0.000,0.004,0.00,0.000,2.4,5.6,1.4,177,26,2.8,6.6,1.5,175,27,2.4,5.6,1.4,177,26,215,28.81,,0,0,0,65.8,65.5,65.5,0.16,0.23,0.17
GROT,2017-08-21 10:40:00 EDT,42.54855,-76.37534,1287,72.2,71.7,72.2,73.6,63.3,0.000,0.004,0.00,0.000,4.3,7.1,1.2,174,16,4.9,9.1,1.6,176,13,4.3,7.1,1.2,174,16,246,28.80,,0,0,0,65.8,65.5,65.5,0.16,0.23,0.17
GROT,2017-08-21 10:45:00 EDT,42.54855,-76.37534,1287,72.3,71.8,72.3,73.8,63.5,0.000,0.004,0.00,0.000,3.6,7.2,1.6,178,27,4.1,8.0,1.9,176,22,3.6,7.2,1.6,178,27,276,28.80,,0,0,0,65.8,65.5,65.5,0.16,0.23,0.17
GROT,2017-08-21 10:50:00 EDT,42.54855,-76.37534,1287,72.3,71.8,72.3,72.9,63.2,0.000,0.004,0.00,0.000,4.5,8.2,1.7,189,17,4.9,10.4,2.1,192,16,4.5,8.2,1.7,189,17,272,28.81,,0,0,0,65.8,65.5,65.5,0.16,0.23,0.17
GROT,2017-08-21 10:55:00 EDT,42.54855,-76.37534,1287,72.4,71.9,72.4,73.2,63.4,0.000,0.004,0.00,0.000,3.6,6.4,1.2,182,28,4.3,7.5,1.3,183,26,3.6,6.4,1.2,182,28,269,28.81,,0,0,0,66.0,65.5,65.5,0.16,0.23,0.17
GROT,2017-08-21 11:00:00 EDT,42.54855,-76.37534,1287,72.8,72.1,72.8,73.5,63.8,0.000,0.004,0.00,0.000,3.2,5.3,1.0,162,31,3.7,6.3,1.1,161,32,3.2,5.3,1.0,162,31,300,28.80,,0,0,0,66.0,65.5,65.5,0.16,0.23,0.17
GROT,2017-08-21 11:05:00 EDT,42.54855,-76.37534,1287,72.7,72.1,72.7,72.1,63.2,0.000,0.004,0.00,0.000,4.0,6.1,1.0,185,17,4.4,7.1,1.2,185,15,4.0,6.1,1.0,185,17,312,28.80,,0,0,0,66.0,65.5,65.5,0.16,0.23,0.17
GROT,2017-08-21 11:10:00 EDT,42.54855,-76.37534,1287,73.4,72.6,73.4,72.4,64.0,0.000,0.004,0.00,0.000,2.8,5.6,1.2,202,30,2.9,5.5,1.1,205,30,2.8,5.6,1.2,202,30,465,28.81,,0,0,0,66.0,65.5,65.5,0.16,0.23,0.17
GROT,2017-08-21 11:15:00 EDT,42.54855,-76.37534,1287,74.4,73.2,74.4,70.8,64.3,0.000,0.004,0.00,0.000,3.2,7.7,1.2,170,38,3.6,7.8,1.4,170,39,3.2,7.7,1.2,170,38,609,28.80,,0,0,0,66.0,65.5,65.5,0.16,0.23,0.17
GROT,2017-08-21 11:20:00 EDT,42.54855,-76.37534,1287,74.7,73.7,74.7,69.6,64.1,0.000,0.004,0.00,0.000,2.5,4.2,0.9,172,34,3.1,5.6,1.0,169,35,2.5,4.2,0.9,172,34,632,28.80,,0,0,0,66.3,65.5,65.5,0.16,0.23,0.17
GROT,2017-08-21 11:25:00 EDT,42.54855,-76.37534,1287,74.5,73.6,74.5,67.6,63.1,0.000,0.004,0.00,0.000,4.4,6.9,1.3,187,19,5.0,8.0,1.6,190,18,4.4,6.9,1.3,187,19,548,28.80,,0,0,0,66.4,65.5,65.5,0.16,0.23,0.17
GROT,2017-08-21 11:30:00 EDT,42.54855,-76.37534,1287,74.7,73.6,74.7,67.9,63.4,0.000,0.004,0.00,0.000,4.4,8.0,1.7,194,16,4.9,9.3,1.7,195,16,4.4,8.0,1.7,194,16,667,28.80,,0,0,0,66.4,65.5,65.5,0.16,0.23,0.17
GROT,2017-08-21 11:35:00 EDT,42.54855,-76.37534,1287,75.2,74.0,75.2,66.7,63.3,0.000,0.004,0.00,0.000,4.5,8.2,1.6,193,21,5.0,8.9,1.8,194,19,4.5,8.2,1.6,193,21,549,28.80,,0,0,0,66.4,65.5,65.5,0.16,0.23,0.17
GROT,2017-08-21 11:40:00 EDT,42.54855,-76.37534,1287,75.2,74.3,75.2,66.7,63.4,0.000,0.004,0.00,0.000,4.6,7.9,1.6,216,20,4.8,8.8,1.6,217,19,4.6,7.9,1.6,216,20,448,28.80,,0,0,0,66.7,65.5,65.5,0.16,0.23,0.17
GROT,2017-08-21 11:45:00 EDT,42.54855,-76.37534,1287,75.3,74.5,75.3,68.8,64.3,0.000,0.004,0.00,0.000,3.3,5.5,0.9,152,27,3.8,5.9,1.0,153,29,3.3,5.5,0.9,152,27,321,28.80,,0,0,0,66.7,65.5,65.5,0.16,0.23,0.17
GROT,2017-08-21 11:50:00 EDT,42.54855,-76.37534,1287,75.9,74.6,75.9,69.0,65.0,0.000,0.004,0.00,0.000,3.0,5.1,1.1,167,21,3.4,5.9,1.1,169,21,3.0,5.1,1.1,167,21,643,28.80,,0,0,0,66.7,65.5,65.5,0.16,0.23,0.17
GROT,2017-08-21 11:55:00 EDT,42.54855,-76.37534,1287,76.0,75.1,76.0,64.9,63.3,0.000,0.004,0.00,0.000,4.2,7.2,1.4,206,29,4.6,9.4,1.6,204,28,4.2,7.2,1.4,206,29,569,28.80,,0,0,0,66.8,65.5,65.5,0.16,0.23,0.17
GROT,2017-08-21 12:00:00 EDT,42.54855,-76.37534,1287,75.5,74.6,75.5,65.0,62.9,0.000,0.004,0.00,0.000,4.1,6.7,1.2,192,27,4.7,7.8,1.4,194,28,4.1,6.7,1.2,192,27,394,28.80,,0,0,0,67.1,65.6,65.5,0.16,0.23,0.17
GROT,2017-08-21 12:05:00 EDT,42.54855,-76.37534,1287,74.8,74.2,74.8,65.4,62.4,0.000,0.004,0.00,0.000,5.3,8.7,1.3,190,18,6.0,9.9,1.6,191,17,5.3,8.7,1.3,190,18,370,28.80,,0,0,0,67.1,65.6,65.5,0.16,0.23,0.17
GROT,2017-08-21 12:10:00 EDT,42.54855,-76.37534,1287,74.5,73.9,74.5,66.2,62.5,0.000,0.004,0.00,0.000,4.4,7.9,1.3,185,21,5.0,9.4,1.6,186,21,4.4,7.9,1.3,185,21,341,28.80,,0,0,0,67.1,65.6,65.5,0.16,0.23,0.17
GROT,2017-08-21 12:15:00 EDT,42.54855,-76.37534,1287,74.5,74.0,74.5,66.2,62.4,0.000,0.004,0.00,0.000,4.3,7.3,1.6,201,18,4.7,9.0,1.7,202,16,4.3,7.3,1.6,201,18,285,28.80,,0,0,0,67.1,65.8,65.5,0.16,0.23,0.17
GROT,2017-08-21 12:20:00 EDT,42.54855,-76.37534,1287,74.6,74.1,74.6,67.4,63.1,0.000,0.004,0.00,0.000,4.2,6.8,1.1,193,18,4.6,7.9,1.2,195,18,4.2,6.8,1.1,193,18,254,28.80,,0,0,0,67.1,65.8,65.5,0.16,0.23,0.17
GROT,2017-08-21 12:25:00 EDT,42.54855,-76.37534,1287,75.0,74.3,75.0,68.1,63.7,0.000,0.004,0.00,0.000,2.8,5.5,1.3,196,19,3.4,6.9,1.3,198,22,2.8,5.5,1.3,196,19,437,28.80,,0,0,0,67.1,65.8,65.5,0.16,0.23,0.17
GROT,2017-08-21 12:30:00 EDT,42.54855,-76.37534,1287,76.1,75.1,76.1,67.3,64.4,0.000,0.004,0.00,0.000,3.0,8.1,1.9,198,27,3.7,9.9,2.2,201,26,3.0,8.1,1.9,198,27,711,28.79,,0,0,0,67.2,65.8,65.5,0.16,0.23,0.17
GROT,2017-08-21 12:35:00 EDT,42.54855,-76.37534,1287,76.3,75.3,76.3,64.3,63.4,0.000,0.004,0.00,0.000,4.6,7.0,1.2,207,25,4.8,8.1,1.5,211,25,4.6,7.0,1.2,207,25,674,28.79,,0,0,0,67.5,65.8,65.5,0.16,0.23,0.17
GROT,2017-08-21 12:40:00 EDT,42.54855,-76.37534,1287,76.1,75.3,76.1,65.2,63.6,0.000,0.004,0.00,0.000,3.9,8.0,1.5,204,30,4.4,9.9,1.8,203,29,3.9,8.0,1.5,204,30,450,28.79,,0,0,0,67.5,65.8,65.4,0.16,0.23,0.17
GROT,2017-08-21 12:45:00 EDT,42.54855,-76.37534,1287,76.5,75.4,76.5,65.9,64.3,0.000,0.004,0.00,0.000,5.9,9.2,1.5,234,12,6.2,9.6,1.5,236,11,5.9,9.2,1.5,234,12,697,28.79,,0,0,0,67.5,65.8,65.3,0.16,0.22,0.17
GROT,2017-08-21 12:50:00 EDT,42.54855,-76.37534,1287,78.1,76.4,78.1,65.1,65.4,0.000,0.004,0.00,0.000,4.9,8.1,1.5,201,23,5.5,9.3,1.8,202,22,4.9,8.1,1.5,201,23,875,28.79,,0,0,0,67.8,65.8,65.3,0.16,0.22,0.17
GROT,2017-08-21 12:55:00 EDT,42.54855,-76.37534,1287,77.2,76.1,77.2,63.1,63.7,0.000,0.004,0.00,0.000,5.4,8.9,1.6,222,18,5.8,9.7,1.6,222,18,5.4,8.9,1.6,222,18,532,28.79,,0,0,0,67.8,65.8,65.3,0.16,0.22,0.17
GROT,2017-08-21 13:00:00 EDT,42.54855,-76.37534,1287,76.7,75.9,76.7,65.5,64.2,0.000,0.004,0.00,0.000,4.0,9.0,1.7,207,31,4.3,9.3,1.6,208,32,4.0,9.0,1.7,207,31,531,28.79,,0,0,0,67.8,65.8,65.3,0.16,0.23,0.17
GROT,2017-08-21 13:05:00 EDT,42.54855,-76.37534,1287,78.2,76.7,78.2,65.7,65.8,0.000,0.004,0.00,0.000,3.5,7.4,2.1,174,32,4.1,8.3,2.2,173,35,3.5,7.4,2.1,174,32,782,28.79,,0,0,0,68.1,65.8,65.2,0.16,0.23,0.17
GROT,2017-08-21 13:10:00 EDT,42.54855,-76.37534,1287,78.6,76.9,78.6,64.0,65.4,0.000,0.004,0.00,0.000,3.8,6.9,1.4,160,35,4.1,7.7,1.4,158,35,3.8,6.9,1.4,160,35,752,28.78,,0,0,0,68.2,65.8,65.2,0.16,0.23,0.17
GROT,2017-08-21 13:15:00 EDT,42.54855,-76.37534,1287,78.6,77.1,78.6,62.4,64.6,0.000,0.004,0.00,0.000,4.6,9.3,1.8,213,20,4.9,10.6,1.9,214,19,4.6,9.3,1.8,213,20,757,28.78,,0,0,0,68.2,65.8,65.2,0.16,0.23,0.17
GROT,2017-08-21 13:20:00 EDT,42.54855,-76.37534,1287,79.3,77.8,79.3,64.4,66.3,0.000,0.004,0.00,0.000,4.3,8.5,2.2,173,28,5.1,9.7,2.2,176,30,4.3,8.5,2.2,173,28,759,28.78,,0,0,0,68.5,65.8,65.2,0.16,0.23,0.17
GROT,2017-08-21 13:25:00 EDT,42.54855,-76.37534,1287,78.9,77.5,78.9,62.1,64.8,0.000,0.004,0.00,0.000,5.0,8.1,1.6,203,21,5.5,9.1,1.5,203,20,5.0,8.1,1.6,203,21,753,28.78,,0,0,0,68.5,65.8,65.2,0.16,0.22,0.17
GROT,2017-08-21 13:30:00 EDT,42.54855,-76.37534,1287,79.5,77.9,79.5,63.0,65.8,0.000,0.004,0.00,0.000,4.4,8.5,1.4,198,37,4.6,10.0,1.8,200,36,4.4,8.5,1.4,198,37,728,28.78,,0,0,0,68.5,65.8,65.1,0.16,0.22,0.17
GROT,2017-08-21 13:35:00 EDT,42.54855,-76.37534,1287,80.0,78.6,80.0,63.1,66.3,0.000,0.004,0.00,0.000,4.8,10.4,2.1,160,25,5.6,12.3,2.4,161,26,4.8,10.4,2.1,160,25,698,28.78,,0,0,0,68.6,65.8,65.1,0.16,0.22,0.17
GROT,2017-08-21 13:40:00 EDT,42.54855,-76.37534,1287,79.9,78.5,79.9,62.1,65.8,0.000,0.004,0.00,0.000,4.3,7.5,1.4,165,30,4.8,8.1,1.7,165,28,4.3,7.5,1.4,165,30,661,28.78,,0,0,0,68.9,65.8,65.2,0.16,0.22,0.16
GROT,2017-08-21 13:45:00 EDT,42.54855,-76.37534,1287,79.6,78.3,79.6,61.3,65.1,0.000,0.004,0.00,0.000,3.7,8.6,2.2,202,35,3.9,9.0,2.0,203,36,3.7,8.6,2.2,202,35,626,28.77,,0,0,0,68.9,65.8,65.1,0.16,0.22,0.16
GROT,2017-08-21 13:50:00 EDT,42.54855,-76.37534,1287,79.5,78.3,79.5,62.9,65.7,0.000,0.004,0.00,0.000,3.9,8.2,2.1,163,24,4.6,10.1,1.9,164,24,3.9,8.2,2.1,163,24,596,28.77,,0,0,0,68.9,65.8,65.1,0.16,0.22,0.16
GROT,2017-08-21 13:55:00 EDT,42.54855,-76.37534,1287,79.7,78.7,79.7,61.7,65.4,0.000,0.004,0.00,0.000,3.0,6.9,1.9,162,28,3.5,8.0,1.9,168,32,3.0,6.9,1.9,162,28,540,28.77,,0,0,0,69.0,65.8,65.1,0.16,0.22,0.16
GROT,2017-08-21 14:00:00 EDT,42.54855,-76.37534,1287,79.5,78.6,79.5,60.2,64.5,0.000,0.004,0.00,0.000,4.8,8.5,2.0,218,20,5.3,8.8,2.0,220,20,4.8,8.5,2.0,218,20,483,28.77,,0,0,0,69.3,65.8,65.1,0.16,0.22,0.16
GROT,2017-08-21 14:05:00 EDT,42.54855,-76.37534,1287,79.1,78.4,79.1,60.8,64.4,0.000,0.004,0.00,0.000,4.8,9.6,2.2,217,22,5.1,10.6,2.2,221,22,4.8,9.6,2.2,217,22,432,28.77,,0,0,0,69.3,65.8,65.1,0.16,0.22,0.16
GROT,2017-08-21 14:10:00 EDT,42.54855,-76.37534,1287,78.7,78.0,78.7,61.4,64.3,0.000,0.004,0.00,0.000,5.1,9.4,2.5,213,24,5.4,10.7,2.7,215,24,5.1,9.4,2.5,213,24,386,28.77,,0,0,0,69.3,65.8,65.2,0.16,0.22,0.16
GROT,2017-08-21 14:15:00 EDT,42.54855,-76.37534,1287,78.7,78.1,78.7,63.9,65.5,0.000,0.004,0.00,0.000,2.7,5.5,1.3,187,24,3.4,7.4,1.6,189,25,2.7,5.5,1.3,187,24,337,28.77,,0,0,0,69.3,65.8,65.1,0.16,0.22,0.16
GROT,2017-08-21 14:20:00 EDT,42.54855,-76.37534,1287,78.2,77.6,78.2,64.3,65.2,0.000,0.004,0.00,0.000,3.6,7.5,2.0,174,21,4.1,8.6,2.2,174,21,3.6,7.5,2.0,174,21,297,28.77,,0,0,0,69.3,65.8,65.1,0.16,0.22,0.16
GROT,2017-08-21 14:25:00 EDT,42.54855,-76.37534,1287,78.3,77.7,78.3,65.9,65.9,0.000,0.004,0.00,0.000,2.3,4.6,1.3,175,26,2.9,5.4,1.4,173,28,2.3,4.6,1.3,175,26,262,28.77,,0,0,0,69.3,65.8,65.1,0.16,0.22,0.16
GROT,2017-08-21 14:30:00 EDT,42.54855,-76.37534,1287,77.8,77.5,77.8,65.9,65.5,0.000,0.004,0.00,0.000,2.7,5.2,1.4,189,24,3.3,6.7,1.5,190,22,2.7,5.2,1.4,189,24,220,28.77,,0,0,0,69.3,65.8,65.1,0.16,0.22,0.16
GROT,2017-08-21 14:35:00 EDT,42.54855,-76.37534,1287,77.7,77.4,77.7,66.1,65.5,0.000,0.004,0.00,0.000,3.1,6.1,1.4,200,24,3.7,8.0,1.7,202,22,3.1,6.1,1.4,200,24,207,28.77,,0,0,0,69.3,65.8,65.1,0.16,0.22,0.16
GROT,2017-08-21 14:40:00 EDT,42.54855,-76.37534,1287,77.4,77.1,77.4,67.2,65.7,0.000,0.004,0.00,0.000,3.0,5.9,1.2,164,20,3.6,6.7,1.4,164,19,3.0,5.9,1.2,164,20,205,28.76,,0,0,0,69.3,65.8,65.1,0.16,0.22,0.16
GROT,2017-08-21 14:45:00 EDT,42.54855,-76.37534,1287,77.3,77.0,77.3,68.0,65.9,0.000,0.004,0.00,0.000,2.1,4.6,0.9,185,24,2.5,5.3,1.0,188,24,2.1,4.6,0.9,185,24,206,28.76,,0,0,0,69.3,65.9,65.1,0.16,0.22,0.16
GROT,2017-08-21 14:50:00 EDT,42.54855,-76.37534,1287,77.4,77.0,77.4,68.0,66.0,0.000,0.004,0.00,0.000,2.8,5.9,1.3,189,20,3.1,7.5,1.6,190,18,2.8,5.9,1.3,189,20,213,28.76,,0,0,0,69.3,65.9,65.1,0.16,0.22,0.16
GROT,2017-08-21 14:55:00 EDT,42.54855,-76.37534,1287,77.3,77.0,77.3,68.4,66.1,0.000,0.004,0.00,0.000,3.3,6.0,1.1,183,17,3.5,7.2,1.3,185,17,3.3,6.0,1.1,183,17,233,28.76,,0,0,0,69.3,66.0,65.1,0.16,0.22,0.16
GROT,2017-08-21 15:00:00 EDT,42.54855,-76.37534,1287,77.4,77.1,77.4,69.8,66.8,0.000,0.004,0.00,0.000,2.1,3.7,0.7,184,24,2.3,4.5,0.7,184,25,2.1,3.7,0.7,184,24,263,28.76,,0,0,0,69.3,66.0,65.1,0.16,0.22,0.16
GROT,2017-08-21 15:05:00 EDT,42.54855,-76.37534,1287,77.8,77.3,77.8,69.2,66.9,0.000,0.004,0.00,0.000,3.0,7.0,1.4,172,20,3.6,8.6,1.8,173,19,3.0,7.0,1.4,172,20,299,28.76,,0,0,0,69.3,66.0,65.1,0.16,0.22,0.16
GROT,2017-08-21 15:10:00 EDT,42.54855,-76.37534,1287,78.0,77.4,78.0,69.0,67.0,0.000,0.004,0.00,0.000,3.0,5.9,1.2,159,21,3.5,6.5,1.3,162,20,3.0,5.9,1.2,159,21,339,28.75,,0,0,0,69.3,66.0,65.1,0.16,0.22,0.16
GROT,2017-08-21 15:15:00 EDT,42.54855,-76.37534,1287,78.4,77.6,78.4,69.9,67.8,0.000,0.004,0.00,0.000,3.4,7.2,1.4,162,27,3.8,7.9,1.4,161,25,3.4,7.2,1.4,162,27,378,28.75,,0,0,0,69.3,66.0,65.1,0.16,0.22,0.16
GROT,2017-08-21 15:20:00 EDT,42.54855,-76.37534,1287,78.7,77.8,78.7,68.9,67.6,0.000,0.004,0.00,0.000,3.1,7.4,1.3,166,28,3.5,8.0,1.5,168,29,3.1,7.4,1.3,166,28,416,28.75,,0,0,0,69.3,66.0,65.1,0.16,0.22,0.16
GROT,2017-08-21 15:25:00 EDT,42.54855,-76.37534,1287,78.9,78.0,78.9,68.1,67.5,0.000,0.004,0.00,0.000,3.8,6.4,1.2,159,24,4.4,7.9,1.4,161,24,3.8,6.4,1.2,159,24,454,28.75,,0,0,0,69.3,66.0,65.1,0.16,0.22,0.16
GROT,2017-08-21 15:30:00 EDT,42.54855,-76.37534,1287,79.5,78.3,79.5,67.9,68.0,0.000,0.004,0.00,0.000,3.6,6.9,1.3,162,25,4.0,7.5,1.3,161,25,3.6,6.9,1.3,162,25,489,28.75,,0,0,0,69.3,66.0,65.1,0.16,0.22,0.16
GROT,2017-08-21 15:35:00 EDT,42.54855,-76.37534,1287,79.9,78.7,79.9,67.4,68.2,0.000,0.004,0.00,0.000,2.8,6.9,1.3,145,29,3.2,7.4,1.4,143,30,2.8,6.9,1.3,145,29,519,28.75,,0,0,0,69.3,66.0,65.1,0.16,0.22,0.16
GROT,2017-08-21 15:40:00 EDT,42.54855,-76.37534,1287,80.0,78.7,82.5,66.2,67.7,0.000,0.004,0.00,0.000,4.7,7.8,1.3,143,24,5.1,8.1,1.3,144,26,4.7,7.8,1.3,143,24,544,28.75,,0,0,0,69.3,66.0,65.1,0.16,0.22,0.16
GROT,2017-08-21 15:45:00 EDT,42.54855,-76.37534,1287,80.0,78.9,80.0,67.3,68.2,0.000,0.004,0.00,0.000,4.5,8.7,2.0,151,18,4.9,10.4,2.1,153,18,4.5,8.7,2.0,151,18,556,28.75,,0,0,0,69.3,66.0,65.1,0.16,0.22,0.16
GROT,2017-08-21 15:50:00 EDT,42.54855,-76.37534,1287,80.5,79.2,83.4,67.3,68.7,0.000,0.004,0.00,0.000,5.4,9.1,1.8,149,14,5.8,10.5,1.9,150,15,5.4,9.1,1.8,149,14,578,28.75,,0,0,0,69.3,66.0,65.1,0.16,0.22,0.16
GROT,2017-08-21 15:55:00 EDT,42.54855,-76.37534,1287,80.7,79.3,83.6,66.6,68.6,0.000,0.004,0.00,0.000,4.6,11.4,2.1,148,20,5.1,13.1,2.3,149,20,4.6,11.4,2.1,148,20,542,28.74,,0,0,0,69.5,66.0,65.1,0.16,0.22,0.16
GROT,2017-08-21 16:00:00 EDT,42.54855,-76.37534,1287,80.8,79.7,83.7,66.4,68.6,0.000,0.004,0.00,0.000,3.5,9.6,1.9,178,39,4.2,11.0,2.0,181,39,3.5,9.6,1.9,178,39,565,28.74,,0,0,0,69.6,66.0,65.1,0.16,0.22,0.16
GROT,2017-08-21 16:05:00 EDT,42.54855,-76.37534,1287,80.9,79.9,83.6,64.7,67.9,0.000,0.004,0.00,0.000,3.6,6.2,1.3,183,23,4.1,8.2,1.6,184,23,3.6,6.2,1.3,183,23,542,28.74,,0,0,0,69.6,66.0,65.1,0.16,0.22,0.16
GROT,2017-08-21 16:10:00 EDT,42.54855,-76.37534,1287,81.3,80.2,84.4,66.2,68.9,0.000,0.004,0.00,0.000,4.8,9.9,1.9,165,23,5.4,10.1,2.2,168,23,4.8,9.9,1.9,165,23,544,28.74,,0,0,0,69.6,66.1,65.1,0.16,0.22,0.16
GROT,2017-08-21 16:15:00 EDT,42.54855,-76.37534,1287,81.2,80.1,83.9,64.1,67.9,0.000,0.004,0.00,0.000,6.0,9.9,1.3,198,28,6.5,10.1,1.5,197,27,6.0,9.9,1.3,198,28,524,28.74,,0,0,0,69.6,66.3,65.1,0.16,0.22,0.16
GROT,2017-08-21 16:20:00 EDT,42.54855,-76.37534,1287,80.9,80.2,83.6,64.6,67.8,0.000,0.004,0.00,0.000,6.6,13.6,2.0,203,19,7.4,15.2,2.4,204,18,6.6,13.6,2.0,203,19,510,28.74,,0,0,0,69.6,66.3,65.1,0.16,0.22,0.16
GROT,2017-08-21 16:25:00 EDT,42.54855,-76.37534,1287,81.2,80.5,84.3,65.6,68.6,0.000,0.004,0.00,0.000,5.1,11.8,3.0,194,33,5.4,12.8,3.2,193,31,5.1,11.8,3.0,194,33,499,28.74,,0,0,0,69.6,66.4,65.1,0.16,0.22,0.16
GROT,2017-08-21 16:30:00 EDT,42.54855,-76.37534,1287,81.1,80.4,84.0,65.1,68.3,0.000,0.004,0.00,0.000,4.7,9.9,2.4,190,22,5.6,10.8,2.4,188,24,4.7,9.9,2.4,190,22,469,28.74,,0,0,0,69.6,66.4,65.1,0.16,0.22,0.16
GROT,2017-08-21 16:35:00 EDT,42.54855,-76.37534,1287,81.0,80.1,83.9,65.0,68.2,0.000,0.004,0.00,0.000,5.7,9.3,1.6,179,19,6.4,10.5,1.9,181,17,5.7,9.3,1.6,179,19,476,28.74,,0,0,0,69.9,66.4,65.1,0.16,0.22,0.16
GROT,2017-08-21 16:40:00 EDT,42.54855,-76.37534,1287,81.2,80.5,84.2,65.2,68.5,0.000,0.004,0.00,0.000,2.3,6.5,1.2,201,27,2.9,6.9,1.2,203,27,2.3,6.5,1.2,201,27,479,28.74,,0,0,0,70.0,66.4,65.1,0.16,0.22,0.16
GROT,2017-08-21 16:45:00 EDT,42.54855,-76.37534,1287,81.2,80.4,84.1,64.7,68.2,0.000,0.004,0.00,0.000,5.1,10.1,2.3,174,24,5.9,11.3,2.6,175,24,5.1,10.1,2.3,174,24,467,28.74,,0,0,0,70.0,66.4,65.1,0.16,0.22,0.16
GROT,2017-08-21 16:50:00 EDT,42.54855,-76.37534,1287,80.7,80.2,83.3,64.7,67.7,0.000,0.004,0.00,0.000,5.9,11.6,1.8,206,21,6.3,12.2,2.0,205,19,5.9,11.6,1.8,206,21,220,28.74,,0,0,0,70.0,66.4,65.1,0.16,0.22,0.16
GROT,2017-08-21 16:55:00 EDT,42.54855,-76.37534,1287,80.3,79.9,82.9,65.9,67.9,0.000,0.004,0.00,0.000,4.9,8.1,1.5,196,25,5.3,9.3,1.7,197,23,4.9,8.1,1.5,196,25,395,28.74,,0,0,0,70.0,66.4,65.1,0.16,0.22,0.16
GROT,2017-08-21 17:00:00 EDT,42.54855,-76.37534,1287,81.1,80.4,84.2,66.3,68.8,0.000,0.004,0.00,0.000,4.3,9.3,2.4,190,22,4.8,11.8,2.6,188,20,4.3,9.3,2.4,190,22,420,28.74,,0,0,0,70.0,66.4,65.1,0.16,0.22,0.17
GROT,2017-08-21 17:05:00 EDT,42.54855,-76.37534,1287,81.2,80.6,84.1,64.8,68.2,0.000,0.004,0.00,0.000,6.3,11.4,2.5,195,28,7.0,12.6,2.2,193,28,6.3,11.4,2.5,195,28,405,28.74,,0,0,0,70.0,66.4,65.1,0.16,0.22,0.17
GROT,2017-08-21 17:10:00 EDT,42.54855,-76.37534,1287,80.8,80.3,83.4,64.3,67.6,0.000,0.004,0.00,0.000,8.1,21.3,3.6,205,19,8.8,19.5,3.7,206,19,8.1,21.3,3.6,205,19,310,28.74,,0,0,0,70.0,66.4,65.1,0.16,0.22,0.17
GROT,2017-08-21 17:15:00 EDT,42.54855,-76.37534,1287,79.0,78.4,79.0,60.6,64.2,0.000,0.004,0.00,0.000,5.9,14.5,2.9,200,26,6.8,15.1,3.1,200,23,5.9,14.5,2.9,200,26,440,28.74,,0,0,0,70.0,66.4,65.1,0.16,0.22,0.17
GROT,2017-08-21 17:20:00 EDT,42.54855,-76.37534,1287,77.1,76.6,77.1,58.5,61.5,0.000,0.004,0.00,0.000,9.1,15.5,2.6,203,18,9.8,18.3,3.0,204,15,9.1,15.5,2.6,203,18,397,28.73,,0,0,0,70.0,66.4,65.1,0.16,0.22,0.16
GROT,2017-08-21 17:25:00 EDT,42.54855,-76.37534,1287,77.0,76.4,77.0,58.9,61.5,0.000,0.004,0.00,0.000,6.3,11.2,1.9,211,16,6.7,11.8,2.1,211,16,6.3,11.2,1.9,211,16,380,28.73,,0,0,0,70.0,66.4,65.1,0.16,0.22,0.17
GROT,2017-08-21 17:30:00 EDT,42.54855,-76.37534,1287,77.1,76.6,77.1,60.0,62.1,0.000,0.004,0.00,0.000,4.4,9.4,1.8,213,22,4.9,10.2,2.0,214,22,4.4,9.4,1.8,213,22,359,28.73,,0,0,0,70.0,66.4,65.1,0.16,0.22,0.17
GROT,2017-08-21 17:35:00 EDT,42.54855,-76.37534,1287,77.3,76.7,77.3,59.4,62.1,0.000,0.004,0.00,0.000,5.2,10.2,1.9,194,23,5.8,11.3,2.3,193,21,5.2,10.2,1.9,194,23,344,28.73,,0,0,0,70.0,66.4,65.1,0.16,0.22,0.17
GROT,2017-08-21 17:40:00 EDT,42.54855,-76.37534,1287,76.6,76.1,76.6,59.4,61.5,0.000,0.004,0.00,0.000,6.6,9.8,2.1,176,15,7.3,12.8,2.4,178,13,6.6,9.8,2.1,176,15,329,28.73,,0,0,0,70.0,66.4,65.1,0.16,0.22,0.16
GROT,2017-08-21 17:45:00 EDT,42.54855,-76.37534,1287,76.5,76.0,76.5,61.1,62.1,0.000,0.004,0.00,0.000,5.9,11.8,2.4,180,18,6.9,12.0,2.6,181,15,5.9,11.8,2.4,180,18,314,28.73,,0,0,0,70.0,66.4,65.1,0.16,0.22,0.16
GROT,2017-08-21 17:50:00 EDT,42.54855,-76.37534,1287,76.7,76.2,76.7,61.2,62.4,0.000,0.004,0.00,0.000,4.8,10.2,2.3,186,21,5.6,13.6,2.7,187,20,4.8,10.2,2.3,186,21,299,28.73,,0,0,0,70.0,66.4,65.1,0.16,0.22,0.16
GROT,2017-08-21 17:55:00 EDT,42.54855,-76.37534,1287,76.6,76.2,76.6,61.1,62.3,0.000,0.004,0.00,0.000,6.7,11.7,1.8,176,14,7.9,15.7,2.3,179,12,6.7,11.7,1.8,176,14,281,28.73,,0,0,0,70.0,66.4,65.1,0.16,0.22,0.16
GROT,2017-08-21 18:00:00 EDT,42.54855,-76.37534,1287,76.8,76.3,76.8,62.1,62.8,0.000,0.004,0.00,0.000,3.8,7.4,1.4,193,21,4.2,8.5,1.9,195,21,3.8,7.4,1.4,193,21,262,28.73,,0,0,0,70.0,66.4,65.1,0.16,0.22,0.16
GROT,2017-08-21 18:05:00 EDT,42.54855,-76.37534,1287,76.8,76.4,76.8,60.4,62.0,0.000,0.004,0.00,0.000,5.7,8.5,1.5,200,20,6.2,9.6,1.8,199,18,5.7,8.5,1.5,200,20,244,28.73,,0,0,0,70.0,66.4,65.1,0.16,0.22,0.16
GROT,2017-08-21 18:10:00 EDT,42.54855,-76.37534,1287,76.9,76.6,76.9,60.7,62.3,0.000,0.004,0.00,0.000,4.9,8.0,1.3,199,15,5.1,8.7,1.7,200,14,4.9,8.0,1.3,199,15,230,28.73,,0,0,0,70.0,66.5,65.1,0.16,0.22,0.16
GROT,2017-08-21 18:15:00 EDT,42.54855,-76.37534,1287,77.0,76.7,77.0,60.9,62.5,0.000,0.004,0.00,0.000,3.8,6.8,1.1,195,17,4.1,8.5,1.2,196,15,3.8,6.8,1.1,195,17,216,28.73,,0,0,0,70.0,66.7,65.1,0.16,0.22,0.16
GROT,2017-08-21 18:20:00 EDT,42.54855,-76.37534,1287,77.0,76.7,77.0,61.5,62.7,0.000,0.004,0.00,0.000,5.6,9.9,1.4,188,18,6.4,11.7,2.0,190,18,5.6,9.9,1.4,188,18,201,28.73,,0,0,0,70.0,66.7,65.1,0.16,0.22,0.16
GROT,2017-08-21 18:25:00 EDT,42.54855,-76.37534,1287,76.7,76.5,76.7,63.6,63.4,0.000,0.004,0.00,0.000,3.9,7.7,1.7,203,18,4.5,9.6,1.9,204,16,3.9,7.7,1.7,203,18,183,28.73,,0,0,0,70.0,66.7,65.1,0.16,0.22,0.16
GROT,2017-08-21 18:30:00 EDT,42.54855,-76.37534,1287,76.3,76.1,76.3,65.8,64.1,0.000,0.004,0.00,0.000,3.8,7.2,1.2,207,23,4.2,8.7,1.3,210,22,3.8,7.2,1.2,207,23,173,28.73,,0,0,0,70.0,66.7,65.1,0.16,0.22,0.16
GROT,2017-08-21 18:35:00 EDT,42.54855,-76.37534,1287,76.1,75.8,76.1,68.4,65.0,0.000,0.004,0.00,0.000,3.7,6.9,1.1,173,19,4.2,7.7,1.4,176,16,3.7,6.9,1.1,173,19,163,28.73,,0,0,0,70.0,66.7,65.1,0.16,0.22,0.16
GROT,2017-08-21 18:40:00 EDT,42.54855,-76.37534,1287,75.7,75.4,75.7,70.4,65.4,0.000,0.004,0.00,0.000,4.1,6.4,1.3,151,20,4.5,7.9,1.6,151,21,4.1,6.4,1.3,151,20,148,28.73,,0,0,0,69.9,66.7,65.1,0.16,0.22,0.16
GROT,2017-08-21 18:45:00 EDT,42.54855,-76.37534,1287,75.5,75.2,75.5,72.2,65.9,0.000,0.004,0.00,0.000,2.6,4.5,1.0,177,23,2.9,4.9,1.0,178,23,2.6,4.5,1.0,177,23,134,28.73,,0,0,0,69.7,66.7,65.1,0.16,0.22,0.16
GROT,2017-08-21 18:50:00 EDT,42.54855,-76.37534,1287,75.8,75.3,75.8,71.9,66.1,0.000,0.004,0.00,0.000,1.1,2.6,0.7,178,24,1.4,3.1,0.7,177,31,1.1,2.6,0.7,178,24,121,28.73,,0,0,0,69.6,66.7,65.1,0.16,0.22,0.16
GROT,2017-08-21 18:55:00 EDT,42.54855,-76.37534,1287,75.6,75.3,75.6,72.0,66.0,0.000,0.004,0.00,0.000,1.8,2.9,0.6,194,27,2.1,3.6,0.6,199,28,1.8,2.9,0.6,194,27,112,28.73,,0,0,0,69.6,66.7,65.2,0.16,0.22,0.16
GROT,2017-08-21 19:00:00 EDT,42.54855,-76.37534,1287,75.6,75.4,75.6,70.7,65.4,0.000,0.004,0.00,0.000,1.8,3.0,0.5,191,27,2.1,4.4,0.6,189,29,1.8,3.0,0.5,191,27,102,28.73,,0,0,0,69.6,66.7,65.2,0.16,0.22,0.16
GROT,2017-08-21 19:05:00 EDT,42.54855,-76.37534,1287,75.5,75.3,75.5,71.3,65.6,0.000,0.004,0.00,0.000,1.4,2.9,0.5,163,32,1.8,3.7,0.8,164,29,1.4,2.9,0.5,163,32,91,28.73,,0,0,0,69.6,66.7,65.2,0.16,0.22,0.16
GROT,2017-08-21 19:10:00 EDT,42.54855,-76.37534,1287,75.0,74.9,75.0,72.3,65.4,0.000,0.004,0.00,0.000,2.2,4.2,0.8,149,27,2.4,4.8,0.9,150,27,2.2,4.2,0.8,149,27,78,28.73,,0,0,0,69.6,66.7,65.2,0.16,0.22,0.16
GROT,2017-08-21 19:15:00 EDT,42.54855,-76.37534,1287,74.8,74.8,74.8,71.2,64.8,0.000,0.004,0.00,0.000,2.5,4.8,0.7,198,20,2.7,5.3,0.8,200,21,2.5,4.8,0.7,198,20,64,28.73,,0,0,0,69.6,66.7,65.2,0.16,0.22,0.16
GROT,2017-08-21 19:20:00 EDT,42.54855,-76.37534,1287,74.8,74.8,74.8,70.5,64.6,0.000,0.004,0.00,0.000,1.9,3.7,0.8,192,28,2.2,5.0,0.8,193,27,1.9,3.7,0.8,192,28,48,28.73,,0,0,0,69.6,66.7,65.2,0.16,0.22,0.16
GROT,2017-08-21 19:25:00 EDT,42.54855,-76.37534,1287,74.2,74.5,74.2,71.7,64.5,0.000,0.004,0.00,0.000,0.2,1.6,0.4,134,10,0.5,1.9,0.6,139,23,0.2,1.6,0.4,134,10,34,28.72,,0,0,0,69.6,66.7,65.2,0.16,0.22,0.16
GROT,2017-08-21 19:30:00 EDT,42.54855,-76.37534,1287,73.7,74.1,73.7,72.6,64.4,0.000,0.004,0.00,0.000,0.2,0.9,0.3,215,0,0.4,1.3,0.5,43,16,0.2,0.9,0.3,215,0,20,28.72,,0,0,0,69.6,66.7,65.2,0.16,0.22,0.16
GROT,2017-08-21 19:35:00 EDT,42.54855,-76.37534,1287,73.5,73.9,73.5,73.7,64.6,0.000,0.004,0.00,0.000,0.1,1.4,0.3,132,1,0.4,2.0,0.5,120,13,0.1,1.4,0.3,132,1,14,28.72,,0,0,0,69.6,66.7,65.2,0.16,0.22,0.16
GROT,2017-08-21 19:40:00 EDT,42.54855,-76.37534,1287,72.2,73.5,72.2,76.5,64.4,0.000,0.004,0.00,0.000,2.0,3.4,0.6,135,14,2.1,3.6,0.6,135,13,2.0,3.4,0.6,135,14,10,28.73,,0,0,0,69.6,66.7,65.2,0.16,0.22,0.16
GROT,2017-08-21 19:45:00 EDT,42.54855,-76.37534,1287,71.9,73.3,71.9,76.8,64.3,0.000,0.004,0.00,0.000,2.2,3.1,0.4,124,17,2.3,3.5,0.5,124,19,2.2,3.1,0.4,124,17,8,28.73,,0,0,0,69.3,66.7,65.2,0.16,0.22,0.16
GROT,2017-08-21 19:50:00 EDT,42.54855,-76.37534,1287,70.9,72.4,70.9,77.8,63.6,0.000,0.004,0.00,0.000,2.4,5.1,0.7,111,11,2.6,5.4,0.7,111,11,2.4,5.1,0.7,111,11,7,28.73,,0,0,0,69.3,66.7,65.3,0.16,0.22,0.16
GROT,2017-08-21 19:55:00 EDT,42.54855,-76.37534,1287,71.1,72.1,71.1,78.7,64.2,0.000,0.004,0.00,0.000,2.2,5.0,1.1,137,17,2.2,5.1,1.0,138,18,2.2,5.0,1.1,137,17,5,28.73,,0,0,0,69.3,66.7,65.3,0.16,0.22,0.16
GROT,2017-08-21 20:00:00 EDT,42.54855,-76.37534,1287,71.6,72.3,71.6,78.7,64.7,0.000,0.004,0.00,0.000,2.5,3.9,0.7,154,17,2.7,4.9,0.7,155,16,2.5,3.9,0.7,154,17,2,28.73,,0,0,0,69.3,66.7,65.3,0.16,0.22,0.16
GROT,2017-08-21 20:05:00 EDT,42.54855,-76.37534,1287,71.6,72.6,71.6,78.3,64.5,0.000,0.004,0.00,0.000,2.7,4.2,0.6,170,15,3.1,4.8,0.7,172,16,2.7,4.2,0.6,170,15,1,28.73,,0,0,0,69.3,66.7,65.3,0.16,0.22,0.16
GROT,2017-08-21 20:10:00 EDT,42.54855,-76.37534,1287,70.8,72.3,70.8,78.9,63.9,0.000,0.004,0.00,0.000,2.8,4.6,0.5,137,15,2.8,5.3,0.7,140,16,2.8,4.6,0.5,137,15,1,28.73,,0,0,0,69.3,66.7,65.4,0.16,0.22,0.16
GROT,2017-08-21 20:15:00 EDT,42.54855,-76.37534,1287,69.9,71.2,69.9,80.9,63.8,0.000,0.004,0.00,0.000,1.6,2.9,0.4,108,13,1.8,3.0,0.4,109,14,1.6,2.9,0.4,108,13,0,28.73,,0,0,0,69.3,66.7,65.4,0.16,0.22,0.16
GROT,2017-08-21 20:20:00 EDT,42.54855,-76.37534,1287,70.7,71.4,70.7,80.6,64.4,0.000,0.004,0.00,0.000,1.5,2.2,0.4,123,9,1.5,2.4,0.3,124,12,1.5,2.2,0.4,123,9,0,28.73,,0,0,0,69.2,66.7,65.5,0.16,0.22,0.16
GROT,2017-08-21 20:25:00 EDT,42.54855,-76.37534,1287,70.4,71.5,70.4,79.9,63.9,0.000,0.004,0.00,0.000,1.0,1.8,0.3,103,9,1.3,2.2,0.3,107,13,1.0,1.8,0.3,103,9,0,28.73,,0,0,0,68.9,66.7,65.5,0.16,0.22,0.16
GROT,2017-08-21 20:30:00 EDT,42.54855,-76.37534,1287,69.7,71.1,69.7,81.3,63.7,0.000,0.004,0.00,0.000,1.2,1.7,0.3,132,8,1.3,2.2,0.3,133,9,1.2,1.7,0.3,132,8,0,28.73,,0,0,0,68.9,66.7,65.5,0.16,0.22,0.16
GROT,2017-08-21 20:35:00 EDT,42.54855,-76.37534,1287,69.9,71.4,69.9,82.6,64.4,0.000,0.004,0.00,0.000,1.0,2.3,0.6,147,14,1.2,2.7,0.7,147,16,1.0,2.3,0.6,147,14,0,28.73,,0,0,0,68.9,66.8,65.5,0.16,0.22,0.16
GROT,2017-08-21 20:40:00 EDT,42.54855,-76.37534,1287,69.9,71.2,69.9,82.4,64.3,0.000,0.004,0.00,0.000,0.5,1.8,0.5,118,18,0.8,2.1,0.6,116,26,0.5,1.8,0.5,118,18,0,28.73,,0,0,0,68.9,66.8,65.5,0.16,0.22,0.16
GROT,2017-08-21 20:45:00 EDT,42.54855,-76.37534,1287,68.1,69.4,68.1,84.3,63.1,0.000,0.004,0.00,0.000,1.3,2.0,0.6,354,11,1.9,2.6,0.6,355,7,1.3,2.0,0.6,354,11,0,28.73,,0,0,0,68.9,66.8,65.5,0.16,0.22,0.16
GROT,2017-08-21 20:50:00 EDT,42.54855,-76.37534,1287,67.7,69.2,67.7,86.5,63.5,0.000,0.004,0.00,0.000,0.5,1.5,0.6,359,5,1.0,2.0,0.6,21,28,0.5,1.5,0.6,359,5,0,28.73,,0,0,0,68.9,66.9,65.5,0.16,0.22,0.16
GROT,2017-08-21 20:55:00 EDT,42.54855,-76.37534,1287,68.6,69.6,68.6,87.4,64.7,0.000,0.004,0.00,0.000,0.4,1.1,0.4,83,2,0.8,1.7,0.5,96,16,0.4,1.1,0.4,83,2,0,28.73,,0,0,0,68.5,66.9,65.5,0.16,0.22,0.16
GROT,2017-08-21 21:00:00 EDT,42.54855,-76.37534,1287,68.9,69.8,68.9,86.3,64.7,0.000,0.004,0.00,0.000,0.2,0.9,0.3,61,0,0.2,1.4,0.5,67,5,0.2,0.9,0.3,61,0,0,28.73,,0,0,0,68.5,66.9,65.5,0.16,0.22,0.16
GROT,2017-08-21 21:05:00 EDT,42.54855,-76.37534,1287,68.8,69.3,68.8,86.1,64.4,0.000,0.004,0.00,0.000,0.0,0.0,0.0,0,0,0.0,0.8,0.2,45,3,0.0,0.0,0.0,0,0,0,28.73,,0,0,0,68.5,67.0,65.5,0.16,0.22,0.16
GROT,2017-08-21 21:10:00 EDT,42.54855,-76.37534,1287,68.1,68.7,68.1,86.6,64.0,0.000,0.004,0.00,0.000,0.0,0.0,0.0,0,0,0.4,1.0,0.4,148,6,0.0,0.0,0.0,0,0,0,28.73,,0,0,0,68.5,67.0,65.5,0.16,0.22,0.16
GROT,2017-08-21 21:15:00 EDT,42.54855,-76.37534,1287,67.9,69.1,67.9,87.7,64.1,0.000,0.004,0.00,0.000,0.2,1.6,0.4,342,1,0.5,2.2,0.6,340,30,0.2,1.6,0.4,342,1,0,28.73,,0,0,0,68.5,67.0,65.5,0.16,0.22,0.16
GROT,2017-08-21 21:20:00 EDT,42.54855,-76.37534,1287,67.1,68.0,67.1,87.5,63.3,0.000,0.004,0.00,0.000,0.3,1.5,0.4,345,2,0.8,1.9,0.5,301,20,0.3,1.5,0.4,345,2,0,28.73,,0,0,0,68.5,67.0,65.5,0.16,0.22,0.16
GROT,2017-08-21 21:25:00 EDT,42.54855,-76.37534,1287,67.4,68.0,67.4,88.7,63.9,0.000,0.004,0.00,0.000,0.5,1.2,0.4,307,4,1.0,1.5,0.2,287,19,0.5,1.2,0.4,307,4,0,28.73,,0,0,0,68.5,66.9,65.5,0.16,0.22,0.16
GROT,2017-08-21 21:30:00 EDT,42.54855,-76.37534,1287,67.2,67.6,67.2,89.7,64.0,0.000,0.004,0.00,0.000,0.2,0.8,0.3,299,0,0.2,1.1,0.4,302,7,0.2,0.8,0.3,299,0,0,28.73,,0,0,0,68.5,67.0,65.5,0.16,0.22,0.16
GROT,2017-08-21 21:35:00 EDT,42.54855,-76.37534,1287,66.8,67.8,66.8,89.9,63.8,0.000,0.004,0.00,0.000,0.0,0.0,0.0,0,0,0.2,1.1,0.4,140,4,0.0,0.0,0.0,0,0,0,28.73,,0,0,0,68.3,67.0,65.5,0.16,0.22,0.16
GROT,2017-08-21 21:40:00 EDT,42.54855,-76.37534,1287,66.4,68.1,66.4,90.6,63.6,0.000,0.004,0.00,0.000,0.0,0.4,0.1,299,0,0.3,1.2,0.4,165,44,0.0,0.4,0.1,299,0,0,28.74,,0,0,0,68.2,67.1,65.5,0.16,0.22,0.16
GROT,2017-08-21 21:45:00 EDT,42.54855,-76.37534,1287,66.1,68.2,66.1,91.0,63.4,0.000,0.004,0.00,0.000,0.0,0.0,0.0,0,0,0.3,1.1,0.4,256,11,0.0,0.0,0.0,0,0,0,28.73,,0,0,0,68.2,67.0,65.5,0.16,0.22,0.17
GROT,2017-08-21 21:50:00 EDT,42.54855,-76.37534,1287,65.9,68.1,65.9,91.5,63.3,0.000,0.004,0.00,0.000,0.4,1.6,0.4,100,24,0.8,1.9,0.5,107,18,0.4,1.6,0.4,100,24,0,28.73,,0,0,0,68.2,67.0,65.5,0.16,0.22,0.17
GROT,2017-08-21 21:55:00 EDT,42.54855,-76.37534,1287,66.6,68.9,66.6,91.5,64.0,0.000,0.004,0.00,0.000,2.3,3.1,0.3,130,8,2.2,3.2,0.3,131,7,2.3,3.1,0.3,130,8,0,28.73,,0,0,0,68.2,66.9,65.5,0.16,0.22,0.16
GROT,2017-08-21 22:00:00 EDT,42.54855,-76.37534,1287,67.2,69.5,67.2,91.6,64.6,0.000,0.004,0.00,0.000,2.0,2.8,0.3,130,11,2.0,2.9,0.4,130,10,2.0,2.8,0.3,130,11,0,28.73,,0,0,0,68.2,67.0,65.5,0.16,0.22,0.16
GROT,2017-08-21 22:05:00 EDT,42.54855,-76.37534,1287,65.8,68.0,65.8,90.1,62.8,0.000,0.004,0.00,0.000,1.0,2.6,0.7,118,6,1.1,2.5,0.7,114,9,1.0,2.6,0.7,118,6,0,28.73,,0,0,0,68.2,67.0,65.5,0.16,0.22,0.16
GROT,2017-08-21 22:10:00 EDT,42.54855,-76.37534,1287,64.9,66.1,64.9,91.4,62.4,0.000,0.004,0.00,0.000,0.8,1.2,0.4,335,16,1.1,1.6,0.3,330,19,0.8,1.2,0.4,335,16,0,28.73,,0,0,0,68.0,66.9,65.5,0.16,0.22,0.17
GROT,2017-08-21 22:15:00 EDT,42.54855,-76.37534,1287,65.7,66.6,65.7,93.7,63.8,0.000,0.004,0.00,0.000,0.3,1.1,0.3,322,0,0.6,1.4,0.5,352,19,0.3,1.1,0.3,322,0,0,28.73,,0,0,0,67.8,66.9,65.5,0.16,0.22,0.17
GROT,2017-08-21 22:20:00 EDT,42.54855,-76.37534,1287,66.6,67.3,66.6,94.2,64.9,0.000,0.004,0.00,0.000,0.0,0.3,0.0,68,0,0.7,1.4,0.5,52,7,0.0,0.3,0.0,68,0,0,28.73,,0,0,0,67.8,66.9,65.5,0.16,0.22,0.17
GROT,2017-08-21 22:25:00 EDT,42.54855,-76.37534,1287,66.6,67.1,66.6,93.4,64.6,0.000,0.004,0.00,0.000,0.2,1.1,0.4,45,9,0.3,1.5,0.5,36,13,0.2,1.1,0.4,45,9,0,28.73,,0,0,0,67.8,66.9,65.5,0.16,0.22,0.16
GROT,2017-08-21 22:30:00 EDT,42.54855,-76.37534,1287,66.4,67.5,66.4,93.0,64.3,0.000,0.004,0.00,0.000,0.1,1.1,0.3,58,27,0.3,2.5,0.6,173,9,0.1,1.1,0.3,58,27,0,28.73,,0,0,0,67.8,66.9,65.5,0.16,0.22,0.17
GROT,2017-08-21 22:35:00 EDT,42.54855,-76.37534,1287,66.6,69.2,66.6,92.2,64.3,0.000,0.004,0.00,0.000,1.1,2.3,0.6,160,18,1.3,2.7,0.6,159,22,1.1,2.3,0.6,160,18,0,28.73,,0,0,0,67.8,66.8,65.5,0.15,0.22,0.16
GROT,2017-08-21 22:40:00 EDT,42.54855,-76.37534,1287,66.4,67.7,66.4,91.3,63.8,0.000,0.004,0.00,0.000,0.0,0.5,0.1,163,0,0.3,1.2,0.4,206,30,0.0,0.5,0.1,163,0,0,28.73,,0,0,0,67.8,66.8,65.5,0.15,0.22,0.17
GROT,2017-08-21 22:45:00 EDT,42.54855,-76.37534,1287,65.9,67.4,65.9,91.3,63.3,0.000,0.004,0.00,0.000,0.0,0.1,0.0,173,0,0.1,1.0,0.2,185,4,0.0,0.1,0.0,173,0,0,28.72,,0,0,0,67.8,66.8,65.5,0.15,0.22,0.17
GROT,2017-08-21 22:50:00 EDT,42.54855,-76.37534,1287,66.2,67.0,66.2,92.2,63.9,0.000,0.004,0.00,0.000,0.0,0.0,0.0,0,0,0.3,1.2,0.4,305,17,0.0,0.0,0.0,0,0,0,28.72,,0,0,0,67.8,66.7,65.5,0.15,0.22,0.17
GROT,2017-08-21 22:55:00 EDT,42.54855,-76.37534,1287,66.4,67.0,66.4,92.2,64.1,0.000,0.004,0.00,0.000,0.4,1.5,0.5,334,9,1.1,1.7,0.4,318,9,0.4,1.5,0.5,334,9,0,28.72,,0,0,0,67.7,66.7,65.5,0.15,0.22,0.17
GROT,2017-08-21 23:00:00 EDT,42.54855,-76.37534,1287,66.4,66.9,66.4,91.5,63.9,0.000,0.004,0.00,0.000,1.4,1.7,0.1,320,10,1.5,2.1,0.2,319,10,1.4,1.7,0.1,320,10,0,28.72,,0,0,0,67.5,66.8,65.5,0.15,0.22,0.17
GROT,2017-08-21 23:05:00 EDT,42.54855,-76.37534,1287,66.8,67.3,66.8,91.3,64.2,0.000,0.004,0.00,0.000,1.2,1.4,0.1,315,8,1.3,2.1,0.2,314,7,1.2,1.4,0.1,315,8,0,28.72,,0,0,0,67.5,66.8,65.5,0.16,0.22,0.17
GROT,2017-08-21 23:10:00 EDT,42.54855,-76.37534,1287,66.7,67.3,66.7,90.4,63.8,0.000,0.004,0.00,0.000,1.1,1.5,0.2,319,0,1.2,1.9,0.3,319,8,1.1,1.5,0.2,319,0,0,28.72,,0,0,0,67.5,66.7,65.5,0.15,0.22,0.17
GROT,2017-08-21 23:15:00 EDT,42.54855,-76.37534,1287,66.0,66.3,66.0,90.4,63.1,0.000,0.004,0.00,0.000,1.4,1.8,0.2,307,7,1.6,2.2,0.3,305,6,1.4,1.8,0.2,307,7,0,28.72,,0,0,0,67.5,66.7,65.5,0.15,0.22,0.17
GROT,2017-08-21 23:20:00 EDT,42.54855,-76.37534,1287,64.8,66.1,64.8,91.9,62.3,0.000,0.004,0.00,0.000,0.9,1.7,0.5,298,11,1.1,2.1,0.6,295,8,0.9,1.7,0.5,298,11,0,28.72,,0,0,0,67.5,66.7,65.5,0.15,0.22,0.17
GROT,2017-08-21 23:25:00 EDT,42.54855,-76.37534,1287,65.5,67.3,65.5,93.7,63.6,0.000,0.004,0.00,0.000,0.2,1.6,0.4,205,15,0.4,2.0,0.6,219,25,0.2,1.6,0.4,205,15,0,28.72,,0,0,0,67.5,66.7,65.5,0.15,0.22,0.17
GROT,2017-08-21 23:30:00 EDT,42.54855,-76.37534,1287,65.6,68.1,65.6,93.7,63.7,0.000,0.004,0.00,0.000,0.6,2.3,0.6,204,14,0.9,2.6,0.7,200,18,0.6,2.3,0.6,204,14,0,28.72,,0,0,0,67.5,66.7,65.5,0.15,0.22,0.17
GROT,2017-08-21 23:35:00 EDT,42.54855,-76.37534,1287,66.0,69.4,66.0,94.2,64.2,0.000,0.004,0.00,0.000,1.6,5.2,1.1,205,14,1.9,5.4,1.1,203,18,1.6,5.2,1.1,205,14,0,28.72,,0,0,0,67.4,66.7,65.5,0.15,0.22,0.17
GROT,2017-08-21 23:40:00 EDT,42.54855,-76.37534,1287,66.8,70.5,66.8,94.5,65.1,0.000,0.004,0.00,0.000,1.9,3.2,0.5,205,22,2.0,4.2,0.8,204,21,1.9,3.2,0.5,205,22,0,28.72,,0,0,0,67.2,66.7,65.5,0.15,0.22,0.16
GROT,2017-08-21 23:45:00 EDT,42.54855,-76.37534,1287,67.5,70.5,67.5,94.5,65.9,0.000,0.004,0.00,0.000,2.1,4.9,0.8,199,17,2.4,5.8,0.8,201,17,2.1,4.9,0.8,199,17,0,28.72,,0,0,0,67.1,66.7,65.5,0.15,0.22,0.17
GROT,2017-08-21 23:50:00 EDT,42.54855,-76.37534,1287,68.5,70.6,68.5,93.6,66.6,0.000,0.004,0.00,0.000,1.5,2.8,0.5,208,20,1.8,3.2,0.6,209,19,1.5,2.8,0.5,208,20,0,28.72,,0,0,0,67.1,66.7,65.5,0.15,0.22,0.16
GROT,2017-08-21 23:55:00 EDT,42.54855,-76.37534,1287,66.1,70.3,66.1,90.7,63.3,0.000,0.004,0.00,0.000,1.2,3.0,0.8,186,17,1.6,3.9,0.8,187,21,1.2,3.0,0.8,186,17,0,28.72,,0,0,0,67.1,66.7,65.5,0.15,0.22,0.16
GROV,2017-08-21 00:00:00 EDT,42.48951,-77.94946,2000,62.7,64.7,62.7,82.0,57.1,0.000,0.000,0.00,0.000,3.5,6.6,1.1,180,21,3.9,7.6,1.2,178,20,3.5,6.6,1.1,180,21,0,28.09,,0,0,,67.5,67.4,,0.30,0.31,
GROV,2017-08-21 00:05:00 EDT,42.48951,-77.94946,2000,62.5,64.2,62.5,82.4,57.1,0.000,0.000,0.00,0.000,2.7,5.5,1.0,186,21,3.3,6.6,1.2,187,17,2.7,5.5,1.0,186,21,0,28.09,,0,0,,67.5,67.4,,0.30,0.31,
GROV,2017-08-21 00:10:00 EDT,42.48951,-77.94946,2000,62.1,64.1,62.1,83.5,57.1,0.000,0.000,0.00,0.000,3.0,5.3,0.9,188,21,3.3,7.0,1.2,186,19,3.0,5.3,0.9,188,21,0,28.09,,0,0,,67.5,67.4,,0.30,0.31,
GROV,2017-08-21 00:15:00 EDT,42.48951,-77.94946,2000,62.4,64.2,62.4,84.2,57.6,0.000,0.000,0.00,0.000,3.3,7.7,1.1,200,24,3.9,7.6,1.3,198,24,3.3,7.7,1.1,200,24,0,28.09,,0,0,,67.5,67.3,,0.30,0.31,
GROV,2017-08-21 00:20:00 EDT,42.48951,-77.94946,2000,62.6,64.1,62.6,83.7,57.6,0.000,0.000,0.00,0.000,3.5,6.6,1.3,197,23,4.1,7.8,1.5,190,22,3.5,6.6,1.3,197,23,0,28.09,,0,0,,67.5,67.4,,0.30,0.31,
GROV,2017-08-21 00:25:00 EDT,42.48951,-77.94946,2000,62.3,63.9,62.3,84.4,57.5,0.000,0.000,0.00,0.000,3.5,7.3,1.3,193,26,4.0,8.2,1.6,190,23,3.5,7.3,1.3,193,26,0,28.09,,0,0,,67.5,67.4,,0.30,0.31,
GROV,2017-08-21 00:30:00 EDT,42.48951,-77.94946,2000,62.5,64.0,62.5,83.6,57.5,0.000,0.000,0.00,0.000,3.2,6.7,1.6,183,24,4.0,9.3,2.0,179,21,3.2,6.7,1.6,183,24,0,28.09,,0,0,,67.5,67.4,,0.30,0.31,
GROV,2017-08-21 00:35:00 EDT,42.48951,-77.94946,2000,63.0,64.4,63.0,82.9,57.7,0.000,0.000,0.00,0.000,3.3,7.1,1.5,196,24,4.1,9.0,1.7,195,20,3.3,7.1,1.5,196,24,0,28.09,,0,0,,67.4,67.4,,0.30,0.31,
GROV,2017-08-21 00:40:00 EDT,42.48951,-77.94946,2000,63.4,64.6,63.4,81.1,57.5,0.000,0.000,0.00,0.000,3.8,8.6,1.6,200,20,4.4,10.8,1.8,197,17,3.8,8.6,1.6,200,20,0,28.09,,0,0,,67.2,67.4,,0.30,0.31,
GROV,2017-08-21 00:45:00 EDT,42.48951,-77.94946,2000,63.6,64.9,63.6,80.1,57.4,0.000,0.000,0.00,0.000,4.0,7.7,1.5,200,24,4.7,8.4,1.7,198,19,4.0,7.7,1.5,200,24,0,28.09,,0,0,,67.1,67.4,,0.30,0.31,
GROV,2017-08-21 00:50:00 EDT,42.48951,-77.94946,2000,64.0,64.8,64.0,78.7,57.2,0.000,0.000,0.00,0.000,4.1,7.1,1.4,208,21,4.7,8.8,1.5,206,20,4.1,7.1,1.4,208,21,0,28.09,,0,0,,67.1,67.3,,0.30,0.31,
GROV,2017-08-21 00:55:00 EDT,42.48951,-77.94946,2000,63.9,64.6,63.9,78.1,57.0,0.000,0.000,0.00,0.000,4.1,7.7,1.4,201,21,4.7,8.3,1.5,200,20,4.1,7.7,1.4,201,21,0,28.09,,0,0,,67.1,67.2,,0.30,0.31,
GROV,2017-08-21 01:00:00 EDT,42.48951,-77.94946,2000,63.7,64.3,63.7,78.3,56.8,0.000,0.000,0.00,0.000,4.0,8.4,1.8,200,24,4.9,11.2,1.9,198,22,4.0,8.4,1.8,200,24,0,28.09,,0,0,,67.1,67.3,,0.30,0.31,
GROV,2017-08-21 01:05:00 EDT,42.48951,-77.94946,2000,63.2,63.7,63.2,79.4,56.7,0.000,0.000,0.00,0.000,5.0,9.6,2.0,197,21,5.9,11.7,2.5,196,17,5.0,9.6,2.0,197,21,0,28.09,,0,0,,67.1,67.2,,0.30,0.31,
GROV,2017-08-21 01:10:00 EDT,42.48951,-77.94946,2000,62.7,63.4,62.7,80.2,56.5,0.000,0.000,0.00,0.000,3.7,7.5,1.4,196,24,4.7,9.9,1.7,194,23,3.7,7.5,1.4,196,24,0,28.09,,0,0,,67.1,67.3,,0.30,0.31,
GROV,2017-08-21 01:15:00 EDT,42.48951,-77.94946,2000,62.4,63.2,62.4,81.1,56.6,0.000,0.000,0.00,0.000,3.5,9.4,1.8,196,24,4.3,10.7,1.8,194,21,3.5,9.4,1.8,196,24,0,28.09,,0,0,,67.1,67.2,,0.30,0.31,
GROV,2017-08-21 01:20:00 EDT,42.48951,-77.94946,2000,62.4,63.2,62.4,81.4,56.6,0.000,0.000,0.00,0.000,3.9,6.5,1.4,196,23,4.6,9.2,1.5,195,21,3.9,6.5,1.4,196,23,0,28.09,,0,0,,67.1,67.2,,0.30,0.31,
GROV,2017-08-21 01:25:00 EDT,42.48951,-77.94946,2000,62.3,62.9,62.3,81.2,56.5,0.000,0.000,0.00,0.000,2.9,7.8,1.7,194,24,3.8,9.0,1.7,194,22,2.9,7.8,1.7,194,24,0,28.09,,0,0,,67.1,67.2,,0.30,0.31,
GROV,2017-08-21 01:30:00 EDT,42.48951,-77.94946,2000,61.9,62.7,61.9,81.8,56.3,0.000,0.000,0.00,0.000,3.4,6.3,1.3,198,22,3.9,7.8,1.6,195,22,3.4,6.3,1.3,198,22,0,28.09,,0,0,,67.1,67.2,,0.30,0.31,
GROV,2017-08-21 01:35:00 EDT,42.48951,-77.94946,2000,61.9,62.7,61.9,82.1,56.4,0.000,0.000,0.00,0.000,3.3,6.3,1.3,202,28,3.9,8.9,1.8,199,24,3.3,6.3,1.3,202,28,0,28.09,,0,0,,67.1,67.2,,0.30,0.31,
GROV,2017-08-21 01:40:00 EDT,42.48951,-77.94946,2000,62.0,62.7,62.0,81.7,56.4,0.000,0.000,0.00,0.000,3.9,7.3,1.6,203,24,4.5,10.4,1.9,200,22,3.9,7.3,1.6,203,24,0,28.09,,0,0,,67.1,67.1,,0.30,0.31,
GROV,2017-08-21 01:45:00 EDT,42.48951,-77.94946,2000,62.1,62.6,62.1,81.5,56.4,0.000,0.000,0.00,0.000,3.3,6.4,1.3,202,24,4.0,7.5,1.5,200,20,3.3,6.4,1.3,202,24,0,28.08,,0,0,,67.1,67.1,,0.30,0.31,
GROV,2017-08-21 01:50:00 EDT,42.48951,-77.94946,2000,62.2,62.9,62.2,81.0,56.3,0.000,0.000,0.00,0.000,3.8,9.2,1.7,203,24,4.5,12.0,2.1,201,22,3.8,9.2,1.7,203,24,0,28.08,,0,0,,67.1,67.2,,0.30,0.31,
GROV,2017-08-21 01:55:00 EDT,42.48951,-77.94946,2000,62.7,63.4,62.7,80.2,56.5,0.000,0.000,0.00,0.000,4.4,9.5,2.0,202,21,4.9,11.4,2.2,201,20,4.4,9.5,2.0,202,21,0,28.08,,0,0,,66.8,67.1,,0.30,0.31,
GROV,2017-08-21 02:00:00 EDT,42.48951,-77.94946,2000,62.9,63.5,62.9,79.1,56.3,0.000,0.000,0.00,0.000,4.0,8.5,1.7,215,23,4.9,10.6,2.0,212,21,4.0,8.5,1.7,215,23,0,28.08,,0,0,,66.7,67.1,,0.30,0.31,
GROV,2017-08-21 02:05:00 EDT,42.48951,-77.94946,2000,62.7,63.3,62.7,79.1,56.1,0.000,0.000,0.00,0.000,3.9,8.0,1.6,208,24,4.5,9.1,1.8,205,22,3.9,8.0,1.6,208,24,0,28.08,,0,0,,66.7,67.1,,0.30,0.31,
GROV,2017-08-21 02:10:00 EDT,42.48951,-77.94946,2000,62.7,63.3,62.7,78.9,56.1,0.000,0.000,0.00,0.000,4.5,9.2,1.7,208,23,5.0,10.8,1.8,205,18,4.5,9.2,1.7,208,23,0,28.08,,0,0,,66.7,67.1,,0.30,0.31,
GROV,2017-08-21 02:15:00 EDT,42.48951,-77.94946,2000,62.8,63.3,62.8,78.8,56.1,0.000,0.000,0.00,0.000,4.5,8.6,1.8,221,19,4.9,9.2,1.9,217,18,4.5,8.6,1.8,221,19,0,28.08,,0,0,,66.7,67.1,,0.30,0.31,
GROV,2017-08-21 02:20:00 EDT,42.48951,-77.94946,2000,62.7,63.4,62.7,78.6,56.0,0.000,0.000,0.00,0.000,4.9,9.9,1.5,221,18,5.3,9.0,1.6,219,18,4.9,9.9,1.5,221,18,0,28.08,,0,0,,66.7,67.1,,0.30,0.31,
GROV,2017-08-21 02:25:00 EDT,42.48951,-77.94946,2000,62.7,63.3,62.7,78.7,56.0,0.000,0.000,0.00,0.000,4.9,8.6,1.4,222,17,5.3,9.0,1.6,221,15,4.9,8.6,1.4,222,17,0,28.08,,0,0,,66.7,67.1,,0.30,0.31,
GROV,2017-08-21 02:30:00 EDT,42.48951,-77.94946,2000,62.7,63.2,62.7,78.7,56.0,0.000,0.000,0.00,0.000,4.5,8.5,1.4,216,21,5.1,10.2,1.6,216,19,4.5,8.5,1.4,216,21,0,28.08,,0,0,,66.7,67.1,,0.30,0.31,
GROV,2017-08-21 02:35:00 EDT,42.48951,-77.94946,2000,62.7,63.3,62.7,79.1,56.2,0.000,0.000,0.00,0.000,4.3,9.4,1.5,214,21,5.0,9.0,1.6,211,18,4.3,9.4,1.5,214,21,0,28.08,,0,0,,66.7,67.1,,0.30,0.31,
GROV,2017-08-21 02:40:00 EDT,42.48951,-77.94946,2000,62.8,63.4,62.8,78.7,56.1,0.000,0.000,0.00,0.000,4.3,8.0,1.6,208,21,5.0,9.5,1.8,207,21,4.3,8.0,1.6,208,21,0,28.08,,0,0,,66.7,67.1,,0.30,0.31,
GROV,2017-08-21 02:45:00 EDT,42.48951,-77.94946,2000,62.9,63.4,62.9,78.7,56.1,0.000,0.000,0.00,0.000,5.1,11.3,2.1,209,20,5.8,13.8,2.3,208,19,5.1,11.3,2.1,209,20,0,28.08,,0,0,,66.7,67.1,,0.30,0.31,
GROV,2017-08-21 02:50:00 EDT,42.48951,-77.94946,2000,63.1,63.6,63.1,78.1,56.2,0.000,0.000,0.00,0.000,4.2,9.3,1.7,212,22,4.7,9.3,1.8,210,19,4.2,9.3,1.7,212,22,0,28.08,,0,0,,66.7,67.1,,0.30,0.31,
GROV,2017-08-21 02:55:00 EDT,42.48951,-77.94946,2000,63.1,63.6,63.1,78.1,56.1,0.000,0.000,0.00,0.000,4.0,7.8,1.8,207,19,4.6,9.3,2.0,205,18,4.0,7.8,1.8,207,19,0,28.08,,0,0,,66.7,67.1,,0.30,0.31,
GROV,2017-08-21 03:00:00 EDT,42.48951,-77.94946,2000,63.1,63.7,63.1,78.2,56.2,0.000,0.000,0.00,0.000,4.8,8.4,1.5,205,19,5.3,9.6,1.7,200,19,4.8,8.4,1.5,205,19,0,28.08,,0,0,,66.7,67.1,,0.30,0.31,
GROV,2017-08-21 03:05:00 EDT,42.48951,-77.94946,2000,63.3,64.0,63.3,77.4,56.1,0.000,0.000,0.00,0.000,4.6,9.6,1.4,206,19,5.3,10.0,1.6,203,17,4.6,9.6,1.4,206,19,0,28.09,,0,0,,66.7,67.1,,0.30,0.31,
GROV,2017-08-21 03:10:00 EDT,42.48951,-77.94946,2000,63.4,64.3,63.4,77.0,56.1,0.000,0.000,0.00,0.000,4.5,8.3,1.7,209,25,5.1,10.9,1.7,203,21,4.5,8.3,1.7,209,25,0,28.09,,0,0,,66.7,67.1,,0.30,0.31,
GROV,2017-08-21 03:15:00 EDT,42.48951,-77.94946,2000,63.4,64.1,63.4,76.8,55.9,0.000,0.000,0.00,0.000,4.2,7.9,1.6,202,21,4.7,10.0,1.9,202,17,4.2,7.9,1.6,202,21,0,28.09,,0,0,,66.5,67.1,,0.30,0.31,
GROV,2017-08-21 03:20:00 EDT,42.48951,-77.94946,2000,63.3,64.2,63.3,77.1,56.0,0.000,0.000,0.00,0.000,4.6,9.5,1.9,203,22,5.3,11.8,2.3,198,19,4.6,9.5,1.9,203,22,0,28.09,,0,0,,66.4,67.1,,0.30,0.31,
GROV,2017-08-21 03:25:00 EDT,42.48951,-77.94946,2000,63.4,63.9,63.4,76.9,56.0,0.000,0.000,0.00,0.000,3.9,8.1,1.4,197,23,4.6,9.4,1.6,195,19,3.9,8.1,1.4,197,23,0,28.08,,0,0,,66.4,67.1,,0.30,0.31,
GROV,2017-08-21 03:30:00 EDT,42.48951,-77.94946,2000,62.9,63.6,62.9,77.9,55.9,0.000,0.000,0.00,0.000,3.1,5.6,1.3,202,23,3.4,7.4,1.3,203,23,3.1,5.6,1.3,202,23,0,28.08,,0,0,,66.4,67.1,,0.30,0.31,
GROV,2017-08-21 03:35:00 EDT,42.48951,-77.94946,2000,63.3,63.8,63.3,77.1,56.0,0.000,0.000,0.00,0.000,3.8,8.8,1.6,209,21,4.3,9.2,1.9,203,19,3.8,8.8,1.6,209,21,0,28.08,,0,0,,66.4,67.1,,0.30,0.31,
GROV,2017-08-21 03:40:00 EDT,42.48951,-77.94946,2000,62.9,63.7,62.9,77.6,55.8,0.000,0.000,0.00,0.000,2.5,5.5,1.3,204,28,3.3,7.2,1.4,203,25,2.5,5.5,1.3,204,28,0,28.08,,0,0,,66.4,67.1,,0.30,0.31,
GROV,2017-08-21 03:45:00 EDT,42.48951,-77.94946,2000,63.0,63.5,63.0,78.0,56.0,0.000,0.000,0.00,0.000,2.7,6.1,1.4,198,26,3.2,8.4,1.7,196,23,2.7,6.1,1.4,198,26,0,28.08,,0,0,,66.4,67.1,,0.30,0.31,
GROV,2017-08-21 03:50:00 EDT,42.48951,-77.94946,2000,62.9,63.5,62.9,78.2,56.0,0.000,0.000,0.00,0.000,2.7,6.0,1.2,202,26,3.2,6.9,1.5,204,24,2.7,6.0,1.2,202,26,0,28.08,,0,0,,66.4,67.1,,0.30,0.31,
GROV,2017-08-21 03:55:00 EDT,42.48951,-77.94946,2000,63.1,63.5,63.1,78.0,56.1,0.000,0.000,0.00,0.000,2.6,5.8,1.1,197,27,3.1,7.7,1.3,196,26,2.6,5.8,1.1,197,27,0,28.08,,0,0,,66.4,67.1,,0.30,0.31,
GROV,2017-08-21 04:00:00 EDT,42.48951,-77.94946,2000,62.6,63.4,62.6,78.5,55.8,0.000,0.000,0.00,0.000,2.3,7.5,1.3,188,26,3.0,8.9,1.6,185,23,2.3,7.5,1.3,188,26,0,28.08,,0,0,,66.4,67.1,,0.30,0.31,
GROV,2017-08-21 04:05:00 EDT,42.48951,-77.94946,2000,62.6,63.5,62.6,78.9,55.9,0.000,0.000,0.00,0.000,3.2,6.4,1.4,188,23,3.8,7.5,1.6,187,21,3.2,6.4,1.4,188,23,0,28.08,,0,0,,66.4,67.1,,0.30,0.31,
GROV,2017-08-21 04:10:00 EDT,42.48951,-77.94946,2000,62.3,63.1,62.3,79.4,55.9,0.000,0.000,0.00,0.000,2.4,4.7,1.0,202,26,2.8,5.6,1.2,203,26,2.4,4.7,1.0,202,26,0,28.08,,0,0,,66.4,67.1,,0.30,0.31,
GROV,2017-08-21 04:15:00 EDT,42.48951,-77.94946,2000,62.4,63.3,62.4,79.8,56.1,0.000,0.000,0.00,0.000,3.3,7.4,1.4,189,23,3.6,8.3,1.6,190,22,3.3,7.4,1.4,189,23,0,28.08,,0,0,,66.4,67.1,,0.30,0.31,
GROV,2017-08-21 04:20:00 EDT,42.48951,-77.94946,2000,62.5,63.4,62.5,79.5,56.1,0.000,0.000,0.00,0.000,4.1,7.7,1.7,186,21,4.7,9.2,1.7,183,17,4.1,7.7,1.7,186,21,0,28.08,,0,0,,66.4,67.1,,0.30,0.31,
GROV,2017-08-21 04:25:00 EDT,42.48951,-77.94946,2000,62.5,63.7,62.5,79.3,56.0,0.000,0.000,0.00,0.000,3.9,8.6,1.5,191,25,4.7,9.6,1.8,186,22,3.9,8.6,1.5,191,25,0,28.08,,0,0,,66.4,67.1,,0.30,0.31,
GROV,2017-08-21 04:30:00 EDT,42.48951,-77.94946,2000,63.2,63.9,63.2,77.8,56.2,0.000,0.000,0.00,0.000,3.7,8.1,1.7,189,21,4.4,9.8,2.2,185,18,3.7,8.1,1.7,189,21,0,28.08,,0,0,,66.4,67.1,,0.30,0.31,
GROV,2017-08-21 04:35:00 EDT,42.48951,-77.94946,2000,63.0,63.9,63.0,77.2,55.8,0.000,0.000,0.00,0.000,3.0,6.1,1.2,187,25,3.5,8.2,1.4,184,22,3.0,6.1,1.2,187,25,0,28.08,,0,0,,66.4,67.1,,0.30,0.31,
GROV,2017-08-21 04:40:00 EDT,42.48951,-77.94946,2000,62.7,63.9,62.7,78.5,55.9,0.000,0.000,0.00,0.000,3.9,8.3,1.6,188,22,4.7,11.7,2.1,187,20,3.9,8.3,1.6,188,22,0,28.08,,0,0,,66.4,67.1,,0.30,0.31,
GROV,2017-08-21 04:45:00 EDT,42.48951,-77.94946,2000,63.3,64.1,63.3,76.9,56.0,0.000,0.000,0.00,0.000,3.9,8.3,1.6,189,23,4.7,10.1,2.1,186,20,3.9,8.3,1.6,189,23,0,28.08,,0,0,,66.4,67.1,,0.30,0.31,
GROV,2017-08-21 04:50:00 EDT,42.48951,-77.94946,2000,63.5,64.4,63.5,76.0,55.8,0.000,0.000,0.00,0.000,4.3,8.7,1.6,193,26,5.4,10.2,1.9,187,21,4.3,8.7,1.6,193,26,0,28.08,,0,0,,66.4,67.1,,0.30,0.31,
GROV,2017-08-21 04:55:00 EDT,42.48951,-77.94946,2000,63.8,64.3,63.8,74.9,55.7,0.000,0.000,0.00,0.000,4.2,8.1,1.7,199,25,5.0,10.2,1.7,199,22,4.2,8.1,1.7,199,25,0,28.09,,0,0,,66.4,67.1,,0.30,0.31,
GROV,2017-08-21 05:00:00 EDT,42.48951,-77.94946,2000,63.7,64.2,63.7,74.8,55.6,0.000,0.000,0.00,0.000,4.5,8.4,1.8,206,27,5.1,9.7,2.1,203,22,4.5,8.4,1.8,206,27,0,28.09,,0,0,,66.4,67.1,,0.30,0.31,
GROV,2017-08-21 05:05:00 EDT,42.48951,-77.94946,2000,63.5,64.1,63.5,75.6,55.7,0.000,0.000,0.00,0.000,4.0,7.6,1.7,200,23,4.9,10.0,1.9,198,19,4.0,7.6,1.7,200,23,0,28.09,,0,0,,66.4,67.1,,0.30,0.31,
GROV,2017-08-21 05:10:00 EDT,42.48951,-77.94946,2000,63.2,63.8,63.2,76.2,55.6,0.000,0.000,0.00,0.000,3.7,7.6,1.5,203,26,4.5,9.7,1.7,200,22,3.7,7.6,1.5,203,26,0,28.09,,0,0,,66.3,67.1,,0.30,0.31,
GROV,2017-08-21 05:15:00 EDT,42.48951,-77.94946,2000,63.3,63.8,63.3,76.3,55.7,0.000,0.000,0.00,0.000,4.3,9.6,1.8,202,28,5.0,10.4,1.9,199,24,4.3,9.6,1.8,202,28,0,28.09,,0,0,,66.4,67.1,,0.30,0.31,
GROV,2017-08-21 05:20:00 EDT,42.48951,-77.94946,2000,63.5,63.9,63.5,75.7,55.7,0.000,0.000,0.00,0.000,4.3,7.2,1.4,198,23,5.0,8.5,1.6,198,21,4.3,7.2,1.4,198,23,0,28.09,,0,0,,66.3,67.1,,0.30,0.31,
GROV,2017-08-21 05:25:00 EDT,42.48951,-77.94946,2000,63.4,63.8,63.4,75.8,55.7,0.000,0.000,0.00,0.000,3.6,8.3,1.6,193,22,4.3,11.3,2.2,193,18,3.6,8.3,1.6,193,22,0,28.09,,0,0,,66.2,67.1,,0.30,0.31,
GROV,2017-08-21 05:30:00 EDT,42.48951,-77.94946,2000,63.0,63.6,63.0,76.6,55.5,0.000,0.000,0.00,0.000,3.9,8.2,1.7,203,24,4.6,9.6,1.9,201,25,3.9,8.2,1.7,203,24,0,28.09,,0,0,,66.1,67.1,,0.30,0.31,
GROV,2017-08-21 05:35:00 EDT,42.48951,-77.94946,2000,62.9,63.6,62.9,77.1,55.6,0.000,0.000,0.00,0.000,4.3,9.1,1.6,201,30,5.0,12.3,1.9,198,26,4.3,9.1,1.6,201,30,0,28.09,,0,0,,66.0,67.0,,0.30,0.31,
GROV,2017-08-21 05:40:00 EDT,42.48951,-77.94946,2000,62.9,63.4,62.9,77.3,55.7,0.000,0.000,0.00,0.000,4.3,9.1,1.9,208,28,5.4,12.2,2.2,209,26,4.3,9.1,1.9,208,28,0,28.09,,0,0,,66.0,67.0,,0.30,0.31,
GROV,2017-08-21 05:45:00 EDT,42.48951,-77.94946,2000,62.9,63.3,62.9,77.4,55.7,0.000,0.000,0.00,0.000,4.5,9.6,1.8,198,22,5.3,13.2,2.3,196,21,4.5,9.6,1.8,198,22,0,28.09,,0,0,,66.0,67.0,,0.30,0.31,
GROV,2017-08-21 05:50:00 EDT,42.48951,-77.94946,2000,62.8,63.3,62.8,77.9,55.8,0.000,0.000,0.00,0.000,2.5,9.8,1.5,199,29,3.3,10.7,1.8,200,29,2.5,9.8,1.5,199,29,0,28.08,,0,0,,66.0,67.0,,0.30,0.31,
GROV,2017-08-21 05:55:00 EDT,42.48951,-77.94946,2000,63.1,63.6,63.1,77.3,55.9,0.000,0.000,0.00,0.000,3.2,5.7,1.3,190,28,4.2,8.9,1.6,186,26,3.2,5.7,1.3,190,28,0,28.08,,0,0,,66.0,67.0,,0.30,0.31,
GROV,2017-08-21 06:00:00 EDT,42.48951,-77.94946,2000,63.4,64.0,63.4,76.1,55.8,0.000,0.000,0.00,0.000,3.7,8.3,1.4,193,24,4.2,9.7,1.7,190,23,3.7,8.3,1.4,193,24,0,28.08,,0,0,,66.0,67.0,,0.30,0.31,
GROV,2017-08-21 06:05:00 EDT,42.48951,-77.94946,2000,63.6,64.2,63.6,75.8,55.9,0.000,0.000,0.00,0.000,4.0,8.0,1.8,200,28,5.2,11.3,2.2,196,26,4.0,8.0,1.8,200,28,0,28.08,,0,0,,66.0,66.9,,0.30,0.31,
GROV,2017-08-21 06:10:00 EDT,42.48951,-77.94946,2000,63.8,64.3,63.8,75.1,55.7,0.000,0.000,0.00,0.000,5.1,8.9,1.9,201,23,6.0,11.7,2.4,199,20,5.1,8.9,1.9,201,23,0,28.08,,0,0,,66.0,66.9,,0.30,0.31,
GROV,2017-08-21 06:15:00 EDT,42.48951,-77.94946,2000,63.8,64.3,63.8,75.2,55.8,0.000,0.000,0.00,0.000,4.1,10.2,1.8,195,27,4.8,11.1,2.0,192,24,4.1,10.2,1.8,195,27,0,28.08,,0,0,,66.0,66.8,,0.30,0.31,
GROV,2017-08-21 06:20:00 EDT,42.48951,-77.94946,2000,63.9,64.4,63.9,74.7,55.7,0.000,0.000,0.00,0.000,5.0,9.7,1.8,191,20,5.7,11.3,2.2,187,22,5.0,9.7,1.8,191,20,1,28.08,,0,0,,66.0,66.9,,0.30,0.31,
GROV,2017-08-21 06:25:00 EDT,42.48951,-77.94946,2000,64.0,64.4,64.0,74.5,55.7,0.000,0.000,0.00,0.000,4.3,9.5,1.7,198,27,4.8,11.0,2.1,201,24,4.3,9.5,1.7,198,27,2,28.08,,0,0,,66.0,66.8,,0.30,0.31,
GROV,2017-08-21 06:30:00 EDT,42.48951,-77.94946,2000,64.1,64.6,64.1,74.3,55.7,0.000,0.000,0.00,0.000,3.9,8.4,1.8,197,26,4.7,10.5,2.1,197,23,3.9,8.4,1.8,197,26,5,28.08,,0,0,,66.0,66.8,,0.30,0.31,
GROV,2017-08-21 06:35:00 EDT,42.48951,-77.94946,2000,64.5,64.8,64.5,73.3,55.7,0.000,0.000,0.00,0.000,4.2,8.1,1.5,202,23,4.9,11.2,2.0,198,22,4.2,8.1,1.5,202,23,14,28.08,,0,0,,66.0,66.8,,0.30,0.31,
GROV,2017-08-21 06:40:00 EDT,42.48951,-77.94946,2000,64.3,64.7,64.3,73.6,55.7,0.000,0.000,0.00,0.000,3.9,8.9,1.5,204,26,4.4,9.9,1.9,202,23,3.9,8.9,1.5,204,26,19,28.08,,0,0,,66.0,66.8,,0.30,0.31,
GROV,2017-08-21 06:45:00 EDT,42.48951,-77.94946,2000,64.6,64.9,64.6,73.0,55.7,0.000,0.000,0.00,0.000,4.1,9.3,2.1,199,26,5.2,11.9,2.4,199,22,4.1,9.3,2.1,199,26,24,28.08,,0,0,,66.0,66.8,,0.30,0.31,
GROV,2017-08-21 06:50:00 EDT,42.48951,-77.94946,2000,64.7,65.0,64.7,72.9,55.8,0.000,0.000,0.00,0.000,4.6,9.4,2.2,205,19,5.3,11.1,2.5,202,18,4.6,9.4,2.2,205,19,23,28.08,,0,0,,66.0,66.8,,0.30,0.31,
GROV,2017-08-21 06:55:00 EDT,42.48951,-77.94946,2000,64.9,65.1,64.9,72.5,55.8,0.000,0.000,0.00,0.000,4.0,9.0,1.5,206,25,4.5,11.6,1.9,205,23,4.0,9.0,1.5,206,25,24,28.08,,0,0,,66.0,66.7,,0.30,0.31,
GROV,2017-08-21 07:00:00 EDT,42.48951,-77.94946,2000,65.0,65.2,65.0,71.9,55.7,0.000,0.000,0.00,0.000,4.1,8.4,1.6,212,22,4.8,8.2,1.8,211,20,4.1,8.4,1.6,212,22,31,28.08,,0,0,,66.0,66.8,,0.30,0.31,
GROV,2017-08-21 07:05:00 EDT,42.48951,-77.94946,2000,64.9,65.2,64.9,72.2,55.7,0.000,0.000,0.00,0.000,4.5,9.2,1.6,204,23,5.3,10.2,1.9,204,21,4.5,9.2,1.6,204,23,36,28.08,,0,0,,66.0,66.7,,0.30,0.31,
GROV,2017-08-21 07:10:00 EDT,42.48951,-77.94946,2000,64.7,65.2,64.7,72.8,55.8,0.000,0.000,0.00,0.000,3.4,7.9,1.3,203,28,4.0,10.6,1.7,199,22,3.4,7.9,1.3,203,28,30,28.08,,0,0,,66.0,66.7,,0.30,0.31,
GROV,2017-08-21 07:15:00 EDT,42.48951,-77.94946,2000,64.8,65.1,64.8,72.5,55.8,0.000,0.000,0.00,0.000,4.1,8.5,1.6,204,26,4.7,11.4,1.9,200,22,4.1,8.5,1.6,204,26,22,28.08,,0,0,,66.0,66.7,,0.30,0.31,
GROV,2017-08-21 07:20:00 EDT,42.48951,-77.94946,2000,64.6,64.9,64.6,73.0,55.7,0.000,0.000,0.00,0.000,3.2,7.5,1.6,198,28,3.9,9.3,1.9,195,26,3.2,7.5,1.6,198,28,20,28.08,,0,0,,66.0,66.7,,0.30,0.31,
GROV,2017-08-21 07:25:00 EDT,42.48951,-77.94946,2000,64.6,65.0,64.6,73.6,55.9,0.000,0.000,0.00,0.000,4.6,7.9,1.4,204,26,5.4,9.3,1.6,200,23,4.6,7.9,1.4,204,26,19,28.08,,0,0,,66.0,66.7,,0.30,0.31,
GROV,2017-08-21 07:30:00 EDT,42.48951,-77.94946,2000,64.7,65.1,64.7,72.9,55.8,0.000,0.000,0.00,0.000,4.7,8.6,1.6,212,23,5.5,11.0,1.8,208,22,4.7,8.6,1.6,212,23,20,28.08,,0,0,,66.0,66.7,,0.30,0.31,
GROV,2017-08-21 07:35:00 EDT,42.48951,-77.94946,2000,64.6,65.0,64.6,73.5,55.9,0.000,0.000,0.00,0.000,4.8,9.4,2.1,203,25,5.4,11.8,2.4,203,23,4.8,9.4,2.1,203,25,26,28.08,,0,0,,66.0,66.7,,0.30,0.31,
GROV,2017-08-21 07:40:00 EDT,42.48951,-77.94946,2000,64.7,65.0,64.7,73.4,56.0,0.000,0.000,0.00,0.000,4.5,10.3,1.7,210,23,5.1,10.9,1.7,208,24,4.5,10.3,1.7,210,23,29,28.08,,0,0,,66.0,66.7,,0.30,0.31,
GROV,2017-08-21 07:45:00 EDT,42.48951,-77.94946,2000,64.9,65.1,64.9,73.0,56.0,0.000,0.000,0.00,0.000,4.9,11.5,2.2,203,21,5.6,13.2,2.3,201,18,4.9,11.5,2.2,203,21,26,28.08,,0,0,,66.0,66.7,,0.30,0.31,
GROV,2017-08-21 07:50:00 EDT,42.48951,-77.94946,2000,64.7,65.1,64.7,73.5,56.0,0.000,0.000,0.00,0.000,4.4,10.4,2.3,202,30,5.3,13.3,2.6,202,27,4.4,10.4,2.3,202,30,24,28.08,,0,0,,66.0,66.7,,0.30,0.31,
GROV,2017-08-21 07:55:00 EDT,42.48951,-77.94946,2000,64.7,65.1,64.7,73.7,56.1,0.000,0.000,0.00,0.000,5.3,10.4,1.7,202,23,5.9,11.6,2.1,198,22,5.3,10.4,1.7,202,23,19,28.08,,0,0,,66.0,66.7,,0.30,0.31,
GROV,2017-08-21 08:00:00 EDT,42.48951,-77.94946,2000,64.7,65.1,64.7,73.5,56.0,0.000,0.000,0.00,0.000,4.6,9.1,1.6,205,22,5.1,11.1,1.9,203,22,4.6,9.1,1.6,205,22,18,28.08,,0,0,,66.0,66.7,,0.30,0.31,
GROV,2017-08-21 08:05:00 EDT,42.48951,-77.94946,2000,64.7,65.0,64.7,73.6,56.1,0.000,0.000,0.00,0.000,5.2,9.6,1.8,195,26,6.0,10.9,2.0,193,23,5.2,9.6,1.8,195,26,17,28.08,,0,0,,66.0,66.7,,0.30,0.31,
GROV,2017-08-21 08:10:00 EDT,42.48951,-77.94946,2000,64.7,65.1,64.7,73.8,56.2,0.000,0.000,0.00,0.000,4.0,7.8,1.6,218,25,4.7,9.9,1.8,214,23,4.0,7.8,1.6,218,25,16,28.08,,0,0,,66.0,66.7,,0.30,0.31,
GROV,2017-08-21 08:15:00 EDT,42.48951,-77.94946,2000,64.7,65.0,64.7,74.0,56.2,0.000,0.000,0.00,0.000,3.9,6.0,1.1,220,23,4.2,7.3,1.3,219,20,3.9,6.0,1.1,220,23,14,28.08,,0,0,,66.0,66.7,,0.30,0.31,
GROV,2017-08-21 08:20:00 EDT,42.48951,-77.94946,2000,64.3,64.6,64.3,75.5,56.4,0.000,0.000,0.00,0.000,3.4,6.1,1.2,222,19,3.8,8.2,1.4,221,19,3.4,6.1,1.2,222,19,15,28.09,,0,0,,66.0,66.7,,0.30,0.31,
GROV,2017-08-21 08:25:00 EDT,42.48951,-77.94946,2000,63.9,64.2,63.9,77.1,56.6,0.000,0.000,0.00,0.000,3.2,7.5,1.3,217,23,3.8,8.4,1.6,218,23,3.2,7.5,1.3,217,23,18,28.08,,0,0,,66.0,66.7,,0.30,0.31,
GROV,2017-08-21 08:30:00 EDT,42.48951,-77.94946,2000,63.6,63.9,63.6,79.1,57.0,0.000,0.000,0.00,0.000,4.0,7.7,1.4,213,24,4.4,10.3,1.6,210,24,4.0,7.7,1.4,213,24,20,28.08,,0,0,,66.0,66.7,,0.30,0.31,
GROV,2017-08-21 08:35:00 EDT,42.48951,-77.94946,2000,63.5,63.7,63.5,79.7,57.1,0.000,0.000,0.00,0.000,4.1,6.3,1.1,230,18,4.4,8.4,1.3,226,17,4.1,6.3,1.1,230,18,21,28.09,,0,0,,66.0,66.7,,0.30,0.31,
GROV,2017-08-21 08:40:00 EDT,42.48951,-77.94946,2000,63.2,63.4,63.2,80.2,57.0,0.000,0.000,0.00,0.000,3.7,6.3,1.1,223,17,4.1,7.5,1.1,222,17,3.7,6.3,1.1,223,17,21,28.09,,0,0,,66.0,66.7,,0.30,0.31,
GROV,2017-08-21 08:45:00 EDT,42.48951,-77.94946,2000,62.9,63.2,62.9,82.2,57.4,0.000,0.000,0.00,0.000,4.4,9.6,1.7,204,27,5.2,11.0,2.0,203,24,4.4,9.6,1.7,204,27,24,28.09,,0,0,,66.0,66.7,,0.30,0.31,
GROV,2017-08-21 08:50:00 EDT,42.48951,-77.94946,2000,63.0,63.4,63.0,82.2,57.4,0.000,0.000,0.00,0.000,4.5,8.3,1.6,199,19,5.3,10.2,2.0,199,17,4.5,8.3,1.6,199,19,28,28.09,,0,0,,66.0,66.7,,0.30,0.31,
GROV,2017-08-21 08:55:00 EDT,42.48951,-77.94946,2000,62.7,63.1,62.7,83.4,57.6,0.000,0.000,0.00,0.000,4.7,11.1,1.9,202,23,5.5,12.1,2.2,199,21,4.7,11.1,1.9,202,23,36,28.09,,0,0,,66.0,66.7,,0.30,0.31,
GROV,2017-08-21 09:00:00 EDT,42.48951,-77.94946,2000,62.9,63.1,62.9,82.9,57.6,0.000,0.000,0.00,0.000,4.6,9.6,2.1,211,23,5.2,11.2,2.3,207,21,4.6,9.6,2.1,211,23,51,28.09,,0,0,,66.0,66.7,,0.30,0.31,
GROV,2017-08-21 09:05:00 EDT,42.48951,-77.94946,2000,63.0,63.2,63.0,83.5,57.9,0.000,0.000,0.00,0.000,4.7,9.5,1.8,221,24,5.3,11.0,1.8,216,24,4.7,9.5,1.8,221,24,64,28.09,,0,0,,66.0,66.7,,0.30,0.31,
GROV,2017-08-21 09:10:00 EDT,42.48951,-77.94946,2000,63.2,63.3,63.2,82.7,57.9,0.000,0.000,0.00,0.000,7.6,11.2,1.3,247,10,8.0,11.4,1.4,246,9,7.6,11.2,1.3,247,10,77,28.11,,0,0,,66.0,66.7,,0.30,0.31,
GROV,2017-08-21 09:15:00 EDT,42.48951,-77.94946,2000,63.0,63.0,63.0,83.1,57.8,0.000,0.000,0.00,0.000,6.3,9.4,1.2,238,20,6.8,11.2,1.4,238,18,6.3,9.4,1.2,238,20,93,28.11,,0,0,,66.0,66.7,,0.30,0.31,
GROV,2017-08-21 09:20:00 EDT,42.48951,-77.94946,2000,63.0,62.9,63.0,83.7,58.0,0.000,0.000,0.00,0.000,4.0,8.0,1.3,234,16,4.4,9.6,1.4,233,16,4.0,8.0,1.3,234,16,113,28.10,,0,0,,66.0,66.7,,0.30,0.31,
GROV,2017-08-21 09:25:00 EDT,42.48951,-77.94946,2000,62.9,62.9,62.9,84.4,58.2,0.000,0.000,0.00,0.000,3.3,6.1,1.3,225,21,3.6,7.6,1.4,223,21,3.3,6.1,1.3,225,21,110,28.10,,0,0,,66.0,66.7,,0.30,0.31,
GROV,2017-08-21 09:30:00 EDT,42.48951,-77.94946,2000,63.1,63.1,63.1,83.7,58.1,0.000,0.000,0.00,0.000,4.4,7.2,1.1,244,14,5.0,8.2,1.2,243,14,4.4,7.2,1.1,244,14,100,28.09,,0,0,,66.0,66.7,,0.30,0.31,
GROV,2017-08-21 09:35:00 EDT,42.48951,-77.94946,2000,63.5,63.5,63.5,83.7,58.4,0.000,0.000,0.00,0.000,5.8,9.3,1.5,243,14,6.3,10.5,1.6,242,14,5.8,9.3,1.5,243,14,110,28.10,,0,0,,66.0,66.7,,0.30,0.31,
GROV,2017-08-21 09:40:00 EDT,42.48951,-77.94946,2000,63.4,63.4,63.4,85.3,58.9,0.000,0.000,0.00,0.000,4.2,8.3,1.4,217,19,4.7,10.0,1.5,214,19,4.2,8.3,1.4,217,19,125,28.09,,0,0,,66.0,66.7,,0.30,0.31,
GROV,2017-08-21 09:45:00 EDT,42.48951,-77.94946,2000,63.5,63.5,63.5,86.8,59.5,0.000,0.000,0.00,0.000,5.1,9.6,1.6,186,20,5.8,11.8,1.8,185,19,5.1,9.6,1.6,186,20,127,28.09,,0,0,,66.0,66.7,,0.30,0.31,
GROV,2017-08-21 09:50:00 EDT,42.48951,-77.94946,2000,63.8,63.8,63.8,86.3,59.6,0.000,0.000,0.00,0.000,4.9,9.2,1.9,214,28,5.4,10.3,2.1,214,25,4.9,9.2,1.9,214,28,122,28.09,,0,0,,66.0,66.7,,0.30,0.31,
GROV,2017-08-21 09:55:00 EDT,42.48951,-77.94946,2000,64.0,64.0,64.0,85.7,59.7,0.000,0.000,0.00,0.000,4.7,8.6,1.5,219,25,5.4,8.9,1.8,219,23,4.7,8.6,1.5,219,25,111,28.10,,0,0,,66.0,66.7,,0.30,0.31,
GROV,2017-08-21 10:00:00 EDT,42.48951,-77.94946,2000,63.9,63.9,63.9,86.4,59.7,0.000,0.000,0.00,0.000,4.3,8.5,1.4,192,24,5.1,9.4,1.8,190,21,4.3,8.5,1.4,192,24,77,28.09,,0,0,,66.0,66.7,,0.30,0.31,
GROV,2017-08-21 10:05:00 EDT,42.48951,-77.94946,2000,63.8,64.0,63.8,86.9,59.8,0.000,0.000,0.00,0.000,4.4,8.7,1.7,194,27,5.3,11.4,2.1,190,21,4.4,8.7,1.7,194,27,50,28.09,,0,0,,66.0,66.7,,0.30,0.31,
GROV,2017-08-21 10:10:00 EDT,42.48951,-77.94946,2000,64.0,64.3,64.0,85.6,59.6,0.000,0.000,0.00,0.000,4.5,8.9,1.7,201,26,5.3,10.0,1.9,199,27,4.5,8.9,1.7,201,26,33,28.08,,0,0,,66.0,66.7,,0.30,0.31,
GROV,2017-08-21 10:15:00 EDT,42.48951,-77.94946,2000,64.3,64.5,64.3,84.0,59.4,0.000,0.000,0.00,0.000,3.5,8.2,1.4,222,25,4.4,10.2,1.7,220,25,3.5,8.2,1.4,222,25,26,28.08,,0,0,,66.0,66.6,,0.30,0.31,
GROV,2017-08-21 10:20:00 EDT,42.48951,-77.94946,2000,64.2,64.4,64.2,84.3,59.4,0.000,0.000,0.00,0.000,2.7,5.6,0.8,236,20,3.1,5.2,0.9,232,20,2.7,5.6,0.8,236,20,30,28.08,,0,0,,66.0,66.7,,0.30,0.31,
GROV,2017-08-21 10:25:00 EDT,42.48951,-77.94946,2000,63.9,64.0,63.9,86.2,59.7,0.005,0.005,0.00,0.005,4.0,6.3,0.8,243,23,4.4,7.9,1.0,244,21,4.0,6.3,0.8,243,23,58,28.08,,0,0,,66.0,66.6,,0.30,0.31,
GROV,2017-08-21 10:30:00 EDT,42.48951,-77.94946,2000,63.5,63.5,63.5,87.4,59.7,0.002,0.007,0.00,0.007,4.9,11.0,2.1,218,21,5.8,12.0,2.2,216,20,4.9,11.0,2.1,218,21,86,28.07,,0,0,,66.0,66.7,,0.30,0.31,
GROV,2017-08-21 10:35:00 EDT,42.48951,-77.94946,2000,63.5,63.5,63.5,87.5,59.8,0.000,0.007,0.00,0.007,7.1,13.2,2.2,237,17,7.7,13.4,2.2,236,16,7.1,13.2,2.2,237,17,114,28.09,,0,0,,66.0,66.6,,0.30,0.31,
GROV,2017-08-21 10:40:00 EDT,42.48951,-77.94946,2000,63.7,63.6,63.7,87.1,59.8,0.000,0.007,0.00,0.007,6.0,10.1,1.7,244,15,6.5,11.8,1.9,244,14,6.0,10.1,1.7,244,15,218,28.09,,0,0,,66.0,66.6,,0.30,0.31,
GROV,2017-08-21 10:45:00 EDT,42.48951,-77.94946,2000,64.7,64.4,64.7,87.4,60.9,0.000,0.007,0.00,0.007,5.3,8.3,1.2,249,13,5.8,9.4,1.4,247,12,5.3,8.3,1.2,249,13,593,28.09,,0,0,,66.0,66.6,,0.30,0.31,
GROV,2017-08-21 10:50:00 EDT,42.48951,-77.94946,2000,66.4,65.9,66.4,85.0,61.8,0.000,0.007,0.00,0.007,5.5,10.9,1.6,230,19,6.1,13.2,1.8,229,21,5.5,10.9,1.6,230,19,478,28.09,,0,0,,66.0,66.6,,0.30,0.31,
GROV,2017-08-21 10:55:00 EDT,42.48951,-77.94946,2000,66.5,66.1,66.5,81.7,60.7,0.000,0.007,0.00,0.007,5.6,10.4,1.9,214,19,6.5,12.5,2.0,211,18,5.6,10.4,1.9,214,19,664,28.09,,0,0,,66.0,66.6,,0.30,0.31,
GROV,2017-08-21 11:00:00 EDT,42.48951,-77.94946,2000,66.9,66.5,66.9,81.1,61.0,0.000,0.007,0.00,0.007,5.5,9.9,2.0,201,22,6.5,11.7,2.3,198,22,5.5,9.9,2.0,201,22,503,28.08,,0,0,,66.0,66.6,,0.30,0.31,
GROV,2017-08-21 11:05:00 EDT,42.48951,-77.94946,2000,67.4,66.9,67.4,80.7,61.3,0.000,0.007,0.00,0.007,4.2,9.9,1.9,192,27,5.3,11.8,2.1,190,24,4.2,9.9,1.9,192,27,427,28.08,,0,0,,66.0,66.5,,0.30,0.31,
GROV,2017-08-21 11:10:00 EDT,42.48951,-77.94946,2000,66.9,66.8,66.9,78.4,60.0,0.000,0.007,0.00,0.007,5.4,9.1,1.9,196,22,6.2,10.9,2.1,193,21,5.4,9.1,1.9,196,22,189,28.07,,0,0,,66.0,66.5,,0.30,0.31,
GROV,2017-08-21 11:15:00 EDT,42.48951,-77.94946,2000,67.0,66.9,67.0,78.9,60.2,0.000,0.007,0.00,0.007,5.2,11.1,1.8,195,18,5.9,13.8,2.2,194,17,5.2,11.1,1.8,195,18,348,28.07,,0,0,,66.0,66.5,,0.30,0.31,
GROV,2017-08-21 11:20:00 EDT,42.48951,-77.94946,2000,68.1,67.7,68.1,78.7,61.2,0.000,0.007,0.00,0.007,5.7,10.3,1.7,197,23,6.6,12.0,2.2,193,20,5.7,10.3,1.7,197,23,486,28.06,,0,0,,66.0,66.5,,0.30,0.31,
GROV,2017-08-21 11:25:00 EDT,42.48951,-77.94946,2000,68.2,68.0,68.2,78.0,61.1,0.000,0.007,0.00,0.002,5.5,11.6,2.1,194,22,6.3,12.5,2.6,192,19,5.5,11.6,2.1,194,22,436,28.06,,0,0,,66.1,66.5,,0.30,0.31,
GROV,2017-08-21 11:30:00 EDT,42.48951,-77.94946,2000,68.9,68.6,68.9,76.7,61.2,0.000,0.007,0.00,0.000,6.2,12.3,2.6,207,22,7.2,12.6,2.7,204,19,6.2,12.3,2.6,207,22,313,28.06,,0,0,,66.3,66.4,,0.30,0.31,
GROV,2017-08-21 11:35:00 EDT,42.48951,-77.94946,2000,69.0,68.8,69.0,76.2,61.2,0.000,0.007,0.00,0.000,5.9,11.7,2.0,218,21,6.7,12.4,2.3,213,19,5.9,11.7,2.0,218,21,316,28.06,,0,0,,66.4,66.4,,0.30,0.31,
GROV,2017-08-21 11:40:00 EDT,42.48951,-77.94946,2000,69.6,69.4,69.6,76.4,61.8,0.000,0.007,0.00,0.000,6.1,11.3,1.9,223,22,6.8,13.3,2.2,223,20,6.1,11.3,1.9,223,22,472,28.06,,0,0,,66.4,66.4,,0.30,0.31,
GROV,2017-08-21 11:45:00 EDT,42.48951,-77.94946,2000,70.2,70.0,70.2,74.9,61.9,0.000,0.007,0.00,0.000,7.4,11.3,1.5,233,20,8.1,13.8,1.7,232,19,7.4,11.3,1.5,233,20,603,28.06,,0,0,,66.4,66.4,,0.30,0.31,
GROV,2017-08-21 11:50:00 EDT,42.48951,-77.94946,2000,71.9,71.5,71.9,74.0,63.1,0.000,0.007,0.00,0.000,7.3,14.0,2.3,226,19,8.2,19.3,2.6,223,19,7.3,14.0,2.3,226,19,780,28.06,,0,0,,66.4,66.4,,0.30,0.31,
GROV,2017-08-21 11:55:00 EDT,42.48951,-77.94946,2000,73.0,72.5,73.0,73.0,63.8,0.000,0.007,0.00,0.000,7.9,15.3,2.5,234,20,8.7,16.2,2.8,232,18,7.9,15.3,2.5,234,20,719,28.06,,0,0,,66.4,66.4,,0.30,0.31,
GROV,2017-08-21 12:00:00 EDT,42.48951,-77.94946,2000,73.4,72.9,73.4,71.6,63.7,0.000,0.007,0.00,0.000,7.4,14.2,2.1,236,17,7.8,15.3,2.2,235,16,7.4,14.2,2.1,236,17,722,28.06,,0,0,,66.4,66.4,,0.30,0.31,
GROV,2017-08-21 12:05:00 EDT,42.48951,-77.94946,2000,73.6,73.2,73.6,71.4,63.8,0.000,0.007,0.00,0.000,7.6,12.3,2.2,241,15,8.1,13.5,2.4,239,15,7.6,12.3,2.2,241,15,720,28.07,,0,0,,66.4,66.4,,0.30,0.31,
GROV,2017-08-21 12:10:00 EDT,42.48951,-77.94946,2000,73.8,73.3,73.8,72.0,64.2,0.000,0.007,0.00,0.000,6.6,11.0,1.9,231,18,7.0,13.6,2.1,229,18,6.6,11.0,1.9,231,18,724,28.07,,0,0,,66.6,66.4,,0.30,0.31,
GROV,2017-08-21 12:15:00 EDT,42.48951,-77.94946,2000,74.2,73.6,74.2,72.0,64.6,0.000,0.007,0.00,0.000,7.8,13.2,2.8,237,20,8.6,13.4,2.8,235,20,7.8,13.2,2.8,237,20,728,28.07,,0,0,,66.7,66.4,,0.30,0.31,
GROV,2017-08-21 12:20:00 EDT,42.48951,-77.94946,2000,74.0,73.5,74.0,71.7,64.3,0.000,0.007,0.00,0.000,8.5,14.1,2.4,234,17,9.0,14.1,2.3,233,17,8.5,14.1,2.4,234,17,740,28.06,,0,0,,66.7,66.4,,0.30,0.31,
GROV,2017-08-21 12:25:00 EDT,42.48951,-77.94946,2000,74.3,73.8,74.3,72.4,64.8,0.000,0.007,0.00,0.000,7.7,12.9,2.1,231,18,8.2,13.6,2.0,227,18,7.7,12.9,2.1,231,18,742,28.06,,0,0,,66.7,66.4,,0.30,0.31,
GROV,2017-08-21 12:30:00 EDT,42.48951,-77.94946,2000,74.6,74.1,74.6,73.0,65.3,0.000,0.007,0.00,0.000,7.7,15.6,2.9,236,16,8.1,17.3,2.9,235,15,7.7,15.6,2.9,236,16,747,28.06,,0,0,,66.7,66.4,,0.30,0.31,
GROV,2017-08-21 12:35:00 EDT,42.48951,-77.94946,2000,74.5,73.9,74.5,72.5,65.1,0.000,0.007,0.00,0.000,9.3,14.0,2.2,243,14,9.9,14.7,2.2,242,15,9.3,14.0,2.2,243,14,753,28.06,,0,0,,66.7,66.4,,0.30,0.31,
GROV,2017-08-21 12:40:00 EDT,42.48951,-77.94946,2000,74.7,74.2,74.7,72.4,65.3,0.000,0.007,0.00,0.000,9.6,13.7,2.0,251,11,10.3,16.4,2.1,250,10,9.6,13.7,2.0,251,11,754,28.06,,0,0,,67.0,66.4,,0.30,0.31,
GROV,2017-08-21 12:45:00 EDT,42.48951,-77.94946,2000,75.2,74.6,75.2,72.6,65.8,0.000,0.007,0.00,0.000,9.6,14.2,2.2,245,15,10.1,14.9,2.3,244,14,9.6,14.2,2.2,245,15,755,28.06,,0,0,,67.1,66.4,,0.30,0.31,
GROV,2017-08-21 12:50:00 EDT,42.48951,-77.94946,2000,75.5,74.9,75.5,73.2,66.3,0.000,0.007,0.00,0.000,7.8,12.8,1.8,251,13,8.7,14.8,2.0,251,12,7.8,12.8,1.8,251,13,756,28.05,,0,0,,67.1,66.4,,0.30,0.31,
GROV,2017-08-21 12:55:00 EDT,42.48951,-77.94946,2000,75.6,75.0,75.6,71.0,65.5,0.000,0.007,0.00,0.000,10.8,16.0,2.3,249,10,11.4,17.4,2.5,247,9,10.8,16.0,2.3,249,10,764,28.05,,0,0,,67.1,66.4,,0.30,0.31,
GROV,2017-08-21 13:00:00 EDT,42.48951,-77.94946,2000,75.5,74.9,75.5,72.3,65.9,0.000,0.007,0.00,0.000,9.0,14.8,2.5,248,19,9.7,16.2,2.5,247,18,9.0,14.8,2.5,248,19,764,28.05,,0,0,,67.1,66.4,,0.29,0.31,
GROV,2017-08-21 13:05:00 EDT,42.48951,-77.94946,2000,75.9,75.3,75.9,72.2,66.3,0.000,0.007,0.00,0.000,8.6,12.9,1.9,247,20,9.5,13.9,2.1,245,20,8.6,12.9,1.9,247,20,765,28.05,,0,0,,67.3,66.4,,0.29,0.31,
GROV,2017-08-21 13:10:00 EDT,42.48951,-77.94946,2000,76.4,75.8,76.4,71.1,66.3,0.000,0.007,0.00,0.000,9.0,13.7,2.6,246,14,9.5,14.3,2.5,245,14,9.0,13.7,2.6,246,14,763,28.05,,0,0,,67.5,66.4,,0.30,0.31,
GROV,2017-08-21 13:15:00 EDT,42.48951,-77.94946,2000,76.0,75.3,76.0,70.0,65.5,0.000,0.007,0.00,0.000,11.1,16.7,2.0,256,14,12.0,19.0,2.3,254,14,11.1,16.7,2.0,256,14,772,28.05,,0,0,,67.5,66.4,,0.30,0.31,
GROV,2017-08-21 13:20:00 EDT,42.48951,-77.94946,2000,76.2,75.6,76.2,70.4,65.8,0.000,0.007,0.00,0.000,9.1,14.2,2.0,246,14,9.8,14.5,2.1,245,13,9.1,14.2,2.0,246,14,760,28.05,,0,0,,67.5,66.4,,0.30,0.31,
GROV,2017-08-21 13:25:00 EDT,42.48951,-77.94946,2000,76.4,75.8,76.4,70.4,66.1,0.000,0.007,0.00,0.000,10.1,17.0,2.4,250,13,10.9,19.6,2.5,249,11,10.1,17.0,2.4,250,13,746,28.06,,0,0,,67.8,66.4,,0.30,0.31,
GROV,2017-08-21 13:30:00 EDT,42.48951,-77.94946,2000,76.2,75.7,76.2,70.1,65.7,0.000,0.007,0.00,0.000,8.8,12.3,2.1,262,21,9.5,15.8,2.3,261,19,8.8,12.3,2.1,262,21,720,28.05,,0,0,,67.8,66.4,,0.29,0.31,
GROV,2017-08-21 13:35:00 EDT,42.48951,-77.94946,2000,76.7,76.1,76.7,70.5,66.4,0.000,0.007,0.00,0.000,7.5,11.3,1.8,258,17,8.2,12.7,2.0,258,15,7.5,11.3,1.8,258,17,665,28.05,,0,0,,67.8,66.4,,0.29,0.31,
GROV,2017-08-21 13:40:00 EDT,42.48951,-77.94946,2000,76.6,76.1,76.6,69.7,66.0,0.000,0.007,0.00,0.000,8.2,14.2,2.3,255,14,8.9,15.3,2.5,255,13,8.2,14.2,2.3,255,14,567,28.05,,0,0,,67.8,66.4,,0.29,0.31,
GROV,2017-08-21 13:45:00 EDT,42.48951,-77.94946,2000,76.7,76.1,76.7,69.8,66.1,0.000,0.007,0.00,0.000,8.4,11.0,1.4,257,11,9.2,12.3,1.5,256,9,8.4,11.0,1.4,257,11,581,28.05,,0,0,,68.0,66.4,,0.29,0.31,
GROV,2017-08-21 13:50:00 EDT,42.48951,-77.94946,2000,76.6,76.2,76.6,69.4,65.8,0.000,0.007,0.00,0.000,5.7,8.4,1.2,259,13,6.5,9.5,1.3,259,10,5.7,8.4,1.2,259,13,569,28.05,,0,0,,68.2,66.4,,0.29,0.31,
GROV,2017-08-21 13:55:00 EDT,42.48951,-77.94946,2000,76.7,76.3,76.7,69.8,66.1,0.000,0.007,0.00,0.000,8.3,13.7,1.7,251,14,9.0,14.3,1.9,251,13,8.3,13.7,1.7,251,14,494,28.05,,0,0,,68.2,66.4,,0.29,0.31,
GROV,2017-08-21 14:00:00 EDT,42.48951,-77.94946,2000,76.6,76.2,76.6,70.0,66.1,0.000,0.007,0.00,0.000,7.3,12.6,2.1,244,23,8.0,13.0,2.1,243,23,7.3,12.6,2.1,244,23,479,28.05,,0,0,,68.2,66.4,,0.29,0.31,
GROV,2017-08-21 14:05:00 EDT,42.48951,-77.94946,2000,76.6,76.3,76.6,69.0,65.6,0.000,0.007,0.00,0.000,7.5,12.2,2.0,241,14,8.0,13.9,2.1,239,13,7.5,12.2,2.0,241,14,397,28.05,,0,0,,68.5,66.4,,0.29,0.31,
GROV,2017-08-21 14:10:00 EDT,42.48951,-77.94946,2000,76.5,76.4,76.5,68.5,65.4,0.000,0.007,0.00,0.000,7.1,11.0,1.4,249,13,7.6,12.0,1.6,248,13,7.1,11.0,1.4,249,13,386,28.05,,0,0,,68.5,66.4,,0.29,0.31,
GROV,2017-08-21 14:15:00 EDT,42.48951,-77.94946,2000,76.5,76.3,76.5,68.7,65.4,0.000,0.007,0.00,0.000,7.7,13.6,1.8,243,19,8.4,13.4,1.8,242,19,7.7,13.6,1.8,243,19,337,28.05,,0,0,,68.5,66.4,,0.29,0.31,
GROV,2017-08-21 14:20:00 EDT,42.48951,-77.94946,2000,76.3,76.2,76.3,69.1,65.4,0.000,0.007,0.00,0.000,6.5,11.0,1.8,241,14,6.9,11.3,1.8,239,13,6.5,11.0,1.8,241,14,279,28.05,,0,0,,68.5,66.4,,0.29,0.31,
GROV,2017-08-21 14:25:00 EDT,42.48951,-77.94946,2000,76.2,76.1,76.2,70.5,65.9,0.000,0.007,0.00,0.000,4.9,7.7,1.3,246,14,5.4,8.6,1.4,245,14,4.9,7.7,1.3,246,14,240,28.05,,0,0,,68.5,66.4,,0.29,0.31,
GROV,2017-08-21 14:30:00 EDT,42.48951,-77.94946,2000,76.2,76.2,76.2,71.2,66.2,0.000,0.007,0.00,0.000,3.8,7.0,1.3,249,15,4.2,7.8,1.3,249,16,3.8,7.0,1.3,249,15,207,28.05,,0,0,,68.6,66.4,,0.29,0.31,
GROV,2017-08-21 14:35:00 EDT,42.48951,-77.94946,2000,76.1,76.1,76.1,73.3,66.9,0.000,0.007,0.00,0.000,4.0,7.0,1.2,269,12,4.6,7.6,1.3,268,11,4.0,7.0,1.2,269,12,193,28.05,,0,0,,68.8,66.4,,0.29,0.31,
GROV,2017-08-21 14:40:00 EDT,42.48951,-77.94946,2000,75.8,75.9,75.8,73.0,66.5,0.000,0.007,0.00,0.000,4.1,6.3,1.0,263,12,4.8,7.3,1.1,263,10,4.1,6.3,1.0,263,12,101,28.05,,0,0,,68.9,66.4,,0.29,0.31,
GROV,2017-08-21 14:45:00 EDT,42.48951,-77.94946,2000,75.1,75.3,75.1,74.1,66.3,0.000,0.007,0.00,0.000,4.5,7.2,1.2,270,12,5.2,7.9,1.3,268,10,4.5,7.2,1.2,270,12,85,28.05,,0,0,,68.9,66.4,,0.29,0.31,
GROV,2017-08-21 14:50:00 EDT,42.48951,-77.94946,2000,74.9,75.0,74.9,75.3,66.5,0.000,0.007,0.00,0.000,3.9,6.1,0.8,265,11,4.4,7.2,0.9,266,8,3.9,6.1,0.8,265,11,168,28.04,,0,0,,68.9,66.5,,0.29,0.31,
GROV,2017-08-21 14:55:00 EDT,42.48951,-77.94946,2000,75.1,75.0,75.1,76.0,67.0,0.000,0.007,0.00,0.000,2.7,4.5,0.6,266,14,3.2,5.1,0.6,268,13,2.7,4.5,0.6,266,14,232,28.04,,0,0,,68.9,66.5,,0.29,0.31,
GROV,2017-08-21 15:00:00 EDT,42.48951,-77.94946,2000,75.4,75.3,75.4,75.4,67.1,0.000,0.007,0.00,0.000,3.1,4.2,0.5,277,10,3.6,5.1,0.6,277,9,3.1,4.2,0.5,277,10,267,28.04,,0,0,,68.9,66.5,,0.29,0.31,
GROV,2017-08-21 15:05:00 EDT,42.48951,-77.94946,2000,75.9,75.7,75.9,73.8,66.9,0.000,0.007,0.00,0.000,4.2,7.2,1.2,276,12,4.8,8.4,1.3,276,12,4.2,7.2,1.2,276,12,319,28.04,,0,0,,68.9,66.5,,0.29,0.31,
GROV,2017-08-21 15:10:00 EDT,42.48951,-77.94946,2000,76.0,75.7,76.0,73.0,66.7,0.000,0.007,0.00,0.000,6.0,8.8,1.4,290,9,6.6,9.5,1.5,287,7,6.0,8.8,1.4,290,9,365,28.04,,0,0,,68.9,66.5,,0.29,0.31,
GROV,2017-08-21 15:15:00 EDT,42.48951,-77.94946,2000,76.2,75.8,76.2,73.9,67.3,0.000,0.007,0.00,0.000,4.9,8.8,1.9,296,12,5.6,9.5,2.0,293,9,4.9,8.8,1.9,296,12,402,28.04,,0,0,,69.1,66.6,,0.29,0.31,
GROV,2017-08-21 15:20:00 EDT,42.48951,-77.94946,2000,76.1,75.7,76.1,73.0,66.9,0.000,0.007,0.00,0.000,6.5,9.5,1.5,300,12,7.2,9.9,1.6,298,11,6.5,9.5,1.5,300,12,441,28.04,,0,0,,69.2,66.7,,0.29,0.31,
GROV,2017-08-21 15:25:00 EDT,42.48951,-77.94946,2000,76.3,75.7,76.3,72.3,66.7,0.000,0.007,0.00,0.000,6.2,9.0,1.4,304,14,6.8,9.8,1.3,301,13,6.2,9.0,1.4,304,14,478,28.04,,0,0,,69.2,66.6,,0.29,0.31,
GROV,2017-08-21 15:30:00 EDT,42.48951,-77.94946,2000,76.5,76.0,76.5,72.4,67.0,0.000,0.007,0.00,0.000,6.3,9.1,1.6,296,15,6.9,10.0,1.6,295,13,6.3,9.1,1.6,296,15,503,28.04,,0,0,,69.3,66.7,,0.29,0.31,
GROV,2017-08-21 15:35:00 EDT,42.48951,-77.94946,2000,76.9,76.3,76.9,72.1,67.2,0.000,0.007,0.00,0.000,6.5,9.5,1.7,291,14,7.1,10.3,1.7,289,11,6.5,9.5,1.7,291,14,522,28.04,,0,0,,69.3,66.7,,0.29,0.31,
GROV,2017-08-21 15:40:00 EDT,42.48951,-77.94946,2000,76.8,76.3,76.8,69.8,66.2,0.000,0.007,0.00,0.000,5.8,9.1,1.6,273,22,6.5,10.0,1.7,273,20,5.8,9.1,1.6,273,22,566,28.04,,0,0,,69.3,66.7,,0.29,0.31,
GROV,2017-08-21 15:45:00 EDT,42.48951,-77.94946,2000,77.1,76.4,77.1,70.3,66.7,0.000,0.007,0.00,0.000,6.3,10.5,1.8,288,12,7.1,11.5,1.8,286,10,6.3,10.5,1.8,288,12,577,28.04,,0,0,,69.3,66.7,,0.29,0.31,
GROV,2017-08-21 15:50:00 EDT,42.48951,-77.94946,2000,77.2,76.5,77.2,69.5,66.5,0.000,0.007,0.00,0.000,5.9,9.1,1.2,298,17,6.3,10.4,1.4,296,17,5.9,9.1,1.2,298,17,596,28.04,,0,0,,69.3,66.7,,0.29,0.31,
GROV,2017-08-21 15:55:00 EDT,42.48951,-77.94946,2000,77.6,76.8,77.6,70.7,67.3,0.000,0.007,0.00,0.000,3.9,6.4,1.3,298,18,4.6,7.9,1.3,295,17,3.9,6.4,1.3,298,18,599,28.04,,0,0,,69.3,66.7,,0.29,0.31,
GROV,2017-08-21 16:00:00 EDT,42.48951,-77.94946,2000,77.8,77.4,77.8,68.6,66.7,0.000,0.007,0.00,0.000,4.8,9.4,1.6,272,21,5.5,9.7,1.7,272,21,4.8,9.4,1.6,272,21,594,28.03,,0,0,,69.3,66.7,,0.29,0.31,
GROV,2017-08-21 16:05:00 EDT,42.48951,-77.94946,2000,78.0,77.4,78.0,66.9,66.2,0.000,0.007,0.00,0.000,6.8,8.7,1.2,281,23,7.4,10.5,1.3,280,21,6.8,8.7,1.2,281,23,587,28.03,,0,0,,69.3,66.7,,0.29,0.31,
GROV,2017-08-21 16:10:00 EDT,42.48951,-77.94946,2000,78.1,77.6,78.1,65.7,65.6,0.000,0.007,0.00,0.000,6.0,11.0,1.7,269,14,6.8,12.1,1.8,267,11,6.0,11.0,1.7,269,14,572,28.03,,0,0,,69.3,66.7,,0.29,0.31,
GROV,2017-08-21 16:15:00 EDT,42.48951,-77.94946,2000,78.3,77.8,78.3,66.2,66.1,0.000,0.007,0.00,0.000,6.1,9.6,1.5,267,25,7.0,11.6,1.8,267,24,6.1,9.6,1.5,267,25,536,28.03,,0,0,,69.5,66.7,,0.29,0.31,
GROV,2017-08-21 16:20:00 EDT,42.48951,-77.94946,2000,78.2,77.6,78.2,65.6,65.7,0.000,0.007,0.00,0.000,8.3,12.3,2.2,280,16,9.0,15.5,2.4,278,14,8.3,12.3,2.2,280,16,552,28.03,,0,0,,69.6,66.7,,0.29,0.31,
GROV,2017-08-21 16:25:00 EDT,42.48951,-77.94946,2000,78.3,77.7,78.3,65.2,65.7,0.000,0.007,0.00,0.000,7.9,11.3,1.6,278,11,8.9,12.6,1.7,276,9,7.9,11.3,1.6,278,11,539,28.03,,0,0,,69.6,66.7,,0.29,0.31,
GROV,2017-08-21 16:30:00 EDT,42.48951,-77.94946,2000,78.1,77.5,78.1,62.8,64.4,0.000,0.007,0.00,0.000,7.1,12.3,1.9,277,11,7.9,13.5,1.9,275,9,7.1,12.3,1.9,277,11,530,28.03,,0,0,,69.6,66.7,,0.29,0.31,
GROV,2017-08-21 16:35:00 EDT,42.48951,-77.94946,2000,78.1,77.6,78.1,62.2,64.1,0.000,0.007,0.00,0.000,5.9,8.0,1.2,265,19,6.6,9.5,1.3,265,19,5.9,8.0,1.2,265,19,461,28.03,,0,0,,69.6,66.7,,0.29,0.31,
GROV,2017-08-21 16:40:00 EDT,42.48951,-77.94946,2000,77.9,77.4,77.9,63.9,64.7,0.000,0.007,0.00,0.000,5.5,8.2,1.2,286,15,6.1,9.0,1.2,284,14,5.5,8.2,1.2,286,15,516,28.03,,0,0,,69.6,66.7,,0.29,0.31,
GROV,2017-08-21 16:45:00 EDT,42.48951,-77.94946,2000,78.3,77.7,78.3,62.3,64.3,0.000,0.007,0.00,0.000,5.7,9.3,1.7,279,16,6.5,10.5,1.9,277,14,5.7,9.3,1.7,279,16,518,28.03,,0,0,,69.8,66.7,,0.29,0.31,
GROV,2017-08-21 16:50:00 EDT,42.48951,-77.94946,2000,78.5,77.9,78.5,62.3,64.5,0.000,0.007,0.00,0.000,6.5,9.4,1.3,259,14,7.2,10.1,1.3,259,13,6.5,9.4,1.3,259,14,533,28.03,,0,0,,70.0,66.7,,0.29,0.31,
GROV,2017-08-21 16:55:00 EDT,42.48951,-77.94946,2000,78.3,78.0,78.3,62.0,64.3,0.000,0.007,0.00,0.000,7.0,11.5,1.8,265,13,7.9,12.7,2.0,265,12,7.0,11.5,1.8,265,13,339,28.03,,0,0,,70.0,66.7,,0.29,0.31,
GROV,2017-08-21 17:00:00 EDT,42.48951,-77.94946,2000,78.1,77.9,78.1,63.4,64.6,0.000,0.007,0.00,0.000,7.1,11.9,2.3,276,15,8.1,14.3,2.5,276,12,7.1,11.9,2.3,276,15,453,28.03,,0,0,,70.0,66.7,,0.29,0.31,
GROV,2017-08-21 17:05:00 EDT,42.48951,-77.94946,2000,78.2,77.9,78.2,62.3,64.3,0.000,0.007,0.00,0.000,9.0,12.9,2.1,268,14,10.0,14.6,2.2,267,13,9.0,12.9,2.1,268,14,384,28.03,,0,0,,70.0,66.7,,0.29,0.31,
GROV,2017-08-21 17:10:00 EDT,42.48951,-77.94946,2000,77.9,77.6,77.9,61.6,63.7,0.000,0.007,0.00,0.000,7.9,11.6,1.6,244,12,8.2,13.1,1.8,243,11,7.9,11.6,1.6,244,12,450,28.03,,0,0,,70.0,66.8,,0.29,0.31,
GROV,2017-08-21 17:15:00 EDT,42.48951,-77.94946,2000,78.1,77.8,78.1,63.3,64.6,0.000,0.007,0.00,0.000,6.3,9.1,2.0,252,11,6.9,9.8,1.9,251,11,6.3,9.1,2.0,252,11,438,28.03,,0,0,,70.0,66.7,,0.29,0.31,
GROV,2017-08-21 17:20:00 EDT,42.48951,-77.94946,2000,78.4,78.0,78.4,62.8,64.7,0.000,0.007,0.00,0.000,7.5,11.0,1.3,262,12,8.3,12.6,1.5,262,10,7.5,11.0,1.3,262,12,417,28.03,,0,0,,70.0,66.8,,0.29,0.31,
GROV,2017-08-21 17:25:00 EDT,42.48951,-77.94946,2000,78.1,77.8,78.1,62.2,64.1,0.000,0.007,0.00,0.000,6.9,10.1,1.3,256,13,7.5,11.3,1.4,255,12,6.9,10.1,1.3,256,13,406,28.02,,0,0,,70.0,66.8,,0.29,0.31,
GROV,2017-08-21 17:30:00 EDT,42.48951,-77.94946,2000,78.0,77.7,78.0,62.9,64.3,0.000,0.007,0.00,0.000,7.1,11.6,1.8,249,13,7.6,12.6,2.0,250,13,7.1,11.6,1.8,249,13,289,28.02,,0,0,,70.0,66.8,,0.29,0.31,
GROV,2017-08-21 17:35:00 EDT,42.48951,-77.94946,2000,77.4,77.3,77.4,64.7,64.6,0.000,0.007,0.00,0.000,6.8,9.9,1.3,251,18,7.3,10.0,1.4,250,17,6.8,9.9,1.3,251,18,307,28.02,,0,0,,70.2,66.8,,0.29,0.31,
GROV,2017-08-21 17:40:00 EDT,42.48951,-77.94946,2000,77.8,77.6,77.8,64.4,64.8,0.000,0.007,0.00,0.000,5.3,8.4,1.1,258,12,5.9,9.5,1.3,258,11,5.3,8.4,1.1,258,12,335,28.02,,0,0,,70.3,66.9,,0.29,0.31,
GROV,2017-08-21 17:45:00 EDT,42.48951,-77.94946,2000,77.7,77.5,77.7,64.6,64.8,0.000,0.007,0.00,0.000,4.5,6.7,0.9,242,15,4.9,7.9,1.0,242,14,4.5,6.7,0.9,242,15,340,28.03,,0,0,,70.3,67.0,,0.29,0.31,
GROV,2017-08-21 17:50:00 EDT,42.48951,-77.94946,2000,77.4,77.1,77.4,66.9,65.5,0.000,0.007,0.00,0.000,4.2,7.2,1.1,246,13,4.8,7.3,1.1,245,13,4.2,7.2,1.1,246,13,209,28.03,,0,0,,70.3,67.1,,0.29,0.31,
GROV,2017-08-21 17:55:00 EDT,42.48951,-77.94946,2000,76.3,76.3,76.3,67.6,64.7,0.000,0.007,0.00,0.000,3.8,5.5,0.9,244,11,4.0,6.5,1.0,243,11,3.8,5.5,0.9,244,11,69,28.03,,0,0,,70.3,67.0,,0.29,0.31,
GROV,2017-08-21 18:00:00 EDT,42.48951,-77.94946,2000,75.4,75.8,75.4,70.6,65.2,0.000,0.007,0.00,0.000,3.2,5.1,1.0,246,13,3.6,6.0,1.1,246,12,3.2,5.1,1.0,246,13,73,28.02,,0,0,,70.3,67.1,,0.29,0.31,
GROV,2017-08-21 18:05:00 EDT,42.48951,-77.94946,2000,75.1,75.5,75.1,72.0,65.5,0.000,0.007,0.00,0.000,2.3,3.8,0.7,234,15,2.4,4.0,0.7,232,15,2.3,3.8,0.7,234,15,72,28.02,,0,0,,70.3,67.1,,0.29,0.31,
GROV,2017-08-21 18:10:00 EDT,42.48951,-77.94946,2000,75.0,75.5,75.0,73.8,66.1,0.000,0.007,0.00,0.000,1.9,2.8,0.5,225,16,2.0,3.6,0.5,223,16,1.9,2.8,0.5,225,16,128,28.02,,0,0,,70.3,67.1,,0.29,0.31,
GROV,2017-08-21 18:15:00 EDT,42.48951,-77.94946,2000,75.6,75.8,75.6,74.1,66.8,0.000,0.007,0.00,0.000,1.8,3.7,0.7,217,15,2.0,4.2,0.7,217,17,1.8,3.7,0.7,217,15,227,28.02,,0,0,,70.3,67.1,,0.29,0.31,
GROV,2017-08-21 18:20:00 EDT,42.48951,-77.94946,2000,75.6,75.9,75.6,73.2,66.4,0.000,0.007,0.00,0.000,3.8,8.0,1.5,234,18,4.1,8.0,1.4,232,19,3.8,8.0,1.5,234,18,135,28.02,,0,0,,70.3,67.1,,0.29,0.31,
GROV,2017-08-21 18:25:00 EDT,42.48951,-77.94946,2000,76.2,76.2,76.2,69.6,65.6,0.000,0.007,0.00,0.000,4.8,7.6,1.2,248,12,5.4,8.6,1.3,248,11,4.8,7.6,1.2,248,12,264,28.02,,0,0,,70.3,67.1,,0.29,0.31,
GROV,2017-08-21 18:30:00 EDT,42.48951,-77.94946,2000,76.5,76.3,76.5,69.4,65.7,0.000,0.007,0.00,0.000,3.1,5.0,1.1,222,14,3.1,5.7,1.0,222,14,3.1,5.0,1.1,222,14,273,28.02,,0,0,,70.3,67.1,,0.29,0.31,
GROV,2017-08-21 18:35:00 EDT,42.48951,-77.94946,2000,76.4,76.3,76.4,70.1,65.9,0.000,0.007,0.00,0.000,2.9,4.9,0.9,223,15,3.1,4.7,0.8,222,15,2.9,4.9,0.9,223,15,250,28.02,,0,0,,70.3,67.1,,0.28,0.31,
GROV,2017-08-21 18:40:00 EDT,42.48951,-77.94946,2000,76.4,76.3,76.4,70.6,66.1,0.000,0.007,0.00,0.000,3.2,4.9,0.9,234,16,3.4,5.8,1.0,233,16,3.2,4.9,0.9,234,16,193,28.02,,0,0,,70.3,67.1,,0.28,0.31,
GROV,2017-08-21 18:45:00 EDT,42.48951,-77.94946,2000,76.0,76.1,76.0,71.6,66.1,0.000,0.007,0.00,0.000,2.7,4.0,0.5,248,15,2.9,4.7,0.7,248,16,2.7,4.0,0.5,248,15,78,28.02,,0,0,,70.3,67.1,,0.28,0.31,
GROV,2017-08-21 18:50:00 EDT,42.48951,-77.94946,2000,75.5,75.7,75.5,72.8,66.2,0.000,0.007,0.00,0.000,2.0,4.2,1.0,244,14,2.2,4.6,0.9,243,16,2.0,4.2,1.0,244,14,106,28.02,,0,0,,70.3,67.1,,0.28,0.31,
GROV,2017-08-21 18:55:00 EDT,42.48951,-77.94946,2000,75.3,75.6,75.3,73.4,66.2,0.000,0.007,0.00,0.000,1.8,2.6,0.3,227,12,1.8,2.6,0.4,226,12,1.8,2.6,0.3,227,12,127,28.02,,0,0,,70.3,67.1,,0.29,0.31,
GROV,2017-08-21 19:00:00 EDT,42.48951,-77.94946,2000,75.1,75.5,75.1,74.9,66.6,0.000,0.007,0.00,0.000,1.1,2.6,0.7,243,13,1.4,2.9,0.7,241,14,1.1,2.6,0.7,243,13,159,28.02,,0,0,,70.3,67.1,,0.28,0.31,
GROV,2017-08-21 19:05:00 EDT,42.48951,-77.94946,2000,75.6,75.6,75.6,73.1,66.4,0.000,0.007,0.00,0.000,0.6,2.8,0.6,267,22,1.1,3.0,0.6,262,25,0.6,2.8,0.6,267,22,171,28.02,,0,0,,70.3,67.1,,0.28,0.31,
GROV,2017-08-21 19:10:00 EDT,42.48951,-77.94946,2000,76.1,76.1,76.1,69.7,65.5,0.000,0.007,0.00,0.000,3.0,5.0,1.4,295,14,3.5,5.9,1.5,292,10,3.0,5.0,1.4,295,14,149,28.02,,0,0,,70.3,67.1,,0.29,0.31,
GROV,2017-08-21 19:15:00 EDT,42.48951,-77.94946,2000,75.9,76.0,75.9,69.7,65.3,0.000,0.007,0.00,0.000,3.6,5.0,0.6,293,12,4.1,6.4,0.8,292,13,3.6,5.0,0.6,293,12,122,28.02,,0,0,,70.3,67.1,,0.29,0.31,
GROV,2017-08-21 19:20:00 EDT,42.48951,-77.94946,2000,75.4,75.6,75.4,70.1,65.0,0.000,0.007,0.00,0.000,4.2,6.1,0.9,293,11,4.9,6.7,1.0,291,9,4.2,6.1,0.9,293,11,93,28.02,,0,0,,70.3,67.1,,0.29,0.31,
GROV,2017-08-21 19:25:00 EDT,42.48951,-77.94946,2000,74.7,75.2,74.7,72.1,65.2,0.000,0.007,0.00,0.000,3.2,4.2,0.8,287,8,3.7,4.8,0.8,287,6,3.2,4.2,0.8,287,8,81,28.02,,0,0,,70.3,67.1,,0.29,0.31,
GROV,2017-08-21 19:30:00 EDT,42.48951,-77.94946,2000,74.3,74.8,74.3,73.6,65.3,0.000,0.007,0.00,0.000,2.7,3.5,0.4,286,6,3.1,4.3,0.4,286,7,2.7,3.5,0.4,286,6,58,28.02,,0,0,,70.3,67.1,,0.28,0.31,
GROV,2017-08-21 19:35:00 EDT,42.48951,-77.94946,2000,73.9,74.3,73.9,74.5,65.3,0.000,0.007,0.00,0.000,2.5,3.2,0.3,291,8,2.8,3.7,0.4,292,8,2.5,3.2,0.3,291,8,29,28.02,,0,0,,70.3,67.1,,0.29,0.31,
GROV,2017-08-21 19:40:00 EDT,42.48951,-77.94946,2000,73.6,73.9,73.6,75.3,65.3,0.000,0.007,0.00,0.000,1.5,2.2,0.3,282,13,1.9,3.1,0.4,282,14,1.5,2.2,0.3,282,13,13,28.02,,0,0,,70.3,67.1,,0.29,0.31,
GROV,2017-08-21 19:45:00 EDT,42.48951,-77.94946,2000,72.3,73.6,72.3,79.4,65.6,0.000,0.007,0.00,0.000,1.2,2.6,0.5,257,19,1.6,3.2,0.6,253,19,1.2,2.6,0.5,257,19,9,28.02,,0,0,,70.3,67.1,,0.29,0.31,
GROV,2017-08-21 19:50:00 EDT,42.48951,-77.94946,2000,71.8,73.4,71.8,82.0,66.0,0.000,0.007,0.00,0.000,0.0,0.3,0.0,232,0,0.0,0.9,0.2,273,3,0.0,0.3,0.0,232,0,8,28.02,,0,0,,70.3,67.1,,0.28,0.31,
GROV,2017-08-21 19:55:00 EDT,42.48951,-77.94946,2000,71.6,72.8,71.6,83.0,66.2,0.000,0.007,0.00,0.000,0.0,0.0,0.0,0,0,0.3,1.1,0.4,326,21,0.0,0.0,0.0,0,0,8,28.02,,0,0,,70.3,67.1,,0.29,0.31,
GROV,2017-08-21 20:00:00 EDT,42.48951,-77.94946,2000,71.2,72.6,71.2,83.8,66.0,0.000,0.007,0.00,0.000,0.7,3.3,0.9,270,13,1.1,4.0,1.1,272,13,0.7,3.3,0.9,270,13,4,28.02,,0,0,,70.3,67.3,,0.29,0.31,
GROV,2017-08-21 20:05:00 EDT,42.48951,-77.94946,2000,71.4,72.8,71.4,84.0,66.3,0.000,0.007,0.00,0.000,1.8,3.7,0.8,272,18,2.2,4.4,0.9,272,17,1.8,3.7,0.8,272,18,2,28.02,,0,0,,70.3,67.2,,0.28,0.31,
GROV,2017-08-21 20:10:00 EDT,42.48951,-77.94946,2000,71.5,72.5,71.5,82.7,66.0,0.000,0.007,0.00,0.000,2.8,4.8,0.6,269,10,3.2,5.7,0.7,270,10,2.8,4.8,0.6,269,10,1,28.02,,0,0,,70.3,67.3,,0.28,0.31,
GROV,2017-08-21 20:15:00 EDT,42.48951,-77.94946,2000,70.9,72.4,70.9,81.2,64.9,0.000,0.007,0.00,0.000,3.9,5.6,0.8,275,11,4.4,6.4,0.9,275,9,3.9,5.6,0.8,275,11,1,28.02,,0,0,,70.1,67.4,,0.29,0.31,
GROV,2017-08-21 20:20:00 EDT,42.48951,-77.94946,2000,70.7,71.9,70.7,81.1,64.6,0.000,0.007,0.00,0.000,2.4,4.0,0.7,278,9,2.8,4.6,0.8,278,9,2.4,4.0,0.7,278,9,0,28.02,,0,0,,70.0,67.4,,0.29,0.31,
GROV,2017-08-21 20:25:00 EDT,42.48951,-77.94946,2000,71.1,72.0,71.1,80.5,64.8,0.000,0.007,0.00,0.000,1.0,2.6,0.6,269,10,1.4,2.9,0.6,266,17,1.0,2.6,0.6,269,10,0,28.02,,0,0,,70.0,67.3,,0.28,0.31,
GROV,2017-08-21 20:30:00 EDT,42.48951,-77.94946,2000,70.4,72.0,70.4,82.0,64.6,0.000,0.007,0.00,0.000,2.0,3.1,0.6,268,12,2.4,3.9,0.6,270,13,2.0,3.1,0.6,268,12,0,28.02,,0,0,,70.0,67.4,,0.28,0.31,
GROV,2017-08-21 20:35:00 EDT,42.48951,-77.94946,2000,70.0,72.1,70.0,83.3,64.7,0.000,0.007,0.00,0.000,1.5,2.7,0.7,257,18,1.9,3.3,0.7,255,18,1.5,2.7,0.7,257,18,0,28.02,,0,0,,70.0,67.4,,0.28,0.31,
GROV,2017-08-21 20:40:00 EDT,42.48951,-77.94946,2000,69.7,72.2,69.7,83.1,64.4,0.000,0.007,0.00,0.000,1.6,3.3,0.6,257,19,1.9,3.7,0.8,257,21,1.6,3.3,0.6,257,19,0,28.02,,0,0,,70.0,67.4,,0.28,0.31,
GROV,2017-08-21 20:45:00 EDT,42.48951,-77.94946,2000,68.9,72.3,68.9,83.9,63.8,0.000,0.007,0.00,0.000,1.3,2.4,0.4,245,19,1.6,3.1,0.5,243,21,1.3,2.4,0.4,245,19,0,28.02,,0,0,,70.0,67.5,,0.28,0.31,
GROV,2017-08-21 20:50:00 EDT,42.48951,-77.94946,2000,67.9,72.3,67.9,86.8,63.8,0.000,0.007,0.00,0.000,1.5,2.3,0.4,233,11,1.6,2.7,0.4,231,12,1.5,2.3,0.4,233,11,0,28.02,,0,0,,70.0,67.5,,0.28,0.31,
GROV,2017-08-21 20:55:00 EDT,42.48951,-77.94946,2000,68.1,72.8,68.1,87.4,64.2,0.000,0.007,0.00,0.000,2.5,3.7,0.5,230,9,2.6,4.1,0.6,228,8,2.5,3.7,0.5,230,9,0,28.02,,0,0,,70.0,67.5,,0.28,0.31,
GROV,2017-08-21 21:00:00 EDT,42.48951,-77.94946,2000,68.9,72.9,68.9,85.9,64.5,0.000,0.007,0.00,0.000,2.8,4.0,0.5,227,11,2.9,4.5,0.6,226,9,2.8,4.0,0.5,227,11,0,28.02,,0,0,,70.0,67.5,,0.28,0.31,
GROV,2017-08-21 21:05:00 EDT,42.48951,-77.94946,2000,68.4,72.5,68.4,87.5,64.6,0.000,0.007,0.00,0.000,2.6,3.6,0.4,227,11,2.6,4.2,0.6,225,10,2.6,3.6,0.4,227,11,0,28.02,,0,0,,70.0,67.5,,0.28,0.31,
GROV,2017-08-21 21:10:00 EDT,42.48951,-77.94946,2000,68.3,72.3,68.3,87.4,64.4,0.000,0.007,0.00,0.000,2.4,3.4,0.4,228,12,2.4,3.6,0.5,227,10,2.4,3.4,0.4,228,12,0,28.02,,0,0,,69.8,67.5,,0.28,0.31,
GROV,2017-08-21 21:15:00 EDT,42.48951,-77.94946,2000,68.8,72.6,68.8,86.4,64.5,0.000,0.007,0.00,0.000,2.6,3.5,0.4,228,12,2.6,3.9,0.5,228,10,2.6,3.5,0.4,228,12,0,28.02,,0,0,,69.7,67.5,,0.28,0.31,
GROV,2017-08-21 21:20:00 EDT,42.48951,-77.94946,2000,69.2,72.5,69.2,84.0,64.2,0.000,0.007,0.00,0.000,2.3,3.3,0.4,228,11,2.3,3.5,0.4,226,11,2.3,3.3,0.4,228,11,0,28.02,,0,0,,69.6,67.5,,0.28,0.31,
GROV,2017-08-21 21:25:00 EDT,42.48951,-77.94946,2000,67.7,72.6,67.7,86.0,63.4,0.000,0.007,0.00,0.000,2.9,3.7,0.4,216,9,3.0,4.5,0.5,217,8,2.9,3.7,0.4,216,9,0,28.02,,0,0,,69.6,67.5,,0.28,0.31,
GROV,2017-08-21 21:30:00 EDT,42.48951,-77.94946,2000,67.3,72.6,67.3,86.9,63.3,0.000,0.007,0.00,0.000,3.2,4.2,0.4,210,11,3.4,5.2,0.7,209,10,3.2,4.2,0.4,210,11,0,28.02,,0,0,,69.6,67.5,,0.28,0.31,
GROV,2017-08-21 21:35:00 EDT,42.48951,-77.94946,2000,67.3,72.4,67.3,88.6,63.8,0.000,0.007,0.00,0.000,3.4,4.9,0.7,217,12,3.6,5.2,0.7,215,12,3.4,4.9,0.7,217,12,0,28.02,,0,0,,69.6,67.5,,0.28,0.31,
GROV,2017-08-21 21:40:00 EDT,42.48951,-77.94946,2000,67.8,72.2,67.8,87.4,63.9,0.000,0.007,0.00,0.000,3.4,4.8,0.6,215,13,3.7,5.2,0.7,214,12,3.4,4.8,0.6,215,13,0,28.03,,0,0,,69.6,67.5,,0.28,0.31,
GROV,2017-08-21 21:45:00 EDT,42.48951,-77.94946,2000,67.4,71.8,67.4,87.4,63.6,0.000,0.007,0.00,0.000,3.2,4.5,0.6,201,23,3.4,5.5,0.7,198,21,3.2,4.5,0.6,201,23,0,28.03,,0,0,,69.6,67.5,,0.28,0.31,
GROV,2017-08-21 21:50:00 EDT,42.48951,-77.94946,2000,68.0,70.1,68.0,84.0,63.0,0.000,0.007,0.00,0.000,3.7,5.3,0.8,166,13,4.2,6.3,1.0,163,13,3.7,5.3,0.8,166,13,0,28.03,,0,0,,69.6,67.5,,0.28,0.31,
GROV,2017-08-21 21:55:00 EDT,42.48951,-77.94946,2000,67.8,69.9,67.8,85.7,63.3,0.000,0.007,0.00,0.000,3.7,5.3,0.8,167,12,4.2,5.9,0.8,164,10,3.7,5.3,0.8,167,12,0,28.02,,0,0,,69.6,67.5,,0.28,0.31,
GROV,2017-08-21 22:00:00 EDT,42.48951,-77.94946,2000,67.5,69.7,67.5,87.1,63.6,0.000,0.007,0.00,0.000,3.7,5.2,0.6,170,11,4.2,6.3,0.8,167,12,3.7,5.2,0.6,170,11,0,28.02,,0,0,,69.4,67.5,,0.28,0.31,
GROV,2017-08-21 22:05:00 EDT,42.48951,-77.94946,2000,68.0,69.9,68.0,88.1,64.3,0.000,0.007,0.00,0.000,3.4,5.4,0.8,184,13,3.8,6.0,1.0,182,12,3.4,5.4,0.8,184,13,0,28.02,,0,0,,69.3,67.5,,0.28,0.31,
GROV,2017-08-21 22:10:00 EDT,42.48951,-77.94946,2000,68.0,70.2,68.0,87.8,64.3,0.000,0.007,0.00,0.000,3.5,5.3,0.8,181,14,4.0,6.3,1.1,179,13,3.5,5.3,0.8,181,14,0,28.02,,0,0,,69.3,67.5,,0.28,0.31,
GROV,2017-08-21 22:15:00 EDT,42.48951,-77.94946,2000,67.7,70.1,67.7,87.9,64.0,0.000,0.007,0.00,0.000,2.8,4.2,0.6,191,16,3.3,5.3,0.8,190,15,2.8,4.2,0.6,191,16,0,28.02,,0,0,,69.3,67.5,,0.28,0.31,
GROV,2017-08-21 22:20:00 EDT,42.48951,-77.94946,2000,67.6,70.7,67.6,89.2,64.3,0.000,0.007,0.00,0.000,3.6,5.8,0.9,206,14,3.9,6.6,1.1,205,11,3.6,5.8,0.9,206,14,0,28.02,,0,0,,69.3,67.5,,0.28,0.31,
GROV,2017-08-21 22:25:00 EDT,42.48951,-77.94946,2000,68.9,71.0,68.9,86.2,64.6,0.000,0.007,0.00,0.000,3.0,4.7,0.9,198,17,3.6,5.8,1.0,197,13,3.0,4.7,0.9,198,17,0,28.02,,0,0,,69.3,67.5,,0.28,0.31,
GROV,2017-08-21 22:30:00 EDT,42.48951,-77.94946,2000,68.4,70.8,68.4,85.0,63.7,0.000,0.007,0.00,0.000,3.0,5.3,0.9,198,16,3.4,5.6,1.0,196,14,3.0,5.3,0.9,198,16,0,28.02,,0,0,,69.3,67.5,,0.28,0.31,
GROV,2017-08-21 22:35:00 EDT,42.48951,-77.94946,2000,68.7,71.0,68.7,84.7,63.9,0.000,0.007,0.00,0.000,3.3,6.7,1.2,198,21,3.7,7.2,1.3,197,19,3.3,6.7,1.2,198,21,0,28.02,,0,0,,69.3,67.5,,0.28,0.31,
GROV,2017-08-21 22:40:00 EDT,42.48951,-77.94946,2000,68.5,70.6,68.5,84.3,63.5,0.000,0.007,0.00,0.000,3.3,5.3,0.8,205,19,3.7,6.6,1.1,203,16,3.3,5.3,0.8,205,19,0,28.02,,0,0,,69.3,67.5,,0.28,0.31,
GROV,2017-08-21 22:45:00 EDT,42.48951,-77.94946,2000,69.1,70.1,69.1,84.0,64.0,0.000,0.007,0.00,0.000,3.6,5.8,0.9,206,21,3.9,6.8,1.2,202,20,3.6,5.8,0.9,206,21,0,28.01,,0,0,,69.3,67.5,,0.28,0.31,
GROV,2017-08-21 22:50:00 EDT,42.48951,-77.94946,2000,68.3,69.5,68.3,83.6,63.1,0.000,0.007,0.00,0.000,2.6,5.8,1.1,192,24,3.1,7.8,1.4,190,22,2.6,5.8,1.1,192,24,0,28.01,,0,0,,69.3,67.5,,0.28,0.31,
GROV,2017-08-21 22:55:00 EDT,42.48951,-77.94946,2000,67.8,69.2,67.8,86.3,63.5,0.000,0.007,0.00,0.000,3.4,5.8,1.1,183,20,4.0,8.1,1.4,181,16,3.4,5.8,1.1,183,20,0,28.01,,0,0,,69.1,67.5,,0.28,0.31,
GROV,2017-08-21 23:00:00 EDT,42.48951,-77.94946,2000,67.5,68.9,67.5,87.7,63.7,0.000,0.007,0.00,0.000,3.6,6.8,1.3,187,18,4.4,9.0,1.6,188,17,3.6,6.8,1.3,187,18,0,28.01,,0,0,,69.0,67.5,,0.28,0.31,
GROV,2017-08-21 23:05:00 EDT,42.48951,-77.94946,2000,67.9,68.7,67.9,88.2,64.3,0.000,0.007,0.00,0.000,3.8,6.6,1.2,197,25,4.4,9.9,1.6,195,22,3.8,6.6,1.2,197,25,0,28.01,,0,0,,68.9,67.5,,0.28,0.31,
GROV,2017-08-21 23:10:00 EDT,42.48951,-77.94946,2000,67.8,68.5,67.8,88.0,64.1,0.000,0.007,0.00,0.000,3.6,6.4,1.1,192,22,4.2,8.1,1.4,189,19,3.6,6.4,1.1,192,22,0,28.00,,0,0,,68.9,67.5,,0.28,0.31,
GROV,2017-08-21 23:15:00 EDT,42.48951,-77.94946,2000,67.8,68.7,67.8,88.4,64.2,0.000,0.007,0.00,0.000,4.1,7.2,1.2,180,16,4.8,8.6,1.5,179,16,4.1,7.2,1.2,180,16,0,28.00,,0,0,,68.9,67.6,,0.28,0.31,
GROV,2017-08-21 23:20:00 EDT,42.48951,-77.94946,2000,67.6,68.7,67.6,88.3,64.0,0.000,0.007,0.00,0.000,4.2,7.0,1.3,182,22,4.7,8.8,1.6,182,20,4.2,7.0,1.3,182,22,0,28.00,,0,0,,68.9,67.5,,0.28,0.31,
GROV,2017-08-21 23:25:00 EDT,42.48951,-77.94946,2000,67.2,68.4,67.2,89.0,63.8,0.000,0.007,0.00,0.000,3.0,6.3,1.0,186,22,3.4,7.6,1.3,182,19,3.0,6.3,1.0,186,22,0,28.00,,0,0,,68.9,67.5,,0.28,0.31,
GROV,2017-08-21 23:30:00 EDT,42.48951,-77.94946,2000,67.0,68.3,67.0,89.4,63.8,0.000,0.007,0.00,0.000,3.5,8.0,1.4,184,21,4.0,9.6,1.7,180,18,3.5,8.0,1.4,184,21,0,28.00,,0,0,,68.9,67.5,,0.28,0.31,
GROV,2017-08-21 23:35:00 EDT,42.48951,-77.94946,2000,66.8,68.3,66.8,89.5,63.6,0.000,0.007,0.00,0.000,3.2,6.1,1.1,195,20,3.7,7.5,1.3,191,20,3.2,6.1,1.1,195,20,0,28.00,,0,0,,68.9,67.6,,0.28,0.31,
GROV,2017-08-21 23:40:00 EDT,42.48951,-77.94946,2000,66.9,68.2,66.9,89.6,63.7,0.000,0.007,0.00,0.000,3.2,6.6,1.4,196,25,3.8,7.6,1.6,193,20,3.2,6.6,1.4,196,25,0,28.00,,0,0,,68.9,67.6,,0.28,0.31,
GROV,2017-08-21 23:45:00 EDT,42.48951,-77.94946,2000,67.0,68.3,67.0,88.9,63.7,0.000,0.007,0.00,0.000,3.4,7.6,1.3,194,24,4.0,9.8,1.6,192,19,3.4,7.6,1.3,194,24,0,28.00,,0,0,,68.9,67.6,,0.28,0.31,
GROV,2017-08-21 23:50:00 EDT,42.48951,-77.94946,2000,67.3,68.2,67.3,88.0,63.6,0.000,0.007,0.00,0.000,4.2,9.1,1.7,194,22,4.9,11.6,1.9,192,18,4.2,9.1,1.7,194,22,0,28.00,,0,0,,68.8,67.6,,0.28,0.31,
GROV,2017-08-21 23:55:00 EDT,42.48951,-77.94946,2000,67.3,68.1,67.3,87.2,63.3,0.000,0.007,0.00,0.000,4.3,9.1,2.1,194,22,5.3,11.3,2.3,191,17,4.3,9.1,2.1,194,22,0,28.00,,0,0,,68.7,67.6,,0.28,0.31,
HAMM,2017-08-21 00:00:00 EDT,44.51302,-75.61729,367,66.3,66.7,66.3,89.3,63.0,0.000,0.000,0.00,0.000,3.8,5.8,1.1,211,14,4.0,7.2,1.2,211,13,3.8,5.8,1.1,211,14,0,29.69,,0,0,0,69.6,68.5,67.0,0.40,0.39,0.43
HAMM,2017-08-21 00:05:00 EDT,44.51302,-75.61729,367,66.2,66.6,66.2,89.4,63.0,0.000,0.000,0.00,0.000,3.3,8.3,1.1,205,18,3.7,8.3,1.2,205,17,3.3,8.3,1.1,205,18,0,29.69,,0,0,0,69.6,68.5,67.0,0.39,0.39,0.43
HAMM,2017-08-21 00:10:00 EDT,44.51302,-75.61729,367,66.1,66.5,66.1,89.4,62.9,0.000,0.000,0.00,0.000,3.3,5.4,0.7,212,14,3.6,6.4,0.9,213,13,3.3,5.4,0.7,212,14,0,29.69,,0,0,0,69.6,68.5,67.1,0.39,0.39,0.43
HAMM,2017-08-21 00:15:00 EDT,44.51302,-75.61729,367,65.8,66.3,65.8,89.6,62.7,0.000,0.000,0.00,0.000,3.6,5.3,0.8,212,14,3.8,6.0,0.9,213,13,3.6,5.3,0.8,212,14,0,29.69,,0,0,0,69.6,68.5,67.1,0.39,0.39,0.43
HAMM,2017-08-21 00:20:00 EDT,44.51302,-75.61729,367,65.7,66.2,65.7,90.1,62.7,0.000,0.000,0.00,0.000,2.7,4.6,1.0,215,15,2.7,4.9,1.1,217,15,2.7,4.6,1.0,215,15,0,29.69,,0,0,0,69.6,68.5,67.1,0.39,0.39,0.43
HAMM,2017-08-21 00:25:00 EDT,44.51302,-75.61729,367,65.6,66.1,65.6,90.6,62.8,0.000,0.000,0.00,0.000,2.9,4.2,0.7,218,10,2.9,4.8,0.8,220,10,2.9,4.2,0.7,218,10,0,29.69,,0,0,0,69.6,68.5,67.1,0.39,0.39,0.43
HAMM,2017-08-21 00:30:00 EDT,44.51302,-75.61729,367,65.4,66.1,65.4,90.8,62.7,0.000,0.000,0.00,0.000,3.1,4.3,0.5,217,10,3.2,4.9,0.7,219,9,3.1,4.3,0.5,217,10,0,29.70,,0,0,0,69.6,68.5,67.1,0.39,0.39,0.43
HAMM,2017-08-21 00:35:00 EDT,44.51302,-75.61729,367,65.4,66.1,65.4,91.1,62.7,0.000,0.000,0.00,0.000,3.0,5.1,0.8,217,11,3.0,4.8,0.8,218,11,3.0,5.1,0.8,217,11,0,29.70,,0,0,0,69.6,68.5,67.1,0.39,0.39,0.43
HAMM,2017-08-21 00:40:00 EDT,44.51302,-75.61729,367,65.2,66.0,65.2,91.1,62.5,0.000,0.000,0.00,0.000,3.2,5.3,0.7,216,11,3.3,6.0,0.9,220,9,3.2,5.3,0.7,216,11,0,29.70,,0,0,0,69.6,68.5,67.1,0.39,0.39,0.43
HAMM,2017-08-21 00:45:00 EDT,44.51302,-75.61729,367,65.2,65.9,65.2,91.3,62.6,0.000,0.000,0.00,0.000,3.0,4.7,0.7,212,13,3.1,5.3,0.8,215,12,3.0,4.7,0.7,212,13,0,29.70,,0,0,0,69.6,68.5,67.1,0.39,0.39,0.43
HAMM,2017-08-21 00:50:00 EDT,44.51302,-75.61729,367,65.1,65.8,65.1,91.5,62.5,0.000,0.000,0.00,0.000,3.0,5.0,0.8,213,12,3.0,5.3,0.9,214,12,3.0,5.0,0.8,213,12,0,29.70,,0,0,0,69.6,68.5,67.1,0.39,0.39,0.43
HAMM,2017-08-21 00:55:00 EDT,44.51302,-75.61729,367,65.0,65.7,65.0,91.7,62.5,0.000,0.000,0.00,0.000,2.9,5.0,0.7,213,11,2.9,5.2,0.8,215,13,2.9,5.0,0.7,213,11,0,29.70,,0,0,0,69.6,68.5,67.1,0.39,0.39,0.43
HAMM,2017-08-21 01:00:00 EDT,44.51302,-75.61729,367,65.0,65.6,65.0,91.7,62.6,0.000,0.000,0.00,0.000,2.6,3.9,0.5,215,12,2.7,4.3,0.7,218,10,2.6,3.9,0.5,215,12,0,29.70,,0,0,0,69.6,68.5,67.1,0.40,0.39,0.43
HAMM,2017-08-21 01:05:00 EDT,44.51302,-75.61729,367,65.0,65.7,65.0,91.8,62.6,0.000,0.000,0.00,0.000,2.9,4.7,0.6,219,12,3.0,4.9,0.8,221,10,2.9,4.7,0.6,219,12,0,29.70,,0,0,0,69.6,68.5,67.1,0.39,0.39,0.43
HAMM,2017-08-21 01:10:00 EDT,44.51302,-75.61729,367,64.9,65.7,64.9,91.7,62.4,0.000,0.000,0.00,0.000,2.4,4.2,0.7,227,11,2.4,4.4,0.8,227,12,2.4,4.2,0.7,227,11,0,29.70,,0,0,0,69.5,68.5,67.1,0.39,0.39,0.43
HAMM,2017-08-21 01:15:00 EDT,44.51302,-75.61729,367,64.4,65.7,64.4,91.9,62.0,0.000,0.000,0.00,0.000,1.9,3.5,0.7,229,18,2.1,4.2,0.7,230,20,1.9,3.5,0.7,229,18,0,29.70,,0,0,0,69.4,68.5,67.1,0.39,0.39,0.43
HAMM,2017-08-21 01:20:00 EDT,44.51302,-75.61729,367,64.9,65.7,64.9,92.7,62.7,0.000,0.000,0.00,0.000,2.6,4.4,0.9,220,13,2.7,4.7,1.0,222,13,2.6,4.4,0.9,220,13,0,29.70,,0,0,0,69.3,68.5,67.1,0.39,0.39,0.43
HAMM,2017-08-21 01:25:00 EDT,44.51302,-75.61729,367,65.0,65.8,65.0,92.1,62.6,0.000,0.000,0.00,0.000,2.8,4.6,0.8,218,14,2.9,5.1,0.8,218,12,2.8,4.6,0.8,218,14,0,29.70,,0,0,0,69.3,68.5,67.1,0.39,0.39,0.43
HAMM,2017-08-21 01:30:00 EDT,44.51302,-75.61729,367,64.9,65.7,64.9,92.0,62.5,0.000,0.000,0.00,0.000,2.5,5.1,0.9,230,12,2.5,5.2,0.9,232,12,2.5,5.1,0.9,230,12,0,29.70,,0,0,0,69.3,68.5,67.1,0.39,0.39,0.43
HAMM,2017-08-21 01:35:00 EDT,44.51302,-75.61729,367,64.2,65.7,64.2,91.8,61.8,0.000,0.000,0.00,0.000,2.4,3.7,0.7,243,11,2.4,4.0,0.6,245,12,2.4,3.7,0.7,243,11,0,29.70,,0,0,0,69.3,68.5,67.1,0.39,0.39,0.43
HAMM,2017-08-21 01:40:00 EDT,44.51302,-75.61729,367,64.6,65.8,64.6,93.0,62.5,0.000,0.000,0.00,0.000,2.5,3.9,0.5,233,9,2.5,3.5,0.4,234,9,2.5,3.9,0.5,233,9,0,29.70,,0,0,0,69.3,68.5,67.1,0.39,0.39,0.43
HAMM,2017-08-21 01:45:00 EDT,44.51302,-75.61729,367,64.7,65.7,64.7,92.6,62.5,0.000,0.000,0.00,0.000,2.4,4.0,0.6,224,10,2.4,4.7,0.6,226,9,2.4,4.0,0.6,224,10,0,29.70,,0,0,0,69.3,68.5,67.1,0.39,0.39,0.43
HAMM,2017-08-21 01:50:00 EDT,44.51302,-75.61729,367,64.5,65.7,64.5,92.7,62.4,0.000,0.000,0.00,0.000,2.4,3.7,0.5,229,11,2.5,3.7,0.5,229,11,2.4,3.7,0.5,229,11,0,29.70,,0,0,0,69.3,68.5,67.1,0.39,0.39,0.43
HAMM,2017-08-21 01:55:00 EDT,44.51302,-75.61729,367,64.6,65.7,64.6,92.7,62.5,0.000,0.000,0.00,0.000,3.1,4.9,0.6,230,9,3.1,5.1,0.7,230,7,3.1,4.9,0.6,230,9,0,29.70,,0,0,0,69.3,68.5,67.1,0.39,0.39,0.43
HAMM,2017-08-21 02:00:00 EDT,44.51302,-75.61729,367,64.6,65.7,64.6,92.3,62.4,0.000,0.000,0.00,0.000,2.9,4.3,0.6,225,11,3.0,4.8,0.7,226,10,2.9,4.3,0.6,225,11,0,29.70,,0,0,0,69.3,68.5,67.1,0.39,0.39,0.43
HAMM,2017-08-21 02:05:00 EDT,44.51302,-75.61729,367,64.7,65.5,64.7,92.3,62.4,0.000,0.000,0.00,0.000,2.8,4.3,0.6,213,10,2.8,4.6,0.7,215,10,2.8,4.3,0.6,213,10,0,29.70,,0,0,0,69.3,68.5,67.1,0.39,0.39,0.43
HAMM,2017-08-21 02:10:00 EDT,44.51302,-75.61729,367,64.7,65.3,64.7,92.4,62.4,0.000,0.000,0.00,0.000,2.7,3.9,0.5,209,12,2.8,4.5,0.6,211,10,2.7,3.9,0.5,209,12,0,29.70,,0,0,0,69.3,68.5,67.1,0.39,0.39,0.43
HAMM,2017-08-21 02:15:00 EDT,44.51302,-75.61729,367,64.6,65.3,64.6,92.5,62.4,0.000,0.000,0.00,0.000,3.1,4.3,0.6,205,10,3.4,5.5,0.7,206,10,3.1,4.3,0.6,205,10,0,29.70,,0,0,0,69.3,68.5,67.1,0.39,0.39,0.43
HAMM,2017-08-21 02:20:00 EDT,44.51302,-75.61729,367,64.6,65.3,64.6,92.5,62.4,0.000,0.000,0.00,0.000,2.7,4.2,0.7,206,12,2.9,4.7,0.8,208,12,2.7,4.2,0.7,206,12,0,29.70,,0,0,0,69.3,68.5,67.1,0.39,0.39,0.43
HAMM,2017-08-21 02:25:00 EDT,44.51302,-75.61729,367,64.5,65.3,64.5,92.7,62.4,0.000,0.000,0.00,0.000,2.3,3.4,0.5,212,9,2.3,3.5,0.5,214,8,2.3,3.4,0.5,212,9,0,29.70,,0,0,0,69.3,68.5,67.1,0.39,0.39,0.43
HAMM,2017-08-21 02:30:00 EDT,44.51302,-75.61729,367,64.0,65.4,64.0,92.6,61.8,0.000,0.000,0.00,0.000,2.5,4.1,0.7,212,10,2.6,4.7,0.8,215,10,2.5,4.1,0.7,212,10,0,29.70,,0,0,0,69.2,68.5,67.1,0.39,0.39,0.43
HAMM,2017-08-21 02:35:00 EDT,44.51302,-75.61729,367,63.7,65.7,63.7,93.1,61.6,0.000,0.000,0.00,0.000,2.5,3.9,0.5,222,12,2.4,4.5,0.6,223,12,2.5,3.9,0.5,222,12,0,29.70,,0,0,0,69.2,68.5,67.1,0.39,0.39,0.43
HAMM,2017-08-21 02:40:00 EDT,44.51302,-75.61729,367,63.9,65.6,63.9,93.9,62.1,0.000,0.000,0.00,0.000,2.6,3.7,0.5,217,13,2.8,4.6,0.6,219,11,2.6,3.7,0.5,217,13,0,29.70,,0,0,0,69.0,68.5,67.1,0.39,0.39,0.43
HAMM,2017-08-21 02:45:00 EDT,44.51302,-75.61729,367,64.2,65.4,64.2,94.4,62.6,0.000,0.000,0.00,0.000,2.7,3.6,0.4,216,8,2.7,3.8,0.5,220,8,2.7,3.6,0.4,216,8,0,29.70,,0,0,0,68.9,68.5,67.1,0.39,0.39,0.43
HAMM,2017-08-21 02:50:00 EDT,44.51302,-75.61729,367,64.0,65.4,64.0,93.5,62.1,0.000,0.000,0.00,0.000,2.5,4.1,0.5,221,10,2.5,4.2,0.6,223,10,2.5,4.1,0.5,221,10,0,29.70,,0,0,0,68.9,68.5,67.1,0.39,0.39,0.43
HAMM,2017-08-21 02:55:00 EDT,44.51302,-75.61729,367,63.8,65.5,63.8,93.5,61.9,0.000,0.000,0.00,0.000,2.7,4.0,0.6,224,11,2.6,3.9,0.6,224,8,2.7,4.0,0.6,224,11,0,29.70,,0,0,0,68.9,68.5,67.1,0.39,0.39,0.43
HAMM,2017-08-21 03:00:00 EDT,44.51302,-75.61729,367,64.0,65.4,64.0,94.0,62.2,0.000,0.000,0.00,0.000,2.9,4.6,0.6,221,9,2.9,4.8,0.7,222,9,2.9,4.6,0.6,221,9,0,29.70,,0,0,0,68.9,68.5,67.1,0.39,0.39,0.43
HAMM,2017-08-21 03:05:00 EDT,44.51302,-75.61729,367,64.1,65.3,64.1,94.0,62.4,0.000,0.000,0.00,0.000,3.1,4.5,0.5,221,9,3.1,4.7,0.7,223,9,3.1,4.5,0.5,221,9,0,29.70,,0,0,0,68.9,68.5,67.1,0.39,0.39,0.43
HAMM,2017-08-21 03:10:00 EDT,44.51302,-75.61729,367,63.9,65.3,63.9,93.5,62.0,0.000,0.000,0.00,0.000,2.4,3.6,0.5,220,13,2.5,4.0,0.6,222,12,2.4,3.6,0.5,220,13,0,29.70,,0,0,0,68.9,68.5,67.1,0.39,0.39,0.43
HAMM,2017-08-21 03:15:00 EDT,44.51302,-75.61729,367,64.2,65.4,64.2,93.5,62.3,0.000,0.000,0.00,0.000,2.9,4.6,0.8,211,8,3.0,5.4,0.9,213,10,2.9,4.6,0.8,211,8,0,29.70,,0,0,0,68.9,68.5,67.1,0.39,0.39,0.43
HAMM,2017-08-21 03:20:00 EDT,44.51302,-75.61729,367,64.7,65.6,64.7,92.8,62.5,0.000,0.000,0.00,0.000,2.9,4.2,0.5,211,9,3.1,4.7,0.7,213,10,2.9,4.2,0.5,211,9,0,29.70,,0,0,0,68.9,68.5,67.1,0.39,0.39,0.43
HAMM,2017-08-21 03:25:00 EDT,44.51302,-75.61729,367,64.7,65.8,64.7,91.9,62.3,0.000,0.000,0.00,0.000,3.5,4.9,0.5,215,10,3.7,5.4,0.7,217,10,3.5,4.9,0.5,215,10,0,29.70,,0,0,0,68.9,68.5,67.1,0.39,0.39,0.43
HAMM,2017-08-21 03:30:00 EDT,44.51302,-75.61729,367,64.7,65.7,64.7,91.3,62.1,0.000,0.000,0.00,0.000,3.5,5.2,0.6,216,9,3.6,5.6,0.8,218,9,3.5,5.2,0.6,216,9,0,29.70,,0,0,0,68.9,68.5,67.1,0.39,0.39,0.43
HAMM,2017-08-21 03:35:00 EDT,44.51302,-75.61729,367,64.8,65.7,64.8,91.0,62.1,0.000,0.000,0.00,0.000,3.7,5.3,0.6,213,10,3.9,5.8,0.9,214,11,3.7,5.3,0.6,213,10,0,29.70,,0,0,0,68.9,68.5,67.1,0.39,0.39,0.43
HAMM,2017-08-21 03:40:00 EDT,44.51302,-75.61729,367,64.9,65.6,64.9,90.2,61.9,0.000,0.000,0.00,0.000,3.3,6.2,1.0,209,15,3.7,7.0,1.2,212,14,3.3,6.2,1.0,209,15,0,29.70,,0,0,0,68.8,68.5,67.1,0.39,0.39,0.43
HAMM,2017-08-21 03:45:00 EDT,44.51302,-75.61729,367,64.9,65.5,64.9,90.0,61.9,0.000,0.000,0.00,0.000,3.7,6.0,1.0,210,11,3.9,6.7,1.1,212,11,3.7,6.0,1.0,210,11,0,29.70,,0,0,0,68.7,68.5,67.1,0.39,0.39,0.43
HAMM,2017-08-21 03:50:00 EDT,44.51302,-75.61729,367,64.7,65.5,64.7,90.0,61.7,0.000,0.000,0.00,0.000,3.6,6.1,0.8,215,12,3.8,6.7,1.0,217,11,3.6,6.1,0.8,215,12,0,29.70,,0,0,0,68.6,68.5,67.1,0.39,0.39,0.42
HAMM,2017-08-21 03:55:00 EDT,44.51302,-75.61729,367,64.5,65.3,64.5,90.2,61.6,0.000,0.000,0.00,0.000,2.9,3.9,0.5,212,10,2.9,4.5,0.6,215,10,2.9,3.9,0.5,212,10,0,29.70,,0,0,0,68.5,68.5,67.1,0.39,0.39,0.43
HAMM,2017-08-21 04:00:00 EDT,44.51302,-75.61729,367,64.4,65.4,64.4,90.7,61.6,0.000,0.000,0.00,0.000,2.7,5.0,0.8,220,13,2.9,5.1,0.9,221,10,2.7,5.0,0.8,220,13,0,29.70,,0,0,0,68.5,68.5,67.1,0.39,0.39,0.43
HAMM,2017-08-21 04:05:00 EDT,44.51302,-75.61729,367,64.2,65.5,64.2,91.0,61.5,0.000,0.000,0.00,0.000,2.7,5.4,0.9,214,13,2.8,5.4,1.0,218,13,2.7,5.4,0.9,214,13,0,29.70,,0,0,0,68.5,68.5,67.1,0.39,0.39,0.43
HAMM,2017-08-21 04:10:00 EDT,44.51302,-75.61729,367,64.0,65.4,64.0,91.4,61.4,0.000,0.000,0.00,0.000,2.8,4.3,0.7,216,10,2.9,5.4,0.8,219,10,2.8,4.3,0.7,216,10,0,29.70,,0,0,0,68.5,68.5,67.1,0.39,0.39,0.43
HAMM,2017-08-21 04:15:00 EDT,44.51302,-75.61729,367,64.2,65.5,64.2,91.9,61.8,0.000,0.000,0.00,0.000,2.9,5.3,0.9,218,14,2.9,6.0,1.0,221,12,2.9,5.3,0.9,218,14,0,29.70,,0,0,0,68.5,68.5,67.1,0.39,0.39,0.43
HAMM,2017-08-21 04:20:00 EDT,44.51302,-75.61729,367,64.5,65.5,64.5,91.2,61.9,0.000,0.000,0.00,0.000,3.2,6.0,1.1,215,10,3.5,6.5,1.2,217,10,3.2,6.0,1.1,215,10,0,29.70,,0,0,0,68.5,68.5,67.1,0.39,0.39,0.43
HAMM,2017-08-21 04:25:00 EDT,44.51302,-75.61729,367,64.4,65.4,64.4,90.7,61.6,0.000,0.000,0.00,0.000,3.7,5.8,0.8,217,12,3.9,6.6,1.0,220,9,3.7,5.8,0.8,217,12,0,29.70,,0,0,0,68.5,68.5,67.1,0.39,0.39,0.42
HAMM,2017-08-21 04:30:00 EDT,44.51302,-75.61729,367,64.5,65.4,64.5,90.2,61.6,0.000,0.000,0.00,0.000,3.9,6.1,0.8,221,14,4.0,6.6,1.0,221,13,3.9,6.1,0.8,221,14,0,29.70,,0,0,0,68.5,68.5,67.1,0.39,0.39,0.43
HAMM,2017-08-21 04:35:00 EDT,44.51302,-75.61729,367,64.5,65.4,64.5,90.1,61.5,0.000,0.000,0.00,0.000,4.5,7.2,1.0,219,10,4.7,8.5,1.3,221,8,4.5,7.2,1.0,219,10,0,29.71,,0,0,0,68.5,68.5,67.1,0.39,0.39,0.42
HAMM,2017-08-21 04:40:00 EDT,44.51302,-75.61729,367,64.5,65.3,64.5,90.0,61.5,0.000,0.000,0.00,0.000,4.5,8.3,1.2,214,10,4.8,8.2,1.2,215,10,4.5,8.3,1.2,214,10,0,29.71,,0,0,0,68.5,68.5,67.1,0.39,0.39,0.43
HAMM,2017-08-21 04:45:00 EDT,44.51302,-75.61729,367,64.6,65.2,64.6,90.2,61.7,0.000,0.000,0.00,0.000,4.5,7.4,1.0,214,13,4.8,7.9,1.0,216,11,4.5,7.4,1.0,214,13,0,29.71,,0,0,0,68.5,68.5,67.1,0.39,0.39,0.42
HAMM,2017-08-21 04:50:00 EDT,44.51302,-75.61729,367,64.7,65.4,64.7,90.2,61.8,0.000,0.000,0.00,0.000,5.0,8.6,1.3,213,12,5.5,9.5,1.3,215,11,5.0,8.6,1.3,213,12,0,29.71,,0,0,0,68.5,68.5,67.1,0.39,0.39,0.43
HAMM,2017-08-21 04:55:00 EDT,44.51302,-75.61729,367,64.8,65.3,64.8,90.0,61.8,0.000,0.000,0.00,0.000,4.5,6.4,0.8,215,13,5.0,7.5,1.1,216,13,4.5,6.4,0.8,215,13,0,29.71,,0,0,0,68.5,68.5,67.1,0.39,0.39,0.42
HAMM,2017-08-21 05:00:00 EDT,44.51302,-75.61729,367,64.9,65.4,64.9,90.0,62.0,0.000,0.000,0.00,0.000,5.1,7.6,1.3,208,15,5.4,7.8,1.2,209,15,5.1,7.6,1.3,208,15,0,29.71,,0,0,0,68.5,68.5,67.1,0.39,0.39,0.42
HAMM,2017-08-21 05:05:00 EDT,44.51302,-75.61729,367,65.1,65.5,65.1,89.7,62.0,0.000,0.000,0.00,0.000,5.3,9.8,1.5,204,15,5.7,10.5,1.8,204,13,5.3,9.8,1.5,204,15,0,29.71,,0,0,0,68.5,68.5,67.1,0.39,0.39,0.42
HAMM,2017-08-21 05:10:00 EDT,44.51302,-75.61729,367,65.1,65.5,65.1,89.4,61.9,0.000,0.000,0.00,0.000,3.7,6.9,1.2,206,16,4.0,8.0,1.3,207,15,3.7,6.9,1.2,206,16,0,29.71,,0,0,0,68.5,68.5,67.1,0.39,0.39,0.42
HAMM,2017-08-21 05:15:00 EDT,44.51302,-75.61729,367,64.9,65.4,64.9,89.8,61.8,0.000,0.000,0.00,0.000,3.8,6.3,1.1,212,16,4.0,7.9,1.3,213,15,3.8,6.3,1.1,212,16,0,29.71,,0,0,0,68.5,68.5,67.1,0.39,0.39,0.42
HAMM,2017-08-21 05:20:00 EDT,44.51302,-75.61729,367,64.8,65.4,64.8,89.9,61.7,0.000,0.000,0.00,0.000,3.8,5.9,0.8,214,13,4.2,5.9,1.0,215,11,3.8,5.9,0.8,214,13,0,29.71,,0,0,0,68.5,68.5,67.1,0.39,0.39,0.42
HAMM,2017-08-21 05:25:00 EDT,44.51302,-75.61729,367,64.8,65.3,64.8,90.2,61.8,0.000,0.000,0.00,0.000,4.1,7.1,1.0,215,13,4.2,8.0,1.2,216,12,4.1,7.1,1.0,215,13,0,29.71,,0,0,0,68.4,68.5,67.1,0.39,0.39,0.42
HAMM,2017-08-21 05:30:00 EDT,44.51302,-75.61729,367,64.7,65.3,64.7,90.3,61.8,0.000,0.000,0.00,0.000,3.9,5.8,0.8,218,13,4.1,6.4,1.0,219,12,3.9,5.8,0.8,218,13,0,29.71,,0,0,0,68.3,68.5,67.1,0.39,0.39,0.42
HAMM,2017-08-21 05:35:00 EDT,44.51302,-75.61729,367,64.8,65.4,64.8,90.3,61.9,0.000,0.000,0.00,0.000,4.3,7.1,1.1,216,14,4.6,7.9,1.1,217,12,4.3,7.1,1.1,216,14,0,29.71,,0,0,0,68.2,68.5,67.1,0.39,0.39,0.42
HAMM,2017-08-21 05:40:00 EDT,44.51302,-75.61729,367,65.0,65.3,65.0,89.9,61.9,0.000,0.000,0.00,0.000,3.7,6.6,1.1,212,15,3.8,6.4,1.1,213,15,3.7,6.6,1.1,212,15,0,29.71,,0,0,0,68.2,68.5,67.1,0.39,0.39,0.42
HAMM,2017-08-21 05:45:00 EDT,44.51302,-75.61729,367,64.8,65.3,64.8,90.1,61.8,0.000,0.000,0.00,0.000,3.8,6.1,1.0,214,12,4.0,6.8,1.0,217,11,3.8,6.1,1.0,214,12,0,29.71,,0,0,0,68.2,68.5,67.1,0.39,0.39,0.42
HAMM,2017-08-21 05:50:00 EDT,44.51302,-75.61729,367,64.8,65.3,64.8,90.4,61.9,0.000,0.000,0.00,0.000,3.8,6.4,0.9,218,12,4.0,6.3,1.1,221,12,3.8,6.4,0.9,218,12,0,29.71,,0,0,0,68.2,68.5,67.1,0.39,0.39,0.42
HAMM,2017-08-21 05:55:00 EDT,44.51302,-75.61729,367,64.9,65.4,64.9,90.5,62.0,0.000,0.000,0.00,0.000,4.1,6.1,0.9,223,13,4.3,6.7,1.0,225,10,4.1,6.1,0.9,223,13,0,29.71,,0,0,0,68.2,68.4,67.1,0.39,0.39,0.42
HAMM,2017-08-21 06:00:00 EDT,44.51302,-75.61729,367,64.7,65.2,64.7,90.3,61.8,0.000,0.000,0.00,0.000,3.0,4.7,0.6,219,12,3.0,5.0,0.8,222,13,3.0,4.7,0.6,219,12,0,29.71,,0,0,0,68.2,68.3,67.1,0.39,0.39,0.42
HAMM,2017-08-21 06:05:00 EDT,44.51302,-75.61729,367,64.7,65.3,64.7,90.8,61.9,0.000,0.000,0.00,0.000,3.1,5.7,0.7,205,11,3.2,6.0,0.8,209,12,3.1,5.7,0.7,205,11,2,29.71,,0,0,0,68.2,68.3,67.1,0.39,0.39,0.42
HAMM,2017-08-21 06:10:00 EDT,44.51302,-75.61729,367,64.7,65.3,64.7,91.0,62.0,0.000,0.000,0.00,0.000,3.5,6.8,0.9,209,13,3.6,6.8,1.0,210,12,3.5,6.8,0.9,209,13,3,29.71,,0,0,0,68.2,68.2,67.1,0.39,0.39,0.42
HAMM,2017-08-21 06:15:00 EDT,44.51302,-75.61729,367,64.8,65.4,64.8,90.6,62.0,0.000,0.000,0.00,0.000,4.1,6.5,0.9,207,10,4.3,7.3,1.1,209,12,4.1,6.5,0.9,207,10,2,29.71,,0,0,0,68.2,68.2,67.1,0.39,0.39,0.42
HAMM,2017-08-21 06:20:00 EDT,44.51302,-75.61729,367,65.0,65.4,65.0,90.1,62.0,0.000,0.000,0.00,0.000,3.7,5.8,0.8,208,12,3.9,6.0,1.0,209,12,3.7,5.8,0.8,208,12,3,29.71,,0,0,0,68.2,68.2,67.1,0.39,0.39,0.42
HAMM,2017-08-21 06:25:00 EDT,44.51302,-75.61729,367,64.7,65.2,64.7,90.2,61.7,0.000,0.000,0.00,0.000,3.6,6.3,0.9,206,11,4.0,7.0,0.9,208,12,3.6,6.3,0.9,206,11,7,29.71,,0,0,0,68.2,68.2,67.1,0.39,0.39,0.42
HAMM,2017-08-21 06:30:00 EDT,44.51302,-75.61729,367,64.9,65.3,64.9,90.5,62.0,0.000,0.000,0.00,0.000,3.4,6.0,0.9,204,16,3.7,7.5,1.2,205,14,3.4,6.0,0.9,204,16,14,29.71,,0,0,0,68.2,68.2,67.1,0.39,0.39,0.42
HAMM,2017-08-21 06:35:00 EDT,44.51302,-75.61729,367,65.1,65.6,65.1,90.0,62.1,0.000,0.000,0.00,0.000,3.7,6.1,0.9,200,12,4.0,6.6,0.9,201,12,3.7,6.1,0.9,200,12,19,29.71,,0,0,0,68.2,68.2,67.1,0.39,0.39,0.42
HAMM,2017-08-21 06:40:00 EDT,44.51302,-75.61729,367,65.2,65.7,65.2,89.6,62.1,0.000,0.000,0.00,0.000,3.1,6.4,1.1,197,15,3.3,6.9,1.3,198,13,3.1,6.4,1.1,197,15,23,29.71,,0,0,0,68.2,68.2,67.1,0.39,0.39,0.42
HAMM,2017-08-21 06:45:00 EDT,44.51302,-75.61729,367,65.5,65.9,65.5,89.0,62.1,0.000,0.000,0.00,0.000,4.4,6.6,1.1,193,14,4.8,7.5,1.2,195,13,4.4,6.6,1.1,193,14,25,29.71,,0,0,0,68.2,68.2,67.1,0.39,0.39,0.42
HAMM,2017-08-21 06:50:00 EDT,44.51302,-75.61729,367,65.5,66.0,65.5,89.0,62.2,0.000,0.000,0.00,0.000,4.1,6.4,0.9,185,11,4.5,8.4,1.1,186,10,4.1,6.4,0.9,185,11,27,29.71,,0,0,0,68.2,68.2,67.1,0.39,0.39,0.42
HAMM,2017-08-21 06:55:00 EDT,44.51302,-75.61729,367,65.8,66.3,65.8,88.3,62.2,0.000,0.000,0.00,0.000,6.4,10.9,1.5,185,16,6.8,10.6,1.6,187,14,6.4,10.9,1.5,185,16,31,29.71,,0,0,0,68.1,68.2,67.1,0.39,0.39,0.42
HAMM,2017-08-21 07:00:00 EDT,44.51302,-75.61729,367,66.2,66.5,66.2,86.1,62.0,0.000,0.000,0.00,0.000,6.0,10.4,1.6,192,14,6.5,10.4,1.6,191,12,6.0,10.4,1.6,192,14,36,29.71,,0,0,0,68.0,68.2,67.1,0.39,0.39,0.42
HAMM,2017-08-21 07:05:00 EDT,44.51302,-75.61729,367,66.2,66.5,66.2,85.9,61.9,0.000,0.000,0.00,0.000,5.2,7.9,1.2,193,13,5.6,10.3,1.4,195,12,5.2,7.9,1.2,193,13,40,29.71,,0,0,0,67.9,68.2,67.0,0.39,0.39,0.42
HAMM,2017-08-21 07:10:00 EDT,44.51302,-75.61729,367,66.2,66.6,66.2,86.0,61.9,0.000,0.000,0.00,0.000,4.7,8.2,1.6,192,17,5.2,9.7,1.7,192,16,4.7,8.2,1.6,192,17,45,29.71,,0,0,0,67.8,68.2,67.0,0.39,0.39,0.42
HAMM,2017-08-21 07:15:00 EDT,44.51302,-75.61729,367,66.3,66.6,66.3,86.0,61.9,0.000,0.000,0.00,0.000,4.7,8.0,1.4,192,15,5.0,8.6,1.5,193,15,4.7,8.0,1.4,192,15,54,29.71,,0,0,0,67.8,68.2,67.0,0.39,0.39,0.42
HAMM,2017-08-21 07:20:00 EDT,44.51302,-75.61729,367,66.3,66.5,66.3,85.6,61.8,0.000,0.000,0.00,0.000,4.8,8.0,1.6,193,18,5.5,9.3,1.6,194,16,4.8,8.0,1.6,193,18,55,29.71,,0,0,0,67.8,68.2,66.9,0.39,0.39,0.42
HAMM,2017-08-21 07:25:00 EDT,44.51302,-75.61729,367,66.3,66.5,66.3,85.2,61.7,0.000,0.000,0.00,0.000,5.5,8.6,1.4,190,10,5.9,9.6,1.4,189,10,5.5,8.6,1.4,190,10,63,29.71,,0,0,0,67.8,68.2,66.9,0.39,0.39,0.43
HAMM,2017-08-21 07:30:00 EDT,44.51302,-75.61729,367,66.1,66.4,66.1,85.8,61.8,0.000,0.000,0.00,0.000,5.6,8.8,1.5,185,12,6.0,10.2,1.5,186,10,5.6,8.8,1.5,185,12,84,29.71,,0,0,0,67.8,68.2,66.9,0.39,0.39,0.42
HAMM,2017-08-21 07:35:00 EDT,44.51302,-75.61729,367,66.3,66.5,66.3,85.8,61.9,0.000,0.000,0.00,0.000,5.0,8.0,1.2,189,16,5.3,8.9,1.4,189,13,5.0,8.0,1.2,189,16,98,29.72,,0,0,0,67.8,68.2,66.8,0.39,0.39,0.42
HAMM,2017-08-21 07:40:00 EDT,44.51302,-75.61729,367,66.3,66.5,66.3,85.5,61.9,0.000,0.000,0.00,0.000,5.7,9.1,1.6,183,11,6.2,10.4,1.7,183,10,5.7,9.1,1.6,183,11,77,29.72,,0,0,0,67.8,68.2,66.8,0.39,0.39,0.43
HAMM,2017-08-21 07:45:00 EDT,44.51302,-75.61729,367,66.5,66.6,66.5,85.2,61.9,0.000,0.000,0.00,0.000,5.7,9.3,1.6,183,15,6.2,10.9,1.8,183,11,5.7,9.3,1.6,183,15,152,29.71,,0,0,0,67.8,68.2,66.8,0.39,0.39,0.43
HAMM,2017-08-21 07:50:00 EDT,44.51302,-75.61729,367,66.9,67.0,66.9,83.7,61.8,0.000,0.000,0.00,0.000,6.4,10.4,1.9,179,12,6.9,12.5,2.1,181,10,6.4,10.4,1.9,179,12,187,29.71,,0,0,0,67.8,68.2,66.7,0.39,0.39,0.43
HAMM,2017-08-21 07:55:00 EDT,44.51302,-75.61729,367,67.2,67.3,67.2,83.4,62.0,0.000,0.000,0.00,0.000,6.1,10.5,1.8,182,15,6.6,14.5,2.2,183,12,6.1,10.5,1.8,182,15,212,29.71,,0,0,0,67.8,68.2,66.8,0.39,0.39,0.43
HAMM,2017-08-21 08:00:00 EDT,44.51302,-75.61729,367,67.6,67.6,67.6,82.7,62.2,0.000,0.000,0.00,0.000,5.4,9.1,1.5,180,13,6.0,10.5,1.7,181,10,5.4,9.1,1.5,180,13,232,29.71,,0,0,0,67.8,68.2,66.8,0.39,0.39,0.42
HAMM,2017-08-21 08:05:00 EDT,44.51302,-75.61729,367,68.0,67.8,68.0,82.2,62.3,0.000,0.000,0.00,0.000,6.5,11.0,1.7,181,13,7.1,11.8,1.9,181,11,6.5,11.0,1.7,181,13,257,29.71,,0,0,0,67.8,68.2,66.7,0.39,0.39,0.43
HAMM,2017-08-21 08:10:00 EDT,44.51302,-75.61729,367,68.2,68.0,68.2,81.2,62.2,0.000,0.000,0.00,0.000,5.2,11.3,1.9,181,14,5.6,12.2,1.9,181,13,5.2,11.3,1.9,181,14,264,29.71,,0,0,0,67.8,68.2,66.7,0.39,0.39,0.43
HAMM,2017-08-21 08:15:00 EDT,44.51302,-75.61729,367,68.4,68.3,68.4,81.1,62.4,0.000,0.000,0.00,0.000,3.9,8.3,1.5,186,17,4.3,9.1,1.5,188,16,3.9,8.3,1.5,186,17,275,29.71,,0,0,0,67.8,68.2,66.8,0.39,0.39,0.43
HAMM,2017-08-21 08:20:00 EDT,44.51302,-75.61729,367,68.5,68.3,68.5,79.5,61.9,0.000,0.000,0.00,0.000,4.8,9.6,1.5,191,17,5.4,11.9,1.7,191,16,4.8,9.6,1.5,191,17,263,29.71,,0,0,0,67.8,68.2,66.7,0.39,0.38,0.43
HAMM,2017-08-21 08:25:00 EDT,44.51302,-75.61729,367,68.3,68.3,68.3,80.6,62.1,0.000,0.000,0.00,0.000,4.5,8.8,1.3,184,18,5.0,11.0,1.5,185,16,4.5,8.8,1.3,184,18,163,29.70,,0,0,0,67.8,68.2,66.8,0.39,0.39,0.43
HAMM,2017-08-21 08:30:00 EDT,44.51302,-75.61729,367,68.2,68.2,68.2,80.2,61.9,0.000,0.000,0.00,0.000,5.4,8.3,1.4,184,14,6.0,9.5,1.5,185,11,5.4,8.3,1.4,184,14,132,29.70,,0,0,0,67.8,68.2,66.7,0.39,0.38,0.43
HAMM,2017-08-21 08:35:00 EDT,44.51302,-75.61729,367,67.9,68.1,67.9,80.4,61.6,0.000,0.000,0.00,0.000,4.6,7.2,1.3,188,16,5.3,8.6,1.5,190,14,4.6,7.2,1.3,188,16,90,29.70,,0,0,0,67.8,68.2,66.7,0.39,0.38,0.43
HAMM,2017-08-21 08:40:00 EDT,44.51302,-75.61729,367,68.0,68.1,68.0,80.3,61.7,0.000,0.000,0.00,0.000,4.4,7.7,1.2,198,14,4.8,8.7,1.3,198,13,4.4,7.7,1.2,198,14,140,29.71,,0,0,0,67.8,68.1,66.7,0.39,0.38,0.43
HAMM,2017-08-21 08:45:00 EDT,44.51302,-75.61729,367,68.5,68.5,68.5,81.4,62.5,0.000,0.000,0.00,0.000,3.0,5.4,1.0,186,16,3.4,5.9,1.0,187,15,3.0,5.4,1.0,186,16,280,29.70,,0,0,0,67.8,68.2,66.7,0.39,0.38,0.43
HAMM,2017-08-21 08:50:00 EDT,44.51302,-75.61729,367,69.5,69.3,69.5,79.4,62.8,0.000,0.000,0.00,0.000,5.8,8.6,1.2,182,14,6.3,9.8,1.3,183,12,5.8,8.6,1.2,182,14,340,29.70,,0,0,0,67.8,68.1,66.7,0.39,0.38,0.43
HAMM,2017-08-21 08:55:00 EDT,44.51302,-75.61729,367,69.9,69.7,69.9,76.6,62.2,0.000,0.000,0.00,0.000,6.6,11.3,1.7,184,13,7.1,12.2,2.0,185,11,6.6,11.3,1.7,184,13,353,29.70,,0,0,0,67.8,68.0,66.7,0.39,0.38,0.43
HAMM,2017-08-21 09:00:00 EDT,44.51302,-75.61729,367,70.1,69.9,70.1,75.7,62.1,0.000,0.000,0.00,0.000,5.5,10.5,1.7,190,18,6.0,11.3,1.7,192,14,5.5,10.5,1.7,190,18,361,29.70,,0,0,0,67.8,68.0,66.7,0.39,0.38,0.43
HAMM,2017-08-21 09:05:00 EDT,44.51302,-75.61729,367,70.4,70.1,70.4,75.9,62.4,0.000,0.000,0.00,0.000,5.2,9.6,1.5,198,20,5.8,9.5,1.5,199,18,5.2,9.6,1.5,198,20,377,29.70,,0,0,0,67.8,67.9,66.7,0.39,0.38,0.43
HAMM,2017-08-21 09:10:00 EDT,44.51302,-75.61729,367,70.5,70.2,70.5,75.3,62.3,0.000,0.000,0.00,0.000,5.2,8.6,1.6,199,17,5.7,9.8,1.7,200,16,5.2,8.6,1.6,199,17,390,29.70,,0,0,0,67.8,67.8,66.7,0.39,0.38,0.43
HAMM,2017-08-21 09:15:00 EDT,44.51302,-75.61729,367,70.9,70.5,70.9,75.7,62.8,0.000,0.000,0.00,0.000,5.8,10.7,1.6,191,16,6.2,11.2,1.8,193,15,5.8,10.7,1.6,191,16,404,29.70,,0,0,0,67.8,67.8,66.7,0.39,0.38,0.43
HAMM,2017-08-21 09:20:00 EDT,44.51302,-75.61729,367,71.1,70.7,71.1,74.4,62.6,0.000,0.000,0.00,0.000,5.8,9.2,1.6,186,16,6.3,10.0,1.7,186,14,5.8,9.2,1.6,186,16,413,29.70,,0,0,0,67.8,67.8,66.7,0.39,0.38,0.43
HAMM,2017-08-21 09:25:00 EDT,44.51302,-75.61729,367,71.7,71.3,71.7,73.6,62.9,0.000,0.000,0.00,0.000,6.4,10.5,1.6,187,19,7.0,12.2,1.8,189,16,6.4,10.5,1.6,187,19,423,29.71,,0,0,0,67.8,67.8,66.7,0.39,0.38,0.43
HAMM,2017-08-21 09:30:00 EDT,44.51302,-75.61729,367,72.0,71.6,72.0,72.3,62.6,0.000,0.000,0.00,0.000,5.7,8.9,1.8,191,15,6.4,9.8,1.8,191,13,5.7,8.9,1.8,191,15,434,29.71,,0,0,0,67.8,67.8,66.7,0.39,0.38,0.43
HAMM,2017-08-21 09:35:00 EDT,44.51302,-75.61729,367,72.6,72.3,72.6,70.8,62.6,0.000,0.000,0.00,0.000,5.7,9.4,1.4,199,17,6.3,10.2,1.5,200,15,5.7,9.4,1.4,199,17,446,29.71,,0,0,0,67.8,67.8,66.7,0.39,0.39,0.43
HAMM,2017-08-21 09:40:00 EDT,44.51302,-75.61729,367,73.0,72.8,73.0,70.1,62.7,0.000,0.000,0.00,0.000,6.2,8.5,1.2,198,16,6.6,9.5,1.5,198,14,6.2,8.5,1.2,198,16,453,29.71,,0,0,0,67.8,67.8,66.7,0.39,0.38,0.43
HAMM,2017-08-21 09:45:00 EDT,44.51302,-75.61729,367,73.4,73.1,73.4,70.3,63.1,0.000,0.000,0.00,0.000,5.1,8.6,1.6,198,15,5.6,9.2,1.6,199,15,5.1,8.6,1.6,198,15,468,29.71,,0,0,0,67.8,67.8,66.7,0.39,0.38,0.43
HAMM,2017-08-21 09:50:00 EDT,44.51302,-75.61729,367,73.7,73.5,73.7,67.8,62.4,0.000,0.000,0.00,0.000,7.9,16.1,2.6,207,22,8.4,15.1,2.7,208,21,7.9,16.1,2.6,207,22,489,29.70,,0,0,0,67.8,67.8,66.7,0.39,0.39,0.43
HAMM,2017-08-21 09:55:00 EDT,44.51302,-75.61729,367,73.5,73.3,73.5,66.0,61.4,0.000,0.000,0.00,0.000,8.6,12.9,2.1,204,15,9.2,14.4,2.1,205,12,8.6,12.9,2.1,204,15,505,29.70,,0,0,0,67.8,67.8,66.7,0.39,0.39,0.43
HAMM,2017-08-21 10:00:00 EDT,44.51302,-75.61729,367,73.7,73.6,73.7,66.6,61.9,0.000,0.000,0.00,0.000,7.1,14.0,2.5,211,13,7.4,15.4,2.6,211,13,7.1,14.0,2.5,211,13,519,29.70,,0,0,0,67.8,67.8,66.7,0.39,0.39,0.43
HAMM,2017-08-21 10:05:00 EDT,44.51302,-75.61729,367,74.3,74.0,74.3,67.3,62.7,0.000,0.000,0.00,0.000,6.8,11.5,1.7,203,16,7.3,12.8,1.9,203,15,6.8,11.5,1.7,203,16,530,29.70,,0,0,0,67.8,67.8,66.7,0.39,0.39,0.43
HAMM,2017-08-21 10:10:00 EDT,44.51302,-75.61729,367,74.6,74.3,74.6,66.9,62.9,0.000,0.000,0.00,0.000,6.1,8.4,1.2,197,17,6.8,10.1,1.3,199,16,6.1,8.4,1.2,197,17,531,29.70,,0,0,0,67.8,67.8,66.7,0.39,0.39,0.43
HAMM,2017-08-21 10:15:00 EDT,44.51302,-75.61729,367,74.9,74.5,74.9,67.2,63.3,0.000,0.000,0.00,0.000,6.5,9.2,1.1,184,14,7.2,10.7,1.5,184,12,6.5,9.2,1.1,184,14,537,29.70,,0,0,0,67.8,67.8,66.7,0.39,0.39,0.43
HAMM,2017-08-21 10:20:00 EDT,44.51302,-75.61729,367,75.0,74.6,75.0,64.9,62.4,0.000,0.000,0.00,0.000,7.1,10.9,1.8,195,15,7.6,11.7,1.8,197,14,7.1,10.9,1.8,195,15,557,29.70,,0,0,0,67.8,67.8,66.7,0.39,0.39,0.43
HAMM,2017-08-21 10:25:00 EDT,44.51302,-75.61729,367,75.3,75.0,75.3,66.2,63.3,0.000,0.000,0.00,0.000,5.5,9.6,1.3,201,20,6.1,9.2,1.3,201,19,5.5,9.6,1.3,201,20,567,29.70,,0,0,0,67.8,67.8,66.7,0.39,0.39,0.43
HAMM,2017-08-21 10:30:00 EDT,44.51302,-75.61729,367,75.8,75.5,75.8,65.3,63.3,0.000,0.000,0.00,0.000,5.4,8.9,1.6,204,18,6.0,9.8,1.7,206,16,5.4,8.9,1.6,204,18,574,29.70,,0,0,0,67.8,67.8,66.7,0.39,0.39,0.43
HAMM,2017-08-21 10:35:00 EDT,44.51302,-75.61729,367,76.0,75.7,76.0,64.2,63.0,0.000,0.000,0.00,0.000,6.7,10.2,1.7,202,16,7.2,10.3,1.5,203,15,6.7,10.2,1.7,202,16,583,29.70,,0,0,0,67.9,67.8,66.7,0.39,0.39,0.43
HAMM,2017-08-21 10:40:00 EDT,44.51302,-75.61729,367,76.2,75.8,76.2,64.4,63.3,0.000,0.000,0.00,0.000,5.9,10.5,2.0,208,21,6.4,12.3,2.2,208,19,5.9,10.5,2.0,208,21,562,29.70,,0,0,0,68.1,67.8,66.7,0.39,0.39,0.43
HAMM,2017-08-21 10:45:00 EDT,44.51302,-75.61729,367,76.2,75.9,76.2,63.7,63.1,0.000,0.000,0.00,0.000,7.5,12.5,2.2,192,16,8.0,13.9,2.3,192,15,7.5,12.5,2.2,192,16,604,29.69,,0,0,0,68.2,67.8,66.7,0.39,0.39,0.43
HAMM,2017-08-21 10:50:00 EDT,44.51302,-75.61729,367,76.4,76.0,76.4,63.7,63.2,0.000,0.000,0.00,0.000,7.0,12.9,2.2,196,17,7.9,14.2,2.5,195,15,7.0,12.9,2.2,196,17,617,29.69,,0,0,0,68.2,67.8,66.7,0.39,0.39,0.43
HAMM,2017-08-21 10:55:00 EDT,44.51302,-75.61729,367,76.5,76.1,76.5,63.5,63.2,0.000,0.000,0.00,0.000,7.3,10.8,1.9,191,16,7.8,11.9,2.0,191,13,7.3,10.8,1.9,191,16,604,29.69,,0,0,0,68.2,67.8,66.7,0.39,0.39,0.43
HAMM,2017-08-21 11:00:00 EDT,44.51302,-75.61729,367,76.7,76.3,76.7,62.8,63.0,0.000,0.000,0.00,0.000,7.3,11.3,1.6,192,15,7.8,12.6,1.9,193,13,7.3,11.3,1.6,192,15,617,29.69,,0,0,0,68.2,67.8,66.7,0.39,0.39,0.43
HAMM,2017-08-21 11:05:00 EDT,44.51302,-75.61729,367,76.8,76.5,76.8,61.3,62.5,0.000,0.000,0.00,0.000,8.0,12.7,2.3,193,16,8.6,14.2,2.4,195,13,8.0,12.7,2.3,193,16,635,29.70,,0,0,0,68.2,67.8,66.7,0.39,0.38,0.43
HAMM,2017-08-21 11:10:00 EDT,44.51302,-75.61729,367,77.1,76.7,77.1,62.1,63.1,0.000,0.000,0.00,0.000,7.2,12.4,2.1,191,16,7.8,13.4,2.0,194,14,7.2,12.4,2.1,191,16,646,29.70,,0,0,0,68.2,67.8,66.7,0.39,0.39,0.43
HAMM,2017-08-21 11:15:00 EDT,44.51302,-75.61729,367,77.4,76.9,77.4,61.5,63.1,0.000,0.000,0.00,0.000,6.8,11.4,2.0,193,17,7.3,11.5,2.1,191,15,6.8,11.4,2.0,193,17,654,29.69,,0,0,0,68.2,67.8,66.7,0.39,0.39,0.43
HAMM,2017-08-21 11:20:00 EDT,44.51302,-75.61729,367,77.8,77.3,77.8,61.4,63.5,0.000,0.000,0.00,0.000,6.1,11.0,2.3,193,21,6.7,12.4,2.5,194,18,6.1,11.0,2.3,193,21,662,29.69,,0,0,0,68.2,67.8,66.7,0.39,0.39,0.43
HAMM,2017-08-21 11:25:00 EDT,44.51302,-75.61729,367,77.9,77.4,77.9,61.1,63.4,0.000,0.000,0.00,0.000,5.5,10.2,1.9,192,17,6.2,12.3,2.1,193,16,5.5,10.2,1.9,192,17,666,29.69,,0,0,0,68.3,67.8,66.7,0.39,0.39,0.43
HAMM,2017-08-21 11:30:00 EDT,44.51302,-75.61729,367,78.2,77.8,78.2,61.4,63.9,0.000,0.000,0.00,0.000,4.8,11.0,1.9,218,20,5.4,11.1,1.9,220,19,4.8,11.0,1.9,218,20,673,29.69,,0,0,0,68.4,67.8,66.7,0.39,0.39,0.43
HAMM,2017-08-21 11:35:00 EDT,44.51302,-75.61729,367,78.4,78.0,78.4,59.6,63.2,0.000,0.000,0.00,0.000,5.9,11.1,2.7,212,22,6.3,12.2,2.5,213,20,5.9,11.1,2.7,212,22,679,29.69,,0,0,0,68.5,67.8,66.7,0.39,0.38,0.43
HAMM,2017-08-21 11:40:00 EDT,44.51302,-75.61729,367,78.4,78.0,78.4,60.3,63.5,0.000,0.000,0.00,0.000,5.8,9.2,1.5,206,19,6.3,10.4,1.4,209,19,5.8,9.2,1.5,206,19,682,29.69,,0,0,0,68.5,67.8,66.7,0.39,0.39,0.43
HAMM,2017-08-21 11:45:00 EDT,44.51302,-75.61729,367,78.6,78.2,78.6,57.4,62.2,0.000,0.000,0.00,0.000,7.6,11.1,1.5,224,15,7.9,11.0,1.5,225,14,7.6,11.1,1.5,224,15,690,29.69,,0,0,0,68.5,67.8,66.7,0.39,0.39,0.43
HAMM,2017-08-21 11:50:00 EDT,44.51302,-75.61729,367,78.6,78.3,78.6,57.6,62.4,0.000,0.000,0.00,0.000,8.0,12.5,2.2,220,16,8.4,13.5,2.3,221,16,8.0,12.5,2.2,220,16,692,29.68,,0,0,0,68.5,67.8,66.7,0.39,0.38,0.43
HAMM,2017-08-21 11:55:00 EDT,44.51302,-75.61729,367,78.8,78.5,78.8,58.0,62.8,0.000,0.000,0.00,0.000,7.9,14.8,2.2,224,16,8.3,14.6,2.3,225,13,7.9,14.8,2.2,224,16,701,29.68,,0,0,0,68.5,67.8,66.7,0.39,0.39,0.43
HAMM,2017-08-21 12:00:00 EDT,44.51302,-75.61729,367,78.9,78.6,78.9,58.6,63.2,0.000,0.000,0.00,0.000,7.4,12.6,1.8,225,16,7.9,12.8,1.9,226,15,7.4,12.6,1.8,225,16,703,29.68,,0,0,0,68.5,67.8,66.7,0.39,0.39,0.43
HAMM,2017-08-21 12:05:00 EDT,44.51302,-75.61729,367,79.2,78.9,79.2,59.2,63.8,0.000,0.000,0.00,0.000,6.5,11.7,2.5,211,18,7.0,12.1,2.4,213,15,6.5,11.7,2.5,211,18,704,29.68,,0,0,0,68.5,67.8,66.7,0.39,0.38,0.43
HAMM,2017-08-21 12:10:00 EDT,44.51302,-75.61729,367,79.4,79.1,79.4,57.7,63.2,0.000,0.000,0.00,0.000,6.9,10.5,1.7,213,17,7.4,10.9,1.8,213,15,6.9,10.5,1.7,213,17,716,29.68,,0,0,0,68.5,67.8,66.7,0.39,0.39,0.43
HAMM,2017-08-21 12:15:00 EDT,44.51302,-75.61729,367,79.6,79.2,79.6,57.9,63.4,0.000,0.000,0.00,0.000,6.7,11.4,1.9,218,18,7.1,12.3,2.1,219,17,6.7,11.4,1.9,218,18,730,29.68,,0,0,0,68.5,67.8,66.7,0.39,0.38,0.43
HAMM,2017-08-21 12:20:00 EDT,44.51302,-75.61729,367,79.8,79.3,79.8,58.9,64.2,0.000,0.000,0.00,0.000,6.6,12.7,2.4,196,19,6.9,13.7,2.4,197,16,6.6,12.7,2.4,196,19,697,29.68,,0,0,0,68.5,67.8,66.7,0.39,0.38,0.43
HAMM,2017-08-21 12:25:00 EDT,44.51302,-75.61729,367,79.9,79.5,79.9,57.8,63.7,0.000,0.000,0.00,0.000,7.6,13.1,2.1,209,22,8.0,13.0,2.2,211,21,7.6,13.1,2.1,209,22,729,29.68,,0,0,0,68.8,67.8,66.7,0.39,0.39,0.42
HAMM,2017-08-21 12:30:00 EDT,44.51302,-75.61729,367,80.0,79.6,80.0,56.5,63.1,0.000,0.000,0.00,0.000,8.8,15.6,3.0,222,16,9.3,15.7,2.9,223,15,8.8,15.6,3.0,222,16,738,29.67,,0,0,0,68.9,67.8,66.7,0.39,0.39,0.43
HAMM,2017-08-21 12:35:00 EDT,44.51302,-75.61729,367,80.0,79.7,81.5,56.8,63.3,0.000,0.000,0.00,0.000,7.8,13.0,2.1,218,18,8.3,14.0,2.1,217,17,7.8,13.0,2.1,218,18,739,29.67,,0,0,0,68.9,67.8,66.7,0.39,0.38,0.42
HAMM,2017-08-21 12:40:00 EDT,44.51302,-75.61729,367,80.2,79.9,81.8,57.3,63.8,0.000,0.000,0.00,0.000,8.6,15.9,2.7,211,16,9.2,17.5,2.6,211,13,8.6,15.9,2.7,211,16,748,29.67,,0,0,0,68.9,67.8,66.7,0.39,0.38,0.43
HAMM,2017-08-21 12:45:00 EDT,44.51302,-75.61729,367,80.1,79.8,81.9,59.3,64.7,0.000,0.000,0.00,0.000,8.5,13.7,2.3,231,21,9.0,15.1,2.4,232,21,8.5,13.7,2.3,231,21,748,29.67,,0,0,0,68.9,67.8,66.7,0.39,0.39,0.42
HAMM,2017-08-21 12:50:00 EDT,44.51302,-75.61729,367,80.0,79.6,81.9,60.0,64.9,0.000,0.000,0.00,0.000,8.4,13.8,1.8,223,22,8.7,14.2,2.0,223,22,8.4,13.8,1.8,223,22,747,29.67,,0,0,0,68.9,67.8,66.7,0.38,0.39,0.43
HAMM,2017-08-21 12:55:00 EDT,44.51302,-75.61729,367,79.9,79.5,79.9,61.0,65.3,0.000,0.000,0.00,0.000,9.1,14.2,2.3,232,14,9.3,16.0,2.4,233,14,9.1,14.2,2.3,232,14,747,29.67,,0,0,0,68.9,67.8,66.7,0.38,0.38,0.42
HAMM,2017-08-21 13:00:00 EDT,44.51302,-75.61729,367,79.9,79.4,79.9,61.6,65.5,0.000,0.000,0.00,0.000,6.8,12.9,2.1,253,17,7.5,13.5,2.4,256,17,6.8,12.9,2.1,253,17,744,29.67,,0,0,0,69.1,67.8,66.7,0.38,0.39,0.42
HAMM,2017-08-21 13:05:00 EDT,44.51302,-75.61729,367,80.0,79.6,81.8,60.0,64.9,0.000,0.000,0.00,0.000,9.0,15.1,2.7,232,14,9.2,15.8,2.7,232,14,9.0,15.1,2.7,232,14,744,29.67,,0,0,0,69.3,67.8,66.7,0.38,0.38,0.42
HAMM,2017-08-21 13:10:00 EDT,44.51302,-75.61729,367,80.0,79.6,82.0,61.7,65.7,0.000,0.000,0.00,0.000,8.0,13.7,2.6,252,19,8.7,15.9,2.7,255,16,8.0,13.7,2.6,252,19,748,29.67,,0,0,0,69.3,67.8,66.7,0.38,0.39,0.43
HAMM,2017-08-21 13:15:00 EDT,44.51302,-75.61729,367,80.0,79.5,80.0,62.0,65.8,0.000,0.000,0.00,0.000,7.7,13.3,2.1,253,15,8.4,14.0,2.2,256,14,7.7,13.3,2.1,253,15,748,29.67,,0,0,0,69.3,67.8,66.7,0.38,0.39,0.42
HAMM,2017-08-21 13:20:00 EDT,44.51302,-75.61729,367,79.9,79.5,79.9,60.6,65.1,0.000,0.000,0.00,0.000,7.9,13.4,2.4,228,19,8.3,13.7,2.4,229,19,7.9,13.4,2.4,228,19,747,29.67,,0,0,0,69.3,67.8,66.7,0.38,0.38,0.42
HAMM,2017-08-21 13:25:00 EDT,44.51302,-75.61729,367,80.2,79.8,82.1,59.9,65.0,0.000,0.000,0.00,0.000,9.1,15.8,2.9,230,23,9.4,16.6,3.0,232,21,9.1,15.8,2.9,230,23,738,29.67,,0,0,0,69.3,67.8,66.7,0.38,0.38,0.42
HAMM,2017-08-21 13:30:00 EDT,44.51302,-75.61729,367,80.0,79.6,80.0,58.9,64.3,0.000,0.000,0.00,0.000,9.1,13.1,2.1,237,19,9.6,14.7,2.2,238,18,9.1,13.1,2.1,237,19,716,29.67,,0,0,0,69.3,67.8,66.7,0.38,0.38,0.42
HAMM,2017-08-21 13:35:00 EDT,44.51302,-75.61729,367,79.9,79.5,79.9,59.5,64.6,0.000,0.000,0.00,0.000,7.7,13.7,2.0,229,17,8.2,13.9,2.1,231,18,7.7,13.7,2.0,229,17,688,29.67,,0,0,0,69.3,67.8,66.7,0.38,0.38,0.42
HAMM,2017-08-21 13:40:00 EDT,44.51302,-75.61729,367,80.0,79.7,80.0,58.6,64.2,0.000,0.000,0.00,0.000,9.0,15.8,2.3,213,19,9.3,17.1,2.4,215,19,9.0,15.8,2.3,213,19,656,29.67,,0,0,0,69.3,67.8,66.7,0.38,0.38,0.42
HAMM,2017-08-21 13:45:00 EDT,44.51302,-75.61729,367,80.0,79.8,81.9,60.1,65.0,0.000,0.000,0.00,0.000,7.5,12.7,2.4,246,17,8.1,13.9,2.4,248,17,7.5,12.7,2.4,246,17,620,29.67,,0,0,0,69.6,67.8,66.7,0.38,0.39,0.42
HAMM,2017-08-21 13:50:00 EDT,44.51302,-75.61729,367,79.6,79.3,79.6,61.9,65.4,0.000,0.000,0.00,0.000,5.9,11.4,2.0,246,22,6.4,11.9,2.2,251,21,5.9,11.4,2.0,246,22,578,29.67,,0,0,0,69.6,67.8,66.7,0.38,0.38,0.42
HAMM,2017-08-21 13:55:00 EDT,44.51302,-75.61729,367,79.6,79.3,79.6,62.3,65.5,0.000,0.000,0.00,0.000,6.2,13.7,2.8,235,15,6.6,14.3,2.8,238,17,6.2,13.7,2.8,235,15,533,29.67,,0,0,0,69.6,67.8,66.7,0.38,0.39,0.42
HAMM,2017-08-21 14:00:00 EDT,44.51302,-75.61729,367,79.0,78.9,79.0,62.1,64.9,0.000,0.000,0.00,0.000,7.1,13.3,2.6,240,16,7.5,17.2,2.7,243,15,7.1,13.3,2.6,240,16,490,29.67,,0,0,0,69.6,67.8,66.7,0.38,0.38,0.42
HAMM,2017-08-21 14:05:00 EDT,44.51302,-75.61729,367,78.5,78.5,78.5,62.1,64.5,0.000,0.000,0.00,0.000,7.1,13.0,2.3,246,20,7.7,15.3,2.4,249,19,7.1,13.0,2.3,246,20,446,29.66,,0,0,0,69.6,67.8,66.7,0.38,0.38,0.42
HAMM,2017-08-21 14:10:00 EDT,44.51302,-75.61729,367,78.3,78.4,78.3,62.6,64.5,0.000,0.000,0.00,0.000,7.2,13.4,2.4,238,14,7.8,13.5,2.3,242,14,7.2,13.4,2.4,238,14,402,29.66,,0,0,0,69.6,67.8,66.7,0.38,0.38,0.42
HAMM,2017-08-21 14:15:00 EDT,44.51302,-75.61729,367,78.1,78.2,78.1,62.8,64.4,0.000,0.000,0.00,0.000,7.7,13.4,2.5,244,16,8.2,13.4,2.7,249,15,7.7,13.4,2.5,244,16,359,29.66,,0,0,0,69.8,67.8,66.7,0.38,0.38,0.42
HAMM,2017-08-21 14:20:00 EDT,44.51302,-75.61729,367,77.7,77.9,77.7,65.0,65.0,0.000,0.000,0.00,0.000,6.2,11.0,1.7,240,15,6.5,11.4,1.9,244,14,6.2,11.0,1.7,240,15,320,29.66,,0,0,0,70.0,67.8,66.7,0.38,0.38,0.42
HAMM,2017-08-21 14:25:00 EDT,44.51302,-75.61729,367,77.6,77.7,77.6,66.9,65.7,0.000,0.000,0.00,0.000,4.4,7.3,1.2,239,15,4.8,9.0,1.4,242,16,4.4,7.3,1.2,239,15,285,29.66,,0,0,0,70.0,67.8,66.7,0.38,0.38,0.42
HAMM,2017-08-21 14:30:00 EDT,44.51302,-75.61729,367,77.4,77.6,77.4,66.4,65.4,0.000,0.000,0.00,0.000,5.6,9.7,1.7,230,15,5.9,10.6,1.7,232,14,5.6,9.7,1.7,230,15,259,29.65,,0,0,0,70.0,67.8,66.7,0.38,0.38,0.42
HAMM,2017-08-21 14:35:00 EDT,44.51302,-75.61729,367,77.2,77.4,77.2,67.5,65.6,0.000,0.000,0.00,0.000,5.4,9.9,1.7,222,16,5.7,10.8,1.8,226,13,5.4,9.9,1.7,222,16,242,29.65,,0,0,0,70.0,67.8,66.7,0.38,0.39,0.42
HAMM,2017-08-21 14:40:00 EDT,44.51302,-75.61729,367,77.0,77.2,77.0,68.3,65.7,0.000,0.000,0.00,0.000,5.6,10.5,1.8,223,13,5.8,11.7,1.8,225,12,5.6,10.5,1.8,223,13,236,29.65,,0,0,0,70.0,67.8,66.7,0.38,0.38,0.42
HAMM,2017-08-21 14:45:00 EDT,44.51302,-75.61729,367,76.9,77.1,76.9,69.0,65.9,0.000,0.000,0.00,0.000,5.1,8.3,1.1,226,15,5.1,7.6,1.1,226,15,5.1,8.3,1.1,226,15,240,29.65,,0,0,0,70.0,67.8,66.7,0.38,0.38,0.42
HAMM,2017-08-21 14:50:00 EDT,44.51302,-75.61729,367,76.9,77.0,76.9,70.3,66.5,0.000,0.000,0.00,0.000,4.6,7.0,1.1,226,17,4.9,7.7,1.2,229,16,4.6,7.0,1.1,226,17,256,29.65,,0,0,0,70.0,67.8,66.7,0.38,0.38,0.42
HAMM,2017-08-21 14:55:00 EDT,44.51302,-75.61729,367,77.1,77.2,77.1,70.5,66.7,0.000,0.000,0.00,0.000,3.9,6.4,1.0,229,15,4.2,7.6,1.2,232,14,3.9,6.4,1.0,229,15,281,29.65,,0,0,0,70.0,67.8,66.7,0.38,0.38,0.42
HAMM,2017-08-21 15:00:00 EDT,44.51302,-75.61729,367,77.3,77.3,77.3,70.5,66.9,0.000,0.000,0.00,0.000,5.3,8.6,1.5,232,15,5.4,9.3,1.5,234,14,5.3,8.6,1.5,232,15,311,29.65,,0,0,0,70.0,67.8,66.7,0.38,0.38,0.42
HAMM,2017-08-21 15:05:00 EDT,44.51302,-75.61729,367,77.4,77.4,77.4,69.9,66.9,0.000,0.000,0.00,0.000,5.0,9.9,1.8,224,15,5.1,9.6,1.8,226,15,5.0,9.9,1.8,224,15,346,29.65,,0,0,0,70.1,67.8,66.7,0.38,0.38,0.42
HAMM,2017-08-21 15:10:00 EDT,44.51302,-75.61729,367,77.7,77.5,77.7,69.2,66.8,0.000,0.000,0.00,0.000,5.4,7.7,1.1,224,16,5.7,8.7,1.3,226,15,5.4,7.7,1.1,224,16,383,29.65,,0,0,0,70.2,67.8,66.7,0.38,0.39,0.42
HAMM,2017-08-21 15:15:00 EDT,44.51302,-75.61729,367,78.0,77.8,78.0,70.3,67.5,0.000,0.000,0.00,0.000,4.1,7.5,1.5,218,19,4.5,8.4,1.4,220,19,4.1,7.5,1.5,218,19,421,29.64,,0,0,0,70.3,67.8,66.7,0.38,0.38,0.42
HAMM,2017-08-21 15:20:00 EDT,44.51302,-75.61729,367,78.3,78.1,78.3,66.9,66.4,0.000,0.000,0.00,0.000,6.8,12.4,2.4,205,17,7.7,13.2,2.3,202,16,6.8,12.4,2.4,205,17,455,29.64,,0,0,0,70.3,67.8,66.7,0.38,0.39,0.42
HAMM,2017-08-21 15:25:00 EDT,44.51302,-75.61729,367,78.3,78.2,78.3,66.1,66.1,0.000,0.000,0.00,0.000,6.7,10.6,1.9,210,16,7.2,11.4,1.9,211,13,6.7,10.6,1.9,210,16,489,29.64,,0,0,0,70.3,67.8,66.7,0.38,0.38,0.42
HAMM,2017-08-21 15:30:00 EDT,44.51302,-75.61729,367,78.5,78.3,78.5,65.1,65.8,0.000,0.000,0.00,0.000,7.8,13.2,2.5,212,17,8.3,13.5,2.4,213,16,7.8,13.2,2.5,212,17,521,29.64,,0,0,0,70.3,67.8,66.7,0.38,0.38,0.42
HAMM,2017-08-21 15:35:00 EDT,44.51302,-75.61729,367,78.7,78.5,78.7,65.3,66.1,0.000,0.000,0.00,0.000,6.7,12.9,2.3,215,18,7.1,13.6,2.3,213,16,6.7,12.9,2.3,215,18,547,29.64,,0,0,0,70.3,67.8,66.7,0.38,0.38,0.42
HAMM,2017-08-21 15:40:00 EDT,44.51302,-75.61729,367,78.9,78.6,78.9,64.4,65.8,0.000,0.000,0.00,0.000,9.1,15.3,2.9,215,14,9.5,15.9,2.9,215,12,9.1,15.3,2.9,215,14,568,29.64,,0,0,0,70.3,67.8,66.7,0.38,0.39,0.42
HAMM,2017-08-21 15:45:00 EDT,44.51302,-75.61729,367,78.8,78.5,78.8,64.5,65.8,0.000,0.000,0.00,0.000,8.5,15.3,2.4,205,21,9.0,15.9,2.4,205,17,8.5,15.3,2.4,205,21,582,29.64,,0,0,0,70.3,67.8,66.7,0.38,0.38,0.42
HAMM,2017-08-21 15:50:00 EDT,44.51302,-75.61729,367,79.0,78.6,79.0,65.0,66.2,0.000,0.000,0.00,0.000,7.9,12.4,2.4,190,19,8.4,15.8,2.9,191,15,7.9,12.4,2.4,190,19,590,29.64,,0,0,0,70.3,67.8,66.7,0.38,0.38,0.42
HAMM,2017-08-21 15:55:00 EDT,44.51302,-75.61729,367,79.0,78.5,79.0,64.6,66.0,0.000,0.000,0.00,0.000,9.5,19.1,2.7,190,16,10.4,19.3,2.9,192,14,9.5,19.1,2.7,190,16,587,29.63,,0,0,0,70.3,67.8,66.7,0.38,0.39,0.42
HAMM,2017-08-21 16:00:00 EDT,44.51302,-75.61729,367,78.9,78.6,78.9,64.2,65.8,0.000,0.000,0.00,0.000,7.4,16.2,3.0,199,19,8.0,17.7,3.1,200,16,7.4,16.2,3.0,199,19,573,29.63,,0,0,0,70.3,67.9,66.7,0.38,0.38,0.43
HAMM,2017-08-21 16:05:00 EDT,44.51302,-75.61729,367,79.0,78.8,79.0,62.9,65.3,0.000,0.000,0.00,0.000,8.1,15.3,2.8,204,17,8.4,15.6,2.8,204,14,8.1,15.3,2.8,204,17,509,29.63,,0,0,0,70.3,67.9,66.7,0.38,0.38,0.42
HAMM,2017-08-21 16:10:00 EDT,44.51302,-75.61729,367,79.2,78.9,79.2,64.9,66.4,0.000,0.000,0.00,0.000,6.4,10.4,1.9,197,19,7.0,11.6,1.9,198,17,6.4,10.4,1.9,197,19,548,29.63,,0,0,0,70.3,68.1,66.7,0.38,0.38,0.43
HAMM,2017-08-21 16:15:00 EDT,44.51302,-75.61729,367,79.2,78.8,79.2,62.7,65.4,0.000,0.000,0.00,0.000,7.8,12.2,2.5,195,20,8.5,14.3,2.7,197,16,7.8,12.2,2.5,195,20,536,29.63,,0,0,0,70.3,68.1,66.7,0.38,0.38,0.43
HAMM,2017-08-21 16:20:00 EDT,44.51302,-75.61729,367,79.0,78.8,79.0,61.4,64.6,0.000,0.000,0.00,0.000,9.8,17.2,2.9,207,14,10.4,16.8,2.8,207,12,9.8,17.2,2.9,207,14,524,29.63,,0,0,0,70.4,68.1,66.7,0.38,0.38,0.43
HAMM,2017-08-21 16:25:00 EDT,44.51302,-75.61729,367,79.1,78.9,79.1,61.8,64.9,0.000,0.000,0.00,0.000,7.8,12.0,2.4,212,16,8.2,13.0,2.4,214,16,7.8,12.0,2.4,212,16,516,29.63,,0,0,0,70.6,68.2,66.7,0.38,0.38,0.43
HAMM,2017-08-21 16:30:00 EDT,44.51302,-75.61729,367,79.2,79.0,79.2,61.5,64.8,0.000,0.000,0.00,0.000,8.4,12.8,2.0,205,15,8.8,14.5,2.2,205,13,8.4,12.8,2.0,205,15,502,29.63,,0,0,0,70.6,68.2,66.7,0.38,0.39,0.43
HAMM,2017-08-21 16:35:00 EDT,44.51302,-75.61729,367,79.4,79.2,79.4,61.7,65.1,0.000,0.000,0.00,0.000,7.4,11.7,2.2,207,19,7.9,13.0,2.0,209,18,7.4,11.7,2.2,207,19,493,29.63,,0,0,0,70.7,68.2,66.7,0.38,0.38,0.43
HAMM,2017-08-21 16:40:00 EDT,44.51302,-75.61729,367,79.3,79.2,79.3,61.5,64.9,0.000,0.000,0.00,0.000,8.1,13.5,2.2,213,17,8.8,13.4,2.4,213,17,8.1,13.5,2.2,213,17,480,29.63,,0,0,0,70.7,68.2,66.7,0.38,0.38,0.43
HAMM,2017-08-21 16:45:00 EDT,44.51302,-75.61729,367,79.3,79.2,79.3,60.5,64.5,0.000,0.000,0.00,0.000,6.5,11.8,2.3,210,18,7.0,11.9,2.1,212,14,6.5,11.8,2.3,210,18,466,29.63,,0,0,0,70.7,68.2,66.7,0.38,0.39,0.43
HAMM,2017-08-21 16:50:00 EDT,44.51302,-75.61729,367,79.3,79.2,79.3,61.8,65.1,0.000,0.000,0.00,0.000,6.5,11.2,1.8,209,16,6.9,10.8,1.8,210,15,6.5,11.2,1.8,209,16,454,29.63,,0,0,0,70.7,68.2,66.7,0.38,0.39,0.43
HAMM,2017-08-21 16:55:00 EDT,44.51302,-75.61729,367,79.4,79.2,79.4,62.3,65.4,0.000,0.000,0.00,0.000,6.1,10.0,1.9,208,21,6.7,11.2,1.8,209,20,6.1,10.0,1.9,208,21,442,29.63,,0,0,0,70.7,68.2,66.7,0.38,0.38,0.43
HAMM,2017-08-21 17:00:00 EDT,44.51302,-75.61729,367,79.5,79.3,79.5,61.8,65.2,0.000,0.000,0.00,0.000,7.4,14.8,2.7,205,16,7.7,13.5,2.6,206,14,7.4,14.8,2.7,205,16,429,29.63,,0,0,0,70.7,68.2,66.7,0.38,0.38,0.43
HAMM,2017-08-21 17:05:00 EDT,44.51302,-75.61729,367,79.1,79.1,79.1,60.9,64.5,0.000,0.000,0.00,0.000,8.9,13.7,2.1,210,12,9.5,14.5,2.3,209,11,8.9,13.7,2.1,210,12,414,29.63,,0,0,0,70.7,68.2,66.7,0.38,0.38,0.43
HAMM,2017-08-21 17:10:00 EDT,44.51302,-75.61729,367,79.1,79.1,79.1,62.3,65.1,0.000,0.000,0.00,0.000,5.2,9.4,1.7,199,20,5.9,9.9,1.6,202,17,5.2,9.4,1.7,199,20,399,29.63,,0,0,0,70.7,68.2,66.7,0.38,0.39,0.43
HAMM,2017-08-21 17:15:00 EDT,44.51302,-75.61729,367,79.0,79.0,79.0,61.2,64.5,0.000,0.000,0.00,0.000,7.9,12.3,2.1,204,14,8.7,14.5,2.3,205,12,7.9,12.3,2.1,204,14,384,29.63,,0,0,0,70.7,68.2,66.7,0.38,0.39,0.43
HAMM,2017-08-21 17:20:00 EDT,44.51302,-75.61729,367,79.0,78.9,79.0,61.9,64.8,0.000,0.000,0.00,0.000,6.2,10.3,2.4,193,21,6.9,12.1,2.5,195,18,6.2,10.3,2.4,193,21,372,29.62,,0,0,0,70.7,68.2,66.7,0.38,0.39,0.43
HAMM,2017-08-21 17:25:00 EDT,44.51302,-75.61729,367,78.9,78.9,78.9,62.2,64.9,0.000,0.000,0.00,0.000,7.0,11.6,2.3,202,16,7.5,12.2,2.4,202,15,7.0,11.6,2.3,202,16,364,29.62,,0,0,0,70.7,68.2,66.7,0.38,0.38,0.43
HAMM,2017-08-21 17:30:00 EDT,44.51302,-75.61729,367,78.9,78.9,78.9,62.2,64.8,0.000,0.000,0.00,0.000,8.7,15.9,2.7,205,14,9.4,17.2,2.8,205,12,8.7,15.9,2.7,205,14,349,29.62,,0,0,0,70.7,68.2,66.7,0.38,0.39,0.43
HAMM,2017-08-21 17:35:00 EDT,44.51302,-75.61729,367,78.8,78.8,78.8,61.7,64.5,0.000,0.000,0.00,0.000,8.1,16.5,3.9,204,17,8.8,17.1,3.9,203,15,8.1,16.5,3.9,204,17,334,29.62,,0,0,0,70.7,68.2,66.7,0.38,0.38,0.43
HAMM,2017-08-21 17:40:00 EDT,44.51302,-75.61729,367,78.7,78.7,78.7,62.0,64.6,0.000,0.000,0.00,0.000,6.8,12.0,1.7,200,18,7.2,13.2,1.9,200,15,6.8,12.0,1.7,200,18,320,29.62,,0,0,0,70.7,68.2,66.7,0.38,0.39,0.43
HAMM,2017-08-21 17:45:00 EDT,44.51302,-75.61729,367,78.7,78.7,78.7,61.5,64.3,0.000,0.000,0.00,0.000,5.8,12.5,2.0,208,15,6.5,13.2,2.0,209,13,5.8,12.5,2.0,208,15,312,29.62,,0,0,0,70.7,68.2,66.7,0.38,0.38,0.43
HAMM,2017-08-21 17:50:00 EDT,44.51302,-75.61729,367,78.6,78.7,78.6,61.9,64.5,0.000,0.000,0.00,0.000,6.2,11.7,1.9,204,16,6.6,12.4,2.0,205,13,6.2,11.7,1.9,204,16,297,29.62,,0,0,0,70.7,68.2,66.7,0.38,0.39,0.43
HAMM,2017-08-21 17:55:00 EDT,44.51302,-75.61729,367,78.6,78.7,78.6,62.0,64.5,0.000,0.000,0.00,0.000,7.0,12.1,1.8,204,17,7.5,13.7,1.8,205,14,7.0,12.1,1.8,204,17,278,29.62,,0,0,0,70.7,68.2,66.7,0.38,0.38,0.43
HAMM,2017-08-21 18:00:00 EDT,44.51302,-75.61729,367,78.5,78.6,78.5,61.9,64.4,0.000,0.000,0.00,0.000,7.3,11.0,1.7,219,17,7.7,13.0,2.0,220,16,7.3,11.0,1.7,219,17,258,29.62,,0,0,0,70.7,68.2,66.7,0.38,0.39,0.43
HAMM,2017-08-21 18:05:00 EDT,44.51302,-75.61729,367,78.4,78.5,78.4,62.9,64.7,0.000,0.000,0.00,0.000,5.7,10.4,2.1,226,15,6.2,11.1,2.0,229,14,5.7,10.4,2.1,226,15,245,29.63,,0,0,0,70.7,68.2,66.7,0.38,0.39,0.43
HAMM,2017-08-21 18:10:00 EDT,44.51302,-75.61729,367,78.4,78.5,78.4,63.8,65.1,0.000,0.000,0.00,0.000,5.2,9.3,1.3,226,17,5.5,9.5,1.4,228,17,5.2,9.3,1.3,226,17,231,29.62,,0,0,0,70.7,68.2,66.7,0.38,0.39,0.43
HAMM,2017-08-21 18:15:00 EDT,44.51302,-75.61729,367,78.2,78.4,78.2,65.0,65.5,0.000,0.000,0.00,0.000,4.6,8.8,1.9,218,16,5.0,9.0,1.7,218,15,4.6,8.8,1.9,218,16,219,29.62,,0,0,0,70.7,68.3,66.7,0.38,0.39,0.42
HAMM,2017-08-21 18:20:00 EDT,44.51302,-75.61729,367,78.1,78.2,78.1,66.2,65.9,0.000,0.000,0.00,0.000,4.3,7.9,1.2,218,14,4.6,9.0,1.2,219,14,4.3,7.9,1.2,218,14,206,29.62,,0,0,0,70.7,68.4,66.7,0.38,0.39,0.42
HAMM,2017-08-21 18:25:00 EDT,44.51302,-75.61729,367,78.0,78.2,78.0,65.7,65.6,0.000,0.000,0.00,0.000,6.7,12.6,2.3,213,20,7.2,11.9,2.2,212,20,6.7,12.6,2.3,213,20,191,29.62,,0,0,0,70.7,68.3,66.7,0.38,0.39,0.42
HAMM,2017-08-21 18:30:00 EDT,44.51302,-75.61729,367,77.8,78.1,77.8,65.0,65.1,0.000,0.000,0.00,0.000,7.1,14.5,2.3,215,17,7.5,15.0,2.4,217,16,7.1,14.5,2.3,215,17,170,29.62,,0,0,0,70.7,68.5,66.7,0.38,0.38,0.42
HAMM,2017-08-21 18:35:00 EDT,44.51302,-75.61729,367,77.5,77.8,77.5,65.5,65.1,0.000,0.000,0.00,0.000,6.6,12.6,2.0,217,17,6.8,13.3,2.0,218,16,6.6,12.6,2.0,217,17,168,29.62,,0,0,0,70.7,68.5,66.7,0.38,0.39,0.42
HAMM,2017-08-21 18:40:00 EDT,44.51302,-75.61729,367,77.5,77.7,77.5,65.7,65.1,0.000,0.000,0.00,0.000,7.7,11.7,1.7,207,17,8.2,12.3,2.0,208,15,7.7,11.7,1.7,207,17,155,29.62,,0,0,0,70.7,68.5,66.7,0.38,0.38,0.42
HAMM,2017-08-21 18:45:00 EDT,44.51302,-75.61729,367,77.2,77.5,77.2,66.0,65.0,0.000,0.000,0.00,0.000,6.8,11.5,1.7,212,14,7.2,12.0,1.9,213,12,6.8,11.5,1.7,212,14,140,29.62,,0,0,0,70.7,68.5,66.7,0.38,0.38,0.42
HAMM,2017-08-21 18:50:00 EDT,44.51302,-75.61729,367,76.9,77.3,76.9,66.6,65.0,0.000,0.000,0.00,0.000,7.1,11.3,1.7,214,16,7.4,12.1,1.7,214,15,7.1,11.3,1.7,214,16,126,29.62,,0,0,0,70.7,68.5,66.7,0.38,0.39,0.42
HAMM,2017-08-21 18:55:00 EDT,44.51302,-75.61729,367,76.7,77.1,76.7,67.0,64.9,0.000,0.000,0.00,0.000,6.2,9.9,1.7,209,16,6.6,10.5,1.8,210,13,6.2,9.9,1.7,209,16,114,29.62,,0,0,0,70.7,68.5,66.7,0.38,0.39,0.42
HAMM,2017-08-21 19:00:00 EDT,44.51302,-75.61729,367,76.6,76.9,76.6,67.3,64.9,0.000,0.000,0.00,0.000,6.1,11.1,1.7,208,13,6.5,10.5,1.7,210,12,6.1,11.1,1.7,208,13,102,29.62,,0,0,0,70.7,68.5,66.7,0.38,0.39,0.42
HAMM,2017-08-21 19:05:00 EDT,44.51302,-75.61729,367,76.4,76.8,76.4,67.8,64.9,0.000,0.000,0.00,0.000,5.8,9.0,1.5,207,15,6.4,10.5,1.6,209,13,5.8,9.0,1.5,207,15,90,29.61,,0,0,0,70.7,68.5,66.7,0.38,0.38,0.42
HAMM,2017-08-21 19:10:00 EDT,44.51302,-75.61729,367,76.2,76.7,76.2,68.0,64.9,0.000,0.000,0.00,0.000,7.0,11.2,1.6,210,12,7.2,12.2,1.9,211,12,7.0,11.2,1.6,210,12,77,29.61,,0,0,0,70.7,68.5,66.7,0.38,0.38,0.42
HAMM,2017-08-21 19:15:00 EDT,44.51302,-75.61729,367,75.9,76.3,75.9,68.6,64.8,0.000,0.000,0.00,0.000,5.7,9.9,1.6,209,12,6.0,10.1,1.8,210,12,5.7,9.9,1.6,209,12,67,29.61,,0,0,0,70.7,68.5,66.7,0.38,0.39,0.42
HAMM,2017-08-21 19:20:00 EDT,44.51302,-75.61729,367,75.7,76.2,75.7,69.0,64.8,0.000,0.000,0.00,0.000,5.4,11.0,1.9,211,15,5.9,10.4,1.8,212,15,5.4,11.0,1.9,211,15,57,29.61,,0,0,0,70.7,68.5,66.7,0.38,0.38,0.42
HAMM,2017-08-21 19:25:00 EDT,44.51302,-75.61729,367,75.4,76.0,75.4,69.3,64.7,0.000,0.000,0.00,0.000,4.7,7.5,1.4,211,18,5.1,8.5,1.5,213,16,4.7,7.5,1.4,211,18,47,29.61,,0,0,0,70.7,68.5,66.7,0.38,0.39,0.42
HAMM,2017-08-21 19:30:00 EDT,44.51302,-75.61729,367,75.4,75.9,75.4,69.2,64.6,0.000,0.000,0.00,0.000,6.0,9.4,1.4,216,13,6.2,9.7,1.4,216,12,6.0,9.4,1.4,216,13,35,29.61,,0,0,0,70.7,68.5,66.7,0.38,0.38,0.42
HAMM,2017-08-21 19:35:00 EDT,44.51302,-75.61729,367,75.0,75.7,75.0,70.2,64.7,0.000,0.000,0.00,0.000,5.1,8.2,1.3,208,15,5.6,8.8,1.4,209,12,5.1,8.2,1.3,208,15,23,29.61,,0,0,0,70.7,68.5,66.7,0.38,0.39,0.42
HAMM,2017-08-21 19:40:00 EDT,44.51302,-75.61729,367,75.1,75.6,75.1,70.7,64.9,0.000,0.000,0.00,0.000,5.1,9.9,1.6,200,16,5.6,10.6,1.8,201,14,5.1,9.9,1.6,200,16,18,29.61,,0,0,0,70.7,68.5,66.7,0.38,0.38,0.42
HAMM,2017-08-21 19:45:00 EDT,44.51302,-75.61729,367,74.8,75.5,74.8,71.2,64.8,0.000,0.000,0.00,0.000,5.5,9.3,1.6,206,15,5.7,9.8,1.7,205,14,5.5,9.3,1.6,206,15,13,29.61,,0,0,0,70.7,68.5,66.7,0.38,0.38,0.42
HAMM,2017-08-21 19:50:00 EDT,44.51302,-75.61729,367,74.6,75.2,74.6,71.7,64.8,0.000,0.000,0.00,0.000,5.3,11.1,1.7,211,15,5.6,10.1,1.9,212,13,5.3,11.1,1.7,211,15,9,29.61,,0,0,0,70.7,68.5,66.7,0.38,0.38,0.42
HAMM,2017-08-21 19:55:00 EDT,44.51302,-75.61729,367,74.3,74.9,74.3,72.3,64.8,0.000,0.000,0.00,0.000,4.9,9.4,1.5,208,15,5.3,10.3,1.7,209,13,4.9,9.4,1.5,208,15,6,29.61,,0,0,0,70.7,68.5,66.7,0.38,0.39,0.42
HAMM,2017-08-21 20:00:00 EDT,44.51302,-75.61729,367,74.1,74.7,74.1,72.5,64.7,0.000,0.000,0.00,0.000,5.1,7.6,1.1,210,14,5.3,8.3,1.3,211,13,5.1,7.6,1.1,210,14,4,29.61,,0,0,0,70.7,68.5,66.7,0.38,0.38,0.42
HAMM,2017-08-21 20:05:00 EDT,44.51302,-75.61729,367,73.9,74.6,73.9,72.7,64.6,0.000,0.000,0.00,0.000,5.8,9.3,1.3,208,14,6.1,9.6,1.5,209,13,5.8,9.3,1.3,208,14,2,29.61,,0,0,0,70.7,68.5,66.7,0.38,0.39,0.42
HAMM,2017-08-21 20:10:00 EDT,44.51302,-75.61729,367,73.8,74.4,73.8,72.8,64.5,0.000,0.000,0.00,0.000,5.1,8.5,1.4,205,13,5.5,9.6,1.4,206,11,5.1,8.5,1.4,205,13,1,29.61,,0,0,0,70.7,68.5,66.7,0.38,0.39,0.42
HAMM,2017-08-21 20:15:00 EDT,44.51302,-75.61729,367,73.5,74.1,73.5,73.6,64.6,0.000,0.000,0.00,0.000,4.5,6.7,1.0,204,16,5.0,8.4,1.1,204,13,4.5,6.7,1.0,204,16,0,29.61,,0,0,0,70.7,68.5,66.7,0.38,0.39,0.42
HAMM,2017-08-21 20:20:00 EDT,44.51302,-75.61729,367,73.3,74.1,73.3,74.3,64.6,0.000,0.000,0.00,0.000,4.8,7.6,1.3,202,15,5.4,8.4,1.4,203,13,4.8,7.6,1.3,202,15,0,29.61,,0,0,0,70.7,68.5,66.7,0.38,0.39,0.42
HAMM,2017-08-21 20:25:00 EDT,44.51302,-75.61729,367,73.4,74.0,73.4,74.3,64.8,0.000,0.000,0.00,0.000,5.2,9.8,1.5,203,20,5.7,10.3,1.6,205,15,5.2,9.8,1.5,203,20,0,29.61,,0,0,0,70.7,68.5,66.7,0.38,0.38,0.42
HAMM,2017-08-21 20:30:00 EDT,44.51302,-75.61729,367,73.1,73.6,73.1,75.1,64.7,0.000,0.000,0.00,0.000,4.4,7.7,1.3,211,18,4.7,8.6,1.3,212,17,4.4,7.7,1.3,211,18,0,29.62,,0,0,0,70.7,68.5,66.7,0.38,0.38,0.42
HAMM,2017-08-21 20:35:00 EDT,44.51302,-75.61729,367,72.6,73.3,72.6,75.9,64.6,0.000,0.000,0.00,0.000,4.7,7.4,1.1,211,16,5.1,8.3,1.2,211,15,4.7,7.4,1.1,211,16,0,29.62,,0,0,0,70.7,68.5,66.7,0.38,0.39,0.42
HAMM,2017-08-21 20:40:00 EDT,44.51302,-75.61729,367,72.7,73.4,72.7,76.4,64.8,0.000,0.000,0.00,0.000,5.6,9.2,1.5,205,15,6.0,10.5,1.7,205,14,5.6,9.2,1.5,205,15,0,29.62,,0,0,0,70.7,68.5,66.7,0.38,0.39,0.42
HAMM,2017-08-21 20:45:00 EDT,44.51302,-75.61729,367,72.8,73.3,72.8,76.3,64.9,0.000,0.000,0.00,0.000,5.4,10.8,1.9,209,13,5.8,10.7,1.8,209,11,5.4,10.8,1.9,209,13,0,29.62,,0,0,0,70.7,68.5,66.7,0.38,0.38,0.42
HAMM,2017-08-21 20:50:00 EDT,44.51302,-75.61729,367,72.7,73.3,72.7,76.4,64.9,0.000,0.000,0.00,0.000,5.8,10.4,2.0,203,14,6.2,10.7,2.0,202,14,5.8,10.4,2.0,203,14,0,29.62,,0,0,0,70.7,68.5,66.7,0.38,0.38,0.42
HAMM,2017-08-21 20:55:00 EDT,44.51302,-75.61729,367,72.8,73.3,72.8,76.0,64.8,0.000,0.000,0.00,0.000,6.1,10.9,1.5,210,14,6.6,11.2,1.5,212,12,6.1,10.9,1.5,210,14,0,29.61,,0,0,0,70.7,68.5,66.7,0.38,0.38,0.42
HAMM,2017-08-21 21:00:00 EDT,44.51302,-75.61729,367,72.6,73.1,72.6,76.3,64.7,0.000,0.000,0.00,0.000,5.1,8.2,1.2,209,15,5.5,8.5,1.4,209,12,5.1,8.2,1.2,209,15,0,29.61,,0,0,0,70.7,68.5,66.8,0.38,0.38,0.42
HAMM,2017-08-21 21:05:00 EDT,44.51302,-75.61729,367,72.2,72.9,72.2,76.8,64.5,0.000,0.000,0.00,0.000,4.7,7.5,1.3,219,14,5.0,7.9,1.4,219,14,4.7,7.5,1.3,219,14,0,29.61,,0,0,0,70.7,68.5,66.7,0.38,0.38,0.42
HAMM,2017-08-21 21:10:00 EDT,44.51302,-75.61729,367,71.8,72.6,71.8,77.4,64.3,0.000,0.000,0.00,0.000,4.1,8.0,1.3,236,14,4.3,8.0,1.4,238,14,4.1,8.0,1.3,236,14,0,29.62,,0,0,0,70.7,68.5,66.7,0.38,0.38,0.42
HAMM,2017-08-21 21:15:00 EDT,44.51302,-75.61729,367,71.7,72.4,71.7,78.2,64.5,0.000,0.000,0.00,0.000,4.7,7.6,1.2,217,14,4.9,8.1,1.2,219,12,4.7,7.6,1.2,217,14,0,29.62,,0,0,0,70.7,68.5,66.8,0.38,0.39,0.42
HAMM,2017-08-21 21:20:00 EDT,44.51302,-75.61729,367,71.7,72.2,71.7,78.4,64.6,0.000,0.000,0.00,0.000,4.3,6.7,1.1,214,14,4.6,7.4,1.2,215,11,4.3,6.7,1.1,214,14,0,29.62,,0,0,0,70.7,68.5,66.7,0.38,0.39,0.42
HAMM,2017-08-21 21:25:00 EDT,44.51302,-75.61729,367,71.4,72.0,71.4,79.2,64.6,0.000,0.000,0.00,0.000,4.1,7.3,1.1,211,14,4.2,7.3,1.3,212,13,4.1,7.3,1.1,211,14,0,29.62,,0,0,0,70.7,68.5,66.8,0.38,0.39,0.42
HAMM,2017-08-21 21:30:00 EDT,44.51302,-75.61729,367,71.3,72.0,71.3,79.8,64.7,0.000,0.000,0.00,0.000,4.3,8.8,1.4,205,13,4.6,8.2,1.3,206,13,4.3,8.8,1.4,205,13,0,29.62,,0,0,0,70.7,68.5,66.8,0.38,0.39,0.42
HAMM,2017-08-21 21:35:00 EDT,44.51302,-75.61729,367,71.1,71.8,71.1,80.1,64.7,0.000,0.000,0.00,0.000,4.3,7.2,1.3,211,14,4.4,7.4,1.3,212,13,4.3,7.2,1.3,211,14,0,29.62,,0,0,0,70.7,68.5,66.8,0.38,0.39,0.42
HAMM,2017-08-21 21:40:00 EDT,44.51302,-75.61729,367,70.8,71.6,70.8,80.6,64.6,0.000,0.000,0.00,0.000,3.2,5.1,1.0,224,15,3.3,6.6,1.0,225,12,3.2,5.1,1.0,224,15,0,29.62,,0,0,0,70.7,68.5,66.8,0.38,0.38,0.42
HAMM,2017-08-21 21:45:00 EDT,44.51302,-75.61729,367,70.6,71.4,70.6,81.2,64.5,0.000,0.000,0.00,0.000,3.5,5.5,0.9,223,13,3.5,6.2,1.1,225,13,3.5,5.5,0.9,223,13,0,29.62,,0,0,0,70.7,68.5,66.9,0.38,0.39,0.42
HAMM,2017-08-21 21:50:00 EDT,44.51302,-75.61729,367,70.3,71.4,70.3,82.3,64.6,0.000,0.000,0.00,0.000,4.0,6.3,1.0,229,13,4.1,6.2,1.0,231,13,4.0,6.3,1.0,229,13,0,29.62,,0,0,0,70.6,68.5,67.0,0.38,0.39,0.42
HAMM,2017-08-21 21:55:00 EDT,44.51302,-75.61729,367,70.5,71.4,70.5,82.5,64.9,0.000,0.000,0.00,0.000,4.7,6.4,0.9,217,11,4.9,7.3,1.1,219,9,4.7,6.4,0.9,217,11,0,29.62,,0,0,0,70.5,68.5,67.0,0.38,0.38,0.42
HAMM,2017-08-21 22:00:00 EDT,44.51302,-75.61729,367,70.5,71.3,70.5,82.4,64.9,0.000,0.000,0.00,0.000,4.3,8.3,1.5,221,12,4.5,8.5,1.6,224,11,4.3,8.3,1.5,221,12,0,29.62,,0,0,0,70.5,68.5,67.0,0.38,0.39,0.42
HAMM,2017-08-21 22:05:00 EDT,44.51302,-75.61729,367,70.4,71.1,70.4,82.6,64.8,0.000,0.000,0.00,0.000,3.9,6.8,1.0,220,15,4.1,7.0,1.1,221,14,3.9,6.8,1.0,220,15,0,29.62,,0,0,0,70.3,68.5,67.1,0.38,0.38,0.42
HAMM,2017-08-21 22:10:00 EDT,44.51302,-75.61729,367,70.3,71.0,70.3,83.2,64.9,0.000,0.000,0.00,0.000,4.4,6.6,1.2,220,13,4.7,7.8,1.2,221,13,4.4,6.6,1.2,220,13,0,29.62,,0,0,0,70.3,68.5,67.1,0.38,0.38,0.42
HAMM,2017-08-21 22:15:00 EDT,44.51302,-75.61729,367,70.3,71.0,70.3,83.3,64.9,0.000,0.000,0.00,0.000,4.1,6.7,0.9,219,12,4.2,6.6,1.0,220,10,4.1,6.7,0.9,219,12,0,29.62,,0,0,0,70.3,68.5,67.1,0.38,0.38,0.42
HAMM,2017-08-21 22:20:00 EDT,44.51302,-75.61729,367,70.3,70.9,70.3,83.5,65.0,0.000,0.000,0.00,0.000,3.5,5.9,0.9,214,14,3.8,6.2,1.0,216,13,3.5,5.9,0.9,214,14,0,29.62,,0,0,0,70.3,68.5,67.1,0.38,0.38,0.42
HAMM,2017-08-21 22:25:00 EDT,44.51302,-75.61729,367,70.3,70.9,70.3,83.7,65.1,0.000,0.000,0.00,0.000,3.8,7.0,1.2,213,14,4.0,7.2,1.2,214,14,3.8,7.0,1.2,213,14,0,29.62,,0,0,0,70.3,68.5,67.1,0.38,0.38,0.42
HAMM,2017-08-21 22:30:00 EDT,44.51302,-75.61729,367,70.2,70.7,70.2,83.6,65.0,0.000,0.000,0.00,0.000,4.1,6.8,1.3,213,17,4.4,7.5,1.2,215,15,4.1,6.8,1.3,213,17,0,29.62,,0,0,0,70.3,68.6,67.1,0.38,0.38,0.42
HAMM,2017-08-21 22:35:00 EDT,44.51302,-75.61729,367,69.9,70.6,69.9,84.3,64.9,0.000,0.000,0.00,0.000,3.9,7.2,1.3,208,13,4.3,7.6,1.4,209,12,3.9,7.2,1.3,208,13,0,29.62,,0,0,0,70.3,68.5,67.1,0.38,0.38,0.42
HAMM,2017-08-21 22:40:00 EDT,44.51302,-75.61729,367,70.0,70.6,70.0,84.6,65.2,0.000,0.000,0.00,0.000,4.5,7.4,1.4,212,15,4.6,8.3,1.4,212,14,4.5,7.4,1.4,212,15,0,29.62,,0,0,0,70.3,68.5,67.1,0.38,0.38,0.42
HAMM,2017-08-21 22:45:00 EDT,44.51302,-75.61729,367,70.1,70.6,70.1,84.3,65.1,0.000,0.000,0.00,0.000,4.9,8.1,1.1,213,14,5.2,9.2,1.3,214,13,4.9,8.1,1.1,213,14,0,29.62,,0,0,0,70.3,68.6,67.1,0.38,0.38,0.42
HAMM,2017-08-21 22:50:00 EDT,44.51302,-75.61729,367,70.0,70.5,70.0,84.5,65.1,0.000,0.000,0.00,0.000,5.0,8.1,1.1,218,13,5.2,7.3,1.0,221,11,5.0,8.1,1.1,218,13,0,29.62,,0,0,0,70.3,68.6,67.1,0.38,0.38,0.42
HAMM,2017-08-21 22:55:00 EDT,44.51302,-75.61729,367,69.9,70.4,69.9,84.9,65.1,0.000,0.000,0.00,0.000,5.6,8.3,1.2,220,13,5.7,8.5,1.3,220,11,5.6,8.3,1.2,220,13,0,29.62,,0,0,0,70.3,68.5,67.1,0.38,0.38,0.42
HAMM,2017-08-21 23:00:00 EDT,44.51302,-75.61729,367,69.9,70.4,69.9,84.9,65.2,0.000,0.000,0.00,0.000,5.3,10.4,1.5,212,16,5.5,10.3,1.6,215,13,5.3,10.4,1.5,212,16,0,29.62,,0,0,0,70.3,68.6,67.1,0.38,0.38,0.42
HAMM,2017-08-21 23:05:00 EDT,44.51302,-75.61729,367,70.0,70.4,70.0,85.2,65.3,0.000,0.000,0.00,0.000,5.2,7.7,1.3,215,14,5.4,8.6,1.4,217,12,5.2,7.7,1.3,215,14,0,29.61,,0,0,0,70.3,68.6,67.1,0.38,0.38,0.42
HAMM,2017-08-21 23:10:00 EDT,44.51302,-75.61729,367,70.1,70.6,70.1,84.9,65.3,0.000,0.000,0.00,0.000,5.3,9.1,1.4,214,13,5.5,9.3,1.5,215,12,5.3,9.1,1.4,214,13,0,29.61,,0,0,0,70.3,68.6,67.1,0.38,0.38,0.42
HAMM,2017-08-21 23:15:00 EDT,44.51302,-75.61729,367,70.0,70.5,70.0,85.2,65.3,0.000,0.000,0.00,0.000,4.7,7.2,1.1,215,13,5.1,8.0,1.2,216,12,4.7,7.2,1.1,215,13,0,29.61,,0,0,0,70.3,68.7,67.1,0.38,0.38,0.42
HAMM,2017-08-21 23:20:00 EDT,44.51302,-75.61729,367,69.9,70.5,69.9,85.4,65.4,0.000,0.000,0.00,0.000,4.1,7.9,1.4,213,15,4.4,7.9,1.4,214,14,4.1,7.9,1.4,213,15,0,29.61,,0,0,0,70.3,68.6,67.1,0.38,0.38,0.42
HAMM,2017-08-21 23:25:00 EDT,44.51302,-75.61729,367,69.7,70.3,69.7,85.9,65.3,0.000,0.000,0.00,0.000,3.3,6.9,0.9,213,15,3.6,6.8,1.0,214,14,3.3,6.9,0.9,213,15,0,29.61,,0,0,0,70.3,68.7,67.1,0.38,0.38,0.42
HAMM,2017-08-21 23:30:00 EDT,44.51302,-75.61729,367,69.6,70.1,69.6,86.3,65.3,0.000,0.000,0.00,0.000,2.0,3.9,0.7,208,19,2.3,4.2,0.7,208,18,2.0,3.9,0.7,208,19,0,29.61,,0,0,0,70.1,68.7,67.1,0.38,0.38,0.42
HAMM,2017-08-21 23:35:00 EDT,44.51302,-75.61729,367,69.3,69.9,69.3,86.7,65.2,0.000,0.000,0.00,0.000,2.6,5.1,0.9,212,16,2.9,5.7,0.9,213,15,2.6,5.1,0.9,212,16,0,29.61,,0,0,0,70.0,68.7,67.1,0.38,0.38,0.42
HAMM,2017-08-21 23:40:00 EDT,44.51302,-75.61729,367,69.3,69.9,69.3,86.9,65.3,0.000,0.000,0.00,0.000,4.1,6.6,1.3,216,14,4.4,6.7,1.4,217,13,4.1,6.6,1.3,216,14,0,29.61,,0,0,0,70.0,68.7,67.1,0.38,0.38,0.42
HAMM,2017-08-21 23:45:00 EDT,44.51302,-75.61729,367,69.3,69.7,69.3,87.1,65.3,0.000,0.000,0.00,0.000,3.2,6.3,1.2,221,15,3.4,6.5,1.3,224,13,3.2,6.3,1.2,221,15,0,29.61,,0,0,0,70.0,68.7,67.1,0.38,0.38,0.42
HAMM,2017-08-21 23:50:00 EDT,44.51302,-75.61729,367,69.0,69.7,69.0,87.5,65.1,0.000,0.000,0.00,0.000,3.4,4.8,0.7,228,14,3.3,5.6,0.9,228,13,3.4,4.8,0.7,228,14,0,29.61,,0,0,0,70.0,68.7,67.1,0.38,0.38,0.42
HAMM,2017-08-21 23:55:00 EDT,44.51302,-75.61729,367,69.0,69.8,69.0,87.9,65.3,0.000,0.000,0.00,0.000,3.8,5.2,0.8,222,12,3.9,6.1,1.0,223,10,3.8,5.2,0.8,222,12,0,29.61,,0,0,0,70.0,68.7,67.1,0.38,0.38,0.42
HARP,2017-08-21 00:00:00 EDT,42.47280,-74.69849,1706,55.4,56.5,55.4,97.8,54.8,0.000,0.000,0.00,0.000,0.1,0.8,0.2,321,0,0.3,1.4,0.5,327,27,0.1,0.8,0.2,321,0,0,28.39,,0,0,0,70.0,69.3,66.6,0.15,0.40,0.25
HARP,2017-08-21 00:05:00 EDT,42.47280,-74.69849,1706,54.7,55.2,54.7,97.4,53.9,0.000,0.000,0.00,0.000,0.4,1.2,0.5,152,7,0.6,1.6,0.7,152,4,0.4,1.2,0.5,152,7,0,28.40,,0,0,0,70.0,69.3,66.6,0.15,0.40,0.25
HARP,2017-08-21 00:10:00 EDT,42.47280,-74.69849,1706,54.5,55.6,54.5,97.2,53.8,0.000,0.000,0.00,0.000,0.3,1.5,0.5,332,2,0.8,2.1,0.7,343,4,0.3,1.5,0.5,332,2,0,28.40,,0,0,0,70.0,69.3,66.6,0.15,0.40,0.25
HARP,2017-08-21 00:15:00 EDT,42.47280,-74.69849,1706,55.0,56.4,55.0,97.7,54.3,0.000,0.000,0.00,0.000,1.1,1.8,0.6,341,1,1.6,2.5,0.9,345,7,1.1,1.8,0.6,341,1,0,28.40,,0,0,0,69.9,69.3,66.6,0.15,0.40,0.25
HARP,2017-08-21 00:20:00 EDT,42.47280,-74.69849,1706,55.1,55.9,55.1,97.9,54.5,0.000,0.000,0.00,0.000,0.0,0.0,0.0,0,0,0.1,0.8,0.2,76,2,0.0,0.0,0.0,0,0,0,28.40,,0,0,0,69.7,69.3,66.7,0.15,0.40,0.25
HARP,2017-08-21 00:25:00 EDT,42.47280,-74.69849,1706,55.1,55.8,55.1,98.1,54.5,0.000,0.000,0.00,0.000,0.0,0.0,0.0,0,0,0.2,0.8,0.3,73,4,0.0,0.0,0.0,0,0,0,28.40,,0,0,0,69.6,69.3,66.7,0.15,0.40,0.25
HARP,2017-08-21 00:30:00 EDT,42.47280,-74.69849,1706,55.0,55.9,55.0,98.1,54.5,0.000,0.000,0.00,0.000,0.0,0.2,0.1,33,0,0.3,0.9,0.4,48,6,0.0,0.2,0.1,33,0,0,28.40,,0,0,0,69.6,69.3,66.7,0.15,0.40,0.25
HARP,2017-08-21 00:35:00 EDT,42.47280,-74.69849,1706,55.1,56.2,55.1,98.2,54.6,0.000,0.000,0.00,0.000,0.0,0.0,0.0,0,0,0.3,1.2,0.4,350,6,0.0,0.0,0.0,0,0,0,28.40,,0,0,0,69.6,69.3,66.7,0.15,0.40,0.25
HARP,2017-08-21 00:40:00 EDT,42.47280,-74.69849,1706,55.3,56.3,55.3,98.3,54.8,0.000,0.000,0.00,0.000,0.1,0.8,0.3,8,0,0.8,1.4,0.4,356,18,0.1,0.8,0.3,8,0,0,28.40,,0,0,0,69.6,69.3,66.7,0.15,0.40,0.25
HARP,2017-08-21 00:45:00 EDT,42.47280,-74.69849,1706,55.2,56.0,55.2,98.3,54.7,0.000,0.000,0.00,0.000,0.1,0.8,0.2,88,0,0.9,1.4,0.2,70,18,0.1,0.8,0.2,88,0,0,28.40,,0,0,0,69.6,69.3,66.7,0.15,0.40,0.25
HARP,2017-08-21 00:50:00 EDT,42.47280,-74.69849,1706,54.5,55.6,54.5,98.1,54.0,0.000,0.000,0.00,0.000,0.0,0.0,0.0,0,0,0.7,1.2,0.4,359,29,0.0,0.0,0.0,0,0,0,28.40,,0,0,0,69.6,69.3,66.7,0.15,0.40,0.25
HARP,2017-08-21 00:55:00 EDT,42.47280,-74.69849,1706,54.7,56.0,54.7,98.1,54.2,0.000,0.000,0.00,0.000,0.9,1.5,0.4,332,2,1.4,2.1,0.3,336,5,0.9,1.5,0.4,332,2,0,28.40,,0,0,0,69.6,69.3,66.7,0.15,0.40,0.25
HARP,2017-08-21 01:00:00 EDT,42.47280,-74.69849,1706,54.4,56.0,54.4,98.2,53.8,0.000,0.000,0.00,0.000,0.0,0.5,0.1,333,0,0.2,1.1,0.4,347,4,0.0,0.5,0.1,333,0,0,28.40,,0,0,0,69.6,69.3,66.7,0.15,0.40,0.25
HARP,2017-08-21 01:05:00 EDT,42.47280,-74.69849,1706,54.4,55.4,54.4,98.1,53.9,0.000,0.000,0.00,0.000,0.3,0.8,0.3,149,0,0.8,1.2,0.4,143,9,0.3,0.8,0.3,149,0,0,28.40,,0,0,0,69.6,69.3,66.7,0.15,0.40,0.25
HARP,2017-08-21 01:10:00 EDT,42.47280,-74.69849,1706,54.7,55.5,54.7,98.3,54.3,0.000,0.000,0.00,0.000,0.0,0.0,0.0,0,0,0.1,0.8,0.2,273,2,0.0,0.0,0.0,0,0,0,28.40,,0,0,0,69.6,69.3,66.7,0.15,0.40,0.25
HARP,2017-08-21 01:15:00 EDT,42.47280,-74.69849,1706,54.9,55.9,54.9,98.4,54.4,0.000,0.000,0.00,0.000,0.2,0.7,0.3,236,0,0.6,1.1,0.4,232,8,0.2,0.7,0.3,236,0,0,28.40,,0,0,0,69.4,69.3,66.7,0.15,0.40,0.25
HARP,2017-08-21 01:20:00 EDT,42.47280,-74.69849,1706,55.1,56.1,55.1,98.5,54.7,0.000,0.000,0.00,0.000,0.8,1.8,0.5,246,33,1.2,2.6,0.5,255,42,0.8,1.8,0.5,246,33,0,28.40,,0,0,0,69.3,69.3,66.7,0.15,0.40,0.25
HARP,2017-08-21 01:25:00 EDT,42.47280,-74.69849,1706,54.9,56.2,54.9,98.5,54.5,0.000,0.000,0.00,0.000,1.3,2.6,0.6,6,14,1.8,3.0,0.6,6,11,1.3,2.6,0.6,6,14,0,28.40,,0,0,0,69.3,69.3,66.7,0.15,0.40,0.25
HARP,2017-08-21 01:30:00 EDT,42.47280,-74.69849,1706,55.2,56.5,55.2,98.5,54.8,0.000,0.000,0.00,0.000,1.1,1.9,0.4,3,21,1.6,2.7,0.4,4,20,1.1,1.9,0.4,3,21,0,28.40,,0,0,0,69.3,69.3,66.7,0.15,0.40,0.25
HARP,2017-08-21 01:35:00 EDT,42.47280,-74.69849,1706,54.9,56.2,54.9,98.5,54.4,0.000,0.000,0.00,0.000,0.5,1.8,0.5,54,28,0.7,1.9,0.5,70,34,0.5,1.8,0.5,54,28,0,28.40,,0,0,0,69.3,69.3,66.7,0.15,0.40,0.25
HARP,2017-08-21 01:40:00 EDT,42.47280,-74.69849,1706,53.8,54.9,53.8,98.2,53.3,0.000,0.000,0.00,0.000,0.1,0.7,0.2,149,0,0.3,1.2,0.4,131,8,0.1,0.7,0.2,149,0,0,28.40,,0,0,0,69.3,69.3,66.7,0.15,0.40,0.25
HARP,2017-08-21 01:45:00 EDT,42.47280,-74.69849,1706,53.1,53.8,53.1,98.0,52.5,0.000,0.000,0.00,0.000,0.1,0.6,0.2,129,9,0.3,1.4,0.4,123,10,0.1,0.6,0.2,129,9,0,28.40,,0,0,0,69.3,69.3,66.7,0.15,0.40,0.25
HARP,2017-08-21 01:50:00 EDT,42.47280,-74.69849,1706,53.2,54.8,53.2,98.0,52.7,0.000,0.000,0.00,0.000,0.0,0.0,0.0,0,0,0.4,1.6,0.5,341,11,0.0,0.0,0.0,0,0,0,28.40,,0,0,0,69.3,69.3,66.7,0.15,0.40,0.25
HARP,2017-08-21 01:55:00 EDT,42.47280,-74.69849,1706,53.4,55.4,53.4,98.2,52.9,0.000,0.000,0.00,0.000,0.1,0.7,0.2,8,0,0.2,1.2,0.4,16,2,0.1,0.7,0.2,8,0,0,28.40,,0,0,0,69.3,69.3,66.7,0.15,0.40,0.25
HARP,2017-08-21 02:00:00 EDT,42.47280,-74.69849,1706,53.6,54.9,53.6,98.3,53.1,0.000,0.000,0.00,0.000,0.0,0.0,0.0,0,0,0.0,0.0,0.0,0,0,0.0,0.0,0.0,0,0,0,28.40,,0,0,0,69.3,69.3,66.7,0.15,0.40,0.25
HARP,2017-08-21 02:05:00 EDT,42.47280,-74.69849,1706,53.7,55.6,53.7,98.4,53.2,0.000,0.000,0.00,0.000,0.0,0.0,0.0,0,0,0.7,1.1,0.4,357,17,0.0,0.0,0.0,0,0,0,28.40,,0,0,0,69.3,69.3,66.7,0.15,0.40,0.25
HARP,2017-08-21 02:10:00 EDT,42.47280,-74.69849,1706,53.8,55.3,53.8,98.4,53.3,0.000,0.000,0.00,0.000,0.7,1.3,0.4,82,25,1.1,1.8,0.4,78,26,0.7,1.3,0.4,82,25,0,28.40,,0,0,0,69.2,69.3,66.7,0.15,0.40,0.25
HARP,2017-08-21 02:15:00 EDT,42.47280,-74.69849,1706,54.1,55.3,54.1,98.5,53.7,0.000,0.000,0.00,0.000,0.7,1.3,0.5,79,9,1.0,1.9,0.7,73,11,0.7,1.3,0.5,79,9,0,28.40,,0,0,0,69.2,69.3,66.7,0.15,0.40,0.25
HARP,2017-08-21 02:20:00 EDT,42.47280,-74.69849,1706,54.3,55.7,54.3,98.5,53.9,0.000,0.000,0.00,0.000,0.0,0.0,0.0,0,0,0.1,0.8,0.2,57,1,0.0,0.0,0.0,0,0,0,28.40,,0,0,0,69.1,69.3,66.7,0.15,0.40,0.25
HARP,2017-08-21 02:25:00 EDT,42.47280,-74.69849,1706,54.6,56.1,54.6,98.6,54.2,0.000,0.000,0.00,0.000,0.0,0.0,0.0,0,0,0.1,1.0,0.3,59,2,0.0,0.0,0.0,0,0,0,28.40,,0,0,0,68.9,69.3,66.7,0.15,0.40,0.25
HARP,2017-08-21 02:30:00 EDT,42.47280,-74.69849,1706,55.1,56.5,55.1,98.7,54.8,0.000,0.000,0.00,0.000,0.0,0.0,0.0,0,0,0.2,1.3,0.4,353,2,0.0,0.0,0.0,0,0,0,28.40,,0,0,0,68.9,69.3,66.7,0.14,0.40,0.25
HARP,2017-08-21 02:35:00 EDT,42.47280,-74.69849,1706,54.9,56.1,54.9,98.7,54.6,0.000,0.000,0.00,0.000,0.0,0.0,0.0,0,0,0.5,1.1,0.4,76,5,0.0,0.0,0.0,0,0,0,28.40,,0,0,0,68.9,69.3,66.7,0.14,0.40,0.25
HARP,2017-08-21 02:40:00 EDT,42.47280,-74.69849,1706,53.6,55.5,53.6,98.4,53.2,0.000,0.000,0.00,0.000,0.1,0.9,0.3,336,2,0.5,1.7,0.6,352,5,0.1,0.9,0.3,336,2,0,28.40,,0,0,0,68.9,69.3,66.7,0.14,0.40,0.25
HARP,2017-08-21 02:45:00 EDT,42.47280,-74.69849,1706,53.7,55.9,53.7,98.4,53.2,0.000,0.000,0.00,0.000,0.5,1.2,0.5,343,0,0.9,1.8,0.6,350,7,0.5,1.2,0.5,343,0,0,28.40,,0,0,0,68.9,69.3,66.7,0.14,0.40,0.25
HARP,2017-08-21 02:50:00 EDT,42.47280,-74.69849,1706,53.8,55.8,53.8,98.5,53.3,0.000,0.000,0.00,0.000,0.0,0.0,0.0,0,0,0.6,1.1,0.4,350,4,0.0,0.0,0.0,0,0,0,28.40,,0,0,0,68.9,69.3,66.7,0.15,0.40,0.25
HARP,2017-08-21 02:55:00 EDT,42.47280,-74.69849,1706,54.1,55.7,54.1,98.6,53.7,0.000,0.000,0.00,0.000,0.0,0.0,0.0,0,0,0.2,1.1,0.4,349,2,0.0,0.0,0.0,0,0,0,28.40,,0,0,0,68.9,69.3,66.7,0.14,0.40,0.25
HARP,2017-08-21 03:00:00 EDT,42.47280,-74.69849,1706,54.1,55.5,54.1,98.6,53.7,0.000,0.000,0.00,0.000,0.0,0.0,0.0,0,0,0.0,0.8,0.1,52,6,0.0,0.0,0.0,0,0,0,28.40,,0,0,0,68.9,69.3,66.7,0.14,0.40,0.25
HARP,2017-08-21 03:05:00 EDT,42.47280,-74.69849,1706,54.2,55.1,54.2,98.6,53.8,0.000,0.000,0.00,0.000,0.0,0.0,0.0,0,0,0.1,0.8,0.2,98,2,0.0,0.0,0.0,0,0,0,28.40,,0,0,0,68.9,69.3,66.7,0.15,0.40,0.25
HARP,2017-08-21 03:10:00 EDT,42.47280,-74.69849,1706,54.1,54.9,54.1,98.6,53.8,0.000,0.000,0.00,0.000,0.0,0.0,0.0,0,0,0.0,0.0,0.0,0,0,0.0,0.0,0.0,0,0,0,28.40,,0,0,0,68.8,69.3,66.7,0.15,0.40,0.25
HARP,2017-08-21 03:15:00 EDT,42.47280,-74.69849,1706,54.3,55.0,54.3,98.6,53.9,0.000,0.000,0.00,0.000,0.0,0.0,0.0,0,0,0.0,0.0,0.0,0,0,0.0,0.0,0.0,0,0,0,28.40,,0,0,0,68.6,69.3,66.7,0.14,0.40,0.25
HARP,2017-08-21 03:20:00 EDT,42.47280,-74.69849,1706,54.3,55.1,54.3,98.7,54.0,0.000,0.000,0.00,0.000,0.0,0.0,0.0,0,0,0.1,0.8,0.2,98,2,0.0,0.0,0.0,0,0,0,28.40,,0,0,0,68.5,69.3,66.7,0.15,0.40,0.25
HARP,2017-08-21 03:25:00 EDT,42.47280,-74.69849,1706,54.2,54.9,54.2,98.6,53.9,0.000,0.000,0.00,0.000,0.0,0.0,0.0,0,0,0.3,1.0,0.4,91,19,0.0,0.0,0.0,0,0,0,28.40,,0,0,0,68.5,69.3,66.7,0.15,0.40,0.25
HARP,2017-08-21 03:30:00 EDT,42.47280,-74.69849,1706,54.2,55.4,54.2,98.7,53.9,0.000,0.000,0.00,0.000,0.5,1.2,0.5,335,4,0.9,1.8,0.6,338,7,0.5,1.2,0.5,335,4,0,28.40,,0,0,0,68.5,69.3,66.7,0.15,0.40,0.25
HARP,2017-08-21 03:35:00 EDT,42.47280,-74.69849,1706,54.7,55.9,54.7,98.7,54.3,0.000,0.000,0.00,0.000,0.6,1.2,0.4,13,19,1.0,2.1,0.5,18,22,0.6,1.2,0.4,13,19,0,28.40,,0,0,0,68.5,69.3,66.7,0.15,0.40,0.25
HARP,2017-08-21 03:40:00 EDT,42.47280,-74.69849,1706,54.3,55.5,54.3,98.7,54.0,0.000,0.000,0.00,0.000,0.0,0.0,0.0,0,0,0.4,1.0,0.4,91,21,0.0,0.0,0.0,0,0,0,28.40,,0,0,0,68.5,69.3,66.7,0.15,0.40,0.25
HARP,2017-08-21 03:45:00 EDT,42.47280,-74.69849,1706,53.7,54.7,53.7,98.6,53.3,0.000,0.000,0.00,0.000,0.0,0.0,0.0,0,0,0.1,0.8,0.2,98,1,0.0,0.0,0.0,0,0,0,28.40,,0,0,0,68.5,69.3,66.7,0.15,0.40,0.25
HARP,2017-08-21 03:50:00 EDT,42.47280,-74.69849,1706,53.1,54.2,53.1,98.5,52.7,0.000,0.000,0.00,0.000,0.1,1.0,0.3,150,0,0.4,1.5,0.5,152,3,0.1,1.0,0.3,150,0,0,28.40,,0,0,0,68.5,69.3,66.7,0.15,0.40,0.25
HARP,2017-08-21 03:55:00 EDT,42.47280,-74.69849,1706,52.9,53.5,52.9,98.4,52.4,0.000,0.000,0.00,0.000,0.4,1.2,0.5,153,0,0.7,1.4,0.6,150,42,0.4,1.2,0.5,153,0,0,28.41,,0,0,0,68.5,69.3,66.7,0.15,0.40,0.25
HARP,2017-08-21 04:00:00 EDT,42.47280,-74.69849,1706,53.1,54.7,53.1,98.6,52.7,0.000,0.000,0.00,0.000,0.8,1.8,0.7,319,2,1.0,1.7,0.6,317,20,0.8,1.8,0.7,319,2,0,28.40,,0,0,0,68.5,69.2,66.7,0.15,0.40,0.25
HARP,2017-08-21 04:05:00 EDT,42.47280,-74.69849,1706,53.7,55.1,53.7,98.7,53.4,0.000,0.000,0.00,0.000,0.0,0.0,0.0,0,0,0.2,1.1,0.3,283,31,0.0,0.0,0.0,0,0,0,28.40,,0,0,0,68.5,69.2,66.7,0.15,0.40,0.25
HARP,2017-08-21 04:10:00 EDT,42.47280,-74.69849,1706,54.1,55.4,54.1,98.8,53.8,0.000,0.000,0.00,0.000,0.4,1.2,0.5,341,2,1.0,2.2,0.7,350,15,0.4,1.2,0.5,341,2,0,28.40,,0,0,0,68.5,69.2,66.7,0.15,0.40,0.25
HARP,2017-08-21 04:15:00 EDT,42.47280,-74.69849,1706,53.8,54.8,53.8,98.7,53.5,0.000,0.000,0.00,0.000,0.0,0.0,0.0,0,0,0.7,1.4,0.5,125,26,0.0,0.0,0.0,0,0,0,28.40,,0,0,0,68.5,69.2,66.7,0.15,0.40,0.25
HARP,2017-08-21 04:20:00 EDT,42.47280,-74.69849,1706,52.8,54.4,52.8,98.5,52.3,0.000,0.000,0.00,0.000,0.0,0.0,0.0,0,0,0.1,1.0,0.3,43,4,0.0,0.0,0.0,0,0,0,28.40,,0,0,0,68.4,69.2,66.7,0.15,0.40,0.25
HARP,2017-08-21 04:25:00 EDT,42.47280,-74.69849,1706,53.1,54.6,53.1,98.6,52.7,0.000,0.000,0.00,0.000,0.0,0.0,0.0,0,0,0.5,0.9,0.4,54,22,0.0,0.0,0.0,0,0,0,28.40,,0,0,0,68.2,69.1,66.7,0.15,0.40,0.25
HARP,2017-08-21 04:30:00 EDT,42.47280,-74.69849,1706,53.6,54.6,53.6,98.7,53.3,0.000,0.000,0.00,0.000,0.6,1.3,0.5,88,7,1.1,1.7,0.5,80,10,0.6,1.3,0.5,88,7,0,28.40,,0,0,0,68.2,69.2,66.7,0.15,0.40,0.25
HARP,2017-08-21 04:35:00 EDT,42.47280,-74.69849,1706,53.8,55.2,53.8,98.7,53.5,0.000,0.000,0.00,0.000,0.0,0.0,0.0,0,0,0.1,1.1,0.3,352,2,0.0,0.0,0.0,0,0,0,28.40,,0,0,0,68.2,69.1,66.7,0.15,0.40,0.25
HARP,2017-08-21 04:40:00 EDT,42.47280,-74.69849,1706,54.1,55.4,54.1,98.8,53.8,0.000,0.000,0.00,0.000,0.0,0.0,0.0,0,0,0.1,0.9,0.2,185,7,0.0,0.0,0.0,0,0,0,28.41,,0,0,0,68.2,69.1,66.7,0.15,0.40,0.25
HARP,2017-08-21 04:45:00 EDT,42.47280,-74.69849,1706,53.5,54.6,53.5,98.6,53.1,0.000,0.000,0.00,0.000,0.0,0.0,0.0,0,0,0.0,0.0,0.0,0,0,0.0,0.0,0.0,0,0,0,28.41,,0,0,0,68.2,69.0,66.7,0.15,0.40,0.25
HARP,2017-08-21 04:50:00 EDT,42.47280,-74.69849,1706,54.0,55.3,54.0,98.8,53.7,0.000,0.000,0.00,0.000,0.0,0.0,0.0,0,0,0.6,1.4,0.5,348,7,0.0,0.0,0.0,0,0,0,28.41,,0,0,0,68.2,69.0,66.7,0.15,0.40,0.25
HARP,2017-08-21 04:55:00 EDT,42.47280,-74.69849,1706,54.1,55.1,54.1,98.8,53.8,0.000,0.000,0.00,0.000,0.0,0.0,0.0,0,0,0.6,1.3,0.5,77,13,0.0,0.0,0.0,0,0,0,28.41,,0,0,0,68.2,68.9,66.7,0.15,0.40,0.25
HARP,2017-08-21 05:00:00 EDT,42.47280,-74.69849,1706,53.5,54.4,53.5,98.7,53.2,0.000,0.000,0.00,0.000,0.0,0.0,0.0,0,0,1.0,1.4,0.4,64,19,0.0,0.0,0.0,0,0,0,28.41,,0,0,0,68.2,69.0,66.7,0.15,0.40,0.25
HARP,2017-08-21 05:05:00 EDT,42.47280,-74.69849,1706,53.6,55.3,53.6,98.7,53.2,0.000,0.000,0.00,0.000,0.0,0.0,0.0,0,0,0.1,0.9,0.3,5,2,0.0,0.0,0.0,0,0,0,28.41,,0,0,0,68.2,69.0,66.7,0.15,0.40,0.25
HARP,2017-08-21 05:10:00 EDT,42.47280,-74.69849,1706,54.3,55.4,54.3,98.8,54.0,0.000,0.000,0.00,0.000,0.0,0.0,0.0,0,0,0.3,1.0,0.4,96,6,0.0,0.0,0.0,0,0,0,28.41,,0,0,0,68.2,68.9,66.7,0.15,0.40,0.25
HARP,2017-08-21 05:15:00 EDT,42.47280,-74.69849,1706,52.8,54.2,52.8,98.6,52.5,0.000,0.000,0.00,0.000,0.0,0.0,0.0,0,0,0.2,1.2,0.4,107,9,0.0,0.0,0.0,0,0,0,28.41,,0,0,0,68.1,68.9,66.7,0.15,0.40,0.25
HARP,2017-08-21 05:20:00 EDT,42.47280,-74.69849,1706,52.8,54.2,52.8,98.6,52.4,0.000,0.000,0.00,0.000,0.0,0.0,0.0,0,0,0.0,1.4,0.2,323,2,0.0,0.0,0.0,0,0,0,28.41,,0,0,0,67.9,68.9,66.7,0.15,0.40,0.25
HARP,2017-08-21 05:25:00 EDT,42.47280,-74.69849,1706,52.9,54.2,52.9,98.7,52.5,0.000,0.000,0.00,0.000,0.0,0.0,0.0,0,0,0.0,0.0,0.0,0,0,0.0,0.0,0.0,0,0,0,28.41,,0,0,0,67.8,68.9,66.7,0.15,0.40,0.25
HARP,2017-08-21 05:30:00 EDT,42.47280,-74.69849,1706,52.9,54.1,52.9,98.7,52.6,0.000,0.000,0.00,0.000,0.0,0.0,0.0,0,0,0.1,1.7,0.4,336,4,0.0,0.0,0.0,0,0,0,28.41,,0,0,0,67.8,68.9,66.7,0.15,0.40,0.25
HARP,2017-08-21 05:35:00 EDT,42.47280,-74.69849,1706,52.8,54.4,52.8,98.7,52.4,0.000,0.000,0.00,0.000,0.4,1.3,0.6,351,1,1.1,2.2,0.8,351,5,0.4,1.3,0.6,351,1,0,28.41,,0,0,0,67.8,68.9,66.7,0.15,0.40,0.25
HARP,2017-08-21 05:40:00 EDT,42.47280,-74.69849,1706,53.3,54.6,53.3,98.8,53.0,0.000,0.000,0.00,0.000,0.2,0.9,0.3,120,30,0.9,1.2,0.3,79,48,0.2,0.9,0.3,120,30,0,28.41,,0,0,0,67.8,68.9,66.7,0.15,0.40,0.25
HARP,2017-08-21 05:45:00 EDT,42.47280,-74.69849,1706,53.8,54.7,53.8,98.8,53.4,0.000,0.000,0.00,0.000,0.7,1.3,0.3,92,12,1.2,1.7,0.2,88,11,0.7,1.3,0.3,92,12,0,28.41,,0,0,0,67.8,68.9,66.7,0.15,0.40,0.25
HARP,2017-08-21 05:50:00 EDT,42.47280,-74.69849,1706,53.9,55.1,53.9,98.9,53.6,0.000,0.000,0.00,0.000,0.3,0.8,0.3,62,9,0.8,1.3,0.4,61,11,0.3,0.8,0.3,62,9,0,28.41,,0,0,0,67.8,68.9,66.7,0.15,0.40,0.25
HARP,2017-08-21 05:55:00 EDT,42.47280,-74.69849,1706,54.1,55.2,54.1,98.8,53.7,0.000,0.000,0.00,0.000,0.0,0.0,0.0,0,0,0.3,1.0,0.4,32,19,0.0,0.0,0.0,0,0,0,28.41,,0,0,0,67.8,68.9,66.7,0.15,0.40,0.25
HARP,2017-08-21 06:00:00 EDT,42.47280,-74.69849,1706,53.1,54.4,53.1,98.7,52.8,0.000,0.000,0.00,0.000,0.0,0.0,0.0,0,0,0.4,1.1,0.4,94,6,0.0,0.0,0.0,0,0,1,28.41,,0,0,0,67.8,68.9,66.7,0.15,0.40,0.25
HARP,2017-08-21 06:05:00 EDT,42.47280,-74.69849,1706,53.0,53.9,53.0,98.7,52.7,0.000,0.000,0.00,0.000,0.0,0.0,0.0,0,0,0.3,0.9,0.4,96,10,0.0,0.0,0.0,0,0,1,28.42,,0,0,0,67.8,68.9,66.7,0.15,0.40,0.25
HARP,2017-08-21 06:10:00 EDT,42.47280,-74.69849,1706,53.0,54.1,53.0,98.7,52.7,0.000,0.000,0.00,0.000,0.0,0.0,0.0,0,0,0.2,1.7,0.4,312,11,0.0,0.0,0.0,0,0,2,28.42,,0,0,0,67.8,68.9,66.7,0.15,0.40,0.25
HARP,2017-08-21 06:15:00 EDT,42.47280,-74.69849,1706,53.2,54.3,53.2,98.8,52.8,0.000,0.000,0.00,0.000,0.2,0.7,0.3,263,5,0.9,1.4,0.3,275,23,0.2,0.7,0.3,263,5,3,28.42,,0,0,0,67.8,68.9,66.7,0.15,0.40,0.25
HARP,2017-08-21 06:20:00 EDT,42.47280,-74.69849,1706,53.6,54.9,53.6,98.9,53.3,0.000,0.000,0.00,0.000,0.4,0.9,0.4,347,5,0.9,1.6,0.5,1,18,0.4,0.9,0.4,347,5,5,28.42,,0,0,0,67.8,68.9,66.7,0.15,0.40,0.25
HARP,2017-08-21 06:25:00 EDT,42.47280,-74.69849,1706,53.9,55.1,53.9,98.9,53.6,0.000,0.000,0.00,0.000,0.0,0.0,0.0,0,0,0.6,1.3,0.4,72,8,0.0,0.0,0.0,0,0,9,28.41,,0,0,0,67.7,68.9,66.7,0.15,0.40,0.25
HARP,2017-08-21 06:30:00 EDT,42.47280,-74.69849,1706,53.8,54.8,53.8,98.8,53.5,0.000,0.000,0.00,0.000,0.0,0.0,0.0,0,0,0.4,1.0,0.4,74,5,0.0,0.0,0.0,0,0,12,28.42,,0,0,0,67.5,68.9,66.7,0.15,0.40,0.25
HARP,2017-08-21 06:35:00 EDT,42.47280,-74.69849,1706,52.5,54.2,52.5,98.6,52.1,0.000,0.000,0.00,0.000,0.0,0.0,0.0,0,0,0.5,1.1,0.4,92,8,0.0,0.0,0.0,0,0,15,28.42,,0,0,0,67.5,68.9,66.7,0.15,0.40,0.25
HARP,2017-08-21 06:40:00 EDT,42.47280,-74.69849,1706,52.4,54.2,52.4,98.6,52.1,0.000,0.000,0.00,0.000,0.3,1.4,0.5,345,0,0.9,2.0,0.7,358,11,0.3,1.4,0.5,345,0,18,28.42,,0,0,0,67.5,68.9,66.7,0.15,0.40,0.25
HARP,2017-08-21 06:45:00 EDT,42.47280,-74.69849,1706,52.7,54.6,52.7,98.8,52.4,0.000,0.000,0.00,0.000,0.5,1.3,0.4,9,25,0.9,1.9,0.6,14,25,0.5,1.3,0.4,9,25,21,28.42,,0,0,0,67.5,68.9,66.7,0.15,0.40,0.25
HARP,2017-08-21 06:50:00 EDT,42.47280,-74.69849,1706,53.3,54.5,53.3,98.8,53.0,0.000,0.000,0.00,0.000,0.0,0.5,0.1,47,0,0.3,0.9,0.4,87,16,0.0,0.5,0.1,47,0,27,28.42,,0,0,0,67.5,68.9,66.7,0.15,0.40,0.25
HARP,2017-08-21 06:55:00 EDT,42.47280,-74.69849,1706,52.6,53.5,52.6,98.7,52.2,0.000,0.000,0.00,0.000,0.7,1.6,0.6,105,6,1.2,2.0,0.6,102,7,0.7,1.6,0.6,105,6,48,28.42,,0,0,0,67.5,68.9,66.7,0.15,0.40,0.25
HARP,2017-08-21 07:00:00 EDT,42.47280,-74.69849,1706,52.3,53.6,52.3,98.5,51.9,0.000,0.000,0.00,0.000,1.4,2.3,0.5,81,11,1.7,2.8,0.4,79,13,1.4,2.3,0.5,81,11,66,28.42,,0,0,0,67.5,68.9,66.7,0.15,0.40,0.25
HARP,2017-08-21 07:05:00 EDT,42.47280,-74.69849,1706,53.4,54.3,53.4,98.6,53.0,0.000,0.000,0.00,0.000,0.8,1.2,0.3,73,6,1.3,2.0,0.5,73,8,0.8,1.2,0.3,73,6,80,28.42,,0,0,0,67.5,68.9,66.7,0.15,0.40,0.25
HARP,2017-08-21 07:10:00 EDT,42.47280,-74.69849,1706,54.1,54.5,54.1,98.7,53.7,0.000,0.000,0.00,0.000,0.2,0.8,0.3,104,7,0.5,1.3,0.5,101,9,0.2,0.8,0.3,104,7,97,28.42,,0,0,0,67.5,68.9,66.7,0.15,0.40,0.25
HARP,2017-08-21 07:15:00 EDT,42.47280,-74.69849,1706,54.5,54.7,54.5,98.7,54.2,0.000,0.000,0.00,0.000,0.0,0.0,0.0,0,0,0.1,1.2,0.3,352,7,0.0,0.0,0.0,0,0,96,28.42,,0,0,0,67.4,68.9,66.7,0.15,0.40,0.25
HARP,2017-08-21 07:20:00 EDT,42.47280,-74.69849,1706,54.6,55.2,54.6,98.5,54.2,0.000,0.000,0.00,0.000,0.0,0.0,0.0,0,0,0.5,1.3,0.5,355,4,0.0,0.0,0.0,0,0,70,28.42,,0,0,0,67.4,68.9,66.7,0.15,0.40,0.25
HARP,2017-08-21 07:25:00 EDT,42.47280,-74.69849,1706,54.4,54.8,54.4,98.3,54.0,0.000,0.000,0.00,0.000,0.0,0.0,0.0,0,0,0.7,1.2,0.4,132,9,0.0,0.0,0.0,0,0,95,28.42,,0,0,0,67.3,68.9,66.7,0.15,0.40,0.25
HARP,2017-08-21 07:30:00 EDT,42.47280,-74.69849,1706,54.8,54.7,54.8,98.1,54.3,0.000,0.000,0.00,0.000,0.0,0.0,0.0,0,0,0.3,1.1,0.4,42,18,0.0,0.0,0.0,0,0,149,28.42,,0,0,0,67.2,68.9,66.7,0.15,0.40,0.25
HARP,2017-08-21 07:35:00 EDT,42.47280,-74.69849,1706,55.5,55.7,55.5,98.0,54.9,0.000,0.000,0.00,0.000,0.0,0.0,0.0,0,0,0.1,1.1,0.3,347,4,0.0,0.0,0.0,0,0,169,28.42,,0,0,0,67.1,68.9,66.7,0.14,0.40,0.25
HARP,2017-08-21 07:40:00 EDT,42.47280,-74.69849,1706,56.4,56.1,56.4,97.5,55.7,0.000,0.000,0.00,0.000,0.4,1.7,0.6,99,2,1.1,2.3,0.7,87,23,0.4,1.7,0.6,99,2,163,28.41,,0,0,0,67.1,68.9,66.7,0.14,0.40,0.25
HARP,2017-08-21 07:45:00 EDT,42.47280,-74.69849,1706,56.3,55.7,56.3,96.6,55.3,0.000,0.000,0.00,0.000,0.8,1.5,0.4,100,7,1.3,1.9,0.4,97,10,0.8,1.5,0.4,100,7,187,28.41,,0,0,0,67.1,68.9,66.7,0.14,0.40,0.25
HARP,2017-08-21 07:50:00 EDT,42.47280,-74.69849,1706,56.6,56.4,56.6,95.9,55.5,0.000,0.000,0.00,0.000,0.0,0.0,0.0,0,0,0.4,1.2,0.4,82,19,0.0,0.0,0.0,0,0,190,28.42,,0,0,0,67.1,68.8,66.7,0.15,0.40,0.25
HARP,2017-08-21 07:55:00 EDT,42.47280,-74.69849,1706,57.2,56.8,57.2,94.8,55.7,0.000,0.000,0.00,0.000,0.6,1.5,0.4,125,11,1.1,2.1,0.5,124,18,0.6,1.5,0.4,125,11,210,28.42,,0,0,0,67.1,68.8,66.7,0.15,0.40,0.25
HARP,2017-08-21 08:00:00 EDT,42.47280,-74.69849,1706,57.1,56.9,57.1,93.7,55.3,0.000,0.000,0.00,0.000,0.4,1.2,0.4,149,8,0.6,1.7,0.5,147,16,0.4,1.2,0.4,149,8,244,28.42,,0,0,0,67.1,68.8,66.7,0.15,0.40,0.25
HARP,2017-08-21 08:05:00 EDT,42.47280,-74.69849,1706,58.0,57.9,58.0,92.8,55.9,0.000,0.000,0.00,0.000,0.5,1.3,0.4,320,15,0.9,1.8,0.5,318,20,0.5,1.3,0.4,320,15,262,28.42,,0,0,0,67.1,68.8,66.7,0.14,0.40,0.25
HARP,2017-08-21 08:10:00 EDT,42.47280,-74.69849,1706,60.0,60.4,60.0,95.0,58.6,0.000,0.000,0.00,0.000,0.9,1.8,0.6,300,21,1.4,2.4,0.5,302,19,0.9,1.8,0.6,300,21,264,28.42,,0,0,0,67.1,68.7,66.7,0.14,0.40,0.25
HARP,2017-08-21 08:15:00 EDT,42.47280,-74.69849,1706,60.3,60.5,60.3,92.0,58.0,0.000,0.000,0.00,0.000,1.2,2.3,0.6,223,18,1.4,2.8,0.7,223,21,1.2,2.3,0.6,223,18,219,28.42,,0,0,0,67.1,68.6,66.7,0.14,0.40,0.25
HARP,2017-08-21 08:20:00 EDT,42.47280,-74.69849,1706,61.1,61.4,61.1,91.6,58.6,0.000,0.000,0.00,0.000,1.2,3.6,1.0,258,60,1.6,4.5,0.9,256,69,1.2,3.6,1.0,258,60,267,28.42,,0,0,0,67.1,68.6,66.7,0.14,0.40,0.25
HARP,2017-08-21 08:25:00 EDT,42.47280,-74.69849,1706,61.2,61.1,61.2,89.3,58.0,0.000,0.000,0.00,0.000,0.6,1.7,0.6,135,18,1.1,2.2,0.6,122,35,0.6,1.7,0.6,135,18,320,28.42,,0,0,0,67.1,68.6,66.7,0.14,0.40,0.25
HARP,2017-08-21 08:30:00 EDT,42.47280,-74.69849,1706,61.6,61.5,61.6,88.8,58.3,0.000,0.000,0.00,0.000,0.2,1.2,0.3,216,49,0.6,2.2,0.7,350,51,0.2,1.2,0.3,216,49,344,28.42,,0,0,0,67.1,68.5,66.7,0.14,0.40,0.25
HARP,2017-08-21 08:35:00 EDT,42.47280,-74.69849,1706,63.4,63.5,63.4,89.5,60.2,0.000,0.000,0.00,0.000,1.1,3.1,0.9,284,53,1.6,3.9,1.0,277,65,1.1,3.1,0.9,284,53,359,28.41,,0,0,0,67.1,68.5,66.7,0.14,0.40,0.25
HARP,2017-08-21 08:40:00 EDT,42.47280,-74.69849,1706,63.5,63.8,63.5,86.4,59.4,0.000,0.000,0.00,0.000,1.2,2.8,0.8,142,17,1.4,3.4,0.9,136,17,1.2,2.8,0.8,142,17,342,28.41,,0,0,0,67.1,68.5,66.7,0.14,0.40,0.25
HARP,2017-08-21 08:45:00 EDT,42.47280,-74.69849,1706,63.7,63.4,63.7,85.0,59.1,0.000,0.000,0.00,0.000,0.3,2.3,0.5,93,44,0.9,3.1,0.7,47,57,0.3,2.3,0.5,93,44,380,28.41,,0,0,0,67.1,68.5,66.7,0.14,0.40,0.25
HARP,2017-08-21 08:50:00 EDT,42.47280,-74.69849,1706,65.3,65.2,65.3,82.5,59.8,0.000,0.000,0.00,0.000,2.7,5.3,1.1,235,22,2.9,5.9,1.3,237,21,2.7,5.3,1.1,235,22,373,28.41,,0,0,0,67.1,68.5,66.7,0.14,0.40,0.25
HARP,2017-08-21 08:55:00 EDT,42.47280,-74.69849,1706,66.3,66.1,66.3,82.3,60.7,0.000,0.000,0.00,0.000,1.3,2.6,0.6,233,24,1.5,2.9,0.6,238,26,1.3,2.6,0.6,233,24,380,28.41,,0,0,0,67.1,68.5,66.7,0.14,0.40,0.25
HARP,2017-08-21 09:00:00 EDT,42.47280,-74.69849,1706,66.7,66.3,66.7,81.5,60.9,0.000,0.000,0.00,0.000,1.3,4.0,1.0,241,25,1.7,4.5,1.0,240,29,1.3,4.0,1.0,241,25,401,28.41,,0,0,0,67.1,68.5,66.7,0.14,0.40,0.25
HARP,2017-08-21 09:05:00 EDT,42.47280,-74.69849,1706,66.9,66.6,66.9,80.0,60.5,0.000,0.000,0.00,0.000,2.1,5.2,1.0,266,31,2.6,6.5,1.2,270,30,2.1,5.2,1.0,266,31,412,28.41,,0,0,0,67.1,68.5,66.7,0.14,0.40,0.25
HARP,2017-08-21 09:10:00 EDT,42.47280,-74.69849,1706,68.1,67.5,68.1,81.2,62.1,0.000,0.000,0.00,0.000,1.6,3.5,0.9,213,30,2.0,5.1,0.9,216,31,1.6,3.5,0.9,213,30,447,28.41,,0,0,0,67.1,68.5,66.7,0.14,0.40,0.25
HARP,2017-08-21 09:15:00 EDT,42.47280,-74.69849,1706,68.1,67.5,68.1,77.4,60.8,0.000,0.000,0.00,0.000,2.8,5.3,0.9,219,24,3.2,6.0,1.0,220,22,2.8,5.3,0.9,219,24,452,28.41,,0,0,0,67.1,68.5,66.7,0.14,0.40,0.25
HARP,2017-08-21 09:20:00 EDT,42.47280,-74.69849,1706,68.2,67.7,68.2,77.0,60.7,0.000,0.000,0.00,0.000,3.1,6.1,1.0,242,16,3.4,6.2,1.1,244,17,3.1,6.1,1.0,242,16,465,28.41,,0,0,0,67.1,68.5,66.7,0.14,0.40,0.25
HARP,2017-08-21 09:25:00 EDT,42.47280,-74.69849,1706,68.6,68.0,68.6,77.0,61.1,0.000,0.000,0.00,0.000,3.7,6.4,1.5,213,24,4.0,7.5,1.6,213,23,3.7,6.4,1.5,213,24,458,28.41,,0,0,0,67.1,68.5,66.7,0.14,0.40,0.25
HARP,2017-08-21 09:30:00 EDT,42.47280,-74.69849,1706,68.9,68.4,68.9,76.7,61.3,0.000,0.000,0.00,0.000,3.5,6.1,1.2,225,21,3.7,7.3,1.2,227,22,3.5,6.1,1.2,225,21,505,28.41,,0,0,0,67.1,68.5,66.7,0.14,0.40,0.25
HARP,2017-08-21 09:35:00 EDT,42.47280,-74.69849,1706,69.1,68.6,69.1,75.6,61.1,0.000,0.000,0.00,0.000,3.0,5.3,1.0,256,26,3.4,5.9,1.0,260,25,3.0,5.3,1.0,256,26,504,28.41,,0,0,0,67.1,68.5,66.7,0.14,0.40,0.25
HARP,2017-08-21 09:40:00 EDT,42.47280,-74.69849,1706,69.4,68.9,69.4,75.1,61.2,0.000,0.000,0.00,0.000,2.9,5.0,1.0,219,17,3.1,5.1,0.9,219,20,2.9,5.0,1.0,219,17,497,28.41,,0,0,0,67.1,68.5,66.7,0.14,0.40,0.25
HARP,2017-08-21 09:45:00 EDT,42.47280,-74.69849,1706,70.1,69.2,70.1,75.1,61.9,0.000,0.000,0.00,0.000,3.3,5.1,0.7,213,18,3.5,6.0,0.9,216,17,3.3,5.1,0.7,213,18,539,28.41,,0,0,0,67.1,68.5,66.7,0.14,0.40,0.25
HARP,2017-08-21 09:50:00 EDT,42.47280,-74.69849,1706,70.6,69.8,70.6,73.3,61.6,0.000,0.000,0.00,0.000,3.5,6.1,0.9,222,20,3.7,5.8,0.9,223,19,3.5,6.1,0.9,222,20,551,28.41,,0,0,0,67.1,68.5,66.7,0.14,0.40,0.25
HARP,2017-08-21 09:55:00 EDT,42.47280,-74.69849,1706,70.6,70.0,70.6,71.8,61.1,0.000,0.000,0.00,0.000,3.7,7.0,1.4,229,19,3.8,7.3,1.4,230,16,3.7,7.0,1.4,229,19,563,28.41,,0,0,0,67.3,68.5,66.7,0.14,0.40,0.25
HARP,2017-08-21 10:00:00 EDT,42.47280,-74.69849,1706,71.7,71.0,71.7,72.8,62.5,0.000,0.000,0.00,0.000,2.6,5.6,1.5,231,21,3.0,6.9,1.4,231,21,2.6,5.6,1.5,231,21,584,28.41,,0,0,0,67.3,68.5,66.7,0.14,0.40,0.25
HARP,2017-08-21 10:05:00 EDT,42.47280,-74.69849,1706,71.6,71.0,71.6,69.5,61.1,0.000,0.000,0.00,0.000,3.8,7.2,1.6,219,19,4.0,7.6,1.7,219,18,3.8,7.2,1.6,219,19,585,28.42,,0,0,0,67.4,68.5,66.7,0.14,0.40,0.25
HARP,2017-08-21 10:10:00 EDT,42.47280,-74.69849,1706,72.2,71.4,72.2,69.4,61.6,0.000,0.000,0.00,0.000,3.9,6.4,1.1,236,28,4.3,7.0,1.2,239,29,3.9,6.4,1.1,236,28,594,28.42,,0,0,0,67.5,68.5,66.7,0.14,0.40,0.25
HARP,2017-08-21 10:15:00 EDT,42.47280,-74.69849,1706,72.5,71.8,72.5,68.6,61.6,0.000,0.000,0.00,0.000,3.7,8.0,1.9,235,33,4.3,10.2,2.0,240,33,3.7,8.0,1.9,235,33,586,28.42,,0,0,0,67.5,68.5,66.7,0.14,0.40,0.25
HARP,2017-08-21 10:20:00 EDT,42.47280,-74.69849,1706,72.6,71.9,72.6,68.6,61.6,0.000,0.000,0.00,0.000,4.1,9.6,1.9,250,29,4.7,11.6,2.1,253,28,4.1,9.6,1.9,250,29,624,28.42,,0,0,0,67.5,68.5,66.7,0.14,0.40,0.25
HARP,2017-08-21 10:25:00 EDT,42.47280,-74.69849,1706,72.6,71.8,72.6,66.9,61.0,0.000,0.000,0.00,0.000,5.8,8.9,1.5,225,17,5.9,10.6,1.4,227,16,5.8,8.9,1.5,225,17,556,28.42,,0,0,0,67.5,68.5,66.7,0.14,0.40,0.25
HARP,2017-08-21 10:30:00 EDT,42.47280,-74.69849,1706,73.3,72.5,73.3,67.6,61.9,0.000,0.000,0.00,0.000,4.6,8.7,1.3,236,27,4.8,9.3,1.4,239,28,4.6,8.7,1.3,236,27,636,28.42,,0,0,0,67.5,68.5,66.7,0.14,0.40,0.25
HARP,2017-08-21 10:35:00 EDT,42.47280,-74.69849,1706,73.6,72.7,73.6,65.1,61.1,0.000,0.000,0.00,0.000,6.5,11.3,2.1,236,21,6.7,11.1,2.1,237,22,6.5,11.3,2.1,236,21,679,28.42,,0,0,0,67.5,68.5,66.7,0.14,0.40,0.25
HARP,2017-08-21 10:40:00 EDT,42.47280,-74.69849,1706,73.7,72.5,73.7,65.6,61.5,0.000,0.000,0.00,0.000,5.4,9.1,1.7,222,14,5.6,9.1,1.5,222,15,5.4,9.1,1.7,222,14,675,28.42,,0,0,0,67.6,68.5,66.7,0.14,0.40,0.25
HARP,2017-08-21 10:45:00 EDT,42.47280,-74.69849,1706,73.8,72.8,73.8,63.9,60.8,0.000,0.000,0.00,0.000,5.4,10.1,1.5,234,15,5.6,10.2,1.5,235,14,5.4,10.1,1.5,234,15,690,28.41,,0,0,0,67.8,68.5,66.7,0.14,0.40,0.25
HARP,2017-08-21 10:50:00 EDT,42.47280,-74.69849,1706,74.0,73.1,74.0,63.9,61.0,0.000,0.000,0.00,0.000,5.1,9.6,1.8,228,20,5.3,10.5,1.8,227,19,5.1,9.6,1.8,228,20,675,28.41,,0,0,0,67.8,68.5,66.7,0.14,0.40,0.25
HARP,2017-08-21 10:55:00 EDT,42.47280,-74.69849,1706,74.1,73.4,74.1,62.5,60.5,0.000,0.000,0.00,0.000,5.5,8.7,1.5,246,23,5.9,10.9,1.6,247,21,5.5,8.7,1.5,246,23,639,28.41,,0,0,0,67.8,68.5,66.7,0.15,0.40,0.25
HARP,2017-08-21 11:00:00 EDT,42.47280,-74.69849,1706,74.7,73.7,74.7,63.0,61.3,0.000,0.000,0.00,0.000,4.3,6.6,1.5,225,16,4.6,7.3,1.4,224,15,4.3,6.6,1.5,225,16,710,28.41,,0,0,0,67.8,68.5,66.7,0.14,0.40,0.25
HARP,2017-08-21 11:05:00 EDT,42.47280,-74.69849,1706,75.0,74.0,75.0,62.5,61.4,0.000,0.000,0.00,0.000,3.9,7.7,1.7,204,21,4.3,8.3,1.8,204,21,3.9,7.7,1.7,204,21,721,28.41,,0,0,0,67.8,68.5,66.7,0.14,0.40,0.25
HARP,2017-08-21 11:10:00 EDT,42.47280,-74.69849,1706,75.3,74.1,75.3,61.0,60.9,0.000,0.000,0.00,0.000,4.5,8.8,1.8,224,27,4.7,8.7,1.7,229,32,4.5,8.8,1.8,224,27,729,28.41,,0,0,0,67.8,68.4,66.7,0.15,0.40,0.25
HARP,2017-08-21 11:15:00 EDT,42.47280,-74.69849,1706,75.3,74.4,75.3,59.8,60.3,0.000,0.000,0.00,0.000,5.3,10.9,2.1,220,19,5.6,12.3,2.4,219,15,5.3,10.9,2.1,220,19,709,28.40,,0,0,0,67.8,68.4,66.7,0.15,0.40,0.25
HARP,2017-08-21 11:20:00 EDT,42.47280,-74.69849,1706,75.6,74.5,75.6,59.2,60.4,0.000,0.000,0.00,0.000,4.7,9.4,2.2,210,26,5.2,9.9,2.3,210,27,4.7,9.4,2.2,210,26,659,28.40,,0,0,0,68.0,68.3,66.7,0.15,0.40,0.25
HARP,2017-08-21 11:25:00 EDT,42.47280,-74.69849,1706,76.0,74.9,76.0,58.3,60.3,0.000,0.000,0.00,0.000,5.4,9.3,2.3,226,22,5.7,9.9,2.3,224,22,5.4,9.3,2.3,226,22,786,28.40,,0,0,0,68.2,68.4,66.7,0.15,0.40,0.25
HARP,2017-08-21 11:30:00 EDT,42.47280,-74.69849,1706,76.6,75.5,76.6,59.6,61.5,0.000,0.000,0.00,0.000,4.0,9.4,2.2,219,25,4.5,9.7,2.2,218,24,4.0,9.4,2.2,219,25,773,28.40,,0,0,0,68.2,68.3,66.7,0.14,0.40,0.25
HARP,2017-08-21 11:35:00 EDT,42.47280,-74.69849,1706,77.0,75.4,77.0,58.4,61.3,0.000,0.000,0.00,0.000,3.8,8.6,1.7,193,48,4.3,9.1,1.7,196,52,3.8,8.6,1.7,193,48,841,28.40,,0,0,0,68.2,68.2,66.7,0.14,0.40,0.25
HARP,2017-08-21 11:40:00 EDT,42.47280,-74.69849,1706,77.6,76.1,77.6,57.2,61.2,0.000,0.000,0.00,0.000,3.0,7.7,1.6,175,50,3.6,8.0,1.7,173,49,3.0,7.7,1.6,175,50,809,28.40,,0,0,0,68.2,68.2,66.7,0.14,0.40,0.25
HARP,2017-08-21 11:45:00 EDT,42.47280,-74.69849,1706,76.9,75.5,76.9,58.9,61.5,0.000,0.000,0.00,0.000,5.4,9.2,1.8,199,23,6.1,10.7,1.9,200,19,5.4,9.2,1.8,199,23,741,28.39,,0,0,0,68.3,68.2,66.7,0.14,0.40,0.25
HARP,2017-08-21 11:50:00 EDT,42.47280,-74.69849,1706,76.8,75.2,76.8,59.3,61.5,0.000,0.000,0.00,0.000,4.7,10.2,2.4,181,30,5.4,11.5,2.4,180,29,4.7,10.2,2.4,181,30,730,28.39,,0,0,0,68.5,68.2,66.7,0.14,0.40,0.25
HARP,2017-08-21 11:55:00 EDT,42.47280,-74.69849,1706,76.8,75.3,76.8,59.0,61.4,0.000,0.000,0.00,0.000,4.7,10.7,1.7,168,28,5.3,11.6,1.7,170,29,4.7,10.7,1.7,168,28,827,28.39,,0,0,0,68.5,68.2,66.7,0.15,0.40,0.25
HARP,2017-08-21 12:00:00 EDT,42.47280,-74.69849,1706,76.8,75.6,76.8,58.4,61.1,0.000,0.000,0.00,0.000,6.9,12.1,2.2,162,27,7.7,15.9,2.5,161,27,6.9,12.1,2.2,162,27,741,28.39,,0,0,0,68.5,68.2,66.7,0.15,0.40,0.25
HARP,2017-08-21 12:05:00 EDT,42.47280,-74.69849,1706,77.0,75.9,77.0,59.7,61.9,0.000,0.000,0.00,0.000,5.4,11.8,2.8,197,28,6.2,12.7,2.8,198,26,5.4,11.8,2.8,197,28,704,28.39,,0,0,0,68.5,68.2,66.7,0.15,0.40,0.25
HARP,2017-08-21 12:10:00 EDT,42.47280,-74.69849,1706,77.1,75.9,77.1,58.7,61.6,0.000,0.000,0.00,0.000,6.3,10.1,2.3,166,30,6.9,12.8,2.5,167,29,6.3,10.1,2.3,166,30,735,28.39,,0,0,0,68.6,68.2,66.7,0.15,0.40,0.25
HARP,2017-08-21 12:15:00 EDT,42.47280,-74.69849,1706,77.6,76.3,77.6,59.5,62.4,0.000,0.000,0.00,0.000,4.6,8.0,1.6,159,33,5.4,9.4,1.8,161,32,4.6,8.0,1.6,159,33,807,28.39,,0,0,0,68.6,68.2,66.7,0.15,0.40,0.25
HARP,2017-08-21 12:20:00 EDT,42.47280,-74.69849,1706,77.7,76.3,77.7,56.7,61.2,0.000,0.000,0.00,0.000,6.4,11.3,1.8,189,24,7.0,13.2,2.0,190,22,6.4,11.3,1.8,189,24,851,28.39,,0,0,0,68.9,68.2,66.7,0.14,0.40,0.25
HARP,2017-08-21 12:25:00 EDT,42.47280,-74.69849,1706,77.4,76.2,77.4,57.2,61.1,0.000,0.000,0.00,0.000,6.1,13.7,2.6,212,21,6.5,13.2,2.5,210,20,6.1,13.7,2.6,212,21,680,28.39,,0,0,0,68.9,68.2,66.7,0.14,0.40,0.25
HARP,2017-08-21 12:30:00 EDT,42.47280,-74.69849,1706,76.9,75.9,76.9,57.6,60.8,0.000,0.000,0.00,0.000,3.8,8.6,1.7,180,36,4.2,10.1,1.8,180,35,3.8,8.6,1.7,180,36,584,28.38,,0,0,0,68.9,68.2,66.7,0.15,0.40,0.25
HARP,2017-08-21 12:35:00 EDT,42.47280,-74.69849,1706,77.4,76.4,77.4,59.6,62.2,0.000,0.000,0.00,0.000,4.3,8.0,1.6,190,27,4.8,9.5,1.8,191,27,4.3,8.0,1.6,190,27,724,28.38,,0,0,0,68.9,68.2,66.7,0.14,0.40,0.25
HARP,2017-08-21 12:40:00 EDT,42.47280,-74.69849,1706,77.9,76.9,77.9,59.3,62.6,0.000,0.000,0.00,0.000,4.5,11.6,2.4,207,27,5.1,13.4,2.6,205,25,4.5,11.6,2.4,207,27,723,28.38,,0,0,0,69.1,68.2,66.7,0.14,0.40,0.25
HARP,2017-08-21 12:45:00 EDT,42.47280,-74.69849,1706,77.2,76.4,77.2,59.0,61.8,0.000,0.000,0.00,0.000,7.3,13.3,2.4,217,29,7.9,13.8,2.4,217,28,7.3,13.3,2.4,217,29,674,28.38,,0,0,0,69.3,68.2,66.7,0.14,0.40,0.25
HARP,2017-08-21 12:50:00 EDT,42.47280,-74.69849,1706,77.8,77.0,77.8,59.1,62.3,0.000,0.000,0.00,0.000,3.6,7.2,1.2,248,29,4.3,7.4,1.3,251,24,3.6,7.2,1.2,248,29,851,28.38,,0,0,0,69.3,68.2,66.7,0.14,0.40,0.25
HARP,2017-08-21 12:55:00 EDT,42.47280,-74.69849,1706,77.6,76.8,77.6,57.5,61.4,0.000,0.000,0.00,0.000,5.2,9.6,1.7,252,41,5.8,10.9,2.0,257,39,5.2,9.6,1.7,252,41,666,28.38,,0,0,0,69.3,68.2,66.6,0.14,0.40,0.25
HARP,2017-08-21 13:00:00 EDT,42.47280,-74.69849,1706,77.5,76.7,77.5,58.1,61.6,0.000,0.000,0.00,0.000,6.5,12.1,2.7,206,23,7.1,13.4,2.7,207,19,6.5,12.1,2.7,206,23,619,28.38,,0,0,0,69.3,68.2,66.7,0.14,0.40,0.25
HARP,2017-08-21 13:05:00 EDT,42.47280,-74.69849,1706,77.6,76.8,77.6,58.6,62.0,0.000,0.000,0.00,0.000,5.5,9.9,2.3,230,26,5.8,9.8,2.3,232,25,5.5,9.9,2.3,230,26,717,28.38,,0,0,0,69.3,68.2,66.7,0.14,0.40,0.25
HARP,2017-08-21 13:10:00 EDT,42.47280,-74.69849,1706,78.7,77.6,78.7,57.6,62.5,0.000,0.000,0.00,0.000,3.3,8.2,2.0,185,32,3.8,9.0,2.1,187,34,3.3,8.2,2.0,185,32,766,28.37,,0,0,0,69.4,68.2,66.6,0.14,0.40,0.25
HARP,2017-08-21 13:15:00 EDT,42.47280,-74.69849,1706,78.4,77.4,78.4,56.4,61.6,0.000,0.000,0.00,0.000,5.3,11.7,2.6,183,33,6.3,13.3,2.7,185,31,5.3,11.7,2.6,183,33,607,28.37,,0,0,0,69.6,68.2,66.6,0.14,0.40,0.25
HARP,2017-08-21 13:20:00 EDT,42.47280,-74.69849,1706,77.9,77.2,77.9,56.8,61.3,0.000,0.000,0.00,0.000,3.8,10.2,2.7,219,36,4.8,11.7,2.6,217,36,3.8,10.2,2.7,219,36,502,28.37,,0,0,0,69.6,68.2,66.6,0.15,0.40,0.25
HARP,2017-08-21 13:25:00 EDT,42.47280,-74.69849,1706,77.6,77.2,77.6,56.3,60.8,0.000,0.000,0.00,0.000,4.1,8.6,2.0,207,24,4.8,9.5,1.9,210,25,4.1,8.6,2.0,207,24,454,28.38,,0,0,0,69.6,68.2,66.6,0.15,0.40,0.25
HARP,2017-08-21 13:30:00 EDT,42.47280,-74.69849,1706,77.5,77.2,77.5,56.8,61.0,0.000,0.000,0.00,0.000,6.0,10.4,1.8,215,19,6.4,12.4,1.7,215,17,6.0,10.4,1.8,215,19,496,28.38,,0,0,0,69.6,68.2,66.6,0.15,0.40,0.25
HARP,2017-08-21 13:35:00 EDT,42.47280,-74.69849,1706,77.7,77.4,77.7,56.9,61.2,0.000,0.000,0.00,0.000,3.6,8.0,1.4,239,20,4.0,9.2,1.6,242,22,3.6,8.0,1.4,239,20,471,28.38,,0,0,0,69.6,68.2,66.6,0.15,0.40,0.25
HARP,2017-08-21 13:40:00 EDT,42.47280,-74.69849,1706,77.8,77.5,77.8,56.4,61.0,0.000,0.000,0.00,0.000,4.0,7.1,1.2,229,35,4.3,8.3,1.5,235,35,4.0,7.1,1.2,229,35,444,28.37,,0,0,0,69.8,68.2,66.6,0.15,0.40,0.25
HARP,2017-08-21 13:45:00 EDT,42.47280,-74.69849,1706,77.8,77.4,77.8,56.7,61.2,0.000,0.000,0.00,0.000,3.8,8.9,1.8,248,33,4.5,10.7,1.9,247,30,3.8,8.9,1.8,248,33,552,28.37,,0,0,0,70.0,68.2,66.5,0.15,0.40,0.25
HARP,2017-08-21 13:50:00 EDT,42.47280,-74.69849,1706,77.9,77.5,77.9,55.4,60.6,0.000,0.000,0.00,0.000,5.6,9.1,1.8,233,24,6.2,11.6,1.9,236,22,5.6,9.1,1.8,233,24,562,28.37,,0,0,0,70.0,68.2,66.5,0.15,0.40,0.25
HARP,2017-08-21 13:55:00 EDT,42.47280,-74.69849,1706,78.2,77.7,78.2,54.3,60.3,0.000,0.000,0.00,0.000,5.2,10.5,1.9,245,28,5.6,10.8,2.1,246,28,5.2,10.5,1.9,245,28,627,28.37,,0,0,0,70.0,68.2,66.5,0.15,0.40,0.24
HARP,2017-08-21 14:00:00 EDT,42.47280,-74.69849,1706,78.1,77.7,78.1,53.3,59.7,0.000,0.000,0.00,0.000,5.8,10.3,1.8,258,24,6.3,10.6,1.9,262,22,5.8,10.3,1.8,258,24,546,28.37,,0,0,0,70.0,68.2,66.5,0.15,0.40,0.24
HARP,2017-08-21 14:05:00 EDT,42.47280,-74.69849,1706,78.0,77.6,78.0,55.3,60.7,0.000,0.000,0.00,0.000,4.6,8.8,2.1,232,20,4.8,9.1,2.0,233,20,4.6,8.8,2.1,232,20,506,28.37,,0,0,0,70.0,68.2,66.5,0.15,0.40,0.24
HARP,2017-08-21 14:10:00 EDT,42.47280,-74.69849,1706,78.3,77.8,78.3,57.0,61.8,0.000,0.000,0.00,0.000,4.0,8.1,1.2,197,41,4.5,10.5,1.5,199,42,4.0,8.1,1.2,197,41,478,28.37,,0,0,0,70.0,68.2,66.4,0.15,0.40,0.25
HARP,2017-08-21 14:15:00 EDT,42.47280,-74.69849,1706,77.8,77.6,77.8,57.7,61.7,0.000,0.000,0.00,0.000,4.4,7.2,1.6,232,24,4.8,8.2,1.6,234,24,4.4,7.2,1.6,232,24,360,28.36,,0,0,0,70.2,68.2,66.4,0.14,0.40,0.24
HARP,2017-08-21 14:20:00 EDT,42.47280,-74.69849,1706,77.5,77.3,77.5,58.5,61.8,0.000,0.000,0.00,0.000,5.5,8.7,1.4,217,30,5.8,9.7,1.7,218,29,5.5,8.7,1.4,217,30,364,28.36,,0,0,0,70.3,68.2,66.4,0.14,0.40,0.24
HARP,2017-08-21 14:25:00 EDT,42.47280,-74.69849,1706,77.3,77.2,77.3,58.4,61.6,0.000,0.000,0.00,0.000,5.6,11.2,2.4,206,15,5.9,11.9,2.4,207,14,5.6,11.2,2.4,206,15,211,28.36,,0,0,0,70.3,68.2,66.4,0.14,0.40,0.24
HARP,2017-08-21 14:30:00 EDT,42.47280,-74.69849,1706,76.8,76.9,76.8,59.7,61.7,0.000,0.000,0.00,0.000,2.9,6.6,1.6,215,23,3.3,6.9,1.6,218,22,2.9,6.6,1.6,215,23,250,28.36,,0,0,0,70.3,68.2,66.4,0.14,0.40,0.24
HARP,2017-08-21 14:35:00 EDT,42.47280,-74.69849,1706,76.6,76.7,76.6,61.2,62.3,0.000,0.000,0.00,0.000,2.1,4.5,0.9,231,29,2.4,5.1,1.1,239,26,2.1,4.5,0.9,231,29,174,28.36,,0,0,0,70.3,68.2,66.4,0.14,0.40,0.24
HARP,2017-08-21 14:40:00 EDT,42.47280,-74.69849,1706,76.5,76.7,76.5,61.5,62.3,0.000,0.000,0.00,0.000,1.6,3.4,1.1,221,23,2.0,4.8,1.1,226,25,1.6,3.4,1.1,221,23,227,28.35,,0,0,0,70.3,68.2,66.4,0.14,0.40,0.24
HARP,2017-08-21 14:45:00 EDT,42.47280,-74.69849,1706,76.4,76.5,76.4,63.0,62.9,0.000,0.000,0.00,0.000,2.7,5.2,1.1,232,22,2.9,5.9,1.2,234,22,2.7,5.2,1.1,232,22,229,28.35,,0,0,0,70.4,68.2,66.4,0.14,0.40,0.24
HARP,2017-08-21 14:50:00 EDT,42.47280,-74.69849,1706,76.3,76.4,76.3,64.9,63.6,0.000,0.000,0.00,0.000,2.2,4.7,0.9,242,38,2.6,5.3,0.9,245,37,2.2,4.7,0.9,242,38,224,28.35,,0,0,0,70.5,68.2,66.4,0.14,0.40,0.24
HARP,2017-08-21 14:55:00 EDT,42.47280,-74.69849,1706,76.2,76.2,76.2,64.6,63.4,0.000,0.000,0.00,0.000,1.8,4.3,1.0,240,26,2.1,5.5,1.0,239,28,1.8,4.3,1.0,240,26,246,28.35,,0,0,0,70.6,68.2,66.4,0.14,0.40,0.24
HARP,2017-08-21 15:00:00 EDT,42.47280,-74.69849,1706,76.3,76.2,76.3,65.9,64.1,0.000,0.000,0.00,0.000,1.4,4.1,0.9,237,30,1.6,4.7,1.0,239,30,1.4,4.1,0.9,237,30,273,28.35,,0,0,0,70.7,68.2,66.4,0.14,0.40,0.24
HARP,2017-08-21 15:05:00 EDT,42.47280,-74.69849,1706,76.2,76.2,76.2,64.7,63.5,0.000,0.000,0.00,0.000,2.7,5.8,1.2,236,25,3.0,6.8,1.2,238,23,2.7,5.8,1.2,236,25,249,28.35,,0,0,0,70.7,68.2,66.4,0.14,0.40,0.24
HARP,2017-08-21 15:10:00 EDT,42.47280,-74.69849,1706,76.1,76.2,76.1,64.4,63.2,0.000,0.000,0.00,0.000,2.9,5.1,1.0,242,27,3.2,5.9,1.2,244,24,2.9,5.1,1.0,242,27,287,28.35,,0,0,0,70.7,68.2,66.4,0.14,0.40,0.24
HARP,2017-08-21 15:15:00 EDT,42.47280,-74.69849,1706,76.6,76.4,76.6,65.6,64.2,0.000,0.000,0.00,0.000,2.6,6.8,1.7,232,26,3.1,7.7,1.7,232,25,2.6,6.8,1.7,232,26,413,28.35,,0,0,0,70.7,68.2,66.4,0.14,0.40,0.25
HARP,2017-08-21 15:20:00 EDT,42.47280,-74.69849,1706,77.2,76.8,77.2,62.5,63.4,0.000,0.000,0.00,0.000,5.0,8.8,1.8,220,19,5.4,8.9,1.7,221,19,5.0,8.8,1.8,220,19,385,28.35,,0,0,0,70.7,68.2,66.4,0.14,0.40,0.24
HARP,2017-08-21 15:25:00 EDT,42.47280,-74.69849,1706,76.9,76.8,76.9,61.7,62.8,0.000,0.000,0.00,0.000,4.2,8.1,1.7,220,16,4.3,8.8,1.8,223,16,4.2,8.1,1.7,220,16,415,28.35,,0,0,0,70.7,68.2,66.4,0.14,0.40,0.24
HARP,2017-08-21 15:30:00 EDT,42.47280,-74.69849,1706,77.5,77.2,77.5,61.1,63.1,0.000,0.000,0.00,0.000,4.1,8.4,1.6,227,22,4.5,9.4,1.6,230,22,4.1,8.4,1.6,227,22,499,28.35,,0,0,0,70.7,68.2,66.4,0.14,0.40,0.24
HARP,2017-08-21 15:35:00 EDT,42.47280,-74.69849,1706,77.7,77.3,77.7,59.7,62.6,0.000,0.000,0.00,0.000,5.8,10.7,1.7,237,20,6.1,13.2,1.9,238,19,5.8,10.7,1.7,237,20,398,28.35,,0,0,0,70.7,68.2,66.4,0.14,0.40,0.24
HARP,2017-08-21 15:40:00 EDT,42.47280,-74.69849,1706,76.8,76.7,76.8,61.2,62.4,0.000,0.000,0.00,0.000,5.2,9.8,1.9,258,23,5.7,10.8,2.2,262,24,5.2,9.8,1.9,258,23,335,28.35,,0,0,0,70.7,68.2,66.4,0.15,0.40,0.24
HARP,2017-08-21 15:45:00 EDT,42.47280,-74.69849,1706,77.1,76.9,77.1,62.3,63.2,0.000,0.000,0.00,0.000,5.2,9.9,1.9,239,24,5.6,10.4,1.9,242,22,5.2,9.9,1.9,239,24,445,28.35,,0,0,0,70.7,68.3,66.4,0.14,0.40,0.24
HARP,2017-08-21 15:50:00 EDT,42.47280,-74.69849,1706,77.5,77.3,77.5,62.1,63.5,0.000,0.000,0.00,0.000,3.5,7.6,1.9,226,31,4.1,8.5,2.0,224,31,3.5,7.6,1.9,226,31,402,28.35,,0,0,0,70.7,68.3,66.4,0.14,0.40,0.24
HARP,2017-08-21 15:55:00 EDT,42.47280,-74.69849,1706,77.4,77.2,77.4,60.6,62.7,0.000,0.000,0.00,0.000,6.1,12.3,2.3,241,21,6.6,12.9,2.4,243,19,6.1,12.3,2.3,241,21,416,28.34,,0,0,0,70.7,68.3,66.4,0.14,0.40,0.25
HARP,2017-08-21 16:00:00 EDT,42.47280,-74.69849,1706,77.6,77.3,77.6,60.0,62.7,0.000,0.000,0.00,0.000,5.7,9.5,2.0,232,19,6.1,10.0,2.1,233,20,5.7,9.5,2.0,232,19,569,28.34,,0,0,0,70.9,68.3,66.4,0.14,0.40,0.24
HARP,2017-08-21 16:05:00 EDT,42.47280,-74.69849,1706,78.2,77.7,78.2,60.4,63.4,0.000,0.000,0.00,0.000,4.2,7.9,1.8,244,28,4.9,9.4,1.7,247,30,4.2,7.9,1.8,244,28,559,28.34,,0,0,0,71.0,68.4,66.4,0.14,0.40,0.25
HARP,2017-08-21 16:10:00 EDT,42.47280,-74.69849,1706,78.5,77.9,78.5,59.3,63.1,0.000,0.000,0.00,0.000,5.3,9.8,2.4,232,21,5.8,11.3,2.5,233,22,5.3,9.8,2.4,232,21,542,28.34,,0,0,0,71.0,68.4,66.4,0.14,0.40,0.25
HARP,2017-08-21 16:15:00 EDT,42.47280,-74.69849,1706,78.4,78.0,78.4,60.0,63.4,0.000,0.000,0.00,0.000,5.2,11.1,2.4,228,25,5.8,11.7,2.5,231,25,5.2,11.1,2.4,228,25,523,28.34,,0,0,0,71.1,68.4,66.4,0.14,0.40,0.25
HARP,2017-08-21 16:20:00 EDT,42.47280,-74.69849,1706,78.3,78.0,78.3,60.5,63.5,0.000,0.000,0.00,0.000,5.6,10.1,2.4,227,26,6.0,11.2,2.4,231,24,5.6,10.1,2.4,227,26,477,28.34,,0,0,0,71.1,68.5,66.4,0.15,0.40,0.24
HARP,2017-08-21 16:25:00 EDT,42.47280,-74.69849,1706,78.2,77.8,78.2,60.7,63.5,0.000,0.000,0.00,0.000,4.6,8.3,1.3,260,26,5.0,10.5,1.8,263,23,4.6,8.3,1.3,260,26,503,28.34,,0,0,0,71.1,68.5,66.4,0.15,0.40,0.25
HARP,2017-08-21 16:30:00 EDT,42.47280,-74.69849,1706,78.4,78.0,78.4,61.6,64.2,0.000,0.000,0.00,0.000,5.5,11.0,2.4,215,38,6.2,11.3,2.4,216,36,5.5,11.0,2.4,215,38,499,28.34,,0,0,0,71.1,68.5,66.4,0.14,0.40,0.24
HARP,2017-08-21 16:35:00 EDT,42.47280,-74.69849,1706,78.2,77.9,78.2,61.2,63.8,0.000,0.000,0.00,0.000,6.4,10.3,1.8,231,24,6.8,11.2,1.9,232,23,6.4,10.3,1.8,231,24,479,28.34,,0,0,0,71.1,68.5,66.4,0.14,0.40,0.24
HARP,2017-08-21 16:40:00 EDT,42.47280,-74.69849,1706,78.2,77.9,78.2,61.3,63.8,0.000,0.000,0.00,0.000,6.4,11.4,2.2,238,31,6.9,11.6,2.2,243,31,6.4,11.4,2.2,238,31,467,28.34,,0,0,0,71.1,68.5,66.4,0.14,0.40,0.25
HARP,2017-08-21 16:45:00 EDT,42.47280,-74.69849,1706,78.2,77.9,78.2,60.8,63.5,0.000,0.000,0.00,0.000,5.8,12.1,2.1,218,27,6.1,11.7,2.1,215,28,5.8,12.1,2.1,218,27,458,28.33,,0,0,0,71.1,68.5,66.4,0.14,0.40,0.25
HARP,2017-08-21 16:50:00 EDT,42.47280,-74.69849,1706,78.3,78.0,78.3,60.6,63.5,0.000,0.000,0.00,0.000,5.7,12.1,2.4,177,30,6.4,15.2,2.8,180,27,5.7,12.1,2.4,177,30,426,28.33,,0,0,0,71.1,68.5,66.4,0.14,0.40,0.25
HARP,2017-08-21 16:55:00 EDT,42.47280,-74.69849,1706,78.2,77.8,78.2,61.1,63.7,0.000,0.000,0.00,0.000,3.6,7.7,1.7,199,27,4.3,9.8,1.8,204,24,3.6,7.7,1.7,199,27,378,28.33,,0,0,0,71.1,68.5,66.4,0.14,0.40,0.25
HARP,2017-08-21 17:00:00 EDT,42.47280,-74.69849,1706,78.2,77.8,78.2,61.3,63.8,0.000,0.000,0.00,0.000,5.7,9.9,2.0,210,20,5.8,9.8,2.1,211,19,5.7,9.9,2.0,210,20,433,28.33,,0,0,0,71.1,68.5,66.4,0.14,0.40,0.24
HARP,2017-08-21 17:05:00 EDT,42.47280,-74.69849,1706,78.1,77.9,78.1,61.0,63.5,0.000,0.000,0.00,0.000,3.8,8.7,1.9,223,25,4.2,9.0,1.9,224,25,3.8,8.7,1.9,223,25,407,28.33,,0,0,0,71.1,68.5,66.4,0.14,0.40,0.24
HARP,2017-08-21 17:10:00 EDT,42.47280,-74.69849,1706,77.9,77.8,77.9,61.3,63.6,0.000,0.000,0.00,0.000,4.4,7.2,1.6,262,31,5.0,9.1,1.8,263,29,4.4,7.2,1.6,262,31,388,28.34,,0,0,0,71.1,68.5,66.4,0.14,0.40,0.24
HARP,2017-08-21 17:15:00 EDT,42.47280,-74.69849,1706,77.9,77.7,77.9,61.4,63.5,0.000,0.000,0.00,0.000,3.7,8.4,2.0,238,29,4.0,9.4,2.0,239,31,3.7,8.4,2.0,238,29,375,28.33,,0,0,0,71.1,68.5,66.4,0.14,0.40,0.24
HARP,2017-08-21 17:20:00 EDT,42.47280,-74.69849,1706,78.1,77.9,78.1,60.1,63.1,0.000,0.000,0.00,0.000,2.9,8.2,2.0,212,31,3.4,8.2,2.1,214,29,2.9,8.2,2.0,212,31,416,28.34,,0,0,0,71.1,68.5,66.4,0.14,0.40,0.24
HARP,2017-08-21 17:25:00 EDT,42.47280,-74.69849,1706,78.4,78.1,78.4,60.4,63.6,0.000,0.000,0.00,0.000,5.3,10.0,2.8,225,30,6.0,11.1,2.8,228,34,5.3,10.0,2.8,225,30,441,28.34,,0,0,0,71.1,68.5,66.4,0.14,0.40,0.24
HARP,2017-08-21 17:30:00 EDT,42.47280,-74.69849,1706,78.1,77.9,78.1,61.2,63.6,0.000,0.000,0.00,0.000,4.4,7.7,1.7,233,26,4.6,8.4,1.9,235,27,4.4,7.7,1.7,233,26,381,28.34,,0,0,0,71.1,68.5,66.4,0.14,0.40,0.24
HARP,2017-08-21 17:35:00 EDT,42.47280,-74.69849,1706,78.3,78.1,78.3,61.7,64.1,0.000,0.000,0.00,0.000,1.8,6.3,1.6,217,36,2.3,8.2,1.7,214,39,1.8,6.3,1.6,217,36,356,28.34,,0,0,0,71.1,68.5,66.4,0.14,0.40,0.24
HARP,2017-08-21 17:40:00 EDT,42.47280,-74.69849,1706,77.8,77.7,77.8,61.7,63.6,0.000,0.000,0.00,0.000,3.7,7.2,1.5,267,23,4.4,9.0,1.7,270,21,3.7,7.2,1.5,267,23,250,28.33,,0,0,0,71.2,68.5,66.4,0.14,0.40,0.24
HARP,2017-08-21 17:45:00 EDT,42.47280,-74.69849,1706,76.7,77.0,76.7,63.6,63.4,0.000,0.000,0.00,0.000,4.6,9.4,1.7,253,24,5.0,9.7,1.9,256,24,4.6,9.4,1.7,253,24,129,28.33,,0,0,0,71.3,68.5,66.4,0.14,0.40,0.24
HARP,2017-08-21 17:50:00 EDT,42.47280,-74.69849,1706,76.4,76.7,76.4,65.1,63.8,0.000,0.000,0.00,0.000,4.3,10.2,1.7,237,29,4.7,10.7,2.1,236,29,4.3,10.2,1.7,237,29,110,28.33,,0,0,0,71.3,68.5,66.4,0.14,0.40,0.24
HARP,2017-08-21 17:55:00 EDT,42.47280,-74.69849,1706,76.2,76.5,76.2,66.1,64.0,0.000,0.000,0.00,0.000,3.1,6.9,1.5,235,27,3.7,7.7,1.5,237,27,3.1,6.9,1.5,235,27,241,28.33,,0,0,0,71.4,68.5,66.4,0.14,0.40,0.24
HARP,2017-08-21 18:00:00 EDT,42.47280,-74.69849,1706,76.5,76.6,76.5,66.6,64.6,0.000,0.000,0.00,0.000,2.4,5.7,1.3,226,29,3.0,6.7,1.3,230,26,2.4,5.7,1.3,226,29,250,28.33,,0,0,0,71.4,68.5,66.4,0.14,0.40,0.24
HARP,2017-08-21 18:05:00 EDT,42.47280,-74.69849,1706,76.5,76.7,76.5,66.1,64.3,0.000,0.000,0.00,0.000,3.3,6.4,1.7,237,20,3.5,6.8,1.7,241,21,3.3,6.4,1.7,237,20,229,28.32,,0,0,0,71.4,68.5,66.4,0.14,0.40,0.24
HARP,2017-08-21 18:10:00 EDT,42.47280,-74.69849,1706,76.5,76.7,76.5,64.8,63.8,0.000,0.000,0.00,0.000,2.6,5.5,1.3,239,26,2.7,5.7,1.4,243,25,2.6,5.5,1.3,239,26,215,28.32,,0,0,0,71.4,68.5,66.4,0.14,0.40,0.24
HARP,2017-08-21 18:15:00 EDT,42.47280,-74.69849,1706,76.3,76.6,76.3,66.0,64.2,0.000,0.000,0.00,0.000,2.1,4.2,1.0,238,22,2.2,4.4,0.8,245,24,2.1,4.2,1.0,238,22,196,28.32,,0,0,0,71.4,68.5,66.4,0.14,0.40,0.24
HARP,2017-08-21 18:20:00 EDT,42.47280,-74.69849,1706,76.2,76.4,76.2,66.7,64.3,0.000,0.000,0.00,0.000,2.3,5.1,1.2,251,26,2.6,5.2,1.1,252,27,2.3,5.1,1.2,251,26,181,28.32,,0,0,0,71.4,68.5,66.4,0.14,0.40,0.24
HARP,2017-08-21 18:25:00 EDT,42.47280,-74.69849,1706,75.9,76.2,75.9,67.7,64.4,0.000,0.000,0.00,0.000,1.4,3.5,0.7,261,22,1.7,4.3,0.8,269,23,1.4,3.5,0.7,261,22,171,28.32,,0,0,0,71.4,68.5,66.4,0.14,0.40,0.24
HARP,2017-08-21 18:30:00 EDT,42.47280,-74.69849,1706,75.9,76.4,75.9,67.2,64.2,0.000,0.000,0.00,0.000,2.3,4.2,0.8,267,26,2.8,5.9,1.0,268,25,2.3,4.2,0.8,267,26,154,28.32,,0,0,0,71.4,68.5,66.4,0.14,0.40,0.24
HARP,2017-08-21 18:35:00 EDT,42.47280,-74.69849,1706,75.6,76.1,75.6,68.1,64.3,0.000,0.000,0.00,0.000,2.9,6.4,1.3,259,20,3.2,6.5,1.2,262,21,2.9,6.4,1.3,259,20,126,28.32,,0,0,0,71.4,68.5,66.4,0.14,0.40,0.24
HARP,2017-08-21 18:40:00 EDT,42.47280,-74.69849,1706,75.3,76.0,75.3,69.1,64.5,0.000,0.000,0.00,0.000,2.3,4.7,0.8,277,20,2.7,5.8,0.9,279,20,2.3,4.7,0.8,277,20,104,28.32,,0,0,0,71.4,68.5,66.4,0.14,0.40,0.24
HARP,2017-08-21 18:45:00 EDT,42.47280,-74.69849,1706,74.9,76.0,74.9,70.4,64.6,0.000,0.000,0.00,0.000,2.4,3.9,0.6,274,18,2.7,4.8,0.7,277,20,2.4,3.9,0.6,274,18,87,28.32,,0,0,0,71.4,68.5,66.4,0.14,0.40,0.24
HARP,2017-08-21 18:50:00 EDT,42.47280,-74.69849,1706,74.7,75.8,74.7,70.9,64.7,0.000,0.000,0.00,0.000,1.4,2.7,0.7,276,19,1.8,3.5,0.8,284,17,1.4,2.7,0.7,276,19,85,28.32,,0,0,0,71.4,68.5,66.4,0.14,0.40,0.24
HARP,2017-08-21 18:55:00 EDT,42.47280,-74.69849,1706,74.4,75.9,74.4,72.1,64.8,0.000,0.000,0.00,0.000,2.0,3.7,0.6,273,20,2.3,4.4,0.6,277,22,2.0,3.7,0.6,273,20,58,28.32,,0,0,0,71.4,68.5,66.4,0.14,0.40,0.24
HARP,2017-08-21 19:00:00 EDT,42.47280,-74.69849,1706,73.8,75.7,73.8,74.5,65.2,0.000,0.000,0.00,0.000,1.8,3.4,0.6,272,16,2.0,3.6,0.6,277,17,1.8,3.4,0.6,272,16,36,28.32,,0,0,0,71.4,68.5,66.4,0.14,0.40,0.24
HARP,2017-08-21 19:05:00 EDT,42.47280,-74.69849,1706,73.7,75.4,73.7,75.2,65.3,0.000,0.000,0.00,0.000,1.7,2.8,0.6,268,14,2.0,3.1,0.6,271,15,1.7,2.8,0.6,268,14,33,28.32,,0,0,0,71.4,68.5,66.4,0.14,0.40,0.24
HARP,2017-08-21 19:10:00 EDT,42.47280,-74.69849,1706,73.0,75.2,73.0,76.6,65.2,0.000,0.000,0.00,0.000,0.8,1.8,0.4,254,21,1.3,2.5,0.4,253,24,0.8,1.8,0.4,254,21,30,28.32,,0,0,0,71.4,68.6,66.4,0.14,0.40,0.24
HARP,2017-08-21 19:15:00 EDT,42.47280,-74.69849,1706,72.5,74.6,72.5,79.5,65.8,0.000,0.000,0.00,0.000,1.1,2.3,0.6,270,16,1.4,2.7,0.6,273,18,1.1,2.3,0.6,270,16,29,28.32,,0,0,0,71.4,68.6,66.4,0.14,0.40,0.24
HARP,2017-08-21 19:20:00 EDT,42.47280,-74.69849,1706,71.9,74.3,71.9,81.6,66.0,0.000,0.000,0.00,0.000,1.1,2.3,0.6,294,35,1.5,3.1,0.7,301,34,1.1,2.3,0.6,294,35,16,28.32,,0,0,0,71.4,68.7,66.4,0.14,0.40,0.24
HARP,2017-08-21 19:25:00 EDT,42.47280,-74.69849,1706,71.7,73.8,71.7,82.8,66.2,0.000,0.000,0.00,0.000,1.5,2.1,0.4,285,29,1.7,2.8,0.5,285,27,1.5,2.1,0.4,285,29,11,28.32,,0,0,0,71.4,68.8,66.4,0.14,0.40,0.24
HARP,2017-08-21 19:30:00 EDT,42.47280,-74.69849,1706,72.4,73.9,72.4,80.9,66.2,0.000,0.000,0.00,0.000,1.1,2.9,0.5,279,25,1.4,3.2,0.5,281,22,1.1,2.9,0.5,279,25,9,28.32,,0,0,0,71.4,68.8,66.4,0.14,0.40,0.24
HARP,2017-08-21 19:35:00 EDT,42.47280,-74.69849,1706,72.2,73.7,72.2,80.4,65.8,0.000,0.000,0.00,0.000,0.7,1.5,0.5,282,25,1.1,2.1,0.5,283,27,0.7,1.5,0.5,282,25,7,28.32,,0,0,0,71.4,68.9,66.4,0.14,0.40,0.24
HARP,2017-08-21 19:40:00 EDT,42.47280,-74.69849,1706,71.6,73.6,71.6,80.9,65.4,0.000,0.000,0.00,0.000,0.3,1.8,0.5,273,12,0.5,2.4,0.6,279,17,0.3,1.8,0.5,273,12,6,28.32,,0,0,0,71.4,68.9,66.4,0.14,0.40,0.24
HARP,2017-08-21 19:45:00 EDT,42.47280,-74.69849,1706,71.0,73.2,71.0,82.6,65.4,0.000,0.000,0.00,0.000,0.6,1.8,0.5,270,19,1.1,2.8,0.7,273,23,0.6,1.8,0.5,270,19,4,28.32,,0,0,0,71.4,68.9,66.4,0.14,0.40,0.24
HARP,2017-08-21 19:50:00 EDT,42.47280,-74.69849,1706,70.5,72.1,70.5,84.1,65.4,0.000,0.000,0.00,0.000,0.0,0.0,0.0,0,0,0.1,1.0,0.2,271,3,0.0,0.0,0.0,0,0,3,28.32,,0,0,0,71.4,68.9,66.4,0.14,0.40,0.24
HARP,2017-08-21 19:55:00 EDT,42.47280,-74.69849,1706,70.1,71.6,70.1,85.9,65.7,0.000,0.000,0.00,0.000,0.2,1.2,0.3,228,5,0.6,1.4,0.5,223,28,0.2,1.2,0.3,228,5,1,28.32,,0,0,0,71.4,68.9,66.4,0.14,0.40,0.24
HARP,2017-08-21 20:00:00 EDT,42.47280,-74.69849,1706,70.1,71.4,70.1,86.7,65.9,0.000,0.000,0.00,0.000,0.9,1.4,0.4,320,13,1.2,2.3,0.4,324,19,0.9,1.4,0.4,320,13,1,28.32,,0,0,0,71.4,68.9,66.4,0.14,0.40,0.24
HARP,2017-08-21 20:05:00 EDT,42.47280,-74.69849,1706,69.6,71.2,69.6,87.8,65.8,0.000,0.000,0.00,0.000,1.2,1.9,0.4,348,14,1.7,2.7,0.5,353,13,1.2,1.9,0.4,348,14,0,28.32,,0,0,0,71.4,68.9,66.4,0.14,0.40,0.24
HARP,2017-08-21 20:10:00 EDT,42.47280,-74.69849,1706,69.0,71.0,69.0,88.8,65.6,0.000,0.000,0.00,0.000,1.3,2.0,0.4,350,12,2.1,3.0,0.5,352,10,1.3,2.0,0.4,350,12,0,28.32,,0,0,0,71.4,68.9,66.4,0.14,0.40,0.24
HARP,2017-08-21 20:15:00 EDT,42.47280,-74.69849,1706,68.6,70.6,68.6,90.0,65.5,0.000,0.000,0.00,0.000,0.9,1.8,0.4,352,11,1.5,2.7,0.4,354,12,0.9,1.8,0.4,352,11,0,28.32,,0,0,0,71.4,68.9,66.4,0.14,0.40,0.24
HARP,2017-08-21 20:20:00 EDT,42.47280,-74.69849,1706,68.3,70.9,68.3,90.6,65.4,0.000,0.000,0.00,0.000,0.8,1.2,0.3,23,10,1.3,1.9,0.3,22,11,0.8,1.2,0.3,23,10,0,28.32,,0,0,0,71.4,68.9,66.4,0.14,0.40,0.24
HARP,2017-08-21 20:25:00 EDT,42.47280,-74.69849,1706,68.1,71.1,68.1,91.1,65.4,0.000,0.000,0.00,0.000,0.9,1.6,0.4,35,17,1.2,1.8,0.3,37,16,0.9,1.6,0.4,35,17,0,28.32,,0,0,0,71.4,68.9,66.4,0.14,0.40,0.24
HARP,2017-08-21 20:30:00 EDT,42.47280,-74.69849,1706,67.9,71.1,67.9,91.7,65.4,0.000,0.000,0.00,0.000,0.2,1.1,0.4,45,9,0.6,1.9,0.6,44,16,0.2,1.1,0.4,45,9,0,28.32,,0,0,0,71.4,68.9,66.4,0.14,0.40,0.24
HARP,2017-08-21 20:35:00 EDT,42.47280,-74.69849,1706,67.7,70.3,67.7,92.0,65.3,0.000,0.000,0.00,0.000,1.7,3.0,0.8,321,10,1.9,3.1,0.6,322,8,1.7,3.0,0.8,321,10,0,28.32,,0,0,0,71.4,68.9,66.4,0.14,0.40,0.24
HARP,2017-08-21 20:40:00 EDT,42.47280,-74.69849,1706,67.9,70.4,67.9,91.7,65.4,0.000,0.000,0.00,0.000,1.8,3.1,0.7,304,23,1.9,3.6,0.6,306,21,1.8,3.1,0.7,304,23,0,28.32,,0,0,0,71.4,68.9,66.4,0.14,0.40,0.24
HARP,2017-08-21 20:45:00 EDT,42.47280,-74.69849,1706,67.7,70.4,67.7,91.2,65.1,0.000,0.000,0.00,0.000,2.0,3.0,0.6,300,17,2.0,3.4,0.6,304,15,2.0,3.0,0.6,300,17,0,28.32,,0,0,0,71.4,68.9,66.4,0.14,0.40,0.24
HARP,2017-08-21 20:50:00 EDT,42.47280,-74.69849,1706,67.4,69.9,67.4,91.2,64.8,0.000,0.000,0.00,0.000,2.1,3.0,0.5,318,9,2.0,2.9,0.4,319,7,2.1,3.0,0.5,318,9,0,28.32,,0,0,0,71.4,68.9,66.4,0.14,0.40,0.24
HARP,2017-08-21 20:55:00 EDT,42.47280,-74.69849,1706,67.1,69.0,67.1,92.0,64.7,0.000,0.000,0.00,0.000,1.7,3.1,0.7,288,48,1.9,3.6,0.6,285,49,1.7,3.1,0.7,288,48,0,28.32,,0,0,0,71.4,68.9,66.4,0.14,0.40,0.24
HARP,2017-08-21 21:00:00 EDT,42.47280,-74.69849,1706,67.4,68.2,67.4,93.9,65.5,0.000,0.000,0.00,0.000,1.1,2.3,0.6,206,19,1.3,3.0,0.6,214,26,1.1,2.3,0.6,206,19,0,28.32,,0,0,0,71.4,68.9,66.4,0.14,0.40,0.24
HARP,2017-08-21 21:05:00 EDT,42.47280,-74.69849,1706,66.8,68.1,66.8,94.1,65.1,0.000,0.000,0.00,0.000,1.8,2.8,0.8,326,8,2.0,3.0,0.6,328,9,1.8,2.8,0.8,326,8,0,28.32,,0,0,0,71.4,68.9,66.4,0.14,0.40,0.24
HARP,2017-08-21 21:10:00 EDT,42.47280,-74.69849,1706,67.7,70.1,67.7,94.2,66.0,0.000,0.000,0.00,0.000,1.6,3.0,0.8,288,22,1.9,3.6,0.8,290,22,1.6,3.0,0.8,288,22,0,28.32,,0,0,0,71.4,68.9,66.4,0.14,0.40,0.24
HARP,2017-08-21 21:15:00 EDT,42.47280,-74.69849,1706,67.8,69.9,67.8,92.1,65.5,0.000,0.000,0.00,0.000,0.0,0.6,0.1,218,15,0.4,1.3,0.5,162,24,0.0,0.6,0.1,218,15,0,28.32,,0,0,0,71.4,68.9,66.4,0.14,0.40,0.24
HARP,2017-08-21 21:20:00 EDT,42.47280,-74.69849,1706,67.0,69.3,67.0,92.9,64.9,0.000,0.000,0.00,0.000,0.0,0.0,0.0,0,0,0.2,1.1,0.4,345,27,0.0,0.0,0.0,0,0,0,28.32,,0,0,0,71.4,68.9,66.4,0.14,0.40,0.24
HARP,2017-08-21 21:25:00 EDT,42.47280,-74.69849,1706,67.1,68.7,67.1,94.3,65.4,0.000,0.000,0.00,0.000,0.2,0.9,0.3,204,8,0.6,1.5,0.5,208,14,0.2,0.9,0.3,204,8,0,28.32,,0,0,0,71.4,68.9,66.4,0.14,0.40,0.24
HARP,2017-08-21 21:30:00 EDT,42.47280,-74.69849,1706,67.1,68.4,67.1,94.7,65.5,0.000,0.000,0.00,0.000,0.0,0.0,0.0,0,0,0.1,0.8,0.3,97,1,0.0,0.0,0.0,0,0,0,28.32,,0,0,0,71.4,68.9,66.4,0.14,0.40,0.24
HARP,2017-08-21 21:35:00 EDT,42.47280,-74.69849,1706,67.1,68.4,67.1,94.9,65.6,0.000,0.000,0.00,0.000,0.0,0.0,0.0,0,0,0.4,1.3,0.5,24,23,0.0,0.0,0.0,0,0,0,28.33,,0,0,0,71.4,68.9,66.4,0.14,0.40,0.24
HARP,2017-08-21 21:40:00 EDT,42.47280,-74.69849,1706,67.1,69.0,67.1,94.8,65.6,0.000,0.000,0.00,0.000,1.3,2.5,0.7,321,11,1.6,3.0,0.6,325,10,1.3,2.5,0.7,321,11,0,28.32,,0,0,0,71.4,68.9,66.4,0.14,0.40,0.24
HARP,2017-08-21 21:45:00 EDT,42.47280,-74.69849,1706,67.3,69.1,67.3,94.2,65.5,0.000,0.000,0.00,0.000,2.3,3.0,0.6,319,11,2.3,3.5,0.6,320,9,2.3,3.0,0.6,319,11,0,28.32,,0,0,0,71.4,68.9,66.4,0.14,0.40,0.24
HARP,2017-08-21 21:50:00 EDT,42.47280,-74.69849,1706,67.2,69.1,67.2,92.5,65.0,0.000,0.000,0.00,0.000,1.7,2.8,0.6,295,15,1.9,3.4,0.6,299,14,1.7,2.8,0.6,295,15,0,28.33,,0,0,0,71.3,68.9,66.4,0.14,0.40,0.24
HARP,2017-08-21 21:55:00 EDT,42.47280,-74.69849,1706,66.6,69.0,66.6,92.5,64.3,0.000,0.000,0.00,0.000,1.4,2.0,0.4,309,12,1.4,2.3,0.3,312,11,1.4,2.0,0.4,309,12,0,28.32,,0,0,0,71.3,69.0,66.4,0.14,0.40,0.24
HARP,2017-08-21 22:00:00 EDT,42.47280,-74.69849,1706,66.3,68.8,66.3,92.8,64.2,0.000,0.000,0.00,0.000,1.7,2.3,0.3,310,12,1.7,3.0,0.4,313,10,1.7,2.3,0.3,310,12,0,28.33,,0,0,0,71.3,69.0,66.4,0.14,0.40,0.24
HARP,2017-08-21 22:05:00 EDT,42.47280,-74.69849,1706,66.2,68.5,66.2,93.6,64.3,0.000,0.000,0.00,0.000,1.2,2.0,0.5,301,18,1.2,2.6,0.6,303,18,1.2,2.0,0.5,301,18,0,28.33,,0,0,0,71.2,69.1,66.4,0.14,0.40,0.24
HARP,2017-08-21 22:10:00 EDT,42.47280,-74.69849,1706,66.0,67.2,66.0,94.5,64.4,0.000,0.000,0.00,0.000,0.7,1.5,0.4,258,24,1.1,1.8,0.3,265,26,0.7,1.5,0.4,258,24,0,28.33,,0,0,0,71.1,69.1,66.4,0.14,0.40,0.24
HARP,2017-08-21 22:15:00 EDT,42.47280,-74.69849,1706,65.8,67.3,65.8,95.1,64.4,0.000,0.000,0.00,0.000,1.8,2.2,0.2,319,14,1.8,2.7,0.4,322,12,1.8,2.2,0.2,319,14,0,28.32,,0,0,0,71.1,69.2,66.4,0.14,0.40,0.24
HARP,2017-08-21 22:20:00 EDT,42.47280,-74.69849,1706,65.6,67.5,65.6,95.0,64.1,0.000,0.000,0.00,0.000,0.3,1.6,0.4,317,40,0.6,2.1,0.6,265,53,0.3,1.6,0.4,317,40,0,28.32,,0,0,0,71.1,69.2,66.4,0.14,0.40,0.24
HARP,2017-08-21 22:25:00 EDT,42.47280,-74.69849,1706,64.7,66.3,64.7,94.9,63.2,0.000,0.000,0.00,0.000,0.3,0.9,0.3,59,19,0.9,1.7,0.3,61,22,0.3,0.9,0.3,59,19,0,28.32,,0,0,0,71.1,69.2,66.4,0.14,0.40,0.24
HARP,2017-08-21 22:30:00 EDT,42.47280,-74.69849,1706,64.8,66.0,64.8,96.0,63.6,0.000,0.000,0.00,0.000,0.9,2.0,0.8,347,5,1.7,3.0,0.7,354,12,0.9,2.0,0.8,347,5,0,28.32,,0,0,0,71.1,69.2,66.4,0.14,0.40,0.24
HARP,2017-08-21 22:35:00 EDT,42.47280,-74.69849,1706,64.7,66.4,64.7,96.1,63.6,0.000,0.000,0.00,0.000,0.4,1.0,0.4,341,0,0.9,1.6,0.6,352,7,0.4,1.0,0.4,341,0,0,28.32,,0,0,0,71.1,69.3,66.4,0.14,0.40,0.24
HARP,2017-08-21 22:40:00 EDT,42.47280,-74.69849,1706,65.0,66.9,65.0,96.7,64.0,0.000,0.000,0.00,0.000,0.2,1.0,0.3,341,0,0.3,1.5,0.5,324,14,0.2,1.0,0.3,341,0,0,28.32,,0,0,0,71.1,69.3,66.4,0.14,0.40,0.24
HARP,2017-08-21 22:45:00 EDT,42.47280,-74.69849,1706,64.8,66.8,64.8,96.4,63.7,0.000,0.000,0.00,0.000,0.4,1.4,0.4,104,6,0.7,1.9,0.6,103,24,0.4,1.4,0.4,104,6,0,28.32,,0,0,0,71.1,69.3,66.4,0.14,0.40,0.24
HARP,2017-08-21 22:50:00 EDT,42.47280,-74.69849,1706,63.8,64.8,63.8,95.6,62.6,0.000,0.000,0.00,0.000,0.9,1.5,0.3,102,10,1.4,2.0,0.3,99,13,0.9,1.5,0.3,102,10,0,28.32,,0,0,0,71.1,69.3,66.4,0.14,0.40,0.24
HARP,2017-08-21 22:55:00 EDT,42.47280,-74.69849,1706,63.8,65.1,63.8,96.3,62.7,0.000,0.000,0.00,0.000,2.0,2.9,0.8,339,20,2.4,3.5,0.9,342,19,2.0,2.9,0.8,339,20,0,28.32,,0,0,0,71.1,69.3,66.4,0.14,0.40,0.24
HARP,2017-08-21 23:00:00 EDT,42.47280,-74.69849,1706,64.5,66.2,64.5,97.5,63.7,0.000,0.000,0.00,0.000,1.8,2.6,0.5,330,11,2.2,3.4,0.7,333,12,1.8,2.6,0.5,330,11,0,28.32,,0,0,0,71.1,69.3,66.4,0.14,0.40,0.24
HARP,2017-08-21 23:05:00 EDT,42.47280,-74.69849,1706,64.5,66.9,64.5,97.4,63.8,0.000,0.000,0.00,0.000,0.4,1.1,0.4,212,24,0.8,1.7,0.6,220,32,0.4,1.1,0.4,212,24,0,28.32,,0,0,0,71.1,69.3,66.4,0.14,0.40,0.24
HARP,2017-08-21 23:10:00 EDT,42.47280,-74.69849,1706,63.8,64.8,63.8,96.9,62.9,0.000,0.000,0.00,0.000,0.1,0.9,0.3,180,4,0.4,1.3,0.5,153,19,0.1,0.9,0.3,180,4,0,28.32,,0,0,0,71.1,69.3,66.4,0.14,0.40,0.24
HARP,2017-08-21 23:15:00 EDT,42.47280,-74.69849,1706,63.8,65.1,63.8,97.0,62.9,0.000,0.000,0.00,0.000,0.0,0.0,0.0,0,0,0.1,0.8,0.2,331,6,0.0,0.0,0.0,0,0,0,28.32,,0,0,0,71.1,69.3,66.4,0.14,0.40,0.24
HARP,2017-08-21 23:20:00 EDT,42.47280,-74.69849,1706,63.9,65.5,63.9,97.6,63.2,0.000,0.000,0.00,0.000,0.9,1.9,0.7,341,3,1.5,2.9,0.8,346,6,0.9,1.9,0.7,341,3,0,28.32,,0,0,0,71.1,69.3,66.4,0.14,0.40,0.24
HARP,2017-08-21 23:25:00 EDT,42.47280,-74.69849,1706,64.1,66.2,64.1,97.7,63.5,0.000,0.000,0.00,0.000,0.7,1.5,0.6,346,14,1.2,2.3,0.8,348,15,0.7,1.5,0.6,346,14,0,28.32,,0,0,0,71.1,69.3,66.5,0.14,0.40,0.24
HARP,2017-08-21 23:30:00 EDT,42.47280,-74.69849,1706,64.6,66.9,64.6,98.0,64.0,0.000,0.000,0.00,0.000,0.3,1.0,0.4,261,6,0.6,1.4,0.5,269,15,0.3,1.0,0.4,261,6,0,28.32,,0,0,0,71.1,69.3,66.4,0.14,0.40,0.24
HARP,2017-08-21 23:35:00 EDT,42.47280,-74.69849,1706,64.2,66.5,64.2,97.8,63.5,0.000,0.000,0.00,0.000,0.0,0.5,0.1,234,2,0.1,1.3,0.3,268,20,0.0,0.5,0.1,234,2,0,28.31,,0,0,0,71.0,69.3,66.5,0.14,0.40,0.24
HARP,2017-08-21 23:40:00 EDT,42.47280,-74.69849,1706,64.4,66.1,64.4,97.9,63.8,0.000,0.000,0.00,0.000,1.5,2.2,0.5,355,8,2.5,3.4,0.5,357,7,1.5,2.2,0.5,355,8,0,28.31,,0,0,0,70.9,69.3,66.5,0.14,0.40,0.24
HARP,2017-08-21 23:45:00 EDT,42.47280,-74.69849,1706,64.7,66.4,64.7,98.0,64.1,0.000,0.000,0.00,0.000,1.1,1.9,0.4,337,27,1.6,3.0,0.5,340,24,1.1,1.9,0.4,337,27,0,28.32,,0,0,0,70.8,69.3,66.5,0.14,0.40,0.24
HARP,2017-08-21 23:50:00 EDT,42.47280,-74.69849,1706,64.1,66.4,64.1,97.6,63.4,0.000,0.000,0.00,0.000,0.5,1.5,0.4,329,10,1.0,2.0,0.5,327,12,0.5,1.5,0.4,329,10,0,28.32,,0,0,0,70.8,69.3,66.5,0.14,0.40,0.24
HARP,2017-08-21 23:55:00 EDT,42.47280,-74.69849,1706,63.5,65.6,63.5,97.1,62.7,0.000,0.000,0.00,0.000,0.2,1.0,0.3,231,29,0.4,1.5,0.5,235,28,0.2,1.0,0.3,231,29,0,28.31,,0,0,0,70.7,69.3,66.5,0.14,0.40,0.24
HARR,2017-08-21 00:00:00 EDT,43.80352,-75.68853,1623,62.4,63.3,62.4,84.6,57.7,0.000,0.027,0.00,0.000,6.0,8.4,1.1,201,7,6.4,9.2,1.1,203,7,6.0,8.4,1.1,201,7,0,,,0,0,0,68.2,66.7,65.1,0.39,0.30,0.31
HARR,2017-08-21 00:05:00 EDT,43.80352,-75.68853,1623,62.3,63.4,62.3,84.7,57.7,0.000,0.000,0.00,0.000,5.9,7.7,0.8,199,7,6.3,8.3,0.9,201,6,5.9,7.7,0.8,199,7,0,,,0,0,0,68.2,66.7,65.1,0.39,0.30,0.31
HARR,2017-08-21 00:10:00 EDT,43.80352,-75.68853,1623,62.8,63.9,62.8,84.0,57.9,0.000,0.000,0.00,0.000,6.4,9.7,1.1,199,8,6.8,10.6,1.3,201,8,6.4,9.7,1.1,199,8,0,,,0,0,0,68.2,66.7,65.1,0.39,0.30,0.31
HARR,2017-08-21 00:15:00 EDT,43.80352,-75.68853,1623,63.2,64.1,63.2,83.1,58.0,0.000,0.000,0.00,0.000,6.0,8.0,0.7,199,10,6.4,9.5,0.9,201,9,6.0,8.0,0.7,199,10,0,,,0,0,0,68.2,66.7,65.1,0.39,0.30,0.31
HARR,2017-08-21 00:20:00 EDT,43.80352,-75.68853,1623,62.9,63.8,62.9,83.4,57.8,0.000,0.000,0.00,0.000,6.0,8.4,1.0,203,10,6.6,10.0,1.1,205,8,6.0,8.4,1.0,203,10,0,28.44,,0,0,0,68.2,66.7,65.1,0.39,0.30,0.31
HARR,2017-08-21 00:25:00 EDT,43.80352,-75.68853,1623,63.0,63.8,63.0,83.7,58.0,0.000,0.000,0.00,0.000,5.9,8.0,0.8,203,8,6.2,9.1,0.9,206,8,5.9,8.0,0.8,203,8,0,,,0,0,0,68.0,66.7,65.1,0.39,0.30,0.31
HARR,2017-08-21 00:30:00 EDT,43.80352,-75.68853,1623,63.2,64.0,63.2,83.3,58.0,0.000,0.000,0.00,0.000,5.5,7.4,0.7,204,8,6.0,8.0,0.8,207,8,5.5,7.4,0.7,204,8,0,,,0,0,0,67.8,66.7,65.1,0.39,0.30,0.31
HARR,2017-08-21 00:35:00 EDT,43.80352,-75.68853,1623,63.0,64.0,63.0,83.5,57.9,0.000,0.000,0.00,0.000,5.9,8.7,0.9,207,8,6.3,9.7,1.0,209,7,5.9,8.7,0.9,207,8,0,,,0,0,0,67.8,66.7,65.1,0.39,0.30,0.31
HARR,2017-08-21 00:40:00 EDT,43.80352,-75.68853,1623,63.1,64.1,63.1,83.5,58.0,0.000,0.000,0.00,0.000,5.7,7.5,0.8,207,9,6.1,8.0,0.8,210,9,5.7,7.5,0.8,207,9,0,,,0,0,0,67.8,66.7,65.1,0.39,0.30,0.31
HARR,2017-08-21 00:45:00 EDT,43.80352,-75.68853,1623,63.1,64.2,63.1,83.7,58.1,0.000,0.000,0.00,0.000,6.4,8.3,0.7,209,8,6.8,9.2,0.8,212,8,6.4,8.3,0.7,209,8,0,,,0,0,0,67.8,66.7,65.1,0.39,0.30,0.31
HARR,2017-08-21 00:50:00 EDT,43.80352,-75.68853,1623,63.5,64.2,63.5,83.2,58.3,0.000,0.000,0.00,0.000,6.3,8.8,1.0,212,9,6.7,9.0,1.0,214,7,6.3,8.8,1.0,212,9,0,,,0,0,0,67.8,66.7,65.1,0.39,0.30,0.31
HARR,2017-08-21 00:55:00 EDT,43.80352,-75.68853,1623,63.5,64.1,63.5,83.2,58.3,0.000,0.000,0.00,0.000,5.9,8.2,0.9,208,9,6.2,8.4,0.9,210,8,5.9,8.2,0.9,208,9,0,28.44,,0,0,0,67.8,66.7,65.1,0.39,0.30,0.31
HARR,2017-08-21 01:00:00 EDT,43.80352,-75.68853,1623,63.5,64.1,63.5,83.2,58.3,0.000,0.000,0.00,0.000,5.5,7.3,0.8,206,9,5.9,7.9,0.8,209,9,5.5,7.3,0.8,206,9,0,,,0,0,0,67.8,66.7,65.1,0.40,0.30,0.31
HARR,2017-08-21 01:05:00 EDT,43.80352,-75.68853,1623,63.4,64.2,63.4,83.7,58.3,0.000,0.000,0.00,0.000,5.5,7.5,0.7,203,8,5.9,8.3,0.8,205,7,5.5,7.5,0.7,203,8,0,,,0,0,0,67.8,66.7,65.1,0.40,0.30,0.31
HARR,2017-08-21 01:10:00 EDT,43.80352,-75.68853,1623,63.3,64.2,63.3,83.8,58.4,0.000,0.000,0.00,0.000,5.7,7.2,0.6,196,7,6.1,8.5,0.7,198,5,5.7,7.2,0.6,196,7,0,,,0,0,0,67.8,66.7,65.1,0.40,0.30,0.31
HARR,2017-08-21 01:15:00 EDT,43.80352,-75.68853,1623,63.3,64.0,63.3,83.9,58.4,0.000,0.000,0.00,0.000,6.2,8.0,0.8,203,9,6.6,9.5,0.9,205,7,6.2,8.0,0.8,203,9,0,,,0,0,0,67.8,66.7,65.1,0.40,0.30,0.31
HARR,2017-08-21 01:20:00 EDT,43.80352,-75.68853,1623,63.6,64.2,63.6,83.6,58.5,0.000,0.000,0.00,0.000,6.2,9.4,1.0,202,8,6.7,9.8,1.0,206,7,6.2,9.4,1.0,202,8,0,,,0,0,0,67.8,66.7,65.1,0.40,0.30,0.31
HARR,2017-08-21 01:25:00 EDT,43.80352,-75.68853,1623,63.8,64.3,63.8,83.0,58.5,0.000,0.000,0.00,0.000,6.5,8.8,0.9,203,9,6.8,9.0,1.0,206,8,6.5,8.8,0.9,203,9,0,,,0,0,0,67.8,66.7,65.1,0.40,0.30,0.31
HARR,2017-08-21 01:30:00 EDT,43.80352,-75.68853,1623,64.2,64.6,64.2,82.1,58.6,0.000,0.000,0.00,0.000,6.6,8.6,1.0,203,8,7.0,9.6,1.2,204,8,6.6,8.6,1.0,203,8,0,28.45,,0,0,0,67.8,66.7,65.1,0.40,0.30,0.31
HARR,2017-08-21 01:35:00 EDT,43.80352,-75.68853,1623,64.5,64.8,64.5,81.4,58.7,0.000,0.000,0.00,0.000,6.1,8.3,0.9,204,10,6.4,9.0,1.0,205,10,6.1,8.3,0.9,204,10,0,,,0,0,0,67.7,66.7,65.1,0.40,0.30,0.31
HARR,2017-08-21 01:40:00 EDT,43.80352,-75.68853,1623,64.5,64.9,64.5,81.0,58.6,0.000,0.000,0.00,0.000,6.0,8.5,1.1,210,11,6.2,9.2,1.1,211,9,6.0,8.5,1.1,210,11,0,,,0,0,0,67.6,66.7,65.1,0.39,0.30,0.31
HARR,2017-08-21 01:45:00 EDT,43.80352,-75.68853,1623,64.6,65.0,64.6,80.5,58.4,0.000,0.000,0.00,0.000,6.6,10.3,1.4,208,9,6.9,10.5,1.3,209,8,6.6,10.3,1.4,208,9,0,,,0,0,0,67.5,66.7,65.1,0.39,0.30,0.31
HARR,2017-08-21 01:50:00 EDT,43.80352,-75.68853,1623,64.5,65.0,64.5,80.3,58.3,0.000,0.000,0.00,0.000,6.8,9.6,1.0,203,10,7.4,9.9,1.1,205,8,6.8,9.6,1.0,203,10,0,,,0,0,0,67.5,66.7,65.1,0.39,0.30,0.31
HARR,2017-08-21 01:55:00 EDT,43.80352,-75.68853,1623,64.2,64.8,64.2,80.6,58.1,0.000,0.000,0.00,0.000,6.8,10.1,0.9,207,8,7.0,10.2,1.0,208,8,6.8,10.1,0.9,207,8,0,,,0,0,0,67.5,66.7,65.1,0.39,0.30,0.31
HARR,2017-08-21 02:00:00 EDT,43.80352,-75.68853,1623,64.2,64.8,64.2,80.6,58.1,0.000,0.000,0.00,0.000,7.0,9.7,1.3,204,9,7.3,10.7,1.2,206,8,7.0,9.7,1.3,204,9,0,,,0,0,0,67.5,66.7,65.1,0.39,0.30,0.31
HARR,2017-08-21 02:05:00 EDT,43.80352,-75.68853,1623,64.2,64.8,64.2,80.8,58.1,0.000,0.000,0.00,0.000,6.8,9.1,1.0,207,9,7.3,9.6,1.1,210,8,6.8,9.1,1.0,207,9,0,28.44,,0,0,0,67.5,66.7,65.1,0.39,0.30,0.31
HARR,2017-08-21 02:10:00 EDT,43.80352,-75.68853,1623,63.9,64.6,63.9,81.0,58.0,0.000,0.000,0.00,0.000,6.1,8.5,1.0,210,10,6.5,9.7,1.0,212,8,6.1,8.5,1.0,210,10,0,,,0,0,0,67.5,66.7,65.1,0.39,0.30,0.31
HARR,2017-08-21 02:15:00 EDT,43.80352,-75.68853,1623,63.9,64.4,63.9,80.9,57.9,0.000,0.000,0.00,0.000,6.3,8.9,0.9,208,9,6.5,9.4,1.0,210,7,6.3,8.9,0.9,208,9,0,,,0,0,0,67.5,66.7,65.1,0.39,0.30,0.31
HARR,2017-08-21 02:20:00 EDT,43.80352,-75.68853,1623,63.6,64.4,63.6,81.3,57.8,0.000,0.000,0.00,0.000,6.4,9.1,0.9,209,8,6.7,9.9,1.0,211,8,6.4,9.1,0.9,209,8,0,,,0,0,0,67.5,66.7,65.1,0.39,0.30,0.31
HARR,2017-08-21 02:25:00 EDT,43.80352,-75.68853,1623,63.5,64.3,63.5,81.1,57.6,0.000,0.000,0.00,0.000,6.7,9.1,1.0,207,9,7.1,10.3,1.0,209,7,6.7,9.1,1.0,207,9,0,,,0,0,0,67.5,66.7,65.1,0.39,0.30,0.31
HARR,2017-08-21 02:30:00 EDT,43.80352,-75.68853,1623,63.6,64.3,63.6,81.3,57.7,0.000,0.000,0.00,0.000,6.8,9.0,1.0,207,10,7.2,9.7,1.1,211,8,6.8,9.0,1.0,207,10,0,,,0,0,0,67.5,66.7,65.1,0.39,0.30,0.31
HARR,2017-08-21 02:35:00 EDT,43.80352,-75.68853,1623,63.5,64.2,63.5,81.0,57.6,0.000,0.000,0.00,0.000,6.5,9.6,1.1,207,9,6.9,10.5,1.2,209,8,6.5,9.6,1.1,207,9,0,,,0,0,0,67.5,66.7,65.1,0.40,0.30,0.31
HARR,2017-08-21 02:40:00 EDT,43.80352,-75.68853,1623,63.5,64.2,63.5,81.0,57.6,0.000,0.000,0.00,0.000,6.3,8.3,1.1,207,8,6.6,8.9,1.1,209,8,6.3,8.3,1.1,207,8,0,28.44,,0,0,0,67.5,66.7,65.1,0.40,0.30,0.31
HARR,2017-08-21 02:45:00 EDT,43.80352,-75.68853,1623,63.3,64.0,63.3,81.4,57.5,0.000,0.000,0.00,0.000,6.1,8.8,1.0,203,9,6.6,9.4,1.1,206,9,6.1,8.8,1.0,203,9,0,,,0,0,0,67.4,66.7,65.1,0.40,0.30,0.31
HARR,2017-08-21 02:50:00 EDT,43.80352,-75.68853,1623,63.3,63.9,63.3,81.6,57.6,0.000,0.000,0.00,0.000,6.3,8.4,0.9,200,10,6.7,9.5,1.1,204,8,6.3,8.4,0.9,200,10,0,,,0,0,0,67.3,66.7,65.1,0.39,0.30,0.31
HARR,2017-08-21 02:55:00 EDT,43.80352,-75.68853,1623,63.0,63.7,63.0,82.1,57.4,0.000,0.000,0.00,0.000,6.0,8.5,0.9,198,9,6.4,9.9,1.1,199,8,6.0,8.5,0.9,198,9,0,,,0,0,0,67.2,66.7,65.1,0.39,0.30,0.31
HARR,2017-08-21 03:00:00 EDT,43.80352,-75.68853,1623,62.8,63.6,62.8,82.9,57.5,0.000,0.000,0.00,0.000,6.3,8.8,0.8,195,9,6.7,8.8,0.9,198,8,6.3,8.8,0.8,195,9,0,,,0,0,0,67.1,66.7,65.1,0.39,0.30,0.31
HARR,2017-08-21 03:05:00 EDT,43.80352,-75.68853,1623,63.0,63.7,63.0,82.8,57.7,0.000,0.000,0.00,0.000,7.1,10.8,1.1,198,9,7.4,11.2,1.2,201,7,7.1,10.8,1.1,198,9,0,,,0,0,0,67.1,66.7,65.1,0.39,0.30,0.31
HARR,2017-08-21 03:10:00 EDT,43.80352,-75.68853,1623,62.9,63.6,62.9,82.9,57.6,0.000,0.000,0.00,0.000,6.6,9.4,1.0,200,8,7.0,10.6,1.1,202,8,6.6,9.4,1.0,200,8,0,,,0,0,0,67.1,66.7,65.1,0.39,0.30,0.31
HARR,2017-08-21 03:15:00 EDT,43.80352,-75.68853,1623,62.9,63.4,62.9,83.4,57.8,0.000,0.000,0.00,0.000,6.1,8.8,0.9,200,9,6.5,9.3,1.0,203,10,6.1,8.8,0.9,200,9,0,28.45,,0,0,0,67.1,66.7,65.1,0.39,0.30,0.31
HARR,2017-08-21 03:20:00 EDT,43.80352,-75.68853,1623,62.7,63.3,62.7,83.8,57.7,0.000,0.000,0.00,0.000,6.0,8.1,0.9,203,10,6.3,8.9,1.1,205,9,6.0,8.1,0.9,203,10,0,,,0,0,0,67.1,66.7,65.1,0.39,0.30,0.31
HARR,2017-08-21 03:25:00 EDT,43.80352,-75.68853,1623,62.7,63.2,62.7,84.2,57.8,0.000,0.000,0.00,0.000,6.4,9.7,1.2,201,10,6.8,9.8,1.3,202,9,6.4,9.7,1.2,201,10,0,,,0,0,0,67.1,66.7,65.1,0.39,0.30,0.31
HARR,2017-08-21 03:30:00 EDT,43.80352,-75.68853,1623,62.6,63.2,62.6,84.4,57.8,0.000,0.000,0.00,0.000,5.7,7.5,0.9,204,10,6.0,8.4,1.0,207,9,5.7,7.5,0.9,204,10,0,,,0,0,0,67.1,66.7,65.1,0.39,0.30,0.31
HARR,2017-08-21 03:35:00 EDT,43.80352,-75.68853,1623,62.6,63.2,62.6,84.9,58.0,0.000,0.000,0.00,0.000,6.1,8.2,0.7,204,8,6.5,8.7,0.8,206,8,6.1,8.2,0.7,204,8,0,,,0,0,0,67.1,66.7,65.1,0.39,0.30,0.31
HARR,2017-08-21 03:40:00 EDT,43.80352,-75.68853,1623,62.5,63.3,62.5,85.1,58.0,0.000,0.000,0.00,0.000,6.1,8.2,0.8,204,9,6.7,9.5,0.9,206,8,6.1,8.2,0.8,204,9,0,,,0,0,0,67.1,66.7,65.1,0.39,0.30,0.31
HARR,2017-08-21 03:45:00 EDT,43.80352,-75.68853,1623,62.6,63.2,62.6,85.1,58.1,0.000,0.000,0.00,0.000,6.3,9.4,1.1,203,9,6.7,9.7,1.1,206,8,6.3,9.4,1.1,203,9,0,,,0,0,0,67.1,66.7,65.1,0.39,0.30,0.31
HARR,2017-08-21 03:50:00 EDT,43.80352,-75.68853,1623,62.5,63.2,62.5,85.5,58.1,0.000,0.000,0.00,0.000,6.6,8.3,0.8,206,7,7.0,9.1,0.9,208,6,6.6,8.3,0.8,206,7,0,28.45,,0,0,0,67.1,66.7,65.1,0.39,0.30,0.31
HARR,2017-08-21 03:55:00 EDT,43.80352,-75.68853,1623,62.7,63.3,62.7,85.9,58.4,0.000,0.000,0.00,0.000,6.6,9.4,1.1,201,7,7.0,9.7,1.0,203,7,6.6,9.4,1.1,201,7,0,,,0,0,0,67.1,66.7,65.1,0.39,0.30,0.31
HARR,2017-08-21 04:00:00 EDT,43.80352,-75.68853,1623,62.8,63.4,62.8,85.9,58.5,0.000,0.000,0.00,0.000,6.7,9.0,1.1,204,9,7.2,9.9,1.0,206,8,6.7,9.0,1.1,204,9,0,,,0,0,0,67.1,66.7,65.1,0.39,0.30,0.31
HARR,2017-08-21 04:05:00 EDT,43.80352,-75.68853,1623,62.8,63.4,62.8,86.1,58.6,0.000,0.000,0.00,0.000,6.5,11.1,1.3,201,9,6.9,11.6,1.4,204,9,6.5,11.1,1.3,201,9,0,,,0,0,0,67.1,66.7,65.1,0.39,0.30,0.31
HARR,2017-08-21 04:10:00 EDT,43.80352,-75.68853,1623,62.8,63.3,62.8,86.4,58.7,0.000,0.000,0.00,0.000,6.2,9.7,1.2,206,11,6.5,11.6,1.3,207,10,6.2,9.7,1.2,206,11,0,,,0,0,0,67.1,66.7,65.1,0.39,0.30,0.31
HARR,2017-08-21 04:15:00 EDT,43.80352,-75.68853,1623,62.7,63.2,62.7,87.1,58.8,0.000,0.000,0.00,0.000,6.1,10.3,1.3,205,11,6.6,11.7,1.3,206,9,6.1,10.3,1.3,205,11,0,,,0,0,0,66.9,66.7,65.1,0.39,0.30,0.31
HARR,2017-08-21 04:20:00 EDT,43.80352,-75.68853,1623,62.9,63.3,62.9,87.2,59.0,0.000,0.000,0.00,0.000,6.3,9.3,1.0,203,9,6.7,10.4,1.3,205,8,6.3,9.3,1.0,203,9,0,,,0,0,0,66.9,66.7,65.1,0.39,0.30,0.31
HARR,2017-08-21 04:25:00 EDT,43.80352,-75.68853,1623,62.7,63.3,62.7,87.5,59.0,0.000,0.000,0.00,0.000,6.1,8.5,1.0,204,11,6.6,8.9,1.1,207,9,6.1,8.5,1.0,204,11,0,28.45,,0,0,0,66.7,66.7,65.1,0.39,0.30,0.31
HARR,2017-08-21 04:30:00 EDT,43.80352,-75.68853,1623,62.7,63.1,62.7,88.1,59.2,0.000,0.000,0.00,0.000,6.1,8.9,1.1,199,12,6.6,9.6,1.2,201,11,6.1,8.9,1.1,199,12,0,,,0,0,0,66.7,66.7,65.1,0.39,0.30,0.31
HARR,2017-08-21 04:35:00 EDT,43.80352,-75.68853,1623,62.5,62.9,62.5,88.4,59.0,0.000,0.000,0.00,0.000,5.3,7.3,0.8,202,10,5.7,8.0,0.9,204,9,5.3,7.3,0.8,202,10,0,,,0,0,0,66.7,66.7,65.1,0.39,0.30,0.31
HARR,2017-08-21 04:40:00 EDT,43.80352,-75.68853,1623,62.5,63.0,62.5,88.8,59.2,0.000,0.000,0.00,0.000,6.0,9.1,1.0,200,11,6.4,9.8,1.2,202,10,6.0,9.1,1.0,200,11,0,,,0,0,0,66.7,66.7,65.1,0.39,0.30,0.31
HARR,2017-08-21 04:45:00 EDT,43.80352,-75.68853,1623,62.5,62.9,62.5,89.0,59.2,0.000,0.000,0.00,0.000,6.4,9.9,1.1,197,11,6.7,10.8,1.3,199,9,6.4,9.9,1.1,197,11,0,,,0,0,0,66.7,66.7,65.1,0.39,0.30,0.31
HARR,2017-08-21 04:50:00 EDT,43.80352,-75.68853,1623,62.5,62.9,62.5,88.8,59.1,0.000,0.000,0.00,0.000,6.2,9.1,1.1,202,11,6.7,9.2,1.0,205,9,6.2,9.1,1.1,202,11,0,,,0,0,0,66.7,66.7,65.1,0.39,0.30,0.31
HARR,2017-08-21 04:55:00 EDT,43.80352,-75.68853,1623,62.3,62.8,62.3,89.1,59.1,0.000,0.000,0.00,0.000,5.4,7.5,0.8,201,11,5.8,8.2,0.9,204,9,5.4,7.5,0.8,201,11,0,,,0,0,0,66.7,66.7,65.1,0.39,0.30,0.31
HARR,2017-08-21 05:00:00 EDT,43.80352,-75.68853,1623,62.4,62.9,62.4,88.8,59.1,0.000,0.000,0.00,0.000,6.6,8.3,0.8,197,10,7.0,8.8,0.9,199,9,6.6,8.3,0.8,197,10,0,28.45,,0,0,0,66.7,66.7,65.1,0.39,0.30,0.31
HARR,2017-08-21 05:05:00 EDT,43.80352,-75.68853,1623,62.3,62.8,62.3,88.8,58.9,0.000,0.000,0.00,0.000,6.6,9.1,1.0,200,10,6.9,9.2,1.0,202,9,6.6,9.1,1.0,200,10,0,,,0,0,0,66.7,66.7,65.1,0.39,0.30,0.31
HARR,2017-08-21 05:10:00 EDT,43.80352,-75.68853,1623,62.2,62.8,62.2,88.4,58.8,0.000,0.000,0.00,0.000,5.6,8.5,1.0,200,9,6.0,9.9,1.1,202,8,5.6,8.5,1.0,200,9,0,,,0,0,0,66.7,66.7,65.1,0.39,0.30,0.31
HARR,2017-08-21 05:15:00 EDT,43.80352,-75.68853,1623,62.3,62.8,62.3,88.4,58.8,0.000,0.000,0.00,0.000,5.6,7.7,0.9,197,8,5.8,8.8,0.9,199,9,5.6,7.7,0.9,197,8,0,,,0,0,0,66.7,66.6,65.1,0.39,0.30,0.31
HARR,2017-08-21 05:20:00 EDT,43.80352,-75.68853,1623,62.1,62.6,62.1,88.8,58.8,0.000,0.000,0.00,0.000,5.0,7.2,0.9,197,10,5.4,8.0,1.1,200,10,5.0,7.2,0.9,197,10,0,,,0,0,0,66.7,66.6,65.1,0.39,0.30,0.31
HARR,2017-08-21 05:25:00 EDT,43.80352,-75.68853,1623,62.2,62.7,62.2,88.4,58.7,0.000,0.000,0.00,0.000,5.4,7.7,0.7,200,8,5.8,8.6,0.9,203,8,5.4,7.7,0.7,200,8,0,,,0,0,0,66.7,66.5,65.1,0.39,0.30,0.31
HARR,2017-08-21 05:30:00 EDT,43.80352,-75.68853,1623,62.2,62.9,62.2,88.0,58.6,0.000,0.000,0.00,0.000,6.0,8.0,0.9,195,10,6.4,8.5,0.8,198,9,6.0,8.0,0.9,195,10,0,,,0,0,0,66.7,66.5,65.1,0.39,0.30,0.31
HARR,2017-08-21 05:35:00 EDT,43.80352,-75.68853,1623,62.5,63.0,62.5,87.1,58.6,0.000,0.000,0.00,0.000,6.0,8.0,0.9,193,8,6.5,8.8,1.0,195,7,6.0,8.0,0.9,193,8,0,28.45,,0,0,0,66.7,66.4,65.1,0.39,0.30,0.31
HARR,2017-08-21 05:40:00 EDT,43.80352,-75.68853,1623,62.5,62.9,62.5,86.9,58.5,0.000,0.000,0.00,0.000,6.0,9.3,1.0,196,10,6.4,9.3,1.2,199,10,6.0,9.3,1.0,196,10,0,,,0,0,0,66.6,66.4,65.1,0.39,0.30,0.31
HARR,2017-08-21 05:45:00 EDT,43.80352,-75.68853,1623,62.5,62.9,62.5,86.8,58.5,0.000,0.000,0.00,0.000,5.8,8.1,1.0,195,10,6.3,8.9,1.1,197,10,5.8,8.1,1.0,195,10,0,,,0,0,0,66.5,66.4,65.1,0.39,0.30,0.31
HARR,2017-08-21 05:50:00 EDT,43.80352,-75.68853,1623,62.4,62.9,62.4,87.0,58.4,0.000,0.000,0.00,0.000,5.8,7.7,1.0,198,9,6.2,8.2,1.0,199,8,5.8,7.7,1.0,198,9,0,,,0,0,0,66.5,66.4,65.1,0.39,0.30,0.31
HARR,2017-08-21 05:55:00 EDT,43.80352,-75.68853,1623,62.4,62.9,62.4,86.7,58.4,0.000,0.000,0.00,0.000,5.5,8.3,1.0,194,12,6.0,9.2,1.1,197,10,5.5,8.3,1.0,194,12,0,,,0,0,0,66.4,66.4,65.1,0.39,0.30,0.31
HARR,2017-08-21 06:00:00 EDT,43.80352,-75.68853,1623,62.3,62.7,62.3,86.7,58.2,0.000,0.000,0.00,0.000,5.3,7.8,0.8,194,12,5.9,7.9,0.9,196,10,5.3,7.8,0.8,194,12,0,,,0,0,0,66.4,66.4,65.1,0.39,0.30,0.31
HARR,2017-08-21 06:05:00 EDT,43.80352,-75.68853,1623,62.3,62.7,62.3,87.0,58.4,0.000,0.000,0.00,0.000,6.3,9.9,1.3,196,11,6.8,10.7,1.5,198,8,6.3,9.9,1.3,196,11,1,,,0,0,0,66.4,66.4,65.1,0.39,0.30,0.31
HARR,2017-08-21 06:10:00 EDT,43.80352,-75.68853,1623,62.5,63.0,62.5,86.3,58.3,0.000,0.000,0.00,0.000,6.4,9.0,1.2,197,10,7.0,10.5,1.3,199,9,6.4,9.0,1.2,197,10,3,28.45,,0,0,0,66.4,66.4,65.1,0.39,0.30,0.31
HARR,2017-08-21 06:15:00 EDT,43.80352,-75.68853,1623,62.5,62.9,62.5,86.0,58.3,0.000,0.000,0.00,0.000,6.2,8.9,1.0,193,9,6.7,9.2,1.2,195,7,6.2,8.9,1.0,193,9,2,,,0,0,0,66.4,66.4,65.1,0.39,0.30,0.31
HARR,2017-08-21 06:20:00 EDT,43.80352,-75.68853,1623,62.4,62.9,62.4,85.9,58.1,0.000,0.000,0.00,0.000,6.6,10.2,1.3,195,9,7.0,11.9,1.6,197,9,6.6,10.2,1.3,195,9,2,,,0,0,0,66.4,66.4,65.1,0.39,0.30,0.31
HARR,2017-08-21 06:25:00 EDT,43.80352,-75.68853,1623,62.6,63.0,62.6,85.2,58.1,0.000,0.000,0.00,0.000,6.2,9.3,1.1,200,8,6.6,10.5,1.2,201,9,6.2,9.3,1.1,200,8,5,,,0,0,0,66.4,66.4,65.1,0.39,0.30,0.31
HARR,2017-08-21 06:30:00 EDT,43.80352,-75.68853,1623,62.5,63.0,62.5,84.7,57.9,0.000,0.000,0.00,0.000,6.9,9.5,1.3,199,9,7.3,11.5,1.4,202,8,6.9,9.5,1.3,199,9,8,,,0,0,0,66.4,66.4,65.1,0.39,0.30,0.31
HARR,2017-08-21 06:35:00 EDT,43.80352,-75.68853,1623,62.5,63.0,62.5,84.2,57.7,0.000,0.000,0.00,0.000,6.8,9.5,1.0,201,8,7.1,10.1,1.1,204,7,6.8,9.5,1.0,201,8,12,,,0,0,0,66.4,66.4,65.1,0.40,0.30,0.31
HARR,2017-08-21 06:40:00 EDT,43.80352,-75.68853,1623,62.6,63.1,62.6,84.2,57.8,0.000,0.000,0.00,0.000,7.1,10.4,1.2,200,10,7.4,12.2,1.4,202,9,7.1,10.4,1.2,200,10,16,,,0,0,0,66.4,66.4,65.1,0.40,0.30,0.31
HARR,2017-08-21 06:45:00 EDT,43.80352,-75.68853,1623,62.6,63.0,62.6,83.6,57.6,0.000,0.000,0.00,0.000,7.1,9.9,1.1,196,8,7.3,11.1,1.3,199,7,7.1,9.9,1.1,196,8,23,28.45,,0,0,0,66.4,66.4,65.1,0.40,0.30,0.31
HARR,2017-08-21 06:50:00 EDT,43.80352,-75.68853,1623,62.4,62.9,62.4,84.1,57.6,0.000,0.000,0.00,0.000,6.4,9.5,1.1,198,11,6.9,9.9,1.2,200,9,6.4,9.5,1.1,198,11,28,,,0,0,0,66.4,66.4,65.1,0.40,0.30,0.31
HARR,2017-08-21 06:55:00 EDT,43.80352,-75.68853,1623,62.4,62.7,62.4,84.4,57.6,0.000,0.000,0.00,0.000,6.4,9.3,1.0,198,8,6.8,10.3,1.1,199,8,6.4,9.3,1.0,198,8,35,,,0,0,0,66.4,66.4,65.1,0.39,0.30,0.31
HARR,2017-08-21 07:00:00 EDT,43.80352,-75.68853,1623,62.5,62.9,62.5,84.0,57.6,0.000,0.000,0.00,0.000,6.2,8.9,1.1,196,10,6.8,10.0,1.1,199,10,6.2,8.9,1.1,196,10,41,,,0,0,0,66.4,66.4,65.1,0.39,0.30,0.31
HARR,2017-08-21 07:05:00 EDT,43.80352,-75.68853,1623,62.6,63.0,62.6,83.7,57.6,0.000,0.000,0.00,0.000,6.9,10.1,1.0,197,10,7.6,10.5,1.1,200,7,6.9,10.1,1.0,197,10,43,,,0,0,0,66.4,66.4,65.1,0.39,0.30,0.31
HARR,2017-08-21 07:10:00 EDT,43.80352,-75.68853,1623,62.8,63.1,62.8,83.0,57.6,0.000,0.000,0.00,0.000,7.7,10.7,1.2,201,9,8.0,11.8,1.3,203,8,7.7,10.7,1.2,201,9,82,,,0,0,0,66.4,66.4,65.1,0.40,0.30,0.31
HARR,2017-08-21 07:15:00 EDT,43.80352,-75.68853,1623,63.2,63.4,63.2,81.8,57.5,0.000,0.000,0.00,0.000,6.9,11.1,1.4,201,11,7.3,11.2,1.3,202,10,6.9,11.1,1.4,201,11,78,,,0,0,0,66.4,66.4,65.1,0.39,0.30,0.31
HARR,2017-08-21 07:20:00 EDT,43.80352,-75.68853,1623,63.3,63.5,63.3,81.2,57.5,0.000,0.000,0.00,0.000,6.7,9.7,1.2,199,8,7.2,11.4,1.2,202,7,6.7,9.7,1.2,199,8,105,28.45,,0,0,0,66.4,66.4,65.1,0.39,0.30,0.31
HARR,2017-08-21 07:25:00 EDT,43.80352,-75.68853,1623,63.6,63.7,63.6,80.7,57.5,0.000,0.000,0.00,0.000,6.9,9.9,1.1,198,10,7.3,10.1,1.3,199,8,6.9,9.9,1.1,198,10,128,,,0,0,0,66.4,66.4,65.1,0.39,0.30,0.31
HARR,2017-08-21 07:30:00 EDT,43.80352,-75.68853,1623,63.9,64.0,63.9,79.6,57.5,0.000,0.000,0.00,0.000,6.6,9.6,1.0,194,11,7.2,10.9,1.3,197,9,6.6,9.6,1.0,194,11,156,,,0,0,0,66.4,66.4,65.1,0.39,0.30,0.31
HARR,2017-08-21 07:35:00 EDT,43.80352,-75.68853,1623,64.3,64.4,64.3,78.9,57.6,0.000,0.000,0.00,0.000,6.8,9.0,1.0,194,12,7.2,9.7,1.1,196,10,6.8,9.0,1.0,194,12,159,,,0,0,0,66.4,66.4,65.1,0.39,0.30,0.31
HARR,2017-08-21 07:40:00 EDT,43.80352,-75.68853,1623,64.5,64.6,64.5,78.2,57.6,0.000,0.000,0.00,0.000,6.5,8.5,1.0,196,9,7.0,9.5,1.1,198,7,6.5,8.5,1.0,196,9,145,,,0,0,0,66.4,66.4,65.1,0.39,0.30,0.31
HARR,2017-08-21 07:45:00 EDT,43.80352,-75.68853,1623,64.8,65.0,64.8,77.1,57.5,0.000,0.000,0.00,0.000,5.9,8.0,1.0,199,11,6.4,9.5,1.1,200,10,5.9,8.0,1.0,199,11,153,,,0,0,0,66.4,66.4,65.1,0.39,0.30,0.31
HARR,2017-08-21 07:50:00 EDT,43.80352,-75.68853,1623,65.0,65.1,65.0,76.5,57.5,0.000,0.000,0.00,0.000,6.2,8.2,0.9,204,10,6.6,9.3,1.1,205,10,6.2,8.2,0.9,204,10,170,,,0,0,0,66.3,66.4,65.1,0.40,0.30,0.31
HARR,2017-08-21 07:55:00 EDT,43.80352,-75.68853,1623,65.3,65.3,65.3,76.0,57.6,0.000,0.000,0.00,0.000,6.4,8.6,0.9,209,11,6.8,9.3,1.0,210,9,6.4,8.6,0.9,209,11,198,28.45,,0,0,0,66.3,66.4,65.1,0.40,0.30,0.31
HARR,2017-08-21 08:00:00 EDT,43.80352,-75.68853,1623,65.4,65.5,65.4,75.4,57.4,0.000,0.000,0.00,0.000,6.6,9.5,1.0,209,11,7.0,9.8,1.1,210,9,6.6,9.5,1.0,209,11,107,,,0,0,0,66.3,66.4,65.1,0.40,0.30,0.31
HARR,2017-08-21 08:05:00 EDT,43.80352,-75.68853,1623,65.3,65.5,65.3,75.4,57.4,0.000,0.000,0.00,0.000,6.2,9.6,1.1,207,11,6.7,9.4,1.3,209,10,6.2,9.6,1.1,207,11,135,,,0,0,0,66.1,66.4,65.1,0.40,0.30,0.31
HARR,2017-08-21 08:10:00 EDT,43.80352,-75.68853,1623,65.9,65.9,65.9,74.1,57.4,0.000,0.000,0.00,0.000,6.1,7.9,0.9,199,10,6.7,9.6,1.1,200,9,6.1,7.9,0.9,199,10,215,,,0,0,0,66.1,66.4,65.1,0.40,0.30,0.31
HARR,2017-08-21 08:15:00 EDT,43.80352,-75.68853,1623,66.5,66.4,66.5,73.1,57.6,0.000,0.000,0.00,0.000,5.4,9.3,1.5,201,12,5.8,10.0,1.6,203,11,5.4,9.3,1.5,201,12,262,,,0,0,0,66.1,66.4,65.1,0.40,0.30,0.31
HARR,2017-08-21 08:20:00 EDT,43.80352,-75.68853,1623,67.0,66.7,67.0,72.8,58.0,0.000,0.000,0.00,0.000,5.6,8.3,0.9,202,11,6.0,9.0,1.0,203,10,5.6,8.3,0.9,202,11,277,,,0,0,0,66.1,66.4,65.1,0.39,0.30,0.31
HARR,2017-08-21 08:25:00 EDT,43.80352,-75.68853,1623,67.5,67.2,67.5,72.3,58.2,0.000,0.000,0.00,0.000,4.9,8.1,0.9,202,11,5.2,8.4,1.0,203,11,4.9,8.1,0.9,202,11,288,,,0,0,0,66.0,66.4,65.1,0.40,0.30,0.31
HARR,2017-08-21 08:30:00 EDT,43.80352,-75.68853,1623,67.9,67.6,67.9,70.3,57.9,0.000,0.000,0.00,0.000,5.6,8.4,1.0,203,13,6.0,9.4,1.1,206,12,5.6,8.4,1.0,203,13,302,28.45,,0,0,0,66.0,66.4,65.1,0.40,0.30,0.31
HARR,2017-08-21 08:35:00 EDT,43.80352,-75.68853,1623,68.3,68.0,68.3,68.7,57.6,0.000,0.000,0.00,0.000,6.7,9.6,1.2,210,13,7.1,10.3,1.3,211,11,6.7,9.6,1.2,210,13,315,,,0,0,0,66.0,66.4,65.1,0.40,0.30,0.31
HARR,2017-08-21 08:40:00 EDT,43.80352,-75.68853,1623,68.6,68.3,68.6,67.7,57.5,0.000,0.000,0.00,0.000,7.0,10.0,1.4,206,12,7.3,10.3,1.5,210,12,7.0,10.0,1.4,206,12,328,,,0,0,0,66.0,66.4,65.1,0.39,0.30,0.31
HARR,2017-08-21 08:45:00 EDT,43.80352,-75.68853,1623,68.9,68.6,68.9,67.8,57.8,0.000,0.000,0.00,0.000,6.9,10.8,1.5,208,13,7.4,11.8,1.7,210,13,6.9,10.8,1.5,208,13,339,,,0,0,0,66.0,66.4,65.1,0.39,0.30,0.31
HARR,2017-08-21 08:50:00 EDT,43.80352,-75.68853,1623,69.2,68.9,69.2,66.2,57.4,0.000,0.000,0.00,0.000,7.9,12.3,1.8,208,11,8.3,13.9,1.9,210,10,7.9,12.3,1.8,208,11,353,,,0,0,0,66.0,66.4,65.1,0.39,0.30,0.31
HARR,2017-08-21 08:55:00 EDT,43.80352,-75.68853,1623,69.5,69.1,69.5,66.0,57.6,0.000,0.000,0.00,0.000,7.4,11.5,1.5,207,14,7.9,11.4,1.4,208,13,7.4,11.5,1.5,207,14,366,,,0,0,0,66.0,66.4,65.1,0.39,0.30,0.31
HARR,2017-08-21 09:00:00 EDT,43.80352,-75.68853,1623,69.7,69.4,69.7,65.3,57.5,0.000,0.000,0.00,0.000,7.5,10.5,1.3,212,11,7.9,12.1,1.4,215,10,7.5,10.5,1.3,212,11,384,,,0,0,0,66.0,66.4,65.1,0.39,0.30,0.31
HARR,2017-08-21 09:05:00 EDT,43.80352,-75.68853,1623,69.9,69.6,69.9,65.4,57.8,0.000,0.000,0.00,0.000,9.5,13.2,1.6,204,13,10.2,13.7,1.9,205,11,9.5,13.2,1.6,204,13,394,28.45,,0,0,0,66.0,66.4,65.1,0.39,0.30,0.31
HARR,2017-08-21 09:10:00 EDT,43.80352,-75.68853,1623,70.1,69.7,70.1,66.1,58.3,0.000,0.000,0.00,0.000,8.0,11.6,1.4,204,15,8.4,12.2,1.7,206,13,8.0,11.6,1.4,204,15,404,,,0,0,0,66.0,66.4,65.1,0.39,0.30,0.31
HARR,2017-08-21 09:15:00 EDT,43.80352,-75.68853,1623,70.4,69.9,70.4,67.2,58.9,0.000,0.000,0.00,0.000,8.3,13.6,1.8,210,16,8.7,14.0,1.8,212,14,8.3,13.6,1.8,210,16,418,28.45,,0,0,0,66.0,66.4,65.1,0.39,0.30,0.31
HARR,2017-08-21 09:20:00 EDT,43.80352,-75.68853,1623,70.7,70.2,70.7,67.6,59.4,0.000,0.000,0.00,0.000,8.3,12.6,1.7,209,14,8.6,13.2,1.8,211,13,8.3,12.6,1.7,209,14,429,28.45,,0,0,0,66.1,66.4,65.1,0.39,0.30,0.31
HARR,2017-08-21 09:25:00 EDT,43.80352,-75.68853,1623,70.9,70.4,70.9,67.1,59.4,0.000,0.000,0.00,0.000,9.0,12.7,1.7,209,15,9.4,14.1,1.9,211,13,9.0,12.7,1.7,209,15,443,28.45,,0,0,0,66.1,66.4,65.1,0.39,0.30,0.31
HARR,2017-08-21 09:30:00 EDT,43.80352,-75.68853,1623,71.2,70.6,71.2,67.1,59.7,0.000,0.000,0.00,0.000,8.4,13.9,2.2,201,13,8.9,16.3,2.3,203,12,8.4,13.9,2.2,201,13,461,28.45,,0,0,0,66.2,66.4,65.1,0.40,0.30,0.31
HARR,2017-08-21 09:35:00 EDT,43.80352,-75.68853,1623,71.5,70.9,71.5,66.3,59.7,0.000,0.000,0.00,0.000,8.8,12.4,1.6,207,14,9.2,14.1,1.9,208,12,8.8,12.4,1.6,207,14,475,28.45,,0,0,0,66.3,66.4,65.1,0.40,0.30,0.31
HARR,2017-08-21 09:40:00 EDT,43.80352,-75.68853,1623,71.7,71.2,71.7,65.8,59.7,0.000,0.000,0.00,0.000,9.1,13.8,2.1,210,13,9.5,15.5,2.4,213,12,9.1,13.8,2.1,210,13,489,28.45,,0,0,0,66.4,66.4,65.1,0.40,0.30,0.31
HARR,2017-08-21 09:45:00 EDT,43.80352,-75.68853,1623,72.1,71.5,72.1,66.2,60.2,0.000,0.000,0.00,0.000,8.7,12.9,1.8,214,15,9.1,13.5,1.9,215,15,8.7,12.9,1.8,214,15,502,28.45,,0,0,0,66.4,66.4,65.1,0.40,0.30,0.31
HARR,2017-08-21 09:50:00 EDT,43.80352,-75.68853,1623,72.4,71.8,72.4,64.8,59.9,0.000,0.000,0.00,0.000,9.4,15.2,2.2,211,17,10.0,16.1,2.4,213,17,9.4,15.2,2.2,211,17,513,28.45,,0,0,0,66.4,66.4,65.1,0.40,0.30,0.31
HARR,2017-08-21 09:55:00 EDT,43.80352,-75.68853,1623,72.6,72.0,72.6,65.2,60.2,0.000,0.000,0.00,0.000,9.4,12.8,1.9,210,19,9.9,13.8,2.1,210,16,9.4,12.8,1.9,210,19,523,28.45,,0,0,0,66.4,66.4,65.1,0.39,0.30,0.31
HARR,2017-08-21 10:00:00 EDT,43.80352,-75.68853,1623,72.7,72.1,72.7,64.0,59.8,0.000,0.000,0.00,0.000,9.3,13.0,1.5,214,14,9.8,14.6,1.7,215,13,9.3,13.0,1.5,214,14,533,28.45,,0,0,0,66.4,66.4,65.1,0.39,0.30,0.31
HARR,2017-08-21 10:05:00 EDT,43.80352,-75.68853,1623,72.9,72.2,72.9,64.0,60.0,0.000,0.000,0.00,0.000,10.7,13.9,1.6,212,11,10.9,14.1,1.7,212,9,10.7,13.9,1.6,212,11,545,28.45,,0,0,0,66.4,66.4,65.1,0.39,0.30,0.31
HARR,2017-08-21 10:10:00 EDT,43.80352,-75.68853,1623,73.1,72.4,73.1,63.4,59.9,0.000,0.000,0.00,0.000,10.5,15.3,1.9,217,14,10.7,15.6,1.9,217,12,10.5,15.3,1.9,217,14,554,28.45,,0,0,0,66.4,66.4,65.1,0.39,0.30,0.31
HARR,2017-08-21 10:15:00 EDT,43.80352,-75.68853,1623,73.2,72.7,73.2,63.1,59.9,0.000,0.000,0.00,0.000,9.7,16.0,2.0,220,14,10.1,16.7,2.0,221,14,9.7,16.0,2.0,220,14,562,28.45,,0,0,0,66.4,66.4,65.1,0.39,0.30,0.31
HARR,2017-08-21 10:20:00 EDT,43.80352,-75.68853,1623,73.6,73.0,73.6,63.4,60.5,0.000,0.000,0.00,0.000,8.1,14.6,2.6,213,14,8.4,15.6,2.5,215,14,8.1,14.6,2.6,213,14,574,28.45,,0,0,0,66.4,66.4,65.1,0.39,0.30,0.31
HARR,2017-08-21 10:25:00 EDT,43.80352,-75.68853,1623,74.1,73.3,74.1,63.1,60.7,0.000,0.000,0.00,0.000,7.2,13.7,2.5,205,22,7.8,15.0,2.7,206,21,7.2,13.7,2.5,205,22,588,28.45,,0,0,0,66.4,66.4,65.1,0.39,0.30,0.31
HARR,2017-08-21 10:30:00 EDT,43.80352,-75.68853,1623,74.3,73.5,74.3,62.4,60.6,0.000,0.000,0.00,0.000,8.8,14.6,3.0,205,14,9.3,15.8,3.0,207,14,8.8,14.6,3.0,205,14,591,28.44,,0,0,0,66.6,66.3,65.1,0.39,0.30,0.31
HARR,2017-08-21 10:35:00 EDT,43.80352,-75.68853,1623,74.3,73.7,74.3,61.6,60.3,0.000,0.000,0.00,0.000,9.5,17.2,2.3,211,19,10.1,17.6,2.6,212,17,9.5,17.2,2.3,211,19,601,28.44,,0,0,0,66.7,66.2,65.1,0.39,0.30,0.31
HARR,2017-08-21 10:40:00 EDT,43.80352,-75.68853,1623,74.4,73.7,74.4,61.1,60.1,0.000,0.000,0.00,0.000,10.2,14.8,2.1,200,15,10.8,15.4,2.4,200,14,10.2,14.8,2.1,200,15,614,28.44,,0,0,0,66.7,66.2,65.1,0.39,0.30,0.31
HARR,2017-08-21 10:45:00 EDT,43.80352,-75.68853,1623,74.5,73.9,74.5,58.8,59.2,0.000,0.000,0.00,0.000,11.6,16.7,2.5,210,13,12.2,18.0,2.6,211,12,11.6,16.7,2.5,210,13,627,28.44,,0,0,0,66.7,66.1,65.1,0.39,0.30,0.31
HARR,2017-08-21 10:50:00 EDT,43.80352,-75.68853,1623,74.7,74.0,74.7,59.3,59.6,0.000,0.000,0.00,0.000,8.8,16.9,3.0,207,14,9.4,17.4,3.0,209,11,8.8,16.9,3.0,207,14,635,28.44,,0,0,0,66.7,66.0,65.1,0.39,0.30,0.31
HARR,2017-08-21 10:55:00 EDT,43.80352,-75.68853,1623,75.2,74.3,75.2,60.6,60.6,0.000,0.000,0.00,0.000,7.4,11.9,1.7,222,14,7.7,12.0,1.7,224,14,7.4,11.9,1.7,222,14,645,28.44,,0,0,0,66.7,66.1,65.1,0.39,0.30,0.31
HARR,2017-08-21 11:00:00 EDT,43.80352,-75.68853,1623,75.1,74.5,75.1,58.6,59.6,0.000,0.000,0.00,0.000,9.4,15.4,2.6,221,16,10.2,15.8,2.6,222,16,9.4,15.4,2.6,221,16,657,28.44,,0,0,0,66.8,66.0,65.1,0.39,0.30,0.31
HARR,2017-08-21 11:05:00 EDT,43.80352,-75.68853,1623,75.1,74.5,75.1,58.0,59.3,0.000,0.000,0.00,0.000,10.7,16.1,2.5,209,14,11.0,17.1,2.7,210,13,10.7,16.1,2.5,209,14,664,28.44,,0,0,0,67.1,66.0,65.1,0.40,0.30,0.31
HARR,2017-08-21 11:10:00 EDT,43.80352,-75.68853,1623,75.3,74.6,75.3,57.3,59.2,0.000,0.000,0.00,0.000,10.2,16.3,3.3,211,12,10.5,16.8,3.3,213,12,10.2,16.3,3.3,211,12,672,28.44,,0,0,0,67.1,66.0,65.1,0.40,0.30,0.31
HARR,2017-08-21 11:15:00 EDT,43.80352,-75.68853,1623,75.6,74.9,75.6,56.0,58.8,0.000,0.000,0.00,0.000,9.8,14.4,2.1,222,14,10.2,14.7,2.2,224,15,9.8,14.4,2.1,222,14,681,28.44,,0,0,0,67.1,66.0,65.1,0.39,0.30,0.31
HARR,2017-08-21 11:20:00 EDT,43.80352,-75.68853,1623,76.1,75.3,76.1,57.9,60.2,0.000,0.000,0.00,0.000,6.1,10.6,1.4,210,14,6.5,11.1,1.5,211,13,6.1,10.6,1.4,210,14,685,28.44,,0,0,0,67.1,66.0,65.1,0.39,0.30,0.31
HARR,2017-08-21 11:25:00 EDT,43.80352,-75.68853,1623,76.5,75.5,76.5,54.9,59.1,0.000,0.000,0.00,0.000,9.4,13.6,2.3,208,13,9.8,14.0,2.3,209,12,9.4,13.6,2.3,208,13,694,28.44,,0,0,0,67.2,66.0,65.1,0.39,0.30,0.31
HARR,2017-08-21 11:30:00 EDT,43.80352,-75.68853,1623,76.2,75.4,76.2,52.9,57.8,0.000,0.000,0.00,0.000,10.9,17.6,2.6,200,16,11.5,18.7,2.9,202,14,10.9,17.6,2.6,200,16,701,28.43,,0,0,0,67.4,66.0,65.1,0.39,0.30,0.31
HARR,2017-08-21 11:35:00 EDT,43.80352,-75.68853,1623,76.3,75.4,76.3,53.2,58.0,0.000,0.000,0.00,0.000,9.2,15.0,2.6,220,13,9.5,14.8,2.6,221,12,9.2,15.0,2.6,220,13,704,28.43,,0,0,0,67.5,66.0,65.1,0.39,0.30,0.31
HARR,2017-08-21 11:40:00 EDT,43.80352,-75.68853,1623,76.5,75.6,76.5,52.9,58.0,0.000,0.000,0.00,0.000,9.5,13.8,1.8,215,11,9.9,15.1,1.9,216,11,9.5,13.8,1.8,215,11,711,28.43,,0,0,0,67.5,66.0,65.1,0.39,0.30,0.31
HARR,2017-08-21 11:45:00 EDT,43.80352,-75.68853,1623,76.7,75.7,76.7,53.8,58.7,0.000,0.000,0.00,0.000,9.0,13.2,1.8,216,13,9.3,13.2,1.8,218,12,9.0,13.2,1.8,216,13,720,28.43,,0,0,0,67.5,66.0,65.1,0.39,0.30,0.31
HARR,2017-08-21 11:50:00 EDT,43.80352,-75.68853,1623,76.8,75.8,76.8,52.1,57.9,0.000,0.000,0.00,0.000,9.3,16.3,2.8,209,15,9.9,17.6,3.0,210,14,9.3,16.3,2.8,209,15,720,28.43,,0,0,0,67.7,66.0,65.1,0.39,0.30,0.31
HARR,2017-08-21 11:55:00 EDT,43.80352,-75.68853,1623,77.1,76.1,77.1,53.7,59.0,0.000,0.000,0.00,0.000,7.4,10.2,1.3,187,19,7.9,11.7,1.5,189,18,7.4,10.2,1.3,187,19,721,28.43,,0,0,0,67.8,66.0,65.1,0.39,0.30,0.31
HARR,2017-08-21 12:00:00 EDT,43.80352,-75.68853,1623,77.2,76.1,77.2,51.4,57.9,0.000,0.000,0.00,0.000,9.1,14.2,2.2,209,15,9.6,15.6,2.4,210,12,9.1,14.2,2.2,209,15,732,28.42,,0,0,0,67.8,66.0,65.1,0.39,0.30,0.31
HARR,2017-08-21 12:05:00 EDT,43.80352,-75.68853,1623,77.1,76.2,77.1,49.2,56.5,0.000,0.000,0.00,0.000,10.0,14.2,2.1,226,15,10.2,16.2,2.1,227,15,10.0,14.2,2.1,226,15,736,28.43,,0,0,0,67.8,66.0,65.1,0.39,0.30,0.31
HARR,2017-08-21 12:10:00 EDT,43.80352,-75.68853,1623,77.5,76.7,77.5,45.7,54.9,0.000,0.000,0.00,0.000,10.3,16.4,2.3,232,13,10.6,16.7,2.3,236,13,10.3,16.4,2.3,232,13,740,28.43,,0,0,0,67.8,66.0,65.1,0.39,0.30,0.31
HARR,2017-08-21 12:15:00 EDT,43.80352,-75.68853,1623,77.4,76.5,77.4,47.4,55.9,0.000,0.000,0.00,0.000,9.8,15.9,3.1,240,12,10.3,16.2,3.1,243,13,9.8,15.9,3.1,240,12,740,28.43,,0,0,0,68.0,66.0,65.1,0.39,0.30,0.31
HARR,2017-08-21 12:20:00 EDT,43.80352,-75.68853,1623,77.4,76.5,77.4,46.7,55.4,0.000,0.000,0.00,0.000,11.8,19.9,2.9,230,10,11.8,19.8,3.0,233,10,11.8,19.9,2.9,230,10,744,28.43,,0,0,0,68.2,66.0,65.1,0.40,0.30,0.31
HARR,2017-08-21 12:25:00 EDT,43.80352,-75.68853,1623,77.6,76.7,77.6,49.6,57.2,0.000,0.000,0.00,0.000,8.8,13.2,2.2,235,15,9.3,13.9,2.0,237,14,8.8,13.2,2.2,235,15,747,28.43,,0,0,0,68.2,66.0,65.1,0.40,0.30,0.31
HARR,2017-08-21 12:30:00 EDT,43.80352,-75.68853,1623,77.6,76.7,77.6,50.1,57.6,0.000,0.000,0.00,0.000,9.6,15.1,2.5,223,27,10.3,18.8,2.6,227,28,9.6,15.1,2.5,223,27,750,28.43,,0,0,0,68.2,66.0,65.1,0.39,0.30,0.31
HARR,2017-08-21 12:35:00 EDT,43.80352,-75.68853,1623,77.5,76.5,77.5,51.4,58.2,0.000,0.000,0.00,0.000,9.6,15.1,2.5,213,21,10.2,16.7,2.6,214,20,9.6,15.1,2.5,213,21,750,28.42,,0,0,0,68.3,66.0,65.1,0.39,0.30,0.31
HARR,2017-08-21 12:40:00 EDT,43.80352,-75.68853,1623,77.9,76.9,77.9,51.8,58.7,0.000,0.000,0.00,0.000,7.7,12.6,2.0,223,14,8.0,13.4,2.0,224,13,7.7,12.6,2.0,223,14,750,28.42,,0,0,0,68.5,66.0,65.1,0.39,0.30,0.31
HARR,2017-08-21 12:45:00 EDT,43.80352,-75.68853,1623,78.1,77.0,78.1,50.6,58.2,0.000,0.000,0.00,0.000,9.9,17.1,2.3,228,15,10.2,16.7,2.2,230,15,9.9,17.1,2.3,228,15,755,28.42,,0,0,0,68.5,66.0,65.1,0.39,0.30,0.31
HARR,2017-08-21 12:50:00 EDT,43.80352,-75.68853,1623,77.8,76.9,77.8,50.0,57.7,0.000,0.000,0.00,0.000,10.4,15.6,2.3,203,15,10.9,17.2,2.6,205,14,10.4,15.6,2.3,203,15,759,28.42,,0,0,0,68.5,66.0,65.1,0.39,0.30,0.31
HARR,2017-08-21 12:55:00 EDT,43.80352,-75.68853,1623,77.7,76.9,77.7,51.2,58.3,0.000,0.000,0.00,0.000,12.4,18.6,2.8,226,17,12.7,20.0,2.7,228,18,12.4,18.6,2.8,226,17,760,28.42,,0,0,0,68.5,66.0,65.1,0.39,0.30,0.31
HARR,2017-08-21 13:00:00 EDT,43.80352,-75.68853,1623,77.7,76.8,77.7,51.9,58.6,0.000,0.000,0.00,0.000,12.1,18.7,3.4,234,17,12.5,20.6,3.5,238,18,12.1,18.7,3.4,234,17,764,28.42,,0,0,0,68.8,66.0,65.1,0.39,0.30,0.31
HARR,2017-08-21 13:05:00 EDT,43.80352,-75.68853,1623,77.9,77.1,77.9,53.4,59.7,0.000,0.000,0.00,0.000,7.6,12.1,2.0,234,14,8.0,13.0,1.9,238,14,7.6,12.1,2.0,234,14,757,28.42,,0,0,0,68.9,66.0,65.1,0.39,0.30,0.31
HARR,2017-08-21 13:10:00 EDT,43.80352,-75.68853,1623,78.1,77.2,78.1,53.1,59.7,0.000,0.000,0.00,0.000,12.6,19.6,3.1,230,15,13.0,21.6,3.0,233,15,12.6,19.6,3.1,230,15,760,28.42,,0,0,0,68.9,66.0,65.1,0.39,0.30,0.31
HARR,2017-08-21 13:15:00 EDT,43.80352,-75.68853,1623,77.8,77.0,77.8,54.6,60.2,0.000,0.000,0.00,0.000,9.7,16.7,2.7,243,17,10.7,17.2,2.7,248,16,9.7,16.7,2.7,243,17,745,28.42,,0,0,0,68.9,66.0,65.1,0.39,0.30,0.31
HARR,2017-08-21 13:20:00 EDT,43.80352,-75.68853,1623,78.0,77.1,78.0,54.0,60.0,0.000,0.000,0.00,0.000,10.5,18.2,2.8,218,20,10.9,19.7,2.8,220,20,10.5,18.2,2.8,218,20,765,28.42,,0,0,0,69.2,66.0,65.1,0.39,0.30,0.31
HARR,2017-08-21 13:25:00 EDT,43.80352,-75.68853,1623,78.0,77.1,78.0,55.0,60.5,0.000,0.000,0.00,0.000,9.8,14.9,2.1,215,13,9.9,15.0,2.1,217,13,9.8,14.9,2.1,215,13,747,28.42,,0,0,0,69.3,66.0,65.1,0.39,0.30,0.31
HARR,2017-08-21 13:30:00 EDT,43.80352,-75.68853,1623,78.3,77.3,78.3,55.1,60.8,0.000,0.000,0.00,0.000,9.7,15.3,2.1,245,16,10.6,16.2,2.5,250,15,9.7,15.3,2.1,245,16,733,28.42,,0,0,0,69.3,66.0,65.1,0.40,0.30,0.31
HARR,2017-08-21 13:35:00 EDT,43.80352,-75.68853,1623,78.5,77.4,78.5,55.6,61.3,0.000,0.000,0.00,0.000,8.3,13.9,2.7,235,20,8.9,14.5,2.6,238,19,8.3,13.9,2.7,235,20,705,28.42,,0,0,0,69.3,66.0,65.1,0.39,0.30,0.31
HARR,2017-08-21 13:40:00 EDT,43.80352,-75.68853,1623,78.1,77.2,78.1,55.7,60.9,0.000,0.000,0.00,0.000,9.2,16.7,3.0,235,15,9.9,17.3,3.1,238,15,9.2,16.7,3.0,235,15,556,28.42,,0,0,0,69.5,66.0,65.1,0.39,0.30,0.31
HARR,2017-08-21 13:45:00 EDT,43.80352,-75.68853,1623,77.6,76.8,77.6,56.1,60.8,0.000,0.000,0.00,0.000,10.6,17.9,3.1,215,20,11.0,20.6,3.3,217,21,10.6,17.9,3.1,215,20,686,28.42,,0,0,0,69.6,66.0,65.1,0.39,0.30,0.31
HARR,2017-08-21 13:50:00 EDT,43.80352,-75.68853,1623,77.3,76.7,77.3,55.7,60.2,0.000,0.000,0.00,0.000,11.4,17.1,2.4,235,15,11.9,17.0,2.5,238,16,11.4,17.1,2.4,235,15,580,28.42,,0,0,0,69.6,66.0,65.1,0.39,0.30,0.31
HARR,2017-08-21 13:55:00 EDT,43.80352,-75.68853,1623,77.5,76.8,77.5,57.6,61.3,0.000,0.000,0.00,0.000,8.6,14.5,2.6,236,18,9.2,15.9,2.8,239,19,8.6,14.5,2.6,236,18,535,28.42,,0,0,0,69.6,66.0,65.1,0.39,0.30,0.31
HARR,2017-08-21 14:00:00 EDT,43.80352,-75.68853,1623,77.0,76.5,77.0,57.3,60.7,0.000,0.000,0.00,0.000,10.6,16.9,2.7,222,16,10.7,17.1,2.9,224,16,10.6,16.9,2.7,222,16,487,28.42,,0,0,0,69.9,66.0,65.1,0.39,0.30,0.31
HARR,2017-08-21 14:05:00 EDT,43.80352,-75.68853,1623,76.7,76.2,76.7,57.5,60.5,0.000,0.000,0.00,0.000,11.1,15.6,2.6,230,12,11.3,15.7,2.5,233,13,11.1,15.6,2.6,230,12,441,28.42,,0,0,0,70.0,66.0,65.1,0.39,0.30,0.31
HARR,2017-08-21 14:10:00 EDT,43.80352,-75.68853,1623,76.6,76.2,76.6,58.6,61.0,0.000,0.000,0.00,0.000,8.2,11.9,1.9,224,17,8.7,12.5,2.0,228,18,8.2,11.9,1.9,224,17,396,28.41,,0,0,0,70.0,66.0,65.1,0.39,0.30,0.31
HARR,2017-08-21 14:15:00 EDT,43.80352,-75.68853,1623,76.2,75.9,76.2,59.1,60.9,0.000,0.000,0.00,0.000,8.7,14.5,2.0,239,21,9.6,15.9,2.3,244,21,8.7,14.5,2.0,239,21,351,28.41,,0,0,0,70.0,66.0,65.1,0.39,0.30,0.31
HARR,2017-08-21 14:20:00 EDT,43.80352,-75.68853,1623,75.9,75.7,75.9,59.9,61.0,0.000,0.000,0.00,0.000,9.4,12.4,1.6,229,12,9.4,13.1,1.7,231,12,9.4,12.4,1.6,229,12,309,28.41,,0,0,0,70.1,66.0,65.1,0.39,0.30,0.31
HARR,2017-08-21 14:25:00 EDT,43.80352,-75.68853,1623,75.6,75.4,75.6,60.9,61.1,0.000,0.000,0.00,0.000,7.4,13.0,2.1,224,16,7.6,13.1,2.2,227,17,7.4,13.0,2.1,224,16,274,28.41,,0,0,0,70.3,66.0,65.1,0.39,0.30,0.31
HARR,2017-08-21 14:30:00 EDT,43.80352,-75.68853,1623,75.4,75.2,75.4,61.4,61.2,0.000,0.000,0.00,0.000,6.7,10.1,1.5,217,15,7.0,11.7,1.6,220,14,6.7,10.1,1.5,217,15,248,28.41,,0,0,0,70.3,66.0,65.1,0.38,0.30,0.31
HARR,2017-08-21 14:35:00 EDT,43.80352,-75.68853,1623,75.2,75.0,75.2,61.8,61.2,0.000,0.000,0.00,0.000,7.2,12.3,1.9,226,11,7.5,12.6,1.8,229,12,7.2,12.3,1.9,226,11,229,28.41,,0,0,0,70.3,66.0,65.1,0.39,0.30,0.31
HARR,2017-08-21 14:40:00 EDT,43.80352,-75.68853,1623,74.8,74.8,74.8,60.8,60.4,0.000,0.000,0.00,0.000,7.1,12.5,1.7,231,16,7.5,13.9,1.8,232,15,7.1,12.5,1.7,231,16,221,28.41,,0,0,0,70.3,66.0,65.1,0.39,0.30,0.31
HARR,2017-08-21 14:45:00 EDT,43.80352,-75.68853,1623,74.7,74.7,74.7,61.2,60.5,0.000,0.000,0.00,0.000,7.0,11.0,1.6,224,11,7.3,11.3,1.5,226,10,7.0,11.0,1.6,224,11,224,28.41,,0,0,0,70.3,66.0,65.1,0.40,0.30,0.31
HARR,2017-08-21 14:50:00 EDT,43.80352,-75.68853,1623,74.6,74.5,74.6,62.4,60.9,0.000,0.000,0.00,0.000,6.0,10.9,1.9,229,17,6.4,11.2,1.9,232,16,6.0,10.9,1.9,229,17,238,28.41,,0,0,0,70.3,66.0,65.1,0.39,0.30,0.31
HARR,2017-08-21 14:55:00 EDT,43.80352,-75.68853,1623,74.8,74.5,74.8,64.1,61.8,0.000,0.000,0.00,0.000,4.6,6.4,0.8,228,14,4.9,7.3,1.0,232,14,4.6,6.4,0.8,228,14,262,28.41,,0,0,0,70.4,66.0,65.1,0.39,0.30,0.31
HARR,2017-08-21 15:00:00 EDT,43.80352,-75.68853,1623,75.0,74.6,75.0,64.3,62.1,0.000,0.000,0.00,0.000,4.5,6.9,1.2,237,14,4.7,7.8,1.4,242,13,4.5,6.9,1.2,237,14,293,28.41,,0,0,0,70.6,66.0,65.1,0.38,0.30,0.31
HARR,2017-08-21 15:05:00 EDT,43.80352,-75.68853,1623,75.1,74.7,75.1,63.5,61.9,0.000,0.000,0.00,0.000,5.5,8.0,0.9,239,12,5.7,8.8,1.2,243,12,5.5,8.0,0.9,239,12,329,28.41,,0,0,0,70.7,66.0,65.1,0.38,0.30,0.31
HARR,2017-08-21 15:10:00 EDT,43.80352,-75.68853,1623,75.4,74.9,75.4,64.0,62.4,0.000,0.000,0.00,0.000,5.3,8.2,1.0,234,13,5.6,8.2,1.1,238,11,5.3,8.2,1.0,234,13,365,28.41,,0,0,0,70.7,66.0,65.1,0.38,0.30,0.31
HARR,2017-08-21 15:15:00 EDT,43.80352,-75.68853,1623,75.8,75.1,75.8,64.2,62.8,0.000,0.000,0.00,0.000,5.4,7.5,1.3,227,16,5.8,8.9,1.2,230,16,5.4,7.5,1.3,227,16,402,28.40,,0,0,0,70.7,66.0,65.1,0.38,0.30,0.31
HARR,2017-08-21 15:20:00 EDT,43.80352,-75.68853,1623,75.9,75.3,75.9,62.9,62.3,0.000,0.000,0.00,0.000,6.0,8.9,1.6,226,11,6.0,9.4,1.7,228,10,6.0,8.9,1.6,226,11,431,28.40,,0,0,0,70.7,66.0,65.1,0.38,0.30,0.31
HARR,2017-08-21 15:25:00 EDT,43.80352,-75.68853,1623,76.3,75.6,76.3,63.5,63.0,0.000,0.000,0.00,0.000,6.0,11.9,1.7,213,14,6.4,11.7,1.6,215,13,6.0,11.9,1.7,213,14,474,28.40,,0,0,0,70.7,66.0,65.1,0.38,0.30,0.31
HARR,2017-08-21 15:30:00 EDT,43.80352,-75.68853,1623,76.2,75.6,76.2,61.1,61.9,0.000,0.000,0.00,0.000,7.7,11.6,1.7,228,11,7.8,12.6,1.7,231,11,7.7,11.6,1.7,228,11,499,28.40,,0,0,0,70.7,66.0,65.1,0.39,0.30,0.31
HARR,2017-08-21 15:35:00 EDT,43.80352,-75.68853,1623,76.5,75.8,76.5,62.5,62.8,0.000,0.000,0.00,0.000,7.8,12.9,2.2,231,16,8.1,13.0,2.2,235,17,7.8,12.9,2.2,231,16,526,28.40,,0,0,0,70.7,66.0,65.1,0.38,0.30,0.31
HARR,2017-08-21 15:40:00 EDT,43.80352,-75.68853,1623,76.8,75.9,76.8,61.4,62.5,0.000,0.000,0.00,0.000,7.7,12.9,2.5,221,15,8.1,14.7,2.4,223,16,7.7,12.9,2.5,221,15,547,28.40,,0,0,0,70.7,66.0,65.1,0.38,0.30,0.31
HARR,2017-08-21 15:45:00 EDT,43.80352,-75.68853,1623,76.9,76.1,76.9,61.5,62.7,0.000,0.000,0.00,0.000,7.8,11.3,1.7,224,18,8.0,12.3,1.8,226,18,7.8,11.3,1.7,224,18,522,28.40,,0,0,0,70.7,66.0,65.1,0.38,0.30,0.31
HARR,2017-08-21 15:50:00 EDT,43.80352,-75.68853,1623,76.9,76.2,76.9,60.6,62.2,0.000,0.000,0.00,0.000,7.8,11.2,1.5,234,15,8.2,12.7,1.7,238,15,7.8,11.2,1.5,234,15,540,28.40,,0,0,0,70.7,66.1,65.1,0.38,0.30,0.31
HARR,2017-08-21 15:55:00 EDT,43.80352,-75.68853,1623,77.3,76.6,77.3,61.0,62.8,0.000,0.000,0.00,0.000,7.4,12.3,2.5,226,20,8.0,14.1,2.7,229,20,7.4,12.3,2.5,226,20,548,28.40,,0,0,0,70.7,66.1,65.1,0.38,0.30,0.31
HARR,2017-08-21 16:00:00 EDT,43.80352,-75.68853,1623,77.0,76.3,77.0,60.2,62.1,0.000,0.000,0.00,0.000,8.8,15.9,2.1,227,18,9.2,16.1,2.3,230,20,8.8,15.9,2.1,227,18,496,28.39,,0,0,0,70.7,66.1,65.1,0.38,0.30,0.31
HARR,2017-08-21 16:05:00 EDT,43.80352,-75.68853,1623,77.1,76.4,77.1,60.2,62.3,0.000,0.000,0.00,0.000,8.2,12.1,2.2,229,11,8.5,13.0,2.0,232,12,8.2,12.1,2.2,229,11,546,28.39,,0,0,0,70.8,66.3,65.1,0.38,0.30,0.31
HARR,2017-08-21 16:10:00 EDT,43.80352,-75.68853,1623,77.4,76.6,77.4,60.4,62.6,0.000,0.000,0.00,0.000,7.3,11.3,1.8,239,16,7.8,12.9,2.1,242,15,7.3,11.3,1.8,239,16,527,28.39,,0,0,0,71.0,66.4,65.1,0.38,0.30,0.31
HARR,2017-08-21 16:15:00 EDT,43.80352,-75.68853,1623,77.7,76.9,77.7,59.6,62.5,0.000,0.000,0.00,0.000,8.1,12.8,2.1,206,17,8.5,12.9,2.3,209,16,8.1,12.8,2.1,206,17,527,28.39,,0,0,0,71.0,66.3,65.1,0.38,0.30,0.31
HARR,2017-08-21 16:20:00 EDT,43.80352,-75.68853,1623,77.4,76.7,77.4,59.0,62.0,0.000,0.000,0.00,0.000,9.4,13.4,1.9,209,13,9.8,13.8,2.0,209,12,9.4,13.4,1.9,209,13,510,28.39,,0,0,0,71.1,66.4,65.1,0.38,0.30,0.31
HARR,2017-08-21 16:25:00 EDT,43.80352,-75.68853,1623,77.4,76.8,77.4,58.5,61.7,0.000,0.000,0.00,0.000,10.1,14.5,2.3,220,20,10.6,15.4,2.2,222,19,10.1,14.5,2.3,220,20,503,28.39,,0,0,0,71.1,66.4,65.1,0.38,0.30,0.31
HARR,2017-08-21 16:30:00 EDT,43.80352,-75.68853,1623,77.5,76.8,77.5,58.3,61.7,0.000,0.000,0.00,0.000,9.3,13.2,1.9,209,11,9.6,13.6,1.9,210,11,9.3,13.2,1.9,209,11,484,28.39,,0,0,0,71.1,66.4,65.1,0.38,0.30,0.31
HARR,2017-08-21 16:35:00 EDT,43.80352,-75.68853,1623,77.6,76.9,77.6,58.8,62.1,0.000,0.000,0.00,0.000,8.5,12.9,1.8,208,17,8.9,13.2,1.8,210,15,8.5,12.9,1.8,208,17,460,28.39,,0,0,0,71.1,66.4,65.1,0.38,0.30,0.31
HARR,2017-08-21 16:40:00 EDT,43.80352,-75.68853,1623,77.4,76.9,77.4,57.9,61.4,0.000,0.000,0.00,0.000,9.2,14.3,2.4,238,12,9.5,14.6,2.4,241,11,9.2,14.3,2.4,238,12,463,28.39,,0,0,0,71.1,66.4,65.1,0.38,0.30,0.31
HARR,2017-08-21 16:45:00 EDT,43.80352,-75.68853,1623,77.7,77.1,77.7,58.8,62.1,0.000,0.000,0.00,0.000,6.4,12.1,2.2,238,17,6.8,13.0,2.3,243,16,6.4,12.1,2.2,238,17,460,28.39,,0,0,0,71.1,66.4,65.1,0.38,0.30,0.31
HARR,2017-08-21 16:50:00 EDT,43.80352,-75.68853,1623,77.8,77.2,77.8,57.7,61.7,0.000,0.000,0.00,0.000,9.1,12.9,1.7,230,15,9.4,14.3,1.9,231,15,9.1,12.9,1.7,230,15,444,28.39,,0,0,0,71.1,66.4,65.1,0.39,0.30,0.31
HARR,2017-08-21 16:55:00 EDT,43.80352,-75.68853,1623,77.7,77.1,77.7,57.7,61.6,0.000,0.000,0.00,0.000,8.5,13.2,1.9,214,12,8.9,13.2,1.9,214,12,8.5,13.2,1.9,214,12,432,28.39,,0,0,0,71.1,66.4,65.1,0.38,0.30,0.31
HARR,2017-08-21 17:00:00 EDT,43.80352,-75.68853,1623,77.6,77.1,77.6,58.1,61.8,0.000,0.000,0.00,0.000,9.4,13.5,1.6,229,16,9.7,13.7,1.6,233,16,9.4,13.5,1.6,229,16,422,28.39,,0,0,0,71.1,66.4,65.1,0.38,0.30,0.31
HARR,2017-08-21 17:05:00 EDT,43.80352,-75.68853,1623,77.6,77.1,77.6,56.6,60.9,0.000,0.000,0.00,0.000,8.8,16.1,2.1,216,19,9.3,14.8,2.0,219,17,8.8,16.1,2.1,216,19,405,28.39,,0,0,0,71.3,66.4,65.1,0.38,0.30,0.31
HARR,2017-08-21 17:10:00 EDT,43.80352,-75.68853,1623,77.4,77.0,77.4,56.6,60.8,0.000,0.000,0.00,0.000,10.8,15.7,2.1,222,12,10.9,16.0,2.1,223,12,10.8,15.7,2.1,222,12,392,28.39,,0,0,0,71.4,66.4,65.1,0.39,0.30,0.31
HARR,2017-08-21 17:15:00 EDT,43.80352,-75.68853,1623,77.3,76.9,77.3,57.2,61.0,0.000,0.000,0.00,0.000,9.3,14.0,1.8,215,12,9.8,13.8,1.7,217,10,9.3,14.0,1.8,215,12,375,28.39,,0,0,0,71.4,66.4,65.1,0.39,0.30,0.31
HARR,2017-08-21 17:20:00 EDT,43.80352,-75.68853,1623,77.3,76.9,77.3,57.3,61.1,0.000,0.000,0.00,0.000,8.7,13.0,1.8,233,13,9.2,14.4,1.8,236,14,8.7,13.0,1.8,233,13,367,28.39,,0,0,0,71.4,66.4,65.1,0.39,0.30,0.31
HARR,2017-08-21 17:25:00 EDT,43.80352,-75.68853,1623,77.4,77.0,77.4,56.5,60.7,0.000,0.000,0.00,0.000,9.4,14.4,2.7,228,15,9.8,15.9,2.8,231,16,9.4,14.4,2.7,228,15,354,28.39,,0,0,0,71.4,66.4,65.1,0.38,0.30,0.31
HARR,2017-08-21 17:30:00 EDT,43.80352,-75.68853,1623,77.3,76.9,77.3,57.0,60.9,0.000,0.000,0.00,0.000,8.4,14.2,2.4,224,16,8.8,14.6,2.5,227,17,8.4,14.2,2.4,224,16,341,28.39,,0,0,0,71.4,66.4,65.1,0.38,0.30,0.31
HARR,2017-08-21 17:35:00 EDT,43.80352,-75.68853,1623,77.3,76.9,77.3,57.4,61.1,0.000,0.000,0.00,0.000,7.9,15.1,2.2,234,16,8.3,16.0,2.3,237,17,7.9,15.1,2.2,234,16,327,28.39,,0,0,0,71.4,66.4,65.1,0.38,0.30,0.31
HARR,2017-08-21 17:40:00 EDT,43.80352,-75.68853,1623,77.1,76.8,77.1,58.3,61.4,0.000,0.000,0.00,0.000,7.2,10.9,1.6,241,13,7.6,12.3,1.7,244,13,7.2,10.9,1.6,241,13,312,28.39,,0,0,0,71.4,66.4,65.1,0.38,0.30,0.31
HARR,2017-08-21 17:45:00 EDT,43.80352,-75.68853,1623,77.1,76.7,77.1,59.3,61.8,0.000,0.000,0.00,0.000,6.0,11.1,2.1,236,15,6.6,12.3,2.1,241,17,6.0,11.1,2.1,236,15,297,28.38,,0,0,0,71.4,66.4,65.1,0.38,0.30,0.31
HARR,2017-08-21 17:50:00 EDT,43.80352,-75.68853,1623,76.9,76.6,76.9,58.7,61.3,0.000,0.000,0.00,0.000,9.3,14.3,1.8,228,12,9.4,13.5,1.9,231,11,9.3,14.3,1.8,228,12,287,28.38,,0,0,0,71.4,66.4,65.1,0.38,0.30,0.31
HARR,2017-08-21 17:55:00 EDT,43.80352,-75.68853,1623,76.7,76.4,76.7,58.9,61.2,0.000,0.000,0.00,0.000,8.6,13.4,2.1,217,14,8.8,15.1,2.2,217,13,8.6,13.4,2.1,217,14,268,28.38,,0,0,0,71.4,66.4,65.1,0.38,0.30,0.31
HARR,2017-08-21 18:00:00 EDT,43.80352,-75.68853,1623,76.6,76.4,76.6,59.8,61.6,0.000,0.000,0.00,0.000,6.9,10.7,1.4,226,15,7.4,11.1,1.6,229,14,6.9,10.7,1.4,226,15,256,28.38,,0,0,0,71.4,66.4,65.1,0.38,0.30,0.31
HARR,2017-08-21 18:05:00 EDT,43.80352,-75.68853,1623,76.6,76.3,76.6,60.5,62.0,0.000,0.000,0.00,0.000,5.0,8.0,1.3,226,15,5.3,8.4,1.3,229,15,5.0,8.0,1.3,226,15,246,28.38,,0,0,0,71.4,66.4,65.1,0.38,0.30,0.31
HARR,2017-08-21 18:10:00 EDT,43.80352,-75.68853,1623,76.5,76.2,76.5,60.2,61.6,0.000,0.000,0.00,0.000,7.2,11.5,2.0,236,13,7.6,13.4,2.1,242,13,7.2,11.5,2.0,236,13,232,28.37,,0,0,0,71.4,66.4,65.1,0.40,0.30,0.31
HARR,2017-08-21 18:15:00 EDT,43.80352,-75.68853,1623,76.2,76.0,76.2,61.2,61.9,0.000,0.000,0.00,0.000,6.0,10.3,1.5,240,14,6.6,10.8,1.6,246,13,6.0,10.3,1.5,240,14,215,28.37,,0,0,0,71.4,66.4,65.1,0.38,0.30,0.31
HARR,2017-08-21 18:20:00 EDT,43.80352,-75.68853,1623,76.0,75.8,76.0,61.6,61.8,0.000,0.000,0.00,0.000,6.6,10.5,1.5,234,12,6.8,11.8,1.5,238,12,6.6,10.5,1.5,234,12,191,28.37,,0,0,0,71.4,66.4,65.1,0.38,0.30,0.31
HARR,2017-08-21 18:25:00 EDT,43.80352,-75.68853,1623,75.7,75.6,75.7,62.2,61.8,0.000,0.000,0.00,0.000,7.9,11.1,1.5,233,13,8.1,12.9,1.6,235,12,7.9,11.1,1.5,233,13,156,28.37,,0,0,0,71.4,66.4,65.1,0.38,0.30,0.31
HARR,2017-08-21 18:30:00 EDT,43.80352,-75.68853,1623,75.4,75.4,75.4,63.2,62.0,0.000,0.000,0.00,0.000,6.2,9.4,1.4,236,12,6.5,10.2,1.3,240,12,6.2,9.4,1.4,236,12,158,28.37,,0,0,0,71.4,66.4,65.1,0.38,0.30,0.31
HARR,2017-08-21 18:35:00 EDT,43.80352,-75.68853,1623,75.2,75.2,75.2,63.9,62.2,0.000,0.000,0.00,0.000,5.9,8.5,1.5,238,15,6.2,10.0,1.6,243,16,5.9,8.5,1.5,238,15,148,28.37,,0,0,0,71.4,66.4,65.1,0.38,0.30,0.31
HARR,2017-08-21 18:40:00 EDT,43.80352,-75.68853,1623,75.1,75.0,75.1,64.6,62.3,0.000,0.000,0.00,0.000,5.7,7.7,1.0,237,9,6.0,8.9,1.2,240,9,5.7,7.7,1.0,237,9,138,28.38,,0,0,0,71.4,66.4,65.1,0.38,0.30,0.31
HARR,2017-08-21 18:45:00 EDT,43.80352,-75.68853,1623,74.8,74.8,74.8,65.9,62.6,0.000,0.000,0.00,0.000,4.3,5.8,0.7,239,10,4.5,6.6,0.8,243,11,4.3,5.8,0.7,239,10,111,28.37,,0,0,0,71.4,66.4,65.1,0.38,0.30,0.31
HARR,2017-08-21 18:50:00 EDT,43.80352,-75.68853,1623,74.4,74.5,74.4,67.2,62.8,0.000,0.000,0.00,0.000,3.9,5.7,0.9,231,13,4.1,6.7,1.1,235,12,3.9,5.7,0.9,231,13,86,28.37,,0,0,0,71.4,66.4,65.1,0.38,0.30,0.31
HARR,2017-08-21 18:55:00 EDT,43.80352,-75.68853,1623,74.0,74.3,74.0,68.1,62.9,0.000,0.000,0.00,0.000,5.0,7.4,0.9,219,9,5.0,7.6,1.0,221,8,5.0,7.4,0.9,219,9,61,28.37,,0,0,0,71.4,66.5,65.1,0.38,0.30,0.31
HARR,2017-08-21 19:00:00 EDT,43.80352,-75.68853,1623,73.7,74.1,73.7,69.3,63.0,0.000,0.000,0.00,0.000,4.6,6.9,0.8,222,10,4.7,6.7,0.9,224,8,4.6,6.9,0.8,222,10,76,28.37,,0,0,0,71.4,66.5,65.1,0.38,0.30,0.31
HARR,2017-08-21 19:05:00 EDT,43.80352,-75.68853,1623,73.6,73.8,73.6,70.0,63.2,0.000,0.000,0.00,0.000,3.7,6.0,0.7,216,12,3.9,6.1,0.8,218,10,3.7,6.0,0.7,216,12,91,28.37,,0,0,0,71.4,66.5,65.1,0.38,0.30,0.31
HARR,2017-08-21 19:10:00 EDT,43.80352,-75.68853,1623,73.5,73.7,73.5,70.5,63.3,0.000,0.000,0.00,0.000,3.4,5.0,0.6,212,11,3.4,5.6,0.8,216,10,3.4,5.0,0.6,212,11,80,28.37,,0,0,0,71.4,66.7,65.1,0.38,0.30,0.31
HARR,2017-08-21 19:15:00 EDT,43.80352,-75.68853,1623,73.2,73.5,73.2,71.6,63.5,0.000,0.000,0.00,0.000,3.4,5.3,0.7,213,7,3.6,5.6,0.8,217,7,3.4,5.3,0.7,213,7,63,28.37,,0,0,0,71.3,66.7,65.1,0.38,0.30,0.31
HARR,2017-08-21 19:20:00 EDT,43.80352,-75.68853,1623,72.9,73.3,72.9,72.4,63.4,0.000,0.000,0.00,0.000,3.3,4.6,0.5,222,8,3.3,4.8,0.7,224,7,3.3,4.6,0.5,222,8,39,28.38,,0,0,0,71.3,66.7,65.1,0.38,0.30,0.31
HARR,2017-08-21 19:25:00 EDT,43.80352,-75.68853,1623,72.5,73.1,72.5,73.6,63.6,0.000,0.000,0.00,0.000,3.4,4.6,0.4,217,6,3.5,4.8,0.6,221,4,3.4,4.6,0.4,217,6,28,28.38,,0,0,0,71.1,66.7,65.1,0.38,0.30,0.31
HARR,2017-08-21 19:30:00 EDT,43.80352,-75.68853,1623,71.8,72.8,71.8,75.5,63.6,0.000,0.000,0.00,0.000,4.1,5.9,0.7,220,10,4.4,5.9,0.7,223,8,4.1,5.9,0.7,220,10,28,28.38,,0,0,0,71.1,66.7,65.1,0.38,0.29,0.31
HARR,2017-08-21 19:35:00 EDT,43.80352,-75.68853,1623,71.8,72.6,71.8,75.7,63.7,0.000,0.000,0.00,0.000,4.1,5.1,0.5,228,8,4.1,5.4,0.6,230,7,4.1,5.1,0.5,228,8,24,28.38,,0,0,0,71.1,66.7,65.1,0.38,0.29,0.31
HARR,2017-08-21 19:40:00 EDT,43.80352,-75.68853,1623,71.4,72.2,71.4,76.4,63.6,0.000,0.000,0.00,0.000,4.0,6.4,0.7,215,10,4.3,7.0,0.9,218,7,4.0,6.4,0.7,215,10,20,28.38,,0,0,0,71.1,66.7,65.1,0.38,0.29,0.31
HARR,2017-08-21 19:45:00 EDT,43.80352,-75.68853,1623,71.0,71.9,71.0,77.3,63.5,0.000,0.000,0.00,0.000,4.2,7.1,0.7,220,9,4.3,7.4,0.8,223,8,4.2,7.1,0.7,220,9,15,28.38,,0,0,0,71.1,66.7,65.1,0.38,0.29,0.31
HARR,2017-08-21 19:50:00 EDT,43.80352,-75.68853,1623,70.5,71.6,70.5,78.6,63.6,0.000,0.000,0.00,0.000,4.2,5.3,0.4,209,7,4.5,5.8,0.5,211,7,4.2,5.3,0.4,209,7,9,28.37,,0,0,0,71.1,66.7,65.1,0.38,0.29,0.31
HARR,2017-08-21 19:55:00 EDT,43.80352,-75.68853,1623,70.3,71.4,70.3,79.0,63.5,0.000,0.000,0.00,0.000,4.2,5.1,0.4,201,6,4.6,5.6,0.5,203,7,4.2,5.1,0.4,201,6,5,28.37,,0,0,0,71.1,66.7,65.1,0.38,0.29,0.31
HARR,2017-08-21 20:00:00 EDT,43.80352,-75.68853,1623,70.1,71.0,70.1,79.5,63.5,0.000,0.000,0.00,0.000,4.4,5.0,0.4,196,6,4.7,5.9,0.5,198,5,4.4,5.0,0.4,196,6,3,28.37,,0,0,0,71.1,66.7,65.1,0.38,0.29,0.31
HARR,2017-08-21 20:05:00 EDT,43.80352,-75.68853,1623,69.9,70.8,69.9,80.2,63.5,0.000,0.000,0.00,0.000,4.3,5.8,0.6,191,8,4.7,6.4,0.6,193,7,4.3,5.8,0.6,191,8,2,28.37,,0,0,0,71.1,66.7,65.1,0.38,0.30,0.31
HARR,2017-08-21 20:10:00 EDT,43.80352,-75.68853,1623,69.8,70.6,69.8,80.7,63.6,0.000,0.000,0.00,0.000,4.9,7.6,0.8,195,6,5.3,8.4,0.8,197,5,4.9,7.6,0.8,195,6,1,28.37,,0,0,0,71.1,66.7,65.1,0.38,0.29,0.31
HARR,2017-08-21 20:15:00 EDT,43.80352,-75.68853,1623,69.6,70.3,69.6,81.3,63.6,0.000,0.000,0.00,0.000,4.0,5.7,0.6,205,10,4.4,6.3,0.8,208,10,4.0,5.7,0.6,205,10,0,28.37,,0,0,0,71.0,66.7,65.1,0.38,0.30,0.31
HARR,2017-08-21 20:20:00 EDT,43.80352,-75.68853,1623,69.1,70.1,69.1,81.9,63.4,0.000,0.000,0.00,0.000,4.1,5.4,0.6,207,9,4.4,6.3,0.8,210,9,4.1,5.4,0.6,207,9,0,28.37,,0,0,0,71.0,66.7,65.1,0.38,0.29,0.31
HARR,2017-08-21 20:25:00 EDT,43.80352,-75.68853,1623,69.0,70.0,69.0,82.6,63.5,0.000,0.000,0.00,0.000,4.9,6.6,0.7,202,7,5.2,7.1,0.7,206,7,4.9,6.6,0.7,202,7,0,28.38,,0,0,0,70.7,66.7,65.1,0.38,0.30,0.31
HARR,2017-08-21 20:30:00 EDT,43.80352,-75.68853,1623,68.8,69.9,68.8,82.9,63.4,0.000,0.000,0.00,0.000,3.4,4.7,0.5,211,9,3.7,5.4,0.7,214,8,3.4,4.7,0.5,211,9,0,28.38,,0,0,0,70.7,66.7,65.1,0.38,0.29,0.31
HARR,2017-08-21 20:35:00 EDT,43.80352,-75.68853,1623,68.7,69.8,68.7,83.2,63.4,0.000,0.000,0.00,0.000,3.9,5.5,0.5,214,7,4.2,5.4,0.6,217,5,3.9,5.5,0.5,214,7,0,28.38,,0,0,0,70.7,66.7,65.1,0.38,0.29,0.31
HARR,2017-08-21 20:40:00 EDT,43.80352,-75.68853,1623,68.3,69.7,68.3,83.8,63.2,0.000,0.000,0.00,0.000,3.9,5.6,0.6,208,8,4.2,5.9,0.8,212,7,3.9,5.6,0.6,208,8,0,28.38,,0,0,0,70.7,66.7,65.1,0.38,0.29,0.31
HARR,2017-08-21 20:45:00 EDT,43.80352,-75.68853,1623,68.3,69.5,68.3,84.2,63.3,0.000,0.000,0.00,0.000,4.2,5.4,0.5,203,6,4.6,5.7,0.5,206,6,4.2,5.4,0.5,203,6,0,28.38,,0,0,0,70.7,66.7,65.1,0.38,0.29,0.31
HARR,2017-08-21 20:50:00 EDT,43.80352,-75.68853,1623,67.9,69.2,67.9,84.7,63.1,0.000,0.000,0.00,0.000,4.2,5.6,0.5,196,6,4.6,6.2,0.6,198,6,4.2,5.6,0.5,196,6,0,28.37,,0,0,0,70.7,66.7,65.1,0.38,0.30,0.31
HARR,2017-08-21 20:55:00 EDT,43.80352,-75.68853,1623,67.9,69.2,67.9,85.3,63.3,0.000,0.000,0.00,0.000,4.2,5.2,0.5,197,8,4.6,6.0,0.6,199,7,4.2,5.2,0.5,197,8,0,28.37,,0,0,0,70.7,66.7,65.1,0.38,0.29,0.31
HARR,2017-08-21 21:00:00 EDT,43.80352,-75.68853,1623,67.8,69.1,67.8,85.3,63.2,0.000,0.000,0.00,0.000,4.5,5.6,0.4,201,6,4.8,5.8,0.5,203,6,4.5,5.6,0.4,201,6,0,28.37,,0,0,0,70.7,66.7,65.1,0.38,0.29,0.31
HARR,2017-08-21 21:05:00 EDT,43.80352,-75.68853,1623,67.7,69.1,67.7,85.6,63.2,0.000,0.000,0.00,0.000,4.4,5.3,0.5,202,6,4.7,6.0,0.6,204,7,4.4,5.3,0.5,202,6,0,28.37,,0,0,0,70.7,66.7,65.1,0.38,0.29,0.31
HARR,2017-08-21 21:10:00 EDT,43.80352,-75.68853,1623,67.6,69.1,67.6,85.7,63.2,0.000,0.000,0.00,0.000,4.9,6.1,0.4,197,5,5.2,6.4,0.5,199,5,4.9,6.1,0.4,197,5,0,28.37,,0,0,0,70.6,66.8,65.1,0.38,0.29,0.31
HARR,2017-08-21 21:15:00 EDT,43.80352,-75.68853,1623,67.5,68.9,67.5,85.9,63.1,0.000,0.000,0.00,0.000,5.1,6.3,0.5,195,6,5.5,7.2,0.6,197,5,5.1,6.3,0.5,195,6,0,28.37,,0,0,0,70.4,66.8,65.1,0.38,0.30,0.31
HARR,2017-08-21 21:20:00 EDT,43.80352,-75.68853,1623,67.4,68.7,67.4,86.3,63.2,0.000,0.000,0.00,0.000,5.5,7.5,0.7,190,7,5.9,8.3,0.8,192,5,5.5,7.5,0.7,190,7,0,28.36,,0,0,0,70.3,66.8,65.1,0.38,0.30,0.31
HARR,2017-08-21 21:25:00 EDT,43.80352,-75.68853,1623,67.6,68.6,67.6,86.1,63.3,0.000,0.000,0.00,0.000,5.1,6.9,0.6,193,6,5.5,7.4,0.8,195,5,5.1,6.9,0.6,193,6,0,28.36,,0,0,0,70.3,66.9,65.1,0.38,0.30,0.31
HARR,2017-08-21 21:30:00 EDT,43.80352,-75.68853,1623,67.4,68.5,67.4,86.4,63.2,0.000,0.000,0.00,0.000,5.2,6.9,0.8,194,7,5.6,8.0,0.8,196,6,5.2,6.9,0.8,194,7,0,28.37,,0,0,0,70.3,66.9,65.1,0.38,0.30,0.31
HARR,2017-08-21 21:35:00 EDT,43.80352,-75.68853,1623,67.5,68.7,67.5,86.2,63.3,0.000,0.000,0.00,0.000,5.1,6.8,0.7,195,9,5.5,8.0,0.8,198,7,5.1,6.8,0.7,195,9,0,28.37,,0,0,0,70.3,67.1,65.1,0.38,0.30,0.31
HARR,2017-08-21 21:40:00 EDT,43.80352,-75.68853,1623,67.7,68.5,67.7,86.0,63.3,0.000,0.000,0.00,0.000,5.1,6.7,0.7,192,6,5.7,7.7,0.8,193,5,5.1,6.7,0.7,192,6,0,28.37,,0,0,0,70.3,67.1,65.1,0.38,0.30,0.31
HARR,2017-08-21 21:45:00 EDT,43.80352,-75.68853,1623,67.5,68.3,67.5,86.4,63.3,0.000,0.000,0.00,0.000,5.8,8.5,0.9,190,7,6.2,9.0,1.0,192,7,5.8,8.5,0.9,190,7,0,28.37,,0,0,0,70.3,67.1,65.1,0.38,0.30,0.31
HARR,2017-08-21 21:50:00 EDT,43.80352,-75.68853,1623,67.4,68.2,67.4,86.5,63.2,0.000,0.000,0.00,0.000,5.3,8.2,0.8,194,9,5.7,8.8,0.8,197,7,5.3,8.2,0.8,194,9,0,28.37,,0,0,0,70.3,67.1,65.1,0.38,0.30,0.31
HARR,2017-08-21 21:55:00 EDT,43.80352,-75.68853,1623,67.7,68.5,67.7,86.3,63.4,0.000,0.000,0.00,0.000,6.1,8.5,0.9,197,8,6.6,9.3,1.0,198,8,6.1,8.5,0.9,197,8,0,28.37,,0,0,0,70.0,67.1,65.1,0.38,0.30,0.31
HARR,2017-08-21 22:00:00 EDT,43.80352,-75.68853,1623,67.9,68.6,67.9,85.8,63.5,0.000,0.000,0.00,0.000,5.6,8.0,1.0,194,8,6.1,9.3,1.0,196,7,5.6,8.0,1.0,194,8,0,28.36,,0,0,0,70.0,67.1,65.1,0.38,0.30,0.31
HARR,2017-08-21 22:05:00 EDT,43.80352,-75.68853,1623,67.6,68.4,67.6,85.8,63.2,0.000,0.000,0.00,0.000,5.6,7.2,0.7,198,9,6.0,7.9,0.8,199,7,5.6,7.2,0.7,198,9,0,28.36,,0,0,0,70.0,67.1,65.1,0.38,0.30,0.31
HARR,2017-08-21 22:10:00 EDT,43.80352,-75.68853,1623,67.5,68.4,67.5,86.3,63.2,0.000,0.000,0.00,0.000,5.6,8.3,0.9,206,9,5.9,9.1,0.9,208,9,5.6,8.3,0.9,206,9,0,28.37,,0,0,0,70.0,67.1,65.1,0.38,0.29,0.31
HARR,2017-08-21 22:15:00 EDT,43.80352,-75.68853,1623,67.5,68.4,67.5,86.3,63.3,0.000,0.000,0.00,0.000,5.0,7.7,0.8,207,9,5.4,7.8,0.9,210,9,5.0,7.7,0.8,207,9,0,28.37,,0,0,0,70.0,67.1,65.1,0.38,0.30,0.31
HARR,2017-08-21 22:20:00 EDT,43.80352,-75.68853,1623,67.4,68.4,67.4,86.6,63.3,0.000,0.000,0.00,0.000,4.4,5.7,0.6,212,8,4.7,6.3,0.7,216,7,4.4,5.7,0.6,212,8,0,28.37,,0,0,0,70.0,67.1,65.1,0.38,0.30,0.31
HARR,2017-08-21 22:25:00 EDT,43.80352,-75.68853,1623,67.4,68.4,67.4,86.8,63.3,0.000,0.000,0.00,0.000,4.1,6.2,0.6,213,7,4.4,5.9,0.7,216,6,4.1,6.2,0.6,213,7,0,28.37,,0,0,0,70.0,67.1,65.1,0.38,0.30,0.31
HARR,2017-08-21 22:30:00 EDT,43.80352,-75.68853,1623,66.9,68.4,66.9,87.3,63.1,0.000,0.000,0.00,0.000,4.3,5.9,0.6,211,8,4.6,6.4,0.8,215,7,4.3,5.9,0.6,211,8,0,28.37,,0,0,0,70.0,67.1,65.1,0.38,0.30,0.31
HARR,2017-08-21 22:35:00 EDT,43.80352,-75.68853,1623,66.9,68.3,66.9,87.9,63.2,0.000,0.000,0.00,0.000,4.1,5.3,0.4,209,6,4.4,5.8,0.6,214,5,4.1,5.3,0.4,209,6,0,28.37,,0,0,0,70.0,67.1,65.1,0.38,0.30,0.31
HARR,2017-08-21 22:40:00 EDT,43.80352,-75.68853,1623,66.7,68.3,66.7,88.1,63.1,0.000,0.000,0.00,0.000,3.8,5.0,0.4,213,6,4.1,5.6,0.5,217,4,3.8,5.0,0.4,213,6,0,28.37,,0,0,0,69.8,67.1,65.1,0.38,0.30,0.31
HARR,2017-08-21 22:45:00 EDT,43.80352,-75.68853,1623,66.2,68.1,66.2,88.7,62.8,0.000,0.000,0.00,0.000,3.8,4.6,0.3,209,6,4.1,5.8,0.5,214,5,3.8,4.6,0.3,209,6,0,28.37,,0,0,0,69.7,67.1,65.1,0.38,0.30,0.31
HARR,2017-08-21 22:50:00 EDT,43.80352,-75.68853,1623,65.9,67.9,65.9,89.2,62.6,0.000,0.000,0.00,0.000,3.0,4.3,0.5,210,6,3.2,4.6,0.6,214,7,3.0,4.3,0.5,210,6,0,,,0,0,0,69.6,67.1,65.1,0.38,0.30,0.31
HARR,2017-08-21 22:55:00 EDT,43.80352,-75.68853,1623,65.7,67.6,65.7,90.0,62.7,0.000,0.000,0.00,0.000,2.6,3.4,0.4,219,10,2.6,4.0,0.5,223,8,2.6,3.4,0.4,219,10,0,,,0,0,0,69.6,67.1,65.1,0.38,0.30,0.31
HARR,2017-08-21 23:00:00 EDT,43.80352,-75.68853,1623,65.6,67.2,65.6,91.1,62.9,0.000,0.000,0.00,0.000,2.4,4.0,0.6,222,9,2.4,4.5,0.7,225,10,2.4,4.0,0.6,222,9,0,,,0,0,0,69.6,67.1,65.1,0.38,0.29,0.31
HARR,2017-08-21 23:05:00 EDT,43.80352,-75.68853,1623,64.5,66.9,64.5,90.8,61.8,0.000,0.000,0.00,0.000,3.0,4.1,0.4,208,8,3.0,4.7,0.5,211,9,3.0,4.1,0.4,208,8,0,,,0,0,0,69.6,67.1,65.1,0.38,0.30,0.31
HARR,2017-08-21 23:10:00 EDT,43.80352,-75.68853,1623,64.2,66.7,64.2,91.5,61.7,0.000,0.000,0.00,0.000,3.2,4.5,0.4,202,8,3.5,5.1,0.6,204,8,3.2,4.5,0.4,202,8,0,,,0,0,0,69.6,67.1,65.1,0.38,0.30,0.31
HARR,2017-08-21 23:15:00 EDT,43.80352,-75.68853,1623,64.3,66.8,64.3,92.6,62.1,0.000,0.000,0.00,0.000,4.6,6.2,0.7,199,6,4.9,6.7,0.7,201,6,4.6,6.2,0.7,199,6,0,,,0,0,0,69.6,67.1,65.1,0.38,0.30,0.31
HARR,2017-08-21 23:20:00 EDT,43.80352,-75.68853,1623,65.1,67.2,65.1,93.5,63.1,0.000,0.000,0.00,0.000,5.0,6.5,0.5,205,5,5.4,6.9,0.6,209,6,5.0,6.5,0.5,205,5,0,28.37,,0,0,0,69.6,67.1,65.1,0.38,0.30,0.31
HARR,2017-08-21 23:25:00 EDT,43.80352,-75.68853,1623,65.6,67.5,65.6,91.9,63.2,0.000,0.000,0.00,0.000,5.0,7.2,0.9,208,8,5.5,9.4,1.1,211,7,5.0,7.2,0.9,208,8,0,,,0,0,0,69.5,67.1,65.1,0.38,0.30,0.31
HARR,2017-08-21 23:30:00 EDT,43.80352,-75.68853,1623,65.9,67.3,65.9,90.7,63.1,0.000,0.000,0.00,0.000,3.9,5.4,0.7,211,10,4.2,6.7,0.9,214,9,3.9,5.4,0.7,211,10,0,,,0,0,0,69.3,67.1,65.1,0.38,0.30,0.31
HARR,2017-08-21 23:35:00 EDT,43.80352,-75.68853,1623,66.0,67.6,66.0,90.7,63.2,0.000,0.000,0.00,0.000,5.4,7.7,0.8,208,8,5.8,8.0,0.8,210,7,5.4,7.7,0.8,208,8,0,,,0,0,0,69.3,67.1,65.1,0.38,0.30,0.31
HARR,2017-08-21 23:40:00 EDT,43.80352,-75.68853,1623,66.5,68.0,66.5,89.8,63.4,0.000,0.000,0.00,0.000,5.3,7.7,0.8,210,9,5.6,8.3,0.9,212,7,5.3,7.7,0.8,210,9,0,,,0,0,0,69.3,67.1,65.1,0.38,0.30,0.31
HARR,2017-08-21 23:45:00 EDT,43.80352,-75.68853,1623,66.4,67.9,66.4,89.4,63.2,0.000,0.000,0.00,0.000,5.5,8.1,0.7,214,8,5.9,8.2,0.8,216,7,5.5,8.1,0.7,214,8,0,,,0,0,0,69.3,67.1,65.1,0.38,0.30,0.31
HARR,2017-08-21 23:50:00 EDT,43.80352,-75.68853,1623,66.4,68.1,66.4,90.0,63.4,0.000,0.000,0.00,0.000,5.6,7.1,0.7,213,8,6.0,7.7,0.7,216,6,5.6,7.1,0.7,213,8,0,,,0,0,0,69.3,67.1,65.1,0.38,0.30,0.31
HARR,2017-08-21 23:55:00 EDT,43.80352,-75.68853,1623,66.8,68.1,66.8,89.9,63.7,0.000,0.000,0.00,0.000,5.1,6.9,0.7,209,8,5.4,7.7,0.9,211,7,5.1,6.9,0.7,209,8,0,28.36,,0,0,0,69.3,67.1,65.1,0.38,0.30,0.31
HART,2017-08-21 00:00:00 EDT,42.21122,-77.68974,2394,63.5,64.6,63.5,74.3,55.2,0.000,0.000,0.00,0.000,3.8,5.3,0.5,206,10,4.2,5.4,0.6,208,9,3.8,5.3,0.5,206,10,0,27.71,,0,0,0,66.0,66.7,65.8,0.22,0.24,0.21
HART,2017-08-21 00:05:00 EDT,42.21122,-77.68974,2394,63.2,64.5,63.2,75.6,55.3,0.000,0.000,0.00,0.000,4.2,5.4,0.5,209,7,4.6,5.9,0.6,211,7,4.2,5.4,0.5,209,7,0,27.71,,0,0,0,66.0,66.7,65.8,0.22,0.24,0.21
HART,2017-08-21 00:10:00 EDT,42.21122,-77.68974,2394,63.2,64.7,63.2,73.9,54.8,0.000,0.000,0.00,0.000,5.2,6.6,0.6,217,7,5.6,7.6,0.8,219,5,5.2,6.6,0.6,217,7,0,27.71,,0,0,0,66.0,66.7,65.8,0.22,0.24,0.21
HART,2017-08-21 00:15:00 EDT,42.21122,-77.68974,2394,62.8,64.6,62.8,73.8,54.4,0.000,0.000,0.00,0.000,5.7,7.3,0.7,220,7,6.0,7.6,0.7,221,5,5.7,7.3,0.7,220,7,0,27.71,,0,0,0,66.0,66.7,65.8,0.22,0.24,0.21
HART,2017-08-21 00:20:00 EDT,42.21122,-77.68974,2394,62.8,64.4,62.8,74.5,54.5,0.000,0.000,0.00,0.000,5.3,7.3,0.6,212,9,5.7,7.6,0.7,215,7,5.3,7.3,0.6,212,9,0,27.71,,0,0,0,66.0,66.7,65.8,0.22,0.24,0.21
HART,2017-08-21 00:25:00 EDT,42.21122,-77.68974,2394,62.7,64.2,62.7,74.5,54.5,0.000,0.000,0.00,0.000,5.8,7.5,0.7,211,7,6.2,7.6,0.7,213,6,5.8,7.5,0.7,211,7,0,27.71,,0,0,0,66.0,66.7,65.8,0.22,0.24,0.21
HART,2017-08-21 00:30:00 EDT,42.21122,-77.68974,2394,62.6,64.2,62.6,74.8,54.5,0.000,0.000,0.00,0.000,5.9,7.5,0.7,213,7,6.3,7.8,0.7,214,6,5.9,7.5,0.7,213,7,0,27.71,,0,0,0,65.9,66.7,65.8,0.22,0.24,0.21
HART,2017-08-21 00:35:00 EDT,42.21122,-77.68974,2394,62.5,63.9,62.5,75.3,54.6,0.000,0.000,0.00,0.000,5.7,7.8,0.9,216,8,6.0,8.6,0.9,218,6,5.7,7.8,0.9,216,8,0,27.71,,0,0,0,65.8,66.7,65.8,0.22,0.24,0.21
HART,2017-08-21 00:40:00 EDT,42.21122,-77.68974,2394,62.3,63.8,62.3,75.7,54.5,0.000,0.000,0.00,0.000,5.5,7.5,0.9,216,8,5.8,8.0,0.9,218,7,5.5,7.5,0.9,216,8,0,27.71,,0,0,0,65.8,66.6,65.8,0.22,0.24,0.21
HART,2017-08-21 00:45:00 EDT,42.21122,-77.68974,2394,62.4,64.0,62.4,75.3,54.5,0.000,0.000,0.00,0.000,5.9,7.7,0.8,215,9,6.2,8.4,0.8,216,7,5.9,7.7,0.8,215,9,0,27.71,,0,0,0,65.8,66.6,65.8,0.22,0.24,0.21
HART,2017-08-21 00:50:00 EDT,42.21122,-77.68974,2394,62.4,63.9,62.4,75.4,54.5,0.000,0.000,0.00,0.000,5.6,7.2,0.8,221,8,5.9,8.2,0.9,222,6,5.6,7.2,0.8,221,8,0,27.71,,0,0,0,65.8,66.6,65.8,0.22,0.24,0.21
HART,2017-08-21 00:55:00 EDT,42.21122,-77.68974,2394,62.0,63.9,62.0,76.2,54.4,0.000,0.000,0.00,0.000,5.9,9.6,1.0,228,8,6.4,10.0,1.1,228,5,5.9,9.6,1.0,228,8,0,27.71,,0,0,0,65.8,66.4,65.8,0.22,0.24,0.21
HART,2017-08-21 01:00:00 EDT,42.21122,-77.68974,2394,62.2,64.1,62.2,76.4,54.7,0.000,0.000,0.00,0.000,6.8,8.8,0.9,232,8,7.3,9.7,1.1,231,6,6.8,8.8,0.9,232,8,0,27.71,,0,0,0,65.8,66.4,65.8,0.22,0.24,0.21
HART,2017-08-21 01:05:00 EDT,42.21122,-77.68974,2394,62.8,64.7,62.8,75.9,55.1,0.000,0.000,0.00,0.000,7.7,10.4,1.2,236,9,8.2,11.9,1.4,238,9,7.7,10.4,1.2,236,9,0,27.71,,0,0,0,65.8,66.4,65.8,0.22,0.24,0.21
HART,2017-08-21 01:10:00 EDT,42.21122,-77.68974,2394,63.4,65.3,63.4,74.5,55.2,0.000,0.000,0.00,0.000,8.3,11.8,1.5,239,10,8.9,13.1,1.5,240,9,8.3,11.8,1.5,239,10,0,27.71,,0,0,0,65.8,66.4,65.8,0.22,0.24,0.21
HART,2017-08-21 01:15:00 EDT,42.21122,-77.68974,2394,64.0,65.7,64.0,73.2,55.3,0.000,0.000,0.00,0.000,8.8,12.3,1.5,237,9,9.4,12.9,1.6,238,9,8.8,12.3,1.5,237,9,0,27.71,,0,0,0,65.8,66.4,65.8,0.22,0.24,0.21
HART,2017-08-21 01:20:00 EDT,42.21122,-77.68974,2394,63.2,64.9,63.2,74.0,54.8,0.000,0.000,0.00,0.000,7.5,9.6,0.9,232,7,8.0,10.2,1.0,231,6,7.5,9.6,0.9,232,7,0,27.71,,0,0,0,65.8,66.4,65.8,0.22,0.24,0.21
HART,2017-08-21 01:25:00 EDT,42.21122,-77.68974,2394,62.7,64.4,62.7,75.2,54.8,0.000,0.000,0.00,0.000,6.7,9.1,0.9,224,7,7.2,9.6,0.9,224,6,6.7,9.1,0.9,224,7,0,27.71,,0,0,0,65.8,66.4,65.8,0.22,0.24,0.21
HART,2017-08-21 01:30:00 EDT,42.21122,-77.68974,2394,62.4,64.0,62.4,75.9,54.7,0.000,0.000,0.00,0.000,6.5,9.1,1.0,223,8,6.9,9.1,1.0,224,6,6.5,9.1,1.0,223,8,0,27.71,,0,0,0,65.8,66.4,65.8,0.22,0.24,0.21
HART,2017-08-21 01:35:00 EDT,42.21122,-77.68974,2394,62.2,63.7,62.2,76.3,54.7,0.000,0.000,0.00,0.000,6.2,7.8,0.8,223,8,6.7,9.0,0.8,224,5,6.2,7.8,0.8,223,8,0,27.71,,0,0,0,65.8,66.4,65.8,0.22,0.24,0.21
HART,2017-08-21 01:40:00 EDT,42.21122,-77.68974,2394,62.2,63.7,62.2,76.6,54.8,0.000,0.000,0.00,0.000,5.7,8.3,1.0,219,8,6.2,8.8,1.1,221,6,5.7,8.3,1.0,219,8,0,27.71,,0,0,0,65.8,66.4,65.8,0.22,0.24,0.21
HART,2017-08-21 01:45:00 EDT,42.21122,-77.68974,2394,61.9,63.4,61.9,77.1,54.7,0.000,0.000,0.00,0.000,6.2,8.7,0.8,213,9,6.6,8.4,0.9,214,8,6.2,8.7,0.8,213,9,0,27.71,,0,0,0,65.8,66.4,65.8,0.22,0.24,0.21
HART,2017-08-21 01:50:00 EDT,42.21122,-77.68974,2394,62.1,63.3,62.1,77.4,55.0,0.000,0.000,0.00,0.000,6.0,9.0,0.8,212,8,6.3,9.0,0.9,214,7,6.0,9.0,0.8,212,8,0,27.71,,0,0,0,65.8,66.4,65.8,0.22,0.24,0.21
HART,2017-08-21 01:55:00 EDT,42.21122,-77.68974,2394,61.9,63.2,61.9,77.5,54.8,0.000,0.000,0.00,0.000,6.1,8.2,0.9,210,10,6.5,8.6,0.9,212,8,6.1,8.2,0.9,210,10,0,27.71,,0,0,0,65.8,66.4,65.8,0.22,0.24,0.21
HART,2017-08-21 02:00:00 EDT,42.21122,-77.68974,2394,61.9,63.2,61.9,77.9,55.0,0.000,0.000,0.00,0.000,6.2,8.5,0.9,210,9,6.5,9.3,1.0,211,7,6.2,8.5,0.9,210,9,0,27.71,,0,0,0,65.6,66.4,65.8,0.22,0.24,0.21
HART,2017-08-21 02:05:00 EDT,42.21122,-77.68974,2394,61.9,63.1,61.9,77.9,54.9,0.000,0.000,0.00,0.000,5.3,6.9,0.7,212,8,5.7,7.2,0.7,213,7,5.3,6.9,0.7,212,8,0,27.71,,0,0,0,65.5,66.4,65.8,0.22,0.24,0.21
HART,2017-08-21 02:10:00 EDT,42.21122,-77.68974,2394,62.1,63.2,62.1,77.8,55.1,0.000,0.000,0.00,0.000,5.2,7.2,0.8,212,8,5.7,7.7,0.9,213,7,5.2,7.2,0.8,212,8,0,27.71,,0,0,0,65.5,66.4,65.8,0.22,0.24,0.21
HART,2017-08-21 02:15:00 EDT,42.21122,-77.68974,2394,62.2,63.4,62.2,77.4,55.1,0.000,0.000,0.00,0.000,5.4,7.5,0.9,213,10,5.7,8.1,1.0,215,8,5.4,7.5,0.9,213,10,0,27.71,,0,0,0,65.5,66.4,65.8,0.22,0.24,0.21
HART,2017-08-21 02:20:00 EDT,42.21122,-77.68974,2394,62.1,63.4,62.1,77.8,55.1,0.000,0.000,0.00,0.000,5.4,7.3,0.8,205,10,5.9,7.8,0.9,206,9,5.4,7.3,0.8,205,10,0,27.70,,0,0,0,65.5,66.4,65.8,0.22,0.24,0.21
HART,2017-08-21 02:25:00 EDT,42.21122,-77.68974,2394,62.2,63.5,62.2,78.1,55.3,0.000,0.000,0.00,0.000,5.7,8.2,0.9,203,10,6.1,8.8,1.0,204,9,5.7,8.2,0.9,203,10,0,27.70,,0,0,0,65.5,66.4,65.8,0.22,0.24,0.21
HART,2017-08-21 02:30:00 EDT,42.21122,-77.68974,2394,62.2,63.4,62.2,77.8,55.2,0.000,0.000,0.00,0.000,6.2,7.7,0.7,204,7,6.5,8.9,0.9,205,7,6.2,7.7,0.7,204,7,0,27.70,,0,0,0,65.5,66.4,65.8,0.22,0.24,0.21
HART,2017-08-21 02:35:00 EDT,42.21122,-77.68974,2394,62.2,63.2,62.2,77.7,55.1,0.000,0.000,0.00,0.000,5.1,7.7,0.8,209,9,5.5,8.3,0.9,210,8,5.1,7.7,0.8,209,9,0,27.70,,0,0,0,65.5,66.4,65.8,0.22,0.24,0.21
HART,2017-08-21 02:40:00 EDT,42.21122,-77.68974,2394,62.1,63.1,62.1,78.0,55.2,0.000,0.000,0.00,0.000,5.6,8.0,1.0,207,9,6.0,9.2,1.0,208,8,5.6,8.0,1.0,207,9,0,27.70,,0,0,0,65.5,66.4,65.8,0.22,0.24,0.21
HART,2017-08-21 02:45:00 EDT,42.21122,-77.68974,2394,62.0,63.0,62.0,78.5,55.2,0.000,0.000,0.00,0.000,5.3,7.2,0.9,208,10,5.6,8.7,1.1,210,9,5.3,7.2,0.9,208,10,0,27.70,,0,0,0,65.3,66.4,65.8,0.22,0.24,0.21
HART,2017-08-21 02:50:00 EDT,42.21122,-77.68974,2394,62.0,63.1,62.0,78.6,55.3,0.000,0.000,0.00,0.000,5.5,8.0,0.9,209,11,5.8,8.2,0.9,210,10,5.5,8.0,0.9,209,11,0,27.70,,0,0,0,65.2,66.4,65.8,0.22,0.24,0.21
HART,2017-08-21 02:55:00 EDT,42.21122,-77.68974,2394,62.1,63.0,62.1,78.0,55.2,0.000,0.000,0.00,0.000,5.7,7.8,0.9,216,10,6.1,8.2,1.0,217,8,5.7,7.8,0.9,216,10,0,27.70,,0,0,0,65.1,66.4,65.8,0.22,0.24,0.21
HART,2017-08-21 03:00:00 EDT,42.21122,-77.68974,2394,61.9,62.9,61.9,78.1,55.0,0.000,0.000,0.00,0.000,5.7,8.6,1.2,217,9,6.0,8.8,1.2,218,8,5.7,8.6,1.2,217,9,0,27.71,,0,0,0,65.1,66.4,65.8,0.22,0.24,0.21
HART,2017-08-21 03:05:00 EDT,42.21122,-77.68974,2394,61.9,62.8,61.9,78.2,55.0,0.000,0.000,0.00,0.000,6.0,9.1,1.0,221,11,6.5,9.4,1.2,222,9,6.0,9.1,1.0,221,11,0,27.71,,0,0,0,65.1,66.3,65.8,0.22,0.24,0.21
HART,2017-08-21 03:10:00 EDT,42.21122,-77.68974,2394,62.0,63.2,62.0,78.0,55.1,0.000,0.000,0.00,0.000,6.9,9.9,1.1,222,11,7.2,10.7,1.3,222,8,6.9,9.9,1.1,222,11,0,27.70,,0,0,0,65.1,66.3,65.8,0.22,0.24,0.21
HART,2017-08-21 03:15:00 EDT,42.21122,-77.68974,2394,62.5,63.6,62.5,76.5,55.0,0.000,0.000,0.00,0.000,6.8,9.2,1.1,221,9,7.2,10.0,1.2,222,7,6.8,9.2,1.1,221,9,0,27.70,,0,0,0,65.1,66.3,65.8,0.22,0.24,0.21
HART,2017-08-21 03:20:00 EDT,42.21122,-77.68974,2394,62.5,63.7,62.5,75.9,54.8,0.000,0.000,0.00,0.000,6.5,8.4,1.0,223,10,6.8,9.3,1.1,224,7,6.5,8.4,1.0,223,10,0,27.70,,0,0,0,65.1,66.1,65.8,0.22,0.24,0.21
HART,2017-08-21 03:25:00 EDT,42.21122,-77.68974,2394,62.5,64.0,62.5,75.4,54.7,0.000,0.000,0.00,0.000,5.8,8.3,0.9,228,10,6.2,8.8,0.9,229,8,5.8,8.3,0.9,228,10,0,27.70,,0,0,0,65.1,66.1,65.8,0.22,0.24,0.21
HART,2017-08-21 03:30:00 EDT,42.21122,-77.68974,2394,62.8,64.3,62.8,74.8,54.7,0.000,0.000,0.00,0.000,6.1,8.3,0.9,230,7,6.6,9.2,1.0,229,6,6.1,8.3,0.9,230,7,0,27.70,,0,0,0,65.1,66.1,65.8,0.22,0.24,0.21
HART,2017-08-21 03:35:00 EDT,42.21122,-77.68974,2394,62.9,64.4,62.9,74.2,54.6,0.000,0.000,0.00,0.000,5.8,8.0,1.0,228,8,6.2,8.8,1.1,228,7,5.8,8.0,1.0,228,8,0,27.70,,0,0,0,65.1,66.0,65.8,0.22,0.24,0.21
HART,2017-08-21 03:40:00 EDT,42.21122,-77.68974,2394,63.1,64.4,63.1,73.9,54.6,0.000,0.000,0.00,0.000,6.0,8.0,1.1,227,8,6.4,8.8,1.1,226,6,6.0,8.0,1.1,227,8,0,27.71,,0,0,0,65.1,66.0,65.8,0.22,0.24,0.21
HART,2017-08-21 03:45:00 EDT,42.21122,-77.68974,2394,62.7,64.0,62.7,74.3,54.4,0.000,0.000,0.00,0.000,5.3,6.8,0.6,222,8,5.7,7.4,0.7,223,7,5.3,6.8,0.6,222,8,0,27.71,,0,0,0,65.1,66.0,65.8,0.22,0.24,0.21
HART,2017-08-21 03:50:00 EDT,42.21122,-77.68974,2394,62.6,63.8,62.6,74.8,54.5,0.000,0.000,0.00,0.000,5.5,7.1,0.8,220,7,5.8,7.5,0.9,220,5,5.5,7.1,0.8,220,7,0,27.71,,0,0,0,65.1,66.0,65.8,0.22,0.24,0.21
HART,2017-08-21 03:55:00 EDT,42.21122,-77.68974,2394,62.3,63.5,62.3,75.5,54.4,0.000,0.000,0.00,0.000,4.9,6.5,0.8,211,9,5.2,6.9,0.8,212,8,4.9,6.5,0.8,211,9,0,27.70,,0,0,0,65.1,66.0,65.8,0.22,0.24,0.21
HART,2017-08-21 04:00:00 EDT,42.21122,-77.68974,2394,62.4,63.5,62.4,75.6,54.5,0.000,0.000,0.00,0.000,5.3,7.6,0.7,213,9,5.6,8.1,0.9,215,7,5.3,7.6,0.7,213,9,0,27.71,,0,0,0,65.1,66.0,65.8,0.22,0.24,0.21
HART,2017-08-21 04:05:00 EDT,42.21122,-77.68974,2394,62.5,63.5,62.5,75.2,54.5,0.000,0.000,0.00,0.000,6.0,8.3,1.0,213,7,6.3,8.5,1.1,216,7,6.0,8.3,1.0,213,7,0,27.71,,0,0,0,65.1,66.0,65.8,0.22,0.24,0.21
HART,2017-08-21 04:10:00 EDT,42.21122,-77.68974,2394,62.3,63.3,62.3,75.8,54.5,0.000,0.000,0.00,0.000,6.3,8.7,1.1,207,10,6.7,10.2,1.1,210,9,6.3,8.7,1.1,207,10,0,27.71,,0,0,0,65.1,66.0,65.8,0.22,0.24,0.21
HART,2017-08-21 04:15:00 EDT,42.21122,-77.68974,2394,62.1,63.1,62.1,76.5,54.6,0.000,0.000,0.00,0.000,5.8,7.7,0.8,208,10,6.1,7.9,0.9,209,10,5.8,7.7,0.8,208,10,0,27.71,,0,0,0,65.1,66.0,65.8,0.22,0.24,0.21
HART,2017-08-21 04:20:00 EDT,42.21122,-77.68974,2394,62.1,63.1,62.1,76.5,54.7,0.000,0.000,0.00,0.000,5.8,8.2,0.8,210,8,6.1,8.7,1.0,213,8,5.8,8.2,0.8,210,8,0,27.71,,0,0,0,65.1,66.0,65.8,0.22,0.24,0.21
HART,2017-08-21 04:25:00 EDT,42.21122,-77.68974,2394,62.1,62.9,62.1,77.2,54.8,0.000,0.000,0.00,0.000,5.0,7.4,0.9,204,13,5.3,9.1,0.9,204,12,5.0,7.4,0.9,204,13,0,27.71,,0,0,0,65.1,66.0,65.8,0.22,0.24,0.21
HART,2017-08-21 04:30:00 EDT,42.21122,-77.68974,2394,62.3,63.2,62.3,77.5,55.1,0.000,0.000,0.00,0.000,5.4,7.5,0.7,204,9,5.8,8.4,0.8,206,8,5.4,7.5,0.7,204,9,0,27.70,,0,0,0,65.1,66.0,65.8,0.22,0.24,0.21
HART,2017-08-21 04:35:00 EDT,42.21122,-77.68974,2394,62.2,63.2,62.2,77.2,54.9,0.000,0.000,0.00,0.000,4.6,6.4,0.8,204,9,5.0,7.0,0.8,205,7,4.6,6.4,0.8,204,9,0,27.71,,0,0,0,65.1,66.0,65.8,0.22,0.24,0.21
HART,2017-08-21 04:40:00 EDT,42.21122,-77.68974,2394,62.3,63.3,62.3,77.4,55.1,0.000,0.000,0.00,0.000,4.8,6.3,0.6,201,10,5.3,6.7,0.7,204,8,4.8,6.3,0.6,201,10,0,27.70,,0,0,0,65.1,66.0,65.8,0.22,0.24,0.21
HART,2017-08-21 04:45:00 EDT,42.21122,-77.68974,2394,62.4,63.5,62.4,77.1,55.2,0.000,0.000,0.00,0.000,5.2,7.2,0.6,204,8,5.6,7.4,0.7,206,7,5.2,7.2,0.6,204,8,0,27.70,,0,0,0,65.1,66.0,65.8,0.22,0.24,0.21
HART,2017-08-21 04:50:00 EDT,42.21122,-77.68974,2394,62.3,63.4,62.3,76.7,54.9,0.000,0.000,0.00,0.000,5.5,7.5,0.8,205,8,6.0,7.8,0.8,206,7,5.5,7.5,0.8,205,8,0,27.70,,0,0,0,65.0,66.0,65.8,0.22,0.24,0.21
HART,2017-08-21 04:55:00 EDT,42.21122,-77.68974,2394,62.4,63.3,62.4,76.4,54.9,0.000,0.000,0.00,0.000,6.4,8.0,0.9,209,8,6.7,9.1,1.0,211,7,6.4,8.0,0.9,209,8,0,27.70,,0,0,0,64.9,66.0,65.8,0.22,0.24,0.21
HART,2017-08-21 05:00:00 EDT,42.21122,-77.68974,2394,62.2,63.1,62.2,77.0,54.9,0.000,0.000,0.00,0.000,5.7,8.0,1.0,209,12,6.2,9.3,1.2,210,10,5.7,8.0,1.0,209,12,0,27.70,,0,0,0,64.8,66.0,65.8,0.22,0.24,0.21
HART,2017-08-21 05:05:00 EDT,42.21122,-77.68974,2394,62.2,63.1,62.2,77.1,55.0,0.000,0.000,0.00,0.000,6.1,8.7,0.8,215,9,6.5,9.3,0.9,216,7,6.1,8.7,0.8,215,9,0,27.71,,0,0,0,64.8,66.0,65.8,0.22,0.24,0.21
HART,2017-08-21 05:10:00 EDT,42.21122,-77.68974,2394,62.1,62.9,62.1,77.5,55.0,0.000,0.000,0.00,0.000,6.2,8.3,1.0,216,11,6.6,9.8,1.2,218,9,6.2,8.3,1.0,216,11,0,27.71,,0,0,0,64.8,66.0,65.8,0.22,0.24,0.21
HART,2017-08-21 05:15:00 EDT,42.21122,-77.68974,2394,62.1,62.9,62.1,77.6,55.0,0.000,0.000,0.00,0.000,6.9,9.1,0.9,221,9,7.3,9.8,1.0,222,8,6.9,9.1,0.9,221,9,0,27.71,,0,0,0,64.8,66.0,65.8,0.22,0.23,0.20
HART,2017-08-21 05:20:00 EDT,42.21122,-77.68974,2394,62.1,63.1,62.1,77.1,54.9,0.000,0.000,0.00,0.000,7.3,11.2,1.3,224,10,7.7,11.4,1.3,223,8,7.3,11.2,1.3,224,10,0,27.71,,0,0,0,64.8,66.0,65.8,0.22,0.23,0.21
HART,2017-08-21 05:25:00 EDT,42.21122,-77.68974,2394,62.1,63.2,62.1,76.6,54.6,0.000,0.000,0.00,0.000,7.4,12.0,1.4,222,10,7.9,12.0,1.7,222,8,7.4,12.0,1.4,222,10,0,27.71,,0,0,0,64.8,65.9,65.8,0.22,0.23,0.21
HART,2017-08-21 05:30:00 EDT,42.21122,-77.68974,2394,62.1,63.1,62.1,77.0,54.8,0.000,0.000,0.00,0.000,7.9,10.7,1.2,220,9,8.4,11.8,1.4,221,7,7.9,10.7,1.2,220,9,0,27.71,,0,0,0,64.8,65.9,65.8,0.22,0.23,0.21
HART,2017-08-21 05:35:00 EDT,42.21122,-77.68974,2394,62.1,63.1,62.1,76.8,54.8,0.000,0.000,0.00,0.000,7.1,10.1,1.1,218,11,7.6,10.3,1.2,219,7,7.1,10.1,1.1,218,11,0,27.71,,0,0,0,64.8,65.9,65.8,0.22,0.23,0.20
HART,2017-08-21 05:40:00 EDT,42.21122,-77.68974,2394,61.9,62.8,61.9,77.2,54.7,0.000,0.000,0.00,0.000,6.2,8.8,0.8,211,9,6.5,10.2,0.8,212,8,6.2,8.8,0.8,211,9,0,27.71,,0,0,0,64.8,65.9,65.8,0.22,0.23,0.21
HART,2017-08-21 05:45:00 EDT,42.21122,-77.68974,2394,61.8,62.7,61.8,77.4,54.6,0.000,0.000,0.00,0.000,6.5,8.8,0.8,211,9,6.9,9.2,1.0,212,8,6.5,8.8,0.8,211,9,0,27.71,,0,0,0,64.8,65.9,65.8,0.22,0.23,0.21
HART,2017-08-21 05:50:00 EDT,42.21122,-77.68974,2394,61.7,62.6,61.7,77.9,54.7,0.000,0.000,0.00,0.000,6.4,8.8,0.9,214,9,6.8,9.6,1.1,216,8,6.4,8.8,0.9,214,9,0,27.71,,0,0,0,64.8,65.9,65.8,0.22,0.23,0.21
HART,2017-08-21 05:55:00 EDT,42.21122,-77.68974,2394,61.4,62.7,61.4,78.4,54.6,0.000,0.000,0.00,0.000,6.3,8.8,1.3,209,9,6.5,9.8,1.3,209,8,6.3,8.8,1.3,209,9,0,27.71,,0,0,0,64.8,65.9,65.8,0.22,0.23,0.21
HART,2017-08-21 06:00:00 EDT,42.21122,-77.68974,2394,61.7,62.9,61.7,78.0,54.8,0.000,0.000,0.00,0.000,6.1,7.9,0.8,208,8,6.5,8.5,0.9,209,8,6.1,7.9,0.8,208,8,0,27.71,,0,0,0,64.8,65.8,65.8,0.22,0.23,0.21
HART,2017-08-21 06:05:00 EDT,42.21122,-77.68974,2394,61.8,62.8,61.8,77.1,54.5,0.000,0.000,0.00,0.000,5.8,8.8,1.0,210,10,6.2,9.3,0.9,213,8,5.8,8.8,1.0,210,10,0,27.71,,0,0,0,64.8,65.8,65.8,0.22,0.24,0.21
HART,2017-08-21 06:10:00 EDT,42.21122,-77.68974,2394,61.7,62.9,61.7,77.5,54.6,0.000,0.000,0.00,0.000,5.9,8.0,0.9,211,10,6.2,9.7,1.0,213,8,5.9,8.0,0.9,211,10,0,27.71,,0,0,0,64.8,65.8,65.8,0.22,0.23,0.21
HART,2017-08-21 06:15:00 EDT,42.21122,-77.68974,2394,62.2,63.2,62.2,76.5,54.7,0.000,0.000,0.00,0.000,5.6,7.0,0.7,209,10,5.9,7.8,0.8,210,8,5.6,7.0,0.7,209,10,1,27.71,,0,0,0,64.8,65.8,65.8,0.22,0.23,0.21
HART,2017-08-21 06:20:00 EDT,42.21122,-77.68974,2394,62.2,63.3,62.2,75.7,54.5,0.000,0.000,0.00,0.000,6.1,8.0,0.9,209,11,6.5,9.0,1.1,210,10,6.1,8.0,0.9,209,11,1,27.71,,0,0,0,64.8,65.8,65.8,0.22,0.23,0.21
HART,2017-08-21 06:25:00 EDT,42.21122,-77.68974,2394,62.3,63.4,62.3,75.0,54.3,0.000,0.000,0.00,0.000,6.1,8.5,1.0,209,8,6.4,9.4,1.0,210,7,6.1,8.5,1.0,209,8,2,27.70,,0,0,0,64.7,65.8,65.8,0.22,0.23,0.21
HART,2017-08-21 06:30:00 EDT,42.21122,-77.68974,2394,62.4,63.4,62.4,74.4,54.2,0.000,0.000,0.00,0.000,6.0,8.3,1.0,208,9,6.3,9.4,1.0,209,8,6.0,8.3,1.0,208,9,4,27.70,,0,0,0,64.6,65.8,65.8,0.22,0.23,0.20
HART,2017-08-21 06:35:00 EDT,42.21122,-77.68974,2394,62.6,63.5,62.6,73.9,54.2,0.000,0.000,0.00,0.000,6.1,8.4,1.0,207,9,6.5,9.2,1.1,207,8,6.1,8.4,1.0,207,9,8,27.70,,0,0,0,64.5,65.8,65.8,0.22,0.23,0.20
HART,2017-08-21 06:40:00 EDT,42.21122,-77.68974,2394,62.4,63.4,62.4,73.9,54.0,0.000,0.000,0.00,0.000,5.5,8.5,1.0,209,10,5.8,8.1,1.0,209,9,5.5,8.5,1.0,209,10,12,27.70,,0,0,0,64.4,65.8,65.8,0.22,0.23,0.21
HART,2017-08-21 06:45:00 EDT,42.21122,-77.68974,2394,62.6,63.7,62.6,73.6,54.1,0.000,0.000,0.00,0.000,5.9,7.9,0.8,207,11,6.3,8.7,1.0,208,9,5.9,7.9,0.8,207,11,14,27.70,,0,0,0,64.4,65.8,65.8,0.22,0.23,0.20
HART,2017-08-21 06:50:00 EDT,42.21122,-77.68974,2394,63.1,63.9,63.1,72.1,54.0,0.000,0.000,0.00,0.000,6.2,8.6,1.1,208,9,6.7,9.2,1.2,211,9,6.2,8.6,1.1,208,9,23,27.70,,0,0,0,64.4,65.8,65.8,0.22,0.24,0.21
HART,2017-08-21 06:55:00 EDT,42.21122,-77.68974,2394,63.1,63.7,63.1,72.1,53.9,0.000,0.000,0.00,0.000,5.9,8.6,1.1,212,13,6.2,9.2,1.1,212,10,5.9,8.6,1.1,212,13,43,27.71,,0,0,0,64.4,65.8,65.8,0.22,0.24,0.21
HART,2017-08-21 07:00:00 EDT,42.21122,-77.68974,2394,63.2,63.8,63.2,72.3,54.2,0.000,0.000,0.00,0.000,5.6,7.6,0.8,208,11,6.0,8.3,0.9,209,10,5.6,7.6,0.8,208,11,69,27.71,,0,0,0,64.4,65.8,65.8,0.22,0.23,0.20
HART,2017-08-21 07:05:00 EDT,42.21122,-77.68974,2394,63.5,64.0,63.5,71.9,54.3,0.000,0.000,0.00,0.000,6.1,8.3,1.0,203,10,6.6,11.0,1.2,204,9,6.1,8.3,1.0,203,10,67,27.70,,0,0,0,64.4,65.8,65.8,0.22,0.23,0.20
HART,2017-08-21 07:10:00 EDT,42.21122,-77.68974,2394,63.5,64.1,63.5,72.0,54.3,0.000,0.000,0.00,0.000,6.5,9.7,1.1,209,10,7.0,10.1,1.3,210,10,6.5,9.7,1.1,209,10,37,27.71,,0,0,0,64.4,65.8,65.8,0.22,0.23,0.21
HART,2017-08-21 07:15:00 EDT,42.21122,-77.68974,2394,63.2,63.7,63.2,73.0,54.4,0.000,0.000,0.00,0.000,5.9,9.3,1.2,215,13,6.3,9.5,1.2,216,10,5.9,9.3,1.2,215,13,38,27.71,,0,0,0,64.4,65.8,65.8,0.22,0.24,0.21
HART,2017-08-21 07:20:00 EDT,42.21122,-77.68974,2394,63.4,63.8,63.4,73.4,54.8,0.000,0.000,0.00,0.000,6.0,9.1,1.2,211,12,6.5,9.9,1.3,212,12,6.0,9.1,1.2,211,12,45,27.70,,0,0,0,64.4,65.8,65.8,0.22,0.23,0.21
HART,2017-08-21 07:25:00 EDT,42.21122,-77.68974,2394,63.8,64.2,63.8,73.1,55.0,0.000,0.000,0.00,0.000,6.9,10.2,1.2,205,10,7.3,11.0,1.4,206,9,6.9,10.2,1.2,205,10,56,27.70,,0,0,0,64.4,65.8,65.8,0.22,0.24,0.21
HART,2017-08-21 07:30:00 EDT,42.21122,-77.68974,2394,64.0,64.4,64.0,72.7,55.1,0.000,0.000,0.00,0.000,6.3,9.0,1.3,208,11,6.7,10.8,1.4,210,11,6.3,9.0,1.3,208,11,56,27.70,,0,0,0,64.4,65.8,65.8,0.22,0.24,0.21
HART,2017-08-21 07:35:00 EDT,42.21122,-77.68974,2394,64.0,64.3,64.0,73.3,55.3,0.000,0.000,0.00,0.000,5.9,8.9,1.2,210,13,6.5,10.2,1.3,210,11,5.9,8.9,1.2,210,13,66,27.70,,0,0,0,64.4,65.8,65.8,0.22,0.23,0.20
HART,2017-08-21 07:40:00 EDT,42.21122,-77.68974,2394,64.4,64.7,64.4,73.1,55.6,0.000,0.000,0.00,0.000,6.7,10.4,1.4,217,13,7.0,10.6,1.5,218,10,6.7,10.4,1.4,217,13,88,27.70,,0,0,0,64.4,65.8,65.7,0.22,0.24,0.21
HART,2017-08-21 07:45:00 EDT,42.21122,-77.68974,2394,64.5,64.7,64.5,73.2,55.8,0.000,0.000,0.00,0.000,5.5,9.6,1.3,218,12,5.8,11.1,1.4,218,10,5.5,9.6,1.3,218,12,115,27.70,,0,0,0,64.4,65.8,65.7,0.22,0.24,0.21
HART,2017-08-21 07:50:00 EDT,42.21122,-77.68974,2394,64.9,65.0,64.9,73.3,56.1,0.000,0.000,0.00,0.000,6.0,9.8,1.7,219,13,6.5,10.2,1.8,220,11,6.0,9.8,1.7,219,13,111,27.71,,0,0,0,64.4,65.8,65.7,0.22,0.24,0.21
HART,2017-08-21 07:55:00 EDT,42.21122,-77.68974,2394,65.1,65.2,65.1,73.0,56.3,0.000,0.000,0.00,0.000,5.8,8.0,1.1,217,11,6.0,8.8,1.2,218,9,5.8,8.0,1.1,217,11,125,27.71,,0,0,0,64.4,65.8,65.7,0.22,0.24,0.21
HART,2017-08-21 08:00:00 EDT,42.21122,-77.68974,2394,65.4,65.4,65.4,72.8,56.4,0.000,0.000,0.00,0.000,5.9,8.0,0.9,212,13,6.4,9.0,0.9,213,11,5.9,8.0,0.9,212,13,145,27.70,,0,0,0,64.4,65.8,65.6,0.22,0.24,0.21
HART,2017-08-21 08:05:00 EDT,42.21122,-77.68974,2394,65.6,65.5,65.6,73.3,56.8,0.000,0.000,0.00,0.000,6.4,10.1,1.2,215,13,6.9,10.6,1.4,216,11,6.4,10.1,1.2,215,13,165,27.70,,0,0,0,64.4,65.8,65.7,0.22,0.23,0.21
HART,2017-08-21 08:10:00 EDT,42.21122,-77.68974,2394,65.9,65.7,65.9,73.1,57.0,0.000,0.000,0.00,0.000,6.2,8.6,1.2,210,13,6.7,9.8,1.3,212,11,6.2,8.6,1.2,210,13,166,27.70,,0,0,0,64.4,65.8,65.7,0.22,0.24,0.21
HART,2017-08-21 08:15:00 EDT,42.21122,-77.68974,2394,66.1,65.9,66.1,72.8,57.1,0.000,0.000,0.00,0.000,6.2,8.5,1.0,217,10,6.6,9.5,1.2,218,9,6.2,8.5,1.0,217,10,187,27.71,,0,0,0,64.4,65.8,65.7,0.22,0.24,0.21
HART,2017-08-21 08:20:00 EDT,42.21122,-77.68974,2394,66.2,66.0,66.2,74.0,57.7,0.000,0.000,0.00,0.000,6.8,11.4,1.7,220,13,7.3,11.8,1.8,223,10,6.8,11.4,1.7,220,13,134,27.71,,0,0,0,64.4,65.8,65.6,0.22,0.24,0.21
HART,2017-08-21 08:25:00 EDT,42.21122,-77.68974,2394,65.9,65.9,65.9,74.2,57.4,0.000,0.000,0.00,0.000,7.4,11.7,1.3,216,12,8.0,12.4,1.6,217,10,7.4,11.7,1.3,216,12,84,27.71,,0,0,0,64.4,65.8,65.7,0.22,0.24,0.21
HART,2017-08-21 08:30:00 EDT,42.21122,-77.68974,2394,65.6,65.8,65.6,74.9,57.5,0.000,0.000,0.00,0.000,7.7,12.5,1.4,215,11,8.0,13.0,1.5,216,9,7.7,12.5,1.4,215,11,61,27.71,,0,0,0,64.4,65.8,65.6,0.22,0.24,0.21
HART,2017-08-21 08:35:00 EDT,42.21122,-77.68974,2394,65.5,65.7,65.5,75.2,57.5,0.000,0.000,0.00,0.000,6.9,10.3,1.4,212,10,7.2,10.4,1.4,212,10,6.9,10.3,1.4,212,10,55,27.71,,0,0,0,64.5,65.8,65.6,0.22,0.24,0.20
HART,2017-08-21 08:40:00 EDT,42.21122,-77.68974,2394,65.4,65.7,65.4,75.5,57.5,0.000,0.000,0.00,0.000,7.3,11.5,1.5,212,12,7.7,11.7,1.4,213,11,7.3,11.5,1.5,212,12,61,27.71,,0,0,0,64.6,65.8,65.6,0.22,0.24,0.21
HART,2017-08-21 08:45:00 EDT,42.21122,-77.68974,2394,65.6,65.8,65.6,75.1,57.5,0.000,0.000,0.00,0.000,6.7,9.3,1.1,215,12,6.9,10.0,1.2,216,10,6.7,9.3,1.1,215,12,72,27.71,,0,0,0,64.7,65.8,65.6,0.22,0.24,0.21
HART,2017-08-21 08:50:00 EDT,42.21122,-77.68974,2394,65.7,65.8,65.7,75.1,57.6,0.000,0.000,0.00,0.000,6.0,9.9,1.4,213,14,6.5,10.0,1.4,214,12,6.0,9.9,1.4,213,14,66,27.71,,0,0,0,64.8,65.8,65.5,0.22,0.24,0.21
HART,2017-08-21 08:55:00 EDT,42.21122,-77.68974,2394,65.6,65.8,65.6,75.1,57.5,0.000,0.000,0.00,0.000,6.0,9.8,1.4,219,11,6.6,10.3,1.4,219,9,6.0,9.8,1.4,219,11,49,27.71,,0,0,0,64.8,65.8,65.5,0.22,0.24,0.21
HART,2017-08-21 09:00:00 EDT,42.21122,-77.68974,2394,65.6,65.8,65.6,75.2,57.5,0.000,0.000,0.00,0.000,6.9,10.0,1.2,219,11,7.5,10.3,1.2,219,10,6.9,10.0,1.2,219,11,44,27.71,,0,0,0,64.8,65.8,65.5,0.22,0.24,0.21
HART,2017-08-21 09:05:00 EDT,42.21122,-77.68974,2394,65.6,65.9,65.6,75.2,57.6,0.000,0.000,0.00,0.000,8.0,10.4,1.3,229,12,8.4,11.5,1.4,229,10,8.0,10.4,1.3,229,12,42,27.72,,0,0,0,64.8,65.8,65.5,0.22,0.24,0.21
HART,2017-08-21 09:10:00 EDT,42.21122,-77.68974,2394,65.5,65.8,65.5,75.7,57.6,0.000,0.000,0.00,0.000,7.4,10.2,1.0,225,9,7.8,11.1,1.1,226,7,7.4,10.2,1.0,225,9,37,27.72,,0,0,0,64.8,65.8,65.5,0.22,0.24,0.21
HART,2017-08-21 09:15:00 EDT,42.21122,-77.68974,2394,65.5,65.7,65.5,75.8,57.7,0.000,0.000,0.00,0.000,7.3,10.7,1.5,218,11,7.8,11.5,1.6,218,10,7.3,10.7,1.5,218,11,65,27.72,,0,0,0,64.8,65.8,65.5,0.22,0.24,0.21
HART,2017-08-21 09:20:00 EDT,42.21122,-77.68974,2394,65.2,65.5,65.2,77.9,58.1,0.000,0.000,0.00,0.000,7.1,9.9,1.3,227,10,7.5,10.9,1.3,227,9,7.1,9.9,1.3,227,10,83,27.72,,0,0,0,64.8,65.8,65.5,0.22,0.24,0.21
HART,2017-08-21 09:25:00 EDT,42.21122,-77.68974,2394,64.7,65.1,64.7,80.6,58.6,0.000,0.000,0.00,0.000,7.4,10.7,1.5,232,11,7.7,11.0,1.5,232,9,7.4,10.7,1.5,232,11,93,27.72,,0,0,0,64.8,65.8,65.5,0.22,0.24,0.21
HART,2017-08-21 09:30:00 EDT,42.21122,-77.68974,2394,64.4,64.7,64.4,82.8,59.1,0.012,0.012,0.00,0.012,6.0,9.1,1.2,233,11,6.3,9.7,1.3,233,11,6.0,9.1,1.2,233,11,122,27.71,,0,0,0,64.8,65.8,65.5,0.22,0.24,0.21
HART,2017-08-21 09:35:00 EDT,42.21122,-77.68974,2394,64.3,64.4,64.3,85.2,59.8,0.000,0.012,0.00,0.012,5.4,7.7,0.9,240,10,5.8,8.1,0.9,242,8,5.4,7.7,0.9,240,10,185,27.71,,0,0,0,64.8,65.8,65.5,0.22,0.24,0.21
HART,2017-08-21 09:40:00 EDT,42.21122,-77.68974,2394,64.8,64.5,64.8,86.5,60.6,0.000,0.012,0.00,0.012,6.6,10.4,1.3,231,9,7.1,10.6,1.4,231,8,6.6,10.4,1.3,231,9,302,27.72,,0,0,0,64.8,65.8,65.5,0.22,0.24,0.21
HART,2017-08-21 09:45:00 EDT,42.21122,-77.68974,2394,65.6,65.1,65.6,85.6,61.1,0.000,0.012,0.00,0.012,6.7,9.9,1.4,221,15,7.2,10.4,1.4,222,14,6.7,9.9,1.4,221,15,265,27.71,,0,0,0,64.8,65.8,65.5,0.22,0.24,0.21
HART,2017-08-21 09:50:00 EDT,42.21122,-77.68974,2394,65.7,65.4,65.7,83.2,60.4,0.000,0.012,0.00,0.012,7.6,11.1,1.2,212,11,8.1,11.9,1.3,213,10,7.6,11.1,1.2,212,11,310,27.71,,0,0,0,64.8,65.8,65.5,0.22,0.24,0.21
HART,2017-08-21 09:55:00 EDT,42.21122,-77.68974,2394,66.0,65.7,66.0,82.0,60.3,0.000,0.012,0.00,0.012,7.2,9.1,1.0,215,10,7.7,9.7,1.1,215,8,7.2,9.1,1.0,215,10,162,27.71,,0,0,0,64.8,65.7,65.5,0.22,0.24,0.21
HART,2017-08-21 10:00:00 EDT,42.21122,-77.68974,2394,65.6,65.4,65.6,82.8,60.2,0.000,0.012,0.00,0.012,6.8,9.9,1.2,214,12,7.3,11.2,1.3,214,10,6.8,9.9,1.2,214,12,163,27.71,,0,0,0,64.8,65.7,65.5,0.22,0.24,0.21
HART,2017-08-21 10:05:00 EDT,42.21122,-77.68974,2394,65.4,65.3,65.4,83.9,60.5,0.000,0.012,0.00,0.012,8.2,10.7,1.4,216,9,8.7,11.5,1.5,216,8,8.2,10.7,1.4,216,9,193,27.71,,0,0,0,64.9,65.7,65.5,0.22,0.24,0.21
HART,2017-08-21 10:10:00 EDT,42.21122,-77.68974,2394,66.0,65.5,66.0,85.9,61.6,0.000,0.012,0.00,0.012,6.8,10.3,1.4,229,9,7.3,11.1,1.4,230,8,6.8,10.3,1.4,229,9,274,27.71,,0,0,0,65.0,65.6,65.5,0.22,0.24,0.21
HART,2017-08-21 10:15:00 EDT,42.21122,-77.68974,2394,66.1,65.7,66.1,83.6,61.0,0.000,0.012,0.00,0.012,9.3,12.8,1.7,226,9,9.8,13.6,1.7,226,9,9.3,12.8,1.7,226,9,216,27.70,,0,0,0,65.1,65.6,65.5,0.22,0.24,0.21
HART,2017-08-21 10:20:00 EDT,42.21122,-77.68974,2394,66.3,66.1,66.3,82.8,60.9,0.000,0.012,0.00,0.012,9.5,13.2,1.7,222,12,10.1,15.3,1.8,223,10,9.5,13.2,1.7,222,12,225,27.70,,0,0,0,65.1,65.6,65.5,0.22,0.24,0.21
HART,2017-08-21 10:25:00 EDT,42.21122,-77.68974,2394,66.8,66.4,66.8,84.0,61.8,0.000,0.012,0.00,0.012,7.8,11.5,1.5,233,9,8.2,13.2,1.6,233,10,7.8,11.5,1.5,233,9,245,27.70,,0,0,0,65.1,65.5,65.5,0.22,0.24,0.21
HART,2017-08-21 10:30:00 EDT,42.21122,-77.68974,2394,67.3,66.7,67.3,84.0,62.3,0.000,0.012,0.00,0.000,8.5,13.1,1.6,242,11,9.3,14.2,1.8,244,12,8.5,13.1,1.6,242,11,304,27.70,,0,0,0,65.1,65.5,65.5,0.22,0.24,0.21
HART,2017-08-21 10:35:00 EDT,42.21122,-77.68974,2394,67.6,66.8,67.6,83.6,62.5,0.000,0.012,0.00,0.000,7.9,11.9,1.9,254,10,8.5,13.0,2.1,256,9,7.9,11.9,1.9,254,10,426,27.70,,0,0,0,65.1,65.5,65.5,0.22,0.24,0.21
HART,2017-08-21 10:40:00 EDT,42.21122,-77.68974,2394,67.7,66.4,67.7,84.9,63.0,0.000,0.012,0.00,0.000,5.4,8.0,1.0,297,12,5.9,8.7,1.0,299,11,5.4,8.0,1.0,297,12,425,27.70,,0,0,0,65.1,65.5,65.5,0.22,0.24,0.21
HART,2017-08-21 10:45:00 EDT,42.21122,-77.68974,2394,67.4,66.2,67.4,83.8,62.3,0.000,0.012,0.00,0.000,7.4,10.9,1.7,273,19,8.1,12.1,1.9,276,17,7.4,10.9,1.7,273,19,419,27.70,,0,0,0,65.1,65.5,65.5,0.22,0.24,0.21
HART,2017-08-21 10:50:00 EDT,42.21122,-77.68974,2394,68.7,67.0,68.7,82.2,63.0,0.000,0.012,0.00,0.000,8.7,11.5,1.3,246,12,9.3,12.6,1.5,248,12,8.7,11.5,1.3,246,12,683,27.70,,0,0,0,65.1,65.5,65.5,0.22,0.24,0.21
HART,2017-08-21 10:55:00 EDT,42.21122,-77.68974,2394,70.6,68.7,70.6,79.3,63.9,0.000,0.012,0.00,0.000,8.1,13.3,2.2,224,14,8.8,14.9,2.2,224,13,8.1,13.3,2.2,224,14,639,27.69,,0,0,0,65.2,65.5,65.5,0.22,0.24,0.21
HART,2017-08-21 11:00:00 EDT,42.21122,-77.68974,2394,70.3,69.0,70.3,76.9,62.7,0.000,0.012,0.00,0.000,8.5,11.5,1.8,226,10,9.0,14.0,1.9,226,11,8.5,11.5,1.8,226,10,653,27.69,,0,0,0,65.5,65.5,65.5,0.22,0.24,0.21
HART,2017-08-21 11:05:00 EDT,42.21122,-77.68974,2394,71.3,69.8,71.3,77.3,63.9,0.000,0.012,0.00,0.000,7.9,13.5,1.5,242,12,8.4,15.6,1.6,243,13,7.9,13.5,1.5,242,12,685,27.70,,0,0,0,65.5,65.5,65.5,0.22,0.24,0.21
HART,2017-08-21 11:10:00 EDT,42.21122,-77.68974,2394,72.0,70.4,72.0,75.1,63.7,0.000,0.012,0.00,0.000,9.8,18.5,3.2,239,12,10.3,18.9,3.3,241,13,9.8,18.5,3.2,239,12,748,27.70,,0,0,0,65.5,65.5,65.5,0.22,0.24,0.21
HART,2017-08-21 11:15:00 EDT,42.21122,-77.68974,2394,73.0,71.3,73.0,74.1,64.3,0.000,0.012,0.00,0.000,11.3,17.0,2.6,234,13,12.0,19.2,2.7,235,14,11.3,17.0,2.6,234,13,745,27.69,,0,0,0,65.8,65.5,65.5,0.22,0.24,0.21
HART,2017-08-21 11:20:00 EDT,42.21122,-77.68974,2394,73.7,72.0,73.7,72.3,64.2,0.000,0.012,0.00,0.000,10.2,15.2,2.1,226,16,11.0,16.6,2.2,226,15,10.2,15.2,2.1,226,16,729,27.68,,0,0,0,65.8,65.5,65.5,0.22,0.24,0.21
HART,2017-08-21 11:25:00 EDT,42.21122,-77.68974,2394,73.4,72.0,73.4,69.5,62.9,0.000,0.012,0.00,0.000,14.5,20.5,3.2,233,12,15.1,21.7,3.2,233,12,14.5,20.5,3.2,233,12,713,27.68,,0,0,0,65.8,65.5,65.5,0.22,0.24,0.21
HART,2017-08-21 11:30:00 EDT,42.21122,-77.68974,2394,73.1,71.8,73.1,70.3,62.9,0.000,0.012,0.00,0.000,14.6,21.0,2.9,237,12,15.2,21.9,3.1,238,11,14.6,21.0,2.9,237,12,725,27.68,,0,0,0,65.8,65.5,65.5,0.22,0.23,0.21
HART,2017-08-21 11:35:00 EDT,42.21122,-77.68974,2394,73.6,72.1,73.6,71.0,63.6,0.000,0.012,0.00,0.000,14.8,20.8,2.9,242,10,15.8,23.2,3.0,244,10,14.8,20.8,2.9,242,10,735,27.69,,0,0,0,65.8,65.5,65.5,0.22,0.24,0.21
HART,2017-08-21 11:40:00 EDT,42.21122,-77.68974,2394,73.8,72.3,73.8,70.9,63.7,0.000,0.012,0.00,0.000,15.2,21.1,2.6,241,12,16.0,21.9,2.6,241,12,15.2,21.1,2.6,241,12,739,27.69,,0,0,0,66.0,65.5,65.5,0.22,0.23,0.21
HART,2017-08-21 11:45:00 EDT,42.21122,-77.68974,2394,74.2,72.5,74.2,70.6,64.1,0.000,0.012,0.00,0.000,14.3,19.6,2.0,235,11,14.9,20.1,2.0,236,12,14.3,19.6,2.0,235,11,772,27.69,,0,0,0,66.0,65.5,65.5,0.22,0.23,0.21
HART,2017-08-21 11:50:00 EDT,42.21122,-77.68974,2394,75.1,73.5,75.1,71.3,65.2,0.000,0.012,0.00,0.000,10.1,16.7,2.5,252,17,10.9,19.1,2.7,254,16,10.1,16.7,2.5,252,17,784,27.69,,0,0,0,66.0,65.5,65.5,0.22,0.23,0.21
HART,2017-08-21 11:55:00 EDT,42.21122,-77.68974,2394,74.7,73.0,74.7,69.1,63.9,0.000,0.012,0.00,0.000,13.4,20.9,2.9,256,13,14.3,21.6,3.1,258,12,13.4,20.9,2.9,256,13,733,27.69,,0,0,0,66.2,65.5,65.5,0.22,0.24,0.21
HART,2017-08-21 12:00:00 EDT,42.21122,-77.68974,2394,74.6,72.9,74.6,71.0,64.6,0.000,0.012,0.00,0.000,12.0,16.0,2.2,244,10,12.6,17.2,2.3,246,11,12.0,16.0,2.2,244,10,761,27.69,,0,0,0,66.4,65.5,65.5,0.22,0.24,0.21
HART,2017-08-21 12:05:00 EDT,42.21122,-77.68974,2394,75.6,73.6,75.6,70.0,65.1,0.000,0.012,0.00,0.000,10.1,15.9,2.5,245,13,10.7,17.0,2.6,247,14,10.1,15.9,2.5,245,13,808,27.69,,0,0,0,66.4,65.5,65.5,0.22,0.24,0.21
HART,2017-08-21 12:10:00 EDT,42.21122,-77.68974,2394,75.5,73.7,75.5,70.3,65.2,0.000,0.012,0.00,0.000,9.8,15.0,2.6,256,18,10.7,16.4,2.6,259,17,9.8,15.0,2.6,256,18,801,27.69,,0,0,0,66.4,65.5,65.5,0.22,0.24,0.21
HART,2017-08-21 12:15:00 EDT,42.21122,-77.68974,2394,75.7,73.9,75.7,69.3,64.9,0.000,0.012,0.00,0.000,9.3,14.2,2.0,257,14,10.2,15.4,2.1,260,12,9.3,14.2,2.0,257,14,775,27.69,,0,0,0,66.5,65.5,65.5,0.22,0.23,0.21
HART,2017-08-21 12:20:00 EDT,42.21122,-77.68974,2394,75.8,74.0,75.8,69.1,65.0,0.000,0.012,0.00,0.000,10.8,16.4,2.3,250,10,11.6,17.7,2.5,253,11,10.8,16.4,2.3,250,10,772,27.69,,0,0,0,66.7,65.5,65.5,0.22,0.24,0.21
HART,2017-08-21 12:25:00 EDT,42.21122,-77.68974,2394,75.8,74.3,75.8,69.4,65.1,0.000,0.012,0.00,0.000,8.2,13.9,2.2,244,11,8.7,13.8,2.2,246,11,8.2,13.9,2.2,244,11,745,27.69,,0,0,0,66.7,65.5,65.5,0.22,0.24,0.21
HART,2017-08-21 12:30:00 EDT,42.21122,-77.68974,2394,76.5,74.9,76.5,68.9,65.5,0.000,0.012,0.00,0.000,9.1,14.1,1.7,246,12,9.9,14.8,2.0,248,13,9.1,14.1,1.7,246,12,770,27.69,,0,0,0,66.9,65.5,65.5,0.22,0.24,0.21
HART,2017-08-21 12:35:00 EDT,42.21122,-77.68974,2394,77.3,75.6,77.3,69.4,66.5,0.000,0.012,0.00,0.000,6.8,12.0,1.7,262,13,7.7,13.9,1.9,264,12,6.8,12.0,1.7,262,13,779,27.69,,0,0,0,67.1,65.5,65.4,0.22,0.24,0.21
HART,2017-08-21 12:40:00 EDT,42.21122,-77.68974,2394,77.7,76.1,77.7,67.2,66.0,0.000,0.012,0.00,0.000,8.5,14.2,1.9,245,20,9.3,17.8,2.2,248,20,8.5,14.2,1.9,245,20,823,27.68,,0,0,0,67.1,65.5,65.4,0.22,0.24,0.21
HART,2017-08-21 12:45:00 EDT,42.21122,-77.68974,2394,77.1,75.6,77.1,65.7,64.7,0.000,0.012,0.00,0.000,9.5,12.5,1.6,252,16,10.2,14.2,1.8,254,16,9.5,12.5,1.6,252,16,638,27.68,,0,0,0,67.2,65.5,65.4,0.22,0.24,0.21
HART,2017-08-21 12:50:00 EDT,42.21122,-77.68974,2394,77.2,75.8,77.2,66.5,65.2,0.000,0.012,0.00,0.000,10.8,16.2,2.6,253,16,11.7,17.9,2.8,257,15,10.8,16.2,2.6,253,16,775,27.68,,0,0,0,67.5,65.5,65.4,0.22,0.24,0.21
HART,2017-08-21 12:55:00 EDT,42.21122,-77.68974,2394,77.8,76.0,77.8,65.7,65.4,0.000,0.012,0.00,0.000,10.7,15.9,2.5,244,11,11.3,17.3,2.5,247,13,10.7,15.9,2.5,244,11,827,27.68,,0,0,0,67.5,65.5,65.2,0.22,0.23,0.21
HART,2017-08-21 13:00:00 EDT,42.21122,-77.68974,2394,78.0,76.2,78.0,64.1,64.9,0.000,0.012,0.00,0.000,10.4,15.8,2.4,243,13,10.9,17.1,2.6,244,13,10.4,15.8,2.4,243,13,844,27.68,,0,0,0,67.8,65.5,65.2,0.22,0.23,0.21
HART,2017-08-21 13:05:00 EDT,42.21122,-77.68974,2394,78.2,76.5,78.2,64.1,65.1,0.000,0.012,0.00,0.000,8.8,12.9,1.9,233,25,9.4,14.0,2.0,236,25,8.8,12.9,1.9,233,25,786,27.68,,0,0,0,67.8,65.5,65.2,0.22,0.23,0.21
HART,2017-08-21 13:10:00 EDT,42.21122,-77.68974,2394,77.5,76.3,77.5,64.0,64.4,0.000,0.012,0.00,0.000,10.0,16.6,2.6,238,20,10.7,18.7,2.7,242,20,10.0,16.6,2.6,238,20,555,27.67,,0,0,0,67.8,65.5,65.3,0.22,0.23,0.21
HART,2017-08-21 13:15:00 EDT,42.21122,-77.68974,2394,78.5,76.9,78.5,61.5,64.2,0.000,0.012,0.00,0.000,11.5,18.1,2.5,251,13,12.5,18.7,2.7,255,13,11.5,18.1,2.5,251,13,848,27.67,,0,0,0,68.1,65.5,65.2,0.22,0.23,0.21
HART,2017-08-21 13:20:00 EDT,42.21122,-77.68974,2394,78.6,77.2,78.6,59.8,63.5,0.000,0.012,0.00,0.000,11.4,15.1,1.7,262,12,12.5,17.5,1.9,264,11,11.4,15.1,1.7,262,12,823,27.67,,0,0,0,68.2,65.5,65.2,0.22,0.23,0.21
HART,2017-08-21 13:25:00 EDT,42.21122,-77.68974,2394,78.7,77.2,78.7,60.0,63.7,0.000,0.012,0.00,0.000,12.0,18.0,2.3,253,18,12.7,19.9,2.5,255,18,12.0,18.0,2.3,253,18,802,27.67,,0,0,0,68.4,65.5,65.2,0.22,0.23,0.21
HART,2017-08-21 13:30:00 EDT,42.21122,-77.68974,2394,78.5,77.1,78.5,58.7,62.8,0.000,0.012,0.00,0.000,13.2,19.4,2.6,257,13,14.3,20.6,2.8,260,11,13.2,19.4,2.6,257,13,773,27.67,,0,0,0,68.5,65.5,65.2,0.22,0.23,0.21
HART,2017-08-21 13:35:00 EDT,42.21122,-77.68974,2394,78.3,77.0,78.3,57.9,62.3,0.000,0.012,0.00,0.000,12.6,17.6,2.8,258,11,13.4,19.0,2.9,261,12,12.6,17.6,2.8,258,11,737,27.68,,0,0,0,68.5,65.6,65.2,0.22,0.23,0.21
HART,2017-08-21 13:40:00 EDT,42.21122,-77.68974,2394,78.3,77.1,78.3,57.5,62.1,0.000,0.012,0.00,0.000,10.9,16.1,2.7,255,11,11.7,16.8,2.7,259,10,10.9,16.1,2.7,255,11,715,27.68,,0,0,0,68.5,65.7,65.2,0.22,0.23,0.21
HART,2017-08-21 13:45:00 EDT,42.21122,-77.68974,2394,79.0,77.8,79.0,56.7,62.4,0.000,0.012,0.00,0.000,10.7,16.5,2.5,253,13,11.6,17.8,2.6,254,14,10.7,16.5,2.5,253,13,688,27.68,,0,0,0,68.8,65.7,65.1,0.22,0.23,0.21
HART,2017-08-21 13:50:00 EDT,42.21122,-77.68974,2394,78.4,77.3,78.4,54.6,60.7,0.000,0.012,0.00,0.000,12.8,18.3,2.2,243,13,13.5,18.6,2.3,244,14,12.8,18.3,2.2,243,13,633,27.67,,0,0,0,68.9,65.8,65.1,0.22,0.23,0.21
HART,2017-08-21 13:55:00 EDT,42.21122,-77.68974,2394,78.2,77.2,78.2,59.0,62.7,0.000,0.012,0.00,0.000,8.8,12.6,1.8,273,27,9.6,15.0,1.8,275,26,8.8,12.6,1.8,273,27,557,27.67,,0,0,0,68.9,65.8,65.1,0.22,0.23,0.21
HART,2017-08-21 14:00:00 EDT,42.21122,-77.68974,2394,77.5,76.7,77.5,59.9,62.5,0.000,0.012,0.00,0.000,8.6,13.4,2.0,283,15,9.2,14.0,2.0,285,13,8.6,13.4,2.0,283,15,423,27.67,,0,0,0,69.2,65.8,65.1,0.22,0.23,0.21
HART,2017-08-21 14:05:00 EDT,42.21122,-77.68974,2394,77.4,76.6,77.4,60.7,62.8,0.000,0.012,0.00,0.000,8.9,12.3,1.5,269,10,9.9,13.6,1.7,272,8,8.9,12.3,1.5,269,10,441,27.67,,0,0,0,69.3,65.8,65.1,0.22,0.23,0.21
HART,2017-08-21 14:10:00 EDT,42.21122,-77.68974,2394,77.0,76.4,77.0,61.2,62.6,0.000,0.012,0.00,0.000,8.1,11.0,1.3,259,16,8.7,12.4,1.5,261,17,8.1,11.0,1.3,259,16,386,27.68,,0,0,0,69.3,65.8,65.1,0.22,0.23,0.21
HART,2017-08-21 14:15:00 EDT,42.21122,-77.68974,2394,76.8,76.4,76.8,62.3,63.0,0.000,0.012,0.00,0.000,8.0,11.0,1.6,261,19,8.8,12.5,1.7,263,18,8.0,11.0,1.6,261,19,336,27.68,,0,0,0,69.3,65.8,65.1,0.22,0.23,0.21
HART,2017-08-21 14:20:00 EDT,42.21122,-77.68974,2394,76.6,76.2,76.6,62.4,62.8,0.000,0.012,0.00,0.000,6.2,9.9,1.7,280,17,6.8,10.8,1.8,282,16,6.2,9.9,1.7,280,17,299,27.68,,0,0,0,69.3,65.8,65.1,0.22,0.23,0.21
HART,2017-08-21 14:25:00 EDT,42.21122,-77.68974,2394,76.3,76.1,76.3,63.6,63.1,0.000,0.012,0.00,0.000,6.5,9.5,1.3,253,12,7.1,11.3,1.4,256,11,6.5,9.5,1.3,253,12,255,27.67,,0,0,0,69.4,65.8,65.1,0.22,0.23,0.21
HART,2017-08-21 14:30:00 EDT,42.21122,-77.68974,2394,75.9,75.8,75.9,65.1,63.3,0.000,0.012,0.00,0.000,6.7,9.6,1.0,257,12,7.4,10.4,1.2,260,12,6.7,9.6,1.0,257,12,212,27.67,,0,0,0,69.6,65.8,65.1,0.22,0.23,0.21
HART,2017-08-21 14:35:00 EDT,42.21122,-77.68974,2394,75.5,75.5,75.5,65.5,63.1,0.000,0.012,0.00,0.000,6.2,9.3,1.3,266,11,6.8,10.3,1.4,270,10,6.2,9.3,1.3,266,11,194,27.67,,0,0,0,69.6,65.8,65.1,0.22,0.23,0.21
HART,2017-08-21 14:40:00 EDT,42.21122,-77.68974,2394,75.2,75.3,75.2,65.8,63.0,0.000,0.012,0.00,0.000,6.7,9.3,1.1,279,11,7.4,10.7,1.2,281,8,6.7,9.3,1.1,279,11,189,27.67,,0,0,0,69.6,65.8,65.1,0.22,0.23,0.21
HART,2017-08-21 14:45:00 EDT,42.21122,-77.68974,2394,75.0,75.2,75.0,66.8,63.2,0.000,0.012,0.00,0.000,5.9,8.3,1.4,276,9,6.4,9.3,1.5,279,8,5.9,8.3,1.4,276,9,159,27.67,,0,0,0,69.6,65.8,65.1,0.22,0.23,0.21
HART,2017-08-21 14:50:00 EDT,42.21122,-77.68974,2394,75.0,75.1,75.0,67.8,63.7,0.000,0.012,0.00,0.000,4.4,6.4,1.0,272,11,4.9,7.4,1.1,275,10,4.4,6.4,1.0,272,11,215,27.67,,0,0,0,69.6,65.8,65.1,0.22,0.23,0.21
HART,2017-08-21 14:55:00 EDT,42.21122,-77.68974,2394,75.2,75.2,75.2,66.8,63.4,0.000,0.012,0.00,0.000,5.3,7.2,1.0,265,13,5.9,8.4,1.1,268,12,5.3,7.2,1.0,265,13,235,27.66,,0,0,0,69.6,65.8,65.1,0.22,0.23,0.21
HART,2017-08-21 15:00:00 EDT,42.21122,-77.68974,2394,75.5,75.3,75.5,65.7,63.2,0.000,0.012,0.00,0.000,6.4,9.4,1.1,272,12,7.0,10.5,1.3,274,11,6.4,9.4,1.1,272,12,281,27.66,,0,0,0,69.6,65.8,65.1,0.22,0.23,0.21
HART,2017-08-21 15:05:00 EDT,42.21122,-77.68974,2394,75.8,75.4,75.8,66.1,63.6,0.000,0.012,0.00,0.000,5.8,10.0,1.7,268,12,6.4,11.2,1.8,270,11,5.8,10.0,1.7,268,12,292,27.66,,0,0,0,69.6,65.8,65.1,0.22,0.23,0.21
HART,2017-08-21 15:10:00 EDT,42.21122,-77.68974,2394,76.1,75.5,76.1,65.4,63.6,0.000,0.012,0.00,0.000,5.7,7.7,0.9,261,11,6.4,9.2,1.1,264,10,5.7,7.7,0.9,261,11,369,27.66,,0,0,0,69.6,65.8,65.1,0.22,0.23,0.21
HART,2017-08-21 15:15:00 EDT,42.21122,-77.68974,2394,76.6,75.8,76.6,65.6,64.2,0.000,0.012,0.00,0.000,4.0,6.3,1.0,267,13,4.4,6.9,1.1,270,11,4.0,6.3,1.0,267,13,413,27.66,,0,0,0,69.6,65.8,65.1,0.22,0.23,0.21
HART,2017-08-21 15:20:00 EDT,42.21122,-77.68974,2394,76.7,75.9,76.7,64.2,63.7,0.000,0.012,0.00,0.000,4.1,5.8,1.0,262,13,4.6,6.6,1.1,265,13,4.1,5.8,1.0,262,13,449,27.66,,0,0,0,69.6,65.8,65.1,0.22,0.23,0.21
HART,2017-08-21 15:25:00 EDT,42.21122,-77.68974,2394,77.2,76.2,77.2,64.0,64.1,0.000,0.012,0.00,0.000,4.2,7.1,1.2,275,18,4.8,8.0,1.2,279,18,4.2,7.1,1.2,275,18,497,27.66,,0,0,0,69.6,65.8,65.1,0.22,0.23,0.21
HART,2017-08-21 15:30:00 EDT,42.21122,-77.68974,2394,77.5,76.5,77.5,63.2,64.1,0.000,0.012,0.00,0.000,4.3,7.4,1.3,274,15,4.9,8.4,1.3,277,14,4.3,7.4,1.3,274,15,529,27.66,,0,0,0,69.6,65.8,65.1,0.22,0.23,0.21
HART,2017-08-21 15:35:00 EDT,42.21122,-77.68974,2394,77.9,76.8,77.9,61.9,63.8,0.000,0.012,0.00,0.000,6.6,13.0,2.2,258,16,7.3,13.9,2.3,260,16,6.6,13.0,2.2,258,16,564,27.66,,0,0,0,69.6,65.8,65.1,0.22,0.23,0.21
HART,2017-08-21 15:40:00 EDT,42.21122,-77.68974,2394,77.9,76.9,77.9,60.5,63.1,0.000,0.012,0.00,0.000,5.9,10.3,1.5,258,15,6.6,11.0,1.7,260,14,5.9,10.3,1.5,258,15,591,27.66,,0,0,0,69.7,65.8,65.1,0.22,0.23,0.21
HART,2017-08-21 15:45:00 EDT,42.21122,-77.68974,2394,78.5,77.4,78.5,60.3,63.6,0.000,0.012,0.00,0.000,6.5,10.6,1.7,257,14,7.3,12.1,1.7,259,13,6.5,10.6,1.7,257,14,616,27.66,,0,0,0,69.9,65.8,65.1,0.22,0.23,0.21
HART,2017-08-21 15:50:00 EDT,42.21122,-77.68974,2394,78.8,77.5,78.8,59.1,63.3,0.000,0.012,0.00,0.000,7.4,13.4,2.3,280,16,8.1,14.2,2.4,282,15,7.4,13.4,2.3,280,16,636,27.66,,0,0,0,70.0,65.9,65.1,0.22,0.23,0.21
HART,2017-08-21 15:55:00 EDT,42.21122,-77.68974,2394,79.0,77.9,79.0,56.9,62.5,0.000,0.012,0.00,0.000,8.7,12.9,2.4,263,13,9.6,15.7,2.6,267,11,8.7,12.9,2.4,263,13,620,27.65,,0,0,0,70.0,65.9,65.1,0.22,0.23,0.21
HART,2017-08-21 16:00:00 EDT,42.21122,-77.68974,2394,79.2,78.0,79.2,55.7,62.0,0.000,0.012,0.00,0.000,9.5,14.7,2.2,257,14,10.2,15.5,2.3,258,14,9.5,14.7,2.2,257,14,612,27.66,,0,0,0,70.0,66.0,65.1,0.22,0.23,0.20
HART,2017-08-21 16:05:00 EDT,42.21122,-77.68974,2394,78.3,77.5,78.3,55.9,61.2,0.000,0.012,0.00,0.000,8.3,13.0,1.7,246,11,8.9,14.6,1.9,247,13,8.3,13.0,1.7,246,11,438,27.66,,0,0,0,70.0,66.0,65.1,0.22,0.23,0.20
HART,2017-08-21 16:10:00 EDT,42.21122,-77.68974,2394,78.4,77.5,78.4,57.5,62.1,0.000,0.012,0.00,0.000,5.6,11.3,2.2,249,19,6.3,11.8,2.2,253,19,5.6,11.3,2.2,249,19,469,27.66,,0,0,0,70.0,66.0,65.1,0.22,0.23,0.21
HART,2017-08-21 16:15:00 EDT,42.21122,-77.68974,2394,79.2,77.9,79.2,55.4,61.8,0.000,0.012,0.00,0.000,7.3,13.7,2.2,257,17,8.0,15.1,2.4,261,16,7.3,13.7,2.2,257,17,644,27.66,,0,0,0,70.0,66.0,65.1,0.22,0.23,0.21
HART,2017-08-21 16:20:00 EDT,42.21122,-77.68974,2394,79.2,78.1,79.2,54.2,61.3,0.000,0.012,0.00,0.000,8.2,13.7,2.7,267,19,8.9,15.4,2.9,270,17,8.2,13.7,2.7,267,19,488,27.66,,0,0,0,70.0,66.0,65.1,0.22,0.23,0.20
HART,2017-08-21 16:25:00 EDT,42.21122,-77.68974,2394,78.6,77.8,78.6,52.9,60.0,0.000,0.012,0.00,0.000,8.0,13.7,3.0,258,17,8.7,15.2,3.2,260,17,8.0,13.7,3.0,258,17,547,27.66,,0,0,0,70.0,66.0,65.1,0.22,0.23,0.20
HART,2017-08-21 16:30:00 EDT,42.21122,-77.68974,2394,78.1,77.6,78.1,53.3,59.8,0.000,0.012,0.00,0.000,7.2,10.9,2.2,276,11,7.9,11.8,2.3,279,10,7.2,10.9,2.2,276,11,469,27.65,,0,0,0,70.0,66.0,65.1,0.22,0.23,0.21
HART,2017-08-21 16:35:00 EDT,42.21122,-77.68974,2394,79.3,78.2,79.3,54.9,61.7,0.000,0.012,0.00,0.000,5.3,10.7,1.8,253,14,5.9,11.5,1.9,257,13,5.3,10.7,1.8,253,14,380,27.65,,0,0,0,70.0,66.0,65.1,0.22,0.23,0.20
HART,2017-08-21 16:40:00 EDT,42.21122,-77.68974,2394,78.8,77.9,78.8,56.4,62.0,0.000,0.012,0.00,0.000,5.5,12.1,1.9,259,15,6.1,14.4,2.2,262,15,5.5,12.1,1.9,259,15,576,27.65,,0,0,0,70.2,66.0,65.1,0.22,0.23,0.20
HART,2017-08-21 16:45:00 EDT,42.21122,-77.68974,2394,79.0,78.1,79.0,52.5,60.1,0.000,0.012,0.00,0.000,8.6,14.1,1.7,267,15,9.5,14.2,1.9,271,13,8.6,14.1,1.7,267,15,462,27.65,,0,0,0,70.3,66.0,65.1,0.22,0.23,0.20
HART,2017-08-21 16:50:00 EDT,42.21122,-77.68974,2394,79.1,78.1,79.1,52.1,60.0,0.000,0.012,0.00,0.000,8.5,12.7,1.9,265,10,9.3,13.6,2.0,268,9,8.5,12.7,1.9,265,10,541,27.65,,0,0,0,70.3,66.0,65.1,0.22,0.23,0.20
HART,2017-08-21 16:55:00 EDT,42.21122,-77.68974,2394,78.9,78.0,78.9,51.7,59.7,0.000,0.012,0.00,0.000,9.0,14.5,2.3,280,12,9.9,15.7,2.5,282,10,9.0,14.5,2.3,280,12,515,27.65,,0,0,0,70.3,66.0,65.1,0.22,0.23,0.20
HART,2017-08-21 17:00:00 EDT,42.21122,-77.68974,2394,78.9,78.1,78.9,52.8,60.2,0.000,0.012,0.00,0.000,9.0,14.2,2.1,281,15,9.9,15.9,2.3,283,13,9.0,14.2,2.1,281,15,492,27.65,,0,0,0,70.3,66.0,65.1,0.22,0.23,0.20
HART,2017-08-21 17:05:00 EDT,42.21122,-77.68974,2394,78.8,78.1,78.8,51.9,59.6,0.000,0.012,0.00,0.000,8.7,13.5,2.1,280,14,9.6,14.6,2.3,282,13,8.7,13.5,2.1,280,14,479,27.65,,0,0,0,70.3,66.1,65.1,0.22,0.23,0.20
HART,2017-08-21 17:10:00 EDT,42.21122,-77.68974,2394,78.8,78.0,78.8,52.3,59.9,0.000,0.012,0.00,0.000,9.8,18.9,3.5,273,10,10.7,20.8,3.8,276,9,9.8,18.9,3.5,273,10,472,27.65,,0,0,0,70.3,66.1,65.1,0.22,0.23,0.20
HART,2017-08-21 17:15:00 EDT,42.21122,-77.68974,2394,78.6,77.9,78.6,52.1,59.6,0.000,0.012,0.00,0.000,10.3,15.5,1.9,260,13,11.2,15.9,2.2,262,11,10.3,15.5,1.9,260,13,455,27.65,,0,0,0,70.3,66.3,65.1,0.22,0.23,0.20
HART,2017-08-21 17:20:00 EDT,42.21122,-77.68974,2394,78.7,77.9,78.7,53.0,60.2,0.000,0.012,0.00,0.000,8.4,13.4,2.2,255,13,9.1,15.6,2.3,258,13,8.4,13.4,2.2,255,13,441,27.64,,0,0,0,70.3,66.3,65.1,0.22,0.23,0.20
HART,2017-08-21 17:25:00 EDT,42.21122,-77.68974,2394,78.7,78.0,78.7,53.3,60.3,0.000,0.012,0.00,0.000,7.9,12.1,2.1,279,19,8.6,12.8,2.3,280,18,7.9,12.1,2.1,279,19,415,27.64,,0,0,0,70.3,66.4,65.1,0.22,0.23,0.20
HART,2017-08-21 17:30:00 EDT,42.21122,-77.68974,2394,78.7,78.0,78.7,53.5,60.3,0.000,0.012,0.00,0.000,7.8,11.8,1.5,285,16,8.6,14.8,1.7,287,14,7.8,11.8,1.5,285,16,401,27.64,,0,0,0,70.3,66.4,65.1,0.22,0.23,0.20
HART,2017-08-21 17:35:00 EDT,42.21122,-77.68974,2394,78.3,77.8,78.3,52.2,59.4,0.000,0.012,0.00,0.000,10.3,15.6,2.9,271,17,11.3,17.2,3.2,273,15,10.3,15.6,2.9,271,17,389,27.64,,0,0,0,70.3,66.4,65.1,0.22,0.23,0.20
HART,2017-08-21 17:40:00 EDT,42.21122,-77.68974,2394,78.1,77.7,78.1,52.6,59.4,0.000,0.012,0.00,0.000,8.5,12.6,1.8,270,10,9.3,14.2,2.1,272,9,8.5,12.6,1.8,270,10,369,27.64,,0,0,0,70.3,66.4,65.1,0.22,0.23,0.20
HART,2017-08-21 17:45:00 EDT,42.21122,-77.68974,2394,78.1,77.6,78.1,53.2,59.7,0.000,0.012,0.00,0.000,8.9,12.3,2.1,260,16,9.8,13.7,2.2,263,14,8.9,12.3,2.1,260,16,355,27.64,,0,0,0,70.3,66.4,65.1,0.22,0.23,0.20
HART,2017-08-21 17:50:00 EDT,42.21122,-77.68974,2394,78.0,77.5,78.0,53.8,59.9,0.000,0.012,0.00,0.000,7.6,12.3,1.9,263,18,8.3,13.5,2.0,265,17,7.6,12.3,1.9,263,18,342,27.64,,0,0,0,70.3,66.4,65.1,0.22,0.23,0.20
HART,2017-08-21 17:55:00 EDT,42.21122,-77.68974,2394,78.0,77.5,78.0,54.3,60.2,0.000,0.012,0.00,0.000,7.9,14.2,2.4,275,14,8.8,15.7,2.6,278,11,7.9,14.2,2.4,275,14,328,27.64,,0,0,0,70.3,66.4,65.1,0.22,0.23,0.20
HART,2017-08-21 18:00:00 EDT,42.21122,-77.68974,2394,77.6,77.2,77.6,53.5,59.4,0.000,0.012,0.00,0.000,9.1,11.7,1.3,265,10,10.1,13.1,1.5,268,7,9.1,11.7,1.3,265,10,311,27.64,,0,0,0,70.3,66.4,65.1,0.22,0.23,0.20
HART,2017-08-21 18:05:00 EDT,42.21122,-77.68974,2394,77.5,77.2,77.5,53.9,59.5,0.000,0.012,0.00,0.000,8.3,12.1,1.5,273,13,9.2,13.9,1.6,276,12,8.3,12.1,1.5,273,13,295,27.64,,0,0,0,70.3,66.4,65.1,0.22,0.23,0.20
HART,2017-08-21 18:10:00 EDT,42.21122,-77.68974,2394,77.3,77.2,77.3,53.5,59.1,0.000,0.012,0.00,0.000,9.8,14.5,1.8,280,12,10.7,15.2,2.0,283,10,9.8,14.5,1.8,280,12,275,27.64,,0,0,0,70.3,66.4,65.1,0.22,0.23,0.20
HART,2017-08-21 18:15:00 EDT,42.21122,-77.68974,2394,77.2,77.0,77.2,54.3,59.4,0.000,0.012,0.00,0.000,7.2,12.8,1.9,274,9,8.0,15.9,2.1,276,8,7.2,12.8,1.9,274,9,260,27.64,,0,0,0,70.3,66.4,65.1,0.22,0.23,0.20
HART,2017-08-21 18:20:00 EDT,42.21122,-77.68974,2394,77.2,77.0,77.2,53.6,59.0,0.000,0.012,0.00,0.000,8.0,11.9,1.8,271,17,8.8,13.7,1.9,273,15,8.0,11.9,1.8,271,17,245,27.64,,0,0,0,70.3,66.4,65.1,0.22,0.23,0.20
HART,2017-08-21 18:25:00 EDT,42.21122,-77.68974,2394,77.0,76.9,77.0,54.2,59.2,0.000,0.012,0.00,0.000,7.7,12.1,2.3,274,11,8.5,14.2,2.6,277,9,7.7,12.1,2.3,274,11,232,27.64,,0,0,0,70.3,66.4,65.1,0.22,0.23,0.20
HART,2017-08-21 18:30:00 EDT,42.21122,-77.68974,2394,76.9,76.7,76.9,55.7,59.9,0.000,0.012,0.00,0.000,5.5,7.8,1.0,264,12,6.1,9.0,1.1,267,11,5.5,7.8,1.0,264,12,216,27.64,,0,0,0,70.3,66.4,65.1,0.22,0.23,0.20
HART,2017-08-21 18:35:00 EDT,42.21122,-77.68974,2394,76.8,76.7,76.8,55.3,59.6,0.000,0.012,0.00,0.000,6.9,9.7,1.3,267,10,7.7,12.0,1.6,270,9,6.9,9.7,1.3,267,10,201,27.64,,0,0,0,70.3,66.4,65.1,0.22,0.23,0.20
HART,2017-08-21 18:40:00 EDT,42.21122,-77.68974,2394,76.5,76.5,76.5,55.8,59.5,0.000,0.012,0.00,0.000,6.4,9.0,1.1,264,10,7.1,10.6,1.3,268,9,6.4,9.0,1.1,264,10,186,27.64,,0,0,0,70.3,66.4,65.1,0.22,0.23,0.20
HART,2017-08-21 18:45:00 EDT,42.21122,-77.68974,2394,76.1,76.3,76.1,56.4,59.5,0.000,0.012,0.00,0.000,6.9,9.9,1.4,266,11,7.6,11.3,1.6,269,9,6.9,9.9,1.4,266,11,140,27.64,,0,0,0,70.3,66.4,65.1,0.22,0.23,0.20
HART,2017-08-21 18:50:00 EDT,42.21122,-77.68974,2394,75.7,76.0,75.7,57.4,59.6,0.000,0.012,0.00,0.000,5.6,8.2,1.1,272,9,6.2,9.1,1.2,274,8,5.6,8.2,1.1,272,9,151,27.64,,0,0,0,70.3,66.5,65.1,0.22,0.23,0.20
HART,2017-08-21 18:55:00 EDT,42.21122,-77.68974,2394,75.7,75.9,75.7,57.8,59.8,0.000,0.012,0.00,0.000,5.9,9.0,1.2,269,9,6.5,10.1,1.4,272,8,5.9,9.0,1.2,269,9,137,27.64,,0,0,0,70.3,66.6,65.1,0.22,0.23,0.20
HART,2017-08-21 19:00:00 EDT,42.21122,-77.68974,2394,75.5,75.9,75.5,58.6,59.9,0.000,0.012,0.00,0.000,4.9,7.2,1.1,266,7,5.4,8.5,1.2,269,6,4.9,7.2,1.1,266,7,127,27.64,,0,0,0,70.3,66.7,65.1,0.22,0.23,0.20
HART,2017-08-21 19:05:00 EDT,42.21122,-77.68974,2394,75.3,75.6,75.3,59.5,60.2,0.000,0.012,0.00,0.000,4.5,7.5,1.1,265,11,5.0,8.5,1.3,268,9,4.5,7.5,1.1,265,11,114,27.64,,0,0,0,70.3,66.7,65.1,0.22,0.23,0.20
HART,2017-08-21 19:10:00 EDT,42.21122,-77.68974,2394,75.2,75.7,75.2,59.1,60.0,0.000,0.012,0.00,0.000,4.7,6.8,0.8,279,11,5.2,7.3,0.9,281,9,4.7,6.8,0.8,279,11,95,27.64,,0,0,0,70.3,66.7,65.1,0.22,0.23,0.20
HART,2017-08-21 19:15:00 EDT,42.21122,-77.68974,2394,74.6,75.4,74.6,60.7,60.1,0.000,0.012,0.00,0.000,3.8,6.0,0.8,281,8,4.3,6.4,0.8,284,7,3.8,6.0,0.8,281,8,56,27.64,,0,0,0,70.3,66.7,65.1,0.22,0.23,0.20
HART,2017-08-21 19:20:00 EDT,42.21122,-77.68974,2394,74.2,75.1,74.2,61.9,60.3,0.000,0.012,0.00,0.000,3.7,4.3,0.3,289,8,4.1,5.0,0.4,292,7,3.7,4.3,0.3,289,8,50,27.64,,0,0,0,70.0,66.7,65.1,0.22,0.23,0.20
HART,2017-08-21 19:25:00 EDT,42.21122,-77.68974,2394,74.3,75.1,74.3,62.4,60.6,0.000,0.012,0.00,0.000,4.0,5.0,0.4,299,7,4.3,5.8,0.6,302,6,4.0,5.0,0.4,299,7,53,27.64,,0,0,0,70.0,66.7,65.1,0.22,0.23,0.20
HART,2017-08-21 19:30:00 EDT,42.21122,-77.68974,2394,73.8,74.8,73.8,63.5,60.6,0.000,0.012,0.00,0.000,4.0,5.9,0.6,300,8,4.2,6.6,0.7,302,8,4.0,5.9,0.6,300,8,31,27.64,,0,0,0,70.0,66.7,65.1,0.22,0.23,0.20
HART,2017-08-21 19:35:00 EDT,42.21122,-77.68974,2394,73.5,74.7,73.5,63.8,60.5,0.000,0.012,0.00,0.000,3.8,4.5,0.4,299,6,4.1,5.2,0.5,301,5,3.8,4.5,0.4,299,6,26,27.64,,0,0,0,70.0,66.7,65.1,0.22,0.23,0.20
HART,2017-08-21 19:40:00 EDT,42.21122,-77.68974,2394,73.1,74.6,73.1,64.1,60.3,0.000,0.012,0.00,0.000,4.7,6.1,0.5,300,6,5.0,6.3,0.5,302,6,4.7,6.1,0.5,300,6,17,27.64,,0,0,0,70.0,66.7,65.1,0.22,0.23,0.20
HART,2017-08-21 19:45:00 EDT,42.21122,-77.68974,2394,72.9,74.4,72.9,64.5,60.2,0.000,0.012,0.00,0.000,4.0,5.4,0.5,299,7,4.2,5.7,0.5,302,6,4.0,5.4,0.5,299,7,10,27.64,,0,0,0,70.0,66.7,65.2,0.22,0.23,0.20
HART,2017-08-21 19:50:00 EDT,42.21122,-77.68974,2394,73.1,74.4,73.1,64.3,60.3,0.000,0.012,0.00,0.000,3.7,4.5,0.3,294,6,4.1,5.1,0.4,296,6,3.7,4.5,0.3,294,6,7,27.64,,0,0,0,70.0,66.7,65.2,0.22,0.23,0.20
HART,2017-08-21 19:55:00 EDT,42.21122,-77.68974,2394,73.2,74.3,73.2,64.2,60.4,0.000,0.012,0.00,0.000,3.9,4.5,0.4,292,5,4.2,5.2,0.5,294,4,3.9,4.5,0.4,292,5,6,27.64,,0,0,0,70.0,66.7,65.2,0.22,0.23,0.20
HART,2017-08-21 20:00:00 EDT,42.21122,-77.68974,2394,73.2,74.3,73.2,64.2,60.4,0.000,0.012,0.00,0.000,3.7,4.2,0.3,295,4,3.9,5.1,0.4,297,4,3.7,4.2,0.3,295,4,4,27.64,,0,0,0,70.0,66.7,65.2,0.22,0.23,0.20
HART,2017-08-21 20:05:00 EDT,42.21122,-77.68974,2394,73.2,74.2,73.2,64.4,60.5,0.000,0.012,0.00,0.000,3.3,4.1,0.3,291,3,3.6,4.4,0.4,295,3,3.3,4.1,0.3,291,3,2,27.64,,0,0,0,70.0,66.7,65.3,0.22,0.23,0.20
HART,2017-08-21 20:10:00 EDT,42.21122,-77.68974,2394,73.4,74.1,73.4,64.3,60.6,0.000,0.012,0.00,0.000,3.0,3.4,0.2,298,3,3.2,3.6,0.2,302,2,3.0,3.4,0.2,298,3,1,27.64,,0,0,0,69.9,66.7,65.2,0.22,0.23,0.20
HART,2017-08-21 20:15:00 EDT,42.21122,-77.68974,2394,73.2,74.0,73.2,64.3,60.5,0.000,0.012,0.00,0.000,2.8,3.4,0.2,295,4,3.0,3.6,0.2,300,3,2.8,3.4,0.2,295,4,1,27.64,,0,0,0,69.6,66.7,65.2,0.22,0.23,0.20
HART,2017-08-21 20:20:00 EDT,42.21122,-77.68974,2394,73.2,74.1,73.2,64.7,60.6,0.000,0.012,0.00,0.000,2.9,3.2,0.2,289,2,3.3,3.7,0.2,295,2,2.9,3.2,0.2,289,2,0,27.64,,0,0,0,69.6,66.7,65.3,0.22,0.23,0.20
HART,2017-08-21 20:25:00 EDT,42.21122,-77.68974,2394,73.2,74.1,73.2,64.9,60.7,0.000,0.012,0.00,0.000,3.1,3.4,0.2,291,2,3.4,3.8,0.1,296,2,3.1,3.4,0.2,291,2,0,27.64,,0,0,0,69.6,66.8,65.2,0.22,0.23,0.20
HART,2017-08-21 20:30:00 EDT,42.21122,-77.68974,2394,73.1,74.1,73.1,64.8,60.6,0.000,0.012,0.00,0.000,3.4,3.8,0.2,292,2,3.8,4.2,0.2,296,2,3.4,3.8,0.2,292,2,0,27.65,,0,0,0,69.6,66.8,65.3,0.22,0.23,0.20
HART,2017-08-21 20:35:00 EDT,42.21122,-77.68974,2394,73.1,74.0,73.1,64.7,60.5,0.000,0.012,0.00,0.000,3.4,3.8,0.2,292,2,3.7,4.2,0.3,296,2,3.4,3.8,0.2,292,2,0,27.65,,0,0,0,69.6,66.8,65.3,0.22,0.23,0.20
HART,2017-08-21 20:40:00 EDT,42.21122,-77.68974,2394,73.1,73.9,73.1,64.7,60.5,0.000,0.012,0.00,0.000,2.9,3.2,0.1,293,2,3.2,3.6,0.2,298,2,2.9,3.2,0.1,293,2,0,27.64,,0,0,0,69.3,67.0,65.4,0.22,0.23,0.20
HART,2017-08-21 20:45:00 EDT,42.21122,-77.68974,2394,73.0,73.9,73.0,64.7,60.4,0.000,0.012,0.00,0.000,3.5,4.2,0.4,293,2,3.9,4.8,0.5,296,3,3.5,4.2,0.4,293,2,0,27.65,,0,0,0,69.3,67.0,65.4,0.22,0.23,0.20
HART,2017-08-21 20:50:00 EDT,42.21122,-77.68974,2394,72.8,73.8,72.8,65.0,60.3,0.000,0.012,0.00,0.000,3.8,4.3,0.2,289,2,4.3,4.9,0.3,291,2,3.8,4.3,0.2,289,2,0,27.65,,0,0,0,69.3,67.0,65.5,0.22,0.23,0.20
HART,2017-08-21 20:55:00 EDT,42.21122,-77.68974,2394,72.7,73.7,72.7,65.3,60.4,0.000,0.012,0.00,0.000,3.5,3.8,0.1,289,2,4.0,4.4,0.2,292,2,3.5,3.8,0.1,289,2,0,27.65,,0,0,0,69.3,67.1,65.5,0.22,0.23,0.20
HART,2017-08-21 21:00:00 EDT,42.21122,-77.68974,2394,72.6,73.6,72.6,65.4,60.4,0.000,0.012,0.00,0.000,3.4,3.7,0.2,286,3,3.8,4.3,0.2,291,3,3.4,3.7,0.2,286,3,0,27.65,,0,0,0,69.3,67.1,65.5,0.22,0.23,0.20
HART,2017-08-21 21:05:00 EDT,42.21122,-77.68974,2394,72.6,73.5,72.6,65.9,60.5,0.000,0.012,0.00,0.000,3.6,4.1,0.2,289,3,4.1,4.7,0.2,292,2,3.6,4.1,0.2,289,3,0,27.65,,0,0,0,69.3,67.1,65.5,0.22,0.23,0.20
HART,2017-08-21 21:10:00 EDT,42.21122,-77.68974,2394,72.3,73.4,72.3,66.3,60.4,0.000,0.012,0.00,0.000,3.9,4.7,0.3,292,5,4.3,5.1,0.4,294,4,3.9,4.7,0.3,292,5,0,27.65,,0,0,0,69.1,67.1,65.5,0.22,0.23,0.20
HART,2017-08-21 21:15:00 EDT,42.21122,-77.68974,2394,71.8,73.2,71.8,67.2,60.4,0.000,0.012,0.00,0.000,4.1,4.7,0.2,281,4,4.6,5.6,0.3,284,4,4.1,4.7,0.2,281,4,0,27.65,,0,0,0,68.9,67.1,65.5,0.22,0.23,0.20
HART,2017-08-21 21:20:00 EDT,42.21122,-77.68974,2394,71.7,72.9,71.7,67.8,60.4,0.000,0.012,0.00,0.000,3.9,4.5,0.3,271,5,4.3,4.9,0.3,274,4,3.9,4.5,0.3,271,5,0,27.65,,0,0,0,68.9,67.1,65.5,0.22,0.23,0.20
HART,2017-08-21 21:25:00 EDT,42.21122,-77.68974,2394,71.5,72.8,71.5,68.3,60.5,0.000,0.012,0.00,0.000,4.0,4.6,0.3,264,5,4.4,5.2,0.4,268,4,4.0,4.6,0.3,264,5,0,27.65,,0,0,0,68.9,67.1,65.5,0.22,0.23,0.20
HART,2017-08-21 21:30:00 EDT,42.21122,-77.68974,2394,71.2,72.7,71.2,69.1,60.6,0.000,0.012,0.00,0.000,4.0,4.8,0.4,261,6,4.4,5.4,0.4,263,5,4.0,4.8,0.4,261,6,0,27.65,,0,0,0,68.9,67.1,65.5,0.22,0.23,0.20
HART,2017-08-21 21:35:00 EDT,42.21122,-77.68974,2394,70.9,72.5,70.9,70.3,60.8,0.000,0.012,0.00,0.000,3.7,4.7,0.4,264,7,4.2,5.8,0.5,267,6,3.7,4.7,0.4,264,7,0,27.65,,0,0,0,68.8,67.1,65.5,0.22,0.23,0.20
HART,2017-08-21 21:40:00 EDT,42.21122,-77.68974,2394,70.9,72.4,70.9,70.9,61.0,0.000,0.012,0.00,0.000,4.4,5.6,0.5,265,6,4.8,6.5,0.6,267,5,4.4,5.6,0.5,265,6,0,27.65,,0,0,0,68.6,67.1,65.5,0.22,0.23,0.20
HART,2017-08-21 21:45:00 EDT,42.21122,-77.68974,2394,70.4,72.3,70.4,71.9,60.9,0.000,0.012,0.00,0.000,4.6,5.5,0.5,264,6,5.0,6.1,0.6,267,5,4.6,5.5,0.5,264,6,0,27.65,,0,0,0,68.5,67.1,65.5,0.22,0.23,0.20
HART,2017-08-21 21:50:00 EDT,42.21122,-77.68974,2394,70.5,72.1,70.5,72.6,61.2,0.000,0.012,0.00,0.000,4.1,4.9,0.3,271,5,4.6,5.6,0.4,273,5,4.1,4.9,0.3,271,5,0,27.65,,0,0,0,68.5,67.1,65.5,0.22,0.23,0.21
HART,2017-08-21 21:55:00 EDT,42.21122,-77.68974,2394,70.6,71.9,70.6,72.5,61.3,0.000,0.012,0.00,0.000,4.0,4.9,0.4,265,6,4.4,5.3,0.5,268,5,4.0,4.9,0.4,265,6,0,27.65,,0,0,0,68.5,67.1,65.5,0.22,0.23,0.20
HART,2017-08-21 22:00:00 EDT,42.21122,-77.68974,2394,70.4,71.8,70.4,73.2,61.4,0.000,0.012,0.00,0.000,3.8,4.9,0.4,256,6,4.2,5.6,0.5,258,6,3.8,4.9,0.4,256,6,0,27.65,,0,0,0,68.5,67.1,65.5,0.22,0.23,0.20
HART,2017-08-21 22:05:00 EDT,42.21122,-77.68974,2394,70.3,71.3,70.3,73.5,61.4,0.000,0.012,0.00,0.000,2.9,4.1,0.4,233,12,3.0,4.7,0.6,235,12,2.9,4.1,0.4,233,12,0,27.65,,0,0,0,68.5,67.1,65.5,0.22,0.23,0.20
HART,2017-08-21 22:10:00 EDT,42.21122,-77.68974,2394,70.0,71.0,70.0,73.4,61.1,0.000,0.012,0.00,0.000,3.4,4.5,0.5,222,8,3.6,5.1,0.7,222,6,3.4,4.5,0.5,222,8,0,27.65,,0,0,0,68.5,67.1,65.5,0.22,0.23,0.20
HART,2017-08-21 22:15:00 EDT,42.21122,-77.68974,2394,69.6,70.5,69.6,73.5,60.7,0.000,0.012,0.00,0.000,3.1,5.0,0.5,217,10,3.3,5.4,0.6,218,9,3.1,5.0,0.5,217,10,0,27.65,,0,0,0,68.5,67.1,65.5,0.22,0.23,0.21
HART,2017-08-21 22:20:00 EDT,42.21122,-77.68974,2394,69.3,70.4,69.3,72.5,60.1,0.000,0.012,0.00,0.000,3.4,4.5,0.5,226,9,3.4,5.2,0.7,227,7,3.4,4.5,0.5,226,9,0,27.65,,0,0,0,68.3,67.1,65.5,0.22,0.23,0.21
HART,2017-08-21 22:25:00 EDT,42.21122,-77.68974,2394,69.2,70.3,69.2,72.2,59.9,0.000,0.012,0.00,0.000,3.7,4.9,0.5,225,7,3.9,5.3,0.6,225,5,3.7,4.9,0.5,225,7,0,27.65,,0,0,0,68.2,67.1,65.5,0.22,0.23,0.20
HART,2017-08-21 22:30:00 EDT,42.21122,-77.68974,2394,69.0,70.4,69.0,71.8,59.6,0.000,0.012,0.00,0.000,4.3,6.4,0.6,229,7,4.6,6.9,0.7,228,5,4.3,6.4,0.6,229,7,0,27.65,,0,0,0,68.2,67.1,65.5,0.22,0.23,0.20
HART,2017-08-21 22:35:00 EDT,42.21122,-77.68974,2394,68.6,70.3,68.6,71.2,58.9,0.000,0.012,0.00,0.000,4.5,6.3,0.6,225,7,4.8,6.8,0.7,225,5,4.5,6.3,0.6,225,7,0,27.65,,0,0,0,68.2,67.1,65.5,0.22,0.23,0.20
HART,2017-08-21 22:40:00 EDT,42.21122,-77.68974,2394,68.6,70.1,68.6,70.8,58.7,0.000,0.012,0.00,0.000,4.5,6.1,0.5,216,7,4.8,6.9,0.6,218,5,4.5,6.1,0.5,216,7,0,27.64,,0,0,0,68.1,67.1,65.5,0.22,0.23,0.20
HART,2017-08-21 22:45:00 EDT,42.21122,-77.68974,2394,68.1,69.7,68.1,71.1,58.4,0.000,0.012,0.00,0.000,4.6,6.1,0.5,221,6,4.8,6.3,0.5,222,4,4.6,6.1,0.5,221,6,0,27.64,,0,0,0,67.9,67.1,65.5,0.22,0.23,0.20
HART,2017-08-21 22:50:00 EDT,42.21122,-77.68974,2394,67.5,69.4,67.5,71.2,57.8,0.000,0.012,0.00,0.000,6.6,7.7,0.6,220,5,6.9,8.2,0.6,221,4,6.6,7.7,0.6,220,5,0,27.64,,0,0,0,67.8,67.1,65.5,0.22,0.23,0.20
HART,2017-08-21 22:55:00 EDT,42.21122,-77.68974,2394,67.1,68.8,67.1,72.0,57.8,0.000,0.012,0.00,0.000,5.9,8.3,0.7,214,7,6.2,8.5,0.8,215,6,5.9,8.3,0.7,214,7,0,27.64,,0,0,0,67.8,67.1,65.5,0.22,0.23,0.20
HART,2017-08-21 23:00:00 EDT,42.21122,-77.68974,2394,66.8,68.5,66.8,71.6,57.3,0.000,0.012,0.00,0.000,6.2,8.5,0.9,217,9,6.5,8.3,0.9,218,7,6.2,8.5,0.9,217,9,0,27.64,,0,0,0,67.8,67.1,65.5,0.22,0.23,0.20
HART,2017-08-21 23:05:00 EDT,42.21122,-77.68974,2394,66.7,68.3,66.7,71.5,57.1,0.000,0.012,0.00,0.000,6.2,8.4,0.8,219,7,6.5,9.1,0.8,220,5,6.2,8.4,0.8,219,7,0,27.64,,0,0,0,67.8,67.1,65.5,0.22,0.23,0.20
HART,2017-08-21 23:10:00 EDT,42.21122,-77.68974,2394,66.5,68.3,66.5,71.2,56.9,0.000,0.012,0.00,0.000,6.5,8.6,1.1,218,8,6.9,9.1,1.0,219,7,6.5,8.6,1.1,218,8,0,27.64,,0,0,0,67.8,67.1,65.5,0.22,0.23,0.20
HART,2017-08-21 23:15:00 EDT,42.21122,-77.68974,2394,66.8,68.3,66.8,70.1,56.8,0.000,0.012,0.00,0.000,6.5,8.7,1.2,217,9,6.8,10.6,1.4,218,8,6.5,8.7,1.2,217,9,0,27.64,,0,0,0,67.8,67.1,65.5,0.22,0.23,0.20
HART,2017-08-21 23:20:00 EDT,42.21122,-77.68974,2394,66.8,68.3,66.8,69.4,56.5,0.000,0.012,0.00,0.000,5.9,8.3,1.0,219,8,6.1,8.6,1.0,220,6,5.9,8.3,1.0,219,8,0,27.63,,0,0,0,67.8,67.1,65.5,0.22,0.23,0.20
HART,2017-08-21 23:25:00 EDT,42.21122,-77.68974,2394,66.8,68.3,66.8,68.9,56.2,0.000,0.012,0.00,0.000,5.9,7.5,0.9,216,10,6.4,8.7,1.1,217,8,5.9,7.5,0.9,216,10,0,27.63,,0,0,0,67.6,67.1,65.5,0.22,0.23,0.20
HART,2017-08-21 23:30:00 EDT,42.21122,-77.68974,2394,66.9,68.2,66.9,68.8,56.3,0.000,0.012,0.00,0.000,6.4,9.5,0.9,213,9,6.8,10.4,1.0,216,8,6.4,9.5,0.9,213,9,0,27.63,,0,0,0,67.5,67.1,65.5,0.22,0.23,0.20
HART,2017-08-21 23:35:00 EDT,42.21122,-77.68974,2394,66.8,68.2,66.8,68.9,56.3,0.000,0.012,0.00,0.000,6.3,9.1,0.9,210,9,6.7,9.5,1.0,212,8,6.3,9.1,0.9,210,9,0,27.63,,0,0,0,67.5,67.1,65.5,0.22,0.23,0.21
HART,2017-08-21 23:40:00 EDT,42.21122,-77.68974,2394,66.7,68.1,66.7,69.8,56.6,0.000,0.012,0.00,0.000,6.3,9.0,1.2,211,9,6.6,10.0,1.3,213,7,6.3,9.0,1.2,211,9,0,27.63,,0,0,0,67.5,67.1,65.5,0.22,0.23,0.20
HART,2017-08-21 23:45:00 EDT,42.21122,-77.68974,2394,66.8,68.0,66.8,71.5,57.3,0.000,0.012,0.00,0.000,6.6,9.1,1.2,212,11,7.0,9.6,1.2,214,8,6.6,9.1,1.2,212,11,0,27.63,,0,0,0,67.5,67.1,65.5,0.22,0.23,0.20
HART,2017-08-21 23:50:00 EDT,42.21122,-77.68974,2394,66.7,67.8,66.7,73.8,58.1,0.000,0.012,0.00,0.000,7.1,11.0,1.3,210,11,7.6,11.6,1.5,212,8,7.1,11.0,1.3,210,11,0,27.63,,0,0,0,67.5,67.1,65.5,0.22,0.23,0.20
HART,2017-08-21 23:55:00 EDT,42.21122,-77.68974,2394,66.6,67.7,66.6,76.5,59.0,0.000,0.012,0.00,0.000,7.5,10.5,1.2,217,10,7.9,11.6,1.3,218,8,7.5,10.5,1.2,217,10,0,27.63,,0,0,0,67.5,67.1,65.5,0.22,0.23,0.20
HERK,2017-08-21 00:00:00 EDT,43.03662,-75.00957,714,59.4,62.8,59.4,95.1,58.0,0.000,0.017,0.00,0.000,1.5,2.9,0.6,275,20,1.9,3.6,0.7,273,20,1.5,2.9,0.6,275,20,0,29.39,,0,0,0,67.5,67.7,67.1,0.21,0.20,0.33
HERK,2017-08-21 00:05:00 EDT,43.03662,-75.00957,714,59.5,62.2,59.5,95.9,58.3,0.000,0.000,0.00,0.000,2.3,3.0,0.3,297,7,2.5,3.5,0.3,295,7,2.3,3.0,0.3,297,7,0,29.39,,0,0,0,67.5,67.7,67.0,0.21,0.20,0.33
HERK,2017-08-21 00:10:00 EDT,43.03662,-75.00957,714,59.4,61.5,59.4,96.6,58.5,0.000,0.000,0.00,0.000,3.1,3.8,0.3,305,3,3.1,4.0,0.4,302,3,3.1,3.8,0.3,305,3,0,29.39,,0,0,0,67.5,67.6,67.1,0.21,0.20,0.33
HERK,2017-08-21 00:15:00 EDT,43.03662,-75.00957,714,59.1,61.4,59.1,96.1,58.0,0.000,0.000,0.00,0.000,3.1,3.7,0.2,307,2,3.1,3.9,0.3,304,3,3.1,3.7,0.2,307,2,0,29.39,,0,0,0,67.5,67.6,67.0,0.21,0.20,0.33
HERK,2017-08-21 00:20:00 EDT,43.03662,-75.00957,714,59.4,61.4,59.4,96.6,58.4,0.000,0.000,0.00,0.000,3.8,4.7,0.5,290,10,4.2,5.6,0.6,286,9,3.8,4.7,0.5,290,10,0,29.39,,0,0,0,67.5,67.6,67.1,0.21,0.20,0.33
HERK,2017-08-21 00:25:00 EDT,43.03662,-75.00957,714,59.8,61.4,59.8,96.9,58.9,0.000,0.000,0.00,0.000,3.6,4.7,0.5,281,7,4.1,5.4,0.7,279,6,3.6,4.7,0.5,281,7,0,29.39,,0,0,0,67.3,67.5,67.1,0.21,0.20,0.33
HERK,2017-08-21 00:30:00 EDT,43.03662,-75.00957,714,59.9,61.9,59.9,96.6,58.9,0.000,0.000,0.00,0.000,3.1,3.6,0.2,286,4,3.6,4.2,0.2,283,4,3.1,3.6,0.2,286,4,0,29.39,,0,0,0,67.1,67.5,67.1,0.21,0.20,0.33
HERK,2017-08-21 00:35:00 EDT,43.03662,-75.00957,714,59.9,62.1,59.9,96.6,58.9,0.000,0.000,0.00,0.000,0.9,2.7,0.7,245,20,1.1,3.4,0.9,239,21,0.9,2.7,0.7,245,20,0,29.39,,0,0,0,67.1,67.5,67.0,0.21,0.20,0.33
HERK,2017-08-21 00:40:00 EDT,43.03662,-75.00957,714,59.7,63.4,59.7,96.6,58.8,0.000,0.000,0.00,0.000,0.6,1.5,0.6,13,35,0.9,2.1,0.7,15,42,0.6,1.5,0.6,13,35,0,29.39,,0,0,0,67.1,67.5,67.1,0.21,0.20,0.33
HERK,2017-08-21 00:45:00 EDT,43.03662,-75.00957,714,59.0,62.5,59.0,96.6,58.1,0.000,0.000,0.00,0.000,1.1,2.8,0.8,15,39,1.6,3.5,0.9,10,38,1.1,2.8,0.8,15,39,0,29.39,,0,0,0,67.1,67.5,67.1,0.21,0.20,0.33
HERK,2017-08-21 00:50:00 EDT,43.03662,-75.00957,714,59.2,62.0,59.2,97.3,58.5,0.000,0.000,0.00,0.000,0.7,2.2,0.6,84,44,1.0,2.7,0.7,64,50,0.7,2.2,0.6,84,44,0,29.39,,0,0,0,67.1,67.5,67.1,0.21,0.20,0.33
HERK,2017-08-21 00:55:00 EDT,43.03662,-75.00957,714,59.1,61.8,59.1,97.4,58.4,0.000,0.000,0.00,0.000,0.3,0.9,0.3,349,29,0.6,1.4,0.5,4,30,0.3,0.9,0.3,349,29,0,29.39,,0,0,0,67.1,67.5,67.1,0.21,0.20,0.33
HERK,2017-08-21 01:00:00 EDT,43.03662,-75.00957,714,59.7,62.3,59.7,97.7,59.0,0.000,0.000,0.00,0.000,0.1,1.0,0.3,0,8,0.4,1.5,0.5,355,14,0.1,1.0,0.3,0,8,0,29.39,,0,0,0,67.1,67.5,67.0,0.21,0.20,0.33
HERK,2017-08-21 01:05:00 EDT,43.03662,-75.00957,714,59.0,62.1,59.0,97.3,58.2,0.000,0.000,0.00,0.000,0.2,0.9,0.3,321,11,0.5,1.5,0.5,305,14,0.2,0.9,0.3,321,11,0,29.39,,0,0,0,67.1,67.5,67.1,0.21,0.20,0.33
HERK,2017-08-21 01:10:00 EDT,43.03662,-75.00957,714,59.3,62.0,59.3,97.3,58.6,0.000,0.000,0.00,0.000,0.6,1.9,0.5,295,7,0.9,2.4,0.6,297,15,0.6,1.9,0.5,295,7,0,29.39,,0,0,0,66.9,67.5,67.0,0.21,0.20,0.33
HERK,2017-08-21 01:15:00 EDT,43.03662,-75.00957,714,59.9,62.6,59.9,97.4,59.2,0.000,0.000,0.00,0.000,0.2,1.2,0.3,255,10,0.6,1.6,0.5,221,23,0.2,1.2,0.3,255,10,0,29.39,,0,0,0,66.8,67.5,67.1,0.21,0.20,0.33
HERK,2017-08-21 01:20:00 EDT,43.03662,-75.00957,714,59.4,62.1,59.4,97.0,58.5,0.000,0.000,0.00,0.000,0.6,2.1,0.7,278,33,1.0,2.4,0.8,263,52,0.6,2.1,0.7,278,33,0,29.39,,0,0,0,66.7,67.5,67.1,0.21,0.20,0.33
HERK,2017-08-21 01:25:00 EDT,43.03662,-75.00957,714,59.4,61.7,59.4,97.2,58.6,0.000,0.000,0.00,0.000,0.0,0.7,0.1,298,0,0.3,1.4,0.4,284,10,0.0,0.7,0.1,298,0,0,29.39,,0,0,0,66.7,67.5,67.0,0.21,0.20,0.33
HERK,2017-08-21 01:30:00 EDT,43.03662,-75.00957,714,59.2,61.6,59.2,97.3,58.5,0.000,0.000,0.00,0.000,1.5,1.9,0.3,303,6,1.6,2.4,0.3,300,6,1.5,1.9,0.3,303,6,0,29.39,,0,0,0,66.7,67.5,67.1,0.21,0.20,0.33
HERK,2017-08-21 01:35:00 EDT,43.03662,-75.00957,714,59.0,61.4,59.0,96.9,58.1,0.000,0.000,0.00,0.000,0.8,1.8,0.5,293,15,1.0,2.1,0.6,290,16,0.8,1.8,0.5,293,15,0,29.39,,0,0,0,66.7,67.5,67.1,0.21,0.20,0.33
HERK,2017-08-21 01:40:00 EDT,43.03662,-75.00957,714,58.9,61.4,58.9,96.6,58.0,0.000,0.000,0.00,0.000,1.3,3.4,1.1,288,8,1.5,4.0,1.2,286,11,1.3,3.4,1.1,288,8,0,29.39,,0,0,0,66.7,67.5,67.1,0.21,0.20,0.33
HERK,2017-08-21 01:45:00 EDT,43.03662,-75.00957,714,58.9,61.5,58.9,96.9,58.0,0.000,0.000,0.00,0.000,0.6,2.3,0.6,337,44,1.0,2.2,0.6,357,51,0.6,2.3,0.6,337,44,0,29.39,,0,0,0,66.7,67.5,67.1,0.21,0.20,0.33
HERK,2017-08-21 01:50:00 EDT,43.03662,-75.00957,714,59.1,60.9,59.1,97.4,58.3,0.000,0.000,0.00,0.000,0.8,1.6,0.5,42,42,1.1,2.1,0.6,37,40,0.8,1.6,0.5,42,42,0,29.39,,0,0,0,66.5,67.5,67.1,0.21,0.20,0.33
HERK,2017-08-21 01:55:00 EDT,43.03662,-75.00957,714,59.0,60.7,59.0,97.5,58.3,0.000,0.000,0.00,0.000,2.0,3.5,1.2,64,7,2.2,3.9,1.2,57,8,2.0,3.5,1.2,64,7,0,29.39,,0,0,0,66.4,67.5,67.1,0.21,0.20,0.33
HERK,2017-08-21 02:00:00 EDT,43.03662,-75.00957,714,59.1,60.4,59.1,97.7,58.5,0.000,0.000,0.00,0.000,1.0,2.8,0.5,27,28,1.3,3.6,0.6,19,29,1.0,2.8,0.5,27,28,0,29.39,,0,0,0,66.4,67.5,67.1,0.21,0.20,0.33
HERK,2017-08-21 02:05:00 EDT,43.03662,-75.00957,714,59.4,60.4,59.4,97.8,58.8,0.000,0.000,0.00,0.000,0.8,1.7,0.4,340,27,1.1,2.5,0.4,340,29,0.8,1.7,0.4,340,27,0,29.39,,0,0,0,66.4,67.5,67.1,0.21,0.20,0.33
HERK,2017-08-21 02:10:00 EDT,43.03662,-75.00957,714,59.4,60.8,59.4,97.8,58.8,0.000,0.000,0.00,0.000,0.9,1.7,0.4,352,23,1.3,2.8,0.5,344,24,0.9,1.7,0.4,352,23,0,29.39,,0,0,0,66.4,67.5,67.1,0.21,0.20,0.33
HERK,2017-08-21 02:15:00 EDT,43.03662,-75.00957,714,58.6,60.7,58.6,97.4,57.8,0.000,0.000,0.00,0.000,1.2,1.9,0.3,357,23,1.5,2.8,0.5,355,21,1.2,1.9,0.3,357,23,0,29.39,,0,0,0,66.4,67.5,67.1,0.21,0.20,0.33
HERK,2017-08-21 02:20:00 EDT,43.03662,-75.00957,714,58.5,60.7,58.5,97.6,57.8,0.000,0.000,0.00,0.000,1.5,2.5,0.4,354,16,1.9,3.5,0.6,352,17,1.5,2.5,0.4,354,16,0,29.39,,0,0,0,66.4,67.5,67.1,0.21,0.20,0.33
HERK,2017-08-21 02:25:00 EDT,43.03662,-75.00957,714,58.4,60.8,58.4,97.7,57.8,0.000,0.000,0.00,0.000,1.8,2.5,0.3,326,20,1.9,3.3,0.5,322,19,1.8,2.5,0.3,326,20,0,29.39,,0,0,0,66.4,67.5,67.1,0.21,0.20,0.33
HERK,2017-08-21 02:30:00 EDT,43.03662,-75.00957,714,58.4,60.8,58.4,97.7,57.7,0.000,0.000,0.00,0.000,2.2,2.8,0.3,331,11,2.2,3.4,0.4,325,10,2.2,2.8,0.3,331,11,0,29.39,,0,0,0,66.4,67.5,67.1,0.21,0.20,0.33
HERK,2017-08-21 02:35:00 EDT,43.03662,-75.00957,714,58.4,60.5,58.4,97.8,57.8,0.000,0.000,0.00,0.000,2.2,3.4,0.5,305,21,2.3,4.2,0.7,300,21,2.2,3.4,0.5,305,21,0,29.39,,0,0,0,66.2,67.5,67.1,0.21,0.20,0.33
HERK,2017-08-21 02:40:00 EDT,43.03662,-75.00957,714,58.1,60.8,58.1,97.7,57.4,0.000,0.000,0.00,0.000,2.1,3.4,0.5,324,29,2.4,3.8,0.6,320,29,2.1,3.4,0.5,324,29,0,29.39,,0,0,0,66.0,67.5,67.1,0.21,0.20,0.33
HERK,2017-08-21 02:45:00 EDT,43.03662,-75.00957,714,58.4,60.5,58.4,97.8,57.7,0.000,0.000,0.00,0.000,2.5,5.0,1.5,288,26,2.9,5.9,1.6,286,27,2.5,5.0,1.5,288,26,0,29.39,,0,0,0,66.0,67.5,67.0,0.21,0.20,0.33
HERK,2017-08-21 02:50:00 EDT,43.03662,-75.00957,714,58.0,60.9,58.0,97.6,57.3,0.000,0.000,0.00,0.000,3.1,4.6,0.8,302,16,3.2,5.4,1.1,297,15,3.1,4.6,0.8,302,16,0,29.39,,0,0,0,66.0,67.5,67.1,0.21,0.20,0.33
HERK,2017-08-21 02:55:00 EDT,43.03662,-75.00957,714,58.4,61.3,58.4,97.9,57.8,0.000,0.000,0.00,0.000,2.7,3.5,0.5,301,13,2.8,4.1,0.8,296,13,2.7,3.5,0.5,301,13,0,29.40,,0,0,0,66.0,67.5,67.0,0.21,0.20,0.33
HERK,2017-08-21 03:00:00 EDT,43.03662,-75.00957,714,58.6,60.6,58.6,98.0,58.1,0.000,0.000,0.00,0.000,3.0,3.5,0.2,304,15,3.1,3.8,0.3,299,16,3.0,3.5,0.2,304,15,0,29.40,,0,0,0,66.0,67.5,67.1,0.21,0.20,0.33
HERK,2017-08-21 03:05:00 EDT,43.03662,-75.00957,714,58.5,60.5,58.5,97.7,57.8,0.000,0.000,0.00,0.000,2.4,2.8,0.2,298,12,2.5,3.4,0.5,293,12,2.4,2.8,0.2,298,12,0,29.40,,0,0,0,66.0,67.5,67.1,0.21,0.20,0.33
HERK,2017-08-21 03:10:00 EDT,43.03662,-75.00957,714,58.5,60.6,58.5,97.7,57.9,0.000,0.000,0.00,0.000,2.3,3.1,0.6,293,8,2.5,3.5,0.6,291,9,2.3,3.1,0.6,293,8,0,29.40,,0,0,0,66.0,67.5,67.1,0.21,0.20,0.33
HERK,2017-08-21 03:15:00 EDT,43.03662,-75.00957,714,58.1,60.1,58.1,97.3,57.3,0.000,0.000,0.00,0.000,3.0,3.7,0.3,298,7,3.2,4.1,0.4,294,8,3.0,3.7,0.3,298,7,0,29.40,,0,0,0,66.0,67.5,67.1,0.21,0.20,0.33
HERK,2017-08-21 03:20:00 EDT,43.03662,-75.00957,714,58.2,60.5,58.2,97.6,57.5,0.000,0.000,0.00,0.000,3.0,3.5,0.3,294,10,3.3,3.8,0.2,290,11,3.0,3.5,0.3,294,10,0,29.40,,0,0,0,66.0,67.4,67.1,0.21,0.20,0.33
HERK,2017-08-21 03:25:00 EDT,43.03662,-75.00957,714,57.7,60.5,57.7,97.5,57.0,0.000,0.000,0.00,0.000,3.1,3.4,0.2,307,5,3.1,3.7,0.2,304,5,3.1,3.4,0.2,307,5,0,29.40,,0,0,0,66.0,67.4,67.0,0.21,0.20,0.33
HERK,2017-08-21 03:30:00 EDT,43.03662,-75.00957,714,57.9,60.6,57.9,97.6,57.2,0.000,0.000,0.00,0.000,2.9,3.4,0.2,300,6,3.0,3.9,0.3,297,7,2.9,3.4,0.2,300,6,0,29.40,,0,0,0,66.0,67.4,67.0,0.21,0.20,0.33
HERK,2017-08-21 03:35:00 EDT,43.03662,-75.00957,714,57.7,60.3,57.7,97.4,57.0,0.000,0.000,0.00,0.000,2.8,3.2,0.2,310,5,2.6,3.2,0.3,307,5,2.8,3.2,0.2,310,5,0,29.40,,0,0,0,65.9,67.3,67.0,0.21,0.20,0.33
HERK,2017-08-21 03:40:00 EDT,43.03662,-75.00957,714,58.1,60.8,58.1,97.9,57.5,0.000,0.000,0.00,0.000,2.4,3.0,0.3,325,11,2.3,3.2,0.4,319,10,2.4,3.0,0.3,325,11,0,29.40,,0,0,0,65.8,67.4,67.1,0.21,0.20,0.33
HERK,2017-08-21 03:45:00 EDT,43.03662,-75.00957,714,58.0,60.7,58.0,97.8,57.4,0.000,0.000,0.00,0.000,2.0,2.8,0.4,305,28,2.2,3.4,0.6,300,27,2.0,2.8,0.4,305,28,0,29.40,,0,0,0,65.8,67.3,67.0,0.21,0.20,0.33
HERK,2017-08-21 03:50:00 EDT,43.03662,-75.00957,714,58.3,61.5,58.3,98.0,57.7,0.000,0.000,0.00,0.000,1.1,1.8,0.3,343,32,1.4,2.4,0.4,343,32,1.1,1.8,0.3,343,32,0,29.40,,0,0,0,65.8,67.3,67.0,0.21,0.20,0.33
HERK,2017-08-21 03:55:00 EDT,43.03662,-75.00957,714,57.9,62.0,57.9,97.8,57.3,0.000,0.000,0.00,0.000,0.4,1.4,0.4,22,26,0.8,2.0,0.5,345,45,0.4,1.4,0.4,22,26,0,29.40,,0,0,0,65.8,67.2,67.1,0.21,0.20,0.33
HERK,2017-08-21 04:00:00 EDT,43.03662,-75.00957,714,57.8,61.1,57.8,97.8,57.2,0.000,0.000,0.00,0.000,1.4,2.1,0.3,310,9,1.5,2.7,0.3,308,6,1.4,2.1,0.3,310,9,0,29.40,,0,0,0,65.8,67.1,67.0,0.21,0.20,0.33
HERK,2017-08-21 04:05:00 EDT,43.03662,-75.00957,714,57.9,61.0,57.9,98.0,57.3,0.000,0.000,0.00,0.000,1.4,2.2,0.3,299,22,1.7,2.9,0.4,291,22,1.4,2.2,0.3,299,22,0,29.40,,0,0,0,65.8,67.1,67.1,0.21,0.20,0.33
HERK,2017-08-21 04:10:00 EDT,43.03662,-75.00957,714,58.1,61.1,58.1,98.0,57.5,0.000,0.000,0.00,0.000,0.7,2.2,0.7,276,5,1.0,2.6,0.8,281,12,0.7,2.2,0.7,276,5,0,29.40,,0,0,0,65.8,67.1,67.0,0.21,0.20,0.33
HERK,2017-08-21 04:15:00 EDT,43.03662,-75.00957,714,57.9,60.8,57.9,98.0,57.3,0.000,0.000,0.00,0.000,1.1,1.9,0.5,310,14,1.4,2.0,0.3,309,15,1.1,1.9,0.5,310,14,0,29.40,,0,0,0,65.8,67.1,67.0,0.21,0.20,0.33
HERK,2017-08-21 04:20:00 EDT,43.03662,-75.00957,714,57.5,60.1,57.5,97.8,56.8,0.000,0.000,0.00,0.000,2.2,3.3,0.8,308,11,2.3,3.4,0.7,307,11,2.2,3.3,0.8,308,11,0,29.40,,0,0,0,65.8,67.1,67.0,0.21,0.20,0.33
HERK,2017-08-21 04:25:00 EDT,43.03662,-75.00957,714,58.0,60.4,58.0,98.2,57.5,0.000,0.000,0.00,0.000,1.5,2.1,0.4,312,21,1.7,2.8,0.4,309,20,1.5,2.1,0.4,312,21,0,29.40,,0,0,0,65.8,67.1,67.0,0.21,0.20,0.33
HERK,2017-08-21 04:30:00 EDT,43.03662,-75.00957,714,57.7,60.2,57.7,98.0,57.1,0.000,0.000,0.00,0.000,2.1,3.4,0.5,285,10,2.4,4.2,0.7,283,11,2.1,3.4,0.5,285,10,0,29.40,,0,0,0,65.8,67.1,67.0,0.21,0.20,0.33
HERK,2017-08-21 04:35:00 EDT,43.03662,-75.00957,714,57.8,60.4,57.8,98.1,57.2,0.000,0.000,0.00,0.000,1.5,3.4,0.8,275,7,1.8,4.0,0.8,274,10,1.5,3.4,0.8,275,7,0,29.40,,0,0,0,65.8,67.1,66.9,0.21,0.20,0.33
HERK,2017-08-21 04:40:00 EDT,43.03662,-75.00957,714,57.5,60.3,57.5,98.1,57.0,0.000,0.000,0.00,0.000,1.4,2.3,0.4,275,12,1.7,2.8,0.6,271,16,1.4,2.3,0.4,275,12,0,29.40,,0,0,0,65.6,67.1,66.9,0.21,0.20,0.33
HERK,2017-08-21 04:45:00 EDT,43.03662,-75.00957,714,57.8,60.4,57.8,98.2,57.3,0.000,0.000,0.00,0.000,0.1,0.8,0.2,251,11,0.4,1.3,0.5,311,29,0.1,0.8,0.2,251,11,0,29.40,,0,0,0,65.5,67.1,67.0,0.21,0.20,0.33
HERK,2017-08-21 04:50:00 EDT,43.03662,-75.00957,714,57.9,60.2,57.9,98.3,57.4,0.000,0.000,0.00,0.000,0.4,1.2,0.5,314,9,0.7,1.4,0.5,312,13,0.4,1.2,0.5,314,9,0,29.40,,0,0,0,65.5,67.1,66.9,0.21,0.20,0.33
HERK,2017-08-21 04:55:00 EDT,43.03662,-75.00957,714,57.4,60.1,57.4,98.2,56.9,0.000,0.000,0.00,0.000,0.0,0.7,0.1,27,12,0.3,1.2,0.4,353,20,0.0,0.7,0.1,27,12,0,29.40,,0,0,0,65.5,67.1,67.0,0.21,0.20,0.33
HERK,2017-08-21 05:00:00 EDT,43.03662,-75.00957,714,57.2,59.4,57.2,98.1,56.7,0.000,0.000,0.00,0.000,0.6,1.2,0.4,314,8,1.0,1.6,0.4,303,5,0.6,1.2,0.4,314,8,0,29.40,,0,0,0,65.5,67.1,66.8,0.21,0.20,0.33
HERK,2017-08-21 05:05:00 EDT,43.03662,-75.00957,714,57.1,59.4,57.1,98.1,56.5,0.000,0.000,0.00,0.000,0.6,1.3,0.3,300,4,0.8,1.5,0.4,298,11,0.6,1.3,0.3,300,4,0,29.40,,0,0,0,65.5,67.1,66.9,0.21,0.20,0.33
HERK,2017-08-21 05:10:00 EDT,43.03662,-75.00957,714,57.0,59.4,57.0,98.1,56.5,0.000,0.000,0.00,0.000,1.7,2.5,0.5,296,3,1.9,2.8,0.4,296,6,1.7,2.5,0.5,296,3,0,29.41,,0,0,0,65.5,67.1,66.8,0.21,0.20,0.33
HERK,2017-08-21 05:15:00 EDT,43.03662,-75.00957,714,56.6,59.4,56.6,98.0,56.0,0.000,0.000,0.00,0.000,2.4,2.8,0.2,312,6,2.3,2.8,0.2,309,5,2.4,2.8,0.2,312,6,0,29.41,,0,0,0,65.4,67.1,66.8,0.21,0.20,0.33
HERK,2017-08-21 05:20:00 EDT,43.03662,-75.00957,714,56.5,59.0,56.5,98.1,56.0,0.000,0.000,0.00,0.000,2.5,3.4,0.4,317,5,2.3,3.2,0.4,313,4,2.5,3.4,0.4,317,5,0,29.41,,0,0,0,65.2,67.1,66.8,0.21,0.20,0.33
HERK,2017-08-21 05:25:00 EDT,43.03662,-75.00957,714,56.3,59.4,56.3,98.1,55.8,0.000,0.000,0.00,0.000,2.1,3.1,0.6,313,7,2.1,3.2,0.5,309,7,2.1,3.1,0.6,313,7,0,29.41,,0,0,0,65.1,67.1,66.8,0.21,0.20,0.33
HERK,2017-08-21 05:30:00 EDT,43.03662,-75.00957,714,56.3,59.1,56.3,98.1,55.8,0.000,0.000,0.00,0.000,2.1,2.5,0.2,306,8,2.1,2.7,0.3,304,7,2.1,2.5,0.2,306,8,0,29.41,,0,0,0,65.1,67.1,66.8,0.21,0.20,0.33
HERK,2017-08-21 05:35:00 EDT,43.03662,-75.00957,714,56.4,59.3,56.4,98.2,55.9,0.000,0.000,0.00,0.000,1.6,2.3,0.5,326,9,1.7,2.6,0.4,322,12,1.6,2.3,0.5,326,9,0,29.41,,0,0,0,65.1,67.1,66.8,0.21,0.20,0.33
HERK,2017-08-21 05:40:00 EDT,43.03662,-75.00957,714,56.3,59.5,56.3,98.2,55.8,0.000,0.000,0.00,0.000,1.1,2.1,0.5,305,30,1.4,2.8,0.5,305,31,1.1,2.1,0.5,305,30,0,29.41,,0,0,0,65.1,67.1,66.8,0.21,0.20,0.33
HERK,2017-08-21 05:45:00 EDT,43.03662,-75.00957,714,56.2,59.6,56.2,98.2,55.8,0.000,0.000,0.00,0.000,0.6,1.8,0.5,340,22,1.0,2.8,0.5,341,25,0.6,1.8,0.5,340,22,0,29.41,,0,0,0,65.1,67.1,66.7,0.21,0.20,0.33
HERK,2017-08-21 05:50:00 EDT,43.03662,-75.00957,714,56.2,59.4,56.2,98.2,55.7,0.000,0.000,0.00,0.000,0.8,1.7,0.5,302,35,1.0,2.4,0.6,300,32,0.8,1.7,0.5,302,35,0,29.41,,0,0,0,65.1,67.1,66.8,0.21,0.20,0.33
HERK,2017-08-21 05:55:00 EDT,43.03662,-75.00957,714,56.0,59.3,56.0,98.1,55.5,0.000,0.000,0.00,0.000,0.5,1.5,0.5,300,4,0.7,1.8,0.6,302,9,0.5,1.5,0.5,300,4,0,29.41,,0,0,0,65.1,67.1,66.8,0.21,0.20,0.33
HERK,2017-08-21 06:00:00 EDT,43.03662,-75.00957,714,56.2,59.0,56.2,98.2,55.7,0.000,0.000,0.00,0.000,0.5,1.2,0.4,311,4,0.8,1.4,0.4,321,19,0.5,1.2,0.4,311,4,1,29.41,,0,0,0,65.1,67.1,66.7,0.21,0.20,0.33
HERK,2017-08-21 06:05:00 EDT,43.03662,-75.00957,714,55.9,59.2,55.9,98.2,55.4,0.000,0.000,0.00,0.000,0.8,2.0,0.5,21,15,1.4,2.3,0.4,15,17,0.8,2.0,0.5,21,15,2,29.41,,0,0,0,64.9,67.1,66.7,0.21,0.20,0.33
HERK,2017-08-21 06:10:00 EDT,43.03662,-75.00957,714,56.0,59.5,56.0,98.3,55.5,0.000,0.000,0.00,0.000,1.4,2.1,0.4,37,16,1.7,2.7,0.4,34,14,1.4,2.1,0.4,37,16,2,29.41,,0,0,0,64.8,67.1,66.7,0.21,0.20,0.33
HERK,2017-08-21 06:15:00 EDT,43.03662,-75.00957,714,55.6,59.4,55.6,98.2,55.1,0.000,0.000,0.00,0.000,1.2,1.8,0.3,29,14,1.5,2.5,0.3,27,16,1.2,1.8,0.3,29,14,3,29.41,,0,0,0,64.8,67.1,66.7,0.21,0.20,0.33
HERK,2017-08-21 06:20:00 EDT,43.03662,-75.00957,714,56.0,59.0,56.0,98.4,55.6,0.000,0.000,0.00,0.000,1.0,1.8,0.4,334,20,1.3,1.9,0.4,330,20,1.0,1.8,0.4,334,20,4,29.41,,0,0,0,64.8,67.1,66.7,0.21,0.20,0.33
HERK,2017-08-21 06:25:00 EDT,43.03662,-75.00957,714,55.6,59.1,55.6,98.2,55.1,0.000,0.000,0.00,0.000,1.7,2.3,0.2,331,13,1.8,2.4,0.3,327,13,1.7,2.3,0.2,331,13,8,29.41,,0,0,0,64.8,67.1,66.7,0.21,0.20,0.33
HERK,2017-08-21 06:30:00 EDT,43.03662,-75.00957,714,56.0,59.4,56.0,98.4,55.6,0.000,0.000,0.00,0.000,1.4,1.8,0.2,357,9,1.9,2.5,0.2,353,10,1.4,1.8,0.2,357,9,11,29.41,,0,0,0,64.8,67.1,66.7,0.21,0.20,0.33
HERK,2017-08-21 06:35:00 EDT,43.03662,-75.00957,714,55.8,59.1,55.8,98.3,55.3,0.000,0.000,0.00,0.000,1.7,2.5,0.5,330,21,1.7,2.4,0.4,326,21,1.7,2.5,0.5,330,21,15,29.41,,0,0,0,64.8,67.1,66.7,0.21,0.20,0.33
HERK,2017-08-21 06:40:00 EDT,43.03662,-75.00957,714,55.9,58.3,55.9,98.3,55.4,0.000,0.000,0.00,0.000,2.0,2.9,0.5,317,9,1.9,2.8,0.4,313,7,2.0,2.9,0.5,317,9,23,29.41,,0,0,0,64.8,67.1,66.7,0.21,0.20,0.33
HERK,2017-08-21 06:45:00 EDT,43.03662,-75.00957,714,55.6,58.9,55.6,98.0,55.1,0.000,0.000,0.00,0.000,0.9,2.0,0.4,2,21,1.3,2.5,0.5,357,21,0.9,2.0,0.4,2,21,24,29.41,,0,0,0,64.7,67.0,66.7,0.21,0.20,0.33
HERK,2017-08-21 06:50:00 EDT,43.03662,-75.00957,714,56.2,59.4,56.2,98.2,55.7,0.000,0.000,0.00,0.000,1.6,2.6,0.4,42,15,1.7,2.8,0.4,39,15,1.6,2.6,0.4,42,15,18,29.41,,0,0,0,64.6,67.0,66.7,0.21,0.20,0.33
HERK,2017-08-21 06:55:00 EDT,43.03662,-75.00957,714,56.2,59.5,56.2,98.2,55.7,0.000,0.000,0.00,0.000,1.4,2.3,0.6,54,16,1.5,2.7,0.6,51,16,1.4,2.3,0.6,54,16,22,29.41,,0,0,0,64.5,66.8,66.7,0.21,0.20,0.33
HERK,2017-08-21 07:00:00 EDT,43.03662,-75.00957,714,56.8,59.4,56.8,98.2,56.3,0.000,0.000,0.00,0.000,1.4,2.4,0.3,58,15,1.5,2.4,0.4,54,16,1.4,2.4,0.3,58,15,46,29.41,,0,0,0,64.4,66.8,66.7,0.21,0.20,0.33
HERK,2017-08-21 07:05:00 EDT,43.03662,-75.00957,714,56.9,59.5,56.9,98.0,56.3,0.000,0.000,0.00,0.000,0.4,1.6,0.5,32,32,0.9,2.0,0.6,23,52,0.4,1.6,0.5,32,32,70,29.41,,0,0,0,64.4,66.8,66.7,0.21,0.20,0.33
HERK,2017-08-21 07:10:00 EDT,43.03662,-75.00957,714,58.3,59.7,58.3,98.2,57.8,0.000,0.000,0.00,0.000,0.7,2.6,0.7,93,18,1.1,3.2,0.8,87,18,0.7,2.6,0.7,93,18,76,29.41,,0,0,0,64.4,66.7,66.7,0.21,0.20,0.33
HERK,2017-08-21 07:15:00 EDT,43.03662,-75.00957,714,58.9,59.9,58.9,98.1,58.4,0.000,0.000,0.00,0.000,1.6,2.4,0.4,96,21,2.0,3.1,0.5,88,19,1.6,2.4,0.4,96,21,84,29.41,,0,0,0,64.4,66.7,66.7,0.21,0.20,0.33
HERK,2017-08-21 07:20:00 EDT,43.03662,-75.00957,714,59.1,59.9,59.1,97.1,58.2,0.000,0.000,0.00,0.000,1.3,3.0,0.7,69,17,1.7,3.6,0.8,62,22,1.3,3.0,0.7,69,17,109,29.41,,0,0,0,64.4,66.8,66.7,0.21,0.20,0.33
HERK,2017-08-21 07:25:00 EDT,43.03662,-75.00957,714,60.1,60.1,60.1,95.3,58.7,0.000,0.000,0.00,0.000,1.0,2.3,0.6,86,14,1.4,2.8,0.7,82,16,1.0,2.3,0.6,86,14,128,29.42,,0,0,0,64.4,66.7,66.7,0.21,0.20,0.33
HERK,2017-08-21 07:30:00 EDT,43.03662,-75.00957,714,60.3,60.2,60.3,93.4,58.4,0.000,0.000,0.00,0.000,0.7,1.8,0.6,99,10,0.9,2.4,0.8,93,10,0.7,1.8,0.6,99,10,141,29.42,,0,0,0,64.4,66.7,66.7,0.21,0.20,0.33
HERK,2017-08-21 07:35:00 EDT,43.03662,-75.00957,714,60.7,60.4,60.7,92.2,58.4,0.000,0.000,0.00,0.000,1.6,2.6,0.4,109,17,2.0,3.3,0.6,103,17,1.6,2.6,0.4,109,17,157,29.42,,0,0,0,64.4,66.7,66.7,0.21,0.20,0.33
HERK,2017-08-21 07:40:00 EDT,43.03662,-75.00957,714,61.1,60.6,61.1,92.1,58.8,0.000,0.000,0.00,0.000,1.7,2.7,0.5,92,18,2.1,3.6,0.5,87,18,1.7,2.7,0.5,92,18,171,29.42,,0,0,0,64.4,66.7,66.7,0.21,0.20,0.33
HERK,2017-08-21 07:45:00 EDT,43.03662,-75.00957,714,61.1,60.7,61.1,91.1,58.5,0.000,0.000,0.00,0.000,0.9,2.0,0.6,92,26,1.2,2.6,0.6,84,25,0.9,2.0,0.6,92,26,184,29.42,,0,0,0,64.4,66.7,66.7,0.21,0.20,0.33
HERK,2017-08-21 07:50:00 EDT,43.03662,-75.00957,714,61.4,60.8,61.4,89.8,58.4,0.000,0.000,0.00,0.000,0.7,2.3,0.6,102,23,1.1,2.3,0.7,86,29,0.7,2.3,0.6,102,23,186,29.42,,0,0,0,64.5,66.7,66.7,0.21,0.20,0.33
HERK,2017-08-21 07:55:00 EDT,43.03662,-75.00957,714,61.4,61.0,61.4,90.1,58.5,0.000,0.000,0.00,0.000,1.3,2.5,0.4,108,23,1.7,2.9,0.5,103,21,1.3,2.5,0.4,108,23,217,29.42,,0,0,0,64.6,66.7,66.7,0.21,0.20,0.33
HERK,2017-08-21 08:00:00 EDT,43.03662,-75.00957,714,61.8,61.3,61.8,89.5,58.7,0.000,0.000,0.00,0.000,2.0,3.3,0.7,112,17,2.3,3.8,0.8,106,17,2.0,3.3,0.7,112,17,226,29.42,,0,0,0,64.8,66.7,66.7,0.21,0.20,0.33
HERK,2017-08-21 08:05:00 EDT,43.03662,-75.00957,714,61.8,61.4,61.8,89.2,58.6,0.000,0.000,0.00,0.000,1.1,2.0,0.5,97,26,1.4,3.1,0.7,90,29,1.1,2.0,0.5,97,26,235,29.42,,0,0,0,64.8,66.7,66.7,0.21,0.20,0.33
HERK,2017-08-21 08:10:00 EDT,43.03662,-75.00957,714,62.3,61.7,62.3,88.6,58.9,0.000,0.000,0.00,0.000,1.1,2.2,0.5,99,18,1.6,2.8,0.5,92,20,1.1,2.2,0.5,99,18,258,29.42,,0,0,0,64.8,66.7,66.7,0.21,0.20,0.33
HERK,2017-08-21 08:15:00 EDT,43.03662,-75.00957,714,62.5,62.3,62.5,88.2,59.0,0.000,0.000,0.00,0.000,1.6,2.8,0.5,140,16,1.7,3.2,0.5,134,17,1.6,2.8,0.5,140,16,265,29.41,,0,0,0,64.8,66.7,66.7,0.21,0.20,0.33
HERK,2017-08-21 08:20:00 EDT,43.03662,-75.00957,714,62.9,62.6,62.9,88.1,59.3,0.000,0.000,0.00,0.000,1.7,2.5,0.3,126,24,2.1,3.0,0.4,119,22,1.7,2.5,0.3,126,24,249,29.41,,0,0,0,64.8,66.7,66.7,0.21,0.20,0.33
HERK,2017-08-21 08:25:00 EDT,43.03662,-75.00957,714,63.6,62.6,63.6,89.1,60.4,0.000,0.000,0.00,0.000,2.2,3.1,0.6,94,14,2.8,4.1,0.8,89,14,2.2,3.1,0.6,94,14,296,29.41,,0,0,0,64.8,66.7,66.7,0.21,0.20,0.33
HERK,2017-08-21 08:30:00 EDT,43.03662,-75.00957,714,63.9,62.9,63.9,88.3,60.3,0.000,0.000,0.00,0.000,1.9,3.1,0.7,101,26,2.3,3.9,0.9,95,26,1.9,3.1,0.7,101,26,294,29.41,,0,0,0,65.0,66.7,66.7,0.21,0.20,0.33
HERK,2017-08-21 08:35:00 EDT,43.03662,-75.00957,714,64.1,63.3,64.1,87.3,60.3,0.000,0.000,0.00,0.000,1.2,2.6,0.6,109,29,1.5,2.8,0.6,99,29,1.2,2.6,0.6,109,29,287,29.41,,0,0,0,65.1,66.7,66.7,0.21,0.20,0.33
HERK,2017-08-21 08:40:00 EDT,43.03662,-75.00957,714,64.9,64.0,64.9,87.4,61.1,0.000,0.000,0.00,0.000,1.8,3.1,0.7,92,21,2.3,4.2,0.8,87,22,1.8,3.1,0.7,92,21,344,29.41,,0,0,0,65.1,66.7,66.7,0.21,0.20,0.33
HERK,2017-08-21 08:45:00 EDT,43.03662,-75.00957,714,65.3,64.2,65.3,85.8,61.0,0.000,0.000,0.00,0.000,2.7,4.0,0.6,105,26,3.0,4.8,0.9,98,25,2.7,4.0,0.6,105,26,361,29.41,,0,0,0,65.1,66.7,66.7,0.21,0.20,0.33
HERK,2017-08-21 08:50:00 EDT,43.03662,-75.00957,714,65.5,64.6,65.5,84.7,60.8,0.000,0.000,0.00,0.000,2.4,4.4,1.2,93,21,3.0,5.4,1.3,86,22,2.4,4.4,1.2,93,21,407,29.41,,0,0,0,65.1,66.7,66.7,0.21,0.20,0.33
HERK,2017-08-21 08:55:00 EDT,43.03662,-75.00957,714,65.9,64.9,65.9,84.0,60.9,0.000,0.000,0.00,0.000,2.0,4.1,0.9,92,28,2.6,4.8,1.0,87,29,2.0,4.1,0.9,92,28,338,29.41,,0,0,0,65.1,66.7,66.7,0.21,0.20,0.33
HERK,2017-08-21 09:00:00 EDT,43.03662,-75.00957,714,66.0,65.0,66.0,83.6,60.9,0.000,0.000,0.00,0.000,2.4,4.7,1.0,90,19,2.9,6.0,1.1,85,19,2.4,4.7,1.0,90,19,300,29.41,,0,0,0,65.3,66.7,66.7,0.21,0.20,0.33
HERK,2017-08-21 09:05:00 EDT,43.03662,-75.00957,714,66.3,65.1,66.3,84.1,61.3,0.000,0.000,0.00,0.000,3.4,5.6,1.0,92,22,3.9,6.3,1.0,87,20,3.4,5.6,1.0,92,22,374,29.40,,0,0,0,65.5,66.6,66.7,0.21,0.20,0.33
HERK,2017-08-21 09:10:00 EDT,43.03662,-75.00957,714,67.1,65.6,67.1,83.8,62.1,0.000,0.000,0.00,0.000,3.2,5.3,1.3,89,18,3.8,6.8,1.5,84,18,3.2,5.3,1.3,89,18,438,29.40,,0,0,0,65.5,66.5,66.7,0.21,0.20,0.33
HERK,2017-08-21 09:15:00 EDT,43.03662,-75.00957,714,67.3,65.9,67.3,82.4,61.8,0.000,0.000,0.00,0.000,2.4,5.0,1.1,82,19,2.9,5.6,1.3,77,17,2.4,5.0,1.1,82,19,438,29.40,,0,0,0,65.5,66.5,66.7,0.21,0.20,0.33
HERK,2017-08-21 09:20:00 EDT,43.03662,-75.00957,714,67.8,66.3,67.8,82.3,62.2,0.000,0.000,0.00,0.000,3.5,5.0,1.0,85,18,4.1,6.8,1.2,79,17,3.5,5.0,1.0,85,18,419,29.40,,0,0,0,65.7,66.5,66.7,0.21,0.20,0.33
HERK,2017-08-21 09:25:00 EDT,43.03662,-75.00957,714,68.4,66.9,68.4,81.3,62.4,0.000,0.000,0.00,0.000,2.5,4.7,1.1,92,25,3.0,5.5,1.4,85,23,2.5,4.7,1.1,92,25,504,29.40,,0,0,0,65.8,66.4,66.7,0.21,0.20,0.33
HERK,2017-08-21 09:30:00 EDT,43.03662,-75.00957,714,68.4,66.7,68.4,80.9,62.3,0.000,0.000,0.00,0.000,3.8,6.2,1.0,93,18,4.4,6.8,1.2,87,16,3.8,6.2,1.0,93,18,329,29.40,,0,0,0,65.8,66.4,66.7,0.21,0.20,0.33
HERK,2017-08-21 09:35:00 EDT,43.03662,-75.00957,714,68.6,67.3,68.6,81.0,62.6,0.000,0.000,0.00,0.000,2.8,4.7,1.0,122,10,3.2,5.4,1.2,114,10,2.8,4.7,1.0,122,10,522,29.40,,0,0,0,65.8,66.4,66.7,0.21,0.20,0.33
HERK,2017-08-21 09:40:00 EDT,43.03662,-75.00957,714,69.2,67.8,69.2,80.3,62.9,0.000,0.000,0.00,0.000,2.4,4.1,0.9,102,21,2.8,4.9,1.1,96,19,2.4,4.1,0.9,102,21,544,29.40,,0,0,0,65.8,66.4,66.7,0.21,0.20,0.33
HERK,2017-08-21 09:45:00 EDT,43.03662,-75.00957,714,69.5,68.2,69.5,78.6,62.5,0.000,0.000,0.00,0.000,2.2,4.0,1.1,64,18,2.6,5.0,1.4,61,17,2.2,4.0,1.1,64,18,567,29.40,,0,0,0,66.0,66.4,66.7,0.21,0.20,0.33
HERK,2017-08-21 09:50:00 EDT,43.03662,-75.00957,714,70.5,69.0,70.5,78.0,63.3,0.000,0.000,0.00,0.000,2.2,5.6,1.2,83,21,2.8,6.9,1.3,78,20,2.2,5.6,1.2,83,21,541,29.41,,0,0,0,66.0,66.4,66.7,0.21,0.20,0.33
HERK,2017-08-21 09:55:00 EDT,43.03662,-75.00957,714,70.7,69.2,70.7,77.2,63.2,0.000,0.000,0.00,0.000,2.5,4.5,0.9,73,20,2.8,5.7,1.0,69,19,2.5,4.5,0.9,73,20,432,29.41,,0,0,0,66.0,66.4,66.7,0.21,0.20,0.33
HERK,2017-08-21 10:00:00 EDT,43.03662,-75.00957,714,71.1,69.6,71.1,77.3,63.6,0.000,0.000,0.00,0.000,2.9,4.2,1.1,113,19,3.3,5.1,1.2,106,18,2.9,4.2,1.1,113,19,512,29.41,,0,0,0,66.2,66.4,66.7,0.21,0.20,0.33
HERK,2017-08-21 10:05:00 EDT,43.03662,-75.00957,714,71.0,69.7,71.0,76.3,63.2,0.000,0.000,0.00,0.000,2.8,4.5,1.2,112,35,3.1,5.2,1.2,102,34,2.8,4.5,1.2,112,35,329,29.41,,0,0,0,66.4,66.4,66.7,0.21,0.20,0.33
HERK,2017-08-21 10:10:00 EDT,43.03662,-75.00957,714,71.2,69.8,71.2,78.1,64.0,0.000,0.000,0.00,0.000,3.9,5.5,0.7,69,19,4.4,6.5,0.8,64,18,3.9,5.5,0.7,69,19,350,29.41,,0,0,0,66.4,66.4,66.7,0.21,0.20,0.33
HERK,2017-08-21 10:15:00 EDT,43.03662,-75.00957,714,71.6,69.9,71.6,77.9,64.4,0.000,0.000,0.00,0.000,4.1,5.2,0.6,92,15,4.7,5.8,0.7,86,14,4.1,5.2,0.6,92,15,429,29.41,,0,0,0,66.4,66.4,66.7,0.21,0.20,0.33
HERK,2017-08-21 10:20:00 EDT,43.03662,-75.00957,714,73.1,71.0,73.1,76.7,65.3,0.000,0.000,0.00,0.000,3.1,4.9,0.9,101,16,3.6,6.0,1.0,94,14,3.1,4.9,0.9,101,16,511,29.41,,0,0,0,66.5,66.4,66.7,0.21,0.20,0.33
HERK,2017-08-21 10:25:00 EDT,43.03662,-75.00957,714,73.2,71.6,73.2,74.6,64.7,0.000,0.000,0.00,0.000,2.7,4.2,0.7,79,13,3.3,4.8,0.8,74,13,2.7,4.2,0.7,79,13,610,29.41,,0,0,0,66.7,66.4,66.7,0.21,0.20,0.33
HERK,2017-08-21 10:30:00 EDT,43.03662,-75.00957,714,74.3,72.1,74.3,74.6,65.7,0.000,0.000,0.00,0.000,3.9,6.4,0.9,71,13,4.4,6.7,1.0,65,13,3.9,6.4,0.9,71,13,679,29.41,,0,0,0,66.7,66.4,66.7,0.21,0.20,0.33
HERK,2017-08-21 10:35:00 EDT,43.03662,-75.00957,714,74.6,72.5,74.6,71.5,64.8,0.000,0.000,0.00,0.000,3.3,5.2,1.3,67,13,3.7,6.0,1.6,61,13,3.3,5.2,1.3,67,13,630,29.41,,0,0,0,66.7,66.4,66.7,0.21,0.20,0.33
HERK,2017-08-21 10:40:00 EDT,43.03662,-75.00957,714,74.9,72.9,74.9,71.6,65.1,0.000,0.000,0.00,0.000,3.9,6.0,1.2,108,15,4.3,6.6,1.2,101,14,3.9,6.0,1.2,108,15,623,29.40,,0,0,0,66.9,66.4,66.7,0.21,0.20,0.33
HERK,2017-08-21 10:45:00 EDT,43.03662,-75.00957,714,75.9,73.5,75.9,73.1,66.7,0.000,0.000,0.00,0.000,4.3,7.0,1.0,87,11,4.9,8.0,1.0,82,11,4.3,7.0,1.0,87,11,710,29.40,,0,0,0,67.1,66.4,66.7,0.21,0.20,0.33
HERK,2017-08-21 10:50:00 EDT,43.03662,-75.00957,714,75.6,73.9,75.6,70.0,65.1,0.000,0.000,0.00,0.000,3.0,6.6,1.7,106,30,3.5,6.9,1.6,99,30,3.0,6.6,1.7,106,30,626,29.40,,0,0,0,67.1,66.4,66.7,0.20,0.20,0.33
HERK,2017-08-21 10:55:00 EDT,43.03662,-75.00957,714,75.8,73.9,75.8,71.0,65.7,0.000,0.000,0.00,0.000,3.9,5.7,0.8,110,19,4.4,6.6,1.0,104,17,3.9,5.7,0.8,110,19,645,29.40,,0,0,0,67.1,66.4,66.7,0.20,0.20,0.33
HERK,2017-08-21 11:00:00 EDT,43.03662,-75.00957,714,76.4,74.4,76.4,68.9,65.4,0.000,0.000,0.00,0.000,3.1,4.5,0.7,93,12,3.7,5.3,0.9,88,11,3.1,4.5,0.7,93,12,606,29.40,,0,0,0,67.4,66.4,66.7,0.21,0.20,0.33
HERK,2017-08-21 11:05:00 EDT,43.03662,-75.00957,714,77.3,75.1,77.3,67.8,65.8,0.000,0.000,0.00,0.000,3.6,7.6,1.4,91,16,4.2,8.6,1.4,85,16,3.6,7.6,1.4,91,16,624,29.40,,0,0,0,67.5,66.4,66.7,0.21,0.20,0.33
HERK,2017-08-21 11:10:00 EDT,43.03662,-75.00957,714,77.8,75.4,77.8,69.3,66.9,0.000,0.000,0.00,0.000,5.1,7.7,1.0,91,11,5.7,9.0,1.1,86,11,5.1,7.7,1.0,91,11,702,29.39,,0,0,0,67.5,66.4,66.7,0.21,0.20,0.33
HERK,2017-08-21 11:15:00 EDT,43.03662,-75.00957,714,77.5,75.8,77.5,63.9,64.3,0.000,0.000,0.00,0.000,3.4,7.0,1.6,127,20,3.7,8.1,1.7,119,19,3.4,7.0,1.6,127,20,729,29.39,,0,0,0,67.8,66.4,66.7,0.21,0.20,0.33
HERK,2017-08-21 11:20:00 EDT,43.03662,-75.00957,714,77.6,76.6,77.6,64.8,64.8,0.000,0.000,0.00,0.000,2.7,4.6,0.7,153,33,3.1,5.9,0.9,147,34,2.7,4.6,0.7,153,33,713,29.39,,0,0,0,67.8,66.4,66.7,0.21,0.20,0.33
HERK,2017-08-21 11:25:00 EDT,43.03662,-75.00957,714,78.5,76.6,78.5,65.1,65.8,0.000,0.000,0.00,0.000,3.9,6.6,1.0,106,20,4.3,7.3,1.2,99,20,3.9,6.6,1.0,106,20,627,29.38,,0,0,0,67.8,66.4,66.7,0.21,0.20,0.33
HERK,2017-08-21 11:30:00 EDT,43.03662,-75.00957,714,77.6,76.8,77.6,63.5,64.2,0.000,0.000,0.00,0.000,2.0,3.5,0.8,145,34,2.4,5.4,1.0,140,34,2.0,3.5,0.8,145,34,512,29.38,,0,0,0,68.0,66.4,66.7,0.21,0.20,0.33
HERK,2017-08-21 11:35:00 EDT,43.03662,-75.00957,714,78.3,77.0,78.3,66.7,66.3,0.000,0.000,0.00,0.000,4.8,7.7,1.6,134,15,5.2,9.5,1.8,127,13,4.8,7.7,1.6,134,15,692,29.38,,0,0,0,68.2,66.4,66.7,0.21,0.20,0.33
HERK,2017-08-21 11:40:00 EDT,43.03662,-75.00957,714,78.3,77.3,78.3,63.2,64.8,0.000,0.000,0.00,0.000,3.5,6.3,1.4,148,20,3.8,6.9,1.6,142,19,3.5,6.3,1.4,148,20,611,29.38,,0,0,0,68.2,66.4,66.6,0.21,0.20,0.33
HERK,2017-08-21 11:45:00 EDT,43.03662,-75.00957,714,78.6,77.1,78.6,63.1,65.0,0.000,0.000,0.00,0.000,4.9,8.0,1.2,116,22,5.4,9.1,1.3,109,22,4.9,8.0,1.2,116,22,681,29.38,,0,0,0,68.2,66.4,66.7,0.20,0.20,0.33
HERK,2017-08-21 11:50:00 EDT,43.03662,-75.00957,714,79.1,77.4,79.1,64.5,66.1,0.000,0.000,0.00,0.000,4.5,6.5,0.7,132,14,4.8,7.2,1.0,124,14,4.5,6.5,0.7,132,14,764,29.37,,0,0,0,68.5,66.4,66.6,0.21,0.20,0.33
HERK,2017-08-21 11:55:00 EDT,43.03662,-75.00957,714,79.7,78.2,79.7,64.4,66.6,0.000,0.000,0.00,0.000,3.8,7.9,1.5,128,16,4.2,8.4,1.6,121,15,3.8,7.9,1.5,128,16,809,29.37,,0,0,0,68.5,66.4,66.5,0.21,0.20,0.33
HERK,2017-08-21 12:00:00 EDT,43.03662,-75.00957,714,80.0,77.9,80.0,65.1,67.2,0.000,0.000,0.00,0.000,3.1,7.0,1.4,99,17,3.6,7.7,1.5,93,15,3.1,7.0,1.4,99,17,803,29.37,,0,0,0,68.5,66.4,66.5,0.21,0.20,0.33
HERK,2017-08-21 12:05:00 EDT,43.03662,-75.00957,714,79.8,78.5,79.8,60.4,64.9,0.000,0.000,0.00,0.000,2.0,3.9,0.8,29,60,2.4,4.8,0.9,28,57,2.0,3.9,0.8,29,60,840,29.37,,0,0,0,68.5,66.4,66.4,0.21,0.20,0.33
HERK,2017-08-21 12:10:00 EDT,43.03662,-75.00957,714,81.4,79.9,83.7,60.5,66.4,0.000,0.000,0.00,0.000,3.5,8.5,2.4,162,29,4.1,9.8,2.5,155,31,3.5,8.5,2.4,162,29,855,29.37,,0,0,0,68.8,66.4,66.5,0.20,0.20,0.33
HERK,2017-08-21 12:15:00 EDT,43.03662,-75.00957,714,80.9,80.2,82.4,55.6,63.6,0.000,0.000,0.00,0.000,4.7,8.3,2.4,169,23,5.5,10.2,2.6,166,26,4.7,8.3,2.4,169,23,659,29.37,,0,0,0,68.9,66.4,66.4,0.20,0.20,0.33
HERK,2017-08-21 12:20:00 EDT,43.03662,-75.00957,714,80.3,79.7,81.6,54.6,62.5,0.000,0.000,0.00,0.000,4.2,9.1,1.4,198,28,4.5,9.2,1.6,194,30,4.2,9.1,1.4,198,28,583,29.37,,0,0,0,69.0,66.4,66.4,0.20,0.20,0.33
HERK,2017-08-21 12:25:00 EDT,43.03662,-75.00957,714,80.9,80.1,82.0,53.1,62.2,0.000,0.000,0.00,0.000,5.3,8.8,1.4,217,22,5.7,9.8,1.5,212,23,5.3,8.8,1.4,217,22,781,29.37,,0,0,0,69.2,66.4,66.4,0.20,0.20,0.33
HERK,2017-08-21 12:30:00 EDT,43.03662,-75.00957,714,80.7,80.2,81.6,50.9,60.8,0.000,0.000,0.00,0.000,5.3,8.6,1.3,222,16,5.4,9.7,1.3,217,15,5.3,8.6,1.3,222,16,423,29.37,,0,0,0,69.3,66.4,66.4,0.20,0.20,0.33
HERK,2017-08-21 12:35:00 EDT,43.03662,-75.00957,714,80.0,79.8,81.0,51.7,60.6,0.000,0.000,0.00,0.000,6.8,9.5,1.4,232,22,7.2,11.4,1.4,228,22,6.8,9.5,1.4,232,22,544,29.37,,0,0,0,69.3,66.4,66.4,0.20,0.20,0.33
HERK,2017-08-21 12:40:00 EDT,43.03662,-75.00957,714,81.3,80.2,82.7,54.9,63.5,0.000,0.000,0.00,0.000,5.7,8.8,1.3,269,12,6.5,10.5,1.5,265,10,5.7,8.8,1.3,269,12,810,29.37,,0,0,0,69.5,66.4,66.4,0.20,0.20,0.33
HERK,2017-08-21 12:45:00 EDT,43.03662,-75.00957,714,81.7,80.5,83.0,53.3,63.1,0.000,0.000,0.00,0.000,5.3,8.6,1.6,248,25,5.8,10.0,1.8,243,26,5.3,8.6,1.6,248,25,780,29.37,,0,0,0,69.6,66.4,66.4,0.20,0.20,0.33
HERK,2017-08-21 12:50:00 EDT,43.03662,-75.00957,714,82.3,81.1,83.7,53.6,63.8,0.000,0.000,0.00,0.000,5.2,8.4,1.3,225,24,5.5,9.4,1.4,221,25,5.2,8.4,1.3,225,24,790,29.37,,0,0,0,69.6,66.4,66.4,0.20,0.20,0.33
HERK,2017-08-21 12:55:00 EDT,43.03662,-75.00957,714,82.4,81.1,83.9,53.8,64.0,0.000,0.000,0.00,0.000,5.2,10.5,2.5,221,27,5.8,10.9,2.7,216,28,5.2,10.5,2.5,221,27,789,29.37,,0,0,0,69.7,66.4,66.4,0.20,0.20,0.32
HERK,2017-08-21 13:00:00 EDT,43.03662,-75.00957,714,82.1,81.2,83.1,51.5,62.5,0.000,0.000,0.00,0.000,7.8,11.3,1.6,254,19,8.5,13.0,1.7,251,18,7.8,11.3,1.6,254,19,801,29.37,,0,0,0,70.0,66.4,66.4,0.20,0.20,0.33
HERK,2017-08-21 13:05:00 EDT,43.03662,-75.00957,714,82.4,81.3,83.5,51.9,62.9,0.000,0.000,0.00,0.000,6.6,10.7,1.6,227,27,7.2,11.7,1.6,223,29,6.6,10.7,1.6,227,27,792,29.36,,0,0,0,70.0,66.4,66.4,0.20,0.20,0.33
HERK,2017-08-21 13:10:00 EDT,43.03662,-75.00957,714,82.0,81.1,82.7,49.3,61.2,0.000,0.000,0.00,0.000,6.8,13.7,3.3,241,18,7.0,14.8,3.4,237,18,6.8,13.7,3.3,241,18,786,29.36,,0,0,0,70.0,66.4,66.4,0.20,0.20,0.33
HERK,2017-08-21 13:15:00 EDT,43.03662,-75.00957,714,82.3,81.3,83.3,50.9,62.3,0.000,0.000,0.00,0.000,5.9,10.4,2.2,222,15,6.2,10.9,2.0,217,15,5.9,10.4,2.2,222,15,783,29.36,,0,0,0,70.3,66.4,66.4,0.20,0.20,0.33
HERK,2017-08-21 13:20:00 EDT,43.03662,-75.00957,714,82.3,81.2,83.4,51.8,62.8,0.000,0.000,0.00,0.000,5.8,9.9,1.9,222,16,6.1,11.9,1.9,217,16,5.8,9.9,1.9,222,16,773,29.36,,0,0,0,70.3,66.4,66.4,0.20,0.20,0.33
HERK,2017-08-21 13:25:00 EDT,43.03662,-75.00957,714,82.3,81.4,83.2,50.9,62.3,0.000,0.000,0.00,0.000,6.9,12.3,2.5,227,15,7.1,13.7,2.5,223,16,6.9,12.3,2.5,227,15,756,29.36,,0,0,0,70.4,66.4,66.4,0.20,0.20,0.33
HERK,2017-08-21 13:30:00 EDT,43.03662,-75.00957,714,82.7,81.7,83.8,51.5,63.0,0.000,0.000,0.00,0.000,5.1,9.1,2.0,211,19,5.3,10.0,2.1,207,20,5.1,9.1,2.0,211,19,772,29.36,,0,0,0,70.7,66.4,66.4,0.20,0.20,0.33
HERK,2017-08-21 13:35:00 EDT,43.03662,-75.00957,714,83.2,82.2,84.3,50.4,62.9,0.000,0.000,0.00,0.000,5.2,10.3,2.2,230,20,5.6,10.5,2.2,226,22,5.2,10.3,2.2,230,20,742,29.35,,0,0,0,70.7,66.4,66.4,0.20,0.20,0.33
HERK,2017-08-21 13:40:00 EDT,43.03662,-75.00957,714,83.0,82.1,83.8,49.5,62.2,0.000,0.000,0.00,0.000,5.0,12.3,2.6,235,18,5.3,12.1,2.6,232,18,5.0,12.3,2.6,235,18,698,29.35,,0,0,0,70.7,66.4,66.4,0.20,0.20,0.33
HERK,2017-08-21 13:45:00 EDT,43.03662,-75.00957,714,83.0,82.3,83.0,44.9,59.4,0.000,0.000,0.00,0.000,7.5,10.4,1.5,245,12,7.9,11.6,1.8,243,12,7.5,10.4,1.5,245,12,658,29.35,,0,0,0,70.7,66.4,66.4,0.20,0.20,0.33
HERK,2017-08-21 13:50:00 EDT,43.03662,-75.00957,714,82.7,82.2,82.8,45.2,59.3,0.000,0.000,0.00,0.000,8.7,13.6,2.3,256,13,9.3,14.9,2.6,253,13,8.7,13.6,2.3,256,13,616,29.35,,0,0,0,71.0,66.4,66.4,0.20,0.20,0.33
HERK,2017-08-21 13:55:00 EDT,43.03662,-75.00957,714,82.6,82.3,82.7,45.1,59.2,0.000,0.000,0.00,0.000,7.1,12.1,2.0,242,14,7.5,13.9,1.8,238,14,7.1,12.1,2.0,242,14,571,29.35,,0,0,0,71.1,66.4,66.4,0.20,0.20,0.33
HERK,2017-08-21 14:00:00 EDT,43.03662,-75.00957,714,82.4,82.2,82.6,45.7,59.4,0.000,0.000,0.00,0.000,4.9,9.2,1.7,254,23,5.5,11.5,2.1,251,22,4.9,9.2,1.7,254,23,521,29.35,,0,0,0,71.1,66.4,66.4,0.20,0.20,0.33
HERK,2017-08-21 14:05:00 EDT,43.03662,-75.00957,714,82.4,82.1,82.9,48.0,60.7,0.000,0.000,0.00,0.000,4.2,7.7,1.4,244,17,4.6,8.7,1.6,241,16,4.2,7.7,1.4,244,17,469,29.35,,0,0,0,71.1,66.4,66.4,0.20,0.20,0.33
HERK,2017-08-21 14:10:00 EDT,43.03662,-75.00957,714,82.0,81.9,82.5,48.0,60.4,0.000,0.000,0.00,0.000,5.3,8.0,1.2,240,13,5.5,8.8,1.4,236,13,5.3,8.0,1.2,240,13,422,29.35,,0,0,0,71.1,66.4,66.4,0.20,0.20,0.33
HERK,2017-08-21 14:15:00 EDT,43.03662,-75.00957,714,81.5,81.6,82.0,48.1,60.0,0.000,0.000,0.00,0.000,5.5,8.9,1.5,231,13,5.7,9.6,1.5,229,14,5.5,8.9,1.5,231,13,377,29.35,,0,0,0,71.1,66.4,66.4,0.20,0.20,0.33
HERK,2017-08-21 14:20:00 EDT,43.03662,-75.00957,714,81.0,81.2,81.7,49.5,60.4,0.000,0.000,0.00,0.000,6.0,10.9,1.9,229,13,6.1,10.4,1.6,222,14,6.0,10.9,1.9,229,13,333,29.34,,0,0,0,71.1,66.4,66.4,0.20,0.20,0.33
HERK,2017-08-21 14:25:00 EDT,43.03662,-75.00957,714,80.6,80.9,81.3,49.8,60.1,0.000,0.000,0.00,0.000,5.0,8.4,1.3,214,24,5.3,9.6,1.5,211,25,5.0,8.4,1.3,214,24,299,29.34,,0,0,0,71.1,66.4,66.4,0.20,0.20,0.33
HERK,2017-08-21 14:30:00 EDT,43.03662,-75.00957,714,80.4,80.9,81.2,50.6,60.4,0.000,0.000,0.00,0.000,5.5,9.1,1.4,213,32,6.0,11.1,1.6,208,34,5.5,9.1,1.4,213,32,276,29.34,,0,0,0,71.3,66.4,66.4,0.19,0.20,0.33
HERK,2017-08-21 14:35:00 EDT,43.03662,-75.00957,714,79.6,80.5,79.6,51.5,60.1,0.000,0.000,0.00,0.000,4.5,7.5,1.1,240,12,4.9,7.8,1.2,236,12,4.5,7.5,1.1,240,12,136,29.34,,0,0,0,71.2,66.4,66.4,0.19,0.20,0.33
HERK,2017-08-21 14:40:00 EDT,43.03662,-75.00957,714,78.7,80.0,78.7,52.9,60.1,0.000,0.000,0.00,0.000,4.3,8.0,1.2,239,9,4.6,7.8,1.2,236,10,4.3,8.0,1.2,239,9,108,29.34,,0,0,0,71.1,66.5,66.4,0.20,0.20,0.33
HERK,2017-08-21 14:45:00 EDT,43.03662,-75.00957,714,78.4,79.6,78.4,53.2,59.9,0.000,0.000,0.00,0.000,3.4,4.7,0.6,233,10,3.4,5.0,0.7,229,10,3.4,4.7,0.6,233,10,86,29.33,,0,0,0,71.1,66.4,66.4,0.20,0.20,0.33
HERK,2017-08-21 14:50:00 EDT,43.03662,-75.00957,714,78.2,79.4,78.2,54.5,60.5,0.000,0.000,0.00,0.000,3.6,5.1,0.5,234,11,3.6,4.9,0.6,229,10,3.6,5.1,0.5,234,11,130,29.33,,0,0,0,71.1,66.4,66.4,0.20,0.20,0.33
HERK,2017-08-21 14:55:00 EDT,43.03662,-75.00957,714,78.4,79.3,78.4,55.5,61.2,0.000,0.000,0.00,0.000,3.3,4.6,0.5,226,8,3.2,4.9,0.6,223,7,3.3,4.6,0.5,226,8,165,29.33,,0,0,0,71.1,66.6,66.4,0.20,0.20,0.33
HERK,2017-08-21 15:00:00 EDT,43.03662,-75.00957,714,78.6,79.2,78.6,55.0,61.1,0.000,0.000,0.00,0.000,3.1,5.1,0.9,214,11,3.1,5.3,0.9,211,11,3.1,5.1,0.9,214,11,167,29.33,,0,0,0,71.1,66.7,66.4,0.20,0.20,0.33
HERK,2017-08-21 15:05:00 EDT,43.03662,-75.00957,714,78.6,79.1,78.6,56.1,61.7,0.000,0.000,0.00,0.000,3.6,5.8,0.8,216,13,3.8,6.5,0.9,211,13,3.6,5.8,0.8,216,13,295,29.33,,0,0,0,71.1,66.7,66.4,0.20,0.20,0.33
HERK,2017-08-21 15:10:00 EDT,43.03662,-75.00957,714,79.3,79.3,79.3,56.2,62.3,0.000,0.000,0.00,0.000,2.8,4.0,0.6,225,15,2.9,4.2,0.6,221,14,2.8,4.0,0.6,225,15,343,29.33,,0,0,0,71.1,66.7,66.4,0.20,0.20,0.33
HERK,2017-08-21 15:15:00 EDT,43.03662,-75.00957,714,79.8,79.6,79.8,55.6,62.5,0.000,0.000,0.00,0.000,2.9,4.2,0.7,218,9,3.0,4.8,0.8,214,9,2.9,4.2,0.7,218,9,377,29.33,,0,0,0,71.1,66.7,66.4,0.20,0.20,0.33
HERK,2017-08-21 15:20:00 EDT,43.03662,-75.00957,714,80.1,79.9,81.5,55.9,62.9,0.000,0.000,0.00,0.000,2.7,4.2,0.8,203,13,3.0,4.9,0.8,198,14,2.7,4.2,0.8,203,13,419,29.33,,0,0,0,71.0,66.7,66.4,0.20,0.20,0.33
HERK,2017-08-21 15:25:00 EDT,43.03662,-75.00957,714,80.6,80.2,82.0,55.2,63.1,0.000,0.000,0.00,0.000,3.5,5.1,0.7,208,14,3.6,5.5,0.8,203,14,3.5,5.1,0.7,208,14,484,29.33,,0,0,0,71.0,66.7,66.4,0.20,0.20,0.33
HERK,2017-08-21 15:30:00 EDT,43.03662,-75.00957,714,80.9,80.6,82.1,53.4,62.4,0.000,0.000,0.00,0.000,1.2,2.8,0.7,229,18,1.6,3.6,0.6,228,22,1.2,2.8,0.7,229,18,505,29.33,,0,0,0,71.1,66.7,66.4,0.20,0.20,0.33
HERK,2017-08-21 15:35:00 EDT,43.03662,-75.00957,714,81.5,81.1,82.7,53.5,63.0,0.000,0.000,0.00,0.000,3.3,6.9,1.4,242,18,3.6,7.4,1.5,239,20,3.3,6.9,1.4,242,18,429,29.33,,0,0,0,71.1,66.7,66.4,0.19,0.20,0.33
HERK,2017-08-21 15:40:00 EDT,43.03662,-75.00957,714,81.3,81.0,82.7,54.6,63.4,0.000,0.000,0.00,0.000,4.9,7.1,0.9,253,9,5.3,7.9,1.1,249,9,4.9,7.1,0.9,253,9,471,29.33,,0,0,0,71.1,66.7,66.4,0.19,0.20,0.33
HERK,2017-08-21 15:45:00 EDT,43.03662,-75.00957,714,81.2,81.0,82.6,54.5,63.3,0.000,0.000,0.00,0.000,3.7,5.7,1.0,218,27,4.1,6.8,1.1,214,28,3.7,5.7,1.0,218,27,380,29.33,,0,0,0,71.1,66.7,66.4,0.19,0.20,0.33
HERK,2017-08-21 15:50:00 EDT,43.03662,-75.00957,714,81.8,81.3,83.3,54.6,63.9,0.000,0.000,0.00,0.000,3.4,6.1,1.3,217,31,3.8,7.2,1.5,214,33,3.4,6.1,1.3,217,31,590,29.33,,0,0,0,71.1,66.7,66.4,0.19,0.20,0.33
HERK,2017-08-21 15:55:00 EDT,43.03662,-75.00957,714,82.1,81.6,83.5,53.4,63.5,0.000,0.000,0.00,0.000,4.6,8.0,1.4,214,17,5.0,8.8,1.4,210,18,4.6,8.0,1.4,214,17,581,29.33,,0,0,0,71.1,66.7,66.4,0.19,0.20,0.33
HERK,2017-08-21 16:00:00 EDT,43.03662,-75.00957,714,82.1,81.7,83.6,54.3,64.0,0.000,0.000,0.00,0.000,6.0,8.8,1.5,191,13,6.5,9.7,1.7,185,11,6.0,8.8,1.5,191,13,586,29.32,,0,0,0,71.1,66.7,66.4,0.19,0.20,0.33
HERK,2017-08-21 16:05:00 EDT,43.03662,-75.00957,714,81.8,81.5,83.2,53.9,63.5,0.000,0.000,0.00,0.000,5.1,9.0,1.4,202,9,5.5,9.6,1.4,197,9,5.1,9.0,1.4,202,9,445,29.32,,0,0,0,71.1,66.7,66.4,0.19,0.20,0.33
HERK,2017-08-21 16:10:00 EDT,43.03662,-75.00957,714,82.3,81.8,83.8,54.0,64.0,0.000,0.000,0.00,0.000,4.4,7.0,1.3,207,18,4.8,7.6,1.4,201,17,4.4,7.0,1.3,207,18,575,29.32,,0,0,0,71.1,66.7,66.4,0.19,0.20,0.33
HERK,2017-08-21 16:15:00 EDT,43.03662,-75.00957,714,82.7,82.1,84.2,53.7,64.2,0.000,0.000,0.00,0.000,3.4,5.6,1.1,199,22,3.8,6.3,1.1,193,21,3.4,5.6,1.1,199,22,515,29.32,,0,0,0,71.1,66.7,66.4,0.19,0.20,0.33
HERK,2017-08-21 16:20:00 EDT,43.03662,-75.00957,714,81.7,81.7,83.1,54.4,63.6,0.000,0.000,0.00,0.000,5.9,11.0,2.0,244,20,6.4,12.2,2.3,242,20,5.9,11.0,2.0,244,20,348,29.32,,0,0,0,71.1,66.7,66.4,0.19,0.20,0.33
HERK,2017-08-21 16:25:00 EDT,43.03662,-75.00957,714,82.3,81.9,83.8,53.8,64.0,0.000,0.000,0.00,0.000,4.8,7.4,1.3,245,12,5.4,8.7,1.3,241,12,4.8,7.4,1.3,245,12,524,29.32,,0,0,0,71.1,66.7,66.4,0.19,0.20,0.33
HERK,2017-08-21 16:30:00 EDT,43.03662,-75.00957,714,82.3,81.8,83.5,52.5,63.2,0.000,0.000,0.00,0.000,4.8,6.7,1.0,240,16,5.1,7.6,1.2,237,16,4.8,6.7,1.0,240,16,459,29.32,,0,0,0,71.1,66.7,66.4,0.19,0.20,0.33
HERK,2017-08-21 16:35:00 EDT,43.03662,-75.00957,714,81.7,81.7,83.0,53.2,63.1,0.000,0.000,0.00,0.000,4.9,8.4,1.2,230,23,5.3,8.7,1.1,228,24,4.9,8.4,1.2,230,23,339,29.31,,0,0,0,71.1,66.8,66.4,0.19,0.20,0.33
HERK,2017-08-21 16:40:00 EDT,43.03662,-75.00957,714,81.8,81.6,83.0,52.7,62.9,0.000,0.000,0.00,0.000,6.6,10.0,1.1,218,12,6.9,9.3,1.1,214,11,6.6,10.0,1.1,218,12,489,29.31,,0,0,0,71.1,66.8,66.4,0.19,0.20,0.33
HERK,2017-08-21 16:45:00 EDT,43.03662,-75.00957,714,82.0,81.8,83.6,54.7,64.1,0.000,0.000,0.00,0.000,4.9,6.7,0.7,224,20,5.3,7.6,0.8,222,21,4.9,6.7,0.7,224,20,454,29.31,,0,0,0,71.1,66.9,66.4,0.19,0.20,0.33
HERK,2017-08-21 16:50:00 EDT,43.03662,-75.00957,714,82.3,82.0,83.8,53.8,63.9,0.000,0.000,0.00,0.000,4.9,6.8,0.9,221,11,5.0,7.3,0.9,217,12,4.9,6.8,0.9,221,11,437,29.31,,0,0,0,71.1,67.0,66.4,0.19,0.20,0.33
HERK,2017-08-21 16:55:00 EDT,43.03662,-75.00957,714,82.3,82.1,83.9,54.7,64.4,0.000,0.000,0.00,0.000,4.7,8.1,1.5,213,30,5.1,8.1,1.6,208,31,4.7,8.1,1.5,213,30,422,29.31,,0,0,0,71.1,67.1,66.4,0.19,0.20,0.33
HERK,2017-08-21 17:00:00 EDT,43.03662,-75.00957,714,82.1,82.0,83.5,53.9,63.7,0.000,0.000,0.00,0.000,6.1,9.4,1.5,210,13,6.6,10.2,1.6,205,14,6.1,9.4,1.5,210,13,403,29.31,,0,0,0,71.1,67.1,66.4,0.19,0.20,0.33
HERK,2017-08-21 17:05:00 EDT,43.03662,-75.00957,714,81.9,81.8,83.3,54.2,63.7,0.000,0.000,0.00,0.000,5.9,9.4,1.4,204,14,6.3,9.7,1.5,200,14,5.9,9.4,1.4,204,14,392,29.31,,0,0,0,71.1,67.1,66.4,0.19,0.20,0.33
HERK,2017-08-21 17:10:00 EDT,43.03662,-75.00957,714,81.9,81.9,83.5,55.3,64.3,0.000,0.000,0.00,0.000,5.3,7.4,0.9,222,26,5.7,8.0,1.0,216,27,5.3,7.4,0.9,222,26,382,29.31,,0,0,0,71.1,67.1,66.4,0.19,0.20,0.33
HERK,2017-08-21 17:15:00 EDT,43.03662,-75.00957,714,82.4,82.2,84.0,55.2,64.7,0.000,0.000,0.00,0.000,4.5,7.4,1.6,248,12,5.0,8.6,1.7,245,12,4.5,7.4,1.6,248,12,369,29.31,,0,0,0,71.1,67.1,66.4,0.19,0.20,0.33
HERK,2017-08-21 17:20:00 EDT,43.03662,-75.00957,714,82.1,82.1,83.6,54.1,63.9,0.000,0.000,0.00,0.000,5.5,8.5,1.3,238,13,5.7,9.2,1.4,233,13,5.5,8.5,1.3,238,13,356,29.31,,0,0,0,71.1,67.1,66.4,0.19,0.20,0.33
HERK,2017-08-21 17:25:00 EDT,43.03662,-75.00957,714,82.1,82.2,83.7,55.0,64.3,0.000,0.000,0.00,0.000,6.1,11.1,2.1,249,13,6.6,13.0,2.3,245,14,6.1,11.1,2.1,249,13,338,29.31,,0,0,0,71.1,67.1,66.4,0.19,0.20,0.33
HERK,2017-08-21 17:30:00 EDT,43.03662,-75.00957,714,81.8,82.0,83.4,55.4,64.3,0.000,0.000,0.00,0.000,4.9,7.1,1.0,246,12,5.3,8.0,1.3,243,11,4.9,7.1,1.0,246,12,321,29.31,,0,0,0,71.1,67.1,66.4,0.19,0.20,0.33
HERK,2017-08-21 17:35:00 EDT,43.03662,-75.00957,714,81.9,82.0,83.5,55.5,64.4,0.000,0.000,0.00,0.000,4.5,7.0,1.2,233,15,4.8,7.9,1.3,229,15,4.5,7.0,1.2,233,15,309,29.31,,0,0,0,71.1,67.1,66.4,0.19,0.20,0.33
HERK,2017-08-21 17:40:00 EDT,43.03662,-75.00957,714,81.7,81.9,83.2,54.9,63.9,0.000,0.000,0.00,0.000,5.3,8.4,1.3,232,23,5.6,10.2,1.5,229,23,5.3,8.4,1.3,232,23,299,29.31,,0,0,0,71.1,67.1,66.4,0.19,0.20,0.33
HERK,2017-08-21 17:45:00 EDT,43.03662,-75.00957,714,81.6,81.8,83.1,55.3,64.0,0.000,0.000,0.00,0.000,3.7,5.2,0.8,225,20,3.9,5.6,1.0,221,20,3.7,5.2,0.8,225,20,272,29.31,,0,0,0,71.1,67.1,66.4,0.19,0.20,0.33
HERK,2017-08-21 17:50:00 EDT,43.03662,-75.00957,714,81.6,81.9,83.2,55.7,64.2,0.000,0.000,0.00,0.000,5.5,8.0,1.3,241,15,5.9,8.5,1.3,238,15,5.5,8.0,1.3,241,15,267,29.30,,0,0,0,71.1,67.1,66.4,0.19,0.20,0.33
HERK,2017-08-21 17:55:00 EDT,43.03662,-75.00957,714,81.4,81.8,83.0,56.2,64.2,0.000,0.000,0.00,0.000,5.6,8.8,1.1,257,8,6.2,9.8,1.3,254,7,5.6,8.8,1.1,257,8,252,29.30,,0,0,0,71.1,67.1,66.4,0.19,0.20,0.33
HERK,2017-08-21 18:00:00 EDT,43.03662,-75.00957,714,81.2,81.7,82.7,55.6,63.8,0.000,0.000,0.00,0.000,5.0,9.1,1.2,228,24,5.4,10.7,1.4,223,25,5.0,9.1,1.2,228,24,236,29.30,,0,0,0,71.1,67.1,66.4,0.19,0.20,0.33
HERK,2017-08-21 18:05:00 EDT,43.03662,-75.00957,714,81.0,81.5,82.5,55.7,63.7,0.000,0.000,0.00,0.000,4.2,9.5,1.5,220,19,4.6,9.9,1.5,218,19,4.2,9.5,1.5,220,19,223,29.30,,0,0,0,71.1,67.1,66.4,0.19,0.20,0.33
HERK,2017-08-21 18:10:00 EDT,43.03662,-75.00957,714,80.8,81.3,82.1,55.2,63.2,0.000,0.000,0.00,0.000,4.8,7.5,1.1,220,15,5.0,7.8,1.1,216,14,4.8,7.5,1.1,220,15,208,29.30,,0,0,0,71.1,67.1,66.4,0.19,0.20,0.33
HERK,2017-08-21 18:15:00 EDT,43.03662,-75.00957,714,80.6,81.3,82.0,55.1,63.0,0.000,0.000,0.00,0.000,6.1,9.4,1.2,227,12,6.2,10.4,1.3,223,11,6.1,9.4,1.2,227,12,199,29.30,,0,0,0,71.1,67.1,66.4,0.19,0.20,0.33
HERK,2017-08-21 18:20:00 EDT,43.03662,-75.00957,714,80.6,81.2,82.0,55.7,63.3,0.000,0.000,0.00,0.000,5.2,8.7,1.4,237,16,5.5,9.9,1.5,233,16,5.2,8.7,1.4,237,16,177,29.30,,0,0,0,71.1,67.1,66.4,0.19,0.20,0.33
HERK,2017-08-21 18:25:00 EDT,43.03662,-75.00957,714,80.2,81.1,81.7,57.1,63.6,0.000,0.000,0.00,0.000,4.5,6.9,0.9,249,11,4.9,8.0,1.0,246,10,4.5,6.9,0.9,249,11,145,29.29,,0,0,0,71.1,67.1,66.4,0.19,0.20,0.33
HERK,2017-08-21 18:30:00 EDT,43.03662,-75.00957,714,79.9,81.0,79.9,58.8,64.2,0.000,0.000,0.00,0.000,4.6,6.6,1.0,242,12,4.9,7.0,1.2,239,10,4.6,6.6,1.0,242,12,156,29.29,,0,0,0,71.0,67.1,66.4,0.19,0.20,0.33
HERK,2017-08-21 18:35:00 EDT,43.03662,-75.00957,714,79.9,80.9,79.9,58.1,63.9,0.000,0.000,0.00,0.000,4.9,6.3,0.6,249,9,5.3,7.0,0.7,245,8,4.9,6.3,0.6,249,9,143,29.29,,0,0,0,71.0,67.1,66.4,0.19,0.20,0.33
HERK,2017-08-21 18:40:00 EDT,43.03662,-75.00957,714,79.7,80.7,79.7,59.2,64.2,0.000,0.000,0.00,0.000,3.7,5.5,0.7,252,9,4.1,5.9,0.8,250,10,3.7,5.5,0.7,252,9,135,29.29,,0,0,0,70.8,67.1,66.4,0.19,0.20,0.33
HERK,2017-08-21 18:45:00 EDT,43.03662,-75.00957,714,79.6,80.6,79.6,58.6,63.8,0.000,0.000,0.00,0.000,3.9,6.2,0.8,264,11,4.4,6.2,0.8,260,10,3.9,6.2,0.8,264,11,115,29.29,,0,0,0,70.7,67.1,66.5,0.19,0.20,0.33
HERK,2017-08-21 18:50:00 EDT,43.03662,-75.00957,714,79.4,80.5,79.4,59.6,64.1,0.000,0.000,0.00,0.000,3.7,4.7,0.6,269,10,4.1,5.4,0.7,266,10,3.7,4.7,0.6,269,10,104,29.29,,0,0,0,70.7,67.1,66.5,0.19,0.20,0.33
HERK,2017-08-21 18:55:00 EDT,43.03662,-75.00957,714,79.0,80.2,79.0,61.1,64.4,0.000,0.000,0.00,0.000,3.5,4.6,0.6,273,8,3.9,5.3,0.6,270,8,3.5,4.6,0.6,273,8,96,29.29,,0,0,0,70.7,67.1,66.5,0.19,0.20,0.33
HERK,2017-08-21 19:00:00 EDT,43.03662,-75.00957,714,78.3,79.9,78.3,63.7,65.0,0.000,0.000,0.00,0.000,3.3,4.6,0.4,266,7,3.7,5.0,0.5,262,7,3.3,4.6,0.4,266,7,84,29.30,,0,0,0,70.7,67.1,66.5,0.19,0.20,0.33
HERK,2017-08-21 19:05:00 EDT,43.03662,-75.00957,714,77.5,79.2,77.5,67.0,65.7,0.000,0.000,0.00,0.000,3.4,5.1,0.6,277,12,3.8,6.0,0.8,274,10,3.4,5.1,0.6,277,12,55,29.30,,0,0,0,70.7,67.1,66.5,0.19,0.20,0.33
HERK,2017-08-21 19:10:00 EDT,43.03662,-75.00957,714,76.8,78.5,76.8,70.5,66.5,0.000,0.000,0.00,0.000,3.5,4.7,0.4,296,13,3.6,5.6,0.6,292,12,3.5,4.7,0.4,296,13,49,29.30,,0,0,0,70.7,67.2,66.5,0.19,0.20,0.33
HERK,2017-08-21 19:15:00 EDT,43.03662,-75.00957,714,75.9,77.8,75.9,74.0,67.1,0.000,0.000,0.00,0.000,3.0,3.7,0.3,292,7,3.2,4.0,0.4,290,7,3.0,3.7,0.3,292,7,33,29.30,,0,0,0,70.7,67.2,66.5,0.19,0.20,0.33
HERK,2017-08-21 19:20:00 EDT,43.03662,-75.00957,714,75.1,77.2,75.1,77.6,67.6,0.000,0.000,0.00,0.000,3.3,3.9,0.2,287,5,3.7,4.7,0.3,284,4,3.3,3.9,0.2,287,5,28,29.30,,0,0,0,70.7,67.2,66.6,0.19,0.20,0.33
HERK,2017-08-21 19:25:00 EDT,43.03662,-75.00957,714,74.5,76.1,74.5,78.8,67.5,0.000,0.000,0.00,0.000,3.4,4.2,0.3,286,8,3.7,4.7,0.5,283,6,3.4,4.2,0.3,286,8,22,29.30,,0,0,0,70.7,67.3,66.5,0.19,0.20,0.33
HERK,2017-08-21 19:30:00 EDT,43.03662,-75.00957,714,73.9,75.6,73.9,80.2,67.5,0.000,0.000,0.00,0.000,3.4,3.9,0.3,295,3,3.7,4.5,0.4,291,4,3.4,3.9,0.3,295,3,18,29.30,,0,0,0,70.7,67.3,66.6,0.19,0.20,0.32
HERK,2017-08-21 19:35:00 EDT,43.03662,-75.00957,714,73.3,75.0,73.3,81.5,67.3,0.000,0.000,0.00,0.000,3.9,4.3,0.2,295,5,4.2,4.9,0.3,290,4,3.9,4.3,0.2,295,5,15,29.30,,0,0,0,70.7,67.4,66.7,0.19,0.20,0.33
HERK,2017-08-21 19:40:00 EDT,43.03662,-75.00957,714,72.6,74.8,72.6,83.0,67.2,0.000,0.000,0.00,0.000,3.8,4.2,0.2,296,6,4.1,4.8,0.3,291,5,3.8,4.2,0.2,296,6,11,29.30,,0,0,0,70.7,67.3,66.7,0.19,0.20,0.33
HERK,2017-08-21 19:45:00 EDT,43.03662,-75.00957,714,72.1,74.5,72.1,84.2,67.1,0.000,0.000,0.00,0.000,3.9,4.5,0.3,299,4,4.1,4.7,0.4,294,5,3.9,4.5,0.3,299,4,7,29.30,,0,0,0,70.6,67.4,66.7,0.19,0.20,0.32
HERK,2017-08-21 19:50:00 EDT,43.03662,-75.00957,714,71.7,73.9,71.7,85.0,67.0,0.000,0.000,0.00,0.000,3.8,4.5,0.3,292,5,4.1,4.9,0.4,288,4,3.8,4.5,0.3,292,5,4,29.30,,0,0,0,70.5,67.4,66.7,0.19,0.20,0.33
HERK,2017-08-21 19:55:00 EDT,43.03662,-75.00957,714,71.0,73.7,71.0,86.0,66.6,0.000,0.000,0.00,0.000,4.0,4.5,0.2,294,4,4.4,5.1,0.3,289,3,4.0,4.5,0.2,294,4,2,29.30,,0,0,0,70.4,67.5,66.7,0.19,0.20,0.33
HERK,2017-08-21 20:00:00 EDT,43.03662,-75.00957,714,70.9,73.0,70.9,86.7,66.7,0.000,0.000,0.00,0.000,3.4,3.8,0.2,296,3,3.6,4.1,0.2,292,4,3.4,3.8,0.2,296,3,1,29.30,,0,0,0,70.3,67.5,66.7,0.19,0.20,0.33
HERK,2017-08-21 20:05:00 EDT,43.03662,-75.00957,714,70.5,72.9,70.5,87.2,66.5,0.000,0.000,0.00,0.000,3.4,4.1,0.2,291,6,3.8,4.9,0.4,287,6,3.4,4.1,0.2,291,6,1,29.30,,0,0,0,70.3,67.5,66.7,0.19,0.20,0.33
HERK,2017-08-21 20:10:00 EDT,43.03662,-75.00957,714,70.3,72.2,70.3,87.3,66.4,0.000,0.000,0.00,0.000,3.8,4.5,0.3,285,8,4.2,5.3,0.5,282,7,3.8,4.5,0.3,285,8,0,29.30,,0,0,0,70.3,67.5,66.7,0.19,0.20,0.33
HERK,2017-08-21 20:15:00 EDT,43.03662,-75.00957,714,70.0,71.6,70.0,87.9,66.2,0.000,0.000,0.00,0.000,3.8,4.4,0.3,294,6,4.1,5.2,0.4,290,5,3.8,4.4,0.3,294,6,0,29.30,,0,0,0,70.3,67.5,66.7,0.19,0.20,0.33
HERK,2017-08-21 20:20:00 EDT,43.03662,-75.00957,714,69.6,71.5,69.6,89.1,66.2,0.000,0.000,0.00,0.000,3.6,4.0,0.2,303,4,3.7,4.4,0.3,299,5,3.6,4.0,0.2,303,4,0,29.30,,0,0,0,70.3,67.5,66.7,0.19,0.20,0.33
HERK,2017-08-21 20:25:00 EDT,43.03662,-75.00957,714,69.3,71.0,69.3,90.1,66.3,0.000,0.000,0.00,0.000,3.8,4.2,0.2,302,4,3.9,4.7,0.3,298,5,3.8,4.2,0.2,302,4,0,29.30,,0,0,0,70.3,67.5,66.7,0.19,0.20,0.33
HERK,2017-08-21 20:30:00 EDT,43.03662,-75.00957,714,69.2,71.3,69.2,90.5,66.3,0.000,0.000,0.00,0.000,3.9,4.7,0.3,304,4,4.0,5.3,0.4,300,5,3.9,4.7,0.3,304,4,0,29.30,,0,0,0,70.3,67.5,66.7,0.19,0.20,0.33
HERK,2017-08-21 20:35:00 EDT,43.03662,-75.00957,714,69.2,72.1,69.2,90.5,66.3,0.000,0.000,0.00,0.000,4.7,5.6,0.2,293,6,5.1,6.2,0.3,289,4,4.7,5.6,0.2,293,6,0,29.30,,0,0,0,70.0,67.5,66.7,0.19,0.20,0.33
HERK,2017-08-21 20:40:00 EDT,43.03662,-75.00957,714,69.2,72.1,69.2,90.6,66.3,0.000,0.000,0.00,0.000,4.2,4.8,0.2,303,4,4.3,4.9,0.2,298,5,4.2,4.8,0.2,303,4,0,29.30,,0,0,0,70.0,67.5,66.7,0.19,0.20,0.33
HERK,2017-08-21 20:45:00 EDT,43.03662,-75.00957,714,68.9,70.9,68.9,90.8,66.1,0.000,0.000,0.00,0.000,5.2,5.9,0.4,312,3,5.1,5.8,0.4,310,4,5.2,5.9,0.4,312,3,0,29.30,,0,0,0,70.0,67.5,66.7,0.19,0.20,0.33
HERK,2017-08-21 20:50:00 EDT,43.03662,-75.00957,714,68.9,70.9,68.9,90.9,66.1,0.000,0.000,0.00,0.000,4.5,5.6,0.8,306,5,4.6,5.8,0.8,302,6,4.5,5.6,0.8,306,5,0,29.30,,0,0,0,70.0,67.5,66.7,0.19,0.20,0.33
HERK,2017-08-21 20:55:00 EDT,43.03662,-75.00957,714,68.4,69.9,68.4,90.9,65.7,0.000,0.000,0.00,0.000,2.5,3.1,0.4,271,16,2.9,3.8,0.4,267,17,2.5,3.1,0.4,271,16,0,29.30,,0,0,0,70.0,67.5,66.7,0.19,0.20,0.32
HERK,2017-08-21 21:00:00 EDT,43.03662,-75.00957,714,69.0,71.0,69.0,90.9,66.3,0.000,0.000,0.00,0.000,3.0,4.1,0.5,291,12,3.2,4.0,0.4,288,12,3.0,4.1,0.5,291,12,0,29.30,,0,0,0,70.0,67.5,66.7,0.19,0.20,0.33
HERK,2017-08-21 21:05:00 EDT,43.03662,-75.00957,714,68.5,70.7,68.5,90.8,65.7,0.000,0.000,0.00,0.000,3.6,4.0,0.3,297,8,3.8,4.6,0.4,293,8,3.6,4.0,0.3,297,8,0,29.30,,0,0,0,70.0,67.5,66.7,0.19,0.20,0.33
HERK,2017-08-21 21:10:00 EDT,43.03662,-75.00957,714,68.2,70.0,68.2,91.7,65.7,0.000,0.000,0.00,0.000,4.1,5.1,0.5,304,4,4.2,5.2,0.6,300,5,4.1,5.1,0.5,304,4,0,29.30,,0,0,0,70.0,67.5,66.7,0.19,0.20,0.33
HERK,2017-08-21 21:15:00 EDT,43.03662,-75.00957,714,68.0,69.7,68.0,92.3,65.6,0.000,0.000,0.00,0.000,4.7,5.8,0.5,311,5,4.6,6.0,0.6,310,6,4.7,5.8,0.5,311,5,0,29.30,,0,0,0,70.0,67.5,66.7,0.19,0.20,0.33
HERK,2017-08-21 21:20:00 EDT,43.03662,-75.00957,714,68.3,71.0,68.3,92.3,65.9,0.000,0.000,0.00,0.000,4.0,5.0,0.6,301,10,4.0,5.5,0.7,298,10,4.0,5.0,0.6,301,10,0,29.30,,0,0,0,69.8,67.5,66.7,0.19,0.20,0.33
HERK,2017-08-21 21:25:00 EDT,43.03662,-75.00957,714,68.3,71.3,68.3,91.2,65.6,0.000,0.000,0.00,0.000,3.5,4.5,0.6,286,9,3.9,5.3,0.8,283,9,3.5,4.5,0.6,286,9,0,29.29,,0,0,0,69.7,67.5,66.7,0.19,0.20,0.33
HERK,2017-08-21 21:30:00 EDT,43.03662,-75.00957,714,68.3,70.9,68.3,90.6,65.4,0.000,0.000,0.00,0.000,3.9,5.7,0.6,288,7,4.3,6.2,0.7,284,6,3.9,5.7,0.6,288,7,0,29.29,,0,0,0,69.6,67.5,66.7,0.19,0.20,0.33
HERK,2017-08-21 21:35:00 EDT,43.03662,-75.00957,714,67.3,69.4,67.3,92.6,65.1,0.000,0.000,0.00,0.000,4.6,5.8,0.9,306,8,4.7,6.1,0.9,303,9,4.6,5.8,0.9,306,8,0,29.29,,0,0,0,69.6,67.5,66.7,0.19,0.20,0.33
HERK,2017-08-21 21:40:00 EDT,43.03662,-75.00957,714,67.6,69.9,67.6,93.4,65.6,0.000,0.000,0.00,0.000,4.0,5.1,0.4,295,10,4.2,5.6,0.6,291,10,4.0,5.1,0.4,295,10,0,29.29,,0,0,0,69.6,67.5,66.7,0.19,0.20,0.33
HERK,2017-08-21 21:45:00 EDT,43.03662,-75.00957,714,67.2,69.9,67.2,92.8,65.1,0.000,0.000,0.00,0.000,3.1,4.7,1.1,305,9,3.2,4.9,1.3,301,9,3.1,4.7,1.1,305,9,0,29.30,,0,0,0,69.6,67.5,66.7,0.19,0.20,0.33
HERK,2017-08-21 21:50:00 EDT,43.03662,-75.00957,714,67.4,69.8,67.4,93.5,65.4,0.000,0.000,0.00,0.000,1.8,3.1,0.7,259,25,2.1,3.5,0.8,256,29,1.8,3.1,0.7,259,25,0,29.30,,0,0,0,69.6,67.5,66.7,0.19,0.20,0.33
HERK,2017-08-21 21:55:00 EDT,43.03662,-75.00957,714,67.9,72.0,67.9,93.3,65.9,0.000,0.000,0.00,0.000,2.4,3.8,0.6,205,34,2.6,4.1,0.7,202,35,2.4,3.8,0.6,205,34,0,29.30,,0,0,0,69.6,67.5,66.7,0.19,0.20,0.33
HERK,2017-08-21 22:00:00 EDT,43.03662,-75.00957,714,69.0,73.1,69.0,91.4,66.4,0.000,0.000,0.00,0.000,4.2,7.0,1.1,241,23,4.6,7.6,1.3,237,21,4.2,7.0,1.1,241,23,0,29.30,,0,0,0,69.6,67.5,66.7,0.19,0.20,0.33
HERK,2017-08-21 22:05:00 EDT,43.03662,-75.00957,714,71.2,73.8,71.2,87.3,67.2,0.000,0.000,0.00,0.000,3.8,5.7,0.9,220,13,4.0,6.0,1.0,216,14,3.8,5.7,0.9,220,13,0,29.30,,0,0,0,69.6,67.5,66.7,0.19,0.20,0.33
HERK,2017-08-21 22:10:00 EDT,43.03662,-75.00957,714,72.1,73.9,72.1,82.6,66.5,0.000,0.000,0.00,0.000,3.6,6.1,1.0,221,13,3.8,7.6,1.2,215,13,3.6,6.1,1.0,221,13,0,29.30,,0,0,0,69.5,67.5,66.7,0.19,0.20,0.33
HERK,2017-08-21 22:15:00 EDT,43.03662,-75.00957,714,71.9,73.8,71.9,81.7,66.0,0.000,0.000,0.00,0.000,3.3,7.0,1.0,248,16,3.6,8.4,1.2,246,17,3.3,7.0,1.0,248,16,0,29.30,,0,0,0,69.3,67.5,66.7,0.19,0.20,0.33
HERK,2017-08-21 22:20:00 EDT,43.03662,-75.00957,714,71.9,73.7,71.9,81.8,66.1,0.000,0.000,0.00,0.000,4.9,8.5,1.3,245,17,5.4,9.8,1.4,242,17,4.9,8.5,1.3,245,17,0,29.30,,0,0,0,69.3,67.5,66.7,0.19,0.20,0.33
HERK,2017-08-21 22:25:00 EDT,43.03662,-75.00957,714,71.7,73.6,71.7,81.0,65.6,0.000,0.000,0.00,0.000,4.7,9.2,1.8,240,17,5.1,9.6,1.9,236,16,4.7,9.2,1.8,240,17,0,29.29,,0,0,0,69.3,67.5,66.7,0.19,0.20,0.33
HERK,2017-08-21 22:30:00 EDT,43.03662,-75.00957,714,72.1,73.7,72.1,79.8,65.5,0.000,0.000,0.00,0.000,4.7,7.7,1.1,229,12,4.9,8.5,1.3,225,12,4.7,7.7,1.1,229,12,0,29.30,,0,0,0,69.3,67.5,66.7,0.19,0.20,0.33
HERK,2017-08-21 22:35:00 EDT,43.03662,-75.00957,714,72.3,73.7,72.3,78.6,65.3,0.000,0.000,0.00,0.000,6.2,11.3,2.3,223,13,6.6,11.6,2.2,218,13,6.2,11.3,2.3,223,13,0,29.30,,0,0,0,69.3,67.5,66.7,0.19,0.20,0.33
HERK,2017-08-21 22:40:00 EDT,43.03662,-75.00957,714,72.5,73.5,72.5,77.5,65.1,0.000,0.000,0.00,0.000,6.1,9.4,1.4,227,12,6.3,10.1,1.4,224,11,6.1,9.4,1.4,227,12,0,29.30,,0,0,0,69.3,67.5,66.7,0.19,0.20,0.33
HERK,2017-08-21 22:45:00 EDT,43.03662,-75.00957,714,72.7,73.6,72.7,75.7,64.6,0.000,0.000,0.00,0.000,6.1,9.3,1.6,226,17,6.4,10.6,1.6,221,18,6.1,9.3,1.6,226,17,0,29.30,,0,0,0,69.3,67.5,66.7,0.19,0.20,0.33
HERK,2017-08-21 22:50:00 EDT,43.03662,-75.00957,714,72.3,73.4,72.3,76.1,64.4,0.000,0.000,0.00,0.000,5.6,9.3,1.7,227,12,5.9,9.5,1.6,223,12,5.6,9.3,1.7,227,12,0,29.30,,0,0,0,69.3,67.5,66.7,0.19,0.20,0.33
HERK,2017-08-21 22:55:00 EDT,43.03662,-75.00957,714,72.5,73.6,72.5,75.3,64.2,0.000,0.000,0.00,0.000,6.9,11.7,1.8,233,21,7.3,11.8,1.9,230,21,6.9,11.7,1.8,233,21,0,29.30,,0,0,0,69.3,67.5,66.7,0.19,0.20,0.33
HERK,2017-08-21 23:00:00 EDT,43.03662,-75.00957,714,72.2,73.2,72.2,75.4,64.0,0.000,0.000,0.00,0.000,5.1,9.4,1.5,236,18,5.4,10.1,1.6,233,18,5.1,9.4,1.5,236,18,0,29.30,,0,0,0,69.3,67.5,66.7,0.19,0.20,0.33
HERK,2017-08-21 23:05:00 EDT,43.03662,-75.00957,714,71.9,73.2,71.9,75.4,63.7,0.000,0.000,0.00,0.000,5.0,8.3,1.2,250,21,5.5,9.9,1.3,248,20,5.0,8.3,1.2,250,21,0,29.30,,0,0,0,69.3,67.5,66.7,0.19,0.20,0.33
HERK,2017-08-21 23:10:00 EDT,43.03662,-75.00957,714,72.1,73.1,72.1,75.0,63.7,0.000,0.000,0.00,0.000,4.3,8.0,1.2,253,18,4.9,9.2,1.4,250,17,4.3,8.0,1.2,253,18,0,29.30,,0,0,0,69.3,67.5,66.7,0.19,0.20,0.33
HERK,2017-08-21 23:15:00 EDT,43.03662,-75.00957,714,72.3,73.4,72.3,74.3,63.7,0.000,0.000,0.00,0.000,6.3,12.4,1.9,251,22,6.9,13.3,2.0,248,21,6.3,12.4,1.9,251,22,0,29.30,,0,0,0,69.3,67.5,66.7,0.19,0.20,0.33
HERK,2017-08-21 23:20:00 EDT,43.03662,-75.00957,714,72.7,73.6,72.7,73.0,63.5,0.000,0.000,0.00,0.000,7.1,13.2,1.9,257,17,7.6,13.9,1.9,253,17,7.1,13.2,1.9,257,17,0,29.30,,0,0,0,69.3,67.5,66.7,0.19,0.20,0.33
HERK,2017-08-21 23:25:00 EDT,43.03662,-75.00957,714,72.7,73.4,72.7,72.7,63.4,0.000,0.000,0.00,0.000,5.5,9.1,1.4,264,15,6.0,10.3,1.5,260,13,5.5,9.1,1.4,264,15,0,29.30,,0,0,0,69.2,67.5,66.7,0.19,0.20,0.33
HERK,2017-08-21 23:30:00 EDT,43.03662,-75.00957,714,72.3,73.2,72.3,73.4,63.3,0.000,0.000,,0.000,6.7,10.7,1.8,261,15,7.2,13.1,2.1,259,14,6.7,10.7,1.8,261,15,0,29.29,,0,0,0,69.2,67.5,66.7,0.19,0.20,0.33
HERK,2017-08-21 23:35:00 EDT,43.03662,-75.00957,714,72.3,73.1,72.3,73.8,63.5,0.000,0.000,0.00,0.000,5.6,10.2,1.3,266,18,6.2,12.0,1.6,263,17,5.6,10.2,1.3,266,18,0,29.30,,0,0,0,69.2,67.5,66.7,0.19,0.20,0.33
HERK,2017-08-21 23:40:00 EDT,43.03662,-75.00957,714,72.3,73.1,72.3,74.2,63.6,0.000,0.000,0.00,0.000,6.8,12.8,2.0,263,20,7.3,13.6,2.0,260,19,6.8,12.8,2.0,263,20,0,29.30,,0,0,0,69.2,67.5,66.7,0.19,0.20,0.33
HERK,2017-08-21 23:45:00 EDT,43.03662,-75.00957,714,72.2,73.0,72.2,74.4,63.6,0.000,0.000,0.00,0.000,5.0,7.7,1.0,270,14,5.6,9.2,1.1,267,14,5.0,7.7,1.0,270,14,0,29.30,,0,0,0,69.1,67.5,66.7,0.19,0.20,0.33
HERK,2017-08-21 23:50:00 EDT,43.03662,-75.00957,714,72.1,72.9,72.1,74.9,63.7,0.000,0.000,0.00,0.000,5.6,9.1,1.6,266,14,6.3,10.5,1.8,264,13,5.6,9.1,1.6,266,14,0,29.30,,0,0,0,69.0,67.5,66.7,0.19,0.20,0.33
HERK,2017-08-21 23:55:00 EDT,43.03662,-75.00957,714,72.1,73.0,72.1,74.9,63.7,0.000,0.000,0.00,0.000,5.5,8.7,1.2,263,15,6.1,10.3,1.4,260,14,5.5,8.7,1.2,263,15,0,29.29,,0,0,0,68.9,67.5,66.7,0.19,0.20,0.33
HFAL,2017-08-21 00:00:00 EDT,41.79880,-74.12312,634,63.9,65.2,63.9,83.3,58.7,0.000,0.000,0.00,0.000,0.9,1.9,0.6,225,12,1.3,2.3,0.4,221,16,0.9,1.9,0.6,225,12,0,29.49,17.1,0,0,0,71.1,71.4,69.3,0.34,0.31,0.26
HFAL,2017-08-21 00:05:00 EDT,41.79880,-74.12312,634,64.0,65.1,64.0,84.4,59.2,0.000,0.000,0.00,0.000,0.9,1.6,0.5,227,16,1.2,2.1,0.5,228,19,0.9,1.6,0.5,227,16,0,29.49,17.2,0,0,0,71.0,71.4,69.3,0.35,0.31,0.26
HFAL,2017-08-21 00:10:00 EDT,41.79880,-74.12312,634,64.2,65.3,64.2,84.8,59.5,0.000,0.000,0.00,0.000,1.0,1.8,0.3,195,23,1.4,2.1,0.3,194,22,1.0,1.8,0.3,195,23,0,29.49,17.1,0,0,0,71.0,71.4,69.3,0.35,0.31,0.26
HFAL,2017-08-21 00:15:00 EDT,41.79880,-74.12312,634,63.9,65.6,63.9,84.2,59.0,0.000,0.000,0.00,0.000,2.1,3.1,0.6,150,17,2.3,3.8,0.6,150,15,2.1,3.1,0.6,150,17,0,29.49,,0,0,0,70.7,71.4,69.3,0.35,0.31,0.26
HFAL,2017-08-21 00:20:00 EDT,41.79880,-74.12312,634,63.4,67.5,63.4,84.9,58.8,0.000,0.000,0.00,0.000,2.4,3.9,0.5,183,21,2.8,4.8,0.6,183,20,2.4,3.9,0.5,183,21,0,29.49,,0,0,0,70.7,71.4,69.3,0.35,0.31,0.26
HFAL,2017-08-21 00:25:00 EDT,41.79880,-74.12312,634,65.7,68.7,65.7,81.5,59.9,0.000,0.000,0.00,0.000,1.4,3.4,1.0,193,18,1.8,4.0,1.1,192,18,1.4,3.4,1.0,193,18,0,29.49,,0,0,0,70.7,71.4,69.3,0.35,0.31,0.26
HFAL,2017-08-21 00:30:00 EDT,41.79880,-74.12312,634,65.3,67.9,65.3,81.0,59.3,0.000,0.000,0.00,0.000,0.4,2.2,0.5,224,42,0.8,2.7,0.7,227,43,0.4,2.2,0.5,224,42,0,29.49,,0,0,0,70.7,71.4,69.3,0.35,0.31,0.26
HFAL,2017-08-21 00:35:00 EDT,41.79880,-74.12312,634,65.1,67.5,65.1,80.4,59.0,0.000,0.000,0.00,0.000,1.1,3.5,0.8,255,39,1.4,3.5,0.9,264,40,1.1,3.5,0.8,255,39,0,29.50,,0,0,0,70.7,71.4,69.3,0.35,0.31,0.26
HFAL,2017-08-21 00:40:00 EDT,41.79880,-74.12312,634,64.3,65.6,64.3,82.6,58.9,0.000,0.000,0.00,0.000,0.1,0.7,0.2,317,4,0.2,1.3,0.4,314,23,0.1,0.7,0.2,317,4,0,29.50,,0,0,0,70.7,71.4,69.3,0.35,0.31,0.26
HFAL,2017-08-21 00:45:00 EDT,41.79880,-74.12312,634,64.2,65.5,64.2,83.5,59.1,0.000,0.000,0.00,0.000,0.2,1.2,0.3,261,11,0.6,1.7,0.5,248,35,0.2,1.2,0.3,261,11,0,29.50,11.3,0,0,0,70.7,71.4,69.3,0.35,0.31,0.26
HFAL,2017-08-21 00:50:00 EDT,41.79880,-74.12312,634,63.9,65.5,63.9,84.9,59.3,0.000,0.000,0.00,0.000,0.2,1.1,0.3,221,14,0.5,1.7,0.5,176,39,0.2,1.1,0.3,221,14,0,29.50,12.0,0,0,0,70.7,71.4,69.3,0.35,0.31,0.26
HFAL,2017-08-21 00:55:00 EDT,41.79880,-74.12312,634,64.4,67.5,64.4,84.1,59.5,0.000,0.000,0.00,0.000,0.4,1.2,0.4,192,12,0.8,1.8,0.5,186,16,0.4,1.2,0.4,192,12,0,29.50,11.4,0,0,0,70.7,71.4,69.3,0.35,0.31,0.26
HFAL,2017-08-21 01:00:00 EDT,41.79880,-74.12312,634,64.4,67.5,64.4,83.9,59.4,0.000,0.000,0.00,0.000,0.6,1.6,0.5,250,13,0.9,2.3,0.6,252,18,0.6,1.6,0.5,250,13,0,29.50,11.9,0,0,0,70.7,71.4,69.3,0.35,0.31,0.26
HFAL,2017-08-21 01:05:00 EDT,41.79880,-74.12312,634,65.0,66.6,65.0,82.6,59.6,0.000,0.000,0.00,0.000,0.7,2.0,0.6,229,21,1.0,2.4,0.6,228,28,0.7,2.0,0.6,229,21,0,29.50,10.9,0,0,0,70.6,71.4,69.3,0.34,0.31,0.26
HFAL,2017-08-21 01:10:00 EDT,41.79880,-74.12312,634,64.9,66.4,64.9,81.6,59.1,0.000,0.000,0.00,0.000,0.9,1.4,0.3,203,22,1.3,2.0,0.4,200,20,0.9,1.4,0.3,203,22,0,29.50,11.7,0,0,0,70.5,71.4,69.3,0.35,0.31,0.26
HFAL,2017-08-21 01:15:00 EDT,41.79880,-74.12312,634,64.8,67.2,64.8,81.2,58.9,0.000,0.000,0.00,0.000,1.9,3.7,0.7,189,15,2.1,4.2,0.7,187,13,1.9,3.7,0.7,189,15,0,29.49,,0,0,0,70.3,71.4,69.3,0.35,0.31,0.26
HFAL,2017-08-21 01:20:00 EDT,41.79880,-74.12312,634,66.1,68.7,66.1,79.6,59.6,0.000,0.000,0.00,0.000,2.2,4.4,1.0,189,17,2.6,5.3,1.2,191,17,2.2,4.4,1.0,189,17,0,29.49,,0,0,0,70.3,71.4,69.3,0.35,0.31,0.26
HFAL,2017-08-21 01:25:00 EDT,41.79880,-74.12312,634,66.7,69.1,66.7,77.6,59.5,0.000,0.000,0.00,0.000,2.1,3.9,0.7,204,15,2.4,5.1,0.8,205,15,2.1,3.9,0.7,204,15,0,29.50,11.6,0,0,0,70.3,71.4,69.3,0.35,0.31,0.26
HFAL,2017-08-21 01:30:00 EDT,41.79880,-74.12312,634,66.5,68.5,66.5,77.5,59.2,0.000,0.000,0.00,0.000,1.9,4.1,0.7,200,12,2.2,5.7,0.8,203,14,1.9,4.1,0.7,200,12,0,29.50,12.2,0,0,0,70.3,71.4,69.3,0.35,0.31,0.26
HFAL,2017-08-21 01:35:00 EDT,41.79880,-74.12312,634,66.1,68.2,66.1,77.9,59.0,0.000,0.000,0.00,0.000,1.9,3.4,0.6,202,15,2.2,4.7,0.7,202,16,1.9,3.4,0.6,202,15,0,29.50,,0,0,0,70.3,71.4,69.3,0.35,0.31,0.26
HFAL,2017-08-21 01:40:00 EDT,41.79880,-74.12312,634,66.0,68.3,66.0,78.6,59.2,0.000,0.000,0.00,0.000,1.6,3.4,0.6,204,14,2.0,5.1,0.7,207,16,1.6,3.4,0.6,204,14,0,29.50,10.6,0,0,0,70.3,71.4,69.3,0.35,0.31,0.26
HFAL,2017-08-21 01:45:00 EDT,41.79880,-74.12312,634,66.8,68.5,66.8,77.3,59.5,0.000,0.000,0.00,0.000,2.2,4.0,0.6,192,19,2.4,5.0,0.8,193,18,2.2,4.0,0.6,192,19,0,29.50,,0,0,0,70.3,71.4,69.3,0.35,0.31,0.26
HFAL,2017-08-21 01:50:00 EDT,41.79880,-74.12312,634,67.2,68.7,67.2,75.6,59.2,0.000,0.000,0.00,0.000,2.2,4.6,1.0,184,18,2.6,4.7,0.9,186,20,2.2,4.6,1.0,184,18,0,29.49,,0,0,0,70.3,71.4,69.3,0.35,0.31,0.26
HFAL,2017-08-21 01:55:00 EDT,41.79880,-74.12312,634,67.3,68.7,67.3,74.7,59.0,0.000,0.000,0.00,0.000,2.3,4.6,0.9,194,23,2.7,5.4,0.8,194,24,2.3,4.6,0.9,194,23,0,29.49,10.6,0,0,0,70.1,71.4,69.3,0.35,0.31,0.26
HFAL,2017-08-21 02:00:00 EDT,41.79880,-74.12312,634,66.7,68.5,66.7,75.6,58.7,0.000,0.000,0.00,0.000,1.5,3.1,0.8,192,16,2.0,4.3,0.9,191,15,1.5,3.1,0.8,192,16,0,29.49,11.6,0,0,0,70.1,71.4,69.3,0.35,0.31,0.26
HFAL,2017-08-21 02:05:00 EDT,41.79880,-74.12312,634,67.0,68.6,67.0,76.0,59.2,0.000,0.000,0.00,0.000,2.0,3.4,0.7,197,18,2.4,4.5,0.8,199,16,2.0,3.4,0.7,197,18,0,29.49,,0,0,0,70.0,71.4,69.3,0.35,0.31,0.26
HFAL,2017-08-21 02:10:00 EDT,41.79880,-74.12312,634,66.9,68.3,66.9,75.9,59.0,0.000,0.000,0.00,0.000,1.9,3.9,0.7,197,18,2.3,4.0,0.7,199,17,1.9,3.9,0.7,197,18,0,29.49,,0,0,0,70.0,71.2,69.3,0.35,0.31,0.26
HFAL,2017-08-21 02:15:00 EDT,41.79880,-74.12312,634,66.7,68.1,66.7,76.5,59.1,0.000,0.000,0.00,0.000,1.3,2.7,0.6,199,20,1.6,3.1,0.6,199,20,1.3,2.7,0.6,199,20,0,29.49,11.5,0,0,0,70.0,71.1,69.3,0.35,0.31,0.26
HFAL,2017-08-21 02:20:00 EDT,41.79880,-74.12312,634,66.5,67.9,66.5,77.0,59.1,0.000,0.000,0.00,0.000,1.8,4.0,0.8,199,22,2.3,5.0,0.9,202,22,1.8,4.0,0.8,199,22,0,29.49,12.9,0,0,0,70.0,71.1,69.3,0.34,0.31,0.26
HFAL,2017-08-21 02:25:00 EDT,41.79880,-74.12312,634,67.2,68.0,67.2,75.8,59.3,0.000,0.000,0.00,0.000,2.0,3.3,0.6,199,20,2.4,3.7,0.7,200,20,2.0,3.3,0.6,199,20,0,29.49,13.1,0,0,0,70.0,71.1,69.3,0.35,0.31,0.26
HFAL,2017-08-21 02:30:00 EDT,41.79880,-74.12312,634,67.0,68.1,67.0,75.9,59.1,0.000,0.000,0.00,0.000,2.6,3.9,0.5,201,18,3.1,5.3,0.7,203,16,2.6,3.9,0.5,201,18,0,29.49,,0,0,0,70.0,71.1,69.3,0.35,0.31,0.26
HFAL,2017-08-21 02:35:00 EDT,41.79880,-74.12312,634,66.1,67.6,66.1,77.0,58.7,0.000,0.000,0.00,0.000,0.9,2.8,0.7,207,20,1.2,3.1,0.9,205,22,0.9,2.8,0.7,207,20,0,29.49,10.5,0,0,0,70.0,71.1,69.3,0.35,0.31,0.26
HFAL,2017-08-21 02:40:00 EDT,41.79880,-74.12312,634,66.5,67.6,66.5,77.7,59.3,0.000,0.000,0.00,0.000,1.2,3.1,0.6,201,26,1.5,3.2,0.6,197,24,1.2,3.1,0.6,201,26,0,29.49,10.7,0,0,0,70.0,71.1,69.3,0.35,0.31,0.26
HFAL,2017-08-21 02:45:00 EDT,41.79880,-74.12312,634,66.0,67.4,66.0,77.8,58.9,0.000,0.000,0.00,0.000,0.5,1.8,0.5,201,5,0.8,1.9,0.6,201,15,0.5,1.8,0.5,201,5,0,29.49,10.1,0,0,0,70.0,71.1,69.3,0.35,0.31,0.26
HFAL,2017-08-21 02:50:00 EDT,41.79880,-74.12312,634,65.9,67.4,65.9,78.3,59.0,0.000,0.000,0.00,0.000,0.2,1.2,0.3,191,11,0.7,1.9,0.6,188,16,0.2,1.2,0.3,191,11,0,29.49,11.5,0,0,0,70.0,71.1,69.3,0.35,0.31,0.26
HFAL,2017-08-21 02:55:00 EDT,41.79880,-74.12312,634,66.2,67.4,66.2,77.9,59.1,0.000,0.000,0.00,0.000,0.6,2.0,0.5,202,29,1.1,2.5,0.5,199,30,0.6,2.0,0.5,202,29,0,29.49,12.4,0,0,0,70.0,71.1,69.3,0.35,0.31,0.26
HFAL,2017-08-21 03:00:00 EDT,41.79880,-74.12312,634,65.3,67.2,65.3,79.2,58.7,0.000,0.000,0.00,0.000,0.3,1.0,0.3,210,21,0.5,1.9,0.5,213,26,0.3,1.0,0.3,210,21,0,29.49,12.6,0,0,0,70.0,71.1,69.3,0.35,0.31,0.26
HFAL,2017-08-21 03:05:00 EDT,41.79880,-74.12312,634,65.7,67.1,65.7,80.0,59.3,0.000,0.000,0.00,0.000,0.5,3.1,0.8,205,13,0.7,3.3,0.8,202,19,0.5,3.1,0.8,205,13,0,29.49,12.4,0,0,0,70.0,71.1,69.3,0.35,0.31,0.26
HFAL,2017-08-21 03:10:00 EDT,41.79880,-74.12312,634,65.0,66.5,65.0,80.4,58.8,0.000,0.000,0.00,0.000,0.1,0.9,0.2,284,20,0.3,1.3,0.5,296,24,0.1,0.9,0.2,284,20,0,29.49,,0,0,0,70.0,71.1,69.3,0.35,0.31,0.26
HFAL,2017-08-21 03:15:00 EDT,41.79880,-74.12312,634,63.2,64.3,63.2,84.1,58.3,0.000,0.000,0.00,0.000,0.1,0.9,0.3,326,3,0.4,1.2,0.5,346,19,0.1,0.9,0.3,326,3,0,29.49,,0,0,0,69.8,71.1,69.3,0.34,0.31,0.26
HFAL,2017-08-21 03:20:00 EDT,41.79880,-74.12312,634,62.4,63.0,62.4,87.7,58.7,0.000,0.000,0.00,0.000,0.6,1.0,0.3,338,6,0.9,1.5,0.5,342,11,0.6,1.0,0.3,338,6,0,29.49,,0,0,0,69.6,71.1,69.3,0.34,0.31,0.26
HFAL,2017-08-21 03:25:00 EDT,41.79880,-74.12312,634,62.3,62.9,62.3,88.8,59.0,0.000,0.000,0.00,0.000,0.0,1.0,0.2,287,2,0.2,2.0,0.4,318,17,0.0,1.0,0.2,287,2,0,29.49,12.0,0,0,0,69.6,71.1,69.3,0.34,0.31,0.26
HFAL,2017-08-21 03:30:00 EDT,41.79880,-74.12312,634,62.5,62.7,62.5,89.6,59.4,0.000,0.000,0.00,0.000,0.0,0.4,0.1,346,3,0.3,1.4,0.4,358,17,0.0,0.4,0.1,346,3,0,29.49,11.1,0,0,0,69.6,71.1,69.3,0.35,0.31,0.26
HFAL,2017-08-21 03:35:00 EDT,41.79880,-74.12312,634,62.2,62.6,62.2,89.7,59.1,0.000,0.000,0.00,0.000,0.1,0.7,0.2,210,1,0.2,1.2,0.4,207,6,0.1,0.7,0.2,210,1,0,29.49,12.1,0,0,0,69.6,71.1,69.3,0.35,0.31,0.26
HFAL,2017-08-21 03:40:00 EDT,41.79880,-74.12312,634,62.1,62.8,62.1,89.7,59.0,0.000,0.000,0.00,0.000,0.1,0.6,0.2,168,9,0.4,1.2,0.4,162,11,0.1,0.6,0.2,168,9,0,29.49,10.6,0,0,0,69.6,71.1,69.3,0.35,0.31,0.26
HFAL,2017-08-21 03:45:00 EDT,41.79880,-74.12312,634,61.7,62.5,61.7,90.2,58.8,0.000,0.000,0.00,0.000,0.0,0.0,0.0,0,0,0.2,1.1,0.4,192,3,0.0,0.0,0.0,0,0,0,29.49,11.0,0,0,0,69.6,71.1,69.3,0.35,0.31,0.26
HFAL,2017-08-21 03:50:00 EDT,41.79880,-74.12312,634,61.6,62.1,61.6,91.5,59.1,0.000,0.000,0.00,0.000,0.0,0.0,0.0,0,0,0.3,1.0,0.4,212,18,0.0,0.0,0.0,0,0,0,29.49,10.8,0,0,0,69.6,71.0,69.3,0.35,0.31,0.26
HFAL,2017-08-21 03:55:00 EDT,41.79880,-74.12312,634,61.5,62.0,61.5,91.7,59.1,0.000,0.000,0.00,0.000,0.0,0.0,0.0,0,0,0.1,0.9,0.3,155,11,0.0,0.0,0.0,0,0,0,29.49,11.9,0,0,0,69.6,71.0,69.3,0.35,0.31,0.26
HFAL,2017-08-21 04:00:00 EDT,41.79880,-74.12312,634,61.5,62.2,61.5,91.4,59.0,0.000,0.000,0.00,0.000,0.0,0.0,0.0,0,0,0.0,0.7,0.2,164,3,0.0,0.0,0.0,0,0,0,29.49,10.5,0,0,0,69.6,71.0,69.3,0.34,0.31,0.26
HFAL,2017-08-21 04:05:00 EDT,41.79880,-74.12312,634,61.4,62.1,61.4,91.6,58.9,0.000,0.000,0.00,0.000,0.0,0.0,0.0,0,0,0.1,0.9,0.3,97,9,0.0,0.0,0.0,0,0,0,29.49,10.6,0,0,0,69.6,70.9,69.3,0.34,0.31,0.26
HFAL,2017-08-21 04:10:00 EDT,41.79880,-74.12312,634,61.2,62.2,61.2,91.8,58.8,0.000,0.000,0.00,0.000,0.1,0.7,0.2,279,4,0.6,1.3,0.4,228,57,0.1,0.7,0.2,279,4,0,29.49,10.8,0,0,0,69.6,70.8,69.3,0.34,0.31,0.26
HFAL,2017-08-21 04:15:00 EDT,41.79880,-74.12312,634,60.9,61.8,60.9,92.7,58.8,0.000,0.000,0.00,0.000,0.2,0.7,0.3,181,37,0.6,1.4,0.5,166,35,0.2,0.7,0.3,181,37,0,29.49,10.9,0,0,0,69.5,70.7,69.3,0.34,0.31,0.26
HFAL,2017-08-21 04:20:00 EDT,41.79880,-74.12312,634,60.8,61.9,60.8,92.5,58.6,0.000,0.000,0.00,0.000,0.0,0.6,0.1,146,0,0.2,1.1,0.4,141,10,0.0,0.6,0.1,146,0,0,29.49,11.5,0,0,0,69.4,70.7,69.3,0.34,0.31,0.26
HFAL,2017-08-21 04:25:00 EDT,41.79880,-74.12312,634,60.9,61.8,60.9,93.2,58.9,0.000,0.000,0.00,0.000,0.5,1.4,0.5,173,11,0.8,1.9,0.7,172,11,0.5,1.4,0.5,173,11,0,29.49,,0,0,0,69.3,70.7,69.3,0.34,0.31,0.26
HFAL,2017-08-21 04:30:00 EDT,41.79880,-74.12312,634,60.9,61.7,60.9,93.5,59.0,0.000,0.000,0.00,0.000,0.0,0.0,0.0,0,0,0.1,1.3,0.3,180,11,0.0,0.0,0.0,0,0,0,29.49,13.8,0,0,0,69.3,70.7,69.3,0.35,0.31,0.26
HFAL,2017-08-21 04:35:00 EDT,41.79880,-74.12312,634,60.9,61.8,60.9,94.0,59.2,0.000,0.000,0.00,0.000,0.0,0.0,0.0,0,0,0.3,1.1,0.4,167,15,0.0,0.0,0.0,0,0,0,29.49,13.7,0,0,0,69.3,70.7,69.3,0.35,0.31,0.26
HFAL,2017-08-21 04:40:00 EDT,41.79880,-74.12312,634,60.3,62.1,60.3,93.7,58.5,0.000,0.000,0.00,0.000,0.2,0.7,0.2,190,4,0.6,1.4,0.5,187,9,0.2,0.7,0.2,190,4,0,29.49,13.7,0,0,0,69.3,70.7,69.3,0.35,0.31,0.26
HFAL,2017-08-21 04:45:00 EDT,41.79880,-74.12312,634,61.1,62.5,61.1,94.9,59.6,0.000,0.000,0.00,0.000,0.9,2.1,0.4,197,11,1.3,2.8,0.4,195,18,0.9,2.1,0.4,197,11,0,29.49,13.7,0,0,0,69.3,70.7,69.3,0.35,0.31,0.26
HFAL,2017-08-21 04:50:00 EDT,41.79880,-74.12312,634,61.7,63.1,61.7,93.8,59.9,0.000,0.000,0.00,0.000,1.0,1.9,0.4,186,21,1.3,2.2,0.4,184,22,1.0,1.9,0.4,186,21,0,29.49,13.8,0,0,0,69.3,70.7,69.3,0.35,0.31,0.26
HFAL,2017-08-21 04:55:00 EDT,41.79880,-74.12312,634,61.1,63.0,61.1,92.9,59.0,0.000,0.000,0.00,0.000,0.4,1.5,0.4,152,12,1.0,1.7,0.5,149,19,0.4,1.5,0.4,152,12,0,29.49,13.5,0,0,0,69.3,70.7,69.3,0.35,0.31,0.26
HFAL,2017-08-21 05:00:00 EDT,41.79880,-74.12312,634,60.3,62.4,60.3,93.4,58.4,0.000,0.000,0.00,0.000,0.6,1.4,0.4,134,10,0.9,1.7,0.5,135,16,0.6,1.4,0.4,134,10,0,29.49,13.6,0,0,0,69.3,70.7,69.3,0.35,0.31,0.26
HFAL,2017-08-21 05:05:00 EDT,41.79880,-74.12312,634,60.8,62.3,60.8,95.2,59.4,0.000,0.000,0.00,0.000,0.1,0.9,0.2,148,13,0.6,1.3,0.5,157,20,0.1,0.9,0.2,148,13,0,29.49,13.5,0,0,0,69.3,70.7,69.3,0.34,0.31,0.26
HFAL,2017-08-21 05:10:00 EDT,41.79880,-74.12312,634,61.3,63.3,61.3,95.2,59.9,0.000,0.000,0.00,0.000,0.2,0.9,0.3,134,12,0.6,1.3,0.5,139,19,0.2,0.9,0.3,134,12,0,29.49,13.3,0,0,0,69.3,70.7,69.3,0.35,0.31,0.26
HFAL,2017-08-21 05:15:00 EDT,41.79880,-74.12312,634,60.7,62.6,60.7,94.2,59.0,0.000,0.000,0.00,0.000,0.1,0.7,0.2,125,10,0.4,1.4,0.5,130,19,0.1,0.7,0.2,125,10,0,29.50,13.3,0,0,0,69.3,70.7,69.3,0.35,0.31,0.26
HFAL,2017-08-21 05:20:00 EDT,41.79880,-74.12312,634,60.9,62.7,60.9,95.0,59.4,0.000,0.000,0.00,0.000,0.2,1.5,0.5,190,1,0.7,2.1,0.7,191,22,0.2,1.5,0.5,190,1,0,29.50,13.1,0,0,0,69.3,70.7,69.3,0.35,0.31,0.26
HFAL,2017-08-21 05:25:00 EDT,41.79880,-74.12312,634,60.9,62.7,60.9,95.3,59.6,0.000,0.000,0.00,0.000,2.1,2.8,0.4,203,6,2.5,3.6,0.4,208,6,2.1,2.8,0.4,203,6,0,29.50,,0,0,0,69.2,70.7,69.3,0.35,0.31,0.26
HFAL,2017-08-21 05:30:00 EDT,41.79880,-74.12312,634,61.6,63.0,61.6,95.4,60.3,0.000,0.000,0.00,0.000,2.2,3.4,0.5,209,15,2.4,3.8,0.5,211,14,2.2,3.4,0.5,209,15,0,29.50,-2.2,0,0,0,69.0,70.7,69.3,0.35,0.31,0.26
HFAL,2017-08-21 05:35:00 EDT,41.79880,-74.12312,634,61.8,62.9,61.8,94.2,60.1,0.000,0.000,0.00,0.000,2.2,3.3,0.6,213,9,2.4,3.6,0.6,216,9,2.2,3.3,0.6,213,9,0,29.51,,0,0,0,68.9,70.7,69.3,0.35,0.31,0.26
HFAL,2017-08-21 05:40:00 EDT,41.79880,-74.12312,634,61.8,62.7,61.8,93.7,60.0,0.000,0.000,0.00,0.000,1.8,2.6,0.4,206,13,2.2,3.0,0.4,208,11,1.8,2.6,0.4,206,13,0,29.51,13.6,0,0,0,68.9,70.7,69.3,0.35,0.31,0.26
HFAL,2017-08-21 05:45:00 EDT,41.79880,-74.12312,634,62.1,62.8,62.1,93.2,60.1,0.000,0.000,0.00,0.000,1.6,2.8,0.4,211,14,1.9,4.1,0.5,212,13,1.6,2.8,0.4,211,14,0,29.51,13.5,0,0,0,68.9,70.7,69.3,0.35,0.31,0.26
HFAL,2017-08-21 05:50:00 EDT,41.79880,-74.12312,634,61.8,62.7,61.8,93.3,59.9,0.000,0.000,0.00,0.000,0.7,1.4,0.4,198,5,1.1,1.7,0.5,197,8,0.7,1.4,0.4,198,5,0,29.51,13.6,0,0,0,68.9,70.7,69.3,0.35,0.31,0.26
HFAL,2017-08-21 05:55:00 EDT,41.79880,-74.12312,634,61.2,62.5,61.2,93.2,59.2,0.000,0.000,0.00,0.000,0.3,0.9,0.3,52,15,0.7,1.4,0.5,57,35,0.3,0.9,0.3,52,15,0,29.51,13.6,0,0,0,68.9,70.7,69.3,0.36,0.31,0.26
HFAL,2017-08-21 06:00:00 EDT,41.79880,-74.12312,634,60.8,62.5,60.8,94.0,59.1,0.000,0.000,0.00,0.000,0.2,0.9,0.3,100,10,0.6,1.8,0.6,108,22,0.2,0.9,0.3,100,10,1,29.51,13.7,0,0,0,68.9,70.7,69.3,0.35,0.31,0.26
HFAL,2017-08-21 06:05:00 EDT,41.79880,-74.12312,634,61.1,63.2,61.1,94.5,59.5,0.000,0.000,0.00,0.000,0.3,0.9,0.3,186,25,0.5,1.9,0.6,174,28,0.3,0.9,0.3,186,25,3,29.51,12.3,0,0,0,68.9,70.7,69.3,0.35,0.31,0.26
HFAL,2017-08-21 06:10:00 EDT,41.79880,-74.12312,634,61.3,63.0,61.3,94.2,59.6,0.000,0.000,0.00,0.000,1.5,3.3,1.0,188,15,1.9,3.4,0.9,188,21,1.5,3.3,1.0,188,15,3,29.51,11.8,0,0,0,68.9,70.7,69.3,0.35,0.31,0.26
HFAL,2017-08-21 06:15:00 EDT,41.79880,-74.12312,634,62.0,62.9,62.0,93.3,60.1,0.000,0.000,0.00,0.000,1.1,2.6,0.6,203,34,1.5,3.4,0.7,201,34,1.1,2.6,0.6,203,34,3,29.51,12.0,0,0,0,68.9,70.7,69.3,0.35,0.31,0.26
HFAL,2017-08-21 06:20:00 EDT,41.79880,-74.12312,634,61.6,63.0,61.6,92.9,59.5,0.000,0.000,0.00,0.000,1.0,2.2,0.8,190,21,1.3,2.7,0.8,190,21,1.0,2.2,0.8,190,21,5,29.51,13.0,0,0,0,68.9,70.7,69.3,0.35,0.31,0.26
HFAL,2017-08-21 06:25:00 EDT,41.79880,-74.12312,634,61.3,63.0,61.3,93.1,59.3,0.000,0.000,0.00,0.000,0.5,1.5,0.4,199,18,1.0,2.0,0.6,193,23,0.5,1.5,0.4,199,18,8,29.51,12.7,0,0,0,68.9,70.7,69.3,0.35,0.31,0.26
HFAL,2017-08-21 06:30:00 EDT,41.79880,-74.12312,634,61.6,62.9,61.6,93.5,59.7,0.000,0.000,0.00,0.000,1.1,2.3,0.4,188,16,1.6,2.7,0.4,187,15,1.1,2.3,0.4,188,16,15,29.51,12.7,0,0,0,68.8,70.7,69.3,0.35,0.31,0.26
HFAL,2017-08-21 06:35:00 EDT,41.79880,-74.12312,634,62.1,63.1,62.1,93.2,60.2,0.000,0.000,0.00,0.000,2.2,3.1,0.4,190,15,2.5,3.9,0.5,192,15,2.2,3.1,0.4,190,15,21,29.51,13.0,0,0,0,68.8,70.7,69.3,0.35,0.31,0.26
HFAL,2017-08-21 06:40:00 EDT,41.79880,-74.12312,634,62.6,63.0,62.6,91.9,60.2,0.000,0.000,0.00,0.000,1.0,2.7,0.6,219,17,1.4,3.2,0.6,221,20,1.0,2.7,0.6,219,17,23,29.51,13.5,0,0,0,68.6,70.7,69.3,0.35,0.31,0.26
HFAL,2017-08-21 06:45:00 EDT,41.79880,-74.12312,634,62.3,62.8,62.3,91.5,59.7,0.000,0.000,0.00,0.000,1.2,4.1,0.9,212,23,1.4,5.0,1.0,212,25,1.2,4.1,0.9,212,23,24,29.51,13.2,0,0,0,68.5,70.6,69.3,0.35,0.31,0.26
HFAL,2017-08-21 06:50:00 EDT,41.79880,-74.12312,634,62.4,62.8,62.4,91.3,59.9,0.000,0.000,0.00,0.000,0.7,2.8,0.9,204,17,1.1,3.2,0.8,195,27,0.7,2.8,0.9,204,17,26,29.51,12.7,0,0,0,68.5,70.5,69.3,0.35,0.31,0.26
HFAL,2017-08-21 06:55:00 EDT,41.79880,-74.12312,634,62.6,62.9,62.6,90.9,59.9,0.000,0.000,0.00,0.000,1.8,3.1,0.4,206,22,2.1,4.8,0.6,204,22,1.8,3.1,0.4,206,22,30,29.52,11.6,0,0,0,68.5,70.5,69.3,0.35,0.31,0.26
HFAL,2017-08-21 07:00:00 EDT,41.79880,-74.12312,634,62.6,62.9,62.6,90.4,59.8,0.000,0.000,0.00,0.000,2.0,3.2,0.5,198,18,2.3,3.6,0.7,198,18,2.0,3.2,0.5,198,18,40,29.52,11.8,0,0,0,68.5,70.5,69.3,0.35,0.31,0.26
HFAL,2017-08-21 07:05:00 EDT,41.79880,-74.12312,634,62.8,63.0,62.8,90.4,59.9,0.000,0.000,0.00,0.000,2.2,3.9,0.7,212,14,2.4,4.8,0.8,213,16,2.2,3.9,0.7,212,14,45,29.52,12.6,0,0,0,68.5,70.4,69.3,0.35,0.31,0.26
HFAL,2017-08-21 07:10:00 EDT,41.79880,-74.12312,634,62.9,63.1,62.9,89.7,59.8,0.000,0.000,0.00,0.000,0.5,1.6,0.5,220,14,0.8,2.0,0.6,221,19,0.5,1.6,0.5,220,14,45,29.52,,0,0,0,68.5,70.3,69.3,0.35,0.31,0.26
HFAL,2017-08-21 07:15:00 EDT,41.79880,-74.12312,634,62.8,63.5,62.8,90.5,60.0,0.000,0.000,0.00,0.000,1.2,2.8,0.6,203,27,1.6,3.2,0.6,204,25,1.2,2.8,0.6,203,27,42,29.52,10.2,0,0,0,68.5,70.3,69.3,0.35,0.31,0.26
HFAL,2017-08-21 07:20:00 EDT,41.79880,-74.12312,634,63.2,63.8,63.2,90.1,60.3,0.000,0.000,0.00,0.000,1.7,2.8,0.6,206,20,2.0,3.6,0.6,207,22,1.7,2.8,0.6,206,20,33,29.52,10.3,0,0,0,68.5,70.3,69.3,0.35,0.31,0.26
HFAL,2017-08-21 07:25:00 EDT,41.79880,-74.12312,634,63.1,63.7,63.1,89.9,60.1,0.000,0.000,0.00,0.000,1.8,4.4,1.0,217,34,2.2,5.4,1.1,218,32,1.8,4.4,1.0,217,34,27,29.52,,0,0,0,68.5,70.3,69.3,0.35,0.31,0.26
HFAL,2017-08-21 07:30:00 EDT,41.79880,-74.12312,634,63.4,63.7,63.4,89.3,60.2,0.000,0.000,0.00,0.000,2.7,5.8,1.2,206,22,3.2,7.5,1.4,207,22,2.7,5.8,1.2,206,22,25,29.52,,0,0,0,68.5,70.3,69.3,0.35,0.31,0.26
HFAL,2017-08-21 07:35:00 EDT,41.79880,-74.12312,634,63.4,63.7,63.4,88.8,60.1,0.000,0.000,0.00,0.000,3.4,8.1,1.7,208,22,3.7,8.6,1.6,206,23,3.4,8.1,1.7,208,22,30,29.52,12.0,0,0,0,68.5,70.3,69.3,0.34,0.31,0.26
HFAL,2017-08-21 07:40:00 EDT,41.79880,-74.12312,634,63.7,64.0,63.7,88.2,60.1,0.000,0.000,0.00,0.000,2.3,5.0,0.8,218,19,2.6,5.9,1.1,223,19,2.3,5.0,0.8,218,19,56,29.52,11.2,0,0,0,68.5,70.3,69.3,0.34,0.31,0.26
HFAL,2017-08-21 07:45:00 EDT,41.79880,-74.12312,634,63.7,64.2,63.7,88.2,60.2,0.000,0.000,0.00,0.000,1.7,4.1,1.0,205,25,2.0,5.1,1.0,207,30,1.7,4.1,1.0,205,25,62,29.52,12.0,0,0,0,68.5,70.3,69.3,0.35,0.31,0.26
HFAL,2017-08-21 07:50:00 EDT,41.79880,-74.12312,634,64.1,64.4,64.1,87.6,60.3,0.000,0.000,0.00,0.000,2.7,5.3,1.0,204,21,3.1,6.4,1.2,207,22,2.7,5.3,1.0,204,21,72,29.52,,0,0,0,68.5,70.3,69.3,0.34,0.31,0.26
HFAL,2017-08-21 07:55:00 EDT,41.79880,-74.12312,634,64.3,64.6,64.3,86.7,60.3,0.000,0.000,0.00,0.000,1.4,3.7,0.7,210,37,1.8,4.1,0.6,207,40,1.4,3.7,0.7,210,37,57,29.53,,0,0,0,68.5,70.3,69.3,0.34,0.31,0.26
HFAL,2017-08-21 08:00:00 EDT,41.79880,-74.12312,634,64.3,64.6,64.3,86.3,60.1,0.000,0.000,0.00,0.000,1.0,2.9,0.8,201,40,1.5,3.5,0.7,206,46,1.0,2.9,0.8,201,40,66,29.53,11.3,0,0,0,68.5,70.3,69.3,0.34,0.31,0.26
HFAL,2017-08-21 08:05:00 EDT,41.79880,-74.12312,634,64.5,64.8,64.5,86.7,60.4,0.000,0.000,0.00,0.000,1.5,3.1,0.8,214,40,2.0,3.9,1.0,216,45,1.5,3.1,0.8,214,40,81,29.52,10.8,0,0,0,68.5,70.3,69.3,0.34,0.31,0.26
HFAL,2017-08-21 08:10:00 EDT,41.79880,-74.12312,634,64.7,64.9,64.7,85.9,60.4,0.000,0.000,0.00,0.000,2.1,4.1,0.9,229,30,2.5,5.1,1.1,232,29,2.1,4.1,0.9,229,30,112,29.52,,0,0,0,68.5,70.3,69.3,0.34,0.31,0.26
HFAL,2017-08-21 08:15:00 EDT,41.79880,-74.12312,634,64.8,65.0,64.8,85.8,60.5,0.000,0.000,0.00,0.000,1.0,3.2,0.9,209,29,1.4,3.8,1.0,217,38,1.0,3.2,0.9,209,29,295,29.52,11.4,0,0,0,68.5,70.3,69.3,0.35,0.31,0.26
HFAL,2017-08-21 08:20:00 EDT,41.79880,-74.12312,634,65.5,65.4,65.5,85.6,61.0,0.000,0.000,0.00,0.000,0.7,2.8,0.7,288,20,1.2,3.5,0.9,293,27,0.7,2.8,0.7,288,20,266,29.52,10.5,0,0,0,68.5,70.3,69.3,0.36,0.31,0.26
HFAL,2017-08-21 08:25:00 EDT,41.79880,-74.12312,634,66.0,65.8,66.0,83.4,60.8,0.000,0.000,0.00,0.000,0.7,2.1,0.7,330,39,1.2,2.8,0.7,348,48,0.7,2.1,0.7,330,39,375,29.52,10.0,0,0,0,68.5,70.3,69.3,0.36,0.31,0.26
HFAL,2017-08-21 08:30:00 EDT,41.79880,-74.12312,634,66.6,66.0,66.6,82.0,60.9,0.000,0.000,0.00,0.000,1.0,2.1,0.5,15,22,1.5,3.0,0.6,16,23,1.0,2.1,0.5,15,22,378,29.52,,0,0,0,68.5,70.3,69.3,0.36,0.31,0.26
HFAL,2017-08-21 08:35:00 EDT,41.79880,-74.12312,634,66.7,66.2,66.7,81.3,60.8,0.000,0.000,0.00,0.000,1.3,2.6,0.5,0,27,1.9,3.8,0.7,360,24,1.3,2.6,0.5,0,27,267,29.52,13.0,0,0,0,68.5,70.3,69.3,0.36,0.31,0.26
HFAL,2017-08-21 08:40:00 EDT,41.79880,-74.12312,634,66.3,66.0,66.3,82.0,60.6,0.000,0.000,0.00,0.000,0.7,3.2,1.0,333,8,0.9,4.3,1.1,334,17,0.7,3.2,1.0,333,8,175,29.52,12.8,0,0,0,68.5,70.3,69.3,0.36,0.31,0.26
HFAL,2017-08-21 08:45:00 EDT,41.79880,-74.12312,634,66.5,66.1,66.5,82.7,61.1,0.000,0.000,0.00,0.000,0.1,1.0,0.2,298,23,0.4,1.6,0.5,189,47,0.1,1.0,0.2,298,23,322,29.52,13.1,0,0,0,68.6,70.3,69.3,0.36,0.31,0.26
HFAL,2017-08-21 08:50:00 EDT,41.79880,-74.12312,634,67.3,66.9,67.3,80.9,61.3,0.000,0.000,0.00,0.000,0.1,0.9,0.3,126,3,0.3,1.5,0.5,130,10,0.1,0.9,0.3,126,3,278,29.51,13.2,0,0,0,68.6,70.3,69.3,0.36,0.31,0.26
HFAL,2017-08-21 08:55:00 EDT,41.79880,-74.12312,634,66.8,66.7,66.8,82.2,61.2,0.000,0.000,0.00,0.000,0.2,1.0,0.3,13,10,0.6,1.6,0.5,12,14,0.2,1.0,0.3,13,10,270,29.51,13.0,0,0,0,68.9,70.3,69.3,0.35,0.31,0.26
HFAL,2017-08-21 09:00:00 EDT,41.79880,-74.12312,634,67.4,66.7,67.4,81.3,61.5,0.000,0.000,0.00,0.000,0.4,1.2,0.4,48,5,0.6,1.5,0.5,55,15,0.4,1.2,0.4,48,5,160,29.51,12.6,0,0,0,68.9,70.2,69.3,0.35,0.31,0.26
HFAL,2017-08-21 09:05:00 EDT,41.79880,-74.12312,634,67.1,66.9,67.1,82.7,61.6,0.000,0.000,0.00,0.000,0.0,0.0,0.0,0,0,0.0,0.7,0.1,48,0,0.0,0.0,0.0,0,0,251,29.51,12.9,0,0,0,68.9,70.1,69.3,0.35,0.31,0.26
HFAL,2017-08-21 09:10:00 EDT,41.79880,-74.12312,634,67.8,68.1,67.8,81.8,62.1,0.000,0.000,0.00,0.000,0.6,2.0,0.6,160,46,0.8,2.4,0.7,149,46,0.6,2.0,0.6,160,46,413,29.50,13.0,0,0,0,68.9,70.0,69.3,0.35,0.31,0.26
HFAL,2017-08-21 09:15:00 EDT,41.79880,-74.12312,634,69.8,70.0,69.8,83.5,64.6,0.000,0.000,0.00,0.000,0.7,1.8,0.5,354,44,1.2,3.1,0.7,359,43,0.7,1.8,0.5,354,44,458,29.50,,0,0,0,68.9,70.0,69.3,0.35,0.31,0.26
HFAL,2017-08-21 09:20:00 EDT,41.79880,-74.12312,634,70.3,70.1,70.3,80.2,63.9,0.000,0.000,0.00,0.000,1.3,2.8,0.5,341,22,1.7,3.7,0.7,346,23,1.3,2.8,0.5,341,22,448,29.50,,0,0,0,68.9,70.0,69.3,0.36,0.31,0.26
HFAL,2017-08-21 09:25:00 EDT,41.79880,-74.12312,634,70.6,70.0,70.6,78.5,63.6,0.000,0.000,0.00,0.000,1.0,1.9,0.5,342,24,1.7,3.1,0.7,346,22,1.0,1.9,0.5,342,24,479,29.51,11.2,0,0,0,68.9,70.0,69.3,0.35,0.31,0.26
HFAL,2017-08-21 09:30:00 EDT,41.79880,-74.12312,634,71.0,70.3,71.0,76.7,63.3,0.000,0.000,0.00,0.000,1.1,2.5,0.6,333,28,1.5,2.9,0.6,334,31,1.1,2.5,0.6,333,28,490,29.51,12.2,0,0,0,68.9,70.0,69.3,0.35,0.31,0.26
HFAL,2017-08-21 09:35:00 EDT,41.79880,-74.12312,634,71.6,70.8,71.6,75.8,63.6,0.000,0.000,0.00,0.000,0.8,2.3,0.6,343,19,1.4,3.0,0.7,351,27,0.8,2.3,0.6,343,19,508,29.51,,0,0,0,69.2,70.0,69.3,0.35,0.31,0.26
HFAL,2017-08-21 09:40:00 EDT,41.79880,-74.12312,634,71.6,71.1,71.6,76.1,63.7,0.000,0.000,0.00,0.000,0.6,1.7,0.5,333,26,1.1,2.6,0.6,348,31,0.6,1.7,0.5,333,26,561,29.51,,0,0,0,69.3,70.0,69.3,0.35,0.31,0.26
HFAL,2017-08-21 09:45:00 EDT,41.79880,-74.12312,634,72.7,71.9,72.7,76.1,64.7,0.000,0.000,0.00,0.000,0.8,2.5,0.5,338,34,1.4,3.8,0.6,343,36,0.8,2.5,0.5,338,34,588,29.51,12.4,0,0,0,69.3,70.0,69.3,0.35,0.31,0.26
HFAL,2017-08-21 09:50:00 EDT,41.79880,-74.12312,634,73.4,72.8,73.4,72.1,63.9,0.000,0.000,0.00,0.000,1.1,2.7,0.8,267,38,1.9,4.0,0.9,271,39,1.1,2.7,0.8,267,38,559,29.51,12.1,0,0,0,69.3,70.0,69.3,0.35,0.31,0.26
HFAL,2017-08-21 09:55:00 EDT,41.79880,-74.12312,634,73.9,73.4,73.9,70.5,63.7,0.000,0.000,0.00,0.000,0.8,2.4,0.7,205,29,1.6,3.7,0.9,204,41,0.8,2.4,0.7,205,29,445,29.51,11.4,0,0,0,69.3,70.0,69.3,0.35,0.31,0.26
HFAL,2017-08-21 10:00:00 EDT,41.79880,-74.12312,634,74.0,73.5,74.0,68.4,62.9,0.000,0.000,0.00,0.000,1.2,3.4,0.9,249,47,1.7,4.2,1.0,247,48,1.2,3.4,0.9,249,47,556,29.51,12.8,0,0,0,69.3,70.0,69.3,0.35,0.31,0.26
HFAL,2017-08-21 10:05:00 EDT,41.79880,-74.12312,634,74.8,74.3,74.8,69.4,64.1,0.000,0.000,0.00,0.000,2.5,5.5,1.3,210,27,2.8,6.1,1.4,210,28,2.5,5.5,1.3,210,27,605,29.51,,0,0,0,69.3,70.0,69.3,0.35,0.31,0.26
HFAL,2017-08-21 10:10:00 EDT,41.79880,-74.12312,634,75.1,74.6,75.1,66.0,62.9,0.000,0.000,0.00,0.000,2.5,5.4,1.2,232,29,3.1,7.3,1.4,232,30,2.5,5.4,1.2,232,29,576,29.51,9.9,0,0,0,69.6,70.0,69.3,0.35,0.31,0.26
HFAL,2017-08-21 10:15:00 EDT,41.79880,-74.12312,634,75.4,75.0,75.4,65.4,63.0,0.000,0.000,0.00,0.000,2.2,5.9,1.8,199,31,2.9,8.0,1.8,204,39,2.2,5.9,1.8,199,31,584,29.51,,0,0,0,69.6,70.0,69.3,0.35,0.31,0.26
HFAL,2017-08-21 10:20:00 EDT,41.79880,-74.12312,634,76.0,75.4,76.0,66.7,64.1,0.000,0.000,0.00,0.000,1.8,5.1,1.1,270,55,2.5,5.7,1.2,273,56,1.8,5.1,1.1,270,55,576,29.51,12.0,0,0,0,69.6,70.0,69.3,0.35,0.31,0.26
HFAL,2017-08-21 10:25:00 EDT,41.79880,-74.12312,634,76.1,75.7,76.1,63.4,62.7,0.000,0.000,0.00,0.000,2.7,6.4,1.5,224,41,3.2,8.8,1.7,230,45,2.7,6.4,1.5,224,41,530,29.51,12.7,0,0,0,69.6,70.0,69.3,0.35,0.31,0.26
HFAL,2017-08-21 10:30:00 EDT,41.79880,-74.12312,634,76.4,76.0,76.4,63.8,63.2,0.000,0.000,0.00,0.000,2.5,5.2,1.1,225,29,3.0,6.2,1.4,227,33,2.5,5.2,1.1,225,29,609,29.51,11.3,0,0,0,69.9,70.0,69.3,0.35,0.31,0.26
HFAL,2017-08-21 10:35:00 EDT,41.79880,-74.12312,634,76.8,76.4,76.8,63.8,63.6,0.000,0.000,0.00,0.000,0.9,3.0,1.0,263,35,1.6,3.9,0.9,275,56,0.9,3.0,1.0,263,35,653,29.51,11.5,0,0,0,70.0,70.0,69.3,0.35,0.31,0.26
HFAL,2017-08-21 10:40:00 EDT,41.79880,-74.12312,634,77.5,76.9,77.5,63.1,63.9,0.000,0.000,0.00,0.000,1.0,2.3,0.7,269,50,1.6,4.7,0.9,277,54,1.0,2.3,0.7,269,50,671,29.52,11.2,0,0,0,70.0,70.0,69.3,0.35,0.31,0.26
HFAL,2017-08-21 10:45:00 EDT,41.79880,-74.12312,634,77.8,77.1,77.8,63.4,64.4,0.000,0.000,0.00,0.000,1.2,2.3,0.5,272,67,1.8,3.7,0.8,266,66,1.2,2.3,0.5,272,67,684,29.52,11.8,0,0,0,70.0,70.0,69.3,0.35,0.31,0.26
HFAL,2017-08-21 10:50:00 EDT,41.79880,-74.12312,634,77.9,77.3,77.9,59.9,62.8,0.000,0.000,0.00,0.000,2.7,6.8,1.5,243,52,3.6,8.4,1.8,252,53,2.7,6.8,1.5,243,52,694,29.52,12.4,0,0,0,70.0,70.0,69.3,0.35,0.31,0.26
HFAL,2017-08-21 10:55:00 EDT,41.79880,-74.12312,634,78.4,77.7,78.4,60.9,63.8,0.000,0.000,0.00,0.000,1.9,4.7,1.2,257,56,2.5,5.9,1.4,262,53,1.9,4.7,1.2,257,56,670,29.52,11.6,0,0,0,70.3,70.0,69.3,0.35,0.31,0.26
HFAL,2017-08-21 11:00:00 EDT,41.79880,-74.12312,634,78.5,77.9,78.5,59.6,63.2,0.000,0.000,0.00,0.000,2.2,5.6,1.3,238,35,3.0,7.4,1.6,245,33,2.2,5.6,1.3,238,35,721,29.52,12.0,0,0,0,70.3,70.0,69.3,0.34,0.31,0.26
HFAL,2017-08-21 11:05:00 EDT,41.79880,-74.12312,634,79.2,78.4,79.2,62.0,65.1,0.000,0.000,0.00,0.000,0.9,2.6,0.7,247,42,1.6,3.5,0.8,255,57,0.9,2.6,0.7,247,42,731,29.51,12.0,0,0,0,70.3,70.0,69.3,0.34,0.31,0.26
HFAL,2017-08-21 11:10:00 EDT,41.79880,-74.12312,634,78.9,78.2,78.9,57.9,62.8,0.000,0.000,0.00,0.000,2.3,3.9,1.0,219,39,2.9,4.9,1.1,221,41,2.3,3.9,1.0,219,39,732,29.51,11.7,0,0,0,70.5,70.0,69.3,0.34,0.31,0.26
HFAL,2017-08-21 11:15:00 EDT,41.79880,-74.12312,634,79.1,78.5,79.1,57.7,62.9,0.000,0.000,0.00,0.000,1.6,4.5,0.9,274,49,2.2,6.6,1.2,283,54,1.6,4.5,0.9,274,49,753,29.51,12.3,0,0,0,70.7,70.0,69.3,0.34,0.31,0.26
HFAL,2017-08-21 11:20:00 EDT,41.79880,-74.12312,634,79.8,79.0,79.8,56.6,63.0,0.000,0.000,0.00,0.000,2.1,5.0,1.5,235,29,2.9,7.3,1.6,240,32,2.1,5.0,1.5,235,29,755,29.51,11.4,0,0,0,70.7,70.0,69.3,0.34,0.31,0.26
HFAL,2017-08-21 11:25:00 EDT,41.79880,-74.12312,634,79.6,78.9,79.6,55.0,62.0,0.000,0.000,0.00,0.000,2.2,5.5,1.3,256,33,2.9,7.4,1.5,267,38,2.2,5.5,1.3,256,33,680,29.51,11.9,0,0,0,70.7,70.0,69.3,0.34,0.31,0.26
HFAL,2017-08-21 11:30:00 EDT,41.79880,-74.12312,634,79.4,78.9,79.4,57.1,62.9,0.000,0.000,0.00,0.000,2.6,5.2,1.3,215,31,3.3,7.0,1.4,212,31,2.6,5.2,1.3,215,31,711,29.50,12.1,0,0,0,70.7,70.0,69.3,0.34,0.31,0.26
HFAL,2017-08-21 11:35:00 EDT,41.79880,-74.12312,634,80.0,79.4,80.0,55.6,62.7,0.000,0.000,0.00,0.000,2.4,4.7,1.1,236,41,3.0,6.4,1.4,241,42,2.4,4.7,1.1,236,41,767,29.50,11.4,0,0,0,71.0,70.0,69.3,0.34,0.31,0.26
HFAL,2017-08-21 11:40:00 EDT,41.79880,-74.12312,634,80.0,79.5,80.0,55.3,62.6,0.000,0.000,0.00,0.000,1.6,3.9,0.8,209,44,2.1,4.2,0.7,208,48,1.6,3.9,0.8,209,44,774,29.50,,0,0,0,71.1,70.0,69.3,0.34,0.31,0.26
HFAL,2017-08-21 11:45:00 EDT,41.79880,-74.12312,634,80.7,79.9,82.1,55.6,63.3,0.000,0.000,0.00,0.000,1.5,3.6,0.9,207,38,2.0,4.9,1.0,211,43,1.5,3.6,0.9,207,38,786,29.50,,0,0,0,71.1,70.0,69.3,0.34,0.31,0.26
HFAL,2017-08-21 11:50:00 EDT,41.79880,-74.12312,634,81.0,80.2,82.5,55.7,63.7,0.000,0.000,0.00,0.000,1.4,3.8,0.9,303,62,2.1,6.4,1.4,316,63,1.4,3.8,0.9,303,62,800,29.50,11.9,0,0,0,71.1,70.0,69.3,0.34,0.31,0.26
HFAL,2017-08-21 11:55:00 EDT,41.79880,-74.12312,634,81.1,80.4,82.5,55.2,63.5,0.000,0.000,0.00,0.000,1.6,4.8,1.1,252,51,2.2,6.2,1.3,262,53,1.6,4.8,1.1,252,51,684,29.49,11.9,0,0,0,71.4,70.0,69.3,0.34,0.31,0.26
HFAL,2017-08-21 12:00:00 EDT,41.79880,-74.12312,634,81.1,80.3,82.7,56.5,64.2,0.000,0.000,0.00,0.000,3.1,11.1,2.2,214,65,3.9,11.5,2.2,213,69,3.1,11.1,2.2,214,65,819,29.49,,0,0,0,71.4,70.0,69.3,0.34,0.31,0.26
HFAL,2017-08-21 12:05:00 EDT,41.79880,-74.12312,634,80.5,79.6,82.5,60.8,65.7,0.000,0.000,0.00,0.000,3.7,7.2,1.7,212,17,4.0,9.3,1.8,215,20,3.7,7.2,1.7,212,17,860,29.49,,0,0,0,71.4,70.0,69.3,0.34,0.31,0.26
HFAL,2017-08-21 12:10:00 EDT,41.79880,-74.12312,634,79.8,79.3,79.8,64.0,66.5,0.000,0.000,0.00,0.000,1.5,5.1,1.3,197,29,2.2,6.6,1.5,199,30,1.5,5.1,1.3,197,29,556,29.49,12.4,0,0,0,71.4,70.0,69.3,0.34,0.31,0.26
HFAL,2017-08-21 12:15:00 EDT,41.79880,-74.12312,634,79.6,79.2,79.6,64.6,66.6,0.000,0.000,0.00,0.000,4.7,6.8,1.2,176,15,5.6,9.2,1.5,178,13,4.7,6.8,1.2,176,15,418,29.48,11.7,0,0,0,71.4,70.0,69.3,0.34,0.31,0.26
HFAL,2017-08-21 12:20:00 EDT,41.79880,-74.12312,634,79.1,78.8,79.1,63.9,65.8,0.000,0.000,0.00,0.000,2.5,5.3,1.0,185,28,2.8,5.9,1.3,186,27,2.5,5.3,1.0,185,28,470,29.48,,0,0,0,71.7,70.0,69.3,0.34,0.31,0.26
HFAL,2017-08-21 12:25:00 EDT,41.79880,-74.12312,634,79.8,79.3,79.8,65.7,67.3,0.000,0.000,0.00,0.000,2.2,4.3,1.3,192,22,2.8,5.6,1.4,190,24,2.2,4.3,1.3,192,22,716,29.48,,0,0,0,71.8,70.0,69.3,0.35,0.31,0.26
HFAL,2017-08-21 12:30:00 EDT,41.79880,-74.12312,634,80.4,79.9,82.7,63.5,66.9,0.000,0.000,0.00,0.000,3.9,8.3,2.5,199,18,4.7,10.7,2.7,201,20,3.9,8.3,2.5,199,18,675,29.48,11.7,0,0,0,71.8,70.0,69.3,0.35,0.31,0.26
HFAL,2017-08-21 12:35:00 EDT,41.79880,-74.12312,634,80.2,79.9,82.4,62.9,66.4,0.000,0.000,0.00,0.000,3.8,6.5,1.3,206,21,4.4,7.3,1.3,211,24,3.8,6.5,1.3,206,21,511,29.48,12.3,0,0,0,71.8,70.0,69.3,0.35,0.31,0.26
HFAL,2017-08-21 12:40:00 EDT,41.79880,-74.12312,634,80.2,79.9,82.2,61.2,65.6,0.000,0.000,0.00,0.000,2.3,4.7,1.3,201,38,2.8,6.5,1.5,204,40,2.3,4.7,1.3,201,38,615,29.48,12.4,0,0,0,72.3,70.0,69.3,0.35,0.31,0.26
HFAL,2017-08-21 12:45:00 EDT,41.79880,-74.12312,634,80.9,80.4,82.8,58.8,65.1,0.000,0.000,0.00,0.000,2.4,4.9,1.2,195,30,2.9,6.4,1.3,193,30,2.4,4.9,1.2,195,30,684,29.48,12.1,0,0,0,72.3,70.0,69.3,0.35,0.31,0.26
HFAL,2017-08-21 12:50:00 EDT,41.79880,-74.12312,634,80.7,80.3,82.7,60.2,65.6,0.000,0.000,0.00,0.000,3.2,7.5,2.1,210,32,3.8,8.5,2.2,213,33,3.2,7.5,2.1,210,32,581,29.48,12.0,0,0,0,72.3,70.0,69.3,0.35,0.31,0.26
HFAL,2017-08-21 12:55:00 EDT,41.79880,-74.12312,634,81.1,80.6,83.1,59.0,65.5,0.000,0.000,0.00,0.000,4.7,10.5,2.2,209,28,5.6,12.3,2.3,213,28,4.7,10.5,2.2,209,28,891,29.48,11.3,0,0,0,72.3,70.0,69.3,0.35,0.31,0.26
HFAL,2017-08-21 13:00:00 EDT,41.79880,-74.12312,634,81.4,80.8,83.3,58.5,65.4,0.000,0.000,0.00,0.000,3.5,7.7,1.6,193,28,4.2,9.2,1.8,193,28,3.5,7.7,1.6,193,28,806,29.47,,0,0,0,72.3,70.0,69.3,0.35,0.31,0.26
HFAL,2017-08-21 13:05:00 EDT,41.79880,-74.12312,634,81.7,81.1,83.6,57.1,65.1,0.000,0.000,0.00,0.000,5.5,14.5,2.5,206,28,6.2,14.3,2.5,206,28,5.5,14.5,2.5,206,28,718,29.47,,0,0,0,72.7,70.0,69.3,0.35,0.31,0.26
HFAL,2017-08-21 13:10:00 EDT,41.79880,-74.12312,634,80.9,80.6,82.6,58.2,64.8,0.000,0.000,0.00,0.000,4.2,11.0,2.4,195,31,4.8,14.0,2.6,196,29,4.2,11.0,2.4,195,31,510,29.47,12.7,0,0,0,72.7,70.0,69.3,0.35,0.31,0.26
HFAL,2017-08-21 13:15:00 EDT,41.79880,-74.12312,634,80.9,80.6,82.6,57.9,64.7,0.000,0.000,0.00,0.000,7.3,12.8,2.5,190,18,8.2,14.3,2.8,188,17,7.3,12.8,2.5,190,18,498,29.47,11.6,0,0,0,72.7,70.0,69.3,0.35,0.31,0.26
HFAL,2017-08-21 13:20:00 EDT,41.79880,-74.12312,634,80.2,80.2,81.8,57.5,63.8,0.000,0.000,0.00,0.000,6.0,12.1,2.3,194,21,7.1,15.9,2.6,195,19,6.0,12.1,2.3,194,21,264,29.47,,0,0,0,72.7,70.0,69.3,0.34,0.31,0.26
HFAL,2017-08-21 13:25:00 EDT,41.79880,-74.12312,634,80.4,80.3,81.9,57.0,63.7,0.000,0.000,0.00,0.000,5.8,9.0,1.5,184,21,6.6,11.6,1.9,186,18,5.8,9.0,1.5,184,21,699,29.47,,0,0,0,73.0,70.0,69.3,0.35,0.31,0.26
HFAL,2017-08-21 13:30:00 EDT,41.79880,-74.12312,634,81.4,81.0,82.9,55.4,63.9,0.000,0.000,0.00,0.000,6.4,13.7,2.7,186,20,7.5,15.7,2.9,188,16,6.4,13.7,2.7,186,20,633,29.47,11.5,0,0,0,73.0,70.0,69.3,0.35,0.31,0.26
HFAL,2017-08-21 13:35:00 EDT,41.79880,-74.12312,634,80.4,80.4,81.9,56.0,63.3,0.000,0.000,0.00,0.000,5.4,9.1,1.7,186,26,6.1,10.1,1.8,188,23,5.4,9.1,1.7,186,26,315,29.47,12.3,0,0,0,73.0,70.0,69.3,0.35,0.31,0.26
HFAL,2017-08-21 13:40:00 EDT,41.79880,-74.12312,634,80.3,80.2,81.7,55.8,63.1,0.000,0.000,0.00,0.000,5.7,10.2,2.2,178,18,6.5,12.8,2.4,179,17,5.7,10.2,2.2,178,18,443,29.47,11.3,0,0,0,73.0,70.0,69.3,0.34,0.31,0.26
HFAL,2017-08-21 13:45:00 EDT,41.79880,-74.12312,634,80.5,80.3,81.6,53.5,62.0,0.000,0.000,0.00,0.000,5.6,11.0,2.4,189,24,6.5,12.7,2.7,189,25,5.6,11.0,2.4,189,24,594,29.46,12.2,0,0,0,73.0,70.0,69.2,0.34,0.31,0.26
HFAL,2017-08-21 13:50:00 EDT,41.79880,-74.12312,634,80.8,80.6,81.9,53.0,62.1,0.000,0.000,0.00,0.000,5.7,11.5,2.1,180,20,6.8,13.9,2.4,185,20,5.7,11.5,2.1,180,20,712,29.47,12.1,0,0,0,73.0,70.0,69.3,0.34,0.31,0.26
HFAL,2017-08-21 13:55:00 EDT,41.79880,-74.12312,634,81.2,80.8,82.3,52.8,62.4,0.000,0.000,0.00,0.000,7.1,14.0,2.6,184,19,8.1,15.8,3.1,185,16,7.1,14.0,2.6,184,19,695,29.47,12.2,0,0,0,73.0,70.0,69.2,0.34,0.31,0.26
HFAL,2017-08-21 14:00:00 EDT,41.79880,-74.12312,634,81.1,80.8,82.3,54.2,63.0,0.000,0.000,0.00,0.000,7.7,14.3,2.6,179,18,8.9,16.5,3.0,180,15,7.7,14.3,2.6,179,18,599,29.47,12.9,0,0,0,73.1,70.0,69.2,0.34,0.31,0.26
HFAL,2017-08-21 14:05:00 EDT,41.79880,-74.12312,634,80.8,80.7,82.3,55.5,63.4,0.000,0.000,0.00,0.000,6.4,12.5,2.1,181,22,7.4,15.4,2.6,183,19,6.4,12.5,2.1,181,22,487,29.47,12.8,0,0,0,73.2,70.0,69.2,0.34,0.31,0.26
HFAL,2017-08-21 14:10:00 EDT,41.79880,-74.12312,634,80.5,80.5,82.0,56.5,63.6,0.000,0.000,0.00,0.000,5.6,9.7,1.4,192,22,6.3,11.3,1.8,194,21,5.6,9.7,1.4,192,22,290,29.46,13.6,0,0,0,73.4,70.0,69.2,0.33,0.31,0.26
HFAL,2017-08-21 14:15:00 EDT,41.79880,-74.12312,634,80.5,80.5,82.0,56.2,63.5,0.000,0.000,0.00,0.000,4.9,8.3,1.8,186,27,5.7,10.4,2.0,186,24,4.9,8.3,1.8,186,27,420,29.46,,0,0,0,73.4,70.0,69.2,0.33,0.31,0.26
HFAL,2017-08-21 14:20:00 EDT,41.79880,-74.12312,634,80.5,80.4,82.1,56.7,63.8,0.000,0.000,0.00,0.000,5.3,9.6,1.9,180,14,6.0,11.0,2.0,183,12,5.3,9.6,1.9,180,14,368,29.46,10.4,0,0,0,73.4,70.0,69.2,0.34,0.31,0.26
HFAL,2017-08-21 14:25:00 EDT,41.79880,-74.12312,634,80.2,80.2,81.8,57.3,63.7,0.000,0.000,0.00,0.000,5.4,10.4,1.9,179,26,6.2,11.9,2.1,181,23,5.4,10.4,1.9,179,26,328,29.46,12.0,0,0,0,73.4,70.0,69.2,0.34,0.31,0.26
HFAL,2017-08-21 14:30:00 EDT,41.79880,-74.12312,634,79.7,79.8,79.7,58.5,63.9,0.000,0.000,0.00,0.000,6.2,9.8,1.8,182,18,7.2,11.6,2.0,182,17,6.2,9.8,1.8,182,18,282,29.46,,0,0,0,73.4,70.0,69.2,0.34,0.31,0.26
HFAL,2017-08-21 14:35:00 EDT,41.79880,-74.12312,634,79.4,79.5,79.4,58.7,63.7,0.000,0.000,0.00,0.000,4.9,9.2,1.8,177,21,5.8,12.2,2.4,177,18,4.9,9.2,1.8,177,21,239,29.45,,0,0,0,73.4,70.0,69.2,0.34,0.31,0.26
HFAL,2017-08-21 14:40:00 EDT,41.79880,-74.12312,634,79.1,79.2,79.1,59.5,63.8,0.000,0.000,0.00,0.000,4.7,7.7,1.3,182,23,5.7,10.0,1.5,185,19,4.7,7.7,1.3,182,23,214,29.45,,0,0,0,73.4,70.0,69.1,0.33,0.31,0.26
HFAL,2017-08-21 14:45:00 EDT,41.79880,-74.12312,634,78.8,79.0,78.8,58.8,63.2,0.000,0.000,0.00,0.000,6.3,9.6,1.7,175,16,7.3,12.6,2.2,175,14,6.3,9.6,1.7,175,16,204,29.45,,0,0,0,73.4,70.0,69.2,0.33,0.31,0.26
HFAL,2017-08-21 14:50:00 EDT,41.79880,-74.12312,634,78.7,78.9,78.7,59.1,63.2,0.000,0.000,0.00,0.000,5.0,9.1,1.6,171,20,5.9,11.4,2.0,174,18,5.0,9.1,1.6,171,20,209,29.45,12.7,0,0,0,73.4,70.1,69.1,0.33,0.31,0.26
HFAL,2017-08-21 14:55:00 EDT,41.79880,-74.12312,634,78.6,78.8,78.6,60.5,63.8,0.000,0.000,0.00,0.000,4.6,8.2,1.3,174,18,5.4,9.5,1.6,177,17,4.6,8.2,1.3,174,18,222,29.45,12.2,0,0,0,73.4,70.2,69.1,0.33,0.31,0.26
HFAL,2017-08-21 15:00:00 EDT,41.79880,-74.12312,634,78.6,78.8,78.6,61.5,64.3,0.000,0.000,0.00,0.000,5.0,7.8,1.4,180,20,5.8,9.9,1.7,181,18,5.0,7.8,1.4,180,20,249,29.45,,0,0,0,73.4,70.3,69.1,0.33,0.31,0.26
HFAL,2017-08-21 15:05:00 EDT,41.79880,-74.12312,634,79.0,79.0,79.0,60.8,64.3,0.000,0.000,0.00,0.000,4.6,8.3,1.4,177,22,5.5,10.5,1.5,178,19,4.6,8.3,1.4,177,22,286,29.45,,0,0,0,73.4,70.3,69.1,0.33,0.31,0.26
HFAL,2017-08-21 15:10:00 EDT,41.79880,-74.12312,634,79.1,79.2,79.1,61.2,64.6,0.000,0.000,0.00,0.000,4.4,6.9,1.3,175,19,5.1,9.9,1.5,175,18,4.4,6.9,1.3,175,19,248,29.45,,0,0,0,73.4,70.3,69.1,0.33,0.31,0.26
HFAL,2017-08-21 15:15:00 EDT,41.79880,-74.12312,634,78.8,79.0,78.8,61.8,64.6,0.000,0.000,0.00,0.000,4.1,7.2,1.5,169,19,4.7,8.2,1.6,171,16,4.1,7.2,1.5,169,19,159,29.45,,0,0,0,73.4,70.3,69.1,0.33,0.31,0.26
HFAL,2017-08-21 15:20:00 EDT,41.79880,-74.12312,634,78.4,78.8,78.4,62.6,64.6,0.000,0.000,0.00,0.000,4.0,7.5,1.5,162,16,4.4,10.2,1.7,163,16,4.0,7.5,1.5,162,16,129,29.45,,0,0,0,73.4,70.3,69.1,0.33,0.31,0.26
HFAL,2017-08-21 15:25:00 EDT,41.79880,-74.12312,634,78.3,78.6,78.3,64.9,65.5,0.000,0.000,0.00,0.000,3.3,6.5,1.3,164,26,3.8,7.1,1.5,165,22,3.3,6.5,1.3,164,26,167,29.45,11.8,0,0,0,73.4,70.3,69.0,0.35,0.31,0.26
HFAL,2017-08-21 15:30:00 EDT,41.79880,-74.12312,634,78.6,78.8,78.6,63.5,65.2,0.000,0.000,0.00,0.000,4.5,8.0,1.4,176,23,5.2,9.6,1.7,177,21,4.5,8.0,1.4,176,23,186,29.45,12.0,0,0,0,73.4,70.3,69.0,0.33,0.31,0.26
HFAL,2017-08-21 15:35:00 EDT,41.79880,-74.12312,634,78.8,79.0,78.8,63.6,65.4,0.000,0.000,0.00,0.000,3.8,6.9,1.3,172,20,4.5,9.1,1.7,175,18,3.8,6.9,1.3,172,20,190,29.44,12.2,0,0,0,73.4,70.3,69.0,0.33,0.31,0.26
HFAL,2017-08-21 15:40:00 EDT,41.79880,-74.12312,634,78.7,78.9,78.7,64.6,65.8,0.000,0.000,0.00,0.000,3.6,6.9,1.2,168,28,4.4,8.0,1.4,168,25,3.6,6.9,1.2,168,28,222,29.44,12.3,0,0,0,73.4,70.3,69.0,0.33,0.31,0.26
HFAL,2017-08-21 15:45:00 EDT,41.79880,-74.12312,634,79.2,79.3,79.2,63.4,65.7,0.000,0.000,0.00,0.000,5.0,10.4,1.9,175,19,6.0,11.7,2.1,174,18,5.0,10.4,1.9,175,19,248,29.44,12.5,0,0,0,73.4,70.3,69.0,0.33,0.31,0.26
HFAL,2017-08-21 15:50:00 EDT,41.79880,-74.12312,634,79.2,79.3,79.2,63.5,65.8,0.000,0.000,0.00,0.000,3.7,6.7,1.1,172,22,4.5,9.7,1.6,174,18,3.7,6.7,1.1,172,22,196,29.44,12.0,0,0,0,73.4,70.3,69.0,0.33,0.31,0.26
HFAL,2017-08-21 15:55:00 EDT,41.79880,-74.12312,634,79.0,79.2,79.0,64.4,66.0,0.000,0.000,0.00,0.000,5.5,10.4,1.8,172,18,6.4,12.7,2.2,174,16,5.5,10.4,1.8,172,18,188,29.44,12.4,0,0,0,73.4,70.3,68.9,0.34,0.31,0.26
HFAL,2017-08-21 16:00:00 EDT,41.79880,-74.12312,634,78.6,78.8,78.6,66.5,66.5,0.000,0.000,0.00,0.000,3.6,6.7,1.4,165,20,4.3,8.6,1.7,167,19,3.6,6.7,1.4,165,20,193,29.44,10.9,0,0,0,73.4,70.3,68.9,0.34,0.31,0.26
HFAL,2017-08-21 16:05:00 EDT,41.79880,-74.12312,634,78.9,79.0,78.9,65.5,66.4,0.000,0.000,0.00,0.000,4.0,8.3,1.7,166,25,5.0,9.6,1.9,169,24,4.0,8.3,1.7,166,25,220,29.44,10.6,0,0,0,73.4,70.3,68.9,0.34,0.31,0.26
HFAL,2017-08-21 16:10:00 EDT,41.79880,-74.12312,634,79.0,79.1,79.0,64.5,66.1,0.000,0.000,0.00,0.000,4.4,10.2,1.7,171,21,5.4,13.1,2.1,172,18,4.4,10.2,1.7,171,21,304,29.44,,0,0,0,73.4,70.3,68.9,0.34,0.31,0.26
HFAL,2017-08-21 16:15:00 EDT,41.79880,-74.12312,634,80.0,79.8,82.3,63.8,66.7,0.000,0.000,0.00,0.000,5.0,8.8,1.7,172,22,6.1,12.0,2.1,175,21,5.0,8.8,1.7,172,22,564,29.43,,0,0,0,73.4,70.3,68.9,0.34,0.31,0.26
HFAL,2017-08-21 16:20:00 EDT,41.79880,-74.12312,634,81.1,80.8,83.7,63.7,67.6,0.000,0.000,0.00,0.000,4.5,10.5,2.6,173,24,5.8,13.8,3.0,175,21,4.5,10.5,2.6,173,24,524,29.44,,0,0,0,73.4,70.4,68.9,0.34,0.31,0.26
HFAL,2017-08-21 16:25:00 EDT,41.79880,-74.12312,634,81.4,81.1,83.9,62.4,67.3,0.000,0.000,0.00,0.000,4.3,8.7,1.7,185,22,5.1,10.0,2.1,185,20,4.3,8.7,1.7,185,22,517,29.43,,0,0,0,73.4,70.4,68.9,0.34,0.31,0.26
HFAL,2017-08-21 16:30:00 EDT,41.79880,-74.12312,634,81.5,81.3,84.1,61.6,67.1,0.000,0.000,0.00,0.000,5.2,10.7,2.5,196,28,6.1,12.6,2.7,197,26,5.2,10.7,2.5,196,28,522,29.43,12.3,0,0,0,73.4,70.5,68.9,0.34,0.31,0.26
HFAL,2017-08-21 16:35:00 EDT,41.79880,-74.12312,634,81.9,81.5,84.7,62.6,67.9,0.000,0.000,0.00,0.000,5.2,9.4,1.6,202,22,6.0,12.1,1.9,203,18,5.2,9.4,1.6,202,22,555,29.43,12.2,0,0,0,73.4,70.6,68.9,0.34,0.31,0.26
HFAL,2017-08-21 16:40:00 EDT,41.79880,-74.12312,634,82.1,81.8,84.9,62.1,67.8,0.000,0.000,0.00,0.000,4.9,8.5,1.8,201,21,5.5,10.1,2.1,199,22,4.9,8.5,1.8,201,21,552,29.43,12.0,0,0,0,73.4,70.6,68.9,0.34,0.31,0.26
HFAL,2017-08-21 16:45:00 EDT,41.79880,-74.12312,634,82.4,82.0,85.2,61.4,67.8,0.000,0.000,0.00,0.000,6.0,9.8,2.0,187,21,6.9,11.5,2.0,189,19,6.0,9.8,2.0,187,21,501,29.43,11.4,0,0,0,73.4,70.7,68.9,0.34,0.31,0.26
HFAL,2017-08-21 16:50:00 EDT,41.79880,-74.12312,634,81.6,81.5,84.1,61.2,67.0,0.000,0.000,0.00,0.000,6.0,10.3,1.8,193,26,7.0,12.7,2.1,192,22,6.0,10.3,1.8,193,26,300,29.43,,0,0,0,73.4,70.7,68.9,0.34,0.31,0.26
HFAL,2017-08-21 16:55:00 EDT,41.79880,-74.12312,634,81.8,81.6,84.8,63.1,68.1,0.000,0.000,0.00,0.000,3.8,7.7,1.2,179,24,4.4,9.9,1.6,180,22,3.8,7.7,1.2,179,24,534,29.43,,0,0,0,73.4,70.7,68.9,0.33,0.31,0.26
HFAL,2017-08-21 17:00:00 EDT,41.79880,-74.12312,634,82.7,82.3,86.2,63.1,68.9,0.000,0.000,0.00,0.000,3.4,6.1,1.2,178,31,4.1,7.7,1.6,178,28,3.4,6.1,1.2,178,31,527,29.43,,0,0,0,73.4,70.7,68.9,0.33,0.31,0.26
HFAL,2017-08-21 17:05:00 EDT,41.79880,-74.12312,634,82.7,82.3,85.8,61.1,68.0,0.000,0.000,0.00,0.000,4.8,9.6,1.8,192,23,5.5,10.4,1.8,195,21,4.8,9.6,1.8,192,23,485,29.43,-1.4,0,0,0,73.4,70.7,68.9,0.33,0.31,0.26
HFAL,2017-08-21 17:10:00 EDT,41.79880,-74.12312,634,82.5,82.2,85.5,61.4,67.9,0.000,0.000,0.00,0.000,5.6,10.5,2.2,194,29,6.5,12.6,2.7,195,28,5.6,10.5,2.2,194,29,416,29.43,,0,0,0,73.4,70.7,68.9,0.33,0.31,0.26
HFAL,2017-08-21 17:15:00 EDT,41.79880,-74.12312,634,82.3,82.1,85.2,61.5,67.8,0.000,0.000,0.00,0.000,5.0,10.9,1.8,206,25,5.9,13.9,2.2,206,23,5.0,10.9,1.8,206,25,367,29.42,12.5,0,0,0,73.4,70.7,68.9,0.34,0.31,0.26
HFAL,2017-08-21 17:20:00 EDT,41.79880,-74.12312,634,81.9,81.8,84.8,62.7,68.0,0.000,0.000,0.00,0.000,5.9,14.9,2.9,194,19,6.9,16.3,3.3,196,17,5.9,14.9,2.9,194,19,349,29.43,12.7,0,0,0,73.4,70.7,68.9,0.34,0.31,0.26
HFAL,2017-08-21 17:25:00 EDT,41.79880,-74.12312,634,81.7,81.6,84.6,62.9,67.9,0.000,0.000,0.00,0.000,6.6,11.0,1.8,189,17,7.7,13.9,2.3,190,15,6.6,11.0,1.8,189,17,339,29.43,12.4,0,0,0,73.4,70.7,68.9,0.34,0.31,0.26
HFAL,2017-08-21 17:30:00 EDT,41.79880,-74.12312,634,81.8,81.6,84.9,64.0,68.5,0.000,0.000,0.00,0.000,6.5,11.7,2.3,177,21,7.5,14.7,3.0,177,17,6.5,11.7,2.3,177,21,320,29.43,11.5,0,0,0,73.4,70.7,68.9,0.34,0.31,0.26
HFAL,2017-08-21 17:35:00 EDT,41.79880,-74.12312,634,81.8,81.6,84.8,64.0,68.4,0.000,0.000,0.00,0.000,5.8,11.3,2.1,191,26,6.5,12.5,2.2,192,24,5.8,11.3,2.1,191,26,300,29.43,11.6,0,0,0,73.4,70.7,68.9,0.34,0.31,0.26
HFAL,2017-08-21 17:40:00 EDT,41.79880,-74.12312,634,81.5,81.4,84.6,65.1,68.6,0.000,0.000,0.00,0.000,4.7,11.5,2.1,191,25,5.5,13.3,2.3,192,23,4.7,11.5,2.1,191,25,284,29.43,12.1,0,0,0,73.4,70.7,68.9,0.34,0.31,0.26
HFAL,2017-08-21 17:45:00 EDT,41.79880,-74.12312,634,81.5,81.5,84.9,66.4,69.3,0.000,0.000,0.00,0.000,3.8,7.7,1.3,181,21,4.6,9.4,1.7,180,21,3.8,7.7,1.3,181,21,273,29.43,12.1,0,0,0,73.4,70.7,68.9,0.34,0.31,0.26
HFAL,2017-08-21 17:50:00 EDT,41.79880,-74.12312,634,81.5,81.4,84.7,65.8,68.9,0.000,0.000,0.00,0.000,5.7,10.4,1.7,194,24,6.3,11.8,1.9,194,21,5.7,10.4,1.7,194,24,258,29.43,12.5,0,0,0,73.4,70.7,68.9,0.34,0.31,0.26
HFAL,2017-08-21 17:55:00 EDT,41.79880,-74.12312,634,81.1,81.1,84.1,65.8,68.6,0.000,0.000,0.00,0.000,6.5,11.6,2.2,187,18,7.6,13.5,2.6,188,16,6.5,11.6,2.2,187,18,207,29.42,12.2,0,0,0,73.4,70.7,68.9,0.34,0.31,0.26
HFAL,2017-08-21 18:00:00 EDT,41.79880,-74.12312,634,81.0,81.0,84.0,66.6,68.8,0.000,0.000,0.00,0.000,5.6,10.2,2.0,176,22,6.6,13.1,2.4,180,18,5.6,10.2,2.0,176,22,185,29.42,12.1,0,0,0,73.4,70.7,68.9,0.34,0.31,0.26
HFAL,2017-08-21 18:05:00 EDT,41.79880,-74.12312,634,80.4,80.6,83.3,67.9,68.8,0.000,0.000,0.00,0.000,5.9,10.6,1.8,170,19,7.1,12.2,2.1,173,16,5.9,10.6,1.8,170,19,76,29.42,12.7,0,0,0,73.4,70.7,68.9,0.34,0.31,0.26
HFAL,2017-08-21 18:10:00 EDT,41.79880,-74.12312,634,79.9,80.2,79.9,69.1,68.9,0.000,0.000,0.00,0.000,4.8,8.6,1.3,167,23,5.8,10.2,1.7,171,19,4.8,8.6,1.3,167,23,65,29.41,12.7,0,0,0,73.4,70.7,68.9,0.34,0.31,0.26
HFAL,2017-08-21 18:15:00 EDT,41.79880,-74.12312,634,79.8,80.0,79.8,70.1,69.1,0.000,0.000,0.00,0.000,6.3,10.7,1.9,173,17,7.4,12.7,2.4,174,16,6.3,10.7,1.9,173,17,52,29.41,12.3,0,0,0,73.4,70.7,68.9,0.34,0.31,0.26
HFAL,2017-08-21 18:20:00 EDT,41.79880,-74.12312,634,79.3,79.7,79.3,71.0,69.1,0.000,0.000,0.00,0.000,4.9,9.4,1.9,169,20,5.6,12.3,2.2,170,18,4.9,9.4,1.9,169,20,41,29.41,12.0,0,0,0,73.4,70.7,68.9,0.34,0.31,0.26
HFAL,2017-08-21 18:25:00 EDT,41.79880,-74.12312,634,79.1,79.4,79.1,71.8,69.2,0.000,0.000,0.00,0.000,5.4,9.1,1.7,172,19,6.4,10.7,2.0,173,17,5.4,9.1,1.7,172,19,48,29.41,12.3,0,0,0,73.4,70.7,68.9,0.34,0.31,0.26
HFAL,2017-08-21 18:30:00 EDT,41.79880,-74.12312,634,79.0,79.3,79.0,72.3,69.3,0.000,0.000,0.00,0.000,5.8,10.2,2.0,169,19,6.8,12.6,2.4,171,17,5.8,10.2,2.0,169,19,52,29.41,,0,0,0,73.4,70.7,68.9,0.34,0.31,0.26
HFAL,2017-08-21 18:35:00 EDT,41.79880,-74.12312,634,79.0,79.3,79.0,72.4,69.4,0.000,0.000,0.00,0.000,5.8,8.3,1.5,167,21,6.7,11.7,1.6,170,18,5.8,8.3,1.5,167,21,44,29.41,-18.1,0,0,0,73.4,70.7,68.9,0.34,0.31,0.26
HFAL,2017-08-21 18:40:00 EDT,41.79880,-74.12312,634,78.8,79.2,78.8,72.8,69.3,0.000,0.000,0.00,0.000,5.5,9.9,1.5,166,19,6.4,11.2,1.9,169,16,5.5,9.9,1.5,166,19,36,29.41,,0,0,0,73.4,70.7,68.9,0.34,0.31,0.26
HFAL,2017-08-21 18:45:00 EDT,41.79880,-74.12312,634,78.7,79.0,78.7,73.3,69.4,0.000,0.000,0.00,0.000,5.5,8.4,1.2,172,18,6.4,10.2,1.7,173,17,5.5,8.4,1.2,172,18,32,29.41,12.6,0,0,0,73.4,70.7,68.9,0.33,0.31,0.26
HFAL,2017-08-21 18:50:00 EDT,41.79880,-74.12312,634,78.7,79.0,78.7,73.4,69.5,0.000,0.000,0.00,0.000,6.2,11.0,2.0,169,18,7.6,13.6,2.5,170,15,6.2,11.0,2.0,169,18,26,29.40,12.7,0,0,0,73.4,70.7,68.9,0.33,0.31,0.26
HFAL,2017-08-21 18:55:00 EDT,41.79880,-74.12312,634,78.8,79.2,78.8,73.2,69.5,0.000,0.000,0.00,0.000,6.5,11.5,2.1,172,16,7.8,13.0,2.4,173,17,6.5,11.5,2.1,172,16,23,29.41,12.7,0,0,0,73.4,70.7,68.9,0.33,0.31,0.26
HFAL,2017-08-21 19:00:00 EDT,41.79880,-74.12312,634,78.7,79.1,78.7,73.2,69.4,0.000,0.000,0.00,0.000,6.2,10.9,1.9,168,22,7.3,13.1,2.1,171,18,6.2,10.9,1.9,168,22,17,29.40,,0,0,0,73.4,70.7,68.9,0.33,0.31,0.26
HFAL,2017-08-21 19:05:00 EDT,41.79880,-74.12312,634,78.5,78.9,78.5,74.0,69.5,0.000,0.000,0.00,0.000,5.4,9.3,1.7,170,18,6.5,11.0,1.8,171,17,5.4,9.3,1.7,170,18,12,29.40,,0,0,0,73.1,70.7,68.9,0.33,0.31,0.26
HFAL,2017-08-21 19:10:00 EDT,41.79880,-74.12312,634,78.6,78.9,78.6,73.8,69.6,0.000,0.000,0.00,0.000,6.5,13.3,2.0,170,18,7.5,16.4,2.4,172,15,6.5,13.3,2.0,170,18,11,29.41,12.2,0,0,0,73.1,70.7,68.9,0.33,0.31,0.26
HFAL,2017-08-21 19:15:00 EDT,41.79880,-74.12312,634,78.5,79.0,78.5,73.9,69.5,0.000,0.000,0.00,0.000,6.3,11.5,1.8,170,18,7.5,14.7,2.5,171,15,6.3,11.5,1.8,170,18,11,29.41,12.6,0,0,0,73.0,70.7,68.9,0.33,0.31,0.26
HFAL,2017-08-21 19:20:00 EDT,41.79880,-74.12312,634,78.4,78.9,78.4,74.2,69.5,0.000,0.000,0.00,0.000,5.9,10.7,1.9,170,21,6.9,14.1,2.3,171,18,5.9,10.7,1.9,170,21,10,29.41,11.6,0,0,0,73.0,70.7,68.9,0.33,0.31,0.26
HFAL,2017-08-21 19:25:00 EDT,41.79880,-74.12312,634,78.5,78.9,78.5,74.2,69.6,0.000,0.000,0.00,0.000,6.8,11.3,2.2,171,19,8.0,14.4,2.6,173,14,6.8,11.3,2.2,171,19,10,29.41,12.4,0,0,0,73.0,70.7,68.9,0.33,0.31,0.26
HFAL,2017-08-21 19:30:00 EDT,41.79880,-74.12312,634,78.6,78.9,78.6,73.9,69.5,0.000,0.000,0.00,0.000,6.9,11.4,1.9,174,18,8.0,16.0,2.5,177,15,6.9,11.4,1.9,174,18,8,29.41,11.3,0,0,0,73.0,70.7,68.9,0.33,0.31,0.26
HFAL,2017-08-21 19:35:00 EDT,41.79880,-74.12312,634,78.7,79.0,78.7,73.1,69.4,0.000,0.000,0.00,0.000,7.1,16.4,2.8,178,20,8.3,19.7,3.4,179,16,7.1,16.4,2.8,178,20,6,29.41,11.7,0,0,0,73.0,70.8,68.9,0.33,0.31,0.26
HFAL,2017-08-21 19:40:00 EDT,41.79880,-74.12312,634,78.7,79.1,78.7,72.9,69.3,0.000,0.000,0.00,0.000,7.0,12.1,2.0,180,21,7.9,14.2,2.4,182,18,7.0,12.1,2.0,180,21,4,29.41,12.1,0,0,0,73.0,70.9,68.9,0.33,0.31,0.26
HFAL,2017-08-21 19:45:00 EDT,41.79880,-74.12312,634,78.6,78.9,78.6,73.3,69.3,0.000,0.000,0.00,0.000,6.4,11.3,1.7,183,18,7.3,12.6,2.1,184,16,6.4,11.3,1.7,183,18,3,29.41,11.8,0,0,0,73.0,71.0,68.9,0.34,0.31,0.26
HFAL,2017-08-21 19:50:00 EDT,41.79880,-74.12312,634,78.4,78.8,78.4,73.8,69.3,0.000,0.000,0.00,0.000,6.1,10.2,1.9,174,21,7.1,12.4,2.3,177,19,6.1,10.2,1.9,174,21,2,29.41,12.5,0,0,0,73.0,71.0,68.9,0.34,0.31,0.26
HFAL,2017-08-21 19:55:00 EDT,41.79880,-74.12312,634,78.5,78.8,78.5,73.8,69.4,0.000,0.000,0.00,0.000,6.7,13.2,2.0,186,21,7.8,15.5,2.1,188,17,6.7,13.2,2.0,186,21,1,29.41,,0,0,0,73.0,71.1,68.9,0.33,0.31,0.26
HFAL,2017-08-21 20:00:00 EDT,41.79880,-74.12312,634,78.5,78.8,78.5,73.4,69.3,0.000,0.000,0.00,0.000,5.8,13.2,2.5,186,22,6.4,13.3,2.8,189,21,5.8,13.2,2.5,186,22,0,29.41,-2.5,0,0,0,73.0,71.1,68.9,0.34,0.31,0.26
HFAL,2017-08-21 20:05:00 EDT,41.79880,-74.12312,634,78.5,78.8,78.5,73.4,69.3,0.000,0.000,0.00,0.000,5.4,14.5,2.4,195,30,6.3,15.7,2.6,199,28,5.4,14.5,2.4,195,30,0,29.41,,0,0,0,73.0,71.0,68.9,0.34,0.31,0.26
HFAL,2017-08-21 20:10:00 EDT,41.79880,-74.12312,634,78.5,78.8,78.5,73.5,69.3,0.000,0.000,0.00,0.000,6.4,12.0,2.3,188,24,7.5,13.8,2.5,191,22,6.4,12.0,2.3,188,24,0,29.41,12.2,0,0,0,73.0,71.0,68.9,0.34,0.31,0.26
HFAL,2017-08-21 20:15:00 EDT,41.79880,-74.12312,634,78.6,78.9,78.6,73.4,69.4,0.000,0.000,0.00,0.000,6.7,16.5,2.8,190,23,7.6,18.1,3.2,192,22,6.7,16.5,2.8,190,23,0,29.41,,0,0,0,73.0,71.1,68.9,0.34,0.31,0.26
HFAL,2017-08-21 20:20:00 EDT,41.79880,-74.12312,634,78.6,78.9,78.6,73.4,69.4,0.000,0.000,0.00,0.000,5.6,12.0,2.2,198,28,6.6,12.7,2.6,200,25,5.6,12.0,2.2,198,28,0,29.41,,0,0,0,73.0,71.1,68.9,0.34,0.31,0.26
HFAL,2017-08-21 20:25:00 EDT,41.79880,-74.12312,634,78.4,78.9,78.4,74.0,69.5,0.000,0.000,0.00,0.000,6.3,11.0,2.1,195,22,7.0,13.0,2.3,195,19,6.3,11.0,2.1,195,22,0,29.41,12.7,0,0,0,73.0,71.1,68.9,0.34,0.31,0.26
HFAL,2017-08-21 20:30:00 EDT,41.79880,-74.12312,634,78.5,78.8,78.5,73.9,69.5,0.000,0.000,0.00,0.000,6.5,12.9,2.6,194,28,7.4,14.9,2.8,195,22,6.5,12.9,2.6,194,28,0,29.41,12.4,0,0,0,72.9,71.1,68.9,0.34,0.31,0.26
HFAL,2017-08-21 20:35:00 EDT,41.79880,-74.12312,634,78.4,78.7,78.4,74.3,69.5,0.000,0.000,0.00,0.000,5.5,11.9,2.3,198,30,6.3,13.7,2.6,200,29,5.5,11.9,2.3,198,30,0,29.41,12.9,0,0,0,72.7,71.1,68.9,0.34,0.31,0.26
HFAL,2017-08-21 20:40:00 EDT,41.79880,-74.12312,634,78.1,78.5,78.1,74.6,69.4,0.000,0.000,0.00,0.000,2.9,9.6,2.1,214,41,3.6,9.9,2.2,221,48,2.9,9.6,2.1,214,41,0,29.41,13.0,0,0,0,72.7,71.1,68.9,0.34,0.31,0.26
HFAL,2017-08-21 20:45:00 EDT,41.79880,-74.12312,634,77.7,78.1,77.7,75.7,69.4,0.000,0.000,0.00,0.000,2.0,8.3,1.8,310,45,2.7,12.3,2.2,309,42,2.0,8.3,1.8,310,45,0,29.41,11.8,0,0,0,72.7,71.1,68.9,0.34,0.31,0.26
HFAL,2017-08-21 20:50:00 EDT,41.79880,-74.12312,634,77.3,77.4,77.3,76.9,69.5,0.000,0.000,0.00,0.000,0.7,3.2,0.6,6,64,1.3,3.4,0.8,340,64,0.7,3.2,0.6,6,64,0,29.41,,0,0,0,72.7,71.1,68.9,0.34,0.31,0.26
HFAL,2017-08-21 20:55:00 EDT,41.79880,-74.12312,634,76.7,77.1,76.7,78.2,69.4,0.000,0.000,0.00,0.000,1.2,2.6,0.7,318,43,1.8,4.1,1.0,332,45,1.2,2.6,0.7,318,43,0,29.41,,0,0,0,72.7,71.1,68.9,0.34,0.31,0.26
HFAL,2017-08-21 21:00:00 EDT,41.79880,-74.12312,634,76.0,76.8,76.0,79.7,69.3,0.000,0.000,0.00,0.000,1.1,2.3,0.5,360,45,1.7,3.7,0.8,356,43,1.1,2.3,0.5,360,45,0,29.41,11.7,0,0,0,72.7,71.1,68.9,0.34,0.31,0.26
HFAL,2017-08-21 21:05:00 EDT,41.79880,-74.12312,634,76.1,76.8,76.1,80.1,69.5,0.000,0.000,0.00,0.000,2.1,6.0,1.5,329,37,2.6,6.9,1.7,337,36,2.1,6.0,1.5,329,37,0,29.41,12.5,0,0,0,72.7,71.1,68.9,0.33,0.31,0.26
HFAL,2017-08-21 21:10:00 EDT,41.79880,-74.12312,634,76.0,76.6,76.0,80.4,69.5,0.000,0.000,0.00,0.000,0.2,4.4,0.6,351,13,0.5,5.8,1.0,3,32,0.2,4.4,0.6,351,13,0,29.41,12.7,0,0,0,72.7,71.1,68.9,0.33,0.31,0.26
HFAL,2017-08-21 21:15:00 EDT,41.79880,-74.12312,634,75.9,76.6,75.9,80.6,69.5,0.000,0.000,0.00,0.000,1.3,5.3,1.3,272,41,1.8,6.2,1.4,275,48,1.3,5.3,1.3,272,41,0,29.41,,0,0,0,72.7,71.1,68.9,0.33,0.31,0.26
HFAL,2017-08-21 21:20:00 EDT,41.79880,-74.12312,634,75.9,76.5,75.9,80.9,69.6,0.000,0.000,0.00,0.000,0.6,2.1,0.6,92,48,1.2,3.6,0.9,57,57,0.6,2.1,0.6,92,48,0,29.42,,0,0,0,72.7,71.1,69.0,0.33,0.31,0.26
HFAL,2017-08-21 21:25:00 EDT,41.79880,-74.12312,634,76.0,76.4,76.0,81.2,69.8,0.000,0.000,0.00,0.000,0.9,3.6,0.9,270,40,1.6,4.0,1.0,264,46,0.9,3.6,0.9,270,40,0,29.41,12.2,0,0,0,72.7,71.1,69.0,0.33,0.31,0.26
HFAL,2017-08-21 21:30:00 EDT,41.79880,-74.12312,634,76.1,76.5,76.1,81.3,69.9,0.000,0.000,0.00,0.000,2.1,7.3,1.6,287,42,2.7,10.4,1.8,293,46,2.1,7.3,1.6,287,42,0,29.41,12.3,0,0,0,72.7,71.1,69.0,0.34,0.31,0.26
HFAL,2017-08-21 21:35:00 EDT,41.79880,-74.12312,634,75.9,76.3,75.9,81.1,69.7,0.000,0.000,0.00,0.000,1.8,4.8,1.1,332,31,2.3,5.9,1.3,335,32,1.8,4.8,1.1,332,31,0,29.41,12.2,0,0,0,72.7,71.1,69.0,0.34,0.31,0.26
HFAL,2017-08-21 21:40:00 EDT,41.79880,-74.12312,634,75.5,76.0,75.5,81.9,69.6,0.000,0.000,0.00,0.000,0.9,2.7,0.7,231,42,1.4,3.9,0.9,223,45,0.9,2.7,0.7,231,42,0,29.41,12.3,0,0,0,72.7,71.1,69.0,0.33,0.31,0.26
HFAL,2017-08-21 21:45:00 EDT,41.79880,-74.12312,634,75.5,76.1,75.5,82.3,69.7,0.000,0.000,0.00,0.000,0.5,5.4,0.9,318,49,0.9,5.4,1.0,334,55,0.5,5.4,0.9,318,49,0,29.41,12.6,0,0,0,72.7,71.1,69.0,0.34,0.31,0.26
HFAL,2017-08-21 21:50:00 EDT,41.79880,-74.12312,634,75.9,76.4,75.9,82.1,70.0,0.000,0.000,0.00,0.000,1.9,3.6,0.8,303,45,2.6,4.4,0.8,298,50,1.9,3.6,0.8,303,45,0,29.41,11.9,0,0,0,72.5,71.1,69.0,0.34,0.31,0.26
HFAL,2017-08-21 21:55:00 EDT,41.79880,-74.12312,634,76.0,76.4,76.0,81.1,69.8,0.000,0.000,0.00,0.000,1.0,3.8,1.0,283,44,1.5,4.7,1.0,302,54,1.0,3.8,1.0,283,44,0,29.41,,0,0,0,72.4,71.1,69.0,0.34,0.31,0.26
HFAL,2017-08-21 22:00:00 EDT,41.79880,-74.12312,634,76.0,76.4,76.0,81.2,69.8,0.000,0.000,0.00,0.000,1.7,6.4,1.7,314,35,2.1,8.5,1.8,320,41,1.7,6.4,1.7,314,35,0,29.41,,0,0,0,72.4,71.1,69.0,0.34,0.31,0.26
HFAL,2017-08-21 22:05:00 EDT,41.79880,-74.12312,634,76.1,76.4,76.1,80.7,69.7,0.000,0.000,0.00,0.000,0.9,3.2,0.9,313,25,1.2,4.1,1.0,321,29,0.9,3.2,0.9,313,25,0,29.42,12.3,0,0,0,72.3,71.1,69.1,0.34,0.31,0.26
HFAL,2017-08-21 22:10:00 EDT,41.79880,-74.12312,634,76.0,76.2,76.0,80.8,69.7,0.000,0.000,0.00,0.000,0.8,3.5,1.0,272,26,1.3,4.5,1.2,276,40,0.8,3.5,1.0,272,26,0,29.42,12.6,0,0,0,72.3,71.1,69.1,0.34,0.31,0.26
HFAL,2017-08-21 22:15:00 EDT,41.79880,-74.12312,634,75.7,76.3,75.7,81.0,69.5,0.000,0.000,0.00,0.000,1.4,3.6,0.8,221,26,1.9,3.7,0.7,219,34,1.4,3.6,0.8,221,26,0,29.41,13.2,0,0,0,72.3,71.1,69.0,0.34,0.31,0.26
HFAL,2017-08-21 22:20:00 EDT,41.79880,-74.12312,634,75.3,75.9,75.3,82.0,69.4,0.000,0.000,0.00,0.000,1.9,3.4,0.7,159,41,2.2,4.5,0.7,161,42,1.9,3.4,0.7,159,41,0,29.41,12.1,0,0,0,72.3,71.1,69.1,0.34,0.31,0.26
HFAL,2017-08-21 22:25:00 EDT,41.79880,-74.12312,634,74.5,75.7,74.5,83.4,69.2,0.000,0.000,0.00,0.000,0.9,2.3,0.7,147,21,1.3,3.0,0.8,148,24,0.9,2.3,0.7,147,21,0,29.41,11.0,0,0,0,72.3,71.1,69.1,0.34,0.31,0.26
HFAL,2017-08-21 22:30:00 EDT,41.79880,-74.12312,634,73.7,75.7,73.7,84.8,68.8,0.000,0.000,0.00,0.000,0.9,2.3,0.7,143,18,1.3,2.6,0.7,149,20,0.9,2.3,0.7,143,18,0,29.41,11.4,0,0,0,72.3,71.1,69.2,0.34,0.31,0.26
HFAL,2017-08-21 22:35:00 EDT,41.79880,-74.12312,634,73.7,75.5,73.7,86.0,69.2,0.000,0.000,0.00,0.000,1.0,2.8,0.8,186,21,1.3,3.4,0.9,192,24,1.0,2.8,0.8,186,21,0,29.42,11.1,0,0,0,72.3,71.1,69.2,0.33,0.31,0.26
HFAL,2017-08-21 22:40:00 EDT,41.79880,-74.12312,634,74.0,75.7,74.0,85.2,69.3,0.000,0.000,0.00,0.000,2.0,5.5,0.7,189,27,2.3,6.7,0.9,191,29,2.0,5.5,0.7,189,27,0,29.42,11.2,0,0,0,72.3,71.1,69.1,0.34,0.31,0.26
HFAL,2017-08-21 22:45:00 EDT,41.79880,-74.12312,634,73.8,75.3,73.8,85.7,69.3,0.000,0.000,0.00,0.000,1.2,2.8,0.8,223,19,1.4,3.3,0.8,223,23,1.2,2.8,0.8,223,19,0,29.42,,0,0,0,72.3,71.1,69.2,0.34,0.31,0.26
HFAL,2017-08-21 22:50:00 EDT,41.79880,-74.12312,634,74.5,75.4,74.5,86.0,70.0,0.000,0.000,0.00,0.000,0.9,3.4,0.8,249,26,1.4,3.4,0.8,245,32,0.9,3.4,0.8,249,26,0,29.42,,0,0,0,72.3,71.1,69.1,0.34,0.31,0.26
HFAL,2017-08-21 22:55:00 EDT,41.79880,-74.12312,634,74.0,75.0,74.0,86.4,69.6,0.000,0.000,0.00,0.000,1.4,2.8,0.7,205,26,1.8,3.4,0.7,205,29,1.4,2.8,0.7,205,26,0,29.42,11.2,0,0,0,72.3,71.1,69.1,0.34,0.31,0.26
HFAL,2017-08-21 23:00:00 EDT,41.79880,-74.12312,634,74.1,74.8,74.1,86.7,69.8,0.000,0.000,0.00,0.000,1.3,2.8,0.5,219,19,1.5,3.2,0.4,219,19,1.3,2.8,0.5,219,19,0,29.42,12.7,0,0,0,72.3,71.1,69.2,0.34,0.31,0.26
HFAL,2017-08-21 23:05:00 EDT,41.79880,-74.12312,634,73.7,74.6,73.7,87.3,69.7,0.000,0.000,0.00,0.000,1.0,2.0,0.4,193,16,1.3,3.0,0.5,189,19,1.0,2.0,0.4,193,16,0,29.41,,0,0,0,72.3,71.1,69.2,0.34,0.31,0.26
HFAL,2017-08-21 23:10:00 EDT,41.79880,-74.12312,634,73.3,74.5,73.3,87.7,69.4,0.000,0.000,0.00,0.000,1.7,3.1,0.8,193,11,2.0,4.2,0.8,196,12,1.7,3.1,0.8,193,11,0,29.42,10.9,0,0,0,72.3,71.1,69.2,0.33,0.31,0.26
HFAL,2017-08-21 23:15:00 EDT,41.79880,-74.12312,634,73.6,74.5,73.6,88.3,69.9,0.000,0.000,0.00,0.000,2.5,5.0,0.9,189,17,2.8,5.5,1.0,191,18,2.5,5.0,0.9,189,17,0,29.42,11.0,0,0,0,72.3,71.1,69.2,0.33,0.31,0.26
HFAL,2017-08-21 23:20:00 EDT,41.79880,-74.12312,634,73.3,74.5,73.3,88.0,69.5,0.000,0.000,0.00,0.000,2.3,3.6,0.6,180,20,2.7,4.6,0.7,180,20,2.3,3.6,0.6,180,20,0,29.42,11.3,0,0,0,72.3,71.1,69.2,0.33,0.31,0.26
HFAL,2017-08-21 23:25:00 EDT,41.79880,-74.12312,634,73.5,74.4,73.5,88.3,69.8,0.000,0.000,0.00,0.000,2.6,5.0,1.0,188,19,3.1,6.5,1.2,192,16,2.6,5.0,1.0,188,19,0,29.42,12.6,0,0,0,72.2,71.1,69.2,0.34,0.31,0.26
HFAL,2017-08-21 23:30:00 EDT,41.79880,-74.12312,634,73.3,74.2,73.3,88.2,69.6,0.000,0.000,0.00,0.000,2.0,3.7,0.6,186,22,2.4,4.7,0.8,187,22,2.0,3.7,0.6,186,22,0,29.41,13.0,0,0,0,72.2,71.1,69.2,0.34,0.31,0.26
HFAL,2017-08-21 23:35:00 EDT,41.79880,-74.12312,634,73.6,74.3,73.6,88.0,69.8,0.000,0.000,0.00,0.000,2.3,3.9,0.7,173,21,2.7,4.9,0.9,176,20,2.3,3.9,0.7,173,21,0,29.41,13.0,0,0,0,71.9,71.1,69.2,0.34,0.31,0.26
HFAL,2017-08-21 23:40:00 EDT,41.79880,-74.12312,634,72.6,73.9,72.6,88.4,68.9,0.000,0.000,0.00,0.000,0.7,3.4,0.8,172,15,1.1,4.0,0.9,168,17,0.7,3.4,0.8,172,15,0,29.41,13.1,0,0,0,71.8,71.1,69.3,0.34,0.31,0.26
HFAL,2017-08-21 23:45:00 EDT,41.79880,-74.12312,634,72.4,74.1,72.4,88.9,69.0,0.000,0.000,0.00,0.000,1.3,3.0,0.9,181,14,1.6,3.7,1.1,181,16,1.3,3.0,0.9,181,14,0,29.41,12.3,0,0,0,71.8,71.1,69.2,0.34,0.31,0.26
HFAL,2017-08-21 23:50:00 EDT,41.79880,-74.12312,634,71.8,73.6,71.8,90.2,68.7,0.000,0.000,0.00,0.000,1.0,2.9,0.9,169,29,1.5,3.3,0.9,179,31,1.0,2.9,0.9,169,29,0,29.41,11.3,0,0,0,71.8,71.1,69.3,0.34,0.31,0.26
HFAL,2017-08-21 23:55:00 EDT,41.79880,-74.12312,634,71.6,73.6,71.6,90.6,68.7,0.000,0.000,0.00,0.000,1.5,2.6,0.4,152,21,1.7,2.7,0.4,153,19,1.5,2.6,0.4,152,21,0,29.41,10.6,0,0,0,71.8,71.1,69.2,0.34,0.31,0.26
ILAK,2017-08-21 00:00:00 EDT,43.79067,-74.23933,1621,54.2,55.8,54.2,97.5,53.6,0.000,0.008,0.00,0.000,0.0,0.0,0.0,0,0,0.0,0.0,0.0,0,0,0.0,0.0,0.0,0,0,0,,,0,0,0,67.4,66.4,65.1,0.27,0.18,0.37
ILAK,2017-08-21 00:05:00 EDT,43.79067,-74.23933,1621,54.2,55.7,54.2,97.7,53.6,0.000,0.000,0.00,0.000,0.0,0.0,0.0,0,0,0.1,0.9,0.2,18,1,0.0,0.0,0.0,0,0,0,,,0,0,0,67.1,66.4,65.1,0.27,0.18,0.37
ILAK,2017-08-21 00:10:00 EDT,43.79067,-74.23933,1621,54.2,55.7,54.2,97.7,53.6,0.000,0.000,0.00,0.000,0.6,1.4,0.5,236,6,0.8,1.7,0.6,239,9,0.6,1.4,0.5,236,6,0,,,0,0,0,67.1,66.4,65.1,0.27,0.18,0.37
ILAK,2017-08-21 00:15:00 EDT,43.79067,-74.23933,1621,54.2,56.1,54.2,97.9,53.6,0.000,0.000,0.00,0.000,0.6,1.8,0.5,356,19,1.0,2.2,0.6,357,29,0.6,1.8,0.5,356,19,0,,,0,0,0,67.1,66.4,65.1,0.27,0.18,0.37
ILAK,2017-08-21 00:20:00 EDT,43.79067,-74.23933,1621,54.0,56.2,54.0,97.8,53.3,0.000,0.000,0.00,0.000,1.7,2.3,0.4,9,7,2.0,2.8,0.4,9,7,1.7,2.3,0.4,9,7,0,28.45,,0,0,0,67.1,66.4,65.1,0.27,0.18,0.37
ILAK,2017-08-21 00:25:00 EDT,43.79067,-74.23933,1621,54.0,55.5,54.0,97.9,53.4,0.000,0.000,0.00,0.000,0.2,1.6,0.4,19,1,0.3,2.0,0.6,12,26,0.2,1.6,0.4,19,1,0,,,0,0,0,67.1,66.4,65.1,0.27,0.18,0.37
ILAK,2017-08-21 00:30:00 EDT,43.79067,-74.23933,1621,54.2,55.5,54.2,98.0,53.6,0.000,0.000,0.00,0.000,0.0,0.0,0.0,0,0,0.1,1.8,0.4,93,0,0.0,0.0,0.0,0,0,0,,,0,0,0,67.0,66.4,65.1,0.27,0.18,0.37
ILAK,2017-08-21 00:35:00 EDT,43.79067,-74.23933,1621,54.1,55.4,54.1,98.0,53.5,0.000,0.000,0.00,0.000,0.0,0.0,0.0,0,0,0.1,1.4,0.2,45,11,0.0,0.0,0.0,0,0,0,,,0,0,0,66.7,66.4,65.1,0.27,0.18,0.37
ILAK,2017-08-21 00:40:00 EDT,43.79067,-74.23933,1621,54.0,55.5,54.0,97.9,53.4,0.000,0.000,0.00,0.000,0.0,0.0,0.0,0,0,0.0,0.8,0.1,350,0,0.0,0.0,0.0,0,0,0,,,0,0,0,66.7,66.4,65.1,0.27,0.18,0.37
ILAK,2017-08-21 00:45:00 EDT,43.79067,-74.23933,1621,54.1,55.4,54.1,98.0,53.5,0.000,0.000,0.00,0.000,0.0,0.0,0.0,0,0,0.1,0.9,0.3,12,3,0.0,0.0,0.0,0,0,0,,,0,0,0,66.7,66.4,65.1,0.27,0.18,0.37
ILAK,2017-08-21 00:50:00 EDT,43.79067,-74.23933,1621,54.0,55.4,54.0,98.0,53.5,0.000,0.000,0.00,0.000,0.6,1.2,0.4,11,8,1.1,1.6,0.3,8,13,0.6,1.2,0.4,11,8,0,,,0,0,0,66.7,66.4,65.1,0.27,0.18,0.37
ILAK,2017-08-21 00:55:00 EDT,43.79067,-74.23933,1621,53.8,55.6,53.8,98.0,53.3,0.000,0.000,0.00,0.000,0.5,1.0,0.3,330,11,0.8,1.5,0.4,326,17,0.5,1.0,0.3,330,11,0,28.46,,0,0,0,66.7,66.4,65.1,0.27,0.18,0.37
ILAK,2017-08-21 01:00:00 EDT,43.79067,-74.23933,1621,53.6,55.5,53.6,97.9,53.0,0.000,0.000,0.00,0.000,0.7,1.4,0.4,344,9,1.2,2.0,0.4,347,11,0.7,1.4,0.4,344,9,0,,,0,0,0,66.4,66.4,65.1,0.27,0.18,0.37
ILAK,2017-08-21 01:05:00 EDT,43.79067,-74.23933,1621,53.8,55.2,53.8,98.0,53.2,0.000,0.000,0.00,0.000,1.1,2.4,0.5,327,11,1.4,2.6,0.5,327,12,1.1,2.4,0.5,327,11,0,,,0,0,0,66.4,66.4,65.1,0.27,0.18,0.37
ILAK,2017-08-21 01:10:00 EDT,43.79067,-74.23933,1621,53.7,54.9,53.7,98.1,53.2,0.000,0.000,0.00,0.000,0.5,2.1,0.7,329,3,0.5,2.5,0.8,329,5,0.5,2.1,0.7,329,3,0,,,0,0,0,66.4,66.4,65.1,0.27,0.18,0.37
ILAK,2017-08-21 01:15:00 EDT,43.79067,-74.23933,1621,53.7,54.7,53.7,98.0,53.1,0.000,0.000,0.00,0.000,0.0,0.0,0.0,0,0,0.0,0.0,0.0,0,0,0.0,0.0,0.0,0,0,0,,,0,0,0,66.4,66.4,65.1,0.27,0.18,0.37
ILAK,2017-08-21 01:20:00 EDT,43.79067,-74.23933,1621,53.5,54.8,53.5,98.0,53.0,0.000,0.000,0.00,0.000,0.1,0.8,0.2,261,2,0.2,1.3,0.4,274,4,0.1,0.8,0.2,261,2,0,,,0,0,0,66.4,66.4,65.1,0.27,0.18,0.37
ILAK,2017-08-21 01:25:00 EDT,43.79067,-74.23933,1621,53.3,54.9,53.3,98.0,52.8,0.000,0.000,0.00,0.000,0.7,1.4,0.4,260,8,1.0,1.9,0.5,265,12,0.7,1.4,0.4,260,8,0,,,0,0,0,66.4,66.4,65.1,0.27,0.18,0.37
ILAK,2017-08-21 01:30:00 EDT,43.79067,-74.23933,1621,53.2,54.6,53.2,98.0,52.7,0.000,0.000,0.00,0.000,0.9,1.6,0.6,239,1,1.1,1.9,0.7,244,5,0.9,1.6,0.6,239,1,0,28.46,,0,0,0,66.1,66.4,65.1,0.27,0.18,0.37
ILAK,2017-08-21 01:35:00 EDT,43.79067,-74.23933,1621,52.9,54.5,52.9,98.0,52.4,0.000,0.000,0.00,0.000,0.5,1.1,0.4,2,50,0.8,1.6,0.5,347,51,0.5,1.1,0.4,2,50,0,,,0,0,0,66.0,66.4,65.1,0.27,0.18,0.37
ILAK,2017-08-21 01:40:00 EDT,43.79067,-74.23933,1621,53.1,54.4,53.1,98.1,52.6,0.000,0.000,0.00,0.000,0.5,1.2,0.4,357,20,1.0,2.0,0.6,356,16,0.5,1.2,0.4,357,20,0,,,0,0,0,66.0,66.4,65.1,0.27,0.18,0.37
ILAK,2017-08-21 01:45:00 EDT,43.79067,-74.23933,1621,53.1,54.5,53.1,98.1,52.6,0.000,0.000,0.00,0.000,1.4,2.2,0.6,344,7,1.9,2.9,0.6,345,8,1.4,2.2,0.6,344,7,0,,,0,0,0,66.0,66.4,65.1,0.27,0.18,0.37
ILAK,2017-08-21 01:50:00 EDT,43.79067,-74.23933,1621,53.0,54.4,53.0,98.1,52.5,0.000,0.000,0.00,0.000,1.3,2.1,0.5,353,8,1.7,3.0,0.6,352,13,1.3,2.1,0.5,353,8,0,,,0,0,0,66.0,66.4,65.1,0.27,0.18,0.37
ILAK,2017-08-21 01:55:00 EDT,43.79067,-74.23933,1621,52.9,54.0,52.9,98.2,52.4,0.000,0.000,0.00,0.000,0.1,0.7,0.2,237,19,0.4,1.0,0.4,249,23,0.1,0.7,0.2,237,19,0,,,0,0,0,66.0,66.4,65.1,0.27,0.18,0.37
ILAK,2017-08-21 02:00:00 EDT,43.79067,-74.23933,1621,52.8,54.2,52.8,98.1,52.3,0.000,0.000,0.00,0.000,0.0,0.0,0.0,0,0,0.3,1.0,0.4,359,4,0.0,0.0,0.0,0,0,0,,,0,0,0,65.8,66.4,65.1,0.27,0.18,0.37
ILAK,2017-08-21 02:05:00 EDT,43.79067,-74.23933,1621,53.1,54.2,53.1,98.4,52.7,0.000,0.000,0.00,0.000,0.5,1.2,0.4,0,9,1.1,1.8,0.3,358,10,0.5,1.2,0.4,0,9,0,28.46,,0,0,0,65.8,66.4,65.1,0.27,0.18,0.37
ILAK,2017-08-21 02:10:00 EDT,43.79067,-74.23933,1621,52.8,54.2,52.8,98.2,52.3,0.000,0.000,0.00,0.000,0.2,1.2,0.4,345,0,0.3,1.8,0.5,344,2,0.2,1.2,0.4,345,0,0,,,0,0,0,65.8,66.4,65.1,0.27,0.18,0.37
ILAK,2017-08-21 02:15:00 EDT,43.79067,-74.23933,1621,52.8,54.2,52.8,98.2,52.3,0.000,0.000,0.00,0.000,0.0,0.0,0.0,0,0,0.0,0.0,0.0,0,0,0.0,0.0,0.0,0,0,0,,,0,0,0,65.8,66.4,65.1,0.27,0.18,0.37
ILAK,2017-08-21 02:20:00 EDT,43.79067,-74.23933,1621,52.7,54.1,52.7,98.2,52.2,0.000,0.000,0.00,0.000,0.0,0.0,0.0,0,0,0.0,0.8,0.1,241,5,0.0,0.0,0.0,0,0,0,,,0,0,0,65.8,66.4,65.1,0.27,0.18,0.37
ILAK,2017-08-21 02:25:00 EDT,43.79067,-74.23933,1621,52.6,53.7,52.6,98.2,52.1,0.000,0.000,0.00,0.000,0.6,0.9,0.3,253,13,1.0,1.4,0.3,261,16,0.6,0.9,0.3,253,13,0,,,0,0,0,65.8,66.4,65.1,0.27,0.18,0.37
ILAK,2017-08-21 02:30:00 EDT,43.79067,-74.23933,1621,52.6,54.2,52.6,98.2,52.1,0.000,0.000,0.00,0.000,0.2,0.9,0.3,339,21,0.5,1.4,0.5,348,19,0.2,0.9,0.3,339,21,0,,,0,0,0,65.8,66.4,65.1,0.27,0.18,0.37
ILAK,2017-08-21 02:35:00 EDT,43.79067,-74.23933,1621,52.6,53.8,52.6,98.2,52.1,0.000,0.000,0.00,0.000,0.2,0.9,0.3,10,0,0.3,1.3,0.5,11,10,0.2,0.9,0.3,10,0,0,,,0,0,0,65.8,66.4,65.1,0.27,0.18,0.37
ILAK,2017-08-21 02:40:00 EDT,43.79067,-74.23933,1621,52.5,53.7,52.5,98.2,52.0,0.000,0.000,0.00,0.000,0.0,0.0,0.0,0,0,0.0,0.0,0.0,0,0,0.0,0.0,0.0,0,0,0,28.46,,0,0,0,65.7,66.4,65.1,0.27,0.18,0.37
ILAK,2017-08-21 02:45:00 EDT,43.79067,-74.23933,1621,52.5,53.8,52.5,98.3,52.0,0.000,0.000,0.00,0.000,0.0,0.0,0.0,0,0,0.1,0.9,0.3,0,2,0.0,0.0,0.0,0,0,0,,,0,0,0,65.5,66.4,65.1,0.27,0.18,0.37
ILAK,2017-08-21 02:50:00 EDT,43.79067,-74.23933,1621,52.5,53.8,52.5,98.2,52.0,0.000,0.000,0.00,0.000,0.0,0.0,0.0,0,0,0.0,0.7,0.1,269,1,0.0,0.0,0.0,0,0,0,,,0,0,0,65.5,66.4,65.1,0.27,0.18,0.37
ILAK,2017-08-21 02:55:00 EDT,43.79067,-74.23933,1621,52.6,53.8,52.6,98.3,52.1,0.000,0.000,0.00,0.000,0.4,1.0,0.4,358,8,0.6,1.9,0.6,1,6,0.4,1.0,0.4,358,8,0,,,0,0,0,65.5,66.4,65.1,0.27,0.18,0.37
ILAK,2017-08-21 03:00:00 EDT,43.79067,-74.23933,1621,52.4,53.8,52.4,98.3,51.9,0.000,0.000,0.00,0.000,0.0,0.4,0.1,348,0,0.2,1.1,0.4,350,6,0.0,0.4,0.1,348,0,0,,,0,0,0,65.4,66.4,65.1,0.27,0.18,0.37
ILAK,2017-08-21 03:05:00 EDT,43.79067,-74.23933,1621,52.3,53.8,52.3,98.2,51.8,0.000,0.000,0.00,0.000,0.5,0.9,0.3,358,14,1.0,1.6,0.5,0,15,0.5,0.9,0.3,358,14,0,,,0,0,0,65.1,66.4,65.1,0.27,0.18,0.37
ILAK,2017-08-21 03:10:00 EDT,43.79067,-74.23933,1621,52.3,53.4,52.3,98.3,51.8,0.000,0.000,0.00,0.000,0.1,0.7,0.2,231,3,0.3,1.3,0.4,246,4,0.1,0.7,0.2,231,3,0,,,0,0,0,65.1,66.4,65.1,0.27,0.18,0.37
ILAK,2017-08-21 03:15:00 EDT,43.79067,-74.23933,1621,52.2,53.8,52.2,98.3,51.7,0.000,0.000,0.00,0.000,0.4,0.9,0.3,341,32,0.9,1.5,0.4,342,29,0.4,0.9,0.3,341,32,0,28.46,,0,0,0,65.1,66.4,65.1,0.27,0.18,0.37
ILAK,2017-08-21 03:20:00 EDT,43.79067,-74.23933,1621,52.3,53.5,52.3,98.3,51.8,0.000,0.000,0.00,0.000,0.6,1.2,0.4,319,43,0.9,1.6,0.5,303,43,0.6,1.2,0.4,319,43,0,,,0,0,0,65.1,66.4,65.1,0.27,0.18,0.37
ILAK,2017-08-21 03:25:00 EDT,43.79067,-74.23933,1621,52.2,53.8,52.2,98.3,51.8,0.000,0.000,0.00,0.000,0.5,1.4,0.6,280,6,0.8,1.9,0.7,283,13,0.5,1.4,0.6,280,6,0,,,0,0,0,65.1,66.4,65.1,0.27,0.18,0.37
ILAK,2017-08-21 03:30:00 EDT,43.79067,-74.23933,1621,52.5,53.7,52.5,98.4,52.1,0.000,0.000,0.00,0.000,0.0,0.0,0.0,0,0,0.1,0.9,0.2,14,4,0.0,0.0,0.0,0,0,0,,,0,0,0,65.1,66.4,65.1,0.27,0.18,0.37
ILAK,2017-08-21 03:35:00 EDT,43.79067,-74.23933,1621,52.5,53.6,52.5,98.4,52.1,0.000,0.000,0.00,0.000,0.1,0.6,0.2,228,0,0.2,1.1,0.3,244,11,0.1,0.6,0.2,228,0,0,,,0,0,0,65.1,66.4,65.1,0.27,0.18,0.37
ILAK,2017-08-21 03:40:00 EDT,43.79067,-74.23933,1621,52.4,53.7,52.4,98.4,52.0,0.000,0.000,0.00,0.000,0.1,0.6,0.2,23,1,0.5,1.1,0.4,9,11,0.1,0.6,0.2,23,1,0,,,0,0,0,65.0,66.4,65.1,0.27,0.18,0.37
ILAK,2017-08-21 03:45:00 EDT,43.79067,-74.23933,1621,52.4,53.4,52.4,98.4,51.9,0.000,0.000,0.00,0.000,0.0,0.4,0.1,24,0,0.1,0.9,0.3,289,2,0.0,0.4,0.1,24,0,0,,,0,0,0,64.8,66.4,65.1,0.27,0.18,0.37
ILAK,2017-08-21 03:50:00 EDT,43.79067,-74.23933,1621,52.2,53.7,52.2,98.4,51.7,0.000,0.000,0.00,0.000,0.0,0.0,0.0,0,0,0.1,0.8,0.3,266,4,0.0,0.0,0.0,0,0,0,28.46,,0,0,0,64.8,66.4,65.1,0.27,0.18,0.37
ILAK,2017-08-21 03:55:00 EDT,43.79067,-74.23933,1621,52.2,53.9,52.2,98.4,51.7,0.000,0.000,0.00,0.000,0.3,0.9,0.3,269,11,0.7,1.4,0.5,276,13,0.3,0.9,0.3,269,11,0,,,0,0,0,64.8,66.4,65.1,0.27,0.18,0.37
ILAK,2017-08-21 04:00:00 EDT,43.79067,-74.23933,1621,52.1,53.6,52.1,98.3,51.6,0.000,0.000,0.00,0.000,0.0,0.0,0.0,0,0,0.1,0.8,0.3,263,4,0.0,0.0,0.0,0,0,0,,,0,0,0,64.8,66.4,65.1,0.27,0.18,0.37
ILAK,2017-08-21 04:05:00 EDT,43.79067,-74.23933,1621,52.2,53.4,52.2,98.4,51.7,0.000,0.000,0.00,0.000,0.2,0.9,0.3,297,2,0.4,1.4,0.5,292,8,0.2,0.9,0.3,297,2,0,,,0,0,0,64.8,66.4,65.1,0.27,0.18,0.37
ILAK,2017-08-21 04:10:00 EDT,43.79067,-74.23933,1621,52.2,53.5,52.2,98.4,51.7,0.000,0.000,0.00,0.000,0.1,0.7,0.2,274,0,0.3,1.4,0.4,288,8,0.1,0.7,0.2,274,0,0,,,0,0,0,64.8,66.4,65.1,0.27,0.18,0.37
ILAK,2017-08-21 04:15:00 EDT,43.79067,-74.23933,1621,52.3,53.6,52.3,98.5,51.9,0.000,0.000,0.00,0.000,0.1,0.6,0.2,28,0,0.2,1.1,0.3,22,4,0.1,0.6,0.2,28,0,0,,,0,0,0,64.6,66.4,65.1,0.27,0.18,0.37
ILAK,2017-08-21 04:20:00 EDT,43.79067,-74.23933,1621,52.2,53.9,52.2,98.5,51.8,0.000,0.000,0.00,0.000,0.3,0.9,0.3,244,9,0.7,1.2,0.4,266,18,0.3,0.9,0.3,244,9,0,,,0,0,0,64.4,66.4,65.1,0.27,0.18,0.37
ILAK,2017-08-21 04:25:00 EDT,43.79067,-74.23933,1621,52.1,54.1,52.1,98.4,51.7,0.000,0.000,0.00,0.000,0.0,0.0,0.0,0,0,0.5,1.2,0.5,327,29,0.0,0.0,0.0,0,0,0,28.46,,0,0,0,64.4,66.4,65.1,0.27,0.18,0.37
ILAK,2017-08-21 04:30:00 EDT,43.79067,-74.23933,1621,52.2,53.7,52.2,98.4,51.8,0.000,0.000,0.00,0.000,0.0,0.0,0.0,0,0,0.7,1.2,0.4,344,15,0.0,0.0,0.0,0,0,0,,,0,0,0,64.4,66.4,65.1,0.27,0.18,0.37
ILAK,2017-08-21 04:35:00 EDT,43.79067,-74.23933,1621,52.1,53.3,52.1,98.4,51.7,0.000,0.000,0.00,0.000,0.4,1.2,0.4,16,10,0.7,1.6,0.6,6,17,0.4,1.2,0.4,16,10,0,,,0,0,0,64.4,66.4,65.1,0.27,0.18,0.37
ILAK,2017-08-21 04:40:00 EDT,43.79067,-74.23933,1621,52.2,53.3,52.2,98.5,51.8,0.000,0.000,0.00,0.000,0.0,0.0,0.0,0,0,0.1,1.2,0.3,269,5,0.0,0.0,0.0,0,0,0,,,0,0,0,64.4,66.2,65.1,0.27,0.18,0.37
ILAK,2017-08-21 04:45:00 EDT,43.79067,-74.23933,1621,52.2,53.3,52.2,98.4,51.7,0.000,0.000,0.00,0.000,0.0,0.0,0.0,0,0,0.0,0.0,0.0,0,0,0.0,0.0,0.0,0,0,0,,,0,0,0,64.4,66.2,65.1,0.27,0.18,0.37
ILAK,2017-08-21 04:50:00 EDT,43.79067,-74.23933,1621,52.1,53.3,52.1,98.4,51.7,0.000,0.000,0.00,0.000,0.0,0.0,0.0,0,0,0.4,1.1,0.5,260,18,0.0,0.0,0.0,0,0,0,,,0,0,0,64.4,66.1,65.1,0.27,0.18,0.37
ILAK,2017-08-21 04:55:00 EDT,43.79067,-74.23933,1621,52.1,53.6,52.1,98.4,51.7,0.000,0.000,0.00,0.000,0.0,0.0,0.0,0,0,0.4,1.3,0.5,269,12,0.0,0.0,0.0,0,0,0,,,0,0,0,64.4,66.1,65.1,0.27,0.18,0.37
ILAK,2017-08-21 05:00:00 EDT,43.79067,-74.23933,1621,52.1,53.4,52.1,98.4,51.6,0.000,0.000,0.00,0.000,0.0,0.0,0.0,0,0,0.0,0.0,0.0,0,0,0.0,0.0,0.0,0,0,0,28.46,,0,0,0,64.4,66.1,65.1,0.27,0.18,0.37
ILAK,2017-08-21 05:05:00 EDT,43.79067,-74.23933,1621,51.9,53.3,51.9,98.4,51.4,0.000,0.000,0.00,0.000,0.0,0.0,0.0,0,0,0.2,1.1,0.4,359,4,0.0,0.0,0.0,0,0,0,,,0,0,0,64.3,66.0,65.1,0.27,0.18,0.37
ILAK,2017-08-21 05:10:00 EDT,43.79067,-74.23933,1621,51.9,53.0,51.9,98.4,51.4,0.000,0.000,0.00,0.000,0.0,0.0,0.0,0,0,0.1,1.0,0.2,14,2,0.0,0.0,0.0,0,0,0,,,0,0,0,64.2,66.0,65.1,0.27,0.18,0.37
ILAK,2017-08-21 05:15:00 EDT,43.79067,-74.23933,1621,51.9,53.2,51.9,98.4,51.4,0.000,0.000,0.00,0.000,0.0,0.9,0.2,335,0,0.3,1.6,0.5,330,17,0.0,0.9,0.2,335,0,0,,,0,0,0,64.2,66.0,65.1,0.27,0.18,0.37
ILAK,2017-08-21 05:20:00 EDT,43.79067,-74.23933,1621,51.8,53.1,51.8,98.5,51.4,0.000,0.000,0.00,0.000,0.7,1.1,0.3,1,13,1.2,1.7,0.2,1,11,0.7,1.1,0.3,1,13,0,,,0,0,0,64.2,66.0,65.1,0.27,0.18,0.37
ILAK,2017-08-21 05:25:00 EDT,43.79067,-74.23933,1621,51.8,52.9,51.8,98.5,51.4,0.000,0.000,0.00,0.000,0.0,0.0,0.0,0,0,0.2,1.1,0.3,342,3,0.0,0.0,0.0,0,0,0,,,0,0,0,64.2,66.0,65.1,0.27,0.18,0.37
ILAK,2017-08-21 05:30:00 EDT,43.79067,-74.23933,1621,51.7,52.9,51.7,98.4,51.2,0.000,0.000,0.00,0.000,0.0,0.6,0.1,354,0,0.1,1.6,0.3,1,1,0.0,0.6,0.1,354,0,0,,,0,0,0,64.2,66.0,65.1,0.27,0.18,0.37
ILAK,2017-08-21 05:35:00 EDT,43.79067,-74.23933,1621,51.7,52.7,51.7,98.5,51.3,0.000,0.000,0.00,0.000,0.3,0.9,0.3,321,42,0.5,1.2,0.5,313,38,0.3,0.9,0.3,321,42,0,28.46,,0,0,0,64.2,66.0,65.1,0.27,0.18,0.37
ILAK,2017-08-21 05:40:00 EDT,43.79067,-74.23933,1621,51.6,53.0,51.6,98.4,51.2,0.000,0.000,0.00,0.000,0.1,0.6,0.1,223,1,0.6,1.2,0.4,275,16,0.1,0.6,0.1,223,1,0,,,0,0,0,64.2,66.0,65.1,0.27,0.18,0.37
ILAK,2017-08-21 05:45:00 EDT,43.79067,-74.23933,1621,51.5,53.1,51.5,98.4,51.1,0.000,0.000,0.00,0.000,0.0,0.0,0.0,0,0,0.2,1.2,0.4,28,11,0.0,0.0,0.0,0,0,0,,,0,0,0,64.0,66.0,65.1,0.27,0.18,0.37
ILAK,2017-08-21 05:50:00 EDT,43.79067,-74.23933,1621,51.6,52.8,51.6,98.5,51.1,0.000,0.000,0.00,0.000,0.1,0.7,0.2,273,1,0.8,1.4,0.4,297,29,0.1,0.7,0.2,273,1,0,,,0,0,0,63.9,66.0,65.1,0.27,0.18,0.37
ILAK,2017-08-21 05:55:00 EDT,43.79067,-74.23933,1621,51.6,52.8,51.6,98.5,51.2,0.000,0.000,0.00,0.000,0.0,0.0,0.0,0,0,0.1,0.9,0.3,258,4,0.0,0.0,0.0,0,0,1,,,0,0,0,63.9,66.0,65.1,0.27,0.18,0.37
ILAK,2017-08-21 06:00:00 EDT,43.79067,-74.23933,1621,51.5,53.2,51.5,98.5,51.1,0.000,0.000,0.00,0.000,0.0,0.0,0.0,0,0,0.6,1.3,0.5,299,23,0.0,0.0,0.0,0,0,2,,,0,0,0,63.9,66.0,65.1,0.27,0.18,0.37
ILAK,2017-08-21 06:05:00 EDT,43.79067,-74.23933,1621,51.6,53.1,51.6,98.5,51.2,0.000,0.000,0.00,0.000,0.6,1.6,0.6,264,8,1.2,2.1,0.4,267,12,0.6,1.6,0.6,264,8,4,,,0,0,0,63.9,66.0,65.1,0.27,0.18,0.37
ILAK,2017-08-21 06:10:00 EDT,43.79067,-74.23933,1621,51.5,52.5,51.5,98.5,51.1,0.000,0.000,0.00,0.000,0.3,1.3,0.5,281,5,0.5,1.9,0.6,276,16,0.3,1.3,0.5,281,5,4,28.47,,0,0,0,63.9,66.0,65.1,0.27,0.18,0.37
ILAK,2017-08-21 06:15:00 EDT,43.79067,-74.23933,1621,51.7,52.8,51.7,98.6,51.3,0.000,0.000,0.00,0.000,0.8,2.1,0.8,349,9,1.4,2.9,0.7,354,13,0.8,2.1,0.8,349,9,4,,,0,0,0,63.9,66.0,65.1,0.27,0.18,0.37
ILAK,2017-08-21 06:20:00 EDT,43.79067,-74.23933,1621,51.7,52.9,51.7,98.6,51.3,0.000,0.000,0.00,0.000,1.1,2.2,0.8,335,14,1.3,2.8,1.0,337,13,1.1,2.2,0.8,335,14,7,,,0,0,0,63.9,66.0,65.1,0.27,0.18,0.37
ILAK,2017-08-21 06:25:00 EDT,43.79067,-74.23933,1621,51.7,52.7,51.7,98.6,51.3,0.000,0.000,0.00,0.000,0.0,0.0,0.0,0,0,0.1,0.9,0.3,211,3,0.0,0.0,0.0,0,0,10,,,0,0,0,63.9,66.0,65.1,0.27,0.18,0.37
ILAK,2017-08-21 06:30:00 EDT,43.79067,-74.23933,1621,51.7,52.9,51.7,98.6,51.3,0.000,0.000,0.00,0.000,0.0,0.0,0.0,0,0,0.0,0.7,0.1,19,5,0.0,0.0,0.0,0,0,13,,,0,0,0,63.9,66.0,65.1,0.27,0.18,0.37
ILAK,2017-08-21 06:35:00 EDT,43.79067,-74.23933,1621,52.0,52.9,52.0,98.6,51.6,0.000,0.000,0.00,0.000,0.0,0.0,0.0,0,0,0.3,1.1,0.4,348,4,0.0,0.0,0.0,0,0,17,,,0,0,0,63.8,66.0,65.1,0.27,0.18,0.37
ILAK,2017-08-21 06:40:00 EDT,43.79067,-74.23933,1621,52.2,53.0,52.2,98.6,51.8,0.000,0.000,0.00,0.000,0.0,0.0,0.0,0,0,0.0,1.0,0.2,353,0,0.0,0.0,0.0,0,0,21,,,0,0,0,63.6,66.0,65.1,0.27,0.18,0.37
ILAK,2017-08-21 06:45:00 EDT,43.79067,-74.23933,1621,52.3,53.2,52.3,98.7,51.9,0.000,0.000,0.00,0.000,1.2,1.9,0.7,343,5,1.7,2.5,0.7,347,8,1.2,1.9,0.7,343,5,27,28.47,,0,0,0,63.5,66.0,65.1,0.27,0.18,0.37
ILAK,2017-08-21 06:50:00 EDT,43.79067,-74.23933,1621,52.4,52.9,52.4,98.6,52.0,0.000,0.000,0.00,0.000,0.0,0.0,0.0,0,0,0.2,0.9,0.3,347,5,0.0,0.0,0.0,0,0,38,,,0,0,0,63.5,66.0,65.1,0.27,0.18,0.37
ILAK,2017-08-21 06:55:00 EDT,43.79067,-74.23933,1621,52.7,53.3,52.7,98.6,52.3,0.000,0.000,0.00,0.000,0.0,0.0,0.0,0,0,0.2,1.2,0.4,336,3,0.0,0.0,0.0,0,0,56,,,0,0,0,63.5,65.9,65.1,0.27,0.18,0.37
ILAK,2017-08-21 07:00:00 EDT,43.79067,-74.23933,1621,53.1,53.5,53.1,98.6,52.7,0.000,0.000,0.00,0.000,0.0,0.0,0.0,0,0,0.7,1.4,0.5,274,15,0.0,0.0,0.0,0,0,59,,,0,0,0,63.5,65.9,65.1,0.27,0.18,0.37
ILAK,2017-08-21 07:05:00 EDT,43.79067,-74.23933,1621,53.3,54.0,53.3,98.6,52.9,0.000,0.000,0.00,0.000,0.0,0.0,0.0,0,0,0.3,0.9,0.4,339,24,0.0,0.0,0.0,0,0,51,,,0,0,0,63.5,65.9,65.1,0.27,0.18,0.37
ILAK,2017-08-21 07:10:00 EDT,43.79067,-74.23933,1621,53.5,54.1,53.5,98.6,53.1,0.000,0.000,0.00,0.000,0.0,0.0,0.0,0,0,0.5,1.0,0.4,337,10,0.0,0.0,0.0,0,0,56,,,0,0,0,63.5,65.9,65.1,0.27,0.18,0.37
ILAK,2017-08-21 07:15:00 EDT,43.79067,-74.23933,1621,54.0,54.4,54.0,98.6,53.6,0.000,0.000,0.00,0.000,0.1,1.1,0.3,313,2,0.8,1.3,0.2,319,9,0.1,1.1,0.3,313,2,64,,,0,0,0,63.5,65.9,65.1,0.27,0.17,0.37
ILAK,2017-08-21 07:20:00 EDT,43.79067,-74.23933,1621,54.3,54.5,54.3,98.6,53.9,0.000,0.000,0.00,0.000,0.3,0.9,0.4,305,3,0.7,1.3,0.3,290,18,0.3,0.9,0.4,305,3,77,28.47,,0,0,0,63.5,65.9,65.1,0.27,0.18,0.37
ILAK,2017-08-21 07:25:00 EDT,43.79067,-74.23933,1621,54.6,54.8,54.6,98.5,54.2,0.000,0.000,0.00,0.000,0.0,0.0,0.0,0,0,0.6,1.2,0.4,266,7,0.0,0.0,0.0,0,0,85,,,0,0,0,63.5,65.8,65.1,0.27,0.18,0.37
ILAK,2017-08-21 07:30:00 EDT,43.79067,-74.23933,1621,55.2,55.2,55.2,98.5,54.8,0.000,0.000,0.00,0.000,0.0,0.0,0.0,0,0,0.2,0.9,0.3,278,4,0.0,0.0,0.0,0,0,104,,,0,0,0,63.4,65.8,65.1,0.27,0.18,0.37
ILAK,2017-08-21 07:35:00 EDT,43.79067,-74.23933,1621,55.4,55.5,55.4,98.5,55.0,0.000,0.000,0.00,0.000,0.0,0.0,0.0,0,0,0.1,1.1,0.3,43,4,0.0,0.0,0.0,0,0,102,,,0,0,0,63.2,65.8,65.1,0.27,0.18,0.37
ILAK,2017-08-21 07:40:00 EDT,43.79067,-74.23933,1621,55.6,55.6,55.6,98.1,55.1,0.000,0.000,0.00,0.000,0.0,0.0,0.0,0,0,0.7,1.4,0.4,18,14,0.0,0.0,0.0,0,0,137,,,0,0,0,63.3,65.8,65.1,0.27,0.18,0.37
ILAK,2017-08-21 07:45:00 EDT,43.79067,-74.23933,1621,56.2,56.2,56.2,97.5,55.5,0.000,0.000,0.00,0.000,0.0,0.5,0.1,4,0,1.0,1.6,0.4,360,13,0.0,0.5,0.1,4,0,208,,,0,0,0,63.2,65.8,65.1,0.27,0.18,0.37
ILAK,2017-08-21 07:50:00 EDT,43.79067,-74.23933,1621,56.8,56.6,56.8,96.5,55.8,0.000,0.000,0.00,0.000,0.6,1.5,0.5,43,25,1.1,2.4,0.5,33,30,0.6,1.5,0.5,43,25,182,,,0,0,0,63.1,65.8,65.1,0.27,0.18,0.37
ILAK,2017-08-21 07:55:00 EDT,43.79067,-74.23933,1621,57.5,56.8,57.5,95.0,56.1,0.000,0.000,0.00,0.000,1.0,1.8,0.4,54,15,1.2,2.5,0.5,53,19,1.0,1.8,0.4,54,15,233,28.47,,0,0,0,63.1,65.8,65.1,0.27,0.18,0.37
ILAK,2017-08-21 08:00:00 EDT,43.79067,-74.23933,1621,57.7,57.4,57.7,93.7,55.9,0.000,0.000,0.00,0.000,0.5,1.5,0.5,100,23,1.1,2.1,0.6,100,32,0.5,1.5,0.5,100,23,213,,,0,0,0,63.1,65.8,65.1,0.27,0.18,0.37
ILAK,2017-08-21 08:05:00 EDT,43.79067,-74.23933,1621,58.0,57.7,58.0,92.3,55.8,0.000,0.000,0.00,0.000,0.2,1.1,0.3,62,17,0.5,1.3,0.5,54,21,0.2,1.1,0.3,62,17,210,,,0,0,0,63.1,65.8,65.1,0.27,0.18,0.37
ILAK,2017-08-21 08:10:00 EDT,43.79067,-74.23933,1621,58.7,58.2,58.7,92.2,56.5,0.000,0.000,0.00,0.000,0.4,1.7,0.5,29,15,0.5,1.8,0.6,27,28,0.4,1.7,0.5,29,15,191,,,0,0,0,63.1,65.8,65.1,0.27,0.18,0.37
ILAK,2017-08-21 08:15:00 EDT,43.79067,-74.23933,1621,58.6,58.6,58.6,92.0,56.3,0.000,0.000,0.00,0.000,0.0,0.0,0.0,0,0,0.2,1.0,0.4,173,13,0.0,0.0,0.0,0,0,183,,,0,0,0,63.1,65.8,65.1,0.27,0.18,0.37
ILAK,2017-08-21 08:20:00 EDT,43.79067,-74.23933,1621,59.2,59.0,59.2,91.4,56.7,0.000,0.000,0.00,0.000,0.3,0.8,0.2,123,11,0.6,1.4,0.5,123,16,0.3,0.8,0.2,123,11,249,,,0,0,0,63.1,65.8,65.1,0.27,0.18,0.37
ILAK,2017-08-21 08:25:00 EDT,43.79067,-74.23933,1621,59.7,59.4,59.7,88.5,56.3,0.000,0.000,0.00,0.000,0.1,0.7,0.2,59,26,0.3,1.5,0.5,56,32,0.1,0.7,0.2,59,26,147,,,0,0,0,63.1,65.8,65.1,0.27,0.18,0.37
ILAK,2017-08-21 08:30:00 EDT,43.79067,-74.23933,1621,59.7,59.5,59.7,88.5,56.3,0.000,0.000,0.00,0.000,0.3,0.7,0.2,22,17,0.6,1.4,0.5,17,17,0.3,0.7,0.2,22,17,294,28.47,,0,0,0,63.1,65.8,65.1,0.27,0.18,0.37
ILAK,2017-08-21 08:35:00 EDT,43.79067,-74.23933,1621,60.5,60.4,60.5,89.1,57.3,0.000,0.000,0.00,0.000,1.0,2.1,0.6,28,14,1.4,2.4,0.4,29,19,1.0,2.1,0.6,28,14,355,,,0,0,0,63.1,65.8,65.1,0.27,0.18,0.37
ILAK,2017-08-21 08:40:00 EDT,43.79067,-74.23933,1621,61.2,60.7,61.2,87.2,57.4,0.000,0.000,0.00,0.000,0.6,1.9,0.4,45,24,1.1,2.8,0.5,46,24,0.6,1.9,0.4,45,24,359,,,0,0,0,63.1,65.8,65.1,0.27,0.18,0.37
ILAK,2017-08-21 08:45:00 EDT,43.79067,-74.23933,1621,61.9,61.3,61.9,85.9,57.6,0.000,0.000,0.00,0.000,0.8,1.6,0.4,51,21,1.0,2.1,0.6,57,22,0.8,1.6,0.4,51,21,339,,,0,0,0,63.1,65.8,65.1,0.27,0.18,0.37
ILAK,2017-08-21 08:50:00 EDT,43.79067,-74.23933,1621,63.4,62.4,63.4,87.1,59.5,0.000,0.000,0.00,0.000,0.5,1.3,0.4,102,23,1.1,2.2,0.6,104,28,0.5,1.3,0.4,102,23,337,,,0,0,0,63.1,65.8,65.1,0.27,0.18,0.37
ILAK,2017-08-21 08:55:00 EDT,43.79067,-74.23933,1621,63.1,63.0,63.1,85.6,58.7,0.000,0.000,0.00,0.000,0.4,1.2,0.4,159,15,0.8,1.8,0.5,147,22,0.4,1.2,0.4,159,15,226,,,0,0,0,63.2,65.8,65.1,0.27,0.18,0.37
ILAK,2017-08-21 09:00:00 EDT,43.79067,-74.23933,1621,64.0,62.9,64.0,85.7,59.7,0.000,0.000,0.00,0.000,0.5,1.5,0.5,90,22,0.8,2.2,0.6,89,23,0.5,1.5,0.5,90,22,167,,,0,0,0,63.2,65.8,65.1,0.27,0.18,0.37
ILAK,2017-08-21 09:05:00 EDT,43.79067,-74.23933,1621,63.2,63.0,63.2,86.4,59.1,0.000,0.000,0.00,0.000,0.7,1.8,0.4,46,13,0.9,2.0,0.5,44,14,0.7,1.8,0.4,46,13,166,28.46,,0,0,0,63.4,65.8,65.1,0.27,0.18,0.37
ILAK,2017-08-21 09:10:00 EDT,43.79067,-74.23933,1621,63.7,63.3,63.7,86.9,59.7,0.000,0.000,0.00,0.000,1.1,2.0,0.7,47,10,1.2,2.1,0.6,50,13,1.1,2.0,0.7,47,10,308,,,0,0,0,63.5,65.8,65.1,0.27,0.18,0.37
ILAK,2017-08-21 09:15:00 EDT,43.79067,-74.23933,1621,64.5,64.1,64.5,86.6,60.4,0.000,0.000,0.00,0.000,0.0,0.7,0.1,20,11,0.3,1.6,0.5,2,16,0.0,0.7,0.1,20,11,305,,,0,0,0,63.5,65.8,65.1,0.27,0.18,0.37
ILAK,2017-08-21 09:20:00 EDT,43.79067,-74.23933,1621,65.5,64.7,65.5,84.5,60.7,0.000,0.000,0.00,0.000,0.8,2.0,0.5,48,19,1.1,2.4,0.5,44,23,0.8,2.0,0.5,48,19,293,,,0,0,0,63.5,65.8,65.1,0.27,0.18,0.37
ILAK,2017-08-21 09:25:00 EDT,43.79067,-74.23933,1621,65.8,65.4,65.8,83.8,60.8,0.000,0.000,0.00,0.000,0.8,2.1,0.6,133,18,1.1,2.4,0.6,135,14,0.8,2.1,0.6,133,18,280,,,0,0,0,63.5,65.8,65.1,0.27,0.18,0.37
ILAK,2017-08-21 09:30:00 EDT,43.79067,-74.23933,1621,66.2,66.0,66.2,82.7,60.8,0.000,0.000,0.00,0.000,0.7,2.1,0.5,163,25,1.2,2.5,0.7,162,25,0.7,2.1,0.5,163,25,383,,,0,0,0,63.5,65.8,65.1,0.27,0.18,0.37
ILAK,2017-08-21 09:35:00 EDT,43.79067,-74.23933,1621,67.4,66.8,67.4,80.0,61.0,0.000,0.000,0.00,0.000,1.5,3.4,0.7,150,19,1.9,3.6,0.7,148,21,1.5,3.4,0.7,150,19,498,,,0,0,0,63.5,65.8,65.1,0.27,0.18,0.37
ILAK,2017-08-21 09:40:00 EDT,43.79067,-74.23933,1621,68.4,67.7,68.4,77.8,61.2,0.000,0.000,0.00,0.000,1.3,3.0,0.8,137,23,1.6,3.4,0.9,136,33,1.3,3.0,0.8,137,23,527,28.46,,0,0,0,63.5,65.8,65.1,0.27,0.18,0.37
ILAK,2017-08-21 09:45:00 EDT,43.79067,-74.23933,1621,68.9,68.2,68.9,75.8,60.9,0.000,0.000,0.00,0.000,3.8,7.6,1.6,185,20,4.2,8.3,1.7,186,20,3.8,7.6,1.6,185,20,381,,,0,0,0,63.5,65.8,65.1,0.27,0.17,0.37
ILAK,2017-08-21 09:50:00 EDT,43.79067,-74.23933,1621,69.0,68.3,69.0,76.1,61.1,0.000,0.000,0.00,0.000,3.3,5.3,1.0,163,21,3.9,7.4,1.2,162,21,3.3,5.3,1.0,163,21,495,,,0,0,0,63.6,65.8,65.1,0.27,0.17,0.37
ILAK,2017-08-21 09:55:00 EDT,43.79067,-74.23933,1621,69.4,68.7,69.4,74.5,61.0,0.000,0.000,0.00,0.000,2.7,5.8,1.5,163,21,3.2,6.7,1.4,164,23,2.7,5.8,1.5,163,21,525,,,0,0,0,63.8,65.8,65.1,0.27,0.17,0.37
ILAK,2017-08-21 10:00:00 EDT,43.79067,-74.23933,1621,70.2,69.5,70.2,73.2,61.2,0.000,0.000,0.00,0.000,3.3,5.5,0.9,163,20,3.8,6.8,1.1,165,21,3.3,5.5,0.9,163,20,579,,,0,0,0,63.9,65.7,65.1,0.27,0.17,0.37
ILAK,2017-08-21 10:05:00 EDT,43.79067,-74.23933,1621,70.6,69.9,70.6,72.0,61.1,0.000,0.000,0.00,0.000,3.9,7.0,1.3,167,23,4.4,8.4,1.4,167,24,3.9,7.0,1.3,167,23,572,,,0,0,0,63.9,65.6,65.1,0.27,0.17,0.37
ILAK,2017-08-21 10:10:00 EDT,43.79067,-74.23933,1621,70.7,70.1,70.7,71.1,60.9,0.000,0.000,0.00,0.000,4.5,6.9,1.1,172,18,5.3,9.7,1.5,174,16,4.5,6.9,1.1,172,18,499,,,0,0,0,63.9,65.5,65.1,0.27,0.17,0.37
ILAK,2017-08-21 10:15:00 EDT,43.79067,-74.23933,1621,71.0,70.3,71.0,70.2,60.8,0.000,0.000,0.00,0.000,4.8,7.7,1.4,174,16,5.5,9.0,1.5,174,15,4.8,7.7,1.4,174,16,559,28.46,,0,0,0,63.9,65.5,65.1,0.27,0.17,0.37
ILAK,2017-08-21 10:20:00 EDT,43.79067,-74.23933,1621,71.4,70.8,71.4,69.5,60.9,0.000,0.000,0.00,0.000,4.3,7.2,1.3,180,18,4.6,7.9,1.5,181,18,4.3,7.2,1.3,180,18,607,,,0,0,0,63.9,65.5,65.1,0.27,0.17,0.37
ILAK,2017-08-21 10:25:00 EDT,43.79067,-74.23933,1621,72.2,71.5,72.2,67.7,61.0,0.000,0.000,0.00,0.000,3.4,7.0,1.7,217,27,4.1,8.1,1.8,221,25,3.4,7.0,1.7,217,27,601,,,0,0,0,63.9,65.5,65.1,0.27,0.17,0.37
ILAK,2017-08-21 10:30:00 EDT,43.79067,-74.23933,1621,71.9,71.5,71.9,66.4,60.2,0.000,0.000,0.00,0.000,3.5,6.6,1.0,240,28,4.0,7.8,1.3,244,27,3.5,6.6,1.0,240,28,602,,,0,0,0,64.2,65.5,65.1,0.27,0.17,0.37
ILAK,2017-08-21 10:35:00 EDT,43.79067,-74.23933,1621,72.8,72.0,72.8,67.2,61.2,0.000,0.000,0.00,0.000,2.8,6.9,1.6,196,29,3.4,8.5,1.7,202,33,2.8,6.9,1.6,196,29,617,,,0,0,0,64.2,65.5,65.1,0.27,0.17,0.37
ILAK,2017-08-21 10:40:00 EDT,43.79067,-74.23933,1621,73.2,72.4,73.2,66.2,61.3,0.000,0.000,0.00,0.000,4.2,6.9,1.3,193,27,4.7,7.5,1.5,194,28,4.2,6.9,1.3,193,27,613,,,0,0,0,64.2,65.5,65.1,0.27,0.18,0.37
ILAK,2017-08-21 10:45:00 EDT,43.79067,-74.23933,1621,73.3,72.5,73.3,65.8,61.1,0.000,0.000,0.00,0.000,4.4,7.7,1.5,167,19,5.1,8.9,1.5,167,19,4.4,7.7,1.5,167,19,640,,,0,0,0,64.2,65.5,65.1,0.27,0.18,0.37
ILAK,2017-08-21 10:50:00 EDT,43.79067,-74.23933,1621,73.7,72.9,73.7,64.5,61.0,0.000,0.000,0.00,0.000,5.4,9.1,1.5,174,19,6.1,10.3,1.7,175,18,5.4,9.1,1.5,174,19,651,28.46,,0,0,0,64.4,65.5,65.1,0.27,0.18,0.37
ILAK,2017-08-21 10:55:00 EDT,43.79067,-74.23933,1621,73.8,73.0,73.8,64.1,60.9,0.000,0.000,0.00,0.000,6.3,9.9,1.7,184,15,7.1,12.7,2.3,186,13,6.3,9.9,1.7,184,15,657,,,0,0,0,64.4,65.5,65.1,0.27,0.17,0.37
ILAK,2017-08-21 11:00:00 EDT,43.79067,-74.23933,1621,74.4,73.6,74.4,63.4,61.2,0.000,0.000,0.00,0.000,4.8,9.9,2.1,189,22,5.3,9.8,2.0,192,20,4.8,9.9,2.1,189,22,659,,,0,0,0,64.4,65.5,65.1,0.27,0.17,0.37
ILAK,2017-08-21 11:05:00 EDT,43.79067,-74.23933,1621,74.7,73.9,74.7,61.4,60.5,0.000,0.000,0.00,0.000,6.0,11.3,1.9,190,22,6.8,12.6,2.1,190,20,6.0,11.3,1.9,190,22,670,,,0,0,0,64.4,65.5,65.1,0.27,0.17,0.37
ILAK,2017-08-21 11:10:00 EDT,43.79067,-74.23933,1621,74.9,74.2,74.9,60.4,60.3,0.000,0.000,0.00,0.000,5.4,11.3,2.0,193,28,6.2,12.1,2.1,197,25,5.4,11.3,2.0,193,28,676,,,0,0,0,64.6,65.5,65.1,0.27,0.17,0.37
ILAK,2017-08-21 11:15:00 EDT,43.79067,-74.23933,1621,75.2,74.4,75.2,58.7,59.7,0.000,0.000,0.00,0.000,5.9,9.6,1.6,189,21,6.7,11.4,1.9,191,19,5.9,9.6,1.6,189,21,684,,,0,0,0,64.8,65.5,65.1,0.27,0.17,0.37
ILAK,2017-08-21 11:20:00 EDT,43.79067,-74.23933,1621,75.1,74.4,75.1,57.6,59.1,0.000,0.000,0.00,0.000,7.1,11.6,1.9,175,18,7.9,13.7,2.3,177,16,7.1,11.6,1.9,175,18,686,,,0,0,0,64.8,65.5,65.1,0.27,0.17,0.37
ILAK,2017-08-21 11:25:00 EDT,43.79067,-74.23933,1621,75.8,75.0,75.8,56.1,59.0,0.000,0.000,0.00,0.000,5.1,9.3,2.0,222,25,5.8,11.2,2.0,225,26,5.1,9.3,2.0,222,25,695,28.45,,0,0,0,65.1,65.5,65.1,0.27,0.17,0.37
ILAK,2017-08-21 11:30:00 EDT,43.79067,-74.23933,1621,75.8,75.1,75.8,54.4,58.2,0.000,0.000,0.00,0.000,6.9,10.7,1.8,239,23,7.6,12.6,1.9,242,24,6.9,10.7,1.8,239,23,695,,,0,0,0,65.1,65.5,65.1,0.27,0.17,0.37
ILAK,2017-08-21 11:35:00 EDT,43.79067,-74.23933,1621,76.5,75.9,76.5,54.9,59.1,0.000,0.000,0.00,0.000,3.9,8.7,1.6,228,30,4.3,9.3,1.7,233,31,3.9,8.7,1.6,228,30,698,,,0,0,0,65.1,65.5,65.1,0.27,0.17,0.37
ILAK,2017-08-21 11:40:00 EDT,43.79067,-74.23933,1621,76.7,76.1,76.7,50.7,57.0,0.000,0.000,0.00,0.000,4.2,7.9,2.0,240,38,5.0,10.5,2.1,242,40,4.2,7.9,2.0,240,38,701,,,0,0,0,65.3,65.5,65.1,0.27,0.17,0.37
ILAK,2017-08-21 11:45:00 EDT,43.79067,-74.23933,1621,76.7,76.1,76.7,46.5,54.7,0.000,0.000,0.00,0.000,6.0,13.2,3.0,235,18,6.3,14.3,2.9,238,18,6.0,13.2,3.0,235,18,711,,,0,0,0,65.5,65.4,65.1,0.27,0.17,0.37
ILAK,2017-08-21 11:50:00 EDT,43.79067,-74.23933,1621,76.5,76.0,76.5,47.7,55.2,0.000,0.000,0.00,0.000,3.9,8.6,2.1,238,20,4.5,12.0,2.2,241,21,3.9,8.6,2.1,238,20,716,,,0,0,0,65.7,65.4,65.1,0.27,0.17,0.37
ILAK,2017-08-21 11:55:00 EDT,43.79067,-74.23933,1621,76.8,76.3,76.8,46.7,54.9,0.000,0.000,0.00,0.000,5.5,8.5,1.6,229,20,6.0,9.4,1.7,232,20,5.5,8.5,1.6,229,20,724,,,0,0,0,65.8,65.3,65.1,0.27,0.17,0.37
ILAK,2017-08-21 12:00:00 EDT,43.79067,-74.23933,1621,76.9,76.3,76.9,47.4,55.4,0.000,0.000,0.00,0.000,4.9,8.8,1.9,230,21,5.2,11.9,2.2,234,20,4.9,8.8,1.9,230,21,725,28.44,,0,0,0,65.8,65.2,65.1,0.27,0.17,0.37
ILAK,2017-08-21 12:05:00 EDT,43.79067,-74.23933,1621,77.4,76.7,77.4,46.5,55.4,0.000,0.000,0.00,0.000,5.3,10.8,1.7,242,28,5.9,11.8,1.8,246,29,5.3,10.8,1.7,242,28,729,,,0,0,0,65.8,65.1,65.1,0.27,0.17,0.37
ILAK,2017-08-21 12:10:00 EDT,43.79067,-74.23933,1621,77.6,76.9,77.6,46.2,55.3,0.000,0.000,0.00,0.000,3.4,6.9,1.5,229,29,3.7,8.3,1.6,233,30,3.4,6.9,1.5,229,29,736,,,0,0,0,65.9,65.1,65.1,0.27,0.17,0.37
ILAK,2017-08-21 12:15:00 EDT,43.79067,-74.23933,1621,78.1,77.4,78.1,47.0,56.2,0.000,0.000,0.00,0.000,3.9,9.4,2.1,276,34,4.8,11.2,2.5,282,33,3.9,9.4,2.1,276,34,743,,,0,0,0,66.0,65.1,65.1,0.27,0.17,0.37
ILAK,2017-08-21 12:20:00 EDT,43.79067,-74.23933,1621,78.1,77.4,78.1,46.0,55.6,0.000,0.000,0.00,0.000,3.8,9.1,2.2,274,34,4.7,10.2,2.2,278,35,3.8,9.1,2.2,274,34,684,,,0,0,0,66.0,65.1,65.1,0.27,0.17,0.37
ILAK,2017-08-21 12:25:00 EDT,43.79067,-74.23933,1621,77.6,77.0,77.6,45.8,55.0,0.000,0.000,0.00,0.000,5.2,10.6,1.9,265,26,6.0,12.2,2.2,269,25,5.2,10.6,1.9,265,26,670,,,0,0,0,66.3,65.1,65.1,0.27,0.17,0.37
ILAK,2017-08-21 12:30:00 EDT,43.79067,-74.23933,1621,78.1,77.5,78.1,46.0,55.6,0.000,0.000,0.00,0.000,3.9,8.7,2.0,255,29,4.7,11.0,2.4,261,26,3.9,8.7,2.0,255,29,746,,,0,0,0,66.4,65.1,65.1,0.27,0.17,0.37
ILAK,2017-08-21 12:35:00 EDT,43.79067,-74.23933,1621,78.2,77.7,78.2,46.1,55.8,0.000,0.000,0.00,0.000,4.5,11.3,2.2,278,30,5.1,11.1,2.3,281,31,4.5,11.3,2.2,278,30,671,28.43,,0,0,0,66.4,65.1,65.1,0.27,0.17,0.37
ILAK,2017-08-21 12:40:00 EDT,43.79067,-74.23933,1621,78.0,77.4,78.0,45.4,55.2,0.000,0.000,0.00,0.000,6.0,10.4,2.0,251,19,6.7,12.7,2.5,256,19,6.0,10.4,2.0,251,19,750,,,0,0,0,66.5,65.1,65.1,0.27,0.17,0.37
ILAK,2017-08-21 12:45:00 EDT,43.79067,-74.23933,1621,78.6,77.8,78.6,46.0,56.1,0.000,0.000,0.00,0.000,5.6,14.7,3.2,243,26,6.0,14.0,3.3,250,27,5.6,14.7,3.2,243,26,746,,,0,0,0,66.7,65.1,65.1,0.27,0.17,0.37
ILAK,2017-08-21 12:50:00 EDT,43.79067,-74.23933,1621,78.7,78.1,78.7,45.2,55.7,0.000,0.000,0.00,0.000,5.6,11.0,2.4,240,26,6.4,13.1,2.8,243,25,5.6,11.0,2.4,240,26,746,,,0,0,0,66.7,65.1,65.0,0.27,0.17,0.37
ILAK,2017-08-21 12:55:00 EDT,43.79067,-74.23933,1621,79.2,78.4,79.2,45.0,56.0,0.000,0.000,0.00,0.000,4.1,11.0,2.3,244,31,4.8,11.9,2.5,245,33,4.1,11.0,2.3,244,31,742,,,0,0,0,67.0,65.1,65.0,0.27,0.17,0.37
ILAK,2017-08-21 13:00:00 EDT,43.79067,-74.23933,1621,79.1,78.5,79.1,45.1,56.0,0.000,0.000,0.00,0.000,4.9,9.5,2.3,233,28,5.5,12.2,2.6,237,31,4.9,9.5,2.3,233,28,750,,,0,0,0,67.1,65.1,64.9,0.27,0.17,0.37
ILAK,2017-08-21 13:05:00 EDT,43.79067,-74.23933,1621,79.0,78.6,79.0,45.4,56.1,0.000,0.000,0.00,0.000,3.2,9.9,2.5,268,34,4.1,11.7,2.8,277,34,3.2,9.9,2.5,268,34,754,,,0,0,0,67.1,65.1,65.0,0.27,0.17,0.37
ILAK,2017-08-21 13:10:00 EDT,43.79067,-74.23933,1621,79.0,78.6,79.0,45.9,56.4,0.000,0.000,0.00,0.000,4.0,9.0,2.0,274,32,4.8,11.2,2.3,281,32,4.0,9.0,2.0,274,32,583,28.42,,0,0,0,67.4,65.1,64.9,0.27,0.17,0.37
ILAK,2017-08-21 13:15:00 EDT,43.79067,-74.23933,1621,78.9,78.4,78.9,46.2,56.5,0.000,0.000,0.00,0.000,5.5,9.7,2.1,252,24,6.1,12.1,2.4,255,25,5.5,9.7,2.1,252,24,709,,,0,0,0,67.5,65.1,64.9,0.27,0.17,0.37
ILAK,2017-08-21 13:20:00 EDT,43.79067,-74.23933,1621,79.3,78.6,79.3,45.2,56.2,0.000,0.000,0.00,0.000,5.1,8.7,1.6,239,18,5.7,11.1,1.9,246,15,5.1,8.7,1.6,239,18,652,,,0,0,0,67.5,65.1,64.8,0.26,0.17,0.37
ILAK,2017-08-21 13:25:00 EDT,43.79067,-74.23933,1621,79.1,78.4,79.1,44.8,55.8,0.000,0.000,0.00,0.000,5.7,9.7,2.1,242,27,6.4,11.3,2.2,245,26,5.7,9.7,2.1,242,27,742,,,0,0,0,67.8,65.1,64.9,0.27,0.17,0.37
ILAK,2017-08-21 13:30:00 EDT,43.79067,-74.23933,1621,79.9,79.2,79.9,44.4,56.2,0.000,0.000,0.00,0.000,5.0,8.8,1.9,244,29,5.4,9.5,2.1,249,28,5.0,8.8,1.9,244,29,625,,,0,0,0,67.8,65.1,64.8,0.27,0.17,0.37
ILAK,2017-08-21 13:35:00 EDT,43.79067,-74.23933,1621,79.9,79.3,79.9,43.7,55.9,0.000,0.000,0.00,0.000,3.8,11.0,1.9,263,46,4.6,13.1,2.4,271,43,3.8,11.0,1.9,263,46,699,,,0,0,0,67.8,65.1,64.8,0.26,0.17,0.37
ILAK,2017-08-21 13:40:00 EDT,43.79067,-74.23933,1621,80.0,79.5,80.0,42.3,55.0,0.000,0.000,0.00,0.000,3.4,8.6,1.8,249,30,4.3,9.6,1.9,254,29,3.4,8.6,1.8,249,30,644,,,0,0,0,68.1,65.1,64.8,0.26,0.17,0.37
ILAK,2017-08-21 13:45:00 EDT,43.79067,-74.23933,1621,79.9,79.4,79.9,43.0,55.4,0.000,0.000,0.00,0.000,4.0,10.4,2.2,255,35,5.0,11.7,2.4,259,34,4.0,10.4,2.2,255,35,649,28.41,,0,0,0,68.2,65.1,64.8,0.26,0.17,0.37
ILAK,2017-08-21 13:50:00 EDT,43.79067,-74.23933,1621,79.9,79.5,79.9,41.6,54.5,0.000,0.000,0.00,0.000,3.9,8.4,1.8,267,26,4.7,9.9,2.1,272,24,3.9,8.4,1.8,267,26,603,,,0,0,0,68.2,65.1,64.8,0.26,0.17,0.37
ILAK,2017-08-21 13:55:00 EDT,43.79067,-74.23933,1621,79.8,79.3,79.8,42.3,54.8,0.000,0.000,0.00,0.000,4.0,10.6,2.4,263,29,4.9,13.4,2.8,270,26,4.0,10.6,2.4,263,29,557,,,0,0,0,68.5,65.1,64.8,0.26,0.17,0.37
ILAK,2017-08-21 14:00:00 EDT,43.79067,-74.23933,1621,79.6,79.2,79.6,43.3,55.4,0.000,0.000,0.00,0.000,2.2,5.7,1.3,258,31,2.9,7.4,1.4,261,28,2.2,5.7,1.3,258,31,514,,,0,0,0,68.5,65.1,64.8,0.26,0.17,0.37
ILAK,2017-08-21 14:05:00 EDT,43.79067,-74.23933,1621,79.3,79.0,79.3,42.9,54.8,0.000,0.000,0.00,0.000,5.5,11.0,2.7,275,27,6.6,13.5,3.3,278,23,5.5,11.0,2.7,275,27,459,,,0,0,0,68.5,65.1,64.8,0.26,0.17,0.37
ILAK,2017-08-21 14:10:00 EDT,43.79067,-74.23933,1621,79.2,78.9,79.2,45.0,56.1,0.000,0.000,0.00,0.000,4.0,7.1,1.7,243,27,4.5,8.6,1.9,246,28,4.0,7.1,1.7,243,27,420,,,0,0,0,68.6,65.1,64.8,0.26,0.17,0.37
ILAK,2017-08-21 14:15:00 EDT,43.79067,-74.23933,1621,79.0,78.8,79.0,44.6,55.7,0.000,0.000,0.00,0.000,3.8,7.9,1.8,259,32,4.4,9.1,2.1,265,31,3.8,7.9,1.8,259,32,369,,,0,0,0,68.9,65.1,64.8,0.26,0.17,0.37
ILAK,2017-08-21 14:20:00 EDT,43.79067,-74.23933,1621,78.8,78.6,78.8,46.4,56.5,0.000,0.000,0.00,0.000,2.3,6.1,1.7,241,38,3.0,7.2,1.8,241,42,2.3,6.1,1.7,241,38,331,28.41,,0,0,0,68.9,65.1,64.8,0.26,0.17,0.37
ILAK,2017-08-21 14:25:00 EDT,43.79067,-74.23933,1621,78.7,78.5,78.7,47.1,56.8,0.000,0.000,0.00,0.000,4.0,7.8,1.6,238,20,4.5,8.3,1.9,242,18,4.0,7.8,1.6,238,20,295,,,0,0,0,68.9,65.1,64.8,0.26,0.17,0.37
ILAK,2017-08-21 14:30:00 EDT,43.79067,-74.23933,1621,78.2,78.2,78.2,46.5,56.0,0.000,0.000,0.00,0.000,4.9,9.1,1.9,227,23,5.2,10.2,1.9,231,22,4.9,9.1,1.9,227,23,263,,,0,0,0,69.2,65.1,64.8,0.26,0.17,0.37
ILAK,2017-08-21 14:35:00 EDT,43.79067,-74.23933,1621,77.8,77.9,77.8,46.4,55.6,0.000,0.000,0.00,0.000,6.9,12.7,2.5,228,17,7.5,13.5,2.6,231,17,6.9,12.7,2.5,228,17,243,,,0,0,0,69.3,65.1,64.8,0.26,0.17,0.37
ILAK,2017-08-21 14:40:00 EDT,43.79067,-74.23933,1621,77.7,77.7,77.7,46.9,55.8,0.000,0.000,0.00,0.000,5.5,9.7,1.5,234,17,5.7,11.1,1.6,236,16,5.5,9.7,1.5,234,17,230,,,0,0,0,69.3,65.1,64.8,0.26,0.17,0.37
ILAK,2017-08-21 14:45:00 EDT,43.79067,-74.23933,1621,77.4,77.5,77.4,48.4,56.4,0.000,0.000,0.00,0.000,4.0,7.3,1.3,228,16,4.2,8.5,1.4,229,15,4.0,7.3,1.3,228,16,224,,,0,0,0,69.3,65.1,64.8,0.26,0.17,0.37
ILAK,2017-08-21 14:50:00 EDT,43.79067,-74.23933,1621,77.2,77.2,77.2,49.4,56.8,0.000,0.000,0.00,0.000,4.0,6.6,1.4,237,16,4.5,8.8,1.6,239,16,4.0,6.6,1.4,237,16,231,,,0,0,0,69.3,65.1,64.8,0.26,0.17,0.37
ILAK,2017-08-21 14:55:00 EDT,43.79067,-74.23933,1621,77.2,77.2,77.2,50.1,57.1,0.000,0.000,0.00,0.000,3.2,5.0,1.0,237,17,3.4,5.8,1.2,241,16,3.2,5.0,1.0,237,17,248,28.40,,0,0,0,69.5,65.1,64.8,0.26,0.17,0.37
ILAK,2017-08-21 15:00:00 EDT,43.79067,-74.23933,1621,77.3,77.1,77.3,50.0,57.2,0.000,0.000,0.00,0.000,3.5,9.4,2.0,232,22,3.8,10.8,2.2,235,23,3.5,9.4,2.0,232,22,273,,,0,0,0,69.6,65.1,64.8,0.26,0.17,0.37
ILAK,2017-08-21 15:05:00 EDT,43.79067,-74.23933,1621,77.3,77.2,77.3,49.4,56.9,0.000,0.000,0.00,0.000,4.4,8.0,1.6,238,23,5.0,9.5,1.7,244,23,4.4,8.0,1.6,238,23,301,,,0,0,0,69.6,65.1,64.8,0.26,0.17,0.37
ILAK,2017-08-21 15:10:00 EDT,43.79067,-74.23933,1621,77.4,77.3,77.4,49.6,57.1,0.000,0.000,0.00,0.000,4.2,8.4,1.7,243,24,4.7,9.6,1.9,246,24,4.2,8.4,1.7,243,24,335,,,0,0,0,69.6,65.1,64.8,0.26,0.17,0.37
ILAK,2017-08-21 15:15:00 EDT,43.79067,-74.23933,1621,77.7,77.5,77.7,49.4,57.2,0.000,0.000,0.00,0.000,4.7,9.4,1.9,244,20,5.4,10.2,2.0,246,21,4.7,9.4,1.9,244,20,370,,,0,0,0,69.6,65.1,64.8,0.26,0.17,0.37
ILAK,2017-08-21 15:20:00 EDT,43.79067,-74.23933,1621,77.7,77.6,77.7,47.9,56.4,0.000,0.000,0.00,0.000,5.7,10.3,1.9,245,21,6.5,11.1,2.2,251,19,5.7,10.3,1.9,245,21,404,,,0,0,0,69.6,65.2,64.8,0.26,0.17,0.37
ILAK,2017-08-21 15:25:00 EDT,43.79067,-74.23933,1621,77.9,77.7,77.9,48.4,56.9,0.000,0.000,0.00,0.000,5.4,9.1,1.4,240,19,5.9,8.7,1.6,244,19,5.4,9.1,1.4,240,19,437,,,0,0,0,69.6,65.2,64.8,0.26,0.17,0.37
ILAK,2017-08-21 15:30:00 EDT,43.79067,-74.23933,1621,78.2,78.0,78.2,48.6,57.3,0.000,0.000,0.00,0.000,5.2,10.7,2.5,234,18,5.6,12.0,2.7,237,17,5.2,10.7,2.5,234,18,468,28.40,,0,0,0,69.7,65.4,64.8,0.26,0.17,0.37
ILAK,2017-08-21 15:35:00 EDT,43.79067,-74.23933,1621,78.1,77.9,78.1,48.5,57.1,0.000,0.000,0.00,0.000,7.0,14.2,2.4,242,22,7.6,13.9,2.4,245,20,7.0,14.2,2.4,242,22,429,,,0,0,0,69.9,65.4,64.8,0.26,0.16,0.37
ILAK,2017-08-21 15:40:00 EDT,43.79067,-74.23933,1621,78.5,78.1,78.5,49.6,58.1,0.000,0.000,0.00,0.000,3.9,10.2,2.3,237,20,4.3,11.3,2.3,238,23,3.9,10.2,2.3,237,20,478,,,0,0,0,70.0,65.5,64.8,0.26,0.16,0.37
ILAK,2017-08-21 15:45:00 EDT,43.79067,-74.23933,1621,78.4,78.1,78.4,49.3,57.9,0.000,0.000,0.00,0.000,3.8,9.8,2.0,262,31,4.6,11.8,2.4,264,30,3.8,9.8,2.0,262,31,449,,,0,0,0,70.0,65.5,64.8,0.26,0.17,0.37
ILAK,2017-08-21 15:50:00 EDT,43.79067,-74.23933,1621,78.3,78.1,78.3,49.2,57.7,0.000,0.000,0.00,0.000,6.3,9.9,1.6,236,23,7.1,13.6,1.9,240,24,6.3,9.9,1.6,236,23,384,,,0,0,0,70.0,65.5,64.8,0.26,0.17,0.37
ILAK,2017-08-21 15:55:00 EDT,43.79067,-74.23933,1621,78.5,78.1,78.5,50.1,58.4,0.000,0.000,0.00,0.000,4.6,10.2,2.1,245,27,5.4,11.9,2.2,245,27,4.6,10.2,2.1,245,27,540,,,0,0,0,70.0,65.4,64.8,0.26,0.17,0.37
ILAK,2017-08-21 16:00:00 EDT,43.79067,-74.23933,1621,78.3,78.1,78.3,50.7,58.5,0.000,0.000,0.00,0.000,6.7,12.0,2.5,233,20,7.3,13.3,2.5,238,21,6.7,12.0,2.5,233,20,382,,,0,0,0,70.0,65.5,64.8,0.26,0.17,0.37
ILAK,2017-08-21 16:05:00 EDT,43.79067,-74.23933,1621,78.0,77.7,78.0,51.0,58.4,0.000,0.000,0.00,0.000,6.8,10.1,1.4,232,15,7.3,11.0,1.5,233,15,6.8,10.1,1.4,232,15,324,28.40,,0,0,0,70.0,65.5,64.8,0.26,0.16,0.37
ILAK,2017-08-21 16:10:00 EDT,43.79067,-74.23933,1621,78.1,77.9,78.1,51.9,59.0,0.000,0.000,0.00,0.000,4.9,12.7,2.7,219,24,5.2,13.5,2.8,222,25,4.9,12.7,2.7,219,24,443,,,0,0,0,70.0,65.5,64.8,0.26,0.16,0.37
ILAK,2017-08-21 16:15:00 EDT,43.79067,-74.23933,1621,78.2,78.0,78.2,51.2,58.7,0.000,0.000,0.00,0.000,6.1,12.6,2.2,241,20,6.6,13.3,2.4,245,19,6.1,12.6,2.2,241,20,281,,,0,0,0,70.0,65.5,64.8,0.26,0.17,0.37
ILAK,2017-08-21 16:20:00 EDT,43.79067,-74.23933,1621,77.6,77.5,77.6,50.5,57.7,0.000,0.000,0.00,0.000,6.7,12.1,1.5,238,19,7.2,12.7,1.8,240,19,6.7,12.1,1.5,238,19,253,,,0,0,0,70.0,65.5,64.8,0.26,0.17,0.37
ILAK,2017-08-21 16:25:00 EDT,43.79067,-74.23933,1621,77.9,77.7,77.9,51.9,58.8,0.000,0.000,0.00,0.000,4.5,9.0,2.1,237,21,5.0,10.2,2.2,238,21,4.5,9.0,2.1,237,21,489,,,0,0,0,70.0,65.5,64.8,0.26,0.17,0.37
ILAK,2017-08-21 16:30:00 EDT,43.79067,-74.23933,1621,78.5,78.1,78.5,49.7,58.2,0.000,0.000,0.00,0.000,7.3,13.2,2.3,221,20,7.9,14.3,2.6,224,20,7.3,13.2,2.3,221,20,429,,,0,0,0,70.0,65.5,64.8,0.26,0.17,0.37
ILAK,2017-08-21 16:35:00 EDT,43.79067,-74.23933,1621,78.4,78.1,78.4,50.1,58.3,0.000,0.000,0.00,0.000,4.2,10.7,1.6,243,26,4.8,10.8,1.8,247,26,4.2,10.7,1.6,243,26,389,,,0,0,0,70.0,65.5,64.8,0.26,0.17,0.37
ILAK,2017-08-21 16:40:00 EDT,43.79067,-74.23933,1621,78.2,78.0,78.2,48.9,57.4,0.000,0.000,0.00,0.000,5.1,9.1,2.0,243,24,5.8,11.3,2.3,247,25,5.1,9.1,2.0,243,24,395,28.39,,0,0,0,70.0,65.5,64.8,0.26,0.17,0.37
ILAK,2017-08-21 16:45:00 EDT,43.79067,-74.23933,1621,78.2,77.9,78.2,50.2,58.1,0.000,0.000,0.00,0.000,6.5,11.1,2.6,234,21,6.9,12.3,2.5,239,20,6.5,11.1,2.6,234,21,450,,,0,0,0,70.0,65.5,64.8,0.26,0.16,0.37
ILAK,2017-08-21 16:50:00 EDT,43.79067,-74.23933,1621,78.3,78.0,78.3,49.6,57.9,0.000,0.000,0.00,0.000,7.0,11.6,2.1,231,18,7.3,12.6,2.2,233,16,7.0,11.6,2.1,231,18,440,,,0,0,0,70.0,65.5,64.8,0.26,0.16,0.37
ILAK,2017-08-21 16:55:00 EDT,43.79067,-74.23933,1621,78.3,78.0,78.3,50.2,58.3,0.000,0.000,0.00,0.000,6.2,12.3,1.8,243,15,6.7,12.6,2.0,246,15,6.2,12.3,1.8,243,15,301,,,0,0,0,70.0,65.5,64.8,0.26,0.16,0.37
ILAK,2017-08-21 17:00:00 EDT,43.79067,-74.23933,1621,77.9,77.7,77.9,49.1,57.3,0.000,0.000,0.00,0.000,3.8,7.4,1.7,253,29,4.6,9.7,1.9,255,30,3.8,7.4,1.7,253,29,363,,,0,0,0,70.0,65.5,64.8,0.26,0.17,0.37
ILAK,2017-08-21 17:05:00 EDT,43.79067,-74.23933,1621,78.1,77.8,78.1,47.4,56.5,0.000,0.000,0.00,0.000,5.7,8.6,1.3,237,16,6.2,10.5,1.5,241,16,5.7,8.6,1.3,237,16,374,,,0,0,0,70.1,65.5,64.8,0.26,0.17,0.37
ILAK,2017-08-21 17:10:00 EDT,43.79067,-74.23933,1621,78.1,77.9,78.1,49.5,57.7,0.000,0.000,0.00,0.000,4.6,9.8,2.4,242,28,5.1,10.5,2.5,245,28,4.6,9.8,2.4,242,28,341,,,0,0,0,70.3,65.5,64.8,0.26,0.17,0.37
ILAK,2017-08-21 17:15:00 EDT,43.79067,-74.23933,1621,77.9,77.7,77.9,48.6,57.0,0.000,0.000,0.00,0.000,5.3,10.2,1.8,245,19,5.9,11.5,2.1,251,17,5.3,10.2,1.8,245,19,333,28.39,,0,0,0,70.3,65.6,64.8,0.26,0.17,0.37
ILAK,2017-08-21 17:20:00 EDT,43.79067,-74.23933,1621,77.9,77.8,77.9,49.5,57.5,0.000,0.000,0.00,0.000,4.3,8.3,1.7,244,20,4.9,10.0,2.0,248,22,4.3,8.3,1.7,244,20,337,,,0,0,0,70.3,65.6,64.8,0.26,0.16,0.37
ILAK,2017-08-21 17:25:00 EDT,43.79067,-74.23933,1621,78.1,77.9,78.1,50.4,58.1,0.000,0.000,0.00,0.000,4.7,6.6,0.9,226,18,5.0,7.3,1.1,229,17,4.7,6.6,0.9,226,18,285,,,0,0,0,70.3,65.6,64.8,0.26,0.16,0.37
ILAK,2017-08-21 17:30:00 EDT,43.79067,-74.23933,1621,77.5,77.5,77.5,52.4,58.7,0.000,0.000,0.00,0.000,3.7,5.6,0.8,241,17,4.1,6.3,1.0,244,18,3.7,5.6,0.8,241,17,263,,,0,0,0,70.3,65.7,64.8,0.26,0.16,0.37
ILAK,2017-08-21 17:35:00 EDT,43.79067,-74.23933,1621,77.8,77.8,77.8,51.9,58.7,0.000,0.000,0.00,0.000,5.3,9.1,1.5,221,20,5.8,9.5,1.7,224,20,5.3,9.1,1.5,221,20,303,,,0,0,0,70.3,65.7,64.8,0.26,0.16,0.37
ILAK,2017-08-21 17:40:00 EDT,43.79067,-74.23933,1621,77.9,77.8,77.9,51.2,58.4,0.000,0.000,0.00,0.000,5.1,9.4,1.8,248,24,5.7,9.9,2.1,251,23,5.1,9.4,1.8,248,24,290,,,0,0,0,70.3,65.8,64.8,0.26,0.16,0.37
ILAK,2017-08-21 17:45:00 EDT,43.79067,-74.23933,1621,77.8,77.8,77.8,52.0,58.8,0.000,0.000,0.00,0.000,3.1,6.6,1.3,242,20,3.3,7.0,1.3,245,20,3.1,6.6,1.3,242,20,275,,,0,0,0,70.3,65.8,64.8,0.26,0.16,0.37
ILAK,2017-08-21 17:50:00 EDT,43.79067,-74.23933,1621,77.8,77.7,77.8,52.1,58.9,0.000,0.000,0.00,0.000,3.5,6.6,1.4,233,15,3.9,8.4,1.5,237,15,3.5,6.6,1.4,233,15,260,28.38,,0,0,0,70.3,65.8,64.8,0.26,0.16,0.37
ILAK,2017-08-21 17:55:00 EDT,43.79067,-74.23933,1621,77.5,77.6,77.5,52.9,58.9,0.000,0.000,0.00,0.000,3.5,6.6,1.4,235,27,3.8,6.8,1.3,238,28,3.5,6.6,1.4,235,27,248,,,0,0,0,70.3,65.8,64.8,0.26,0.16,0.37
ILAK,2017-08-21 18:00:00 EDT,43.79067,-74.23933,1621,77.6,77.6,77.6,52.2,58.7,0.000,0.000,0.00,0.000,5.6,9.5,1.4,222,19,6.0,11.7,1.6,224,18,5.6,9.5,1.4,222,19,206,,,0,0,0,70.3,65.8,64.8,0.26,0.16,0.37
ILAK,2017-08-21 18:05:00 EDT,43.79067,-74.23933,1621,77.2,77.3,77.2,52.0,58.2,0.000,0.000,0.00,0.000,6.6,10.2,1.7,236,18,7.2,12.8,2.0,239,16,6.6,10.2,1.7,236,18,203,,,0,0,0,70.3,65.8,64.8,0.26,0.16,0.37
ILAK,2017-08-21 18:10:00 EDT,43.79067,-74.23933,1621,77.2,77.2,77.2,52.3,58.3,0.000,0.000,0.00,0.000,5.7,9.4,1.6,227,16,5.9,10.2,1.6,229,16,5.7,9.4,1.6,227,16,204,,,0,0,0,70.3,65.8,64.8,0.26,0.16,0.37
ILAK,2017-08-21 18:15:00 EDT,43.79067,-74.23933,1621,77.0,77.1,77.0,53.1,58.6,0.000,0.000,0.00,0.000,4.0,7.1,1.3,244,18,4.5,8.7,1.7,248,17,4.0,7.1,1.3,244,18,200,,,0,0,0,70.3,65.8,64.8,0.26,0.16,0.37
ILAK,2017-08-21 18:20:00 EDT,43.79067,-74.23933,1621,77.0,77.1,77.0,52.6,58.4,0.000,0.000,0.00,0.000,4.0,7.5,1.3,250,26,4.5,7.8,1.5,255,23,4.0,7.5,1.3,250,26,180,,,0,0,0,70.3,65.8,64.8,0.26,0.16,0.37
ILAK,2017-08-21 18:25:00 EDT,43.79067,-74.23933,1621,76.8,77.1,76.8,53.1,58.4,0.000,0.000,0.00,0.000,4.1,6.9,1.3,231,19,4.4,7.5,1.4,235,18,4.1,6.9,1.3,231,19,161,28.37,,0,0,0,70.3,65.8,64.8,0.26,0.16,0.37
ILAK,2017-08-21 18:30:00 EDT,43.79067,-74.23933,1621,76.3,76.9,76.3,54.4,58.7,0.000,0.000,0.00,0.000,3.9,8.3,1.4,231,16,4.1,9.3,1.7,236,15,3.9,8.3,1.4,231,16,148,,,0,0,0,70.3,65.8,64.8,0.26,0.16,0.37
ILAK,2017-08-21 18:35:00 EDT,43.79067,-74.23933,1621,76.1,76.7,76.1,55.1,58.8,0.000,0.000,0.00,0.000,2.9,4.9,1.0,235,16,3.3,6.2,1.1,237,16,2.9,4.9,1.0,235,16,136,,,0,0,0,70.3,65.8,64.8,0.26,0.16,0.37
ILAK,2017-08-21 18:40:00 EDT,43.79067,-74.23933,1621,75.5,76.3,75.5,56.8,59.1,0.000,0.000,0.00,0.000,2.1,4.2,0.9,232,18,2.4,5.7,1.0,236,17,2.1,4.2,0.9,232,18,122,,,0,0,0,70.3,65.8,64.8,0.26,0.16,0.37
ILAK,2017-08-21 18:45:00 EDT,43.79067,-74.23933,1621,74.8,76.2,74.8,58.0,59.1,0.000,0.000,0.00,0.000,3.1,5.0,0.8,225,14,3.2,5.6,0.9,228,12,3.1,5.0,0.8,225,14,86,,,0,0,0,70.3,65.8,64.8,0.26,0.16,0.37
ILAK,2017-08-21 18:50:00 EDT,43.79067,-74.23933,1621,74.3,76.0,74.3,60.0,59.6,0.000,0.000,0.00,0.000,1.9,4.2,0.9,233,18,2.1,5.0,0.9,234,17,1.9,4.2,0.9,233,18,48,,,0,0,0,70.3,65.8,64.8,0.26,0.16,0.37
ILAK,2017-08-21 18:55:00 EDT,43.79067,-74.23933,1621,73.8,75.6,73.8,62.5,60.2,0.000,0.000,0.00,0.000,1.9,3.4,0.5,225,11,1.9,3.5,0.5,227,11,1.9,3.4,0.5,225,11,43,,,0,0,0,70.3,65.8,64.8,0.26,0.16,0.37
ILAK,2017-08-21 19:00:00 EDT,43.79067,-74.23933,1621,73.1,75.5,73.1,64.8,60.6,0.000,0.000,0.00,0.000,1.8,2.6,0.3,219,8,1.7,2.9,0.3,222,7,1.8,2.6,0.3,219,8,40,28.38,,0,0,0,70.3,65.8,64.8,0.26,0.16,0.37
ILAK,2017-08-21 19:05:00 EDT,43.79067,-74.23933,1621,71.9,75.3,71.9,67.5,60.5,0.000,0.000,0.00,0.000,1.3,2.1,0.3,206,10,1.5,2.4,0.4,209,12,1.3,2.1,0.3,206,10,36,,,0,0,0,70.3,65.8,64.8,0.26,0.16,0.37
ILAK,2017-08-21 19:10:00 EDT,43.79067,-74.23933,1621,70.4,74.9,70.4,72.0,60.9,0.000,0.000,0.00,0.000,0.6,1.3,0.5,216,2,0.8,1.6,0.5,224,11,0.6,1.3,0.5,216,2,31,,,0,0,0,70.3,65.8,64.8,0.26,0.16,0.37
ILAK,2017-08-21 19:15:00 EDT,43.79067,-74.23933,1621,70.1,72.2,70.1,77.1,62.6,0.000,0.000,0.00,0.000,0.5,0.9,0.3,358,7,1.1,1.6,0.3,351,9,0.5,0.9,0.3,358,7,28,,,0,0,0,70.3,65.8,64.8,0.26,0.16,0.37
ILAK,2017-08-21 19:20:00 EDT,43.79067,-74.23933,1621,69.9,71.8,69.9,78.9,63.1,0.000,0.000,0.00,0.000,0.0,0.4,0.1,336,0,0.1,1.0,0.2,328,4,0.0,0.4,0.1,336,0,23,,,0,0,0,70.3,65.8,64.8,0.26,0.16,0.37
ILAK,2017-08-21 19:25:00 EDT,43.79067,-74.23933,1621,69.1,71.9,69.1,80.1,62.7,0.000,0.000,0.00,0.000,0.1,0.6,0.2,48,0,0.1,1.0,0.3,11,22,0.1,0.6,0.2,48,0,19,,,0,0,0,70.1,65.8,64.8,0.26,0.16,0.37
ILAK,2017-08-21 19:30:00 EDT,43.79067,-74.23933,1621,68.8,70.7,68.8,80.8,62.7,0.000,0.000,0.00,0.000,0.0,0.7,0.1,48,0,0.0,0.8,0.1,40,6,0.0,0.7,0.1,48,0,14,,,0,0,0,70.0,65.8,64.8,0.26,0.16,0.37
ILAK,2017-08-21 19:35:00 EDT,43.79067,-74.23933,1621,68.2,70.4,68.2,82.0,62.5,0.000,0.000,0.00,0.000,0.0,0.0,0.0,0,0,0.0,0.0,0.0,0,0,0.0,0.0,0.0,0,0,12,28.38,,0,0,0,70.0,65.8,64.8,0.26,0.16,0.37
ILAK,2017-08-21 19:40:00 EDT,43.79067,-74.23933,1621,67.8,70.1,67.8,83.3,62.6,0.000,0.000,0.00,0.000,0.3,1.2,0.5,2,0,0.6,2.0,0.7,359,4,0.3,1.2,0.5,2,0,11,,,0,0,0,70.0,65.8,64.8,0.26,0.16,0.37
ILAK,2017-08-21 19:45:00 EDT,43.79067,-74.23933,1621,67.5,68.9,67.5,84.4,62.6,0.000,0.000,0.00,0.000,1.3,2.0,0.3,356,7,1.8,2.7,0.3,357,7,1.3,2.0,0.3,356,7,8,,,0,0,0,70.0,65.8,64.8,0.26,0.16,0.37
ILAK,2017-08-21 19:50:00 EDT,43.79067,-74.23933,1621,67.1,68.5,67.1,85.1,62.4,0.000,0.000,0.00,0.000,0.3,1.0,0.4,8,2,0.5,1.5,0.5,11,4,0.3,1.0,0.4,8,2,5,,,0,0,0,70.0,65.8,64.8,0.26,0.16,0.37
ILAK,2017-08-21 19:55:00 EDT,43.79067,-74.23933,1621,66.8,68.2,66.8,85.2,62.2,0.000,0.000,0.00,0.000,0.0,0.0,0.0,0,0,0.0,1.2,0.2,300,4,0.0,0.0,0.0,0,0,3,,,0,0,0,70.0,65.8,64.8,0.26,0.16,0.37
ILAK,2017-08-21 20:00:00 EDT,43.79067,-74.23933,1621,65.9,68.3,65.9,86.5,61.7,0.000,0.000,0.00,0.000,0.2,0.8,0.3,325,8,0.3,1.1,0.4,327,11,0.2,0.8,0.3,325,8,2,,,0,0,0,70.0,65.8,64.8,0.26,0.16,0.37
ILAK,2017-08-21 20:05:00 EDT,43.79067,-74.23933,1621,65.7,67.7,65.7,87.4,61.9,0.000,0.000,0.00,0.000,0.0,0.0,0.0,0,0,0.2,1.1,0.4,322,12,0.0,0.0,0.0,0,0,1,,,0,0,0,70.0,65.8,64.8,0.26,0.16,0.37
ILAK,2017-08-21 20:10:00 EDT,43.79067,-74.23933,1621,65.4,67.2,65.4,88.2,61.8,0.000,0.000,0.00,0.000,0.0,0.8,0.2,354,0,0.4,1.3,0.5,358,8,0.0,0.8,0.2,354,0,0,28.38,,0,0,0,70.0,65.8,64.8,0.26,0.16,0.37
ILAK,2017-08-21 20:15:00 EDT,43.79067,-74.23933,1621,65.4,66.6,65.4,88.9,62.0,0.000,0.000,0.00,0.000,0.1,0.7,0.2,324,9,0.1,1.2,0.3,319,7,0.1,0.7,0.2,324,9,0,,,0,0,0,69.9,65.8,64.8,0.26,0.16,0.37
ILAK,2017-08-21 20:20:00 EDT,43.79067,-74.23933,1621,65.2,66.3,65.2,89.3,62.0,0.000,0.000,0.00,0.000,0.1,0.5,0.2,32,0,0.1,0.9,0.3,32,5,0.1,0.5,0.2,32,0,0,,,0,0,0,69.6,65.8,64.8,0.26,0.16,0.37
ILAK,2017-08-21 20:25:00 EDT,43.79067,-74.23933,1621,64.7,66.2,64.7,89.7,61.6,0.000,0.000,0.00,0.000,0.0,0.0,0.0,0,0,0.0,0.0,0.0,0,0,0.0,0.0,0.0,0,0,0,,,0,0,0,69.6,65.8,64.8,0.26,0.16,0.37
ILAK,2017-08-21 20:30:00 EDT,43.79067,-74.23933,1621,64.6,66.2,64.6,90.2,61.7,0.000,0.000,0.00,0.000,0.5,1.3,0.4,328,5,0.8,1.8,0.5,328,7,0.5,1.3,0.4,328,5,0,,,0,0,0,69.6,65.8,64.8,0.26,0.16,0.37
ILAK,2017-08-21 20:35:00 EDT,43.79067,-74.23933,1621,63.9,66.1,63.9,90.6,61.1,0.000,0.000,0.00,0.000,0.6,1.4,0.5,308,4,1.0,1.6,0.4,307,17,0.6,1.4,0.5,308,4,0,28.38,,0,0,0,69.6,65.9,64.8,0.26,0.16,0.37
ILAK,2017-08-21 20:40:00 EDT,43.79067,-74.23933,1621,63.7,65.5,63.7,91.5,61.2,0.000,0.000,0.00,0.000,0.2,0.8,0.3,354,7,0.4,1.4,0.5,5,7,0.2,0.8,0.3,354,7,0,,,0,0,0,69.6,65.9,64.8,0.26,0.16,0.37
ILAK,2017-08-21 20:45:00 EDT,43.79067,-74.23933,1621,63.8,64.7,63.8,92.3,61.5,0.000,0.000,0.00,0.000,0.0,0.4,0.0,10,0,0.4,1.2,0.4,358,7,0.0,0.4,0.0,10,0,0,,,0,0,0,69.6,66.0,64.8,0.26,0.16,0.37
ILAK,2017-08-21 20:50:00 EDT,43.79067,-74.23933,1621,63.6,64.6,63.6,92.4,61.4,0.000,0.000,0.00,0.000,0.6,2.3,0.7,342,6,1.0,3.1,0.9,346,7,0.6,2.3,0.7,342,6,0,,,0,0,0,69.4,66.0,64.8,0.26,0.16,0.37
ILAK,2017-08-21 20:55:00 EDT,43.79067,-74.23933,1621,63.3,64.9,63.3,92.8,61.2,0.000,0.000,0.00,0.000,1.8,2.6,0.3,350,3,2.4,3.4,0.4,355,6,1.8,2.6,0.3,350,3,0,,,0,0,0,69.3,66.0,64.8,0.26,0.16,0.37
ILAK,2017-08-21 21:00:00 EDT,43.79067,-74.23933,1621,62.9,64.4,62.9,93.5,61.0,0.000,0.000,0.00,0.000,0.1,1.0,0.2,350,0,0.4,1.4,0.5,289,31,0.1,1.0,0.2,350,0,0,,,0,0,0,69.3,66.0,64.8,0.26,0.16,0.37
ILAK,2017-08-21 21:05:00 EDT,43.79067,-74.23933,1621,62.7,64.5,62.7,94.0,61.0,0.000,0.000,0.00,0.000,0.6,0.9,0.3,355,27,0.9,1.4,0.4,355,26,0.6,0.9,0.3,355,27,0,,,0,0,0,69.3,66.0,64.8,0.26,0.16,0.37
ILAK,2017-08-21 21:10:00 EDT,43.79067,-74.23933,1621,62.8,63.8,62.8,94.6,61.2,0.000,0.000,0.00,0.000,0.3,0.7,0.3,13,9,0.5,1.2,0.5,3,7,0.3,0.7,0.3,13,9,0,28.38,,0,0,0,69.3,66.0,64.8,0.26,0.16,0.37
ILAK,2017-08-21 21:15:00 EDT,43.79067,-74.23933,1621,62.6,63.8,62.6,94.4,60.9,0.000,0.000,0.00,0.000,0.0,0.0,0.0,0,0,0.2,1.0,0.3,301,9,0.0,0.0,0.0,0,0,0,,,0,0,0,69.3,66.0,64.8,0.26,0.16,0.37
ILAK,2017-08-21 21:20:00 EDT,43.79067,-74.23933,1621,62.5,63.7,62.5,94.7,61.0,0.000,0.000,0.00,0.000,0.0,0.0,0.0,0,0,0.1,0.9,0.2,5,2,0.0,0.0,0.0,0,0,0,,,0,0,0,69.2,66.0,64.8,0.26,0.16,0.37
ILAK,2017-08-21 21:25:00 EDT,43.79067,-74.23933,1621,62.3,63.8,62.3,94.8,60.7,0.000,0.000,0.00,0.000,1.0,2.1,0.5,339,12,1.4,2.9,0.5,341,13,1.0,2.1,0.5,339,12,0,,,0,0,0,68.9,66.0,64.8,0.26,0.16,0.37
ILAK,2017-08-21 21:30:00 EDT,43.79067,-74.23933,1621,62.1,63.5,62.1,95.3,60.7,0.000,0.000,0.00,0.000,0.2,1.1,0.3,345,25,0.4,1.5,0.5,345,39,0.2,1.1,0.3,345,25,0,,,0,0,0,68.9,66.0,64.8,0.26,0.16,0.37
ILAK,2017-08-21 21:35:00 EDT,43.79067,-74.23933,1621,61.7,63.5,61.7,95.6,60.5,0.000,0.000,0.00,0.000,0.2,0.9,0.3,198,17,0.3,1.2,0.4,213,16,0.2,0.9,0.3,198,17,0,,,0,0,0,68.9,66.0,64.8,0.26,0.16,0.37
ILAK,2017-08-21 21:40:00 EDT,43.79067,-74.23933,1621,61.9,63.5,61.9,95.9,60.7,0.000,0.000,0.00,0.000,0.3,1.2,0.4,286,11,0.6,1.6,0.5,280,22,0.3,1.2,0.4,286,11,0,,,0,0,0,68.9,66.0,64.8,0.26,0.16,0.37
ILAK,2017-08-21 21:45:00 EDT,43.79067,-74.23933,1621,61.6,63.2,61.6,95.8,60.4,0.000,0.000,0.00,0.000,0.2,1.1,0.3,342,20,0.4,1.4,0.5,346,25,0.2,1.1,0.3,342,20,0,28.38,,0,0,0,68.9,66.0,64.8,0.26,0.16,0.37
ILAK,2017-08-21 21:50:00 EDT,43.79067,-74.23933,1621,61.6,62.8,61.6,95.9,60.4,0.000,0.000,0.00,0.000,1.2,1.8,0.3,336,14,1.6,2.5,0.4,338,15,1.2,1.8,0.3,336,14,0,,,0,0,0,68.6,66.0,64.8,0.26,0.16,0.37
ILAK,2017-08-21 21:55:00 EDT,43.79067,-74.23933,1621,61.3,62.8,61.3,95.9,60.1,0.000,0.000,0.00,0.000,1.2,2.0,0.5,346,20,1.7,2.7,0.5,346,29,1.2,2.0,0.5,346,20,0,,,0,0,0,68.5,66.0,64.8,0.26,0.16,0.37
ILAK,2017-08-21 22:00:00 EDT,43.79067,-74.23933,1621,61.2,62.3,61.2,96.2,60.1,0.000,0.000,0.00,0.000,0.7,1.4,0.5,216,4,0.8,1.7,0.6,228,17,0.7,1.4,0.5,216,4,0,,,0,0,0,68.5,66.0,64.8,0.26,0.16,0.37
ILAK,2017-08-21 22:05:00 EDT,43.79067,-74.23933,1621,61.1,62.5,61.1,96.1,59.9,0.000,0.000,0.00,0.000,1.6,2.6,0.7,327,15,1.9,2.5,0.4,332,16,1.6,2.6,0.7,327,15,0,,,0,0,0,68.5,66.0,64.8,0.26,0.16,0.37
ILAK,2017-08-21 22:10:00 EDT,43.79067,-74.23933,1621,61.1,62.2,61.1,96.4,60.0,0.000,0.000,0.00,0.000,1.7,2.6,0.5,345,6,2.1,3.1,0.4,349,8,1.7,2.6,0.5,345,6,0,,,0,0,0,68.5,66.0,64.8,0.26,0.16,0.37
ILAK,2017-08-21 22:15:00 EDT,43.79067,-74.23933,1621,60.9,62.1,60.9,96.2,59.8,0.000,0.000,0.00,0.000,0.4,2.3,0.6,4,8,0.6,2.9,0.8,13,15,0.4,2.3,0.6,4,8,0,,,0,0,0,68.5,66.0,64.8,0.26,0.16,0.37
ILAK,2017-08-21 22:20:00 EDT,43.79067,-74.23933,1621,60.9,61.9,60.9,96.2,59.9,0.000,0.000,0.00,0.000,0.0,0.0,0.0,0,0,0.1,0.9,0.3,170,2,0.0,0.0,0.0,0,0,0,28.37,,0,0,0,68.5,66.0,64.8,0.26,0.16,0.37
ILAK,2017-08-21 22:25:00 EDT,43.79067,-74.23933,1621,60.9,61.9,60.9,96.5,59.8,0.000,0.000,0.00,0.000,0.1,1.7,0.4,291,17,0.5,2.1,0.6,174,56,0.1,1.7,0.4,291,17,0,,,0,0,0,68.4,66.0,64.8,0.26,0.16,0.37
ILAK,2017-08-21 22:30:00 EDT,43.79067,-74.23933,1621,60.6,62.1,60.6,96.5,59.6,0.000,0.000,0.00,0.000,0.6,2.1,0.5,321,10,0.9,2.2,0.6,326,10,0.6,2.1,0.5,321,10,0,,,0,0,0,68.2,66.0,64.8,0.26,0.16,0.37
ILAK,2017-08-21 22:35:00 EDT,43.79067,-74.23933,1621,60.2,61.9,60.2,96.5,59.2,0.000,0.000,0.00,0.000,0.9,1.3,0.3,276,33,1.2,1.7,0.3,276,31,0.9,1.3,0.3,276,33,0,,,0,0,0,68.2,66.0,64.8,0.26,0.16,0.37
ILAK,2017-08-21 22:40:00 EDT,43.79067,-74.23933,1621,60.1,61.6,60.1,96.8,59.2,0.000,0.000,0.00,0.000,0.9,1.2,0.1,303,37,1.2,1.6,0.2,306,33,0.9,1.2,0.1,303,37,0,,,0,0,0,68.2,66.0,64.8,0.26,0.16,0.37
ILAK,2017-08-21 22:45:00 EDT,43.79067,-74.23933,1621,60.4,61.6,60.4,97.1,59.6,0.000,0.000,0.00,0.000,1.6,2.6,0.4,304,8,1.7,2.7,0.3,308,9,1.6,2.6,0.4,304,8,0,,,0,0,0,68.2,66.0,64.8,0.26,0.16,0.37
ILAK,2017-08-21 22:50:00 EDT,43.79067,-74.23933,1621,60.0,61.4,60.0,96.8,59.1,0.000,0.000,0.00,0.000,0.4,1.6,0.6,299,1,0.4,1.7,0.6,306,10,0.4,1.6,0.6,299,1,0,,,0,0,0,68.0,66.0,64.8,0.26,0.16,0.37
ILAK,2017-08-21 22:55:00 EDT,43.79067,-74.23933,1621,60.1,61.0,60.1,96.8,59.2,0.000,0.000,0.00,0.000,0.0,0.0,0.0,0,0,0.0,0.0,0.0,0,0,0.0,0.0,0.0,0,0,0,28.37,,0,0,0,67.8,66.0,64.8,0.26,0.16,0.37
ILAK,2017-08-21 23:00:00 EDT,43.79067,-74.23933,1621,60.0,61.0,60.0,97.1,59.1,0.000,0.000,0.00,0.000,0.9,2.7,1.1,315,4,1.0,2.6,1.0,319,5,0.9,2.7,1.1,315,4,0,,,0,0,0,67.8,66.0,64.8,0.26,0.16,0.37
ILAK,2017-08-21 23:05:00 EDT,43.79067,-74.23933,1621,59.7,60.6,59.7,96.9,58.8,0.000,0.000,0.00,0.000,0.6,2.0,0.6,295,11,0.7,2.3,0.7,291,15,0.6,2.0,0.6,295,11,0,,,0,0,0,67.8,66.0,64.8,0.26,0.16,0.37
ILAK,2017-08-21 23:10:00 EDT,43.79067,-74.23933,1621,59.6,60.7,59.6,97.0,58.8,0.000,0.000,0.00,0.000,0.3,1.2,0.3,353,26,0.6,1.6,0.5,352,32,0.3,1.2,0.3,353,26,0,,,0,0,0,67.8,66.0,64.8,0.26,0.16,0.37
ILAK,2017-08-21 23:15:00 EDT,43.79067,-74.23933,1621,60.0,60.8,60.0,97.4,59.2,0.000,0.000,0.00,0.000,1.3,3.1,0.6,324,17,1.7,3.2,0.5,327,18,1.3,3.1,0.6,324,17,0,,,0,0,0,67.8,66.0,64.8,0.26,0.16,0.37
ILAK,2017-08-21 23:20:00 EDT,43.79067,-74.23933,1621,59.4,60.9,59.4,97.0,58.5,0.000,0.000,0.00,0.000,0.4,1.5,0.5,184,28,0.6,2.1,0.6,187,32,0.4,1.5,0.5,184,28,0,,,0,0,0,67.8,66.0,64.8,0.26,0.16,0.37
ILAK,2017-08-21 23:25:00 EDT,43.79067,-74.23933,1621,59.8,61.1,59.8,97.3,59.0,0.000,0.000,0.00,0.000,1.2,2.0,0.3,170,17,1.5,2.4,0.3,172,17,1.2,2.0,0.3,170,17,0,,,0,0,0,67.8,66.0,64.8,0.26,0.16,0.37
ILAK,2017-08-21 23:30:00 EDT,43.79067,-74.23933,1621,59.9,61.4,59.9,97.6,59.2,0.000,0.000,0.00,0.000,0.6,1.6,0.5,79,46,0.8,2.1,0.6,72,47,0.6,1.6,0.5,79,46,0,28.38,,0,0,0,67.5,66.0,64.8,0.26,0.16,0.37
ILAK,2017-08-21 23:35:00 EDT,43.79067,-74.23933,1621,59.7,60.9,59.7,97.3,58.9,0.000,0.000,0.00,0.000,1.3,2.4,0.9,359,18,1.8,3.2,1.1,1,15,1.3,2.4,0.9,359,18,0,,,0,0,0,67.5,66.0,64.8,0.26,0.16,0.37
ILAK,2017-08-21 23:40:00 EDT,43.79067,-74.23933,1621,59.6,60.9,59.6,97.3,58.9,0.000,0.000,0.00,0.000,3.0,3.7,0.4,345,9,3.5,4.4,0.5,349,9,3.0,3.7,0.4,345,9,0,,,0,0,0,67.5,66.0,64.8,0.26,0.16,0.37
ILAK,2017-08-21 23:45:00 EDT,43.79067,-74.23933,1621,59.4,60.7,59.4,97.0,58.6,0.000,0.000,0.00,0.000,1.0,3.0,0.9,354,17,1.3,3.2,1.0,357,26,1.0,3.0,0.9,354,17,0,,,0,0,0,67.5,66.0,64.8,0.26,0.16,0.37
ILAK,2017-08-21 23:50:00 EDT,43.79067,-74.23933,1621,59.3,60.1,59.3,97.0,58.4,0.000,0.000,0.00,0.000,0.2,0.7,0.3,125,8,0.4,1.2,0.4,134,16,0.2,0.7,0.3,125,8,0,,,0,0,0,67.5,66.0,64.8,0.26,0.16,0.37
ILAK,2017-08-21 23:55:00 EDT,43.79067,-74.23933,1621,59.3,60.4,59.3,97.1,58.5,0.000,0.000,0.00,0.000,0.0,0.4,0.1,189,5,0.2,1.0,0.4,193,23,0.0,0.4,0.1,189,5,0,,,0,0,0,67.4,66.0,64.8,0.26,0.16,0.37
JOHN,2017-08-21 00:00:00 EDT,42.98428,-74.30177,745,59.1,62.3,59.1,97.6,58.4,0.000,0.000,0.00,0.000,1.9,2.3,0.2,48,14,2.0,2.6,0.2,40,14,1.9,2.3,0.2,48,14,0,29.35,,0,0,0,67.8,66.7,65.1,0.39,0.34,0.26
JOHN,2017-08-21 00:05:00 EDT,42.98428,-74.30177,745,58.5,62.0,58.5,97.5,57.8,0.000,0.000,0.00,0.000,1.7,2.0,0.2,38,12,1.9,2.5,0.3,33,14,1.7,2.0,0.2,38,12,0,29.35,,0,0,0,67.8,66.7,65.1,0.39,0.34,0.26
JOHN,2017-08-21 00:10:00 EDT,42.98428,-74.30177,745,58.2,61.6,58.2,97.4,57.5,0.000,0.000,0.00,0.000,1.4,1.8,0.2,24,19,1.7,2.2,0.3,15,19,1.4,1.8,0.2,24,19,0,29.36,,0,0,0,67.8,66.7,65.1,0.39,0.34,0.27
JOHN,2017-08-21 00:15:00 EDT,42.98428,-74.30177,745,58.4,61.1,58.4,97.7,57.7,0.000,0.000,0.00,0.000,1.0,1.6,0.3,12,0,1.4,2.2,0.3,22,13,1.0,1.6,0.3,12,0,0,29.36,,0,0,0,67.8,66.7,65.1,0.39,0.34,0.27
JOHN,2017-08-21 00:20:00 EDT,42.98428,-74.30177,745,58.5,61.3,58.5,98.1,58.0,0.000,0.000,0.00,0.000,0.2,0.4,0.2,12,0,1.3,1.8,0.2,55,6,0.2,0.4,0.2,12,0,0,29.36,,0,0,0,67.8,66.7,65.1,0.39,0.34,0.27
JOHN,2017-08-21 00:25:00 EDT,42.98428,-74.30177,745,57.6,61.2,57.6,97.8,57.0,0.000,0.000,0.00,0.000,0.1,0.5,0.2,12,0,0.9,1.4,0.4,49,5,0.1,0.5,0.2,12,0,0,29.36,,0,0,0,67.8,66.7,65.1,0.39,0.34,0.27
JOHN,2017-08-21 00:30:00 EDT,42.98428,-74.30177,745,58.1,61.0,58.1,98.1,57.5,0.000,0.000,0.00,0.000,0.4,0.9,0.4,37,0,0.8,1.3,0.4,49,8,0.4,0.9,0.4,37,0,0,29.36,,0,0,0,67.8,66.7,65.1,0.39,0.34,0.27
JOHN,2017-08-21 00:35:00 EDT,42.98428,-74.30177,745,57.1,61.1,57.1,97.9,56.6,0.000,0.000,0.00,0.000,0.9,1.2,0.1,37,0,1.2,1.6,0.1,31,10,0.9,1.2,0.1,37,0,0,29.36,,0,0,0,67.5,66.7,65.1,0.39,0.34,0.27
JOHN,2017-08-21 00:40:00 EDT,42.98428,-74.30177,745,57.4,61.2,57.4,98.3,56.9,0.000,0.000,0.00,0.000,0.8,1.1,0.3,37,0,1.2,1.4,0.1,44,15,0.8,1.1,0.3,37,0,0,29.36,,0,0,0,67.5,66.7,65.1,0.39,0.34,0.27
JOHN,2017-08-21 00:45:00 EDT,42.98428,-74.30177,745,57.9,61.1,57.9,98.4,57.5,0.000,0.000,0.00,0.000,0.3,0.7,0.3,37,0,0.9,1.5,0.5,69,9,0.3,0.7,0.3,37,0,0,29.36,,0,0,0,67.5,66.7,65.1,0.39,0.34,0.27
JOHN,2017-08-21 00:50:00 EDT,42.98428,-74.30177,745,58.0,61.8,58.0,98.5,57.6,0.000,0.000,0.00,0.000,1.2,2.0,0.7,136,5,1.5,2.1,0.3,130,11,1.2,2.0,0.7,136,5,0,29.36,,0,0,0,67.5,66.7,65.1,0.39,0.34,0.27
JOHN,2017-08-21 00:55:00 EDT,42.98428,-74.30177,745,57.5,63.4,57.5,98.4,57.1,0.000,0.000,0.00,0.000,2.0,2.8,0.3,151,7,2.1,3.3,0.4,147,8,2.0,2.8,0.3,151,7,0,29.36,,0,0,0,67.5,66.7,65.1,0.39,0.34,0.27
JOHN,2017-08-21 01:00:00 EDT,42.98428,-74.30177,745,56.7,63.5,56.7,98.4,56.2,0.000,0.000,0.00,0.000,1.9,3.1,0.5,149,9,2.0,3.3,0.5,145,9,1.9,3.1,0.5,149,9,0,29.36,,0,0,0,67.5,66.7,65.1,0.39,0.34,0.27
JOHN,2017-08-21 01:05:00 EDT,42.98428,-74.30177,745,57.2,63.0,57.2,98.5,56.8,0.000,0.000,0.00,0.000,1.3,2.1,0.3,148,16,1.5,2.5,0.4,147,17,1.3,2.1,0.3,148,16,0,29.36,,0,0,0,67.5,66.7,65.1,0.39,0.34,0.27
JOHN,2017-08-21 01:10:00 EDT,42.98428,-74.30177,745,57.2,62.6,57.2,98.6,56.8,0.000,0.000,0.00,0.000,1.2,2.1,0.7,140,5,1.3,2.2,0.6,134,5,1.2,2.1,0.7,140,5,0,29.36,,0,0,0,67.3,66.7,65.1,0.39,0.34,0.27
JOHN,2017-08-21 01:15:00 EDT,42.98428,-74.30177,745,56.6,61.9,56.6,98.5,56.2,0.000,0.000,0.00,0.000,0.8,1.5,0.4,128,12,0.8,1.8,0.5,121,16,0.8,1.5,0.4,128,12,0,29.36,,0,0,0,67.2,66.7,65.1,0.39,0.34,0.27
JOHN,2017-08-21 01:20:00 EDT,42.98428,-74.30177,745,56.9,61.5,56.9,98.6,56.6,0.000,0.000,0.00,0.000,0.7,1.7,0.4,40,15,1.0,2.0,0.5,30,17,0.7,1.7,0.4,40,15,0,29.36,,0,0,0,67.1,66.7,65.1,0.39,0.34,0.27
JOHN,2017-08-21 01:25:00 EDT,42.98428,-74.30177,745,56.9,61.4,56.9,98.6,56.6,0.000,0.000,0.00,0.000,0.5,1.2,0.3,60,21,0.9,1.4,0.4,62,23,0.5,1.2,0.3,60,21,0,29.36,,0,0,0,67.1,66.7,65.1,0.39,0.34,0.27
JOHN,2017-08-21 01:30:00 EDT,42.98428,-74.30177,745,57.4,61.6,57.4,98.9,57.1,0.000,0.000,0.00,0.000,0.1,0.6,0.2,110,10,0.4,1.1,0.4,110,18,0.1,0.6,0.2,110,10,0,29.36,,0,0,0,67.1,66.7,65.1,0.39,0.34,0.27
JOHN,2017-08-21 01:35:00 EDT,42.98428,-74.30177,745,56.7,61.1,56.7,98.6,56.3,0.000,0.000,0.00,0.000,0.4,0.9,0.3,86,32,1.0,1.2,0.2,68,39,0.4,0.9,0.3,86,32,0,29.36,,0,0,0,67.1,66.7,65.1,0.39,0.34,0.27
JOHN,2017-08-21 01:40:00 EDT,42.98428,-74.30177,745,56.9,60.7,56.9,98.7,56.6,0.000,0.000,0.00,0.000,0.1,0.6,0.2,55,10,0.3,1.1,0.4,67,16,0.1,0.6,0.2,55,10,0,29.36,,0,0,0,67.1,66.7,65.1,0.39,0.34,0.27
JOHN,2017-08-21 01:45:00 EDT,42.98428,-74.30177,745,56.4,61.4,56.4,98.7,56.1,0.000,0.000,0.00,0.000,1.3,2.0,0.6,133,6,1.4,2.1,0.5,129,9,1.3,2.0,0.6,133,6,0,29.36,,0,0,0,67.1,66.7,65.1,0.39,0.34,0.27
JOHN,2017-08-21 01:50:00 EDT,42.98428,-74.30177,745,57.2,60.7,57.2,98.8,56.9,0.000,0.000,0.00,0.000,0.4,2.1,0.6,114,15,0.8,2.0,0.5,95,25,0.4,2.1,0.6,114,15,0,29.36,,0,0,0,67.1,66.7,65.1,0.39,0.34,0.27
JOHN,2017-08-21 01:55:00 EDT,42.98428,-74.30177,745,56.7,61.4,56.7,98.9,56.4,0.000,0.000,0.00,0.000,1.4,2.4,0.5,151,12,1.7,2.9,0.5,147,12,1.4,2.4,0.5,151,12,0,29.36,,0,0,0,67.0,66.7,65.1,0.39,0.34,0.27
JOHN,2017-08-21 02:00:00 EDT,42.98428,-74.30177,745,56.0,61.8,56.0,98.8,55.6,0.000,0.000,0.00,0.000,1.5,2.3,0.3,158,9,1.7,2.5,0.4,153,11,1.5,2.3,0.3,158,9,0,29.36,,0,0,0,66.8,66.7,65.1,0.39,0.34,0.27
JOHN,2017-08-21 02:05:00 EDT,42.98428,-74.30177,745,56.0,61.3,56.0,98.7,55.6,0.000,0.000,0.00,0.000,0.7,1.6,0.5,147,23,0.9,1.7,0.5,144,23,0.7,1.6,0.5,147,23,0,29.36,,0,0,0,66.7,66.7,65.1,0.39,0.34,0.27
JOHN,2017-08-21 02:10:00 EDT,42.98428,-74.30177,745,56.5,61.0,56.5,98.9,56.2,0.000,0.000,0.00,0.000,0.9,2.0,0.6,150,11,1.1,2.2,0.6,144,6,0.9,2.0,0.6,150,11,0,29.36,,0,0,0,66.7,66.7,65.1,0.39,0.34,0.27
JOHN,2017-08-21 02:15:00 EDT,42.98428,-74.30177,745,56.2,61.2,56.2,98.8,55.8,0.000,0.000,0.00,0.000,0.5,1.8,0.6,159,6,0.6,2.4,0.7,155,6,0.5,1.8,0.6,159,6,0,29.36,,0,0,0,66.7,66.7,65.1,0.39,0.34,0.27
JOHN,2017-08-21 02:20:00 EDT,42.98428,-74.30177,745,55.7,60.8,55.7,98.8,55.4,0.000,0.000,0.00,0.000,0.1,0.5,0.2,114,1,0.2,1.2,0.4,121,7,0.1,0.5,0.2,114,1,0,29.36,,0,0,0,66.7,66.6,65.1,0.39,0.34,0.27
JOHN,2017-08-21 02:25:00 EDT,42.98428,-74.30177,745,56.2,60.8,56.2,99.0,55.9,0.000,0.000,0.00,0.000,1.0,1.7,0.3,127,17,1.1,1.8,0.3,122,21,1.0,1.7,0.3,127,17,0,29.36,,0,0,0,66.7,66.6,65.1,0.39,0.34,0.27
JOHN,2017-08-21 02:30:00 EDT,42.98428,-74.30177,745,55.8,60.6,55.8,98.9,55.5,0.000,0.000,0.00,0.000,0.6,1.3,0.4,117,10,0.8,2.3,0.6,113,13,0.6,1.3,0.4,117,10,0,29.36,,0,0,0,66.7,66.6,65.1,0.39,0.34,0.27
JOHN,2017-08-21 02:35:00 EDT,42.98428,-74.30177,745,55.8,60.0,55.8,98.9,55.5,0.000,0.000,0.00,0.000,1.3,2.0,0.4,41,22,1.6,2.6,0.4,36,22,1.3,2.0,0.4,41,22,0,29.36,,0,0,0,66.7,66.6,65.1,0.39,0.34,0.27
JOHN,2017-08-21 02:40:00 EDT,42.98428,-74.30177,745,55.4,59.7,55.4,98.9,55.1,0.000,0.000,0.00,0.000,1.2,1.7,0.3,47,33,1.6,2.3,0.4,37,33,1.2,1.7,0.3,47,33,0,29.36,,0,0,0,66.4,66.6,65.1,0.39,0.34,0.27
JOHN,2017-08-21 02:45:00 EDT,42.98428,-74.30177,745,56.3,59.4,56.3,99.0,56.0,0.000,0.000,0.00,0.000,1.0,1.6,0.4,3,1,1.4,2.2,0.4,3,5,1.0,1.6,0.4,3,1,0,29.36,,0,0,0,66.4,66.5,65.1,0.39,0.34,0.27
JOHN,2017-08-21 02:50:00 EDT,42.98428,-74.30177,745,55.7,59.0,55.7,99.0,55.5,0.000,0.000,0.00,0.000,1.2,1.7,0.3,347,11,1.5,2.3,0.5,339,13,1.2,1.7,0.3,347,11,0,29.36,,0,0,0,66.4,66.5,65.1,0.39,0.34,0.27
JOHN,2017-08-21 02:55:00 EDT,42.98428,-74.30177,745,55.5,58.7,55.5,98.9,55.2,0.000,0.000,0.00,0.000,1.2,1.8,0.3,327,11,1.5,2.0,0.3,327,11,1.2,1.8,0.3,327,11,0,29.36,,0,0,0,66.4,66.5,65.1,0.39,0.34,0.27
JOHN,2017-08-21 03:00:00 EDT,42.98428,-74.30177,745,55.4,59.1,55.4,99.0,55.1,0.000,0.000,0.00,0.000,0.2,1.1,0.4,346,0,0.4,1.6,0.6,355,10,0.2,1.1,0.4,346,0,0,29.36,,0,0,0,66.4,66.4,65.1,0.39,0.34,0.27
JOHN,2017-08-21 03:05:00 EDT,42.98428,-74.30177,745,54.7,58.3,54.7,98.9,54.4,0.000,0.000,0.00,0.000,1.4,1.8,0.2,0,6,1.8,2.2,0.2,4,2,1.4,1.8,0.2,0,6,0,29.36,,0,0,0,66.4,66.4,65.1,0.39,0.34,0.27
JOHN,2017-08-21 03:10:00 EDT,42.98428,-74.30177,745,55.0,58.3,55.0,99.1,54.8,0.000,0.000,0.00,0.000,1.2,1.5,0.2,9,3,1.6,2.0,0.1,0,7,1.2,1.5,0.2,9,3,0,29.37,,0,0,0,66.4,66.4,65.1,0.39,0.34,0.27
JOHN,2017-08-21 03:15:00 EDT,42.98428,-74.30177,745,55.2,58.3,55.2,99.0,54.9,0.000,0.000,0.00,0.000,1.0,1.5,0.3,10,0,1.5,2.1,0.3,336,7,1.0,1.5,0.3,10,0,0,29.37,,0,0,0,66.4,66.4,65.1,0.39,0.34,0.27
JOHN,2017-08-21 03:20:00 EDT,42.98428,-74.30177,745,55.0,58.5,55.0,99.0,54.7,0.000,0.000,0.00,0.000,1.1,2.4,0.7,342,21,1.6,2.5,0.5,324,6,1.1,2.4,0.7,342,21,0,29.37,,0,0,0,66.4,66.4,65.1,0.39,0.34,0.27
JOHN,2017-08-21 03:25:00 EDT,42.98428,-74.30177,745,54.7,58.8,54.7,99.0,54.4,0.000,0.000,0.00,0.000,2.0,2.5,0.3,325,3,2.0,2.5,0.2,321,3,2.0,2.5,0.3,325,3,0,29.37,,0,0,0,66.4,66.4,65.1,0.39,0.34,0.27
JOHN,2017-08-21 03:30:00 EDT,42.98428,-74.30177,745,54.8,58.9,54.8,99.0,54.5,0.000,0.000,0.00,0.000,1.3,1.5,0.1,334,1,1.6,1.7,0.1,335,6,1.3,1.5,0.1,334,1,0,29.37,,0,0,0,66.2,66.4,65.1,0.39,0.34,0.27
JOHN,2017-08-21 03:35:00 EDT,42.98428,-74.30177,745,55.2,58.7,55.2,99.2,55.0,0.000,0.000,0.00,0.000,1.5,1.8,0.4,25,18,1.7,1.9,0.2,26,14,1.5,1.8,0.4,25,18,0,29.37,,0,0,0,66.0,66.4,65.1,0.39,0.34,0.27
JOHN,2017-08-21 03:40:00 EDT,42.98428,-74.30177,745,55.5,58.4,55.5,99.2,55.3,0.000,0.000,0.00,0.000,1.4,1.5,0.1,35,0,1.5,1.7,0.1,29,3,1.4,1.5,0.1,35,0,0,29.37,,0,0,0,66.0,66.4,65.1,0.39,0.34,0.27
JOHN,2017-08-21 03:45:00 EDT,42.98428,-74.30177,745,55.9,58.3,55.9,99.2,55.6,0.000,0.000,0.00,0.000,1.6,1.8,0.1,35,0,1.7,2.0,0.1,26,7,1.6,1.8,0.1,35,0,0,29.37,,0,0,0,66.0,66.4,65.1,0.39,0.34,0.27
JOHN,2017-08-21 03:50:00 EDT,42.98428,-74.30177,745,56.2,58.4,56.2,99.2,56.0,0.000,0.000,0.00,0.000,1.7,1.9,0.1,43,5,1.8,2.0,0.1,37,5,1.7,1.9,0.1,43,5,0,29.37,,0,0,0,66.0,66.4,65.1,0.39,0.34,0.27
JOHN,2017-08-21 03:55:00 EDT,42.98428,-74.30177,745,55.1,58.3,55.1,99.0,54.9,0.000,0.000,0.00,0.000,1.8,1.9,0.1,30,4,1.9,2.2,0.1,20,6,1.8,1.9,0.1,30,4,0,29.37,,0,0,0,66.0,66.4,65.1,0.39,0.34,0.27
JOHN,2017-08-21 04:00:00 EDT,42.98428,-74.30177,745,55.6,58.1,55.6,99.1,55.4,0.000,0.000,0.00,0.000,1.8,2.1,0.2,10,3,2.4,2.8,0.3,6,1,1.8,2.1,0.2,10,3,0,29.37,,0,0,0,66.0,66.4,65.1,0.39,0.34,0.27
JOHN,2017-08-21 04:05:00 EDT,42.98428,-74.30177,745,55.7,58.0,55.7,99.2,55.5,0.000,0.000,0.00,0.000,1.5,1.7,0.1,18,5,1.7,2.1,0.1,15,7,1.5,1.7,0.1,18,5,0,29.37,,0,0,0,66.0,66.4,65.1,0.39,0.34,0.27
JOHN,2017-08-21 04:10:00 EDT,42.98428,-74.30177,745,55.8,58.0,55.8,99.2,55.5,0.000,0.000,0.00,0.000,1.7,2.3,0.2,26,2,1.8,2.3,0.2,25,3,1.7,2.3,0.2,26,2,0,29.37,,0,0,0,66.0,66.4,65.1,0.39,0.34,0.27
JOHN,2017-08-21 04:15:00 EDT,42.98428,-74.30177,745,55.2,57.8,55.2,99.1,54.9,0.000,0.000,0.00,0.000,1.7,2.3,0.2,28,3,1.7,2.5,0.2,25,5,1.7,2.3,0.2,28,3,0,29.37,,0,0,0,66.0,66.4,65.1,0.39,0.34,0.27
JOHN,2017-08-21 04:20:00 EDT,42.98428,-74.30177,745,55.3,57.7,55.3,99.2,55.1,0.000,0.000,0.00,0.000,1.4,1.8,0.2,15,5,1.7,2.5,0.2,6,4,1.4,1.8,0.2,15,5,0,29.37,,0,0,0,65.9,66.4,65.1,0.39,0.34,0.27
JOHN,2017-08-21 04:25:00 EDT,42.98428,-74.30177,745,55.6,58.0,55.6,99.2,55.4,0.000,0.000,0.00,0.000,1.5,2.3,0.4,19,6,1.7,2.5,0.3,16,6,1.5,2.3,0.4,19,6,0,29.37,,0,0,0,65.8,66.4,65.1,0.39,0.34,0.27
JOHN,2017-08-21 04:30:00 EDT,42.98428,-74.30177,745,55.3,58.1,55.3,99.2,55.1,0.000,0.000,0.00,0.000,1.4,1.9,0.2,33,11,1.5,2.1,0.2,35,11,1.4,1.9,0.2,33,11,0,29.37,,0,0,0,65.8,66.4,65.1,0.39,0.34,0.27
JOHN,2017-08-21 04:35:00 EDT,42.98428,-74.30177,745,55.1,58.2,55.1,99.1,54.8,0.000,0.000,0.00,0.000,1.0,1.2,0.1,57,2,1.3,1.5,0.1,55,6,1.0,1.2,0.1,57,2,0,29.37,,0,0,0,65.8,66.4,65.1,0.39,0.34,0.27
JOHN,2017-08-21 04:40:00 EDT,42.98428,-74.30177,745,54.5,58.6,54.5,99.1,54.2,0.000,0.000,0.00,0.000,0.7,1.0,0.1,59,0,0.9,1.2,0.2,51,5,0.7,1.0,0.1,59,0,0,29.37,,0,0,0,65.8,66.4,65.1,0.39,0.34,0.27
JOHN,2017-08-21 04:45:00 EDT,42.98428,-74.30177,745,54.7,58.6,54.7,99.2,54.4,0.000,0.000,0.00,0.000,0.1,0.5,0.1,59,0,1.0,1.6,0.2,15,11,0.1,0.5,0.1,59,0,0,29.37,,0,0,0,65.8,66.4,65.1,0.39,0.34,0.27
JOHN,2017-08-21 04:50:00 EDT,42.98428,-74.30177,745,54.9,58.3,54.9,99.3,54.7,0.000,0.000,0.00,0.000,0.0,0.6,0.1,59,0,1.0,1.5,0.3,6,15,0.0,0.6,0.1,59,0,0,29.37,,0,0,0,65.8,66.4,65.1,0.39,0.34,0.27
JOHN,2017-08-21 04:55:00 EDT,42.98428,-74.30177,745,53.8,58.2,53.8,99.0,53.5,0.000,0.000,0.00,0.000,0.6,0.8,0.1,59,0,1.5,1.7,0.1,17,5,0.6,0.8,0.1,59,0,0,29.37,,0,0,0,65.8,66.4,65.1,0.39,0.34,0.27
JOHN,2017-08-21 05:00:00 EDT,42.98428,-74.30177,745,54.2,58.0,54.2,99.2,54.0,0.000,0.000,0.00,0.000,0.7,0.9,0.1,59,0,1.1,1.4,0.1,29,5,0.7,0.9,0.1,59,0,0,29.37,,0,0,0,65.8,66.4,65.1,0.39,0.34,0.27
JOHN,2017-08-21 05:05:00 EDT,42.98428,-74.30177,745,54.4,58.1,54.4,99.2,54.2,0.000,0.000,0.00,0.000,0.1,0.7,0.2,59,0,0.6,1.0,0.4,25,5,0.1,0.7,0.2,59,0,0,29.37,,0,0,0,65.8,66.4,65.1,0.39,0.34,0.27
JOHN,2017-08-21 05:10:00 EDT,42.98428,-74.30177,745,54.3,58.0,54.3,99.2,54.1,0.000,0.000,0.00,0.000,0.0,0.0,0.0,0,0,0.3,0.8,0.4,30,4,0.0,0.0,0.0,0,0,0,29.37,,0,0,0,65.8,66.4,65.1,0.39,0.34,0.27
JOHN,2017-08-21 05:15:00 EDT,42.98428,-74.30177,745,54.2,57.8,54.2,99.2,54.0,0.000,0.000,0.00,0.000,0.3,0.8,0.3,58,0,1.2,1.8,0.4,16,5,0.3,0.8,0.3,58,0,0,29.37,,0,0,0,65.8,66.4,65.1,0.39,0.34,0.27
JOHN,2017-08-21 05:20:00 EDT,42.98428,-74.30177,745,54.0,57.7,54.0,99.2,53.8,0.000,0.000,0.00,0.000,0.7,0.9,0.1,58,0,1.5,1.9,0.2,15,7,0.7,0.9,0.1,58,0,0,29.37,,0,0,0,65.6,66.4,65.1,0.39,0.34,0.27
JOHN,2017-08-21 05:25:00 EDT,42.98428,-74.30177,745,54.0,57.6,54.0,99.2,53.8,0.000,0.000,0.00,0.000,1.3,1.9,0.3,47,14,1.8,2.2,0.2,22,8,1.3,1.9,0.3,47,14,0,29.37,,0,0,0,65.5,66.4,65.1,0.39,0.34,0.27
JOHN,2017-08-21 05:30:00 EDT,42.98428,-74.30177,745,54.9,57.5,54.9,99.3,54.7,0.000,0.000,0.00,0.000,1.2,1.8,0.3,33,4,1.4,1.9,0.2,35,8,1.2,1.8,0.3,33,4,0,29.37,,0,0,0,65.5,66.4,65.1,0.39,0.34,0.27
JOHN,2017-08-21 05:35:00 EDT,42.98428,-74.30177,745,53.9,57.5,53.9,99.3,53.7,0.000,0.000,0.00,0.000,0.7,1.0,0.2,38,0,1.0,1.2,0.2,40,7,0.7,1.0,0.2,38,0,0,29.38,,0,0,0,65.5,66.4,65.1,0.39,0.34,0.27
JOHN,2017-08-21 05:40:00 EDT,42.98428,-74.30177,745,54.4,57.4,54.4,99.2,54.1,0.000,0.000,0.00,0.000,1.0,1.2,0.1,38,0,1.2,1.4,0.1,35,5,1.0,1.2,0.1,38,0,0,29.38,,0,0,0,65.5,66.4,65.1,0.39,0.34,0.27
JOHN,2017-08-21 05:45:00 EDT,42.98428,-74.30177,745,54.5,57.2,54.5,99.3,54.3,0.000,0.000,0.00,0.000,1.2,1.6,0.2,38,1,1.4,1.8,0.2,38,3,1.2,1.6,0.2,38,1,0,29.38,,0,0,0,65.5,66.4,65.1,0.39,0.34,0.27
JOHN,2017-08-21 05:50:00 EDT,42.98428,-74.30177,745,54.6,57.1,54.6,99.2,54.3,0.000,0.000,0.00,0.000,1.3,1.6,0.2,53,1,1.4,1.9,0.2,50,3,1.3,1.6,0.2,53,1,0,29.37,,0,0,0,65.5,66.4,65.1,0.39,0.34,0.27
JOHN,2017-08-21 05:55:00 EDT,42.98428,-74.30177,745,54.3,57.3,54.3,99.3,54.1,0.000,0.000,0.00,0.000,0.4,1.0,0.3,54,0,0.7,1.4,0.4,67,10,0.4,1.0,0.3,54,0,0,29.38,,0,0,0,65.5,66.4,65.1,0.39,0.34,0.27
JOHN,2017-08-21 06:00:00 EDT,42.98428,-74.30177,745,54.2,57.2,54.2,99.3,54.0,0.000,0.000,0.00,0.000,1.2,1.3,0.1,85,3,1.5,1.7,0.1,67,9,1.2,1.3,0.1,85,3,1,29.38,,0,0,0,65.4,66.4,65.1,0.39,0.34,0.27
JOHN,2017-08-21 06:05:00 EDT,42.98428,-74.30177,745,53.3,57.2,53.3,99.2,53.1,0.000,0.000,0.00,0.000,0.4,1.1,0.3,84,0,1.1,1.4,0.1,42,8,0.4,1.1,0.3,84,0,3,29.38,,0,0,0,65.2,66.4,65.1,0.39,0.34,0.27
JOHN,2017-08-21 06:10:00 EDT,42.98428,-74.30177,745,54.0,57.3,54.0,99.3,53.8,0.000,0.000,0.00,0.000,0.4,0.7,0.2,85,0,0.9,1.2,0.1,52,9,0.4,0.7,0.2,85,0,4,29.38,,0,0,0,65.1,66.4,65.1,0.39,0.34,0.27
JOHN,2017-08-21 06:15:00 EDT,42.98428,-74.30177,745,53.4,57.4,53.4,99.2,53.1,0.000,0.000,0.00,0.000,0.1,0.7,0.2,84,0,1.1,1.2,0.1,33,7,0.1,0.7,0.2,84,0,6,29.38,,0,0,0,65.1,66.4,65.1,0.39,0.34,0.27
JOHN,2017-08-21 06:20:00 EDT,42.98428,-74.30177,745,53.3,57.5,53.3,99.2,53.1,0.000,0.000,0.00,0.000,0.1,0.5,0.2,84,0,1.3,1.5,0.1,29,7,0.1,0.5,0.2,84,0,11,29.38,,0,0,0,65.1,66.4,65.1,0.39,0.34,0.27
JOHN,2017-08-21 06:25:00 EDT,42.98428,-74.30177,745,53.6,57.7,53.6,99.3,53.4,0.000,0.000,0.00,0.000,0.1,0.4,0.1,84,0,0.6,1.2,0.5,39,4,0.1,0.4,0.1,84,0,15,29.38,,0,0,0,65.1,66.4,65.1,0.39,0.34,0.27
JOHN,2017-08-21 06:30:00 EDT,42.98428,-74.30177,745,54.1,57.6,54.1,99.3,53.9,0.000,0.000,0.00,0.000,0.0,0.0,0.0,0,0,0.6,1.2,0.4,29,8,0.0,0.0,0.0,0,0,23,29.38,,0,0,0,65.1,66.4,65.1,0.39,0.34,0.27
JOHN,2017-08-21 06:35:00 EDT,42.98428,-74.30177,745,53.8,57.6,53.8,99.2,53.6,0.000,0.000,0.00,0.000,0.2,1.5,0.4,55,16,1.3,1.9,0.2,23,6,0.2,1.5,0.4,55,16,35,29.38,,0,0,0,65.1,66.4,65.1,0.39,0.34,0.27
JOHN,2017-08-21 06:40:00 EDT,42.98428,-74.30177,745,54.1,57.3,54.1,99.2,53.9,0.000,0.000,0.00,0.000,1.5,1.8,0.1,31,5,1.8,2.2,0.1,21,7,1.5,1.8,0.1,31,5,45,29.38,,0,0,0,65.1,66.4,65.1,0.39,0.34,0.27
JOHN,2017-08-21 06:45:00 EDT,42.98428,-74.30177,745,54.8,57.1,54.8,99.3,54.6,0.000,0.000,0.00,0.000,1.5,1.8,0.2,6,8,2.0,2.3,0.2,359,4,1.5,1.8,0.2,6,8,53,29.38,,0,0,0,65.1,66.4,65.1,0.39,0.34,0.27
JOHN,2017-08-21 06:50:00 EDT,42.98428,-74.30177,745,55.0,57.3,55.0,99.2,54.8,0.000,0.000,0.00,0.000,2.2,2.6,0.2,0,0,2.9,3.3,0.3,2,2,2.2,2.6,0.2,0,0,51,29.38,,0,0,0,65.1,66.4,65.1,0.39,0.34,0.27
JOHN,2017-08-21 06:55:00 EDT,42.98428,-74.30177,745,55.5,57.3,55.5,99.2,55.3,0.000,0.000,0.00,0.000,1.9,2.4,0.1,1,0,2.6,3.1,0.2,2,2,1.9,2.4,0.1,1,0,53,29.38,,0,0,0,65.1,66.4,65.1,0.39,0.34,0.27
JOHN,2017-08-21 07:00:00 EDT,42.98428,-74.30177,745,55.6,57.4,55.6,99.2,55.4,0.000,0.000,0.00,0.000,1.9,2.2,0.1,0,4,2.5,3.0,0.2,355,5,1.9,2.2,0.1,0,4,59,29.39,,0,0,0,65.1,66.3,65.1,0.39,0.34,0.27
JOHN,2017-08-21 07:05:00 EDT,42.98428,-74.30177,745,55.7,57.7,55.7,99.1,55.5,0.000,0.000,0.00,0.000,2.0,2.4,0.2,7,4,2.5,3.3,0.4,5,4,2.0,2.4,0.2,7,4,67,29.39,,0,0,0,64.9,66.2,65.1,0.39,0.34,0.27
JOHN,2017-08-21 07:10:00 EDT,42.98428,-74.30177,745,56.1,57.5,56.1,99.2,55.9,0.000,0.000,0.00,0.000,1.5,2.0,0.2,21,4,1.7,2.2,0.2,19,5,1.5,2.0,0.2,21,4,92,29.39,,0,0,0,64.8,66.2,65.1,0.39,0.34,0.27
JOHN,2017-08-21 07:15:00 EDT,42.98428,-74.30177,745,57.1,57.9,57.1,99.2,56.8,0.000,0.000,0.00,0.000,1.4,1.8,0.2,41,11,1.5,1.9,0.2,40,8,1.4,1.8,0.2,41,11,95,29.39,,0,0,0,64.8,66.1,65.1,0.39,0.34,0.27
JOHN,2017-08-21 07:20:00 EDT,42.98428,-74.30177,745,57.6,58.4,57.6,99.2,57.3,0.000,0.000,0.00,0.000,1.1,1.7,0.3,54,11,1.3,1.8,0.2,52,14,1.1,1.7,0.3,54,11,111,29.39,,0,0,0,64.8,66.0,65.1,0.39,0.34,0.27
JOHN,2017-08-21 07:25:00 EDT,42.98428,-74.30177,745,58.0,59.0,58.0,99.1,57.7,0.000,0.000,0.00,0.000,1.6,1.8,0.1,50,8,1.7,2.2,0.2,48,7,1.6,1.8,0.1,50,8,97,29.39,,0,0,0,64.8,66.0,65.1,0.39,0.34,0.27
JOHN,2017-08-21 07:30:00 EDT,42.98428,-74.30177,745,58.2,59.4,58.2,99.0,57.9,0.000,0.000,0.00,0.000,1.3,1.8,0.2,58,9,1.5,2.1,0.3,48,12,1.3,1.8,0.2,58,9,133,29.39,,0,0,0,64.8,66.0,65.1,0.39,0.34,0.27
JOHN,2017-08-21 07:35:00 EDT,42.98428,-74.30177,745,58.9,60.0,58.9,99.1,58.7,0.000,0.000,0.00,0.000,1.0,1.4,0.2,37,0,1.2,1.5,0.2,36,6,1.0,1.4,0.2,37,0,121,29.38,,0,0,0,64.8,66.0,65.1,0.39,0.34,0.27
JOHN,2017-08-21 07:40:00 EDT,42.98428,-74.30177,745,59.4,60.2,59.4,99.1,59.1,0.000,0.000,0.00,0.000,0.5,0.8,0.2,37,0,0.9,1.2,0.2,52,14,0.5,0.8,0.2,37,0,149,29.38,,0,0,0,64.8,66.0,65.1,0.39,0.34,0.27
JOHN,2017-08-21 07:45:00 EDT,42.98428,-74.30177,745,60.0,60.6,60.0,99.0,59.7,0.000,0.000,0.00,0.000,0.3,1.3,0.4,57,11,0.6,1.7,0.6,57,7,0.3,1.3,0.4,57,11,169,29.38,,0,0,0,64.8,66.0,65.1,0.39,0.34,0.27
JOHN,2017-08-21 07:50:00 EDT,42.98428,-74.30177,745,60.5,61.1,60.5,99.0,60.2,0.000,0.000,0.00,0.000,1.1,1.5,0.2,64,8,1.4,1.9,0.3,59,9,1.1,1.5,0.2,64,8,178,29.38,,0,0,0,64.8,66.0,65.1,0.39,0.34,0.27
JOHN,2017-08-21 07:55:00 EDT,42.98428,-74.30177,745,61.3,61.7,61.3,98.8,61.0,0.000,0.000,0.00,0.000,1.3,1.8,0.3,65,9,1.6,2.2,0.3,60,10,1.3,1.8,0.3,65,9,164,29.38,,0,0,0,64.8,66.0,65.1,0.39,0.34,0.27
JOHN,2017-08-21 08:00:00 EDT,42.98428,-74.30177,745,61.4,62.1,61.4,98.5,61.0,0.000,0.000,0.00,0.000,1.2,1.7,0.2,71,9,1.5,2.4,0.3,64,11,1.2,1.7,0.2,71,9,183,29.38,,0,0,0,64.8,66.0,65.1,0.39,0.34,0.27
JOHN,2017-08-21 08:05:00 EDT,42.98428,-74.30177,745,62.0,62.7,62.0,97.9,61.4,0.000,0.000,0.00,0.000,0.9,1.7,0.3,121,16,1.2,2.0,0.4,119,15,0.9,1.7,0.3,121,16,224,29.38,,0,0,0,64.8,66.0,65.1,0.39,0.34,0.27
JOHN,2017-08-21 08:10:00 EDT,42.98428,-74.30177,745,62.4,63.4,62.4,96.5,61.4,0.000,0.000,0.00,0.000,1.4,2.2,0.4,163,17,1.6,2.7,0.5,166,18,1.4,2.2,0.4,163,17,257,29.38,,0,0,0,64.8,66.0,65.1,0.39,0.34,0.27
JOHN,2017-08-21 08:15:00 EDT,42.98428,-74.30177,745,62.7,63.8,62.7,94.7,61.1,0.000,0.000,0.00,0.000,1.4,2.6,0.5,187,17,1.8,3.3,0.5,184,20,1.4,2.6,0.5,187,17,271,29.38,,0,0,0,64.8,66.0,65.1,0.39,0.34,0.27
JOHN,2017-08-21 08:20:00 EDT,42.98428,-74.30177,745,63.0,64.0,63.0,93.2,61.0,0.000,0.000,0.00,0.000,1.3,1.9,0.4,168,18,1.7,2.5,0.4,165,19,1.3,1.9,0.4,168,18,285,29.38,,0,0,0,64.8,66.0,65.1,0.39,0.34,0.27
JOHN,2017-08-21 08:25:00 EDT,42.98428,-74.30177,745,63.8,64.5,63.8,90.6,61.0,0.000,0.000,0.00,0.000,2.0,3.0,0.5,152,22,2.1,3.4,0.5,150,25,2.0,3.0,0.5,152,22,295,29.38,,0,0,0,64.8,66.0,65.1,0.39,0.34,0.27
JOHN,2017-08-21 08:30:00 EDT,42.98428,-74.30177,745,63.5,64.7,63.5,89.1,60.2,0.000,0.000,0.00,0.000,2.0,3.1,0.5,186,14,2.3,3.9,0.6,189,12,2.0,3.1,0.5,186,14,308,29.38,,0,0,0,64.8,66.0,65.1,0.39,0.34,0.27
JOHN,2017-08-21 08:35:00 EDT,42.98428,-74.30177,745,63.9,64.9,63.9,89.7,60.8,0.000,0.000,0.00,0.000,2.2,3.6,0.8,218,18,2.3,4.1,0.8,218,15,2.2,3.6,0.8,218,18,312,29.38,,0,0,0,64.8,66.0,65.1,0.39,0.34,0.27
JOHN,2017-08-21 08:40:00 EDT,42.98428,-74.30177,745,63.9,65.1,63.9,88.0,60.3,0.000,0.000,0.00,0.000,2.4,3.8,0.7,228,17,2.5,4.6,0.7,227,16,2.4,3.8,0.7,228,17,302,29.38,,0,0,0,64.8,66.0,65.1,0.39,0.34,0.27
JOHN,2017-08-21 08:45:00 EDT,42.98428,-74.30177,745,64.2,65.3,64.2,88.3,60.7,0.000,0.000,0.00,0.000,2.9,3.9,0.5,217,12,3.1,4.8,0.6,218,12,2.9,3.9,0.5,217,12,316,29.38,,0,0,0,64.8,66.0,65.1,0.39,0.34,0.27
JOHN,2017-08-21 08:50:00 EDT,42.98428,-74.30177,745,63.7,65.0,63.7,88.1,60.1,0.000,0.000,0.00,0.000,2.8,3.6,0.4,205,7,2.9,4.1,0.5,206,8,2.8,3.6,0.4,205,7,272,29.38,,0,0,0,64.8,66.0,65.1,0.39,0.34,0.26
JOHN,2017-08-21 08:55:00 EDT,42.98428,-74.30177,745,64.2,65.6,64.2,88.5,60.7,0.000,0.000,0.00,0.000,1.5,2.8,0.6,200,15,1.7,2.9,0.5,196,20,1.5,2.8,0.6,200,15,355,29.38,,0,0,0,64.8,66.0,65.1,0.39,0.34,0.27
JOHN,2017-08-21 09:00:00 EDT,42.98428,-74.30177,745,64.8,66.3,64.8,86.4,60.7,0.000,0.000,0.00,0.000,2.1,2.8,0.4,203,15,2.2,3.3,0.4,204,16,2.1,2.8,0.4,203,15,397,29.38,,0,0,0,64.8,66.0,65.1,0.39,0.34,0.27
JOHN,2017-08-21 09:05:00 EDT,42.98428,-74.30177,745,65.3,66.5,65.3,86.0,61.0,0.000,0.000,0.00,0.000,1.7,3.5,0.8,193,22,2.2,3.9,0.8,190,22,1.7,3.5,0.8,193,22,421,29.38,,0,0,0,64.8,66.0,65.1,0.39,0.34,0.27
JOHN,2017-08-21 09:10:00 EDT,42.98428,-74.30177,745,65.5,67.1,65.5,84.3,60.6,0.000,0.000,0.00,0.000,1.3,2.2,0.6,212,34,1.8,2.9,0.5,214,38,1.3,2.2,0.6,212,34,403,29.38,,0,0,0,64.8,66.0,65.1,0.39,0.34,0.27
JOHN,2017-08-21 09:15:00 EDT,42.98428,-74.30177,745,66.3,67.7,66.3,84.4,61.5,0.000,0.000,0.00,0.000,1.4,3.1,0.8,175,27,1.8,4.2,0.9,172,33,1.4,3.1,0.8,175,27,450,29.38,,0,0,0,64.8,66.0,65.1,0.39,0.34,0.27
JOHN,2017-08-21 09:20:00 EDT,42.98428,-74.30177,745,66.1,67.6,66.1,81.5,60.3,0.000,0.000,0.00,0.000,1.9,4.2,1.1,222,24,2.1,5.0,1.0,223,25,1.9,4.2,1.1,222,24,475,29.37,,0,0,0,64.8,66.0,65.1,0.39,0.34,0.27
JOHN,2017-08-21 09:25:00 EDT,42.98428,-74.30177,745,66.2,68.0,66.2,80.6,60.1,0.000,0.000,0.00,0.000,2.1,4.1,0.8,234,28,2.3,4.2,0.8,236,28,2.1,4.1,0.8,234,28,456,29.37,,0,0,0,64.8,66.0,65.1,0.39,0.34,0.27
JOHN,2017-08-21 09:30:00 EDT,42.98428,-74.30177,745,67.1,68.2,67.1,80.4,60.9,0.000,0.000,0.00,0.000,1.7,3.8,0.8,236,22,2.0,4.7,0.9,237,20,1.7,3.8,0.8,236,22,482,29.37,,0,0,0,64.8,66.0,65.1,0.39,0.34,0.27
JOHN,2017-08-21 09:35:00 EDT,42.98428,-74.30177,745,69.1,68.7,69.1,79.4,62.5,0.000,0.000,0.00,0.000,2.4,4.2,1.3,246,33,2.6,5.0,1.3,249,35,2.4,4.2,1.3,246,33,445,29.37,,0,0,0,64.8,66.0,65.1,0.39,0.34,0.26
JOHN,2017-08-21 09:40:00 EDT,42.98428,-74.30177,745,69.6,68.8,69.6,78.2,62.5,0.000,0.000,0.00,0.000,2.9,5.3,1.6,213,11,3.1,5.5,1.5,213,17,2.9,5.3,1.6,213,11,491,29.37,,0,0,0,64.8,65.9,65.1,0.39,0.34,0.27
JOHN,2017-08-21 09:45:00 EDT,42.98428,-74.30177,745,69.5,68.8,69.5,79.0,62.7,0.000,0.000,0.00,0.000,2.4,3.4,0.5,252,41,2.7,4.2,0.6,255,41,2.4,3.4,0.5,252,41,501,29.37,,0,0,0,65.0,65.9,65.1,0.39,0.34,0.27
JOHN,2017-08-21 09:50:00 EDT,42.98428,-74.30177,745,70.2,69.4,70.2,78.0,63.0,0.000,0.000,0.00,0.000,3.4,6.4,1.0,214,15,3.5,6.3,1.0,215,15,3.4,6.4,1.0,214,15,539,29.37,,0,0,0,65.0,65.9,65.1,0.39,0.34,0.27
JOHN,2017-08-21 09:55:00 EDT,42.98428,-74.30177,745,70.4,69.4,70.4,78.1,63.2,0.000,0.000,0.00,0.000,3.1,5.0,1.0,242,25,3.0,5.1,1.0,243,26,3.1,5.0,1.0,242,25,500,29.37,,0,0,0,65.1,65.8,65.1,0.39,0.34,0.27
JOHN,2017-08-21 10:00:00 EDT,42.98428,-74.30177,745,70.4,69.7,70.4,78.7,63.5,0.000,0.000,0.00,0.000,2.6,5.0,0.9,204,24,2.9,5.4,0.8,207,23,2.6,5.0,0.9,204,24,399,29.38,,0,0,0,65.1,65.8,65.1,0.39,0.34,0.26
JOHN,2017-08-21 10:05:00 EDT,42.98428,-74.30177,745,70.9,70.2,70.9,78.3,63.8,0.000,0.000,0.00,0.000,2.9,5.8,0.8,243,26,3.2,6.5,1.0,245,24,2.9,5.8,0.8,243,26,365,29.38,,0,0,0,65.1,65.8,65.1,0.39,0.34,0.27
JOHN,2017-08-21 10:10:00 EDT,42.98428,-74.30177,745,71.0,70.2,71.0,77.4,63.6,0.000,0.000,0.00,0.000,3.8,5.4,0.7,228,21,4.0,6.0,0.9,227,21,3.8,5.4,0.7,228,21,400,29.38,,0,0,0,65.1,65.8,65.1,0.39,0.34,0.27
JOHN,2017-08-21 10:15:00 EDT,42.98428,-74.30177,745,71.5,70.6,71.5,78.0,64.3,0.000,0.000,0.00,0.000,4.0,5.9,1.0,224,16,4.2,6.3,1.0,223,15,4.0,5.9,1.0,224,16,538,29.38,,0,0,0,65.1,65.8,65.1,0.39,0.34,0.27
JOHN,2017-08-21 10:20:00 EDT,42.98428,-74.30177,745,71.8,70.6,71.8,76.0,63.8,0.000,0.000,0.00,0.000,4.5,7.4,1.1,233,22,4.8,7.6,1.2,234,21,4.5,7.4,1.1,233,22,602,29.38,,0,0,0,65.1,65.8,65.1,0.39,0.34,0.27
JOHN,2017-08-21 10:25:00 EDT,42.98428,-74.30177,745,71.9,70.7,71.9,75.5,63.7,0.000,0.000,0.00,0.000,4.0,6.4,1.3,211,17,4.1,6.7,1.4,211,19,4.0,6.4,1.3,211,17,615,29.38,,0,0,0,65.1,65.8,65.1,0.39,0.34,0.27
JOHN,2017-08-21 10:30:00 EDT,42.98428,-74.30177,745,72.9,71.6,72.9,75.7,64.8,0.000,0.000,0.00,0.000,4.2,6.6,0.9,222,24,4.5,7.1,1.0,223,24,4.2,6.6,0.9,222,24,646,29.38,,0,0,0,65.1,65.8,65.1,0.39,0.34,0.27
JOHN,2017-08-21 10:35:00 EDT,42.98428,-74.30177,745,72.8,71.7,72.8,73.4,63.8,0.000,0.000,0.00,0.000,4.8,7.2,1.1,224,18,4.8,8.4,1.2,224,17,4.8,7.2,1.1,224,18,632,29.38,,0,0,0,65.1,65.8,65.1,0.39,0.34,0.26
JOHN,2017-08-21 10:40:00 EDT,42.98428,-74.30177,745,72.8,71.9,72.8,74.6,64.2,0.000,0.000,0.00,0.000,4.8,6.7,1.4,210,19,5.3,7.2,1.3,212,21,4.8,6.7,1.4,210,19,608,29.38,,0,0,0,65.2,65.8,65.1,0.39,0.34,0.27
JOHN,2017-08-21 10:45:00 EDT,42.98428,-74.30177,745,73.5,72.5,73.5,72.5,64.2,0.000,0.000,0.00,0.000,2.9,5.7,1.2,269,32,3.3,6.1,1.4,269,31,2.9,5.7,1.2,269,32,587,29.38,,0,0,0,65.4,65.8,65.1,0.39,0.34,0.27
JOHN,2017-08-21 10:50:00 EDT,42.98428,-74.30177,745,74.0,72.8,74.0,72.2,64.5,0.000,0.000,0.00,0.000,4.5,6.6,1.1,256,18,5.0,7.4,1.3,255,16,4.5,6.6,1.1,256,18,612,29.38,,0,0,0,65.5,65.8,65.1,0.39,0.34,0.27
JOHN,2017-08-21 10:55:00 EDT,42.98428,-74.30177,745,74.8,73.3,74.8,72.3,65.3,0.000,0.000,0.00,0.000,3.7,6.4,1.2,267,23,4.2,7.5,1.3,266,20,3.7,6.4,1.2,267,23,573,29.38,,0,0,0,65.5,65.8,65.1,0.39,0.34,0.26
JOHN,2017-08-21 11:00:00 EDT,42.98428,-74.30177,745,74.5,73.3,74.5,70.4,64.2,0.000,0.000,0.00,0.000,4.3,6.1,0.9,238,15,4.3,6.9,1.1,236,14,4.3,6.1,0.9,238,15,610,29.38,,0,0,0,65.5,65.8,65.1,0.39,0.34,0.27
JOHN,2017-08-21 11:05:00 EDT,42.98428,-74.30177,745,75.0,74.0,75.0,71.6,65.2,0.000,0.000,0.00,0.000,3.9,6.9,1.0,221,23,4.3,7.9,1.2,221,23,3.9,6.9,1.0,221,23,610,29.37,,0,0,0,65.5,65.8,65.1,0.39,0.34,0.27
JOHN,2017-08-21 11:10:00 EDT,42.98428,-74.30177,745,75.9,74.6,75.9,70.9,65.8,0.000,0.000,0.00,0.000,3.6,7.2,1.4,247,21,4.0,7.7,1.5,246,23,3.6,7.2,1.4,247,21,695,29.37,,0,0,0,65.5,65.8,65.1,0.39,0.34,0.27
JOHN,2017-08-21 11:15:00 EDT,42.98428,-74.30177,745,76.3,74.6,76.3,68.5,65.2,0.000,0.000,0.00,0.000,4.7,9.6,1.8,253,16,5.1,11.1,1.9,253,14,4.7,9.6,1.8,253,16,711,29.37,,0,0,0,65.6,65.8,65.1,0.39,0.34,0.27
JOHN,2017-08-21 11:20:00 EDT,42.98428,-74.30177,745,75.9,74.6,75.9,67.8,64.5,0.000,0.000,0.00,0.000,5.1,8.5,1.3,251,20,5.4,9.5,1.6,252,18,5.1,8.5,1.3,251,20,709,29.37,,0,0,0,65.8,65.8,65.1,0.39,0.34,0.26
JOHN,2017-08-21 11:25:00 EDT,42.98428,-74.30177,745,76.4,75.1,76.4,69.0,65.5,0.000,0.000,0.00,0.000,3.6,6.2,1.2,235,17,3.7,6.3,1.4,234,16,3.6,6.2,1.2,235,17,728,29.37,,0,0,0,65.8,65.8,65.1,0.39,0.34,0.27
JOHN,2017-08-21 11:30:00 EDT,42.98428,-74.30177,745,77.2,76.0,77.2,68.9,66.2,0.000,0.000,0.00,0.000,3.5,5.9,1.0,227,26,3.9,6.9,1.2,225,26,3.5,5.9,1.0,227,26,737,29.36,,0,0,0,65.8,65.8,65.1,0.39,0.34,0.27
JOHN,2017-08-21 11:35:00 EDT,42.98428,-74.30177,745,77.6,76.4,77.6,68.3,66.3,0.000,0.000,0.00,0.000,4.3,6.9,1.1,209,20,4.5,7.6,1.3,208,20,4.3,6.9,1.1,209,20,741,29.36,,0,0,0,65.8,65.8,65.1,0.39,0.34,0.27
JOHN,2017-08-21 11:40:00 EDT,42.98428,-74.30177,745,77.4,76.4,77.4,67.7,65.8,0.000,0.000,0.00,0.000,5.9,10.2,2.8,214,14,6.2,10.4,2.5,212,13,5.9,10.2,2.8,214,14,743,29.36,,0,0,0,65.8,65.8,65.1,0.39,0.34,0.27
JOHN,2017-08-21 11:45:00 EDT,42.98428,-74.30177,745,77.3,76.1,77.3,67.0,65.5,0.000,0.000,0.00,0.000,5.9,9.0,1.2,223,13,5.8,9.6,1.4,221,13,5.9,9.0,1.2,223,13,747,29.36,,0,0,0,65.8,65.8,65.1,0.39,0.34,0.27
JOHN,2017-08-21 11:50:00 EDT,42.98428,-74.30177,745,77.9,76.6,77.9,66.6,65.9,0.000,0.000,0.00,0.000,4.4,8.1,1.5,239,25,4.7,9.0,1.7,239,25,4.4,8.1,1.5,239,25,747,29.36,,0,0,0,65.8,65.8,65.1,0.39,0.34,0.27
JOHN,2017-08-21 11:55:00 EDT,42.98428,-74.30177,745,78.0,76.6,78.0,65.5,65.5,0.000,0.000,0.00,0.000,7.2,9.6,1.2,239,14,7.3,9.9,1.3,238,14,7.2,9.6,1.2,239,14,746,29.36,,0,0,0,65.9,65.8,65.1,0.39,0.34,0.27
JOHN,2017-08-21 12:00:00 EDT,42.98428,-74.30177,745,78.5,77.1,78.5,67.4,66.8,0.000,0.000,0.00,0.000,4.8,7.7,1.4,225,14,5.0,8.7,1.4,225,13,4.8,7.7,1.4,225,14,748,29.35,,0,0,0,66.0,65.8,65.1,0.39,0.34,0.27
JOHN,2017-08-21 12:05:00 EDT,42.98428,-74.30177,745,78.4,77.1,78.4,65.4,65.8,0.000,0.000,0.00,0.000,5.2,9.5,2.0,226,22,5.3,10.0,2.0,225,20,5.2,9.5,2.0,226,22,753,29.35,,0,0,0,66.0,65.8,65.1,0.38,0.34,0.27
JOHN,2017-08-21 12:10:00 EDT,42.98428,-74.30177,745,78.4,77.2,78.4,64.5,65.5,0.000,0.000,0.00,0.000,3.9,7.9,2.2,237,18,4.2,8.8,2.0,237,20,3.9,7.9,2.2,237,18,725,29.35,,0,0,0,66.0,65.8,65.1,0.38,0.34,0.26
JOHN,2017-08-21 12:15:00 EDT,42.98428,-74.30177,745,78.8,77.9,78.8,65.8,66.5,0.000,0.000,0.00,0.000,7.2,9.6,1.0,205,17,7.5,10.8,1.3,204,17,7.2,9.6,1.0,205,17,708,29.35,,0,0,0,66.0,65.8,65.1,0.38,0.34,0.27
JOHN,2017-08-21 12:20:00 EDT,42.98428,-74.30177,745,78.7,77.8,78.7,63.8,65.4,0.000,0.000,0.00,0.000,6.2,9.3,1.5,206,15,6.4,9.9,1.5,206,14,6.2,9.3,1.5,206,15,699,29.34,,0,0,0,66.0,65.8,65.1,0.38,0.34,0.27
JOHN,2017-08-21 12:25:00 EDT,42.98428,-74.30177,745,79.2,78.2,79.2,65.4,66.6,0.000,0.000,0.00,0.000,6.0,9.1,1.5,204,13,6.4,9.6,1.6,204,12,6.0,9.1,1.5,204,13,760,29.34,,0,0,0,66.3,65.8,65.1,0.38,0.34,0.27
JOHN,2017-08-21 12:30:00 EDT,42.98428,-74.30177,745,79.4,78.2,79.4,65.1,66.7,0.000,0.000,0.00,0.000,5.8,10.4,1.9,221,20,6.2,10.9,1.8,218,20,5.8,10.4,1.9,221,20,696,29.34,,0,0,0,66.4,65.8,65.1,0.38,0.34,0.27
JOHN,2017-08-21 12:35:00 EDT,42.98428,-74.30177,745,79.2,78.1,79.2,65.3,66.6,0.000,0.000,0.00,0.000,6.5,10.5,1.9,209,15,6.9,12.4,1.8,210,13,6.5,10.5,1.9,209,15,678,29.34,,0,0,0,66.4,65.8,65.1,0.39,0.34,0.27
JOHN,2017-08-21 12:40:00 EDT,42.98428,-74.30177,745,79.8,78.7,79.8,64.8,66.9,0.000,0.000,0.00,0.000,4.8,9.4,1.6,207,18,5.2,10.4,1.5,206,17,4.8,9.4,1.6,207,18,755,29.34,,0,0,0,66.4,65.8,65.1,0.39,0.34,0.27
JOHN,2017-08-21 12:45:00 EDT,42.98428,-74.30177,745,79.6,78.6,79.6,63.2,66.0,0.000,0.000,0.00,0.000,4.8,8.3,2.2,207,17,5.0,9.7,2.3,207,16,4.8,8.3,2.2,207,17,763,29.34,,0,0,0,66.4,65.8,65.1,0.38,0.34,0.27
JOHN,2017-08-21 12:50:00 EDT,42.98428,-74.30177,745,80.3,79.0,82.6,63.8,66.9,0.000,0.000,0.00,0.000,4.4,9.1,1.8,216,29,4.6,10.1,1.9,217,29,4.4,9.1,1.8,216,29,804,29.33,,0,0,0,66.4,65.8,65.1,0.39,0.34,0.27
JOHN,2017-08-21 12:55:00 EDT,42.98428,-74.30177,745,80.4,78.9,82.5,61.0,65.7,0.000,0.000,0.00,0.000,5.3,8.5,1.3,253,18,5.7,9.5,1.6,253,18,5.3,8.5,1.3,253,18,746,29.34,,0,0,0,66.7,65.8,65.1,0.39,0.34,0.27
JOHN,2017-08-21 13:00:00 EDT,42.98428,-74.30177,745,80.5,79.4,82.7,62.0,66.3,0.000,0.000,0.00,0.000,6.4,10.3,1.6,224,21,6.6,10.4,1.5,223,19,6.4,10.3,1.6,224,21,681,29.34,,0,0,0,66.7,65.8,65.1,0.39,0.34,0.27
JOHN,2017-08-21 13:05:00 EDT,42.98428,-74.30177,745,80.7,79.4,82.7,60.3,65.7,0.000,0.000,0.00,0.000,5.2,9.9,1.8,264,21,5.4,10.4,1.8,263,20,5.2,9.9,1.8,264,21,773,29.33,,0,0,0,66.7,65.8,65.1,0.38,0.34,0.27
JOHN,2017-08-21 13:10:00 EDT,42.98428,-74.30177,745,80.1,79.5,81.9,59.8,64.9,0.000,0.000,0.00,0.000,4.3,8.8,2.0,210,23,4.7,9.5,2.1,209,22,4.3,8.8,2.0,210,23,386,29.33,,0,0,0,66.7,65.8,65.1,0.39,0.34,0.27
JOHN,2017-08-21 13:15:00 EDT,42.98428,-74.30177,745,80.0,79.6,82.1,62.3,66.0,0.000,0.000,0.00,0.000,7.6,12.1,1.8,231,16,7.8,12.0,1.7,231,16,7.6,12.1,1.8,231,16,626,29.33,,0,0,0,66.8,65.8,65.1,0.38,0.34,0.27
JOHN,2017-08-21 13:20:00 EDT,42.98428,-74.30177,745,80.7,79.9,82.5,58.7,64.9,0.000,0.000,0.00,0.000,7.2,11.5,1.8,219,9,7.2,11.2,1.6,219,8,7.2,11.5,1.8,219,9,783,29.33,,0,0,0,67.1,65.8,65.1,0.38,0.33,0.27
JOHN,2017-08-21 13:25:00 EDT,42.98428,-74.30177,745,81.2,80.4,83.3,59.8,65.9,0.000,0.000,0.00,0.000,5.7,10.5,1.4,210,16,6.1,11.1,1.5,209,16,5.7,10.5,1.4,210,16,755,29.33,,0,0,0,67.1,65.8,65.1,0.38,0.33,0.27
JOHN,2017-08-21 13:30:00 EDT,42.98428,-74.30177,745,81.9,80.8,83.4,55.1,64.2,0.000,0.000,0.00,0.000,7.6,12.7,2.2,249,17,8.1,14.2,2.4,249,17,7.6,12.7,2.2,249,17,730,29.33,,0,0,0,67.1,65.8,65.1,0.38,0.34,0.27
JOHN,2017-08-21 13:35:00 EDT,42.98428,-74.30177,745,81.8,80.8,83.2,54.3,63.7,0.000,0.000,0.00,0.000,8.1,12.9,2.4,239,18,8.5,14.1,2.5,239,17,8.1,12.9,2.4,239,18,707,29.33,,0,0,0,67.1,65.8,65.1,0.38,0.33,0.27
JOHN,2017-08-21 13:40:00 EDT,42.98428,-74.30177,745,81.7,80.9,82.8,52.4,62.5,0.000,0.000,0.00,0.000,10.3,15.8,2.4,252,14,10.9,16.9,2.7,252,12,10.3,15.8,2.4,252,14,685,29.33,,0,0,0,67.2,65.8,65.1,0.38,0.33,0.26
JOHN,2017-08-21 13:45:00 EDT,42.98428,-74.30177,745,81.5,80.8,82.7,53.3,62.9,0.000,0.000,0.00,0.000,9.4,13.2,2.0,254,14,10.0,14.0,1.9,253,14,9.4,13.2,2.0,254,14,651,29.33,,0,0,0,67.4,65.8,65.1,0.38,0.33,0.26
JOHN,2017-08-21 13:50:00 EDT,42.98428,-74.30177,745,81.4,80.8,82.6,53.3,62.8,0.000,0.000,0.00,0.000,7.8,12.6,2.3,254,17,8.4,13.7,2.5,253,16,7.8,12.6,2.3,254,17,612,29.33,,0,0,0,67.5,65.8,65.1,0.38,0.33,0.27
JOHN,2017-08-21 13:55:00 EDT,42.98428,-74.30177,745,81.6,81.0,82.7,52.3,62.4,0.000,0.000,0.00,0.000,8.6,12.9,2.0,227,16,8.7,13.0,1.8,226,16,8.6,12.9,2.0,227,16,567,29.33,,0,0,0,67.5,65.8,65.1,0.38,0.33,0.27
JOHN,2017-08-21 14:00:00 EDT,42.98428,-74.30177,745,81.5,81.3,82.4,50.6,61.5,0.000,0.000,0.00,0.000,7.5,11.6,1.7,236,14,7.7,11.2,1.7,234,15,7.5,11.6,1.7,236,14,521,29.33,,0,0,0,67.5,65.8,65.1,0.38,0.34,0.27
JOHN,2017-08-21 14:05:00 EDT,42.98428,-74.30177,745,81.4,81.2,82.4,52.3,62.2,0.000,0.000,0.00,0.000,6.5,9.6,1.0,219,19,6.8,11.1,1.3,218,18,6.5,9.6,1.0,219,19,471,29.32,,0,0,0,67.7,65.8,65.1,0.38,0.34,0.27
JOHN,2017-08-21 14:10:00 EDT,42.98428,-74.30177,745,81.2,81.3,82.0,49.9,60.8,0.000,0.000,0.00,0.000,8.2,13.6,2.2,221,13,8.3,13.5,2.3,220,12,8.2,13.6,2.2,221,13,420,29.32,,0,0,0,67.8,65.8,65.1,0.38,0.34,0.27
JOHN,2017-08-21 14:15:00 EDT,42.98428,-74.30177,745,80.8,81.1,81.7,51.0,61.0,0.000,0.000,0.00,0.000,6.7,9.9,1.6,247,18,6.8,10.6,1.6,247,19,6.7,9.9,1.6,247,18,374,29.32,,0,0,0,67.8,65.8,65.1,0.38,0.34,0.26
JOHN,2017-08-21 14:20:00 EDT,42.98428,-74.30177,745,80.5,80.8,81.7,53.6,62.1,0.000,0.000,0.00,0.000,6.9,10.8,2.0,266,17,7.5,12.4,2.2,265,15,6.9,10.8,2.0,266,17,331,29.32,,0,0,0,67.8,65.8,65.1,0.38,0.34,0.26
JOHN,2017-08-21 14:25:00 EDT,42.98428,-74.30177,745,80.2,80.7,81.3,52.7,61.4,0.000,0.000,0.00,0.000,7.1,10.4,1.4,259,13,7.6,11.7,1.6,258,12,7.1,10.4,1.4,259,13,292,29.32,,0,0,0,67.8,65.8,65.1,0.38,0.34,0.27
JOHN,2017-08-21 14:30:00 EDT,42.98428,-74.30177,745,79.9,80.6,79.9,53.9,61.7,0.000,0.000,0.00,0.000,5.8,7.9,1.0,264,13,6.3,10.0,1.3,262,11,5.8,7.9,1.0,264,13,258,29.31,,0,0,0,67.8,65.8,65.1,0.38,0.34,0.26
JOHN,2017-08-21 14:35:00 EDT,42.98428,-74.30177,745,79.6,80.4,79.6,55.7,62.4,0.000,0.000,0.00,0.000,4.2,6.5,1.0,257,20,4.5,6.9,1.0,257,19,4.2,6.5,1.0,257,20,231,29.31,,0,0,0,68.1,65.8,65.1,0.38,0.34,0.26
JOHN,2017-08-21 14:40:00 EDT,42.98428,-74.30177,745,79.6,80.5,79.6,56.1,62.6,0.000,0.000,0.00,0.000,5.1,7.4,0.9,222,15,5.3,7.7,1.0,221,14,5.1,7.4,0.9,222,15,214,29.31,,0,0,0,68.2,65.8,65.1,0.38,0.34,0.27
JOHN,2017-08-21 14:45:00 EDT,42.98428,-74.30177,745,79.1,79.8,79.1,56.4,62.2,0.000,0.000,0.00,0.000,7.3,10.9,1.9,201,10,7.9,12.0,2.1,200,9,7.3,10.9,1.9,201,10,211,29.31,,0,0,0,68.2,65.8,65.1,0.38,0.34,0.26
JOHN,2017-08-21 14:50:00 EDT,42.98428,-74.30177,745,78.3,79.2,78.3,57.8,62.2,0.000,0.000,0.00,0.000,7.2,10.8,1.5,211,9,7.4,10.9,1.5,210,8,7.2,10.8,1.5,211,9,217,29.31,,0,0,0,68.2,65.8,65.1,0.38,0.34,0.27
JOHN,2017-08-21 14:55:00 EDT,42.98428,-74.30177,745,78.3,79.0,78.3,61.1,63.8,0.000,0.000,0.00,0.000,4.5,6.9,1.0,219,17,4.8,7.2,1.0,219,15,4.5,6.9,1.0,219,17,233,29.31,,0,0,0,68.2,65.8,65.1,0.38,0.34,0.27
JOHN,2017-08-21 15:00:00 EDT,42.98428,-74.30177,745,78.8,79.4,78.8,59.2,63.4,0.000,0.000,0.00,0.000,4.7,7.5,1.0,208,11,4.9,8.6,1.2,207,10,4.7,7.5,1.0,208,11,260,29.30,,0,0,0,68.2,65.8,65.1,0.38,0.34,0.27
JOHN,2017-08-21 15:05:00 EDT,42.98428,-74.30177,745,79.0,79.4,79.0,60.6,64.2,0.000,0.000,0.00,0.000,3.8,6.0,0.7,208,10,3.9,5.6,0.8,207,9,3.8,6.0,0.7,208,10,291,29.30,,0,0,0,68.4,65.8,65.1,0.38,0.34,0.27
JOHN,2017-08-21 15:10:00 EDT,42.98428,-74.30177,745,79.4,79.6,79.4,60.4,64.5,0.000,0.000,0.00,0.000,3.2,4.2,0.5,208,11,3.5,4.8,0.6,208,10,3.2,4.2,0.5,208,11,325,29.30,,0,0,0,68.5,65.8,65.1,0.38,0.34,0.26
JOHN,2017-08-21 15:15:00 EDT,42.98428,-74.30177,745,79.8,79.9,79.8,59.3,64.4,0.000,0.000,0.00,0.000,4.2,6.1,0.8,204,11,4.5,6.3,1.0,202,10,4.2,6.1,0.8,204,11,360,29.30,,0,0,0,68.5,65.8,65.1,0.38,0.34,0.27
JOHN,2017-08-21 15:20:00 EDT,42.98428,-74.30177,745,80.3,80.3,82.3,60.3,65.3,0.000,0.000,0.00,0.000,3.6,5.3,0.9,216,13,3.9,6.0,0.9,216,13,3.6,5.3,0.9,216,13,395,29.30,,0,0,0,68.5,65.8,65.0,0.38,0.34,0.26
JOHN,2017-08-21 15:25:00 EDT,42.98428,-74.30177,745,80.9,80.6,82.5,56.9,64.2,0.000,0.000,0.00,0.000,4.4,5.9,0.7,228,15,4.6,6.2,0.8,227,14,4.4,5.9,0.7,228,15,426,29.30,,0,0,0,68.5,65.8,65.0,0.38,0.34,0.26
JOHN,2017-08-21 15:30:00 EDT,42.98428,-74.30177,745,81.1,80.8,82.4,54.9,63.3,0.000,0.000,0.00,0.000,5.6,7.7,1.2,245,11,5.8,8.0,1.2,245,10,5.6,7.7,1.2,245,11,463,29.30,,0,0,0,68.5,65.8,65.0,0.38,0.34,0.26
JOHN,2017-08-21 15:35:00 EDT,42.98428,-74.30177,745,81.4,81.0,82.7,54.5,63.4,0.000,0.000,0.00,0.000,5.5,7.3,0.9,235,14,5.7,7.9,1.0,235,13,5.5,7.3,0.9,235,14,495,29.30,,0,0,0,68.5,65.8,65.0,0.38,0.34,0.27
JOHN,2017-08-21 15:40:00 EDT,42.98428,-74.30177,745,81.5,81.2,82.9,54.1,63.4,0.000,0.000,0.00,0.000,5.7,8.2,1.0,227,11,5.7,9.0,1.2,226,10,5.7,8.2,1.0,227,11,518,29.30,,0,0,0,68.5,65.8,65.0,0.38,0.34,0.27
JOHN,2017-08-21 15:45:00 EDT,42.98428,-74.30177,745,81.9,81.5,83.5,55.2,64.2,0.000,0.000,0.00,0.000,6.1,9.9,1.6,214,20,6.3,10.1,1.7,212,19,6.1,9.9,1.6,214,20,541,29.30,,0,0,0,68.5,65.8,65.0,0.38,0.34,0.27
JOHN,2017-08-21 15:50:00 EDT,42.98428,-74.30177,745,82.3,81.7,84.0,55.3,64.7,0.000,0.000,0.00,0.000,5.7,9.4,1.3,231,20,6.0,9.5,1.4,231,21,5.7,9.4,1.3,231,20,567,29.30,,0,0,0,68.5,65.8,65.0,0.38,0.34,0.26
JOHN,2017-08-21 15:55:00 EDT,42.98428,-74.30177,745,82.4,81.8,83.4,51.5,62.7,0.000,0.000,0.00,0.000,7.5,12.5,1.8,248,20,8.0,14.5,1.9,247,20,7.5,12.5,1.8,248,20,559,29.30,,0,0,0,68.5,65.8,64.9,0.38,0.34,0.27
JOHN,2017-08-21 16:00:00 EDT,42.98428,-74.30177,745,82.4,82.0,83.3,50.5,62.2,0.000,0.000,0.00,0.000,7.0,10.0,1.6,249,12,7.4,10.8,1.8,248,12,7.0,10.0,1.6,249,12,544,29.30,,0,0,0,68.6,65.8,64.9,0.38,0.34,0.26
JOHN,2017-08-21 16:05:00 EDT,42.98428,-74.30177,745,82.3,81.9,83.3,51.2,62.5,0.000,0.000,0.00,0.000,6.4,9.7,1.5,252,21,7.0,11.3,1.6,251,20,6.4,9.7,1.5,252,21,527,29.30,,0,0,0,68.8,65.8,64.9,0.38,0.34,0.26
JOHN,2017-08-21 16:10:00 EDT,42.98428,-74.30177,745,82.6,82.1,83.6,51.1,62.7,0.000,0.000,0.00,0.000,6.7,9.8,1.6,247,15,7.1,12.1,1.8,246,14,6.7,9.8,1.6,247,15,517,29.29,,0,0,0,68.9,65.8,64.9,0.38,0.34,0.26
JOHN,2017-08-21 16:15:00 EDT,42.98428,-74.30177,745,82.4,82.0,83.4,51.2,62.6,0.000,0.000,0.00,0.000,6.6,10.4,1.4,242,17,7.0,11.1,1.5,240,17,6.6,10.4,1.4,242,17,504,29.29,,0,0,0,68.9,65.8,64.9,0.38,0.34,0.27
JOHN,2017-08-21 16:20:00 EDT,42.98428,-74.30177,745,82.3,82.0,83.2,50.6,62.1,0.000,0.000,0.00,0.000,9.4,13.2,2.0,253,11,10.0,14.6,2.3,253,9,9.4,13.2,2.0,253,11,489,29.29,,0,0,0,68.9,65.8,64.9,0.38,0.34,0.26
JOHN,2017-08-21 16:25:00 EDT,42.98428,-74.30177,745,82.3,82.0,83.6,52.8,63.4,0.000,0.000,0.00,0.000,6.2,12.5,1.9,251,14,6.8,13.6,2.1,250,13,6.2,12.5,1.9,251,14,478,29.29,,0,0,0,68.9,65.8,64.8,0.38,0.34,0.26
JOHN,2017-08-21 16:30:00 EDT,42.98428,-74.30177,745,82.5,82.2,84.0,53.8,64.1,0.000,0.000,0.00,0.000,6.7,9.9,1.7,223,16,7.1,11.2,1.7,224,16,6.7,9.9,1.7,223,16,470,29.29,,0,0,0,68.9,65.8,64.8,0.38,0.34,0.26
JOHN,2017-08-21 16:35:00 EDT,42.98428,-74.30177,745,82.5,82.4,84.1,54.4,64.4,0.000,0.000,0.00,0.000,6.6,10.4,1.4,214,13,6.9,10.3,1.3,211,12,6.6,10.4,1.4,214,13,462,29.29,,0,0,0,68.9,65.8,64.8,0.38,0.33,0.26
JOHN,2017-08-21 16:40:00 EDT,42.98428,-74.30177,745,82.5,82.3,84.1,54.8,64.6,0.000,0.000,0.00,0.000,6.3,10.3,2.2,220,17,6.5,10.5,2.1,219,15,6.3,10.3,2.2,220,17,447,29.29,,0,0,0,68.9,65.8,64.8,0.38,0.33,0.26
JOHN,2017-08-21 16:45:00 EDT,42.98428,-74.30177,745,82.2,82.1,83.3,51.5,62.6,0.000,0.000,0.00,0.000,7.3,10.4,1.2,227,13,7.4,10.8,1.2,225,12,7.3,10.4,1.2,227,13,435,29.29,,0,0,0,68.9,65.8,64.8,0.38,0.33,0.26
JOHN,2017-08-21 16:50:00 EDT,42.98428,-74.30177,745,82.1,82.1,83.4,53.3,63.4,0.000,0.000,0.00,0.000,6.5,11.6,1.9,216,12,6.7,12.7,1.9,216,12,6.5,11.6,1.9,216,12,423,29.29,,0,0,0,68.9,65.8,64.8,0.38,0.33,0.26
JOHN,2017-08-21 16:55:00 EDT,42.98428,-74.30177,745,82.2,82.3,83.5,52.8,63.3,0.000,0.000,0.00,0.000,7.7,10.3,1.7,217,12,7.8,10.4,1.6,216,10,7.7,10.3,1.7,217,12,406,29.28,,0,0,0,69.1,65.8,64.8,0.38,0.33,0.26
JOHN,2017-08-21 17:00:00 EDT,42.98428,-74.30177,745,82.1,82.2,83.5,53.6,63.6,0.000,0.000,0.00,0.000,7.5,10.6,1.3,216,10,7.7,10.9,1.2,215,8,7.5,10.6,1.3,216,10,395,29.29,,0,0,0,69.2,65.8,64.8,0.38,0.33,0.26
JOHN,2017-08-21 17:05:00 EDT,42.98428,-74.30177,745,82.1,82.2,83.6,54.8,64.2,0.000,0.000,0.00,0.000,5.7,7.7,1.1,212,16,6.0,8.8,1.3,210,16,5.7,7.7,1.1,212,16,381,29.28,,0,0,0,69.3,65.8,64.8,0.38,0.33,0.26
JOHN,2017-08-21 17:10:00 EDT,42.98428,-74.30177,745,82.2,82.3,83.6,54.2,64.0,0.000,0.000,0.00,0.000,6.2,8.7,1.5,217,12,6.3,8.8,1.4,217,9,6.2,8.7,1.5,217,12,370,29.28,,0,0,0,69.3,65.8,64.8,0.38,0.33,0.26
JOHN,2017-08-21 17:15:00 EDT,42.98428,-74.30177,745,81.9,82.1,83.3,53.8,63.5,0.000,0.000,0.00,0.000,6.3,9.4,1.6,226,13,6.5,9.5,1.5,226,13,6.3,9.4,1.6,226,13,355,29.28,,0,0,0,69.3,65.8,64.8,0.38,0.33,0.26
JOHN,2017-08-21 17:20:00 EDT,42.98428,-74.30177,745,81.9,82.0,83.5,55.2,64.3,0.000,0.000,0.00,0.000,6.1,9.0,1.5,212,15,6.5,9.3,1.5,211,14,6.1,9.0,1.5,212,15,340,29.28,,0,0,0,69.3,65.8,64.8,0.38,0.33,0.26
JOHN,2017-08-21 17:25:00 EDT,42.98428,-74.30177,745,81.9,82.0,83.4,55.4,64.3,0.000,0.000,0.00,0.000,4.4,7.7,1.5,202,15,4.6,8.2,1.6,203,14,4.4,7.7,1.5,202,15,326,29.28,,0,0,0,69.3,65.8,64.8,0.38,0.33,0.26
JOHN,2017-08-21 17:30:00 EDT,42.98428,-74.30177,745,81.9,82.1,83.6,55.7,64.6,0.000,0.000,0.00,0.000,4.6,6.9,1.0,206,16,4.8,7.6,1.1,207,13,4.6,6.9,1.0,206,16,310,29.28,,0,0,0,69.3,65.8,64.8,0.38,0.33,0.26
JOHN,2017-08-21 17:35:00 EDT,42.98428,-74.30177,745,81.9,82.1,83.5,55.4,64.4,0.000,0.000,0.00,0.000,5.4,7.0,0.8,220,11,5.6,7.2,0.8,219,11,5.4,7.0,0.8,220,11,294,29.28,,0,0,0,69.3,65.8,64.8,0.38,0.33,0.26
JOHN,2017-08-21 17:40:00 EDT,42.98428,-74.30177,745,81.7,82.0,83.3,55.8,64.4,0.000,0.000,0.00,0.000,6.2,7.9,0.9,210,12,6.2,8.2,1.0,209,11,6.2,7.9,0.9,210,12,280,29.28,,0,0,0,69.3,65.8,64.8,0.38,0.33,0.26
JOHN,2017-08-21 17:45:00 EDT,42.98428,-74.30177,745,81.7,82.0,83.5,56.7,64.8,0.000,0.000,0.00,0.000,4.5,6.5,1.0,240,14,4.6,6.8,0.9,239,13,4.5,6.5,1.0,240,14,265,29.28,,0,0,0,69.3,65.8,64.8,0.38,0.33,0.26
JOHN,2017-08-21 17:50:00 EDT,42.98428,-74.30177,745,81.6,81.8,83.1,55.4,64.1,0.000,0.000,0.00,0.000,4.8,6.8,0.8,246,16,5.0,6.7,0.8,245,17,4.8,6.8,0.8,246,16,250,29.28,,0,0,0,69.3,65.8,64.8,0.38,0.33,0.26
JOHN,2017-08-21 17:55:00 EDT,42.98428,-74.30177,745,81.5,81.8,83.1,56.0,64.3,0.000,0.000,0.00,0.000,5.0,7.7,0.9,240,15,5.2,7.7,1.1,239,12,5.0,7.7,0.9,240,15,237,29.27,,0,0,0,69.3,65.8,64.8,0.38,0.33,0.26
JOHN,2017-08-21 18:00:00 EDT,42.98428,-74.30177,745,81.3,81.8,82.9,56.4,64.3,0.000,0.000,0.00,0.000,4.7,7.1,0.9,237,10,4.9,7.2,1.0,236,10,4.7,7.1,0.9,237,10,223,29.27,,0,0,0,69.3,65.8,64.8,0.38,0.33,0.26
JOHN,2017-08-21 18:05:00 EDT,42.98428,-74.30177,745,81.3,81.8,82.9,56.2,64.2,0.000,0.000,0.00,0.000,5.3,7.2,0.8,238,10,5.5,8.1,1.0,238,10,5.3,7.2,0.8,238,10,210,29.27,,0,0,0,69.3,65.8,64.8,0.38,0.33,0.26
JOHN,2017-08-21 18:10:00 EDT,42.98428,-74.30177,745,81.1,81.7,82.8,56.9,64.4,0.000,0.000,0.00,0.000,3.9,6.1,1.1,240,10,4.1,6.4,1.2,240,10,3.9,6.1,1.1,240,10,197,29.27,,0,0,0,69.3,65.8,64.8,0.38,0.33,0.27
JOHN,2017-08-21 18:15:00 EDT,42.98428,-74.30177,745,81.2,81.7,82.9,57.0,64.5,0.000,0.000,0.00,0.000,3.6,5.0,0.8,229,10,3.5,5.1,0.8,227,10,3.6,5.0,0.8,229,10,184,29.27,,0,0,0,69.3,65.8,64.8,0.38,0.33,0.26
JOHN,2017-08-21 18:20:00 EDT,42.98428,-74.30177,745,80.9,81.6,82.6,57.2,64.4,0.000,0.000,0.00,0.000,4.0,5.9,0.9,228,10,4.0,6.1,1.0,227,9,4.0,5.9,0.9,228,10,168,29.27,,0,0,0,69.3,65.8,64.8,0.38,0.33,0.26
JOHN,2017-08-21 18:25:00 EDT,42.98428,-74.30177,745,80.7,81.4,82.6,59.2,65.2,0.000,0.000,0.00,0.000,3.2,3.9,0.4,221,7,3.2,4.4,0.5,220,5,3.2,3.9,0.4,221,7,155,29.27,,0,0,0,69.3,65.8,64.8,0.38,0.33,0.26
JOHN,2017-08-21 18:30:00 EDT,42.98428,-74.30177,745,80.5,81.3,82.6,61.8,66.2,0.000,0.000,0.00,0.000,2.3,3.7,0.5,215,11,2.3,4.3,0.5,217,9,2.3,3.7,0.5,215,11,145,29.27,,0,0,0,69.3,65.8,64.8,0.38,0.33,0.26
JOHN,2017-08-21 18:35:00 EDT,42.98428,-74.30177,745,80.5,81.3,82.6,61.6,66.1,0.000,0.000,0.00,0.000,2.4,4.5,0.8,219,12,2.4,4.8,0.8,220,10,2.4,4.5,0.8,219,12,135,29.26,,0,0,0,69.3,65.8,64.8,0.38,0.33,0.26
JOHN,2017-08-21 18:40:00 EDT,42.98428,-74.30177,745,80.3,81.1,82.6,63.4,66.8,0.000,0.000,0.00,0.000,2.1,3.0,0.5,222,9,2.1,2.9,0.4,220,8,2.1,3.0,0.5,222,9,121,29.27,,0,0,0,69.3,65.8,64.8,0.38,0.33,0.26
JOHN,2017-08-21 18:45:00 EDT,42.98428,-74.30177,745,80.2,81.1,82.5,63.3,66.7,0.000,0.000,0.00,0.000,1.6,2.3,0.2,220,8,1.6,2.5,0.2,220,6,1.6,2.3,0.2,220,8,111,29.26,,0,0,0,69.3,65.8,64.8,0.38,0.33,0.26
JOHN,2017-08-21 18:50:00 EDT,42.98428,-74.30177,745,80.0,80.9,80.0,65.3,67.3,0.000,0.000,0.00,0.000,1.3,1.7,0.1,203,7,1.6,2.0,0.2,204,8,1.3,1.7,0.1,203,7,101,29.26,,0,0,0,69.3,65.8,64.8,0.38,0.33,0.26
JOHN,2017-08-21 18:55:00 EDT,42.98428,-74.30177,745,78.4,80.2,78.4,72.5,68.8,0.000,0.000,0.00,0.000,0.8,1.4,0.4,190,17,1.1,1.7,0.4,186,18,0.8,1.4,0.4,190,17,77,29.26,,0,0,0,69.3,65.8,64.8,0.38,0.33,0.26
JOHN,2017-08-21 19:00:00 EDT,42.98428,-74.30177,745,77.1,79.6,77.1,73.8,68.0,0.000,0.000,0.00,0.000,0.5,0.9,0.3,144,2,0.9,1.7,0.5,170,11,0.5,0.9,0.3,144,2,55,29.26,,0,0,0,69.3,65.9,64.8,0.38,0.33,0.26
JOHN,2017-08-21 19:05:00 EDT,42.98428,-74.30177,745,75.9,79.9,75.9,77.1,68.2,0.000,0.000,0.00,0.000,0.7,1.6,0.3,190,26,1.2,1.9,0.3,191,13,0.7,1.6,0.3,190,26,39,29.26,,0,0,0,69.4,65.9,64.8,0.38,0.33,0.26
JOHN,2017-08-21 19:10:00 EDT,42.98428,-74.30177,745,74.5,78.9,74.5,82.1,68.7,0.000,0.000,0.00,0.000,0.4,1.0,0.3,262,37,0.7,1.6,0.4,261,36,0.4,1.0,0.3,262,37,39,29.26,,0,0,0,69.5,65.9,64.8,0.38,0.33,0.26
JOHN,2017-08-21 19:15:00 EDT,42.98428,-74.30177,745,73.6,78.6,73.6,82.8,68.0,0.000,0.000,0.00,0.000,0.1,0.6,0.1,303,0,0.2,1.0,0.3,297,6,0.1,0.6,0.1,303,0,31,29.26,,0,0,0,69.5,65.9,64.8,0.38,0.33,0.26
JOHN,2017-08-21 19:20:00 EDT,42.98428,-74.30177,745,73.2,77.7,73.2,83.5,67.9,0.000,0.000,0.00,0.000,0.0,0.1,0.0,303,0,0.3,1.6,0.5,334,5,0.0,0.1,0.0,303,0,25,29.26,,0,0,0,69.5,65.9,64.8,0.38,0.33,0.26
JOHN,2017-08-21 19:25:00 EDT,42.98428,-74.30177,745,72.6,76.8,72.6,85.2,67.9,0.000,0.000,0.00,0.000,1.0,1.2,0.1,301,24,1.2,1.6,0.1,291,25,1.0,1.2,0.1,301,24,15,29.27,,0,0,0,69.6,65.9,64.8,0.38,0.33,0.26
JOHN,2017-08-21 19:30:00 EDT,42.98428,-74.30177,745,72.5,77.9,72.5,84.7,67.7,0.000,0.000,0.00,0.000,1.0,1.4,0.2,253,10,1.2,1.6,0.1,243,5,1.0,1.4,0.2,253,10,12,29.27,,0,0,0,69.6,66.0,64.8,0.38,0.33,0.26
JOHN,2017-08-21 19:35:00 EDT,42.98428,-74.30177,745,71.1,77.3,71.1,87.4,67.1,0.000,0.000,0.00,0.000,1.4,2.0,0.2,246,1,1.5,2.1,0.2,246,8,1.4,2.0,0.2,246,1,9,29.27,,0,0,0,69.5,66.0,64.8,0.38,0.33,0.26
JOHN,2017-08-21 19:40:00 EDT,42.98428,-74.30177,745,70.1,77.2,70.1,89.5,66.9,0.000,0.000,0.00,0.000,0.7,1.7,0.6,239,3,0.9,1.7,0.5,246,14,0.7,1.7,0.6,239,3,7,29.27,,0,0,0,69.6,66.0,64.8,0.38,0.33,0.26
JOHN,2017-08-21 19:45:00 EDT,42.98428,-74.30177,745,70.4,76.4,70.4,90.9,67.6,0.000,0.000,0.00,0.000,0.1,0.7,0.2,256,2,0.4,1.2,0.5,229,15,0.1,0.7,0.2,256,2,5,29.27,,0,0,0,69.5,66.0,64.8,0.38,0.33,0.26
JOHN,2017-08-21 19:50:00 EDT,42.98428,-74.30177,745,70.5,76.1,70.5,90.0,67.4,0.000,0.000,0.00,0.000,0.0,0.0,0.0,0,0,0.3,1.2,0.4,210,5,0.0,0.0,0.0,0,0,3,29.27,,0,0,0,69.4,66.0,64.8,0.38,0.33,0.26
JOHN,2017-08-21 19:55:00 EDT,42.98428,-74.30177,745,69.4,75.9,69.4,91.8,67.0,0.000,0.000,0.00,0.000,0.0,0.0,0.0,0,0,0.0,0.8,0.1,201,1,0.0,0.0,0.0,0,0,2,29.27,,0,0,0,69.4,66.0,64.8,0.38,0.33,0.26
JOHN,2017-08-21 20:00:00 EDT,42.98428,-74.30177,745,69.1,76.0,69.1,92.5,66.9,0.000,0.000,0.00,0.000,0.0,0.4,0.1,179,0,0.1,1.0,0.2,183,9,0.0,0.4,0.1,179,0,1,29.27,,0,0,0,69.3,66.0,64.8,0.38,0.33,0.26
JOHN,2017-08-21 20:05:00 EDT,42.98428,-74.30177,745,68.7,75.8,68.7,92.9,66.5,0.000,0.000,0.00,0.000,0.0,0.0,0.0,0,0,0.1,0.8,0.3,154,15,0.0,0.0,0.0,0,0,1,29.27,,0,0,0,69.3,66.0,64.8,0.38,0.33,0.26
JOHN,2017-08-21 20:10:00 EDT,42.98428,-74.30177,745,69.2,75.1,69.2,93.7,67.3,0.000,0.000,0.00,0.000,0.1,0.5,0.2,104,4,0.7,1.1,0.4,93,22,0.1,0.5,0.2,104,4,1,29.27,,0,0,0,69.3,66.0,64.8,0.38,0.33,0.26
JOHN,2017-08-21 20:15:00 EDT,42.98428,-74.30177,745,68.5,74.2,68.5,93.5,66.5,0.000,0.000,0.00,0.000,0.5,1.3,0.4,27,0,0.9,1.6,0.4,28,7,0.5,1.3,0.4,27,0,1,29.27,,0,0,0,69.3,66.0,64.8,0.38,0.33,0.26
JOHN,2017-08-21 20:20:00 EDT,42.98428,-74.30177,745,68.0,73.8,68.0,94.1,66.2,0.000,0.000,0.00,0.000,1.0,2.0,0.5,6,8,1.5,2.6,0.6,2,12,1.0,2.0,0.5,6,8,1,29.27,,0,0,0,69.3,66.0,64.8,0.38,0.33,0.26
JOHN,2017-08-21 20:25:00 EDT,42.98428,-74.30177,745,67.4,72.1,67.4,94.6,65.8,0.000,0.000,0.00,0.000,1.9,2.3,0.2,358,5,2.5,3.3,0.3,360,5,1.9,2.3,0.2,358,5,1,29.27,,0,0,0,69.3,66.0,64.8,0.38,0.33,0.26
JOHN,2017-08-21 20:30:00 EDT,42.98428,-74.30177,745,67.4,71.6,67.4,95.3,66.1,0.000,0.000,0.00,0.000,1.5,1.9,0.2,6,5,1.8,2.4,0.2,7,4,1.5,1.9,0.2,6,5,0,29.27,,0,0,0,69.3,66.0,64.8,0.38,0.33,0.26
JOHN,2017-08-21 20:35:00 EDT,42.98428,-74.30177,745,67.7,71.4,67.7,95.8,66.4,0.000,0.000,0.00,0.000,1.9,2.1,0.1,21,3,2.1,2.6,0.1,16,5,1.9,2.1,0.1,21,3,0,29.27,,0,0,0,69.3,66.0,64.8,0.38,0.33,0.26
JOHN,2017-08-21 20:40:00 EDT,42.98428,-74.30177,745,67.6,71.1,67.6,96.0,66.4,0.000,0.000,0.00,0.000,2.0,2.2,0.1,24,0,2.2,2.5,0.2,15,4,2.0,2.2,0.1,24,0,0,29.27,,0,0,0,69.3,66.0,64.8,0.38,0.33,0.26
JOHN,2017-08-21 20:45:00 EDT,42.98428,-74.30177,745,67.5,70.9,67.5,96.3,66.4,0.000,0.000,0.00,0.000,1.7,1.8,0.1,25,0,1.7,2.0,0.1,22,3,1.7,1.8,0.1,25,0,0,29.27,,0,0,0,69.3,66.0,64.8,0.38,0.33,0.26
JOHN,2017-08-21 20:50:00 EDT,42.98428,-74.30177,745,67.4,70.8,67.4,96.5,66.4,0.000,0.000,0.00,0.000,1.5,1.7,0.1,25,0,1.6,1.8,0.1,26,3,1.5,1.7,0.1,25,0,0,29.27,,0,0,0,69.3,66.0,64.8,0.38,0.33,0.26
JOHN,2017-08-21 20:55:00 EDT,42.98428,-74.30177,745,67.4,70.7,67.4,96.9,66.4,0.000,0.000,0.00,0.000,1.4,1.6,0.1,35,8,1.5,1.7,0.1,37,6,1.4,1.6,0.1,35,8,0,29.27,,0,0,0,69.3,66.0,64.8,0.38,0.33,0.26
JOHN,2017-08-21 21:00:00 EDT,42.98428,-74.30177,745,67.8,71.1,67.8,97.0,66.9,0.000,0.000,0.00,0.000,1.2,1.5,0.2,52,8,1.4,1.8,0.2,54,5,1.2,1.5,0.2,52,8,0,29.27,,0,0,0,69.3,66.0,64.8,0.38,0.33,0.26
JOHN,2017-08-21 21:05:00 EDT,42.98428,-74.30177,745,67.2,71.4,67.2,96.6,66.2,0.000,0.000,0.00,0.000,1.3,1.6,0.1,55,7,1.3,1.7,0.2,45,6,1.3,1.6,0.1,55,7,0,29.27,,0,0,0,69.3,66.0,64.8,0.38,0.33,0.26
JOHN,2017-08-21 21:10:00 EDT,42.98428,-74.30177,745,66.5,71.9,66.5,96.8,65.5,0.000,0.000,0.00,0.000,0.9,1.3,0.2,42,0,1.0,1.5,0.2,33,5,0.9,1.3,0.2,42,0,0,29.27,,0,0,0,69.3,66.0,64.8,0.38,0.33,0.26
JOHN,2017-08-21 21:15:00 EDT,42.98428,-74.30177,745,66.3,71.4,66.3,97.1,65.4,0.000,0.000,0.00,0.000,1.1,1.9,0.4,29,10,1.4,2.3,0.5,20,10,1.1,1.9,0.4,29,10,0,29.26,,0,0,0,69.3,66.0,64.8,0.38,0.33,0.26
JOHN,2017-08-21 21:20:00 EDT,42.98428,-74.30177,745,66.3,70.2,66.3,97.3,65.5,0.000,0.000,0.00,0.000,1.8,2.3,0.3,14,3,2.2,2.8,0.4,6,1,1.8,2.3,0.3,14,3,0,29.26,,0,0,0,69.3,66.0,64.8,0.38,0.33,0.26
JOHN,2017-08-21 21:25:00 EDT,42.98428,-74.30177,745,66.4,70.3,66.4,97.6,65.7,0.000,0.000,0.00,0.000,1.1,1.5,0.2,12,0,1.3,1.7,0.2,10,3,1.1,1.5,0.2,12,0,0,29.26,,0,0,0,69.2,66.0,64.8,0.38,0.33,0.26
JOHN,2017-08-21 21:30:00 EDT,42.98428,-74.30177,745,66.7,70.5,66.7,97.9,66.1,0.000,0.000,0.00,0.000,0.4,0.9,0.3,12,0,0.7,1.1,0.4,5,4,0.4,0.9,0.3,12,0,0,29.27,,0,0,0,69.0,66.0,64.8,0.38,0.33,0.26
JOHN,2017-08-21 21:35:00 EDT,42.98428,-74.30177,745,66.1,70.3,66.1,97.6,65.4,0.000,0.000,0.00,0.000,0.0,0.0,0.0,0,0,0.1,0.9,0.3,9,3,0.0,0.0,0.0,0,0,0,29.27,,0,0,0,68.9,66.0,64.8,0.38,0.33,0.26
JOHN,2017-08-21 21:40:00 EDT,42.98428,-74.30177,745,66.1,71.0,66.1,97.7,65.4,0.000,0.000,0.00,0.000,0.3,1.7,0.6,140,7,0.9,2.2,0.6,123,14,0.3,1.7,0.6,140,7,0,29.27,,0,0,0,68.9,66.0,64.8,0.38,0.33,0.26
JOHN,2017-08-21 21:45:00 EDT,42.98428,-74.30177,745,66.1,71.9,66.1,98.0,65.5,0.000,0.000,0.00,0.000,1.6,2.8,0.4,137,7,1.6,3.3,0.4,133,7,1.6,2.8,0.4,137,7,0,29.27,,0,0,0,68.9,66.0,64.8,0.38,0.33,0.26
JOHN,2017-08-21 21:50:00 EDT,42.98428,-74.30177,745,65.5,71.5,65.5,97.7,64.9,0.000,0.000,0.00,0.000,1.4,2.4,0.6,133,9,1.4,2.2,0.5,128,10,1.4,2.4,0.6,133,9,0,29.26,,0,0,0,68.9,66.0,64.8,0.38,0.33,0.26
JOHN,2017-08-21 21:55:00 EDT,42.98428,-74.30177,745,65.5,71.6,65.5,97.9,64.9,0.000,0.000,0.00,0.000,1.9,2.8,0.5,144,5,1.9,3.3,0.5,140,7,1.9,2.8,0.5,144,5,0,29.26,,0,0,0,68.9,66.0,64.8,0.38,0.33,0.26
JOHN,2017-08-21 22:00:00 EDT,42.98428,-74.30177,745,65.6,72.9,65.6,98.0,65.1,0.000,0.000,0.00,0.000,3.0,3.7,0.3,149,6,2.9,3.8,0.4,145,6,3.0,3.7,0.3,149,6,0,29.26,,0,0,0,68.9,66.0,64.8,0.38,0.33,0.26
JOHN,2017-08-21 22:05:00 EDT,42.98428,-74.30177,745,66.7,72.7,66.7,98.0,66.1,0.000,0.000,0.00,0.000,1.7,3.1,0.5,164,18,2.0,3.5,0.5,161,18,1.7,3.1,0.5,164,18,0,29.26,,0,0,0,68.9,66.1,64.8,0.38,0.33,0.26
JOHN,2017-08-21 22:10:00 EDT,42.98428,-74.30177,745,66.8,72.6,66.8,97.4,66.1,0.000,0.000,0.00,0.000,2.2,3.9,0.7,177,11,2.7,4.9,0.8,177,10,2.2,3.9,0.7,177,11,0,29.26,,0,0,0,68.9,66.0,64.8,0.38,0.33,0.26
JOHN,2017-08-21 22:15:00 EDT,42.98428,-74.30177,745,65.3,72.1,65.3,96.1,64.2,0.000,0.000,0.00,0.000,2.0,2.8,0.3,188,9,2.2,3.2,0.4,188,10,2.0,2.8,0.3,188,9,0,29.27,,0,0,0,68.9,66.1,64.8,0.38,0.33,0.26
JOHN,2017-08-21 22:20:00 EDT,42.98428,-74.30177,745,66.0,71.6,66.0,96.4,65.0,0.000,0.000,0.00,0.000,1.4,2.0,0.2,190,8,1.6,2.6,0.2,191,9,1.4,2.0,0.2,190,8,0,29.27,,0,0,0,68.8,66.1,64.8,0.38,0.33,0.26
JOHN,2017-08-21 22:25:00 EDT,42.98428,-74.30177,745,65.1,71.3,65.1,96.1,63.9,0.000,0.000,0.00,0.000,0.8,2.3,0.7,177,8,1.0,2.7,0.7,178,13,0.8,2.3,0.7,177,8,0,29.26,,0,0,0,68.6,66.1,64.8,0.38,0.33,0.26
JOHN,2017-08-21 22:30:00 EDT,42.98428,-74.30177,745,64.8,70.8,64.8,96.7,63.8,0.000,0.000,0.00,0.000,0.0,0.0,0.0,0,0,0.0,1.0,0.1,309,5,0.0,0.0,0.0,0,0,0,29.27,,0,0,0,68.6,66.2,64.8,0.38,0.33,0.26
JOHN,2017-08-21 22:35:00 EDT,42.98428,-74.30177,745,65.1,70.7,65.1,97.2,64.3,0.000,0.000,0.00,0.000,0.0,0.0,0.0,0,0,0.1,1.1,0.3,284,20,0.0,0.0,0.0,0,0,0,29.27,,0,0,0,68.5,66.3,64.8,0.38,0.33,0.26
JOHN,2017-08-21 22:40:00 EDT,42.98428,-74.30177,745,64.2,70.4,64.2,96.9,63.3,0.000,0.000,0.00,0.000,0.7,2.0,0.7,342,5,1.1,2.0,0.7,334,8,0.7,2.0,0.7,342,5,0,29.27,,0,0,0,68.5,66.2,64.8,0.38,0.33,0.26
JOHN,2017-08-21 22:45:00 EDT,42.98428,-74.30177,745,64.4,70.0,64.4,97.5,63.7,0.000,0.000,0.00,0.000,1.7,2.3,0.3,334,7,1.8,2.9,0.3,330,7,1.7,2.3,0.3,334,7,0,29.27,,0,0,0,68.5,66.3,64.8,0.38,0.33,0.26
JOHN,2017-08-21 22:50:00 EDT,42.98428,-74.30177,745,64.0,69.8,64.0,97.5,63.3,0.000,0.000,0.00,0.000,1.7,2.2,0.3,332,8,1.8,2.8,0.3,325,7,1.7,2.2,0.3,332,8,0,29.27,,0,0,0,68.5,66.3,64.8,0.38,0.33,0.26
JOHN,2017-08-21 22:55:00 EDT,42.98428,-74.30177,745,64.2,69.8,64.2,97.9,63.6,0.000,0.000,0.00,0.000,2.4,3.1,0.4,311,11,2.5,3.6,0.5,309,8,2.4,3.1,0.4,311,11,0,29.26,,0,0,0,68.5,66.3,64.8,0.38,0.33,0.26
JOHN,2017-08-21 23:00:00 EDT,42.98428,-74.30177,745,64.1,71.0,64.1,97.9,63.5,0.000,0.000,0.00,0.000,2.8,3.6,0.3,295,10,3.1,4.0,0.4,296,10,2.8,3.6,0.3,295,10,0,29.27,,0,0,0,68.5,66.4,64.8,0.38,0.33,0.26
JOHN,2017-08-21 23:05:00 EDT,42.98428,-74.30177,745,63.7,71.2,63.7,97.8,63.0,0.000,0.000,0.00,0.000,3.5,5.8,0.6,308,9,3.6,6.5,0.7,306,9,3.5,5.8,0.6,308,9,0,29.26,,0,0,0,68.5,66.4,64.8,0.38,0.33,0.26
JOHN,2017-08-21 23:10:00 EDT,42.98428,-74.30177,745,64.0,71.3,64.0,98.1,63.4,0.000,0.000,0.00,0.000,2.3,3.4,0.4,291,10,2.5,3.8,0.5,291,12,2.3,3.4,0.4,291,10,0,29.26,,0,0,0,68.5,66.4,64.8,0.38,0.33,0.26
JOHN,2017-08-21 23:15:00 EDT,42.98428,-74.30177,745,63.6,71.8,63.6,98.0,63.0,0.000,0.000,0.00,0.000,3.3,4.2,0.6,300,6,3.6,4.4,0.6,301,5,3.3,4.2,0.6,300,6,0,29.27,,0,0,0,68.5,66.4,64.8,0.38,0.33,0.26
JOHN,2017-08-21 23:20:00 EDT,42.98428,-74.30177,745,64.2,71.3,64.2,98.5,63.8,0.000,0.000,0.00,0.000,3.4,3.9,0.3,308,5,3.5,4.2,0.4,308,4,3.4,3.9,0.3,308,5,0,29.27,,0,0,0,68.5,66.4,64.8,0.38,0.33,0.26
JOHN,2017-08-21 23:25:00 EDT,42.98428,-74.30177,745,64.7,71.5,64.7,98.6,64.3,0.000,0.000,0.00,0.000,3.5,4.7,0.4,296,7,3.8,5.9,0.5,296,7,3.5,4.7,0.4,296,7,0,29.26,,0,0,0,68.5,66.4,64.8,0.38,0.33,0.26
JOHN,2017-08-21 23:30:00 EDT,42.98428,-74.30177,745,63.8,72.1,63.8,98.1,63.2,0.000,0.000,0.00,0.000,4.0,5.1,0.4,296,7,4.3,5.7,0.6,294,7,4.0,5.1,0.4,296,7,0,29.26,,0,0,0,68.4,66.4,64.8,0.38,0.33,0.26
JOHN,2017-08-21 23:35:00 EDT,42.98428,-74.30177,745,64.7,71.3,64.7,98.5,64.3,0.000,0.000,0.00,0.000,4.0,5.2,0.5,304,6,4.2,6.0,0.6,303,5,4.0,5.2,0.5,304,6,0,29.26,,0,0,0,68.3,66.4,64.8,0.38,0.33,0.26
JOHN,2017-08-21 23:40:00 EDT,42.98428,-74.30177,745,65.8,70.6,65.8,98.6,65.4,0.000,0.000,0.00,0.000,3.8,4.6,0.4,310,6,3.9,4.8,0.5,308,5,3.8,4.6,0.4,310,6,0,29.26,,0,0,0,68.2,66.4,64.8,0.38,0.33,0.26
JOHN,2017-08-21 23:45:00 EDT,42.98428,-74.30177,745,65.9,70.9,65.9,98.2,65.4,0.000,0.000,0.00,0.000,3.2,4.5,0.5,305,8,3.3,4.5,0.5,305,7,3.2,4.5,0.5,305,8,0,29.26,,0,0,0,68.2,66.4,64.8,0.38,0.33,0.26
JOHN,2017-08-21 23:50:00 EDT,42.98428,-74.30177,745,65.7,71.7,65.7,98.0,65.1,0.000,0.000,0.00,0.000,2.9,4.2,0.6,292,8,3.2,4.7,0.6,292,8,2.9,4.2,0.6,292,8,0,29.26,,0,0,0,68.2,66.4,64.8,0.38,0.33,0.26
JOHN,2017-08-21 23:55:00 EDT,42.98428,-74.30177,745,63.9,72.0,63.9,96.6,62.9,0.000,0.000,0.00,0.000,2.4,3.1,0.3,282,7,2.7,3.5,0.3,282,8,2.4,3.1,0.3,282,7,0,29.26,,0,0,0,68.2,66.4,64.8,0.38,0.33,0.26
JORD,2017-08-21 00:00:00 EDT,43.06980,-76.47006,402,63.3,64.8,63.3,99.0,63.0,0.000,0.000,0.00,0.000,0.0,0.0,0.0,0,0,0.5,0.9,0.2,70,14,0.0,0.0,0.0,0,0,0,29.69,,0,0,0,71.4,71.4,69.2,0.15,0.17,0.22
JORD,2017-08-21 00:05:00 EDT,43.06980,-76.47006,402,63.1,64.9,63.1,99.0,62.8,0.000,0.000,0.00,0.000,0.0,0.0,0.0,0,0,0.7,1.0,0.1,59,10,0.0,0.0,0.0,0,0,0,29.70,,0,0,0,71.4,71.4,69.2,0.15,0.17,0.22
JORD,2017-08-21 00:10:00 EDT,43.06980,-76.47006,402,63.0,64.8,63.0,99.1,62.7,0.000,0.000,0.00,0.000,0.1,0.7,0.2,22,29,0.8,1.2,0.2,55,16,0.1,0.7,0.2,22,29,0,29.70,,0,0,0,71.4,71.4,69.2,0.15,0.17,0.22
JORD,2017-08-21 00:15:00 EDT,43.06980,-76.47006,402,62.9,64.6,62.9,99.1,62.6,0.000,0.000,0.00,0.000,1.1,1.7,0.3,47,8,1.3,1.8,0.2,48,8,1.1,1.7,0.3,47,8,0,29.70,,0,0,0,71.2,71.4,69.2,0.15,0.17,0.22
JORD,2017-08-21 00:20:00 EDT,43.06980,-76.47006,402,62.6,64.4,62.6,99.1,62.3,0.000,0.000,0.00,0.000,1.0,1.3,0.2,52,15,1.1,1.7,0.3,50,17,1.0,1.3,0.2,52,15,0,29.70,,0,0,0,71.1,71.4,69.2,0.15,0.17,0.22
JORD,2017-08-21 00:25:00 EDT,43.06980,-76.47006,402,62.5,64.4,62.5,99.3,62.3,0.000,0.000,0.00,0.000,1.5,2.2,0.3,46,16,1.7,2.3,0.3,43,16,1.5,2.2,0.3,46,16,0,29.70,,0,0,0,71.1,71.4,69.2,0.15,0.17,0.22
JORD,2017-08-21 00:30:00 EDT,43.06980,-76.47006,402,62.4,64.4,62.4,99.2,62.2,0.000,0.000,0.00,0.000,1.0,1.7,0.3,49,11,1.2,2.0,0.3,47,14,1.0,1.7,0.3,49,11,0,29.70,,0,0,0,71.1,71.4,69.2,0.15,0.17,0.22
JORD,2017-08-21 00:35:00 EDT,43.06980,-76.47006,402,62.3,64.5,62.3,99.3,62.1,0.000,0.000,0.00,0.000,0.9,1.8,0.3,16,23,1.2,2.0,0.3,16,25,0.9,1.8,0.3,16,23,0,29.70,,0,0,0,71.1,71.4,69.2,0.15,0.17,0.22
JORD,2017-08-21 00:40:00 EDT,43.06980,-76.47006,402,62.5,64.5,62.5,99.4,62.3,0.000,0.000,0.00,0.000,1.2,1.8,0.1,32,13,1.4,1.9,0.2,32,14,1.2,1.8,0.1,32,13,0,29.70,,0,0,0,71.1,71.4,69.2,0.15,0.17,0.22
JORD,2017-08-21 00:45:00 EDT,43.06980,-76.47006,402,62.6,64.4,62.6,99.5,62.5,0.000,0.000,0.00,0.000,1.4,1.8,0.2,26,8,1.6,2.1,0.3,25,11,1.4,1.8,0.2,26,8,0,29.70,,0,0,0,71.1,71.4,69.2,0.15,0.17,0.22
JORD,2017-08-21 00:50:00 EDT,43.06980,-76.47006,402,62.4,65.0,62.4,99.5,62.3,0.000,0.000,0.00,0.000,1.5,2.0,0.2,38,12,1.6,2.3,0.2,38,14,1.5,2.0,0.2,38,12,0,29.70,,0,0,0,71.0,71.4,69.2,0.15,0.17,0.22
JORD,2017-08-21 00:55:00 EDT,43.06980,-76.47006,402,62.1,64.4,62.1,99.4,61.9,0.000,0.000,0.00,0.000,1.0,1.8,0.5,37,11,1.2,1.9,0.4,34,20,1.0,1.8,0.5,37,11,0,29.70,,0,0,0,71.0,71.4,69.2,0.15,0.17,0.22
JORD,2017-08-21 01:00:00 EDT,43.06980,-76.47006,402,62.3,64.0,62.3,99.5,62.2,0.000,0.000,0.00,0.000,0.2,0.9,0.3,34,9,0.8,1.4,0.2,31,24,0.2,0.9,0.3,34,9,0,29.70,,0,0,0,70.8,71.4,69.2,0.15,0.17,0.22
JORD,2017-08-21 01:05:00 EDT,43.06980,-76.47006,402,62.3,64.0,62.3,99.6,62.2,0.000,0.000,0.00,0.000,0.2,1.0,0.4,57,8,0.7,1.8,0.3,38,32,0.2,1.0,0.4,57,8,0,29.70,,0,0,0,70.7,71.4,69.2,0.15,0.17,0.22
JORD,2017-08-21 01:10:00 EDT,43.06980,-76.47006,402,62.5,63.4,62.5,99.6,62.3,0.000,0.000,0.00,0.000,0.2,1.2,0.4,328,0,0.6,1.5,0.3,353,29,0.2,1.2,0.4,328,0,0,29.70,,0,0,0,70.7,71.4,69.3,0.15,0.17,0.22
JORD,2017-08-21 01:15:00 EDT,43.06980,-76.47006,402,62.3,63.6,62.3,99.6,62.2,0.000,0.000,0.00,0.000,0.4,1.0,0.4,348,17,0.8,1.6,0.3,16,27,0.4,1.0,0.4,348,17,0,29.70,,0,0,0,70.7,71.4,69.2,0.15,0.17,0.22
JORD,2017-08-21 01:20:00 EDT,43.06980,-76.47006,402,61.9,63.4,61.9,99.6,61.8,0.000,0.000,0.00,0.000,0.5,1.1,0.4,19,0,1.0,1.5,0.2,354,19,0.5,1.1,0.4,19,0,0,29.70,,0,0,0,70.7,71.4,69.2,0.15,0.17,0.22
JORD,2017-08-21 01:25:00 EDT,43.06980,-76.47006,402,62.1,63.3,62.1,99.6,62.0,0.000,0.000,0.00,0.000,1.1,1.8,0.5,11,6,1.5,2.2,0.3,5,17,1.1,1.8,0.5,11,6,0,29.70,,0,0,0,70.7,71.4,69.3,0.15,0.17,0.22
JORD,2017-08-21 01:30:00 EDT,43.06980,-76.47006,402,61.9,63.3,61.9,99.7,61.8,0.000,0.000,0.00,0.000,0.9,1.5,0.4,24,7,1.2,1.8,0.3,23,18,0.9,1.5,0.4,24,7,0,29.70,,0,0,0,70.7,71.4,69.3,0.15,0.17,0.22
JORD,2017-08-21 01:35:00 EDT,43.06980,-76.47006,402,61.5,63.5,61.5,99.6,61.4,0.000,0.000,0.00,0.000,0.8,1.3,0.3,38,8,1.1,1.7,0.2,43,9,0.8,1.3,0.3,38,8,0,29.70,,0,0,0,70.7,71.4,69.3,0.15,0.17,0.22
JORD,2017-08-21 01:40:00 EDT,43.06980,-76.47006,402,61.6,63.0,61.6,99.6,61.5,0.000,0.000,0.00,0.000,0.2,0.9,0.3,359,17,0.8,1.3,0.2,358,26,0.2,0.9,0.3,359,17,0,29.70,,0,0,0,70.6,71.4,69.3,0.15,0.17,0.22
JORD,2017-08-21 01:45:00 EDT,43.06980,-76.47006,402,61.6,62.9,61.6,99.7,61.5,0.000,0.000,0.00,0.000,1.1,2.0,0.5,4,17,1.4,2.6,0.5,5,11,1.1,2.0,0.5,4,17,0,29.70,,0,0,0,70.6,71.4,69.3,0.15,0.17,0.22
JORD,2017-08-21 01:50:00 EDT,43.06980,-76.47006,402,61.2,62.6,61.2,99.7,61.1,0.000,0.000,0.00,0.000,1.0,2.1,0.5,39,24,1.4,2.9,0.4,43,24,1.0,2.1,0.5,39,24,0,29.70,,0,0,0,70.3,71.4,69.3,0.15,0.17,0.22
JORD,2017-08-21 01:55:00 EDT,43.06980,-76.47006,402,61.0,62.7,61.0,99.7,60.9,0.000,0.000,0.00,0.000,1.1,1.8,0.3,13,23,1.5,2.6,0.3,14,25,1.1,1.8,0.3,13,23,0,29.70,,0,0,0,70.3,71.4,69.3,0.15,0.17,0.22
JORD,2017-08-21 02:00:00 EDT,43.06980,-76.47006,402,61.3,62.9,61.3,99.7,61.2,0.000,0.000,0.00,0.000,0.7,2.6,0.6,35,28,1.1,3.0,0.6,20,39,0.7,2.6,0.6,35,28,0,29.70,,0,0,0,70.3,71.4,69.3,0.15,0.17,0.22
JORD,2017-08-21 02:05:00 EDT,43.06980,-76.47006,402,61.3,62.5,61.3,99.8,61.3,0.000,0.000,0.00,0.000,0.3,1.4,0.4,9,8,0.8,2.4,0.4,6,25,0.3,1.4,0.4,9,8,0,29.70,,0,0,0,70.3,71.4,69.3,0.15,0.17,0.22
JORD,2017-08-21 02:10:00 EDT,43.06980,-76.47006,402,60.7,62.5,60.7,99.7,60.6,0.000,0.000,0.00,0.000,0.1,0.6,0.2,51,9,0.7,1.2,0.2,37,27,0.1,0.6,0.2,51,9,0,29.70,,0,0,0,70.3,71.4,69.3,0.15,0.17,0.22
JORD,2017-08-21 02:15:00 EDT,43.06980,-76.47006,402,61.1,62.6,61.1,99.7,61.0,0.000,0.000,0.00,0.000,0.9,1.5,0.4,355,19,1.3,2.4,0.3,354,16,0.9,1.5,0.4,355,19,0,29.70,,0,0,0,70.3,71.4,69.3,0.15,0.17,0.22
JORD,2017-08-21 02:20:00 EDT,43.06980,-76.47006,402,61.0,62.5,61.0,99.8,60.9,0.000,0.000,0.00,0.000,0.2,1.1,0.4,346,8,0.7,1.5,0.3,341,35,0.2,1.1,0.4,346,8,0,29.70,,0,0,0,70.3,71.4,69.3,0.15,0.17,0.22
JORD,2017-08-21 02:25:00 EDT,43.06980,-76.47006,402,61.1,62.2,61.1,99.8,61.1,0.000,0.000,0.00,0.000,0.1,1.1,0.2,355,20,0.8,2.1,0.3,351,36,0.1,1.1,0.2,355,20,0,29.70,,0,0,0,70.3,71.3,69.3,0.15,0.17,0.22
JORD,2017-08-21 02:30:00 EDT,43.06980,-76.47006,402,60.7,62.1,60.7,99.8,60.6,0.000,0.000,0.00,0.000,1.0,1.9,0.4,340,20,1.3,2.8,0.4,340,20,1.0,1.9,0.4,340,20,0,29.70,,0,0,0,70.1,71.3,69.3,0.15,0.17,0.22
JORD,2017-08-21 02:35:00 EDT,43.06980,-76.47006,402,60.5,62.1,60.5,99.8,60.5,0.000,0.000,0.00,0.000,0.9,1.7,0.3,353,26,1.2,2.1,0.3,352,23,0.9,1.7,0.3,353,26,0,29.70,,0,0,0,70.0,71.4,69.3,0.15,0.17,0.22
JORD,2017-08-21 02:40:00 EDT,43.06980,-76.47006,402,60.6,62.0,60.6,99.8,60.5,0.000,0.000,0.00,0.000,1.2,2.0,0.4,336,14,1.5,2.2,0.4,338,15,1.2,2.0,0.4,336,14,0,29.70,,0,0,0,70.0,71.1,69.3,0.15,0.17,0.22
JORD,2017-08-21 02:45:00 EDT,43.06980,-76.47006,402,60.3,61.8,60.3,99.8,60.2,0.000,0.000,0.00,0.000,1.5,2.3,0.4,356,21,1.7,2.5,0.4,357,22,1.5,2.3,0.4,356,21,0,29.70,,0,0,0,70.0,71.1,69.3,0.15,0.17,0.22
JORD,2017-08-21 02:50:00 EDT,43.06980,-76.47006,402,60.2,61.7,60.2,99.8,60.1,0.000,0.000,0.00,0.000,1.1,2.3,0.6,354,30,1.5,2.8,0.6,351,31,1.1,2.3,0.6,354,30,0,29.70,,0,0,0,70.0,71.1,69.3,0.15,0.17,0.22
JORD,2017-08-21 02:55:00 EDT,43.06980,-76.47006,402,60.7,61.7,60.7,99.8,60.7,0.000,0.000,0.00,0.000,0.8,1.9,0.6,316,13,1.0,1.8,0.4,314,19,0.8,1.9,0.6,316,13,0,29.70,,0,0,0,70.0,71.1,69.3,0.15,0.17,0.22
JORD,2017-08-21 03:00:00 EDT,43.06980,-76.47006,402,60.4,61.7,60.4,99.8,60.3,0.000,0.000,0.00,0.000,0.5,1.7,0.6,307,0,0.8,1.6,0.4,311,16,0.5,1.7,0.6,307,0,0,29.70,,0,0,0,70.0,71.1,69.3,0.15,0.17,0.22
JORD,2017-08-21 03:05:00 EDT,43.06980,-76.47006,402,60.4,61.7,60.4,99.9,60.3,0.000,0.000,0.00,0.000,0.3,1.6,0.5,307,0,0.8,1.8,0.3,319,34,0.3,1.6,0.5,307,0,0,29.70,,0,0,0,70.0,71.1,69.3,0.15,0.17,0.22
JORD,2017-08-21 03:10:00 EDT,43.06980,-76.47006,402,60.3,61.6,60.3,99.9,60.3,0.000,0.000,0.00,0.000,0.2,1.4,0.4,308,0,0.8,2.0,0.5,351,50,0.2,1.4,0.4,308,0,0,29.70,,0,0,0,70.0,71.1,69.3,0.15,0.17,0.22
JORD,2017-08-21 03:15:00 EDT,43.06980,-76.47006,402,60.4,61.6,60.4,99.9,60.3,0.000,0.000,0.00,0.000,0.0,0.0,0.0,0,0,0.9,1.4,0.3,12,15,0.0,0.0,0.0,0,0,0,29.70,,0,0,0,69.8,71.1,69.3,0.15,0.17,0.22
JORD,2017-08-21 03:20:00 EDT,43.06980,-76.47006,402,59.9,61.5,59.9,99.8,59.9,0.000,0.000,0.00,0.000,0.4,1.7,0.6,347,17,1.3,2.2,0.5,8,16,0.4,1.7,0.6,347,17,0,29.70,,0,0,0,69.6,71.1,69.3,0.15,0.17,0.22
JORD,2017-08-21 03:25:00 EDT,43.06980,-76.47006,402,59.8,61.3,59.8,99.8,59.8,0.000,0.000,0.00,0.000,0.6,1.5,0.5,324,31,1.0,1.6,0.3,325,30,0.6,1.5,0.5,324,31,0,29.70,,0,0,0,69.6,71.1,69.3,0.15,0.17,0.22
JORD,2017-08-21 03:30:00 EDT,43.06980,-76.47006,402,60.1,61.3,60.1,99.9,60.1,0.000,0.000,0.00,0.000,1.0,1.9,0.7,329,9,1.3,2.2,0.6,331,11,1.0,1.9,0.7,329,9,0,29.70,,0,0,0,69.6,71.1,69.3,0.15,0.17,0.22
JORD,2017-08-21 03:35:00 EDT,43.06980,-76.47006,402,60.3,61.2,60.3,99.9,60.3,0.000,0.000,0.00,0.000,0.4,1.8,0.5,328,17,0.9,2.3,0.4,311,47,0.4,1.8,0.5,328,17,0,29.70,,0,0,0,69.6,71.1,69.3,0.15,0.17,0.22
JORD,2017-08-21 03:40:00 EDT,43.06980,-76.47006,402,60.2,61.3,60.2,99.9,60.1,0.000,0.000,0.00,0.000,0.1,1.2,0.3,247,1,0.8,1.4,0.3,267,27,0.1,1.2,0.3,247,1,0,29.70,,0,0,0,69.6,71.1,69.3,0.15,0.17,0.22
JORD,2017-08-21 03:45:00 EDT,43.06980,-76.47006,402,60.1,61.3,60.1,99.9,60.1,0.000,0.000,0.00,0.000,0.3,1.7,0.5,247,0,0.7,1.8,0.4,237,64,0.3,1.7,0.5,247,0,0,29.70,,0,0,0,69.6,71.1,69.3,0.15,0.17,0.22
JORD,2017-08-21 03:50:00 EDT,43.06980,-76.47006,402,59.7,61.3,59.7,99.9,59.6,0.000,0.000,0.00,0.000,0.0,0.0,0.0,0,0,0.4,1.0,0.2,280,52,0.0,0.0,0.0,0,0,0,29.70,,0,0,0,69.6,71.1,69.3,0.15,0.17,0.22
JORD,2017-08-21 03:55:00 EDT,43.06980,-76.47006,402,59.7,61.1,59.7,99.9,59.7,0.000,0.000,0.00,0.000,0.8,1.4,0.4,338,9,1.2,1.9,0.3,344,14,0.8,1.4,0.4,338,9,0,29.70,,0,0,0,69.6,71.1,69.3,0.15,0.17,0.22
JORD,2017-08-21 04:00:00 EDT,43.06980,-76.47006,402,59.7,61.1,59.7,99.9,59.7,0.000,0.000,0.00,0.000,0.4,1.1,0.4,337,7,1.0,1.5,0.3,329,35,0.4,1.1,0.4,337,7,0,29.70,,0,0,0,69.6,71.1,69.3,0.15,0.17,0.22
JORD,2017-08-21 04:05:00 EDT,43.06980,-76.47006,402,59.2,60.8,59.2,99.9,59.2,0.000,0.000,0.00,0.000,0.4,1.0,0.4,315,0,0.7,1.4,0.3,317,20,0.4,1.0,0.4,315,0,0,29.70,,0,0,0,69.5,71.1,69.3,0.15,0.17,0.22
JORD,2017-08-21 04:10:00 EDT,43.06980,-76.47006,402,59.5,60.8,59.5,99.9,59.5,0.000,0.000,0.00,0.000,0.2,1.2,0.3,343,3,0.7,1.7,0.4,339,37,0.2,1.2,0.3,343,3,0,29.70,,0,0,0,69.4,71.1,69.3,0.15,0.17,0.22
JORD,2017-08-21 04:15:00 EDT,43.06980,-76.47006,402,59.5,60.6,59.5,99.9,59.5,0.000,0.000,0.00,0.000,0.0,0.0,0.0,0,0,0.4,0.8,0.2,148,73,0.0,0.0,0.0,0,0,0,29.70,,0,0,0,69.3,71.1,69.3,0.15,0.17,0.22
JORD,2017-08-21 04:20:00 EDT,43.06980,-76.47006,402,59.6,60.7,59.6,99.9,59.6,0.000,0.000,0.00,0.000,0.0,0.0,0.0,0,0,0.4,1.1,0.2,74,61,0.0,0.0,0.0,0,0,0,29.70,,0,0,0,69.3,71.1,69.3,0.15,0.17,0.22
JORD,2017-08-21 04:25:00 EDT,43.06980,-76.47006,402,59.2,60.8,59.2,99.9,59.2,0.000,0.000,0.00,0.000,0.1,0.7,0.2,345,0,0.6,1.0,0.3,347,28,0.1,0.7,0.2,345,0,0,29.70,,0,0,0,69.3,71.1,69.3,0.15,0.17,0.22
JORD,2017-08-21 04:30:00 EDT,43.06980,-76.47006,402,59.5,60.6,59.5,99.9,59.4,0.000,0.000,0.00,0.000,0.2,0.9,0.3,345,0,0.7,1.2,0.3,323,21,0.2,0.9,0.3,345,0,0,29.70,,0,0,0,69.3,71.0,69.3,0.15,0.17,0.22
JORD,2017-08-21 04:35:00 EDT,43.06980,-76.47006,402,59.0,60.5,59.0,99.9,58.9,0.000,0.000,0.00,0.000,0.4,1.2,0.4,345,0,0.9,1.7,0.4,354,24,0.4,1.2,0.4,345,0,0,29.70,,0,0,0,69.3,71.0,69.3,0.15,0.17,0.22
JORD,2017-08-21 04:40:00 EDT,43.06980,-76.47006,402,59.3,60.5,59.3,99.9,59.2,0.000,0.000,0.00,0.000,0.1,0.7,0.2,345,0,0.5,0.9,0.2,342,35,0.1,0.7,0.2,345,0,0,29.70,,0,0,0,69.3,70.8,69.3,0.15,0.17,0.22
JORD,2017-08-21 04:45:00 EDT,43.06980,-76.47006,402,59.1,60.3,59.1,99.9,59.1,0.000,0.000,0.00,0.000,0.2,1.0,0.3,345,0,0.8,1.6,0.3,328,20,0.2,1.0,0.3,345,0,0,29.71,,0,0,0,69.3,70.8,69.3,0.15,0.17,0.22
JORD,2017-08-21 04:50:00 EDT,43.06980,-76.47006,402,59.0,60.3,59.0,99.9,59.0,0.000,0.000,0.00,0.000,0.7,1.4,0.4,345,0,1.1,1.9,0.3,348,18,0.7,1.4,0.4,345,0,0,29.71,,0,0,0,69.3,70.7,69.3,0.15,0.17,0.22
JORD,2017-08-21 04:55:00 EDT,43.06980,-76.47006,402,59.1,60.3,59.1,99.9,59.1,0.000,0.000,0.00,0.000,0.5,1.2,0.5,9,10,0.9,1.7,0.3,26,18,0.5,1.2,0.5,9,10,0,29.71,,0,0,0,69.3,70.7,69.3,0.15,0.17,0.22
JORD,2017-08-21 05:00:00 EDT,43.06980,-76.47006,402,58.9,60.3,58.9,99.9,58.9,0.000,0.000,0.00,0.000,0.9,1.7,0.6,63,14,1.2,2.0,0.3,67,15,0.9,1.7,0.6,63,14,0,29.70,,0,0,0,69.3,70.7,69.3,0.15,0.17,0.22
JORD,2017-08-21 05:05:00 EDT,43.06980,-76.47006,402,58.9,60.3,58.9,99.9,58.8,0.000,0.000,0.00,0.000,1.2,1.9,0.3,78,21,1.5,2.0,0.3,80,21,1.2,1.9,0.3,78,21,0,29.70,,0,0,0,69.2,70.7,69.3,0.15,0.17,0.22
JORD,2017-08-21 05:10:00 EDT,43.06980,-76.47006,402,59.0,60.6,59.0,99.9,59.0,0.000,0.000,0.00,0.000,0.8,1.4,0.3,75,10,1.2,1.9,0.3,69,14,0.8,1.4,0.3,75,10,0,29.70,,0,0,0,69.1,70.7,69.3,0.15,0.17,0.22
JORD,2017-08-21 05:15:00 EDT,43.06980,-76.47006,402,59.0,60.6,59.0,100.0,59.0,0.000,0.000,0.00,0.000,0.6,1.5,0.6,14,14,1.2,1.9,0.3,15,15,0.6,1.5,0.6,14,14,0,29.70,,0,0,0,68.9,70.7,69.3,0.15,0.17,0.22
JORD,2017-08-21 05:20:00 EDT,43.06980,-76.47006,402,58.9,60.3,58.9,100.0,58.9,0.000,0.000,0.00,0.000,0.5,1.2,0.4,323,14,0.8,1.5,0.3,307,24,0.5,1.2,0.4,323,14,0,29.70,,0,0,0,68.9,70.7,69.3,0.15,0.17,0.22
JORD,2017-08-21 05:25:00 EDT,43.06980,-76.47006,402,59.0,60.2,59.0,99.9,59.0,0.000,0.000,0.00,0.000,0.6,1.3,0.4,304,13,0.9,1.7,0.3,304,23,0.6,1.3,0.4,304,13,0,29.70,,0,0,0,68.9,70.7,69.3,0.15,0.17,0.22
JORD,2017-08-21 05:30:00 EDT,43.06980,-76.47006,402,59.2,60.2,59.2,99.9,59.2,0.000,0.000,0.00,0.000,0.5,1.0,0.4,348,9,1.0,1.4,0.2,347,18,0.5,1.0,0.4,348,9,0,29.70,,0,0,0,68.9,70.7,69.3,0.15,0.17,0.22
JORD,2017-08-21 05:35:00 EDT,43.06980,-76.47006,402,58.7,60.1,58.7,100.0,58.7,0.000,0.000,0.00,0.000,0.0,0.0,0.0,0,0,0.7,1.0,0.2,279,27,0.0,0.0,0.0,0,0,0,29.70,,0,0,0,68.9,70.7,69.3,0.15,0.17,0.22
JORD,2017-08-21 05:40:00 EDT,43.06980,-76.47006,402,58.7,60.0,58.7,100.0,58.7,0.000,0.000,0.00,0.000,0.0,0.0,0.0,0,0,0.6,1.1,0.2,253,35,0.0,0.0,0.0,0,0,0,29.70,,0,0,0,68.9,70.7,69.3,0.15,0.17,0.22
JORD,2017-08-21 05:45:00 EDT,43.06980,-76.47006,402,58.8,59.9,58.8,99.9,58.8,0.000,0.000,0.00,0.000,0.0,0.0,0.0,0,0,0.4,1.0,0.2,208,36,0.0,0.0,0.0,0,0,0,29.70,,0,0,0,68.9,70.7,69.3,0.15,0.17,0.22
JORD,2017-08-21 05:50:00 EDT,43.06980,-76.47006,402,58.7,59.9,58.7,100.0,58.7,0.000,0.000,0.00,0.000,0.0,0.0,0.0,0,0,0.3,0.5,0.1,145,37,0.0,0.0,0.0,0,0,0,29.70,,0,0,0,68.9,70.7,69.3,0.15,0.17,0.22
JORD,2017-08-21 05:55:00 EDT,43.06980,-76.47006,402,58.5,59.9,58.5,100.0,58.5,0.000,0.000,0.00,0.000,0.8,2.1,0.8,352,7,1.4,2.9,0.8,357,17,0.8,2.1,0.8,352,7,0,29.70,,0,0,0,68.9,70.7,69.3,0.15,0.17,0.22
JORD,2017-08-21 06:00:00 EDT,43.06980,-76.47006,402,58.8,59.9,58.8,99.9,58.7,0.000,0.000,0.00,0.000,1.1,1.7,0.5,351,8,1.5,2.1,0.4,347,14,1.1,1.7,0.5,351,8,0,29.70,,0,0,0,68.9,70.7,69.3,0.15,0.17,0.22
JORD,2017-08-21 06:05:00 EDT,43.06980,-76.47006,402,58.7,59.6,58.7,100.0,58.7,0.000,0.000,0.00,0.000,0.7,1.6,0.6,3,0,1.2,2.1,0.4,348,25,0.7,1.6,0.6,3,0,1,29.70,,0,0,0,68.9,70.7,69.3,0.15,0.17,0.22
JORD,2017-08-21 06:10:00 EDT,43.06980,-76.47006,402,58.7,59.5,58.7,100.0,58.7,0.000,0.000,0.00,0.000,0.2,0.7,0.2,5,0,0.8,1.3,0.3,338,20,0.2,0.7,0.2,5,0,2,29.70,,0,0,0,68.8,70.7,69.3,0.15,0.17,0.22
JORD,2017-08-21 06:15:00 EDT,43.06980,-76.47006,402,58.6,59.5,58.6,99.9,58.6,0.000,0.000,0.00,0.000,0.1,0.9,0.3,6,1,0.6,1.3,0.3,346,32,0.1,0.9,0.3,6,1,3,29.70,,0,0,0,68.6,70.7,69.3,0.15,0.17,0.22
JORD,2017-08-21 06:20:00 EDT,43.06980,-76.47006,402,58.4,59.4,58.4,99.9,58.4,0.000,0.000,0.00,0.000,0.1,0.7,0.2,7,0,0.8,1.3,0.2,311,39,0.1,0.7,0.2,7,0,3,29.70,,0,0,0,68.5,70.7,69.3,0.15,0.17,0.22
JORD,2017-08-21 06:25:00 EDT,43.06980,-76.47006,402,58.5,59.4,58.5,99.9,58.5,0.000,0.000,0.00,0.000,1.0,1.8,0.7,250,6,1.4,1.9,0.4,246,7,1.0,1.8,0.7,250,6,5,29.70,,0,0,0,68.5,70.7,69.3,0.15,0.17,0.22
JORD,2017-08-21 06:30:00 EDT,43.06980,-76.47006,402,58.3,59.4,58.3,100.0,58.3,0.000,0.000,0.00,0.000,0.8,1.8,0.5,262,8,1.1,2.1,0.4,261,15,0.8,1.8,0.5,262,8,9,29.70,,0,0,0,68.5,70.7,69.3,0.15,0.17,0.22
JORD,2017-08-21 06:35:00 EDT,43.06980,-76.47006,402,58.6,59.5,58.6,99.9,58.6,0.000,0.000,0.00,0.000,0.1,1.0,0.3,265,0,0.7,1.5,0.3,295,31,0.1,1.0,0.3,265,0,15,29.70,,0,0,0,68.5,70.7,69.3,0.15,0.17,0.22
JORD,2017-08-21 06:40:00 EDT,43.06980,-76.47006,402,58.7,59.5,58.7,100.0,58.7,0.000,0.000,0.00,0.000,0.0,0.0,0.0,0,0,0.4,0.7,0.2,217,26,0.0,0.0,0.0,0,0,22,29.70,,0,0,0,68.5,70.7,69.3,0.15,0.17,0.22
JORD,2017-08-21 06:45:00 EDT,43.06980,-76.47006,402,58.8,59.6,58.8,100.0,58.8,0.000,0.000,0.00,0.000,0.0,0.0,0.0,0,0,0.4,1.4,0.2,34,63,0.0,0.0,0.0,0,0,31,29.70,,0,0,0,68.5,70.6,69.3,0.15,0.17,0.22
JORD,2017-08-21 06:50:00 EDT,43.06980,-76.47006,402,58.7,59.8,58.7,100.0,58.7,0.000,0.000,0.00,0.000,0.2,0.9,0.3,265,0,0.7,1.4,0.3,59,32,0.2,0.9,0.3,265,0,47,29.70,,0,0,0,68.5,70.4,69.3,0.15,0.17,0.22
JORD,2017-08-21 06:55:00 EDT,43.06980,-76.47006,402,59.1,60.1,59.1,100.0,59.0,0.000,0.000,0.00,0.000,0.0,0.5,0.1,265,0,0.5,1.1,0.3,103,33,0.0,0.5,0.1,265,0,47,29.70,,0,0,0,68.5,70.5,69.3,0.15,0.17,0.22
JORD,2017-08-21 07:00:00 EDT,43.06980,-76.47006,402,59.2,60.2,59.2,100.0,59.2,0.000,0.000,0.00,0.000,0.0,0.4,0.1,265,0,0.4,1.1,0.2,115,54,0.0,0.4,0.1,265,0,46,29.70,,0,0,0,68.5,70.5,69.3,0.15,0.17,0.22
JORD,2017-08-21 07:05:00 EDT,43.06980,-76.47006,402,59.4,60.3,59.4,100.0,59.4,0.000,0.000,0.00,0.000,0.0,0.0,0.0,0,0,0.5,0.9,0.2,3,62,0.0,0.0,0.0,0,0,40,29.71,,0,0,0,68.5,70.3,69.3,0.15,0.17,0.22
JORD,2017-08-21 07:10:00 EDT,43.06980,-76.47006,402,59.7,60.5,59.7,100.0,59.7,0.000,0.000,0.00,0.000,0.2,1.4,0.4,339,26,0.9,1.9,0.4,11,38,0.2,1.4,0.4,339,26,50,29.71,,0,0,0,68.5,70.3,69.3,0.15,0.17,0.22
JORD,2017-08-21 07:15:00 EDT,43.06980,-76.47006,402,59.9,60.7,59.9,100.0,59.9,0.000,0.000,0.00,0.000,0.9,2.3,0.7,5,11,1.4,2.8,0.7,4,15,0.9,2.3,0.7,5,11,64,29.71,,0,0,0,68.5,70.3,69.3,0.15,0.17,0.22
JORD,2017-08-21 07:20:00 EDT,43.06980,-76.47006,402,60.4,60.8,60.4,100.0,60.4,0.000,0.000,0.00,0.000,1.0,1.7,0.4,28,13,1.3,2.0,0.3,30,14,1.0,1.7,0.4,28,13,77,29.71,,0,0,0,68.5,70.3,69.3,0.15,0.17,0.22
JORD,2017-08-21 07:25:00 EDT,43.06980,-76.47006,402,60.8,61.1,60.8,100.0,60.7,0.000,0.000,0.00,0.000,1.6,2.3,0.3,19,18,1.9,2.8,0.4,19,20,1.6,2.3,0.3,19,18,105,29.71,,0,0,0,68.5,70.3,69.3,0.15,0.17,0.22
JORD,2017-08-21 07:30:00 EDT,43.06980,-76.47006,402,61.6,61.8,61.6,100.0,61.5,0.000,0.000,0.00,0.000,2.3,3.3,0.6,353,35,2.5,3.8,0.7,355,34,2.3,3.3,0.6,353,35,155,29.71,,0,0,0,68.5,70.3,69.3,0.15,0.17,0.22
JORD,2017-08-21 07:35:00 EDT,43.06980,-76.47006,402,62.0,62.3,62.0,100.0,62.0,0.000,0.000,0.00,0.000,1.7,3.7,0.7,336,20,2.0,5.0,0.9,337,21,1.7,3.7,0.7,336,20,107,29.71,,0,0,0,68.5,70.3,69.3,0.15,0.17,0.22
JORD,2017-08-21 07:40:00 EDT,43.06980,-76.47006,402,62.1,63.1,62.1,99.9,62.1,0.000,0.000,0.00,0.000,1.7,3.0,1.0,6,7,2.0,3.5,1.0,8,14,1.7,3.0,1.0,6,7,106,29.71,,0,0,0,68.5,70.3,69.3,0.15,0.17,0.22
JORD,2017-08-21 07:45:00 EDT,43.06980,-76.47006,402,62.7,62.9,62.7,99.9,62.7,0.000,0.000,0.00,0.000,0.8,2.7,0.8,42,15,1.2,2.8,0.7,43,34,0.8,2.7,0.8,42,15,121,29.71,,0,0,0,68.5,70.3,69.3,0.15,0.17,0.22
JORD,2017-08-21 07:50:00 EDT,43.06980,-76.47006,402,63.3,63.5,63.3,99.9,63.3,0.000,0.000,0.00,0.000,0.4,2.2,0.7,23,4,0.9,2.6,0.6,28,40,0.4,2.2,0.7,23,4,212,29.70,,0,0,0,68.5,70.3,69.3,0.15,0.17,0.22
JORD,2017-08-21 07:55:00 EDT,43.06980,-76.47006,402,64.3,64.7,64.3,99.8,64.2,0.000,0.000,0.00,0.000,1.4,2.6,0.6,32,24,1.7,2.7,0.5,30,26,1.4,2.6,0.6,32,24,250,29.70,,0,0,0,68.5,70.3,69.3,0.15,0.17,0.22
JORD,2017-08-21 08:00:00 EDT,43.06980,-76.47006,402,65.3,67.9,65.3,99.4,65.1,0.000,0.000,0.00,0.000,1.5,2.6,0.7,50,13,1.7,3.3,0.6,49,14,1.5,2.6,0.7,50,13,251,29.70,,0,0,0,68.5,70.3,69.3,0.15,0.17,0.22
JORD,2017-08-21 08:05:00 EDT,43.06980,-76.47006,402,66.3,69.2,66.3,95.0,64.8,0.000,0.000,0.00,0.000,1.5,2.6,0.6,21,34,1.7,2.9,0.6,21,39,1.5,2.6,0.6,21,34,194,29.70,,0,0,0,68.5,70.3,69.3,0.15,0.17,0.22
JORD,2017-08-21 08:10:00 EDT,43.06980,-76.47006,402,66.5,69.2,66.5,91.4,63.9,0.000,0.000,0.00,0.000,1.7,2.7,0.4,38,23,2.0,3.0,0.4,38,23,1.7,2.7,0.4,38,23,102,29.70,,0,0,0,68.5,70.3,69.3,0.15,0.17,0.22
JORD,2017-08-21 08:15:00 EDT,43.06980,-76.47006,402,66.3,69.3,66.3,89.5,63.1,0.000,0.000,0.00,0.000,1.4,2.5,0.5,50,15,1.6,2.8,0.5,53,23,1.4,2.5,0.5,50,15,104,29.70,,0,0,0,68.5,70.3,69.3,0.15,0.17,0.22
JORD,2017-08-21 08:20:00 EDT,43.06980,-76.47006,402,66.4,67.6,66.4,92.0,64.0,0.000,0.000,0.00,0.000,0.5,1.5,0.5,235,22,1.0,1.9,0.4,260,53,0.5,1.5,0.5,235,22,226,29.70,,0,0,0,68.5,70.3,69.3,0.15,0.17,0.22
JORD,2017-08-21 08:25:00 EDT,43.06980,-76.47006,402,67.5,68.2,67.5,92.5,65.3,0.000,0.000,0.00,0.000,0.4,1.3,0.5,329,5,0.9,2.1,0.5,331,19,0.4,1.3,0.5,329,5,288,29.70,,0,0,0,68.5,70.3,69.3,0.15,0.17,0.22
JORD,2017-08-21 08:30:00 EDT,43.06980,-76.47006,402,68.2,69.0,68.2,91.3,65.6,0.000,0.000,0.00,0.000,1.2,1.8,0.3,334,22,1.4,2.3,0.4,333,20,1.2,1.8,0.3,334,22,185,29.70,,0,0,0,68.5,70.3,69.3,0.15,0.17,0.22
JORD,2017-08-21 08:35:00 EDT,43.06980,-76.47006,402,68.8,69.3,68.8,90.2,65.8,0.000,0.000,0.00,0.000,0.8,1.2,0.3,328,19,1.0,1.7,0.3,329,21,0.8,1.2,0.3,328,19,253,29.70,,0,0,0,68.5,70.3,69.3,0.15,0.17,0.22
JORD,2017-08-21 08:40:00 EDT,43.06980,-76.47006,402,69.5,69.7,69.5,88.0,65.8,0.000,0.000,0.00,0.000,0.7,1.8,0.6,280,14,1.2,2.2,0.5,276,21,0.7,1.8,0.6,280,14,312,29.70,,0,0,0,68.5,70.2,69.3,0.15,0.17,0.22
JORD,2017-08-21 08:45:00 EDT,43.06980,-76.47006,402,70.9,70.7,70.9,82.2,65.2,0.000,0.000,0.00,0.000,0.0,0.3,0.0,51,0,0.5,1.1,0.3,35,36,0.0,0.3,0.0,51,0,329,29.69,,0,0,0,68.5,70.0,69.3,0.15,0.17,0.22
JORD,2017-08-21 08:50:00 EDT,43.06980,-76.47006,402,71.9,71.8,71.9,76.9,64.2,0.000,0.000,0.00,0.000,0.5,1.8,0.5,12,20,1.0,2.2,0.5,4,39,0.5,1.8,0.5,12,20,377,29.69,,0,0,0,68.6,70.0,69.3,0.15,0.17,0.22
JORD,2017-08-21 08:55:00 EDT,43.06980,-76.47006,402,72.4,72.2,72.4,73.7,63.5,0.000,0.000,0.00,0.000,1.6,2.9,0.5,27,21,1.9,3.1,0.5,27,20,1.6,2.9,0.5,27,21,295,29.69,,0,0,0,68.7,70.0,69.3,0.15,0.17,0.22
JORD,2017-08-21 09:00:00 EDT,43.06980,-76.47006,402,73.1,72.5,73.1,72.6,63.7,0.000,0.000,0.00,0.000,1.6,2.6,0.4,69,26,1.9,2.9,0.4,72,24,1.6,2.6,0.4,69,26,425,29.70,,0,0,0,68.8,70.0,69.3,0.15,0.17,0.22
JORD,2017-08-21 09:05:00 EDT,43.06980,-76.47006,402,73.5,73.1,73.5,70.7,63.4,0.000,0.000,0.00,0.000,0.6,1.8,0.6,43,27,1.1,2.5,0.5,35,36,0.6,1.8,0.6,43,27,467,29.70,,0,0,0,68.9,70.0,69.3,0.15,0.17,0.22
JORD,2017-08-21 09:10:00 EDT,43.06980,-76.47006,402,73.8,73.6,73.8,70.8,63.7,0.000,0.000,0.00,0.000,1.1,2.6,0.6,354,19,1.8,3.8,0.6,355,23,1.1,2.6,0.6,354,19,471,29.70,,0,0,0,68.9,70.0,69.3,0.15,0.17,0.22
JORD,2017-08-21 09:15:00 EDT,43.06980,-76.47006,402,74.1,73.8,74.1,68.8,63.2,0.000,0.000,0.00,0.000,1.1,2.4,0.7,255,28,1.4,3.1,0.8,263,33,1.1,2.4,0.7,255,28,327,29.70,,0,0,0,68.9,70.0,69.3,0.15,0.17,0.22
JORD,2017-08-21 09:20:00 EDT,43.06980,-76.47006,402,74.3,74.1,74.3,67.8,63.0,0.000,0.000,0.00,0.000,0.2,2.0,0.5,206,2,0.7,2.3,0.5,226,40,0.2,2.0,0.5,206,2,283,29.70,,0,0,0,68.9,70.0,69.3,0.15,0.17,0.22
JORD,2017-08-21 09:25:00 EDT,43.06980,-76.47006,402,74.9,74.5,74.9,68.6,63.9,0.000,0.000,0.00,0.000,0.7,2.2,0.6,308,52,1.1,2.6,0.6,317,69,0.7,2.2,0.6,308,52,411,29.70,,0,0,0,68.9,70.0,69.2,0.15,0.17,0.22
JORD,2017-08-21 09:30:00 EDT,43.06980,-76.47006,402,75.8,75.4,75.8,65.0,63.2,0.000,0.000,0.00,0.000,1.2,3.4,0.9,214,31,1.7,3.5,0.7,215,40,1.2,3.4,0.9,214,31,412,29.70,,0,0,0,69.1,70.0,69.3,0.15,0.17,0.22
JORD,2017-08-21 09:35:00 EDT,43.06980,-76.47006,402,75.9,75.6,75.9,64.2,63.0,0.000,0.000,0.00,0.000,4.8,8.5,1.6,220,20,5.0,8.9,1.6,222,20,4.8,8.5,1.6,220,20,468,29.70,,0,0,0,69.2,70.0,69.2,0.15,0.17,0.22
JORD,2017-08-21 09:40:00 EDT,43.06980,-76.47006,402,76.2,75.8,76.2,64.4,63.4,0.000,0.000,0.00,0.000,5.9,12.4,1.7,205,20,6.3,13.3,1.9,206,18,5.9,12.4,1.7,205,20,364,29.70,,0,0,0,69.3,70.0,69.2,0.15,0.17,0.22
JORD,2017-08-21 09:45:00 EDT,43.06980,-76.47006,402,76.1,75.8,76.1,63.3,62.8,0.000,0.000,0.00,0.000,5.8,13.7,3.6,215,19,6.1,14.4,3.5,216,20,5.8,13.7,3.6,215,19,350,29.70,,0,0,0,69.3,70.0,69.2,0.15,0.17,0.22
JORD,2017-08-21 09:50:00 EDT,43.06980,-76.47006,402,76.6,76.2,76.6,62.0,62.6,0.000,0.000,0.00,0.000,5.5,11.3,2.8,180,21,6.1,12.2,3.0,181,19,5.5,11.3,2.8,180,21,314,29.70,,0,0,0,69.3,70.0,69.2,0.15,0.17,0.22
JORD,2017-08-21 09:55:00 EDT,43.06980,-76.47006,402,76.0,75.7,76.0,61.7,61.9,0.000,0.000,0.00,0.000,5.7,8.8,1.5,183,14,5.9,9.7,1.7,183,12,5.7,8.8,1.5,183,14,268,29.70,,0,0,0,69.3,70.0,69.1,0.15,0.17,0.22
JORD,2017-08-21 10:00:00 EDT,43.06980,-76.47006,402,76.0,75.8,76.0,62.2,62.1,0.000,0.000,0.00,0.000,5.1,8.7,2.2,180,17,5.4,9.6,2.3,181,15,5.1,8.7,2.2,180,17,257,29.70,,0,0,0,69.3,70.0,69.2,0.15,0.17,0.22
JORD,2017-08-21 10:05:00 EDT,43.06980,-76.47006,402,75.8,75.6,75.8,61.9,61.8,0.000,0.000,0.00,0.000,6.7,11.0,1.9,194,17,7.3,12.4,2.0,195,14,6.7,11.0,1.9,194,17,284,29.70,,0,0,0,69.5,70.0,69.1,0.15,0.17,0.22
JORD,2017-08-21 10:10:00 EDT,43.06980,-76.47006,402,76.0,75.7,76.0,62.4,62.3,0.000,0.000,0.00,0.000,6.5,13.2,2.2,190,23,7.2,12.9,2.2,191,20,6.5,13.2,2.2,190,23,394,29.70,,0,0,0,69.6,70.0,69.2,0.15,0.17,0.22
JORD,2017-08-21 10:15:00 EDT,43.06980,-76.47006,402,76.1,75.9,76.1,61.5,61.9,0.000,0.000,0.00,0.000,6.1,11.1,1.9,194,19,6.5,13.3,2.1,196,17,6.1,11.1,1.9,194,19,345,29.70,,0,0,0,69.6,70.0,69.1,0.15,0.17,0.22
JORD,2017-08-21 10:20:00 EDT,43.06980,-76.47006,402,76.3,76.0,76.3,62.0,62.3,0.000,0.000,0.00,0.000,4.8,7.7,1.3,200,18,5.1,8.4,1.3,202,17,4.8,7.7,1.3,200,18,356,29.69,,0,0,0,69.6,70.0,69.2,0.15,0.17,0.22
JORD,2017-08-21 10:25:00 EDT,43.06980,-76.47006,402,76.2,75.8,76.2,62.1,62.3,0.000,0.000,0.00,0.000,4.0,6.4,1.1,228,16,4.2,7.7,1.2,229,15,4.0,6.4,1.1,228,16,326,29.69,,0,0,0,69.6,70.0,69.2,0.15,0.17,0.22
JORD,2017-08-21 10:30:00 EDT,43.06980,-76.47006,402,76.5,75.9,76.5,62.5,62.7,0.000,0.000,0.00,0.000,4.3,7.3,1.6,245,25,4.5,7.4,1.6,248,24,4.3,7.3,1.6,245,25,505,29.69,,0,0,0,69.6,70.0,69.2,0.15,0.17,0.22
JORD,2017-08-21 10:35:00 EDT,43.06980,-76.47006,402,77.0,76.3,77.0,62.6,63.3,0.000,0.000,0.00,0.000,4.4,8.2,1.9,257,24,4.8,9.3,2.0,259,27,4.4,8.2,1.9,257,24,645,29.69,,0,0,0,69.6,70.0,69.2,0.15,0.17,0.22
JORD,2017-08-21 10:40:00 EDT,43.06980,-76.47006,402,77.2,76.6,77.2,61.8,63.1,0.000,0.000,0.00,0.000,4.8,8.5,2.2,222,34,5.2,10.0,2.1,224,35,4.8,8.5,2.2,222,34,530,29.69,,0,0,0,69.7,70.0,69.2,0.15,0.17,0.22
JORD,2017-08-21 10:45:00 EDT,43.06980,-76.47006,402,77.0,76.6,77.0,62.1,63.0,0.000,0.000,0.00,0.000,5.0,7.3,1.1,209,20,5.3,7.9,1.3,210,19,5.0,7.3,1.1,209,20,416,29.69,,0,0,0,70.0,70.0,69.1,0.15,0.17,0.22
JORD,2017-08-21 10:50:00 EDT,43.06980,-76.47006,402,77.2,76.7,77.2,62.3,63.3,0.000,0.000,0.00,0.000,5.4,9.1,1.5,217,16,5.6,10.4,1.6,219,15,5.4,9.1,1.5,217,16,398,29.69,,0,0,0,70.0,70.0,69.1,0.15,0.16,0.22
JORD,2017-08-21 10:55:00 EDT,43.06980,-76.47006,402,77.1,76.7,77.1,61.4,62.9,0.000,0.000,0.00,0.000,7.9,11.2,1.2,210,15,8.0,11.3,1.4,210,14,7.9,11.2,1.2,210,15,403,29.69,,0,0,0,70.0,70.0,69.1,0.15,0.17,0.22
JORD,2017-08-21 11:00:00 EDT,43.06980,-76.47006,402,77.1,76.8,77.1,61.5,62.9,0.000,0.000,0.00,0.000,5.9,8.0,1.3,204,16,6.0,8.8,1.4,205,15,5.9,8.0,1.3,204,16,296,29.68,,0,0,0,70.0,70.0,69.0,0.15,0.16,0.22
JORD,2017-08-21 11:05:00 EDT,43.06980,-76.47006,402,76.9,76.7,76.9,61.5,62.6,0.000,0.000,0.00,0.000,7.8,12.1,1.9,198,12,8.1,12.5,2.0,199,10,7.8,12.1,1.9,198,12,346,29.68,,0,0,0,70.0,70.0,69.0,0.15,0.17,0.22
JORD,2017-08-21 11:10:00 EDT,43.06980,-76.47006,402,78.0,77.4,78.0,61.0,63.5,0.000,0.000,0.00,0.000,5.7,9.3,1.4,209,14,5.9,10.0,1.4,209,14,5.7,9.3,1.4,209,14,704,29.68,,0,0,0,70.0,70.0,68.9,0.15,0.17,0.22
JORD,2017-08-21 11:15:00 EDT,43.06980,-76.47006,402,78.8,78.0,78.8,59.6,63.5,0.000,0.000,0.00,0.000,7.5,13.1,3.2,204,17,8.0,14.6,3.3,205,17,7.5,13.1,3.2,204,17,697,29.68,,0,0,0,70.1,70.0,68.9,0.15,0.17,0.22
JORD,2017-08-21 11:20:00 EDT,43.06980,-76.47006,402,78.9,78.1,78.9,58.8,63.3,0.000,0.000,0.00,0.000,7.8,11.2,1.7,192,15,8.2,12.3,1.8,193,15,7.8,11.2,1.7,192,15,697,29.68,,0,0,0,70.3,70.0,68.9,0.15,0.17,0.22
JORD,2017-08-21 11:25:00 EDT,43.06980,-76.47006,402,79.2,78.3,79.2,58.5,63.4,0.000,0.000,0.00,0.000,7.1,11.3,1.5,208,11,7.5,12.5,1.6,208,10,7.1,11.3,1.5,208,11,642,29.68,,0,0,0,70.3,70.0,68.9,0.15,0.17,0.22
JORD,2017-08-21 11:30:00 EDT,43.06980,-76.47006,402,78.9,78.3,78.9,58.6,63.2,0.000,0.000,0.00,0.000,6.9,9.7,1.4,211,11,7.0,10.7,1.4,212,10,6.9,9.7,1.4,211,11,627,29.68,,0,0,0,70.3,70.0,68.9,0.15,0.17,0.22
JORD,2017-08-21 11:35:00 EDT,43.06980,-76.47006,402,79.9,79.0,79.9,58.8,64.2,0.000,0.000,0.00,0.000,5.6,10.2,2.0,209,29,6.2,10.8,1.9,211,30,5.6,10.2,2.0,209,29,707,29.68,,0,0,0,70.3,70.0,68.9,0.15,0.17,0.22
JORD,2017-08-21 11:40:00 EDT,43.06980,-76.47006,402,80.0,79.1,80.0,56.8,63.3,0.000,0.000,0.00,0.000,6.3,8.5,1.3,209,15,6.5,8.4,1.1,210,15,6.3,8.5,1.3,209,15,719,29.68,,0,0,0,70.4,70.0,68.9,0.15,0.16,0.22
JORD,2017-08-21 11:45:00 EDT,43.06980,-76.47006,402,80.6,79.6,82.2,57.8,64.3,0.000,0.000,0.00,0.000,5.8,8.7,1.3,201,25,6.2,10.1,1.4,203,25,5.8,8.7,1.3,201,25,725,29.68,,0,0,0,70.6,70.0,68.9,0.15,0.17,0.22
JORD,2017-08-21 11:50:00 EDT,43.06980,-76.47006,402,80.7,79.7,82.2,56.8,63.9,0.000,0.000,0.00,0.000,7.1,10.5,1.7,206,20,7.5,11.6,1.7,207,19,7.1,10.5,1.7,206,20,729,29.68,,0,0,0,70.7,70.0,68.9,0.15,0.17,0.22
JORD,2017-08-21 11:55:00 EDT,43.06980,-76.47006,402,80.6,79.7,82.1,56.1,63.5,0.000,0.000,0.00,0.000,7.1,14.0,2.4,183,12,7.6,14.7,2.5,184,12,7.1,14.0,2.4,183,12,733,29.68,,0,0,0,70.7,70.0,68.9,0.15,0.17,0.22
JORD,2017-08-21 12:00:00 EDT,43.06980,-76.47006,402,80.7,79.8,82.0,54.4,62.8,0.000,0.000,0.00,0.000,8.7,13.2,1.8,214,18,8.9,13.7,1.9,214,18,8.7,13.2,1.8,214,18,736,29.68,,0,0,0,70.7,70.0,68.9,0.15,0.17,0.22
JORD,2017-08-21 12:05:00 EDT,43.06980,-76.47006,402,80.8,80.1,82.2,55.0,63.2,0.000,0.000,0.00,0.000,5.8,9.2,1.6,240,21,6.1,10.1,1.7,242,21,5.8,9.2,1.6,240,21,739,29.68,,0,0,0,70.7,70.0,68.9,0.15,0.17,0.22
JORD,2017-08-21 12:10:00 EDT,43.06980,-76.47006,402,81.4,80.5,83.0,56.3,64.3,0.000,0.000,0.00,0.000,5.3,8.9,1.6,253,28,5.7,9.8,1.5,255,28,5.3,8.9,1.6,253,28,745,29.68,,0,0,0,70.8,70.0,68.9,0.15,0.17,0.22
JORD,2017-08-21 12:15:00 EDT,43.06980,-76.47006,402,81.2,80.5,82.5,54.2,63.1,0.000,0.000,0.00,0.000,5.4,8.7,1.3,264,22,5.8,9.4,1.4,268,21,5.4,8.7,1.3,264,22,753,29.68,,0,0,0,70.9,70.0,68.9,0.15,0.17,0.22
JORD,2017-08-21 12:20:00 EDT,43.06980,-76.47006,402,81.6,80.7,83.0,54.5,63.6,0.000,0.000,0.00,0.000,7.2,9.8,1.4,239,19,7.4,9.7,1.4,241,19,7.2,9.8,1.4,239,19,758,29.68,,0,0,0,71.1,70.0,68.9,0.15,0.17,0.22
JORD,2017-08-21 12:25:00 EDT,43.06980,-76.47006,402,81.9,81.1,83.4,54.6,64.0,0.000,0.000,0.00,0.000,5.6,10.3,2.0,226,17,5.8,9.9,1.9,227,19,5.6,10.3,2.0,226,17,733,29.68,,0,0,0,71.1,70.0,68.9,0.15,0.17,0.22
JORD,2017-08-21 12:30:00 EDT,43.06980,-76.47006,402,81.7,80.9,83.0,53.5,63.2,0.000,0.000,0.00,0.000,5.8,8.5,1.9,238,15,5.8,9.8,1.8,240,16,5.8,8.5,1.9,238,15,771,29.68,,0,0,0,71.1,70.0,68.9,0.15,0.17,0.22
JORD,2017-08-21 12:35:00 EDT,43.06980,-76.47006,402,82.5,81.7,84.2,55.1,64.7,0.000,0.000,0.00,0.000,3.4,8.7,1.9,244,30,3.7,9.8,2.0,249,30,3.4,8.7,1.9,244,30,761,29.67,,0,0,0,71.1,70.0,68.9,0.15,0.17,0.22
JORD,2017-08-21 12:40:00 EDT,43.06980,-76.47006,402,82.6,81.5,84.2,54.4,64.4,0.000,0.000,0.00,0.000,5.4,8.1,1.3,209,20,5.8,9.0,1.3,211,18,5.4,8.1,1.3,209,20,766,29.67,,0,0,0,71.4,70.0,68.9,0.15,0.17,0.22
JORD,2017-08-21 12:45:00 EDT,43.06980,-76.47006,402,82.7,81.7,84.5,54.7,64.8,0.000,0.000,0.00,0.000,5.4,9.2,1.8,238,19,5.8,9.7,1.8,241,21,5.4,9.2,1.8,238,19,768,29.66,,0,0,0,71.4,70.0,68.9,0.15,0.17,0.22
JORD,2017-08-21 12:50:00 EDT,43.06980,-76.47006,402,82.6,81.6,84.0,53.5,64.0,0.000,0.000,0.00,0.000,3.4,6.5,1.3,218,34,3.8,7.7,1.4,219,33,3.4,6.5,1.3,218,34,771,29.66,,0,0,0,71.4,70.0,68.9,0.15,0.17,0.22
JORD,2017-08-21 12:55:00 EDT,43.06980,-76.47006,402,82.6,81.8,83.8,52.3,63.3,0.000,0.000,0.00,0.000,4.3,7.7,1.2,259,32,4.5,8.5,1.3,262,32,4.3,7.7,1.2,259,32,768,29.66,,0,0,0,71.4,70.0,68.9,0.15,0.17,0.22
JORD,2017-08-21 13:00:00 EDT,43.06980,-76.47006,402,82.8,81.9,84.2,53.3,64.0,0.000,0.000,0.00,0.000,3.5,7.2,1.1,236,21,3.7,7.5,1.3,237,22,3.5,7.2,1.1,236,21,770,29.66,,0,0,0,71.6,70.0,68.9,0.15,0.17,0.22
JORD,2017-08-21 13:05:00 EDT,43.06980,-76.47006,402,83.7,82.6,85.4,53.1,64.8,0.000,0.000,0.00,0.000,5.5,8.2,1.1,241,17,5.8,9.1,1.2,240,17,5.5,8.2,1.1,241,17,774,29.66,,0,0,0,71.8,70.0,68.9,0.15,0.16,0.22
JORD,2017-08-21 13:10:00 EDT,43.06980,-76.47006,402,83.0,82.1,84.0,50.6,62.8,0.000,0.000,0.00,0.000,3.0,6.7,1.2,255,24,3.1,6.5,1.1,259,25,3.0,6.7,1.2,255,24,772,29.66,,0,0,0,71.8,70.0,68.9,0.15,0.16,0.22
JORD,2017-08-21 13:15:00 EDT,43.06980,-76.47006,402,83.4,82.7,84.7,51.3,63.6,0.000,0.000,0.00,0.000,4.9,10.9,3.4,227,16,5.2,10.9,3.2,229,18,4.9,10.9,3.4,227,16,776,29.66,,0,0,0,71.8,70.0,68.9,0.15,0.17,0.22
JORD,2017-08-21 13:20:00 EDT,43.06980,-76.47006,402,83.8,82.8,85.0,51.0,63.7,0.000,0.000,0.00,0.000,5.7,10.5,2.1,191,16,6.1,11.6,2.4,192,14,5.7,10.5,2.1,191,16,770,29.66,,0,0,0,72.3,70.0,68.9,0.15,0.16,0.22
JORD,2017-08-21 13:25:00 EDT,43.06980,-76.47006,402,83.8,82.9,84.9,50.1,63.2,0.000,0.000,0.00,0.000,3.3,6.4,1.6,206,23,3.5,6.3,1.6,206,23,3.3,6.4,1.6,206,23,757,29.66,,0,0,0,72.3,70.0,68.9,0.15,0.16,0.22
JORD,2017-08-21 13:30:00 EDT,43.06980,-76.47006,402,84.1,83.3,85.4,50.6,63.8,0.000,0.000,0.00,0.000,3.2,13.4,2.8,218,31,3.7,14.6,3.0,221,35,3.2,13.4,2.8,218,31,734,29.66,,0,0,0,72.3,70.0,68.9,0.15,0.16,0.22
JORD,2017-08-21 13:35:00 EDT,43.06980,-76.47006,402,83.9,83.1,84.6,48.3,62.2,0.000,0.000,0.00,0.000,7.2,10.1,1.6,196,14,7.6,10.7,1.7,197,12,7.2,10.1,1.6,196,14,701,29.66,,0,0,0,72.3,70.0,68.9,0.15,0.16,0.22
JORD,2017-08-21 13:40:00 EDT,43.06980,-76.47006,402,83.8,83.1,84.4,48.1,62.0,0.000,0.000,0.00,0.000,5.0,8.7,1.1,190,21,5.4,9.2,1.4,192,19,5.0,8.7,1.1,190,21,687,29.65,,0,0,0,72.6,70.0,68.9,0.15,0.16,0.22
JORD,2017-08-21 13:45:00 EDT,43.06980,-76.47006,402,83.7,83.1,84.8,49.8,63.0,0.000,0.000,0.00,0.000,7.0,12.1,2.3,236,17,7.2,13.2,2.1,237,17,7.0,12.1,2.3,236,17,659,29.65,,0,0,0,72.7,70.0,68.9,0.15,0.16,0.22
JORD,2017-08-21 13:50:00 EDT,43.06980,-76.47006,402,83.5,82.8,84.7,51.2,63.6,0.000,0.000,0.00,0.000,7.2,11.3,1.7,235,19,7.3,11.2,1.6,237,18,7.2,11.3,1.7,235,19,603,29.65,,0,0,0,72.7,70.0,68.9,0.15,0.16,0.22
JORD,2017-08-21 13:55:00 EDT,43.06980,-76.47006,402,83.2,82.6,84.6,52.5,64.0,0.000,0.000,0.00,0.000,7.7,10.8,1.4,219,12,7.7,11.2,1.4,220,12,7.7,10.8,1.4,219,12,567,29.65,,0,0,0,72.7,70.0,68.9,0.15,0.16,0.22
JORD,2017-08-21 14:00:00 EDT,43.06980,-76.47006,402,82.8,82.4,84.2,53.1,64.0,0.000,0.000,0.00,0.000,5.9,10.1,1.4,233,17,6.0,9.8,1.4,235,18,5.9,10.1,1.4,233,17,495,29.65,,0,0,0,72.9,70.0,68.9,0.15,0.16,0.22
JORD,2017-08-21 14:05:00 EDT,43.06980,-76.47006,402,82.6,82.1,84.5,55.5,65.1,0.000,0.000,0.00,0.000,4.3,8.3,1.5,243,27,4.6,9.1,1.5,245,28,4.3,8.3,1.5,243,27,400,29.65,,0,0,0,73.0,70.0,68.9,0.15,0.16,0.22
JORD,2017-08-21 14:10:00 EDT,43.06980,-76.47006,402,82.4,81.9,84.3,56.0,65.2,0.000,0.000,0.00,0.000,5.7,8.2,1.5,257,14,6.0,9.0,1.4,259,13,5.7,8.2,1.5,257,14,385,29.65,,0,0,0,73.0,70.0,68.9,0.15,0.16,0.22
JORD,2017-08-21 14:15:00 EDT,43.06980,-76.47006,402,82.1,81.7,84.1,56.9,65.3,0.000,0.000,0.00,0.000,3.6,5.8,1.3,232,20,3.7,6.6,1.3,234,21,3.6,5.8,1.3,232,20,340,29.64,,0,0,0,73.0,70.0,68.9,0.14,0.16,0.22
JORD,2017-08-21 14:20:00 EDT,43.06980,-76.47006,402,82.1,81.7,84.2,57.8,65.8,0.000,0.000,0.00,0.000,3.7,5.8,1.2,234,11,3.7,6.1,1.2,236,10,3.7,5.8,1.2,234,11,296,29.64,,0,0,0,73.0,70.0,68.9,0.15,0.16,0.22
JORD,2017-08-21 14:25:00 EDT,43.06980,-76.47006,402,82.0,81.6,84.2,59.2,66.3,0.000,0.000,0.00,0.000,4.0,5.4,0.5,215,13,4.1,5.6,0.7,215,12,4.0,5.4,0.5,215,13,258,29.64,,0,0,0,73.1,70.0,68.9,0.15,0.16,0.22
JORD,2017-08-21 14:30:00 EDT,43.06980,-76.47006,402,81.7,81.5,84.0,59.8,66.4,0.000,0.000,0.00,0.000,4.0,6.6,1.0,236,13,4.0,7.6,1.2,238,14,4.0,6.6,1.0,236,13,228,29.64,,0,0,0,73.2,70.0,68.9,0.15,0.16,0.22
JORD,2017-08-21 14:35:00 EDT,43.06980,-76.47006,402,81.4,81.3,83.6,59.9,66.2,0.000,0.000,0.00,0.000,4.3,7.1,1.2,242,12,4.3,7.5,1.3,245,12,4.3,7.1,1.2,242,12,208,29.64,,0,0,0,73.4,70.2,68.9,0.15,0.16,0.22
JORD,2017-08-21 14:40:00 EDT,43.06980,-76.47006,402,81.3,81.1,83.5,60.6,66.4,0.000,0.000,0.00,0.000,3.8,5.6,0.8,246,19,4.0,6.0,0.9,247,19,3.8,5.6,0.8,246,19,200,29.63,,0,0,0,73.4,70.3,68.9,0.15,0.16,0.22
JORD,2017-08-21 14:45:00 EDT,43.06980,-76.47006,402,81.1,80.9,83.6,62.6,67.1,0.000,0.000,0.00,0.000,2.8,4.3,0.7,273,14,3.0,4.6,0.8,275,14,2.8,4.3,0.7,273,14,206,29.64,,0,0,0,73.4,70.3,68.9,0.15,0.16,0.22
JORD,2017-08-21 14:50:00 EDT,43.06980,-76.47006,402,81.1,80.8,83.7,63.4,67.5,0.000,0.000,0.00,0.000,2.4,4.0,0.7,265,21,2.6,4.4,0.7,267,23,2.4,4.0,0.7,265,21,224,29.64,,0,0,0,73.4,70.3,68.9,0.15,0.16,0.22
JORD,2017-08-21 14:55:00 EDT,43.06980,-76.47006,402,81.2,80.9,84.0,64.2,68.0,0.000,0.000,0.00,0.000,1.4,2.6,0.6,255,21,1.6,3.2,0.6,259,23,1.4,2.6,0.6,255,21,251,29.63,,0,0,0,73.4,70.3,68.9,0.15,0.16,0.21
JORD,2017-08-21 15:00:00 EDT,43.06980,-76.47006,402,81.5,81.1,84.7,65.3,68.8,0.000,0.000,0.00,0.000,1.7,3.2,0.7,258,30,2.2,4.0,0.7,256,31,1.7,3.2,0.7,258,30,293,29.64,,0,0,0,73.4,70.3,68.9,0.15,0.16,0.22
JORD,2017-08-21 15:05:00 EDT,43.06980,-76.47006,402,81.6,81.2,84.5,63.6,68.1,0.000,0.000,0.00,0.000,2.4,4.1,0.7,265,23,2.6,4.5,0.8,269,24,2.4,4.1,0.7,265,23,353,29.64,,0,0,0,73.4,70.3,68.9,0.15,0.16,0.22
JORD,2017-08-21 15:10:00 EDT,43.06980,-76.47006,402,81.7,81.3,84.7,63.6,68.2,0.000,0.000,0.00,0.000,2.8,4.3,0.8,265,15,3.1,4.5,0.8,267,15,2.8,4.3,0.8,265,15,275,29.64,,0,0,0,73.4,70.3,68.9,0.15,0.17,0.22
JORD,2017-08-21 15:15:00 EDT,43.06980,-76.47006,402,81.3,81.1,84.0,63.2,67.6,0.000,0.000,0.00,0.000,3.8,6.4,1.1,261,17,4.1,7.0,1.1,263,17,3.8,6.4,1.1,261,17,195,29.63,,0,0,0,73.4,70.3,68.9,0.15,0.16,0.22
JORD,2017-08-21 15:20:00 EDT,43.06980,-76.47006,402,81.2,80.9,83.9,63.4,67.6,0.000,0.000,0.00,0.000,3.6,5.8,1.1,265,13,3.8,6.1,1.2,269,12,3.6,5.8,1.1,265,13,253,29.63,,0,0,0,73.4,70.3,68.9,0.15,0.17,0.22
JORD,2017-08-21 15:25:00 EDT,43.06980,-76.47006,402,81.2,80.9,84.0,64.0,67.9,0.000,0.000,0.00,0.000,3.5,4.6,0.6,247,12,3.6,4.9,0.7,249,12,3.5,4.6,0.6,247,12,260,29.63,,0,0,0,73.4,70.3,68.9,0.15,0.17,0.22
JORD,2017-08-21 15:30:00 EDT,43.06980,-76.47006,402,81.2,80.9,83.9,64.2,67.9,0.000,0.000,0.00,0.000,3.5,5.6,1.1,241,15,3.5,5.6,1.1,241,16,3.5,5.6,1.1,241,15,239,29.63,,0,0,0,73.4,70.3,68.9,0.15,0.17,0.21
JORD,2017-08-21 15:35:00 EDT,43.06980,-76.47006,402,81.6,81.0,84.6,64.3,68.4,0.000,0.000,0.00,0.000,3.6,5.6,0.8,243,30,3.7,6.1,0.9,246,30,3.6,5.6,0.8,243,30,543,29.63,,0,0,0,73.4,70.3,68.9,0.15,0.17,0.22
JORD,2017-08-21 15:40:00 EDT,43.06980,-76.47006,402,82.0,81.4,84.9,62.6,68.0,0.000,0.000,0.00,0.000,4.4,7.5,1.1,285,13,4.6,8.9,1.3,287,13,4.4,7.5,1.1,285,13,647,29.63,,0,0,0,73.4,70.3,68.9,0.15,0.17,0.22
JORD,2017-08-21 15:45:00 EDT,43.06980,-76.47006,402,82.4,81.7,85.2,61.3,67.7,0.000,0.000,0.00,0.000,3.5,5.8,1.1,289,25,3.8,6.2,1.1,289,25,3.5,5.8,1.1,289,25,647,29.63,,0,0,0,73.4,70.3,68.9,0.15,0.17,0.22
JORD,2017-08-21 15:50:00 EDT,43.06980,-76.47006,402,82.9,82.3,85.9,60.8,67.9,0.000,0.000,0.00,0.000,2.5,5.7,1.3,240,29,2.9,6.9,1.4,242,28,2.5,5.7,1.3,240,29,621,29.63,,0,0,0,73.4,70.3,68.9,0.15,0.17,0.22
JORD,2017-08-21 15:55:00 EDT,43.06980,-76.47006,402,83.0,82.3,85.7,58.9,67.2,0.000,0.000,0.00,0.000,3.4,6.0,1.4,276,38,3.7,7.5,1.6,280,38,3.4,6.0,1.4,276,38,615,29.63,,0,0,0,73.5,70.4,68.9,0.15,0.17,0.22
JORD,2017-08-21 16:00:00 EDT,43.06980,-76.47006,402,83.3,82.5,86.0,58.5,67.2,0.000,0.000,0.00,0.000,4.0,9.1,3.2,231,28,4.2,10.7,3.1,231,32,4.0,9.1,3.2,231,28,611,29.63,,0,0,0,73.5,70.4,68.9,0.15,0.17,0.22
JORD,2017-08-21 16:05:00 EDT,43.06980,-76.47006,402,82.8,82.1,85.2,58.5,66.7,0.000,0.000,0.00,0.000,4.2,7.3,1.9,216,13,4.3,7.6,1.8,216,12,4.2,7.3,1.9,216,13,563,29.62,,0,0,0,73.6,70.5,68.9,0.15,0.17,0.22
JORD,2017-08-21 16:10:00 EDT,43.06980,-76.47006,402,83.3,82.5,86.4,59.7,67.9,0.000,0.000,0.00,0.000,3.5,6.2,1.4,194,28,3.8,7.4,1.4,195,28,3.5,6.2,1.4,194,28,559,29.62,,0,0,0,73.9,70.6,68.9,0.15,0.17,0.22
JORD,2017-08-21 16:15:00 EDT,43.06980,-76.47006,402,83.6,82.8,86.5,58.3,67.4,0.000,0.000,0.00,0.000,4.3,7.7,1.8,166,21,4.7,8.2,2.0,168,21,4.3,7.7,1.8,166,21,554,29.62,,0,0,0,73.9,70.7,68.9,0.15,0.17,0.22
JORD,2017-08-21 16:20:00 EDT,43.06980,-76.47006,402,83.4,82.9,86.2,58.2,67.2,0.000,0.000,0.00,0.000,2.9,6.6,1.5,226,30,3.1,7.0,1.5,227,32,2.9,6.6,1.5,226,30,522,29.62,,0,0,0,73.9,70.7,68.9,0.15,0.17,0.22
JORD,2017-08-21 16:25:00 EDT,43.06980,-76.47006,402,83.7,83.0,87.0,59.4,68.1,0.000,0.000,0.00,0.000,4.0,8.4,1.9,212,50,4.5,9.2,1.9,218,51,4.0,8.4,1.9,212,50,508,29.62,,0,0,0,73.9,70.7,68.9,0.15,0.17,0.22
JORD,2017-08-21 16:30:00 EDT,43.06980,-76.47006,402,84.2,83.4,87.7,59.3,68.5,0.000,0.000,0.00,0.000,5.2,7.5,1.1,186,18,5.5,8.1,1.2,188,15,5.2,7.5,1.1,186,18,537,29.62,,0,0,0,73.9,70.7,68.9,0.15,0.17,0.22
JORD,2017-08-21 16:35:00 EDT,43.06980,-76.47006,402,83.4,82.9,86.2,58.5,67.3,0.000,0.000,0.00,0.000,4.6,6.4,1.0,192,13,5.0,6.9,1.0,193,13,4.6,6.4,1.0,192,13,529,29.62,,0,0,0,73.9,70.7,68.9,0.15,0.17,0.22
JORD,2017-08-21 16:40:00 EDT,43.06980,-76.47006,402,84.0,83.1,87.6,60.4,68.8,0.000,0.000,0.00,0.000,2.7,5.5,1.2,195,38,3.1,6.1,1.1,202,39,2.7,5.5,1.2,195,38,499,29.62,,0,0,0,73.9,70.7,68.9,0.15,0.16,0.22
JORD,2017-08-21 16:45:00 EDT,43.06980,-76.47006,402,83.6,83.0,86.4,58.0,67.3,0.000,0.000,0.00,0.000,4.7,8.5,1.9,259,13,5.0,8.9,2.0,261,12,4.7,8.5,1.9,259,13,290,29.62,,0,0,0,73.9,70.7,68.9,0.15,0.16,0.22
JORD,2017-08-21 16:50:00 EDT,43.06980,-76.47006,402,83.1,82.8,85.8,58.8,67.2,0.000,0.000,0.00,0.000,5.7,9.4,1.6,231,18,5.8,10.1,1.7,232,18,5.7,9.4,1.6,231,18,305,29.62,,0,0,0,73.9,70.7,68.9,0.15,0.17,0.22
JORD,2017-08-21 16:55:00 EDT,43.06980,-76.47006,402,83.3,82.9,85.9,57.8,66.9,0.000,0.000,0.00,0.000,4.3,8.6,1.5,238,18,4.5,8.3,1.5,241,18,4.3,8.6,1.5,238,18,502,29.62,,0,0,0,73.9,70.7,68.9,0.15,0.16,0.22
JORD,2017-08-21 17:00:00 EDT,43.06980,-76.47006,402,83.8,83.1,86.3,56.5,66.7,0.000,0.000,0.00,0.000,5.8,8.8,1.4,243,15,6.1,9.1,1.3,246,16,5.8,8.8,1.4,243,15,454,29.62,,0,0,0,73.9,70.7,68.9,0.15,0.16,0.22
JORD,2017-08-21 17:05:00 EDT,43.06980,-76.47006,402,83.7,83.1,86.1,56.4,66.5,0.000,0.000,0.00,0.000,4.8,7.7,1.1,237,26,5.2,8.2,1.2,240,27,4.8,7.7,1.1,237,26,414,29.62,,0,0,0,73.9,70.7,68.9,0.15,0.17,0.21
JORD,2017-08-21 17:10:00 EDT,43.06980,-76.47006,402,83.9,83.3,86.5,56.5,66.8,0.000,0.000,0.00,0.000,3.5,5.6,1.0,237,31,3.9,6.4,1.2,241,32,3.5,5.6,1.0,237,31,407,29.61,,0,0,0,73.9,70.7,68.9,0.15,0.16,0.21
JORD,2017-08-21 17:15:00 EDT,43.06980,-76.47006,402,83.7,83.2,85.9,55.1,65.9,0.000,0.000,0.00,0.000,4.7,8.5,1.6,256,21,5.0,8.9,1.7,258,21,4.7,8.5,1.6,256,21,392,29.61,,0,0,0,74.0,70.7,68.9,0.15,0.16,0.21
JORD,2017-08-21 17:20:00 EDT,43.06980,-76.47006,402,83.8,83.3,86.1,55.7,66.2,0.000,0.000,0.00,0.000,4.2,6.7,1.4,227,15,4.3,7.8,1.5,228,15,4.2,6.7,1.4,227,15,377,29.61,,0,0,0,73.9,70.7,68.9,0.15,0.16,0.21
JORD,2017-08-21 17:25:00 EDT,43.06980,-76.47006,402,83.7,83.3,85.9,55.2,66.0,0.000,0.000,0.00,0.000,5.0,7.5,1.2,258,19,5.3,8.8,1.4,260,20,5.0,7.5,1.2,258,19,357,29.61,,0,0,0,74.0,70.7,68.9,0.15,0.16,0.21
JORD,2017-08-21 17:30:00 EDT,43.06980,-76.47006,402,83.8,83.2,86.2,55.7,66.3,0.000,0.000,0.00,0.000,3.8,7.1,1.3,259,24,4.2,7.3,1.2,261,24,3.8,7.1,1.3,259,24,344,29.61,,0,0,0,74.0,70.7,68.9,0.15,0.16,0.21
JORD,2017-08-21 17:35:00 EDT,43.06980,-76.47006,402,83.7,83.3,85.8,55.0,65.8,0.000,0.000,0.00,0.000,3.1,6.4,1.6,239,14,3.2,6.8,1.5,240,16,3.1,6.4,1.6,239,14,328,29.61,,0,0,0,74.2,70.7,68.9,0.15,0.16,0.22
JORD,2017-08-21 17:40:00 EDT,43.06980,-76.47006,402,83.6,83.2,85.8,55.3,65.9,0.000,0.000,0.00,0.000,4.7,7.3,1.2,228,19,4.9,7.5,1.2,229,18,4.7,7.3,1.2,228,19,317,29.61,,0,0,0,74.2,70.7,68.9,0.15,0.16,0.21
JORD,2017-08-21 17:45:00 EDT,43.06980,-76.47006,402,83.6,83.3,85.7,54.9,65.7,0.000,0.000,0.00,0.000,3.3,5.6,1.1,227,17,3.4,6.0,1.1,227,17,3.3,5.6,1.1,227,17,308,29.61,,0,0,0,74.2,70.7,68.9,0.15,0.16,0.22
JORD,2017-08-21 17:50:00 EDT,43.06980,-76.47006,402,83.6,83.3,85.7,55.3,65.9,0.000,0.000,0.00,0.000,4.6,7.3,1.1,224,23,4.7,7.3,1.2,226,23,4.6,7.3,1.1,224,23,297,29.61,,0,0,0,74.3,70.7,68.9,0.15,0.16,0.22
JORD,2017-08-21 17:55:00 EDT,43.06980,-76.47006,402,83.4,83.1,85.5,55.6,65.8,0.000,0.000,0.00,0.000,4.7,7.6,1.1,246,17,4.8,8.1,1.1,247,17,4.7,7.6,1.1,246,17,283,29.60,,0,0,0,74.3,70.7,68.9,0.15,0.16,0.22
JORD,2017-08-21 18:00:00 EDT,43.06980,-76.47006,402,83.6,83.2,86.0,56.3,66.4,0.000,0.000,0.00,0.000,2.9,5.1,1.0,259,23,3.2,5.8,1.0,264,23,2.9,5.1,1.0,259,23,265,29.60,,0,0,0,74.3,70.9,68.9,0.15,0.16,0.22
JORD,2017-08-21 18:05:00 EDT,43.06980,-76.47006,402,83.5,83.1,85.8,56.4,66.3,0.000,0.000,0.00,0.000,4.1,6.9,1.7,260,19,4.4,7.5,1.8,261,19,4.1,6.9,1.7,260,19,249,29.60,,0,0,0,74.3,70.9,68.9,0.15,0.16,0.22
JORD,2017-08-21 18:10:00 EDT,43.06980,-76.47006,402,83.3,83.0,85.3,55.2,65.5,0.000,0.000,0.00,0.000,4.1,6.4,0.9,256,12,4.4,7.3,1.1,257,12,4.1,6.4,0.9,256,12,239,29.61,,0,0,0,74.3,70.9,68.9,0.15,0.16,0.22
JORD,2017-08-21 18:15:00 EDT,43.06980,-76.47006,402,83.3,83.0,85.5,55.7,65.8,0.000,0.000,0.00,0.000,2.9,4.4,0.9,251,15,3.1,4.8,0.9,255,15,2.9,4.4,0.9,251,15,223,29.60,,0,0,0,74.3,71.1,68.9,0.15,0.16,0.22
JORD,2017-08-21 18:20:00 EDT,43.06980,-76.47006,402,83.2,83.0,85.3,55.4,65.6,0.000,0.000,0.00,0.000,3.9,6.6,1.0,240,18,4.0,7.2,1.0,242,19,3.9,6.6,1.0,240,18,194,29.60,,0,0,0,74.2,71.1,68.9,0.15,0.16,0.22
JORD,2017-08-21 18:25:00 EDT,43.06980,-76.47006,402,83.1,83.0,85.4,56.5,66.1,0.000,0.000,0.00,0.000,4.6,6.9,0.9,220,12,4.5,7.1,0.9,221,11,4.6,6.9,0.9,220,12,197,29.60,,0,0,0,74.3,71.1,68.9,0.15,0.16,0.22
JORD,2017-08-21 18:30:00 EDT,43.06980,-76.47006,402,83.0,82.9,85.4,57.4,66.4,0.000,0.000,0.00,0.000,3.2,4.7,0.8,229,19,3.3,4.9,0.8,231,19,3.2,4.7,0.8,229,19,188,29.60,,0,0,0,74.2,71.1,68.9,0.15,0.16,0.22
JORD,2017-08-21 18:35:00 EDT,43.06980,-76.47006,402,83.0,82.8,85.2,56.7,66.1,0.000,0.000,0.00,0.000,3.6,6.4,1.0,224,13,3.7,6.4,1.1,225,11,3.6,6.4,1.0,224,13,152,29.60,,0,0,0,74.2,71.1,68.9,0.15,0.16,0.22
JORD,2017-08-21 18:40:00 EDT,43.06980,-76.47006,402,82.6,82.6,84.9,58.1,66.4,0.000,0.000,0.00,0.000,3.6,5.1,0.8,233,13,3.6,5.6,0.8,233,13,3.6,5.1,0.8,233,13,153,29.60,,0,0,0,74.2,71.1,68.9,0.15,0.16,0.22
JORD,2017-08-21 18:45:00 EDT,43.06980,-76.47006,402,82.6,82.6,85.0,58.3,66.5,0.000,0.000,0.00,0.000,3.4,5.2,0.8,227,12,3.4,6.8,0.7,228,12,3.4,5.2,0.8,227,12,134,29.60,,0,0,0,74.2,71.1,68.9,0.15,0.16,0.22
JORD,2017-08-21 18:50:00 EDT,43.06980,-76.47006,402,82.4,82.4,84.6,58.0,66.2,0.000,0.000,0.00,0.000,3.9,5.8,1.0,232,10,3.8,5.6,1.0,233,9,3.9,5.8,1.0,232,10,101,29.60,,0,0,0,74.2,71.1,68.9,0.15,0.16,0.22
JORD,2017-08-21 18:55:00 EDT,43.06980,-76.47006,402,82.3,82.4,84.6,58.8,66.4,0.000,0.000,0.00,0.000,3.0,4.6,0.7,220,14,3.0,4.8,0.8,221,14,3.0,4.6,0.7,220,14,119,29.60,,0,0,0,74.1,71.1,68.9,0.15,0.16,0.22
JORD,2017-08-21 19:00:00 EDT,43.06980,-76.47006,402,82.0,82.4,84.7,61.2,67.3,0.000,0.000,0.00,0.000,3.0,4.5,0.7,198,12,3.2,4.7,0.7,200,11,3.0,4.5,0.7,198,12,127,29.61,,0,0,0,74.0,71.1,68.9,0.15,0.16,0.22
JORD,2017-08-21 19:05:00 EDT,43.06980,-76.47006,402,82.2,82.3,84.9,60.7,67.3,0.000,0.000,0.00,0.000,3.4,5.7,1.2,201,12,3.6,5.9,1.2,202,12,3.4,5.7,1.2,201,12,119,29.61,,0,0,0,74.0,71.1,68.9,0.15,0.16,0.22
JORD,2017-08-21 19:10:00 EDT,43.06980,-76.47006,402,82.0,82.1,84.5,60.7,67.1,0.000,0.000,0.00,0.000,3.5,4.6,0.5,211,12,3.5,5.0,0.7,212,12,3.5,4.6,0.5,211,12,111,29.61,,0,0,0,73.9,71.1,68.9,0.15,0.16,0.22
JORD,2017-08-21 19:15:00 EDT,43.06980,-76.47006,402,80.6,81.6,83.2,65.0,67.8,0.000,0.000,0.00,0.000,1.8,3.1,0.7,233,22,1.9,3.7,0.6,234,22,1.8,3.1,0.7,233,22,89,29.61,,0,0,0,73.9,71.1,68.9,0.15,0.16,0.22
JORD,2017-08-21 19:20:00 EDT,43.06980,-76.47006,402,79.1,81.4,79.1,71.8,69.2,0.000,0.000,0.00,0.000,0.7,1.6,0.5,278,19,1.1,1.9,0.4,278,25,0.7,1.6,0.5,278,19,64,29.60,,0,0,0,73.9,71.1,68.9,0.15,0.16,0.22
JORD,2017-08-21 19:25:00 EDT,43.06980,-76.47006,402,77.7,80.9,77.7,76.4,69.7,0.000,0.000,0.00,0.000,0.7,1.3,0.4,293,11,1.0,1.8,0.3,291,13,0.7,1.3,0.4,293,11,47,29.60,,0,0,0,73.9,71.1,68.9,0.15,0.16,0.22
JORD,2017-08-21 19:30:00 EDT,43.06980,-76.47006,402,77.5,79.7,77.5,75.3,69.1,0.000,0.000,0.00,0.000,0.0,0.4,0.0,291,0,0.3,0.8,0.2,200,48,0.0,0.4,0.0,291,0,24,29.60,,0,0,0,73.9,71.1,68.9,0.15,0.16,0.21
JORD,2017-08-21 19:35:00 EDT,43.06980,-76.47006,402,77.2,78.7,77.2,77.3,69.6,0.000,0.000,0.00,0.000,0.0,0.0,0.0,0,0,0.2,0.4,0.1,139,32,0.0,0.0,0.0,0,0,17,29.60,,0,0,0,73.9,71.1,68.9,0.15,0.16,0.22
JORD,2017-08-21 19:40:00 EDT,43.06980,-76.47006,402,76.9,78.6,76.9,78.9,69.8,0.000,0.000,0.00,0.000,0.0,0.0,0.0,0,0,0.3,0.8,0.2,135,47,0.0,0.0,0.0,0,0,14,29.60,,0,0,0,73.9,71.1,68.9,0.14,0.16,0.21
JORD,2017-08-21 19:45:00 EDT,43.06980,-76.47006,402,76.2,78.4,76.2,79.8,69.5,0.000,0.000,0.00,0.000,0.0,0.0,0.0,0,0,0.4,0.8,0.1,165,15,0.0,0.0,0.0,0,0,10,29.60,,0,0,0,73.9,71.1,68.9,0.15,0.16,0.21
JORD,2017-08-21 19:50:00 EDT,43.06980,-76.47006,402,75.5,77.8,75.5,80.7,69.1,0.000,0.000,0.00,0.000,0.0,0.0,0.0,0,0,0.4,0.7,0.1,173,22,0.0,0.0,0.0,0,0,7,29.60,,0,0,0,73.9,71.1,68.9,0.15,0.16,0.21
JORD,2017-08-21 19:55:00 EDT,43.06980,-76.47006,402,74.9,76.9,74.9,82.6,69.2,0.000,0.000,0.00,0.000,0.0,0.0,0.0,0,0,0.3,0.4,0.1,186,22,0.0,0.0,0.0,0,0,5,29.60,,0,0,0,73.9,71.1,68.9,0.15,0.16,0.22
JORD,2017-08-21 20:00:00 EDT,43.06980,-76.47006,402,74.5,76.6,74.5,83.4,69.1,0.000,0.000,0.00,0.000,0.0,0.0,0.0,0,0,0.4,0.7,0.1,249,39,0.0,0.0,0.0,0,0,3,29.60,,0,0,0,73.9,71.1,68.9,0.15,0.16,0.22
JORD,2017-08-21 20:05:00 EDT,43.06980,-76.47006,402,74.2,76.0,74.2,84.8,69.3,0.000,0.000,0.00,0.000,0.0,0.0,0.0,0,0,0.3,0.7,0.2,247,59,0.0,0.0,0.0,0,0,2,29.60,,0,0,0,73.9,71.1,68.9,0.15,0.16,0.21
JORD,2017-08-21 20:10:00 EDT,43.06980,-76.47006,402,73.6,75.6,73.6,86.5,69.3,0.000,0.000,0.00,0.000,0.0,0.0,0.0,0,0,0.4,0.6,0.1,174,22,0.0,0.0,0.0,0,0,1,29.60,,0,0,0,73.9,71.2,68.9,0.15,0.16,0.22
JORD,2017-08-21 20:15:00 EDT,43.06980,-76.47006,402,73.3,75.0,73.3,88.3,69.6,0.000,0.000,0.00,0.000,0.0,0.0,0.0,0,0,0.9,1.1,0.2,235,16,0.0,0.0,0.0,0,0,1,29.60,,0,0,0,73.9,71.2,68.9,0.15,0.16,0.22
JORD,2017-08-21 20:20:00 EDT,43.06980,-76.47006,402,73.0,74.7,73.0,89.2,69.7,0.000,0.000,0.00,0.000,0.0,0.0,0.0,0,0,1.0,1.3,0.1,229,7,0.0,0.0,0.0,0,0,0,29.60,,0,0,0,73.8,71.4,68.9,0.15,0.16,0.21
JORD,2017-08-21 20:25:00 EDT,43.06980,-76.47006,402,72.5,74.2,72.5,89.7,69.3,0.000,0.000,0.00,0.000,0.5,0.7,0.2,291,0,1.1,1.4,0.1,256,8,0.5,0.7,0.2,291,0,0,29.60,,0,0,0,73.5,71.4,68.9,0.15,0.16,0.21
JORD,2017-08-21 20:30:00 EDT,43.06980,-76.47006,402,72.4,74.0,72.4,90.5,69.5,0.000,0.000,0.00,0.000,0.4,0.7,0.3,291,0,1.2,1.5,0.2,243,11,0.4,0.7,0.3,291,0,0,29.60,,0,0,0,73.4,71.4,68.9,0.15,0.16,0.21
JORD,2017-08-21 20:35:00 EDT,43.06980,-76.47006,402,72.1,73.8,72.1,91.0,69.3,0.000,0.000,0.00,0.000,0.0,0.0,0.0,0,0,0.5,1.0,0.3,236,27,0.0,0.0,0.0,0,0,0,29.60,,0,0,0,73.4,71.4,68.9,0.15,0.16,0.21
JORD,2017-08-21 20:40:00 EDT,43.06980,-76.47006,402,71.7,73.3,71.7,92.6,69.4,0.000,0.000,0.00,0.000,0.0,0.0,0.0,0,0,0.1,0.3,0.1,45,60,0.0,0.0,0.0,0,0,0,29.60,,0,0,0,73.4,71.4,68.9,0.15,0.16,0.22
JORD,2017-08-21 20:45:00 EDT,43.06980,-76.47006,402,71.4,73.2,71.4,93.2,69.4,0.000,0.000,0.00,0.000,0.0,0.6,0.1,292,0,0.7,1.0,0.2,77,23,0.0,0.6,0.1,292,0,0,29.61,,0,0,0,73.4,71.4,68.9,0.15,0.16,0.22
JORD,2017-08-21 20:50:00 EDT,43.06980,-76.47006,402,71.2,73.1,71.2,94.1,69.4,0.000,0.000,0.00,0.000,2.1,3.6,0.9,114,38,2.2,3.7,0.8,113,14,2.1,3.6,0.9,114,38,0,29.61,,0,0,0,73.4,71.4,68.9,0.15,0.16,0.22
JORD,2017-08-21 20:55:00 EDT,43.06980,-76.47006,402,72.1,74.5,72.1,91.0,69.4,0.000,0.000,0.00,0.000,2.8,5.0,1.0,161,12,3.0,5.5,1.1,162,12,2.8,5.0,1.0,161,12,0,29.61,,0,0,0,73.4,71.4,68.9,0.15,0.16,0.22
JORD,2017-08-21 21:00:00 EDT,43.06980,-76.47006,402,74.2,75.5,74.2,85.8,69.6,0.000,0.000,0.00,0.000,3.5,4.5,0.4,153,8,3.7,4.9,0.5,153,8,3.5,4.5,0.4,153,8,0,29.61,,0,0,0,73.3,71.4,68.9,0.15,0.16,0.22
JORD,2017-08-21 21:05:00 EDT,43.06980,-76.47006,402,73.6,75.5,73.6,82.7,68.0,0.000,0.000,0.00,0.000,3.3,5.6,0.7,163,16,3.6,5.9,0.8,162,16,3.3,5.6,0.7,163,16,0,29.61,,0,0,0,73.1,71.4,68.9,0.15,0.16,0.22
JORD,2017-08-21 21:10:00 EDT,43.06980,-76.47006,402,75.4,75.9,75.4,80.0,68.7,0.000,0.000,0.00,0.000,4.0,6.6,1.0,165,14,4.3,7.2,1.1,167,15,4.0,6.6,1.0,165,14,0,29.61,,0,0,0,73.1,71.4,68.9,0.15,0.16,0.22
JORD,2017-08-21 21:15:00 EDT,43.06980,-76.47006,402,75.5,76.2,75.5,78.2,68.2,0.000,0.000,0.00,0.000,4.5,6.4,1.0,164,13,5.0,8.1,1.2,165,13,4.5,6.4,1.0,164,13,0,29.60,,0,0,0,73.0,71.4,68.9,0.15,0.16,0.22
JORD,2017-08-21 21:20:00 EDT,43.06980,-76.47006,402,75.6,76.2,75.6,76.9,67.8,0.000,0.000,0.00,0.000,3.9,6.8,1.2,156,12,4.3,7.7,1.4,159,13,3.9,6.8,1.2,156,12,0,29.60,,0,0,0,73.0,71.4,68.9,0.15,0.16,0.22
JORD,2017-08-21 21:25:00 EDT,43.06980,-76.47006,402,74.9,75.9,74.9,76.9,67.1,0.000,0.000,0.00,0.000,3.4,6.4,1.1,148,15,3.5,6.1,1.1,147,14,3.4,6.4,1.1,148,15,0,29.60,,0,0,0,73.0,71.4,68.9,0.15,0.16,0.22
JORD,2017-08-21 21:30:00 EDT,43.06980,-76.47006,402,75.0,75.8,75.0,77.0,67.3,0.000,0.000,0.00,0.000,3.0,5.1,0.8,166,16,3.3,5.9,0.9,167,17,3.0,5.1,0.8,166,16,0,29.60,,0,0,0,73.0,71.4,68.9,0.15,0.16,0.22
JORD,2017-08-21 21:35:00 EDT,43.06980,-76.47006,402,75.2,75.6,75.2,76.7,67.3,0.000,0.000,0.00,0.000,3.7,5.6,0.7,172,15,4.1,6.4,0.9,174,13,3.7,5.6,0.7,172,15,0,29.61,,0,0,0,73.0,71.4,68.9,0.15,0.16,0.22
JORD,2017-08-21 21:40:00 EDT,43.06980,-76.47006,402,75.4,75.6,75.4,76.1,67.3,0.000,0.000,0.00,0.000,4.9,8.0,1.1,173,13,5.3,8.6,1.3,176,11,4.9,8.0,1.1,173,13,0,29.61,,0,0,0,73.0,71.4,68.9,0.15,0.16,0.21
JORD,2017-08-21 21:45:00 EDT,43.06980,-76.47006,402,75.5,75.8,75.5,75.0,67.0,0.000,0.000,0.00,0.000,4.8,7.8,1.1,176,17,5.1,9.6,1.4,177,14,4.8,7.8,1.1,176,17,0,29.61,,0,0,0,73.0,71.4,68.9,0.15,0.16,0.22
JORD,2017-08-21 21:50:00 EDT,43.06980,-76.47006,402,75.7,76.0,75.7,73.7,66.7,0.000,0.000,0.00,0.000,4.6,8.5,1.1,176,17,5.0,8.4,1.2,179,15,4.6,8.5,1.1,176,17,0,29.60,,0,0,0,73.0,71.4,68.9,0.15,0.16,0.22
JORD,2017-08-21 21:55:00 EDT,43.06980,-76.47006,402,75.7,76.0,75.7,73.5,66.6,0.000,0.000,0.00,0.000,4.8,7.4,1.0,175,17,5.3,8.4,1.3,178,12,4.8,7.4,1.0,175,17,0,29.60,,0,0,0,72.8,71.4,68.9,0.15,0.16,0.21
JORD,2017-08-21 22:00:00 EDT,43.06980,-76.47006,402,75.4,75.9,75.4,73.6,66.3,0.000,0.000,0.00,0.000,3.7,6.5,1.3,166,15,4.0,6.8,1.4,169,14,3.7,6.5,1.3,166,15,0,29.60,,0,0,0,72.7,71.4,68.9,0.15,0.16,0.22
JORD,2017-08-21 22:05:00 EDT,43.06980,-76.47006,402,74.8,75.5,74.8,74.3,66.1,0.000,0.000,0.00,0.000,2.2,6.8,1.2,159,25,2.6,6.5,1.3,160,27,2.2,6.8,1.2,159,25,0,29.60,,0,0,0,72.7,71.4,68.9,0.15,0.16,0.22
JORD,2017-08-21 22:10:00 EDT,43.06980,-76.47006,402,72.9,75.2,72.9,77.2,65.4,0.000,0.000,0.00,0.000,2.4,4.7,1.0,162,20,2.7,5.1,1.0,162,19,2.4,4.7,1.0,162,20,0,29.60,,0,0,0,72.7,71.4,68.9,0.15,0.16,0.21
JORD,2017-08-21 22:15:00 EDT,43.06980,-76.47006,402,71.6,74.2,71.6,82.2,65.9,0.000,0.000,0.00,0.000,2.0,6.4,1.1,158,26,2.4,6.6,1.1,159,27,2.0,6.4,1.1,158,26,0,29.60,,0,0,0,72.7,71.4,68.9,0.15,0.16,0.22
JORD,2017-08-21 22:20:00 EDT,43.06980,-76.47006,402,73.9,74.7,73.9,80.2,67.4,0.000,0.000,0.00,0.000,3.7,6.1,1.0,164,15,4.0,6.6,1.1,165,15,3.7,6.1,1.0,164,15,0,29.60,,0,0,0,72.7,71.4,68.9,0.15,0.16,0.22
JORD,2017-08-21 22:25:00 EDT,43.06980,-76.47006,402,74.4,74.8,74.4,77.8,67.0,0.000,0.000,0.00,0.000,4.3,8.4,1.6,175,16,4.7,9.9,1.8,177,15,4.3,8.4,1.6,175,16,0,29.60,,0,0,0,72.7,71.4,68.9,0.15,0.16,0.21
JORD,2017-08-21 22:30:00 EDT,43.06980,-76.47006,402,74.7,75.0,74.7,76.5,66.8,0.000,0.000,0.00,0.000,5.8,10.5,1.4,179,13,6.0,12.1,1.6,180,12,5.8,10.5,1.4,179,13,0,29.60,,0,0,0,72.7,71.4,68.9,0.15,0.16,0.22
JORD,2017-08-21 22:35:00 EDT,43.06980,-76.47006,402,74.7,74.9,74.7,75.9,66.6,0.000,0.000,0.00,0.000,4.6,7.6,1.1,182,15,5.0,7.6,1.2,182,13,4.6,7.6,1.1,182,15,0,29.60,,0,0,0,72.7,71.4,68.9,0.15,0.16,0.21
JORD,2017-08-21 22:40:00 EDT,43.06980,-76.47006,402,74.4,74.8,74.4,76.5,66.5,0.000,0.000,0.00,0.000,4.1,6.8,1.2,169,16,4.3,7.5,1.2,169,15,4.1,6.8,1.2,169,16,0,29.60,,0,0,0,72.7,71.4,68.9,0.15,0.16,0.22
JORD,2017-08-21 22:45:00 EDT,43.06980,-76.47006,402,74.4,74.7,74.4,77.0,66.7,0.000,0.000,0.00,0.000,4.1,6.8,1.1,168,18,4.4,7.5,1.4,170,18,4.1,6.8,1.1,168,18,0,29.60,,0,0,0,72.7,71.4,68.9,0.15,0.16,0.21
JORD,2017-08-21 22:50:00 EDT,43.06980,-76.47006,402,74.4,74.6,74.4,76.9,66.7,0.000,0.000,0.00,0.000,3.9,8.4,1.5,167,14,4.2,8.6,1.5,168,16,3.9,8.4,1.5,167,14,0,29.60,,0,0,0,72.7,71.4,68.9,0.15,0.16,0.21
JORD,2017-08-21 22:55:00 EDT,43.06980,-76.47006,402,74.2,74.5,74.2,77.3,66.6,0.000,0.000,0.00,0.000,5.9,9.8,1.2,163,10,6.4,11.1,1.3,165,10,5.9,9.8,1.2,163,10,0,29.60,,0,0,0,72.7,71.4,68.9,0.15,0.16,0.21
JORD,2017-08-21 23:00:00 EDT,43.06980,-76.47006,402,74.1,74.4,74.1,77.5,66.6,0.000,0.000,0.00,0.000,5.3,10.2,1.7,174,14,5.6,11.5,2.1,175,13,5.3,10.2,1.7,174,14,0,29.60,,0,0,0,72.6,71.4,68.9,0.15,0.16,0.22
JORD,2017-08-21 23:05:00 EDT,43.06980,-76.47006,402,74.3,74.6,74.3,77.4,66.8,0.000,0.000,0.00,0.000,5.6,9.9,1.4,175,14,6.2,11.9,1.6,177,14,5.6,9.9,1.4,175,14,0,29.60,,0,0,0,72.4,71.4,68.9,0.15,0.16,0.21
JORD,2017-08-21 23:10:00 EDT,43.06980,-76.47006,402,74.1,74.4,74.1,77.8,66.7,0.000,0.000,0.00,0.000,5.4,8.8,1.3,171,14,5.6,9.0,1.4,171,13,5.4,8.8,1.3,171,14,0,29.60,,0,0,0,72.4,71.4,68.9,0.15,0.16,0.22
JORD,2017-08-21 23:15:00 EDT,43.06980,-76.47006,402,74.1,74.3,74.1,78.1,66.8,0.000,0.000,0.00,0.000,5.9,11.3,1.8,167,11,6.3,12.3,1.9,168,10,5.9,11.3,1.8,167,11,0,29.60,,0,0,0,72.3,71.4,68.9,0.15,0.16,0.21
JORD,2017-08-21 23:20:00 EDT,43.06980,-76.47006,402,74.0,74.3,74.0,77.9,66.7,0.000,0.000,0.00,0.000,5.4,9.2,1.3,171,12,5.7,9.1,1.5,172,12,5.4,9.2,1.3,171,12,0,29.59,,0,0,0,72.3,71.4,68.9,0.15,0.16,0.21
JORD,2017-08-21 23:25:00 EDT,43.06980,-76.47006,402,74.1,74.3,74.1,77.9,66.8,0.000,0.000,0.00,0.000,5.3,8.1,1.3,164,13,5.7,8.4,1.3,165,11,5.3,8.1,1.3,164,13,0,29.59,,0,0,0,72.3,71.4,68.9,0.15,0.16,0.21
JORD,2017-08-21 23:30:00 EDT,43.06980,-76.47006,402,73.5,73.9,73.5,78.5,66.4,0.000,0.000,0.00,0.000,3.7,5.7,1.1,162,18,4.0,8.4,1.3,163,18,3.7,5.7,1.1,162,18,0,29.59,,0,0,0,72.3,71.4,68.9,0.15,0.16,0.22
JORD,2017-08-21 23:35:00 EDT,43.06980,-76.47006,402,73.3,73.8,73.3,79.5,66.5,0.000,0.000,0.00,0.000,4.1,8.3,1.3,169,17,4.4,8.0,1.4,170,17,4.1,8.3,1.3,169,17,0,29.59,,0,0,0,72.3,71.4,68.9,0.15,0.16,0.22
JORD,2017-08-21 23:40:00 EDT,43.06980,-76.47006,402,73.6,73.8,73.6,79.1,66.7,0.000,0.000,0.00,0.000,3.5,7.6,1.3,187,19,3.9,9.2,1.6,188,17,3.5,7.6,1.3,187,19,0,29.60,,0,0,0,72.3,71.4,68.9,0.15,0.16,0.22
JORD,2017-08-21 23:45:00 EDT,43.06980,-76.47006,402,71.8,73.0,71.8,80.9,65.7,0.000,0.000,0.00,0.000,1.2,4.6,1.5,189,23,1.7,5.4,1.4,192,52,1.2,4.6,1.5,189,23,0,29.60,,0,0,0,72.3,71.4,68.9,0.15,0.16,0.21
JORD,2017-08-21 23:50:00 EDT,43.06980,-76.47006,402,69.2,71.9,69.2,88.7,65.7,0.000,0.000,0.00,0.000,1.3,2.6,0.8,353,20,1.7,3.7,0.6,354,22,1.3,2.6,0.8,353,20,0,29.60,,0,0,0,72.3,71.4,68.9,0.15,0.16,0.21
JORD,2017-08-21 23:55:00 EDT,43.06980,-76.47006,402,69.1,71.4,69.1,90.8,66.3,0.000,0.000,0.00,0.000,0.9,2.5,0.7,333,18,1.3,2.5,0.6,344,27,0.9,2.5,0.7,333,18,0,29.60,,0,0,0,72.3,71.4,68.9,0.15,0.16,0.22
KIND,2017-08-21 00:00:00 EDT,42.41001,-73.71557,238,61.1,63.0,61.1,96.3,60.0,0.000,0.000,0.00,0.000,1.7,2.3,0.4,116,13,2.0,2.8,0.5,111,12,1.7,2.3,0.4,116,13,0,29.89,,0,0,0,70.0,70.4,68.9,0.22,0.26,0.26
KIND,2017-08-21 00:05:00 EDT,42.41001,-73.71557,238,61.2,62.8,61.2,96.4,60.1,0.000,0.000,0.00,0.000,1.7,2.1,0.2,105,6,2.1,2.5,0.2,101,6,1.7,2.1,0.2,105,6,0,29.89,,0,0,0,70.0,70.4,68.9,0.22,0.26,0.26
KIND,2017-08-21 00:10:00 EDT,42.41001,-73.71557,238,60.9,62.9,60.9,96.1,59.8,0.000,0.000,0.00,0.000,1.8,2.0,0.1,116,9,2.0,2.4,0.2,116,9,1.8,2.0,0.1,116,9,0,29.89,,0,0,0,70.0,70.4,68.9,0.22,0.27,0.26
KIND,2017-08-21 00:15:00 EDT,42.41001,-73.71557,238,61.3,62.4,61.3,96.6,60.3,0.000,0.000,0.00,0.000,2.1,2.6,0.3,120,5,2.3,2.7,0.2,118,5,2.1,2.6,0.3,120,5,0,29.89,,0,0,0,70.0,70.3,68.9,0.22,0.27,0.26
KIND,2017-08-21 00:20:00 EDT,42.41001,-73.71557,238,61.1,62.8,61.1,96.2,60.0,0.000,0.000,0.00,0.000,3.4,4.4,0.6,137,8,3.5,4.8,0.7,132,6,3.4,4.4,0.6,137,8,0,29.89,,0,0,0,70.0,70.4,68.9,0.22,0.27,0.26
KIND,2017-08-21 00:25:00 EDT,42.41001,-73.71557,238,60.6,63.1,60.6,95.6,59.3,0.000,0.000,0.00,0.000,3.7,4.2,0.3,146,3,3.9,4.6,0.4,139,3,3.7,4.2,0.3,146,3,0,29.90,,0,0,0,70.0,70.3,68.9,0.22,0.27,0.26
KIND,2017-08-21 00:30:00 EDT,42.41001,-73.71557,238,60.7,63.4,60.7,96.1,59.6,0.000,0.000,0.00,0.000,3.5,4.2,0.2,143,5,3.6,4.4,0.3,136,5,3.5,4.2,0.2,143,5,0,29.90,,0,0,0,70.0,70.3,68.9,0.22,0.27,0.26
KIND,2017-08-21 00:35:00 EDT,42.41001,-73.71557,238,60.9,63.1,60.9,96.3,59.9,0.000,0.000,0.00,0.000,2.4,2.9,0.2,129,3,2.4,2.9,0.3,127,3,2.4,2.9,0.2,129,3,0,29.89,,0,0,0,69.8,70.3,68.9,0.22,0.26,0.26
KIND,2017-08-21 00:40:00 EDT,42.41001,-73.71557,238,61.3,62.8,61.3,96.0,60.2,0.000,0.000,0.00,0.000,3.0,4.7,0.9,111,10,3.3,5.4,1.2,108,11,3.0,4.7,0.9,111,10,0,29.90,,0,0,0,69.6,70.3,68.9,0.22,0.26,0.26
KIND,2017-08-21 00:45:00 EDT,42.41001,-73.71557,238,61.3,62.5,61.3,95.3,60.0,0.000,0.000,0.00,0.000,4.1,5.1,0.7,105,4,4.6,5.9,0.8,101,4,4.1,5.1,0.7,105,4,0,29.89,,0,0,0,69.6,70.3,68.9,0.22,0.26,0.26
KIND,2017-08-21 00:50:00 EDT,42.41001,-73.71557,238,61.2,62.0,61.2,95.3,59.9,0.000,0.000,0.00,0.000,2.5,3.1,0.3,115,5,2.8,3.6,0.4,113,6,2.5,3.1,0.3,115,5,0,29.90,,0,0,0,69.6,70.3,68.9,0.22,0.27,0.26
KIND,2017-08-21 00:55:00 EDT,42.41001,-73.71557,238,61.1,61.7,61.1,95.1,59.6,0.000,0.000,0.00,0.000,3.4,4.5,0.6,105,7,3.8,5.0,0.7,101,7,3.4,4.5,0.6,105,7,0,29.90,,0,0,0,69.6,70.3,68.9,0.22,0.27,0.26
KIND,2017-08-21 01:00:00 EDT,42.41001,-73.71557,238,61.0,61.8,61.0,95.2,59.7,0.000,0.000,0.00,0.000,2.9,4.2,0.5,108,8,3.3,4.7,0.5,105,7,2.9,4.2,0.5,108,8,0,29.90,,0,0,0,69.6,70.3,68.9,0.22,0.26,0.26
KIND,2017-08-21 01:05:00 EDT,42.41001,-73.71557,238,61.1,61.5,61.1,95.4,59.8,0.000,0.000,0.00,0.000,1.9,2.4,0.2,128,10,1.9,3.0,0.4,123,9,1.9,2.4,0.2,128,10,0,29.90,,0,0,0,69.6,70.3,68.9,0.22,0.27,0.26
KIND,2017-08-21 01:10:00 EDT,42.41001,-73.71557,238,60.3,61.7,60.3,95.5,59.0,0.000,0.000,0.00,0.000,2.8,3.4,0.3,137,4,2.8,3.6,0.4,131,2,2.8,3.4,0.3,137,4,0,29.90,,0,0,0,69.6,70.3,68.9,0.22,0.27,0.26
KIND,2017-08-21 01:15:00 EDT,42.41001,-73.71557,238,60.0,62.4,60.0,95.8,58.8,0.000,0.000,0.00,0.000,3.4,3.7,0.2,140,2,3.5,4.1,0.3,133,2,3.4,3.7,0.2,140,2,0,29.90,,0,0,0,69.6,70.3,68.9,0.22,0.27,0.26
KIND,2017-08-21 01:20:00 EDT,42.41001,-73.71557,238,60.0,62.4,60.0,96.2,58.9,0.000,0.000,0.00,0.000,3.4,3.9,0.2,141,5,3.6,4.3,0.3,134,4,3.4,3.9,0.2,141,5,0,29.90,,0,0,0,69.5,70.3,68.9,0.22,0.27,0.26
KIND,2017-08-21 01:25:00 EDT,42.41001,-73.71557,238,59.9,62.7,59.9,96.4,58.8,0.000,0.000,0.00,0.000,3.2,3.9,0.2,140,5,3.3,4.2,0.3,134,4,3.2,3.9,0.2,140,5,0,29.90,,0,0,0,69.3,70.3,68.9,0.22,0.27,0.26
KIND,2017-08-21 01:30:00 EDT,42.41001,-73.71557,238,60.2,63.4,60.2,96.6,59.2,0.000,0.000,0.00,0.000,3.4,3.9,0.2,130,4,3.4,4.5,0.3,128,2,3.4,3.9,0.2,130,4,0,29.90,,0,0,0,69.3,70.3,68.9,0.22,0.27,0.26
KIND,2017-08-21 01:35:00 EDT,42.41001,-73.71557,238,60.1,64.0,60.1,96.4,59.1,0.000,0.000,0.00,0.000,3.7,4.2,0.3,135,5,3.8,4.6,0.5,130,3,3.7,4.2,0.3,135,5,0,29.89,,0,0,0,69.3,70.2,68.9,0.22,0.27,0.26
KIND,2017-08-21 01:40:00 EDT,42.41001,-73.71557,238,60.3,63.9,60.3,96.0,59.1,0.000,0.000,0.00,0.000,3.6,4.4,0.5,154,5,3.8,4.7,0.5,148,5,3.6,4.4,0.5,154,5,0,29.90,,0,0,0,69.3,70.2,68.9,0.22,0.27,0.26
KIND,2017-08-21 01:45:00 EDT,42.41001,-73.71557,238,60.0,63.6,60.0,96.3,59.0,0.000,0.000,0.00,0.000,2.7,3.0,0.1,158,3,2.9,3.3,0.1,150,3,2.7,3.0,0.1,158,3,0,29.90,,0,0,0,69.3,70.2,68.9,0.22,0.27,0.26
KIND,2017-08-21 01:50:00 EDT,42.41001,-73.71557,238,59.9,63.5,59.9,96.6,58.9,0.000,0.000,0.00,0.000,3.5,4.4,0.4,147,3,3.7,4.9,0.6,140,3,3.5,4.4,0.4,147,3,0,29.90,,0,0,0,69.3,70.2,68.9,0.22,0.27,0.26
KIND,2017-08-21 01:55:00 EDT,42.41001,-73.71557,238,59.9,63.3,59.9,96.4,58.9,0.000,0.000,0.00,0.000,3.2,4.1,0.4,155,7,3.4,4.5,0.4,149,7,3.2,4.1,0.4,155,7,0,29.90,,0,0,0,69.3,70.2,68.9,0.22,0.26,0.26
KIND,2017-08-21 02:00:00 EDT,42.41001,-73.71557,238,59.6,62.8,59.6,96.2,58.5,0.000,0.000,0.00,0.000,2.3,3.6,0.8,170,14,2.5,4.1,0.9,165,17,2.3,3.6,0.8,170,14,0,29.90,,0,0,0,69.3,70.2,68.9,0.22,0.27,0.26
KIND,2017-08-21 02:05:00 EDT,42.41001,-73.71557,238,59.8,62.5,59.8,96.2,58.7,0.000,0.000,0.00,0.000,2.1,2.7,0.3,154,7,2.3,3.1,0.4,145,7,2.1,2.7,0.3,154,7,0,29.90,,0,0,0,69.3,70.1,68.9,0.22,0.27,0.26
KIND,2017-08-21 02:10:00 EDT,42.41001,-73.71557,238,60.0,61.8,60.0,96.6,59.0,0.000,0.000,0.00,0.000,1.7,2.8,0.5,148,7,1.7,3.1,0.6,140,8,1.7,2.8,0.5,148,7,0,29.90,,0,0,0,69.3,70.2,68.9,0.22,0.27,0.26
KIND,2017-08-21 02:15:00 EDT,42.41001,-73.71557,238,60.4,61.7,60.4,96.9,59.5,0.000,0.000,0.00,0.000,1.7,2.3,0.3,142,9,1.7,2.3,0.3,135,9,1.7,2.3,0.3,142,9,0,29.90,,0,0,0,69.2,70.1,68.9,0.22,0.27,0.26
KIND,2017-08-21 02:20:00 EDT,42.41001,-73.71557,238,59.9,63.0,59.9,96.5,58.9,0.000,0.000,0.00,0.000,2.3,2.8,0.3,161,7,2.5,3.4,0.3,152,7,2.3,2.8,0.3,161,7,0,29.90,,0,0,0,69.0,70.1,68.9,0.22,0.27,0.26
KIND,2017-08-21 02:25:00 EDT,42.41001,-73.71557,238,59.4,63.3,59.4,95.9,58.3,0.000,0.000,0.00,0.000,2.2,2.9,0.4,159,9,2.4,3.0,0.3,150,8,2.2,2.9,0.4,159,9,0,29.90,,0,0,0,68.9,70.1,68.9,0.22,0.27,0.26
KIND,2017-08-21 02:30:00 EDT,42.41001,-73.71557,238,59.4,63.4,59.4,96.3,58.3,0.000,0.000,0.00,0.000,3.3,4.3,0.4,156,5,3.6,5.1,0.5,150,5,3.3,4.3,0.4,156,5,0,29.90,,0,0,0,68.9,70.1,68.9,0.22,0.27,0.26
KIND,2017-08-21 02:35:00 EDT,42.41001,-73.71557,238,59.6,63.1,59.6,96.1,58.5,0.000,0.000,0.00,0.000,2.9,3.6,0.3,159,5,3.2,4.0,0.3,152,5,2.9,3.6,0.3,159,5,0,29.90,,0,0,0,68.9,70.0,68.9,0.22,0.27,0.26
KIND,2017-08-21 02:40:00 EDT,42.41001,-73.71557,238,59.7,62.8,59.7,96.0,58.5,0.000,0.000,0.00,0.000,3.1,3.5,0.2,151,5,3.2,4.0,0.3,144,6,3.1,3.5,0.2,151,5,0,29.90,,0,0,0,68.9,70.1,68.9,0.22,0.27,0.26
KIND,2017-08-21 02:45:00 EDT,42.41001,-73.71557,238,60.0,62.6,60.0,95.7,58.7,0.000,0.000,0.00,0.000,3.0,3.7,0.3,134,6,3.0,4.0,0.5,130,3,3.0,3.7,0.3,134,6,0,29.90,,0,0,0,68.9,70.0,68.9,0.22,0.27,0.26
KIND,2017-08-21 02:50:00 EDT,42.41001,-73.71557,238,60.0,61.7,60.0,95.7,58.8,0.000,0.000,0.00,0.000,1.7,2.4,0.2,134,4,1.7,2.4,0.2,129,3,1.7,2.4,0.2,134,4,0,29.90,,0,0,0,68.9,70.0,68.9,0.22,0.27,0.26
KIND,2017-08-21 02:55:00 EDT,42.41001,-73.71557,238,60.0,61.8,60.0,95.9,58.9,0.000,0.000,0.00,0.000,2.1,2.4,0.2,140,5,1.9,2.4,0.2,133,4,2.1,2.4,0.2,140,5,0,29.90,,0,0,0,68.9,70.0,68.9,0.22,0.27,0.26
KIND,2017-08-21 03:00:00 EDT,42.41001,-73.71557,238,59.7,62.1,59.7,95.7,58.5,0.000,0.000,0.00,0.000,3.1,3.9,0.5,126,5,3.2,4.2,0.5,124,4,3.1,3.9,0.5,126,5,0,29.90,,0,0,0,68.9,70.0,68.9,0.22,0.27,0.26
KIND,2017-08-21 03:05:00 EDT,42.41001,-73.71557,238,59.8,61.8,59.8,96.1,58.7,0.000,0.000,0.00,0.000,3.5,4.1,0.3,121,6,3.7,4.7,0.4,118,6,3.5,4.1,0.3,121,6,0,29.90,,0,0,0,68.9,70.0,68.9,0.22,0.27,0.26
KIND,2017-08-21 03:10:00 EDT,42.41001,-73.71557,238,59.9,61.0,59.9,96.1,58.8,0.000,0.000,0.00,0.000,3.8,4.5,0.3,95,8,4.3,5.1,0.4,91,9,3.8,4.5,0.3,95,8,0,29.90,,0,0,0,68.7,70.0,68.9,0.22,0.27,0.26
KIND,2017-08-21 03:15:00 EDT,42.41001,-73.71557,238,60.0,61.0,60.0,95.9,58.8,0.000,0.000,0.00,0.000,3.4,3.9,0.3,94,9,3.9,4.7,0.4,90,10,3.4,3.9,0.3,94,9,0,29.90,,0,0,0,68.6,70.0,68.9,0.22,0.27,0.26
KIND,2017-08-21 03:20:00 EDT,42.41001,-73.71557,238,60.0,60.9,60.0,95.6,58.7,0.000,0.000,0.00,0.000,3.4,4.0,0.2,95,5,3.8,4.6,0.3,91,5,3.4,4.0,0.2,95,5,0,29.90,,0,0,0,68.5,70.0,68.9,0.22,0.27,0.26
KIND,2017-08-21 03:25:00 EDT,42.41001,-73.71557,238,59.9,61.1,59.9,95.6,58.6,0.000,0.000,0.00,0.000,2.7,3.7,0.5,88,5,3.1,4.3,0.6,83,7,2.7,3.7,0.5,88,5,0,29.90,,0,0,0,68.5,70.0,68.9,0.22,0.27,0.26
KIND,2017-08-21 03:30:00 EDT,42.41001,-73.71557,238,59.7,60.5,59.7,95.4,58.3,0.000,0.000,0.00,0.000,2.8,3.9,0.6,94,4,3.1,4.6,0.6,91,5,2.8,3.9,0.6,94,4,0,29.90,,0,0,0,68.5,70.0,68.9,0.22,0.27,0.26
KIND,2017-08-21 03:35:00 EDT,42.41001,-73.71557,238,59.6,60.5,59.6,95.3,58.2,0.000,0.000,0.00,0.000,1.6,2.8,0.4,91,5,1.9,3.1,0.4,85,8,1.6,2.8,0.4,91,5,0,29.90,,0,0,0,68.5,70.0,68.9,0.22,0.27,0.26
KIND,2017-08-21 03:40:00 EDT,42.41001,-73.71557,238,59.8,60.4,59.8,95.6,58.6,0.000,0.000,0.00,0.000,1.9,3.1,0.8,97,10,2.3,3.7,0.9,93,12,1.9,3.1,0.8,97,10,0,29.90,,0,0,0,68.5,69.9,68.9,0.22,0.27,0.26
KIND,2017-08-21 03:45:00 EDT,42.41001,-73.71557,238,59.4,60.3,59.4,95.2,58.1,0.000,0.000,0.00,0.000,2.0,2.8,0.3,83,4,2.4,3.2,0.4,76,6,2.0,2.8,0.3,83,4,0,29.90,,0,0,0,68.5,69.9,68.9,0.22,0.27,0.26
KIND,2017-08-21 03:50:00 EDT,42.41001,-73.71557,238,59.2,60.2,59.2,95.5,58.0,0.000,0.000,0.00,0.000,1.9,2.9,0.3,95,4,2.2,3.3,0.4,91,6,1.9,2.9,0.3,95,4,0,29.90,,0,0,0,68.5,69.9,68.9,0.22,0.27,0.26
KIND,2017-08-21 03:55:00 EDT,42.41001,-73.71557,238,59.4,60.2,59.4,95.6,58.1,0.000,0.000,0.00,0.000,2.3,2.9,0.4,85,9,2.6,3.7,0.5,80,10,2.3,2.9,0.4,85,9,0,29.91,,0,0,0,68.5,69.9,68.9,0.22,0.27,0.26
KIND,2017-08-21 04:00:00 EDT,42.41001,-73.71557,238,59.4,60.1,59.4,95.4,58.1,0.000,0.000,0.00,0.000,2.4,3.2,0.2,99,9,2.8,4.1,0.3,94,9,2.4,3.2,0.2,99,9,0,29.90,,0,0,0,68.5,69.9,68.9,0.22,0.27,0.26
KIND,2017-08-21 04:05:00 EDT,42.41001,-73.71557,238,59.1,59.7,59.1,95.1,57.7,0.000,0.000,0.00,0.000,2.1,2.8,0.3,117,13,2.7,3.6,0.5,110,10,2.1,2.8,0.3,117,13,0,29.90,,0,0,0,68.5,69.8,68.9,0.22,0.27,0.26
KIND,2017-08-21 04:10:00 EDT,42.41001,-73.71557,238,59.1,59.6,59.1,95.4,57.8,0.000,0.000,0.00,0.000,2.5,3.7,0.7,105,10,3.2,4.4,0.6,99,9,2.5,3.7,0.7,105,10,0,29.90,,0,0,0,68.5,69.8,68.9,0.22,0.27,0.26
KIND,2017-08-21 04:15:00 EDT,42.41001,-73.71557,238,59.0,59.4,59.0,95.5,57.7,0.000,0.000,0.00,0.000,2.0,3.1,0.5,127,16,2.6,4.0,0.6,118,11,2.0,3.1,0.5,127,16,0,29.91,,0,0,0,68.5,69.9,68.9,0.22,0.27,0.26
KIND,2017-08-21 04:20:00 EDT,42.41001,-73.71557,238,59.1,59.3,59.1,95.7,57.9,0.000,0.000,0.00,0.000,2.4,3.4,0.4,123,13,3.0,4.1,0.6,115,11,2.4,3.4,0.4,123,13,0,29.91,,0,0,0,68.5,69.9,68.9,0.22,0.27,0.26
KIND,2017-08-21 04:25:00 EDT,42.41001,-73.71557,238,59.0,59.3,59.0,96.0,57.8,0.000,0.000,0.00,0.000,2.2,3.5,0.4,110,9,3.3,4.1,0.4,104,7,2.2,3.5,0.4,110,9,0,29.91,,0,0,0,68.3,69.9,68.9,0.22,0.27,0.26
KIND,2017-08-21 04:30:00 EDT,42.41001,-73.71557,238,59.0,59.4,59.0,96.2,57.9,0.000,0.000,0.00,0.000,3.0,4.1,0.6,103,8,3.5,4.6,0.4,99,7,3.0,4.1,0.6,103,8,0,29.91,,0,0,0,68.2,69.9,68.9,0.22,0.27,0.26
KIND,2017-08-21 04:35:00 EDT,42.41001,-73.71557,238,58.8,59.5,58.8,95.9,57.7,0.000,0.000,0.00,0.000,3.1,4.2,0.5,115,12,3.6,4.7,0.6,110,9,3.1,4.2,0.5,115,12,0,29.91,,0,0,0,68.2,69.8,68.9,0.22,0.27,0.26
KIND,2017-08-21 04:40:00 EDT,42.41001,-73.71557,238,58.6,59.5,58.6,95.9,57.4,0.000,0.000,0.00,0.000,3.0,4.2,0.5,122,9,3.5,4.8,0.5,117,8,3.0,4.2,0.5,122,9,0,29.91,,0,0,0,68.2,69.9,68.9,0.22,0.27,0.26
KIND,2017-08-21 04:45:00 EDT,42.41001,-73.71557,238,58.8,59.6,58.8,96.3,57.7,0.000,0.000,0.00,0.000,3.2,4.8,0.7,112,9,3.7,5.0,0.7,109,8,3.2,4.8,0.7,112,9,0,29.91,,0,0,0,68.2,69.9,68.9,0.22,0.27,0.26
KIND,2017-08-21 04:50:00 EDT,42.41001,-73.71557,238,58.9,59.5,58.9,96.5,57.9,0.000,0.000,0.00,0.000,3.5,5.3,1.3,110,8,4.2,6.0,1.1,106,7,3.5,5.3,1.3,110,8,0,29.91,,0,0,0,68.2,69.8,68.9,0.22,0.27,0.26
KIND,2017-08-21 04:55:00 EDT,42.41001,-73.71557,238,59.2,59.7,59.2,96.3,58.1,0.000,0.000,0.00,0.000,5.0,6.6,0.8,97,7,5.4,7.3,0.9,93,7,5.0,6.6,0.8,97,7,0,29.91,,0,0,0,68.2,69.8,68.9,0.22,0.27,0.26
KIND,2017-08-21 05:00:00 EDT,42.41001,-73.71557,238,59.3,59.9,59.3,95.8,58.1,0.000,0.000,0.00,0.000,4.9,7.3,1.4,105,6,5.3,8.0,1.5,101,5,4.9,7.3,1.4,105,6,0,29.91,,0,0,0,68.2,69.7,68.9,0.22,0.27,0.26
KIND,2017-08-21 05:05:00 EDT,42.41001,-73.71557,238,59.1,59.5,59.1,95.6,57.8,0.000,0.000,0.00,0.000,3.3,5.0,0.9,113,8,3.9,6.0,0.9,109,7,3.3,5.0,0.9,113,8,0,29.91,,0,0,0,68.2,69.7,68.9,0.22,0.27,0.26
KIND,2017-08-21 05:10:00 EDT,42.41001,-73.71557,238,59.1,59.5,59.1,95.6,57.8,0.000,0.000,0.00,0.000,3.4,5.2,0.8,103,7,3.9,6.1,0.8,98,7,3.4,5.2,0.8,103,7,0,29.91,,0,0,0,68.2,69.7,68.9,0.22,0.27,0.26
KIND,2017-08-21 05:15:00 EDT,42.41001,-73.71557,238,58.8,59.3,58.8,95.6,57.6,0.000,0.000,0.00,0.000,2.0,3.2,0.8,110,11,3.1,4.3,0.5,102,9,2.0,3.2,0.8,110,11,0,29.91,,0,0,0,68.2,69.7,68.9,0.22,0.27,0.26
KIND,2017-08-21 05:20:00 EDT,42.41001,-73.71557,238,58.8,59.3,58.8,95.9,57.6,0.000,0.000,0.00,0.000,2.7,3.9,0.5,109,8,3.4,4.4,0.4,103,6,2.7,3.9,0.5,109,8,0,29.91,,0,0,0,68.2,69.7,68.9,0.22,0.27,0.26
KIND,2017-08-21 05:25:00 EDT,42.41001,-73.71557,238,58.9,59.2,58.9,96.0,57.7,0.000,0.000,0.00,0.000,1.8,2.7,0.5,135,13,2.4,3.6,0.5,122,9,1.8,2.7,0.5,135,13,0,29.91,,0,0,0,68.2,69.7,68.9,0.22,0.27,0.26
KIND,2017-08-21 05:30:00 EDT,42.41001,-73.71557,238,58.7,59.2,58.7,96.2,57.6,0.000,0.000,0.00,0.000,2.4,3.0,0.3,119,7,3.4,4.1,0.4,111,7,2.4,3.0,0.3,119,7,0,29.91,,0,0,0,68.1,69.7,68.9,0.22,0.27,0.26
KIND,2017-08-21 05:35:00 EDT,42.41001,-73.71557,238,58.6,59.3,58.6,96.3,57.6,0.000,0.000,0.00,0.000,3.7,5.0,0.7,105,6,4.3,5.7,0.5,101,5,3.7,5.0,0.7,105,6,0,29.91,,0,0,0,68.0,69.7,68.9,0.22,0.27,0.26
KIND,2017-08-21 05:40:00 EDT,42.41001,-73.71557,238,58.7,59.2,58.7,96.3,57.6,0.000,0.000,0.00,0.000,3.6,4.9,0.6,110,9,4.1,5.4,0.7,105,6,3.6,4.9,0.6,110,9,0,29.91,,0,0,0,67.8,69.7,68.9,0.22,0.27,0.26
KIND,2017-08-21 05:45:00 EDT,42.41001,-73.71557,238,58.6,59.1,58.6,96.1,57.4,0.000,0.000,0.00,0.000,3.0,4.5,0.7,116,9,3.6,5.0,0.6,111,7,3.0,4.5,0.7,116,9,0,29.91,,0,0,0,67.8,69.6,68.9,0.22,0.27,0.26
KIND,2017-08-21 05:50:00 EDT,42.41001,-73.71557,238,58.8,59.0,58.8,96.1,57.7,0.000,0.000,0.00,0.000,1.4,2.1,0.4,139,17,2.1,3.5,0.5,121,12,1.4,2.1,0.4,139,17,0,29.91,,0,0,0,67.8,69.6,68.9,0.22,0.26,0.26
KIND,2017-08-21 05:55:00 EDT,42.41001,-73.71557,238,58.8,59.0,58.8,96.0,57.7,0.000,0.000,0.00,0.000,1.2,2.3,0.5,124,18,2.7,3.9,0.6,108,11,1.2,2.3,0.5,124,18,0,29.91,,0,0,0,67.8,69.6,68.9,0.22,0.27,0.26
KIND,2017-08-21 06:00:00 EDT,42.41001,-73.71557,238,58.8,58.9,58.8,96.0,57.7,0.000,0.000,0.00,0.000,1.6,2.4,0.4,126,21,2.8,4.1,0.8,110,16,1.6,2.4,0.4,126,21,1,29.91,,0,0,0,67.8,69.6,68.9,0.22,0.27,0.26
KIND,2017-08-21 06:05:00 EDT,42.41001,-73.71557,238,58.6,59.2,58.6,95.9,57.5,0.000,0.000,0.00,0.000,1.9,3.0,0.5,142,17,2.4,4.0,0.6,128,11,1.9,3.0,0.5,142,17,3,29.92,,0,0,0,67.8,69.6,68.9,0.22,0.27,0.26
KIND,2017-08-21 06:10:00 EDT,42.41001,-73.71557,238,58.2,59.1,58.2,95.9,57.1,0.000,0.000,0.00,0.000,2.3,4.7,1.3,117,12,3.4,5.5,1.0,108,6,2.3,4.7,1.3,117,12,4,29.92,,0,0,0,67.8,69.6,68.9,0.22,0.27,0.26
KIND,2017-08-21 06:15:00 EDT,42.41001,-73.71557,238,58.3,59.0,58.3,96.1,57.2,0.000,0.000,0.00,0.000,3.5,4.9,0.8,121,8,3.9,6.0,0.8,116,8,3.5,4.9,0.8,121,8,6,29.91,,0,0,0,67.8,69.6,68.9,0.22,0.27,0.26
KIND,2017-08-21 06:20:00 EDT,42.41001,-73.71557,238,58.5,59.3,58.5,96.2,57.4,0.000,0.000,0.00,0.000,3.9,5.5,0.6,132,12,4.2,5.7,0.7,127,9,3.9,5.5,0.6,132,12,9,29.92,,0,0,0,67.8,69.6,68.9,0.22,0.27,0.26
KIND,2017-08-21 06:25:00 EDT,42.41001,-73.71557,238,58.7,59.2,58.7,96.1,57.6,0.000,0.000,0.00,0.000,3.7,4.4,0.4,155,9,3.9,5.0,0.4,147,10,3.7,4.4,0.4,155,9,12,29.92,,0,0,0,67.8,69.5,68.9,0.22,0.26,0.26
KIND,2017-08-21 06:30:00 EDT,42.41001,-73.71557,238,58.4,59.1,58.4,96.2,57.3,0.000,0.000,0.00,0.000,3.3,3.9,0.3,157,9,3.5,4.3,0.3,148,9,3.3,3.9,0.3,157,9,17,29.92,,0,0,0,67.8,69.5,68.9,0.22,0.27,0.26
KIND,2017-08-21 06:35:00 EDT,42.41001,-73.71557,238,58.3,59.2,58.3,96.6,57.3,0.000,0.000,0.00,0.000,3.8,4.7,0.6,143,3,4.1,5.2,0.7,135,3,3.8,4.7,0.6,143,3,21,29.92,,0,0,0,67.8,69.4,68.9,0.22,0.27,0.26
KIND,2017-08-21 06:40:00 EDT,42.41001,-73.71557,238,58.6,59.3,58.6,96.5,57.6,0.000,0.000,0.00,0.000,4.6,5.2,0.3,144,3,5.0,5.9,0.4,137,3,4.6,5.2,0.3,144,3,38,29.92,,0,0,0,67.8,69.4,68.9,0.22,0.27,0.26
KIND,2017-08-21 06:45:00 EDT,42.41001,-73.71557,238,58.9,59.7,58.9,96.2,57.8,0.000,0.000,0.00,0.000,4.1,4.7,0.2,147,5,4.3,5.4,0.3,139,5,4.1,4.7,0.2,147,5,50,29.92,,0,0,0,67.8,69.5,68.9,0.22,0.26,0.26
KIND,2017-08-21 06:50:00 EDT,42.41001,-73.71557,238,59.3,60.4,59.3,95.9,58.1,0.000,0.000,0.00,0.000,4.7,5.1,0.3,144,3,5.1,5.7,0.5,137,3,4.7,5.1,0.3,144,3,66,29.92,,0,0,0,67.8,69.4,68.9,0.22,0.26,0.26
KIND,2017-08-21 06:55:00 EDT,42.41001,-73.71557,238,59.9,60.9,59.9,95.2,58.6,0.000,0.000,0.00,0.000,3.8,4.5,0.3,145,4,4.0,5.0,0.4,138,4,3.8,4.5,0.3,145,4,76,29.92,,0,0,0,67.8,69.5,68.9,0.22,0.26,0.26
KIND,2017-08-21 07:00:00 EDT,42.41001,-73.71557,238,60.7,61.3,60.7,93.6,58.8,0.000,0.000,0.00,0.000,4.2,4.7,0.2,144,4,4.5,5.2,0.3,137,3,4.2,4.7,0.2,144,4,87,29.92,,0,0,0,67.8,69.4,68.9,0.22,0.27,0.26
KIND,2017-08-21 07:05:00 EDT,42.41001,-73.71557,238,60.7,61.2,60.7,94.0,59.0,0.000,0.000,0.00,0.000,3.3,4.2,0.4,159,7,3.6,4.9,0.4,151,7,3.3,4.2,0.4,159,7,73,29.93,,0,0,0,67.8,69.4,68.9,0.22,0.27,0.26
KIND,2017-08-21 07:10:00 EDT,42.41001,-73.71557,238,60.9,61.1,60.9,94.3,59.2,0.000,0.000,0.00,0.000,2.4,3.3,0.4,171,4,2.7,3.7,0.5,164,6,2.4,3.3,0.4,171,4,69,29.93,,0,0,0,67.8,69.4,68.9,0.22,0.27,0.26
KIND,2017-08-21 07:15:00 EDT,42.41001,-73.71557,238,61.3,61.4,61.3,94.0,59.6,0.000,0.000,0.00,0.000,1.6,2.2,0.3,145,10,1.7,2.9,0.3,137,9,1.6,2.2,0.3,145,10,103,29.93,,0,0,0,67.8,69.4,68.9,0.22,0.27,0.26
KIND,2017-08-21 07:20:00 EDT,42.41001,-73.71557,238,62.1,61.9,62.1,92.9,60.1,0.000,0.000,0.00,0.000,1.9,2.3,0.2,144,7,1.9,2.5,0.3,136,6,1.9,2.3,0.2,144,7,140,29.93,,0,0,0,67.8,69.4,68.9,0.22,0.27,0.26
KIND,2017-08-21 07:25:00 EDT,42.41001,-73.71557,238,62.5,62.3,62.5,92.5,60.3,0.000,0.000,0.00,0.000,1.9,2.6,0.4,155,7,2.0,3.1,0.4,146,7,1.9,2.6,0.4,155,7,124,29.93,,0,0,0,67.8,69.3,68.9,0.22,0.27,0.26
KIND,2017-08-21 07:30:00 EDT,42.41001,-73.71557,238,62.4,62.4,62.4,92.2,60.1,0.000,0.000,0.00,0.000,2.5,3.7,0.5,157,9,2.7,4.0,0.6,149,10,2.5,3.7,0.5,157,9,72,29.93,,0,0,0,67.8,69.3,68.9,0.22,0.27,0.26
KIND,2017-08-21 07:35:00 EDT,42.41001,-73.71557,238,62.5,62.5,62.5,92.4,60.3,0.000,0.000,0.00,0.000,1.5,2.8,0.4,146,9,1.6,3.0,0.3,138,9,1.5,2.8,0.4,146,9,92,29.93,,0,0,0,67.8,69.3,68.9,0.22,0.26,0.26
KIND,2017-08-21 07:40:00 EDT,42.41001,-73.71557,238,62.8,62.6,62.8,92.6,60.7,0.000,0.000,0.00,0.000,2.0,2.6,0.3,143,6,1.9,2.6,0.3,135,5,2.0,2.6,0.3,143,6,91,29.93,,0,0,0,67.8,69.3,68.9,0.22,0.27,0.26
KIND,2017-08-21 07:45:00 EDT,42.41001,-73.71557,238,62.8,62.7,62.8,93.8,61.0,0.000,0.000,0.00,0.000,2.1,3.2,0.4,156,9,2.3,3.7,0.5,149,11,2.1,3.2,0.4,156,9,99,29.93,,0,0,0,67.8,69.3,68.9,0.22,0.26,0.26
KIND,2017-08-21 07:50:00 EDT,42.41001,-73.71557,238,63.0,62.9,63.0,93.5,61.1,0.000,0.000,0.00,0.000,1.8,4.1,0.9,148,14,2.1,4.2,0.9,141,14,1.8,4.1,0.9,148,14,102,29.93,,0,0,0,67.8,69.3,68.9,0.22,0.27,0.26
KIND,2017-08-21 07:55:00 EDT,42.41001,-73.71557,238,63.5,63.1,63.5,92.8,61.3,0.000,0.000,0.00,0.000,2.6,3.8,0.6,146,10,2.6,4.2,0.7,139,10,2.6,3.8,0.6,146,10,132,29.93,,0,0,0,67.8,69.3,68.9,0.22,0.26,0.26
KIND,2017-08-21 08:00:00 EDT,42.41001,-73.71557,238,63.9,63.3,63.9,92.2,61.6,0.000,0.000,0.00,0.000,3.6,5.0,0.6,141,10,3.8,5.7,0.6,135,9,3.6,5.0,0.6,141,10,188,29.92,,0,0,0,67.8,69.3,68.9,0.22,0.26,0.26
KIND,2017-08-21 08:05:00 EDT,42.41001,-73.71557,238,64.1,63.6,64.1,91.9,61.6,0.000,0.000,0.00,0.000,3.2,4.8,0.7,159,20,3.4,5.5,0.9,154,20,3.2,4.8,0.7,159,20,179,29.92,,0,0,0,67.8,69.3,68.9,0.22,0.26,0.26
KIND,2017-08-21 08:10:00 EDT,42.41001,-73.71557,238,64.0,63.7,64.0,92.0,61.7,0.000,0.000,0.00,0.000,4.4,5.5,0.6,175,11,4.9,6.2,0.7,170,11,4.4,5.5,0.6,175,11,163,29.93,,0,0,0,67.8,69.3,68.9,0.22,0.26,0.26
KIND,2017-08-21 08:15:00 EDT,42.41001,-73.71557,238,64.3,63.8,64.3,90.9,61.6,0.000,0.000,0.00,0.000,3.4,4.8,0.6,189,10,3.8,5.6,0.8,185,9,3.4,4.8,0.6,189,10,242,29.93,,0,0,0,67.8,69.2,68.9,0.22,0.26,0.26
KIND,2017-08-21 08:20:00 EDT,42.41001,-73.71557,238,64.8,64.2,64.8,89.8,61.7,0.000,0.000,0.00,0.000,3.7,5.7,0.8,187,12,4.1,6.5,0.9,182,11,3.7,5.7,0.8,187,12,300,29.93,,0,0,0,67.9,69.2,68.9,0.22,0.27,0.26
KIND,2017-08-21 08:25:00 EDT,42.41001,-73.71557,238,65.2,64.7,65.2,89.2,62.0,0.000,0.000,0.00,0.000,4.0,5.8,0.6,175,11,4.6,7.0,0.7,170,12,4.0,5.8,0.6,175,11,285,29.93,,0,0,0,67.9,69.3,68.9,0.22,0.26,0.26
KIND,2017-08-21 08:30:00 EDT,42.41001,-73.71557,238,65.6,65.0,65.6,87.9,61.9,0.000,0.000,0.00,0.000,4.5,7.2,1.0,183,15,5.1,8.2,1.2,179,14,4.5,7.2,1.0,183,15,313,29.93,,0,0,0,68.2,69.3,68.9,0.22,0.27,0.26
KIND,2017-08-21 08:35:00 EDT,42.41001,-73.71557,238,66.0,65.4,66.0,87.3,62.1,0.000,0.000,0.00,0.000,4.6,7.7,1.1,190,18,5.2,8.5,1.2,186,18,4.6,7.7,1.1,190,18,234,29.93,,0,0,0,68.2,69.3,68.9,0.22,0.27,0.26
KIND,2017-08-21 08:40:00 EDT,42.41001,-73.71557,238,66.0,65.5,66.0,87.5,62.2,0.000,0.000,0.00,0.000,4.7,6.9,1.0,188,10,5.1,8.2,1.1,184,10,4.7,6.9,1.0,188,10,278,29.93,,0,0,0,68.2,69.3,68.9,0.22,0.27,0.26
KIND,2017-08-21 08:45:00 EDT,42.41001,-73.71557,238,66.2,65.7,66.2,86.9,62.2,0.000,0.000,0.00,0.000,3.4,7.1,1.3,199,15,3.9,8.1,1.4,194,14,3.4,7.1,1.3,199,15,281,29.93,,0,0,0,68.2,69.2,68.9,0.22,0.26,0.26
KIND,2017-08-21 08:50:00 EDT,42.41001,-73.71557,238,66.5,65.9,66.5,86.5,62.3,0.000,0.000,0.00,0.000,3.4,5.6,0.8,196,15,3.8,6.3,0.9,192,15,3.4,5.6,0.8,196,15,325,29.93,,0,0,0,68.2,69.2,68.9,0.22,0.26,0.26
KIND,2017-08-21 08:55:00 EDT,42.41001,-73.71557,238,67.1,66.2,67.1,85.6,62.6,0.000,0.000,0.00,0.000,2.5,3.9,0.7,220,20,2.7,4.3,0.8,214,19,2.5,3.9,0.7,220,20,387,29.93,,0,0,0,68.2,69.2,68.9,0.22,0.26,0.26
KIND,2017-08-21 09:00:00 EDT,42.41001,-73.71557,238,67.7,66.7,67.7,85.2,63.1,0.000,0.000,0.00,0.000,2.6,4.8,0.8,199,19,3.1,4.9,0.8,195,17,2.6,4.8,0.8,199,19,417,29.93,,0,0,0,68.2,69.2,68.9,0.22,0.27,0.26
KIND,2017-08-21 09:05:00 EDT,42.41001,-73.71557,238,68.3,67.3,68.3,84.4,63.4,0.000,0.000,0.00,0.000,4.5,9.7,1.9,189,11,5.1,11.1,2.2,184,10,4.5,9.7,1.9,189,11,440,29.93,,0,0,0,68.2,69.3,68.9,0.22,0.26,0.26
KIND,2017-08-21 09:10:00 EDT,42.41001,-73.71557,238,68.2,67.3,68.2,83.7,63.0,0.000,0.000,0.00,0.000,6.1,10.1,1.4,177,13,6.8,10.3,1.5,174,11,6.1,10.1,1.4,177,13,420,29.92,,0,0,0,68.5,69.2,68.9,0.22,0.27,0.26
KIND,2017-08-21 09:15:00 EDT,42.41001,-73.71557,238,69.1,67.9,69.1,85.2,64.4,0.000,0.000,0.00,0.000,5.2,7.2,1.0,171,12,5.7,8.2,1.1,167,13,5.2,7.2,1.0,171,12,428,29.92,,0,0,0,68.5,69.2,68.9,0.22,0.26,0.26
KIND,2017-08-21 09:20:00 EDT,42.41001,-73.71557,238,69.2,68.0,69.2,81.8,63.4,0.000,0.000,0.00,0.000,6.0,10.0,1.5,172,15,6.6,10.5,1.7,168,16,6.0,10.0,1.5,172,15,475,29.92,,0,0,0,68.5,69.2,68.9,0.22,0.27,0.26
KIND,2017-08-21 09:25:00 EDT,42.41001,-73.71557,238,68.9,67.8,68.9,80.4,62.6,0.000,0.000,0.00,0.000,6.7,8.9,1.3,180,15,7.3,10.1,1.4,175,14,6.7,8.9,1.3,180,15,432,29.92,,0,0,0,68.5,69.2,68.9,0.22,0.26,0.26
KIND,2017-08-21 09:30:00 EDT,42.41001,-73.71557,238,69.2,68.1,69.2,81.5,63.3,0.000,0.000,0.00,0.000,5.9,8.8,1.3,193,12,6.4,9.2,1.3,188,11,5.9,8.8,1.3,193,12,506,29.92,,0,0,0,68.5,69.1,68.9,0.22,0.27,0.26
KIND,2017-08-21 09:35:00 EDT,42.41001,-73.71557,238,69.6,68.5,69.6,80.7,63.4,0.000,0.000,0.00,0.000,5.3,7.8,1.4,198,11,5.7,8.5,1.4,193,10,5.3,7.8,1.4,198,11,433,29.92,,0,0,0,68.5,69.1,68.9,0.22,0.26,0.26
KIND,2017-08-21 09:40:00 EDT,42.41001,-73.71557,238,69.4,68.6,69.4,80.1,63.0,0.000,0.000,0.00,0.000,5.8,9.1,1.4,191,11,6.4,9.9,1.4,187,9,5.8,9.1,1.4,191,11,368,29.92,,0,0,0,68.5,69.1,68.9,0.22,0.26,0.26
KIND,2017-08-21 09:45:00 EDT,42.41001,-73.71557,238,70.4,69.3,70.4,81.8,64.6,0.000,0.000,0.00,0.000,5.4,8.0,1.3,181,15,6.2,8.9,1.3,176,13,5.4,8.0,1.3,181,15,558,29.91,,0,0,0,68.6,69.2,68.9,0.22,0.26,0.26
KIND,2017-08-21 09:50:00 EDT,42.41001,-73.71557,238,70.5,69.6,70.5,79.1,63.7,0.000,0.000,0.00,0.000,5.1,7.3,0.8,182,12,5.7,7.9,1.0,178,12,5.1,7.3,0.8,182,12,336,29.91,,0,0,0,68.8,69.1,68.9,0.22,0.27,0.26
KIND,2017-08-21 09:55:00 EDT,42.41001,-73.71557,238,70.8,69.9,70.8,80.0,64.3,0.000,0.000,0.00,0.000,5.6,7.4,1.1,179,12,6.1,8.3,1.3,175,11,5.6,7.4,1.1,179,12,508,29.91,,0,0,0,68.9,69.1,68.9,0.22,0.26,0.26
KIND,2017-08-21 10:00:00 EDT,42.41001,-73.71557,238,71.8,70.5,71.8,78.3,64.7,0.000,0.000,0.00,0.000,4.4,7.0,1.1,182,18,4.9,7.5,1.1,179,18,4.4,7.0,1.1,182,18,524,29.91,,0,0,0,68.9,69.2,68.9,0.22,0.26,0.26
KIND,2017-08-21 10:05:00 EDT,42.41001,-73.71557,238,72.0,70.8,72.0,76.2,64.2,0.000,0.000,0.00,0.000,4.8,6.8,1.1,190,21,5.3,8.3,1.3,185,20,4.8,6.8,1.1,190,21,568,29.91,,0,0,0,68.9,69.1,68.9,0.22,0.27,0.26
KIND,2017-08-21 10:10:00 EDT,42.41001,-73.71557,238,72.5,71.2,72.5,77.4,65.0,0.000,0.000,0.00,0.000,4.4,6.9,1.0,190,16,5.0,7.8,1.1,185,15,4.4,6.9,1.0,190,16,564,29.91,,0,0,0,68.9,69.0,68.9,0.22,0.27,0.26
KIND,2017-08-21 10:15:00 EDT,42.41001,-73.71557,238,72.9,71.6,72.9,75.6,64.7,0.000,0.000,0.00,0.000,4.7,8.5,1.5,191,15,5.2,8.8,1.6,186,14,4.7,8.5,1.5,191,15,583,29.91,,0,0,0,69.1,69.0,68.9,0.22,0.27,0.26
KIND,2017-08-21 10:20:00 EDT,42.41001,-73.71557,238,73.4,71.9,73.4,74.8,64.9,0.000,0.000,0.00,0.000,5.3,8.7,1.5,186,19,5.8,9.4,1.7,181,19,5.3,8.7,1.5,186,19,564,29.92,,0,0,0,69.2,69.1,68.9,0.22,0.26,0.26
KIND,2017-08-21 10:25:00 EDT,42.41001,-73.71557,238,73.5,72.1,73.5,73.7,64.6,0.000,0.000,0.00,0.000,4.8,7.1,1.3,194,17,5.3,7.8,1.2,189,16,4.8,7.1,1.3,194,17,623,29.92,,0,0,0,69.3,69.1,68.9,0.22,0.27,0.26
KIND,2017-08-21 10:30:00 EDT,42.41001,-73.71557,238,74.0,72.6,74.0,74.7,65.5,0.000,0.000,0.00,0.000,5.8,10.2,1.5,194,17,6.3,10.8,1.6,190,15,5.8,10.2,1.5,194,17,630,29.92,,0,0,0,69.3,69.0,68.9,0.22,0.26,0.26
KIND,2017-08-21 10:35:00 EDT,42.41001,-73.71557,238,74.0,72.5,74.0,74.4,65.4,0.000,0.000,0.00,0.000,6.5,9.0,1.1,191,11,7.2,10.4,1.2,186,9,6.5,9.0,1.1,191,11,643,29.92,,0,0,0,69.3,69.1,68.9,0.22,0.26,0.26
KIND,2017-08-21 10:40:00 EDT,42.41001,-73.71557,238,74.5,73.0,74.5,73.4,65.4,0.000,0.000,0.00,0.000,4.8,7.7,1.4,188,13,5.5,9.6,1.5,184,13,4.8,7.7,1.4,188,13,650,29.92,,0,0,0,69.4,69.0,68.9,0.22,0.27,0.26
KIND,2017-08-21 10:45:00 EDT,42.41001,-73.71557,238,74.7,73.3,74.7,72.3,65.2,0.000,0.000,0.00,0.000,6.4,9.5,1.5,189,11,6.9,10.3,1.6,185,10,6.4,9.5,1.5,189,11,664,29.92,,0,0,0,69.6,69.0,68.9,0.22,0.26,0.26
KIND,2017-08-21 10:50:00 EDT,42.41001,-73.71557,238,75.4,73.6,75.4,74.6,66.8,0.000,0.000,0.00,0.000,5.6,8.5,1.4,177,19,6.1,10.0,1.6,173,18,5.6,8.5,1.4,177,19,672,29.92,,0,0,0,69.6,69.0,68.9,0.22,0.27,0.26
KIND,2017-08-21 10:55:00 EDT,42.41001,-73.71557,238,76.2,74.4,76.2,71.8,66.5,0.000,0.000,0.00,0.000,5.1,8.0,1.3,171,18,5.7,9.5,1.4,166,18,5.1,8.0,1.3,171,18,681,29.92,,0,0,0,69.7,69.0,68.9,0.22,0.27,0.26
KIND,2017-08-21 11:00:00 EDT,42.41001,-73.71557,238,76.5,74.8,76.5,71.6,66.7,0.000,0.000,0.00,0.000,4.7,8.2,1.6,187,20,5.1,9.0,1.7,183,19,4.7,8.2,1.6,187,20,691,29.92,,0,0,0,69.9,69.0,68.9,0.22,0.27,0.26
KIND,2017-08-21 11:05:00 EDT,42.41001,-73.71557,238,76.9,75.4,76.9,71.6,67.1,0.000,0.000,0.00,0.000,3.6,7.5,1.5,198,30,4.0,7.8,1.5,196,32,3.6,7.5,1.5,198,30,701,29.92,,0,0,0,70.0,69.1,68.9,0.22,0.27,0.26
KIND,2017-08-21 11:10:00 EDT,42.41001,-73.71557,238,77.1,75.6,77.1,68.3,65.8,0.000,0.000,0.00,0.000,4.1,6.4,1.2,205,20,4.4,7.2,1.3,201,20,4.1,6.4,1.2,205,20,712,29.92,,0,0,0,70.0,69.0,68.9,0.22,0.27,0.26
KIND,2017-08-21 11:15:00 EDT,42.41001,-73.71557,238,77.3,75.8,77.3,70.5,67.0,0.000,0.000,0.00,0.000,5.4,7.8,1.3,185,18,5.8,9.7,1.5,180,17,5.4,7.8,1.3,185,18,725,29.91,,0,0,0,70.0,69.0,68.9,0.22,0.27,0.26
KIND,2017-08-21 11:20:00 EDT,42.41001,-73.71557,238,77.7,76.4,77.7,69.6,67.0,0.000,0.000,0.00,0.000,3.4,6.4,1.1,183,25,4.0,8.1,1.3,181,23,3.4,6.4,1.1,183,25,742,29.91,,0,0,0,70.2,69.1,68.9,0.22,0.27,0.26
KIND,2017-08-21 11:25:00 EDT,42.41001,-73.71557,238,78.4,76.6,78.4,70.5,68.0,0.000,0.000,0.00,0.000,5.8,11.3,1.9,169,17,6.4,12.0,2.1,165,17,5.8,11.3,1.9,169,17,642,29.91,,0,0,0,70.3,69.0,68.9,0.22,0.27,0.26
KIND,2017-08-21 11:30:00 EDT,42.41001,-73.71557,238,78.7,76.6,78.7,68.7,67.6,0.000,0.000,0.00,0.000,5.6,8.4,1.2,168,14,6.1,9.1,1.4,164,14,5.6,8.4,1.2,168,14,735,29.90,,0,0,0,70.3,69.0,68.9,0.22,0.26,0.26
KIND,2017-08-21 11:35:00 EDT,42.41001,-73.71557,238,78.1,76.4,78.1,68.3,66.8,0.000,0.000,0.00,0.000,5.5,8.2,1.6,175,14,6.0,9.6,1.9,171,14,5.5,8.2,1.6,175,14,736,29.90,,0,0,0,70.3,69.0,68.9,0.22,0.27,0.26
KIND,2017-08-21 11:40:00 EDT,42.41001,-73.71557,238,78.4,76.8,78.4,67.4,66.8,0.000,0.000,0.00,0.000,6.0,8.5,1.2,187,13,6.6,9.6,1.3,182,12,6.0,8.5,1.2,187,13,771,29.90,,0,0,0,70.4,69.0,68.9,0.22,0.27,0.26
KIND,2017-08-21 11:45:00 EDT,42.41001,-73.71557,238,78.6,77.2,78.6,67.7,67.0,0.000,0.000,0.00,0.000,6.1,8.7,1.2,185,13,6.7,9.9,1.5,181,11,6.1,8.7,1.2,185,13,778,29.90,,0,0,0,70.7,69.0,68.9,0.22,0.27,0.26
KIND,2017-08-21 11:50:00 EDT,42.41001,-73.71557,238,79.4,77.9,79.4,68.4,68.1,0.000,0.000,0.00,0.000,6.9,11.6,1.8,171,16,7.3,12.7,1.9,167,16,6.9,11.6,1.8,171,16,772,29.90,,0,0,0,70.7,69.0,68.9,0.22,0.27,0.26
KIND,2017-08-21 11:55:00 EDT,42.41001,-73.71557,238,79.5,78.0,79.5,67.1,67.6,0.000,0.000,0.00,0.000,7.4,10.5,1.4,172,13,8.0,12.7,1.7,169,12,7.4,10.5,1.4,172,13,755,29.90,,0,0,0,70.7,69.0,68.9,0.22,0.26,0.26
KIND,2017-08-21 12:00:00 EDT,42.41001,-73.71557,238,79.9,78.4,79.9,66.1,67.5,0.000,0.000,0.00,0.000,7.0,11.4,1.7,178,17,7.6,11.8,1.7,174,15,7.0,11.4,1.7,178,17,787,29.89,,0,0,0,70.7,69.0,68.9,0.22,0.27,0.26
KIND,2017-08-21 12:05:00 EDT,42.41001,-73.71557,238,80.7,79.0,83.7,66.9,68.7,0.000,0.000,0.00,0.000,7.2,10.7,1.6,164,13,7.7,12.5,1.9,159,12,7.2,10.7,1.6,164,13,794,29.89,,0,0,0,70.8,69.0,68.9,0.22,0.26,0.26
KIND,2017-08-21 12:10:00 EDT,42.41001,-73.71557,238,80.9,79.0,83.7,65.0,68.1,0.000,0.000,0.00,0.000,7.5,10.4,1.3,172,19,8.1,12.5,1.5,168,17,7.5,10.4,1.3,172,19,788,29.89,,0,0,0,71.1,69.0,68.9,0.21,0.26,0.26
KIND,2017-08-21 12:15:00 EDT,42.41001,-73.71557,238,80.5,79.1,82.7,62.3,66.4,0.000,0.000,0.00,0.000,6.2,9.6,1.3,196,10,7.0,10.3,1.5,192,9,6.2,9.6,1.3,196,10,769,29.88,,0,0,0,71.1,69.1,68.9,0.22,0.26,0.26
KIND,2017-08-21 12:20:00 EDT,42.41001,-73.71557,238,80.3,78.9,82.7,64.1,67.1,0.000,0.000,0.00,0.000,7.8,9.6,0.9,188,10,8.4,12.0,1.1,183,8,7.8,9.6,0.9,188,10,766,29.88,,0,0,0,71.2,69.0,68.9,0.22,0.26,0.26
KIND,2017-08-21 12:25:00 EDT,42.41001,-73.71557,238,80.8,79.4,83.2,63.4,67.2,0.000,0.000,0.00,0.000,5.7,8.9,1.4,194,11,6.2,11.4,1.6,189,9,5.7,8.9,1.4,194,11,794,29.88,,0,0,0,71.4,69.0,68.9,0.22,0.26,0.26
KIND,2017-08-21 12:30:00 EDT,42.41001,-73.71557,238,80.9,79.5,83.4,63.3,67.2,0.000,0.000,0.00,0.000,6.3,11.0,1.7,188,11,6.9,11.5,1.8,184,10,6.3,11.0,1.7,188,11,821,29.88,,0,0,0,71.4,69.1,68.9,0.22,0.27,0.26
KIND,2017-08-21 12:35:00 EDT,42.41001,-73.71557,238,81.2,79.8,83.8,63.6,67.7,0.000,0.000,0.00,0.000,6.9,9.6,1.3,188,12,7.5,10.6,1.5,184,11,6.9,9.6,1.3,188,12,808,29.87,,0,0,0,71.4,69.0,68.9,0.22,0.26,0.26
KIND,2017-08-21 12:40:00 EDT,42.41001,-73.71557,238,81.3,79.9,84.2,64.9,68.4,0.000,0.000,0.00,0.000,6.3,8.9,1.6,181,14,7.0,9.8,1.8,178,14,6.3,8.9,1.6,181,14,774,29.87,,0,0,0,71.4,69.0,68.9,0.21,0.26,0.26
KIND,2017-08-21 12:45:00 EDT,42.41001,-73.71557,238,81.8,80.4,84.8,63.4,68.1,0.000,0.000,0.00,0.000,6.2,9.9,1.8,186,11,6.8,11.2,2.0,181,11,6.2,9.9,1.8,186,11,779,29.87,,0,0,0,71.7,69.0,68.9,0.21,0.26,0.26
KIND,2017-08-21 12:50:00 EDT,42.41001,-73.71557,238,82.4,80.8,86.2,65.8,69.8,0.000,0.000,0.00,0.000,7.1,11.5,1.9,171,12,7.9,12.0,1.9,167,12,7.1,11.5,1.9,171,12,984,29.87,,0,0,0,71.8,69.0,68.9,0.22,0.26,0.26
KIND,2017-08-21 12:55:00 EDT,42.41001,-73.71557,238,83.2,81.1,86.5,61.4,68.5,0.000,0.000,0.00,0.000,8.1,11.0,1.0,175,17,8.8,12.1,1.3,171,17,8.1,11.0,1.0,175,17,1001,29.87,,0,0,0,71.8,69.1,68.9,0.22,0.26,0.26
KIND,2017-08-21 13:00:00 EDT,42.41001,-73.71557,238,82.6,81.1,85.7,61.5,68.1,0.000,0.000,0.00,0.000,7.0,10.2,1.8,173,14,7.8,11.4,1.8,168,13,7.0,10.2,1.8,173,14,857,29.87,,0,0,0,72.2,69.0,68.9,0.22,0.26,0.26
KIND,2017-08-21 13:05:00 EDT,42.41001,-73.71557,238,83.4,81.6,87.1,62.4,69.2,0.000,0.000,0.00,0.000,5.6,8.2,1.4,154,15,6.1,9.2,1.5,149,13,5.6,8.2,1.4,154,15,981,29.86,,0,0,0,72.3,69.0,68.9,0.21,0.26,0.26
KIND,2017-08-21 13:10:00 EDT,42.41001,-73.71557,238,84.1,82.4,88.1,61.4,69.4,0.000,0.000,0.00,0.000,6.0,9.3,1.6,159,20,6.8,10.3,1.7,155,19,6.0,9.3,1.6,159,20,881,29.86,,0,0,0,72.3,69.1,68.9,0.21,0.27,0.26
KIND,2017-08-21 13:15:00 EDT,42.41001,-73.71557,238,83.4,82.0,86.1,57.9,67.0,0.000,0.000,0.00,0.000,5.7,9.9,1.7,201,29,6.2,10.4,1.7,196,30,5.7,9.9,1.7,201,29,1001,29.86,,0,0,0,72.5,69.1,68.9,0.21,0.26,0.26
KIND,2017-08-21 13:20:00 EDT,42.41001,-73.71557,238,83.3,82.3,85.7,57.1,66.5,0.000,0.000,0.00,0.000,4.7,7.7,1.6,208,20,5.3,8.6,1.5,206,21,4.7,7.7,1.6,208,20,522,29.86,,0,0,0,72.7,69.1,68.9,0.21,0.27,0.26
KIND,2017-08-21 13:25:00 EDT,42.41001,-73.71557,238,82.2,81.7,84.3,57.8,65.9,0.000,0.000,0.00,0.000,7.8,11.7,2.0,191,17,8.3,13.0,2.2,184,15,7.8,11.7,2.0,191,17,482,29.86,,0,0,0,72.7,69.1,68.9,0.21,0.26,0.26
KIND,2017-08-21 13:30:00 EDT,42.41001,-73.71557,238,82.1,81.7,84.6,60.0,66.9,0.000,0.000,0.00,0.000,6.4,9.7,1.6,185,14,7.0,10.5,1.6,182,13,6.4,9.7,1.6,185,14,435,29.86,,0,0,0,72.7,69.2,68.9,0.21,0.27,0.26
KIND,2017-08-21 13:35:00 EDT,42.41001,-73.71557,238,82.1,81.7,84.6,59.9,66.8,0.000,0.000,0.00,0.000,7.4,10.8,1.3,178,11,8.0,14.0,1.6,175,11,7.4,10.8,1.3,178,11,517,29.86,,0,0,0,72.7,69.2,68.9,0.21,0.27,0.26
KIND,2017-08-21 13:40:00 EDT,42.41001,-73.71557,238,82.5,81.9,84.5,56.5,65.5,0.000,0.000,0.00,0.000,8.6,11.1,1.2,188,11,9.3,12.3,1.4,184,11,8.6,11.1,1.2,188,11,667,29.86,,0,0,0,72.8,69.2,68.9,0.21,0.27,0.26
KIND,2017-08-21 13:45:00 EDT,42.41001,-73.71557,238,83.5,82.5,86.1,57.9,67.1,0.000,0.000,0.00,0.000,5.9,11.3,1.7,197,18,6.5,12.2,2.1,193,15,5.9,11.3,1.7,197,18,829,29.86,,0,0,0,72.9,69.2,68.9,0.21,0.26,0.26
KIND,2017-08-21 13:50:00 EDT,42.41001,-73.71557,238,83.2,82.4,84.8,52.9,64.3,0.000,0.000,0.00,0.000,6.5,14.0,2.5,206,16,7.0,14.7,2.6,201,16,6.5,14.0,2.5,206,16,548,29.86,,0,0,0,73.0,69.2,68.9,0.21,0.26,0.26
KIND,2017-08-21 13:55:00 EDT,42.41001,-73.71557,238,82.3,81.9,83.4,52.0,62.9,0.000,0.000,0.00,0.000,7.8,11.8,2.0,203,12,8.4,13.0,2.2,197,11,7.8,11.8,2.0,203,12,432,29.86,,0,0,0,73.0,69.2,68.9,0.21,0.26,0.26
KIND,2017-08-21 14:00:00 EDT,42.41001,-73.71557,238,82.4,82.0,84.3,56.0,65.1,0.000,0.000,0.00,0.000,4.7,8.4,1.4,207,22,5.3,9.7,1.5,204,23,4.7,8.4,1.4,207,22,447,29.86,,0,0,0,73.0,69.2,68.9,0.21,0.26,0.26
KIND,2017-08-21 14:05:00 EDT,42.41001,-73.71557,238,82.4,82.1,84.3,56.4,65.4,0.000,0.000,0.00,0.000,6.9,9.6,1.3,188,17,7.6,11.0,1.7,185,14,6.9,9.6,1.3,188,17,429,29.86,,0,0,0,73.0,69.2,68.9,0.21,0.26,0.26
KIND,2017-08-21 14:10:00 EDT,42.41001,-73.71557,238,82.5,82.1,84.3,55.9,65.1,0.000,0.000,0.00,0.000,6.9,9.3,1.1,194,11,7.5,11.0,1.3,189,10,6.9,9.3,1.1,194,11,483,29.86,,0,0,0,73.0,69.3,68.9,0.21,0.26,0.26
KIND,2017-08-21 14:15:00 EDT,42.41001,-73.71557,238,82.4,82.0,84.1,54.9,64.6,0.000,0.000,0.00,0.000,6.5,9.2,1.3,197,12,7.1,9.6,1.3,193,11,6.5,9.2,1.3,197,12,502,29.85,,0,0,0,73.0,69.3,68.9,0.21,0.26,0.26
KIND,2017-08-21 14:20:00 EDT,42.41001,-73.71557,238,82.7,82.4,85.6,60.8,67.8,0.000,0.000,0.00,0.000,4.4,6.8,1.3,181,21,5.0,7.8,1.3,180,21,4.4,6.8,1.3,181,21,400,29.85,,0,0,0,73.0,69.3,68.9,0.21,0.27,0.26
KIND,2017-08-21 14:25:00 EDT,42.41001,-73.71557,238,82.0,81.8,84.2,59.1,66.3,0.000,0.000,0.00,0.000,3.7,6.3,1.0,211,15,3.8,7.2,1.2,207,15,3.7,6.3,1.0,211,15,209,29.85,,0,0,0,73.0,69.2,68.9,0.21,0.27,0.26
KIND,2017-08-21 14:30:00 EDT,42.41001,-73.71557,238,81.6,81.5,83.8,59.3,66.1,0.000,0.000,0.00,0.000,2.5,5.1,0.9,217,18,2.7,5.4,1.0,212,20,2.5,5.1,0.9,217,18,183,29.85,,0,0,0,73.0,69.3,68.9,0.21,0.26,0.26
KIND,2017-08-21 14:35:00 EDT,42.41001,-73.71557,238,81.3,81.1,83.3,58.4,65.4,0.000,0.000,0.00,0.000,3.0,5.5,1.0,237,14,3.2,6.4,1.2,236,13,3.0,5.5,1.0,237,14,139,29.84,,0,0,0,73.0,69.2,68.9,0.21,0.26,0.26
KIND,2017-08-21 14:40:00 EDT,42.41001,-73.71557,238,80.9,80.9,83.0,60.3,65.9,0.000,0.000,0.00,0.000,2.2,3.6,0.5,225,18,2.3,4.1,0.6,221,19,2.2,3.6,0.5,225,18,123,29.84,,0,0,0,73.0,69.3,68.8,0.21,0.26,0.26
KIND,2017-08-21 14:45:00 EDT,42.41001,-73.71557,238,80.6,80.6,82.8,62.4,66.5,0.000,0.000,0.00,0.000,1.9,3.2,0.5,214,17,1.9,3.0,0.5,211,18,1.9,3.2,0.5,214,17,115,29.84,,0,0,0,73.0,69.3,68.9,0.21,0.27,0.26
KIND,2017-08-21 14:50:00 EDT,42.41001,-73.71557,238,80.6,80.5,82.9,62.9,66.8,0.000,0.000,0.00,0.000,2.0,3.1,0.6,201,11,2.3,3.5,0.6,199,11,2.0,3.1,0.6,201,11,155,29.84,,0,0,0,73.0,69.3,68.9,0.21,0.26,0.26
KIND,2017-08-21 14:55:00 EDT,42.41001,-73.71557,238,80.7,80.6,83.6,67.0,68.7,0.000,0.000,0.00,0.000,2.7,3.8,0.6,180,11,3.1,4.7,0.6,176,11,2.7,3.8,0.6,180,11,240,29.84,,0,0,0,73.0,69.3,68.8,0.21,0.27,0.26
KIND,2017-08-21 15:00:00 EDT,42.41001,-73.71557,238,81.3,81.2,84.4,65.8,68.8,0.000,0.000,0.00,0.000,3.1,4.6,0.6,173,11,3.6,5.5,0.7,169,13,3.1,4.6,0.6,173,11,331,29.84,,0,0,0,73.0,69.3,68.8,0.21,0.26,0.26
KIND,2017-08-21 15:05:00 EDT,42.41001,-73.71557,238,81.5,81.5,84.5,64.5,68.4,0.000,0.000,0.00,0.000,2.9,4.2,0.6,167,7,3.3,4.8,0.7,162,10,2.9,4.2,0.6,167,7,204,29.83,,0,0,0,73.0,69.3,68.8,0.21,0.27,0.26
KIND,2017-08-21 15:10:00 EDT,42.41001,-73.71557,238,81.3,81.5,84.4,65.6,68.7,0.000,0.000,0.00,0.000,3.3,5.0,1.0,171,10,3.6,5.8,1.0,166,12,3.3,5.0,1.0,171,10,116,29.83,,0,0,0,73.0,69.3,68.9,0.21,0.27,0.26
KIND,2017-08-21 15:15:00 EDT,42.41001,-73.71557,238,81.4,81.6,84.6,65.8,68.9,0.000,0.000,0.00,0.000,4.9,6.8,0.7,166,7,5.3,7.3,0.8,161,7,4.9,6.8,0.7,166,7,194,29.83,,0,0,0,73.0,69.4,68.7,0.21,0.27,0.26
KIND,2017-08-21 15:20:00 EDT,42.41001,-73.71557,238,81.5,81.8,84.7,65.5,68.8,0.000,0.000,0.00,0.000,3.9,5.7,0.7,165,12,4.3,6.5,0.8,161,13,3.9,5.7,0.7,165,12,282,29.83,,0,0,0,73.0,69.3,68.8,0.21,0.26,0.26
KIND,2017-08-21 15:25:00 EDT,42.41001,-73.71557,238,81.8,81.9,85.4,66.7,69.6,0.000,0.000,0.00,0.000,4.9,6.9,1.0,170,12,5.4,7.7,1.0,166,14,4.9,6.9,1.0,170,12,412,29.83,,0,0,0,73.0,69.3,68.8,0.21,0.26,0.26
KIND,2017-08-21 15:30:00 EDT,42.41001,-73.71557,238,82.5,81.9,86.1,64.6,69.3,0.000,0.000,0.00,0.000,6.7,12.6,1.7,180,13,7.3,14.2,1.8,176,13,6.7,12.6,1.7,180,13,515,29.83,,0,0,0,73.0,69.4,68.8,0.21,0.27,0.26
KIND,2017-08-21 15:35:00 EDT,42.41001,-73.71557,238,82.7,81.9,85.9,62.4,68.5,0.000,0.000,0.00,0.000,8.0,13.2,1.9,183,11,8.9,14.0,2.0,180,10,8.0,13.2,1.9,183,11,684,29.83,,0,0,0,73.0,69.4,68.8,0.21,0.26,0.26
KIND,2017-08-21 15:40:00 EDT,42.41001,-73.71557,238,82.8,82.1,86.2,62.7,68.8,0.000,0.000,0.00,0.000,6.5,9.2,1.3,176,12,7.1,11.6,1.5,174,11,6.5,9.2,1.3,176,12,493,29.83,,0,0,0,73.0,69.4,68.7,0.21,0.27,0.26
KIND,2017-08-21 15:45:00 EDT,42.41001,-73.71557,238,83.1,82.5,87.2,64.7,70.0,0.000,0.000,0.00,0.000,6.9,9.4,1.4,170,14,7.6,11.0,1.5,168,13,6.9,9.4,1.4,170,14,548,29.83,,0,0,0,73.0,69.4,68.8,0.21,0.26,0.26
KIND,2017-08-21 15:50:00 EDT,42.41001,-73.71557,238,82.8,82.4,86.3,62.6,68.8,0.000,0.000,0.00,0.000,7.6,13.7,2.1,178,16,8.4,16.1,2.3,175,14,7.6,13.7,2.1,178,16,378,29.83,,0,0,0,73.0,69.5,68.7,0.21,0.26,0.26
KIND,2017-08-21 15:55:00 EDT,42.41001,-73.71557,238,82.3,81.9,84.7,59.6,66.8,0.000,0.000,0.00,0.000,9.8,15.2,1.8,191,10,10.6,16.3,2.1,187,9,9.8,15.2,1.8,191,10,379,29.83,,0,0,0,73.0,69.5,68.7,0.21,0.27,0.26
KIND,2017-08-21 16:00:00 EDT,42.41001,-73.71557,238,82.2,81.9,84.8,60.4,67.1,0.000,0.000,0.00,0.000,8.2,11.8,1.3,184,12,8.9,13.3,1.5,180,11,8.2,11.8,1.3,184,12,446,29.83,,0,0,0,73.0,69.5,68.6,0.21,0.26,0.26
KIND,2017-08-21 16:05:00 EDT,42.41001,-73.71557,238,82.5,82.1,85.3,60.6,67.5,0.000,0.000,0.00,0.000,8.9,13.2,1.9,181,13,9.6,15.9,2.3,177,11,8.9,13.2,1.9,181,13,413,29.83,,0,0,0,73.0,69.6,68.6,0.21,0.26,0.26
KIND,2017-08-21 16:10:00 EDT,42.41001,-73.71557,238,82.2,82.0,84.9,61.1,67.5,0.000,0.000,0.00,0.000,7.3,12.1,1.9,182,13,8.0,13.3,2.2,178,12,7.3,12.1,1.9,182,13,304,29.83,,0,0,0,73.0,69.6,68.6,0.21,0.26,0.26
KIND,2017-08-21 16:15:00 EDT,42.41001,-73.71557,238,81.9,81.8,84.6,61.7,67.5,0.000,0.000,0.00,0.000,6.1,9.4,1.3,183,13,6.6,10.5,1.5,179,10,6.1,9.4,1.3,183,13,298,29.83,,0,0,0,73.1,69.6,68.6,0.21,0.26,0.26
KIND,2017-08-21 16:20:00 EDT,42.41001,-73.71557,238,82.4,82.0,85.4,61.5,67.9,0.000,0.000,0.00,0.000,7.0,9.5,1.4,192,15,7.7,10.8,1.5,187,13,7.0,9.5,1.4,192,15,543,29.83,,0,0,0,73.0,69.6,68.5,0.21,0.26,0.26
KIND,2017-08-21 16:25:00 EDT,42.41001,-73.71557,238,83.2,82.6,86.6,61.1,68.4,0.000,0.000,0.00,0.000,7.2,11.9,1.8,183,12,7.9,14.8,2.3,179,11,7.2,11.9,1.8,183,12,489,29.82,,0,0,0,73.1,69.6,68.6,0.21,0.26,0.26
KIND,2017-08-21 16:30:00 EDT,42.41001,-73.71557,238,82.3,82.1,85.0,60.6,67.3,0.000,0.000,0.00,0.000,8.2,11.8,1.6,182,12,8.9,13.3,1.9,178,11,8.2,11.8,1.6,182,12,317,29.82,,0,0,0,73.2,69.6,68.6,0.21,0.27,0.26
KIND,2017-08-21 16:35:00 EDT,42.41001,-73.71557,238,82.4,82.0,85.4,61.6,67.9,0.000,0.000,0.00,0.000,8.7,12.3,1.8,180,12,9.3,14.3,1.9,177,10,8.7,12.3,1.8,180,12,442,29.82,,0,0,0,73.2,69.6,68.6,0.21,0.26,0.26
KIND,2017-08-21 16:40:00 EDT,42.41001,-73.71557,238,82.1,81.8,84.8,61.6,67.6,0.000,0.000,0.00,0.000,7.0,11.9,2.0,188,12,7.7,14.6,2.4,183,11,7.0,11.9,2.0,188,12,284,29.82,,0,0,0,73.3,69.6,68.6,0.21,0.26,0.26
KIND,2017-08-21 16:45:00 EDT,42.41001,-73.71557,238,81.6,81.7,84.5,63.7,68.1,0.000,0.000,0.00,0.000,5.5,9.0,1.3,180,15,6.0,10.4,1.4,176,15,5.5,9.0,1.3,180,15,255,29.82,,0,0,0,73.4,69.7,68.5,0.21,0.26,0.26
KIND,2017-08-21 16:50:00 EDT,42.41001,-73.71557,238,82.9,82.4,86.8,64.3,69.6,0.000,0.000,0.00,0.000,6.0,11.3,1.7,172,15,6.5,12.8,1.9,168,15,6.0,11.3,1.7,172,15,507,29.82,,0,0,0,73.2,69.7,68.6,0.21,0.26,0.26
KIND,2017-08-21 16:55:00 EDT,42.41001,-73.71557,238,83.2,82.7,86.7,61.6,68.6,0.000,0.000,0.00,0.000,5.4,8.3,1.4,182,14,6.0,9.4,1.5,178,14,5.4,8.3,1.4,182,14,319,29.82,,0,0,0,73.3,69.8,68.6,0.21,0.27,0.26
KIND,2017-08-21 17:00:00 EDT,42.41001,-73.71557,238,82.3,82.5,85.4,62.8,68.4,0.000,0.000,0.00,0.000,6.8,11.3,1.6,166,14,7.4,11.1,1.6,162,14,6.8,11.3,1.6,166,14,278,29.82,,0,0,0,73.2,69.7,68.6,0.21,0.26,0.26
KIND,2017-08-21 17:05:00 EDT,42.41001,-73.71557,238,83.0,82.7,86.5,62.2,68.8,0.000,0.000,0.00,0.000,5.8,8.2,1.5,175,14,6.3,9.6,1.6,170,16,5.8,8.2,1.5,175,14,415,29.82,,0,0,0,73.3,69.7,68.6,0.21,0.27,0.26
KIND,2017-08-21 17:10:00 EDT,42.41001,-73.71557,238,83.3,82.9,86.6,61.2,68.5,0.000,0.000,0.00,0.000,6.4,9.6,1.3,173,17,6.9,10.7,1.4,169,17,6.4,9.6,1.3,173,17,390,29.81,,0,0,0,73.3,69.7,68.6,0.21,0.26,0.26
KIND,2017-08-21 17:15:00 EDT,42.41001,-73.71557,238,83.3,83.0,87.0,62.6,69.2,0.000,0.000,0.00,0.000,6.0,9.4,1.2,171,13,6.6,10.2,1.4,167,13,6.0,9.4,1.2,171,13,367,29.81,,0,0,0,73.2,69.7,68.6,0.21,0.26,0.26
KIND,2017-08-21 17:20:00 EDT,42.41001,-73.71557,238,83.2,83.0,87.0,63.0,69.3,0.000,0.000,0.00,0.000,6.1,8.9,1.2,171,12,6.7,9.4,1.3,167,12,6.1,8.9,1.2,171,12,325,29.81,,0,0,0,73.3,69.7,68.6,0.21,0.26,0.26
KIND,2017-08-21 17:25:00 EDT,42.41001,-73.71557,238,83.1,83.0,86.4,61.3,68.4,0.000,0.000,0.00,0.000,7.1,12.3,1.5,171,13,7.7,14.1,1.8,168,13,7.1,12.3,1.5,171,13,336,29.81,,0,0,0,73.2,69.8,68.6,0.21,0.26,0.26
KIND,2017-08-21 17:30:00 EDT,42.41001,-73.71557,238,83.2,83.0,86.3,59.9,67.9,0.000,0.000,0.00,0.000,6.6,10.7,2.3,184,13,7.1,11.6,2.5,181,12,6.6,10.7,2.3,184,13,324,29.81,,0,0,0,73.3,69.8,68.6,0.21,0.26,0.26
KIND,2017-08-21 17:35:00 EDT,42.41001,-73.71557,238,83.3,82.9,86.7,61.4,68.6,0.000,0.000,0.00,0.000,4.9,8.0,1.4,191,12,5.4,9.0,1.6,187,11,4.9,8.0,1.4,191,12,310,29.81,,0,0,0,73.3,69.8,68.5,0.21,0.26,0.26
KIND,2017-08-21 17:40:00 EDT,42.41001,-73.71557,238,83.2,82.9,86.7,61.5,68.7,0.000,0.000,0.00,0.000,4.7,7.9,1.3,191,15,5.0,8.8,1.4,186,14,4.7,7.9,1.3,191,15,294,29.81,,0,0,0,73.2,69.9,68.5,0.21,0.26,0.26
KIND,2017-08-21 17:45:00 EDT,42.41001,-73.71557,238,83.1,82.8,86.1,59.7,67.7,0.000,0.000,0.00,0.000,7.1,13.3,2.5,201,13,7.6,14.0,2.7,195,11,7.1,13.3,2.5,201,13,278,29.81,,0,0,0,73.2,69.9,68.5,0.21,0.26,0.26
KIND,2017-08-21 17:50:00 EDT,42.41001,-73.71557,238,83.0,82.8,85.8,59.9,67.6,0.000,0.000,0.00,0.000,9.3,13.7,2.2,196,10,10.0,14.5,2.5,191,9,9.3,13.7,2.2,196,10,262,29.81,,0,0,0,73.2,69.9,68.5,0.21,0.26,0.26
KIND,2017-08-21 17:55:00 EDT,42.41001,-73.71557,238,82.9,82.7,85.7,60.0,67.5,0.000,0.000,0.00,0.000,6.8,9.7,1.3,199,12,7.3,11.9,1.5,195,11,6.8,9.7,1.3,199,12,247,29.81,,0,0,0,73.2,69.9,68.6,0.21,0.26,0.26
KIND,2017-08-21 18:00:00 EDT,42.41001,-73.71557,238,82.8,82.7,85.8,60.6,67.8,0.000,0.000,0.00,0.000,7.3,12.3,1.8,191,12,8.0,14.2,2.1,187,11,7.3,12.3,1.8,191,12,233,29.80,,0,0,0,73.2,69.9,68.6,0.21,0.26,0.26
KIND,2017-08-21 18:05:00 EDT,42.41001,-73.71557,238,82.7,82.6,85.9,61.6,68.2,0.000,0.000,0.00,0.000,6.6,10.7,1.4,191,12,7.2,12.1,1.7,188,10,6.6,10.7,1.4,191,12,219,29.80,,0,0,0,73.1,69.9,68.6,0.21,0.26,0.26
KIND,2017-08-21 18:10:00 EDT,42.41001,-73.71557,238,82.6,82.6,85.6,61.3,67.9,0.000,0.000,0.00,0.000,8.0,12.1,1.9,191,11,8.6,14.1,2.2,186,9,8.0,12.1,1.9,191,11,201,29.80,,0,0,0,73.1,69.9,68.6,0.21,0.26,0.26
KIND,2017-08-21 18:15:00 EDT,42.41001,-73.71557,238,82.5,82.4,85.8,63.2,68.7,0.000,0.000,0.00,0.000,6.4,10.4,1.7,186,13,7.0,12.1,1.9,183,12,6.4,10.4,1.7,186,13,186,29.80,,0,0,0,73.1,69.9,68.5,0.21,0.26,0.26
KIND,2017-08-21 18:20:00 EDT,42.41001,-73.71557,238,82.3,82.3,85.4,62.6,68.3,0.000,0.000,0.00,0.000,6.8,12.3,1.7,188,12,7.3,12.9,2.0,183,11,6.8,12.3,1.7,188,12,174,29.80,,0,0,0,73.0,69.9,68.6,0.21,0.26,0.26
KIND,2017-08-21 18:25:00 EDT,42.41001,-73.71557,238,82.1,82.2,85.2,63.3,68.4,0.000,0.000,0.00,0.000,5.3,11.0,1.5,189,18,5.8,11.6,1.6,186,15,5.3,11.0,1.5,189,18,162,29.80,,0,0,0,73.0,69.9,68.6,0.21,0.26,0.26
KIND,2017-08-21 18:30:00 EDT,42.41001,-73.71557,238,82.1,82.2,85.1,62.8,68.1,0.000,0.000,0.00,0.000,6.5,8.5,1.1,191,11,7.1,11.8,1.3,186,10,6.5,8.5,1.1,191,11,148,29.80,,0,0,0,73.0,69.9,68.5,0.21,0.26,0.26
KIND,2017-08-21 18:35:00 EDT,42.41001,-73.71557,238,81.8,81.9,84.9,63.8,68.4,0.000,0.000,0.00,0.000,4.6,9.4,1.5,188,11,5.2,10.2,1.8,184,11,4.6,9.4,1.5,188,11,135,29.80,,0,0,0,73.0,69.9,68.6,0.21,0.26,0.26
KIND,2017-08-21 18:40:00 EDT,42.41001,-73.71557,238,81.5,81.9,84.5,65.0,68.5,0.000,0.000,0.00,0.000,5.5,8.3,1.0,173,15,6.0,9.5,1.2,169,14,5.5,8.3,1.0,173,15,122,29.79,,0,0,0,73.0,69.9,68.6,0.21,0.26,0.26
KIND,2017-08-21 18:45:00 EDT,42.41001,-73.71557,238,81.3,81.8,84.4,65.5,68.7,0.000,0.000,0.00,0.000,5.7,8.7,1.5,175,14,6.2,9.4,1.6,169,15,5.7,8.7,1.5,175,14,110,29.79,,0,0,0,73.0,69.9,68.6,0.21,0.26,0.26
KIND,2017-08-21 18:50:00 EDT,42.41001,-73.71557,238,81.2,81.5,84.2,65.6,68.5,0.000,0.000,0.00,0.000,5.3,8.9,1.5,173,14,5.9,10.7,1.7,169,14,5.3,8.9,1.5,173,14,99,29.79,,0,0,0,73.0,69.9,68.5,0.21,0.26,0.26
KIND,2017-08-21 18:55:00 EDT,42.41001,-73.71557,238,80.7,81.2,83.7,66.7,68.6,0.000,0.000,0.00,0.000,3.2,5.2,0.8,172,12,3.5,5.8,0.9,168,13,3.2,5.2,0.8,172,12,87,29.79,,0,0,0,73.0,69.9,68.6,0.21,0.26,0.26
KIND,2017-08-21 19:00:00 EDT,42.41001,-73.71557,238,80.4,81.1,83.3,67.3,68.6,0.000,0.000,0.00,0.000,3.1,4.2,0.7,165,9,3.4,5.2,0.9,160,11,3.1,4.2,0.7,165,9,76,29.79,,0,0,0,73.0,70.0,68.5,0.21,0.26,0.26
KIND,2017-08-21 19:05:00 EDT,42.41001,-73.71557,238,79.8,80.8,79.8,68.0,68.3,0.000,0.000,0.00,0.000,3.7,5.0,0.5,164,8,4.1,5.3,0.6,159,8,3.7,5.0,0.5,164,8,64,29.79,,0,0,0,73.0,70.0,68.5,0.21,0.26,0.26
KIND,2017-08-21 19:10:00 EDT,42.41001,-73.71557,238,79.3,80.5,79.3,68.8,68.1,0.000,0.000,0.00,0.000,5.0,8.9,1.4,160,12,5.4,9.8,1.5,153,12,5.0,8.9,1.4,160,12,51,29.80,,0,0,0,73.0,70.0,68.6,0.21,0.26,0.26
KIND,2017-08-21 19:15:00 EDT,42.41001,-73.71557,238,79.5,80.3,79.5,69.8,68.8,0.000,0.000,0.00,0.000,4.8,7.5,1.1,170,9,5.4,8.2,1.1,166,8,4.8,7.5,1.1,170,9,44,29.80,,0,0,0,73.0,69.9,68.5,0.21,0.26,0.26
KIND,2017-08-21 19:20:00 EDT,42.41001,-73.71557,238,79.5,80.1,79.5,69.5,68.7,0.000,0.000,0.00,0.000,6.1,10.4,1.5,174,10,6.7,10.9,1.7,170,9,6.1,10.4,1.5,174,10,39,29.80,,0,0,0,73.0,70.0,68.6,0.21,0.26,0.26
KIND,2017-08-21 19:25:00 EDT,42.41001,-73.71557,238,79.0,79.9,79.0,70.2,68.4,0.000,0.000,0.00,0.000,5.6,8.7,1.2,169,12,6.2,10.1,1.4,165,11,5.6,8.7,1.2,169,12,28,29.79,,0,0,0,73.0,70.0,68.5,0.21,0.26,0.26
KIND,2017-08-21 19:30:00 EDT,42.41001,-73.71557,238,78.2,79.8,78.2,71.2,68.1,0.000,0.000,0.00,0.000,5.6,7.8,0.9,164,11,6.1,8.6,0.9,159,10,5.6,7.8,0.9,164,11,18,29.79,,0,0,0,73.0,70.0,68.5,0.21,0.26,0.26
KIND,2017-08-21 19:35:00 EDT,42.41001,-73.71557,238,78.3,79.5,78.3,72.1,68.5,0.000,0.000,0.00,0.000,4.8,7.2,0.8,167,10,5.3,8.5,1.0,162,9,4.8,7.2,0.8,167,10,10,29.79,,0,0,0,72.9,70.0,68.6,0.21,0.26,0.26
KIND,2017-08-21 19:40:00 EDT,42.41001,-73.71557,238,77.9,79.1,77.9,73.1,68.6,0.000,0.000,0.00,0.000,4.0,6.4,1.0,174,11,4.4,7.1,1.2,170,10,4.0,6.4,1.0,174,11,6,29.79,,0,0,0,72.7,70.0,68.6,0.21,0.26,0.26
KIND,2017-08-21 19:45:00 EDT,42.41001,-73.71557,238,77.8,79.0,77.8,74.3,68.9,0.000,0.000,0.00,0.000,4.5,6.4,0.8,173,11,5.0,7.4,0.9,168,9,4.5,6.4,0.8,173,11,4,29.80,,0,0,0,72.7,70.1,68.5,0.21,0.26,0.26
KIND,2017-08-21 19:50:00 EDT,42.41001,-73.71557,238,77.6,78.7,77.6,74.6,68.9,0.000,0.000,0.00,0.000,4.5,7.8,1.0,174,9,5.1,8.9,1.2,169,9,4.5,7.8,1.0,174,9,2,29.80,,0,0,0,72.7,70.1,68.5,0.21,0.26,0.26
KIND,2017-08-21 19:55:00 EDT,42.41001,-73.71557,238,77.0,78.5,77.0,75.5,68.7,0.000,0.000,0.00,0.000,4.3,5.8,0.6,172,10,4.8,7.4,0.9,168,10,4.3,5.8,0.6,172,10,1,29.80,,0,0,0,72.7,70.0,68.5,0.21,0.26,0.26
KIND,2017-08-21 20:00:00 EDT,42.41001,-73.71557,238,76.8,78.3,76.8,76.3,68.7,0.000,0.000,0.00,0.000,3.7,5.7,0.6,172,11,4.0,6.2,0.7,168,10,3.7,5.7,0.6,172,11,1,29.80,,0,0,0,72.7,70.1,68.5,0.21,0.26,0.26
KIND,2017-08-21 20:05:00 EDT,42.41001,-73.71557,238,76.0,78.1,76.0,77.7,68.5,0.000,0.000,0.00,0.000,3.8,5.5,0.6,168,9,4.2,6.7,0.7,163,10,3.8,5.5,0.6,168,9,0,29.80,,0,0,0,72.7,70.1,68.6,0.21,0.26,0.26
KIND,2017-08-21 20:10:00 EDT,42.41001,-73.71557,238,76.1,77.8,76.1,78.8,69.0,0.000,0.000,0.00,0.000,3.1,5.3,0.7,177,10,3.4,6.1,0.8,174,11,3.1,5.3,0.7,177,10,0,29.80,,0,0,0,72.7,70.1,68.5,0.21,0.26,0.26
KIND,2017-08-21 20:15:00 EDT,42.41001,-73.71557,238,75.8,77.8,75.8,79.2,68.9,0.000,0.000,0.00,0.000,3.8,5.6,0.7,176,10,4.1,6.2,0.8,172,10,3.8,5.6,0.7,176,10,0,29.81,,0,0,0,72.7,70.2,68.6,0.21,0.26,0.26
KIND,2017-08-21 20:20:00 EDT,42.41001,-73.71557,238,75.5,77.6,75.5,79.4,68.7,0.000,0.000,0.00,0.000,4.0,5.7,0.7,170,9,4.5,7.3,0.9,165,9,4.0,5.7,0.7,170,9,0,29.81,,0,0,0,72.7,70.2,68.6,0.21,0.26,0.26
KIND,2017-08-21 20:25:00 EDT,42.41001,-73.71557,238,75.0,77.3,75.0,79.5,68.2,0.000,0.000,0.00,0.000,4.2,6.4,0.7,158,10,4.5,7.2,0.9,152,8,4.2,6.4,0.7,158,10,0,29.80,,0,0,0,72.7,70.1,68.6,0.21,0.26,0.26
KIND,2017-08-21 20:30:00 EDT,42.41001,-73.71557,238,74.5,77.2,74.5,78.1,67.2,0.000,0.000,0.00,0.000,4.7,6.0,0.5,150,9,5.0,6.9,0.8,144,8,4.7,6.0,0.5,150,9,0,29.80,,0,0,0,72.6,70.2,68.6,0.21,0.26,0.26
KIND,2017-08-21 20:35:00 EDT,42.41001,-73.71557,238,74.3,77.0,74.3,78.3,67.1,0.000,0.000,0.00,0.000,5.4,7.7,0.7,149,8,5.7,7.6,0.9,143,6,5.4,7.7,0.7,149,8,0,29.80,,0,0,0,72.4,70.1,68.6,0.21,0.26,0.26
KIND,2017-08-21 20:40:00 EDT,42.41001,-73.71557,238,74.2,76.9,74.2,78.5,67.1,0.000,0.000,0.00,0.000,5.1,7.2,0.7,151,8,5.4,8.5,0.9,145,8,5.1,7.2,0.7,151,8,0,29.80,,0,0,0,72.3,70.1,68.6,0.21,0.26,0.26
KIND,2017-08-21 20:45:00 EDT,42.41001,-73.71557,238,74.3,76.9,74.3,79.0,67.3,0.000,0.000,0.00,0.000,5.3,7.0,0.6,153,9,5.6,7.2,0.6,148,8,5.3,7.0,0.6,153,9,0,29.80,,0,0,0,72.3,70.2,68.6,0.21,0.26,0.26
KIND,2017-08-21 20:50:00 EDT,42.41001,-73.71557,238,74.3,76.6,74.3,79.2,67.4,0.000,0.000,0.00,0.000,4.9,7.5,0.9,150,8,5.2,8.7,1.0,144,8,4.9,7.5,0.9,150,8,0,29.80,,0,0,0,72.3,70.2,68.6,0.21,0.26,0.26
KIND,2017-08-21 20:55:00 EDT,42.41001,-73.71557,238,73.8,76.4,73.8,81.3,67.7,0.000,0.000,0.00,0.000,4.5,5.9,0.6,155,7,4.8,6.4,0.7,149,8,4.5,5.9,0.6,155,7,0,29.80,,0,0,0,72.3,70.2,68.6,0.21,0.26,0.26
KIND,2017-08-21 21:00:00 EDT,42.41001,-73.71557,238,73.8,76.4,73.8,81.3,67.8,0.000,0.000,0.00,0.000,4.1,5.4,0.6,158,8,4.4,6.7,0.8,154,9,4.1,5.4,0.6,158,8,0,29.80,,0,0,0,72.3,70.2,68.6,0.21,0.26,0.26
KIND,2017-08-21 21:05:00 EDT,42.41001,-73.71557,238,74.0,76.4,74.0,82.2,68.2,0.000,0.000,0.00,0.000,4.7,6.5,0.8,160,9,5.1,8.2,1.0,155,9,4.7,6.5,0.8,160,9,0,29.80,,0,0,0,72.3,70.2,68.6,0.21,0.26,0.26
KIND,2017-08-21 21:10:00 EDT,42.41001,-73.71557,238,74.2,76.3,74.2,82.8,68.6,0.000,0.000,0.00,0.000,4.1,5.8,0.6,160,11,4.5,6.2,0.7,154,10,4.1,5.8,0.6,160,11,0,29.80,,0,0,0,72.3,70.2,68.6,0.21,0.26,0.26
KIND,2017-08-21 21:15:00 EDT,42.41001,-73.71557,238,74.3,76.3,74.3,83.5,69.0,0.000,0.000,0.00,0.000,4.3,6.1,0.7,166,9,4.7,7.0,0.8,161,9,4.3,6.1,0.7,166,9,0,29.80,,0,0,0,72.3,70.3,68.6,0.21,0.26,0.26
KIND,2017-08-21 21:20:00 EDT,42.41001,-73.71557,238,75.3,76.4,75.3,82.8,69.7,0.000,0.000,0.00,0.000,5.4,8.4,1.1,172,10,6.0,10.1,1.2,168,10,5.4,8.4,1.1,172,10,0,29.80,,0,0,0,72.3,70.2,68.7,0.21,0.26,0.26
KIND,2017-08-21 21:25:00 EDT,42.41001,-73.71557,238,75.4,76.2,75.4,82.3,69.6,0.000,0.000,0.00,0.000,6.1,9.3,1.1,170,9,6.6,10.0,1.3,165,10,6.1,9.3,1.1,170,9,0,29.80,,0,0,0,72.3,70.3,68.8,0.21,0.26,0.26
KIND,2017-08-21 21:30:00 EDT,42.41001,-73.71557,238,75.4,76.2,75.4,82.1,69.6,0.000,0.000,0.00,0.000,6.0,8.2,1.2,175,11,6.5,10.5,1.4,171,11,6.0,8.2,1.2,175,11,0,29.80,,0,0,0,72.3,70.3,68.8,0.21,0.26,0.26
KIND,2017-08-21 21:35:00 EDT,42.41001,-73.71557,238,75.5,76.3,75.5,82.4,69.7,0.000,0.000,0.00,0.000,5.4,8.0,1.1,175,13,5.9,9.2,1.2,172,10,5.4,8.0,1.1,175,13,0,29.80,,0,0,0,72.3,70.3,68.8,0.21,0.26,0.26
KIND,2017-08-21 21:40:00 EDT,42.41001,-73.71557,238,75.7,76.2,75.7,81.8,69.8,0.000,0.000,0.00,0.000,4.9,7.7,1.3,182,10,5.4,9.5,1.5,178,9,4.9,7.7,1.3,182,10,0,29.80,,0,0,0,72.3,70.3,68.8,0.21,0.26,0.26
KIND,2017-08-21 21:45:00 EDT,42.41001,-73.71557,238,75.4,76.0,75.4,81.9,69.5,0.000,0.000,0.00,0.000,4.0,5.8,0.9,180,10,4.2,6.9,1.0,176,11,4.0,5.8,0.9,180,10,0,29.80,,0,0,0,72.3,70.3,68.8,0.21,0.26,0.26
KIND,2017-08-21 21:50:00 EDT,42.41001,-73.71557,238,75.4,76.1,75.4,82.6,69.7,0.000,0.000,0.00,0.000,5.0,8.0,1.2,180,10,5.5,8.7,1.2,176,8,5.0,8.0,1.2,180,10,0,29.80,,0,0,0,72.3,70.3,68.8,0.21,0.26,0.26
KIND,2017-08-21 21:55:00 EDT,42.41001,-73.71557,238,75.1,76.0,75.1,82.4,69.4,0.000,0.000,0.00,0.000,4.6,7.1,1.0,171,14,5.1,8.3,1.1,167,13,4.6,7.1,1.0,171,14,0,29.80,,0,0,0,72.3,70.3,68.8,0.21,0.26,0.26
KIND,2017-08-21 22:00:00 EDT,42.41001,-73.71557,238,75.0,75.8,75.0,83.3,69.6,0.000,0.000,0.00,0.000,4.6,9.2,1.2,176,14,5.2,11.1,1.4,171,12,4.6,9.2,1.2,176,14,0,29.80,,0,0,0,72.3,70.3,68.8,0.21,0.26,0.26
KIND,2017-08-21 22:05:00 EDT,42.41001,-73.71557,238,75.0,75.8,75.0,83.6,69.7,0.000,0.000,0.00,0.000,4.8,8.1,0.9,176,10,5.2,8.7,1.0,171,9,4.8,8.1,0.9,176,10,0,29.80,,0,0,0,72.2,70.3,68.9,0.21,0.26,0.26
KIND,2017-08-21 22:10:00 EDT,42.41001,-73.71557,238,75.0,75.8,75.0,84.0,69.9,0.000,0.000,0.00,0.000,4.9,7.2,0.9,180,11,5.4,8.2,1.0,176,10,4.9,7.2,0.9,180,11,0,29.80,,0,0,0,72.1,70.3,68.9,0.21,0.26,0.26
KIND,2017-08-21 22:15:00 EDT,42.41001,-73.71557,238,75.2,75.8,75.2,83.4,69.8,0.000,0.000,0.00,0.000,4.9,7.6,1.3,186,11,5.4,8.8,1.4,181,10,4.9,7.6,1.3,186,11,0,29.80,,0,0,0,71.9,70.3,68.8,0.21,0.26,0.26
KIND,2017-08-21 22:20:00 EDT,42.41001,-73.71557,238,75.0,75.6,75.0,83.5,69.7,0.000,0.000,0.00,0.000,5.4,9.6,1.3,184,13,5.9,10.8,1.5,180,10,5.4,9.6,1.3,184,13,0,29.80,,0,0,0,71.8,70.3,68.8,0.21,0.26,0.26
KIND,2017-08-21 22:25:00 EDT,42.41001,-73.71557,238,75.1,75.5,75.1,83.6,69.8,0.000,0.000,0.00,0.000,5.1,8.0,1.1,182,12,5.6,10.7,1.4,178,11,5.1,8.0,1.1,182,12,0,29.80,,0,0,0,71.8,70.3,68.9,0.21,0.26,0.26
KIND,2017-08-21 22:30:00 EDT,42.41001,-73.71557,238,74.9,75.4,74.9,83.5,69.6,0.000,0.000,0.00,0.000,5.5,8.0,1.1,187,11,6.0,9.3,1.2,182,11,5.5,8.0,1.1,187,11,0,29.80,,0,0,0,71.8,70.3,68.9,0.21,0.26,0.26
KIND,2017-08-21 22:35:00 EDT,42.41001,-73.71557,238,74.9,75.4,74.9,83.6,69.6,0.000,0.000,0.00,0.000,4.5,7.8,1.2,185,13,4.9,9.0,1.2,181,12,4.5,7.8,1.2,185,13,0,29.80,,0,0,0,71.8,70.3,68.9,0.21,0.26,0.26
KIND,2017-08-21 22:40:00 EDT,42.41001,-73.71557,238,74.6,75.3,74.6,84.6,69.6,0.000,0.000,0.00,0.000,5.0,6.6,0.7,176,12,5.4,9.2,1.0,172,11,5.0,6.6,0.7,176,12,0,29.80,,0,0,0,71.8,70.3,68.9,0.21,0.26,0.26
KIND,2017-08-21 22:45:00 EDT,42.41001,-73.71557,238,74.3,75.0,74.3,85.2,69.6,0.000,0.000,0.00,0.000,3.8,6.4,1.0,180,11,4.1,7.4,1.1,175,12,3.8,6.4,1.0,180,11,0,29.80,,0,0,0,71.8,70.3,68.9,0.21,0.26,0.26
KIND,2017-08-21 22:50:00 EDT,42.41001,-73.71557,238,74.1,74.8,74.1,85.8,69.6,0.000,0.000,0.00,0.000,4.3,6.6,0.9,181,10,4.8,7.5,1.1,177,9,4.3,6.6,0.9,181,10,0,29.80,,0,0,0,71.8,70.3,68.9,0.21,0.26,0.26
KIND,2017-08-21 22:55:00 EDT,42.41001,-73.71557,238,73.7,74.7,73.7,86.5,69.4,0.000,0.000,0.00,0.000,4.7,7.2,0.9,169,11,5.3,7.8,1.1,166,11,4.7,7.2,0.9,169,11,0,29.80,,0,0,0,71.8,70.3,68.9,0.21,0.26,0.26
KIND,2017-08-21 23:00:00 EDT,42.41001,-73.71557,238,73.6,74.5,73.6,87.7,69.7,0.000,0.000,0.00,0.000,4.3,7.4,1.1,174,10,4.8,8.2,1.1,170,11,4.3,7.4,1.1,174,10,0,29.80,,0,0,0,71.8,70.3,68.9,0.21,0.26,0.26
KIND,2017-08-21 23:05:00 EDT,42.41001,-73.71557,238,73.2,74.2,73.2,88.1,69.4,0.000,0.000,0.00,0.000,3.4,4.5,0.6,172,9,3.8,5.3,0.7,168,9,3.4,4.5,0.6,172,9,0,29.79,,0,0,0,71.8,70.3,68.9,0.21,0.26,0.26
KIND,2017-08-21 23:10:00 EDT,42.41001,-73.71557,238,73.0,74.1,73.0,89.0,69.5,0.000,0.000,0.00,0.000,3.2,5.0,0.7,176,12,3.5,5.9,0.7,172,11,3.2,5.0,0.7,176,12,0,29.79,,0,0,0,71.8,70.3,68.9,0.21,0.26,0.26
KIND,2017-08-21 23:15:00 EDT,42.41001,-73.71557,238,73.2,74.2,73.2,89.1,69.8,0.000,0.000,0.00,0.000,4.2,6.7,0.9,183,10,4.6,8.3,1.1,179,10,4.2,6.7,0.9,183,10,0,29.80,,0,0,0,71.8,70.3,68.9,0.21,0.26,0.26
KIND,2017-08-21 23:20:00 EDT,42.41001,-73.71557,238,73.7,74.3,73.7,88.1,70.0,0.000,0.000,0.00,0.000,3.9,5.7,0.9,186,12,4.3,6.9,1.1,181,11,3.9,5.7,0.9,186,12,0,29.80,,0,0,0,71.8,70.3,68.9,0.21,0.26,0.26
KIND,2017-08-21 23:25:00 EDT,42.41001,-73.71557,238,73.7,74.3,73.7,87.3,69.7,0.000,0.000,0.00,0.000,3.8,5.3,0.7,185,10,4.3,6.6,0.9,181,9,3.8,5.3,0.7,185,10,0,29.80,,0,0,0,71.8,70.3,68.9,0.21,0.26,0.26
KIND,2017-08-21 23:30:00 EDT,42.41001,-73.71557,238,73.5,74.4,73.5,87.5,69.6,0.000,0.000,0.00,0.000,3.7,6.1,0.7,174,11,4.0,6.5,0.9,171,12,3.7,6.1,0.7,174,11,0,29.79,,0,0,0,71.8,70.3,68.9,0.21,0.26,0.26
KIND,2017-08-21 23:35:00 EDT,42.41001,-73.71557,238,73.3,74.3,73.3,88.0,69.5,0.000,0.000,0.00,0.000,3.2,6.4,1.0,180,13,3.6,6.9,1.1,175,13,3.2,6.4,1.0,180,13,0,29.79,,0,0,0,71.8,70.3,68.9,0.21,0.26,0.26
KIND,2017-08-21 23:40:00 EDT,42.41001,-73.71557,238,73.3,74.3,73.3,87.7,69.4,0.000,0.000,0.00,0.000,3.3,5.5,0.8,187,14,3.8,6.4,0.9,184,12,3.3,5.5,0.8,187,14,0,29.79,,0,0,0,71.8,70.3,68.9,0.21,0.26,0.26
KIND,2017-08-21 23:45:00 EDT,42.41001,-73.71557,238,73.4,74.2,73.4,87.9,69.6,0.000,0.000,0.00,0.000,2.5,5.0,0.9,188,17,2.9,6.1,1.1,184,17,2.5,5.0,0.9,188,17,0,29.79,,0,0,0,71.8,70.3,68.9,0.21,0.26,0.26
KIND,2017-08-21 23:50:00 EDT,42.41001,-73.71557,238,73.5,74.1,73.5,87.6,69.6,0.000,0.000,0.00,0.000,2.0,3.4,0.5,201,16,2.3,4.0,0.6,199,18,2.0,3.4,0.5,201,16,0,29.79,,0,0,0,71.7,70.3,68.9,0.21,0.26,0.26
KIND,2017-08-21 23:55:00 EDT,42.41001,-73.71557,238,73.3,74.0,73.3,87.0,69.2,0.000,0.000,0.00,0.000,1.0,2.6,0.5,190,18,1.5,3.3,0.5,186,18,1.0,2.6,0.5,190,18,0,29.79,,0,0,0,71.6,70.3,68.9,0.21,0.26,0.26
LAUR,2017-08-21 00:00:00 EDT,42.52526,-75.13690,1627,61.1,61.3,61.1,100.0,61.1,0.000,0.000,0.00,0.000,1.1,2.4,0.7,166,29,1.5,2.8,0.6,172,33,1.1,2.4,0.7,166,29,0,28.47,,0,0,0,66.7,66.7,65.1,0.23,0.34,0.23
LAUR,2017-08-21 00:05:00 EDT,42.52526,-75.13690,1627,60.6,61.8,60.6,100.0,60.6,0.000,0.000,0.00,0.000,1.1,2.8,0.8,156,23,1.4,3.3,0.8,153,28,1.1,2.8,0.8,156,23,0,28.47,,0,0,0,66.7,66.7,65.1,0.23,0.34,0.24
LAUR,2017-08-21 00:10:00 EDT,42.52526,-75.13690,1627,61.3,62.1,61.3,100.0,61.3,0.000,0.000,0.00,0.000,1.6,2.8,0.7,162,26,2.0,3.9,0.7,159,28,1.6,2.8,0.7,162,26,0,28.47,,0,0,0,66.7,66.7,65.1,0.23,0.34,0.23
LAUR,2017-08-21 00:15:00 EDT,42.52526,-75.13690,1627,61.4,62.3,61.4,100.0,61.4,0.000,0.000,0.00,0.000,1.7,3.0,0.7,158,20,2.0,3.7,0.7,157,22,1.7,3.0,0.7,158,20,0,28.47,,0,0,0,66.7,66.7,65.1,0.23,0.34,0.23
LAUR,2017-08-21 00:20:00 EDT,42.52526,-75.13690,1627,61.4,62.3,61.4,100.0,61.4,0.000,0.000,0.00,0.000,1.8,3.2,0.6,148,18,1.9,3.9,0.6,144,20,1.8,3.2,0.6,148,18,0,28.47,,0,0,0,66.7,66.7,65.1,0.23,0.34,0.23
LAUR,2017-08-21 00:25:00 EDT,42.52526,-75.13690,1627,61.4,62.4,61.4,100.0,61.4,0.000,0.000,0.00,0.000,2.1,3.4,0.5,152,19,2.5,5.1,0.7,152,20,2.1,3.4,0.5,152,19,0,28.47,,0,0,0,66.7,66.7,65.1,0.23,0.34,0.23
LAUR,2017-08-21 00:30:00 EDT,42.52526,-75.13690,1627,61.3,62.0,61.3,100.0,61.3,0.000,0.000,0.00,0.000,1.9,3.1,0.6,147,21,2.1,4.0,0.6,147,21,1.9,3.1,0.6,147,21,0,28.47,,0,0,0,66.7,66.7,65.1,0.23,0.34,0.23
LAUR,2017-08-21 00:35:00 EDT,42.52526,-75.13690,1627,61.2,61.5,61.2,100.0,61.2,0.000,0.000,0.00,0.000,1.9,3.1,0.6,151,30,2.2,4.0,0.6,150,31,1.9,3.1,0.6,151,30,0,28.47,,0,0,0,66.7,66.7,65.1,0.23,0.34,0.23
LAUR,2017-08-21 00:40:00 EDT,42.52526,-75.13690,1627,60.6,61.0,60.6,100.0,60.6,0.000,0.000,0.00,0.000,1.4,2.9,0.7,152,27,1.7,4.1,0.8,153,31,1.4,2.9,0.7,152,27,0,28.48,,0,0,0,66.7,66.7,65.1,0.23,0.34,0.23
LAUR,2017-08-21 00:45:00 EDT,42.52526,-75.13690,1627,60.6,60.8,60.6,100.0,60.6,0.000,0.000,0.00,0.000,1.5,3.3,0.8,143,20,2.0,4.6,0.9,144,26,1.5,3.3,0.8,143,20,0,28.48,,0,0,0,66.7,66.7,65.1,0.23,0.35,0.23
LAUR,2017-08-21 00:50:00 EDT,42.52526,-75.13690,1627,60.6,60.8,60.6,100.0,60.6,0.000,0.000,0.00,0.000,1.0,2.7,0.8,145,20,1.3,3.5,0.9,146,26,1.0,2.7,0.8,145,20,0,28.48,,0,0,0,66.6,66.7,65.1,0.23,0.34,0.23
LAUR,2017-08-21 00:55:00 EDT,42.52526,-75.13690,1627,60.5,61.2,60.5,100.0,60.5,0.000,0.000,0.00,0.000,1.4,3.0,0.8,159,44,1.7,4.6,1.0,152,40,1.4,3.0,0.8,159,44,0,28.48,,0,0,0,66.5,66.7,65.1,0.23,0.34,0.23
LAUR,2017-08-21 01:00:00 EDT,42.52526,-75.13690,1627,60.8,61.2,60.8,100.0,60.8,0.000,0.000,0.00,0.000,1.3,3.2,0.8,160,25,1.8,4.0,0.8,156,27,1.3,3.2,0.8,160,25,0,28.48,,0,0,0,66.5,66.7,65.1,0.23,0.34,0.23
LAUR,2017-08-21 01:05:00 EDT,42.52526,-75.13690,1627,60.8,61.1,60.8,100.0,60.8,0.000,0.000,0.00,0.000,2.8,5.4,1.1,151,22,3.2,7.2,1.2,150,25,2.8,5.4,1.1,151,22,0,28.48,,0,0,0,66.4,66.7,65.1,0.23,0.34,0.23
LAUR,2017-08-21 01:10:00 EDT,42.52526,-75.13690,1627,60.7,61.0,60.7,100.0,60.7,0.000,0.000,0.00,0.000,2.6,4.0,0.6,126,14,2.7,4.6,0.7,126,12,2.6,4.0,0.6,126,14,0,28.47,,0,0,0,66.4,66.7,65.1,0.23,0.34,0.23
LAUR,2017-08-21 01:15:00 EDT,42.52526,-75.13690,1627,60.9,61.4,60.9,100.0,60.9,0.000,0.000,0.00,0.000,1.9,3.9,0.8,144,22,2.2,5.2,0.9,142,20,1.9,3.9,0.8,144,22,0,28.47,,0,0,0,66.4,66.7,65.1,0.23,0.34,0.23
LAUR,2017-08-21 01:20:00 EDT,42.52526,-75.13690,1627,61.0,61.6,61.0,100.0,61.0,0.000,0.000,0.00,0.000,1.5,2.8,0.6,156,34,1.9,2.9,0.5,156,33,1.5,2.8,0.6,156,34,0,28.47,,0,0,0,66.4,66.6,65.1,0.23,0.34,0.24
LAUR,2017-08-21 01:25:00 EDT,42.52526,-75.13690,1627,61.2,61.8,61.2,100.0,61.2,0.000,0.000,0.00,0.000,0.8,2.2,0.7,170,21,1.2,2.5,0.7,169,26,0.8,2.2,0.7,170,21,0,28.47,,0,0,0,66.4,66.6,65.1,0.23,0.34,0.24
LAUR,2017-08-21 01:30:00 EDT,42.52526,-75.13690,1627,60.8,61.1,60.8,100.0,60.8,0.000,0.000,0.00,0.000,1.4,2.5,0.5,206,22,1.7,3.4,0.6,207,22,1.4,2.5,0.5,206,22,0,28.47,,0,0,0,66.4,66.6,65.1,0.23,0.34,0.24
LAUR,2017-08-21 01:35:00 EDT,42.52526,-75.13690,1627,59.5,60.2,59.5,100.0,59.5,0.000,0.000,0.00,0.000,0.7,1.5,0.4,196,25,1.1,1.9,0.4,195,29,0.7,1.5,0.4,196,25,0,28.47,,0,0,0,66.4,66.6,65.1,0.23,0.34,0.24
LAUR,2017-08-21 01:40:00 EDT,42.52526,-75.13690,1627,59.7,60.3,59.7,100.0,59.7,0.000,0.000,0.00,0.000,1.9,2.8,0.5,153,23,2.1,3.5,0.5,152,23,1.9,2.8,0.5,153,23,0,28.47,,0,0,0,66.4,66.5,65.1,0.23,0.34,0.23
LAUR,2017-08-21 01:45:00 EDT,42.52526,-75.13690,1627,60.2,60.6,60.2,100.0,60.2,0.000,0.000,0.00,0.000,1.5,3.2,0.6,139,21,1.9,3.7,0.7,138,24,1.5,3.2,0.6,139,21,0,28.47,,0,0,0,66.4,66.6,65.1,0.23,0.34,0.24
LAUR,2017-08-21 01:50:00 EDT,42.52526,-75.13690,1627,60.7,61.1,60.7,100.0,60.7,0.000,0.000,0.00,0.000,2.1,3.6,0.7,130,18,2.3,3.7,0.6,129,17,2.1,3.6,0.7,130,18,0,28.47,,0,0,0,66.4,66.5,65.1,0.23,0.34,0.24
LAUR,2017-08-21 01:55:00 EDT,42.52526,-75.13690,1627,60.7,61.6,60.7,100.0,60.7,0.000,0.000,0.00,0.000,2.1,3.1,0.5,127,17,2.3,3.6,0.5,128,18,2.1,3.1,0.5,127,17,0,28.47,,0,0,0,66.4,66.4,65.1,0.23,0.34,0.24
LAUR,2017-08-21 02:00:00 EDT,42.52526,-75.13690,1627,60.5,61.2,60.5,100.0,60.5,0.000,0.000,0.00,0.000,2.4,3.3,0.6,142,17,2.6,4.4,0.7,140,16,2.4,3.3,0.6,142,17,0,28.47,,0,0,0,66.4,66.5,65.1,0.23,0.34,0.23
LAUR,2017-08-21 02:05:00 EDT,42.52526,-75.13690,1627,60.2,60.9,60.2,100.0,60.2,0.000,0.000,0.00,0.000,2.1,3.7,0.8,140,16,2.2,4.0,0.8,138,17,2.1,3.7,0.8,140,16,0,28.47,,0,0,0,66.4,66.4,65.1,0.23,0.34,0.24
LAUR,2017-08-21 02:10:00 EDT,42.52526,-75.13690,1627,60.1,60.9,60.1,100.0,60.1,0.000,0.000,0.00,0.000,1.0,2.5,0.6,160,23,1.4,3.4,0.6,160,26,1.0,2.5,0.6,160,23,0,28.47,,0,0,0,66.4,66.4,65.1,0.23,0.34,0.24
LAUR,2017-08-21 02:15:00 EDT,42.52526,-75.13690,1627,59.1,60.1,59.1,100.0,59.1,0.000,0.000,0.00,0.000,0.4,2.3,0.6,192,13,0.9,2.4,0.8,190,26,0.4,2.3,0.6,192,13,0,28.47,,0,0,0,66.3,66.4,65.1,0.23,0.34,0.24
LAUR,2017-08-21 02:20:00 EDT,42.52526,-75.13690,1627,58.5,60.1,58.5,100.0,58.5,0.000,0.000,0.00,0.000,1.2,2.9,0.6,127,12,1.4,3.2,0.6,122,12,1.2,2.9,0.6,127,12,0,28.47,,0,0,0,66.2,66.4,65.1,0.23,0.34,0.24
LAUR,2017-08-21 02:25:00 EDT,42.52526,-75.13690,1627,58.5,59.9,58.5,100.0,58.5,0.000,0.000,0.00,0.000,1.1,2.4,0.6,127,24,1.4,2.5,0.6,125,27,1.1,2.4,0.6,127,24,0,28.47,,0,0,0,66.3,66.4,65.1,0.23,0.34,0.24
LAUR,2017-08-21 02:30:00 EDT,42.52526,-75.13690,1627,58.8,60.0,58.8,100.0,58.8,0.000,0.000,0.00,0.000,0.9,2.3,0.5,126,17,1.2,2.7,0.6,122,21,0.9,2.3,0.5,126,17,0,28.47,,0,0,0,66.1,66.4,65.1,0.23,0.34,0.24
LAUR,2017-08-21 02:35:00 EDT,42.52526,-75.13690,1627,59.1,60.2,59.1,100.0,59.1,0.000,0.000,0.00,0.000,1.1,2.1,0.5,143,19,1.5,2.7,0.5,139,19,1.1,2.1,0.5,143,19,0,28.47,,0,0,0,66.0,66.4,65.1,0.23,0.34,0.24
LAUR,2017-08-21 02:40:00 EDT,42.52526,-75.13690,1627,59.6,60.0,59.6,100.0,59.6,0.000,0.000,0.00,0.000,1.1,2.0,0.5,142,17,1.4,2.3,0.5,143,22,1.1,2.0,0.5,142,17,0,28.47,,0,0,0,66.0,66.4,65.1,0.23,0.34,0.24
LAUR,2017-08-21 02:45:00 EDT,42.52526,-75.13690,1627,59.6,60.2,59.6,100.0,59.6,0.000,0.000,0.00,0.000,1.6,3.6,0.8,149,18,1.9,3.7,0.7,143,20,1.6,3.6,0.8,149,18,0,28.47,,0,0,0,66.0,66.4,65.1,0.23,0.34,0.23
LAUR,2017-08-21 02:50:00 EDT,42.52526,-75.13690,1627,59.7,60.2,59.7,100.0,59.7,0.000,0.000,0.00,0.000,1.7,3.0,0.6,159,18,2.1,3.7,0.7,160,21,1.7,3.0,0.6,159,18,0,28.47,,0,0,0,66.0,66.4,65.1,0.23,0.34,0.24
LAUR,2017-08-21 02:55:00 EDT,42.52526,-75.13690,1627,59.6,59.8,59.6,100.0,59.6,0.000,0.000,0.00,0.000,2.2,3.7,0.7,151,20,2.4,5.0,0.9,155,23,2.2,3.7,0.7,151,20,0,28.47,,0,0,0,66.0,66.4,65.1,0.23,0.34,0.23
LAUR,2017-08-21 03:00:00 EDT,42.52526,-75.13690,1627,59.6,59.5,59.6,100.0,59.6,0.000,0.000,0.00,0.000,1.2,3.4,0.8,147,25,1.6,3.6,0.9,146,29,1.2,3.4,0.8,147,25,0,28.48,,0,0,0,66.0,66.4,65.1,0.23,0.34,0.24
LAUR,2017-08-21 03:05:00 EDT,42.52526,-75.13690,1627,59.5,59.6,59.5,100.0,59.5,0.000,0.000,0.00,0.000,1.1,2.3,0.6,159,24,1.6,3.0,0.6,156,28,1.1,2.3,0.6,159,24,0,28.48,,0,0,0,66.0,66.4,65.1,0.23,0.34,0.23
LAUR,2017-08-21 03:10:00 EDT,42.52526,-75.13690,1627,59.3,59.5,59.3,100.0,59.3,0.000,0.000,0.00,0.000,1.9,3.3,0.9,146,15,2.1,3.9,0.8,145,18,1.9,3.3,0.9,146,15,0,28.48,,0,0,0,66.0,66.4,65.1,0.23,0.34,0.24
LAUR,2017-08-21 03:15:00 EDT,42.52526,-75.13690,1627,59.3,59.5,59.3,100.0,59.3,0.000,0.000,0.00,0.000,1.9,3.2,0.7,148,22,2.4,4.9,0.8,146,21,1.9,3.2,0.7,148,22,0,28.48,,0,0,0,66.0,66.4,65.1,0.23,0.34,0.24
LAUR,2017-08-21 03:20:00 EDT,42.52526,-75.13690,1627,59.5,59.6,59.5,100.0,59.5,0.000,0.000,0.00,0.000,1.3,2.5,0.6,144,18,1.7,3.3,0.6,146,22,1.3,2.5,0.6,144,18,0,28.48,,0,0,0,66.0,66.4,65.1,0.23,0.34,0.23
LAUR,2017-08-21 03:25:00 EDT,42.52526,-75.13690,1627,59.3,59.8,59.3,100.0,59.3,0.000,0.000,0.00,0.000,1.9,3.5,0.7,155,23,2.4,4.3,0.8,155,26,1.9,3.5,0.7,155,23,0,28.48,,0,0,0,66.0,66.4,65.1,0.23,0.34,0.23
LAUR,2017-08-21 03:30:00 EDT,42.52526,-75.13690,1627,59.2,59.5,59.2,100.0,59.2,0.000,0.000,0.00,0.000,2.1,3.7,0.7,152,21,2.3,5.1,0.8,148,21,2.1,3.7,0.7,152,21,0,28.48,,0,0,0,66.0,66.4,65.1,0.23,0.34,0.23
LAUR,2017-08-21 03:35:00 EDT,42.52526,-75.13690,1627,59.3,59.5,59.3,100.0,59.3,0.000,0.000,0.00,0.000,1.8,2.8,0.4,139,19,2.0,3.2,0.5,136,16,1.8,2.8,0.4,139,19,0,28.48,,0,0,0,66.0,66.4,65.1,0.23,0.34,0.24
LAUR,2017-08-21 03:40:00 EDT,42.52526,-75.13690,1627,59.4,60.0,59.4,100.0,59.4,0.000,0.000,0.00,0.000,1.8,3.3,0.7,135,17,1.9,3.6,0.6,133,19,1.8,3.3,0.7,135,17,0,28.48,,0,0,0,65.9,66.4,65.1,0.23,0.34,0.23
LAUR,2017-08-21 03:45:00 EDT,42.52526,-75.13690,1627,59.6,60.4,59.6,100.0,59.6,0.000,0.000,0.00,0.000,1.6,2.4,0.4,125,18,1.9,3.0,0.5,124,17,1.6,2.4,0.4,125,18,0,28.48,,0,0,0,65.9,66.4,65.1,0.23,0.34,0.23
LAUR,2017-08-21 03:50:00 EDT,42.52526,-75.13690,1627,59.4,60.6,59.4,100.0,59.4,0.000,0.000,0.00,0.000,1.4,2.0,0.3,141,20,1.7,2.4,0.4,139,19,1.4,2.0,0.3,141,20,0,28.48,,0,0,0,65.8,66.4,65.1,0.23,0.34,0.23
LAUR,2017-08-21 03:55:00 EDT,42.52526,-75.13690,1627,58.0,59.0,58.0,100.0,58.0,0.000,0.000,0.00,0.000,1.1,1.6,0.4,187,14,1.5,2.1,0.3,188,17,1.1,1.6,0.4,187,14,0,28.48,,0,0,0,65.8,66.4,65.1,0.23,0.34,0.23
LAUR,2017-08-21 04:00:00 EDT,42.52526,-75.13690,1627,57.6,58.5,57.6,100.0,57.6,0.000,0.000,0.00,0.000,0.5,1.7,0.5,155,26,1.0,2.1,0.6,150,34,0.5,1.7,0.5,155,26,0,28.48,,0,0,0,65.8,66.4,65.1,0.23,0.34,0.23
LAUR,2017-08-21 04:05:00 EDT,42.52526,-75.13690,1627,57.0,58.4,57.0,100.0,57.0,0.000,0.000,0.00,0.000,0.6,1.4,0.4,104,13,0.9,2.0,0.6,103,16,0.6,1.4,0.4,104,13,0,28.48,,0,0,0,65.8,66.4,65.1,0.23,0.34,0.23
LAUR,2017-08-21 04:10:00 EDT,42.52526,-75.13690,1627,57.3,58.0,57.3,100.0,57.3,0.000,0.000,0.00,0.000,0.2,1.2,0.3,73,3,0.6,1.9,0.5,68,19,0.2,1.2,0.3,73,3,0,28.48,,0,0,0,65.8,66.4,65.1,0.23,0.34,0.24
LAUR,2017-08-21 04:15:00 EDT,42.52526,-75.13690,1627,57.2,58.5,57.2,100.0,57.2,0.000,0.000,0.00,0.000,0.0,0.0,0.0,0,0,0.1,1.1,0.3,148,23,0.0,0.0,0.0,0,0,0,28.47,,0,0,0,65.8,66.4,65.1,0.23,0.34,0.23
LAUR,2017-08-21 04:20:00 EDT,42.52526,-75.13690,1627,56.9,58.3,56.9,100.0,56.9,0.000,0.000,0.00,0.000,0.7,1.4,0.5,149,11,1.0,1.8,0.5,151,18,0.7,1.4,0.5,149,11,0,28.48,,0,0,0,65.8,66.4,65.1,0.23,0.34,0.23
LAUR,2017-08-21 04:25:00 EDT,42.52526,-75.13690,1627,56.4,58.3,56.4,100.0,56.4,0.000,0.000,0.00,0.000,0.0,0.0,0.0,0,0,0.2,0.9,0.3,203,10,0.0,0.0,0.0,0,0,0,28.48,,0,0,0,65.8,66.4,65.1,0.23,0.34,0.23
LAUR,2017-08-21 04:30:00 EDT,42.52526,-75.13690,1627,56.2,57.8,56.2,100.0,56.2,0.000,0.000,0.00,0.000,0.1,1.1,0.2,209,0,0.6,1.4,0.4,216,8,0.1,1.1,0.2,209,0,0,28.48,,0,0,0,65.8,66.4,65.1,0.23,0.34,0.23
LAUR,2017-08-21 04:35:00 EDT,42.52526,-75.13690,1627,56.3,57.2,56.3,100.0,56.3,0.000,0.000,0.00,0.000,0.5,0.9,0.4,209,0,0.7,1.3,0.5,208,9,0.5,0.9,0.4,209,0,0,28.48,,0,0,0,65.8,66.4,65.1,0.23,0.34,0.23
LAUR,2017-08-21 04:40:00 EDT,42.52526,-75.13690,1627,56.5,57.7,56.5,100.0,56.5,0.000,0.000,0.00,0.000,1.4,2.9,0.8,111,13,1.8,3.2,0.7,109,20,1.4,2.9,0.8,111,13,0,28.48,,0,0,0,65.8,66.4,65.1,0.23,0.34,0.23
LAUR,2017-08-21 04:45:00 EDT,42.52526,-75.13690,1627,56.6,58.2,56.6,100.0,56.6,0.000,0.000,0.00,0.000,1.5,2.2,0.4,123,9,1.7,2.5,0.4,121,11,1.5,2.2,0.4,123,9,0,28.48,,0,0,0,65.8,66.4,65.1,0.23,0.34,0.23
LAUR,2017-08-21 04:50:00 EDT,42.52526,-75.13690,1627,56.5,58.1,56.5,100.0,56.5,0.000,0.000,0.00,0.000,1.0,2.0,0.4,154,19,1.4,3.1,0.4,152,22,1.0,2.0,0.4,154,19,0,28.48,,0,0,0,65.8,66.4,65.1,0.23,0.34,0.23
LAUR,2017-08-21 04:55:00 EDT,42.52526,-75.13690,1627,56.5,58.1,56.5,100.0,56.5,0.000,0.000,0.00,0.000,1.2,2.0,0.4,125,10,1.5,2.5,0.4,124,11,1.2,2.0,0.4,125,10,0,28.48,,0,0,0,65.8,66.4,65.1,0.23,0.34,0.23
LAUR,2017-08-21 05:00:00 EDT,42.52526,-75.13690,1627,56.5,57.7,56.5,100.0,56.5,0.000,0.000,0.00,0.000,0.5,1.2,0.4,125,19,0.9,1.8,0.5,136,38,0.5,1.2,0.4,125,19,0,28.48,,0,0,0,65.8,66.4,65.1,0.23,0.34,0.23
LAUR,2017-08-21 05:05:00 EDT,42.52526,-75.13690,1627,55.9,56.5,55.9,100.0,55.9,0.000,0.000,0.00,0.000,1.5,2.2,0.5,218,13,1.7,2.5,0.5,215,15,1.5,2.2,0.5,218,13,0,28.49,,0,0,0,65.8,66.4,65.1,0.23,0.34,0.23
LAUR,2017-08-21 05:10:00 EDT,42.52526,-75.13690,1627,55.7,56.4,55.7,100.0,55.7,0.000,0.000,0.00,0.000,0.5,2.4,0.6,169,19,0.8,2.9,0.7,163,28,0.5,2.4,0.6,169,19,0,28.49,,0,0,0,65.8,66.4,65.1,0.23,0.34,0.23
LAUR,2017-08-21 05:15:00 EDT,42.52526,-75.13690,1627,56.0,56.9,56.0,100.0,56.0,0.000,0.000,0.00,0.000,1.4,2.6,0.7,134,15,1.7,3.4,0.6,131,17,1.4,2.6,0.7,134,15,0,28.49,,0,0,0,65.7,66.4,65.1,0.23,0.34,0.23
LAUR,2017-08-21 05:20:00 EDT,42.52526,-75.13690,1627,56.3,57.9,56.3,100.0,56.3,0.000,0.000,0.00,0.000,2.1,3.0,0.4,134,9,2.3,3.3,0.4,132,7,2.1,3.0,0.4,134,9,0,28.48,,0,0,0,65.5,66.4,65.1,0.23,0.34,0.23
LAUR,2017-08-21 05:25:00 EDT,42.52526,-75.13690,1627,56.6,58.2,56.6,100.0,56.6,0.000,0.000,0.00,0.000,2.4,3.0,0.3,137,12,2.5,3.3,0.4,134,10,2.4,3.0,0.3,137,12,0,28.48,,0,0,0,65.5,66.4,65.1,0.23,0.34,0.23
LAUR,2017-08-21 05:30:00 EDT,42.52526,-75.13690,1627,57.0,58.2,57.0,100.0,57.0,0.000,0.000,0.00,0.000,1.3,2.8,0.5,152,13,1.6,2.9,0.5,150,16,1.3,2.8,0.5,152,13,0,28.48,,0,0,0,65.5,66.4,65.1,0.23,0.34,0.23
LAUR,2017-08-21 05:35:00 EDT,42.52526,-75.13690,1627,56.9,58.1,56.9,100.0,56.9,0.000,0.000,0.00,0.000,1.1,2.0,0.4,146,26,1.5,3.3,0.6,144,30,1.1,2.0,0.4,146,26,0,28.48,,0,0,0,65.5,66.4,65.1,0.23,0.34,0.23
LAUR,2017-08-21 05:40:00 EDT,42.52526,-75.13690,1627,57.8,58.5,57.8,100.0,57.8,0.000,0.000,0.00,0.000,1.6,2.4,0.5,143,16,1.9,2.9,0.5,140,17,1.6,2.4,0.5,143,16,0,28.48,,0,0,0,65.5,66.4,65.1,0.23,0.34,0.23
LAUR,2017-08-21 05:45:00 EDT,42.52526,-75.13690,1627,57.6,58.4,57.6,100.0,57.6,0.000,0.000,0.00,0.000,1.7,2.8,0.4,149,19,2.0,3.4,0.5,149,19,1.7,2.8,0.4,149,19,0,28.48,,0,0,0,65.5,66.4,65.1,0.23,0.34,0.23
LAUR,2017-08-21 05:50:00 EDT,42.52526,-75.13690,1627,57.5,58.2,57.5,100.0,57.5,0.000,0.000,0.00,0.000,1.5,2.8,0.7,147,17,1.7,3.4,0.8,144,16,1.5,2.8,0.7,147,17,0,28.49,,0,0,0,65.5,66.4,65.1,0.23,0.34,0.23
LAUR,2017-08-21 05:55:00 EDT,42.52526,-75.13690,1627,57.8,58.1,57.8,100.0,57.8,0.000,0.000,0.00,0.000,1.5,4.0,0.7,144,24,1.9,4.2,0.8,140,23,1.5,4.0,0.7,144,24,0,28.49,,0,0,0,65.5,66.4,65.1,0.23,0.34,0.23
LAUR,2017-08-21 06:00:00 EDT,42.52526,-75.13690,1627,57.6,57.9,57.6,100.0,57.6,0.000,0.000,0.00,0.000,1.9,3.4,0.6,143,16,2.1,4.1,0.7,140,18,1.9,3.4,0.6,143,16,1,28.49,,0,0,0,65.5,66.4,65.1,0.23,0.34,0.23
LAUR,2017-08-21 06:05:00 EDT,42.52526,-75.13690,1627,57.6,57.9,57.6,100.0,57.6,0.000,0.000,0.00,0.000,2.3,3.4,0.5,142,16,2.5,4.8,0.6,140,15,2.3,3.4,0.5,142,16,1,28.49,,0,0,0,65.5,66.4,65.1,0.23,0.34,0.23
LAUR,2017-08-21 06:10:00 EDT,42.52526,-75.13690,1627,57.7,57.9,57.7,100.0,57.7,0.000,0.000,0.00,0.000,2.4,4.2,0.7,138,15,2.4,4.9,0.7,135,13,2.4,4.2,0.7,138,15,2,28.49,,0,0,0,65.5,66.4,65.1,0.23,0.34,0.23
LAUR,2017-08-21 06:15:00 EDT,42.52526,-75.13690,1627,57.6,57.8,57.6,100.0,57.6,0.000,0.000,0.00,0.000,1.9,2.6,0.4,140,15,2.1,3.0,0.5,139,16,1.9,2.6,0.4,140,15,3,28.49,,0,0,0,65.5,66.4,65.1,0.23,0.34,0.23
LAUR,2017-08-21 06:20:00 EDT,42.52526,-75.13690,1627,57.3,57.6,57.3,100.0,57.3,0.000,0.000,0.00,0.000,2.4,3.4,0.5,147,13,2.5,4.0,0.7,145,13,2.4,3.4,0.5,147,13,5,28.49,,0,0,0,65.3,66.4,65.1,0.23,0.34,0.23
LAUR,2017-08-21 06:25:00 EDT,42.52526,-75.13690,1627,57.3,57.7,57.3,100.0,57.3,0.000,0.000,0.00,0.000,1.7,2.8,0.5,136,22,2.0,3.4,0.5,134,21,1.7,2.8,0.5,136,22,8,28.49,,0,0,0,65.2,66.4,65.1,0.23,0.34,0.23
LAUR,2017-08-21 06:30:00 EDT,42.52526,-75.13690,1627,57.3,57.9,57.3,100.0,57.3,0.000,0.000,0.00,0.000,2.3,3.6,0.6,135,13,2.4,4.0,0.7,133,10,2.3,3.6,0.6,135,13,10,28.49,,0,0,0,65.1,66.4,65.1,0.23,0.34,0.23
LAUR,2017-08-21 06:35:00 EDT,42.52526,-75.13690,1627,57.3,58.1,57.3,100.0,57.3,0.000,0.000,0.00,0.000,2.2,2.8,0.4,142,14,2.4,3.9,0.5,139,13,2.2,2.8,0.4,142,14,12,28.49,,0,0,0,65.1,66.4,65.1,0.23,0.34,0.23
LAUR,2017-08-21 06:40:00 EDT,42.52526,-75.13690,1627,56.8,57.7,56.8,100.0,56.8,0.000,0.000,0.00,0.000,2.2,2.8,0.4,142,8,2.3,3.5,0.5,138,8,2.2,2.8,0.4,142,8,17,28.49,,0,0,0,65.1,66.4,65.1,0.23,0.34,0.23
LAUR,2017-08-21 06:45:00 EDT,42.52526,-75.13690,1627,56.6,57.5,56.6,100.0,56.6,0.000,0.000,0.00,0.000,2.2,3.8,0.5,137,11,2.4,4.5,0.5,134,8,2.2,3.8,0.5,137,11,17,28.49,,0,0,0,65.1,66.4,65.1,0.23,0.34,0.23
LAUR,2017-08-21 06:50:00 EDT,42.52526,-75.13690,1627,55.8,57.0,55.8,100.0,55.8,0.000,0.000,0.00,0.000,0.8,2.6,0.8,151,20,1.1,2.9,0.8,156,28,0.8,2.6,0.8,151,20,21,28.49,,0,0,0,65.1,66.4,65.1,0.23,0.34,0.23
LAUR,2017-08-21 06:55:00 EDT,42.52526,-75.13690,1627,56.5,57.3,56.5,100.0,56.5,0.000,0.000,0.00,0.000,2.4,4.3,1.1,134,19,2.8,4.6,1.0,132,20,2.4,4.3,1.1,134,19,30,28.49,,0,0,0,65.1,66.4,65.1,0.23,0.34,0.23
LAUR,2017-08-21 07:00:00 EDT,42.52526,-75.13690,1627,57.4,57.9,57.4,100.0,57.4,0.000,0.000,0.00,0.000,2.9,3.7,0.4,125,10,3.0,4.1,0.5,125,8,2.9,3.7,0.4,125,10,34,28.49,,0,0,0,65.1,66.4,65.1,0.23,0.34,0.23
LAUR,2017-08-21 07:05:00 EDT,42.52526,-75.13690,1627,57.3,57.7,57.3,100.0,57.3,0.000,0.000,0.00,0.000,2.3,3.6,0.8,143,24,2.4,3.8,0.7,144,24,2.3,3.6,0.8,143,24,38,28.49,,0,0,0,65.1,66.3,65.1,0.23,0.34,0.23
LAUR,2017-08-21 07:10:00 EDT,42.52526,-75.13690,1627,57.3,57.5,57.3,100.0,57.3,0.000,0.000,0.00,0.000,1.5,2.8,0.6,145,23,1.9,3.4,0.6,144,22,1.5,2.8,0.6,145,23,41,28.49,,0,0,0,65.1,66.2,65.1,0.23,0.34,0.23
LAUR,2017-08-21 07:15:00 EDT,42.52526,-75.13690,1627,57.7,57.8,57.7,100.0,57.7,0.000,0.000,0.00,0.000,2.2,3.7,0.6,134,15,2.2,4.2,0.6,133,16,2.2,3.7,0.6,134,15,44,28.49,,0,0,0,65.1,66.2,65.1,0.23,0.34,0.23
LAUR,2017-08-21 07:20:00 EDT,42.52526,-75.13690,1627,57.9,58.0,57.9,100.0,57.9,0.000,0.000,0.00,0.000,1.7,3.4,0.8,156,23,2.0,4.2,0.9,157,25,1.7,3.4,0.8,156,23,49,28.49,,0,0,0,65.1,66.0,65.1,0.23,0.34,0.23
LAUR,2017-08-21 07:25:00 EDT,42.52526,-75.13690,1627,57.6,57.6,57.6,100.0,57.6,0.000,0.000,0.00,0.000,1.1,3.1,0.7,162,16,1.6,3.8,0.9,159,22,1.1,3.1,0.7,162,16,81,28.49,,0,0,0,65.1,66.1,65.1,0.23,0.34,0.23
LAUR,2017-08-21 07:30:00 EDT,42.52526,-75.13690,1627,58.1,57.9,58.1,100.0,58.1,0.000,0.000,0.00,0.000,1.6,3.9,0.7,165,27,2.2,3.8,0.8,165,24,1.6,3.9,0.7,165,27,192,28.49,,0,0,0,65.1,66.0,65.1,0.23,0.34,0.23
LAUR,2017-08-21 07:35:00 EDT,42.52526,-75.13690,1627,58.9,58.7,58.9,100.0,58.9,0.000,0.000,0.00,0.000,1.5,3.6,0.9,152,22,1.9,4.0,0.9,152,26,1.5,3.6,0.9,152,22,213,28.49,,0,0,0,65.1,66.0,65.1,0.23,0.34,0.23
LAUR,2017-08-21 07:40:00 EDT,42.52526,-75.13690,1627,59.3,59.1,59.3,100.0,59.3,0.000,0.000,0.00,0.000,1.4,3.1,0.6,178,28,1.7,3.4,0.7,178,28,1.4,3.1,0.6,178,28,228,28.49,,0,0,0,65.1,66.0,65.1,0.23,0.34,0.23
LAUR,2017-08-21 07:45:00 EDT,42.52526,-75.13690,1627,59.2,58.9,59.2,99.4,59.0,0.000,0.000,0.00,0.000,1.6,3.1,0.7,182,21,2.1,4.0,0.9,185,20,1.6,3.1,0.7,182,21,235,28.50,,0,0,0,65.1,66.0,65.1,0.23,0.34,0.23
LAUR,2017-08-21 07:50:00 EDT,42.52526,-75.13690,1627,59.4,59.2,59.4,99.2,59.2,0.000,0.000,0.00,0.000,1.4,2.8,0.8,184,16,1.8,3.8,0.8,184,20,1.4,2.8,0.8,184,16,219,28.50,,0,0,0,65.1,66.0,65.1,0.23,0.34,0.23
LAUR,2017-08-21 07:55:00 EDT,42.52526,-75.13690,1627,60.2,59.8,60.2,98.7,59.8,0.000,0.000,0.00,0.000,1.4,3.2,0.8,177,26,1.7,4.1,0.8,179,30,1.4,3.2,0.8,177,26,266,28.50,,0,0,0,65.1,66.0,65.1,0.23,0.34,0.23
LAUR,2017-08-21 08:00:00 EDT,42.52526,-75.13690,1627,61.0,60.6,61.0,96.8,60.0,0.000,0.000,0.00,0.000,1.0,3.2,0.9,164,22,1.5,4.0,1.0,163,31,1.0,3.2,0.9,164,22,319,28.50,,0,0,0,65.1,66.0,65.1,0.22,0.34,0.23
LAUR,2017-08-21 08:05:00 EDT,42.52526,-75.13690,1627,61.9,61.3,61.9,94.5,60.3,0.000,0.000,0.00,0.000,1.3,3.5,0.8,170,32,1.6,3.7,0.8,165,35,1.3,3.5,0.8,170,32,345,28.50,,0,0,0,65.1,66.0,65.1,0.23,0.34,0.23
LAUR,2017-08-21 08:10:00 EDT,42.52526,-75.13690,1627,62.7,62.1,62.7,92.3,60.4,0.000,0.000,0.00,0.000,2.2,5.4,1.2,159,20,2.6,6.3,1.1,157,24,2.2,5.4,1.2,159,20,261,28.49,,0,0,0,64.9,66.0,65.1,0.23,0.34,0.23
LAUR,2017-08-21 08:15:00 EDT,42.52526,-75.13690,1627,62.5,62.2,62.5,91.8,60.1,0.000,0.000,0.00,0.000,1.9,3.2,0.7,171,28,2.3,3.8,0.6,170,28,1.9,3.2,0.7,171,28,231,28.49,,0,0,0,64.9,66.0,65.1,0.23,0.34,0.23
LAUR,2017-08-21 08:20:00 EDT,42.52526,-75.13690,1627,62.5,62.2,62.5,93.6,60.7,0.000,0.000,0.00,0.000,2.0,4.6,0.8,195,18,2.4,4.8,0.9,194,18,2.0,4.6,0.8,195,18,291,28.49,,0,0,0,64.8,66.0,65.1,0.23,0.34,0.23
LAUR,2017-08-21 08:25:00 EDT,42.52526,-75.13690,1627,62.5,62.0,62.5,94.7,61.0,0.000,0.000,0.00,0.000,2.1,3.7,0.5,204,15,2.3,4.0,0.5,205,15,2.1,3.7,0.5,204,15,288,28.49,,0,0,0,64.8,66.0,65.1,0.23,0.34,0.23
LAUR,2017-08-21 08:30:00 EDT,42.52526,-75.13690,1627,62.3,61.8,62.3,95.4,60.9,0.000,0.000,0.00,0.000,1.3,3.7,0.8,187,27,1.8,4.4,0.9,188,27,1.3,3.7,0.8,187,27,321,28.49,,0,0,0,64.8,66.0,65.1,0.23,0.34,0.23
LAUR,2017-08-21 08:35:00 EDT,42.52526,-75.13690,1627,62.8,62.5,62.8,95.0,61.4,0.000,0.000,0.00,0.000,1.5,3.4,1.0,164,35,2.0,3.9,0.9,160,38,1.5,3.4,1.0,164,35,295,28.49,,0,0,0,64.8,66.0,65.1,0.23,0.34,0.23
LAUR,2017-08-21 08:40:00 EDT,42.52526,-75.13690,1627,63.3,62.9,63.3,93.5,61.4,0.000,0.000,0.00,0.000,1.2,2.8,0.6,158,26,1.7,3.7,0.7,159,28,1.2,2.8,0.6,158,26,306,28.49,,0,0,0,64.8,66.0,65.1,0.23,0.34,0.23
LAUR,2017-08-21 08:45:00 EDT,42.52526,-75.13690,1627,63.4,62.8,63.4,92.5,61.2,0.000,0.000,0.00,0.000,1.3,3.1,0.7,198,23,1.8,3.9,0.7,195,24,1.3,3.1,0.7,198,23,357,28.49,,0,0,0,64.8,66.0,65.1,0.23,0.34,0.23
LAUR,2017-08-21 08:50:00 EDT,42.52526,-75.13690,1627,63.7,63.3,63.7,91.0,61.0,0.000,0.000,0.00,0.000,1.5,3.1,0.7,175,21,2.1,4.2,0.8,174,25,1.5,3.1,0.7,175,21,443,28.49,,0,0,0,64.8,66.0,65.1,0.23,0.34,0.23
LAUR,2017-08-21 08:55:00 EDT,42.52526,-75.13690,1627,64.6,64.0,64.6,89.6,61.4,0.000,0.000,0.00,0.000,0.4,1.8,0.5,126,35,1.1,2.3,0.5,133,67,0.4,1.8,0.5,126,35,466,28.49,,0,0,0,64.9,66.0,65.1,0.23,0.34,0.23
LAUR,2017-08-21 09:00:00 EDT,42.52526,-75.13690,1627,65.4,64.7,65.4,87.5,61.5,0.000,0.000,0.00,0.000,1.3,2.6,0.7,196,28,1.7,3.6,0.7,193,29,1.3,2.6,0.7,196,28,465,28.49,,0,0,0,64.9,66.0,65.1,0.23,0.34,0.23
LAUR,2017-08-21 09:05:00 EDT,42.52526,-75.13690,1627,65.7,65.2,65.7,87.8,62.0,0.000,0.000,0.00,0.000,1.5,2.8,0.6,185,23,1.9,3.1,0.7,187,25,1.5,2.8,0.6,185,23,489,28.49,,0,0,0,65.1,66.0,65.1,0.23,0.34,0.23
LAUR,2017-08-21 09:10:00 EDT,42.52526,-75.13690,1627,66.3,65.5,66.3,87.0,62.3,0.000,0.000,0.00,0.000,2.2,4.3,0.9,208,22,2.6,5.7,1.1,207,22,2.2,4.3,0.9,208,22,503,28.49,,0,0,0,65.0,66.0,65.1,0.23,0.34,0.23
LAUR,2017-08-21 09:15:00 EDT,42.52526,-75.13690,1627,66.6,65.9,66.6,85.7,62.2,0.000,0.000,0.00,0.000,1.7,2.9,0.6,206,22,2.3,4.3,0.8,206,18,1.7,2.9,0.6,206,22,516,28.49,,0,0,0,65.1,66.0,65.1,0.23,0.34,0.23
LAUR,2017-08-21 09:20:00 EDT,42.52526,-75.13690,1627,67.4,66.4,67.4,86.7,63.3,0.000,0.000,0.00,0.000,1.3,3.1,0.8,198,30,1.8,3.6,0.8,202,33,1.3,3.1,0.8,198,30,529,28.49,,0,0,0,65.1,66.0,65.1,0.23,0.34,0.23
LAUR,2017-08-21 09:25:00 EDT,42.52526,-75.13690,1627,67.6,66.9,67.6,84.0,62.6,0.000,0.000,0.00,0.000,1.0,2.3,0.5,186,25,1.5,2.9,0.5,189,26,1.0,2.3,0.5,186,25,544,28.49,,0,0,0,65.1,66.0,65.1,0.23,0.34,0.23
LAUR,2017-08-21 09:30:00 EDT,42.52526,-75.13690,1627,68.1,67.2,68.1,83.5,62.9,0.000,0.000,0.00,0.000,1.9,3.4,0.8,188,23,2.3,4.5,1.0,189,25,1.9,3.4,0.8,188,23,557,28.49,,0,0,0,65.1,66.0,65.1,0.23,0.34,0.23
LAUR,2017-08-21 09:35:00 EDT,42.52526,-75.13690,1627,68.4,67.6,68.4,82.1,62.8,0.000,0.000,0.00,0.000,1.8,4.0,1.1,215,19,2.3,4.6,1.0,217,19,1.8,4.0,1.1,215,19,570,28.49,,0,0,0,65.1,66.0,65.1,0.23,0.34,0.23
LAUR,2017-08-21 09:40:00 EDT,42.52526,-75.13690,1627,68.9,68.1,68.9,81.7,63.1,0.000,0.000,0.00,0.000,2.3,4.6,0.9,215,15,2.4,5.0,0.9,215,17,2.3,4.6,0.9,215,15,583,28.49,,0,0,0,65.1,66.0,65.1,0.23,0.34,0.23
LAUR,2017-08-21 09:45:00 EDT,42.52526,-75.13690,1627,69.4,68.7,69.4,81.8,63.6,0.000,0.000,0.00,0.000,1.8,3.2,0.7,195,21,2.1,4.1,0.8,195,23,1.8,3.2,0.7,195,21,599,28.49,,0,0,0,65.1,66.0,65.1,0.23,0.34,0.23
LAUR,2017-08-21 09:50:00 EDT,42.52526,-75.13690,1627,70.0,69.2,70.0,80.8,63.9,0.000,0.000,0.00,0.000,1.3,3.7,0.7,213,22,1.8,4.5,0.7,215,25,1.3,3.7,0.7,213,22,625,28.49,,0,0,0,65.1,66.0,65.1,0.23,0.34,0.23
LAUR,2017-08-21 09:55:00 EDT,42.52526,-75.13690,1627,70.8,69.7,70.8,80.2,64.4,0.000,0.000,0.00,0.000,2.0,4.5,1.1,210,27,2.5,6.0,1.1,209,31,2.0,4.5,1.1,210,27,598,28.49,,0,0,0,65.1,66.0,65.1,0.23,0.34,0.23
LAUR,2017-08-21 10:00:00 EDT,42.52526,-75.13690,1627,70.6,69.9,70.6,77.2,63.1,0.000,0.000,0.00,0.000,1.8,3.4,0.9,212,24,2.0,3.7,0.8,214,25,1.8,3.4,0.9,212,24,599,28.49,,0,0,0,65.1,66.0,65.1,0.23,0.34,0.23
LAUR,2017-08-21 10:05:00 EDT,42.52526,-75.13690,1627,70.7,70.0,70.7,78.4,63.7,0.000,0.000,0.00,0.000,3.5,7.5,1.8,213,15,3.9,8.0,1.8,211,14,3.5,7.5,1.8,213,15,574,28.50,,0,0,0,65.1,66.0,65.1,0.23,0.34,0.23
LAUR,2017-08-21 10:10:00 EDT,42.52526,-75.13690,1627,71.2,70.4,71.2,78.4,64.1,0.000,0.000,0.00,0.000,2.8,5.6,1.3,226,26,3.3,7.0,1.4,225,26,2.8,5.6,1.3,226,26,531,28.50,,0,0,0,65.1,66.0,65.1,0.22,0.34,0.23
LAUR,2017-08-21 10:15:00 EDT,42.52526,-75.13690,1627,72.2,70.9,72.2,78.4,65.1,0.000,0.000,0.00,0.000,2.8,4.6,0.5,214,29,3.0,5.1,0.7,215,28,2.8,4.6,0.5,214,29,678,28.50,,0,0,0,65.1,66.0,65.1,0.22,0.34,0.23
LAUR,2017-08-21 10:20:00 EDT,42.52526,-75.13690,1627,72.4,71.4,72.4,76.1,64.5,0.000,0.000,0.00,0.000,2.2,5.2,1.0,208,27,2.7,5.6,1.1,206,26,2.2,5.2,1.0,208,27,661,28.50,,0,0,0,65.1,66.0,65.1,0.22,0.34,0.23
LAUR,2017-08-21 10:25:00 EDT,42.52526,-75.13690,1627,72.5,71.5,72.5,75.1,64.2,0.000,0.000,0.00,0.000,2.5,4.2,0.9,205,21,2.8,4.5,0.9,204,23,2.5,4.2,0.9,205,21,608,28.50,,0,0,0,65.1,66.0,65.1,0.22,0.34,0.23
LAUR,2017-08-21 10:30:00 EDT,42.52526,-75.13690,1627,72.3,71.5,72.3,73.9,63.6,0.000,0.000,0.00,0.000,1.8,3.7,0.9,218,30,2.1,4.4,0.9,218,31,1.8,3.7,0.9,218,30,619,28.49,,0,0,0,65.2,66.0,65.1,0.22,0.34,0.23
LAUR,2017-08-21 10:35:00 EDT,42.52526,-75.13690,1627,73.3,72.2,73.3,73.3,64.2,0.000,0.000,0.00,0.000,1.8,6.2,1.7,266,36,2.6,6.9,1.9,259,43,1.8,6.2,1.7,266,36,696,28.49,,0,0,0,65.4,65.9,65.1,0.23,0.34,0.23
LAUR,2017-08-21 10:40:00 EDT,42.52526,-75.13690,1627,74.2,73.0,74.2,73.3,65.1,0.000,0.000,0.00,0.000,2.5,5.8,1.5,174,37,3.1,6.7,1.6,176,38,2.5,5.8,1.5,174,37,767,28.49,,0,0,0,65.5,65.9,65.1,0.22,0.34,0.23
LAUR,2017-08-21 10:45:00 EDT,42.52526,-75.13690,1627,74.0,73.1,74.0,68.8,63.1,0.000,0.000,0.00,0.000,5.7,9.4,1.8,258,23,6.1,10.3,2.1,258,23,5.7,9.4,1.8,258,23,797,28.48,,0,0,0,65.5,65.9,65.1,0.23,0.34,0.23
LAUR,2017-08-21 10:50:00 EDT,42.52526,-75.13690,1627,74.3,73.4,74.3,71.4,64.5,0.000,0.000,0.00,0.000,3.0,6.1,1.1,170,32,3.4,6.0,1.3,173,34,3.0,6.1,1.1,170,32,720,28.48,,0,0,0,65.5,65.9,65.1,0.23,0.34,0.23
LAUR,2017-08-21 10:55:00 EDT,42.52526,-75.13690,1627,74.3,73.6,74.3,69.7,63.8,0.000,0.000,0.00,0.000,3.6,7.5,1.5,212,33,4.1,8.2,1.7,213,33,3.6,7.5,1.5,212,33,688,28.48,,0,0,0,65.5,65.9,65.1,0.22,0.34,0.23
LAUR,2017-08-21 11:00:00 EDT,42.52526,-75.13690,1627,75.0,74.0,75.0,69.1,64.2,0.000,0.000,0.00,0.000,2.9,6.4,1.5,240,16,3.2,7.4,1.7,239,17,2.9,6.4,1.5,240,16,640,28.48,,0,0,0,65.5,65.9,65.1,0.22,0.34,0.23
LAUR,2017-08-21 11:05:00 EDT,42.52526,-75.13690,1627,75.1,74.1,75.1,67.9,63.8,0.000,0.000,0.00,0.000,3.6,6.4,1.7,221,21,4.2,7.7,1.6,223,20,3.6,6.4,1.7,221,21,589,28.48,,0,0,0,65.5,65.8,65.1,0.22,0.34,0.23
LAUR,2017-08-21 11:10:00 EDT,42.52526,-75.13690,1627,74.5,73.8,74.5,67.1,62.9,0.000,0.000,0.00,0.000,4.9,7.9,1.3,219,18,5.4,8.6,1.4,217,16,4.9,7.9,1.3,219,18,472,28.48,,0,0,0,65.5,65.9,65.1,0.22,0.34,0.23
LAUR,2017-08-21 11:15:00 EDT,42.52526,-75.13690,1627,74.4,73.8,74.4,68.0,63.2,0.000,0.000,0.00,0.000,5.3,10.1,1.5,251,23,5.8,11.6,1.7,251,22,5.3,10.1,1.5,251,23,442,28.48,,0,0,0,65.8,65.8,65.1,0.22,0.34,0.23
LAUR,2017-08-21 11:20:00 EDT,42.52526,-75.13690,1627,74.6,73.9,74.6,69.6,64.0,0.000,0.000,0.00,0.000,5.3,8.5,1.3,231,18,5.9,9.6,1.4,233,18,5.3,8.5,1.3,231,18,496,28.48,,0,0,0,65.8,65.8,65.0,0.22,0.34,0.23
LAUR,2017-08-21 11:25:00 EDT,42.52526,-75.13690,1627,74.6,73.9,74.6,68.6,63.6,0.000,0.000,0.00,0.000,6.2,9.0,1.7,224,13,6.3,9.9,1.8,223,14,6.2,9.0,1.7,224,13,492,28.48,,0,0,0,65.8,65.8,65.1,0.22,0.34,0.23
LAUR,2017-08-21 11:30:00 EDT,42.52526,-75.13690,1627,74.6,74.0,74.6,68.7,63.7,0.000,0.000,0.00,0.000,6.0,12.8,2.2,214,16,6.6,13.9,2.4,215,13,6.0,12.8,2.2,214,16,529,28.47,,0,0,0,65.8,65.8,64.9,0.22,0.35,0.23
LAUR,2017-08-21 11:35:00 EDT,42.52526,-75.13690,1627,74.3,73.9,74.3,68.1,63.1,0.000,0.000,0.00,0.000,9.8,17.0,2.6,223,16,10.5,18.4,2.7,221,16,9.8,17.0,2.6,223,16,423,28.47,,0,0,0,65.8,65.8,65.0,0.22,0.34,0.23
LAUR,2017-08-21 11:40:00 EDT,42.52526,-75.13690,1627,74.3,73.7,74.3,68.8,63.4,0.000,0.000,0.00,0.000,6.8,10.7,1.7,231,16,7.1,11.0,1.7,232,15,6.8,10.7,1.7,231,16,562,28.47,,0,0,0,65.8,65.8,65.0,0.22,0.34,0.23
LAUR,2017-08-21 11:45:00 EDT,42.52526,-75.13690,1627,75.0,74.0,75.0,69.6,64.4,0.000,0.000,0.00,0.000,7.1,11.1,1.5,227,15,7.4,11.6,1.5,228,15,7.1,11.1,1.5,227,15,655,28.47,,0,0,0,65.8,65.8,65.0,0.22,0.34,0.23
LAUR,2017-08-21 11:50:00 EDT,42.52526,-75.13690,1627,75.3,74.3,75.3,69.9,64.8,0.000,0.000,0.00,0.000,5.5,8.4,1.4,238,20,5.9,9.6,1.5,238,21,5.5,8.4,1.4,238,20,676,28.47,,0,0,0,65.9,65.8,64.9,0.22,0.34,0.23
LAUR,2017-08-21 11:55:00 EDT,42.52526,-75.13690,1627,75.7,74.5,75.7,69.2,64.9,0.000,0.000,0.00,0.000,7.2,10.4,1.4,227,16,7.3,11.0,1.4,228,15,7.2,10.4,1.4,227,16,672,28.47,,0,0,0,66.0,65.8,64.8,0.22,0.34,0.23
LAUR,2017-08-21 12:00:00 EDT,42.52526,-75.13690,1627,75.4,74.6,75.4,69.3,64.6,0.000,0.000,0.00,0.000,5.6,9.6,1.9,195,23,6.5,12.9,2.3,197,20,5.6,9.6,1.9,195,23,765,28.46,,0,0,0,66.0,65.8,64.9,0.22,0.34,0.23
LAUR,2017-08-21 12:05:00 EDT,42.52526,-75.13690,1627,75.5,74.8,75.5,69.9,65.0,0.000,0.000,0.00,0.000,6.5,10.0,1.7,217,17,7.0,11.1,1.7,216,18,6.5,10.0,1.7,217,17,555,28.46,,0,0,0,66.0,65.8,64.8,0.22,0.34,0.23
LAUR,2017-08-21 12:10:00 EDT,42.52526,-75.13690,1627,75.4,74.6,75.4,68.8,64.5,0.000,0.000,0.00,0.000,8.9,14.9,3.2,225,13,9.5,15.9,3.3,224,13,8.9,14.9,3.2,225,13,544,28.47,,0,0,0,66.0,65.8,64.8,0.22,0.34,0.23
LAUR,2017-08-21 12:15:00 EDT,42.52526,-75.13690,1627,75.3,74.6,75.3,70.0,64.8,0.000,0.000,0.00,0.000,6.2,9.9,1.9,223,17,6.6,10.8,2.0,221,16,6.2,9.9,1.9,223,17,649,28.47,,0,0,0,66.0,65.8,64.8,0.22,0.34,0.23
LAUR,2017-08-21 12:20:00 EDT,42.52526,-75.13690,1627,76.4,75.2,76.4,70.1,65.9,0.000,0.000,0.00,0.000,4.2,9.2,1.9,208,34,4.8,10.8,2.0,206,32,4.2,9.2,1.9,208,34,865,28.46,,0,0,0,66.0,65.8,64.8,0.22,0.34,0.23
LAUR,2017-08-21 12:25:00 EDT,42.52526,-75.13690,1627,77.3,76.0,77.3,68.4,66.1,0.000,0.000,0.00,0.000,3.9,10.2,2.1,168,31,4.5,13.2,2.4,165,28,3.9,10.2,2.1,168,31,991,28.45,,0,0,0,66.0,65.8,64.8,0.22,0.34,0.23
LAUR,2017-08-21 12:30:00 EDT,42.52526,-75.13690,1627,78.0,76.6,78.0,66.4,66.0,0.000,0.000,0.00,0.000,5.9,11.5,2.5,205,23,6.6,13.5,2.6,203,21,5.9,11.5,2.5,205,23,1187,28.46,,0,0,0,66.1,65.8,64.8,0.22,0.34,0.23
LAUR,2017-08-21 12:35:00 EDT,42.52526,-75.13690,1627,77.5,76.3,77.5,65.2,64.9,0.000,0.000,0.00,0.000,7.4,14.2,2.7,211,22,8.2,13.6,2.5,210,21,7.4,14.2,2.7,211,22,875,28.46,,0,0,0,66.3,65.8,64.8,0.22,0.34,0.23
LAUR,2017-08-21 12:40:00 EDT,42.52526,-75.13690,1627,77.5,76.2,77.5,64.9,64.8,0.000,0.000,0.00,0.000,7.9,11.4,2.1,230,20,8.4,15.1,2.0,228,19,7.9,11.4,2.1,230,20,998,28.46,,0,0,0,66.4,65.8,64.8,0.22,0.34,0.23
LAUR,2017-08-21 12:45:00 EDT,42.52526,-75.13690,1627,77.9,76.6,77.9,65.3,65.3,0.000,0.000,0.00,0.000,9.8,16.4,3.0,246,12,10.5,16.9,3.0,246,12,9.8,16.4,3.0,246,12,771,28.45,,0,0,0,66.4,65.8,64.8,0.22,0.34,0.23
LAUR,2017-08-21 12:50:00 EDT,42.52526,-75.13690,1627,77.1,76.3,77.1,64.2,64.1,0.000,0.000,0.00,0.000,8.8,12.1,1.6,243,13,9.4,13.5,1.7,244,13,8.8,12.1,1.6,243,13,521,28.46,,0,0,0,66.4,65.8,64.8,0.22,0.34,0.23
LAUR,2017-08-21 12:55:00 EDT,42.52526,-75.13690,1627,76.9,76.2,76.9,65.0,64.2,0.000,0.000,0.00,0.000,9.3,14.3,2.1,246,15,10.0,15.8,2.0,245,16,9.3,14.3,2.1,246,15,572,28.46,,0,0,0,66.4,65.8,64.8,0.22,0.34,0.23
LAUR,2017-08-21 13:00:00 EDT,42.52526,-75.13690,1627,76.4,75.7,76.4,65.8,64.1,0.000,0.000,0.00,0.000,8.4,13.3,1.7,250,13,9.1,14.5,1.9,250,12,8.4,13.3,1.7,250,13,505,28.46,,0,0,0,66.4,65.8,64.8,0.22,0.34,0.23
LAUR,2017-08-21 13:05:00 EDT,42.52526,-75.13690,1627,76.3,75.8,76.3,64.1,63.3,0.000,0.000,0.00,0.000,9.0,12.9,2.2,241,15,9.5,14.0,2.1,240,15,9.0,12.9,2.2,241,15,456,28.46,,0,0,0,66.4,65.8,64.8,0.22,0.34,0.23
LAUR,2017-08-21 13:10:00 EDT,42.52526,-75.13690,1627,76.3,75.7,76.3,65.3,63.8,0.000,0.000,0.00,0.000,6.6,11.0,1.3,229,17,7.1,11.7,1.3,229,17,6.6,11.0,1.3,229,17,512,28.46,,0,0,0,66.4,65.8,64.8,0.22,0.34,0.23
LAUR,2017-08-21 13:15:00 EDT,42.52526,-75.13690,1627,76.7,75.8,76.7,66.3,64.6,0.000,0.000,0.00,0.000,6.2,10.8,1.9,222,13,6.5,11.6,2.0,221,12,6.2,10.8,1.9,222,13,673,28.45,,0,0,0,66.6,65.8,64.8,0.22,0.34,0.23
LAUR,2017-08-21 13:20:00 EDT,42.52526,-75.13690,1627,77.0,75.8,77.0,66.0,64.8,0.000,0.000,0.00,0.000,6.7,11.5,2.1,258,25,7.4,12.8,2.4,258,24,6.7,11.5,2.1,258,25,674,28.45,,0,0,0,66.7,65.8,64.8,0.22,0.34,0.23
LAUR,2017-08-21 13:25:00 EDT,42.52526,-75.13690,1627,77.0,75.9,77.0,67.6,65.5,0.000,0.000,0.00,0.000,5.3,9.1,1.4,255,13,5.9,9.4,1.5,255,11,5.3,9.1,1.4,255,13,663,28.45,,0,0,0,66.7,65.8,64.8,0.22,0.34,0.23
LAUR,2017-08-21 13:30:00 EDT,42.52526,-75.13690,1627,78.1,76.7,78.1,66.6,66.1,0.000,0.000,0.00,0.000,6.7,12.3,1.9,264,16,7.4,12.7,1.9,266,13,6.7,12.3,1.9,264,16,833,28.45,,0,0,0,66.7,65.8,64.8,0.22,0.34,0.23
LAUR,2017-08-21 13:35:00 EDT,42.52526,-75.13690,1627,78.2,76.9,78.2,65.2,65.5,0.000,0.000,0.00,0.000,6.2,11.0,1.9,249,19,6.9,11.6,2.0,250,18,6.2,11.0,1.9,249,19,736,28.45,,0,0,0,66.7,65.8,64.8,0.22,0.34,0.23
LAUR,2017-08-21 13:40:00 EDT,42.52526,-75.13690,1627,78.5,77.4,78.5,61.2,64.0,0.000,0.000,0.00,0.000,8.8,13.9,2.0,235,19,9.3,13.8,1.9,234,18,8.8,13.9,2.0,235,19,732,28.45,,0,0,0,66.7,65.8,64.8,0.22,0.34,0.23
LAUR,2017-08-21 13:45:00 EDT,42.52526,-75.13690,1627,78.4,77.4,78.4,59.3,63.0,0.000,0.000,0.00,0.000,8.8,12.3,1.8,239,15,9.2,12.8,1.8,240,15,8.8,12.3,1.8,239,15,699,28.45,,0,0,0,66.7,65.8,64.8,0.22,0.34,0.23
LAUR,2017-08-21 13:50:00 EDT,42.52526,-75.13690,1627,78.2,77.4,78.2,57.9,62.2,0.000,0.000,0.00,0.000,7.4,12.6,2.0,218,20,8.1,12.8,2.0,216,19,7.4,12.6,2.0,218,20,623,28.45,,0,0,0,66.8,65.8,64.8,0.22,0.34,0.23
LAUR,2017-08-21 13:55:00 EDT,42.52526,-75.13690,1627,77.6,77.1,77.6,60.0,62.6,0.000,0.000,0.00,0.000,7.9,12.3,1.8,234,19,8.6,13.3,1.9,233,19,7.9,12.3,1.8,234,19,449,28.45,,0,0,0,67.1,65.8,64.8,0.22,0.34,0.23
LAUR,2017-08-21 14:00:00 EDT,42.52526,-75.13690,1627,78.0,77.2,78.0,61.8,63.9,0.000,0.000,0.00,0.000,9.2,14.9,2.3,251,9,9.8,15.3,2.3,252,8,9.2,14.9,2.3,251,9,629,28.44,,0,0,0,67.1,65.8,64.8,0.22,0.34,0.23
LAUR,2017-08-21 14:05:00 EDT,42.52526,-75.13690,1627,77.9,77.2,77.9,60.4,63.0,0.000,0.000,0.00,0.000,7.6,12.8,1.5,255,9,8.2,13.3,1.5,256,8,7.6,12.8,1.5,255,9,522,28.44,,0,0,0,67.1,65.8,64.8,0.22,0.34,0.23
LAUR,2017-08-21 14:10:00 EDT,42.52526,-75.13690,1627,78.0,77.3,78.0,61.4,63.6,0.000,0.000,0.00,0.000,6.0,9.9,1.5,230,17,6.2,9.9,1.4,230,16,6.0,9.9,1.5,230,17,446,28.44,,0,0,0,67.1,65.8,64.8,0.22,0.34,0.23
LAUR,2017-08-21 14:15:00 EDT,42.52526,-75.13690,1627,77.8,77.4,77.8,60.9,63.3,0.000,0.000,0.00,0.000,6.9,10.2,1.7,238,17,7.3,11.1,1.8,236,17,6.9,10.2,1.7,238,17,412,28.44,,0,0,0,67.1,65.8,64.8,0.22,0.34,0.23
LAUR,2017-08-21 14:20:00 EDT,42.52526,-75.13690,1627,77.2,77.0,77.2,61.0,62.7,0.000,0.000,0.00,0.000,5.7,12.9,2.4,204,22,6.3,13.7,2.5,203,19,5.7,12.9,2.4,204,22,216,28.44,,0,0,0,67.1,65.8,64.8,0.22,0.34,0.23
LAUR,2017-08-21 14:25:00 EDT,42.52526,-75.13690,1627,76.6,76.6,76.6,63.0,63.1,0.000,0.000,0.00,0.000,7.4,12.4,1.9,234,11,7.7,13.4,1.9,233,12,7.4,12.4,1.9,234,11,215,28.44,,0,0,0,67.1,65.8,64.8,0.22,0.34,0.23
LAUR,2017-08-21 14:30:00 EDT,42.52526,-75.13690,1627,76.4,76.5,76.4,63.9,63.3,0.000,0.000,0.00,0.000,5.9,7.8,0.9,237,13,6.2,8.8,1.0,237,13,5.9,7.8,0.9,237,13,253,28.43,,0,0,0,67.1,65.8,64.8,0.22,0.34,0.23
LAUR,2017-08-21 14:35:00 EDT,42.52526,-75.13690,1627,76.4,76.4,76.4,64.7,63.6,0.000,0.000,0.00,0.000,5.4,8.7,1.0,239,15,5.7,9.7,1.2,241,14,5.4,8.7,1.0,239,15,204,28.43,,0,0,0,67.3,65.8,64.8,0.22,0.34,0.23
LAUR,2017-08-21 14:40:00 EDT,42.52526,-75.13690,1627,76.4,76.3,76.4,64.8,63.7,0.000,0.000,0.00,0.000,6.1,9.5,1.8,236,11,6.5,9.9,1.7,234,11,6.1,9.5,1.8,236,11,216,28.43,,0,0,0,67.4,65.8,64.8,0.22,0.34,0.23
LAUR,2017-08-21 14:45:00 EDT,42.52526,-75.13690,1627,76.2,76.2,76.2,64.5,63.4,0.000,0.000,0.00,0.000,5.9,9.6,1.6,222,15,6.1,9.8,1.6,222,14,5.9,9.6,1.6,222,15,162,28.43,,0,0,0,67.5,65.8,64.8,0.22,0.34,0.23
LAUR,2017-08-21 14:50:00 EDT,42.52526,-75.13690,1627,75.4,75.7,75.4,66.6,63.5,0.000,0.000,0.00,0.000,5.6,8.8,1.3,226,11,5.8,8.6,1.3,225,11,5.6,8.8,1.3,226,11,85,28.43,,0,0,0,67.5,65.8,64.8,0.22,0.34,0.23
LAUR,2017-08-21 14:55:00 EDT,42.52526,-75.13690,1627,75.2,75.5,75.2,68.0,63.9,0.000,0.000,0.00,0.000,4.7,6.8,0.9,230,13,5.1,7.4,1.0,231,12,4.7,6.8,0.9,230,13,146,28.43,,0,0,0,67.5,65.8,64.8,0.22,0.34,0.23
LAUR,2017-08-21 15:00:00 EDT,42.52526,-75.13690,1627,75.4,75.4,75.4,67.9,64.1,0.000,0.000,0.00,0.000,4.3,7.6,1.5,226,17,4.7,8.0,1.2,228,13,4.3,7.6,1.5,226,17,205,28.43,,0,0,0,67.5,65.8,64.8,0.22,0.34,0.23
LAUR,2017-08-21 15:05:00 EDT,42.52526,-75.13690,1627,76.1,75.8,76.1,65.4,63.6,0.000,0.000,0.00,0.000,5.8,11.8,1.9,218,15,6.0,13.0,2.1,219,14,5.8,11.8,1.9,218,15,340,28.43,,0,0,0,67.5,65.8,64.8,0.22,0.34,0.23
LAUR,2017-08-21 15:10:00 EDT,42.52526,-75.13690,1627,76.4,76.0,76.4,65.3,63.9,0.000,0.000,0.00,0.000,5.0,8.0,1.1,223,19,5.5,8.6,1.3,223,19,5.0,8.0,1.1,223,19,342,28.43,,0,0,0,67.5,65.8,64.8,0.22,0.34,0.23
LAUR,2017-08-21 15:15:00 EDT,42.52526,-75.13690,1627,76.5,76.0,76.5,64.1,63.5,0.000,0.000,0.00,0.000,5.2,8.6,1.7,219,17,5.5,9.4,1.7,218,15,5.2,8.6,1.7,219,17,373,28.43,,0,0,0,67.5,65.8,64.8,0.22,0.34,0.23
LAUR,2017-08-21 15:20:00 EDT,42.52526,-75.13690,1627,76.7,76.2,76.7,63.7,63.5,0.000,0.000,0.00,0.000,5.9,8.9,1.3,221,16,6.2,9.3,1.2,220,15,5.9,8.9,1.3,221,16,416,28.43,,0,0,0,67.5,65.8,64.8,0.22,0.34,0.23
LAUR,2017-08-21 15:25:00 EDT,42.52526,-75.13690,1627,77.1,76.4,77.1,64.3,64.1,0.000,0.000,0.00,0.000,4.9,7.5,1.4,216,20,5.5,9.7,1.5,216,18,4.9,7.5,1.4,216,20,443,28.43,,0,0,0,67.5,65.8,64.8,0.22,0.34,0.23
LAUR,2017-08-21 15:30:00 EDT,42.52526,-75.13690,1627,77.3,76.5,77.3,65.1,64.7,0.000,0.000,0.00,0.000,5.5,9.6,1.8,228,23,6.1,10.6,1.9,227,24,5.5,9.6,1.8,228,23,477,28.42,,0,0,0,67.5,65.9,64.8,0.22,0.34,0.23
LAUR,2017-08-21 15:35:00 EDT,42.52526,-75.13690,1627,77.6,76.8,77.6,64.6,64.7,0.000,0.000,0.00,0.000,4.4,7.5,1.4,219,19,4.7,7.6,1.4,221,18,4.4,7.5,1.4,219,19,512,28.42,,0,0,0,67.6,65.9,64.8,0.22,0.34,0.23
LAUR,2017-08-21 15:40:00 EDT,42.52526,-75.13690,1627,77.5,76.8,77.5,64.5,64.6,0.000,0.000,0.00,0.000,6.2,9.9,2.1,207,18,6.7,11.6,2.2,207,17,6.2,9.9,2.1,207,18,463,28.42,,0,0,0,67.8,65.9,64.8,0.22,0.34,0.23
LAUR,2017-08-21 15:45:00 EDT,42.52526,-75.13690,1627,76.9,76.5,76.9,66.1,64.7,0.000,0.000,0.00,0.000,6.8,9.6,1.3,226,23,7.1,10.5,1.4,225,21,6.8,9.6,1.3,226,23,294,28.42,,0,0,0,67.8,65.9,64.8,0.22,0.34,0.23
LAUR,2017-08-21 15:50:00 EDT,42.52526,-75.13690,1627,77.4,76.8,77.4,67.2,65.7,0.000,0.000,0.00,0.000,5.6,9.4,1.9,213,21,6.1,10.0,1.8,212,20,5.6,9.4,1.9,213,21,583,28.42,,0,0,0,67.8,65.9,64.8,0.22,0.34,0.23
LAUR,2017-08-21 15:55:00 EDT,42.52526,-75.13690,1627,78.1,77.3,78.1,65.3,65.6,0.000,0.000,0.00,0.000,5.4,9.6,1.6,213,19,6.1,9.7,1.6,213,18,5.4,9.6,1.6,213,19,464,28.42,,0,0,0,67.8,66.0,64.8,0.22,0.34,0.23
LAUR,2017-08-21 16:00:00 EDT,42.52526,-75.13690,1627,78.1,77.2,78.1,65.3,65.5,0.000,0.000,0.00,0.000,5.1,9.9,1.8,203,25,5.9,11.4,2.0,202,24,5.1,9.9,1.8,203,25,575,28.42,,0,0,0,67.8,66.0,64.8,0.22,0.34,0.23
LAUR,2017-08-21 16:05:00 EDT,42.52526,-75.13690,1627,78.2,77.4,78.2,63.4,64.8,0.000,0.000,0.00,0.000,5.5,10.2,1.6,200,22,6.4,11.9,2.0,202,21,5.5,10.2,1.6,200,22,541,28.42,,0,0,0,67.8,66.0,64.8,0.22,0.34,0.23
LAUR,2017-08-21 16:10:00 EDT,42.52526,-75.13690,1627,77.8,77.1,77.8,64.2,64.8,0.000,0.000,0.00,0.000,6.6,11.3,1.9,214,24,7.3,12.0,2.1,212,23,6.6,11.3,1.9,214,24,495,28.42,,0,0,0,67.8,66.0,64.8,0.22,0.34,0.23
LAUR,2017-08-21 16:15:00 EDT,42.52526,-75.13690,1627,78.1,77.4,78.1,64.9,65.4,0.000,0.000,0.00,0.000,6.4,12.1,2.6,205,21,7.3,13.7,3.0,204,19,6.4,12.1,2.6,205,21,516,28.41,,0,0,0,67.8,66.0,64.8,0.22,0.34,0.23
LAUR,2017-08-21 16:20:00 EDT,42.52526,-75.13690,1627,78.0,77.3,78.0,64.2,65.0,0.000,0.000,0.00,0.000,7.5,11.6,2.0,219,21,7.9,14.1,2.2,219,17,7.5,11.6,2.0,219,21,498,28.41,,0,0,0,67.8,66.0,64.8,0.22,0.34,0.23
LAUR,2017-08-21 16:25:00 EDT,42.52526,-75.13690,1627,78.1,77.4,78.1,65.5,65.6,0.000,0.000,0.00,0.000,7.6,11.8,2.1,227,22,8.0,13.1,2.1,227,19,7.6,11.8,2.1,227,22,483,28.42,,0,0,0,67.8,66.0,64.8,0.22,0.34,0.23
LAUR,2017-08-21 16:30:00 EDT,42.52526,-75.13690,1627,78.4,77.6,78.4,66.8,66.4,0.000,0.000,0.00,0.000,4.7,8.1,1.6,212,20,5.3,8.9,1.7,211,20,4.7,8.1,1.6,212,20,494,28.41,,0,0,0,67.8,66.0,64.8,0.22,0.34,0.23
LAUR,2017-08-21 16:35:00 EDT,42.52526,-75.13690,1627,78.4,77.5,78.4,67.3,66.7,0.000,0.000,0.00,0.000,5.6,9.4,1.8,213,22,6.2,10.9,1.9,211,22,5.6,9.4,1.8,213,22,487,28.41,,0,0,0,67.8,66.0,64.8,0.22,0.34,0.23
LAUR,2017-08-21 16:40:00 EDT,42.52526,-75.13690,1627,78.4,77.5,78.4,67.9,66.9,0.000,0.000,0.00,0.000,4.6,7.7,1.4,219,18,5.1,8.8,1.6,217,17,4.6,7.7,1.4,219,18,468,28.41,,0,0,0,67.8,66.0,64.8,0.22,0.34,0.23
LAUR,2017-08-21 16:45:00 EDT,42.52526,-75.13690,1627,78.4,77.6,78.4,68.0,67.0,0.000,0.000,0.00,0.000,4.8,7.7,1.6,223,25,5.4,8.7,1.6,223,24,4.8,7.7,1.6,223,25,446,28.41,,0,0,0,67.8,66.0,64.8,0.22,0.34,0.23
LAUR,2017-08-21 16:50:00 EDT,42.52526,-75.13690,1627,78.1,77.4,78.1,68.6,66.9,0.000,0.000,0.00,0.000,6.3,11.0,2.0,233,11,6.6,11.2,2.1,233,10,6.3,11.0,2.0,233,11,269,28.41,,0,0,0,67.8,66.0,64.8,0.21,0.34,0.23
LAUR,2017-08-21 16:55:00 EDT,42.52526,-75.13690,1627,77.3,77.1,77.3,68.1,65.9,0.000,0.000,0.00,0.000,5.5,7.9,1.0,224,16,5.8,9.1,1.3,223,16,5.5,7.9,1.0,224,16,180,28.41,,0,0,0,67.8,66.0,64.8,0.22,0.34,0.23
LAUR,2017-08-21 17:00:00 EDT,42.52526,-75.13690,1627,76.9,76.7,76.9,70.7,66.7,0.000,0.000,0.00,0.000,4.7,8.4,1.3,210,18,5.0,9.1,1.3,209,17,4.7,8.4,1.3,210,18,163,28.41,,0,0,0,67.8,66.0,64.8,0.21,0.34,0.23
LAUR,2017-08-21 17:05:00 EDT,42.52526,-75.13690,1627,76.7,76.5,76.7,72.1,67.0,0.000,0.000,0.00,0.000,3.6,6.7,0.9,229,18,4.0,6.9,1.1,231,19,3.6,6.7,0.9,229,18,168,28.41,,0,0,0,67.8,66.0,64.8,0.22,0.34,0.23
LAUR,2017-08-21 17:10:00 EDT,42.52526,-75.13690,1627,76.7,76.5,76.7,72.4,67.1,0.000,0.000,0.00,0.000,4.3,8.8,1.5,218,18,4.8,10.2,1.7,218,19,4.3,8.8,1.5,218,18,174,28.41,,0,0,0,67.8,66.0,64.8,0.21,0.34,0.23
LAUR,2017-08-21 17:15:00 EDT,42.52526,-75.13690,1627,76.7,76.5,76.7,71.2,66.7,0.000,0.000,0.00,0.000,4.4,7.0,1.2,224,11,4.7,7.1,1.2,223,8,4.4,7.0,1.2,224,11,174,28.41,,0,0,0,67.8,66.0,64.8,0.21,0.34,0.23
LAUR,2017-08-21 17:20:00 EDT,42.52526,-75.13690,1627,76.6,76.4,76.6,72.8,67.2,0.000,0.000,0.00,0.000,4.3,9.0,1.7,230,13,4.8,10.7,1.8,231,14,4.3,9.0,1.7,230,13,182,28.41,,0,0,0,68.0,66.0,64.8,0.22,0.34,0.23
LAUR,2017-08-21 17:25:00 EDT,42.52526,-75.13690,1627,76.7,76.5,76.7,72.3,67.1,0.000,0.000,0.00,0.000,4.4,8.2,1.5,223,19,4.9,8.3,1.4,223,17,4.4,8.2,1.5,223,19,188,28.41,,0,0,0,68.1,66.0,64.8,0.21,0.34,0.23
LAUR,2017-08-21 17:30:00 EDT,42.52526,-75.13690,1627,76.9,76.6,76.9,71.8,67.1,0.000,0.000,0.00,0.000,3.8,6.0,0.9,220,14,4.0,6.2,0.9,219,12,3.8,6.0,0.9,220,14,206,28.41,,0,0,0,68.2,66.0,64.8,0.21,0.34,0.23
LAUR,2017-08-21 17:35:00 EDT,42.52526,-75.13690,1627,77.0,76.6,77.0,73.7,68.0,0.000,0.000,0.00,0.000,3.9,6.2,0.7,239,14,4.3,7.3,0.9,240,14,3.9,6.2,0.7,239,14,209,28.41,,0,0,0,68.2,66.0,64.8,0.22,0.34,0.23
LAUR,2017-08-21 17:40:00 EDT,42.52526,-75.13690,1627,77.4,76.9,77.4,71.1,67.3,0.000,0.000,0.00,0.000,4.3,6.4,1.1,236,12,4.5,6.6,1.1,236,12,4.3,6.4,1.1,236,12,319,28.41,,0,0,0,68.2,66.0,64.8,0.22,0.34,0.23
LAUR,2017-08-21 17:45:00 EDT,42.52526,-75.13690,1627,77.8,77.2,77.8,69.9,67.2,0.000,0.000,0.00,0.000,4.5,6.4,0.9,224,11,4.7,6.6,1.0,224,10,4.5,6.4,0.9,224,11,288,28.41,,0,0,0,68.2,66.0,64.8,0.22,0.34,0.23
LAUR,2017-08-21 17:50:00 EDT,42.52526,-75.13690,1627,77.8,77.3,77.8,70.2,67.3,0.000,0.000,0.00,0.000,4.7,6.8,0.9,228,13,4.9,8.0,1.0,227,11,4.7,6.8,0.9,228,13,255,28.40,,0,0,0,68.2,66.0,64.8,0.22,0.34,0.23
LAUR,2017-08-21 17:55:00 EDT,42.52526,-75.13690,1627,77.8,77.4,77.8,71.2,67.8,0.000,0.000,0.00,0.000,3.3,5.6,1.2,231,21,3.6,6.2,1.2,231,21,3.3,5.6,1.2,231,21,237,28.40,,0,0,0,68.2,66.0,64.8,0.21,0.34,0.23
LAUR,2017-08-21 18:00:00 EDT,42.52526,-75.13690,1627,78.0,77.5,78.0,71.3,68.0,0.000,0.000,0.00,0.000,3.9,6.5,1.2,218,15,4.3,7.3,1.2,218,13,3.9,6.5,1.2,218,15,219,28.40,,0,0,0,68.2,66.0,64.8,0.22,0.34,0.23
LAUR,2017-08-21 18:05:00 EDT,42.52526,-75.13690,1627,77.9,77.5,77.9,71.2,67.8,0.000,0.000,0.00,0.000,4.4,7.7,1.5,211,22,5.0,8.5,1.4,208,22,4.4,7.7,1.5,211,22,209,28.40,,0,0,0,68.2,66.0,64.8,0.22,0.34,0.23
LAUR,2017-08-21 18:10:00 EDT,42.52526,-75.13690,1627,77.8,77.5,77.8,70.0,67.2,0.000,0.000,0.00,0.000,5.6,8.4,1.5,219,19,6.0,9.4,1.5,217,18,5.6,8.4,1.5,219,19,195,28.40,,0,0,0,68.2,66.0,64.8,0.21,0.34,0.23
LAUR,2017-08-21 18:15:00 EDT,42.52526,-75.13690,1627,77.7,77.4,77.7,71.4,67.7,0.000,0.000,0.00,0.000,4.0,7.2,1.3,214,20,4.5,8.7,1.4,214,18,4.0,7.2,1.3,214,20,184,28.40,,0,0,0,68.2,66.0,64.8,0.22,0.34,0.23
LAUR,2017-08-21 18:20:00 EDT,42.52526,-75.13690,1627,77.7,77.4,77.7,70.3,67.3,0.000,0.000,0.00,0.000,4.6,8.0,1.3,206,18,5.2,9.1,1.5,205,18,4.6,8.0,1.3,206,18,170,28.40,,0,0,0,68.2,66.0,64.8,0.22,0.34,0.23
LAUR,2017-08-21 18:25:00 EDT,42.52526,-75.13690,1627,77.5,77.3,77.5,71.3,67.4,0.000,0.000,0.00,0.000,5.1,9.1,1.2,218,15,5.4,10.3,1.4,218,13,5.1,9.1,1.2,218,15,156,28.40,,0,0,0,68.2,66.0,64.8,0.22,0.34,0.23
LAUR,2017-08-21 18:30:00 EDT,42.52526,-75.13690,1627,77.1,77.1,77.1,72.2,67.5,0.000,0.000,0.00,0.000,4.9,7.9,1.2,220,17,5.3,8.4,1.1,220,16,4.9,7.9,1.2,220,17,78,28.40,,0,0,0,68.2,66.0,64.8,0.21,0.34,0.23
LAUR,2017-08-21 18:35:00 EDT,42.52526,-75.13690,1627,76.4,76.6,76.4,73.7,67.4,0.000,0.000,0.00,0.000,4.2,8.0,1.8,214,23,4.6,8.7,1.8,214,21,4.2,8.0,1.8,214,23,34,28.40,,0,0,0,68.2,66.0,64.8,0.22,0.34,0.23
LAUR,2017-08-21 18:40:00 EDT,42.52526,-75.13690,1627,76.0,76.2,76.0,75.1,67.5,0.000,0.000,0.00,0.000,3.0,5.0,1.3,214,17,3.4,5.8,1.2,212,17,3.0,5.0,1.3,214,17,33,28.40,,0,0,0,68.2,66.0,64.8,0.22,0.34,0.23
LAUR,2017-08-21 18:45:00 EDT,42.52526,-75.13690,1627,75.8,76.1,75.8,75.4,67.4,0.000,0.000,0.00,0.000,2.3,4.7,0.9,217,15,2.3,5.0,1.0,216,15,2.3,4.7,0.9,217,15,41,28.39,,0,0,0,68.2,66.0,64.8,0.22,0.34,0.23
LAUR,2017-08-21 18:50:00 EDT,42.52526,-75.13690,1627,75.0,75.8,75.0,78.4,67.9,0.000,0.000,0.00,0.000,0.9,2.1,0.7,202,10,1.3,3.1,0.7,202,15,0.9,2.1,0.7,202,10,35,28.39,,0,0,0,68.2,66.0,64.8,0.22,0.34,0.23
LAUR,2017-08-21 18:55:00 EDT,42.52526,-75.13690,1627,74.2,75.4,74.2,81.9,68.3,0.000,0.000,0.00,0.000,2.1,3.0,0.5,202,11,2.3,3.6,0.6,203,12,2.1,3.0,0.5,202,11,34,28.40,,0,0,0,68.2,66.0,64.8,0.22,0.34,0.23
LAUR,2017-08-21 19:00:00 EDT,42.52526,-75.13690,1627,74.3,75.3,74.3,82.6,68.7,0.000,0.000,0.00,0.000,2.9,5.3,1.2,212,13,3.1,6.0,1.2,212,13,2.9,5.3,1.2,212,13,38,28.40,,0,0,0,68.2,66.0,64.8,0.21,0.34,0.23
LAUR,2017-08-21 19:05:00 EDT,42.52526,-75.13690,1627,74.5,74.9,74.5,81.1,68.3,0.000,0.000,0.00,0.000,3.0,6.0,1.0,220,14,3.3,5.6,0.8,221,13,3.0,6.0,1.0,220,14,20,28.40,,0,0,0,68.2,66.0,64.8,0.21,0.34,0.23
LAUR,2017-08-21 19:10:00 EDT,42.52526,-75.13690,1627,73.7,74.6,73.7,82.4,68.0,0.000,0.000,0.00,0.000,3.2,5.6,0.8,222,13,3.5,5.6,0.9,222,12,3.2,5.6,0.8,222,13,14,28.40,,0,0,0,68.2,66.0,64.8,0.22,0.34,0.23
LAUR,2017-08-21 19:15:00 EDT,42.52526,-75.13690,1627,73.7,74.8,73.7,82.4,68.0,0.000,0.000,0.00,0.000,3.6,6.8,1.3,226,14,4.0,7.2,1.3,224,12,3.6,6.8,1.3,226,14,11,28.40,,0,0,0,68.2,66.0,64.8,0.21,0.34,0.23
LAUR,2017-08-21 19:20:00 EDT,42.52526,-75.13690,1627,74.0,74.9,74.0,80.9,67.8,0.000,0.000,0.00,0.000,4.1,7.1,1.3,226,10,4.3,7.3,1.4,225,9,4.1,7.1,1.3,226,10,11,28.40,,0,0,0,68.2,66.1,64.8,0.21,0.34,0.23
LAUR,2017-08-21 19:25:00 EDT,42.52526,-75.13690,1627,73.8,74.6,73.8,81.6,67.8,0.000,0.000,0.00,0.000,3.5,6.6,1.1,225,13,3.7,7.7,1.2,224,13,3.5,6.6,1.1,225,13,12,28.40,,0,0,0,68.2,66.2,64.8,0.21,0.34,0.23
LAUR,2017-08-21 19:30:00 EDT,42.52526,-75.13690,1627,73.7,74.4,73.7,81.8,67.8,0.000,0.000,0.00,0.000,4.4,8.2,1.5,223,11,4.8,8.2,1.4,224,9,4.4,8.2,1.5,223,11,13,28.40,,0,0,0,68.2,66.3,64.8,0.21,0.34,0.23
LAUR,2017-08-21 19:35:00 EDT,42.52526,-75.13690,1627,73.9,74.4,73.9,81.6,67.9,0.000,0.000,0.00,0.000,4.9,8.8,1.1,228,12,5.2,8.1,1.1,228,12,4.9,8.8,1.1,228,12,11,28.40,,0,0,0,68.2,66.2,64.8,0.22,0.34,0.23
LAUR,2017-08-21 19:40:00 EDT,42.52526,-75.13690,1627,73.9,74.5,73.9,82.2,68.1,0.000,0.000,0.00,0.000,8.8,15.7,3.6,238,15,9.3,18.4,4.0,238,14,8.8,15.7,3.6,238,15,10,28.40,,0,0,0,68.2,66.3,64.8,0.22,0.34,0.23
LAUR,2017-08-21 19:45:00 EDT,42.52526,-75.13690,1627,73.8,73.9,73.8,80.2,67.3,0.000,0.000,0.00,0.000,11.1,18.9,3.8,235,16,11.7,19.5,3.7,235,15,11.1,18.9,3.8,235,16,18,28.40,,0,0,0,68.2,66.4,64.8,0.22,0.34,0.23
LAUR,2017-08-21 19:50:00 EDT,42.52526,-75.13690,1627,73.3,73.5,73.3,78.3,66.2,0.000,0.000,0.00,0.000,9.1,13.4,2.2,235,14,9.6,15.4,2.2,235,13,9.1,13.4,2.2,235,14,9,28.40,,0,0,0,68.2,66.4,64.8,0.22,0.34,0.23
LAUR,2017-08-21 19:55:00 EDT,42.52526,-75.13690,1627,73.1,73.3,73.1,75.0,64.7,0.000,0.000,0.00,0.000,8.4,11.6,1.5,246,12,8.8,11.9,1.5,248,12,8.4,11.6,1.5,246,12,3,28.40,,0,0,0,68.2,66.4,64.8,0.22,0.34,0.23
LAUR,2017-08-21 20:00:00 EDT,42.52526,-75.13690,1627,72.5,72.9,72.5,75.5,64.3,0.000,0.000,0.00,0.000,6.4,10.3,1.5,239,16,6.9,11.4,1.7,239,16,6.4,10.3,1.5,239,16,2,28.40,,0,0,0,68.2,66.4,64.8,0.22,0.34,0.23
LAUR,2017-08-21 20:05:00 EDT,42.52526,-75.13690,1627,72.2,72.5,72.2,75.3,64.0,0.000,0.000,0.00,0.000,4.3,8.1,1.3,217,16,4.6,7.8,1.2,217,14,4.3,8.1,1.3,217,16,1,28.40,,0,0,0,68.2,66.4,64.8,0.22,0.34,0.23
LAUR,2017-08-21 20:10:00 EDT,42.52526,-75.13690,1627,72.1,72.4,72.1,74.4,63.5,0.000,0.000,0.00,0.000,5.3,9.9,2.5,234,17,5.6,11.2,2.5,233,17,5.3,9.9,2.5,234,17,1,28.40,,0,0,0,68.2,66.4,64.8,0.21,0.34,0.23
LAUR,2017-08-21 20:15:00 EDT,42.52526,-75.13690,1627,71.1,72.0,71.1,76.1,63.2,0.000,0.000,0.00,0.000,3.5,5.4,0.9,232,16,3.8,5.8,1.0,232,15,3.5,5.4,0.9,232,16,1,28.39,,0,0,0,68.2,66.4,64.8,0.22,0.34,0.23
LAUR,2017-08-21 20:20:00 EDT,42.52526,-75.13690,1627,70.8,71.5,70.8,78.4,63.7,0.000,0.000,0.00,0.000,2.2,5.8,1.4,192,17,2.8,6.4,1.5,192,16,2.2,5.8,1.4,192,17,1,28.40,,0,0,0,68.2,66.4,64.8,0.22,0.34,0.23
LAUR,2017-08-21 20:25:00 EDT,42.52526,-75.13690,1627,71.0,71.6,71.0,77.0,63.4,0.000,0.000,0.00,0.000,2.4,4.8,1.0,225,23,2.8,5.8,1.1,228,24,2.4,4.8,1.0,225,23,1,28.40,,0,0,0,68.2,66.4,64.8,0.21,0.34,0.23
LAUR,2017-08-21 20:30:00 EDT,42.52526,-75.13690,1627,70.6,71.4,70.6,76.6,62.9,0.000,0.000,0.00,0.000,3.5,5.9,1.0,238,11,3.8,6.3,1.1,238,11,3.5,5.9,1.0,238,11,1,28.40,,0,0,0,68.2,66.4,64.8,0.21,0.34,0.23
LAUR,2017-08-21 20:35:00 EDT,42.52526,-75.13690,1627,70.3,71.3,70.3,76.9,62.7,0.000,0.000,0.00,0.000,4.4,7.7,0.9,237,14,4.8,7.1,1.1,237,15,4.4,7.7,0.9,237,14,1,28.40,,0,0,0,68.2,66.4,64.8,0.21,0.34,0.23
LAUR,2017-08-21 20:40:00 EDT,42.52526,-75.13690,1627,69.8,70.8,69.8,78.2,62.7,0.000,0.000,0.00,0.000,3.3,6.3,1.3,223,10,3.6,6.6,1.4,223,10,3.3,6.3,1.3,223,10,1,28.40,,0,0,0,68.2,66.4,64.8,0.21,0.34,0.23
LAUR,2017-08-21 20:45:00 EDT,42.52526,-75.13690,1627,69.5,70.8,69.5,78.6,62.6,0.000,0.000,0.00,0.000,2.4,5.0,1.2,212,15,2.6,5.4,1.2,209,15,2.4,5.0,1.2,212,15,1,28.40,,0,0,0,68.2,66.4,64.8,0.22,0.34,0.23
LAUR,2017-08-21 20:50:00 EDT,42.52526,-75.13690,1627,69.5,70.5,69.5,78.4,62.5,0.000,0.000,0.00,0.000,1.9,4.3,0.9,212,23,2.1,5.0,0.9,211,25,1.9,4.3,0.9,212,23,1,28.40,,0,0,0,68.2,66.4,64.8,0.21,0.34,0.23
LAUR,2017-08-21 20:55:00 EDT,42.52526,-75.13690,1627,69.2,70.3,69.2,79.2,62.5,0.000,0.000,0.00,0.000,1.3,5.0,1.0,192,35,2.0,6.0,1.2,192,36,1.3,5.0,1.0,192,35,1,28.40,,0,0,0,68.2,66.4,64.8,0.22,0.34,0.23
LAUR,2017-08-21 21:00:00 EDT,42.52526,-75.13690,1627,69.3,70.1,69.3,79.6,62.7,0.000,0.000,0.00,0.000,3.0,5.8,1.3,220,16,3.2,6.3,1.4,220,16,3.0,5.8,1.3,220,16,1,28.40,,0,0,0,68.2,66.4,64.8,0.21,0.34,0.23
LAUR,2017-08-21 21:05:00 EDT,42.52526,-75.13690,1627,69.1,69.9,69.1,80.4,62.9,0.000,0.000,0.00,0.000,2.0,4.5,1.2,218,20,2.3,4.9,1.1,221,21,2.0,4.5,1.2,218,20,1,28.40,,0,0,0,68.1,66.4,64.8,0.22,0.34,0.23
LAUR,2017-08-21 21:10:00 EDT,42.52526,-75.13690,1627,68.7,69.6,68.7,82.2,63.0,0.000,0.000,0.00,0.000,2.6,5.3,1.3,208,17,3.0,6.2,1.2,207,18,2.6,5.3,1.3,208,17,1,28.40,,0,0,0,68.2,66.4,64.8,0.21,0.34,0.23
LAUR,2017-08-21 21:15:00 EDT,42.52526,-75.13690,1627,68.5,69.3,68.5,83.7,63.4,0.000,0.000,0.00,0.000,2.7,4.6,1.0,211,19,3.0,5.5,1.0,211,17,2.7,4.6,1.0,211,19,1,28.40,,0,0,0,68.1,66.4,64.8,0.22,0.34,0.23
LAUR,2017-08-21 21:20:00 EDT,42.52526,-75.13690,1627,69.1,69.6,69.1,83.5,63.9,0.000,0.000,0.00,0.000,4.2,7.6,1.3,221,14,4.5,8.1,1.3,222,11,4.2,7.6,1.3,221,14,1,28.40,,0,0,0,67.9,66.4,64.8,0.22,0.34,0.23
LAUR,2017-08-21 21:25:00 EDT,42.52526,-75.13690,1627,69.4,69.8,69.4,83.0,64.0,0.000,0.000,0.00,0.000,4.5,8.7,1.6,213,16,4.7,9.0,1.6,213,15,4.5,8.7,1.6,213,16,1,28.40,,0,0,0,67.8,66.4,64.8,0.22,0.34,0.23
LAUR,2017-08-21 21:30:00 EDT,42.52526,-75.13690,1627,69.4,69.8,69.4,83.1,64.0,0.000,0.000,0.00,0.000,3.4,7.2,1.3,206,22,3.8,7.8,1.7,209,20,3.4,7.2,1.3,206,22,1,28.40,,0,0,0,67.8,66.4,64.8,0.21,0.34,0.23
LAUR,2017-08-21 21:35:00 EDT,42.52526,-75.13690,1627,69.3,69.7,69.3,83.7,64.2,0.000,0.000,0.00,0.000,2.8,6.1,1.5,207,22,3.4,8.0,1.5,206,26,2.8,6.1,1.5,207,22,1,28.40,,0,0,0,67.8,66.4,64.8,0.22,0.34,0.23
LAUR,2017-08-21 21:40:00 EDT,42.52526,-75.13690,1627,69.2,69.6,69.2,84.4,64.3,0.000,0.000,0.00,0.000,3.2,5.8,1.4,212,25,3.7,6.9,1.5,211,26,3.2,5.8,1.4,212,25,1,28.40,,0,0,0,67.8,66.4,64.8,0.22,0.34,0.23
LAUR,2017-08-21 21:45:00 EDT,42.52526,-75.13690,1627,69.2,69.6,69.2,84.9,64.4,0.000,0.000,0.00,0.000,2.9,5.7,1.2,220,17,3.2,6.7,1.3,222,18,2.9,5.7,1.2,220,17,1,28.41,,0,0,0,67.8,66.4,64.8,0.21,0.34,0.23
LAUR,2017-08-21 21:50:00 EDT,42.52526,-75.13690,1627,68.5,69.3,68.5,86.3,64.3,0.000,0.000,0.00,0.000,2.1,6.1,1.6,225,28,2.5,7.0,1.7,221,29,2.1,6.1,1.6,225,28,1,28.40,,0,0,0,67.8,66.4,64.8,0.22,0.34,0.23
LAUR,2017-08-21 21:55:00 EDT,42.52526,-75.13690,1627,68.5,69.5,68.5,87.1,64.5,0.000,0.000,0.00,0.000,2.5,4.8,0.8,230,17,2.7,6.6,1.0,231,18,2.5,4.8,0.8,230,17,1,28.40,,0,0,0,67.8,66.4,64.8,0.22,0.34,0.23
LAUR,2017-08-21 22:00:00 EDT,42.52526,-75.13690,1627,69.0,69.6,69.0,87.1,65.1,0.000,0.000,0.00,0.000,2.9,5.5,1.1,223,20,3.1,6.6,1.2,222,19,2.9,5.5,1.1,223,20,1,28.40,,0,0,0,67.8,66.4,64.8,0.21,0.34,0.23
LAUR,2017-08-21 22:05:00 EDT,42.52526,-75.13690,1627,69.1,69.5,69.1,86.1,64.8,0.000,0.000,0.00,0.000,3.2,5.9,1.4,220,21,3.6,6.3,1.4,219,22,3.2,5.9,1.4,220,21,0,28.40,,0,0,0,67.8,66.4,64.8,0.22,0.34,0.23
LAUR,2017-08-21 22:10:00 EDT,42.52526,-75.13690,1627,68.5,69.2,68.5,87.7,64.8,0.000,0.000,0.00,0.000,1.8,6.7,1.8,218,21,2.4,7.7,1.8,216,27,1.8,6.7,1.8,218,21,0,28.40,,0,0,0,67.8,66.4,64.8,0.22,0.34,0.23
LAUR,2017-08-21 22:15:00 EDT,42.52526,-75.13690,1627,69.2,69.5,69.2,89.4,65.9,0.000,0.000,0.00,0.000,3.2,7.1,1.5,218,17,3.4,7.2,1.5,218,17,3.2,7.1,1.5,218,17,1,28.40,,0,0,0,67.8,66.4,64.8,0.22,0.34,0.23
LAUR,2017-08-21 22:20:00 EDT,42.52526,-75.13690,1627,68.9,69.5,68.9,91.8,66.4,0.000,0.000,0.00,0.000,2.5,5.1,1.2,219,25,2.9,6.1,1.4,219,22,2.5,5.1,1.2,219,25,1,28.40,,0,0,0,67.8,66.4,64.8,0.22,0.34,0.23
LAUR,2017-08-21 22:25:00 EDT,42.52526,-75.13690,1627,69.3,69.5,69.3,93.3,67.3,0.000,0.000,0.00,0.000,3.1,6.6,1.3,210,20,3.5,7.2,1.6,209,19,3.1,6.6,1.3,210,20,1,28.40,,0,0,0,67.8,66.4,64.8,0.21,0.34,0.23
LAUR,2017-08-21 22:30:00 EDT,42.52526,-75.13690,1627,69.4,69.6,69.4,94.4,67.7,0.000,0.000,0.00,0.000,3.7,6.4,1.1,216,19,4.2,7.3,1.4,218,15,3.7,6.4,1.1,216,19,0,28.40,,0,0,0,67.8,66.4,64.8,0.21,0.34,0.23
LAUR,2017-08-21 22:35:00 EDT,42.52526,-75.13690,1627,69.6,69.7,69.6,95.4,68.2,0.000,0.000,0.00,0.000,4.8,8.0,1.3,224,20,5.3,9.5,1.4,223,19,4.8,8.0,1.3,224,20,0,28.40,,0,0,0,67.8,66.4,64.8,0.22,0.34,0.23
LAUR,2017-08-21 22:40:00 EDT,42.52526,-75.13690,1627,69.5,69.9,69.5,95.7,68.3,0.000,0.000,0.00,0.000,3.7,6.9,1.4,227,20,4.2,6.7,1.3,226,19,3.7,6.9,1.4,227,20,0,28.40,,0,0,0,67.8,66.4,64.8,0.22,0.34,0.23
LAUR,2017-08-21 22:45:00 EDT,42.52526,-75.13690,1627,69.3,69.8,69.3,96.8,68.4,0.000,0.000,0.00,0.000,3.8,6.1,0.9,229,18,4.2,6.8,1.0,227,16,3.8,6.1,0.9,229,18,0,28.40,,0,0,0,67.8,66.4,64.8,0.22,0.34,0.23
LAUR,2017-08-21 22:50:00 EDT,42.52526,-75.13690,1627,69.4,69.9,69.4,97.5,68.7,0.000,0.000,0.00,0.000,4.5,8.6,1.3,216,19,5.0,10.5,1.6,215,18,4.5,8.6,1.3,216,19,0,28.40,,0,0,0,67.8,66.4,64.8,0.22,0.34,0.23
LAUR,2017-08-21 22:55:00 EDT,42.52526,-75.13690,1627,69.7,69.8,69.7,97.8,69.0,0.000,0.000,0.00,0.000,3.8,6.9,1.1,214,20,4.0,7.4,1.3,212,19,3.8,6.9,1.1,214,20,1,28.40,,0,0,0,67.8,66.4,64.8,0.22,0.34,0.23
LAUR,2017-08-21 23:00:00 EDT,42.52526,-75.13690,1627,69.5,69.8,69.5,97.3,68.7,0.000,0.000,0.00,0.000,3.9,7.8,1.6,213,15,4.5,10.1,1.7,212,15,3.9,7.8,1.6,213,15,1,28.39,,0,0,0,67.8,66.4,64.8,0.22,0.34,0.23
LAUR,2017-08-21 23:05:00 EDT,42.52526,-75.13690,1627,69.7,69.9,69.7,96.9,68.8,0.000,0.000,0.00,0.000,4.2,9.5,1.6,211,21,4.5,10.4,1.8,211,20,4.2,9.5,1.6,211,21,0,28.39,,0,0,0,67.7,66.4,64.8,0.22,0.34,0.23
LAUR,2017-08-21 23:10:00 EDT,42.52526,-75.13690,1627,69.7,69.9,69.7,97.0,68.8,0.000,0.000,0.00,0.000,5.1,8.9,1.5,212,17,5.7,9.2,1.7,212,16,5.1,8.9,1.5,212,17,1,28.39,,0,0,0,67.6,66.4,64.8,0.22,0.34,0.23
LAUR,2017-08-21 23:15:00 EDT,42.52526,-75.13690,1627,69.8,69.9,69.8,96.7,68.9,0.000,0.000,0.00,0.000,4.4,8.2,1.6,213,18,4.8,9.2,1.7,214,16,4.4,8.2,1.6,213,18,0,28.39,,0,0,0,67.5,66.4,64.8,0.22,0.34,0.23
LAUR,2017-08-21 23:20:00 EDT,42.52526,-75.13690,1627,69.8,69.8,69.8,96.3,68.7,0.000,0.000,0.00,0.000,3.4,7.3,1.4,213,20,3.9,7.6,1.6,214,19,3.4,7.3,1.4,213,20,0,28.39,,0,0,0,67.5,66.4,64.8,0.22,0.34,0.23
LAUR,2017-08-21 23:25:00 EDT,42.52526,-75.13690,1627,69.5,69.7,69.5,96.5,68.5,0.000,0.000,0.00,0.000,4.2,8.4,1.9,222,14,4.3,8.3,1.9,219,14,4.2,8.4,1.9,222,14,0,28.39,,0,0,0,67.5,66.4,64.8,0.22,0.34,0.23
LAUR,2017-08-21 23:30:00 EDT,42.52526,-75.13690,1627,69.6,69.8,69.6,95.6,68.3,0.000,0.000,0.00,0.000,4.4,7.2,1.2,221,16,4.7,8.1,1.4,222,16,4.4,7.2,1.2,221,16,0,28.39,,0,0,0,67.5,66.4,64.8,0.22,0.34,0.23
LAUR,2017-08-21 23:35:00 EDT,42.52526,-75.13690,1627,69.5,69.6,69.5,95.1,68.1,0.000,0.000,0.00,0.000,3.6,6.9,1.3,203,25,3.9,7.7,1.6,203,21,3.6,6.9,1.3,203,25,0,28.39,,0,0,0,67.5,66.4,64.8,0.22,0.34,0.23
LAUR,2017-08-21 23:40:00 EDT,42.52526,-75.13690,1627,69.0,69.1,69.0,97.2,68.2,0.000,0.000,0.00,0.000,2.8,5.8,1.3,213,25,3.4,7.0,1.3,209,23,2.8,5.8,1.3,213,25,0,28.39,,0,0,0,67.5,66.4,64.8,0.22,0.34,0.23
LAUR,2017-08-21 23:45:00 EDT,42.52526,-75.13690,1627,68.9,69.1,68.9,97.6,68.2,0.000,0.000,0.00,0.000,2.9,6.9,1.3,204,21,3.4,7.3,1.3,204,20,2.9,6.9,1.3,204,21,0,28.39,,0,0,0,67.5,66.4,64.8,0.22,0.34,0.23
LAUR,2017-08-21 23:50:00 EDT,42.52526,-75.13690,1627,68.7,68.9,68.7,98.4,68.2,0.000,0.000,0.00,0.000,3.6,6.6,1.4,192,23,4.2,8.2,1.6,193,22,3.6,6.6,1.4,192,23,0,28.39,,0,0,0,67.5,66.4,64.8,0.22,0.34,0.23
LAUR,2017-08-21 23:55:00 EDT,42.52526,-75.13690,1627,68.6,68.7,68.6,99.2,68.4,0.000,0.000,0.00,0.000,3.4,6.8,1.3,203,23,4.0,8.4,1.4,200,21,3.4,6.8,1.3,203,23,0,28.39,,0,0,0,67.5,66.4,64.8,0.22,0.34,0.23
LOUI,2017-08-21 00:00:00 EDT,44.87169,-75.05608,279,65.4,66.0,65.4,89.9,62.4,0.000,0.000,0.00,0.000,4.9,7.7,0.9,195,14,,,,,,4.9,7.7,0.9,195,14,0,29.77,,0,0,0,66.7,65.1,62.6,0.32,0.27,0.29
LOUI,2017-08-21 00:05:00 EDT,44.87169,-75.05608,279,65.5,65.9,65.5,89.8,62.4,0.000,0.000,0.00,0.000,4.6,7.7,1.0,199,13,,,,,,4.6,7.7,1.0,199,13,0,29.77,,0,0,0,66.7,65.1,62.6,0.32,0.27,0.29
LOUI,2017-08-21 00:10:00 EDT,44.87169,-75.05608,279,65.7,66.0,65.7,89.5,62.5,0.000,0.000,0.00,0.000,5.8,8.6,1.5,200,13,,,,,,5.8,8.6,1.5,200,13,0,29.77,,0,0,0,66.7,65.1,62.6,0.32,0.27,0.29
LOUI,2017-08-21 00:15:00 EDT,44.87169,-75.05608,279,65.6,66.1,65.6,89.4,62.4,0.000,0.000,0.00,0.000,5.1,10.0,1.6,201,13,,,,,,5.1,10.0,1.6,201,13,0,29.77,,0,0,0,66.7,65.1,62.6,0.32,0.27,0.29
LOUI,2017-08-21 00:20:00 EDT,44.87169,-75.05608,279,65.6,66.0,65.6,89.4,62.4,0.000,0.000,0.00,0.000,5.0,8.9,1.5,201,14,,,,,,5.0,8.9,1.5,201,14,0,29.77,,0,0,0,66.7,65.1,62.6,0.32,0.27,0.29
LOUI,2017-08-21 00:25:00 EDT,44.87169,-75.05608,279,65.5,65.9,65.5,89.2,62.3,0.000,0.000,0.00,0.000,4.4,7.5,1.3,203,16,,,,,,4.4,7.5,1.3,203,16,0,29.77,,0,0,0,66.7,65.1,62.6,0.32,0.27,0.29
LOUI,2017-08-21 00:30:00 EDT,44.87169,-75.05608,279,65.5,65.9,65.5,89.4,62.3,0.000,0.000,0.00,0.000,5.2,9.1,1.4,198,14,,,,,,5.2,9.1,1.4,198,14,0,29.77,,0,0,0,66.7,65.1,62.6,0.32,0.27,0.29
LOUI,2017-08-21 00:35:00 EDT,44.87169,-75.05608,279,65.3,65.8,65.3,89.7,62.2,0.000,0.000,0.00,0.000,3.9,7.7,0.9,201,15,,,,,,3.9,7.7,0.9,201,15,0,29.77,,0,0,0,66.7,65.1,62.6,0.32,0.27,0.29
LOUI,2017-08-21 00:40:00 EDT,44.87169,-75.05608,279,65.4,65.7,65.4,89.9,62.3,0.000,0.000,0.00,0.000,4.9,9.1,1.4,193,15,,,,,,4.9,9.1,1.4,193,15,0,29.78,,0,0,0,66.7,65.1,62.6,0.32,0.27,0.29
LOUI,2017-08-21 00:45:00 EDT,44.87169,-75.05608,279,64.9,65.4,64.9,90.5,62.1,0.000,0.000,0.00,0.000,4.2,7.8,1.2,199,14,,,,,,4.2,7.8,1.2,199,14,0,29.78,,0,0,0,66.7,65.1,62.6,0.32,0.27,0.29
LOUI,2017-08-21 00:50:00 EDT,44.87169,-75.05608,279,65.3,65.5,65.3,90.3,62.3,0.000,0.000,0.00,0.000,4.4,7.4,1.5,200,15,,,,,,4.4,7.4,1.5,200,15,0,29.78,,0,0,0,66.7,65.1,62.6,0.32,0.27,0.29
LOUI,2017-08-21 00:55:00 EDT,44.87169,-75.05608,279,65.2,65.4,65.2,90.0,62.2,0.000,0.000,0.00,0.000,4.1,7.6,1.4,196,16,,,,,,4.1,7.6,1.4,196,16,0,29.78,,0,0,0,66.7,65.1,62.6,0.32,0.27,0.29
LOUI,2017-08-21 01:00:00 EDT,44.87169,-75.05608,279,65.1,65.5,65.1,90.3,62.1,0.000,0.000,0.00,0.000,4.3,6.7,1.0,192,12,,,,,,4.3,6.7,1.0,192,12,0,29.78,,0,0,0,66.5,65.1,62.6,0.32,0.27,0.29
LOUI,2017-08-21 01:05:00 EDT,44.87169,-75.05608,279,65.0,65.3,65.0,90.5,62.1,0.000,0.000,0.00,0.000,3.2,5.8,0.9,200,17,,,,,,3.2,5.8,0.9,200,17,0,29.78,,0,0,0,66.5,65.1,62.6,0.32,0.27,0.29
LOUI,2017-08-21 01:10:00 EDT,44.87169,-75.05608,279,64.9,65.3,64.9,90.5,62.0,0.000,0.000,0.00,0.000,3.6,6.3,1.0,196,13,,,,,,3.6,6.3,1.0,196,13,0,29.78,,0,0,0,66.4,65.1,62.6,0.32,0.27,0.29
LOUI,2017-08-21 01:15:00 EDT,44.87169,-75.05608,279,64.6,65.1,64.6,90.7,61.9,0.000,0.000,0.00,0.000,3.2,5.6,0.9,198,14,,,,,,3.2,5.6,0.9,198,14,0,29.78,,0,0,0,66.4,65.1,62.6,0.32,0.27,0.29
LOUI,2017-08-21 01:20:00 EDT,44.87169,-75.05608,279,64.7,65.1,64.7,91.3,62.1,0.000,0.000,0.00,0.000,2.9,5.6,1.3,197,16,,,,,,2.9,5.6,1.3,197,16,0,29.78,,0,0,0,66.4,65.1,62.6,0.32,0.27,0.29
LOUI,2017-08-21 01:25:00 EDT,44.87169,-75.05608,279,64.6,65.1,64.6,91.1,61.9,0.000,0.000,0.00,0.000,2.6,4.5,0.8,202,21,,,,,,2.6,4.5,0.8,202,21,0,29.78,,0,0,0,66.4,65.1,62.6,0.32,0.27,0.29
LOUI,2017-08-21 01:30:00 EDT,44.87169,-75.05608,279,64.6,65.3,64.6,91.0,62.0,0.000,0.000,0.00,0.000,5.0,7.2,1.0,198,15,,,,,,5.0,7.2,1.0,198,15,0,29.78,,0,0,0,66.4,65.1,62.6,0.32,0.27,0.29
LOUI,2017-08-21 01:35:00 EDT,44.87169,-75.05608,279,64.9,65.4,64.9,91.0,62.2,0.000,0.000,0.00,0.000,4.3,7.2,1.3,194,13,,,,,,4.3,7.2,1.3,194,13,0,29.77,,0,0,0,66.4,65.1,62.6,0.32,0.27,0.29
LOUI,2017-08-21 01:40:00 EDT,44.87169,-75.05608,279,64.9,65.3,64.9,90.9,62.1,0.000,0.000,0.00,0.000,4.6,7.9,1.2,207,16,,,,,,4.6,7.9,1.2,207,16,0,29.78,,0,0,0,66.4,65.1,62.6,0.32,0.27,0.29
LOUI,2017-08-21 01:45:00 EDT,44.87169,-75.05608,279,64.9,65.3,64.9,90.6,62.1,0.000,0.000,0.00,0.000,4.7,7.7,1.1,207,17,,,,,,4.7,7.7,1.1,207,17,0,29.78,,0,0,0,66.4,65.1,62.6,0.32,0.27,0.29
LOUI,2017-08-21 01:50:00 EDT,44.87169,-75.05608,279,64.9,65.3,64.9,90.4,62.0,0.000,0.000,0.00,0.000,5.2,8.4,1.3,200,14,,,,,,5.2,8.4,1.3,200,14,0,29.78,,0,0,0,66.4,65.1,62.6,0.32,0.27,0.29
LOUI,2017-08-21 01:55:00 EDT,44.87169,-75.05608,279,65.1,65.4,65.1,90.6,62.2,0.000,0.000,0.00,0.000,5.7,10.7,1.8,197,13,,,,,,5.7,10.7,1.8,197,13,0,29.78,,0,0,0,66.4,65.1,62.6,0.32,0.27,0.29
LOUI,2017-08-21 02:00:00 EDT,44.87169,-75.05608,279,65.0,65.4,65.0,90.4,62.1,0.000,0.000,0.00,0.000,5.2,10.3,1.6,198,15,,,,,,5.2,10.3,1.6,198,15,0,29.78,,0,0,0,66.4,65.1,62.7,0.32,0.27,0.29
LOUI,2017-08-21 02:05:00 EDT,44.87169,-75.05608,279,65.0,65.4,65.0,90.3,62.1,0.000,0.000,0.00,0.000,5.4,10.4,1.7,203,17,,,,,,5.4,10.4,1.7,203,17,0,29.78,,0,0,0,66.4,65.1,62.6,0.32,0.27,0.29
LOUI,2017-08-21 02:10:00 EDT,44.87169,-75.05608,279,65.0,65.4,65.0,90.4,62.1,0.000,0.000,0.00,0.000,4.9,8.7,1.6,205,17,,,,,,4.9,8.7,1.6,205,17,0,29.78,,0,0,0,66.4,65.1,62.6,0.32,0.27,0.29
LOUI,2017-08-21 02:15:00 EDT,44.87169,-75.05608,279,65.0,65.3,65.0,90.5,62.1,0.000,0.000,0.00,0.000,3.8,6.5,1.1,196,16,,,,,,3.8,6.5,1.1,196,16,0,29.78,,0,0,0,66.4,65.1,62.6,0.32,0.27,0.29
LOUI,2017-08-21 02:20:00 EDT,44.87169,-75.05608,279,64.9,65.3,64.9,90.8,62.2,0.000,0.000,0.00,0.000,3.7,5.9,0.9,204,18,,,,,,3.7,5.9,0.9,204,18,0,29.78,,0,0,0,66.4,65.1,62.6,0.32,0.27,0.29
LOUI,2017-08-21 02:25:00 EDT,44.87169,-75.05608,279,65.0,65.3,65.0,90.6,62.1,0.000,0.000,0.00,0.000,4.0,6.2,0.8,203,17,,,,,,4.0,6.2,0.8,203,17,0,29.78,,0,0,0,66.4,65.1,62.6,0.32,0.27,0.29
LOUI,2017-08-21 02:30:00 EDT,44.87169,-75.05608,279,64.9,65.3,64.9,90.8,62.2,0.000,0.000,0.00,0.000,4.3,8.0,1.2,200,13,,,,,,4.3,8.0,1.2,200,13,0,29.78,,0,0,0,66.3,65.1,62.7,0.32,0.27,0.29
LOUI,2017-08-21 02:35:00 EDT,44.87169,-75.05608,279,65.0,65.4,65.0,90.4,62.1,0.000,0.000,0.00,0.000,4.7,8.0,1.5,208,13,,,,,,4.7,8.0,1.5,208,13,0,29.78,,0,0,0,66.3,65.1,62.7,0.32,0.27,0.29
LOUI,2017-08-21 02:40:00 EDT,44.87169,-75.05608,279,65.0,65.3,65.0,90.4,62.1,0.000,0.000,0.00,0.000,4.9,8.8,1.6,197,15,,,,,,4.9,8.8,1.6,197,15,0,29.78,,0,0,0,66.2,65.1,62.7,0.32,0.27,0.29
LOUI,2017-08-21 02:45:00 EDT,44.87169,-75.05608,279,64.9,65.2,64.9,90.2,62.0,0.000,0.000,0.00,0.000,4.5,7.9,1.3,201,14,,,,,,4.5,7.9,1.3,201,14,0,29.78,,0,0,0,66.0,65.1,62.7,0.32,0.27,0.29
LOUI,2017-08-21 02:50:00 EDT,44.87169,-75.05608,279,64.9,65.2,64.9,90.3,62.0,0.000,0.000,0.00,0.000,4.0,6.1,1.1,201,15,,,,,,4.0,6.1,1.1,201,15,0,29.78,,0,0,0,66.0,65.1,62.7,0.32,0.27,0.29
LOUI,2017-08-21 02:55:00 EDT,44.87169,-75.05608,279,64.8,65.1,64.8,90.4,61.9,0.000,0.000,0.00,0.000,3.8,7.4,1.2,211,20,,,,,,3.8,7.4,1.2,211,20,0,29.78,,0,0,0,66.0,65.1,62.7,0.32,0.27,0.29
LOUI,2017-08-21 03:00:00 EDT,44.87169,-75.05608,279,64.8,65.1,64.8,90.4,61.9,0.000,0.000,0.00,0.000,4.1,7.5,1.2,206,17,,,,,,4.1,7.5,1.2,206,17,0,29.78,,0,0,0,66.0,65.1,62.7,0.32,0.27,0.29
LOUI,2017-08-21 03:05:00 EDT,44.87169,-75.05608,279,64.8,65.1,64.8,90.2,61.9,0.000,0.000,0.00,0.000,4.2,7.8,1.2,204,18,,,,,,4.2,7.8,1.2,204,18,0,29.78,,0,0,0,66.0,65.1,62.7,0.32,0.27,0.29
LOUI,2017-08-21 03:10:00 EDT,44.87169,-75.05608,279,64.8,65.1,64.8,90.3,61.9,0.000,0.000,0.00,0.000,3.8,6.6,1.1,205,16,,,,,,3.8,6.6,1.1,205,16,0,29.78,,0,0,0,66.0,65.1,62.6,0.32,0.27,0.29
LOUI,2017-08-21 03:15:00 EDT,44.87169,-75.05608,279,64.7,65.0,64.7,90.4,61.8,0.000,0.000,0.00,0.000,3.5,7.1,1.3,210,14,,,,,,3.5,7.1,1.3,210,14,0,29.78,,0,0,0,66.0,65.1,62.7,0.32,0.27,0.29
LOUI,2017-08-21 03:20:00 EDT,44.87169,-75.05608,279,64.7,65.1,64.7,90.3,61.8,0.000,0.000,0.00,0.000,4.1,9.4,1.6,214,17,,,,,,4.1,9.4,1.6,214,17,0,29.78,,0,0,0,66.0,65.0,62.7,0.32,0.27,0.29
LOUI,2017-08-21 03:25:00 EDT,44.87169,-75.05608,279,64.6,65.0,64.6,90.5,61.7,0.000,0.000,0.00,0.000,3.6,7.6,1.8,213,16,,,,,,3.6,7.6,1.8,213,16,0,29.78,,0,0,0,66.0,65.0,62.8,0.32,0.27,0.29
LOUI,2017-08-21 03:30:00 EDT,44.87169,-75.05608,279,64.8,65.2,64.8,90.1,61.9,0.000,0.000,0.00,0.000,4.9,8.2,1.9,212,18,,,,,,4.9,8.2,1.9,212,18,0,29.78,,0,0,0,66.0,65.0,62.8,0.32,0.27,0.29
LOUI,2017-08-21 03:35:00 EDT,44.87169,-75.05608,279,64.8,65.1,64.8,89.6,61.7,0.000,0.000,0.00,0.000,3.9,7.8,1.5,212,17,,,,,,3.9,7.8,1.5,212,17,0,29.78,,0,0,0,66.0,65.0,62.7,0.32,0.27,0.29
LOUI,2017-08-21 03:40:00 EDT,44.87169,-75.05608,279,64.6,65.0,64.6,89.8,61.6,0.000,0.000,0.00,0.000,2.9,4.2,0.6,207,15,,,,,,2.9,4.2,0.6,207,15,0,29.78,,0,0,0,66.0,65.0,62.7,0.32,0.27,0.29
LOUI,2017-08-21 03:45:00 EDT,44.87169,-75.05608,279,64.4,64.9,64.4,90.4,61.6,0.000,0.000,0.00,0.000,3.3,5.6,0.9,206,14,,,,,,3.3,5.6,0.9,206,14,0,29.78,,0,0,0,66.0,64.9,62.8,0.32,0.27,0.29
LOUI,2017-08-21 03:50:00 EDT,44.87169,-75.05608,279,64.2,64.7,64.2,90.6,61.4,0.000,0.000,0.00,0.000,3.6,6.8,1.3,197,15,,,,,,3.6,6.8,1.3,197,15,0,29.78,,0,0,0,66.0,64.9,62.8,0.32,0.27,0.29
LOUI,2017-08-21 03:55:00 EDT,44.87169,-75.05608,279,64.2,64.7,64.2,90.8,61.5,0.000,0.000,0.00,0.000,3.8,6.2,1.1,203,15,,,,,,3.8,6.2,1.1,203,15,0,29.78,,0,0,0,66.0,64.9,62.8,0.32,0.27,0.29
LOUI,2017-08-21 04:00:00 EDT,44.87169,-75.05608,279,64.2,64.6,64.2,90.6,61.4,0.000,0.000,0.00,0.000,3.0,5.3,0.9,210,19,,,,,,3.0,5.3,0.9,210,19,0,29.78,,0,0,0,66.0,64.9,62.8,0.32,0.27,0.29
LOUI,2017-08-21 04:05:00 EDT,44.87169,-75.05608,279,64.4,64.7,64.4,90.6,61.6,0.000,0.000,0.00,0.000,3.8,7.2,1.4,209,13,,,,,,3.8,7.2,1.4,209,13,0,29.78,,0,0,0,66.0,64.9,62.8,0.32,0.27,0.29
LOUI,2017-08-21 04:10:00 EDT,44.87169,-75.05608,279,64.1,64.5,64.1,90.1,61.2,0.000,0.000,0.00,0.000,2.7,4.9,0.9,213,14,,,,,,2.7,4.9,0.9,213,14,0,29.78,,0,0,0,66.0,64.9,62.9,0.32,0.27,0.29
LOUI,2017-08-21 04:15:00 EDT,44.87169,-75.05608,279,64.1,64.6,64.1,90.3,61.2,0.000,0.000,0.00,0.000,3.0,7.5,1.2,206,15,,,,,,3.0,7.5,1.2,206,15,0,29.78,,0,0,0,66.0,64.9,62.9,0.32,0.27,0.29
LOUI,2017-08-21 04:20:00 EDT,44.87169,-75.05608,279,64.2,64.5,64.2,90.8,61.4,0.000,0.000,0.00,0.000,2.7,4.7,0.9,207,16,,,,,,2.7,4.7,0.9,207,16,0,29.78,,0,0,0,66.0,64.8,62.9,0.32,0.27,0.29
LOUI,2017-08-21 04:25:00 EDT,44.87169,-75.05608,279,63.9,64.4,63.9,90.9,61.2,0.000,0.000,0.00,0.000,2.6,4.6,0.8,205,17,,,,,,2.6,4.6,0.8,205,17,0,29.78,,0,0,0,65.9,64.8,62.8,0.32,0.27,0.29
LOUI,2017-08-21 04:30:00 EDT,44.87169,-75.05608,279,63.9,64.5,63.9,91.2,61.3,0.000,0.000,0.00,0.000,2.6,5.7,1.0,198,18,,,,,,2.6,5.7,1.0,198,18,0,29.78,,0,0,0,65.9,64.9,62.9,0.32,0.27,0.29
LOUI,2017-08-21 04:35:00 EDT,44.87169,-75.05608,279,63.5,64.2,63.5,91.6,61.1,0.000,0.000,0.00,0.000,2.3,3.9,0.7,187,19,,,,,,2.3,3.9,0.7,187,19,0,29.78,,0,0,0,65.9,64.8,62.9,0.32,0.27,0.29
LOUI,2017-08-21 04:40:00 EDT,44.87169,-75.05608,279,63.6,64.2,63.6,92.1,61.3,0.000,0.000,0.00,0.000,2.2,4.2,0.7,202,16,,,,,,2.2,4.2,0.7,202,16,0,29.78,,0,0,0,65.8,64.8,62.9,0.32,0.27,0.29
LOUI,2017-08-21 04:45:00 EDT,44.87169,-75.05608,279,63.8,64.4,63.8,91.7,61.3,0.000,0.000,0.00,0.000,2.9,5.9,1.3,203,16,,,,,,2.9,5.9,1.3,203,16,0,29.79,,0,0,0,65.8,64.8,62.9,0.32,0.27,0.29
LOUI,2017-08-21 04:50:00 EDT,44.87169,-75.05608,279,63.8,64.3,63.8,91.2,61.2,0.000,0.000,0.00,0.000,3.2,6.2,1.1,204,18,,,,,,3.2,6.2,1.1,204,18,0,29.79,,0,0,0,65.8,64.8,62.9,0.32,0.27,0.29
LOUI,2017-08-21 04:55:00 EDT,44.87169,-75.05608,279,64.1,64.6,64.1,90.7,61.3,0.000,0.000,0.00,0.000,4.6,8.5,1.5,205,16,,,,,,4.6,8.5,1.5,205,16,0,29.79,,0,0,0,65.8,64.8,62.9,0.32,0.27,0.29
LOUI,2017-08-21 05:00:00 EDT,44.87169,-75.05608,279,64.1,64.5,64.1,90.5,61.3,0.000,0.000,0.00,0.000,3.7,6.4,1.2,204,18,,,,,,3.7,6.4,1.2,204,18,0,29.79,,0,0,0,65.8,64.8,62.9,0.32,0.27,0.29
LOUI,2017-08-21 05:05:00 EDT,44.87169,-75.05608,279,64.3,64.7,64.3,89.9,61.2,0.000,0.000,0.00,0.000,4.5,8.5,1.7,210,15,,,,,,4.5,8.5,1.7,210,15,0,29.79,,0,0,0,65.8,64.8,62.9,0.32,0.27,0.29
LOUI,2017-08-21 05:10:00 EDT,44.87169,-75.05608,279,64.3,64.7,64.3,90.0,61.3,0.000,0.000,0.00,0.000,4.1,8.5,1.6,206,14,,,,,,4.1,8.5,1.6,206,14,0,29.79,,0,0,0,65.8,64.8,62.9,0.32,0.27,0.29
LOUI,2017-08-21 05:15:00 EDT,44.87169,-75.05608,279,64.3,64.7,64.3,89.5,61.1,0.000,0.000,0.00,0.000,4.2,8.2,1.2,196,13,,,,,,4.2,8.2,1.2,196,13,0,29.79,,0,0,0,65.8,64.8,62.9,0.32,0.27,0.29
LOUI,2017-08-21 05:20:00 EDT,44.87169,-75.05608,279,64.1,64.6,64.1,90.0,61.1,0.000,0.000,0.00,0.000,4.9,9.1,1.3,198,15,,,,,,4.9,9.1,1.3,198,15,0,29.79,,0,0,0,65.8,64.8,62.9,0.32,0.27,0.29
LOUI,2017-08-21 05:25:00 EDT,44.87169,-75.05608,279,64.3,64.7,64.3,89.6,61.2,0.000,0.000,0.00,0.000,4.8,7.7,1.2,199,13,,,,,,4.8,7.7,1.2,199,13,0,29.79,,0,0,0,65.8,64.8,63.0,0.32,0.27,0.29
LOUI,2017-08-21 05:30:00 EDT,44.87169,-75.05608,279,64.1,64.5,64.1,89.8,61.1,0.000,0.000,0.00,0.000,4.4,7.2,1.3,193,13,,,,,,4.4,7.2,1.3,193,13,0,29.79,,0,0,0,65.8,64.8,62.9,0.32,0.27,0.29
LOUI,2017-08-21 05:35:00 EDT,44.87169,-75.05608,279,63.9,64.4,63.9,90.2,61.0,0.000,0.000,0.00,0.000,3.3,5.7,0.9,197,18,,,,,,3.3,5.7,0.9,197,18,0,29.79,,0,0,0,65.8,64.8,63.0,0.32,0.27,0.29
LOUI,2017-08-21 05:40:00 EDT,44.87169,-75.05608,279,64.0,64.5,64.0,90.3,61.1,0.000,0.000,0.00,0.000,3.8,6.1,0.9,195,14,,,,,,3.8,6.1,0.9,195,14,0,29.79,,0,0,0,65.8,64.8,63.0,0.32,0.27,0.29
LOUI,2017-08-21 05:45:00 EDT,44.87169,-75.05608,279,64.0,64.5,64.0,89.9,61.0,0.000,0.000,0.00,0.000,4.4,6.9,1.0,198,16,,,,,,4.4,6.9,1.0,198,16,0,29.79,,0,0,0,65.8,64.8,62.9,0.32,0.27,0.29
LOUI,2017-08-21 05:50:00 EDT,44.87169,-75.05608,279,64.0,64.5,64.0,89.9,61.0,0.000,0.000,0.00,0.000,4.3,9.4,1.4,196,16,,,,,,4.3,9.4,1.4,196,16,0,29.79,,0,0,0,65.8,64.8,63.0,0.32,0.27,0.29
LOUI,2017-08-21 05:55:00 EDT,44.87169,-75.05608,279,64.2,64.5,64.2,89.7,61.0,0.000,0.000,0.00,0.000,4.2,8.0,1.3,197,13,,,,,,4.2,8.0,1.3,197,13,1,29.80,,0,0,0,65.8,64.8,62.9,0.32,0.27,0.29
LOUI,2017-08-21 06:00:00 EDT,44.87169,-75.05608,279,64.1,64.5,64.1,89.6,61.0,0.000,0.000,0.00,0.000,4.5,7.4,1.4,200,15,,,,,,4.5,7.4,1.4,200,15,2,29.80,,0,0,0,65.8,64.8,63.0,0.32,0.27,0.29
LOUI,2017-08-21 06:05:00 EDT,44.87169,-75.05608,279,64.1,64.4,64.1,89.7,61.0,0.000,0.000,0.00,0.000,4.6,7.9,1.4,196,18,,,,,,4.6,7.9,1.4,196,18,3,29.80,,0,0,0,65.8,64.8,62.9,0.32,0.27,0.29
LOUI,2017-08-21 06:10:00 EDT,44.87169,-75.05608,279,64.1,64.5,64.1,89.6,61.0,0.000,0.000,0.00,0.000,4.1,6.9,1.2,198,19,,,,,,4.1,6.9,1.2,198,19,3,29.80,,0,0,0,65.8,64.8,62.9,0.32,0.27,0.29
LOUI,2017-08-21 06:15:00 EDT,44.87169,-75.05608,279,64.0,64.4,64.0,89.8,61.0,0.000,0.000,0.00,0.000,3.9,6.6,0.9,197,16,,,,,,3.9,6.6,0.9,197,16,4,29.80,,0,0,0,65.8,64.8,62.9,0.32,0.27,0.29
LOUI,2017-08-21 06:20:00 EDT,44.87169,-75.05608,279,63.8,64.4,63.8,90.1,60.9,0.000,0.000,0.00,0.000,3.9,6.7,1.2,192,11,,,,,,3.9,6.7,1.2,192,11,5,29.80,,0,0,0,65.8,64.8,63.0,0.32,0.27,0.29
LOUI,2017-08-21 06:25:00 EDT,44.87169,-75.05608,279,63.9,64.3,63.9,90.1,61.0,0.000,0.000,0.00,0.000,4.0,7.3,1.2,192,13,,,,,,4.0,7.3,1.2,192,13,6,29.80,,0,0,0,65.8,64.8,63.0,0.32,0.27,0.29
LOUI,2017-08-21 06:30:00 EDT,44.87169,-75.05608,279,63.7,64.3,63.7,90.6,60.8,0.000,0.000,0.00,0.000,3.9,6.1,0.9,195,15,,,,,,3.9,6.1,0.9,195,15,10,29.79,,0,0,0,65.7,64.8,63.0,0.32,0.27,0.29
LOUI,2017-08-21 06:35:00 EDT,44.87169,-75.05608,279,63.8,64.3,63.8,90.6,61.0,0.000,0.000,0.00,0.000,4.4,7.5,1.0,193,12,,,,,,4.4,7.5,1.0,193,12,16,29.79,,0,0,0,65.8,64.8,63.0,0.32,0.27,0.29
LOUI,2017-08-21 06:40:00 EDT,44.87169,-75.05608,279,63.7,64.2,63.7,90.7,61.0,0.000,0.000,0.00,0.000,4.8,7.4,1.0,196,14,,,,,,4.8,7.4,1.0,196,14,20,29.80,,0,0,0,65.6,64.8,63.0,0.32,0.27,0.29
LOUI,2017-08-21 06:45:00 EDT,44.87169,-75.05608,279,64.0,64.3,64.0,90.2,61.0,0.000,0.000,0.00,0.000,4.5,7.5,1.2,201,15,,,,,,4.5,7.5,1.2,201,15,23,29.80,,0,0,0,65.6,64.8,62.9,0.32,0.27,0.29
LOUI,2017-08-21 06:50:00 EDT,44.87169,-75.05608,279,64.2,64.4,64.2,89.4,61.0,0.000,0.000,0.00,0.000,5.1,8.5,1.1,203,15,,,,,,5.1,8.5,1.1,203,15,25,29.80,,0,0,0,65.5,64.8,63.0,0.32,0.27,0.29
LOUI,2017-08-21 06:55:00 EDT,44.87169,-75.05608,279,64.2,64.4,64.2,88.9,60.8,0.000,0.000,0.00,0.000,4.5,7.8,1.1,200,15,,,,,,4.5,7.8,1.1,200,15,29,29.79,,0,0,0,65.5,64.8,63.0,0.32,0.27,0.29
LOUI,2017-08-21 07:00:00 EDT,44.87169,-75.05608,279,64.2,64.5,64.2,88.9,60.9,0.000,0.000,0.00,0.000,4.6,8.0,1.1,201,14,,,,,,4.6,8.0,1.1,201,14,35,29.79,,0,0,0,65.5,64.8,63.0,0.32,0.27,0.29
LOUI,2017-08-21 07:05:00 EDT,44.87169,-75.05608,279,64.3,64.5,64.3,88.7,60.9,0.000,0.000,0.00,0.000,4.6,7.4,1.4,199,15,,,,,,4.6,7.4,1.4,199,15,55,29.79,,0,0,0,65.5,64.8,63.0,0.32,0.27,0.29
LOUI,2017-08-21 07:10:00 EDT,44.87169,-75.05608,279,64.5,64.7,64.5,88.4,61.0,0.000,0.000,0.00,0.000,4.5,7.7,1.1,201,15,,,,,,4.5,7.7,1.1,201,15,70,29.79,,0,0,0,65.5,64.8,63.0,0.32,0.27,0.29
LOUI,2017-08-21 07:15:00 EDT,44.87169,-75.05608,279,64.6,64.8,64.6,88.0,61.0,0.000,0.000,0.00,0.000,4.5,8.5,1.3,200,13,,,,,,4.5,8.5,1.3,200,13,56,29.80,,0,0,0,65.5,64.8,63.0,0.32,0.27,0.29
LOUI,2017-08-21 07:20:00 EDT,44.87169,-75.05608,279,64.7,64.8,64.7,87.8,61.0,0.000,0.000,0.00,0.000,4.5,6.3,0.9,198,16,,,,,,4.5,6.3,0.9,198,16,61,29.80,,0,0,0,65.5,64.8,63.0,0.32,0.27,0.29
LOUI,2017-08-21 07:25:00 EDT,44.87169,-75.05608,279,65.0,65.1,65.0,87.2,61.1,0.000,0.000,0.00,0.000,5.8,9.4,1.4,195,13,,,,,,5.8,9.4,1.4,195,13,102,29.80,,0,0,0,65.5,64.8,63.0,0.32,0.27,0.29
LOUI,2017-08-21 07:30:00 EDT,44.87169,-75.05608,279,65.2,65.3,65.2,87.0,61.2,0.000,0.000,0.00,0.000,4.6,8.8,1.4,195,14,,,,,,4.6,8.8,1.4,195,14,138,29.80,,0,0,0,65.5,64.8,63.0,0.32,0.27,0.29
LOUI,2017-08-21 07:35:00 EDT,44.87169,-75.05608,279,65.6,65.6,65.6,86.1,61.4,0.000,0.000,0.00,0.000,4.5,7.8,1.4,194,13,,,,,,4.5,7.8,1.4,194,13,161,29.80,,0,0,0,65.5,64.8,63.0,0.32,0.27,0.29
LOUI,2017-08-21 07:40:00 EDT,44.87169,-75.05608,279,66.0,66.0,66.0,85.3,61.5,0.000,0.000,0.00,0.000,5.6,10.2,2.1,199,17,,,,,,5.6,10.2,2.1,199,17,165,29.80,,0,0,0,65.5,64.8,63.0,0.32,0.27,0.29
LOUI,2017-08-21 07:45:00 EDT,44.87169,-75.05608,279,66.3,66.2,66.3,84.2,61.4,0.000,0.000,0.00,0.000,5.5,9.2,1.5,195,18,,,,,,5.5,9.2,1.5,195,18,176,29.80,,0,0,0,65.5,64.8,63.0,0.32,0.27,0.29
LOUI,2017-08-21 07:50:00 EDT,44.87169,-75.05608,279,66.4,66.3,66.4,84.8,61.7,0.000,0.000,0.00,0.000,5.3,8.0,1.2,189,15,,,,,,5.3,8.0,1.2,189,15,203,29.79,,0,0,0,65.5,64.8,63.0,0.32,0.27,0.29
LOUI,2017-08-21 07:55:00 EDT,44.87169,-75.05608,279,66.8,66.7,66.8,84.0,61.8,0.000,0.000,0.00,0.000,5.5,8.6,1.2,195,12,,,,,,5.5,8.6,1.2,195,12,213,29.79,,0,0,0,65.4,64.8,63.0,0.32,0.27,0.29
LOUI,2017-08-21 08:00:00 EDT,44.87169,-75.05608,279,67.2,67.0,67.2,82.4,61.6,0.000,0.000,0.00,0.000,6.6,10.2,1.6,198,14,,,,,,6.6,10.2,1.6,198,14,217,29.79,,0,0,0,65.5,64.8,63.0,0.32,0.27,0.29
LOUI,2017-08-21 08:05:00 EDT,44.87169,-75.05608,279,67.5,67.3,67.5,82.5,61.9,0.000,0.000,0.00,0.000,5.3,10.2,2.0,195,16,,,,,,5.3,10.2,2.0,195,16,247,29.79,,0,0,0,65.4,64.8,63.0,0.32,0.27,0.29
LOUI,2017-08-21 08:10:00 EDT,44.87169,-75.05608,279,67.8,67.6,67.8,81.9,62.1,0.000,0.000,0.00,0.000,5.9,9.9,1.8,197,16,,,,,,5.9,9.9,1.8,197,16,272,29.79,,0,0,0,65.4,64.8,63.0,0.32,0.27,0.29
LOUI,2017-08-21 08:15:00 EDT,44.87169,-75.05608,279,68.1,67.8,68.1,81.8,62.3,0.000,0.000,0.00,0.000,6.1,10.3,1.8,197,14,,,,,,6.1,10.3,1.8,197,14,225,29.79,,0,0,0,65.4,64.8,63.0,0.32,0.27,0.29
LOUI,2017-08-21 08:20:00 EDT,44.87169,-75.05608,279,68.4,68.1,68.4,81.8,62.6,0.000,0.000,0.00,0.000,4.9,9.6,1.6,200,17,,,,,,4.9,9.6,1.6,200,17,247,29.79,,0,0,0,65.3,64.8,63.0,0.32,0.27,0.29
LOUI,2017-08-21 08:25:00 EDT,44.87169,-75.05608,279,68.4,68.2,68.4,80.9,62.3,0.000,0.000,0.00,0.000,5.8,10.2,1.8,196,16,,,,,,5.8,10.2,1.8,196,16,221,29.79,,0,0,0,65.4,64.8,63.0,0.32,0.27,0.29
LOUI,2017-08-21 08:30:00 EDT,44.87169,-75.05608,279,68.6,68.3,68.6,81.0,62.5,0.000,0.000,0.00,0.000,6.3,11.2,1.9,198,13,,,,,,6.3,11.2,1.9,198,13,287,29.79,,0,0,0,65.4,64.8,63.0,0.32,0.27,0.29
LOUI,2017-08-21 08:35:00 EDT,44.87169,-75.05608,279,68.9,68.6,68.9,80.4,62.6,0.000,0.000,0.00,0.000,7.0,12.9,2.2,199,15,,,,,,7.0,12.9,2.2,199,15,301,29.79,,0,0,0,65.4,64.8,63.0,0.32,0.27,0.29
LOUI,2017-08-21 08:40:00 EDT,44.87169,-75.05608,279,69.1,68.9,69.1,79.7,62.5,0.000,0.000,0.00,0.000,6.5,11.0,1.7,201,15,,,,,,6.5,11.0,1.7,201,15,297,29.78,,0,0,0,65.5,64.8,63.0,0.32,0.27,0.29
LOUI,2017-08-21 08:45:00 EDT,44.87169,-75.05608,279,69.4,69.1,69.4,79.8,62.9,0.000,0.000,0.00,0.000,6.6,11.2,1.9,201,18,,,,,,6.6,11.2,1.9,201,18,345,29.78,,0,0,0,65.5,64.8,63.0,0.32,0.27,0.29
LOUI,2017-08-21 08:50:00 EDT,44.87169,-75.05608,279,69.7,69.3,69.7,79.1,62.9,0.000,0.000,0.00,0.000,6.3,12.6,2.6,201,17,,,,,,6.3,12.6,2.6,201,17,355,29.78,,0,0,0,65.5,64.8,63.0,0.32,0.27,0.29
LOUI,2017-08-21 08:55:00 EDT,44.87169,-75.05608,279,70.1,69.7,70.1,79.6,63.5,0.000,0.000,0.00,0.000,4.5,7.8,1.4,197,17,,,,,,4.5,7.8,1.4,197,17,371,29.78,,0,0,0,65.5,64.8,63.0,0.32,0.27,0.29
LOUI,2017-08-21 09:00:00 EDT,44.87169,-75.05608,279,70.4,69.9,70.4,78.4,63.3,0.000,0.000,0.00,0.000,6.2,12.1,2.0,206,18,,,,,,6.2,12.1,2.0,206,18,385,29.78,,0,0,0,65.5,64.8,63.0,0.32,0.27,0.29
LOUI,2017-08-21 09:05:00 EDT,44.87169,-75.05608,279,70.4,70.0,70.4,77.7,63.1,0.000,0.000,0.00,0.000,8.0,15.8,3.0,209,16,,,,,,8.0,15.8,3.0,209,16,397,29.78,,0,0,0,65.5,64.8,63.0,0.32,0.27,0.29
LOUI,2017-08-21 09:10:00 EDT,44.87169,-75.05608,279,70.5,70.1,70.5,76.7,62.8,0.000,0.000,0.00,0.000,9.1,17.2,2.3,208,14,,,,,,9.1,17.2,2.3,208,14,401,29.78,,0,0,0,65.5,64.8,63.0,0.32,0.27,0.29
LOUI,2017-08-21 09:15:00 EDT,44.87169,-75.05608,279,70.7,70.3,70.7,76.9,63.2,0.000,0.000,0.00,0.000,9.2,14.8,2.4,209,14,,,,,,9.2,14.8,2.4,209,14,413,29.78,,0,0,0,65.5,64.8,63.0,0.32,0.27,0.29
LOUI,2017-08-21 09:20:00 EDT,44.87169,-75.05608,279,71.1,70.6,71.1,77.5,63.7,0.000,0.000,0.00,0.000,7.4,13.2,2.6,205,16,,,,,,7.4,13.2,2.6,205,16,419,29.78,,0,0,0,65.5,64.8,63.0,0.32,0.27,0.29
LOUI,2017-08-21 09:25:00 EDT,44.87169,-75.05608,279,71.5,70.9,71.5,76.9,63.9,0.000,0.000,0.00,0.000,8.5,13.7,2.3,204,16,,,,,,8.5,13.7,2.3,204,16,431,29.78,,0,0,0,65.5,64.8,63.0,0.32,0.27,0.29
LOUI,2017-08-21 09:30:00 EDT,44.87169,-75.05608,279,71.6,71.1,71.6,76.4,63.8,0.000,0.000,0.00,0.000,9.3,14.8,2.3,199,13,,,,,,9.3,14.8,2.3,199,13,449,29.78,,0,0,0,65.5,64.8,63.0,0.32,0.27,0.29
LOUI,2017-08-21 09:35:00 EDT,44.87169,-75.05608,279,71.9,71.4,71.9,76.4,64.1,0.000,0.000,0.00,0.000,8.1,12.4,2.0,200,12,,,,,,8.1,12.4,2.0,200,12,464,29.78,,0,0,0,65.5,64.8,63.0,0.32,0.27,0.29
LOUI,2017-08-21 09:40:00 EDT,44.87169,-75.05608,279,72.4,71.8,72.4,76.2,64.5,0.000,0.000,0.00,0.000,7.2,11.5,1.6,199,14,,,,,,7.2,11.5,1.6,199,14,478,29.78,,0,0,0,65.8,64.8,63.0,0.32,0.27,0.29
LOUI,2017-08-21 09:45:00 EDT,44.87169,-75.05608,279,72.8,72.2,72.8,75.1,64.4,0.000,0.000,0.00,0.000,8.7,13.7,2.2,205,15,,,,,,8.7,13.7,2.2,205,15,498,29.79,,0,0,0,65.8,64.8,63.0,0.32,0.27,0.29
LOUI,2017-08-21 09:50:00 EDT,44.87169,-75.05608,279,73.0,72.4,73.0,74.5,64.4,0.000,0.000,0.00,0.000,8.8,12.7,1.6,206,14,,,,,,8.8,12.7,1.6,206,14,511,29.79,,0,0,0,65.8,64.8,63.0,0.32,0.27,0.29
LOUI,2017-08-21 09:55:00 EDT,44.87169,-75.05608,279,73.1,72.6,73.1,73.9,64.3,0.000,0.000,0.00,0.000,9.6,14.8,2.4,204,14,,,,,,9.6,14.8,2.4,204,14,516,29.79,,0,0,0,65.8,64.8,63.0,0.32,0.27,0.29
LOUI,2017-08-21 10:00:00 EDT,44.87169,-75.05608,279,73.4,72.9,73.4,73.6,64.4,0.000,0.000,0.00,0.000,8.5,14.2,2.0,205,13,,,,,,8.5,14.2,2.0,205,13,502,29.79,,0,0,0,65.8,64.8,63.0,0.32,0.27,0.29
LOUI,2017-08-21 10:05:00 EDT,44.87169,-75.05608,279,73.8,73.3,73.8,73.5,64.8,0.000,0.000,0.00,0.000,8.2,12.3,1.9,210,17,,,,,,8.2,12.3,1.9,210,17,531,29.79,,0,0,0,65.8,64.7,63.0,0.32,0.27,0.29
LOUI,2017-08-21 10:10:00 EDT,44.87169,-75.05608,279,74.2,73.6,74.2,71.7,64.5,0.000,0.000,0.00,0.000,9.4,15.4,2.5,211,14,,,,,,9.4,15.4,2.5,211,14,556,29.79,,0,0,0,65.8,64.8,63.0,0.32,0.27,0.29
LOUI,2017-08-21 10:15:00 EDT,44.87169,-75.05608,279,74.7,74.0,74.7,72.6,65.3,0.000,0.000,0.00,0.000,6.5,10.1,1.7,218,19,,,,,,6.5,10.1,1.7,218,19,570,29.79,,0,0,0,65.8,64.8,63.0,0.32,0.27,0.29
LOUI,2017-08-21 10:20:00 EDT,44.87169,-75.05608,279,75.1,74.4,75.1,71.8,65.4,0.000,0.000,0.00,0.000,7.0,11.8,2.1,224,20,,,,,,7.0,11.8,2.1,224,20,579,29.79,,0,0,0,65.8,64.7,62.9,0.32,0.27,0.29
LOUI,2017-08-21 10:25:00 EDT,44.87169,-75.05608,279,75.6,74.8,75.6,71.4,65.7,0.000,0.000,0.00,0.000,6.5,13.7,2.8,202,16,,,,,,6.5,13.7,2.8,202,16,589,29.78,,0,0,0,65.8,64.7,63.0,0.32,0.27,0.29
LOUI,2017-08-21 10:30:00 EDT,44.87169,-75.05608,279,75.4,74.7,75.4,69.2,64.6,0.000,0.000,0.00,0.000,7.8,14.0,2.5,207,16,,,,,,7.8,14.0,2.5,207,16,599,29.78,,0,0,0,65.8,64.7,63.0,0.32,0.27,0.29
LOUI,2017-08-21 10:35:00 EDT,44.87169,-75.05608,279,75.5,74.8,75.5,68.4,64.4,0.000,0.000,0.00,0.000,9.0,14.1,2.3,211,13,,,,,,9.0,14.1,2.3,211,13,603,29.78,,0,0,0,65.8,64.7,63.0,0.32,0.27,0.29
LOUI,2017-08-21 10:40:00 EDT,44.87169,-75.05608,279,75.6,75.0,75.6,68.1,64.3,0.000,0.000,0.00,0.000,8.1,13.0,2.0,209,15,,,,,,8.1,13.0,2.0,209,15,618,29.78,,0,0,0,65.8,64.7,63.0,0.32,0.27,0.29
LOUI,2017-08-21 10:45:00 EDT,44.87169,-75.05608,279,76.0,75.4,76.0,67.4,64.4,0.000,0.000,0.00,0.000,7.9,12.9,2.3,215,15,,,,,,7.9,12.9,2.3,215,15,634,29.78,,0,0,0,65.8,64.6,63.0,0.32,0.27,0.29
LOUI,2017-08-21 10:50:00 EDT,44.87169,-75.05608,279,76.3,75.6,76.3,68.1,65.0,0.000,0.000,0.00,0.000,8.0,12.3,2.2,199,14,,,,,,8.0,12.3,2.2,199,14,634,29.78,,0,0,0,65.9,64.7,63.0,0.32,0.27,0.29
LOUI,2017-08-21 10:55:00 EDT,44.87169,-75.05608,279,76.4,75.6,76.4,67.2,64.7,0.000,0.000,0.00,0.000,8.6,12.8,2.1,200,16,,,,,,8.6,12.8,2.1,200,16,637,29.78,,0,0,0,66.0,64.7,63.0,0.32,0.27,0.29
LOUI,2017-08-21 11:00:00 EDT,44.87169,-75.05608,279,76.6,76.0,76.6,66.9,64.8,0.000,0.000,0.00,0.000,9.6,15.1,2.3,210,16,,,,,,9.6,15.1,2.3,210,16,632,29.78,,0,0,0,66.0,64.6,63.0,0.32,0.27,0.29
LOUI,2017-08-21 11:05:00 EDT,44.87169,-75.05608,279,76.7,76.1,76.7,67.0,64.9,0.000,0.000,0.00,0.000,9.8,14.4,2.1,206,15,,,,,,9.8,14.4,2.1,206,15,643,29.78,,0,0,0,66.0,64.6,63.0,0.32,0.27,0.29
LOUI,2017-08-21 11:10:00 EDT,44.87169,-75.05608,279,76.9,76.3,76.9,66.3,64.8,0.000,0.000,0.00,0.000,7.4,12.9,2.3,214,18,,,,,,7.4,12.9,2.3,214,18,649,29.78,,0,0,0,66.0,64.5,63.0,0.32,0.27,0.29
LOUI,2017-08-21 11:15:00 EDT,44.87169,-75.05608,279,77.3,76.6,77.3,66.8,65.4,0.000,0.000,0.00,0.000,7.3,12.8,1.8,211,16,,,,,,7.3,12.8,1.8,211,16,654,29.77,,0,0,0,66.0,64.5,63.0,0.32,0.27,0.29
LOUI,2017-08-21 11:20:00 EDT,44.87169,-75.05608,279,77.5,76.8,77.5,64.8,64.7,0.000,0.000,0.00,0.000,9.0,15.0,2.2,227,16,,,,,,9.0,15.0,2.2,227,16,659,29.77,,0,0,0,66.0,64.5,63.0,0.32,0.27,0.29
LOUI,2017-08-21 11:25:00 EDT,44.87169,-75.05608,279,77.8,77.2,77.8,66.0,65.6,0.000,0.000,0.00,0.000,7.1,11.2,1.9,219,20,,,,,,7.1,11.2,1.9,219,20,673,29.77,,0,0,0,66.0,64.4,63.0,0.32,0.27,0.29
LOUI,2017-08-21 11:30:00 EDT,44.87169,-75.05608,279,77.9,77.3,77.9,65.2,65.3,0.000,0.000,0.00,0.000,8.5,13.7,2.7,210,14,,,,,,8.5,13.7,2.7,210,14,662,29.77,,0,0,0,66.2,64.4,63.0,0.32,0.27,0.29
LOUI,2017-08-21 11:35:00 EDT,44.87169,-75.05608,279,78.1,77.5,78.1,63.7,64.9,0.000,0.000,0.00,0.000,9.9,15.3,2.3,228,16,,,,,,9.9,15.3,2.3,228,16,679,29.77,,0,0,0,66.4,64.4,63.0,0.32,0.27,0.29
LOUI,2017-08-21 11:40:00 EDT,44.87169,-75.05608,279,78.1,77.6,78.1,63.8,64.8,0.000,0.000,0.00,0.000,8.1,15.1,2.4,223,14,,,,,,8.1,15.1,2.4,223,14,676,29.77,,0,0,0,66.4,64.4,63.0,0.32,0.27,0.29
LOUI,2017-08-21 11:45:00 EDT,44.87169,-75.05608,279,78.6,77.9,78.6,64.9,65.8,0.000,0.000,0.00,0.000,6.8,14.0,2.4,211,23,,,,,,6.8,14.0,2.4,211,23,684,29.77,,0,0,0,66.4,64.4,63.0,0.32,0.27,0.29
LOUI,2017-08-21 11:50:00 EDT,44.87169,-75.05608,279,78.4,77.8,78.4,63.8,65.2,0.000,0.000,0.00,0.000,9.0,13.7,2.8,194,15,,,,,,9.0,13.7,2.8,194,15,693,29.76,,0,0,0,66.4,64.4,63.0,0.32,0.27,0.29
LOUI,2017-08-21 11:55:00 EDT,44.87169,-75.05608,279,78.6,78.0,78.6,62.7,64.8,0.000,0.000,0.00,0.000,9.0,15.1,2.2,205,16,,,,,,9.0,15.1,2.2,205,16,697,29.76,,0,0,0,66.4,64.4,63.0,0.32,0.27,0.29
LOUI,2017-08-21 12:00:00 EDT,44.87169,-75.05608,279,78.8,78.3,78.8,62.4,64.9,0.000,0.000,0.00,0.000,8.4,14.0,2.5,207,15,,,,,,8.4,14.0,2.5,207,15,698,29.76,,0,0,0,66.4,64.4,63.0,0.32,0.27,0.29
LOUI,2017-08-21 12:05:00 EDT,44.87169,-75.05608,279,79.2,78.6,79.2,62.5,65.3,0.000,0.000,0.00,0.000,8.4,13.3,2.3,207,19,,,,,,8.4,13.3,2.3,207,19,710,29.76,,0,0,0,66.4,64.4,63.0,0.32,0.27,0.29
LOUI,2017-08-21 12:10:00 EDT,44.87169,-75.05608,279,79.2,78.7,79.2,60.7,64.5,0.000,0.000,0.00,0.000,9.1,14.5,2.5,212,14,,,,,,9.1,14.5,2.5,212,14,717,29.76,,0,0,0,66.6,64.4,63.0,0.32,0.27,0.29
LOUI,2017-08-21 12:15:00 EDT,44.87169,-75.05608,279,79.3,78.8,79.3,62.1,65.2,0.000,0.000,0.00,0.000,8.1,13.2,2.0,201,18,,,,,,8.1,13.2,2.0,201,18,714,29.76,,0,0,0,66.7,64.4,63.0,0.32,0.27,0.29
LOUI,2017-08-21 12:20:00 EDT,44.87169,-75.05608,279,79.9,79.3,79.9,61.8,65.6,0.000,0.000,0.00,0.000,7.0,14.5,3.0,216,20,,,,,,7.0,14.5,3.0,216,20,716,29.76,,0,0,0,66.7,64.4,63.0,0.32,0.27,0.29
LOUI,2017-08-21 12:25:00 EDT,44.87169,-75.05608,279,79.7,79.2,79.7,60.9,65.0,0.000,0.000,0.00,0.000,8.1,14.8,2.2,206,20,,,,,,8.1,14.8,2.2,206,20,715,29.76,,0,0,0,66.7,64.4,63.0,0.32,0.27,0.29
LOUI,2017-08-21 12:30:00 EDT,44.87169,-75.05608,279,79.9,79.4,79.9,60.3,64.9,0.000,0.000,0.00,0.000,7.3,11.8,2.0,211,16,,,,,,7.3,11.8,2.0,211,16,729,29.76,,0,0,0,66.7,64.4,62.9,0.32,0.27,0.29
LOUI,2017-08-21 12:35:00 EDT,44.87169,-75.05608,279,80.4,79.9,82.3,60.1,65.3,0.000,0.000,0.00,0.000,6.9,12.2,2.8,216,20,,,,,,6.9,12.2,2.8,216,20,713,29.76,,0,0,0,66.8,64.4,63.0,0.32,0.27,0.29
LOUI,2017-08-21 12:40:00 EDT,44.87169,-75.05608,279,80.2,79.8,81.8,57.8,64.0,0.000,0.000,0.00,0.000,7.3,11.9,2.3,237,28,,,,,,7.3,11.9,2.3,237,28,710,29.76,,0,0,0,67.0,64.4,63.0,0.32,0.27,0.29
LOUI,2017-08-21 12:45:00 EDT,44.87169,-75.05608,279,80.1,79.7,81.6,56.8,63.4,0.000,0.000,0.00,0.000,8.4,14.3,2.6,244,21,,,,,,8.4,14.3,2.6,244,21,738,29.76,,0,0,0,67.1,64.4,63.0,0.32,0.27,0.29
LOUI,2017-08-21 12:50:00 EDT,44.87169,-75.05608,279,80.0,79.7,81.4,56.0,62.9,0.000,0.000,0.00,0.000,8.0,14.1,2.2,228,21,,,,,,8.0,14.1,2.2,228,21,735,29.76,,0,0,0,67.1,64.4,63.0,0.32,0.27,0.29
LOUI,2017-08-21 12:55:00 EDT,44.87169,-75.05608,279,80.4,80.0,82.2,58.9,64.7,0.000,0.000,0.00,0.000,6.7,12.6,2.7,208,20,,,,,,6.7,12.6,2.7,208,20,734,29.75,,0,0,0,67.1,64.4,63.0,0.32,0.27,0.29
LOUI,2017-08-21 13:00:00 EDT,44.87169,-75.05608,279,80.5,80.1,81.9,56.1,63.4,0.000,0.000,0.00,0.000,7.3,15.5,3.2,241,20,,,,,,7.3,15.5,3.2,241,20,737,29.75,,0,0,0,67.1,64.4,63.0,0.32,0.27,0.29
LOUI,2017-08-21 13:05:00 EDT,44.87169,-75.05608,279,80.8,80.4,82.3,56.2,63.8,0.000,0.000,0.00,0.000,6.5,11.6,2.1,229,18,,,,,,6.5,11.6,2.1,229,18,734,29.75,,0,0,0,67.1,64.4,63.0,0.32,0.27,0.29
LOUI,2017-08-21 13:10:00 EDT,44.87169,-75.05608,279,80.9,80.5,82.0,53.2,62.3,0.000,0.000,0.00,0.000,8.8,14.9,2.5,234,16,,,,,,8.8,14.9,2.5,234,16,735,29.75,,0,0,0,67.1,64.4,63.0,0.32,0.27,0.29
LOUI,2017-08-21 13:15:00 EDT,44.87169,-75.05608,279,80.7,80.4,81.7,52.3,61.6,0.000,0.000,0.00,0.000,8.4,16.6,2.4,222,15,,,,,,8.4,16.6,2.4,222,15,737,29.75,,0,0,0,67.4,64.4,63.0,0.32,0.27,0.29
LOUI,2017-08-21 13:20:00 EDT,44.87169,-75.05608,279,80.5,80.2,81.4,51.2,60.8,0.000,0.000,0.00,0.000,9.6,16.4,2.5,224,22,,,,,,9.6,16.4,2.5,224,22,733,29.75,,0,0,0,67.5,64.4,63.0,0.32,0.27,0.29
LOUI,2017-08-21 13:25:00 EDT,44.87169,-75.05608,279,80.6,80.4,81.6,51.6,61.2,0.000,0.000,0.00,0.000,7.8,12.2,1.9,221,18,,,,,,7.8,12.2,1.9,221,18,728,29.75,,0,0,0,67.5,64.4,63.0,0.32,0.27,0.28
LOUI,2017-08-21 13:30:00 EDT,44.87169,-75.05608,279,81.2,80.8,82.2,52.6,62.2,0.000,0.000,0.00,0.000,6.9,10.7,1.9,232,22,,,,,,6.9,10.7,1.9,232,22,714,29.75,,0,0,0,67.5,64.4,63.0,0.32,0.27,0.29
LOUI,2017-08-21 13:35:00 EDT,44.87169,-75.05608,279,80.9,80.7,81.8,51.0,61.1,0.000,0.000,0.00,0.000,9.5,17.0,3.4,233,19,,,,,,9.5,17.0,3.4,233,19,690,29.75,,0,0,0,67.5,64.4,63.0,0.32,0.27,0.28
LOUI,2017-08-21 13:40:00 EDT,44.87169,-75.05608,279,80.7,80.6,81.6,51.7,61.3,0.000,0.000,0.00,0.000,7.6,13.2,2.5,229,17,,,,,,7.6,13.2,2.5,229,17,655,29.75,,0,0,0,67.8,64.4,63.0,0.32,0.27,0.28
LOUI,2017-08-21 13:45:00 EDT,44.87169,-75.05608,279,80.7,80.6,81.8,52.6,61.8,0.000,0.000,0.00,0.000,8.6,16.1,3.3,234,24,,,,,,8.6,16.1,3.3,234,24,618,29.74,,0,0,0,67.8,64.4,63.0,0.32,0.27,0.28
LOUI,2017-08-21 13:50:00 EDT,44.87169,-75.05608,279,80.5,80.5,81.5,52.1,61.3,0.000,0.000,0.00,0.000,9.2,16.1,3.5,246,15,,,,,,9.2,16.1,3.5,246,15,576,29.74,,0,0,0,67.8,64.4,63.0,0.32,0.27,0.28
LOUI,2017-08-21 13:55:00 EDT,44.87169,-75.05608,279,80.3,80.4,81.3,52.4,61.3,0.000,0.000,0.00,0.000,9.7,17.5,2.7,241,15,,,,,,9.7,17.5,2.7,241,15,534,29.74,,0,0,0,67.8,64.4,62.9,0.32,0.27,0.28
LOUI,2017-08-21 14:00:00 EDT,44.87169,-75.05608,279,80.4,80.4,81.6,54.0,62.2,0.000,0.000,0.00,0.000,7.1,11.5,1.9,239,21,,,,,,7.1,11.5,1.9,239,21,489,29.74,,0,0,0,67.8,64.4,62.9,0.32,0.27,0.28
LOUI,2017-08-21 14:05:00 EDT,44.87169,-75.05608,279,80.4,80.4,81.6,54.7,62.6,0.000,0.000,0.00,0.000,6.9,12.1,1.8,222,16,,,,,,6.9,12.1,1.8,222,16,445,29.74,,0,0,0,67.8,64.4,63.0,0.32,0.27,0.28
LOUI,2017-08-21 14:10:00 EDT,44.87169,-75.05608,279,80.1,80.3,81.5,56.0,63.0,0.000,0.000,0.00,0.000,5.0,8.0,1.2,231,19,,,,,,5.0,8.0,1.2,231,19,401,29.74,,0,0,0,68.0,64.4,62.9,0.32,0.27,0.28
LOUI,2017-08-21 14:15:00 EDT,44.87169,-75.05608,279,80.0,80.2,81.4,55.8,62.8,0.000,0.000,0.00,0.000,6.6,10.0,1.5,236,17,,,,,,6.6,10.0,1.5,236,17,360,29.74,,0,0,0,68.2,64.4,63.0,0.32,0.27,0.28
LOUI,2017-08-21 14:20:00 EDT,44.87169,-75.05608,279,79.6,80.0,79.6,57.5,63.3,0.000,0.000,0.00,0.000,6.3,10.2,1.7,224,21,,,,,,6.3,10.2,1.7,224,21,318,29.74,,0,0,0,68.2,64.4,62.9,0.32,0.27,0.28
LOUI,2017-08-21 14:25:00 EDT,44.87169,-75.05608,279,79.4,79.7,79.4,58.7,63.7,0.000,0.000,0.00,0.000,4.7,8.8,1.5,235,27,,,,,,4.7,8.8,1.5,235,27,286,29.73,,0,0,0,68.2,64.4,62.9,0.32,0.27,0.28
LOUI,2017-08-21 14:30:00 EDT,44.87169,-75.05608,279,79.3,79.7,79.3,58.7,63.6,0.000,0.000,0.00,0.000,7.0,13.7,2.3,234,13,,,,,,7.0,13.7,2.3,234,13,261,29.73,,0,0,0,68.2,64.4,62.9,0.32,0.27,0.28
LOUI,2017-08-21 14:35:00 EDT,44.87169,-75.05608,279,79.0,79.4,79.0,59.4,63.7,0.000,0.000,0.00,0.000,6.3,10.3,1.7,234,21,,,,,,6.3,10.3,1.7,234,21,244,29.73,,0,0,0,68.2,64.4,62.9,0.32,0.27,0.28
LOUI,2017-08-21 14:40:00 EDT,44.87169,-75.05608,279,78.7,79.2,78.7,61.1,64.2,0.000,0.000,0.00,0.000,5.5,8.5,1.4,232,17,,,,,,5.5,8.5,1.4,232,17,239,29.73,,0,0,0,68.4,64.4,62.9,0.32,0.27,0.28
LOUI,2017-08-21 14:45:00 EDT,44.87169,-75.05608,279,78.6,79.1,78.6,60.7,63.9,0.000,0.000,0.00,0.000,7.5,13.2,2.4,232,17,,,,,,7.5,13.2,2.4,232,17,243,29.72,,0,0,0,68.5,64.4,62.9,0.32,0.27,0.28
LOUI,2017-08-21 14:50:00 EDT,44.87169,-75.05608,279,78.7,79.0,78.7,60.2,63.7,0.000,0.000,0.00,0.000,6.2,11.5,2.0,232,15,,,,,,6.2,11.5,2.0,232,15,255,29.72,,0,0,0,68.5,64.4,62.9,0.32,0.27,0.28
LOUI,2017-08-21 14:55:00 EDT,44.87169,-75.05608,279,78.6,79.0,78.6,59.9,63.5,0.000,0.000,0.00,0.000,6.8,11.3,2.1,232,13,,,,,,6.8,11.3,2.1,232,13,279,29.72,,0,0,0,68.5,64.4,62.9,0.32,0.27,0.28
LOUI,2017-08-21 15:00:00 EDT,44.87169,-75.05608,279,78.6,78.9,78.6,61.3,64.2,0.000,0.000,0.00,0.000,5.7,10.2,1.8,226,15,,,,,,5.7,10.2,1.8,226,15,307,29.72,,0,0,0,68.5,64.4,62.9,0.32,0.27,0.28
LOUI,2017-08-21 15:05:00 EDT,44.87169,-75.05608,279,78.8,79.0,78.8,60.9,64.2,0.000,0.000,0.00,0.000,6.2,11.3,2.0,227,18,,,,,,6.2,11.3,2.0,227,18,340,29.72,,0,0,0,68.5,64.4,62.9,0.32,0.27,0.28
LOUI,2017-08-21 15:10:00 EDT,44.87169,-75.05608,279,79.0,79.1,79.0,61.1,64.5,0.000,0.000,0.00,0.000,5.3,9.9,2.0,225,16,,,,,,5.3,9.9,2.0,225,16,374,29.72,,0,0,0,68.5,64.4,62.9,0.32,0.27,0.28
LOUI,2017-08-21 15:15:00 EDT,44.87169,-75.05608,279,79.2,79.2,79.2,61.7,64.9,0.000,0.000,0.00,0.000,6.1,10.4,2.1,223,16,,,,,,6.1,10.4,2.1,223,16,409,29.72,,0,0,0,68.5,64.4,62.9,0.32,0.27,0.28
LOUI,2017-08-21 15:20:00 EDT,44.87169,-75.05608,279,79.4,79.4,79.4,62.2,65.3,0.000,0.000,0.00,0.000,6.6,11.3,2.1,202,15,,,,,,6.6,11.3,2.1,202,15,445,29.71,,0,0,0,68.5,64.4,62.9,0.32,0.27,0.28
LOUI,2017-08-21 15:25:00 EDT,44.87169,-75.05608,279,79.5,79.4,79.5,63.9,66.2,0.000,0.000,0.00,0.000,6.5,11.9,2.0,207,16,,,,,,6.5,11.9,2.0,207,16,477,29.71,,0,0,0,68.5,64.4,62.9,0.32,0.27,0.28
LOUI,2017-08-21 15:30:00 EDT,44.87169,-75.05608,279,79.9,79.8,79.9,61.9,65.7,0.000,0.000,0.00,0.000,7.5,12.9,2.4,211,21,,,,,,7.5,12.9,2.4,211,21,508,29.71,,0,0,0,68.5,64.4,62.8,0.32,0.27,0.28
LOUI,2017-08-21 15:35:00 EDT,44.87169,-75.05608,279,80.1,80.0,82.1,61.6,65.8,0.000,0.000,0.00,0.000,7.6,14.6,2.9,211,20,,,,,,7.6,14.6,2.9,211,20,535,29.71,,0,0,0,68.5,64.4,62.9,0.32,0.27,0.28
LOUI,2017-08-21 15:40:00 EDT,44.87169,-75.05608,279,80.4,80.2,82.3,60.6,65.5,0.000,0.000,0.00,0.000,7.3,13.9,2.3,212,15,,,,,,7.3,13.9,2.3,212,15,554,29.71,,0,0,0,68.5,64.4,62.8,0.32,0.27,0.28
LOUI,2017-08-21 15:45:00 EDT,44.87169,-75.05608,279,80.5,80.3,82.4,59.7,65.2,0.000,0.000,0.00,0.000,9.0,14.5,2.5,216,19,,,,,,9.0,14.5,2.5,216,19,569,29.71,,0,0,0,68.5,64.5,62.8,0.32,0.27,0.28
LOUI,2017-08-21 15:50:00 EDT,44.87169,-75.05608,279,80.6,80.4,82.5,59.9,65.4,0.000,0.000,0.00,0.000,8.1,15.4,2.2,212,21,,,,,,8.1,15.4,2.2,212,21,572,29.71,,0,0,0,68.5,64.5,62.9,0.32,0.27,0.28
LOUI,2017-08-21 15:55:00 EDT,44.87169,-75.05608,279,80.5,80.3,82.2,58.2,64.5,0.000,0.000,0.00,0.000,11.7,19.6,3.0,206,13,,,,,,11.7,19.6,3.0,206,13,565,29.71,,0,0,0,68.5,64.5,62.9,0.32,0.27,0.28
LOUI,2017-08-21 16:00:00 EDT,44.87169,-75.05608,279,80.3,80.3,81.9,58.1,64.2,0.000,0.000,0.00,0.000,11.7,20.8,2.7,216,18,,,,,,11.7,20.8,2.7,216,18,553,29.71,,0,0,0,68.5,64.5,62.9,0.32,0.27,0.28
LOUI,2017-08-21 16:05:00 EDT,44.87169,-75.05608,279,80.5,80.4,82.4,59.4,65.1,0.000,0.000,0.00,0.000,7.4,15.2,3.1,206,16,,,,,,7.4,15.2,3.1,206,16,542,29.70,,0,0,0,68.6,64.6,62.9,0.32,0.27,0.28
LOUI,2017-08-21 16:10:00 EDT,44.87169,-75.05608,279,80.4,80.3,82.2,59.0,64.7,0.000,0.000,0.00,0.000,10.4,18.1,2.9,206,14,,,,,,10.4,18.1,2.9,206,14,532,29.70,,0,0,0,68.6,64.6,62.8,0.32,0.27,0.28
LOUI,2017-08-21 16:15:00 EDT,44.87169,-75.05608,279,80.3,80.2,82.1,59.7,65.0,0.000,0.000,0.00,0.000,9.1,14.8,2.4,207,13,,,,,,9.1,14.8,2.4,207,13,516,29.70,,0,0,0,68.7,64.6,62.9,0.32,0.27,0.28
LOUI,2017-08-21 16:20:00 EDT,44.87169,-75.05608,279,80.4,80.3,82.4,60.4,65.4,0.000,0.000,0.00,0.000,8.0,13.0,2.5,208,15,,,,,,8.0,13.0,2.5,208,15,503,29.70,,0,0,0,68.9,64.7,62.9,0.32,0.27,0.28
LOUI,2017-08-21 16:25:00 EDT,44.87169,-75.05608,279,80.4,80.3,82.1,58.9,64.7,0.000,0.000,0.00,0.000,11.8,22.2,3.9,203,14,,,,,,11.8,22.2,3.9,203,14,492,29.70,,0,0,0,68.9,64.7,62.8,0.32,0.27,0.28
LOUI,2017-08-21 16:30:00 EDT,44.87169,-75.05608,279,80.1,80.2,81.9,59.5,64.7,0.000,0.000,0.00,0.000,9.6,18.9,2.9,211,17,,,,,,9.6,18.9,2.9,211,17,482,29.70,,0,0,0,68.9,64.8,62.9,0.32,0.27,0.28
LOUI,2017-08-21 16:35:00 EDT,44.87169,-75.05608,279,80.4,80.3,82.2,59.4,64.9,0.000,0.000,0.00,0.000,6.9,12.5,2.3,219,23,,,,,,6.9,12.5,2.3,219,23,470,29.70,,0,0,0,68.9,64.7,62.8,0.32,0.27,0.28
LOUI,2017-08-21 16:40:00 EDT,44.87169,-75.05608,279,80.4,80.3,82.2,59.7,65.1,0.000,0.000,0.00,0.000,7.3,13.8,2.7,212,19,,,,,,7.3,13.8,2.7,212,19,457,29.70,,0,0,0,68.9,64.8,62.9,0.32,0.27,0.28
LOUI,2017-08-21 16:45:00 EDT,44.87169,-75.05608,279,80.3,80.3,82.1,59.0,64.7,0.000,0.000,0.00,0.000,8.7,17.0,3.1,215,20,,,,,,8.7,17.0,3.1,215,20,447,29.70,,0,0,0,68.9,64.7,62.9,0.32,0.27,0.28
LOUI,2017-08-21 16:50:00 EDT,44.87169,-75.05608,279,80.3,80.4,81.8,56.8,63.6,0.000,0.000,0.00,0.000,10.0,15.3,2.0,222,16,,,,,,10.0,15.3,2.0,222,16,434,29.70,,0,0,0,68.9,64.8,62.9,0.32,0.27,0.28
LOUI,2017-08-21 16:55:00 EDT,44.87169,-75.05608,279,80.2,80.4,81.8,57.6,63.9,0.000,0.000,0.00,0.000,8.7,19.2,3.1,213,18,,,,,,8.7,19.2,3.1,213,18,420,29.70,,0,0,0,68.9,64.8,62.9,0.32,0.27,0.28
LOUI,2017-08-21 17:00:00 EDT,44.87169,-75.05608,279,80.2,80.4,81.8,57.7,64.0,0.000,0.000,0.00,0.000,9.3,13.7,2.3,213,13,,,,,,9.3,13.7,2.3,213,13,403,29.70,,0,0,0,68.9,64.8,62.7,0.32,0.27,0.28
LOUI,2017-08-21 17:05:00 EDT,44.87169,-75.05608,279,80.2,80.3,81.9,59.1,64.6,0.000,0.000,0.00,0.000,6.0,10.3,1.9,211,17,,,,,,6.0,10.3,1.9,211,17,389,29.70,,0,0,0,68.9,64.8,62.8,0.32,0.27,0.28
LOUI,2017-08-21 17:10:00 EDT,44.87169,-75.05608,279,80.2,80.3,82.0,59.8,64.9,0.000,0.000,0.00,0.000,6.9,12.0,2.0,214,20,,,,,,6.9,12.0,2.0,214,20,377,29.70,,0,0,0,68.9,64.8,62.8,0.31,0.27,0.28
LOUI,2017-08-21 17:15:00 EDT,44.87169,-75.05608,279,80.1,80.2,81.7,57.7,63.8,0.000,0.000,0.00,0.000,8.5,15.3,2.5,209,17,,,,,,8.5,15.3,2.5,209,17,360,29.70,,0,0,0,68.9,64.8,62.8,0.32,0.27,0.28
LOUI,2017-08-21 17:20:00 EDT,44.87169,-75.05608,279,80.0,80.2,81.6,57.3,63.6,0.000,0.000,0.00,0.000,8.3,12.2,2.5,208,13,,,,,,8.3,12.2,2.5,208,13,345,29.70,,0,0,0,68.9,64.8,62.8,0.31,0.27,0.28
LOUI,2017-08-21 17:25:00 EDT,44.87169,-75.05608,279,80.0,80.1,81.6,58.1,64.0,0.000,0.000,0.00,0.000,6.9,13.0,2.3,207,20,,,,,,6.9,13.0,2.3,207,20,334,29.70,,0,0,0,68.9,64.8,62.8,0.31,0.27,0.28
LOUI,2017-08-21 17:30:00 EDT,44.87169,-75.05608,279,79.9,80.1,79.9,58.8,64.2,0.000,0.000,0.00,0.000,7.0,11.9,1.9,208,14,,,,,,7.0,11.9,1.9,208,14,320,29.70,,0,0,0,68.9,64.8,62.8,0.31,0.27,0.28
LOUI,2017-08-21 17:35:00 EDT,44.87169,-75.05608,279,79.8,80.1,79.8,57.3,63.4,0.000,0.000,0.00,0.000,9.6,14.5,2.3,204,16,,,,,,9.6,14.5,2.3,204,16,307,29.70,,0,0,0,68.9,64.8,62.8,0.31,0.27,0.28
LOUI,2017-08-21 17:40:00 EDT,44.87169,-75.05608,279,79.7,80.0,79.7,58.4,63.8,0.000,0.000,0.00,0.000,7.2,12.8,2.2,213,17,,,,,,7.2,12.8,2.2,213,17,296,29.70,,0,0,0,68.9,64.8,62.8,0.31,0.27,0.28
LOUI,2017-08-21 17:45:00 EDT,44.87169,-75.05608,279,79.7,79.9,79.7,59.1,64.1,0.000,0.000,0.00,0.000,6.9,13.6,2.3,211,13,,,,,,6.9,13.6,2.3,211,13,277,29.70,,0,0,0,68.9,64.8,62.8,0.31,0.27,0.28
LOUI,2017-08-21 17:50:00 EDT,44.87169,-75.05608,279,79.1,79.7,79.1,59.4,63.8,0.000,0.000,0.00,0.000,7.4,11.7,1.7,214,14,,,,,,7.4,11.7,1.7,214,14,160,29.70,,0,0,0,68.9,64.8,62.8,0.31,0.27,0.28
LOUI,2017-08-21 17:55:00 EDT,44.87169,-75.05608,279,79.0,79.4,79.0,60.1,64.0,0.000,0.000,0.00,0.000,5.9,9.6,1.5,214,18,,,,,,5.9,9.6,1.5,214,18,226,29.70,,0,0,0,68.9,64.8,62.8,0.31,0.27,0.28
LOUI,2017-08-21 18:00:00 EDT,44.87169,-75.05608,279,79.1,79.4,79.1,60.1,64.1,0.000,0.000,0.00,0.000,6.3,12.0,2.1,216,14,,,,,,6.3,12.0,2.1,216,14,231,29.70,,0,0,0,68.9,64.8,62.8,0.32,0.27,0.28
LOUI,2017-08-21 18:05:00 EDT,44.87169,-75.05608,279,79.1,79.4,79.1,60.1,64.1,0.000,0.000,0.00,0.000,6.1,10.6,1.6,212,14,,,,,,6.1,10.6,1.6,212,14,216,29.69,,0,0,0,68.9,64.8,62.8,0.31,0.27,0.28
LOUI,2017-08-21 18:10:00 EDT,44.87169,-75.05608,279,79.0,79.4,79.0,60.2,64.1,0.000,0.000,0.00,0.000,5.8,8.4,1.1,216,13,,,,,,5.8,8.4,1.1,216,13,201,29.69,,0,0,0,68.9,64.8,62.8,0.31,0.27,0.28
LOUI,2017-08-21 18:15:00 EDT,44.87169,-75.05608,279,78.9,79.3,78.9,60.8,64.2,0.000,0.000,0.00,0.000,5.0,7.6,1.2,219,18,,,,,,5.0,7.6,1.2,219,18,184,29.70,,0,0,0,69.0,64.8,62.8,0.31,0.27,0.28
LOUI,2017-08-21 18:20:00 EDT,44.87169,-75.05608,279,78.8,79.3,78.8,60.3,63.9,0.000,0.000,0.00,0.000,6.1,10.1,1.6,217,14,,,,,,6.1,10.1,1.6,217,14,172,29.70,,0,0,0,68.9,64.8,62.8,0.32,0.27,0.28
LOUI,2017-08-21 18:25:00 EDT,44.87169,-75.05608,279,78.6,79.2,78.6,60.8,64.0,0.000,0.000,0.00,0.000,5.6,9.5,1.7,212,14,,,,,,5.6,9.5,1.7,212,14,157,29.69,,0,0,0,68.9,64.8,62.7,0.32,0.27,0.28
LOUI,2017-08-21 18:30:00 EDT,44.87169,-75.05608,279,78.4,79.1,78.4,60.7,63.7,0.000,0.000,0.00,0.000,6.7,12.6,2.1,222,13,,,,,,6.7,12.6,2.1,222,13,145,29.70,,0,0,0,68.9,64.8,62.8,0.32,0.27,0.28
LOUI,2017-08-21 18:35:00 EDT,44.87169,-75.05608,279,78.4,78.9,78.4,60.6,63.7,0.000,0.000,0.00,0.000,6.6,11.9,1.7,225,14,,,,,,6.6,11.9,1.7,225,14,134,29.70,,0,0,0,68.9,64.8,62.8,0.32,0.27,0.28
LOUI,2017-08-21 18:40:00 EDT,44.87169,-75.05608,279,78.1,78.7,78.1,61.3,63.8,0.000,0.000,0.00,0.000,5.1,9.6,1.6,215,16,,,,,,5.1,9.6,1.6,215,16,124,29.70,,0,0,0,68.9,64.8,62.8,0.32,0.27,0.28
LOUI,2017-08-21 18:45:00 EDT,44.87169,-75.05608,279,78.1,78.6,78.1,61.1,63.6,0.000,0.000,0.00,0.000,6.5,9.6,1.3,216,13,,,,,,6.5,9.6,1.3,216,13,115,29.70,,0,0,0,68.9,64.8,62.7,0.32,0.27,0.28
LOUI,2017-08-21 18:50:00 EDT,44.87169,-75.05608,279,77.7,78.3,77.7,61.9,63.6,0.000,0.000,0.00,0.000,5.2,8.9,1.4,217,15,,,,,,5.2,8.9,1.4,217,15,104,29.69,,0,0,0,68.9,64.8,62.8,0.31,0.27,0.28
LOUI,2017-08-21 18:55:00 EDT,44.87169,-75.05608,279,77.3,77.9,77.3,63.6,63.9,0.000,0.000,0.00,0.000,3.5,7.3,1.3,208,16,,,,,,3.5,7.3,1.3,208,16,94,29.69,,0,0,0,68.9,64.8,62.8,0.32,0.27,0.28
LOUI,2017-08-21 19:00:00 EDT,44.87169,-75.05608,279,77.0,77.7,77.0,64.8,64.3,0.000,0.000,0.00,0.000,4.6,6.8,1.0,208,14,,,,,,4.6,6.8,1.0,208,14,85,29.69,,0,0,0,68.9,64.8,62.8,0.31,0.27,0.28
LOUI,2017-08-21 19:05:00 EDT,44.87169,-75.05608,279,76.9,77.6,76.9,64.5,64.0,0.000,0.000,0.00,0.000,4.9,10.7,1.8,203,17,,,,,,4.9,10.7,1.8,203,17,75,29.69,,0,0,0,68.9,64.8,62.8,0.32,0.27,0.28
LOUI,2017-08-21 19:10:00 EDT,44.87169,-75.05608,279,76.8,77.5,76.8,63.9,63.7,0.000,0.000,0.00,0.000,4.6,7.1,1.3,207,18,,,,,,4.6,7.1,1.3,207,18,63,29.69,,0,0,0,68.9,64.8,62.8,0.32,0.27,0.28
LOUI,2017-08-21 19:15:00 EDT,44.87169,-75.05608,279,76.6,77.4,76.6,63.5,63.3,0.000,0.000,0.00,0.000,5.3,10.4,1.6,207,17,,,,,,5.3,10.4,1.6,207,17,52,29.69,,0,0,0,68.9,64.8,62.7,0.31,0.27,0.28
LOUI,2017-08-21 19:20:00 EDT,44.87169,-75.05608,279,76.6,77.4,76.6,62.9,63.0,0.000,0.000,0.00,0.000,6.3,10.1,1.4,216,16,,,,,,6.3,10.1,1.4,216,16,40,29.69,,0,0,0,68.9,64.8,62.7,0.32,0.27,0.28
LOUI,2017-08-21 19:25:00 EDT,44.87169,-75.05608,279,76.3,77.1,76.3,63.6,63.1,0.000,0.000,0.00,0.000,4.8,7.8,1.2,210,15,,,,,,4.8,7.8,1.2,210,15,30,29.69,,0,0,0,68.9,64.8,62.8,0.32,0.27,0.28
LOUI,2017-08-21 19:30:00 EDT,44.87169,-75.05608,279,75.9,76.7,75.9,64.7,63.1,0.000,0.000,0.00,0.000,4.5,8.0,1.3,207,15,,,,,,4.5,8.0,1.3,207,15,26,29.68,,0,0,0,68.9,64.8,62.8,0.32,0.27,0.28
LOUI,2017-08-21 19:35:00 EDT,44.87169,-75.05608,279,75.4,76.5,75.4,66.2,63.3,0.000,0.000,0.00,0.000,4.7,7.6,1.1,204,17,,,,,,4.7,7.6,1.1,204,17,21,29.68,,0,0,0,68.9,64.8,62.8,0.32,0.27,0.28
LOUI,2017-08-21 19:40:00 EDT,44.87169,-75.05608,279,75.1,76.0,75.1,67.4,63.6,0.000,0.000,0.00,0.000,4.2,7.2,1.2,199,15,,,,,,4.2,7.2,1.2,199,15,17,29.68,,0,0,0,68.9,64.8,62.8,0.32,0.27,0.28
LOUI,2017-08-21 19:45:00 EDT,44.87169,-75.05608,279,75.0,75.7,75.0,68.5,63.9,0.000,0.000,0.00,0.000,4.0,6.4,1.0,195,15,,,,,,4.0,6.4,1.0,195,15,13,29.68,,0,0,0,68.9,64.8,62.8,0.32,0.27,0.28
LOUI,2017-08-21 19:50:00 EDT,44.87169,-75.05608,279,74.4,75.5,74.4,70.2,64.1,0.000,0.000,0.00,0.000,5.4,8.8,1.4,195,12,,,,,,5.4,8.8,1.4,195,12,9,29.68,,0,0,0,68.9,64.8,62.8,0.32,0.27,0.28
LOUI,2017-08-21 19:55:00 EDT,44.87169,-75.05608,279,74.2,75.3,74.2,71.1,64.2,0.000,0.000,0.00,0.000,4.4,7.7,1.3,200,15,,,,,,4.4,7.7,1.3,200,15,6,29.68,,0,0,0,68.9,64.9,62.8,0.32,0.27,0.28
LOUI,2017-08-21 20:00:00 EDT,44.87169,-75.05608,279,74.6,75.3,74.6,70.7,64.4,0.000,0.000,0.00,0.000,4.9,8.4,1.4,199,12,,,,,,4.9,8.4,1.4,199,12,4,29.68,,0,0,0,68.9,64.8,62.8,0.32,0.27,0.28
LOUI,2017-08-21 20:05:00 EDT,44.87169,-75.05608,279,74.2,75.0,74.2,71.6,64.4,0.000,0.000,0.00,0.000,4.7,7.3,1.2,192,15,,,,,,4.7,7.3,1.2,192,15,2,29.68,,0,0,0,68.9,64.9,62.8,0.32,0.27,0.28
LOUI,2017-08-21 20:10:00 EDT,44.87169,-75.05608,279,74.5,75.2,74.5,71.3,64.6,0.000,0.000,0.00,0.000,6.1,9.6,1.4,201,14,,,,,,6.1,9.6,1.4,201,14,1,29.68,,0,0,0,68.9,65.0,62.8,0.32,0.27,0.28
LOUI,2017-08-21 20:15:00 EDT,44.87169,-75.05608,279,74.4,75.1,74.4,71.2,64.5,0.000,0.000,0.00,0.000,5.2,8.1,1.4,203,14,,,,,,5.2,8.1,1.4,203,14,1,29.68,,0,0,0,68.8,65.0,62.8,0.32,0.27,0.28
LOUI,2017-08-21 20:20:00 EDT,44.87169,-75.05608,279,74.3,75.1,74.3,71.2,64.4,0.000,0.000,0.00,0.000,5.6,10.1,1.8,213,15,,,,,,5.6,10.1,1.8,213,15,0,29.68,,0,0,0,68.6,65.1,62.8,0.32,0.27,0.28
LOUI,2017-08-21 20:25:00 EDT,44.87169,-75.05608,279,74.2,74.9,74.2,71.7,64.5,0.000,0.000,0.00,0.000,4.5,8.6,1.3,208,20,,,,,,4.5,8.6,1.3,208,20,0,29.68,,0,0,0,68.6,65.1,62.8,0.32,0.27,0.28
LOUI,2017-08-21 20:30:00 EDT,44.87169,-75.05608,279,74.3,74.9,74.3,71.9,64.6,0.000,0.000,0.00,0.000,5.9,9.1,1.3,211,14,,,,,,5.9,9.1,1.3,211,14,0,29.69,,0,0,0,68.6,65.1,62.9,0.32,0.27,0.28
LOUI,2017-08-21 20:35:00 EDT,44.87169,-75.05608,279,74.3,74.9,74.3,71.5,64.5,0.000,0.000,0.00,0.000,5.0,9.1,1.8,215,14,,,,,,5.0,9.1,1.8,215,14,0,29.69,,0,0,0,68.5,65.1,62.8,0.32,0.27,0.28
LOUI,2017-08-21 20:40:00 EDT,44.87169,-75.05608,279,74.3,74.9,74.3,71.5,64.5,0.000,0.000,0.00,0.000,4.6,7.6,1.2,220,14,,,,,,4.6,7.6,1.2,220,14,0,29.70,,0,0,0,68.5,65.1,62.8,0.32,0.27,0.28
LOUI,2017-08-21 20:45:00 EDT,44.87169,-75.05608,279,74.1,74.7,74.1,71.9,64.4,0.000,0.000,0.00,0.000,5.1,8.4,1.4,229,13,,,,,,5.1,8.4,1.4,229,13,0,29.70,,0,0,0,68.5,65.1,62.9,0.32,0.27,0.28
LOUI,2017-08-21 20:50:00 EDT,44.87169,-75.05608,279,73.8,74.6,73.8,72.4,64.4,0.000,0.000,0.00,0.000,5.1,7.7,1.0,228,15,,,,,,5.1,7.7,1.0,228,15,0,29.70,,0,0,0,68.5,65.1,62.8,0.32,0.27,0.28
LOUI,2017-08-21 20:55:00 EDT,44.87169,-75.05608,279,73.6,74.2,73.6,73.2,64.5,0.000,0.000,0.00,0.000,5.1,8.6,1.4,221,16,,,,,,5.1,8.6,1.4,221,16,0,29.70,,0,0,0,68.5,65.1,62.9,0.32,0.27,0.28
LOUI,2017-08-21 21:00:00 EDT,44.87169,-75.05608,279,73.3,74.0,73.3,74.0,64.5,0.000,0.000,0.00,0.000,4.5,7.0,1.2,209,14,,,,,,4.5,7.0,1.2,209,14,0,29.70,,0,0,0,68.5,65.1,62.9,0.32,0.27,0.28
LOUI,2017-08-21 21:05:00 EDT,44.87169,-75.05608,279,72.8,73.6,72.8,75.1,64.5,0.000,0.000,0.00,0.000,4.0,6.6,1.1,214,15,,,,,,4.0,6.6,1.1,214,15,0,29.70,,0,0,0,68.5,65.1,62.9,0.32,0.27,0.28
LOUI,2017-08-21 21:10:00 EDT,44.87169,-75.05608,279,72.4,73.3,72.4,76.0,64.4,0.000,0.000,0.00,0.000,3.4,5.4,1.0,207,15,,,,,,3.4,5.4,1.0,207,15,0,29.70,,0,0,0,68.5,65.1,62.9,0.32,0.27,0.28
LOUI,2017-08-21 21:15:00 EDT,44.87169,-75.05608,279,72.1,73.1,72.1,77.1,64.6,0.000,0.000,0.00,0.000,3.6,5.5,1.0,207,13,,,,,,3.6,5.5,1.0,207,13,0,29.70,,0,0,0,68.5,65.1,62.9,0.32,0.27,0.28
LOUI,2017-08-21 21:20:00 EDT,44.87169,-75.05608,279,71.8,72.8,71.8,78.0,64.6,0.000,0.000,0.00,0.000,3.4,5.9,0.9,205,14,,,,,,3.4,5.9,0.9,205,14,0,29.70,,0,0,0,68.5,65.1,62.9,0.32,0.27,0.28
LOUI,2017-08-21 21:25:00 EDT,44.87169,-75.05608,279,71.9,72.9,71.9,78.2,64.8,0.000,0.000,0.00,0.000,3.5,6.1,1.0,209,16,,,,,,3.5,6.1,1.0,209,16,0,29.69,,0,0,0,68.5,65.1,62.9,0.32,0.27,0.28
LOUI,2017-08-21 21:30:00 EDT,44.87169,-75.05608,279,71.8,72.7,71.8,78.7,64.8,0.000,0.000,0.00,0.000,3.3,6.4,1.2,206,14,,,,,,3.3,6.4,1.2,206,14,0,29.69,,0,0,0,68.5,65.1,62.9,0.32,0.27,0.28
LOUI,2017-08-21 21:35:00 EDT,44.87169,-75.05608,279,71.5,72.5,71.5,79.1,64.6,0.000,0.000,0.00,0.000,3.9,6.5,1.0,208,14,,,,,,3.9,6.5,1.0,208,14,0,29.69,,0,0,0,68.5,65.1,63.0,0.32,0.27,0.28
LOUI,2017-08-21 21:40:00 EDT,44.87169,-75.05608,279,71.4,72.2,71.4,79.7,64.8,0.000,0.000,0.00,0.000,3.5,5.4,0.7,202,12,,,,,,3.5,5.4,0.7,202,12,0,29.69,,0,0,0,68.5,65.1,62.9,0.32,0.27,0.28
LOUI,2017-08-21 21:45:00 EDT,44.87169,-75.05608,279,71.1,72.0,71.1,80.8,64.9,0.000,0.000,0.00,0.000,3.8,5.8,0.9,205,13,,,,,,3.8,5.8,0.9,205,13,0,29.70,,0,0,0,68.5,65.1,63.0,0.32,0.27,0.28
LOUI,2017-08-21 21:50:00 EDT,44.87169,-75.05608,279,71.1,71.9,71.1,81.1,65.0,0.000,0.000,0.00,0.000,4.1,7.5,1.3,202,13,,,,,,4.1,7.5,1.3,202,13,0,29.70,,0,0,0,68.4,65.1,63.0,0.32,0.27,0.28
LOUI,2017-08-21 21:55:00 EDT,44.87169,-75.05608,279,71.0,71.8,71.0,81.2,64.9,0.000,0.000,0.00,0.000,3.6,6.0,1.1,205,14,,,,,,3.6,6.0,1.1,205,14,0,29.69,,0,0,0,68.3,65.1,63.0,0.32,0.27,0.28
LOUI,2017-08-21 22:00:00 EDT,44.87169,-75.05608,279,71.3,72.0,71.3,81.0,65.2,0.000,0.000,0.00,0.000,4.0,6.2,1.1,212,16,,,,,,4.0,6.2,1.1,212,16,0,29.70,,0,0,0,68.2,65.1,62.9,0.32,0.27,0.28
LOUI,2017-08-21 22:05:00 EDT,44.87169,-75.05608,279,71.4,72.1,71.4,80.5,65.1,0.000,0.000,0.00,0.000,3.7,6.3,0.9,217,14,,,,,,3.7,6.3,0.9,217,14,0,29.70,,0,0,0,68.2,65.1,63.0,0.32,0.27,0.28
LOUI,2017-08-21 22:10:00 EDT,44.87169,-75.05608,279,71.4,72.0,71.4,80.1,64.9,0.000,0.000,0.00,0.000,3.8,6.4,1.2,219,20,,,,,,3.8,6.4,1.2,219,20,0,29.70,,0,0,0,68.2,65.1,62.9,0.32,0.27,0.28
LOUI,2017-08-21 22:15:00 EDT,44.87169,-75.05608,279,71.3,72.0,71.3,80.2,64.9,0.000,0.000,0.00,0.000,4.6,8.0,1.0,220,14,,,,,,4.6,8.0,1.0,220,14,0,29.70,,0,0,0,68.2,65.1,63.0,0.32,0.27,0.28
LOUI,2017-08-21 22:20:00 EDT,44.87169,-75.05608,279,71.2,71.8,71.2,80.4,64.9,0.000,0.000,0.00,0.000,3.9,6.3,1.0,211,15,,,,,,3.9,6.3,1.0,211,15,0,29.70,,0,0,0,68.2,65.1,63.0,0.32,0.27,0.28
LOUI,2017-08-21 22:25:00 EDT,44.87169,-75.05608,279,70.9,71.8,70.9,81.2,64.8,0.000,0.000,0.00,0.000,4.0,8.3,1.2,209,15,,,,,,4.0,8.3,1.2,209,15,0,29.70,,0,0,0,68.2,65.1,63.0,0.32,0.27,0.28
LOUI,2017-08-21 22:30:00 EDT,44.87169,-75.05608,279,71.0,71.7,71.0,81.0,64.9,0.000,0.000,0.00,0.000,3.6,7.2,1.3,208,14,,,,,,3.6,7.2,1.3,208,14,0,29.70,,0,0,0,68.2,65.1,63.0,0.32,0.27,0.28
LOUI,2017-08-21 22:35:00 EDT,44.87169,-75.05608,279,70.8,71.5,70.8,81.4,64.9,0.000,0.000,0.00,0.000,3.1,5.6,0.8,207,15,,,,,,3.1,5.6,0.8,207,15,0,29.70,,0,0,0,68.2,65.1,63.0,0.32,0.27,0.28
LOUI,2017-08-21 22:40:00 EDT,44.87169,-75.05608,279,70.9,71.6,70.9,81.5,64.9,0.000,0.000,0.00,0.000,4.0,7.5,1.2,214,14,,,,,,4.0,7.5,1.2,214,14,0,29.69,,0,0,0,68.2,65.1,62.9,0.32,0.27,0.28
LOUI,2017-08-21 22:45:00 EDT,44.87169,-75.05608,279,70.9,71.5,70.9,81.4,64.9,0.000,0.000,0.00,0.000,4.0,8.0,1.6,216,16,,,,,,4.0,8.0,1.6,216,16,0,29.69,,0,0,0,68.1,65.1,63.0,0.32,0.27,0.28
LOUI,2017-08-21 22:50:00 EDT,44.87169,-75.05608,279,70.7,71.3,70.7,81.4,64.7,0.000,0.000,0.00,0.000,4.1,7.7,1.4,215,15,,,,,,4.1,7.7,1.4,215,15,0,29.69,,0,0,0,67.9,65.1,63.0,0.32,0.27,0.28
LOUI,2017-08-21 22:55:00 EDT,44.87169,-75.05608,279,70.4,71.1,70.4,82.0,64.6,0.000,0.000,0.00,0.000,3.6,8.4,1.6,205,18,,,,,,3.6,8.4,1.6,205,18,0,29.69,,0,0,0,67.8,65.1,63.0,0.32,0.27,0.28
LOUI,2017-08-21 23:00:00 EDT,44.87169,-75.05608,279,70.2,70.9,70.2,83.0,64.8,0.000,0.000,0.00,0.000,2.9,6.9,1.1,214,20,,,,,,2.9,6.9,1.1,214,20,0,29.69,,0,0,0,67.8,65.1,63.0,0.32,0.27,0.28
LOUI,2017-08-21 23:05:00 EDT,44.87169,-75.05608,279,70.3,70.9,70.3,83.4,65.0,0.000,0.000,0.00,0.000,2.8,5.8,1.1,212,14,,,,,,2.8,5.8,1.1,212,14,0,29.69,,0,0,0,67.8,65.1,63.0,0.31,0.27,0.28
LOUI,2017-08-21 23:10:00 EDT,44.87169,-75.05608,279,70.3,71.0,70.3,82.8,64.9,0.000,0.000,0.00,0.000,3.4,8.1,1.5,210,20,,,,,,3.4,8.1,1.5,210,20,0,29.69,,0,0,0,67.8,65.1,63.0,0.32,0.27,0.28
LOUI,2017-08-21 23:15:00 EDT,44.87169,-75.05608,279,70.3,70.9,70.3,83.0,64.9,0.000,0.000,0.00,0.000,3.2,7.5,1.3,217,18,,,,,,3.2,7.5,1.3,217,18,0,29.70,,0,0,0,67.8,65.1,63.0,0.32,0.27,0.28
LOUI,2017-08-21 23:20:00 EDT,44.87169,-75.05608,279,70.4,71.0,70.4,83.2,65.0,0.000,0.000,0.00,0.000,3.6,8.0,1.5,213,17,,,,,,3.6,8.0,1.5,213,17,0,29.69,,0,0,0,67.8,65.1,63.0,0.32,0.27,0.28
LOUI,2017-08-21 23:25:00 EDT,44.87169,-75.05608,279,70.3,70.8,70.3,82.9,64.9,0.000,0.000,0.00,0.000,3.4,6.8,1.1,205,17,,,,,,3.4,6.8,1.1,205,17,0,29.69,,0,0,0,67.8,65.1,63.0,0.32,0.27,0.28
LOUI,2017-08-21 23:30:00 EDT,44.87169,-75.05608,279,70.0,70.6,70.0,83.7,64.9,0.000,0.000,0.00,0.000,3.6,6.0,1.0,206,15,,,,,,3.6,6.0,1.0,206,15,0,29.69,,0,0,0,67.8,65.1,63.0,0.32,0.27,0.28
LOUI,2017-08-21 23:35:00 EDT,44.87169,-75.05608,279,69.7,70.5,69.7,84.6,64.8,0.000,0.000,0.00,0.000,3.6,6.9,0.9,199,14,,,,,,3.6,6.9,0.9,199,14,0,29.69,,0,0,0,67.8,65.1,63.0,0.32,0.27,0.28
LOUI,2017-08-21 23:40:00 EDT,44.87169,-75.05608,279,69.5,70.2,69.5,85.5,65.0,0.000,0.000,0.00,0.000,2.9,6.1,0.7,196,15,,,,,,2.9,6.1,0.7,196,15,0,29.69,,0,0,0,67.8,65.1,63.0,0.32,0.27,0.28
LOUI,2017-08-21 23:45:00 EDT,44.87169,-75.05608,279,69.5,70.1,69.5,85.6,65.0,0.000,0.000,0.00,0.000,2.4,4.3,0.7,194,15,,,,,,2.4,4.3,0.7,194,15,0,29.69,,0,0,0,67.8,65.1,63.0,0.32,0.27,0.28
LOUI,2017-08-21 23:50:00 EDT,44.87169,-75.05608,279,69.5,70.1,69.5,86.0,65.1,0.000,0.000,0.00,0.000,2.8,4.6,0.6,196,13,,,,,,2.8,4.6,0.6,196,13,0,29.69,,0,0,0,67.8,65.1,63.0,0.32,0.27,0.28
LOUI,2017-08-21 23:55:00 EDT,44.87169,-75.05608,279,69.3,69.9,69.3,86.1,64.9,0.000,0.000,0.00,0.000,2.6,4.1,0.6,193,14,,,,,,2.6,4.1,0.6,193,14,0,29.69,,0,0,0,67.8,65.1,63.0,0.32,0.27,0.28
MALO,2017-08-21 00:00:00 EDT,44.85287,-74.32887,775,66.6,67.6,66.6,78.2,59.6,0.000,0.000,0.00,0.000,9.7,13.6,1.2,203,8,10.3,14.6,1.3,202,6,9.7,13.6,1.2,203,8,0,29.26,,0,0,0,67.1,65.5,64.4,0.40,0.32,0.35
MALO,2017-08-21 00:05:00 EDT,44.85287,-74.32887,775,66.4,67.5,66.4,78.4,59.5,0.000,0.000,0.00,0.000,9.7,13.4,1.3,202,8,10.3,14.2,1.4,199,6,9.7,13.4,1.3,202,8,0,29.26,,0,0,0,67.1,65.5,64.4,0.40,0.32,0.35
MALO,2017-08-21 00:10:00 EDT,44.85287,-74.32887,775,66.3,67.4,66.3,79.3,59.7,0.000,0.000,0.00,0.000,10.2,13.1,1.3,206,7,10.8,14.4,1.3,203,5,10.2,13.1,1.3,206,7,0,29.26,,0,0,0,67.1,65.5,64.4,0.40,0.32,0.34
MALO,2017-08-21 00:15:00 EDT,44.85287,-74.32887,775,66.7,67.7,66.7,78.7,59.8,0.000,0.000,0.00,0.000,10.1,13.7,1.2,210,8,10.5,14.8,1.3,207,7,10.1,13.7,1.2,210,8,0,29.26,,0,0,0,67.1,65.5,64.4,0.40,0.32,0.34
MALO,2017-08-21 00:20:00 EDT,44.85287,-74.32887,775,66.9,68.1,66.9,78.3,60.0,0.000,0.000,0.00,0.000,10.8,15.4,1.2,211,7,11.4,16.5,1.3,208,5,10.8,15.4,1.2,211,7,0,29.26,,0,0,0,67.1,65.5,64.4,0.40,0.32,0.35
MALO,2017-08-21 00:25:00 EDT,44.85287,-74.32887,775,67.1,68.2,67.1,78.2,60.1,0.000,0.000,0.00,0.000,10.4,14.6,1.6,210,8,11.0,16.1,1.7,207,6,10.4,14.6,1.6,210,8,0,29.26,,0,0,0,67.1,65.5,64.4,0.40,0.32,0.35
MALO,2017-08-21 00:30:00 EDT,44.85287,-74.32887,775,67.1,68.1,67.1,77.8,59.9,0.000,0.000,0.00,0.000,10.2,13.9,1.4,206,7,10.7,15.7,1.4,204,6,10.2,13.9,1.4,206,7,0,29.26,,0,0,0,67.1,65.5,64.4,0.40,0.32,0.35
MALO,2017-08-21 00:35:00 EDT,44.85287,-74.32887,775,66.7,67.8,66.7,78.8,59.9,0.000,0.000,0.00,0.000,9.8,12.5,1.1,201,6,10.3,13.1,1.2,199,5,9.8,12.5,1.1,201,6,0,29.26,,0,0,0,67.1,65.5,64.4,0.40,0.32,0.34
MALO,2017-08-21 00:40:00 EDT,44.85287,-74.32887,775,66.3,67.3,66.3,79.9,59.9,0.000,0.000,0.00,0.000,9.8,11.9,1.0,201,7,10.4,14.1,1.1,199,5,9.8,11.9,1.0,201,7,0,29.26,,0,0,0,67.1,65.5,64.4,0.40,0.32,0.35
MALO,2017-08-21 00:45:00 EDT,44.85287,-74.32887,775,66.2,67.2,66.2,80.2,60.0,0.000,0.000,0.00,0.000,9.2,12.2,1.3,208,7,9.7,12.2,1.4,206,6,9.2,12.2,1.3,208,7,0,29.26,,0,0,0,67.1,65.5,64.4,0.40,0.32,0.34
MALO,2017-08-21 00:50:00 EDT,44.85287,-74.32887,775,66.1,67.1,66.1,81.0,60.1,0.000,0.000,0.00,0.000,8.7,12.4,1.1,213,9,9.2,12.8,1.2,210,8,8.7,12.4,1.1,213,9,0,29.26,,0,0,0,67.1,65.5,64.4,0.40,0.32,0.34
MALO,2017-08-21 00:55:00 EDT,44.85287,-74.32887,775,66.2,67.4,66.2,80.8,60.2,0.000,0.000,0.00,0.000,8.8,11.8,1.0,212,8,9.3,12.7,1.2,210,7,8.8,11.8,1.0,212,8,0,29.26,,0,0,0,67.1,65.5,64.4,0.40,0.32,0.34
MALO,2017-08-21 01:00:00 EDT,44.85287,-74.32887,775,66.6,67.8,66.6,79.7,60.1,0.000,0.000,0.00,0.000,9.9,12.9,1.1,207,7,10.3,15.2,1.2,205,6,9.9,12.9,1.1,207,7,0,29.26,,0,0,0,67.1,65.5,64.4,0.40,0.32,0.34
MALO,2017-08-21 01:05:00 EDT,44.85287,-74.32887,775,66.8,67.9,66.8,79.1,60.1,0.000,0.000,0.00,0.000,10.4,14.5,1.4,208,7,11.0,15.3,1.5,206,6,10.4,14.5,1.4,208,7,0,29.26,,0,0,0,67.1,65.5,64.4,0.40,0.32,0.34
MALO,2017-08-21 01:10:00 EDT,44.85287,-74.32887,775,67.2,68.3,67.2,78.3,60.2,0.000,0.000,0.00,0.000,10.0,13.4,1.5,211,7,10.5,14.3,1.6,209,6,10.0,13.4,1.5,211,7,0,29.26,,0,0,0,67.1,65.5,64.4,0.40,0.32,0.34
MALO,2017-08-21 01:15:00 EDT,44.85287,-74.32887,775,66.9,68.2,66.9,78.6,60.0,0.000,0.000,0.00,0.000,9.7,13.3,1.2,214,6,10.1,12.9,1.1,212,6,9.7,13.3,1.2,214,6,0,29.27,,0,0,0,67.1,65.5,64.4,0.40,0.32,0.34
MALO,2017-08-21 01:20:00 EDT,44.85287,-74.32887,775,67.1,68.3,67.1,78.4,60.1,0.000,0.000,0.00,0.000,10.0,12.4,1.1,213,6,10.5,13.9,1.2,210,6,10.0,12.4,1.1,213,6,0,29.27,,0,0,0,67.1,65.5,64.4,0.40,0.32,0.35
MALO,2017-08-21 01:25:00 EDT,44.85287,-74.32887,775,67.4,68.5,67.4,77.6,60.2,0.000,0.000,0.00,0.000,10.8,14.7,1.5,217,7,11.1,14.6,1.5,215,6,10.8,14.7,1.5,217,7,0,29.27,,0,0,0,67.1,65.5,64.4,0.40,0.32,0.34
MALO,2017-08-21 01:30:00 EDT,44.85287,-74.32887,775,67.6,68.7,67.6,76.9,60.1,0.000,0.000,0.00,0.000,11.3,14.4,1.5,218,8,11.5,16.4,1.6,215,7,11.3,14.4,1.5,218,8,0,29.26,,0,0,0,67.0,65.5,64.4,0.40,0.32,0.34
MALO,2017-08-21 01:35:00 EDT,44.85287,-74.32887,775,67.4,68.5,67.4,77.3,60.0,0.000,0.000,0.00,0.000,10.2,13.8,1.3,215,9,10.7,14.3,1.3,213,7,10.2,13.8,1.3,215,9,0,29.26,,0,0,0,67.0,65.5,64.4,0.40,0.32,0.34
MALO,2017-08-21 01:40:00 EDT,44.85287,-74.32887,775,67.5,68.7,67.5,76.9,60.0,0.000,0.000,0.00,0.000,10.8,13.5,1.2,215,7,11.2,14.7,1.2,212,6,10.8,13.5,1.2,215,7,0,29.26,,0,0,0,67.0,65.5,64.4,0.40,0.32,0.34
MALO,2017-08-21 01:45:00 EDT,44.85287,-74.32887,775,67.4,68.4,67.4,77.5,60.1,0.000,0.000,0.00,0.000,9.8,14.3,1.4,223,9,10.2,14.3,1.3,219,7,9.8,14.3,1.4,223,9,0,29.26,,0,0,0,66.9,65.5,64.4,0.40,0.32,0.34
MALO,2017-08-21 01:50:00 EDT,44.85287,-74.32887,775,67.4,68.5,67.4,77.7,60.2,0.000,0.000,0.00,0.000,10.8,14.1,1.6,216,8,11.2,14.6,1.6,213,6,10.8,14.1,1.6,216,8,0,29.26,,0,0,0,66.8,65.5,64.4,0.40,0.32,0.34
MALO,2017-08-21 01:55:00 EDT,44.85287,-74.32887,775,67.4,68.5,67.4,78.0,60.3,0.000,0.000,0.00,0.000,11.4,14.2,1.3,218,8,11.8,14.9,1.5,215,6,11.4,14.2,1.3,218,8,0,29.26,,0,0,0,66.8,65.5,64.4,0.40,0.32,0.35
MALO,2017-08-21 02:00:00 EDT,44.85287,-74.32887,775,67.5,68.4,67.5,77.9,60.3,0.000,0.000,0.00,0.000,10.9,14.3,1.3,215,8,11.3,14.5,1.3,212,6,10.9,14.3,1.3,215,8,0,29.26,,0,0,0,66.8,65.5,64.4,0.40,0.32,0.34
MALO,2017-08-21 02:05:00 EDT,44.85287,-74.32887,775,67.0,68.1,67.0,78.9,60.2,0.000,0.000,0.00,0.000,9.9,14.4,1.5,215,7,10.2,14.5,1.5,211,6,9.9,14.4,1.5,215,7,0,29.26,,0,0,0,66.7,65.5,64.4,0.40,0.32,0.34
MALO,2017-08-21 02:10:00 EDT,44.85287,-74.32887,775,67.2,68.1,67.2,78.7,60.4,0.000,0.000,0.00,0.000,9.7,12.6,1.3,213,7,10.2,13.5,1.4,211,6,9.7,12.6,1.3,213,7,0,29.26,,0,0,0,66.7,65.5,64.4,0.40,0.32,0.34
MALO,2017-08-21 02:15:00 EDT,44.85287,-74.32887,775,66.8,67.9,66.8,79.6,60.3,0.000,0.000,0.00,0.000,9.8,14.4,1.5,211,8,10.4,14.3,1.5,208,6,9.8,14.4,1.5,211,8,0,29.26,,0,0,0,66.7,65.5,64.4,0.40,0.32,0.34
MALO,2017-08-21 02:20:00 EDT,44.85287,-74.32887,775,66.7,67.8,66.7,80.2,60.4,0.000,0.000,0.00,0.000,10.5,13.2,1.4,211,8,11.0,15.1,1.4,209,6,10.5,13.2,1.4,211,8,0,29.26,,0,0,0,66.7,65.5,64.4,0.40,0.32,0.34
MALO,2017-08-21 02:25:00 EDT,44.85287,-74.32887,775,66.9,68.0,66.9,79.9,60.5,0.000,0.000,0.00,0.000,11.5,14.1,1.5,213,7,11.9,15.3,1.6,210,5,11.5,14.1,1.5,213,7,0,29.26,,0,0,0,66.7,65.5,64.4,0.40,0.32,0.34
MALO,2017-08-21 02:30:00 EDT,44.85287,-74.32887,775,67.3,68.2,67.3,79.4,60.7,0.000,0.000,0.00,0.000,12.3,15.2,1.3,211,6,12.7,16.6,1.4,208,5,12.3,15.2,1.3,211,6,0,29.26,,0,0,0,66.7,65.5,64.4,0.40,0.32,0.34
MALO,2017-08-21 02:35:00 EDT,44.85287,-74.32887,775,67.2,68.1,67.2,79.5,60.6,0.000,0.000,0.00,0.000,12.3,15.7,1.2,213,9,12.9,17.1,1.4,210,7,12.3,15.7,1.2,213,9,0,29.26,,0,0,0,66.7,65.5,64.4,0.40,0.32,0.34
MALO,2017-08-21 02:40:00 EDT,44.85287,-74.32887,775,67.2,68.2,67.2,79.6,60.7,0.000,0.000,0.00,0.000,12.0,15.5,1.4,218,8,12.4,17.0,1.5,215,7,12.0,15.5,1.4,218,8,0,29.27,,0,0,0,66.7,65.5,64.4,0.40,0.32,0.34
MALO,2017-08-21 02:45:00 EDT,44.85287,-74.32887,775,67.3,68.2,67.3,79.6,60.8,0.000,0.000,0.00,0.000,12.0,16.7,1.5,218,6,12.4,16.4,1.5,214,5,12.0,16.7,1.5,218,6,0,29.26,,0,0,0,66.7,65.5,64.4,0.40,0.32,0.34
MALO,2017-08-21 02:50:00 EDT,44.85287,-74.32887,775,67.3,68.2,67.3,79.8,60.8,0.000,0.000,0.00,0.000,11.8,15.1,1.5,215,8,12.1,16.4,1.5,213,6,11.8,15.1,1.5,215,8,0,29.26,,0,0,0,66.7,65.5,64.4,0.40,0.32,0.34
MALO,2017-08-21 02:55:00 EDT,44.85287,-74.32887,775,66.9,68.0,66.9,80.4,60.7,0.000,0.000,0.00,0.000,10.6,13.9,1.4,215,8,11.0,15.8,1.5,212,7,10.6,13.9,1.4,215,8,0,29.26,,0,0,0,66.7,65.5,64.4,0.40,0.32,0.34
MALO,2017-08-21 03:00:00 EDT,44.85287,-74.32887,775,66.8,67.9,66.8,80.8,60.8,0.000,0.000,0.00,0.000,10.5,14.8,1.5,215,6,11.0,14.5,1.4,211,6,10.5,14.8,1.5,215,6,0,29.26,,0,0,0,66.7,65.5,64.4,0.40,0.32,0.34
MALO,2017-08-21 03:05:00 EDT,44.85287,-74.32887,775,66.8,67.8,66.8,80.7,60.7,0.000,0.000,0.00,0.000,11.5,14.2,1.2,211,6,12.1,15.3,1.5,209,4,11.5,14.2,1.2,211,6,0,29.27,,0,0,0,66.7,65.5,64.4,0.40,0.32,0.34
MALO,2017-08-21 03:10:00 EDT,44.85287,-74.32887,775,66.9,68.0,66.9,80.4,60.7,0.000,0.000,0.00,0.000,11.7,14.9,1.4,212,9,12.2,15.5,1.4,209,7,11.7,14.9,1.4,212,9,0,29.27,,0,0,0,66.7,65.5,64.4,0.40,0.32,0.35
MALO,2017-08-21 03:15:00 EDT,44.85287,-74.32887,775,66.9,67.9,66.9,80.7,60.8,0.000,0.000,0.00,0.000,10.2,13.7,1.3,223,7,10.6,14.2,1.5,220,7,10.2,13.7,1.3,223,7,0,29.27,,0,0,0,66.7,65.5,64.4,0.40,0.32,0.34
MALO,2017-08-21 03:20:00 EDT,44.85287,-74.32887,775,66.9,68.0,66.9,81.0,60.9,0.000,0.000,0.00,0.000,11.3,15.3,1.4,218,7,11.7,15.5,1.5,215,5,11.3,15.3,1.4,218,7,0,29.27,,0,0,0,66.7,65.5,64.4,0.40,0.32,0.35
MALO,2017-08-21 03:25:00 EDT,44.85287,-74.32887,775,67.2,68.1,67.2,80.3,60.9,0.000,0.000,0.00,0.000,10.9,14.8,1.4,215,6,11.2,15.1,1.5,213,5,10.9,14.8,1.4,215,6,0,29.27,,0,0,0,66.7,65.5,64.4,0.40,0.32,0.34
MALO,2017-08-21 03:30:00 EDT,44.85287,-74.32887,775,67.3,68.2,67.3,80.4,61.0,0.000,0.000,0.00,0.000,10.8,14.6,1.5,219,8,11.1,15.1,1.5,216,6,10.8,14.6,1.5,219,8,0,29.27,,0,0,0,66.7,65.5,64.4,0.40,0.32,0.34
MALO,2017-08-21 03:35:00 EDT,44.85287,-74.32887,775,67.1,68.1,67.1,80.6,61.0,0.000,0.000,0.00,0.000,9.7,13.2,1.3,222,6,10.0,13.3,1.2,219,5,9.7,13.2,1.3,222,6,0,29.27,,0,0,0,66.7,65.5,64.4,0.40,0.32,0.34
MALO,2017-08-21 03:40:00 EDT,44.85287,-74.32887,775,67.2,68.2,67.2,80.6,61.0,0.000,0.000,0.00,0.000,9.9,13.2,1.3,220,7,10.4,14.6,1.3,217,6,9.9,13.2,1.3,220,7,0,29.27,,0,0,0,66.7,65.5,64.4,0.40,0.32,0.34
MALO,2017-08-21 03:45:00 EDT,44.85287,-74.32887,775,67.1,68.3,67.1,80.8,61.0,0.000,0.000,0.00,0.000,10.6,13.1,1.2,220,7,11.0,13.7,1.2,217,6,10.6,13.1,1.2,220,7,0,29.27,,0,0,0,66.7,65.5,64.4,0.40,0.32,0.34
MALO,2017-08-21 03:50:00 EDT,44.85287,-74.32887,775,67.1,68.1,67.1,80.9,61.0,0.000,0.000,0.00,0.000,9.6,11.8,1.1,217,6,10.1,12.2,1.1,214,5,9.6,11.8,1.1,217,6,0,29.27,,0,0,0,66.7,65.5,64.4,0.40,0.32,0.34
MALO,2017-08-21 03:55:00 EDT,44.85287,-74.32887,775,67.0,67.9,67.0,81.0,61.0,0.000,0.000,0.00,0.000,9.5,12.3,1.3,211,8,10.0,13.0,1.3,208,7,9.5,12.3,1.3,211,8,0,29.27,,0,0,0,66.7,65.5,64.4,0.40,0.32,0.34
MALO,2017-08-21 04:00:00 EDT,44.85287,-74.32887,775,66.9,67.8,66.9,80.9,60.9,0.000,0.000,0.00,0.000,9.9,12.5,1.2,210,7,10.3,13.2,1.2,207,6,9.9,12.5,1.2,210,7,0,29.27,,0,0,0,66.7,65.5,64.4,0.40,0.32,0.34
MALO,2017-08-21 04:05:00 EDT,44.85287,-74.32887,775,66.7,67.7,66.7,81.4,60.8,0.000,0.000,0.00,0.000,9.8,12.6,1.4,212,6,10.2,13.5,1.4,210,6,9.8,12.6,1.4,212,6,0,29.27,,0,0,0,66.7,65.5,64.4,0.40,0.32,0.34
MALO,2017-08-21 04:10:00 EDT,44.85287,-74.32887,775,66.6,67.6,66.6,81.3,60.7,0.000,0.000,0.00,0.000,9.5,15.3,1.4,211,8,10.1,15.0,1.5,209,6,9.5,15.3,1.4,211,8,0,29.27,,0,0,0,66.7,65.5,64.4,0.40,0.32,0.34
MALO,2017-08-21 04:15:00 EDT,44.85287,-74.32887,775,67.0,67.9,67.0,80.8,60.9,0.000,0.000,0.00,0.000,11.5,14.8,1.2,213,6,12.0,16.4,1.3,210,5,11.5,14.8,1.2,213,6,0,29.27,,0,0,0,66.7,65.5,64.4,0.40,0.32,0.34
MALO,2017-08-21 04:20:00 EDT,44.85287,-74.32887,775,67.2,68.0,67.2,80.2,60.9,0.000,0.000,0.00,0.000,12.0,16.7,1.5,216,7,12.3,16.7,1.7,214,6,12.0,16.7,1.5,216,7,0,29.27,,0,0,0,66.7,65.5,64.4,0.40,0.32,0.34
MALO,2017-08-21 04:25:00 EDT,44.85287,-74.32887,775,67.0,68.0,67.0,80.4,60.8,0.000,0.000,0.00,0.000,11.3,14.5,1.3,217,7,11.6,14.9,1.3,214,6,11.3,14.5,1.3,217,7,0,29.27,,0,0,0,66.7,65.5,64.4,0.40,0.32,0.34
MALO,2017-08-21 04:30:00 EDT,44.85287,-74.32887,775,67.2,68.2,67.2,79.8,60.8,0.000,0.000,0.00,0.000,11.1,14.8,1.4,210,7,11.7,15.5,1.6,208,6,11.1,14.8,1.4,210,7,0,29.27,,0,0,0,66.7,65.5,64.4,0.40,0.32,0.34
MALO,2017-08-21 04:35:00 EDT,44.85287,-74.32887,775,67.5,68.3,67.5,79.1,60.8,0.000,0.000,0.00,0.000,11.0,15.6,1.3,213,7,11.4,15.5,1.3,210,6,11.0,15.6,1.3,213,7,0,29.27,,0,0,0,66.6,65.5,64.4,0.40,0.32,0.34
MALO,2017-08-21 04:40:00 EDT,44.85287,-74.32887,775,67.3,68.1,67.3,79.5,60.7,0.000,0.000,0.00,0.000,9.9,13.2,1.1,212,8,10.4,13.8,1.2,209,6,9.9,13.2,1.1,212,8,0,29.27,,0,0,0,66.6,65.5,64.4,0.40,0.32,0.34
MALO,2017-08-21 04:45:00 EDT,44.85287,-74.32887,775,67.4,68.0,67.4,79.5,60.8,0.000,0.000,0.00,0.000,11.2,15.4,1.8,207,8,11.6,17.5,2.0,205,7,11.2,15.4,1.8,207,8,0,29.28,,0,0,0,66.5,65.5,64.4,0.40,0.32,0.34
MALO,2017-08-21 04:50:00 EDT,44.85287,-74.32887,775,67.6,68.3,67.6,78.9,60.8,0.000,0.000,0.00,0.000,11.9,16.3,1.5,209,7,12.4,16.6,1.6,206,5,11.9,16.3,1.5,209,7,0,29.28,,0,0,0,66.4,65.5,64.4,0.40,0.32,0.34
MALO,2017-08-21 04:55:00 EDT,44.85287,-74.32887,775,67.3,68.1,67.3,79.1,60.7,0.000,0.000,0.00,0.000,10.5,15.2,1.5,210,8,10.9,14.7,1.5,207,6,10.5,15.2,1.5,210,8,0,29.28,,0,0,0,66.4,65.5,64.4,0.40,0.32,0.34
MALO,2017-08-21 05:00:00 EDT,44.85287,-74.32887,775,67.2,68.0,67.2,79.6,60.7,0.000,0.000,0.00,0.000,10.0,13.4,1.1,207,7,10.5,14.0,1.0,204,7,10.0,13.4,1.1,207,7,0,29.28,,0,0,0,66.4,65.5,64.4,0.40,0.32,0.34
MALO,2017-08-21 05:05:00 EDT,44.85287,-74.32887,775,67.1,67.9,67.1,79.8,60.7,0.000,0.000,0.00,0.000,9.5,11.8,1.1,204,8,10.0,13.5,1.2,202,6,9.5,11.8,1.1,204,8,0,29.28,,0,0,0,66.4,65.5,64.4,0.40,0.32,0.34
MALO,2017-08-21 05:10:00 EDT,44.85287,-74.32887,775,66.8,67.7,66.8,80.7,60.6,0.000,0.000,0.00,0.000,8.8,14.1,1.5,206,8,9.4,14.7,1.6,203,8,8.8,14.1,1.5,206,8,0,29.28,,0,0,0,66.4,65.5,64.4,0.40,0.32,0.34
MALO,2017-08-21 05:15:00 EDT,44.85287,-74.32887,775,67.1,67.9,67.1,80.0,60.7,0.000,0.000,0.00,0.000,10.3,14.5,1.4,203,6,10.9,14.8,1.5,201,5,10.3,14.5,1.4,203,6,0,29.28,,0,0,0,66.4,65.5,64.4,0.40,0.32,0.34
MALO,2017-08-21 05:20:00 EDT,44.85287,-74.32887,775,66.9,67.7,66.9,79.8,60.4,0.000,0.000,0.00,0.000,9.5,12.9,1.3,205,7,10.0,13.9,1.4,202,6,9.5,12.9,1.3,205,7,0,29.28,,0,0,0,66.4,65.5,64.4,0.40,0.32,0.34
MALO,2017-08-21 05:25:00 EDT,44.85287,-74.32887,775,66.5,67.6,66.5,80.7,60.4,0.000,0.000,0.00,0.000,9.3,14.0,1.4,208,6,9.6,12.7,1.3,206,5,9.3,14.0,1.4,208,6,0,29.28,,0,0,0,66.4,65.5,64.4,0.40,0.32,0.34
MALO,2017-08-21 05:30:00 EDT,44.85287,-74.32887,775,66.5,67.5,66.5,80.8,60.4,0.000,0.000,0.00,0.000,9.6,11.7,1.0,209,7,10.1,13.7,1.1,207,6,9.6,11.7,1.0,209,7,0,29.28,,0,0,0,66.4,65.5,64.4,0.40,0.32,0.34
MALO,2017-08-21 05:35:00 EDT,44.85287,-74.32887,775,66.4,67.5,66.4,80.7,60.3,0.000,0.000,0.00,0.000,9.1,11.5,1.1,213,7,9.4,12.3,1.1,211,5,9.1,11.5,1.1,213,7,0,29.28,,0,0,0,66.4,65.5,64.4,0.40,0.32,0.34
MALO,2017-08-21 05:40:00 EDT,44.85287,-74.32887,775,66.3,67.4,66.3,81.1,60.3,0.000,0.000,0.00,0.000,9.3,12.1,1.1,209,8,9.8,13.1,1.2,207,7,9.3,12.1,1.1,209,8,0,29.28,,0,0,0,66.4,65.5,64.4,0.40,0.32,0.34
MALO,2017-08-21 05:45:00 EDT,44.85287,-74.32887,775,66.3,67.3,66.3,81.1,60.3,0.000,0.000,0.00,0.000,9.9,13.3,1.3,207,7,10.4,13.8,1.4,205,6,9.9,13.3,1.3,207,7,0,29.28,,0,0,0,66.4,65.5,64.4,0.40,0.32,0.34
MALO,2017-08-21 05:50:00 EDT,44.85287,-74.32887,775,66.5,67.3,66.5,80.5,60.3,0.000,0.000,0.00,0.000,10.2,14.2,1.3,206,6,10.5,14.7,1.4,204,5,10.2,14.2,1.3,206,6,0,29.29,,0,0,0,66.4,65.5,64.4,0.40,0.32,0.34
MALO,2017-08-21 05:55:00 EDT,44.85287,-74.32887,775,66.5,67.2,66.5,80.9,60.4,0.000,0.000,0.00,0.000,8.7,10.9,1.0,206,7,9.3,11.6,1.1,204,6,8.7,10.9,1.0,206,7,1,29.29,,0,0,0,66.4,65.5,64.4,0.40,0.32,0.34
MALO,2017-08-21 06:00:00 EDT,44.85287,-74.32887,775,66.5,67.1,66.5,81.0,60.5,0.000,0.000,0.00,0.000,9.2,12.2,1.2,203,8,9.8,12.9,1.3,200,6,9.2,12.2,1.2,203,8,2,29.29,,0,0,0,66.4,65.5,64.4,0.40,0.32,0.34
MALO,2017-08-21 06:05:00 EDT,44.85287,-74.32887,775,66.3,67.0,66.3,81.0,60.3,0.000,0.000,0.00,0.000,8.8,11.4,1.0,203,9,9.2,12.6,1.1,201,8,8.8,11.4,1.0,203,9,3,29.29,,0,0,0,66.4,65.5,64.4,0.40,0.32,0.34
MALO,2017-08-21 06:10:00 EDT,44.85287,-74.32887,775,66.0,66.7,66.0,81.5,60.2,0.000,0.000,0.00,0.000,8.7,11.0,1.0,202,8,9.1,11.7,1.1,201,7,8.7,11.0,1.0,202,8,3,29.29,,0,0,0,66.4,65.5,64.4,0.40,0.32,0.34
MALO,2017-08-21 06:15:00 EDT,44.85287,-74.32887,775,65.9,66.6,65.9,81.8,60.2,0.000,0.000,0.00,0.000,9.2,12.7,1.4,202,8,9.7,13.8,1.5,200,7,9.2,12.7,1.4,202,8,5,29.29,,0,0,0,66.4,65.5,64.4,0.40,0.32,0.34
MALO,2017-08-21 06:20:00 EDT,44.85287,-74.32887,775,65.7,66.5,65.7,81.9,60.1,0.000,0.000,0.00,0.000,8.5,11.3,1.0,203,8,9.0,12.0,1.2,201,7,8.5,11.3,1.0,203,8,8,29.29,,0,0,0,66.4,65.5,64.4,0.40,0.32,0.34
MALO,2017-08-21 06:25:00 EDT,44.85287,-74.32887,775,65.7,66.5,65.7,82.1,60.0,0.000,0.000,0.00,0.000,9.3,13.0,1.2,197,7,9.8,13.7,1.4,196,6,9.3,13.0,1.2,197,7,11,29.29,,0,0,0,66.4,65.5,64.4,0.40,0.32,0.34
MALO,2017-08-21 06:30:00 EDT,44.85287,-74.32887,775,65.7,66.5,65.7,82.1,60.1,0.000,0.000,0.00,0.000,9.5,13.0,1.3,197,8,10.2,13.9,1.5,195,6,9.5,13.0,1.3,197,8,15,29.28,,0,0,0,66.4,65.5,64.4,0.40,0.32,0.34
MALO,2017-08-21 06:35:00 EDT,44.85287,-74.32887,775,65.7,66.5,65.7,82.2,60.1,0.000,0.000,0.00,0.000,9.9,14.2,1.6,198,7,10.6,15.7,1.8,197,5,9.9,14.2,1.6,198,7,18,29.28,,0,0,0,66.4,65.5,64.4,0.40,0.32,0.34
MALO,2017-08-21 06:40:00 EDT,44.85287,-74.32887,775,65.8,66.5,65.8,81.9,60.1,0.000,0.000,0.00,0.000,9.4,12.6,1.4,201,6,9.9,13.0,1.4,199,5,9.4,12.6,1.4,201,6,24,29.28,,0,0,0,66.4,65.5,64.4,0.40,0.32,0.34
MALO,2017-08-21 06:45:00 EDT,44.85287,-74.32887,775,65.8,66.6,65.8,81.6,60.1,0.000,0.000,0.00,0.000,9.9,12.6,1.1,199,7,10.4,13.4,1.2,198,5,9.9,12.6,1.1,199,7,31,29.28,,0,0,0,66.4,65.5,64.4,0.40,0.32,0.34
MALO,2017-08-21 06:50:00 EDT,44.85287,-74.32887,775,65.8,66.5,65.8,81.9,60.1,0.000,0.000,0.00,0.000,9.7,12.2,1.2,202,8,10.2,14.0,1.4,199,6,9.7,12.2,1.2,202,8,35,29.28,,0,0,0,66.4,65.5,64.4,0.40,0.32,0.34
MALO,2017-08-21 06:55:00 EDT,44.85287,-74.32887,775,65.8,66.4,65.8,82.0,60.1,0.000,0.000,0.00,0.000,8.7,11.5,1.2,203,8,9.2,13.1,1.3,201,6,8.7,11.5,1.2,203,8,38,29.28,,0,0,0,66.4,65.5,64.4,0.40,0.32,0.34
MALO,2017-08-21 07:00:00 EDT,44.85287,-74.32887,775,65.7,66.3,65.7,82.5,60.2,0.000,0.000,0.00,0.000,8.3,10.3,1.0,202,7,8.8,11.5,1.0,201,6,8.3,10.3,1.0,202,7,44,29.28,,0,0,0,66.4,65.5,64.4,0.40,0.32,0.34
MALO,2017-08-21 07:05:00 EDT,44.85287,-74.32887,775,65.8,66.4,65.8,82.3,60.2,0.000,0.000,0.00,0.000,8.8,12.2,1.2,200,7,9.3,13.1,1.3,197,5,8.8,12.2,1.2,200,7,52,29.28,,0,0,0,66.4,65.5,64.4,0.40,0.32,0.34
MALO,2017-08-21 07:10:00 EDT,44.85287,-74.32887,775,65.8,66.4,65.8,82.4,60.3,0.000,0.000,0.00,0.000,8.9,12.9,1.5,199,8,9.4,14.6,1.6,196,6,8.9,12.9,1.5,199,8,58,29.28,,0,0,0,66.4,65.5,64.4,0.40,0.32,0.34
MALO,2017-08-21 07:15:00 EDT,44.85287,-74.32887,775,66.0,66.5,66.0,82.2,60.4,0.000,0.000,0.00,0.000,9.2,12.2,1.4,200,7,9.8,13.6,1.4,198,6,9.2,12.2,1.4,200,7,71,29.28,,0,0,0,66.4,65.5,64.4,0.40,0.32,0.34
MALO,2017-08-21 07:20:00 EDT,44.85287,-74.32887,775,66.2,66.6,66.2,81.9,60.5,0.000,0.000,0.00,0.000,9.4,11.8,1.2,198,8,9.9,13.8,1.4,196,6,9.4,11.8,1.2,198,8,96,29.28,,0,0,0,66.4,65.5,64.4,0.40,0.32,0.34
MALO,2017-08-21 07:25:00 EDT,44.85287,-74.32887,775,66.4,66.8,66.4,81.6,60.7,0.000,0.000,0.00,0.000,9.4,12.2,1.3,198,9,10.0,14.2,1.5,196,6,9.4,12.2,1.3,198,9,137,29.28,,0,0,0,66.4,65.5,64.4,0.40,0.32,0.34
MALO,2017-08-21 07:30:00 EDT,44.85287,-74.32887,775,66.9,67.1,66.9,81.1,60.9,0.000,0.000,0.00,0.000,9.2,12.1,1.3,200,7,9.9,13.0,1.5,197,5,9.2,12.1,1.3,200,7,169,29.28,,0,0,0,66.4,65.5,64.4,0.40,0.32,0.34
MALO,2017-08-21 07:35:00 EDT,44.85287,-74.32887,775,66.9,67.2,66.9,80.9,60.9,0.000,0.000,0.00,0.000,9.1,13.3,1.4,202,8,9.9,13.3,1.5,200,6,9.1,13.3,1.4,202,8,97,29.28,,0,0,0,66.4,65.5,64.4,0.40,0.32,0.34
MALO,2017-08-21 07:40:00 EDT,44.85287,-74.32887,775,66.8,67.2,66.8,81.0,60.8,0.000,0.000,0.00,0.000,9.4,11.9,1.2,203,8,10.1,13.5,1.4,201,6,9.4,11.9,1.2,203,8,115,29.28,,0,0,0,66.4,65.5,64.4,0.40,0.32,0.34
MALO,2017-08-21 07:45:00 EDT,44.85287,-74.32887,775,67.1,67.4,67.1,80.6,60.9,0.000,0.000,0.00,0.000,9.9,13.7,1.3,203,7,10.3,14.5,1.4,201,6,9.9,13.7,1.3,203,7,114,29.28,,0,0,0,66.4,65.5,64.4,0.40,0.32,0.34
MALO,2017-08-21 07:50:00 EDT,44.85287,-74.32887,775,67.2,67.5,67.2,79.9,60.7,0.000,0.000,0.00,0.000,10.3,13.4,1.5,204,8,10.9,14.5,1.6,201,7,10.3,13.4,1.5,204,8,103,29.28,,0,0,0,66.4,65.5,64.4,0.40,0.32,0.34
MALO,2017-08-21 07:55:00 EDT,44.85287,-74.32887,775,67.1,67.4,67.1,80.2,60.8,0.000,0.000,0.00,0.000,10.3,13.7,1.3,203,8,11.1,15.5,1.4,200,6,10.3,13.7,1.3,203,8,96,29.28,,0,0,0,66.4,65.5,64.4,0.40,0.32,0.34
MALO,2017-08-21 08:00:00 EDT,44.85287,-74.32887,775,67.0,67.4,67.0,80.4,60.8,0.000,0.000,0.00,0.000,9.5,14.8,1.9,205,8,10.3,15.4,1.9,202,7,9.5,14.8,1.9,205,8,110,29.28,,0,0,0,66.4,65.5,64.4,0.40,0.32,0.34
MALO,2017-08-21 08:05:00 EDT,44.85287,-74.32887,775,67.1,67.4,67.1,80.5,60.9,0.000,0.000,0.00,0.000,9.7,13.6,1.5,202,8,10.2,15.1,1.6,200,6,9.7,13.6,1.5,202,8,123,29.28,,0,0,0,66.4,65.5,64.4,0.40,0.32,0.34
MALO,2017-08-21 08:10:00 EDT,44.85287,-74.32887,775,67.5,67.7,67.5,79.6,61.0,0.000,0.000,0.00,0.000,10.4,13.2,1.2,204,8,11.0,14.5,1.3,201,7,10.4,13.2,1.2,204,8,199,29.28,,0,0,0,66.4,65.5,64.4,0.40,0.32,0.34
MALO,2017-08-21 08:15:00 EDT,44.85287,-74.32887,775,68.1,68.2,68.1,79.1,61.4,0.000,0.000,0.00,0.000,9.6,13.7,1.9,202,9,10.2,15.2,1.9,199,7,9.6,13.7,1.9,202,9,228,29.28,,0,0,0,66.4,65.5,64.4,0.40,0.32,0.34
MALO,2017-08-21 08:20:00 EDT,44.85287,-74.32887,775,68.3,68.4,68.3,78.3,61.3,0.000,0.000,0.00,0.000,9.8,13.5,1.3,204,9,10.4,15.2,1.5,201,7,9.8,13.5,1.3,204,9,219,29.28,,0,0,0,66.4,65.5,64.4,0.40,0.32,0.34
MALO,2017-08-21 08:25:00 EDT,44.85287,-74.32887,775,68.8,68.8,68.8,77.8,61.6,0.000,0.000,0.00,0.000,9.6,14.3,1.9,204,8,10.2,14.9,1.9,202,7,9.6,14.3,1.9,204,8,282,29.28,,0,0,0,66.4,65.5,64.4,0.40,0.32,0.34
MALO,2017-08-21 08:30:00 EDT,44.85287,-74.32887,775,69.1,69.1,69.1,77.6,61.8,0.000,0.000,0.00,0.000,9.3,13.2,1.6,202,9,9.8,14.7,1.6,200,9,9.3,13.2,1.6,202,9,310,29.28,,0,0,0,66.4,65.5,64.4,0.40,0.32,0.34
MALO,2017-08-21 08:35:00 EDT,44.85287,-74.32887,775,69.5,69.4,69.5,76.2,61.6,0.000,0.000,0.00,0.000,10.2,13.7,1.6,202,8,10.8,15.4,1.7,200,6,10.2,13.7,1.6,202,8,335,29.27,,0,0,0,66.4,65.5,64.4,0.40,0.32,0.34
MALO,2017-08-21 08:40:00 EDT,44.85287,-74.32887,775,69.8,69.8,69.8,75.6,61.8,0.000,0.000,0.00,0.000,10.3,14.8,2.0,199,11,10.9,17.1,2.1,197,9,10.3,14.8,2.0,199,11,349,29.27,,0,0,0,66.4,65.5,64.4,0.40,0.32,0.34
MALO,2017-08-21 08:45:00 EDT,44.85287,-74.32887,775,70.2,70.1,70.2,75.2,62.0,0.000,0.000,0.00,0.000,10.6,13.2,1.5,195,8,11.3,14.7,1.7,192,7,10.6,13.2,1.5,195,8,369,29.27,,0,0,0,66.4,65.5,64.4,0.40,0.32,0.34
MALO,2017-08-21 08:50:00 EDT,44.85287,-74.32887,775,70.5,70.4,70.5,74.5,62.0,0.000,0.000,0.00,0.000,10.1,13.2,1.7,200,11,10.8,15.2,1.8,197,8,10.1,13.2,1.7,200,11,389,29.27,,0,0,0,66.4,65.5,64.4,0.40,0.32,0.34
MALO,2017-08-21 08:55:00 EDT,44.85287,-74.32887,775,71.0,70.8,71.0,74.5,62.5,0.000,0.000,0.00,0.000,8.9,12.2,1.2,203,9,9.5,12.3,1.3,201,8,8.9,12.2,1.2,203,9,409,29.27,,0,0,0,66.4,65.5,64.4,0.40,0.32,0.34
MALO,2017-08-21 09:00:00 EDT,44.85287,-74.32887,775,71.4,71.1,71.4,73.3,62.4,0.000,0.000,0.00,0.000,9.6,13.4,1.5,201,8,10.2,14.3,1.5,200,6,9.6,13.4,1.5,201,8,422,29.27,,0,0,0,66.4,65.5,64.4,0.40,0.32,0.34
MALO,2017-08-21 09:05:00 EDT,44.85287,-74.32887,775,71.7,71.5,71.7,73.8,62.9,0.000,0.000,0.00,0.000,7.4,11.6,1.2,199,8,8.0,12.3,1.3,198,7,7.4,11.6,1.2,199,8,376,29.27,,0,0,0,66.4,65.5,64.4,0.40,0.32,0.34
MALO,2017-08-21 09:10:00 EDT,44.85287,-74.32887,775,71.9,71.8,71.9,73.4,63.0,0.000,0.000,0.00,0.000,7.6,10.7,1.4,200,9,8.0,11.8,1.5,197,8,7.6,10.7,1.4,200,9,335,29.27,,0,0,0,66.4,65.5,64.4,0.40,0.32,0.34
MALO,2017-08-21 09:15:00 EDT,44.85287,-74.32887,775,72.4,72.0,72.4,73.1,63.3,0.000,0.000,0.00,0.000,9.8,14.2,1.4,204,9,10.3,14.8,1.6,202,8,9.8,14.2,1.4,204,9,452,29.27,,0,0,0,66.4,65.5,64.4,0.40,0.32,0.34
MALO,2017-08-21 09:20:00 EDT,44.85287,-74.32887,775,72.8,72.4,72.8,71.7,63.1,0.000,0.000,0.00,0.000,9.1,12.3,1.5,204,10,9.8,13.8,1.5,202,10,9.1,12.3,1.5,204,10,472,29.27,,0,0,0,66.4,65.5,64.4,0.40,0.32,0.34
MALO,2017-08-21 09:25:00 EDT,44.85287,-74.32887,775,72.8,72.6,72.8,71.5,63.1,0.000,0.000,0.00,0.000,9.0,12.6,1.9,201,8,9.7,13.5,1.9,198,6,9.0,12.6,1.9,201,8,389,29.27,,0,0,0,66.4,65.5,64.4,0.40,0.32,0.34
MALO,2017-08-21 09:30:00 EDT,44.85287,-74.32887,775,73.0,72.7,73.0,71.0,63.0,0.000,0.000,0.00,0.000,9.5,12.0,1.2,200,9,10.1,13.0,1.5,197,6,9.5,12.0,1.2,200,9,506,29.27,,0,0,0,66.4,65.5,64.4,0.40,0.32,0.34
MALO,2017-08-21 09:35:00 EDT,44.85287,-74.32887,775,73.5,73.1,73.5,70.8,63.5,0.000,0.000,0.00,0.000,10.0,12.7,1.1,198,8,10.6,13.9,1.4,195,7,10.0,12.7,1.1,198,8,517,29.27,,0,0,0,66.4,65.5,64.4,0.40,0.32,0.34
MALO,2017-08-21 09:40:00 EDT,44.85287,-74.32887,775,73.8,73.4,73.8,69.8,63.3,0.000,0.000,0.00,0.000,8.9,11.5,1.1,211,11,9.3,12.5,1.2,209,10,8.9,11.5,1.1,211,11,559,29.27,,0,0,0,66.4,65.5,64.4,0.40,0.32,0.34
MALO,2017-08-21 09:45:00 EDT,44.85287,-74.32887,775,74.1,73.8,74.1,70.1,63.7,0.000,0.000,0.00,0.000,7.4,10.5,1.4,212,11,7.9,11.5,1.6,210,10,7.4,10.5,1.4,212,11,404,29.27,,0,0,0,66.4,65.5,64.4,0.40,0.32,0.34
MALO,2017-08-21 09:50:00 EDT,44.85287,-74.32887,775,74.4,74.2,74.4,68.6,63.4,0.000,0.000,0.00,0.000,7.9,11.9,1.8,233,12,8.4,12.6,1.9,231,11,7.9,11.9,1.8,233,12,452,29.27,,0,0,0,66.4,65.5,64.4,0.40,0.32,0.34
MALO,2017-08-21 09:55:00 EDT,44.85287,-74.32887,775,75.1,74.7,75.1,67.7,63.7,0.000,0.000,0.00,0.000,9.9,14.2,1.5,225,9,10.2,14.4,1.6,222,7,9.9,14.2,1.5,225,9,557,29.27,,0,0,0,66.4,65.5,64.4,0.40,0.32,0.34
MALO,2017-08-21 10:00:00 EDT,44.85287,-74.32887,775,75.4,74.9,75.4,67.6,63.9,0.000,0.000,0.00,0.000,8.8,12.1,1.5,230,12,9.3,12.5,1.4,228,11,8.8,12.1,1.5,230,12,529,29.27,,0,0,0,66.4,65.5,64.4,0.40,0.32,0.34
MALO,2017-08-21 10:05:00 EDT,44.85287,-74.32887,775,75.2,74.9,75.2,66.6,63.3,0.000,0.000,0.00,0.000,9.9,13.9,1.5,237,10,10.2,14.2,1.5,236,10,9.9,13.9,1.5,237,10,503,29.27,,0,0,0,66.4,65.5,64.4,0.40,0.32,0.34
MALO,2017-08-21 10:10:00 EDT,44.85287,-74.32887,775,75.8,75.3,75.8,68.2,64.6,0.000,0.000,0.00,0.000,9.3,14.3,1.9,239,14,10.0,15.7,1.9,238,13,9.3,14.3,1.9,239,14,531,29.27,,0,0,0,66.4,65.5,64.4,0.40,0.32,0.34
MALO,2017-08-21 10:15:00 EDT,44.85287,-74.32887,775,75.6,75.3,75.6,65.6,63.2,0.000,0.000,0.00,0.000,10.7,16.3,2.4,245,9,11.2,16.4,2.5,244,9,10.7,16.3,2.4,245,9,520,29.27,,0,0,0,66.4,65.5,64.4,0.40,0.32,0.34
MALO,2017-08-21 10:20:00 EDT,44.85287,-74.32887,775,75.9,75.5,75.9,66.0,63.7,0.000,0.000,0.00,0.000,9.6,12.9,1.3,242,10,10.1,13.7,1.3,239,10,9.6,12.9,1.3,242,10,546,29.27,,0,0,0,66.4,65.5,64.4,0.40,0.32,0.34
MALO,2017-08-21 10:25:00 EDT,44.85287,-74.32887,775,76.2,75.8,76.2,65.4,63.8,0.000,0.000,0.00,0.000,10.9,14.8,1.5,238,10,11.2,14.5,1.5,235,10,10.9,14.8,1.5,238,10,603,29.27,,0,0,0,66.4,65.5,64.4,0.40,0.32,0.34
MALO,2017-08-21 10:30:00 EDT,44.85287,-74.32887,775,76.4,76.1,76.4,64.6,63.6,0.000,0.000,0.00,0.000,12.6,17.3,1.7,236,13,13.2,18.7,1.8,233,13,12.6,17.3,1.7,236,13,617,29.27,,0,0,0,66.4,65.5,64.4,0.40,0.32,0.34
MALO,2017-08-21 10:35:00 EDT,44.85287,-74.32887,775,76.2,75.8,76.2,63.5,62.9,0.000,0.000,0.00,0.000,13.9,20.6,2.5,246,9,14.5,21.4,2.6,244,9,13.9,20.6,2.5,246,9,633,29.27,,0,0,0,66.4,65.5,64.4,0.40,0.32,0.34
MALO,2017-08-21 10:40:00 EDT,44.85287,-74.32887,775,76.5,76.0,76.5,64.1,63.5,0.000,0.000,0.00,0.000,11.2,15.3,1.6,247,11,11.8,16.0,1.6,247,12,11.2,15.3,1.6,247,11,655,29.27,,0,0,0,66.4,65.5,64.4,0.40,0.32,0.34
MALO,2017-08-21 10:45:00 EDT,44.85287,-74.32887,775,76.6,76.1,76.6,63.8,63.4,0.000,0.000,0.00,0.000,10.8,14.6,1.9,244,8,11.3,15.8,2.0,243,9,10.8,14.6,1.9,244,8,662,29.27,,0,0,0,66.4,65.5,64.4,0.40,0.32,0.34
MALO,2017-08-21 10:50:00 EDT,44.85287,-74.32887,775,76.9,76.4,76.9,62.2,63.0,0.000,0.000,0.00,0.000,12.0,15.9,1.7,243,10,12.5,16.6,1.7,241,10,12.0,15.9,1.7,243,10,620,29.27,,0,0,0,66.4,65.5,64.4,0.40,0.32,0.34
MALO,2017-08-21 10:55:00 EDT,44.85287,-74.32887,775,76.9,76.5,76.9,60.8,62.3,0.000,0.000,0.00,0.000,14.1,19.5,2.4,237,8,14.3,19.8,2.2,235,9,14.1,19.5,2.4,237,8,674,29.27,,0,0,0,66.4,65.5,64.4,0.40,0.32,0.34
MALO,2017-08-21 11:00:00 EDT,44.85287,-74.32887,775,76.9,76.6,76.9,60.7,62.3,0.000,0.000,0.00,0.000,14.3,19.0,2.1,245,8,14.9,19.8,2.2,244,9,14.3,19.0,2.1,245,8,683,29.27,,0,0,0,66.4,65.5,64.4,0.39,0.32,0.34
MALO,2017-08-21 11:05:00 EDT,44.85287,-74.32887,775,77.2,76.8,77.2,60.7,62.6,0.000,0.000,0.00,0.000,13.3,18.0,2.0,237,9,13.8,18.1,2.0,235,11,13.3,18.0,2.0,237,9,691,29.27,,0,0,0,66.4,65.5,64.4,0.40,0.32,0.34
MALO,2017-08-21 11:10:00 EDT,44.85287,-74.32887,775,77.6,77.1,77.6,60.8,63.0,0.000,0.000,0.00,0.000,11.0,15.8,2.1,247,13,11.6,17.5,2.2,246,14,11.0,15.8,2.1,247,13,703,29.27,,0,0,0,66.4,65.5,64.4,0.39,0.32,0.34
MALO,2017-08-21 11:15:00 EDT,44.85287,-74.32887,775,77.5,77.1,77.5,59.8,62.4,0.000,0.000,0.00,0.000,12.7,18.9,2.3,244,12,13.3,19.1,2.2,244,12,12.7,18.9,2.3,244,12,694,29.27,,0,0,0,66.4,65.5,64.4,0.39,0.32,0.34
MALO,2017-08-21 11:20:00 EDT,44.85287,-74.32887,775,77.9,77.3,77.9,60.9,63.3,0.000,0.000,0.00,0.000,12.8,16.6,2.2,234,15,13.4,17.4,2.3,232,17,12.8,16.6,2.2,234,15,693,29.26,,0,0,0,66.4,65.5,64.4,0.39,0.32,0.34
MALO,2017-08-21 11:25:00 EDT,44.85287,-74.32887,775,77.7,77.2,77.7,60.9,63.2,0.000,0.000,0.00,0.000,14.2,19.3,1.8,230,12,14.6,19.7,1.6,226,11,14.2,19.3,1.8,230,12,723,29.26,,0,0,0,66.4,65.5,64.4,0.39,0.32,0.34
MALO,2017-08-21 11:30:00 EDT,44.85287,-74.32887,775,77.9,77.5,77.9,60.0,63.0,0.000,0.000,0.00,0.000,12.8,19.8,2.2,229,8,13.0,20.6,2.1,226,7,12.8,19.8,2.2,229,8,723,29.26,,0,0,0,66.4,65.5,64.4,0.39,0.32,0.34
MALO,2017-08-21 11:35:00 EDT,44.85287,-74.32887,775,78.3,77.7,78.3,60.0,63.3,0.000,0.000,0.00,0.000,12.4,20.6,3.5,245,12,13.2,21.4,3.5,245,12,12.4,20.6,3.5,245,12,734,29.26,,0,0,0,66.4,65.5,64.4,0.39,0.32,0.34
MALO,2017-08-21 11:40:00 EDT,44.85287,-74.32887,775,78.4,77.8,78.4,58.6,62.7,0.000,0.000,0.00,0.000,14.4,19.4,1.8,245,12,15.0,20.1,1.9,243,13,14.4,19.4,1.8,245,12,742,29.26,,0,0,0,66.5,65.5,64.4,0.39,0.32,0.34
MALO,2017-08-21 11:45:00 EDT,44.85287,-74.32887,775,78.4,77.9,78.4,57.0,62.0,0.000,0.000,0.00,0.000,14.0,18.4,2.3,248,9,14.7,18.7,2.4,247,8,14.0,18.4,2.3,248,9,746,29.26,,0,0,0,66.5,65.5,64.4,0.39,0.32,0.34
MALO,2017-08-21 11:50:00 EDT,44.85287,-74.32887,775,78.6,78.1,78.6,57.4,62.3,0.000,0.000,0.00,0.000,13.7,17.8,1.9,241,12,14.3,18.9,2.0,240,13,13.7,17.8,1.9,241,12,748,29.26,,0,0,0,66.7,65.5,64.4,0.39,0.32,0.34
MALO,2017-08-21 11:55:00 EDT,44.85287,-74.32887,775,78.7,78.2,78.7,57.0,62.2,0.000,0.000,0.00,0.000,13.7,18.4,2.2,240,9,13.9,19.4,2.0,237,10,13.7,18.4,2.2,240,9,734,29.26,,0,0,0,66.7,65.5,64.4,0.39,0.32,0.34
MALO,2017-08-21 12:00:00 EDT,44.85287,-74.32887,775,78.5,78.0,78.5,57.0,62.0,0.000,0.000,0.00,0.000,15.2,19.4,1.8,234,7,15.3,18.8,1.7,231,7,15.2,19.4,1.8,234,7,751,29.26,,0,0,0,66.7,65.5,64.4,0.39,0.32,0.34
MALO,2017-08-21 12:05:00 EDT,44.85287,-74.32887,775,78.9,78.3,78.9,58.7,63.2,0.000,0.000,0.00,0.000,11.4,14.7,1.9,236,9,11.6,15.8,1.8,234,9,11.4,14.7,1.9,236,9,751,29.25,,0,0,0,66.7,65.5,64.4,0.39,0.32,0.34
MALO,2017-08-21 12:10:00 EDT,44.85287,-74.32887,775,79.3,78.7,79.3,58.6,63.5,0.000,0.000,0.00,0.000,10.9,19.4,3.4,248,16,11.8,20.4,3.6,249,16,10.9,19.4,3.4,248,16,712,29.25,,0,0,0,66.7,65.5,64.4,0.39,0.32,0.34
MALO,2017-08-21 12:15:00 EDT,44.85287,-74.32887,775,78.9,78.4,78.9,56.8,62.2,0.000,0.000,0.00,0.000,13.2,18.3,2.3,263,10,14.2,19.1,2.4,263,9,13.2,18.3,2.3,263,10,749,29.25,,0,0,0,66.7,65.5,64.4,0.39,0.32,0.34
MALO,2017-08-21 12:20:00 EDT,44.85287,-74.32887,775,79.2,78.7,79.2,58.3,63.3,0.000,0.000,0.00,0.000,11.5,15.8,1.9,252,12,12.2,17.4,2.1,252,12,11.5,15.8,1.9,252,12,749,29.25,,0,0,0,66.7,65.5,64.4,0.39,0.32,0.34
MALO,2017-08-21 12:25:00 EDT,44.85287,-74.32887,775,79.4,78.8,79.4,57.9,63.3,0.000,0.000,0.00,0.000,11.6,15.8,1.7,256,9,12.6,16.9,1.8,256,9,11.6,15.8,1.7,256,9,749,29.25,,0,0,0,66.7,65.4,64.4,0.39,0.32,0.34
MALO,2017-08-21 12:30:00 EDT,44.85287,-74.32887,775,79.4,78.8,79.4,56.2,62.4,0.000,0.000,0.00,0.000,12.7,17.7,2.3,251,12,13.4,18.4,2.3,250,12,12.7,17.7,2.3,251,12,750,29.25,,0,0,0,66.7,65.4,64.4,0.39,0.32,0.34
MALO,2017-08-21 12:35:00 EDT,44.85287,-74.32887,775,79.2,78.7,79.2,55.4,61.8,0.000,0.000,0.00,0.000,12.8,17.0,1.9,256,9,13.7,18.8,2.2,257,9,12.8,17.0,1.9,256,9,741,29.25,,0,0,0,66.7,65.4,64.4,0.39,0.32,0.34
MALO,2017-08-21 12:40:00 EDT,44.85287,-74.32887,775,79.2,78.8,79.2,56.8,62.5,0.000,0.000,0.00,0.000,13.1,20.2,3.0,256,11,14.0,21.1,3.2,255,10,13.1,20.2,3.0,256,11,735,29.25,,0,0,0,66.7,65.4,64.4,0.39,0.32,0.34
MALO,2017-08-21 12:45:00 EDT,44.85287,-74.32887,775,79.3,78.9,79.3,55.5,62.0,0.000,0.000,0.00,0.000,13.3,18.3,2.1,249,12,14.0,20.4,2.3,248,13,13.3,18.3,2.1,249,12,748,29.25,,0,0,0,66.7,65.4,64.4,0.39,0.31,0.34
MALO,2017-08-21 12:50:00 EDT,44.85287,-74.32887,775,79.4,79.0,79.4,55.2,62.0,0.000,0.000,0.00,0.000,13.2,18.0,2.5,250,9,14.0,20.0,2.6,249,9,13.2,18.0,2.5,250,9,747,29.25,,0,0,0,66.7,65.4,64.4,0.39,0.31,0.34
MALO,2017-08-21 12:55:00 EDT,44.85287,-74.32887,775,79.5,79.1,79.5,55.6,62.3,0.000,0.000,0.00,0.000,13.3,18.0,2.1,244,12,13.8,20.0,1.9,242,13,13.3,18.0,2.1,244,12,756,29.25,,0,0,0,66.8,65.4,64.4,0.39,0.32,0.34
MALO,2017-08-21 13:00:00 EDT,44.85287,-74.32887,775,79.5,79.1,79.5,56.7,62.8,0.000,0.000,0.00,0.000,12.6,18.8,3.0,233,9,12.9,18.1,2.8,230,9,12.6,18.8,3.0,233,9,755,29.25,,0,0,0,66.8,65.4,64.4,0.39,0.31,0.34
MALO,2017-08-21 13:05:00 EDT,44.85287,-74.32887,775,79.9,79.4,79.9,55.5,62.6,0.000,0.000,0.00,0.000,11.9,16.4,2.2,256,12,12.8,19.4,2.5,256,12,11.9,16.4,2.2,256,12,754,29.24,,0,0,0,66.9,65.4,64.4,0.39,0.31,0.34
MALO,2017-08-21 13:10:00 EDT,44.85287,-74.32887,775,79.7,79.2,79.7,55.7,62.4,0.000,0.000,0.00,0.000,12.0,14.6,1.3,257,9,12.9,16.0,1.5,257,8,12.0,14.6,1.3,257,9,744,29.24,,0,0,0,67.1,65.4,64.4,0.39,0.31,0.34
MALO,2017-08-21 13:15:00 EDT,44.85287,-74.32887,775,80.1,79.6,81.5,56.0,63.0,0.000,0.000,0.00,0.000,9.9,14.0,1.8,255,12,10.8,15.5,1.9,254,12,9.9,14.0,1.8,255,12,736,29.24,,0,0,0,67.1,65.4,64.4,0.39,0.31,0.34
MALO,2017-08-21 13:20:00 EDT,44.85287,-74.32887,775,80.6,80.0,82.0,56.1,63.5,0.000,0.000,0.00,0.000,9.5,17.2,2.3,241,10,10.0,17.5,2.2,240,11,9.5,17.2,2.3,241,10,756,29.24,,0,0,0,67.1,65.4,64.4,0.39,0.31,0.34
MALO,2017-08-21 13:25:00 EDT,44.85287,-74.32887,775,80.4,80.1,81.6,53.4,62.0,0.000,0.000,0.00,0.000,12.3,19.0,3.0,243,12,12.8,19.8,2.9,242,12,12.3,19.0,3.0,243,12,758,29.24,,0,0,0,67.1,65.4,64.4,0.39,0.31,0.34
MALO,2017-08-21 13:30:00 EDT,44.85287,-74.32887,775,80.2,80.0,81.1,50.3,60.1,0.000,0.000,0.00,0.000,14.3,19.3,2.4,246,10,14.9,21.0,2.5,244,11,14.3,19.3,2.4,246,10,743,29.24,,0,0,0,67.1,65.4,64.4,0.39,0.31,0.34
MALO,2017-08-21 13:35:00 EDT,44.85287,-74.32887,775,79.9,79.8,79.9,50.8,60.1,0.000,0.000,0.00,0.000,14.7,21.6,2.6,245,9,15.2,21.5,2.5,243,9,14.7,21.6,2.6,245,9,715,29.24,,0,0,0,67.1,65.3,64.4,0.39,0.31,0.34
MALO,2017-08-21 13:40:00 EDT,44.85287,-74.32887,775,79.8,79.7,79.8,50.3,59.7,0.000,0.000,0.00,0.000,14.7,19.9,2.4,261,10,15.7,23.1,2.6,260,10,14.7,19.9,2.4,261,10,685,29.24,,0,0,0,67.1,65.4,64.4,0.39,0.31,0.34
MALO,2017-08-21 13:45:00 EDT,44.85287,-74.32887,775,79.7,79.6,79.7,52.0,60.6,0.000,0.000,0.00,0.000,12.3,17.7,2.5,255,11,13.0,18.0,2.5,254,10,12.3,17.7,2.5,255,11,643,29.24,,0,0,0,67.1,65.4,64.4,0.39,0.31,0.34
MALO,2017-08-21 13:50:00 EDT,44.85287,-74.32887,775,79.9,79.8,79.9,53.5,61.5,0.000,0.000,0.00,0.000,11.2,15.5,1.9,251,10,12.0,16.3,2.1,251,11,11.2,15.5,1.9,251,10,597,29.24,,0,0,0,67.1,65.4,64.4,0.39,0.31,0.34
MALO,2017-08-21 13:55:00 EDT,44.85287,-74.32887,775,79.8,79.7,79.8,53.6,61.4,0.000,0.000,0.00,0.000,10.1,15.6,1.8,249,10,11.0,18.8,2.2,250,10,10.1,15.6,1.8,249,10,555,29.24,,0,0,0,67.1,65.4,64.4,0.39,0.31,0.34
MALO,2017-08-21 14:00:00 EDT,44.85287,-74.32887,775,79.6,79.7,79.6,52.6,60.8,0.000,0.000,0.00,0.000,11.5,15.1,1.9,240,10,12.0,16.0,2.0,239,10,11.5,15.1,1.9,240,10,508,29.24,,0,0,0,67.1,65.4,64.4,0.39,0.31,0.34
MALO,2017-08-21 14:05:00 EDT,44.85287,-74.32887,775,79.5,79.6,79.5,53.9,61.3,0.000,0.000,0.00,0.000,9.7,14.2,1.5,247,15,10.4,16.0,1.8,246,16,9.7,14.2,1.5,247,15,463,29.24,,0,0,0,67.1,65.4,64.4,0.39,0.31,0.34
MALO,2017-08-21 14:10:00 EDT,44.85287,-74.32887,775,79.1,79.3,79.1,53.3,60.6,0.000,0.000,0.00,0.000,9.7,14.5,1.8,254,10,10.5,15.9,1.9,255,10,9.7,14.5,1.8,254,10,418,29.23,,0,0,0,67.1,65.4,64.4,0.39,0.31,0.34
MALO,2017-08-21 14:15:00 EDT,44.85287,-74.32887,775,78.6,79.2,78.6,52.0,59.5,0.000,0.000,0.00,0.000,11.5,14.9,1.7,249,7,12.1,16.1,1.8,249,8,11.5,14.9,1.7,249,7,377,29.23,,0,0,0,67.2,65.3,64.4,0.39,0.31,0.34
MALO,2017-08-21 14:20:00 EDT,44.85287,-74.32887,775,78.4,78.9,78.4,53.1,59.9,0.000,0.000,0.00,0.000,9.7,12.9,1.5,253,11,10.5,13.6,1.5,252,11,9.7,12.9,1.5,253,11,315,29.23,,0,0,0,67.3,65.4,64.4,0.39,0.31,0.34
MALO,2017-08-21 14:25:00 EDT,44.85287,-74.32887,775,78.1,78.8,78.1,53.4,59.8,0.000,0.000,0.00,0.000,9.0,12.9,1.3,251,9,9.7,13.7,1.4,251,8,9.0,12.9,1.3,251,9,304,29.23,,0,0,0,67.4,65.4,64.4,0.39,0.31,0.34
MALO,2017-08-21 14:30:00 EDT,44.85287,-74.32887,775,77.9,78.6,77.9,54.4,60.2,0.000,0.000,0.00,0.000,8.9,11.8,1.1,255,10,9.5,12.8,1.2,254,10,8.9,11.8,1.1,255,10,277,29.23,,0,0,0,67.5,65.4,64.4,0.39,0.31,0.34
MALO,2017-08-21 14:35:00 EDT,44.85287,-74.32887,775,77.5,78.3,77.5,56.0,60.5,0.000,0.000,0.00,0.000,8.3,12.1,1.3,254,8,8.9,12.8,1.5,254,6,8.3,12.1,1.3,254,8,257,29.23,,0,0,0,67.5,65.4,64.4,0.39,0.31,0.34
MALO,2017-08-21 14:40:00 EDT,44.85287,-74.32887,775,77.4,78.2,77.4,55.5,60.2,0.000,0.000,0.00,0.000,8.5,11.5,1.3,248,8,9.0,12.3,1.4,247,8,8.5,11.5,1.3,248,8,249,29.22,,0,0,0,67.5,65.4,64.4,0.39,0.31,0.34
MALO,2017-08-21 14:45:00 EDT,44.85287,-74.32887,775,77.4,78.1,77.4,55.1,60.0,0.000,0.000,0.00,0.000,9.4,12.3,1.0,246,8,9.9,12.7,1.1,245,8,9.4,12.3,1.0,246,8,250,29.22,,0,0,0,67.5,65.4,64.4,0.39,0.31,0.34
MALO,2017-08-21 14:50:00 EDT,44.85287,-74.32887,775,77.1,77.9,77.1,56.4,60.4,0.000,0.000,0.00,0.000,8.3,12.6,1.4,250,7,8.9,13.7,1.4,249,7,8.3,12.6,1.4,250,7,260,29.22,,0,0,0,67.5,65.4,64.4,0.39,0.31,0.34
MALO,2017-08-21 14:55:00 EDT,44.85287,-74.32887,775,77.3,77.9,77.3,56.1,60.4,0.000,0.000,0.00,0.000,8.1,13.0,1.4,245,8,8.7,13.3,1.4,244,9,8.1,13.0,1.4,245,8,281,29.22,,0,0,0,67.5,65.4,64.4,0.39,0.31,0.34
MALO,2017-08-21 15:00:00 EDT,44.85287,-74.32887,775,77.3,77.8,77.3,58.1,61.5,0.000,0.000,0.00,0.000,7.0,9.7,1.4,238,8,7.3,10.1,1.4,236,8,7.0,9.7,1.4,238,8,309,29.22,,0,0,0,67.5,65.4,64.4,0.39,0.31,0.34
MALO,2017-08-21 15:05:00 EDT,44.85287,-74.32887,775,77.5,77.8,77.5,57.9,61.5,0.000,0.000,0.00,0.000,7.7,10.2,0.9,235,8,8.1,10.6,1.0,232,8,7.7,10.2,0.9,235,8,341,29.22,,0,0,0,67.5,65.4,64.4,0.39,0.31,0.34
MALO,2017-08-21 15:10:00 EDT,44.85287,-74.32887,775,77.7,77.9,77.7,58.0,61.8,0.000,0.000,0.00,0.000,8.4,11.5,1.4,241,8,8.8,12.0,1.3,240,9,8.4,11.5,1.4,241,8,373,29.22,,0,0,0,67.5,65.4,64.4,0.39,0.31,0.34
MALO,2017-08-21 15:15:00 EDT,44.85287,-74.32887,775,78.0,78.1,78.0,59.5,62.7,0.000,0.000,0.00,0.000,7.9,10.1,1.1,237,8,8.3,10.3,1.1,234,8,7.9,10.1,1.1,237,8,407,29.22,,0,0,0,67.5,65.4,64.4,0.39,0.31,0.34
MALO,2017-08-21 15:20:00 EDT,44.85287,-74.32887,775,78.3,78.2,78.3,59.3,62.9,0.000,0.000,0.00,0.000,8.0,11.0,1.4,233,10,8.4,11.7,1.3,230,8,8.0,11.0,1.4,233,10,439,29.22,,0,0,0,67.5,65.4,64.4,0.39,0.31,0.34
MALO,2017-08-21 15:25:00 EDT,44.85287,-74.32887,775,78.5,78.4,78.5,59.3,63.1,0.000,0.000,0.00,0.000,8.7,11.6,1.2,230,8,9.1,11.9,1.2,227,8,8.7,11.6,1.2,230,8,469,29.21,,0,0,0,67.5,65.4,64.4,0.39,0.31,0.34
MALO,2017-08-21 15:30:00 EDT,44.85287,-74.32887,775,78.7,78.5,78.7,58.9,63.1,0.000,0.000,0.00,0.000,9.5,12.8,1.4,236,8,9.8,14.0,1.3,233,8,9.5,12.8,1.4,236,8,494,29.21,,0,0,0,67.5,65.5,64.4,0.39,0.31,0.34
MALO,2017-08-21 15:35:00 EDT,44.85287,-74.32887,775,79.1,78.8,79.1,59.6,63.8,0.000,0.000,0.00,0.000,9.4,14.8,2.0,227,10,9.9,16.2,2.0,224,9,9.4,14.8,2.0,227,10,519,29.21,,0,0,0,67.5,65.5,64.4,0.39,0.31,0.34
MALO,2017-08-21 15:40:00 EDT,44.85287,-74.32887,775,79.2,79.0,79.2,58.8,63.6,0.000,0.000,0.00,0.000,8.9,11.3,1.1,233,11,9.3,11.7,1.1,231,11,8.9,11.3,1.1,233,11,538,29.21,,0,0,0,67.5,65.5,64.4,0.39,0.31,0.34
MALO,2017-08-21 15:45:00 EDT,44.85287,-74.32887,775,79.4,79.1,79.4,57.8,63.2,0.000,0.000,0.00,0.000,9.4,11.9,1.2,237,10,9.8,12.6,1.2,234,10,9.4,11.9,1.2,237,10,549,29.21,,0,0,0,67.8,65.5,64.4,0.39,0.31,0.34
MALO,2017-08-21 15:50:00 EDT,44.85287,-74.32887,775,79.6,79.3,79.6,57.5,63.3,0.000,0.000,0.00,0.000,9.9,16.1,1.9,245,10,10.4,16.6,2.0,244,10,9.9,16.1,1.9,245,10,555,29.21,,0,0,0,67.8,65.5,64.4,0.39,0.31,0.34
MALO,2017-08-21 15:55:00 EDT,44.85287,-74.32887,775,79.7,79.4,79.7,58.9,64.1,0.000,0.000,0.00,0.000,9.8,14.1,2.0,229,12,10.2,15.0,2.0,226,12,9.8,14.1,2.0,229,12,553,29.21,,0,0,0,67.8,65.5,64.4,0.39,0.31,0.34
MALO,2017-08-21 16:00:00 EDT,44.85287,-74.32887,775,79.7,79.5,79.7,58.1,63.7,0.000,0.000,0.00,0.000,14.6,23.1,4.0,232,12,15.2,22.9,3.8,230,12,14.6,23.1,4.0,232,12,548,29.20,,0,0,0,67.8,65.5,64.4,0.39,0.31,0.34
MALO,2017-08-21 16:05:00 EDT,44.85287,-74.32887,775,79.5,79.6,79.5,58.6,63.8,0.000,0.000,0.00,0.000,14.3,20.2,2.5,234,10,14.6,21.0,2.4,231,10,14.3,20.2,2.5,234,10,537,29.20,,0,0,0,67.8,65.5,64.4,0.39,0.31,0.34
MALO,2017-08-21 16:10:00 EDT,44.85287,-74.32887,775,79.6,79.7,79.6,58.2,63.7,0.000,0.000,0.00,0.000,14.3,20.1,2.0,234,13,14.6,20.5,2.0,232,12,14.3,20.1,2.0,234,13,524,29.20,,0,0,0,67.8,65.5,64.4,0.39,0.31,0.34
MALO,2017-08-21 16:15:00 EDT,44.85287,-74.32887,775,79.9,79.9,79.9,59.5,64.6,0.000,0.000,0.00,0.000,12.2,18.0,2.6,237,11,12.6,19.1,2.6,234,10,12.2,18.0,2.6,237,11,512,29.20,,0,0,0,67.8,65.5,64.4,0.39,0.31,0.34
MALO,2017-08-21 16:20:00 EDT,44.85287,-74.32887,775,79.9,79.9,79.9,59.9,64.8,0.000,0.000,0.00,0.000,12.1,17.2,2.4,231,11,12.7,19.0,2.4,228,10,12.1,17.2,2.4,231,11,502,29.20,,0,0,0,67.8,65.5,64.4,0.39,0.31,0.34
MALO,2017-08-21 16:25:00 EDT,44.85287,-74.32887,775,79.9,79.8,79.9,59.8,64.7,0.000,0.000,0.00,0.000,11.3,15.3,1.9,231,12,11.8,16.1,2.0,228,12,11.3,15.3,1.9,231,12,492,29.20,,0,0,0,67.8,65.5,64.4,0.38,0.31,0.34
MALO,2017-08-21 16:30:00 EDT,44.85287,-74.32887,775,79.7,79.8,79.7,58.1,63.6,0.000,0.000,0.00,0.000,17.6,25.0,2.7,232,10,18.0,24.7,2.7,229,10,17.6,25.0,2.7,232,10,481,29.20,,0,0,0,67.8,65.5,64.4,0.38,0.31,0.34
MALO,2017-08-21 16:35:00 EDT,44.85287,-74.32887,775,79.6,79.8,79.6,58.0,63.6,0.000,0.000,0.00,0.000,15.9,22.7,3.0,239,9,16.1,22.9,2.8,236,9,15.9,22.7,3.0,239,9,470,29.20,,0,0,0,67.8,65.5,64.4,0.39,0.31,0.34
MALO,2017-08-21 16:40:00 EDT,44.85287,-74.32887,775,79.6,79.8,79.6,57.9,63.5,0.000,0.000,0.00,0.000,15.1,23.9,3.4,236,9,15.4,24.9,3.3,233,8,15.1,23.9,3.4,236,9,456,29.20,,0,0,0,67.8,65.5,64.4,0.38,0.31,0.34
MALO,2017-08-21 16:45:00 EDT,44.85287,-74.32887,775,79.8,79.9,79.8,58.3,63.8,0.000,0.000,0.00,0.000,11.8,19.4,2.6,244,9,12.4,20.1,2.6,243,10,11.8,19.4,2.6,244,9,444,29.20,,0,0,0,67.8,65.5,64.4,0.38,0.31,0.34
MALO,2017-08-21 16:50:00 EDT,44.85287,-74.32887,775,79.9,80.0,79.9,58.4,64.0,0.000,0.000,0.00,0.000,11.2,17.2,2.4,239,11,11.8,17.4,2.4,237,11,11.2,17.2,2.4,239,11,425,29.19,,0,0,0,67.8,65.5,64.4,0.38,0.31,0.34
MALO,2017-08-21 16:55:00 EDT,44.85287,-74.32887,775,79.8,80.0,79.8,57.9,63.7,0.000,0.000,0.00,0.000,13.6,18.6,2.2,236,9,13.9,19.6,2.2,233,9,13.6,18.6,2.2,236,9,411,29.19,,0,0,0,67.8,65.5,64.4,0.38,0.31,0.34
MALO,2017-08-21 17:00:00 EDT,44.85287,-74.32887,775,79.6,79.9,79.6,57.8,63.4,0.000,0.000,0.00,0.000,16.1,23.2,2.8,243,9,16.7,24.7,3.1,241,9,16.1,23.2,2.8,243,9,400,29.19,,0,0,0,67.8,65.5,64.4,0.39,0.31,0.34
MALO,2017-08-21 17:05:00 EDT,44.85287,-74.32887,775,79.6,79.9,79.6,58.2,63.6,0.000,0.000,0.00,0.000,13.3,16.5,1.6,238,11,13.8,17.2,1.6,238,11,13.3,16.5,1.6,238,11,388,29.19,,0,0,0,67.8,65.5,64.4,0.39,0.31,0.34
MALO,2017-08-21 17:10:00 EDT,44.85287,-74.32887,775,79.5,79.9,79.5,59.5,64.2,0.000,0.000,0.00,0.000,11.7,15.3,2.1,229,8,12.0,16.2,2.1,226,8,11.7,15.3,2.1,229,8,373,29.19,,0,0,0,67.8,65.5,64.4,0.38,0.31,0.34
MALO,2017-08-21 17:15:00 EDT,44.85287,-74.32887,775,79.5,79.9,79.5,58.3,63.6,0.000,0.000,0.00,0.000,14.9,21.6,3.0,224,10,15.4,22.3,3.1,221,10,14.9,21.6,3.0,224,10,357,29.19,,0,0,0,67.8,65.5,64.4,0.38,0.31,0.34
MALO,2017-08-21 17:20:00 EDT,44.85287,-74.32887,775,79.2,79.8,79.2,57.9,63.2,0.000,0.000,0.00,0.000,16.9,22.8,2.4,232,10,17.3,22.7,2.5,230,10,16.9,22.8,2.4,232,10,344,29.19,,0,0,0,67.8,65.5,64.4,0.38,0.31,0.34
MALO,2017-08-21 17:25:00 EDT,44.85287,-74.32887,775,79.3,79.8,79.3,58.4,63.4,0.000,0.000,0.00,0.000,14.4,21.1,2.6,236,9,14.8,22.2,2.6,234,10,14.4,21.1,2.6,236,9,327,29.19,,0,0,0,67.8,65.5,64.4,0.38,0.31,0.34
MALO,2017-08-21 17:30:00 EDT,44.85287,-74.32887,775,79.3,79.7,79.3,58.4,63.4,0.000,0.000,0.00,0.000,13.8,18.6,2.2,235,9,14.0,19.6,2.3,232,8,13.8,18.6,2.2,235,9,314,29.19,,0,0,0,67.8,65.5,64.4,0.39,0.31,0.34
MALO,2017-08-21 17:35:00 EDT,44.85287,-74.32887,775,79.2,79.6,79.2,59.4,63.8,0.000,0.000,0.00,0.000,11.8,17.5,1.7,236,8,12.0,16.8,1.6,234,8,11.8,17.5,1.7,236,8,301,29.19,,0,0,0,67.8,65.5,64.4,0.39,0.31,0.34
MALO,2017-08-21 17:40:00 EDT,44.85287,-74.32887,775,79.2,79.7,79.2,59.4,63.8,0.000,0.000,0.00,0.000,13.5,20.4,3.0,232,8,13.7,20.9,3.0,230,7,13.5,20.4,3.0,232,8,288,29.19,,0,0,0,67.8,65.5,64.4,0.39,0.31,0.34
MALO,2017-08-21 17:45:00 EDT,44.85287,-74.32887,775,79.1,79.7,79.1,57.8,62.9,0.000,0.000,0.00,0.000,15.1,20.7,2.5,237,10,15.3,20.8,2.5,234,10,15.1,20.7,2.5,237,10,273,29.19,,0,0,0,67.8,65.5,64.4,0.39,0.31,0.34
MALO,2017-08-21 17:50:00 EDT,44.85287,-74.32887,775,78.9,79.6,78.9,58.4,63.0,0.000,0.000,0.00,0.000,13.9,20.5,2.8,241,8,14.3,20.5,2.6,239,8,13.9,20.5,2.8,241,8,261,29.19,,0,0,0,67.8,65.5,64.4,0.38,0.31,0.34
MALO,2017-08-21 17:55:00 EDT,44.85287,-74.32887,775,78.6,79.4,78.6,59.8,63.5,0.000,0.000,0.00,0.000,11.7,17.0,2.6,244,10,12.3,17.8,2.7,242,9,11.7,17.0,2.6,244,10,247,29.19,,0,0,0,67.9,65.5,64.4,0.38,0.31,0.34
MALO,2017-08-21 18:00:00 EDT,44.85287,-74.32887,775,78.6,79.2,78.6,59.9,63.5,0.000,0.000,0.00,0.000,12.2,17.7,2.4,241,10,12.5,17.9,2.4,238,10,12.2,17.7,2.4,241,10,234,29.19,,0,0,0,68.0,65.5,64.4,0.38,0.31,0.34
MALO,2017-08-21 18:05:00 EDT,44.85287,-74.32887,775,78.4,79.1,78.4,60.1,63.4,0.000,0.000,0.00,0.000,11.9,15.7,1.5,242,9,12.3,15.9,1.6,241,9,11.9,15.7,1.5,242,9,220,29.19,,0,0,0,68.0,65.5,64.4,0.38,0.31,0.34
MALO,2017-08-21 18:10:00 EDT,44.85287,-74.32887,775,78.2,78.9,78.2,61.0,63.7,0.000,0.000,0.00,0.000,9.3,13.7,1.6,240,8,9.7,14.8,1.7,239,8,9.3,13.7,1.6,240,8,206,29.19,,0,0,0,68.1,65.5,64.4,0.38,0.31,0.34
MALO,2017-08-21 18:15:00 EDT,44.85287,-74.32887,775,78.1,78.8,78.1,59.7,63.0,0.000,0.000,0.00,0.000,12.3,16.7,2.3,238,11,12.7,17.8,2.2,236,11,12.3,16.7,2.3,238,11,194,29.19,,0,0,0,68.1,65.5,64.4,0.38,0.31,0.34
MALO,2017-08-21 18:20:00 EDT,44.85287,-74.32887,775,77.8,78.6,77.8,60.1,62.9,0.000,0.000,0.00,0.000,12.0,16.2,1.6,237,7,12.3,16.8,1.8,235,8,12.0,16.2,1.6,237,7,180,29.18,,0,0,0,68.2,65.5,64.4,0.38,0.31,0.34
MALO,2017-08-21 18:25:00 EDT,44.85287,-74.32887,775,77.6,78.4,77.6,60.8,63.0,0.000,0.000,0.00,0.000,11.0,15.0,1.7,234,7,11.4,15.9,1.6,232,7,11.0,15.0,1.7,234,7,165,29.19,,0,0,0,68.2,65.5,64.4,0.38,0.31,0.34
MALO,2017-08-21 18:30:00 EDT,44.85287,-74.32887,775,77.5,78.4,77.5,60.8,62.8,0.000,0.000,0.00,0.000,11.0,14.5,1.5,239,8,11.4,14.8,1.6,237,8,11.0,14.5,1.5,239,8,151,29.19,,0,0,0,68.2,65.5,64.4,0.38,0.31,0.34
MALO,2017-08-21 18:35:00 EDT,44.85287,-74.32887,775,77.4,78.3,77.4,61.3,63.0,0.000,0.000,0.00,0.000,9.7,14.5,1.4,241,8,10.0,15.1,1.4,239,9,9.7,14.5,1.4,241,8,137,29.19,,0,0,0,68.2,65.5,64.4,0.38,0.31,0.34
MALO,2017-08-21 18:40:00 EDT,44.85287,-74.32887,775,77.3,78.2,77.3,61.1,62.9,0.000,0.000,0.00,0.000,10.4,15.1,1.8,242,9,10.8,16.0,1.8,240,9,10.4,15.1,1.8,242,9,123,29.19,,0,0,0,68.2,65.5,64.4,0.38,0.31,0.34
MALO,2017-08-21 18:45:00 EDT,44.85287,-74.32887,775,76.7,77.9,76.7,63.3,63.3,0.000,0.000,0.00,0.000,9.2,12.2,1.3,235,7,9.5,13.2,1.3,233,7,9.2,12.2,1.3,235,7,110,29.19,,0,0,0,68.2,65.5,64.4,0.38,0.31,0.34
MALO,2017-08-21 18:50:00 EDT,44.85287,-74.32887,775,76.5,77.6,76.5,63.8,63.4,0.000,0.000,0.00,0.000,10.0,14.4,1.9,236,8,10.3,15.6,1.9,235,8,10.0,14.4,1.9,236,8,101,29.19,,0,0,0,68.2,65.5,64.4,0.38,0.31,0.34
MALO,2017-08-21 18:55:00 EDT,44.85287,-74.32887,775,76.7,77.7,76.7,63.0,63.2,0.000,0.000,0.00,0.000,9.7,14.2,1.6,243,8,10.2,14.6,1.7,241,8,9.7,14.2,1.6,243,8,90,29.19,,0,0,0,68.2,65.5,64.4,0.38,0.31,0.34
MALO,2017-08-21 19:00:00 EDT,44.85287,-74.32887,775,76.3,77.5,76.3,64.3,63.3,0.000,0.000,0.00,0.000,9.2,11.9,1.3,246,7,9.7,13.0,1.4,245,7,9.2,11.9,1.3,246,7,75,29.19,,0,0,0,68.2,65.5,64.4,0.38,0.31,0.34
MALO,2017-08-21 19:05:00 EDT,44.85287,-74.32887,775,76.1,77.3,76.1,64.9,63.4,0.000,0.000,0.00,0.000,8.0,11.9,1.2,246,7,8.5,12.8,1.2,244,7,8.0,11.9,1.2,246,7,64,29.19,,0,0,0,68.2,65.5,64.4,0.38,0.31,0.34
MALO,2017-08-21 19:10:00 EDT,44.85287,-74.32887,775,75.5,76.9,75.5,66.3,63.5,0.000,0.000,0.00,0.000,7.1,10.8,1.1,240,6,7.4,11.3,1.1,238,6,7.1,10.8,1.1,240,6,52,29.19,,0,0,0,68.2,65.5,64.4,0.38,0.31,0.34
MALO,2017-08-21 19:15:00 EDT,44.85287,-74.32887,775,74.7,76.5,74.7,68.3,63.6,0.000,0.000,0.00,0.000,6.7,8.8,0.8,235,5,7.0,9.3,0.8,233,5,6.7,8.8,0.8,235,5,43,29.19,,0,0,0,68.2,65.5,64.4,0.38,0.31,0.34
MALO,2017-08-21 19:20:00 EDT,44.85287,-74.32887,775,74.0,76.2,74.0,70.2,63.7,0.000,0.000,0.00,0.000,7.0,8.5,0.6,231,5,7.4,9.1,0.7,229,5,7.0,8.5,0.6,231,5,36,29.19,,0,0,0,68.2,65.5,64.4,0.38,0.31,0.34
MALO,2017-08-21 19:25:00 EDT,44.85287,-74.32887,775,73.7,76.0,73.7,71.2,63.8,0.000,0.000,0.00,0.000,6.7,7.7,0.6,225,5,6.9,8.3,0.7,223,4,6.7,7.7,0.6,225,5,28,29.19,,0,0,0,68.2,65.5,64.4,0.38,0.31,0.34
MALO,2017-08-21 19:30:00 EDT,44.85287,-74.32887,775,72.9,75.6,72.9,72.7,63.6,0.000,0.000,0.00,0.000,6.0,7.3,0.4,217,4,6.3,7.6,0.4,216,4,6.0,7.3,0.4,217,4,23,29.19,,0,0,0,68.2,65.5,64.4,0.38,0.31,0.34
MALO,2017-08-21 19:35:00 EDT,44.85287,-74.32887,775,72.7,75.4,72.7,73.1,63.6,0.000,0.000,0.00,0.000,6.3,8.0,0.5,216,4,6.6,8.2,0.6,216,4,6.3,8.0,0.5,216,4,18,29.19,,0,0,0,68.2,65.5,64.4,0.38,0.31,0.34
MALO,2017-08-21 19:40:00 EDT,44.85287,-74.32887,775,72.5,75.1,72.5,73.6,63.5,0.000,0.000,0.00,0.000,6.1,8.0,0.5,215,5,6.4,8.5,0.6,214,3,6.1,8.0,0.5,215,5,13,29.19,,0,0,0,68.2,65.5,64.4,0.38,0.31,0.34
MALO,2017-08-21 19:45:00 EDT,44.85287,-74.32887,775,72.4,74.9,72.4,73.7,63.5,0.000,0.000,0.00,0.000,7.0,8.5,0.6,211,5,7.4,9.0,0.7,210,4,7.0,8.5,0.6,211,5,10,29.18,,0,0,0,68.2,65.5,64.4,0.38,0.31,0.34
MALO,2017-08-21 19:50:00 EDT,44.85287,-74.32887,775,72.4,74.6,72.4,73.7,63.5,0.000,0.000,0.00,0.000,7.7,9.0,0.6,212,6,8.2,10.1,0.7,211,4,7.7,9.0,0.6,212,6,6,29.18,,0,0,0,68.2,65.5,64.4,0.38,0.31,0.34
MALO,2017-08-21 19:55:00 EDT,44.85287,-74.32887,775,72.3,74.5,72.3,74.0,63.6,0.000,0.000,0.00,0.000,8.2,9.9,0.7,212,5,8.6,10.2,0.7,210,4,8.2,9.9,0.7,212,5,4,29.18,,0,0,0,68.2,65.5,64.4,0.38,0.31,0.34
MALO,2017-08-21 20:00:00 EDT,44.85287,-74.32887,775,72.3,74.3,72.3,73.9,63.6,0.000,0.000,0.00,0.000,8.2,9.5,0.7,209,6,8.7,10.9,0.7,207,4,8.2,9.5,0.7,209,6,2,29.18,,0,0,0,68.2,65.5,64.4,0.38,0.31,0.34
MALO,2017-08-21 20:05:00 EDT,44.85287,-74.32887,775,72.4,74.3,72.4,73.6,63.5,0.000,0.000,0.00,0.000,8.0,9.6,0.7,208,5,8.6,10.6,0.7,206,5,8.0,9.6,0.7,208,5,1,29.18,,0,0,0,68.2,65.5,64.4,0.38,0.31,0.34
MALO,2017-08-21 20:10:00 EDT,44.85287,-74.32887,775,72.0,74.1,72.0,74.2,63.3,0.000,0.000,0.00,0.000,7.5,9.5,0.6,201,6,8.0,10.2,0.7,200,4,7.5,9.5,0.6,201,6,0,29.18,,0,0,0,68.2,65.6,64.4,0.38,0.31,0.34
MALO,2017-08-21 20:15:00 EDT,44.85287,-74.32887,775,71.8,73.9,71.8,74.8,63.4,0.000,0.000,0.00,0.000,7.6,10.1,0.7,201,5,8.0,10.4,0.8,199,4,7.6,10.1,0.7,201,5,0,29.19,,0,0,0,68.2,65.6,64.4,0.38,0.31,0.34
MALO,2017-08-21 20:20:00 EDT,44.85287,-74.32887,775,71.7,73.9,71.7,74.7,63.2,0.000,0.000,0.00,0.000,7.6,9.4,0.6,198,6,8.1,9.6,0.7,196,5,7.6,9.4,0.6,198,6,0,29.19,,0,0,0,68.2,65.7,64.4,0.38,0.31,0.34
MALO,2017-08-21 20:25:00 EDT,44.85287,-74.32887,775,71.5,73.8,71.5,75.5,63.3,0.000,0.000,0.00,0.000,7.6,8.7,0.5,197,5,8.1,9.6,0.6,196,3,7.6,8.7,0.5,197,5,0,29.18,,0,0,0,68.2,65.7,64.4,0.38,0.31,0.34
MALO,2017-08-21 20:30:00 EDT,44.85287,-74.32887,775,71.2,73.4,71.2,75.9,63.2,0.000,0.000,0.00,0.000,7.3,8.8,0.4,194,4,7.8,9.4,0.5,194,3,7.3,8.8,0.4,194,4,0,29.19,,0,0,0,68.2,65.7,64.4,0.38,0.31,0.34
MALO,2017-08-21 20:35:00 EDT,44.85287,-74.32887,775,71.1,73.2,71.1,76.7,63.4,0.000,0.000,0.00,0.000,7.6,9.0,0.5,192,4,8.1,9.5,0.4,191,3,7.6,9.0,0.5,192,4,0,29.19,,0,0,0,68.2,65.8,64.4,0.38,0.31,0.34
MALO,2017-08-21 20:40:00 EDT,44.85287,-74.32887,775,71.1,73.0,71.1,76.8,63.4,0.000,0.000,0.00,0.000,7.5,8.7,0.5,193,3,8.0,9.2,0.5,192,3,7.5,8.7,0.5,193,3,0,29.19,,0,0,0,68.2,65.7,64.4,0.38,0.31,0.34
MALO,2017-08-21 20:45:00 EDT,44.85287,-74.32887,775,71.0,72.8,71.0,77.3,63.5,0.000,0.000,0.00,0.000,8.2,10.2,0.7,191,4,8.7,11.0,0.8,190,3,8.2,10.2,0.7,191,4,0,29.19,,0,0,0,68.2,65.8,64.4,0.38,0.31,0.34
MALO,2017-08-21 20:50:00 EDT,44.85287,-74.32887,775,70.9,72.6,70.9,77.4,63.5,0.000,0.000,0.00,0.000,9.0,10.3,0.6,193,4,9.4,10.8,0.7,192,3,9.0,10.3,0.6,193,4,0,29.19,,0,0,0,68.2,65.8,64.4,0.38,0.31,0.34
MALO,2017-08-21 20:55:00 EDT,44.85287,-74.32887,775,70.6,72.4,70.6,77.9,63.4,0.000,0.000,0.00,0.000,9.0,10.3,0.6,194,3,9.6,11.3,0.7,193,3,9.0,10.3,0.6,194,3,0,29.19,,0,0,0,68.2,65.8,64.4,0.38,0.31,0.34
MALO,2017-08-21 21:00:00 EDT,44.85287,-74.32887,775,70.7,72.5,70.7,77.8,63.4,0.000,0.000,0.00,0.000,8.9,11.3,0.8,196,5,9.5,12.0,0.9,194,4,8.9,11.3,0.8,196,5,0,29.19,,0,0,0,68.2,65.8,64.4,0.38,0.31,0.34
MALO,2017-08-21 21:05:00 EDT,44.85287,-74.32887,775,70.6,72.2,70.6,77.9,63.4,0.000,0.000,0.00,0.000,8.8,10.4,0.8,196,4,9.3,11.5,0.9,195,4,8.8,10.4,0.8,196,4,0,29.19,,0,0,0,68.2,65.8,64.4,0.38,0.31,0.34
MALO,2017-08-21 21:10:00 EDT,44.85287,-74.32887,775,70.6,72.2,70.6,77.7,63.3,0.000,0.000,0.00,0.000,9.3,11.1,0.7,196,5,9.8,11.8,0.8,195,4,9.3,11.1,0.7,196,5,0,29.19,,0,0,0,68.2,65.8,64.4,0.38,0.31,0.34
MALO,2017-08-21 21:15:00 EDT,44.85287,-74.32887,775,70.5,72.0,70.5,77.7,63.2,0.000,0.000,0.00,0.000,8.9,11.1,0.8,198,6,9.5,11.8,0.9,197,3,8.9,11.1,0.8,198,6,0,29.19,,0,0,0,68.2,65.8,64.4,0.38,0.31,0.34
MALO,2017-08-21 21:20:00 EDT,44.85287,-74.32887,775,70.2,71.7,70.2,78.3,63.2,0.000,0.000,0.00,0.000,8.8,11.2,1.0,200,6,9.3,12.3,1.0,197,4,8.8,11.2,1.0,200,6,0,29.19,,0,0,0,68.1,65.8,64.4,0.38,0.31,0.34
MALO,2017-08-21 21:25:00 EDT,44.85287,-74.32887,775,70.2,71.7,70.2,78.6,63.2,0.000,0.000,0.00,0.000,9.2,11.8,0.9,195,5,9.6,12.4,1.0,193,3,9.2,11.8,0.9,195,5,0,29.19,,0,0,0,68.0,65.8,64.4,0.38,0.31,0.34
MALO,2017-08-21 21:30:00 EDT,44.85287,-74.32887,775,70.3,71.7,70.3,78.6,63.4,0.000,0.000,0.00,0.000,8.9,10.8,0.8,194,4,9.5,11.7,0.9,193,3,8.9,10.8,0.8,194,4,0,29.19,,0,0,0,67.9,65.8,64.4,0.38,0.31,0.34
MALO,2017-08-21 21:35:00 EDT,44.85287,-74.32887,775,70.3,71.6,70.3,78.3,63.2,0.000,0.000,0.00,0.000,8.7,10.5,0.9,197,5,9.1,11.2,1.0,196,4,8.7,10.5,0.9,197,5,0,29.19,,0,0,0,67.9,65.8,64.4,0.38,0.31,0.34
MALO,2017-08-21 21:40:00 EDT,44.85287,-74.32887,775,70.1,71.7,70.1,78.6,63.1,0.000,0.000,0.00,0.000,9.5,12.1,1.0,202,5,10.0,13.0,1.0,200,4,9.5,12.1,1.0,202,5,0,29.19,,0,0,0,67.9,65.8,64.4,0.38,0.31,0.34
MALO,2017-08-21 21:45:00 EDT,44.85287,-74.32887,775,70.2,71.7,70.2,78.3,63.2,0.000,0.000,0.00,0.000,9.6,12.6,1.1,205,7,10.1,13.9,1.2,203,5,9.6,12.6,1.1,205,7,0,29.19,,0,0,0,67.9,65.8,64.4,0.38,0.31,0.34
MALO,2017-08-21 21:50:00 EDT,44.85287,-74.32887,775,70.7,72.0,70.7,77.4,63.3,0.000,0.000,0.00,0.000,10.4,13.1,1.2,206,6,10.8,13.8,1.3,204,5,10.4,13.1,1.2,206,6,0,29.19,,0,0,0,67.9,65.8,64.4,0.38,0.31,0.34
MALO,2017-08-21 21:55:00 EDT,44.85287,-74.32887,775,70.8,72.0,70.8,77.2,63.3,0.000,0.000,0.00,0.000,9.8,13.7,1.1,212,7,10.4,14.0,1.2,210,5,9.8,13.7,1.1,212,7,0,29.19,,0,0,0,67.8,65.8,64.4,0.38,0.31,0.34
MALO,2017-08-21 22:00:00 EDT,44.85287,-74.32887,775,71.0,72.2,71.0,76.6,63.3,0.000,0.000,0.00,0.000,10.0,13.3,1.2,217,6,10.3,13.9,1.3,214,5,10.0,13.3,1.2,217,6,0,29.19,,0,0,0,67.8,65.8,64.4,0.38,0.31,0.34
MALO,2017-08-21 22:05:00 EDT,44.85287,-74.32887,775,70.9,72.1,70.9,76.8,63.3,0.000,0.000,0.00,0.000,8.8,13.6,1.4,218,7,9.3,14.8,1.4,215,6,8.8,13.6,1.4,218,7,0,29.19,,0,0,0,67.8,65.8,64.4,0.38,0.31,0.34
MALO,2017-08-21 22:10:00 EDT,44.85287,-74.32887,775,71.5,72.5,71.5,75.8,63.4,0.000,0.000,0.00,0.000,10.8,14.6,1.6,218,8,11.1,14.9,1.7,215,7,10.8,14.6,1.6,218,8,0,29.19,,0,0,0,67.8,65.8,64.4,0.38,0.31,0.34
MALO,2017-08-21 22:15:00 EDT,44.85287,-74.32887,775,71.7,72.7,71.7,75.5,63.5,0.000,0.000,0.00,0.000,10.8,13.2,1.4,222,9,11.1,14.2,1.4,219,8,10.8,13.2,1.4,222,9,0,29.19,,0,0,0,67.8,65.8,64.4,0.38,0.31,0.34
MALO,2017-08-21 22:20:00 EDT,44.85287,-74.32887,775,71.9,72.9,71.9,75.3,63.6,0.000,0.000,0.00,0.000,11.8,16.6,2.1,228,6,12.0,17.0,2.1,225,5,11.8,16.6,2.1,228,6,0,29.19,,0,0,0,67.8,65.8,64.4,0.38,0.31,0.34
MALO,2017-08-21 22:25:00 EDT,44.85287,-74.32887,775,72.0,73.1,72.0,75.5,63.8,0.000,0.000,0.00,0.000,12.9,16.9,1.7,225,8,13.2,17.3,1.7,223,6,12.9,16.9,1.7,225,8,0,29.19,,0,0,0,67.8,65.8,64.4,0.38,0.31,0.34
MALO,2017-08-21 22:30:00 EDT,44.85287,-74.32887,775,72.6,73.6,72.6,74.4,64.0,0.000,0.000,0.00,0.000,13.7,19.4,1.8,227,8,14.0,19.4,1.8,223,6,13.7,19.4,1.8,227,8,0,29.19,,0,0,0,67.8,65.8,64.4,0.38,0.31,0.34
MALO,2017-08-21 22:35:00 EDT,44.85287,-74.32887,775,72.7,73.7,72.7,74.1,64.0,0.000,0.000,0.00,0.000,13.4,18.0,1.4,225,6,13.7,18.5,1.5,222,5,13.4,18.0,1.4,225,6,0,29.19,,0,0,0,67.8,65.8,64.4,0.38,0.31,0.34
MALO,2017-08-21 22:40:00 EDT,44.85287,-74.32887,775,72.7,73.7,72.7,74.1,64.0,0.000,0.000,0.00,0.000,12.6,17.5,2.1,229,7,12.9,17.9,1.9,226,6,12.6,17.5,2.1,229,7,0,29.19,,0,0,0,67.8,65.8,64.4,0.38,0.31,0.34
MALO,2017-08-21 22:45:00 EDT,44.85287,-74.32887,775,72.8,73.7,72.8,73.9,64.0,0.000,0.000,0.00,0.000,12.4,17.0,1.6,229,7,12.7,17.3,1.5,226,6,12.4,17.0,1.6,229,7,0,29.19,,0,0,0,67.8,65.8,64.4,0.38,0.31,0.34
MALO,2017-08-21 22:50:00 EDT,44.85287,-74.32887,775,72.6,73.5,72.6,74.4,63.9,0.000,0.000,0.00,0.000,11.9,15.1,1.6,227,7,12.1,16.3,1.7,224,6,11.9,15.1,1.6,227,7,0,29.19,,0,0,0,67.8,65.8,64.4,0.38,0.31,0.34
MALO,2017-08-21 22:55:00 EDT,44.85287,-74.32887,775,72.5,73.4,72.5,74.5,63.9,0.000,0.000,0.00,0.000,11.4,16.4,1.4,226,6,11.7,16.1,1.4,223,5,11.4,16.4,1.4,226,6,0,29.19,,0,0,0,67.8,65.8,64.4,0.38,0.31,0.34
MALO,2017-08-21 23:00:00 EDT,44.85287,-74.32887,775,72.3,73.3,72.3,75.1,64.0,0.000,0.000,0.00,0.000,11.2,15.0,1.5,221,7,11.6,15.1,1.5,217,6,11.2,15.0,1.5,221,7,0,29.19,,0,0,0,67.8,65.8,64.4,0.38,0.31,0.34
MALO,2017-08-21 23:05:00 EDT,44.85287,-74.32887,775,72.2,73.1,72.2,75.2,63.9,0.000,0.000,0.00,0.000,10.6,16.7,2.1,216,9,11.0,17.3,2.2,213,8,10.6,16.7,2.1,216,9,0,29.19,,0,0,0,67.8,65.8,64.4,0.38,0.31,0.34
MALO,2017-08-21 23:10:00 EDT,44.85287,-74.32887,775,71.5,72.6,71.5,76.4,63.7,0.000,0.000,0.00,0.000,9.3,13.4,1.1,215,7,9.8,13.2,1.2,213,6,9.3,13.4,1.1,215,7,0,29.19,,0,0,0,67.8,65.8,64.4,0.38,0.31,0.34
MALO,2017-08-21 23:15:00 EDT,44.85287,-74.32887,775,71.4,72.5,71.4,76.8,63.8,0.000,0.000,0.00,0.000,9.7,13.8,1.5,214,8,10.2,14.0,1.5,212,6,9.7,13.8,1.5,214,8,0,29.19,,0,0,0,67.8,65.8,64.4,0.38,0.31,0.34
MALO,2017-08-21 23:20:00 EDT,44.85287,-74.32887,775,71.3,72.3,71.3,77.1,63.7,0.000,0.000,0.00,0.000,9.6,12.8,1.1,210,9,10.0,13.0,1.1,207,7,9.6,12.8,1.1,210,9,0,29.19,,0,0,0,67.8,65.8,64.4,0.38,0.31,0.34
MALO,2017-08-21 23:25:00 EDT,44.85287,-74.32887,775,71.2,72.2,71.2,77.2,63.7,0.000,0.000,0.00,0.000,10.0,13.5,1.3,209,7,10.4,14.1,1.5,206,5,10.0,13.5,1.3,209,7,0,29.19,,0,0,0,67.8,65.8,64.4,0.38,0.31,0.34
MALO,2017-08-21 23:30:00 EDT,44.85287,-74.32887,775,71.2,72.2,71.2,77.2,63.7,0.000,0.000,0.00,0.000,10.6,14.5,1.4,211,7,11.0,15.0,1.5,208,7,10.6,14.5,1.4,211,7,0,29.19,,0,0,0,67.8,65.8,64.4,0.38,0.31,0.34
MALO,2017-08-21 23:35:00 EDT,44.85287,-74.32887,775,71.0,72.1,71.0,77.6,63.6,0.000,0.000,0.00,0.000,10.6,14.7,1.6,216,6,11.1,14.8,1.6,213,5,10.6,14.7,1.6,216,6,0,29.19,,0,0,0,67.8,65.8,64.5,0.38,0.31,0.34
MALO,2017-08-21 23:40:00 EDT,44.85287,-74.32887,775,70.8,71.9,70.8,78.3,63.7,0.000,0.000,0.00,0.000,9.6,12.2,0.9,215,6,10.0,13.1,1.0,212,5,9.6,12.2,0.9,215,6,0,29.19,,0,0,0,67.8,65.8,64.4,0.38,0.31,0.34
MALO,2017-08-21 23:45:00 EDT,44.85287,-74.32887,775,70.8,71.9,70.8,78.5,63.7,0.000,0.000,0.00,0.000,9.4,11.8,1.1,214,6,9.9,12.8,1.2,212,5,9.4,11.8,1.1,214,6,0,29.19,,0,0,0,67.8,65.8,64.5,0.38,0.31,0.34
MALO,2017-08-21 23:50:00 EDT,44.85287,-74.32887,775,70.7,71.8,70.7,78.6,63.7,0.000,0.000,0.00,0.000,10.3,14.9,1.2,215,8,10.7,14.6,1.3,213,6,10.3,14.9,1.2,215,8,0,29.19,,0,0,0,67.8,65.8,64.4,0.38,0.31,0.34
MALO,2017-08-21 23:55:00 EDT,44.85287,-74.32887,775,70.7,71.9,70.7,78.7,63.7,0.000,0.000,0.00,0.000,10.2,15.1,1.6,216,7,10.6,15.6,1.7,214,6,10.2,15.1,1.6,216,7,0,29.18,,0,0,0,67.8,65.8,64.4,0.38,0.31,0.34
MANH,2017-08-21 00:00:00 EDT,40.76754,-73.96449,311,76.9,,76.9,51.7,57.8,0.000,0.000,0.00,0.000,3.1,5.0,1.0,283,20,3.1,5.4,1.1,283,21,3.1,5.0,1.0,283,20,0,29.83,0.0,,,,,,,,,
MANH,2017-08-21 00:05:00 EDT,40.76754,-73.96449,311,76.9,,76.9,51.8,57.9,0.000,0.000,0.00,0.000,4.8,8.5,1.6,267,19,5.0,9.3,1.9,267,20,4.8,8.5,1.6,267,19,0,29.83,-0.0,,,,,,,,,
MANH,2017-08-21 00:10:00 EDT,40.76754,-73.96449,311,76.7,,76.7,52.6,58.1,0.000,0.000,0.00,0.000,3.0,4.6,0.8,275,15,3.0,5.6,0.9,275,17,3.0,4.6,0.8,275,15,0,29.83,-0.1,,,,,,,,,
MANH,2017-08-21 00:15:00 EDT,40.76754,-73.96449,311,76.5,,76.5,52.9,58.1,0.000,0.000,0.00,0.000,3.1,7.4,2.1,260,26,3.3,8.6,2.0,256,35,3.1,7.4,2.1,260,26,0,29.83,-0.0,,,,,,,,,
MANH,2017-08-21 00:20:00 EDT,40.76754,-73.96449,311,76.5,,76.5,53.0,58.1,0.000,0.000,0.00,0.000,4.1,6.5,1.1,275,15,4.3,8.5,1.2,275,16,4.1,6.5,1.1,275,15,0,29.84,0.0,,,,,,,,,
MANH,2017-08-21 00:25:00 EDT,40.76754,-73.96449,311,76.5,,76.5,53.3,58.2,0.000,0.000,0.00,0.000,5.0,9.9,1.5,274,20,5.2,10.8,1.8,273,21,5.0,9.9,1.5,274,20,0,29.84,-0.0,,,,,,,,,
MANH,2017-08-21 00:30:00 EDT,40.76754,-73.96449,311,76.6,,76.6,53.6,58.5,0.000,0.000,0.00,0.000,6.4,10.5,2.1,272,16,6.7,14.4,2.5,271,16,6.4,10.5,2.1,272,16,0,29.84,0.0,,,,,,,,,
MANH,2017-08-21 00:35:00 EDT,40.76754,-73.96449,311,76.5,,76.5,53.6,58.4,0.000,0.000,0.00,0.000,4.2,7.5,1.4,286,24,4.5,8.2,1.6,288,25,4.2,7.5,1.4,286,24,0,29.83,0.0,,,,,,,,,
MANH,2017-08-21 00:40:00 EDT,40.76754,-73.96449,311,76.1,,76.1,54.6,58.6,0.000,0.000,0.00,0.000,4.5,7.0,1.0,289,20,4.7,7.9,1.1,289,20,4.5,7.0,1.0,289,20,0,29.83,-0.0,,,,,,,,,
MANH,2017-08-21 00:45:00 EDT,40.76754,-73.96449,311,76.1,,76.1,54.8,58.7,0.000,0.000,0.00,0.000,5.0,8.2,1.5,262,19,5.3,9.6,1.7,261,20,5.0,8.2,1.5,262,19,0,29.83,0.0,,,,,,,,,
MANH,2017-08-21 00:50:00 EDT,40.76754,-73.96449,311,75.9,,75.9,55.1,58.6,0.000,0.000,0.00,0.000,3.2,5.3,1.0,278,16,3.3,5.6,1.2,279,18,3.2,5.3,1.0,278,16,0,29.84,-0.0,,,,,,,,,
MANH,2017-08-21 00:55:00 EDT,40.76754,-73.96449,311,75.8,,75.8,55.1,58.6,0.000,0.000,0.00,0.000,3.4,6.6,1.1,282,24,3.5,6.1,1.2,284,25,3.4,6.6,1.1,282,24,0,29.83,0.1,,,,,,,,,
MANH,2017-08-21 01:00:00 EDT,40.76754,-73.96449,311,75.9,,75.9,55.0,58.6,0.000,0.000,0.00,0.000,4.4,7.2,1.4,254,21,4.5,7.6,1.4,255,23,4.4,7.2,1.4,254,21,0,29.83,0.1,,,,,,,,,
MANH,2017-08-21 01:05:00 EDT,40.76754,-73.96449,311,75.9,,75.9,55.1,58.6,0.000,0.000,0.00,0.000,4.1,7.8,1.4,280,18,4.4,8.9,1.5,282,19,4.1,7.8,1.4,280,18,0,29.83,0.0,,,,,,,,,
MANH,2017-08-21 01:10:00 EDT,40.76754,-73.96449,311,76.2,,76.2,54.9,58.8,0.000,0.000,0.00,0.000,4.4,9.9,2.0,284,21,4.6,10.8,2.2,284,22,4.4,9.9,2.0,284,21,0,29.84,-0.0,,,,,,,,,
MANH,2017-08-21 01:15:00 EDT,40.76754,-73.96449,311,76.2,,76.2,54.2,58.4,0.000,0.000,0.00,0.000,5.2,7.5,0.8,281,10,5.4,7.8,1.0,281,10,5.2,7.5,0.8,281,10,0,29.84,-0.0,,,,,,,,,
MANH,2017-08-21 01:20:00 EDT,40.76754,-73.96449,311,76.0,,76.0,54.4,58.4,0.000,0.000,0.00,0.000,4.0,7.0,1.3,282,16,4.1,7.4,1.5,283,18,4.0,7.0,1.3,282,16,0,29.83,0.0,,,,,,,,,
MANH,2017-08-21 01:25:00 EDT,40.76754,-73.96449,311,76.1,,76.1,54.4,58.5,0.000,0.000,0.00,0.000,3.7,6.1,1.1,288,15,3.8,6.7,1.3,289,15,3.7,6.1,1.1,288,15,0,29.84,0.0,,,,,,,,,
MANH,2017-08-21 01:30:00 EDT,40.76754,-73.96449,311,76.2,,76.2,53.7,58.2,0.000,0.000,0.00,0.000,4.0,5.6,1.1,284,14,4.1,6.9,1.3,285,14,4.0,5.6,1.1,284,14,0,29.84,-0.0,,,,,,,,,
MANH,2017-08-21 01:35:00 EDT,40.76754,-73.96449,311,76.1,,76.1,53.7,58.1,0.000,0.000,0.00,0.000,3.2,4.8,0.8,278,12,3.1,5.3,0.9,278,13,3.2,4.8,0.8,278,12,0,29.84,0.0,,,,,,,,,
MANH,2017-08-21 01:40:00 EDT,40.76754,-73.96449,311,76.0,,76.0,54.0,58.2,0.000,0.000,0.00,0.000,2.8,4.6,1.0,279,15,2.9,5.0,1.0,279,18,2.8,4.6,1.0,279,15,0,29.84,0.0,,,,,,,,,
MANH,2017-08-21 01:45:00 EDT,40.76754,-73.96449,311,76.1,,76.1,54.1,58.3,0.000,0.000,0.00,0.000,3.0,6.3,1.3,291,15,3.0,7.0,1.5,293,18,3.0,6.3,1.3,291,15,0,29.84,0.0,,,,,,,,,
MANH,2017-08-21 01:50:00 EDT,40.76754,-73.96449,311,76.1,,76.1,54.3,58.4,0.000,0.000,0.00,0.000,2.5,4.1,0.8,294,17,2.5,4.4,0.9,296,16,2.5,4.1,0.8,294,17,0,29.84,0.0,,,,,,,,,
MANH,2017-08-21 01:55:00 EDT,40.76754,-73.96449,311,76.3,,76.3,53.8,58.4,0.000,0.000,0.00,0.000,1.9,3.4,0.6,294,26,1.9,3.6,0.7,299,30,1.9,3.4,0.6,294,26,0,29.84,-0.0,,,,,,,,,
MANH,2017-08-21 02:00:00 EDT,40.76754,-73.96449,311,76.5,,76.5,53.6,58.4,0.000,0.000,0.00,0.000,3.0,5.6,1.3,274,23,3.2,7.5,1.5,276,24,3.0,5.6,1.3,274,23,0,29.84,-0.1,,,,,,,,,
MANH,2017-08-21 02:05:00 EDT,40.76754,-73.96449,311,76.2,,76.2,53.3,57.9,0.000,0.000,0.00,0.000,2.4,3.7,0.7,304,16,2.4,4.6,0.8,310,17,2.4,3.7,0.7,304,16,0,29.84,-0.0,,,,,,,,,
MANH,2017-08-21 02:10:00 EDT,40.76754,-73.96449,311,76.0,,76.0,54.2,58.3,0.000,0.000,0.00,0.000,2.6,3.8,0.5,300,13,2.6,4.2,0.6,304,14,2.6,3.8,0.5,300,13,0,29.84,0.0,,,,,,,,,
MANH,2017-08-21 02:15:00 EDT,40.76754,-73.96449,311,75.8,,75.8,54.3,58.1,0.000,0.000,0.00,0.000,2.6,3.7,0.5,297,16,2.6,4.1,0.6,301,18,2.6,3.7,0.5,297,16,0,29.84,0.0,,,,,,,,,
MANH,2017-08-21 02:20:00 EDT,40.76754,-73.96449,311,75.9,,75.9,55.2,58.7,0.000,0.000,0.00,0.000,3.7,7.1,1.2,294,15,3.8,7.5,1.4,297,15,3.7,7.1,1.2,294,15,0,29.83,-0.0,,,,,,,,,
MANH,2017-08-21 02:25:00 EDT,40.76754,-73.96449,311,75.9,,75.9,55.6,58.8,0.000,0.000,0.00,0.000,3.7,6.4,1.5,285,15,3.7,7.1,1.6,286,16,3.7,6.4,1.5,285,15,0,29.83,0.0,,,,,,,,,
MANH,2017-08-21 02:30:00 EDT,40.76754,-73.96449,311,75.8,,75.8,56.3,59.2,0.000,0.000,0.00,0.000,4.0,7.0,1.8,281,12,4.0,8.3,1.9,281,14,4.0,7.0,1.8,281,12,0,29.83,0.0,,,,,,,,,
MANH,2017-08-21 02:35:00 EDT,40.76754,-73.96449,311,75.8,,75.8,56.7,59.3,0.000,0.000,0.00,0.000,4.7,6.9,1.0,281,10,4.8,7.2,1.2,281,10,4.7,6.9,1.0,281,10,0,29.83,-0.0,,,,,,,,,
MANH,2017-08-21 02:40:00 EDT,40.76754,-73.96449,311,75.8,,75.8,57.3,59.6,0.000,0.000,0.00,0.000,5.6,7.6,1.0,282,11,5.8,8.7,1.2,283,11,5.6,7.6,1.0,282,11,0,29.83,0.0,,,,,,,,,
MANH,2017-08-21 02:45:00 EDT,40.76754,-73.96449,311,75.7,,75.7,57.8,59.8,0.000,0.000,0.00,0.000,5.4,10.1,1.8,290,15,5.6,10.8,1.9,291,15,5.4,10.1,1.8,290,15,0,29.83,0.0,,,,,,,,,
MANH,2017-08-21 02:50:00 EDT,40.76754,-73.96449,311,75.6,,75.6,58.8,60.1,0.000,0.000,0.00,0.000,5.8,9.9,1.7,285,18,6.1,10.3,1.8,284,16,5.8,9.9,1.7,285,18,0,29.83,-0.0,,,,,,,,,
MANH,2017-08-21 02:55:00 EDT,40.76754,-73.96449,311,75.3,,75.3,59.2,60.1,0.000,0.000,0.00,0.000,5.1,7.7,1.6,277,13,5.3,7.9,1.7,276,13,5.1,7.7,1.6,277,13,0,29.83,-0.0,,,,,,,,,
MANH,2017-08-21 03:00:00 EDT,40.76754,-73.96449,311,75.2,,75.2,59.7,60.2,0.000,0.000,0.00,0.000,4.7,8.8,1.7,283,16,4.9,11.1,1.8,284,18,4.7,8.8,1.7,283,16,0,29.83,-0.0,,,,,,,,,
MANH,2017-08-21 03:05:00 EDT,40.76754,-73.96449,311,74.9,,74.9,59.9,60.0,0.000,0.000,0.00,0.000,3.7,6.1,1.5,278,22,3.8,6.6,1.5,279,22,3.7,6.1,1.5,278,22,0,29.83,0.0,,,,,,,,,
MANH,2017-08-21 03:10:00 EDT,40.76754,-73.96449,311,75.0,,75.0,60.8,60.5,0.000,0.000,0.00,0.000,4.4,6.7,1.5,288,14,4.7,7.3,1.6,288,15,4.4,6.7,1.5,288,14,0,29.83,-0.0,,,,,,,,,
MANH,2017-08-21 03:15:00 EDT,40.76754,-73.96449,311,74.9,,74.9,60.7,60.4,0.000,0.000,0.00,0.000,4.9,6.9,1.1,286,15,5.1,7.4,1.3,286,15,4.9,6.9,1.1,286,15,0,29.83,0.0,,,,,,,,,
MANH,2017-08-21 03:20:00 EDT,40.76754,-73.96449,311,75.0,,75.0,61.0,60.6,0.000,0.000,0.00,0.000,5.2,8.6,1.3,289,14,5.4,9.0,1.5,288,14,5.2,8.6,1.3,289,14,0,29.83,0.0,,,,,,,,,
MANH,2017-08-21 03:25:00 EDT,40.76754,-73.96449,311,74.8,,74.8,61.1,60.5,0.000,0.000,0.00,0.000,4.6,7.5,1.1,291,16,4.7,8.6,1.3,293,17,4.6,7.5,1.1,291,16,0,29.83,0.0,,,,,,,,,
MANH,2017-08-21 03:30:00 EDT,40.76754,-73.96449,311,74.8,,74.8,61.1,60.5,0.000,0.000,0.00,0.000,4.8,7.2,1.2,293,13,5.0,8.2,1.4,293,10,4.8,7.2,1.2,293,13,0,29.83,-0.0,,,,,,,,,
MANH,2017-08-21 03:35:00 EDT,40.76754,-73.96449,311,74.7,,74.7,61.1,60.4,0.000,0.000,0.00,0.000,4.5,6.9,1.3,294,14,4.7,7.7,1.4,296,13,4.5,6.9,1.3,294,14,0,29.83,-0.0,,,,,,,,,
MANH,2017-08-21 03:40:00 EDT,40.76754,-73.96449,311,74.6,,74.6,61.1,60.4,0.000,0.000,0.00,0.000,4.0,6.2,1.3,294,15,4.1,6.8,1.4,296,16,4.0,6.2,1.3,294,15,0,29.83,-0.0,,,,,,,,,
MANH,2017-08-21 03:45:00 EDT,40.76754,-73.96449,311,74.4,,74.4,61.1,60.2,0.000,0.000,0.00,0.000,4.3,6.1,0.6,304,13,4.5,6.3,0.8,305,12,4.3,6.1,0.6,304,13,0,29.83,-0.0,,,,,,,,,
MANH,2017-08-21 03:50:00 EDT,40.76754,-73.96449,311,74.5,,74.5,61.5,60.4,0.000,0.000,0.00,0.000,4.7,7.7,1.0,301,12,4.9,8.6,1.2,303,12,4.7,7.7,1.0,301,12,0,29.83,0.0,,,,,,,,,
MANH,2017-08-21 03:55:00 EDT,40.76754,-73.96449,311,74.4,,74.4,61.3,60.2,0.000,0.000,0.00,0.000,4.1,5.8,0.8,299,12,4.2,6.4,1.0,300,12,4.1,5.8,0.8,299,12,0,29.83,0.0,,,,,,,,,
MANH,2017-08-21 04:00:00 EDT,40.76754,-73.96449,311,74.5,,74.5,62.1,60.7,0.000,0.000,0.00,0.000,4.2,7.9,1.8,290,18,4.4,9.4,2.0,289,19,4.2,7.9,1.8,290,18,0,29.83,0.0,,,,,,,,,
MANH,2017-08-21 04:05:00 EDT,40.76754,-73.96449,311,74.4,,74.4,61.7,60.4,0.000,0.000,0.00,0.000,4.7,7.4,1.4,300,12,4.9,8.2,1.6,301,11,4.7,7.4,1.4,300,12,0,29.83,0.0,,,,,,,,,
MANH,2017-08-21 04:10:00 EDT,40.76754,-73.96449,311,74.3,,74.3,62.6,60.7,0.000,0.000,0.00,0.000,4.1,6.4,1.3,298,23,4.2,7.5,1.3,300,26,4.1,6.4,1.3,298,23,0,29.84,0.0,,,,,,,,,
MANH,2017-08-21 04:15:00 EDT,40.76754,-73.96449,311,74.1,,74.1,62.9,60.6,0.000,0.000,0.00,0.000,4.3,9.1,1.6,301,14,4.5,10.5,1.8,301,15,4.3,9.1,1.6,301,14,0,29.84,0.0,,,,,,,,,
MANH,2017-08-21 04:20:00 EDT,40.76754,-73.96449,311,74.3,,74.3,62.7,60.8,0.000,0.000,0.00,0.000,5.7,9.4,2.1,304,17,5.9,9.4,2.3,308,18,5.7,9.4,2.1,304,17,0,29.84,0.0,,,,,,,,,
MANH,2017-08-21 04:25:00 EDT,40.76754,-73.96449,311,74.2,,74.2,62.8,60.7,0.000,0.000,0.00,0.000,6.0,8.3,1.0,304,10,6.2,8.8,1.1,305,10,6.0,8.3,1.0,304,10,0,29.84,0.0,,,,,,,,,
MANH,2017-08-21 04:30:00 EDT,40.76754,-73.96449,311,74.0,,74.0,63.2,60.6,0.000,0.000,0.00,0.000,5.1,7.0,0.7,305,13,5.2,8.0,1.0,306,11,5.1,7.0,0.7,305,13,0,29.84,0.0,,,,,,,,,
MANH,2017-08-21 04:35:00 EDT,40.76754,-73.96449,311,74.0,,74.0,63.3,60.7,0.000,0.000,0.00,0.000,4.3,8.1,1.8,311,12,4.3,9.3,1.9,313,12,4.3,8.1,1.8,311,12,0,29.84,0.0,,,,,,,,,
MANH,2017-08-21 04:40:00 EDT,40.76754,-73.96449,311,73.9,,73.9,63.7,60.8,0.000,0.000,0.00,0.000,3.3,5.7,0.9,303,17,3.3,5.9,1.1,306,15,3.3,5.7,0.9,303,17,0,29.84,-0.0,,,,,,,,,
MANH,2017-08-21 04:45:00 EDT,40.76754,-73.96449,311,73.7,,73.7,64.3,61.0,0.000,0.000,0.00,0.000,2.5,4.2,1.0,303,15,2.4,4.5,1.1,307,14,2.5,4.2,1.0,303,15,0,29.84,-0.0,,,,,,,,,
MANH,2017-08-21 04:50:00 EDT,40.76754,-73.96449,311,73.4,,73.4,64.4,60.7,0.000,0.000,0.00,0.000,2.7,4.1,0.5,300,13,2.5,4.3,0.6,303,15,2.7,4.1,0.5,300,13,0,29.84,0.1,,,,,,,,,
MANH,2017-08-21 04:55:00 EDT,40.76754,-73.96449,311,73.5,,73.5,64.7,60.9,0.000,0.000,0.00,0.000,2.2,3.5,0.6,305,18,2.2,4.0,0.7,310,17,2.2,3.5,0.6,305,18,0,29.84,0.0,,,,,,,,,
MANH,2017-08-21 05:00:00 EDT,40.76754,-73.96449,311,73.6,,73.6,64.5,60.9,0.000,0.000,0.00,0.000,2.4,4.0,0.8,302,17,2.4,4.3,0.9,307,21,2.4,4.0,0.8,302,17,0,29.84,-0.0,,,,,,,,,
MANH,2017-08-21 05:05:00 EDT,40.76754,-73.96449,311,73.4,,73.4,64.3,60.6,0.000,0.000,0.00,0.000,2.4,3.5,0.5,298,11,2.3,4.0,0.7,301,14,2.4,3.5,0.5,298,11,0,29.84,-0.0,,,,,,,,,
MANH,2017-08-21 05:10:00 EDT,40.76754,-73.96449,311,73.5,,73.5,64.6,60.9,0.000,0.000,0.00,0.000,2.5,4.3,1.1,295,15,2.4,4.9,1.2,298,15,2.5,4.3,1.1,295,15,0,29.84,-0.0,,,,,,,,,
MANH,2017-08-21 05:15:00 EDT,40.76754,-73.96449,311,73.5,,73.5,64.4,60.8,0.000,0.000,0.00,0.000,2.2,4.0,1.0,300,13,2.2,4.4,1.0,303,18,2.2,4.0,1.0,300,13,0,29.84,-0.0,,,,,,,,,
MANH,2017-08-21 05:20:00 EDT,40.76754,-73.96449,311,73.5,,73.5,64.1,60.6,0.000,0.000,0.00,0.000,3.1,4.1,0.6,297,11,3.1,4.8,0.7,300,11,3.1,4.1,0.6,297,11,0,29.84,0.0,,,,,,,,,
MANH,2017-08-21 05:25:00 EDT,40.76754,-73.96449,311,73.5,,73.5,64.4,60.8,0.000,0.000,0.00,0.000,2.3,3.9,1.0,290,17,2.3,3.9,0.9,294,23,2.3,3.9,1.0,290,17,0,29.85,0.0,,,,,,,,,
MANH,2017-08-21 05:30:00 EDT,40.76754,-73.96449,311,73.7,,73.7,64.6,61.0,0.000,0.000,0.00,0.000,2.2,4.1,1.1,297,20,2.4,4.5,1.0,304,25,2.2,4.1,1.1,297,20,0,29.85,-0.0,,,,,,,,,
MANH,2017-08-21 05:35:00 EDT,40.76754,-73.96449,311,73.6,,73.6,64.5,60.9,0.000,0.000,0.00,0.000,2.7,3.9,0.6,289,10,2.6,4.4,0.7,290,11,2.7,3.9,0.6,289,10,0,29.85,0.0,,,,,,,,,
MANH,2017-08-21 05:40:00 EDT,40.76754,-73.96449,311,73.6,,73.6,64.4,60.9,0.000,0.000,0.00,0.000,2.6,4.4,0.8,293,14,2.5,4.4,0.9,296,16,2.6,4.4,0.8,293,14,0,29.85,0.0,,,,,,,,,
MANH,2017-08-21 05:45:00 EDT,40.76754,-73.96449,311,73.6,,73.6,64.1,60.7,0.000,0.000,0.00,0.000,3.8,6.5,1.0,296,17,3.9,7.4,1.3,298,17,3.8,6.5,1.0,296,17,0,29.85,0.1,,,,,,,,,
MANH,2017-08-21 05:50:00 EDT,40.76754,-73.96449,311,73.9,,73.9,64.2,61.0,0.000,0.000,0.00,0.000,4.0,5.7,0.9,285,17,4.1,6.0,1.0,286,19,4.0,5.7,0.9,285,17,0,29.85,0.0,,,,,,,,,
MANH,2017-08-21 05:55:00 EDT,40.76754,-73.96449,311,73.9,,73.9,64.5,61.2,0.000,0.000,0.00,0.000,4.4,6.4,0.9,280,10,4.5,7.1,1.1,280,11,4.4,6.4,0.9,280,10,0,29.85,-0.0,,,,,,,,,
MANH,2017-08-21 06:00:00 EDT,40.76754,-73.96449,311,74.0,,74.0,64.2,61.1,0.000,0.000,0.00,0.000,3.8,7.2,1.2,289,12,4.0,7.9,1.3,291,14,3.8,7.2,1.2,289,12,1,29.86,0.0,,,,,,,,,
MANH,2017-08-21 06:05:00 EDT,40.76754,-73.96449,311,74.2,,74.2,63.3,60.9,0.000,0.000,0.00,0.000,4.2,8.3,1.9,280,24,4.3,9.3,2.1,278,25,4.2,8.3,1.9,280,24,2,29.86,0.0,,,,,,,,,
MANH,2017-08-21 06:10:00 EDT,40.76754,-73.96449,311,74.5,,74.5,62.4,60.8,0.000,0.000,0.00,0.000,4.9,9.6,2.2,283,17,5.1,10.2,2.4,282,16,4.9,9.6,2.2,283,17,3,29.86,0.1,,,,,,,,,
MANH,2017-08-21 06:15:00 EDT,40.76754,-73.96449,311,74.6,,74.6,61.7,60.6,0.000,0.000,0.00,0.000,4.8,6.5,1.1,287,13,4.9,7.1,1.1,288,14,4.8,6.5,1.1,287,13,4,29.86,-0.0,,,,,,,,,
MANH,2017-08-21 06:20:00 EDT,40.76754,-73.96449,311,74.5,,74.5,62.3,60.8,0.000,0.000,0.00,0.000,5.6,10.6,2.0,289,15,5.9,11.3,2.2,290,16,5.6,10.6,2.0,289,15,6,29.86,0.0,,,,,,,,,
MANH,2017-08-21 06:25:00 EDT,40.76754,-73.96449,311,74.6,,74.6,62.2,60.9,0.000,0.000,0.00,0.000,5.9,9.4,1.5,287,14,6.1,10.2,1.7,285,14,5.9,9.4,1.5,287,14,12,29.86,0.0,,,,,,,,,
MANH,2017-08-21 06:30:00 EDT,40.76754,-73.96449,311,74.6,,74.6,62.0,60.7,0.000,0.000,0.00,0.000,6.3,10.2,1.5,281,12,6.6,10.5,1.6,281,12,6.3,10.2,1.5,281,12,17,29.86,0.0,,,,,,,,,
MANH,2017-08-21 06:35:00 EDT,40.76754,-73.96449,311,74.6,,74.6,61.3,60.5,0.000,0.000,0.00,0.000,6.4,9.1,1.2,277,11,6.7,10.2,1.4,276,12,6.4,9.1,1.2,277,11,23,29.86,0.1,,,,,,,,,
MANH,2017-08-21 06:40:00 EDT,40.76754,-73.96449,311,74.7,,74.7,61.1,60.4,0.000,0.000,0.00,0.000,5.8,9.6,2.1,284,13,6.1,10.5,2.4,283,15,5.8,9.6,2.1,284,13,28,29.86,-0.0,,,,,,,,,
MANH,2017-08-21 06:45:00 EDT,40.76754,-73.96449,311,74.6,,74.6,61.2,60.3,0.000,0.000,0.00,0.000,5.7,9.5,1.8,285,16,6.1,10.2,2.0,286,15,5.7,9.5,1.8,285,16,33,29.86,0.0,,,,,,,,,
MANH,2017-08-21 06:50:00 EDT,40.76754,-73.96449,311,74.2,,74.2,62.2,60.5,0.000,0.000,0.00,0.000,5.4,7.7,1.5,279,13,5.6,9.3,1.7,281,14,5.4,7.7,1.5,279,13,36,29.86,0.0,,,,,,,,,
MANH,2017-08-21 06:55:00 EDT,40.76754,-73.96449,311,74.2,,74.2,62.6,60.6,0.000,0.000,0.00,0.000,5.8,7.7,1.2,277,15,6.0,8.8,1.3,276,14,5.8,7.7,1.2,277,15,41,29.86,0.0,,,,,,,,,
MANH,2017-08-21 07:00:00 EDT,40.76754,-73.96449,311,74.2,,74.2,62.7,60.6,0.000,0.000,0.00,0.000,5.2,8.8,1.9,279,19,5.6,9.7,2.0,278,17,5.2,8.8,1.9,279,19,80,29.86,0.0,,,,,,,,,
MANH,2017-08-21 07:05:00 EDT,40.76754,-73.96449,311,74.2,,74.2,62.7,60.7,0.000,0.000,0.00,0.000,6.9,10.4,2.0,280,11,7.3,11.8,2.2,278,10,6.9,10.4,2.0,280,11,87,29.86,0.0,,,,,,,,,
MANH,2017-08-21 07:10:00 EDT,40.76754,-73.96449,311,74.6,,74.6,62.0,60.7,0.000,0.000,0.00,0.000,6.4,8.7,1.3,279,12,6.7,9.3,1.5,280,12,6.4,8.7,1.3,279,12,103,29.86,0.0,,,,,,,,,
MANH,2017-08-21 07:15:00 EDT,40.76754,-73.96449,311,74.7,,74.7,61.1,60.5,0.000,0.000,0.00,0.000,7.0,9.6,1.2,275,9,7.4,10.2,1.4,274,10,7.0,9.6,1.2,275,9,125,29.87,-0.0,,,,,,,,,
MANH,2017-08-21 07:20:00 EDT,40.76754,-73.96449,311,74.8,,74.8,60.9,60.4,0.000,0.000,0.00,0.000,5.3,9.4,1.7,270,13,5.6,10.0,1.8,270,15,5.3,9.4,1.7,270,13,133,29.87,0.0,,,,,,,,,
MANH,2017-08-21 07:25:00 EDT,40.76754,-73.96449,311,75.1,,75.1,59.7,60.1,0.000,0.000,0.00,0.000,5.2,7.2,0.9,268,15,5.4,7.9,1.0,267,15,5.2,7.2,0.9,268,15,146,29.87,0.0,,,,,,,,,
MANH,2017-08-21 07:30:00 EDT,40.76754,-73.96449,311,75.5,,75.5,58.9,60.1,0.000,0.000,0.00,0.000,7.1,10.3,1.0,266,12,7.3,11.1,1.3,266,13,7.1,10.3,1.0,266,12,160,29.87,0.1,,,,,,,,,
MANH,2017-08-21 07:35:00 EDT,40.76754,-73.96449,311,75.8,,75.8,58.0,60.0,0.000,0.000,0.00,0.000,8.0,11.3,1.6,262,15,8.4,13.0,1.9,261,15,8.0,11.3,1.6,262,15,148,29.87,0.0,,,,,,,,,
MANH,2017-08-21 07:40:00 EDT,40.76754,-73.96449,311,75.7,,75.7,58.8,60.3,0.000,0.000,0.00,0.000,4.2,6.6,1.0,273,21,4.3,7.0,1.2,274,20,4.2,6.6,1.0,273,21,174,29.87,0.0,,,,,,,,,
MANH,2017-08-21 07:45:00 EDT,40.76754,-73.96449,311,75.7,,75.7,58.7,60.2,0.000,0.000,0.00,0.000,3.7,8.7,2.2,280,25,4.1,10.1,2.1,283,26,3.7,8.7,2.2,280,25,184,29.87,0.0,,,,,,,,,
MANH,2017-08-21 07:50:00 EDT,40.76754,-73.96449,311,75.9,,75.9,57.8,60.0,0.000,0.000,0.00,0.000,4.8,9.8,2.5,271,29,5.2,9.9,2.6,273,31,4.8,9.8,2.5,271,29,209,29.87,0.0,,,,,,,,,
MANH,2017-08-21 07:55:00 EDT,40.76754,-73.96449,311,76.1,,76.1,57.1,59.8,0.000,0.000,0.00,0.000,7.4,15.4,2.9,275,24,7.9,17.1,3.2,274,21,7.4,15.4,2.9,275,24,228,29.87,0.0,,,,,,,,,
MANH,2017-08-21 08:00:00 EDT,40.76754,-73.96449,311,76.2,,76.2,57.1,59.9,0.000,0.000,0.00,0.000,6.7,10.2,1.9,284,18,7.2,11.5,2.2,283,17,6.7,10.2,1.9,284,18,186,29.87,-0.0,,,,,,,,,
MANH,2017-08-21 08:05:00 EDT,40.76754,-73.96449,311,76.0,,76.0,58.0,60.1,0.000,0.000,0.00,0.000,6.4,11.2,2.0,272,18,6.7,12.0,2.2,271,18,6.4,11.2,2.0,272,18,85,29.87,0.1,,,,,,,,,
MANH,2017-08-21 08:10:00 EDT,40.76754,-73.96449,311,75.8,,75.8,58.8,60.3,0.000,0.000,0.00,0.000,6.2,8.8,1.6,277,13,6.4,9.6,1.9,275,13,6.2,8.8,1.6,277,13,91,29.87,0.0,,,,,,,,,
MANH,2017-08-21 08:15:00 EDT,40.76754,-73.96449,311,75.8,,75.8,59.2,60.5,0.000,0.000,0.00,0.000,7.1,10.3,1.6,275,16,7.5,11.2,1.8,274,15,7.1,10.3,1.6,275,16,97,29.87,0.0,,,,,,,,,
MANH,2017-08-21 08:20:00 EDT,40.76754,-73.96449,311,75.7,,75.7,59.2,60.5,0.000,0.000,0.00,0.000,7.0,11.5,2.6,276,15,7.5,12.9,2.9,276,14,7.0,11.5,2.6,276,15,96,29.87,0.0,,,,,,,,,
MANH,2017-08-21 08:25:00 EDT,40.76754,-73.96449,311,75.8,,75.8,59.0,60.4,0.000,0.000,0.00,0.000,8.3,12.4,2.7,278,18,8.8,13.5,2.9,277,16,8.3,12.4,2.7,278,18,125,29.87,0.0,,,,,,,,,
MANH,2017-08-21 08:30:00 EDT,40.76754,-73.96449,311,76.0,,76.0,58.5,60.4,0.000,0.000,0.00,0.000,8.1,12.1,2.1,274,10,8.6,13.6,2.3,273,9,8.1,12.1,2.1,274,10,327,29.87,0.0,,,,,,,,,
MANH,2017-08-21 08:35:00 EDT,40.76754,-73.96449,311,76.3,,76.3,58.0,60.4,0.000,0.000,0.00,0.000,7.2,10.5,1.8,274,11,7.5,12.4,2.1,273,11,7.2,10.5,1.8,274,11,386,29.87,0.0,,,,,,,,,
MANH,2017-08-21 08:40:00 EDT,40.76754,-73.96449,311,76.6,,76.6,57.0,60.2,0.000,0.000,0.00,0.000,7.2,10.8,1.6,283,20,7.6,11.4,1.8,282,19,7.2,10.8,1.6,283,20,363,29.87,0.1,,,,,,,,,
MANH,2017-08-21 08:45:00 EDT,40.76754,-73.96449,311,76.9,,76.9,56.4,60.2,0.000,0.000,0.00,0.000,7.0,11.8,2.0,271,22,7.5,13.1,2.2,273,21,7.0,11.8,2.0,271,22,340,29.87,0.0,,,,,,,,,
MANH,2017-08-21 08:50:00 EDT,40.76754,-73.96449,311,77.0,,77.0,56.5,60.3,0.000,0.000,0.00,0.000,8.5,14.6,2.8,266,21,9.0,15.8,3.1,267,20,8.5,14.6,2.8,266,21,394,29.87,0.0,,,,,,,,,
MANH,2017-08-21 08:55:00 EDT,40.76754,-73.96449,311,77.3,,77.3,55.9,60.3,0.000,0.000,0.00,0.000,5.7,11.3,2.6,280,26,6.3,12.2,2.6,280,25,5.7,11.3,2.6,280,26,408,29.87,0.0,,,,,,,,,
MANH,2017-08-21 09:00:00 EDT,40.76754,-73.96449,311,77.3,,77.3,56.1,60.5,0.000,0.000,0.00,0.000,7.7,11.8,2.0,280,17,8.3,13.0,2.2,278,16,7.7,11.8,2.0,280,17,397,29.87,0.0,,,,,,,,,
MANH,2017-08-21 09:05:00 EDT,40.76754,-73.96449,311,77.5,,77.5,56.3,60.7,0.000,0.000,0.00,0.000,6.7,12.1,2.4,271,14,7.1,13.8,2.8,271,15,6.7,12.1,2.4,271,14,443,29.87,0.1,,,,,,,,,
MANH,2017-08-21 09:10:00 EDT,40.76754,-73.96449,311,77.8,,77.8,56.2,61.0,0.000,0.000,0.00,0.000,6.3,8.7,1.4,274,19,6.7,9.9,1.7,273,18,6.3,8.7,1.4,274,19,378,29.87,0.0,,,,,,,,,
MANH,2017-08-21 09:15:00 EDT,40.76754,-73.96449,311,77.8,,77.8,55.3,60.5,0.000,0.000,0.00,0.000,6.0,9.3,1.4,272,20,6.2,9.5,1.5,272,19,6.0,9.3,1.4,272,20,418,29.87,0.1,,,,,,,,,
MANH,2017-08-21 09:20:00 EDT,40.76754,-73.96449,311,78.0,,78.0,55.0,60.6,0.000,0.000,0.00,0.000,5.8,9.9,2.8,274,14,6.2,11.5,2.9,276,18,5.8,9.9,2.8,274,14,495,29.87,0.0,,,,,,,,,
MANH,2017-08-21 09:25:00 EDT,40.76754,-73.96449,311,78.4,,78.4,53.8,60.3,0.000,0.000,0.00,0.000,7.1,11.3,2.8,270,18,7.5,13.1,3.1,269,18,7.1,11.3,2.8,270,18,471,29.87,0.0,,,,,,,,,
MANH,2017-08-21 09:30:00 EDT,40.76754,-73.96449,311,78.5,,78.5,54.2,60.6,0.000,0.000,0.00,0.000,4.0,9.1,2.2,303,30,4.4,10.3,2.4,305,30,4.0,9.1,2.2,303,30,474,29.86,0.1,,,,,,,,,
MANH,2017-08-21 09:35:00 EDT,40.76754,-73.96449,311,78.4,,78.4,54.8,60.9,0.000,0.000,0.00,0.000,5.1,12.1,2.6,284,15,5.4,12.9,2.9,283,17,5.1,12.1,2.6,284,15,474,29.86,0.0,,,,,,,,,
MANH,2017-08-21 09:40:00 EDT,40.76754,-73.96449,311,78.9,,78.9,53.5,60.7,0.000,0.000,0.00,0.000,7.7,12.9,2.3,259,15,8.1,14.8,2.8,258,15,7.7,12.9,2.3,259,15,562,29.86,0.0,,,,,,,,,
MANH,2017-08-21 09:45:00 EDT,40.76754,-73.96449,311,79.0,,79.0,52.9,60.3,0.000,0.000,0.00,0.000,6.9,12.9,2.9,275,21,7.3,14.7,3.2,273,22,6.9,12.9,2.9,275,21,618,29.87,0.1,,,,,,,,,
MANH,2017-08-21 09:50:00 EDT,40.76754,-73.96449,311,79.3,,79.3,51.6,59.9,0.000,0.000,0.00,0.000,8.2,15.6,3.1,257,14,8.8,16.4,3.2,258,14,8.2,15.6,3.1,257,14,660,29.86,-0.0,,,,,,,,,
MANH,2017-08-21 09:55:00 EDT,40.76754,-73.96449,311,79.4,,79.4,52.0,60.3,0.000,0.000,0.00,0.000,5.2,8.9,2.2,272,41,5.7,10.3,2.3,273,40,5.2,8.9,2.2,272,41,375,29.86,-0.0,,,,,,,,,
MANH,2017-08-21 10:00:00 EDT,40.76754,-73.96449,311,79.1,,79.1,53.6,60.9,0.000,0.000,0.00,0.000,9.2,12.9,2.3,268,17,9.9,14.1,2.5,268,15,9.2,12.9,2.3,268,17,251,29.86,0.0,,,,,,,,,
MANH,2017-08-21 10:05:00 EDT,40.76754,-73.96449,311,78.8,,78.8,53.8,60.6,0.000,0.000,0.00,0.000,9.0,13.2,2.3,274,15,9.7,16.4,2.6,273,15,9.0,13.2,2.3,274,15,259,29.86,-0.0,,,,,,,,,
MANH,2017-08-21 10:10:00 EDT,40.76754,-73.96449,311,78.9,,78.9,54.1,60.9,0.000,0.000,0.00,0.000,5.7,12.1,3.5,278,27,6.0,13.8,3.7,277,32,5.7,12.1,3.5,278,27,313,29.86,0.1,,,,,,,,,
MANH,2017-08-21 10:15:00 EDT,40.76754,-73.96449,311,79.1,,79.1,53.4,60.7,0.000,0.000,0.00,0.000,7.8,12.5,2.4,263,17,8.3,13.5,2.7,263,15,7.8,12.5,2.4,263,17,484,29.86,0.0,,,,,,,,,
MANH,2017-08-21 10:20:00 EDT,40.76754,-73.96449,311,79.6,,79.6,52.5,60.7,0.000,0.000,0.00,0.000,3.8,11.0,2.5,280,29,4.2,13.0,2.6,283,34,3.8,11.0,2.5,280,29,588,29.86,0.0,,,,,,,,,
MANH,2017-08-21 10:25:00 EDT,40.76754,-73.96449,311,79.8,,79.8,51.7,60.4,0.000,0.000,0.00,0.000,6.5,11.5,2.4,287,18,7.0,11.9,2.4,287,19,6.5,11.5,2.4,287,18,632,29.86,0.1,,,,,,,,,
MANH,2017-08-21 10:30:00 EDT,40.76754,-73.96449,311,80.3,,81.2,51.2,60.6,0.000,0.000,0.00,0.000,6.7,11.3,2.6,257,15,6.9,11.6,3.0,257,14,6.7,11.3,2.6,257,15,634,29.86,0.0,,,,,,,,,
MANH,2017-08-21 10:35:00 EDT,40.76754,-73.96449,311,80.3,,81.2,50.8,60.4,0.000,0.000,0.00,0.000,6.6,12.1,2.5,254,32,6.9,12.7,2.6,254,33,6.6,12.1,2.5,254,32,698,29.87,0.1,,,,,,,,,
MANH,2017-08-21 10:40:00 EDT,40.76754,-73.96449,311,80.6,,81.4,50.5,60.5,0.000,0.000,0.00,0.000,3.3,8.9,2.5,298,39,3.9,12.1,2.8,305,41,3.3,8.9,2.5,298,39,727,29.87,0.1,,,,,,,,,
MANH,2017-08-21 10:45:00 EDT,40.76754,-73.96449,311,80.6,,81.4,50.9,60.7,0.000,0.000,0.00,0.000,8.6,13.5,2.5,254,18,9.0,14.5,2.8,255,16,8.6,13.5,2.5,254,18,732,29.87,0.1,,,,,,,,,
MANH,2017-08-21 10:50:00 EDT,40.76754,-73.96449,311,81.1,,81.8,50.0,60.7,0.000,0.000,0.00,0.000,4.2,8.9,1.9,238,34,4.7,10.0,2.0,237,36,4.2,8.9,1.9,238,34,743,29.87,0.1,,,,,,,,,
MANH,2017-08-21 10:55:00 EDT,40.76754,-73.96449,311,81.8,,82.4,48.9,60.7,0.000,0.000,0.00,0.000,3.4,8.7,1.8,246,26,3.5,9.0,1.6,243,31,3.4,8.7,1.8,246,26,742,29.87,-0.0,,,,,,,,,
MANH,2017-08-21 11:00:00 EDT,40.76754,-73.96449,311,82.1,,82.5,47.6,60.2,0.000,0.000,0.00,0.000,6.2,12.6,3.1,256,22,6.5,14.4,3.3,257,25,6.2,12.6,3.1,256,22,738,29.87,-0.1,,,,,,,,,
MANH,2017-08-21 11:05:00 EDT,40.76754,-73.96449,311,81.9,,82.2,47.3,59.8,0.000,0.000,0.00,0.000,7.1,14.5,3.1,284,27,7.6,17.4,3.4,284,25,7.1,14.5,3.1,284,27,733,29.87,0.1,,,,,,,,,
MANH,2017-08-21 11:10:00 EDT,40.76754,-73.96449,311,81.8,,82.2,47.4,59.8,0.000,0.000,0.00,0.000,10.4,17.2,2.9,275,16,11.2,18.8,3.3,274,16,10.4,17.2,2.9,275,16,707,29.87,-0.0,,,,,,,,,
MANH,2017-08-21 11:15:00 EDT,40.76754,-73.96449,311,81.5,,81.9,47.6,59.6,0.000,0.000,0.00,0.000,9.2,14.2,3.5,270,16,9.8,15.8,4.1,270,13,9.2,14.2,3.5,270,16,757,29.87,0.0,,,,,,,,,
MANH,2017-08-21 11:20:00 EDT,40.76754,-73.96449,311,81.8,,82.1,46.6,59.4,0.000,0.000,0.00,0.000,6.6,12.9,3.1,250,27,6.8,13.7,3.4,252,25,6.6,12.9,3.1,250,27,760,29.87,-0.0,,,,,,,,,
MANH,2017-08-21 11:25:00 EDT,40.76754,-73.96449,311,82.3,,82.4,45.6,59.2,0.000,0.000,0.00,0.000,9.7,14.0,3.1,260,12,10.2,15.6,3.5,260,11,9.7,14.0,3.1,260,12,789,29.86,0.0,,,,,,,,,
MANH,2017-08-21 11:30:00 EDT,40.76754,-73.96449,311,81.9,,82.0,44.9,58.4,0.000,0.000,0.00,0.000,9.3,12.8,1.9,259,14,9.6,14.1,2.3,259,12,9.3,12.8,1.9,259,14,793,29.86,0.0,,,,,,,,,
MANH,2017-08-21 11:35:00 EDT,40.76754,-73.96449,311,82.0,,82.0,44.8,58.4,0.000,0.000,0.00,0.000,7.1,16.1,3.2,265,31,7.4,16.9,3.4,266,29,7.1,16.1,3.2,265,31,793,29.86,0.1,,,,,,,,,
MANH,2017-08-21 11:40:00 EDT,40.76754,-73.96449,311,82.1,,82.2,45.5,59.0,0.000,0.000,0.00,0.000,9.9,15.3,3.1,273,11,10.6,17.0,3.5,272,11,9.9,15.3,3.1,273,11,610,29.86,0.0,,,,,,,,,
MANH,2017-08-21 11:45:00 EDT,40.76754,-73.96449,311,81.9,,82.1,46.5,59.3,0.000,0.000,0.00,0.000,5.8,8.9,1.8,270,27,6.4,10.3,2.1,273,27,5.8,8.9,1.8,270,27,734,29.86,0.1,,,,,,,,,
MANH,2017-08-21 11:50:00 EDT,40.76754,-73.96449,311,82.6,,82.8,45.7,59.5,0.000,0.000,0.00,0.000,5.2,9.1,2.0,281,34,5.6,11.4,2.3,283,32,5.2,9.1,2.0,281,34,750,29.86,0.0,,,,,,,,,
MANH,2017-08-21 11:55:00 EDT,40.76754,-73.96449,311,83.3,,83.3,44.4,59.4,0.000,0.000,0.00,0.000,4.7,13.1,3.2,225,50,5.3,12.2,3.1,223,55,4.7,13.1,3.2,225,50,817,29.86,0.0,,,,,,,,,
MANH,2017-08-21 12:00:00 EDT,40.76754,-73.96449,311,83.8,,83.8,44.4,59.8,0.000,0.000,0.00,0.000,7.6,12.2,2.1,196,21,8.0,13.4,2.5,192,19,7.6,12.2,2.1,196,21,813,29.85,0.1,,,,,,,,,
MANH,2017-08-21 12:05:00 EDT,40.76754,-73.96449,311,83.9,,83.7,43.1,59.1,0.000,0.000,0.00,0.000,5.5,13.3,3.5,239,31,6.2,14.8,3.5,237,35,5.5,13.3,3.5,239,31,819,29.85,0.0,,,,,,,,,
MANH,2017-08-21 12:10:00 EDT,40.76754,-73.96449,311,84.0,,83.7,42.0,58.5,0.000,0.000,0.00,0.000,6.0,12.8,2.8,222,29,6.4,14.3,2.6,218,30,6.0,12.8,2.8,222,29,822,29.85,0.0,,,,,,,,,
MANH,2017-08-21 12:15:00 EDT,40.76754,-73.96449,311,84.1,,83.7,41.9,58.5,0.000,0.000,0.00,0.000,6.6,12.0,2.7,185,24,7.4,13.4,2.6,183,24,6.6,12.0,2.7,185,24,829,29.85,0.1,,,,,,,,,
MANH,2017-08-21 12:20:00 EDT,40.76754,-73.96449,311,84.3,,83.7,40.4,57.7,0.000,0.000,0.00,0.000,7.5,14.2,3.6,199,21,8.1,14.5,3.6,197,22,7.5,14.2,3.6,199,21,833,29.84,0.0,,,,,,,,,
MANH,2017-08-21 12:25:00 EDT,40.76754,-73.96449,311,84.1,,83.5,40.7,57.7,0.000,0.000,0.00,0.000,2.4,6.7,1.6,324,63,3.0,8.1,1.7,338,62,2.4,6.7,1.6,324,63,837,29.84,0.1,,,,,,,,,
MANH,2017-08-21 12:30:00 EDT,40.76754,-73.96449,311,84.9,,84.2,39.9,57.9,0.000,0.000,0.00,0.000,3.3,11.8,3.5,266,41,4.1,15.0,3.6,267,53,3.3,11.8,3.5,266,41,845,29.84,-0.1,,,,,,,,,
MANH,2017-08-21 12:35:00 EDT,40.76754,-73.96449,311,84.1,,83.4,39.6,57.0,0.000,0.000,0.00,0.000,6.0,12.3,2.9,259,30,6.4,14.0,3.3,259,32,6.0,12.3,2.9,259,30,855,29.84,-0.0,,,,,,,,,
MANH,2017-08-21 12:40:00 EDT,40.76754,-73.96449,311,84.2,,83.2,38.6,56.2,0.000,0.000,0.00,0.000,9.2,14.4,3.0,277,12,9.9,16.1,3.3,276,10,9.2,14.4,3.0,277,12,872,29.84,0.0,,,,,,,,,
MANH,2017-08-21 12:45:00 EDT,40.76754,-73.96449,311,83.8,,83.2,40.2,57.1,0.000,0.000,0.00,0.000,8.3,13.3,3.0,303,24,9.0,16.3,3.0,301,25,8.3,13.3,3.0,303,24,832,29.83,0.0,,,,,,,,,
MANH,2017-08-21 12:50:00 EDT,40.76754,-73.96449,311,84.8,,84.2,40.2,58.0,0.000,0.000,0.00,0.000,4.7,10.2,2.6,286,43,5.5,12.3,2.9,286,43,4.7,10.2,2.6,286,43,851,29.83,0.1,,,,,,,,,
MANH,2017-08-21 12:55:00 EDT,40.76754,-73.96449,311,84.3,,83.5,39.5,57.0,0.000,0.000,0.00,0.000,4.7,10.2,2.3,306,21,5.1,12.6,2.7,310,19,4.7,10.2,2.3,306,21,772,29.83,0.0,,,,,,,,,
MANH,2017-08-21 13:00:00 EDT,40.76754,-73.96449,311,84.2,,83.5,39.8,57.2,0.000,0.000,0.00,0.000,5.6,11.5,2.0,310,30,6.0,12.9,2.4,314,25,5.6,11.5,2.0,310,30,779,29.83,0.2,,,,,,,,,
MANH,2017-08-21 13:05:00 EDT,40.76754,-73.96449,311,85.7,,85.0,39.8,58.4,0.000,0.000,0.00,0.000,3.7,13.7,3.0,242,43,4.5,13.6,3.0,243,49,3.7,13.7,3.0,242,43,729,29.83,-0.0,,,,,,,,,
MANH,2017-08-21 13:10:00 EDT,40.76754,-73.96449,311,85.7,,84.9,38.7,57.7,0.000,0.000,0.00,0.000,6.9,15.0,2.7,219,30,6.9,18.2,3.1,220,26,6.9,15.0,2.7,219,30,874,29.83,0.1,,,,,,,,,
MANH,2017-08-21 13:15:00 EDT,40.76754,-73.96449,311,86.1,,85.5,39.4,58.6,0.000,0.000,0.00,0.000,4.2,9.6,1.7,250,43,4.3,10.4,1.7,244,46,4.2,9.6,1.7,250,43,807,29.83,0.1,,,,,,,,,
MANH,2017-08-21 13:20:00 EDT,40.76754,-73.96449,311,86.1,,85.3,39.0,58.2,0.000,0.000,0.00,0.000,6.6,9.9,2.2,209,23,6.9,11.7,2.2,207,22,6.6,9.9,2.2,209,23,712,29.83,0.1,,,,,,,,,
MANH,2017-08-21 13:25:00 EDT,40.76754,-73.96449,311,85.3,,84.8,40.9,58.8,0.000,0.000,0.00,0.000,4.1,13.7,3.2,242,29,4.5,14.4,3.4,243,36,4.1,13.7,3.2,242,29,497,29.83,-0.0,,,,,,,,,
MANH,2017-08-21 13:30:00 EDT,40.76754,-73.96449,311,84.7,,84.3,41.2,58.6,0.000,0.000,0.00,0.000,10.2,16.7,3.7,271,16,10.8,17.7,4.2,269,16,10.2,16.7,3.7,271,16,499,29.83,0.1,,,,,,,,,
MANH,2017-08-21 13:35:00 EDT,40.76754,-73.96449,311,85.6,,85.3,41.6,59.6,0.000,0.000,0.00,0.000,3.8,13.0,3.1,213,36,4.4,13.8,3.3,212,38,3.8,13.0,3.1,213,36,664,29.83,0.1,,,,,,,,,
MANH,2017-08-21 13:40:00 EDT,40.76754,-73.96449,311,85.7,,85.2,40.5,58.9,0.000,0.000,0.00,0.000,4.6,13.3,3.3,224,30,5.0,13.6,3.3,222,33,4.6,13.3,3.3,224,30,858,29.83,-0.1,,,,,,,,,
MANH,2017-08-21 13:45:00 EDT,40.76754,-73.96449,311,86.0,,85.4,39.9,58.8,0.000,0.000,0.00,0.000,1.9,4.3,1.0,193,44,2.1,4.9,1.0,187,54,1.9,4.3,1.0,193,44,691,29.82,-0.0,,,,,,,,,
MANH,2017-08-21 13:50:00 EDT,40.76754,-73.96449,311,86.0,,85.4,39.7,58.7,0.000,0.000,0.00,0.000,2.8,11.0,2.4,231,41,3.5,12.1,2.2,224,45,2.8,11.0,2.4,231,41,718,29.82,-0.0,,,,,,,,,
MANH,2017-08-21 13:55:00 EDT,40.76754,-73.96449,311,86.0,,85.6,40.4,59.2,0.000,0.000,0.00,0.000,4.9,9.4,2.1,224,37,5.3,9.9,2.1,219,39,4.9,9.4,2.1,224,37,653,29.82,0.0,,,,,,,,,
MANH,2017-08-21 14:00:00 EDT,40.76754,-73.96449,311,85.1,,84.7,41.6,59.2,0.000,0.000,0.00,0.000,5.4,10.5,2.1,265,32,5.8,12.0,2.4,265,33,5.4,10.5,2.1,265,32,575,29.82,0.0,,,,,,,,,
MANH,2017-08-21 14:05:00 EDT,40.76754,-73.96449,311,84.9,,84.9,43.6,60.3,0.000,0.000,0.00,0.000,4.4,11.1,2.9,245,46,4.8,11.8,3.1,236,46,4.4,11.1,2.9,245,46,311,29.82,0.1,,,,,,,,,
MANH,2017-08-21 14:10:00 EDT,40.76754,-73.96449,311,85.0,,85.3,45.2,61.4,0.000,0.000,0.00,0.000,4.9,10.7,3.4,190,23,5.6,13.4,3.5,189,32,4.9,10.7,3.4,190,23,383,29.82,0.0,,,,,,,,,
MANH,2017-08-21 14:15:00 EDT,40.76754,-73.96449,311,84.5,,85.0,46.5,61.7,0.000,0.000,0.00,0.000,3.9,9.9,2.8,157,35,5.0,11.8,2.7,153,36,3.9,9.9,2.8,157,35,442,29.82,0.1,,,,,,,,,
MANH,2017-08-21 14:20:00 EDT,40.76754,-73.96449,311,84.5,,84.9,46.1,61.5,0.000,0.000,0.00,0.000,4.0,10.1,2.8,187,40,4.9,12.4,3.0,179,39,4.0,10.1,2.8,187,40,384,29.81,0.1,,,,,,,,,
MANH,2017-08-21 14:25:00 EDT,40.76754,-73.96449,311,84.5,,84.9,46.0,61.5,0.000,0.000,0.00,0.000,2.5,6.9,1.7,191,68,3.3,8.0,2.0,178,66,2.5,6.9,1.7,191,68,302,29.81,0.1,,,,,,,,,
MANH,2017-08-21 14:30:00 EDT,40.76754,-73.96449,311,84.2,,84.7,46.8,61.7,0.000,0.000,0.00,0.000,5.6,14.0,3.6,179,54,6.5,16.4,3.8,175,56,5.6,14.0,3.6,179,54,136,29.81,0.1,,,,,,,,,
MANH,2017-08-21 14:35:00 EDT,40.76754,-73.96449,311,83.9,,84.6,48.1,62.2,0.000,0.000,0.00,0.000,5.4,11.0,2.5,201,26,5.7,10.5,2.3,196,28,5.4,11.0,2.5,201,26,122,29.81,0.0,,,,,,,,,
MANH,2017-08-21 14:40:00 EDT,40.76754,-73.96449,311,84.1,,84.9,48.2,62.4,0.000,0.000,0.00,0.000,6.1,10.7,2.2,198,28,6.7,11.8,2.2,195,32,6.1,10.7,2.2,198,28,138,29.81,-0.1,,,,,,,,,
MANH,2017-08-21 14:45:00 EDT,40.76754,-73.96449,311,83.4,,84.1,48.0,61.7,0.000,0.000,0.00,0.000,4.5,8.7,1.5,194,42,4.8,10.5,1.7,187,42,4.5,8.7,1.5,194,42,103,29.81,-0.0,,,,,,,,,
MANH,2017-08-21 14:50:00 EDT,40.76754,-73.96449,311,83.5,,84.2,48.7,62.1,0.000,0.000,0.00,0.000,5.6,12.8,2.8,193,30,6.3,13.6,3.0,190,30,5.6,12.8,2.8,193,30,78,29.81,0.1,,,,,,,,,
MANH,2017-08-21 14:55:00 EDT,40.76754,-73.96449,311,83.6,,84.4,48.9,62.4,0.000,0.000,0.00,0.000,4.6,9.8,2.6,174,32,5.3,11.0,2.7,173,32,4.6,9.8,2.6,174,32,128,29.80,0.1,,,,,,,,,
MANH,2017-08-21 15:00:00 EDT,40.76754,-73.96449,311,83.5,,84.4,49.5,62.7,0.000,0.000,0.00,0.000,5.7,10.6,2.6,166,23,6.2,12.6,2.7,164,22,5.7,10.6,2.6,166,23,178,29.80,0.0,,,,,,,,,
MANH,2017-08-21 15:05:00 EDT,40.76754,-73.96449,311,82.9,,83.9,50.5,62.6,0.000,0.000,0.00,0.000,8.3,14.2,2.8,182,18,8.9,17.7,3.2,180,19,8.3,14.2,2.8,182,18,217,29.80,0.1,,,,,,,,,
MANH,2017-08-21 15:10:00 EDT,40.76754,-73.96449,311,82.8,,83.8,50.9,62.7,0.000,0.000,0.00,0.000,5.8,9.8,1.7,186,22,6.4,11.3,2.0,185,19,5.8,9.8,1.7,186,22,263,29.80,0.1,,,,,,,,,
MANH,2017-08-21 15:15:00 EDT,40.76754,-73.96449,311,82.9,,83.9,50.8,62.8,0.000,0.000,0.00,0.000,6.4,12.9,2.9,175,33,6.9,13.7,3.1,174,28,6.4,12.9,2.9,175,33,303,29.80,0.1,,,,,,,,,
MANH,2017-08-21 15:20:00 EDT,40.76754,-73.96449,311,83.0,,84.0,50.8,62.9,0.000,0.000,0.00,0.000,5.6,10.1,2.1,193,25,6.0,10.8,2.3,190,29,5.6,10.1,2.1,193,25,260,29.80,0.0,,,,,,,,,
MANH,2017-08-21 15:25:00 EDT,40.76754,-73.96449,311,82.9,,84.0,51.4,63.1,0.000,0.000,0.00,0.000,6.3,14.5,3.3,181,32,7.0,15.5,3.7,178,31,6.3,14.5,3.3,181,32,149,29.80,0.0,,,,,,,,,
MANH,2017-08-21 15:30:00 EDT,40.76754,-73.96449,311,82.6,,83.8,52.6,63.5,0.000,0.000,0.00,0.000,7.3,11.8,2.1,170,23,7.8,15.8,2.4,168,22,7.3,11.8,2.1,170,23,295,29.80,0.0,,,,,,,,,
MANH,2017-08-21 15:35:00 EDT,40.76754,-73.96449,311,82.9,,84.2,52.4,63.7,0.000,0.000,0.00,0.000,6.7,11.2,2.4,176,20,7.2,13.1,2.7,174,20,6.7,11.2,2.4,176,20,413,29.80,0.0,,,,,,,,,
MANH,2017-08-21 15:40:00 EDT,40.76754,-73.96449,311,82.8,,84.1,53.0,63.9,0.000,0.000,0.00,0.000,4.8,12.4,3.0,170,26,5.5,14.2,3.3,167,27,4.8,12.4,3.0,170,26,218,29.80,0.0,,,,,,,,,
MANH,2017-08-21 15:45:00 EDT,40.76754,-73.96449,311,82.4,,83.9,53.8,64.0,0.000,0.000,0.00,0.000,6.6,12.1,2.3,165,25,7.3,13.7,2.6,165,23,6.6,12.1,2.3,165,25,261,29.80,0.1,,,,,,,,,
MANH,2017-08-21 15:50:00 EDT,40.76754,-73.96449,311,82.7,,84.2,53.7,64.2,0.000,0.000,0.00,0.000,6.6,11.5,2.7,176,19,7.4,14.5,2.9,173,18,6.6,11.5,2.7,176,19,304,29.80,0.1,,,,,,,,,
MANH,2017-08-21 15:55:00 EDT,40.76754,-73.96449,311,82.8,,84.4,53.6,64.3,0.000,0.000,0.00,0.000,5.0,9.9,2.2,166,21,5.5,11.3,2.4,165,21,5.0,9.9,2.2,166,21,355,29.80,0.0,,,,,,,,,
MANH,2017-08-21 16:00:00 EDT,40.76754,-73.96449,311,83.2,,84.8,53.5,64.6,0.000,0.000,0.00,0.000,5.2,10.3,2.4,173,23,5.4,12.1,2.9,171,23,5.2,10.3,2.4,173,23,418,29.80,0.0,,,,,,,,,
MANH,2017-08-21 16:05:00 EDT,40.76754,-73.96449,311,83.5,,85.1,52.6,64.4,0.000,0.000,0.00,0.000,3.3,9.4,2.4,164,42,3.8,10.1,2.5,159,41,3.3,9.4,2.4,164,42,550,29.80,0.1,,,,,,,,,
MANH,2017-08-21 16:10:00 EDT,40.76754,-73.96449,311,83.7,,85.3,52.5,64.5,0.000,0.000,0.00,0.000,4.7,12.8,3.3,179,25,5.6,13.6,3.2,171,30,4.7,12.8,3.3,179,25,558,29.80,0.1,,,,,,,,,
MANH,2017-08-21 16:15:00 EDT,40.76754,-73.96449,311,83.9,,85.6,52.7,64.8,0.000,0.000,0.00,0.000,4.4,8.8,1.8,164,38,5.0,10.0,2.0,161,39,4.4,8.8,1.8,164,38,532,29.79,0.0,,,,,,,,,
MANH,2017-08-21 16:20:00 EDT,40.76754,-73.96449,311,84.4,,86.1,52.2,65.0,0.000,0.000,0.00,0.000,4.1,10.1,1.9,175,29,4.4,11.0,2.0,172,27,4.1,10.1,1.9,175,29,505,29.79,0.1,,,,,,,,,
MANH,2017-08-21 16:25:00 EDT,40.76754,-73.96449,311,84.1,,85.7,52.2,64.7,0.000,0.000,0.00,0.000,4.3,10.7,2.6,166,24,4.9,10.9,2.4,165,26,4.3,10.7,2.6,166,24,493,29.79,0.1,,,,,,,,,
MANH,2017-08-21 16:30:00 EDT,40.76754,-73.96449,311,84.2,,86.1,52.7,65.1,0.000,0.000,0.00,0.000,4.2,10.6,1.9,168,36,4.6,11.8,2.1,158,37,4.2,10.6,1.9,168,36,476,29.79,-0.1,,,,,,,,,
MANH,2017-08-21 16:35:00 EDT,40.76754,-73.96449,311,83.9,,85.5,52.8,64.8,0.000,0.000,0.00,0.000,4.9,8.7,1.8,167,38,5.4,10.5,2.0,160,38,4.9,8.7,1.8,167,38,474,29.79,0.1,,,,,,,,,
MANH,2017-08-21 16:40:00 EDT,40.76754,-73.96449,311,84.1,,85.9,53.0,65.1,0.000,0.000,0.00,0.000,3.7,7.6,2.1,161,37,4.3,8.6,2.1,157,38,3.7,7.6,2.1,161,37,497,29.79,0.0,,,,,,,,,
MANH,2017-08-21 16:45:00 EDT,40.76754,-73.96449,311,84.3,,86.2,53.3,65.4,0.000,0.000,0.00,0.000,5.8,13.2,2.5,170,28,6.3,15.1,2.7,164,26,5.8,13.2,2.5,170,28,476,29.79,0.1,,,,,,,,,
MANH,2017-08-21 16:50:00 EDT,40.76754,-73.96449,311,84.1,,86.0,53.2,65.3,0.000,0.000,0.00,0.000,4.7,9.4,2.4,186,32,5.3,13.4,2.6,179,32,4.7,9.4,2.4,186,32,471,29.79,0.0,,,,,,,,,
MANH,2017-08-21 16:55:00 EDT,40.76754,-73.96449,311,84.1,,86.0,53.5,65.4,0.000,0.000,0.00,0.000,6.3,12.4,2.4,176,29,6.8,14.0,2.7,173,30,6.3,12.4,2.4,176,29,441,29.79,-0.0,,,,,,,,,
MANH,2017-08-21 17:00:00 EDT,40.76754,-73.96449,311,83.7,,85.7,54.0,65.3,0.000,0.000,0.00,0.000,5.8,9.2,1.6,158,32,6.2,10.6,1.8,153,31,5.8,9.2,1.6,158,32,402,29.79,0.1,,,,,,,,,
MANH,2017-08-21 17:05:00 EDT,40.76754,-73.96449,311,84.1,,86.1,53.9,65.6,0.000,0.000,0.00,0.000,5.7,10.8,2.0,174,29,6.1,12.8,2.1,171,29,5.7,10.8,2.0,174,29,397,29.79,0.1,,,,,,,,,
MANH,2017-08-21 17:10:00 EDT,40.76754,-73.96449,311,84.1,,86.2,53.7,65.6,0.000,0.000,0.00,0.000,6.1,12.6,2.6,170,27,6.5,14.9,3.0,168,28,6.1,12.6,2.6,170,27,403,29.79,0.1,,,,,,,,,
MANH,2017-08-21 17:15:00 EDT,40.76754,-73.96449,311,84.0,,85.6,52.2,64.5,0.000,0.000,0.00,0.000,3.1,6.4,1.4,233,57,3.4,9.2,1.8,226,62,3.1,6.4,1.4,233,57,374,29.79,0.0,,,,,,,,,
MANH,2017-08-21 17:20:00 EDT,40.76754,-73.96449,311,84.2,,86.1,53.0,65.2,0.000,0.000,0.00,0.000,7.0,14.5,4.2,173,23,8.2,17.2,4.3,172,22,7.0,14.5,4.2,173,23,325,29.79,-0.0,,,,,,,,,
MANH,2017-08-21 17:25:00 EDT,40.76754,-73.96449,311,84.1,,86.0,53.2,65.3,0.000,0.000,0.00,0.000,2.1,5.3,1.3,190,46,2.3,5.3,1.4,180,45,2.1,5.3,1.3,190,46,297,29.79,0.1,,,,,,,,,
MANH,2017-08-21 17:30:00 EDT,40.76754,-73.96449,311,84.4,,86.2,52.4,65.1,0.000,0.000,0.00,0.000,5.7,11.5,2.8,200,30,6.0,13.5,2.6,194,34,5.7,11.5,2.8,200,30,269,29.79,0.1,,,,,,,,,
MANH,2017-08-21 17:35:00 EDT,40.76754,-73.96449,311,84.3,,86.1,52.3,64.9,0.000,0.000,0.00,0.000,3.2,8.3,2.0,196,35,3.9,9.2,2.1,187,41,3.2,8.3,2.0,196,35,140,29.79,0.0,,,,,,,,,
MANH,2017-08-21 17:40:00 EDT,40.76754,-73.96449,311,83.6,,85.3,53.5,64.9,0.000,0.000,0.00,0.000,9.7,17.1,4.1,213,18,10.0,18.7,4.1,212,21,9.7,17.1,4.1,213,18,172,29.79,0.1,,,,,,,,,
MANH,2017-08-21 17:45:00 EDT,40.76754,-73.96449,311,83.4,,85.2,53.9,65.0,0.000,0.000,0.00,0.000,6.8,14.4,3.2,212,23,6.9,17.4,3.2,210,24,6.8,14.4,3.2,212,23,233,29.79,0.1,,,,,,,,,
MANH,2017-08-21 17:50:00 EDT,40.76754,-73.96449,311,83.3,,85.1,54.2,65.0,0.000,0.000,0.00,0.000,3.8,10.5,2.8,178,39,4.2,12.5,3.0,173,38,3.8,10.5,2.8,178,39,139,29.79,-0.0,,,,,,,,,
MANH,2017-08-21 17:55:00 EDT,40.76754,-73.96449,311,83.1,,85.0,55.2,65.3,0.000,0.000,0.00,0.000,3.6,7.6,1.8,206,35,3.8,8.7,1.8,200,38,3.6,7.6,1.8,206,35,82,29.79,0.0,,,,,,,,,
MANH,2017-08-21 18:00:00 EDT,40.76754,-73.96449,311,82.6,,84.7,56.5,65.6,0.000,0.000,0.00,0.000,7.6,14.8,3.1,160,24,8.2,15.4,3.2,157,26,7.6,14.8,3.1,160,24,80,29.78,0.0,,,,,,,,,
MANH,2017-08-21 18:05:00 EDT,40.76754,-73.96449,311,82.4,,84.4,56.8,65.6,0.000,0.000,0.00,0.000,7.7,15.1,3.5,205,27,8.3,16.8,3.6,203,25,7.7,15.1,3.5,205,27,74,29.78,0.0,,,,,,,,,
MANH,2017-08-21 18:10:00 EDT,40.76754,-73.96449,311,82.5,,84.6,57.3,65.9,0.000,0.000,0.00,0.000,4.3,8.6,1.7,169,22,4.7,8.9,1.8,164,23,4.3,8.6,1.7,169,22,66,29.77,0.1,,,,,,,,,
MANH,2017-08-21 18:15:00 EDT,40.76754,-73.96449,311,82.5,,84.5,56.7,65.6,0.000,0.000,0.00,0.000,4.0,9.6,2.6,218,38,4.3,10.9,2.6,217,44,4.0,9.6,2.6,218,38,65,29.77,0.0,,,,,,,,,
MANH,2017-08-21 18:20:00 EDT,40.76754,-73.96449,311,82.1,,84.1,56.8,65.3,0.000,0.000,0.00,0.000,5.3,10.2,2.7,225,33,5.8,13.3,2.8,227,33,5.3,10.2,2.7,225,33,58,29.77,0.1,,,,,,,,,
MANH,2017-08-21 18:25:00 EDT,40.76754,-73.96449,311,82.5,,84.6,57.0,65.7,0.000,0.000,0.00,0.000,2.7,6.9,1.8,182,44,3.4,7.3,1.7,174,49,2.7,6.9,1.8,182,44,59,29.77,0.1,,,,,,,,,
MANH,2017-08-21 18:30:00 EDT,40.76754,-73.96449,311,82.4,,84.5,57.2,65.7,0.000,0.000,0.00,0.000,7.6,13.6,2.8,197,27,8.2,15.5,3.1,193,28,7.6,13.6,2.8,197,27,87,29.77,-0.0,,,,,,,,,
MANH,2017-08-21 18:35:00 EDT,40.76754,-73.96449,311,82.6,,84.7,57.1,65.8,0.000,0.000,0.00,0.000,2.3,7.8,2.1,201,40,2.8,7.9,1.9,184,44,2.3,7.8,2.1,201,40,135,29.77,0.1,,,,,,,,,
MANH,2017-08-21 18:40:00 EDT,40.76754,-73.96449,311,82.6,,84.9,57.9,66.3,0.000,0.000,0.00,0.000,4.2,9.9,2.2,169,34,5.0,11.6,2.3,163,35,4.2,9.9,2.2,169,34,151,29.77,0.1,,,,,,,,,
MANH,2017-08-21 18:45:00 EDT,40.76754,-73.96449,311,82.2,,84.7,59.6,66.8,0.000,0.000,0.00,0.000,4.8,12.0,2.5,177,28,5.5,13.9,3.0,176,27,4.8,12.0,2.5,177,28,141,29.77,0.0,,,,,,,,,
MANH,2017-08-21 18:50:00 EDT,40.76754,-73.96449,311,82.2,,84.5,59.3,66.6,0.000,0.000,0.00,0.000,3.4,8.4,1.7,186,33,3.9,9.3,1.8,180,38,3.4,8.4,1.7,186,33,116,29.76,0.1,,,,,,,,,
MANH,2017-08-21 18:55:00 EDT,40.76754,-73.96449,311,81.9,,84.4,60.4,66.9,0.000,0.000,0.00,0.000,3.8,8.4,1.7,179,35,4.4,8.4,2.0,177,33,3.8,8.4,1.7,179,35,92,29.76,0.1,,,,,,,,,
MANH,2017-08-21 19:00:00 EDT,40.76754,-73.96449,311,81.8,,84.3,60.8,67.0,0.000,0.000,0.00,0.000,4.1,12.6,2.9,179,29,4.9,13.3,2.8,171,31,4.1,12.6,2.9,179,29,63,29.77,0.0,,,,,,,,,
MANH,2017-08-21 19:05:00 EDT,40.76754,-73.96449,311,81.8,,84.2,60.8,66.9,0.000,0.000,0.00,0.000,6.3,12.1,2.7,179,32,6.8,15.0,2.9,174,32,6.3,12.1,2.7,179,32,22,29.77,0.1,,,,,,,,,
MANH,2017-08-21 19:10:00 EDT,40.76754,-73.96449,311,81.6,,84.0,60.5,66.6,0.000,0.000,0.00,0.000,6.8,13.2,3.6,189,36,7.4,14.0,3.6,185,37,6.8,13.2,3.6,189,36,18,29.77,0.1,,,,,,,,,
MANH,2017-08-21 19:15:00 EDT,40.76754,-73.96449,311,81.5,,83.8,60.5,66.5,0.000,0.000,0.00,0.000,8.1,12.5,2.7,210,15,8.4,13.8,2.7,206,15,8.1,12.5,2.7,210,15,21,29.77,0.1,,,,,,,,,
MANH,2017-08-21 19:20:00 EDT,40.76754,-73.96449,311,81.4,,83.7,60.4,66.4,0.000,0.000,0.00,0.000,7.5,16.1,3.1,205,28,7.9,17.9,3.4,201,28,7.5,16.1,3.1,205,28,18,29.77,0.0,,,,,,,,,
MANH,2017-08-21 19:25:00 EDT,40.76754,-73.96449,311,81.4,,83.7,60.3,66.4,0.000,0.000,0.00,0.000,6.3,13.4,3.3,209,34,6.9,17.5,3.7,207,30,6.3,13.4,3.3,209,34,12,29.77,0.1,,,,,,,,,
MANH,2017-08-21 19:30:00 EDT,40.76754,-73.96449,311,81.5,,83.8,60.5,66.6,0.000,0.000,0.00,0.000,5.7,11.7,3.2,180,24,6.4,16.3,3.6,180,24,5.7,11.7,3.2,180,24,10,29.77,0.0,,,,,,,,,
MANH,2017-08-21 19:35:00 EDT,40.76754,-73.96449,311,81.3,,83.5,60.5,66.3,0.000,0.000,0.00,0.000,2.3,5.6,1.6,227,42,2.5,7.2,1.8,220,36,2.3,5.6,1.6,227,42,8,29.78,-0.0,,,,,,,,,
MANH,2017-08-21 19:40:00 EDT,40.76754,-73.96449,311,81.2,,83.5,60.8,66.4,0.000,0.000,0.00,0.000,0.9,3.1,0.9,342,32,1.3,4.0,1.1,354,37,0.9,3.1,0.9,342,32,7,29.77,0.1,,,,,,,,,
MANH,2017-08-21 19:45:00 EDT,40.76754,-73.96449,311,81.3,,83.7,61.4,66.8,0.000,0.000,0.00,0.000,4.2,8.4,2.1,229,27,4.4,11.1,2.3,230,33,4.2,8.4,2.1,229,27,4,29.78,0.0,,,,,,,,,
MANH,2017-08-21 19:50:00 EDT,40.76754,-73.96449,311,81.0,,83.2,61.5,66.5,0.000,0.000,0.00,0.000,8.3,18.9,3.5,226,22,8.5,21.9,3.9,228,21,8.3,18.9,3.5,226,22,4,29.77,0.0,,,,,,,,,
MANH,2017-08-21 19:55:00 EDT,40.76754,-73.96449,311,80.7,,83.1,62.6,66.8,0.000,0.000,0.00,0.000,10.5,18.4,3.5,230,20,10.9,19.2,3.5,228,20,10.5,18.4,3.5,230,20,1,29.77,0.1,,,,,,,,,
MANH,2017-08-21 20:00:00 EDT,40.76754,-73.96449,311,80.7,,83.0,63.0,66.9,0.000,0.000,0.00,0.000,7.2,12.6,2.5,226,28,7.5,14.4,2.6,225,26,7.2,12.6,2.5,226,28,0,29.77,0.0,,,,,,,,,
MANH,2017-08-21 20:05:00 EDT,40.76754,-73.96449,311,80.4,,82.7,63.7,67.0,0.000,0.000,0.00,0.000,4.0,9.4,2.2,233,29,4.2,9.0,2.1,233,33,4.0,9.4,2.2,233,29,0,29.78,0.1,,,,,,,,,
MANH,2017-08-21 20:10:00 EDT,40.76754,-73.96449,311,80.6,,83.2,64.1,67.4,0.000,0.000,0.00,0.000,6.3,14.7,4.1,197,38,7.1,16.5,4.5,197,38,6.3,14.7,4.1,197,38,0,29.78,0.0,,,,,,,,,
MANH,2017-08-21 20:15:00 EDT,40.76754,-73.96449,311,80.5,,83.0,64.3,67.3,0.000,0.000,0.00,0.000,8.1,14.8,3.2,221,26,8.5,16.9,3.4,223,28,8.1,14.8,3.2,221,26,0,29.78,0.1,,,,,,,,,
MANH,2017-08-21 20:20:00 EDT,40.76754,-73.96449,311,80.5,,83.2,65.1,67.7,0.000,0.000,0.00,0.000,6.0,15.3,4.0,217,21,6.6,16.3,3.6,215,25,6.0,15.3,4.0,217,21,0,29.78,-0.0,,,,,,,,,
MANH,2017-08-21 20:25:00 EDT,40.76754,-73.96449,311,80.4,,83.0,65.2,67.7,0.000,0.000,0.00,0.000,8.7,13.3,2.7,209,20,9.1,16.3,3.0,208,21,8.7,13.3,2.7,209,20,0,29.78,0.1,,,,,,,,,
MANH,2017-08-21 20:30:00 EDT,40.76754,-73.96449,311,80.6,,83.4,65.5,68.0,0.000,0.000,0.00,0.000,7.7,15.1,3.1,214,20,7.9,14.3,3.2,210,21,7.7,15.1,3.1,214,20,0,29.78,0.0,,,,,,,,,
MANH,2017-08-21 20:35:00 EDT,40.76754,-73.96449,311,80.1,,82.6,65.7,67.6,0.000,0.000,0.00,0.000,10.5,16.4,2.8,223,18,10.4,16.6,2.7,222,17,10.5,16.4,2.8,223,18,0,29.78,-0.0,,,,,,,,,
MANH,2017-08-21 20:40:00 EDT,40.76754,-73.96449,311,80.2,,82.7,66.1,67.8,0.000,0.000,0.00,0.000,6.1,14.4,3.6,215,29,6.7,18.2,3.7,211,32,6.1,14.4,3.6,215,29,0,29.78,0.1,,,,,,,,,
MANH,2017-08-21 20:45:00 EDT,40.76754,-73.96449,311,80.6,,83.4,66.4,68.3,0.000,0.000,0.00,0.000,7.5,10.6,1.4,193,19,8.0,12.3,1.9,190,15,7.5,10.6,1.4,193,19,0,29.78,0.1,,,,,,,,,
MANH,2017-08-21 20:50:00 EDT,40.76754,-73.96449,311,80.4,,83.0,65.7,67.9,0.000,0.000,0.00,0.000,2.5,6.6,1.8,243,48,3.1,8.9,1.9,241,56,2.5,6.6,1.8,243,48,0,29.78,0.1,,,,,,,,,
MANH,2017-08-21 20:55:00 EDT,40.76754,-73.96449,311,80.4,,83.1,66.1,68.0,0.000,0.000,0.00,0.000,2.8,11.9,2.7,212,38,3.4,12.4,2.6,202,44,2.8,11.9,2.7,212,38,0,29.78,0.0,,,,,,,,,
MANH,2017-08-21 21:00:00 EDT,40.76754,-73.96449,311,80.2,,82.8,66.8,68.1,0.000,0.000,0.00,0.000,5.6,13.2,4.1,211,31,6.3,17.3,4.3,211,31,5.6,13.2,4.1,211,31,0,29.78,0.0,,,,,,,,,
MANH,2017-08-21 21:05:00 EDT,40.76754,-73.96449,311,80.0,,80.0,67.0,68.0,0.000,0.000,0.00,0.000,8.6,15.9,3.9,219,26,8.9,17.0,4.1,218,26,8.6,15.9,3.9,219,26,0,29.78,0.0,,,,,,,,,
MANH,2017-08-21 21:10:00 EDT,40.76754,-73.96449,311,79.5,,79.5,67.5,67.8,0.000,0.000,0.00,0.000,8.4,17.7,4.3,227,28,9.0,19.2,4.4,230,27,8.4,17.7,4.3,227,28,0,29.79,0.1,,,,,,,,,
MANH,2017-08-21 21:15:00 EDT,40.76754,-73.96449,311,79.7,,79.7,68.5,68.4,0.000,0.000,0.00,0.000,5.1,12.3,3.1,215,38,5.5,13.6,3.1,213,37,5.1,12.3,3.1,215,38,0,29.79,0.1,,,,,,,,,
MANH,2017-08-21 21:20:00 EDT,40.76754,-73.96449,311,79.8,,79.8,68.7,68.6,0.000,0.000,0.00,0.000,5.8,12.3,2.9,220,28,6.5,14.4,2.8,213,33,5.8,12.3,2.9,220,28,0,29.79,0.0,,,,,,,,,
MANH,2017-08-21 21:25:00 EDT,40.76754,-73.96449,311,79.4,,79.4,69.3,68.5,0.000,0.000,0.00,0.000,8.2,16.0,3.8,219,24,8.6,16.9,3.8,219,25,8.2,16.0,3.8,219,24,0,29.78,-0.0,,,,,,,,,
MANH,2017-08-21 21:30:00 EDT,40.76754,-73.96449,311,79.2,,79.2,69.5,68.4,0.000,0.000,0.00,0.000,7.1,15.1,3.2,232,33,7.4,16.1,3.3,230,34,7.1,15.1,3.2,232,33,0,29.78,0.1,,,,,,,,,
MANH,2017-08-21 21:35:00 EDT,40.76754,-73.96449,311,79.2,,79.2,70.4,68.8,0.000,0.000,0.00,0.000,7.8,16.7,3.9,217,29,8.2,17.5,3.9,216,28,7.8,16.7,3.9,217,29,0,29.79,0.1,,,,,,,,,
MANH,2017-08-21 21:40:00 EDT,40.76754,-73.96449,311,79.4,,79.4,70.9,69.1,0.000,0.000,0.00,0.000,6.8,14.1,3.7,217,27,7.1,15.7,3.8,216,28,6.8,14.1,3.7,217,27,0,29.79,0.1,,,,,,,,,
MANH,2017-08-21 21:45:00 EDT,40.76754,-73.96449,311,79.3,,79.3,71.2,69.1,0.000,0.000,0.00,0.000,7.8,14.5,3.0,217,24,8.3,14.6,2.9,213,21,7.8,14.5,3.0,217,24,0,29.78,0.1,,,,,,,,,
MANH,2017-08-21 21:50:00 EDT,40.76754,-73.96449,311,78.9,,78.9,71.4,68.9,0.000,0.000,0.00,0.000,8.6,15.6,3.7,223,18,8.8,17.8,3.7,222,21,8.6,15.6,3.7,223,18,0,29.78,0.0,,,,,,,,,
MANH,2017-08-21 21:55:00 EDT,40.76754,-73.96449,311,78.8,,78.8,72.1,69.0,0.000,0.000,0.00,0.000,9.6,15.9,3.2,220,25,10.0,18.2,3.0,218,24,9.6,15.9,3.2,220,25,0,29.78,0.1,,,,,,,,,
MANH,2017-08-21 22:00:00 EDT,40.76754,-73.96449,311,79.0,,79.0,72.8,69.5,0.000,0.000,0.00,0.000,7.3,13.2,2.9,213,23,7.6,13.3,3.0,210,21,7.3,13.2,2.9,213,23,0,29.78,0.1,,,,,,,,,
MANH,2017-08-21 22:05:00 EDT,40.76754,-73.96449,311,78.7,,78.7,72.8,69.3,0.000,0.000,0.00,0.000,5.9,12.0,3.2,210,30,6.4,12.8,3.2,205,29,5.9,12.0,3.2,210,30,0,29.78,0.1,,,,,,,,,
MANH,2017-08-21 22:10:00 EDT,40.76754,-73.96449,311,78.6,,78.6,73.4,69.4,0.000,0.000,0.00,0.000,9.1,15.9,4.1,220,17,9.3,18.1,4.1,218,19,9.1,15.9,4.1,220,17,0,29.77,0.1,,,,,,,,,
MANH,2017-08-21 22:15:00 EDT,40.76754,-73.96449,311,78.4,,78.4,73.5,69.2,0.000,0.000,0.00,0.000,6.4,14.7,3.7,227,30,6.7,15.1,3.6,223,31,6.4,14.7,3.7,227,30,0,29.77,0.1,,,,,,,,,
MANH,2017-08-21 22:20:00 EDT,40.76754,-73.96449,311,78.5,,78.5,73.6,69.3,0.000,0.000,0.00,0.000,5.8,13.4,3.5,215,29,6.4,15.2,3.4,210,28,5.8,13.4,3.5,215,29,0,29.77,0.1,,,,,,,,,
MANH,2017-08-21 22:25:00 EDT,40.76754,-73.96449,311,78.4,,78.4,73.4,69.2,0.000,0.000,0.00,0.000,6.2,10.2,2.2,234,31,6.6,11.4,2.2,234,30,6.2,10.2,2.2,234,31,0,29.77,0.0,,,,,,,,,
MANH,2017-08-21 22:30:00 EDT,40.76754,-73.96449,311,78.5,,78.5,73.5,69.3,0.000,0.000,0.00,0.000,6.9,12.0,2.4,214,25,7.4,12.2,2.3,211,23,6.9,12.0,2.4,214,25,0,29.77,0.0,,,,,,,,,
MANH,2017-08-21 22:35:00 EDT,40.76754,-73.96449,311,78.3,,78.3,73.0,68.9,0.000,0.000,0.00,0.000,6.6,13.2,3.1,222,24,7.0,14.1,3.2,224,25,6.6,13.2,3.1,222,24,0,29.77,0.0,,,,,,,,,
MANH,2017-08-21 22:40:00 EDT,40.76754,-73.96449,311,78.4,,78.4,73.7,69.3,0.000,0.000,0.00,0.000,8.3,16.0,3.7,216,19,8.5,17.4,3.8,214,20,8.3,16.0,3.7,216,19,0,29.77,0.1,,,,,,,,,
MANH,2017-08-21 22:45:00 EDT,40.76754,-73.96449,311,78.3,,78.3,73.2,69.0,0.000,0.000,0.00,0.000,6.1,13.2,3.8,235,31,6.5,15.6,3.7,234,34,6.1,13.2,3.8,235,31,0,29.77,0.1,,,,,,,,,
MANH,2017-08-21 22:50:00 EDT,40.76754,-73.96449,311,78.1,,78.1,74.0,69.1,0.000,0.000,0.00,0.000,5.5,11.7,2.4,213,28,5.7,13.8,2.5,210,27,5.5,11.7,2.4,213,28,0,29.77,0.1,,,,,,,,,
MANH,2017-08-21 22:55:00 EDT,40.76754,-73.96449,311,78.4,,78.4,74.9,69.7,0.000,0.000,0.00,0.000,3.9,9.4,2.3,188,38,4.1,10.0,2.4,186,39,3.9,9.4,2.3,188,38,0,29.77,0.0,,,,,,,,,
MANH,2017-08-21 23:00:00 EDT,40.76754,-73.96449,311,78.1,,78.1,74.3,69.3,0.000,0.000,0.00,0.000,4.4,11.0,2.8,240,36,4.9,11.9,2.8,239,41,4.4,11.0,2.8,240,36,0,29.77,0.1,,,,,,,,,
MANH,2017-08-21 23:05:00 EDT,40.76754,-73.96449,311,77.9,,77.9,74.3,69.1,0.000,0.000,0.00,0.000,4.5,18.1,4.0,238,29,5.0,18.6,4.0,232,34,4.5,18.1,4.0,238,29,0,29.77,0.1,,,,,,,,,
MANH,2017-08-21 23:10:00 EDT,40.76754,-73.96449,311,77.7,,77.7,75.9,69.5,0.000,0.000,0.00,0.000,11.4,19.3,2.8,215,15,11.6,18.7,2.7,214,15,11.4,19.3,2.8,215,15,0,29.77,0.1,,,,,,,,,
MANH,2017-08-21 23:15:00 EDT,40.76754,-73.96449,311,77.8,,77.8,76.3,69.7,0.000,0.000,0.00,0.000,10.7,17.9,3.8,217,19,11.1,18.9,3.9,214,19,10.7,17.9,3.8,217,19,0,29.77,0.1,,,,,,,,,
MANH,2017-08-21 23:20:00 EDT,40.76754,-73.96449,311,77.5,,77.5,76.4,69.5,0.000,0.000,0.00,0.000,10.6,16.8,3.2,218,20,10.6,18.4,3.2,217,19,10.6,16.8,3.2,218,20,0,29.77,0.1,,,,,,,,,
MANH,2017-08-21 23:25:00 EDT,40.76754,-73.96449,311,77.3,,77.3,76.3,69.2,0.000,0.000,0.00,0.000,10.7,17.8,3.6,225,18,10.9,20.1,3.5,225,19,10.7,17.8,3.6,225,18,0,29.77,0.1,,,,,,,,,
MANH,2017-08-21 23:30:00 EDT,40.76754,-73.96449,311,77.3,,77.3,77.1,69.6,0.000,0.000,0.00,0.000,8.5,14.9,3.0,212,24,9.1,15.2,3.2,211,24,8.5,14.9,3.0,212,24,0,29.77,0.1,,,,,,,,,
MANH,2017-08-21 23:35:00 EDT,40.76754,-73.96449,311,77.4,,77.4,77.0,69.6,0.000,0.000,0.00,0.000,7.6,13.6,2.8,204,29,8.1,13.8,3.0,201,28,7.6,13.6,2.8,204,29,0,29.77,0.1,,,,,,,,,
MANH,2017-08-21 23:40:00 EDT,40.76754,-73.96449,311,77.6,,77.6,77.0,69.8,0.000,0.000,0.00,0.000,8.5,16.9,3.5,200,25,9.0,19.4,3.7,197,23,8.5,16.9,3.5,200,25,0,29.77,0.0,,,,,,,,,
MANH,2017-08-21 23:45:00 EDT,40.76754,-73.96449,311,77.5,,77.5,77.0,69.7,0.000,0.000,0.00,0.000,8.9,17.5,2.6,206,20,9.4,18.7,2.8,204,18,8.9,17.5,2.6,206,20,0,29.76,0.1,,,,,,,,,
MANH,2017-08-21 23:50:00 EDT,40.76754,-73.96449,311,77.4,,77.4,77.0,69.7,0.000,0.000,0.00,0.000,4.2,11.0,2.5,197,30,4.9,11.6,2.6,196,30,4.2,11.0,2.5,197,30,0,29.76,0.1,,,,,,,,,
MANH,2017-08-21 23:55:00 EDT,40.76754,-73.96449,311,77.5,,77.5,77.1,69.7,0.000,0.000,0.00,0.000,7.1,15.3,2.2,198,19,7.6,15.7,2.3,194,16,7.1,15.3,2.2,198,19,0,29.76,0.1,,,,,,,,,
MEDI,2017-08-21 00:00:00 EDT,43.22668,-78.30927,533,65.8,66.9,65.8,77.4,58.6,0.000,0.000,0.00,0.000,4.4,6.9,1.0,202,11,4.7,7.4,1.2,202,11,4.4,6.9,1.0,202,11,0,29.54,,0,0,0,70.7,70.3,68.4,0.25,0.30,0.38
MEDI,2017-08-21 00:05:00 EDT,43.22668,-78.30927,533,65.9,66.9,65.9,76.9,58.4,0.000,0.000,0.00,0.000,4.3,6.6,1.2,197,11,4.6,7.9,1.4,198,11,4.3,6.6,1.2,197,11,0,29.54,,0,0,0,70.4,70.3,68.4,0.25,0.30,0.38
MEDI,2017-08-21 00:10:00 EDT,43.22668,-78.30927,533,66.0,67.0,66.0,76.1,58.3,0.000,0.000,0.00,0.000,4.6,7.1,1.2,195,10,5.0,7.7,1.3,197,9,4.6,7.1,1.2,195,10,0,29.54,,0,0,0,70.3,70.3,68.5,0.25,0.30,0.38
MEDI,2017-08-21 00:15:00 EDT,43.22668,-78.30927,533,65.4,66.5,65.4,76.8,57.9,0.000,0.000,0.00,0.000,4.2,6.4,0.9,193,9,4.5,7.1,1.0,195,9,4.2,6.4,0.9,193,9,0,29.54,,0,0,0,70.3,70.3,68.4,0.25,0.30,0.38
MEDI,2017-08-21 00:20:00 EDT,43.22668,-78.30927,533,65.1,66.2,65.1,77.7,57.9,0.000,0.000,0.00,0.000,4.1,6.2,0.8,195,10,4.4,6.5,0.8,197,9,4.1,6.2,0.8,195,10,0,29.54,,0,0,0,70.3,70.3,68.4,0.25,0.30,0.38
MEDI,2017-08-21 00:25:00 EDT,43.22668,-78.30927,533,65.3,66.3,65.3,77.1,58.0,0.000,0.000,0.00,0.000,4.6,6.2,0.7,197,9,5.1,7.4,0.9,198,8,4.6,6.2,0.7,197,9,0,29.54,,0,0,0,70.3,70.3,68.5,0.25,0.30,0.38
MEDI,2017-08-21 00:30:00 EDT,43.22668,-78.30927,533,65.2,66.2,65.2,76.4,57.6,0.000,0.000,0.00,0.000,4.3,6.3,0.9,203,10,4.5,6.6,1.1,205,10,4.3,6.3,0.9,203,10,0,29.55,,0,0,0,70.3,70.3,68.5,0.25,0.30,0.38
MEDI,2017-08-21 00:35:00 EDT,43.22668,-78.30927,533,65.3,66.3,65.3,76.3,57.6,0.000,0.000,0.00,0.000,3.2,4.7,0.6,223,11,3.4,5.3,0.8,224,10,3.2,4.7,0.6,223,11,0,29.55,,0,0,0,70.3,70.3,68.5,0.25,0.30,0.38
MEDI,2017-08-21 00:40:00 EDT,43.22668,-78.30927,533,64.7,66.2,64.7,77.1,57.4,0.000,0.000,0.00,0.000,3.3,5.5,0.7,210,15,3.5,5.7,0.7,212,14,3.3,5.5,0.7,210,15,0,29.55,,0,0,0,70.3,70.3,68.5,0.25,0.30,0.38
MEDI,2017-08-21 00:45:00 EDT,43.22668,-78.30927,533,64.9,66.4,64.9,77.4,57.7,0.000,0.000,0.00,0.000,4.0,6.4,0.9,194,8,4.4,6.9,1.0,195,7,4.0,6.4,0.9,194,8,0,29.55,,0,0,0,70.3,70.3,68.5,0.25,0.30,0.38
MEDI,2017-08-21 00:50:00 EDT,43.22668,-78.30927,533,65.2,66.6,65.2,77.0,57.8,0.000,0.000,0.00,0.000,4.6,6.5,0.6,196,7,4.9,7.7,0.7,197,7,4.6,6.5,0.6,196,7,0,29.55,,0,0,0,70.3,70.3,68.5,0.25,0.30,0.38
MEDI,2017-08-21 00:55:00 EDT,43.22668,-78.30927,533,64.6,66.1,64.6,77.3,57.3,0.000,0.000,0.00,0.000,3.8,5.3,0.7,197,7,4.0,5.8,0.8,199,7,3.8,5.3,0.7,197,7,0,29.55,,0,0,0,70.3,70.3,68.5,0.25,0.30,0.38
MEDI,2017-08-21 01:00:00 EDT,43.22668,-78.30927,533,64.4,66.0,64.4,78.3,57.5,0.000,0.000,0.00,0.000,3.5,4.7,0.5,189,7,3.7,5.1,0.6,191,6,3.5,4.7,0.5,189,7,0,29.55,,0,0,0,70.2,70.3,68.5,0.25,0.30,0.38
MEDI,2017-08-21 01:05:00 EDT,43.22668,-78.30927,533,64.3,65.8,64.3,80.4,58.2,0.000,0.000,0.00,0.000,3.6,5.0,0.6,192,7,3.9,5.7,0.7,194,7,3.6,5.0,0.6,192,7,0,29.55,,0,0,0,70.0,70.3,68.5,0.25,0.30,0.38
MEDI,2017-08-21 01:10:00 EDT,43.22668,-78.30927,533,64.0,65.5,64.0,81.1,58.1,0.000,0.000,0.00,0.000,3.2,5.1,0.7,192,9,3.5,5.4,0.7,195,10,3.2,5.1,0.7,192,9,0,29.55,,0,0,0,70.0,70.3,68.5,0.25,0.30,0.38
MEDI,2017-08-21 01:15:00 EDT,43.22668,-78.30927,533,63.6,65.4,63.6,82.1,58.0,0.000,0.000,0.00,0.000,3.8,6.5,0.7,190,8,4.0,6.7,0.8,191,7,3.8,6.5,0.7,190,8,0,29.55,,0,0,0,70.0,70.3,68.5,0.25,0.30,0.38
MEDI,2017-08-21 01:20:00 EDT,43.22668,-78.30927,533,63.9,65.5,63.9,81.4,58.1,0.000,0.000,0.00,0.000,4.5,6.6,0.8,187,8,4.8,7.3,0.9,187,7,4.5,6.6,0.8,187,8,0,29.55,,0,0,0,70.0,70.3,68.5,0.25,0.30,0.38
MEDI,2017-08-21 01:25:00 EDT,43.22668,-78.30927,533,63.8,65.4,63.8,81.6,58.0,0.000,0.000,0.00,0.000,4.1,6.3,0.7,191,9,4.3,6.5,0.8,192,8,4.1,6.3,0.7,191,9,0,29.55,,0,0,0,70.0,70.3,68.5,0.25,0.30,0.38
MEDI,2017-08-21 01:30:00 EDT,43.22668,-78.30927,533,63.8,65.2,63.8,80.1,57.6,0.000,0.000,0.00,0.000,3.2,5.8,0.8,193,13,3.6,6.3,0.8,194,12,3.2,5.8,0.8,193,13,0,29.54,,0,0,0,70.0,70.3,68.5,0.25,0.30,0.38
MEDI,2017-08-21 01:35:00 EDT,43.22668,-78.30927,533,63.9,65.3,63.9,80.0,57.6,0.000,0.000,0.00,0.000,4.0,7.0,1.0,200,11,4.5,7.0,1.0,202,11,4.0,7.0,1.0,200,11,0,29.54,,0,0,0,70.0,70.3,68.5,0.25,0.30,0.38
MEDI,2017-08-21 01:40:00 EDT,43.22668,-78.30927,533,64.2,65.8,64.2,78.7,57.4,0.000,0.000,0.00,0.000,4.6,7.0,1.0,200,9,5.0,7.6,1.1,200,8,4.6,7.0,1.0,200,9,0,29.54,,0,0,0,70.0,70.3,68.5,0.25,0.30,0.38
MEDI,2017-08-21 01:45:00 EDT,43.22668,-78.30927,533,64.3,65.9,64.3,78.1,57.3,0.000,0.000,0.00,0.000,5.2,7.2,0.6,202,7,5.6,7.5,0.8,203,7,5.2,7.2,0.6,202,7,0,29.54,,0,0,0,70.0,70.3,68.5,0.25,0.30,0.38
MEDI,2017-08-21 01:50:00 EDT,43.22668,-78.30927,533,64.4,65.9,64.4,77.7,57.3,0.000,0.000,0.00,0.000,6.0,8.3,1.3,203,7,6.4,9.0,1.3,203,7,6.0,8.3,1.3,203,7,0,29.55,,0,0,0,70.0,70.3,68.5,0.25,0.30,0.38
MEDI,2017-08-21 01:55:00 EDT,43.22668,-78.30927,533,64.5,65.9,64.5,76.9,57.2,0.000,0.000,0.00,0.000,4.8,7.1,1.0,197,8,5.2,7.9,1.0,198,7,4.8,7.1,1.0,197,8,0,29.54,,0,0,0,70.0,70.3,68.5,0.25,0.30,0.38
MEDI,2017-08-21 02:00:00 EDT,43.22668,-78.30927,533,64.0,65.7,64.0,78.2,57.1,0.000,0.000,0.00,0.000,3.7,5.1,0.5,194,9,4.0,7.0,0.6,195,8,3.7,5.1,0.5,194,9,0,29.54,,0,0,0,70.0,70.3,68.5,0.25,0.30,0.38
MEDI,2017-08-21 02:05:00 EDT,43.22668,-78.30927,533,63.8,65.4,63.8,79.4,57.3,0.000,0.000,0.00,0.000,3.1,3.8,0.4,197,8,3.4,4.4,0.4,200,8,3.1,3.8,0.4,197,8,0,29.54,,0,0,0,69.8,70.3,68.5,0.25,0.30,0.38
MEDI,2017-08-21 02:10:00 EDT,43.22668,-78.30927,533,63.9,65.5,63.9,79.4,57.4,0.000,0.000,0.00,0.000,3.3,4.5,0.5,196,11,3.5,4.9,0.6,198,11,3.3,4.5,0.5,196,11,0,29.54,,0,0,0,69.6,70.3,68.5,0.25,0.30,0.38
MEDI,2017-08-21 02:15:00 EDT,43.22668,-78.30927,533,64.0,65.5,64.0,78.9,57.3,0.000,0.000,0.00,0.000,2.5,4.0,0.7,195,12,2.8,5.0,0.8,198,12,2.5,4.0,0.7,195,12,0,29.54,,0,0,0,69.6,70.3,68.5,0.25,0.30,0.38
MEDI,2017-08-21 02:20:00 EDT,43.22668,-78.30927,533,64.4,65.6,64.4,79.5,58.0,0.000,0.000,0.00,0.000,2.6,4.2,0.7,196,14,3.0,4.9,0.9,198,13,2.6,4.2,0.7,196,14,0,29.54,,0,0,0,69.6,70.3,68.5,0.25,0.30,0.38
MEDI,2017-08-21 02:25:00 EDT,43.22668,-78.30927,533,64.7,65.6,64.7,78.3,57.8,0.000,0.000,0.00,0.000,3.0,5.5,1.0,199,12,3.2,5.8,1.0,201,13,3.0,5.5,1.0,199,12,0,29.54,,0,0,0,69.6,70.3,68.5,0.25,0.30,0.38
MEDI,2017-08-21 02:30:00 EDT,43.22668,-78.30927,533,64.6,65.6,64.6,78.4,57.7,0.000,0.000,0.00,0.000,2.8,4.3,0.7,195,12,3.1,4.5,0.7,197,12,2.8,4.3,0.7,195,12,0,29.54,,0,0,0,69.6,70.3,68.5,0.25,0.30,0.38
MEDI,2017-08-21 02:35:00 EDT,43.22668,-78.30927,533,64.7,65.6,64.7,78.9,58.0,0.000,0.000,0.00,0.000,2.6,4.2,0.7,188,11,2.9,5.2,0.8,190,12,2.6,4.2,0.7,188,11,0,29.54,,0,0,0,69.6,70.3,68.5,0.25,0.30,0.38
MEDI,2017-08-21 02:40:00 EDT,43.22668,-78.30927,533,64.5,65.5,64.5,79.7,58.1,0.000,0.000,0.00,0.000,3.5,5.6,0.7,184,11,3.8,6.1,0.8,184,11,3.5,5.6,0.7,184,11,0,29.54,,0,0,0,69.6,70.3,68.5,0.25,0.30,0.38
MEDI,2017-08-21 02:45:00 EDT,43.22668,-78.30927,533,64.6,65.7,64.6,80.7,58.6,0.000,0.000,0.00,0.000,4.2,6.2,0.8,190,7,4.5,6.7,0.9,190,8,4.2,6.2,0.8,190,7,0,29.54,,0,0,0,69.6,70.3,68.5,0.25,0.30,0.38
MEDI,2017-08-21 02:50:00 EDT,43.22668,-78.30927,533,64.9,65.7,64.9,80.6,58.8,0.000,0.000,0.00,0.000,3.6,4.9,0.5,190,9,4.0,6.1,0.7,191,9,3.6,4.9,0.5,190,9,0,29.54,,0,0,0,69.6,70.3,68.5,0.25,0.30,0.38
MEDI,2017-08-21 02:55:00 EDT,43.22668,-78.30927,533,64.6,65.6,64.6,80.3,58.4,0.000,0.000,0.00,0.000,3.4,4.8,0.6,188,11,3.8,5.2,0.8,190,10,3.4,4.8,0.6,188,11,0,29.54,,0,0,0,69.6,70.3,68.5,0.25,0.30,0.38
MEDI,2017-08-21 03:00:00 EDT,43.22668,-78.30927,533,64.4,65.6,64.4,81.4,58.6,0.000,0.000,0.00,0.000,3.8,7.5,1.1,187,12,4.1,7.4,1.2,187,10,3.8,7.5,1.1,187,12,0,29.54,,0,0,0,69.6,70.3,68.5,0.25,0.30,0.38
MEDI,2017-08-21 03:05:00 EDT,43.22668,-78.30927,533,64.5,65.8,64.5,82.0,58.9,0.000,0.000,0.00,0.000,4.1,6.1,0.8,186,11,4.5,7.0,1.0,186,10,4.1,6.1,0.8,186,11,0,29.54,,0,0,0,69.5,70.3,68.5,0.25,0.30,0.38
MEDI,2017-08-21 03:10:00 EDT,43.22668,-78.30927,533,64.6,65.7,64.6,81.7,58.9,0.000,0.000,0.00,0.000,4.3,6.7,1.1,187,11,4.6,7.6,1.3,188,10,4.3,6.7,1.1,187,11,0,29.54,,0,0,0,69.4,70.3,68.5,0.25,0.30,0.38
MEDI,2017-08-21 03:15:00 EDT,43.22668,-78.30927,533,64.5,65.7,64.5,81.9,58.8,0.000,0.000,0.00,0.000,4.1,7.4,0.9,190,10,4.5,8.3,1.1,192,9,4.1,7.4,0.9,190,10,0,29.54,,0,0,0,69.3,70.3,68.5,0.25,0.30,0.38
MEDI,2017-08-21 03:20:00 EDT,43.22668,-78.30927,533,64.8,65.6,64.8,81.3,58.9,0.000,0.000,0.00,0.000,3.7,5.3,0.8,191,10,3.9,6.1,0.9,192,9,3.7,5.3,0.8,191,10,0,29.54,,0,0,0,69.3,70.3,68.5,0.25,0.30,0.38
MEDI,2017-08-21 03:25:00 EDT,43.22668,-78.30927,533,64.2,65.3,64.2,81.3,58.4,0.000,0.000,0.00,0.000,3.5,5.8,0.7,194,10,3.9,6.2,0.8,194,9,3.5,5.8,0.7,194,10,0,29.54,,0,0,0,69.3,70.3,68.5,0.25,0.30,0.38
MEDI,2017-08-21 03:30:00 EDT,43.22668,-78.30927,533,64.2,65.4,64.2,82.1,58.7,0.000,0.000,0.00,0.000,3.9,5.8,0.8,194,12,4.2,6.7,0.9,196,10,3.9,5.8,0.8,194,12,0,29.54,,0,0,0,69.3,70.3,68.5,0.25,0.30,0.38
MEDI,2017-08-21 03:35:00 EDT,43.22668,-78.30927,533,64.2,65.3,64.2,82.4,58.8,0.000,0.000,0.00,0.000,3.9,6.4,0.9,191,10,4.2,6.8,0.9,192,10,3.9,6.4,0.9,191,10,0,29.54,,0,0,0,69.3,70.3,68.5,0.25,0.30,0.38
MEDI,2017-08-21 03:40:00 EDT,43.22668,-78.30927,533,64.2,65.0,64.2,83.2,59.0,0.000,0.000,0.00,0.000,3.1,4.6,0.6,184,11,3.3,5.1,0.8,184,10,3.1,4.6,0.6,184,11,0,29.54,,0,0,0,69.3,70.3,68.5,0.25,0.30,0.38
MEDI,2017-08-21 03:45:00 EDT,43.22668,-78.30927,533,64.2,65.0,64.2,83.4,59.1,0.000,0.000,0.00,0.000,3.1,4.5,0.6,190,12,3.4,5.1,0.8,192,12,3.1,4.5,0.6,190,12,0,29.54,,0,0,0,69.3,70.3,68.5,0.25,0.30,0.38
MEDI,2017-08-21 03:50:00 EDT,43.22668,-78.30927,533,64.1,64.9,64.1,83.3,59.0,0.000,0.000,0.00,0.000,2.6,4.7,0.9,197,14,2.9,5.4,0.9,201,15,2.6,4.7,0.9,197,14,0,29.54,,0,0,0,69.3,70.3,68.5,0.25,0.30,0.38
MEDI,2017-08-21 03:55:00 EDT,43.22668,-78.30927,533,64.1,64.8,64.1,83.8,59.1,0.000,0.000,0.00,0.000,3.9,5.7,1.0,187,12,4.3,7.0,1.1,187,11,3.9,5.7,1.0,187,12,0,29.54,,0,0,0,69.3,70.2,68.5,0.25,0.30,0.38
MEDI,2017-08-21 04:00:00 EDT,43.22668,-78.30927,533,64.4,64.9,64.4,83.6,59.3,0.000,0.000,0.00,0.000,4.6,7.7,1.0,192,10,5.0,9.3,1.2,192,10,4.6,7.7,1.0,192,10,0,29.54,,0,0,0,69.3,70.3,68.5,0.25,0.30,0.38
MEDI,2017-08-21 04:05:00 EDT,43.22668,-78.30927,533,64.3,64.7,64.3,83.5,59.2,0.000,0.000,0.00,0.000,3.3,4.9,0.8,187,12,3.8,5.9,1.0,187,12,3.3,4.9,0.8,187,12,0,29.54,,0,0,0,69.3,70.3,68.5,0.25,0.30,0.38
MEDI,2017-08-21 04:10:00 EDT,43.22668,-78.30927,533,64.2,64.8,64.2,83.9,59.3,0.000,0.000,0.00,0.000,3.5,5.9,0.8,186,9,3.7,6.3,0.9,187,9,3.5,5.9,0.8,186,9,0,29.54,,0,0,0,69.3,70.3,68.5,0.25,0.30,0.38
MEDI,2017-08-21 04:15:00 EDT,43.22668,-78.30927,533,64.2,64.8,64.2,84.4,59.4,0.000,0.000,0.00,0.000,3.3,5.6,0.7,187,11,3.5,5.4,0.8,188,10,3.3,5.6,0.7,187,11,0,29.53,,0,0,0,69.3,70.3,68.5,0.25,0.30,0.38
MEDI,2017-08-21 04:20:00 EDT,43.22668,-78.30927,533,64.3,64.9,64.3,84.7,59.6,0.000,0.000,0.00,0.000,3.6,5.7,0.8,183,9,3.9,6.5,0.8,183,9,3.6,5.7,0.8,183,9,0,29.53,,0,0,0,69.3,70.2,68.5,0.25,0.30,0.38
MEDI,2017-08-21 04:25:00 EDT,43.22668,-78.30927,533,64.4,65.0,64.4,84.3,59.6,0.000,0.000,0.00,0.000,3.2,4.2,0.5,186,7,3.5,4.9,0.6,186,7,3.2,4.2,0.5,186,7,0,29.53,,0,0,0,69.3,70.3,68.5,0.25,0.30,0.38
MEDI,2017-08-21 04:30:00 EDT,43.22668,-78.30927,533,64.4,65.1,64.4,83.6,59.3,0.000,0.000,0.00,0.000,2.5,3.4,0.4,188,8,2.7,3.8,0.5,189,9,2.5,3.4,0.4,188,8,0,29.53,,0,0,0,69.3,70.2,68.5,0.25,0.30,0.38
MEDI,2017-08-21 04:35:00 EDT,43.22668,-78.30927,533,64.4,65.0,64.4,83.5,59.3,0.000,0.000,0.00,0.000,2.6,4.1,0.8,185,10,2.8,5.1,0.9,187,10,2.6,4.1,0.8,185,10,0,29.53,,0,0,0,69.3,70.2,68.5,0.25,0.30,0.38
MEDI,2017-08-21 04:40:00 EDT,43.22668,-78.30927,533,64.5,65.1,64.5,83.8,59.4,0.000,0.000,0.00,0.000,3.0,4.3,0.6,184,10,3.4,5.2,0.8,185,8,3.0,4.3,0.6,184,10,0,29.53,,0,0,0,69.2,70.1,68.5,0.25,0.30,0.38
MEDI,2017-08-21 04:45:00 EDT,43.22668,-78.30927,533,64.9,65.4,64.9,83.1,59.6,0.000,0.000,0.00,0.000,3.0,3.9,0.4,183,7,3.3,4.6,0.5,183,7,3.0,3.9,0.4,183,7,0,29.53,,0,0,0,69.1,70.1,68.5,0.25,0.30,0.38
MEDI,2017-08-21 04:50:00 EDT,43.22668,-78.30927,533,64.5,65.5,64.5,83.0,59.2,0.000,0.000,0.00,0.000,2.5,3.5,0.4,193,9,2.7,4.0,0.5,195,11,2.5,3.5,0.4,193,9,0,29.54,,0,0,0,69.1,70.0,68.5,0.25,0.30,0.38
MEDI,2017-08-21 04:55:00 EDT,43.22668,-78.30927,533,64.8,65.6,64.8,81.9,59.1,0.000,0.000,0.00,0.000,3.9,6.4,0.9,190,12,4.2,6.5,1.0,192,10,3.9,6.4,0.9,190,12,0,29.54,,0,0,0,69.0,70.1,68.5,0.25,0.30,0.38
MEDI,2017-08-21 05:00:00 EDT,43.22668,-78.30927,533,64.8,65.5,64.8,81.7,59.1,0.000,0.000,0.00,0.000,4.1,5.8,0.7,192,11,4.6,6.4,0.9,194,11,4.1,5.8,0.7,192,11,0,29.54,,0,0,0,68.9,70.0,68.5,0.25,0.30,0.38
MEDI,2017-08-21 05:05:00 EDT,43.22668,-78.30927,533,64.8,65.7,64.8,81.6,59.0,0.000,0.000,0.00,0.000,4.4,6.6,0.8,191,10,4.9,8.0,0.9,192,9,4.4,6.6,0.8,191,10,0,29.54,,0,0,0,68.9,70.0,68.5,0.25,0.30,0.38
MEDI,2017-08-21 05:10:00 EDT,43.22668,-78.30927,533,64.8,65.5,64.8,81.6,59.1,0.000,0.000,0.00,0.000,4.4,6.4,0.9,193,10,4.7,6.7,1.1,193,9,4.4,6.4,0.9,193,10,0,29.54,,0,0,0,68.9,70.0,68.5,0.25,0.30,0.38
MEDI,2017-08-21 05:15:00 EDT,43.22668,-78.30927,533,64.9,65.5,64.9,81.3,59.1,0.000,0.000,0.00,0.000,4.4,7.7,0.9,193,9,4.8,8.0,1.0,193,9,4.4,7.7,0.9,193,9,0,29.54,,0,0,0,68.9,70.0,68.5,0.25,0.30,0.38
MEDI,2017-08-21 05:20:00 EDT,43.22668,-78.30927,533,64.7,65.4,64.7,81.5,58.9,0.000,0.000,0.00,0.000,3.5,5.8,0.8,190,12,3.8,5.9,0.8,191,12,3.5,5.8,0.8,190,12,0,29.54,,0,0,0,68.9,70.0,68.5,0.25,0.30,0.38
MEDI,2017-08-21 05:25:00 EDT,43.22668,-78.30927,533,64.7,65.5,64.7,81.8,59.0,0.000,0.000,0.00,0.000,3.4,5.9,0.7,190,9,3.8,6.5,0.8,190,9,3.4,5.9,0.7,190,9,0,29.53,,0,0,0,68.9,70.0,68.5,0.25,0.30,0.38
MEDI,2017-08-21 05:30:00 EDT,43.22668,-78.30927,533,64.7,65.6,64.7,81.7,58.9,0.000,0.000,0.00,0.000,4.0,5.8,0.7,189,9,4.3,6.4,0.8,191,8,4.0,5.8,0.7,189,9,0,29.53,,0,0,0,68.9,70.0,68.5,0.25,0.30,0.38
MEDI,2017-08-21 05:35:00 EDT,43.22668,-78.30927,533,64.8,65.8,64.8,81.4,58.9,0.000,0.000,0.00,0.000,4.2,5.5,0.5,190,9,4.6,6.3,0.7,191,8,4.2,5.5,0.5,190,9,0,29.53,,0,0,0,68.9,70.0,68.5,0.25,0.30,0.38
MEDI,2017-08-21 05:40:00 EDT,43.22668,-78.30927,533,64.8,65.8,64.8,81.2,58.9,0.000,0.000,0.00,0.000,4.0,5.8,0.7,191,10,4.3,7.4,0.9,192,8,4.0,5.8,0.7,191,10,0,29.53,,0,0,0,68.9,70.0,68.5,0.25,0.30,0.38
MEDI,2017-08-21 05:45:00 EDT,43.22668,-78.30927,533,65.0,65.9,65.0,80.8,59.0,0.000,0.000,0.00,0.000,4.4,6.1,0.7,190,11,4.7,7.0,0.9,191,10,4.4,6.1,0.7,190,11,0,29.53,,0,0,0,68.9,70.0,68.5,0.25,0.30,0.38
MEDI,2017-08-21 05:50:00 EDT,43.22668,-78.30927,533,65.1,66.0,65.1,80.9,59.0,0.000,0.000,0.00,0.000,4.4,6.6,0.8,190,12,4.9,7.0,0.9,192,10,4.4,6.6,0.8,190,12,0,29.53,,0,0,0,68.9,70.0,68.5,0.25,0.30,0.38
MEDI,2017-08-21 05:55:00 EDT,43.22668,-78.30927,533,65.4,66.0,65.4,79.8,59.0,0.000,0.000,0.00,0.000,5.6,8.3,1.1,192,11,6.1,8.8,1.2,192,10,5.6,8.3,1.1,192,11,0,29.53,,0,0,0,68.9,70.0,68.5,0.25,0.30,0.38
MEDI,2017-08-21 06:00:00 EDT,43.22668,-78.30927,533,64.9,65.7,64.9,80.2,58.7,0.000,0.000,0.00,0.000,4.4,7.3,1.0,191,12,4.9,7.9,1.2,193,11,4.4,7.3,1.0,191,12,0,29.53,,0,0,0,68.9,70.0,68.5,0.25,0.30,0.38
MEDI,2017-08-21 06:05:00 EDT,43.22668,-78.30927,533,64.9,65.7,64.9,80.9,58.9,0.000,0.000,0.00,0.000,4.5,6.1,0.9,192,11,5.0,7.6,1.1,193,10,4.5,6.1,0.9,192,11,0,29.53,,0,0,0,68.9,70.0,68.5,0.25,0.30,0.38
MEDI,2017-08-21 06:10:00 EDT,43.22668,-78.30927,533,65.3,66.0,65.3,79.7,58.9,0.000,0.000,0.00,0.000,5.1,8.0,1.1,192,9,5.6,9.1,1.3,192,9,5.1,8.0,1.1,192,9,0,29.53,,0,0,0,68.9,70.0,68.5,0.25,0.30,0.38
MEDI,2017-08-21 06:15:00 EDT,43.22668,-78.30927,533,65.5,66.1,65.5,79.4,58.9,0.000,0.000,0.00,0.000,4.9,7.3,0.9,192,10,5.3,8.4,1.2,193,9,4.9,7.3,0.9,192,10,1,29.53,,0,0,0,68.9,70.0,68.5,0.25,0.30,0.38
MEDI,2017-08-21 06:20:00 EDT,43.22668,-78.30927,533,65.3,66.1,65.3,79.2,58.7,0.000,0.000,0.00,0.000,4.9,7.7,1.0,193,10,5.3,9.1,1.1,193,10,4.9,7.7,1.0,193,10,1,29.53,,0,0,0,68.9,70.0,68.5,0.25,0.30,0.38
MEDI,2017-08-21 06:25:00 EDT,43.22668,-78.30927,533,65.3,66.0,65.3,79.1,58.7,0.000,0.000,0.00,0.000,4.6,7.0,1.0,191,9,4.9,8.0,1.0,191,9,4.6,7.0,1.0,191,9,2,29.53,,0,0,0,68.9,70.0,68.5,0.25,0.30,0.38
MEDI,2017-08-21 06:30:00 EDT,43.22668,-78.30927,533,65.2,66.0,65.2,79.3,58.7,0.000,0.000,0.00,0.000,4.5,6.1,0.7,189,11,4.8,8.1,0.9,190,11,4.5,6.1,0.7,189,11,2,29.53,,0,0,0,68.9,70.0,68.5,0.25,0.30,0.38
MEDI,2017-08-21 06:35:00 EDT,43.22668,-78.30927,533,65.1,66.1,65.1,79.5,58.6,0.000,0.000,0.00,0.000,4.2,5.6,0.5,193,9,4.5,6.7,0.7,193,8,4.2,5.6,0.5,193,9,3,29.53,,0,0,0,68.9,70.0,68.5,0.25,0.30,0.38
MEDI,2017-08-21 06:40:00 EDT,43.22668,-78.30927,533,65.1,65.9,65.1,79.1,58.5,0.000,0.000,0.00,0.000,4.2,7.1,0.8,191,10,4.6,7.1,0.9,193,11,4.2,7.1,0.8,191,10,5,29.53,,0,0,0,68.9,70.0,68.5,0.25,0.30,0.38
MEDI,2017-08-21 06:45:00 EDT,43.22668,-78.30927,533,64.9,65.9,64.9,79.9,58.6,0.000,0.000,0.00,0.000,4.0,6.9,0.8,194,12,4.3,7.8,0.9,195,12,4.0,6.9,0.8,194,12,7,29.53,,0,0,0,68.9,70.0,68.5,0.25,0.30,0.38
MEDI,2017-08-21 06:50:00 EDT,43.22668,-78.30927,533,65.0,65.9,65.0,79.8,58.6,0.000,0.000,0.00,0.000,3.9,5.5,0.6,189,13,4.4,6.5,0.7,190,11,3.9,5.5,0.6,189,13,12,29.53,,0,0,0,68.9,70.0,68.5,0.25,0.30,0.38
MEDI,2017-08-21 06:55:00 EDT,43.22668,-78.30927,533,65.0,66.0,65.0,79.6,58.5,0.000,0.000,0.00,0.000,4.1,5.6,0.6,193,9,4.5,6.2,0.7,194,8,4.1,5.6,0.6,193,9,21,29.53,,0,0,0,68.8,70.0,68.5,0.25,0.30,0.38
MEDI,2017-08-21 07:00:00 EDT,43.22668,-78.30927,533,65.3,66.1,65.3,79.3,58.7,0.000,0.000,0.00,0.000,4.6,7.0,0.7,193,9,4.9,7.1,0.7,194,10,4.6,7.0,0.7,193,9,32,29.53,,0,0,0,68.7,70.0,68.5,0.25,0.30,0.38
MEDI,2017-08-21 07:05:00 EDT,43.22668,-78.30927,533,65.4,66.0,65.4,79.5,58.9,0.000,0.000,0.00,0.000,5.8,9.4,1.4,202,11,6.2,9.9,1.3,202,10,5.8,9.4,1.4,202,11,60,29.54,,0,0,0,68.5,70.0,68.5,0.25,0.30,0.38
MEDI,2017-08-21 07:10:00 EDT,43.22668,-78.30927,533,65.7,66.3,65.7,79.3,59.1,0.000,0.000,0.00,0.000,5.9,8.5,1.2,194,10,6.5,9.7,1.2,194,9,5.9,8.5,1.2,194,10,69,29.54,,0,0,0,68.5,70.0,68.5,0.25,0.30,0.38
MEDI,2017-08-21 07:15:00 EDT,43.22668,-78.30927,533,66.2,66.8,66.2,78.3,59.3,0.000,0.000,0.00,0.000,4.6,7.9,1.1,189,12,5.1,8.7,1.1,190,10,4.6,7.9,1.1,189,12,73,29.54,,0,0,0,68.5,70.0,68.5,0.25,0.30,0.38
MEDI,2017-08-21 07:20:00 EDT,43.22668,-78.30927,533,66.6,67.0,66.6,77.3,59.2,0.000,0.000,0.00,0.000,5.7,7.7,1.1,190,10,6.1,8.9,1.2,190,7,5.7,7.7,1.1,190,10,86,29.54,,0,0,0,68.5,70.0,68.5,0.25,0.30,0.38
MEDI,2017-08-21 07:25:00 EDT,43.22668,-78.30927,533,66.6,66.9,66.6,76.4,59.0,0.000,0.000,0.00,0.000,5.4,8.4,1.1,193,9,5.7,8.7,1.2,194,7,5.4,8.4,1.1,193,9,103,29.54,,0,0,0,68.5,70.0,68.5,0.25,0.30,0.38
MEDI,2017-08-21 07:30:00 EDT,43.22668,-78.30927,533,66.8,67.1,66.8,76.7,59.3,0.000,0.000,0.00,0.000,4.7,7.0,0.8,190,10,5.1,7.4,0.9,190,7,4.7,7.0,0.8,190,10,118,29.54,,0,0,0,68.5,70.0,68.5,0.25,0.30,0.38
MEDI,2017-08-21 07:35:00 EDT,43.22668,-78.30927,533,67.1,67.4,67.1,76.1,59.3,0.000,0.000,0.00,0.000,4.4,6.6,0.8,191,9,4.7,8.1,1.0,193,7,4.4,6.6,0.8,191,9,79,29.54,,0,0,0,68.5,70.0,68.5,0.25,0.30,0.38
MEDI,2017-08-21 07:40:00 EDT,43.22668,-78.30927,533,67.2,67.5,67.2,76.3,59.5,0.000,0.000,0.00,0.000,4.1,6.1,1.0,194,10,4.4,6.9,1.2,195,10,4.1,6.1,1.0,194,10,101,29.54,,0,0,0,68.5,70.0,68.5,0.25,0.30,0.38
MEDI,2017-08-21 07:45:00 EDT,43.22668,-78.30927,533,67.2,67.5,67.2,77.5,59.9,0.000,0.000,0.00,0.000,3.4,6.0,0.8,201,9,3.6,6.3,0.9,203,8,3.4,6.0,0.8,201,9,90,29.54,,0,0,0,68.5,70.0,68.5,0.25,0.30,0.38
MEDI,2017-08-21 07:50:00 EDT,43.22668,-78.30927,533,67.5,67.7,67.5,77.0,60.0,0.000,0.000,0.00,0.000,4.9,6.9,0.8,198,8,5.3,7.2,0.9,198,7,4.9,6.9,0.8,198,8,159,29.53,,0,0,0,68.5,70.0,68.5,0.25,0.30,0.38
MEDI,2017-08-21 07:55:00 EDT,43.22668,-78.30927,533,68.0,68.1,68.0,76.2,60.2,0.000,0.000,0.00,0.000,5.2,7.1,0.8,196,7,5.7,8.1,0.9,196,7,5.2,7.1,0.8,196,7,177,29.53,,0,0,0,68.5,70.0,68.5,0.25,0.30,0.38
MEDI,2017-08-21 08:00:00 EDT,43.22668,-78.30927,533,68.4,68.5,68.4,76.0,60.5,0.000,0.000,0.00,0.000,5.4,7.9,1.1,196,9,5.8,8.1,1.1,196,8,5.4,7.9,1.1,196,9,187,29.54,,0,0,0,68.5,70.0,68.5,0.25,0.30,0.38
MEDI,2017-08-21 08:05:00 EDT,43.22668,-78.30927,533,68.8,69.0,68.8,74.5,60.4,0.000,0.000,0.00,0.000,6.1,8.3,1.2,201,7,6.3,9.1,1.4,201,6,6.1,8.3,1.2,201,7,209,29.54,,0,0,0,68.5,70.0,68.5,0.25,0.30,0.38
MEDI,2017-08-21 08:10:00 EDT,43.22668,-78.30927,533,69.6,69.6,69.6,74.9,61.3,0.000,0.000,0.00,0.000,3.8,5.8,0.9,203,11,3.9,6.5,1.0,205,10,3.8,5.8,0.9,203,11,200,29.54,,0,0,0,68.5,70.0,68.5,0.25,0.30,0.38
MEDI,2017-08-21 08:15:00 EDT,43.22668,-78.30927,533,70.3,70.2,70.3,72.9,61.1,0.000,0.000,0.00,0.000,3.9,5.8,0.8,223,12,4.1,6.3,0.9,223,10,3.9,5.8,0.8,223,12,238,29.54,,0,0,0,68.5,70.0,68.5,0.25,0.30,0.38
MEDI,2017-08-21 08:20:00 EDT,43.22668,-78.30927,533,70.6,70.6,70.6,71.3,60.9,0.000,0.000,0.00,0.000,4.4,6.3,0.8,226,11,4.6,7.1,1.0,228,10,4.4,6.3,0.8,226,11,221,29.55,,0,0,0,68.5,70.0,68.5,0.25,0.30,0.38
MEDI,2017-08-21 08:25:00 EDT,43.22668,-78.30927,533,70.7,70.7,70.7,71.8,61.2,0.000,0.000,0.00,0.000,3.0,6.0,1.0,250,19,3.2,6.1,1.0,253,19,3.0,6.0,1.0,250,19,188,29.55,,0,0,0,68.5,70.0,68.5,0.25,0.30,0.38
MEDI,2017-08-21 08:30:00 EDT,43.22668,-78.30927,533,70.7,70.6,70.7,72.1,61.3,0.000,0.000,0.00,0.000,2.7,5.0,0.9,238,18,2.9,5.1,1.0,241,17,2.7,5.0,0.9,238,18,227,29.55,,0,0,0,68.5,70.0,68.5,0.25,0.30,0.38
MEDI,2017-08-21 08:35:00 EDT,43.22668,-78.30927,533,71.1,70.9,71.1,72.6,61.9,0.000,0.000,0.00,0.000,2.2,4.7,1.0,241,24,2.5,4.9,1.0,245,24,2.2,4.7,1.0,241,24,275,29.55,,0,0,0,68.5,70.0,68.5,0.25,0.30,0.38
MEDI,2017-08-21 08:40:00 EDT,43.22668,-78.30927,533,71.3,71.1,71.3,72.9,62.2,0.000,0.000,0.00,0.000,2.4,4.6,0.9,239,21,2.8,5.5,0.9,241,22,2.4,4.6,0.9,239,21,224,29.55,,0,0,0,68.5,70.0,68.5,0.25,0.30,0.38
MEDI,2017-08-21 08:45:00 EDT,43.22668,-78.30927,533,71.8,71.5,71.8,72.6,62.5,0.000,0.000,0.00,0.000,2.8,5.3,0.9,226,21,2.9,5.3,0.9,228,22,2.8,5.3,0.9,226,21,316,29.55,,0,0,0,68.5,70.0,68.5,0.25,0.30,0.38
MEDI,2017-08-21 08:50:00 EDT,43.22668,-78.30927,533,72.4,72.1,72.4,70.7,62.3,0.000,0.000,0.00,0.000,6.2,10.4,1.4,207,15,6.6,9.8,1.4,208,15,6.2,10.4,1.4,207,15,371,29.55,,0,0,0,68.5,70.0,68.5,0.25,0.30,0.38
MEDI,2017-08-21 08:55:00 EDT,43.22668,-78.30927,533,72.7,72.6,72.7,69.5,62.2,0.000,0.000,0.00,0.000,6.4,10.4,1.8,204,10,6.9,12.1,1.7,205,9,6.4,10.4,1.8,204,10,245,29.55,,0,0,0,68.5,70.0,68.5,0.25,0.30,0.38
MEDI,2017-08-21 09:00:00 EDT,43.22668,-78.30927,533,72.7,72.7,72.7,68.6,61.7,0.000,0.000,0.00,0.000,7.5,11.3,1.6,207,11,8.0,12.2,1.7,206,9,7.5,11.3,1.6,207,11,227,29.55,,0,0,0,68.5,70.0,68.5,0.25,0.30,0.38
MEDI,2017-08-21 09:05:00 EDT,43.22668,-78.30927,533,72.2,72.3,72.2,68.7,61.3,0.000,0.000,0.00,0.000,7.5,11.1,1.2,210,14,8.0,12.1,1.4,210,13,7.5,11.1,1.2,210,14,154,29.55,,0,0,0,68.5,70.0,68.5,0.25,0.30,0.38
MEDI,2017-08-21 09:10:00 EDT,43.22668,-78.30927,533,72.3,72.2,72.3,70.1,62.0,0.000,0.000,0.00,0.000,6.0,9.1,1.3,207,12,6.4,10.3,1.4,208,13,6.0,9.1,1.3,207,12,330,29.55,,0,0,0,68.5,70.0,68.5,0.25,0.30,0.38
MEDI,2017-08-21 09:15:00 EDT,43.22668,-78.30927,533,72.9,72.7,72.9,71.1,63.0,0.000,0.000,0.00,0.000,5.0,7.5,1.1,209,14,5.3,8.1,1.1,211,13,5.0,7.5,1.1,209,14,243,29.55,,0,0,0,68.5,70.0,68.5,0.25,0.30,0.38
MEDI,2017-08-21 09:20:00 EDT,43.22668,-78.30927,533,73.1,73.1,73.1,70.0,62.8,0.000,0.000,0.00,0.000,7.4,12.8,1.8,217,13,7.7,13.9,1.9,216,12,7.4,12.8,1.8,217,13,251,29.55,,0,0,0,68.5,70.0,68.5,0.25,0.30,0.38
MEDI,2017-08-21 09:25:00 EDT,43.22668,-78.30927,533,73.4,73.2,73.4,71.6,63.7,0.000,0.000,0.00,0.000,4.8,7.2,0.8,212,15,5.4,7.7,0.9,213,13,4.8,7.2,0.8,212,15,234,29.55,,0,0,0,68.5,69.9,68.5,0.25,0.30,0.38
MEDI,2017-08-21 09:30:00 EDT,43.22668,-78.30927,533,73.5,73.3,73.5,72.0,63.9,0.000,0.000,0.00,0.000,6.0,8.8,1.2,206,15,6.5,10.0,1.2,207,14,6.0,8.8,1.2,206,15,269,29.55,,0,0,0,68.5,69.9,68.5,0.25,0.30,0.38
MEDI,2017-08-21 09:35:00 EDT,43.22668,-78.30927,533,73.5,73.3,73.5,71.3,63.6,0.000,0.000,0.00,0.000,6.1,8.8,1.2,204,12,6.5,10.2,1.3,202,11,6.1,8.8,1.2,204,12,284,29.55,,0,0,0,68.6,69.9,68.5,0.25,0.30,0.38
MEDI,2017-08-21 09:40:00 EDT,43.22668,-78.30927,533,73.7,73.5,73.7,71.2,63.8,0.000,0.000,0.00,0.000,6.5,11.0,2.1,209,17,7.0,11.3,2.1,208,16,6.5,11.0,2.1,209,17,398,29.54,,0,0,0,68.6,69.8,68.5,0.25,0.30,0.38
MEDI,2017-08-21 09:45:00 EDT,43.22668,-78.30927,533,74.5,74.0,74.5,71.6,64.7,0.000,0.000,0.00,0.000,5.9,8.5,1.2,208,13,6.4,9.3,1.3,209,13,5.9,8.5,1.2,208,13,395,29.54,,0,0,0,68.8,69.8,68.5,0.25,0.30,0.38
MEDI,2017-08-21 09:50:00 EDT,43.22668,-78.30927,533,74.4,74.2,74.4,70.2,64.1,0.000,0.000,0.00,0.000,7.9,11.3,1.6,218,14,8.5,11.8,1.6,217,13,7.9,11.3,1.6,218,14,334,29.55,,0,0,0,68.9,69.7,68.5,0.25,0.30,0.38
MEDI,2017-08-21 09:55:00 EDT,43.22668,-78.30927,533,74.5,74.3,74.5,71.1,64.5,0.000,0.000,0.00,0.000,7.1,12.8,2.0,214,14,7.6,13.1,2.0,213,14,7.1,12.8,2.0,214,14,374,29.54,,0,0,0,68.9,69.7,68.5,0.24,0.30,0.38
MEDI,2017-08-21 10:00:00 EDT,43.22668,-78.30927,533,74.7,74.4,74.7,70.8,64.6,0.000,0.000,0.00,0.000,6.5,10.8,1.7,221,14,6.8,11.2,1.7,222,13,6.5,10.8,1.7,221,14,325,29.54,,0,0,0,68.9,69.7,68.5,0.24,0.30,0.38
MEDI,2017-08-21 10:05:00 EDT,43.22668,-78.30927,533,75.0,74.7,75.0,72.1,65.4,0.000,0.000,0.00,0.000,5.3,8.8,1.4,212,19,5.8,9.0,1.5,214,16,5.3,8.8,1.4,212,19,452,29.54,,0,0,0,68.9,69.6,68.5,0.24,0.30,0.38
MEDI,2017-08-21 10:10:00 EDT,43.22668,-78.30927,533,75.8,75.3,75.8,70.6,65.6,0.000,0.000,0.00,0.000,5.6,9.3,2.1,229,16,6.0,8.9,1.9,229,15,5.6,9.3,2.1,229,16,486,29.53,,0,0,0,68.9,69.6,68.5,0.24,0.30,0.38
MEDI,2017-08-21 10:15:00 EDT,43.22668,-78.30927,533,76.0,75.4,76.0,69.7,65.4,0.000,0.000,0.00,0.000,7.2,9.7,1.1,224,12,7.4,10.2,1.2,224,11,7.2,9.7,1.1,224,12,642,29.53,,0,0,0,68.9,69.6,68.5,0.24,0.30,0.38
MEDI,2017-08-21 10:20:00 EDT,43.22668,-78.30927,533,76.4,76.0,76.4,69.4,65.7,0.000,0.000,0.00,0.000,5.8,8.7,1.3,218,14,6.2,9.4,1.5,219,15,5.8,8.7,1.3,218,14,625,29.53,,0,0,0,68.9,69.6,68.5,0.24,0.30,0.38
MEDI,2017-08-21 10:25:00 EDT,43.22668,-78.30927,533,76.4,76.1,76.4,69.3,65.6,0.000,0.000,0.00,0.000,5.8,8.4,1.2,225,16,6.1,8.8,1.2,226,14,5.8,8.4,1.2,225,16,436,29.53,,0,0,0,68.9,69.6,68.5,0.24,0.30,0.38
MEDI,2017-08-21 10:30:00 EDT,43.22668,-78.30927,533,76.5,76.1,76.5,68.6,65.4,0.000,0.000,0.00,0.000,6.9,10.1,1.5,232,14,7.0,10.3,1.5,231,13,6.9,10.1,1.5,232,14,554,29.53,,0,0,0,68.9,69.6,68.5,0.24,0.30,0.38
MEDI,2017-08-21 10:35:00 EDT,43.22668,-78.30927,533,77.0,76.4,77.0,69.9,66.4,0.000,0.000,0.00,0.000,5.8,9.5,1.4,215,19,6.1,9.6,1.5,214,18,5.8,9.5,1.4,215,19,569,29.53,,0,0,0,68.9,69.6,68.5,0.24,0.30,0.38
MEDI,2017-08-21 10:40:00 EDT,43.22668,-78.30927,533,77.7,76.9,77.7,71.0,67.5,0.000,0.000,0.00,0.000,4.8,9.0,1.6,215,19,5.5,10.4,1.7,215,18,4.8,9.0,1.6,215,19,596,29.53,,0,0,0,68.9,69.6,68.5,0.24,0.30,0.38
MEDI,2017-08-21 10:45:00 EDT,43.22668,-78.30927,533,77.4,76.8,77.4,68.1,66.0,0.000,0.000,0.00,0.000,6.8,11.6,2.1,220,12,7.2,12.4,1.9,221,13,6.8,11.6,2.1,220,12,623,29.53,,0,0,0,69.2,69.6,68.5,0.24,0.30,0.38
MEDI,2017-08-21 10:50:00 EDT,43.22668,-78.30927,533,77.2,76.8,77.2,68.8,66.2,0.000,0.000,0.00,0.000,5.9,9.9,1.4,214,16,6.3,10.2,1.4,215,15,5.9,9.9,1.4,214,16,615,29.53,,0,0,0,69.3,69.6,68.5,0.24,0.30,0.38
MEDI,2017-08-21 10:55:00 EDT,43.22668,-78.30927,533,77.7,77.1,77.7,70.1,67.2,0.000,0.000,0.00,0.000,7.8,13.4,2.1,201,12,8.3,13.8,2.0,201,11,7.8,13.4,2.1,201,12,616,29.53,,0,0,0,69.3,69.6,68.5,0.24,0.30,0.38
MEDI,2017-08-21 11:00:00 EDT,43.22668,-78.30927,533,78.0,77.3,78.0,69.8,67.4,0.000,0.000,0.00,0.000,6.1,9.6,1.6,209,19,6.5,10.5,1.7,211,18,6.1,9.6,1.6,209,19,624,29.53,,0,0,0,69.3,69.6,68.5,0.24,0.30,0.38
MEDI,2017-08-21 11:05:00 EDT,43.22668,-78.30927,533,78.4,77.7,78.4,68.3,67.0,0.000,0.000,0.00,0.000,5.9,10.2,1.9,232,17,6.2,10.8,1.9,234,15,5.9,10.2,1.9,232,17,630,29.53,,0,0,0,69.3,69.6,68.5,0.24,0.30,0.38
MEDI,2017-08-21 11:10:00 EDT,43.22668,-78.30927,533,78.6,78.0,78.6,68.0,67.2,0.000,0.000,0.00,0.000,6.9,10.3,1.6,226,12,7.1,10.5,1.5,227,11,6.9,10.3,1.6,226,12,647,29.53,,0,0,0,69.3,69.6,68.5,0.24,0.30,0.38
MEDI,2017-08-21 11:15:00 EDT,43.22668,-78.30927,533,78.7,78.1,78.7,67.6,67.1,0.000,0.000,0.00,0.000,9.3,15.6,2.4,219,13,9.8,15.7,2.4,219,13,9.3,15.6,2.4,219,13,646,29.53,,0,0,0,69.3,69.6,68.5,0.24,0.30,0.38
MEDI,2017-08-21 11:20:00 EDT,43.22668,-78.30927,533,78.9,78.4,78.9,66.9,67.0,0.000,0.000,0.00,0.000,8.5,12.7,1.7,228,17,8.8,13.1,1.7,227,15,8.5,12.7,1.7,228,17,663,29.53,,0,0,0,69.3,69.6,68.5,0.24,0.30,0.38
MEDI,2017-08-21 11:25:00 EDT,43.22668,-78.30927,533,79.1,78.5,79.1,66.9,67.1,0.000,0.000,0.00,0.000,7.4,12.3,2.1,231,18,7.8,12.7,2.0,233,18,7.4,12.3,2.1,231,18,648,29.53,,0,0,0,69.4,69.6,68.5,0.24,0.30,0.38
MEDI,2017-08-21 11:30:00 EDT,43.22668,-78.30927,533,79.2,78.6,79.2,65.8,66.8,0.000,0.000,0.00,0.000,7.7,13.2,2.0,230,11,7.9,13.2,2.0,230,10,7.7,13.2,2.0,230,11,694,29.53,,0,0,0,69.6,69.6,68.5,0.24,0.30,0.38
MEDI,2017-08-21 11:35:00 EDT,43.22668,-78.30927,533,79.5,78.8,79.5,68.1,68.0,0.000,0.000,0.00,0.000,7.3,11.8,1.8,216,16,7.6,12.5,1.7,217,15,7.3,11.8,1.8,216,16,704,29.53,,0,0,0,69.6,69.6,68.5,0.24,0.30,0.38
MEDI,2017-08-21 11:40:00 EDT,43.22668,-78.30927,533,79.5,78.8,79.5,66.6,67.4,0.000,0.000,0.00,0.000,9.2,14.0,1.7,221,13,9.6,13.9,1.8,222,12,9.2,14.0,1.7,221,13,693,29.53,,0,0,0,69.6,69.6,68.5,0.24,0.30,0.38
MEDI,2017-08-21 11:45:00 EDT,43.22668,-78.30927,533,79.4,78.8,79.4,66.8,67.4,0.000,0.000,0.00,0.000,7.1,13.2,2.1,235,16,7.5,13.7,1.9,235,17,7.1,13.2,2.1,235,16,713,29.53,,0,0,0,69.6,69.6,68.5,0.24,0.30,0.38
MEDI,2017-08-21 11:50:00 EDT,43.22668,-78.30927,533,80.0,79.3,82.8,67.8,68.4,0.000,0.000,0.00,0.000,5.2,10.9,1.7,228,22,5.8,12.3,1.8,230,22,5.2,10.9,1.7,228,22,741,29.53,,0,0,0,69.6,69.6,68.5,0.24,0.30,0.38
MEDI,2017-08-21 11:55:00 EDT,43.22668,-78.30927,533,80.2,79.5,83.0,67.2,68.4,0.000,0.000,0.00,0.000,7.1,11.8,2.2,239,21,7.7,13.3,2.4,239,20,7.1,11.8,2.2,239,21,702,29.53,,0,0,0,69.7,69.6,68.5,0.24,0.30,0.38
MEDI,2017-08-21 12:00:00 EDT,43.22668,-78.30927,533,80.0,79.3,82.7,67.1,68.1,0.000,0.000,0.00,0.000,7.8,11.7,1.9,226,14,8.2,12.7,1.9,225,14,7.8,11.7,1.9,226,14,738,29.53,,0,0,0,70.0,69.6,68.5,0.24,0.30,0.38
MEDI,2017-08-21 12:05:00 EDT,43.22668,-78.30927,533,80.1,79.3,82.7,66.9,68.1,0.000,0.000,0.00,0.000,6.4,9.1,1.3,218,13,6.7,10.0,1.3,220,13,6.4,9.1,1.3,218,13,736,29.53,,0,0,0,70.0,69.6,68.5,0.24,0.30,0.38
MEDI,2017-08-21 12:10:00 EDT,43.22668,-78.30927,533,81.0,80.0,84.2,67.8,69.3,0.000,0.000,0.00,0.000,4.2,7.5,1.4,248,19,4.7,9.2,1.5,251,20,4.2,7.5,1.4,248,19,735,29.53,,0,0,0,70.0,69.6,68.5,0.24,0.30,0.38
MEDI,2017-08-21 12:15:00 EDT,43.22668,-78.30927,533,80.8,80.2,83.7,65.9,68.4,0.000,0.000,0.00,0.000,5.2,8.5,1.3,235,21,5.6,8.9,1.4,237,21,5.2,8.5,1.3,235,21,740,29.53,,0,0,0,70.0,69.6,68.5,0.24,0.30,0.38
MEDI,2017-08-21 12:20:00 EDT,43.22668,-78.30927,533,81.0,80.2,83.8,64.7,68.0,0.000,0.000,0.00,0.000,6.1,9.5,1.8,261,14,6.7,10.9,1.9,264,12,6.1,9.5,1.8,261,14,747,29.53,,0,0,0,70.0,69.6,68.5,0.24,0.30,0.38
MEDI,2017-08-21 12:25:00 EDT,43.22668,-78.30927,533,80.8,80.0,83.6,65.2,68.1,0.000,0.000,0.00,0.000,6.4,9.2,1.4,227,14,6.7,10.2,1.4,227,13,6.4,9.2,1.4,227,14,748,29.52,,0,0,0,70.0,69.6,68.5,0.24,0.30,0.38
MEDI,2017-08-21 12:30:00 EDT,43.22668,-78.30927,533,81.2,80.4,84.4,67.1,69.2,0.000,0.000,0.00,0.000,5.1,7.8,1.2,237,21,5.6,8.5,1.2,237,21,5.1,7.8,1.2,237,21,732,29.52,,0,0,0,70.0,69.6,68.5,0.24,0.30,0.38
MEDI,2017-08-21 12:35:00 EDT,43.22668,-78.30927,533,81.1,80.4,84.0,64.8,68.1,0.000,0.000,0.00,0.000,7.4,11.2,1.7,239,19,7.8,11.0,1.7,242,19,7.4,11.2,1.7,239,19,748,29.52,,0,0,0,70.3,69.6,68.5,0.24,0.30,0.38
MEDI,2017-08-21 12:40:00 EDT,43.22668,-78.30927,533,80.9,80.3,83.5,63.8,67.5,0.000,0.000,0.00,0.000,7.3,11.1,1.7,234,12,7.5,10.8,1.6,233,11,7.3,11.1,1.7,234,12,753,29.52,,0,0,0,70.3,69.6,68.5,0.24,0.30,0.38
MEDI,2017-08-21 12:45:00 EDT,43.22668,-78.30927,533,81.1,80.4,83.9,64.7,68.1,0.000,0.000,0.00,0.000,7.7,11.3,1.9,223,14,7.9,10.8,1.7,223,10,7.7,11.3,1.9,223,14,761,29.52,,0,0,0,70.3,69.6,68.5,0.24,0.30,0.38
MEDI,2017-08-21 12:50:00 EDT,43.22668,-78.30927,533,81.1,80.5,83.7,63.6,67.6,0.000,0.000,0.00,0.000,7.1,10.7,1.4,235,21,7.6,11.5,1.3,236,21,7.1,10.7,1.4,235,21,761,29.52,,0,0,0,70.3,69.6,68.5,0.24,0.30,0.38
MEDI,2017-08-21 12:55:00 EDT,43.22668,-78.30927,533,81.3,80.5,84.0,63.4,67.7,0.000,0.000,0.00,0.000,6.0,11.5,2.2,245,18,6.5,11.0,2.1,246,19,6.0,11.5,2.2,245,18,759,29.52,,0,0,0,70.3,69.6,68.5,0.24,0.30,0.38
MEDI,2017-08-21 13:00:00 EDT,43.22668,-78.30927,533,81.5,80.8,84.5,64.5,68.4,0.000,0.000,0.00,0.000,5.8,10.0,1.9,218,21,6.2,10.7,2.0,219,20,5.8,10.0,1.9,218,21,767,29.52,,0,0,0,70.6,69.6,68.5,0.24,0.30,0.38
MEDI,2017-08-21 13:05:00 EDT,43.22668,-78.30927,533,81.6,80.8,84.5,63.8,68.1,0.000,0.000,0.00,0.000,5.8,10.5,1.7,238,21,6.1,9.9,1.6,239,22,5.8,10.5,1.7,238,21,769,29.52,,0,0,0,70.7,69.6,68.5,0.24,0.30,0.38
MEDI,2017-08-21 13:10:00 EDT,43.22668,-78.30927,533,81.9,81.1,85.0,63.8,68.4,0.000,0.000,0.00,0.000,6.3,10.4,1.4,237,21,6.7,9.9,1.3,239,21,6.3,10.4,1.4,237,21,772,29.52,,0,0,0,70.7,69.6,68.5,0.24,0.30,0.38
MEDI,2017-08-21 13:15:00 EDT,43.22668,-78.30927,533,81.8,81.2,84.8,63.4,68.2,0.000,0.000,0.00,0.000,6.5,9.4,1.3,227,14,6.9,9.4,1.2,227,11,6.5,9.4,1.3,227,14,776,29.51,,0,0,0,70.7,69.6,68.5,0.24,0.30,0.38
MEDI,2017-08-21 13:20:00 EDT,43.22668,-78.30927,533,81.8,81.1,84.8,63.8,68.4,0.000,0.000,0.00,0.000,4.9,8.1,1.6,241,19,5.4,9.2,1.5,241,18,4.9,8.1,1.6,241,19,764,29.51,,0,0,0,70.7,69.6,68.5,0.24,0.30,0.38
MEDI,2017-08-21 13:25:00 EDT,43.22668,-78.30927,533,81.6,80.9,84.4,63.4,67.9,0.000,0.000,0.00,0.000,6.7,9.6,1.4,208,16,7.2,10.3,1.4,209,16,6.7,9.6,1.4,208,16,742,29.51,,0,0,0,70.7,69.6,68.5,0.24,0.30,0.38
MEDI,2017-08-21 13:30:00 EDT,43.22668,-78.30927,533,81.9,81.4,84.8,62.7,68.0,0.000,0.000,0.00,0.000,5.6,9.6,2.3,273,18,6.3,10.8,2.3,275,16,5.6,9.6,2.3,273,18,700,29.51,,0,0,0,71.0,69.6,68.5,0.24,0.30,0.38
MEDI,2017-08-21 13:35:00 EDT,43.22668,-78.30927,533,81.9,81.1,84.6,61.7,67.5,0.000,0.000,0.00,0.000,4.2,8.6,1.6,285,28,4.9,8.9,1.6,287,28,4.2,8.6,1.6,285,28,682,29.51,,0,0,0,71.1,69.6,68.5,0.23,0.30,0.38
MEDI,2017-08-21 13:40:00 EDT,43.22668,-78.30927,533,82.2,81.5,85.3,63.0,68.3,0.000,0.000,0.00,0.000,4.6,8.7,1.5,277,33,5.3,9.9,1.8,279,30,4.6,8.7,1.5,277,33,644,29.51,,0,0,0,71.1,69.6,68.5,0.23,0.30,0.38
MEDI,2017-08-21 13:45:00 EDT,43.22668,-78.30927,533,81.8,81.2,84.4,61.0,67.1,0.000,0.000,0.00,0.000,6.4,10.6,2.4,267,13,7.1,11.7,2.6,268,13,6.4,10.6,2.4,267,13,603,29.51,,0,0,0,71.1,69.6,68.5,0.23,0.31,0.38
MEDI,2017-08-21 13:50:00 EDT,43.22668,-78.30927,533,81.7,81.2,84.4,61.9,67.4,0.000,0.000,0.00,0.000,3.7,8.2,1.6,244,21,3.9,9.0,1.8,247,21,3.7,8.2,1.6,244,21,554,29.51,,0,0,0,71.1,69.6,68.5,0.24,0.31,0.38
MEDI,2017-08-21 13:55:00 EDT,43.22668,-78.30927,533,81.7,81.1,84.5,63.2,67.9,0.000,0.000,0.00,0.000,5.2,7.7,1.1,242,17,5.6,8.0,1.2,243,18,5.2,7.7,1.1,242,17,501,29.51,,0,0,0,71.4,69.6,68.5,0.24,0.30,0.38
MEDI,2017-08-21 14:00:00 EDT,43.22668,-78.30927,533,81.5,81.1,84.3,63.5,67.9,0.000,0.000,0.00,0.000,5.0,10.2,1.8,262,21,5.7,11.2,1.8,263,18,5.0,10.2,1.8,262,21,455,29.51,,0,0,0,71.4,69.6,68.5,0.23,0.31,0.38
MEDI,2017-08-21 14:05:00 EDT,43.22668,-78.30927,533,81.3,81.0,84.1,63.8,67.9,0.000,0.000,0.00,0.000,3.9,7.9,1.6,244,17,4.2,8.1,1.5,248,18,3.9,7.9,1.6,244,17,406,29.51,,0,0,0,71.4,69.6,68.5,0.23,0.30,0.38
MEDI,2017-08-21 14:10:00 EDT,43.22668,-78.30927,533,81.1,80.8,83.7,63.7,67.6,0.000,0.000,0.00,0.000,4.1,6.9,1.4,239,18,4.5,7.0,1.2,240,18,4.1,6.9,1.4,239,18,356,29.51,,0,0,0,71.4,69.6,68.5,0.23,0.31,0.38
MEDI,2017-08-21 14:15:00 EDT,43.22668,-78.30927,533,80.9,80.7,83.5,64.3,67.7,0.000,0.000,0.00,0.000,4.5,6.6,1.0,236,15,4.8,7.1,1.2,237,15,4.5,6.6,1.0,236,15,309,29.51,,0,0,0,71.4,69.6,68.5,0.23,0.31,0.38
MEDI,2017-08-21 14:20:00 EDT,43.22668,-78.30927,533,80.6,80.5,83.3,65.9,68.1,0.000,0.000,0.00,0.000,4.2,6.6,1.0,226,17,4.5,6.8,1.0,227,16,4.2,6.6,1.0,226,17,267,29.51,,0,0,0,71.4,69.6,68.5,0.23,0.31,0.38
MEDI,2017-08-21 14:25:00 EDT,43.22668,-78.30927,533,80.2,80.3,82.8,65.8,67.7,0.000,0.000,0.00,0.000,4.8,6.8,1.0,218,16,5.0,7.2,1.0,218,16,4.8,6.8,1.0,218,16,234,29.50,,0,0,0,71.5,69.6,68.5,0.23,0.31,0.38
MEDI,2017-08-21 14:30:00 EDT,43.22668,-78.30927,533,79.9,80.1,79.9,68.1,68.5,0.000,0.000,0.00,0.000,3.9,7.2,1.2,215,14,4.1,8.0,1.2,217,13,3.9,7.2,1.2,215,14,207,29.50,,0,0,0,71.8,69.6,68.5,0.24,0.31,0.38
MEDI,2017-08-21 14:35:00 EDT,43.22668,-78.30927,533,79.8,80.0,79.8,68.6,68.5,0.000,0.000,0.00,0.000,3.8,5.7,1.0,223,13,3.9,6.3,1.1,224,12,3.8,5.7,1.0,223,13,196,29.50,,0,0,0,71.8,69.6,68.5,0.24,0.31,0.38
MEDI,2017-08-21 14:40:00 EDT,43.22668,-78.30927,533,79.8,79.9,79.8,67.3,68.0,0.000,0.000,0.00,0.000,3.9,5.5,0.8,223,12,3.9,6.1,0.9,224,10,3.9,5.5,0.8,223,12,197,29.50,,0,0,0,71.8,69.6,68.5,0.24,0.30,0.38
MEDI,2017-08-21 14:45:00 EDT,43.22668,-78.30927,533,79.5,79.7,79.5,70.3,69.0,0.000,0.000,0.00,0.000,2.9,5.3,0.6,223,13,3.0,5.0,0.7,226,12,2.9,5.3,0.6,223,13,191,29.50,,0,0,0,71.8,69.6,68.5,0.24,0.30,0.38
MEDI,2017-08-21 14:50:00 EDT,43.22668,-78.30927,533,79.7,79.7,79.7,70.8,69.3,0.000,0.000,0.00,0.000,2.7,3.8,0.7,232,19,2.9,4.3,0.8,233,19,2.7,3.8,0.7,232,19,219,29.50,,0,0,0,71.8,69.6,68.5,0.24,0.30,0.38
MEDI,2017-08-21 14:55:00 EDT,43.22668,-78.30927,533,79.8,79.7,79.8,71.2,69.6,0.000,0.000,0.00,0.000,2.6,4.8,0.7,210,13,2.8,4.9,0.7,213,13,2.6,4.8,0.7,210,13,267,29.50,,0,0,0,71.8,69.6,68.5,0.23,0.31,0.38
MEDI,2017-08-21 15:00:00 EDT,43.22668,-78.30927,533,80.1,79.9,83.3,71.0,69.8,0.000,0.000,0.00,0.000,2.9,5.1,0.7,217,13,3.1,5.3,0.7,220,12,2.9,5.1,0.7,217,13,309,29.50,,0,0,0,71.9,69.6,68.5,0.23,0.30,0.38
MEDI,2017-08-21 15:05:00 EDT,43.22668,-78.30927,533,80.4,80.1,83.7,70.7,70.0,0.000,0.000,0.00,0.000,3.5,6.5,1.2,206,15,3.9,7.2,1.3,209,14,3.5,6.5,1.2,206,15,350,29.50,,0,0,0,72.2,69.6,68.5,0.23,0.30,0.38
MEDI,2017-08-21 15:10:00 EDT,43.22668,-78.30927,533,80.5,80.3,83.6,68.2,69.1,0.000,0.000,0.00,0.000,4.7,6.9,0.8,207,13,5.1,7.7,0.9,210,12,4.7,6.9,0.8,207,13,392,29.49,,0,0,0,72.3,69.6,68.5,0.23,0.31,0.38
MEDI,2017-08-21 15:15:00 EDT,43.22668,-78.30927,533,80.9,80.6,84.1,68.2,69.4,0.000,0.000,0.00,0.000,4.8,6.9,1.0,226,15,5.1,7.8,1.0,226,14,4.8,6.9,1.0,226,15,420,29.50,,0,0,0,72.3,69.6,68.5,0.23,0.31,0.38
MEDI,2017-08-21 15:20:00 EDT,43.22668,-78.30927,533,81.0,80.6,84.2,67.6,69.2,0.000,0.000,0.00,0.000,5.9,9.6,1.5,223,11,6.1,9.4,1.4,224,11,5.9,9.6,1.5,223,11,458,29.50,,0,0,0,72.3,69.6,68.5,0.23,0.31,0.38
MEDI,2017-08-21 15:25:00 EDT,43.22668,-78.30927,533,81.3,80.8,84.6,67.1,69.3,0.000,0.000,0.00,0.000,5.5,8.1,1.1,225,11,5.6,8.2,1.2,226,9,5.5,8.1,1.1,225,11,504,29.50,,0,0,0,72.3,69.6,68.5,0.23,0.31,0.38
MEDI,2017-08-21 15:30:00 EDT,43.22668,-78.30927,533,81.4,81.1,84.3,64.2,68.2,0.000,0.000,0.00,0.000,6.3,8.8,1.3,242,13,6.5,10.4,1.4,243,14,6.3,8.8,1.3,242,13,533,29.50,,0,0,0,72.3,69.6,68.5,0.24,0.31,0.37
MEDI,2017-08-21 15:35:00 EDT,43.22668,-78.30927,533,81.6,81.3,84.8,64.9,68.7,0.000,0.000,0.00,0.000,5.9,9.0,1.6,240,14,6.2,9.1,1.6,242,15,5.9,9.0,1.6,240,14,546,29.50,,0,0,0,72.3,69.6,68.5,0.24,0.31,0.38
MEDI,2017-08-21 15:40:00 EDT,43.22668,-78.30927,533,81.7,81.2,85.1,65.9,69.2,0.000,0.000,0.00,0.000,6.6,9.8,1.4,227,17,6.9,10.9,1.4,228,17,6.6,9.8,1.4,227,17,559,29.50,,0,0,0,72.3,69.6,68.5,0.23,0.31,0.38
MEDI,2017-08-21 15:45:00 EDT,43.22668,-78.30927,533,81.4,80.9,84.6,66.6,69.2,0.000,0.000,0.00,0.000,6.5,11.2,1.5,224,13,7.0,11.8,1.4,224,14,6.5,11.2,1.5,224,13,546,29.50,,0,0,0,72.3,69.6,68.5,0.23,0.31,0.38
MEDI,2017-08-21 15:50:00 EDT,43.22668,-78.30927,533,81.5,81.0,85.1,67.5,69.7,0.000,0.000,0.00,0.000,6.3,9.8,1.3,217,13,6.7,10.4,1.4,220,12,6.3,9.8,1.3,217,13,557,29.49,,0,0,0,72.3,69.6,68.5,0.23,0.31,0.38
MEDI,2017-08-21 15:55:00 EDT,43.22668,-78.30927,533,81.5,81.0,85.0,67.2,69.6,0.000,0.000,0.00,0.000,7.7,12.9,2.2,205,17,8.1,14.1,2.6,205,16,7.7,12.9,2.2,205,17,501,29.49,,0,0,0,72.3,69.6,68.5,0.23,0.31,0.37
MEDI,2017-08-21 16:00:00 EDT,43.22668,-78.30927,533,80.9,80.6,84.0,67.1,69.0,0.000,0.000,0.00,0.000,7.9,10.7,1.8,198,11,8.4,11.9,1.8,200,9,7.9,10.7,1.8,198,11,523,29.49,,0,0,0,72.3,69.6,68.5,0.23,0.31,0.38
MEDI,2017-08-21 16:05:00 EDT,43.22668,-78.30927,533,81.4,81.0,85.0,67.8,69.8,0.000,0.000,0.00,0.000,5.8,9.0,1.4,208,22,6.3,10.2,1.4,210,21,5.8,9.0,1.4,208,22,502,29.49,,0,0,0,72.3,69.6,68.5,0.23,0.30,0.38
MEDI,2017-08-21 16:10:00 EDT,43.22668,-78.30927,533,81.4,80.9,84.9,68.1,69.8,0.000,0.000,0.00,0.000,5.4,9.9,1.6,202,14,6.0,10.4,1.6,204,13,5.4,9.9,1.6,202,14,488,29.49,,0,0,0,72.4,69.6,68.5,0.23,0.31,0.37
MEDI,2017-08-21 16:15:00 EDT,43.22668,-78.30927,533,81.2,80.9,84.4,66.5,69.0,0.000,0.000,0.00,0.000,7.5,10.4,1.5,199,11,7.8,10.9,1.6,200,11,7.5,10.4,1.5,199,11,487,29.49,,0,0,0,72.6,69.6,68.5,0.23,0.31,0.38
MEDI,2017-08-21 16:20:00 EDT,43.22668,-78.30927,533,81.1,80.8,84.3,66.7,69.0,0.000,0.000,0.00,0.000,7.9,10.6,1.5,207,12,8.1,11.4,1.4,208,11,7.9,10.6,1.5,207,12,517,29.49,,0,0,0,72.7,69.6,68.5,0.23,0.30,0.38
MEDI,2017-08-21 16:25:00 EDT,43.22668,-78.30927,533,81.4,81.0,84.6,66.3,69.1,0.000,0.000,0.00,0.000,7.5,10.7,1.4,206,13,7.9,11.3,1.4,207,13,7.5,10.7,1.4,206,13,528,29.49,,0,0,0,72.7,69.6,68.5,0.23,0.30,0.38
MEDI,2017-08-21 16:30:00 EDT,43.22668,-78.30927,533,81.5,81.1,84.9,66.5,69.3,0.000,0.000,0.00,0.000,7.0,11.6,1.9,212,16,7.5,12.4,2.0,212,15,7.0,11.6,1.9,212,16,532,29.49,,0,0,0,72.7,69.6,68.5,0.23,0.31,0.38
MEDI,2017-08-21 16:35:00 EDT,43.22668,-78.30927,533,81.4,81.1,84.5,65.2,68.6,0.000,0.000,0.00,0.000,8.2,11.4,1.8,195,10,8.8,13.5,2.0,194,10,8.2,11.4,1.8,195,10,517,29.48,,0,0,0,72.7,69.6,68.5,0.23,0.30,0.37
MEDI,2017-08-21 16:40:00 EDT,43.22668,-78.30927,533,81.4,81.1,84.7,66.3,69.1,0.000,0.000,0.00,0.000,6.7,9.2,1.2,202,13,7.1,10.9,1.3,203,12,6.7,9.2,1.2,202,13,504,29.49,,0,0,0,72.7,69.6,68.5,0.23,0.31,0.38
MEDI,2017-08-21 16:45:00 EDT,43.22668,-78.30927,533,81.5,81.2,84.7,65.4,68.8,0.000,0.000,0.00,0.000,6.5,10.5,1.2,213,13,7.0,10.7,1.2,214,11,6.5,10.5,1.2,213,13,491,29.49,,0,0,0,72.7,69.7,68.5,0.23,0.30,0.38
MEDI,2017-08-21 16:50:00 EDT,43.22668,-78.30927,533,81.5,81.3,84.6,64.8,68.6,0.000,0.000,0.00,0.000,7.1,10.2,1.5,207,13,7.5,11.4,1.6,207,12,7.1,10.2,1.5,207,13,474,29.48,,0,0,0,72.7,69.7,68.5,0.23,0.30,0.37
MEDI,2017-08-21 16:55:00 EDT,43.22668,-78.30927,533,81.7,81.4,85.2,66.5,69.5,0.000,0.000,0.00,0.000,5.6,8.1,1.1,206,12,5.9,8.3,1.2,208,12,5.6,8.1,1.1,206,12,460,29.48,,0,0,0,72.7,69.8,68.5,0.23,0.30,0.38
MEDI,2017-08-21 17:00:00 EDT,43.22668,-78.30927,533,81.7,81.4,85.2,66.2,69.3,0.000,0.000,0.00,0.000,5.9,9.9,1.7,210,15,6.3,10.5,1.6,211,15,5.9,9.9,1.7,210,15,443,29.48,,0,0,0,72.7,69.9,68.5,0.23,0.30,0.38
MEDI,2017-08-21 17:05:00 EDT,43.22668,-78.30927,533,81.6,81.3,84.7,64.4,68.4,0.000,0.000,0.00,0.000,5.0,7.7,1.3,219,15,5.4,8.5,1.4,222,14,5.0,7.7,1.3,219,15,429,29.48,,0,0,0,72.9,69.9,68.5,0.23,0.30,0.38
MEDI,2017-08-21 17:10:00 EDT,43.22668,-78.30927,533,81.7,81.4,84.8,64.4,68.5,0.000,0.000,0.00,0.000,6.1,9.3,1.7,217,19,6.7,9.7,1.5,218,15,6.1,9.3,1.7,217,19,416,29.48,,0,0,0,73.0,69.9,68.5,0.23,0.30,0.37
MEDI,2017-08-21 17:15:00 EDT,43.22668,-78.30927,533,81.4,81.3,84.4,64.4,68.3,0.000,0.000,0.00,0.000,6.2,8.6,1.3,207,11,6.7,9.5,1.3,207,10,6.2,8.6,1.3,207,11,403,29.48,,0,0,0,73.0,70.0,68.5,0.23,0.30,0.38
MEDI,2017-08-21 17:20:00 EDT,43.22668,-78.30927,533,81.4,81.2,84.3,64.3,68.2,0.000,0.000,0.00,0.000,5.9,8.5,1.3,214,12,6.3,9.4,1.3,215,12,5.9,8.5,1.3,214,12,391,29.48,,0,0,0,73.0,70.0,68.5,0.23,0.30,0.37
MEDI,2017-08-21 17:25:00 EDT,43.22668,-78.30927,533,81.5,81.3,84.5,64.5,68.3,0.000,0.000,0.00,0.000,6.1,9.0,1.3,212,13,6.4,10.5,1.4,212,11,6.1,9.0,1.3,212,13,376,29.48,,0,0,0,73.0,70.0,68.5,0.23,0.30,0.37
MEDI,2017-08-21 17:30:00 EDT,43.22668,-78.30927,533,81.5,81.4,84.5,64.4,68.3,0.000,0.000,0.00,0.000,5.5,8.1,1.2,223,18,5.7,8.6,1.3,222,17,5.5,8.1,1.2,223,18,362,29.48,,0,0,0,73.0,70.0,68.5,0.23,0.30,0.38
MEDI,2017-08-21 17:35:00 EDT,43.22668,-78.30927,533,81.6,81.4,84.6,64.1,68.3,0.000,0.000,0.00,0.000,4.2,6.8,1.0,222,21,4.6,7.0,1.0,223,21,4.2,6.8,1.0,222,21,351,29.48,,0,0,0,73.0,70.0,68.5,0.23,0.30,0.38
MEDI,2017-08-21 17:40:00 EDT,43.22668,-78.30927,533,81.5,81.3,84.4,63.4,67.9,0.000,0.000,0.00,0.000,5.0,7.7,1.1,234,12,5.1,7.8,1.0,235,11,5.0,7.7,1.1,234,12,340,29.48,,0,0,0,73.0,70.0,68.5,0.23,0.30,0.37
MEDI,2017-08-21 17:45:00 EDT,43.22668,-78.30927,533,81.5,81.3,84.5,64.5,68.4,0.000,0.000,0.00,0.000,5.1,7.7,1.1,228,10,5.3,8.5,1.0,229,9,5.1,7.7,1.1,228,10,329,29.48,,0,0,0,73.0,70.0,68.5,0.23,0.30,0.38
MEDI,2017-08-21 17:50:00 EDT,43.22668,-78.30927,533,81.4,81.3,84.5,65.1,68.6,0.000,0.000,0.00,0.000,5.8,9.2,1.2,223,16,6.1,9.6,1.4,222,15,5.8,9.2,1.2,223,16,311,29.48,,0,0,0,73.0,70.0,68.5,0.23,0.30,0.38
MEDI,2017-08-21 17:55:00 EDT,43.22668,-78.30927,533,81.3,81.2,84.4,66.2,68.9,0.000,0.000,0.00,0.000,4.8,8.0,1.2,223,14,5.1,8.5,1.3,224,14,4.8,8.0,1.2,223,14,296,29.48,,0,0,0,73.0,70.0,68.5,0.23,0.30,0.37
MEDI,2017-08-21 18:00:00 EDT,43.22668,-78.30927,533,81.2,81.1,84.4,66.7,69.1,0.000,0.000,0.00,0.000,5.0,7.1,0.9,211,12,5.3,7.5,1.0,212,11,5.0,7.1,0.9,211,12,284,29.48,,0,0,0,73.0,70.0,68.5,0.23,0.30,0.37
MEDI,2017-08-21 18:05:00 EDT,43.22668,-78.30927,533,81.3,81.3,84.6,66.8,69.2,0.000,0.000,0.00,0.000,5.4,8.3,1.2,232,13,5.6,9.3,1.3,232,14,5.4,8.3,1.2,232,13,273,29.48,,0,0,0,73.0,70.0,68.5,0.23,0.30,0.38
MEDI,2017-08-21 18:10:00 EDT,43.22668,-78.30927,533,81.1,81.2,84.2,65.9,68.7,0.000,0.000,0.00,0.000,5.2,9.4,1.5,229,13,5.5,9.7,1.4,230,12,5.2,9.4,1.5,229,13,257,29.47,,0,0,0,73.0,70.0,68.5,0.23,0.30,0.38
MEDI,2017-08-21 18:15:00 EDT,43.22668,-78.30927,533,81.0,81.1,83.9,65.1,68.2,0.000,0.000,0.00,0.000,5.0,8.7,1.2,228,15,5.4,8.3,1.4,228,12,5.0,8.7,1.2,228,15,242,29.47,,0,0,0,73.0,70.0,68.5,0.23,0.30,0.38
MEDI,2017-08-21 18:20:00 EDT,43.22668,-78.30927,533,80.9,81.0,83.7,65.0,68.0,0.000,0.000,0.00,0.000,5.0,8.5,1.0,218,12,5.5,8.6,1.0,221,10,5.0,8.5,1.0,218,12,216,29.47,,0,0,0,73.0,70.0,68.5,0.23,0.30,0.38
MEDI,2017-08-21 18:25:00 EDT,43.22668,-78.30927,533,80.7,80.8,83.3,64.9,67.8,0.000,0.000,0.00,0.000,5.0,8.3,1.6,219,16,5.4,8.8,1.7,221,13,5.0,8.3,1.6,219,16,183,29.47,,0,0,0,73.1,70.0,68.5,0.23,0.30,0.37
MEDI,2017-08-21 18:30:00 EDT,43.22668,-78.30927,533,80.6,80.8,83.2,64.6,67.5,0.000,0.000,0.00,0.000,4.5,6.6,1.0,219,13,4.8,7.6,1.0,220,11,4.5,6.6,1.0,219,13,171,29.47,,0,0,0,73.1,70.0,68.5,0.23,0.30,0.38
MEDI,2017-08-21 18:35:00 EDT,43.22668,-78.30927,533,80.4,80.6,82.9,64.8,67.4,0.000,0.000,0.00,0.000,5.3,8.3,1.4,222,11,5.5,8.4,1.4,224,10,5.3,8.3,1.4,222,11,147,29.47,,0,0,0,73.2,70.0,68.5,0.23,0.30,0.37
MEDI,2017-08-21 18:40:00 EDT,43.22668,-78.30927,533,80.1,80.4,82.6,66.1,67.7,0.000,0.000,0.00,0.000,3.8,5.5,0.8,217,11,4.1,6.2,0.9,218,9,3.8,5.5,0.8,217,11,135,29.47,,0,0,0,73.4,70.0,68.4,0.23,0.30,0.37
MEDI,2017-08-21 18:45:00 EDT,43.22668,-78.30927,533,79.9,80.3,79.9,66.5,67.8,0.000,0.000,0.00,0.000,4.3,6.7,0.7,210,11,4.4,6.7,0.7,213,10,4.3,6.7,0.7,210,11,118,29.47,,0,0,0,73.4,70.0,68.5,0.23,0.30,0.37
MEDI,2017-08-21 18:50:00 EDT,43.22668,-78.30927,533,79.6,80.1,79.6,67.3,67.8,0.000,0.000,0.00,0.000,3.9,5.4,0.7,211,8,4.2,5.9,0.8,213,8,3.9,5.4,0.7,211,8,107,29.47,,0,0,0,73.4,70.0,68.5,0.23,0.30,0.38
MEDI,2017-08-21 18:55:00 EDT,43.22668,-78.30927,533,79.3,80.0,79.3,67.4,67.6,0.000,0.000,0.00,0.000,4.1,5.6,0.8,205,9,4.4,6.1,1.0,207,10,4.1,5.6,0.8,205,9,78,29.47,,0,0,0,73.4,70.0,68.5,0.23,0.30,0.37
MEDI,2017-08-21 19:00:00 EDT,43.22668,-78.30927,533,79.0,79.9,79.0,68.2,67.6,0.000,0.000,0.00,0.000,4.2,5.2,0.5,205,7,4.5,5.9,0.7,207,7,4.2,5.2,0.5,205,7,87,29.47,,0,0,0,73.4,70.0,68.5,0.23,0.30,0.38
MEDI,2017-08-21 19:05:00 EDT,43.22668,-78.30927,533,78.8,79.8,78.8,69.0,67.8,0.000,0.000,0.00,0.000,4.3,6.0,0.6,203,7,4.6,6.4,0.8,204,7,4.3,6.0,0.6,203,7,91,29.47,,0,0,0,73.4,70.0,68.5,0.23,0.30,0.38
MEDI,2017-08-21 19:10:00 EDT,43.22668,-78.30927,533,78.7,79.6,78.7,69.6,67.9,0.000,0.000,0.00,0.000,4.4,6.2,0.6,203,9,4.7,6.8,0.7,204,9,4.4,6.2,0.6,203,9,88,29.47,,0,0,0,73.4,70.0,68.5,0.23,0.30,0.37
MEDI,2017-08-21 19:15:00 EDT,43.22668,-78.30927,533,78.7,79.6,78.7,69.6,67.9,0.000,0.000,0.00,0.000,5.0,6.8,0.7,202,9,5.4,7.5,0.8,202,9,5.0,6.8,0.7,202,9,70,29.47,,0,0,0,73.4,70.0,68.5,0.23,0.30,0.37
MEDI,2017-08-21 19:20:00 EDT,43.22668,-78.30927,533,78.4,79.4,78.4,69.8,67.7,0.000,0.000,0.00,0.000,4.7,6.2,0.8,206,8,5.1,6.5,0.8,208,8,4.7,6.2,0.8,206,8,53,29.47,,0,0,0,73.4,70.0,68.5,0.23,0.30,0.38
MEDI,2017-08-21 19:25:00 EDT,43.22668,-78.30927,533,78.3,79.3,78.3,69.7,67.6,0.000,0.000,0.00,0.000,4.3,6.2,0.8,206,8,4.5,6.8,0.9,208,8,4.3,6.2,0.8,206,8,39,29.47,,0,0,0,73.4,70.0,68.5,0.23,0.30,0.37
MEDI,2017-08-21 19:30:00 EDT,43.22668,-78.30927,533,78.1,79.2,78.1,69.9,67.5,0.000,0.000,0.00,0.000,4.5,6.0,0.6,201,7,4.7,6.8,0.7,203,7,4.5,6.0,0.6,201,7,28,29.47,,0,0,0,73.4,70.0,68.5,0.23,0.30,0.37
MEDI,2017-08-21 19:35:00 EDT,43.22668,-78.30927,533,77.4,78.9,77.4,71.2,67.3,0.000,0.000,0.00,0.000,4.3,5.3,0.5,200,9,4.7,6.2,0.5,201,8,4.3,5.3,0.5,200,9,20,29.47,,0,0,0,73.4,70.0,68.5,0.23,0.30,0.38
MEDI,2017-08-21 19:40:00 EDT,43.22668,-78.30927,533,77.0,78.4,77.0,72.3,67.5,0.000,0.000,0.00,0.000,3.4,5.5,0.7,215,10,3.6,6.1,0.7,217,9,3.4,5.5,0.7,215,10,15,29.47,,0,0,0,73.4,70.1,68.5,0.23,0.30,0.37
MEDI,2017-08-21 19:45:00 EDT,43.22668,-78.30927,533,75.6,77.6,75.6,76.9,67.8,0.000,0.000,0.00,0.000,2.3,3.3,0.5,224,9,2.3,3.9,0.6,225,8,2.3,3.3,0.5,224,9,12,29.47,,0,0,0,73.4,70.3,68.5,0.23,0.30,0.37
MEDI,2017-08-21 19:50:00 EDT,43.22668,-78.30927,533,75.8,77.7,75.8,76.6,68.0,0.000,0.000,0.00,0.000,2.7,3.8,0.5,213,10,2.7,4.7,0.7,215,10,2.7,3.8,0.5,213,10,12,29.47,,0,0,0,73.4,70.3,68.5,0.23,0.30,0.38
MEDI,2017-08-21 19:55:00 EDT,43.22668,-78.30927,533,76.1,77.7,76.1,75.3,67.7,0.000,0.000,0.00,0.000,3.1,4.5,0.5,206,8,3.4,4.8,0.6,209,8,3.1,4.5,0.5,206,8,9,29.47,,0,0,0,73.4,70.3,68.5,0.23,0.30,0.37
MEDI,2017-08-21 20:00:00 EDT,43.22668,-78.30927,533,75.8,77.6,75.8,74.4,67.1,0.000,0.000,0.00,0.000,3.8,4.8,0.4,204,6,4.1,5.5,0.6,206,6,3.8,4.8,0.4,204,6,6,29.47,,0,0,0,73.4,70.3,68.5,0.23,0.30,0.38
MEDI,2017-08-21 20:05:00 EDT,43.22668,-78.30927,533,75.3,77.3,75.3,74.7,66.7,0.000,0.000,0.00,0.000,3.9,5.2,0.4,203,5,4.3,5.8,0.5,204,7,3.9,5.2,0.4,203,5,4,29.47,,0,0,0,73.3,70.3,68.5,0.23,0.30,0.38
MEDI,2017-08-21 20:10:00 EDT,43.22668,-78.30927,533,74.8,76.8,74.8,77.2,67.2,0.000,0.000,0.00,0.000,3.8,4.7,0.4,199,6,4.2,5.4,0.5,200,6,3.8,4.7,0.4,199,6,2,29.46,,0,0,0,73.3,70.3,68.5,0.23,0.30,0.37
MEDI,2017-08-21 20:15:00 EDT,43.22668,-78.30927,533,74.3,76.5,74.3,78.1,67.0,0.000,0.000,0.00,0.000,4.2,5.2,0.5,201,6,4.5,5.6,0.6,202,6,4.2,5.2,0.5,201,6,1,29.46,,0,0,0,73.3,70.3,68.5,0.23,0.30,0.37
MEDI,2017-08-21 20:20:00 EDT,43.22668,-78.30927,533,74.0,76.2,74.0,78.4,66.8,0.000,0.000,0.00,0.000,3.6,5.2,0.8,203,9,3.7,5.4,0.9,203,9,3.6,5.2,0.8,203,9,1,29.46,,0,0,0,73.1,70.3,68.5,0.23,0.30,0.37
MEDI,2017-08-21 20:25:00 EDT,43.22668,-78.30927,533,73.1,75.6,73.1,81.3,67.0,0.000,0.000,0.00,0.000,2.4,4.2,0.6,213,11,2.6,4.9,0.7,216,10,2.4,4.2,0.6,213,11,0,29.46,,0,0,0,73.0,70.3,68.5,0.23,0.30,0.37
MEDI,2017-08-21 20:30:00 EDT,43.22668,-78.30927,533,73.1,75.8,73.1,81.8,67.2,0.000,0.000,0.00,0.000,3.1,5.4,0.7,219,11,3.3,5.9,0.8,220,9,3.1,5.4,0.7,219,11,0,29.46,,0,0,0,73.0,70.3,68.5,0.23,0.30,0.37
MEDI,2017-08-21 20:35:00 EDT,43.22668,-78.30927,533,74.0,76.0,74.0,80.2,67.5,0.000,0.000,0.00,0.000,3.6,5.1,0.6,217,11,3.7,5.7,0.7,219,9,3.6,5.1,0.6,217,11,0,29.46,,0,0,0,73.0,70.3,68.5,0.23,0.30,0.37
MEDI,2017-08-21 20:40:00 EDT,43.22668,-78.30927,533,74.0,75.5,74.0,79.5,67.3,0.000,0.000,0.00,0.000,3.6,5.3,0.6,227,9,3.6,5.5,0.8,229,8,3.6,5.3,0.6,227,9,0,29.46,,0,0,0,73.0,70.3,68.5,0.23,0.30,0.38
MEDI,2017-08-21 20:45:00 EDT,43.22668,-78.30927,533,74.2,75.2,74.2,78.9,67.2,0.000,0.000,0.00,0.000,3.7,5.6,0.7,226,10,3.8,5.5,0.7,227,8,3.7,5.6,0.7,226,10,0,29.46,,0,0,0,73.0,70.3,68.5,0.23,0.30,0.37
MEDI,2017-08-21 20:50:00 EDT,43.22668,-78.30927,533,74.1,75.3,74.1,78.3,66.9,0.000,0.000,0.00,0.000,3.2,4.4,0.5,209,12,3.4,5.1,0.7,211,9,3.2,4.4,0.5,209,12,0,29.46,,0,0,0,73.0,70.3,68.5,0.23,0.30,0.37
MEDI,2017-08-21 20:55:00 EDT,43.22668,-78.30927,533,73.6,75.3,73.6,79.1,66.7,0.000,0.000,0.00,0.000,3.6,5.9,0.8,198,6,3.9,6.2,0.8,199,6,3.6,5.9,0.8,198,6,0,29.46,,0,0,0,73.0,70.3,68.5,0.23,0.30,0.37
MEDI,2017-08-21 21:00:00 EDT,43.22668,-78.30927,533,73.1,75.0,73.1,81.0,67.0,0.000,0.000,0.00,0.000,3.6,5.3,0.6,205,8,4.0,5.6,0.6,206,8,3.6,5.3,0.6,205,8,0,29.46,,0,0,0,73.0,70.3,68.5,0.23,0.30,0.38
MEDI,2017-08-21 21:05:00 EDT,43.22668,-78.30927,533,73.3,75.0,73.3,80.4,66.9,0.000,0.000,0.00,0.000,3.8,6.6,0.8,209,12,4.1,6.7,0.9,210,11,3.8,6.6,0.8,209,12,0,29.46,,0,0,0,73.0,70.3,68.5,0.23,0.30,0.37
MEDI,2017-08-21 21:10:00 EDT,43.22668,-78.30927,533,73.1,75.1,73.1,80.3,66.7,0.000,0.000,0.00,0.000,3.9,6.4,0.9,212,11,4.1,7.1,1.0,214,10,3.9,6.4,0.9,212,11,0,29.46,,0,0,0,73.0,70.3,68.5,0.23,0.30,0.37
MEDI,2017-08-21 21:15:00 EDT,43.22668,-78.30927,533,73.6,74.9,73.6,79.8,67.0,0.000,0.000,0.00,0.000,4.2,6.7,0.8,207,11,4.4,7.9,0.9,208,10,4.2,6.7,0.8,207,11,0,29.46,,0,0,0,73.0,70.3,68.5,0.23,0.30,0.37
MEDI,2017-08-21 21:20:00 EDT,43.22668,-78.30927,533,73.6,74.9,73.6,79.4,66.8,0.000,0.000,0.00,0.000,3.8,6.0,1.0,210,10,4.0,6.4,1.1,211,9,3.8,6.0,1.0,210,10,0,29.46,,0,0,0,73.0,70.3,68.5,0.23,0.30,0.37
MEDI,2017-08-21 21:25:00 EDT,43.22668,-78.30927,533,73.3,74.7,73.3,79.9,66.7,0.000,0.000,0.00,0.000,3.2,4.7,0.6,204,10,3.4,5.8,0.8,206,11,3.2,4.7,0.6,204,10,0,29.46,,0,0,0,73.0,70.3,68.5,0.23,0.30,0.37
MEDI,2017-08-21 21:30:00 EDT,43.22668,-78.30927,533,72.9,74.6,72.9,81.0,66.7,0.000,0.000,0.00,0.000,4.0,6.1,0.7,198,9,4.3,6.6,0.8,199,9,4.0,6.1,0.7,198,9,0,29.46,,0,0,0,73.0,70.3,68.5,0.23,0.30,0.37
MEDI,2017-08-21 21:35:00 EDT,43.22668,-78.30927,533,72.7,74.4,72.7,82.7,67.1,0.000,0.000,0.00,0.000,4.3,6.3,0.7,199,8,4.6,6.6,0.7,201,7,4.3,6.3,0.7,199,8,0,29.46,,0,0,0,73.0,70.4,68.5,0.23,0.30,0.37
MEDI,2017-08-21 21:40:00 EDT,43.22668,-78.30927,533,72.6,74.2,72.6,82.0,66.8,0.000,0.000,0.00,0.000,3.9,5.4,0.5,200,9,4.2,5.7,0.6,201,9,3.9,5.4,0.5,200,9,0,29.46,,0,0,0,72.7,70.4,68.5,0.23,0.30,0.37
MEDI,2017-08-21 21:45:00 EDT,43.22668,-78.30927,533,71.9,73.8,71.9,83.7,66.7,0.000,0.000,0.00,0.000,3.1,4.9,0.7,189,5,3.4,5.6,0.7,190,6,3.1,4.9,0.7,189,5,0,29.46,,0,0,0,72.7,70.5,68.5,0.23,0.30,0.37
MEDI,2017-08-21 21:50:00 EDT,43.22668,-78.30927,533,72.2,73.8,72.2,84.8,67.4,0.000,0.000,0.00,0.000,4.3,6.0,0.8,197,6,4.7,7.1,1.0,199,6,4.3,6.0,0.8,197,6,0,29.46,,0,0,0,72.7,70.6,68.5,0.23,0.30,0.37
MEDI,2017-08-21 21:55:00 EDT,43.22668,-78.30927,533,71.8,73.6,71.8,83.9,66.6,0.000,0.000,0.00,0.000,4.3,5.9,0.6,189,9,4.6,6.7,0.7,190,8,4.3,5.9,0.6,189,9,0,29.46,,0,0,0,72.7,70.6,68.5,0.23,0.30,0.37
MEDI,2017-08-21 22:00:00 EDT,43.22668,-78.30927,533,71.9,73.2,71.9,85.6,67.4,0.000,0.000,0.00,0.000,3.9,6.1,1.0,198,8,4.2,6.8,1.1,200,8,3.9,6.1,1.0,198,8,0,29.46,,0,0,0,72.7,70.6,68.5,0.23,0.30,0.37
MEDI,2017-08-21 22:05:00 EDT,43.22668,-78.30927,533,72.1,73.4,72.1,84.7,67.3,0.000,0.000,0.00,0.000,5.2,7.1,0.8,195,9,5.7,7.8,0.8,196,8,5.2,7.1,0.8,195,9,0,29.46,,0,0,0,72.7,70.7,68.5,0.23,0.30,0.37
MEDI,2017-08-21 22:10:00 EDT,43.22668,-78.30927,533,71.9,73.3,71.9,85.4,67.3,0.000,0.000,0.00,0.000,5.9,7.6,0.9,182,7,6.2,8.8,1.1,183,6,5.9,7.6,0.9,182,7,0,29.46,,0,0,0,72.7,70.7,68.5,0.23,0.30,0.37
MEDI,2017-08-21 22:15:00 EDT,43.22668,-78.30927,533,71.3,72.7,71.3,87.6,67.4,0.000,0.000,0.00,0.000,5.7,7.6,0.8,187,8,6.1,7.8,0.9,187,7,5.7,7.6,0.8,187,8,0,29.46,,0,0,0,72.7,70.7,68.5,0.23,0.30,0.38
MEDI,2017-08-21 22:20:00 EDT,43.22668,-78.30927,533,71.7,72.8,71.7,86.6,67.4,0.000,0.000,0.00,0.000,4.5,6.0,0.6,196,9,4.8,6.6,0.7,197,8,4.5,6.0,0.6,196,9,0,29.46,,0,0,0,72.7,70.7,68.5,0.23,0.30,0.37
MEDI,2017-08-21 22:25:00 EDT,43.22668,-78.30927,533,71.7,72.8,71.7,85.8,67.2,0.000,0.000,0.00,0.000,4.9,7.9,1.0,186,8,5.4,7.9,1.0,187,8,4.9,7.9,1.0,186,8,0,29.45,,0,0,0,72.7,70.7,68.5,0.23,0.30,0.37
MEDI,2017-08-21 22:30:00 EDT,43.22668,-78.30927,533,71.6,72.4,71.6,86.4,67.3,0.000,0.000,0.00,0.000,4.2,6.1,1.0,184,6,4.6,6.8,1.1,185,6,4.2,6.1,1.0,184,6,0,29.46,,0,0,0,72.7,70.7,68.5,0.23,0.30,0.37
MEDI,2017-08-21 22:35:00 EDT,43.22668,-78.30927,533,71.0,72.2,71.0,87.2,67.0,0.000,0.000,0.00,0.000,3.0,4.2,0.5,187,7,3.2,4.7,0.6,189,6,3.0,4.2,0.5,187,7,0,29.45,,0,0,0,72.7,70.7,68.5,0.23,0.30,0.37
MEDI,2017-08-21 22:40:00 EDT,43.22668,-78.30927,533,71.1,72.1,71.1,88.2,67.4,0.000,0.000,0.00,0.000,3.7,5.4,0.8,182,6,4.1,6.0,0.9,184,7,3.7,5.4,0.8,182,6,0,29.45,,0,0,0,72.4,70.7,68.5,0.23,0.30,0.37
MEDI,2017-08-21 22:45:00 EDT,43.22668,-78.30927,533,70.9,71.7,70.9,88.5,67.3,0.000,0.000,0.00,0.000,4.5,5.7,0.6,183,6,4.8,6.1,0.8,184,5,4.5,5.7,0.6,183,6,0,29.45,,0,0,0,72.3,70.7,68.5,0.23,0.30,0.37
MEDI,2017-08-21 22:50:00 EDT,43.22668,-78.30927,533,70.5,71.6,70.5,88.6,66.9,0.000,0.000,0.00,0.000,4.5,6.1,0.7,184,6,4.9,7.1,0.9,185,5,4.5,6.1,0.7,184,6,0,29.45,,0,0,0,72.3,70.7,68.5,0.23,0.30,0.37
MEDI,2017-08-21 22:55:00 EDT,43.22668,-78.30927,533,70.6,71.7,70.6,88.8,67.1,0.000,0.000,0.00,0.000,5.0,6.7,0.7,188,9,5.4,7.4,0.8,189,7,5.0,6.7,0.7,188,9,0,29.45,,0,0,0,72.3,70.7,68.5,0.23,0.30,0.37
MEDI,2017-08-21 23:00:00 EDT,43.22668,-78.30927,533,70.4,71.6,70.4,88.3,66.7,0.000,0.000,0.00,0.000,4.6,6.6,0.7,188,8,4.9,7.2,0.8,189,7,4.6,6.6,0.7,188,8,0,29.45,,0,0,0,72.3,70.7,68.5,0.23,0.30,0.37
MEDI,2017-08-21 23:05:00 EDT,43.22668,-78.30927,533,70.4,71.5,70.4,88.9,67.0,0.000,0.000,0.00,0.000,5.2,7.2,0.9,184,6,5.7,7.8,0.9,185,6,5.2,7.2,0.9,184,6,0,29.44,,0,0,0,72.3,70.7,68.5,0.23,0.30,0.37
MEDI,2017-08-21 23:10:00 EDT,43.22668,-78.30927,533,70.6,71.4,70.6,89.1,67.2,0.000,0.000,0.00,0.000,5.3,6.9,0.7,185,8,5.6,7.9,0.9,186,7,5.3,6.9,0.7,185,8,0,29.44,,0,0,0,72.3,70.7,68.5,0.23,0.30,0.37
MEDI,2017-08-21 23:15:00 EDT,43.22668,-78.30927,533,70.7,71.4,70.7,89.0,67.3,0.000,0.000,0.00,0.000,5.6,8.4,1.2,185,8,6.0,9.1,1.3,185,7,5.6,8.4,1.2,185,8,0,29.44,,0,0,0,72.3,70.7,68.5,0.23,0.30,0.37
MEDI,2017-08-21 23:20:00 EDT,43.22668,-78.30927,533,70.8,71.4,70.8,89.1,67.4,0.000,0.000,0.00,0.000,6.3,7.7,0.8,182,7,6.7,8.9,0.9,183,6,6.3,7.7,0.8,182,7,0,29.44,,0,0,0,72.3,70.7,68.5,0.23,0.30,0.38
MEDI,2017-08-21 23:25:00 EDT,43.22668,-78.30927,533,70.8,71.3,70.8,89.1,67.4,0.000,0.000,0.00,0.000,5.9,7.6,0.8,181,8,6.3,8.2,1.0,182,6,5.9,7.6,0.8,181,8,0,29.44,,0,0,0,72.3,70.7,68.5,0.23,0.30,0.38
MEDI,2017-08-21 23:30:00 EDT,43.22668,-78.30927,533,70.5,71.2,70.5,89.4,67.3,0.000,0.000,0.00,0.000,5.7,7.7,0.7,178,8,6.2,8.5,0.8,178,6,5.7,7.7,0.7,178,8,0,29.44,,0,0,0,72.3,70.7,68.5,0.23,0.30,0.37
MEDI,2017-08-21 23:35:00 EDT,43.22668,-78.30927,533,69.8,70.9,69.8,90.3,66.8,0.000,0.000,0.00,0.000,4.4,6.5,0.8,173,4,4.9,6.9,0.8,174,5,4.4,6.5,0.8,173,4,0,29.44,,0,0,0,72.3,70.7,68.5,0.23,0.30,0.37
MEDI,2017-08-21 23:40:00 EDT,43.22668,-78.30927,533,69.9,70.8,69.9,91.1,67.2,0.000,0.000,0.00,0.000,4.8,6.2,0.6,179,5,5.2,6.5,0.6,180,5,4.8,6.2,0.6,179,5,0,29.44,,0,0,0,72.3,70.7,68.5,0.23,0.30,0.37
MEDI,2017-08-21 23:45:00 EDT,43.22668,-78.30927,533,69.9,70.8,69.9,91.4,67.2,0.000,0.000,0.00,0.000,4.5,5.7,0.6,179,4,4.9,6.4,0.7,180,4,4.5,5.7,0.6,179,4,0,29.44,,0,0,0,72.3,70.7,68.5,0.23,0.30,0.37
MEDI,2017-08-21 23:50:00 EDT,43.22668,-78.30927,533,70.0,70.9,70.0,91.4,67.4,0.000,0.000,0.00,0.000,4.3,5.3,0.4,180,5,4.8,6.1,0.5,181,5,4.3,5.3,0.4,180,5,0,29.44,,0,0,0,72.2,70.7,68.5,0.23,0.30,0.37
MEDI,2017-08-21 23:55:00 EDT,43.22668,-78.30927,533,70.0,70.8,70.0,90.7,67.2,0.000,0.000,0.00,0.000,4.7,6.1,0.7,181,8,5.2,6.5,0.7,183,7,4.7,6.1,0.7,181,8,0,29.44,,0,0,0,72.1,70.7,68.5,0.23,0.30,0.37
MEDU,2017-08-21 00:00:00 EDT,42.46869,-74.16541,1247,55.5,58.4,55.5,98.2,55.0,0.000,0.006,0.00,0.000,0.2,1.3,0.4,232,5,0.6,1.5,0.5,213,23,0.2,1.3,0.4,232,5,0,28.85,,0,0,0,67.1,68.2,65.8,0.30,0.28,0.30
MEDU,2017-08-21 00:05:00 EDT,42.46869,-74.16541,1247,54.1,58.4,54.1,97.6,53.5,0.000,0.000,0.00,0.000,0.9,1.4,0.2,240,1,1.0,1.7,0.4,238,8,0.9,1.4,0.2,240,1,0,28.85,,0,0,0,67.1,68.2,65.8,0.30,0.28,0.30
MEDU,2017-08-21 00:10:00 EDT,42.46869,-74.16541,1247,54.2,57.7,54.2,97.7,53.6,0.000,0.000,0.00,0.000,0.4,1.2,0.4,246,2,0.5,1.5,0.5,243,8,0.4,1.2,0.4,246,2,0,28.85,,0,0,0,67.1,68.2,65.8,0.30,0.28,0.30
MEDU,2017-08-21 00:15:00 EDT,42.46869,-74.16541,1247,55.0,57.7,55.0,98.3,54.6,0.000,0.000,0.00,0.000,0.1,0.7,0.2,248,0,0.2,1.0,0.4,256,4,0.1,0.7,0.2,248,0,0,28.85,,0,0,0,67.0,68.2,65.8,0.30,0.28,0.30
MEDU,2017-08-21 00:20:00 EDT,42.46869,-74.16541,1247,55.1,57.4,55.1,98.5,54.7,0.000,0.000,0.00,0.000,0.5,1.1,0.4,303,13,0.6,1.3,0.5,318,15,0.5,1.1,0.4,303,13,0,28.86,,0,0,0,66.7,68.2,65.8,0.30,0.28,0.30
MEDU,2017-08-21 00:25:00 EDT,42.46869,-74.16541,1247,55.2,57.3,55.2,98.7,54.9,0.000,0.000,0.00,0.000,0.0,0.4,0.0,319,0,0.0,0.8,0.1,251,1,0.0,0.4,0.0,319,0,0,28.86,,0,0,0,66.7,68.2,65.8,0.30,0.28,0.30
MEDU,2017-08-21 00:30:00 EDT,42.46869,-74.16541,1247,54.8,57.3,54.8,98.6,54.4,0.000,0.000,0.00,0.000,0.0,0.0,0.0,0,0,0.0,0.8,0.1,315,5,0.0,0.0,0.0,0,0,0,28.86,,0,0,0,66.7,68.2,65.8,0.30,0.28,0.30
MEDU,2017-08-21 00:35:00 EDT,42.46869,-74.16541,1247,54.5,57.3,54.5,98.5,54.1,0.000,0.000,0.00,0.000,0.3,0.9,0.3,318,0,0.4,1.1,0.5,318,16,0.3,0.9,0.3,318,0,0,28.86,,0,0,0,66.7,68.2,65.8,0.30,0.28,0.30
MEDU,2017-08-21 00:40:00 EDT,42.46869,-74.16541,1247,54.7,57.6,54.7,98.7,54.3,0.000,0.000,0.00,0.000,0.1,0.6,0.2,318,0,0.4,1.0,0.4,279,10,0.1,0.6,0.2,318,0,0,28.86,,0,0,0,66.5,68.2,65.8,0.30,0.28,0.30
MEDU,2017-08-21 00:45:00 EDT,42.46869,-74.16541,1247,53.9,57.9,53.9,98.5,53.5,0.000,0.000,0.00,0.000,0.5,1.3,0.5,245,3,0.7,1.5,0.5,251,11,0.5,1.3,0.5,245,3,0,28.86,,0,0,0,66.4,68.2,65.8,0.30,0.28,0.30
MEDU,2017-08-21 00:50:00 EDT,42.46869,-74.16541,1247,53.4,57.9,53.4,98.5,53.0,0.000,0.000,0.00,0.000,0.6,1.3,0.4,249,9,1.0,1.6,0.3,272,16,0.6,1.3,0.4,249,9,0,28.86,,0,0,0,66.4,68.2,65.8,0.30,0.28,0.30
MEDU,2017-08-21 00:55:00 EDT,42.46869,-74.16541,1247,53.9,58.2,53.9,98.6,53.5,0.000,0.000,0.00,0.000,1.3,2.3,0.5,259,10,1.6,2.5,0.5,263,12,1.3,2.3,0.5,259,10,0,28.86,,0,0,0,66.4,68.2,65.8,0.30,0.28,0.30
MEDU,2017-08-21 01:00:00 EDT,42.46869,-74.16541,1247,53.5,58.0,53.5,98.6,53.2,0.000,0.000,0.00,0.000,1.6,2.0,0.3,258,8,1.9,2.4,0.3,264,10,1.6,2.0,0.3,258,8,0,28.86,,0,0,0,66.4,68.2,65.8,0.30,0.28,0.30
MEDU,2017-08-21 01:05:00 EDT,42.46869,-74.16541,1247,53.4,58.1,53.4,98.6,53.0,0.000,0.000,0.00,0.000,1.3,2.0,0.3,265,10,1.6,2.3,0.3,272,14,1.3,2.0,0.3,265,10,0,28.86,,0,0,0,66.4,68.2,65.8,0.30,0.28,0.30
MEDU,2017-08-21 01:10:00 EDT,42.46869,-74.16541,1247,53.7,58.0,53.7,98.7,53.4,0.000,0.000,0.00,0.000,1.3,1.8,0.3,261,16,1.5,2.2,0.3,266,21,1.3,1.8,0.3,261,16,0,28.85,,0,0,0,66.0,68.2,65.8,0.30,0.28,0.30
MEDU,2017-08-21 01:15:00 EDT,42.46869,-74.16541,1247,53.9,57.8,53.9,98.8,53.6,0.000,0.000,0.00,0.000,1.0,1.8,0.5,252,11,1.1,2.2,0.6,254,15,1.0,1.8,0.5,252,11,0,28.85,,0,0,0,66.0,68.2,65.8,0.30,0.28,0.30
MEDU,2017-08-21 01:20:00 EDT,42.46869,-74.16541,1247,53.7,57.1,53.7,98.8,53.4,0.000,0.000,0.00,0.000,1.3,2.2,0.5,246,8,1.5,2.5,0.6,248,12,1.3,2.2,0.5,246,8,0,28.85,,0,0,0,66.0,68.2,65.8,0.30,0.28,0.30
MEDU,2017-08-21 01:25:00 EDT,42.46869,-74.16541,1247,53.5,57.9,53.5,98.8,53.1,0.000,0.000,0.00,0.000,1.7,2.3,0.3,251,12,1.9,2.5,0.4,255,15,1.7,2.3,0.3,251,12,0,28.85,,0,0,0,66.0,68.2,65.8,0.30,0.28,0.30
MEDU,2017-08-21 01:30:00 EDT,42.46869,-74.16541,1247,53.6,57.4,53.6,98.8,53.3,0.000,0.000,0.00,0.000,1.6,2.1,0.3,250,10,1.9,2.7,0.4,254,12,1.6,2.1,0.3,250,10,0,28.85,,0,0,0,66.0,68.2,65.8,0.30,0.28,0.30
MEDU,2017-08-21 01:35:00 EDT,42.46869,-74.16541,1247,53.9,57.4,53.9,98.9,53.6,0.000,0.000,0.00,0.000,1.7,2.7,0.4,257,15,2.0,3.3,0.4,262,18,1.7,2.7,0.4,257,15,0,28.85,,0,0,0,65.9,68.2,65.8,0.30,0.28,0.30
MEDU,2017-08-21 01:40:00 EDT,42.46869,-74.16541,1247,53.1,57.8,53.1,98.8,52.7,0.000,0.000,0.00,0.000,1.9,2.8,0.4,240,9,2.0,3.1,0.5,242,10,1.9,2.8,0.4,240,9,0,28.85,,0,0,0,65.8,68.2,65.8,0.30,0.28,0.30
MEDU,2017-08-21 01:45:00 EDT,42.46869,-74.16541,1247,53.5,57.3,53.5,98.8,53.2,0.000,0.000,0.00,0.000,1.4,2.1,0.4,243,11,1.5,2.8,0.5,249,15,1.4,2.1,0.4,243,11,0,28.85,,0,0,0,65.8,68.2,65.8,0.30,0.28,0.30
MEDU,2017-08-21 01:50:00 EDT,42.46869,-74.16541,1247,54.0,56.9,54.0,99.0,53.7,0.000,0.000,0.00,0.000,1.2,2.2,0.5,241,10,1.4,2.3,0.5,244,15,1.2,2.2,0.5,241,10,0,28.85,,0,0,0,65.8,68.2,65.8,0.30,0.28,0.30
MEDU,2017-08-21 01:55:00 EDT,42.46869,-74.16541,1247,53.7,57.0,53.7,99.0,53.4,0.000,0.000,0.00,0.000,1.5,2.1,0.5,245,17,1.7,2.7,0.5,248,22,1.5,2.1,0.5,245,17,0,28.85,,0,0,0,65.8,68.2,65.8,0.30,0.28,0.30
MEDU,2017-08-21 02:00:00 EDT,42.46869,-74.16541,1247,53.6,57.6,53.6,99.0,53.3,0.000,0.000,0.00,0.000,1.8,2.5,0.3,251,12,2.0,2.6,0.3,255,15,1.8,2.5,0.3,251,12,0,28.85,,0,0,0,65.8,68.2,65.8,0.30,0.28,0.30
MEDU,2017-08-21 02:05:00 EDT,42.46869,-74.16541,1247,53.0,58.6,53.0,98.8,52.6,0.000,0.000,0.00,0.000,2.2,2.9,0.5,249,9,2.4,3.4,0.6,253,10,2.2,2.9,0.5,249,9,0,28.85,,0,0,0,65.8,68.2,65.8,0.30,0.28,0.30
MEDU,2017-08-21 02:10:00 EDT,42.46869,-74.16541,1247,54.3,57.4,54.3,99.1,54.0,0.000,0.000,0.00,0.000,1.4,2.3,0.4,253,19,1.6,2.8,0.5,255,23,1.4,2.3,0.4,253,19,0,28.85,,0,0,0,65.8,68.2,65.8,0.30,0.28,0.30
MEDU,2017-08-21 02:15:00 EDT,42.46869,-74.16541,1247,53.7,57.6,53.7,99.0,53.4,0.000,0.000,0.00,0.000,1.7,2.5,0.4,260,13,1.9,2.9,0.4,267,15,1.7,2.5,0.4,260,13,0,28.85,,0,0,0,65.8,68.2,65.8,0.30,0.28,0.30
MEDU,2017-08-21 02:20:00 EDT,42.46869,-74.16541,1247,54.3,58.2,54.3,99.1,54.1,0.000,0.000,0.00,0.000,1.4,1.9,0.2,257,16,1.6,2.3,0.2,258,18,1.4,1.9,0.2,257,16,0,28.85,,0,0,0,65.7,68.2,65.8,0.30,0.28,0.30
MEDU,2017-08-21 02:25:00 EDT,42.46869,-74.16541,1247,53.5,57.8,53.5,98.9,53.2,0.000,0.000,0.00,0.000,1.8,3.2,0.6,247,10,2.0,3.8,0.7,250,14,1.8,3.2,0.6,247,10,0,28.85,,0,0,0,65.5,68.2,65.8,0.30,0.28,0.30
MEDU,2017-08-21 02:30:00 EDT,42.46869,-74.16541,1247,53.5,57.7,53.5,99.0,53.2,0.000,0.000,0.00,0.000,1.7,2.6,0.5,251,11,1.9,3.1,0.5,257,15,1.7,2.6,0.5,251,11,0,28.85,,0,0,0,65.5,68.1,65.8,0.30,0.28,0.30
MEDU,2017-08-21 02:35:00 EDT,42.46869,-74.16541,1247,53.8,57.0,53.8,99.1,53.6,0.000,0.000,0.00,0.000,1.3,2.2,0.5,246,19,1.5,2.6,0.5,251,24,1.3,2.2,0.5,246,19,0,28.85,,0,0,0,65.5,68.2,65.8,0.30,0.28,0.30
MEDU,2017-08-21 02:40:00 EDT,42.46869,-74.16541,1247,53.0,56.9,53.0,98.9,52.7,0.000,0.000,0.00,0.000,0.9,2.0,0.5,229,8,1.0,1.9,0.5,228,12,0.9,2.0,0.5,229,8,0,28.85,,0,0,0,65.5,68.1,65.8,0.30,0.28,0.30
MEDU,2017-08-21 02:45:00 EDT,42.46869,-74.16541,1247,53.4,56.8,53.4,99.0,53.2,0.000,0.000,0.00,0.000,0.9,1.7,0.3,229,15,1.0,2.0,0.4,231,21,0.9,1.7,0.3,229,15,0,28.85,,0,0,0,65.3,68.0,65.8,0.30,0.28,0.30
MEDU,2017-08-21 02:50:00 EDT,42.46869,-74.16541,1247,53.8,57.7,53.8,99.1,53.5,0.000,0.000,0.00,0.000,2.0,3.4,0.5,256,17,2.3,3.7,0.5,262,20,2.0,3.4,0.5,256,17,0,28.85,,0,0,0,65.1,68.0,65.8,0.30,0.28,0.30
MEDU,2017-08-21 02:55:00 EDT,42.46869,-74.16541,1247,52.7,57.9,52.7,99.0,52.4,0.000,0.000,0.00,0.000,1.8,2.8,0.5,240,20,1.9,2.9,0.5,243,22,1.8,2.8,0.5,240,20,0,28.85,,0,0,0,65.1,68.0,65.8,0.30,0.28,0.30
MEDU,2017-08-21 03:00:00 EDT,42.46869,-74.16541,1247,53.1,57.4,53.1,99.0,52.8,0.000,0.000,0.00,0.000,0.9,1.7,0.5,240,17,1.1,2.1,0.6,245,20,0.9,1.7,0.5,240,17,0,28.85,,0,0,0,65.1,67.8,65.8,0.30,0.28,0.30
MEDU,2017-08-21 03:05:00 EDT,42.46869,-74.16541,1247,54.2,58.2,54.2,99.2,54.0,0.000,0.000,0.00,0.000,1.7,2.6,0.4,269,19,2.0,3.0,0.5,274,22,1.7,2.6,0.4,269,19,0,28.85,,0,0,0,65.1,67.8,65.8,0.30,0.28,0.30
MEDU,2017-08-21 03:10:00 EDT,42.46869,-74.16541,1247,53.5,60.1,53.5,99.1,53.2,0.000,0.000,0.00,0.000,2.5,4.4,0.6,284,24,2.8,4.4,0.7,288,23,2.5,4.4,0.6,284,24,0,28.85,,0,0,0,65.1,67.8,65.8,0.30,0.28,0.30
MEDU,2017-08-21 03:15:00 EDT,42.46869,-74.16541,1247,54.2,63.0,54.2,99.2,54.0,0.000,0.000,0.00,0.000,3.3,5.6,0.9,288,18,3.7,7.2,1.2,293,18,3.3,5.6,0.9,288,18,0,28.85,,0,0,0,65.1,67.8,65.8,0.30,0.28,0.30
MEDU,2017-08-21 03:20:00 EDT,42.46869,-74.16541,1247,54.8,62.7,54.8,99.2,54.6,0.000,0.000,0.00,0.000,3.2,5.8,1.0,281,22,3.6,7.7,1.2,284,20,3.2,5.8,1.0,281,22,0,28.85,,0,0,0,65.1,67.8,65.8,0.30,0.28,0.30
MEDU,2017-08-21 03:25:00 EDT,42.46869,-74.16541,1247,54.9,61.6,54.9,99.2,54.7,0.000,0.000,0.00,0.000,2.5,3.9,0.6,268,19,2.8,4.8,0.7,273,19,2.5,3.9,0.6,268,19,0,28.85,,0,0,0,64.9,67.8,65.8,0.30,0.28,0.30
MEDU,2017-08-21 03:30:00 EDT,42.46869,-74.16541,1247,55.4,61.6,55.4,99.2,55.1,0.000,0.000,0.00,0.000,2.0,3.3,0.5,265,10,2.3,3.8,0.6,271,12,2.0,3.3,0.5,265,10,0,28.85,,0,0,0,64.8,67.8,65.8,0.30,0.28,0.30
MEDU,2017-08-21 03:35:00 EDT,42.46869,-74.16541,1247,55.4,61.6,55.4,99.2,55.2,0.000,0.000,0.00,0.000,2.3,4.1,0.6,275,18,2.6,4.7,0.8,280,16,2.3,4.1,0.6,275,18,0,28.85,,0,0,0,64.8,67.8,65.8,0.30,0.28,0.30
MEDU,2017-08-21 03:40:00 EDT,42.46869,-74.16541,1247,55.2,60.5,55.2,99.1,54.9,0.000,0.000,0.00,0.000,1.7,3.2,0.6,264,19,2.0,4.2,0.7,269,19,1.7,3.2,0.6,264,19,0,28.85,,0,0,0,64.8,67.8,65.8,0.30,0.28,0.30
MEDU,2017-08-21 03:45:00 EDT,42.46869,-74.16541,1247,55.3,60.4,55.3,99.2,55.0,0.000,0.000,0.00,0.000,1.9,2.8,0.4,265,10,2.3,3.3,0.4,271,11,1.9,2.8,0.4,265,10,0,28.85,,0,0,0,64.8,67.8,65.8,0.30,0.28,0.30
MEDU,2017-08-21 03:50:00 EDT,42.46869,-74.16541,1247,55.1,60.8,55.1,99.1,54.9,0.000,0.000,0.00,0.000,1.7,4.5,0.7,259,15,2.0,5.2,0.9,264,16,1.7,4.5,0.7,259,15,0,28.85,,0,0,0,64.8,67.8,65.8,0.30,0.28,0.30
MEDU,2017-08-21 03:55:00 EDT,42.46869,-74.16541,1247,55.2,60.3,55.2,99.1,54.9,0.000,0.000,0.00,0.000,1.8,2.8,0.5,274,16,2.0,3.2,0.7,280,17,1.8,2.8,0.5,274,16,0,28.85,,0,0,0,64.8,67.8,65.8,0.30,0.28,0.30
MEDU,2017-08-21 04:00:00 EDT,42.46869,-74.16541,1247,55.1,60.4,55.1,99.1,54.9,0.000,0.000,0.00,0.000,1.5,2.8,0.4,284,18,1.8,3.3,0.5,290,18,1.5,2.8,0.4,284,18,0,28.85,,0,0,0,64.8,67.8,65.8,0.30,0.28,0.30
MEDU,2017-08-21 04:05:00 EDT,42.46869,-74.16541,1247,55.6,60.8,55.6,99.2,55.3,0.000,0.000,0.00,0.000,1.9,4.2,0.8,301,18,2.1,5.5,0.9,307,16,1.9,4.2,0.8,301,18,0,28.85,,0,0,0,64.8,67.8,65.8,0.30,0.28,0.30
MEDU,2017-08-21 04:10:00 EDT,42.46869,-74.16541,1247,57.3,63.7,57.3,99.3,57.1,0.000,0.000,0.00,0.000,2.3,3.8,0.6,299,11,2.4,4.2,0.7,304,11,2.3,3.8,0.6,299,11,0,28.85,,0,0,0,64.7,67.8,65.8,0.30,0.28,0.30
MEDU,2017-08-21 04:15:00 EDT,42.46869,-74.16541,1247,57.3,62.7,57.3,99.2,57.0,0.000,0.000,0.00,0.000,1.7,2.6,0.5,309,18,1.8,3.2,0.7,311,19,1.7,2.6,0.5,309,18,0,28.85,,0,0,0,64.4,67.8,65.8,0.30,0.28,0.30
MEDU,2017-08-21 04:20:00 EDT,42.46869,-74.16541,1247,57.5,61.2,57.5,99.2,57.2,0.000,0.000,0.00,0.000,1.4,2.6,0.6,295,16,1.6,3.0,0.6,301,17,1.4,2.6,0.6,295,16,0,28.85,,0,0,0,64.4,67.8,65.8,0.30,0.28,0.30
MEDU,2017-08-21 04:25:00 EDT,42.46869,-74.16541,1247,56.1,60.5,56.1,98.9,55.8,0.000,0.000,0.00,0.000,1.5,3.0,0.5,301,28,1.8,3.8,0.6,306,28,1.5,3.0,0.5,301,28,0,28.86,,0,0,0,64.4,67.8,65.8,0.30,0.28,0.30
MEDU,2017-08-21 04:30:00 EDT,42.46869,-74.16541,1247,55.4,60.2,55.4,98.8,55.1,0.000,0.000,0.00,0.000,0.7,1.5,0.4,344,11,0.9,2.1,0.5,358,14,0.7,1.5,0.4,344,11,0,28.86,,0,0,0,64.4,67.8,65.8,0.30,0.28,0.30
MEDU,2017-08-21 04:35:00 EDT,42.46869,-74.16541,1247,55.9,59.5,55.9,99.0,55.6,0.000,0.000,0.00,0.000,0.8,1.7,0.4,22,18,1.0,1.9,0.5,33,15,0.8,1.7,0.4,22,18,0,28.86,,0,0,0,64.4,67.8,65.8,0.30,0.28,0.30
MEDU,2017-08-21 04:40:00 EDT,42.46869,-74.16541,1247,55.7,59.3,55.7,99.0,55.4,0.000,0.000,0.00,0.000,0.1,0.9,0.3,23,0,0.3,1.2,0.4,56,12,0.1,0.9,0.3,23,0,0,28.85,,0,0,0,64.4,67.8,65.8,0.30,0.28,0.30
MEDU,2017-08-21 04:45:00 EDT,42.46869,-74.16541,1247,55.5,59.5,55.5,98.9,55.2,0.000,0.000,0.00,0.000,0.3,1.3,0.4,333,28,0.4,1.7,0.5,333,37,0.3,1.3,0.4,333,28,0,28.86,,0,0,0,64.4,67.8,65.8,0.30,0.28,0.30
MEDU,2017-08-21 04:50:00 EDT,42.46869,-74.16541,1247,55.6,58.9,55.6,98.9,55.3,0.000,0.000,0.00,0.000,0.5,0.9,0.3,44,12,0.7,1.2,0.4,54,17,0.5,0.9,0.3,44,12,0,28.86,,0,0,0,64.4,67.8,65.8,0.30,0.28,0.30
MEDU,2017-08-21 04:55:00 EDT,42.46869,-74.16541,1247,55.3,58.8,55.3,99.0,55.0,0.000,0.000,0.00,0.000,0.1,1.0,0.2,9,11,0.2,1.2,0.4,310,24,0.1,1.0,0.2,9,11,0,28.86,,0,0,0,64.4,67.8,65.8,0.30,0.28,0.30
MEDU,2017-08-21 05:00:00 EDT,42.46869,-74.16541,1247,55.2,59.1,55.2,99.0,54.9,0.000,0.000,0.00,0.000,0.0,0.0,0.0,0,0,0.1,1.0,0.3,3,12,0.0,0.0,0.0,0,0,0,28.86,,0,0,0,64.4,67.8,65.8,0.30,0.28,0.30
MEDU,2017-08-21 05:05:00 EDT,42.46869,-74.16541,1247,55.2,58.8,55.2,98.9,54.9,0.000,0.000,0.00,0.000,0.3,1.8,0.5,236,10,0.6,2.2,0.6,233,17,0.3,1.8,0.5,236,10,0,28.86,,0,0,0,64.3,67.8,65.8,0.30,0.28,0.30
MEDU,2017-08-21 05:10:00 EDT,42.46869,-74.16541,1247,54.9,59.0,54.9,99.0,54.6,0.000,0.000,0.00,0.000,0.9,1.7,0.4,257,19,1.1,2.6,0.6,263,19,0.9,1.7,0.4,257,19,0,28.86,,0,0,0,64.2,67.8,65.8,0.30,0.28,0.30
MEDU,2017-08-21 05:15:00 EDT,42.46869,-74.16541,1247,55.3,59.8,55.3,99.0,55.0,0.000,0.000,0.00,0.000,1.6,4.1,0.8,279,20,2.0,7.0,1.1,286,18,1.6,4.1,0.8,279,20,0,28.86,,0,0,0,64.2,67.8,65.8,0.30,0.28,0.30
MEDU,2017-08-21 05:20:00 EDT,42.46869,-74.16541,1247,55.7,61.8,55.7,99.1,55.4,0.000,0.000,0.00,0.000,2.5,4.0,0.7,288,9,2.7,4.7,0.8,295,9,2.5,4.0,0.7,288,9,0,28.86,,0,0,0,64.2,67.8,65.8,0.30,0.28,0.30
MEDU,2017-08-21 05:25:00 EDT,42.46869,-74.16541,1247,58.1,65.5,58.1,99.3,57.9,0.000,0.000,0.00,0.000,4.6,8.1,1.1,303,15,5.0,8.8,1.4,305,14,4.6,8.1,1.1,303,15,0,28.86,,0,0,0,64.2,67.8,65.8,0.30,0.28,0.30
MEDU,2017-08-21 05:30:00 EDT,42.46869,-74.16541,1247,60.8,66.6,60.8,99.2,60.6,0.000,0.000,0.00,0.000,4.5,7.0,0.9,301,12,4.8,7.7,1.0,305,11,4.5,7.0,0.9,301,12,0,28.86,,0,0,0,64.2,67.8,65.8,0.30,0.28,0.30
MEDU,2017-08-21 05:35:00 EDT,42.46869,-74.16541,1247,63.5,67.4,63.5,93.1,61.4,0.000,0.000,0.00,0.000,5.4,7.7,0.9,298,11,5.8,8.2,1.0,301,10,5.4,7.7,0.9,298,11,0,28.86,,0,0,0,64.2,67.8,65.8,0.30,0.28,0.30
MEDU,2017-08-21 05:40:00 EDT,42.46869,-74.16541,1247,64.1,67.6,64.1,85.9,59.8,0.000,0.000,0.00,0.000,6.1,8.8,1.0,301,13,6.4,9.6,1.2,303,12,6.1,8.8,1.0,301,13,0,28.86,,0,0,0,64.2,67.6,65.8,0.30,0.28,0.30
MEDU,2017-08-21 05:45:00 EDT,42.46869,-74.16541,1247,64.1,67.5,64.1,84.0,59.1,0.000,0.000,0.00,0.000,5.5,10.7,1.4,293,13,6.1,13.7,1.7,295,11,5.5,10.7,1.4,293,13,0,28.86,,0,0,0,64.2,67.6,65.8,0.30,0.28,0.30
MEDU,2017-08-21 05:50:00 EDT,42.46869,-74.16541,1247,63.9,67.0,63.9,83.7,58.9,0.000,0.000,0.00,0.000,5.0,9.5,1.3,286,13,5.4,10.3,1.5,289,12,5.0,9.5,1.3,286,13,0,28.86,,0,0,0,64.2,67.5,65.8,0.30,0.28,0.30
MEDU,2017-08-21 05:55:00 EDT,42.46869,-74.16541,1247,63.0,66.4,63.0,85.3,58.5,0.000,0.000,0.00,0.000,5.2,7.7,1.0,288,13,5.8,8.6,1.3,292,11,5.2,7.7,1.0,288,13,0,28.86,,0,0,0,64.2,67.5,65.8,0.30,0.28,0.30
MEDU,2017-08-21 06:00:00 EDT,42.46869,-74.16541,1247,64.6,67.4,64.6,84.1,59.7,0.000,0.000,0.00,0.000,6.2,9.2,1.2,299,11,6.7,11.2,1.3,302,11,6.2,9.2,1.2,299,11,1,28.86,,0,0,0,64.2,67.5,65.8,0.30,0.28,0.30
MEDU,2017-08-21 06:05:00 EDT,42.46869,-74.16541,1247,62.2,65.0,62.2,83.6,57.2,0.000,0.000,0.00,0.000,4.3,7.0,0.9,275,21,4.7,7.9,1.0,279,21,4.3,7.0,0.9,275,21,2,28.86,,0,0,0,64.2,67.5,65.8,0.30,0.28,0.30
MEDU,2017-08-21 06:10:00 EDT,42.46869,-74.16541,1247,60.1,64.8,60.1,89.1,56.9,0.000,0.000,0.00,0.000,3.5,5.3,0.8,313,17,3.9,6.3,1.1,314,16,3.5,5.3,0.8,313,17,4,28.86,,0,0,0,64.2,67.5,65.8,0.30,0.28,0.30
MEDU,2017-08-21 06:15:00 EDT,42.46869,-74.16541,1247,58.6,62.7,58.6,91.9,56.3,0.000,0.000,0.00,0.000,3.1,4.1,0.6,253,21,3.4,4.8,0.6,257,22,3.1,4.1,0.6,253,21,6,28.86,,0,0,0,64.2,67.5,65.8,0.30,0.28,0.30
MEDU,2017-08-21 06:20:00 EDT,42.46869,-74.16541,1247,57.9,61.7,57.9,94.3,56.3,0.000,0.000,0.00,0.000,3.3,4.3,0.4,233,7,3.4,4.9,0.6,236,7,3.3,4.3,0.4,233,7,9,28.86,,0,0,0,64.2,67.5,65.8,0.30,0.28,0.30
MEDU,2017-08-21 06:25:00 EDT,42.46869,-74.16541,1247,58.1,60.9,58.1,95.8,56.9,0.000,0.000,0.00,0.000,2.8,4.2,0.5,237,11,3.1,5.0,0.8,240,11,2.8,4.2,0.5,237,11,13,28.86,,0,0,0,64.2,67.5,65.8,0.30,0.28,0.30
MEDU,2017-08-21 06:30:00 EDT,42.46869,-74.16541,1247,57.3,59.9,57.3,95.0,55.9,0.000,0.000,0.00,0.000,2.3,3.5,0.6,238,11,2.4,4.1,0.7,241,13,2.3,3.5,0.6,238,11,16,28.86,,0,0,0,64.2,67.5,65.8,0.30,0.28,0.30
MEDU,2017-08-21 06:35:00 EDT,42.46869,-74.16541,1247,57.1,59.2,57.1,96.1,56.0,0.000,0.000,0.00,0.000,1.5,2.3,0.6,231,16,1.6,2.6,0.6,235,15,1.5,2.3,0.6,231,16,20,28.86,,0,0,0,64.2,67.5,65.8,0.30,0.28,0.30
MEDU,2017-08-21 06:40:00 EDT,42.46869,-74.16541,1247,57.2,58.7,57.2,96.9,56.3,0.000,0.000,0.00,0.000,1.3,2.1,0.3,243,15,1.5,2.6,0.4,246,17,1.3,2.1,0.3,243,15,31,28.86,,0,0,0,64.2,67.5,65.8,0.30,0.28,0.30
MEDU,2017-08-21 06:45:00 EDT,42.46869,-74.16541,1247,57.0,59.6,57.0,97.2,56.2,0.000,0.000,0.00,0.000,1.2,1.8,0.3,229,11,1.4,2.0,0.4,232,14,1.2,1.8,0.3,229,11,46,28.86,,0,0,0,64.2,67.5,65.8,0.30,0.28,0.30
MEDU,2017-08-21 06:50:00 EDT,42.46869,-74.16541,1247,56.6,59.5,56.6,96.8,55.7,0.000,0.000,0.00,0.000,0.4,1.5,0.5,202,12,0.6,2.2,0.6,198,17,0.4,1.5,0.5,202,12,35,28.87,,0,0,0,64.2,67.5,65.8,0.30,0.28,0.30
MEDU,2017-08-21 06:55:00 EDT,42.46869,-74.16541,1247,57.0,59.4,57.0,96.8,56.1,0.000,0.000,0.00,0.000,0.7,2.6,0.7,262,35,0.9,2.5,0.7,265,39,0.7,2.6,0.7,262,35,33,28.87,,0,0,0,64.2,67.5,65.8,0.30,0.28,0.30
MEDU,2017-08-21 07:00:00 EDT,42.46869,-74.16541,1247,57.2,59.7,57.2,97.4,56.5,0.000,0.000,0.00,0.000,2.3,3.8,0.7,246,12,2.6,4.4,0.7,251,12,2.3,3.8,0.7,246,12,93,28.87,,0,0,0,64.2,67.5,65.8,0.30,0.28,0.30
MEDU,2017-08-21 07:05:00 EDT,42.46869,-74.16541,1247,58.0,60.6,58.0,97.5,57.3,0.000,0.000,0.00,0.000,2.0,3.8,0.7,257,9,2.3,4.0,0.7,261,11,2.0,3.8,0.7,257,9,73,28.87,,0,0,0,64.2,67.5,65.8,0.30,0.28,0.30
MEDU,2017-08-21 07:10:00 EDT,42.46869,-74.16541,1247,58.2,60.6,58.2,97.6,57.6,0.000,0.000,0.00,0.000,0.9,1.8,0.4,276,18,1.2,2.3,0.5,284,22,0.9,1.8,0.4,276,18,70,28.87,,0,0,0,64.2,67.5,65.8,0.30,0.28,0.30
MEDU,2017-08-21 07:15:00 EDT,42.46869,-74.16541,1247,58.6,60.6,58.6,97.6,57.9,0.000,0.000,0.00,0.000,0.3,1.2,0.4,277,11,0.4,1.7,0.5,283,15,0.3,1.2,0.4,277,11,151,28.87,,0,0,0,64.2,67.5,65.8,0.30,0.28,0.30
MEDU,2017-08-21 07:20:00 EDT,42.46869,-74.16541,1247,59.5,60.6,59.5,96.6,58.5,0.000,0.000,0.00,0.000,0.7,1.9,0.6,233,12,0.8,1.9,0.6,227,9,0.7,1.9,0.6,233,12,150,28.87,,0,0,0,64.2,67.5,65.8,0.30,0.28,0.30
MEDU,2017-08-21 07:25:00 EDT,42.46869,-74.16541,1247,59.9,61.2,59.9,95.2,58.5,0.000,0.000,0.00,0.000,0.9,1.8,0.6,229,11,1.0,2.0,0.6,231,13,0.9,1.8,0.6,229,11,70,28.87,,0,0,0,64.2,67.5,65.8,0.30,0.28,0.30
MEDU,2017-08-21 07:30:00 EDT,42.46869,-74.16541,1247,60.0,60.8,60.0,94.7,58.5,0.000,0.000,0.00,0.000,0.8,1.7,0.4,262,7,0.9,1.9,0.5,269,10,0.8,1.7,0.4,262,7,58,28.87,,0,0,0,64.2,67.5,65.8,0.30,0.28,0.30
MEDU,2017-08-21 07:35:00 EDT,42.46869,-74.16541,1247,59.9,60.9,59.9,94.8,58.4,0.000,0.000,0.00,0.000,0.0,0.0,0.0,0,0,0.1,0.9,0.2,348,3,0.0,0.0,0.0,0,0,90,28.87,,0,0,0,64.3,67.4,65.8,0.30,0.28,0.30
MEDU,2017-08-21 07:40:00 EDT,42.46869,-74.16541,1247,60.2,61.2,60.2,93.8,58.4,0.000,0.000,0.00,0.000,0.0,0.0,0.0,0,0,0.0,0.7,0.1,49,0,0.0,0.0,0.0,0,0,155,28.87,,0,0,0,64.4,67.4,65.8,0.30,0.28,0.30
MEDU,2017-08-21 07:45:00 EDT,42.46869,-74.16541,1247,61.4,61.8,61.4,95.6,60.1,0.000,0.000,0.00,0.000,0.2,1.1,0.3,271,0,0.3,1.3,0.4,284,7,0.2,1.1,0.3,271,0,191,28.87,,0,0,0,64.4,67.4,65.8,0.30,0.28,0.30
MEDU,2017-08-21 07:50:00 EDT,42.46869,-74.16541,1247,62.5,62.8,62.5,95.1,61.1,0.000,0.000,0.00,0.000,0.3,0.8,0.3,271,0,0.9,1.4,0.3,231,18,0.3,0.8,0.3,271,0,226,28.87,,0,0,0,64.4,67.3,65.8,0.30,0.28,0.30
MEDU,2017-08-21 07:55:00 EDT,42.46869,-74.16541,1247,63.5,63.6,63.5,93.6,61.6,0.000,0.000,0.00,0.000,2.0,3.2,1.0,238,11,2.1,3.3,0.7,237,6,2.0,3.2,1.0,238,11,230,28.87,,0,0,0,64.4,67.2,65.8,0.30,0.28,0.30
MEDU,2017-08-21 08:00:00 EDT,42.46869,-74.16541,1247,64.4,64.4,64.4,91.1,61.7,0.000,0.000,0.00,0.000,2.3,3.6,0.6,234,7,2.3,3.5,0.5,236,7,2.3,3.6,0.6,234,7,231,28.87,,0,0,0,64.4,67.1,65.8,0.30,0.28,0.30
MEDU,2017-08-21 08:05:00 EDT,42.46869,-74.16541,1247,65.2,64.9,65.2,90.4,62.4,0.000,0.000,0.00,0.000,1.5,2.6,0.5,231,10,1.6,2.7,0.4,232,11,1.5,2.6,0.5,231,10,262,28.87,,0,0,0,64.4,67.1,65.8,0.30,0.28,0.30
MEDU,2017-08-21 08:10:00 EDT,42.46869,-74.16541,1247,65.8,65.7,65.8,89.7,62.7,0.000,0.000,0.00,0.000,0.4,1.1,0.4,196,16,0.6,1.4,0.5,184,16,0.4,1.1,0.4,196,16,252,28.87,,0,0,0,64.7,67.1,65.8,0.30,0.28,0.30
MEDU,2017-08-21 08:15:00 EDT,42.46869,-74.16541,1247,66.5,66.6,66.5,87.2,62.6,0.000,0.000,0.00,0.000,0.0,0.4,0.1,162,0,0.3,1.2,0.4,147,25,0.0,0.4,0.1,162,0,277,28.87,,0,0,0,64.8,67.1,65.8,0.30,0.28,0.30
MEDU,2017-08-21 08:20:00 EDT,42.46869,-74.16541,1247,67.3,66.9,67.3,84.2,62.3,0.000,0.000,0.00,0.000,0.2,1.1,0.4,115,4,0.5,1.4,0.5,119,9,0.2,1.1,0.4,115,4,290,28.87,,0,0,0,64.9,67.1,65.8,0.30,0.28,0.30
MEDU,2017-08-21 08:25:00 EDT,42.46869,-74.16541,1247,67.9,67.2,67.9,83.4,62.7,0.000,0.000,0.00,0.000,0.7,1.5,0.3,113,13,1.0,1.7,0.3,115,17,0.7,1.5,0.3,113,13,281,28.87,,0,0,0,65.1,67.1,65.8,0.30,0.28,0.30
MEDU,2017-08-21 08:30:00 EDT,42.46869,-74.16541,1247,68.2,67.4,68.2,83.6,63.0,0.000,0.000,0.00,0.000,0.9,2.1,0.5,71,15,1.4,2.6,0.6,75,15,0.9,2.1,0.5,71,15,322,28.87,,0,0,0,65.2,67.1,65.8,0.30,0.28,0.30
MEDU,2017-08-21 08:35:00 EDT,42.46869,-74.16541,1247,68.7,67.5,68.7,83.3,63.4,0.000,0.000,0.00,0.000,1.9,2.7,0.5,87,11,2.3,3.2,0.5,87,12,1.9,2.7,0.5,87,11,336,28.87,,0,0,0,65.6,67.1,65.8,0.30,0.28,0.30
MEDU,2017-08-21 08:40:00 EDT,42.46869,-74.16541,1247,68.8,67.7,68.8,83.1,63.5,0.000,0.000,0.00,0.000,2.4,3.1,0.4,101,7,2.7,3.7,0.5,102,8,2.4,3.1,0.4,101,7,364,28.87,,0,0,0,65.8,67.1,65.8,0.30,0.28,0.30
MEDU,2017-08-21 08:45:00 EDT,42.46869,-74.16541,1247,69.3,68.0,69.3,83.7,64.1,0.000,0.000,0.00,0.000,2.5,3.5,0.6,100,8,2.8,4.1,0.7,100,9,2.5,3.5,0.6,100,8,379,28.87,,0,0,0,65.9,67.1,65.8,0.30,0.28,0.30
MEDU,2017-08-21 08:50:00 EDT,42.46869,-74.16541,1247,68.9,67.7,68.9,83.4,63.7,0.000,0.000,0.00,0.000,3.3,4.2,0.4,107,9,3.6,4.6,0.6,108,9,3.3,4.2,0.4,107,9,402,28.87,,0,0,0,66.2,67.1,65.8,0.30,0.28,0.30
MEDU,2017-08-21 08:55:00 EDT,42.46869,-74.16541,1247,69.1,67.6,69.1,83.1,63.8,0.000,0.000,0.00,0.000,3.2,3.7,0.3,102,7,3.6,4.5,0.4,103,6,3.2,3.7,0.3,102,7,417,28.87,,0,0,0,66.5,67.1,65.8,0.30,0.28,0.30
MEDU,2017-08-21 09:00:00 EDT,42.46869,-74.16541,1247,69.1,67.6,69.1,81.9,63.4,0.000,0.000,0.00,0.000,2.9,3.7,0.3,97,8,3.3,4.4,0.5,98,7,2.9,3.7,0.3,97,8,435,28.86,,0,0,0,66.8,67.1,65.8,0.30,0.28,0.30
MEDU,2017-08-21 09:05:00 EDT,42.46869,-74.16541,1247,69.8,68.2,69.8,81.6,63.9,0.000,0.000,0.00,0.000,2.3,3.5,0.4,101,12,2.6,4.0,0.5,101,12,2.3,3.5,0.4,101,12,459,28.86,,0,0,0,67.1,67.1,65.8,0.30,0.28,0.30
MEDU,2017-08-21 09:10:00 EDT,42.46869,-74.16541,1247,70.3,68.8,70.3,80.9,64.2,0.000,0.000,0.00,0.000,2.0,2.8,0.5,110,9,2.1,3.4,0.5,110,10,2.0,2.8,0.5,110,9,478,28.86,,0,0,0,67.5,67.1,65.8,0.30,0.28,0.30
MEDU,2017-08-21 09:15:00 EDT,42.46869,-74.16541,1247,70.8,69.5,70.8,80.3,64.4,0.000,0.000,0.00,0.000,2.3,3.2,0.3,106,19,2.5,3.8,0.5,104,18,2.3,3.2,0.3,106,19,469,28.86,,0,0,0,67.8,67.1,65.8,0.30,0.28,0.30
MEDU,2017-08-21 09:20:00 EDT,42.46869,-74.16541,1247,71.3,69.9,71.3,78.7,64.3,0.000,0.000,0.00,0.000,2.8,3.7,0.5,97,13,3.1,4.4,0.6,98,12,2.8,3.7,0.5,97,13,506,28.86,,0,0,0,68.2,67.1,65.8,0.30,0.28,0.30
MEDU,2017-08-21 09:25:00 EDT,42.46869,-74.16541,1247,72.0,70.9,72.0,79.8,65.5,0.000,0.000,0.00,0.000,2.2,3.4,0.6,102,18,2.4,3.9,0.6,102,18,2.2,3.4,0.6,102,18,447,28.86,,0,0,0,68.5,67.1,65.8,0.30,0.28,0.30
MEDU,2017-08-21 09:30:00 EDT,42.46869,-74.16541,1247,72.9,71.4,72.9,78.6,65.8,0.000,0.000,0.00,0.000,2.2,3.8,0.8,98,14,2.5,4.3,0.8,98,13,2.2,3.8,0.8,98,14,508,28.86,,0,0,0,68.7,67.1,65.8,0.30,0.28,0.30
MEDU,2017-08-21 09:35:00 EDT,42.46869,-74.16541,1247,73.1,71.6,73.1,75.8,65.0,0.000,0.000,0.00,0.000,3.0,4.2,0.6,115,14,3.1,4.5,0.7,115,14,3.0,4.2,0.6,115,14,538,28.86,,0,0,0,69.0,67.1,65.8,0.30,0.28,0.30
MEDU,2017-08-21 09:40:00 EDT,42.46869,-74.16541,1247,73.3,72.0,73.3,75.9,65.3,0.000,0.000,0.00,0.000,2.7,4.2,0.6,112,13,2.9,4.4,0.7,114,14,2.7,4.2,0.6,112,13,537,28.86,,0,0,0,69.3,67.1,65.8,0.30,0.28,0.30
MEDU,2017-08-21 09:45:00 EDT,42.46869,-74.16541,1247,73.5,72.1,73.5,75.8,65.4,0.000,0.000,0.00,0.000,4.0,5.5,0.8,111,12,4.2,6.3,1.0,112,11,4.0,5.5,0.8,111,12,560,28.86,,0,0,0,69.6,67.1,65.8,0.30,0.28,0.30
MEDU,2017-08-21 09:50:00 EDT,42.46869,-74.16541,1247,74.2,72.9,74.2,74.1,65.4,0.000,0.000,0.00,0.000,3.4,4.7,0.6,127,17,3.6,6.0,1.0,130,19,3.4,4.7,0.6,127,17,563,28.86,,0,0,0,69.8,67.1,65.8,0.30,0.28,0.30
MEDU,2017-08-21 09:55:00 EDT,42.46869,-74.16541,1247,75.2,73.9,75.2,72.1,65.6,0.000,0.000,0.00,0.000,2.7,4.6,0.7,154,31,3.0,5.7,0.9,159,31,2.7,4.6,0.7,154,31,574,28.86,,0,0,0,70.0,67.1,65.8,0.30,0.28,0.30
MEDU,2017-08-21 10:00:00 EDT,42.46869,-74.16541,1247,75.2,74.6,75.2,65.3,62.8,0.000,0.000,0.00,0.000,2.5,5.4,0.9,201,23,2.8,5.8,1.0,206,21,2.5,5.4,0.9,201,23,566,28.86,,0,0,0,70.3,67.1,65.8,0.30,0.28,0.30
MEDU,2017-08-21 10:05:00 EDT,42.46869,-74.16541,1247,74.9,74.6,74.9,64.6,62.1,0.000,0.000,0.00,0.000,3.3,5.0,0.9,212,19,3.3,6.6,1.0,214,20,3.3,5.0,0.9,212,19,548,28.86,,0,0,0,70.7,67.1,65.8,0.30,0.28,0.30
MEDU,2017-08-21 10:10:00 EDT,42.46869,-74.16541,1247,75.2,74.7,75.2,67.4,63.7,0.000,0.000,0.00,0.000,2.7,5.3,1.2,180,39,3.1,6.4,1.5,185,37,2.7,5.3,1.2,180,39,520,28.87,,0,0,0,70.8,67.1,65.8,0.30,0.28,0.30
MEDU,2017-08-21 10:15:00 EDT,42.46869,-74.16541,1247,75.6,74.4,75.6,69.3,64.9,0.000,0.000,0.00,0.000,3.8,6.6,1.4,129,23,4.1,6.9,1.3,131,25,3.8,6.6,1.4,129,23,630,28.87,,0,0,0,71.1,67.1,65.8,0.30,0.28,0.30
MEDU,2017-08-21 10:20:00 EDT,42.46869,-74.16541,1247,75.3,73.9,75.3,71.1,65.2,0.000,0.000,0.00,0.000,5.3,6.7,0.8,122,14,5.3,7.2,0.9,124,13,5.3,6.7,0.8,122,14,645,28.87,,0,0,0,71.4,67.0,65.8,0.30,0.28,0.30
MEDU,2017-08-21 10:25:00 EDT,42.46869,-74.16541,1247,76.3,75.2,76.3,69.8,65.7,0.000,0.000,0.00,0.000,4.6,7.1,1.2,152,25,5.0,9.1,1.5,158,25,4.6,7.1,1.2,152,25,621,28.87,,0,0,0,71.5,66.9,65.8,0.30,0.28,0.30
MEDU,2017-08-21 10:30:00 EDT,42.46869,-74.16541,1247,76.3,75.4,76.3,69.1,65.4,0.000,0.000,0.00,0.000,3.3,6.8,1.4,154,21,3.6,6.4,1.4,157,23,3.3,6.8,1.4,154,21,620,28.87,,0,0,0,71.8,66.9,65.8,0.30,0.28,0.30
MEDU,2017-08-21 10:35:00 EDT,42.46869,-74.16541,1247,77.1,76.5,77.1,64.8,64.4,0.000,0.000,0.00,0.000,3.6,7.1,1.2,194,31,4.2,10.4,1.5,195,30,3.6,7.1,1.2,194,31,663,28.87,,0,0,0,72.2,66.8,65.8,0.30,0.28,0.29
MEDU,2017-08-21 10:40:00 EDT,42.46869,-74.16541,1247,77.5,76.7,77.5,61.9,63.4,0.000,0.000,0.00,0.000,3.5,6.4,1.4,204,26,3.8,7.9,1.5,206,27,3.5,6.4,1.4,204,26,676,28.87,,0,0,0,72.4,66.8,65.8,0.30,0.28,0.29
MEDU,2017-08-21 10:45:00 EDT,42.46869,-74.16541,1247,77.8,77.2,77.8,58.2,62.0,0.000,0.000,0.00,0.000,5.0,10.4,2.4,238,22,5.5,10.4,2.3,244,19,5.0,10.4,2.4,238,22,688,28.87,,0,0,0,72.7,66.8,65.8,0.30,0.28,0.30
MEDU,2017-08-21 10:50:00 EDT,42.46869,-74.16541,1247,77.9,77.3,77.9,57.1,61.5,0.000,0.000,0.00,0.000,5.2,9.3,1.6,240,22,5.8,10.1,1.7,245,22,5.2,9.3,1.6,240,22,704,28.87,,0,0,0,73.0,66.8,65.8,0.30,0.28,0.30
MEDU,2017-08-21 10:55:00 EDT,42.46869,-74.16541,1247,78.0,77.4,78.0,55.3,60.6,0.000,0.000,0.00,0.000,6.1,11.0,2.0,224,26,6.6,11.5,2.2,230,24,6.1,11.0,2.0,224,26,712,28.87,,0,0,0,73.2,66.8,65.8,0.30,0.28,0.30
MEDU,2017-08-21 11:00:00 EDT,42.46869,-74.16541,1247,78.0,77.5,78.0,55.5,60.8,0.000,0.000,0.00,0.000,6.3,10.1,1.5,247,21,7.0,10.6,1.5,251,21,6.3,10.1,1.5,247,21,721,28.87,,0,0,0,73.6,66.7,65.8,0.30,0.28,0.30
MEDU,2017-08-21 11:05:00 EDT,42.46869,-74.16541,1247,78.1,77.6,78.1,55.5,60.8,0.000,0.000,0.00,0.000,7.6,13.1,2.2,230,15,8.1,13.4,2.1,236,15,7.6,13.1,2.2,230,15,730,28.87,,0,0,0,73.9,66.7,65.8,0.30,0.28,0.29
MEDU,2017-08-21 11:10:00 EDT,42.46869,-74.16541,1247,78.1,77.6,78.1,54.6,60.5,0.000,0.000,0.00,0.000,6.5,12.3,2.5,244,16,7.1,13.5,2.6,248,15,6.5,12.3,2.5,244,16,729,28.87,,0,0,0,74.1,66.7,65.8,0.30,0.28,0.30
MEDU,2017-08-21 11:15:00 EDT,42.46869,-74.16541,1247,78.1,77.5,78.1,53.6,59.8,0.000,0.000,0.00,0.000,8.6,12.9,2.2,246,15,9.1,14.7,2.5,250,15,8.6,12.9,2.2,246,15,749,28.86,,0,0,0,74.3,66.7,65.8,0.30,0.28,0.29
MEDU,2017-08-21 11:20:00 EDT,42.46869,-74.16541,1247,78.0,77.5,78.0,53.9,60.0,0.000,0.000,0.00,0.000,8.2,13.8,2.7,246,14,8.8,15.4,2.8,250,13,8.2,13.8,2.7,246,14,754,28.86,,0,0,0,74.7,66.7,65.8,0.30,0.28,0.30
MEDU,2017-08-21 11:25:00 EDT,42.46869,-74.16541,1247,77.9,77.4,77.9,55.7,60.8,0.000,0.000,0.00,0.000,7.6,11.1,1.8,255,15,8.3,13.5,2.1,259,14,7.6,11.1,1.8,255,15,672,28.86,,0,0,0,74.7,66.7,65.8,0.30,0.28,0.30
MEDU,2017-08-21 11:30:00 EDT,42.46869,-74.16541,1247,78.5,77.7,78.5,55.2,61.1,0.000,0.000,0.00,0.000,6.0,11.3,2.7,258,26,6.7,14.2,2.8,261,26,6.0,11.3,2.7,258,26,759,28.86,,0,0,0,74.7,66.7,65.8,0.30,0.28,0.30
MEDU,2017-08-21 11:35:00 EDT,42.46869,-74.16541,1247,78.4,77.7,78.4,53.4,60.1,0.000,0.000,0.00,0.000,8.3,13.5,2.0,263,14,9.4,15.0,2.2,268,13,8.3,13.5,2.0,263,14,766,28.85,,0,0,0,74.7,66.7,65.8,0.30,0.28,0.30
MEDU,2017-08-21 11:40:00 EDT,42.46869,-74.16541,1247,78.5,77.9,78.5,54.2,60.6,0.000,0.000,0.00,0.000,7.8,12.0,1.8,245,12,8.2,12.9,1.9,248,11,7.8,12.0,1.8,245,12,732,28.85,,0,0,0,74.9,66.7,65.8,0.30,0.28,0.29
MEDU,2017-08-21 11:45:00 EDT,42.46869,-74.16541,1247,78.5,77.9,78.5,53.9,60.4,0.000,0.000,0.00,0.000,7.2,12.1,2.3,233,21,7.9,14.3,2.3,238,19,7.2,12.1,2.3,233,21,751,28.85,,0,0,0,75.0,66.7,65.8,0.30,0.28,0.29
MEDU,2017-08-21 11:50:00 EDT,42.46869,-74.16541,1247,78.4,77.8,78.4,53.4,60.0,0.000,0.000,0.00,0.000,7.8,13.2,2.1,230,18,8.5,14.3,2.3,233,18,7.8,13.2,2.1,230,18,755,28.85,,0,0,0,75.0,66.7,65.8,0.30,0.28,0.30
MEDU,2017-08-21 11:55:00 EDT,42.46869,-74.16541,1247,78.6,77.9,78.6,53.4,60.2,0.000,0.000,0.00,0.000,7.9,13.8,2.4,228,18,8.4,14.9,2.4,232,18,7.9,13.8,2.4,228,18,793,28.85,,0,0,0,75.5,66.7,65.8,0.30,0.28,0.29
MEDU,2017-08-21 12:00:00 EDT,42.46869,-74.16541,1247,78.7,78.1,78.7,52.9,60.1,0.000,0.000,0.00,0.000,9.3,14.7,2.1,238,15,9.6,13.1,2.0,241,15,9.3,14.7,2.1,238,15,805,28.85,,0,0,0,75.6,66.7,65.8,0.30,0.28,0.29
MEDU,2017-08-21 12:05:00 EDT,42.46869,-74.16541,1247,78.8,78.1,78.8,52.7,60.0,0.000,0.000,0.00,0.000,9.4,14.8,2.5,243,13,10.1,16.0,2.5,248,12,9.4,14.8,2.5,243,13,817,28.85,,0,0,0,75.7,66.7,65.8,0.30,0.28,0.29
MEDU,2017-08-21 12:10:00 EDT,42.46869,-74.16541,1247,78.8,78.1,78.8,52.5,60.0,0.000,0.000,0.00,0.000,9.6,12.7,1.8,244,14,10.2,14.7,2.0,248,14,9.6,12.7,1.8,244,14,821,28.85,,0,0,0,75.9,66.7,65.8,0.30,0.28,0.30
MEDU,2017-08-21 12:15:00 EDT,42.46869,-74.16541,1247,78.9,78.2,78.9,52.5,60.1,0.000,0.000,0.00,0.000,9.0,15.6,2.4,237,12,9.4,16.1,2.4,242,12,9.0,15.6,2.4,237,12,804,28.85,,0,0,0,76.3,66.7,65.8,0.30,0.28,0.29
MEDU,2017-08-21 12:20:00 EDT,42.46869,-74.16541,1247,78.8,78.3,78.8,52.6,60.1,0.000,0.000,0.00,0.000,6.5,9.3,1.5,246,17,7.1,12.1,1.8,251,15,6.5,9.3,1.5,246,17,660,28.84,,0,0,0,76.5,66.7,65.8,0.30,0.28,0.29
MEDU,2017-08-21 12:25:00 EDT,42.46869,-74.16541,1247,78.5,78.2,78.5,55.6,61.3,0.000,0.000,0.00,0.000,6.3,10.5,1.7,251,19,6.9,11.6,1.9,257,19,6.3,10.5,1.7,251,19,588,28.84,,0,0,0,76.6,66.7,65.8,0.30,0.28,0.29
MEDU,2017-08-21 12:30:00 EDT,42.46869,-74.16541,1247,78.9,78.4,78.9,54.0,60.8,0.000,0.000,0.00,0.000,5.6,9.1,1.8,251,22,6.3,11.6,2.0,256,20,5.6,9.1,1.8,251,22,688,28.84,,0,0,0,76.8,66.7,65.8,0.30,0.28,0.29
MEDU,2017-08-21 12:35:00 EDT,42.46869,-74.16541,1247,79.2,78.6,79.2,52.9,60.6,0.000,0.000,0.00,0.000,6.2,11.7,1.9,246,16,7.0,11.5,2.0,250,15,6.2,11.7,1.9,246,16,641,28.84,,0,0,0,76.8,66.7,65.8,0.30,0.28,0.29
MEDU,2017-08-21 12:40:00 EDT,42.46869,-74.16541,1247,78.9,78.5,78.9,50.3,58.9,0.000,0.000,0.00,0.000,8.1,11.9,1.7,243,12,8.7,14.2,2.0,247,11,8.1,11.9,1.7,243,12,799,28.84,,0,0,0,76.8,66.7,65.8,0.30,0.28,0.29
MEDU,2017-08-21 12:45:00 EDT,42.46869,-74.16541,1247,79.6,78.9,79.6,51.0,59.9,0.000,0.000,0.00,0.000,5.7,9.4,1.7,260,17,6.4,10.5,1.8,264,17,5.7,9.4,1.7,260,17,846,28.83,,0,0,0,77.2,66.7,65.8,0.30,0.28,0.29
MEDU,2017-08-21 12:50:00 EDT,42.46869,-74.16541,1247,80.1,79.3,80.9,50.4,60.0,0.000,0.000,0.00,0.000,7.2,10.7,1.6,260,23,7.9,11.7,1.9,265,20,7.2,10.7,1.6,260,23,883,28.83,,0,0,0,77.2,66.7,65.8,0.30,0.28,0.29
MEDU,2017-08-21 12:55:00 EDT,42.46869,-74.16541,1247,79.5,79.1,79.5,51.0,59.8,0.000,0.000,0.00,0.000,4.5,10.1,2.1,254,25,5.2,11.0,2.2,258,25,4.5,10.1,2.1,254,25,492,28.83,,0,0,0,77.4,66.7,65.8,0.30,0.28,0.29
MEDU,2017-08-21 13:00:00 EDT,42.46869,-74.16541,1247,79.0,78.8,79.0,50.1,58.9,0.000,0.000,0.00,0.000,5.5,9.7,2.0,259,20,6.3,10.2,2.2,264,20,5.5,9.7,2.0,259,20,571,28.83,,0,0,0,77.7,66.8,65.8,0.30,0.28,0.29
MEDU,2017-08-21 13:05:00 EDT,42.46869,-74.16541,1247,79.2,78.9,79.2,52.4,60.3,0.000,0.000,0.00,0.000,5.7,11.3,2.5,248,19,6.2,12.0,2.5,253,21,5.7,11.3,2.5,248,19,639,28.83,,0,0,0,77.7,66.7,65.7,0.30,0.28,0.29
MEDU,2017-08-21 13:10:00 EDT,42.46869,-74.16541,1247,79.7,79.2,79.7,50.8,59.8,0.000,0.000,0.00,0.000,5.6,9.6,1.6,241,13,6.1,10.0,1.9,246,13,5.6,9.6,1.6,241,13,600,28.83,,0,0,0,77.7,66.7,65.7,0.30,0.28,0.29
MEDU,2017-08-21 13:15:00 EDT,42.46869,-74.16541,1247,80.2,79.7,81.1,50.9,60.4,0.000,0.000,0.00,0.000,6.6,12.2,1.9,233,23,6.9,11.5,1.9,236,21,6.6,12.2,1.9,233,23,826,28.83,,0,0,0,77.7,66.8,65.7,0.30,0.28,0.29
MEDU,2017-08-21 13:20:00 EDT,42.46869,-74.16541,1247,80.6,80.0,81.1,48.1,59.1,0.000,0.000,0.00,0.000,6.7,11.5,1.8,239,23,7.2,12.1,2.0,244,22,6.7,11.5,1.8,239,23,745,28.83,,0,0,0,77.8,66.8,65.6,0.30,0.28,0.29
MEDU,2017-08-21 13:25:00 EDT,42.46869,-74.16541,1247,80.0,79.8,80.7,48.5,58.9,0.000,0.000,0.00,0.000,7.0,10.2,1.8,247,18,7.8,10.9,1.8,253,17,7.0,10.2,1.8,247,18,595,28.83,,0,0,0,78.1,66.8,65.6,0.30,0.28,0.29
MEDU,2017-08-21 13:30:00 EDT,42.46869,-74.16541,1247,80.4,80.0,81.2,51.1,60.7,0.000,0.000,0.00,0.000,4.0,7.6,1.3,199,29,4.5,8.7,1.4,204,31,4.0,7.6,1.3,199,29,618,28.83,,0,0,0,78.1,66.9,65.6,0.30,0.28,0.29
MEDU,2017-08-21 13:35:00 EDT,42.46869,-74.16541,1247,80.2,79.9,80.9,49.1,59.4,0.000,0.000,0.00,0.000,4.9,9.1,1.9,224,22,5.2,9.6,2.1,231,21,4.9,9.1,1.9,224,22,525,28.83,,0,0,0,78.1,66.9,65.6,0.30,0.28,0.29
MEDU,2017-08-21 13:40:00 EDT,42.46869,-74.16541,1247,79.9,79.7,79.9,49.5,59.3,0.000,0.000,0.00,0.000,4.3,7.8,1.4,216,27,4.5,7.7,1.6,221,29,4.3,7.8,1.4,216,27,681,28.83,,0,0,0,78.1,66.9,65.6,0.30,0.28,0.29
MEDU,2017-08-21 13:45:00 EDT,42.46869,-74.16541,1247,81.4,80.6,82.1,49.5,60.7,0.000,0.000,0.00,0.000,3.7,8.0,1.6,229,25,4.3,8.0,1.6,235,23,3.7,8.0,1.6,229,25,873,28.83,,0,0,0,78.1,67.0,65.5,0.30,0.28,0.29
MEDU,2017-08-21 13:50:00 EDT,42.46869,-74.16541,1247,81.9,81.0,82.1,46.3,59.2,0.000,0.000,0.00,0.000,3.0,6.3,1.5,196,29,3.5,7.5,1.7,200,31,3.0,6.3,1.5,196,29,815,28.83,,0,0,0,78.1,67.1,65.5,0.30,0.28,0.29
MEDU,2017-08-21 13:55:00 EDT,42.46869,-74.16541,1247,80.8,80.4,81.1,45.3,57.7,0.000,0.000,0.00,0.000,3.4,6.4,1.4,221,22,3.8,6.7,1.3,224,23,3.4,6.4,1.4,221,22,466,28.83,,0,0,0,78.1,67.1,65.5,0.30,0.28,0.29
MEDU,2017-08-21 14:00:00 EDT,42.46869,-74.16541,1247,80.0,80.1,80.4,45.7,57.2,0.000,0.000,0.00,0.000,5.8,10.5,2.0,241,14,6.2,10.5,2.0,245,15,5.8,10.5,2.0,241,14,373,28.83,,0,0,0,78.1,67.1,65.5,0.30,0.28,0.29
MEDU,2017-08-21 14:05:00 EDT,42.46869,-74.16541,1247,79.0,79.7,79.0,47.9,57.6,0.000,0.000,0.00,0.000,6.6,11.3,1.7,244,12,7.3,11.5,1.9,249,11,6.6,11.3,1.7,244,12,343,28.83,,0,0,0,78.1,67.1,65.5,0.30,0.28,0.29
MEDU,2017-08-21 14:10:00 EDT,42.46869,-74.16541,1247,79.0,79.6,79.0,49.7,58.6,0.000,0.000,0.00,0.000,6.0,8.6,1.4,250,15,6.5,9.6,1.5,255,14,6.0,8.6,1.4,250,15,350,28.83,,0,0,0,78.1,67.1,65.5,0.30,0.28,0.29
MEDU,2017-08-21 14:15:00 EDT,42.46869,-74.16541,1247,78.9,79.4,78.9,50.3,58.9,0.000,0.000,0.00,0.000,5.5,9.8,1.7,244,20,6.0,11.8,1.8,249,19,5.5,9.8,1.7,244,20,403,28.82,,0,0,0,78.1,67.1,65.5,0.30,0.28,0.29
MEDU,2017-08-21 14:20:00 EDT,42.46869,-74.16541,1247,79.2,79.6,79.2,49.5,58.7,0.000,0.000,0.00,0.000,5.4,8.2,1.5,250,14,6.0,10.3,1.8,255,13,5.4,8.2,1.5,250,14,319,28.82,,0,0,0,78.1,67.1,65.5,0.30,0.28,0.29
MEDU,2017-08-21 14:25:00 EDT,42.46869,-74.16541,1247,78.9,79.5,78.9,50.9,59.2,0.000,0.000,0.00,0.000,4.9,8.0,1.3,242,15,5.3,9.5,1.5,247,14,4.9,8.0,1.3,242,15,337,28.82,,0,0,0,78.1,67.1,65.5,0.29,0.28,0.29
MEDU,2017-08-21 14:30:00 EDT,42.46869,-74.16541,1247,78.7,79.3,78.7,50.3,58.7,0.000,0.000,0.00,0.000,5.6,9.8,1.3,246,16,6.0,10.5,1.6,252,15,5.6,9.8,1.3,246,16,304,28.81,,0,0,0,77.9,67.1,65.5,0.30,0.28,0.29
MEDU,2017-08-21 14:35:00 EDT,42.46869,-74.16541,1247,78.4,79.1,78.4,50.6,58.5,0.000,0.000,0.00,0.000,5.2,8.5,1.4,250,13,5.7,9.1,1.5,255,12,5.2,8.5,1.4,250,13,255,28.81,,0,0,0,77.7,67.1,65.5,0.30,0.28,0.29
MEDU,2017-08-21 14:40:00 EDT,42.46869,-74.16541,1247,77.6,78.6,77.6,53.1,59.2,0.000,0.000,0.00,0.000,4.5,9.2,1.7,250,13,4.8,9.4,1.8,254,13,4.5,9.2,1.7,250,13,206,28.81,,0,0,0,77.7,67.1,65.5,0.30,0.28,0.29
MEDU,2017-08-21 14:45:00 EDT,42.46869,-74.16541,1247,77.3,78.2,77.3,54.1,59.4,0.000,0.000,0.00,0.000,4.0,5.8,0.7,260,15,4.4,6.1,0.9,265,14,4.0,5.8,0.7,260,15,240,28.82,,0,0,0,77.2,67.1,65.5,0.30,0.27,0.29
MEDU,2017-08-21 14:50:00 EDT,42.46869,-74.16541,1247,77.2,78.1,77.2,56.7,60.6,0.000,0.000,0.00,0.000,2.7,4.6,0.8,268,14,3.0,5.3,0.9,274,14,2.7,4.6,0.8,268,14,236,28.81,,0,0,0,77.2,67.1,65.5,0.29,0.28,0.29
MEDU,2017-08-21 14:55:00 EDT,42.46869,-74.16541,1247,77.4,78.1,77.4,56.5,60.7,0.000,0.000,0.00,0.000,2.7,3.9,0.6,274,14,2.9,4.5,0.7,280,14,2.7,3.9,0.6,274,14,249,28.81,,0,0,0,77.2,67.1,65.5,0.29,0.27,0.29
MEDU,2017-08-21 15:00:00 EDT,42.46869,-74.16541,1247,77.6,77.9,77.6,59.8,62.5,0.000,0.000,0.00,0.000,1.6,2.8,0.6,274,22,1.8,3.5,0.6,280,23,1.6,2.8,0.6,274,22,286,28.81,,0,0,0,76.9,67.1,65.5,0.29,0.27,0.29
MEDU,2017-08-21 15:05:00 EDT,42.46869,-74.16541,1247,78.0,78.1,78.0,58.5,62.3,0.000,0.000,0.00,0.000,1.7,3.4,1.0,272,21,2.0,4.3,1.1,276,21,1.7,3.4,1.0,272,21,316,28.81,,0,0,0,76.8,67.1,65.5,0.29,0.28,0.29
MEDU,2017-08-21 15:10:00 EDT,42.46869,-74.16541,1247,78.6,78.3,78.6,57.0,62.1,0.000,0.000,0.00,0.000,1.3,2.2,0.6,258,23,1.6,2.8,0.6,263,25,1.3,2.2,0.6,258,23,347,28.81,,0,0,0,76.8,67.1,65.5,0.29,0.27,0.29
MEDU,2017-08-21 15:15:00 EDT,42.46869,-74.16541,1247,78.9,78.6,78.9,56.8,62.3,0.000,0.000,0.00,0.000,1.1,3.9,0.8,202,23,1.5,3.6,0.7,200,27,1.1,3.9,0.8,202,23,394,28.81,,0,0,0,76.7,67.1,65.5,0.29,0.27,0.29
MEDU,2017-08-21 15:20:00 EDT,42.46869,-74.16541,1247,79.9,78.9,79.9,59.7,64.6,0.000,0.000,0.00,0.000,2.7,5.9,1.5,144,22,3.3,7.3,1.4,150,23,2.7,5.9,1.5,144,22,439,28.81,,0,0,0,76.5,67.1,65.5,0.29,0.27,0.29
MEDU,2017-08-21 15:25:00 EDT,42.46869,-74.16541,1247,79.0,78.2,79.0,63.6,65.6,0.000,0.000,0.00,0.000,4.1,6.4,1.1,143,16,4.3,6.5,1.1,146,17,4.1,6.4,1.1,143,16,432,28.81,,0,0,0,76.5,67.1,65.5,0.29,0.27,0.29
MEDU,2017-08-21 15:30:00 EDT,42.46869,-74.16541,1247,79.2,78.4,79.2,64.8,66.4,0.000,0.000,0.00,0.000,3.1,5.6,1.2,149,24,3.5,6.5,1.2,153,21,3.1,5.6,1.2,149,24,453,28.81,,0,0,0,76.5,67.1,65.5,0.30,0.28,0.29
MEDU,2017-08-21 15:35:00 EDT,42.46869,-74.16541,1247,79.0,78.4,79.0,64.8,66.2,0.000,0.000,0.00,0.000,3.3,5.7,1.0,165,17,4.0,6.2,1.2,167,15,3.3,5.7,1.0,165,17,495,28.81,,0,0,0,76.5,67.1,65.5,0.30,0.28,0.29
MEDU,2017-08-21 15:40:00 EDT,42.46869,-74.16541,1247,79.5,78.5,79.5,64.7,66.6,0.000,0.000,0.00,0.000,3.9,6.9,1.3,125,17,4.1,7.4,1.4,124,16,3.9,6.9,1.3,125,17,498,28.80,,0,0,0,76.5,67.1,65.5,0.29,0.28,0.29
MEDU,2017-08-21 15:45:00 EDT,42.46869,-74.16541,1247,79.6,78.1,79.6,65.7,67.1,0.000,0.000,0.00,0.000,5.5,7.9,1.1,114,15,5.7,8.5,1.2,115,13,5.5,7.9,1.1,114,15,546,28.81,,0,0,0,76.5,67.1,65.5,0.29,0.28,0.29
MEDU,2017-08-21 15:50:00 EDT,42.46869,-74.16541,1247,79.9,78.2,79.9,64.8,67.0,0.000,0.000,0.00,0.000,4.9,7.5,1.0,107,18,5.3,7.8,1.1,107,15,4.9,7.5,1.0,107,18,561,28.80,,0,0,0,76.5,67.1,65.5,0.29,0.28,0.29
MEDU,2017-08-21 15:55:00 EDT,42.46869,-74.16541,1247,80.3,78.6,82.8,64.8,67.4,0.000,0.000,0.00,0.000,3.2,5.4,1.2,115,16,3.4,6.3,1.1,115,16,3.2,5.4,1.2,115,16,569,28.80,,0,0,0,76.5,67.1,65.5,0.29,0.28,0.29
MEDU,2017-08-21 16:00:00 EDT,42.46869,-74.16541,1247,80.4,78.6,82.7,63.0,66.7,0.000,0.000,0.00,0.000,3.3,5.3,0.7,97,24,3.6,5.4,0.8,96,23,3.3,5.3,0.7,97,24,568,28.80,,0,0,0,76.5,67.2,65.5,0.29,0.28,0.29
MEDU,2017-08-21 16:05:00 EDT,42.46869,-74.16541,1247,80.6,79.1,83.0,63.2,66.9,0.000,0.000,0.00,0.000,2.7,5.5,1.2,144,17,3.0,5.8,1.1,145,20,2.7,5.5,1.2,144,17,549,28.80,,0,0,0,76.5,67.2,65.5,0.29,0.28,0.29
MEDU,2017-08-21 16:10:00 EDT,42.46869,-74.16541,1247,80.6,79.0,82.8,62.6,66.6,0.000,0.000,0.00,0.000,3.2,5.5,1.2,116,20,3.4,6.3,1.3,117,20,3.2,5.5,1.2,116,20,533,28.80,,0,0,0,76.5,67.4,65.5,0.29,0.28,0.29
MEDU,2017-08-21 16:15:00 EDT,42.46869,-74.16541,1247,81.0,79.4,83.9,64.9,68.1,0.000,0.000,0.00,0.000,2.5,4.1,0.9,116,31,2.9,4.8,0.9,120,31,2.5,4.1,0.9,116,31,521,28.80,,0,0,0,76.5,67.4,65.5,0.29,0.28,0.29
MEDU,2017-08-21 16:20:00 EDT,42.46869,-74.16541,1247,80.7,79.7,83.2,63.8,67.3,0.000,0.000,0.00,0.000,2.7,6.1,1.4,174,22,3.2,7.4,1.5,178,22,2.7,6.1,1.4,174,22,501,28.80,,0,0,0,76.5,67.5,65.5,0.29,0.28,0.29
MEDU,2017-08-21 16:25:00 EDT,42.46869,-74.16541,1247,80.5,80.1,82.2,57.9,64.3,0.000,0.000,0.00,0.000,4.3,6.7,1.3,247,26,4.9,7.4,1.3,251,28,4.3,6.7,1.3,247,26,486,28.80,,0,0,0,76.5,67.5,65.5,0.29,0.28,0.29
MEDU,2017-08-21 16:30:00 EDT,42.46869,-74.16541,1247,80.6,80.4,82.1,55.6,63.3,0.000,0.000,0.00,0.000,3.9,8.4,1.8,234,27,4.4,8.1,1.8,237,28,3.9,8.4,1.8,234,27,476,28.79,,0,0,0,76.5,67.5,65.5,0.29,0.28,0.29
MEDU,2017-08-21 16:35:00 EDT,42.46869,-74.16541,1247,80.7,80.4,82.0,54.3,62.7,0.000,0.000,0.00,0.000,3.3,8.3,1.4,220,28,3.6,7.3,1.4,224,27,3.3,8.3,1.4,220,28,468,28.79,,0,0,0,76.5,67.5,65.5,0.29,0.28,0.29
MEDU,2017-08-21 16:40:00 EDT,42.46869,-74.16541,1247,80.9,80.6,82.3,55.2,63.3,0.000,0.000,0.00,0.000,4.4,7.5,1.5,231,23,4.7,8.5,1.7,236,22,4.4,7.5,1.5,231,23,456,28.79,,0,0,0,76.5,67.5,65.5,0.29,0.28,0.29
MEDU,2017-08-21 16:45:00 EDT,42.46869,-74.16541,1247,80.8,80.6,81.9,53.0,62.1,0.000,0.000,0.00,0.000,3.1,6.9,1.5,214,34,3.5,8.0,1.6,216,34,3.1,6.9,1.5,214,34,438,28.79,,0,0,0,76.5,67.5,65.5,0.29,0.28,0.29
MEDU,2017-08-21 16:50:00 EDT,42.46869,-74.16541,1247,80.9,80.7,82.3,54.9,63.2,0.000,0.000,0.00,0.000,4.1,7.8,2.0,244,18,4.5,8.6,2.1,250,18,4.1,7.8,2.0,244,18,427,28.79,,0,0,0,76.5,67.5,65.5,0.29,0.27,0.29
MEDU,2017-08-21 16:55:00 EDT,42.46869,-74.16541,1247,80.8,80.7,82.2,55.1,63.2,0.000,0.000,0.00,0.000,3.5,7.7,1.4,236,24,4.0,7.8,1.4,240,23,3.5,7.7,1.4,236,24,418,28.79,,0,0,0,76.5,67.5,65.5,0.29,0.28,0.29
MEDU,2017-08-21 17:00:00 EDT,42.46869,-74.16541,1247,80.9,80.8,82.3,55.0,63.2,0.000,0.000,0.00,0.000,3.9,8.0,1.6,225,24,4.1,7.9,1.6,232,26,3.9,8.0,1.6,225,24,407,28.79,,0,0,0,76.5,67.5,65.5,0.29,0.28,0.29
MEDU,2017-08-21 17:05:00 EDT,42.46869,-74.16541,1247,80.9,80.8,82.2,54.9,63.1,0.000,0.000,0.00,0.000,4.3,7.0,1.1,249,28,4.8,8.0,1.4,254,26,4.3,7.0,1.1,249,28,394,28.79,,0,0,0,76.5,67.5,65.5,0.29,0.28,0.29
MEDU,2017-08-21 17:10:00 EDT,42.46869,-74.16541,1247,80.5,80.6,81.9,55.1,62.9,0.000,0.000,0.00,0.000,5.0,8.3,1.3,245,14,5.4,8.3,1.4,251,13,5.0,8.3,1.3,245,14,372,28.79,,0,0,0,76.3,67.5,65.5,0.29,0.28,0.30
MEDU,2017-08-21 17:15:00 EDT,42.46869,-74.16541,1247,80.5,80.6,82.1,57.2,64.0,0.000,0.000,0.00,0.000,3.7,6.1,1.0,257,19,4.2,7.1,1.1,261,19,3.7,6.1,1.0,257,19,357,28.79,,0,0,0,76.0,67.5,65.5,0.29,0.28,0.29
MEDU,2017-08-21 17:20:00 EDT,42.46869,-74.16541,1247,80.5,80.5,82.1,58.1,64.4,0.000,0.000,0.00,0.000,3.7,6.6,1.4,248,17,4.1,7.7,1.5,252,16,3.7,6.6,1.4,248,17,337,28.78,,0,0,0,75.9,67.5,65.5,0.29,0.28,0.29
MEDU,2017-08-21 17:25:00 EDT,42.46869,-74.16541,1247,80.3,80.6,81.8,56.4,63.4,0.000,0.000,0.00,0.000,6.6,10.2,1.3,246,11,7.1,11.5,1.6,250,10,6.6,10.2,1.3,246,11,327,28.78,,0,0,0,75.9,67.5,65.5,0.29,0.28,0.29
MEDU,2017-08-21 17:30:00 EDT,42.46869,-74.16541,1247,80.0,80.5,81.4,56.2,63.0,0.000,0.000,0.00,0.000,6.1,10.0,1.7,244,10,6.6,10.5,1.8,249,10,6.1,10.0,1.7,244,10,313,28.79,,0,0,0,75.9,67.5,65.5,0.29,0.28,0.29
MEDU,2017-08-21 17:35:00 EDT,42.46869,-74.16541,1247,80.1,80.4,81.7,57.6,63.8,0.000,0.000,0.00,0.000,5.1,8.0,1.1,244,21,5.6,9.4,1.2,249,20,5.1,8.0,1.1,244,21,261,28.79,,0,0,0,75.9,67.5,65.5,0.29,0.28,0.29
MEDU,2017-08-21 17:40:00 EDT,42.46869,-74.16541,1247,79.7,80.1,79.7,57.9,63.5,0.000,0.000,0.00,0.000,3.5,6.0,1.0,235,20,3.8,6.8,1.1,238,18,3.5,6.0,1.0,235,20,160,28.78,,0,0,0,75.9,67.5,65.5,0.29,0.28,0.29
MEDU,2017-08-21 17:45:00 EDT,42.46869,-74.16541,1247,79.1,79.8,79.1,60.9,64.5,0.000,0.000,0.00,0.000,3.2,7.0,1.4,254,23,3.6,8.8,1.6,259,22,3.2,7.0,1.4,254,23,195,28.78,,0,0,0,75.7,67.5,65.5,0.29,0.28,0.30
MEDU,2017-08-21 17:50:00 EDT,42.46869,-74.16541,1247,79.5,79.6,79.5,61.7,65.2,0.000,0.000,0.00,0.000,2.9,5.9,1.7,246,18,3.2,6.4,1.8,253,19,2.9,5.9,1.7,246,18,279,28.78,,0,0,0,75.6,67.5,65.5,0.29,0.28,0.30
MEDU,2017-08-21 17:55:00 EDT,42.46869,-74.16541,1247,80.0,80.1,80.0,60.9,65.3,0.000,0.000,0.00,0.000,3.7,6.6,1.0,206,28,4.4,8.0,1.3,211,28,3.7,6.6,1.0,206,28,269,28.78,,0,0,0,75.6,67.6,65.5,0.29,0.28,0.29
MEDU,2017-08-21 18:00:00 EDT,42.46869,-74.16541,1247,79.9,80.1,79.9,58.9,64.3,0.000,0.000,0.00,0.000,3.9,8.4,1.7,224,22,4.2,8.3,1.7,226,22,3.9,8.4,1.7,224,22,231,28.78,,0,0,0,75.6,67.7,65.5,0.29,0.28,0.29
MEDU,2017-08-21 18:05:00 EDT,42.46869,-74.16541,1247,79.7,79.9,79.7,59.3,64.2,0.000,0.000,0.00,0.000,3.2,6.4,1.4,215,33,3.8,8.0,1.5,216,34,3.2,6.4,1.4,215,33,206,28.78,,0,0,0,75.6,67.7,65.5,0.29,0.28,0.29
MEDU,2017-08-21 18:10:00 EDT,42.46869,-74.16541,1247,79.3,79.7,79.3,60.5,64.5,0.000,0.000,0.00,0.000,3.0,7.2,1.4,244,31,3.4,9.1,1.7,249,31,3.0,7.2,1.4,244,31,180,28.78,,0,0,0,75.6,67.8,65.5,0.29,0.28,0.29
MEDU,2017-08-21 18:15:00 EDT,42.46869,-74.16541,1247,78.8,79.5,78.8,59.4,63.5,0.000,0.000,0.00,0.000,5.5,8.2,1.2,256,15,6.0,9.6,1.4,260,14,5.5,8.2,1.2,256,15,175,28.78,,0,0,0,75.6,67.8,65.5,0.29,0.28,0.29
MEDU,2017-08-21 18:20:00 EDT,42.46869,-74.16541,1247,78.7,79.3,78.7,60.1,63.7,0.000,0.000,0.00,0.000,3.5,5.9,0.9,246,22,3.8,7.0,1.2,253,21,3.5,5.9,0.9,246,22,154,28.78,,0,0,0,75.6,67.8,65.5,0.29,0.28,0.29
MEDU,2017-08-21 18:25:00 EDT,42.46869,-74.16541,1247,78.3,79.0,78.3,62.1,64.3,0.000,0.000,0.00,0.000,2.2,5.3,1.0,263,17,2.5,6.9,1.2,269,18,2.2,5.3,1.0,263,17,147,28.77,,0,0,0,75.3,67.8,65.5,0.29,0.28,0.29
MEDU,2017-08-21 18:30:00 EDT,42.46869,-74.16541,1247,77.8,78.9,77.8,64.2,64.8,0.000,0.000,0.00,0.000,1.6,3.5,0.7,288,18,1.9,4.8,0.9,293,18,1.6,3.5,0.7,288,18,138,28.77,,0,0,0,75.0,67.8,65.5,0.29,0.28,0.29
MEDU,2017-08-21 18:35:00 EDT,42.46869,-74.16541,1247,76.7,78.0,76.7,70.0,66.2,0.000,0.000,0.00,0.000,1.2,2.8,0.5,289,17,1.4,3.6,0.6,294,18,1.2,2.8,0.5,289,17,126,28.77,,0,0,0,75.0,67.8,65.5,0.29,0.28,0.29
MEDU,2017-08-21 18:40:00 EDT,42.46869,-74.16541,1247,75.7,77.8,75.7,71.9,65.9,0.000,0.000,0.00,0.000,1.5,3.6,0.6,284,29,1.7,4.1,0.6,291,30,1.5,3.6,0.6,284,29,116,28.77,,0,0,0,75.0,67.8,65.5,0.29,0.28,0.29
MEDU,2017-08-21 18:45:00 EDT,42.46869,-74.16541,1247,75.9,77.4,75.9,71.6,66.0,0.000,0.000,0.00,0.000,1.8,4.1,0.9,266,19,2.0,4.7,1.0,270,19,1.8,4.1,0.9,266,19,106,28.77,,0,0,0,75.0,67.8,65.5,0.29,0.28,0.30
MEDU,2017-08-21 18:50:00 EDT,42.46869,-74.16541,1247,74.6,76.7,74.6,74.2,65.8,0.000,0.000,0.00,0.000,1.3,2.5,0.3,272,9,1.5,2.7,0.4,275,12,1.3,2.5,0.3,272,9,94,28.77,,0,0,0,74.7,67.8,65.5,0.29,0.28,0.29
MEDU,2017-08-21 18:55:00 EDT,42.46869,-74.16541,1247,73.6,76.6,73.6,78.0,66.3,0.000,0.000,0.00,0.000,1.1,1.9,0.3,278,11,1.3,2.0,0.3,280,13,1.1,1.9,0.3,278,11,84,28.77,,0,0,0,74.7,67.8,65.5,0.29,0.28,0.29
MEDU,2017-08-21 19:00:00 EDT,42.46869,-74.16541,1247,72.9,75.7,72.9,80.5,66.5,0.000,0.000,0.00,0.000,1.1,2.1,0.5,282,16,1.2,3.5,0.7,285,16,1.1,2.1,0.5,282,16,75,28.77,,0,0,0,74.7,67.8,65.5,0.29,0.28,0.29
MEDU,2017-08-21 19:05:00 EDT,42.46869,-74.16541,1247,72.1,76.2,72.1,81.3,66.0,0.000,0.000,0.00,0.000,0.1,0.6,0.2,245,6,0.1,1.0,0.3,261,8,0.1,0.6,0.2,245,6,42,28.77,,0,0,0,74.7,67.8,65.5,0.29,0.28,0.30
MEDU,2017-08-21 19:10:00 EDT,42.46869,-74.16541,1247,71.5,74.8,71.5,82.3,65.8,0.000,0.000,0.00,0.000,0.8,1.8,0.7,293,11,0.9,2.0,0.7,293,19,0.8,1.8,0.7,293,11,30,28.77,,0,0,0,74.6,67.8,65.5,0.29,0.28,0.29
MEDU,2017-08-21 19:15:00 EDT,42.46869,-74.16541,1247,70.7,74.6,70.7,84.4,65.8,0.000,0.000,0.00,0.000,1.1,1.7,0.3,26,27,1.3,1.8,0.3,33,22,1.1,1.7,0.3,26,27,26,28.77,,0,0,0,74.3,67.8,65.5,0.29,0.28,0.29
MEDU,2017-08-21 19:20:00 EDT,42.46869,-74.16541,1247,70.6,72.9,70.6,85.5,66.1,0.000,0.000,0.00,0.000,0.4,1.3,0.4,33,32,0.6,1.5,0.5,3,39,0.4,1.3,0.4,33,32,22,28.77,,0,0,0,74.3,67.8,65.5,0.29,0.28,0.29
MEDU,2017-08-21 19:25:00 EDT,42.46869,-74.16541,1247,70.8,73.2,70.8,84.7,65.9,0.000,0.000,0.00,0.000,0.2,0.7,0.3,303,15,0.5,1.0,0.4,327,23,0.2,0.7,0.3,303,15,19,28.77,,0,0,0,74.2,67.8,65.5,0.29,0.28,0.29
MEDU,2017-08-21 19:30:00 EDT,42.46869,-74.16541,1247,69.7,72.6,69.7,87.0,65.7,0.000,0.000,0.00,0.000,0.2,1.8,0.4,282,5,0.4,2.2,0.6,296,15,0.2,1.8,0.4,282,5,14,28.77,,0,0,0,73.9,67.8,65.5,0.29,0.28,0.30
MEDU,2017-08-21 19:35:00 EDT,42.46869,-74.16541,1247,69.6,71.8,69.6,87.1,65.6,0.000,0.000,0.00,0.000,1.1,2.6,0.7,263,11,1.4,3.0,0.8,265,14,1.1,2.6,0.7,263,11,9,28.78,,0,0,0,73.9,67.8,65.5,0.29,0.28,0.29
MEDU,2017-08-21 19:40:00 EDT,42.46869,-74.16541,1247,69.9,72.0,69.9,86.0,65.5,0.000,0.000,0.00,0.000,2.3,3.3,0.5,283,12,2.5,3.7,0.6,289,12,2.3,3.3,0.5,283,12,6,28.78,,0,0,0,73.9,67.8,65.5,0.29,0.28,0.29
MEDU,2017-08-21 19:45:00 EDT,42.46869,-74.16541,1247,69.1,71.9,69.1,86.5,64.9,0.000,0.000,0.00,0.000,2.3,5.2,1.1,302,16,2.4,5.9,1.2,306,17,2.3,5.2,1.1,302,16,4,28.78,,0,0,0,73.6,67.8,65.5,0.29,0.28,0.30
MEDU,2017-08-21 19:50:00 EDT,42.46869,-74.16541,1247,68.6,72.5,68.6,87.1,64.6,0.000,0.000,0.00,0.000,2.8,4.8,0.8,312,10,2.9,5.1,1.0,315,10,2.8,4.8,0.8,312,10,2,28.78,,0,0,0,73.4,67.8,65.5,0.29,0.28,0.29
MEDU,2017-08-21 19:55:00 EDT,42.46869,-74.16541,1247,68.3,70.6,68.3,88.9,64.9,0.000,0.000,0.00,0.000,1.3,2.6,0.5,243,25,1.4,3.2,0.7,244,25,1.3,2.6,0.5,243,25,1,28.78,,0,0,0,73.4,67.8,65.5,0.29,0.28,0.29
MEDU,2017-08-21 20:00:00 EDT,42.46869,-74.16541,1247,67.6,70.4,67.6,88.4,64.0,0.000,0.000,0.00,0.000,1.4,2.4,0.7,248,12,1.6,2.7,0.6,251,14,1.4,2.4,0.7,248,12,1,28.78,,0,0,0,73.1,67.8,65.5,0.29,0.28,0.30
MEDU,2017-08-21 20:05:00 EDT,42.46869,-74.16541,1247,67.0,69.8,67.0,89.4,63.7,0.000,0.000,0.00,0.000,1.2,2.2,0.5,275,15,1.4,2.5,0.6,276,18,1.2,2.2,0.5,275,15,0,28.78,,0,0,0,73.0,67.8,65.5,0.29,0.28,0.29
MEDU,2017-08-21 20:10:00 EDT,42.46869,-74.16541,1247,67.3,69.1,67.3,91.5,64.8,0.000,0.000,0.00,0.000,0.9,1.3,0.2,303,19,0.9,1.8,0.5,307,22,0.9,1.3,0.2,303,19,0,28.78,,0,0,0,73.0,67.8,65.5,0.29,0.28,0.29
MEDU,2017-08-21 20:15:00 EDT,42.46869,-74.16541,1247,66.9,69.1,66.9,92.2,64.6,0.000,0.000,0.00,0.000,0.4,1.0,0.3,303,3,0.6,1.2,0.4,309,14,0.4,1.0,0.3,303,3,0,28.78,,0,0,0,72.8,67.9,65.5,0.29,0.28,0.29
MEDU,2017-08-21 20:20:00 EDT,42.46869,-74.16541,1247,66.9,69.2,66.9,93.4,65.0,0.000,0.000,0.00,0.000,1.3,2.1,0.4,298,6,1.4,2.3,0.3,301,8,1.3,2.1,0.4,298,6,0,28.78,,0,0,0,72.7,68.0,65.5,0.29,0.28,0.30
MEDU,2017-08-21 20:25:00 EDT,42.46869,-74.16541,1247,66.8,68.9,66.8,92.9,64.7,0.000,0.000,0.00,0.000,0.3,1.2,0.4,339,30,0.6,1.4,0.5,21,34,0.3,1.2,0.4,339,30,0,28.78,,0,0,0,72.7,68.0,65.5,0.29,0.28,0.29
MEDU,2017-08-21 20:30:00 EDT,42.46869,-74.16541,1247,66.3,68.4,66.3,92.9,64.2,0.000,0.000,0.00,0.000,0.0,0.1,0.0,52,0,0.0,0.8,0.2,33,1,0.0,0.1,0.0,52,0,0,28.78,,0,0,0,72.5,68.1,65.5,0.29,0.28,0.29
MEDU,2017-08-21 20:35:00 EDT,42.46869,-74.16541,1247,66.6,68.2,66.6,94.3,64.9,0.000,0.000,0.00,0.000,0.4,1.0,0.4,264,27,0.6,1.4,0.5,256,9,0.4,1.0,0.4,264,27,0,28.78,,0,0,0,72.3,68.1,65.5,0.29,0.28,0.29
MEDU,2017-08-21 20:40:00 EDT,42.46869,-74.16541,1247,66.0,68.3,66.0,94.7,64.4,0.000,0.000,0.00,0.000,1.4,1.9,0.4,277,8,1.6,2.1,0.4,280,13,1.4,1.9,0.4,277,8,0,28.78,,0,0,0,72.3,68.2,65.5,0.29,0.28,0.30
MEDU,2017-08-21 20:45:00 EDT,42.46869,-74.16541,1247,65.6,68.1,65.6,94.8,64.1,0.000,0.000,0.00,0.000,1.5,1.9,0.3,318,19,1.6,2.0,0.2,327,20,1.5,1.9,0.3,318,19,0,28.78,,0,0,0,72.3,68.2,65.5,0.29,0.28,0.29
MEDU,2017-08-21 20:50:00 EDT,42.46869,-74.16541,1247,65.8,67.8,65.8,94.9,64.3,0.000,0.000,0.00,0.000,0.3,1.5,0.5,354,0,0.3,1.8,0.6,358,2,0.3,1.5,0.5,354,0,0,28.78,,0,0,0,71.9,68.2,65.5,0.29,0.28,0.29
MEDU,2017-08-21 20:55:00 EDT,42.46869,-74.16541,1247,66.1,68.1,66.1,95.0,64.7,0.000,0.000,0.00,0.000,0.1,0.7,0.2,353,0,0.5,1.2,0.4,320,17,0.1,0.7,0.2,353,0,0,28.78,,0,0,0,71.8,68.2,65.5,0.29,0.28,0.29
MEDU,2017-08-21 21:00:00 EDT,42.46869,-74.16541,1247,65.5,67.7,65.5,94.7,63.9,0.000,0.000,0.00,0.000,0.2,0.6,0.2,353,0,0.7,1.3,0.5,307,11,0.2,0.6,0.2,353,0,0,28.78,,0,0,0,71.8,68.2,65.5,0.29,0.28,0.29
MEDU,2017-08-21 21:05:00 EDT,42.46869,-74.16541,1247,64.9,67.6,64.9,95.5,63.5,0.000,0.000,0.00,0.000,0.9,1.8,0.6,277,8,1.4,1.9,0.2,284,10,0.9,1.8,0.6,277,8,0,28.78,,0,0,0,71.6,68.2,65.5,0.29,0.28,0.29
MEDU,2017-08-21 21:10:00 EDT,42.46869,-74.16541,1247,64.9,67.3,64.9,96.2,63.8,0.000,0.000,0.00,0.000,1.4,1.8,0.2,317,19,1.5,2.0,0.2,324,22,1.4,1.8,0.2,317,19,0,28.78,,0,0,0,71.4,68.2,65.5,0.29,0.28,0.29
MEDU,2017-08-21 21:15:00 EDT,42.46869,-74.16541,1247,65.0,67.2,65.0,96.2,63.9,0.000,0.000,0.00,0.000,1.0,1.7,0.5,350,1,1.2,2.1,0.6,352,6,1.0,1.7,0.5,350,1,0,28.78,,0,0,0,71.4,68.2,65.5,0.29,0.28,0.30
MEDU,2017-08-21 21:20:00 EDT,42.46869,-74.16541,1247,65.1,67.2,65.1,96.3,64.1,0.000,0.000,0.00,0.000,1.1,2.2,0.6,351,9,1.2,2.5,0.8,357,8,1.1,2.2,0.6,351,9,0,28.78,,0,0,0,71.4,68.2,65.5,0.29,0.28,0.29
MEDU,2017-08-21 21:25:00 EDT,42.46869,-74.16541,1247,64.5,67.0,64.5,95.9,63.3,0.000,0.000,0.00,0.000,0.0,0.2,0.0,354,0,0.3,1.1,0.4,62,22,0.0,0.2,0.0,354,0,0,28.78,,0,0,0,71.4,68.2,65.5,0.29,0.28,0.29
MEDU,2017-08-21 21:30:00 EDT,42.46869,-74.16541,1247,63.6,66.1,63.6,94.9,62.1,0.000,0.000,0.00,0.000,0.2,0.9,0.3,120,6,0.3,1.4,0.5,123,11,0.2,0.9,0.3,120,6,0,28.78,,0,0,0,71.2,68.2,65.5,0.29,0.28,0.30
MEDU,2017-08-21 21:35:00 EDT,42.46869,-74.16541,1247,63.3,66.1,63.3,95.0,61.9,0.000,0.000,0.00,0.000,1.2,2.6,1.0,334,24,1.4,2.8,0.9,342,27,1.2,2.6,1.0,334,24,0,28.78,,0,0,0,71.1,68.2,65.5,0.29,0.28,0.29
MEDU,2017-08-21 21:40:00 EDT,42.46869,-74.16541,1247,64.1,66.7,64.1,97.1,63.3,0.000,0.000,0.00,0.000,2.5,2.8,0.2,303,5,2.5,2.9,0.2,306,5,2.5,2.8,0.2,303,5,0,28.78,,0,0,0,71.1,68.2,65.5,0.29,0.28,0.29
MEDU,2017-08-21 21:45:00 EDT,42.46869,-74.16541,1247,64.6,66.7,64.6,97.1,63.8,0.000,0.000,0.00,0.000,2.2,2.7,0.2,305,4,2.1,2.7,0.2,310,5,2.2,2.7,0.2,305,4,0,28.78,,0,0,0,71.0,68.2,65.5,0.29,0.28,0.29
MEDU,2017-08-21 21:50:00 EDT,42.46869,-74.16541,1247,64.6,66.5,64.6,96.8,63.7,0.000,0.000,0.00,0.000,1.0,1.6,0.3,349,30,1.2,1.7,0.3,3,32,1.0,1.6,0.3,349,30,0,28.78,,0,0,0,70.7,68.2,65.5,0.29,0.28,0.29
MEDU,2017-08-21 21:55:00 EDT,42.46869,-74.16541,1247,64.1,65.9,64.1,95.4,62.7,0.000,0.000,0.00,0.000,0.5,1.5,0.5,44,2,0.6,1.7,0.6,46,4,0.5,1.5,0.5,44,2,0,28.78,,0,0,0,70.7,68.2,65.5,0.29,0.27,0.29
MEDU,2017-08-21 22:00:00 EDT,42.46869,-74.16541,1247,64.4,66.0,64.4,96.4,63.4,0.000,0.000,0.00,0.000,0.1,0.9,0.3,233,2,0.4,1.3,0.5,254,13,0.1,0.9,0.3,233,2,0,28.78,,0,0,0,70.7,68.2,65.5,0.29,0.28,0.30
MEDU,2017-08-21 22:05:00 EDT,42.46869,-74.16541,1247,63.3,66.2,63.3,96.1,62.2,0.000,0.000,0.00,0.000,1.4,1.9,0.3,271,10,1.7,2.2,0.3,275,10,1.4,1.9,0.3,271,10,0,28.78,,0,0,0,70.7,68.2,65.5,0.29,0.28,0.30
MEDU,2017-08-21 22:10:00 EDT,42.46869,-74.16541,1247,64.1,66.3,64.1,97.5,63.4,0.000,0.000,0.00,0.000,1.3,1.7,0.1,254,13,1.5,1.9,0.1,254,14,1.3,1.7,0.1,254,13,0,28.78,,0,0,0,70.7,68.2,65.5,0.29,0.27,0.30
MEDU,2017-08-21 22:15:00 EDT,42.46869,-74.16541,1247,63.7,66.4,63.7,97.6,63.0,0.000,0.000,0.00,0.000,1.1,2.0,0.5,283,32,1.2,2.2,0.5,284,29,1.1,2.0,0.5,283,32,0,28.78,,0,0,0,70.4,68.2,65.5,0.29,0.28,0.29
MEDU,2017-08-21 22:20:00 EDT,42.46869,-74.16541,1247,62.7,65.9,62.7,97.0,61.8,0.000,0.000,0.00,0.000,0.1,0.9,0.2,317,0,0.4,1.2,0.4,289,16,0.1,0.9,0.2,317,0,0,28.78,,0,0,0,70.3,68.2,65.5,0.29,0.27,0.29
MEDU,2017-08-21 22:25:00 EDT,42.46869,-74.16541,1247,63.2,65.4,63.2,97.5,62.4,0.000,0.000,0.00,0.000,1.2,1.4,0.2,332,19,1.5,1.9,0.2,338,19,1.2,1.4,0.2,332,19,0,28.78,,0,0,0,70.3,68.2,65.5,0.29,0.27,0.29
MEDU,2017-08-21 22:30:00 EDT,42.46869,-74.16541,1247,63.8,65.7,63.8,98.1,63.2,0.000,0.000,0.00,0.000,0.5,1.6,0.5,353,6,0.7,2.0,0.6,349,15,0.5,1.6,0.5,353,6,0,28.78,,0,0,0,70.3,68.2,65.5,0.29,0.27,0.30
MEDU,2017-08-21 22:35:00 EDT,42.46869,-74.16541,1247,64.1,65.7,64.1,98.4,63.6,0.000,0.000,0.00,0.000,0.0,0.8,0.2,0,81,0.7,1.4,0.4,303,14,0.0,0.8,0.2,0,81,0,28.78,,0,0,0,70.2,68.2,65.5,0.29,0.28,0.29
MEDU,2017-08-21 22:40:00 EDT,42.46869,-74.16541,1247,62.9,65.8,62.9,97.9,62.3,0.000,0.000,0.00,0.000,0.8,1.0,0.2,0,0,1.1,1.5,0.3,346,12,0.8,1.0,0.2,0,0,0,28.78,,0,0,0,70.0,68.2,65.5,0.29,0.27,0.30
MEDU,2017-08-21 22:45:00 EDT,42.46869,-74.16541,1247,63.6,65.6,63.6,98.3,63.1,0.000,0.000,0.00,0.000,0.0,0.5,0.1,0,0,0.6,1.5,0.5,294,15,0.0,0.5,0.1,0,0,0,28.77,,0,0,0,70.0,68.2,65.5,0.29,0.27,0.29
MEDU,2017-08-21 22:50:00 EDT,42.46869,-74.16541,1247,62.5,65.2,62.5,98.1,62.0,0.000,0.000,0.00,0.000,0.3,0.9,0.4,0,81,0.8,1.4,0.3,333,17,0.3,0.9,0.4,0,81,0,28.77,,0,0,0,70.0,68.2,65.5,0.29,0.28,0.30
MEDU,2017-08-21 22:55:00 EDT,42.46869,-74.16541,1247,62.1,64.9,62.1,97.9,61.5,0.000,0.000,0.00,0.000,0.9,1.3,0.3,30,14,1.1,1.6,0.3,37,15,0.9,1.3,0.3,30,14,0,28.77,,0,0,0,70.0,68.2,65.6,0.29,0.28,0.29
MEDU,2017-08-21 23:00:00 EDT,42.46869,-74.16541,1247,63.2,64.9,63.2,98.1,62.7,0.000,0.000,0.00,0.000,0.5,1.5,0.5,358,4,0.6,1.9,0.6,0,4,0.5,1.5,0.5,358,4,0,28.77,,0,0,0,70.0,68.2,65.6,0.29,0.28,0.30
MEDU,2017-08-21 23:05:00 EDT,42.46869,-74.16541,1247,62.8,64.8,62.8,98.4,62.4,0.000,0.000,0.00,0.000,0.3,1.2,0.4,281,5,0.4,1.5,0.5,279,8,0.3,1.2,0.4,281,5,0,28.77,,0,0,0,69.7,68.2,65.6,0.29,0.28,0.30
MEDU,2017-08-21 23:10:00 EDT,42.46869,-74.16541,1247,61.7,65.2,61.7,98.2,61.2,0.000,0.000,0.00,0.000,1.3,2.2,0.5,284,15,1.5,2.6,0.5,293,15,1.3,2.2,0.5,284,15,0,28.77,,0,0,0,69.6,68.2,65.6,0.29,0.28,0.30
MEDU,2017-08-21 23:15:00 EDT,42.46869,-74.16541,1247,62.4,65.2,62.4,98.3,61.9,0.000,0.000,0.00,0.000,0.8,1.5,0.5,325,0,1.1,1.6,0.3,343,30,0.8,1.5,0.5,325,0,0,28.77,,0,0,0,69.6,68.2,65.6,0.29,0.27,0.30
MEDU,2017-08-21 23:20:00 EDT,42.46869,-74.16541,1247,61.5,64.8,61.5,98.2,61.0,0.000,0.000,0.00,0.000,0.1,0.9,0.2,279,3,0.4,1.3,0.5,267,18,0.1,0.9,0.2,279,3,0,28.77,,0,0,0,69.6,68.2,65.7,0.29,0.27,0.29
MEDU,2017-08-21 23:25:00 EDT,42.46869,-74.16541,1247,62.6,64.9,62.6,98.6,62.2,0.000,0.000,0.00,0.000,1.5,2.0,0.3,301,7,1.6,2.0,0.2,307,9,1.5,2.0,0.3,301,7,0,28.77,,0,0,0,69.6,68.2,65.7,0.29,0.28,0.30
MEDU,2017-08-21 23:30:00 EDT,42.46869,-74.16541,1247,62.5,64.8,62.5,98.8,62.1,0.000,0.000,0.00,0.000,0.5,1.8,0.6,339,8,0.6,2.4,0.7,353,20,0.5,1.8,0.6,339,8,0,28.77,,0,0,0,69.3,68.2,65.8,0.29,0.28,0.30
MEDU,2017-08-21 23:35:00 EDT,42.46869,-74.16541,1247,61.6,64.7,61.6,98.4,61.1,0.000,0.000,0.00,0.000,0.1,0.7,0.2,354,81,0.3,1.0,0.4,348,17,0.1,0.7,0.2,354,81,0,28.77,,0,0,0,69.3,68.2,65.8,0.29,0.27,0.30
MEDU,2017-08-21 23:40:00 EDT,42.46869,-74.16541,1247,62.3,64.7,62.3,98.6,61.9,0.000,0.000,0.00,0.000,0.3,1.1,0.4,354,0,0.6,1.4,0.5,333,14,0.3,1.1,0.4,354,0,0,28.77,,0,0,0,69.3,68.2,65.8,0.29,0.28,0.30
MEDU,2017-08-21 23:45:00 EDT,42.46869,-74.16541,1247,62.3,64.7,62.3,98.8,61.9,0.000,0.000,0.00,0.000,0.5,1.5,0.6,354,0,0.8,1.8,0.7,355,16,0.5,1.5,0.6,354,0,0,28.77,,0,0,0,69.3,68.2,65.8,0.29,0.28,0.29
MEDU,2017-08-21 23:50:00 EDT,42.46869,-74.16541,1247,61.6,64.9,61.6,98.6,61.2,0.000,0.000,0.00,0.000,0.4,1.1,0.4,354,1,0.5,1.5,0.5,5,14,0.4,1.1,0.4,354,1,0,28.77,,0,0,0,69.3,68.2,65.8,0.29,0.28,0.29
MEDU,2017-08-21 23:55:00 EDT,42.46869,-74.16541,1247,61.4,64.8,61.4,98.5,61.0,0.000,0.000,0.00,0.000,1.2,2.3,0.7,24,25,1.4,2.3,0.7,31,27,1.2,2.3,0.7,24,25,0,28.77,,0,0,0,69.3,68.2,65.8,0.29,0.28,0.29
MORR,2017-08-21 00:00:00 EDT,42.88392,-75.64245,1251,57.1,58.9,57.1,98.0,56.5,0.000,0.037,0.00,0.000,1.7,2.3,0.3,186,7,2.0,2.7,0.3,182,6,1.7,2.3,0.3,186,7,0,28.85,,0,0,0,66.7,66.1,64.1,0.26,0.27,0.27
MORR,2017-08-21 00:05:00 EDT,42.88392,-75.64245,1251,56.8,58.8,56.8,98.1,56.3,0.000,0.000,0.00,0.000,1.0,1.5,0.3,190,9,1.2,1.9,0.3,194,9,1.0,1.5,0.3,190,9,0,28.84,,0,0,0,66.7,66.1,64.2,0.26,0.27,0.27
MORR,2017-08-21 00:10:00 EDT,42.88392,-75.64245,1251,57.0,59.1,57.0,98.3,56.5,0.000,0.000,0.00,0.000,0.5,1.2,0.3,197,4,0.9,1.6,0.3,190,15,0.5,1.2,0.3,197,4,0,28.85,,0,0,0,66.7,66.1,64.1,0.26,0.27,0.27
MORR,2017-08-21 00:15:00 EDT,42.88392,-75.64245,1251,56.9,59.2,56.9,98.4,56.5,0.000,0.000,0.00,0.000,0.9,1.8,0.3,186,11,1.2,2.3,0.3,181,14,0.9,1.8,0.3,186,11,0,28.84,,0,0,0,66.7,66.2,64.2,0.26,0.27,0.27
MORR,2017-08-21 00:20:00 EDT,42.88392,-75.64245,1251,56.5,57.9,56.5,98.1,55.9,0.000,0.000,0.00,0.000,0.0,0.0,0.0,0,0,0.0,0.8,0.1,221,2,0.0,0.0,0.0,0,0,0,28.84,,0,0,0,66.7,66.3,64.1,0.26,0.27,0.27
MORR,2017-08-21 00:25:00 EDT,42.88392,-75.64245,1251,56.2,57.5,56.2,98.2,55.7,0.000,0.000,0.00,0.000,0.0,0.0,0.0,0,0,0.0,0.7,0.2,90,1,0.0,0.0,0.0,0,0,0,28.85,,0,0,0,66.5,66.2,64.1,0.26,0.27,0.27
MORR,2017-08-21 00:30:00 EDT,42.88392,-75.64245,1251,56.4,57.8,56.4,98.4,55.9,0.000,0.000,0.00,0.000,0.0,0.0,0.0,0,0,0.1,1.0,0.2,71,10,0.0,0.0,0.0,0,0,0,28.85,,0,0,0,66.4,66.1,64.1,0.26,0.27,0.27
MORR,2017-08-21 00:35:00 EDT,42.88392,-75.64245,1251,55.5,57.9,55.5,98.2,55.0,0.000,0.000,0.00,0.000,0.0,0.0,0.0,0,0,0.3,1.4,0.4,113,7,0.0,0.0,0.0,0,0,0,28.85,,0,0,0,66.4,66.2,64.1,0.27,0.27,0.27
MORR,2017-08-21 00:40:00 EDT,42.88392,-75.64245,1251,55.7,57.5,55.7,98.1,55.2,0.000,0.000,0.00,0.000,1.0,1.5,0.5,171,13,1.5,1.9,0.2,156,19,1.0,1.5,0.5,171,13,0,28.85,,0,0,0,66.4,66.2,64.1,0.26,0.27,0.27
MORR,2017-08-21 00:45:00 EDT,42.88392,-75.64245,1251,56.4,57.7,56.4,98.5,55.9,0.000,0.000,0.00,0.000,1.9,2.4,0.3,181,7,2.2,3.0,0.3,181,9,1.9,2.4,0.3,181,7,0,28.85,,0,0,0,66.4,66.2,64.1,0.27,0.27,0.27
MORR,2017-08-21 00:50:00 EDT,42.88392,-75.64245,1251,56.0,58.0,56.0,98.4,55.5,0.000,0.000,0.00,0.000,1.8,2.1,0.2,190,4,2.1,2.5,0.2,187,6,1.8,2.1,0.2,190,4,0,28.85,,0,0,0,66.4,66.2,64.1,0.27,0.28,0.27
MORR,2017-08-21 00:55:00 EDT,42.88392,-75.64245,1251,56.7,58.2,56.7,98.5,56.3,0.000,0.000,0.00,0.000,1.3,1.7,0.2,178,2,1.6,2.3,0.2,178,8,1.3,1.7,0.2,178,2,0,28.85,,0,0,0,66.4,66.3,64.1,0.27,0.27,0.27
MORR,2017-08-21 01:00:00 EDT,42.88392,-75.64245,1251,56.9,58.2,56.9,98.6,56.5,0.000,0.000,0.00,0.000,1.0,1.5,0.2,179,6,1.3,1.8,0.2,184,10,1.0,1.5,0.2,179,6,0,28.85,,0,0,0,66.4,66.2,64.1,0.27,0.28,0.27
MORR,2017-08-21 01:05:00 EDT,42.88392,-75.64245,1251,56.6,57.4,56.6,98.5,56.2,0.000,0.000,0.00,0.000,0.1,0.9,0.2,198,0,0.4,1.4,0.4,148,24,0.1,0.9,0.2,198,0,0,28.85,,0,0,0,66.2,66.2,64.2,0.27,0.27,0.27
MORR,2017-08-21 01:10:00 EDT,42.88392,-75.64245,1251,56.3,57.1,56.3,98.5,55.9,0.000,0.000,0.00,0.000,0.0,0.0,0.0,0,0,0.3,1.1,0.4,68,9,0.0,0.0,0.0,0,0,0,28.85,,0,0,0,66.0,66.2,64.1,0.27,0.27,0.27
MORR,2017-08-21 01:15:00 EDT,42.88392,-75.64245,1251,56.4,57.0,56.4,98.6,56.0,0.000,0.000,0.00,0.000,0.0,0.0,0.0,0,0,0.1,0.9,0.3,109,2,0.0,0.0,0.0,0,0,0,28.85,,0,0,0,66.0,66.1,64.2,0.27,0.28,0.27
MORR,2017-08-21 01:20:00 EDT,42.88392,-75.64245,1251,56.4,56.7,56.4,98.6,56.0,0.000,0.000,0.00,0.000,0.0,0.0,0.0,0,0,0.3,1.2,0.4,147,8,0.0,0.0,0.0,0,0,0,28.85,,0,0,0,66.0,66.2,64.1,0.27,0.27,0.27
MORR,2017-08-21 01:25:00 EDT,42.88392,-75.64245,1251,56.1,56.7,56.1,98.5,55.6,0.000,0.000,0.00,0.000,0.7,1.2,0.3,190,7,1.1,1.7,0.3,171,11,0.7,1.2,0.3,190,7,0,28.85,,0,0,0,66.0,66.1,64.1,0.27,0.27,0.27
MORR,2017-08-21 01:30:00 EDT,42.88392,-75.64245,1251,56.1,56.5,56.1,98.5,55.6,0.000,0.000,0.00,0.000,1.1,1.7,0.5,180,2,1.6,2.0,0.4,172,14,1.1,1.7,0.5,180,2,0,28.85,,0,0,0,66.0,66.1,64.2,0.27,0.27,0.27
MORR,2017-08-21 01:35:00 EDT,42.88392,-75.64245,1251,56.1,56.6,56.1,98.5,55.7,0.000,0.000,0.00,0.000,0.9,1.5,0.4,203,1,1.1,1.8,0.4,199,13,0.9,1.5,0.4,203,1,0,28.85,,0,0,0,66.0,66.0,64.2,0.27,0.27,0.27
MORR,2017-08-21 01:40:00 EDT,42.88392,-75.64245,1251,55.8,56.4,55.8,98.5,55.4,0.000,0.000,0.00,0.000,0.0,0.0,0.0,0,0,0.5,1.6,0.5,144,12,0.0,0.0,0.0,0,0,0,28.85,,0,0,0,66.0,66.1,64.2,0.27,0.27,0.27
MORR,2017-08-21 01:45:00 EDT,42.88392,-75.64245,1251,55.7,56.4,55.7,98.5,55.3,0.000,0.000,0.00,0.000,1.5,2.2,0.5,178,9,1.9,2.7,0.3,173,12,1.5,2.2,0.5,178,9,0,28.84,,0,0,0,66.0,66.2,64.2,0.27,0.27,0.27
MORR,2017-08-21 01:50:00 EDT,42.88392,-75.64245,1251,55.6,56.3,55.6,98.5,55.2,0.000,0.000,0.00,0.000,1.1,1.8,0.3,192,14,1.4,2.1,0.4,189,16,1.1,1.8,0.3,192,14,0,28.85,,0,0,0,65.9,66.1,64.2,0.27,0.27,0.27
MORR,2017-08-21 01:55:00 EDT,42.88392,-75.64245,1251,55.6,56.4,55.6,98.6,55.2,0.000,0.000,0.00,0.000,0.9,1.9,0.3,196,7,1.2,2.3,0.3,195,12,0.9,1.9,0.3,196,7,0,28.85,,0,0,0,65.8,66.2,64.2,0.27,0.28,0.27
MORR,2017-08-21 02:00:00 EDT,42.88392,-75.64245,1251,55.6,56.9,55.6,98.6,55.2,0.000,0.000,0.00,0.000,1.2,2.0,0.3,187,7,1.5,2.2,0.3,185,12,1.2,2.0,0.3,187,7,0,28.85,,0,0,0,65.8,66.1,64.2,0.27,0.27,0.27
MORR,2017-08-21 02:05:00 EDT,42.88392,-75.64245,1251,56.0,57.1,56.0,98.7,55.7,0.000,0.000,0.00,0.000,1.6,2.3,0.3,189,8,1.8,2.7,0.3,187,8,1.6,2.3,0.3,189,8,0,28.85,,0,0,0,65.8,66.1,64.2,0.27,0.27,0.27
MORR,2017-08-21 02:10:00 EDT,42.88392,-75.64245,1251,56.0,57.1,56.0,98.6,55.6,0.000,0.000,0.00,0.000,1.1,1.8,0.3,184,16,1.4,2.3,0.3,178,17,1.1,1.8,0.3,184,16,0,28.85,,0,0,0,65.8,66.1,64.2,0.27,0.27,0.27
MORR,2017-08-21 02:15:00 EDT,42.88392,-75.64245,1251,56.2,57.1,56.2,98.7,55.8,0.000,0.000,0.00,0.000,1.0,1.5,0.2,173,10,1.4,2.0,0.3,169,14,1.0,1.5,0.2,173,10,0,28.84,,0,0,0,65.8,66.1,64.2,0.27,0.27,0.27
MORR,2017-08-21 02:20:00 EDT,42.88392,-75.64245,1251,56.4,56.8,56.4,98.7,56.0,0.000,0.000,0.00,0.000,2.0,2.4,0.3,183,6,2.3,3.1,0.4,181,7,2.0,2.4,0.3,183,6,0,28.84,,0,0,0,65.8,66.1,64.2,0.27,0.27,0.27
MORR,2017-08-21 02:25:00 EDT,42.88392,-75.64245,1251,56.6,57.0,56.6,98.8,56.2,0.000,0.000,0.00,0.000,2.2,2.9,0.3,174,12,2.6,3.5,0.4,172,14,2.2,2.9,0.3,174,12,0,28.84,,0,0,0,65.8,66.2,64.2,0.27,0.27,0.27
MORR,2017-08-21 02:30:00 EDT,42.88392,-75.64245,1251,56.7,57.1,56.7,98.8,56.4,0.000,0.000,0.00,0.000,1.7,2.6,0.4,166,13,2.0,3.0,0.5,162,14,1.7,2.6,0.4,166,13,0,28.84,,0,0,0,65.8,66.0,64.2,0.27,0.27,0.27
MORR,2017-08-21 02:35:00 EDT,42.88392,-75.64245,1251,56.4,57.2,56.4,98.7,56.0,0.000,0.000,0.00,0.000,1.4,1.9,0.2,173,9,1.7,2.5,0.3,165,11,1.4,1.9,0.2,173,9,0,28.84,,0,0,0,65.8,66.1,64.2,0.27,0.28,0.27
MORR,2017-08-21 02:40:00 EDT,42.88392,-75.64245,1251,55.7,56.5,55.7,98.6,55.3,0.000,0.000,0.00,0.000,1.4,2.0,0.2,185,9,1.7,2.5,0.3,179,12,1.4,2.0,0.2,185,9,0,28.85,,0,0,0,65.8,66.0,64.2,0.27,0.28,0.27
MORR,2017-08-21 02:45:00 EDT,42.88392,-75.64245,1251,55.6,56.6,55.6,98.7,55.2,0.000,0.000,0.00,0.000,1.5,2.0,0.2,188,10,1.9,2.6,0.3,183,12,1.5,2.0,0.2,188,10,0,28.85,,0,0,0,65.8,66.0,64.2,0.27,0.27,0.27
MORR,2017-08-21 02:50:00 EDT,42.88392,-75.64245,1251,55.3,56.7,55.3,98.7,54.9,0.000,0.000,0.00,0.000,1.8,2.3,0.3,177,9,2.0,2.6,0.4,175,11,1.8,2.3,0.3,177,9,0,28.85,,0,0,0,65.8,66.0,64.2,0.27,0.27,0.27
MORR,2017-08-21 02:55:00 EDT,42.88392,-75.64245,1251,55.3,56.5,55.3,98.7,54.9,0.000,0.000,0.00,0.000,1.3,1.8,0.2,185,7,1.6,2.1,0.2,183,9,1.3,1.8,0.2,185,7,0,28.85,,0,0,0,65.7,65.9,64.2,0.27,0.28,0.27
MORR,2017-08-21 03:00:00 EDT,42.88392,-75.64245,1251,55.5,56.5,55.5,98.8,55.1,0.000,0.000,0.00,0.000,0.9,1.5,0.4,188,13,1.3,2.0,0.3,180,13,0.9,1.5,0.4,188,13,0,28.85,,0,0,0,65.5,66.0,64.2,0.27,0.27,0.27
MORR,2017-08-21 03:05:00 EDT,42.88392,-75.64245,1251,55.5,56.4,55.5,98.8,55.2,0.000,0.000,0.00,0.000,1.4,2.3,0.4,167,11,1.6,2.2,0.3,161,13,1.4,2.3,0.4,167,11,0,28.85,,0,0,0,65.5,65.9,64.2,0.27,0.27,0.27
MORR,2017-08-21 03:10:00 EDT,42.88392,-75.64245,1251,55.7,56.7,55.7,98.9,55.4,0.000,0.000,0.00,0.000,2.0,2.7,0.3,182,14,2.3,3.4,0.4,180,14,2.0,2.7,0.3,182,14,0,28.85,,0,0,0,65.5,66.0,64.2,0.27,0.27,0.27
MORR,2017-08-21 03:15:00 EDT,42.88392,-75.64245,1251,56.0,56.7,56.0,98.9,55.7,0.000,0.000,0.00,0.000,2.1,3.2,0.6,183,13,2.5,3.5,0.6,181,14,2.1,3.2,0.6,183,13,0,28.85,,0,0,0,65.5,65.9,64.2,0.27,0.27,0.27
MORR,2017-08-21 03:20:00 EDT,42.88392,-75.64245,1251,55.5,56.7,55.5,98.8,55.2,0.000,0.000,0.00,0.000,2.3,3.4,0.3,177,8,2.6,3.8,0.4,175,10,2.3,3.4,0.3,177,8,0,28.85,,0,0,0,65.5,66.0,64.2,0.27,0.28,0.27
MORR,2017-08-21 03:25:00 EDT,42.88392,-75.64245,1251,55.7,56.7,55.7,98.9,55.4,0.000,0.000,0.00,0.000,2.2,3.0,0.3,190,13,2.6,3.4,0.4,189,12,2.2,3.0,0.3,190,13,0,28.85,,0,0,0,65.5,66.0,64.2,0.27,0.27,0.27
MORR,2017-08-21 03:30:00 EDT,42.88392,-75.64245,1251,56.5,56.8,56.5,99.0,56.3,0.000,0.000,0.00,0.000,2.7,3.7,0.5,191,10,3.1,4.2,0.6,190,9,2.7,3.7,0.5,191,10,0,28.85,,0,0,0,65.5,65.9,64.2,0.27,0.27,0.27
MORR,2017-08-21 03:35:00 EDT,42.88392,-75.64245,1251,56.7,56.8,56.7,99.0,56.4,0.000,0.000,0.00,0.000,2.6,3.6,0.3,186,8,2.9,4.1,0.4,184,9,2.6,3.6,0.3,186,8,0,28.85,,0,0,0,65.5,66.0,64.2,0.27,0.28,0.27
MORR,2017-08-21 03:40:00 EDT,42.88392,-75.64245,1251,56.5,56.7,56.5,98.9,56.2,0.000,0.000,0.00,0.000,1.9,3.1,0.4,181,9,2.3,3.2,0.4,178,11,1.9,3.1,0.4,181,9,0,28.85,,0,0,0,65.5,65.9,64.2,0.27,0.27,0.27
MORR,2017-08-21 03:45:00 EDT,42.88392,-75.64245,1251,56.2,56.7,56.2,98.9,55.9,0.000,0.000,0.00,0.000,1.9,2.8,0.3,180,13,2.2,3.6,0.5,178,14,1.9,2.8,0.3,180,13,0,28.85,,0,0,0,65.5,66.0,64.2,0.27,0.27,0.27
MORR,2017-08-21 03:50:00 EDT,42.88392,-75.64245,1251,55.2,56.0,55.2,98.8,54.9,0.000,0.000,0.00,0.000,1.3,2.0,0.3,198,18,1.6,2.4,0.4,196,19,1.3,2.0,0.3,198,18,0,28.85,,0,0,0,65.5,66.0,64.2,0.27,0.27,0.27
MORR,2017-08-21 03:55:00 EDT,42.88392,-75.64245,1251,54.9,55.9,54.9,98.8,54.6,0.000,0.000,0.00,0.000,1.4,2.5,0.3,207,13,1.6,3.0,0.3,202,15,1.4,2.5,0.3,207,13,0,28.85,,0,0,0,65.5,66.0,64.2,0.27,0.27,0.27
MORR,2017-08-21 04:00:00 EDT,42.88392,-75.64245,1251,55.3,56.2,55.3,98.9,55.0,0.000,0.000,0.00,0.000,1.7,2.4,0.3,198,9,1.9,3.5,0.4,195,9,1.7,2.4,0.3,198,9,0,28.85,,0,0,0,65.4,66.1,64.2,0.27,0.27,0.27
MORR,2017-08-21 04:05:00 EDT,42.88392,-75.64245,1251,55.6,56.3,55.6,99.0,55.3,0.000,0.000,0.00,0.000,2.0,2.8,0.4,205,8,2.2,3.1,0.4,203,9,2.0,2.8,0.4,205,8,0,28.85,,0,0,0,65.3,66.0,64.2,0.27,0.27,0.27
MORR,2017-08-21 04:10:00 EDT,42.88392,-75.64245,1251,55.7,56.3,55.7,99.0,55.5,0.000,0.000,0.00,0.000,1.9,2.5,0.3,200,10,2.2,3.2,0.4,197,10,1.9,2.5,0.3,200,10,0,28.85,,0,0,0,65.3,65.9,64.2,0.27,0.27,0.27
MORR,2017-08-21 04:15:00 EDT,42.88392,-75.64245,1251,54.7,56.2,54.7,98.8,54.4,0.000,0.000,0.00,0.000,2.2,3.3,0.4,187,10,2.5,4.5,0.5,187,10,2.2,3.3,0.4,187,10,0,28.85,,0,0,0,65.2,65.9,64.2,0.27,0.28,0.27
MORR,2017-08-21 04:20:00 EDT,42.88392,-75.64245,1251,54.3,55.6,54.3,98.8,54.0,0.000,0.000,0.00,0.000,1.9,2.4,0.2,191,6,2.3,3.0,0.3,189,7,1.9,2.4,0.2,191,6,0,28.85,,0,0,0,65.1,66.0,64.2,0.27,0.27,0.27
MORR,2017-08-21 04:25:00 EDT,42.88392,-75.64245,1251,54.9,55.8,54.9,99.0,54.6,0.000,0.000,0.00,0.000,2.8,3.8,0.4,188,8,3.1,4.8,0.6,187,7,2.8,3.8,0.4,188,8,0,28.85,,0,0,0,65.1,66.0,64.2,0.27,0.27,0.27
MORR,2017-08-21 04:30:00 EDT,42.88392,-75.64245,1251,55.4,56.2,55.4,99.1,55.1,0.000,0.000,0.00,0.000,3.0,4.0,0.6,187,8,3.3,4.9,0.7,185,7,3.0,4.0,0.6,187,8,0,28.85,,0,0,0,65.1,66.0,64.2,0.26,0.27,0.27
MORR,2017-08-21 04:35:00 EDT,42.88392,-75.64245,1251,55.9,56.3,55.9,99.1,55.7,0.000,0.000,0.00,0.000,2.1,3.0,0.3,188,10,2.4,3.5,0.4,187,10,2.1,3.0,0.3,188,10,0,28.85,,0,0,0,65.1,66.0,64.2,0.27,0.28,0.27
MORR,2017-08-21 04:40:00 EDT,42.88392,-75.64245,1251,56.0,56.1,56.0,99.1,55.7,0.000,0.000,0.00,0.000,2.6,3.1,0.2,186,7,2.9,3.8,0.3,185,6,2.6,3.1,0.2,186,7,0,28.85,,0,0,0,65.1,65.9,64.2,0.27,0.27,0.27
MORR,2017-08-21 04:45:00 EDT,42.88392,-75.64245,1251,55.9,56.0,55.9,99.0,55.6,0.000,0.000,0.00,0.000,1.5,2.4,0.5,189,13,1.7,2.8,0.6,186,13,1.5,2.4,0.5,189,13,0,28.85,,0,0,0,65.1,66.0,64.2,0.26,0.27,0.27
MORR,2017-08-21 04:50:00 EDT,42.88392,-75.64245,1251,55.6,55.8,55.6,99.0,55.3,0.000,0.000,0.00,0.000,1.1,2.2,0.5,169,11,1.4,2.6,0.5,165,12,1.1,2.2,0.5,169,11,0,28.86,,0,0,0,65.1,66.0,64.2,0.27,0.27,0.27
MORR,2017-08-21 04:55:00 EDT,42.88392,-75.64245,1251,55.1,55.9,55.1,98.9,54.8,0.000,0.000,0.00,0.000,2.4,3.1,0.3,177,8,2.8,3.6,0.4,175,10,2.4,3.1,0.3,177,8,0,28.86,,0,0,0,65.1,66.0,64.2,0.27,0.27,0.27
MORR,2017-08-21 05:00:00 EDT,42.88392,-75.64245,1251,55.6,56.0,55.6,99.1,55.4,0.000,0.000,0.00,0.000,2.4,3.2,0.4,188,9,2.7,4.1,0.5,186,10,2.4,3.2,0.4,188,9,0,28.86,,0,0,0,65.1,66.0,64.2,0.27,0.27,0.27
MORR,2017-08-21 05:05:00 EDT,42.88392,-75.64245,1251,55.6,55.8,55.6,99.1,55.4,0.000,0.000,0.00,0.000,1.8,2.6,0.3,206,16,2.0,2.9,0.4,203,15,1.8,2.6,0.3,206,16,0,28.85,,0,0,0,65.1,65.9,64.2,0.27,0.27,0.27
MORR,2017-08-21 05:10:00 EDT,42.88392,-75.64245,1251,55.6,55.8,55.6,99.1,55.3,0.000,0.000,0.00,0.000,1.8,2.4,0.3,203,15,2.1,3.2,0.4,200,15,1.8,2.4,0.3,203,15,0,28.85,,0,0,0,65.1,66.0,64.2,0.27,0.27,0.27
MORR,2017-08-21 05:15:00 EDT,42.88392,-75.64245,1251,55.6,55.8,55.6,99.1,55.3,0.000,0.000,0.00,0.000,2.4,3.6,0.4,195,9,2.8,4.0,0.5,193,9,2.4,3.6,0.4,195,9,0,28.85,,0,0,0,65.1,65.9,64.2,0.27,0.27,0.27
MORR,2017-08-21 05:20:00 EDT,42.88392,-75.64245,1251,55.3,55.6,55.3,99.0,55.0,0.000,0.000,0.00,0.000,2.4,3.4,0.4,183,11,2.8,3.7,0.5,180,12,2.4,3.4,0.4,183,11,0,28.85,,0,0,0,65.1,65.9,64.2,0.26,0.27,0.27
MORR,2017-08-21 05:25:00 EDT,42.88392,-75.64245,1251,54.5,55.5,54.5,98.9,54.3,0.000,0.000,0.00,0.000,2.2,2.9,0.3,185,10,2.5,3.7,0.4,184,10,2.2,2.9,0.3,185,10,0,28.86,,0,0,0,65.1,66.0,64.2,0.27,0.27,0.27
MORR,2017-08-21 05:30:00 EDT,42.88392,-75.64245,1251,54.8,55.4,54.8,99.1,54.6,0.000,0.000,0.00,0.000,2.1,3.3,0.4,186,12,2.4,4.2,0.4,184,11,2.1,3.3,0.4,186,12,0,28.85,,0,0,0,65.1,66.0,64.2,0.27,0.27,0.27
MORR,2017-08-21 05:35:00 EDT,42.88392,-75.64245,1251,55.1,55.4,55.1,99.1,54.9,0.000,0.000,0.00,0.000,2.6,3.5,0.4,185,9,3.0,4.1,0.4,184,10,2.6,3.5,0.4,185,9,0,28.85,,0,0,0,65.1,65.9,64.2,0.27,0.28,0.27
MORR,2017-08-21 05:40:00 EDT,42.88392,-75.64245,1251,55.1,55.3,55.1,99.1,54.9,0.000,0.000,0.00,0.000,2.9,3.9,0.4,184,11,3.2,4.2,0.5,182,11,2.9,3.9,0.4,184,11,0,28.85,,0,0,0,65.1,65.9,64.2,0.26,0.28,0.27
MORR,2017-08-21 05:45:00 EDT,42.88392,-75.64245,1251,55.2,55.3,55.2,99.1,54.9,0.000,0.000,0.00,0.000,2.6,3.4,0.3,182,10,3.0,4.0,0.5,180,11,2.6,3.4,0.3,182,10,0,28.86,,0,0,0,65.1,65.9,64.2,0.27,0.28,0.27
MORR,2017-08-21 05:50:00 EDT,42.88392,-75.64245,1251,55.1,55.3,55.1,99.1,54.9,0.000,0.000,0.00,0.000,2.7,3.7,0.5,177,10,3.1,4.2,0.6,176,11,2.7,3.7,0.5,177,10,0,28.86,,0,0,0,65.1,65.9,64.2,0.26,0.27,0.27
MORR,2017-08-21 05:55:00 EDT,42.88392,-75.64245,1251,54.8,55.6,54.8,99.0,54.5,0.000,0.000,0.00,0.000,3.4,3.9,0.2,174,5,3.8,4.4,0.3,171,6,3.4,3.9,0.2,174,5,0,28.86,,0,0,0,65.1,65.9,64.2,0.26,0.27,0.27
MORR,2017-08-21 06:00:00 EDT,42.88392,-75.64245,1251,54.9,55.5,54.9,99.1,54.7,0.000,0.000,0.00,0.000,2.7,3.7,0.4,175,7,3.1,4.5,0.5,174,9,2.7,3.7,0.4,175,7,0,28.86,,0,0,0,65.1,65.9,64.3,0.26,0.27,0.27
MORR,2017-08-21 06:05:00 EDT,42.88392,-75.64245,1251,54.9,55.4,54.9,99.1,54.7,0.000,0.000,0.00,0.000,2.3,2.8,0.3,179,8,2.5,3.4,0.4,178,10,2.3,2.8,0.3,179,8,1,28.86,,0,0,0,65.1,65.9,64.2,0.26,0.27,0.27
MORR,2017-08-21 06:10:00 EDT,42.88392,-75.64245,1251,54.8,55.1,54.8,99.1,54.6,0.000,0.000,0.00,0.000,2.2,2.9,0.3,195,9,2.4,3.4,0.4,192,8,2.2,2.9,0.3,195,9,1,28.86,,0,0,0,65.0,65.9,64.2,0.26,0.27,0.27
MORR,2017-08-21 06:15:00 EDT,42.88392,-75.64245,1251,54.9,55.1,54.9,99.1,54.6,0.000,0.000,0.00,0.000,2.2,2.8,0.2,189,10,2.6,3.5,0.3,188,9,2.2,2.8,0.2,189,10,2,28.86,,0,0,0,65.0,65.9,64.2,0.26,0.27,0.27
MORR,2017-08-21 06:20:00 EDT,42.88392,-75.64245,1251,54.1,54.7,54.1,99.0,53.8,0.000,0.000,0.00,0.000,2.5,3.4,0.4,179,8,2.8,3.8,0.4,177,10,2.5,3.4,0.4,179,8,3,28.86,,0,0,0,64.9,65.9,64.2,0.26,0.27,0.27
MORR,2017-08-21 06:25:00 EDT,42.88392,-75.64245,1251,54.1,54.9,54.1,99.1,53.8,0.000,0.000,0.00,0.000,2.5,3.2,0.3,183,11,2.7,3.7,0.4,181,12,2.5,3.2,0.3,183,11,5,28.86,,0,0,0,64.8,65.9,64.2,0.26,0.27,0.27
MORR,2017-08-21 06:30:00 EDT,42.88392,-75.64245,1251,54.6,54.9,54.6,99.2,54.4,0.000,0.000,0.00,0.000,2.0,3.4,0.4,185,11,2.3,4.3,0.5,183,11,2.0,3.4,0.4,185,11,8,28.86,,0,0,0,64.8,65.9,64.2,0.26,0.27,0.27
MORR,2017-08-21 06:35:00 EDT,42.88392,-75.64245,1251,54.5,55.0,54.5,99.1,54.3,0.000,0.000,0.00,0.000,2.9,3.9,0.5,165,9,3.2,4.8,0.6,161,10,2.9,3.9,0.5,165,9,11,28.86,,0,0,0,64.8,65.9,64.2,0.26,0.27,0.27
MORR,2017-08-21 06:40:00 EDT,42.88392,-75.64245,1251,54.6,55.1,54.6,99.1,54.4,0.000,0.000,0.00,0.000,3.4,4.1,0.3,170,9,3.8,4.6,0.4,167,10,3.4,4.1,0.3,170,9,13,28.86,,0,0,0,64.8,65.9,64.2,0.26,0.27,0.27
MORR,2017-08-21 06:45:00 EDT,42.88392,-75.64245,1251,55.0,55.2,55.0,99.2,54.7,0.000,0.000,0.00,0.000,3.7,4.2,0.3,174,7,4.2,5.2,0.5,171,6,3.7,4.2,0.3,174,7,18,28.86,,0,0,0,64.8,65.9,64.2,0.26,0.27,0.27
MORR,2017-08-21 06:50:00 EDT,42.88392,-75.64245,1251,55.0,55.5,55.0,99.2,54.8,0.000,0.000,0.00,0.000,4.5,5.4,0.4,165,6,5.2,6.4,0.6,163,5,4.5,5.4,0.4,165,6,19,28.86,,0,0,0,64.8,65.9,64.2,0.26,0.27,0.27
MORR,2017-08-21 06:55:00 EDT,42.88392,-75.64245,1251,55.0,55.5,55.0,99.2,54.8,0.000,0.000,0.00,0.000,3.7,5.2,0.7,160,10,4.0,5.8,0.8,158,11,3.7,5.2,0.7,160,10,22,28.85,,0,0,0,64.8,65.9,64.2,0.26,0.28,0.27
MORR,2017-08-21 07:00:00 EDT,42.88392,-75.64245,1251,55.1,55.5,55.1,99.1,54.9,0.000,0.000,0.00,0.000,3.3,4.5,0.4,165,9,3.6,5.0,0.6,162,9,3.3,4.5,0.4,165,9,27,28.85,,0,0,0,64.8,65.9,64.2,0.26,0.27,0.27
MORR,2017-08-21 07:05:00 EDT,42.88392,-75.64245,1251,55.4,55.6,55.4,99.2,55.2,0.000,0.000,0.00,0.000,3.4,4.6,0.5,165,9,3.9,5.3,0.6,162,9,3.4,4.6,0.5,165,9,36,28.86,,0,0,0,64.8,65.9,64.2,0.26,0.27,0.27
MORR,2017-08-21 07:10:00 EDT,42.88392,-75.64245,1251,55.5,55.7,55.5,99.2,55.3,0.000,0.000,0.00,0.000,3.5,4.4,0.6,152,9,3.6,5.1,0.7,148,7,3.5,4.4,0.6,152,9,41,28.86,,0,0,0,64.8,65.9,64.2,0.26,0.27,0.27
MORR,2017-08-21 07:15:00 EDT,42.88392,-75.64245,1251,55.4,55.5,55.4,99.1,55.1,0.000,0.000,0.00,0.000,2.4,3.6,0.5,142,12,2.4,3.9,0.5,139,10,2.4,3.6,0.5,142,12,52,28.86,,0,0,0,64.8,65.9,64.2,0.26,0.27,0.27
MORR,2017-08-21 07:20:00 EDT,42.88392,-75.64245,1251,55.8,55.9,55.8,99.1,55.5,0.000,0.000,0.00,0.000,2.1,3.5,0.9,150,13,2.1,4.0,0.8,146,14,2.1,3.5,0.9,150,13,71,28.86,,0,0,0,64.8,65.9,64.2,0.26,0.27,0.27
MORR,2017-08-21 07:25:00 EDT,42.88392,-75.64245,1251,56.1,56.1,56.1,99.1,55.9,0.000,0.000,0.00,0.000,1.5,4.5,1.0,151,21,1.8,4.8,0.9,151,23,1.5,4.5,1.0,151,21,87,28.86,,0,0,0,64.8,65.8,64.2,0.26,0.27,0.27
MORR,2017-08-21 07:30:00 EDT,42.88392,-75.64245,1251,56.5,56.4,56.5,99.1,56.3,0.000,0.000,0.00,0.000,0.8,2.2,0.6,169,19,1.1,2.3,0.6,173,24,0.8,2.2,0.6,169,19,92,28.86,,0,0,0,64.8,65.9,64.2,0.26,0.27,0.27
MORR,2017-08-21 07:35:00 EDT,42.88392,-75.64245,1251,57.1,56.9,57.1,99.1,56.8,0.000,0.000,0.00,0.000,1.6,3.1,0.6,149,21,1.9,3.2,0.5,147,21,1.6,3.1,0.6,149,21,104,28.86,,0,0,0,64.8,65.8,64.2,0.26,0.27,0.27
MORR,2017-08-21 07:40:00 EDT,42.88392,-75.64245,1251,57.1,56.9,57.1,99.1,56.9,0.000,0.000,0.00,0.000,1.3,4.2,1.2,149,21,1.6,4.4,1.1,149,26,1.3,4.2,1.2,149,21,124,28.87,,0,0,0,64.8,65.8,64.2,0.26,0.28,0.27
MORR,2017-08-21 07:45:00 EDT,42.88392,-75.64245,1251,57.4,56.9,57.4,99.0,57.1,0.000,0.000,0.00,0.000,3.2,4.2,0.5,151,10,3.2,4.8,0.6,147,10,3.2,4.2,0.5,151,10,128,28.87,,0,0,0,64.8,65.8,64.2,0.26,0.28,0.27
MORR,2017-08-21 07:50:00 EDT,42.88392,-75.64245,1251,57.5,57.1,57.5,99.0,57.3,0.000,0.000,0.00,0.000,3.6,4.7,0.6,152,9,3.8,5.3,0.8,149,10,3.6,4.7,0.6,152,9,138,28.87,,0,0,0,64.8,65.7,64.2,0.26,0.27,0.27
MORR,2017-08-21 07:55:00 EDT,42.88392,-75.64245,1251,58.2,57.6,58.2,99.0,57.9,0.000,0.000,0.00,0.000,3.4,4.7,0.6,154,11,3.5,5.3,0.6,150,11,3.4,4.7,0.6,154,11,162,28.87,,0,0,0,64.8,65.8,64.2,0.26,0.27,0.27
MORR,2017-08-21 08:00:00 EDT,42.88392,-75.64245,1251,58.5,58.0,58.5,98.9,58.2,0.000,0.000,0.00,0.000,3.7,6.1,0.9,136,15,3.7,6.4,1.1,133,14,3.7,6.1,0.9,136,15,188,28.87,,0,0,0,64.8,65.7,64.2,0.26,0.27,0.27
MORR,2017-08-21 08:05:00 EDT,42.88392,-75.64245,1251,58.8,58.0,58.8,98.7,58.4,0.000,0.000,0.00,0.000,4.9,6.7,0.9,134,11,5.0,7.0,0.9,131,10,4.9,6.7,0.9,134,11,235,28.86,,0,0,0,64.8,65.6,64.3,0.26,0.28,0.27
MORR,2017-08-21 08:10:00 EDT,42.88392,-75.64245,1251,59.2,58.3,59.2,98.8,58.9,0.000,0.000,0.00,0.000,5.8,7.5,0.6,140,8,6.0,7.8,0.8,137,6,5.8,7.5,0.6,140,8,237,28.86,,0,0,0,64.8,65.6,64.2,0.26,0.28,0.27
MORR,2017-08-21 08:15:00 EDT,42.88392,-75.64245,1251,59.4,58.6,59.4,98.7,59.1,0.000,0.000,0.00,0.000,5.4,6.8,0.7,141,9,5.6,8.6,0.9,138,8,5.4,6.8,0.7,141,9,237,28.86,,0,0,0,64.8,65.5,64.2,0.26,0.27,0.27
MORR,2017-08-21 08:20:00 EDT,42.88392,-75.64245,1251,59.7,59.0,59.7,98.7,59.4,0.000,0.000,0.00,0.000,4.8,7.2,1.0,145,10,5.0,7.1,1.1,142,9,4.8,7.2,1.0,145,10,281,28.86,,0,0,0,64.8,65.6,64.2,0.26,0.27,0.27
MORR,2017-08-21 08:25:00 EDT,42.88392,-75.64245,1251,60.3,59.4,60.3,98.7,59.9,0.000,0.000,0.00,0.000,4.4,6.0,1.0,141,8,4.5,6.7,1.1,138,7,4.4,6.0,1.0,141,8,203,28.86,,0,0,0,64.8,65.7,64.2,0.26,0.28,0.27
MORR,2017-08-21 08:30:00 EDT,42.88392,-75.64245,1251,60.3,59.6,60.3,98.7,60.0,0.000,0.000,0.00,0.000,4.5,6.4,0.8,139,9,4.6,6.8,0.9,136,7,4.5,6.4,0.8,139,9,225,28.86,,0,0,0,64.8,65.4,64.2,0.26,0.27,0.27
MORR,2017-08-21 08:35:00 EDT,42.88392,-75.64245,1251,60.6,59.8,60.6,98.6,60.2,0.000,0.000,0.00,0.000,5.0,7.0,0.8,134,8,5.0,7.5,0.9,132,5,5.0,7.0,0.8,134,8,322,28.86,,0,0,0,64.8,65.5,64.2,0.26,0.27,0.27
MORR,2017-08-21 08:40:00 EDT,42.88392,-75.64245,1251,61.2,60.2,61.2,98.5,60.8,0.000,0.000,0.00,0.000,3.8,5.8,0.8,135,12,3.9,6.1,0.8,134,11,3.8,5.8,0.8,135,12,352,28.86,,0,0,0,64.8,65.5,64.2,0.26,0.27,0.27
MORR,2017-08-21 08:45:00 EDT,42.88392,-75.64245,1251,61.9,60.9,61.9,98.6,61.5,0.000,0.000,0.00,0.000,4.0,5.6,0.6,138,11,4.2,5.7,0.7,137,9,4.0,5.6,0.6,138,11,390,28.86,,0,0,0,64.8,65.4,64.2,0.26,0.28,0.27
MORR,2017-08-21 08:50:00 EDT,42.88392,-75.64245,1251,61.8,61.4,61.8,98.5,61.4,0.000,0.000,0.00,0.000,4.3,6.4,1.0,135,15,4.6,6.8,1.1,133,13,4.3,6.4,1.0,135,15,179,28.85,,0,0,0,64.8,65.5,64.2,0.26,0.27,0.27
MORR,2017-08-21 08:55:00 EDT,42.88392,-75.64245,1251,62.2,61.6,62.2,98.7,61.8,0.000,0.000,0.00,0.000,5.3,7.6,0.9,140,9,5.7,7.8,0.9,138,8,5.3,7.6,0.9,140,9,173,28.85,,0,0,0,64.8,65.4,64.2,0.26,0.27,0.27
MORR,2017-08-21 09:00:00 EDT,42.88392,-75.64245,1251,63.2,62.3,63.2,98.5,62.8,0.000,0.000,0.00,0.000,5.0,6.7,0.8,130,9,5.2,7.2,1.0,128,8,5.0,6.7,0.8,130,9,419,28.85,,0,0,0,64.8,65.6,64.2,0.26,0.27,0.27
MORR,2017-08-21 09:05:00 EDT,42.88392,-75.64245,1251,63.9,63.0,63.9,98.4,63.5,0.000,0.000,0.00,0.000,5.1,7.3,0.8,121,10,5.4,8.1,0.8,120,11,5.1,7.3,0.8,121,10,378,28.85,,0,0,0,64.9,65.4,64.2,0.26,0.27,0.27
MORR,2017-08-21 09:10:00 EDT,42.88392,-75.64245,1251,64.5,63.5,64.5,98.2,64.0,0.000,0.000,0.00,0.000,4.8,6.6,0.8,118,9,5.1,7.0,0.9,116,9,4.8,6.6,0.8,118,9,453,28.85,,0,0,0,65.0,65.4,64.2,0.26,0.27,0.27
MORR,2017-08-21 09:15:00 EDT,42.88392,-75.64245,1251,65.4,64.4,65.4,97.9,64.8,0.000,0.000,0.00,0.000,3.6,5.3,0.7,128,17,3.8,5.6,0.8,125,16,3.6,5.3,0.7,128,17,347,28.85,,0,0,0,65.1,65.4,64.2,0.26,0.27,0.27
MORR,2017-08-21 09:20:00 EDT,42.88392,-75.64245,1251,66.3,65.0,66.3,97.1,65.5,0.000,0.000,0.00,0.000,3.8,5.2,0.7,141,13,3.9,6.4,0.8,138,10,3.8,5.2,0.7,141,13,503,28.85,,0,0,0,65.1,65.3,64.2,0.26,0.27,0.27
MORR,2017-08-21 09:25:00 EDT,42.88392,-75.64245,1251,66.8,65.7,66.8,95.0,65.4,0.000,0.000,0.00,0.000,2.7,3.9,0.5,127,14,2.9,4.4,0.6,125,13,2.7,3.9,0.5,127,14,442,28.85,,0,0,0,65.1,65.4,64.2,0.26,0.28,0.27
MORR,2017-08-21 09:30:00 EDT,42.88392,-75.64245,1251,67.2,66.1,67.2,93.2,65.2,0.000,0.000,0.00,0.000,3.9,5.8,0.7,115,12,4.2,7.4,0.8,113,12,3.9,5.8,0.7,115,12,409,28.85,,0,0,0,65.1,65.4,64.2,0.26,0.27,0.27
MORR,2017-08-21 09:35:00 EDT,42.88392,-75.64245,1251,68.4,67.2,68.4,91.0,65.6,0.000,0.000,0.00,0.000,4.5,6.5,0.9,149,11,4.8,7.7,1.1,144,11,4.5,6.5,0.9,149,11,375,28.85,,0,0,0,65.1,65.3,64.2,0.26,0.27,0.27
MORR,2017-08-21 09:40:00 EDT,42.88392,-75.64245,1251,68.2,67.6,68.2,87.7,64.4,0.000,0.000,0.00,0.000,4.6,6.1,0.7,166,14,5.2,7.2,1.0,163,14,4.6,6.1,0.7,166,14,382,28.85,,0,0,0,65.1,65.5,64.2,0.26,0.27,0.27
MORR,2017-08-21 09:45:00 EDT,42.88392,-75.64245,1251,68.1,67.8,68.1,85.2,63.5,0.000,0.000,0.00,0.000,5.0,6.6,0.7,169,10,5.7,8.1,0.9,166,9,5.0,6.6,0.7,169,10,447,28.85,,0,0,0,65.1,65.5,64.2,0.26,0.27,0.27
MORR,2017-08-21 09:50:00 EDT,42.88392,-75.64245,1251,69.9,69.3,69.9,83.4,64.6,0.000,0.000,0.00,0.000,3.8,5.6,0.9,163,15,4.3,6.5,1.0,160,15,3.8,5.6,0.9,163,15,403,28.86,,0,0,0,65.3,65.4,64.2,0.26,0.27,0.27
MORR,2017-08-21 09:55:00 EDT,42.88392,-75.64245,1251,72.2,71.4,72.2,83.2,66.8,0.000,0.000,0.00,0.000,5.1,6.3,0.6,134,15,5.4,7.6,0.7,132,13,5.1,6.3,0.6,134,15,368,28.86,,0,0,0,65.5,65.4,64.2,0.26,0.27,0.27
MORR,2017-08-21 10:00:00 EDT,42.88392,-75.64245,1251,71.7,71.0,71.7,82.8,66.2,0.000,0.000,0.00,0.000,4.5,5.8,0.6,120,9,4.8,6.0,0.6,119,10,4.5,5.8,0.6,120,9,318,28.86,,0,0,0,65.5,65.4,64.2,0.26,0.27,0.27
MORR,2017-08-21 10:05:00 EDT,42.88392,-75.64245,1251,71.8,71.2,71.8,84.6,66.9,0.000,0.000,0.00,0.000,5.2,6.2,0.6,137,10,5.5,6.9,0.6,134,9,5.2,6.2,0.6,137,10,317,28.86,,0,0,0,65.5,65.3,64.2,0.26,0.27,0.27
MORR,2017-08-21 10:10:00 EDT,42.88392,-75.64245,1251,72.2,71.4,72.2,84.7,67.3,0.000,0.000,0.00,0.000,5.2,6.3,0.6,137,9,5.6,7.2,0.7,133,7,5.2,6.3,0.6,137,9,389,28.85,,0,0,0,65.5,65.3,64.2,0.26,0.27,0.27
MORR,2017-08-21 10:15:00 EDT,42.88392,-75.64245,1251,72.9,71.9,72.9,83.7,67.6,0.000,0.000,0.00,0.000,5.4,8.2,0.8,139,10,5.6,8.8,1.0,135,9,5.4,8.2,0.8,139,10,433,28.85,,0,0,0,65.7,65.4,64.2,0.26,0.27,0.27
MORR,2017-08-21 10:20:00 EDT,42.88392,-75.64245,1251,73.2,72.3,73.2,81.0,67.0,0.000,0.000,0.00,0.000,5.8,8.8,1.1,135,8,6.0,9.5,1.2,132,6,5.8,8.8,1.1,135,8,542,28.85,,0,0,0,65.8,65.4,64.2,0.26,0.27,0.27
MORR,2017-08-21 10:25:00 EDT,42.88392,-75.64245,1251,74.7,73.4,74.7,79.8,68.1,0.000,0.000,0.00,0.000,5.7,8.9,1.3,144,9,6.0,9.8,1.4,140,9,5.7,8.9,1.3,144,9,650,28.85,,0,0,0,65.8,65.4,64.2,0.26,0.27,0.27
MORR,2017-08-21 10:30:00 EDT,42.88392,-75.64245,1251,75.5,74.3,75.5,75.1,67.0,0.000,0.000,0.00,0.000,6.3,10.4,1.8,164,13,7.1,11.9,1.9,162,13,6.3,10.4,1.8,164,13,612,28.85,,0,0,0,65.8,65.3,64.2,0.26,0.27,0.27
MORR,2017-08-21 10:35:00 EDT,42.88392,-75.64245,1251,75.5,74.6,75.5,71.0,65.5,0.000,0.000,0.00,0.000,7.7,11.1,1.7,176,13,8.5,12.5,1.8,173,12,7.7,11.1,1.7,176,13,621,28.85,,0,0,0,65.8,65.4,64.2,0.27,0.27,0.27
MORR,2017-08-21 10:40:00 EDT,42.88392,-75.64245,1251,76.2,75.1,76.2,70.4,65.8,0.000,0.000,0.00,0.000,6.9,9.8,1.3,162,14,7.4,11.7,1.5,159,14,6.9,9.8,1.3,162,14,615,28.85,,0,0,0,65.9,65.3,64.2,0.26,0.27,0.27
MORR,2017-08-21 10:45:00 EDT,42.88392,-75.64245,1251,76.0,75.1,76.0,69.1,65.1,0.000,0.000,0.00,0.000,8.9,13.1,1.9,178,10,9.8,14.3,2.1,177,9,8.9,13.1,1.9,178,10,631,28.84,,0,0,0,66.0,65.4,64.2,0.26,0.27,0.27
MORR,2017-08-21 10:50:00 EDT,42.88392,-75.64245,1251,76.1,75.2,76.1,66.4,64.0,0.000,0.000,0.00,0.000,9.6,12.5,1.1,179,7,10.3,13.6,1.4,175,6,9.6,12.5,1.1,179,7,645,28.84,,0,0,0,66.0,65.4,64.2,0.26,0.27,0.27
MORR,2017-08-21 10:55:00 EDT,42.88392,-75.64245,1251,76.1,75.4,76.1,64.1,63.1,0.000,0.000,0.00,0.000,7.2,11.0,1.6,188,11,7.8,11.7,1.7,185,10,7.2,11.0,1.6,188,11,632,28.84,,0,0,0,66.0,65.4,64.2,0.26,0.27,0.27
MORR,2017-08-21 11:00:00 EDT,42.88392,-75.64245,1251,76.6,75.8,76.6,63.5,63.3,0.000,0.000,0.00,0.000,8.5,12.6,2.1,186,14,9.3,13.5,2.2,184,12,8.5,12.6,2.1,186,14,722,28.84,,0,0,0,66.1,65.3,64.2,0.26,0.27,0.27
MORR,2017-08-21 11:05:00 EDT,42.88392,-75.64245,1251,76.8,75.7,76.8,64.3,63.8,0.000,0.000,0.00,0.000,10.3,13.9,1.6,174,7,11.3,15.2,1.7,172,6,10.3,13.9,1.6,174,7,706,28.84,,0,0,0,66.4,65.3,64.2,0.26,0.27,0.27
MORR,2017-08-21 11:10:00 EDT,42.88392,-75.64245,1251,76.4,75.7,76.4,63.4,63.1,0.000,0.000,0.00,0.000,8.4,12.6,1.9,174,9,9.0,13.8,2.0,172,9,8.4,12.6,1.9,174,9,493,28.83,,0,0,0,66.4,65.4,64.2,0.26,0.27,0.27
MORR,2017-08-21 11:15:00 EDT,42.88392,-75.64245,1251,76.7,76.1,76.7,62.8,63.1,0.000,0.000,0.00,0.000,8.1,12.3,1.7,179,10,8.7,12.9,1.9,177,8,8.1,12.3,1.7,179,10,578,28.84,,0,0,0,66.4,65.2,64.2,0.26,0.27,0.27
MORR,2017-08-21 11:20:00 EDT,42.88392,-75.64245,1251,77.3,76.3,77.3,62.5,63.4,0.000,0.000,0.00,0.000,9.3,12.5,1.5,180,14,10.1,14.6,1.6,178,13,9.3,12.5,1.5,180,14,739,28.83,,0,0,0,66.5,65.3,64.2,0.26,0.27,0.27
MORR,2017-08-21 11:25:00 EDT,42.88392,-75.64245,1251,77.5,76.8,77.5,59.5,62.3,0.000,0.000,0.00,0.000,7.0,10.3,1.7,192,15,7.8,11.9,2.0,189,13,7.0,10.3,1.7,192,15,780,28.83,,0,0,0,66.7,65.2,64.2,0.26,0.27,0.27
MORR,2017-08-21 11:30:00 EDT,42.88392,-75.64245,1251,77.7,76.7,77.7,62.6,63.9,0.000,0.000,0.00,0.000,8.1,11.8,1.7,178,17,8.8,12.7,1.8,175,16,8.1,11.8,1.7,178,17,814,28.82,,0,0,0,66.7,65.4,64.2,0.26,0.27,0.27
MORR,2017-08-21 11:35:00 EDT,42.88392,-75.64245,1251,78.5,77.2,78.5,58.0,62.5,0.000,0.000,0.00,0.000,8.1,12.5,2.1,175,11,8.7,14.0,2.3,173,10,8.1,12.5,2.1,175,11,724,28.82,,0,0,0,66.7,65.4,64.2,0.26,0.27,0.27
MORR,2017-08-21 11:40:00 EDT,42.88392,-75.64245,1251,78.1,77.2,78.1,54.5,60.4,0.000,0.000,0.00,0.000,7.8,10.7,2.0,184,13,8.4,12.2,2.2,181,12,7.8,10.7,2.0,184,13,813,28.82,,0,0,0,67.1,65.3,64.2,0.26,0.27,0.27
MORR,2017-08-21 11:45:00 EDT,42.88392,-75.64245,1251,78.9,78.1,78.9,52.3,59.9,0.000,0.000,0.00,0.000,7.5,11.8,2.1,188,17,8.2,13.0,2.2,185,17,7.5,11.8,2.1,188,17,838,28.82,,0,0,0,67.1,65.4,64.2,0.26,0.27,0.27
MORR,2017-08-21 11:50:00 EDT,42.88392,-75.64245,1251,79.1,78.1,79.1,55.5,61.9,0.000,0.000,0.00,0.000,9.3,14.3,1.9,182,13,9.9,14.5,2.1,180,12,9.3,14.3,1.9,182,13,793,28.82,,0,0,0,67.1,65.4,64.2,0.26,0.27,0.27
MORR,2017-08-21 11:55:00 EDT,42.88392,-75.64245,1251,78.5,77.8,78.5,53.8,60.4,0.000,0.000,0.00,0.000,8.2,13.4,2.0,201,14,8.8,14.5,2.2,199,13,8.2,13.4,2.0,201,14,704,28.83,,0,0,0,67.1,65.3,64.2,0.26,0.27,0.27
MORR,2017-08-21 12:00:00 EDT,42.88392,-75.64245,1251,78.5,77.8,78.5,54.6,60.8,0.000,0.000,0.00,0.000,8.3,12.6,2.2,206,17,9.0,13.5,2.3,202,16,8.3,12.6,2.2,206,17,843,28.83,,0,0,0,67.5,65.3,64.2,0.26,0.27,0.27
MORR,2017-08-21 12:05:00 EDT,42.88392,-75.64245,1251,78.9,77.9,78.9,55.4,61.6,0.000,0.000,0.00,0.000,8.7,14.0,2.3,186,17,9.5,15.4,2.6,184,15,8.7,14.0,2.3,186,17,839,28.83,,0,0,0,67.5,65.3,64.2,0.26,0.27,0.27
MORR,2017-08-21 12:10:00 EDT,42.88392,-75.64245,1251,78.5,77.8,78.5,51.8,59.3,0.000,0.000,0.00,0.000,7.4,13.1,2.1,194,14,8.2,15.7,2.2,191,12,7.4,13.1,2.1,194,14,786,28.83,,0,0,0,67.5,65.3,64.2,0.26,0.27,0.27
MORR,2017-08-21 12:15:00 EDT,42.88392,-75.64245,1251,79.4,78.5,79.4,55.0,61.9,0.000,0.000,0.00,0.000,7.6,12.8,2.5,182,19,8.5,14.8,2.6,181,17,7.6,12.8,2.5,182,19,670,28.83,,0,0,0,67.8,65.3,64.2,0.26,0.27,0.27
MORR,2017-08-21 12:20:00 EDT,42.88392,-75.64245,1251,79.1,78.2,79.1,53.4,60.8,0.000,0.000,0.00,0.000,8.1,14.3,2.1,180,12,8.7,15.9,2.6,178,9,8.1,14.3,2.1,180,12,811,28.82,,0,0,0,67.8,65.2,64.2,0.26,0.27,0.27
MORR,2017-08-21 12:25:00 EDT,42.88392,-75.64245,1251,79.2,78.1,79.2,54.0,61.1,0.000,0.000,0.00,0.000,11.5,16.8,2.3,181,10,12.3,18.8,2.6,179,10,11.5,16.8,2.3,181,10,774,28.82,,0,0,0,67.8,65.3,64.2,0.26,0.27,0.27
MORR,2017-08-21 12:30:00 EDT,42.88392,-75.64245,1251,79.2,78.0,79.2,55.5,61.9,0.000,0.000,0.00,0.000,9.4,13.4,1.9,180,12,10.2,14.1,2.1,178,10,9.4,13.4,1.9,180,12,839,28.82,,0,0,0,67.9,65.3,64.2,0.26,0.27,0.27
MORR,2017-08-21 12:35:00 EDT,42.88392,-75.64245,1251,78.8,77.9,78.8,51.8,59.6,0.000,0.000,0.00,0.000,10.4,15.0,2.4,190,10,11.3,16.5,2.5,187,8,10.4,15.0,2.4,190,10,796,28.82,,0,0,0,68.2,65.2,64.2,0.26,0.27,0.27
MORR,2017-08-21 12:40:00 EDT,42.88392,-75.64245,1251,78.5,77.8,78.5,51.3,59.1,0.000,0.000,0.00,0.000,8.9,12.4,1.6,189,12,9.8,14.0,1.8,186,11,8.9,12.4,1.6,189,12,651,28.82,,0,0,0,68.2,65.4,64.2,0.26,0.27,0.27
MORR,2017-08-21 12:45:00 EDT,42.88392,-75.64245,1251,78.9,78.1,78.9,49.7,58.5,0.000,0.000,0.00,0.000,7.3,10.3,1.8,191,11,7.8,10.8,1.9,188,9,7.3,10.3,1.8,191,11,818,28.82,,0,0,0,68.3,65.2,64.2,0.26,0.27,0.27
MORR,2017-08-21 12:50:00 EDT,42.88392,-75.64245,1251,79.3,78.2,79.3,51.7,60.0,0.000,0.000,0.00,0.000,8.4,12.4,1.9,180,9,9.2,13.8,2.0,178,8,8.4,12.4,1.9,180,9,825,28.82,,0,0,0,68.5,65.4,64.2,0.26,0.27,0.27
MORR,2017-08-21 12:55:00 EDT,42.88392,-75.64245,1251,79.2,78.3,79.2,54.3,61.3,0.000,0.000,0.00,0.000,8.7,13.2,2.0,181,9,9.4,15.0,2.1,179,8,8.7,13.2,2.0,181,9,820,28.82,,0,0,0,68.5,65.2,64.2,0.26,0.27,0.27
MORR,2017-08-21 13:00:00 EDT,42.88392,-75.64245,1251,79.8,78.5,79.8,56.3,62.9,0.000,0.000,0.00,0.000,7.4,10.5,1.5,177,14,8.1,11.3,1.7,174,15,7.4,10.5,1.5,177,14,821,28.82,,0,0,0,68.5,65.3,64.2,0.26,0.27,0.27
MORR,2017-08-21 13:05:00 EDT,42.88392,-75.64245,1251,80.4,79.2,81.5,53.6,62.0,0.000,0.000,0.00,0.000,6.5,11.5,2.0,178,15,7.4,12.8,2.2,174,15,6.5,11.5,2.0,178,15,832,28.82,,0,0,0,68.8,65.3,64.2,0.26,0.27,0.27
MORR,2017-08-21 13:10:00 EDT,42.88392,-75.64245,1251,80.3,79.4,81.1,50.5,60.2,0.000,0.000,0.00,0.000,7.9,12.4,1.8,220,31,8.5,14.3,2.1,219,30,7.9,12.4,1.8,220,31,839,28.82,,0,0,0,68.9,65.3,64.2,0.26,0.27,0.27
MORR,2017-08-21 13:15:00 EDT,42.88392,-75.64245,1251,79.1,78.7,79.1,50.1,58.9,0.000,0.000,0.00,0.000,5.8,9.1,1.6,205,15,6.2,9.7,1.8,203,15,5.8,9.1,1.6,205,15,578,28.82,,0,0,0,68.9,65.3,64.2,0.26,0.27,0.27
MORR,2017-08-21 13:20:00 EDT,42.88392,-75.64245,1251,79.3,78.9,79.3,53.3,60.8,0.000,0.000,0.00,0.000,5.2,10.4,2.5,191,17,5.8,11.6,2.6,189,16,5.2,10.4,2.5,191,17,541,28.82,,0,0,0,69.1,65.3,64.2,0.26,0.27,0.27
MORR,2017-08-21 13:25:00 EDT,42.88392,-75.64245,1251,79.5,78.9,79.5,55.0,61.9,0.000,0.000,0.00,0.000,6.0,8.8,1.5,186,20,6.6,9.9,1.6,186,18,6.0,8.8,1.5,186,20,479,28.82,,0,0,0,69.3,65.3,64.1,0.26,0.27,0.27
MORR,2017-08-21 13:30:00 EDT,42.88392,-75.64245,1251,79.7,78.8,79.7,56.2,62.7,0.000,0.000,0.00,0.000,4.1,8.3,1.7,175,16,4.6,9.1,1.8,175,16,4.1,8.3,1.7,175,16,811,28.81,,0,0,0,69.3,65.3,64.1,0.26,0.27,0.27
MORR,2017-08-21 13:35:00 EDT,42.88392,-75.64245,1251,81.0,79.9,82.3,54.6,63.1,0.000,0.000,0.00,0.000,4.7,8.8,1.5,169,16,5.2,10.7,1.8,166,17,4.7,8.8,1.5,169,16,790,28.81,,0,0,0,69.3,65.2,64.1,0.26,0.27,0.27
MORR,2017-08-21 13:40:00 EDT,42.88392,-75.64245,1251,80.6,79.9,81.5,51.6,61.1,0.000,0.000,0.00,0.000,5.4,8.5,1.5,192,15,5.7,9.2,1.8,189,14,5.4,8.5,1.5,192,15,739,28.81,,0,0,0,69.3,65.3,64.2,0.26,0.27,0.27
MORR,2017-08-21 13:45:00 EDT,42.88392,-75.64245,1251,80.4,79.8,81.2,49.9,60.0,0.000,0.000,0.00,0.000,5.6,11.4,2.3,202,22,6.3,11.8,2.3,201,21,5.6,11.4,2.3,202,22,724,28.81,,0,0,0,69.6,65.3,64.1,0.26,0.27,0.27
MORR,2017-08-21 13:50:00 EDT,42.88392,-75.64245,1251,80.6,80.0,81.5,51.5,61.1,0.000,0.000,0.00,0.000,5.1,9.4,2.2,195,20,5.7,10.3,2.4,193,18,5.1,9.4,2.2,195,20,659,28.81,,0,0,0,69.6,65.2,64.2,0.26,0.27,0.27
MORR,2017-08-21 13:55:00 EDT,42.88392,-75.64245,1251,80.8,80.3,81.7,51.0,61.0,0.000,0.000,0.00,0.000,3.0,9.2,1.9,233,34,3.7,9.8,2.1,232,33,3.0,9.2,1.9,233,34,613,28.81,,0,0,0,69.6,65.5,64.1,0.26,0.27,0.27
MORR,2017-08-21 14:00:00 EDT,42.88392,-75.64245,1251,80.3,79.9,81.1,50.3,60.1,0.000,0.000,0.00,0.000,5.0,9.0,1.8,240,23,5.4,9.0,1.9,238,25,5.0,9.0,1.8,240,23,546,28.81,,0,0,0,69.6,65.4,64.2,0.26,0.27,0.27
MORR,2017-08-21 14:05:00 EDT,42.88392,-75.64245,1251,80.0,79.8,80.9,50.8,60.2,0.000,0.000,0.00,0.000,4.0,6.4,1.1,240,17,4.4,7.5,1.2,241,17,4.0,6.4,1.1,240,17,475,28.81,,0,0,0,69.8,65.2,64.2,0.26,0.27,0.27
MORR,2017-08-21 14:10:00 EDT,42.88392,-75.64245,1251,79.8,79.6,79.8,50.9,60.0,0.000,0.000,0.00,0.000,2.9,5.8,1.0,236,24,3.1,6.5,1.1,235,24,2.9,5.8,1.0,236,24,416,28.80,,0,0,0,70.0,65.3,64.1,0.26,0.27,0.27
MORR,2017-08-21 14:15:00 EDT,42.88392,-75.64245,1251,80.3,80.0,81.7,55.9,63.2,0.000,0.000,0.00,0.000,4.9,11.1,2.8,168,15,5.4,11.4,3.0,164,16,4.9,11.1,2.8,168,15,383,28.80,,0,0,0,70.0,65.3,64.1,0.26,0.27,0.27
MORR,2017-08-21 14:20:00 EDT,42.88392,-75.64245,1251,79.6,79.6,79.6,53.9,61.5,0.000,0.000,0.00,0.000,6.7,9.5,1.3,183,9,7.3,11.2,1.5,181,9,6.7,9.5,1.3,183,9,333,28.80,,0,0,0,70.0,65.3,64.2,0.26,0.27,0.27
MORR,2017-08-21 14:25:00 EDT,42.88392,-75.64245,1251,79.1,79.2,79.1,56.5,62.3,0.000,0.000,0.00,0.000,7.9,10.7,1.3,173,7,8.5,12.2,1.6,172,7,7.9,10.7,1.3,173,7,296,28.80,,0,0,0,70.0,65.2,64.1,0.26,0.27,0.27
MORR,2017-08-21 14:30:00 EDT,42.88392,-75.64245,1251,78.6,79.0,78.6,58.1,62.6,0.000,0.000,0.00,0.000,6.1,10.2,1.5,170,11,6.6,10.9,1.8,168,11,6.1,10.2,1.5,170,11,212,28.79,,0,0,0,70.0,65.3,64.1,0.26,0.27,0.27
MORR,2017-08-21 14:35:00 EDT,42.88392,-75.64245,1251,78.3,78.7,78.3,59.4,63.0,0.000,0.000,0.00,0.000,4.7,9.1,1.5,172,10,5.1,10.0,1.7,171,10,4.7,9.1,1.5,172,10,183,28.79,,0,0,0,70.0,65.5,64.1,0.26,0.27,0.27
MORR,2017-08-21 14:40:00 EDT,42.88392,-75.64245,1251,78.5,78.6,78.5,60.0,63.4,0.000,0.000,0.00,0.000,3.9,5.9,1.0,193,13,4.2,6.2,1.1,191,12,3.9,5.9,1.0,193,13,232,28.79,,0,0,0,70.2,65.4,64.1,0.26,0.27,0.27
MORR,2017-08-21 14:45:00 EDT,42.88392,-75.64245,1251,78.4,78.6,78.4,59.0,62.9,0.000,0.000,0.00,0.000,3.0,5.7,1.1,193,15,3.5,6.5,1.2,190,14,3.0,5.7,1.1,193,15,225,28.79,,0,0,0,70.2,65.2,64.2,0.26,0.27,0.27
MORR,2017-08-21 14:50:00 EDT,42.88392,-75.64245,1251,78.0,78.2,78.0,65.6,65.6,0.000,0.000,0.00,0.000,3.3,5.1,1.0,166,9,3.8,5.9,1.1,163,10,3.3,5.1,1.0,166,9,224,28.79,,0,0,0,70.3,65.3,64.1,0.26,0.27,0.27
MORR,2017-08-21 14:55:00 EDT,42.88392,-75.64245,1251,78.1,78.2,78.1,62.8,64.4,0.000,0.000,0.00,0.000,5.7,7.9,0.9,178,8,6.2,9.1,1.1,175,7,5.7,7.9,0.9,178,8,259,28.79,,0,0,0,70.3,65.3,64.1,0.26,0.27,0.27
MORR,2017-08-21 15:00:00 EDT,42.88392,-75.64245,1251,78.1,78.2,78.1,63.7,64.8,0.000,0.000,0.00,0.000,5.3,7.2,0.9,174,9,5.8,7.9,1.1,171,8,5.3,7.2,0.9,174,9,285,28.79,,0,0,0,70.3,65.2,64.1,0.26,0.27,0.27
MORR,2017-08-21 15:05:00 EDT,42.88392,-75.64245,1251,78.4,78.3,78.4,63.0,64.8,0.000,0.000,0.00,0.000,4.3,6.3,0.8,173,9,4.8,7.0,1.0,171,8,4.3,6.3,0.8,173,9,321,28.79,,0,0,0,70.3,65.4,64.1,0.26,0.27,0.27
MORR,2017-08-21 15:10:00 EDT,42.88392,-75.64245,1251,78.7,78.5,78.7,60.9,64.0,0.000,0.000,0.00,0.000,6.1,9.2,1.4,181,11,6.8,10.9,1.6,179,9,6.1,9.2,1.4,181,11,357,28.79,,0,0,0,70.3,65.4,64.1,0.26,0.27,0.27
MORR,2017-08-21 15:15:00 EDT,42.88392,-75.64245,1251,78.9,78.7,78.9,63.3,65.4,0.000,0.000,0.00,0.000,6.0,11.5,2.0,170,12,6.5,12.5,2.1,167,12,6.0,11.5,2.0,170,12,366,28.79,,0,0,0,70.3,65.3,64.0,0.26,0.27,0.27
MORR,2017-08-21 15:20:00 EDT,42.88392,-75.64245,1251,79.1,78.8,79.1,61.4,64.7,0.000,0.000,0.00,0.000,6.3,9.4,1.2,174,13,6.9,12.5,1.5,173,13,6.3,9.4,1.2,174,13,434,28.78,,0,0,0,70.3,65.3,64.0,0.26,0.27,0.27
MORR,2017-08-21 15:25:00 EDT,42.88392,-75.64245,1251,79.4,79.0,79.4,60.1,64.4,0.000,0.000,0.00,0.000,6.9,10.0,1.2,179,13,7.3,10.8,1.4,177,12,6.9,10.0,1.2,179,13,465,28.79,,0,0,0,70.3,65.4,64.1,0.26,0.27,0.27
MORR,2017-08-21 15:30:00 EDT,42.88392,-75.64245,1251,79.4,79.0,79.4,57.3,63.0,0.000,0.000,0.00,0.000,7.4,12.3,2.0,189,12,8.1,13.0,2.2,186,10,7.4,12.3,2.0,189,12,508,28.79,,0,0,0,70.3,65.4,64.1,0.25,0.27,0.27
MORR,2017-08-21 15:35:00 EDT,42.88392,-75.64245,1251,79.4,79.1,79.4,57.9,63.2,0.000,0.000,0.00,0.000,8.5,12.1,1.6,179,9,9.4,14.0,1.9,178,10,8.5,12.1,1.6,179,9,540,28.78,,0,0,0,70.3,65.5,64.1,0.25,0.27,0.27
MORR,2017-08-21 15:40:00 EDT,42.88392,-75.64245,1251,79.6,79.1,79.6,59.0,64.1,0.000,0.000,0.00,0.000,8.1,14.0,2.3,185,18,8.8,15.0,2.4,183,16,8.1,14.0,2.3,185,18,497,28.78,,0,0,0,70.3,65.4,64.0,0.25,0.27,0.27
MORR,2017-08-21 15:45:00 EDT,42.88392,-75.64245,1251,79.3,79.1,79.3,58.8,63.7,0.000,0.000,0.00,0.000,6.6,11.5,1.6,175,14,7.3,13.8,1.8,174,13,6.6,11.5,1.6,175,14,354,28.78,,0,0,0,70.3,65.5,64.1,0.25,0.27,0.27
MORR,2017-08-21 15:50:00 EDT,42.88392,-75.64245,1251,79.0,78.7,79.0,59.8,63.8,0.000,0.000,0.00,0.000,8.0,11.9,1.7,179,9,8.7,13.6,1.8,177,8,8.0,11.9,1.7,179,9,502,28.78,,0,0,0,70.2,65.4,64.0,0.25,0.27,0.27
MORR,2017-08-21 15:55:00 EDT,42.88392,-75.64245,1251,80.1,79.5,81.8,58.7,64.3,0.000,0.000,0.00,0.000,5.9,10.3,2.2,193,18,6.6,11.5,2.4,190,16,5.9,10.3,2.2,193,18,678,28.78,,0,0,0,70.2,65.5,64.1,0.25,0.27,0.27
MORR,2017-08-21 16:00:00 EDT,42.88392,-75.64245,1251,80.5,79.9,82.3,58.5,64.6,0.000,0.000,0.00,0.000,5.7,9.6,1.8,186,17,6.2,10.4,2.0,184,15,5.7,9.6,1.8,186,17,591,28.78,,0,0,0,70.3,65.4,64.0,0.25,0.27,0.27
MORR,2017-08-21 16:05:00 EDT,42.88392,-75.64245,1251,80.5,79.9,82.0,56.6,63.7,0.000,0.000,0.00,0.000,6.7,14.5,2.5,198,29,7.3,15.6,2.6,197,29,6.7,14.5,2.5,198,29,589,28.78,,0,0,0,70.3,65.5,64.1,0.25,0.27,0.27
MORR,2017-08-21 16:10:00 EDT,42.88392,-75.64245,1251,80.4,80.0,81.9,56.8,63.7,0.000,0.000,0.00,0.000,6.2,11.5,2.3,198,29,6.8,14.0,2.6,195,27,6.2,11.5,2.3,198,29,582,28.78,,0,0,0,70.3,65.5,64.0,0.25,0.27,0.27
MORR,2017-08-21 16:15:00 EDT,42.88392,-75.64245,1251,80.6,79.9,82.4,58.6,64.8,0.000,0.000,0.00,0.000,8.2,12.5,1.8,177,14,8.9,13.8,1.9,175,15,8.2,12.5,1.8,177,14,564,28.77,,0,0,0,70.3,65.5,64.0,0.25,0.27,0.27
MORR,2017-08-21 16:20:00 EDT,42.88392,-75.64245,1251,80.8,80.3,82.4,57.4,64.3,0.000,0.000,0.00,0.000,4.6,7.9,1.7,205,22,5.0,10.0,1.9,204,23,4.6,7.9,1.7,205,22,548,28.77,,0,0,0,70.3,65.6,64.1,0.25,0.27,0.27
MORR,2017-08-21 16:25:00 EDT,42.88392,-75.64245,1251,80.5,80.2,82.3,58.7,64.7,0.000,0.000,0.00,0.000,5.7,11.9,2.8,188,21,6.2,13.6,2.9,185,22,5.7,11.9,2.8,188,21,533,28.77,,0,0,0,70.3,65.7,64.1,0.25,0.27,0.27
MORR,2017-08-21 16:30:00 EDT,42.88392,-75.64245,1251,80.6,80.2,82.5,59.7,65.3,0.000,0.000,0.00,0.000,6.2,9.8,1.3,186,17,7.1,10.7,1.3,183,16,6.2,9.8,1.3,186,17,528,28.77,,0,0,0,70.3,65.6,64.1,0.25,0.27,0.27
MORR,2017-08-21 16:35:00 EDT,42.88392,-75.64245,1251,80.7,80.0,82.7,60.0,65.6,0.000,0.000,0.00,0.000,7.6,12.4,1.9,173,12,8.2,13.7,2.0,171,11,7.6,12.4,1.9,173,12,520,28.77,,0,0,0,70.3,65.6,64.1,0.25,0.27,0.27
MORR,2017-08-21 16:40:00 EDT,42.88392,-75.64245,1251,80.7,80.2,82.7,59.7,65.4,0.000,0.000,0.00,0.000,8.1,11.3,1.9,174,10,8.8,12.4,2.0,172,8,8.1,11.3,1.9,174,10,514,28.77,,0,0,0,70.3,65.7,64.0,0.25,0.27,0.27
MORR,2017-08-21 16:45:00 EDT,42.88392,-75.64245,1251,80.2,79.8,81.8,57.9,64.1,0.000,0.000,0.00,0.000,5.6,9.9,1.9,209,19,6.0,10.4,1.8,207,19,5.6,9.9,1.9,209,19,503,28.78,,0,0,0,70.3,65.8,64.0,0.25,0.27,0.27
MORR,2017-08-21 16:50:00 EDT,42.88392,-75.64245,1251,79.9,79.5,79.9,60.0,64.7,0.000,0.000,0.00,0.000,7.9,13.7,2.4,178,9,8.6,13.8,2.5,176,8,7.9,13.7,2.4,178,9,331,28.77,,0,0,0,70.3,65.8,64.0,0.25,0.27,0.27
MORR,2017-08-21 16:55:00 EDT,42.88392,-75.64245,1251,79.0,79.0,79.0,61.1,64.4,0.000,0.000,0.00,0.000,5.3,10.2,1.8,187,12,5.8,10.4,2.0,184,11,5.3,10.2,1.8,187,12,235,28.77,,0,0,0,70.3,65.9,64.0,0.25,0.27,0.27
MORR,2017-08-21 17:00:00 EDT,42.88392,-75.64245,1251,78.6,78.7,78.6,60.6,63.9,0.000,0.000,0.00,0.000,4.1,7.6,1.4,197,22,4.5,8.7,1.6,193,20,4.1,7.6,1.4,197,22,307,28.77,,0,0,0,70.3,65.9,64.1,0.25,0.27,0.27
MORR,2017-08-21 17:05:00 EDT,42.88392,-75.64245,1251,79.2,79.1,79.2,61.0,64.6,0.000,0.000,0.00,0.000,2.9,7.0,1.2,192,23,3.2,7.5,1.3,190,21,2.9,7.0,1.2,192,23,418,28.78,,0,0,0,70.3,65.8,64.1,0.25,0.27,0.27
MORR,2017-08-21 17:10:00 EDT,42.88392,-75.64245,1251,79.6,79.3,79.6,61.6,65.3,0.000,0.000,0.00,0.000,3.9,6.5,1.0,178,16,4.2,7.7,1.3,174,17,3.9,6.5,1.0,178,16,453,28.77,,0,0,0,70.3,65.9,64.0,0.25,0.27,0.27
MORR,2017-08-21 17:15:00 EDT,42.88392,-75.64245,1251,79.8,79.3,79.8,60.7,65.0,0.000,0.000,0.00,0.000,5.1,6.6,1.0,179,14,5.6,7.7,1.2,177,12,5.1,6.6,1.0,179,14,434,28.77,,0,0,0,70.3,65.9,64.1,0.25,0.27,0.27
MORR,2017-08-21 17:20:00 EDT,42.88392,-75.64245,1251,79.6,79.3,79.6,60.0,64.5,0.000,0.000,0.00,0.000,5.2,8.1,1.5,187,16,5.7,9.3,1.8,185,15,5.2,8.1,1.5,187,16,404,28.77,,0,0,0,70.3,65.9,64.1,0.25,0.27,0.27
MORR,2017-08-21 17:25:00 EDT,42.88392,-75.64245,1251,79.8,79.6,79.8,62.2,65.7,0.000,0.000,0.00,0.000,4.0,6.3,1.2,163,14,4.4,7.2,1.4,160,14,4.0,6.3,1.2,163,14,372,28.77,,0,0,0,70.3,65.9,64.0,0.25,0.27,0.27
MORR,2017-08-21 17:30:00 EDT,42.88392,-75.64245,1251,80.0,79.7,80.0,62.0,65.8,0.000,0.000,0.00,0.000,3.6,5.6,1.0,141,11,3.6,6.0,1.1,138,10,3.6,5.6,1.0,141,11,355,28.77,,0,0,0,70.3,65.9,64.0,0.25,0.27,0.27
MORR,2017-08-21 17:35:00 EDT,42.88392,-75.64245,1251,80.0,79.6,80.0,63.8,66.6,0.000,0.000,0.00,0.000,3.5,6.1,1.1,150,15,3.7,6.7,1.3,147,15,3.5,6.1,1.1,150,15,339,28.77,,0,0,0,70.3,65.9,64.1,0.26,0.27,0.27
MORR,2017-08-21 17:40:00 EDT,42.88392,-75.64245,1251,79.9,79.7,79.9,65.3,67.2,0.000,0.000,0.00,0.000,3.5,5.5,0.6,159,15,3.8,5.9,0.7,155,15,3.5,5.5,0.6,159,15,324,28.76,,0,0,0,70.3,65.9,64.0,0.25,0.27,0.27
MORR,2017-08-21 17:45:00 EDT,42.88392,-75.64245,1251,80.1,80.0,82.3,63.3,66.5,0.000,0.000,0.00,0.000,3.0,7.4,1.9,190,29,3.7,7.3,1.8,185,31,3.0,7.4,1.9,190,29,311,28.76,,0,0,0,70.3,65.9,64.1,0.25,0.27,0.26
MORR,2017-08-21 17:50:00 EDT,42.88392,-75.64245,1251,80.3,80.2,82.4,61.8,66.0,0.000,0.000,0.00,0.000,4.2,9.6,1.9,192,25,4.6,10.0,1.9,188,25,4.2,9.6,1.9,192,25,297,28.76,,0,0,0,70.3,65.9,64.1,0.25,0.27,0.27
MORR,2017-08-21 17:55:00 EDT,42.88392,-75.64245,1251,80.0,80.0,81.9,61.0,65.3,0.000,0.000,0.00,0.000,4.0,6.6,1.4,190,15,4.4,7.9,1.6,187,14,4.0,6.6,1.4,190,15,283,28.76,,0,0,0,70.3,65.9,64.1,0.25,0.27,0.27
MORR,2017-08-21 18:00:00 EDT,42.88392,-75.64245,1251,80.0,80.0,80.0,61.9,65.7,0.000,0.000,0.00,0.000,4.4,8.2,1.9,190,17,4.6,9.4,2.1,189,18,4.4,8.2,1.9,190,17,269,28.76,,0,0,0,70.3,65.9,64.0,0.25,0.27,0.27
MORR,2017-08-21 18:05:00 EDT,42.88392,-75.64245,1251,79.9,80.0,79.9,61.6,65.5,0.000,0.000,0.00,0.000,4.4,6.1,0.9,194,11,4.9,6.7,1.0,191,10,4.4,6.1,0.9,194,11,257,28.76,,0,0,0,70.3,65.9,64.0,0.25,0.27,0.26
MORR,2017-08-21 18:10:00 EDT,42.88392,-75.64245,1251,79.8,79.9,79.8,61.8,65.6,0.000,0.000,0.00,0.000,4.0,7.6,1.4,197,16,4.4,8.1,1.5,194,15,4.0,7.6,1.4,197,16,244,28.76,,0,0,0,70.3,65.9,64.1,0.25,0.27,0.27
MORR,2017-08-21 18:15:00 EDT,42.88392,-75.64245,1251,79.6,79.7,79.6,63.3,66.1,0.000,0.000,0.00,0.000,5.3,8.9,1.3,187,17,5.8,10.8,1.6,185,16,5.3,8.9,1.3,187,17,230,28.76,,0,0,0,70.3,65.9,64.0,0.25,0.27,0.27
MORR,2017-08-21 18:20:00 EDT,42.88392,-75.64245,1251,79.4,79.5,79.4,63.8,66.0,0.000,0.000,0.00,0.000,4.0,9.1,2.0,206,19,4.4,9.3,2.0,204,17,4.0,9.1,2.0,206,19,214,28.76,,0,0,0,70.2,65.9,64.0,0.25,0.27,0.27
MORR,2017-08-21 18:25:00 EDT,42.88392,-75.64245,1251,79.2,79.3,79.2,65.1,66.4,0.000,0.000,0.00,0.000,2.9,6.1,1.1,188,17,3.4,7.1,1.2,184,17,2.9,6.1,1.1,188,17,198,28.76,,0,0,0,70.1,65.8,64.0,0.25,0.27,0.27
MORR,2017-08-21 18:30:00 EDT,42.88392,-75.64245,1251,79.0,79.2,79.0,66.3,66.8,0.000,0.000,0.00,0.000,4.3,7.1,1.1,174,14,4.7,8.0,1.3,171,12,4.3,7.1,1.1,174,14,185,28.76,,0,0,0,70.1,65.9,64.0,0.25,0.27,0.26
MORR,2017-08-21 18:35:00 EDT,42.88392,-75.64245,1251,78.8,79.1,78.8,67.4,67.1,0.000,0.000,0.00,0.000,4.5,6.6,1.0,175,11,4.9,7.5,1.1,172,10,4.5,6.6,1.0,175,11,167,28.76,,0,0,0,70.0,65.9,64.0,0.25,0.27,0.26
MORR,2017-08-21 18:40:00 EDT,42.88392,-75.64245,1251,78.5,78.9,78.5,68.9,67.4,0.000,0.000,0.00,0.000,4.2,5.8,0.7,172,12,4.6,6.2,0.8,169,11,4.2,5.8,0.7,172,12,153,28.76,,0,0,0,70.0,65.9,64.0,0.25,0.27,0.26
MORR,2017-08-21 18:45:00 EDT,42.88392,-75.64245,1251,78.3,78.7,78.3,70.7,67.9,0.000,0.000,0.00,0.000,3.3,4.6,0.5,175,11,3.6,5.4,0.5,173,12,3.3,4.6,0.5,175,11,137,28.76,,0,0,0,70.0,66.0,64.0,0.25,0.27,0.27
MORR,2017-08-21 18:50:00 EDT,42.88392,-75.64245,1251,78.0,78.7,78.0,71.0,67.8,0.000,0.000,0.00,0.000,3.7,5.3,0.8,166,12,4.1,6.0,1.1,163,13,3.7,5.3,0.8,166,12,123,28.76,,0,0,0,70.0,65.9,64.0,0.25,0.27,0.27
MORR,2017-08-21 18:55:00 EDT,42.88392,-75.64245,1251,77.7,78.3,77.7,71.7,67.8,0.000,0.000,0.00,0.000,3.3,4.7,0.7,170,11,3.6,5.8,0.9,167,13,3.3,4.7,0.7,170,11,86,28.76,,0,0,0,70.0,66.0,64.1,0.25,0.27,0.27
MORR,2017-08-21 19:00:00 EDT,42.88392,-75.64245,1251,77.4,78.1,77.4,72.5,67.9,0.000,0.000,0.00,0.000,3.7,5.7,0.8,178,6,4.1,6.5,0.9,175,7,3.7,5.7,0.8,178,6,90,28.76,,0,0,0,70.0,65.9,64.1,0.25,0.27,0.27
MORR,2017-08-21 19:05:00 EDT,42.88392,-75.64245,1251,76.9,77.6,76.9,73.9,67.9,0.000,0.000,0.00,0.000,2.1,3.7,0.9,180,11,2.4,4.6,1.0,179,11,2.1,3.7,0.9,180,11,83,28.76,,0,0,0,70.0,66.0,64.0,0.25,0.27,0.26
MORR,2017-08-21 19:10:00 EDT,42.88392,-75.64245,1251,76.5,77.4,76.5,73.9,67.5,0.000,0.000,0.00,0.000,1.1,2.0,0.5,177,16,1.5,2.2,0.5,174,20,1.1,2.0,0.5,177,16,57,28.76,,0,0,0,70.0,66.0,64.0,0.25,0.27,0.26
MORR,2017-08-21 19:15:00 EDT,42.88392,-75.64245,1251,76.0,77.4,76.0,74.9,67.4,0.000,0.000,0.00,0.000,1.4,2.5,0.5,158,10,1.6,3.0,0.6,152,15,1.4,2.5,0.5,158,10,34,28.76,,0,0,0,70.0,65.9,64.0,0.25,0.27,0.27
MORR,2017-08-21 19:20:00 EDT,42.88392,-75.64245,1251,75.2,77.1,75.2,76.4,67.3,0.000,0.000,0.00,0.000,1.6,3.3,0.6,175,16,1.8,3.8,0.6,173,21,1.6,3.3,0.6,175,16,30,28.75,,0,0,0,70.0,66.0,64.0,0.25,0.27,0.26
MORR,2017-08-21 19:25:00 EDT,42.88392,-75.64245,1251,74.6,76.2,74.6,79.2,67.7,0.000,0.000,0.00,0.000,1.9,2.6,0.3,176,4,2.3,3.1,0.3,174,7,1.9,2.6,0.3,176,4,29,28.76,,0,0,0,70.0,66.0,64.0,0.25,0.27,0.26
MORR,2017-08-21 19:30:00 EDT,42.88392,-75.64245,1251,73.9,76.1,73.9,79.6,67.2,0.000,0.000,0.00,0.000,1.1,1.8,0.3,178,0,1.4,2.1,0.3,176,11,1.1,1.8,0.3,178,0,25,28.76,,0,0,0,70.0,65.9,64.0,0.25,0.27,0.27
MORR,2017-08-21 19:35:00 EDT,42.88392,-75.64245,1251,73.0,75.6,73.0,81.3,67.0,0.000,0.000,0.00,0.000,1.0,1.9,0.6,187,7,1.5,2.4,0.5,196,10,1.0,1.9,0.6,187,7,20,28.76,,0,0,0,70.0,65.9,64.0,0.25,0.27,0.26
MORR,2017-08-21 19:40:00 EDT,42.88392,-75.64245,1251,72.4,75.3,72.4,83.7,67.2,0.000,0.000,0.00,0.000,2.7,3.7,0.6,196,5,3.0,4.4,0.6,194,6,2.7,3.7,0.6,196,5,15,28.76,,0,0,0,70.0,66.0,64.0,0.25,0.27,0.27
MORR,2017-08-21 19:45:00 EDT,42.88392,-75.64245,1251,72.8,74.9,72.8,84.0,67.7,0.000,0.000,0.00,0.000,3.2,4.2,0.6,192,9,3.6,5.2,0.7,190,9,3.2,4.2,0.6,192,9,11,28.76,,0,0,0,70.0,65.9,64.1,0.25,0.27,0.26
MORR,2017-08-21 19:50:00 EDT,42.88392,-75.64245,1251,72.9,74.6,72.9,83.6,67.6,0.000,0.000,0.00,0.000,5.3,7.8,1.2,185,6,5.7,8.9,1.3,182,5,5.3,7.8,1.2,185,6,7,28.76,,0,0,0,70.0,65.9,64.0,0.25,0.27,0.26
MORR,2017-08-21 19:55:00 EDT,42.88392,-75.64245,1251,73.5,74.5,73.5,82.2,67.7,0.000,0.000,0.00,0.000,6.3,8.0,1.0,181,8,6.9,9.3,1.2,180,6,6.3,8.0,1.0,181,8,3,28.76,,0,0,0,70.0,66.0,64.0,0.25,0.27,0.26
MORR,2017-08-21 20:00:00 EDT,42.88392,-75.64245,1251,73.4,74.2,73.4,81.2,67.3,0.000,0.000,0.00,0.000,3.4,6.2,1.2,190,9,3.7,6.9,1.4,189,10,3.4,6.2,1.2,190,9,2,28.76,,0,0,0,70.0,65.9,64.0,0.25,0.27,0.27
MORR,2017-08-21 20:05:00 EDT,42.88392,-75.64245,1251,72.6,74.0,72.6,81.1,66.5,0.000,0.000,0.00,0.000,2.8,4.1,0.8,180,16,3.2,5.5,0.9,177,15,2.8,4.1,0.8,180,16,1,28.76,,0,0,0,70.0,66.0,64.0,0.25,0.27,0.26
MORR,2017-08-21 20:10:00 EDT,42.88392,-75.64245,1251,71.6,73.5,71.6,84.3,66.6,0.000,0.000,0.00,0.000,4.5,5.1,0.4,176,5,5.0,5.9,0.4,173,5,4.5,5.1,0.4,176,5,0,28.76,,0,0,0,70.0,66.0,64.1,0.25,0.27,0.26
MORR,2017-08-21 20:15:00 EDT,42.88392,-75.64245,1251,71.3,73.0,71.3,85.3,66.7,0.000,0.000,0.00,0.000,3.1,4.1,0.5,191,12,3.3,4.5,0.8,190,13,3.1,4.1,0.5,191,12,0,28.76,,0,0,0,69.9,66.0,64.1,0.25,0.27,0.27
MORR,2017-08-21 20:20:00 EDT,42.88392,-75.64245,1251,72.3,73.5,72.3,80.5,66.0,0.000,0.000,0.00,0.000,2.3,5.2,0.9,204,22,2.7,6.1,1.1,202,20,2.3,5.2,0.9,204,22,0,28.76,,0,0,0,69.7,66.0,64.1,0.25,0.27,0.26
MORR,2017-08-21 20:25:00 EDT,42.88392,-75.64245,1251,72.0,73.2,72.0,78.8,65.1,0.000,0.000,0.00,0.000,4.2,6.1,0.6,187,8,4.6,6.7,0.8,186,8,4.2,6.1,0.6,187,8,0,28.76,,0,0,0,69.6,66.0,64.1,0.25,0.27,0.26
MORR,2017-08-21 20:30:00 EDT,42.88392,-75.64245,1251,71.9,72.9,71.9,78.1,64.7,0.000,0.000,0.00,0.000,3.2,5.6,1.0,204,19,3.5,7.4,1.2,200,21,3.2,5.6,1.0,204,19,0,28.76,,0,0,0,69.6,66.0,64.0,0.25,0.27,0.26
MORR,2017-08-21 20:35:00 EDT,42.88392,-75.64245,1251,72.3,72.9,72.3,74.9,63.9,0.000,0.000,0.00,0.000,3.3,6.6,1.5,223,23,3.6,7.8,1.6,221,23,3.3,6.6,1.5,223,23,0,28.76,,0,0,0,69.6,66.0,64.1,0.25,0.27,0.27
MORR,2017-08-21 20:40:00 EDT,42.88392,-75.64245,1251,72.3,72.7,72.3,74.1,63.6,0.000,0.000,0.00,0.000,2.8,5.4,1.2,208,20,3.2,6.4,1.6,206,17,2.8,5.4,1.2,208,20,0,28.76,,0,0,0,69.6,66.0,64.0,0.25,0.27,0.26
MORR,2017-08-21 20:45:00 EDT,42.88392,-75.64245,1251,72.1,72.6,72.1,74.9,63.8,0.000,0.000,0.00,0.000,2.7,8.5,1.3,221,26,3.1,9.0,1.6,221,27,2.7,8.5,1.3,221,26,0,28.76,,0,0,0,69.6,66.0,64.1,0.25,0.27,0.26
MORR,2017-08-21 20:50:00 EDT,42.88392,-75.64245,1251,71.8,72.3,71.8,75.3,63.6,0.000,0.000,0.00,0.000,2.0,5.2,1.1,221,28,2.4,6.4,1.3,218,30,2.0,5.2,1.1,221,28,0,28.76,,0,0,0,69.6,66.1,64.0,0.25,0.27,0.27
MORR,2017-08-21 20:55:00 EDT,42.88392,-75.64245,1251,71.5,72.1,71.5,75.8,63.4,0.000,0.000,0.00,0.000,2.8,6.9,1.7,246,20,3.3,6.8,1.6,247,23,2.8,6.9,1.7,246,20,0,28.76,,0,0,0,69.6,66.1,64.1,0.25,0.27,0.26
MORR,2017-08-21 21:00:00 EDT,42.88392,-75.64245,1251,71.4,71.9,71.4,76.4,63.5,0.000,0.000,0.00,0.000,1.7,4.7,1.0,224,27,2.1,4.4,0.9,220,32,1.7,4.7,1.0,224,27,0,28.76,,0,0,0,69.6,66.1,64.0,0.25,0.27,0.26
MORR,2017-08-21 21:05:00 EDT,42.88392,-75.64245,1251,71.1,72.0,71.1,76.6,63.4,0.000,0.000,0.00,0.000,2.7,5.0,0.9,196,27,3.2,5.9,1.0,195,28,2.7,5.0,0.9,196,27,0,28.76,,0,0,0,69.6,66.1,64.0,0.25,0.27,0.26
MORR,2017-08-21 21:10:00 EDT,42.88392,-75.64245,1251,70.6,71.7,70.6,77.8,63.3,0.000,0.000,0.00,0.000,1.9,7.2,1.5,199,35,2.4,8.2,1.5,194,43,1.9,7.2,1.5,199,35,0,28.76,,0,0,0,69.5,66.1,64.1,0.25,0.27,0.26
MORR,2017-08-21 21:15:00 EDT,42.88392,-75.64245,1251,69.9,71.5,69.9,78.7,63.0,0.000,0.000,0.00,0.000,1.8,3.9,0.8,313,33,2.4,4.6,0.9,314,36,1.8,3.9,0.8,313,33,0,28.76,,0,0,0,69.3,66.1,64.0,0.25,0.27,0.26
MORR,2017-08-21 21:20:00 EDT,42.88392,-75.64245,1251,69.9,71.4,69.9,80.4,63.6,0.000,0.000,0.00,0.000,1.5,3.1,0.7,307,24,2.0,3.6,0.8,309,22,1.5,3.1,0.7,307,24,0,28.76,,0,0,0,69.3,66.1,64.1,0.25,0.27,0.26
MORR,2017-08-21 21:25:00 EDT,42.88392,-75.64245,1251,68.5,70.9,68.5,81.6,62.6,0.000,0.000,0.00,0.000,1.3,2.8,0.8,59,31,1.9,3.5,0.8,55,30,1.3,2.8,0.8,59,31,0,28.76,,0,0,0,69.3,66.1,64.0,0.25,0.27,0.26
MORR,2017-08-21 21:30:00 EDT,42.88392,-75.64245,1251,67.3,69.7,67.3,84.0,62.3,0.000,0.000,0.00,0.000,2.2,3.0,0.6,39,17,2.4,3.6,0.6,34,17,2.2,3.0,0.6,39,17,0,28.76,,0,0,0,69.3,66.1,64.0,0.25,0.27,0.26
MORR,2017-08-21 21:35:00 EDT,42.88392,-75.64245,1251,66.3,68.6,66.3,87.1,62.3,0.000,0.000,0.00,0.000,1.6,3.2,0.9,119,30,1.7,3.3,0.9,112,31,1.6,3.2,0.9,119,30,0,28.76,,0,0,0,69.3,66.2,64.0,0.25,0.27,0.27
MORR,2017-08-21 21:40:00 EDT,42.88392,-75.64245,1251,66.6,67.8,66.6,88.6,63.1,0.000,0.000,0.00,0.000,0.3,1.2,0.4,112,3,0.7,1.6,0.6,75,31,0.3,1.2,0.4,112,3,0,28.76,,0,0,0,69.3,66.2,64.0,0.25,0.27,0.26
MORR,2017-08-21 21:45:00 EDT,42.88392,-75.64245,1251,66.5,68.2,66.5,88.8,63.1,0.000,0.000,0.00,0.000,1.4,2.3,0.4,354,12,1.9,3.1,0.4,354,13,1.4,2.3,0.4,354,12,0,28.76,,0,0,0,69.3,66.2,64.1,0.25,0.27,0.26
MORR,2017-08-21 21:50:00 EDT,42.88392,-75.64245,1251,67.2,68.7,67.2,87.8,63.5,0.000,0.000,0.00,0.000,1.8,2.3,0.3,3,27,2.1,3.1,0.4,2,26,1.8,2.3,0.3,3,27,0,28.76,,0,0,0,69.3,66.3,64.1,0.25,0.27,0.26
MORR,2017-08-21 21:55:00 EDT,42.88392,-75.64245,1251,67.4,69.0,67.4,86.2,63.1,0.000,0.000,0.00,0.000,1.7,3.5,0.7,14,23,2.0,4.3,0.9,16,21,1.7,3.5,0.7,14,23,0,28.76,,0,0,0,69.3,66.2,64.1,0.25,0.27,0.26
MORR,2017-08-21 22:00:00 EDT,42.88392,-75.64245,1251,67.6,70.0,67.6,85.2,63.0,0.000,0.000,0.00,0.000,1.2,3.9,1.0,260,46,1.6,4.9,1.0,258,51,1.2,3.9,1.0,260,46,0,28.76,,0,0,0,69.2,66.2,64.0,0.25,0.27,0.26
MORR,2017-08-21 22:05:00 EDT,42.88392,-75.64245,1251,67.6,70.1,67.6,84.2,62.7,0.000,0.000,0.00,0.000,1.2,2.8,0.8,121,46,1.8,4.0,0.9,128,52,1.2,2.8,0.8,121,46,0,28.76,,0,0,0,69.2,66.1,64.0,0.25,0.27,0.26
MORR,2017-08-21 22:10:00 EDT,42.88392,-75.64245,1251,65.9,69.1,65.9,86.2,61.6,0.000,0.000,0.00,0.000,0.9,2.5,0.6,84,31,1.5,4.1,0.8,79,33,0.9,2.5,0.6,84,31,0,28.76,,0,0,0,68.9,66.2,64.1,0.25,0.27,0.26
MORR,2017-08-21 22:15:00 EDT,42.88392,-75.64245,1251,65.9,68.7,65.9,87.5,62.1,0.000,0.000,0.00,0.000,1.2,2.4,0.6,118,25,1.5,2.7,0.7,113,24,1.2,2.4,0.6,118,25,0,28.76,,0,0,0,68.9,66.1,64.1,0.25,0.27,0.27
MORR,2017-08-21 22:20:00 EDT,42.88392,-75.64245,1251,66.1,68.8,66.1,88.2,62.6,0.000,0.000,0.00,0.000,0.8,5.3,1.1,217,52,1.4,8.4,1.4,327,71,0.8,5.3,1.1,217,52,0,28.76,,0,0,0,68.9,66.1,64.1,0.25,0.27,0.27
MORR,2017-08-21 22:25:00 EDT,42.88392,-75.64245,1251,68.2,70.2,68.2,84.6,63.4,0.000,0.000,0.00,0.000,1.2,5.0,1.1,219,57,1.7,7.0,1.2,209,66,1.2,5.0,1.1,219,57,0,28.76,,0,0,0,68.9,66.2,64.0,0.25,0.27,0.27
MORR,2017-08-21 22:30:00 EDT,42.88392,-75.64245,1251,67.6,69.8,67.6,84.6,62.8,0.000,0.000,0.00,0.000,1.5,3.2,0.8,127,55,2.1,4.6,0.9,105,60,1.5,3.2,0.8,127,55,0,28.76,,0,0,0,68.9,66.1,64.0,0.25,0.27,0.27
MORR,2017-08-21 22:35:00 EDT,42.88392,-75.64245,1251,67.8,69.9,67.8,83.4,62.6,0.000,0.000,0.00,0.000,1.6,4.4,1.2,148,39,2.0,5.5,1.4,143,43,1.6,4.4,1.2,148,39,0,28.76,,0,0,0,68.9,66.1,64.0,0.25,0.27,0.26
MORR,2017-08-21 22:40:00 EDT,42.88392,-75.64245,1251,66.4,69.2,66.4,84.8,61.7,0.000,0.000,0.00,0.000,1.6,3.3,0.8,79,30,2.0,4.0,0.8,75,34,1.6,3.3,0.8,79,30,0,28.76,,0,0,0,68.9,66.2,64.1,0.25,0.27,0.26
MORR,2017-08-21 22:45:00 EDT,42.88392,-75.64245,1251,65.8,69.3,65.8,86.7,61.7,0.000,0.000,0.00,0.000,2.3,4.1,0.8,75,23,2.8,4.9,0.8,72,22,2.3,4.1,0.8,75,23,0,28.76,,0,0,0,68.9,66.1,64.1,0.25,0.27,0.26
MORR,2017-08-21 22:50:00 EDT,42.88392,-75.64245,1251,65.7,68.5,65.7,88.1,62.1,0.000,0.000,0.00,0.000,2.3,3.5,0.7,126,24,2.5,4.2,0.7,124,25,2.3,3.5,0.7,126,24,0,28.76,,0,0,0,68.7,66.2,64.0,0.25,0.27,0.26
MORR,2017-08-21 22:55:00 EDT,42.88392,-75.64245,1251,65.2,67.9,65.2,88.3,61.7,0.000,0.000,0.00,0.000,3.3,5.5,0.8,134,12,3.5,6.0,1.0,131,11,3.3,5.5,0.8,134,12,0,28.76,,0,0,0,68.5,66.2,64.0,0.25,0.27,0.26
MORR,2017-08-21 23:00:00 EDT,42.88392,-75.64245,1251,65.3,67.2,65.3,89.7,62.1,0.000,0.000,0.00,0.000,1.8,4.5,1.5,128,14,2.1,5.4,1.5,125,27,1.8,4.5,1.5,128,14,0,28.76,,0,0,0,68.5,66.2,64.1,0.25,0.27,0.27
MORR,2017-08-21 23:05:00 EDT,42.88392,-75.64245,1251,65.4,66.4,65.4,90.0,62.4,0.000,0.000,0.00,0.000,1.4,2.7,0.7,90,36,1.7,3.5,0.7,86,37,1.4,2.7,0.7,90,36,0,28.76,,0,0,0,68.5,66.2,64.1,0.25,0.27,0.26
MORR,2017-08-21 23:10:00 EDT,42.88392,-75.64245,1251,65.5,67.1,65.5,90.1,62.5,0.000,0.000,0.00,0.000,1.2,2.5,0.5,100,33,1.6,3.1,0.5,92,35,1.2,2.5,0.5,100,33,0,28.75,,0,0,0,68.5,66.2,64.0,0.25,0.27,0.26
MORR,2017-08-21 23:15:00 EDT,42.88392,-75.64245,1251,64.3,67.0,64.3,90.1,61.4,0.000,0.000,0.00,0.000,1.3,2.4,0.6,59,32,1.7,3.3,0.4,57,33,1.3,2.4,0.6,59,32,0,28.76,,0,0,0,68.5,66.2,64.1,0.25,0.27,0.26
MORR,2017-08-21 23:20:00 EDT,42.88392,-75.64245,1251,64.2,66.6,64.2,92.2,61.9,0.000,0.000,0.00,0.000,1.5,2.2,0.4,49,17,1.8,2.8,0.3,45,15,1.5,2.2,0.4,49,17,0,28.76,,0,0,0,68.5,66.1,64.0,0.25,0.27,0.27
MORR,2017-08-21 23:25:00 EDT,42.88392,-75.64245,1251,64.5,67.3,64.5,93.1,62.4,0.000,0.000,0.00,0.000,1.7,2.6,0.4,45,12,1.9,2.8,0.4,40,11,1.7,2.6,0.4,45,12,0,28.76,,0,0,0,68.5,66.2,64.0,0.25,0.27,0.26
MORR,2017-08-21 23:30:00 EDT,42.88392,-75.64245,1251,64.7,66.9,64.7,91.8,62.3,0.000,0.000,0.00,0.000,1.1,2.3,0.5,63,25,1.5,2.6,0.6,57,28,1.1,2.3,0.5,63,25,0,28.76,,0,0,0,68.5,66.1,64.1,0.25,0.27,0.26
MORR,2017-08-21 23:35:00 EDT,42.88392,-75.64245,1251,64.7,66.1,64.7,92.2,62.4,0.000,0.000,0.00,0.000,0.6,2.2,0.7,78,10,0.7,2.7,0.8,75,29,0.6,2.2,0.7,78,10,0,28.76,,0,0,0,68.5,66.1,64.1,0.25,0.27,0.26
MORR,2017-08-21 23:40:00 EDT,42.88392,-75.64245,1251,64.7,66.4,64.7,92.6,62.5,0.000,0.000,0.00,0.000,0.8,1.8,0.5,123,20,1.1,2.5,0.5,120,22,0.8,1.8,0.5,123,20,0,28.75,,0,0,0,68.5,66.3,64.1,0.25,0.27,0.26
MORR,2017-08-21 23:45:00 EDT,42.88392,-75.64245,1251,63.8,65.7,63.8,92.2,61.5,0.000,0.000,0.00,0.000,1.7,2.8,0.6,145,18,1.8,2.8,0.5,143,17,1.7,2.8,0.6,145,18,0,28.75,,0,0,0,68.3,66.1,64.1,0.25,0.27,0.26
MORR,2017-08-21 23:50:00 EDT,42.88392,-75.64245,1251,63.8,65.6,63.8,93.7,62.0,0.000,0.000,0.00,0.000,1.7,2.4,0.3,159,19,1.9,2.7,0.4,157,22,1.7,2.4,0.3,159,19,0,28.75,,0,0,0,68.2,66.2,64.1,0.25,0.27,0.27
MORR,2017-08-21 23:55:00 EDT,42.88392,-75.64245,1251,64.4,65.5,64.4,94.6,62.8,0.000,0.000,0.00,0.000,1.5,2.3,0.3,165,19,1.6,2.5,0.5,162,20,1.5,2.3,0.3,165,19,0,28.75,,0,0,0,68.2,66.2,64.1,0.25,0.27,0.26
NBRA,2017-08-21 00:00:00 EDT,41.82792,-74.99689,1497,61.0,63.5,61.0,88.8,57.7,0.000,0.000,0.00,0.000,0.0,0.4,0.1,293,0,0.1,1.0,0.3,269,9,0.0,0.4,0.1,293,0,0,28.61,,0,0,0,68.5,67.8,65.8,0.37,0.41,0.42
NBRA,2017-08-21 00:05:00 EDT,41.82792,-74.99689,1497,60.7,62.8,60.7,90.7,57.9,0.000,0.000,0.00,0.000,1.5,2.6,0.8,306,9,1.6,3.0,0.8,303,8,1.5,2.6,0.8,306,9,0,28.62,,0,0,0,68.4,67.8,65.8,0.37,0.41,0.42
NBRA,2017-08-21 00:10:00 EDT,41.82792,-74.99689,1497,60.9,63.1,60.9,92.7,58.7,0.000,0.000,0.00,0.000,0.6,2.0,0.7,315,4,0.7,2.2,0.8,315,6,0.6,2.0,0.7,315,4,0,28.62,,0,0,0,68.2,67.8,65.8,0.37,0.41,0.42
NBRA,2017-08-21 00:15:00 EDT,41.82792,-74.99689,1497,61.1,63.3,61.1,91.9,58.7,0.000,0.000,0.00,0.000,0.1,0.7,0.1,315,0,0.3,1.2,0.4,299,9,0.1,0.7,0.1,315,0,0,28.62,,0,0,0,68.2,67.8,65.8,0.37,0.41,0.42
NBRA,2017-08-21 00:20:00 EDT,41.82792,-74.99689,1497,61.1,62.9,61.1,91.7,58.6,0.000,0.000,0.00,0.000,1.0,1.7,0.3,302,9,1.0,2.1,0.6,301,11,1.0,1.7,0.3,302,9,0,28.62,,0,0,0,68.2,67.8,65.8,0.37,0.41,0.42
NBRA,2017-08-21 00:25:00 EDT,41.82792,-74.99689,1497,60.8,63.4,60.8,92.1,58.5,0.000,0.000,0.00,0.000,1.2,2.1,0.6,309,3,1.4,2.4,0.6,308,4,1.2,2.1,0.6,309,3,0,28.62,,0,0,0,68.2,67.8,65.8,0.37,0.41,0.42
NBRA,2017-08-21 00:30:00 EDT,41.82792,-74.99689,1497,60.7,63.5,60.7,92.1,58.4,0.000,0.000,0.00,0.000,1.2,1.9,0.5,329,16,1.3,2.0,0.5,329,16,1.2,1.9,0.5,329,16,0,28.62,,0,0,0,68.2,67.8,65.8,0.37,0.41,0.42
NBRA,2017-08-21 00:35:00 EDT,41.82792,-74.99689,1497,60.6,63.2,60.6,91.9,58.2,0.000,0.000,0.00,0.000,1.1,2.3,0.8,309,11,1.4,2.6,0.8,308,12,1.1,2.3,0.8,309,11,0,28.62,,0,0,0,68.2,67.8,65.8,0.37,0.41,0.42
NBRA,2017-08-21 00:40:00 EDT,41.82792,-74.99689,1497,60.1,63.4,60.1,92.3,57.9,0.000,0.000,0.00,0.000,1.2,2.3,0.6,302,7,1.5,2.9,0.6,297,11,1.2,2.3,0.6,302,7,0,28.62,,0,0,0,68.0,67.8,65.8,0.37,0.41,0.42
NBRA,2017-08-21 00:45:00 EDT,41.82792,-74.99689,1497,60.3,62.3,60.3,92.6,58.2,0.000,0.000,0.00,0.000,0.9,2.4,0.8,271,21,1.1,2.9,0.9,266,24,0.9,2.4,0.8,271,21,0,28.62,,0,0,0,67.8,67.8,65.8,0.37,0.41,0.42
NBRA,2017-08-21 00:50:00 EDT,41.82792,-74.99689,1497,60.8,62.4,60.8,93.1,58.8,0.000,0.000,0.00,0.000,0.5,1.6,0.5,313,7,0.8,2.3,0.6,305,19,0.5,1.6,0.5,313,7,0,28.63,,0,0,0,67.8,67.8,65.8,0.37,0.41,0.42
NBRA,2017-08-21 00:55:00 EDT,41.82792,-74.99689,1497,60.5,62.7,60.5,92.0,58.2,0.000,0.000,0.00,0.000,1.4,2.4,0.6,330,40,1.6,2.5,0.5,326,41,1.4,2.4,0.6,330,40,0,28.63,,0,0,0,67.8,67.8,65.8,0.37,0.41,0.42
NBRA,2017-08-21 01:00:00 EDT,41.82792,-74.99689,1497,60.2,61.3,60.2,92.3,57.9,0.000,0.000,0.00,0.000,0.3,1.4,0.4,133,12,0.6,1.7,0.5,134,17,0.3,1.4,0.4,133,12,0,28.63,,0,0,0,67.8,67.8,65.8,0.37,0.41,0.42
NBRA,2017-08-21 01:05:00 EDT,41.82792,-74.99689,1497,58.9,60.4,58.9,93.3,57.0,0.000,0.000,0.00,0.000,0.2,1.1,0.4,11,28,0.4,1.5,0.5,346,32,0.2,1.1,0.4,11,28,0,28.62,,0,0,0,67.8,67.8,65.8,0.37,0.41,0.42
NBRA,2017-08-21 01:10:00 EDT,41.82792,-74.99689,1497,59.7,61.7,59.7,95.2,58.3,0.000,0.000,0.00,0.000,2.2,4.0,0.7,298,8,2.5,4.4,0.7,297,8,2.2,4.0,0.7,298,8,0,28.62,,0,0,0,67.8,67.8,65.8,0.37,0.41,0.42
NBRA,2017-08-21 01:15:00 EDT,41.82792,-74.99689,1497,60.4,62.5,60.4,93.6,58.6,0.000,0.000,0.00,0.000,3.3,3.9,0.2,296,4,3.6,4.5,0.3,296,4,3.3,3.9,0.2,296,4,0,28.62,,0,0,0,67.8,67.8,65.8,0.37,0.41,0.42
NBRA,2017-08-21 01:20:00 EDT,41.82792,-74.99689,1497,60.6,63.3,60.6,92.1,58.3,0.000,0.000,0.00,0.000,2.1,2.8,0.3,292,8,2.4,3.3,0.3,293,8,2.1,2.8,0.3,292,8,0,28.62,,0,0,0,67.8,67.8,65.8,0.37,0.41,0.42
NBRA,2017-08-21 01:25:00 EDT,41.82792,-74.99689,1497,60.1,62.7,60.1,92.6,57.9,0.000,0.000,0.00,0.000,1.7,2.6,0.3,308,12,1.9,2.7,0.3,306,9,1.7,2.6,0.3,308,12,0,28.62,,0,0,0,67.8,67.8,65.8,0.37,0.41,0.42
NBRA,2017-08-21 01:30:00 EDT,41.82792,-74.99689,1497,60.1,63.2,60.1,93.7,58.3,0.000,0.000,0.00,0.000,2.1,2.8,0.3,290,7,2.4,3.2,0.3,291,8,2.1,2.8,0.3,290,7,0,28.62,,0,0,0,67.7,67.8,65.8,0.37,0.41,0.42
NBRA,2017-08-21 01:35:00 EDT,41.82792,-74.99689,1497,60.0,63.1,60.0,93.5,58.1,0.000,0.000,0.00,0.000,1.2,2.4,0.5,259,16,1.6,2.8,0.6,256,18,1.2,2.4,0.5,259,16,0,28.62,,0,0,0,67.5,67.8,65.8,0.37,0.41,0.42
NBRA,2017-08-21 01:40:00 EDT,41.82792,-74.99689,1497,59.8,62.5,59.8,94.0,58.1,0.000,0.000,0.00,0.000,1.3,2.3,0.6,294,16,1.6,2.5,0.6,291,17,1.3,2.3,0.6,294,16,0,28.62,,0,0,0,67.5,67.8,65.8,0.37,0.41,0.42
NBRA,2017-08-21 01:45:00 EDT,41.82792,-74.99689,1497,59.6,61.9,59.6,94.5,58.0,0.000,0.000,0.00,0.000,0.5,2.1,0.7,304,7,0.6,2.6,0.8,308,13,0.5,2.1,0.7,304,7,0,28.62,,0,0,0,67.5,67.8,65.8,0.37,0.41,0.42
NBRA,2017-08-21 01:50:00 EDT,41.82792,-74.99689,1497,59.8,61.8,59.8,95.3,58.4,0.000,0.000,0.00,0.000,0.5,1.2,0.4,298,14,0.7,1.7,0.6,297,15,0.5,1.2,0.4,298,14,0,28.62,,0,0,0,67.5,67.8,65.8,0.37,0.41,0.42
NBRA,2017-08-21 01:55:00 EDT,41.82792,-74.99689,1497,59.8,61.9,59.8,95.2,58.5,0.000,0.000,0.00,0.000,0.4,1.2,0.4,296,10,0.6,1.6,0.6,298,9,0.4,1.2,0.4,296,10,0,28.62,,0,0,0,67.5,67.8,65.8,0.37,0.41,0.42
NBRA,2017-08-21 02:00:00 EDT,41.82792,-74.99689,1497,60.1,62.0,60.1,95.3,58.7,0.000,0.000,0.00,0.000,1.0,1.5,0.2,302,7,1.3,1.7,0.2,299,8,1.0,1.5,0.2,302,7,0,28.62,,0,0,0,67.5,67.8,65.8,0.37,0.41,0.42
NBRA,2017-08-21 02:05:00 EDT,41.82792,-74.99689,1497,59.9,61.5,59.9,94.9,58.4,0.000,0.000,0.00,0.000,1.0,1.6,0.3,317,28,1.3,2.2,0.4,317,29,1.0,1.6,0.3,317,28,0,28.62,,0,0,0,67.5,67.8,65.8,0.37,0.41,0.42
NBRA,2017-08-21 02:10:00 EDT,41.82792,-74.99689,1497,60.3,61.6,60.3,95.5,59.0,0.000,0.000,0.00,0.000,0.8,1.0,0.1,349,2,1.1,1.5,0.2,346,9,0.8,1.0,0.1,349,2,0,28.62,,0,0,0,67.4,67.8,65.8,0.37,0.41,0.42
NBRA,2017-08-21 02:15:00 EDT,41.82792,-74.99689,1497,60.2,61.8,60.2,95.0,58.7,0.000,0.000,0.00,0.000,0.6,1.2,0.3,330,12,0.8,1.5,0.5,323,10,0.6,1.2,0.3,330,12,0,28.62,,0,0,0,67.2,67.8,65.8,0.37,0.40,0.42
NBRA,2017-08-21 02:20:00 EDT,41.82792,-74.99689,1497,59.4,61.7,59.4,94.6,57.8,0.000,0.000,0.00,0.000,0.4,1.1,0.3,285,23,0.7,1.4,0.4,282,25,0.4,1.1,0.3,285,23,0,28.62,,0,0,0,67.1,67.8,65.8,0.37,0.40,0.42
NBRA,2017-08-21 02:25:00 EDT,41.82792,-74.99689,1497,59.3,62.1,59.3,95.5,58.0,0.000,0.000,0.00,0.000,1.6,2.5,0.6,295,12,1.9,2.9,0.6,296,13,1.6,2.5,0.6,295,12,0,28.62,,0,0,0,67.1,67.8,65.8,0.37,0.40,0.42
NBRA,2017-08-21 02:30:00 EDT,41.82792,-74.99689,1497,60.1,62.8,60.1,95.6,58.8,0.000,0.000,0.00,0.000,2.0,2.7,0.3,308,4,2.1,3.0,0.3,306,3,2.0,2.7,0.3,308,4,0,28.62,,0,0,0,67.1,67.8,65.8,0.37,0.40,0.42
NBRA,2017-08-21 02:35:00 EDT,41.82792,-74.99689,1497,60.4,62.9,60.4,94.5,58.8,0.000,0.000,0.00,0.000,1.8,2.3,0.4,314,7,1.9,2.6,0.4,311,5,1.8,2.3,0.4,314,7,0,28.62,,0,0,0,67.1,67.8,65.8,0.37,0.40,0.42
NBRA,2017-08-21 02:40:00 EDT,41.82792,-74.99689,1497,59.7,62.6,59.7,93.0,57.6,0.000,0.000,0.00,0.000,1.9,2.5,0.4,307,6,2.1,2.7,0.3,306,4,1.9,2.5,0.4,307,6,0,28.62,,0,0,0,67.1,67.8,65.8,0.37,0.40,0.42
NBRA,2017-08-21 02:45:00 EDT,41.82792,-74.99689,1497,59.9,62.7,59.9,95.4,58.6,0.000,0.000,0.00,0.000,2.1,2.6,0.3,292,6,2.4,3.2,0.4,293,8,2.1,2.6,0.3,292,6,0,28.62,,0,0,0,67.1,67.8,65.8,0.37,0.40,0.42
NBRA,2017-08-21 02:50:00 EDT,41.82792,-74.99689,1497,60.2,63.1,60.2,95.2,58.8,0.000,0.000,0.00,0.000,1.2,2.0,0.4,281,10,1.6,2.7,0.5,277,13,1.2,2.0,0.4,281,10,0,28.62,,0,0,0,67.1,67.8,65.8,0.37,0.40,0.42
NBRA,2017-08-21 02:55:00 EDT,41.82792,-74.99689,1497,60.3,62.9,60.3,95.1,58.9,0.000,0.000,0.00,0.000,1.2,2.1,0.6,295,10,1.5,2.4,0.6,292,14,1.2,2.1,0.6,295,10,0,28.62,,0,0,0,67.1,67.8,65.8,0.37,0.40,0.42
NBRA,2017-08-21 03:00:00 EDT,41.82792,-74.99689,1497,59.7,62.2,59.7,94.6,58.1,0.000,0.000,0.00,0.000,1.4,2.6,0.5,290,27,1.8,2.9,0.5,285,34,1.4,2.6,0.5,290,27,0,28.62,,0,0,0,67.1,67.8,65.8,0.37,0.40,0.42
NBRA,2017-08-21 03:05:00 EDT,41.82792,-74.99689,1497,59.9,61.1,59.9,96.1,58.8,0.000,0.000,0.00,0.000,0.8,2.0,0.7,283,26,1.0,2.3,0.7,281,30,0.8,2.0,0.7,283,26,0,28.62,,0,0,0,67.1,67.8,65.8,0.37,0.40,0.42
NBRA,2017-08-21 03:10:00 EDT,41.82792,-74.99689,1497,60.0,61.9,60.0,96.4,59.0,0.000,0.000,0.00,0.000,0.9,1.8,0.4,326,11,1.2,2.2,0.5,323,12,0.9,1.8,0.4,326,11,0,28.62,,0,0,0,67.0,67.8,65.8,0.37,0.40,0.42
NBRA,2017-08-21 03:15:00 EDT,41.82792,-74.99689,1497,60.4,62.6,60.4,96.1,59.3,0.000,0.000,0.00,0.000,1.7,2.6,0.6,305,14,2.0,2.9,0.6,305,11,1.7,2.6,0.6,305,14,0,28.62,,0,0,0,66.8,67.8,65.8,0.37,0.40,0.42
NBRA,2017-08-21 03:20:00 EDT,41.82792,-74.99689,1497,60.5,63.1,60.5,94.9,59.0,0.000,0.000,0.00,0.000,1.7,2.8,0.5,286,14,2.0,3.2,0.5,285,17,1.7,2.8,0.5,286,14,0,28.63,,0,0,0,66.7,67.8,65.8,0.37,0.40,0.42
NBRA,2017-08-21 03:25:00 EDT,41.82792,-74.99689,1497,59.6,62.2,59.6,94.5,58.1,0.000,0.000,0.00,0.000,1.2,2.4,0.7,271,14,1.5,3.1,0.8,269,16,1.2,2.4,0.7,271,14,0,28.63,,0,0,0,66.7,67.8,65.8,0.37,0.40,0.42
NBRA,2017-08-21 03:30:00 EDT,41.82792,-74.99689,1497,59.6,61.2,59.6,95.5,58.3,0.000,0.000,0.00,0.000,0.9,2.3,0.6,318,37,1.2,2.9,0.6,322,37,0.9,2.3,0.6,318,37,0,28.63,,0,0,0,66.7,67.8,65.8,0.37,0.40,0.42
NBRA,2017-08-21 03:35:00 EDT,41.82792,-74.99689,1497,59.4,60.6,59.4,96.3,58.3,0.000,0.000,0.00,0.000,0.7,2.3,0.8,300,8,0.9,2.9,1.0,300,10,0.7,2.3,0.8,300,8,0,28.62,,0,0,0,66.7,67.8,65.8,0.37,0.40,0.42
NBRA,2017-08-21 03:40:00 EDT,41.82792,-74.99689,1497,59.2,61.3,59.2,96.5,58.2,0.000,0.000,0.00,0.000,1.7,2.3,0.3,294,10,2.0,3.0,0.3,294,11,1.7,2.3,0.3,294,10,0,28.62,,0,0,0,66.7,67.8,65.8,0.37,0.40,0.42
NBRA,2017-08-21 03:45:00 EDT,41.82792,-74.99689,1497,59.0,61.7,59.0,96.6,58.0,0.000,0.000,0.00,0.000,1.9,3.1,0.7,317,12,2.2,3.4,0.7,315,12,1.9,3.1,0.7,317,12,0,28.62,,0,0,0,66.7,67.8,65.8,0.37,0.40,0.42
NBRA,2017-08-21 03:50:00 EDT,41.82792,-74.99689,1497,60.0,61.9,60.0,97.2,59.2,0.000,0.000,0.00,0.000,1.7,2.8,0.9,301,18,1.9,3.2,0.9,298,21,1.7,2.8,0.9,301,18,0,28.62,,0,0,0,66.7,67.7,65.8,0.37,0.40,0.42
NBRA,2017-08-21 03:55:00 EDT,41.82792,-74.99689,1497,59.5,61.7,59.5,96.1,58.4,0.000,0.000,0.00,0.000,1.6,2.2,0.4,291,19,1.9,2.8,0.4,288,20,1.6,2.2,0.4,291,19,0,28.62,,0,0,0,66.7,67.6,65.8,0.37,0.40,0.42
NBRA,2017-08-21 04:00:00 EDT,41.82792,-74.99689,1497,59.3,61.2,59.3,96.3,58.2,0.000,0.000,0.00,0.000,0.9,1.8,0.7,305,32,1.2,2.2,0.8,293,43,0.9,1.8,0.7,305,32,0,28.62,,0,0,0,66.7,67.6,65.8,0.37,0.40,0.42
NBRA,2017-08-21 04:05:00 EDT,41.82792,-74.99689,1497,58.8,60.0,58.8,96.4,57.7,0.000,0.000,0.00,0.000,0.1,0.9,0.2,151,1,0.1,1.5,0.4,150,7,0.1,0.9,0.2,151,1,0,28.62,,0,0,0,66.7,67.6,65.8,0.37,0.40,0.42
NBRA,2017-08-21 04:10:00 EDT,41.82792,-74.99689,1497,59.2,60.2,59.2,97.3,58.4,0.000,0.000,0.00,0.000,0.0,0.0,0.0,0,0,0.0,0.8,0.1,299,0,0.0,0.0,0.0,0,0,0,28.62,,0,0,0,66.4,67.5,65.8,0.37,0.40,0.42
NBRA,2017-08-21 04:15:00 EDT,41.82792,-74.99689,1497,59.5,60.9,59.5,97.9,58.9,0.000,0.000,0.00,0.000,0.8,1.4,0.4,325,19,1.1,1.8,0.3,324,18,0.8,1.4,0.4,325,19,0,28.62,,0,0,0,66.4,67.5,65.8,0.37,0.40,0.42
NBRA,2017-08-21 04:20:00 EDT,41.82792,-74.99689,1497,59.8,61.3,59.8,98.0,59.3,0.000,0.000,0.00,0.000,1.1,1.5,0.2,323,11,1.1,1.7,0.2,315,8,1.1,1.5,0.2,323,11,0,28.62,,0,0,0,66.4,67.5,65.8,0.37,0.40,0.42
NBRA,2017-08-21 04:25:00 EDT,41.82792,-74.99689,1497,59.7,62.4,59.7,97.4,58.9,0.000,0.000,0.00,0.000,1.5,2.1,0.4,303,3,1.7,2.3,0.4,302,3,1.5,2.1,0.4,303,3,0,28.62,,0,0,0,66.4,67.5,65.8,0.37,0.40,0.42
NBRA,2017-08-21 04:30:00 EDT,41.82792,-74.99689,1497,59.7,62.5,59.7,97.0,58.9,0.000,0.000,0.00,0.000,1.8,2.2,0.4,293,9,2.0,2.7,0.4,294,10,1.8,2.2,0.4,293,9,0,28.62,,0,0,0,66.4,67.5,65.8,0.37,0.40,0.42
NBRA,2017-08-21 04:35:00 EDT,41.82792,-74.99689,1497,59.9,62.5,59.9,96.5,58.9,0.000,0.000,0.00,0.000,1.2,1.8,0.2,271,9,1.5,2.3,0.3,268,11,1.2,1.8,0.2,271,9,0,28.62,,0,0,0,66.4,67.5,65.8,0.37,0.40,0.42
NBRA,2017-08-21 04:40:00 EDT,41.82792,-74.99689,1497,59.2,62.3,59.2,96.0,58.1,0.000,0.000,0.00,0.000,1.2,2.0,0.5,282,18,1.5,2.5,0.6,280,18,1.2,2.0,0.5,282,18,0,28.62,,0,0,0,66.4,67.5,65.8,0.37,0.40,0.42
NBRA,2017-08-21 04:45:00 EDT,41.82792,-74.99689,1497,59.4,61.7,59.4,96.6,58.4,0.000,0.000,0.00,0.000,0.6,1.7,0.5,324,6,1.1,2.1,0.5,322,10,0.6,1.7,0.5,324,6,0,28.62,,0,0,0,66.4,67.5,65.8,0.37,0.40,0.42
NBRA,2017-08-21 04:50:00 EDT,41.82792,-74.99689,1497,59.2,61.5,59.2,96.6,58.2,0.000,0.000,0.00,0.000,0.3,1.0,0.3,330,5,0.6,1.6,0.5,324,9,0.3,1.0,0.3,330,5,0,28.62,,0,0,0,66.4,67.5,65.8,0.37,0.40,0.42
NBRA,2017-08-21 04:55:00 EDT,41.82792,-74.99689,1497,59.5,61.8,59.5,97.3,58.7,0.000,0.000,0.00,0.000,0.3,1.5,0.4,320,4,0.5,2.2,0.6,316,7,0.3,1.5,0.4,320,4,0,28.62,,0,0,0,66.4,67.5,65.8,0.37,0.40,0.42
NBRA,2017-08-21 05:00:00 EDT,41.82792,-74.99689,1497,59.1,62.0,59.1,96.6,58.2,0.000,0.000,0.00,0.000,1.6,2.3,0.3,294,14,1.8,3.1,0.4,291,16,1.6,2.3,0.3,294,14,0,28.63,,0,0,0,66.4,67.5,65.8,0.37,0.40,0.42
NBRA,2017-08-21 05:05:00 EDT,41.82792,-74.99689,1497,59.0,60.6,59.0,96.6,58.0,0.000,0.000,0.00,0.000,0.1,1.0,0.2,240,1,0.4,1.7,0.4,179,21,0.1,1.0,0.2,240,1,0,28.63,,0,0,0,66.4,67.5,65.8,0.37,0.40,0.42
NBRA,2017-08-21 05:10:00 EDT,41.82792,-74.99689,1497,58.7,59.9,58.7,97.2,57.9,0.000,0.000,0.00,0.000,0.5,0.9,0.4,150,1,0.9,1.4,0.5,154,7,0.5,0.9,0.4,150,1,0,28.63,,0,0,0,66.3,67.5,65.8,0.37,0.40,0.42
NBRA,2017-08-21 05:15:00 EDT,41.82792,-74.99689,1497,58.6,59.9,58.6,97.5,57.9,0.000,0.000,0.00,0.000,0.1,0.6,0.2,152,0,0.4,1.0,0.4,147,4,0.1,0.6,0.2,152,0,0,28.63,,0,0,0,66.2,67.5,65.8,0.37,0.40,0.42
NBRA,2017-08-21 05:20:00 EDT,41.82792,-74.99689,1497,59.3,60.2,59.3,98.2,58.8,0.000,0.000,0.00,0.000,0.0,0.0,0.0,0,0,0.0,0.8,0.1,282,1,0.0,0.0,0.0,0,0,0,28.63,,0,0,0,66.0,67.5,65.8,0.37,0.40,0.42
NBRA,2017-08-21 05:25:00 EDT,41.82792,-74.99689,1497,59.3,60.6,59.3,98.3,58.8,0.000,0.000,0.00,0.000,0.3,1.2,0.4,302,4,0.8,1.5,0.4,282,17,0.3,1.2,0.4,302,4,0,28.63,,0,0,0,66.0,67.5,65.8,0.37,0.40,0.42
NBRA,2017-08-21 05:30:00 EDT,41.82792,-74.99689,1497,59.0,61.1,59.0,98.2,58.5,0.000,0.000,0.00,0.000,0.4,1.1,0.4,311,5,0.4,1.2,0.5,310,6,0.4,1.1,0.4,311,5,0,28.63,,0,0,0,66.0,67.5,65.8,0.37,0.40,0.42
NBRA,2017-08-21 05:35:00 EDT,41.82792,-74.99689,1497,59.2,61.1,59.2,98.3,58.7,0.000,0.000,0.00,0.000,0.5,0.8,0.2,320,1,0.4,1.2,0.4,315,5,0.5,0.8,0.2,320,1,0,28.63,,0,0,0,66.0,67.5,65.8,0.37,0.40,0.42
NBRA,2017-08-21 05:40:00 EDT,41.82792,-74.99689,1497,59.1,61.0,59.1,98.0,58.5,0.000,0.000,0.00,0.000,0.1,0.7,0.2,307,0,0.4,1.1,0.4,306,8,0.1,0.7,0.2,307,0,0,28.63,,0,0,0,66.0,67.5,65.8,0.37,0.40,0.42
NBRA,2017-08-21 05:45:00 EDT,41.82792,-74.99689,1497,59.0,61.2,59.0,97.7,58.3,0.000,0.000,0.00,0.000,0.3,0.9,0.3,306,2,0.4,1.4,0.4,304,7,0.3,0.9,0.3,306,2,0,28.63,,0,0,0,66.0,67.5,65.8,0.37,0.40,0.42
NBRA,2017-08-21 05:50:00 EDT,41.82792,-74.99689,1497,58.7,61.0,58.7,97.4,57.9,0.000,0.000,0.00,0.000,0.3,1.2,0.4,315,13,0.6,1.7,0.6,311,15,0.3,1.2,0.4,315,13,0,28.63,,0,0,0,66.0,67.5,65.8,0.37,0.40,0.42
NBRA,2017-08-21 05:55:00 EDT,41.82792,-74.99689,1497,58.6,60.6,58.6,97.6,58.0,0.000,0.000,0.00,0.000,0.0,0.9,0.1,288,2,0.1,1.7,0.4,289,13,0.0,0.9,0.1,288,2,0,28.63,,0,0,0,66.0,67.5,65.8,0.37,0.40,0.42
NBRA,2017-08-21 06:00:00 EDT,41.82792,-74.99689,1497,58.5,59.9,58.5,97.8,57.9,0.000,0.000,0.00,0.000,0.1,1.0,0.3,201,21,0.4,1.4,0.5,167,20,0.1,1.0,0.3,201,21,0,28.64,,0,0,0,66.0,67.5,65.8,0.37,0.40,0.42
NBRA,2017-08-21 06:05:00 EDT,41.82792,-74.99689,1497,58.6,59.8,58.6,97.9,58.1,0.000,0.000,0.00,0.000,0.0,0.0,0.0,0,0,0.6,1.2,0.4,180,7,0.0,0.0,0.0,0,0,1,28.64,,0,0,0,65.9,67.4,65.8,0.37,0.40,0.42
NBRA,2017-08-21 06:10:00 EDT,41.82792,-74.99689,1497,59.1,59.7,59.1,98.2,58.6,0.000,0.000,0.00,0.000,0.1,0.4,0.1,183,0,0.3,1.2,0.4,194,3,0.1,0.4,0.1,183,0,2,28.64,,0,0,0,65.8,67.4,65.8,0.37,0.40,0.42
NBRA,2017-08-21 06:15:00 EDT,41.82792,-74.99689,1497,59.0,59.6,59.0,98.4,58.6,0.000,0.000,0.00,0.000,0.0,0.0,0.0,0,0,0.1,0.8,0.2,17,4,0.0,0.0,0.0,0,0,3,28.64,,0,0,0,65.8,67.4,65.8,0.37,0.40,0.42
NBRA,2017-08-21 06:20:00 EDT,41.82792,-74.99689,1497,58.5,59.4,58.5,98.3,58.1,0.000,0.000,0.00,0.000,0.0,0.0,0.0,0,0,0.1,0.8,0.3,99,3,0.0,0.0,0.0,0,0,4,28.64,,0,0,0,65.8,67.3,65.8,0.37,0.40,0.42
NBRA,2017-08-21 06:25:00 EDT,41.82792,-74.99689,1497,58.1,59.0,58.1,98.3,57.6,0.000,0.000,0.00,0.000,0.3,1.3,0.4,169,10,0.6,1.6,0.6,169,13,0.3,1.3,0.4,169,10,6,28.64,,0,0,0,65.8,67.2,65.8,0.37,0.40,0.42
NBRA,2017-08-21 06:30:00 EDT,41.82792,-74.99689,1497,57.0,58.2,57.0,98.0,56.4,0.000,0.000,0.00,0.000,0.5,1.5,0.5,137,4,0.5,1.6,0.5,138,10,0.5,1.5,0.5,137,4,9,28.64,,0,0,0,65.8,67.2,65.8,0.37,0.40,0.42
NBRA,2017-08-21 06:35:00 EDT,41.82792,-74.99689,1497,57.5,58.5,57.5,98.2,57.0,0.000,0.000,0.00,0.000,0.0,0.0,0.0,0,0,0.0,0.7,0.1,27,1,0.0,0.0,0.0,0,0,12,28.64,,0,0,0,65.8,67.1,65.8,0.37,0.40,0.42
NBRA,2017-08-21 06:40:00 EDT,41.82792,-74.99689,1497,57.7,58.5,57.7,98.4,57.2,0.000,0.000,0.00,0.000,0.2,0.9,0.3,18,0,0.8,1.4,0.4,5,8,0.2,0.9,0.3,18,0,16,28.64,,0,0,0,65.8,67.1,65.8,0.37,0.40,0.42
NBRA,2017-08-21 06:45:00 EDT,41.82792,-74.99689,1497,57.6,58.7,57.6,98.4,57.1,0.000,0.000,0.00,0.000,1.3,1.5,0.2,30,6,1.4,1.8,0.2,28,8,1.3,1.5,0.2,30,6,24,28.64,,0,0,0,65.8,67.1,65.8,0.37,0.40,0.42
NBRA,2017-08-21 06:50:00 EDT,41.82792,-74.99689,1497,57.5,58.7,57.5,98.5,57.1,0.000,0.000,0.00,0.000,0.8,1.2,0.2,70,16,1.2,1.4,0.2,73,16,0.8,1.2,0.2,70,16,15,28.64,,0,0,0,65.8,67.1,65.8,0.37,0.40,0.42
NBRA,2017-08-21 06:55:00 EDT,41.82792,-74.99689,1497,57.9,58.5,57.9,98.6,57.5,0.000,0.000,0.00,0.000,0.0,0.5,0.1,99,0,0.4,1.1,0.4,175,25,0.0,0.5,0.1,99,0,18,28.64,,0,0,0,65.8,67.1,65.8,0.37,0.40,0.42
NBRA,2017-08-21 07:00:00 EDT,41.82792,-74.99689,1497,58.0,58.5,58.0,98.6,57.6,0.000,0.000,0.00,0.000,0.0,0.0,0.0,0,0,0.2,1.0,0.3,219,11,0.0,0.0,0.0,0,0,39,28.64,,0,0,0,65.8,67.1,65.8,0.37,0.40,0.42
NBRA,2017-08-21 07:05:00 EDT,41.82792,-74.99689,1497,58.3,59.0,58.3,98.5,57.8,0.000,0.000,0.00,0.000,0.4,1.2,0.4,322,8,0.5,1.5,0.5,316,10,0.4,1.2,0.4,322,8,84,28.64,,0,0,0,65.8,67.1,65.8,0.37,0.40,0.42
NBRA,2017-08-21 07:10:00 EDT,41.82792,-74.99689,1497,58.5,59.8,58.5,98.4,58.1,0.000,0.000,0.00,0.000,0.3,0.9,0.3,352,11,0.3,1.4,0.5,354,14,0.3,0.9,0.3,352,11,107,28.65,,0,0,0,65.8,67.1,65.8,0.37,0.40,0.42
NBRA,2017-08-21 07:15:00 EDT,41.82792,-74.99689,1497,59.1,59.9,59.1,98.4,58.7,0.000,0.000,0.00,0.000,0.2,0.9,0.3,70,0,0.5,1.3,0.5,61,20,0.2,0.9,0.3,70,0,126,28.65,,0,0,0,65.8,67.1,65.8,0.37,0.40,0.42
NBRA,2017-08-21 07:20:00 EDT,41.82792,-74.99689,1497,59.8,60.2,59.8,98.4,59.3,0.000,0.000,0.00,0.000,0.0,0.4,0.1,118,0,0.1,1.3,0.3,116,5,0.0,0.4,0.1,118,0,143,28.64,,0,0,0,65.8,67.1,65.8,0.37,0.40,0.42
NBRA,2017-08-21 07:25:00 EDT,41.82792,-74.99689,1497,60.2,60.6,60.2,97.8,59.5,0.000,0.000,0.00,0.000,0.0,0.0,0.0,0,0,0.0,0.9,0.2,118,12,0.0,0.0,0.0,0,0,155,28.64,,0,0,0,65.8,67.1,65.8,0.37,0.40,0.42
NBRA,2017-08-21 07:30:00 EDT,41.82792,-74.99689,1497,60.7,60.6,60.7,96.0,59.6,0.000,0.000,0.00,0.000,0.3,1.0,0.4,96,5,0.5,1.7,0.5,96,9,0.3,1.0,0.4,96,5,168,28.64,,0,0,0,65.8,67.1,65.8,0.37,0.40,0.42
NBRA,2017-08-21 07:35:00 EDT,41.82792,-74.99689,1497,61.1,61.3,61.1,92.8,59.0,0.000,0.000,0.00,0.000,0.1,0.9,0.2,113,2,0.4,1.6,0.5,160,48,0.1,0.9,0.2,113,2,168,28.64,,0,0,0,65.7,67.1,65.8,0.37,0.40,0.42
NBRA,2017-08-21 07:40:00 EDT,41.82792,-74.99689,1497,61.2,61.9,61.2,92.4,59.0,0.000,0.000,0.00,0.000,0.0,0.0,0.0,0,0,0.0,0.0,0.0,0,0,0.0,0.0,0.0,0,0,156,28.64,,0,0,0,65.5,67.1,65.8,0.37,0.40,0.42
NBRA,2017-08-21 07:45:00 EDT,41.82792,-74.99689,1497,62.0,62.6,62.0,92.9,59.9,0.000,0.000,0.00,0.000,0.0,0.0,0.0,0,0,0.1,0.9,0.2,97,8,0.0,0.0,0.0,0,0,175,28.65,,0,0,0,65.5,67.1,65.8,0.37,0.40,0.42
NBRA,2017-08-21 07:50:00 EDT,41.82792,-74.99689,1497,62.5,62.4,62.5,90.4,59.7,0.000,0.000,0.00,0.000,0.6,1.8,0.6,110,8,1.1,1.9,0.5,97,18,0.6,1.8,0.6,110,8,222,28.65,,0,0,0,65.5,67.1,65.8,0.37,0.40,0.42
NBRA,2017-08-21 07:55:00 EDT,41.82792,-74.99689,1497,61.8,62.2,61.8,89.9,58.8,0.000,0.000,0.00,0.000,0.9,1.6,0.5,126,11,1.2,1.9,0.5,124,16,0.9,1.6,0.5,126,11,230,28.65,,0,0,0,65.5,67.1,65.8,0.37,0.40,0.42
NBRA,2017-08-21 08:00:00 EDT,41.82792,-74.99689,1497,62.2,62.5,62.2,90.5,59.4,0.000,0.000,0.00,0.000,0.5,1.2,0.3,133,16,0.9,1.5,0.4,128,24,0.5,1.2,0.3,133,16,227,28.65,,0,0,0,65.5,67.1,65.8,0.37,0.40,0.42
NBRA,2017-08-21 08:05:00 EDT,41.82792,-74.99689,1497,62.8,62.7,62.8,90.2,59.9,0.000,0.000,0.00,0.000,0.1,0.8,0.2,125,1,0.5,1.2,0.5,121,11,0.1,0.8,0.2,125,1,168,28.65,,0,0,0,65.5,67.1,65.8,0.37,0.40,0.42
NBRA,2017-08-21 08:10:00 EDT,41.82792,-74.99689,1497,62.9,62.3,62.9,89.9,59.9,0.000,0.000,0.00,0.000,0.3,0.8,0.3,111,9,0.8,1.7,0.4,104,10,0.3,0.8,0.3,111,9,223,28.64,,0,0,0,65.5,67.1,65.8,0.37,0.40,0.42
NBRA,2017-08-21 08:15:00 EDT,41.82792,-74.99689,1497,63.1,62.3,63.1,89.4,59.9,0.000,0.000,0.00,0.000,1.0,1.3,0.2,115,13,1.3,2.0,0.3,110,13,1.0,1.3,0.2,115,13,274,28.64,,0,0,0,65.5,67.1,65.8,0.37,0.40,0.42
NBRA,2017-08-21 08:20:00 EDT,41.82792,-74.99689,1497,63.4,62.6,63.4,89.2,60.2,0.000,0.000,0.00,0.000,0.6,1.4,0.4,115,14,0.9,2.0,0.4,108,16,0.6,1.4,0.4,115,14,286,28.64,,0,0,0,65.5,67.1,65.8,0.37,0.40,0.42
NBRA,2017-08-21 08:25:00 EDT,41.82792,-74.99689,1497,64.1,63.4,64.1,88.7,60.7,0.000,0.000,0.00,0.000,1.1,2.1,0.4,115,13,1.4,2.4,0.5,111,17,1.1,2.1,0.4,115,13,314,28.64,,0,0,0,65.5,67.1,65.8,0.37,0.40,0.42
NBRA,2017-08-21 08:30:00 EDT,41.82792,-74.99689,1497,64.5,63.7,64.5,88.1,60.9,0.000,0.000,0.00,0.000,1.2,1.9,0.3,113,10,1.5,2.3,0.4,109,11,1.2,1.9,0.3,113,10,337,28.64,,0,0,0,65.5,67.1,65.8,0.37,0.40,0.42
NBRA,2017-08-21 08:35:00 EDT,41.82792,-74.99689,1497,65.1,64.5,65.1,87.7,61.4,0.000,0.000,0.00,0.000,1.5,2.2,0.3,126,10,1.8,2.6,0.4,121,10,1.5,2.2,0.3,126,10,347,28.64,,0,0,0,65.5,67.1,65.8,0.37,0.40,0.42
NBRA,2017-08-21 08:40:00 EDT,41.82792,-74.99689,1497,65.1,64.3,65.1,87.3,61.2,0.000,0.000,0.00,0.000,1.4,1.8,0.3,122,12,1.5,2.5,0.4,117,16,1.4,1.8,0.3,122,12,359,28.64,,0,0,0,65.5,67.0,65.8,0.37,0.40,0.42
NBRA,2017-08-21 08:45:00 EDT,41.82792,-74.99689,1497,65.8,65.2,65.8,85.6,61.4,0.000,0.000,0.00,0.000,1.8,2.5,0.3,125,12,1.9,3.2,0.4,122,15,1.8,2.5,0.3,125,12,384,28.64,,0,0,0,65.5,67.0,65.8,0.37,0.40,0.42
NBRA,2017-08-21 08:50:00 EDT,41.82792,-74.99689,1497,66.2,65.4,66.2,83.1,60.9,0.000,0.000,0.00,0.000,1.2,2.3,0.5,122,10,1.4,2.7,0.4,119,13,1.2,2.3,0.5,122,10,356,28.64,,0,0,0,65.5,66.9,65.8,0.37,0.40,0.42
NBRA,2017-08-21 08:55:00 EDT,41.82792,-74.99689,1497,67.1,66.3,67.1,82.5,61.6,0.000,0.000,0.00,0.000,1.2,2.2,0.7,113,13,1.6,2.9,0.8,110,14,1.2,2.2,0.7,113,13,412,28.64,,0,0,0,65.5,66.8,65.8,0.37,0.40,0.42
NBRA,2017-08-21 09:00:00 EDT,41.82792,-74.99689,1497,67.6,66.9,67.6,82.3,62.0,0.000,0.000,0.00,0.000,1.2,2.2,0.4,135,20,1.5,2.2,0.4,129,22,1.2,2.2,0.4,135,20,360,28.63,,0,0,0,65.5,66.8,65.8,0.37,0.40,0.42
NBRA,2017-08-21 09:05:00 EDT,41.82792,-74.99689,1497,68.2,67.3,68.2,81.8,62.4,0.000,0.000,0.00,0.000,1.6,2.4,0.4,120,16,1.9,2.9,0.5,114,18,1.6,2.4,0.4,120,16,416,28.63,,0,0,0,65.5,66.7,65.8,0.37,0.40,0.42
NBRA,2017-08-21 09:10:00 EDT,41.82792,-74.99689,1497,68.5,67.9,68.5,81.5,62.6,0.000,0.000,0.00,0.000,1.6,2.3,0.4,130,11,1.7,2.6,0.4,126,15,1.6,2.3,0.4,130,11,457,28.64,,0,0,0,65.7,66.7,65.8,0.37,0.40,0.42
NBRA,2017-08-21 09:15:00 EDT,41.82792,-74.99689,1497,68.7,67.9,68.7,80.0,62.3,0.000,0.000,0.00,0.000,2.8,3.8,0.4,123,9,3.0,4.6,0.6,119,9,2.8,3.8,0.4,123,9,498,28.63,,0,0,0,65.8,66.7,65.8,0.37,0.40,0.42
NBRA,2017-08-21 09:20:00 EDT,41.82792,-74.99689,1497,68.8,67.6,68.8,80.6,62.6,0.000,0.000,0.00,0.000,3.3,4.7,0.4,118,10,3.6,4.8,0.6,113,10,3.3,4.7,0.4,118,10,464,28.63,,0,0,0,65.8,66.7,65.8,0.37,0.40,0.42
NBRA,2017-08-21 09:25:00 EDT,41.82792,-74.99689,1497,68.8,67.9,68.8,79.3,62.1,0.000,0.000,0.00,0.000,2.3,3.7,0.6,122,8,2.4,3.7,0.6,119,9,2.3,3.7,0.6,122,8,427,28.63,,0,0,0,65.8,66.7,65.8,0.37,0.40,0.42
NBRA,2017-08-21 09:30:00 EDT,41.82792,-74.99689,1497,69.2,68.4,69.2,79.0,62.4,0.000,0.000,0.00,0.000,2.4,3.5,0.5,124,8,2.5,4.0,0.6,121,11,2.4,3.5,0.5,124,8,413,28.63,,0,0,0,65.8,66.7,65.8,0.37,0.40,0.42
NBRA,2017-08-21 09:35:00 EDT,41.82792,-74.99689,1497,69.7,68.8,69.7,78.8,62.8,0.000,0.000,0.00,0.000,2.7,3.7,0.4,125,12,2.8,4.1,0.6,121,12,2.7,3.7,0.4,125,12,398,28.63,,0,0,0,65.8,66.7,65.8,0.37,0.40,0.42
NBRA,2017-08-21 09:40:00 EDT,41.82792,-74.99689,1497,69.4,68.5,69.4,78.4,62.4,0.000,0.000,0.00,0.000,2.9,3.9,0.4,119,7,3.0,4.4,0.6,115,9,2.9,3.9,0.4,119,7,430,28.63,,0,0,0,65.8,66.7,65.8,0.37,0.40,0.42
NBRA,2017-08-21 09:45:00 EDT,41.82792,-74.99689,1497,70.2,69.3,70.2,79.6,63.6,0.000,0.000,0.00,0.000,2.4,3.7,0.8,124,17,2.7,4.2,0.7,121,17,2.4,3.7,0.8,124,17,507,28.64,,0,0,0,65.8,66.7,65.8,0.37,0.40,0.42
NBRA,2017-08-21 09:50:00 EDT,41.82792,-74.99689,1497,70.7,70.4,70.7,77.7,63.4,0.000,0.000,0.00,0.000,2.2,4.1,1.0,126,13,2.6,4.9,1.0,123,17,2.2,4.1,1.0,126,13,551,28.64,,0,0,0,65.8,66.7,65.8,0.37,0.40,0.42
NBRA,2017-08-21 09:55:00 EDT,41.82792,-74.99689,1497,71.9,70.7,71.9,76.6,64.2,0.000,0.000,0.00,0.000,2.7,4.1,0.7,130,11,2.8,5.2,1.0,125,10,2.7,4.1,0.7,130,11,571,28.64,,0,0,0,65.8,66.7,65.8,0.37,0.40,0.42
NBRA,2017-08-21 10:00:00 EDT,41.82792,-74.99689,1497,72.0,70.8,72.0,74.4,63.4,0.000,0.000,0.00,0.000,2.7,3.9,0.6,128,12,2.7,4.3,0.7,123,13,2.7,3.9,0.6,128,12,583,28.64,,0,0,0,65.8,66.7,65.8,0.37,0.40,0.42
NBRA,2017-08-21 10:05:00 EDT,41.82792,-74.99689,1497,72.2,71.3,72.2,73.2,63.1,0.000,0.000,0.00,0.000,2.4,3.8,0.7,125,15,2.6,4.5,0.8,120,15,2.4,3.8,0.7,125,15,602,28.64,,0,0,0,65.8,66.7,65.8,0.37,0.40,0.42
NBRA,2017-08-21 10:10:00 EDT,41.82792,-74.99689,1497,72.8,71.8,72.8,71.9,63.3,0.000,0.000,0.00,0.000,2.7,4.0,0.8,127,18,3.0,4.9,0.8,122,18,2.7,4.0,0.8,127,18,616,28.64,,0,0,0,65.8,66.7,65.8,0.37,0.40,0.42
NBRA,2017-08-21 10:15:00 EDT,41.82792,-74.99689,1497,72.8,72.2,72.8,71.7,63.1,0.000,0.000,0.00,0.000,2.1,4.2,1.0,135,15,2.3,4.5,1.0,133,19,2.1,4.2,1.0,135,15,602,28.64,,0,0,0,65.8,66.7,65.8,0.37,0.40,0.42
NBRA,2017-08-21 10:20:00 EDT,41.82792,-74.99689,1497,74.0,72.7,74.0,70.5,63.8,0.000,0.000,0.00,0.000,2.5,4.0,0.8,123,18,2.7,4.9,1.0,117,20,2.5,4.0,0.8,123,18,641,28.64,,0,0,0,65.8,66.7,65.8,0.37,0.40,0.42
NBRA,2017-08-21 10:25:00 EDT,41.82792,-74.99689,1497,73.7,72.6,73.7,70.6,63.6,0.000,0.000,0.00,0.000,2.1,3.9,0.9,144,23,2.2,5.6,1.0,141,22,2.1,3.9,0.9,144,23,555,28.64,,0,0,0,65.9,66.7,65.8,0.36,0.40,0.42
NBRA,2017-08-21 10:30:00 EDT,41.82792,-74.99689,1497,73.6,72.2,73.6,69.1,62.8,0.000,0.000,0.00,0.000,2.8,4.7,1.1,117,22,3.1,5.0,1.2,109,20,2.8,4.7,1.1,117,22,567,28.64,,0,0,0,66.0,66.7,65.8,0.36,0.40,0.42
NBRA,2017-08-21 10:35:00 EDT,41.82792,-74.99689,1497,73.7,72.5,73.7,69.4,63.1,0.000,0.000,0.00,0.000,2.9,4.6,0.8,115,14,3.1,4.9,0.9,109,14,2.9,4.6,0.8,115,14,478,28.64,,0,0,0,66.0,66.7,65.8,0.36,0.40,0.42
NBRA,2017-08-21 10:40:00 EDT,41.82792,-74.99689,1497,74.3,72.9,74.3,70.0,63.9,0.000,0.000,0.00,0.000,4.0,5.8,1.3,125,9,4.1,6.5,1.4,120,11,4.0,5.8,1.3,125,9,693,28.64,,0,0,0,66.0,66.7,65.8,0.36,0.40,0.42
NBRA,2017-08-21 10:45:00 EDT,41.82792,-74.99689,1497,74.6,73.0,74.6,69.5,63.9,0.000,0.000,0.00,0.000,4.7,6.9,0.9,115,12,5.3,7.7,1.1,109,11,4.7,6.9,0.9,115,12,575,28.64,,0,0,0,66.0,66.7,65.8,0.37,0.40,0.42
NBRA,2017-08-21 10:50:00 EDT,41.82792,-74.99689,1497,74.2,72.9,74.2,69.3,63.5,0.000,0.000,0.00,0.000,5.1,7.5,1.4,115,17,5.5,8.6,1.5,111,18,5.1,7.5,1.4,115,17,479,28.64,,0,0,0,66.1,66.7,65.8,0.37,0.40,0.42
NBRA,2017-08-21 10:55:00 EDT,41.82792,-74.99689,1497,74.2,73.3,74.2,68.8,63.3,0.000,0.000,0.00,0.000,3.5,6.9,1.9,136,23,3.8,9.0,1.9,133,27,3.5,6.9,1.9,136,23,466,28.64,,0,0,0,66.3,66.7,65.8,0.36,0.40,0.42
NBRA,2017-08-21 11:00:00 EDT,41.82792,-74.99689,1497,74.5,73.4,74.5,68.6,63.5,0.000,0.000,0.00,0.000,4.0,8.2,1.5,137,12,3.8,8.5,1.4,131,16,4.0,8.2,1.5,137,12,489,28.64,,0,0,0,66.4,66.7,65.8,0.36,0.40,0.42
NBRA,2017-08-21 11:05:00 EDT,41.82792,-74.99689,1497,74.6,73.5,74.6,70.1,64.2,0.000,0.000,0.00,0.000,3.3,6.0,1.2,142,22,3.5,7.1,1.2,138,23,3.3,6.0,1.2,142,22,454,28.64,,0,0,0,66.4,66.7,65.8,0.36,0.40,0.42
NBRA,2017-08-21 11:10:00 EDT,41.82792,-74.99689,1497,74.3,73.3,74.3,71.3,64.4,0.000,0.000,0.00,0.000,3.2,6.1,1.3,134,20,3.4,7.3,1.5,129,17,3.2,6.1,1.3,134,20,438,28.64,,0,0,0,66.4,66.7,65.8,0.36,0.40,0.42
NBRA,2017-08-21 11:15:00 EDT,41.82792,-74.99689,1497,74.8,73.5,74.8,69.6,64.2,0.000,0.000,0.00,0.000,4.8,6.9,1.3,122,10,5.2,7.1,1.3,118,9,4.8,6.9,1.3,122,10,608,28.64,,0,0,0,66.4,66.7,65.8,0.36,0.40,0.42
NBRA,2017-08-21 11:20:00 EDT,41.82792,-74.99689,1497,75.0,73.6,75.0,69.8,64.4,0.000,0.000,0.00,0.000,5.4,8.1,1.3,112,10,6.0,9.0,1.4,107,10,5.4,8.1,1.3,112,10,663,28.63,,0,0,0,66.4,66.7,65.8,0.36,0.40,0.42
NBRA,2017-08-21 11:25:00 EDT,41.82792,-74.99689,1497,75.5,74.0,75.5,69.2,64.7,0.000,0.000,0.00,0.000,5.2,7.4,1.3,123,16,5.5,8.5,1.5,117,16,5.2,7.4,1.3,123,16,709,28.63,,0,0,0,66.6,66.7,65.8,0.37,0.40,0.42
NBRA,2017-08-21 11:30:00 EDT,41.82792,-74.99689,1497,75.7,74.1,75.7,68.1,64.4,0.000,0.000,0.00,0.000,5.8,9.4,1.9,129,24,6.2,10.3,1.9,127,24,5.8,9.4,1.9,129,24,518,28.63,,0,0,0,66.7,66.5,65.8,0.36,0.40,0.42
NBRA,2017-08-21 11:35:00 EDT,41.82792,-74.99689,1497,75.2,74.3,75.2,68.1,63.9,0.000,0.000,0.00,0.000,3.6,7.0,1.3,136,22,3.7,7.2,1.5,132,24,3.6,7.0,1.3,136,22,420,28.63,,0,0,0,66.7,66.5,65.8,0.36,0.40,0.42
NBRA,2017-08-21 11:40:00 EDT,41.82792,-74.99689,1497,75.3,74.3,75.3,65.7,63.0,0.000,0.000,0.00,0.000,3.9,7.4,1.7,148,20,4.3,8.3,1.8,145,21,3.9,7.4,1.7,148,20,624,28.62,,0,0,0,66.7,66.5,65.8,0.36,0.40,0.42
NBRA,2017-08-21 11:45:00 EDT,41.82792,-74.99689,1497,76.0,74.8,76.0,65.7,63.7,0.000,0.000,0.00,0.000,4.8,7.8,1.6,137,17,5.0,9.7,1.7,135,19,4.8,7.8,1.6,137,17,789,28.62,,0,0,0,66.7,66.4,65.8,0.36,0.40,0.42
NBRA,2017-08-21 11:50:00 EDT,41.82792,-74.99689,1497,76.7,75.2,76.7,64.7,64.0,0.000,0.000,0.00,0.000,4.5,8.5,1.7,149,25,5.4,9.7,1.9,148,25,4.5,8.5,1.7,149,25,830,28.62,,0,0,0,66.8,66.4,65.8,0.36,0.40,0.42
NBRA,2017-08-21 11:55:00 EDT,41.82792,-74.99689,1497,76.6,75.5,76.6,64.4,63.7,0.000,0.000,0.00,0.000,3.9,7.8,1.9,151,33,4.1,9.3,2.1,149,34,3.9,7.8,1.9,151,33,740,28.62,,0,0,0,67.0,66.4,65.8,0.36,0.40,0.42
NBRA,2017-08-21 12:00:00 EDT,41.82792,-74.99689,1497,77.2,75.6,77.2,65.0,64.5,0.000,0.000,0.00,0.000,4.1,9.3,2.2,136,19,4.0,9.9,2.3,133,26,4.1,9.3,2.2,136,19,887,28.62,,0,0,0,67.1,66.4,65.8,0.36,0.40,0.42
NBRA,2017-08-21 12:05:00 EDT,41.82792,-74.99689,1497,77.1,75.7,77.1,65.4,64.6,0.000,0.000,0.00,0.000,4.9,9.5,2.1,144,25,5.3,10.9,2.0,144,22,4.9,9.5,2.1,144,25,677,28.62,,0,0,0,67.1,66.4,65.8,0.36,0.40,0.42
NBRA,2017-08-21 12:10:00 EDT,41.82792,-74.99689,1497,77.1,75.9,77.1,65.7,64.7,0.000,0.000,0.00,0.000,3.6,8.8,2.2,159,26,4.5,11.2,2.4,158,25,3.6,8.8,2.2,159,26,675,28.62,,0,0,0,67.1,66.4,65.8,0.36,0.40,0.42
NBRA,2017-08-21 12:15:00 EDT,41.82792,-74.99689,1497,76.6,75.6,76.6,64.6,63.8,0.000,0.000,0.00,0.000,2.0,7.2,1.5,159,30,2.5,8.2,1.6,157,36,2.0,7.2,1.5,159,30,539,28.61,,0,0,0,67.1,66.4,65.8,0.36,0.40,0.42
NBRA,2017-08-21 12:20:00 EDT,41.82792,-74.99689,1497,77.1,76.1,77.1,65.9,64.8,0.000,0.000,0.00,0.000,3.6,8.5,2.4,137,22,4.0,8.9,2.2,134,30,3.6,8.5,2.4,137,22,600,28.61,,0,0,0,67.1,66.4,65.8,0.36,0.40,0.42
NBRA,2017-08-21 12:25:00 EDT,41.82792,-74.99689,1497,77.4,76.5,77.4,66.1,65.2,0.000,0.000,0.00,0.000,4.1,7.5,1.4,145,27,4.4,8.7,1.6,140,29,4.1,7.5,1.4,145,27,682,28.61,,0,0,0,67.3,66.4,65.8,0.36,0.40,0.42
NBRA,2017-08-21 12:30:00 EDT,41.82792,-74.99689,1497,77.2,76.4,77.2,65.2,64.6,0.000,0.000,0.00,0.000,3.0,6.9,1.7,167,29,3.7,8.7,1.8,167,29,3.0,6.9,1.7,167,29,609,28.61,,0,0,0,67.5,66.4,65.8,0.36,0.40,0.42
NBRA,2017-08-21 12:35:00 EDT,41.82792,-74.99689,1497,76.9,76.2,76.9,65.6,64.5,0.000,0.000,0.00,0.000,4.1,9.0,2.1,143,21,4.3,10.2,2.2,137,22,4.1,9.0,2.1,143,21,408,28.60,,0,0,0,67.5,66.4,65.8,0.36,0.40,0.42
NBRA,2017-08-21 12:40:00 EDT,41.82792,-74.99689,1497,77.8,76.5,77.8,66.5,65.7,0.000,0.000,0.00,0.000,4.1,8.0,1.4,152,27,5.0,12.6,1.9,151,25,4.1,8.0,1.4,152,27,860,28.60,,0,0,0,67.5,66.4,65.8,0.36,0.40,0.42
NBRA,2017-08-21 12:45:00 EDT,41.82792,-74.99689,1497,77.7,76.7,77.7,65.1,65.0,0.000,0.000,0.00,0.000,3.6,9.1,2.3,167,33,4.3,10.8,2.4,162,35,3.6,9.1,2.3,167,33,435,28.60,,0,0,0,67.5,66.4,65.8,0.36,0.40,0.42
NBRA,2017-08-21 12:50:00 EDT,41.82792,-74.99689,1497,76.4,76.0,76.4,65.8,64.1,0.000,0.000,0.00,0.000,4.7,8.8,1.9,182,23,5.4,11.7,2.2,179,21,4.7,8.8,1.9,182,23,516,28.61,,0,0,0,67.7,66.4,65.8,0.36,0.40,0.42
NBRA,2017-08-21 12:55:00 EDT,41.82792,-74.99689,1497,76.5,76.1,76.5,66.0,64.3,0.000,0.000,0.00,0.000,2.4,5.4,1.3,176,63,2.9,6.6,1.4,176,65,2.4,5.4,1.3,176,63,359,28.61,,0,0,0,67.8,66.4,65.8,0.36,0.40,0.42
NBRA,2017-08-21 13:00:00 EDT,41.82792,-74.99689,1497,76.1,75.9,76.1,66.7,64.2,0.000,0.000,0.00,0.000,3.1,6.6,1.6,238,39,3.7,8.2,1.7,231,41,3.1,6.6,1.6,238,39,274,28.61,,0,0,0,67.8,66.4,65.8,0.36,0.40,0.42
NBRA,2017-08-21 13:05:00 EDT,41.82792,-74.99689,1497,76.3,76.0,76.3,67.2,64.6,0.000,0.000,0.00,0.000,1.4,4.0,1.0,164,37,1.9,5.1,1.1,162,41,1.4,4.0,1.0,164,37,415,28.61,,0,0,0,67.8,66.4,65.8,0.36,0.40,0.42
NBRA,2017-08-21 13:10:00 EDT,41.82792,-74.99689,1497,77.5,76.7,77.5,68.2,66.2,0.000,0.000,0.00,0.000,3.5,7.1,1.4,131,36,3.9,8.6,1.6,129,38,3.5,7.1,1.4,131,36,625,28.61,,0,0,0,67.8,66.4,65.8,0.36,0.40,0.42
NBRA,2017-08-21 13:15:00 EDT,41.82792,-74.99689,1497,78.8,77.9,78.8,64.9,66.0,0.000,0.000,0.00,0.000,3.0,6.0,1.4,134,34,3.5,7.2,1.5,131,32,3.0,6.0,1.4,134,34,817,28.60,,0,0,0,67.8,66.4,65.8,0.36,0.40,0.42
NBRA,2017-08-21 13:20:00 EDT,41.82792,-74.99689,1497,78.3,77.7,78.3,62.9,64.6,0.000,0.000,0.00,0.000,5.4,9.4,1.6,246,38,6.2,10.6,1.9,244,38,5.4,9.4,1.6,246,38,605,28.61,,0,0,0,68.1,66.4,65.8,0.36,0.40,0.42
NBRA,2017-08-21 13:25:00 EDT,41.82792,-74.99689,1497,77.5,77.2,77.5,63.3,64.1,0.000,0.000,0.00,0.000,3.8,7.9,1.8,235,50,4.4,9.6,1.8,241,55,3.8,7.9,1.8,235,50,378,28.61,,0,0,0,68.2,66.4,65.8,0.36,0.40,0.42
NBRA,2017-08-21 13:30:00 EDT,41.82792,-74.99689,1497,77.9,77.3,77.9,65.1,65.2,0.000,0.000,0.00,0.000,2.5,5.5,1.3,109,31,3.0,6.1,1.6,102,30,2.5,5.5,1.3,109,31,317,28.61,,0,0,0,68.2,66.4,65.8,0.35,0.40,0.42
NBRA,2017-08-21 13:35:00 EDT,41.82792,-74.99689,1497,77.5,77.1,77.5,66.0,65.3,0.000,0.000,0.00,0.000,3.8,9.1,1.9,182,36,4.5,11.2,2.1,177,32,3.8,9.1,1.9,182,36,321,28.61,,0,0,0,68.2,66.4,65.8,0.36,0.40,0.42
NBRA,2017-08-21 13:40:00 EDT,41.82792,-74.99689,1497,77.3,77.1,77.3,65.7,65.0,0.000,0.000,0.00,0.000,3.0,7.1,1.7,166,30,3.5,8.4,1.8,163,29,3.0,7.1,1.7,166,30,292,28.61,,0,0,0,68.3,66.4,65.8,0.35,0.40,0.42
NBRA,2017-08-21 13:45:00 EDT,41.82792,-74.99689,1497,77.8,77.3,77.8,66.1,65.6,0.000,0.000,0.00,0.000,3.0,5.8,1.3,136,21,3.1,6.4,1.3,129,21,3.0,5.8,1.3,136,21,571,28.60,,0,0,0,68.5,66.4,65.8,0.35,0.40,0.41
NBRA,2017-08-21 13:50:00 EDT,41.82792,-74.99689,1497,78.7,77.8,78.7,66.6,66.7,0.000,0.000,0.00,0.000,4.0,8.5,1.5,153,24,4.4,10.2,1.9,150,26,4.0,8.5,1.5,153,24,666,28.60,,0,0,0,68.5,66.5,65.8,0.35,0.40,0.41
NBRA,2017-08-21 13:55:00 EDT,41.82792,-74.99689,1497,78.5,77.7,78.5,66.1,66.3,0.000,0.000,0.00,0.000,4.1,7.4,1.7,157,39,4.5,7.7,1.7,157,40,4.1,7.4,1.7,157,39,547,28.60,,0,0,0,68.5,66.5,65.8,0.35,0.40,0.41
NBRA,2017-08-21 14:00:00 EDT,41.82792,-74.99689,1497,78.3,77.6,78.3,65.3,65.7,0.000,0.000,0.00,0.000,3.4,7.5,1.4,204,22,4.0,7.5,1.5,199,22,3.4,7.5,1.4,204,22,586,28.59,,0,0,0,68.5,66.5,65.8,0.35,0.40,0.41
NBRA,2017-08-21 14:05:00 EDT,41.82792,-74.99689,1497,77.9,77.5,77.9,64.0,64.7,0.000,0.000,0.00,0.000,3.4,6.6,1.9,203,35,3.7,7.8,2.1,200,35,3.4,6.6,1.9,203,35,447,28.59,,0,0,0,68.5,66.5,65.8,0.35,0.40,0.41
NBRA,2017-08-21 14:10:00 EDT,41.82792,-74.99689,1497,77.6,77.4,77.6,65.0,64.9,0.000,0.000,0.00,0.000,1.5,3.7,0.8,209,54,2.2,4.5,0.9,212,56,1.5,3.7,0.8,209,54,429,28.59,,0,0,0,68.5,66.6,65.8,0.35,0.40,0.41
NBRA,2017-08-21 14:15:00 EDT,41.82792,-74.99689,1497,78.3,77.6,78.3,65.5,65.8,0.000,0.000,0.00,0.000,1.4,4.0,1.0,148,37,1.8,5.0,1.1,141,41,1.4,4.0,1.0,148,37,418,28.59,,0,0,0,68.5,66.6,65.8,0.35,0.40,0.41
NBRA,2017-08-21 14:20:00 EDT,41.82792,-74.99689,1497,78.3,77.7,78.3,66.6,66.3,0.000,0.000,0.00,0.000,1.9,3.4,0.8,131,27,2.1,4.1,0.7,129,31,1.9,3.4,0.8,131,27,291,28.58,,0,0,0,68.5,66.6,65.8,0.35,0.40,0.41
NBRA,2017-08-21 14:25:00 EDT,41.82792,-74.99689,1497,77.7,77.2,77.7,68.7,66.6,0.000,0.000,0.00,0.000,2.3,4.4,1.0,108,49,2.8,5.8,1.1,112,51,2.3,4.4,1.0,108,49,270,28.58,,0,0,0,68.8,66.6,65.8,0.35,0.40,0.41
NBRA,2017-08-21 14:30:00 EDT,41.82792,-74.99689,1497,77.2,77.1,77.2,68.7,66.1,0.000,0.000,0.00,0.000,2.6,4.6,0.9,183,20,3.3,5.6,1.0,180,18,2.6,4.6,0.9,183,20,260,28.58,,0,0,0,68.9,66.7,65.8,0.35,0.40,0.41
NBRA,2017-08-21 14:35:00 EDT,41.82792,-74.99689,1497,77.0,77.0,77.0,65.8,64.7,0.000,0.000,0.00,0.000,2.0,4.3,0.9,217,25,2.3,5.1,1.0,213,24,2.0,4.3,0.9,217,25,231,28.58,,0,0,0,68.9,66.7,65.8,0.35,0.40,0.41
NBRA,2017-08-21 14:40:00 EDT,41.82792,-74.99689,1497,77.0,76.9,77.0,67.0,65.2,0.000,0.000,0.00,0.000,1.9,3.4,0.9,276,27,2.3,4.3,1.0,273,26,1.9,3.4,0.9,276,27,222,28.58,,0,0,0,68.9,66.7,65.8,0.35,0.40,0.41
NBRA,2017-08-21 14:45:00 EDT,41.82792,-74.99689,1497,76.9,76.9,76.9,67.8,65.4,0.000,0.000,0.00,0.000,1.0,3.0,0.8,250,44,1.4,3.6,1.0,239,47,1.0,3.0,0.8,250,44,171,28.58,,0,0,0,68.9,66.7,65.8,0.35,0.40,0.41
NBRA,2017-08-21 14:50:00 EDT,41.82792,-74.99689,1497,76.4,76.5,76.4,68.8,65.4,0.000,0.000,0.00,0.000,2.3,5.3,1.4,201,25,2.8,6.0,1.4,201,27,2.3,5.3,1.4,201,25,158,28.58,,0,0,0,68.9,66.7,65.8,0.35,0.40,0.41
NBRA,2017-08-21 14:55:00 EDT,41.82792,-74.99689,1497,76.4,76.4,76.4,69.4,65.7,0.000,0.000,0.00,0.000,0.8,2.6,0.7,290,57,1.2,2.8,0.6,230,69,0.8,2.6,0.7,290,57,190,28.58,,0,0,0,68.9,66.7,65.8,0.35,0.40,0.41
NBRA,2017-08-21 15:00:00 EDT,41.82792,-74.99689,1497,76.1,76.1,76.1,72.4,66.6,0.000,0.000,0.00,0.000,1.2,3.0,0.7,221,23,1.6,2.9,0.7,215,25,1.2,3.0,0.7,221,23,159,28.58,,0,0,0,68.9,66.7,65.8,0.35,0.40,0.41
NBRA,2017-08-21 15:05:00 EDT,41.82792,-74.99689,1497,76.3,76.3,76.3,69.3,65.5,0.000,0.000,0.00,0.000,0.5,1.7,0.5,252,39,0.9,2.1,0.5,236,47,0.5,1.7,0.5,252,39,175,28.58,,0,0,0,69.0,66.7,65.8,0.35,0.40,0.41
NBRA,2017-08-21 15:10:00 EDT,41.82792,-74.99689,1497,76.1,76.3,76.1,72.7,66.7,0.000,0.000,0.00,0.000,0.1,0.8,0.2,188,6,0.5,1.7,0.5,172,16,0.1,0.8,0.2,188,6,204,28.58,,0,0,0,69.2,66.7,65.8,0.35,0.40,0.41
NBRA,2017-08-21 15:15:00 EDT,41.82792,-74.99689,1497,76.7,76.5,76.7,70.9,66.5,0.000,0.000,0.00,0.000,0.3,2.0,0.5,235,13,0.7,2.8,0.7,207,26,0.3,2.0,0.5,235,13,264,28.58,,0,0,0,69.2,66.7,65.8,0.35,0.40,0.41
NBRA,2017-08-21 15:20:00 EDT,41.82792,-74.99689,1497,77.0,76.9,77.0,69.7,66.4,0.000,0.000,0.00,0.000,0.6,1.9,0.5,228,41,1.2,2.6,0.6,212,55,0.6,1.9,0.5,228,41,330,28.58,,0,0,0,69.3,66.7,65.8,0.35,0.40,0.41
NBRA,2017-08-21 15:25:00 EDT,41.82792,-74.99689,1497,77.8,77.2,77.8,68.2,66.5,0.000,0.000,0.00,0.000,0.5,1.8,0.5,143,24,1.0,2.4,0.6,132,35,0.5,1.8,0.5,143,24,370,28.58,,0,0,0,69.3,66.7,65.8,0.35,0.39,0.41
NBRA,2017-08-21 15:30:00 EDT,41.82792,-74.99689,1497,78.0,77.5,78.0,68.9,66.9,0.000,0.000,0.00,0.000,0.9,4.5,1.1,124,29,1.5,5.2,1.1,135,41,0.9,4.5,1.1,124,29,285,28.57,,0,0,0,69.3,66.7,65.8,0.35,0.40,0.41
NBRA,2017-08-21 15:35:00 EDT,41.82792,-74.99689,1497,78.4,77.7,78.4,69.7,67.7,0.000,0.000,0.00,0.000,2.4,4.7,1.1,171,25,2.7,5.3,1.4,172,23,2.4,4.7,1.1,171,25,581,28.57,,0,0,0,69.3,66.7,65.8,0.35,0.40,0.41
NBRA,2017-08-21 15:40:00 EDT,41.82792,-74.99689,1497,78.8,78.2,78.8,69.7,68.0,0.000,0.000,0.00,0.000,2.2,4.7,1.2,141,26,2.5,6.1,1.3,139,28,2.2,4.7,1.2,141,26,598,28.57,,0,0,0,69.3,66.7,65.8,0.35,0.39,0.41
NBRA,2017-08-21 15:45:00 EDT,41.82792,-74.99689,1497,79.0,78.1,79.0,68.7,67.8,0.000,0.000,0.00,0.000,4.7,8.3,1.5,124,15,4.8,8.3,1.6,120,15,4.7,8.3,1.5,124,15,588,28.57,,0,0,0,69.3,66.7,65.8,0.35,0.39,0.41
NBRA,2017-08-21 15:50:00 EDT,41.82792,-74.99689,1497,79.0,78.3,79.0,68.7,67.9,0.000,0.000,0.00,0.000,4.8,8.6,1.6,128,15,4.7,8.8,1.9,123,16,4.8,8.6,1.6,128,15,586,28.57,,0,0,0,69.3,66.7,65.8,0.35,0.39,0.41
NBRA,2017-08-21 15:55:00 EDT,41.82792,-74.99689,1497,79.4,78.6,79.4,67.5,67.7,0.000,0.000,0.00,0.000,5.0,8.8,1.9,130,19,5.3,9.9,2.0,126,20,5.0,8.8,1.9,130,19,584,28.57,,0,0,0,69.3,66.7,65.8,0.35,0.39,0.41
NBRA,2017-08-21 16:00:00 EDT,41.82792,-74.99689,1497,79.5,78.9,79.5,65.7,67.0,0.000,0.000,0.00,0.000,4.6,9.9,1.9,135,22,4.8,8.8,1.8,134,22,4.6,9.9,1.9,135,22,575,28.57,,0,0,0,69.3,66.7,65.8,0.35,0.39,0.41
NBRA,2017-08-21 16:05:00 EDT,41.82792,-74.99689,1497,79.3,78.8,79.3,65.0,66.5,0.000,0.000,0.00,0.000,3.6,8.3,1.8,172,34,4.1,9.4,2.1,171,33,3.6,8.3,1.8,172,34,565,28.57,,0,0,0,69.3,66.7,65.8,0.35,0.39,0.41
NBRA,2017-08-21 16:10:00 EDT,41.82792,-74.99689,1497,79.8,79.0,79.8,65.3,67.1,0.000,0.000,0.00,0.000,3.4,8.5,1.8,149,24,3.8,9.5,2.2,149,25,3.4,8.5,1.8,149,24,571,28.57,,0,0,0,69.3,66.7,65.8,0.35,0.39,0.41
NBRA,2017-08-21 16:15:00 EDT,41.82792,-74.99689,1497,80.2,79.3,82.7,65.0,67.4,0.000,0.000,0.00,0.000,3.1,6.4,1.3,141,25,3.1,7.3,1.4,136,26,3.1,6.4,1.3,141,25,561,28.56,,0,0,0,69.3,66.7,65.8,0.35,0.39,0.41
NBRA,2017-08-21 16:20:00 EDT,41.82792,-74.99689,1497,79.8,79.1,79.8,64.8,66.9,0.000,0.000,0.00,0.000,4.1,8.5,1.6,141,25,4.5,8.3,1.7,140,25,4.1,8.5,1.6,141,25,537,28.56,,0,0,0,69.3,66.7,65.8,0.35,0.39,0.41
NBRA,2017-08-21 16:25:00 EDT,41.82792,-74.99689,1497,79.6,78.9,79.6,64.1,66.4,0.000,0.000,0.00,0.000,3.0,7.4,1.4,169,29,3.8,11.2,2.0,169,28,3.0,7.4,1.4,169,29,552,28.56,,0,0,0,69.3,66.8,65.8,0.35,0.39,0.41
NBRA,2017-08-21 16:30:00 EDT,41.82792,-74.99689,1497,79.7,79.1,79.7,64.1,66.5,0.000,0.000,0.00,0.000,3.2,7.0,1.2,142,22,3.4,8.0,1.5,142,23,3.2,7.0,1.2,142,22,519,28.56,,0,0,0,69.5,66.7,65.8,0.35,0.39,0.41
NBRA,2017-08-21 16:35:00 EDT,41.82792,-74.99689,1497,79.6,79.2,79.6,64.1,66.4,0.000,0.000,0.00,0.000,2.8,6.1,1.4,194,37,3.5,6.7,1.6,192,35,2.8,6.1,1.4,194,37,486,28.56,,0,0,0,69.6,66.7,65.8,0.35,0.39,0.41
NBRA,2017-08-21 16:40:00 EDT,41.82792,-74.99689,1497,79.4,79.0,79.4,63.6,66.0,0.000,0.000,0.00,0.000,3.1,5.5,1.3,149,33,3.5,6.8,1.4,148,32,3.1,5.5,1.3,149,33,491,28.56,,0,0,0,69.6,66.8,65.8,0.35,0.39,0.41
NBRA,2017-08-21 16:45:00 EDT,41.82792,-74.99689,1497,79.8,79.2,79.8,65.0,66.9,0.000,0.000,0.00,0.000,1.9,5.4,1.0,171,38,2.3,6.2,1.2,172,36,1.9,5.4,1.0,171,38,467,28.56,,0,0,0,69.6,66.8,65.8,0.35,0.39,0.41
NBRA,2017-08-21 16:50:00 EDT,41.82792,-74.99689,1497,79.4,78.9,79.4,64.4,66.3,0.000,0.000,0.00,0.000,2.4,5.5,1.4,169,24,2.9,6.9,1.6,165,26,2.4,5.5,1.4,169,24,381,28.56,,0,0,0,69.6,66.9,65.8,0.35,0.39,0.41
NBRA,2017-08-21 16:55:00 EDT,41.82792,-74.99689,1497,79.2,78.9,79.2,66.2,67.0,0.000,0.000,0.00,0.000,2.0,4.9,1.3,192,26,2.7,5.8,1.4,188,24,2.0,4.9,1.3,192,26,329,28.56,,0,0,0,69.6,67.0,65.8,0.35,0.39,0.41
NBRA,2017-08-21 17:00:00 EDT,41.82792,-74.99689,1497,79.4,79.1,79.4,66.9,67.4,0.000,0.000,0.00,0.000,3.5,6.1,1.3,133,19,3.6,7.0,1.5,128,19,3.5,6.1,1.3,133,19,430,28.56,,0,0,0,69.6,67.0,65.7,0.34,0.39,0.41
NBRA,2017-08-21 17:05:00 EDT,41.82792,-74.99689,1497,79.6,79.3,79.6,67.4,67.8,0.000,0.000,0.00,0.000,1.9,5.6,1.2,154,27,2.5,5.8,1.3,157,27,1.9,5.6,1.2,154,27,411,28.56,,0,0,0,69.6,67.1,65.7,0.34,0.39,0.41
NBRA,2017-08-21 17:10:00 EDT,41.82792,-74.99689,1497,79.5,79.2,79.5,64.5,66.4,0.000,0.000,0.00,0.000,3.2,6.1,1.3,197,38,3.8,7.2,1.4,196,37,3.2,6.1,1.3,197,38,374,28.56,,0,0,0,69.6,67.1,65.7,0.34,0.39,0.41
NBRA,2017-08-21 17:15:00 EDT,41.82792,-74.99689,1497,79.4,79.1,79.4,64.2,66.3,0.000,0.000,0.00,0.000,3.0,5.9,1.1,141,26,3.4,7.0,1.2,137,28,3.0,5.9,1.1,141,26,383,28.56,,0,0,0,69.6,67.1,65.7,0.34,0.39,0.41
NBRA,2017-08-21 17:20:00 EDT,41.82792,-74.99689,1497,79.3,79.1,79.3,65.1,66.6,0.000,0.000,0.00,0.000,5.2,7.5,1.1,129,17,5.4,8.6,1.3,123,18,5.2,7.5,1.1,129,17,362,28.55,,0,0,0,69.6,67.1,65.7,0.34,0.39,0.41
NBRA,2017-08-21 17:25:00 EDT,41.82792,-74.99689,1497,79.1,78.9,79.1,66.1,66.8,0.000,0.000,0.00,0.000,2.1,4.3,1.2,184,32,2.7,7.2,1.4,184,35,2.1,4.3,1.2,184,32,353,28.55,,0,0,0,69.6,67.1,65.7,0.34,0.39,0.41
NBRA,2017-08-21 17:30:00 EDT,41.82792,-74.99689,1497,79.2,78.9,79.2,66.2,66.9,0.000,0.000,0.00,0.000,1.9,5.0,1.2,166,33,2.3,5.4,1.2,166,34,1.9,5.0,1.2,166,33,309,28.55,,0,0,0,69.6,67.1,65.7,0.34,0.39,0.40
NBRA,2017-08-21 17:35:00 EDT,41.82792,-74.99689,1497,78.5,78.6,78.5,67.9,67.0,0.000,0.000,0.00,0.000,2.1,5.3,1.0,174,27,2.6,5.8,1.1,171,27,2.1,5.3,1.0,174,27,144,28.56,,0,0,0,69.6,67.1,65.7,0.34,0.39,0.41
NBRA,2017-08-21 17:40:00 EDT,41.82792,-74.99689,1497,77.8,78.2,77.8,68.5,66.6,0.000,0.000,0.00,0.000,1.4,3.8,0.9,187,35,1.9,5.4,1.0,179,35,1.4,3.8,0.9,187,35,74,28.56,,0,0,0,69.6,67.1,65.7,0.34,0.39,0.40
NBRA,2017-08-21 17:45:00 EDT,41.82792,-74.99689,1497,76.8,77.8,76.8,70.1,66.4,0.000,0.000,0.00,0.000,1.3,2.8,0.7,191,21,1.7,3.5,0.8,188,22,1.3,2.8,0.7,191,21,73,28.55,,0,0,0,69.6,67.1,65.7,0.34,0.39,0.40
NBRA,2017-08-21 17:50:00 EDT,41.82792,-74.99689,1497,75.0,76.7,75.0,75.6,66.7,0.000,0.000,0.00,0.000,1.8,2.8,0.5,250,18,2.0,3.3,0.5,250,18,1.8,2.8,0.5,250,18,90,28.55,,0,0,0,69.6,67.1,65.7,0.34,0.39,0.40
NBRA,2017-08-21 17:55:00 EDT,41.82792,-74.99689,1497,74.8,76.7,74.8,78.0,67.5,0.000,0.000,0.00,0.000,0.8,2.6,1.0,260,16,1.3,3.0,0.9,262,26,0.8,2.6,1.0,260,16,98,28.55,,0,0,0,69.7,67.1,65.7,0.34,0.39,0.40
NBRA,2017-08-21 18:00:00 EDT,41.82792,-74.99689,1497,74.2,76.4,74.2,79.5,67.4,0.000,0.000,0.00,0.000,1.5,2.4,0.7,277,13,1.9,3.0,0.7,277,15,1.5,2.4,0.7,277,13,84,28.55,,0,0,0,69.7,67.1,65.6,0.34,0.39,0.40
NBRA,2017-08-21 18:05:00 EDT,41.82792,-74.99689,1497,74.6,76.7,74.6,78.7,67.5,0.000,0.000,0.00,0.000,2.0,3.2,0.5,262,23,2.4,3.3,0.5,263,20,2.0,3.2,0.5,262,23,88,28.54,,0,0,0,69.8,67.1,65.6,0.34,0.39,0.40
NBRA,2017-08-21 18:10:00 EDT,41.82792,-74.99689,1497,74.3,76.7,74.3,80.7,68.0,0.000,0.000,0.00,0.000,1.4,3.1,0.7,270,20,1.7,3.6,0.8,271,17,1.4,3.1,0.7,270,20,90,28.54,,0,0,0,69.8,67.1,65.8,0.34,0.39,0.40
NBRA,2017-08-21 18:15:00 EDT,41.82792,-74.99689,1497,74.5,76.9,74.5,79.5,67.8,0.000,0.000,0.00,0.000,1.2,2.3,0.5,250,20,1.4,2.7,0.6,247,20,1.2,2.3,0.5,250,20,81,28.54,,0,0,0,69.9,67.1,65.7,0.34,0.39,0.40
NBRA,2017-08-21 18:20:00 EDT,41.82792,-74.99689,1497,75.0,77.0,75.0,78.1,67.8,0.000,0.000,0.00,0.000,1.8,3.3,0.6,236,25,2.0,3.8,0.6,233,25,1.8,3.3,0.6,236,25,69,28.54,,0,0,0,69.9,67.1,65.7,0.34,0.39,0.40
NBRA,2017-08-21 18:25:00 EDT,41.82792,-74.99689,1497,75.2,77.0,75.2,77.1,67.6,0.000,0.000,0.00,0.000,1.0,3.2,0.8,200,22,1.3,3.6,0.9,199,27,1.0,3.2,0.8,200,22,61,28.54,,0,0,0,69.9,67.1,65.8,0.34,0.39,0.40
NBRA,2017-08-21 18:30:00 EDT,41.82792,-74.99689,1497,74.2,76.1,74.2,80.5,67.8,0.000,0.000,0.00,0.000,1.2,2.7,0.8,286,14,1.7,3.2,0.8,281,27,1.2,2.7,0.8,286,14,55,28.54,,0,0,0,70.0,67.1,65.8,0.34,0.39,0.40
NBRA,2017-08-21 18:35:00 EDT,41.82792,-74.99689,1497,73.6,75.7,73.6,82.2,67.9,0.000,0.000,0.00,0.000,2.0,2.6,0.4,268,12,2.4,3.4,0.5,267,11,2.0,2.6,0.4,268,12,48,28.54,,0,0,0,70.0,67.1,65.8,0.34,0.39,0.40
NBRA,2017-08-21 18:40:00 EDT,41.82792,-74.99689,1497,73.7,76.2,73.7,,,0.000,0.000,0.00,0.000,1.3,2.5,0.7,257,14,1.6,3.0,0.8,259,17,1.3,2.5,0.7,257,14,44,28.54,,0,0,0,70.0,67.1,65.7,0.34,0.39,0.40
NBRA,2017-08-21 18:45:00 EDT,41.82792,-74.99689,1497,73.3,76.0,73.3,83.8,68.1,0.000,0.000,0.00,0.000,0.8,1.8,0.5,251,11,1.1,2.3,0.6,250,14,0.8,1.8,0.5,251,11,40,28.54,,0,0,0,70.0,67.1,65.8,0.34,0.39,0.40
NBRA,2017-08-21 18:50:00 EDT,41.82792,-74.99689,1497,73.2,75.9,73.2,84.0,68.1,0.000,0.000,0.00,0.000,0.9,2.6,0.6,253,18,1.2,2.9,0.7,255,16,0.9,2.6,0.6,253,18,37,28.54,,0,0,0,70.0,67.1,65.7,0.34,0.39,0.40
NBRA,2017-08-21 18:55:00 EDT,41.82792,-74.99689,1497,73.8,76.1,73.8,83.0,68.3,0.000,0.000,0.00,0.000,1.5,3.7,0.6,225,20,1.8,4.3,0.7,221,19,1.5,3.7,0.6,225,20,37,28.54,,0,0,0,70.0,67.1,65.7,0.34,0.39,0.40
NBRA,2017-08-21 19:00:00 EDT,41.82792,-74.99689,1497,73.8,76.1,73.8,83.2,68.4,0.000,0.000,0.00,0.000,1.4,2.0,0.3,202,26,1.7,2.8,0.3,201,26,1.4,2.0,0.3,202,26,37,28.54,,0,0,0,70.0,67.1,65.7,0.34,0.39,0.40
NBRA,2017-08-21 19:05:00 EDT,41.82792,-74.99689,1497,73.4,75.8,73.4,84.3,68.3,0.000,0.000,0.00,0.000,1.3,2.5,0.5,252,27,1.6,2.9,0.6,253,27,1.3,2.5,0.5,252,27,45,28.54,,0,0,0,70.0,67.3,65.7,0.34,0.39,0.40
NBRA,2017-08-21 19:10:00 EDT,41.82792,-74.99689,1497,73.3,75.5,73.3,85.4,68.6,0.000,0.000,0.00,0.000,1.8,2.6,0.6,265,13,2.2,3.6,0.7,266,13,1.8,2.6,0.6,265,13,64,28.54,,0,0,0,70.0,67.2,65.8,0.35,0.39,0.40
NBRA,2017-08-21 19:15:00 EDT,41.82792,-74.99689,1497,73.4,75.8,73.4,85.6,68.8,0.000,0.000,0.00,0.000,0.4,1.9,0.5,259,20,0.9,2.8,0.7,254,37,0.4,1.9,0.5,259,20,73,28.54,,0,0,0,70.0,67.4,65.8,0.35,0.39,0.40
NBRA,2017-08-21 19:20:00 EDT,41.82792,-74.99689,1497,73.8,75.5,73.8,85.7,69.3,0.000,0.000,0.00,0.000,0.2,1.4,0.3,294,26,0.7,2.1,0.6,287,47,0.2,1.4,0.3,294,26,68,28.54,,0,0,0,70.0,67.4,65.8,0.34,0.39,0.40
NBRA,2017-08-21 19:25:00 EDT,41.82792,-74.99689,1497,73.6,75.2,73.6,85.6,69.0,0.000,0.000,0.00,0.000,0.2,0.8,0.2,223,16,0.4,1.3,0.5,215,21,0.2,0.8,0.2,223,16,57,28.54,,0,0,0,70.0,67.4,65.8,0.34,0.39,0.40
NBRA,2017-08-21 19:30:00 EDT,41.82792,-74.99689,1497,73.2,74.7,73.2,86.6,69.0,0.000,0.000,0.00,0.000,0.7,1.2,0.3,201,1,1.1,1.6,0.3,197,6,0.7,1.2,0.3,201,1,42,28.55,,0,0,0,70.0,67.4,65.8,0.34,0.39,0.40
NBRA,2017-08-21 19:35:00 EDT,41.82792,-74.99689,1497,72.8,74.6,72.8,87.1,68.7,0.000,0.000,0.00,0.000,0.3,0.9,0.4,203,4,0.6,1.4,0.6,199,18,0.3,0.9,0.4,203,4,30,28.55,,0,0,0,70.0,67.5,65.8,0.34,0.39,0.40
NBRA,2017-08-21 19:40:00 EDT,41.82792,-74.99689,1497,72.4,74.6,72.4,87.6,68.5,0.000,0.000,0.00,0.000,0.6,1.4,0.3,234,9,0.9,1.8,0.4,229,13,0.6,1.4,0.3,234,9,21,28.55,,0,0,0,70.0,67.5,65.8,0.34,0.39,0.40
NBRA,2017-08-21 19:45:00 EDT,41.82792,-74.99689,1497,73.1,75.1,73.1,86.6,68.8,0.000,0.000,0.00,0.000,0.7,2.6,0.6,202,38,1.3,3.8,0.6,203,42,0.7,2.6,0.6,202,38,13,28.55,,0,0,0,70.0,67.5,65.8,0.34,0.39,0.40
NBRA,2017-08-21 19:50:00 EDT,41.82792,-74.99689,1497,72.6,74.5,72.6,85.9,68.1,0.000,0.000,0.00,0.000,1.1,2.3,0.6,273,12,1.5,2.8,0.7,272,14,1.1,2.3,0.6,273,12,7,28.55,,0,0,0,70.0,67.5,65.8,0.34,0.39,0.40
NBRA,2017-08-21 19:55:00 EDT,41.82792,-74.99689,1497,71.7,74.4,71.7,86.9,67.6,0.000,0.000,0.00,0.000,0.4,1.5,0.6,260,8,0.7,2.0,0.7,235,31,0.4,1.5,0.6,260,8,2,28.55,,0,0,0,69.9,67.5,65.8,0.34,0.39,0.40
NBRA,2017-08-21 20:00:00 EDT,41.82792,-74.99689,1497,71.6,73.4,71.6,88.8,68.1,0.000,0.000,0.00,0.000,0.9,2.0,0.5,243,25,1.2,2.4,0.5,238,32,0.9,2.0,0.5,243,25,1,28.55,,0,0,0,70.0,67.5,65.8,0.34,0.39,0.40
NBRA,2017-08-21 20:05:00 EDT,41.82792,-74.99689,1497,72.1,73.7,72.1,88.7,68.6,0.000,0.000,0.00,0.000,0.5,1.5,0.4,326,24,0.8,2.0,0.5,324,22,0.5,1.5,0.4,326,24,0,28.55,,0,0,0,69.9,67.5,65.8,0.34,0.39,0.40
NBRA,2017-08-21 20:10:00 EDT,41.82792,-74.99689,1497,72.0,73.5,72.0,88.9,68.6,0.000,0.000,0.00,0.000,2.0,3.1,0.6,302,12,2.2,3.5,0.6,303,11,2.0,3.1,0.6,302,12,0,28.55,,0,0,0,69.9,67.5,65.8,0.34,0.39,0.40
NBRA,2017-08-21 20:15:00 EDT,41.82792,-74.99689,1497,72.5,74.2,72.5,88.6,69.0,0.000,0.000,0.00,0.000,1.4,2.7,0.6,201,59,1.9,3.3,0.7,200,57,1.4,2.7,0.6,201,59,0,28.55,,0,0,0,69.9,67.5,65.8,0.34,0.39,0.40
NBRA,2017-08-21 20:20:00 EDT,41.82792,-74.99689,1497,72.6,74.0,72.6,88.3,69.0,0.000,0.000,0.00,0.000,1.1,3.4,0.9,151,29,1.5,4.2,0.9,148,33,1.1,3.4,0.9,151,29,0,28.55,,0,0,0,69.8,67.5,65.8,0.34,0.39,0.40
NBRA,2017-08-21 20:25:00 EDT,41.82792,-74.99689,1497,72.5,73.7,72.5,88.4,68.9,0.000,0.000,0.00,0.000,1.7,3.7,0.9,123,24,2.0,5.3,0.9,121,30,1.7,3.7,0.9,123,24,0,28.55,,0,0,0,69.7,67.5,65.8,0.34,0.39,0.40
NBRA,2017-08-21 20:30:00 EDT,41.82792,-74.99689,1497,72.3,73.4,72.3,88.5,68.7,0.000,0.000,0.00,0.000,0.6,2.6,0.6,131,17,0.9,2.9,0.7,125,28,0.6,2.6,0.6,131,17,0,28.55,,0,0,0,69.7,67.5,65.8,0.34,0.39,0.40
NBRA,2017-08-21 20:35:00 EDT,41.82792,-74.99689,1497,72.2,73.2,72.2,89.2,68.8,0.000,0.000,0.00,0.000,1.5,4.2,1.0,105,19,1.9,4.9,1.0,101,23,1.5,4.2,1.0,105,19,0,28.55,,0,0,0,69.6,67.5,65.8,0.34,0.39,0.40
NBRA,2017-08-21 20:40:00 EDT,41.82792,-74.99689,1497,72.1,72.8,72.1,89.0,68.7,0.000,0.000,0.00,0.000,1.8,4.1,1.2,109,18,2.3,4.4,1.1,104,18,1.8,4.1,1.2,109,18,0,28.55,,0,0,0,69.6,67.5,65.8,0.34,0.39,0.40
NBRA,2017-08-21 20:45:00 EDT,41.82792,-74.99689,1497,71.9,73.0,71.9,87.0,67.8,0.000,0.000,0.00,0.000,2.1,3.7,0.8,106,13,2.4,4.4,0.9,102,13,2.1,3.7,0.8,106,13,0,28.54,,0,0,0,69.6,67.5,65.8,0.34,0.39,0.40
NBRA,2017-08-21 20:50:00 EDT,41.82792,-74.99689,1497,70.8,72.6,70.8,88.1,67.2,0.000,0.000,0.00,0.000,2.2,3.1,0.5,106,11,2.5,3.4,0.5,103,10,2.2,3.1,0.5,106,11,0,28.55,,0,0,0,69.6,67.5,65.8,0.34,0.39,0.40
NBRA,2017-08-21 20:55:00 EDT,41.82792,-74.99689,1497,70.4,72.1,70.4,88.3,66.8,0.000,0.000,0.00,0.000,1.7,3.1,0.7,71,31,2.1,3.6,0.7,64,32,1.7,3.1,0.7,71,31,0,28.55,,0,0,0,69.6,67.5,65.8,0.34,0.39,0.40
NBRA,2017-08-21 21:00:00 EDT,41.82792,-74.99689,1497,69.9,71.9,69.9,90.2,66.9,0.000,0.000,0.00,0.000,1.3,2.8,0.5,46,24,1.6,3.4,0.7,39,25,1.3,2.8,0.5,46,24,0,28.55,,0,0,0,69.6,67.5,65.8,0.34,0.39,0.40
NBRA,2017-08-21 21:05:00 EDT,41.82792,-74.99689,1497,69.6,71.6,69.6,92.1,67.3,0.000,0.000,0.00,0.000,0.8,1.9,0.5,330,32,1.3,2.4,0.5,338,37,0.8,1.9,0.5,330,32,0,28.55,,0,0,0,69.6,67.5,65.8,0.34,0.39,0.40
NBRA,2017-08-21 21:10:00 EDT,41.82792,-74.99689,1497,69.2,71.6,69.2,91.4,66.6,0.000,0.000,0.00,0.000,0.5,1.2,0.3,354,29,1.0,1.9,0.5,356,30,0.5,1.2,0.3,354,29,0,28.55,,0,0,0,69.6,67.5,65.8,0.34,0.39,0.40
NBRA,2017-08-21 21:15:00 EDT,41.82792,-74.99689,1497,69.2,71.3,69.2,92.6,67.0,0.000,0.000,0.00,0.000,1.2,2.6,0.6,316,37,1.5,3.0,0.7,315,36,1.2,2.6,0.6,316,37,0,28.55,,0,0,0,69.6,67.5,65.8,0.34,0.39,0.40
NBRA,2017-08-21 21:20:00 EDT,41.82792,-74.99689,1497,69.0,71.2,69.0,91.7,66.5,0.000,0.000,0.00,0.000,1.4,2.4,0.5,343,17,1.8,3.1,0.5,339,21,1.4,2.4,0.5,343,17,0,28.55,,0,0,0,69.6,67.5,65.8,0.34,0.39,0.40
NBRA,2017-08-21 21:25:00 EDT,41.82792,-74.99689,1497,69.4,71.3,69.4,91.2,66.8,0.000,0.000,0.00,0.000,0.6,1.9,0.6,340,23,1.0,2.9,0.8,333,31,0.6,1.9,0.6,340,23,0,28.55,,0,0,0,69.6,67.5,65.8,0.34,0.39,0.40
NBRA,2017-08-21 21:30:00 EDT,41.82792,-74.99689,1497,69.2,70.7,69.2,91.3,66.5,0.000,0.000,0.00,0.000,0.5,2.0,0.7,303,20,0.9,2.4,0.7,304,43,0.5,2.0,0.7,303,20,0,28.55,,0,0,0,69.6,67.6,65.8,0.34,0.39,0.40
NBRA,2017-08-21 21:35:00 EDT,41.82792,-74.99689,1497,69.0,71.3,69.0,92.0,66.6,0.000,0.000,0.00,0.000,0.7,1.9,0.6,16,37,1.2,2.4,0.7,14,38,0.7,1.9,0.6,16,37,0,28.55,,0,0,0,69.6,67.7,65.8,0.34,0.39,0.40
NBRA,2017-08-21 21:40:00 EDT,41.82792,-74.99689,1497,68.0,71.0,68.0,91.5,65.4,0.000,0.000,0.00,0.000,1.0,2.5,0.7,271,40,1.3,3.0,0.8,275,43,1.0,2.5,0.7,271,40,0,28.55,,0,0,0,69.6,67.7,65.8,0.34,0.39,0.40
NBRA,2017-08-21 21:45:00 EDT,41.82792,-74.99689,1497,68.5,70.5,68.5,93.6,66.6,0.000,0.000,0.00,0.000,1.2,2.6,0.7,266,12,1.6,3.5,0.7,266,14,1.2,2.6,0.7,266,12,0,28.56,,0,0,0,69.6,67.8,65.8,0.34,0.39,0.40
NBRA,2017-08-21 21:50:00 EDT,41.82792,-74.99689,1497,68.5,70.8,68.5,92.6,66.3,0.000,0.000,0.00,0.000,1.3,2.6,0.7,295,13,1.5,3.0,0.7,294,14,1.3,2.6,0.7,295,13,0,28.56,,0,0,0,69.6,67.8,65.8,0.34,0.39,0.40
NBRA,2017-08-21 21:55:00 EDT,41.82792,-74.99689,1497,68.3,70.5,68.3,92.8,66.2,0.000,0.000,0.00,0.000,0.8,1.8,0.6,307,24,1.1,2.4,0.7,311,28,0.8,1.8,0.6,307,24,0,28.55,,0,0,0,69.6,67.8,65.8,0.34,0.39,0.40
NBRA,2017-08-21 22:00:00 EDT,41.82792,-74.99689,1497,68.5,70.3,68.5,92.7,66.3,0.000,0.000,0.00,0.000,0.6,2.3,0.8,294,7,0.8,2.9,0.9,297,10,0.6,2.3,0.8,294,7,0,28.56,,0,0,0,69.6,67.8,65.8,0.34,0.39,0.40
NBRA,2017-08-21 22:05:00 EDT,41.82792,-74.99689,1497,68.0,70.1,68.0,92.7,65.8,0.000,0.000,0.00,0.000,1.1,1.9,0.5,268,36,1.4,2.3,0.5,270,36,1.1,1.9,0.5,268,36,0,28.56,,0,0,0,69.5,67.8,65.8,0.34,0.39,0.40
NBRA,2017-08-21 22:10:00 EDT,41.82792,-74.99689,1497,67.9,69.9,67.9,93.0,65.8,0.000,0.000,0.00,0.000,0.8,1.8,0.6,329,14,1.0,2.0,0.6,324,12,0.8,1.8,0.6,329,14,0,28.56,,0,0,0,69.5,67.8,65.8,0.34,0.39,0.40
NBRA,2017-08-21 22:15:00 EDT,41.82792,-74.99689,1497,67.4,69.7,67.4,93.4,65.4,0.000,0.000,0.00,0.000,0.9,2.3,0.6,308,28,1.3,2.8,0.7,305,28,0.9,2.3,0.6,308,28,0,28.55,,0,0,0,69.3,67.8,65.8,0.34,0.39,0.40
NBRA,2017-08-21 22:20:00 EDT,41.82792,-74.99689,1497,68.0,69.4,68.0,94.3,66.3,0.000,0.000,0.00,0.000,0.3,0.9,0.3,260,18,0.6,1.3,0.5,242,23,0.3,0.9,0.3,260,18,0,28.55,,0,0,0,69.3,67.8,65.8,0.34,0.39,0.40
NBRA,2017-08-21 22:25:00 EDT,41.82792,-74.99689,1497,67.8,69.2,67.8,93.8,65.9,0.000,0.000,0.00,0.000,1.5,2.2,0.8,304,13,1.7,2.8,0.7,301,12,1.5,2.2,0.8,304,13,0,28.55,,0,0,0,69.3,67.8,65.8,0.34,0.39,0.40
NBRA,2017-08-21 22:30:00 EDT,41.82792,-74.99689,1497,67.2,69.2,67.2,93.6,65.3,0.000,0.000,0.00,0.000,2.4,3.1,0.4,304,10,2.5,3.9,0.5,303,8,2.4,3.1,0.4,304,10,0,28.55,,0,0,0,69.3,67.8,65.8,0.34,0.39,0.40
NBRA,2017-08-21 22:35:00 EDT,41.82792,-74.99689,1497,67.4,69.1,67.4,93.8,65.6,0.000,0.000,0.00,0.000,2.5,3.0,0.3,292,10,2.8,3.6,0.4,292,10,2.5,3.0,0.3,292,10,0,28.55,,0,0,0,69.3,67.8,65.8,0.34,0.39,0.40
NBRA,2017-08-21 22:40:00 EDT,41.82792,-74.99689,1497,67.0,69.0,67.0,94.1,65.2,0.000,0.000,0.00,0.000,2.0,2.9,0.3,298,12,2.2,3.4,0.4,297,12,2.0,2.9,0.3,298,12,0,28.55,,0,0,0,69.3,67.8,65.8,0.34,0.39,0.40
NBRA,2017-08-21 22:45:00 EDT,41.82792,-74.99689,1497,66.4,68.7,66.4,94.2,64.7,0.000,0.000,0.00,0.000,2.5,3.8,0.5,317,14,2.6,4.4,0.7,313,13,2.5,3.8,0.5,317,14,0,28.55,,0,0,0,69.3,67.8,65.8,0.34,0.39,0.40
NBRA,2017-08-21 22:50:00 EDT,41.82792,-74.99689,1497,66.8,68.7,66.8,94.8,65.2,0.000,0.000,0.00,0.000,2.5,3.8,0.4,309,22,2.7,4.3,0.6,306,21,2.5,3.8,0.4,309,22,0,28.55,,0,0,0,69.3,67.8,65.8,0.34,0.39,0.40
NBRA,2017-08-21 22:55:00 EDT,41.82792,-74.99689,1497,67.0,69.5,67.0,94.5,65.3,0.000,0.000,0.00,0.000,2.0,3.3,0.8,311,22,2.4,4.5,1.1,311,23,2.0,3.3,0.8,311,22,0,28.55,,0,0,0,69.3,67.8,65.8,0.34,0.39,0.40
NBRA,2017-08-21 23:00:00 EDT,41.82792,-74.99689,1497,66.9,69.3,66.9,93.1,64.8,0.000,0.000,0.00,0.000,2.3,3.2,0.4,316,13,2.4,3.7,0.5,314,12,2.3,3.2,0.4,316,13,0,28.55,,0,0,0,69.3,67.8,65.8,0.34,0.39,0.40
NBRA,2017-08-21 23:05:00 EDT,41.82792,-74.99689,1497,66.6,68.9,66.6,93.8,64.8,0.000,0.000,0.00,0.000,2.5,3.4,0.5,302,17,2.8,4.0,0.7,301,16,2.5,3.4,0.5,302,17,0,28.55,,0,0,0,69.3,67.8,65.8,0.34,0.39,0.40
NBRA,2017-08-21 23:10:00 EDT,41.82792,-74.99689,1497,66.6,68.5,66.6,94.0,64.8,0.000,0.000,0.00,0.000,2.5,3.2,0.3,316,13,2.5,4.2,0.5,313,11,2.5,3.2,0.3,316,13,0,28.55,,0,0,0,69.3,67.8,65.8,0.34,0.39,0.40
NBRA,2017-08-21 23:15:00 EDT,41.82792,-74.99689,1497,66.4,68.4,66.4,93.8,64.6,0.000,0.000,0.00,0.000,2.9,4.1,0.5,291,10,3.2,4.8,0.6,291,10,2.9,4.1,0.5,291,10,0,28.55,,0,0,0,69.3,67.8,65.8,0.34,0.39,0.40
NBRA,2017-08-21 23:20:00 EDT,41.82792,-74.99689,1497,66.7,68.6,66.7,93.9,64.8,0.000,0.000,0.00,0.000,2.0,2.8,0.5,267,19,2.3,3.4,0.6,265,20,2.0,2.8,0.5,267,19,0,28.55,,0,0,0,69.2,67.8,65.8,0.34,0.39,0.40
NBRA,2017-08-21 23:25:00 EDT,41.82792,-74.99689,1497,66.6,68.7,66.6,93.4,64.6,0.000,0.000,0.00,0.000,1.7,2.4,0.5,277,6,2.1,2.9,0.6,277,7,1.7,2.4,0.5,277,6,0,28.55,,0,0,0,69.1,67.8,65.8,0.34,0.39,0.40
NBRA,2017-08-21 23:30:00 EDT,41.82792,-74.99689,1497,66.2,68.7,66.2,94.0,64.4,0.000,0.000,0.00,0.000,2.4,3.3,0.5,301,8,2.6,4.0,0.5,301,6,2.4,3.3,0.5,301,8,0,28.55,,0,0,0,68.9,67.8,65.8,0.34,0.39,0.40
NBRA,2017-08-21 23:35:00 EDT,41.82792,-74.99689,1497,65.6,68.3,65.6,93.6,63.8,0.000,0.000,0.00,0.000,1.7,3.7,0.9,253,32,2.0,4.3,0.9,247,35,1.7,3.7,0.9,253,32,0,28.55,,0,0,0,68.9,67.8,65.8,0.34,0.39,0.40
NBRA,2017-08-21 23:40:00 EDT,41.82792,-74.99689,1497,66.1,67.8,66.1,94.4,64.4,0.000,0.000,0.00,0.000,1.0,3.7,1.2,282,23,1.3,4.2,1.3,281,24,1.0,3.7,1.2,282,23,0,28.55,,0,0,0,68.9,67.8,65.8,0.34,0.39,0.40
NBRA,2017-08-21 23:45:00 EDT,41.82792,-74.99689,1497,65.9,68.1,65.9,93.8,64.0,0.000,0.000,0.00,0.000,3.0,3.7,0.3,292,5,3.4,4.1,0.4,293,5,3.0,3.7,0.3,292,5,0,28.54,,0,0,0,68.9,67.8,65.8,0.34,0.39,0.40
NBRA,2017-08-21 23:50:00 EDT,41.82792,-74.99689,1497,65.8,68.0,65.8,94.2,64.1,0.000,0.000,0.00,0.000,2.9,3.4,0.2,292,4,3.2,3.8,0.3,292,5,2.9,3.4,0.2,292,4,0,28.54,,0,0,0,68.9,67.8,65.8,0.34,0.39,0.40
NBRA,2017-08-21 23:55:00 EDT,41.82792,-74.99689,1497,65.5,68.1,65.5,94.0,63.8,0.000,0.000,0.00,0.000,2.2,3.2,0.5,285,7,2.6,3.7,0.5,286,8,2.2,3.2,0.5,285,7,0,28.54,,0,0,0,68.9,67.8,65.8,0.34,0.39,0.40
NEWC,2017-08-21 00:00:00 EDT,43.97329,-74.22273,1645,54.8,56.0,54.8,98.5,54.4,0.000,0.019,0.00,0.000,0.0,0.4,0.1,273,0,0.4,1.0,0.4,315,3,0.0,0.4,0.1,273,0,0,28.42,,0,0,0,69.2,67.1,64.4,0.32,0.29,0.18
NEWC,2017-08-21 00:05:00 EDT,43.97329,-74.22273,1645,54.7,55.6,54.7,98.5,54.3,0.000,0.000,0.00,0.000,0.4,1.4,0.5,283,19,0.9,1.8,0.6,297,22,0.4,1.4,0.5,283,19,0,28.42,,0,0,0,68.9,67.1,64.4,0.32,0.29,0.18
NEWC,2017-08-21 00:10:00 EDT,43.97329,-74.22273,1645,54.4,55.3,54.4,98.4,54.0,0.000,0.000,0.00,0.000,0.6,1.6,0.6,260,5,1.0,2.1,0.7,251,16,0.6,1.6,0.6,260,5,0,28.42,,0,0,0,68.9,67.1,64.4,0.32,0.29,0.18
NEWC,2017-08-21 00:15:00 EDT,43.97329,-74.22273,1645,54.3,54.9,54.3,98.4,53.9,0.000,0.000,0.00,0.000,0.5,1.2,0.4,259,7,0.7,1.6,0.6,263,14,0.5,1.2,0.4,259,7,0,28.42,,0,0,0,68.9,67.1,64.4,0.32,0.29,0.18
NEWC,2017-08-21 00:20:00 EDT,43.97329,-74.22273,1645,54.3,54.9,54.3,98.3,53.9,0.000,0.000,0.00,0.000,0.4,1.1,0.4,273,0,0.8,1.7,0.6,272,12,0.4,1.1,0.4,273,0,0,28.42,,0,0,0,68.9,67.1,64.4,0.32,0.29,0.18
NEWC,2017-08-21 00:25:00 EDT,43.97329,-74.22273,1645,54.2,54.6,54.2,98.4,53.7,0.000,0.000,0.00,0.000,0.6,1.2,0.4,255,9,0.9,1.6,0.5,256,10,0.6,1.2,0.4,255,9,0,28.43,,0,0,0,68.9,67.1,64.4,0.32,0.29,0.18
NEWC,2017-08-21 00:30:00 EDT,43.97329,-74.22273,1645,53.9,54.6,53.9,98.3,53.5,0.000,0.000,0.00,0.000,0.0,0.1,0.0,250,0,0.2,1.4,0.3,224,18,0.0,0.1,0.0,250,0,0,28.43,,0,0,0,68.7,67.1,64.4,0.32,0.29,0.18
NEWC,2017-08-21 00:35:00 EDT,43.97329,-74.22273,1645,53.8,54.8,53.8,98.3,53.3,0.000,0.000,0.00,0.000,0.0,0.0,0.0,0,0,0.4,1.3,0.4,196,27,0.0,0.0,0.0,0,0,0,28.43,,0,0,0,68.5,67.1,64.4,0.32,0.29,0.18
NEWC,2017-08-21 00:40:00 EDT,43.97329,-74.22273,1645,53.8,54.8,53.8,98.3,53.3,0.003,0.003,0.00,0.003,0.0,0.0,0.0,0,0,0.3,1.2,0.4,290,17,0.0,0.0,0.0,0,0,0,28.43,,0,0,0,68.5,67.1,64.4,0.32,0.29,0.18
NEWC,2017-08-21 00:45:00 EDT,43.97329,-74.22273,1645,53.7,54.5,53.7,98.4,53.3,0.000,0.003,0.00,0.003,0.0,0.0,0.0,0,0,0.7,1.2,0.4,300,8,0.0,0.0,0.0,0,0,0,28.43,,0,0,0,68.5,67.1,64.4,0.32,0.29,0.18
NEWC,2017-08-21 00:50:00 EDT,43.97329,-74.22273,1645,53.6,54.2,53.6,98.3,53.1,0.000,0.003,0.00,0.003,0.0,0.0,0.0,0,0,0.1,0.9,0.2,288,2,0.0,0.0,0.0,0,0,0,28.43,,0,0,0,68.5,67.1,64.4,0.32,0.29,0.18
NEWC,2017-08-21 00:55:00 EDT,43.97329,-74.22273,1645,53.3,54.1,53.3,98.3,52.8,0.000,0.003,0.00,0.003,0.0,0.0,0.0,0,0,0.2,1.0,0.4,99,26,0.0,0.0,0.0,0,0,0,28.43,,0,0,0,68.5,67.1,64.4,0.32,0.29,0.18
NEWC,2017-08-21 01:00:00 EDT,43.97329,-74.22273,1645,53.2,53.9,53.2,98.3,52.7,0.000,0.003,0.00,0.003,0.5,1.5,0.5,164,1,1.2,1.9,0.4,154,13,0.5,1.5,0.5,164,1,0,28.43,,0,0,0,68.5,67.1,64.4,0.32,0.29,0.18
NEWC,2017-08-21 01:05:00 EDT,43.97329,-74.22273,1645,53.5,54.3,53.5,98.3,53.0,0.000,0.003,0.00,0.003,0.0,0.6,0.1,165,0,0.4,1.7,0.5,121,17,0.0,0.6,0.1,165,0,0,28.43,,0,0,0,68.5,67.1,64.4,0.32,0.29,0.18
NEWC,2017-08-21 01:10:00 EDT,43.97329,-74.22273,1645,53.6,54.5,53.6,98.5,53.2,0.000,0.003,0.00,0.003,0.1,0.7,0.2,165,0,0.6,1.2,0.4,314,6,0.1,0.7,0.2,165,0,0,28.43,,0,0,0,68.5,67.1,64.4,0.32,0.29,0.18
NEWC,2017-08-21 01:15:00 EDT,43.97329,-74.22273,1645,53.3,54.4,53.3,98.4,52.9,0.000,0.003,0.00,0.003,0.2,0.7,0.2,165,0,0.4,1.1,0.4,324,11,0.2,0.7,0.2,165,0,0,28.43,,0,0,0,68.2,67.1,64.4,0.32,0.29,0.18
NEWC,2017-08-21 01:20:00 EDT,43.97329,-74.22273,1645,53.2,54.0,53.2,98.4,52.8,0.000,0.003,0.00,0.003,0.5,1.3,0.5,261,1,0.8,1.8,0.7,269,5,0.5,1.3,0.5,261,1,0,28.43,,0,0,0,68.2,67.1,64.4,0.32,0.29,0.18
NEWC,2017-08-21 01:25:00 EDT,43.97329,-74.22273,1645,53.0,54.0,53.0,98.5,52.6,0.000,0.003,0.00,0.003,0.0,0.0,0.0,0,0,0.0,0.7,0.1,98,0,0.0,0.0,0.0,0,0,0,28.43,,0,0,0,68.2,67.1,64.4,0.32,0.29,0.18
NEWC,2017-08-21 01:30:00 EDT,43.97329,-74.22273,1645,53.2,54.0,53.2,98.5,52.8,0.000,0.003,0.00,0.003,0.0,0.0,0.0,0,0,0.0,1.1,0.2,127,0,0.0,0.0,0.0,0,0,0,28.43,,0,0,0,68.2,67.1,64.4,0.32,0.29,0.18
NEWC,2017-08-21 01:35:00 EDT,43.97329,-74.22273,1645,53.4,54.3,53.4,98.6,53.0,0.000,0.003,0.00,0.003,0.1,0.6,0.2,261,0,0.2,1.1,0.4,253,10,0.1,0.6,0.2,261,0,0,28.43,,0,0,0,68.1,67.1,64.4,0.32,0.29,0.18
NEWC,2017-08-21 01:40:00 EDT,43.97329,-74.22273,1645,53.4,54.3,53.4,98.6,53.0,0.000,0.003,0.00,0.000,0.0,0.8,0.2,103,4,0.2,1.8,0.5,89,22,0.0,0.8,0.2,103,4,0,28.43,,0,0,0,67.9,67.1,64.4,0.32,0.29,0.18
NEWC,2017-08-21 01:45:00 EDT,43.97329,-74.22273,1645,53.5,54.5,53.5,98.7,53.1,0.000,0.003,0.00,0.000,0.0,0.5,0.1,107,1,0.2,1.4,0.4,97,5,0.0,0.5,0.1,107,1,0,28.43,,0,0,0,67.8,67.1,64.4,0.32,0.29,0.18
NEWC,2017-08-21 01:50:00 EDT,43.97329,-74.22273,1645,53.6,54.8,53.6,98.7,53.2,0.000,0.003,0.00,0.000,0.0,0.0,0.0,0,0,0.1,0.9,0.2,70,9,0.0,0.0,0.0,0,0,0,28.43,,0,0,0,67.8,67.1,64.4,0.32,0.29,0.18
NEWC,2017-08-21 01:55:00 EDT,43.97329,-74.22273,1645,53.6,55.3,53.6,98.7,53.3,0.000,0.003,0.00,0.000,0.4,2.3,0.5,46,15,0.7,2.6,0.7,50,24,0.4,2.3,0.5,46,15,0,28.43,,0,0,0,67.8,67.1,64.4,0.32,0.29,0.18
NEWC,2017-08-21 02:00:00 EDT,43.97329,-74.22273,1645,53.6,55.3,53.6,98.7,53.2,0.000,0.003,0.00,0.000,0.1,0.9,0.2,340,4,0.3,1.8,0.5,14,28,0.1,0.9,0.2,340,4,0,28.43,,0,0,0,67.8,67.1,64.4,0.32,0.29,0.18
NEWC,2017-08-21 02:05:00 EDT,43.97329,-74.22273,1645,53.6,55.0,53.6,98.7,53.2,0.000,0.003,0.00,0.000,0.0,0.0,0.0,0,0,0.3,1.5,0.5,104,25,0.0,0.0,0.0,0,0,0,28.43,,0,0,0,67.8,67.1,64.4,0.32,0.29,0.18
NEWC,2017-08-21 02:10:00 EDT,43.97329,-74.22273,1645,53.5,55.0,53.5,98.6,53.1,0.000,0.003,0.00,0.000,0.3,2.3,0.6,68,11,0.6,3.0,0.8,67,18,0.3,2.3,0.6,68,11,0,28.43,,0,0,0,67.8,67.1,64.4,0.32,0.29,0.18
NEWC,2017-08-21 02:15:00 EDT,43.97329,-74.22273,1645,53.4,54.6,53.4,98.6,53.1,0.000,0.003,0.00,0.000,0.0,0.3,0.0,109,0,0.4,2.3,0.5,186,39,0.0,0.3,0.0,109,0,0,28.43,,0,0,0,67.8,67.1,64.4,0.32,0.29,0.18
NEWC,2017-08-21 02:20:00 EDT,43.97329,-74.22273,1645,53.3,54.3,53.3,98.6,52.9,0.000,0.003,0.00,0.000,0.6,1.7,0.5,272,17,1.2,2.5,0.5,262,43,0.6,1.7,0.5,272,17,0,28.43,,0,0,0,67.6,67.1,64.4,0.32,0.29,0.18
NEWC,2017-08-21 02:25:00 EDT,43.97329,-74.22273,1645,53.2,53.9,53.2,98.5,52.8,0.000,0.003,0.00,0.000,1.2,2.2,0.4,267,15,1.4,2.6,0.5,275,19,1.2,2.2,0.4,267,15,0,28.43,,0,0,0,67.5,67.1,64.4,0.32,0.29,0.18
NEWC,2017-08-21 02:30:00 EDT,43.97329,-74.22273,1645,53.1,53.4,53.1,98.5,52.7,0.000,0.003,0.00,0.000,0.4,1.2,0.4,246,20,0.8,1.5,0.4,246,22,0.4,1.2,0.4,246,20,0,28.43,,0,0,0,67.5,67.1,64.4,0.32,0.29,0.18
NEWC,2017-08-21 02:35:00 EDT,43.97329,-74.22273,1645,53.0,53.5,53.0,98.4,52.5,0.000,0.003,0.00,0.000,0.5,1.2,0.4,221,4,0.9,1.5,0.4,220,9,0.5,1.2,0.4,221,4,0,28.43,,0,0,0,67.5,67.1,64.4,0.32,0.29,0.18
NEWC,2017-08-21 02:40:00 EDT,43.97329,-74.22273,1645,53.1,53.6,53.1,98.5,52.7,0.000,0.003,0.00,0.000,1.4,2.0,0.3,264,16,1.8,2.4,0.4,271,16,1.4,2.0,0.3,264,16,0,28.43,,0,0,0,67.5,67.1,64.4,0.32,0.29,0.18
NEWC,2017-08-21 02:45:00 EDT,43.97329,-74.22273,1645,53.0,53.4,53.0,98.5,52.6,0.000,0.003,0.00,0.000,0.5,1.2,0.4,256,19,0.8,1.7,0.5,259,21,0.5,1.2,0.4,256,19,0,28.43,,0,0,0,67.5,67.1,64.4,0.32,0.29,0.18
NEWC,2017-08-21 02:50:00 EDT,43.97329,-74.22273,1645,53.0,53.3,53.0,98.5,52.6,0.000,0.003,0.00,0.000,0.0,0.0,0.0,0,0,0.1,0.9,0.3,355,9,0.0,0.0,0.0,0,0,0,28.43,,0,0,0,67.5,67.1,64.4,0.32,0.29,0.18
NEWC,2017-08-21 02:55:00 EDT,43.97329,-74.22273,1645,53.0,53.4,53.0,98.5,52.6,0.000,0.003,0.00,0.000,0.0,0.0,0.0,0,0,0.1,1.5,0.3,240,15,0.0,0.0,0.0,0,0,0,28.43,,0,0,0,67.4,67.1,64.4,0.32,0.29,0.18
NEWC,2017-08-21 03:00:00 EDT,43.97329,-74.22273,1645,53.0,53.5,53.0,98.5,52.6,0.000,0.003,0.00,0.000,0.0,0.0,0.0,0,0,0.2,1.2,0.4,273,1,0.0,0.0,0.0,0,0,0,28.43,,0,0,0,67.2,67.1,64.4,0.32,0.29,0.18
NEWC,2017-08-21 03:05:00 EDT,43.97329,-74.22273,1645,53.0,53.4,53.0,98.6,52.6,0.000,0.003,0.00,0.000,0.1,0.8,0.2,276,0,0.7,1.3,0.4,277,11,0.1,0.8,0.2,276,0,0,28.43,,0,0,0,67.1,67.1,64.4,0.32,0.29,0.18
NEWC,2017-08-21 03:10:00 EDT,43.97329,-74.22273,1645,53.0,53.3,53.0,98.6,52.6,0.000,0.003,0.00,0.000,0.0,0.0,0.0,0,0,0.8,1.2,0.3,238,12,0.0,0.0,0.0,0,0,0,28.43,,0,0,0,67.1,67.1,64.4,0.32,0.29,0.18
NEWC,2017-08-21 03:15:00 EDT,43.97329,-74.22273,1645,53.1,53.4,53.1,98.6,52.7,0.000,0.003,0.00,0.000,0.0,0.0,0.0,0,0,0.8,1.2,0.3,225,13,0.0,0.0,0.0,0,0,0,28.43,,0,0,0,67.1,67.1,64.4,0.32,0.29,0.18
NEWC,2017-08-21 03:20:00 EDT,43.97329,-74.22273,1645,53.4,53.5,53.4,98.7,53.0,0.000,0.003,0.00,0.000,0.0,0.0,0.0,0,0,0.7,1.3,0.5,257,7,0.0,0.0,0.0,0,0,0,28.44,,0,0,0,67.1,67.1,64.4,0.32,0.29,0.18
NEWC,2017-08-21 03:25:00 EDT,43.97329,-74.22273,1645,53.4,53.5,53.4,98.8,53.1,0.000,0.003,0.00,0.000,0.6,0.9,0.2,269,8,1.1,1.7,0.2,255,11,0.6,0.9,0.2,269,8,0,28.44,,0,0,0,67.1,67.1,64.4,0.32,0.29,0.18
NEWC,2017-08-21 03:30:00 EDT,43.97329,-74.22273,1645,53.5,53.7,53.5,98.8,53.2,0.000,0.003,0.00,0.000,0.5,0.9,0.4,257,0,0.7,1.4,0.5,267,8,0.5,0.9,0.4,257,0,0,28.44,,0,0,0,67.1,67.1,64.4,0.32,0.29,0.18
NEWC,2017-08-21 03:35:00 EDT,43.97329,-74.22273,1645,53.4,53.7,53.4,98.8,53.1,0.000,0.003,0.00,0.000,0.0,0.0,0.0,0,0,0.1,0.9,0.2,274,5,0.0,0.0,0.0,0,0,0,28.44,,0,0,0,67.1,67.1,64.4,0.32,0.29,0.18
NEWC,2017-08-21 03:40:00 EDT,43.97329,-74.22273,1645,53.5,53.6,53.5,98.8,53.1,0.000,0.003,0.00,0.000,0.0,0.0,0.0,0,0,0.2,1.2,0.4,262,2,0.0,0.0,0.0,0,0,0,28.44,,0,0,0,67.1,67.1,64.4,0.32,0.29,0.18
NEWC,2017-08-21 03:45:00 EDT,43.97329,-74.22273,1645,53.4,53.5,53.4,98.8,53.1,0.000,0.003,0.00,0.000,0.0,0.0,0.0,0,0,0.0,0.8,0.2,226,4,0.0,0.0,0.0,0,0,0,28.44,,0,0,0,67.1,67.1,64.4,0.32,0.29,0.18
NEWC,2017-08-21 03:50:00 EDT,43.97329,-74.22273,1645,53.3,53.6,53.3,98.8,53.0,0.000,0.003,0.00,0.000,0.0,0.0,0.0,0,0,0.2,1.0,0.4,227,12,0.0,0.0,0.0,0,0,0,28.44,,0,0,0,67.1,67.1,64.4,0.32,0.29,0.18
NEWC,2017-08-21 03:55:00 EDT,43.97329,-74.22273,1645,53.4,53.7,53.4,98.8,53.0,0.000,0.003,0.00,0.000,0.0,0.0,0.0,0,0,0.1,1.6,0.3,105,6,0.0,0.0,0.0,0,0,0,28.44,,0,0,0,67.0,67.1,64.4,0.32,0.29,0.18
NEWC,2017-08-21 04:00:00 EDT,43.97329,-74.22273,1645,53.5,54.0,53.5,98.8,53.1,0.000,0.003,0.00,0.000,0.1,1.5,0.3,66,16,0.5,2.2,0.6,69,18,0.1,1.5,0.3,66,16,0,28.43,,0,0,0,66.9,67.1,64.4,0.32,0.29,0.18
NEWC,2017-08-21 04:05:00 EDT,43.97329,-74.22273,1645,53.4,54.2,53.4,98.8,53.0,0.000,0.003,0.00,0.000,0.0,0.0,0.0,0,0,0.4,1.2,0.4,325,46,0.0,0.0,0.0,0,0,0,28.43,,0,0,0,66.7,67.1,64.4,0.32,0.29,0.17
NEWC,2017-08-21 04:10:00 EDT,43.97329,-74.22273,1645,53.3,54.1,53.3,98.8,52.9,0.000,0.003,0.00,0.000,0.2,0.7,0.2,225,7,0.4,1.2,0.5,230,9,0.2,0.7,0.2,225,7,0,28.44,,0,0,0,66.7,67.1,64.4,0.32,0.29,0.18
NEWC,2017-08-21 04:15:00 EDT,43.97329,-74.22273,1645,53.2,53.7,53.2,98.8,52.9,0.000,0.003,0.00,0.000,0.9,1.5,0.4,241,7,1.2,1.8,0.4,244,7,0.9,1.5,0.4,241,7,0,28.44,,0,0,0,66.7,67.1,64.4,0.32,0.29,0.17
NEWC,2017-08-21 04:20:00 EDT,43.97329,-74.22273,1645,53.3,53.6,53.3,98.9,52.9,0.000,0.003,0.00,0.000,0.7,1.1,0.3,249,4,1.0,1.5,0.4,259,10,0.7,1.1,0.3,249,4,0,28.44,,0,0,0,66.7,67.1,64.4,0.32,0.29,0.17
NEWC,2017-08-21 04:25:00 EDT,43.97329,-74.22273,1645,53.0,53.4,53.0,98.8,52.6,0.000,0.003,0.00,0.000,0.7,1.1,0.2,238,0,1.0,1.5,0.2,246,8,0.7,1.1,0.2,238,0,0,28.44,,0,0,0,66.7,67.1,64.4,0.32,0.29,0.17
NEWC,2017-08-21 04:30:00 EDT,43.97329,-74.22273,1645,53.0,53.4,53.0,98.8,52.6,0.000,0.003,0.00,0.000,0.6,1.2,0.2,252,9,1.0,1.7,0.3,265,10,0.6,1.2,0.2,252,9,0,28.44,,0,0,0,66.7,67.1,64.4,0.32,0.29,0.17
NEWC,2017-08-21 04:35:00 EDT,43.97329,-74.22273,1645,52.8,53.2,52.8,98.8,52.5,0.000,0.003,0.00,0.000,0.6,1.2,0.4,240,9,0.9,1.7,0.5,247,12,0.6,1.2,0.4,240,9,0,28.44,,0,0,0,66.7,67.1,64.4,0.32,0.29,0.17
NEWC,2017-08-21 04:40:00 EDT,43.97329,-74.22273,1645,52.7,53.2,52.7,98.7,52.4,0.000,0.003,0.00,0.000,0.4,1.4,0.5,257,2,0.7,2.0,0.7,264,10,0.4,1.4,0.5,257,2,0,28.44,,0,0,0,66.7,67.1,64.4,0.32,0.29,0.17
NEWC,2017-08-21 04:45:00 EDT,43.97329,-74.22273,1645,52.7,53.1,52.7,98.7,52.3,0.000,0.003,0.00,0.000,0.0,0.0,0.0,0,0,0.5,1.1,0.4,220,16,0.0,0.0,0.0,0,0,0,28.44,,0,0,0,66.7,67.1,64.4,0.32,0.29,0.17
NEWC,2017-08-21 04:50:00 EDT,43.97329,-74.22273,1645,52.5,52.9,52.5,98.7,52.1,0.000,0.003,0.00,0.000,0.1,0.6,0.2,229,0,0.5,1.3,0.5,242,11,0.1,0.6,0.2,229,0,0,28.44,,0,0,0,66.7,67.1,64.4,0.32,0.29,0.17
NEWC,2017-08-21 04:55:00 EDT,43.97329,-74.22273,1645,52.4,53.0,52.4,98.7,52.0,0.000,0.003,0.00,0.000,0.0,0.0,0.0,0,0,0.2,1.2,0.4,250,2,0.0,0.0,0.0,0,0,0,28.44,,0,0,0,66.7,67.1,64.4,0.32,0.29,0.17
NEWC,2017-08-21 05:00:00 EDT,43.97329,-74.22273,1645,52.2,52.8,52.2,98.7,51.8,0.000,0.003,0.00,0.000,0.0,0.0,0.0,0,0,0.4,1.3,0.5,229,19,0.0,0.0,0.0,0,0,0,28.44,,0,0,0,66.5,67.1,64.4,0.32,0.29,0.17
NEWC,2017-08-21 05:05:00 EDT,43.97329,-74.22273,1645,52.3,52.8,52.3,98.7,52.0,0.000,0.003,0.00,0.000,0.4,1.5,0.4,265,28,1.3,1.9,0.3,273,24,0.4,1.5,0.4,265,28,0,28.44,,0,0,0,66.4,67.1,64.4,0.32,0.29,0.17
NEWC,2017-08-21 05:10:00 EDT,43.97329,-74.22273,1645,52.6,52.8,52.6,98.8,52.3,0.000,0.003,0.00,0.000,0.9,1.5,0.4,268,36,1.2,2.0,0.4,270,37,0.9,1.5,0.4,268,36,0,28.44,,0,0,0,66.4,67.1,64.4,0.32,0.29,0.17
NEWC,2017-08-21 05:15:00 EDT,43.97329,-74.22273,1645,52.3,52.7,52.3,98.7,52.0,0.000,0.003,0.00,0.000,0.9,1.4,0.3,220,8,1.1,1.7,0.3,222,11,0.9,1.4,0.3,220,8,0,28.44,,0,0,0,66.4,67.1,64.4,0.32,0.29,0.17
NEWC,2017-08-21 05:20:00 EDT,43.97329,-74.22273,1645,52.4,52.9,52.4,98.7,52.1,0.000,0.003,0.00,0.000,0.5,0.8,0.2,228,9,0.9,1.3,0.3,245,18,0.5,0.8,0.2,228,9,0,28.44,,0,0,0,66.4,67.1,64.4,0.32,0.29,0.17
NEWC,2017-08-21 05:25:00 EDT,43.97329,-74.22273,1645,52.7,53.0,52.7,98.8,52.3,0.000,0.003,0.00,0.000,0.0,0.0,0.0,0,0,0.5,1.2,0.4,262,11,0.0,0.0,0.0,0,0,0,28.44,,0,0,0,66.4,67.0,64.4,0.32,0.29,0.17
NEWC,2017-08-21 05:30:00 EDT,43.97329,-74.22273,1645,52.8,53.0,52.8,98.9,52.5,0.000,0.003,0.00,0.000,0.9,1.7,0.6,265,9,1.4,2.2,0.4,269,15,0.9,1.7,0.6,265,9,0,28.44,,0,0,0,66.4,67.0,64.4,0.32,0.29,0.17
NEWC,2017-08-21 05:35:00 EDT,43.97329,-74.22273,1645,53.0,53.2,53.0,98.9,52.7,0.000,0.003,0.00,0.000,0.8,2.0,0.4,273,12,1.2,2.7,0.5,276,16,0.8,2.0,0.4,273,12,0,28.44,,0,0,0,66.4,66.9,64.4,0.32,0.29,0.18
NEWC,2017-08-21 05:40:00 EDT,43.97329,-74.22273,1645,52.9,53.1,52.9,98.9,52.6,0.000,0.003,0.00,0.000,0.0,0.4,0.1,251,0,0.4,1.0,0.4,303,14,0.0,0.4,0.1,251,0,0,28.44,,0,0,0,66.4,66.9,64.4,0.32,0.29,0.18
NEWC,2017-08-21 05:45:00 EDT,43.97329,-74.22273,1645,52.9,53.2,52.9,98.9,52.6,0.000,0.003,0.00,0.000,0.0,0.0,0.0,0,0,0.4,1.3,0.5,350,14,0.0,0.0,0.0,0,0,0,28.44,,0,0,0,66.4,66.8,64.4,0.32,0.29,0.18
NEWC,2017-08-21 05:50:00 EDT,43.97329,-74.22273,1645,52.9,53.1,52.9,98.9,52.6,0.000,0.003,0.00,0.000,0.4,1.2,0.5,251,0,0.7,1.7,0.7,260,5,0.4,1.2,0.5,251,0,0,28.45,,0,0,0,66.4,66.8,64.4,0.32,0.29,0.18
NEWC,2017-08-21 05:55:00 EDT,43.97329,-74.22273,1645,52.9,53.1,52.9,98.9,52.6,0.000,0.003,0.00,0.000,0.0,0.0,0.0,0,0,0.3,1.2,0.4,271,10,0.0,0.0,0.0,0,0,1,28.44,,0,0,0,66.4,66.7,64.4,0.32,0.29,0.18
NEWC,2017-08-21 06:00:00 EDT,43.97329,-74.22273,1645,53.0,53.1,53.0,98.9,52.7,0.000,0.003,0.00,0.000,0.4,1.1,0.4,251,0,0.8,1.6,0.5,275,12,0.4,1.1,0.4,251,0,2,28.44,,0,0,0,66.4,66.8,64.4,0.32,0.29,0.18
NEWC,2017-08-21 06:05:00 EDT,43.97329,-74.22273,1645,53.0,53.0,53.0,98.9,52.7,0.000,0.003,0.00,0.000,0.5,1.2,0.4,251,0,0.8,1.8,0.6,261,11,0.5,1.2,0.4,251,0,3,28.44,,0,0,0,66.4,66.7,64.4,0.32,0.29,0.18
NEWC,2017-08-21 06:10:00 EDT,43.97329,-74.22273,1645,53.0,53.0,53.0,98.9,52.7,0.000,0.003,0.00,0.000,1.2,1.8,0.3,257,12,1.5,2.5,0.3,260,14,1.2,1.8,0.3,257,12,2,28.44,,0,0,0,66.2,66.7,64.4,0.32,0.29,0.18
NEWC,2017-08-21 06:15:00 EDT,43.97329,-74.22273,1645,53.0,53.0,53.0,98.9,52.8,0.000,0.003,0.00,0.000,0.4,1.4,0.5,289,11,0.5,1.8,0.6,297,19,0.4,1.4,0.5,289,11,3,28.44,,0,0,0,66.1,66.7,64.5,0.32,0.29,0.18
NEWC,2017-08-21 06:20:00 EDT,43.97329,-74.22273,1645,53.1,53.0,53.1,99.0,52.8,0.000,0.003,0.00,0.000,0.2,0.9,0.3,202,0,0.9,1.4,0.3,206,11,0.2,0.9,0.3,202,0,4,28.44,,0,0,0,66.0,66.7,64.5,0.32,0.29,0.17
NEWC,2017-08-21 06:25:00 EDT,43.97329,-74.22273,1645,53.2,53.1,53.2,99.0,52.9,0.000,0.003,0.00,0.000,0.2,0.8,0.3,278,8,0.4,1.3,0.5,278,17,0.2,0.8,0.3,278,8,7,28.44,,0,0,0,66.0,66.7,64.5,0.32,0.29,0.18
NEWC,2017-08-21 06:30:00 EDT,43.97329,-74.22273,1645,53.3,53.2,53.3,99.0,53.0,0.000,0.003,0.00,0.000,0.0,0.0,0.0,0,0,0.2,1.2,0.4,269,6,0.0,0.0,0.0,0,0,9,28.44,,0,0,0,66.0,66.7,64.5,0.32,0.29,0.18
NEWC,2017-08-21 06:35:00 EDT,43.97329,-74.22273,1645,53.4,53.3,53.4,99.0,53.1,0.000,0.003,0.00,0.000,0.0,0.0,0.0,0,0,0.0,0.7,0.1,237,81,0.0,0.0,0.0,0,0,10,28.44,,0,0,0,66.0,66.7,64.4,0.32,0.29,0.17
NEWC,2017-08-21 06:40:00 EDT,43.97329,-74.22273,1645,53.5,53.4,53.5,99.0,53.2,0.000,0.003,0.00,0.000,0.0,0.0,0.0,0,0,0.1,1.0,0.3,226,5,0.0,0.0,0.0,0,0,12,28.44,,0,0,0,66.0,66.7,64.4,0.32,0.29,0.17
NEWC,2017-08-21 06:45:00 EDT,43.97329,-74.22273,1645,53.6,53.5,53.6,99.1,53.4,0.000,0.003,0.00,0.000,0.0,0.0,0.0,0,0,0.1,1.6,0.3,57,8,0.0,0.0,0.0,0,0,14,28.44,,0,0,0,66.0,66.7,64.5,0.32,0.29,0.17
NEWC,2017-08-21 06:50:00 EDT,43.97329,-74.22273,1645,53.8,53.7,53.8,99.1,53.5,0.000,0.003,0.00,0.000,0.0,0.0,0.0,0,0,0.1,1.1,0.3,79,14,0.0,0.0,0.0,0,0,17,28.44,,0,0,0,66.0,66.7,64.5,0.32,0.29,0.17
NEWC,2017-08-21 06:55:00 EDT,43.97329,-74.22273,1645,54.0,54.1,54.0,99.1,53.8,0.000,0.003,0.00,0.000,0.0,0.6,0.1,209,0,0.1,1.0,0.3,247,18,0.0,0.6,0.1,209,0,23,28.44,,0,0,0,66.0,66.7,64.5,0.32,0.29,0.17
NEWC,2017-08-21 07:00:00 EDT,43.97329,-74.22273,1645,54.2,54.1,54.2,99.1,53.9,0.002,0.005,0.00,0.002,0.5,2.4,0.6,29,8,0.8,2.5,0.6,34,21,0.5,2.4,0.6,29,8,29,28.44,,0,0,0,66.0,66.7,64.5,0.32,0.29,0.17
NEWC,2017-08-21 07:05:00 EDT,43.97329,-74.22273,1645,54.2,54.0,54.2,99.1,54.0,0.000,0.005,0.00,0.002,0.5,1.8,0.6,136,14,1.1,2.1,0.4,131,27,0.5,1.8,0.6,136,14,32,28.44,,0,0,0,66.0,66.7,64.5,0.32,0.29,0.17
NEWC,2017-08-21 07:10:00 EDT,43.97329,-74.22273,1645,54.2,54.0,54.2,99.1,53.9,0.000,0.005,0.00,0.002,0.6,1.8,0.5,34,25,1.2,2.9,0.7,42,30,0.6,1.8,0.5,34,25,35,28.44,,0,0,0,66.0,66.7,64.6,0.32,0.29,0.17
NEWC,2017-08-21 07:15:00 EDT,43.97329,-74.22273,1645,54.3,54.0,54.3,99.1,54.0,0.000,0.005,0.00,0.002,0.3,1.4,0.4,38,35,0.9,3.0,0.6,51,47,0.3,1.4,0.4,38,35,56,28.44,,0,0,0,66.0,66.7,64.5,0.32,0.29,0.17
NEWC,2017-08-21 07:20:00 EDT,43.97329,-74.22273,1645,54.3,54.1,54.3,99.0,54.0,0.000,0.005,0.00,0.002,0.9,2.0,0.7,59,37,1.3,2.4,0.6,67,44,0.9,2.0,0.7,59,37,58,28.45,,0,0,0,66.0,66.7,64.5,0.32,0.29,0.17
NEWC,2017-08-21 07:25:00 EDT,43.97329,-74.22273,1645,54.2,54.0,54.2,99.0,53.9,0.000,0.005,0.00,0.002,0.7,1.8,0.6,141,18,1.2,2.6,0.5,139,25,0.7,1.8,0.6,141,18,74,28.45,,0,0,0,65.9,66.7,64.5,0.32,0.29,0.17
NEWC,2017-08-21 07:30:00 EDT,43.97329,-74.22273,1645,54.4,54.2,54.4,99.0,54.1,0.000,0.005,0.00,0.002,0.6,1.7,0.6,108,20,1.1,2.8,0.7,99,26,0.6,1.7,0.6,108,20,80,28.45,,0,0,0,65.9,66.7,64.6,0.32,0.29,0.17
NEWC,2017-08-21 07:35:00 EDT,43.97329,-74.22273,1645,54.4,54.3,54.4,99.0,54.2,0.000,0.005,0.00,0.002,0.4,2.0,0.5,22,36,0.8,2.3,0.6,26,45,0.4,2.0,0.5,22,36,88,28.45,,0,0,0,65.8,66.7,64.5,0.32,0.29,0.17
NEWC,2017-08-21 07:40:00 EDT,43.97329,-74.22273,1645,54.7,54.5,54.7,98.9,54.4,0.000,0.005,0.00,0.002,0.5,2.0,0.5,283,32,1.1,2.9,0.6,281,30,0.5,2.0,0.5,283,32,125,28.45,,0,0,0,65.8,66.7,64.5,0.32,0.29,0.17
NEWC,2017-08-21 07:45:00 EDT,43.97329,-74.22273,1645,54.9,54.7,54.9,98.9,54.6,0.000,0.005,0.00,0.002,0.9,2.2,0.6,92,26,1.4,3.1,0.7,86,25,0.9,2.2,0.6,92,26,143,28.45,,0,0,0,65.8,66.7,64.6,0.32,0.29,0.18
NEWC,2017-08-21 07:50:00 EDT,43.97329,-74.22273,1645,55.0,54.8,55.0,98.8,54.7,0.000,0.005,0.00,0.002,0.7,1.2,0.4,129,23,1.2,2.2,0.4,124,30,0.7,1.2,0.4,129,23,154,28.45,,0,0,0,65.8,66.7,64.6,0.32,0.29,0.17
NEWC,2017-08-21 07:55:00 EDT,43.97329,-74.22273,1645,55.5,55.2,55.5,98.8,55.2,0.000,0.005,0.00,0.002,0.1,0.7,0.2,325,7,0.6,1.5,0.5,158,45,0.1,0.7,0.2,325,7,210,28.45,,0,0,0,65.8,66.7,64.6,0.32,0.29,0.17
NEWC,2017-08-21 08:00:00 EDT,43.97329,-74.22273,1645,55.5,55.3,55.5,98.7,55.1,0.000,0.005,0.00,0.000,0.0,0.7,0.1,192,5,0.5,1.6,0.5,132,26,0.0,0.7,0.1,192,5,231,28.45,,0,0,0,65.8,66.7,64.5,0.32,0.29,0.17
NEWC,2017-08-21 08:05:00 EDT,43.97329,-74.22273,1645,55.8,55.7,55.8,98.4,55.4,0.000,0.005,0.00,0.000,1.0,2.8,0.8,56,23,1.6,3.5,1.0,59,27,1.0,2.8,0.8,56,23,276,28.45,,0,0,0,65.8,66.7,64.5,0.32,0.29,0.17
NEWC,2017-08-21 08:10:00 EDT,43.97329,-74.22273,1645,55.9,55.6,55.9,98.1,55.3,0.000,0.005,0.00,0.000,2.8,4.5,0.6,72,13,3.4,6.0,0.8,70,13,2.8,4.5,0.6,72,13,208,28.45,,0,0,0,65.8,66.7,64.5,0.32,0.29,0.17
NEWC,2017-08-21 08:15:00 EDT,43.97329,-74.22273,1645,56.3,55.9,56.3,97.9,55.7,0.000,0.005,0.00,0.000,1.4,3.9,1.1,102,33,2.0,4.8,1.2,97,27,1.4,3.9,1.1,102,33,259,28.45,,0,0,0,65.8,66.7,64.6,0.32,0.29,0.17
NEWC,2017-08-21 08:20:00 EDT,43.97329,-74.22273,1645,56.5,56.1,56.5,97.4,55.8,0.000,0.005,0.00,0.000,0.9,2.7,0.7,37,31,1.2,2.9,0.9,45,22,0.9,2.7,0.7,37,31,180,28.45,,0,0,0,65.8,66.7,64.6,0.32,0.29,0.17
NEWC,2017-08-21 08:25:00 EDT,43.97329,-74.22273,1645,56.7,56.4,56.7,96.5,55.7,0.000,0.005,0.00,0.000,0.1,1.3,0.3,49,17,0.5,2.6,0.6,57,16,0.1,1.3,0.3,49,17,264,28.45,,0,0,0,65.8,66.6,64.6,0.32,0.29,0.17
NEWC,2017-08-21 08:30:00 EDT,43.97329,-74.22273,1645,57.1,56.8,57.1,94.7,55.6,0.000,0.005,0.00,0.000,0.2,0.9,0.3,127,20,0.5,1.8,0.6,118,20,0.2,0.9,0.3,127,20,232,28.45,,0,0,0,65.8,66.5,64.6,0.32,0.29,0.17
NEWC,2017-08-21 08:35:00 EDT,43.97329,-74.22273,1645,57.4,56.9,57.4,92.5,55.3,0.000,0.005,0.00,0.000,0.0,0.6,0.1,108,3,0.2,1.6,0.4,92,6,0.0,0.6,0.1,108,3,168,28.45,,0,0,0,65.8,66.4,64.6,0.32,0.29,0.17
NEWC,2017-08-21 08:40:00 EDT,43.97329,-74.22273,1645,57.8,57.3,57.8,91.3,55.3,0.000,0.005,0.00,0.000,0.1,0.7,0.1,112,4,0.4,1.7,0.5,110,32,0.1,0.7,0.1,112,4,263,28.44,,0,0,0,65.8,66.4,64.7,0.32,0.29,0.17
NEWC,2017-08-21 08:45:00 EDT,43.97329,-74.22273,1645,58.4,57.7,58.4,89.5,55.3,0.000,0.005,0.00,0.000,0.1,0.8,0.2,88,12,0.3,1.5,0.5,104,28,0.1,0.8,0.2,88,12,387,28.44,,0,0,0,65.8,66.4,64.6,0.32,0.29,0.17
NEWC,2017-08-21 08:50:00 EDT,43.97329,-74.22273,1645,58.6,58.4,58.6,87.1,54.7,0.000,0.005,0.00,0.000,0.2,0.7,0.2,132,29,0.8,2.3,0.6,95,44,0.2,0.7,0.2,132,29,398,28.44,,0,0,0,65.8,66.4,64.7,0.32,0.29,0.17
NEWC,2017-08-21 08:55:00 EDT,43.97329,-74.22273,1645,59.1,58.7,59.1,87.3,55.4,0.004,0.009,0.00,0.004,0.7,1.5,0.4,225,28,1.2,2.1,0.5,234,36,0.7,1.5,0.4,225,28,411,28.44,,0,0,0,65.8,66.4,64.6,0.32,0.29,0.17
NEWC,2017-08-21 09:00:00 EDT,43.97329,-74.22273,1645,60.0,59.3,60.0,87.7,56.3,0.001,0.010,0.00,0.005,0.5,2.0,0.6,78,20,0.9,2.6,0.7,82,31,0.5,2.0,0.6,78,20,418,28.44,,0,0,0,65.8,66.4,64.7,0.32,0.29,0.17
NEWC,2017-08-21 09:05:00 EDT,43.97329,-74.22273,1645,60.6,59.7,60.6,85.0,56.0,0.000,0.010,0.00,0.005,1.0,1.5,0.3,82,21,1.4,2.3,0.4,78,24,1.0,1.5,0.3,82,21,429,28.44,,0,0,0,65.8,66.4,64.6,0.32,0.29,0.17
NEWC,2017-08-21 09:10:00 EDT,43.97329,-74.22273,1645,61.1,60.5,61.1,85.1,56.6,0.000,0.010,0.00,0.005,0.8,2.3,0.5,24,30,1.5,3.1,0.6,25,31,0.8,2.3,0.5,24,30,451,28.44,,0,0,0,65.9,66.4,64.6,0.32,0.29,0.17
NEWC,2017-08-21 09:15:00 EDT,43.97329,-74.22273,1645,61.2,60.4,61.2,83.3,56.1,0.000,0.010,0.00,0.005,0.9,2.3,0.8,34,17,1.3,2.7,0.9,31,21,0.9,2.3,0.8,34,17,474,28.43,,0,0,0,65.9,66.4,64.6,0.32,0.29,0.17
NEWC,2017-08-21 09:20:00 EDT,43.97329,-74.22273,1645,61.8,61.0,61.8,83.3,56.7,0.000,0.010,0.00,0.005,0.7,2.0,0.6,44,15,1.0,2.6,0.7,55,21,0.7,2.0,0.6,44,15,430,28.43,,0,0,0,66.0,66.4,64.7,0.32,0.29,0.17
NEWC,2017-08-21 09:25:00 EDT,43.97329,-74.22273,1645,61.6,61.1,61.6,81.4,55.9,0.000,0.010,0.00,0.005,1.3,2.2,0.4,48,14,1.5,2.7,0.5,48,16,1.3,2.2,0.4,48,14,387,28.43,,0,0,0,66.0,66.4,64.6,0.32,0.29,0.17
NEWC,2017-08-21 09:30:00 EDT,43.97329,-74.22273,1645,61.8,63.1,61.8,81.7,56.1,0.000,0.010,0.00,0.005,1.3,2.3,0.5,18,29,1.7,3.1,0.6,18,28,1.3,2.3,0.5,18,29,483,28.43,,0,0,0,66.0,66.4,64.6,0.32,0.29,0.17
NEWC,2017-08-21 09:35:00 EDT,43.97329,-74.22273,1645,62.4,63.5,62.4,81.1,56.5,0.000,0.010,0.00,0.005,2.0,2.9,0.4,42,12,2.0,3.1,0.4,42,11,2.0,2.9,0.4,42,12,390,28.43,,0,0,0,66.0,66.4,64.6,0.32,0.29,0.17
NEWC,2017-08-21 09:40:00 EDT,43.97329,-74.22273,1645,62.8,64.1,62.8,81.1,56.9,0.000,0.010,0.00,0.005,1.3,2.7,0.7,54,25,1.7,3.8,0.7,51,22,1.3,2.7,0.7,54,25,506,28.43,,0,0,0,66.0,66.4,64.6,0.32,0.29,0.17
NEWC,2017-08-21 09:45:00 EDT,43.97329,-74.22273,1645,63.2,64.9,63.2,80.0,57.0,0.000,0.010,0.00,0.005,0.9,2.6,0.6,339,30,1.3,3.0,0.6,350,32,0.9,2.6,0.6,339,30,541,28.43,,0,0,0,66.0,66.4,64.6,0.32,0.29,0.17
NEWC,2017-08-21 09:50:00 EDT,43.97329,-74.22273,1645,63.7,65.8,63.7,78.4,56.8,0.000,0.010,0.00,0.005,0.8,1.6,0.5,351,32,1.4,3.0,0.7,355,30,0.8,1.6,0.5,351,32,551,28.43,,0,0,0,66.0,66.4,64.6,0.32,0.29,0.17
NEWC,2017-08-21 09:55:00 EDT,43.97329,-74.22273,1645,64.4,66.5,64.4,76.2,56.7,0.000,0.010,0.00,0.001,1.0,3.1,1.0,59,15,1.4,3.2,1.0,58,25,1.0,3.1,1.0,59,15,563,28.43,,0,0,0,66.0,66.4,64.5,0.32,0.29,0.17
NEWC,2017-08-21 10:00:00 EDT,43.97329,-74.22273,1645,64.8,66.8,64.8,75.9,57.1,0.000,0.010,0.00,0.000,1.9,3.0,0.5,57,15,2.3,4.3,0.7,58,15,1.9,3.0,0.5,57,15,575,28.43,,0,0,0,66.0,66.4,64.5,0.32,0.29,0.17
NEWC,2017-08-21 10:05:00 EDT,43.97329,-74.22273,1645,64.6,67.0,64.6,76.2,57.0,0.000,0.010,0.00,0.000,2.1,4.2,1.0,23,28,2.7,5.3,1.2,20,28,2.1,4.2,1.0,23,28,584,28.43,,0,0,0,66.0,66.4,64.5,0.32,0.29,0.17
NEWC,2017-08-21 10:10:00 EDT,43.97329,-74.22273,1645,66.9,67.4,66.9,76.2,59.1,0.000,0.010,0.00,0.000,2.1,4.3,1.1,33,23,2.4,4.8,1.0,30,22,2.1,4.3,1.1,33,23,593,28.43,,0,0,0,66.0,66.4,64.6,0.32,0.29,0.17
NEWC,2017-08-21 10:15:00 EDT,43.97329,-74.22273,1645,68.2,67.7,68.2,75.5,60.1,0.000,0.010,0.00,0.000,1.9,3.7,0.6,4,18,2.5,4.0,0.8,6,17,1.9,3.7,0.6,4,18,601,28.44,,0,0,0,66.1,66.4,64.6,0.32,0.29,0.17
NEWC,2017-08-21 10:20:00 EDT,43.97329,-74.22273,1645,69.0,68.1,69.0,76.3,61.3,0.000,0.010,0.00,0.000,1.3,2.3,0.6,76,34,1.6,3.3,0.6,74,36,1.3,2.3,0.6,76,34,610,28.44,,0,0,0,66.4,66.4,64.6,0.32,0.29,0.17
NEWC,2017-08-21 10:25:00 EDT,43.97329,-74.22273,1645,69.7,68.8,69.7,75.5,61.6,0.000,0.010,0.00,0.000,1.9,3.7,1.0,23,25,2.3,4.8,1.2,19,26,1.9,3.7,1.0,23,25,618,28.43,,0,0,0,66.4,66.4,64.5,0.32,0.29,0.17
NEWC,2017-08-21 10:30:00 EDT,43.97329,-74.22273,1645,69.1,68.3,69.1,73.2,60.1,0.000,0.010,0.00,0.000,2.0,4.2,1.1,53,24,2.6,5.3,1.3,52,27,2.0,4.2,1.1,53,24,629,28.43,,0,0,0,66.4,66.4,64.5,0.32,0.29,0.17
NEWC,2017-08-21 10:35:00 EDT,43.97329,-74.22273,1645,70.0,69.0,70.0,73.8,61.2,0.000,0.010,0.00,0.000,2.1,4.2,0.9,53,22,2.4,5.0,1.0,52,24,2.1,4.2,0.9,53,22,640,28.43,,0,0,0,66.4,66.4,64.5,0.32,0.29,0.17
NEWC,2017-08-21 10:40:00 EDT,43.97329,-74.22273,1645,70.3,69.3,70.3,73.5,61.4,0.000,0.010,0.00,0.000,1.9,3.9,0.8,43,27,2.2,4.6,0.9,42,27,1.9,3.9,0.8,43,27,654,28.43,,0,0,0,66.4,66.4,64.5,0.32,0.29,0.17
NEWC,2017-08-21 10:45:00 EDT,43.97329,-74.22273,1645,70.2,69.7,70.2,72.7,61.0,0.000,0.010,0.00,0.000,1.8,4.3,1.2,36,26,2.1,4.9,1.0,36,25,1.8,4.3,1.2,36,26,671,28.43,,0,0,0,66.5,66.4,64.5,0.32,0.29,0.17
NEWC,2017-08-21 10:50:00 EDT,43.97329,-74.22273,1645,70.7,70.0,70.7,70.9,60.8,0.000,0.010,0.00,0.000,3.1,4.6,0.8,50,19,3.4,5.3,0.9,51,19,3.1,4.6,0.8,50,19,683,28.43,,0,0,0,66.7,66.4,64.5,0.32,0.29,0.17
NEWC,2017-08-21 10:55:00 EDT,43.97329,-74.22273,1645,71.5,70.7,71.5,71.5,61.8,0.000,0.010,0.00,0.000,1.7,3.3,0.9,84,28,2.2,4.7,1.1,82,26,1.7,3.3,0.9,84,28,694,28.43,,0,0,0,66.7,66.4,64.5,0.32,0.29,0.17
NEWC,2017-08-21 11:00:00 EDT,43.97329,-74.22273,1645,72.8,71.7,72.8,70.4,62.7,0.000,0.010,0.00,0.000,2.6,4.5,1.1,35,23,3.0,5.2,1.1,37,24,2.6,4.5,1.1,35,23,709,28.43,,0,0,0,66.7,66.4,64.5,0.32,0.29,0.17
NEWC,2017-08-21 11:05:00 EDT,43.97329,-74.22273,1645,73.5,72.7,73.5,69.1,62.7,0.000,0.010,0.00,0.000,1.1,4.4,1.0,356,42,1.5,5.3,1.1,357,47,1.1,4.4,1.0,356,42,717,28.43,,0,0,0,66.9,66.4,64.5,0.32,0.29,0.17
NEWC,2017-08-21 11:10:00 EDT,43.97329,-74.22273,1645,74.2,73.5,74.2,66.2,62.2,0.000,0.010,0.00,0.000,1.0,2.5,0.7,40,46,1.6,4.0,0.9,47,50,1.0,2.5,0.7,40,46,736,28.43,,0,0,0,67.1,66.4,64.5,0.32,0.29,0.17
NEWC,2017-08-21 11:15:00 EDT,43.97329,-74.22273,1645,75.2,74.3,75.2,64.9,62.6,0.000,0.010,0.00,0.000,1.3,3.8,1.1,284,46,2.0,4.7,1.2,290,57,1.3,3.8,1.1,284,46,760,28.43,,0,0,0,67.1,66.4,64.5,0.32,0.29,0.17
NEWC,2017-08-21 11:20:00 EDT,43.97329,-74.22273,1645,75.3,74.9,75.3,57.6,59.4,0.000,0.010,0.00,0.000,6.3,11.3,2.2,236,26,7.3,13.6,2.4,240,26,6.3,11.3,2.2,236,26,752,28.43,,0,0,0,67.1,66.4,64.5,0.32,0.29,0.17
NEWC,2017-08-21 11:25:00 EDT,43.97329,-74.22273,1645,75.2,74.7,75.2,55.6,58.2,0.000,0.010,0.00,0.000,4.7,8.5,1.6,256,32,5.5,10.8,2.1,260,33,4.7,8.5,1.6,256,32,758,28.42,,0,0,0,67.2,66.4,64.5,0.32,0.29,0.17
NEWC,2017-08-21 11:30:00 EDT,43.97329,-74.22273,1645,76.2,75.4,76.2,56.9,59.8,0.000,0.010,0.00,0.000,2.8,8.2,1.7,220,40,3.7,11.7,2.1,221,43,2.8,8.2,1.7,220,40,726,28.42,,0,0,0,67.5,66.4,64.5,0.32,0.29,0.17
NEWC,2017-08-21 11:35:00 EDT,43.97329,-74.22273,1645,76.9,75.9,76.9,55.8,59.9,0.000,0.010,0.00,0.000,3.7,9.8,2.5,209,29,4.0,9.8,2.3,203,28,3.7,9.8,2.5,209,29,745,28.42,,0,0,0,67.5,66.3,64.5,0.32,0.29,0.17
NEWC,2017-08-21 11:40:00 EDT,43.97329,-74.22273,1645,76.0,75.4,76.0,52.9,57.6,0.000,0.010,0.00,0.000,3.4,10.4,2.1,222,33,4.2,13.3,2.4,229,31,3.4,10.4,2.1,222,33,752,28.42,,0,0,0,67.6,66.4,64.5,0.32,0.29,0.17
NEWC,2017-08-21 11:45:00 EDT,43.97329,-74.22273,1645,75.9,75.5,75.9,52.2,57.1,0.000,0.010,0.00,0.000,4.6,9.0,1.7,225,30,5.1,9.8,1.8,228,30,4.6,9.0,1.7,225,30,761,28.41,,0,0,0,67.8,66.3,64.4,0.32,0.29,0.17
NEWC,2017-08-21 11:50:00 EDT,43.97329,-74.22273,1645,76.2,75.6,76.2,53.6,58.1,0.000,0.010,0.00,0.000,4.9,11.8,2.6,224,34,5.7,14.2,2.7,226,36,4.9,11.8,2.6,224,34,745,28.41,,0,0,0,67.8,66.3,64.4,0.32,0.29,0.17
NEWC,2017-08-21 11:55:00 EDT,43.97329,-74.22273,1645,76.5,75.9,76.5,52.0,57.6,0.000,0.010,0.00,0.000,2.6,7.5,1.9,224,25,3.3,8.4,2.0,227,28,2.6,7.5,1.9,224,25,751,28.41,,0,0,0,67.8,66.1,64.4,0.32,0.29,0.17
NEWC,2017-08-21 12:00:00 EDT,43.97329,-74.22273,1645,76.8,76.2,76.8,50.7,57.2,0.000,0.010,0.00,0.000,3.2,5.8,1.1,235,21,3.7,7.1,1.2,238,18,3.2,5.8,1.1,235,21,756,28.41,,0,0,0,68.0,66.1,64.5,0.32,0.29,0.17
NEWC,2017-08-21 12:05:00 EDT,43.97329,-74.22273,1645,77.1,76.4,77.1,52.0,58.1,0.000,0.010,0.00,0.000,3.7,8.6,1.7,195,35,4.6,9.1,1.8,197,34,3.7,8.6,1.7,195,35,765,28.41,,0,0,0,68.2,66.1,64.4,0.32,0.29,0.17
NEWC,2017-08-21 12:10:00 EDT,43.97329,-74.22273,1645,77.1,76.5,77.1,51.8,58.0,0.000,0.010,0.00,0.000,3.6,7.8,1.6,263,35,4.4,10.1,1.8,264,34,3.6,7.8,1.6,263,35,757,28.41,,0,0,0,68.2,66.0,64.4,0.32,0.29,0.17
NEWC,2017-08-21 12:15:00 EDT,43.97329,-74.22273,1645,77.3,76.6,77.3,51.5,58.0,0.000,0.010,0.00,0.000,3.0,6.4,1.4,269,40,3.5,8.3,1.6,270,40,3.0,6.4,1.4,269,40,783,28.41,,0,0,0,68.4,66.0,64.4,0.32,0.29,0.17
NEWC,2017-08-21 12:20:00 EDT,43.97329,-74.22273,1645,77.7,77.0,77.7,51.5,58.4,0.000,0.010,0.00,0.000,3.2,8.3,2.1,211,32,4.0,9.1,2.1,213,31,3.2,8.3,2.1,211,32,768,28.41,,0,0,0,68.5,66.0,64.4,0.32,0.29,0.17
NEWC,2017-08-21 12:25:00 EDT,43.97329,-74.22273,1645,77.6,77.0,77.6,51.4,58.3,0.000,0.010,0.00,0.000,3.2,9.2,2.2,244,46,3.9,12.0,2.6,249,46,3.2,9.2,2.2,244,46,773,28.40,,0,0,0,68.5,66.0,64.4,0.32,0.29,0.17
NEWC,2017-08-21 12:30:00 EDT,43.97329,-74.22273,1645,77.4,76.9,77.4,49.2,56.9,0.000,0.010,0.00,0.000,4.2,9.1,2.2,239,31,5.1,12.7,2.5,243,31,4.2,9.1,2.2,239,31,768,28.40,,0,0,0,68.5,66.0,64.4,0.32,0.29,0.17
NEWC,2017-08-21 12:35:00 EDT,43.97329,-74.22273,1645,76.9,76.5,76.9,47.7,55.5,0.000,0.010,0.00,0.000,5.1,9.2,1.9,248,24,6.0,10.5,2.2,251,23,5.1,9.2,1.9,248,24,773,28.40,,0,0,0,68.8,66.0,64.4,0.32,0.29,0.17
NEWC,2017-08-21 12:40:00 EDT,43.97329,-74.22273,1645,77.8,77.3,77.8,50.2,57.8,0.000,0.010,0.00,0.000,3.7,8.1,1.6,238,30,4.4,9.2,1.8,242,30,3.7,8.1,1.6,238,30,776,28.40,,0,0,0,68.9,66.0,64.4,0.32,0.29,0.17
NEWC,2017-08-21 12:45:00 EDT,43.97329,-74.22273,1645,78.4,77.7,78.4,51.4,59.0,0.000,0.010,0.00,0.000,2.4,5.6,1.5,238,37,3.3,7.5,1.7,233,46,2.4,5.6,1.5,238,37,793,28.40,,0,0,0,68.9,66.0,64.4,0.32,0.29,0.17
NEWC,2017-08-21 12:50:00 EDT,43.97329,-74.22273,1645,78.2,77.6,78.2,49.1,57.5,0.000,0.010,0.00,0.000,3.7,8.2,1.8,269,40,4.6,9.6,2.0,271,36,3.7,8.2,1.8,269,40,788,28.40,,0,0,0,69.2,66.0,64.4,0.32,0.29,0.17
NEWC,2017-08-21 12:55:00 EDT,43.97329,-74.22273,1645,78.1,77.5,78.1,50.4,58.2,0.000,0.010,0.00,0.000,1.6,4.2,1.1,305,52,2.5,5.7,1.3,309,58,1.6,4.2,1.1,305,52,567,28.40,,0,0,0,69.3,66.0,64.4,0.32,0.29,0.17
NEWC,2017-08-21 13:00:00 EDT,43.97329,-74.22273,1645,77.6,77.1,77.6,52.0,58.6,0.000,0.010,0.00,0.000,2.4,9.1,1.5,290,45,3.2,10.9,1.8,294,45,2.4,9.1,1.5,290,45,780,28.40,,0,0,0,69.3,66.0,64.4,0.32,0.29,0.17
NEWC,2017-08-21 13:05:00 EDT,43.97329,-74.22273,1645,78.5,77.5,78.5,49.7,58.2,0.000,0.010,0.00,0.000,3.7,10.4,2.2,250,45,4.5,14.7,2.5,254,47,3.7,10.4,2.2,250,45,789,28.40,,0,0,0,69.4,66.0,64.4,0.32,0.29,0.17
NEWC,2017-08-21 13:10:00 EDT,43.97329,-74.22273,1645,78.2,77.5,78.2,49.3,57.7,0.000,0.010,0.00,0.000,3.2,7.6,1.9,275,49,4.0,8.5,2.1,282,48,3.2,7.6,1.9,275,49,785,28.40,,0,0,0,69.6,66.0,64.4,0.32,0.29,0.17
NEWC,2017-08-21 13:15:00 EDT,43.97329,-74.22273,1645,78.3,77.9,78.3,48.7,57.4,0.000,0.010,0.00,0.000,3.4,8.9,2.2,225,44,4.2,9.5,2.3,229,48,3.4,8.9,2.2,225,44,781,28.39,,0,0,0,69.6,66.0,64.4,0.32,0.29,0.17
NEWC,2017-08-21 13:20:00 EDT,43.97329,-74.22273,1645,78.6,78.0,78.6,47.8,57.1,0.000,0.010,0.00,0.000,4.8,11.2,2.5,252,29,5.8,13.8,2.8,255,30,4.8,11.2,2.5,252,29,776,28.39,,0,0,0,69.9,66.0,64.4,0.32,0.29,0.17
NEWC,2017-08-21 13:25:00 EDT,43.97329,-74.22273,1645,78.1,77.8,78.1,47.3,56.5,0.000,0.010,0.00,0.000,4.2,11.2,2.4,228,30,5.2,11.5,2.3,226,31,4.2,11.2,2.4,228,30,738,28.39,,0,0,0,70.0,66.0,64.4,0.32,0.29,0.17
NEWC,2017-08-21 13:30:00 EDT,43.97329,-74.22273,1645,78.5,78.0,78.5,47.5,56.9,0.000,0.010,0.00,0.000,3.2,6.5,1.8,235,40,4.2,10.8,2.1,241,47,3.2,6.5,1.8,235,40,752,28.39,,0,0,0,70.0,66.0,64.4,0.32,0.29,0.17
NEWC,2017-08-21 13:35:00 EDT,43.97329,-74.22273,1645,78.8,78.2,78.8,47.4,57.2,0.000,0.010,0.00,0.000,3.5,7.3,1.5,235,26,4.0,7.4,1.6,237,26,3.5,7.3,1.5,235,26,727,28.39,,0,0,0,70.0,66.0,64.4,0.32,0.29,0.17
NEWC,2017-08-21 13:40:00 EDT,43.97329,-74.22273,1645,78.6,78.2,78.6,48.0,57.3,0.000,0.010,0.00,0.000,4.2,8.3,1.9,250,33,5.1,11.5,2.2,251,33,4.2,8.3,1.9,250,33,700,28.39,,0,0,0,70.3,66.0,64.4,0.32,0.29,0.17
NEWC,2017-08-21 13:45:00 EDT,43.97329,-74.22273,1645,78.4,78.1,78.4,46.7,56.4,0.000,0.010,0.00,0.000,3.0,7.4,1.7,236,31,3.6,8.5,1.8,240,37,3.0,7.4,1.7,236,31,663,28.39,,0,0,0,70.3,66.0,64.4,0.32,0.29,0.17
NEWC,2017-08-21 13:50:00 EDT,43.97329,-74.22273,1645,78.6,78.2,78.6,50.2,58.5,0.000,0.010,0.00,0.000,2.8,8.6,2.1,283,43,3.6,9.1,2.3,291,41,2.8,8.6,2.1,283,43,618,28.39,,0,0,0,70.4,66.0,64.4,0.32,0.29,0.17
NEWC,2017-08-21 13:55:00 EDT,43.97329,-74.22273,1645,78.2,77.9,78.2,52.2,59.3,0.000,0.010,0.00,0.000,2.9,6.1,1.3,261,51,3.4,8.3,1.6,262,48,2.9,6.1,1.3,261,51,578,28.39,,0,0,0,70.7,66.0,64.4,0.32,0.29,0.17
NEWC,2017-08-21 14:00:00 EDT,43.97329,-74.22273,1645,78.5,78.1,78.5,49.5,58.0,0.000,0.010,0.00,0.000,2.5,5.7,1.4,252,46,3.4,7.1,1.6,262,49,2.5,5.7,1.4,252,46,529,28.39,,0,0,0,70.7,66.0,64.4,0.32,0.29,0.17
NEWC,2017-08-21 14:05:00 EDT,43.97329,-74.22273,1645,78.2,77.8,78.2,49.1,57.5,0.000,0.010,0.00,0.000,3.9,11.6,2.7,271,37,5.0,14.6,3.0,274,39,3.9,11.6,2.7,271,37,481,28.39,,0,0,0,70.7,66.0,64.4,0.32,0.29,0.17
NEWC,2017-08-21 14:10:00 EDT,43.97329,-74.22273,1645,77.6,77.5,77.6,49.7,57.3,0.000,0.010,0.00,0.000,2.5,7.3,1.6,261,53,3.2,9.0,1.8,264,53,2.5,7.3,1.6,261,53,408,28.39,,0,0,0,70.7,66.0,64.4,0.32,0.29,0.17
NEWC,2017-08-21 14:15:00 EDT,43.97329,-74.22273,1645,77.4,77.3,77.4,52.9,58.9,0.000,0.010,0.00,0.000,1.9,5.9,1.6,267,60,3.0,9.2,2.0,259,59,1.9,5.9,1.6,267,60,389,28.38,,0,0,0,71.0,66.0,64.4,0.32,0.29,0.17
NEWC,2017-08-21 14:20:00 EDT,43.97329,-74.22273,1645,77.5,77.3,77.5,50.8,57.8,0.000,0.010,0.00,0.000,2.1,6.7,1.2,244,50,2.8,7.3,1.4,248,53,2.1,6.7,1.2,244,50,341,28.38,,0,0,0,71.1,66.0,64.4,0.32,0.29,0.17
NEWC,2017-08-21 14:25:00 EDT,43.97329,-74.22273,1645,76.6,76.7,76.6,55.3,59.4,0.000,0.010,0.00,0.000,1.8,4.5,1.1,235,52,2.1,5.7,1.2,237,56,1.8,4.5,1.1,235,52,307,28.38,,0,0,0,71.1,66.0,64.4,0.32,0.28,0.17
NEWC,2017-08-21 14:30:00 EDT,43.97329,-74.22273,1645,76.3,76.5,76.3,53.9,58.4,0.000,0.010,0.00,0.000,2.4,7.3,1.7,249,37,3.1,9.5,1.9,251,40,2.4,7.3,1.7,249,37,273,28.38,,0,0,0,71.2,66.0,64.4,0.32,0.29,0.17
NEWC,2017-08-21 14:35:00 EDT,43.97329,-74.22273,1645,75.7,76.1,75.7,58.3,60.0,0.000,0.010,0.00,0.000,0.8,4.2,0.9,198,50,1.4,4.8,1.1,209,58,0.8,4.2,0.9,198,50,247,28.38,,0,0,0,71.4,66.0,64.4,0.32,0.29,0.17
NEWC,2017-08-21 14:40:00 EDT,43.97329,-74.22273,1645,75.6,76.0,75.6,55.6,58.7,0.000,0.010,0.00,0.000,2.7,6.4,1.6,233,37,3.2,7.8,1.7,239,36,2.7,6.4,1.6,233,37,232,28.38,,0,0,0,71.4,66.0,64.4,0.32,0.28,0.17
NEWC,2017-08-21 14:45:00 EDT,43.97329,-74.22273,1645,75.0,75.6,75.0,58.4,59.4,0.000,0.010,0.00,0.000,1.6,4.2,0.9,229,29,2.2,5.2,0.9,229,32,1.6,4.2,0.9,229,29,213,28.37,,0,0,0,71.4,66.0,64.4,0.32,0.29,0.17
NEWC,2017-08-21 14:50:00 EDT,43.97329,-74.22273,1645,75.3,75.7,75.3,56.9,58.9,0.000,0.010,0.00,0.000,2.7,6.4,1.2,237,36,3.2,7.4,1.4,236,36,2.7,6.4,1.2,237,36,238,28.37,,0,0,0,71.4,66.0,64.4,0.32,0.28,0.17
NEWC,2017-08-21 14:55:00 EDT,43.97329,-74.22273,1645,75.1,75.5,75.1,59.2,59.9,0.000,0.010,0.00,0.000,2.4,5.3,1.3,216,26,2.7,5.7,1.5,216,27,2.4,5.3,1.3,216,26,263,28.37,,0,0,0,71.4,66.0,64.4,0.32,0.28,0.17
NEWC,2017-08-21 15:00:00 EDT,43.97329,-74.22273,1645,75.4,75.7,75.4,60.5,60.8,0.000,0.010,0.00,0.000,1.7,3.4,0.7,216,27,2.0,4.0,0.8,213,29,1.7,3.4,0.7,216,27,286,28.37,,0,0,0,71.4,66.0,64.4,0.32,0.28,0.17
NEWC,2017-08-21 15:05:00 EDT,43.97329,-74.22273,1645,75.8,75.8,75.8,59.9,60.8,0.000,0.010,0.00,0.000,2.1,5.6,1.3,232,21,2.4,6.0,1.3,233,23,2.1,5.6,1.3,232,21,311,28.37,,0,0,0,71.4,66.0,64.4,0.32,0.29,0.17
NEWC,2017-08-21 15:10:00 EDT,43.97329,-74.22273,1645,76.2,76.0,76.2,59.2,60.9,0.000,0.010,0.00,0.000,1.9,5.5,1.3,233,26,2.4,6.4,1.4,232,29,1.9,5.5,1.3,233,26,357,28.37,,0,0,0,71.4,66.0,64.4,0.32,0.28,0.17
NEWC,2017-08-21 15:15:00 EDT,43.97329,-74.22273,1645,76.8,76.6,76.8,55.8,59.9,0.000,0.010,0.00,0.000,2.3,5.5,1.3,243,30,2.9,6.5,1.4,246,35,2.3,5.5,1.3,243,30,425,28.37,,0,0,0,71.6,66.0,64.4,0.32,0.28,0.17
NEWC,2017-08-21 15:20:00 EDT,43.97329,-74.22273,1645,77.1,76.8,77.1,56.6,60.4,0.000,0.010,0.00,0.000,2.4,6.1,1.5,243,32,3.0,6.5,1.4,245,33,2.4,6.1,1.5,243,32,427,28.37,,0,0,0,71.8,66.0,64.4,0.32,0.29,0.17
NEWC,2017-08-21 15:25:00 EDT,43.97329,-74.22273,1645,77.3,77.1,77.3,56.3,60.6,0.000,0.010,0.00,0.000,2.1,5.6,1.5,233,27,2.7,6.5,1.5,236,36,2.1,5.6,1.5,233,27,459,28.37,,0,0,0,71.8,66.0,64.4,0.32,0.28,0.17
NEWC,2017-08-21 15:30:00 EDT,43.97329,-74.22273,1645,77.6,77.4,77.6,53.9,59.7,0.000,0.010,0.00,0.000,4.1,12.0,2.3,237,25,4.7,12.5,2.5,243,24,4.1,12.0,2.3,237,25,529,28.37,,0,0,0,71.8,66.0,64.4,0.32,0.28,0.17
NEWC,2017-08-21 15:35:00 EDT,43.97329,-74.22273,1645,77.8,77.6,77.8,53.4,59.6,0.000,0.010,0.00,0.000,3.2,10.1,2.1,234,35,4.0,10.3,2.2,234,33,3.2,10.1,2.1,234,35,533,28.37,,0,0,0,71.8,66.1,64.4,0.32,0.29,0.17
NEWC,2017-08-21 15:40:00 EDT,43.97329,-74.22273,1645,78.0,77.7,78.0,53.7,59.9,0.000,0.010,0.00,0.000,3.4,8.1,1.6,234,33,4.1,8.3,1.8,235,32,3.4,8.1,1.6,234,33,536,28.37,,0,0,0,71.8,66.1,64.4,0.32,0.29,0.17
NEWC,2017-08-21 15:45:00 EDT,43.97329,-74.22273,1645,77.8,77.6,77.8,52.3,59.0,0.000,0.010,0.00,0.000,4.3,10.7,2.2,241,27,5.0,13.3,2.6,242,26,4.3,10.7,2.2,241,27,551,28.37,,0,0,0,71.8,66.1,64.4,0.32,0.29,0.17
NEWC,2017-08-21 15:50:00 EDT,43.97329,-74.22273,1645,77.9,77.7,77.9,55.1,60.5,0.000,0.010,0.00,0.000,3.4,8.3,2.3,243,39,4.1,10.6,2.5,248,39,3.4,8.3,2.3,243,39,563,28.37,,0,0,0,71.8,66.1,64.4,0.32,0.29,0.17
NEWC,2017-08-21 15:55:00 EDT,43.97329,-74.22273,1645,78.1,77.8,78.1,52.1,59.1,0.000,0.010,0.00,0.000,4.4,10.2,2.2,249,35,5.3,12.5,2.5,251,34,4.4,10.2,2.2,249,35,568,28.37,,0,0,0,71.8,66.2,64.4,0.32,0.29,0.17
NEWC,2017-08-21 16:00:00 EDT,43.97329,-74.22273,1645,78.3,77.9,78.3,51.2,58.8,0.000,0.010,0.00,0.000,3.4,8.6,1.8,246,44,4.4,12.4,2.3,252,44,3.4,8.6,1.8,246,44,568,28.37,,0,0,0,71.8,66.3,64.4,0.32,0.29,0.17
NEWC,2017-08-21 16:05:00 EDT,43.97329,-74.22273,1645,78.1,77.8,78.1,51.9,58.9,0.000,0.010,0.00,0.000,4.8,12.0,2.2,248,32,5.6,13.4,2.4,253,30,4.8,12.0,2.2,248,32,451,28.37,,0,0,0,71.8,66.3,64.4,0.32,0.29,0.17
NEWC,2017-08-21 16:10:00 EDT,43.97329,-74.22273,1645,77.8,77.6,77.8,52.3,58.9,0.000,0.010,0.00,0.000,3.4,10.7,2.4,232,37,4.2,11.5,2.4,234,40,3.4,10.7,2.4,232,37,559,28.37,,0,0,0,71.8,66.4,64.4,0.32,0.29,0.17
NEWC,2017-08-21 16:15:00 EDT,43.97329,-74.22273,1645,78.0,77.8,78.0,51.7,58.8,0.000,0.010,0.00,0.000,4.6,12.0,2.9,246,29,5.5,15.9,3.3,250,28,4.6,12.0,2.9,246,29,478,28.37,,0,0,0,71.8,66.4,64.4,0.32,0.29,0.17
NEWC,2017-08-21 16:20:00 EDT,43.97329,-74.22273,1645,78.4,78.1,78.4,52.0,59.3,0.000,0.010,0.00,0.000,4.0,9.7,2.0,225,24,4.8,10.6,2.2,225,26,4.0,9.7,2.0,225,24,455,28.37,,0,0,0,71.8,66.4,64.4,0.32,0.29,0.17
NEWC,2017-08-21 16:25:00 EDT,43.97329,-74.22273,1645,77.6,77.4,77.6,52.1,58.6,0.000,0.010,0.00,0.000,4.4,10.2,2.5,237,31,5.5,13.7,2.6,242,31,4.4,10.2,2.5,237,31,345,28.37,,0,0,0,72.2,66.4,64.4,0.32,0.29,0.17
NEWC,2017-08-21 16:30:00 EDT,43.97329,-74.22273,1645,77.5,77.3,77.5,54.2,59.6,0.000,0.010,0.00,0.000,3.2,9.4,2.3,241,34,4.1,10.5,2.4,239,35,3.2,9.4,2.3,241,34,374,28.37,,0,0,0,72.3,66.4,64.4,0.32,0.29,0.17
NEWC,2017-08-21 16:35:00 EDT,43.97329,-74.22273,1645,77.7,77.4,77.7,51.7,58.5,0.000,0.010,0.00,0.000,5.8,14.1,2.7,248,24,6.5,16.5,3.1,252,24,5.8,14.1,2.7,248,24,403,28.37,,0,0,0,72.3,66.4,64.4,0.32,0.29,0.17
NEWC,2017-08-21 16:40:00 EDT,43.97329,-74.22273,1645,78.0,77.7,78.0,53.2,59.6,0.000,0.010,0.00,0.000,3.5,8.8,1.6,237,28,4.1,9.3,1.8,240,26,3.5,8.8,1.6,237,28,516,28.37,,0,0,0,72.3,66.4,64.4,0.32,0.29,0.17
NEWC,2017-08-21 16:45:00 EDT,43.97329,-74.22273,1645,77.7,77.6,77.7,53.5,59.5,0.000,0.010,0.00,0.000,4.1,8.8,1.7,249,39,4.8,8.9,1.9,252,37,4.1,8.8,1.7,249,39,450,28.36,,0,0,0,72.3,66.4,64.4,0.32,0.29,0.17
NEWC,2017-08-21 16:50:00 EDT,43.97329,-74.22273,1645,77.8,77.7,77.8,53.3,59.5,0.000,0.010,0.00,0.000,2.6,7.2,1.8,263,54,3.8,10.8,2.3,262,57,2.6,7.2,1.8,263,54,451,28.36,,0,0,0,72.3,66.4,64.4,0.32,0.29,0.17
NEWC,2017-08-21 16:55:00 EDT,43.97329,-74.22273,1645,77.8,77.5,77.8,52.1,58.9,0.000,0.010,0.00,0.000,2.6,6.7,1.7,240,41,3.3,9.5,2.0,247,42,2.6,6.7,1.7,240,41,431,28.36,,0,0,0,72.3,66.4,64.4,0.32,0.29,0.17
NEWC,2017-08-21 17:00:00 EDT,43.97329,-74.22273,1645,77.6,77.5,77.6,51.7,58.4,0.000,0.010,0.00,0.000,4.7,11.6,2.1,221,33,5.5,13.4,2.3,226,34,4.7,11.6,2.1,221,33,425,28.36,,0,0,0,72.3,66.4,64.4,0.32,0.29,0.17
NEWC,2017-08-21 17:05:00 EDT,43.97329,-74.22273,1645,77.5,77.4,77.5,51.3,58.2,0.000,0.010,0.00,0.000,5.2,12.9,2.1,230,27,5.7,12.2,2.0,232,27,5.2,12.9,2.1,230,27,347,28.36,,0,0,0,72.3,66.4,64.4,0.32,0.28,0.17
NEWC,2017-08-21 17:10:00 EDT,43.97329,-74.22273,1645,77.3,77.1,77.3,52.4,58.5,0.000,0.010,0.00,0.000,4.6,9.6,2.1,230,26,5.2,10.5,2.2,232,27,4.6,9.6,2.1,230,26,394,28.36,,0,0,0,72.3,66.4,64.4,0.32,0.28,0.17
NEWC,2017-08-21 17:15:00 EDT,43.97329,-74.22273,1645,77.4,77.2,77.4,52.3,58.5,0.000,0.010,0.00,0.000,4.5,10.2,2.4,228,26,5.1,14.0,2.7,229,28,4.5,10.2,2.4,228,26,325,28.36,,0,0,0,72.3,66.4,64.4,0.32,0.29,0.17
NEWC,2017-08-21 17:20:00 EDT,43.97329,-74.22273,1645,77.1,77.0,77.1,53.4,58.9,0.000,0.010,0.00,0.000,3.4,8.5,1.6,213,21,3.8,9.7,1.8,212,21,3.4,8.5,1.6,213,21,316,28.36,,0,0,0,72.3,66.4,64.4,0.32,0.29,0.17
NEWC,2017-08-21 17:25:00 EDT,43.97329,-74.22273,1645,76.9,76.9,76.9,54.4,59.2,0.000,0.010,0.00,0.000,3.7,7.2,1.6,220,35,4.1,8.0,1.8,222,35,3.7,7.2,1.6,220,35,345,28.36,,0,0,0,72.3,66.4,64.4,0.32,0.28,0.17
NEWC,2017-08-21 17:30:00 EDT,43.97329,-74.22273,1645,76.8,76.8,76.8,56.0,59.9,0.000,0.010,0.00,0.000,2.0,3.9,1.0,207,41,2.5,6.2,1.2,217,43,2.0,3.9,1.0,207,41,325,28.36,,0,0,0,72.3,66.4,64.4,0.32,0.28,0.17
NEWC,2017-08-21 17:35:00 EDT,43.97329,-74.22273,1645,77.0,76.9,77.0,55.5,59.9,0.000,0.010,0.00,0.000,2.6,7.7,2.0,229,33,3.2,7.8,2.0,228,38,2.6,7.7,2.0,229,33,305,28.36,,0,0,0,72.3,66.4,64.4,0.32,0.28,0.17
NEWC,2017-08-21 17:40:00 EDT,43.97329,-74.22273,1645,76.2,76.4,76.2,56.8,59.8,0.000,0.010,0.00,0.000,2.2,7.5,1.7,213,37,2.9,10.0,2.1,215,41,2.2,7.5,1.7,213,37,290,28.36,,0,0,0,72.3,66.4,64.4,0.32,0.29,0.17
NEWC,2017-08-21 17:45:00 EDT,43.97329,-74.22273,1645,75.9,76.2,75.9,58.0,60.1,0.000,0.010,0.00,0.000,1.7,4.8,1.1,235,47,2.3,6.5,1.3,243,45,1.7,4.8,1.1,235,47,277,28.36,,0,0,0,72.3,66.4,64.4,0.32,0.28,0.17
NEWC,2017-08-21 17:50:00 EDT,43.97329,-74.22273,1645,75.7,75.9,75.7,58.7,60.2,0.000,0.010,0.00,0.000,2.4,8.0,2.1,235,36,3.0,9.6,2.3,242,35,2.4,8.0,2.1,235,36,258,28.36,,0,0,0,72.3,66.4,64.4,0.32,0.28,0.17
NEWC,2017-08-21 17:55:00 EDT,43.97329,-74.22273,1645,76.0,76.2,76.0,56.1,59.2,0.000,0.010,0.00,0.000,2.3,5.8,1.3,237,48,3.3,6.9,1.5,235,51,2.3,5.8,1.3,237,48,247,28.35,,0,0,0,72.3,66.4,64.4,0.32,0.28,0.17
NEWC,2017-08-21 18:00:00 EDT,43.97329,-74.22273,1645,75.2,75.8,75.2,59.6,60.2,0.000,0.010,0.00,0.000,1.5,6.4,1.2,220,35,1.9,6.6,1.3,217,40,1.5,6.4,1.2,220,35,240,28.35,,0,0,0,72.3,66.4,64.4,0.32,0.28,0.17
NEWC,2017-08-21 18:05:00 EDT,43.97329,-74.22273,1645,75.1,75.9,75.1,59.4,60.0,0.000,0.010,0.00,0.000,1.1,4.7,1.2,246,40,1.7,6.2,1.4,256,51,1.1,4.7,1.2,246,40,232,28.36,,0,0,0,72.3,66.4,64.4,0.32,0.28,0.17
NEWC,2017-08-21 18:10:00 EDT,43.97329,-74.22273,1645,74.7,75.5,74.7,61.4,60.6,0.000,0.010,0.00,0.000,0.9,3.4,0.8,239,50,1.4,4.2,0.9,232,55,0.9,3.4,0.8,239,50,209,28.35,,0,0,0,72.3,66.4,64.4,0.32,0.28,0.17
NEWC,2017-08-21 18:15:00 EDT,43.97329,-74.22273,1645,74.6,75.6,74.6,61.2,60.3,0.000,0.010,0.00,0.000,1.7,4.1,1.2,224,24,1.9,5.0,1.1,220,31,1.7,4.1,1.2,224,24,189,28.35,,0,0,0,72.3,66.4,64.4,0.32,0.28,0.17
NEWC,2017-08-21 18:20:00 EDT,43.97329,-74.22273,1645,73.7,75.4,73.7,64.6,61.0,0.000,0.010,0.00,0.000,1.6,5.0,1.0,228,30,2.0,6.0,1.1,227,32,1.6,5.0,1.0,228,30,130,28.35,,0,0,0,72.3,66.4,64.4,0.32,0.28,0.17
NEWC,2017-08-21 18:25:00 EDT,43.97329,-74.22273,1645,74.1,75.5,74.1,63.8,61.0,0.000,0.010,0.00,0.000,1.0,2.7,0.7,204,41,1.3,4.2,0.9,203,44,1.0,2.7,0.7,204,41,81,28.35,,0,0,0,72.3,66.4,64.4,0.32,0.28,0.17
NEWC,2017-08-21 18:30:00 EDT,43.97329,-74.22273,1645,74.2,75.5,74.2,63.4,61.0,0.000,0.010,0.00,0.000,1.5,4.7,1.2,219,24,2.0,6.1,1.3,218,29,1.5,4.7,1.2,219,24,71,28.35,,0,0,0,72.3,66.4,64.4,0.32,0.28,0.17
NEWC,2017-08-21 18:35:00 EDT,43.97329,-74.22273,1645,73.5,75.3,73.5,64.2,60.6,0.000,0.010,0.00,0.000,1.7,4.0,1.0,225,30,2.1,5.7,1.1,228,31,1.7,4.0,1.0,225,30,63,28.35,,0,0,0,72.3,66.4,64.4,0.32,0.29,0.17
NEWC,2017-08-21 18:40:00 EDT,43.97329,-74.22273,1645,73.2,74.8,73.2,65.6,61.0,0.000,0.010,0.00,0.000,2.0,5.1,1.1,228,26,2.2,5.4,1.2,227,30,2.0,5.1,1.1,228,26,55,28.35,,0,0,0,72.3,66.5,64.4,0.32,0.29,0.17
NEWC,2017-08-21 18:45:00 EDT,43.97329,-74.22273,1645,72.4,74.6,72.4,68.3,61.4,0.000,0.010,0.00,0.000,2.2,5.5,1.1,216,21,2.4,5.8,1.1,217,19,2.2,5.5,1.1,216,21,49,28.35,,0,0,0,72.3,66.5,64.4,0.32,0.28,0.17
NEWC,2017-08-21 18:50:00 EDT,43.97329,-74.22273,1645,72.5,74.2,72.5,68.6,61.6,0.000,0.010,0.00,0.000,1.8,4.3,1.0,228,23,2.1,5.2,1.0,227,25,1.8,4.3,1.0,228,23,45,28.35,,0,0,0,72.3,66.6,64.4,0.32,0.29,0.17
NEWC,2017-08-21 18:55:00 EDT,43.97329,-74.22273,1645,71.3,73.9,71.3,74.6,62.8,0.000,0.010,0.00,0.000,1.5,2.6,0.5,209,22,1.8,3.6,0.6,208,23,1.5,2.6,0.5,209,22,42,28.36,,0,0,0,72.3,66.7,64.4,0.32,0.28,0.17
NEWC,2017-08-21 19:00:00 EDT,43.97329,-74.22273,1645,70.3,73.2,70.3,79.2,63.6,0.000,0.010,0.00,0.000,1.2,3.7,0.7,202,21,1.5,3.3,0.6,199,21,1.2,3.7,0.7,202,21,38,28.35,,0,0,0,72.3,66.7,64.4,0.32,0.28,0.17
NEWC,2017-08-21 19:05:00 EDT,43.97329,-74.22273,1645,69.6,72.8,69.6,80.3,63.3,0.000,0.010,0.00,0.000,1.3,2.6,0.4,187,22,1.7,3.7,0.5,187,21,1.3,2.6,0.4,187,22,34,28.35,,0,0,0,72.3,66.7,64.4,0.32,0.29,0.17
NEWC,2017-08-21 19:10:00 EDT,43.97329,-74.22273,1645,69.2,71.6,69.2,82.4,63.7,0.000,0.010,0.00,0.000,1.1,1.7,0.2,173,12,1.5,2.0,0.2,171,14,1.1,1.7,0.2,173,12,30,28.35,,0,0,0,72.3,66.7,64.4,0.32,0.28,0.17
NEWC,2017-08-21 19:15:00 EDT,43.97329,-74.22273,1645,69.1,71.3,69.1,83.3,63.8,0.000,0.010,0.00,0.000,0.2,0.9,0.3,158,5,0.8,1.6,0.5,159,20,0.2,0.9,0.3,158,5,26,28.35,,0,0,0,72.3,66.7,64.4,0.32,0.29,0.17
NEWC,2017-08-21 19:20:00 EDT,43.97329,-74.22273,1645,69.1,70.7,69.1,82.9,63.7,0.000,0.010,0.00,0.000,0.1,0.7,0.2,29,0,0.6,1.2,0.4,43,20,0.1,0.7,0.2,29,0,23,28.35,,0,0,0,72.3,66.7,64.4,0.32,0.29,0.17
NEWC,2017-08-21 19:25:00 EDT,43.97329,-74.22273,1645,68.9,70.0,68.9,83.1,63.5,0.000,0.010,0.00,0.000,0.2,0.9,0.4,28,0,0.4,1.3,0.5,32,6,0.2,0.9,0.4,28,0,20,28.35,,0,0,0,72.3,66.7,64.4,0.32,0.28,0.17
NEWC,2017-08-21 19:30:00 EDT,43.97329,-74.22273,1645,68.0,69.5,68.0,84.7,63.2,0.000,0.010,0.00,0.000,0.3,1.1,0.4,155,0,0.7,1.6,0.6,155,9,0.3,1.1,0.4,155,0,16,28.35,,0,0,0,72.3,66.7,64.4,0.32,0.28,0.17
NEWC,2017-08-21 19:35:00 EDT,43.97329,-74.22273,1645,67.6,69.1,67.6,85.1,62.9,0.000,0.010,0.00,0.000,0.1,0.6,0.2,156,0,0.6,1.2,0.5,170,6,0.1,0.6,0.2,156,0,13,28.35,,0,0,0,72.3,66.7,64.4,0.32,0.28,0.17
NEWC,2017-08-21 19:40:00 EDT,43.97329,-74.22273,1645,67.2,68.5,67.2,86.0,62.8,0.000,0.010,0.00,0.000,0.2,0.7,0.3,156,0,0.7,1.2,0.4,153,9,0.2,0.7,0.3,156,0,11,28.35,,0,0,0,72.3,66.7,64.4,0.32,0.28,0.17
NEWC,2017-08-21 19:45:00 EDT,43.97329,-74.22273,1645,66.8,68.3,66.8,86.7,62.8,0.000,0.010,0.00,0.000,0.1,0.6,0.2,156,0,0.5,1.3,0.5,170,8,0.1,0.6,0.2,156,0,9,28.35,,0,0,0,72.3,66.7,64.4,0.32,0.28,0.17
NEWC,2017-08-21 19:50:00 EDT,43.97329,-74.22273,1645,66.6,67.7,66.6,87.3,62.7,0.000,0.010,0.00,0.000,0.0,0.0,0.0,0,0,0.2,1.1,0.3,333,3,0.0,0.0,0.0,0,0,6,28.35,,0,0,0,72.0,66.7,64.4,0.32,0.29,0.17
NEWC,2017-08-21 19:55:00 EDT,43.97329,-74.22273,1645,66.1,67.3,66.1,87.9,62.5,0.000,0.010,0.00,0.000,0.1,0.7,0.2,254,0,0.4,1.1,0.4,276,10,0.1,0.7,0.2,254,0,3,28.35,,0,0,0,71.8,66.7,64.4,0.32,0.29,0.17
NEWC,2017-08-21 20:00:00 EDT,43.97329,-74.22273,1645,65.6,66.9,65.6,88.9,62.3,0.000,0.010,0.00,0.000,0.0,0.5,0.1,254,0,0.2,1.2,0.4,225,14,0.0,0.5,0.1,254,0,2,28.35,,0,0,0,71.8,66.7,64.4,0.32,0.29,0.17
NEWC,2017-08-21 20:05:00 EDT,43.97329,-74.22273,1645,65.4,66.5,65.4,89.9,62.3,0.000,0.010,0.00,0.000,0.0,0.0,0.0,0,0,0.0,0.7,0.1,194,0,0.0,0.0,0.0,0,0,1,28.35,,0,0,0,71.8,66.7,64.4,0.32,0.29,0.17
NEWC,2017-08-21 20:10:00 EDT,43.97329,-74.22273,1645,65.2,66.3,65.2,90.9,62.5,0.000,0.010,0.00,0.000,0.1,1.1,0.3,162,0,0.5,1.5,0.6,161,3,0.1,1.1,0.3,162,0,0,28.35,,0,0,0,71.8,66.7,64.4,0.32,0.29,0.17
NEWC,2017-08-21 20:15:00 EDT,43.97329,-74.22273,1645,64.6,65.9,64.6,91.3,62.0,0.000,0.010,0.00,0.000,1.0,1.8,0.7,158,2,1.2,2.3,0.8,154,8,1.0,1.8,0.7,158,2,0,28.35,,0,0,0,71.8,66.7,64.4,0.32,0.29,0.17
NEWC,2017-08-21 20:20:00 EDT,43.97329,-74.22273,1645,65.0,65.9,65.0,91.4,62.4,0.000,0.010,0.00,0.000,0.0,0.0,0.0,0,0,0.0,0.7,0.1,125,0,0.0,0.0,0.0,0,0,0,28.35,,0,0,0,71.8,66.7,64.4,0.32,0.29,0.17
NEWC,2017-08-21 20:25:00 EDT,43.97329,-74.22273,1645,64.5,65.6,64.5,91.7,62.0,0.000,0.010,0.00,0.000,0.0,0.0,0.0,0,0,0.0,0.8,0.2,37,12,0.0,0.0,0.0,0,0,0,28.35,,0,0,0,71.8,66.7,64.4,0.32,0.29,0.17
NEWC,2017-08-21 20:30:00 EDT,43.97329,-74.22273,1645,64.0,65.2,64.0,92.7,61.8,0.000,0.010,0.00,0.000,0.1,0.7,0.2,156,1,0.5,1.2,0.4,123,29,0.1,0.7,0.2,156,1,0,28.35,,0,0,0,71.7,66.7,64.4,0.32,0.28,0.17
NEWC,2017-08-21 20:35:00 EDT,43.97329,-74.22273,1645,64.1,65.2,64.1,93.3,62.1,0.000,0.010,0.00,0.000,0.1,1.1,0.2,291,12,0.3,1.5,0.5,326,38,0.1,1.1,0.2,291,12,0,28.35,,0,0,0,71.4,66.7,64.4,0.32,0.28,0.17
NEWC,2017-08-21 20:40:00 EDT,43.97329,-74.22273,1645,63.7,64.9,63.7,93.9,61.9,0.000,0.010,0.00,0.000,0.4,1.3,0.4,54,28,0.7,1.8,0.6,51,34,0.4,1.3,0.4,54,28,0,28.35,,0,0,0,71.4,66.8,64.4,0.32,0.28,0.17
NEWC,2017-08-21 20:45:00 EDT,43.97329,-74.22273,1645,63.4,64.6,63.4,94.0,61.6,0.000,0.010,0.00,0.000,0.6,2.4,0.8,213,14,0.9,2.6,0.9,207,30,0.6,2.4,0.8,213,14,0,28.36,,0,0,0,71.4,66.8,64.4,0.32,0.29,0.17
NEWC,2017-08-21 20:50:00 EDT,43.97329,-74.22273,1645,63.2,64.5,63.2,94.0,61.4,0.000,0.010,0.00,0.000,0.2,0.8,0.3,120,1,0.7,1.5,0.5,118,24,0.2,0.8,0.3,120,1,0,28.36,,0,0,0,71.4,66.8,64.4,0.32,0.29,0.17
NEWC,2017-08-21 20:55:00 EDT,43.97329,-74.22273,1645,62.9,64.3,62.9,94.1,61.2,0.000,0.010,0.00,0.000,1.5,2.6,0.7,161,24,1.9,3.4,0.7,157,29,1.5,2.6,0.7,161,24,0,28.36,,0,0,0,71.4,66.8,64.4,0.32,0.29,0.17
NEWC,2017-08-21 21:00:00 EDT,43.97329,-74.22273,1645,63.0,65.2,63.0,94.2,61.3,0.000,0.010,0.00,0.000,1.2,2.7,0.6,48,32,1.5,3.4,0.5,51,33,1.2,2.7,0.6,48,32,0,28.36,,0,0,0,71.4,66.9,64.4,0.32,0.29,0.17
NEWC,2017-08-21 21:05:00 EDT,43.97329,-74.22273,1645,62.9,64.2,62.9,95.0,61.4,0.000,0.010,0.00,0.000,1.0,2.0,0.6,42,39,1.2,2.3,0.6,35,50,1.0,2.0,0.6,42,39,0,28.36,,0,0,0,71.4,66.9,64.4,0.32,0.29,0.17
NEWC,2017-08-21 21:10:00 EDT,43.97329,-74.22273,1645,62.5,63.6,62.5,94.3,60.8,0.000,0.010,0.00,0.000,0.2,1.1,0.3,211,3,0.4,1.5,0.5,192,17,0.2,1.1,0.3,211,3,0,28.36,,0,0,0,71.4,67.0,64.4,0.32,0.28,0.17
NEWC,2017-08-21 21:15:00 EDT,43.97329,-74.22273,1645,62.3,63.6,62.3,94.9,60.8,0.000,0.010,0.00,0.000,0.6,1.9,0.7,242,11,0.9,2.3,0.7,247,36,0.6,1.9,0.7,242,11,0,28.36,,0,0,0,71.4,67.1,64.4,0.32,0.28,0.17
NEWC,2017-08-21 21:20:00 EDT,43.97329,-74.22273,1645,61.9,63.3,61.9,95.3,60.5,0.000,0.010,0.00,0.000,0.5,1.3,0.4,328,26,0.8,1.9,0.6,325,31,0.5,1.3,0.4,328,26,0,28.36,,0,0,0,71.3,67.0,64.4,0.32,0.28,0.17
NEWC,2017-08-21 21:25:00 EDT,43.97329,-74.22273,1645,62.0,63.4,62.0,96.0,60.9,0.000,0.010,0.00,0.000,0.7,3.1,1.0,222,4,0.9,3.5,1.0,236,32,0.7,3.1,1.0,222,4,0,28.36,,0,0,0,71.1,67.1,64.4,0.32,0.28,0.17
NEWC,2017-08-21 21:30:00 EDT,43.97329,-74.22273,1645,62.2,63.1,62.2,96.4,61.1,0.000,0.010,0.00,0.000,0.5,1.8,0.6,279,38,0.8,2.3,0.7,266,50,0.5,1.8,0.6,279,38,0,28.36,,0,0,0,71.1,67.1,64.4,0.32,0.28,0.17
NEWC,2017-08-21 21:35:00 EDT,43.97329,-74.22273,1645,61.8,62.9,61.8,96.1,60.7,0.000,0.010,0.00,0.000,0.3,1.3,0.4,251,2,0.5,1.8,0.6,251,6,0.3,1.3,0.4,251,2,0,28.36,,0,0,0,71.1,67.1,64.4,0.32,0.28,0.17
NEWC,2017-08-21 21:40:00 EDT,43.97329,-74.22273,1645,61.9,62.6,61.9,96.7,60.9,0.000,0.010,0.00,0.000,1.0,2.0,0.5,304,51,1.4,2.4,0.5,316,54,1.0,2.0,0.5,304,51,0,28.35,,0,0,0,71.1,67.1,64.4,0.32,0.28,0.17
NEWC,2017-08-21 21:45:00 EDT,43.97329,-74.22273,1645,61.3,62.4,61.3,96.3,60.2,0.000,0.010,0.00,0.000,0.2,1.2,0.3,214,21,0.4,1.4,0.5,178,33,0.2,1.2,0.3,214,21,0,28.35,,0,0,0,70.9,67.1,64.4,0.32,0.28,0.17
NEWC,2017-08-21 21:50:00 EDT,43.97329,-74.22273,1645,61.4,62.1,61.4,96.6,60.4,0.000,0.010,0.00,0.000,0.3,1.2,0.4,164,19,0.9,1.6,0.4,141,47,0.3,1.2,0.4,164,19,0,28.35,,0,0,0,70.7,67.1,64.4,0.32,0.28,0.17
NEWC,2017-08-21 21:55:00 EDT,43.97329,-74.22273,1645,61.0,61.9,61.0,96.2,59.9,0.000,0.010,0.00,0.000,0.5,1.1,0.4,187,31,0.9,1.5,0.4,182,40,0.5,1.1,0.4,187,31,0,28.35,,0,0,0,70.7,67.1,64.4,0.32,0.28,0.17
NEWC,2017-08-21 22:00:00 EDT,43.97329,-74.22273,1645,61.1,61.9,61.1,96.9,60.2,0.000,0.010,0.00,0.000,0.3,1.1,0.4,145,3,0.6,1.3,0.5,151,9,0.3,1.1,0.4,145,3,0,28.35,,0,0,0,70.7,67.1,64.4,0.32,0.28,0.17
NEWC,2017-08-21 22:05:00 EDT,43.97329,-74.22273,1645,60.8,61.6,60.8,96.7,59.8,0.000,0.010,0.00,0.000,0.4,1.4,0.5,125,2,0.8,1.7,0.6,121,10,0.4,1.4,0.5,125,2,0,28.35,,0,0,0,70.7,67.1,64.4,0.32,0.28,0.17
NEWC,2017-08-21 22:10:00 EDT,43.97329,-74.22273,1645,60.9,61.8,60.9,96.8,60.0,0.000,0.010,0.00,0.000,0.2,1.0,0.3,43,15,0.7,1.5,0.5,55,25,0.2,1.0,0.3,43,15,0,28.35,,0,0,0,70.7,67.1,64.4,0.32,0.28,0.17
NEWC,2017-08-21 22:15:00 EDT,43.97329,-74.22273,1645,60.9,61.7,60.9,96.9,60.0,0.000,0.010,0.00,0.000,0.0,0.0,0.0,0,0,0.3,1.2,0.4,300,20,0.0,0.0,0.0,0,0,0,28.35,,0,0,0,70.7,67.1,64.4,0.32,0.28,0.17
NEWC,2017-08-21 22:20:00 EDT,43.97329,-74.22273,1645,60.7,61.5,60.7,97.1,59.8,0.000,0.010,0.00,0.000,0.1,0.7,0.2,39,0,0.3,1.1,0.4,228,19,0.1,0.7,0.2,39,0,0,28.35,,0,0,0,70.7,67.1,64.4,0.32,0.28,0.17
NEWC,2017-08-21 22:25:00 EDT,43.97329,-74.22273,1645,60.5,61.4,60.5,96.9,59.6,0.000,0.010,0.00,0.000,0.6,1.5,0.4,312,51,1.1,1.9,0.6,272,33,0.6,1.5,0.4,312,51,0,28.35,,0,0,0,70.6,67.1,64.4,0.32,0.28,0.17
NEWC,2017-08-21 22:30:00 EDT,43.97329,-74.22273,1645,60.5,61.4,60.5,97.3,59.7,0.000,0.010,0.00,0.000,0.6,0.9,0.3,337,2,0.9,1.5,0.3,334,13,0.6,0.9,0.3,337,2,0,28.35,,0,0,0,70.4,67.1,64.4,0.32,0.28,0.17
NEWC,2017-08-21 22:35:00 EDT,43.97329,-74.22273,1645,60.5,61.1,60.5,97.7,59.9,0.000,0.010,0.00,0.000,0.8,1.7,0.6,265,8,1.1,2.1,0.7,268,10,0.8,1.7,0.6,265,8,0,28.35,,0,0,0,70.3,67.1,64.4,0.32,0.28,0.17
NEWC,2017-08-21 22:40:00 EDT,43.97329,-74.22273,1645,60.1,60.9,60.1,97.3,59.3,0.000,0.010,0.00,0.000,0.8,1.2,0.4,220,13,1.0,1.8,0.5,217,10,0.8,1.2,0.4,220,13,0,28.35,,0,0,0,70.3,67.1,64.4,0.32,0.28,0.17
NEWC,2017-08-21 22:45:00 EDT,43.97329,-74.22273,1645,60.0,60.8,60.0,97.1,59.2,0.000,0.010,0.00,0.000,0.4,1.2,0.4,217,0,0.8,1.4,0.4,229,15,0.4,1.2,0.4,217,0,0,28.35,,0,0,0,70.3,67.1,64.4,0.32,0.28,0.17
NEWC,2017-08-21 22:50:00 EDT,43.97329,-74.22273,1645,60.0,60.7,60.0,97.5,59.3,0.000,0.010,0.00,0.000,0.1,0.6,0.2,217,0,0.5,1.1,0.5,243,21,0.1,0.6,0.2,217,0,0,28.35,,0,0,0,70.3,67.1,64.4,0.32,0.28,0.17
NEWC,2017-08-21 22:55:00 EDT,43.97329,-74.22273,1645,59.9,60.6,59.9,97.8,59.3,0.000,0.010,0.00,0.000,0.0,0.4,0.1,217,0,0.4,1.3,0.5,269,32,0.0,0.4,0.1,217,0,0,28.35,,0,0,0,70.3,67.1,64.4,0.32,0.28,0.17
NEWC,2017-08-21 23:00:00 EDT,43.97329,-74.22273,1645,59.6,60.5,59.6,97.8,59.0,0.000,0.010,0.00,0.000,0.6,2.0,0.8,195,5,1.0,2.6,0.9,196,12,0.6,2.0,0.8,195,5,0,28.36,,0,0,0,70.1,67.1,64.4,0.32,0.28,0.17
NEWC,2017-08-21 23:05:00 EDT,43.97329,-74.22273,1645,59.6,60.3,59.6,97.6,58.9,0.000,0.010,0.00,0.000,0.7,1.8,0.5,186,4,1.1,2.3,0.6,190,14,0.7,1.8,0.5,186,4,0,28.36,,0,0,0,70.0,67.1,64.4,0.32,0.28,0.17
NEWC,2017-08-21 23:10:00 EDT,43.97329,-74.22273,1645,59.9,60.6,59.9,97.9,59.3,0.000,0.010,0.00,0.000,0.3,1.2,0.4,332,2,0.8,1.6,0.5,322,18,0.3,1.2,0.4,332,2,0,28.35,,0,0,0,70.0,67.1,64.4,0.32,0.28,0.17
NEWC,2017-08-21 23:15:00 EDT,43.97329,-74.22273,1645,59.7,60.4,59.7,98.0,59.1,0.000,0.010,0.00,0.000,0.6,1.9,0.7,346,12,0.8,2.6,0.9,350,15,0.6,1.9,0.7,346,12,0,28.35,,0,0,0,70.0,67.1,64.4,0.32,0.28,0.17
NEWC,2017-08-21 23:20:00 EDT,43.97329,-74.22273,1645,59.3,60.0,59.3,97.8,58.7,0.000,0.010,0.00,0.000,0.3,1.1,0.4,215,2,0.5,1.4,0.6,211,7,0.3,1.1,0.4,215,2,0,28.35,,0,0,0,70.0,67.1,64.4,0.32,0.28,0.17
NEWC,2017-08-21 23:25:00 EDT,43.97329,-74.22273,1645,59.3,60.0,59.3,97.6,58.6,0.000,0.010,0.00,0.000,0.6,1.7,0.7,206,3,0.7,2.0,0.8,206,8,0.6,1.7,0.7,206,3,0,28.35,,0,0,0,70.0,67.1,64.4,0.32,0.28,0.17
NEWC,2017-08-21 23:30:00 EDT,43.97329,-74.22273,1645,59.3,60.0,59.3,97.8,58.7,0.000,0.010,0.00,0.000,0.0,0.0,0.0,0,0,0.0,0.0,0.0,0,0,0.0,0.0,0.0,0,0,0,28.35,,0,0,0,70.0,67.1,64.4,0.32,0.28,0.17
NEWC,2017-08-21 23:35:00 EDT,43.97329,-74.22273,1645,59.4,60.1,59.4,98.0,58.8,0.000,0.010,0.00,0.000,0.0,0.0,0.0,0,0,0.5,1.1,0.4,321,18,0.0,0.0,0.0,0,0,0,28.35,,0,0,0,70.0,67.1,64.4,0.32,0.28,0.17
NEWC,2017-08-21 23:40:00 EDT,43.97329,-74.22273,1645,59.0,59.8,59.0,98.0,58.5,0.000,0.010,0.00,0.000,0.5,1.4,0.5,253,4,0.9,1.9,0.7,256,12,0.5,1.4,0.5,253,4,0,28.35,,0,0,0,69.7,67.1,64.4,0.32,0.28,0.17
NEWC,2017-08-21 23:45:00 EDT,43.97329,-74.22273,1645,58.7,59.6,58.7,97.9,58.1,0.000,0.010,0.00,0.000,0.2,1.1,0.3,233,1,0.3,1.3,0.4,235,10,0.2,1.1,0.3,233,1,0,28.35,,0,0,0,69.6,67.1,64.4,0.32,0.28,0.17
NEWC,2017-08-21 23:50:00 EDT,43.97329,-74.22273,1645,58.9,59.6,58.9,98.1,58.4,0.000,0.010,0.00,0.000,0.1,0.6,0.2,297,0,0.3,1.2,0.4,293,21,0.1,0.6,0.2,297,0,0,28.35,,0,0,0,69.6,67.1,64.4,0.32,0.28,0.17
NEWC,2017-08-21 23:55:00 EDT,43.97329,-74.22273,1645,58.8,59.4,58.8,98.1,58.3,0.000,0.010,0.00,0.000,0.0,0.4,0.1,297,0,0.0,0.7,0.1,312,0,0.0,0.4,0.1,297,0,0,28.35,,0,0,0,69.6,67.1,64.4,0.32,0.28,0.17
NHUD,2017-08-21 00:00:00 EDT,44.01310,-73.70516,981,57.5,59.2,57.5,95.9,56.3,0.000,0.000,0.00,0.000,2.3,3.0,0.4,218,8,2.4,3.9,0.5,219,8,2.3,3.0,0.4,218,8,0,29.08,,0,0,0,70.3,73.4,71.4,0.10,0.11,0.08
NHUD,2017-08-21 00:05:00 EDT,44.01310,-73.70516,981,57.8,59.5,57.8,95.4,56.5,0.000,0.000,0.00,0.000,2.1,3.0,0.4,205,13,2.3,3.4,0.4,205,13,2.1,3.0,0.4,205,13,0,29.08,,0,0,0,70.0,73.4,71.4,0.10,0.11,0.08
NHUD,2017-08-21 00:10:00 EDT,44.01310,-73.70516,981,57.6,59.8,57.6,95.1,56.2,0.000,0.000,0.00,0.000,2.5,4.0,0.4,218,10,2.7,4.7,0.5,218,8,2.5,4.0,0.4,218,10,0,29.08,,0,0,0,70.0,73.4,71.4,0.10,0.11,0.08
NHUD,2017-08-21 00:15:00 EDT,44.01310,-73.70516,981,58.8,61.3,58.8,94.9,57.3,0.000,0.000,0.00,0.000,4.2,7.9,1.5,234,13,4.6,9.3,1.8,233,11,4.2,7.9,1.5,234,13,0,29.08,,0,0,0,70.0,73.4,71.4,0.10,0.11,0.08
NHUD,2017-08-21 00:20:00 EDT,44.01310,-73.70516,981,58.1,61.4,58.1,92.7,56.0,0.000,0.000,0.00,0.000,3.8,6.3,0.9,228,11,4.3,6.9,1.1,227,9,3.8,6.3,0.9,228,11,0,29.09,,0,0,0,69.8,73.4,71.4,0.10,0.11,0.08
NHUD,2017-08-21 00:25:00 EDT,44.01310,-73.70516,981,57.7,61.9,57.7,93.1,55.7,0.000,0.000,0.00,0.000,2.9,6.1,1.1,225,13,3.3,7.5,1.3,225,11,2.9,6.1,1.1,225,13,0,29.09,,0,0,0,69.6,73.4,71.4,0.10,0.11,0.08
NHUD,2017-08-21 00:30:00 EDT,44.01310,-73.70516,981,57.8,61.8,57.8,93.7,56.0,0.000,0.000,0.00,0.000,2.4,3.4,0.3,221,11,2.5,4.4,0.5,221,11,2.4,3.4,0.3,221,11,0,29.09,,0,0,0,69.6,73.4,71.4,0.10,0.11,0.08
NHUD,2017-08-21 00:35:00 EDT,44.01310,-73.70516,981,58.2,62.0,58.2,94.2,56.5,0.000,0.000,0.00,0.000,2.0,2.8,0.3,213,16,2.2,2.9,0.3,214,14,2.0,2.8,0.3,213,16,0,29.09,,0,0,0,69.5,73.4,71.4,0.10,0.11,0.08
NHUD,2017-08-21 00:40:00 EDT,44.01310,-73.70516,981,58.3,61.0,58.3,94.1,56.6,0.000,0.000,0.00,0.000,2.2,3.2,0.4,201,16,2.4,3.6,0.6,201,16,2.2,3.2,0.4,201,16,0,29.09,,0,0,0,69.3,73.3,71.4,0.10,0.11,0.08
NHUD,2017-08-21 00:45:00 EDT,44.01310,-73.70516,981,58.0,59.9,58.0,93.7,56.2,0.000,0.000,0.00,0.000,2.3,2.7,0.2,220,7,2.4,3.6,0.3,221,7,2.3,2.7,0.2,220,7,0,29.09,,0,0,0,69.3,73.3,71.4,0.10,0.11,0.08
NHUD,2017-08-21 00:50:00 EDT,44.01310,-73.70516,981,58.9,60.1,58.9,93.5,57.0,0.000,0.000,0.00,0.000,2.5,3.9,0.7,228,13,2.8,5.2,1.0,227,12,2.5,3.9,0.7,228,13,0,29.09,,0,0,0,69.3,73.2,71.4,0.10,0.11,0.08
NHUD,2017-08-21 00:55:00 EDT,44.01310,-73.70516,981,59.6,63.3,59.6,92.1,57.2,0.000,0.000,0.00,0.000,3.5,5.6,0.8,242,13,3.6,5.5,0.9,241,12,3.5,5.6,0.8,242,13,0,29.09,,0,0,0,69.2,73.1,71.4,0.10,0.11,0.08
NHUD,2017-08-21 01:00:00 EDT,44.01310,-73.70516,981,60.3,65.3,60.3,89.1,57.0,0.000,0.000,0.00,0.000,3.9,6.8,0.9,248,16,4.2,8.2,1.2,248,14,3.9,6.8,0.9,248,16,0,29.09,,0,0,0,68.9,73.1,71.4,0.10,0.11,0.08
NHUD,2017-08-21 01:05:00 EDT,44.01310,-73.70516,981,65.6,67.9,65.6,78.4,58.8,0.000,0.000,0.00,0.000,3.9,6.4,0.9,257,14,4.3,7.7,1.2,258,14,3.9,6.4,0.9,257,14,0,29.09,,0,0,0,68.9,73.1,71.4,0.10,0.11,0.08
NHUD,2017-08-21 01:10:00 EDT,44.01310,-73.70516,981,67.4,68.4,67.4,70.4,57.4,0.000,0.000,0.00,0.000,3.1,5.6,0.7,263,12,3.5,6.9,0.8,263,11,3.1,5.6,0.7,263,12,0,29.09,,0,0,0,68.9,73.1,71.4,0.10,0.11,0.08
NHUD,2017-08-21 01:15:00 EDT,44.01310,-73.70516,981,67.7,69.0,67.7,68.7,57.1,0.000,0.000,0.00,0.000,3.6,5.3,0.6,265,11,4.1,6.3,0.9,265,11,3.6,5.3,0.6,265,11,0,29.09,,0,0,0,68.9,73.0,71.4,0.10,0.11,0.07
NHUD,2017-08-21 01:20:00 EDT,44.01310,-73.70516,981,68.2,69.1,68.2,67.2,56.9,0.000,0.000,0.00,0.000,3.4,5.6,0.8,253,13,3.7,6.3,0.9,253,12,3.4,5.6,0.8,253,13,0,29.08,,0,0,0,68.6,73.0,71.4,0.10,0.11,0.07
NHUD,2017-08-21 01:25:00 EDT,44.01310,-73.70516,981,68.1,69.3,68.1,66.7,56.6,0.000,0.000,0.00,0.000,3.8,7.2,0.9,252,17,4.0,8.3,1.2,253,15,3.8,7.2,0.9,252,17,0,29.09,,0,0,0,68.5,73.0,71.4,0.10,0.11,0.08
NHUD,2017-08-21 01:30:00 EDT,44.01310,-73.70516,981,67.9,69.0,67.9,66.9,56.4,0.000,0.000,0.00,0.000,3.4,5.4,0.9,252,16,3.7,5.9,1.0,251,17,3.4,5.4,0.9,252,16,0,29.09,,0,0,0,68.5,73.0,71.4,0.10,0.11,0.08
NHUD,2017-08-21 01:35:00 EDT,44.01310,-73.70516,981,63.0,67.2,63.0,70.1,53.1,0.000,0.000,0.00,0.000,2.7,4.7,0.8,237,18,3.0,5.5,0.9,237,16,2.7,4.7,0.8,237,18,0,29.09,,0,0,0,68.5,73.0,71.4,0.10,0.11,0.07
NHUD,2017-08-21 01:40:00 EDT,44.01310,-73.70516,981,58.7,64.0,58.7,79.8,52.5,0.000,0.000,0.00,0.000,1.8,4.9,1.1,220,27,2.1,5.7,1.2,220,29,1.8,4.9,1.1,220,27,0,29.09,,0,0,0,68.5,73.0,71.4,0.10,0.11,0.08
NHUD,2017-08-21 01:45:00 EDT,44.01310,-73.70516,981,59.1,62.4,59.1,85.5,54.7,0.000,0.000,0.00,0.000,0.7,2.7,0.8,234,22,1.1,3.7,0.8,226,35,0.7,2.7,0.8,234,22,0,29.09,,0,0,0,68.5,73.0,71.4,0.10,0.11,0.07
NHUD,2017-08-21 01:50:00 EDT,44.01310,-73.70516,981,58.4,62.2,58.4,87.8,54.8,0.000,0.000,0.00,0.000,2.4,3.3,0.4,201,8,2.6,3.6,0.4,202,10,2.4,3.3,0.4,201,8,0,29.09,,0,0,0,68.5,73.0,71.4,0.10,0.11,0.08
NHUD,2017-08-21 01:55:00 EDT,44.01310,-73.70516,981,59.2,62.0,59.2,89.0,56.0,0.000,0.000,0.00,0.000,2.5,4.2,0.5,223,12,2.6,5.0,0.7,224,10,2.5,4.2,0.5,223,12,0,29.09,,0,0,0,68.5,73.0,71.4,0.10,0.11,0.07
NHUD,2017-08-21 02:00:00 EDT,44.01310,-73.70516,981,60.4,62.2,60.4,88.3,56.9,0.000,0.000,0.00,0.000,3.0,4.5,0.6,231,9,3.1,5.3,0.8,230,6,3.0,4.5,0.6,231,9,0,29.09,,0,0,0,68.2,73.0,71.4,0.10,0.11,0.07
NHUD,2017-08-21 02:05:00 EDT,44.01310,-73.70516,981,61.8,62.8,61.8,86.4,57.7,0.000,0.000,0.00,0.000,4.4,6.4,0.9,241,8,4.9,7.1,1.1,240,7,4.4,6.4,0.9,241,8,0,29.09,,0,0,0,68.2,73.0,71.4,0.10,0.11,0.08
NHUD,2017-08-21 02:10:00 EDT,44.01310,-73.70516,981,61.2,62.7,61.2,84.5,56.5,0.000,0.000,0.00,0.000,4.1,7.6,1.5,238,14,4.5,8.1,1.6,237,12,4.1,7.6,1.5,238,14,0,29.08,,0,0,0,68.2,73.0,71.4,0.10,0.11,0.08
NHUD,2017-08-21 02:15:00 EDT,44.01310,-73.70516,981,59.5,61.3,59.5,86.7,55.5,0.000,0.000,0.00,0.000,2.7,5.7,1.1,227,16,2.8,6.1,1.2,225,13,2.7,5.7,1.1,227,16,0,29.08,,0,0,0,68.2,73.0,71.4,0.10,0.11,0.08
NHUD,2017-08-21 02:20:00 EDT,44.01310,-73.70516,981,58.9,60.7,58.9,89.6,55.9,0.000,0.000,0.00,0.000,2.8,5.8,0.9,222,12,3.0,7.8,1.2,221,11,2.8,5.8,0.9,222,12,0,29.08,,0,0,0,67.9,73.0,71.4,0.10,0.11,0.07
NHUD,2017-08-21 02:25:00 EDT,44.01310,-73.70516,981,59.3,61.7,59.3,90.9,56.7,0.000,0.000,0.00,0.000,5.1,10.2,1.6,229,14,5.7,10.9,1.8,229,12,5.1,10.2,1.6,229,14,0,29.09,,0,0,0,67.8,73.0,71.4,0.10,0.11,0.07
NHUD,2017-08-21 02:30:00 EDT,44.01310,-73.70516,981,61.9,62.3,61.9,87.8,58.2,0.000,0.000,0.00,0.000,4.4,7.9,1.2,229,15,5.0,9.3,1.6,227,13,4.4,7.9,1.2,229,15,0,29.09,,0,0,0,67.8,73.0,71.5,0.10,0.11,0.08
NHUD,2017-08-21 02:35:00 EDT,44.01310,-73.70516,981,61.3,61.9,61.3,85.9,57.0,0.000,0.000,0.00,0.000,3.0,4.8,0.8,204,15,3.5,6.0,1.0,203,12,3.0,4.8,0.8,204,15,0,29.09,,0,0,0,67.8,73.0,71.5,0.10,0.11,0.07
NHUD,2017-08-21 02:40:00 EDT,44.01310,-73.70516,981,60.8,61.3,60.8,88.2,57.3,0.000,0.000,0.00,0.000,2.5,3.7,0.6,199,10,3.0,4.3,0.7,199,10,2.5,3.7,0.6,199,10,0,29.08,,0,0,0,67.8,73.0,71.5,0.10,0.11,0.07
NHUD,2017-08-21 02:45:00 EDT,44.01310,-73.70516,981,60.1,60.8,60.1,89.6,57.1,0.000,0.000,0.00,0.000,1.8,3.1,0.5,205,16,2.1,4.1,0.7,204,15,1.8,3.1,0.5,205,16,0,29.08,,0,0,0,67.8,73.0,71.5,0.10,0.11,0.07
NHUD,2017-08-21 02:50:00 EDT,44.01310,-73.70516,981,60.4,60.6,60.4,90.1,57.4,0.000,0.000,0.00,0.000,1.4,3.3,0.9,210,25,1.9,5.0,1.0,216,28,1.4,3.3,0.9,210,25,0,29.09,,0,0,0,67.6,73.0,71.5,0.10,0.11,0.07
NHUD,2017-08-21 02:55:00 EDT,44.01310,-73.70516,981,60.4,60.6,60.4,90.0,57.5,0.000,0.000,0.00,0.000,1.3,3.1,0.6,296,40,1.7,3.3,0.7,302,43,1.3,3.1,0.6,296,40,0,29.09,,0,0,0,67.5,73.0,71.5,0.10,0.11,0.07
NHUD,2017-08-21 03:00:00 EDT,44.01310,-73.70516,981,60.7,60.8,60.7,89.4,57.5,0.000,0.000,0.00,0.000,3.3,7.6,1.4,251,21,3.8,7.8,1.5,250,20,3.3,7.6,1.4,251,21,0,29.09,,0,0,0,67.5,73.0,71.5,0.10,0.11,0.07
NHUD,2017-08-21 03:05:00 EDT,44.01310,-73.70516,981,60.7,60.9,60.7,88.4,57.3,0.000,0.000,0.00,0.000,3.4,6.3,1.3,247,17,3.7,6.9,1.4,246,18,3.4,6.3,1.3,247,17,0,29.09,,0,0,0,67.5,73.0,71.5,0.10,0.11,0.07
NHUD,2017-08-21 03:10:00 EDT,44.01310,-73.70516,981,60.5,60.8,60.5,88.7,57.1,0.000,0.000,0.00,0.000,3.8,7.0,1.2,231,19,4.4,6.7,1.2,230,16,3.8,7.0,1.2,231,19,0,29.09,,0,0,0,67.5,73.0,71.5,0.10,0.11,0.07
NHUD,2017-08-21 03:15:00 EDT,44.01310,-73.70516,981,60.0,60.5,60.0,90.1,57.1,0.000,0.000,0.00,0.000,2.7,4.9,0.7,217,15,3.1,5.5,0.8,217,14,2.7,4.9,0.7,217,15,0,29.09,,0,0,0,67.4,73.0,71.5,0.10,0.11,0.07
NHUD,2017-08-21 03:20:00 EDT,44.01310,-73.70516,981,59.7,60.4,59.7,90.3,56.8,0.000,0.000,0.00,0.000,2.7,7.5,1.1,224,17,3.1,9.6,1.3,223,16,2.7,7.5,1.1,224,17,0,29.09,,0,0,0,67.1,72.8,71.6,0.10,0.11,0.07
NHUD,2017-08-21 03:25:00 EDT,44.01310,-73.70516,981,60.2,60.6,60.2,91.0,57.6,0.000,0.000,0.00,0.000,4.3,8.0,1.5,237,16,4.8,9.6,1.7,237,14,4.3,8.0,1.5,237,16,0,29.09,,0,0,0,67.1,72.7,71.6,0.10,0.11,0.07
NHUD,2017-08-21 03:30:00 EDT,44.01310,-73.70516,981,60.0,60.4,60.0,89.4,56.9,0.000,0.000,0.00,0.000,2.7,7.5,1.8,227,29,3.2,9.5,1.8,225,27,2.7,7.5,1.8,227,29,0,29.09,,0,0,0,67.1,72.7,71.6,0.10,0.11,0.07
NHUD,2017-08-21 03:35:00 EDT,44.01310,-73.70516,981,59.4,60.1,59.4,91.0,56.8,0.000,0.000,0.00,0.000,3.3,6.3,1.3,232,19,3.9,7.3,1.4,232,18,3.3,6.3,1.3,232,19,0,29.09,,0,0,0,67.1,72.7,71.6,0.10,0.11,0.07
NHUD,2017-08-21 03:40:00 EDT,44.01310,-73.70516,981,59.0,60.4,59.0,90.9,56.4,0.000,0.000,0.00,0.000,2.3,4.4,0.6,224,21,2.7,5.9,0.9,223,19,2.3,4.4,0.6,224,21,0,29.09,,0,0,0,67.1,72.7,71.8,0.10,0.11,0.07
NHUD,2017-08-21 03:45:00 EDT,44.01310,-73.70516,981,60.4,61.1,60.4,91.6,57.9,0.000,0.000,0.00,0.000,4.0,9.2,2.1,235,17,4.5,10.1,2.2,234,15,4.0,9.2,2.1,235,17,0,29.09,,0,0,0,67.1,72.7,71.7,0.10,0.11,0.07
NHUD,2017-08-21 03:50:00 EDT,44.01310,-73.70516,981,59.4,60.7,59.4,90.2,56.5,0.000,0.000,0.00,0.000,3.4,6.8,1.3,221,20,3.9,6.6,1.3,223,19,3.4,6.8,1.3,221,20,0,29.09,,0,0,0,67.0,72.7,71.6,0.10,0.11,0.07
NHUD,2017-08-21 03:55:00 EDT,44.01310,-73.70516,981,58.8,60.6,58.8,91.9,56.4,0.000,0.000,0.00,0.000,2.2,3.1,0.5,219,12,2.5,4.7,0.6,219,12,2.2,3.1,0.5,219,12,0,29.09,,0,0,0,66.7,72.7,71.7,0.10,0.11,0.07
NHUD,2017-08-21 04:00:00 EDT,44.01310,-73.70516,981,58.9,60.4,58.9,93.1,56.9,0.000,0.000,0.00,0.000,3.0,7.2,1.3,222,17,3.4,8.1,1.4,223,16,3.0,7.2,1.3,222,17,0,29.09,,0,0,0,66.7,72.7,71.7,0.10,0.11,0.08
NHUD,2017-08-21 04:05:00 EDT,44.01310,-73.70516,981,59.1,60.7,59.1,93.0,57.1,0.000,0.000,0.00,0.000,3.4,7.6,1.2,222,22,4.0,8.9,1.4,223,20,3.4,7.6,1.2,222,22,0,29.09,,0,0,0,66.7,72.7,71.7,0.10,0.11,0.07
NHUD,2017-08-21 04:10:00 EDT,44.01310,-73.70516,981,59.9,61.0,59.9,92.3,57.7,0.000,0.000,0.00,0.000,4.5,8.4,1.6,231,18,5.0,9.0,1.7,231,16,4.5,8.4,1.6,231,18,0,29.09,,0,0,0,66.7,72.7,71.7,0.10,0.11,0.07
NHUD,2017-08-21 04:15:00 EDT,44.01310,-73.70516,981,58.7,60.3,58.7,90.5,56.0,0.000,0.000,0.00,0.000,2.8,6.6,0.9,221,13,3.3,7.7,1.1,222,12,2.8,6.6,0.9,221,13,0,29.09,,0,0,0,66.7,72.7,71.8,0.10,0.11,0.07
NHUD,2017-08-21 04:20:00 EDT,44.01310,-73.70516,981,59.1,60.7,59.1,93.1,57.1,0.000,0.000,0.00,0.000,3.8,7.5,1.2,219,14,4.2,8.2,1.3,219,13,3.8,7.5,1.2,219,14,0,29.09,,0,0,0,66.5,72.7,71.8,0.10,0.11,0.07
NHUD,2017-08-21 04:25:00 EDT,44.01310,-73.70516,981,59.9,60.7,59.9,91.7,57.4,0.000,0.000,0.00,0.000,2.7,8.1,1.4,215,23,3.1,8.8,1.4,215,21,2.7,8.1,1.4,215,23,0,29.09,,0,0,0,66.4,72.7,71.8,0.10,0.11,0.07
NHUD,2017-08-21 04:30:00 EDT,44.01310,-73.70516,981,60.2,60.6,60.2,91.1,57.6,0.000,0.000,0.00,0.000,4.8,8.7,1.5,227,13,5.3,10.3,1.5,226,11,4.8,8.7,1.5,227,13,0,29.09,,0,0,0,66.4,72.7,71.8,0.10,0.11,0.08
NHUD,2017-08-21 04:35:00 EDT,44.01310,-73.70516,981,60.4,60.8,60.4,89.6,57.3,0.000,0.000,0.00,0.000,5.7,10.4,1.9,236,15,6.2,11.1,1.9,235,15,5.7,10.4,1.9,236,15,0,29.09,,0,0,0,66.4,72.7,71.8,0.10,0.11,0.08
NHUD,2017-08-21 04:40:00 EDT,44.01310,-73.70516,981,60.6,60.7,60.6,88.9,57.3,0.000,0.000,0.00,0.000,4.9,10.3,1.9,241,15,5.2,10.5,1.8,240,14,4.9,10.3,1.9,241,15,0,29.09,,0,0,0,66.4,72.7,71.8,0.10,0.11,0.08
NHUD,2017-08-21 04:45:00 EDT,44.01310,-73.70516,981,60.0,60.4,60.0,88.7,56.7,0.000,0.000,0.00,0.000,1.9,5.2,1.3,176,53,2.2,5.8,1.3,169,58,1.9,5.2,1.3,176,53,0,29.10,,0,0,0,66.4,72.7,71.8,0.10,0.11,0.08
NHUD,2017-08-21 04:50:00 EDT,44.01310,-73.70516,981,58.7,59.1,58.7,89.4,55.6,0.000,0.000,0.00,0.000,0.9,2.0,0.6,78,14,1.5,3.0,0.7,74,17,0.9,2.0,0.6,78,14,0,29.10,,0,0,0,66.4,72.7,71.8,0.10,0.11,0.08
NHUD,2017-08-21 04:55:00 EDT,44.01310,-73.70516,981,58.2,58.3,58.2,90.5,55.4,0.000,0.000,0.00,0.000,1.5,3.4,0.6,63,22,2.0,3.8,0.7,58,22,1.5,3.4,0.6,63,22,0,29.10,,0,0,0,66.4,72.6,71.8,0.10,0.11,0.08
NHUD,2017-08-21 05:00:00 EDT,44.01310,-73.70516,981,56.9,57.0,56.9,91.0,54.3,0.000,0.000,0.00,0.000,2.5,3.2,0.4,55,9,2.5,4.2,0.5,46,5,2.5,3.2,0.4,55,9,0,29.10,,0,0,0,66.2,72.5,71.8,0.10,0.11,0.08
NHUD,2017-08-21 05:05:00 EDT,44.01310,-73.70516,981,56.5,56.5,56.5,93.0,54.6,0.000,0.000,0.00,0.000,1.8,3.7,0.8,59,15,2.6,4.7,0.5,47,10,1.8,3.7,0.8,59,15,0,29.10,,0,0,0,66.0,72.4,71.8,0.10,0.11,0.08
NHUD,2017-08-21 05:10:00 EDT,44.01310,-73.70516,981,56.2,56.2,56.2,93.7,54.4,0.000,0.000,0.00,0.000,3.1,4.5,0.5,54,8,3.3,4.9,0.6,48,6,3.1,4.5,0.5,54,8,0,29.10,,0,0,0,66.0,72.3,71.8,0.10,0.11,0.08
NHUD,2017-08-21 05:15:00 EDT,44.01310,-73.70516,981,56.1,56.0,56.1,94.1,54.5,0.000,0.000,0.00,0.000,2.4,4.2,0.7,63,15,2.8,5.0,0.8,58,13,2.4,4.2,0.7,63,15,0,29.10,,0,0,0,66.0,72.3,71.8,0.10,0.11,0.08
NHUD,2017-08-21 05:20:00 EDT,44.01310,-73.70516,981,56.1,56.1,56.1,94.7,54.6,0.000,0.000,0.00,0.000,2.6,3.4,0.5,49,10,2.8,4.0,0.5,43,7,2.6,3.4,0.5,49,10,0,29.10,,0,0,0,66.0,72.3,71.8,0.10,0.11,0.08
NHUD,2017-08-21 05:25:00 EDT,44.01310,-73.70516,981,56.2,56.4,56.2,94.8,54.7,0.000,0.000,0.00,0.000,0.4,1.6,0.5,40,12,1.1,2.4,0.7,51,45,0.4,1.6,0.5,40,12,0,29.10,,0,0,0,66.0,72.3,71.8,0.10,0.11,0.08
NHUD,2017-08-21 05:30:00 EDT,44.01310,-73.70516,981,55.8,55.9,55.8,94.7,54.3,0.000,0.000,0.00,0.000,0.8,2.7,1.0,73,5,2.1,3.3,0.8,67,29,0.8,2.7,1.0,73,5,0,29.10,,0,0,0,66.0,72.3,71.8,0.10,0.11,0.08
NHUD,2017-08-21 05:35:00 EDT,44.01310,-73.70516,981,55.8,55.7,55.8,95.2,54.4,0.000,0.000,0.00,0.000,1.7,2.8,0.6,61,26,2.0,3.7,0.6,54,29,1.7,2.8,0.6,61,26,0,29.10,,0,0,0,65.9,72.3,71.8,0.10,0.11,0.08
NHUD,2017-08-21 05:40:00 EDT,44.01310,-73.70516,981,55.5,55.5,55.5,95.4,54.2,0.000,0.000,0.00,0.000,0.4,1.6,0.4,109,27,1.5,2.5,0.6,90,23,0.4,1.6,0.4,109,27,0,29.10,,0,0,0,65.8,72.3,71.8,0.10,0.11,0.08
NHUD,2017-08-21 05:45:00 EDT,44.01310,-73.70516,981,55.4,55.4,55.4,95.6,54.2,0.000,0.000,0.00,0.000,0.8,2.6,0.8,60,17,1.9,2.7,0.5,69,21,0.8,2.6,0.8,60,17,0,29.11,,0,0,0,65.8,72.3,71.8,0.10,0.11,0.08
NHUD,2017-08-21 05:50:00 EDT,44.01310,-73.70516,981,55.4,55.4,55.4,95.8,54.2,0.000,0.000,0.00,0.000,1.3,2.4,0.4,57,13,1.8,3.0,0.4,48,16,1.3,2.4,0.4,57,13,0,29.11,,0,0,0,65.8,72.3,71.8,0.10,0.11,0.08
NHUD,2017-08-21 05:55:00 EDT,44.01310,-73.70516,981,55.2,55.2,55.2,95.9,54.1,0.000,0.000,0.00,0.000,0.2,2.0,0.5,62,7,1.3,2.3,0.6,82,20,0.2,2.0,0.5,62,7,1,29.11,,0,0,0,65.8,72.3,71.8,0.10,0.11,0.08
NHUD,2017-08-21 06:00:00 EDT,44.01310,-73.70516,981,55.1,55.1,55.1,96.0,54.0,0.000,0.000,0.00,0.000,0.5,1.8,0.6,63,10,1.4,2.4,0.5,70,22,0.5,1.8,0.6,63,10,2,29.11,,0,0,0,65.8,72.3,71.8,0.10,0.11,0.08
NHUD,2017-08-21 06:05:00 EDT,44.01310,-73.70516,981,55.1,55.2,55.1,96.2,54.1,0.000,0.000,0.00,0.000,0.6,1.9,0.6,66,10,1.3,2.3,0.7,70,24,0.6,1.9,0.6,66,10,4,29.11,,0,0,0,65.8,72.3,71.8,0.10,0.11,0.08
NHUD,2017-08-21 06:10:00 EDT,44.01310,-73.70516,981,55.0,55.0,55.0,96.2,54.0,0.000,0.000,0.00,0.000,1.0,1.5,0.3,179,10,1.3,1.9,0.4,181,10,1.0,1.5,0.3,179,10,3,29.11,,0,0,0,65.8,72.3,71.8,0.10,0.11,0.08
NHUD,2017-08-21 06:15:00 EDT,44.01310,-73.70516,981,54.9,54.9,54.9,96.3,53.9,0.000,0.000,0.00,0.000,0.0,0.4,0.1,178,2,0.9,2.5,0.7,117,33,0.0,0.4,0.1,178,2,7,29.11,,0,0,0,65.7,72.3,71.8,0.10,0.11,0.08
NHUD,2017-08-21 06:20:00 EDT,44.01310,-73.70516,981,55.0,55.1,55.0,96.5,54.0,0.000,0.000,0.00,0.000,0.3,1.5,0.5,56,3,1.5,2.9,0.7,66,20,0.3,1.5,0.5,56,3,10,29.11,,0,0,0,65.5,72.3,71.8,0.10,0.11,0.08
NHUD,2017-08-21 06:25:00 EDT,44.01310,-73.70516,981,55.2,55.2,55.2,96.3,54.2,0.000,0.000,0.00,0.000,1.1,1.7,0.2,41,7,1.4,2.3,0.3,31,10,1.1,1.7,0.2,41,7,16,29.11,,0,0,0,65.5,72.3,71.8,0.10,0.11,0.08
NHUD,2017-08-21 06:30:00 EDT,44.01310,-73.70516,981,55.3,55.3,55.3,96.3,54.3,0.000,0.000,0.00,0.000,0.7,2.3,0.6,57,11,1.3,2.6,0.7,49,19,0.7,2.3,0.6,57,11,21,29.11,,0,0,0,65.5,72.3,71.8,0.10,0.11,0.08
NHUD,2017-08-21 06:35:00 EDT,44.01310,-73.70516,981,55.1,55.1,55.1,96.1,54.0,0.000,0.000,0.00,0.000,1.6,2.4,0.5,58,10,1.9,2.8,0.4,52,11,1.6,2.4,0.5,58,10,26,29.11,,0,0,0,65.4,72.3,71.8,0.10,0.11,0.08
NHUD,2017-08-21 06:40:00 EDT,44.01310,-73.70516,981,55.5,55.4,55.5,96.1,54.4,0.000,0.000,0.00,0.000,1.6,2.2,0.4,40,12,1.9,3.1,0.4,37,12,1.6,2.2,0.4,40,12,33,29.11,,0,0,0,65.2,72.3,71.7,0.10,0.11,0.08
NHUD,2017-08-21 06:45:00 EDT,44.01310,-73.70516,981,55.9,55.8,55.9,95.9,54.8,0.000,0.000,0.00,0.000,1.1,1.8,0.3,17,22,2.2,3.7,0.6,8,17,1.1,1.8,0.3,17,22,40,29.11,,0,0,0,65.1,72.3,71.7,0.10,0.11,0.08
NHUD,2017-08-21 06:50:00 EDT,44.01310,-73.70516,981,56.2,56.1,56.2,95.3,54.9,0.000,0.000,0.00,0.000,1.7,2.5,0.5,1,25,3.1,4.5,0.7,359,15,1.7,2.5,0.5,1,25,44,29.11,,0,0,0,65.1,72.1,71.8,0.10,0.11,0.08
NHUD,2017-08-21 06:55:00 EDT,44.01310,-73.70516,981,56.6,56.6,56.6,94.6,55.1,0.000,0.000,0.00,0.000,1.6,3.4,0.8,29,21,2.5,4.3,0.9,19,19,1.6,3.4,0.8,29,21,49,29.10,,0,0,0,65.1,71.9,71.7,0.10,0.11,0.08
NHUD,2017-08-21 07:00:00 EDT,44.01310,-73.70516,981,56.5,56.4,56.5,94.0,54.8,0.000,0.000,0.00,0.000,1.9,3.5,0.5,53,15,2.4,4.4,0.6,44,13,1.9,3.5,0.5,53,15,54,29.11,,0,0,0,65.1,71.8,71.8,0.10,0.11,0.08
NHUD,2017-08-21 07:05:00 EDT,44.01310,-73.70516,981,56.2,56.1,56.2,94.3,54.6,0.000,0.000,0.00,0.000,0.7,2.0,0.8,63,15,2.0,2.9,0.6,60,17,0.7,2.0,0.8,63,15,61,29.11,,0,0,0,65.1,71.8,71.8,0.10,0.11,0.08
NHUD,2017-08-21 07:10:00 EDT,44.01310,-73.70516,981,56.0,56.0,56.0,94.1,54.4,0.000,0.000,0.00,0.000,1.2,2.0,0.5,59,8,1.9,3.2,0.5,47,8,1.2,2.0,0.5,59,8,62,29.11,,0,0,0,65.1,71.8,71.8,0.10,0.11,0.08
NHUD,2017-08-21 07:15:00 EDT,44.01310,-73.70516,981,56.2,56.1,56.2,94.6,54.7,0.000,0.000,0.00,0.000,1.9,2.9,0.5,66,9,2.6,3.5,0.4,52,9,1.9,2.9,0.5,66,9,64,29.11,,0,0,0,65.1,71.8,71.7,0.10,0.11,0.08
NHUD,2017-08-21 07:20:00 EDT,44.01310,-73.70516,981,56.6,56.5,56.6,94.5,55.0,0.000,0.000,0.00,0.000,1.9,2.8,0.5,59,11,2.4,3.5,0.5,46,9,1.9,2.8,0.5,59,11,60,29.11,,0,0,0,65.2,71.8,71.7,0.10,0.11,0.08
NHUD,2017-08-21 07:25:00 EDT,44.01310,-73.70516,981,57.2,57.5,57.2,94.5,55.6,0.000,0.000,0.00,0.000,0.5,1.9,0.5,71,6,1.5,3.4,1.1,63,11,0.5,1.9,0.5,71,6,59,29.11,,0,0,0,65.4,71.8,71.7,0.10,0.11,0.08
NHUD,2017-08-21 07:30:00 EDT,44.01310,-73.70516,981,57.7,58.0,57.7,93.8,55.9,0.000,0.000,0.00,0.000,0.3,1.1,0.4,109,7,1.5,3.3,1.0,90,17,0.3,1.1,0.4,109,7,57,29.11,,0,0,0,65.5,71.8,71.7,0.10,0.11,0.08
NHUD,2017-08-21 07:35:00 EDT,44.01310,-73.70516,981,57.8,58.0,57.8,93.3,55.8,0.000,0.000,0.00,0.000,0.3,1.1,0.3,126,2,0.6,2.7,0.8,111,9,0.3,1.1,0.3,126,2,60,29.11,,0,0,0,65.5,71.8,71.7,0.10,0.11,0.08
NHUD,2017-08-21 07:40:00 EDT,44.01310,-73.70516,981,58.3,58.5,58.3,92.5,56.1,0.000,0.000,0.00,0.000,1.0,1.9,0.6,52,10,1.4,2.7,0.5,54,15,1.0,1.9,0.6,52,10,64,29.11,,0,0,0,65.5,71.8,71.7,0.10,0.11,0.08
NHUD,2017-08-21 07:45:00 EDT,44.01310,-73.70516,981,58.7,59.0,58.7,91.6,56.2,0.000,0.000,0.00,0.000,1.5,2.3,0.3,50,11,1.6,2.8,0.4,48,10,1.5,2.3,0.3,50,11,70,29.11,,0,0,0,65.5,71.8,71.7,0.10,0.11,0.08
NHUD,2017-08-21 07:50:00 EDT,44.01310,-73.70516,981,59.2,59.5,59.2,91.4,56.7,0.000,0.000,0.00,0.000,1.4,2.0,0.3,56,5,1.5,2.5,0.4,52,6,1.4,2.0,0.3,56,5,77,29.11,,0,0,0,65.5,71.8,71.8,0.10,0.11,0.08
NHUD,2017-08-21 07:55:00 EDT,44.01310,-73.70516,981,60.2,60.5,60.2,90.4,57.3,0.000,0.000,0.00,0.000,0.9,1.8,0.6,68,9,1.3,2.3,0.6,62,10,0.9,1.8,0.6,68,9,90,29.11,,0,0,0,65.5,71.8,71.7,0.10,0.11,0.08
NHUD,2017-08-21 08:00:00 EDT,44.01310,-73.70516,981,60.8,61.4,60.8,89.2,57.6,0.000,0.000,0.00,0.000,1.4,2.4,0.5,57,11,1.6,2.8,0.5,53,10,1.4,2.4,0.5,57,11,175,29.11,,0,0,0,65.5,71.8,71.7,0.10,0.11,0.08
NHUD,2017-08-21 08:05:00 EDT,44.01310,-73.70516,981,61.8,62.3,61.8,87.7,58.1,0.000,0.000,0.00,0.000,1.7,2.5,0.3,61,10,2.0,2.7,0.3,56,9,1.7,2.5,0.3,61,10,232,29.11,,0,0,0,65.6,71.8,71.7,0.10,0.11,0.08
NHUD,2017-08-21 08:10:00 EDT,44.01310,-73.70516,981,62.8,63.3,62.8,85.0,58.2,0.000,0.000,0.00,0.000,1.3,2.3,0.5,31,16,1.6,2.9,0.5,30,18,1.3,2.3,0.5,31,16,114,29.11,,0,0,0,65.8,71.8,71.7,0.10,0.11,0.08
NHUD,2017-08-21 08:15:00 EDT,44.01310,-73.70516,981,63.6,64.0,63.6,83.7,58.6,0.000,0.000,0.00,0.000,0.8,2.0,0.6,44,16,1.2,2.2,0.4,56,29,0.8,2.0,0.6,44,16,146,29.11,,0,0,0,65.8,71.7,71.6,0.10,0.11,0.08
NHUD,2017-08-21 08:20:00 EDT,44.01310,-73.70516,981,64.2,64.4,64.2,82.9,58.9,0.000,0.000,0.00,0.000,0.6,1.7,0.6,234,15,0.9,2.1,0.6,226,24,0.6,1.7,0.6,234,15,143,29.11,,0,0,0,65.8,71.6,71.6,0.10,0.11,0.08
NHUD,2017-08-21 08:25:00 EDT,44.01310,-73.70516,981,64.8,64.9,64.8,81.4,59.0,0.000,0.000,0.00,0.000,0.5,1.2,0.4,220,25,1.0,1.8,0.4,224,34,0.5,1.2,0.4,220,25,301,29.10,,0,0,0,65.8,71.5,71.6,0.10,0.11,0.08
NHUD,2017-08-21 08:30:00 EDT,44.01310,-73.70516,981,65.4,65.7,65.4,81.1,59.4,0.000,0.000,0.00,0.000,0.2,0.9,0.3,119,18,0.4,2.2,0.6,121,23,0.2,0.9,0.3,119,18,322,29.10,,0,0,0,65.8,71.4,71.5,0.10,0.11,0.08
NHUD,2017-08-21 08:35:00 EDT,44.01310,-73.70516,981,66.4,66.5,66.4,78.9,59.6,0.000,0.000,0.00,0.000,1.9,3.4,0.8,48,15,2.2,4.3,0.8,46,13,1.9,3.4,0.8,48,15,231,29.10,,0,0,0,65.9,71.4,71.5,0.10,0.11,0.08
NHUD,2017-08-21 08:40:00 EDT,44.01310,-73.70516,981,66.9,66.8,66.9,77.2,59.5,0.000,0.000,0.00,0.000,3.0,5.0,0.9,55,13,3.1,5.7,1.2,53,12,3.0,5.0,0.9,55,13,202,29.10,,0,0,0,66.0,71.4,71.5,0.10,0.11,0.08
NHUD,2017-08-21 08:45:00 EDT,44.01310,-73.70516,981,67.5,67.5,67.5,76.7,60.0,0.000,0.000,0.00,0.000,2.0,3.5,0.5,42,21,2.2,3.8,0.5,39,19,2.0,3.5,0.5,42,21,149,29.10,,0,0,0,66.2,71.4,71.4,0.10,0.11,0.07
NHUD,2017-08-21 08:50:00 EDT,44.01310,-73.70516,981,68.8,68.7,68.8,76.6,61.1,0.000,0.000,0.00,0.000,1.7,3.5,0.9,29,18,2.0,3.8,0.8,27,20,1.7,3.5,0.9,29,18,110,29.09,,0,0,0,66.4,71.4,71.4,0.10,0.11,0.08
NHUD,2017-08-21 08:55:00 EDT,44.01310,-73.70516,981,69.1,69.4,69.1,75.9,61.2,0.000,0.000,0.00,0.000,1.4,3.3,0.8,59,61,1.8,4.1,0.8,65,62,1.4,3.3,0.8,59,61,172,29.09,,0,0,0,66.6,71.4,71.4,0.10,0.11,0.08
NHUD,2017-08-21 09:00:00 EDT,44.01310,-73.70516,981,70.5,70.9,70.5,74.5,62.0,0.000,0.000,0.00,0.000,3.4,8.8,2.4,235,21,3.8,9.1,2.4,235,21,3.4,8.8,2.4,235,21,132,29.09,,0,0,0,66.8,71.4,71.4,0.10,0.11,0.08
NHUD,2017-08-21 09:05:00 EDT,44.01310,-73.70516,981,72.8,72.9,72.8,66.6,61.0,0.000,0.000,0.00,0.000,4.6,8.1,1.5,241,15,5.0,9.0,1.6,241,15,4.6,8.1,1.5,241,15,112,29.09,,0,0,0,67.1,71.4,71.4,0.10,0.11,0.08
NHUD,2017-08-21 09:10:00 EDT,44.01310,-73.70516,981,72.7,72.8,72.7,65.5,60.5,0.000,0.000,0.00,0.000,5.1,8.8,1.8,231,16,5.4,9.9,2.1,231,14,5.1,8.8,1.8,231,16,110,29.09,,0,0,0,67.1,71.4,71.4,0.10,0.11,0.08
NHUD,2017-08-21 09:15:00 EDT,44.01310,-73.70516,981,73.0,73.2,73.0,64.7,60.4,0.000,0.000,0.00,0.000,7.1,10.4,2.1,239,12,7.4,11.4,2.0,237,11,7.1,10.4,2.1,239,12,196,29.09,,0,0,0,67.4,71.4,71.4,0.10,0.11,0.08
NHUD,2017-08-21 09:20:00 EDT,44.01310,-73.70516,981,73.2,73.3,73.2,62.9,59.8,0.000,0.000,0.00,0.000,8.0,10.8,1.2,236,10,8.1,11.5,1.3,235,9,8.0,10.8,1.2,236,10,375,29.09,,0,0,0,67.5,71.4,71.4,0.10,0.11,0.07
NHUD,2017-08-21 09:25:00 EDT,44.01310,-73.70516,981,73.7,73.8,73.7,63.0,60.3,0.000,0.000,0.00,0.000,5.9,9.1,1.7,234,14,6.2,9.5,1.8,234,13,5.9,9.1,1.7,234,14,487,29.09,,0,0,0,67.7,71.4,71.4,0.10,0.11,0.07
NHUD,2017-08-21 09:30:00 EDT,44.01310,-73.70516,981,73.9,74.0,73.9,62.4,60.2,0.000,0.000,0.00,0.000,3.1,8.8,1.8,207,30,3.6,8.7,1.7,208,31,3.1,8.8,1.8,207,30,480,29.09,,0,0,0,67.8,71.4,71.4,0.10,0.11,0.08
NHUD,2017-08-21 09:35:00 EDT,44.01310,-73.70516,981,74.2,74.3,74.2,61.8,60.2,0.000,0.000,0.00,0.000,3.4,7.5,2.0,222,26,3.5,7.9,2.0,223,29,3.4,7.5,2.0,222,26,445,29.09,,0,0,0,67.8,71.4,71.4,0.10,0.11,0.08
NHUD,2017-08-21 09:40:00 EDT,44.01310,-73.70516,981,73.9,74.3,73.9,66.3,61.9,0.000,0.000,0.00,0.000,1.9,3.0,0.6,176,23,2.1,3.7,0.7,179,24,1.9,3.0,0.6,176,23,509,29.09,,0,0,0,67.8,71.4,71.4,0.10,0.11,0.08
NHUD,2017-08-21 09:45:00 EDT,44.01310,-73.70516,981,74.3,74.8,74.3,66.9,62.6,0.000,0.000,0.00,0.000,2.2,3.4,0.5,169,18,2.5,4.1,0.6,166,19,2.2,3.4,0.5,169,18,525,29.09,,0,0,0,68.1,71.4,71.4,0.10,0.11,0.07
NHUD,2017-08-21 09:50:00 EDT,44.01310,-73.70516,981,74.4,74.7,74.4,63.1,61.1,0.000,0.000,0.00,0.000,2.5,3.9,0.6,171,20,2.9,5.5,0.9,170,23,2.5,3.9,0.6,171,20,514,29.09,,0,0,0,68.2,71.4,71.4,0.10,0.11,0.07
NHUD,2017-08-21 09:55:00 EDT,44.01310,-73.70516,981,74.4,75.0,74.4,64.9,61.8,0.000,0.000,0.00,0.000,3.4,4.7,0.7,160,14,3.9,5.6,0.8,158,14,3.4,4.7,0.7,160,14,506,29.09,,0,0,0,68.3,71.4,71.4,0.10,0.11,0.08
NHUD,2017-08-21 10:00:00 EDT,44.01310,-73.70516,981,74.6,74.8,74.6,64.5,61.9,0.000,0.000,0.00,0.000,2.9,4.5,0.7,170,18,3.2,5.0,0.9,169,18,2.9,4.5,0.7,170,18,560,29.09,,0,0,0,68.5,71.4,71.4,0.10,0.11,0.08
NHUD,2017-08-21 10:05:00 EDT,44.01310,-73.70516,981,74.9,75.1,74.9,64.3,62.0,0.000,0.000,0.00,0.000,3.4,5.3,0.7,162,15,3.6,5.9,0.9,161,15,3.4,5.3,0.7,162,15,541,29.09,,0,0,0,68.5,71.4,71.4,0.10,0.11,0.08
NHUD,2017-08-21 10:10:00 EDT,44.01310,-73.70516,981,75.5,75.3,75.5,64.7,62.7,0.000,0.000,0.00,0.000,2.8,4.7,0.9,168,16,3.0,5.1,1.0,168,17,2.8,4.7,0.9,168,16,590,29.09,,0,0,0,68.6,71.4,71.4,0.10,0.11,0.08
NHUD,2017-08-21 10:15:00 EDT,44.01310,-73.70516,981,75.6,75.4,75.6,63.5,62.3,0.000,0.000,0.00,0.000,3.3,6.0,0.8,174,13,3.6,5.5,1.0,172,13,3.3,6.0,0.8,174,13,602,29.09,,0,0,0,68.9,71.4,71.4,0.10,0.11,0.07
NHUD,2017-08-21 10:20:00 EDT,44.01310,-73.70516,981,75.7,75.3,75.7,61.0,61.3,0.000,0.000,0.00,0.000,4.0,6.2,0.8,173,15,4.5,8.6,1.1,171,14,4.0,6.2,0.8,173,15,605,29.09,,0,0,0,69.1,71.3,71.4,0.10,0.11,0.07
NHUD,2017-08-21 10:25:00 EDT,44.01310,-73.70516,981,76.0,75.6,76.0,62.3,62.2,0.000,0.000,0.00,0.000,3.4,5.5,1.1,167,17,3.8,6.4,1.1,167,19,3.4,5.5,1.1,167,17,610,29.09,,0,0,0,69.4,71.3,71.4,0.10,0.11,0.07
NHUD,2017-08-21 10:30:00 EDT,44.01310,-73.70516,981,76.2,75.7,76.2,60.7,61.6,0.000,0.000,0.00,0.000,3.2,6.3,1.1,173,18,3.7,7.1,1.2,171,19,3.2,6.3,1.1,173,18,627,29.09,,0,0,0,69.8,71.2,71.4,0.10,0.11,0.07
NHUD,2017-08-21 10:35:00 EDT,44.01310,-73.70516,981,76.4,76.2,76.4,61.7,62.3,0.000,0.000,0.00,0.000,3.2,5.8,1.1,166,21,3.7,6.2,1.1,167,23,3.2,5.8,1.1,166,21,630,29.09,,0,0,0,70.2,71.1,71.4,0.10,0.11,0.07
NHUD,2017-08-21 10:40:00 EDT,44.01310,-73.70516,981,76.8,76.2,76.8,61.0,62.3,0.000,0.000,0.00,0.000,4.0,6.4,0.9,168,15,4.4,6.7,1.0,168,16,4.0,6.4,0.9,168,15,638,29.09,,0,0,0,70.6,71.1,71.4,0.10,0.11,0.07
NHUD,2017-08-21 10:45:00 EDT,44.01310,-73.70516,981,77.0,76.3,77.0,60.9,62.5,0.000,0.000,0.00,0.000,2.9,6.1,1.2,175,26,3.4,6.4,1.2,173,26,2.9,6.1,1.2,175,26,644,29.09,,0,0,0,71.2,71.1,71.4,0.10,0.11,0.07
NHUD,2017-08-21 10:50:00 EDT,44.01310,-73.70516,981,77.1,76.7,77.1,60.7,62.5,0.000,0.000,0.00,0.000,4.1,6.9,1.1,171,21,4.7,7.8,1.1,169,21,4.1,6.9,1.1,171,21,654,29.09,,0,0,0,71.6,71.1,71.4,0.10,0.11,0.07
NHUD,2017-08-21 10:55:00 EDT,44.01310,-73.70516,981,77.2,76.4,77.2,59.8,62.1,0.000,0.000,0.00,0.000,3.9,8.5,1.7,168,22,4.1,9.3,1.8,167,23,3.9,8.5,1.7,168,22,663,29.09,,0,0,0,72.1,71.1,71.4,0.10,0.11,0.07
NHUD,2017-08-21 11:00:00 EDT,44.01310,-73.70516,981,77.3,76.6,77.3,59.7,62.2,0.000,0.000,0.00,0.000,3.5,7.1,1.3,174,29,4.1,8.7,1.5,171,31,3.5,7.1,1.3,174,29,671,29.09,,0,0,0,72.6,71.1,71.4,0.10,0.10,0.07
NHUD,2017-08-21 11:05:00 EDT,44.01310,-73.70516,981,77.6,76.9,77.6,59.3,62.3,0.000,0.000,0.00,0.000,2.6,6.6,1.1,177,32,2.9,6.6,1.1,180,35,2.6,6.6,1.1,177,32,681,29.09,,0,0,0,73.1,71.1,71.4,0.10,0.11,0.07
NHUD,2017-08-21 11:10:00 EDT,44.01310,-73.70516,981,77.7,77.3,77.7,59.9,62.7,0.000,0.000,0.00,0.000,3.9,8.4,1.6,186,45,4.5,9.6,1.8,185,44,3.9,8.4,1.6,186,45,691,29.09,,0,0,0,73.6,71.1,71.4,0.10,0.11,0.07
NHUD,2017-08-21 11:15:00 EDT,44.01310,-73.70516,981,78.0,77.5,78.0,60.8,63.4,0.000,0.000,0.00,0.000,2.9,5.6,1.1,175,25,3.4,7.2,1.2,175,27,2.9,5.6,1.1,175,25,696,29.09,,0,0,0,74.1,71.1,71.4,0.10,0.11,0.07
NHUD,2017-08-21 11:20:00 EDT,44.01310,-73.70516,981,78.0,77.2,78.0,59.1,62.6,0.000,0.000,0.00,0.000,3.0,4.4,0.6,184,21,3.3,5.4,0.8,184,21,3.0,4.4,0.6,184,21,704,29.09,,0,0,0,74.5,71.1,71.4,0.10,0.11,0.07
NHUD,2017-08-21 11:25:00 EDT,44.01310,-73.70516,981,78.6,77.5,78.6,58.6,62.9,0.000,0.000,0.00,0.000,3.7,8.5,1.6,193,18,4.4,11.2,1.9,193,17,3.7,8.5,1.6,193,18,732,29.09,,0,0,0,74.9,71.1,71.4,0.10,0.11,0.07
NHUD,2017-08-21 11:30:00 EDT,44.01310,-73.70516,981,78.8,77.8,78.8,57.6,62.6,0.000,0.000,0.00,0.000,3.9,8.0,1.2,177,29,4.3,10.6,1.5,178,28,3.9,8.0,1.2,177,29,760,29.09,,0,0,0,75.4,71.1,71.4,0.10,0.11,0.07
NHUD,2017-08-21 11:35:00 EDT,44.01310,-73.70516,981,78.9,78.0,78.9,53.2,60.4,0.000,0.000,0.00,0.000,4.9,12.7,2.5,232,27,5.8,13.3,2.7,231,26,4.9,12.7,2.5,232,27,757,29.08,,0,0,0,75.8,71.1,71.4,0.10,0.11,0.07
NHUD,2017-08-21 11:40:00 EDT,44.01310,-73.70516,981,78.6,77.8,78.6,51.9,59.4,0.000,0.000,0.00,0.000,5.1,13.6,2.7,232,18,5.5,13.4,2.6,232,18,5.1,13.6,2.7,232,18,703,29.08,,0,0,0,76.4,71.1,71.4,0.10,0.10,0.07
NHUD,2017-08-21 11:45:00 EDT,44.01310,-73.70516,981,78.4,77.8,78.4,51.1,58.8,0.000,0.000,0.00,0.000,6.8,12.5,2.5,239,21,7.5,13.2,2.6,239,19,6.8,12.5,2.5,239,21,644,29.08,,0,0,0,76.8,71.1,71.4,0.10,0.11,0.07
NHUD,2017-08-21 11:50:00 EDT,44.01310,-73.70516,981,78.8,78.2,78.8,49.5,58.3,0.000,0.000,0.00,0.000,7.1,15.0,3.2,247,22,7.9,15.2,3.2,245,21,7.1,15.0,3.2,247,22,737,29.08,,0,0,0,77.2,71.1,71.4,0.10,0.11,0.07
NHUD,2017-08-21 11:55:00 EDT,44.01310,-73.70516,981,79.4,78.8,79.4,50.0,59.1,0.000,0.000,0.00,0.000,2.7,7.8,1.5,239,51,3.2,8.5,1.7,238,52,2.7,7.8,1.5,239,51,622,29.08,,0,0,0,77.5,71.1,71.4,0.10,0.11,0.07
NHUD,2017-08-21 12:00:00 EDT,44.01310,-73.70516,981,79.3,78.8,79.3,48.5,58.2,0.000,0.000,0.00,0.000,6.3,15.9,3.5,255,30,7.0,16.5,3.5,256,27,6.3,15.9,3.5,255,30,741,29.07,,0,0,0,78.0,71.1,71.4,0.10,0.11,0.07
NHUD,2017-08-21 12:05:00 EDT,44.01310,-73.70516,981,79.9,79.3,79.9,49.1,59.1,0.000,0.000,0.00,0.000,4.0,7.5,1.6,248,28,4.8,8.5,1.8,248,29,4.0,7.5,1.6,248,28,734,29.07,,0,0,0,78.1,71.1,71.4,0.10,0.10,0.07
NHUD,2017-08-21 12:10:00 EDT,44.01310,-73.70516,981,80.5,79.7,81.4,51.5,61.0,0.000,0.000,0.00,0.000,4.4,11.5,2.4,205,38,5.2,12.3,2.4,202,37,4.4,11.5,2.4,205,38,748,29.07,,0,0,0,78.3,71.1,71.4,0.10,0.11,0.07
NHUD,2017-08-21 12:15:00 EDT,44.01310,-73.70516,981,79.8,79.3,79.8,49.5,59.2,0.000,0.000,0.00,0.000,3.4,11.2,1.9,221,41,4.2,9.7,1.9,218,40,3.4,11.2,1.9,221,41,641,29.07,,0,0,0,78.6,71.1,71.4,0.10,0.10,0.07
NHUD,2017-08-21 12:20:00 EDT,44.01310,-73.70516,981,80.5,80.0,81.4,50.9,60.7,0.000,0.000,0.00,0.000,3.3,7.2,1.7,165,36,3.9,10.5,2.0,164,33,3.3,7.2,1.7,165,36,756,29.07,,0,0,0,79.0,71.1,71.4,0.10,0.11,0.07
NHUD,2017-08-21 12:25:00 EDT,44.01310,-73.70516,981,81.1,80.2,82.1,51.4,61.5,0.000,0.000,0.00,0.000,2.3,4.7,1.0,181,34,2.9,5.2,1.1,183,28,2.3,4.7,1.0,181,34,771,29.07,,0,0,0,79.2,71.1,71.4,0.10,0.11,0.07
NHUD,2017-08-21 12:30:00 EDT,44.01310,-73.70516,981,81.3,80.3,81.8,47.5,59.5,0.000,0.000,0.00,0.000,3.1,6.0,1.4,204,31,4.0,8.7,1.7,200,28,3.1,6.0,1.4,204,31,775,29.07,,0,0,0,79.4,71.1,71.4,0.10,0.10,0.07
NHUD,2017-08-21 12:35:00 EDT,44.01310,-73.70516,981,81.7,80.7,82.2,48.3,60.3,0.000,0.000,0.00,0.000,2.5,6.6,1.4,209,32,3.4,6.7,1.3,207,32,2.5,6.6,1.4,209,32,764,29.06,,0,0,0,79.6,71.0,71.4,0.10,0.10,0.07
NHUD,2017-08-21 12:40:00 EDT,44.01310,-73.70516,981,81.8,80.7,82.1,46.6,59.3,0.000,0.000,0.00,0.000,4.6,8.9,1.6,171,20,5.1,9.9,1.6,170,18,4.6,8.9,1.6,171,20,762,29.06,,0,0,0,80.0,71.0,71.4,0.10,0.11,0.07
NHUD,2017-08-21 12:45:00 EDT,44.01310,-73.70516,981,81.8,80.8,82.3,48.1,60.3,0.000,0.000,0.00,0.000,2.8,6.1,1.4,158,16,3.3,7.1,1.5,158,21,2.8,6.1,1.4,158,16,758,29.06,,0,0,0,80.2,71.0,71.4,0.10,0.10,0.07
NHUD,2017-08-21 12:50:00 EDT,44.01310,-73.70516,981,81.7,80.8,81.9,46.2,59.0,0.000,0.000,0.00,0.000,3.4,5.8,0.9,173,44,4.0,6.4,1.1,174,44,3.4,5.8,0.9,173,44,760,29.05,,0,0,0,80.5,71.0,71.4,0.10,0.10,0.07
NHUD,2017-08-21 12:55:00 EDT,44.01310,-73.70516,981,82.5,81.3,82.8,46.7,60.0,0.000,0.000,0.00,0.000,3.8,8.3,1.5,177,34,4.5,8.4,1.6,176,32,3.8,8.3,1.5,177,34,753,29.05,,0,0,0,80.9,71.1,71.4,0.10,0.10,0.07
NHUD,2017-08-21 13:00:00 EDT,44.01310,-73.70516,981,82.3,81.5,82.3,44.7,58.6,0.000,0.000,0.00,0.000,3.9,7.9,1.7,242,37,4.5,9.2,1.9,241,36,3.9,7.9,1.7,242,37,751,29.05,,0,0,0,81.3,71.0,71.4,0.10,0.10,0.07
NHUD,2017-08-21 13:05:00 EDT,44.01310,-73.70516,981,81.9,81.5,81.6,42.5,56.9,0.000,0.000,0.00,0.000,5.7,12.3,3.1,243,26,6.3,12.0,3.0,244,27,5.7,12.3,3.1,243,26,706,29.05,,0,0,0,81.8,71.1,71.4,0.10,0.10,0.07
NHUD,2017-08-21 13:10:00 EDT,44.01310,-73.70516,981,81.9,81.4,81.5,41.0,55.9,0.000,0.000,0.00,0.000,8.2,13.2,2.2,248,16,8.9,14.4,2.5,247,16,8.2,13.2,2.2,248,16,690,29.05,,0,0,0,82.0,71.0,71.4,0.10,0.10,0.07
NHUD,2017-08-21 13:15:00 EDT,44.01310,-73.70516,981,81.7,81.2,81.4,41.5,56.0,0.000,0.000,0.00,0.000,4.9,11.8,2.5,231,21,5.1,11.4,2.4,231,22,4.9,11.8,2.5,231,21,755,29.05,,0,0,0,82.4,71.1,71.4,0.10,0.10,0.07
NHUD,2017-08-21 13:20:00 EDT,44.01310,-73.70516,981,82.7,82.2,82.4,41.9,57.3,0.000,0.000,0.00,0.000,5.9,11.6,3.7,231,23,6.7,15.4,3.6,229,25,5.9,11.6,3.7,231,23,746,29.05,,0,0,0,82.8,71.1,71.4,0.10,0.10,0.08
NHUD,2017-08-21 13:25:00 EDT,44.01310,-73.70516,981,82.3,81.6,81.9,41.7,56.7,0.000,0.000,0.00,0.000,4.7,14.5,3.3,227,31,5.4,15.3,3.2,223,31,4.7,14.5,3.3,227,31,745,29.05,,0,0,0,83.0,71.1,71.4,0.10,0.10,0.07
NHUD,2017-08-21 13:30:00 EDT,44.01310,-73.70516,981,82.0,81.5,81.4,39.7,55.1,0.000,0.000,0.00,0.000,3.8,13.7,2.6,209,31,4.8,15.5,2.5,210,30,3.8,13.7,2.6,209,31,714,29.05,,0,0,0,83.5,71.1,71.4,0.10,0.10,0.08
NHUD,2017-08-21 13:35:00 EDT,44.01310,-73.70516,981,82.6,81.8,82.3,42.4,57.4,0.000,0.000,0.00,0.000,3.2,6.4,1.1,195,31,3.6,7.5,1.4,197,32,3.2,6.4,1.1,195,31,684,29.05,,0,0,0,83.9,71.1,71.4,0.10,0.10,0.07
NHUD,2017-08-21 13:40:00 EDT,44.01310,-73.70516,981,82.5,82.0,82.0,40.4,56.0,0.000,0.000,0.00,0.000,3.0,10.1,2.2,218,32,3.5,11.0,2.1,219,31,3.0,10.1,2.2,218,32,662,29.05,,0,0,0,84.0,71.1,71.4,0.10,0.10,0.07
NHUD,2017-08-21 13:45:00 EDT,44.01310,-73.70516,981,83.0,82.3,82.4,40.7,56.6,0.000,0.000,0.00,0.000,2.9,6.2,1.3,219,33,3.5,8.6,1.5,217,33,2.9,6.2,1.3,219,33,634,29.05,,0,0,0,84.5,71.1,71.4,0.10,0.10,0.08
NHUD,2017-08-21 13:50:00 EDT,44.01310,-73.70516,981,82.5,82.1,82.3,43.2,57.9,0.000,0.000,0.00,0.000,2.0,6.0,1.2,176,37,2.4,6.1,1.2,178,36,2.0,6.0,1.2,176,37,573,29.05,,0,0,0,84.9,71.1,71.4,0.10,0.10,0.08
NHUD,2017-08-21 13:55:00 EDT,44.01310,-73.70516,981,82.6,82.2,82.4,43.0,57.9,0.000,0.000,0.00,0.000,3.2,5.7,1.2,151,18,3.6,6.4,1.2,149,17,3.2,5.7,1.2,151,18,576,29.04,,0,0,0,85.1,71.1,71.4,0.10,0.10,0.07
NHUD,2017-08-21 14:00:00 EDT,44.01310,-73.70516,981,82.3,81.8,81.9,41.7,56.7,0.000,0.000,0.00,0.000,5.6,13.4,3.0,227,32,6.1,16.6,3.1,225,32,5.6,13.4,3.0,227,32,360,29.05,,0,0,0,85.3,71.1,71.4,0.10,0.10,0.08
NHUD,2017-08-21 14:05:00 EDT,44.01310,-73.70516,981,81.2,80.9,81.2,43.6,57.0,0.000,0.000,0.00,0.000,3.2,9.1,2.0,198,47,3.6,7.8,2.1,201,52,3.2,9.1,2.0,198,47,307,29.04,,0,0,0,85.6,71.1,71.4,0.10,0.10,0.08
NHUD,2017-08-21 14:10:00 EDT,44.01310,-73.70516,981,82.0,81.6,81.6,41.3,56.2,0.000,0.000,0.00,0.000,3.6,11.3,2.5,252,47,4.4,12.6,2.8,249,46,3.6,11.3,2.5,252,47,420,29.04,,0,0,0,85.6,71.1,71.4,0.10,0.10,0.08
NHUD,2017-08-21 14:15:00 EDT,44.01310,-73.70516,981,81.5,81.3,81.5,43.8,57.4,0.000,0.000,0.00,0.000,3.5,9.4,1.2,204,37,4.1,9.2,1.4,202,32,3.5,9.4,1.2,204,37,375,29.04,,0,0,0,85.6,71.1,71.4,0.10,0.10,0.08
NHUD,2017-08-21 14:20:00 EDT,44.01310,-73.70516,981,81.4,81.1,81.3,43.5,57.1,0.000,0.000,0.00,0.000,3.4,8.0,1.7,222,35,3.9,9.3,1.8,220,36,3.4,8.0,1.7,222,35,335,29.04,,0,0,0,85.6,71.1,71.4,0.10,0.10,0.08
NHUD,2017-08-21 14:25:00 EDT,44.01310,-73.70516,981,80.9,80.9,81.1,45.4,57.9,0.000,0.000,0.00,0.000,3.4,7.2,2.1,215,42,3.9,8.3,2.1,212,42,3.4,7.2,2.1,215,42,298,29.04,,0,0,0,85.6,71.1,71.4,0.10,0.10,0.07
NHUD,2017-08-21 14:30:00 EDT,44.01310,-73.70516,981,81.1,81.0,81.0,42.3,56.1,0.000,0.000,0.00,0.000,4.1,9.5,2.4,240,21,4.5,9.8,2.4,239,21,4.1,9.5,2.4,240,21,267,29.04,,0,0,0,85.6,71.1,71.4,0.10,0.10,0.08
NHUD,2017-08-21 14:35:00 EDT,44.01310,-73.70516,981,80.7,80.7,80.9,45.4,57.6,0.000,0.000,0.00,0.000,1.9,5.8,1.3,213,32,2.4,6.8,1.3,213,30,1.9,5.8,1.3,213,32,244,29.03,,0,0,0,85.4,71.1,71.4,0.10,0.10,0.08
NHUD,2017-08-21 14:40:00 EDT,44.01310,-73.70516,981,80.2,80.2,80.7,47.2,58.3,0.000,0.000,0.00,0.000,2.0,4.2,0.6,198,24,2.4,5.5,0.8,200,20,2.0,4.2,0.6,198,24,232,29.03,,0,0,0,85.1,71.2,71.4,0.10,0.10,0.08
NHUD,2017-08-21 14:45:00 EDT,44.01310,-73.70516,981,80.2,80.3,80.8,47.7,58.6,0.000,0.000,0.00,0.000,0.6,2.3,0.6,194,22,1.0,2.6,0.7,193,30,0.6,2.3,0.6,194,22,231,29.03,,0,0,0,85.1,71.3,71.4,0.10,0.10,0.08
NHUD,2017-08-21 14:50:00 EDT,44.01310,-73.70516,981,80.5,80.4,80.9,46.6,58.2,0.000,0.000,0.00,0.000,0.9,2.1,0.6,208,34,1.4,3.1,0.7,206,34,0.9,2.1,0.6,208,34,237,29.03,,0,0,0,85.1,71.4,71.4,0.10,0.10,0.08
NHUD,2017-08-21 14:55:00 EDT,44.01310,-73.70516,981,80.6,80.5,81.0,46.2,58.0,0.000,0.000,0.00,0.000,2.5,5.7,1.3,236,14,2.8,6.2,1.3,233,13,2.5,5.7,1.3,236,14,252,29.03,,0,0,0,85.1,71.4,71.4,0.10,0.10,0.08
NHUD,2017-08-21 15:00:00 EDT,44.01310,-73.70516,981,80.2,80.3,80.9,49.0,59.3,0.000,0.000,0.00,0.000,1.0,3.5,0.7,168,27,1.5,4.0,0.7,174,34,1.0,3.5,0.7,168,27,273,29.03,,0,0,0,85.0,71.4,71.4,0.10,0.10,0.08
NHUD,2017-08-21 15:05:00 EDT,44.01310,-73.70516,981,80.3,80.2,81.2,50.3,60.2,0.000,0.000,0.00,0.000,0.4,1.6,0.4,128,14,0.8,2.2,0.6,138,32,0.4,1.6,0.4,128,14,302,29.03,,0,0,0,84.6,71.4,71.4,0.10,0.10,0.08
NHUD,2017-08-21 15:10:00 EDT,44.01310,-73.70516,981,80.5,80.1,81.5,52.5,61.5,0.000,0.000,0.00,0.000,0.9,2.3,0.7,147,24,1.4,2.4,0.6,145,36,0.9,2.3,0.7,147,24,332,29.03,,0,0,0,84.6,71.4,71.4,0.10,0.10,0.08
NHUD,2017-08-21 15:15:00 EDT,44.01310,-73.70516,981,80.4,80.1,81.5,53.4,61.9,0.000,0.000,0.00,0.000,1.4,2.8,0.7,151,22,1.7,3.7,0.8,151,24,1.4,2.8,0.7,151,22,366,29.02,,0,0,0,84.6,71.4,71.4,0.10,0.10,0.08
NHUD,2017-08-21 15:20:00 EDT,44.01310,-73.70516,981,81.1,80.6,81.7,49.0,60.1,0.000,0.000,0.00,0.000,0.8,1.8,0.5,172,28,1.3,2.9,0.6,171,29,0.8,1.8,0.5,172,28,401,29.02,,0,0,0,84.6,71.4,71.4,0.10,0.11,0.08
NHUD,2017-08-21 15:25:00 EDT,44.01310,-73.70516,981,80.9,80.6,81.7,49.9,60.5,0.000,0.000,0.00,0.000,1.4,2.4,0.5,157,19,1.8,3.0,0.5,156,19,1.4,2.4,0.5,157,19,433,29.02,,0,0,0,84.6,71.4,71.4,0.10,0.11,0.08
NHUD,2017-08-21 15:30:00 EDT,44.01310,-73.70516,981,82.0,81.1,82.3,47.0,59.8,0.000,0.000,0.00,0.000,0.5,2.0,0.6,162,24,1.0,3.1,0.7,163,32,0.5,2.0,0.6,162,24,461,29.02,,0,0,0,84.7,71.4,71.4,0.10,0.10,0.08
NHUD,2017-08-21 15:35:00 EDT,44.01310,-73.70516,981,82.0,81.6,81.9,43.7,57.8,0.000,0.000,0.00,0.000,2.0,4.9,1.3,222,34,2.4,5.8,1.3,217,35,2.0,4.9,1.3,222,34,488,29.03,,0,0,0,85.1,71.4,71.4,0.10,0.11,0.08
NHUD,2017-08-21 15:40:00 EDT,44.01310,-73.70516,981,82.0,81.6,82.2,45.7,59.0,0.000,0.000,0.00,0.000,2.0,6.1,1.3,191,42,2.6,6.0,1.5,189,44,2.0,6.1,1.3,191,42,510,29.03,,0,0,0,85.1,71.4,71.4,0.10,0.11,0.08
NHUD,2017-08-21 15:45:00 EDT,44.01310,-73.70516,981,82.3,81.9,82.2,44.4,58.5,0.000,0.000,0.00,0.000,2.4,5.1,1.2,178,29,2.5,6.1,1.2,177,29,2.4,5.1,1.2,178,29,527,29.03,,0,0,0,85.1,71.4,71.4,0.10,0.11,0.08
NHUD,2017-08-21 15:50:00 EDT,44.01310,-73.70516,981,82.5,81.9,82.6,45.7,59.4,0.000,0.000,0.00,0.000,1.1,2.6,0.6,148,35,1.6,2.9,0.6,152,42,1.1,2.6,0.6,148,35,536,29.02,,0,0,0,85.6,71.4,71.4,0.10,0.10,0.08
NHUD,2017-08-21 15:55:00 EDT,44.01310,-73.70516,981,82.7,82.1,82.9,45.7,59.7,0.000,0.000,0.00,0.000,2.4,4.4,0.9,160,25,2.9,5.1,0.9,161,28,2.4,4.4,0.9,160,25,540,29.02,,0,0,0,85.9,71.4,71.4,0.10,0.11,0.08
NHUD,2017-08-21 16:00:00 EDT,44.01310,-73.70516,981,82.7,82.4,82.9,45.7,59.7,0.000,0.000,0.00,0.000,2.2,4.1,1.0,179,35,2.6,4.9,0.9,178,35,2.2,4.1,1.0,179,35,534,29.02,,0,0,0,86.2,71.4,71.4,0.10,0.11,0.08
NHUD,2017-08-21 16:05:00 EDT,44.01310,-73.70516,981,83.2,82.4,83.4,45.3,59.9,0.000,0.000,0.00,0.000,1.4,2.9,0.7,156,27,1.7,3.3,0.8,153,33,1.4,2.9,0.7,156,27,526,29.02,,0,0,0,86.4,71.6,71.3,0.10,0.11,0.08
NHUD,2017-08-21 16:10:00 EDT,44.01310,-73.70516,981,83.3,82.5,83.0,42.9,58.4,0.000,0.000,0.00,0.000,3.0,5.8,1.0,217,28,3.6,7.7,1.3,218,27,3.0,5.8,1.0,217,28,516,29.02,,0,0,0,86.7,71.7,71.3,0.10,0.10,0.08
NHUD,2017-08-21 16:15:00 EDT,44.01310,-73.70516,981,83.0,82.5,82.7,42.0,57.6,0.000,0.000,0.00,0.000,2.4,4.9,1.2,219,33,2.9,5.8,1.2,218,32,2.4,4.9,1.2,219,33,506,29.02,,0,0,0,87.2,71.8,71.1,0.10,0.11,0.08
NHUD,2017-08-21 16:20:00 EDT,44.01310,-73.70516,981,83.1,82.6,82.9,43.3,58.5,0.000,0.000,0.00,0.000,3.0,5.7,0.9,195,28,3.4,8.5,1.2,194,27,3.0,5.7,0.9,195,28,490,29.02,,0,0,0,87.3,71.8,71.1,0.10,0.11,0.08
NHUD,2017-08-21 16:25:00 EDT,44.01310,-73.70516,981,83.4,82.6,83.2,43.8,59.1,0.000,0.000,0.00,0.000,2.0,5.9,1.4,200,44,2.5,6.8,1.5,197,47,2.0,5.9,1.4,200,44,477,29.02,,0,0,0,87.6,71.8,71.1,0.10,0.10,0.08
NHUD,2017-08-21 16:30:00 EDT,44.01310,-73.70516,981,83.1,82.7,82.7,41.9,57.6,0.000,0.000,0.00,0.000,5.6,11.4,2.5,238,21,6.3,12.0,2.5,239,20,5.6,11.4,2.5,238,21,472,29.02,,0,0,0,88.0,71.8,71.1,0.10,0.10,0.08
NHUD,2017-08-21 16:35:00 EDT,44.01310,-73.70516,981,83.0,82.5,82.7,42.2,57.7,0.000,0.000,0.00,0.000,4.2,11.8,2.9,234,37,5.0,14.3,3.2,235,36,4.2,11.8,2.9,234,37,462,29.02,,0,0,0,88.1,71.8,71.1,0.10,0.10,0.08
NHUD,2017-08-21 16:40:00 EDT,44.01310,-73.70516,981,83.1,82.6,82.6,41.1,57.0,0.000,0.000,0.00,0.000,5.5,11.6,2.5,243,19,6.0,11.8,2.5,243,18,5.5,11.6,2.5,243,19,442,29.01,,0,0,0,88.5,71.8,71.1,0.10,0.10,0.08
NHUD,2017-08-21 16:45:00 EDT,44.01310,-73.70516,981,82.9,82.6,82.4,41.5,57.1,0.000,0.000,0.00,0.000,4.2,8.5,1.8,244,22,4.8,9.9,2.2,247,24,4.2,8.5,1.8,244,22,422,29.01,,0,0,0,88.5,71.8,71.1,0.10,0.10,0.08
NHUD,2017-08-21 16:50:00 EDT,44.01310,-73.70516,981,83.0,82.6,82.7,42.3,57.8,0.000,0.000,0.00,0.000,3.7,7.9,1.7,232,34,4.2,9.9,2.0,234,32,3.7,7.9,1.7,232,34,405,29.01,,0,0,0,88.5,71.8,71.1,0.10,0.10,0.07
NHUD,2017-08-21 16:55:00 EDT,44.01310,-73.70516,981,82.5,82.2,82.3,43.2,57.9,0.000,0.000,0.00,0.000,3.7,9.6,2.2,222,38,4.4,11.1,2.2,221,35,3.7,9.6,2.2,222,38,393,29.01,,0,0,0,88.5,71.9,71.1,0.10,0.10,0.07
NHUD,2017-08-21 17:00:00 EDT,44.01310,-73.70516,981,82.5,82.3,82.5,44.6,58.8,0.000,0.000,0.00,0.000,2.2,5.2,1.3,218,34,2.8,6.1,1.4,218,36,2.2,5.2,1.3,218,34,387,29.01,,0,0,0,88.5,72.2,71.1,0.10,0.10,0.07
NHUD,2017-08-21 17:05:00 EDT,44.01310,-73.70516,981,82.6,82.4,82.5,43.6,58.2,0.000,0.000,0.00,0.000,2.0,5.6,1.5,215,42,2.5,6.5,1.7,213,42,2.0,5.6,1.5,215,42,375,29.01,,0,0,0,88.5,72.3,71.1,0.10,0.10,0.07
NHUD,2017-08-21 17:10:00 EDT,44.01310,-73.70516,981,82.3,82.1,82.3,44.4,58.5,0.000,0.000,0.00,0.000,2.4,4.5,0.7,174,28,2.9,5.9,0.9,176,26,2.4,4.5,0.7,174,28,353,29.01,,0,0,0,88.5,72.3,71.1,0.10,0.10,0.07
NHUD,2017-08-21 17:15:00 EDT,44.01310,-73.70516,981,82.0,81.8,82.0,44.8,58.4,0.000,0.000,0.00,0.000,2.9,6.9,1.2,193,41,3.5,7.7,1.5,194,40,2.9,6.9,1.2,193,41,351,29.01,,0,0,0,88.6,72.3,71.1,0.10,0.10,0.08
NHUD,2017-08-21 17:20:00 EDT,44.01310,-73.70516,981,82.0,81.7,82.1,45.0,58.5,0.000,0.000,0.00,0.000,1.9,6.7,1.5,221,47,2.6,7.8,1.6,218,44,1.9,6.7,1.5,221,47,327,29.01,,0,0,0,88.6,72.3,71.1,0.10,0.10,0.07
NHUD,2017-08-21 17:25:00 EDT,44.01310,-73.70516,981,81.7,81.6,82.0,47.0,59.5,0.000,0.000,0.00,0.000,2.4,3.9,0.9,170,30,3.0,5.2,1.0,172,29,2.4,3.9,0.9,170,30,310,29.01,,0,0,0,88.6,72.3,71.1,0.10,0.10,0.07
NHUD,2017-08-21 17:30:00 EDT,44.01310,-73.70516,981,81.6,81.4,82.0,47.1,59.5,0.000,0.000,0.00,0.000,2.8,4.8,0.9,187,25,3.3,7.4,1.1,188,24,2.8,4.8,0.9,187,25,293,29.01,,0,0,0,88.5,72.3,71.1,0.10,0.10,0.07
NHUD,2017-08-21 17:35:00 EDT,44.01310,-73.70516,981,81.5,81.3,81.8,46.5,59.0,0.000,0.000,0.00,0.000,1.7,3.8,0.8,208,32,2.2,4.6,1.0,212,31,1.7,3.8,0.8,208,32,272,29.01,,0,0,0,88.5,72.3,71.1,0.10,0.10,0.07
NHUD,2017-08-21 17:40:00 EDT,44.01310,-73.70516,981,81.3,81.2,81.7,46.7,59.0,0.000,0.000,0.00,0.000,1.3,3.4,1.0,171,23,1.7,4.4,1.2,168,23,1.3,3.4,1.0,171,23,259,29.01,,0,0,0,88.5,72.3,71.1,0.10,0.10,0.07
NHUD,2017-08-21 17:45:00 EDT,44.01310,-73.70516,981,81.0,80.9,81.5,47.5,59.2,0.000,0.000,0.00,0.000,2.5,5.6,1.0,178,31,2.9,5.7,1.1,182,29,2.5,5.6,1.0,178,31,248,29.01,,0,0,0,88.5,72.3,71.1,0.10,0.10,0.07
NHUD,2017-08-21 17:50:00 EDT,44.01310,-73.70516,981,80.8,80.8,81.4,49.0,59.8,0.000,0.000,0.00,0.000,2.2,4.9,0.8,188,31,2.5,5.3,0.8,190,31,2.2,4.9,0.8,188,31,234,29.00,,0,0,0,88.2,72.3,71.1,0.10,0.10,0.07
NHUD,2017-08-21 17:55:00 EDT,44.01310,-73.70516,981,80.4,80.3,81.2,50.5,60.4,0.000,0.000,0.00,0.000,1.7,5.6,1.1,197,35,2.0,6.6,1.2,194,35,1.7,5.6,1.1,197,35,222,29.00,,0,0,0,88.0,72.3,71.1,0.10,0.10,0.07
NHUD,2017-08-21 18:00:00 EDT,44.01310,-73.70516,981,80.4,80.5,81.1,48.6,59.3,0.000,0.000,0.00,0.000,2.4,5.8,1.2,220,34,2.8,7.7,1.5,221,34,2.4,5.8,1.2,220,34,210,29.01,,0,0,0,87.6,72.3,71.1,0.10,0.10,0.07
NHUD,2017-08-21 18:05:00 EDT,44.01310,-73.70516,981,80.1,80.2,80.9,49.7,59.7,0.000,0.000,0.00,0.000,1.5,3.2,1.0,216,43,1.9,4.3,1.1,218,39,1.5,3.2,1.0,216,43,188,29.01,,0,0,0,87.3,72.4,71.1,0.10,0.10,0.07
NHUD,2017-08-21 18:10:00 EDT,44.01310,-73.70516,981,79.4,79.6,79.4,51.6,60.0,0.000,0.000,0.00,0.000,1.8,3.9,1.0,251,29,2.3,5.4,1.2,248,29,1.8,3.9,1.0,251,29,122,29.00,,0,0,0,87.1,72.6,71.1,0.10,0.10,0.07
NHUD,2017-08-21 18:15:00 EDT,44.01310,-73.70516,981,79.3,79.5,79.3,51.2,59.7,0.000,0.000,0.00,0.000,2.6,6.4,1.3,232,22,2.8,7.4,1.4,232,22,2.6,6.4,1.3,232,22,89,29.00,,0,0,0,86.7,72.7,71.1,0.10,0.10,0.07
NHUD,2017-08-21 18:20:00 EDT,44.01310,-73.70516,981,78.7,79.3,78.7,52.7,60.0,0.000,0.000,0.00,0.000,2.9,5.5,1.1,239,19,3.1,6.0,1.2,239,17,2.9,5.5,1.1,239,19,65,29.00,,0,0,0,86.4,72.7,71.1,0.10,0.10,0.07
NHUD,2017-08-21 18:25:00 EDT,44.01310,-73.70516,981,78.9,79.2,78.9,52.5,60.0,0.000,0.000,0.00,0.000,1.3,4.5,1.4,237,19,1.7,5.6,1.4,237,23,1.3,4.5,1.4,237,19,61,29.00,,0,0,0,86.2,72.7,71.1,0.10,0.10,0.07
NHUD,2017-08-21 18:30:00 EDT,44.01310,-73.70516,981,77.0,78.2,77.0,56.9,60.6,0.000,0.000,0.00,0.000,2.5,5.3,1.2,259,21,2.9,5.6,1.2,259,22,2.5,5.3,1.2,259,21,58,29.00,,0,0,0,86.0,72.7,71.1,0.10,0.10,0.07
NHUD,2017-08-21 18:35:00 EDT,44.01310,-73.70516,981,76.6,77.2,76.6,58.8,61.1,0.000,0.000,0.00,0.000,1.5,3.6,0.6,305,38,1.6,3.8,0.6,303,38,1.5,3.6,0.6,305,38,51,29.01,,0,0,0,85.6,72.7,71.1,0.10,0.10,0.07
NHUD,2017-08-21 18:40:00 EDT,44.01310,-73.70516,981,76.0,77.3,76.0,59.9,61.1,0.000,0.000,0.00,0.000,1.5,3.8,1.0,265,22,2.0,5.1,0.9,258,30,1.5,3.8,1.0,265,22,48,29.01,,0,0,0,85.1,72.7,71.1,0.10,0.10,0.07
NHUD,2017-08-21 18:45:00 EDT,44.01310,-73.70516,981,76.1,77.1,76.1,60.1,61.2,0.000,0.000,0.00,0.000,0.5,2.8,0.8,297,18,0.8,3.6,0.9,305,22,0.5,2.8,0.8,297,18,45,29.01,,0,0,0,85.0,72.7,71.1,0.10,0.10,0.07
NHUD,2017-08-21 18:50:00 EDT,44.01310,-73.70516,981,75.9,77.4,75.9,60.7,61.3,0.000,0.000,0.00,0.000,0.8,2.0,0.6,286,42,1.2,2.6,0.7,292,40,0.8,2.0,0.6,286,42,41,29.01,,0,0,0,84.6,72.7,71.1,0.10,0.10,0.07
NHUD,2017-08-21 18:55:00 EDT,44.01310,-73.70516,981,75.1,76.9,75.1,62.9,61.6,0.000,0.000,0.00,0.000,1.1,2.3,0.5,323,35,1.4,2.9,0.6,324,35,1.1,2.3,0.5,323,35,38,29.01,,0,0,0,84.2,72.7,71.1,0.10,0.10,0.07
NHUD,2017-08-21 19:00:00 EDT,44.01310,-73.70516,981,74.9,76.1,74.9,61.8,60.9,0.000,0.000,0.00,0.000,2.1,2.9,0.5,327,17,2.2,3.6,0.7,328,16,2.1,2.9,0.5,327,17,36,29.01,,0,0,0,84.0,72.7,71.2,0.10,0.10,0.07
NHUD,2017-08-21 19:05:00 EDT,44.01310,-73.70516,981,74.3,75.2,74.3,63.7,61.1,0.000,0.000,0.00,0.000,0.9,1.8,0.6,324,10,1.0,2.2,0.6,326,17,0.9,1.8,0.6,324,10,32,29.01,,0,0,0,83.6,72.7,71.2,0.10,0.10,0.07
NHUD,2017-08-21 19:10:00 EDT,44.01310,-73.70516,981,73.6,75.0,73.6,66.2,61.7,0.000,0.000,0.00,0.000,0.5,1.7,0.6,320,22,1.0,2.3,0.6,342,42,0.5,1.7,0.6,320,22,29,29.01,,0,0,0,83.4,72.9,71.3,0.10,0.10,0.07
NHUD,2017-08-21 19:15:00 EDT,44.01310,-73.70516,981,73.4,74.8,73.4,66.9,61.7,0.000,0.000,0.00,0.000,0.9,2.0,0.7,330,38,1.3,2.5,0.6,344,47,0.9,2.0,0.7,330,38,25,29.01,,0,0,0,82.9,73.0,71.3,0.10,0.10,0.07
NHUD,2017-08-21 19:20:00 EDT,44.01310,-73.70516,981,73.7,74.9,73.7,65.9,61.6,0.000,0.000,0.00,0.000,1.1,2.8,0.6,219,62,1.5,4.3,0.7,217,67,1.1,2.8,0.6,219,62,21,29.01,,0,0,0,82.8,73.0,71.3,0.10,0.10,0.07
NHUD,2017-08-21 19:25:00 EDT,44.01310,-73.70516,981,72.7,73.2,72.7,67.7,61.4,0.000,0.000,0.00,0.000,0.4,1.6,0.6,267,24,0.6,2.0,0.6,266,35,0.4,1.6,0.6,267,24,18,29.01,,0,0,0,82.4,73.0,71.3,0.10,0.10,0.07
NHUD,2017-08-21 19:30:00 EDT,44.01310,-73.70516,981,72.1,73.2,72.1,69.2,61.5,0.000,0.000,0.00,0.000,0.6,1.2,0.4,330,21,1.0,1.7,0.4,322,33,0.6,1.2,0.4,330,21,15,29.01,,0,0,0,82.2,73.0,71.3,0.10,0.11,0.07
NHUD,2017-08-21 19:35:00 EDT,44.01310,-73.70516,981,72.1,73.4,72.1,69.5,61.5,0.000,0.000,0.00,0.000,1.1,1.9,0.3,325,56,1.5,2.4,0.3,328,57,1.1,1.9,0.3,325,56,11,29.01,,0,0,0,82.0,73.0,71.4,0.10,0.10,0.07
NHUD,2017-08-21 19:40:00 EDT,44.01310,-73.70516,981,71.4,72.5,71.4,71.5,61.7,0.000,0.000,0.00,0.000,0.7,1.3,0.4,243,51,1.2,2.1,0.3,228,57,0.7,1.3,0.4,243,51,8,29.01,,0,0,0,81.8,73.0,71.3,0.10,0.10,0.07
NHUD,2017-08-21 19:45:00 EDT,44.01310,-73.70516,981,70.9,72.1,70.9,74.4,62.3,0.000,0.000,0.00,0.000,1.0,2.0,0.5,309,54,1.5,3.0,0.7,308,53,1.0,2.0,0.5,309,54,6,29.01,,0,0,0,81.5,73.0,71.3,0.10,0.11,0.07
NHUD,2017-08-21 19:50:00 EDT,44.01310,-73.70516,981,70.6,71.7,70.6,73.5,61.8,0.000,0.000,0.00,0.000,1.5,2.6,0.7,313,40,1.8,3.2,0.7,310,42,1.5,2.6,0.7,313,40,4,29.01,,0,0,0,81.1,73.0,71.3,0.10,0.10,0.07
NHUD,2017-08-21 19:55:00 EDT,44.01310,-73.70516,981,70.6,71.9,70.6,73.4,61.7,0.000,0.000,0.00,0.000,0.7,1.8,0.8,343,9,1.1,2.4,0.9,348,31,0.7,1.8,0.8,343,9,2,29.01,,0,0,0,81.0,73.0,71.4,0.10,0.10,0.07
NHUD,2017-08-21 20:00:00 EDT,44.01310,-73.70516,981,69.8,70.8,69.8,75.2,61.7,0.000,0.000,0.00,0.000,0.4,1.5,0.6,273,14,0.5,1.8,0.7,267,17,0.4,1.5,0.6,273,14,1,29.01,,0,0,0,80.6,73.0,71.4,0.10,0.10,0.07
NHUD,2017-08-21 20:05:00 EDT,44.01310,-73.70516,981,69.7,70.3,69.7,75.3,61.5,0.000,0.000,0.00,0.000,0.2,1.1,0.3,261,10,0.7,1.4,0.5,264,14,0.2,1.1,0.3,261,10,1,29.01,,0,0,0,80.4,73.0,71.4,0.10,0.10,0.07
NHUD,2017-08-21 20:10:00 EDT,44.01310,-73.70516,981,69.2,70.0,69.2,76.2,61.4,0.000,0.000,0.00,0.000,0.1,1.2,0.3,253,1,0.5,1.6,0.5,266,20,0.1,1.2,0.3,253,1,0,29.01,,0,0,0,80.1,73.0,71.4,0.10,0.10,0.07
NHUD,2017-08-21 20:15:00 EDT,44.01310,-73.70516,981,69.0,69.7,69.0,78.1,61.9,0.000,0.000,0.00,0.000,0.1,0.8,0.2,262,4,0.3,1.3,0.5,250,11,0.1,0.8,0.2,262,4,0,29.01,,0,0,0,80.1,73.0,71.4,0.10,0.10,0.07
NHUD,2017-08-21 20:20:00 EDT,44.01310,-73.70516,981,68.8,69.5,68.8,77.9,61.6,0.000,0.000,0.00,0.000,0.0,0.0,0.0,0,0,0.4,1.3,0.5,243,31,0.0,0.0,0.0,0,0,0,29.01,,0,0,0,79.6,73.0,71.4,0.10,0.10,0.07
NHUD,2017-08-21 20:25:00 EDT,44.01310,-73.70516,981,67.9,69.1,67.9,82.1,62.2,0.000,0.000,0.00,0.000,0.2,1.3,0.4,205,18,0.5,1.7,0.6,211,23,0.2,1.3,0.4,205,18,0,29.01,,0,0,0,79.5,73.1,71.4,0.10,0.10,0.07
NHUD,2017-08-21 20:30:00 EDT,44.01310,-73.70516,981,67.6,68.4,67.6,82.6,62.1,0.000,0.000,0.00,0.000,0.2,1.6,0.4,222,12,0.7,1.7,0.5,213,21,0.2,1.6,0.4,222,12,0,29.01,,0,0,0,79.2,73.1,71.4,0.10,0.10,0.07
NHUD,2017-08-21 20:35:00 EDT,44.01310,-73.70516,981,67.2,67.8,67.2,83.3,61.9,0.000,0.000,0.00,0.000,1.1,1.9,0.5,207,26,1.4,2.1,0.4,198,27,1.1,1.9,0.5,207,26,0,29.01,,0,0,0,79.2,73.2,71.4,0.10,0.10,0.07
NHUD,2017-08-21 20:40:00 EDT,44.01310,-73.70516,981,66.8,67.2,66.8,84.7,62.0,0.000,0.000,0.00,0.000,0.9,1.4,0.3,194,5,1.2,1.7,0.3,195,7,0.9,1.4,0.3,194,5,0,29.01,,0,0,0,78.8,73.3,71.4,0.10,0.10,0.07
NHUD,2017-08-21 20:45:00 EDT,44.01310,-73.70516,981,66.8,67.3,66.8,85.6,62.3,0.000,0.000,0.00,0.000,0.8,1.5,0.3,193,9,1.1,1.9,0.3,185,16,0.8,1.5,0.3,193,9,0,29.01,,0,0,0,78.6,73.4,71.4,0.10,0.10,0.07
NHUD,2017-08-21 20:50:00 EDT,44.01310,-73.70516,981,66.7,67.4,66.7,86.4,62.5,0.000,0.000,0.00,0.000,0.6,1.2,0.4,197,3,0.9,1.6,0.5,197,11,0.6,1.2,0.4,197,3,0,29.01,,0,0,0,78.3,73.4,71.4,0.10,0.10,0.07
NHUD,2017-08-21 20:55:00 EDT,44.01310,-73.70516,981,66.5,67.2,66.5,87.0,62.5,0.000,0.000,0.00,0.000,0.7,1.2,0.3,180,15,1.2,1.9,0.2,176,16,0.7,1.2,0.3,180,15,0,29.01,,0,0,0,78.1,73.4,71.4,0.10,0.10,0.07
NHUD,2017-08-21 21:00:00 EDT,44.01310,-73.70516,981,66.2,66.6,66.2,87.2,62.2,0.000,0.000,0.00,0.000,1.1,1.8,0.3,212,9,1.3,2.2,0.3,211,8,1.1,1.8,0.3,212,9,0,29.01,,0,0,0,78.1,73.4,71.4,0.10,0.10,0.07
NHUD,2017-08-21 21:05:00 EDT,44.01310,-73.70516,981,66.1,66.5,66.1,87.9,62.4,0.000,0.000,0.00,0.000,0.5,1.4,0.4,221,8,0.9,1.7,0.4,224,14,0.5,1.4,0.4,221,8,0,29.01,,0,0,0,77.9,73.4,71.4,0.10,0.10,0.07
NHUD,2017-08-21 21:10:00 EDT,44.01310,-73.70516,981,66.2,66.7,66.2,88.3,62.6,0.000,0.000,0.00,0.000,0.4,0.9,0.3,208,6,0.9,1.5,0.4,200,14,0.4,0.9,0.3,208,6,0,29.01,,0,0,0,77.7,73.4,71.4,0.09,0.10,0.07
NHUD,2017-08-21 21:15:00 EDT,44.01310,-73.70516,981,66.0,66.8,66.0,88.2,62.4,0.000,0.000,0.00,0.000,0.9,1.3,0.3,187,4,1.2,1.7,0.2,187,10,0.9,1.3,0.3,187,4,0,29.01,,0,0,0,77.2,73.4,71.4,0.10,0.10,0.07
NHUD,2017-08-21 21:20:00 EDT,44.01310,-73.70516,981,66.2,66.9,66.2,88.3,62.6,0.000,0.000,0.00,0.000,1.3,1.8,0.4,250,24,1.5,2.2,0.5,249,21,1.3,1.8,0.4,250,24,0,29.01,,0,0,0,77.2,73.4,71.4,0.10,0.10,0.07
NHUD,2017-08-21 21:25:00 EDT,44.01310,-73.70516,981,66.1,66.8,66.1,87.6,62.3,0.000,0.000,0.00,0.000,2.2,3.2,0.4,256,15,2.4,3.6,0.4,256,17,2.2,3.2,0.4,256,15,0,29.01,,0,0,0,77.1,73.4,71.4,0.09,0.10,0.07
NHUD,2017-08-21 21:30:00 EDT,44.01310,-73.70516,981,66.0,66.8,66.0,87.2,62.1,0.000,0.000,0.00,0.000,1.9,3.2,0.5,239,8,2.0,3.4,0.5,236,10,1.9,3.2,0.5,239,8,0,29.01,,0,0,0,76.8,73.4,71.4,0.09,0.10,0.07
NHUD,2017-08-21 21:35:00 EDT,44.01310,-73.70516,981,65.2,66.0,65.2,88.3,61.7,0.000,0.000,0.00,0.000,1.9,3.0,0.5,227,13,2.0,3.6,0.5,225,12,1.9,3.0,0.5,227,13,0,29.01,,0,0,0,76.8,73.4,71.4,0.10,0.10,0.07
NHUD,2017-08-21 21:40:00 EDT,44.01310,-73.70516,981,64.8,65.5,64.8,89.1,61.5,0.000,0.000,0.00,0.000,1.6,2.9,0.5,230,10,1.9,3.3,0.6,228,10,1.6,2.9,0.5,230,10,0,29.01,,0,0,0,76.5,73.4,71.4,0.09,0.10,0.07
NHUD,2017-08-21 21:45:00 EDT,44.01310,-73.70516,981,64.5,65.2,64.5,89.8,61.5,0.000,0.000,0.00,0.000,1.2,1.6,0.2,226,6,1.4,1.8,0.2,221,7,1.2,1.6,0.2,226,6,0,29.01,,0,0,0,76.5,73.4,71.4,0.09,0.10,0.07
NHUD,2017-08-21 21:50:00 EDT,44.01310,-73.70516,981,65.2,65.9,65.2,90.3,62.2,0.000,0.000,0.00,0.000,1.3,1.6,0.1,224,9,1.4,2.2,0.2,223,8,1.3,1.6,0.1,224,9,0,29.01,,0,0,0,76.4,73.4,71.4,0.09,0.10,0.07
NHUD,2017-08-21 21:55:00 EDT,44.01310,-73.70516,981,65.6,66.4,65.6,89.4,62.4,0.000,0.000,0.00,0.000,1.1,1.8,0.5,248,15,1.4,2.3,0.4,249,14,1.1,1.8,0.5,248,15,0,29.01,,0,0,0,75.9,73.4,71.4,0.09,0.10,0.07
NHUD,2017-08-21 22:00:00 EDT,44.01310,-73.70516,981,65.7,66.9,65.7,88.0,62.1,0.000,0.000,0.00,0.000,1.4,1.8,0.1,247,7,1.6,2.3,0.2,244,10,1.4,1.8,0.1,247,7,0,29.01,,0,0,0,75.9,73.4,71.4,0.09,0.10,0.07
NHUD,2017-08-21 22:05:00 EDT,44.01310,-73.70516,981,64.9,66.3,64.9,88.2,61.3,0.000,0.000,0.00,0.000,1.2,2.1,0.5,233,12,1.3,2.5,0.5,230,13,1.2,2.1,0.5,233,12,0,29.01,,0,0,0,75.7,73.4,71.4,0.10,0.10,0.07
NHUD,2017-08-21 22:10:00 EDT,44.01310,-73.70516,981,64.1,65.9,64.1,89.1,60.9,0.000,0.000,0.00,0.000,0.2,0.7,0.2,227,1,0.6,1.2,0.4,221,9,0.2,0.7,0.2,227,1,0,29.01,,0,0,0,75.6,73.4,71.4,0.10,0.10,0.07
NHUD,2017-08-21 22:15:00 EDT,44.01310,-73.70516,981,63.7,65.5,63.7,90.4,60.8,0.000,0.000,0.00,0.000,0.7,2.2,0.7,128,14,1.1,2.3,0.6,127,19,0.7,2.2,0.7,128,14,0,29.01,,0,0,0,75.6,73.4,71.4,0.10,0.10,0.07
NHUD,2017-08-21 22:20:00 EDT,44.01310,-73.70516,981,63.4,64.3,63.4,91.5,60.9,0.000,0.000,0.00,0.000,1.4,2.3,0.4,148,16,1.6,2.9,0.5,146,14,1.4,2.3,0.4,148,16,0,29.00,,0,0,0,75.3,73.4,71.4,0.09,0.10,0.07
NHUD,2017-08-21 22:25:00 EDT,44.01310,-73.70516,981,63.5,64.0,63.5,92.2,61.2,0.000,0.000,0.00,0.000,1.0,2.8,0.6,196,29,1.2,3.2,0.6,196,29,1.0,2.8,0.6,196,29,0,29.00,,0,0,0,75.0,73.4,71.4,0.10,0.10,0.07
NHUD,2017-08-21 22:30:00 EDT,44.01310,-73.70516,981,63.6,63.9,63.6,92.7,61.5,0.000,0.000,0.00,0.000,2.5,3.9,0.6,243,12,2.6,4.2,0.7,242,14,2.5,3.9,0.6,243,12,0,29.00,,0,0,0,75.0,73.6,71.4,0.10,0.10,0.07
NHUD,2017-08-21 22:35:00 EDT,44.01310,-73.70516,981,63.8,64.2,63.8,92.5,61.6,0.000,0.000,0.00,0.000,1.4,2.6,0.7,244,11,1.5,2.8,0.8,245,13,1.4,2.6,0.7,244,11,0,29.00,,0,0,0,74.7,73.6,71.4,0.09,0.10,0.07
NHUD,2017-08-21 22:40:00 EDT,44.01310,-73.70516,981,63.0,63.7,63.0,92.4,60.8,0.000,0.000,0.00,0.000,0.8,1.8,0.6,142,15,1.2,2.1,0.6,141,21,0.8,1.8,0.6,142,15,0,29.00,,0,0,0,74.7,73.7,71.4,0.10,0.10,0.07
NHUD,2017-08-21 22:45:00 EDT,44.01310,-73.70516,981,62.6,63.1,62.6,93.3,60.6,0.000,0.000,0.00,0.000,0.8,2.1,0.7,147,41,0.9,2.2,0.7,151,41,0.8,2.1,0.7,147,41,0,29.00,,0,0,0,74.7,73.7,71.4,0.10,0.10,0.07
NHUD,2017-08-21 22:50:00 EDT,44.01310,-73.70516,981,62.7,63.3,62.7,93.9,61.0,0.000,0.000,0.00,0.000,0.4,1.6,0.5,146,4,0.8,1.6,0.5,155,18,0.4,1.6,0.5,146,4,0,29.00,,0,0,0,74.6,73.6,71.4,0.10,0.10,0.07
NHUD,2017-08-21 22:55:00 EDT,44.01310,-73.70516,981,63.0,63.6,63.0,94.1,61.2,0.000,0.000,0.00,0.000,0.1,0.8,0.2,204,3,0.4,1.3,0.5,192,17,0.1,0.8,0.2,204,3,0,29.00,,0,0,0,74.3,73.8,71.4,0.10,0.10,0.07
NHUD,2017-08-21 23:00:00 EDT,44.01310,-73.70516,981,62.9,63.4,62.9,94.0,61.2,0.000,0.000,0.00,0.000,0.1,0.7,0.2,148,11,0.3,1.4,0.5,159,16,0.1,0.7,0.2,148,11,0,29.00,,0,0,0,74.3,73.7,71.4,0.10,0.10,0.07
NHUD,2017-08-21 23:05:00 EDT,44.01310,-73.70516,981,63.0,63.4,63.0,93.8,61.2,0.000,0.000,0.00,0.000,0.3,1.3,0.5,313,6,0.8,1.6,0.5,312,12,0.3,1.3,0.5,313,6,0,29.00,,0,0,0,74.1,73.9,71.4,0.10,0.10,0.07
NHUD,2017-08-21 23:10:00 EDT,44.01310,-73.70516,981,63.6,63.8,63.6,93.7,61.7,0.000,0.000,0.00,0.000,1.1,2.2,0.7,19,30,1.5,3.3,0.9,17,30,1.1,2.2,0.7,19,30,0,29.01,,0,0,0,73.9,73.9,71.4,0.10,0.10,0.07
NHUD,2017-08-21 23:15:00 EDT,44.01310,-73.70516,981,62.5,63.4,62.5,92.8,60.3,0.000,0.000,0.00,0.000,1.2,1.9,0.5,116,35,1.6,2.4,0.4,110,37,1.2,1.9,0.5,116,35,0,29.01,,0,0,0,73.9,73.8,71.4,0.10,0.10,0.07
NHUD,2017-08-21 23:20:00 EDT,44.01310,-73.70516,981,62.1,63.3,62.1,93.5,60.3,0.000,0.000,0.00,0.000,0.9,1.3,0.3,165,32,1.3,1.7,0.2,161,33,0.9,1.3,0.3,165,32,0,29.01,,0,0,0,73.9,73.8,71.4,0.10,0.10,0.07
NHUD,2017-08-21 23:25:00 EDT,44.01310,-73.70516,981,62.2,62.9,62.2,94.1,60.5,0.000,0.000,0.00,0.000,1.4,3.4,0.8,233,16,1.6,3.8,0.8,229,17,1.4,3.4,0.8,233,16,0,29.01,,0,0,0,73.4,73.9,71.4,0.10,0.10,0.07
NHUD,2017-08-21 23:30:00 EDT,44.01310,-73.70516,981,62.6,63.0,62.6,94.4,61.0,0.000,0.000,0.00,0.000,0.5,1.7,0.6,234,13,0.8,1.8,0.6,238,21,0.5,1.7,0.6,234,13,0,29.01,,0,0,0,73.4,73.8,71.4,0.10,0.10,0.07
NHUD,2017-08-21 23:35:00 EDT,44.01310,-73.70516,981,62.3,62.5,62.3,94.1,60.6,0.000,0.000,0.00,0.000,0.9,1.6,0.5,191,30,1.3,1.9,0.4,184,33,0.9,1.6,0.5,191,30,0,29.01,,0,0,0,73.4,73.9,71.4,0.10,0.10,0.07
NHUD,2017-08-21 23:40:00 EDT,44.01310,-73.70516,981,61.7,61.9,61.7,93.8,59.9,0.000,0.000,0.00,0.000,1.0,2.0,0.6,207,10,1.3,2.5,0.5,208,11,1.0,2.0,0.6,207,10,0,29.01,,0,0,0,73.1,73.9,71.4,0.10,0.10,0.07
NHUD,2017-08-21 23:45:00 EDT,44.01310,-73.70516,981,61.9,62.3,61.9,94.8,60.4,0.000,0.000,0.00,0.000,2.8,4.5,0.8,237,8,2.9,4.9,0.9,236,8,2.8,4.5,0.8,237,8,0,29.01,,0,0,0,73.0,73.8,71.4,0.10,0.10,0.07
NHUD,2017-08-21 23:50:00 EDT,44.01310,-73.70516,981,62.2,62.7,62.2,94.6,60.6,0.000,0.000,0.00,0.000,0.9,2.0,0.6,214,5,1.1,2.1,0.6,212,10,0.9,2.0,0.6,214,5,0,29.01,,0,0,0,73.0,73.9,71.4,0.10,0.10,0.08
NHUD,2017-08-21 23:55:00 EDT,44.01310,-73.70516,981,61.7,61.9,61.7,94.0,59.9,0.000,0.000,0.00,0.000,0.7,2.0,0.7,127,14,1.1,1.9,0.5,134,28,0.7,2.0,0.7,127,14,0,29.01,,0,0,0,73.0,73.9,71.4,0.10,0.10,0.07
OLDF,2017-08-21 00:00:00 EDT,43.74157,-74.97786,1753,53.6,54.1,53.6,98.3,53.1,0.000,0.187,0.00,0.000,0.2,0.8,0.3,6,0,0.6,1.3,0.5,2,7,0.2,0.8,0.3,6,0,0,28.32,,,,,,,,,,
OLDF,2017-08-21 00:05:00 EDT,43.74157,-74.97786,1753,53.5,54.2,53.5,98.4,53.1,0.000,0.000,0.00,0.000,0.0,0.5,0.1,6,0,0.2,1.2,0.4,20,2,0.0,0.5,0.1,6,0,0,28.32,,,,,,,,,,
OLDF,2017-08-21 00:10:00 EDT,43.74157,-74.97786,1753,53.4,54.1,53.4,98.3,53.0,0.000,0.000,0.00,0.000,0.0,0.0,0.0,0,0,0.1,1.4,0.3,51,25,0.0,0.0,0.0,0,0,0,28.32,,,,,,,,,,
OLDF,2017-08-21 00:15:00 EDT,43.74157,-74.97786,1753,53.2,53.8,53.2,98.3,52.7,0.000,0.000,0.00,0.000,0.0,0.0,0.0,0,0,0.0,0.9,0.1,86,0,0.0,0.0,0.0,0,0,0,28.32,,,,,,,,,,
OLDF,2017-08-21 00:20:00 EDT,43.74157,-74.97786,1753,53.4,53.9,53.4,98.4,53.0,0.000,0.000,0.00,0.000,0.0,0.0,0.0,0,0,0.1,0.9,0.3,359,7,0.0,0.0,0.0,0,0,0,28.32,,,,,,,,,,
OLDF,2017-08-21 00:25:00 EDT,43.74157,-74.97786,1753,53.2,53.9,53.2,98.4,52.8,0.000,0.000,0.00,0.000,0.0,0.0,0.0,0,0,0.0,0.0,0.0,0,0,0.0,0.0,0.0,0,0,0,28.32,,,,,,,,,,
OLDF,2017-08-21 00:30:00 EDT,43.74157,-74.97786,1753,53.3,53.9,53.3,98.4,52.8,0.000,0.000,0.00,0.000,0.4,0.9,0.3,6,0,0.8,1.5,0.5,346,8,0.4,0.9,0.3,6,0,0,28.32,,,,,,,,,,
OLDF,2017-08-21 00:35:00 EDT,43.74157,-74.97786,1753,53.7,54.1,53.7,98.5,53.3,0.000,0.000,0.00,0.000,0.2,0.7,0.3,332,6,0.8,1.2,0.4,331,8,0.2,0.7,0.3,332,6,0,28.32,,,,,,,,,,
OLDF,2017-08-21 00:40:00 EDT,43.74157,-74.97786,1753,53.5,54.0,53.5,98.5,53.1,0.000,0.000,0.00,0.000,0.0,0.7,0.1,147,0,0.1,1.2,0.3,159,19,0.0,0.7,0.1,147,0,0,28.32,,,,,,,,,,
OLDF,2017-08-21 00:45:00 EDT,43.74157,-74.97786,1753,52.9,53.7,52.9,98.4,52.5,0.000,0.000,0.00,0.000,0.3,1.0,0.4,10,40,0.7,1.5,0.6,359,40,0.3,1.0,0.4,10,40,0,28.32,,,,,,,,,,
OLDF,2017-08-21 00:50:00 EDT,43.74157,-74.97786,1753,53.6,53.9,53.6,98.5,53.2,0.000,0.000,0.00,0.000,0.3,1.1,0.4,351,0,0.5,1.5,0.5,343,5,0.3,1.1,0.4,351,0,0,28.32,,,,,,,,,,
OLDF,2017-08-21 00:55:00 EDT,43.74157,-74.97786,1753,53.1,53.9,53.1,98.5,52.7,0.000,0.000,0.00,0.000,0.0,0.0,0.0,0,0,0.1,1.7,0.2,120,10,0.0,0.0,0.0,0,0,0,28.32,,,,,,,,,,
OLDF,2017-08-21 01:00:00 EDT,43.74157,-74.97786,1753,52.9,53.6,52.9,98.3,52.4,0.000,0.000,0.00,0.000,0.0,0.0,0.0,0,0,0.0,0.8,0.1,187,1,0.0,0.0,0.0,0,0,0,28.32,,,,,,,,,,
OLDF,2017-08-21 01:05:00 EDT,43.74157,-74.97786,1753,53.0,53.6,53.0,98.4,52.5,0.000,0.000,0.00,0.000,0.0,0.0,0.0,0,0,0.3,1.0,0.4,3,6,0.0,0.0,0.0,0,0,0,28.32,,,,,,,,,,
OLDF,2017-08-21 01:10:00 EDT,43.74157,-74.97786,1753,52.7,53.6,52.7,98.4,52.2,0.000,0.000,0.00,0.000,0.1,0.6,0.2,337,1,0.4,1.1,0.4,344,23,0.1,0.6,0.2,337,1,0,28.32,,,,,,,,,,
OLDF,2017-08-21 01:15:00 EDT,43.74157,-74.97786,1753,53.1,53.7,53.1,98.5,52.7,0.000,0.000,0.00,0.000,0.1,0.6,0.2,329,1,0.2,1.0,0.3,327,13,0.1,0.6,0.2,329,1,0,28.32,,,,,,,,,,
OLDF,2017-08-21 01:20:00 EDT,43.74157,-74.97786,1753,52.9,53.7,52.9,98.5,52.5,0.000,0.000,0.00,0.000,0.0,0.0,0.0,0,0,0.1,1.1,0.3,340,1,0.0,0.0,0.0,0,0,0,28.32,,,,,,,,,,
OLDF,2017-08-21 01:25:00 EDT,43.74157,-74.97786,1753,52.8,53.6,52.8,98.4,52.4,0.000,0.000,0.00,0.000,0.0,0.0,0.0,0,0,0.1,0.9,0.3,8,3,0.0,0.0,0.0,0,0,0,28.32,,,,,,,,,,
OLDF,2017-08-21 01:30:00 EDT,43.74157,-74.97786,1753,53.0,53.8,53.0,98.4,52.5,0.000,0.000,0.00,0.000,0.0,0.0,0.0,0,0,0.9,1.3,0.2,351,11,0.0,0.0,0.0,0,0,0,28.32,,,,,,,,,,
OLDF,2017-08-21 01:35:00 EDT,43.74157,-74.97786,1753,53.6,54.2,53.6,98.7,53.2,0.000,0.000,0.00,0.000,0.0,0.0,0.0,0,0,0.9,1.3,0.3,344,9,0.0,0.0,0.0,0,0,0,28.32,,,,,,,,,,
OLDF,2017-08-21 01:40:00 EDT,43.74157,-74.97786,1753,53.5,54.4,53.5,98.7,53.2,0.000,0.000,0.00,0.000,0.0,0.0,0.0,0,0,0.4,1.2,0.5,347,5,0.0,0.0,0.0,0,0,0,28.32,,,,,,,,,,
OLDF,2017-08-21 01:45:00 EDT,43.74157,-74.97786,1753,53.3,53.9,53.3,98.6,52.9,0.000,0.000,0.00,0.000,0.0,0.0,0.0,0,0,0.3,1.0,0.4,202,8,0.0,0.0,0.0,0,0,0,28.32,,,,,,,,,,
OLDF,2017-08-21 01:50:00 EDT,43.74157,-74.97786,1753,53.1,53.7,53.1,98.6,52.7,0.000,0.000,0.00,0.000,0.0,0.0,0.0,0,0,0.0,0.9,0.2,2,1,0.0,0.0,0.0,0,0,0,28.32,,,,,,,,,,
OLDF,2017-08-21 01:55:00 EDT,43.74157,-74.97786,1753,53.2,53.9,53.2,98.7,52.8,0.000,0.000,0.00,0.000,0.0,0.0,0.0,0,0,0.2,0.9,0.3,354,5,0.0,0.0,0.0,0,0,0,28.32,,,,,,,,,,
OLDF,2017-08-21 02:00:00 EDT,43.74157,-74.97786,1753,53.0,53.7,53.0,98.6,52.6,0.000,0.000,0.00,0.000,0.1,0.6,0.2,193,0,0.2,1.2,0.4,199,3,0.1,0.6,0.2,193,0,0,28.32,,,,,,,,,,
OLDF,2017-08-21 02:05:00 EDT,43.74157,-74.97786,1753,52.7,53.4,52.7,98.5,52.3,0.000,0.000,0.00,0.000,0.1,0.6,0.2,193,0,0.1,1.0,0.3,205,11,0.1,0.6,0.2,193,0,0,28.32,,,,,,,,,,
OLDF,2017-08-21 02:10:00 EDT,43.74157,-74.97786,1753,52.9,53.4,52.9,98.6,52.5,0.000,0.000,0.00,0.000,0.0,0.0,0.0,0,0,0.0,0.8,0.2,316,9,0.0,0.0,0.0,0,0,0,28.32,,,,,,,,,,
OLDF,2017-08-21 02:15:00 EDT,43.74157,-74.97786,1753,52.6,53.2,52.6,98.5,52.2,0.000,0.000,0.00,0.000,0.0,0.0,0.0,0,0,0.0,0.0,0.0,0,0,0.0,0.0,0.0,0,0,0,28.32,,,,,,,,,,
OLDF,2017-08-21 02:20:00 EDT,43.74157,-74.97786,1753,53.0,53.3,53.0,98.6,52.6,0.000,0.000,0.00,0.000,0.0,0.0,0.0,0,0,0.2,0.9,0.4,339,4,0.0,0.0,0.0,0,0,0,28.32,,,,,,,,,,
OLDF,2017-08-21 02:25:00 EDT,43.74157,-74.97786,1753,53.1,53.6,53.1,98.7,52.7,0.000,0.000,0.00,0.000,0.0,0.0,0.0,0,0,0.0,0.0,0.0,0,0,0.0,0.0,0.0,0,0,0,28.32,,,,,,,,,,
OLDF,2017-08-21 02:30:00 EDT,43.74157,-74.97786,1753,52.8,53.4,52.8,98.6,52.4,0.000,0.000,0.00,0.000,0.0,0.0,0.0,0,0,0.1,1.5,0.3,89,2,0.0,0.0,0.0,0,0,0,28.32,,,,,,,,,,
OLDF,2017-08-21 02:35:00 EDT,43.74157,-74.97786,1753,52.7,53.1,52.7,98.5,52.3,0.000,0.000,0.00,0.000,0.0,0.0,0.0,0,0,0.1,1.7,0.3,89,3,0.0,0.0,0.0,0,0,0,28.32,,,,,,,,,,
OLDF,2017-08-21 02:40:00 EDT,43.74157,-74.97786,1753,52.7,53.2,52.7,98.5,52.3,0.000,0.000,0.00,0.000,0.0,0.0,0.0,0,0,0.0,0.9,0.1,82,0,0.0,0.0,0.0,0,0,0,28.32,,,,,,,,,,
OLDF,2017-08-21 02:45:00 EDT,43.74157,-74.97786,1753,52.4,53.2,52.4,98.5,52.0,0.000,0.000,0.00,0.000,0.0,0.0,0.0,0,0,0.0,0.0,0.0,0,0,0.0,0.0,0.0,0,0,0,28.32,,,,,,,,,,
OLDF,2017-08-21 02:50:00 EDT,43.74157,-74.97786,1753,52.2,53.0,52.2,98.5,51.8,0.000,0.000,0.00,0.000,0.0,0.0,0.0,0,0,0.0,0.8,0.1,121,0,0.0,0.0,0.0,0,0,0,28.32,,,,,,,,,,
OLDF,2017-08-21 02:55:00 EDT,43.74157,-74.97786,1753,52.5,53.0,52.5,98.5,52.1,0.000,0.000,0.00,0.000,0.0,0.0,0.0,0,0,0.0,0.0,0.0,0,0,0.0,0.0,0.0,0,0,0,28.32,,,,,,,,,,
OLDF,2017-08-21 03:00:00 EDT,43.74157,-74.97786,1753,52.9,53.1,52.9,98.6,52.5,0.000,0.000,0.00,0.000,0.0,0.0,0.0,0,0,0.0,0.7,0.1,277,1,0.0,0.0,0.0,0,0,0,28.32,,,,,,,,,,
OLDF,2017-08-21 03:05:00 EDT,43.74157,-74.97786,1753,52.8,53.1,52.8,98.6,52.4,0.000,0.000,0.00,0.000,0.0,0.0,0.0,0,0,0.0,1.4,0.2,80,0,0.0,0.0,0.0,0,0,0,28.32,,,,,,,,,,
OLDF,2017-08-21 03:10:00 EDT,43.74157,-74.97786,1753,52.7,53.1,52.7,98.6,52.3,0.000,0.000,0.00,0.000,0.0,0.0,0.0,0,0,0.1,1.5,0.2,346,18,0.0,0.0,0.0,0,0,0,28.32,,,,,,,,,,
OLDF,2017-08-21 03:15:00 EDT,43.74157,-74.97786,1753,52.5,53.1,52.5,98.6,52.2,0.000,0.000,0.00,0.000,0.0,0.0,0.0,0,0,0.0,0.0,0.0,0,0,0.0,0.0,0.0,0,0,0,28.33,,,,,,,,,,
OLDF,2017-08-21 03:20:00 EDT,43.74157,-74.97786,1753,52.5,53.0,52.5,98.6,52.1,0.000,0.000,0.00,0.000,0.0,0.0,0.0,0,0,0.0,0.0,0.0,0,0,0.0,0.0,0.0,0,0,0,28.33,,,,,,,,,,
OLDF,2017-08-21 03:25:00 EDT,43.74157,-74.97786,1753,52.1,52.9,52.1,98.5,51.7,0.000,0.000,0.00,0.000,0.0,0.0,0.0,0,0,0.0,1.2,0.2,88,1,0.0,0.0,0.0,0,0,0,28.33,,,,,,,,,,
OLDF,2017-08-21 03:30:00 EDT,43.74157,-74.97786,1753,52.2,52.7,52.2,98.5,51.8,0.000,0.000,0.00,0.000,0.0,0.0,0.0,0,0,0.1,1.0,0.3,1,2,0.0,0.0,0.0,0,0,0,28.33,,,,,,,,,,
OLDF,2017-08-21 03:35:00 EDT,43.74157,-74.97786,1753,52.3,52.7,52.3,98.6,51.9,0.000,0.000,0.00,0.000,0.0,0.0,0.0,0,0,0.2,1.0,0.4,3,5,0.0,0.0,0.0,0,0,0,28.33,,,,,,,,,,
OLDF,2017-08-21 03:40:00 EDT,43.74157,-74.97786,1753,52.0,52.7,52.0,98.5,51.6,0.000,0.000,0.00,0.000,0.0,0.0,0.0,0,0,0.0,1.3,0.1,92,0,0.0,0.0,0.0,0,0,0,28.33,,,,,,,,,,
OLDF,2017-08-21 03:45:00 EDT,43.74157,-74.97786,1753,52.0,52.6,52.0,98.5,51.6,0.000,0.000,0.00,0.000,0.0,0.0,0.0,0,0,0.0,0.0,0.0,0,0,0.0,0.0,0.0,0,0,0,28.33,,,,,,,,,,
OLDF,2017-08-21 03:50:00 EDT,43.74157,-74.97786,1753,51.6,52.4,51.6,98.5,51.2,0.000,0.000,0.00,0.000,0.0,0.0,0.0,0,0,0.0,0.0,0.0,0,0,0.0,0.0,0.0,0,0,0,28.33,,,,,,,,,,
OLDF,2017-08-21 03:55:00 EDT,43.74157,-74.97786,1753,51.8,52.3,51.8,98.4,51.4,0.000,0.000,0.00,0.000,0.0,0.0,0.0,0,0,0.0,0.0,0.0,0,0,0.0,0.0,0.0,0,0,0,28.33,,,,,,,,,,
OLDF,2017-08-21 04:00:00 EDT,43.74157,-74.97786,1753,51.8,52.3,51.8,98.5,51.4,0.000,0.000,0.00,0.000,0.0,0.0,0.0,0,0,0.0,0.7,0.1,328,81,0.0,0.0,0.0,0,0,0,28.33,,,,,,,,,,
OLDF,2017-08-21 04:05:00 EDT,43.74157,-74.97786,1753,51.4,52.2,51.4,98.5,51.0,0.000,0.000,0.00,0.000,0.0,0.0,0.0,0,0,0.0,0.0,0.0,0,0,0.0,0.0,0.0,0,0,0,28.33,,,,,,,,,,
OLDF,2017-08-21 04:10:00 EDT,43.74157,-74.97786,1753,51.8,52.2,51.8,98.6,51.4,0.000,0.000,0.00,0.000,0.0,0.0,0.0,0,0,0.6,1.1,0.4,344,10,0.0,0.0,0.0,0,0,0,28.33,,,,,,,,,,
OLDF,2017-08-21 04:15:00 EDT,43.74157,-74.97786,1753,51.6,52.1,51.6,98.6,51.2,0.000,0.000,0.00,0.000,0.0,0.0,0.0,0,0,0.0,0.0,0.0,0,0,0.0,0.0,0.0,0,0,0,28.33,,,,,,,,,,
OLDF,2017-08-21 04:20:00 EDT,43.74157,-74.97786,1753,51.6,52.2,51.6,98.6,51.2,0.000,0.000,0.00,0.000,0.1,0.7,0.2,355,81,0.5,1.5,0.5,2,6,0.1,0.7,0.2,355,81,0,28.33,,,,,,,,,,
OLDF,2017-08-21 04:25:00 EDT,43.74157,-74.97786,1753,51.7,52.3,51.7,98.7,51.3,0.000,0.000,0.00,0.000,0.0,0.1,0.0,355,0,0.1,0.9,0.3,357,3,0.0,0.1,0.0,355,0,0,28.33,,,,,,,,,,
OLDF,2017-08-21 04:30:00 EDT,43.74157,-74.97786,1753,51.5,52.0,51.5,98.6,51.1,0.000,0.000,0.00,0.000,0.0,0.0,0.0,0,0,0.0,0.8,0.2,57,3,0.0,0.0,0.0,0,0,0,28.33,,,,,,,,,,
OLDF,2017-08-21 04:35:00 EDT,43.74157,-74.97786,1753,51.4,52.1,51.4,98.6,51.0,0.000,0.000,0.00,0.000,0.0,0.0,0.0,0,0,0.0,0.0,0.0,0,0,0.0,0.0,0.0,0,0,0,28.33,,,,,,,,,,
OLDF,2017-08-21 04:40:00 EDT,43.74157,-74.97786,1753,51.2,51.9,51.2,98.6,50.8,0.000,0.000,0.00,0.000,0.0,0.0,0.0,0,0,0.0,0.0,0.0,0,0,0.0,0.0,0.0,0,0,0,28.33,,,,,,,,,,
OLDF,2017-08-21 04:45:00 EDT,43.74157,-74.97786,1753,51.4,51.9,51.4,98.6,51.0,0.000,0.000,0.00,0.000,0.0,0.0,0.0,0,0,0.0,0.0,0.0,0,0,0.0,0.0,0.0,0,0,0,28.33,,,,,,,,,,
OLDF,2017-08-21 04:50:00 EDT,43.74157,-74.97786,1753,51.3,51.9,51.3,98.6,50.9,0.000,0.000,0.00,0.000,0.0,0.0,0.0,0,0,0.0,0.7,0.1,291,0,0.0,0.0,0.0,0,0,0,28.33,,,,,,,,,,
OLDF,2017-08-21 04:55:00 EDT,43.74157,-74.97786,1753,51.1,51.9,51.1,98.6,50.7,0.000,0.000,0.00,0.000,0.0,0.0,0.0,0,0,0.0,0.0,0.0,0,0,0.0,0.0,0.0,0,0,0,28.33,,,,,,,,,,
OLDF,2017-08-21 05:00:00 EDT,43.74157,-74.97786,1753,51.2,51.9,51.2,98.6,50.8,0.000,0.000,0.00,0.000,0.0,0.0,0.0,0,0,0.0,0.0,0.0,0,0,0.0,0.0,0.0,0,0,0,28.33,,,,,,,,,,
OLDF,2017-08-21 05:05:00 EDT,43.74157,-74.97786,1753,51.2,51.9,51.2,98.6,50.8,0.000,0.000,0.00,0.000,0.0,0.0,0.0,0,0,0.0,0.8,0.2,343,1,0.0,0.0,0.0,0,0,0,28.33,,,,,,,,,,
OLDF,2017-08-21 05:10:00 EDT,43.74157,-74.97786,1753,51.1,51.8,51.1,98.6,50.7,0.000,0.000,0.00,0.000,0.0,0.0,0.0,0,0,0.0,0.8,0.1,19,2,0.0,0.0,0.0,0,0,0,28.33,,,,,,,,,,
OLDF,2017-08-21 05:15:00 EDT,43.74157,-74.97786,1753,50.9,51.6,50.9,98.6,50.5,0.000,0.000,0.00,0.000,0.0,0.0,0.0,0,0,0.0,0.0,0.0,0,0,0.0,0.0,0.0,0,0,0,28.33,,,,,,,,,,
OLDF,2017-08-21 05:20:00 EDT,43.74157,-74.97786,1753,50.8,51.6,50.8,98.5,50.4,0.000,0.000,0.00,0.000,0.0,0.0,0.0,0,0,0.0,0.0,0.0,0,0,0.0,0.0,0.0,0,0,0,28.33,,,,,,,,,,
OLDF,2017-08-21 05:25:00 EDT,43.74157,-74.97786,1753,50.9,51.5,50.9,98.6,50.5,0.000,0.000,0.00,0.000,0.0,0.0,0.0,0,0,0.0,0.0,0.0,0,0,0.0,0.0,0.0,0,0,0,28.33,,,,,,,,,,
OLDF,2017-08-21 05:30:00 EDT,43.74157,-74.97786,1753,50.8,51.5,50.8,98.6,50.4,0.000,0.000,0.00,0.000,0.0,0.0,0.0,0,0,0.0,1.5,0.2,89,0,0.0,0.0,0.0,0,0,0,28.33,,,,,,,,,,
OLDF,2017-08-21 05:35:00 EDT,43.74157,-74.97786,1753,50.8,51.4,50.8,98.6,50.5,0.000,0.000,0.00,0.000,0.0,0.0,0.0,0,0,0.0,0.0,0.0,0,0,0.0,0.0,0.0,0,0,0,28.33,,,,,,,,,,
OLDF,2017-08-21 05:40:00 EDT,43.74157,-74.97786,1753,50.7,51.4,50.7,98.6,50.3,0.000,0.000,0.00,0.000,0.0,0.0,0.0,0,0,0.0,0.0,0.0,0,0,0.0,0.0,0.0,0,0,0,28.34,,,,,,,,,,
OLDF,2017-08-21 05:45:00 EDT,43.74157,-74.97786,1753,50.6,51.4,50.6,98.6,50.3,0.000,0.000,0.00,0.000,0.0,0.0,0.0,0,0,0.0,0.7,0.1,34,1,0.0,0.0,0.0,0,0,0,28.34,,,,,,,,,,
OLDF,2017-08-21 05:50:00 EDT,43.74157,-74.97786,1753,50.7,51.5,50.7,98.6,50.3,0.000,0.000,0.00,0.000,0.0,0.0,0.0,0,0,0.1,1.0,0.3,337,2,0.0,0.0,0.0,0,0,0,28.34,,,,,,,,,,
OLDF,2017-08-21 05:55:00 EDT,43.74157,-74.97786,1753,50.9,51.6,50.9,98.7,50.6,0.000,0.000,0.00,0.000,0.0,0.0,0.0,0,0,0.0,0.0,0.0,0,0,0.0,0.0,0.0,0,0,0,28.34,,,,,,,,,,
OLDF,2017-08-21 06:00:00 EDT,43.74157,-74.97786,1753,50.9,51.5,50.9,98.7,50.5,0.000,0.000,0.00,0.000,0.0,0.0,0.0,0,0,0.2,1.3,0.4,355,5,0.0,0.0,0.0,0,0,1,28.34,,,,,,,,,,
OLDF,2017-08-21 06:05:00 EDT,43.74157,-74.97786,1753,50.9,51.6,50.9,98.7,50.5,0.000,0.000,0.00,0.000,0.0,0.0,0.0,0,0,0.2,1.0,0.4,3,12,0.0,0.0,0.0,0,0,4,28.34,,,,,,,,,,
OLDF,2017-08-21 06:10:00 EDT,43.74157,-74.97786,1753,50.9,51.6,50.9,98.7,50.5,0.000,0.000,0.00,0.000,0.0,0.0,0.0,0,0,0.0,0.0,0.0,0,0,0.0,0.0,0.0,0,0,3,28.34,,,,,,,,,,
OLDF,2017-08-21 06:15:00 EDT,43.74157,-74.97786,1753,50.8,51.5,50.8,98.7,50.5,0.000,0.000,0.00,0.000,0.0,0.0,0.0,0,0,0.0,0.0,0.0,0,0,0.0,0.0,0.0,0,0,2,28.33,,,,,,,,,,
OLDF,2017-08-21 06:20:00 EDT,43.74157,-74.97786,1753,51.0,51.4,51.0,98.7,50.6,0.000,0.000,0.00,0.000,0.0,0.0,0.0,0,0,0.0,0.0,0.0,0,0,0.0,0.0,0.0,0,0,3,28.33,,,,,,,,,,
OLDF,2017-08-21 06:25:00 EDT,43.74157,-74.97786,1753,50.9,51.4,50.9,98.7,50.5,0.000,0.000,0.00,0.000,0.0,0.0,0.0,0,0,0.0,1.5,0.2,89,0,0.0,0.0,0.0,0,0,6,28.33,,,,,,,,,,
OLDF,2017-08-21 06:30:00 EDT,43.74157,-74.97786,1753,51.0,51.3,51.0,98.7,50.6,0.000,0.000,0.00,0.000,0.0,0.0,0.0,0,0,0.0,1.5,0.2,135,8,0.0,0.0,0.0,0,0,9,28.33,,,,,,,,,,
OLDF,2017-08-21 06:35:00 EDT,43.74157,-74.97786,1753,51.1,51.3,51.1,98.7,50.7,0.000,0.000,0.00,0.000,0.0,0.0,0.0,0,0,0.0,0.8,0.2,277,0,0.0,0.0,0.0,0,0,13,28.33,,,,,,,,,,
OLDF,2017-08-21 06:40:00 EDT,43.74157,-74.97786,1753,50.8,51.3,50.8,98.7,50.5,0.000,0.000,0.00,0.000,0.0,0.0,0.0,0,0,0.0,0.0,0.0,0,0,0.0,0.0,0.0,0,0,17,28.33,,,,,,,,,,
OLDF,2017-08-21 06:45:00 EDT,43.74157,-74.97786,1753,50.9,51.3,50.9,98.7,50.6,0.000,0.000,0.00,0.000,0.0,0.0,0.0,0,0,0.0,0.8,0.2,281,1,0.0,0.0,0.0,0,0,24,28.33,,,,,,,,,,
OLDF,2017-08-21 06:50:00 EDT,43.74157,-74.97786,1753,50.9,51.2,50.9,98.7,50.6,0.000,0.000,0.00,0.000,0.0,0.0,0.0,0,0,0.0,1.2,0.1,89,0,0.0,0.0,0.0,0,0,31,28.33,,,,,,,,,,
OLDF,2017-08-21 06:55:00 EDT,43.74157,-74.97786,1753,51.2,51.3,51.2,98.7,50.8,0.000,0.000,0.00,0.000,0.0,0.0,0.0,0,0,0.0,1.0,0.1,89,0,0.0,0.0,0.0,0,0,35,28.34,,,,,,,,,,
OLDF,2017-08-21 07:00:00 EDT,43.74157,-74.97786,1753,51.4,51.5,51.4,98.7,51.0,0.000,0.000,0.00,0.000,0.0,0.0,0.0,0,0,0.0,1.6,0.2,89,0,0.0,0.0,0.0,0,0,39,28.34,,,,,,,,,,
OLDF,2017-08-21 07:05:00 EDT,43.74157,-74.97786,1753,51.7,51.7,51.7,98.8,51.3,0.000,0.000,0.00,0.000,0.0,0.0,0.0,0,0,0.0,0.0,0.0,0,0,0.0,0.0,0.0,0,0,45,28.34,,,,,,,,,,
OLDF,2017-08-21 07:10:00 EDT,43.74157,-74.97786,1753,51.9,52.0,51.9,98.7,51.5,0.000,0.000,0.00,0.000,0.0,0.0,0.0,0,0,0.0,0.0,0.0,0,0,0.0,0.0,0.0,0,0,52,28.34,,,,,,,,,,
OLDF,2017-08-21 07:15:00 EDT,43.74157,-74.97786,1753,52.0,52.2,52.0,98.7,51.7,0.000,0.000,0.00,0.000,0.0,0.0,0.0,0,0,0.0,1.2,0.1,89,0,0.0,0.0,0.0,0,0,54,28.34,,,,,,,,,,
OLDF,2017-08-21 07:20:00 EDT,43.74157,-74.97786,1753,52.3,52.3,52.3,98.7,52.0,0.000,0.000,0.00,0.000,0.0,0.0,0.0,0,0,0.0,1.6,0.3,94,0,0.0,0.0,0.0,0,0,53,28.34,,,,,,,,,,
OLDF,2017-08-21 07:25:00 EDT,43.74157,-74.97786,1753,52.4,52.6,52.4,98.7,52.1,0.000,0.000,0.00,0.000,0.0,0.0,0.0,0,0,0.1,1.5,0.3,86,1,0.0,0.0,0.0,0,0,48,28.34,,,,,,,,,,
OLDF,2017-08-21 07:30:00 EDT,43.74157,-74.97786,1753,52.7,52.9,52.7,98.7,52.4,0.000,0.000,0.00,0.000,0.0,0.0,0.0,0,0,0.0,0.0,0.0,0,0,0.0,0.0,0.0,0,0,45,28.34,,,,,,,,,,
OLDF,2017-08-21 07:35:00 EDT,43.74157,-74.97786,1753,53.0,53.1,53.0,98.7,52.6,0.000,0.000,0.00,0.000,0.0,0.0,0.0,0,0,0.1,1.6,0.3,88,1,0.0,0.0,0.0,0,0,51,28.34,,,,,,,,,,
OLDF,2017-08-21 07:40:00 EDT,43.74157,-74.97786,1753,53.1,53.4,53.1,98.7,52.8,0.000,0.000,0.00,0.000,0.0,0.0,0.0,0,0,0.1,1.4,0.3,79,0,0.0,0.0,0.0,0,0,60,28.34,,,,,,,,,,
OLDF,2017-08-21 07:45:00 EDT,43.74157,-74.97786,1753,53.5,54.0,53.5,98.7,53.1,0.000,0.000,0.00,0.000,0.0,0.0,0.0,0,0,0.0,1.3,0.2,108,2,0.0,0.0,0.0,0,0,86,28.34,,,,,,,,,,
OLDF,2017-08-21 07:50:00 EDT,43.74157,-74.97786,1753,54.0,54.8,54.0,98.7,53.6,0.000,0.000,0.00,0.000,0.0,0.0,0.0,0,0,0.2,2.0,0.4,111,8,0.0,0.0,0.0,0,0,115,28.34,,,,,,,,,,
OLDF,2017-08-21 07:55:00 EDT,43.74157,-74.97786,1753,54.4,55.3,54.4,98.7,54.0,0.000,0.000,0.00,0.000,0.0,0.0,0.0,0,0,0.5,1.2,0.5,167,11,0.0,0.0,0.0,0,0,137,28.34,,,,,,,,,,
OLDF,2017-08-21 08:00:00 EDT,43.74157,-74.97786,1753,54.8,55.6,54.8,98.6,54.5,0.000,0.000,0.00,0.000,0.0,0.0,0.0,0,0,0.1,1.8,0.3,146,12,0.0,0.0,0.0,0,0,179,28.34,,,,,,,,,,
OLDF,2017-08-21 08:05:00 EDT,43.74157,-74.97786,1753,55.1,56.5,55.1,98.4,54.7,0.000,0.000,0.00,0.000,0.0,0.0,0.0,0,0,0.1,0.9,0.2,194,2,0.0,0.0,0.0,0,0,172,28.34,,,,,,,,,,
OLDF,2017-08-21 08:10:00 EDT,43.74157,-74.97786,1753,55.2,56.8,55.2,97.6,54.5,0.000,0.000,0.00,0.000,0.0,0.0,0.0,0,0,0.1,1.2,0.3,25,2,0.0,0.0,0.0,0,0,194,28.33,,,,,,,,,,
OLDF,2017-08-21 08:15:00 EDT,43.74157,-74.97786,1753,55.7,57.0,55.7,96.8,54.8,0.000,0.000,0.00,0.000,0.0,0.0,0.0,0,0,0.0,0.9,0.2,206,1,0.0,0.0,0.0,0,0,261,28.33,,,,,,,,,,
OLDF,2017-08-21 08:20:00 EDT,43.74157,-74.97786,1753,56.7,57.4,56.7,96.5,55.8,0.000,0.000,0.00,0.000,0.0,0.0,0.0,0,0,0.4,1.2,0.4,189,8,0.0,0.0,0.0,0,0,214,28.33,,,,,,,,,,
OLDF,2017-08-21 08:25:00 EDT,43.74157,-74.97786,1753,56.5,58.0,56.5,94.5,54.9,0.000,0.000,0.00,0.000,0.0,0.0,0.0,0,0,0.0,0.8,0.1,199,1,0.0,0.0,0.0,0,0,96,28.33,,,,,,,,,,
OLDF,2017-08-21 08:30:00 EDT,43.74157,-74.97786,1753,56.9,57.7,56.9,94.4,55.3,0.000,0.000,0.00,0.000,0.0,0.0,0.0,0,0,0.6,1.4,0.5,185,16,0.0,0.0,0.0,0,0,83,28.33,,,,,,,,,,
OLDF,2017-08-21 08:35:00 EDT,43.74157,-74.97786,1753,57.2,58.3,57.2,95.2,55.9,0.000,0.000,0.00,0.000,0.0,0.0,0.0,0,0,0.1,1.1,0.3,350,6,0.0,0.0,0.0,0,0,262,28.33,,,,,,,,,,
OLDF,2017-08-21 08:40:00 EDT,43.74157,-74.97786,1753,58.2,59.8,58.2,94.8,56.7,0.000,0.000,0.00,0.000,0.0,0.0,0.0,0,0,0.1,1.3,0.3,5,1,0.0,0.0,0.0,0,0,354,28.33,,,,,,,,,,
OLDF,2017-08-21 08:45:00 EDT,43.74157,-74.97786,1753,59.5,61.2,59.5,92.6,57.3,0.000,0.000,0.00,0.000,0.0,0.0,0.0,0,0,0.1,1.0,0.2,145,13,0.0,0.0,0.0,0,0,328,28.33,,,,,,,,,,
OLDF,2017-08-21 08:50:00 EDT,43.74157,-74.97786,1753,60.2,61.6,60.2,91.3,57.7,0.000,0.000,0.00,0.000,0.7,2.0,0.6,151,9,0.9,2.3,0.7,149,12,0.7,2.0,0.6,151,9,363,28.33,,,,,,,,,,
OLDF,2017-08-21 08:55:00 EDT,43.74157,-74.97786,1753,61.3,62.4,61.3,90.4,58.5,0.000,0.000,0.00,0.000,1.0,1.8,0.4,142,14,1.3,2.4,0.4,137,17,1.0,1.8,0.4,142,14,367,28.33,,,,,,,,,,
OLDF,2017-08-21 09:00:00 EDT,43.74157,-74.97786,1753,62.9,63.3,62.9,89.3,59.7,0.000,0.000,0.00,0.000,1.0,2.5,0.5,153,17,1.2,3.6,0.6,146,17,1.0,2.5,0.5,153,17,391,28.33,,,,,,,,,,
OLDF,2017-08-21 09:05:00 EDT,43.74157,-74.97786,1753,64.0,63.9,64.0,86.4,59.9,0.000,0.000,0.00,0.000,1.0,4.2,1.1,142,21,1.4,5.2,1.2,139,26,1.0,4.2,1.1,142,21,418,28.33,,,,,,,,,,
OLDF,2017-08-21 09:10:00 EDT,43.74157,-74.97786,1753,64.8,64.8,64.8,85.6,60.4,0.000,0.000,0.00,0.000,1.5,3.9,0.9,169,26,1.9,5.2,1.0,163,29,1.5,3.9,0.9,169,26,415,28.33,,,,,,,,,,
OLDF,2017-08-21 09:15:00 EDT,43.74157,-74.97786,1753,65.8,65.6,65.8,84.2,60.9,0.000,0.000,0.00,0.000,1.4,4.1,0.9,149,41,1.8,4.7,1.0,141,40,1.4,4.1,0.9,149,41,437,28.33,,,,,,,,,,
OLDF,2017-08-21 09:20:00 EDT,43.74157,-74.97786,1753,65.8,66.0,65.8,84.0,60.8,0.000,0.000,0.00,0.000,0.9,2.5,0.7,199,42,1.5,4.7,0.9,191,53,0.9,2.5,0.7,199,42,312,28.33,,,,,,,,,,
OLDF,2017-08-21 09:25:00 EDT,43.74157,-74.97786,1753,66.2,66.1,66.2,82.6,60.7,0.000,0.000,0.00,0.000,1.4,4.1,1.1,169,28,2.0,5.5,1.5,162,32,1.4,4.1,1.1,169,28,426,28.33,,,,,,,,,,
OLDF,2017-08-21 09:30:00 EDT,43.74157,-74.97786,1753,66.9,66.9,66.9,81.0,60.9,0.000,0.000,0.00,0.000,0.9,2.0,0.6,184,38,1.4,3.0,0.8,166,47,0.9,2.0,0.6,184,38,468,28.33,,,,,,,,,,
OLDF,2017-08-21 09:35:00 EDT,43.74157,-74.97786,1753,67.2,67.6,67.2,79.6,60.6,0.000,0.000,0.00,0.000,1.7,4.5,1.2,170,31,2.3,5.7,1.2,165,32,1.7,4.5,1.2,170,31,492,28.33,,,,,,,,,,
OLDF,2017-08-21 09:40:00 EDT,43.74157,-74.97786,1753,68.1,68.2,68.1,75.8,60.2,0.000,0.000,0.00,0.000,2.5,5.7,1.3,184,34,3.1,7.2,1.5,178,37,2.5,5.7,1.3,184,34,512,28.33,,,,,,,,,,
OLDF,2017-08-21 09:45:00 EDT,43.74157,-74.97786,1753,68.7,68.6,68.7,74.3,60.2,0.000,0.000,0.00,0.000,2.6,7.0,2.0,181,31,3.3,9.6,2.0,176,35,2.6,7.0,2.0,181,31,537,28.33,,,,,,,,,,
OLDF,2017-08-21 09:50:00 EDT,43.74157,-74.97786,1753,69.2,69.2,69.2,74.1,60.6,0.000,0.000,0.00,0.000,1.9,5.3,1.2,174,39,2.4,6.4,1.3,172,37,1.9,5.3,1.2,174,39,472,28.33,,,,,,,,,,
OLDF,2017-08-21 09:55:00 EDT,43.74157,-74.97786,1753,69.2,69.0,69.2,71.4,59.6,0.000,0.000,0.00,0.000,2.2,6.0,1.4,185,38,2.6,7.5,1.5,182,47,2.2,6.0,1.4,185,38,402,28.33,,,,,,,,,,
OLDF,2017-08-21 10:00:00 EDT,43.74157,-74.97786,1753,69.7,69.6,69.7,69.9,59.5,0.000,0.000,0.00,0.000,1.7,4.1,0.9,204,48,2.4,4.7,1.0,199,50,1.7,4.1,0.9,204,48,479,28.33,,,,,,,,,,
OLDF,2017-08-21 10:05:00 EDT,43.74157,-74.97786,1753,69.8,69.6,69.8,70.6,59.8,0.000,0.000,0.00,0.000,2.3,8.0,2.0,177,35,2.9,10.4,2.1,171,46,2.3,8.0,2.0,177,35,469,28.33,,,,,,,,,,
OLDF,2017-08-21 10:10:00 EDT,43.74157,-74.97786,1753,70.0,70.0,70.0,69.7,59.6,0.000,0.000,0.00,0.000,2.0,4.5,1.1,213,34,2.6,6.7,1.3,212,36,2.0,4.5,1.1,213,34,516,28.33,,,,,,,,,,
OLDF,2017-08-21 10:15:00 EDT,43.74157,-74.97786,1753,71.1,70.9,71.1,66.7,59.5,0.000,0.000,0.00,0.000,2.3,4.9,1.0,231,36,2.8,6.1,1.2,228,35,2.3,4.9,1.0,231,36,573,28.33,,,,,,,,,,
OLDF,2017-08-21 10:20:00 EDT,43.74157,-74.97786,1753,71.8,71.3,71.8,65.5,59.6,0.000,0.000,0.00,0.000,1.9,5.2,1.1,229,42,2.5,7.1,1.2,230,43,1.9,5.2,1.1,229,42,603,28.33,,,,,,,,,,
OLDF,2017-08-21 10:25:00 EDT,43.74157,-74.97786,1753,71.8,71.4,71.8,63.3,58.6,0.000,0.000,0.00,0.000,2.3,8.3,1.8,223,31,3.2,9.6,1.9,217,33,2.3,8.3,1.8,223,31,609,28.33,,,,,,,,,,
OLDF,2017-08-21 10:30:00 EDT,43.74157,-74.97786,1753,71.7,71.5,71.7,64.8,59.3,0.000,0.000,0.00,0.000,1.9,6.3,1.6,233,46,2.7,7.8,1.6,238,46,1.9,6.3,1.6,233,46,598,28.33,,,,,,,,,,
OLDF,2017-08-21 10:35:00 EDT,43.74157,-74.97786,1753,72.5,71.9,72.5,64.0,59.6,0.000,0.000,0.00,0.000,2.5,6.4,1.6,167,33,3.1,7.7,1.8,166,34,2.5,6.4,1.6,167,33,613,28.33,,,,,,,,,,
OLDF,2017-08-21 10:40:00 EDT,43.74157,-74.97786,1753,72.5,72.1,72.5,64.2,59.7,0.000,0.000,0.00,0.000,2.2,5.3,1.2,202,53,2.8,7.4,1.5,198,54,2.2,5.3,1.2,202,53,628,28.33,,,,,,,,,,
OLDF,2017-08-21 10:45:00 EDT,43.74157,-74.97786,1753,73.0,72.4,73.0,66.2,61.1,0.000,0.000,0.00,0.000,2.1,5.1,1.3,191,44,2.8,6.9,1.4,188,50,2.1,5.1,1.3,191,44,637,28.33,,,,,,,,,,
OLDF,2017-08-21 10:50:00 EDT,43.74157,-74.97786,1753,73.2,72.8,73.2,63.5,60.1,0.000,0.000,0.00,0.000,3.2,7.4,1.9,188,35,4.0,9.6,2.2,185,32,3.2,7.4,1.9,188,35,645,28.33,,,,,,,,,,
OLDF,2017-08-21 10:55:00 EDT,43.74157,-74.97786,1753,73.9,73.1,73.9,64.3,61.1,0.000,0.000,0.00,0.000,2.0,6.1,1.7,174,40,2.8,8.0,2.0,175,46,2.0,6.1,1.7,174,40,648,28.33,,,,,,,,,,
OLDF,2017-08-21 11:00:00 EDT,43.74157,-74.97786,1753,74.4,73.5,74.4,62.6,60.8,0.000,0.000,0.00,0.000,2.7,6.9,1.6,179,47,3.3,7.9,1.8,174,45,2.7,6.9,1.6,179,47,655,28.32,,,,,,,,,,
OLDF,2017-08-21 11:05:00 EDT,43.74157,-74.97786,1753,74.4,73.9,74.4,64.3,61.6,0.000,0.000,0.00,0.000,2.1,9.4,1.9,187,51,3.1,10.9,2.1,184,55,2.1,9.4,1.9,187,51,661,28.32,,,,,,,,,,
OLDF,2017-08-21 11:10:00 EDT,43.74157,-74.97786,1753,74.2,73.8,74.2,58.5,58.7,0.000,0.000,0.00,0.000,2.7,8.8,1.5,187,46,3.4,8.6,1.5,183,44,2.7,8.8,1.5,187,46,668,28.32,,,,,,,,,,
OLDF,2017-08-21 11:15:00 EDT,43.74157,-74.97786,1753,75.0,74.8,75.0,59.1,59.8,0.000,0.000,0.00,0.000,1.4,5.3,1.2,244,39,2.3,6.7,1.5,244,42,1.4,5.3,1.2,244,39,672,28.32,,,,,,,,,,
OLDF,2017-08-21 11:20:00 EDT,43.74157,-74.97786,1753,75.2,74.7,75.2,55.5,58.2,0.000,0.000,0.00,0.000,3.4,6.4,1.2,241,36,3.9,7.3,1.5,242,35,3.4,6.4,1.2,241,36,679,28.32,,,,,,,,,,
OLDF,2017-08-21 11:25:00 EDT,43.74157,-74.97786,1753,75.3,74.7,75.3,54.9,58.0,0.000,0.000,0.00,0.000,3.1,7.1,1.5,222,42,4.0,10.3,1.9,225,39,3.1,7.1,1.5,222,42,688,28.32,,,,,,,,,,
OLDF,2017-08-21 11:30:00 EDT,43.74157,-74.97786,1753,75.7,75.1,75.7,53.4,57.6,0.000,0.000,0.00,0.000,3.4,10.6,2.5,237,39,4.6,12.4,2.8,231,40,3.4,10.6,2.5,237,39,694,28.31,,,,,,,,,,
OLDF,2017-08-21 11:35:00 EDT,43.74157,-74.97786,1753,76.2,75.3,76.2,54.2,58.5,0.000,0.000,0.00,0.000,3.2,8.9,2.1,202,34,3.9,10.7,2.3,199,37,3.2,8.9,2.1,202,34,706,28.31,,,,,,,,,,
OLDF,2017-08-21 11:40:00 EDT,43.74157,-74.97786,1753,76.1,75.3,76.1,51.3,56.8,0.000,0.000,0.00,0.000,3.7,7.4,1.8,217,38,4.6,10.4,1.9,212,36,3.7,7.4,1.8,217,38,716,28.31,,,,,,,,,,
OLDF,2017-08-21 11:45:00 EDT,43.74157,-74.97786,1753,76.6,75.7,76.6,52.9,58.2,0.000,0.000,0.00,0.000,2.5,6.8,1.6,205,37,3.4,8.7,1.7,200,35,2.5,6.8,1.6,205,37,721,28.31,,,,,,,,,,
OLDF,2017-08-21 11:50:00 EDT,43.74157,-74.97786,1753,77.1,76.1,77.1,53.3,58.9,0.000,0.000,0.00,0.000,2.2,6.4,1.6,239,57,2.9,7.8,1.9,237,60,2.2,6.4,1.6,239,57,726,28.31,,,,,,,,,,
OLDF,2017-08-21 11:55:00 EDT,43.74157,-74.97786,1753,76.3,75.8,76.3,50.8,56.8,0.000,0.000,0.00,0.000,3.4,9.1,1.7,246,34,4.2,11.7,1.9,249,35,3.4,9.1,1.7,246,34,731,28.31,,,,,,,,,,
OLDF,2017-08-21 12:00:00 EDT,43.74157,-74.97786,1753,76.7,76.2,76.7,53.7,58.6,0.000,0.000,0.00,0.000,2.4,6.7,1.6,198,50,3.3,9.8,1.9,194,49,2.4,6.7,1.6,198,50,735,28.30,,,,,,,,,,
OLDF,2017-08-21 12:05:00 EDT,43.74157,-74.97786,1753,77.1,76.3,77.1,51.3,57.8,0.000,0.000,0.00,0.000,3.4,11.3,2.3,211,45,4.4,14.6,2.5,210,47,3.4,11.3,2.3,211,45,740,28.30,,,,,,,,,,
OLDF,2017-08-21 12:10:00 EDT,43.74157,-74.97786,1753,77.0,76.0,77.0,51.7,57.9,0.000,0.000,0.00,0.000,2.9,8.3,1.8,195,38,3.6,9.9,1.9,194,37,2.9,8.3,1.8,195,38,746,28.30,,,,,,,,,,
OLDF,2017-08-21 12:15:00 EDT,43.74157,-74.97786,1753,77.4,76.4,77.4,53.8,59.3,0.000,0.000,0.00,0.000,2.1,7.2,2.0,255,42,3.0,8.9,2.1,255,47,2.1,7.2,2.0,255,42,749,28.30,,,,,,,,,,
OLDF,2017-08-21 12:20:00 EDT,43.74157,-74.97786,1753,77.1,76.5,77.1,53.1,58.7,0.000,0.000,0.00,0.000,1.7,7.0,1.8,219,49,2.5,8.1,1.9,227,52,1.7,7.0,1.8,219,49,751,28.30,,,,,,,,,,
OLDF,2017-08-21 12:25:00 EDT,43.74157,-74.97786,1753,77.7,76.9,77.7,51.7,58.5,0.000,0.000,0.00,0.000,3.1,9.4,2.1,180,41,3.9,10.5,2.1,176,44,3.1,9.4,2.1,180,41,757,28.30,,,,,,,,,,
OLDF,2017-08-21 12:30:00 EDT,43.74157,-74.97786,1753,77.5,76.8,77.5,52.5,58.8,0.000,0.000,0.00,0.000,2.3,8.8,1.6,194,47,2.8,11.4,1.8,193,50,2.3,8.8,1.6,194,47,756,28.30,,,,,,,,,,
OLDF,2017-08-21 12:35:00 EDT,43.74157,-74.97786,1753,77.6,76.8,77.6,51.0,58.0,0.000,0.000,0.00,0.000,3.1,8.6,2.2,189,44,4.0,10.9,2.4,185,48,3.1,8.6,2.2,189,44,757,28.30,,,,,,,,,,
OLDF,2017-08-21 12:40:00 EDT,43.74157,-74.97786,1753,78.0,77.1,78.0,50.9,58.3,0.000,0.000,0.00,0.000,2.5,5.6,1.2,194,48,3.0,6.2,1.3,192,57,2.5,5.6,1.2,194,48,756,28.30,,,,,,,,,,
OLDF,2017-08-21 12:45:00 EDT,43.74157,-74.97786,1753,77.5,77.0,77.5,53.3,59.2,0.000,0.000,0.00,0.000,2.9,9.0,1.9,205,43,3.7,10.4,2.2,203,46,2.9,9.0,1.9,205,43,754,28.30,,,,,,,,,,
OLDF,2017-08-21 12:50:00 EDT,43.74157,-74.97786,1753,77.9,76.9,77.9,51.9,58.8,0.000,0.000,0.00,0.000,3.1,8.0,1.8,210,44,3.7,10.1,2.0,204,47,3.1,8.0,1.8,210,44,751,28.30,,,,,,,,,,
OLDF,2017-08-21 12:55:00 EDT,43.74157,-74.97786,1753,77.9,77.1,77.9,54.2,60.0,0.000,0.000,0.00,0.000,2.5,8.4,1.6,183,42,3.0,8.9,1.9,176,40,2.5,8.4,1.6,183,42,748,28.29,,,,,,,,,,
OLDF,2017-08-21 13:00:00 EDT,43.74157,-74.97786,1753,78.1,77.4,78.1,54.0,60.1,0.000,0.000,0.00,0.000,2.9,7.0,1.7,250,44,3.9,9.5,2.0,251,45,2.9,7.0,1.7,250,44,751,28.29,,,,,,,,,,
OLDF,2017-08-21 13:05:00 EDT,43.74157,-74.97786,1753,78.4,77.5,78.4,54.7,60.7,0.000,0.000,0.00,0.000,1.7,7.9,1.7,239,45,2.3,9.8,1.8,233,50,1.7,7.9,1.7,239,45,750,28.29,,,,,,,,,,
OLDF,2017-08-21 13:10:00 EDT,43.74157,-74.97786,1753,78.4,77.5,78.4,51.2,58.9,0.000,0.000,0.00,0.000,2.6,7.5,1.9,216,47,3.8,10.0,2.0,214,51,2.6,7.5,1.9,216,47,752,28.29,,,,,,,,,,
OLDF,2017-08-21 13:15:00 EDT,43.74157,-74.97786,1753,78.6,77.7,78.6,54.1,60.6,0.000,0.000,0.00,0.000,1.1,3.6,1.0,185,50,1.7,4.7,1.2,184,59,1.1,3.6,1.0,185,50,753,28.29,,,,,,,,,,
OLDF,2017-08-21 13:20:00 EDT,43.74157,-74.97786,1753,78.4,77.7,78.4,52.1,59.4,0.000,0.000,0.00,0.000,4.2,9.4,2.3,177,35,5.0,11.8,2.4,176,34,4.2,9.4,2.3,177,35,754,28.29,,,,,,,,,,
OLDF,2017-08-21 13:25:00 EDT,43.74157,-74.97786,1753,78.3,77.5,78.3,51.1,58.7,0.000,0.000,0.00,0.000,3.7,9.5,2.1,227,39,4.8,11.3,2.3,224,42,3.7,9.5,2.1,227,39,747,28.29,,,,,,,,,,
OLDF,2017-08-21 13:30:00 EDT,43.74157,-74.97786,1753,78.0,77.5,78.0,53.4,59.6,0.000,0.000,0.00,0.000,2.9,8.4,1.7,231,44,3.5,10.5,1.9,225,43,2.9,8.4,1.7,231,44,730,28.29,,,,,,,,,,
OLDF,2017-08-21 13:35:00 EDT,43.74157,-74.97786,1753,77.8,77.2,77.8,51.1,58.3,0.000,0.000,0.00,0.000,3.2,11.9,2.4,243,36,4.2,16.1,2.8,240,37,3.2,11.9,2.4,243,36,665,28.30,,,,,,,,,,
OLDF,2017-08-21 13:40:00 EDT,43.74157,-74.97786,1753,78.0,77.2,78.0,51.8,58.8,0.000,0.000,0.00,0.000,3.0,5.5,1.1,210,51,3.6,7.2,1.4,203,51,3.0,5.5,1.1,210,51,698,28.30,,,,,,,,,,
OLDF,2017-08-21 13:45:00 EDT,43.74157,-74.97786,1753,77.5,76.9,77.5,51.8,58.3,0.000,0.000,0.00,0.000,3.2,8.5,2.2,213,42,4.5,11.8,2.6,211,44,3.2,8.5,2.2,213,42,577,28.30,,,,,,,,,,
OLDF,2017-08-21 13:50:00 EDT,43.74157,-74.97786,1753,77.4,77.0,77.4,54.1,59.5,0.000,0.000,0.00,0.000,2.3,6.4,1.4,252,35,3.0,7.7,1.6,253,35,2.3,6.4,1.4,252,35,560,28.29,,,,,,,,,,
OLDF,2017-08-21 13:55:00 EDT,43.74157,-74.97786,1753,77.1,76.9,77.1,54.3,59.3,0.000,0.000,0.00,0.000,4.0,9.5,2.2,192,45,5.1,13.5,2.6,191,42,4.0,9.5,2.2,192,45,558,28.29,,,,,,,,,,
OLDF,2017-08-21 14:00:00 EDT,43.74157,-74.97786,1753,76.9,76.6,76.9,52.7,58.4,0.000,0.000,0.00,0.000,2.8,8.7,1.7,237,39,3.7,13.5,2.1,234,38,2.8,8.7,1.7,237,39,375,28.29,,,,,,,,,,
OLDF,2017-08-21 14:05:00 EDT,43.74157,-74.97786,1753,76.4,76.1,76.4,55.6,59.3,0.000,0.000,0.00,0.000,2.7,11.3,2.2,237,48,3.6,11.9,2.4,229,46,2.7,11.3,2.2,237,48,485,28.29,,,,,,,,,,
OLDF,2017-08-21 14:10:00 EDT,43.74157,-74.97786,1753,76.4,76.2,76.4,55.2,59.1,0.000,0.000,0.00,0.000,3.0,11.5,2.4,195,49,3.9,14.2,2.8,192,45,3.0,11.5,2.4,195,49,421,28.29,,,,,,,,,,
OLDF,2017-08-21 14:15:00 EDT,43.74157,-74.97786,1753,76.0,75.9,76.0,55.7,59.0,0.000,0.000,0.00,0.000,2.3,8.3,2.0,229,36,3.0,10.3,2.2,224,39,2.3,8.3,2.0,229,36,367,28.29,,,,,,,,,,
OLDF,2017-08-21 14:20:00 EDT,43.74157,-74.97786,1753,75.7,75.6,75.7,58.4,60.1,0.000,0.000,0.00,0.000,1.6,6.4,1.5,185,58,2.3,6.7,1.5,188,71,1.6,6.4,1.5,185,58,327,28.28,,,,,,,,,,
OLDF,2017-08-21 14:25:00 EDT,43.74157,-74.97786,1753,75.1,75.2,75.1,59.0,59.8,0.000,0.000,0.00,0.000,2.1,6.8,1.8,205,52,3.2,11.6,2.1,214,52,2.1,6.8,1.8,205,52,289,28.28,,,,,,,,,,
OLDF,2017-08-21 14:30:00 EDT,43.74157,-74.97786,1753,74.9,75.0,74.9,60.2,60.2,0.000,0.000,0.00,0.000,1.5,5.0,1.3,227,54,2.1,6.2,1.5,224,52,1.5,5.0,1.3,227,54,257,28.28,,,,,,,,,,
OLDF,2017-08-21 14:35:00 EDT,43.74157,-74.97786,1753,74.4,74.6,74.4,61.7,60.4,0.000,0.000,0.00,0.000,1.3,4.5,1.0,257,53,2.1,6.1,1.2,235,58,1.3,4.5,1.0,257,53,234,28.28,,,,,,,,,,
OLDF,2017-08-21 14:40:00 EDT,43.74157,-74.97786,1753,73.6,74.1,73.6,62.5,60.1,0.000,0.000,0.00,0.000,1.3,2.9,0.7,215,35,2.0,4.7,0.9,215,38,1.3,2.9,0.7,215,35,223,28.28,,,,,,,,,,
OLDF,2017-08-21 14:45:00 EDT,43.74157,-74.97786,1753,73.0,73.7,73.0,66.1,61.0,0.000,0.000,0.00,0.000,1.3,4.7,1.3,188,34,1.9,6.5,1.4,189,34,1.3,4.7,1.3,188,34,223,28.28,,,,,,,,,,
OLDF,2017-08-21 14:50:00 EDT,43.74157,-74.97786,1753,72.8,73.6,72.8,66.6,61.0,0.000,0.000,0.00,0.000,1.0,3.0,0.8,227,42,1.3,3.7,0.9,229,49,1.0,3.0,0.8,227,42,236,28.28,,,,,,,,,,
OLDF,2017-08-21 14:55:00 EDT,43.74157,-74.97786,1753,73.2,73.8,73.2,66.3,61.3,0.000,0.000,0.00,0.000,1.4,3.8,1.0,204,34,1.9,4.7,1.1,202,39,1.4,3.8,1.0,204,34,256,28.28,,,,,,,,,,
OLDF,2017-08-21 15:00:00 EDT,43.74157,-74.97786,1753,72.8,73.6,72.8,68.4,61.8,0.000,0.000,0.00,0.000,0.9,4.4,1.1,212,23,1.1,6.0,1.3,215,32,0.9,4.4,1.1,212,23,285,28.28,,,,,,,,,,
OLDF,2017-08-21 15:05:00 EDT,43.74157,-74.97786,1753,73.6,74.1,73.6,65.6,61.4,0.000,0.000,0.00,0.000,1.0,2.6,0.7,211,46,1.4,3.1,0.6,209,48,1.0,2.6,0.7,211,46,332,28.28,,,,,,,,,,
OLDF,2017-08-21 15:10:00 EDT,43.74157,-74.97786,1753,73.7,74.3,73.7,66.5,61.9,0.000,0.000,0.00,0.000,1.6,5.1,1.1,218,38,2.2,6.3,1.3,210,36,1.6,5.1,1.1,218,38,296,28.28,,,,,,,,,,
OLDF,2017-08-21 15:15:00 EDT,43.74157,-74.97786,1753,74.2,74.3,74.2,67.8,62.9,0.000,0.000,0.00,0.000,0.8,3.7,0.7,214,42,1.3,4.4,0.9,212,50,0.8,3.7,0.7,214,42,358,28.28,,,,,,,,,,
OLDF,2017-08-21 15:20:00 EDT,43.74157,-74.97786,1753,74.5,74.6,74.5,64.8,61.9,0.000,0.000,0.00,0.000,1.4,4.6,1.1,223,35,2.3,6.6,1.4,215,40,1.4,4.6,1.1,223,35,316,28.28,,,,,,,,,,
OLDF,2017-08-21 15:25:00 EDT,43.74157,-74.97786,1753,74.7,74.6,74.7,63.4,61.5,0.000,0.000,0.00,0.000,1.0,4.9,1.2,225,44,1.6,6.5,1.4,227,50,1.0,4.9,1.2,225,44,360,28.28,,,,,,,,,,
OLDF,2017-08-21 15:30:00 EDT,43.74157,-74.97786,1753,75.5,75.2,75.5,62.2,61.6,0.000,0.000,0.00,0.000,0.9,2.9,0.7,195,47,1.4,4.8,1.1,191,52,0.9,2.9,0.7,195,47,472,28.28,,,,,,,,,,
OLDF,2017-08-21 15:35:00 EDT,43.74157,-74.97786,1753,75.9,75.6,75.9,61.7,61.8,0.000,0.000,0.00,0.000,1.5,6.1,1.3,191,53,2.4,8.4,1.5,197,49,1.5,6.1,1.3,191,53,574,28.28,,,,,,,,,,
OLDF,2017-08-21 15:40:00 EDT,43.74157,-74.97786,1753,76.3,76.1,76.3,59.4,61.2,0.000,0.000,0.00,0.000,2.4,7.7,2.2,172,42,3.0,9.3,2.3,168,48,2.4,7.7,2.2,172,42,520,28.28,,,,,,,,,,
OLDF,2017-08-21 15:45:00 EDT,43.74157,-74.97786,1753,76.2,76.1,76.2,57.9,60.3,0.000,0.000,0.00,0.000,2.6,7.7,1.8,232,42,3.5,9.7,1.9,231,51,2.6,7.7,1.8,232,42,572,28.28,,,,,,,,,,
OLDF,2017-08-21 15:50:00 EDT,43.74157,-74.97786,1753,76.5,76.3,76.5,56.6,60.0,0.000,0.000,0.00,0.000,4.2,9.6,2.1,232,40,5.2,12.6,2.6,233,39,4.2,9.6,2.1,232,40,564,28.28,,,,,,,,,,
OLDF,2017-08-21 15:55:00 EDT,43.74157,-74.97786,1753,76.4,76.2,76.4,58.2,60.6,0.000,0.000,0.00,0.000,2.1,6.4,1.4,234,45,2.9,7.1,1.4,235,46,2.1,6.4,1.4,234,45,493,28.28,,,,,,,,,,
OLDF,2017-08-21 16:00:00 EDT,43.74157,-74.97786,1753,77.1,76.6,77.1,59.0,61.7,0.000,0.000,0.00,0.000,2.7,9.4,2.1,169,35,3.5,10.6,2.3,169,36,2.7,9.4,2.1,169,35,555,28.27,,,,,,,,,,
OLDF,2017-08-21 16:05:00 EDT,43.74157,-74.97786,1753,76.9,76.5,76.9,57.6,60.8,0.000,0.000,0.00,0.000,2.5,6.8,1.5,215,65,3.2,6.9,1.8,204,63,2.5,6.8,1.5,215,65,549,28.27,,,,,,,,,,
OLDF,2017-08-21 16:10:00 EDT,43.74157,-74.97786,1753,76.5,76.5,76.5,60.9,62.0,0.000,0.000,0.00,0.000,2.1,8.3,1.9,217,45,2.8,10.8,2.1,213,46,2.1,8.3,1.9,217,45,549,28.27,,,,,,,,,,
OLDF,2017-08-21 16:15:00 EDT,43.74157,-74.97786,1753,76.6,76.4,76.6,59.6,61.5,0.000,0.000,0.00,0.000,3.0,9.1,2.0,230,44,3.9,11.6,2.2,229,50,3.0,9.1,2.0,230,44,525,28.27,,,,,,,,,,
OLDF,2017-08-21 16:20:00 EDT,43.74157,-74.97786,1753,76.9,76.6,76.9,59.5,61.7,0.000,0.000,0.00,0.000,2.6,11.3,1.8,221,41,3.6,14.8,2.2,220,41,2.6,11.3,1.8,221,41,514,28.27,,,,,,,,,,
OLDF,2017-08-21 16:25:00 EDT,43.74157,-74.97786,1753,77.5,76.8,77.5,57.6,61.4,0.000,0.000,0.00,0.000,1.7,4.7,1.4,192,47,2.5,5.9,1.6,196,52,1.7,4.7,1.4,192,47,503,28.27,,,,,,,,,,
OLDF,2017-08-21 16:30:00 EDT,43.74157,-74.97786,1753,76.7,76.7,76.7,57.8,60.7,0.000,0.000,0.00,0.000,2.4,8.0,2.2,196,43,3.1,9.4,2.4,196,49,2.4,8.0,2.2,196,43,407,28.27,,,,,,,,,,
OLDF,2017-08-21 16:35:00 EDT,43.74157,-74.97786,1753,75.9,76.0,75.9,60.1,61.1,0.000,0.000,0.00,0.000,2.4,6.4,1.8,174,41,3.2,8.6,1.9,176,43,2.4,6.4,1.8,174,41,254,28.26,,,,,,,,,,
OLDF,2017-08-21 16:40:00 EDT,43.74157,-74.97786,1753,75.8,75.7,75.8,61.5,61.6,0.000,0.000,0.00,0.000,2.4,5.2,1.3,201,47,3.2,6.6,1.4,200,48,2.4,5.2,1.3,201,47,442,28.26,,,,,,,,,,
OLDF,2017-08-21 16:45:00 EDT,43.74157,-74.97786,1753,76.3,76.3,76.3,59.7,61.2,0.000,0.000,0.00,0.000,1.8,5.2,1.2,206,41,2.6,5.9,1.2,204,46,1.8,5.2,1.2,206,41,427,28.26,,,,,,,,,,
OLDF,2017-08-21 16:50:00 EDT,43.74157,-74.97786,1753,76.3,76.3,76.3,57.6,60.2,0.000,0.000,0.00,0.000,1.9,6.0,1.5,215,43,2.5,8.2,1.9,217,41,1.9,6.0,1.5,215,43,419,28.26,,,,,,,,,,
OLDF,2017-08-21 16:55:00 EDT,43.74157,-74.97786,1753,75.6,76.2,75.6,60.3,60.9,0.000,0.000,0.00,0.000,0.8,2.5,0.7,191,32,1.3,3.9,0.9,192,37,0.8,2.5,0.7,191,32,353,28.26,,,,,,,,,,
OLDF,2017-08-21 17:00:00 EDT,43.74157,-74.97786,1753,75.2,75.8,75.2,61.9,61.2,0.000,0.000,0.00,0.000,1.2,6.6,1.2,196,31,1.5,7.7,1.3,194,42,1.2,6.6,1.2,196,31,397,28.26,,,,,,,,,,
OLDF,2017-08-21 17:05:00 EDT,43.74157,-74.97786,1753,75.8,76.0,75.8,58.8,60.4,0.000,0.000,0.00,0.000,1.4,7.0,1.4,212,33,1.9,7.3,1.6,205,35,1.4,7.0,1.4,212,33,381,28.26,,,,,,,,,,
OLDF,2017-08-21 17:10:00 EDT,43.74157,-74.97786,1753,75.4,76.1,75.4,61.4,61.2,0.000,0.000,0.00,0.000,1.0,3.5,0.9,176,30,1.5,4.6,1.1,179,38,1.0,3.5,0.9,176,30,299,28.26,,,,,,,,,,
OLDF,2017-08-21 17:15:00 EDT,43.74157,-74.97786,1753,74.6,75.5,74.6,64.6,61.9,0.000,0.000,0.00,0.000,1.4,4.5,1.2,235,34,2.2,5.7,1.3,230,38,1.4,4.5,1.2,235,34,317,28.26,,,,,,,,,,
OLDF,2017-08-21 17:20:00 EDT,43.74157,-74.97786,1753,74.5,75.7,74.5,66.4,62.6,0.000,0.000,0.00,0.000,1.5,4.8,1.1,216,45,2.0,6.5,1.3,217,46,1.5,4.8,1.1,216,45,267,28.26,,,,,,,,,,
OLDF,2017-08-21 17:25:00 EDT,43.74157,-74.97786,1753,74.5,75.4,74.5,64.5,61.7,0.000,0.000,0.00,0.000,1.8,5.6,1.2,187,39,2.2,6.2,1.3,187,38,1.8,5.6,1.2,187,39,162,28.26,,,,,,,,,,
OLDF,2017-08-21 17:30:00 EDT,43.74157,-74.97786,1753,73.4,74.6,73.4,69.0,62.7,0.000,0.000,0.00,0.000,1.6,4.2,0.9,193,47,2.0,5.9,1.1,184,47,1.6,4.2,0.9,193,47,257,28.26,,,,,,,,,,
OLDF,2017-08-21 17:35:00 EDT,43.74157,-74.97786,1753,73.6,74.9,73.6,69.4,63.0,0.000,0.000,0.00,0.000,1.7,5.9,1.4,206,40,2.3,6.9,1.7,206,35,1.7,5.9,1.4,206,40,278,28.26,,,,,,,,,,
OLDF,2017-08-21 17:40:00 EDT,43.74157,-74.97786,1753,74.6,75.5,74.6,64.9,62.0,0.000,0.000,0.00,0.000,2.5,6.2,1.3,198,30,3.0,8.1,1.6,195,31,2.5,6.2,1.3,198,30,229,28.26,,,,,,,,,,
OLDF,2017-08-21 17:45:00 EDT,43.74157,-74.97786,1753,73.8,75.0,73.8,66.4,61.9,0.000,0.000,0.00,0.000,1.6,5.5,1.0,213,53,2.3,6.2,1.2,214,47,1.6,5.5,1.0,213,53,195,28.26,,,,,,,,,,
OLDF,2017-08-21 17:50:00 EDT,43.74157,-74.97786,1753,73.2,74.9,73.2,69.4,62.5,0.000,0.000,0.00,0.000,1.5,4.4,1.1,211,45,2.0,5.2,1.3,210,48,1.5,4.4,1.1,211,45,282,28.25,,,,,,,,,,
OLDF,2017-08-21 17:55:00 EDT,43.74157,-74.97786,1753,72.9,74.8,72.9,69.2,62.2,0.000,0.000,0.00,0.000,1.4,3.7,0.9,222,43,1.9,5.3,1.1,226,44,1.4,3.7,0.9,222,43,252,28.25,,,,,,,,,,
OLDF,2017-08-21 18:00:00 EDT,43.74157,-74.97786,1753,71.4,74.2,71.4,73.5,62.4,0.000,0.000,0.00,0.000,0.6,2.6,0.7,215,42,0.9,3.0,0.9,230,43,0.6,2.6,0.7,215,42,231,28.25,,,,,,,,,,
OLDF,2017-08-21 18:05:00 EDT,43.74157,-74.97786,1753,71.2,74.1,71.2,74.8,62.8,0.000,0.000,0.00,0.000,0.9,3.4,0.9,253,32,1.4,4.2,1.2,252,34,0.9,3.4,0.9,253,32,216,28.25,,,,,,,,,,
OLDF,2017-08-21 18:10:00 EDT,43.74157,-74.97786,1753,70.6,73.5,70.6,75.7,62.6,0.000,0.000,0.00,0.000,0.3,1.5,0.5,281,20,0.9,1.9,0.6,278,50,0.3,1.5,0.5,281,20,190,28.25,,,,,,,,,,
OLDF,2017-08-21 18:15:00 EDT,43.74157,-74.97786,1753,69.8,72.7,69.8,78.3,62.7,0.000,0.000,0.00,0.000,0.2,1.1,0.3,299,33,0.7,1.9,0.6,279,37,0.2,1.1,0.3,299,33,71,28.25,,,,,,,,,,
OLDF,2017-08-21 18:20:00 EDT,43.74157,-74.97786,1753,69.6,73.2,69.6,80.2,63.2,0.000,0.000,0.00,0.000,0.3,1.0,0.3,266,25,0.6,2.0,0.6,261,37,0.3,1.0,0.3,266,25,55,28.25,,,,,,,,,,
OLDF,2017-08-21 18:25:00 EDT,43.74157,-74.97786,1753,69.4,72.3,69.4,81.2,63.3,0.000,0.000,0.00,0.000,0.2,0.9,0.3,313,17,0.7,1.7,0.5,320,36,0.2,0.9,0.3,313,17,52,28.25,,,,,,,,,,
OLDF,2017-08-21 18:30:00 EDT,43.74157,-74.97786,1753,69.8,72.3,69.8,79.7,63.2,0.000,0.000,0.00,0.000,1.3,6.8,1.5,239,28,1.8,6.7,1.4,243,39,1.3,6.8,1.5,239,28,50,28.25,,,,,,,,,,
OLDF,2017-08-21 18:35:00 EDT,43.74157,-74.97786,1753,70.1,72.9,70.1,78.0,62.9,0.000,0.000,0.00,0.000,0.5,3.2,0.7,228,42,1.2,3.7,0.9,227,55,0.5,3.2,0.7,228,42,47,28.25,,,,,,,,,,
OLDF,2017-08-21 18:40:00 EDT,43.74157,-74.97786,1753,69.0,72.6,69.0,81.4,63.1,0.000,0.000,0.00,0.000,0.4,1.3,0.4,301,27,1.0,2.2,0.6,303,39,0.4,1.3,0.4,301,27,43,28.25,,,,,,,,,,
OLDF,2017-08-21 18:45:00 EDT,43.74157,-74.97786,1753,68.3,70.9,68.3,83.3,63.0,0.000,0.000,0.00,0.000,0.8,1.6,0.4,314,15,1.3,2.3,0.5,312,19,0.8,1.6,0.4,314,15,37,28.25,,,,,,,,,,
OLDF,2017-08-21 18:50:00 EDT,43.74157,-74.97786,1753,68.2,69.4,68.2,84.5,63.3,0.000,0.000,0.00,0.000,0.6,1.4,0.3,317,4,1.1,1.9,0.3,312,6,0.6,1.4,0.3,317,4,32,28.25,,,,,,,,,,
OLDF,2017-08-21 18:55:00 EDT,43.74157,-74.97786,1753,68.0,69.0,68.0,86.9,63.9,0.000,0.000,0.00,0.000,0.9,1.5,0.4,322,5,1.1,1.9,0.3,320,9,0.9,1.5,0.4,322,5,32,28.25,,,,,,,,,,
OLDF,2017-08-21 19:00:00 EDT,43.74157,-74.97786,1753,67.9,68.7,67.9,84.0,62.9,0.000,0.000,0.00,0.000,1.2,1.7,0.3,325,8,1.4,2.2,0.3,319,9,1.2,1.7,0.3,325,8,30,28.25,,,,,,,,,,
OLDF,2017-08-21 19:05:00 EDT,43.74157,-74.97786,1753,67.5,68.4,67.5,85.9,63.2,0.000,0.000,0.00,0.000,0.6,1.0,0.1,321,5,0.9,1.3,0.2,310,7,0.6,1.0,0.1,321,5,28,28.25,,,,,,,,,,
OLDF,2017-08-21 19:10:00 EDT,43.74157,-74.97786,1753,67.3,68.1,67.3,86.3,63.1,0.000,0.000,0.00,0.000,0.2,0.8,0.2,301,6,0.5,1.2,0.4,300,11,0.2,0.8,0.2,301,6,28,28.25,,,,,,,,,,
OLDF,2017-08-21 19:15:00 EDT,43.74157,-74.97786,1753,67.1,67.7,67.1,86.6,62.9,0.000,0.000,0.00,0.000,0.2,0.8,0.3,320,4,0.5,1.2,0.4,313,10,0.2,0.8,0.3,320,4,28,28.25,,,,,,,,,,
OLDF,2017-08-21 19:20:00 EDT,43.74157,-74.97786,1753,66.8,67.4,66.8,87.7,63.0,0.000,0.000,0.00,0.000,0.3,0.8,0.3,330,4,0.8,1.3,0.3,326,9,0.3,0.8,0.3,330,4,24,28.25,,,,,,,,,,
OLDF,2017-08-21 19:25:00 EDT,43.74157,-74.97786,1753,66.6,66.9,66.6,87.1,62.6,0.000,0.000,0.00,0.000,0.4,1.0,0.3,354,14,0.9,1.5,0.4,357,16,0.4,1.0,0.3,354,14,18,28.25,,,,,,,,,,
OLDF,2017-08-21 19:30:00 EDT,43.74157,-74.97786,1753,66.1,66.5,66.1,87.3,62.3,0.000,0.000,0.00,0.000,0.7,1.2,0.2,334,10,0.9,1.5,0.4,325,12,0.7,1.2,0.2,334,10,12,28.25,,,,,,,,,,
OLDF,2017-08-21 19:35:00 EDT,43.74157,-74.97786,1753,65.8,66.1,65.8,88.2,62.2,0.000,0.000,0.00,0.000,0.6,1.0,0.2,339,9,0.8,1.5,0.4,336,12,0.6,1.0,0.2,339,9,11,28.25,,,,,,,,,,
OLDF,2017-08-21 19:40:00 EDT,43.74157,-74.97786,1753,65.5,65.7,65.5,88.9,62.1,0.000,0.000,0.00,0.000,0.6,1.0,0.3,344,5,0.8,1.9,0.5,340,11,0.6,1.0,0.3,344,5,11,28.25,,,,,,,,,,
OLDF,2017-08-21 19:45:00 EDT,43.74157,-74.97786,1753,65.2,65.5,65.2,89.2,62.0,0.000,0.000,0.00,0.000,0.9,1.7,0.3,350,6,1.3,2.2,0.4,345,7,0.9,1.7,0.3,350,6,8,28.24,,,,,,,,,,
OLDF,2017-08-21 19:50:00 EDT,43.74157,-74.97786,1753,65.0,65.3,65.0,89.4,61.8,0.000,0.000,0.00,0.000,0.4,1.2,0.4,341,2,0.6,1.7,0.5,334,7,0.4,1.2,0.4,341,2,5,28.25,,,,,,,,,,
OLDF,2017-08-21 19:55:00 EDT,43.74157,-74.97786,1753,64.7,65.1,64.7,90.0,61.7,0.000,0.000,0.00,0.000,0.0,0.5,0.1,360,2,0.3,1.1,0.4,1,6,0.0,0.5,0.1,360,2,3,28.25,,,,,,,,,,
OLDF,2017-08-21 20:00:00 EDT,43.74157,-74.97786,1753,63.9,64.8,63.9,90.6,61.1,0.000,0.000,0.00,0.000,0.0,0.0,0.0,0,0,0.2,1.2,0.3,352,4,0.0,0.0,0.0,0,0,2,28.25,,,,,,,,,,
OLDF,2017-08-21 20:05:00 EDT,43.74157,-74.97786,1753,63.3,64.4,63.3,91.3,60.8,0.000,0.000,0.00,0.000,0.1,0.6,0.2,329,1,0.4,1.1,0.4,322,10,0.1,0.6,0.2,329,1,2,28.25,,,,,,,,,,
OLDF,2017-08-21 20:10:00 EDT,43.74157,-74.97786,1753,63.8,64.2,63.8,92.5,61.6,0.000,0.000,0.00,0.000,0.2,0.8,0.2,318,7,0.5,1.2,0.4,320,11,0.2,0.8,0.2,318,7,1,28.25,,,,,,,,,,
OLDF,2017-08-21 20:15:00 EDT,43.74157,-74.97786,1753,63.4,64.0,63.4,92.8,61.3,0.000,0.000,0.00,0.000,0.0,0.4,0.0,344,0,0.4,1.2,0.4,344,8,0.0,0.4,0.0,344,0,0,28.25,,,,,,,,,,
OLDF,2017-08-21 20:20:00 EDT,43.74157,-74.97786,1753,63.4,63.8,63.4,93.5,61.5,0.000,0.000,0.00,0.000,0.5,0.8,0.3,347,2,0.8,1.2,0.4,347,9,0.5,0.8,0.3,347,2,0,28.25,,,,,,,,,,
OLDF,2017-08-21 20:25:00 EDT,43.74157,-74.97786,1753,62.8,63.7,62.8,93.5,60.9,0.000,0.000,0.00,0.000,0.0,0.0,0.0,0,0,0.1,0.9,0.3,352,2,0.0,0.0,0.0,0,0,0,28.25,,,,,,,,,,
OLDF,2017-08-21 20:30:00 EDT,43.74157,-74.97786,1753,62.4,63.4,62.4,94.1,60.6,0.000,0.000,0.00,0.000,0.0,0.1,0.0,2,0,0.4,1.0,0.4,6,11,0.0,0.1,0.0,2,0,0,28.25,,,,,,,,,,
OLDF,2017-08-21 20:35:00 EDT,43.74157,-74.97786,1753,62.6,63.2,62.6,94.9,61.1,0.000,0.000,0.00,0.000,0.1,0.6,0.2,2,1,0.4,1.3,0.5,349,9,0.1,0.6,0.2,2,1,0,28.25,,,,,,,,,,
OLDF,2017-08-21 20:40:00 EDT,43.74157,-74.97786,1753,62.6,62.9,62.6,95.2,61.2,0.000,0.000,0.00,0.000,0.6,1.1,0.3,350,9,0.8,1.7,0.5,343,12,0.6,1.1,0.3,350,9,0,28.25,,,,,,,,,,
OLDF,2017-08-21 20:45:00 EDT,43.74157,-74.97786,1753,62.3,62.8,62.3,95.1,60.9,0.000,0.000,0.00,0.000,0.1,0.5,0.1,335,0,0.6,1.0,0.4,335,12,0.1,0.5,0.1,335,0,0,28.25,,,,,,,,,,
OLDF,2017-08-21 20:50:00 EDT,43.74157,-74.97786,1753,62.4,62.7,62.4,95.5,61.1,0.000,0.000,0.00,0.000,0.3,0.8,0.2,337,7,0.6,1.3,0.4,335,11,0.3,0.8,0.2,337,7,0,28.25,,,,,,,,,,
OLDF,2017-08-21 20:55:00 EDT,43.74157,-74.97786,1753,62.2,62.6,62.2,95.6,61.0,0.000,0.000,0.00,0.000,0.3,0.8,0.3,348,6,0.5,1.1,0.4,335,7,0.3,0.8,0.3,348,6,0,28.25,,,,,,,,,,
OLDF,2017-08-21 21:00:00 EDT,43.74157,-74.97786,1753,62.2,62.5,62.2,95.9,61.0,0.000,0.000,0.00,0.000,0.3,0.9,0.3,335,4,0.4,1.1,0.4,329,9,0.3,0.9,0.3,335,4,0,28.25,,,,,,,,,,
OLDF,2017-08-21 21:05:00 EDT,43.74157,-74.97786,1753,62.0,62.5,62.0,96.1,60.9,0.000,0.000,0.00,0.000,0.1,0.5,0.2,333,2,0.3,1.0,0.4,332,10,0.1,0.5,0.2,333,2,0,28.25,,,,,,,,,,
OLDF,2017-08-21 21:10:00 EDT,43.74157,-74.97786,1753,61.5,62.4,61.5,96.0,60.3,0.000,0.000,0.00,0.000,0.0,0.0,0.0,0,0,0.2,1.0,0.4,338,8,0.0,0.0,0.0,0,0,0,28.25,,,,,,,,,,
OLDF,2017-08-21 21:15:00 EDT,43.74157,-74.97786,1753,61.1,62.2,61.1,95.9,60.0,0.000,0.000,0.00,0.000,0.0,0.0,0.0,0,0,0.0,0.7,0.1,16,4,0.0,0.0,0.0,0,0,0,28.25,,,,,,,,,,
OLDF,2017-08-21 21:20:00 EDT,43.74157,-74.97786,1753,61.2,62.0,61.2,96.3,60.1,0.000,0.000,0.00,0.000,0.2,0.7,0.3,341,0,0.6,1.2,0.4,341,9,0.2,0.7,0.3,341,0,0,28.25,,,,,,,,,,
OLDF,2017-08-21 21:25:00 EDT,43.74157,-74.97786,1753,61.3,61.8,61.3,97.0,60.5,0.000,0.000,0.00,0.000,0.0,0.7,0.2,342,0,0.3,1.1,0.4,330,17,0.0,0.7,0.2,342,0,0,28.25,,,,,,,,,,
OLDF,2017-08-21 21:30:00 EDT,43.74157,-74.97786,1753,61.0,61.8,61.0,97.0,60.1,0.000,0.000,0.00,0.000,0.1,0.6,0.2,333,0,0.3,1.0,0.4,333,7,0.1,0.6,0.2,333,0,0,28.25,,,,,,,,,,
OLDF,2017-08-21 21:35:00 EDT,43.74157,-74.97786,1753,61.2,61.7,61.2,97.2,60.4,0.000,0.000,0.00,0.000,0.4,0.9,0.3,342,3,0.8,1.6,0.5,341,13,0.4,0.9,0.3,342,3,0,28.25,,,,,,,,,,
OLDF,2017-08-21 21:40:00 EDT,43.74157,-74.97786,1753,61.4,61.7,61.4,97.5,60.6,0.000,0.000,0.00,0.000,0.3,0.9,0.4,340,7,0.6,1.3,0.5,337,15,0.3,0.9,0.4,340,7,0,28.25,,,,,,,,,,
OLDF,2017-08-21 21:45:00 EDT,43.74157,-74.97786,1753,60.9,61.7,60.9,97.2,60.1,0.000,0.000,0.00,0.000,0.0,0.0,0.0,0,0,0.2,0.9,0.3,328,9,0.0,0.0,0.0,0,0,0,28.24,,,,,,,,,,
OLDF,2017-08-21 21:50:00 EDT,43.74157,-74.97786,1753,60.8,61.5,60.8,97.1,59.9,0.000,0.000,0.00,0.000,0.0,0.0,0.0,0,0,0.2,0.9,0.3,339,6,0.0,0.0,0.0,0,0,0,28.25,,,,,,,,,,
OLDF,2017-08-21 21:55:00 EDT,43.74157,-74.97786,1753,60.5,61.4,60.5,97.0,59.6,0.000,0.000,0.00,0.000,0.0,0.0,0.0,0,0,0.3,1.1,0.4,340,4,0.0,0.0,0.0,0,0,0,28.24,,,,,,,,,,
OLDF,2017-08-21 22:00:00 EDT,43.74157,-74.97786,1753,60.9,61.4,60.9,97.6,60.2,0.000,0.000,0.00,0.000,0.3,0.7,0.3,329,4,0.7,1.4,0.4,328,14,0.3,0.7,0.3,329,4,0,28.24,,,,,,,,,,
OLDF,2017-08-21 22:05:00 EDT,43.74157,-74.97786,1753,61.0,61.3,61.0,97.7,60.4,0.000,0.000,0.00,0.000,0.0,0.4,0.1,339,1,0.5,1.3,0.5,336,7,0.0,0.4,0.1,339,1,0,28.24,,,,,,,,,,
OLDF,2017-08-21 22:10:00 EDT,43.74157,-74.97786,1753,60.6,61.2,60.6,97.6,59.9,0.000,0.000,0.00,0.000,0.0,0.0,0.0,0,0,0.1,1.1,0.3,348,4,0.0,0.0,0.0,0,0,0,28.24,,,,,,,,,,
OLDF,2017-08-21 22:15:00 EDT,43.74157,-74.97786,1753,60.0,60.9,60.0,97.3,59.3,0.000,0.000,0.00,0.000,0.0,0.0,0.0,0,0,0.0,0.0,0.0,0,0,0.0,0.0,0.0,0,0,0,28.24,,,,,,,,,,
OLDF,2017-08-21 22:20:00 EDT,43.74157,-74.97786,1753,60.2,60.7,60.2,97.4,59.5,0.000,0.000,0.00,0.000,0.3,0.8,0.3,1,3,0.6,1.3,0.5,344,6,0.3,0.8,0.3,1,3,0,28.24,,,,,,,,,,
OLDF,2017-08-21 22:25:00 EDT,43.74157,-74.97786,1753,60.1,60.8,60.1,97.7,59.5,0.000,0.000,0.00,0.000,0.0,0.4,0.0,352,0,0.0,0.7,0.1,323,1,0.0,0.4,0.0,352,0,0,28.24,,,,,,,,,,
OLDF,2017-08-21 22:30:00 EDT,43.74157,-74.97786,1753,59.9,60.8,59.9,97.6,59.2,0.000,0.000,0.00,0.000,0.0,0.0,0.0,0,0,0.0,0.0,0.0,0,0,0.0,0.0,0.0,0,0,0,28.24,,,,,,,,,,
OLDF,2017-08-21 22:35:00 EDT,43.74157,-74.97786,1753,59.8,60.6,59.8,97.6,59.2,0.000,0.000,0.00,0.000,0.0,0.4,0.1,352,0,0.2,1.0,0.3,357,3,0.0,0.4,0.1,352,0,0,28.24,,,,,,,,,,
OLDF,2017-08-21 22:40:00 EDT,43.74157,-74.97786,1753,59.7,60.6,59.7,97.8,59.1,0.000,0.000,0.00,0.000,0.0,0.0,0.0,0,0,0.6,1.1,0.4,343,11,0.0,0.0,0.0,0,0,0,28.24,,,,,,,,,,
OLDF,2017-08-21 22:45:00 EDT,43.74157,-74.97786,1753,59.8,60.7,59.8,98.0,59.2,0.000,0.000,0.00,0.000,0.0,0.0,0.0,0,0,0.2,1.0,0.3,332,5,0.0,0.0,0.0,0,0,0,28.24,,,,,,,,,,
OLDF,2017-08-21 22:50:00 EDT,43.74157,-74.97786,1753,59.7,60.6,59.7,98.1,59.1,0.000,0.000,0.00,0.000,0.0,0.0,0.0,0,0,0.2,1.2,0.4,352,4,0.0,0.0,0.0,0,0,0,28.25,,,,,,,,,,
OLDF,2017-08-21 22:55:00 EDT,43.74157,-74.97786,1753,59.7,60.4,59.7,98.0,59.2,0.000,0.000,0.00,0.000,0.0,0.0,0.0,0,0,0.0,0.0,0.0,0,0,0.0,0.0,0.0,0,0,0,28.25,,,,,,,,,,
OLDF,2017-08-21 23:00:00 EDT,43.74157,-74.97786,1753,59.3,60.2,59.3,98.0,58.7,0.000,0.000,0.00,0.000,0.0,0.0,0.0,0,0,0.0,0.8,0.1,13,0,0.0,0.0,0.0,0,0,0,28.25,,,,,,,,,,
OLDF,2017-08-21 23:05:00 EDT,43.74157,-74.97786,1753,59.4,60.1,59.4,98.0,58.8,0.000,0.000,0.00,0.000,0.0,0.0,0.0,0,0,0.1,0.9,0.3,336,4,0.0,0.0,0.0,0,0,0,28.25,,,,,,,,,,
OLDF,2017-08-21 23:10:00 EDT,43.74157,-74.97786,1753,59.3,60.1,59.3,98.1,58.8,0.000,0.000,0.00,0.000,0.0,0.0,0.0,0,0,0.0,0.8,0.1,312,1,0.0,0.0,0.0,0,0,0,28.25,,,,,,,,,,
OLDF,2017-08-21 23:15:00 EDT,43.74157,-74.97786,1753,59.2,60.0,59.2,98.2,58.7,0.000,0.000,0.00,0.000,0.0,0.0,0.0,0,0,0.2,1.1,0.4,2,2,0.0,0.0,0.0,0,0,0,28.25,,,,,,,,,,
OLDF,2017-08-21 23:20:00 EDT,43.74157,-74.97786,1753,59.3,60.0,59.3,98.2,58.7,0.000,0.000,0.00,0.000,0.0,0.0,0.0,0,0,0.0,0.7,0.1,279,0,0.0,0.0,0.0,0,0,0,28.25,,,,,,,,,,
OLDF,2017-08-21 23:25:00 EDT,43.74157,-74.97786,1753,58.8,59.8,58.8,98.2,58.3,0.000,0.000,0.00,0.000,0.0,0.0,0.0,0,0,0.1,0.8,0.2,280,2,0.0,0.0,0.0,0,0,0,28.25,,,,,,,,,,
OLDF,2017-08-21 23:30:00 EDT,43.74157,-74.97786,1753,58.9,59.7,58.9,98.1,58.4,0.000,0.000,0.00,0.000,0.0,0.0,0.0,0,0,0.1,0.9,0.2,357,2,0.0,0.0,0.0,0,0,0,28.25,,,,,,,,,,
OLDF,2017-08-21 23:35:00 EDT,43.74157,-74.97786,1753,59.0,59.8,59.0,98.2,58.5,0.000,0.000,0.00,0.000,0.0,0.0,0.0,0,0,0.6,1.1,0.4,347,6,0.0,0.0,0.0,0,0,0,28.25,,,,,,,,,,
OLDF,2017-08-21 23:40:00 EDT,43.74157,-74.97786,1753,58.9,59.8,58.9,98.3,58.5,0.000,0.000,0.00,0.000,0.0,0.0,0.0,0,0,0.0,0.0,0.0,0,0,0.0,0.0,0.0,0,0,0,28.25,,,,,,,,,,
OLDF,2017-08-21 23:45:00 EDT,43.74157,-74.97786,1753,58.9,59.7,58.9,98.4,58.4,0.000,0.000,0.00,0.000,0.0,0.0,0.0,0,0,0.0,0.0,0.0,0,0,0.0,0.0,0.0,0,0,0,28.24,,,,,,,,,,
OLDF,2017-08-21 23:50:00 EDT,43.74157,-74.97786,1753,58.2,59.3,58.2,98.2,57.7,0.000,0.000,0.00,0.000,0.2,0.7,0.2,112,0,0.4,1.0,0.4,111,4,0.2,0.7,0.2,112,0,0,28.25,,,,,,,,,,
OLDF,2017-08-21 23:55:00 EDT,43.74157,-74.97786,1753,58.2,59.1,58.2,98.1,57.7,0.000,0.000,0.00,0.000,0.0,0.0,0.0,0,0,0.0,0.0,0.0,0,0,0.0,0.0,0.0,0,0,0,28.24,,,,,,,,,,
OLEA,2017-08-21 00:00:00 EDT,42.09141,-78.40743,1500,56.1,58.0,56.1,96.9,55.2,0.000,0.003,0.00,0.000,1.5,2.3,0.5,98,12,1.9,2.8,0.6,103,16,1.5,2.3,0.5,98,12,0,28.61,,0,0,0,68.5,68.2,66.4,0.23,0.31,0.32
OLEA,2017-08-21 00:05:00 EDT,42.09141,-78.40743,1500,54.7,57.5,54.7,96.1,53.6,0.000,0.000,0.00,0.000,1.1,2.2,0.7,65,11,1.3,2.2,0.8,63,13,1.1,2.2,0.7,65,11,0,28.61,,0,0,0,68.4,68.2,66.4,0.23,0.31,0.32
OLEA,2017-08-21 00:10:00 EDT,42.09141,-78.40743,1500,56.6,58.4,56.6,97.4,55.8,0.000,0.000,0.00,0.000,1.0,2.6,0.8,31,17,1.4,3.0,0.8,33,19,1.0,2.6,0.8,31,17,0,28.61,,0,0,0,68.2,68.2,66.4,0.23,0.31,0.32
OLEA,2017-08-21 00:15:00 EDT,42.09141,-78.40743,1500,55.5,57.8,55.5,96.6,54.5,0.000,0.000,0.00,0.000,0.4,1.2,0.4,35,22,0.6,2.1,0.6,39,25,0.4,1.2,0.4,35,22,0,28.60,,0,0,0,68.2,68.2,66.4,0.23,0.31,0.32
OLEA,2017-08-21 00:20:00 EDT,42.09141,-78.40743,1500,55.9,58.2,55.9,97.2,55.1,0.000,0.000,0.00,0.000,0.8,2.0,0.7,45,28,1.1,2.7,0.7,45,30,0.8,2.0,0.7,45,28,0,28.60,,0,0,0,68.2,68.2,66.4,0.23,0.31,0.32
OLEA,2017-08-21 00:25:00 EDT,42.09141,-78.40743,1500,55.6,58.0,55.6,97.0,54.8,0.000,0.000,0.00,0.000,0.3,1.4,0.5,119,5,0.6,2.0,0.7,118,17,0.3,1.4,0.5,119,5,0,28.60,,0,0,0,68.0,68.2,66.4,0.23,0.31,0.33
OLEA,2017-08-21 00:30:00 EDT,42.09141,-78.40743,1500,54.6,57.0,54.6,96.5,53.6,0.000,0.000,0.00,0.000,0.7,1.8,0.4,114,14,1.0,2.1,0.6,115,12,0.7,1.8,0.4,114,14,0,28.61,,0,0,0,67.8,68.2,66.4,0.23,0.31,0.33
OLEA,2017-08-21 00:35:00 EDT,42.09141,-78.40743,1500,55.1,56.9,55.1,96.9,54.2,0.000,0.000,0.00,0.000,0.3,0.9,0.4,8,17,0.6,1.5,0.6,4,8,0.3,0.9,0.4,8,17,0,28.61,,0,0,0,67.8,68.2,66.4,0.23,0.31,0.32
OLEA,2017-08-21 00:40:00 EDT,42.09141,-78.40743,1500,55.4,57.8,55.4,97.3,54.7,0.000,0.000,0.00,0.000,0.2,0.9,0.3,8,0,0.5,1.3,0.5,355,20,0.2,0.9,0.3,8,0,0,28.61,,0,0,0,67.8,68.2,66.4,0.23,0.31,0.33
OLEA,2017-08-21 00:45:00 EDT,42.09141,-78.40743,1500,55.5,58.0,55.5,97.4,54.8,0.000,0.000,0.00,0.000,1.0,2.3,0.7,17,7,1.4,2.8,0.6,17,11,1.0,2.3,0.7,17,7,0,28.61,,0,0,0,67.8,68.2,66.4,0.23,0.31,0.32
OLEA,2017-08-21 00:50:00 EDT,42.09141,-78.40743,1500,55.5,58.8,55.5,97.5,54.8,0.000,0.000,0.00,0.000,1.5,3.1,0.6,9,20,2.0,3.6,0.8,9,19,1.5,3.1,0.6,9,20,0,28.61,,0,0,0,67.8,68.2,66.4,0.23,0.31,0.32
OLEA,2017-08-21 00:55:00 EDT,42.09141,-78.40743,1500,55.5,58.8,55.5,97.5,54.8,0.000,0.000,0.00,0.000,1.3,3.1,0.7,64,13,1.6,3.8,0.8,66,14,1.3,3.1,0.7,64,13,0,28.61,,0,0,0,67.5,68.2,66.4,0.23,0.31,0.32
OLEA,2017-08-21 01:00:00 EDT,42.09141,-78.40743,1500,55.8,58.3,55.8,97.5,55.1,0.000,0.000,0.00,0.000,1.0,2.0,0.6,35,28,1.3,3.0,0.7,33,30,1.0,2.0,0.6,35,28,0,28.61,,0,0,0,67.5,68.2,66.4,0.23,0.31,0.32
OLEA,2017-08-21 01:05:00 EDT,42.09141,-78.40743,1500,55.6,58.5,55.6,97.4,54.9,0.000,0.000,0.00,0.000,0.1,0.9,0.2,90,13,0.2,1.4,0.4,74,18,0.1,0.9,0.2,90,13,0,28.61,,0,0,0,67.5,68.2,66.4,0.23,0.31,0.33
OLEA,2017-08-21 01:10:00 EDT,42.09141,-78.40743,1500,55.4,57.7,55.4,97.5,54.7,0.000,0.000,0.00,0.000,0.0,0.3,0.0,44,0,0.2,1.1,0.3,55,13,0.0,0.3,0.0,44,0,0,28.61,,0,0,0,67.5,68.2,66.4,0.23,0.31,0.33
OLEA,2017-08-21 01:15:00 EDT,42.09141,-78.40743,1500,55.6,57.1,55.6,97.5,55.0,0.000,0.000,0.00,0.000,0.3,1.8,0.5,82,4,0.5,2.3,0.7,85,6,0.3,1.8,0.5,82,4,0,28.61,,0,0,0,67.4,68.2,66.4,0.23,0.31,0.32
OLEA,2017-08-21 01:20:00 EDT,42.09141,-78.40743,1500,55.7,57.3,55.7,97.8,55.1,0.000,0.000,0.00,0.000,0.9,1.9,0.6,73,13,1.3,2.5,0.7,67,22,0.9,1.9,0.6,73,13,0,28.61,,0,0,0,67.1,68.2,66.4,0.23,0.31,0.33
OLEA,2017-08-21 01:25:00 EDT,42.09141,-78.40743,1500,55.3,57.3,55.3,97.4,54.5,0.000,0.000,0.00,0.000,0.5,1.7,0.5,45,11,0.9,1.8,0.5,49,19,0.5,1.7,0.5,45,11,0,28.61,,0,0,0,67.1,68.2,66.4,0.23,0.31,0.32
OLEA,2017-08-21 01:30:00 EDT,42.09141,-78.40743,1500,56.2,58.4,56.2,97.9,55.6,0.000,0.000,0.00,0.000,1.9,3.2,0.5,48,21,2.2,4.3,0.7,48,22,1.9,3.2,0.5,48,21,0,28.61,,0,0,0,67.1,68.2,66.4,0.23,0.31,0.32
OLEA,2017-08-21 01:35:00 EDT,42.09141,-78.40743,1500,56.3,58.6,56.3,97.7,55.6,0.000,0.000,0.00,0.000,1.6,2.8,0.8,65,14,2.0,3.8,0.8,65,16,1.6,2.8,0.8,65,14,0,28.60,,0,0,0,67.1,68.2,66.4,0.23,0.31,0.33
OLEA,2017-08-21 01:40:00 EDT,42.09141,-78.40743,1500,56.1,58.5,56.1,97.5,55.4,0.000,0.000,0.00,0.000,0.6,1.2,0.3,74,19,1.0,1.8,0.4,73,25,0.6,1.2,0.3,74,19,0,28.60,,0,0,0,67.1,68.2,66.4,0.23,0.31,0.33
OLEA,2017-08-21 01:45:00 EDT,42.09141,-78.40743,1500,56.0,59.1,56.0,97.5,55.4,0.000,0.000,0.00,0.000,0.5,1.2,0.4,56,15,0.9,2.0,0.5,51,22,0.5,1.2,0.4,56,15,0,28.60,,0,0,0,67.0,68.2,66.4,0.23,0.31,0.33
OLEA,2017-08-21 01:50:00 EDT,42.09141,-78.40743,1500,55.9,58.7,55.9,97.3,55.2,0.000,0.000,0.00,0.000,0.3,1.6,0.4,78,6,0.6,2.5,0.7,83,17,0.3,1.6,0.4,78,6,0,28.60,,0,0,0,66.8,68.2,66.4,0.23,0.31,0.33
OLEA,2017-08-21 01:55:00 EDT,42.09141,-78.40743,1500,56.1,59.1,56.1,97.5,55.4,0.000,0.000,0.00,0.000,0.3,1.3,0.3,56,15,0.6,1.6,0.5,58,21,0.3,1.3,0.3,56,15,0,28.60,,0,0,0,66.7,68.2,66.4,0.23,0.31,0.32
OLEA,2017-08-21 02:00:00 EDT,42.09141,-78.40743,1500,56.0,58.2,56.0,97.5,55.3,0.000,0.000,0.00,0.000,0.8,2.3,0.7,79,26,1.2,2.8,0.7,74,35,0.8,2.3,0.7,79,26,0,28.60,,0,0,0,66.7,68.2,66.4,0.23,0.31,0.32
OLEA,2017-08-21 02:05:00 EDT,42.09141,-78.40743,1500,57.1,58.4,57.1,97.8,56.5,0.000,0.000,0.00,0.000,1.0,2.4,0.7,91,18,1.3,3.1,0.8,93,23,1.0,2.4,0.7,91,18,0,28.60,,0,0,0,66.7,68.2,66.4,0.23,0.31,0.33
OLEA,2017-08-21 02:10:00 EDT,42.09141,-78.40743,1500,57.4,58.4,57.4,97.9,56.8,0.000,0.000,0.00,0.000,0.9,1.8,0.4,76,19,1.2,2.5,0.5,76,22,0.9,1.8,0.4,76,19,0,28.60,,0,0,0,66.7,68.2,66.4,0.23,0.31,0.33
OLEA,2017-08-21 02:15:00 EDT,42.09141,-78.40743,1500,57.3,58.3,57.3,97.7,56.6,0.000,0.000,0.00,0.000,1.7,3.1,0.6,107,24,2.0,4.1,0.7,111,25,1.7,3.1,0.6,107,24,0,28.60,,0,0,0,66.7,68.2,66.4,0.23,0.31,0.33
OLEA,2017-08-21 02:20:00 EDT,42.09141,-78.40743,1500,57.7,58.3,57.7,97.8,57.0,0.000,0.000,0.00,0.000,2.0,3.8,0.8,108,14,2.3,4.4,0.8,109,14,2.0,3.8,0.8,108,14,0,28.60,,0,0,0,66.6,68.2,66.4,0.23,0.31,0.32
OLEA,2017-08-21 02:25:00 EDT,42.09141,-78.40743,1500,57.8,58.3,57.8,97.5,57.1,0.000,0.000,0.00,0.000,2.2,4.2,1.0,103,16,2.4,5.1,1.1,105,16,2.2,4.2,1.0,103,16,0,28.60,,0,0,0,66.4,68.2,66.4,0.23,0.31,0.32
OLEA,2017-08-21 02:30:00 EDT,42.09141,-78.40743,1500,58.0,58.3,58.0,97.1,57.2,0.000,0.000,0.00,0.000,1.4,3.4,0.7,96,22,1.7,4.0,0.8,96,23,1.4,3.4,0.7,96,22,0,28.60,,0,0,0,66.4,68.2,66.4,0.23,0.31,0.33
OLEA,2017-08-21 02:35:00 EDT,42.09141,-78.40743,1500,57.7,58.3,57.7,96.7,56.8,0.000,0.000,0.00,0.000,1.1,2.4,0.6,91,26,1.5,3.0,0.6,97,32,1.1,2.4,0.6,91,26,0,28.60,,0,0,0,66.4,68.2,66.4,0.23,0.31,0.33
OLEA,2017-08-21 02:40:00 EDT,42.09141,-78.40743,1500,57.7,58.3,57.7,96.4,56.7,0.000,0.000,0.00,0.000,0.3,1.8,0.5,95,28,0.7,2.1,0.6,93,43,0.3,1.8,0.5,95,28,0,28.60,,0,0,0,66.4,68.2,66.4,0.23,0.31,0.32
OLEA,2017-08-21 02:45:00 EDT,42.09141,-78.40743,1500,57.5,58.3,57.5,96.3,56.5,0.000,0.000,0.00,0.000,1.1,2.1,0.6,81,27,1.5,2.9,0.6,81,33,1.1,2.1,0.6,81,27,0,28.60,,0,0,0,66.4,68.2,66.4,0.23,0.31,0.33
OLEA,2017-08-21 02:50:00 EDT,42.09141,-78.40743,1500,57.9,58.3,57.9,96.5,56.9,0.000,0.000,0.00,0.000,0.7,1.9,0.5,81,22,1.1,2.6,0.6,71,30,0.7,1.9,0.5,81,22,0,28.60,,0,0,0,66.4,68.2,66.4,0.23,0.31,0.33
OLEA,2017-08-21 02:55:00 EDT,42.09141,-78.40743,1500,57.7,58.1,57.7,96.3,56.7,0.000,0.000,0.00,0.000,1.6,3.2,0.8,72,16,2.1,4.2,0.8,73,17,1.6,3.2,0.8,72,16,0,28.60,,0,0,0,66.4,68.2,66.4,0.23,0.31,0.33
OLEA,2017-08-21 03:00:00 EDT,42.09141,-78.40743,1500,57.5,57.9,57.5,96.0,56.3,0.000,0.000,0.00,0.000,1.0,2.5,0.7,78,20,1.5,3.2,0.7,80,24,1.0,2.5,0.7,78,20,0,28.60,,0,0,0,66.4,68.2,66.4,0.23,0.31,0.32
OLEA,2017-08-21 03:05:00 EDT,42.09141,-78.40743,1500,57.6,57.8,57.6,96.1,56.5,0.000,0.000,0.00,0.000,1.4,3.0,0.6,67,16,1.8,4.0,0.7,68,16,1.4,3.0,0.6,67,16,0,28.60,,0,0,0,66.4,68.2,66.4,0.23,0.31,0.33
OLEA,2017-08-21 03:10:00 EDT,42.09141,-78.40743,1500,57.7,58.0,57.7,96.2,56.6,0.000,0.000,0.00,0.000,2.4,4.4,0.7,70,15,2.8,5.7,1.0,72,14,2.4,4.4,0.7,70,15,0,28.60,,0,0,0,66.4,68.1,66.4,0.23,0.31,0.33
OLEA,2017-08-21 03:15:00 EDT,42.09141,-78.40743,1500,57.6,58.0,57.6,95.9,56.4,0.000,0.000,0.00,0.000,2.1,2.9,0.3,54,14,2.4,3.4,0.4,54,13,2.1,2.9,0.3,54,14,0,28.60,,0,0,0,66.1,68.1,66.4,0.23,0.31,0.32
OLEA,2017-08-21 03:20:00 EDT,42.09141,-78.40743,1500,57.6,57.9,57.6,95.8,56.5,0.000,0.000,0.00,0.000,2.2,3.3,0.6,66,13,2.5,4.1,0.7,66,14,2.2,3.3,0.6,66,13,0,28.60,,0,0,0,66.0,68.0,66.4,0.23,0.31,0.32
OLEA,2017-08-21 03:25:00 EDT,42.09141,-78.40743,1500,57.7,58.0,57.7,95.7,56.5,0.000,0.000,0.00,0.000,2.3,3.5,0.6,63,18,2.6,4.1,0.8,64,18,2.3,3.5,0.6,63,18,0,28.60,,0,0,0,66.0,67.9,66.4,0.23,0.31,0.33
OLEA,2017-08-21 03:30:00 EDT,42.09141,-78.40743,1500,57.5,57.9,57.5,95.5,56.2,0.000,0.000,0.00,0.000,2.0,2.9,0.5,65,17,2.4,3.9,0.6,64,18,2.0,2.9,0.5,65,17,0,28.60,,0,0,0,66.0,67.9,66.4,0.23,0.31,0.33
OLEA,2017-08-21 03:35:00 EDT,42.09141,-78.40743,1500,57.5,57.8,57.5,95.6,56.2,0.000,0.000,0.00,0.000,1.9,3.4,0.7,74,19,2.4,4.2,0.9,74,20,1.9,3.4,0.7,74,19,0,28.60,,0,0,0,66.0,67.9,66.4,0.23,0.31,0.33
OLEA,2017-08-21 03:40:00 EDT,42.09141,-78.40743,1500,57.4,57.8,57.4,95.7,56.2,0.000,0.000,0.00,0.000,2.3,4.5,0.9,95,14,2.6,5.3,1.0,97,16,2.3,4.5,0.9,95,14,0,28.60,,0,0,0,66.0,67.8,66.4,0.23,0.31,0.33
OLEA,2017-08-21 03:45:00 EDT,42.09141,-78.40743,1500,57.4,57.7,57.4,95.9,56.2,0.000,0.000,0.00,0.000,2.3,4.3,1.1,93,19,2.8,5.5,1.2,93,18,2.3,4.3,1.1,93,19,0,28.60,,0,0,0,66.0,67.8,66.4,0.23,0.31,0.33
OLEA,2017-08-21 03:50:00 EDT,42.09141,-78.40743,1500,57.4,57.7,57.4,96.0,56.3,0.000,0.000,0.00,0.000,2.9,5.3,0.9,84,16,3.4,6.6,1.1,85,17,2.9,5.3,0.9,84,16,0,28.60,,0,0,0,66.0,67.8,66.4,0.23,0.31,0.33
OLEA,2017-08-21 03:55:00 EDT,42.09141,-78.40743,1500,57.6,57.8,57.6,96.0,56.5,0.000,0.000,0.00,0.000,2.8,4.2,0.7,80,17,3.3,5.5,0.9,81,15,2.8,4.2,0.7,80,17,0,28.60,,0,0,0,66.0,67.8,66.4,0.23,0.31,0.33
OLEA,2017-08-21 04:00:00 EDT,42.09141,-78.40743,1500,57.6,57.9,57.6,95.8,56.4,0.000,0.000,0.00,0.000,1.5,3.4,0.9,93,23,1.9,4.8,1.0,92,23,1.5,3.4,0.9,93,23,0,28.60,,0,0,0,66.0,67.8,66.4,0.23,0.31,0.33
OLEA,2017-08-21 04:05:00 EDT,42.09141,-78.40743,1500,57.7,57.8,57.7,95.8,56.5,0.000,0.000,0.00,0.000,2.2,3.6,0.7,95,16,2.6,4.9,0.8,96,18,2.2,3.6,0.7,95,16,0,28.60,,0,0,0,66.0,67.8,66.4,0.23,0.31,0.33
OLEA,2017-08-21 04:10:00 EDT,42.09141,-78.40743,1500,57.7,57.9,57.7,95.7,56.4,0.000,0.000,0.00,0.000,3.7,6.5,1.3,74,15,4.3,8.3,1.5,75,13,3.7,6.5,1.3,74,15,0,28.60,,0,0,0,66.0,67.8,66.4,0.23,0.31,0.33
OLEA,2017-08-21 04:15:00 EDT,42.09141,-78.40743,1500,57.7,57.9,57.7,95.4,56.4,0.000,0.000,0.00,0.000,3.0,5.6,1.0,87,17,3.4,6.7,1.1,88,17,3.0,5.6,1.0,87,17,0,28.60,,0,0,0,65.9,67.8,66.4,0.23,0.31,0.33
OLEA,2017-08-21 04:20:00 EDT,42.09141,-78.40743,1500,57.7,57.9,57.7,95.4,56.4,0.000,0.000,0.00,0.000,2.9,4.2,0.7,79,18,3.4,5.4,0.9,81,16,2.9,4.2,0.7,79,18,0,28.60,,0,0,0,65.8,67.8,66.4,0.23,0.31,0.32
OLEA,2017-08-21 04:25:00 EDT,42.09141,-78.40743,1500,57.9,58.1,57.9,95.3,56.5,0.000,0.000,0.00,0.000,2.1,3.9,0.9,73,16,2.6,4.8,1.1,73,17,2.1,3.9,0.9,73,16,0,28.60,,0,0,0,65.8,67.8,66.4,0.23,0.31,0.33
OLEA,2017-08-21 04:30:00 EDT,42.09141,-78.40743,1500,57.9,58.1,57.9,95.1,56.5,0.000,0.000,0.00,0.000,2.1,3.4,0.6,73,20,2.5,4.3,0.9,72,19,2.1,3.4,0.6,73,20,0,28.61,,0,0,0,65.8,67.8,66.4,0.23,0.31,0.33
OLEA,2017-08-21 04:35:00 EDT,42.09141,-78.40743,1500,57.8,58.1,57.8,95.0,56.4,0.000,0.000,0.00,0.000,3.3,5.6,0.8,69,13,3.8,6.9,1.1,70,13,3.3,5.6,0.8,69,13,0,28.60,,0,0,0,65.8,67.8,66.4,0.23,0.31,0.32
OLEA,2017-08-21 04:40:00 EDT,42.09141,-78.40743,1500,58.0,58.1,58.0,95.1,56.6,0.000,0.000,0.00,0.000,3.3,5.8,0.9,78,18,3.8,6.9,1.1,81,16,3.3,5.8,0.9,78,18,0,28.61,,0,0,0,65.8,67.8,66.4,0.23,0.31,0.33
OLEA,2017-08-21 04:45:00 EDT,42.09141,-78.40743,1500,58.1,58.2,58.1,95.1,56.7,0.000,0.000,0.00,0.000,3.7,6.0,0.9,84,17,4.3,6.9,1.1,86,16,3.7,6.0,0.9,84,17,0,28.61,,0,0,0,65.8,67.8,66.4,0.23,0.31,0.33
OLEA,2017-08-21 04:50:00 EDT,42.09141,-78.40743,1500,58.3,58.4,58.3,94.9,56.9,0.000,0.000,0.00,0.000,1.9,3.7,0.8,81,23,2.3,4.6,0.9,84,22,1.9,3.7,0.8,81,23,0,28.61,,0,0,0,65.8,67.8,66.4,0.23,0.31,0.33
OLEA,2017-08-21 04:55:00 EDT,42.09141,-78.40743,1500,58.5,58.6,58.5,94.6,57.0,0.000,0.000,0.00,0.000,2.9,5.2,0.9,62,13,3.2,6.4,1.1,63,13,2.9,5.2,0.9,62,13,0,28.61,,0,0,0,65.8,67.8,66.4,0.23,0.31,0.33
OLEA,2017-08-21 05:00:00 EDT,42.09141,-78.40743,1500,58.6,58.7,58.6,94.0,56.8,0.000,0.000,0.00,0.000,3.1,5.6,0.8,62,15,3.6,6.6,1.1,64,13,3.1,5.6,0.8,62,15,0,28.61,,0,0,0,65.8,67.8,66.4,0.23,0.31,0.33
OLEA,2017-08-21 05:05:00 EDT,42.09141,-78.40743,1500,58.5,58.6,58.5,93.6,56.7,0.000,0.000,0.00,0.000,1.8,3.2,0.7,73,21,2.2,4.0,0.7,75,20,1.8,3.2,0.7,73,21,0,28.61,,0,0,0,65.8,67.8,66.4,0.23,0.31,0.33
OLEA,2017-08-21 05:10:00 EDT,42.09141,-78.40743,1500,58.4,58.6,58.4,93.5,56.6,0.000,0.000,0.00,0.000,2.0,2.9,0.6,78,20,2.4,3.7,0.7,78,20,2.0,2.9,0.6,78,20,0,28.61,,0,0,0,65.8,67.8,66.4,0.23,0.31,0.33
OLEA,2017-08-21 05:15:00 EDT,42.09141,-78.40743,1500,58.3,58.4,58.3,93.8,56.5,0.000,0.000,0.00,0.000,1.4,2.2,0.4,79,17,1.8,3.0,0.4,78,19,1.4,2.2,0.4,79,17,0,28.61,,0,0,0,65.8,67.8,66.4,0.23,0.31,0.33
OLEA,2017-08-21 05:20:00 EDT,42.09141,-78.40743,1500,58.3,58.4,58.3,94.0,56.6,0.000,0.000,0.00,0.000,1.3,3.1,0.6,84,24,1.6,3.5,0.6,86,25,1.3,3.1,0.6,84,24,0,28.60,,0,0,0,65.8,67.8,66.4,0.23,0.31,0.33
OLEA,2017-08-21 05:25:00 EDT,42.09141,-78.40743,1500,58.3,58.3,58.3,94.1,56.6,0.000,0.000,0.00,0.000,2.0,3.9,0.9,73,19,2.4,5.3,1.0,74,21,2.0,3.9,0.9,73,19,0,28.61,,0,0,0,65.8,67.8,66.4,0.23,0.31,0.33
OLEA,2017-08-21 05:30:00 EDT,42.09141,-78.40743,1500,58.3,58.4,58.3,94.2,56.7,0.000,0.000,0.00,0.000,1.9,3.7,0.8,95,22,2.4,4.8,0.9,94,21,1.9,3.7,0.8,95,22,0,28.61,,0,0,0,65.8,67.8,66.4,0.23,0.31,0.33
OLEA,2017-08-21 05:35:00 EDT,42.09141,-78.40743,1500,58.4,58.4,58.4,94.0,56.7,0.000,0.000,0.00,0.000,2.2,4.8,1.0,103,26,2.7,6.0,1.1,104,25,2.2,4.8,1.0,103,26,0,28.61,,0,0,0,65.8,67.8,66.4,0.23,0.31,0.33
OLEA,2017-08-21 05:40:00 EDT,42.09141,-78.40743,1500,58.5,58.6,58.5,94.1,56.8,0.000,0.000,0.00,0.000,1.7,4.0,0.9,104,25,2.1,5.5,0.9,107,25,1.7,4.0,0.9,104,25,0,28.61,,0,0,0,65.8,67.8,66.4,0.23,0.31,0.33
OLEA,2017-08-21 05:45:00 EDT,42.09141,-78.40743,1500,58.7,58.7,58.7,93.8,56.9,0.000,0.000,0.00,0.000,3.2,7.1,1.1,101,18,3.6,8.8,1.2,104,18,3.2,7.1,1.1,101,18,0,28.61,,0,0,0,65.8,67.8,66.4,0.23,0.31,0.33
OLEA,2017-08-21 05:50:00 EDT,42.09141,-78.40743,1500,58.8,58.8,58.8,93.2,56.8,0.000,0.000,0.00,0.000,1.8,3.2,0.7,78,17,2.3,3.9,0.8,81,18,1.8,3.2,0.7,78,17,0,28.61,,0,0,0,65.8,67.7,66.4,0.23,0.31,0.33
OLEA,2017-08-21 05:55:00 EDT,42.09141,-78.40743,1500,58.7,58.8,58.7,93.1,56.7,0.000,0.000,0.00,0.000,3.0,5.1,1.0,101,18,3.6,6.5,1.1,103,16,3.0,5.1,1.0,101,18,0,28.61,,0,0,0,65.8,67.8,66.4,0.23,0.31,0.33
OLEA,2017-08-21 06:00:00 EDT,42.09141,-78.40743,1500,58.7,58.7,58.7,92.8,56.6,0.000,0.000,0.00,0.000,2.3,4.6,0.8,99,18,2.8,5.9,1.0,101,16,2.3,4.6,0.8,99,18,0,28.61,,0,0,0,65.8,67.7,66.4,0.23,0.31,0.33
OLEA,2017-08-21 06:05:00 EDT,42.09141,-78.40743,1500,58.5,58.5,58.5,93.0,56.5,0.000,0.000,0.00,0.000,2.9,6.0,1.2,96,17,3.4,7.0,1.4,99,15,2.9,6.0,1.2,96,17,0,28.60,,0,0,0,65.8,67.7,66.4,0.23,0.31,0.33
OLEA,2017-08-21 06:10:00 EDT,42.09141,-78.40743,1500,58.4,58.5,58.4,93.3,56.5,0.000,0.000,0.00,0.000,4.9,9.4,1.7,93,13,5.4,10.5,1.9,96,11,4.9,9.4,1.7,93,13,0,28.60,,0,0,0,65.8,67.5,66.4,0.23,0.31,0.33
OLEA,2017-08-21 06:15:00 EDT,42.09141,-78.40743,1500,58.5,58.6,58.5,93.3,56.6,0.000,0.000,0.00,0.000,5.1,8.3,1.3,92,14,5.7,9.0,1.5,94,11,5.1,8.3,1.3,92,14,1,28.60,,0,0,0,65.8,67.5,66.4,0.23,0.31,0.33
OLEA,2017-08-21 06:20:00 EDT,42.09141,-78.40743,1500,58.5,58.9,58.5,93.3,56.6,0.000,0.000,0.00,0.000,4.2,8.3,1.3,89,14,4.9,10.2,1.6,90,12,4.2,8.3,1.3,89,14,1,28.60,,0,0,0,65.8,67.5,66.4,0.23,0.31,0.33
OLEA,2017-08-21 06:25:00 EDT,42.09141,-78.40743,1500,58.7,59.0,58.7,93.3,56.8,0.000,0.000,0.00,0.000,5.0,6.7,0.9,88,12,5.6,7.5,1.0,89,13,5.0,6.7,0.9,88,12,2,28.60,,0,0,0,65.8,67.5,66.4,0.23,0.31,0.33
OLEA,2017-08-21 06:30:00 EDT,42.09141,-78.40743,1500,59.0,59.3,59.0,92.7,56.9,0.000,0.000,0.00,0.000,5.2,7.9,1.1,77,13,6.1,9.4,1.4,79,10,5.2,7.9,1.1,77,13,3,28.60,,0,0,0,65.8,67.5,66.4,0.23,0.31,0.33
OLEA,2017-08-21 06:35:00 EDT,42.09141,-78.40743,1500,59.2,59.3,59.2,92.1,56.9,0.000,0.000,0.00,0.000,4.3,6.3,0.9,75,14,5.1,7.9,1.3,77,12,4.3,6.3,0.9,75,14,4,28.61,,0,0,0,65.8,67.5,66.4,0.23,0.31,0.33
OLEA,2017-08-21 06:40:00 EDT,42.09141,-78.40743,1500,59.2,59.4,59.2,92.2,57.0,0.000,0.000,0.00,0.000,3.0,5.6,1.0,83,15,3.5,6.7,1.2,85,16,3.0,5.6,1.0,83,15,6,28.61,,0,0,0,65.8,67.5,66.4,0.23,0.31,0.33
OLEA,2017-08-21 06:45:00 EDT,42.09141,-78.40743,1500,59.3,59.4,59.3,92.4,57.1,0.000,0.000,0.00,0.000,3.3,6.1,1.1,80,17,3.9,8.4,1.4,81,15,3.3,6.1,1.1,80,17,14,28.60,,0,0,0,65.8,67.5,66.4,0.23,0.31,0.33
OLEA,2017-08-21 06:50:00 EDT,42.09141,-78.40743,1500,59.3,59.4,59.3,92.1,57.0,0.000,0.000,0.00,0.000,1.8,4.3,1.3,113,34,2.2,5.0,1.2,122,37,1.8,4.3,1.3,113,34,18,28.60,,0,0,0,65.8,67.5,66.4,0.23,0.31,0.33
OLEA,2017-08-21 06:55:00 EDT,42.09141,-78.40743,1500,59.4,59.3,59.4,91.9,57.1,0.000,0.000,0.00,0.000,0.2,1.1,0.3,231,27,0.6,1.8,0.6,228,41,0.2,1.1,0.3,231,27,22,28.60,,0,0,0,65.8,67.5,66.4,0.23,0.31,0.33
OLEA,2017-08-21 07:00:00 EDT,42.09141,-78.40743,1500,59.5,59.4,59.5,91.7,57.1,0.000,0.000,0.00,0.000,0.6,2.3,0.8,103,10,0.8,2.8,0.9,108,15,0.6,2.3,0.8,103,10,25,28.60,,0,0,0,65.8,67.5,66.4,0.23,0.31,0.33
OLEA,2017-08-21 07:05:00 EDT,42.09141,-78.40743,1500,59.7,59.5,59.7,91.0,57.0,0.000,0.000,0.00,0.000,1.9,5.1,1.1,95,20,2.3,5.8,1.1,96,20,1.9,5.1,1.1,95,20,30,28.60,,0,0,0,65.8,67.5,66.4,0.23,0.31,0.33
OLEA,2017-08-21 07:10:00 EDT,42.09141,-78.40743,1500,59.7,59.6,59.7,90.9,57.1,0.000,0.000,0.00,0.000,2.2,4.3,0.8,106,18,2.5,4.9,0.9,108,17,2.2,4.3,0.8,106,18,40,28.60,,0,0,0,65.8,67.5,66.4,0.23,0.31,0.33
OLEA,2017-08-21 07:15:00 EDT,42.09141,-78.40743,1500,59.9,59.7,59.9,91.2,57.3,0.000,0.000,0.00,0.000,1.2,2.3,0.7,96,20,1.7,3.2,0.8,95,25,1.2,2.3,0.7,96,20,53,28.60,,0,0,0,65.8,67.5,66.4,0.23,0.31,0.33
OLEA,2017-08-21 07:20:00 EDT,42.09141,-78.40743,1500,60.1,59.9,60.1,91.0,57.5,0.000,0.000,0.00,0.000,1.9,3.7,1.0,85,20,2.3,4.5,1.0,89,20,1.9,3.7,1.0,85,20,70,28.60,,0,0,0,65.8,67.5,66.4,0.23,0.31,0.33
OLEA,2017-08-21 07:25:00 EDT,42.09141,-78.40743,1500,60.4,60.2,60.4,90.6,57.7,0.000,0.000,0.00,0.000,2.4,3.6,0.5,52,14,2.7,4.6,0.7,55,13,2.4,3.6,0.5,52,14,65,28.60,,0,0,0,65.8,67.5,66.4,0.23,0.31,0.33
OLEA,2017-08-21 07:30:00 EDT,42.09141,-78.40743,1500,60.4,60.2,60.4,89.4,57.3,0.000,0.000,0.00,0.000,3.8,5.8,0.8,75,11,4.5,7.2,1.1,78,11,3.8,5.8,0.8,75,11,47,28.60,,0,0,0,65.8,67.5,66.4,0.23,0.31,0.33
OLEA,2017-08-21 07:35:00 EDT,42.09141,-78.40743,1500,60.4,60.2,60.4,90.4,57.5,0.000,0.000,0.00,0.000,2.6,5.4,1.1,91,17,3.0,6.2,1.3,94,15,2.6,5.4,1.1,91,17,35,28.60,,0,0,0,65.8,67.5,66.4,0.23,0.31,0.33
OLEA,2017-08-21 07:40:00 EDT,42.09141,-78.40743,1500,60.4,60.3,60.4,90.9,57.7,0.000,0.000,0.00,0.000,3.4,5.6,0.9,105,13,3.7,6.3,1.2,107,12,3.4,5.6,0.9,105,13,29,28.60,,0,0,0,65.8,67.5,66.4,0.23,0.31,0.33
OLEA,2017-08-21 07:45:00 EDT,42.09141,-78.40743,1500,60.4,60.3,60.4,90.4,57.6,0.000,0.000,0.00,0.000,2.7,4.1,0.8,85,18,3.3,5.7,1.1,87,17,2.7,4.1,0.8,85,18,27,28.60,,0,0,0,65.8,67.5,66.4,0.23,0.31,0.33
OLEA,2017-08-21 07:50:00 EDT,42.09141,-78.40743,1500,60.3,60.2,60.3,90.8,57.6,0.000,0.000,0.00,0.000,3.5,6.3,1.3,81,16,4.1,7.4,1.4,82,15,3.5,6.3,1.3,81,16,28,28.60,,0,0,0,65.8,67.5,66.4,0.23,0.31,0.33
OLEA,2017-08-21 07:55:00 EDT,42.09141,-78.40743,1500,60.4,60.3,60.4,91.7,58.0,0.000,0.000,0.00,0.000,3.4,5.3,0.9,78,12,4.1,6.8,1.2,79,11,3.4,5.3,0.9,78,12,23,28.60,,0,0,0,65.8,67.5,66.4,0.23,0.31,0.33
OLEA,2017-08-21 08:00:00 EDT,42.09141,-78.40743,1500,60.6,60.6,60.6,91.9,58.2,0.000,0.000,0.00,0.000,2.1,4.0,0.9,96,17,2.4,4.7,1.0,100,22,2.1,4.0,0.9,96,17,10,28.60,,0,0,0,65.8,67.5,66.4,0.23,0.31,0.33
OLEA,2017-08-21 08:05:00 EDT,42.09141,-78.40743,1500,60.4,60.3,60.4,92.1,58.1,0.000,0.000,0.00,0.000,1.4,2.3,0.4,226,27,1.8,2.7,0.5,230,27,1.4,2.3,0.4,226,27,6,28.61,,0,0,0,65.8,67.5,66.4,0.23,0.31,0.33
OLEA,2017-08-21 08:10:00 EDT,42.09141,-78.40743,1500,60.5,60.6,60.5,92.2,58.2,0.000,0.000,0.00,0.000,4.9,11.3,2.8,297,25,5.6,12.5,3.1,303,23,4.9,11.3,2.8,297,25,9,28.62,,0,0,0,65.8,67.5,66.4,0.23,0.31,0.33
OLEA,2017-08-21 08:15:00 EDT,42.09141,-78.40743,1500,61.5,61.6,61.5,90.2,58.6,0.002,0.002,0.00,0.002,5.5,10.2,2.3,4,34,6.2,12.7,2.4,4,30,5.5,10.2,2.3,4,34,21,28.62,,0,0,0,65.8,67.5,66.4,0.23,0.31,0.33
OLEA,2017-08-21 08:20:00 EDT,42.09141,-78.40743,1500,62.4,62.6,62.4,86.8,58.4,0.000,0.002,0.00,0.002,0.9,2.8,0.5,99,64,1.3,3.0,0.6,136,65,0.9,2.8,0.5,99,64,33,28.62,,0,0,0,65.8,67.5,66.4,0.23,0.31,0.33
OLEA,2017-08-21 08:25:00 EDT,42.09141,-78.40743,1500,61.7,61.8,61.7,89.5,58.6,0.000,0.002,0.00,0.002,1.8,2.4,0.3,185,12,2.1,2.9,0.4,189,14,1.8,2.4,0.3,185,12,36,28.62,,0,0,0,65.8,67.4,66.4,0.23,0.31,0.33
OLEA,2017-08-21 08:30:00 EDT,42.09141,-78.40743,1500,61.6,61.6,61.6,91.4,59.1,0.000,0.002,0.00,0.002,2.8,3.9,0.7,151,16,3.0,4.3,0.7,154,18,2.8,3.9,0.7,151,16,45,28.62,,0,0,0,65.8,67.4,66.4,0.23,0.31,0.33
OLEA,2017-08-21 08:35:00 EDT,42.09141,-78.40743,1500,61.5,61.3,61.5,91.8,59.1,0.000,0.002,0.00,0.002,1.0,3.6,1.0,151,28,1.4,4.1,1.0,149,31,1.0,3.6,1.0,151,28,51,28.62,,0,0,0,65.8,67.4,66.4,0.23,0.31,0.33
OLEA,2017-08-21 08:40:00 EDT,42.09141,-78.40743,1500,61.7,61.4,61.7,91.0,59.0,0.000,0.002,0.00,0.002,1.4,2.8,1.0,118,21,1.8,3.5,1.0,120,22,1.4,2.8,1.0,118,21,65,28.62,,0,0,0,65.8,67.3,66.4,0.23,0.31,0.33
OLEA,2017-08-21 08:45:00 EDT,42.09141,-78.40743,1500,61.7,61.3,61.7,90.8,58.9,0.000,0.002,0.00,0.002,1.4,2.6,0.4,47,37,1.6,3.5,0.6,52,35,1.4,2.6,0.4,47,37,73,28.62,,0,0,0,65.8,67.3,66.4,0.23,0.31,0.33
OLEA,2017-08-21 08:50:00 EDT,42.09141,-78.40743,1500,61.9,61.4,61.9,91.7,59.5,0.000,0.002,0.00,0.002,1.7,3.2,0.8,109,21,2.1,4.4,0.8,113,23,1.7,3.2,0.8,109,21,83,28.62,,0,0,0,65.8,67.2,66.4,0.23,0.31,0.33
OLEA,2017-08-21 08:55:00 EDT,42.09141,-78.40743,1500,61.6,61.2,61.6,91.1,58.9,0.000,0.002,0.00,0.002,2.4,5.3,0.9,115,27,2.7,6.3,1.1,118,27,2.4,5.3,0.9,115,27,107,28.61,,0,0,0,65.8,67.1,66.4,0.23,0.31,0.33
OLEA,2017-08-21 09:00:00 EDT,42.09141,-78.40743,1500,62.0,61.6,62.0,91.2,59.4,0.000,0.002,0.00,0.002,2.1,4.8,0.9,115,24,2.3,4.9,0.9,117,23,2.1,4.8,0.9,115,24,112,28.61,,0,0,0,65.8,67.1,66.4,0.23,0.31,0.33
OLEA,2017-08-21 09:05:00 EDT,42.09141,-78.40743,1500,62.2,61.8,62.2,90.9,59.5,0.000,0.002,0.00,0.002,3.1,5.8,1.0,124,19,3.6,7.1,1.0,129,21,3.1,5.8,1.0,124,19,100,28.61,,0,0,0,65.8,67.1,66.4,0.23,0.31,0.33
OLEA,2017-08-21 09:10:00 EDT,42.09141,-78.40743,1500,62.4,62.1,62.4,90.6,59.6,0.000,0.002,0.00,0.002,2.0,4.2,0.8,120,29,2.3,4.5,0.9,124,29,2.0,4.2,0.8,120,29,86,28.61,,0,0,0,65.8,67.1,66.4,0.23,0.31,0.33
OLEA,2017-08-21 09:15:00 EDT,42.09141,-78.40743,1500,62.8,62.4,62.8,89.9,59.8,0.000,0.002,0.00,0.000,2.7,4.7,1.1,61,44,3.0,5.2,1.2,67,45,2.7,4.7,1.1,61,44,80,28.61,,0,0,0,65.8,67.1,66.4,0.23,0.31,0.33
OLEA,2017-08-21 09:20:00 EDT,42.09141,-78.40743,1500,63.2,62.6,63.2,89.9,60.2,0.000,0.002,0.00,0.000,1.5,2.6,0.6,85,20,1.9,3.4,0.7,86,22,1.5,2.6,0.6,85,20,113,28.61,,0,0,0,65.8,67.1,66.4,0.23,0.31,0.33
OLEA,2017-08-21 09:25:00 EDT,42.09141,-78.40743,1500,64.1,63.5,64.1,87.5,60.3,0.000,0.002,0.00,0.000,2.5,5.8,1.2,73,15,3.1,6.9,1.3,76,14,2.5,5.8,1.2,73,15,206,28.61,,0,0,0,65.9,67.1,66.4,0.23,0.31,0.33
OLEA,2017-08-21 09:30:00 EDT,42.09141,-78.40743,1500,64.9,64.1,64.9,85.1,60.3,0.000,0.002,0.00,0.000,2.7,5.4,1.1,83,19,3.1,6.4,1.4,85,18,2.7,5.4,1.1,83,19,245,28.61,,0,0,0,65.9,67.1,66.4,0.23,0.31,0.33
OLEA,2017-08-21 09:35:00 EDT,42.09141,-78.40743,1500,65.2,64.4,65.2,83.4,60.1,0.000,0.002,0.00,0.000,3.8,5.3,0.8,81,15,4.5,6.3,0.9,84,14,3.8,5.3,0.8,81,15,232,28.61,,0,0,0,66.0,67.1,66.4,0.23,0.31,0.33
OLEA,2017-08-21 09:40:00 EDT,42.09141,-78.40743,1500,66.0,64.9,66.0,83.2,60.7,0.000,0.002,0.00,0.000,3.0,4.8,0.8,90,16,3.5,5.4,0.9,92,16,3.0,4.8,0.8,90,16,362,28.61,,0,0,0,66.0,67.1,66.4,0.23,0.31,0.33
OLEA,2017-08-21 09:45:00 EDT,42.09141,-78.40743,1500,66.1,65.5,66.1,79.9,59.7,0.000,0.002,0.00,0.000,2.6,5.0,1.0,143,24,2.8,5.8,1.0,145,24,2.6,5.0,1.0,143,24,309,28.61,,0,0,0,66.0,67.1,66.4,0.23,0.31,0.33
OLEA,2017-08-21 09:50:00 EDT,42.09141,-78.40743,1500,66.6,65.9,66.6,79.7,60.2,0.000,0.002,0.00,0.000,2.4,3.8,0.6,111,18,2.6,4.3,0.6,113,19,2.4,3.8,0.6,111,18,338,28.61,,0,0,0,66.0,67.1,66.4,0.23,0.31,0.33
OLEA,2017-08-21 09:55:00 EDT,42.09141,-78.40743,1500,67.2,66.3,67.2,80.9,61.1,0.000,0.002,0.00,0.000,2.5,4.2,0.7,114,25,2.8,5.0,0.8,115,26,2.5,4.2,0.7,114,25,342,28.61,,0,0,0,66.0,67.1,66.4,0.23,0.31,0.33
OLEA,2017-08-21 10:00:00 EDT,42.09141,-78.40743,1500,67.3,67.0,67.3,79.6,60.8,0.000,0.002,0.00,0.000,4.0,6.4,1.0,140,18,4.5,7.2,1.2,143,18,4.0,6.4,1.0,140,18,329,28.60,,0,0,0,66.0,67.1,66.4,0.23,0.31,0.33
OLEA,2017-08-21 10:05:00 EDT,42.09141,-78.40743,1500,68.5,67.6,68.5,79.2,61.8,0.000,0.002,0.00,0.000,3.1,6.3,1.1,125,20,3.4,7.2,1.2,129,20,3.1,6.3,1.1,125,20,593,28.60,,0,0,0,66.0,67.1,66.4,0.23,0.31,0.33
OLEA,2017-08-21 10:10:00 EDT,42.09141,-78.40743,1500,69.6,68.3,69.6,76.2,61.8,0.000,0.002,0.00,0.000,3.6,5.7,0.9,108,19,3.9,6.8,1.1,109,17,3.6,5.7,0.9,108,19,568,28.60,,0,0,0,66.0,67.1,66.4,0.23,0.31,0.33
OLEA,2017-08-21 10:15:00 EDT,42.09141,-78.40743,1500,70.4,69.2,70.4,75.3,62.2,0.000,0.002,0.00,0.000,2.9,5.2,1.1,117,24,3.5,6.4,1.2,123,24,2.9,5.2,1.1,117,24,551,28.60,,0,0,0,66.3,67.1,66.4,0.23,0.31,0.33
OLEA,2017-08-21 10:20:00 EDT,42.09141,-78.40743,1500,71.1,69.7,71.1,72.7,61.8,0.000,0.002,0.00,0.000,2.9,5.8,0.9,113,25,3.4,5.8,1.0,113,26,2.9,5.8,0.9,113,25,595,28.60,,0,0,0,66.4,67.1,66.4,0.23,0.31,0.33
OLEA,2017-08-21 10:25:00 EDT,42.09141,-78.40743,1500,71.8,70.3,71.8,70.5,61.7,0.000,0.002,0.00,0.000,2.0,4.5,1.2,103,25,2.6,5.2,1.3,103,25,2.0,4.5,1.2,103,25,604,28.60,,0,0,0,66.4,67.1,66.4,0.23,0.31,0.33
OLEA,2017-08-21 10:30:00 EDT,42.09141,-78.40743,1500,71.9,70.4,71.9,69.5,61.4,0.000,0.002,0.00,0.000,3.3,5.4,0.7,86,21,3.8,6.5,1.0,89,21,3.3,5.4,0.7,86,21,655,28.59,,0,0,0,66.4,67.1,66.4,0.23,0.31,0.33
OLEA,2017-08-21 10:35:00 EDT,42.09141,-78.40743,1500,72.6,70.8,72.6,69.1,61.9,0.000,0.002,0.00,0.000,3.7,5.9,1.0,102,25,4.3,7.3,1.2,105,23,3.7,5.9,1.0,102,25,554,28.59,,0,0,0,66.4,67.1,66.4,0.23,0.31,0.33
OLEA,2017-08-21 10:40:00 EDT,42.09141,-78.40743,1500,72.6,71.2,72.6,69.9,62.3,0.000,0.002,0.00,0.000,3.0,5.0,1.0,97,35,3.5,6.7,1.2,100,35,3.0,5.0,1.0,97,35,533,28.59,,0,0,0,66.5,67.1,66.4,0.23,0.31,0.33
OLEA,2017-08-21 10:45:00 EDT,42.09141,-78.40743,1500,72.7,71.0,72.7,69.5,62.1,0.000,0.002,0.00,0.000,3.6,6.4,1.0,80,16,4.2,7.3,1.2,81,15,3.6,6.4,1.0,80,16,442,28.59,,0,0,0,66.7,67.1,66.4,0.23,0.31,0.33
OLEA,2017-08-21 10:50:00 EDT,42.09141,-78.40743,1500,72.4,71.1,72.4,70.1,62.2,0.000,0.002,0.00,0.000,1.7,4.5,1.3,48,21,2.1,5.4,1.3,51,22,1.7,4.5,1.3,48,21,534,28.59,,0,0,0,66.7,67.1,66.4,0.23,0.31,0.33
OLEA,2017-08-21 10:55:00 EDT,42.09141,-78.40743,1500,72.8,71.8,72.8,70.1,62.5,0.000,0.002,0.00,0.000,2.2,5.6,1.3,64,34,2.7,6.6,1.5,66,34,2.2,5.6,1.3,64,34,492,28.58,,0,0,0,66.7,67.1,66.4,0.23,0.31,0.33
OLEA,2017-08-21 11:00:00 EDT,42.09141,-78.40743,1500,74.1,72.8,74.1,68.0,62.9,0.000,0.002,0.00,0.000,2.8,6.3,1.4,101,25,3.3,7.1,1.5,106,25,2.8,6.3,1.4,101,25,660,28.58,,0,0,0,66.9,67.1,66.4,0.23,0.31,0.33
OLEA,2017-08-21 11:05:00 EDT,42.09141,-78.40743,1500,74.4,73.2,74.4,68.1,63.2,0.000,0.002,0.00,0.000,2.4,4.7,1.2,134,37,2.9,5.1,1.3,134,39,2.4,4.7,1.2,134,37,723,28.59,,0,0,0,67.1,67.1,66.4,0.23,0.31,0.33
OLEA,2017-08-21 11:10:00 EDT,42.09141,-78.40743,1500,74.2,73.0,74.2,67.4,62.7,0.000,0.002,0.00,0.000,2.8,4.6,1.0,75,26,3.4,5.4,1.1,79,28,2.8,4.6,1.0,75,26,401,28.59,,0,0,0,67.1,67.1,66.4,0.23,0.31,0.33
OLEA,2017-08-21 11:15:00 EDT,42.09141,-78.40743,1500,75.1,73.6,75.1,68.7,64.1,0.000,0.002,0.00,0.000,1.2,4.0,1.0,93,30,1.6,4.7,1.1,97,42,1.2,4.0,1.0,93,30,592,28.59,,0,0,0,67.1,67.1,66.4,0.23,0.31,0.33
OLEA,2017-08-21 11:20:00 EDT,42.09141,-78.40743,1500,76.2,75.0,76.2,66.4,64.2,0.000,0.002,0.00,0.000,2.0,4.3,1.4,168,19,2.8,5.2,1.5,173,20,2.0,4.3,1.4,168,19,690,28.59,,0,0,0,67.4,67.1,66.4,0.23,0.31,0.33
OLEA,2017-08-21 11:25:00 EDT,42.09141,-78.40743,1500,75.0,74.0,75.0,65.0,62.5,0.000,0.002,0.00,0.000,1.8,3.9,0.9,166,48,2.2,4.8,1.1,167,50,1.8,3.9,0.9,166,48,680,28.58,,0,0,0,67.5,67.1,66.4,0.23,0.31,0.33
OLEA,2017-08-21 11:30:00 EDT,42.09141,-78.40743,1500,76.1,74.6,76.1,65.2,63.6,0.000,0.002,0.00,0.000,1.2,2.6,0.7,135,41,1.6,3.6,0.8,133,45,1.2,2.6,0.7,135,41,676,28.58,,0,0,0,67.5,67.1,66.4,0.23,0.31,0.33
OLEA,2017-08-21 11:35:00 EDT,42.09141,-78.40743,1500,76.3,75.3,76.3,64.9,63.7,0.000,0.002,0.00,0.000,2.0,4.1,1.1,103,29,2.4,5.0,1.2,105,32,2.0,4.1,1.1,103,29,689,28.58,,0,0,0,67.7,67.1,66.4,0.23,0.31,0.33
OLEA,2017-08-21 11:40:00 EDT,42.09141,-78.40743,1500,77.8,76.1,77.8,65.3,65.2,0.000,0.002,0.00,0.000,2.9,5.0,1.1,133,27,3.3,5.6,1.2,137,29,2.9,5.0,1.1,133,27,699,28.58,,0,0,0,67.8,67.1,66.4,0.23,0.31,0.33
OLEA,2017-08-21 11:45:00 EDT,42.09141,-78.40743,1500,77.6,76.4,77.6,63.7,64.4,0.000,0.002,0.00,0.000,1.6,3.4,1.0,95,44,2.1,4.6,1.1,91,45,1.6,3.4,1.0,95,44,708,28.58,,0,0,0,67.8,67.1,66.4,0.23,0.31,0.33
OLEA,2017-08-21 11:50:00 EDT,42.09141,-78.40743,1500,78.2,76.7,78.2,64.2,65.1,0.000,0.002,0.00,0.000,1.9,3.4,0.8,27,25,2.5,4.4,0.9,29,25,1.9,3.4,0.8,27,25,709,28.57,,0,0,0,67.9,67.1,66.4,0.23,0.31,0.33
OLEA,2017-08-21 11:55:00 EDT,42.09141,-78.40743,1500,78.3,77.3,78.3,63.2,64.8,0.000,0.002,0.00,0.000,1.9,5.8,1.8,199,42,2.5,6.1,1.9,202,44,1.9,5.8,1.8,199,42,722,28.57,,0,0,0,68.2,67.1,66.4,0.23,0.31,0.33
OLEA,2017-08-21 12:00:00 EDT,42.09141,-78.40743,1500,78.4,77.3,78.4,62.8,64.7,0.000,0.002,0.00,0.000,3.3,5.9,1.2,210,26,3.9,7.2,1.4,215,28,3.3,5.9,1.2,210,26,728,28.57,,0,0,0,68.2,67.1,66.4,0.23,0.31,0.33
OLEA,2017-08-21 12:05:00 EDT,42.09141,-78.40743,1500,78.6,77.8,78.6,61.1,64.1,0.000,0.002,0.00,0.000,2.2,5.7,1.4,261,38,2.9,7.7,1.7,262,37,2.2,5.7,1.4,261,38,736,28.57,,0,0,0,68.4,67.1,66.4,0.23,0.31,0.33
OLEA,2017-08-21 12:10:00 EDT,42.09141,-78.40743,1500,78.9,78.1,78.9,62.0,64.8,0.000,0.002,0.00,0.000,4.1,6.2,1.0,203,26,4.8,6.8,1.2,206,27,4.1,6.2,1.0,203,26,749,28.57,,0,0,0,68.5,67.1,66.4,0.23,0.31,0.33
OLEA,2017-08-21 12:15:00 EDT,42.09141,-78.40743,1500,79.2,78.3,79.2,61.7,64.9,0.000,0.002,0.00,0.000,2.9,5.2,1.2,198,16,3.3,6.2,1.3,202,16,2.9,5.2,1.2,198,16,755,28.57,,0,0,0,68.5,67.1,66.4,0.23,0.31,0.33
OLEA,2017-08-21 12:20:00 EDT,42.09141,-78.40743,1500,79.2,78.8,79.2,60.0,64.1,0.000,0.002,0.00,0.000,1.1,3.6,1.0,328,46,1.8,4.3,1.1,330,50,1.1,3.6,1.0,328,46,770,28.57,,0,0,0,68.5,67.1,66.4,0.23,0.31,0.33
OLEA,2017-08-21 12:25:00 EDT,42.09141,-78.40743,1500,79.7,78.9,79.7,60.1,64.6,0.000,0.002,0.00,0.000,2.7,6.4,1.5,325,47,3.3,8.7,1.8,331,46,2.7,6.4,1.5,325,47,628,28.56,,0,0,0,68.9,67.1,66.4,0.23,0.31,0.33
OLEA,2017-08-21 12:30:00 EDT,42.09141,-78.40743,1500,79.7,79.1,79.7,59.4,64.4,0.000,0.002,0.00,0.000,4.3,7.8,1.4,289,34,4.8,8.4,1.5,294,33,4.3,7.8,1.4,289,34,659,28.56,,0,0,0,68.9,67.1,66.4,0.22,0.31,0.33
OLEA,2017-08-21 12:35:00 EDT,42.09141,-78.40743,1500,80.2,79.7,82.0,59.0,64.6,0.000,0.002,0.00,0.000,1.9,4.2,0.7,342,28,2.6,5.3,0.9,348,27,1.9,4.2,0.7,342,28,457,28.56,,0,0,0,68.9,67.1,66.4,0.22,0.31,0.33
OLEA,2017-08-21 12:40:00 EDT,42.09141,-78.40743,1500,80.0,79.7,80.0,57.8,63.8,0.000,0.002,0.00,0.000,4.3,12.3,2.3,280,18,5.0,12.9,2.6,285,15,4.3,12.3,2.3,280,18,385,28.56,,0,0,0,69.3,67.1,66.4,0.22,0.31,0.33
OLEA,2017-08-21 12:45:00 EDT,42.09141,-78.40743,1500,80.9,80.5,82.5,56.5,64.0,0.000,0.002,0.00,0.000,6.6,13.4,2.2,250,38,7.0,13.8,2.2,254,38,6.6,13.4,2.2,250,38,470,28.56,,0,0,0,69.3,67.1,66.4,0.22,0.31,0.33
OLEA,2017-08-21 12:50:00 EDT,42.09141,-78.40743,1500,81.5,81.0,82.8,54.4,63.4,0.000,0.002,0.00,0.000,5.5,12.1,2.2,225,27,6.2,13.2,2.5,229,29,5.5,12.1,2.2,225,27,626,28.55,,0,0,0,69.3,67.1,66.4,0.22,0.31,0.33
OLEA,2017-08-21 12:55:00 EDT,42.09141,-78.40743,1500,82.3,81.8,83.1,49.4,61.5,0.000,0.002,0.00,0.000,8.9,16.4,2.8,227,18,9.6,18.1,2.9,232,19,8.9,16.4,2.8,227,18,811,28.55,,0,0,0,69.6,67.1,66.4,0.23,0.31,0.33
OLEA,2017-08-21 13:00:00 EDT,42.09141,-78.40743,1500,83.1,82.6,83.7,47.9,61.4,0.000,0.002,0.00,0.000,5.4,13.6,3.0,248,28,6.3,13.9,3.0,255,29,5.4,13.6,3.0,248,28,738,28.55,,0,0,0,69.6,67.1,66.4,0.23,0.31,0.33
OLEA,2017-08-21 13:05:00 EDT,42.09141,-78.40743,1500,83.7,83.1,83.8,44.7,60.0,0.000,0.002,0.00,0.000,6.2,13.0,2.5,259,26,7.2,13.7,2.9,263,23,6.2,13.0,2.5,259,26,749,28.55,,0,0,0,69.7,67.0,66.4,0.23,0.31,0.33
OLEA,2017-08-21 13:10:00 EDT,42.09141,-78.40743,1500,83.4,82.9,83.2,43.6,58.9,0.000,0.002,0.00,0.000,7.3,13.4,2.8,259,21,8.4,15.6,3.2,265,20,7.3,13.4,2.8,259,21,635,28.55,,0,0,0,70.0,67.1,66.4,0.23,0.31,0.33
OLEA,2017-08-21 13:15:00 EDT,42.09141,-78.40743,1500,83.5,82.9,83.5,44.4,59.6,0.000,0.002,0.00,0.000,6.3,11.3,2.1,270,20,7.2,14.0,2.4,274,19,6.3,11.3,2.1,270,20,524,28.55,,0,0,0,70.0,67.1,66.4,0.23,0.31,0.33
OLEA,2017-08-21 13:20:00 EDT,42.09141,-78.40743,1500,83.2,82.7,83.2,44.7,59.5,0.000,0.002,0.00,0.000,4.8,9.6,2.1,257,34,5.4,10.3,2.1,266,33,4.8,9.6,2.1,257,34,760,28.55,,0,0,0,70.0,67.1,66.4,0.23,0.31,0.33
OLEA,2017-08-21 13:25:00 EDT,42.09141,-78.40743,1500,84.3,83.8,84.4,44.5,60.3,0.000,0.002,0.00,0.000,4.9,10.4,1.6,255,31,5.6,12.3,1.8,259,28,4.9,10.4,1.6,255,31,566,28.55,,0,0,0,70.3,67.1,66.4,0.23,0.31,0.33
OLEA,2017-08-21 13:30:00 EDT,42.09141,-78.40743,1500,84.3,83.8,84.1,43.4,59.6,0.000,0.002,0.00,0.000,7.0,12.3,2.2,235,24,7.8,14.7,2.4,243,22,7.0,12.3,2.2,235,24,690,28.55,,0,0,0,70.3,67.1,66.4,0.22,0.31,0.33
OLEA,2017-08-21 13:35:00 EDT,42.09141,-78.40743,1500,83.9,83.4,83.6,42.8,58.9,0.000,0.002,0.00,0.000,7.6,16.4,2.0,255,27,8.6,15.0,2.2,261,24,7.6,16.4,2.0,255,27,696,28.55,,0,0,0,70.5,67.1,66.4,0.23,0.31,0.33
OLEA,2017-08-21 13:40:00 EDT,42.09141,-78.40743,1500,84.1,83.5,83.8,42.6,58.9,0.000,0.002,0.00,0.000,8.5,16.5,3.3,237,22,9.3,17.0,3.4,243,23,8.5,16.5,3.3,237,22,664,28.55,,0,0,0,70.7,67.1,66.4,0.22,0.31,0.33
OLEA,2017-08-21 13:45:00 EDT,42.09141,-78.40743,1500,83.7,83.3,83.5,43.5,59.1,0.000,0.002,0.00,0.000,7.5,13.7,2.5,235,21,8.5,14.5,2.6,242,19,7.5,13.7,2.5,235,21,597,28.55,,0,0,0,70.7,67.1,66.4,0.22,0.31,0.33
OLEA,2017-08-21 13:50:00 EDT,42.09141,-78.40743,1500,83.6,83.2,83.4,43.2,58.9,0.000,0.002,0.00,0.000,9.2,15.6,2.5,232,24,10.1,15.7,2.5,237,24,9.2,15.6,2.5,232,24,594,28.55,,0,0,0,70.7,67.1,66.4,0.23,0.31,0.33
OLEA,2017-08-21 13:55:00 EDT,42.09141,-78.40743,1500,83.5,83.2,83.4,43.7,59.1,0.000,0.002,0.00,0.000,8.2,14.8,2.2,239,22,9.0,15.1,2.5,243,22,8.2,14.8,2.2,239,22,554,28.55,,0,0,0,71.1,67.1,66.4,0.22,0.31,0.33
OLEA,2017-08-21 14:00:00 EDT,42.09141,-78.40743,1500,83.9,83.5,84.0,44.9,60.2,0.000,0.002,0.00,0.000,4.9,10.2,2.3,226,23,5.4,10.8,2.4,232,20,4.9,10.2,2.3,226,23,475,28.55,,0,0,0,71.1,67.1,66.4,0.23,0.31,0.33
OLEA,2017-08-21 14:05:00 EDT,42.09141,-78.40743,1500,83.5,83.2,83.5,44.4,59.5,0.000,0.002,0.00,0.000,6.6,12.3,2.8,237,27,7.6,15.5,3.1,244,26,6.6,12.3,2.8,237,27,427,28.55,,0,0,0,71.1,67.1,66.4,0.23,0.31,0.33
OLEA,2017-08-21 14:10:00 EDT,42.09141,-78.40743,1500,82.8,82.7,82.7,44.1,58.7,0.000,0.002,0.00,0.000,6.6,11.5,2.0,221,23,7.2,12.8,2.1,227,22,6.6,11.5,2.0,221,23,365,28.55,,0,0,0,71.4,67.1,66.4,0.23,0.31,0.33
OLEA,2017-08-21 14:15:00 EDT,42.09141,-78.40743,1500,82.7,82.7,82.9,45.6,59.6,0.000,0.002,0.00,0.000,5.0,9.8,2.2,244,22,5.7,11.2,2.2,250,21,5.0,9.8,2.2,244,22,310,28.55,,0,0,0,71.4,67.1,66.4,0.23,0.31,0.33
OLEA,2017-08-21 14:20:00 EDT,42.09141,-78.40743,1500,82.2,82.3,82.4,46.1,59.4,0.000,0.002,0.00,0.000,5.4,11.0,2.4,266,25,6.4,13.6,2.6,272,24,5.4,11.0,2.4,266,25,266,28.55,,0,0,0,71.4,67.1,66.4,0.23,0.31,0.33
OLEA,2017-08-21 14:25:00 EDT,42.09141,-78.40743,1500,81.6,81.7,81.9,46.7,59.2,0.000,0.002,0.00,0.000,5.6,10.5,2.1,259,21,6.5,13.1,2.4,265,20,5.6,10.5,2.1,259,21,223,28.55,,0,0,0,71.5,67.1,66.4,0.22,0.31,0.33
OLEA,2017-08-21 14:30:00 EDT,42.09141,-78.40743,1500,81.3,81.5,81.7,47.5,59.5,0.000,0.002,0.00,0.000,6.6,11.2,2.1,275,23,7.5,13.9,2.4,280,21,6.6,11.2,2.1,275,23,186,28.54,,0,0,0,71.8,67.1,66.4,0.22,0.31,0.33
OLEA,2017-08-21 14:35:00 EDT,42.09141,-78.40743,1500,80.9,81.1,81.5,48.4,59.6,0.000,0.002,0.00,0.000,4.4,8.6,1.4,253,24,5.1,8.6,1.7,261,21,4.4,8.6,1.4,253,24,156,28.54,,0,0,0,71.8,67.1,66.4,0.22,0.31,0.33
OLEA,2017-08-21 14:40:00 EDT,42.09141,-78.40743,1500,80.6,80.9,81.3,49.9,60.1,0.000,0.002,0.00,0.000,3.9,7.5,1.2,233,27,4.4,9.3,1.5,241,28,3.9,7.5,1.2,233,27,147,28.54,,0,0,0,71.8,67.1,66.4,0.22,0.31,0.33
OLEA,2017-08-21 14:45:00 EDT,42.09141,-78.40743,1500,80.5,80.9,81.2,49.0,59.6,0.000,0.002,0.00,0.000,6.8,13.0,2.6,236,22,7.6,16.2,2.9,240,24,6.8,13.0,2.6,236,22,177,28.54,,0,0,0,71.8,67.1,66.4,0.22,0.31,0.33
OLEA,2017-08-21 14:50:00 EDT,42.09141,-78.40743,1500,80.6,80.9,81.2,48.6,59.4,0.000,0.002,0.00,0.000,4.2,8.0,1.2,231,19,4.6,7.3,1.3,237,19,4.2,8.0,1.2,231,19,202,28.54,,0,0,0,72.0,67.1,66.4,0.22,0.31,0.33
OLEA,2017-08-21 14:55:00 EDT,42.09141,-78.40743,1500,80.6,80.8,81.2,49.3,59.8,0.000,0.002,0.00,0.000,6.1,10.8,2.2,246,21,7.0,12.1,2.4,250,19,6.1,10.8,2.2,246,21,235,28.54,,0,0,0,72.3,67.1,66.4,0.22,0.31,0.33
OLEA,2017-08-21 15:00:00 EDT,42.09141,-78.40743,1500,80.8,80.9,81.4,48.9,59.8,0.000,0.002,0.00,0.000,6.6,11.7,2.1,264,19,7.6,13.2,2.5,269,17,6.6,11.7,2.1,264,19,274,28.54,,0,0,0,72.3,67.1,66.4,0.22,0.31,0.33
OLEA,2017-08-21 15:05:00 EDT,42.09141,-78.40743,1500,81.0,81.0,81.7,49.9,60.5,0.000,0.002,0.00,0.000,5.2,11.0,1.9,242,26,5.9,11.7,2.2,248,26,5.2,11.0,1.9,242,26,315,28.54,,0,0,0,72.3,67.1,66.4,0.22,0.31,0.33
OLEA,2017-08-21 15:10:00 EDT,42.09141,-78.40743,1500,81.1,81.1,81.9,49.7,60.6,0.000,0.002,0.00,0.000,5.5,11.2,1.9,247,24,6.5,11.8,2.2,252,21,5.5,11.2,1.9,247,24,359,28.53,,0,0,0,72.3,67.1,66.4,0.22,0.31,0.33
OLEA,2017-08-21 15:15:00 EDT,42.09141,-78.40743,1500,81.4,81.2,82.1,50.1,61.0,0.000,0.002,0.00,0.000,5.8,14.3,2.8,246,21,6.6,16.7,2.9,253,20,5.8,14.3,2.8,246,21,401,28.54,,0,0,0,72.3,67.1,66.4,0.22,0.31,0.33
OLEA,2017-08-21 15:20:00 EDT,42.09141,-78.40743,1500,81.7,81.5,82.4,49.8,61.1,0.000,0.002,0.00,0.000,5.0,9.1,1.6,245,25,5.4,10.2,1.9,251,26,5.0,9.1,1.6,245,25,441,28.53,,0,0,0,72.3,67.1,66.4,0.22,0.31,0.33
OLEA,2017-08-21 15:25:00 EDT,42.09141,-78.40743,1500,81.8,81.6,82.6,49.8,61.3,0.000,0.002,0.00,0.000,4.9,9.9,2.5,241,27,5.6,12.4,2.6,246,27,4.9,9.9,2.5,241,27,474,28.53,,0,0,0,72.3,67.1,66.4,0.22,0.31,0.33
OLEA,2017-08-21 15:30:00 EDT,42.09141,-78.40743,1500,82.0,81.8,82.6,48.5,60.7,0.000,0.002,0.00,0.000,7.5,11.5,1.9,253,26,8.2,12.6,1.9,260,25,7.5,11.5,1.9,253,26,517,28.53,,0,0,0,72.3,67.1,66.4,0.23,0.31,0.33
OLEA,2017-08-21 15:35:00 EDT,42.09141,-78.40743,1500,82.4,82.1,83.3,50.1,62.0,0.000,0.002,0.00,0.000,4.9,11.0,2.2,257,22,5.8,13.4,2.5,264,20,4.9,11.0,2.2,257,22,540,28.53,,0,0,0,72.3,67.1,66.4,0.22,0.31,0.33
OLEA,2017-08-21 15:40:00 EDT,42.09141,-78.40743,1500,82.5,82.0,83.1,48.9,61.3,0.000,0.002,0.00,0.000,6.7,11.8,2.1,256,20,7.7,13.3,2.3,262,18,6.7,11.8,2.1,256,20,574,28.53,,0,0,0,72.3,67.1,66.4,0.23,0.31,0.33
OLEA,2017-08-21 15:45:00 EDT,42.09141,-78.40743,1500,82.6,82.2,83.5,49.9,62.0,0.000,0.002,0.00,0.000,5.8,10.5,2.7,255,27,6.8,13.6,2.8,261,24,5.8,10.5,2.7,255,27,590,28.53,,0,0,0,72.3,67.1,66.4,0.22,0.31,0.33
OLEA,2017-08-21 15:50:00 EDT,42.09141,-78.40743,1500,83.4,82.7,84.6,50.8,63.3,0.000,0.002,0.00,0.000,4.2,10.0,2.2,290,28,4.9,10.2,2.2,295,25,4.2,10.0,2.2,290,28,613,28.53,,0,0,0,72.3,67.1,66.4,0.22,0.31,0.33
OLEA,2017-08-21 15:55:00 EDT,42.09141,-78.40743,1500,83.0,82.3,83.8,49.3,62.0,0.000,0.002,0.00,0.000,6.1,10.2,2.0,268,18,7.1,12.5,2.4,273,18,6.1,10.2,2.0,268,18,620,28.53,,0,0,0,72.4,67.1,66.4,0.22,0.31,0.33
OLEA,2017-08-21 16:00:00 EDT,42.09141,-78.40743,1500,82.8,82.3,83.6,49.5,62.0,0.000,0.002,0.00,0.000,6.2,10.9,1.8,268,30,6.7,12.9,1.9,274,29,6.2,10.9,1.8,268,30,555,28.53,,0,0,0,72.7,67.1,66.4,0.22,0.30,0.33
OLEA,2017-08-21 16:05:00 EDT,42.09141,-78.40743,1500,83.1,82.4,83.9,49.4,62.2,0.000,0.002,0.00,0.000,5.6,10.9,2.0,284,23,6.6,12.8,2.3,288,21,5.6,10.9,2.0,284,23,638,28.53,,0,0,0,72.7,67.1,66.4,0.22,0.31,0.33
OLEA,2017-08-21 16:10:00 EDT,42.09141,-78.40743,1500,83.6,82.9,84.6,50.1,63.0,0.000,0.002,0.00,0.000,4.8,10.4,1.9,261,32,5.6,11.8,2.0,268,33,4.8,10.4,1.9,261,32,598,28.52,,0,0,0,72.7,67.1,66.4,0.22,0.31,0.33
OLEA,2017-08-21 16:15:00 EDT,42.09141,-78.40743,1500,82.6,82.3,83.3,49.2,61.6,0.000,0.002,0.00,0.000,6.4,11.0,1.6,278,22,7.2,11.3,1.9,284,21,6.4,11.0,1.6,278,22,411,28.53,,0,0,0,72.7,67.1,66.4,0.22,0.31,0.33
OLEA,2017-08-21 16:20:00 EDT,42.09141,-78.40743,1500,82.1,81.8,82.7,48.8,61.0,0.000,0.002,0.00,0.000,8.2,13.3,2.2,287,16,9.0,14.7,2.3,291,14,8.2,13.3,2.2,287,16,194,28.53,,0,0,0,72.7,67.1,66.4,0.22,0.30,0.33
OLEA,2017-08-21 16:25:00 EDT,42.09141,-78.40743,1500,81.3,81.4,82.0,50.3,61.0,0.000,0.002,0.00,0.000,5.1,9.6,1.9,262,22,5.8,10.2,2.1,268,20,5.1,9.6,1.9,262,22,178,28.52,,0,0,0,72.7,67.1,66.4,0.22,0.31,0.33
OLEA,2017-08-21 16:30:00 EDT,42.09141,-78.40743,1500,81.0,81.2,81.8,50.4,60.8,0.000,0.002,0.00,0.000,5.6,10.2,1.8,247,22,6.3,11.5,1.9,252,22,5.6,10.2,1.8,247,22,261,28.53,,0,0,0,73.0,67.1,66.4,0.22,0.31,0.33
OLEA,2017-08-21 16:35:00 EDT,42.09141,-78.40743,1500,81.7,81.7,82.4,49.2,60.8,0.000,0.002,0.00,0.000,5.1,13.2,2.5,267,19,5.9,15.0,2.8,274,19,5.1,13.2,2.5,267,19,170,28.53,,0,0,0,73.0,67.2,66.4,0.22,0.31,0.33
OLEA,2017-08-21 16:40:00 EDT,42.09141,-78.40743,1500,80.9,81.1,81.7,50.1,60.6,0.000,0.002,0.00,0.000,5.6,8.8,1.5,248,26,6.4,10.8,1.8,256,26,5.6,8.8,1.5,248,26,231,28.53,,0,0,0,73.0,67.3,66.4,0.22,0.31,0.33
OLEA,2017-08-21 16:45:00 EDT,42.09141,-78.40743,1500,81.7,81.6,82.4,49.6,61.0,0.000,0.002,0.00,0.000,6.1,10.3,1.8,260,25,7.2,13.6,2.3,268,25,6.1,10.3,1.8,260,25,321,28.53,,0,0,0,73.0,67.4,66.4,0.22,0.31,0.33
OLEA,2017-08-21 16:50:00 EDT,42.09141,-78.40743,1500,81.6,81.5,82.4,50.5,61.4,0.000,0.002,0.00,0.000,2.3,5.5,1.5,246,30,2.9,7.8,1.8,250,31,2.3,5.5,1.5,246,30,351,28.53,,0,0,0,73.0,67.4,66.4,0.22,0.31,0.33
OLEA,2017-08-21 16:55:00 EDT,42.09141,-78.40743,1500,82.7,82.4,83.2,47.8,60.9,0.000,0.002,0.00,0.000,5.4,13.3,2.7,239,19,6.0,13.7,2.6,243,19,5.4,13.3,2.7,239,19,445,28.53,,0,0,0,73.0,67.4,66.4,0.23,0.31,0.33
OLEA,2017-08-21 17:00:00 EDT,42.09141,-78.40743,1500,82.5,82.5,82.8,46.6,60.0,0.000,0.002,0.00,0.000,4.6,9.5,1.8,264,18,5.6,12.8,2.1,269,17,4.6,9.5,1.8,264,18,213,28.53,,0,0,0,73.0,67.5,66.4,0.22,0.31,0.33
OLEA,2017-08-21 17:05:00 EDT,42.09141,-78.40743,1500,81.9,82.0,82.2,46.0,59.1,0.000,0.002,0.00,0.000,5.2,9.1,1.6,263,22,5.7,10.3,1.8,270,22,5.2,9.1,1.6,263,22,355,28.53,,0,0,0,73.0,67.5,66.4,0.22,0.31,0.33
OLEA,2017-08-21 17:10:00 EDT,42.09141,-78.40743,1500,82.7,82.5,82.9,46.1,59.9,0.000,0.002,0.00,0.000,6.4,9.7,2.0,223,22,6.9,11.6,2.3,227,21,6.4,9.7,2.0,223,22,440,28.53,,0,0,0,73.0,67.5,66.4,0.22,0.31,0.33
OLEA,2017-08-21 17:15:00 EDT,42.09141,-78.40743,1500,82.8,82.6,82.8,45.0,59.3,0.000,0.002,0.00,0.000,7.0,11.4,1.9,230,18,7.5,12.3,1.9,234,18,7.0,11.4,1.9,230,18,417,28.52,,0,0,0,73.0,67.5,66.4,0.22,0.31,0.33
OLEA,2017-08-21 17:20:00 EDT,42.09141,-78.40743,1500,83.0,82.8,83.2,45.6,59.8,0.000,0.002,0.00,0.000,5.1,10.5,2.0,252,22,5.7,11.9,2.3,259,21,5.1,10.5,2.0,252,22,410,28.52,,0,0,0,73.0,67.5,66.4,0.22,0.31,0.33
OLEA,2017-08-21 17:25:00 EDT,42.09141,-78.40743,1500,83.0,82.8,83.2,45.4,59.8,0.000,0.002,0.00,0.000,3.8,7.1,1.7,271,26,4.5,9.0,1.8,275,28,3.8,7.1,1.7,271,26,387,28.52,,0,0,0,73.0,67.5,66.4,0.22,0.31,0.33
OLEA,2017-08-21 17:30:00 EDT,42.09141,-78.40743,1500,83.0,82.6,83.2,46.0,60.1,0.000,0.002,0.00,0.000,4.7,10.4,2.9,276,23,5.8,12.3,2.7,280,26,4.7,10.4,2.9,276,23,375,28.52,,0,0,0,73.0,67.5,66.4,0.22,0.31,0.33
OLEA,2017-08-21 17:35:00 EDT,42.09141,-78.40743,1500,82.5,82.3,82.8,46.6,60.0,0.000,0.002,0.00,0.000,5.8,10.7,2.2,259,24,6.6,13.5,2.5,263,21,5.8,10.7,2.2,259,24,373,28.52,,0,0,0,73.0,67.5,66.4,0.22,0.31,0.33
OLEA,2017-08-21 17:40:00 EDT,42.09141,-78.40743,1500,82.7,82.5,83.2,47.8,60.9,0.000,0.002,0.00,0.000,4.8,8.0,1.4,236,25,5.5,9.4,1.6,241,26,4.8,8.0,1.4,236,25,368,28.52,,0,0,0,73.0,67.5,66.4,0.22,0.31,0.33
OLEA,2017-08-21 17:45:00 EDT,42.09141,-78.40743,1500,82.5,82.4,83.0,47.4,60.5,0.000,0.002,0.00,0.000,5.9,10.4,1.8,252,20,6.8,13.3,2.2,261,20,5.9,10.4,1.8,252,20,344,28.52,,0,0,0,73.0,67.5,66.4,0.22,0.31,0.33
OLEA,2017-08-21 17:50:00 EDT,42.09141,-78.40743,1500,82.6,82.5,83.0,47.1,60.4,0.000,0.002,0.00,0.000,5.0,10.4,1.6,257,26,5.9,12.5,1.8,265,24,5.0,10.4,1.6,257,26,325,28.52,,0,0,0,73.0,67.5,66.4,0.22,0.31,0.33
OLEA,2017-08-21 17:55:00 EDT,42.09141,-78.40743,1500,82.2,82.1,82.3,45.6,59.1,0.000,0.002,0.00,0.000,8.0,11.9,1.7,269,18,8.9,14.0,2.2,275,17,8.0,11.9,1.7,269,18,310,28.52,,0,0,0,73.0,67.5,66.4,0.22,0.31,0.33
OLEA,2017-08-21 18:00:00 EDT,42.09141,-78.40743,1500,82.2,82.1,82.7,47.6,60.3,0.000,0.002,0.00,0.000,5.7,12.1,2.2,270,21,6.6,13.8,2.5,277,19,5.7,12.1,2.2,270,21,296,28.52,,0,0,0,73.0,67.5,66.4,0.22,0.31,0.33
OLEA,2017-08-21 18:05:00 EDT,42.09141,-78.40743,1500,82.0,81.9,82.5,48.3,60.5,0.000,0.002,0.00,0.000,6.3,11.5,1.8,286,21,7.0,13.6,2.2,290,19,6.3,11.5,1.8,286,21,280,28.52,,0,0,0,73.0,67.5,66.4,0.22,0.31,0.33
OLEA,2017-08-21 18:10:00 EDT,42.09141,-78.40743,1500,81.9,81.8,82.5,49.1,60.9,0.000,0.002,0.00,0.000,6.2,10.0,1.6,283,16,6.9,11.4,1.8,288,16,6.2,10.0,1.6,283,16,265,28.52,,0,0,0,73.0,67.5,66.4,0.22,0.31,0.33
OLEA,2017-08-21 18:15:00 EDT,42.09141,-78.40743,1500,81.8,81.8,82.3,48.1,60.3,0.000,0.002,0.00,0.000,6.1,9.7,1.6,275,18,7.0,11.9,1.9,280,16,6.1,9.7,1.6,275,18,254,28.52,,0,0,0,73.0,67.5,66.4,0.22,0.31,0.33
OLEA,2017-08-21 18:20:00 EDT,42.09141,-78.40743,1500,81.7,81.7,82.3,48.3,60.3,0.000,0.002,0.00,0.000,3.1,5.8,1.0,268,27,4.0,7.3,1.3,279,26,3.1,5.8,1.0,268,27,239,28.51,,0,0,0,73.0,67.5,66.4,0.22,0.31,0.33
OLEA,2017-08-21 18:25:00 EDT,42.09141,-78.40743,1500,81.6,81.6,82.0,46.9,59.4,0.000,0.002,0.00,0.000,5.9,10.2,1.8,271,18,6.7,12.9,2.1,279,15,5.9,10.2,1.8,271,18,225,28.51,,0,0,0,73.0,67.5,66.4,0.22,0.31,0.33
OLEA,2017-08-21 18:30:00 EDT,42.09141,-78.40743,1500,81.4,81.5,81.9,47.8,59.7,0.000,0.002,0.00,0.000,3.9,7.1,1.4,265,27,4.4,8.0,1.6,271,27,3.9,7.1,1.4,265,27,211,28.52,,0,0,0,73.0,67.5,66.4,0.22,0.31,0.33
OLEA,2017-08-21 18:35:00 EDT,42.09141,-78.40743,1500,81.5,81.5,81.9,48.0,59.9,0.000,0.002,0.00,0.000,4.1,8.7,2.4,258,24,4.8,11.0,2.5,264,25,4.1,8.7,2.4,258,24,190,28.52,,0,0,0,73.0,67.6,66.4,0.22,0.31,0.33
OLEA,2017-08-21 18:40:00 EDT,42.09141,-78.40743,1500,81.1,81.3,81.7,49.1,60.2,0.000,0.002,0.00,0.000,4.1,7.9,1.4,256,25,4.5,8.5,1.6,262,25,4.1,7.9,1.4,256,25,178,28.52,,0,0,0,73.0,67.8,66.4,0.22,0.31,0.33
OLEA,2017-08-21 18:45:00 EDT,42.09141,-78.40743,1500,81.0,81.2,81.7,49.8,60.5,0.000,0.002,0.00,0.000,2.0,4.7,0.9,269,34,2.4,6.1,1.1,277,33,2.0,4.7,0.9,269,34,170,28.52,,0,0,0,73.0,67.8,66.4,0.22,0.31,0.33
OLEA,2017-08-21 18:50:00 EDT,42.09141,-78.40743,1500,80.7,81.0,81.5,49.8,60.3,0.000,0.002,0.00,0.000,4.2,10.2,2.3,232,35,4.9,12.1,2.6,238,36,4.2,10.2,2.3,232,35,155,28.52,,0,0,0,73.0,67.8,66.4,0.22,0.31,0.33
OLEA,2017-08-21 18:55:00 EDT,42.09141,-78.40743,1500,80.4,80.8,81.1,49.0,59.5,0.000,0.002,0.00,0.000,5.2,9.5,1.9,230,18,5.6,11.0,2.0,235,19,5.2,9.5,1.9,230,18,142,28.52,,0,0,0,73.0,67.8,66.4,0.22,0.31,0.33
OLEA,2017-08-21 19:00:00 EDT,42.09141,-78.40743,1500,80.5,80.8,81.1,48.5,59.3,0.000,0.002,0.00,0.000,6.4,11.5,2.0,239,17,6.9,12.0,1.9,247,17,6.4,11.5,2.0,239,17,121,28.52,,0,0,0,73.0,67.8,66.4,0.22,0.31,0.33
OLEA,2017-08-21 19:05:00 EDT,42.09141,-78.40743,1500,79.8,80.5,79.8,50.1,59.6,0.000,0.002,0.00,0.000,4.7,8.5,1.2,241,18,5.3,10.3,1.3,245,18,4.7,8.5,1.2,241,18,87,28.52,,0,0,0,73.0,67.8,66.4,0.22,0.31,0.33
OLEA,2017-08-21 19:10:00 EDT,42.09141,-78.40743,1500,79.7,80.3,79.7,49.9,59.4,0.000,0.002,0.00,0.000,4.7,9.9,2.0,252,24,5.2,10.8,2.1,258,23,4.7,9.9,2.0,252,24,72,28.52,,0,0,0,73.0,67.8,66.4,0.22,0.31,0.33
OLEA,2017-08-21 19:15:00 EDT,42.09141,-78.40743,1500,79.4,80.1,79.4,50.1,59.2,0.000,0.002,0.00,0.000,3.4,6.9,1.6,252,22,3.9,7.8,1.7,257,20,3.4,6.9,1.6,252,22,45,28.52,,0,0,0,73.0,67.8,66.4,0.22,0.31,0.33
OLEA,2017-08-21 19:20:00 EDT,42.09141,-78.40743,1500,79.2,79.9,79.2,50.5,59.2,0.000,0.002,0.00,0.000,3.8,7.2,0.9,252,17,4.2,7.8,1.1,260,18,3.8,7.2,0.9,252,17,36,28.52,,0,0,0,73.0,67.8,66.4,0.22,0.31,0.33
OLEA,2017-08-21 19:25:00 EDT,42.09141,-78.40743,1500,78.6,79.6,78.6,51.5,59.2,0.000,0.002,0.00,0.000,1.6,3.4,0.6,250,20,1.9,4.7,0.7,255,20,1.6,3.4,0.6,250,20,36,28.51,,0,0,0,73.0,67.8,66.4,0.22,0.31,0.33
OLEA,2017-08-21 19:30:00 EDT,42.09141,-78.40743,1500,78.1,79.2,78.1,52.8,59.5,0.000,0.002,0.00,0.000,1.9,3.2,0.7,276,23,2.2,4.2,0.8,281,21,1.9,3.2,0.7,276,23,38,28.51,,0,0,0,73.0,67.8,66.4,0.22,0.31,0.33
OLEA,2017-08-21 19:35:00 EDT,42.09141,-78.40743,1500,77.0,78.9,77.0,55.4,59.8,0.000,0.002,0.00,0.000,1.2,2.6,0.4,274,21,1.5,2.7,0.4,282,21,1.2,2.6,0.4,274,21,39,28.51,,0,0,0,73.0,67.8,66.4,0.22,0.31,0.33
OLEA,2017-08-21 19:40:00 EDT,42.09141,-78.40743,1500,75.8,78.4,75.8,58.7,60.3,0.000,0.002,0.00,0.000,0.9,1.8,0.4,277,12,1.3,2.4,0.4,281,15,0.9,1.8,0.4,277,12,23,28.51,,0,0,0,73.0,67.8,66.4,0.22,0.31,0.33
OLEA,2017-08-21 19:45:00 EDT,42.09141,-78.40743,1500,74.0,78.2,74.0,62.0,60.2,0.000,0.002,0.00,0.000,1.6,2.8,0.6,283,17,1.9,3.7,0.7,289,19,1.6,2.8,0.6,283,17,17,28.51,,0,0,0,73.0,67.8,66.4,0.22,0.31,0.33
OLEA,2017-08-21 19:50:00 EDT,42.09141,-78.40743,1500,71.7,76.8,71.7,67.4,60.3,0.000,0.002,0.00,0.000,0.9,1.6,0.4,336,45,1.1,2.4,0.5,343,43,0.9,1.6,0.4,336,45,15,28.51,,0,0,0,72.8,67.8,66.4,0.22,0.31,0.33
OLEA,2017-08-21 19:55:00 EDT,42.09141,-78.40743,1500,72.2,74.8,72.2,69.6,61.7,0.000,0.002,0.00,0.000,1.9,3.0,0.6,78,14,2.3,3.8,0.6,79,14,1.9,3.0,0.6,78,14,12,28.52,,0,0,0,72.7,67.8,66.4,0.22,0.31,0.33
OLEA,2017-08-21 20:00:00 EDT,42.09141,-78.40743,1500,72.2,73.9,72.2,69.4,61.6,0.000,0.002,0.00,0.000,1.6,2.4,0.4,65,15,1.9,3.6,0.5,64,15,1.6,2.4,0.4,65,15,8,28.52,,0,0,0,72.7,67.8,66.4,0.22,0.31,0.33
OLEA,2017-08-21 20:05:00 EDT,42.09141,-78.40743,1500,70.8,72.7,70.8,71.9,61.3,0.000,0.002,0.00,0.000,2.1,2.9,0.6,74,9,2.6,3.8,0.7,73,12,2.1,2.9,0.6,74,9,4,28.51,,0,0,0,72.7,67.8,66.4,0.22,0.31,0.33
OLEA,2017-08-21 20:10:00 EDT,42.09141,-78.40743,1500,68.7,72.9,68.7,75.7,60.7,0.000,0.002,0.00,0.000,0.9,1.8,0.4,38,13,1.3,2.3,0.4,39,16,0.9,1.8,0.4,38,13,2,28.51,,0,0,0,72.7,67.8,66.4,0.22,0.31,0.33
OLEA,2017-08-21 20:15:00 EDT,42.09141,-78.40743,1500,68.5,72.5,68.5,77.9,61.4,0.000,0.002,0.00,0.000,1.4,2.5,0.4,37,20,1.7,3.2,0.5,37,19,1.4,2.5,0.4,37,20,1,28.52,,0,0,0,72.7,67.8,66.4,0.22,0.31,0.33
OLEA,2017-08-21 20:20:00 EDT,42.09141,-78.40743,1500,68.7,71.0,68.7,78.5,61.7,0.000,0.002,0.00,0.000,1.5,2.3,0.5,70,13,1.9,3.0,0.5,71,16,1.5,2.3,0.5,70,13,1,28.51,,0,0,0,72.6,67.8,66.4,0.22,0.31,0.33
OLEA,2017-08-21 20:25:00 EDT,42.09141,-78.40743,1500,69.0,70.6,69.0,78.2,61.9,0.000,0.002,0.00,0.000,1.8,2.6,0.4,75,12,2.1,3.2,0.5,75,13,1.8,2.6,0.4,75,12,1,28.51,,0,0,0,72.3,67.8,66.3,0.22,0.31,0.33
OLEA,2017-08-21 20:30:00 EDT,42.09141,-78.40743,1500,68.8,70.3,68.8,77.5,61.5,0.000,0.002,0.00,0.000,1.7,3.1,0.6,15,29,2.0,3.4,0.7,16,30,1.7,3.1,0.6,15,29,1,28.51,,0,0,0,72.3,67.8,66.4,0.22,0.31,0.33
OLEA,2017-08-21 20:35:00 EDT,42.09141,-78.40743,1500,67.2,70.4,67.2,78.7,60.4,0.000,0.002,0.00,0.000,0.4,1.8,0.5,350,16,0.7,2.8,0.6,2,17,0.4,1.8,0.5,350,16,1,28.52,,0,0,0,72.3,67.8,66.4,0.22,0.31,0.33
OLEA,2017-08-21 20:40:00 EDT,42.09141,-78.40743,1500,66.9,69.4,66.9,81.4,61.0,0.000,0.002,0.00,0.000,2.0,2.9,0.5,74,26,2.2,3.4,0.6,78,26,2.0,2.9,0.5,74,26,1,28.52,,0,0,0,72.3,67.8,66.4,0.22,0.31,0.33
OLEA,2017-08-21 20:45:00 EDT,42.09141,-78.40743,1500,66.9,68.9,66.9,82.1,61.2,0.000,0.002,0.00,0.000,2.6,3.1,0.3,77,7,3.1,3.9,0.4,78,8,2.6,3.1,0.3,77,7,1,28.52,,0,0,0,72.3,67.8,66.4,0.22,0.31,0.33
OLEA,2017-08-21 20:50:00 EDT,42.09141,-78.40743,1500,65.9,68.9,65.9,82.8,60.5,0.000,0.002,0.00,0.000,2.4,3.7,0.7,76,8,2.9,4.6,0.8,77,8,2.4,3.7,0.7,76,8,1,28.52,,0,0,0,72.1,67.9,66.4,0.22,0.31,0.33
OLEA,2017-08-21 20:55:00 EDT,42.09141,-78.40743,1500,66.4,68.3,66.4,83.9,61.4,0.000,0.002,0.00,0.000,2.1,2.9,0.4,77,8,2.6,3.9,0.5,79,8,2.1,2.9,0.4,77,8,1,28.53,,0,0,0,71.8,68.0,66.4,0.22,0.31,0.33
OLEA,2017-08-21 21:00:00 EDT,42.09141,-78.40743,1500,67.0,68.4,67.0,83.1,61.7,0.000,0.002,0.00,0.000,2.3,3.2,0.5,66,5,2.7,4.1,0.7,66,6,2.3,3.2,0.5,66,5,1,28.53,,0,0,0,71.8,68.2,66.4,0.22,0.31,0.33
OLEA,2017-08-21 21:05:00 EDT,42.09141,-78.40743,1500,66.4,67.7,66.4,82.7,61.0,0.000,0.002,0.00,0.000,1.4,2.3,0.5,64,10,1.7,2.6,0.5,64,12,1.4,2.3,0.5,64,10,1,28.53,,0,0,0,71.8,68.2,66.4,0.22,0.31,0.33
OLEA,2017-08-21 21:10:00 EDT,42.09141,-78.40743,1500,66.1,67.6,66.1,83.6,61.0,0.000,0.002,0.00,0.000,1.5,2.2,0.5,81,12,1.9,2.7,0.6,83,14,1.5,2.2,0.5,81,12,1,28.52,,0,0,0,71.7,68.2,66.4,0.22,0.31,0.33
OLEA,2017-08-21 21:15:00 EDT,42.09141,-78.40743,1500,64.7,66.7,64.7,84.1,59.8,0.000,0.002,0.00,0.000,0.6,1.8,0.6,100,0,0.8,2.3,0.7,101,4,0.6,1.8,0.6,100,0,1,28.52,,0,0,0,71.4,68.2,66.4,0.22,0.31,0.33
OLEA,2017-08-21 21:20:00 EDT,42.09141,-78.40743,1500,63.6,66.0,63.6,85.6,59.2,0.000,0.002,0.00,0.000,0.1,0.9,0.3,128,5,0.3,1.3,0.5,146,14,0.1,0.9,0.3,128,5,1,28.53,,0,0,0,71.4,68.2,66.4,0.22,0.31,0.33
OLEA,2017-08-21 21:25:00 EDT,42.09141,-78.40743,1500,64.3,67.1,64.3,88.1,60.7,0.000,0.002,0.00,0.000,0.9,2.0,0.5,346,15,1.3,2.6,0.6,349,20,0.9,2.0,0.5,346,15,1,28.53,,0,0,0,71.4,68.2,66.4,0.22,0.31,0.33
OLEA,2017-08-21 21:30:00 EDT,42.09141,-78.40743,1500,63.9,67.5,63.9,86.2,59.7,0.000,0.002,0.00,0.000,1.0,2.3,0.8,345,7,1.2,2.9,1.1,346,10,1.0,2.3,0.8,345,7,1,28.53,,0,0,0,71.4,68.2,66.4,0.22,0.31,0.33
OLEA,2017-08-21 21:35:00 EDT,42.09141,-78.40743,1500,64.6,66.5,64.6,88.1,61.0,0.000,0.002,0.00,0.000,0.0,0.0,0.0,0,0,0.3,1.1,0.4,13,18,0.0,0.0,0.0,0,0,1,28.53,,0,0,0,71.3,68.2,66.4,0.22,0.31,0.33
OLEA,2017-08-21 21:40:00 EDT,42.09141,-78.40743,1500,63.9,66.2,63.9,89.4,60.8,0.000,0.002,0.00,0.000,1.5,2.0,0.6,85,7,1.9,2.5,0.5,88,9,1.5,2.0,0.6,85,7,1,28.53,,0,0,0,71.1,68.2,66.4,0.22,0.31,0.33
OLEA,2017-08-21 21:45:00 EDT,42.09141,-78.40743,1500,63.3,65.9,63.3,89.0,60.0,0.000,0.002,0.00,0.000,2.0,2.6,0.3,84,14,2.4,3.2,0.5,85,15,2.0,2.6,0.3,84,14,1,28.54,,0,0,0,71.1,68.2,66.4,0.22,0.31,0.33
OLEA,2017-08-21 21:50:00 EDT,42.09141,-78.40743,1500,63.9,66.1,63.9,90.1,60.9,0.000,0.002,0.00,0.000,1.2,2.2,0.5,36,16,1.5,2.5,0.5,37,15,1.2,2.2,0.5,36,16,1,28.53,,0,0,0,71.1,68.2,66.4,0.22,0.31,0.33
OLEA,2017-08-21 21:55:00 EDT,42.09141,-78.40743,1500,63.4,65.9,63.4,89.6,60.3,0.000,0.002,0.00,0.000,1.7,2.5,0.6,99,14,2.0,2.8,0.6,101,15,1.7,2.5,0.6,99,14,1,28.53,,0,0,0,71.0,68.2,66.4,0.22,0.31,0.33
OLEA,2017-08-21 22:00:00 EDT,42.09141,-78.40743,1500,62.6,64.6,62.6,91.1,59.9,0.000,0.002,0.00,0.000,0.7,2.0,0.7,179,10,0.9,2.4,0.9,188,10,0.7,2.0,0.7,179,10,1,28.53,,0,0,0,70.8,68.2,66.4,0.22,0.31,0.33
OLEA,2017-08-21 22:05:00 EDT,42.09141,-78.40743,1500,63.2,65.2,63.2,92.5,61.0,0.000,0.002,0.00,0.000,0.8,1.9,0.7,46,17,1.1,2.1,0.7,42,12,0.8,1.9,0.7,46,17,1,28.53,,0,0,0,70.7,68.2,66.4,0.22,0.31,0.33
OLEA,2017-08-21 22:10:00 EDT,42.09141,-78.40743,1500,63.7,66.7,63.7,92.0,61.3,0.000,0.002,0.00,0.000,1.7,2.6,0.5,35,11,1.9,3.0,0.5,39,12,1.7,2.6,0.5,35,11,1,28.53,,0,0,0,70.7,68.2,66.4,0.22,0.31,0.33
OLEA,2017-08-21 22:15:00 EDT,42.09141,-78.40743,1500,63.1,65.7,63.1,91.4,60.6,0.000,0.002,0.00,0.000,1.4,2.6,0.7,92,12,1.7,3.1,0.7,95,13,1.4,2.6,0.7,92,12,1,28.53,,0,0,0,70.7,68.2,66.4,0.22,0.31,0.33
OLEA,2017-08-21 22:20:00 EDT,42.09141,-78.40743,1500,62.8,65.2,62.8,91.9,60.4,0.000,0.002,0.00,0.000,2.0,2.6,0.3,96,10,2.3,3.3,0.4,98,11,2.0,2.6,0.3,96,10,1,28.54,,0,0,0,70.7,68.2,66.4,0.22,0.31,0.33
OLEA,2017-08-21 22:25:00 EDT,42.09141,-78.40743,1500,63.2,65.3,63.2,91.8,60.8,0.000,0.002,0.00,0.000,2.2,3.5,0.5,61,35,2.6,4.6,0.7,62,35,2.2,3.5,0.5,61,35,1,28.53,,0,0,0,70.7,68.2,66.4,0.22,0.31,0.33
OLEA,2017-08-21 22:30:00 EDT,42.09141,-78.40743,1500,65.1,67.1,65.1,90.0,62.1,0.000,0.002,0.00,0.000,3.6,5.3,0.5,16,22,3.9,5.5,0.7,19,21,3.6,5.3,0.5,16,22,1,28.53,,0,0,0,70.4,68.2,66.4,0.22,0.31,0.33
OLEA,2017-08-21 22:35:00 EDT,42.09141,-78.40743,1500,65.6,67.3,65.6,86.4,61.4,0.000,0.002,0.00,0.000,1.9,3.8,0.7,30,16,2.2,4.1,0.8,33,16,1.9,3.8,0.7,30,16,1,28.53,,0,0,0,70.3,68.2,66.4,0.22,0.31,0.33
OLEA,2017-08-21 22:40:00 EDT,42.09141,-78.40743,1500,63.9,66.6,63.9,88.3,60.4,0.000,0.002,0.00,0.000,1.9,3.2,0.8,89,17,2.3,4.0,0.9,91,17,1.9,3.2,0.8,89,17,1,28.53,,0,0,0,70.3,68.2,66.4,0.22,0.31,0.33
OLEA,2017-08-21 22:45:00 EDT,42.09141,-78.40743,1500,63.3,65.7,63.3,90.9,60.6,0.000,0.002,0.00,0.000,1.7,2.7,0.5,70,27,1.9,3.2,0.5,72,27,1.7,2.7,0.5,70,27,1,28.53,,0,0,0,70.3,68.2,66.4,0.22,0.31,0.33
OLEA,2017-08-21 22:50:00 EDT,42.09141,-78.40743,1500,63.2,66.5,63.2,91.0,60.5,0.000,0.002,0.00,0.000,1.8,2.6,0.4,29,14,2.1,3.2,0.5,30,15,1.8,2.6,0.4,29,14,1,28.52,,0,0,0,70.3,68.2,66.4,0.22,0.31,0.33
OLEA,2017-08-21 22:55:00 EDT,42.09141,-78.40743,1500,63.6,66.4,63.6,90.6,60.8,0.000,0.002,0.00,0.000,1.7,2.4,0.4,3,11,2.2,3.6,0.6,5,10,1.7,2.4,0.4,3,11,1,28.52,,0,0,0,70.0,68.2,66.4,0.22,0.31,0.33
OLEA,2017-08-21 23:00:00 EDT,42.09141,-78.40743,1500,63.6,66.0,63.6,90.9,60.9,0.000,0.002,0.00,0.000,1.0,1.8,0.5,23,13,1.3,2.4,0.5,28,18,1.0,1.8,0.5,23,13,0,28.52,,0,0,0,70.0,68.2,66.4,0.22,0.31,0.33
OLEA,2017-08-21 23:05:00 EDT,42.09141,-78.40743,1500,62.9,65.3,62.9,91.6,60.5,0.000,0.002,0.00,0.000,0.4,1.2,0.4,35,20,0.7,1.7,0.6,38,23,0.4,1.2,0.4,35,20,0,28.52,,0,0,0,70.0,68.2,66.4,0.22,0.31,0.33
OLEA,2017-08-21 23:10:00 EDT,42.09141,-78.40743,1500,63.0,65.8,63.0,91.3,60.4,0.000,0.002,0.00,0.000,0.8,2.6,0.5,55,15,1.1,2.9,0.6,57,17,0.8,2.6,0.5,55,15,0,28.52,,0,0,0,70.0,68.2,66.4,0.22,0.31,0.33
OLEA,2017-08-21 23:15:00 EDT,42.09141,-78.40743,1500,63.0,66.5,63.0,90.9,60.3,0.000,0.002,0.00,0.000,1.2,2.4,0.6,67,21,1.5,2.9,0.6,68,24,1.2,2.4,0.6,67,21,0,28.52,,0,0,0,70.0,68.2,66.4,0.22,0.31,0.33
OLEA,2017-08-21 23:20:00 EDT,42.09141,-78.40743,1500,62.4,66.0,62.4,90.9,59.7,0.000,0.002,0.00,0.000,1.6,2.6,0.4,74,14,2.0,3.1,0.5,74,16,1.6,2.6,0.4,74,14,0,28.52,,0,0,0,70.0,68.2,66.4,0.22,0.31,0.33
OLEA,2017-08-21 23:25:00 EDT,42.09141,-78.40743,1500,62.8,66.1,62.8,92.0,60.5,0.000,0.002,0.00,0.000,0.7,1.8,0.5,9,44,1.0,2.2,0.5,1,46,0.7,1.8,0.5,9,44,0,28.52,,0,0,0,69.7,68.2,66.4,0.22,0.31,0.33
OLEA,2017-08-21 23:30:00 EDT,42.09141,-78.40743,1500,65.0,66.9,65.0,90.0,62.0,0.000,0.002,0.00,0.000,0.8,2.0,0.6,225,38,1.2,2.3,0.6,238,40,0.8,2.0,0.6,225,38,0,28.53,,0,0,0,69.6,68.2,66.4,0.22,0.31,0.33
OLEA,2017-08-21 23:35:00 EDT,42.09141,-78.40743,1500,65.8,67.2,65.8,86.6,61.7,0.000,0.002,0.00,0.000,1.7,2.8,0.5,6,23,2.0,3.6,0.6,11,24,1.7,2.8,0.5,6,23,0,28.52,,0,0,0,69.6,68.2,66.4,0.22,0.31,0.33
OLEA,2017-08-21 23:40:00 EDT,42.09141,-78.40743,1500,64.8,66.8,64.8,86.4,60.7,0.000,0.002,0.00,0.000,2.1,3.0,0.4,82,17,2.4,3.3,0.5,83,18,2.1,3.0,0.4,82,17,0,28.52,,0,0,0,69.6,68.2,66.4,0.22,0.31,0.33
OLEA,2017-08-21 23:45:00 EDT,42.09141,-78.40743,1500,64.6,66.5,64.6,88.8,61.3,0.000,0.002,0.00,0.000,2.0,2.9,0.4,56,11,2.2,3.5,0.5,57,11,2.0,2.9,0.4,56,11,0,28.52,,0,0,0,69.6,68.2,66.4,0.22,0.31,0.33
OLEA,2017-08-21 23:50:00 EDT,42.09141,-78.40743,1500,65.9,66.9,65.9,85.7,61.5,0.000,0.002,0.00,0.000,1.6,2.7,0.6,52,13,1.8,3.1,0.6,52,13,1.6,2.7,0.6,52,13,0,28.52,,0,0,0,69.6,68.2,66.4,0.22,0.31,0.33
OLEA,2017-08-21 23:55:00 EDT,42.09141,-78.40743,1500,65.6,66.6,65.6,85.2,61.1,0.000,0.002,0.00,0.000,2.8,4.2,0.5,65,9,3.2,5.3,0.6,67,10,2.8,4.2,0.5,65,9,1,28.52,,0,0,0,69.5,68.2,66.4,0.22,0.31,0.33
ONTA,2017-08-21 00:00:00 EDT,43.25941,-77.37331,328,67.1,68.5,67.1,80.6,60.9,0.000,0.000,0.00,0.000,3.1,6.4,1.1,204,13,3.4,8.0,1.3,206,13,3.1,6.4,1.1,204,13,0,29.75,,0,0,0,70.3,70.3,69.3,0.19,0.23,0.32
ONTA,2017-08-21 00:05:00 EDT,43.25941,-77.37331,328,67.2,68.6,67.2,80.0,60.8,0.000,0.000,0.00,0.000,3.6,5.7,0.6,209,11,3.8,6.1,0.8,211,10,3.6,5.7,0.6,209,11,0,29.76,,0,0,0,70.3,70.3,69.3,0.19,0.23,0.32
ONTA,2017-08-21 00:10:00 EDT,43.25941,-77.37331,328,67.7,69.0,67.7,77.6,60.4,0.000,0.000,0.00,0.000,4.0,5.5,0.7,216,10,4.2,6.0,0.8,220,8,4.0,5.5,0.7,216,10,0,29.76,,0,0,0,70.1,70.3,69.3,0.19,0.23,0.32
ONTA,2017-08-21 00:15:00 EDT,43.25941,-77.37331,328,67.3,69.1,67.3,79.0,60.6,0.000,0.000,0.00,0.000,3.7,5.8,0.7,208,9,4.0,6.0,0.8,210,9,3.7,5.8,0.7,208,9,0,29.76,,0,0,0,70.0,70.3,69.3,0.19,0.23,0.32
ONTA,2017-08-21 00:20:00 EDT,43.25941,-77.37331,328,67.4,69.1,67.4,79.1,60.7,0.000,0.000,0.00,0.000,3.8,6.2,1.0,205,10,4.1,6.6,1.2,208,10,3.8,6.2,1.0,205,10,0,29.76,,0,0,0,70.0,70.3,69.3,0.19,0.23,0.32
ONTA,2017-08-21 00:25:00 EDT,43.25941,-77.37331,328,66.3,68.8,66.3,80.5,60.2,0.000,0.000,0.00,0.000,3.5,5.9,0.8,204,10,3.8,6.4,0.9,207,9,3.5,5.9,0.8,204,10,0,29.76,,0,0,0,70.0,70.3,69.3,0.19,0.23,0.33
ONTA,2017-08-21 00:30:00 EDT,43.25941,-77.37331,328,66.7,69.0,66.7,81.6,60.9,0.000,0.000,0.00,0.000,3.8,5.8,0.7,207,11,4.2,6.7,0.8,209,10,3.8,5.8,0.7,207,11,0,29.76,,0,0,0,70.0,70.3,69.3,0.19,0.23,0.32
ONTA,2017-08-21 00:35:00 EDT,43.25941,-77.37331,328,67.5,68.9,67.5,79.5,60.9,0.000,0.000,0.00,0.000,4.2,6.6,1.0,201,10,4.6,7.5,1.1,201,11,4.2,6.6,1.0,201,10,0,29.76,,0,0,0,70.0,70.3,69.3,0.19,0.23,0.32
ONTA,2017-08-21 00:40:00 EDT,43.25941,-77.37331,328,67.6,68.7,67.6,77.9,60.5,0.000,0.000,0.00,0.000,3.9,6.1,0.8,198,12,4.2,7.4,1.0,199,11,3.9,6.1,0.8,198,12,0,29.76,,0,0,0,70.0,70.3,69.3,0.19,0.23,0.33
ONTA,2017-08-21 00:45:00 EDT,43.25941,-77.37331,328,67.9,68.7,67.9,76.8,60.3,0.000,0.000,0.00,0.000,4.7,8.2,1.2,195,14,5.2,8.4,1.3,196,11,4.7,8.2,1.2,195,14,0,29.76,,0,0,0,70.0,70.3,69.3,0.19,0.23,0.32
ONTA,2017-08-21 00:50:00 EDT,43.25941,-77.37331,328,67.7,68.4,67.7,76.4,60.1,0.000,0.000,0.00,0.000,4.3,6.1,0.8,198,12,4.7,7.7,1.2,199,12,4.3,6.1,0.8,198,12,0,29.76,,0,0,0,70.0,70.3,69.3,0.19,0.23,0.32
ONTA,2017-08-21 00:55:00 EDT,43.25941,-77.37331,328,67.4,68.1,67.4,77.0,60.0,0.000,0.000,0.00,0.000,3.5,5.4,0.8,202,12,3.8,6.0,0.8,203,11,3.5,5.4,0.8,202,12,0,29.76,,0,0,0,70.0,70.3,69.3,0.19,0.23,0.32
ONTA,2017-08-21 01:00:00 EDT,43.25941,-77.37331,328,67.4,68.1,67.4,77.2,60.0,0.000,0.000,0.00,0.000,3.9,6.1,0.8,196,13,4.4,6.7,0.9,200,12,3.9,6.1,0.8,196,13,0,29.76,,0,0,0,70.0,70.3,69.3,0.19,0.23,0.32
ONTA,2017-08-21 01:05:00 EDT,43.25941,-77.37331,328,67.2,67.8,67.2,77.8,60.0,0.000,0.000,0.00,0.000,4.2,6.7,0.8,196,14,4.8,6.5,0.8,198,12,4.2,6.7,0.8,196,14,0,29.76,,0,0,0,70.0,70.3,69.3,0.19,0.23,0.32
ONTA,2017-08-21 01:10:00 EDT,43.25941,-77.37331,328,67.0,67.7,67.0,78.3,60.1,0.000,0.000,0.00,0.000,4.6,6.7,1.1,197,12,5.1,7.4,1.1,198,11,4.6,6.7,1.1,197,12,0,29.76,,0,0,0,69.8,70.3,69.3,0.19,0.23,0.32
ONTA,2017-08-21 01:15:00 EDT,43.25941,-77.37331,328,67.2,67.7,67.2,77.5,59.9,0.000,0.000,0.00,0.000,4.0,6.4,0.9,197,12,4.3,6.9,1.1,198,12,4.0,6.4,0.9,197,12,0,29.76,,0,0,0,69.6,70.3,69.3,0.19,0.23,0.32
ONTA,2017-08-21 01:20:00 EDT,43.25941,-77.37331,328,66.7,67.5,66.7,78.6,59.8,0.000,0.000,0.00,0.000,4.0,7.2,1.1,198,10,4.4,8.7,1.4,199,10,4.0,7.2,1.1,198,10,0,29.76,,0,0,0,69.6,70.2,69.3,0.19,0.23,0.32
ONTA,2017-08-21 01:25:00 EDT,43.25941,-77.37331,328,67.0,67.7,67.0,78.0,59.9,0.000,0.000,0.00,0.000,4.7,7.6,1.0,195,11,5.2,8.4,1.1,197,11,4.7,7.6,1.0,195,11,0,29.76,,0,0,0,69.6,70.1,69.3,0.19,0.23,0.32
ONTA,2017-08-21 01:30:00 EDT,43.25941,-77.37331,328,66.8,67.5,66.8,77.8,59.7,0.000,0.000,0.00,0.000,4.3,6.9,1.0,192,10,4.5,8.6,1.0,194,10,4.3,6.9,1.0,192,10,0,29.76,,0,0,0,69.6,70.0,69.3,0.19,0.23,0.32
ONTA,2017-08-21 01:35:00 EDT,43.25941,-77.37331,328,66.6,67.3,66.6,78.1,59.6,0.000,0.000,0.00,0.000,4.2,6.8,1.0,200,11,4.5,8.3,1.1,201,11,4.2,6.8,1.0,200,11,0,29.76,,0,0,0,69.6,70.0,69.3,0.19,0.23,0.32
ONTA,2017-08-21 01:40:00 EDT,43.25941,-77.37331,328,66.6,67.3,66.6,77.9,59.5,0.000,0.000,0.00,0.000,4.0,6.7,1.1,200,14,4.6,9.1,1.3,201,12,4.0,6.7,1.1,200,14,0,29.76,,0,0,0,69.6,70.0,69.3,0.19,0.23,0.32
ONTA,2017-08-21 01:45:00 EDT,43.25941,-77.37331,328,66.5,67.3,66.5,77.8,59.4,0.000,0.000,0.00,0.000,4.1,6.8,1.0,200,13,4.6,7.4,1.1,204,11,4.1,6.8,1.0,200,13,0,29.76,,0,0,0,69.6,70.0,69.3,0.19,0.23,0.32
ONTA,2017-08-21 01:50:00 EDT,43.25941,-77.37331,328,66.7,67.4,66.7,77.7,59.5,0.000,0.000,0.00,0.000,4.5,7.7,1.1,198,13,4.9,9.4,1.2,199,13,4.5,7.7,1.1,198,13,0,29.76,,0,0,0,69.6,70.0,69.3,0.19,0.23,0.32
ONTA,2017-08-21 01:55:00 EDT,43.25941,-77.37331,328,66.4,67.2,66.4,78.1,59.4,0.000,0.000,0.00,0.000,3.8,5.3,0.6,199,11,4.2,6.4,0.8,201,12,3.8,5.3,0.6,199,11,0,29.76,,0,0,0,69.6,70.0,69.3,0.19,0.23,0.32
ONTA,2017-08-21 02:00:00 EDT,43.25941,-77.37331,328,66.2,67.2,66.2,78.5,59.3,0.000,0.000,0.00,0.000,4.2,6.0,0.9,196,10,4.5,6.9,0.9,198,11,4.2,6.0,0.9,196,10,0,29.76,,0,0,0,69.6,70.0,69.3,0.19,0.23,0.32
ONTA,2017-08-21 02:05:00 EDT,43.25941,-77.37331,328,65.8,67.1,65.8,79.7,59.4,0.000,0.000,0.00,0.000,4.2,6.1,0.9,197,10,4.6,7.4,1.0,199,11,4.2,6.1,0.9,197,10,0,29.76,,0,0,0,69.6,70.0,69.3,0.19,0.23,0.32
ONTA,2017-08-21 02:10:00 EDT,43.25941,-77.37331,328,65.9,67.0,65.9,80.0,59.6,0.000,0.000,0.00,0.000,4.1,6.2,0.8,198,11,4.6,7.3,1.0,199,11,4.1,6.2,0.8,198,11,0,29.76,,0,0,0,69.5,70.0,69.3,0.19,0.23,0.32
ONTA,2017-08-21 02:15:00 EDT,43.25941,-77.37331,328,66.2,67.0,66.2,79.4,59.6,0.000,0.000,0.00,0.000,4.0,5.9,0.8,198,12,4.4,6.5,0.9,199,10,4.0,5.9,0.8,198,12,0,29.76,,0,0,0,69.3,70.0,69.3,0.19,0.23,0.33
ONTA,2017-08-21 02:20:00 EDT,43.25941,-77.37331,328,66.1,66.9,66.1,78.3,59.1,0.000,0.000,0.00,0.000,4.1,6.1,0.9,200,13,4.7,7.0,1.1,202,13,4.1,6.1,0.9,200,13,0,29.77,,0,0,0,69.3,70.0,69.3,0.19,0.23,0.32
ONTA,2017-08-21 02:25:00 EDT,43.25941,-77.37331,328,66.2,66.8,66.2,78.0,59.2,0.000,0.000,0.00,0.000,4.0,7.5,1.1,198,12,4.6,7.9,1.2,199,12,4.0,7.5,1.1,198,12,0,29.76,,0,0,0,69.3,70.0,69.3,0.19,0.23,0.32
ONTA,2017-08-21 02:30:00 EDT,43.25941,-77.37331,328,66.4,67.0,66.4,77.4,59.1,0.000,0.000,0.00,0.000,4.9,7.7,0.8,200,11,5.2,8.6,1.1,200,11,4.9,7.7,0.8,200,11,0,29.76,,0,0,0,69.3,70.0,69.3,0.19,0.22,0.32
ONTA,2017-08-21 02:35:00 EDT,43.25941,-77.37331,328,66.4,66.9,66.4,76.8,58.9,0.000,0.000,0.00,0.000,4.3,7.1,1.0,195,15,4.6,8.1,1.2,196,15,4.3,7.1,1.0,195,15,0,29.77,,0,0,0,69.3,70.0,69.3,0.19,0.22,0.32
ONTA,2017-08-21 02:40:00 EDT,43.25941,-77.37331,328,66.3,66.8,66.3,77.0,58.9,0.000,0.000,0.00,0.000,4.3,6.6,0.9,195,13,4.8,7.4,1.0,199,14,4.3,6.6,0.9,195,13,0,29.77,,0,0,0,69.3,70.0,69.3,0.19,0.23,0.32
ONTA,2017-08-21 02:45:00 EDT,43.25941,-77.37331,328,66.3,66.8,66.3,77.3,58.9,0.000,0.000,0.00,0.000,4.2,6.7,0.8,191,14,4.7,7.8,1.1,193,14,4.2,6.7,0.8,191,14,0,29.76,,0,0,0,69.3,70.0,69.3,0.19,0.22,0.32
ONTA,2017-08-21 02:50:00 EDT,43.25941,-77.37331,328,65.8,66.5,65.8,78.4,58.9,0.000,0.000,0.00,0.000,3.3,5.3,0.7,188,14,3.7,6.7,0.9,190,13,3.3,5.3,0.7,188,14,0,29.76,,0,0,0,69.3,70.0,69.3,0.19,0.23,0.32
ONTA,2017-08-21 02:55:00 EDT,43.25941,-77.37331,328,65.2,66.6,65.2,80.5,59.1,0.000,0.000,0.00,0.000,3.5,5.2,0.7,191,12,4.0,6.5,1.0,192,12,3.5,5.2,0.7,191,12,0,29.76,,0,0,0,69.3,70.0,69.3,0.19,0.23,0.32
ONTA,2017-08-21 03:00:00 EDT,43.25941,-77.37331,328,65.3,66.6,65.3,81.3,59.4,0.000,0.000,0.00,0.000,4.2,6.5,0.8,189,10,4.7,6.7,0.9,190,10,4.2,6.5,0.8,189,10,0,29.76,,0,0,0,69.3,70.0,69.3,0.19,0.22,0.32
ONTA,2017-08-21 03:05:00 EDT,43.25941,-77.37331,328,65.1,66.3,65.1,81.3,59.3,0.000,0.000,0.00,0.000,4.1,7.0,0.8,191,11,4.6,8.8,1.0,194,10,4.1,7.0,0.8,191,11,0,29.77,,0,0,0,69.3,70.0,69.3,0.19,0.23,0.32
ONTA,2017-08-21 03:10:00 EDT,43.25941,-77.37331,328,65.8,66.5,65.8,79.4,59.3,0.000,0.000,0.00,0.000,4.4,6.5,0.9,193,11,4.8,7.2,1.1,194,11,4.4,6.5,0.9,193,11,0,29.77,,0,0,0,69.3,70.0,69.3,0.19,0.23,0.32
ONTA,2017-08-21 03:15:00 EDT,43.25941,-77.37331,328,65.4,66.3,65.4,79.7,59.0,0.000,0.000,0.00,0.000,4.3,6.7,0.8,185,12,4.8,8.1,1.0,187,11,4.3,6.7,0.8,185,12,0,29.77,,0,0,0,69.3,70.0,69.3,0.19,0.23,0.32
ONTA,2017-08-21 03:20:00 EDT,43.25941,-77.37331,328,65.4,66.1,65.4,79.8,59.0,0.000,0.000,0.00,0.000,4.2,7.1,1.0,191,12,4.7,8.2,1.2,192,11,4.2,7.1,1.0,191,12,0,29.77,,0,0,0,69.2,70.0,69.3,0.19,0.23,0.32
ONTA,2017-08-21 03:25:00 EDT,43.25941,-77.37331,328,65.6,66.2,65.6,79.3,59.0,0.000,0.000,0.00,0.000,4.7,6.8,0.7,192,11,5.1,7.8,0.9,193,10,4.7,6.8,0.7,192,11,0,29.77,,0,0,0,69.0,70.0,69.3,0.19,0.23,0.32
ONTA,2017-08-21 03:30:00 EDT,43.25941,-77.37331,328,65.5,66.1,65.5,79.5,59.0,0.000,0.000,0.00,0.000,5.1,7.8,1.2,194,12,5.6,8.5,1.3,196,11,5.1,7.8,1.2,194,12,0,29.77,,0,0,0,68.9,70.0,69.3,0.19,0.23,0.32
ONTA,2017-08-21 03:35:00 EDT,43.25941,-77.37331,328,65.6,66.1,65.6,79.1,59.0,0.000,0.000,0.00,0.000,4.0,6.1,0.9,192,15,4.5,8.2,1.0,195,12,4.0,6.1,0.9,192,15,0,29.77,,0,0,0,68.9,70.0,69.3,0.19,0.23,0.32
ONTA,2017-08-21 03:40:00 EDT,43.25941,-77.37331,328,65.5,66.0,65.5,79.5,58.9,0.000,0.000,0.00,0.000,3.9,6.4,1.1,190,15,4.5,7.5,1.2,190,12,3.9,6.4,1.1,190,15,0,29.77,,0,0,0,68.9,70.0,69.3,0.19,0.23,0.32
ONTA,2017-08-21 03:45:00 EDT,43.25941,-77.37331,328,65.3,66.0,65.3,79.8,58.9,0.000,0.000,0.00,0.000,3.9,6.5,0.9,194,12,4.4,7.8,1.1,197,12,3.9,6.5,0.9,194,12,0,29.76,,0,0,0,68.9,70.0,69.3,0.19,0.23,0.32
ONTA,2017-08-21 03:50:00 EDT,43.25941,-77.37331,328,65.4,66.0,65.4,80.2,59.2,0.000,0.000,0.00,0.000,4.0,6.4,0.8,189,17,4.5,7.6,1.1,193,14,4.0,6.4,0.8,189,17,0,29.76,,0,0,0,68.9,70.0,69.3,0.19,0.23,0.32
ONTA,2017-08-21 03:55:00 EDT,43.25941,-77.37331,328,65.4,66.1,65.4,80.3,59.2,0.000,0.000,0.00,0.000,4.0,6.1,0.9,186,14,4.5,7.6,1.1,188,12,4.0,6.1,0.9,186,14,0,29.76,,0,0,0,68.9,70.0,69.3,0.19,0.23,0.33
ONTA,2017-08-21 04:00:00 EDT,43.25941,-77.37331,328,65.4,66.0,65.4,80.3,59.1,0.000,0.000,0.00,0.000,3.6,6.9,1.0,188,14,4.0,6.6,1.1,191,14,3.6,6.9,1.0,188,14,0,29.76,,0,0,0,68.9,69.9,69.3,0.19,0.23,0.33
ONTA,2017-08-21 04:05:00 EDT,43.25941,-77.37331,328,65.3,66.0,65.3,80.9,59.3,0.000,0.000,0.00,0.000,3.5,6.2,1.2,192,15,4.2,7.6,1.3,193,15,3.5,6.2,1.2,192,15,0,29.76,,0,0,0,68.9,69.8,69.3,0.19,0.23,0.32
ONTA,2017-08-21 04:10:00 EDT,43.25941,-77.37331,328,65.5,66.0,65.5,80.1,59.2,0.000,0.000,0.00,0.000,4.2,7.9,1.3,191,16,4.8,7.7,1.3,192,15,4.2,7.9,1.3,191,16,0,29.76,,0,0,0,68.9,69.7,69.3,0.19,0.23,0.32
ONTA,2017-08-21 04:15:00 EDT,43.25941,-77.37331,328,65.5,65.8,65.5,80.2,59.2,0.000,0.000,0.00,0.000,3.5,5.5,0.7,195,16,4.0,6.9,1.0,196,13,3.5,5.5,0.7,195,16,0,29.76,,0,0,0,68.9,69.6,69.3,0.19,0.23,0.32
ONTA,2017-08-21 04:20:00 EDT,43.25941,-77.37331,328,65.3,65.7,65.3,80.3,59.1,0.000,0.000,0.00,0.000,3.6,8.0,1.5,188,15,4.2,9.1,1.7,187,13,3.6,8.0,1.5,188,15,0,29.76,,0,0,0,68.9,69.6,69.3,0.19,0.22,0.32
ONTA,2017-08-21 04:25:00 EDT,43.25941,-77.37331,328,64.8,65.4,64.8,81.2,58.9,0.000,0.000,0.00,0.000,3.5,6.6,0.9,180,14,4.1,8.1,1.2,181,14,3.5,6.6,0.9,180,14,0,29.76,,0,0,0,68.9,69.6,69.3,0.19,0.22,0.32
ONTA,2017-08-21 04:30:00 EDT,43.25941,-77.37331,328,64.4,65.1,64.4,82.9,59.1,0.000,0.000,0.00,0.000,3.6,6.4,0.9,178,16,4.0,8.0,1.2,176,14,3.6,6.4,0.9,178,16,0,29.76,,0,0,0,68.9,69.6,69.3,0.19,0.22,0.32
ONTA,2017-08-21 04:35:00 EDT,43.25941,-77.37331,328,64.5,64.9,64.5,83.3,59.3,0.000,0.000,0.00,0.000,3.8,6.3,1.0,179,14,4.4,6.7,1.0,180,14,3.8,6.3,1.0,179,14,0,29.76,,0,0,0,68.9,69.6,69.3,0.19,0.22,0.32
ONTA,2017-08-21 04:40:00 EDT,43.25941,-77.37331,328,64.4,64.7,64.4,83.0,59.1,0.000,0.000,0.00,0.000,3.2,6.1,1.1,184,14,3.7,6.6,1.2,185,14,3.2,6.1,1.1,184,14,0,29.76,,0,0,0,68.9,69.6,69.3,0.19,0.22,0.32
ONTA,2017-08-21 04:45:00 EDT,43.25941,-77.37331,328,64.3,64.5,64.3,83.2,59.1,0.000,0.000,0.00,0.000,3.2,6.9,1.2,183,16,3.7,7.1,1.3,184,15,3.2,6.9,1.2,183,16,0,29.76,,0,0,0,68.9,69.6,69.3,0.19,0.22,0.32
ONTA,2017-08-21 04:50:00 EDT,43.25941,-77.37331,328,64.3,64.5,64.3,83.4,59.1,0.000,0.000,0.00,0.000,3.1,5.6,1.0,179,13,3.6,5.9,1.2,183,14,3.1,5.6,1.0,179,13,0,29.76,,0,0,0,68.9,69.6,69.3,0.19,0.22,0.32
ONTA,2017-08-21 04:55:00 EDT,43.25941,-77.37331,328,64.3,64.5,64.3,83.3,59.1,0.000,0.000,0.00,0.000,3.0,6.2,1.0,180,15,3.6,7.4,1.2,181,14,3.0,6.2,1.0,180,15,0,29.76,,0,0,0,68.9,69.6,69.3,0.19,0.22,0.32
ONTA,2017-08-21 05:00:00 EDT,43.25941,-77.37331,328,64.3,64.5,64.3,82.8,59.0,0.000,0.000,0.00,0.000,3.3,5.6,1.0,187,18,3.7,7.1,1.2,186,18,3.3,5.6,1.0,187,18,0,29.76,,0,0,0,68.7,69.6,69.3,0.19,0.22,0.32
ONTA,2017-08-21 05:05:00 EDT,43.25941,-77.37331,328,64.4,64.6,64.4,82.8,59.0,0.000,0.000,0.00,0.000,2.9,5.0,0.8,176,14,3.1,5.9,1.0,180,16,2.9,5.0,0.8,176,14,0,29.76,,0,0,0,68.8,69.6,69.3,0.19,0.22,0.32
ONTA,2017-08-21 05:10:00 EDT,43.25941,-77.37331,328,64.5,64.8,64.5,82.3,59.0,0.000,0.000,0.00,0.000,3.4,5.4,0.9,179,14,3.9,6.5,1.0,179,15,3.4,5.4,0.9,179,14,0,29.76,,0,0,0,68.8,69.6,69.3,0.19,0.22,0.32
ONTA,2017-08-21 05:15:00 EDT,43.25941,-77.37331,328,64.3,64.7,64.3,82.9,59.0,0.000,0.000,0.00,0.000,3.4,6.1,1.1,180,12,3.9,7.6,1.3,182,12,3.4,6.1,1.1,180,12,0,29.76,,0,0,0,68.7,69.6,69.3,0.19,0.22,0.32
ONTA,2017-08-21 05:20:00 EDT,43.25941,-77.37331,328,64.5,64.8,64.5,82.5,59.1,0.000,0.000,0.00,0.000,3.3,5.6,0.9,185,15,3.8,6.5,1.2,186,14,3.3,5.6,0.9,185,15,0,29.76,,0,0,0,68.6,69.6,69.3,0.19,0.22,0.32
ONTA,2017-08-21 05:25:00 EDT,43.25941,-77.37331,328,64.5,64.9,64.5,82.5,59.0,0.000,0.000,0.00,0.000,3.6,6.5,0.8,184,16,3.9,6.9,1.0,186,16,3.6,6.5,0.8,184,16,0,29.76,,0,0,0,68.6,69.6,69.3,0.19,0.22,0.32
ONTA,2017-08-21 05:30:00 EDT,43.25941,-77.37331,328,64.6,65.0,64.6,81.9,58.9,0.000,0.000,0.00,0.000,4.4,7.8,1.2,193,16,5.0,9.4,1.5,194,14,4.4,7.8,1.2,193,16,0,29.76,,0,0,0,68.6,69.6,69.3,0.19,0.22,0.32
ONTA,2017-08-21 05:35:00 EDT,43.25941,-77.37331,328,64.6,65.0,64.6,81.8,59.0,0.000,0.000,0.00,0.000,3.4,5.7,1.0,190,14,4.1,7.6,1.1,192,14,3.4,5.7,1.0,190,14,0,29.76,,0,0,0,68.5,69.6,69.3,0.19,0.22,0.32
ONTA,2017-08-21 05:40:00 EDT,43.25941,-77.37331,328,64.7,65.1,64.7,81.9,59.1,0.000,0.000,0.00,0.000,3.9,6.1,0.8,187,14,4.4,7.7,0.9,188,15,3.9,6.1,0.8,187,14,0,29.76,,0,0,0,68.5,69.6,69.3,0.19,0.22,0.32
ONTA,2017-08-21 05:45:00 EDT,43.25941,-77.37331,328,64.6,65.0,64.6,81.8,58.9,0.000,0.000,0.00,0.000,3.8,6.5,1.0,184,14,4.3,7.4,1.3,186,13,3.8,6.5,1.0,184,14,0,29.76,,0,0,0,68.5,69.6,69.3,0.19,0.22,0.32
ONTA,2017-08-21 05:50:00 EDT,43.25941,-77.37331,328,64.4,64.8,64.4,82.5,58.9,0.000,0.000,0.00,0.000,3.8,6.4,1.0,184,11,4.4,8.3,1.1,184,12,3.8,6.4,1.0,184,11,0,29.76,,0,0,0,68.5,69.6,69.3,0.19,0.22,0.32
ONTA,2017-08-21 05:55:00 EDT,43.25941,-77.37331,328,64.2,64.6,64.2,82.7,58.8,0.000,0.000,0.00,0.000,3.3,6.3,1.1,184,18,3.7,7.0,1.3,184,17,3.3,6.3,1.1,184,18,0,29.76,,0,0,0,68.5,69.6,69.3,0.19,0.22,0.32
ONTA,2017-08-21 06:00:00 EDT,43.25941,-77.37331,328,64.2,64.5,64.2,82.8,58.9,0.000,0.000,0.00,0.000,3.3,6.9,1.1,189,15,4.0,7.2,1.3,190,14,3.3,6.9,1.1,189,15,0,29.76,,0,0,0,68.5,69.6,69.3,0.19,0.22,0.32
ONTA,2017-08-21 06:05:00 EDT,43.25941,-77.37331,328,63.8,64.2,63.8,83.2,58.6,0.000,0.000,0.00,0.000,2.4,4.9,0.8,185,15,2.9,5.0,0.8,187,15,2.4,4.9,0.8,185,15,0,29.76,,0,0,0,68.5,69.6,69.3,0.19,0.22,0.32
ONTA,2017-08-21 06:10:00 EDT,43.25941,-77.37331,328,63.6,64.0,63.6,84.2,58.7,0.000,0.000,0.00,0.000,2.8,4.5,0.9,184,13,3.2,5.6,1.0,186,13,2.8,4.5,0.9,184,13,0,29.76,,0,0,0,68.5,69.6,69.3,0.19,0.22,0.32
ONTA,2017-08-21 06:15:00 EDT,43.25941,-77.37331,328,63.6,64.0,63.6,84.5,58.9,0.000,0.000,0.00,0.000,3.1,6.1,1.0,178,16,3.6,7.3,1.1,181,14,3.1,6.1,1.0,178,16,1,29.76,,0,0,0,68.5,69.6,69.3,0.19,0.22,0.32
ONTA,2017-08-21 06:20:00 EDT,43.25941,-77.37331,328,63.6,64.0,63.6,84.1,58.7,0.000,0.000,0.00,0.000,2.7,5.1,0.7,186,17,3.2,6.0,1.0,187,18,2.7,5.1,0.7,186,17,1,29.76,,0,0,0,68.5,69.6,69.3,0.19,0.22,0.32
ONTA,2017-08-21 06:25:00 EDT,43.25941,-77.37331,328,63.4,63.9,63.4,84.5,58.6,0.000,0.000,0.00,0.000,2.3,4.8,0.9,187,19,2.8,4.8,1.0,187,19,2.3,4.8,0.9,187,19,3,29.76,,0,0,0,68.5,69.5,69.3,0.19,0.22,0.32
ONTA,2017-08-21 06:30:00 EDT,43.25941,-77.37331,328,63.1,63.7,63.1,85.3,58.7,0.000,0.000,0.00,0.000,2.7,4.8,0.8,182,15,3.2,6.5,1.1,184,13,2.7,4.8,0.8,182,15,5,29.76,,0,0,0,68.5,69.5,69.3,0.19,0.22,0.32
ONTA,2017-08-21 06:35:00 EDT,43.25941,-77.37331,328,63.3,63.7,63.3,85.4,58.9,0.000,0.000,0.00,0.000,3.1,5.9,0.9,187,14,3.4,7.1,1.0,186,14,3.1,5.9,0.9,187,14,9,29.76,,0,0,0,68.5,69.4,69.3,0.19,0.22,0.32
ONTA,2017-08-21 06:40:00 EDT,43.25941,-77.37331,328,63.5,63.8,63.5,84.5,58.7,0.000,0.000,0.00,0.000,3.0,5.8,1.1,183,15,3.4,7.3,1.3,184,15,3.0,5.8,1.1,183,15,12,29.76,,0,0,0,68.5,69.3,69.3,0.19,0.23,0.32
ONTA,2017-08-21 06:45:00 EDT,43.25941,-77.37331,328,63.3,63.7,63.3,84.7,58.6,0.000,0.000,0.00,0.000,2.2,4.2,0.7,181,16,2.4,4.6,0.8,182,18,2.2,4.2,0.7,181,16,16,29.76,,0,0,0,68.5,69.3,69.3,0.19,0.22,0.32
ONTA,2017-08-21 06:50:00 EDT,43.25941,-77.37331,328,63.2,63.7,63.2,84.9,58.6,0.000,0.000,0.00,0.000,2.1,3.9,0.7,181,20,2.6,5.7,1.0,184,20,2.1,3.9,0.7,181,20,20,29.76,,0,0,0,68.5,69.3,69.3,0.19,0.22,0.32
ONTA,2017-08-21 06:55:00 EDT,43.25941,-77.37331,328,63.2,63.6,63.2,85.2,58.7,0.000,0.000,0.00,0.000,2.1,4.4,0.8,176,16,2.4,5.3,0.9,176,19,2.1,4.4,0.8,176,16,26,29.76,,0,0,0,68.5,69.3,69.3,0.19,0.23,0.32
ONTA,2017-08-21 07:00:00 EDT,43.25941,-77.37331,328,63.4,63.9,63.4,85.1,58.9,0.000,0.000,0.00,0.000,2.5,5.9,1.0,164,19,3.0,8.5,1.2,165,18,2.5,5.9,1.0,164,19,32,29.76,,0,0,0,68.5,69.3,69.3,0.19,0.23,0.32
ONTA,2017-08-21 07:05:00 EDT,43.25941,-77.37331,328,63.7,64.1,63.7,84.4,58.9,0.000,0.000,0.00,0.000,3.3,6.0,0.9,172,17,3.7,8.2,1.2,173,15,3.3,6.0,0.9,172,17,38,29.76,,0,0,0,68.5,69.3,69.3,0.19,0.22,0.32
ONTA,2017-08-21 07:10:00 EDT,43.25941,-77.37331,328,64.0,64.5,64.0,83.5,58.9,0.000,0.000,0.00,0.000,3.4,5.9,1.1,165,15,3.7,6.3,1.3,167,15,3.4,5.9,1.1,165,15,31,29.76,,0,0,0,68.5,69.3,69.3,0.19,0.23,0.32
ONTA,2017-08-21 07:15:00 EDT,43.25941,-77.37331,328,63.9,64.5,63.9,83.4,58.8,0.000,0.000,0.00,0.000,3.2,5.3,0.9,163,17,3.7,6.7,1.1,164,16,3.2,5.3,0.9,163,17,25,29.76,,0,0,0,68.5,69.3,69.3,0.19,0.23,0.32
ONTA,2017-08-21 07:20:00 EDT,43.25941,-77.37331,328,64.1,64.6,64.1,82.9,58.8,0.000,0.000,0.00,0.000,3.8,5.6,0.8,162,17,4.2,7.2,1.2,162,16,3.8,5.6,0.8,162,17,23,29.76,,0,0,0,68.5,69.3,69.3,0.19,0.23,0.32
ONTA,2017-08-21 07:25:00 EDT,43.25941,-77.37331,328,64.1,64.5,64.1,83.1,58.9,0.000,0.000,0.00,0.000,2.3,3.7,0.7,171,17,2.7,5.3,0.8,171,17,2.3,3.7,0.7,171,17,23,29.76,,0,0,0,68.5,69.3,69.3,0.19,0.23,0.32
ONTA,2017-08-21 07:30:00 EDT,43.25941,-77.37331,328,64.1,64.5,64.1,83.6,59.1,0.000,0.000,0.00,0.000,2.5,4.7,1.0,183,15,2.9,5.9,1.1,184,17,2.5,4.7,1.0,183,15,27,29.76,,0,0,0,68.5,69.3,69.3,0.19,0.23,0.32
ONTA,2017-08-21 07:35:00 EDT,43.25941,-77.37331,328,64.2,64.5,64.2,83.2,59.0,0.000,0.000,0.00,0.000,2.9,5.5,1.1,187,17,3.5,6.6,1.3,189,16,2.9,5.5,1.1,187,17,54,29.76,,0,0,0,68.5,69.3,69.3,0.19,0.23,0.32
ONTA,2017-08-21 07:40:00 EDT,43.25941,-77.37331,328,64.7,64.9,64.7,82.3,59.2,0.000,0.000,0.00,0.000,3.3,6.4,1.0,190,16,3.9,7.9,1.2,192,14,3.3,6.4,1.0,190,16,122,29.76,,0,0,0,68.5,69.3,69.3,0.19,0.23,0.32
ONTA,2017-08-21 07:45:00 EDT,43.25941,-77.37331,328,65.1,65.3,65.1,81.3,59.3,0.000,0.000,0.00,0.000,4.2,7.7,1.4,185,16,4.7,9.4,1.6,185,17,4.2,7.7,1.4,185,16,149,29.76,,0,0,0,68.5,69.3,69.3,0.19,0.23,0.32
ONTA,2017-08-21 07:50:00 EDT,43.25941,-77.37331,328,65.7,65.8,65.7,79.6,59.2,0.000,0.000,0.00,0.000,4.3,6.5,1.0,186,16,4.8,7.6,1.2,186,15,4.3,6.5,1.0,186,16,164,29.76,,0,0,0,68.5,69.3,69.3,0.19,0.23,0.32
ONTA,2017-08-21 07:55:00 EDT,43.25941,-77.37331,328,66.2,66.3,66.2,78.8,59.4,0.000,0.000,0.00,0.000,3.3,5.3,1.1,188,16,3.7,7.0,1.2,188,14,3.3,5.3,1.1,188,16,178,29.76,,0,0,0,68.5,69.3,69.3,0.19,0.23,0.32
ONTA,2017-08-21 08:00:00 EDT,43.25941,-77.37331,328,66.7,66.8,66.7,77.7,59.5,0.000,0.000,0.00,0.000,3.9,6.6,1.0,187,16,4.4,7.3,1.1,188,16,3.9,6.6,1.0,187,16,190,29.76,,0,0,0,68.5,69.3,69.3,0.19,0.23,0.32
ONTA,2017-08-21 08:05:00 EDT,43.25941,-77.37331,328,67.2,67.2,67.2,76.5,59.5,0.000,0.000,0.00,0.000,3.7,7.8,1.1,186,14,4.2,9.7,1.5,187,14,3.7,7.8,1.1,186,14,206,29.76,,0,0,0,68.5,69.3,69.3,0.19,0.23,0.32
ONTA,2017-08-21 08:10:00 EDT,43.25941,-77.37331,328,67.7,67.7,67.7,75.9,59.8,0.000,0.000,0.00,0.000,3.9,6.4,1.1,191,16,4.5,8.8,1.3,190,15,3.9,6.4,1.1,191,16,221,29.76,,0,0,0,68.5,69.3,69.3,0.19,0.23,0.32
ONTA,2017-08-21 08:15:00 EDT,43.25941,-77.37331,328,68.2,68.2,68.2,74.6,59.8,0.000,0.000,0.00,0.000,4.3,7.2,1.1,192,17,4.9,8.0,1.1,195,17,4.3,7.2,1.1,192,17,235,29.76,,0,0,0,68.5,69.3,69.3,0.19,0.23,0.32
ONTA,2017-08-21 08:20:00 EDT,43.25941,-77.37331,328,68.7,68.8,68.7,73.3,59.9,0.000,0.000,0.00,0.000,5.4,9.9,1.7,198,15,6.0,10.8,1.8,198,14,5.4,9.9,1.7,198,15,249,29.75,,0,0,0,68.5,69.3,69.3,0.19,0.23,0.32
ONTA,2017-08-21 08:25:00 EDT,43.25941,-77.37331,328,69.3,69.3,69.3,72.2,59.9,0.000,0.000,0.00,0.000,5.1,7.9,1.2,201,17,5.7,9.1,1.5,201,14,5.1,7.9,1.2,201,17,265,29.75,,0,0,0,68.5,69.3,69.3,0.19,0.23,0.32
ONTA,2017-08-21 08:30:00 EDT,43.25941,-77.37331,328,69.7,69.7,69.7,71.5,60.1,0.000,0.000,0.00,0.000,5.8,8.8,1.4,200,15,6.5,11.0,1.7,201,13,5.8,8.8,1.4,200,15,280,29.75,,0,0,0,68.5,69.3,69.3,0.19,0.23,0.32
ONTA,2017-08-21 08:35:00 EDT,43.25941,-77.37331,328,70.2,70.2,70.2,71.1,60.4,0.000,0.000,0.00,0.000,5.3,8.5,1.3,199,14,5.7,9.5,1.5,201,13,5.3,8.5,1.3,199,14,292,29.76,,0,0,0,68.5,69.3,69.3,0.19,0.23,0.32
ONTA,2017-08-21 08:40:00 EDT,43.25941,-77.37331,328,70.7,70.6,70.7,70.9,60.8,0.000,0.000,0.00,0.000,4.4,7.2,1.4,205,13,5.0,7.9,1.5,207,14,4.4,7.2,1.4,205,13,309,29.76,,0,0,0,68.5,69.3,69.3,0.19,0.23,0.32
ONTA,2017-08-21 08:45:00 EDT,43.25941,-77.37331,328,71.2,71.2,71.2,69.5,60.7,0.000,0.000,0.00,0.000,4.7,8.0,1.3,212,13,4.9,8.8,1.5,213,11,4.7,8.0,1.3,212,13,324,29.76,,0,0,0,68.5,69.3,69.3,0.19,0.23,0.32
ONTA,2017-08-21 08:50:00 EDT,43.25941,-77.37331,328,71.8,71.7,71.8,69.1,61.2,0.000,0.000,0.00,0.000,4.5,7.4,1.3,208,11,4.8,8.7,1.5,210,12,4.5,7.4,1.3,208,11,338,29.76,,0,0,0,68.5,69.3,69.3,0.19,0.23,0.32
ONTA,2017-08-21 08:55:00 EDT,43.25941,-77.37331,328,72.3,72.2,72.3,67.8,61.1,0.000,0.000,0.00,0.000,5.2,8.5,1.4,206,15,5.6,9.4,1.5,207,14,5.2,8.5,1.4,206,15,353,29.76,,0,0,0,68.5,69.3,69.3,0.19,0.23,0.32
ONTA,2017-08-21 09:00:00 EDT,43.25941,-77.37331,328,72.9,72.7,72.9,67.9,61.6,0.000,0.000,0.00,0.000,4.2,5.5,0.7,202,15,4.6,7.4,0.9,202,16,4.2,5.5,0.7,202,15,356,29.76,,0,0,0,68.7,69.3,69.3,0.19,0.23,0.32
ONTA,2017-08-21 09:05:00 EDT,43.25941,-77.37331,328,73.2,73.1,73.2,67.4,61.7,0.000,0.000,0.00,0.000,5.6,9.6,1.4,207,15,6.0,10.7,1.7,208,14,5.6,9.6,1.4,207,15,348,29.76,,0,0,0,68.8,69.3,69.3,0.19,0.23,0.32
ONTA,2017-08-21 09:10:00 EDT,43.25941,-77.37331,328,73.7,73.5,73.7,66.4,61.8,0.000,0.000,0.00,0.000,6.0,9.3,1.3,208,17,6.6,10.3,1.7,209,15,6.0,9.3,1.3,208,17,395,29.76,,0,0,0,68.9,69.3,69.3,0.19,0.23,0.32
ONTA,2017-08-21 09:15:00 EDT,43.25941,-77.37331,328,74.2,74.0,74.2,65.1,61.7,0.000,0.000,0.00,0.000,6.4,11.1,1.8,209,16,7.0,11.2,1.8,210,14,6.4,11.1,1.8,209,16,411,29.76,,0,0,0,68.9,69.3,69.2,0.19,0.23,0.32
ONTA,2017-08-21 09:20:00 EDT,43.25941,-77.37331,328,74.6,74.4,74.6,64.3,61.7,0.000,0.000,0.00,0.000,6.5,10.4,1.8,207,18,7.0,11.5,1.8,208,17,6.5,10.4,1.8,207,18,427,29.76,,0,0,0,68.9,69.3,69.2,0.19,0.23,0.32
ONTA,2017-08-21 09:25:00 EDT,43.25941,-77.37331,328,75.0,74.7,75.0,63.9,61.9,0.000,0.000,0.00,0.000,6.1,14.0,2.6,210,15,6.5,14.7,2.7,212,15,6.1,14.0,2.6,210,15,438,29.76,,0,0,0,68.9,69.3,69.2,0.19,0.23,0.32
ONTA,2017-08-21 09:30:00 EDT,43.25941,-77.37331,328,75.2,74.9,75.2,62.4,61.4,0.000,0.000,0.00,0.000,6.7,10.6,1.3,205,15,6.9,12.4,1.5,206,14,6.7,10.6,1.3,205,15,447,29.76,,0,0,0,68.9,69.3,69.2,0.19,0.23,0.32
ONTA,2017-08-21 09:35:00 EDT,43.25941,-77.37331,328,75.5,75.2,75.5,62.9,62.0,0.000,0.000,0.00,0.000,6.3,9.8,1.5,213,13,6.5,9.9,1.7,214,12,6.3,9.8,1.5,213,13,462,29.76,,0,0,0,68.9,69.3,69.2,0.19,0.23,0.32
ONTA,2017-08-21 09:40:00 EDT,43.25941,-77.37331,328,75.9,75.6,75.9,63.1,62.4,0.000,0.000,0.00,0.000,5.5,8.5,1.5,209,19,6.2,9.6,1.6,211,18,5.5,8.5,1.5,209,19,464,29.76,,0,0,0,69.0,69.3,69.2,0.19,0.23,0.32
ONTA,2017-08-21 09:45:00 EDT,43.25941,-77.37331,328,76.1,75.8,76.1,63.3,62.7,0.000,0.000,0.00,0.000,5.2,9.6,1.6,206,20,5.6,11.8,1.8,207,20,5.2,9.6,1.6,206,20,469,29.76,,0,0,0,69.3,69.3,69.1,0.19,0.23,0.32
ONTA,2017-08-21 09:50:00 EDT,43.25941,-77.37331,328,76.3,76.1,76.3,62.3,62.5,0.000,0.000,0.00,0.000,6.4,9.7,1.6,201,15,6.9,11.0,1.5,203,16,6.4,9.7,1.6,201,15,484,29.76,,0,0,0,69.3,69.3,69.1,0.19,0.23,0.32
ONTA,2017-08-21 09:55:00 EDT,43.25941,-77.37331,328,76.6,76.3,76.6,62.0,62.6,0.000,0.000,0.00,0.000,6.2,10.9,1.8,200,17,6.7,11.7,1.9,201,16,6.2,10.9,1.8,200,17,497,29.76,,0,0,0,69.3,69.3,69.1,0.19,0.23,0.32
ONTA,2017-08-21 10:00:00 EDT,43.25941,-77.37331,328,76.7,76.4,76.7,61.4,62.5,0.000,0.000,0.00,0.000,6.5,10.2,1.4,203,19,7.1,10.9,1.5,204,17,6.5,10.2,1.4,203,19,509,29.76,,0,0,0,69.3,69.2,69.1,0.19,0.23,0.32
ONTA,2017-08-21 10:05:00 EDT,43.25941,-77.37331,328,76.7,76.6,76.7,60.4,62.0,0.000,0.000,0.00,0.000,7.2,11.2,1.6,206,13,7.7,13.0,1.8,205,12,7.2,11.2,1.6,206,13,526,29.76,,0,0,0,69.3,69.3,69.0,0.19,0.23,0.32
ONTA,2017-08-21 10:10:00 EDT,43.25941,-77.37331,328,77.0,76.7,77.0,61.5,62.8,0.000,0.000,0.00,0.000,5.8,9.9,1.3,201,18,6.2,10.3,1.5,204,17,5.8,9.9,1.3,201,18,475,29.76,,0,0,0,69.3,69.2,69.0,0.19,0.23,0.32
ONTA,2017-08-21 10:15:00 EDT,43.25941,-77.37331,328,77.1,76.9,77.1,59.7,62.0,0.000,0.000,0.00,0.000,7.1,11.1,1.8,199,12,7.8,13.5,1.9,199,11,7.1,11.1,1.8,199,12,534,29.75,,0,0,0,69.6,69.2,69.0,0.19,0.23,0.32
ONTA,2017-08-21 10:20:00 EDT,43.25941,-77.37331,328,77.3,77.0,77.3,60.3,62.5,0.000,0.000,0.00,0.000,8.1,12.1,1.6,214,13,8.5,13.0,1.5,214,11,8.1,12.1,1.6,214,13,550,29.75,,0,0,0,69.6,69.3,68.9,0.19,0.23,0.32
ONTA,2017-08-21 10:25:00 EDT,43.25941,-77.37331,328,77.7,77.2,77.7,61.1,63.2,0.000,0.000,0.00,0.000,6.8,12.1,2.0,195,25,7.3,13.6,2.1,197,23,6.8,12.1,2.0,195,25,561,29.75,,0,0,0,69.6,69.2,68.9,0.19,0.23,0.32
ONTA,2017-08-21 10:30:00 EDT,43.25941,-77.37331,328,77.9,77.4,77.9,60.4,63.0,0.000,0.000,0.00,0.000,6.3,9.4,1.5,216,13,6.5,10.9,1.6,215,12,6.3,9.4,1.5,216,13,573,29.75,,0,0,0,69.6,69.2,68.9,0.19,0.23,0.32
ONTA,2017-08-21 10:35:00 EDT,43.25941,-77.37331,328,78.1,77.6,78.1,59.8,63.0,0.000,0.000,0.00,0.000,6.4,10.2,1.7,202,18,6.8,11.1,1.8,203,15,6.4,10.2,1.7,202,18,583,29.75,,0,0,0,69.6,69.2,68.9,0.19,0.22,0.32
ONTA,2017-08-21 10:40:00 EDT,43.25941,-77.37331,328,78.4,78.0,78.4,59.6,63.2,0.000,0.000,0.00,0.000,5.9,10.3,1.9,195,20,6.4,11.7,2.1,196,19,5.9,10.3,1.9,195,20,591,29.75,,0,0,0,69.9,69.2,68.9,0.19,0.23,0.32
ONTA,2017-08-21 10:45:00 EDT,43.25941,-77.37331,328,78.5,78.0,78.5,59.1,63.1,0.000,0.000,0.00,0.000,7.8,10.9,1.6,207,13,8.2,11.3,1.9,207,12,7.8,10.9,1.6,207,13,596,29.75,,0,0,0,70.0,69.2,68.9,0.19,0.23,0.32
ONTA,2017-08-21 10:50:00 EDT,43.25941,-77.37331,328,78.8,78.3,78.8,60.1,63.7,0.000,0.000,0.00,0.000,6.1,10.2,1.8,220,19,6.4,10.8,1.9,220,19,6.1,10.2,1.8,220,19,607,29.74,,0,0,0,70.0,69.2,68.9,0.19,0.22,0.32
ONTA,2017-08-21 10:55:00 EDT,43.25941,-77.37331,328,79.1,78.7,79.1,60.4,64.2,0.000,0.000,0.00,0.000,6.0,11.0,1.5,229,20,6.2,10.7,1.6,230,18,6.0,11.0,1.5,229,20,619,29.75,,0,0,0,70.0,69.3,68.9,0.19,0.23,0.32
ONTA,2017-08-21 11:00:00 EDT,43.25941,-77.37331,328,79.2,78.8,79.2,60.5,64.4,0.000,0.000,0.00,0.000,5.9,11.3,2.1,238,17,6.3,11.3,2.1,240,16,5.9,11.3,2.1,238,17,551,29.75,,0,0,0,70.0,69.3,68.9,0.19,0.22,0.32
ONTA,2017-08-21 11:05:00 EDT,43.25941,-77.37331,328,79.5,79.0,79.5,60.4,64.6,0.000,0.000,0.00,0.000,6.4,10.9,1.7,230,19,6.7,11.5,1.9,231,19,6.4,10.9,1.7,230,19,641,29.75,,0,0,0,70.1,69.3,68.9,0.19,0.22,0.32
ONTA,2017-08-21 11:10:00 EDT,43.25941,-77.37331,328,79.7,79.2,79.7,60.0,64.6,0.000,0.000,0.00,0.000,5.8,10.9,2.3,233,17,6.1,11.4,2.4,233,18,5.8,10.9,2.3,233,17,646,29.74,,0,0,0,70.3,69.3,68.9,0.19,0.22,0.32
ONTA,2017-08-21 11:15:00 EDT,43.25941,-77.37331,328,79.8,79.2,79.8,59.8,64.5,0.000,0.000,0.00,0.000,6.9,9.3,1.3,240,14,7.3,10.7,1.5,244,13,6.9,9.3,1.3,240,14,651,29.75,,0,0,0,70.3,69.2,68.9,0.19,0.22,0.32
ONTA,2017-08-21 11:20:00 EDT,43.25941,-77.37331,328,79.9,79.4,79.9,59.7,64.7,0.000,0.000,0.00,0.000,5.6,8.9,1.5,236,14,5.8,8.6,1.5,240,14,5.6,8.9,1.5,236,14,661,29.74,,0,0,0,70.3,69.2,68.9,0.19,0.22,0.32
ONTA,2017-08-21 11:25:00 EDT,43.25941,-77.37331,328,80.1,79.6,82.0,60.0,65.0,0.000,0.000,0.00,0.000,6.4,9.8,1.6,237,19,6.7,10.2,1.7,239,19,6.4,9.8,1.6,237,19,671,29.74,,0,0,0,70.4,69.2,68.9,0.19,0.22,0.32
ONTA,2017-08-21 11:30:00 EDT,43.25941,-77.37331,328,80.3,79.8,82.2,60.1,65.2,0.000,0.000,0.00,0.000,5.6,8.5,1.7,249,18,6.1,10.0,1.8,251,18,5.6,8.5,1.7,249,18,679,29.74,,0,0,0,70.7,69.3,68.9,0.19,0.22,0.32
ONTA,2017-08-21 11:35:00 EDT,43.25941,-77.37331,328,80.6,79.9,82.5,60.1,65.5,0.000,0.000,0.00,0.000,5.7,7.8,0.9,232,18,6.1,8.8,1.1,235,18,5.7,7.8,0.9,232,18,686,29.74,,0,0,0,70.7,69.3,68.9,0.19,0.22,0.32
ONTA,2017-08-21 11:40:00 EDT,43.25941,-77.37331,328,80.4,80.0,82.3,59.7,65.2,0.000,0.000,0.00,0.000,6.4,9.7,1.4,238,11,6.4,10.4,1.5,240,9,6.4,9.7,1.4,238,11,693,29.74,,0,0,0,70.7,69.3,68.9,0.19,0.22,0.32
ONTA,2017-08-21 11:45:00 EDT,43.25941,-77.37331,328,80.8,80.2,82.9,60.3,65.8,0.000,0.000,0.00,0.000,5.1,8.7,1.3,208,21,5.6,8.7,1.5,210,20,5.1,8.7,1.3,208,21,698,29.74,,0,0,0,70.7,69.3,68.9,0.19,0.22,0.32
ONTA,2017-08-21 11:50:00 EDT,43.25941,-77.37331,328,81.4,80.6,83.7,60.9,66.6,0.000,0.000,0.00,0.000,3.7,6.5,1.1,236,28,4.1,7.1,1.2,240,28,3.7,6.5,1.1,236,28,704,29.74,,0,0,0,70.7,69.3,68.9,0.19,0.22,0.32
ONTA,2017-08-21 11:55:00 EDT,43.25941,-77.37331,328,81.4,80.6,83.4,59.4,65.8,0.000,0.000,0.00,0.000,4.4,8.8,1.4,252,20,4.9,9.9,1.6,254,19,4.4,8.8,1.4,252,20,711,29.74,,0,0,0,70.7,69.3,68.9,0.19,0.22,0.32
ONTA,2017-08-21 12:00:00 EDT,43.25941,-77.37331,328,81.7,81.0,84.2,60.7,66.8,0.000,0.000,0.00,0.000,2.2,5.6,1.2,260,29,2.6,6.3,1.5,263,28,2.2,5.6,1.2,260,29,710,29.74,,0,0,0,70.9,69.3,68.9,0.19,0.22,0.32
ONTA,2017-08-21 12:05:00 EDT,43.25941,-77.37331,328,82.2,81.5,84.8,60.4,67.2,0.000,0.000,0.00,0.000,2.9,5.4,1.1,250,16,3.6,6.5,1.2,253,16,2.9,5.4,1.1,250,16,722,29.74,,0,0,0,71.1,69.3,68.9,0.19,0.22,0.32
ONTA,2017-08-21 12:10:00 EDT,43.25941,-77.37331,328,82.2,81.5,84.4,58.7,66.3,0.000,0.000,0.00,0.000,2.9,5.5,1.4,250,23,3.3,6.7,1.2,255,22,2.9,5.5,1.4,250,23,724,29.74,,0,0,0,71.1,69.3,68.9,0.19,0.22,0.32
ONTA,2017-08-21 12:15:00 EDT,43.25941,-77.37331,328,82.5,81.4,84.9,58.7,66.6,0.000,0.000,0.00,0.000,2.1,5.4,1.5,204,24,2.6,5.8,1.6,203,23,2.1,5.4,1.5,204,24,728,29.74,,0,0,0,71.1,69.3,68.9,0.19,0.22,0.32
ONTA,2017-08-21 12:20:00 EDT,43.25941,-77.37331,328,82.3,81.5,84.7,58.7,66.4,0.000,0.000,0.00,0.000,3.2,6.0,1.6,261,23,3.6,6.8,1.7,262,26,3.2,6.0,1.6,261,23,733,29.74,,0,0,0,71.1,69.3,68.9,0.19,0.22,0.32
ONTA,2017-08-21 12:25:00 EDT,43.25941,-77.37331,328,82.2,81.7,84.5,58.7,66.3,0.000,0.000,0.00,0.000,4.1,6.4,1.5,259,20,4.6,7.1,1.5,262,20,4.1,6.4,1.5,259,20,739,29.74,,0,0,0,71.4,69.3,68.9,0.19,0.22,0.32
ONTA,2017-08-21 12:30:00 EDT,43.25941,-77.37331,328,82.5,81.7,84.8,58.2,66.3,0.000,0.000,0.00,0.000,2.8,4.2,0.8,260,19,3.2,5.6,1.0,262,18,2.8,4.2,0.8,260,19,745,29.74,,0,0,0,71.4,69.3,68.9,0.19,0.22,0.32
ONTA,2017-08-21 12:35:00 EDT,43.25941,-77.37331,328,83.5,82.4,86.7,60.1,68.2,0.000,0.000,0.00,0.000,2.4,9.4,1.3,198,30,3.2,11.8,1.6,200,31,2.4,9.4,1.3,198,30,748,29.73,,0,0,0,71.4,69.3,68.9,0.19,0.22,0.32
ONTA,2017-08-21 12:40:00 EDT,43.25941,-77.37331,328,83.0,82.2,85.5,58.3,66.8,0.000,0.000,0.00,0.000,2.2,12.1,2.7,283,17,2.5,12.4,2.6,281,28,2.2,12.1,2.7,283,17,751,29.73,,0,0,0,71.4,69.3,68.9,0.19,0.22,0.32
ONTA,2017-08-21 12:45:00 EDT,43.25941,-77.37331,328,83.2,82.4,85.6,57.3,66.5,0.000,0.000,0.00,0.000,2.3,5.9,1.8,316,40,2.8,6.9,1.8,314,46,2.3,5.9,1.8,316,40,749,29.73,,0,0,0,71.7,69.3,68.9,0.19,0.22,0.32
ONTA,2017-08-21 12:50:00 EDT,43.25941,-77.37331,328,82.6,82.0,85.0,58.4,66.5,0.000,0.000,0.00,0.000,3.4,6.1,1.2,282,26,3.7,7.2,1.3,281,27,3.4,6.1,1.2,282,26,756,29.73,,0,0,0,71.8,69.3,68.9,0.19,0.22,0.32
ONTA,2017-08-21 12:55:00 EDT,43.25941,-77.37331,328,82.5,81.5,85.4,60.7,67.6,0.000,0.000,0.00,0.000,4.0,6.0,1.1,337,19,4.6,6.9,1.2,339,19,4.0,6.0,1.1,337,19,759,29.73,,0,0,0,71.8,69.3,68.9,0.19,0.22,0.32
ONTA,2017-08-21 13:00:00 EDT,43.25941,-77.37331,328,82.0,81.1,84.8,62.3,67.8,0.000,0.000,0.00,0.000,5.3,7.2,0.9,4,15,5.8,7.9,1.0,4,10,5.3,7.2,0.9,4,15,761,29.73,,0,0,0,71.8,69.3,68.9,0.19,0.22,0.32
ONTA,2017-08-21 13:05:00 EDT,43.25941,-77.37331,328,82.1,81.3,85.3,63.9,68.7,0.000,0.000,0.00,0.000,5.0,7.3,1.0,357,18,5.3,8.3,1.2,359,15,5.0,7.3,1.0,357,18,582,29.73,,0,0,0,72.3,69.3,68.9,0.19,0.23,0.32
ONTA,2017-08-21 13:10:00 EDT,43.25941,-77.37331,328,82.4,81.5,85.7,63.7,68.8,0.000,0.000,0.00,0.000,5.5,8.5,1.1,345,13,6.2,8.9,1.2,347,10,5.5,8.5,1.1,345,13,759,29.73,,0,0,0,72.3,69.3,68.9,0.19,0.23,0.32
ONTA,2017-08-21 13:15:00 EDT,43.25941,-77.37331,328,82.2,81.2,85.4,63.4,68.5,0.000,0.000,0.00,0.000,6.1,7.7,0.9,346,16,6.8,9.5,1.2,349,12,6.1,7.7,0.9,346,16,779,29.73,,0,0,0,72.3,69.3,68.9,0.19,0.23,0.32
ONTA,2017-08-21 13:20:00 EDT,43.25941,-77.37331,328,81.6,80.7,84.4,62.9,67.8,0.000,0.000,0.00,0.000,6.7,9.3,1.3,2,13,7.5,9.8,1.2,3,10,6.7,9.3,1.3,2,13,644,29.72,,0,0,0,72.3,69.3,68.9,0.19,0.23,0.32
ONTA,2017-08-21 13:25:00 EDT,43.25941,-77.37331,328,81.4,80.5,84.2,63.8,68.0,0.000,0.000,0.00,0.000,5.9,8.7,1.5,352,14,6.5,9.4,1.7,354,10,5.9,8.7,1.5,352,14,737,29.72,,0,0,0,72.4,69.3,68.9,0.18,0.23,0.32
ONTA,2017-08-21 13:30:00 EDT,43.25941,-77.37331,328,80.5,80.0,82.9,64.2,67.3,0.000,0.000,0.00,0.000,6.1,8.4,0.9,353,17,6.7,9.5,1.1,353,10,6.1,8.4,0.9,353,17,244,29.72,,0,0,0,72.7,69.3,68.9,0.18,0.23,0.32
ONTA,2017-08-21 13:35:00 EDT,43.25941,-77.37331,328,79.2,79.1,79.2,67.5,67.5,0.000,0.000,0.00,0.000,5.5,8.2,1.0,6,16,6.2,9.4,1.1,4,9,5.5,8.2,1.0,6,16,308,29.72,,0,0,0,72.7,69.3,68.9,0.18,0.23,0.32
ONTA,2017-08-21 13:40:00 EDT,43.25941,-77.37331,328,79.8,79.3,79.8,66.7,67.8,0.000,0.000,0.00,0.000,5.6,8.4,1.2,22,14,6.2,8.7,1.3,21,14,5.6,8.4,1.2,22,14,640,29.72,,0,0,0,72.7,69.3,68.9,0.18,0.23,0.32
ONTA,2017-08-21 13:45:00 EDT,43.25941,-77.37331,328,80.0,79.4,82.4,64.7,67.1,0.000,0.000,0.00,0.000,5.8,7.9,1.2,15,14,6.4,9.5,1.4,14,12,5.8,7.9,1.2,15,14,543,29.72,,0,0,0,72.7,69.3,68.9,0.19,0.23,0.32
ONTA,2017-08-21 13:50:00 EDT,43.25941,-77.37331,328,79.1,78.8,79.1,66.3,66.9,0.000,0.000,0.00,0.000,6.5,9.1,1.4,18,14,7.0,10.6,1.7,16,13,6.5,9.1,1.4,18,14,249,29.72,,0,0,0,72.7,69.3,68.9,0.18,0.23,0.32
ONTA,2017-08-21 13:55:00 EDT,43.25941,-77.37331,328,79.2,78.8,79.2,67.3,67.4,0.000,0.000,0.00,0.000,6.1,8.5,1.2,16,10,6.5,9.7,1.4,16,10,6.1,8.5,1.2,16,10,529,29.72,,0,0,0,72.7,69.3,68.9,0.19,0.23,0.32
ONTA,2017-08-21 14:00:00 EDT,43.25941,-77.37331,328,79.4,78.7,79.4,67.1,67.5,0.000,0.000,0.00,0.000,4.5,7.4,1.4,9,16,4.9,7.5,1.3,9,12,4.5,7.4,1.4,9,16,468,29.72,,0,0,0,72.7,69.3,68.9,0.19,0.23,0.32
ONTA,2017-08-21 14:05:00 EDT,43.25941,-77.37331,328,79.1,78.5,79.1,67.8,67.6,0.000,0.000,0.00,0.000,3.9,6.4,1.3,12,19,4.5,6.8,1.4,11,17,3.9,6.4,1.3,12,19,416,29.72,,0,0,0,72.9,69.3,68.9,0.19,0.23,0.32
ONTA,2017-08-21 14:10:00 EDT,43.25941,-77.37331,328,79.2,78.6,79.2,67.1,67.4,0.000,0.000,0.00,0.000,4.4,6.6,1.4,43,16,4.8,7.7,1.5,42,15,4.4,6.6,1.4,43,16,365,29.72,,0,0,0,73.0,69.4,68.9,0.19,0.23,0.32
ONTA,2017-08-21 14:15:00 EDT,43.25941,-77.37331,328,78.8,78.4,78.8,67.1,67.0,0.000,0.000,0.00,0.000,4.0,6.4,1.4,34,20,4.5,7.8,1.4,35,20,4.0,6.4,1.4,34,20,320,29.72,,0,0,0,73.0,69.5,68.9,0.19,0.23,0.32
ONTA,2017-08-21 14:20:00 EDT,43.25941,-77.37331,328,78.2,77.9,78.2,69.8,67.5,0.000,0.000,0.00,0.000,4.7,8.0,1.6,8,15,5.3,9.5,1.7,8,9,4.7,8.0,1.6,8,15,278,29.72,,0,0,0,73.0,69.6,68.9,0.19,0.22,0.32
ONTA,2017-08-21 14:25:00 EDT,43.25941,-77.37331,328,77.6,77.4,77.6,68.8,66.5,0.000,0.000,0.00,0.000,5.6,8.0,1.7,18,12,6.0,9.2,1.7,18,11,5.6,8.0,1.7,18,12,247,29.72,,0,0,0,73.0,69.6,68.9,0.18,0.23,0.32
ONTA,2017-08-21 14:30:00 EDT,43.25941,-77.37331,328,77.5,77.3,77.5,70.6,67.2,0.000,0.000,0.00,0.000,3.1,4.9,0.8,21,16,3.4,6.1,1.0,20,14,3.1,4.9,0.8,21,16,223,29.72,,0,0,0,73.0,69.6,68.9,0.18,0.23,0.32
ONTA,2017-08-21 14:35:00 EDT,43.25941,-77.37331,328,77.5,77.3,77.5,69.8,66.9,0.000,0.000,0.00,0.000,3.8,5.4,0.8,31,13,3.9,5.8,0.9,31,13,3.8,5.4,0.8,31,13,195,29.72,,0,0,0,73.0,69.6,68.9,0.18,0.23,0.32
ONTA,2017-08-21 14:40:00 EDT,43.25941,-77.37331,328,77.2,77.1,77.2,69.6,66.5,0.000,0.000,0.00,0.000,3.2,5.8,1.0,22,15,3.4,6.1,1.1,23,15,3.2,5.8,1.0,22,15,182,29.72,,0,0,0,73.0,69.6,68.9,0.18,0.23,0.32
ONTA,2017-08-21 14:45:00 EDT,43.25941,-77.37331,328,77.0,77.0,77.0,69.7,66.3,0.000,0.000,0.00,0.000,3.4,5.3,0.9,28,12,3.5,5.7,1.0,29,11,3.4,5.3,0.9,28,12,103,29.72,,0,0,0,73.0,69.6,68.9,0.18,0.23,0.32
ONTA,2017-08-21 14:50:00 EDT,43.25941,-77.37331,328,77.0,76.8,77.0,72.2,67.4,0.000,0.000,0.00,0.000,2.2,3.6,0.7,72,18,2.8,4.5,0.8,73,19,2.2,3.6,0.7,72,18,141,29.72,,0,0,0,73.0,69.6,68.9,0.18,0.23,0.32
ONTA,2017-08-21 14:55:00 EDT,43.25941,-77.37331,328,77.5,77.0,77.5,71.5,67.6,0.000,0.000,0.00,0.000,2.0,2.9,0.4,62,10,2.4,3.7,0.5,63,13,2.0,2.9,0.4,62,10,285,29.71,,0,0,0,73.0,69.6,68.9,0.18,0.23,0.32
ONTA,2017-08-21 15:00:00 EDT,43.25941,-77.37331,328,77.8,77.0,77.8,70.0,67.2,0.000,0.000,0.00,0.000,2.3,3.6,0.6,67,12,2.7,4.3,0.7,68,13,2.3,3.6,0.6,67,12,240,29.71,,0,0,0,73.0,69.6,68.9,0.18,0.22,0.32
ONTA,2017-08-21 15:05:00 EDT,43.25941,-77.37331,328,77.6,77.1,77.6,70.5,67.3,0.000,0.000,0.00,0.000,2.3,4.7,0.9,79,17,2.7,5.6,1.0,79,17,2.3,4.7,0.9,79,17,202,29.71,,0,0,0,73.0,69.6,68.9,0.18,0.22,0.32
ONTA,2017-08-21 15:10:00 EDT,43.25941,-77.37331,328,77.7,77.3,77.7,71.3,67.7,0.000,0.000,0.00,0.000,2.5,3.8,0.5,31,19,2.8,4.3,0.7,31,18,2.5,3.8,0.5,31,19,398,29.71,,0,0,0,73.0,69.6,68.9,0.18,0.22,0.32
ONTA,2017-08-21 15:15:00 EDT,43.25941,-77.37331,328,78.6,77.6,78.6,69.3,67.7,0.000,0.000,0.00,0.000,3.7,5.6,0.9,49,13,3.9,6.0,1.1,49,13,3.7,5.6,0.9,49,13,456,29.71,,0,0,0,73.0,69.6,68.9,0.18,0.23,0.32
ONTA,2017-08-21 15:20:00 EDT,43.25941,-77.37331,328,79.0,78.0,79.0,69.3,68.1,0.000,0.000,0.00,0.000,2.6,4.9,1.4,49,25,3.0,5.5,1.4,49,25,2.6,4.9,1.4,49,25,427,29.71,,0,0,0,73.0,69.6,68.9,0.18,0.23,0.32
ONTA,2017-08-21 15:25:00 EDT,43.25941,-77.37331,328,78.6,77.9,78.6,68.9,67.6,0.000,0.000,0.00,0.000,3.0,4.7,1.2,51,24,3.4,6.1,1.2,51,23,3.0,4.7,1.2,51,24,222,29.71,,0,0,0,73.0,69.6,68.9,0.18,0.22,0.32
ONTA,2017-08-21 15:30:00 EDT,43.25941,-77.37331,328,78.2,77.8,78.2,68.9,67.2,0.000,0.000,0.00,0.000,3.5,5.8,1.4,42,20,4.0,6.6,1.4,44,20,3.5,5.8,1.4,42,20,337,29.71,,0,0,0,73.0,69.6,68.9,0.18,0.22,0.32
ONTA,2017-08-21 15:35:00 EDT,43.25941,-77.37331,328,79.2,78.1,79.2,67.1,67.4,0.000,0.000,0.00,0.000,3.5,4.7,0.7,57,11,3.8,5.3,0.8,56,11,3.5,4.7,0.7,57,11,349,29.71,,0,0,0,73.0,69.6,68.9,0.19,0.23,0.32
ONTA,2017-08-21 15:40:00 EDT,43.25941,-77.37331,328,78.9,78.0,78.9,66.9,67.0,0.000,0.000,0.00,0.000,2.7,4.5,0.8,53,23,3.1,5.3,0.9,53,24,2.7,4.5,0.8,53,23,498,29.71,,0,0,0,73.0,69.6,68.9,0.19,0.22,0.32
ONTA,2017-08-21 15:45:00 EDT,43.25941,-77.37331,328,80.1,78.5,82.7,66.3,67.9,0.000,0.000,0.00,0.000,2.5,4.8,0.9,57,21,2.8,6.1,0.9,59,22,2.5,4.8,0.9,57,21,630,29.71,,0,0,0,73.0,69.8,68.9,0.18,0.22,0.32
ONTA,2017-08-21 15:50:00 EDT,43.25941,-77.37331,328,80.0,78.7,80.0,65.5,67.4,0.000,0.000,0.00,0.000,2.4,4.6,1.4,33,28,2.9,5.2,1.3,34,31,2.4,4.6,1.4,33,28,633,29.71,,0,0,0,73.0,69.9,68.9,0.18,0.22,0.32
ONTA,2017-08-21 15:55:00 EDT,43.25941,-77.37331,328,79.9,78.9,79.9,64.8,67.0,0.000,0.000,0.00,0.000,2.4,5.0,1.0,41,27,2.9,6.1,1.0,40,27,2.4,5.0,1.0,41,27,611,29.71,,0,0,0,73.0,70.0,68.9,0.18,0.22,0.32
ONTA,2017-08-21 16:00:00 EDT,43.25941,-77.37331,328,80.7,79.2,83.4,64.9,67.8,0.000,0.000,0.00,0.000,3.1,5.0,1.7,69,12,3.7,6.2,1.6,73,18,3.1,5.0,1.7,69,12,614,29.71,,0,0,0,73.0,70.0,68.9,0.18,0.23,0.32
ONTA,2017-08-21 16:05:00 EDT,43.25941,-77.37331,328,80.8,79.4,83.7,65.5,68.2,0.000,0.000,0.00,0.000,1.4,3.5,1.0,51,13,1.8,3.6,0.9,56,23,1.4,3.5,1.0,51,13,563,29.71,,0,0,0,73.0,70.0,68.9,0.18,0.22,0.32
ONTA,2017-08-21 16:10:00 EDT,43.25941,-77.37331,328,80.8,79.6,83.5,65.0,67.9,0.000,0.000,0.00,0.000,2.4,5.0,1.0,27,26,2.7,4.8,1.0,27,28,2.4,5.0,1.0,27,26,549,29.71,,0,0,0,73.0,70.0,68.9,0.18,0.22,0.32
ONTA,2017-08-21 16:15:00 EDT,43.25941,-77.37331,328,80.3,79.6,82.8,65.8,67.8,0.000,0.000,0.00,0.000,2.5,3.7,0.6,8,16,3.1,4.6,0.7,6,16,2.5,3.7,0.6,8,16,544,29.71,,0,0,0,73.0,70.0,68.9,0.18,0.22,0.32
ONTA,2017-08-21 16:20:00 EDT,43.25941,-77.37331,328,80.1,79.5,82.4,64.3,66.9,0.000,0.000,0.00,0.000,1.9,3.1,0.4,316,17,1.9,3.1,0.4,315,16,1.9,3.1,0.4,316,17,517,29.71,,0,0,0,73.0,70.0,68.9,0.18,0.22,0.32
ONTA,2017-08-21 16:25:00 EDT,43.25941,-77.37331,328,80.4,79.8,82.9,64.9,67.5,0.000,0.000,0.00,0.000,2.2,3.4,0.9,17,23,2.4,4.0,0.9,16,25,2.2,3.4,0.9,17,23,507,29.71,,0,0,0,73.0,70.0,68.9,0.18,0.22,0.32
ONTA,2017-08-21 16:30:00 EDT,43.25941,-77.37331,328,80.7,80.0,83.5,65.6,68.1,0.000,0.000,0.00,0.000,2.2,3.7,0.8,9,20,2.7,4.3,0.9,8,20,2.2,3.7,0.8,9,20,512,29.70,,0,0,0,73.1,70.0,68.9,0.18,0.22,0.32
ONTA,2017-08-21 16:35:00 EDT,43.25941,-77.37331,328,80.3,80.0,82.6,63.5,66.8,0.000,0.000,0.00,0.000,1.2,2.4,0.6,328,32,1.6,3.2,0.7,322,31,1.2,2.4,0.6,328,32,524,29.70,,0,0,0,73.3,70.0,68.9,0.18,0.22,0.32
ONTA,2017-08-21 16:40:00 EDT,43.25941,-77.37331,328,80.8,80.2,83.4,63.7,67.4,0.000,0.000,0.00,0.000,1.5,5.0,1.4,12,14,2.1,7.2,1.5,15,18,1.5,5.0,1.4,12,14,505,29.70,,0,0,0,73.4,70.0,68.9,0.18,0.22,0.32
ONTA,2017-08-21 16:45:00 EDT,43.25941,-77.37331,328,80.7,80.3,83.2,63.8,67.3,0.000,0.000,0.00,0.000,1.4,2.8,0.8,341,24,1.9,4.1,0.9,341,25,1.4,2.8,0.8,341,24,503,29.70,,0,0,0,73.4,70.0,68.9,0.18,0.22,0.32
ONTA,2017-08-21 16:50:00 EDT,43.25941,-77.37331,328,81.3,80.4,84.1,63.4,67.7,0.000,0.000,0.00,0.000,3.0,5.8,1.3,39,17,3.3,6.7,1.3,39,17,3.0,5.8,1.3,39,17,495,29.70,,0,0,0,73.4,70.0,68.9,0.18,0.22,0.32
ONTA,2017-08-21 16:55:00 EDT,43.25941,-77.37331,328,80.9,80.4,83.4,63.3,67.3,0.000,0.000,0.00,0.000,2.4,4.5,1.2,19,15,2.7,5.5,1.3,19,17,2.4,4.5,1.2,19,15,475,29.70,,0,0,0,73.4,70.0,68.9,0.18,0.22,0.32
ONTA,2017-08-21 17:00:00 EDT,43.25941,-77.37331,328,81.3,80.6,84.0,63.5,67.7,0.000,0.000,0.00,0.000,1.2,4.0,1.1,38,20,1.5,4.0,1.0,42,20,1.2,4.0,1.1,38,20,460,29.70,,0,0,0,73.4,70.0,68.9,0.18,0.22,0.32
ONTA,2017-08-21 17:05:00 EDT,43.25941,-77.37331,328,80.8,80.1,83.7,65.9,68.3,0.000,0.000,0.00,0.000,3.9,5.5,0.6,5,15,4.5,6.1,0.6,5,10,3.9,5.5,0.6,5,15,427,29.70,,0,0,0,73.4,70.0,68.9,0.18,0.22,0.32
ONTA,2017-08-21 17:10:00 EDT,43.25941,-77.37331,328,80.7,80.1,83.6,66.7,68.6,0.000,0.000,0.00,0.000,2.9,4.4,0.8,350,22,3.4,5.2,0.9,351,22,2.9,4.4,0.8,350,22,420,29.70,,0,0,0,73.4,70.0,68.9,0.18,0.22,0.32
ONTA,2017-08-21 17:15:00 EDT,43.25941,-77.37331,328,81.3,80.4,84.4,65.6,68.7,0.000,0.000,0.00,0.000,2.6,4.2,0.8,57,39,2.9,5.0,0.9,58,37,2.6,4.2,0.8,57,39,404,29.69,,0,0,0,73.4,70.0,68.9,0.18,0.22,0.32
ONTA,2017-08-21 17:20:00 EDT,43.25941,-77.37331,328,81.6,80.6,84.7,64.7,68.5,0.000,0.000,0.00,0.000,2.5,4.5,1.1,56,21,2.9,5.6,1.2,58,21,2.5,4.5,1.1,56,21,393,29.69,,0,0,0,73.4,70.0,68.9,0.18,0.22,0.32
ONTA,2017-08-21 17:25:00 EDT,43.25941,-77.37331,328,81.7,80.8,85.0,65.9,69.1,0.000,0.000,0.00,0.000,1.7,4.0,1.1,97,40,2.2,4.8,1.1,92,40,1.7,4.0,1.1,97,40,379,29.69,,0,0,0,73.4,70.0,68.9,0.18,0.22,0.32
ONTA,2017-08-21 17:30:00 EDT,43.25941,-77.37331,328,81.7,80.6,84.9,64.7,68.7,0.000,0.000,0.00,0.000,2.5,4.1,1.0,82,19,2.9,5.1,1.2,84,19,2.5,4.1,1.0,82,19,353,29.69,,0,0,0,73.4,70.0,68.9,0.18,0.22,0.32
ONTA,2017-08-21 17:35:00 EDT,43.25941,-77.37331,328,81.6,80.5,84.8,65.2,68.8,0.000,0.000,0.00,0.000,2.0,3.8,1.2,62,25,2.4,4.7,1.2,58,30,2.0,3.8,1.2,62,25,327,29.69,,0,0,0,73.4,70.0,68.9,0.18,0.22,0.32
ONTA,2017-08-21 17:40:00 EDT,43.25941,-77.37331,328,81.5,80.4,84.6,65.3,68.7,0.000,0.000,0.00,0.000,2.0,3.2,0.6,41,19,2.3,4.0,0.6,42,21,2.0,3.2,0.6,41,19,342,29.69,,0,0,0,73.4,70.0,68.9,0.18,0.22,0.32
ONTA,2017-08-21 17:45:00 EDT,43.25941,-77.37331,328,81.4,80.7,84.6,65.9,68.9,0.000,0.000,0.00,0.000,2.8,4.5,0.8,52,27,3.2,5.6,0.9,52,27,2.8,4.5,0.8,52,27,300,29.68,,0,0,0,73.4,70.0,68.9,0.18,0.22,0.32
ONTA,2017-08-21 17:50:00 EDT,43.25941,-77.37331,328,81.7,80.7,85.1,65.7,69.1,0.000,0.000,0.00,0.000,2.9,4.0,0.5,84,19,3.4,4.8,0.6,85,20,2.9,4.0,0.5,84,19,318,29.68,,0,0,0,73.4,70.0,68.9,0.18,0.22,0.32
ONTA,2017-08-21 17:55:00 EDT,43.25941,-77.37331,328,81.8,80.7,85.2,66.0,69.3,0.000,0.000,0.00,0.000,3.0,4.9,0.8,67,14,3.5,5.6,1.0,66,13,3.0,4.9,0.8,67,14,298,29.68,,0,0,0,73.4,70.0,68.9,0.18,0.22,0.32
ONTA,2017-08-21 18:00:00 EDT,43.25941,-77.37331,328,81.7,80.9,85.1,65.9,69.2,0.000,0.000,0.00,0.000,2.8,4.0,0.6,52,14,3.2,4.6,0.7,54,13,2.8,4.0,0.6,52,14,283,29.68,,0,0,0,73.4,70.0,68.9,0.18,0.22,0.32
ONTA,2017-08-21 18:05:00 EDT,43.25941,-77.37331,328,81.7,80.8,85.0,65.6,69.0,0.000,0.000,0.00,0.000,3.4,4.9,0.9,55,8,3.7,5.6,1.0,55,10,3.4,4.9,0.9,55,8,246,29.68,,0,0,0,73.4,70.1,68.9,0.18,0.22,0.32
ONTA,2017-08-21 18:10:00 EDT,43.25941,-77.37331,328,81.8,80.9,85.5,66.5,69.6,0.000,0.000,0.00,0.000,2.7,4.3,0.8,79,18,3.2,5.0,0.8,80,18,2.7,4.3,0.8,79,18,271,29.68,,0,0,0,73.4,70.3,68.9,0.18,0.22,0.32
ONTA,2017-08-21 18:15:00 EDT,43.25941,-77.37331,328,81.9,80.8,85.7,67.6,70.1,0.000,0.000,0.00,0.000,2.3,3.7,0.8,77,14,2.8,4.4,0.7,78,15,2.3,3.7,0.8,77,14,227,29.68,,0,0,0,73.4,70.3,68.9,0.18,0.22,0.32
ONTA,2017-08-21 18:20:00 EDT,43.25941,-77.37331,328,81.7,80.8,85.3,66.9,69.6,0.000,0.000,0.00,0.000,2.1,3.4,0.6,65,18,2.5,4.0,0.7,67,19,2.1,3.4,0.6,65,18,199,29.68,,0,0,0,73.4,70.3,68.9,0.18,0.22,0.32
ONTA,2017-08-21 18:25:00 EDT,43.25941,-77.37331,328,81.7,80.8,85.4,67.8,70.0,0.000,0.000,0.00,0.000,2.0,3.4,0.7,51,20,2.4,3.9,0.7,52,20,2.0,3.4,0.7,51,20,212,29.68,,0,0,0,73.4,70.3,68.9,0.18,0.22,0.32
ONTA,2017-08-21 18:30:00 EDT,43.25941,-77.37331,328,80.7,80.5,84.0,68.8,69.5,0.000,0.000,0.00,0.000,2.9,4.1,0.6,26,10,3.2,4.6,0.6,27,11,2.9,4.1,0.6,26,10,199,29.68,,0,0,0,73.4,70.3,68.9,0.18,0.22,0.32
ONTA,2017-08-21 18:35:00 EDT,43.25941,-77.37331,328,80.5,80.5,83.8,69.7,69.7,0.000,0.000,0.00,0.000,2.6,3.7,0.6,20,8,2.8,4.1,0.7,21,11,2.6,3.7,0.6,20,8,191,29.68,,0,0,0,73.4,70.3,68.9,0.18,0.22,0.32
ONTA,2017-08-21 18:40:00 EDT,43.25941,-77.37331,328,80.4,80.3,83.7,70.2,69.8,0.000,0.000,0.00,0.000,2.6,3.8,0.5,9,11,3.0,4.3,0.6,10,11,2.6,3.8,0.5,9,11,190,29.68,,0,0,0,73.4,70.3,68.9,0.18,0.22,0.32
ONTA,2017-08-21 18:45:00 EDT,43.25941,-77.37331,328,79.8,79.7,79.8,71.7,69.9,0.000,0.000,0.00,0.000,2.4,3.4,0.4,1,14,3.0,4.2,0.6,3,9,2.4,3.4,0.4,1,14,174,29.68,,0,0,0,73.4,70.3,68.9,0.18,0.22,0.32
ONTA,2017-08-21 18:50:00 EDT,43.25941,-77.37331,328,79.4,79.4,79.4,73.0,70.0,0.000,0.000,0.00,0.000,2.9,4.5,0.9,17,12,3.3,5.2,0.9,16,12,2.9,4.5,0.9,17,12,109,29.68,,0,0,0,73.4,70.3,68.9,0.18,0.22,0.32
ONTA,2017-08-21 18:55:00 EDT,43.25941,-77.37331,328,79.1,79.2,79.1,71.8,69.2,0.000,0.000,0.00,0.000,3.2,4.5,0.7,31,9,3.3,5.0,0.8,32,10,3.2,4.5,0.7,31,9,116,29.68,,0,0,0,73.4,70.3,68.9,0.18,0.22,0.32
ONTA,2017-08-21 19:00:00 EDT,43.25941,-77.37331,328,78.6,78.7,78.6,74.0,69.6,0.000,0.000,0.00,0.000,2.6,3.7,0.6,350,7,3.2,4.6,0.7,350,8,2.6,3.7,0.6,350,7,105,29.68,,0,0,0,73.4,70.3,68.9,0.18,0.22,0.32
ONTA,2017-08-21 19:05:00 EDT,43.25941,-77.37331,328,78.1,78.4,78.1,73.5,68.9,0.000,0.000,0.00,0.000,2.8,3.7,0.4,6,8,3.2,4.5,0.5,6,9,2.8,3.7,0.4,6,8,73,29.68,,0,0,0,73.4,70.3,68.9,0.18,0.22,0.32
ONTA,2017-08-21 19:10:00 EDT,43.25941,-77.37331,328,77.6,78.1,77.6,74.7,69.0,0.000,0.000,0.00,0.000,2.3,2.7,0.3,3,6,2.7,3.2,0.3,5,6,2.3,2.7,0.3,3,6,51,29.68,,0,0,0,73.4,70.3,68.9,0.18,0.22,0.32
ONTA,2017-08-21 19:15:00 EDT,43.25941,-77.37331,328,77.5,78.0,77.5,74.6,68.8,0.000,0.000,0.00,0.000,1.3,2.3,0.5,24,10,1.6,2.7,0.4,22,13,1.3,2.3,0.5,24,10,42,29.68,,0,0,0,73.4,70.3,68.9,0.18,0.22,0.32
ONTA,2017-08-21 19:20:00 EDT,43.25941,-77.37331,328,77.3,77.9,77.3,74.8,68.7,0.000,0.000,0.00,0.000,0.8,1.3,0.2,31,0,1.0,1.6,0.3,31,13,0.8,1.3,0.2,31,0,42,29.68,,0,0,0,73.4,70.3,68.9,0.18,0.22,0.32
ONTA,2017-08-21 19:25:00 EDT,43.25941,-77.37331,328,77.0,77.6,77.0,77.6,69.5,0.000,0.000,0.00,0.000,0.2,1.3,0.4,51,13,1.3,1.8,0.3,87,16,0.2,1.3,0.4,51,13,44,29.68,,0,0,0,73.4,70.3,68.9,0.18,0.22,0.32
ONTA,2017-08-21 19:30:00 EDT,43.25941,-77.37331,328,76.7,77.5,76.7,77.1,69.0,0.000,0.000,0.00,0.000,1.3,1.8,0.2,100,9,1.6,2.3,0.3,104,10,1.3,1.8,0.2,100,9,49,29.68,,0,0,0,73.4,70.3,68.9,0.18,0.22,0.32
ONTA,2017-08-21 19:35:00 EDT,43.25941,-77.37331,328,76.0,77.2,76.0,82.4,70.3,0.000,0.000,0.00,0.000,0.7,1.7,0.5,113,6,1.1,1.8,0.3,120,15,0.7,1.7,0.5,113,6,36,29.68,,0,0,0,73.4,70.3,68.9,0.18,0.22,0.32
ONTA,2017-08-21 19:40:00 EDT,43.25941,-77.37331,328,75.6,76.7,75.6,80.8,69.3,0.000,0.000,0.00,0.000,1.3,1.9,0.3,123,3,1.5,2.1,0.2,124,11,1.3,1.9,0.3,123,3,24,29.68,,0,0,0,73.4,70.3,69.0,0.18,0.22,0.32
ONTA,2017-08-21 19:45:00 EDT,43.25941,-77.37331,328,74.8,76.4,74.8,82.5,69.1,0.000,0.000,0.00,0.000,2.1,2.8,0.3,133,4,2.0,2.7,0.3,135,4,2.1,2.8,0.3,133,4,18,29.68,,0,0,0,73.4,70.3,69.0,0.18,0.22,0.32
ONTA,2017-08-21 19:50:00 EDT,43.25941,-77.37331,328,74.2,76.0,74.2,83.1,68.8,0.000,0.000,0.00,0.000,2.8,4.2,0.5,133,9,2.8,4.5,0.6,133,7,2.8,4.2,0.5,133,9,13,29.68,,0,0,0,73.3,70.3,69.0,0.18,0.22,0.32
ONTA,2017-08-21 19:55:00 EDT,43.25941,-77.37331,328,74.0,75.7,74.0,83.9,68.8,0.000,0.000,0.00,0.000,1.9,2.9,0.6,136,8,2.0,3.6,0.6,135,7,1.9,2.9,0.6,136,8,7,29.67,,0,0,0,73.2,70.3,69.0,0.18,0.22,0.32
ONTA,2017-08-21 20:00:00 EDT,43.25941,-77.37331,328,73.5,74.8,73.5,84.8,68.7,0.000,0.000,0.00,0.000,0.3,1.5,0.5,138,1,0.4,2.3,0.6,135,8,0.3,1.5,0.5,138,1,4,29.67,,0,0,0,73.0,70.4,69.1,0.18,0.22,0.32
ONTA,2017-08-21 20:05:00 EDT,43.25941,-77.37331,328,73.3,74.5,73.3,86.7,69.1,0.000,0.000,0.00,0.000,0.0,0.0,0.0,0,0,0.1,0.8,0.2,110,11,0.0,0.0,0.0,0,0,2,29.67,,0,0,0,73.0,70.3,69.1,0.18,0.22,0.32
ONTA,2017-08-21 20:10:00 EDT,43.25941,-77.37331,328,72.7,74.1,72.7,88.0,68.9,0.000,0.000,0.00,0.000,0.5,0.8,0.3,135,0,0.9,1.2,0.3,132,12,0.5,0.8,0.3,135,0,1,29.67,,0,0,0,73.0,70.4,69.2,0.18,0.22,0.32
ONTA,2017-08-21 20:15:00 EDT,43.25941,-77.37331,328,72.4,73.7,72.4,90.0,69.3,0.000,0.000,0.00,0.000,0.0,0.2,0.0,136,0,0.8,1.4,0.3,199,16,0.0,0.2,0.0,136,0,1,29.67,,0,0,0,73.0,70.4,69.2,0.18,0.22,0.32
ONTA,2017-08-21 20:20:00 EDT,43.25941,-77.37331,328,71.7,73.9,71.7,90.4,68.7,0.000,0.000,0.00,0.000,1.1,1.9,0.4,145,9,1.7,2.4,0.3,161,9,1.1,1.9,0.4,145,9,0,29.67,,0,0,0,73.0,70.4,69.2,0.18,0.22,0.32
ONTA,2017-08-21 20:25:00 EDT,43.25941,-77.37331,328,71.2,73.2,71.2,90.9,68.4,0.000,0.000,0.00,0.000,1.0,1.9,0.6,149,8,1.3,2.0,0.5,145,10,1.0,1.9,0.6,149,8,0,29.67,,0,0,0,73.0,70.5,69.2,0.18,0.22,0.32
ONTA,2017-08-21 20:30:00 EDT,43.25941,-77.37331,328,71.1,72.3,71.1,92.1,68.6,0.000,0.000,0.00,0.000,0.4,1.5,0.4,131,3,0.9,1.8,0.5,111,11,0.4,1.5,0.4,131,3,0,29.67,,0,0,0,73.0,70.6,69.2,0.18,0.22,0.32
ONTA,2017-08-21 20:35:00 EDT,43.25941,-77.37331,328,70.9,71.7,70.9,92.7,68.7,0.000,0.000,0.00,0.000,0.1,0.7,0.2,128,0,0.4,1.3,0.4,113,15,0.1,0.7,0.2,128,0,0,29.67,,0,0,0,72.8,70.6,69.3,0.18,0.22,0.32
ONTA,2017-08-21 20:40:00 EDT,43.25941,-77.37331,328,70.6,71.5,70.6,93.0,68.4,0.000,0.000,0.00,0.000,0.0,0.0,0.0,0,0,0.1,1.2,0.3,183,5,0.0,0.0,0.0,0,0,0,29.67,,0,0,0,72.7,70.6,69.2,0.18,0.22,0.32
ONTA,2017-08-21 20:45:00 EDT,43.25941,-77.37331,328,70.5,71.4,70.5,93.9,68.6,0.000,0.000,0.00,0.000,0.3,0.9,0.4,129,0,0.7,1.3,0.4,147,11,0.3,0.9,0.4,129,0,0,29.67,,0,0,0,72.7,70.7,69.3,0.18,0.22,0.32
ONTA,2017-08-21 20:50:00 EDT,43.25941,-77.37331,328,70.4,71.6,70.4,94.3,68.6,0.000,0.000,0.00,0.000,0.2,0.7,0.2,129,0,0.8,1.5,0.5,156,12,0.2,0.7,0.2,129,0,0,29.67,,0,0,0,72.7,70.7,69.3,0.18,0.22,0.32
ONTA,2017-08-21 20:55:00 EDT,43.25941,-77.37331,328,70.4,71.4,70.4,94.9,68.8,0.000,0.000,0.00,0.000,1.0,1.5,0.3,152,7,1.5,2.0,0.3,166,10,1.0,1.5,0.3,152,7,0,29.67,,0,0,0,72.7,70.7,69.3,0.18,0.22,0.32
ONTA,2017-08-21 21:00:00 EDT,43.25941,-77.37331,328,70.1,71.3,70.1,94.7,68.5,0.000,0.000,0.00,0.000,1.3,2.6,0.5,159,11,1.7,3.1,0.4,160,13,1.3,2.6,0.5,159,11,0,29.68,,0,0,0,72.7,70.7,69.3,0.18,0.22,0.32
ONTA,2017-08-21 21:05:00 EDT,43.25941,-77.37331,328,69.9,71.1,69.9,94.5,68.2,0.000,0.000,0.00,0.000,1.5,2.9,0.8,160,8,1.9,3.5,0.7,162,15,1.5,2.9,0.8,160,8,0,29.68,,0,0,0,72.5,70.7,69.3,0.18,0.22,0.32
ONTA,2017-08-21 21:10:00 EDT,43.25941,-77.37331,328,69.7,71.2,69.7,94.6,68.1,0.000,0.000,0.00,0.000,1.6,2.4,0.7,164,7,1.9,2.9,0.7,165,12,1.6,2.4,0.7,164,7,0,29.68,,0,0,0,72.3,70.7,69.3,0.18,0.22,0.32
ONTA,2017-08-21 21:15:00 EDT,43.25941,-77.37331,328,69.5,71.2,69.5,94.9,67.9,0.000,0.000,0.00,0.000,0.9,1.9,0.5,158,12,1.1,2.3,0.6,158,12,0.9,1.9,0.5,158,12,0,29.68,,0,0,0,72.3,70.7,69.3,0.18,0.22,0.32
ONTA,2017-08-21 21:20:00 EDT,43.25941,-77.37331,328,69.3,71.0,69.3,95.1,67.9,0.000,0.000,0.00,0.000,1.5,2.2,0.4,160,6,1.6,2.6,0.4,158,11,1.5,2.2,0.4,160,6,0,29.68,,0,0,0,72.3,70.7,69.3,0.18,0.22,0.32
ONTA,2017-08-21 21:25:00 EDT,43.25941,-77.37331,328,69.5,70.9,69.5,95.1,68.0,0.000,0.000,0.00,0.000,0.1,1.0,0.3,171,2,0.4,1.4,0.5,215,26,0.1,1.0,0.3,171,2,0,29.68,,0,0,0,72.3,70.7,69.3,0.18,0.22,0.32
ONTA,2017-08-21 21:30:00 EDT,43.25941,-77.37331,328,69.4,71.0,69.4,95.3,68.0,0.000,0.000,0.00,0.000,0.2,1.0,0.3,169,2,0.5,2.0,0.5,147,14,0.2,1.0,0.3,169,2,0,29.67,,0,0,0,72.3,70.7,69.3,0.18,0.22,0.32
ONTA,2017-08-21 21:35:00 EDT,43.25941,-77.37331,328,69.0,70.6,69.0,95.2,67.5,0.000,0.000,0.00,0.000,0.0,0.0,0.0,0,0,0.0,0.7,0.1,158,1,0.0,0.0,0.0,0,0,0,29.67,,0,0,0,72.3,70.7,69.3,0.18,0.22,0.32
ONTA,2017-08-21 21:40:00 EDT,43.25941,-77.37331,328,68.9,70.5,68.9,95.5,67.6,0.000,0.000,0.00,0.000,0.2,0.8,0.3,166,0,0.8,1.3,0.4,192,22,0.2,0.8,0.3,166,0,0,29.67,,0,0,0,71.9,70.7,69.3,0.18,0.22,0.32
ONTA,2017-08-21 21:45:00 EDT,43.25941,-77.37331,328,69.2,70.7,69.2,96.1,68.0,0.000,0.000,0.00,0.000,0.2,1.1,0.3,166,0,0.6,1.4,0.5,165,9,0.2,1.1,0.3,166,0,0,29.67,,0,0,0,71.8,70.7,69.3,0.18,0.22,0.32
ONTA,2017-08-21 21:50:00 EDT,43.25941,-77.37331,328,69.1,70.4,69.1,96.3,68.0,0.000,0.000,0.00,0.000,0.0,0.0,0.0,0,0,0.0,0.0,0.0,0,0,0.0,0.0,0.0,0,0,0,29.67,,0,0,0,71.8,70.7,69.3,0.18,0.22,0.32
ONTA,2017-08-21 21:55:00 EDT,43.25941,-77.37331,328,68.8,70.0,68.8,96.1,67.6,0.000,0.000,0.00,0.000,0.0,0.0,0.0,0,0,0.1,0.9,0.2,106,6,0.0,0.0,0.0,0,0,0,29.67,,0,0,0,71.8,70.7,69.3,0.18,0.22,0.32
ONTA,2017-08-21 22:00:00 EDT,43.25941,-77.37331,328,68.6,69.8,68.6,96.2,67.4,0.000,0.000,0.00,0.000,1.0,3.1,0.8,159,10,1.3,3.2,0.8,154,15,1.0,3.1,0.8,159,10,0,29.67,,0,0,0,71.8,70.7,69.3,0.18,0.22,0.32
ONTA,2017-08-21 22:05:00 EDT,43.25941,-77.37331,328,68.5,70.3,68.5,96.2,67.3,0.000,0.000,0.00,0.000,1.1,2.6,0.7,183,17,1.5,3.8,0.8,185,21,1.1,2.6,0.7,183,17,0,29.67,,0,0,0,71.8,70.7,69.3,0.18,0.22,0.32
ONTA,2017-08-21 22:10:00 EDT,43.25941,-77.37331,328,68.5,71.3,68.5,96.2,67.3,0.000,0.000,0.00,0.000,1.9,3.8,0.8,192,14,2.3,4.4,0.9,196,16,1.9,3.8,0.8,192,14,0,29.67,,0,0,0,71.7,70.7,69.3,0.18,0.22,0.32
ONTA,2017-08-21 22:15:00 EDT,43.25941,-77.37331,328,68.0,70.7,68.0,96.2,66.9,0.000,0.000,0.00,0.000,0.6,1.8,0.5,225,16,0.9,3.0,0.6,217,19,0.6,1.8,0.5,225,16,0,29.67,,0,0,0,71.4,70.7,69.3,0.18,0.22,0.32
ONTA,2017-08-21 22:20:00 EDT,43.25941,-77.37331,328,68.0,69.9,68.0,96.5,66.9,0.000,0.000,0.00,0.000,0.0,0.2,0.0,247,0,0.3,1.2,0.4,170,28,0.0,0.2,0.0,247,0,0,29.67,,0,0,0,71.4,70.7,69.3,0.18,0.22,0.32
ONTA,2017-08-21 22:25:00 EDT,43.25941,-77.37331,328,68.1,69.8,68.1,96.6,67.1,0.000,0.000,0.00,0.000,0.4,1.5,0.6,144,11,1.0,1.9,0.5,139,20,0.4,1.5,0.6,144,11,0,29.67,,0,0,0,71.4,70.7,69.3,0.18,0.22,0.32
ONTA,2017-08-21 22:30:00 EDT,43.25941,-77.37331,328,68.2,70.1,68.2,96.8,67.3,0.000,0.000,0.00,0.000,2.0,4.9,1.0,180,11,2.4,5.6,1.0,182,10,2.0,4.9,1.0,180,11,0,29.67,,0,0,0,71.4,70.7,69.3,0.18,0.22,0.32
ONTA,2017-08-21 22:35:00 EDT,43.25941,-77.37331,328,68.8,71.7,68.8,97.1,67.9,0.000,0.000,0.00,0.000,3.4,5.6,0.8,185,7,3.7,6.0,0.9,185,7,3.4,5.6,0.8,185,7,0,29.67,,0,0,0,71.4,70.7,69.3,0.18,0.22,0.32
ONTA,2017-08-21 22:40:00 EDT,43.25941,-77.37331,328,69.7,72.6,69.7,97.1,68.8,0.000,0.000,0.00,0.000,3.7,5.0,0.5,185,7,4.2,5.8,0.6,186,7,3.7,5.0,0.5,185,7,0,29.67,,0,0,0,71.4,70.7,69.3,0.18,0.22,0.32
ONTA,2017-08-21 22:45:00 EDT,43.25941,-77.37331,328,69.9,72.9,69.9,96.6,68.9,0.000,0.000,0.00,0.000,4.0,5.4,0.6,191,9,4.4,6.2,0.7,193,7,4.0,5.4,0.6,191,9,0,29.67,,0,0,0,71.4,70.7,69.3,0.18,0.22,0.32
ONTA,2017-08-21 22:50:00 EDT,43.25941,-77.37331,328,69.9,72.5,69.9,95.7,68.6,0.000,0.000,0.00,0.000,3.4,5.7,0.7,193,6,3.7,6.1,0.7,194,7,3.4,5.7,0.7,193,6,0,29.67,,0,0,0,71.4,70.6,69.3,0.18,0.22,0.32
ONTA,2017-08-21 22:55:00 EDT,43.25941,-77.37331,328,69.4,72.4,69.4,94.7,67.8,0.000,0.000,0.00,0.000,3.8,6.4,0.8,179,7,4.2,6.8,0.8,179,7,3.8,6.4,0.8,179,7,0,29.66,,0,0,0,71.2,70.7,69.3,0.18,0.22,0.32
ONTA,2017-08-21 23:00:00 EDT,43.25941,-77.37331,328,69.5,73.0,69.5,94.4,67.8,0.000,0.000,0.00,0.000,4.8,6.4,0.7,173,8,5.3,7.5,0.8,174,8,4.8,6.4,0.7,173,8,0,29.66,,0,0,0,71.1,70.7,69.3,0.18,0.22,0.32
ONTA,2017-08-21 23:05:00 EDT,43.25941,-77.37331,328,69.6,73.1,69.6,94.3,67.9,0.000,0.000,0.00,0.000,4.6,6.4,0.6,168,9,5.1,7.1,0.7,168,9,4.6,6.4,0.6,168,9,0,29.66,,0,0,0,71.1,70.6,69.3,0.18,0.22,0.32
ONTA,2017-08-21 23:10:00 EDT,43.25941,-77.37331,328,69.6,72.8,69.6,93.5,67.7,0.000,0.000,0.00,0.000,3.8,5.5,0.5,160,7,4.2,5.9,0.7,159,9,3.8,5.5,0.5,160,7,0,29.66,,0,0,0,71.1,70.6,69.3,0.18,0.22,0.32
ONTA,2017-08-21 23:15:00 EDT,43.25941,-77.37331,328,69.0,72.0,69.0,93.7,67.1,0.000,0.000,0.00,0.000,3.3,4.6,0.4,155,9,3.5,5.6,0.6,154,11,3.3,4.6,0.4,155,9,0,29.66,,0,0,0,71.1,70.4,69.3,0.18,0.22,0.32
ONTA,2017-08-21 23:20:00 EDT,43.25941,-77.37331,328,68.9,71.8,68.9,94.4,67.3,0.000,0.000,0.00,0.000,3.0,3.9,0.5,151,8,3.2,4.9,0.7,149,9,3.0,3.9,0.5,151,8,0,29.66,,0,0,0,71.1,70.5,69.3,0.18,0.22,0.32
ONTA,2017-08-21 23:25:00 EDT,43.25941,-77.37331,328,68.7,71.1,68.7,94.7,67.1,0.000,0.000,0.00,0.000,2.9,3.3,0.3,151,5,3.0,4.0,0.4,148,6,2.9,3.3,0.3,151,5,0,29.66,,0,0,0,71.1,70.4,69.3,0.18,0.22,0.32
ONTA,2017-08-21 23:30:00 EDT,43.25941,-77.37331,328,68.4,71.2,68.4,94.9,66.9,0.000,0.000,0.00,0.000,3.1,5.3,0.6,158,8,3.4,6.4,0.8,157,10,3.1,5.3,0.6,158,8,0,29.66,,0,0,0,71.1,70.4,69.3,0.18,0.22,0.32
ONTA,2017-08-21 23:35:00 EDT,43.25941,-77.37331,328,68.6,71.4,68.6,95.5,67.3,0.000,0.000,0.00,0.000,3.2,6.1,0.8,163,11,3.5,6.6,1.0,163,11,3.2,6.1,0.8,163,11,0,29.66,,0,0,0,71.1,70.4,69.3,0.18,0.22,0.32
ONTA,2017-08-21 23:40:00 EDT,43.25941,-77.37331,328,68.7,71.9,68.7,95.6,67.4,0.000,0.000,0.00,0.000,4.0,5.6,0.7,164,10,4.5,7.0,0.9,164,11,4.0,5.6,0.7,164,10,0,29.66,,0,0,0,71.1,70.4,69.3,0.18,0.22,0.32
ONTA,2017-08-21 23:45:00 EDT,43.25941,-77.37331,328,68.7,71.9,68.7,95.2,67.3,0.000,0.000,0.00,0.000,3.7,5.3,0.6,150,11,3.9,6.1,0.9,149,11,3.7,5.3,0.6,150,11,0,29.66,,0,0,0,71.1,70.4,69.3,0.18,0.22,0.32
ONTA,2017-08-21 23:50:00 EDT,43.25941,-77.37331,328,68.9,71.9,68.9,94.9,67.4,0.000,0.000,0.00,0.000,4.1,6.4,0.8,157,11,4.4,7.4,1.0,156,11,4.1,6.4,0.8,157,11,0,29.66,,0,0,0,71.1,70.4,69.3,0.18,0.22,0.32
ONTA,2017-08-21 23:55:00 EDT,43.25941,-77.37331,328,69.4,71.6,69.4,94.4,67.7,0.000,0.000,0.00,0.000,3.8,6.2,0.8,156,12,4.1,7.2,1.0,156,13,3.8,6.2,0.8,156,12,0,29.65,,0,0,0,71.1,70.3,69.3,0.18,0.22,0.32
OPPE,2017-08-21 00:00:00 EDT,43.06260,-74.66544,1181,60.6,62.9,60.6,95.4,59.3,0.000,0.000,0.00,0.000,2.6,2.9,0.3,50,5,2.6,3.3,0.3,48,4,2.6,2.9,0.3,50,5,0,28.91,,0,0,0,67.8,67.5,65.8,0.29,0.30,0.19
OPPE,2017-08-21 00:05:00 EDT,43.06260,-74.66544,1181,60.0,62.7,60.0,95.9,58.9,0.000,0.000,0.00,0.000,2.2,2.8,0.2,56,3,2.1,2.6,0.2,52,3,2.2,2.8,0.2,56,3,0,28.91,,0,0,0,67.8,67.5,65.8,0.29,0.30,0.19
OPPE,2017-08-21 00:10:00 EDT,43.06260,-74.66544,1181,59.8,63.1,59.8,96.2,58.7,0.000,0.000,0.00,0.000,2.6,3.0,0.2,51,6,2.6,3.1,0.2,48,5,2.6,3.0,0.2,51,6,0,28.91,,0,0,0,67.8,67.5,65.8,0.29,0.30,0.19
OPPE,2017-08-21 00:15:00 EDT,43.06260,-74.66544,1181,60.1,63.8,60.1,96.6,59.1,0.000,0.000,0.00,0.000,2.5,3.1,0.3,55,3,2.5,3.2,0.4,52,3,2.5,3.1,0.3,55,3,0,28.91,,0,0,0,67.8,67.5,65.8,0.29,0.30,0.19
OPPE,2017-08-21 00:20:00 EDT,43.06260,-74.66544,1181,60.4,64.2,60.4,96.8,59.5,0.000,0.000,0.00,0.000,2.5,2.8,0.1,52,4,2.5,2.8,0.2,49,3,2.5,2.8,0.1,52,4,0,28.91,,0,0,0,67.8,67.5,65.8,0.29,0.30,0.19
OPPE,2017-08-21 00:25:00 EDT,43.06260,-74.66544,1181,59.8,63.1,59.8,95.8,58.6,0.000,0.000,0.00,0.000,2.9,3.4,0.3,45,5,3.0,3.7,0.4,43,3,2.9,3.4,0.3,45,5,0,28.91,,0,0,0,67.8,67.5,65.8,0.29,0.30,0.19
OPPE,2017-08-21 00:30:00 EDT,43.06260,-74.66544,1181,59.4,62.4,59.4,96.5,58.4,0.000,0.000,0.00,0.000,2.9,3.7,0.3,43,9,2.9,3.8,0.4,42,8,2.9,3.7,0.3,43,9,0,28.91,,0,0,0,67.8,67.5,65.8,0.29,0.30,0.19
OPPE,2017-08-21 00:35:00 EDT,43.06260,-74.66544,1181,59.7,62.5,59.7,97.0,58.9,0.000,0.000,0.00,0.000,2.8,3.1,0.1,50,6,2.8,3.4,0.3,48,4,2.8,3.1,0.1,50,6,0,28.92,,0,0,0,67.7,67.5,65.8,0.29,0.30,0.19
OPPE,2017-08-21 00:40:00 EDT,43.06260,-74.66544,1181,60.0,62.6,60.0,97.0,59.2,0.000,0.000,0.00,0.000,2.2,2.4,0.1,50,6,2.1,2.5,0.1,46,4,2.2,2.4,0.1,50,6,0,28.92,,0,0,0,67.5,67.5,65.8,0.29,0.30,0.19
OPPE,2017-08-21 00:45:00 EDT,43.06260,-74.66544,1181,60.3,63.3,60.3,96.5,59.3,0.000,0.000,0.00,0.000,2.6,3.1,0.2,50,4,2.6,3.3,0.3,48,3,2.6,3.1,0.2,50,4,0,28.91,,0,0,0,67.5,67.5,65.8,0.29,0.30,0.19
OPPE,2017-08-21 00:50:00 EDT,43.06260,-74.66544,1181,59.8,62.4,59.8,95.9,58.6,0.000,0.000,0.00,0.000,2.9,3.1,0.1,53,1,2.9,3.4,0.2,49,2,2.9,3.1,0.1,53,1,0,28.91,,0,0,0,67.5,67.5,65.8,0.29,0.30,0.19
OPPE,2017-08-21 00:55:00 EDT,43.06260,-74.66544,1181,59.7,62.6,59.7,96.1,58.6,0.000,0.000,0.00,0.000,2.9,3.4,0.2,50,3,2.9,3.6,0.3,48,3,2.9,3.4,0.2,50,3,0,28.91,,0,0,0,67.5,67.5,65.8,0.29,0.30,0.19
OPPE,2017-08-21 01:00:00 EDT,43.06260,-74.66544,1181,59.2,62.8,59.2,96.2,58.1,0.000,0.000,0.00,0.000,2.8,3.7,0.2,56,4,2.9,4.2,0.3,52,4,2.8,3.7,0.2,56,4,0,28.91,,0,0,0,67.5,67.5,65.8,0.29,0.30,0.19
OPPE,2017-08-21 01:05:00 EDT,43.06260,-74.66544,1181,58.7,62.8,58.7,96.6,57.8,0.000,0.000,0.00,0.000,3.5,4.2,0.3,59,4,3.8,4.6,0.4,56,4,3.5,4.2,0.3,59,4,0,28.91,,0,0,0,67.5,67.5,65.8,0.29,0.30,0.19
OPPE,2017-08-21 01:10:00 EDT,43.06260,-74.66544,1181,58.6,62.6,58.6,97.0,57.7,0.000,0.000,0.00,0.000,3.2,3.7,0.3,57,4,3.4,4.2,0.4,53,4,3.2,3.7,0.3,57,4,0,28.91,,0,0,0,67.5,67.5,65.8,0.29,0.30,0.19
OPPE,2017-08-21 01:15:00 EDT,43.06260,-74.66544,1181,58.8,62.5,58.8,97.5,58.1,0.000,0.000,0.00,0.000,3.0,3.5,0.2,56,3,3.1,4.0,0.3,52,3,3.0,3.5,0.2,56,3,0,28.91,,0,0,0,67.5,67.5,65.8,0.29,0.30,0.19
OPPE,2017-08-21 01:20:00 EDT,43.06260,-74.66544,1181,59.4,62.4,59.4,97.8,58.8,0.000,0.000,0.00,0.000,3.1,3.6,0.2,53,2,3.2,3.9,0.3,50,2,3.1,3.6,0.2,53,2,0,28.91,,0,0,0,67.4,67.5,65.8,0.29,0.30,0.19
OPPE,2017-08-21 01:25:00 EDT,43.06260,-74.66544,1181,59.1,62.5,59.1,97.5,58.4,0.000,0.000,0.00,0.000,2.6,3.1,0.2,59,4,2.7,3.3,0.2,55,4,2.6,3.1,0.2,59,4,0,28.91,,0,0,0,67.3,67.4,65.8,0.29,0.30,0.19
OPPE,2017-08-21 01:30:00 EDT,43.06260,-74.66544,1181,59.3,62.6,59.3,97.6,58.7,0.000,0.000,0.00,0.000,2.0,2.4,0.2,57,9,2.0,2.9,0.3,54,8,2.0,2.4,0.2,57,9,0,28.91,,0,0,0,67.1,67.4,65.8,0.29,0.30,0.19
OPPE,2017-08-21 01:35:00 EDT,43.06260,-74.66544,1181,59.5,62.6,59.5,97.7,58.8,0.000,0.000,0.00,0.000,2.3,2.9,0.3,62,3,2.4,3.2,0.3,58,5,2.3,2.9,0.3,62,3,0,28.91,,0,0,0,67.1,67.4,65.8,0.29,0.30,0.19
OPPE,2017-08-21 01:40:00 EDT,43.06260,-74.66544,1181,58.9,63.3,58.9,97.4,58.2,0.000,0.000,0.00,0.000,2.5,3.4,0.4,70,3,2.9,3.9,0.5,66,5,2.5,3.4,0.4,70,3,0,28.91,,0,0,0,67.1,67.5,65.8,0.29,0.30,0.19
OPPE,2017-08-21 01:45:00 EDT,43.06260,-74.66544,1181,58.6,62.9,58.6,97.0,57.8,0.000,0.000,0.00,0.000,1.7,2.3,0.2,64,4,2.0,2.7,0.3,61,6,1.7,2.3,0.2,64,4,0,28.91,,0,0,0,67.1,67.5,65.8,0.29,0.30,0.19
OPPE,2017-08-21 01:50:00 EDT,43.06260,-74.66544,1181,58.8,63.2,58.8,97.5,58.1,0.000,0.000,0.00,0.000,2.3,2.7,0.2,59,5,2.4,3.1,0.2,55,4,2.3,2.7,0.2,59,5,0,28.91,,0,0,0,67.1,67.5,65.8,0.29,0.30,0.19
OPPE,2017-08-21 01:55:00 EDT,43.06260,-74.66544,1181,58.3,63.4,58.3,97.5,57.6,0.000,0.000,0.00,0.000,2.8,3.1,0.2,62,4,2.9,3.6,0.3,58,4,2.8,3.1,0.2,62,4,0,28.91,,0,0,0,67.1,67.4,65.8,0.29,0.30,0.19
OPPE,2017-08-21 02:00:00 EDT,43.06260,-74.66544,1181,58.2,63.2,58.2,97.7,57.5,0.000,0.000,0.00,0.000,2.7,3.1,0.2,65,3,2.9,3.5,0.3,61,4,2.7,3.1,0.2,65,3,0,28.91,,0,0,0,67.1,67.5,65.8,0.29,0.30,0.19
OPPE,2017-08-21 02:05:00 EDT,43.06260,-74.66544,1181,58.1,62.9,58.1,97.4,57.3,0.000,0.000,0.00,0.000,1.9,2.7,0.3,61,3,2.0,3.3,0.4,56,5,1.9,2.7,0.3,61,3,0,28.91,,0,0,0,67.1,67.4,65.8,0.29,0.30,0.19
OPPE,2017-08-21 02:10:00 EDT,43.06260,-74.66544,1181,59.3,62.9,59.3,97.9,58.7,0.000,0.000,0.00,0.000,1.2,1.5,0.1,57,3,1.3,1.7,0.2,52,4,1.2,1.5,0.1,57,3,0,28.91,,0,0,0,67.1,67.4,65.8,0.29,0.30,0.19
OPPE,2017-08-21 02:15:00 EDT,43.06260,-74.66544,1181,59.3,63.0,59.3,97.7,58.7,0.000,0.000,0.00,0.000,1.0,1.5,0.5,59,3,1.3,1.8,0.3,63,12,1.0,1.5,0.5,59,3,0,28.91,,0,0,0,67.1,67.4,65.8,0.29,0.30,0.19
OPPE,2017-08-21 02:20:00 EDT,43.06260,-74.66544,1181,59.1,62.8,59.1,97.3,58.3,0.000,0.000,0.00,0.000,0.4,0.7,0.2,81,6,1.0,1.3,0.2,76,12,0.4,0.7,0.2,81,6,0,28.91,,0,0,0,67.1,67.4,65.8,0.29,0.30,0.19
OPPE,2017-08-21 02:25:00 EDT,43.06260,-74.66544,1181,58.8,62.4,58.8,97.0,58.0,0.000,0.000,0.00,0.000,0.5,0.9,0.2,84,0,1.1,1.4,0.1,50,4,0.5,0.9,0.2,84,0,0,28.91,,0,0,0,66.9,67.5,65.8,0.29,0.30,0.19
OPPE,2017-08-21 02:30:00 EDT,43.06260,-74.66544,1181,58.7,62.3,58.7,97.2,57.9,0.000,0.000,0.00,0.000,0.8,1.1,0.2,79,3,1.2,1.7,0.2,74,12,0.8,1.1,0.2,79,3,0,28.91,,0,0,0,66.8,67.4,65.8,0.29,0.30,0.19
OPPE,2017-08-21 02:35:00 EDT,43.06260,-74.66544,1181,59.0,63.1,59.0,97.1,58.2,0.000,0.000,0.00,0.000,0.8,1.1,0.2,77,81,1.2,1.5,0.2,90,8,0.8,1.1,0.2,77,81,0,28.91,,0,0,0,66.7,67.4,65.8,0.29,0.30,0.19
OPPE,2017-08-21 02:40:00 EDT,43.06260,-74.66544,1181,59.1,64.5,59.1,97.3,58.4,0.000,0.000,0.00,0.000,0.1,0.4,0.1,77,0,0.7,1.4,0.5,126,11,0.1,0.4,0.1,77,0,0,28.91,,0,0,0,66.7,67.3,65.8,0.29,0.30,0.19
OPPE,2017-08-21 02:45:00 EDT,43.06260,-74.66544,1181,59.5,65.2,59.5,97.5,58.8,0.000,0.000,0.00,0.000,0.0,0.0,0.0,0,0,0.0,0.7,0.1,172,1,0.0,0.0,0.0,0,0,0,28.91,,0,0,0,66.7,67.4,65.8,0.29,0.30,0.19
OPPE,2017-08-21 02:50:00 EDT,43.06260,-74.66544,1181,59.3,64.1,59.3,97.2,58.5,0.000,0.000,0.00,0.000,0.1,0.5,0.1,76,0,0.4,1.1,0.4,63,17,0.1,0.5,0.1,76,0,0,28.91,,0,0,0,66.7,67.3,65.8,0.29,0.30,0.19
OPPE,2017-08-21 02:55:00 EDT,43.06260,-74.66544,1181,58.2,63.3,58.2,96.8,57.3,0.000,0.000,0.00,0.000,0.1,0.4,0.1,76,0,0.7,1.3,0.4,40,6,0.1,0.4,0.1,76,0,0,28.91,,0,0,0,66.7,67.3,65.8,0.29,0.30,0.19
OPPE,2017-08-21 03:00:00 EDT,43.06260,-74.66544,1181,58.3,63.9,58.3,97.3,57.6,0.000,0.000,0.00,0.000,0.0,0.1,0.0,76,0,0.1,0.8,0.3,53,5,0.0,0.1,0.0,76,0,0,28.92,,0,0,0,66.7,67.3,65.8,0.29,0.30,0.19
OPPE,2017-08-21 03:05:00 EDT,43.06260,-74.66544,1181,58.3,63.6,58.3,97.4,57.6,0.000,0.000,0.00,0.000,0.3,2.3,0.6,42,5,1.0,2.4,0.6,30,8,0.3,2.3,0.6,42,5,0,28.92,,0,0,0,66.7,67.3,65.8,0.29,0.30,0.19
OPPE,2017-08-21 03:10:00 EDT,43.06260,-74.66544,1181,57.8,61.3,57.8,97.3,57.1,0.000,0.000,0.00,0.000,2.0,2.5,0.3,47,3,2.1,2.8,0.3,47,4,2.0,2.5,0.3,47,3,0,28.92,,0,0,0,66.7,67.3,65.8,0.29,0.30,0.19
OPPE,2017-08-21 03:15:00 EDT,43.06260,-74.66544,1181,58.0,60.7,58.0,97.8,57.4,0.000,0.000,0.00,0.000,2.3,2.8,0.3,52,2,2.4,3.0,0.3,48,2,2.3,2.8,0.3,52,2,0,28.92,,0,0,0,66.6,67.2,65.8,0.29,0.30,0.19
OPPE,2017-08-21 03:20:00 EDT,43.06260,-74.66544,1181,57.8,60.4,57.8,97.7,57.1,0.000,0.000,0.00,0.000,2.3,2.7,0.2,53,1,2.3,2.9,0.2,50,1,2.3,2.7,0.2,53,1,0,28.92,,0,0,0,66.4,67.2,65.8,0.29,0.30,0.19
OPPE,2017-08-21 03:25:00 EDT,43.06260,-74.66544,1181,58.3,61.8,58.3,98.1,57.8,0.000,0.000,0.00,0.000,1.4,2.3,0.7,50,1,1.5,2.3,0.4,51,9,1.4,2.3,0.7,50,1,0,28.92,,0,0,0,66.4,67.2,65.8,0.29,0.30,0.19
OPPE,2017-08-21 03:30:00 EDT,43.06260,-74.66544,1181,58.4,63.5,58.4,98.0,57.9,0.000,0.000,0.00,0.000,0.0,0.4,0.1,50,0,1.0,1.3,0.2,105,12,0.0,0.4,0.1,50,0,0,28.92,,0,0,0,66.4,67.1,65.8,0.29,0.30,0.19
OPPE,2017-08-21 03:35:00 EDT,43.06260,-74.66544,1181,58.9,63.8,58.9,98.0,58.3,0.000,0.000,0.00,0.000,0.7,1.0,0.3,117,81,1.1,1.6,0.2,115,6,0.7,1.0,0.3,117,81,0,28.92,,0,0,0,66.4,67.2,65.8,0.29,0.30,0.19
OPPE,2017-08-21 03:40:00 EDT,43.06260,-74.66544,1181,58.9,63.3,58.9,98.0,58.3,0.000,0.000,0.00,0.000,0.8,1.1,0.2,76,23,1.2,1.6,0.2,66,18,0.8,1.1,0.2,76,23,0,28.92,,0,0,0,66.4,67.2,65.8,0.29,0.30,0.19
OPPE,2017-08-21 03:45:00 EDT,43.06260,-74.66544,1181,58.0,62.6,58.0,97.4,57.2,0.000,0.000,0.00,0.000,0.6,1.1,0.2,51,0,1.0,1.4,0.3,56,9,0.6,1.1,0.2,51,0,0,28.92,,0,0,0,66.4,67.1,65.8,0.29,0.30,0.19
OPPE,2017-08-21 03:50:00 EDT,43.06260,-74.66544,1181,57.8,61.4,57.8,97.7,57.1,0.000,0.000,0.00,0.000,0.8,1.1,0.2,51,81,1.0,1.3,0.1,57,3,0.8,1.1,0.2,51,81,0,28.92,,0,0,0,66.4,67.1,65.8,0.30,0.30,0.19
OPPE,2017-08-21 03:55:00 EDT,43.06260,-74.66544,1181,57.5,62.0,57.5,97.8,56.9,0.000,0.000,0.00,0.000,1.5,2.4,0.5,51,0,1.6,2.5,0.4,51,3,1.5,2.4,0.5,51,0,0,28.92,,0,0,0,66.4,67.1,65.8,0.29,0.30,0.19
OPPE,2017-08-21 04:00:00 EDT,43.06260,-74.66544,1181,57.2,61.4,57.2,97.8,56.5,0.000,0.000,0.00,0.000,2.9,3.2,0.2,46,2,3.0,3.6,0.3,44,2,2.9,3.2,0.2,46,2,0,28.92,,0,0,0,66.4,67.1,65.8,0.29,0.30,0.19
OPPE,2017-08-21 04:05:00 EDT,43.06260,-74.66544,1181,57.5,60.9,57.5,98.2,57.0,0.000,0.000,0.00,0.000,3.3,3.6,0.2,52,2,3.5,4.0,0.2,50,2,3.3,3.6,0.2,52,2,0,28.92,,0,0,0,66.4,67.1,65.8,0.29,0.30,0.19
OPPE,2017-08-21 04:10:00 EDT,43.06260,-74.66544,1181,57.8,61.1,57.8,98.3,57.3,0.000,0.000,0.00,0.000,3.2,3.5,0.1,55,1,3.4,4.0,0.2,52,1,3.2,3.5,0.1,55,1,0,28.92,,0,0,0,66.4,67.1,65.8,0.29,0.30,0.19
OPPE,2017-08-21 04:15:00 EDT,43.06260,-74.66544,1181,58.6,61.3,58.6,98.3,58.1,0.000,0.000,0.00,0.000,3.5,3.9,0.3,49,3,3.6,4.3,0.4,47,2,3.5,3.9,0.3,49,3,0,28.92,,0,0,0,66.4,67.1,65.8,0.29,0.30,0.19
OPPE,2017-08-21 04:20:00 EDT,43.06260,-74.66544,1181,58.7,62.0,58.7,98.0,58.2,0.000,0.000,0.00,0.000,2.6,3.6,0.4,51,6,2.7,3.9,0.4,48,5,2.6,3.6,0.4,51,6,0,28.92,,0,0,0,66.3,67.1,65.8,0.29,0.30,0.19
OPPE,2017-08-21 04:25:00 EDT,43.06260,-74.66544,1181,58.6,61.0,58.6,97.7,58.0,0.000,0.000,0.00,0.000,3.1,4.0,0.5,48,5,3.2,4.5,0.6,46,4,3.1,4.0,0.5,48,5,0,28.92,,0,0,0,66.1,67.1,65.8,0.29,0.30,0.19
OPPE,2017-08-21 04:30:00 EDT,43.06260,-74.66544,1181,58.1,61.5,58.1,97.4,57.4,0.000,0.000,0.00,0.000,2.2,2.8,0.5,62,3,2.4,3.1,0.5,57,5,2.2,2.8,0.5,62,3,0,28.92,,0,0,0,66.0,67.1,65.8,0.29,0.30,0.19
OPPE,2017-08-21 04:35:00 EDT,43.06260,-74.66544,1181,58.3,61.2,58.3,97.6,57.6,0.000,0.000,0.00,0.000,1.5,1.8,0.2,60,7,1.7,2.3,0.2,57,9,1.5,1.8,0.2,60,7,0,28.92,,0,0,0,66.0,67.1,65.8,0.29,0.30,0.19
OPPE,2017-08-21 04:40:00 EDT,43.06260,-74.66544,1181,58.5,62.3,58.5,97.7,57.8,0.000,0.000,0.00,0.000,0.6,1.2,0.3,76,6,1.1,1.7,0.3,82,7,0.6,1.2,0.3,76,6,0,28.92,,0,0,0,66.0,67.1,65.8,0.29,0.30,0.19
OPPE,2017-08-21 04:45:00 EDT,43.06260,-74.66544,1181,58.9,62.9,58.9,97.8,58.2,0.000,0.000,0.00,0.000,1.2,1.6,0.2,111,10,1.5,2.0,0.2,114,9,1.2,1.6,0.2,111,10,0,28.92,,0,0,0,66.0,67.1,65.8,0.30,0.30,0.19
OPPE,2017-08-21 04:50:00 EDT,43.06260,-74.66544,1181,58.6,62.8,58.6,97.6,57.9,0.000,0.000,0.00,0.000,1.1,1.5,0.2,116,0,1.5,1.9,0.3,106,8,1.1,1.5,0.2,116,0,0,28.92,,0,0,0,66.0,67.1,65.8,0.29,0.30,0.19
OPPE,2017-08-21 04:55:00 EDT,43.06260,-74.66544,1181,57.7,62.5,57.7,97.3,56.9,0.000,0.000,0.00,0.000,0.9,1.5,0.4,76,14,1.4,2.1,0.3,66,10,0.9,1.5,0.4,76,14,0,28.92,,0,0,0,66.0,67.1,65.8,0.29,0.30,0.19
OPPE,2017-08-21 05:00:00 EDT,43.06260,-74.66544,1181,56.9,61.7,56.9,96.9,56.0,0.000,0.000,0.00,0.000,0.7,1.1,0.3,65,0,1.1,1.7,0.2,67,14,0.7,1.1,0.3,65,0,0,28.92,,0,0,0,66.0,67.1,65.8,0.29,0.30,0.19
OPPE,2017-08-21 05:05:00 EDT,43.06260,-74.66544,1181,57.2,62.8,57.2,97.5,56.5,0.000,0.000,0.00,0.000,1.0,1.4,0.2,91,5,1.3,1.8,0.2,97,10,1.0,1.4,0.2,91,5,0,28.92,,0,0,0,66.0,67.1,65.8,0.29,0.30,0.19
OPPE,2017-08-21 05:10:00 EDT,43.06260,-74.66544,1181,57.7,63.6,57.7,97.9,57.1,0.000,0.000,0.00,0.000,1.2,1.5,0.1,107,11,1.4,1.7,0.1,113,9,1.2,1.5,0.1,107,11,0,28.92,,0,0,0,66.0,67.1,65.8,0.29,0.30,0.19
OPPE,2017-08-21 05:15:00 EDT,43.06260,-74.66544,1181,57.7,62.5,57.7,97.9,57.1,0.000,0.000,0.00,0.000,0.7,2.4,0.7,48,27,1.2,2.5,0.5,46,24,0.7,2.4,0.7,48,27,0,28.92,,0,0,0,66.0,67.1,65.8,0.29,0.30,0.19
OPPE,2017-08-21 05:20:00 EDT,43.06260,-74.66544,1181,56.8,60.7,56.8,97.6,56.2,0.000,0.000,0.00,0.000,1.6,2.4,0.4,53,11,1.8,2.5,0.3,50,8,1.6,2.4,0.4,53,11,0,28.92,,0,0,0,66.0,67.1,65.8,0.30,0.30,0.19
OPPE,2017-08-21 05:25:00 EDT,43.06260,-74.66544,1181,56.6,60.2,56.6,97.9,56.0,0.000,0.000,0.00,0.000,2.2,2.8,0.3,49,9,2.3,3.2,0.3,47,8,2.2,2.8,0.3,49,9,0,28.92,,0,0,0,65.9,67.1,65.8,0.29,0.30,0.19
OPPE,2017-08-21 05:30:00 EDT,43.06260,-74.66544,1181,56.5,59.9,56.5,98.0,55.9,0.000,0.000,0.00,0.000,1.4,1.9,0.2,63,18,1.7,2.3,0.2,62,18,1.4,1.9,0.2,63,18,0,28.92,,0,0,0,65.8,67.1,65.8,0.29,0.30,0.19
OPPE,2017-08-21 05:35:00 EDT,43.06260,-74.66544,1181,57.0,60.5,57.0,98.3,56.6,0.000,0.000,0.00,0.000,1.0,1.4,0.2,73,12,1.4,1.9,0.2,67,9,1.0,1.4,0.2,73,12,0,28.92,,0,0,0,65.8,67.1,65.8,0.29,0.30,0.19
OPPE,2017-08-21 05:40:00 EDT,43.06260,-74.66544,1181,57.5,59.7,57.5,98.5,57.1,0.000,0.000,0.00,0.000,1.2,1.7,0.4,53,13,1.4,1.8,0.2,45,6,1.2,1.7,0.4,53,13,0,28.92,,0,0,0,65.8,67.1,65.8,0.29,0.30,0.19
OPPE,2017-08-21 05:45:00 EDT,43.06260,-74.66544,1181,57.9,60.8,57.9,98.6,57.5,0.000,0.000,0.00,0.000,0.5,1.2,0.4,78,12,1.0,1.8,0.4,78,14,0.5,1.2,0.4,78,12,0,28.92,,0,0,0,65.8,67.1,65.8,0.30,0.30,0.19
OPPE,2017-08-21 05:50:00 EDT,43.06260,-74.66544,1181,57.5,60.5,57.5,98.5,57.1,0.000,0.000,0.00,0.000,0.9,1.5,0.4,61,13,1.3,1.6,0.2,66,20,0.9,1.5,0.4,61,13,0,28.92,,0,0,0,65.8,67.1,65.8,0.29,0.30,0.19
OPPE,2017-08-21 05:55:00 EDT,43.06260,-74.66544,1181,57.3,61.7,57.3,98.4,56.8,0.000,0.000,0.00,0.000,0.7,0.9,0.1,105,5,1.0,1.4,0.1,113,8,0.7,0.9,0.1,105,5,0,28.92,,0,0,0,65.8,67.1,65.8,0.29,0.30,0.19
OPPE,2017-08-21 06:00:00 EDT,43.06260,-74.66544,1181,57.5,61.9,57.5,98.5,57.1,0.000,0.000,0.00,0.000,1.1,1.7,0.3,108,0,1.4,2.1,0.4,109,7,1.1,1.7,0.3,108,0,1,28.92,,0,0,0,65.8,67.1,65.8,0.29,0.30,0.19
OPPE,2017-08-21 06:05:00 EDT,43.06260,-74.66544,1181,57.9,62.1,57.9,98.6,57.5,0.000,0.000,0.00,0.000,1.2,1.6,0.3,97,6,1.5,2.1,0.3,94,8,1.2,1.6,0.3,97,6,3,28.92,,0,0,0,65.8,67.1,65.8,0.29,0.30,0.19
OPPE,2017-08-21 06:10:00 EDT,43.06260,-74.66544,1181,57.9,61.9,57.9,98.5,57.5,0.000,0.000,0.00,0.000,0.1,0.7,0.2,114,5,0.3,1.2,0.5,103,9,0.1,0.7,0.2,114,5,4,28.92,,0,0,0,65.8,67.1,65.8,0.29,0.30,0.19
OPPE,2017-08-21 06:15:00 EDT,43.06260,-74.66544,1181,58.4,61.9,58.4,98.6,58.0,0.000,0.000,0.00,0.000,0.8,1.5,0.4,119,10,1.0,1.5,0.4,123,10,0.8,1.5,0.4,119,10,5,28.93,,0,0,0,65.8,67.1,65.8,0.29,0.30,0.19
OPPE,2017-08-21 06:20:00 EDT,43.06260,-74.66544,1181,58.4,62.2,58.4,98.6,58.0,0.000,0.000,0.00,0.000,0.1,1.1,0.3,139,0,0.2,1.3,0.4,160,8,0.1,1.1,0.3,139,0,7,28.92,,0,0,0,65.8,67.1,65.8,0.30,0.30,0.19
OPPE,2017-08-21 06:25:00 EDT,43.06260,-74.66544,1181,57.2,61.7,57.2,98.2,56.7,0.000,0.000,0.00,0.000,0.0,0.0,0.0,0,0,0.0,0.0,0.0,0,0,0.0,0.0,0.0,0,0,11,28.92,,0,0,0,65.8,67.1,65.8,0.29,0.30,0.19
OPPE,2017-08-21 06:30:00 EDT,43.06260,-74.66544,1181,56.6,61.4,56.6,98.0,56.1,0.000,0.000,0.00,0.000,0.0,0.0,0.0,0,0,0.0,0.0,0.0,0,0,0.0,0.0,0.0,0,0,16,28.93,,0,0,0,65.8,67.1,65.8,0.29,0.30,0.19
OPPE,2017-08-21 06:35:00 EDT,43.06260,-74.66544,1181,56.9,61.4,56.9,98.1,56.3,0.000,0.000,0.00,0.000,0.2,1.2,0.3,197,1,0.4,1.4,0.5,208,11,0.2,1.2,0.3,197,1,21,28.93,,0,0,0,65.8,67.1,65.8,0.29,0.30,0.19
OPPE,2017-08-21 06:40:00 EDT,43.06260,-74.66544,1181,57.2,61.4,57.2,98.4,56.8,0.000,0.000,0.00,0.000,0.3,1.0,0.3,175,12,0.6,1.8,0.5,166,24,0.3,1.0,0.3,175,12,22,28.93,,0,0,0,65.8,67.1,65.8,0.29,0.30,0.19
OPPE,2017-08-21 06:45:00 EDT,43.06260,-74.66544,1181,56.7,60.9,56.7,98.2,56.2,0.000,0.000,0.00,0.000,0.0,0.7,0.1,48,0,0.6,1.3,0.4,58,9,0.0,0.7,0.1,48,0,25,28.93,,0,0,0,65.8,67.1,65.8,0.29,0.30,0.19
OPPE,2017-08-21 06:50:00 EDT,43.06260,-74.66544,1181,56.2,60.8,56.2,98.0,55.6,0.000,0.000,0.00,0.000,1.0,1.3,0.2,53,6,1.3,1.6,0.2,53,8,1.0,1.3,0.2,53,6,25,28.93,,0,0,0,65.5,67.1,65.8,0.29,0.30,0.19
OPPE,2017-08-21 06:55:00 EDT,43.06260,-74.66544,1181,56.2,59.8,56.2,97.9,55.7,0.000,0.000,0.00,0.000,0.7,1.5,0.5,84,14,1.2,1.9,0.5,83,14,0.7,1.5,0.5,84,14,30,28.93,,0,0,0,65.5,67.1,65.8,0.29,0.30,0.19
OPPE,2017-08-21 07:00:00 EDT,43.06260,-74.66544,1181,56.6,60.8,56.6,98.1,56.0,0.000,0.000,0.00,0.000,1.2,1.7,0.2,79,16,1.5,1.9,0.2,71,16,1.2,1.7,0.2,79,16,45,28.93,,0,0,0,65.5,67.1,65.8,0.29,0.30,0.19
OPPE,2017-08-21 07:05:00 EDT,43.06260,-74.66544,1181,56.3,60.5,56.3,97.6,55.7,0.000,0.000,0.00,0.000,2.1,2.5,0.3,69,3,2.4,3.1,0.4,65,4,2.1,2.5,0.3,69,3,62,28.93,,0,0,0,65.5,67.1,65.8,0.29,0.30,0.19
OPPE,2017-08-21 07:10:00 EDT,43.06260,-74.66544,1181,56.4,59.9,56.4,97.4,55.6,0.000,0.000,0.00,0.000,2.3,3.0,0.2,65,4,2.5,3.4,0.3,60,5,2.3,3.0,0.2,65,4,106,28.93,,0,0,0,65.5,67.1,65.8,0.29,0.30,0.19
OPPE,2017-08-21 07:15:00 EDT,43.06260,-74.66544,1181,57.1,59.6,57.1,97.5,56.4,0.000,0.000,0.00,0.000,2.3,2.7,0.2,61,8,2.5,3.2,0.3,56,8,2.3,2.7,0.2,61,8,103,28.93,,0,0,0,65.5,67.1,65.8,0.29,0.30,0.19
OPPE,2017-08-21 07:20:00 EDT,43.06260,-74.66544,1181,57.8,60.9,57.8,97.4,57.1,0.000,0.000,0.00,0.000,2.5,3.0,0.2,72,7,3.0,3.7,0.3,69,8,2.5,3.0,0.2,72,7,109,28.93,,0,0,0,65.5,67.1,65.8,0.29,0.30,0.19
OPPE,2017-08-21 07:25:00 EDT,43.06260,-74.66544,1181,58.6,61.1,58.6,97.3,57.8,0.000,0.000,0.00,0.000,1.9,3.1,0.5,74,12,2.3,4.0,0.5,70,12,1.9,3.1,0.5,74,12,115,28.93,,0,0,0,65.5,67.1,65.8,0.29,0.30,0.19
OPPE,2017-08-21 07:30:00 EDT,43.06260,-74.66544,1181,60.1,61.6,60.1,97.5,59.3,0.000,0.000,0.00,0.000,1.7,2.4,0.3,85,11,2.0,2.9,0.4,82,11,1.7,2.4,0.3,85,11,130,28.93,,0,0,0,65.5,67.1,65.8,0.29,0.30,0.19
OPPE,2017-08-21 07:35:00 EDT,43.06260,-74.66544,1181,61.2,62.4,61.2,96.6,60.2,0.000,0.000,0.00,0.000,1.6,2.6,0.4,74,15,1.9,3.6,0.5,71,16,1.6,2.6,0.4,74,15,163,28.93,,0,0,0,65.4,67.1,65.8,0.29,0.30,0.19
OPPE,2017-08-21 07:40:00 EDT,43.06260,-74.66544,1181,61.6,62.5,61.6,94.4,60.0,0.000,0.000,0.00,0.000,1.2,1.8,0.2,79,15,1.5,2.3,0.3,75,16,1.2,1.8,0.2,79,15,178,28.93,,0,0,0,65.2,67.1,65.8,0.29,0.30,0.19
OPPE,2017-08-21 07:45:00 EDT,43.06260,-74.66544,1181,61.5,63.0,61.5,92.1,59.2,0.000,0.000,0.00,0.000,0.7,1.2,0.2,82,8,1.1,2.1,0.3,76,12,0.7,1.2,0.2,82,8,192,28.93,,0,0,0,65.1,67.1,65.8,0.29,0.30,0.19
OPPE,2017-08-21 07:50:00 EDT,43.06260,-74.66544,1181,62.1,63.1,62.1,91.9,59.7,0.000,0.000,0.00,0.000,0.3,0.7,0.2,84,0,0.7,1.2,0.4,71,14,0.3,0.7,0.2,84,0,215,28.93,,0,0,0,65.1,67.1,65.8,0.29,0.30,0.19
OPPE,2017-08-21 07:55:00 EDT,43.06260,-74.66544,1181,63.2,63.8,63.2,91.1,60.6,0.000,0.000,0.00,0.000,0.8,1.2,0.2,74,9,1.2,1.7,0.2,68,10,0.8,1.2,0.2,74,9,200,28.93,,0,0,0,65.1,67.1,65.8,0.29,0.30,0.19
OPPE,2017-08-21 08:00:00 EDT,43.06260,-74.66544,1181,63.1,64.0,63.1,90.4,60.2,0.000,0.000,0.00,0.000,0.6,1.4,0.4,71,0,1.1,1.9,0.4,73,8,0.6,1.4,0.4,71,0,196,28.93,,0,0,0,65.1,67.1,65.8,0.29,0.30,0.19
OPPE,2017-08-21 08:05:00 EDT,43.06260,-74.66544,1181,63.3,64.1,63.3,91.6,60.8,0.000,0.000,0.00,0.000,1.6,2.6,0.5,52,7,1.8,2.8,0.4,49,7,1.6,2.6,0.5,52,7,253,28.93,,0,0,0,65.1,67.1,65.8,0.29,0.30,0.19
OPPE,2017-08-21 08:10:00 EDT,43.06260,-74.66544,1181,64.4,64.1,64.4,91.3,61.8,0.000,0.000,0.00,0.000,1.7,2.6,0.6,57,9,1.9,2.9,0.5,55,11,1.7,2.6,0.6,57,9,260,28.93,,0,0,0,65.1,67.0,65.8,0.29,0.30,0.19
OPPE,2017-08-21 08:15:00 EDT,43.06260,-74.66544,1181,65.3,64.8,65.3,88.3,61.8,0.000,0.000,0.00,0.000,0.8,1.2,0.2,101,10,1.0,1.5,0.4,98,12,0.8,1.2,0.2,101,10,269,28.93,,0,0,0,65.1,67.0,65.8,0.29,0.30,0.19
OPPE,2017-08-21 08:20:00 EDT,43.06260,-74.66544,1181,65.9,65.6,65.9,85.9,61.6,0.000,0.000,0.00,0.000,1.5,3.7,1.0,205,16,1.9,4.7,1.1,204,17,1.5,3.7,1.0,205,16,255,28.93,,0,0,0,65.1,66.9,65.8,0.29,0.30,0.19
OPPE,2017-08-21 08:25:00 EDT,43.06260,-74.66544,1181,65.9,65.7,65.9,83.2,60.7,0.000,0.000,0.00,0.000,2.4,3.7,0.5,198,14,2.7,5.0,0.7,197,14,2.4,3.7,0.5,198,14,299,28.93,,0,0,0,65.1,66.8,65.8,0.29,0.30,0.19
OPPE,2017-08-21 08:30:00 EDT,43.06260,-74.66544,1181,65.9,65.8,65.9,83.3,60.7,0.000,0.000,0.00,0.000,2.1,3.9,0.7,185,14,2.4,5.0,0.7,185,17,2.1,3.9,0.7,185,14,314,28.93,,0,0,0,65.1,66.8,65.8,0.29,0.30,0.19
OPPE,2017-08-21 08:35:00 EDT,43.06260,-74.66544,1181,66.0,65.8,66.0,82.9,60.7,0.000,0.000,0.00,0.000,2.3,3.3,0.7,193,14,2.7,4.1,0.8,193,15,2.3,3.3,0.7,193,14,286,28.93,,0,0,0,65.1,66.7,65.8,0.29,0.30,0.19
OPPE,2017-08-21 08:40:00 EDT,43.06260,-74.66544,1181,66.0,65.8,66.0,82.8,60.6,0.000,0.000,0.00,0.000,2.3,3.3,0.4,186,15,2.6,4.1,0.7,187,16,2.3,3.3,0.4,186,15,361,28.93,,0,0,0,65.2,66.8,65.8,0.29,0.30,0.19
OPPE,2017-08-21 08:45:00 EDT,43.06260,-74.66544,1181,66.5,66.3,66.5,83.0,61.2,0.000,0.000,0.00,0.000,2.0,3.5,0.7,171,23,2.3,4.0,0.7,171,25,2.0,3.5,0.7,171,23,378,28.93,,0,0,0,65.2,66.7,65.8,0.29,0.30,0.19
OPPE,2017-08-21 08:50:00 EDT,43.06260,-74.66544,1181,67.8,66.9,67.8,81.8,62.1,0.000,0.000,0.00,0.000,2.5,3.6,0.5,144,16,2.6,4.2,0.6,142,16,2.5,3.6,0.5,144,16,372,28.93,,0,0,0,65.4,66.7,65.8,0.29,0.30,0.19
OPPE,2017-08-21 08:55:00 EDT,43.06260,-74.66544,1181,68.1,67.1,68.1,81.3,62.2,0.000,0.000,0.00,0.000,2.1,3.4,0.6,177,26,2.5,4.3,0.7,177,25,2.1,3.4,0.6,177,26,419,28.93,,0,0,0,65.5,66.7,65.8,0.29,0.30,0.19
OPPE,2017-08-21 09:00:00 EDT,43.06260,-74.66544,1181,67.5,67.0,67.5,79.5,60.9,0.000,0.000,0.00,0.000,1.4,3.0,0.9,167,31,1.9,3.7,0.9,165,33,1.4,3.0,0.9,167,31,371,28.93,,0,0,0,65.5,66.7,65.8,0.29,0.30,0.19
OPPE,2017-08-21 09:05:00 EDT,43.06260,-74.66544,1181,68.8,67.7,68.8,80.1,62.4,0.000,0.000,0.00,0.000,2.4,3.8,0.6,144,16,2.6,4.3,0.7,140,15,2.4,3.8,0.6,144,16,451,28.93,,0,0,0,65.5,66.7,65.8,0.29,0.30,0.19
OPPE,2017-08-21 09:10:00 EDT,43.06260,-74.66544,1181,68.1,67.7,68.1,76.8,60.6,0.000,0.000,0.00,0.000,1.8,2.8,0.5,191,20,2.1,3.6,0.6,191,24,1.8,2.8,0.5,191,20,425,28.92,,0,0,0,65.5,66.7,65.8,0.29,0.30,0.19
OPPE,2017-08-21 09:15:00 EDT,43.06260,-74.66544,1181,68.5,67.9,68.5,77.8,61.3,0.000,0.000,0.00,0.000,2.1,2.8,0.4,200,19,2.4,3.5,0.5,199,19,2.1,2.8,0.4,200,19,410,28.92,,0,0,0,65.5,66.7,65.8,0.29,0.30,0.19
OPPE,2017-08-21 09:20:00 EDT,43.06260,-74.66544,1181,68.9,68.1,68.9,79.9,62.4,0.000,0.000,0.00,0.000,2.2,3.4,0.7,211,18,2.5,4.1,0.7,211,18,2.2,3.4,0.7,211,18,391,28.92,,0,0,0,65.5,66.7,65.8,0.29,0.30,0.19
OPPE,2017-08-21 09:25:00 EDT,43.06260,-74.66544,1181,69.4,68.3,69.4,80.0,62.9,0.000,0.000,0.00,0.000,2.1,3.7,0.7,193,20,2.5,4.7,0.7,190,21,2.1,3.7,0.7,193,20,499,28.92,,0,0,0,65.5,66.7,65.8,0.29,0.30,0.19
OPPE,2017-08-21 09:30:00 EDT,43.06260,-74.66544,1181,69.3,68.6,69.3,77.5,62.0,0.000,0.000,0.00,0.000,1.9,3.0,0.5,181,26,2.4,3.7,0.7,180,24,1.9,3.0,0.5,181,26,505,28.92,,0,0,0,65.8,66.7,65.8,0.29,0.30,0.19
OPPE,2017-08-21 09:35:00 EDT,43.06260,-74.66544,1181,70.3,69.2,70.3,77.8,63.1,0.000,0.000,0.00,0.000,3.0,4.5,0.9,182,21,3.6,5.9,1.2,183,22,3.0,4.5,0.9,182,21,535,28.92,,0,0,0,65.8,66.7,65.8,0.29,0.30,0.19
OPPE,2017-08-21 09:40:00 EDT,43.06260,-74.66544,1181,70.5,69.4,70.5,77.8,63.2,0.000,0.000,0.00,0.000,2.7,5.4,1.4,191,23,3.3,5.8,1.4,193,24,2.7,5.4,1.4,191,23,455,28.93,,0,0,0,65.8,66.7,65.8,0.29,0.30,0.19
OPPE,2017-08-21 09:45:00 EDT,43.06260,-74.66544,1181,69.4,68.8,69.4,76.5,61.7,0.000,0.000,0.00,0.000,2.5,4.3,0.7,196,15,2.9,5.7,0.9,194,15,2.5,4.3,0.7,196,15,431,28.93,,0,0,0,65.8,66.7,65.8,0.30,0.30,0.19
OPPE,2017-08-21 09:50:00 EDT,43.06260,-74.66544,1181,70.2,69.3,70.2,77.5,62.8,0.000,0.000,0.00,0.000,2.6,5.4,1.1,181,17,3.1,6.5,1.2,179,16,2.6,5.4,1.1,181,17,479,28.93,,0,0,0,65.8,66.7,65.8,0.29,0.30,0.19
OPPE,2017-08-21 09:55:00 EDT,43.06260,-74.66544,1181,70.6,69.7,70.6,74.8,62.2,0.000,0.000,0.00,0.000,3.3,4.8,1.1,194,13,3.9,6.3,1.3,192,12,3.3,4.8,1.1,194,13,575,28.93,,0,0,0,65.8,66.7,65.8,0.29,0.30,0.19
OPPE,2017-08-21 10:00:00 EDT,43.06260,-74.66544,1181,70.8,70.0,70.8,76.2,62.9,0.000,0.000,0.00,0.000,2.5,5.1,1.1,175,24,3.0,6.9,1.3,177,23,2.5,5.1,1.1,175,24,599,28.93,,0,0,0,65.8,66.7,65.8,0.29,0.30,0.19
OPPE,2017-08-21 10:05:00 EDT,43.06260,-74.66544,1181,71.8,70.8,71.8,75.3,63.6,0.000,0.000,0.00,0.000,2.6,6.9,1.2,167,19,3.2,7.7,1.4,165,19,2.6,6.9,1.2,167,19,627,28.93,,0,0,0,65.8,66.7,65.8,0.29,0.30,0.19
OPPE,2017-08-21 10:10:00 EDT,43.06260,-74.66544,1181,71.7,70.5,71.7,72.4,62.3,0.000,0.000,0.00,0.000,3.1,5.6,1.2,194,22,3.5,6.2,1.1,192,21,3.1,5.6,1.2,194,22,560,28.93,,0,0,0,65.8,66.7,65.8,0.29,0.30,0.19
OPPE,2017-08-21 10:15:00 EDT,43.06260,-74.66544,1181,72.2,71.0,72.2,71.8,62.6,0.000,0.000,0.00,0.000,2.5,4.8,0.9,184,27,2.8,5.4,1.0,182,28,2.5,4.8,0.9,184,27,590,28.93,,0,0,0,65.8,66.7,65.8,0.29,0.30,0.19
OPPE,2017-08-21 10:20:00 EDT,43.06260,-74.66544,1181,72.1,71.0,72.1,71.7,62.4,0.000,0.000,0.00,0.000,3.2,5.0,0.8,195,21,3.8,5.9,0.9,192,20,3.2,5.0,0.8,195,21,514,28.93,,0,0,0,65.9,66.7,65.8,0.29,0.30,0.19
OPPE,2017-08-21 10:25:00 EDT,43.06260,-74.66544,1181,71.9,71.0,71.9,71.1,62.1,0.000,0.000,0.00,0.000,3.0,5.3,1.0,192,14,3.5,6.1,1.1,191,14,3.0,5.3,1.0,192,14,419,28.94,,0,0,0,66.0,66.7,65.8,0.29,0.30,0.19
OPPE,2017-08-21 10:30:00 EDT,43.06260,-74.66544,1181,72.1,71.1,72.1,73.7,63.2,0.000,0.000,0.00,0.000,3.9,7.1,1.2,201,18,4.3,7.5,1.4,200,17,3.9,7.1,1.2,201,18,437,28.94,,0,0,0,66.0,66.7,65.8,0.29,0.30,0.19
OPPE,2017-08-21 10:35:00 EDT,43.06260,-74.66544,1181,72.2,71.2,72.2,72.6,62.9,0.000,0.000,0.00,0.000,4.1,7.0,1.1,208,15,4.6,7.9,1.3,207,14,4.1,7.0,1.1,208,15,549,28.94,,0,0,0,66.0,66.7,65.8,0.29,0.30,0.19
OPPE,2017-08-21 10:40:00 EDT,43.06260,-74.66544,1181,72.6,71.3,72.6,72.4,63.3,0.000,0.000,0.00,0.000,4.6,7.5,1.3,214,15,4.8,7.5,1.5,212,14,4.6,7.5,1.3,214,15,692,28.94,,0,0,0,66.0,66.7,65.8,0.29,0.30,0.19
OPPE,2017-08-21 10:45:00 EDT,43.06260,-74.66544,1181,72.9,71.6,72.9,72.6,63.6,0.000,0.000,0.00,0.000,4.0,6.1,1.0,200,16,4.5,7.1,1.2,198,16,4.0,6.1,1.0,200,16,724,28.93,,0,0,0,66.0,66.7,65.8,0.29,0.30,0.19
OPPE,2017-08-21 10:50:00 EDT,43.06260,-74.66544,1181,73.2,71.7,73.2,73.5,64.2,0.000,0.000,0.00,0.000,3.1,5.4,0.9,221,22,3.3,6.6,1.1,218,24,3.1,5.4,0.9,221,22,633,28.93,,0,0,0,66.1,66.7,65.8,0.29,0.30,0.19
OPPE,2017-08-21 10:55:00 EDT,43.06260,-74.66544,1181,73.0,72.1,73.0,72.7,63.7,0.000,0.000,0.00,0.000,2.8,6.1,1.6,182,20,3.5,6.5,1.7,180,15,2.8,6.1,1.6,182,20,597,28.93,,0,0,0,66.4,66.7,65.8,0.29,0.30,0.19
OPPE,2017-08-21 11:00:00 EDT,43.06260,-74.66544,1181,73.6,72.5,73.6,73.4,64.6,0.000,0.000,0.00,0.000,3.0,5.8,1.2,203,21,3.5,6.4,1.3,202,21,3.0,5.8,1.2,203,21,660,28.93,,0,0,0,66.4,66.7,65.8,0.29,0.30,0.19
OPPE,2017-08-21 11:05:00 EDT,43.06260,-74.66544,1181,73.3,72.3,73.3,71.4,63.4,0.000,0.000,0.00,0.000,2.5,4.7,0.9,196,25,2.9,5.6,1.1,197,25,2.5,4.7,0.9,196,25,559,28.93,,0,0,0,66.4,66.7,65.8,0.29,0.30,0.19
OPPE,2017-08-21 11:10:00 EDT,43.06260,-74.66544,1181,74.2,72.9,74.2,72.9,64.9,0.000,0.000,0.00,0.000,1.8,3.4,0.8,182,37,2.5,4.3,0.8,187,38,1.8,3.4,0.8,182,37,560,28.93,,0,0,0,66.4,66.7,65.8,0.29,0.30,0.19
OPPE,2017-08-21 11:15:00 EDT,43.06260,-74.66544,1181,73.9,72.7,73.9,70.6,63.8,0.000,0.000,0.00,0.000,1.6,2.8,0.4,21,39,2.2,3.8,0.7,17,38,1.6,2.8,0.4,21,39,674,28.93,,0,0,0,66.4,66.7,65.8,0.29,0.30,0.19
OPPE,2017-08-21 11:20:00 EDT,43.06260,-74.66544,1181,74.9,73.2,74.9,71.1,64.9,0.000,0.000,0.00,0.000,1.2,3.1,0.8,148,55,1.6,3.2,0.9,144,56,1.2,3.1,0.8,148,55,674,28.92,,0,0,0,66.5,66.7,65.8,0.29,0.30,0.19
OPPE,2017-08-21 11:25:00 EDT,43.06260,-74.66544,1181,75.2,73.9,75.2,69.7,64.6,0.000,0.000,0.00,0.000,1.8,5.0,1.3,210,44,2.4,6.9,1.6,212,48,1.8,5.0,1.3,210,44,686,28.92,,0,0,0,66.7,66.7,65.8,0.29,0.30,0.19
OPPE,2017-08-21 11:30:00 EDT,43.06260,-74.66544,1181,76.0,74.7,76.0,66.6,64.0,0.000,0.000,0.00,0.000,3.8,6.3,1.0,203,18,4.3,7.9,1.2,203,19,3.8,6.3,1.0,203,18,737,28.92,,0,0,0,66.7,66.6,65.8,0.29,0.30,0.19
OPPE,2017-08-21 11:35:00 EDT,43.06260,-74.66544,1181,75.8,74.3,75.8,67.2,64.1,0.000,0.000,0.00,0.000,1.4,5.4,1.6,188,27,2.1,6.4,1.7,184,45,1.4,5.4,1.6,188,27,685,28.91,,0,0,0,66.7,66.5,65.8,0.29,0.30,0.19
OPPE,2017-08-21 11:40:00 EDT,43.06260,-74.66544,1181,76.2,75.2,76.2,66.1,64.0,0.000,0.000,0.00,0.000,3.5,5.6,1.0,230,28,4.2,6.9,1.2,230,28,3.5,5.6,1.0,230,28,678,28.91,,0,0,0,66.7,66.6,65.8,0.29,0.30,0.19
OPPE,2017-08-21 11:45:00 EDT,43.06260,-74.66544,1181,76.0,74.8,76.0,64.8,63.3,0.000,0.000,0.00,0.000,3.2,5.8,1.4,249,19,3.7,6.5,1.4,250,20,3.2,5.8,1.4,249,19,607,28.91,,0,0,0,67.0,66.5,65.8,0.29,0.30,0.19
OPPE,2017-08-21 11:50:00 EDT,43.06260,-74.66544,1181,76.1,75.0,76.1,64.8,63.4,0.000,0.000,0.00,0.000,3.8,7.4,1.2,228,16,4.0,8.3,1.4,226,16,3.8,7.4,1.2,228,16,698,28.91,,0,0,0,67.1,66.5,65.8,0.29,0.30,0.19
OPPE,2017-08-21 11:55:00 EDT,43.06260,-74.66544,1181,76.4,75.4,76.4,64.6,63.5,0.000,0.000,0.00,0.000,4.0,8.2,1.4,210,28,4.6,8.7,1.6,208,27,4.0,8.2,1.4,210,28,749,28.91,,0,0,0,67.1,66.4,65.8,0.29,0.30,0.19
OPPE,2017-08-21 12:00:00 EDT,43.06260,-74.66544,1181,76.3,75.4,76.3,64.4,63.4,0.000,0.000,0.00,0.000,6.3,10.4,1.5,213,21,6.4,10.6,1.8,211,19,6.3,10.4,1.5,213,21,697,28.90,,0,0,0,67.1,66.4,65.8,0.29,0.30,0.19
OPPE,2017-08-21 12:05:00 EDT,43.06260,-74.66544,1181,76.4,75.1,76.4,65.9,64.1,0.000,0.000,0.00,0.000,5.7,8.9,1.6,225,13,5.9,9.1,1.6,225,13,5.7,8.9,1.6,225,13,766,28.90,,0,0,0,67.1,66.4,65.8,0.29,0.30,0.19
OPPE,2017-08-21 12:10:00 EDT,43.06260,-74.66544,1181,77.0,75.6,77.0,68.2,65.8,0.000,0.000,0.00,0.000,4.2,8.7,1.9,200,20,5.0,10.0,2.0,197,20,4.2,8.7,1.9,200,20,806,28.90,,0,0,0,67.2,66.4,65.8,0.29,0.30,0.19
OPPE,2017-08-21 12:15:00 EDT,43.06260,-74.66544,1181,77.5,76.0,77.5,65.2,64.9,0.000,0.000,0.00,0.000,4.5,8.5,1.5,205,19,5.1,9.2,1.7,204,17,4.5,8.5,1.5,205,19,809,28.90,,0,0,0,67.5,66.4,65.8,0.29,0.30,0.19
OPPE,2017-08-21 12:20:00 EDT,43.06260,-74.66544,1181,77.1,76.0,77.1,65.3,64.5,0.000,0.000,0.00,0.000,2.6,5.0,1.1,181,22,3.3,5.8,1.2,181,21,2.6,5.0,1.1,181,22,819,28.90,,0,0,0,67.5,66.4,65.8,0.29,0.30,0.19
OPPE,2017-08-21 12:25:00 EDT,43.06260,-74.66544,1181,78.7,77.3,78.7,66.1,66.4,0.000,0.000,0.00,0.000,3.1,6.7,1.5,183,35,3.6,8.1,1.6,184,37,3.1,6.7,1.5,183,35,866,28.90,,0,0,0,67.5,66.4,65.8,0.29,0.30,0.19
OPPE,2017-08-21 12:30:00 EDT,43.06260,-74.66544,1181,77.8,76.4,77.8,63.1,64.3,0.000,0.000,0.00,0.000,4.4,8.9,2.0,212,16,5.0,9.2,2.0,210,15,4.4,8.9,2.0,212,16,781,28.90,,0,0,0,67.6,66.4,65.8,0.29,0.30,0.19
OPPE,2017-08-21 12:35:00 EDT,43.06260,-74.66544,1181,78.1,76.9,78.1,64.6,65.3,0.000,0.000,0.00,0.000,5.0,9.6,2.0,203,22,6.0,11.4,2.1,201,19,5.0,9.6,2.0,203,22,647,28.90,,0,0,0,67.8,66.4,65.8,0.29,0.30,0.19
OPPE,2017-08-21 12:40:00 EDT,43.06260,-74.66544,1181,77.1,76.3,77.1,62.6,63.4,0.000,0.000,0.00,0.000,5.1,9.0,1.4,223,16,5.4,9.3,1.5,223,14,5.1,9.0,1.4,223,16,575,28.90,,0,0,0,67.8,66.4,65.8,0.28,0.30,0.19
OPPE,2017-08-21 12:45:00 EDT,43.06260,-74.66544,1181,77.5,76.5,77.5,64.5,64.6,0.000,0.000,0.00,0.000,4.3,8.0,1.6,214,17,4.6,9.4,1.7,212,17,4.3,8.0,1.6,214,17,543,28.90,,0,0,0,67.8,66.4,65.8,0.28,0.30,0.19
OPPE,2017-08-21 12:50:00 EDT,43.06260,-74.66544,1181,77.7,76.7,77.7,64.1,64.6,0.000,0.000,0.00,0.000,2.9,5.6,1.4,222,27,3.4,6.2,1.4,224,24,2.9,5.6,1.4,222,27,679,28.90,,0,0,0,67.9,66.4,65.8,0.28,0.30,0.19
OPPE,2017-08-21 12:55:00 EDT,43.06260,-74.66544,1181,78.3,77.3,78.3,62.1,64.2,0.000,0.000,0.00,0.000,3.2,6.1,1.4,243,16,3.7,7.0,1.5,244,15,3.2,6.1,1.4,243,16,691,28.90,,0,0,0,68.2,66.4,65.8,0.29,0.30,0.19
OPPE,2017-08-21 13:00:00 EDT,43.06260,-74.66544,1181,78.9,77.6,78.9,60.5,64.1,0.000,0.000,0.00,0.000,5.7,10.8,2.4,221,20,6.3,11.8,2.6,219,22,5.7,10.8,2.4,221,20,792,28.90,,0,0,0,68.2,66.4,65.8,0.29,0.30,0.19
OPPE,2017-08-21 13:05:00 EDT,43.06260,-74.66544,1181,78.9,77.8,78.9,56.6,62.2,0.000,0.000,0.00,0.000,6.5,12.2,3.6,240,17,7.2,12.4,3.3,240,19,6.5,12.2,3.6,240,17,788,28.90,,0,0,0,68.2,66.4,65.8,0.28,0.30,0.19
OPPE,2017-08-21 13:10:00 EDT,43.06260,-74.66544,1181,79.1,78.0,79.1,57.4,62.7,0.000,0.000,0.00,0.000,6.8,12.6,2.4,241,17,7.3,13.2,2.4,240,17,6.8,12.6,2.4,241,17,780,28.90,,0,0,0,68.5,66.4,65.8,0.28,0.30,0.19
OPPE,2017-08-21 13:15:00 EDT,43.06260,-74.66544,1181,79.5,78.4,79.5,57.8,63.3,0.000,0.000,0.00,0.000,6.9,10.7,1.7,247,15,7.5,12.0,1.8,246,13,6.9,10.7,1.7,247,15,774,28.89,,0,0,0,68.5,66.4,65.8,0.28,0.30,0.19
OPPE,2017-08-21 13:20:00 EDT,43.06260,-74.66544,1181,79.3,78.3,79.3,58.8,63.7,0.000,0.000,0.00,0.000,6.4,10.6,1.7,248,19,7.2,15.3,2.0,247,19,6.4,10.6,1.7,248,19,768,28.89,,0,0,0,68.5,66.4,65.8,0.28,0.30,0.19
OPPE,2017-08-21 13:25:00 EDT,43.06260,-74.66544,1181,79.8,78.9,79.8,56.5,63.0,0.000,0.000,0.00,0.000,5.6,10.3,1.9,244,20,6.3,11.1,2.0,245,21,5.6,10.3,1.9,244,20,758,28.89,,0,0,0,68.5,66.4,65.8,0.28,0.30,0.19
OPPE,2017-08-21 13:30:00 EDT,43.06260,-74.66544,1181,79.9,78.7,79.9,52.8,61.1,0.000,0.000,0.00,0.000,7.1,11.8,2.0,244,16,7.6,13.3,2.1,243,15,7.1,11.8,2.0,244,16,743,28.89,,0,0,0,68.6,66.4,65.8,0.28,0.30,0.19
OPPE,2017-08-21 13:35:00 EDT,43.06260,-74.66544,1181,80.2,79.0,81.5,54.9,62.5,0.000,0.000,0.00,0.000,5.3,9.1,1.7,216,21,5.7,9.8,2.0,216,21,5.3,9.1,1.7,216,21,721,28.89,,0,0,0,68.9,66.4,65.8,0.28,0.30,0.19
OPPE,2017-08-21 13:40:00 EDT,43.06260,-74.66544,1181,80.0,79.1,81.2,53.6,61.7,0.000,0.000,0.00,0.000,7.0,11.5,2.0,213,15,7.4,12.8,2.1,211,16,7.0,11.5,2.0,213,15,693,28.89,,0,0,0,68.9,66.4,65.8,0.28,0.30,0.19
OPPE,2017-08-21 13:45:00 EDT,43.06260,-74.66544,1181,80.0,78.8,80.0,53.5,61.6,0.000,0.000,0.00,0.000,6.2,12.5,1.9,210,15,6.8,13.4,2.1,207,14,6.2,12.5,1.9,210,15,657,28.89,,0,0,0,68.9,66.4,65.8,0.28,0.30,0.19
OPPE,2017-08-21 13:50:00 EDT,43.06260,-74.66544,1181,79.7,78.8,79.7,53.1,61.2,0.000,0.000,0.00,0.000,5.1,8.8,1.9,199,18,5.7,9.9,1.9,196,15,5.1,8.8,1.9,199,18,617,28.89,,0,0,0,69.0,66.4,65.8,0.28,0.30,0.19
OPPE,2017-08-21 13:55:00 EDT,43.06260,-74.66544,1181,80.1,79.3,81.3,53.5,61.7,0.000,0.000,0.00,0.000,6.2,11.5,2.3,222,19,6.9,11.9,2.2,220,17,6.2,11.5,2.3,222,19,570,28.88,,0,0,0,69.2,66.4,65.8,0.28,0.30,0.19
OPPE,2017-08-21 14:00:00 EDT,43.06260,-74.66544,1181,80.0,79.3,80.0,51.7,60.6,0.000,0.000,0.00,0.000,5.4,8.5,1.2,241,21,6.0,10.3,1.2,241,20,5.4,8.5,1.2,241,21,524,28.88,,0,0,0,69.3,66.4,65.8,0.28,0.30,0.19
OPPE,2017-08-21 14:05:00 EDT,43.06260,-74.66544,1181,79.9,79.3,79.9,51.0,60.2,0.000,0.000,0.00,0.000,7.9,12.9,2.2,237,14,8.3,13.1,2.5,237,13,7.9,12.9,2.2,237,14,479,28.88,,0,0,0,69.3,66.4,65.8,0.28,0.30,0.19
OPPE,2017-08-21 14:10:00 EDT,43.06260,-74.66544,1181,79.7,79.1,79.7,51.7,60.4,0.000,0.000,0.00,0.000,5.4,9.8,2.0,237,21,5.9,10.5,1.8,235,19,5.4,9.8,2.0,237,21,425,28.88,,0,0,0,69.3,66.4,65.8,0.28,0.30,0.19
OPPE,2017-08-21 14:15:00 EDT,43.06260,-74.66544,1181,79.5,79.0,79.5,51.3,60.0,0.000,0.000,0.00,0.000,6.1,10.2,1.9,252,21,6.8,10.7,2.0,252,19,6.1,10.2,1.9,252,21,373,28.88,,0,0,0,69.3,66.4,65.8,0.28,0.30,0.19
OPPE,2017-08-21 14:20:00 EDT,43.06260,-74.66544,1181,79.2,78.9,79.2,52.6,60.4,0.000,0.000,0.00,0.000,6.5,9.4,1.3,231,20,7.0,10.8,1.4,231,18,6.5,9.4,1.3,231,20,326,28.88,,0,0,0,69.5,66.4,65.8,0.28,0.30,0.19
OPPE,2017-08-21 14:25:00 EDT,43.06260,-74.66544,1181,78.9,78.7,78.9,52.6,60.1,0.000,0.000,0.00,0.000,5.6,7.4,0.9,223,10,5.7,7.9,1.0,221,8,5.6,7.4,0.9,223,10,289,28.87,,0,0,0,69.6,66.4,65.8,0.28,0.30,0.19
OPPE,2017-08-21 14:30:00 EDT,43.06260,-74.66544,1181,78.7,78.6,78.7,53.1,60.2,0.000,0.000,0.00,0.000,4.5,6.3,1.0,227,11,4.8,6.7,1.0,226,9,4.5,6.3,1.0,227,11,254,28.87,,0,0,0,69.6,66.4,65.8,0.28,0.30,0.19
OPPE,2017-08-21 14:35:00 EDT,43.06260,-74.66544,1181,78.5,78.5,78.5,55.5,61.3,0.000,0.000,0.00,0.000,4.5,6.1,0.7,221,14,4.9,6.4,0.9,219,14,4.5,6.1,0.7,221,14,230,28.87,,0,0,0,69.6,66.4,65.8,0.28,0.30,0.19
OPPE,2017-08-21 14:40:00 EDT,43.06260,-74.66544,1181,78.3,78.2,78.3,56.4,61.5,0.000,0.000,0.00,0.000,3.8,7.1,1.2,217,14,4.3,7.3,1.2,215,12,3.8,7.1,1.2,217,14,216,28.87,,0,0,0,69.6,66.4,65.8,0.28,0.30,0.19
OPPE,2017-08-21 14:45:00 EDT,43.06260,-74.66544,1181,78.1,78.2,78.1,55.9,61.1,0.000,0.000,0.00,0.000,4.0,7.5,1.3,218,14,4.3,7.9,1.3,218,14,4.0,7.5,1.3,218,14,214,28.87,,0,0,0,69.6,66.4,65.8,0.28,0.30,0.19
OPPE,2017-08-21 14:50:00 EDT,43.06260,-74.66544,1181,78.0,78.1,78.0,55.8,61.0,0.000,0.000,0.00,0.000,3.2,5.9,1.0,224,12,3.4,5.9,1.1,223,11,3.2,5.9,1.0,224,12,222,28.86,,0,0,0,69.6,66.4,65.8,0.28,0.30,0.19
OPPE,2017-08-21 14:55:00 EDT,43.06260,-74.66544,1181,78.0,77.8,78.0,60.0,63.0,0.000,0.000,0.00,0.000,3.0,5.9,1.2,204,16,3.5,6.3,1.3,202,14,3.0,5.9,1.2,204,16,242,28.86,,0,0,0,69.6,66.4,65.8,0.28,0.30,0.19
OPPE,2017-08-21 15:00:00 EDT,43.06260,-74.66544,1181,78.0,77.7,78.0,60.3,63.1,0.000,0.000,0.00,0.000,4.4,7.3,1.6,206,13,4.9,8.1,1.5,204,12,4.4,7.3,1.6,206,13,266,28.86,,0,0,0,69.6,66.4,65.8,0.28,0.30,0.19
OPPE,2017-08-21 15:05:00 EDT,43.06260,-74.66544,1181,78.0,77.8,78.0,59.3,62.7,0.000,0.000,0.00,0.000,4.2,7.0,1.2,220,14,4.5,7.1,1.2,218,14,4.2,7.0,1.2,220,14,292,28.86,,0,0,0,69.6,66.4,65.8,0.28,0.30,0.19
OPPE,2017-08-21 15:10:00 EDT,43.06260,-74.66544,1181,78.1,77.8,78.1,56.9,61.6,0.000,0.000,0.00,0.000,3.8,6.4,1.1,218,17,4.1,7.5,1.2,216,17,3.8,6.4,1.1,218,17,330,28.86,,0,0,0,69.6,66.4,65.8,0.28,0.30,0.19
OPPE,2017-08-21 15:15:00 EDT,43.06260,-74.66544,1181,78.5,78.0,78.5,56.9,62.0,0.000,0.000,0.00,0.000,5.0,8.9,1.5,215,12,5.4,9.3,1.6,213,12,5.0,8.9,1.5,215,12,370,28.86,,0,0,0,69.7,66.4,65.8,0.28,0.30,0.19
OPPE,2017-08-21 15:20:00 EDT,43.06260,-74.66544,1181,78.7,78.2,78.7,56.7,62.0,0.000,0.000,0.00,0.000,5.2,8.4,1.5,215,13,5.5,8.7,1.6,213,11,5.2,8.4,1.5,215,13,406,28.86,,0,0,0,69.8,66.4,65.8,0.28,0.30,0.19
OPPE,2017-08-21 15:25:00 EDT,43.06260,-74.66544,1181,79.0,78.4,79.0,57.1,62.5,0.000,0.000,0.00,0.000,4.7,8.0,1.7,215,17,5.1,9.6,1.7,213,17,4.7,8.0,1.7,215,17,440,28.86,,0,0,0,69.9,66.4,65.8,0.28,0.30,0.19
OPPE,2017-08-21 15:30:00 EDT,43.06260,-74.66544,1181,79.4,78.7,79.4,56.3,62.5,0.000,0.000,0.00,0.000,5.0,11.1,1.8,229,20,5.5,11.5,1.9,228,19,5.0,11.1,1.8,229,20,384,28.86,,0,0,0,69.9,66.4,65.8,0.28,0.30,0.19
OPPE,2017-08-21 15:35:00 EDT,43.06260,-74.66544,1181,78.9,78.4,78.9,55.0,61.3,0.000,0.000,0.00,0.000,6.8,9.8,1.5,222,13,7.2,10.1,1.4,220,12,6.8,9.8,1.5,222,13,443,28.86,,0,0,0,69.9,66.4,65.8,0.28,0.30,0.19
OPPE,2017-08-21 15:40:00 EDT,43.06260,-74.66544,1181,79.5,78.8,79.5,56.3,62.6,0.000,0.000,0.00,0.000,5.6,10.0,1.6,208,16,5.9,9.6,1.5,207,15,5.6,10.0,1.6,208,16,567,28.87,,0,0,0,70.0,66.4,65.8,0.28,0.30,0.19
OPPE,2017-08-21 15:45:00 EDT,43.06260,-74.66544,1181,80.4,79.4,81.7,54.7,62.6,0.000,0.000,0.00,0.000,5.7,9.4,1.6,234,15,6.3,10.0,1.7,232,15,5.7,9.4,1.6,234,15,567,28.86,,0,0,0,70.0,66.4,65.8,0.28,0.30,0.19
OPPE,2017-08-21 15:50:00 EDT,43.06260,-74.66544,1181,80.2,79.3,81.2,51.8,60.9,0.000,0.000,0.00,0.000,7.4,11.2,2.1,244,11,7.9,11.3,2.1,243,10,7.4,11.2,2.1,244,11,580,28.86,,0,0,0,70.0,66.4,65.8,0.28,0.30,0.19
OPPE,2017-08-21 15:55:00 EDT,43.06260,-74.66544,1181,80.1,79.3,81.1,51.9,60.9,0.000,0.000,0.00,0.000,7.7,10.7,1.9,238,14,8.1,12.3,2.1,238,14,7.7,10.7,1.9,238,14,578,28.86,,0,0,0,70.0,66.4,65.8,0.28,0.30,0.19
OPPE,2017-08-21 16:00:00 EDT,43.06260,-74.66544,1181,80.7,79.7,81.9,53.4,62.2,0.000,0.000,0.00,0.000,4.8,8.5,1.4,219,20,5.5,10.0,1.6,220,20,4.8,8.5,1.4,219,20,596,28.86,,0,0,0,70.0,66.4,65.8,0.28,0.30,0.19
OPPE,2017-08-21 16:05:00 EDT,43.06260,-74.66544,1181,81.0,80.1,82.0,51.7,61.6,0.000,0.000,0.00,0.000,4.9,8.5,1.5,246,21,5.5,10.2,1.6,245,19,4.9,8.5,1.5,246,21,581,28.86,,0,0,0,70.0,66.4,65.8,0.28,0.30,0.19
OPPE,2017-08-21 16:10:00 EDT,43.06260,-74.66544,1181,80.6,79.6,81.4,51.1,60.8,0.000,0.000,0.00,0.000,5.3,9.5,2.3,247,17,5.9,11.1,2.2,249,17,5.3,9.5,2.3,247,17,561,28.86,,0,0,0,70.0,66.4,65.8,0.28,0.30,0.19
OPPE,2017-08-21 16:15:00 EDT,43.06260,-74.66544,1181,80.7,79.7,81.7,52.5,61.7,0.000,0.000,0.00,0.000,5.0,9.6,1.7,234,18,5.4,9.8,1.8,234,16,5.0,9.6,1.7,234,18,541,28.86,,0,0,0,70.0,66.4,65.8,0.28,0.30,0.19
OPPE,2017-08-21 16:20:00 EDT,43.06260,-74.66544,1181,80.5,79.8,81.6,53.0,61.8,0.000,0.000,0.00,0.000,4.1,7.7,1.8,242,26,4.6,7.9,1.8,243,26,4.1,7.7,1.8,242,26,485,28.85,,0,0,0,70.0,66.4,65.8,0.28,0.30,0.19
OPPE,2017-08-21 16:25:00 EDT,43.06260,-74.66544,1181,80.4,79.6,81.4,51.5,61.0,0.000,0.000,0.00,0.000,5.1,8.3,1.5,241,21,5.5,9.8,1.6,240,22,5.1,8.3,1.5,241,21,485,28.85,,0,0,0,70.0,66.4,65.8,0.28,0.30,0.19
OPPE,2017-08-21 16:30:00 EDT,43.06260,-74.66544,1181,80.7,79.8,81.8,52.9,61.9,0.000,0.000,0.00,0.000,5.5,9.2,2.0,218,16,6.1,9.9,2.1,217,17,5.5,9.2,2.0,218,16,473,28.85,,0,0,0,70.0,66.4,65.8,0.28,0.30,0.19
OPPE,2017-08-21 16:35:00 EDT,43.06260,-74.66544,1181,80.5,79.7,81.6,53.4,62.0,0.000,0.000,0.00,0.000,5.9,10.4,2.2,225,21,6.5,11.8,2.1,224,20,5.9,10.4,2.2,225,21,465,28.85,,0,0,0,70.0,66.4,65.8,0.28,0.30,0.19
OPPE,2017-08-21 16:40:00 EDT,43.06260,-74.66544,1181,80.5,79.8,81.3,50.4,60.4,0.000,0.000,0.00,0.000,4.9,8.9,1.4,256,22,5.6,11.2,1.7,256,22,4.9,8.9,1.4,256,22,453,28.85,,0,0,0,70.0,66.4,65.8,0.28,0.30,0.19
OPPE,2017-08-21 16:45:00 EDT,43.06260,-74.66544,1181,80.6,79.9,81.7,52.9,61.9,0.000,0.000,0.00,0.000,6.3,10.7,1.9,220,19,7.0,11.4,1.9,220,19,6.3,10.7,1.9,220,19,445,28.85,,0,0,0,70.0,66.4,65.8,0.28,0.30,0.19
OPPE,2017-08-21 16:50:00 EDT,43.06260,-74.66544,1181,80.8,79.9,82.0,53.5,62.3,0.000,0.000,0.00,0.000,5.2,9.5,1.9,223,17,5.7,10.6,2.0,222,17,5.2,9.5,1.9,223,17,430,28.85,,0,0,0,70.0,66.5,65.8,0.28,0.30,0.19
OPPE,2017-08-21 16:55:00 EDT,43.06260,-74.66544,1181,80.8,80.0,82.1,54.6,62.9,0.000,0.000,0.00,0.000,4.2,7.2,1.4,223,19,4.7,8.5,1.5,223,17,4.2,7.2,1.4,223,19,416,28.84,,0,0,0,70.0,66.5,65.8,0.28,0.30,0.19
OPPE,2017-08-21 17:00:00 EDT,43.06260,-74.66544,1181,80.8,80.1,81.9,53.1,62.1,0.000,0.000,0.00,0.000,3.9,7.2,1.5,224,19,4.4,7.7,1.5,224,17,3.9,7.2,1.5,224,19,402,28.85,,0,0,0,70.0,66.5,65.8,0.28,0.30,0.19
OPPE,2017-08-21 17:05:00 EDT,43.06260,-74.66544,1181,80.7,80.0,81.8,52.7,61.8,0.000,0.000,0.00,0.000,4.6,7.7,1.2,222,14,5.0,8.1,1.3,220,14,4.6,7.7,1.2,222,14,388,28.85,,0,0,0,70.0,66.6,65.8,0.28,0.30,0.19
OPPE,2017-08-21 17:10:00 EDT,43.06260,-74.66544,1181,80.6,79.9,81.8,53.8,62.3,0.000,0.000,0.00,0.000,5.3,8.8,1.5,220,14,5.8,8.7,1.4,217,15,5.3,8.8,1.5,220,14,375,28.85,,0,0,0,70.0,66.6,65.8,0.28,0.30,0.19
OPPE,2017-08-21 17:15:00 EDT,43.06260,-74.66544,1181,80.5,79.8,81.6,53.3,61.9,0.000,0.000,0.00,0.000,6.3,10.1,1.9,215,15,6.7,11.1,2.0,212,14,6.3,10.1,1.9,215,15,361,28.84,,0,0,0,70.0,66.6,65.8,0.28,0.30,0.19
OPPE,2017-08-21 17:20:00 EDT,43.06260,-74.66544,1181,80.4,79.9,81.4,52.2,61.3,0.000,0.000,0.00,0.000,7.0,9.8,1.7,231,13,7.2,10.6,1.7,230,12,7.0,9.8,1.7,231,13,347,28.84,,0,0,0,70.0,66.7,65.8,0.28,0.30,0.19
OPPE,2017-08-21 17:25:00 EDT,43.06260,-74.66544,1181,80.4,79.9,81.5,53.8,62.1,0.000,0.000,0.00,0.000,5.7,9.0,1.6,225,15,6.3,9.8,1.5,226,13,5.7,9.0,1.6,225,15,332,28.84,,0,0,0,70.0,66.7,65.8,0.28,0.30,0.19
OPPE,2017-08-21 17:30:00 EDT,43.06260,-74.66544,1181,80.3,79.8,81.5,54.1,62.2,0.000,0.000,0.00,0.000,6.6,9.0,1.1,227,12,6.9,9.8,1.2,226,12,6.6,9.0,1.1,227,12,318,28.84,,0,0,0,70.0,66.7,65.8,0.28,0.30,0.19
OPPE,2017-08-21 17:35:00 EDT,43.06260,-74.66544,1181,80.2,79.8,81.4,53.7,62.0,0.000,0.000,0.00,0.000,6.1,9.0,1.2,233,16,6.6,9.2,1.3,232,15,6.1,9.0,1.2,233,16,303,28.84,,0,0,0,70.0,66.7,65.8,0.28,0.30,0.19
OPPE,2017-08-21 17:40:00 EDT,43.06260,-74.66544,1181,80.3,79.8,81.6,54.8,62.5,0.000,0.000,0.00,0.000,4.5,6.6,0.9,247,15,4.9,7.6,1.1,246,14,4.5,6.6,0.9,247,15,287,28.84,,0,0,0,70.0,66.7,65.8,0.28,0.30,0.19
OPPE,2017-08-21 17:45:00 EDT,43.06260,-74.66544,1181,80.3,79.8,81.6,55.4,62.8,0.000,0.000,0.00,0.000,4.5,7.2,1.3,225,17,4.9,8.5,1.5,224,19,4.5,7.2,1.3,225,17,274,28.84,,0,0,0,70.1,66.7,65.8,0.28,0.30,0.19
OPPE,2017-08-21 17:50:00 EDT,43.06260,-74.66544,1181,80.1,79.7,81.5,55.2,62.6,0.000,0.000,0.00,0.000,4.8,8.0,1.2,232,13,5.1,8.3,1.3,231,13,4.8,8.0,1.2,232,13,259,28.84,,0,0,0,70.2,66.7,65.8,0.28,0.30,0.19
OPPE,2017-08-21 17:55:00 EDT,43.06260,-74.66544,1181,80.1,79.7,81.5,55.3,62.6,0.000,0.000,0.00,0.000,3.9,7.2,1.3,232,10,4.1,7.6,1.3,232,8,3.9,7.2,1.3,232,10,249,28.84,,0,0,0,70.2,66.7,65.8,0.28,0.30,0.19
OPPE,2017-08-21 18:00:00 EDT,43.06260,-74.66544,1181,80.0,79.6,81.5,56.6,63.3,0.000,0.000,0.00,0.000,4.4,7.5,1.3,224,13,4.8,7.9,1.4,223,12,4.4,7.5,1.3,224,13,237,28.84,,0,0,0,70.3,66.7,65.8,0.28,0.30,0.19
OPPE,2017-08-21 18:05:00 EDT,43.06260,-74.66544,1181,79.8,79.5,79.8,55.9,62.7,0.000,0.000,0.00,0.000,4.3,6.9,1.0,220,14,4.8,7.3,1.1,219,13,4.3,6.9,1.0,220,14,223,28.83,,0,0,0,70.3,66.7,65.8,0.28,0.30,0.19
OPPE,2017-08-21 18:10:00 EDT,43.06260,-74.66544,1181,79.7,79.4,79.7,56.7,63.0,0.000,0.000,0.00,0.000,3.4,5.5,0.9,227,17,3.7,5.9,0.9,226,15,3.4,5.5,0.9,227,17,208,28.83,,0,0,0,70.3,66.7,65.8,0.28,0.30,0.19
OPPE,2017-08-21 18:15:00 EDT,43.06260,-74.66544,1181,79.8,79.5,79.8,56.4,62.9,0.000,0.000,0.00,0.000,3.1,4.8,0.8,231,13,3.4,5.2,1.0,230,12,3.1,4.8,0.8,231,13,193,28.83,,0,0,0,70.3,66.7,65.8,0.28,0.30,0.19
OPPE,2017-08-21 18:20:00 EDT,43.06260,-74.66544,1181,79.6,79.4,79.6,57.2,63.2,0.000,0.000,0.00,0.000,3.4,5.7,1.1,231,14,3.6,5.9,1.2,232,13,3.4,5.7,1.1,231,14,180,28.83,,0,0,0,70.3,66.7,65.8,0.28,0.30,0.19
OPPE,2017-08-21 18:25:00 EDT,43.06260,-74.66544,1181,79.4,79.3,79.4,57.4,63.1,0.000,0.000,0.00,0.000,3.5,5.4,0.8,233,14,3.7,5.8,0.8,232,12,3.5,5.4,0.8,233,14,163,28.83,,0,0,0,70.3,66.7,65.8,0.28,0.30,0.19
OPPE,2017-08-21 18:30:00 EDT,43.06260,-74.66544,1181,79.1,79.1,79.1,58.9,63.5,0.000,0.000,0.00,0.000,2.9,3.8,0.5,228,10,2.9,4.1,0.5,226,7,2.9,3.8,0.5,228,10,127,28.83,,0,0,0,70.3,66.7,65.8,0.28,0.30,0.19
OPPE,2017-08-21 18:35:00 EDT,43.06260,-74.66544,1181,78.8,78.9,78.8,60.6,64.0,0.000,0.000,0.00,0.000,1.7,2.8,0.5,232,13,1.7,3.5,0.5,232,11,1.7,2.8,0.5,232,13,134,28.83,,0,0,0,70.3,66.7,65.8,0.28,0.30,0.19
OPPE,2017-08-21 18:40:00 EDT,43.06260,-74.66544,1181,78.8,78.8,78.8,60.7,64.0,0.000,0.000,0.00,0.000,1.5,2.4,0.5,220,17,1.6,2.8,0.5,217,17,1.5,2.4,0.5,220,17,125,28.83,,0,0,0,70.3,66.7,65.8,0.28,0.30,0.19
OPPE,2017-08-21 18:45:00 EDT,43.06260,-74.66544,1181,78.5,78.8,78.5,61.0,63.9,0.000,0.000,0.00,0.000,2.5,3.3,0.4,213,9,2.6,3.8,0.4,213,8,2.5,3.3,0.4,213,9,101,28.82,,0,0,0,70.3,66.7,65.8,0.28,0.30,0.19
OPPE,2017-08-21 18:50:00 EDT,43.06260,-74.66544,1181,78.1,78.5,78.1,61.4,63.8,0.000,0.000,0.00,0.000,2.4,3.3,0.4,217,7,2.4,3.5,0.5,218,5,2.4,3.3,0.4,217,7,73,28.82,,0,0,0,70.3,66.7,65.8,0.28,0.30,0.19
OPPE,2017-08-21 18:55:00 EDT,43.06260,-74.66544,1181,77.6,78.3,77.6,62.6,63.8,0.000,0.000,0.00,0.000,2.4,3.2,0.4,228,11,2.5,4.3,0.6,228,9,2.4,3.2,0.4,228,11,54,28.83,,0,0,0,70.3,66.7,65.8,0.28,0.30,0.19
OPPE,2017-08-21 19:00:00 EDT,43.06260,-74.66544,1181,77.2,78.0,77.2,64.2,64.2,0.000,0.000,0.00,0.000,2.2,3.1,0.5,230,11,2.2,3.3,0.5,228,8,2.2,3.1,0.5,230,11,30,28.83,,0,0,0,70.3,66.7,65.8,0.28,0.30,0.19
OPPE,2017-08-21 19:05:00 EDT,43.06260,-74.66544,1181,76.8,77.4,76.8,65.8,64.5,0.000,0.000,0.00,0.000,0.9,2.5,0.6,232,11,1.1,2.3,0.5,237,13,0.9,2.5,0.6,232,11,28,28.83,,0,0,0,70.3,66.7,65.8,0.28,0.30,0.19
OPPE,2017-08-21 19:10:00 EDT,43.06260,-74.66544,1181,76.2,77.1,76.2,68.1,64.9,0.000,0.000,0.00,0.000,0.5,2.3,0.6,250,5,0.8,2.8,0.6,250,15,0.5,2.3,0.6,250,5,26,28.83,,0,0,0,70.2,66.7,65.8,0.28,0.30,0.19
OPPE,2017-08-21 19:15:00 EDT,43.06260,-74.66544,1181,76.4,77.1,76.4,68.6,65.2,0.000,0.000,0.00,0.000,1.7,3.3,0.6,245,10,2.0,3.4,0.6,243,11,1.7,3.3,0.6,245,10,26,28.83,,0,0,0,70.3,66.7,65.8,0.28,0.30,0.19
OPPE,2017-08-21 19:20:00 EDT,43.06260,-74.66544,1181,76.1,77.1,76.1,68.8,65.1,0.000,0.000,0.00,0.000,2.2,3.4,0.4,242,11,2.3,3.5,0.4,239,11,2.2,3.4,0.4,242,11,22,28.83,,0,0,0,70.2,66.7,65.8,0.28,0.30,0.19
OPPE,2017-08-21 19:25:00 EDT,43.06260,-74.66544,1181,75.7,76.9,75.7,69.8,65.1,0.000,0.000,0.00,0.000,2.0,2.8,0.3,232,7,2.0,3.2,0.3,231,6,2.0,2.8,0.3,232,7,19,28.83,,0,0,0,70.1,66.7,65.8,0.28,0.30,0.19
OPPE,2017-08-21 19:30:00 EDT,43.06260,-74.66544,1181,75.2,76.6,75.2,71.6,65.4,0.000,0.000,0.00,0.000,1.5,2.0,0.3,213,10,1.7,2.4,0.3,213,10,1.5,2.0,0.3,213,10,16,28.84,,0,0,0,70.0,66.7,65.8,0.28,0.30,0.19
OPPE,2017-08-21 19:35:00 EDT,43.06260,-74.66544,1181,75.1,76.2,75.1,72.5,65.6,0.000,0.000,0.00,0.000,0.8,1.6,0.4,220,13,1.0,2.5,0.5,222,13,0.8,1.6,0.4,220,13,14,28.84,,0,0,0,70.0,66.7,65.8,0.28,0.30,0.19
OPPE,2017-08-21 19:40:00 EDT,43.06260,-74.66544,1181,73.9,75.8,73.9,74.2,65.2,0.000,0.000,0.00,0.000,0.7,1.7,0.4,215,13,0.7,1.8,0.6,218,11,0.7,1.7,0.4,215,13,10,28.84,,0,0,0,70.0,66.7,65.8,0.28,0.30,0.19
OPPE,2017-08-21 19:45:00 EDT,43.06260,-74.66544,1181,73.6,75.4,73.6,75.7,65.5,0.000,0.000,0.00,0.000,0.6,1.6,0.5,214,11,0.8,1.9,0.6,216,11,0.6,1.6,0.5,214,11,7,28.84,,0,0,0,70.0,66.7,65.8,0.28,0.30,0.19
OPPE,2017-08-21 19:50:00 EDT,43.06260,-74.66544,1181,73.0,75.3,73.0,77.4,65.5,0.000,0.000,0.00,0.000,0.0,0.7,0.1,229,0,0.1,0.9,0.2,218,4,0.0,0.7,0.1,229,0,4,28.84,,0,0,0,70.0,66.7,65.8,0.28,0.30,0.19
OPPE,2017-08-21 19:55:00 EDT,43.06260,-74.66544,1181,72.2,75.2,72.2,79.7,65.6,0.000,0.000,0.00,0.000,0.0,0.0,0.0,0,0,0.0,0.8,0.1,143,2,0.0,0.0,0.0,0,0,2,28.83,,0,0,0,70.0,66.7,65.8,0.28,0.30,0.19
OPPE,2017-08-21 20:00:00 EDT,43.06260,-74.66544,1181,71.8,75.2,71.8,81.1,65.7,0.000,0.000,0.00,0.000,0.0,0.1,0.0,229,0,0.0,0.0,0.0,0,0,0.0,0.1,0.0,229,0,1,28.83,,0,0,0,70.0,66.7,65.8,0.28,0.30,0.19
OPPE,2017-08-21 20:05:00 EDT,43.06260,-74.66544,1181,71.2,75.2,71.2,82.3,65.5,0.000,0.000,0.00,0.000,0.1,0.7,0.2,229,0,0.2,1.1,0.4,53,5,0.1,0.7,0.2,229,0,1,28.83,,0,0,0,70.0,66.7,65.8,0.28,0.30,0.19
OPPE,2017-08-21 20:10:00 EDT,43.06260,-74.66544,1181,70.7,75.0,70.7,84.3,65.8,0.000,0.000,0.00,0.000,0.3,0.9,0.4,229,0,0.7,1.2,0.4,56,11,0.3,0.9,0.4,229,0,0,28.83,,0,0,0,70.0,66.8,65.8,0.28,0.30,0.19
OPPE,2017-08-21 20:15:00 EDT,43.06260,-74.66544,1181,70.3,75.1,70.3,85.9,65.9,0.000,0.000,0.00,0.000,0.0,0.4,0.1,229,0,0.2,1.1,0.4,53,7,0.0,0.4,0.1,229,0,0,28.83,,0,0,0,70.0,66.7,65.8,0.28,0.30,0.19
OPPE,2017-08-21 20:20:00 EDT,43.06260,-74.66544,1181,70.0,74.5,70.0,87.7,66.1,0.000,0.000,0.00,0.000,0.5,1.2,0.3,229,0,0.8,1.4,0.4,46,6,0.5,1.2,0.3,229,0,0,28.83,,0,0,0,70.0,66.8,65.8,0.28,0.30,0.19
OPPE,2017-08-21 20:25:00 EDT,43.06260,-74.66544,1181,70.2,74.0,70.2,88.3,66.6,0.000,0.000,0.00,0.000,1.2,1.5,0.2,57,73,1.4,1.7,0.2,45,4,1.2,1.5,0.2,57,73,0,28.83,,0,0,0,70.0,66.8,65.8,0.28,0.30,0.19
OPPE,2017-08-21 20:30:00 EDT,43.06260,-74.66544,1181,69.5,73.2,69.5,88.7,66.0,0.000,0.000,0.00,0.000,1.2,1.6,0.2,65,8,1.4,2.0,0.3,60,8,1.2,1.6,0.2,65,8,0,28.83,,0,0,0,70.0,66.8,65.8,0.28,0.30,0.19
OPPE,2017-08-21 20:35:00 EDT,43.06260,-74.66544,1181,69.6,74.2,69.6,89.8,66.5,0.000,0.000,0.00,0.000,0.2,0.7,0.3,75,0,0.3,1.3,0.5,72,5,0.2,0.7,0.3,75,0,0,28.83,,0,0,0,70.0,66.8,65.8,0.28,0.30,0.19
OPPE,2017-08-21 20:40:00 EDT,43.06260,-74.66544,1181,70.2,74.8,70.2,88.4,66.6,0.000,0.000,0.00,0.000,0.5,1.1,0.3,96,4,0.9,1.4,0.3,86,16,0.5,1.1,0.3,96,4,0,28.83,,0,0,0,70.0,66.9,65.8,0.28,0.30,0.19
OPPE,2017-08-21 20:45:00 EDT,43.06260,-74.66544,1181,70.3,74.3,70.3,86.5,66.1,0.000,0.000,0.00,0.000,0.6,1.4,0.5,64,18,1.1,1.7,0.4,62,20,0.6,1.4,0.5,64,18,0,28.83,,0,0,0,70.0,67.0,65.8,0.28,0.30,0.19
OPPE,2017-08-21 20:50:00 EDT,43.06260,-74.66544,1181,69.1,73.3,69.1,88.1,65.4,0.000,0.000,0.00,0.000,1.3,1.8,0.2,47,14,1.5,1.9,0.2,42,15,1.3,1.8,0.2,47,14,0,28.83,,0,0,0,69.8,67.0,65.8,0.28,0.30,0.19
OPPE,2017-08-21 20:55:00 EDT,43.06260,-74.66544,1181,68.8,73.8,68.8,89.3,65.5,0.000,0.000,0.00,0.000,0.6,1.2,0.5,96,15,1.0,1.7,0.5,87,18,0.6,1.2,0.5,96,15,0,28.83,,0,0,0,69.7,67.1,65.8,0.28,0.30,0.19
OPPE,2017-08-21 21:00:00 EDT,43.06260,-74.66544,1181,69.6,74.9,69.6,86.8,65.5,0.000,0.000,0.00,0.000,0.5,1.3,0.5,129,8,0.8,1.7,0.6,131,14,0.5,1.3,0.5,129,8,0,28.83,,0,0,0,69.6,67.1,65.8,0.28,0.30,0.19
OPPE,2017-08-21 21:05:00 EDT,43.06260,-74.66544,1181,70.1,74.7,70.1,84.6,65.2,0.000,0.000,0.00,0.000,1.2,1.5,0.4,111,7,1.5,2.0,0.3,110,9,1.2,1.5,0.4,111,7,0,28.83,,0,0,0,69.6,67.1,65.8,0.28,0.30,0.19
OPPE,2017-08-21 21:10:00 EDT,43.06260,-74.66544,1181,69.4,73.6,69.4,87.3,65.5,0.000,0.000,0.00,0.000,1.3,1.9,0.3,93,8,1.6,2.2,0.3,89,11,1.3,1.9,0.3,93,8,0,28.83,,0,0,0,69.6,67.1,65.8,0.28,0.30,0.19
OPPE,2017-08-21 21:15:00 EDT,43.06260,-74.66544,1181,68.8,74.3,68.8,89.7,65.6,0.000,0.000,0.00,0.000,1.9,2.4,0.2,124,7,1.9,2.4,0.2,125,5,1.9,2.4,0.2,124,7,0,28.83,,0,0,0,69.6,67.1,65.8,0.28,0.30,0.19
OPPE,2017-08-21 21:20:00 EDT,43.06260,-74.66544,1181,69.0,74.8,69.0,90.1,66.0,0.000,0.000,0.00,0.000,1.7,2.0,0.2,107,9,1.9,2.3,0.2,106,12,1.7,2.0,0.2,107,9,0,28.83,,0,0,0,69.6,67.1,65.8,0.28,0.30,0.19
OPPE,2017-08-21 21:25:00 EDT,43.06260,-74.66544,1181,68.5,74.2,68.5,89.8,65.4,0.000,0.000,0.00,0.000,1.0,1.8,0.3,79,14,1.3,1.8,0.2,78,19,1.0,1.8,0.3,79,14,0,28.83,,0,0,0,69.6,67.1,65.8,0.28,0.30,0.19
OPPE,2017-08-21 21:30:00 EDT,43.06260,-74.66544,1181,68.1,74.3,68.1,91.0,65.4,0.000,0.000,0.00,0.000,1.5,2.0,0.4,119,6,1.7,2.2,0.3,120,7,1.5,2.0,0.4,119,6,0,28.83,,0,0,0,69.6,67.1,65.8,0.28,0.30,0.19
OPPE,2017-08-21 21:35:00 EDT,43.06260,-74.66544,1181,68.8,74.4,68.8,88.1,65.2,0.000,0.000,0.00,0.000,1.9,2.3,0.2,107,9,2.1,2.7,0.3,108,11,1.9,2.3,0.2,107,9,0,28.82,,0,0,0,69.6,67.1,65.8,0.28,0.30,0.19
OPPE,2017-08-21 21:40:00 EDT,43.06260,-74.66544,1181,68.5,74.0,68.5,89.0,65.1,0.000,0.000,0.00,0.000,1.0,1.9,0.5,110,25,1.3,2.3,0.4,110,25,1.0,1.9,0.5,110,25,0,28.82,,0,0,0,69.6,67.1,65.8,0.28,0.30,0.19
OPPE,2017-08-21 21:45:00 EDT,43.06260,-74.66544,1181,69.7,74.6,69.7,87.7,65.8,0.000,0.000,0.00,0.000,1.9,2.5,0.3,171,9,2.1,3.2,0.4,170,10,1.9,2.5,0.3,171,9,0,28.82,,0,0,0,69.5,67.1,65.8,0.28,0.30,0.19
OPPE,2017-08-21 21:50:00 EDT,43.06260,-74.66544,1181,72.0,74.6,72.0,83.7,66.8,0.000,0.000,0.00,0.000,2.2,3.6,0.4,170,10,2.5,4.5,0.6,167,10,2.2,3.6,0.4,170,10,0,28.82,,0,0,0,69.3,67.1,65.8,0.28,0.30,0.19
OPPE,2017-08-21 21:55:00 EDT,43.06260,-74.66544,1181,72.4,73.9,72.4,79.6,65.7,0.000,0.000,0.00,0.000,3.3,5.8,1.4,199,15,3.8,7.5,1.7,199,13,3.3,5.8,1.4,199,15,0,28.82,,0,0,0,69.3,67.1,65.8,0.28,0.30,0.19
OPPE,2017-08-21 22:00:00 EDT,43.06260,-74.66544,1181,71.3,72.9,71.3,80.4,64.9,0.000,0.000,0.00,0.000,5.4,8.8,1.1,209,14,6.0,9.8,1.3,206,13,5.4,8.8,1.1,209,14,0,28.83,,0,0,0,69.3,67.1,65.8,0.28,0.30,0.19
OPPE,2017-08-21 22:05:00 EDT,43.06260,-74.66544,1181,71.4,72.8,71.4,81.8,65.5,0.000,0.000,0.00,0.000,6.1,8.2,0.9,202,12,6.8,11.1,1.3,200,8,6.1,8.2,0.9,202,12,0,28.83,,0,0,0,69.3,67.1,65.8,0.28,0.30,0.19
OPPE,2017-08-21 22:10:00 EDT,43.06260,-74.66544,1181,71.3,72.4,71.3,82.2,65.6,0.000,0.000,0.00,0.000,4.5,6.9,0.9,201,9,5.1,7.8,1.1,199,8,4.5,6.9,0.9,201,9,0,28.83,,0,0,0,69.3,67.1,65.8,0.28,0.30,0.19
OPPE,2017-08-21 22:15:00 EDT,43.06260,-74.66544,1181,71.4,72.4,71.4,82.7,65.9,0.000,0.000,0.00,0.000,3.1,4.4,0.6,186,11,3.6,5.2,0.7,184,10,3.1,4.4,0.6,186,11,0,28.83,,0,0,0,69.3,67.1,65.8,0.28,0.30,0.19
OPPE,2017-08-21 22:20:00 EDT,43.06260,-74.66544,1181,71.3,72.4,71.3,83.3,66.0,0.000,0.000,0.00,0.000,2.4,3.3,0.4,183,15,2.7,4.1,0.5,183,18,2.4,3.3,0.4,183,15,0,28.83,,0,0,0,69.3,67.1,65.8,0.28,0.30,0.19
OPPE,2017-08-21 22:25:00 EDT,43.06260,-74.66544,1181,71.3,71.9,71.3,82.5,65.7,0.000,0.000,0.00,0.000,3.1,4.9,0.8,191,12,3.4,6.2,1.0,191,11,3.1,4.9,0.8,191,12,0,28.83,,0,0,0,69.3,67.1,65.8,0.28,0.29,0.19
OPPE,2017-08-21 22:30:00 EDT,43.06260,-74.66544,1181,70.6,71.6,70.6,83.3,65.3,0.000,0.000,0.00,0.000,3.6,5.8,0.8,195,14,4.0,6.8,1.0,195,14,3.6,5.8,0.8,195,14,0,28.83,,0,0,0,69.3,67.1,65.8,0.28,0.29,0.19
OPPE,2017-08-21 22:35:00 EDT,43.06260,-74.66544,1181,70.5,71.6,70.5,83.6,65.3,0.000,0.000,0.00,0.000,4.1,6.1,0.9,205,12,4.5,6.7,1.1,203,11,4.1,6.1,0.9,205,12,0,28.83,,0,0,0,69.3,67.1,65.8,0.28,0.30,0.19
OPPE,2017-08-21 22:40:00 EDT,43.06260,-74.66544,1181,70.2,71.0,70.2,83.9,65.1,0.000,0.000,0.00,0.000,3.7,5.3,0.6,216,9,3.8,5.5,0.7,215,8,3.7,5.3,0.6,216,9,0,28.83,,0,0,0,69.3,67.1,65.8,0.28,0.29,0.19
OPPE,2017-08-21 22:45:00 EDT,43.06260,-74.66544,1181,70.2,71.0,70.2,84.1,65.1,0.000,0.000,0.00,0.000,3.4,4.7,0.5,225,9,3.5,5.0,0.6,224,8,3.4,4.7,0.5,225,9,0,28.83,,0,0,0,69.3,67.1,65.8,0.28,0.29,0.19
OPPE,2017-08-21 22:50:00 EDT,43.06260,-74.66544,1181,70.2,71.5,70.2,83.2,64.9,0.000,0.000,0.00,0.000,3.0,5.0,0.7,236,11,3.2,5.7,0.9,235,9,3.0,5.0,0.7,236,11,0,28.83,,0,0,0,69.2,67.1,65.8,0.28,0.30,0.19
OPPE,2017-08-21 22:55:00 EDT,43.06260,-74.66544,1181,70.2,71.7,70.2,82.5,64.6,0.000,0.000,0.00,0.000,2.3,3.8,0.7,242,14,2.6,4.5,0.8,241,14,2.3,3.8,0.7,242,14,0,28.83,,0,0,0,69.2,67.1,65.8,0.28,0.29,0.19
OPPE,2017-08-21 23:00:00 EDT,43.06260,-74.66544,1181,70.1,71.8,70.1,82.6,64.5,0.000,0.000,0.00,0.000,1.9,5.6,1.1,240,24,2.2,6.5,1.3,241,21,1.9,5.6,1.1,240,24,0,28.83,,0,0,0,69.0,67.1,65.8,0.28,0.29,0.19
OPPE,2017-08-21 23:05:00 EDT,43.06260,-74.66544,1181,70.4,71.9,70.4,82.3,64.8,0.000,0.000,0.00,0.000,1.9,4.2,0.9,248,11,2.2,5.5,1.0,247,11,1.9,4.2,0.9,248,11,0,28.83,,0,0,0,68.9,67.1,65.8,0.28,0.29,0.19
OPPE,2017-08-21 23:10:00 EDT,43.06260,-74.66544,1181,69.6,71.7,69.6,83.6,64.4,0.000,0.000,0.00,0.000,1.5,3.7,0.6,254,18,1.8,4.7,0.7,252,19,1.5,3.7,0.6,254,18,0,28.83,,0,0,0,68.9,67.1,65.8,0.28,0.29,0.19
OPPE,2017-08-21 23:15:00 EDT,43.06260,-74.66544,1181,69.6,71.7,69.6,84.2,64.6,0.000,0.000,0.00,0.000,1.6,2.6,0.4,245,10,1.8,3.0,0.5,243,11,1.6,2.6,0.4,245,10,0,28.83,,0,0,0,68.9,67.1,65.8,0.28,0.29,0.19
OPPE,2017-08-21 23:20:00 EDT,43.06260,-74.66544,1181,69.9,71.5,69.9,84.6,65.0,0.000,0.000,0.00,0.000,1.5,2.3,0.3,238,10,1.7,2.4,0.3,238,11,1.5,2.3,0.3,238,10,0,28.83,,0,0,0,68.9,67.1,65.8,0.28,0.30,0.19
OPPE,2017-08-21 23:25:00 EDT,43.06260,-74.66544,1181,70.1,71.5,70.1,84.1,65.1,0.000,0.000,0.00,0.000,1.9,2.8,0.4,251,12,2.1,3.8,0.6,249,12,1.9,2.8,0.4,251,12,0,28.83,,0,0,0,68.9,67.1,65.8,0.28,0.29,0.19
OPPE,2017-08-21 23:30:00 EDT,43.06260,-74.66544,1181,69.8,71.5,69.8,83.8,64.7,0.000,0.000,0.00,0.000,1.8,3.4,0.7,261,21,2.1,3.9,0.8,263,20,1.8,3.4,0.7,261,21,0,28.83,,0,0,0,68.9,67.1,65.8,0.28,0.29,0.19
OPPE,2017-08-21 23:35:00 EDT,43.06260,-74.66544,1181,68.6,71.5,68.6,84.9,63.9,0.000,0.000,0.00,0.000,2.0,4.7,0.8,257,24,2.5,5.6,0.9,254,24,2.0,4.7,0.8,257,24,0,28.82,,0,0,0,68.9,67.1,65.8,0.28,0.29,0.19
OPPE,2017-08-21 23:40:00 EDT,43.06260,-74.66544,1181,69.3,71.4,69.3,84.7,64.5,0.000,0.000,0.00,0.000,2.4,6.1,1.2,255,23,2.8,7.4,1.4,256,23,2.4,6.1,1.2,255,23,0,28.82,,0,0,0,68.9,67.1,65.8,0.28,0.30,0.19
OPPE,2017-08-21 23:45:00 EDT,43.06260,-74.66544,1181,69.1,71.1,69.1,84.8,64.3,0.000,0.000,0.00,0.000,2.0,4.4,0.8,257,17,2.3,5.4,0.9,258,16,2.0,4.4,0.8,257,17,0,28.83,,0,0,0,68.9,67.1,65.8,0.28,0.29,0.19
OPPE,2017-08-21 23:50:00 EDT,43.06260,-74.66544,1181,70.2,71.3,70.2,83.1,64.8,0.000,0.000,0.00,0.000,2.8,5.0,0.8,258,13,3.2,6.6,0.9,258,14,2.8,5.0,0.8,258,13,0,28.82,,0,0,0,68.9,67.1,65.8,0.28,0.29,0.19
OPPE,2017-08-21 23:55:00 EDT,43.06260,-74.66544,1181,70.1,71.2,70.1,81.5,64.1,0.000,0.000,0.00,0.000,3.1,5.2,0.9,257,13,3.6,6.7,1.1,254,12,3.1,5.2,0.9,257,13,0,28.82,,0,0,0,68.9,67.1,65.8,0.28,0.29,0.19
OSCE,2017-08-21 00:00:00 EDT,43.49915,-75.71175,1093,58.0,58.2,58.0,98.2,57.5,0.000,0.155,0.00,0.000,2.1,3.3,0.5,89,17,2.4,4.0,0.7,91,15,2.1,3.3,0.5,89,17,0,28.99,,0,0,0,69.6,69.3,67.8,0.19,0.29,0.18
OSCE,2017-08-21 00:05:00 EDT,43.49915,-75.71175,1093,57.8,58.1,57.8,98.0,57.3,0.000,0.000,0.00,0.000,1.2,2.7,0.5,111,15,1.3,3.1,0.6,114,17,1.2,2.7,0.5,111,15,0,28.99,,0,0,0,69.6,69.3,67.8,0.19,0.29,0.18
OSCE,2017-08-21 00:10:00 EDT,43.49915,-75.71175,1093,57.6,57.9,57.6,97.8,56.9,0.000,0.000,0.00,0.000,1.5,2.3,0.4,110,13,1.6,2.8,0.5,114,13,1.5,2.3,0.4,110,13,0,28.99,,0,0,0,69.6,69.3,67.8,0.19,0.29,0.18
OSCE,2017-08-21 00:15:00 EDT,43.49915,-75.71175,1093,57.3,57.8,57.3,97.6,56.7,0.000,0.000,0.00,0.000,1.4,2.1,0.3,94,12,1.7,3.3,0.5,96,13,1.4,2.1,0.3,94,12,0,29.00,,0,0,0,69.6,69.3,67.8,0.19,0.29,0.18
OSCE,2017-08-21 00:20:00 EDT,43.49915,-75.71175,1093,57.3,57.7,57.3,97.7,56.7,0.000,0.000,0.00,0.000,1.7,3.1,0.6,97,12,2.0,3.7,0.6,99,10,1.7,3.1,0.6,97,12,0,29.00,,0,0,0,69.6,69.3,67.8,0.19,0.29,0.18
OSCE,2017-08-21 00:25:00 EDT,43.49915,-75.71175,1093,57.3,57.7,57.3,97.7,56.7,0.000,0.000,0.00,0.000,1.5,2.6,0.5,94,12,1.9,3.1,0.6,96,11,1.5,2.6,0.5,94,12,0,29.00,,0,0,0,69.6,69.3,67.8,0.19,0.29,0.18
OSCE,2017-08-21 00:30:00 EDT,43.49915,-75.71175,1093,57.2,57.6,57.2,97.7,56.6,0.000,0.000,0.00,0.000,1.6,2.3,0.6,100,10,2.0,3.5,0.6,100,9,1.6,2.3,0.6,100,10,0,29.00,,0,0,0,69.5,69.3,67.8,0.19,0.29,0.18
OSCE,2017-08-21 00:35:00 EDT,43.49915,-75.71175,1093,57.2,57.5,57.2,97.7,56.5,0.000,0.000,0.00,0.000,1.4,3.5,0.7,106,17,2.1,4.2,0.9,103,14,1.4,3.5,0.7,106,17,0,29.00,,0,0,0,69.3,69.3,67.8,0.19,0.29,0.18
OSCE,2017-08-21 00:40:00 EDT,43.49915,-75.71175,1093,57.1,57.4,57.1,97.8,56.5,0.000,0.000,0.00,0.000,1.6,3.0,0.7,97,16,2.2,4.1,0.9,97,14,1.6,3.0,0.7,97,16,0,28.99,,0,0,0,69.3,69.3,67.8,0.19,0.29,0.18
OSCE,2017-08-21 00:45:00 EDT,43.49915,-75.71175,1093,57.2,57.4,57.2,97.8,56.5,0.000,0.000,0.00,0.000,1.5,3.4,0.7,101,20,2.3,4.6,0.8,100,14,1.5,3.4,0.7,101,20,0,29.00,,0,0,0,69.3,69.3,67.8,0.19,0.29,0.18
OSCE,2017-08-21 00:50:00 EDT,43.49915,-75.71175,1093,57.2,57.5,57.2,97.8,56.6,0.000,0.000,0.00,0.000,1.2,2.3,0.5,74,19,1.8,3.5,0.7,78,15,1.2,2.3,0.5,74,19,0,29.00,,0,0,0,69.3,69.3,67.8,0.19,0.29,0.18
OSCE,2017-08-21 00:55:00 EDT,43.49915,-75.71175,1093,57.2,57.6,57.2,97.8,56.6,0.000,0.000,0.00,0.000,0.9,1.5,0.4,83,14,1.3,2.6,0.6,85,14,0.9,1.5,0.4,83,14,0,29.00,,0,0,0,69.3,69.3,67.8,0.19,0.29,0.18
OSCE,2017-08-21 01:00:00 EDT,43.49915,-75.71175,1093,57.0,57.5,57.0,97.6,56.3,0.000,0.000,0.00,0.000,1.4,2.5,0.5,80,17,2.0,3.7,0.7,82,14,1.4,2.5,0.5,80,17,0,29.00,,0,0,0,69.3,69.3,67.8,0.19,0.29,0.18
OSCE,2017-08-21 01:05:00 EDT,43.49915,-75.71175,1093,56.9,57.3,56.9,97.7,56.2,0.000,0.000,0.00,0.000,1.8,3.4,0.5,92,16,3.0,4.5,0.7,91,11,1.8,3.4,0.5,92,16,0,29.00,,0,0,0,69.3,69.3,67.8,0.19,0.29,0.18
OSCE,2017-08-21 01:10:00 EDT,43.49915,-75.71175,1093,56.6,57.1,56.6,97.6,55.9,0.000,0.000,0.00,0.000,1.8,3.3,0.5,99,13,3.2,4.4,0.7,95,10,1.8,3.3,0.5,99,13,0,29.00,,0,0,0,69.3,69.3,67.8,0.19,0.29,0.18
OSCE,2017-08-21 01:15:00 EDT,43.49915,-75.71175,1093,56.8,57.3,56.8,97.8,56.1,0.000,0.000,0.00,0.000,0.8,2.4,0.7,74,16,2.2,4.2,0.9,79,11,0.8,2.4,0.7,74,16,0,29.00,,0,0,0,69.3,69.3,67.8,0.19,0.29,0.18
OSCE,2017-08-21 01:20:00 EDT,43.49915,-75.71175,1093,56.6,57.2,56.6,97.8,55.9,0.000,0.000,0.00,0.000,1.1,2.1,0.5,98,21,2.3,3.9,0.8,94,14,1.1,2.1,0.5,98,21,0,29.00,,0,0,0,69.3,69.3,67.8,0.19,0.29,0.18
OSCE,2017-08-21 01:25:00 EDT,43.49915,-75.71175,1093,56.3,56.9,56.3,97.6,55.6,0.000,0.000,0.00,0.000,0.9,1.6,0.3,93,12,2.2,3.7,0.8,87,11,0.9,1.6,0.3,93,12,0,29.00,,0,0,0,69.1,69.3,67.8,0.19,0.29,0.18
OSCE,2017-08-21 01:30:00 EDT,43.49915,-75.71175,1093,56.2,56.8,56.2,97.6,55.5,0.000,0.000,0.00,0.000,0.9,1.8,0.4,84,17,2.5,3.9,0.8,85,8,0.9,1.8,0.4,84,17,0,28.99,,0,0,0,68.9,69.3,67.8,0.19,0.29,0.18
OSCE,2017-08-21 01:35:00 EDT,43.49915,-75.71175,1093,56.1,56.9,56.1,97.8,55.5,0.000,0.000,0.00,0.000,1.0,1.9,0.5,86,25,2.3,3.8,0.9,85,14,1.0,1.9,0.5,86,25,0,29.00,,0,0,0,68.9,69.3,67.8,0.19,0.29,0.18
OSCE,2017-08-21 01:40:00 EDT,43.49915,-75.71175,1093,55.9,56.8,55.9,97.8,55.3,0.000,0.000,0.00,0.000,1.1,2.3,0.5,91,15,2.7,4.5,0.9,86,9,1.1,2.3,0.5,91,15,0,29.00,,0,0,0,68.9,69.3,67.8,0.19,0.29,0.18
OSCE,2017-08-21 01:45:00 EDT,43.49915,-75.71175,1093,56.2,56.7,56.2,98.1,55.6,0.000,0.000,0.00,0.000,1.6,2.8,0.5,87,14,3.5,5.1,0.8,84,9,1.6,2.8,0.5,87,14,0,28.99,,0,0,0,68.9,69.3,67.8,0.19,0.29,0.18
OSCE,2017-08-21 01:50:00 EDT,43.49915,-75.71175,1093,56.0,56.7,56.0,98.0,55.5,0.000,0.000,0.00,0.000,1.3,2.3,0.6,88,19,3.2,4.5,0.7,85,10,1.3,2.3,0.6,88,19,0,29.00,,0,0,0,68.9,69.3,67.8,0.19,0.29,0.18
OSCE,2017-08-21 01:55:00 EDT,43.49915,-75.71175,1093,55.8,56.6,55.8,98.0,55.3,0.000,0.000,0.00,0.000,1.1,2.2,0.6,95,11,3.0,4.3,0.7,88,9,1.1,2.2,0.6,95,11,0,29.00,,0,0,0,68.9,69.3,67.8,0.19,0.29,0.18
OSCE,2017-08-21 02:00:00 EDT,43.49915,-75.71175,1093,55.6,56.3,55.6,97.9,55.1,0.000,0.000,0.00,0.000,1.1,2.6,0.5,99,15,2.9,4.5,0.6,89,10,1.1,2.6,0.5,99,15,0,29.00,,0,0,0,68.9,69.3,67.8,0.19,0.29,0.18
OSCE,2017-08-21 02:05:00 EDT,43.49915,-75.71175,1093,55.6,56.3,55.6,97.9,55.0,0.000,0.000,0.00,0.000,1.3,2.3,0.4,84,14,3.4,4.7,0.5,84,7,1.3,2.3,0.4,84,14,0,29.00,,0,0,0,68.9,69.3,67.8,0.19,0.29,0.18
OSCE,2017-08-21 02:10:00 EDT,43.49915,-75.71175,1093,55.6,56.3,55.6,98.1,55.1,0.000,0.000,0.00,0.000,1.7,2.9,0.5,89,15,3.7,5.2,0.6,88,8,1.7,2.9,0.5,89,15,0,29.00,,0,0,0,68.9,69.2,67.8,0.19,0.29,0.18
OSCE,2017-08-21 02:15:00 EDT,43.49915,-75.71175,1093,55.6,56.3,55.6,98.2,55.1,0.000,0.000,0.00,0.000,1.4,2.0,0.3,92,13,3.3,4.4,0.5,88,7,1.4,2.0,0.3,92,13,0,29.00,,0,0,0,68.7,69.1,67.8,0.19,0.29,0.18
OSCE,2017-08-21 02:20:00 EDT,43.49915,-75.71175,1093,55.5,56.2,55.5,98.1,54.9,0.000,0.000,0.00,0.000,2.2,3.7,0.6,94,14,4.2,5.7,0.8,92,7,2.2,3.7,0.6,94,14,0,28.99,,0,0,0,68.6,69.0,67.8,0.19,0.29,0.18
OSCE,2017-08-21 02:25:00 EDT,43.49915,-75.71175,1093,55.6,56.2,55.6,98.2,55.1,0.000,0.000,0.00,0.000,1.6,2.9,0.5,98,16,3.5,5.3,0.6,93,9,1.6,2.9,0.5,98,16,0,28.99,,0,0,0,68.5,69.0,67.8,0.19,0.29,0.18
OSCE,2017-08-21 02:30:00 EDT,43.49915,-75.71175,1093,55.3,56.0,55.3,98.1,54.8,0.000,0.000,0.00,0.000,1.7,2.8,0.5,95,10,3.6,4.8,0.6,93,6,1.7,2.8,0.5,95,10,0,28.99,,0,0,0,68.5,68.9,67.8,0.19,0.29,0.18
OSCE,2017-08-21 02:35:00 EDT,43.49915,-75.71175,1093,55.6,56.2,55.6,98.3,55.1,0.000,0.000,0.00,0.000,1.5,3.7,0.9,78,18,3.6,6.4,1.0,84,8,1.5,3.7,0.9,78,18,0,28.99,,0,0,0,68.5,68.9,67.8,0.19,0.29,0.18
OSCE,2017-08-21 02:40:00 EDT,43.49915,-75.71175,1093,55.5,56.1,55.5,98.2,55.0,0.000,0.000,0.00,0.000,1.3,2.2,0.5,95,13,3.3,4.4,0.5,90,7,1.3,2.2,0.5,95,13,0,28.99,,0,0,0,68.5,68.9,67.8,0.19,0.29,0.18
OSCE,2017-08-21 02:45:00 EDT,43.49915,-75.71175,1093,55.3,56.0,55.3,98.1,54.8,0.000,0.000,0.00,0.000,1.4,2.3,0.4,88,16,3.4,4.7,0.6,89,8,1.4,2.3,0.4,88,16,0,28.99,,0,0,0,68.5,68.9,67.8,0.19,0.29,0.18
OSCE,2017-08-21 02:50:00 EDT,43.49915,-75.71175,1093,55.3,55.9,55.3,98.2,54.8,0.000,0.000,0.00,0.000,1.8,3.2,0.6,90,13,3.8,5.8,0.8,91,8,1.8,3.2,0.6,90,13,0,28.99,,0,0,0,68.5,68.9,67.8,0.19,0.29,0.18
OSCE,2017-08-21 02:55:00 EDT,43.49915,-75.71175,1093,55.3,55.8,55.3,98.2,54.8,0.000,0.000,0.00,0.000,1.6,3.7,0.6,113,18,3.3,6.0,0.9,102,9,1.6,3.7,0.6,113,18,0,28.99,,0,0,0,68.5,68.9,67.8,0.19,0.29,0.18
OSCE,2017-08-21 03:00:00 EDT,43.49915,-75.71175,1093,55.1,55.6,55.1,98.1,54.6,0.000,0.000,0.00,0.000,1.4,2.0,0.3,100,15,3.3,4.6,0.5,95,8,1.4,2.0,0.3,100,15,0,29.00,,0,0,0,68.5,68.9,67.8,0.19,0.29,0.18
OSCE,2017-08-21 03:05:00 EDT,43.49915,-75.71175,1093,55.0,55.7,55.0,98.2,54.5,0.000,0.000,0.00,0.000,2.0,3.5,0.6,95,14,4.0,5.9,0.8,93,8,2.0,3.5,0.6,95,14,0,29.00,,0,0,0,68.5,68.9,67.8,0.19,0.29,0.18
OSCE,2017-08-21 03:10:00 EDT,43.49915,-75.71175,1093,55.0,55.6,55.0,98.2,54.5,0.000,0.000,0.00,0.000,1.7,2.9,0.5,103,12,3.6,5.4,0.6,98,7,1.7,2.9,0.5,103,12,0,29.00,,0,0,0,68.5,68.9,67.8,0.19,0.29,0.18
OSCE,2017-08-21 03:15:00 EDT,43.49915,-75.71175,1093,54.9,55.5,54.9,98.2,54.4,0.000,0.000,0.00,0.000,2.0,4.2,0.6,98,13,3.9,6.0,0.6,96,8,2.0,4.2,0.6,98,13,0,29.00,,0,0,0,68.4,68.9,67.8,0.19,0.29,0.18
OSCE,2017-08-21 03:20:00 EDT,43.49915,-75.71175,1093,55.1,55.6,55.1,98.2,54.6,0.000,0.000,0.00,0.000,1.6,3.5,0.9,86,18,3.6,6.0,1.0,89,9,1.6,3.5,0.9,86,18,0,29.00,,0,0,0,68.2,68.9,67.8,0.19,0.29,0.18
OSCE,2017-08-21 03:25:00 EDT,43.49915,-75.71175,1093,54.9,55.4,54.9,98.2,54.4,0.000,0.000,0.00,0.000,1.0,2.0,0.5,83,15,3.1,4.5,0.6,87,8,1.0,2.0,0.5,83,15,0,29.00,,0,0,0,68.2,68.9,67.8,0.19,0.29,0.18
OSCE,2017-08-21 03:30:00 EDT,43.49915,-75.71175,1093,54.6,55.2,54.6,98.1,54.1,0.000,0.000,0.00,0.000,1.6,2.3,0.4,93,11,3.5,4.4,0.4,92,6,1.6,2.3,0.4,93,11,0,29.00,,0,0,0,68.2,68.9,67.8,0.19,0.29,0.18
OSCE,2017-08-21 03:35:00 EDT,43.49915,-75.71175,1093,54.4,55.0,54.4,98.0,53.9,0.000,0.000,0.00,0.000,1.1,2.0,0.5,99,14,3.0,4.2,0.5,95,7,1.1,2.0,0.5,99,14,0,29.00,,0,0,0,68.2,68.9,67.8,0.19,0.29,0.18
OSCE,2017-08-21 03:40:00 EDT,43.49915,-75.71175,1093,54.4,54.9,54.4,98.1,53.9,0.000,0.000,0.00,0.000,1.4,2.0,0.3,102,10,3.3,4.5,0.5,97,5,1.4,2.0,0.3,102,10,0,29.00,,0,0,0,68.2,68.9,67.8,0.19,0.29,0.18
OSCE,2017-08-21 03:45:00 EDT,43.49915,-75.71175,1093,54.2,54.7,54.2,98.0,53.7,0.000,0.000,0.00,0.000,1.2,2.6,0.5,98,12,3.0,4.4,0.6,95,5,1.2,2.6,0.5,98,12,0,29.00,,0,0,0,68.2,68.9,67.8,0.19,0.29,0.18
OSCE,2017-08-21 03:50:00 EDT,43.49915,-75.71175,1093,54.2,54.7,54.2,98.1,53.7,0.000,0.000,0.00,0.000,1.2,1.9,0.3,107,16,2.9,3.9,0.6,99,9,1.2,1.9,0.3,107,16,0,29.00,,0,0,0,68.2,68.9,67.8,0.19,0.29,0.18
OSCE,2017-08-21 03:55:00 EDT,43.49915,-75.71175,1093,54.2,54.6,54.2,98.1,53.7,0.000,0.000,0.00,0.000,1.4,2.3,0.4,100,13,3.2,4.4,0.5,96,7,1.4,2.3,0.4,100,13,0,29.00,,0,0,0,68.2,68.9,67.8,0.19,0.29,0.18
OSCE,2017-08-21 04:00:00 EDT,43.49915,-75.71175,1093,54.2,54.6,54.2,98.2,53.7,0.000,0.000,0.00,0.000,1.5,2.3,0.4,107,13,3.1,4.7,0.6,100,7,1.5,2.3,0.4,107,13,0,29.00,,0,0,0,68.2,68.9,67.8,0.19,0.29,0.18
OSCE,2017-08-21 04:05:00 EDT,43.49915,-75.71175,1093,54.0,54.4,54.0,98.2,53.5,0.000,0.000,0.00,0.000,1.7,2.3,0.3,114,12,2.8,4.1,0.6,105,9,1.7,2.3,0.3,114,12,0,29.00,,0,0,0,68.0,68.7,67.8,0.19,0.29,0.18
OSCE,2017-08-21 04:10:00 EDT,43.49915,-75.71175,1093,53.8,54.3,53.8,98.2,53.3,0.000,0.000,0.00,0.000,0.8,1.5,0.2,102,10,2.6,3.5,0.4,94,6,0.8,1.5,0.2,102,10,0,29.00,,0,0,0,67.8,68.7,67.8,0.19,0.29,0.18
OSCE,2017-08-21 04:15:00 EDT,43.49915,-75.71175,1093,53.7,54.3,53.7,98.1,53.2,0.000,0.000,0.00,0.000,1.2,2.6,0.5,100,8,3.0,4.6,0.6,95,5,1.2,2.6,0.5,100,8,0,29.00,,0,0,0,67.8,68.6,67.8,0.19,0.29,0.18
OSCE,2017-08-21 04:20:00 EDT,43.49915,-75.71175,1093,53.7,54.3,53.7,98.2,53.2,0.000,0.000,0.00,0.000,1.4,1.9,0.2,100,8,3.0,3.9,0.4,95,5,1.4,1.9,0.2,100,8,0,29.00,,0,0,0,67.8,68.6,67.8,0.19,0.29,0.18
OSCE,2017-08-21 04:25:00 EDT,43.49915,-75.71175,1093,53.7,54.2,53.7,98.3,53.2,0.000,0.000,0.00,0.000,1.2,1.8,0.3,91,12,2.9,4.0,0.4,91,7,1.2,1.8,0.3,91,12,0,29.01,,0,0,0,67.8,68.5,67.8,0.19,0.29,0.18
OSCE,2017-08-21 04:30:00 EDT,43.49915,-75.71175,1093,53.6,54.2,53.6,98.2,53.1,0.000,0.000,0.00,0.000,1.3,2.2,0.5,98,14,2.8,4.1,0.7,95,9,1.3,2.2,0.5,98,14,0,29.00,,0,0,0,67.8,68.5,67.8,0.19,0.29,0.18
OSCE,2017-08-21 04:35:00 EDT,43.49915,-75.71175,1093,53.8,54.4,53.8,98.3,53.3,0.000,0.000,0.00,0.000,1.7,2.8,0.4,95,13,3.3,4.5,0.5,93,7,1.7,2.8,0.4,95,13,0,29.00,,0,0,0,67.8,68.5,67.8,0.19,0.29,0.18
OSCE,2017-08-21 04:40:00 EDT,43.49915,-75.71175,1093,53.9,54.6,53.9,98.4,53.4,0.000,0.000,0.00,0.000,2.1,3.8,0.6,100,12,3.8,5.7,0.7,98,8,2.1,3.8,0.6,100,12,0,29.00,,0,0,0,67.8,68.5,67.8,0.19,0.29,0.18
OSCE,2017-08-21 04:45:00 EDT,43.49915,-75.71175,1093,53.9,54.5,53.9,98.5,53.5,0.000,0.000,0.00,0.000,1.3,2.4,0.5,91,15,3.1,4.8,0.6,90,7,1.3,2.4,0.5,91,15,0,29.00,,0,0,0,67.8,68.5,67.8,0.19,0.29,0.18
OSCE,2017-08-21 04:50:00 EDT,43.49915,-75.71175,1093,53.8,54.6,53.8,98.4,53.3,0.000,0.000,0.00,0.000,1.6,2.6,0.4,95,14,3.4,4.6,0.6,93,6,1.6,2.6,0.4,95,14,0,29.00,,0,0,0,67.8,68.5,67.8,0.19,0.29,0.18
OSCE,2017-08-21 04:55:00 EDT,43.49915,-75.71175,1093,54.1,54.8,54.1,98.5,53.7,0.000,0.000,0.00,0.000,1.9,3.8,0.7,89,15,3.8,5.6,0.7,91,8,1.9,3.8,0.7,89,15,0,29.00,,0,0,0,67.8,68.5,67.8,0.19,0.29,0.18
OSCE,2017-08-21 05:00:00 EDT,43.49915,-75.71175,1093,54.5,55.1,54.5,98.6,54.1,0.000,0.000,0.00,0.000,1.8,3.4,0.7,87,19,3.8,5.9,0.8,89,11,1.8,3.4,0.7,87,19,0,29.00,,0,0,0,67.8,68.5,67.8,0.19,0.29,0.17
OSCE,2017-08-21 05:05:00 EDT,43.49915,-75.71175,1093,54.5,55.1,54.5,98.6,54.1,0.000,0.000,0.00,0.000,1.9,3.3,0.6,103,15,3.7,5.3,0.7,99,10,1.9,3.3,0.6,103,15,0,29.00,,0,0,0,67.7,68.5,67.8,0.19,0.29,0.17
OSCE,2017-08-21 05:10:00 EDT,43.49915,-75.71175,1093,54.5,55.1,54.5,98.6,54.1,0.000,0.000,0.00,0.000,2.1,3.6,0.7,97,14,4.1,6.0,0.9,96,9,2.1,3.6,0.7,97,14,0,29.00,,0,0,0,67.5,68.5,67.8,0.19,0.29,0.17
OSCE,2017-08-21 05:15:00 EDT,43.49915,-75.71175,1093,54.8,55.2,54.8,98.6,54.4,0.000,0.000,0.00,0.000,3.0,5.1,0.8,96,15,4.9,7.8,0.9,98,9,3.0,5.1,0.8,96,15,0,29.00,,0,0,0,67.5,68.5,67.8,0.19,0.29,0.17
OSCE,2017-08-21 05:20:00 EDT,43.49915,-75.71175,1093,54.9,55.3,54.9,98.6,54.5,0.000,0.000,0.00,0.000,2.7,4.7,0.9,91,19,4.6,7.4,1.1,93,12,2.7,4.7,0.9,91,19,0,29.00,,0,0,0,67.5,68.5,67.8,0.19,0.29,0.17
OSCE,2017-08-21 05:25:00 EDT,43.49915,-75.71175,1093,54.9,55.3,54.9,98.5,54.5,0.000,0.000,0.00,0.000,2.7,3.9,0.7,96,14,4.5,6.2,0.9,97,7,2.7,3.9,0.7,96,14,0,29.00,,0,0,0,67.5,68.5,67.8,0.19,0.29,0.17
OSCE,2017-08-21 05:30:00 EDT,43.49915,-75.71175,1093,54.9,55.1,54.9,98.4,54.4,0.000,0.000,0.00,0.000,1.3,2.8,0.5,103,19,3.2,5.2,0.6,96,10,1.3,2.8,0.5,103,19,0,29.00,,0,0,0,67.5,68.5,67.8,0.19,0.29,0.17
OSCE,2017-08-21 05:35:00 EDT,43.49915,-75.71175,1093,54.7,55.2,54.7,98.3,54.2,0.000,0.000,0.00,0.000,1.9,3.9,0.7,80,18,4.0,6.6,0.8,86,9,1.9,3.9,0.7,80,18,0,29.00,,0,0,0,67.5,68.5,67.8,0.19,0.29,0.17
OSCE,2017-08-21 05:40:00 EDT,43.49915,-75.71175,1093,54.8,55.2,54.8,98.3,54.3,0.000,0.000,0.00,0.000,1.9,3.2,0.7,93,19,3.9,5.4,0.9,94,10,1.9,3.2,0.7,93,19,0,29.00,,0,0,0,67.5,68.5,67.8,0.19,0.29,0.17
OSCE,2017-08-21 05:45:00 EDT,43.49915,-75.71175,1093,55.0,55.3,55.0,98.4,54.6,0.000,0.000,0.00,0.000,1.4,2.8,0.6,89,18,3.4,4.8,0.6,89,9,1.4,2.8,0.6,89,18,0,29.00,,0,0,0,67.5,68.5,67.8,0.19,0.29,0.17
OSCE,2017-08-21 05:50:00 EDT,43.49915,-75.71175,1093,55.2,55.4,55.2,98.4,54.7,0.000,0.000,0.00,0.000,1.6,2.6,0.4,82,21,3.6,5.2,0.6,87,11,1.6,2.6,0.4,82,21,0,29.00,,0,0,0,67.5,68.5,67.8,0.19,0.29,0.17
OSCE,2017-08-21 05:55:00 EDT,43.49915,-75.71175,1093,55.2,55.6,55.2,98.4,54.7,0.000,0.000,0.00,0.000,2.0,3.3,0.7,81,18,4.2,6.0,0.8,86,9,2.0,3.3,0.7,81,18,0,29.00,,0,0,0,67.5,68.5,67.8,0.19,0.29,0.17
OSCE,2017-08-21 06:00:00 EDT,43.49915,-75.71175,1093,55.3,55.7,55.3,98.4,54.9,0.000,0.000,0.00,0.000,2.2,4.1,0.7,86,16,4.3,6.1,0.8,90,9,2.2,4.1,0.7,86,16,0,29.00,,0,0,0,67.3,68.5,67.8,0.19,0.29,0.17
OSCE,2017-08-21 06:05:00 EDT,43.49915,-75.71175,1093,55.4,55.7,55.4,98.3,55.0,0.000,0.000,0.00,0.000,2.5,4.2,0.8,86,18,4.6,6.4,0.9,90,10,2.5,4.2,0.8,86,18,1,29.00,,0,0,0,67.2,68.5,67.8,0.19,0.29,0.17
OSCE,2017-08-21 06:10:00 EDT,43.49915,-75.71175,1093,55.5,55.8,55.5,98.2,55.0,0.000,0.000,0.00,0.000,1.9,4.2,1.0,90,19,3.8,6.4,1.1,91,11,1.9,4.2,1.0,90,19,2,29.01,,0,0,0,67.2,68.5,67.8,0.19,0.29,0.17
OSCE,2017-08-21 06:15:00 EDT,43.49915,-75.71175,1093,55.5,55.8,55.5,98.1,54.9,0.000,0.000,0.00,0.000,1.8,3.4,0.6,81,19,3.9,6.2,0.8,87,11,1.8,3.4,0.6,81,19,2,29.01,,0,0,0,67.1,68.5,67.8,0.19,0.29,0.17
OSCE,2017-08-21 06:20:00 EDT,43.49915,-75.71175,1093,55.4,55.9,55.4,98.0,54.9,0.000,0.000,0.00,0.000,2.4,4.2,0.7,92,20,4.5,6.4,0.8,93,12,2.4,4.2,0.7,92,20,2,29.01,,0,0,0,67.1,68.3,67.8,0.19,0.29,0.17
OSCE,2017-08-21 06:25:00 EDT,43.49915,-75.71175,1093,55.4,55.8,55.4,98.0,54.9,0.000,0.000,0.00,0.000,2.5,4.7,1.0,97,14,4.5,7.5,1.1,96,8,2.5,4.7,1.0,97,14,3,29.01,,0,0,0,67.1,68.3,67.8,0.19,0.29,0.17
OSCE,2017-08-21 06:30:00 EDT,43.49915,-75.71175,1093,55.3,55.7,55.3,98.0,54.8,0.000,0.000,0.00,0.000,2.6,4.0,0.6,94,13,4.7,6.5,0.8,94,8,2.6,4.0,0.6,94,13,6,29.01,,0,0,0,67.1,68.2,67.8,0.19,0.29,0.17
OSCE,2017-08-21 06:35:00 EDT,43.49915,-75.71175,1093,55.1,55.5,55.1,97.8,54.5,0.000,0.000,0.00,0.000,2.0,3.4,0.6,102,14,4.0,5.9,0.7,99,7,2.0,3.4,0.6,102,14,11,29.01,,0,0,0,67.1,68.2,67.8,0.19,0.29,0.18
OSCE,2017-08-21 06:40:00 EDT,43.49915,-75.71175,1093,54.8,55.2,54.8,97.6,54.1,0.000,0.000,0.00,0.000,1.5,2.5,0.4,96,16,3.4,4.8,0.5,93,7,1.5,2.5,0.4,96,16,15,29.01,,0,0,0,67.1,68.2,67.8,0.19,0.29,0.18
OSCE,2017-08-21 06:45:00 EDT,43.49915,-75.71175,1093,54.8,55.3,54.8,97.7,54.2,0.000,0.000,0.00,0.000,2.2,3.6,0.6,91,13,4.3,6.2,0.7,93,7,2.2,3.6,0.6,91,13,20,29.01,,0,0,0,67.1,68.2,67.8,0.19,0.29,0.18
OSCE,2017-08-21 06:50:00 EDT,43.49915,-75.71175,1093,55.0,55.4,55.0,98.0,54.5,0.000,0.000,0.00,0.000,3.2,4.8,0.6,97,14,5.1,6.7,0.7,98,8,3.2,4.8,0.6,97,14,28,29.01,,0,0,0,67.1,68.2,67.8,0.19,0.29,0.18
OSCE,2017-08-21 06:55:00 EDT,43.49915,-75.71175,1093,55.4,55.6,55.4,98.1,54.8,0.000,0.000,0.00,0.000,2.7,4.5,1.0,103,15,4.6,6.8,1.3,101,10,2.7,4.5,1.0,103,15,37,29.01,,0,0,0,67.1,68.2,67.8,0.19,0.29,0.18
OSCE,2017-08-21 07:00:00 EDT,43.49915,-75.71175,1093,55.5,55.6,55.5,98.0,55.0,0.000,0.000,0.00,0.000,2.2,3.8,0.7,103,13,4.1,6.1,0.8,99,9,2.2,3.8,0.7,103,13,50,29.01,,0,0,0,67.1,68.2,67.8,0.19,0.29,0.18
OSCE,2017-08-21 07:05:00 EDT,43.49915,-75.71175,1093,55.7,55.8,55.7,97.9,55.1,0.000,0.000,0.00,0.000,2.3,3.4,0.6,93,17,4.4,6.1,0.7,94,9,2.3,3.4,0.6,93,17,59,29.01,,0,0,0,67.1,68.2,67.8,0.19,0.29,0.18
OSCE,2017-08-21 07:10:00 EDT,43.49915,-75.71175,1093,56.0,56.1,56.0,97.9,55.4,0.000,0.000,0.00,0.000,1.9,4.2,0.9,97,27,4.0,6.8,1.1,94,16,1.9,4.2,0.9,97,27,61,29.00,,0,0,0,67.1,68.2,67.8,0.19,0.29,0.18
OSCE,2017-08-21 07:15:00 EDT,43.49915,-75.71175,1093,56.2,56.3,56.2,97.8,55.6,0.000,0.000,0.00,0.000,2.0,3.4,0.7,116,25,3.7,5.5,1.0,105,16,2.0,3.4,0.7,116,25,59,29.00,,0,0,0,67.1,68.2,67.8,0.19,0.29,0.18
OSCE,2017-08-21 07:20:00 EDT,43.49915,-75.71175,1093,56.5,56.7,56.5,97.6,55.8,0.000,0.000,0.00,0.000,2.1,3.1,0.6,93,16,4.1,5.5,0.7,87,11,2.1,3.1,0.6,93,16,59,29.00,,0,0,0,67.1,68.2,67.8,0.19,0.29,0.18
OSCE,2017-08-21 07:25:00 EDT,43.49915,-75.71175,1093,56.9,57.2,56.9,97.6,56.2,0.000,0.000,0.00,0.000,3.0,4.7,0.8,96,14,4.9,7.6,1.0,94,12,3.0,4.7,0.8,96,14,59,29.00,,0,0,0,66.9,68.2,67.8,0.19,0.29,0.18
OSCE,2017-08-21 07:30:00 EDT,43.49915,-75.71175,1093,57.2,57.5,57.2,97.3,56.5,0.000,0.000,0.00,0.000,2.5,4.2,0.8,109,21,3.8,6.1,1.1,101,15,2.5,4.2,0.8,109,21,55,29.00,,0,0,0,66.8,68.2,67.8,0.19,0.29,0.18
OSCE,2017-08-21 07:35:00 EDT,43.49915,-75.71175,1093,57.5,57.8,57.5,97.0,56.7,0.000,0.000,0.00,0.000,1.8,3.4,0.8,92,18,2.4,4.6,1.2,91,15,1.8,3.4,0.8,92,18,93,29.01,,0,0,0,66.8,68.2,67.8,0.19,0.29,0.18
OSCE,2017-08-21 07:40:00 EDT,43.49915,-75.71175,1093,58.0,58.3,58.0,97.1,57.1,0.000,0.000,0.00,0.000,1.4,2.5,0.5,90,21,1.8,3.4,0.6,91,18,1.4,2.5,0.5,90,21,178,29.01,,0,0,0,66.7,68.2,67.7,0.19,0.29,0.18
OSCE,2017-08-21 07:45:00 EDT,43.49915,-75.71175,1093,58.4,58.8,58.4,97.0,57.5,0.000,0.000,0.00,0.000,1.5,3.1,0.5,84,22,1.8,4.0,0.6,88,18,1.5,3.1,0.5,84,22,177,29.01,,0,0,0,66.7,68.1,67.7,0.19,0.29,0.18
OSCE,2017-08-21 07:50:00 EDT,43.49915,-75.71175,1093,59.1,59.5,59.1,96.4,58.0,0.000,0.000,0.00,0.000,2.5,4.8,0.8,96,20,2.9,6.1,1.0,99,18,2.5,4.8,0.8,96,20,190,29.01,,0,0,0,66.7,68.1,67.7,0.19,0.29,0.18
OSCE,2017-08-21 07:55:00 EDT,43.49915,-75.71175,1093,60.0,60.1,60.0,94.9,58.5,0.000,0.000,0.00,0.000,2.9,4.9,1.1,111,16,3.2,5.7,1.2,114,15,2.9,4.9,1.1,111,16,144,29.00,,0,0,0,66.7,67.9,67.7,0.19,0.29,0.18
OSCE,2017-08-21 08:00:00 EDT,43.49915,-75.71175,1093,60.1,60.3,60.1,94.0,58.4,0.000,0.000,0.00,0.000,1.9,3.5,0.6,120,18,2.1,4.0,0.6,126,17,1.9,3.5,0.6,120,18,152,29.00,,0,0,0,66.7,67.9,67.6,0.19,0.29,0.18
OSCE,2017-08-21 08:05:00 EDT,43.49915,-75.71175,1093,60.6,60.7,60.6,94.2,58.9,0.000,0.000,0.00,0.000,1.6,3.1,0.6,109,16,1.7,4.0,0.7,112,18,1.6,3.1,0.6,109,16,217,29.00,,0,0,0,66.7,67.8,67.6,0.19,0.29,0.18
OSCE,2017-08-21 08:10:00 EDT,43.49915,-75.71175,1093,61.5,61.4,61.5,93.1,59.5,0.000,0.000,0.00,0.000,1.8,3.2,0.7,103,15,2.0,3.8,0.8,107,16,1.8,3.2,0.7,103,15,256,29.00,,0,0,0,66.7,67.8,67.7,0.19,0.29,0.18
OSCE,2017-08-21 08:15:00 EDT,43.49915,-75.71175,1093,62.2,62.2,62.2,92.0,59.8,0.000,0.000,0.00,0.000,1.5,2.3,0.5,103,17,1.7,2.8,0.5,107,16,1.5,2.3,0.5,103,17,231,29.01,,0,0,0,66.7,67.8,67.6,0.19,0.29,0.18
OSCE,2017-08-21 08:20:00 EDT,43.49915,-75.71175,1093,63.2,62.9,63.2,91.3,60.6,0.000,0.000,0.00,0.000,2.7,5.1,0.8,106,12,2.8,6.0,1.0,109,13,2.7,5.1,0.8,106,12,203,29.01,,0,0,0,66.7,67.8,67.5,0.19,0.29,0.18
OSCE,2017-08-21 08:25:00 EDT,43.49915,-75.71175,1093,62.4,63.0,62.4,90.0,59.5,0.000,0.000,0.00,0.000,1.6,3.5,0.7,107,10,1.8,4.4,0.8,109,12,1.6,3.5,0.7,107,10,126,29.01,,0,0,0,66.7,67.8,67.5,0.19,0.29,0.18
OSCE,2017-08-21 08:30:00 EDT,43.49915,-75.71175,1093,62.3,62.8,62.3,91.9,59.9,0.000,0.000,0.00,0.000,1.6,3.7,0.5,88,21,1.8,4.4,0.6,91,19,1.6,3.7,0.5,88,21,145,29.00,,0,0,0,66.7,67.8,67.5,0.19,0.29,0.18
OSCE,2017-08-21 08:35:00 EDT,43.49915,-75.71175,1093,63.5,64.0,63.5,93.3,61.5,0.000,0.000,0.00,0.000,2.2,4.3,0.9,83,25,2.6,6.2,1.2,87,21,2.2,4.3,0.9,83,25,221,29.00,,0,0,0,66.7,67.8,67.5,0.19,0.29,0.18
OSCE,2017-08-21 08:40:00 EDT,43.49915,-75.71175,1093,64.7,64.9,64.7,92.1,62.4,0.000,0.000,0.00,0.000,1.6,3.4,0.6,97,22,1.9,4.4,0.8,99,19,1.6,3.4,0.6,97,22,295,29.00,,0,0,0,66.7,67.8,67.5,0.19,0.29,0.18
OSCE,2017-08-21 08:45:00 EDT,43.49915,-75.71175,1093,64.8,65.6,64.8,90.2,61.8,0.000,0.000,0.00,0.000,1.9,4.3,0.8,95,21,2.3,5.6,1.1,94,21,1.9,4.3,0.8,95,21,313,29.00,,0,0,0,66.7,67.8,67.5,0.19,0.29,0.18
OSCE,2017-08-21 08:50:00 EDT,43.49915,-75.71175,1093,66.0,66.2,66.0,88.2,62.4,0.000,0.000,0.00,0.000,2.7,5.9,1.0,90,21,3.1,7.5,1.2,93,18,2.7,5.9,1.0,90,21,305,29.00,,0,0,0,66.7,67.8,67.5,0.19,0.29,0.18
OSCE,2017-08-21 08:55:00 EDT,43.49915,-75.71175,1093,66.8,66.8,66.8,87.3,62.9,0.000,0.000,0.00,0.000,2.0,4.5,1.0,93,23,2.5,6.3,1.2,97,21,2.0,4.5,1.0,93,23,381,29.00,,0,0,0,66.7,67.8,67.5,0.19,0.29,0.17
OSCE,2017-08-21 09:00:00 EDT,43.49915,-75.71175,1093,67.4,67.3,67.4,85.0,62.7,0.000,0.000,0.00,0.000,2.4,4.0,0.8,96,21,2.6,5.0,1.0,100,20,2.4,4.0,0.8,96,21,162,29.00,,0,0,0,66.7,67.8,67.5,0.19,0.29,0.17
OSCE,2017-08-21 09:05:00 EDT,43.49915,-75.71175,1093,67.1,67.0,67.1,84.8,62.3,0.000,0.000,0.00,0.000,2.3,3.6,0.8,91,18,2.7,4.7,0.9,94,16,2.3,3.6,0.8,91,18,238,29.00,,0,0,0,66.7,67.8,67.5,0.19,0.29,0.17
OSCE,2017-08-21 09:10:00 EDT,43.49915,-75.71175,1093,67.9,67.7,67.9,86.1,63.5,0.000,0.000,0.00,0.000,2.1,3.9,0.7,85,22,2.5,4.6,0.9,89,19,2.1,3.9,0.7,85,22,377,29.00,,0,0,0,66.7,67.8,67.5,0.19,0.29,0.17
OSCE,2017-08-21 09:15:00 EDT,43.49915,-75.71175,1093,68.8,68.7,68.8,83.5,63.6,0.000,0.000,0.00,0.000,2.0,5.1,1.1,106,26,2.4,5.7,1.1,108,27,2.0,5.1,1.1,106,26,410,29.00,,0,0,0,66.7,67.8,67.5,0.19,0.29,0.17
OSCE,2017-08-21 09:20:00 EDT,43.49915,-75.71175,1093,69.8,69.4,69.8,79.8,63.3,0.000,0.000,0.00,0.000,2.0,4.2,1.1,91,24,2.5,6.1,1.3,93,19,2.0,4.2,1.1,91,24,420,29.00,,0,0,0,66.7,67.8,67.5,0.19,0.29,0.17
OSCE,2017-08-21 09:25:00 EDT,43.49915,-75.71175,1093,70.7,69.9,70.7,78.4,63.6,0.000,0.000,0.00,0.000,2.2,4.2,0.9,98,23,2.5,6.4,1.1,102,21,2.2,4.2,0.9,98,23,433,29.00,,0,0,0,66.7,67.8,67.5,0.19,0.29,0.17
OSCE,2017-08-21 09:30:00 EDT,43.49915,-75.71175,1093,71.3,70.4,71.3,76.1,63.4,0.000,0.000,0.00,0.000,1.9,4.1,0.9,85,24,2.2,4.3,0.9,87,25,1.9,4.1,0.9,85,24,448,29.00,,0,0,0,66.7,67.8,67.5,0.19,0.29,0.17
OSCE,2017-08-21 09:35:00 EDT,43.49915,-75.71175,1093,71.7,70.9,71.7,72.8,62.5,0.000,0.000,0.00,0.000,2.1,3.7,0.9,109,24,2.3,4.7,0.9,113,22,2.1,3.7,0.9,109,24,462,29.00,,0,0,0,66.7,67.8,67.5,0.19,0.29,0.17
OSCE,2017-08-21 09:40:00 EDT,43.49915,-75.71175,1093,71.9,71.3,71.9,71.7,62.3,0.000,0.000,0.00,0.000,1.8,3.7,0.7,65,24,2.1,3.8,0.7,72,22,1.8,3.7,0.7,65,24,474,29.00,,0,0,0,66.7,67.8,67.5,0.19,0.29,0.17
OSCE,2017-08-21 09:45:00 EDT,43.49915,-75.71175,1093,72.0,71.7,72.0,70.4,61.9,0.000,0.000,0.00,0.000,1.0,2.8,0.9,54,22,1.5,3.9,0.9,72,39,1.0,2.8,0.9,54,22,485,29.00,,0,0,0,66.7,67.8,67.5,0.19,0.29,0.17
OSCE,2017-08-21 09:50:00 EDT,43.49915,-75.71175,1093,72.9,72.5,72.9,69.8,62.4,0.000,0.000,0.00,0.000,1.2,4.7,1.1,226,28,1.7,5.6,1.2,231,25,1.2,4.7,1.1,226,28,497,29.00,,0,0,0,66.7,67.8,67.5,0.19,0.29,0.17
OSCE,2017-08-21 09:55:00 EDT,43.49915,-75.71175,1093,73.4,73.0,73.4,67.8,62.1,0.000,0.000,0.00,0.000,1.5,4.1,1.0,239,36,2.1,6.2,1.2,245,39,1.5,4.1,1.0,239,36,510,29.00,,0,0,0,66.7,67.8,67.5,0.19,0.29,0.17
OSCE,2017-08-21 10:00:00 EDT,43.49915,-75.71175,1093,73.8,73.1,73.8,65.6,61.6,0.000,0.000,0.00,0.000,1.0,4.6,0.9,222,47,1.7,5.4,1.1,232,51,1.0,4.6,0.9,222,47,524,29.00,,0,0,0,66.7,67.7,67.5,0.19,0.29,0.17
OSCE,2017-08-21 10:05:00 EDT,43.49915,-75.71175,1093,74.0,73.7,74.0,65.4,61.7,0.000,0.000,0.00,0.000,1.4,3.0,0.6,249,59,2.0,4.3,0.7,244,61,1.4,3.0,0.6,249,59,540,29.00,,0,0,0,66.7,67.6,67.5,0.19,0.29,0.17
OSCE,2017-08-21 10:10:00 EDT,43.49915,-75.71175,1093,74.2,73.7,74.2,65.6,61.9,0.000,0.000,0.00,0.000,1.7,3.9,0.9,238,46,2.1,3.7,0.8,238,51,1.7,3.9,0.9,238,46,553,29.00,,0,0,0,66.7,67.5,67.5,0.19,0.29,0.17
OSCE,2017-08-21 10:15:00 EDT,43.49915,-75.71175,1093,75.0,74.1,75.0,63.4,61.7,0.000,0.000,0.00,0.000,1.3,4.0,1.1,168,47,1.7,4.4,1.0,186,56,1.3,4.0,1.1,168,47,566,29.00,,0,0,0,66.8,67.5,67.5,0.19,0.29,0.17
OSCE,2017-08-21 10:20:00 EDT,43.49915,-75.71175,1093,75.0,74.2,75.0,62.1,61.2,0.000,0.000,0.00,0.000,2.2,5.1,1.1,206,47,2.4,5.2,1.1,205,50,2.2,5.1,1.1,206,47,578,29.00,,0,0,0,66.8,67.5,67.5,0.19,0.29,0.17
OSCE,2017-08-21 10:25:00 EDT,43.49915,-75.71175,1093,75.6,74.5,75.6,61.5,61.5,0.000,0.000,0.00,0.000,2.3,5.8,1.4,127,35,2.8,6.3,1.5,129,35,2.3,5.8,1.4,127,35,590,29.00,,0,0,0,67.0,67.5,67.5,0.19,0.29,0.17
OSCE,2017-08-21 10:30:00 EDT,43.49915,-75.71175,1093,75.7,74.7,75.7,61.6,61.6,0.000,0.000,0.00,0.000,2.0,4.7,1.2,197,42,2.4,5.7,1.3,216,52,2.0,4.7,1.2,197,42,601,29.00,,0,0,0,67.1,67.5,67.5,0.19,0.29,0.17
OSCE,2017-08-21 10:35:00 EDT,43.49915,-75.71175,1093,75.7,74.7,75.7,61.6,61.6,0.000,0.000,0.00,0.000,1.9,5.2,1.3,228,32,2.4,6.2,1.3,238,33,1.9,5.2,1.3,228,32,608,29.00,,0,0,0,67.1,67.5,67.5,0.19,0.29,0.17
OSCE,2017-08-21 10:40:00 EDT,43.49915,-75.71175,1093,75.9,75.0,75.9,60.4,61.2,0.000,0.000,0.00,0.000,1.8,8.2,1.9,226,46,2.2,8.3,1.9,231,47,1.8,8.2,1.9,226,46,618,28.99,,0,0,0,67.1,67.5,67.5,0.19,0.29,0.17
OSCE,2017-08-21 10:45:00 EDT,43.49915,-75.71175,1093,76.3,75.4,76.3,62.0,62.3,0.000,0.000,0.00,0.000,1.0,5.1,1.0,223,68,1.8,6.7,1.1,223,65,1.0,5.1,1.0,223,68,626,28.99,,0,0,0,67.1,67.5,67.5,0.19,0.29,0.17
OSCE,2017-08-21 10:50:00 EDT,43.49915,-75.71175,1093,76.2,75.5,76.2,61.3,61.9,0.000,0.000,0.00,0.000,2.0,6.3,1.5,228,25,2.7,9.1,1.7,235,26,2.0,6.3,1.5,228,25,634,28.99,,0,0,0,67.1,67.5,67.5,0.19,0.29,0.17
OSCE,2017-08-21 10:55:00 EDT,43.49915,-75.71175,1093,76.5,75.6,76.5,61.0,62.1,0.000,0.000,0.00,0.000,2.0,5.0,1.2,200,43,2.4,6.0,1.3,199,47,2.0,5.0,1.2,200,43,641,28.99,,0,0,0,67.1,67.5,67.5,0.19,0.29,0.17
OSCE,2017-08-21 11:00:00 EDT,43.49915,-75.71175,1093,77.2,76.0,77.2,59.6,62.1,0.000,0.000,0.00,0.000,1.9,5.5,1.2,210,51,2.3,6.6,1.2,218,55,1.9,5.5,1.2,210,51,647,28.99,,0,0,0,67.1,67.5,67.5,0.19,0.29,0.17
OSCE,2017-08-21 11:05:00 EDT,43.49915,-75.71175,1093,77.1,76.2,77.1,57.6,61.0,0.000,0.000,0.00,0.000,2.2,4.5,1.0,207,35,2.7,5.6,1.1,211,32,2.2,4.5,1.0,207,35,657,28.99,,0,0,0,67.2,67.5,67.5,0.19,0.29,0.17
OSCE,2017-08-21 11:10:00 EDT,43.49915,-75.71175,1093,77.6,76.5,77.6,58.0,61.7,0.000,0.000,0.00,0.000,1.4,3.4,1.0,233,54,1.8,5.0,1.0,252,54,1.4,3.4,1.0,233,54,668,28.98,,0,0,0,67.4,67.5,67.5,0.19,0.29,0.17
OSCE,2017-08-21 11:15:00 EDT,43.49915,-75.71175,1093,77.9,77.0,77.9,58.6,62.2,0.000,0.000,0.00,0.000,2.4,5.8,1.4,208,28,2.7,7.2,1.4,212,29,2.4,5.8,1.4,208,28,675,28.98,,0,0,0,67.5,67.5,67.5,0.19,0.29,0.17
OSCE,2017-08-21 11:20:00 EDT,43.49915,-75.71175,1093,77.8,76.5,77.8,54.9,60.3,0.000,0.000,0.00,0.000,2.2,6.1,1.5,172,44,2.7,7.5,1.7,175,48,2.2,6.1,1.5,172,44,685,28.98,,0,0,0,67.5,67.5,67.5,0.19,0.29,0.17
OSCE,2017-08-21 11:25:00 EDT,43.49915,-75.71175,1093,78.0,76.7,78.0,56.4,61.2,0.000,0.000,0.00,0.000,2.0,6.1,1.3,225,56,2.6,6.0,1.4,231,51,2.0,6.1,1.3,225,56,693,28.98,,0,0,0,67.5,67.5,67.5,0.19,0.29,0.17
OSCE,2017-08-21 11:30:00 EDT,43.49915,-75.71175,1093,77.4,76.5,77.4,54.9,60.0,0.000,0.000,0.00,0.000,1.8,6.4,1.4,181,32,2.3,8.6,1.6,184,37,1.8,6.4,1.4,181,32,701,28.98,,0,0,0,67.5,67.5,67.5,0.19,0.29,0.17
OSCE,2017-08-21 11:35:00 EDT,43.49915,-75.71175,1093,78.1,77.0,78.1,54.7,60.5,0.000,0.000,0.00,0.000,1.9,7.0,1.5,132,43,2.5,8.6,1.6,141,47,1.9,7.0,1.5,132,43,708,28.97,,0,0,0,67.6,67.5,67.5,0.19,0.29,0.17
OSCE,2017-08-21 11:40:00 EDT,43.49915,-75.71175,1093,78.3,77.1,78.3,55.7,61.1,0.000,0.000,0.00,0.000,1.9,5.4,1.1,112,66,2.5,7.5,1.5,124,62,1.9,5.4,1.1,112,66,713,28.97,,0,0,0,67.8,67.5,67.5,0.19,0.29,0.17
OSCE,2017-08-21 11:45:00 EDT,43.49915,-75.71175,1093,78.4,77.4,78.4,54.7,60.7,0.000,0.000,0.00,0.000,2.2,5.6,1.3,145,68,2.8,6.1,1.5,164,67,2.2,5.6,1.3,145,68,720,28.97,,0,0,0,67.8,67.5,67.4,0.19,0.29,0.17
OSCE,2017-08-21 11:50:00 EDT,43.49915,-75.71175,1093,78.8,77.5,78.8,53.9,60.7,0.000,0.000,0.00,0.000,3.7,8.4,1.6,139,49,4.4,8.7,1.8,142,51,3.7,8.4,1.6,139,49,725,28.97,,0,0,0,67.8,67.5,67.5,0.19,0.29,0.17
OSCE,2017-08-21 11:55:00 EDT,43.49915,-75.71175,1093,78.5,77.6,78.5,55.4,61.2,0.000,0.000,0.00,0.000,3.4,8.3,1.8,237,28,3.9,9.4,1.8,246,25,3.4,8.3,1.8,237,28,730,28.97,,0,0,0,67.8,67.5,67.5,0.19,0.29,0.17
OSCE,2017-08-21 12:00:00 EDT,43.49915,-75.71175,1093,78.6,77.8,78.6,55.3,61.2,0.000,0.000,0.00,0.000,2.9,6.4,1.5,241,27,3.4,6.3,1.5,242,32,2.9,6.4,1.5,241,27,736,28.97,,0,0,0,67.8,67.5,67.5,0.19,0.29,0.17
OSCE,2017-08-21 12:05:00 EDT,43.49915,-75.71175,1093,79.2,78.3,79.2,55.8,62.0,0.000,0.000,0.00,0.000,2.4,5.8,1.2,231,35,2.8,6.7,1.3,236,32,2.4,5.8,1.2,231,35,742,28.97,,0,0,0,68.1,67.5,67.4,0.19,0.29,0.17
OSCE,2017-08-21 12:10:00 EDT,43.49915,-75.71175,1093,79.2,78.4,79.2,55.4,61.9,0.000,0.000,0.00,0.000,2.3,7.0,1.9,231,30,3.0,8.8,2.0,241,36,2.3,7.0,1.9,231,30,751,28.97,,0,0,0,68.2,67.5,67.4,0.19,0.29,0.17
OSCE,2017-08-21 12:15:00 EDT,43.49915,-75.71175,1093,79.3,78.3,79.3,53.2,60.8,0.000,0.000,0.00,0.000,2.5,8.0,2.0,228,39,3.3,9.4,2.1,238,37,2.5,8.0,2.0,228,39,751,28.97,,0,0,0,68.2,67.5,67.4,0.19,0.29,0.17
OSCE,2017-08-21 12:20:00 EDT,43.49915,-75.71175,1093,79.8,78.8,79.8,54.5,62.0,0.000,0.000,0.00,0.000,3.2,8.6,2.3,238,29,3.8,10.0,2.5,246,28,3.2,8.6,2.3,238,29,755,28.97,,0,0,0,68.2,67.5,67.4,0.19,0.29,0.17
OSCE,2017-08-21 12:25:00 EDT,43.49915,-75.71175,1093,79.6,78.5,79.6,53.5,61.2,0.000,0.000,0.00,0.000,3.7,10.2,2.2,230,32,4.4,11.0,2.3,238,29,3.7,10.2,2.2,230,32,756,28.97,,0,0,0,68.2,67.5,67.3,0.19,0.29,0.17
OSCE,2017-08-21 12:30:00 EDT,43.49915,-75.71175,1093,79.4,78.5,79.4,54.4,61.6,0.000,0.000,0.00,0.000,2.5,8.8,1.8,228,45,3.3,11.6,1.9,245,43,2.5,8.8,1.8,228,45,754,28.97,,0,0,0,68.5,67.5,67.3,0.19,0.29,0.17
OSCE,2017-08-21 12:35:00 EDT,43.49915,-75.71175,1093,79.8,78.9,79.8,57.7,63.6,0.000,0.000,0.00,0.000,1.3,4.2,1.0,168,56,2.0,5.2,1.1,187,61,1.3,4.2,1.0,168,56,756,28.97,,0,0,0,68.5,67.5,67.2,0.18,0.29,0.17
OSCE,2017-08-21 12:40:00 EDT,43.49915,-75.71175,1093,79.6,78.5,79.6,54.6,61.8,0.000,0.000,0.00,0.000,3.5,8.9,2.2,200,49,4.4,10.6,2.6,202,48,3.5,8.9,2.2,200,49,760,28.97,,0,0,0,68.5,67.5,67.2,0.18,0.29,0.17
OSCE,2017-08-21 12:45:00 EDT,43.49915,-75.71175,1093,80.0,78.9,80.0,55.9,62.8,0.000,0.000,0.00,0.000,1.7,5.5,1.1,187,61,2.3,5.4,1.2,209,56,1.7,5.5,1.1,187,61,756,28.97,,0,0,0,68.5,67.5,67.1,0.19,0.29,0.18
OSCE,2017-08-21 12:50:00 EDT,43.49915,-75.71175,1093,79.2,78.5,79.2,56.2,62.3,0.000,0.000,0.00,0.000,3.1,8.0,1.9,239,36,3.7,9.4,2.1,243,34,3.1,8.0,1.9,239,36,753,28.97,,0,0,0,68.6,67.5,67.1,0.19,0.29,0.17
OSCE,2017-08-21 12:55:00 EDT,43.49915,-75.71175,1093,80.1,79.0,81.6,57.0,63.5,0.000,0.000,0.00,0.000,3.1,8.7,1.8,248,39,3.7,9.8,2.0,249,35,3.1,8.7,1.8,248,39,764,28.97,,0,0,0,68.7,67.5,67.1,0.19,0.29,0.17
OSCE,2017-08-21 13:00:00 EDT,43.49915,-75.71175,1093,79.6,78.8,79.6,52.4,60.6,0.000,0.000,0.00,0.000,2.8,6.8,1.6,260,43,3.4,8.5,1.7,264,45,2.8,6.8,1.6,260,43,762,28.97,,0,0,0,68.9,67.5,67.1,0.19,0.29,0.17
OSCE,2017-08-21 13:05:00 EDT,43.49915,-75.71175,1093,80.1,79.0,81.4,54.8,62.4,0.000,0.000,0.00,0.000,2.5,7.3,1.7,208,45,3.3,8.8,1.8,211,40,2.5,7.3,1.7,208,45,759,28.97,,0,0,0,68.9,67.5,67.1,0.19,0.29,0.17
OSCE,2017-08-21 13:10:00 EDT,43.49915,-75.71175,1093,79.9,79.0,79.9,53.5,61.5,0.000,0.000,0.00,0.000,2.9,6.6,1.5,238,30,3.4,7.1,1.7,244,29,2.9,6.6,1.5,238,30,758,28.97,,0,0,0,68.9,67.5,67.1,0.19,0.29,0.17
OSCE,2017-08-21 13:15:00 EDT,43.49915,-75.71175,1093,80.2,79.2,81.4,54.5,62.3,0.000,0.000,0.00,0.000,3.1,9.4,2.3,237,32,3.8,9.3,2.5,242,28,3.1,9.4,2.3,237,32,757,28.97,,0,0,0,69.0,67.5,67.1,0.18,0.29,0.17
OSCE,2017-08-21 13:20:00 EDT,43.49915,-75.71175,1093,80.4,79.5,81.5,53.2,61.8,0.000,0.000,0.00,0.000,3.2,6.6,1.7,253,34,3.8,7.9,2.0,264,31,3.2,6.6,1.7,253,34,755,28.96,,0,0,0,69.3,67.5,67.1,0.18,0.29,0.17
OSCE,2017-08-21 13:25:00 EDT,43.49915,-75.71175,1093,80.7,80.0,81.6,51.6,61.2,0.000,0.000,0.00,0.000,2.7,6.9,1.4,245,43,3.4,7.5,1.6,249,44,2.7,6.9,1.4,245,43,745,28.96,,0,0,0,69.3,67.5,67.1,0.18,0.29,0.17
OSCE,2017-08-21 13:30:00 EDT,43.49915,-75.71175,1093,80.9,80.2,81.7,50.8,61.0,0.000,0.000,0.00,0.000,2.7,9.0,1.7,219,31,3.4,9.5,1.8,227,32,2.7,9.0,1.7,219,31,721,28.97,,0,0,0,69.3,67.5,67.1,0.18,0.29,0.17
OSCE,2017-08-21 13:35:00 EDT,43.49915,-75.71175,1093,80.3,79.8,81.1,49.7,59.9,0.000,0.000,0.00,0.000,4.1,9.6,2.1,264,32,4.8,11.4,2.3,272,35,4.1,9.6,2.1,264,32,696,28.96,,0,0,0,69.3,67.5,67.1,0.19,0.29,0.17
OSCE,2017-08-21 13:40:00 EDT,43.49915,-75.71175,1093,80.3,79.8,81.3,51.8,61.0,0.000,0.000,0.00,0.000,1.5,3.7,0.9,219,37,2.0,4.8,1.0,227,35,1.5,3.7,0.9,219,37,661,28.96,,0,0,0,69.6,67.5,67.1,0.19,0.29,0.17
OSCE,2017-08-21 13:45:00 EDT,43.49915,-75.71175,1093,80.5,79.9,81.5,51.7,61.2,0.000,0.000,0.00,0.000,3.6,10.1,2.5,259,26,4.2,12.2,2.7,268,30,3.6,10.1,2.5,259,26,625,28.96,,0,0,0,69.6,67.5,67.1,0.19,0.29,0.17
OSCE,2017-08-21 13:50:00 EDT,43.49915,-75.71175,1093,80.1,79.6,81.0,51.3,60.5,0.000,0.000,0.00,0.000,2.8,7.0,2.1,261,27,3.4,9.0,2.3,265,31,2.8,7.0,2.1,261,27,579,28.96,,0,0,0,69.6,67.5,67.1,0.18,0.29,0.17
OSCE,2017-08-21 13:55:00 EDT,43.49915,-75.71175,1093,80.2,79.8,81.4,53.7,61.9,0.000,0.000,0.00,0.000,3.2,10.3,2.1,260,32,3.9,12.4,2.4,266,32,3.2,10.3,2.1,260,32,537,28.96,,0,0,0,69.6,67.5,67.1,0.18,0.29,0.17
OSCE,2017-08-21 14:00:00 EDT,43.49915,-75.71175,1093,79.7,79.3,79.7,53.2,61.2,0.000,0.000,0.00,0.000,4.1,13.2,2.8,248,27,4.9,17.4,3.3,260,28,4.1,13.2,2.8,248,27,482,28.96,,0,0,0,69.8,67.6,67.1,0.18,0.29,0.17
OSCE,2017-08-21 14:05:00 EDT,43.49915,-75.71175,1093,79.8,79.2,79.8,54.2,61.8,0.000,0.000,0.00,0.000,3.3,8.2,1.6,233,23,3.6,7.8,1.6,240,23,3.3,8.2,1.6,233,23,436,28.96,,0,0,0,70.0,67.7,67.1,0.18,0.29,0.17
OSCE,2017-08-21 14:10:00 EDT,43.49915,-75.71175,1093,79.4,79.1,79.4,53.9,61.3,0.000,0.000,0.00,0.000,2.2,4.4,0.8,250,23,2.5,4.9,1.0,259,20,2.2,4.4,0.8,250,23,391,28.95,,0,0,0,70.0,67.7,67.1,0.18,0.29,0.17
OSCE,2017-08-21 14:15:00 EDT,43.49915,-75.71175,1093,78.9,78.7,78.9,55.3,61.5,0.000,0.000,0.00,0.000,3.4,6.9,1.4,229,18,3.8,9.0,1.5,234,18,3.4,6.9,1.4,229,18,347,28.95,,0,0,0,70.0,67.8,67.1,0.18,0.29,0.17
OSCE,2017-08-21 14:20:00 EDT,43.49915,-75.71175,1093,78.6,78.4,78.6,57.0,62.1,0.000,0.000,0.00,0.000,2.2,6.0,1.0,230,22,2.6,6.5,1.0,239,23,2.2,6.0,1.0,230,22,304,28.95,,0,0,0,70.0,67.8,67.1,0.18,0.29,0.17
OSCE,2017-08-21 14:25:00 EDT,43.49915,-75.71175,1093,78.3,78.1,78.3,56.8,61.7,0.000,0.000,0.00,0.000,1.8,4.7,1.2,221,25,2.4,6.5,1.2,224,31,1.8,4.7,1.2,221,25,267,28.95,,0,0,0,70.3,67.8,67.1,0.18,0.29,0.17
OSCE,2017-08-21 14:30:00 EDT,43.49915,-75.71175,1093,78.0,78.0,78.0,59.1,62.6,0.000,0.000,0.00,0.000,0.9,3.4,1.0,237,29,1.4,4.3,1.1,248,30,0.9,3.4,1.0,237,29,238,28.94,,0,0,0,70.3,67.8,67.1,0.18,0.29,0.17
OSCE,2017-08-21 14:35:00 EDT,43.49915,-75.71175,1093,77.5,77.8,77.5,59.1,62.1,0.000,0.000,0.00,0.000,1.0,4.0,0.8,232,21,1.5,3.9,0.6,229,28,1.0,4.0,0.8,232,21,219,28.94,,0,0,0,70.3,67.8,67.1,0.18,0.29,0.17
OSCE,2017-08-21 14:40:00 EDT,43.49915,-75.71175,1093,76.9,77.1,76.9,64.2,63.9,0.000,0.000,0.00,0.000,0.9,5.3,1.4,232,25,1.5,5.8,1.5,235,31,0.9,5.3,1.4,232,25,210,28.94,,0,0,0,70.3,67.8,67.1,0.18,0.29,0.17
OSCE,2017-08-21 14:45:00 EDT,43.49915,-75.71175,1093,76.7,77.2,76.7,61.7,62.5,0.000,0.000,0.00,0.000,2.2,4.5,1.0,230,24,2.5,5.5,1.0,237,22,2.2,4.5,1.0,230,24,212,28.94,,0,0,0,70.6,67.8,67.1,0.18,0.29,0.17
OSCE,2017-08-21 14:50:00 EDT,43.49915,-75.71175,1093,76.9,77.3,76.9,61.0,62.4,0.000,0.000,0.00,0.000,2.6,5.3,1.1,232,20,2.8,6.1,1.2,237,19,2.6,5.3,1.1,232,20,226,28.94,,0,0,0,70.7,67.8,67.1,0.18,0.29,0.17
OSCE,2017-08-21 14:55:00 EDT,43.49915,-75.71175,1093,77.0,77.1,77.0,62.4,63.1,0.000,0.000,0.00,0.000,1.4,3.6,1.0,231,18,1.7,3.9,1.0,238,19,1.4,3.6,1.0,231,18,249,28.94,,0,0,0,70.7,67.8,67.1,0.19,0.29,0.17
OSCE,2017-08-21 15:00:00 EDT,43.49915,-75.71175,1093,77.1,77.2,77.1,63.9,63.9,0.000,0.000,0.00,0.000,1.0,3.1,0.9,227,17,1.2,3.3,0.8,234,26,1.0,3.1,0.9,227,17,279,28.94,,0,0,0,70.7,67.8,67.1,0.18,0.29,0.17
OSCE,2017-08-21 15:05:00 EDT,43.49915,-75.71175,1093,77.8,77.7,77.8,61.6,63.6,0.000,0.000,0.00,0.000,1.3,4.2,1.1,243,16,1.7,4.8,1.1,251,25,1.3,4.2,1.1,243,16,312,28.94,,0,0,0,70.7,67.8,67.1,0.18,0.29,0.17
OSCE,2017-08-21 15:10:00 EDT,43.49915,-75.71175,1093,78.0,77.8,78.0,60.8,63.4,0.000,0.000,0.00,0.000,1.7,3.9,1.3,235,17,2.0,5.9,1.3,240,16,1.7,3.9,1.3,235,17,347,28.94,,0,0,0,70.7,67.8,67.1,0.18,0.29,0.17
OSCE,2017-08-21 15:15:00 EDT,43.49915,-75.71175,1093,78.4,78.0,78.4,59.8,63.3,0.000,0.000,0.00,0.000,1.0,3.5,1.0,221,23,1.5,4.3,0.9,228,25,1.0,3.5,1.0,221,23,388,28.94,,0,0,0,70.7,67.8,67.1,0.18,0.29,0.17
OSCE,2017-08-21 15:20:00 EDT,43.49915,-75.71175,1093,78.8,78.5,78.8,58.4,63.0,0.000,0.000,0.00,0.000,1.4,4.2,1.3,239,27,1.8,5.1,1.2,238,33,1.4,4.2,1.3,239,27,441,28.94,,0,0,0,70.9,67.8,67.1,0.18,0.29,0.17
OSCE,2017-08-21 15:25:00 EDT,43.49915,-75.71175,1093,79.1,78.8,79.1,57.3,62.7,0.000,0.000,0.00,0.000,2.1,4.7,1.1,237,32,2.4,4.9,1.1,244,33,2.1,4.7,1.1,237,32,493,28.94,,0,0,0,71.1,67.8,67.1,0.18,0.29,0.17
OSCE,2017-08-21 15:30:00 EDT,43.49915,-75.71175,1093,79.7,79.2,79.7,57.9,63.6,0.000,0.000,0.00,0.000,1.8,5.5,1.6,233,19,2.2,5.3,1.5,237,28,1.8,5.5,1.6,233,19,508,28.94,,0,0,0,71.1,67.8,67.1,0.18,0.29,0.17
OSCE,2017-08-21 15:35:00 EDT,43.49915,-75.71175,1093,80.1,79.6,81.5,56.2,63.1,0.000,0.000,0.00,0.000,2.4,7.2,1.6,257,27,2.9,9.2,1.7,265,26,2.4,7.2,1.6,257,27,544,28.94,,0,0,0,71.1,67.9,67.1,0.18,0.29,0.17
OSCE,2017-08-21 15:40:00 EDT,43.49915,-75.71175,1093,80.3,79.6,81.6,54.9,62.6,0.000,0.000,0.00,0.000,2.3,5.6,1.5,240,32,2.9,6.5,1.5,245,32,2.3,5.6,1.5,240,32,448,28.94,,0,0,0,71.1,68.1,67.1,0.18,0.29,0.17
OSCE,2017-08-21 15:45:00 EDT,43.49915,-75.71175,1093,79.0,78.8,79.0,53.9,60.9,0.000,0.000,0.00,0.000,1.9,5.3,1.3,242,37,2.4,7.5,1.4,250,37,1.9,5.3,1.3,242,37,245,28.94,,0,0,0,71.1,68.2,67.1,0.18,0.29,0.17
OSCE,2017-08-21 15:50:00 EDT,43.49915,-75.71175,1093,79.1,78.7,79.1,57.4,62.8,0.000,0.000,0.00,0.000,1.2,3.9,1.0,235,35,1.8,4.3,0.9,246,35,1.2,3.9,1.0,235,35,544,28.94,,0,0,0,71.1,68.2,67.1,0.18,0.29,0.17
OSCE,2017-08-21 15:55:00 EDT,43.49915,-75.71175,1093,80.5,79.6,81.9,55.8,63.2,0.000,0.000,0.00,0.000,1.7,4.7,1.2,247,27,2.1,4.9,1.1,250,33,1.7,4.7,1.2,247,27,532,28.93,,0,0,0,71.1,68.2,67.1,0.18,0.29,0.17
OSCE,2017-08-21 16:00:00 EDT,43.49915,-75.71175,1093,79.9,79.4,79.9,53.2,61.3,0.000,0.000,0.00,0.000,2.5,5.8,1.4,225,18,3.0,6.1,1.3,232,18,2.5,5.8,1.4,225,18,503,28.93,,0,0,0,71.1,68.2,67.1,0.18,0.29,0.17
OSCE,2017-08-21 16:05:00 EDT,43.49915,-75.71175,1093,81.0,79.9,82.2,53.7,62.6,0.000,0.000,0.00,0.000,1.8,4.3,1.2,126,41,2.0,4.6,1.2,135,41,1.8,4.3,1.2,126,41,549,28.93,,0,0,0,71.3,68.2,67.1,0.18,0.29,0.17
OSCE,2017-08-21 16:10:00 EDT,43.49915,-75.71175,1093,80.7,79.9,81.8,53.6,62.3,0.000,0.000,0.00,0.000,1.8,4.6,1.2,277,41,2.4,5.7,1.2,280,45,1.8,4.6,1.2,277,41,538,28.93,,0,0,0,71.4,68.2,67.1,0.18,0.29,0.17
OSCE,2017-08-21 16:15:00 EDT,43.49915,-75.71175,1093,80.7,80.1,81.8,53.3,62.1,0.000,0.000,0.00,0.000,2.5,5.9,1.5,235,28,3.2,7.3,1.6,244,26,2.5,5.9,1.5,235,28,524,28.93,,0,0,0,71.4,68.2,67.1,0.18,0.29,0.17
OSCE,2017-08-21 16:20:00 EDT,43.49915,-75.71175,1093,80.8,80.0,81.8,51.7,61.4,0.000,0.000,0.00,0.000,2.8,6.5,1.4,217,27,3.3,6.4,1.3,226,29,2.8,6.5,1.4,217,27,513,28.92,,0,0,0,71.4,68.2,67.1,0.18,0.29,0.17
OSCE,2017-08-21 16:25:00 EDT,43.49915,-75.71175,1093,80.8,80.1,81.8,52.9,62.0,0.000,0.000,0.00,0.000,2.4,9.9,1.8,279,29,3.0,13.2,2.1,284,30,2.4,9.9,1.8,279,29,504,28.92,,0,0,0,71.4,68.2,67.1,0.18,0.29,0.17
OSCE,2017-08-21 16:30:00 EDT,43.49915,-75.71175,1093,80.9,80.3,81.9,52.2,61.7,0.000,0.000,0.00,0.000,3.1,7.0,2.0,218,28,3.5,7.4,1.9,226,26,3.1,7.0,2.0,218,28,490,28.92,,0,0,0,71.4,68.2,67.1,0.18,0.29,0.17
OSCE,2017-08-21 16:35:00 EDT,43.49915,-75.71175,1093,80.9,80.2,82.0,52.9,62.1,0.000,0.000,0.00,0.000,2.9,6.6,1.4,214,37,3.4,7.6,1.5,219,37,2.9,6.6,1.4,214,37,474,28.92,,0,0,0,71.4,68.4,67.1,0.18,0.29,0.17
OSCE,2017-08-21 16:40:00 EDT,43.49915,-75.71175,1093,80.5,80.3,81.6,52.6,61.6,0.000,0.000,0.00,0.000,2.6,6.9,1.3,254,40,2.9,8.1,1.5,261,38,2.6,6.9,1.3,254,40,465,28.92,,0,0,0,71.4,68.5,67.1,0.18,0.29,0.17
OSCE,2017-08-21 16:45:00 EDT,43.49915,-75.71175,1093,80.6,80.3,81.7,52.9,61.8,0.000,0.000,0.00,0.000,2.3,6.6,1.4,240,35,2.6,7.1,1.3,249,38,2.3,6.6,1.4,240,35,451,28.92,,0,0,0,71.4,68.5,67.1,0.18,0.29,0.17
OSCE,2017-08-21 16:50:00 EDT,43.49915,-75.71175,1093,80.8,80.4,81.9,53.2,62.1,0.000,0.000,0.00,0.000,2.3,5.8,1.3,215,64,3.1,6.9,1.5,208,62,2.3,5.8,1.3,215,64,440,28.92,,0,0,0,71.4,68.5,67.1,0.18,0.29,0.17
OSCE,2017-08-21 16:55:00 EDT,43.49915,-75.71175,1093,80.6,80.2,81.6,52.8,61.7,0.000,0.000,0.00,0.000,2.2,8.5,2.0,225,29,2.9,10.0,2.1,234,34,2.2,8.5,2.0,225,29,426,28.92,,0,0,0,71.4,68.5,67.1,0.18,0.29,0.17
OSCE,2017-08-21 17:00:00 EDT,43.49915,-75.71175,1093,80.5,80.3,81.7,53.2,62.0,0.000,0.000,0.00,0.000,2.0,6.4,1.4,220,37,2.6,7.3,1.5,231,38,2.0,6.4,1.4,220,37,407,28.92,,0,0,0,71.5,68.5,67.1,0.18,0.29,0.17
OSCE,2017-08-21 17:05:00 EDT,43.49915,-75.71175,1093,80.4,80.4,81.5,53.2,61.8,0.000,0.000,0.00,0.000,3.0,8.6,1.5,242,20,3.4,9.5,1.7,250,20,3.0,8.6,1.5,242,20,390,28.92,,0,0,0,71.8,68.5,67.1,0.18,0.29,0.17
OSCE,2017-08-21 17:10:00 EDT,43.49915,-75.71175,1093,80.3,80.2,81.4,53.1,61.6,0.000,0.000,0.00,0.000,1.8,5.2,1.5,234,26,2.4,5.8,1.5,242,32,1.8,5.2,1.5,234,26,373,28.92,,0,0,0,71.8,68.5,67.1,0.18,0.29,0.17
OSCE,2017-08-21 17:15:00 EDT,43.49915,-75.71175,1093,80.4,80.2,81.5,53.0,61.7,0.000,0.000,0.00,0.000,3.1,8.0,2.0,251,31,3.5,9.3,2.1,257,28,3.1,8.0,2.0,251,31,337,28.92,,0,0,0,71.8,68.5,67.1,0.18,0.29,0.17
OSCE,2017-08-21 17:20:00 EDT,43.49915,-75.71175,1093,80.3,80.2,81.7,55.3,62.8,0.000,0.000,0.00,0.000,1.4,3.7,0.9,235,35,1.9,5.2,0.9,244,36,1.4,3.7,0.9,235,35,346,28.92,,0,0,0,71.8,68.5,67.1,0.18,0.29,0.17
OSCE,2017-08-21 17:25:00 EDT,43.49915,-75.71175,1093,80.1,80.2,81.2,53.3,61.6,0.000,0.000,0.00,0.000,2.0,5.1,1.3,256,36,2.5,6.0,1.3,257,43,2.0,5.1,1.3,256,36,332,28.92,,0,0,0,71.8,68.5,67.1,0.18,0.29,0.17
OSCE,2017-08-21 17:30:00 EDT,43.49915,-75.71175,1093,80.0,80.0,80.0,56.0,62.9,0.000,0.000,0.00,0.000,1.4,4.7,1.1,230,25,1.8,4.0,0.9,240,37,1.4,4.7,1.1,230,25,314,28.92,,0,0,0,71.8,68.5,67.1,0.18,0.29,0.17
OSCE,2017-08-21 17:35:00 EDT,43.49915,-75.71175,1093,79.4,80.1,79.4,57.8,63.3,0.000,0.000,0.00,0.000,2.7,5.8,1.2,227,24,3.0,5.6,1.2,236,24,2.7,5.8,1.2,227,24,305,28.92,,0,0,0,71.8,68.5,67.1,0.18,0.29,0.17
OSCE,2017-08-21 17:40:00 EDT,43.49915,-75.71175,1093,79.4,79.8,79.4,55.6,62.2,0.000,0.000,0.00,0.000,2.5,6.7,1.4,233,32,3.0,7.6,1.6,242,34,2.5,6.7,1.4,233,32,290,28.92,,0,0,0,71.8,68.5,67.1,0.18,0.29,0.17
OSCE,2017-08-21 17:45:00 EDT,43.49915,-75.71175,1093,79.1,79.6,79.1,56.7,62.5,0.000,0.000,0.00,0.000,1.9,6.1,1.7,239,30,2.8,6.8,1.7,241,37,1.9,6.1,1.7,239,30,281,28.92,,0,0,0,71.8,68.5,67.1,0.18,0.29,0.17
OSCE,2017-08-21 17:50:00 EDT,43.49915,-75.71175,1093,79.0,79.7,79.0,57.1,62.6,0.000,0.000,0.00,0.000,1.3,5.6,1.5,253,21,1.8,6.8,1.6,261,21,1.3,5.6,1.5,253,21,250,28.92,,0,0,0,71.8,68.6,67.1,0.18,0.29,0.17
OSCE,2017-08-21 17:55:00 EDT,43.49915,-75.71175,1093,79.2,79.8,79.2,57.9,63.1,0.000,0.000,0.00,0.000,1.0,2.7,0.6,266,35,1.5,3.9,0.8,273,36,1.0,2.7,0.6,266,35,189,28.91,,0,0,0,71.8,68.6,67.1,0.18,0.29,0.17
OSCE,2017-08-21 18:00:00 EDT,43.49915,-75.71175,1093,79.1,79.8,79.1,58.6,63.3,0.000,0.000,0.00,0.000,1.5,3.9,0.8,275,23,1.9,5.4,0.9,285,25,1.5,3.9,0.8,275,23,82,28.91,,0,0,0,71.8,68.9,67.1,0.18,0.29,0.17
OSCE,2017-08-21 18:05:00 EDT,43.49915,-75.71175,1093,78.8,79.5,78.8,59.7,63.6,0.000,0.000,0.00,0.000,1.6,4.0,1.2,239,31,2.1,4.7,1.1,240,32,1.6,4.0,1.2,239,31,54,28.91,,0,0,0,71.8,68.9,67.1,0.18,0.29,0.17
OSCE,2017-08-21 18:10:00 EDT,43.49915,-75.71175,1093,78.5,79.6,78.5,60.3,63.6,0.000,0.000,0.00,0.000,2.0,4.3,1.0,246,21,2.3,4.9,1.0,254,21,2.0,4.3,1.0,246,21,52,28.91,,0,0,0,71.8,68.9,67.1,0.18,0.29,0.17
OSCE,2017-08-21 18:15:00 EDT,43.49915,-75.71175,1093,78.6,79.4,78.6,59.3,63.2,0.000,0.000,0.00,0.000,2.3,5.6,1.3,236,23,2.6,6.8,1.5,242,25,2.3,5.6,1.3,236,23,51,28.91,,0,0,0,71.8,68.9,67.1,0.18,0.29,0.17
OSCE,2017-08-21 18:20:00 EDT,43.49915,-75.71175,1093,78.0,79.0,78.0,61.4,63.6,0.000,0.000,0.00,0.000,0.6,2.9,0.8,245,16,0.9,3.0,0.8,250,20,0.6,2.9,0.8,245,16,56,28.90,,0,0,0,71.8,68.9,67.1,0.18,0.29,0.17
OSCE,2017-08-21 18:25:00 EDT,43.49915,-75.71175,1093,77.5,78.5,77.5,65.1,64.8,0.000,0.000,0.00,0.000,0.9,4.1,1.0,244,20,1.4,5.0,1.0,243,27,0.9,4.1,1.0,244,20,50,28.90,,0,0,0,71.8,68.9,67.1,0.18,0.29,0.17
OSCE,2017-08-21 18:30:00 EDT,43.49915,-75.71175,1093,77.0,78.2,77.0,66.5,65.0,0.000,0.000,0.00,0.000,1.1,3.9,1.1,260,14,1.5,4.8,1.2,267,19,1.1,3.9,1.1,260,14,44,28.90,,0,0,0,71.8,68.9,67.2,0.18,0.29,0.17
OSCE,2017-08-21 18:35:00 EDT,43.49915,-75.71175,1093,76.2,77.5,76.2,68.5,65.1,0.000,0.000,0.00,0.000,0.7,2.2,0.5,264,26,0.9,3.2,0.8,272,19,0.7,2.2,0.5,264,26,32,28.91,,0,0,0,71.8,68.9,67.1,0.18,0.29,0.17
OSCE,2017-08-21 18:40:00 EDT,43.49915,-75.71175,1093,75.3,76.5,75.3,72.5,65.9,0.000,0.000,0.00,0.000,0.0,0.0,0.0,0,0,0.0,0.0,0.0,0,0,0.0,0.0,0.0,0,0,27,28.91,,0,0,0,71.8,68.9,67.2,0.18,0.29,0.17
OSCE,2017-08-21 18:45:00 EDT,43.49915,-75.71175,1093,74.4,75.6,74.4,74.1,65.6,0.000,0.000,0.00,0.000,0.0,0.0,0.0,0,0,0.4,1.3,0.5,301,22,0.0,0.0,0.0,0,0,29,28.91,,0,0,0,71.8,68.9,67.3,0.18,0.29,0.17
OSCE,2017-08-21 18:50:00 EDT,43.49915,-75.71175,1093,74.0,74.8,74.0,76.6,66.2,0.000,0.000,0.00,0.000,0.0,0.0,0.0,0,0,0.3,1.1,0.4,38,13,0.0,0.0,0.0,0,0,35,28.91,,0,0,0,71.8,68.9,67.4,0.18,0.29,0.17
OSCE,2017-08-21 18:55:00 EDT,43.49915,-75.71175,1093,73.7,74.3,73.7,78.9,66.7,0.000,0.000,0.00,0.000,0.0,0.0,0.0,0,0,0.1,1.1,0.3,25,3,0.0,0.0,0.0,0,0,39,28.91,,0,0,0,71.8,68.9,67.4,0.18,0.29,0.17
OSCE,2017-08-21 19:00:00 EDT,43.49915,-75.71175,1093,73.6,73.9,73.6,80.0,67.0,0.000,0.000,0.00,0.000,0.0,0.0,0.0,0,0,0.0,0.0,0.0,0,0,0.0,0.0,0.0,0,0,39,28.91,,0,0,0,71.8,68.9,67.4,0.18,0.29,0.17
OSCE,2017-08-21 19:05:00 EDT,43.49915,-75.71175,1093,73.4,73.6,73.4,81.0,67.2,0.000,0.000,0.00,0.000,0.0,0.0,0.0,0,0,0.2,1.4,0.5,97,5,0.0,0.0,0.0,0,0,37,28.91,,0,0,0,71.8,68.9,67.4,0.18,0.29,0.17
OSCE,2017-08-21 19:10:00 EDT,43.49915,-75.71175,1093,72.7,73.4,72.7,80.7,66.4,0.000,0.000,0.00,0.000,1.1,1.5,0.3,98,9,1.3,1.8,0.4,101,10,1.1,1.5,0.3,98,9,36,28.91,,0,0,0,71.8,68.9,67.4,0.18,0.29,0.17
OSCE,2017-08-21 19:15:00 EDT,43.49915,-75.71175,1093,72.1,73.2,72.1,81.8,66.3,0.000,0.000,0.00,0.000,0.0,0.3,0.0,121,0,0.2,1.0,0.3,97,6,0.0,0.3,0.0,121,0,33,28.91,,0,0,0,71.8,69.0,67.4,0.18,0.29,0.17
OSCE,2017-08-21 19:20:00 EDT,43.49915,-75.71175,1093,72.1,72.7,72.1,83.1,66.7,0.000,0.000,0.00,0.000,0.6,1.2,0.4,63,17,1.0,1.6,0.3,78,21,0.6,1.2,0.4,63,17,28,28.91,,0,0,0,71.8,69.2,67.5,0.18,0.29,0.17
OSCE,2017-08-21 19:25:00 EDT,43.49915,-75.71175,1093,71.7,72.3,71.7,84.7,66.8,0.000,0.000,0.00,0.000,0.6,1.1,0.3,82,12,0.9,1.5,0.3,88,12,0.6,1.1,0.3,82,12,25,28.91,,0,0,0,71.7,69.2,67.5,0.18,0.29,0.17
OSCE,2017-08-21 19:30:00 EDT,43.49915,-75.71175,1093,71.2,72.0,71.2,85.7,66.7,0.000,0.000,0.00,0.000,0.4,1.3,0.4,74,6,0.6,1.8,0.6,79,7,0.4,1.3,0.4,74,6,23,28.91,,0,0,0,71.7,69.3,67.5,0.18,0.29,0.17
OSCE,2017-08-21 19:35:00 EDT,43.49915,-75.71175,1093,70.7,71.5,70.7,86.8,66.6,0.000,0.000,0.00,0.000,0.0,0.0,0.0,0,0,0.0,0.0,0.0,0,0,0.0,0.0,0.0,0,0,20,28.91,,0,0,0,71.7,69.3,67.5,0.18,0.29,0.17
OSCE,2017-08-21 19:40:00 EDT,43.49915,-75.71175,1093,70.2,71.3,70.2,87.9,66.5,0.000,0.000,0.00,0.000,0.0,0.0,0.0,0,0,0.0,0.7,0.1,173,81,0.0,0.0,0.0,0,0,15,28.91,,0,0,0,71.6,69.3,67.5,0.18,0.29,0.17
OSCE,2017-08-21 19:45:00 EDT,43.49915,-75.71175,1093,70.0,71.0,70.0,89.1,66.6,0.000,0.000,0.00,0.000,0.0,0.0,0.0,0,0,0.1,1.0,0.2,351,1,0.0,0.0,0.0,0,0,11,28.91,,0,0,0,71.5,69.3,67.5,0.18,0.29,0.17
OSCE,2017-08-21 19:50:00 EDT,43.49915,-75.71175,1093,69.5,70.3,69.5,90.4,66.5,0.000,0.000,0.00,0.000,0.0,0.0,0.0,0,0,0.0,0.7,0.1,325,0,0.0,0.0,0.0,0,0,7,28.91,,0,0,0,71.4,69.3,67.5,0.18,0.29,0.17
OSCE,2017-08-21 19:55:00 EDT,43.49915,-75.71175,1093,69.1,70.0,69.1,91.2,66.5,0.000,0.000,0.00,0.000,0.0,0.0,0.0,0,0,0.0,0.0,0.0,0,0,0.0,0.0,0.0,0,0,4,28.91,,0,0,0,71.4,69.3,67.5,0.18,0.29,0.17
OSCE,2017-08-21 20:00:00 EDT,43.49915,-75.71175,1093,68.6,69.8,68.6,92.0,66.2,0.000,0.000,0.00,0.000,0.0,0.0,0.0,0,0,0.6,1.0,0.4,143,5,0.0,0.0,0.0,0,0,2,28.91,,0,0,0,71.4,69.3,67.5,0.18,0.29,0.17
OSCE,2017-08-21 20:05:00 EDT,43.49915,-75.71175,1093,68.4,69.4,68.4,93.3,66.4,0.000,0.000,0.00,0.000,0.0,0.0,0.0,0,0,0.2,0.9,0.3,152,4,0.0,0.0,0.0,0,0,2,28.91,,0,0,0,71.4,69.3,67.5,0.18,0.29,0.17
OSCE,2017-08-21 20:10:00 EDT,43.49915,-75.71175,1093,68.1,68.9,68.1,94.0,66.3,0.000,0.000,0.00,0.000,0.0,0.0,0.0,0,0,0.6,1.2,0.4,114,14,0.0,0.0,0.0,0,0,1,28.91,,0,0,0,71.4,69.3,67.5,0.18,0.29,0.17
OSCE,2017-08-21 20:15:00 EDT,43.49915,-75.71175,1093,67.7,68.7,67.7,94.0,65.9,0.000,0.000,0.00,0.000,0.5,1.8,0.6,126,3,1.1,1.7,0.2,121,11,0.5,1.8,0.6,126,3,0,28.91,,0,0,0,71.4,69.3,67.5,0.18,0.29,0.17
OSCE,2017-08-21 20:20:00 EDT,43.49915,-75.71175,1093,67.4,68.4,67.4,94.4,65.8,0.000,0.000,0.00,0.000,1.2,1.9,0.2,120,10,1.3,2.0,0.2,126,11,1.2,1.9,0.2,120,10,0,28.91,,0,0,0,71.4,69.3,67.5,0.18,0.29,0.17
OSCE,2017-08-21 20:25:00 EDT,43.49915,-75.71175,1093,67.3,68.1,67.3,94.9,65.8,0.000,0.000,0.00,0.000,1.0,2.0,0.3,120,5,1.2,2.2,0.2,126,6,1.0,2.0,0.3,120,5,0,28.91,,0,0,0,71.4,69.3,67.5,0.18,0.29,0.17
OSCE,2017-08-21 20:30:00 EDT,43.49915,-75.71175,1093,67.0,67.8,67.0,95.3,65.6,0.000,0.000,0.00,0.000,0.9,1.5,0.2,124,10,1.1,1.8,0.2,129,11,0.9,1.5,0.2,124,10,0,28.91,,0,0,0,71.4,69.3,67.5,0.18,0.29,0.17
OSCE,2017-08-21 20:35:00 EDT,43.49915,-75.71175,1093,66.7,67.6,66.7,95.6,65.4,0.000,0.000,0.00,0.000,1.3,2.5,0.4,112,11,1.5,3.0,0.4,117,12,1.3,2.5,0.4,112,11,0,28.91,,0,0,0,71.4,69.3,67.5,0.18,0.29,0.17
OSCE,2017-08-21 20:40:00 EDT,43.49915,-75.71175,1093,66.5,67.4,66.5,95.8,65.3,0.000,0.000,0.00,0.000,1.5,2.4,0.4,100,17,1.8,2.9,0.4,104,16,1.5,2.4,0.4,100,17,0,28.91,,0,0,0,71.4,69.3,67.5,0.18,0.29,0.17
OSCE,2017-08-21 20:45:00 EDT,43.49915,-75.71175,1093,66.9,67.5,66.9,96.5,65.9,0.000,0.000,0.00,0.000,1.9,3.4,0.7,87,16,2.2,4.2,0.8,90,15,1.9,3.4,0.7,87,16,0,28.91,,0,0,0,71.4,69.3,67.5,0.18,0.29,0.17
OSCE,2017-08-21 20:50:00 EDT,43.49915,-75.71175,1093,66.7,67.2,66.7,96.1,65.5,0.000,0.000,0.00,0.000,1.0,2.0,0.4,92,16,1.1,2.7,0.6,94,15,1.0,2.0,0.4,92,16,0,28.91,,0,0,0,71.4,69.3,67.5,0.18,0.29,0.17
OSCE,2017-08-21 20:55:00 EDT,43.49915,-75.71175,1093,66.3,66.8,66.3,95.7,65.0,0.000,0.000,0.00,0.000,0.2,1.2,0.4,136,5,0.5,1.5,0.5,136,11,0.2,1.2,0.4,136,5,0,28.91,,0,0,0,71.4,69.3,67.5,0.18,0.29,0.17
OSCE,2017-08-21 21:00:00 EDT,43.49915,-75.71175,1093,65.8,66.4,65.8,95.6,64.5,0.000,0.000,0.00,0.000,0.8,1.2,0.2,140,12,1.1,1.9,0.4,148,13,0.8,1.2,0.2,140,12,0,28.91,,0,0,0,71.4,69.3,67.5,0.18,0.29,0.17
OSCE,2017-08-21 21:05:00 EDT,43.49915,-75.71175,1093,65.6,66.3,65.6,96.0,64.5,0.000,0.000,0.00,0.000,0.5,2.4,0.7,94,6,0.9,2.9,0.7,100,10,0.5,2.4,0.7,94,6,0,28.91,,0,0,0,71.4,69.3,67.5,0.18,0.29,0.17
OSCE,2017-08-21 21:10:00 EDT,43.49915,-75.71175,1093,65.4,66.0,65.4,96.4,64.4,0.000,0.000,0.00,0.000,1.1,2.0,0.5,105,11,1.2,2.2,0.6,108,11,1.1,2.0,0.5,105,11,0,28.91,,0,0,0,71.1,69.3,67.5,0.18,0.29,0.17
OSCE,2017-08-21 21:15:00 EDT,43.49915,-75.71175,1093,65.3,65.9,65.3,96.5,64.3,0.000,0.000,0.00,0.000,0.9,1.6,0.4,93,14,1.1,2.5,0.6,98,14,0.9,1.6,0.4,93,14,0,28.91,,0,0,0,71.1,69.3,67.5,0.18,0.29,0.17
OSCE,2017-08-21 21:20:00 EDT,43.49915,-75.71175,1093,65.2,65.8,65.2,96.6,64.2,0.000,0.000,0.00,0.000,0.6,1.6,0.4,85,18,0.8,2.1,0.5,89,18,0.6,1.6,0.4,85,18,0,28.91,,0,0,0,71.1,69.3,67.5,0.18,0.29,0.17
OSCE,2017-08-21 21:25:00 EDT,43.49915,-75.71175,1093,65.0,65.8,65.0,96.9,64.1,0.000,0.000,0.00,0.000,0.5,0.8,0.2,82,15,0.7,1.2,0.4,86,15,0.5,0.8,0.2,82,15,0,28.91,,0,0,0,71.1,69.3,67.5,0.18,0.29,0.17
OSCE,2017-08-21 21:30:00 EDT,43.49915,-75.71175,1093,64.7,65.5,64.7,96.9,63.8,0.000,0.000,0.00,0.000,0.0,0.0,0.0,0,0,0.3,1.1,0.4,124,11,0.0,0.0,0.0,0,0,0,28.91,,0,0,0,71.1,69.3,67.5,0.18,0.29,0.17
OSCE,2017-08-21 21:35:00 EDT,43.49915,-75.71175,1093,64.6,65.3,64.6,96.8,63.6,0.000,0.000,0.00,0.000,0.0,0.0,0.0,0,0,0.0,0.8,0.1,179,2,0.0,0.0,0.0,0,0,0,28.91,,0,0,0,71.1,69.3,67.5,0.18,0.29,0.17
OSCE,2017-08-21 21:40:00 EDT,43.49915,-75.71175,1093,64.2,65.2,64.2,97.0,63.4,0.000,0.000,0.00,0.000,0.1,0.9,0.2,114,5,0.5,1.2,0.5,116,6,0.1,0.9,0.2,114,5,0,28.91,,0,0,0,71.1,69.3,67.5,0.18,0.29,0.17
OSCE,2017-08-21 21:45:00 EDT,43.49915,-75.71175,1093,64.0,65.0,64.0,97.1,63.1,0.000,0.000,0.00,0.000,0.2,1.3,0.3,121,8,0.7,2.1,0.5,128,12,0.2,1.3,0.3,121,8,0,28.91,,0,0,0,71.1,69.3,67.5,0.18,0.29,0.17
OSCE,2017-08-21 21:50:00 EDT,43.49915,-75.71175,1093,63.9,64.7,63.9,97.4,63.1,0.000,0.000,0.00,0.000,0.8,2.0,0.6,109,10,1.0,2.3,0.6,109,17,0.8,2.0,0.6,109,10,0,28.91,,0,0,0,71.1,69.3,67.5,0.18,0.29,0.17
OSCE,2017-08-21 21:55:00 EDT,43.49915,-75.71175,1093,63.9,64.8,63.9,97.7,63.2,0.000,0.000,0.00,0.000,1.4,2.2,0.3,85,12,1.6,2.9,0.4,88,12,1.4,2.2,0.3,85,12,0,28.91,,0,0,0,71.0,69.3,67.5,0.18,0.29,0.17
OSCE,2017-08-21 22:00:00 EDT,43.49915,-75.71175,1093,64.0,64.7,64.0,97.9,63.4,0.000,0.000,0.00,0.000,1.9,2.8,0.5,93,13,2.1,3.2,0.5,94,12,1.9,2.8,0.5,93,13,0,28.91,,0,0,0,71.0,69.3,67.5,0.18,0.29,0.17
OSCE,2017-08-21 22:05:00 EDT,43.49915,-75.71175,1093,63.8,64.6,63.8,97.6,63.1,0.000,0.000,0.00,0.000,1.6,2.6,0.4,102,10,1.8,3.1,0.4,106,11,1.6,2.6,0.4,102,10,0,28.91,,0,0,0,70.8,69.3,67.5,0.18,0.29,0.17
OSCE,2017-08-21 22:10:00 EDT,43.49915,-75.71175,1093,63.6,64.3,63.6,97.5,62.9,0.000,0.000,0.00,0.000,0.8,1.8,0.4,84,24,1.1,2.0,0.4,86,24,0.8,1.8,0.4,84,24,0,28.91,,0,0,0,70.7,69.3,67.5,0.18,0.29,0.17
OSCE,2017-08-21 22:15:00 EDT,43.49915,-75.71175,1093,63.3,64.2,63.3,97.4,62.6,0.000,0.000,0.00,0.000,1.3,2.3,0.4,92,12,1.5,2.7,0.4,95,11,1.3,2.3,0.4,92,12,0,28.91,,0,0,0,70.7,69.3,67.5,0.18,0.29,0.17
OSCE,2017-08-21 22:20:00 EDT,43.49915,-75.71175,1093,63.1,63.9,63.1,97.4,62.4,0.000,0.000,0.00,0.000,0.8,2.1,0.5,98,9,1.1,2.8,0.5,102,12,0.8,2.1,0.5,98,9,0,28.91,,0,0,0,70.7,69.3,67.5,0.18,0.29,0.17
OSCE,2017-08-21 22:25:00 EDT,43.49915,-75.71175,1093,63.0,63.7,63.0,97.5,62.2,0.000,0.000,0.00,0.000,0.9,1.5,0.3,102,12,1.1,1.9,0.4,107,11,0.9,1.5,0.3,102,12,0,28.90,,0,0,0,70.7,69.3,67.5,0.18,0.29,0.17
OSCE,2017-08-21 22:30:00 EDT,43.49915,-75.71175,1093,62.9,63.6,62.9,97.6,62.2,0.000,0.000,0.00,0.000,0.4,1.6,0.5,102,9,0.8,2.1,0.5,105,12,0.4,1.6,0.5,102,9,0,28.91,,0,0,0,70.7,69.3,67.6,0.18,0.29,0.17
OSCE,2017-08-21 22:35:00 EDT,43.49915,-75.71175,1093,62.7,63.7,62.7,97.7,62.0,0.000,0.000,0.00,0.000,1.0,2.4,0.7,76,13,1.3,3.2,0.9,78,14,1.0,2.4,0.7,76,13,0,28.91,,0,0,0,70.7,69.3,67.7,0.18,0.29,0.17
OSCE,2017-08-21 22:40:00 EDT,43.49915,-75.71175,1093,62.6,63.6,62.6,97.7,61.9,0.000,0.000,0.00,0.000,0.2,1.3,0.4,88,5,0.7,1.8,0.5,96,13,0.2,1.3,0.4,88,5,0,28.91,,0,0,0,70.7,69.3,67.7,0.18,0.29,0.17
OSCE,2017-08-21 22:45:00 EDT,43.49915,-75.71175,1093,62.2,63.1,62.2,97.6,61.5,0.000,0.000,0.00,0.000,1.1,2.2,0.4,108,7,1.2,2.9,0.5,112,10,1.1,2.2,0.4,108,7,0,28.90,,0,0,0,70.7,69.3,67.7,0.18,0.29,0.17
OSCE,2017-08-21 22:50:00 EDT,43.49915,-75.71175,1093,62.1,62.9,62.1,97.7,61.5,0.000,0.000,0.00,0.000,1.1,2.6,0.8,96,22,1.4,3.2,0.8,100,25,1.1,2.6,0.8,96,22,0,28.90,,0,0,0,70.7,69.3,67.8,0.18,0.29,0.17
OSCE,2017-08-21 22:55:00 EDT,43.49915,-75.71175,1093,62.4,63.1,62.4,98.0,61.8,0.000,0.000,0.00,0.000,1.7,3.7,0.8,95,21,2.2,4.3,0.7,98,23,1.7,3.7,0.8,95,21,0,28.90,,0,0,0,70.6,69.3,67.8,0.18,0.29,0.17
OSCE,2017-08-21 23:00:00 EDT,43.49915,-75.71175,1093,62.4,63.1,62.4,98.0,61.8,0.000,0.000,0.00,0.000,0.8,1.9,0.6,93,14,1.1,2.8,0.7,97,15,0.8,1.9,0.6,93,14,0,28.90,,0,0,0,70.4,69.3,67.8,0.18,0.29,0.17
OSCE,2017-08-21 23:05:00 EDT,43.49915,-75.71175,1093,62.1,62.7,62.1,97.9,61.5,0.000,0.000,0.00,0.000,1.0,2.0,0.4,113,15,1.3,2.4,0.4,119,15,1.0,2.0,0.4,113,15,0,28.90,,0,0,0,70.3,69.3,67.8,0.18,0.29,0.17
OSCE,2017-08-21 23:10:00 EDT,43.49915,-75.71175,1093,61.8,62.5,61.8,97.8,61.2,0.000,0.000,0.00,0.000,1.3,1.9,0.3,115,14,1.5,2.3,0.4,118,16,1.3,1.9,0.3,115,14,0,28.91,,0,0,0,70.3,69.3,67.8,0.18,0.29,0.17
OSCE,2017-08-21 23:15:00 EDT,43.49915,-75.71175,1093,61.5,62.3,61.5,97.7,60.9,0.000,0.000,0.00,0.000,1.5,2.8,0.5,104,11,1.6,3.2,0.6,108,11,1.5,2.8,0.5,104,11,0,28.91,,0,0,0,70.3,69.3,67.8,0.18,0.29,0.17
OSCE,2017-08-21 23:20:00 EDT,43.49915,-75.71175,1093,61.6,62.2,61.6,97.9,61.0,0.000,0.000,0.00,0.000,1.0,2.3,0.6,99,19,1.3,2.5,0.6,105,21,1.0,2.3,0.6,99,19,0,28.91,,0,0,0,70.3,69.3,67.8,0.18,0.29,0.17
OSCE,2017-08-21 23:25:00 EDT,43.49915,-75.71175,1093,61.9,62.3,61.9,98.0,61.4,0.000,0.000,0.00,0.000,0.8,1.9,0.5,49,44,1.2,3.3,0.6,52,35,0.8,1.9,0.5,49,44,0,28.91,,0,0,0,70.3,69.3,67.8,0.18,0.29,0.17
OSCE,2017-08-21 23:30:00 EDT,43.49915,-75.71175,1093,61.7,62.2,61.7,98.0,61.1,0.000,0.000,0.00,0.000,0.0,0.3,0.0,31,0,0.3,1.3,0.4,213,16,0.0,0.3,0.0,31,0,0,28.91,,0,0,0,70.3,69.3,67.8,0.18,0.29,0.17
OSCE,2017-08-21 23:35:00 EDT,43.49915,-75.71175,1093,61.4,62.0,61.4,97.9,60.8,0.000,0.000,0.00,0.000,0.0,0.0,0.0,0,0,0.4,1.1,0.4,219,41,0.0,0.0,0.0,0,0,0,28.91,,0,0,0,70.3,69.3,67.8,0.18,0.29,0.17
OSCE,2017-08-21 23:40:00 EDT,43.49915,-75.71175,1093,61.0,61.7,61.0,97.8,60.4,0.000,0.000,0.00,0.000,0.9,1.4,0.4,114,16,1.2,1.8,0.2,120,19,0.9,1.4,0.4,114,16,0,28.91,,0,0,0,70.3,69.3,67.8,0.18,0.29,0.17
OSCE,2017-08-21 23:45:00 EDT,43.49915,-75.71175,1093,61.1,61.6,61.1,97.9,60.6,0.000,0.000,0.00,0.000,1.0,1.6,0.3,105,36,1.2,2.0,0.4,107,38,1.0,1.6,0.3,105,36,0,28.90,,0,0,0,70.1,69.3,67.8,0.18,0.29,0.17
OSCE,2017-08-21 23:50:00 EDT,43.49915,-75.71175,1093,61.1,61.5,61.1,98.0,60.5,0.000,0.000,0.00,0.000,0.9,1.9,0.5,98,21,1.2,2.2,0.5,103,24,0.9,1.9,0.5,98,21,0,28.91,,0,0,0,70.0,69.3,67.8,0.18,0.29,0.17
OSCE,2017-08-21 23:55:00 EDT,43.49915,-75.71175,1093,60.8,61.4,60.8,98.0,60.3,0.000,0.000,0.00,0.000,1.8,3.0,0.6,109,18,2.0,3.8,0.6,112,19,1.8,3.0,0.6,109,18,0,28.90,,0,0,0,70.0,69.3,67.8,0.18,0.29,0.17
OSWE,2017-08-21 00:00:00 EDT,43.44318,-76.55323,308,67.8,69.1,67.8,84.6,63.0,0.000,0.000,0.00,0.000,3.3,4.8,0.6,181,11,3.7,6.7,0.7,182,9,3.3,4.8,0.6,181,11,0,29.78,,0,0,0,70.0,69.3,68.5,0.22,0.11,0.23
OSWE,2017-08-21 00:05:00 EDT,43.44318,-76.55323,308,67.9,69.0,67.9,85.0,63.2,0.000,0.000,0.00,0.000,3.8,5.9,0.9,177,11,4.1,6.3,1.0,178,10,3.8,5.9,0.9,177,11,0,29.78,,0,0,0,70.0,69.3,68.5,0.22,0.11,0.23
OSWE,2017-08-21 00:10:00 EDT,43.44318,-76.55323,308,67.6,68.7,67.6,85.0,62.9,0.000,0.000,0.00,0.000,3.5,6.5,1.0,177,14,4.1,7.0,1.1,178,13,3.5,6.5,1.0,177,14,0,29.78,,0,0,0,70.0,69.2,68.5,0.22,0.11,0.23
OSWE,2017-08-21 00:15:00 EDT,43.44318,-76.55323,308,67.1,68.4,67.1,85.2,62.5,0.000,0.000,0.00,0.000,3.0,5.5,0.8,184,16,3.3,6.4,0.9,183,15,3.0,5.5,0.8,184,16,0,29.78,,0,0,0,70.0,69.3,68.5,0.22,0.11,0.23
OSWE,2017-08-21 00:20:00 EDT,43.44318,-76.55323,308,67.2,68.4,67.2,85.5,62.7,0.000,0.000,0.00,0.000,3.4,6.4,0.8,175,19,3.6,7.0,0.9,176,18,3.4,6.4,0.8,175,19,0,29.78,,0,0,0,69.9,69.2,68.5,0.22,0.11,0.23
OSWE,2017-08-21 00:25:00 EDT,43.44318,-76.55323,308,67.3,68.3,67.3,85.5,62.8,0.000,0.000,0.00,0.000,3.2,5.4,0.9,181,19,3.6,7.6,1.3,182,18,3.2,5.4,0.9,181,19,0,29.78,,0,0,0,69.9,69.2,68.5,0.22,0.11,0.23
OSWE,2017-08-21 00:30:00 EDT,43.44318,-76.55323,308,67.4,68.3,67.4,85.4,62.9,0.000,0.000,0.00,0.000,3.6,5.5,0.8,187,17,3.9,6.5,1.0,187,17,3.6,5.5,0.8,187,17,0,29.78,,0,0,0,69.9,69.2,68.5,0.22,0.11,0.23
OSWE,2017-08-21 00:35:00 EDT,43.44318,-76.55323,308,67.2,68.0,67.2,85.5,62.7,0.000,0.000,0.00,0.000,3.2,5.8,1.0,183,14,3.4,6.2,1.1,185,14,3.2,5.8,1.0,183,14,0,29.78,,0,0,0,69.9,69.2,68.5,0.22,0.11,0.23
OSWE,2017-08-21 00:40:00 EDT,43.44318,-76.55323,308,66.8,67.9,66.8,85.8,62.5,0.000,0.000,0.00,0.000,2.7,4.6,0.8,185,12,3.0,4.7,0.8,187,10,2.7,4.6,0.8,185,12,0,29.79,,0,0,0,69.9,69.1,68.5,0.22,0.11,0.23
OSWE,2017-08-21 00:45:00 EDT,43.44318,-76.55323,308,66.6,67.9,66.6,86.3,62.4,0.000,0.000,0.00,0.000,2.7,4.2,0.7,181,16,3.0,5.1,0.8,182,16,2.7,4.2,0.7,181,16,0,29.78,,0,0,0,69.9,69.1,68.5,0.22,0.11,0.23
OSWE,2017-08-21 00:50:00 EDT,43.44318,-76.55323,308,66.8,68.1,66.8,85.8,62.4,0.000,0.000,0.00,0.000,3.1,6.1,1.3,193,18,3.5,7.8,1.5,191,19,3.1,6.1,1.3,193,18,0,29.78,,0,0,0,69.9,69.1,68.5,0.22,0.11,0.23
OSWE,2017-08-21 00:55:00 EDT,43.44318,-76.55323,308,66.8,68.0,66.8,85.2,62.2,0.000,0.000,0.00,0.000,2.7,5.2,0.8,194,22,3.0,5.7,0.9,193,20,2.7,5.2,0.8,194,22,0,29.78,,0,0,0,69.9,69.0,68.5,0.22,0.11,0.23
OSWE,2017-08-21 01:00:00 EDT,43.44318,-76.55323,308,67.1,68.2,67.1,85.4,62.5,0.000,0.000,0.00,0.000,3.8,7.6,1.2,185,14,4.1,9.4,1.4,186,12,3.8,7.6,1.2,185,14,0,29.79,,0,0,0,69.9,69.0,68.5,0.22,0.11,0.23
OSWE,2017-08-21 01:05:00 EDT,43.44318,-76.55323,308,66.8,68.0,66.8,85.9,62.4,0.000,0.000,0.00,0.000,3.1,6.0,1.1,179,18,3.5,7.5,1.4,181,15,3.1,6.0,1.1,179,18,0,29.79,,0,0,0,69.9,69.0,68.5,0.22,0.11,0.23
OSWE,2017-08-21 01:10:00 EDT,43.44318,-76.55323,308,67.0,67.9,67.0,86.1,62.7,0.000,0.000,0.00,0.000,3.6,7.2,1.3,171,15,4.1,7.2,1.3,172,14,3.6,7.2,1.3,171,15,0,29.79,,0,0,0,69.8,68.9,68.5,0.22,0.11,0.23
OSWE,2017-08-21 01:15:00 EDT,43.44318,-76.55323,308,66.8,67.9,66.8,86.6,62.7,0.000,0.000,0.00,0.000,4.2,7.7,1.1,182,13,4.4,8.8,1.4,183,13,4.2,7.7,1.1,182,13,0,29.78,,0,0,0,69.8,68.9,68.5,0.22,0.11,0.23
OSWE,2017-08-21 01:20:00 EDT,43.44318,-76.55323,308,66.8,67.6,66.8,86.5,62.6,0.000,0.000,0.00,0.000,3.3,6.1,1.2,181,19,3.7,7.3,1.5,182,16,3.3,6.1,1.2,181,19,0,29.79,,0,0,0,69.8,69.0,68.5,0.22,0.11,0.23
OSWE,2017-08-21 01:25:00 EDT,43.44318,-76.55323,308,66.7,67.6,66.7,87.0,62.7,0.000,0.000,0.00,0.000,4.0,5.9,0.9,177,14,4.4,7.3,1.2,177,12,4.0,5.9,0.9,177,14,0,29.79,,0,0,0,69.7,68.9,68.5,0.22,0.11,0.23
OSWE,2017-08-21 01:30:00 EDT,43.44318,-76.55323,308,66.7,67.5,66.7,87.2,62.8,0.000,0.000,0.00,0.000,3.4,6.5,1.3,184,16,3.7,6.7,1.5,183,14,3.4,6.5,1.3,184,16,0,29.79,,0,0,0,69.7,68.9,68.5,0.22,0.11,0.23
OSWE,2017-08-21 01:35:00 EDT,43.44318,-76.55323,308,66.4,67.4,66.4,87.5,62.6,0.000,0.000,0.00,0.000,3.8,7.2,1.1,176,14,4.3,8.4,1.4,177,14,3.8,7.2,1.1,176,14,0,29.79,,0,0,0,69.6,68.9,68.5,0.22,0.11,0.23
OSWE,2017-08-21 01:40:00 EDT,43.44318,-76.55323,308,66.5,67.4,66.5,88.2,62.9,0.000,0.000,0.00,0.000,3.9,6.5,1.0,180,16,4.3,6.9,1.2,180,15,3.9,6.5,1.0,180,16,0,29.79,,0,0,0,69.6,68.9,68.5,0.22,0.11,0.23
OSWE,2017-08-21 01:45:00 EDT,43.44318,-76.55323,308,66.5,67.3,66.5,88.3,63.0,0.000,0.000,0.00,0.000,3.4,8.3,1.8,181,19,3.9,8.5,1.8,183,18,3.4,8.3,1.8,181,19,0,29.79,,0,0,0,69.5,68.9,68.5,0.22,0.11,0.23
OSWE,2017-08-21 01:50:00 EDT,43.44318,-76.55323,308,66.5,67.2,66.5,88.4,63.0,0.000,0.000,0.00,0.000,4.1,8.0,1.4,181,15,4.5,8.7,1.5,182,15,4.1,8.0,1.4,181,15,0,29.79,,0,0,0,69.5,68.9,68.5,0.22,0.11,0.23
OSWE,2017-08-21 01:55:00 EDT,43.44318,-76.55323,308,66.8,67.1,66.8,87.5,63.0,0.000,0.000,0.00,0.000,3.9,7.7,1.5,182,15,4.3,9.0,1.7,183,14,3.9,7.7,1.5,182,15,0,29.79,,0,0,0,69.5,68.9,68.5,0.22,0.11,0.23
OSWE,2017-08-21 02:00:00 EDT,43.44318,-76.55323,308,66.3,66.9,66.3,87.2,62.4,0.000,0.000,0.00,0.000,2.7,5.6,1.0,181,17,3.2,5.9,1.1,182,16,2.7,5.6,1.0,181,17,0,29.79,,0,0,0,69.5,68.9,68.5,0.22,0.11,0.23
OSWE,2017-08-21 02:05:00 EDT,43.44318,-76.55323,308,66.0,66.8,66.0,87.9,62.3,0.000,0.000,0.00,0.000,2.6,5.0,1.1,186,23,3.0,6.7,1.3,185,21,2.6,5.0,1.1,186,23,0,29.79,,0,0,0,69.5,68.9,68.5,0.22,0.11,0.23
OSWE,2017-08-21 02:10:00 EDT,43.44318,-76.55323,308,66.0,66.8,66.0,88.2,62.4,0.000,0.000,0.00,0.000,3.8,8.0,1.3,181,15,4.2,9.5,1.5,181,15,3.8,8.0,1.3,181,15,0,29.78,,0,0,0,69.5,68.9,68.5,0.22,0.11,0.23
OSWE,2017-08-21 02:15:00 EDT,43.44318,-76.55323,308,66.0,66.8,66.0,88.3,62.4,0.000,0.000,0.00,0.000,4.0,7.2,1.1,181,18,4.4,8.2,1.3,181,17,4.0,7.2,1.1,181,18,0,29.78,,0,0,0,69.4,68.9,68.5,0.22,0.11,0.23
OSWE,2017-08-21 02:20:00 EDT,43.44318,-76.55323,308,66.0,66.7,66.0,88.6,62.6,0.000,0.000,0.00,0.000,3.2,5.6,1.1,188,23,3.7,6.8,1.3,190,20,3.2,5.6,1.1,188,23,0,29.79,,0,0,0,69.4,68.9,68.5,0.22,0.11,0.23
OSWE,2017-08-21 02:25:00 EDT,43.44318,-76.55323,308,65.9,66.6,65.9,88.7,62.5,0.000,0.000,0.00,0.000,3.5,7.2,1.1,185,15,3.9,7.3,1.2,187,13,3.5,7.2,1.1,185,15,0,29.79,,0,0,0,69.3,68.9,68.5,0.22,0.11,0.24
OSWE,2017-08-21 02:30:00 EDT,43.44318,-76.55323,308,65.8,66.4,65.8,89.4,62.6,0.000,0.000,0.00,0.000,3.1,5.1,1.1,179,17,3.4,6.7,1.1,180,17,3.1,5.1,1.1,179,17,0,29.79,,0,0,0,69.2,68.9,68.5,0.22,0.11,0.23
OSWE,2017-08-21 02:35:00 EDT,43.44318,-76.55323,308,65.8,66.4,65.8,89.4,62.6,0.000,0.000,0.00,0.000,4.4,7.6,1.2,180,15,4.6,7.7,1.3,181,13,4.4,7.6,1.2,180,15,0,29.79,,0,0,0,69.2,68.9,68.5,0.22,0.11,0.24
OSWE,2017-08-21 02:40:00 EDT,43.44318,-76.55323,308,65.7,66.5,65.7,89.7,62.6,0.000,0.000,0.00,0.000,4.3,6.7,1.1,178,14,4.7,7.8,1.2,178,12,4.3,6.7,1.1,178,14,0,29.79,,0,0,0,69.2,68.9,68.5,0.22,0.11,0.23
OSWE,2017-08-21 02:45:00 EDT,43.44318,-76.55323,308,65.8,66.5,65.8,89.5,62.7,0.000,0.000,0.00,0.000,4.4,8.0,1.3,177,14,5.0,9.3,1.5,178,12,4.4,8.0,1.3,177,14,0,29.79,,0,0,0,69.1,68.9,68.5,0.22,0.11,0.23
OSWE,2017-08-21 02:50:00 EDT,43.44318,-76.55323,308,65.9,66.6,65.9,90.0,62.9,0.000,0.000,0.00,0.000,4.7,8.3,1.3,183,18,5.1,9.6,1.5,183,15,4.7,8.3,1.3,183,18,0,29.79,,0,0,0,69.2,68.9,68.5,0.22,0.11,0.23
OSWE,2017-08-21 02:55:00 EDT,43.44318,-76.55323,308,66.1,66.7,66.1,89.6,63.0,0.000,0.000,0.00,0.000,5.0,8.3,1.6,177,15,5.4,9.6,1.8,177,12,5.0,8.3,1.6,177,15,0,29.79,,0,0,0,69.2,68.9,68.5,0.22,0.11,0.23
OSWE,2017-08-21 03:00:00 EDT,43.44318,-76.55323,308,66.1,66.6,66.1,89.8,63.0,0.000,0.000,0.00,0.000,4.6,7.5,1.2,182,15,5.2,10.6,1.6,182,13,4.6,7.5,1.2,182,15,0,29.79,,0,0,0,69.1,68.9,68.5,0.22,0.11,0.23
OSWE,2017-08-21 03:05:00 EDT,43.44318,-76.55323,308,66.3,66.7,66.3,89.6,63.1,0.000,0.000,0.00,0.000,4.6,8.0,1.5,183,15,5.1,10.1,1.7,185,13,4.6,8.0,1.5,183,15,0,29.79,,0,0,0,69.1,68.9,68.5,0.22,0.11,0.23
OSWE,2017-08-21 03:10:00 EDT,43.44318,-76.55323,308,66.0,66.6,66.0,89.4,62.8,0.000,0.000,0.00,0.000,4.2,6.8,1.1,183,18,4.6,7.8,1.1,183,17,4.2,6.8,1.1,183,18,0,29.79,,0,0,0,69.2,68.9,68.5,0.22,0.11,0.23
OSWE,2017-08-21 03:15:00 EDT,43.44318,-76.55323,308,66.0,66.7,66.0,89.7,62.9,0.000,0.000,0.00,0.000,4.1,6.7,1.1,182,16,4.6,8.0,1.3,181,14,4.1,6.7,1.1,182,16,0,29.79,,0,0,0,69.1,68.9,68.5,0.22,0.11,0.23
OSWE,2017-08-21 03:20:00 EDT,43.44318,-76.55323,308,66.0,66.5,66.0,89.5,62.8,0.000,0.000,0.00,0.000,3.3,6.1,1.0,186,19,3.6,6.1,1.1,185,17,3.3,6.1,1.0,186,19,0,29.79,,0,0,0,69.2,68.9,68.5,0.22,0.11,0.23
OSWE,2017-08-21 03:25:00 EDT,43.44318,-76.55323,308,65.8,66.4,65.8,90.0,62.7,0.000,0.000,0.00,0.000,3.7,5.8,1.0,181,18,4.2,7.2,1.2,182,16,3.7,5.8,1.0,181,18,0,29.79,,0,0,0,69.2,68.9,68.5,0.22,0.11,0.23
OSWE,2017-08-21 03:30:00 EDT,43.44318,-76.55323,308,65.9,66.4,65.9,90.3,62.9,0.000,0.000,0.00,0.000,4.2,7.8,1.2,182,15,4.7,9.0,1.3,182,14,4.2,7.8,1.2,182,15,0,29.79,,0,0,0,69.2,68.9,68.5,0.22,0.11,0.23
OSWE,2017-08-21 03:35:00 EDT,43.44318,-76.55323,308,65.8,66.3,65.8,90.1,62.9,0.000,0.000,0.00,0.000,3.3,5.4,1.1,185,18,3.8,7.6,1.5,185,18,3.3,5.4,1.1,185,18,0,29.79,,0,0,0,69.1,68.9,68.5,0.22,0.11,0.23
OSWE,2017-08-21 03:40:00 EDT,43.44318,-76.55323,308,65.8,66.3,65.8,89.9,62.8,0.000,0.000,0.00,0.000,4.3,7.7,1.4,184,15,4.7,8.3,1.7,184,13,4.3,7.7,1.4,184,15,0,29.79,,0,0,0,69.1,68.9,68.5,0.22,0.11,0.23
OSWE,2017-08-21 03:45:00 EDT,43.44318,-76.55323,308,65.6,66.3,65.6,90.3,62.7,0.000,0.000,0.00,0.000,4.0,6.5,1.1,177,14,4.3,9.0,1.3,175,13,4.0,6.5,1.1,177,14,0,29.79,,0,0,0,69.1,68.9,68.5,0.22,0.11,0.23
OSWE,2017-08-21 03:50:00 EDT,43.44318,-76.55323,308,65.5,66.2,65.5,90.5,62.7,0.000,0.000,0.00,0.000,4.0,6.0,0.9,179,12,4.3,6.9,1.1,180,12,4.0,6.0,0.9,179,12,0,29.79,,0,0,0,69.0,68.9,68.5,0.22,0.11,0.23
OSWE,2017-08-21 03:55:00 EDT,43.44318,-76.55323,308,65.6,66.2,65.6,90.7,62.8,0.000,0.000,0.00,0.000,3.9,6.8,1.1,176,11,4.2,8.3,1.2,177,12,3.9,6.8,1.1,176,11,0,29.79,,0,0,0,68.9,68.9,68.4,0.22,0.11,0.23
OSWE,2017-08-21 04:00:00 EDT,43.44318,-76.55323,308,65.5,66.1,65.5,90.8,62.8,0.000,0.000,0.00,0.000,4.6,7.0,1.0,174,15,5.0,8.5,1.4,174,14,4.6,7.0,1.0,174,15,0,29.79,,0,0,0,68.9,68.8,68.5,0.22,0.11,0.23
OSWE,2017-08-21 04:05:00 EDT,43.44318,-76.55323,308,65.4,66.0,65.4,90.9,62.6,0.000,0.000,0.00,0.000,4.4,7.2,1.0,177,17,4.9,8.3,1.3,177,16,4.4,7.2,1.0,177,17,0,29.79,,0,0,0,68.8,68.7,68.4,0.22,0.11,0.23
OSWE,2017-08-21 04:10:00 EDT,43.44318,-76.55323,308,65.4,65.9,65.4,91.2,62.8,0.000,0.000,0.00,0.000,3.8,6.1,1.1,181,19,4.4,7.6,1.4,180,17,3.8,6.1,1.1,181,19,0,29.79,,0,0,0,68.9,68.7,68.5,0.22,0.11,0.23
OSWE,2017-08-21 04:15:00 EDT,43.44318,-76.55323,308,65.4,66.0,65.4,91.0,62.7,0.000,0.000,0.00,0.000,3.6,5.8,1.0,179,17,4.1,7.2,1.1,179,16,3.6,5.8,1.0,179,17,0,29.79,,0,0,0,68.8,68.6,68.5,0.22,0.11,0.23
OSWE,2017-08-21 04:20:00 EDT,43.44318,-76.55323,308,65.3,65.9,65.3,91.0,62.6,0.000,0.000,0.00,0.000,4.3,7.1,1.1,172,14,5.0,8.1,1.3,173,13,4.3,7.1,1.1,172,14,0,29.79,,0,0,0,68.9,68.6,68.5,0.22,0.11,0.23
OSWE,2017-08-21 04:25:00 EDT,43.44318,-76.55323,308,65.3,65.8,65.3,91.1,62.6,0.000,0.000,0.00,0.000,4.2,7.4,1.1,176,18,4.6,8.6,1.3,175,16,4.2,7.4,1.1,176,18,0,29.79,,0,0,0,68.8,68.5,68.5,0.22,0.11,0.23
OSWE,2017-08-21 04:30:00 EDT,43.44318,-76.55323,308,65.2,65.8,65.2,91.3,62.6,0.000,0.000,0.00,0.000,4.3,7.7,1.1,176,17,4.8,9.2,1.3,176,15,4.3,7.7,1.1,176,17,0,29.79,,0,0,0,68.8,68.5,68.5,0.22,0.11,0.23
OSWE,2017-08-21 04:35:00 EDT,43.44318,-76.55323,308,65.1,65.6,65.1,91.6,62.6,0.000,0.000,0.00,0.000,4.1,6.8,1.1,176,16,4.7,7.9,1.2,174,13,4.1,6.8,1.1,176,16,0,29.79,,0,0,0,68.8,68.5,68.5,0.22,0.11,0.23
OSWE,2017-08-21 04:40:00 EDT,43.44318,-76.55323,308,65.0,65.6,65.0,92.0,62.7,0.000,0.000,0.00,0.000,4.2,7.0,1.0,177,16,4.8,9.1,1.3,176,13,4.2,7.0,1.0,177,16,0,29.79,,0,0,0,68.8,68.5,68.5,0.22,0.11,0.24
OSWE,2017-08-21 04:45:00 EDT,43.44318,-76.55323,308,65.0,65.5,65.0,92.1,62.7,0.000,0.000,0.00,0.000,3.6,5.7,1.0,173,18,4.2,7.9,1.2,175,15,3.6,5.7,1.0,173,18,0,29.79,,0,0,0,68.9,68.5,68.5,0.22,0.11,0.23
OSWE,2017-08-21 04:50:00 EDT,43.44318,-76.55323,308,65.0,65.6,65.0,92.0,62.6,0.000,0.000,0.00,0.000,4.3,7.2,1.1,173,17,4.9,8.0,1.3,174,15,4.3,7.2,1.1,173,17,0,29.79,,0,0,0,68.8,68.5,68.5,0.22,0.11,0.24
OSWE,2017-08-21 04:55:00 EDT,43.44318,-76.55323,308,65.1,65.6,65.1,92.0,62.7,0.000,0.000,0.00,0.000,4.2,7.2,1.0,174,18,4.6,8.7,1.3,174,16,4.2,7.2,1.0,174,18,0,29.79,,0,0,0,68.8,68.5,68.5,0.22,0.11,0.23
OSWE,2017-08-21 05:00:00 EDT,43.44318,-76.55323,308,65.2,65.8,65.2,91.7,62.8,0.000,0.000,0.00,0.000,4.3,7.1,1.0,182,17,4.7,7.6,1.2,181,16,4.3,7.1,1.0,182,17,0,29.79,,0,0,0,68.7,68.5,68.5,0.22,0.11,0.23
OSWE,2017-08-21 05:05:00 EDT,43.44318,-76.55323,308,65.2,65.7,65.2,91.4,62.7,0.000,0.000,0.00,0.000,4.3,7.1,1.1,175,15,4.9,8.2,1.3,176,12,4.3,7.1,1.1,175,15,0,29.79,,0,0,0,68.8,68.5,68.5,0.22,0.11,0.23
OSWE,2017-08-21 05:10:00 EDT,43.44318,-76.55323,308,65.3,65.7,65.3,91.7,62.8,0.000,0.000,0.00,0.000,4.4,7.4,1.2,174,16,5.0,8.2,1.2,176,12,4.4,7.4,1.2,174,16,0,29.79,,0,0,0,68.7,68.5,68.5,0.22,0.11,0.23
OSWE,2017-08-21 05:15:00 EDT,43.44318,-76.55323,308,65.3,65.7,65.3,91.5,62.8,0.000,0.000,0.00,0.000,4.5,7.1,1.1,179,15,4.8,8.3,1.3,178,13,4.5,7.1,1.1,179,15,0,29.79,,0,0,0,68.6,68.5,68.5,0.22,0.11,0.23
OSWE,2017-08-21 05:20:00 EDT,43.44318,-76.55323,308,65.3,65.8,65.3,91.3,62.7,0.000,0.000,0.00,0.000,4.6,7.5,0.9,175,14,5.0,8.4,1.2,175,12,4.6,7.5,0.9,175,14,0,29.79,,0,0,0,68.7,68.5,68.5,0.22,0.11,0.23
OSWE,2017-08-21 05:25:00 EDT,43.44318,-76.55323,308,65.3,65.8,65.3,91.2,62.7,0.000,0.000,0.00,0.000,5.3,8.2,1.1,175,14,5.8,9.0,1.2,176,12,5.3,8.2,1.1,175,14,0,29.79,,0,0,0,68.6,68.5,68.5,0.22,0.11,0.23
OSWE,2017-08-21 05:30:00 EDT,43.44318,-76.55323,308,65.4,65.8,65.4,90.8,62.7,0.000,0.000,0.00,0.000,4.7,8.8,1.2,177,15,5.2,10.2,1.5,177,15,4.7,8.8,1.2,177,15,0,29.79,,0,0,0,68.6,68.5,68.5,0.22,0.11,0.23
OSWE,2017-08-21 05:35:00 EDT,43.44318,-76.55323,308,65.3,65.7,65.3,90.9,62.6,0.000,0.000,0.00,0.000,4.1,7.2,1.2,176,16,4.5,9.4,1.4,175,15,4.1,7.2,1.2,176,16,0,29.79,,0,0,0,68.5,68.5,68.5,0.22,0.11,0.23
OSWE,2017-08-21 05:40:00 EDT,43.44318,-76.55323,308,65.2,65.7,65.2,91.2,62.6,0.000,0.000,0.00,0.000,4.2,7.1,1.2,178,16,4.9,8.2,1.2,177,14,4.2,7.1,1.2,178,16,0,29.79,,0,0,0,68.5,68.5,68.5,0.22,0.11,0.23
OSWE,2017-08-21 05:45:00 EDT,43.44318,-76.55323,308,65.2,65.6,65.2,91.3,62.6,0.000,0.000,0.00,0.000,4.2,6.7,1.3,176,16,4.8,9.5,1.4,175,16,4.2,6.7,1.3,176,16,0,29.79,,0,0,0,68.5,68.5,68.5,0.22,0.11,0.23
OSWE,2017-08-21 05:50:00 EDT,43.44318,-76.55323,308,65.2,65.6,65.2,91.2,62.6,0.000,0.000,0.00,0.000,3.5,6.4,1.2,172,17,3.9,7.0,1.3,172,18,3.5,6.4,1.2,172,17,0,29.79,,0,0,0,68.5,68.5,68.4,0.22,0.11,0.23
OSWE,2017-08-21 05:55:00 EDT,43.44318,-76.55323,308,65.2,65.6,65.2,90.9,62.5,0.000,0.000,0.00,0.000,3.7,6.2,1.0,171,18,4.2,6.9,1.3,169,18,3.7,6.2,1.0,171,18,0,29.79,,0,0,0,68.5,68.5,68.5,0.22,0.11,0.23
OSWE,2017-08-21 06:00:00 EDT,43.44318,-76.55323,308,65.3,65.7,65.3,91.0,62.6,0.000,0.000,0.00,0.000,4.8,7.2,0.9,174,14,5.3,8.6,1.1,172,15,4.8,7.2,0.9,174,14,0,29.79,,0,0,0,68.5,68.5,68.5,0.22,0.11,0.23
OSWE,2017-08-21 06:05:00 EDT,43.44318,-76.55323,308,65.4,65.8,65.4,90.7,62.6,0.000,0.000,0.00,0.000,4.7,8.0,1.2,170,15,5.2,8.6,1.4,171,13,4.7,8.0,1.2,170,15,0,29.79,,0,0,0,68.5,68.5,68.5,0.22,0.11,0.23
OSWE,2017-08-21 06:10:00 EDT,43.44318,-76.55323,308,65.3,65.7,65.3,90.8,62.5,0.000,0.000,0.00,0.000,4.0,6.4,0.9,173,16,4.6,8.2,1.3,172,16,4.0,6.4,0.9,173,16,2,29.79,,0,0,0,68.5,68.5,68.5,0.22,0.11,0.23
OSWE,2017-08-21 06:15:00 EDT,43.44318,-76.55323,308,65.2,65.6,65.2,90.7,62.5,0.000,0.000,0.00,0.000,3.5,5.0,0.7,171,19,4.2,7.7,1.2,172,16,3.5,5.0,0.7,171,19,2,29.79,,0,0,0,68.5,68.5,68.5,0.22,0.11,0.23
OSWE,2017-08-21 06:20:00 EDT,43.44318,-76.55323,308,65.1,65.7,65.1,90.9,62.4,0.000,0.000,0.00,0.000,4.8,7.7,1.4,173,14,5.3,9.7,1.5,173,13,4.8,7.7,1.4,173,14,2,29.79,,0,0,0,68.5,68.5,68.5,0.22,0.11,0.23
OSWE,2017-08-21 06:25:00 EDT,43.44318,-76.55323,308,65.3,65.7,65.3,90.7,62.5,0.000,0.000,0.00,0.000,4.1,7.4,1.2,163,15,4.6,8.1,1.4,162,16,4.1,7.4,1.2,163,15,3,29.79,,0,0,0,68.5,68.5,68.4,0.22,0.11,0.23
OSWE,2017-08-21 06:30:00 EDT,43.44318,-76.55323,308,65.3,65.7,65.3,90.3,62.4,0.000,0.000,0.00,0.000,4.6,8.0,1.2,175,15,5.1,9.9,1.4,174,12,4.6,8.0,1.2,175,15,6,29.79,,0,0,0,68.5,68.5,68.4,0.22,0.11,0.23
OSWE,2017-08-21 06:35:00 EDT,43.44318,-76.55323,308,65.4,65.8,65.4,90.0,62.4,0.000,0.000,0.00,0.000,5.5,9.0,1.3,173,16,6.1,9.3,1.5,173,13,5.5,9.0,1.3,173,16,11,29.79,,0,0,0,68.5,68.5,68.5,0.22,0.11,0.23
OSWE,2017-08-21 06:40:00 EDT,43.44318,-76.55323,308,65.3,65.6,65.3,89.9,62.2,0.000,0.000,0.00,0.000,4.2,7.1,1.5,163,17,4.8,8.7,1.7,163,15,4.2,7.1,1.5,163,17,17,29.79,,0,0,0,68.5,68.5,68.5,0.22,0.11,0.23
OSWE,2017-08-21 06:45:00 EDT,43.44318,-76.55323,308,65.1,65.4,65.1,90.2,62.2,0.000,0.000,0.00,0.000,4.2,7.9,1.5,163,21,4.8,9.0,1.6,163,18,4.2,7.9,1.5,163,21,22,29.79,,0,0,0,68.5,68.5,68.4,0.22,0.11,0.23
OSWE,2017-08-21 06:50:00 EDT,43.44318,-76.55323,308,65.0,65.4,65.0,90.3,62.1,0.000,0.000,0.00,0.000,3.6,7.5,1.4,160,20,4.0,8.3,1.6,162,18,3.6,7.5,1.4,160,20,35,29.79,,0,0,0,68.5,68.5,68.5,0.22,0.11,0.23
OSWE,2017-08-21 06:55:00 EDT,43.44318,-76.55323,308,65.0,65.3,65.0,90.1,62.0,0.000,0.000,0.00,0.000,4.3,6.8,1.2,162,17,5.2,8.4,1.7,161,15,4.3,6.8,1.2,162,17,45,29.79,,0,0,0,68.4,68.5,68.4,0.22,0.11,0.23
OSWE,2017-08-21 07:00:00 EDT,43.44318,-76.55323,308,65.0,65.2,65.0,90.0,62.0,0.000,0.000,0.00,0.000,4.3,8.8,1.3,165,19,4.8,10.2,1.6,166,17,4.3,8.8,1.3,165,19,42,29.79,,0,0,0,68.5,68.5,68.4,0.22,0.11,0.23
OSWE,2017-08-21 07:05:00 EDT,43.44318,-76.55323,308,64.8,65.0,64.8,90.3,61.9,0.000,0.000,0.00,0.000,4.2,6.9,1.2,164,18,4.7,10.1,1.8,163,16,4.2,6.9,1.2,164,18,40,29.79,,0,0,0,68.5,68.5,68.4,0.22,0.11,0.23
OSWE,2017-08-21 07:10:00 EDT,43.44318,-76.55323,308,64.8,65.0,64.8,90.2,61.8,0.000,0.000,0.00,0.000,4.5,7.5,1.3,163,21,5.0,8.9,1.4,162,18,4.5,7.5,1.3,163,21,49,29.79,,0,0,0,68.5,68.5,68.4,0.22,0.11,0.23
OSWE,2017-08-21 07:15:00 EDT,43.44318,-76.55323,308,64.8,65.0,64.8,89.6,61.7,0.000,0.000,0.00,0.000,4.0,8.2,1.4,166,23,4.7,8.2,1.5,166,20,4.0,8.2,1.4,166,23,60,29.80,,0,0,0,68.5,68.5,68.4,0.22,0.11,0.23
OSWE,2017-08-21 07:20:00 EDT,43.44318,-76.55323,308,64.9,65.0,64.9,89.3,61.6,0.000,0.000,0.00,0.000,3.7,6.1,1.1,162,19,4.4,8.0,1.5,164,18,3.7,6.1,1.1,162,19,84,29.80,,0,0,0,68.5,68.5,68.4,0.22,0.11,0.23
OSWE,2017-08-21 07:25:00 EDT,43.44318,-76.55323,308,65.1,65.2,65.1,88.5,61.6,0.000,0.000,0.00,0.000,4.2,6.8,1.3,161,19,4.9,8.9,1.6,161,17,4.2,6.8,1.3,161,19,79,29.80,,0,0,0,68.4,68.5,68.3,0.22,0.11,0.23
OSWE,2017-08-21 07:30:00 EDT,43.44318,-76.55323,308,65.1,65.2,65.1,88.0,61.4,0.000,0.000,0.00,0.000,4.5,10.0,1.5,169,18,5.1,12.2,1.8,166,16,4.5,10.0,1.5,169,18,81,29.80,,0,0,0,68.5,68.5,68.4,0.22,0.11,0.24
OSWE,2017-08-21 07:35:00 EDT,43.44318,-76.55323,308,65.3,65.3,65.3,87.8,61.6,0.000,0.000,0.00,0.000,3.2,7.0,1.5,160,20,3.8,7.7,1.6,163,18,3.2,7.0,1.5,160,20,132,29.80,,0,0,0,68.4,68.5,68.4,0.22,0.11,0.24
OSWE,2017-08-21 07:40:00 EDT,43.44318,-76.55323,308,65.6,65.6,65.6,86.6,61.5,0.000,0.000,0.00,0.000,4.1,9.8,1.9,160,20,4.7,13.4,2.1,161,18,4.1,9.8,1.9,160,20,118,29.80,,0,0,0,68.5,68.5,68.4,0.22,0.11,0.24
OSWE,2017-08-21 07:45:00 EDT,43.44318,-76.55323,308,65.5,65.5,65.5,86.5,61.4,0.000,0.000,0.00,0.000,4.2,7.7,1.4,161,21,4.9,10.2,1.7,161,18,4.2,7.7,1.4,161,21,85,29.80,,0,0,0,68.5,68.5,68.3,0.22,0.11,0.23
OSWE,2017-08-21 07:50:00 EDT,43.44318,-76.55323,308,65.4,65.5,65.4,87.0,61.4,0.000,0.000,0.00,0.000,4.8,8.5,1.5,163,21,5.2,9.4,1.8,162,19,4.8,8.5,1.5,163,21,75,29.79,,0,0,0,68.4,68.5,68.3,0.22,0.11,0.23
OSWE,2017-08-21 07:55:00 EDT,43.44318,-76.55323,308,65.4,65.5,65.4,87.3,61.5,0.000,0.000,0.00,0.000,4.6,7.7,1.3,165,18,5.2,9.9,1.6,166,17,4.6,7.7,1.3,165,18,77,29.79,,0,0,0,68.4,68.5,68.4,0.22,0.11,0.23
OSWE,2017-08-21 08:00:00 EDT,43.44318,-76.55323,308,65.7,65.7,65.7,86.9,61.7,0.000,0.000,0.00,0.000,4.0,7.9,1.6,165,23,4.8,8.8,1.8,164,20,4.0,7.9,1.6,165,23,142,29.79,,0,0,0,68.5,68.5,68.3,0.22,0.11,0.23
OSWE,2017-08-21 08:05:00 EDT,43.44318,-76.55323,308,66.0,66.0,66.0,86.1,61.7,0.000,0.000,0.00,0.000,5.1,9.2,1.5,161,20,5.7,12.7,1.9,160,18,5.1,9.2,1.5,161,20,132,29.79,,0,0,0,68.5,68.5,68.3,0.22,0.11,0.24
OSWE,2017-08-21 08:10:00 EDT,43.44318,-76.55323,308,66.4,66.3,66.4,85.3,61.9,0.000,0.000,0.00,0.000,4.8,9.8,1.6,159,20,5.5,11.0,1.9,157,17,4.8,9.8,1.6,159,20,224,29.79,,0,0,0,68.5,68.5,68.3,0.22,0.11,0.24
OSWE,2017-08-21 08:15:00 EDT,43.44318,-76.55323,308,67.0,66.8,67.0,83.9,62.0,0.000,0.000,0.00,0.000,4.7,8.7,1.5,159,22,5.4,11.7,1.8,159,19,4.7,8.7,1.5,159,22,244,29.79,,0,0,0,68.4,68.5,68.3,0.22,0.11,0.24
OSWE,2017-08-21 08:20:00 EDT,43.44318,-76.55323,308,67.5,67.3,67.5,82.4,61.9,0.000,0.000,0.00,0.000,5.7,10.1,2.0,162,19,6.3,11.5,2.3,161,17,5.7,10.1,2.0,162,19,257,29.79,,0,0,0,68.4,68.4,68.3,0.22,0.11,0.23
OSWE,2017-08-21 08:25:00 EDT,43.44318,-76.55323,308,68.0,67.8,68.0,81.2,62.0,0.000,0.000,0.00,0.000,5.9,11.3,2.3,172,18,6.8,12.8,2.5,170,14,5.9,11.3,2.3,172,18,272,29.79,,0,0,0,68.3,68.3,68.2,0.22,0.11,0.24
OSWE,2017-08-21 08:30:00 EDT,43.44318,-76.55323,308,68.5,68.3,68.5,80.4,62.3,0.000,0.000,0.00,0.000,5.6,10.5,1.7,164,19,6.3,13.1,1.9,163,17,5.6,10.5,1.7,164,19,288,29.79,,0,0,0,68.4,68.3,68.3,0.22,0.11,0.24
OSWE,2017-08-21 08:35:00 EDT,43.44318,-76.55323,308,69.0,68.8,69.0,79.4,62.4,0.000,0.000,0.00,0.000,5.1,11.4,1.5,163,20,5.7,13.9,1.9,161,20,5.1,11.4,1.5,163,20,303,29.79,,0,0,0,68.4,68.2,68.3,0.22,0.11,0.24
OSWE,2017-08-21 08:40:00 EDT,43.44318,-76.55323,308,69.5,69.2,69.5,77.9,62.4,0.000,0.000,0.00,0.000,5.5,9.0,1.7,162,21,6.0,10.3,2.0,162,19,5.5,9.0,1.7,162,21,317,29.78,,0,0,0,68.5,68.2,68.2,0.22,0.11,0.24
OSWE,2017-08-21 08:45:00 EDT,43.44318,-76.55323,308,69.8,69.5,69.8,77.2,62.3,0.000,0.000,0.00,0.000,5.8,9.2,1.6,165,18,6.7,11.4,1.8,165,16,5.8,9.2,1.6,165,18,328,29.78,,0,0,0,68.4,68.2,68.2,0.22,0.11,0.24
OSWE,2017-08-21 08:50:00 EDT,43.44318,-76.55323,308,70.3,69.9,70.3,77.0,62.7,0.000,0.000,0.00,0.000,4.9,10.2,1.8,168,20,5.5,12.6,2.2,167,18,4.9,10.2,1.8,168,20,345,29.78,,0,0,0,68.4,68.2,68.2,0.22,0.11,0.23
OSWE,2017-08-21 08:55:00 EDT,43.44318,-76.55323,308,70.6,70.2,70.6,75.1,62.3,0.000,0.000,0.00,0.000,6.0,9.9,1.7,168,17,7.0,12.9,2.1,167,15,6.0,9.9,1.7,168,17,362,29.78,,0,0,0,68.5,68.2,68.2,0.22,0.11,0.23
OSWE,2017-08-21 09:00:00 EDT,43.44318,-76.55323,308,71.0,70.6,71.0,73.9,62.3,0.000,0.000,0.00,0.000,5.2,8.6,1.8,166,18,5.8,11.1,2.1,168,18,5.2,8.6,1.8,166,18,376,29.79,,0,0,0,68.5,68.2,68.2,0.22,0.11,0.24
OSWE,2017-08-21 09:05:00 EDT,43.44318,-76.55323,308,71.4,71.0,71.4,73.2,62.4,0.000,0.000,0.00,0.000,6.8,12.1,2.1,169,15,7.8,14.9,2.4,168,13,6.8,12.1,2.1,169,15,387,29.79,,0,0,0,68.4,68.2,68.2,0.22,0.11,0.24
OSWE,2017-08-21 09:10:00 EDT,43.44318,-76.55323,308,71.9,71.4,71.9,72.8,62.7,0.000,0.000,0.00,0.000,5.9,11.3,1.8,170,17,6.5,12.6,1.9,169,17,5.9,11.3,1.8,170,17,397,29.79,,0,0,0,68.4,68.2,68.2,0.22,0.11,0.24
OSWE,2017-08-21 09:15:00 EDT,43.44318,-76.55323,308,72.2,71.7,72.2,72.4,62.8,0.000,0.000,0.00,0.000,5.8,8.8,1.7,169,20,6.5,11.8,1.9,168,19,5.8,8.8,1.7,169,20,414,29.79,,0,0,0,68.5,68.2,68.2,0.22,0.11,0.24
OSWE,2017-08-21 09:20:00 EDT,43.44318,-76.55323,308,72.7,72.0,72.7,72.1,63.2,0.000,0.000,0.00,0.000,5.4,9.6,1.6,174,18,5.9,10.2,1.9,173,17,5.4,9.6,1.6,174,18,430,29.79,,0,0,0,68.4,68.2,68.2,0.22,0.11,0.23
OSWE,2017-08-21 09:25:00 EDT,43.44318,-76.55323,308,73.0,72.3,73.0,71.3,63.1,0.000,0.000,0.00,0.000,4.6,7.7,1.3,172,22,5.3,9.6,1.5,172,19,4.6,7.7,1.3,172,22,443,29.79,,0,0,0,68.4,68.2,68.2,0.22,0.11,0.23
OSWE,2017-08-21 09:30:00 EDT,43.44318,-76.55323,308,73.5,72.6,73.5,70.9,63.5,0.000,0.000,0.00,0.000,6.2,9.3,1.4,172,20,6.9,11.4,1.8,171,20,6.2,9.3,1.4,172,20,456,29.79,,0,0,0,68.4,68.2,68.2,0.22,0.11,0.23
OSWE,2017-08-21 09:35:00 EDT,43.44318,-76.55323,308,73.7,72.9,73.7,70.2,63.4,0.000,0.000,0.00,0.000,5.7,9.6,1.6,180,17,6.3,10.3,1.8,179,15,5.7,9.6,1.6,180,17,471,29.79,,0,0,0,68.4,68.2,68.2,0.22,0.11,0.23
OSWE,2017-08-21 09:40:00 EDT,43.44318,-76.55323,308,74.0,73.3,74.0,69.6,63.4,0.000,0.000,0.00,0.000,6.3,12.2,1.8,174,18,7.0,12.1,1.9,174,17,6.3,12.2,1.8,174,18,482,29.79,,0,0,0,68.5,68.2,68.2,0.22,0.11,0.23
OSWE,2017-08-21 09:45:00 EDT,43.44318,-76.55323,308,74.6,73.9,74.6,69.3,63.8,0.000,0.000,0.00,0.000,4.8,10.1,2.1,175,22,5.6,12.2,2.4,174,20,4.8,10.1,2.1,175,22,495,29.79,,0,0,0,68.5,68.2,68.2,0.22,0.11,0.23
OSWE,2017-08-21 09:50:00 EDT,43.44318,-76.55323,308,74.7,74.1,74.7,67.5,63.2,0.000,0.000,0.00,0.000,6.1,9.6,1.9,178,18,6.8,11.7,2.3,176,16,6.1,9.6,1.9,178,18,510,29.79,,0,0,0,68.5,68.2,68.2,0.22,0.11,0.23
OSWE,2017-08-21 09:55:00 EDT,43.44318,-76.55323,308,74.9,74.3,74.9,67.7,63.5,0.000,0.000,0.00,0.000,6.8,10.7,1.9,176,15,7.5,13.0,2.1,174,15,6.8,10.7,1.9,176,15,524,29.79,,0,0,0,68.5,68.2,68.2,0.22,0.11,0.23
OSWE,2017-08-21 10:00:00 EDT,43.44318,-76.55323,308,75.3,74.8,75.3,67.7,63.9,0.000,0.000,0.00,0.000,5.2,9.1,1.8,172,17,5.8,11.7,2.2,171,15,5.2,9.1,1.8,172,17,536,29.79,,0,0,0,68.5,68.2,68.2,0.22,0.11,0.23
OSWE,2017-08-21 10:05:00 EDT,43.44318,-76.55323,308,76.1,75.4,76.1,67.2,64.4,0.000,0.000,0.00,0.000,5.7,9.4,1.6,155,19,6.2,10.4,1.8,154,18,5.7,9.4,1.6,155,19,548,29.78,,0,0,0,68.5,68.2,68.2,0.22,0.11,0.23
OSWE,2017-08-21 10:10:00 EDT,43.44318,-76.55323,308,76.4,75.7,76.4,66.2,64.3,0.000,0.000,0.00,0.000,5.1,9.3,1.7,178,21,6.0,10.5,1.9,176,19,5.1,9.3,1.7,178,21,561,29.78,,0,0,0,68.5,68.2,68.2,0.22,0.11,0.24
OSWE,2017-08-21 10:15:00 EDT,43.44318,-76.55323,308,76.5,75.8,76.5,65.3,64.0,0.000,0.000,0.00,0.000,6.7,11.8,2.1,183,18,7.3,13.5,2.4,182,17,6.7,11.8,2.1,183,18,571,29.79,,0,0,0,68.4,68.2,68.2,0.22,0.11,0.23
OSWE,2017-08-21 10:20:00 EDT,43.44318,-76.55323,308,76.9,76.4,76.9,65.9,64.7,0.000,0.000,0.00,0.000,4.5,9.6,1.9,168,21,5.2,10.2,2.0,170,21,4.5,9.6,1.9,168,21,583,29.78,,0,0,0,68.5,68.2,68.2,0.22,0.11,0.23
OSWE,2017-08-21 10:25:00 EDT,43.44318,-76.55323,308,77.2,76.4,77.2,64.4,64.2,0.000,0.000,0.00,0.000,5.3,10.2,2.4,175,22,6.1,11.4,2.4,178,21,5.3,10.2,2.4,175,22,593,29.78,,0,0,0,68.5,68.2,68.2,0.22,0.11,0.23
OSWE,2017-08-21 10:30:00 EDT,43.44318,-76.55323,308,77.1,76.2,77.1,63.6,63.8,0.000,0.000,0.00,0.000,8.1,14.0,2.1,184,17,8.9,16.1,2.4,182,17,8.1,14.0,2.1,184,17,601,29.78,,0,0,0,68.5,68.2,68.2,0.22,0.11,0.23
OSWE,2017-08-21 10:35:00 EDT,43.44318,-76.55323,308,77.3,76.5,77.3,64.5,64.4,0.000,0.000,0.00,0.000,5.2,9.6,1.8,184,18,5.8,11.3,1.9,183,17,5.2,9.6,1.8,184,18,609,29.78,,0,0,0,68.5,68.2,68.2,0.22,0.11,0.23
OSWE,2017-08-21 10:40:00 EDT,43.44318,-76.55323,308,77.5,76.6,77.5,63.4,64.1,0.000,0.000,0.00,0.000,4.5,7.5,1.2,192,22,5.2,9.7,1.6,192,21,4.5,7.5,1.2,192,22,618,29.78,,0,0,0,68.6,68.2,68.2,0.22,0.11,0.23
OSWE,2017-08-21 10:45:00 EDT,43.44318,-76.55323,308,77.9,77.0,77.9,62.1,63.9,0.000,0.000,0.00,0.000,5.4,9.5,1.7,191,21,6.1,11.4,2.0,190,20,5.4,9.5,1.7,191,21,564,29.78,,0,0,0,68.7,68.2,68.2,0.22,0.11,0.23
OSWE,2017-08-21 10:50:00 EDT,43.44318,-76.55323,308,78.3,77.3,78.3,61.2,63.9,0.000,0.000,0.00,0.000,5.6,10.7,2.1,191,19,6.3,12.6,2.4,189,18,5.6,10.7,2.1,191,19,625,29.78,,0,0,0,68.8,68.2,68.1,0.22,0.11,0.23
OSWE,2017-08-21 10:55:00 EDT,43.44318,-76.55323,308,78.6,77.5,78.6,61.6,64.3,0.000,0.000,0.00,0.000,4.9,7.5,1.4,183,20,5.5,8.8,1.6,184,19,4.9,7.5,1.4,183,20,649,29.77,,0,0,0,68.8,68.2,68.1,0.22,0.11,0.23
OSWE,2017-08-21 11:00:00 EDT,43.44318,-76.55323,308,78.8,77.9,78.8,60.3,63.9,0.000,0.000,0.00,0.000,5.3,9.9,2.0,183,19,5.9,13.9,2.4,181,17,5.3,9.9,2.0,183,19,657,29.77,,0,0,0,68.8,68.2,68.2,0.22,0.11,0.23
OSWE,2017-08-21 11:05:00 EDT,43.44318,-76.55323,308,78.9,78.0,78.9,60.3,64.0,0.000,0.000,0.00,0.000,3.7,7.5,1.6,207,19,4.4,8.3,1.5,208,18,3.7,7.5,1.6,207,19,665,29.77,,0,0,0,68.8,68.2,68.1,0.22,0.11,0.23
OSWE,2017-08-21 11:10:00 EDT,43.44318,-76.55323,308,79.3,78.4,79.3,59.8,64.1,0.000,0.000,0.00,0.000,5.2,10.3,1.7,195,23,5.7,11.9,2.0,194,21,5.2,10.3,1.7,195,23,678,29.77,,0,0,0,68.9,68.2,68.1,0.22,0.11,0.23
OSWE,2017-08-21 11:15:00 EDT,43.44318,-76.55323,308,79.5,78.4,79.5,59.8,64.3,0.000,0.000,0.00,0.000,4.5,9.7,1.9,195,25,5.2,13.2,2.1,195,25,4.5,9.7,1.9,195,25,684,29.77,,0,0,0,69.0,68.2,68.0,0.21,0.11,0.23
OSWE,2017-08-21 11:20:00 EDT,43.44318,-76.55323,308,79.5,78.4,79.5,60.6,64.7,0.000,0.000,0.00,0.000,5.5,9.9,2.3,197,23,5.9,11.1,2.3,194,22,5.5,9.9,2.3,197,23,686,29.77,,0,0,0,69.1,68.2,68.0,0.21,0.11,0.24
OSWE,2017-08-21 11:25:00 EDT,43.44318,-76.55323,308,79.9,78.8,79.9,60.9,65.2,0.000,0.000,0.00,0.000,3.6,6.4,0.9,215,31,4.1,6.8,1.1,216,30,3.6,6.4,0.9,215,31,691,29.77,,0,0,0,69.1,68.2,68.0,0.21,0.11,0.23
OSWE,2017-08-21 11:30:00 EDT,43.44318,-76.55323,308,79.6,78.5,79.6,59.8,64.4,0.000,0.000,0.00,0.000,5.7,9.1,1.4,191,19,6.1,9.8,1.6,191,18,5.7,9.1,1.4,191,19,696,29.77,,0,0,0,69.1,68.2,68.1,0.21,0.11,0.23
OSWE,2017-08-21 11:35:00 EDT,43.44318,-76.55323,308,79.6,78.5,79.6,60.4,64.7,0.000,0.000,0.00,0.000,5.4,8.3,1.6,197,20,5.7,10.1,1.8,197,18,5.4,8.3,1.6,197,20,701,29.77,,0,0,0,69.2,68.2,68.0,0.22,0.11,0.23
OSWE,2017-08-21 11:40:00 EDT,43.44318,-76.55323,308,80.2,79.2,82.2,61.2,65.7,0.000,0.000,0.00,0.000,3.1,7.2,1.4,214,22,3.6,7.9,1.3,213,21,3.1,7.2,1.4,214,22,701,29.77,,0,0,0,69.2,68.2,67.9,0.21,0.11,0.23
OSWE,2017-08-21 11:45:00 EDT,43.44318,-76.55323,308,80.8,79.6,82.7,59.3,65.2,0.000,0.000,0.00,0.000,3.6,6.2,1.4,204,41,4.1,7.2,1.5,208,43,3.6,6.2,1.4,204,41,706,29.77,,0,0,0,69.2,68.2,68.0,0.21,0.11,0.23
OSWE,2017-08-21 11:50:00 EDT,43.44318,-76.55323,308,80.9,79.6,82.8,59.2,65.3,0.000,0.000,0.00,0.000,5.0,7.7,1.6,195,21,5.6,9.5,1.7,193,20,5.0,7.7,1.6,195,21,716,29.77,,0,0,0,69.2,68.2,67.9,0.22,0.11,0.23
OSWE,2017-08-21 11:55:00 EDT,43.44318,-76.55323,308,80.6,79.5,82.0,55.8,63.4,0.000,0.000,0.00,0.000,4.8,9.0,1.6,249,18,5.0,8.4,1.5,249,19,4.8,9.0,1.6,249,18,719,29.77,,0,0,0,69.4,68.2,68.0,0.22,0.11,0.23
OSWE,2017-08-21 12:00:00 EDT,43.44318,-76.55323,308,80.9,79.9,82.7,58.0,64.8,0.000,0.000,0.00,0.000,4.1,6.6,1.1,194,17,4.6,7.5,1.3,194,16,4.1,6.6,1.1,194,17,720,29.77,,0,0,0,69.5,68.2,67.9,0.21,0.11,0.23
OSWE,2017-08-21 12:05:00 EDT,43.44318,-76.55323,308,81.2,80.2,83.0,58.3,65.1,0.000,0.000,0.00,0.000,4.5,8.0,1.5,203,23,5.0,9.2,1.6,201,22,4.5,8.0,1.5,203,23,726,29.77,,0,0,0,69.5,68.2,68.0,0.21,0.11,0.23
OSWE,2017-08-21 12:10:00 EDT,43.44318,-76.55323,308,81.4,80.3,83.3,58.2,65.3,0.000,0.000,0.00,0.000,4.5,8.7,2.0,231,26,4.9,8.9,1.8,231,26,4.5,8.7,2.0,231,26,732,29.77,,0,0,0,69.6,68.2,67.9,0.21,0.11,0.22
OSWE,2017-08-21 12:15:00 EDT,43.44318,-76.55323,308,81.9,80.7,84.1,59.3,66.3,0.000,0.000,0.00,0.000,2.2,5.0,1.4,255,38,2.6,5.8,1.3,261,42,2.2,5.0,1.4,255,38,727,29.77,,0,0,0,69.5,68.2,68.0,0.21,0.11,0.23
OSWE,2017-08-21 12:20:00 EDT,43.44318,-76.55323,308,82.0,80.8,84.2,58.1,65.9,0.000,0.000,0.00,0.000,4.1,6.9,1.4,230,46,4.6,7.8,1.6,231,47,4.1,6.9,1.4,230,46,741,29.77,,0,0,0,69.7,68.2,68.0,0.21,0.11,0.23
OSWE,2017-08-21 12:25:00 EDT,43.44318,-76.55323,308,82.2,80.8,84.3,57.6,65.8,0.000,0.000,0.00,0.000,2.6,5.9,1.3,272,29,3.4,6.7,1.3,273,28,2.6,5.9,1.3,272,29,743,29.77,,0,0,0,69.7,68.2,67.9,0.21,0.11,0.23
OSWE,2017-08-21 12:30:00 EDT,43.44318,-76.55323,308,81.9,80.8,83.3,54.2,63.7,0.000,0.000,0.00,0.000,3.3,5.7,1.1,291,20,3.8,7.2,1.3,294,19,3.3,5.7,1.1,291,20,743,29.77,,0,0,0,69.8,68.2,67.9,0.21,0.11,0.23
OSWE,2017-08-21 12:35:00 EDT,43.44318,-76.55323,308,81.7,80.6,83.3,55.5,64.2,0.000,0.000,0.00,0.000,4.4,7.4,1.2,290,20,4.8,8.7,1.4,293,18,4.4,7.4,1.2,290,20,747,29.77,,0,0,0,69.9,68.2,68.0,0.21,0.11,0.23
OSWE,2017-08-21 12:40:00 EDT,43.44318,-76.55323,308,81.7,80.6,83.5,57.1,65.1,0.000,0.000,0.00,0.000,4.8,8.6,2.0,291,15,5.2,10.4,2.2,292,13,4.8,8.6,2.0,291,15,740,29.77,,0,0,0,69.9,68.2,68.0,0.21,0.11,0.23
OSWE,2017-08-21 12:45:00 EDT,43.44318,-76.55323,308,81.4,80.4,83.1,57.0,64.7,0.000,0.000,0.00,0.000,4.9,8.5,1.6,282,22,5.5,9.1,1.6,283,20,4.9,8.5,1.6,282,22,739,29.76,,0,0,0,69.9,68.2,67.9,0.21,0.11,0.23
OSWE,2017-08-21 12:50:00 EDT,43.44318,-76.55323,308,81.7,80.6,83.4,56.2,64.6,0.000,0.000,0.00,0.000,5.1,9.6,1.6,289,17,5.6,10.9,1.8,291,16,5.1,9.6,1.6,289,17,738,29.76,,0,0,0,69.9,68.2,67.9,0.21,0.11,0.23
OSWE,2017-08-21 12:55:00 EDT,43.44318,-76.55323,308,82.0,81.0,83.6,55.6,64.5,0.000,0.000,0.00,0.000,5.1,8.4,1.2,295,14,5.6,9.5,1.4,298,12,5.1,8.4,1.2,295,14,745,29.76,,0,0,0,70.0,68.2,68.0,0.21,0.11,0.23
OSWE,2017-08-21 13:00:00 EDT,43.44318,-76.55323,308,81.7,80.8,83.3,55.2,64.1,0.000,0.000,0.00,0.000,6.2,8.9,1.3,285,12,6.7,11.3,1.5,286,11,6.2,8.9,1.3,285,12,751,29.76,,0,0,0,70.1,68.2,68.0,0.21,0.11,0.23
OSWE,2017-08-21 13:05:00 EDT,43.44318,-76.55323,308,81.4,80.4,83.0,56.1,64.3,0.000,0.000,0.00,0.000,5.2,7.7,1.5,278,13,5.8,9.4,1.6,280,10,5.2,7.7,1.5,278,13,746,29.76,,0,0,0,70.2,68.2,67.9,0.21,0.11,0.23
OSWE,2017-08-21 13:10:00 EDT,43.44318,-76.55323,308,80.9,79.9,83.0,60.7,66.0,0.000,0.000,0.00,0.000,5.4,8.1,1.4,293,20,5.8,9.8,1.6,294,18,5.4,8.1,1.4,293,20,749,29.76,,0,0,0,70.3,68.2,67.9,0.21,0.11,0.23
OSWE,2017-08-21 13:15:00 EDT,43.44318,-76.55323,308,80.4,79.4,82.8,63.8,67.1,0.000,0.000,0.00,0.000,5.5,8.2,1.5,288,24,6.0,8.6,1.5,288,23,5.5,8.2,1.5,288,24,753,29.76,,0,0,0,70.4,68.2,67.9,0.21,0.11,0.23
OSWE,2017-08-21 13:20:00 EDT,43.44318,-76.55323,308,80.2,79.2,82.5,63.0,66.5,0.000,0.000,0.00,0.000,5.7,9.1,2.0,281,15,6.5,11.3,2.1,283,12,5.7,9.1,2.0,281,15,745,29.76,,0,0,0,70.5,68.2,67.9,0.21,0.11,0.23
OSWE,2017-08-21 13:25:00 EDT,43.44318,-76.55323,308,80.6,79.5,82.9,63.2,66.9,0.000,0.000,0.00,0.000,5.3,9.5,1.7,288,19,5.8,11.1,1.9,289,16,5.3,9.5,1.7,288,19,732,29.76,,0,0,0,70.5,68.2,68.0,0.21,0.11,0.23
OSWE,2017-08-21 13:30:00 EDT,43.44318,-76.55323,308,81.0,79.9,83.1,60.8,66.2,0.000,0.000,0.00,0.000,5.1,9.6,1.8,275,17,5.9,11.1,1.9,278,16,5.1,9.6,1.8,275,17,704,29.76,,0,0,0,70.5,68.2,67.9,0.21,0.11,0.23
OSWE,2017-08-21 13:35:00 EDT,43.44318,-76.55323,308,81.4,80.3,83.8,61.7,67.0,0.000,0.000,0.00,0.000,3.4,6.0,1.2,277,22,4.0,6.7,1.5,279,17,3.4,6.0,1.2,277,22,677,29.76,,0,0,0,70.6,68.2,67.9,0.21,0.11,0.23
OSWE,2017-08-21 13:40:00 EDT,43.44318,-76.55323,308,81.2,80.2,83.2,59.3,65.7,0.000,0.000,0.00,0.000,4.3,9.1,1.8,273,24,5.0,10.1,1.8,273,22,4.3,9.1,1.8,273,24,647,29.76,,0,0,0,70.6,68.2,67.9,0.21,0.11,0.23
OSWE,2017-08-21 13:45:00 EDT,43.44318,-76.55323,308,81.2,80.3,83.3,60.0,66.0,0.000,0.000,0.00,0.000,3.2,5.9,1.2,277,28,3.7,7.1,1.3,281,28,3.2,5.9,1.2,277,28,610,29.76,,0,0,0,70.6,68.2,67.9,0.21,0.11,0.23
OSWE,2017-08-21 13:50:00 EDT,43.44318,-76.55323,308,80.8,80.0,82.7,59.4,65.4,0.000,0.000,0.00,0.000,4.4,9.6,1.7,280,19,4.9,9.9,1.8,283,17,4.4,9.6,1.7,280,19,566,29.75,,0,0,0,70.6,68.2,68.0,0.21,0.11,0.23
OSWE,2017-08-21 13:55:00 EDT,43.44318,-76.55323,308,80.2,79.5,81.9,58.3,64.3,0.000,0.000,0.00,0.000,5.2,8.8,1.6,283,19,5.8,10.0,1.8,284,17,5.2,8.8,1.6,283,19,521,29.75,,0,0,0,70.9,68.2,67.9,0.21,0.11,0.23
OSWE,2017-08-21 14:00:00 EDT,43.44318,-76.55323,308,80.1,79.5,81.7,57.8,63.9,0.000,0.000,0.00,0.000,5.0,7.9,1.4,289,17,5.5,9.8,1.7,291,15,5.0,7.9,1.4,289,17,471,29.75,,0,0,0,70.9,68.2,67.9,0.21,0.11,0.23
OSWE,2017-08-21 14:05:00 EDT,43.44318,-76.55323,308,80.0,79.5,80.0,59.0,64.4,0.000,0.000,0.00,0.000,4.8,8.4,1.4,274,18,5.4,10.4,1.6,275,16,4.8,8.4,1.4,274,18,423,29.75,,0,0,0,71.0,68.2,67.9,0.21,0.11,0.23
OSWE,2017-08-21 14:10:00 EDT,43.44318,-76.55323,308,79.6,79.2,79.6,59.9,64.4,0.000,0.000,0.00,0.000,5.3,8.1,1.5,275,16,5.9,10.2,1.9,277,15,5.3,8.1,1.5,275,16,376,29.75,,0,0,0,71.1,68.2,67.9,0.21,0.11,0.23
OSWE,2017-08-21 14:15:00 EDT,43.44318,-76.55323,308,79.2,78.9,79.2,61.2,64.7,0.000,0.000,0.00,0.000,5.2,8.9,1.8,276,17,5.8,11.0,2.0,277,15,5.2,8.9,1.8,276,17,332,29.75,,0,0,0,71.2,68.2,67.9,0.21,0.11,0.23
OSWE,2017-08-21 14:20:00 EDT,43.44318,-76.55323,308,78.5,78.0,78.5,66.6,66.4,0.000,0.000,0.00,0.000,4.0,6.1,1.3,304,16,4.3,6.8,1.4,305,16,4.0,6.1,1.3,304,16,290,29.75,,0,0,0,71.2,68.2,67.9,0.21,0.11,0.23
OSWE,2017-08-21 14:25:00 EDT,43.44318,-76.55323,308,78.3,77.9,78.3,67.2,66.5,0.000,0.000,0.00,0.000,3.8,7.1,1.7,289,19,4.2,8.1,1.8,290,19,3.8,7.1,1.7,289,19,255,29.74,,0,0,0,71.3,68.2,67.9,0.21,0.11,0.23
OSWE,2017-08-21 14:30:00 EDT,43.44318,-76.55323,308,77.9,77.7,77.9,67.0,66.1,0.000,0.000,0.00,0.000,4.5,7.0,1.5,288,15,5.0,8.6,1.6,289,13,4.5,7.0,1.5,288,15,228,29.74,,0,0,0,71.3,68.2,67.9,0.21,0.11,0.23
OSWE,2017-08-21 14:35:00 EDT,43.44318,-76.55323,308,77.7,77.5,77.7,69.1,66.7,0.000,0.000,0.00,0.000,3.0,5.8,1.2,286,20,3.4,6.2,1.3,289,19,3.0,5.8,1.2,286,20,211,29.74,,0,0,0,71.3,68.2,68.0,0.21,0.11,0.23
OSWE,2017-08-21 14:40:00 EDT,43.44318,-76.55323,308,77.7,77.5,77.7,68.4,66.5,0.000,0.000,0.00,0.000,3.2,5.8,1.1,288,21,3.5,6.6,1.2,291,19,3.2,5.8,1.1,288,21,202,29.74,,0,0,0,71.3,68.2,67.9,0.21,0.11,0.23
OSWE,2017-08-21 14:45:00 EDT,43.44318,-76.55323,308,77.7,77.6,77.7,68.0,66.3,0.000,0.000,0.00,0.000,3.3,7.2,1.3,287,18,3.6,9.3,1.5,289,16,3.3,7.2,1.3,287,18,210,29.74,,0,0,0,71.3,68.2,68.0,0.21,0.11,0.23
OSWE,2017-08-21 14:50:00 EDT,43.44318,-76.55323,308,77.6,77.4,77.6,68.1,66.3,0.000,0.000,0.00,0.000,2.7,5.2,1.0,289,25,3.0,6.6,1.2,290,24,2.7,5.2,1.0,289,25,225,29.74,,0,0,0,71.3,68.2,67.9,0.21,0.11,0.22
OSWE,2017-08-21 14:55:00 EDT,43.44318,-76.55323,308,77.7,77.5,77.7,67.3,66.0,0.000,0.000,0.00,0.000,3.5,5.4,0.7,281,18,3.9,8.0,1.1,283,16,3.5,5.4,0.7,281,18,252,29.74,,0,0,0,71.4,68.2,67.9,0.21,0.11,0.23
OSWE,2017-08-21 15:00:00 EDT,43.44318,-76.55323,308,77.8,77.5,77.8,67.6,66.3,0.000,0.000,0.00,0.000,3.3,5.5,1.2,279,18,3.6,6.4,1.3,281,15,3.3,5.5,1.2,279,18,284,29.74,,0,0,0,71.3,68.3,68.0,0.21,0.11,0.23
OSWE,2017-08-21 15:05:00 EDT,43.44318,-76.55323,308,78.0,77.7,78.0,65.6,65.6,0.000,0.000,0.00,0.000,4.0,6.7,1.1,278,13,4.5,7.7,1.4,282,13,4.0,6.7,1.1,278,13,319,29.74,,0,0,0,71.4,68.5,67.9,0.21,0.11,0.23
OSWE,2017-08-21 15:10:00 EDT,43.44318,-76.55323,308,78.3,77.9,78.3,66.1,66.0,0.000,0.000,0.00,0.000,3.9,6.9,1.0,284,21,4.4,7.8,1.2,288,19,3.9,6.9,1.0,284,21,356,29.74,,0,0,0,71.5,68.5,67.9,0.21,0.11,0.23
OSWE,2017-08-21 15:15:00 EDT,43.44318,-76.55323,308,78.6,78.1,78.6,64.3,65.5,0.000,0.000,0.00,0.000,4.3,6.3,1.1,285,17,4.8,7.7,1.3,287,14,4.3,6.3,1.1,285,17,393,29.74,,0,0,0,71.6,68.5,67.9,0.21,0.11,0.23
OSWE,2017-08-21 15:20:00 EDT,43.44318,-76.55323,308,78.8,78.2,78.8,63.0,65.1,0.000,0.000,0.00,0.000,3.7,6.9,1.6,291,20,4.0,7.9,1.6,292,18,3.7,6.9,1.6,291,20,434,29.73,,0,0,0,71.6,68.5,67.9,0.21,0.11,0.23
OSWE,2017-08-21 15:25:00 EDT,43.44318,-76.55323,308,79.1,78.4,79.1,62.2,65.1,0.000,0.000,0.00,0.000,4.0,6.9,1.3,286,18,4.3,6.9,1.4,287,17,4.0,6.9,1.3,286,18,470,29.73,,0,0,0,71.6,68.5,67.9,0.21,0.11,0.23
OSWE,2017-08-21 15:30:00 EDT,43.44318,-76.55323,308,79.4,78.6,79.4,62.1,65.3,0.000,0.000,0.00,0.000,3.5,6.1,1.2,295,17,3.7,7.3,1.4,296,16,3.5,6.1,1.2,295,17,503,29.73,,0,0,0,71.6,68.5,67.9,0.21,0.11,0.23
OSWE,2017-08-21 15:35:00 EDT,43.44318,-76.55323,308,79.7,78.8,79.7,61.4,65.2,0.000,0.000,0.00,0.000,3.7,6.2,1.2,296,21,4.0,6.8,1.3,299,19,3.7,6.2,1.2,296,21,532,29.73,,0,0,0,71.6,68.5,68.0,0.21,0.11,0.23
OSWE,2017-08-21 15:40:00 EDT,43.44318,-76.55323,308,80.0,79.0,80.0,60.9,65.3,0.000,0.000,0.00,0.000,3.8,6.7,1.2,312,19,4.0,7.4,1.3,316,20,3.8,6.7,1.2,312,19,556,29.73,,0,0,0,71.6,68.5,67.9,0.21,0.11,0.23
OSWE,2017-08-21 15:45:00 EDT,43.44318,-76.55323,308,80.0,79.0,81.9,60.7,65.2,0.000,0.000,0.00,0.000,3.1,6.0,1.1,302,17,3.4,6.3,1.1,302,17,3.1,6.0,1.1,302,17,573,29.73,,0,0,0,71.7,68.5,67.9,0.21,0.11,0.23
OSWE,2017-08-21 15:50:00 EDT,43.44318,-76.55323,308,80.1,79.0,82.0,60.8,65.3,0.000,0.000,0.00,0.000,4.2,6.2,1.2,297,13,4.6,6.5,1.2,300,12,4.2,6.2,1.2,297,13,580,29.73,,0,0,0,71.7,68.5,68.0,0.21,0.11,0.23
OSWE,2017-08-21 15:55:00 EDT,43.44318,-76.55323,308,80.0,79.0,80.0,60.4,65.1,0.000,0.000,0.00,0.000,3.5,5.7,1.1,311,15,3.6,6.3,1.0,311,16,3.5,5.7,1.1,311,15,578,29.73,,0,0,0,71.7,68.5,68.0,0.21,0.11,0.23
OSWE,2017-08-21 16:00:00 EDT,43.44318,-76.55323,308,80.6,79.4,82.7,61.0,66.0,0.000,0.000,0.00,0.000,3.3,6.6,1.6,259,18,3.7,7.2,1.7,262,18,3.3,6.6,1.6,259,18,568,29.72,,0,0,0,71.7,68.5,67.9,0.21,0.11,0.23
OSWE,2017-08-21 16:05:00 EDT,43.44318,-76.55323,308,80.5,79.2,82.4,60.0,65.3,0.000,0.000,0.00,0.000,4.8,7.1,1.0,257,14,5.3,7.8,1.1,259,13,4.8,7.1,1.0,257,14,546,29.72,,0,0,0,71.7,68.5,67.9,0.21,0.11,0.23
OSWE,2017-08-21 16:10:00 EDT,43.44318,-76.55323,308,80.5,79.4,82.5,60.8,65.7,0.000,0.000,0.00,0.000,3.7,6.9,1.2,254,21,4.1,7.4,1.3,256,19,3.7,6.9,1.2,254,21,544,29.73,,0,0,0,71.8,68.5,67.9,0.21,0.11,0.23
OSWE,2017-08-21 16:15:00 EDT,43.44318,-76.55323,308,80.4,79.4,82.4,60.8,65.7,0.000,0.000,0.00,0.000,4.1,6.1,0.9,248,18,4.6,7.1,1.1,250,18,4.1,6.1,0.9,248,18,534,29.73,,0,0,0,71.8,68.5,68.0,0.21,0.11,0.23
OSWE,2017-08-21 16:20:00 EDT,43.44318,-76.55323,308,80.3,79.3,82.3,61.1,65.7,0.000,0.000,0.00,0.000,2.2,5.6,1.5,283,31,2.7,6.4,1.6,288,33,2.2,5.6,1.5,283,31,513,29.73,,0,0,0,71.9,68.5,68.0,0.21,0.11,0.23
OSWE,2017-08-21 16:25:00 EDT,43.44318,-76.55323,308,79.8,79.0,79.8,60.3,64.9,0.000,0.000,0.00,0.000,3.6,6.2,1.4,314,16,3.8,6.9,1.4,316,14,3.6,6.2,1.4,314,16,509,29.73,,0,0,0,72.0,68.5,67.9,0.21,0.11,0.23
OSWE,2017-08-21 16:30:00 EDT,43.44318,-76.55323,308,79.8,79.0,79.8,61.2,65.3,0.000,0.000,0.00,0.000,4.2,7.0,1.3,310,16,4.3,7.9,1.4,314,17,4.2,7.0,1.3,310,16,497,29.73,,0,0,0,72.1,68.5,67.9,0.21,0.11,0.23
OSWE,2017-08-21 16:35:00 EDT,43.44318,-76.55323,308,79.5,78.6,79.5,61.4,65.0,0.000,0.000,0.00,0.000,4.4,7.5,1.1,295,16,4.7,8.7,1.3,296,15,4.4,7.5,1.1,295,16,487,29.73,,0,0,0,72.0,68.5,67.9,0.21,0.11,0.23
OSWE,2017-08-21 16:40:00 EDT,43.44318,-76.55323,308,79.6,78.7,79.6,61.8,65.4,0.000,0.000,0.00,0.000,3.5,5.0,0.8,283,24,3.8,6.1,1.1,285,24,3.5,5.0,0.8,283,24,475,29.73,,0,0,0,72.1,68.5,67.9,0.21,0.11,0.23
OSWE,2017-08-21 16:45:00 EDT,43.44318,-76.55323,308,79.5,78.6,79.5,61.4,65.0,0.000,0.000,0.00,0.000,3.7,6.1,1.5,291,15,4.0,6.9,1.6,294,15,3.7,6.1,1.5,291,15,464,29.73,,0,0,0,72.1,68.5,68.0,0.21,0.11,0.23
OSWE,2017-08-21 16:50:00 EDT,43.44318,-76.55323,308,79.3,78.5,79.3,62.5,65.4,0.000,0.000,0.00,0.000,2.9,6.0,1.3,284,22,3.2,6.6,1.4,286,22,2.9,6.0,1.3,284,22,451,29.73,,0,0,0,72.1,68.5,67.9,0.21,0.11,0.23
OSWE,2017-08-21 16:55:00 EDT,43.44318,-76.55323,308,80.0,78.9,80.0,64.1,66.7,0.000,0.000,0.00,0.000,2.5,5.1,1.4,240,19,2.9,6.2,1.3,240,20,2.5,5.1,1.4,240,19,442,29.73,,0,0,0,72.1,68.5,67.9,0.21,0.11,0.22
OSWE,2017-08-21 17:00:00 EDT,43.44318,-76.55323,308,79.2,78.3,79.2,63.5,65.8,0.000,0.000,0.00,0.000,3.7,5.8,1.1,260,25,3.9,7.0,1.3,264,25,3.7,5.8,1.1,260,25,428,29.73,,0,0,0,72.1,68.5,67.9,0.21,0.11,0.23
OSWE,2017-08-21 17:05:00 EDT,43.44318,-76.55323,308,79.0,78.2,79.0,63.2,65.4,0.000,0.000,0.00,0.000,3.4,6.1,1.4,272,15,3.8,6.8,1.5,274,14,3.4,6.1,1.4,272,15,399,29.72,,0,0,0,72.1,68.5,68.0,0.21,0.11,0.23
OSWE,2017-08-21 17:10:00 EDT,43.44318,-76.55323,308,79.0,78.3,79.0,62.9,65.3,0.000,0.000,0.00,0.000,3.7,5.4,0.8,273,19,4.2,6.4,1.0,275,18,3.7,5.4,0.8,273,19,390,29.72,,0,0,0,72.2,68.5,68.0,0.21,0.11,0.23
OSWE,2017-08-21 17:15:00 EDT,43.44318,-76.55323,308,79.2,78.4,79.2,63.1,65.6,0.000,0.000,0.00,0.000,1.8,3.6,0.7,265,28,2.2,3.9,0.8,267,27,1.8,3.6,0.7,265,28,378,29.72,,0,0,0,72.1,68.5,68.0,0.21,0.11,0.23
OSWE,2017-08-21 17:20:00 EDT,43.44318,-76.55323,308,79.4,78.4,79.4,63.1,65.7,0.000,0.000,0.00,0.000,2.4,4.4,0.9,298,29,2.7,5.0,0.9,305,32,2.4,4.4,0.9,298,29,380,29.72,,0,0,0,72.2,68.6,68.0,0.21,0.11,0.23
OSWE,2017-08-21 17:25:00 EDT,43.44318,-76.55323,308,79.5,78.6,79.5,63.6,66.1,0.000,0.000,0.00,0.000,1.0,2.6,0.6,331,35,1.4,3.5,0.7,321,44,1.0,2.6,0.6,331,35,349,29.71,,0,0,0,72.2,68.6,67.9,0.21,0.11,0.23
OSWE,2017-08-21 17:30:00 EDT,43.44318,-76.55323,308,79.3,78.4,79.3,63.9,66.0,0.000,0.000,0.00,0.000,2.6,4.2,1.0,335,17,3.1,5.1,0.9,340,19,2.6,4.2,1.0,335,17,302,29.71,,0,0,0,72.1,68.7,68.0,0.21,0.11,0.23
OSWE,2017-08-21 17:35:00 EDT,43.44318,-76.55323,308,78.9,78.2,78.9,64.5,65.9,0.000,0.000,0.00,0.000,2.3,3.5,0.7,286,13,2.6,4.2,0.9,287,12,2.3,3.5,0.7,286,13,332,29.71,,0,0,0,72.2,68.7,67.9,0.21,0.11,0.23
OSWE,2017-08-21 17:40:00 EDT,43.44318,-76.55323,308,79.0,78.2,79.0,64.9,66.2,0.000,0.000,0.00,0.000,1.4,2.6,0.6,271,29,1.9,3.2,0.7,277,30,1.4,2.6,0.6,271,29,290,29.71,,0,0,0,72.3,68.8,67.9,0.21,0.11,0.23
OSWE,2017-08-21 17:45:00 EDT,43.44318,-76.55323,308,78.7,77.9,78.7,64.0,65.5,0.000,0.000,0.00,0.000,2.8,4.0,0.7,284,20,3.1,4.5,0.7,287,20,2.8,4.0,0.7,284,20,279,29.71,,0,0,0,72.4,68.9,67.9,0.21,0.11,0.23
OSWE,2017-08-21 17:50:00 EDT,43.44318,-76.55323,308,78.4,77.7,78.4,64.0,65.3,0.000,0.000,0.00,0.000,1.8,3.5,0.8,283,19,2.1,4.1,0.8,285,17,1.8,3.5,0.8,283,19,273,29.71,,0,0,0,72.4,68.9,68.0,0.21,0.11,0.23
OSWE,2017-08-21 17:55:00 EDT,43.44318,-76.55323,308,78.4,77.7,78.4,63.9,65.2,0.000,0.000,0.00,0.000,1.4,2.4,0.7,263,37,1.6,2.8,0.6,259,37,1.4,2.4,0.7,263,37,253,29.71,,0,0,0,72.4,68.9,68.0,0.21,0.11,0.23
OSWE,2017-08-21 18:00:00 EDT,43.44318,-76.55323,308,78.6,77.8,78.6,65.5,66.1,0.000,0.000,0.00,0.000,1.3,2.2,0.4,247,14,1.5,2.6,0.5,248,16,1.3,2.2,0.4,247,14,253,29.71,,0,0,0,72.5,68.9,67.9,0.21,0.11,0.23
OSWE,2017-08-21 18:05:00 EDT,43.44318,-76.55323,308,78.8,78.1,78.8,64.2,65.7,0.000,0.000,0.00,0.000,2.0,3.2,0.7,268,20,2.3,3.9,0.7,273,20,2.0,3.2,0.7,268,20,256,29.70,,0,0,0,72.4,68.9,68.0,0.21,0.11,0.23
OSWE,2017-08-21 18:10:00 EDT,43.44318,-76.55323,308,78.6,78.0,78.6,63.2,65.1,0.000,0.000,0.00,0.000,1.7,2.9,0.5,273,22,1.9,3.8,0.6,276,23,1.7,2.9,0.5,273,22,251,29.70,,0,0,0,72.5,68.9,68.0,0.21,0.11,0.23
OSWE,2017-08-21 18:15:00 EDT,43.44318,-76.55323,308,78.7,78.0,78.7,64.2,65.6,0.000,0.000,0.00,0.000,0.8,1.9,0.6,258,27,1.0,2.6,0.7,251,27,0.8,1.9,0.6,258,27,237,29.70,,0,0,0,72.5,68.9,68.0,0.21,0.11,0.23
OSWE,2017-08-21 18:20:00 EDT,43.44318,-76.55323,308,78.7,78.3,78.7,62.8,64.9,0.000,0.000,0.00,0.000,0.2,1.5,0.4,251,9,0.4,1.5,0.5,213,27,0.2,1.5,0.4,251,9,170,29.70,,0,0,0,72.5,68.9,68.0,0.21,0.11,0.23
OSWE,2017-08-21 18:25:00 EDT,43.44318,-76.55323,308,78.8,78.3,78.8,64.3,65.7,0.000,0.000,0.00,0.000,0.5,1.4,0.6,234,9,0.7,1.6,0.6,224,34,0.5,1.4,0.6,234,9,122,29.70,,0,0,0,72.5,68.9,68.0,0.21,0.11,0.23
OSWE,2017-08-21 18:30:00 EDT,43.44318,-76.55323,308,78.6,78.3,78.6,65.0,65.8,0.000,0.000,0.00,0.000,0.9,1.2,0.1,231,12,1.0,1.8,0.2,225,14,0.9,1.2,0.1,231,12,142,29.70,,0,0,0,72.5,68.9,68.0,0.21,0.11,0.23
OSWE,2017-08-21 18:35:00 EDT,43.44318,-76.55323,308,78.1,78.3,78.1,70.1,67.5,0.000,0.000,0.00,0.000,0.6,1.5,0.5,201,12,1.0,1.9,0.5,194,16,0.6,1.5,0.5,201,12,99,29.70,,0,0,0,72.5,68.9,68.0,0.21,0.11,0.23
OSWE,2017-08-21 18:40:00 EDT,43.44318,-76.55323,308,77.1,78.0,77.1,74.4,68.3,0.000,0.000,0.00,0.000,0.3,1.0,0.3,218,11,0.5,1.6,0.5,224,16,0.3,1.0,0.3,218,11,96,29.70,,0,0,0,72.5,68.9,68.1,0.21,0.11,0.23
OSWE,2017-08-21 18:45:00 EDT,43.44318,-76.55323,308,77.1,78.0,77.1,75.6,68.8,0.000,0.000,0.00,0.000,0.7,1.0,0.2,248,9,1.0,1.4,0.2,249,12,0.7,1.0,0.2,248,9,108,29.70,,0,0,0,72.5,68.9,68.1,0.21,0.11,0.23
OSWE,2017-08-21 18:50:00 EDT,43.44318,-76.55323,308,76.7,78.0,76.7,78.1,69.3,0.000,0.000,0.00,0.000,0.9,1.3,0.2,238,0,1.0,1.4,0.2,234,4,0.9,1.3,0.2,238,0,95,29.70,,0,0,0,72.6,68.9,68.1,0.21,0.11,0.23
OSWE,2017-08-21 18:55:00 EDT,43.44318,-76.55323,308,76.0,78.1,76.0,78.7,68.9,0.000,0.000,0.00,0.000,1.4,1.8,0.2,236,4,1.4,1.7,0.1,233,6,1.4,1.8,0.2,236,4,89,29.70,,0,0,0,72.6,68.9,68.2,0.21,0.11,0.23
OSWE,2017-08-21 19:00:00 EDT,43.44318,-76.55323,308,75.7,77.9,75.7,80.2,69.2,0.000,0.000,0.00,0.000,0.8,1.4,0.2,235,5,1.0,1.4,0.2,233,6,0.8,1.4,0.2,235,5,60,29.71,,0,0,0,72.5,68.9,68.2,0.21,0.11,0.23
OSWE,2017-08-21 19:05:00 EDT,43.44318,-76.55323,308,74.8,77.7,74.8,83.3,69.4,0.000,0.000,0.00,0.000,0.6,1.0,0.3,222,8,0.9,1.4,0.2,213,7,0.6,1.0,0.3,222,8,46,29.71,,0,0,0,72.5,68.9,68.2,0.21,0.11,0.23
OSWE,2017-08-21 19:10:00 EDT,43.44318,-76.55323,308,74.1,77.3,74.1,83.6,68.8,0.000,0.000,0.00,0.000,0.7,1.0,0.2,216,1,1.0,1.3,0.1,214,5,0.7,1.0,0.2,216,1,41,29.70,,0,0,0,72.6,68.9,68.2,0.21,0.11,0.23
OSWE,2017-08-21 19:15:00 EDT,43.44318,-76.55323,308,74.1,76.3,74.1,84.0,69.0,0.000,0.000,0.00,0.000,0.6,1.0,0.2,191,17,1.1,1.5,0.2,186,9,0.6,1.0,0.2,191,17,41,29.70,,0,0,0,72.6,68.9,68.2,0.21,0.11,0.23
OSWE,2017-08-21 19:20:00 EDT,43.44318,-76.55323,308,73.6,76.2,73.6,85.4,68.9,0.000,0.000,0.00,0.000,0.2,0.8,0.3,171,0,0.4,1.2,0.5,170,4,0.2,0.8,0.3,171,0,40,29.70,,0,0,0,72.6,68.9,68.2,0.21,0.11,0.23
OSWE,2017-08-21 19:25:00 EDT,43.44318,-76.55323,308,73.6,75.7,73.6,84.8,68.7,0.000,0.000,0.00,0.000,0.0,0.0,0.0,0,0,0.0,0.0,0.0,0,0,0.0,0.0,0.0,0,0,37,29.70,,0,0,0,72.5,68.9,68.2,0.21,0.11,0.23
OSWE,2017-08-21 19:30:00 EDT,43.44318,-76.55323,308,73.2,75.8,73.2,86.3,68.8,0.000,0.000,0.00,0.000,0.0,0.0,0.0,0,0,0.1,0.8,0.2,173,0,0.0,0.0,0.0,0,0,32,29.70,,0,0,0,72.4,68.9,68.2,0.21,0.11,0.23
OSWE,2017-08-21 19:35:00 EDT,43.44318,-76.55323,308,73.2,75.5,73.2,84.8,68.3,0.000,0.000,0.00,0.000,0.0,0.0,0.0,0,0,0.1,0.9,0.2,173,1,0.0,0.0,0.0,0,0,28,29.70,,0,0,0,72.5,68.9,68.2,0.21,0.11,0.23
OSWE,2017-08-21 19:40:00 EDT,43.44318,-76.55323,308,72.7,74.8,72.7,87.6,68.8,0.000,0.000,0.00,0.000,0.0,0.6,0.1,306,0,0.4,1.0,0.4,294,3,0.0,0.6,0.1,306,0,23,29.70,,0,0,0,72.5,68.9,68.2,0.21,0.11,0.23
OSWE,2017-08-21 19:45:00 EDT,43.44318,-76.55323,308,72.4,74.8,72.4,87.9,68.6,0.000,0.000,0.00,0.000,0.1,0.7,0.2,306,0,0.1,0.9,0.3,302,1,0.1,0.7,0.2,306,0,17,29.70,,0,0,0,72.4,68.9,68.2,0.21,0.11,0.23
OSWE,2017-08-21 19:50:00 EDT,43.44318,-76.55323,308,72.4,74.8,72.4,88.3,68.8,0.000,0.000,0.00,0.000,0.0,0.4,0.1,241,1,0.2,1.1,0.3,237,5,0.0,0.4,0.1,241,1,11,29.70,,0,0,0,72.5,68.9,68.2,0.21,0.11,0.23
OSWE,2017-08-21 19:55:00 EDT,43.44318,-76.55323,308,71.9,74.5,71.9,90.3,68.9,0.000,0.000,0.00,0.000,0.8,1.3,0.2,210,8,1.2,1.7,0.2,202,7,0.8,1.3,0.2,210,8,6,29.70,,0,0,0,72.4,68.9,68.2,0.21,0.11,0.23
OSWE,2017-08-21 20:00:00 EDT,43.44318,-76.55323,308,71.5,74.7,71.5,90.5,68.5,0.000,0.000,0.00,0.000,1.0,1.5,0.2,196,13,1.3,1.7,0.3,195,13,1.0,1.5,0.2,196,13,3,29.70,,0,0,0,72.3,68.9,68.2,0.21,0.11,0.23
OSWE,2017-08-21 20:05:00 EDT,43.44318,-76.55323,308,71.2,74.1,71.2,92.1,68.8,0.000,0.000,0.00,0.000,0.9,1.3,0.3,192,3,1.3,1.7,0.2,187,8,0.9,1.3,0.3,192,3,2,29.70,,0,0,0,72.4,68.9,68.2,0.21,0.11,0.23
OSWE,2017-08-21 20:10:00 EDT,43.44318,-76.55323,308,70.8,73.2,70.8,92.2,68.4,0.000,0.000,0.00,0.000,0.0,0.0,0.0,0,0,0.3,1.0,0.4,154,6,0.0,0.0,0.0,0,0,2,29.70,,0,0,0,72.3,68.9,68.2,0.21,0.11,0.23
OSWE,2017-08-21 20:15:00 EDT,43.44318,-76.55323,308,70.8,72.9,70.8,92.3,68.5,0.000,0.000,0.00,0.000,0.2,1.1,0.3,176,6,0.5,1.5,0.6,176,13,0.2,1.1,0.3,176,6,1,29.70,,0,0,0,72.3,69.0,68.2,0.21,0.11,0.23
OSWE,2017-08-21 20:20:00 EDT,43.44318,-76.55323,308,70.2,73.0,70.2,91.9,67.7,0.000,0.000,0.00,0.000,0.7,1.5,0.6,162,1,1.2,1.8,0.5,168,16,0.7,1.5,0.6,162,1,0,29.70,,0,0,0,72.3,69.1,68.2,0.21,0.11,0.23
OSWE,2017-08-21 20:25:00 EDT,43.44318,-76.55323,308,70.2,72.5,70.2,92.9,68.0,0.000,0.000,0.00,0.000,0.6,1.3,0.5,161,0,0.9,1.8,0.7,168,10,0.6,1.3,0.5,161,0,0,29.70,,0,0,0,72.2,69.1,68.2,0.21,0.11,0.23
OSWE,2017-08-21 20:30:00 EDT,43.44318,-76.55323,308,69.9,72.1,69.9,93.6,67.9,0.000,0.000,0.00,0.000,0.4,1.2,0.4,132,1,0.7,1.5,0.6,139,9,0.4,1.2,0.4,132,1,0,29.70,,0,0,0,72.2,69.2,68.2,0.21,0.11,0.23
OSWE,2017-08-21 20:35:00 EDT,43.44318,-76.55323,308,69.4,72.1,69.4,93.2,67.3,0.000,0.000,0.00,0.000,0.2,1.2,0.3,165,16,0.6,1.5,0.6,169,21,0.2,1.2,0.3,165,16,0,29.70,,0,0,0,72.1,69.2,68.3,0.21,0.11,0.23
OSWE,2017-08-21 20:40:00 EDT,43.44318,-76.55323,308,69.0,72.0,69.0,93.1,66.9,0.000,0.000,0.00,0.000,0.9,1.8,0.7,137,5,1.0,1.7,0.7,141,19,0.9,1.8,0.7,137,5,0,29.70,,0,0,0,72.1,69.2,68.3,0.21,0.11,0.23
OSWE,2017-08-21 20:45:00 EDT,43.44318,-76.55323,308,68.9,72.3,68.9,93.4,66.9,0.000,0.000,0.00,0.000,1.5,2.8,1.0,126,10,1.6,2.7,0.8,123,11,1.5,2.8,1.0,126,10,0,29.70,,0,0,0,72.2,69.2,68.3,0.21,0.11,0.23
OSWE,2017-08-21 20:50:00 EDT,43.44318,-76.55323,308,68.4,71.8,68.4,93.2,66.4,0.000,0.000,0.00,0.000,1.0,2.3,0.8,261,41,1.3,2.8,0.8,247,50,1.0,2.3,0.8,261,41,0,29.70,,0,0,0,72.2,69.2,68.3,0.21,0.11,0.23
OSWE,2017-08-21 20:55:00 EDT,43.44318,-76.55323,308,68.2,71.7,68.2,93.6,66.3,0.000,0.000,0.00,0.000,1.8,2.4,0.4,184,45,1.8,2.6,0.3,185,47,1.8,2.4,0.4,184,45,0,29.70,,0,0,0,72.2,69.3,68.4,0.21,0.11,0.23
OSWE,2017-08-21 21:00:00 EDT,43.44318,-76.55323,308,68.6,71.9,68.6,94.1,66.9,0.000,0.000,0.00,0.000,1.9,2.7,0.4,182,33,2.2,3.1,0.5,180,32,1.9,2.7,0.4,182,33,0,29.70,,0,0,0,72.0,69.3,68.4,0.21,0.11,0.23
OSWE,2017-08-21 21:05:00 EDT,43.44318,-76.55323,308,68.7,71.2,68.7,93.6,66.8,0.000,0.000,0.00,0.000,1.4,2.1,0.4,197,15,1.7,2.8,0.4,195,14,1.4,2.1,0.4,197,15,0,29.70,,0,0,0,72.1,69.3,68.3,0.21,0.11,0.23
OSWE,2017-08-21 21:10:00 EDT,43.44318,-76.55323,308,68.2,70.6,68.2,92.6,66.0,0.000,0.000,0.00,0.000,1.4,2.1,0.4,178,30,1.6,2.7,0.4,181,29,1.4,2.1,0.4,178,30,0,29.70,,0,0,0,72.0,69.3,68.4,0.21,0.11,0.23
OSWE,2017-08-21 21:15:00 EDT,43.44318,-76.55323,308,67.9,70.5,67.9,92.2,65.6,0.000,0.000,0.00,0.000,1.5,2.3,0.4,164,26,1.7,2.2,0.3,164,25,1.5,2.3,0.4,164,26,0,29.70,,0,0,0,71.9,69.3,68.4,0.21,0.11,0.23
OSWE,2017-08-21 21:20:00 EDT,43.44318,-76.55323,308,67.6,70.1,67.6,92.5,65.4,0.000,0.000,0.00,0.000,0.7,1.1,0.2,211,20,0.9,1.6,0.3,206,17,0.7,1.1,0.2,211,20,0,29.70,,0,0,0,71.9,69.3,68.3,0.21,0.11,0.23
OSWE,2017-08-21 21:25:00 EDT,43.44318,-76.55323,308,67.2,70.0,67.2,93.2,65.2,0.000,0.000,0.00,0.000,1.7,2.3,0.3,140,11,1.7,2.2,0.2,138,11,1.7,2.3,0.3,140,11,0,29.70,,0,0,0,71.8,69.3,68.4,0.21,0.11,0.23
OSWE,2017-08-21 21:30:00 EDT,43.44318,-76.55323,308,67.2,70.2,67.2,92.1,64.9,0.000,0.000,0.00,0.000,0.4,1.6,0.5,154,7,0.7,1.6,0.5,165,18,0.4,1.6,0.5,154,7,0,29.70,,0,0,0,71.7,69.2,68.4,0.21,0.11,0.23
OSWE,2017-08-21 21:35:00 EDT,43.44318,-76.55323,308,67.6,70.2,67.6,93.1,65.6,0.000,0.000,0.00,0.000,0.6,0.9,0.2,180,17,1.1,1.3,0.1,166,18,0.6,0.9,0.2,180,17,0,29.70,,0,0,0,71.7,69.3,68.4,0.21,0.11,0.23
OSWE,2017-08-21 21:40:00 EDT,43.44318,-76.55323,308,67.2,69.9,67.2,93.1,65.1,0.000,0.000,0.00,0.000,1.2,1.8,0.3,150,12,1.5,1.9,0.3,152,13,1.2,1.8,0.3,150,12,0,29.70,,0,0,0,71.6,69.3,68.5,0.21,0.11,0.23
OSWE,2017-08-21 21:45:00 EDT,43.44318,-76.55323,308,67.5,69.4,67.5,93.5,65.6,0.000,0.000,0.00,0.000,1.6,1.9,0.2,165,5,1.9,2.7,0.2,165,7,1.6,1.9,0.2,165,5,0,29.70,,0,0,0,71.6,69.3,68.4,0.21,0.11,0.23
OSWE,2017-08-21 21:50:00 EDT,43.44318,-76.55323,308,67.0,69.2,67.0,93.6,65.1,0.000,0.000,0.00,0.000,1.5,2.1,0.3,148,7,1.7,2.3,0.2,146,8,1.5,2.1,0.3,148,7,0,29.69,,0,0,0,71.7,69.3,68.5,0.21,0.11,0.23
OSWE,2017-08-21 21:55:00 EDT,43.44318,-76.55323,308,66.9,69.0,66.9,93.6,65.0,0.000,0.000,0.00,0.000,1.3,1.6,0.2,169,12,1.6,2.1,0.2,170,14,1.3,1.6,0.2,169,12,0,29.69,,0,0,0,71.5,69.3,68.4,0.21,0.11,0.23
OSWE,2017-08-21 22:00:00 EDT,43.44318,-76.55323,308,67.1,69.5,67.1,94.3,65.4,0.000,0.000,0.00,0.000,1.7,2.8,0.4,170,9,2.0,3.7,0.5,173,12,1.7,2.8,0.4,170,9,0,29.69,,0,0,0,71.4,69.3,68.4,0.21,0.11,0.23
OSWE,2017-08-21 22:05:00 EDT,43.44318,-76.55323,308,66.6,69.7,66.6,94.3,64.9,0.000,0.000,0.00,0.000,1.2,1.5,0.2,147,12,1.4,1.9,0.2,145,13,1.2,1.5,0.2,147,12,0,29.69,,0,0,0,71.4,69.3,68.5,0.21,0.11,0.23
OSWE,2017-08-21 22:10:00 EDT,43.44318,-76.55323,308,66.9,69.9,66.9,94.3,65.2,0.000,0.000,0.00,0.000,1.7,3.1,0.5,159,10,1.9,3.8,0.5,157,12,1.7,3.1,0.5,159,10,0,29.69,,0,0,0,71.4,69.3,68.5,0.21,0.11,0.23
OSWE,2017-08-21 22:15:00 EDT,43.44318,-76.55323,308,67.6,71.4,67.6,95.6,66.3,0.000,0.000,0.00,0.000,2.8,4.3,0.5,176,8,3.1,4.4,0.6,177,10,2.8,4.3,0.5,176,8,0,29.69,,0,0,0,71.3,69.3,68.5,0.21,0.11,0.23
OSWE,2017-08-21 22:20:00 EDT,43.44318,-76.55323,308,67.5,72.3,67.5,95.1,66.0,0.000,0.000,0.00,0.000,2.6,4.1,0.5,179,11,3.0,4.7,0.6,180,11,2.6,4.1,0.5,179,11,0,29.69,,0,0,0,71.3,69.3,68.5,0.21,0.11,0.23
OSWE,2017-08-21 22:25:00 EDT,43.44318,-76.55323,308,67.7,72.8,67.7,94.4,66.0,0.000,0.000,0.00,0.000,3.2,5.2,0.6,175,8,3.4,5.5,0.7,176,10,3.2,5.2,0.6,175,8,0,29.69,,0,0,0,71.3,69.3,68.5,0.21,0.11,0.23
OSWE,2017-08-21 22:30:00 EDT,43.44318,-76.55323,308,67.6,72.7,67.6,93.7,65.7,0.000,0.000,0.00,0.000,2.7,4.3,0.4,177,8,3.0,4.5,0.4,179,9,2.7,4.3,0.4,177,8,0,29.69,,0,0,0,71.3,69.3,68.5,0.21,0.11,0.23
OSWE,2017-08-21 22:35:00 EDT,43.44318,-76.55323,308,67.4,71.9,67.4,93.9,65.6,0.000,0.000,0.00,0.000,2.3,3.3,0.3,178,8,2.6,4.5,0.4,181,9,2.3,3.3,0.3,178,8,0,29.69,,0,0,0,71.3,69.3,68.5,0.21,0.11,0.23
OSWE,2017-08-21 22:40:00 EDT,43.44318,-76.55323,308,67.6,71.0,67.6,94.2,65.9,0.000,0.000,0.00,0.000,1.7,3.0,0.5,180,7,2.0,3.4,0.5,183,8,1.7,3.0,0.5,180,7,0,29.69,,0,0,0,71.3,69.3,68.5,0.21,0.11,0.23
OSWE,2017-08-21 22:45:00 EDT,43.44318,-76.55323,308,67.7,70.4,67.7,94.9,66.1,0.000,0.000,0.00,0.000,1.6,2.7,0.3,178,6,1.9,2.6,0.3,182,7,1.6,2.7,0.3,178,6,0,29.69,,0,0,0,71.2,69.3,68.5,0.21,0.11,0.23
OSWE,2017-08-21 22:50:00 EDT,43.44318,-76.55323,308,67.5,70.5,67.5,94.7,66.0,0.000,0.000,0.00,0.000,2.1,3.0,0.5,172,4,2.4,3.6,0.5,173,7,2.1,3.0,0.5,172,4,0,29.69,,0,0,0,71.3,69.3,68.5,0.21,0.11,0.23
OSWE,2017-08-21 22:55:00 EDT,43.44318,-76.55323,308,67.3,71.2,67.3,94.9,65.8,0.000,0.000,0.00,0.000,2.6,3.2,0.3,175,9,3.0,4.0,0.5,177,9,2.6,3.2,0.3,175,9,0,29.69,,0,0,0,71.1,69.3,68.5,0.21,0.11,0.23
OSWE,2017-08-21 23:00:00 EDT,43.44318,-76.55323,308,67.3,72.4,67.3,95.7,66.1,0.000,0.000,0.00,0.000,3.1,5.2,0.7,172,12,3.4,6.0,0.8,172,12,3.1,5.2,0.7,172,12,0,29.69,,0,0,0,71.1,69.3,68.5,0.21,0.11,0.23
OSWE,2017-08-21 23:05:00 EDT,43.44318,-76.55323,308,67.5,72.6,67.5,95.1,66.1,0.000,0.000,0.00,0.000,2.3,3.4,0.5,167,14,2.6,3.8,0.5,168,15,2.3,3.4,0.5,167,14,0,29.69,,0,0,0,71.0,69.3,68.5,0.21,0.11,0.23
OSWE,2017-08-21 23:10:00 EDT,43.44318,-76.55323,308,67.6,72.6,67.6,95.2,66.2,0.000,0.000,0.00,0.000,2.7,4.7,0.6,165,13,3.0,5.4,0.8,165,13,2.7,4.7,0.6,165,13,0,29.69,,0,0,0,71.0,69.3,68.4,0.21,0.11,0.23
OSWE,2017-08-21 23:15:00 EDT,43.44318,-76.55323,308,68.5,72.4,68.5,94.9,66.9,0.000,0.000,0.00,0.000,2.8,5.3,0.8,165,16,3.1,6.4,1.0,164,15,2.8,5.3,0.8,165,16,0,29.69,,0,0,0,70.9,69.3,68.5,0.21,0.11,0.23
OSWE,2017-08-21 23:20:00 EDT,43.44318,-76.55323,308,69.2,72.4,69.2,93.6,67.3,0.000,0.000,0.00,0.000,3.3,5.4,1.0,173,13,3.6,5.8,0.9,173,14,3.3,5.4,1.0,173,13,0,29.69,,0,0,0,70.8,69.3,68.5,0.21,0.11,0.23
OSWE,2017-08-21 23:25:00 EDT,43.44318,-76.55323,308,70.0,72.2,70.0,92.4,67.7,0.000,0.000,0.00,0.000,4.0,7.0,1.0,174,13,4.4,8.0,1.2,175,11,4.0,7.0,1.0,174,13,0,29.69,,0,0,0,70.8,69.3,68.5,0.21,0.11,0.23
OSWE,2017-08-21 23:30:00 EDT,43.44318,-76.55323,308,70.3,72.1,70.3,91.0,67.5,0.000,0.000,0.00,0.000,4.2,7.4,1.2,181,12,4.4,9.1,1.5,181,10,4.2,7.4,1.2,181,12,0,29.69,,0,0,0,70.8,69.3,68.5,0.21,0.11,0.23
OSWE,2017-08-21 23:35:00 EDT,43.44318,-76.55323,308,70.5,71.9,70.5,89.9,67.4,0.000,0.000,0.00,0.000,4.1,7.4,1.1,179,13,4.5,8.6,1.2,178,12,4.1,7.4,1.1,179,13,0,29.69,,0,0,0,70.6,69.3,68.5,0.21,0.11,0.23
OSWE,2017-08-21 23:40:00 EDT,43.44318,-76.55323,308,70.5,71.7,70.5,89.9,67.4,0.000,0.000,0.00,0.000,3.9,6.0,0.8,181,15,4.1,7.3,1.0,181,13,3.9,6.0,0.8,181,15,0,29.69,,0,0,0,70.7,69.3,68.5,0.21,0.11,0.22
OSWE,2017-08-21 23:45:00 EDT,43.44318,-76.55323,308,70.6,71.6,70.6,89.8,67.4,0.000,0.000,0.00,0.000,4.7,7.1,1.0,177,12,5.1,7.5,1.2,179,11,4.7,7.1,1.0,177,12,0,29.69,,0,0,0,70.7,69.3,68.4,0.21,0.11,0.23
OSWE,2017-08-21 23:50:00 EDT,43.44318,-76.55323,308,70.7,71.6,70.7,89.6,67.5,0.000,0.000,0.00,0.000,5.6,8.8,1.1,178,13,6.0,10.3,1.4,177,11,5.6,8.8,1.1,178,13,0,29.69,,0,0,0,70.6,69.3,68.5,0.21,0.11,0.23
OSWE,2017-08-21 23:55:00 EDT,43.44318,-76.55323,308,70.7,71.4,70.7,89.4,67.4,0.000,0.000,0.00,0.000,4.4,6.9,1.1,176,17,5.0,8.3,1.5,176,15,4.4,6.9,1.1,176,17,0,29.68,,0,0,0,70.6,69.3,68.5,0.21,0.11,0.23
OTIS,2017-08-21 00:00:00 EDT,41.48249,-74.50368,778,62.8,66.0,62.8,93.0,60.7,0.000,0.000,0.00,0.000,2.8,3.7,0.4,181,10,3.1,4.3,0.5,182,10,2.8,3.7,0.4,181,10,0,29.34,,0,0,0,70.3,71.3,70.2,0.16,0.15,0.14
OTIS,2017-08-21 00:05:00 EDT,41.48249,-74.50368,778,62.5,66.2,62.5,93.9,60.7,0.000,0.000,0.00,0.000,3.0,4.0,0.4,192,12,3.2,4.6,0.6,192,10,3.0,4.0,0.4,192,12,0,29.34,,0,0,0,70.3,71.3,70.3,0.16,0.15,0.14
OTIS,2017-08-21 00:10:00 EDT,41.48249,-74.50368,778,62.5,66.2,62.5,94.5,60.9,0.000,0.000,0.00,0.000,3.0,4.7,0.7,209,14,3.2,5.0,0.8,209,15,3.0,4.7,0.7,209,14,0,29.34,,0,0,0,70.2,71.3,70.2,0.15,0.15,0.14
OTIS,2017-08-21 00:15:00 EDT,41.48249,-74.50368,778,63.1,67.0,63.1,94.5,61.5,0.000,0.000,0.00,0.000,3.5,6.1,0.9,218,13,3.7,6.4,1.0,218,12,3.5,6.1,0.9,218,13,0,29.35,,0,0,0,70.2,71.3,70.2,0.16,0.15,0.14
OTIS,2017-08-21 00:20:00 EDT,41.48249,-74.50368,778,65.8,67.6,65.8,91.1,63.1,0.000,0.000,0.00,0.000,3.5,5.8,0.9,218,16,3.7,6.5,1.1,217,16,3.5,5.8,0.9,218,16,0,29.35,,0,0,0,70.2,71.3,70.2,0.16,0.15,0.14
OTIS,2017-08-21 00:25:00 EDT,41.48249,-74.50368,778,66.1,67.3,66.1,87.1,62.1,0.000,0.000,0.00,0.000,3.7,6.8,0.8,208,15,3.9,6.0,0.9,208,15,3.7,6.8,0.8,208,15,0,29.35,,0,0,0,70.2,71.3,70.3,0.15,0.15,0.14
OTIS,2017-08-21 00:30:00 EDT,41.48249,-74.50368,778,66.1,67.4,66.1,87.7,62.4,0.000,0.000,0.00,0.000,3.4,6.9,1.0,215,14,3.6,6.9,1.0,215,15,3.4,6.9,1.0,215,14,0,29.35,,0,0,0,70.2,71.3,70.2,0.15,0.15,0.14
OTIS,2017-08-21 00:35:00 EDT,41.48249,-74.50368,778,66.1,67.0,66.1,86.1,61.8,0.000,0.000,0.00,0.000,3.4,5.1,0.7,211,16,3.5,5.3,0.8,209,15,3.4,5.1,0.7,211,16,0,29.35,,0,0,0,70.2,71.3,70.2,0.15,0.15,0.14
OTIS,2017-08-21 00:40:00 EDT,41.48249,-74.50368,778,66.1,66.9,66.1,86.8,62.1,0.000,0.000,0.00,0.000,3.3,5.6,0.8,211,14,3.4,5.7,1.0,209,14,3.3,5.6,0.8,211,14,0,29.35,,0,0,0,70.1,71.3,70.3,0.16,0.15,0.14
OTIS,2017-08-21 00:45:00 EDT,41.48249,-74.50368,778,65.3,66.7,65.3,86.6,61.2,0.000,0.000,0.00,0.000,2.6,3.7,0.5,201,15,2.8,4.0,0.6,200,13,2.6,3.7,0.5,201,15,0,29.35,,0,0,0,70.1,71.3,70.1,0.15,0.15,0.14
OTIS,2017-08-21 00:50:00 EDT,41.48249,-74.50368,778,64.3,66.3,64.3,88.8,60.9,0.000,0.000,0.00,0.000,3.2,4.4,0.5,193,12,3.5,5.0,0.6,192,12,3.2,4.4,0.5,193,12,0,29.35,,0,0,0,70.2,71.3,70.2,0.16,0.15,0.14
OTIS,2017-08-21 00:55:00 EDT,41.48249,-74.50368,778,64.7,66.4,64.7,90.7,62.0,0.000,0.000,0.00,0.000,3.2,4.7,0.6,200,13,3.5,5.3,0.7,199,13,3.2,4.7,0.6,200,13,0,29.35,,0,0,0,70.2,71.3,70.2,0.16,0.15,0.14
OTIS,2017-08-21 01:00:00 EDT,41.48249,-74.50368,778,63.8,66.1,63.8,90.9,61.1,0.000,0.000,0.00,0.000,2.8,4.2,0.4,202,12,3.0,4.3,0.5,203,11,2.8,4.2,0.4,202,12,0,29.35,,0,0,0,70.2,71.3,70.2,0.15,0.15,0.14
OTIS,2017-08-21 01:05:00 EDT,41.48249,-74.50368,778,62.8,65.6,62.8,92.3,60.5,0.000,0.000,0.00,0.000,2.8,3.7,0.5,204,12,3.0,4.2,0.6,203,11,2.8,3.7,0.5,204,12,0,29.35,,0,0,0,70.1,71.3,70.3,0.15,0.15,0.14
OTIS,2017-08-21 01:10:00 EDT,41.48249,-74.50368,778,64.0,66.1,64.0,92.9,61.9,0.000,0.000,0.00,0.000,3.5,5.1,0.6,208,13,3.6,5.6,0.8,207,13,3.5,5.1,0.6,208,13,0,29.35,,0,0,0,70.1,71.3,70.3,0.15,0.15,0.14
OTIS,2017-08-21 01:15:00 EDT,41.48249,-74.50368,778,64.0,66.0,64.0,90.8,61.3,0.000,0.000,0.00,0.000,3.0,4.5,0.6,203,14,3.2,4.7,0.8,201,12,3.0,4.5,0.6,203,14,0,29.35,,0,0,0,70.1,71.3,70.2,0.15,0.15,0.14
OTIS,2017-08-21 01:20:00 EDT,41.48249,-74.50368,778,64.7,65.9,64.7,90.7,61.9,0.000,0.000,0.00,0.000,2.9,4.5,0.6,190,16,3.3,4.6,0.7,190,16,2.9,4.5,0.6,190,16,0,29.35,,0,0,0,70.1,71.2,70.2,0.16,0.16,0.14
OTIS,2017-08-21 01:25:00 EDT,41.48249,-74.50368,778,64.6,65.7,64.6,91.0,61.9,0.000,0.000,0.00,0.000,3.0,5.3,0.6,192,16,3.3,5.8,0.7,191,15,3.0,5.3,0.6,192,16,0,29.35,,0,0,0,70.1,71.3,70.2,0.16,0.15,0.14
OTIS,2017-08-21 01:30:00 EDT,41.48249,-74.50368,778,64.3,65.4,64.3,91.0,61.6,0.000,0.000,0.00,0.000,3.4,5.3,0.6,191,15,3.7,5.4,0.6,190,14,3.4,5.3,0.6,191,15,0,29.35,,0,0,0,70.1,71.3,70.3,0.15,0.15,0.14
OTIS,2017-08-21 01:35:00 EDT,41.48249,-74.50368,778,64.0,65.3,64.0,91.9,61.6,0.000,0.000,0.00,0.000,3.4,5.0,0.4,196,10,3.7,5.0,0.5,195,9,3.4,5.0,0.4,196,10,0,29.35,,0,0,0,70.0,71.3,70.2,0.15,0.15,0.14
OTIS,2017-08-21 01:40:00 EDT,41.48249,-74.50368,778,63.5,65.0,63.5,92.7,61.3,0.000,0.000,0.00,0.000,2.9,4.0,0.5,191,14,3.3,4.9,0.6,191,13,2.9,4.0,0.5,191,14,0,29.35,,0,0,0,70.0,71.2,70.3,0.16,0.15,0.14
OTIS,2017-08-21 01:45:00 EDT,41.48249,-74.50368,778,63.7,65.2,63.7,93.4,61.7,0.000,0.000,0.00,0.000,2.3,3.7,0.6,201,19,2.5,4.2,0.6,199,19,2.3,3.7,0.6,201,19,0,29.35,,0,0,0,70.1,71.2,70.2,0.15,0.15,0.14
OTIS,2017-08-21 01:50:00 EDT,41.48249,-74.50368,778,63.6,65.3,63.6,93.1,61.6,0.000,0.000,0.00,0.000,2.8,4.2,0.6,187,14,3.2,4.6,0.7,186,15,2.8,4.2,0.6,187,14,0,29.35,,0,0,0,70.0,71.2,70.3,0.15,0.15,0.14
OTIS,2017-08-21 01:55:00 EDT,41.48249,-74.50368,778,63.8,65.3,63.8,93.0,61.7,0.000,0.000,0.00,0.000,2.6,4.0,0.6,194,13,2.9,4.2,0.6,195,12,2.6,4.0,0.6,194,13,0,29.35,,0,0,0,70.0,71.3,70.2,0.16,0.16,0.14
OTIS,2017-08-21 02:00:00 EDT,41.48249,-74.50368,778,63.8,65.1,63.8,93.0,61.7,0.000,0.000,0.00,0.000,2.8,4.3,0.4,192,14,3.0,4.9,0.6,193,13,2.8,4.3,0.4,192,14,0,29.35,,0,0,0,70.0,71.2,70.2,0.15,0.15,0.14
OTIS,2017-08-21 02:05:00 EDT,41.48249,-74.50368,778,63.2,64.8,63.2,93.1,61.2,0.000,0.000,0.00,0.000,3.1,4.3,0.4,191,9,3.4,4.6,0.5,191,9,3.1,4.3,0.4,191,9,0,29.35,,0,0,0,69.9,71.3,70.3,0.15,0.15,0.14
OTIS,2017-08-21 02:10:00 EDT,41.48249,-74.50368,778,63.3,64.8,63.3,93.5,61.4,0.000,0.000,0.00,0.000,3.1,4.5,0.5,194,12,3.4,5.7,0.7,194,12,3.1,4.5,0.5,194,12,0,29.35,,0,0,0,69.9,71.2,70.2,0.15,0.15,0.14
OTIS,2017-08-21 02:15:00 EDT,41.48249,-74.50368,778,63.2,64.7,63.2,93.2,61.2,0.000,0.000,0.00,0.000,3.0,3.6,0.2,185,11,3.3,4.6,0.4,185,10,3.0,3.6,0.2,185,11,0,29.34,,0,0,0,69.8,71.2,70.3,0.16,0.16,0.14
OTIS,2017-08-21 02:20:00 EDT,41.48249,-74.50368,778,62.8,64.4,62.8,93.8,60.9,0.000,0.000,0.00,0.000,3.6,4.5,0.5,187,12,4.0,5.2,0.6,187,11,3.6,4.5,0.5,187,12,0,29.34,,0,0,0,69.9,71.2,70.3,0.16,0.15,0.14
OTIS,2017-08-21 02:25:00 EDT,41.48249,-74.50368,778,63.0,64.5,63.0,94.6,61.4,0.000,0.000,0.00,0.000,4.2,5.3,0.5,184,10,4.6,6.4,0.7,184,10,4.2,5.3,0.5,184,10,0,29.34,,0,0,0,69.8,71.1,70.1,0.16,0.15,0.14
OTIS,2017-08-21 02:30:00 EDT,41.48249,-74.50368,778,62.6,64.0,62.6,94.9,61.1,0.000,0.000,0.00,0.000,4.8,5.8,0.5,182,7,5.2,6.7,0.6,181,7,4.8,5.8,0.5,182,7,0,29.34,,0,0,0,69.8,71.0,70.2,0.16,0.15,0.14
OTIS,2017-08-21 02:35:00 EDT,41.48249,-74.50368,778,62.4,63.8,62.4,95.0,61.0,0.000,0.000,0.00,0.000,4.7,5.6,0.4,180,6,5.1,6.5,0.5,180,5,4.7,5.6,0.4,180,6,0,29.34,,0,0,0,69.7,71.0,70.2,0.15,0.15,0.14
OTIS,2017-08-21 02:40:00 EDT,41.48249,-74.50368,778,62.6,63.7,62.6,95.7,61.3,0.000,0.000,0.00,0.000,4.8,5.9,0.5,183,8,5.3,6.6,0.7,183,7,4.8,5.9,0.5,183,8,0,29.34,,0,0,0,69.7,71.0,70.2,0.16,0.15,0.14
OTIS,2017-08-21 02:45:00 EDT,41.48249,-74.50368,778,62.3,63.4,62.3,95.7,61.1,0.000,0.000,0.00,0.000,4.9,5.8,0.4,179,5,5.4,6.4,0.5,179,4,4.9,5.8,0.4,179,5,0,29.34,,0,0,0,69.6,70.9,70.2,0.16,0.15,0.14
OTIS,2017-08-21 02:50:00 EDT,41.48249,-74.50368,778,62.3,63.4,62.3,95.9,61.1,0.000,0.000,0.00,0.000,4.9,6.0,0.5,184,7,5.2,6.6,0.6,184,7,4.9,6.0,0.5,184,7,0,29.34,,0,0,0,69.6,71.0,70.1,0.16,0.15,0.14
OTIS,2017-08-21 02:55:00 EDT,41.48249,-74.50368,778,62.4,63.6,62.4,95.8,61.1,0.000,0.000,0.00,0.000,4.1,5.4,0.6,187,12,4.5,5.7,0.7,188,10,4.1,5.4,0.6,187,12,0,29.34,,0,0,0,69.6,71.0,70.3,0.15,0.15,0.14
OTIS,2017-08-21 03:00:00 EDT,41.48249,-74.50368,778,62.5,63.6,62.5,95.4,61.2,0.000,0.000,0.00,0.000,4.0,5.0,0.4,185,7,4.4,5.6,0.5,185,5,4.0,5.0,0.4,185,7,0,29.34,,0,0,0,69.6,70.9,70.3,0.15,0.16,0.14
OTIS,2017-08-21 03:05:00 EDT,41.48249,-74.50368,778,62.1,63.2,62.1,95.3,60.8,0.000,0.000,0.00,0.000,3.7,4.3,0.3,184,6,4.0,5.3,0.4,184,6,3.7,4.3,0.3,184,6,0,29.34,,0,0,0,69.6,71.0,70.2,0.15,0.16,0.14
OTIS,2017-08-21 03:10:00 EDT,41.48249,-74.50368,778,61.8,63.0,61.8,95.6,60.5,0.000,0.000,0.00,0.000,3.4,4.3,0.3,184,5,3.8,4.8,0.4,185,4,3.4,4.3,0.3,184,5,0,29.34,,0,0,0,69.6,70.9,70.2,0.16,0.15,0.14
OTIS,2017-08-21 03:15:00 EDT,41.48249,-74.50368,778,61.8,62.9,61.8,96.0,60.7,0.000,0.000,0.00,0.000,2.9,3.7,0.3,182,5,3.3,4.2,0.3,183,5,2.9,3.7,0.3,182,5,0,29.34,,0,0,0,69.6,70.9,70.2,0.15,0.15,0.14
OTIS,2017-08-21 03:20:00 EDT,41.48249,-74.50368,778,61.3,62.5,61.3,96.2,60.2,0.000,0.000,0.00,0.000,2.7,3.5,0.4,188,6,2.9,3.9,0.5,190,6,2.7,3.5,0.4,188,6,0,29.34,,0,0,0,69.6,70.8,70.3,0.15,0.16,0.14
OTIS,2017-08-21 03:25:00 EDT,41.48249,-74.50368,778,61.4,62.1,61.4,96.6,60.4,0.000,0.000,0.00,0.000,2.9,4.8,0.9,187,7,3.2,5.2,1.0,188,7,2.9,4.8,0.9,187,7,0,29.34,,0,0,0,69.6,70.8,70.2,0.16,0.16,0.14
OTIS,2017-08-21 03:30:00 EDT,41.48249,-74.50368,778,61.2,62.2,61.2,96.6,60.2,0.000,0.000,0.00,0.000,4.7,7.2,0.7,191,8,4.9,6.7,0.7,190,6,4.7,7.2,0.7,191,8,0,29.34,,0,0,0,69.6,70.9,70.3,0.16,0.15,0.14
OTIS,2017-08-21 03:35:00 EDT,41.48249,-74.50368,778,61.9,62.6,61.9,96.9,61.0,0.000,0.000,0.00,0.000,3.8,6.3,1.0,202,14,4.1,7.0,1.0,200,13,3.8,6.3,1.0,202,14,0,29.35,,0,0,0,69.5,70.8,70.2,0.15,0.15,0.14
OTIS,2017-08-21 03:40:00 EDT,41.48249,-74.50368,778,62.0,63.0,62.0,95.9,60.8,0.000,0.000,0.00,0.000,3.0,6.2,1.2,216,16,3.1,6.7,1.2,217,16,3.0,6.2,1.2,216,16,0,29.35,,0,0,0,69.5,70.8,70.2,0.15,0.15,0.14
OTIS,2017-08-21 03:45:00 EDT,41.48249,-74.50368,778,62.3,63.1,62.3,95.0,60.9,0.000,0.000,0.00,0.000,0.9,2.2,0.6,247,33,1.4,2.8,0.5,258,36,0.9,2.2,0.6,247,33,0,29.35,,0,0,0,69.4,70.7,70.3,0.15,0.15,0.14
OTIS,2017-08-21 03:50:00 EDT,41.48249,-74.50368,778,61.7,62.9,61.7,94.7,60.1,0.000,0.000,0.00,0.000,1.3,2.3,0.4,314,14,1.6,2.7,0.5,318,14,1.3,2.3,0.4,314,14,0,29.35,,0,0,0,69.4,70.8,70.2,0.16,0.16,0.14
OTIS,2017-08-21 03:55:00 EDT,41.48249,-74.50368,778,61.4,62.1,61.4,95.4,60.1,0.000,0.000,0.00,0.000,0.6,2.5,0.8,341,15,1.0,2.4,0.6,9,38,0.6,2.5,0.8,341,15,0,29.34,,0,0,0,69.5,70.7,70.3,0.16,0.16,0.14
OTIS,2017-08-21 04:00:00 EDT,41.48249,-74.50368,778,61.4,61.7,61.4,95.7,60.1,0.000,0.000,0.00,0.000,0.0,0.1,0.0,301,0,0.7,1.0,0.2,330,37,0.0,0.1,0.0,301,0,0,29.34,,0,0,0,69.5,70.7,70.3,0.15,0.15,0.14
OTIS,2017-08-21 04:05:00 EDT,41.48249,-74.50368,778,61.2,61.5,61.2,96.3,60.1,0.000,0.000,0.00,0.000,1.5,2.7,0.4,289,18,1.7,2.9,0.4,290,18,1.5,2.7,0.4,289,18,0,29.34,,0,0,0,69.4,70.8,70.3,0.16,0.16,0.14
OTIS,2017-08-21 04:10:00 EDT,41.48249,-74.50368,778,61.5,62.1,61.5,96.6,60.5,0.000,0.000,0.00,0.000,3.2,5.7,0.8,249,12,3.4,6.1,0.8,249,12,3.2,5.7,0.8,249,12,0,29.35,,0,0,0,69.4,70.7,70.2,0.15,0.16,0.14
OTIS,2017-08-21 04:15:00 EDT,41.48249,-74.50368,778,60.9,62.4,60.9,96.0,59.7,0.000,0.000,0.00,0.000,2.2,3.8,0.6,236,8,2.5,5.0,0.7,235,8,2.2,3.8,0.6,236,8,0,29.35,,0,0,0,69.4,70.7,70.2,0.16,0.16,0.14
OTIS,2017-08-21 04:20:00 EDT,41.48249,-74.50368,778,62.0,62.9,62.0,96.4,61.0,0.000,0.000,0.00,0.000,3.6,5.4,0.9,223,14,3.7,6.5,1.1,225,12,3.6,5.4,0.9,223,14,0,29.35,,0,0,0,69.4,70.7,70.3,0.15,0.16,0.14
OTIS,2017-08-21 04:25:00 EDT,41.48249,-74.50368,778,61.6,62.6,61.6,94.3,60.0,0.000,0.000,0.00,0.000,3.3,4.8,0.6,205,15,3.6,5.3,0.7,205,14,3.3,4.8,0.6,205,15,0,29.35,,0,0,0,69.4,70.7,70.2,0.16,0.16,0.14
OTIS,2017-08-21 04:30:00 EDT,41.48249,-74.50368,778,61.5,62.4,61.5,94.8,60.0,0.000,0.000,0.00,0.000,3.9,6.1,0.8,194,8,4.2,7.3,0.9,194,7,3.9,6.1,0.8,194,8,0,29.35,,0,0,0,69.4,70.7,70.2,0.15,0.15,0.14
OTIS,2017-08-21 04:35:00 EDT,41.48249,-74.50368,778,61.2,61.9,61.2,95.4,59.9,0.000,0.000,0.00,0.000,2.5,3.7,0.5,207,12,2.6,4.1,0.6,208,12,2.5,3.7,0.5,207,12,0,29.35,,0,0,0,69.3,70.7,70.2,0.16,0.16,0.14
OTIS,2017-08-21 04:40:00 EDT,41.48249,-74.50368,778,60.8,62.0,60.8,95.9,59.7,0.000,0.000,0.00,0.000,2.5,4.0,0.4,231,7,2.6,4.3,0.5,230,6,2.5,4.0,0.4,231,7,0,29.35,,0,0,0,69.4,70.7,70.2,0.15,0.16,0.14
OTIS,2017-08-21 04:45:00 EDT,41.48249,-74.50368,778,61.6,62.5,61.6,96.5,60.6,0.000,0.000,0.00,0.000,3.1,4.7,0.5,220,10,3.1,4.6,0.6,221,9,3.1,4.7,0.5,220,10,0,29.35,,0,0,0,69.3,70.7,70.2,0.15,0.16,0.14
OTIS,2017-08-21 04:50:00 EDT,41.48249,-74.50368,778,60.9,62.4,60.9,95.3,59.5,0.000,0.000,0.00,0.000,3.2,4.4,0.4,221,10,3.3,5.0,0.5,221,9,3.2,4.4,0.4,221,10,0,29.35,,0,0,0,69.3,70.7,70.2,0.16,0.15,0.14
OTIS,2017-08-21 04:55:00 EDT,41.48249,-74.50368,778,61.6,62.4,61.6,96.2,60.5,0.000,0.000,0.00,0.000,3.5,4.7,0.6,228,7,3.4,5.1,0.7,228,6,3.5,4.7,0.6,228,7,0,29.35,,0,0,0,69.3,70.7,70.2,0.16,0.16,0.14
OTIS,2017-08-21 05:00:00 EDT,41.48249,-74.50368,778,62.0,62.5,62.0,94.8,60.5,0.000,0.000,0.00,0.000,3.7,4.7,0.5,224,8,3.6,4.9,0.6,224,8,3.7,4.7,0.5,224,8,0,29.35,,0,0,0,69.3,70.7,70.2,0.15,0.16,0.14
OTIS,2017-08-21 05:05:00 EDT,41.48249,-74.50368,778,61.9,62.4,61.9,94.0,60.2,0.000,0.000,0.00,0.000,3.9,5.7,0.7,221,7,3.9,6.0,0.9,221,6,3.9,5.7,0.7,221,7,0,29.35,,0,0,0,69.2,70.7,70.2,0.16,0.16,0.14
OTIS,2017-08-21 05:10:00 EDT,41.48249,-74.50368,778,61.9,62.4,61.9,93.7,60.1,0.000,0.000,0.00,0.000,4.9,6.2,0.6,205,9,5.3,7.4,0.7,204,9,4.9,6.2,0.6,205,9,0,29.35,,0,0,0,69.1,70.7,70.2,0.15,0.16,0.14
OTIS,2017-08-21 05:15:00 EDT,41.48249,-74.50368,778,61.2,62.5,61.2,93.9,59.5,0.000,0.000,0.00,0.000,5.5,6.9,0.6,195,8,6.0,8.4,0.8,194,7,5.5,6.9,0.6,195,8,0,29.35,,0,0,0,69.2,70.7,70.2,0.16,0.16,0.14
OTIS,2017-08-21 05:20:00 EDT,41.48249,-74.50368,778,61.3,62.4,61.3,95.1,59.9,0.000,0.000,0.00,0.000,6.2,7.7,0.6,193,6,6.8,8.9,0.8,192,4,6.2,7.7,0.6,193,6,0,29.35,,0,0,0,69.1,70.7,70.2,0.15,0.16,0.14
OTIS,2017-08-21 05:25:00 EDT,41.48249,-74.50368,778,61.1,62.0,61.1,95.3,59.7,0.000,0.000,0.00,0.000,6.3,8.0,0.6,189,7,6.9,9.0,0.8,189,6,6.3,8.0,0.6,189,7,0,29.36,,0,0,0,69.0,70.7,70.2,0.15,0.16,0.14
OTIS,2017-08-21 05:30:00 EDT,41.48249,-74.50368,778,60.9,61.7,60.9,95.6,59.6,0.000,0.000,0.00,0.000,6.6,8.3,0.8,192,7,7.3,9.3,1.0,190,5,6.6,8.3,0.8,192,7,0,29.36,,0,0,0,69.0,70.6,70.2,0.15,0.15,0.14
OTIS,2017-08-21 05:35:00 EDT,41.48249,-74.50368,778,61.0,61.8,61.0,95.9,59.8,0.000,0.000,0.00,0.000,6.6,8.3,0.7,193,8,7.3,9.9,0.9,193,7,6.6,8.3,0.7,193,8,0,29.36,,0,0,0,69.1,70.6,70.2,0.16,0.16,0.14
OTIS,2017-08-21 05:40:00 EDT,41.48249,-74.50368,778,61.1,61.8,61.1,95.7,59.9,0.000,0.000,0.00,0.000,6.8,8.7,0.8,192,7,7.6,10.3,1.0,191,5,6.8,8.7,0.8,192,7,0,29.36,,0,0,0,69.0,70.6,70.2,0.15,0.15,0.14
OTIS,2017-08-21 05:45:00 EDT,41.48249,-74.50368,778,61.1,61.7,61.1,95.5,59.8,0.000,0.000,0.00,0.000,6.6,8.3,0.6,188,8,7.4,10.1,0.8,188,5,6.6,8.3,0.6,188,8,0,29.36,,0,0,0,68.9,70.6,70.2,0.15,0.16,0.14
OTIS,2017-08-21 05:50:00 EDT,41.48249,-74.50368,778,60.9,61.5,60.9,95.6,59.7,0.000,0.000,0.00,0.000,6.1,7.8,0.8,189,8,6.8,8.7,1.0,188,5,6.1,7.8,0.8,189,8,0,29.36,,0,0,0,68.9,70.6,70.2,0.15,0.16,0.14
OTIS,2017-08-21 05:55:00 EDT,41.48249,-74.50368,778,61.1,61.6,61.1,95.8,59.9,0.000,0.000,0.00,0.000,6.5,8.0,0.7,190,8,7.3,9.8,1.0,189,6,6.5,8.0,0.7,190,8,0,29.36,,0,0,0,68.9,70.6,70.2,0.15,0.16,0.14
OTIS,2017-08-21 06:00:00 EDT,41.48249,-74.50368,778,61.1,61.8,61.1,95.7,59.8,0.000,0.000,0.00,0.000,5.6,8.4,0.9,197,10,6.1,9.8,1.1,196,9,5.6,8.4,0.9,197,10,1,29.36,,0,0,0,68.9,70.5,70.1,0.15,0.16,0.14
OTIS,2017-08-21 06:05:00 EDT,41.48249,-74.50368,778,61.3,62.1,61.3,95.3,60.0,0.000,0.000,0.00,0.000,6.0,8.3,0.9,196,10,6.5,9.2,1.0,195,7,6.0,8.3,0.9,196,10,2,29.36,,0,0,0,68.9,70.5,70.2,0.15,0.16,0.14
OTIS,2017-08-21 06:10:00 EDT,41.48249,-74.50368,778,61.1,62.0,61.1,94.7,59.6,0.000,0.000,0.00,0.000,5.6,7.7,0.6,193,9,6.2,8.5,0.8,192,7,5.6,7.7,0.6,193,9,3,29.36,,0,0,0,68.9,70.5,70.2,0.15,0.16,0.14
OTIS,2017-08-21 06:15:00 EDT,41.48249,-74.50368,778,61.0,61.9,61.0,95.1,59.6,0.000,0.000,0.00,0.000,5.6,7.3,0.6,194,9,6.1,8.4,0.8,194,7,5.6,7.3,0.6,194,9,3,29.37,,0,0,0,68.9,70.5,70.3,0.15,0.16,0.14
OTIS,2017-08-21 06:20:00 EDT,41.48249,-74.50368,778,60.8,62.0,60.8,95.4,59.5,0.000,0.000,0.00,0.000,5.7,7.5,0.8,193,7,6.3,8.7,0.9,193,6,5.7,7.5,0.8,193,7,5,29.37,,0,0,0,68.9,70.4,70.1,0.15,0.16,0.14
OTIS,2017-08-21 06:25:00 EDT,41.48249,-74.50368,778,61.0,61.9,61.0,95.6,59.7,0.000,0.000,0.00,0.000,5.8,7.5,0.6,187,7,6.3,8.0,0.8,186,6,5.8,7.5,0.6,187,7,9,29.37,,0,0,0,68.9,70.3,70.1,0.15,0.16,0.14
OTIS,2017-08-21 06:30:00 EDT,41.48249,-74.50368,778,61.2,61.9,61.2,95.7,60.0,0.000,0.000,0.00,0.000,5.7,7.5,0.8,188,8,6.2,9.1,1.0,186,7,5.7,7.5,0.8,188,8,14,29.37,,0,0,0,68.9,70.4,70.2,0.15,0.16,0.14
OTIS,2017-08-21 06:35:00 EDT,41.48249,-74.50368,778,61.2,62.1,61.2,95.6,60.0,0.000,0.000,0.00,0.000,5.9,7.3,0.7,184,7,6.6,8.5,0.9,185,6,5.9,7.3,0.7,184,7,18,29.37,,0,0,0,68.9,70.4,70.2,0.16,0.16,0.14
OTIS,2017-08-21 06:40:00 EDT,41.48249,-74.50368,778,61.4,62.3,61.4,95.6,60.1,0.000,0.000,0.00,0.000,5.4,6.4,0.5,189,10,5.9,7.6,0.7,188,7,5.4,6.4,0.5,189,10,20,29.37,,0,0,0,68.9,70.4,70.2,0.15,0.16,0.14
OTIS,2017-08-21 06:45:00 EDT,41.48249,-74.50368,778,61.4,62.3,61.4,95.3,60.0,0.000,0.000,0.00,0.000,5.5,6.6,0.6,182,6,6.1,7.8,0.7,182,5,5.5,6.6,0.6,182,6,29,29.37,,0,0,0,68.9,70.4,70.2,0.15,0.15,0.14
OTIS,2017-08-21 06:50:00 EDT,41.48249,-74.50368,778,61.6,62.4,61.6,95.4,60.3,0.000,0.000,0.00,0.000,6.7,7.9,0.7,183,6,7.6,9.5,0.9,183,4,6.7,7.9,0.7,183,6,31,29.37,,0,0,0,68.9,70.3,70.2,0.15,0.16,0.14
OTIS,2017-08-21 06:55:00 EDT,41.48249,-74.50368,778,61.9,62.4,61.9,95.0,60.4,0.000,0.000,0.00,0.000,7.5,8.9,0.7,185,5,8.4,10.6,0.9,184,4,7.5,8.9,0.7,185,5,45,29.37,,0,0,0,68.9,70.3,70.1,0.15,0.16,0.14
OTIS,2017-08-21 07:00:00 EDT,41.48249,-74.50368,778,62.3,62.8,62.3,94.4,60.7,0.000,0.000,0.00,0.000,8.2,9.8,0.9,186,6,9.2,11.0,1.1,186,4,8.2,9.8,0.9,186,6,57,29.37,,0,0,0,68.9,70.3,70.1,0.15,0.16,0.14
OTIS,2017-08-21 07:05:00 EDT,41.48249,-74.50368,778,63.0,63.3,63.0,93.0,60.9,0.000,0.000,0.00,0.000,7.5,9.3,0.9,190,6,8.4,11.0,1.2,189,5,7.5,9.3,0.9,190,6,74,29.37,,0,0,0,68.8,70.3,70.2,0.15,0.16,0.14
OTIS,2017-08-21 07:10:00 EDT,41.48249,-74.50368,778,63.3,63.5,63.3,91.5,60.8,0.000,0.000,0.00,0.000,5.8,7.9,0.9,189,9,6.6,8.9,1.0,189,7,5.8,7.9,0.9,189,9,100,29.37,,0,0,0,68.8,70.3,70.1,0.15,0.16,0.14
OTIS,2017-08-21 07:15:00 EDT,41.48249,-74.50368,778,63.7,64.0,63.7,90.6,60.9,0.000,0.000,0.00,0.000,5.6,7.5,0.9,190,9,6.3,9.4,1.2,190,9,5.6,7.5,0.9,190,9,118,29.37,,0,0,0,68.8,70.3,70.2,0.16,0.16,0.14
OTIS,2017-08-21 07:20:00 EDT,41.48249,-74.50368,778,64.1,64.3,64.1,89.4,60.9,0.000,0.000,0.00,0.000,4.7,6.8,0.9,195,13,5.1,8.1,1.0,194,12,4.7,6.8,0.9,195,13,123,29.38,,0,0,0,68.7,70.3,70.1,0.15,0.15,0.14
OTIS,2017-08-21 07:25:00 EDT,41.48249,-74.50368,778,64.4,64.5,64.4,88.8,61.0,0.000,0.000,0.00,0.000,5.0,8.8,1.2,199,15,5.5,10.5,1.4,197,14,5.0,8.8,1.2,199,15,146,29.38,,0,0,0,68.8,70.3,70.2,0.15,0.16,0.14
OTIS,2017-08-21 07:30:00 EDT,41.48249,-74.50368,778,64.7,64.7,64.7,88.0,61.0,0.000,0.000,0.00,0.000,4.8,8.3,1.1,197,15,5.2,8.9,1.2,195,14,4.8,8.3,1.1,197,15,159,29.38,,0,0,0,68.9,70.3,70.2,0.15,0.16,0.14
OTIS,2017-08-21 07:35:00 EDT,41.48249,-74.50368,778,64.9,64.9,64.9,88.0,61.3,0.000,0.000,0.00,0.000,5.0,6.6,0.7,191,12,5.6,7.6,0.9,190,10,5.0,6.6,0.7,191,12,168,29.37,,0,0,0,68.9,70.3,70.2,0.16,0.15,0.14
OTIS,2017-08-21 07:40:00 EDT,41.48249,-74.50368,778,65.2,65.2,65.2,87.9,61.5,0.000,0.000,0.00,0.000,6.2,8.2,1.0,191,11,6.8,9.4,1.2,190,10,6.2,8.2,1.0,191,11,182,29.37,,0,0,0,68.8,70.3,70.2,0.15,0.15,0.14
OTIS,2017-08-21 07:45:00 EDT,41.48249,-74.50368,778,65.5,65.5,65.5,87.0,61.5,0.000,0.000,0.00,0.000,6.0,8.2,0.9,196,11,6.6,8.8,1.2,194,10,6.0,8.2,0.9,196,11,199,29.38,,0,0,0,68.8,70.3,70.0,0.15,0.15,0.14
OTIS,2017-08-21 07:50:00 EDT,41.48249,-74.50368,778,65.7,65.7,65.7,87.4,61.8,0.000,0.000,0.00,0.000,5.9,9.3,1.1,193,12,6.4,10.6,1.3,191,10,5.9,9.3,1.1,193,12,221,29.38,,0,0,0,68.9,70.3,70.2,0.15,0.15,0.14
OTIS,2017-08-21 07:55:00 EDT,41.48249,-74.50368,778,65.9,65.7,65.9,87.5,62.0,0.000,0.000,0.00,0.000,6.6,8.6,1.0,185,11,7.3,10.5,1.2,185,8,6.6,8.6,1.0,185,11,243,29.38,,0,0,0,68.9,70.2,70.1,0.15,0.16,0.14
OTIS,2017-08-21 08:00:00 EDT,41.48249,-74.50368,778,66.2,66.1,66.2,86.9,62.2,0.000,0.000,0.00,0.000,5.9,10.6,1.3,198,16,6.5,12.4,1.5,198,14,5.9,10.6,1.3,198,16,261,29.38,,0,0,0,68.9,70.3,70.0,0.15,0.15,0.14
OTIS,2017-08-21 08:05:00 EDT,41.48249,-74.50368,778,66.7,66.5,66.7,86.1,62.4,0.000,0.000,0.00,0.000,6.0,9.2,1.4,196,13,6.5,10.5,1.5,195,12,6.0,9.2,1.4,196,13,238,29.38,,0,0,0,68.9,70.2,70.1,0.16,0.15,0.14
OTIS,2017-08-21 08:10:00 EDT,41.48249,-74.50368,778,66.7,66.6,66.7,85.9,62.4,0.000,0.000,0.00,0.000,5.9,9.9,1.3,204,14,6.4,10.7,1.4,203,13,5.9,9.9,1.3,204,14,189,29.38,,0,0,0,68.9,70.2,69.9,0.15,0.15,0.14
OTIS,2017-08-21 08:15:00 EDT,41.48249,-74.50368,778,67.0,66.8,67.0,85.1,62.4,0.000,0.000,0.00,0.000,5.3,8.5,1.2,206,16,5.6,10.0,1.2,205,16,5.3,8.5,1.2,206,16,275,29.38,,0,0,0,68.9,70.2,70.0,0.16,0.15,0.14
OTIS,2017-08-21 08:20:00 EDT,41.48249,-74.50368,778,67.5,67.2,67.5,84.9,62.8,0.000,0.000,0.00,0.000,4.8,7.1,0.9,210,20,5.2,7.2,1.0,209,20,4.8,7.1,0.9,210,20,331,29.38,,0,0,0,68.9,70.2,70.1,0.15,0.15,0.14
OTIS,2017-08-21 08:25:00 EDT,41.48249,-74.50368,778,67.6,67.4,67.6,82.7,62.1,0.000,0.000,0.00,0.000,5.3,8.6,1.4,211,18,5.8,9.8,1.5,208,17,5.3,8.6,1.4,211,18,320,29.38,,0,0,0,68.9,70.2,70.1,0.16,0.15,0.14
OTIS,2017-08-21 08:30:00 EDT,41.48249,-74.50368,778,67.8,67.5,67.8,81.8,62.0,0.000,0.000,0.00,0.000,4.4,7.2,1.4,216,23,5.1,8.1,1.3,218,21,4.4,7.2,1.4,216,23,358,29.38,,0,0,0,69.0,70.2,70.0,0.16,0.15,0.14
OTIS,2017-08-21 08:35:00 EDT,41.48249,-74.50368,778,68.1,67.9,68.1,81.7,62.3,0.000,0.000,0.00,0.000,3.9,7.7,1.7,210,21,4.3,8.4,1.8,210,19,3.9,7.7,1.7,210,21,371,29.38,,0,0,0,69.0,70.1,69.9,0.15,0.15,0.14
OTIS,2017-08-21 08:40:00 EDT,41.48249,-74.50368,778,68.5,68.2,68.5,81.4,62.6,0.000,0.000,0.00,0.000,3.4,7.0,1.3,218,21,3.8,7.3,1.2,219,21,3.4,7.0,1.3,218,21,381,29.37,,0,0,0,69.1,70.2,69.9,0.15,0.15,0.14
OTIS,2017-08-21 08:45:00 EDT,41.48249,-74.50368,778,68.9,68.6,68.9,80.4,62.6,0.000,0.000,0.00,0.000,4.8,9.1,1.3,213,16,5.1,9.1,1.4,212,15,4.8,9.1,1.3,213,16,398,29.37,,0,0,0,69.1,70.1,69.9,0.15,0.15,0.14
OTIS,2017-08-21 08:50:00 EDT,41.48249,-74.50368,778,69.2,68.9,69.2,79.0,62.4,0.000,0.000,0.00,0.000,4.2,7.1,1.2,222,17,4.5,8.0,1.2,221,17,4.2,7.1,1.2,222,17,410,29.37,,0,0,0,69.2,70.0,69.9,0.15,0.15,0.14
OTIS,2017-08-21 08:55:00 EDT,41.48249,-74.50368,778,69.7,69.3,69.7,79.2,62.9,0.000,0.000,0.00,0.000,3.4,7.5,1.6,234,29,4.0,9.3,1.9,236,29,3.4,7.5,1.6,234,29,426,29.37,,0,0,0,69.2,70.0,70.0,0.15,0.15,0.14
OTIS,2017-08-21 09:00:00 EDT,41.48249,-74.50368,778,70.3,69.8,70.3,78.8,63.3,0.000,0.000,0.00,0.000,3.9,5.9,1.3,226,22,4.4,6.5,1.1,224,20,3.9,5.9,1.3,226,22,439,29.37,,0,0,0,69.3,70.1,69.9,0.15,0.15,0.14
OTIS,2017-08-21 09:05:00 EDT,41.48249,-74.50368,778,70.2,69.9,70.2,76.5,62.5,0.000,0.000,0.00,0.000,4.4,7.6,1.4,217,22,5.0,8.6,1.5,217,21,4.4,7.6,1.4,217,22,451,29.37,,0,0,0,69.3,70.0,69.9,0.15,0.15,0.14
OTIS,2017-08-21 09:10:00 EDT,41.48249,-74.50368,778,70.6,70.2,70.6,77.2,63.1,0.000,0.000,0.00,0.000,4.6,9.5,1.8,205,20,5.1,10.1,1.9,206,18,4.6,9.5,1.8,205,20,468,29.37,,0,0,0,69.3,70.0,70.0,0.15,0.15,0.14
OTIS,2017-08-21 09:15:00 EDT,41.48249,-74.50368,778,70.8,70.4,70.8,76.1,62.9,0.000,0.000,0.00,0.000,4.8,9.4,1.8,213,18,5.3,10.2,1.9,214,20,4.8,9.4,1.8,213,18,485,29.37,,0,0,0,69.4,70.0,69.9,0.16,0.15,0.14
OTIS,2017-08-21 09:20:00 EDT,41.48249,-74.50368,778,71.4,70.8,71.4,76.9,63.7,0.000,0.000,0.00,0.000,3.7,5.9,1.1,226,25,4.3,6.7,1.1,227,27,3.7,5.9,1.1,226,25,496,29.37,,0,0,0,69.4,70.1,70.0,0.15,0.15,0.14
OTIS,2017-08-21 09:25:00 EDT,41.48249,-74.50368,778,71.5,71.0,71.5,74.3,62.9,0.000,0.000,0.00,0.000,4.2,6.3,1.0,225,20,4.4,7.2,1.2,226,20,4.2,6.3,1.0,225,20,519,29.37,,0,0,0,69.4,70.0,69.9,0.15,0.15,0.14
OTIS,2017-08-21 09:30:00 EDT,41.48249,-74.50368,778,71.8,71.4,71.8,73.9,63.0,0.000,0.000,0.00,0.000,4.3,8.3,1.4,249,22,4.6,9.2,1.5,250,21,4.3,8.3,1.4,249,22,529,29.37,,0,0,0,69.4,70.0,69.9,0.16,0.15,0.14
OTIS,2017-08-21 09:35:00 EDT,41.48249,-74.50368,778,72.2,71.7,72.2,73.6,63.3,0.000,0.000,0.00,0.000,3.8,6.4,1.4,236,20,4.2,8.0,1.5,238,22,3.8,6.4,1.4,236,20,561,29.36,,0,0,0,69.4,70.0,69.9,0.15,0.15,0.14
OTIS,2017-08-21 09:40:00 EDT,41.48249,-74.50368,778,72.6,72.2,72.6,72.6,63.3,0.000,0.000,0.00,0.000,2.1,6.9,1.6,212,22,2.5,6.6,1.6,208,24,2.1,6.9,1.6,212,22,583,29.37,,0,0,0,69.5,70.0,69.9,0.15,0.15,0.14
OTIS,2017-08-21 09:45:00 EDT,41.48249,-74.50368,778,73.0,72.7,73.0,70.6,62.8,0.000,0.000,0.00,0.000,2.6,5.3,1.3,258,23,3.0,6.6,1.3,259,23,2.6,5.3,1.3,258,23,605,29.36,,0,0,0,69.6,70.0,69.9,0.15,0.15,0.14
OTIS,2017-08-21 09:50:00 EDT,41.48249,-74.50368,778,73.4,73.0,73.4,70.3,63.1,0.000,0.000,0.00,0.000,3.8,8.0,1.8,247,20,4.1,9.1,2.0,247,19,3.8,8.0,1.8,247,20,607,29.36,,0,0,0,69.6,70.0,69.9,0.15,0.15,0.14
OTIS,2017-08-21 09:55:00 EDT,41.48249,-74.50368,778,73.9,73.4,73.9,70.1,63.6,0.000,0.000,0.00,0.000,3.9,6.0,1.2,224,28,4.4,7.6,1.4,227,28,3.9,6.0,1.2,224,28,596,29.36,,0,0,0,69.6,70.0,69.8,0.16,0.15,0.14
OTIS,2017-08-21 10:00:00 EDT,41.48249,-74.50368,778,74.2,73.7,74.2,69.5,63.6,0.000,0.000,0.00,0.000,3.7,6.9,1.3,241,26,4.0,7.0,1.5,243,25,3.7,6.9,1.3,241,26,624,29.36,,0,0,0,69.6,70.0,69.9,0.15,0.15,0.14
OTIS,2017-08-21 10:05:00 EDT,41.48249,-74.50368,778,74.3,73.7,74.3,69.1,63.6,0.000,0.000,0.00,0.000,3.1,6.2,1.4,245,22,3.5,7.0,1.4,245,23,3.1,6.2,1.4,245,22,613,29.37,,0,0,0,69.7,70.0,69.8,0.15,0.15,0.14
OTIS,2017-08-21 10:10:00 EDT,41.48249,-74.50368,778,74.5,74.0,74.5,68.4,63.4,0.000,0.000,0.00,0.000,3.6,5.5,0.7,233,17,3.8,6.0,0.9,234,18,3.6,5.5,0.7,233,17,536,29.37,,0,0,0,69.8,70.0,69.9,0.15,0.15,0.14
OTIS,2017-08-21 10:15:00 EDT,41.48249,-74.50368,778,74.9,74.4,74.9,68.3,63.8,0.000,0.000,0.00,0.000,4.3,7.5,1.3,253,27,4.7,8.0,1.5,255,27,4.3,7.5,1.3,253,27,669,29.37,,0,0,0,69.9,70.0,69.9,0.15,0.15,0.14
OTIS,2017-08-21 10:20:00 EDT,41.48249,-74.50368,778,75.1,74.6,75.1,68.4,64.0,0.000,0.000,0.00,0.000,4.7,7.5,1.4,229,15,4.9,7.9,1.5,229,17,4.7,7.5,1.4,229,15,626,29.37,,0,0,0,70.0,70.0,69.9,0.15,0.15,0.14
OTIS,2017-08-21 10:25:00 EDT,41.48249,-74.50368,778,75.5,74.8,75.5,68.3,64.3,0.000,0.000,0.00,0.000,3.2,6.6,1.6,243,28,3.5,7.2,1.6,245,28,3.2,6.6,1.6,243,28,645,29.37,,0,0,0,70.0,70.0,69.9,0.15,0.15,0.14
OTIS,2017-08-21 10:30:00 EDT,41.48249,-74.50368,778,75.5,75.1,75.5,66.9,63.7,0.000,0.000,0.00,0.000,4.9,7.2,1.4,225,15,5.2,7.9,1.4,226,16,4.9,7.2,1.4,225,15,684,29.37,,0,0,0,70.1,69.9,69.8,0.15,0.15,0.14
OTIS,2017-08-21 10:35:00 EDT,41.48249,-74.50368,778,75.7,75.2,75.7,67.5,64.2,0.000,0.000,0.00,0.000,3.1,5.6,1.1,241,18,3.5,6.0,1.0,242,19,3.1,5.6,1.1,241,18,695,29.37,,0,0,0,70.1,70.0,69.9,0.15,0.15,0.14
OTIS,2017-08-21 10:40:00 EDT,41.48249,-74.50368,778,75.8,75.3,75.8,66.6,63.9,0.000,0.000,0.00,0.000,4.6,8.6,1.5,216,19,4.8,10.1,1.5,216,20,4.6,8.6,1.5,216,19,705,29.37,,0,0,0,70.2,70.0,69.9,0.16,0.15,0.14
OTIS,2017-08-21 10:45:00 EDT,41.48249,-74.50368,778,76.2,75.6,76.2,67.2,64.5,0.000,0.000,0.00,0.000,3.6,5.9,0.9,224,26,4.0,7.1,1.1,225,27,3.6,5.9,0.9,224,26,714,29.37,,0,0,0,70.1,70.0,69.8,0.15,0.15,0.14
OTIS,2017-08-21 10:50:00 EDT,41.48249,-74.50368,778,76.4,75.8,76.4,66.5,64.4,0.000,0.000,0.00,0.000,3.6,6.9,1.3,236,26,3.7,7.7,1.3,236,27,3.6,6.9,1.3,236,26,725,29.37,,0,0,0,70.3,70.0,69.8,0.15,0.15,0.14
OTIS,2017-08-21 10:55:00 EDT,41.48249,-74.50368,778,77.1,76.3,77.1,66.4,65.1,0.000,0.000,0.00,0.000,2.0,4.2,1.2,223,40,2.5,6.0,1.2,222,45,2.0,4.2,1.2,223,40,733,29.37,,0,0,0,70.4,70.0,69.8,0.16,0.15,0.14
OTIS,2017-08-21 11:00:00 EDT,41.48249,-74.50368,778,77.5,76.5,77.5,67.2,65.8,0.000,0.000,0.00,0.000,3.0,5.7,1.4,192,26,3.5,6.2,1.3,193,29,3.0,5.7,1.4,192,26,742,29.37,,0,0,0,70.4,70.0,69.8,0.16,0.15,0.14
OTIS,2017-08-21 11:05:00 EDT,41.48249,-74.50368,778,78.0,77.0,78.0,67.4,66.3,0.000,0.000,0.00,0.000,3.7,7.0,1.3,181,17,4.3,8.7,1.5,180,15,3.7,7.0,1.3,181,17,750,29.37,,0,0,0,70.5,70.0,69.8,0.16,0.15,0.14
OTIS,2017-08-21 11:10:00 EDT,41.48249,-74.50368,778,78.2,77.1,78.2,65.0,65.5,0.000,0.000,0.00,0.000,5.4,9.4,2.0,183,18,6.2,11.0,2.4,182,16,5.4,9.4,2.0,183,18,758,29.37,,0,0,0,70.7,70.0,69.8,0.15,0.15,0.14
OTIS,2017-08-21 11:15:00 EDT,41.48249,-74.50368,778,78.6,77.7,78.6,61.4,64.2,0.000,0.000,0.00,0.000,4.3,9.4,1.7,232,21,4.7,10.5,1.8,233,23,4.3,9.4,1.7,232,21,764,29.37,,0,0,0,70.8,70.0,69.7,0.15,0.15,0.14
OTIS,2017-08-21 11:20:00 EDT,41.48249,-74.50368,778,78.5,77.7,78.5,60.0,63.5,0.000,0.000,0.00,0.000,6.9,13.3,2.5,200,18,7.7,16.0,2.7,198,16,6.9,13.3,2.5,200,18,774,29.37,,0,0,0,70.8,70.0,69.8,0.15,0.15,0.14
OTIS,2017-08-21 11:25:00 EDT,41.48249,-74.50368,778,78.3,77.6,78.3,58.5,62.6,0.000,0.000,0.00,0.000,4.0,9.6,1.7,200,21,4.4,10.9,1.9,198,19,4.0,9.6,1.7,200,21,782,29.37,,0,0,0,70.9,70.0,69.9,0.15,0.15,0.14
OTIS,2017-08-21 11:30:00 EDT,41.48249,-74.50368,778,78.7,77.8,78.7,58.9,63.1,0.000,0.000,0.00,0.000,4.3,7.5,1.8,203,23,5.0,9.1,2.0,202,24,4.3,7.5,1.8,203,23,792,29.37,,0,0,0,70.9,70.0,69.8,0.15,0.15,0.14
OTIS,2017-08-21 11:35:00 EDT,41.48249,-74.50368,778,79.2,78.2,79.2,58.8,63.6,0.000,0.000,0.00,0.000,5.7,8.7,1.5,184,18,6.3,9.4,1.6,184,16,5.7,8.7,1.5,184,18,797,29.36,,0,0,0,70.9,70.0,69.8,0.15,0.15,0.14
OTIS,2017-08-21 11:40:00 EDT,41.48249,-74.50368,778,79.1,78.5,79.1,53.6,60.8,0.000,0.000,0.00,0.000,7.2,13.6,2.5,219,30,7.9,15.8,2.8,219,30,7.2,13.6,2.5,219,30,824,29.36,,0,0,0,71.0,70.0,69.8,0.15,0.15,0.14
OTIS,2017-08-21 11:45:00 EDT,41.48249,-74.50368,778,79.5,78.8,79.5,54.2,61.5,0.000,0.000,0.00,0.000,5.5,11.1,2.3,245,24,6.0,12.4,2.6,248,24,5.5,11.1,2.3,245,24,810,29.36,,0,0,0,71.1,70.0,69.8,0.15,0.15,0.14
OTIS,2017-08-21 11:50:00 EDT,41.48249,-74.50368,778,79.2,78.7,79.2,50.7,59.4,0.000,0.000,0.00,0.000,7.3,12.6,2.3,224,17,7.8,12.3,2.1,224,17,7.3,12.6,2.3,224,17,769,29.36,,0,0,0,71.2,70.1,69.8,0.15,0.15,0.14
OTIS,2017-08-21 11:55:00 EDT,41.48249,-74.50368,778,79.6,78.9,79.6,53.7,61.3,0.000,0.000,0.00,0.000,6.6,12.3,2.2,198,19,7.4,14.2,2.2,197,20,6.6,12.3,2.2,198,19,805,29.35,,0,0,0,71.3,70.0,69.8,0.15,0.15,0.14
OTIS,2017-08-21 12:00:00 EDT,41.48249,-74.50368,778,79.6,79.0,79.6,53.7,61.4,0.000,0.000,0.00,0.000,7.9,12.9,2.0,201,23,8.8,15.7,2.2,199,22,7.9,12.9,2.0,201,23,697,29.35,,0,0,0,71.3,70.0,69.8,0.15,0.15,0.14
OTIS,2017-08-21 12:05:00 EDT,41.48249,-74.50368,778,78.9,78.5,78.9,53.1,60.4,0.000,0.000,0.00,0.000,4.8,9.4,1.9,226,26,5.2,10.1,1.9,226,26,4.8,9.4,1.9,226,26,566,29.35,,0,0,0,71.3,70.1,69.8,0.15,0.15,0.14
OTIS,2017-08-21 12:10:00 EDT,41.48249,-74.50368,778,79.0,78.4,79.0,55.4,61.6,0.000,0.000,0.00,0.000,4.4,7.7,1.7,235,22,5.0,9.1,1.6,235,22,4.4,7.7,1.7,235,22,570,29.35,,0,0,0,71.4,70.0,69.9,0.15,0.16,0.14
OTIS,2017-08-21 12:15:00 EDT,41.48249,-74.50368,778,79.1,78.5,79.1,57.5,62.8,0.000,0.000,0.00,0.000,3.4,9.1,2.0,205,25,3.9,10.1,2.1,206,26,3.4,9.1,2.0,205,25,638,29.35,,0,0,0,71.5,70.0,69.7,0.15,0.15,0.14
OTIS,2017-08-21 12:20:00 EDT,41.48249,-74.50368,778,79.4,78.9,79.4,55.5,62.1,0.000,0.000,0.00,0.000,4.9,8.6,1.4,234,28,5.4,11.2,1.8,237,29,4.9,8.6,1.4,234,28,801,29.35,,0,0,0,71.6,70.1,69.8,0.15,0.15,0.14
OTIS,2017-08-21 12:25:00 EDT,41.48249,-74.50368,778,79.4,79.0,79.4,53.5,61.1,0.000,0.000,0.00,0.000,7.0,12.3,2.0,238,21,7.4,13.9,2.3,240,23,7.0,12.3,2.0,238,21,532,29.35,,0,0,0,71.5,70.1,69.8,0.15,0.15,0.14
OTIS,2017-08-21 12:30:00 EDT,41.48249,-74.50368,778,79.2,78.8,79.2,55.8,62.1,0.000,0.000,0.00,0.000,4.7,11.3,2.2,226,18,5.1,10.4,2.1,226,19,4.7,11.3,2.2,226,18,499,29.34,,0,0,0,71.6,70.1,69.8,0.15,0.15,0.14
OTIS,2017-08-21 12:35:00 EDT,41.48249,-74.50368,778,79.0,78.6,79.0,56.6,62.3,0.000,0.000,0.00,0.000,4.3,9.2,1.7,235,18,4.7,9.3,1.8,236,17,4.3,9.2,1.7,235,18,571,29.34,,0,0,0,71.6,70.2,69.8,0.15,0.15,0.14
OTIS,2017-08-21 12:40:00 EDT,41.48249,-74.50368,778,79.9,79.2,79.9,57.9,63.8,0.000,0.000,0.00,0.000,5.1,9.5,2.1,207,26,5.8,10.7,2.1,205,24,5.1,9.5,2.1,207,26,864,29.34,,0,0,0,71.7,70.2,69.8,0.15,0.15,0.14
OTIS,2017-08-21 12:45:00 EDT,41.48249,-74.50368,778,79.7,79.2,79.7,55.9,62.5,0.000,0.000,0.00,0.000,5.6,12.0,2.0,232,21,5.9,11.8,2.0,232,21,5.6,12.0,2.0,232,21,511,29.34,,0,0,0,71.8,70.2,69.8,0.15,0.15,0.14
OTIS,2017-08-21 12:50:00 EDT,41.48249,-74.50368,778,79.2,78.8,79.2,57.5,62.9,0.000,0.000,0.00,0.000,5.7,10.1,2.1,209,25,6.1,11.3,2.3,209,25,5.7,10.1,2.1,209,25,587,29.34,,0,0,0,71.8,70.2,69.8,0.15,0.15,0.14
OTIS,2017-08-21 12:55:00 EDT,41.48249,-74.50368,778,79.8,79.2,79.8,58.8,64.1,0.000,0.000,0.00,0.000,5.5,8.8,1.6,211,25,5.9,10.9,1.6,209,23,5.5,8.8,1.6,211,25,944,29.34,,0,0,0,71.9,70.3,69.8,0.15,0.15,0.14
OTIS,2017-08-21 13:00:00 EDT,41.48249,-74.50368,778,80.7,79.9,82.4,57.9,64.5,0.000,0.000,0.00,0.000,4.8,10.9,2.4,213,27,5.3,10.9,2.4,212,28,4.8,10.9,2.4,213,27,963,29.33,,0,0,0,72.0,70.2,69.8,0.15,0.15,0.14
OTIS,2017-08-21 13:05:00 EDT,41.48249,-74.50368,778,80.6,80.0,82.2,56.6,63.8,0.000,0.000,0.00,0.000,5.7,12.4,2.7,236,23,6.3,12.7,2.7,239,22,5.7,12.4,2.7,236,23,848,29.33,,0,0,0,72.2,70.3,69.9,0.15,0.15,0.14
OTIS,2017-08-21 13:10:00 EDT,41.48249,-74.50368,778,80.8,80.1,82.5,57.7,64.5,0.000,0.000,0.00,0.000,5.8,11.3,1.9,221,15,6.1,10.8,1.9,221,16,5.8,11.3,1.9,221,15,923,29.33,,0,0,0,72.4,70.3,69.8,0.15,0.15,0.14
OTIS,2017-08-21 13:15:00 EDT,41.48249,-74.50368,778,81.5,80.7,83.3,57.1,64.8,0.000,0.000,0.00,0.000,3.0,6.1,1.6,230,37,3.6,7.8,1.6,234,43,3.0,6.1,1.6,230,37,866,29.33,,0,0,0,72.4,70.3,69.9,0.14,0.15,0.14
OTIS,2017-08-21 13:20:00 EDT,41.48249,-74.50368,778,81.6,80.8,83.3,56.5,64.6,0.000,0.000,0.00,0.000,5.1,14.0,2.7,228,26,5.6,13.4,2.6,230,28,5.1,14.0,2.7,228,26,685,29.33,,0,0,0,72.5,70.3,69.8,0.15,0.15,0.14
OTIS,2017-08-21 13:25:00 EDT,41.48249,-74.50368,778,80.9,80.3,82.4,56.4,63.9,0.000,0.000,0.00,0.000,5.0,10.4,2.2,227,24,5.6,12.3,2.3,228,25,5.0,10.4,2.2,227,24,845,29.33,,0,0,0,72.5,70.3,69.8,0.15,0.15,0.14
OTIS,2017-08-21 13:30:00 EDT,41.48249,-74.50368,778,81.2,80.5,82.9,57.1,64.6,0.000,0.000,0.00,0.000,6.1,13.7,2.6,227,20,6.4,12.6,2.6,226,21,6.1,13.7,2.6,227,20,897,29.33,,0,0,0,72.6,70.3,69.9,0.14,0.15,0.14
OTIS,2017-08-21 13:35:00 EDT,41.48249,-74.50368,778,81.6,80.9,83.3,56.9,64.8,0.000,0.000,0.00,0.000,5.9,11.0,2.3,210,19,6.4,11.6,2.4,208,18,5.9,11.0,2.3,210,19,857,29.33,,0,0,0,72.7,70.3,69.8,0.15,0.15,0.14
OTIS,2017-08-21 13:40:00 EDT,41.48249,-74.50368,778,81.7,80.9,83.6,58.0,65.5,0.000,0.000,0.00,0.000,5.1,10.8,2.2,212,18,5.7,13.2,2.3,209,17,5.1,10.8,2.2,212,18,808,29.33,,0,0,0,72.7,70.3,69.7,0.14,0.15,0.14
OTIS,2017-08-21 13:45:00 EDT,41.48249,-74.50368,778,81.1,80.6,82.7,56.5,64.2,0.000,0.000,0.00,0.000,7.1,15.4,2.1,216,21,7.9,14.8,2.3,216,22,7.1,15.4,2.1,216,21,787,29.33,,0,0,0,72.8,70.3,69.8,0.14,0.15,0.14
OTIS,2017-08-21 13:50:00 EDT,41.48249,-74.50368,778,81.0,80.5,82.6,56.5,64.1,0.000,0.000,0.00,0.000,6.1,13.5,2.7,243,21,6.6,15.0,3.0,246,22,6.1,13.5,2.7,243,21,731,29.33,,0,0,0,73.0,70.3,69.7,0.14,0.15,0.14
OTIS,2017-08-21 13:55:00 EDT,41.48249,-74.50368,778,81.1,80.6,82.8,57.4,64.7,0.000,0.000,0.00,0.000,4.7,9.4,1.8,223,26,5.0,9.7,1.9,226,27,4.7,9.4,1.8,223,26,641,29.33,,0,0,0,73.1,70.4,69.7,0.14,0.15,0.14
OTIS,2017-08-21 14:00:00 EDT,41.48249,-74.50368,778,81.2,80.7,83.0,57.4,64.7,0.000,0.000,0.00,0.000,4.5,8.8,1.6,239,29,4.9,9.2,1.9,241,29,4.5,8.8,1.6,239,29,617,29.32,,0,0,0,73.2,70.4,69.7,0.15,0.15,0.14
OTIS,2017-08-21 14:05:00 EDT,41.48249,-74.50368,778,81.2,80.8,82.9,57.2,64.6,0.000,0.000,0.00,0.000,5.3,9.6,1.7,228,19,5.7,10.4,2.0,228,18,5.3,9.6,1.7,228,19,463,29.32,,0,0,0,73.2,70.4,69.6,0.14,0.15,0.14
OTIS,2017-08-21 14:10:00 EDT,41.48249,-74.50368,778,80.7,80.5,82.4,57.8,64.4,0.000,0.000,0.00,0.000,3.3,6.5,1.4,232,25,3.7,7.2,1.4,235,27,3.3,6.5,1.4,232,25,256,29.32,,0,0,0,73.2,70.4,69.7,0.14,0.15,0.14
OTIS,2017-08-21 14:15:00 EDT,41.48249,-74.50368,778,80.1,80.0,81.9,59.2,64.6,0.000,0.000,0.00,0.000,4.1,8.0,1.4,220,18,4.3,7.8,1.4,222,18,4.1,8.0,1.4,220,18,149,29.32,,0,0,0,73.3,70.5,69.7,0.14,0.15,0.14
OTIS,2017-08-21 14:20:00 EDT,41.48249,-74.50368,778,79.6,79.5,79.6,61.0,65.0,0.000,0.000,0.00,0.000,4.1,8.6,1.6,201,17,4.4,12.1,2.0,200,16,4.1,8.6,1.6,201,17,174,29.32,,0,0,0,73.4,70.5,69.8,0.14,0.15,0.14
OTIS,2017-08-21 14:25:00 EDT,41.48249,-74.50368,778,79.4,79.3,79.4,62.9,65.7,0.000,0.000,0.00,0.000,3.6,6.6,1.2,205,19,4.0,7.8,1.4,203,18,3.6,6.6,1.2,205,19,224,29.32,,0,0,0,73.4,70.5,69.7,0.15,0.15,0.14
OTIS,2017-08-21 14:30:00 EDT,41.48249,-74.50368,778,79.4,79.4,79.4,62.7,65.6,0.000,0.000,0.00,0.000,3.6,6.6,1.3,208,25,3.9,7.4,1.3,207,26,3.6,6.6,1.3,208,25,253,29.31,,0,0,0,73.4,70.6,69.7,0.14,0.15,0.14
OTIS,2017-08-21 14:35:00 EDT,41.48249,-74.50368,778,79.3,79.4,79.3,63.5,65.9,0.000,0.000,0.00,0.000,4.2,6.6,1.0,222,16,4.3,7.2,1.2,223,17,4.2,6.6,1.0,222,16,172,29.31,,0,0,0,73.4,70.6,69.8,0.14,0.15,0.14
OTIS,2017-08-21 14:40:00 EDT,41.48249,-74.50368,778,79.4,79.4,79.4,64.6,66.4,0.000,0.000,0.00,0.000,4.0,6.1,1.5,203,16,4.4,7.8,1.5,203,15,4.0,6.1,1.5,203,16,212,29.31,,0,0,0,73.4,70.6,69.8,0.15,0.15,0.14
OTIS,2017-08-21 14:45:00 EDT,41.48249,-74.50368,778,79.4,79.3,79.4,64.6,66.4,0.000,0.000,0.00,0.000,3.2,5.1,1.1,220,16,3.7,6.4,1.0,221,17,3.2,5.1,1.1,220,16,178,29.31,,0,0,0,73.5,70.7,69.7,0.15,0.15,0.14
OTIS,2017-08-21 14:50:00 EDT,41.48249,-74.50368,778,79.1,79.1,79.1,65.4,66.5,0.000,0.000,0.00,0.000,4.6,7.5,1.0,209,18,5.0,8.7,1.3,209,18,4.6,7.5,1.0,209,18,106,29.30,,0,0,0,73.4,70.7,69.8,0.14,0.15,0.14
OTIS,2017-08-21 14:55:00 EDT,41.48249,-74.50368,778,78.9,78.9,78.9,66.6,66.9,0.000,0.000,0.00,0.000,3.3,6.5,1.0,217,23,3.6,6.4,1.0,219,22,3.3,6.5,1.0,217,23,223,29.30,,0,0,0,73.4,70.7,69.8,0.15,0.15,0.14
OTIS,2017-08-21 15:00:00 EDT,41.48249,-74.50368,778,79.1,79.0,79.1,66.2,66.8,0.000,0.000,0.00,0.000,3.4,6.4,1.0,214,20,3.5,7.1,1.1,215,17,3.4,6.4,1.0,214,20,224,29.30,,0,0,0,73.4,70.7,69.7,0.14,0.15,0.14
OTIS,2017-08-21 15:05:00 EDT,41.48249,-74.50368,778,79.1,78.9,79.1,67.7,67.5,0.000,0.000,0.00,0.000,1.4,3.1,0.7,206,24,1.7,3.3,0.6,207,22,1.4,3.1,0.7,206,24,200,29.30,,0,0,0,73.4,70.7,69.7,0.14,0.15,0.14
OTIS,2017-08-21 15:10:00 EDT,41.48249,-74.50368,778,79.1,78.9,79.1,68.1,67.7,0.000,0.000,0.00,0.000,3.0,5.1,0.9,206,20,3.3,6.0,1.0,207,18,3.0,5.1,0.9,206,20,244,29.30,,0,0,0,73.4,70.7,69.7,0.14,0.15,0.14
OTIS,2017-08-21 15:15:00 EDT,41.48249,-74.50368,778,79.0,78.9,79.0,69.1,68.0,0.000,0.000,0.00,0.000,2.0,3.9,0.8,222,26,2.3,4.5,0.8,223,25,2.0,3.9,0.8,222,26,125,29.30,,0,0,0,73.4,70.7,69.7,0.14,0.15,0.14
OTIS,2017-08-21 15:20:00 EDT,41.48249,-74.50368,778,79.2,79.1,79.2,69.6,68.4,0.000,0.000,0.00,0.000,2.0,4.6,1.0,204,22,2.5,6.0,1.3,204,19,2.0,4.6,1.0,204,22,328,29.30,,0,0,0,73.4,70.7,69.7,0.14,0.15,0.14
OTIS,2017-08-21 15:25:00 EDT,41.48249,-74.50368,778,80.0,79.6,83.1,70.7,69.6,0.000,0.000,0.00,0.000,2.4,5.0,1.1,178,24,2.8,5.5,1.1,178,25,2.4,5.0,1.1,178,24,432,29.30,,0,0,0,73.4,70.7,69.7,0.14,0.15,0.14
OTIS,2017-08-21 15:30:00 EDT,41.48249,-74.50368,778,80.7,80.0,83.9,69.1,69.6,0.000,0.000,0.00,0.000,5.2,8.5,1.6,176,16,5.7,10.1,1.8,175,16,5.2,8.5,1.6,176,16,487,29.30,,0,0,0,73.4,70.8,69.8,0.14,0.15,0.14
OTIS,2017-08-21 15:35:00 EDT,41.48249,-74.50368,778,80.7,80.1,83.9,68.5,69.4,0.000,0.000,0.00,0.000,6.1,9.4,1.8,183,21,6.9,11.8,2.0,182,20,6.1,9.4,1.8,183,21,519,29.30,,0,0,0,73.4,70.7,69.8,0.14,0.15,0.14
OTIS,2017-08-21 15:40:00 EDT,41.48249,-74.50368,778,80.9,80.3,83.9,67.0,68.9,0.000,0.000,0.00,0.000,5.6,10.9,2.3,194,20,6.3,12.3,2.5,194,21,5.6,10.9,2.3,194,20,551,29.30,,0,0,0,73.4,70.7,69.7,0.14,0.15,0.14
OTIS,2017-08-21 15:45:00 EDT,41.48249,-74.50368,778,81.3,80.6,84.8,68.2,69.8,0.000,0.000,0.00,0.000,5.0,10.6,2.7,191,23,5.8,11.6,2.8,189,23,5.0,10.6,2.7,191,23,589,29.30,,0,0,0,73.4,70.8,69.8,0.14,0.15,0.14
OTIS,2017-08-21 15:50:00 EDT,41.48249,-74.50368,778,81.3,80.7,84.5,66.5,69.1,0.000,0.000,0.00,0.000,6.1,11.6,2.1,186,23,6.8,13.5,2.7,187,21,6.1,11.6,2.1,186,23,430,29.30,,0,0,0,73.4,70.8,69.8,0.14,0.15,0.14
OTIS,2017-08-21 15:55:00 EDT,41.48249,-74.50368,778,80.4,80.1,83.1,66.8,68.3,0.000,0.000,0.00,0.000,8.9,11.9,1.7,190,12,9.6,13.4,2.1,190,10,8.9,11.9,1.7,190,12,338,29.30,,0,0,0,73.5,70.9,69.8,0.14,0.15,0.14
OTIS,2017-08-21 16:00:00 EDT,41.48249,-74.50368,778,80.4,80.0,83.3,67.9,68.8,0.000,0.000,0.00,0.000,4.3,8.9,1.9,204,17,4.6,9.6,2.0,203,16,4.3,8.9,1.9,204,17,355,29.30,,0,0,0,73.5,70.9,69.8,0.14,0.15,0.14
OTIS,2017-08-21 16:05:00 EDT,41.48249,-74.50368,778,80.3,80.1,83.4,68.8,69.1,0.000,0.000,0.00,0.000,6.1,11.4,2.7,195,20,6.7,11.7,2.8,196,21,6.1,11.4,2.7,195,20,260,29.30,,0,0,0,73.5,70.9,69.8,0.14,0.15,0.14
OTIS,2017-08-21 16:10:00 EDT,41.48249,-74.50368,778,80.2,79.9,83.1,68.8,69.0,0.000,0.000,0.00,0.000,5.7,10.8,1.9,207,19,6.1,11.0,2.1,206,18,5.7,10.8,1.9,207,19,278,29.29,,0,0,0,73.5,70.9,69.8,0.14,0.15,0.14
OTIS,2017-08-21 16:15:00 EDT,41.48249,-74.50368,778,80.7,80.2,84.0,69.6,69.8,0.000,0.000,0.00,0.000,3.4,8.9,2.3,204,23,3.8,9.2,2.3,204,23,3.4,8.9,2.3,204,23,483,29.29,,0,0,0,73.6,71.0,69.7,0.14,0.15,0.14
OTIS,2017-08-21 16:20:00 EDT,41.48249,-74.50368,778,80.9,80.5,84.3,68.6,69.6,0.000,0.000,0.00,0.000,7.7,12.9,2.5,195,16,8.4,13.8,2.7,193,15,7.7,12.9,2.5,195,16,286,29.29,,0,0,0,73.7,71.0,69.7,0.14,0.15,0.14
OTIS,2017-08-21 16:25:00 EDT,41.48249,-74.50368,778,80.2,80.0,83.3,69.5,69.4,0.000,0.000,0.00,0.000,5.8,8.8,1.7,198,21,6.3,9.9,1.7,198,21,5.8,8.8,1.7,198,21,233,29.29,,0,0,0,73.7,71.1,69.8,0.14,0.15,0.14
OTIS,2017-08-21 16:30:00 EDT,41.48249,-74.50368,778,80.3,80.0,83.5,70.7,69.9,0.000,0.000,0.00,0.000,5.2,8.3,1.4,203,20,5.5,9.4,1.4,203,18,5.2,8.3,1.4,203,20,284,29.29,,0,0,0,73.7,71.1,69.8,0.14,0.15,0.14
OTIS,2017-08-21 16:35:00 EDT,41.48249,-74.50368,778,81.1,80.5,84.9,70.8,70.7,0.000,0.000,0.00,0.000,4.0,11.3,2.0,220,25,4.6,11.2,2.0,220,23,4.0,11.3,2.0,220,25,541,29.29,,0,0,0,73.7,71.2,69.8,0.14,0.15,0.14
OTIS,2017-08-21 16:40:00 EDT,41.48249,-74.50368,778,81.5,81.0,85.3,68.5,70.2,0.000,0.000,0.00,0.000,5.4,11.5,2.1,215,24,6.1,12.9,2.0,214,23,5.4,11.5,2.1,215,24,518,29.28,,0,0,0,73.8,71.2,69.7,0.14,0.15,0.14
OTIS,2017-08-21 16:45:00 EDT,41.48249,-74.50368,778,81.8,81.2,85.8,68.9,70.6,0.000,0.000,0.00,0.000,5.1,10.1,1.7,205,24,5.5,11.4,1.9,204,24,5.1,10.1,1.7,205,24,523,29.28,,0,0,0,73.9,71.2,69.7,0.14,0.15,0.14
OTIS,2017-08-21 16:50:00 EDT,41.48249,-74.50368,778,81.8,81.3,85.9,69.0,70.7,0.000,0.000,0.00,0.000,5.6,10.6,1.4,202,28,6.2,12.8,1.6,202,27,5.6,10.6,1.4,202,28,489,29.28,,0,0,0,73.9,71.2,69.8,0.14,0.15,0.14
OTIS,2017-08-21 16:55:00 EDT,41.48249,-74.50368,778,82.0,81.5,86.0,67.8,70.3,0.000,0.000,0.00,0.000,3.1,6.7,1.9,212,25,3.6,7.4,1.7,211,25,3.1,6.7,1.9,212,25,461,29.29,,0,0,0,73.9,71.2,69.7,0.14,0.15,0.14
OTIS,2017-08-21 17:00:00 EDT,41.48249,-74.50368,778,82.0,81.5,85.9,67.7,70.2,0.000,0.000,0.00,0.000,4.5,8.5,1.4,216,27,5.0,9.1,1.7,215,28,4.5,8.5,1.4,216,27,447,29.29,,0,0,0,73.9,71.3,69.7,0.14,0.15,0.14
OTIS,2017-08-21 17:05:00 EDT,41.48249,-74.50368,778,82.0,81.5,85.8,67.2,70.0,0.000,0.000,0.00,0.000,4.6,8.6,2.2,234,18,5.2,10.0,2.3,237,20,4.6,8.6,2.2,234,18,364,29.29,,0,0,0,73.9,71.3,69.8,0.14,0.15,0.14
OTIS,2017-08-21 17:10:00 EDT,41.48249,-74.50368,778,81.5,81.2,85.2,68.1,70.0,0.000,0.000,0.00,0.000,4.6,11.3,2.0,234,26,5.2,12.0,2.2,235,26,4.6,11.3,2.0,234,26,405,29.29,,0,0,0,73.9,71.2,69.7,0.14,0.15,0.14
OTIS,2017-08-21 17:15:00 EDT,41.48249,-74.50368,778,81.6,81.2,85.4,68.3,70.1,0.000,0.000,0.00,0.000,4.7,8.3,1.9,206,18,5.1,9.2,2.0,205,16,4.7,8.3,1.9,206,18,339,29.28,,0,0,0,74.0,71.2,69.8,0.14,0.15,0.14
OTIS,2017-08-21 17:20:00 EDT,41.48249,-74.50368,778,81.3,81.1,85.2,69.6,70.5,0.000,0.000,0.00,0.000,3.2,7.9,1.8,231,26,3.8,9.4,1.9,231,27,3.2,7.9,1.8,231,26,260,29.29,,0,0,0,74.0,71.2,69.7,0.14,0.15,0.14
OTIS,2017-08-21 17:25:00 EDT,41.48249,-74.50368,778,81.7,81.3,85.6,68.8,70.4,0.000,0.000,0.00,0.000,4.0,8.3,1.6,213,23,4.6,8.9,1.5,214,24,4.0,8.3,1.6,213,23,390,29.29,,0,0,0,74.0,71.2,69.8,0.14,0.15,0.14
OTIS,2017-08-21 17:30:00 EDT,41.48249,-74.50368,778,81.8,81.4,85.8,68.2,70.3,0.000,0.000,0.00,0.000,3.5,7.7,1.5,234,29,3.7,8.7,1.7,236,26,3.5,7.7,1.5,234,29,361,29.29,,0,0,0,73.9,71.3,69.8,0.14,0.15,0.14
OTIS,2017-08-21 17:35:00 EDT,41.48249,-74.50368,778,81.9,81.5,85.9,68.4,70.5,0.000,0.000,0.00,0.000,4.0,7.7,1.3,195,25,4.5,8.1,1.7,194,25,4.0,7.7,1.3,195,25,335,29.28,,0,0,0,74.0,71.3,69.8,0.14,0.15,0.14
OTIS,2017-08-21 17:40:00 EDT,41.48249,-74.50368,778,81.4,81.1,85.0,68.6,70.0,0.000,0.000,0.00,0.000,6.0,11.1,2.3,215,28,6.6,12.6,2.6,216,29,6.0,11.1,2.3,215,28,258,29.28,,0,0,0,74.0,71.3,69.8,0.14,0.15,0.14
OTIS,2017-08-21 17:45:00 EDT,41.48249,-74.50368,778,81.2,81.0,84.8,68.5,69.9,0.000,0.000,0.00,0.000,5.5,13.4,1.9,200,18,5.8,13.8,2.2,201,16,5.5,13.4,1.9,200,18,299,29.28,,0,0,0,74.0,71.3,69.8,0.14,0.15,0.14
OTIS,2017-08-21 17:50:00 EDT,41.48249,-74.50368,778,81.2,80.9,84.6,68.4,69.8,0.000,0.000,0.00,0.000,5.2,9.6,1.6,223,21,5.5,10.3,1.7,224,22,5.2,9.6,1.6,223,21,289,29.28,,0,0,0,74.0,71.3,69.8,0.14,0.15,0.14
OTIS,2017-08-21 17:55:00 EDT,41.48249,-74.50368,778,81.1,80.9,84.9,70.2,70.5,0.000,0.000,0.00,0.000,3.6,6.2,1.3,201,23,4.1,7.0,1.3,202,20,3.6,6.2,1.3,201,23,236,29.28,,0,0,0,74.0,71.3,69.7,0.14,0.15,0.14
OTIS,2017-08-21 18:00:00 EDT,41.48249,-74.50368,778,80.8,80.6,84.4,70.9,70.4,0.000,0.000,0.00,0.000,2.8,6.0,1.6,186,26,3.4,6.8,1.7,189,30,2.8,6.0,1.6,186,26,145,29.27,,0,0,0,74.0,71.3,69.8,0.14,0.15,0.14
OTIS,2017-08-21 18:05:00 EDT,41.48249,-74.50368,778,80.0,80.1,83.3,72.3,70.3,0.000,0.000,0.00,0.000,3.7,9.4,2.0,199,21,4.0,10.7,2.3,199,19,3.7,9.4,2.0,199,21,80,29.27,,0,0,0,74.0,71.2,69.8,0.14,0.15,0.14
OTIS,2017-08-21 18:10:00 EDT,41.48249,-74.50368,778,79.6,79.7,79.6,72.9,70.2,0.000,0.000,0.00,0.000,5.1,10.3,1.9,206,20,5.4,10.7,2.1,207,18,5.1,10.3,1.9,206,20,76,29.27,,0,0,0,74.0,71.3,69.7,0.14,0.15,0.14
OTIS,2017-08-21 18:15:00 EDT,41.48249,-74.50368,778,79.4,79.4,79.4,73.9,70.3,0.000,0.000,0.00,0.000,4.3,10.5,1.9,203,21,4.7,9.3,2.1,202,20,4.3,10.5,1.9,203,21,72,29.27,,0,0,0,74.0,71.2,69.8,0.14,0.15,0.14
OTIS,2017-08-21 18:20:00 EDT,41.48249,-74.50368,778,79.0,79.1,79.0,74.8,70.4,0.000,0.000,0.00,0.000,3.9,6.5,1.0,200,18,4.2,7.2,1.2,199,18,3.9,6.5,1.0,200,18,68,29.27,,0,0,0,74.0,71.3,69.7,0.14,0.15,0.14
OTIS,2017-08-21 18:25:00 EDT,41.48249,-74.50368,778,78.9,79.0,78.9,75.0,70.3,0.000,0.000,0.00,0.000,3.6,6.8,1.2,207,23,4.0,7.2,1.3,208,20,3.6,6.8,1.2,207,23,60,29.27,,0,0,0,73.9,71.2,69.7,0.14,0.15,0.14
OTIS,2017-08-21 18:30:00 EDT,41.48249,-74.50368,778,78.8,78.8,78.8,75.4,70.3,0.000,0.000,0.00,0.000,3.8,6.9,1.1,209,18,4.1,8.2,1.3,210,14,3.8,6.9,1.1,209,18,60,29.27,,0,0,0,73.9,71.3,69.7,0.14,0.15,0.14
OTIS,2017-08-21 18:35:00 EDT,41.48249,-74.50368,778,78.6,78.6,78.6,75.8,70.4,0.000,0.000,0.00,0.000,4.6,7.2,1.3,206,16,5.0,8.8,1.4,205,14,4.6,7.2,1.3,206,16,63,29.27,,0,0,0,73.9,71.3,69.8,0.14,0.15,0.14
OTIS,2017-08-21 18:40:00 EDT,41.48249,-74.50368,778,78.6,78.6,78.6,76.0,70.4,0.000,0.000,0.00,0.000,3.7,7.9,1.4,204,20,4.0,9.3,1.6,205,20,3.7,7.9,1.4,204,20,97,29.27,,0,0,0,73.9,71.3,69.8,0.14,0.15,0.14
OTIS,2017-08-21 18:45:00 EDT,41.48249,-74.50368,778,78.8,78.7,78.8,75.6,70.4,0.000,0.000,0.00,0.000,4.8,8.3,1.4,200,19,5.4,10.0,1.6,199,17,4.8,8.3,1.4,200,19,154,29.27,,0,0,0,73.8,71.3,69.7,0.14,0.15,0.14
OTIS,2017-08-21 18:50:00 EDT,41.48249,-74.50368,778,78.9,78.8,78.9,75.5,70.5,0.000,0.000,0.00,0.000,4.7,7.2,1.5,197,17,5.3,8.4,1.7,195,13,4.7,7.2,1.5,197,17,157,29.27,,0,0,0,73.7,71.3,69.8,0.14,0.15,0.14
OTIS,2017-08-21 18:55:00 EDT,41.48249,-74.50368,778,78.9,78.9,78.9,75.8,70.6,0.000,0.000,0.00,0.000,3.8,8.8,2.0,196,20,4.2,9.9,2.0,196,18,3.8,8.8,2.0,196,20,144,29.27,,0,0,0,73.7,71.3,69.8,0.14,0.15,0.14
OTIS,2017-08-21 19:00:00 EDT,41.48249,-74.50368,778,78.8,78.8,78.8,75.9,70.6,0.000,0.000,0.00,0.000,3.2,7.1,1.5,207,24,3.6,8.1,1.5,205,24,3.2,7.1,1.5,207,24,125,29.27,,0,0,0,73.7,71.3,69.7,0.14,0.15,0.14
OTIS,2017-08-21 19:05:00 EDT,41.48249,-74.50368,778,78.8,78.8,78.8,76.1,70.6,0.000,0.000,0.00,0.000,3.9,8.3,1.5,206,18,4.4,9.5,1.5,208,17,3.9,8.3,1.5,206,18,86,29.27,,0,0,0,73.6,71.3,69.7,0.14,0.15,0.14
OTIS,2017-08-21 19:10:00 EDT,41.48249,-74.50368,778,78.6,78.6,78.6,76.9,70.7,0.000,0.000,0.00,0.000,3.6,5.8,1.1,204,15,3.9,6.6,1.2,206,14,3.6,5.8,1.1,204,15,76,29.27,,0,0,0,73.6,71.4,69.7,0.14,0.15,0.14
OTIS,2017-08-21 19:15:00 EDT,41.48249,-74.50368,778,78.4,78.5,78.4,77.2,70.7,0.000,0.000,0.00,0.000,3.7,6.3,1.1,212,18,3.9,7.1,1.2,211,17,3.7,6.3,1.1,212,18,64,29.27,,0,0,0,73.5,71.3,69.8,0.14,0.15,0.14
OTIS,2017-08-21 19:20:00 EDT,41.48249,-74.50368,778,78.2,78.4,78.2,77.5,70.6,0.000,0.000,0.00,0.000,3.2,6.2,1.4,210,19,3.4,7.6,1.5,210,16,3.2,6.2,1.4,210,19,47,29.27,,0,0,0,73.5,71.4,69.7,0.14,0.15,0.14
OTIS,2017-08-21 19:25:00 EDT,41.48249,-74.50368,778,78.1,78.2,78.1,78.0,70.7,0.000,0.000,0.00,0.000,3.8,7.0,1.0,207,18,4.1,7.3,1.2,207,18,3.8,7.0,1.0,207,18,34,29.27,,0,0,0,73.5,71.4,69.7,0.14,0.15,0.14
OTIS,2017-08-21 19:30:00 EDT,41.48249,-74.50368,778,77.9,78.0,77.9,78.4,70.6,0.000,0.000,0.00,0.000,3.5,6.9,1.3,207,20,3.8,9.0,1.7,205,17,3.5,6.9,1.3,207,20,24,29.28,,0,0,0,73.5,71.3,69.7,0.14,0.15,0.14
OTIS,2017-08-21 19:35:00 EDT,41.48249,-74.50368,778,77.7,77.8,77.7,78.7,70.6,0.000,0.000,0.00,0.000,3.3,5.5,1.0,206,16,3.6,6.2,1.1,206,16,3.3,5.5,1.0,206,16,17,29.28,,0,0,0,73.4,71.3,69.8,0.14,0.15,0.14
OTIS,2017-08-21 19:40:00 EDT,41.48249,-74.50368,778,77.5,77.6,77.5,79.1,70.5,0.000,0.000,0.00,0.000,3.1,6.9,1.3,211,19,3.5,7.3,1.3,211,19,3.1,6.9,1.3,211,19,12,29.28,,0,0,0,73.4,71.4,69.8,0.14,0.15,0.14
OTIS,2017-08-21 19:45:00 EDT,41.48249,-74.50368,778,77.4,77.5,77.4,79.3,70.5,0.000,0.000,0.00,0.000,3.7,7.0,1.5,213,18,4.1,8.1,1.4,212,20,3.7,7.0,1.5,213,18,8,29.28,,0,0,0,73.4,71.4,69.8,0.14,0.15,0.14
OTIS,2017-08-21 19:50:00 EDT,41.48249,-74.50368,778,77.2,77.3,77.2,79.7,70.4,0.000,0.000,0.00,0.000,2.0,3.9,0.7,210,18,2.2,4.4,0.7,212,17,2.0,3.9,0.7,210,18,5,29.28,,0,0,0,73.4,71.3,69.8,0.14,0.15,0.14
OTIS,2017-08-21 19:55:00 EDT,41.48249,-74.50368,778,76.5,76.9,76.5,80.7,70.2,0.000,0.000,0.00,0.000,1.8,6.1,1.3,219,20,2.0,6.7,1.2,220,19,1.8,6.1,1.3,219,20,2,29.28,,0,0,0,73.4,71.4,69.8,0.14,0.15,0.14
OTIS,2017-08-21 20:00:00 EDT,41.48249,-74.50368,778,76.8,77.0,76.8,81.1,70.5,0.000,0.000,0.00,0.000,1.7,3.4,0.8,236,22,1.9,4.2,0.8,239,23,1.7,3.4,0.8,236,22,1,29.28,,0,0,0,73.4,71.4,69.8,0.14,0.15,0.14
OTIS,2017-08-21 20:05:00 EDT,41.48249,-74.50368,778,76.5,76.7,76.5,81.4,70.4,0.000,0.000,0.00,0.000,1.9,4.7,1.1,226,20,2.1,5.5,1.0,226,20,1.9,4.7,1.1,226,20,1,29.28,,0,0,0,73.3,71.4,69.8,0.14,0.15,0.14
OTIS,2017-08-21 20:10:00 EDT,41.48249,-74.50368,778,76.3,76.5,76.3,82.0,70.4,0.000,0.000,0.00,0.000,1.7,3.5,0.7,224,14,1.9,3.5,0.6,224,19,1.7,3.5,0.7,224,14,1,29.28,,0,0,0,73.2,71.4,69.8,0.14,0.15,0.14
OTIS,2017-08-21 20:15:00 EDT,41.48249,-74.50368,778,75.9,76.3,75.9,82.6,70.3,0.000,0.000,0.00,0.000,1.4,3.1,0.7,223,20,1.6,3.2,0.6,222,22,1.4,3.1,0.7,223,20,0,29.28,,0,0,0,73.3,71.3,69.8,0.14,0.15,0.14
OTIS,2017-08-21 20:20:00 EDT,41.48249,-74.50368,778,75.4,76.1,75.4,83.5,70.1,0.000,0.000,0.00,0.000,2.0,4.2,0.9,209,16,2.2,4.5,0.9,210,17,2.0,4.2,0.9,209,16,0,29.28,,0,0,0,73.3,71.5,69.8,0.14,0.15,0.14
OTIS,2017-08-21 20:25:00 EDT,41.48249,-74.50368,778,74.9,75.5,74.9,85.1,70.1,0.000,0.000,0.00,0.000,1.2,2.0,0.4,190,14,1.5,2.5,0.5,191,16,1.2,2.0,0.4,190,14,0,29.28,,0,0,0,73.3,71.4,69.8,0.14,0.15,0.14
OTIS,2017-08-21 20:30:00 EDT,41.48249,-74.50368,778,74.6,75.4,74.6,86.2,70.2,0.000,0.000,0.00,0.000,2.5,4.2,0.7,200,14,2.6,4.6,0.7,201,16,2.5,4.2,0.7,200,14,0,29.28,,0,0,0,73.2,71.4,69.9,0.14,0.15,0.14
OTIS,2017-08-21 20:35:00 EDT,41.48249,-74.50368,778,74.9,75.3,74.9,85.8,70.4,0.000,0.000,0.00,0.000,2.0,3.3,0.6,208,24,2.1,3.6,0.6,211,22,2.0,3.3,0.6,208,24,0,29.27,,0,0,0,73.2,71.5,69.8,0.14,0.15,0.14
OTIS,2017-08-21 20:40:00 EDT,41.48249,-74.50368,778,74.3,75.2,74.3,86.2,69.9,0.000,0.000,0.00,0.000,1.4,2.6,0.5,231,18,1.6,3.0,0.5,233,19,1.4,2.6,0.5,231,18,0,29.27,,0,0,0,73.2,71.5,69.8,0.14,0.15,0.14
OTIS,2017-08-21 20:45:00 EDT,41.48249,-74.50368,778,74.4,75.1,74.4,86.8,70.2,0.000,0.000,0.00,0.000,1.6,2.8,0.6,256,19,2.0,3.8,0.6,258,21,1.6,2.8,0.6,256,19,0,29.28,,0,0,0,73.2,71.5,69.9,0.14,0.15,0.14
OTIS,2017-08-21 20:50:00 EDT,41.48249,-74.50368,778,74.5,74.8,74.5,87.1,70.4,0.000,0.000,0.00,0.000,2.4,4.9,0.7,249,18,2.6,6.2,0.8,250,19,2.4,4.9,0.7,249,18,0,29.28,,0,0,0,73.2,71.4,69.7,0.14,0.15,0.14
OTIS,2017-08-21 20:55:00 EDT,41.48249,-74.50368,778,74.4,74.7,74.4,86.9,70.2,0.000,0.000,0.00,0.000,2.8,4.7,1.1,234,16,2.9,5.5,1.1,234,15,2.8,4.7,1.1,234,16,0,29.28,,0,0,0,73.1,71.4,69.8,0.14,0.15,0.14
OTIS,2017-08-21 21:00:00 EDT,41.48249,-74.50368,778,74.2,74.5,74.2,87.0,70.1,0.000,0.000,0.00,0.000,1.8,4.1,0.9,236,22,2.1,4.7,0.9,240,24,1.8,4.1,0.9,236,22,0,29.28,,0,0,0,73.0,71.5,69.8,0.14,0.15,0.14
OTIS,2017-08-21 21:05:00 EDT,41.48249,-74.50368,778,74.1,74.2,74.1,87.4,70.1,0.000,0.000,0.00,0.000,2.3,4.5,0.8,248,22,2.6,5.8,1.0,250,20,2.3,4.5,0.8,248,22,0,29.28,,0,0,0,73.0,71.6,69.8,0.14,0.15,0.14
OTIS,2017-08-21 21:10:00 EDT,41.48249,-74.50368,778,74.1,74.2,74.1,87.6,70.2,0.000,0.000,0.00,0.000,2.3,4.5,0.9,244,20,2.5,4.7,0.9,245,21,2.3,4.5,0.9,244,20,0,29.28,,0,0,0,72.9,71.5,69.9,0.14,0.15,0.14
OTIS,2017-08-21 21:15:00 EDT,41.48249,-74.50368,778,74.0,74.1,74.0,87.6,70.1,0.000,0.000,0.00,0.000,2.4,4.4,0.8,237,17,2.4,4.7,0.8,238,16,2.4,4.4,0.8,237,17,0,29.28,,0,0,0,72.9,71.5,69.8,0.14,0.15,0.14
OTIS,2017-08-21 21:20:00 EDT,41.48249,-74.50368,778,73.9,74.1,73.9,87.5,69.9,0.000,0.000,0.00,0.000,1.9,5.0,1.1,236,22,2.0,5.4,1.0,237,23,1.9,5.0,1.1,236,22,0,29.29,,0,0,0,72.8,71.5,69.8,0.14,0.15,0.14
OTIS,2017-08-21 21:25:00 EDT,41.48249,-74.50368,778,73.8,74.2,73.8,87.5,69.9,0.000,0.000,0.00,0.000,2.1,4.0,1.0,218,14,2.2,4.0,0.8,216,14,2.1,4.0,1.0,218,14,0,29.28,,0,0,0,72.8,71.5,69.8,0.14,0.15,0.14
OTIS,2017-08-21 21:30:00 EDT,41.48249,-74.50368,778,73.3,74.2,73.3,88.3,69.7,0.000,0.000,0.00,0.000,2.5,3.7,0.4,219,10,2.4,3.7,0.5,220,9,2.5,3.7,0.4,219,10,0,29.28,,0,0,0,72.8,71.5,69.9,0.14,0.15,0.14
OTIS,2017-08-21 21:35:00 EDT,41.48249,-74.50368,778,72.4,73.9,72.4,89.4,69.1,0.000,0.000,0.00,0.000,1.8,3.5,0.5,204,11,1.9,3.4,0.4,206,12,1.8,3.5,0.5,204,11,0,29.28,,0,0,0,72.7,71.6,69.8,0.14,0.15,0.14
OTIS,2017-08-21 21:40:00 EDT,41.48249,-74.50368,778,72.1,73.7,72.1,91.4,69.5,0.000,0.000,0.00,0.000,1.2,3.1,0.7,232,12,1.4,3.6,0.6,231,14,1.2,3.1,0.7,232,12,0,29.28,,0,0,0,72.7,71.6,69.8,0.14,0.15,0.14
OTIS,2017-08-21 21:45:00 EDT,41.48249,-74.50368,778,72.6,73.6,72.6,91.5,70.0,0.000,0.000,0.00,0.000,1.8,4.1,1.1,234,15,2.0,5.1,1.1,235,18,1.8,4.1,1.1,234,15,0,29.28,,0,0,0,72.7,71.6,69.8,0.14,0.15,0.14
OTIS,2017-08-21 21:50:00 EDT,41.48249,-74.50368,778,72.8,73.6,72.8,91.1,70.0,0.000,0.000,0.00,0.000,0.3,1.1,0.3,223,5,0.7,1.5,0.3,215,35,0.3,1.1,0.3,223,5,0,29.27,,0,0,0,72.7,71.6,69.9,0.14,0.15,0.14
OTIS,2017-08-21 21:55:00 EDT,41.48249,-74.50368,778,71.7,73.1,71.7,91.8,69.2,0.000,0.000,0.00,0.000,0.5,1.8,0.5,253,15,1.0,2.2,0.5,252,22,0.5,1.8,0.5,253,15,0,29.27,,0,0,0,72.6,71.5,69.9,0.14,0.15,0.14
OTIS,2017-08-21 22:00:00 EDT,41.48249,-74.50368,778,72.5,73.3,72.5,92.2,70.1,0.000,0.000,0.00,0.000,2.5,5.7,1.0,226,22,2.7,5.1,1.0,225,22,2.5,5.7,1.0,226,22,0,29.27,,0,0,0,72.7,71.5,69.8,0.14,0.15,0.14
OTIS,2017-08-21 22:05:00 EDT,41.48249,-74.50368,778,73.2,73.6,73.2,89.9,70.1,0.000,0.000,0.00,0.000,2.2,6.1,1.0,224,29,2.6,7.4,1.2,226,29,2.2,6.1,1.0,224,29,0,29.27,,0,0,0,72.7,71.6,69.8,0.14,0.15,0.14
OTIS,2017-08-21 22:10:00 EDT,41.48249,-74.50368,778,72.8,73.5,72.8,89.1,69.4,0.000,0.000,0.00,0.000,3.6,5.8,1.0,198,16,4.0,6.7,1.1,197,16,3.6,5.8,1.0,198,16,0,29.27,,0,0,0,72.5,71.6,69.9,0.14,0.15,0.14
OTIS,2017-08-21 22:15:00 EDT,41.48249,-74.50368,778,72.8,73.4,72.8,89.0,69.3,0.000,0.000,0.00,0.000,3.7,5.2,0.8,195,16,4.0,6.3,0.9,193,15,3.7,5.2,0.8,195,16,0,29.27,,0,0,0,72.5,71.7,69.9,0.14,0.15,0.14
OTIS,2017-08-21 22:20:00 EDT,41.48249,-74.50368,778,72.6,73.1,72.6,88.8,69.1,0.000,0.000,0.00,0.000,4.6,6.4,0.6,197,12,5.0,6.9,0.7,196,10,4.6,6.4,0.6,197,12,0,29.27,,0,0,0,72.4,71.6,69.8,0.14,0.15,0.14
OTIS,2017-08-21 22:25:00 EDT,41.48249,-74.50368,778,72.6,72.9,72.6,88.7,69.0,0.000,0.000,0.00,0.000,5.0,7.7,1.0,200,14,5.4,8.1,1.1,200,12,5.0,7.7,1.0,200,14,0,29.28,,0,0,0,72.5,71.6,69.9,0.14,0.15,0.14
OTIS,2017-08-21 22:30:00 EDT,41.48249,-74.50368,778,72.8,72.9,72.8,87.5,68.9,0.000,0.000,0.00,0.000,4.4,7.1,1.1,200,14,4.8,8.7,1.3,199,12,4.4,7.1,1.1,200,14,0,29.28,,0,0,0,72.5,71.6,69.9,0.14,0.15,0.14
OTIS,2017-08-21 22:35:00 EDT,41.48249,-74.50368,778,72.8,72.9,72.8,85.6,68.2,0.000,0.000,0.00,0.000,4.9,9.4,1.5,213,18,5.3,10.9,1.7,212,17,4.9,9.4,1.5,213,18,0,29.28,,0,0,0,72.5,71.5,69.8,0.14,0.15,0.14
OTIS,2017-08-21 22:40:00 EDT,41.48249,-74.50368,778,72.7,72.8,72.7,84.6,67.8,0.000,0.000,0.00,0.000,3.8,6.9,1.1,214,17,4.1,7.4,1.2,215,16,3.8,6.9,1.1,214,17,0,29.28,,0,0,0,72.4,71.5,69.8,0.14,0.15,0.14
OTIS,2017-08-21 22:45:00 EDT,41.48249,-74.50368,778,72.6,72.7,72.6,82.9,67.1,0.000,0.000,0.00,0.000,4.5,7.1,1.5,226,25,4.7,8.7,1.7,225,25,4.5,7.1,1.5,226,25,0,29.28,,0,0,0,72.5,71.6,69.9,0.14,0.15,0.14
OTIS,2017-08-21 22:50:00 EDT,41.48249,-74.50368,778,72.8,72.9,72.8,79.9,66.2,0.000,0.000,0.00,0.000,3.8,7.9,1.7,235,26,4.4,9.8,2.0,237,26,3.8,7.9,1.7,235,26,0,29.28,,0,0,0,72.4,71.6,69.9,0.14,0.15,0.14
OTIS,2017-08-21 22:55:00 EDT,41.48249,-74.50368,778,72.6,72.7,72.6,79.4,65.9,0.000,0.000,0.00,0.000,4.4,10.0,2.7,227,23,4.7,10.6,2.6,228,27,4.4,10.0,2.7,227,23,0,29.28,,0,0,0,72.5,71.6,69.7,0.14,0.15,0.14
OTIS,2017-08-21 23:00:00 EDT,41.48249,-74.50368,778,72.5,72.6,72.5,79.5,65.8,0.000,0.000,0.00,0.000,3.4,6.1,1.2,222,18,3.4,6.9,1.2,221,17,3.4,6.1,1.2,222,18,0,29.28,,0,0,0,72.4,71.6,69.9,0.14,0.15,0.14
OTIS,2017-08-21 23:05:00 EDT,41.48249,-74.50368,778,72.4,72.5,72.4,79.5,65.7,0.000,0.000,0.00,0.000,3.0,5.6,1.2,224,19,3.2,6.6,1.3,225,21,3.0,5.6,1.2,224,19,0,29.28,,0,0,0,72.5,71.5,69.9,0.14,0.15,0.14
OTIS,2017-08-21 23:10:00 EDT,41.48249,-74.50368,778,72.4,72.5,72.4,79.8,65.8,0.000,0.000,0.00,0.000,4.0,7.7,1.3,220,18,4.3,8.1,1.3,219,16,4.0,7.7,1.3,220,18,0,29.28,,0,0,0,72.5,71.5,69.9,0.14,0.15,0.14
OTIS,2017-08-21 23:15:00 EDT,41.48249,-74.50368,778,72.5,72.5,72.5,79.5,65.8,0.000,0.000,0.00,0.000,3.8,6.1,1.1,216,18,4.1,7.4,1.2,215,17,3.8,6.1,1.1,216,18,0,29.28,,0,0,0,72.4,71.5,69.8,0.14,0.15,0.14
OTIS,2017-08-21 23:20:00 EDT,41.48249,-74.50368,778,72.1,72.3,72.1,80.4,65.7,0.000,0.000,0.00,0.000,3.8,6.5,1.4,212,17,4.1,7.0,1.3,211,18,3.8,6.5,1.4,212,17,0,29.28,,0,0,0,72.4,71.5,69.9,0.14,0.15,0.14
OTIS,2017-08-21 23:25:00 EDT,41.48249,-74.50368,778,72.1,72.3,72.1,81.0,65.9,0.000,0.000,0.00,0.000,4.4,8.1,1.2,228,15,4.6,9.0,1.3,230,17,4.4,8.1,1.2,228,15,0,29.28,,0,0,0,72.3,71.4,69.9,0.14,0.15,0.14
OTIS,2017-08-21 23:30:00 EDT,41.48249,-74.50368,778,71.9,72.0,71.9,81.3,65.9,0.000,0.000,0.00,0.000,3.6,5.9,1.1,231,18,3.7,6.3,1.2,232,17,3.6,5.9,1.1,231,18,0,29.27,,0,0,0,72.3,71.4,69.8,0.14,0.15,0.14
OTIS,2017-08-21 23:35:00 EDT,41.48249,-74.50368,778,71.6,71.7,71.6,82.3,65.9,0.000,0.000,0.00,0.000,3.4,5.6,1.0,224,18,3.5,6.5,1.1,225,18,3.4,5.6,1.0,224,18,0,29.27,,0,0,0,72.3,71.4,69.9,0.14,0.15,0.14
OTIS,2017-08-21 23:40:00 EDT,41.48249,-74.50368,778,71.4,71.5,71.4,83.4,66.1,0.000,0.000,0.00,0.000,3.7,7.8,1.5,229,19,4.0,8.6,1.7,227,20,3.7,7.8,1.5,229,19,0,29.27,,0,0,0,72.3,71.5,69.9,0.14,0.15,0.14
OTIS,2017-08-21 23:45:00 EDT,41.48249,-74.50368,778,71.4,71.5,71.4,84.1,66.3,0.000,0.000,0.00,0.000,3.4,9.1,1.7,249,21,3.9,8.7,1.7,250,21,3.4,9.1,1.7,249,21,0,29.27,,0,0,0,72.2,71.4,69.9,0.14,0.15,0.14
OTIS,2017-08-21 23:50:00 EDT,41.48249,-74.50368,778,71.4,71.5,71.4,84.5,66.5,0.000,0.000,0.00,0.000,3.8,7.4,1.5,251,21,4.3,8.5,1.7,254,19,3.8,7.4,1.5,251,21,0,29.27,,0,0,0,72.1,71.4,69.9,0.14,0.15,0.14
OTIS,2017-08-21 23:55:00 EDT,41.48249,-74.50368,778,71.5,71.5,71.5,84.8,66.6,0.000,0.000,0.00,0.000,4.0,8.0,1.3,242,21,4.2,8.4,1.5,243,19,4.0,8.0,1.3,242,21,0,29.27,,0,0,0,72.1,71.4,70.0,0.14,0.15,0.14
OWEG,2017-08-21 00:00:00 EDT,42.02571,-76.25543,1469,65.2,66.7,65.2,88.3,61.7,0.000,0.000,0.00,0.000,4.8,6.4,0.7,194,7,5.1,6.9,0.8,202,7,4.8,6.4,0.7,194,7,0,28.63,,0,0,0,70.7,69.3,67.8,0.24,0.30,0.33
OWEG,2017-08-21 00:05:00 EDT,42.02571,-76.25543,1469,64.9,66.6,64.9,88.1,61.3,0.000,0.000,0.00,0.000,5.1,7.2,1.0,196,9,5.5,7.7,1.2,203,8,5.1,7.2,1.0,196,9,0,28.63,,0,0,0,70.7,69.3,67.8,0.24,0.30,0.33
OWEG,2017-08-21 00:10:00 EDT,42.02571,-76.25543,1469,65.0,66.5,65.0,88.2,61.4,0.000,0.000,0.00,0.000,4.8,6.8,0.7,198,11,5.1,7.1,0.9,206,9,4.8,6.8,0.7,198,11,0,28.63,,0,0,0,70.7,69.3,67.8,0.24,0.30,0.33
OWEG,2017-08-21 00:15:00 EDT,42.02571,-76.25543,1469,65.2,66.6,65.2,87.8,61.4,0.000,0.000,0.00,0.000,4.8,7.1,0.9,207,13,5.1,8.1,1.1,214,11,4.8,7.1,0.9,207,13,0,28.64,,0,0,0,70.7,69.3,67.8,0.24,0.30,0.33
OWEG,2017-08-21 00:20:00 EDT,42.02571,-76.25543,1469,65.3,66.6,65.3,87.5,61.5,0.000,0.000,0.00,0.000,5.2,7.2,1.0,199,10,5.4,7.9,1.1,206,9,5.2,7.2,1.0,199,10,0,28.64,,0,0,0,70.7,69.3,67.8,0.24,0.30,0.33
OWEG,2017-08-21 00:25:00 EDT,42.02571,-76.25543,1469,65.6,66.9,65.6,87.0,61.6,0.000,0.000,0.00,0.000,5.5,7.8,1.1,199,9,5.8,8.3,1.1,206,9,5.5,7.8,1.1,199,9,0,28.64,,0,0,0,70.7,69.3,67.8,0.24,0.30,0.33
OWEG,2017-08-21 00:30:00 EDT,42.02571,-76.25543,1469,65.5,66.9,65.5,86.5,61.4,0.000,0.000,0.00,0.000,5.6,7.5,1.0,196,9,5.9,8.0,1.1,203,9,5.6,7.5,1.0,196,9,0,28.63,,0,0,0,70.7,69.3,67.8,0.24,0.30,0.33
OWEG,2017-08-21 00:35:00 EDT,42.02571,-76.25543,1469,65.4,66.9,65.4,86.4,61.2,0.000,0.000,0.00,0.000,5.0,6.8,0.9,200,9,5.4,7.3,1.0,207,8,5.0,6.8,0.9,200,9,0,28.63,,0,0,0,70.7,69.3,67.8,0.24,0.30,0.33
OWEG,2017-08-21 00:40:00 EDT,42.02571,-76.25543,1469,65.4,66.8,65.4,86.4,61.2,0.000,0.000,0.00,0.000,4.1,5.8,0.7,206,11,4.3,6.7,0.9,213,10,4.1,5.8,0.7,206,11,0,28.63,,0,0,0,70.5,69.3,67.8,0.24,0.30,0.33
OWEG,2017-08-21 00:45:00 EDT,42.02571,-76.25543,1469,65.3,66.9,65.3,86.0,61.0,0.000,0.000,0.00,0.000,4.4,5.9,0.7,200,8,4.6,6.5,0.9,208,8,4.4,5.9,0.7,200,8,0,28.63,,0,0,0,70.3,69.3,67.8,0.24,0.30,0.33
OWEG,2017-08-21 00:50:00 EDT,42.02571,-76.25543,1469,65.0,66.9,65.0,86.2,60.8,0.000,0.000,0.00,0.000,4.3,5.9,0.7,207,9,4.6,6.6,0.7,214,8,4.3,5.9,0.7,207,9,0,28.63,,0,0,0,70.3,69.3,67.8,0.24,0.30,0.33
OWEG,2017-08-21 00:55:00 EDT,42.02571,-76.25543,1469,65.0,67.0,65.0,86.1,60.7,0.000,0.000,0.00,0.000,4.2,6.6,0.7,211,9,4.5,7.1,0.8,217,8,4.2,6.6,0.7,211,9,0,28.63,,0,0,0,70.3,69.3,67.8,0.24,0.30,0.33
OWEG,2017-08-21 01:00:00 EDT,42.02571,-76.25543,1469,65.1,66.9,65.1,85.5,60.6,0.000,0.000,0.00,0.000,4.0,5.7,0.8,213,11,4.4,6.6,1.0,219,10,4.0,5.7,0.8,213,11,0,28.63,,0,0,0,70.3,69.3,67.8,0.24,0.30,0.33
OWEG,2017-08-21 01:05:00 EDT,42.02571,-76.25543,1469,65.5,67.2,65.5,84.4,60.6,0.000,0.000,0.00,0.000,4.3,5.8,0.6,207,9,4.5,6.2,0.8,216,7,4.3,5.8,0.6,207,9,0,28.63,,0,0,0,70.3,69.3,67.8,0.24,0.30,0.33
OWEG,2017-08-21 01:10:00 EDT,42.02571,-76.25543,1469,65.1,67.0,65.1,84.4,60.3,0.000,0.000,0.00,0.000,4.0,5.9,0.8,213,12,4.1,6.2,1.0,220,10,4.0,5.9,0.8,213,12,0,28.63,,0,0,0,70.3,69.3,67.8,0.24,0.30,0.33
OWEG,2017-08-21 01:15:00 EDT,42.02571,-76.25543,1469,64.8,66.6,64.8,85.4,60.3,0.000,0.000,0.00,0.000,4.0,5.7,0.8,210,9,4.2,5.9,0.9,219,7,4.0,5.7,0.8,210,9,0,28.63,,0,0,0,70.3,69.3,67.8,0.24,0.30,0.33
OWEG,2017-08-21 01:20:00 EDT,42.02571,-76.25543,1469,64.2,66.5,64.2,86.3,60.0,0.000,0.000,0.00,0.000,4.3,5.9,0.7,221,9,4.6,6.6,0.8,226,8,4.3,5.9,0.7,221,9,0,28.63,,0,0,0,70.3,69.3,67.8,0.24,0.30,0.33
OWEG,2017-08-21 01:25:00 EDT,42.02571,-76.25543,1469,64.1,66.8,64.1,86.2,60.0,0.000,0.000,0.00,0.000,4.7,6.8,0.7,221,11,4.8,6.8,0.7,228,9,4.7,6.8,0.7,221,11,0,28.63,,0,0,0,70.3,69.3,67.8,0.24,0.30,0.33
OWEG,2017-08-21 01:30:00 EDT,42.02571,-76.25543,1469,63.8,66.6,63.8,86.9,59.8,0.000,0.000,0.00,0.000,4.3,5.6,0.5,225,9,4.6,6.3,0.7,231,9,4.3,5.6,0.5,225,9,0,28.63,,0,0,0,70.1,69.3,67.8,0.24,0.30,0.33
OWEG,2017-08-21 01:35:00 EDT,42.02571,-76.25543,1469,63.7,66.4,63.7,87.3,59.9,0.000,0.000,0.00,0.000,4.3,6.9,0.9,225,8,4.6,7.6,1.0,231,8,4.3,6.9,0.9,225,8,0,28.63,,0,0,0,70.0,69.3,67.8,0.24,0.30,0.33
OWEG,2017-08-21 01:40:00 EDT,42.02571,-76.25543,1469,63.6,66.5,63.6,87.3,59.8,0.000,0.000,0.00,0.000,4.7,6.7,0.7,225,8,4.8,6.8,0.8,231,7,4.7,6.7,0.7,225,8,0,28.63,,0,0,0,70.0,69.3,67.8,0.24,0.30,0.33
OWEG,2017-08-21 01:45:00 EDT,42.02571,-76.25543,1469,63.3,66.5,63.3,87.7,59.6,0.000,0.000,0.00,0.000,5.0,7.5,0.8,222,8,5.3,8.1,0.9,228,7,5.0,7.5,0.8,222,8,0,28.63,,0,0,0,70.0,69.3,67.8,0.24,0.30,0.33
OWEG,2017-08-21 01:50:00 EDT,42.02571,-76.25543,1469,63.6,66.6,63.6,87.5,59.9,0.000,0.000,0.00,0.000,4.6,6.7,0.7,223,8,4.8,7.7,0.7,229,8,4.6,6.7,0.7,223,8,0,28.63,,0,0,0,70.0,69.3,67.8,0.24,0.30,0.33
OWEG,2017-08-21 01:55:00 EDT,42.02571,-76.25543,1469,62.9,66.1,62.9,88.7,59.6,0.000,0.000,0.00,0.000,4.6,5.8,0.7,224,9,4.9,7.3,0.8,230,8,4.6,5.8,0.7,224,9,0,28.63,,0,0,0,70.0,69.3,67.8,0.24,0.30,0.33
OWEG,2017-08-21 02:00:00 EDT,42.02571,-76.25543,1469,63.6,66.3,63.6,88.3,60.1,0.000,0.000,0.00,0.000,5.5,8.0,0.7,227,6,5.7,8.5,0.8,233,7,5.5,8.0,0.7,227,6,0,28.63,,0,0,0,70.0,69.3,67.8,0.24,0.30,0.33
OWEG,2017-08-21 02:05:00 EDT,42.02571,-76.25543,1469,64.0,66.1,64.0,87.1,60.1,0.000,0.000,0.00,0.000,5.4,8.1,0.9,224,9,5.6,8.4,1.0,230,8,5.4,8.1,0.9,224,9,0,28.63,,0,0,0,70.0,69.3,67.8,0.24,0.30,0.33
OWEG,2017-08-21 02:10:00 EDT,42.02571,-76.25543,1469,64.1,66.2,64.1,86.6,60.0,0.000,0.000,0.00,0.000,4.9,7.3,0.9,226,9,5.2,8.0,1.0,231,8,4.9,7.3,0.9,226,9,0,28.63,,0,0,0,70.0,69.3,67.8,0.24,0.30,0.33
OWEG,2017-08-21 02:15:00 EDT,42.02571,-76.25543,1469,64.3,66.2,64.3,86.1,60.0,0.000,0.000,0.00,0.000,5.6,8.5,1.0,228,9,5.9,8.6,1.1,235,9,5.6,8.5,1.0,228,9,0,28.63,,0,0,0,70.0,69.3,67.8,0.24,0.30,0.33
OWEG,2017-08-21 02:20:00 EDT,42.02571,-76.25543,1469,64.0,66.0,64.0,86.1,59.7,0.000,0.000,0.00,0.000,5.4,7.5,0.8,225,7,5.7,7.7,0.9,231,7,5.4,7.5,0.8,225,7,0,28.63,,0,0,0,70.0,69.3,67.8,0.24,0.30,0.33
OWEG,2017-08-21 02:25:00 EDT,42.02571,-76.25543,1469,64.2,66.3,64.2,86.2,60.0,0.000,0.000,0.00,0.000,5.5,7.0,0.6,226,7,5.7,7.3,0.7,232,6,5.5,7.0,0.6,226,7,0,28.64,,0,0,0,70.0,69.3,67.8,0.24,0.30,0.33
OWEG,2017-08-21 02:30:00 EDT,42.02571,-76.25543,1469,64.0,66.3,64.0,86.2,59.8,0.000,0.000,0.00,0.000,5.7,7.2,0.6,223,7,5.9,7.7,0.6,229,6,5.7,7.2,0.6,223,7,0,28.64,,0,0,0,69.8,69.3,67.8,0.24,0.30,0.33
OWEG,2017-08-21 02:35:00 EDT,42.02571,-76.25543,1469,63.6,66.0,63.6,86.3,59.4,0.000,0.000,0.00,0.000,5.1,6.9,0.7,231,8,5.4,7.1,0.7,237,8,5.1,6.9,0.7,231,8,0,28.64,,0,0,0,69.7,69.3,67.8,0.24,0.30,0.33
OWEG,2017-08-21 02:40:00 EDT,42.02571,-76.25543,1469,63.0,65.8,63.0,88.6,59.6,0.000,0.000,0.00,0.000,4.4,5.8,0.6,222,9,4.6,6.2,0.7,228,8,4.4,5.8,0.6,222,9,0,28.64,,0,0,0,69.6,69.3,67.8,0.24,0.30,0.33
OWEG,2017-08-21 02:45:00 EDT,42.02571,-76.25543,1469,62.8,65.5,62.8,88.6,59.3,0.000,0.000,0.00,0.000,3.8,5.5,0.7,226,8,4.0,5.9,0.9,231,7,3.8,5.5,0.7,226,8,0,28.64,,0,0,0,69.6,69.3,67.8,0.24,0.30,0.33
OWEG,2017-08-21 02:50:00 EDT,42.02571,-76.25543,1469,62.4,65.0,62.4,89.9,59.4,0.000,0.000,0.00,0.000,2.7,3.9,0.4,225,9,2.6,4.0,0.5,231,8,2.7,3.9,0.4,225,9,0,28.63,,0,0,0,69.6,69.3,67.8,0.24,0.30,0.33
OWEG,2017-08-21 02:55:00 EDT,42.02571,-76.25543,1469,62.7,65.3,62.7,90.3,59.8,0.000,0.000,0.00,0.000,2.9,4.5,0.6,220,9,2.9,4.8,0.8,227,8,2.9,4.5,0.6,220,9,0,28.63,,0,0,0,69.6,69.3,67.8,0.24,0.30,0.33
OWEG,2017-08-21 03:00:00 EDT,42.02571,-76.25543,1469,62.5,65.2,62.5,90.0,59.5,0.000,0.000,0.00,0.000,3.7,5.8,0.5,224,6,3.8,6.1,0.6,231,6,3.7,5.8,0.5,224,6,0,28.63,,0,0,0,69.6,69.3,67.8,0.24,0.30,0.33
OWEG,2017-08-21 03:05:00 EDT,42.02571,-76.25543,1469,61.0,64.0,61.0,90.4,58.2,0.000,0.000,0.00,0.000,2.6,4.5,0.8,229,9,2.7,4.5,0.8,234,9,2.6,4.5,0.8,229,9,0,28.63,,0,0,0,69.6,69.3,67.8,0.24,0.30,0.33
OWEG,2017-08-21 03:10:00 EDT,42.02571,-76.25543,1469,61.5,62.9,61.5,93.2,59.5,0.000,0.000,0.00,0.000,1.2,1.8,0.3,207,12,1.4,2.1,0.3,214,12,1.2,1.8,0.3,207,12,0,28.63,,0,0,0,69.6,69.3,67.8,0.24,0.30,0.33
OWEG,2017-08-21 03:15:00 EDT,42.02571,-76.25543,1469,62.0,63.1,62.0,94.0,60.2,0.000,0.000,0.00,0.000,0.6,1.5,0.5,205,6,0.7,1.9,0.6,214,14,0.6,1.5,0.5,205,6,0,28.63,,0,0,0,69.6,69.3,67.8,0.24,0.30,0.33
OWEG,2017-08-21 03:20:00 EDT,42.02571,-76.25543,1469,62.2,63.4,62.2,93.5,60.3,0.000,0.000,0.00,0.000,0.6,1.7,0.4,198,14,0.9,2.3,0.6,206,18,0.6,1.7,0.4,198,14,0,28.63,,0,0,0,69.6,69.3,67.8,0.24,0.30,0.33
OWEG,2017-08-21 03:25:00 EDT,42.02571,-76.25543,1469,62.2,63.2,62.2,92.3,60.0,0.000,0.000,0.00,0.000,1.2,2.3,0.5,223,21,1.2,2.5,0.7,229,19,1.2,2.3,0.5,223,21,0,28.63,,0,0,0,69.6,69.3,67.8,0.24,0.30,0.33
OWEG,2017-08-21 03:30:00 EDT,42.02571,-76.25543,1469,61.6,63.1,61.6,91.7,59.1,0.000,0.000,0.00,0.000,1.1,2.8,0.8,241,15,1.4,2.8,0.7,248,17,1.1,2.8,0.8,241,15,0,28.63,,0,0,0,69.3,69.3,67.8,0.24,0.30,0.33
OWEG,2017-08-21 03:35:00 EDT,42.02571,-76.25543,1469,61.0,62.3,61.0,92.9,58.9,0.000,0.000,0.00,0.000,1.0,2.0,0.5,233,14,1.2,2.7,0.4,241,17,1.0,2.0,0.5,233,14,0,28.63,,0,0,0,69.3,69.3,67.8,0.24,0.30,0.33
OWEG,2017-08-21 03:40:00 EDT,42.02571,-76.25543,1469,61.1,62.7,61.1,94.5,59.5,0.000,0.000,0.00,0.000,2.1,2.9,0.4,214,10,2.1,3.5,0.5,221,8,2.1,2.9,0.4,214,10,0,28.64,,0,0,0,69.3,69.3,67.8,0.24,0.30,0.33
OWEG,2017-08-21 03:45:00 EDT,42.02571,-76.25543,1469,60.8,62.4,60.8,94.7,59.3,0.000,0.000,0.00,0.000,2.2,3.3,0.5,216,8,2.3,4.0,0.6,222,7,2.2,3.3,0.5,216,8,0,28.63,,0,0,0,69.3,69.3,67.8,0.24,0.30,0.33
OWEG,2017-08-21 03:50:00 EDT,42.02571,-76.25543,1469,60.3,63.5,60.3,95.0,58.9,0.000,0.000,0.00,0.000,3.6,4.7,0.4,216,6,3.8,5.5,0.5,223,5,3.6,4.7,0.4,216,6,0,28.63,,0,0,0,69.3,69.3,67.8,0.24,0.30,0.33
OWEG,2017-08-21 03:55:00 EDT,42.02571,-76.25543,1469,60.5,63.7,60.5,95.1,59.1,0.000,0.000,0.00,0.000,3.5,4.0,0.3,224,5,3.6,4.4,0.4,229,6,3.5,4.0,0.3,224,5,0,28.63,,0,0,0,69.3,69.3,67.8,0.24,0.30,0.33
OWEG,2017-08-21 04:00:00 EDT,42.02571,-76.25543,1469,60.5,62.6,60.5,95.3,59.1,0.000,0.000,0.00,0.000,2.5,3.8,0.5,228,8,2.6,4.2,0.5,235,8,2.5,3.8,0.5,228,8,0,28.64,,0,0,0,69.3,69.2,67.8,0.24,0.30,0.33
OWEG,2017-08-21 04:05:00 EDT,42.02571,-76.25543,1469,60.6,63.2,60.6,95.6,59.3,0.000,0.000,0.00,0.000,3.3,4.8,0.6,226,8,3.4,5.4,0.8,232,8,3.3,4.8,0.6,226,8,0,28.64,,0,0,0,69.3,69.1,67.8,0.24,0.30,0.33
OWEG,2017-08-21 04:10:00 EDT,42.02571,-76.25543,1469,60.9,62.5,60.9,95.7,59.6,0.000,0.000,0.00,0.000,1.7,3.1,0.6,228,15,1.7,3.0,0.6,233,17,1.7,3.1,0.6,228,15,0,28.64,,0,0,0,69.3,69.2,67.8,0.24,0.30,0.33
OWEG,2017-08-21 04:15:00 EDT,42.02571,-76.25543,1469,61.2,62.5,61.2,95.7,60.0,0.000,0.000,0.00,0.000,0.9,2.3,0.6,229,29,1.3,3.3,0.7,223,35,0.9,2.3,0.6,229,29,0,28.64,,0,0,0,69.3,69.2,67.8,0.24,0.30,0.33
OWEG,2017-08-21 04:20:00 EDT,42.02571,-76.25543,1469,61.1,62.6,61.1,95.3,59.7,0.000,0.000,0.00,0.000,0.3,1.9,0.4,251,29,0.6,2.6,0.7,257,28,0.3,1.9,0.4,251,29,0,28.64,,0,0,0,69.3,69.0,67.8,0.24,0.30,0.33
OWEG,2017-08-21 04:25:00 EDT,42.02571,-76.25543,1469,60.6,62.5,60.6,94.7,59.0,0.000,0.000,0.00,0.000,0.9,2.2,0.7,226,10,1.1,2.4,0.7,231,12,0.9,2.2,0.7,226,10,0,28.64,,0,0,0,69.3,69.1,67.8,0.24,0.30,0.33
OWEG,2017-08-21 04:30:00 EDT,42.02571,-76.25543,1469,61.5,62.8,61.5,95.1,60.0,0.000,0.000,0.00,0.000,0.6,2.8,0.6,219,25,1.0,3.1,0.7,229,24,0.6,2.8,0.6,219,25,0,28.64,,0,0,0,69.0,69.0,67.8,0.24,0.30,0.33
OWEG,2017-08-21 04:35:00 EDT,42.02571,-76.25543,1469,61.2,62.7,61.2,93.9,59.4,0.000,0.000,0.00,0.000,0.5,2.3,0.7,217,10,0.8,2.9,0.9,228,19,0.5,2.3,0.7,217,10,0,28.64,,0,0,0,68.9,69.1,67.8,0.24,0.30,0.33
OWEG,2017-08-21 04:40:00 EDT,42.02571,-76.25543,1469,61.6,63.2,61.6,93.5,59.7,0.000,0.000,0.00,0.000,3.4,6.6,1.3,207,11,3.6,7.0,1.5,215,9,3.4,6.6,1.3,207,11,0,28.64,,0,0,0,68.9,69.0,67.8,0.24,0.30,0.33
OWEG,2017-08-21 04:45:00 EDT,42.02571,-76.25543,1469,62.2,64.1,62.2,90.9,59.5,0.000,0.000,0.00,0.000,4.8,6.6,0.7,209,13,5.3,7.5,0.8,216,11,4.8,6.6,0.7,209,13,0,28.64,,0,0,0,68.9,69.0,67.8,0.24,0.30,0.33
OWEG,2017-08-21 04:50:00 EDT,42.02571,-76.25543,1469,62.5,64.1,62.5,89.1,59.3,0.000,0.000,0.00,0.000,4.4,5.8,0.7,210,10,4.6,6.3,0.8,219,8,4.4,5.8,0.7,210,10,0,28.64,,0,0,0,68.9,68.9,67.8,0.24,0.30,0.33
OWEG,2017-08-21 04:55:00 EDT,42.02571,-76.25543,1469,62.2,63.9,62.2,89.1,59.0,0.000,0.000,0.00,0.000,4.0,5.8,0.8,209,11,4.3,6.1,0.9,217,9,4.0,5.8,0.8,209,11,0,28.64,,0,0,0,68.9,68.9,67.8,0.24,0.30,0.33
OWEG,2017-08-21 05:00:00 EDT,42.02571,-76.25543,1469,62.3,63.7,62.3,89.0,59.0,0.000,0.000,0.00,0.000,3.1,5.4,0.8,218,14,3.4,6.4,1.1,225,11,3.1,5.4,0.8,218,14,0,28.64,,0,0,0,68.9,68.9,67.8,0.24,0.30,0.33
OWEG,2017-08-21 05:05:00 EDT,42.02571,-76.25543,1469,61.9,63.6,61.9,89.2,58.7,0.000,0.000,0.00,0.000,3.9,7.2,0.9,219,10,4.1,8.1,1.0,226,9,3.9,7.2,0.9,219,10,0,28.64,,0,0,0,68.9,68.9,67.8,0.24,0.30,0.33
OWEG,2017-08-21 05:10:00 EDT,42.02571,-76.25543,1469,61.8,63.4,61.8,90.0,58.8,0.000,0.000,0.00,0.000,4.1,6.0,0.8,221,13,4.5,6.7,0.9,227,11,4.1,6.0,0.8,221,13,0,28.64,,0,0,0,68.9,68.9,67.8,0.24,0.30,0.33
OWEG,2017-08-21 05:15:00 EDT,42.02571,-76.25543,1469,62.2,63.8,62.2,89.8,59.2,0.000,0.000,0.00,0.000,4.4,6.9,1.1,214,14,4.7,7.2,1.3,220,11,4.4,6.9,1.1,214,14,0,28.64,,0,0,0,68.8,68.9,67.8,0.24,0.30,0.33
OWEG,2017-08-21 05:20:00 EDT,42.02571,-76.25543,1469,62.3,63.5,62.3,89.0,59.0,0.000,0.000,0.00,0.000,4.1,6.9,1.0,219,11,4.4,7.8,1.1,226,10,4.1,6.9,1.0,219,11,0,28.64,,0,0,0,68.7,68.9,67.8,0.24,0.30,0.33
OWEG,2017-08-21 05:25:00 EDT,42.02571,-76.25543,1469,62.0,63.6,62.0,89.2,58.7,0.000,0.000,0.00,0.000,4.1,5.8,0.7,217,9,4.3,6.3,0.8,223,7,4.1,5.8,0.7,217,9,0,28.64,,0,0,0,68.5,68.9,67.8,0.24,0.30,0.33
OWEG,2017-08-21 05:30:00 EDT,42.02571,-76.25543,1469,61.8,63.9,61.8,89.3,58.7,0.000,0.000,0.00,0.000,4.2,6.0,0.6,219,9,4.4,6.2,0.8,225,7,4.2,6.0,0.6,219,9,0,28.64,,0,0,0,68.5,68.9,67.8,0.24,0.30,0.33
OWEG,2017-08-21 05:35:00 EDT,42.02571,-76.25543,1469,62.0,64.0,62.0,88.7,58.6,0.000,0.000,0.00,0.000,3.9,6.6,0.7,218,8,4.1,6.9,0.8,225,8,3.9,6.6,0.7,218,8,0,28.64,,0,0,0,68.5,68.9,67.8,0.24,0.30,0.33
OWEG,2017-08-21 05:40:00 EDT,42.02571,-76.25543,1469,61.7,64.0,61.7,89.0,58.4,0.000,0.000,0.00,0.000,3.8,4.9,0.5,219,10,4.0,5.5,0.6,225,9,3.8,4.9,0.5,219,10,0,28.64,,0,0,0,68.5,68.9,67.8,0.24,0.30,0.33
OWEG,2017-08-21 05:45:00 EDT,42.02571,-76.25543,1469,61.4,63.7,61.4,89.3,58.2,0.000,0.000,0.00,0.000,4.0,5.8,0.7,222,12,4.2,6.4,0.8,228,11,4.0,5.8,0.7,222,12,0,28.65,,0,0,0,68.5,68.9,67.8,0.24,0.30,0.33
OWEG,2017-08-21 05:50:00 EDT,42.02571,-76.25543,1469,61.5,63.7,61.5,90.0,58.5,0.000,0.000,0.00,0.000,4.0,6.5,0.8,210,11,4.3,6.9,1.0,217,9,4.0,6.5,0.8,210,11,0,28.65,,0,0,0,68.5,68.9,67.8,0.25,0.30,0.33
OWEG,2017-08-21 05:55:00 EDT,42.02571,-76.25543,1469,61.8,63.6,61.8,89.2,58.6,0.000,0.000,0.00,0.000,4.4,6.6,1.0,206,13,4.6,7.2,1.3,214,11,4.4,6.6,1.0,206,13,0,28.65,,0,0,0,68.5,68.9,67.8,0.24,0.30,0.33
OWEG,2017-08-21 06:00:00 EDT,42.02571,-76.25543,1469,62.1,63.7,62.1,88.8,58.7,0.000,0.000,0.00,0.000,5.8,7.7,0.9,200,11,6.2,9.1,1.1,207,10,5.8,7.7,0.9,200,11,0,28.65,,0,0,0,68.5,68.9,67.8,0.24,0.30,0.33
OWEG,2017-08-21 06:05:00 EDT,42.02571,-76.25543,1469,62.8,64.0,62.8,87.3,59.0,0.000,0.000,0.00,0.000,6.0,8.2,0.8,204,10,6.4,10.5,1.0,211,10,6.0,8.2,0.8,204,10,0,28.65,,0,0,0,68.5,68.9,67.8,0.24,0.30,0.33
OWEG,2017-08-21 06:10:00 EDT,42.02571,-76.25543,1469,62.7,63.9,62.7,86.8,58.7,0.000,0.000,0.00,0.000,5.1,7.2,1.0,202,11,5.4,7.9,1.1,209,10,5.1,7.2,1.0,202,11,1,28.65,,0,0,0,68.5,68.9,67.8,0.24,0.30,0.33
OWEG,2017-08-21 06:15:00 EDT,42.02571,-76.25543,1469,62.2,63.5,62.2,87.5,58.4,0.000,0.000,0.00,0.000,5.2,6.9,0.8,191,10,5.6,7.6,0.9,199,8,5.2,6.9,0.8,191,10,2,28.65,,0,0,0,68.5,68.9,67.8,0.24,0.30,0.33
OWEG,2017-08-21 06:20:00 EDT,42.02571,-76.25543,1469,62.3,63.3,62.3,88.2,58.8,0.000,0.000,0.00,0.000,5.2,7.7,0.9,194,10,5.6,8.1,1.0,200,9,5.2,7.7,0.9,194,10,5,28.65,,0,0,0,68.5,68.9,67.8,0.24,0.30,0.33
OWEG,2017-08-21 06:25:00 EDT,42.02571,-76.25543,1469,62.3,63.4,62.3,88.1,58.7,0.000,0.000,0.00,0.000,4.7,6.5,0.8,201,12,5.0,7.2,1.0,209,11,4.7,6.5,0.8,201,12,8,28.65,,0,0,0,68.5,68.9,67.8,0.24,0.30,0.33
OWEG,2017-08-21 06:30:00 EDT,42.02571,-76.25543,1469,62.4,63.3,62.4,87.9,58.7,0.000,0.000,0.00,0.000,4.5,6.2,0.8,200,11,4.8,6.9,0.9,208,10,4.5,6.2,0.8,200,11,14,28.65,,0,0,0,68.4,68.9,67.8,0.24,0.30,0.33
OWEG,2017-08-21 06:35:00 EDT,42.02571,-76.25543,1469,62.2,63.1,62.2,88.3,58.7,0.000,0.000,0.00,0.000,4.8,6.9,0.9,194,10,5.1,7.3,1.0,201,10,4.8,6.9,0.9,194,10,19,28.65,,0,0,0,68.2,68.9,67.8,0.24,0.30,0.33
OWEG,2017-08-21 06:40:00 EDT,42.02571,-76.25543,1469,62.1,63.1,62.1,88.7,58.7,0.000,0.000,0.00,0.000,4.3,6.8,0.9,204,14,4.6,7.3,1.0,212,13,4.3,6.8,0.9,204,14,21,28.65,,0,0,0,68.2,68.9,67.8,0.24,0.30,0.33
OWEG,2017-08-21 06:45:00 EDT,42.02571,-76.25543,1469,62.4,63.3,62.4,88.4,58.9,0.000,0.000,0.00,0.000,4.7,7.3,0.9,206,14,5.1,7.5,1.0,214,12,4.7,7.3,0.9,206,14,21,28.65,,0,0,0,68.2,68.9,67.8,0.24,0.30,0.33
OWEG,2017-08-21 06:50:00 EDT,42.02571,-76.25543,1469,62.7,63.6,62.7,87.4,58.9,0.000,0.000,0.00,0.000,5.5,8.0,0.9,201,12,5.9,8.8,1.1,207,11,5.5,8.0,0.9,201,12,24,28.65,,0,0,0,68.2,68.9,67.8,0.24,0.30,0.33
OWEG,2017-08-21 06:55:00 EDT,42.02571,-76.25543,1469,62.6,63.5,62.6,87.1,58.8,0.000,0.000,0.00,0.000,5.5,8.5,1.2,200,12,5.8,8.4,1.2,207,10,5.5,8.5,1.2,200,12,24,28.65,,0,0,0,68.2,68.9,67.8,0.24,0.30,0.33
OWEG,2017-08-21 07:00:00 EDT,42.02571,-76.25543,1469,62.5,63.5,62.5,87.5,58.8,0.000,0.000,0.00,0.000,5.6,7.5,0.9,195,10,6.1,7.9,1.0,203,9,5.6,7.5,0.9,195,10,25,28.65,,0,0,0,68.2,68.9,67.8,0.24,0.30,0.33
OWEG,2017-08-21 07:05:00 EDT,42.02571,-76.25543,1469,62.5,63.6,62.5,88.0,58.9,0.000,0.000,0.00,0.000,5.6,8.1,1.1,190,9,6.3,8.9,1.2,197,7,5.6,8.1,1.1,190,9,41,28.65,,0,0,0,68.2,68.9,67.8,0.24,0.30,0.33
OWEG,2017-08-21 07:10:00 EDT,42.02571,-76.25543,1469,62.7,63.5,62.7,88.1,59.1,0.000,0.000,0.00,0.000,5.7,7.8,0.9,192,12,6.4,9.3,1.2,198,10,5.7,7.8,0.9,192,12,22,28.65,,0,0,0,68.2,68.9,67.8,0.24,0.30,0.33
OWEG,2017-08-21 07:15:00 EDT,42.02571,-76.25543,1469,62.6,63.3,62.6,88.3,59.1,0.000,0.000,0.00,0.000,5.2,9.0,1.4,197,13,5.6,9.4,1.5,204,11,5.2,9.0,1.4,197,13,61,28.65,,0,0,0,68.2,68.9,67.8,0.24,0.30,0.33
OWEG,2017-08-21 07:20:00 EDT,42.02571,-76.25543,1469,63.1,63.8,63.1,87.6,59.4,0.000,0.000,0.00,0.000,5.6,8.0,1.1,196,11,6.1,9.2,1.2,202,10,5.6,8.0,1.1,196,11,112,28.65,,0,0,0,68.2,68.9,67.8,0.24,0.30,0.33
OWEG,2017-08-21 07:25:00 EDT,42.02571,-76.25543,1469,63.6,64.3,63.6,86.6,59.5,0.000,0.000,0.00,0.000,5.4,8.1,1.1,193,12,5.7,8.7,1.3,200,10,5.4,8.1,1.1,193,12,122,28.65,,0,0,0,68.2,68.9,67.8,0.24,0.30,0.33
OWEG,2017-08-21 07:30:00 EDT,42.02571,-76.25543,1469,64.1,64.8,64.1,85.4,59.6,0.000,0.000,0.00,0.000,5.7,10.2,1.8,194,13,6.0,11.0,1.8,201,12,5.7,10.2,1.8,194,13,135,28.65,,0,0,0,68.2,68.9,67.8,0.24,0.30,0.33
OWEG,2017-08-21 07:35:00 EDT,42.02571,-76.25543,1469,64.5,65.0,64.5,84.1,59.6,0.000,0.000,0.00,0.000,5.0,7.5,1.2,204,17,5.5,8.9,1.3,210,15,5.0,7.5,1.2,204,17,144,28.65,,0,0,0,68.1,68.9,67.8,0.24,0.30,0.33
OWEG,2017-08-21 07:40:00 EDT,42.02571,-76.25543,1469,64.9,65.3,64.9,83.3,59.7,0.000,0.000,0.00,0.000,5.6,8.3,1.3,195,12,5.9,8.7,1.4,203,12,5.6,8.3,1.3,195,12,162,28.65,,0,0,0,67.9,68.9,67.8,0.24,0.30,0.33
OWEG,2017-08-21 07:45:00 EDT,42.02571,-76.25543,1469,65.2,65.7,65.2,82.8,59.9,0.000,0.000,0.00,0.000,6.0,8.7,1.1,195,9,6.4,9.6,1.3,201,9,6.0,8.7,1.1,195,9,179,28.65,,0,0,0,67.9,68.8,67.8,0.24,0.30,0.33
OWEG,2017-08-21 07:50:00 EDT,42.02571,-76.25543,1469,65.6,66.0,65.6,82.2,60.1,0.000,0.000,0.00,0.000,5.8,9.3,1.5,194,12,6.2,9.6,1.5,201,11,5.8,9.3,1.5,194,12,191,28.65,,0,0,0,67.8,68.8,67.8,0.24,0.30,0.33
OWEG,2017-08-21 07:55:00 EDT,42.02571,-76.25543,1469,66.1,66.5,66.1,81.5,60.3,0.000,0.000,0.00,0.000,5.8,8.5,1.3,183,12,6.4,9.9,1.6,190,10,5.8,8.5,1.3,183,12,204,28.64,,0,0,0,67.8,68.6,67.8,0.24,0.30,0.33
OWEG,2017-08-21 08:00:00 EDT,42.02571,-76.25543,1469,66.4,66.8,66.4,80.5,60.3,0.000,0.000,0.00,0.000,6.6,10.2,1.4,177,10,7.2,11.9,1.6,183,10,6.6,10.2,1.4,177,10,153,28.64,,0,0,0,67.8,68.6,67.8,0.24,0.30,0.33
OWEG,2017-08-21 08:05:00 EDT,42.02571,-76.25543,1469,66.7,67.0,66.7,80.1,60.4,0.000,0.000,0.00,0.000,6.5,10.0,1.7,177,12,7.0,11.2,1.8,183,11,6.5,10.0,1.7,177,12,208,28.64,,0,0,0,67.8,68.5,67.8,0.24,0.30,0.33
OWEG,2017-08-21 08:10:00 EDT,42.02571,-76.25543,1469,67.1,67.4,67.1,79.1,60.4,0.000,0.000,0.00,0.000,6.5,10.4,1.4,181,12,7.2,12.4,1.8,187,10,6.5,10.4,1.4,181,12,262,28.64,,0,0,0,67.8,68.5,67.8,0.24,0.30,0.33
OWEG,2017-08-21 08:15:00 EDT,42.02571,-76.25543,1469,67.6,67.7,67.6,77.8,60.4,0.000,0.000,0.00,0.000,6.8,10.3,1.4,180,11,7.4,11.5,1.6,186,10,6.8,10.3,1.4,180,11,247,28.65,,0,0,0,67.8,68.5,67.8,0.24,0.30,0.33
OWEG,2017-08-21 08:20:00 EDT,42.02571,-76.25543,1469,67.7,67.9,67.7,77.6,60.5,0.000,0.000,0.00,0.000,6.3,9.7,1.5,178,11,7.0,13.7,1.7,184,10,6.3,9.7,1.5,178,11,239,28.64,,0,0,0,67.8,68.5,67.8,0.24,0.30,0.33
OWEG,2017-08-21 08:25:00 EDT,42.02571,-76.25543,1469,68.2,68.2,68.2,77.6,60.9,0.000,0.000,0.00,0.000,6.0,9.4,1.3,179,10,6.6,10.4,1.3,185,10,6.0,9.4,1.3,179,10,291,28.65,,0,0,0,67.8,68.5,67.8,0.24,0.30,0.33
OWEG,2017-08-21 08:30:00 EDT,42.02571,-76.25543,1469,68.5,68.5,68.5,77.7,61.3,0.000,0.000,0.00,0.000,6.2,9.4,1.7,182,12,6.7,10.7,1.9,188,12,6.2,9.4,1.7,182,12,285,28.64,,0,0,0,67.8,68.5,67.8,0.24,0.30,0.33
OWEG,2017-08-21 08:35:00 EDT,42.02571,-76.25543,1469,68.5,68.5,68.5,76.1,60.7,0.000,0.000,0.00,0.000,7.2,10.5,1.6,174,13,7.7,11.4,1.7,180,11,7.2,10.5,1.6,174,13,215,28.64,,0,0,0,67.8,68.5,67.8,0.24,0.30,0.33
OWEG,2017-08-21 08:40:00 EDT,42.02571,-76.25543,1469,68.2,68.3,68.2,76.6,60.6,0.000,0.000,0.00,0.000,6.9,9.7,1.4,186,10,7.5,10.8,1.6,192,9,6.9,9.7,1.4,186,10,258,28.64,,0,0,0,67.8,68.5,67.8,0.24,0.30,0.33
OWEG,2017-08-21 08:45:00 EDT,42.02571,-76.25543,1469,68.5,68.4,68.5,76.1,60.7,0.000,0.000,0.00,0.000,7.4,10.7,1.5,183,10,8.1,12.2,1.8,189,9,7.4,10.7,1.5,183,10,340,28.64,,0,0,0,67.8,68.5,67.8,0.24,0.30,0.33
OWEG,2017-08-21 08:50:00 EDT,42.02571,-76.25543,1469,68.7,68.5,68.7,76.4,61.0,0.000,0.000,0.00,0.000,8.5,11.6,1.4,186,11,9.3,12.0,1.6,192,10,8.5,11.6,1.4,186,11,365,28.64,,0,0,0,67.8,68.5,67.8,0.24,0.30,0.33
OWEG,2017-08-21 08:55:00 EDT,42.02571,-76.25543,1469,69.0,68.7,69.0,75.7,61.0,0.000,0.000,0.00,0.000,8.4,12.0,1.5,182,9,9.2,14.1,1.7,187,9,8.4,12.0,1.5,182,9,380,28.64,,0,0,0,67.8,68.5,67.8,0.24,0.30,0.33
OWEG,2017-08-21 09:00:00 EDT,42.02571,-76.25543,1469,69.2,68.8,69.2,75.4,61.1,0.000,0.000,0.00,0.000,9.0,12.9,1.9,175,9,9.7,14.6,2.2,181,10,9.0,12.9,1.9,175,9,371,28.64,,0,0,0,67.8,68.5,67.8,0.24,0.30,0.33
OWEG,2017-08-21 09:05:00 EDT,42.02571,-76.25543,1469,69.6,69.1,69.6,76.0,61.6,0.000,0.000,0.00,0.000,7.2,11.0,1.5,181,12,7.6,12.0,1.7,186,11,7.2,11.0,1.5,181,12,404,28.64,,0,0,0,67.8,68.5,67.8,0.24,0.30,0.33
OWEG,2017-08-21 09:10:00 EDT,42.02571,-76.25543,1469,69.7,69.2,69.7,74.6,61.3,0.000,0.000,0.00,0.000,8.9,12.9,1.5,183,13,9.6,14.6,1.8,188,11,8.9,12.9,1.5,183,13,434,28.64,,0,0,0,67.8,68.5,67.8,0.24,0.30,0.33
OWEG,2017-08-21 09:15:00 EDT,42.02571,-76.25543,1469,70.0,69.4,70.0,74.3,61.4,0.000,0.000,0.00,0.000,8.8,12.1,1.5,181,11,9.7,13.5,1.7,186,9,8.8,12.1,1.5,181,11,437,28.64,,0,0,0,67.8,68.5,67.8,0.24,0.30,0.33
OWEG,2017-08-21 09:20:00 EDT,42.02571,-76.25543,1469,70.5,69.7,70.5,74.4,61.9,0.000,0.000,0.00,0.000,8.5,13.4,1.7,180,12,9.2,14.2,2.0,185,11,8.5,13.4,1.7,180,12,526,28.64,,0,0,0,67.8,68.5,67.8,0.24,0.30,0.33
OWEG,2017-08-21 09:25:00 EDT,42.02571,-76.25543,1469,71.1,70.3,71.1,73.4,62.2,0.000,0.000,0.00,0.000,7.4,12.5,2.2,183,14,8.1,13.8,2.4,189,12,7.4,12.5,2.2,183,14,441,28.64,,0,0,0,67.8,68.5,67.8,0.24,0.30,0.33
OWEG,2017-08-21 09:30:00 EDT,42.02571,-76.25543,1469,71.0,70.3,71.0,73.0,61.9,0.000,0.000,0.00,0.000,8.3,14.0,2.1,189,13,9.1,15.1,2.1,195,11,8.3,14.0,2.1,189,13,470,28.64,,0,0,0,67.8,68.5,67.8,0.24,0.30,0.33
OWEG,2017-08-21 09:35:00 EDT,42.02571,-76.25543,1469,71.7,71.0,71.7,74.2,63.0,0.000,0.000,0.00,0.000,5.0,7.4,1.0,199,12,5.6,8.8,1.1,207,12,5.0,7.4,1.0,199,12,419,28.65,,0,0,0,67.8,68.5,67.8,0.24,0.30,0.33
OWEG,2017-08-21 09:40:00 EDT,42.02571,-76.25543,1469,72.0,71.2,72.0,72.0,62.5,0.000,0.000,0.00,0.000,7.6,11.3,1.9,211,13,8.0,11.8,1.9,218,12,7.6,11.3,1.9,211,13,421,28.65,,0,0,0,67.8,68.5,67.8,0.24,0.30,0.33
OWEG,2017-08-21 09:45:00 EDT,42.02571,-76.25543,1469,71.8,71.3,71.8,71.7,62.1,0.000,0.000,0.00,0.000,7.0,10.7,1.4,226,13,7.4,11.3,1.5,233,12,7.0,10.7,1.4,226,13,310,28.65,,0,0,0,67.8,68.5,67.8,0.24,0.30,0.33
OWEG,2017-08-21 09:50:00 EDT,42.02571,-76.25543,1469,71.4,71.0,71.4,71.9,61.9,0.000,0.000,0.00,0.000,8.0,11.2,1.4,213,16,8.5,12.9,1.6,218,16,8.0,11.2,1.4,213,16,279,28.65,,0,0,0,67.8,68.5,67.8,0.24,0.30,0.33
OWEG,2017-08-21 09:55:00 EDT,42.02571,-76.25543,1469,71.1,70.7,71.1,73.0,62.0,0.000,0.000,0.00,0.000,7.1,10.9,1.5,219,12,7.4,11.3,1.6,225,13,7.1,10.9,1.5,219,12,261,28.65,,0,0,0,67.8,68.5,67.8,0.24,0.30,0.33
OWEG,2017-08-21 10:00:00 EDT,42.02571,-76.25543,1469,71.1,70.6,71.1,73.5,62.2,0.000,0.000,0.00,0.000,7.8,11.9,1.8,209,15,8.3,14.5,2.0,215,15,7.8,11.9,1.8,209,15,281,28.65,,0,0,0,67.8,68.5,67.8,0.24,0.30,0.33
OWEG,2017-08-21 10:05:00 EDT,42.02571,-76.25543,1469,71.6,71.0,71.6,73.5,62.7,0.000,0.000,0.00,0.000,7.0,11.8,1.4,203,15,7.6,12.5,1.6,209,13,7.0,11.8,1.4,203,15,396,28.65,,0,0,0,67.9,68.5,67.8,0.24,0.30,0.33
OWEG,2017-08-21 10:10:00 EDT,42.02571,-76.25543,1469,71.9,71.1,71.9,71.8,62.3,0.000,0.000,0.00,0.000,7.4,11.8,2.0,203,16,7.9,12.3,2.2,210,16,7.4,11.8,2.0,203,16,428,28.65,,0,0,0,68.2,68.5,67.8,0.24,0.30,0.33
OWEG,2017-08-21 10:15:00 EDT,42.02571,-76.25543,1469,72.2,71.4,72.2,71.5,62.4,0.000,0.000,0.00,0.000,6.5,9.3,1.5,196,14,7.0,10.2,1.6,202,13,6.5,9.3,1.5,196,14,361,28.65,,0,0,0,68.2,68.5,67.8,0.24,0.30,0.33
OWEG,2017-08-21 10:20:00 EDT,42.02571,-76.25543,1469,72.2,71.5,72.2,71.8,62.6,0.000,0.000,0.00,0.000,6.9,10.5,1.9,201,13,7.3,12.3,2.0,207,11,6.9,10.5,1.9,201,13,330,28.65,,0,0,0,68.2,68.5,67.8,0.24,0.30,0.33
OWEG,2017-08-21 10:25:00 EDT,42.02571,-76.25543,1469,72.1,71.5,72.1,72.6,62.8,0.000,0.000,0.00,0.000,6.2,10.8,1.5,204,16,6.7,11.2,1.5,211,15,6.2,10.8,1.5,204,16,282,28.65,,0,0,0,68.2,68.5,67.8,0.24,0.30,0.33
OWEG,2017-08-21 10:30:00 EDT,42.02571,-76.25543,1469,72.0,71.4,72.0,72.9,62.9,0.000,0.000,0.00,0.000,7.2,9.9,1.7,186,12,7.7,11.5,2.0,193,11,7.2,9.9,1.7,186,12,336,28.64,,0,0,0,68.2,68.5,67.8,0.24,0.30,0.33
OWEG,2017-08-21 10:35:00 EDT,42.02571,-76.25543,1469,72.5,71.6,72.5,72.8,63.2,0.000,0.000,0.00,0.000,7.4,11.5,1.7,187,14,7.9,12.1,1.9,195,13,7.4,11.5,1.7,187,14,427,28.64,,0,0,0,68.2,68.5,67.8,0.24,0.30,0.33
OWEG,2017-08-21 10:40:00 EDT,42.02571,-76.25543,1469,72.3,71.7,72.3,72.0,62.8,0.000,0.000,0.00,0.000,6.9,10.6,1.5,194,15,7.7,12.0,1.6,201,13,6.9,10.6,1.5,194,15,330,28.64,,0,0,0,68.2,68.5,67.8,0.24,0.30,0.33
OWEG,2017-08-21 10:45:00 EDT,42.02571,-76.25543,1469,72.8,71.9,72.8,71.9,63.1,0.000,0.000,0.00,0.000,7.8,14.0,2.0,198,11,8.2,14.4,1.9,204,11,7.8,14.0,2.0,198,11,615,28.64,,0,0,0,68.2,68.5,67.8,0.24,0.30,0.33
OWEG,2017-08-21 10:50:00 EDT,42.02571,-76.25543,1469,74.2,72.7,74.2,70.3,63.9,0.000,0.000,0.00,0.000,7.0,9.7,1.6,198,13,7.6,10.7,1.5,204,11,7.0,9.7,1.6,198,13,683,28.64,,0,0,0,68.2,68.5,67.8,0.24,0.30,0.33
OWEG,2017-08-21 10:55:00 EDT,42.02571,-76.25543,1469,74.0,72.9,74.0,70.1,63.7,0.000,0.000,0.00,0.000,9.2,14.4,2.1,185,13,9.9,15.3,2.3,189,12,9.2,14.4,2.1,185,13,439,28.64,,0,0,0,68.4,68.5,67.8,0.24,0.30,0.33
OWEG,2017-08-21 11:00:00 EDT,42.02571,-76.25543,1469,73.2,72.3,73.2,68.7,62.3,0.000,0.000,0.00,0.000,11.5,15.3,1.8,182,10,12.4,16.6,2.2,187,9,11.5,15.3,1.8,182,10,506,28.63,,0,0,0,68.5,68.5,67.8,0.24,0.30,0.33
OWEG,2017-08-21 11:05:00 EDT,42.02571,-76.25543,1469,73.8,72.7,73.8,69.2,63.1,0.000,0.000,0.00,0.000,10.7,17.0,2.4,185,13,11.4,18.4,2.7,190,12,10.7,17.0,2.4,185,13,643,28.63,,0,0,0,68.5,68.5,67.8,0.24,0.30,0.33
OWEG,2017-08-21 11:10:00 EDT,42.02571,-76.25543,1469,74.3,72.9,74.3,68.0,63.1,0.000,0.000,0.00,0.000,11.9,17.1,2.7,189,11,12.6,18.4,3.1,194,10,11.9,17.1,2.7,189,11,672,28.63,,0,0,0,68.5,68.5,67.8,0.24,0.30,0.33
OWEG,2017-08-21 11:15:00 EDT,42.02571,-76.25543,1469,74.2,73.1,74.2,68.4,63.1,0.000,0.000,0.00,0.000,9.6,13.8,1.9,196,15,10.2,16.5,2.3,202,15,9.6,13.8,1.9,196,15,646,28.63,,0,0,0,68.5,68.5,67.8,0.24,0.30,0.33
OWEG,2017-08-21 11:20:00 EDT,42.02571,-76.25543,1469,74.8,73.6,74.8,69.2,64.1,0.000,0.000,0.00,0.000,9.8,16.0,2.3,188,18,10.7,16.8,2.7,193,17,9.8,16.0,2.3,188,18,680,28.63,,0,0,0,68.5,68.5,67.8,0.24,0.30,0.33
OWEG,2017-08-21 11:25:00 EDT,42.02571,-76.25543,1469,74.6,73.5,74.6,69.1,63.8,0.000,0.000,0.00,0.000,8.1,14.1,2.3,179,13,8.8,16.1,2.6,186,12,8.1,14.1,2.3,179,13,414,28.63,,0,0,0,68.5,68.5,67.8,0.24,0.30,0.33
OWEG,2017-08-21 11:30:00 EDT,42.02571,-76.25543,1469,74.3,73.4,74.3,69.5,63.7,0.000,0.000,0.00,0.000,9.6,15.1,2.5,172,10,10.4,14.5,2.8,178,10,9.6,15.1,2.5,172,10,514,28.63,,0,0,0,68.5,68.5,67.8,0.24,0.30,0.33
OWEG,2017-08-21 11:35:00 EDT,42.02571,-76.25543,1469,74.5,73.4,74.5,68.7,63.6,0.000,0.000,0.00,0.000,9.3,15.0,2.6,191,16,10.1,16.2,2.8,196,16,9.3,15.0,2.6,191,16,568,28.63,,0,0,0,68.5,68.5,67.8,0.24,0.30,0.33
OWEG,2017-08-21 11:40:00 EDT,42.02571,-76.25543,1469,74.5,73.8,74.5,70.5,64.3,0.000,0.000,0.00,0.000,6.4,10.6,1.8,188,20,7.0,10.6,1.9,194,20,6.4,10.6,1.8,188,20,492,28.63,,0,0,0,68.6,68.5,67.8,0.24,0.30,0.33
OWEG,2017-08-21 11:45:00 EDT,42.02571,-76.25543,1469,75.8,74.3,75.8,69.2,65.0,0.000,0.000,0.00,0.000,7.7,12.3,1.7,192,20,8.2,13.5,1.9,198,17,7.7,12.3,1.7,192,20,690,28.63,,0,0,0,68.9,68.5,67.8,0.24,0.30,0.33
OWEG,2017-08-21 11:50:00 EDT,42.02571,-76.25543,1469,76.6,75.0,76.6,69.3,65.8,0.000,0.000,0.00,0.000,6.6,10.1,1.4,184,19,7.0,11.3,1.6,190,17,6.6,10.1,1.4,184,19,708,28.62,,0,0,0,68.9,68.5,67.8,0.24,0.30,0.33
OWEG,2017-08-21 11:55:00 EDT,42.02571,-76.25543,1469,76.4,74.9,76.4,67.8,64.9,0.000,0.000,0.00,0.000,5.9,12.1,2.2,198,20,6.5,12.3,2.3,206,20,5.9,12.1,2.2,198,20,689,28.62,,0,0,0,68.9,68.5,67.8,0.24,0.30,0.33
OWEG,2017-08-21 12:00:00 EDT,42.02571,-76.25543,1469,76.2,74.6,76.2,67.5,64.6,0.000,0.000,0.00,0.000,7.6,13.6,2.5,189,13,8.2,14.1,2.7,196,13,7.6,13.6,2.5,189,13,708,28.62,,0,0,0,68.9,68.4,67.8,0.24,0.30,0.33
OWEG,2017-08-21 12:05:00 EDT,42.02571,-76.25543,1469,76.5,74.7,76.5,68.1,65.2,0.000,0.000,0.00,0.000,8.4,12.3,1.7,177,17,9.1,13.8,2.1,183,14,8.4,12.3,1.7,177,17,754,28.62,,0,0,0,68.9,68.4,67.8,0.24,0.30,0.33
OWEG,2017-08-21 12:10:00 EDT,42.02571,-76.25543,1469,76.9,75.2,76.9,67.1,65.2,0.000,0.000,0.00,0.000,6.3,9.6,1.7,185,20,6.9,11.1,1.7,192,19,6.3,9.6,1.7,185,20,778,28.62,,0,0,0,68.9,68.4,67.8,0.24,0.30,0.33
OWEG,2017-08-21 12:15:00 EDT,42.02571,-76.25543,1469,77.2,75.6,77.2,67.4,65.6,0.000,0.000,0.00,0.000,8.9,14.1,2.9,167,16,9.5,15.1,3.2,173,14,8.9,14.1,2.9,167,16,768,28.62,,0,0,0,69.2,68.3,67.8,0.24,0.30,0.33
OWEG,2017-08-21 12:20:00 EDT,42.02571,-76.25543,1469,77.2,75.7,77.2,66.2,65.0,0.000,0.000,0.00,0.000,7.0,11.4,1.7,186,19,7.6,12.3,1.9,193,19,7.0,11.4,1.7,186,19,776,28.62,,0,0,0,69.3,68.2,67.8,0.24,0.30,0.33
OWEG,2017-08-21 12:25:00 EDT,42.02571,-76.25543,1469,77.7,76.0,77.7,66.8,65.8,0.000,0.000,0.00,0.000,7.4,11.8,1.7,172,22,8.0,12.6,1.9,181,22,7.4,11.8,1.7,172,22,798,28.62,,0,0,0,69.3,68.2,67.8,0.24,0.30,0.33
OWEG,2017-08-21 12:30:00 EDT,42.02571,-76.25543,1469,79.1,77.1,79.1,66.1,66.8,0.000,0.000,0.00,0.000,6.9,11.0,2.0,161,21,7.6,12.2,2.0,169,19,6.9,11.0,2.0,161,21,849,28.62,,0,0,0,69.3,68.2,67.8,0.24,0.30,0.33
OWEG,2017-08-21 12:35:00 EDT,42.02571,-76.25543,1469,78.3,76.7,78.3,65.0,65.6,0.000,0.000,0.00,0.000,6.9,11.8,1.7,167,16,7.6,12.3,2.0,173,14,6.9,11.8,1.7,167,16,623,28.62,,0,0,0,69.3,68.2,67.8,0.24,0.30,0.33
OWEG,2017-08-21 12:40:00 EDT,42.02571,-76.25543,1469,78.2,76.6,78.2,64.9,65.4,0.000,0.000,0.00,0.000,7.9,12.3,1.5,173,16,8.5,12.7,1.7,180,16,7.9,12.3,1.5,173,16,759,28.61,,0,0,0,69.3,68.2,67.8,0.24,0.30,0.33
OWEG,2017-08-21 12:45:00 EDT,42.02571,-76.25543,1469,78.7,76.7,78.7,63.2,65.1,0.000,0.000,0.00,0.000,7.5,12.0,1.7,196,18,8.0,13.0,1.7,202,18,7.5,12.0,1.7,196,18,850,28.62,,0,0,0,69.3,68.2,67.8,0.24,0.30,0.33
OWEG,2017-08-21 12:50:00 EDT,42.02571,-76.25543,1469,78.5,76.7,78.5,63.6,65.1,0.000,0.000,0.00,0.000,5.7,9.1,1.7,189,28,6.3,10.4,1.8,195,29,5.7,9.1,1.7,189,28,746,28.61,,0,0,0,69.6,68.2,67.8,0.24,0.30,0.33
OWEG,2017-08-21 12:55:00 EDT,42.02571,-76.25543,1469,78.8,77.0,78.8,64.8,65.9,0.000,0.000,0.00,0.000,6.5,9.0,1.3,195,16,7.3,10.9,1.5,202,15,6.5,9.0,1.3,195,16,871,28.61,,0,0,0,69.6,68.2,67.8,0.24,0.30,0.33
OWEG,2017-08-21 13:00:00 EDT,42.02571,-76.25543,1469,79.1,77.3,79.1,64.5,66.1,0.000,0.000,0.00,0.000,5.5,10.3,1.7,175,22,6.1,9.8,1.8,183,21,5.5,10.3,1.7,175,22,798,28.61,,0,0,0,69.6,68.2,67.8,0.24,0.30,0.33
OWEG,2017-08-21 13:05:00 EDT,42.02571,-76.25543,1469,78.3,76.8,78.3,62.7,64.6,0.000,0.000,0.00,0.000,7.9,12.3,2.2,176,22,8.4,13.8,2.3,181,21,7.9,12.3,2.2,176,22,453,28.61,,0,0,0,69.6,68.2,67.8,0.24,0.30,0.33
OWEG,2017-08-21 13:10:00 EDT,42.02571,-76.25543,1469,77.3,76.5,77.3,66.3,65.2,0.000,0.000,0.00,0.000,5.3,9.1,1.0,205,14,5.6,9.1,1.2,211,14,5.3,9.1,1.0,205,14,443,28.61,,0,0,0,69.9,68.2,67.8,0.24,0.30,0.33
OWEG,2017-08-21 13:15:00 EDT,42.02571,-76.25543,1469,78.2,77.0,78.2,66.7,66.2,0.000,0.000,0.00,0.000,6.9,9.5,1.2,176,27,7.3,10.1,1.3,183,26,6.9,9.5,1.2,176,27,549,28.61,,0,0,0,70.0,68.2,67.8,0.24,0.30,0.33
OWEG,2017-08-21 13:20:00 EDT,42.02571,-76.25543,1469,77.2,76.7,77.2,65.8,64.9,0.000,0.000,0.00,0.000,7.6,10.7,1.7,188,10,8.0,12.9,1.9,194,10,7.6,10.7,1.7,188,10,234,28.61,,0,0,0,70.0,68.2,67.8,0.24,0.30,0.33
OWEG,2017-08-21 13:25:00 EDT,42.02571,-76.25543,1469,76.8,76.7,76.8,66.5,64.8,0.000,0.000,0.00,0.000,7.6,11.0,1.8,180,13,7.9,12.1,2.0,187,11,7.6,11.0,1.8,180,13,222,28.61,,0,0,0,70.0,68.2,67.8,0.24,0.30,0.33
OWEG,2017-08-21 13:30:00 EDT,42.02571,-76.25543,1469,77.3,76.9,77.3,66.1,65.1,0.000,0.000,0.00,0.000,5.1,7.4,1.4,192,17,5.5,8.1,1.4,198,18,5.1,7.4,1.4,192,17,419,28.61,,0,0,0,70.0,68.2,67.8,0.24,0.30,0.33
OWEG,2017-08-21 13:35:00 EDT,42.02571,-76.25543,1469,78.7,77.5,78.7,66.4,66.5,0.000,0.000,0.00,0.000,5.2,9.3,1.5,215,15,5.6,9.1,1.4,223,15,5.2,9.3,1.5,215,15,692,28.61,,0,0,0,70.3,68.2,67.8,0.24,0.30,0.33
OWEG,2017-08-21 13:40:00 EDT,42.02571,-76.25543,1469,78.5,77.6,78.5,65.8,66.1,0.000,0.000,0.00,0.000,4.9,6.8,1.1,222,24,5.4,7.9,1.3,231,24,4.9,6.8,1.1,222,24,441,28.61,,0,0,0,70.3,68.2,67.8,0.24,0.30,0.33
OWEG,2017-08-21 13:45:00 EDT,42.02571,-76.25543,1469,78.8,77.8,78.8,64.1,65.7,0.000,0.000,0.00,0.000,4.3,8.0,1.7,204,17,4.7,10.1,1.9,210,15,4.3,8.0,1.7,204,17,596,28.60,,0,0,0,70.3,68.2,67.8,0.24,0.30,0.33
OWEG,2017-08-21 13:50:00 EDT,42.02571,-76.25543,1469,78.9,78.2,78.9,65.2,66.2,0.000,0.000,0.00,0.000,4.0,7.2,1.3,202,24,4.2,8.3,1.5,209,26,4.0,7.2,1.3,202,24,463,28.60,,0,0,0,70.4,68.2,67.7,0.24,0.30,0.33
OWEG,2017-08-21 13:55:00 EDT,42.02571,-76.25543,1469,79.2,78.4,79.2,64.8,66.3,0.000,0.000,0.00,0.000,4.5,7.2,1.5,217,24,4.9,7.9,1.7,225,24,4.5,7.2,1.5,217,24,510,28.60,,0,0,0,70.7,68.2,67.7,0.24,0.30,0.33
OWEG,2017-08-21 14:00:00 EDT,42.02571,-76.25543,1469,79.0,78.1,79.0,63.7,65.7,0.000,0.000,0.00,0.000,4.5,7.2,1.1,240,19,4.8,8.4,1.3,250,19,4.5,7.2,1.1,240,19,468,28.60,,0,0,0,70.7,68.2,67.7,0.24,0.30,0.33
OWEG,2017-08-21 14:05:00 EDT,42.02571,-76.25543,1469,78.9,78.1,78.9,64.7,66.0,0.000,0.000,0.00,0.000,4.2,7.8,1.3,251,17,4.7,8.2,1.4,261,17,4.2,7.8,1.3,251,17,425,28.60,,0,0,0,70.7,68.2,67.7,0.24,0.30,0.33
OWEG,2017-08-21 14:10:00 EDT,42.02571,-76.25543,1469,78.6,78.0,78.6,64.6,65.7,0.000,0.000,0.00,0.000,5.2,8.2,1.2,235,24,5.6,8.8,1.6,243,24,5.2,8.2,1.2,235,24,379,28.60,,0,0,0,70.7,68.2,67.7,0.24,0.30,0.33
OWEG,2017-08-21 14:15:00 EDT,42.02571,-76.25543,1469,78.4,78.0,78.4,65.1,65.8,0.000,0.000,0.00,0.000,3.7,5.7,0.8,236,17,4.1,6.7,1.0,245,17,3.7,5.7,0.8,236,17,334,28.60,,0,0,0,70.7,68.2,67.6,0.24,0.30,0.33
OWEG,2017-08-21 14:20:00 EDT,42.02571,-76.25543,1469,78.2,77.9,78.2,65.2,65.6,0.000,0.000,0.00,0.000,3.7,5.6,0.6,227,17,3.7,6.2,0.9,236,16,3.7,5.6,0.6,227,17,294,28.60,,0,0,0,70.9,68.2,67.6,0.24,0.30,0.33
OWEG,2017-08-21 14:25:00 EDT,42.02571,-76.25543,1469,77.8,77.7,77.8,67.3,66.1,0.000,0.000,0.00,0.000,4.0,6.0,0.8,218,15,4.5,7.3,1.1,227,16,4.0,6.0,0.8,218,15,123,28.60,,0,0,0,71.1,68.2,67.6,0.24,0.30,0.33
OWEG,2017-08-21 14:30:00 EDT,42.02571,-76.25543,1469,77.3,77.5,77.3,67.3,65.6,0.000,0.000,0.00,0.000,3.3,5.0,0.6,216,14,3.4,5.3,0.8,222,12,3.3,5.0,0.6,216,14,169,28.59,,0,0,0,71.1,68.2,67.5,0.24,0.30,0.33
OWEG,2017-08-21 14:35:00 EDT,42.02571,-76.25543,1469,76.9,77.3,76.9,69.8,66.3,0.000,0.000,0.00,0.000,5.0,9.1,1.3,183,19,5.5,11.6,1.5,190,19,5.0,9.1,1.3,183,19,67,28.59,,0,0,0,71.1,68.2,67.6,0.24,0.30,0.33
OWEG,2017-08-21 14:40:00 EDT,42.02571,-76.25543,1469,76.6,77.1,76.6,69.5,65.9,0.000,0.000,0.00,0.000,3.9,5.6,0.8,185,8,4.4,6.1,0.8,191,7,3.9,5.6,0.8,185,8,38,28.59,,0,0,0,71.2,68.2,67.6,0.24,0.30,0.33
OWEG,2017-08-21 14:45:00 EDT,42.02571,-76.25543,1469,75.9,76.7,75.9,72.0,66.3,0.000,0.000,0.00,0.000,3.2,5.0,0.7,183,11,3.5,5.5,0.9,190,11,3.2,5.0,0.7,183,11,39,28.59,,0,0,0,71.4,68.2,67.5,0.24,0.30,0.33
OWEG,2017-08-21 14:50:00 EDT,42.02571,-76.25543,1469,75.9,76.6,75.9,73.5,66.8,0.000,0.000,0.00,0.000,4.0,7.8,1.1,175,14,4.4,8.4,1.2,182,14,4.0,7.8,1.1,175,14,97,28.59,,0,0,0,71.4,68.2,67.5,0.24,0.30,0.33
OWEG,2017-08-21 14:55:00 EDT,42.02571,-76.25543,1469,76.7,76.9,76.7,75.0,68.2,0.000,0.000,0.00,0.000,4.6,7.2,1.0,164,11,5.0,7.6,1.1,170,10,4.6,7.2,1.0,164,11,206,28.59,,0,0,0,71.4,68.2,67.5,0.24,0.30,0.33
OWEG,2017-08-21 15:00:00 EDT,42.02571,-76.25543,1469,77.5,77.4,77.5,72.4,67.9,0.000,0.000,0.00,0.000,4.9,7.2,0.7,164,10,5.4,7.8,0.9,170,8,4.9,7.2,0.7,164,10,238,28.58,,0,0,0,71.4,68.2,67.5,0.24,0.30,0.33
OWEG,2017-08-21 15:05:00 EDT,42.02571,-76.25543,1469,78.0,77.7,78.0,70.8,67.7,0.000,0.000,0.00,0.000,4.9,7.0,0.8,171,12,5.5,8.0,0.8,177,11,4.9,7.0,0.8,171,12,282,28.58,,0,0,0,71.4,68.2,67.5,0.24,0.30,0.33
OWEG,2017-08-21 15:10:00 EDT,42.02571,-76.25543,1469,78.5,78.0,78.5,69.5,67.7,0.000,0.000,0.00,0.000,5.2,7.9,1.1,175,17,5.7,9.0,1.3,180,16,5.2,7.9,1.1,175,17,345,28.58,,0,0,0,71.4,68.2,67.5,0.23,0.30,0.33
OWEG,2017-08-21 15:15:00 EDT,42.02571,-76.25543,1469,78.8,78.3,78.8,69.9,68.2,0.000,0.000,0.00,0.000,3.7,5.4,0.9,157,14,4.1,6.4,1.0,165,14,3.7,5.4,0.9,157,14,369,28.58,,0,0,0,71.4,68.2,67.5,0.24,0.30,0.33
OWEG,2017-08-21 15:20:00 EDT,42.02571,-76.25543,1469,79.2,78.4,79.2,68.2,67.8,0.000,0.000,0.00,0.000,6.6,10.0,1.2,167,13,7.2,10.4,1.4,173,11,6.6,10.0,1.2,167,13,396,28.58,,0,0,0,71.4,68.3,67.5,0.23,0.30,0.33
OWEG,2017-08-21 15:25:00 EDT,42.02571,-76.25543,1469,79.2,78.4,79.2,68.9,68.1,0.000,0.000,0.00,0.000,5.1,7.5,1.3,173,17,5.7,8.3,1.4,181,17,5.1,7.5,1.3,173,17,440,28.58,,0,0,0,71.6,68.2,67.5,0.24,0.30,0.33
OWEG,2017-08-21 15:30:00 EDT,42.02571,-76.25543,1469,79.6,78.7,79.6,67.5,67.9,0.000,0.000,0.00,0.000,6.6,9.2,1.3,170,11,7.0,10.4,1.4,176,11,6.6,9.2,1.3,170,11,474,28.57,,0,0,0,71.7,68.2,67.5,0.24,0.30,0.33
OWEG,2017-08-21 15:35:00 EDT,42.02571,-76.25543,1469,80.0,78.9,80.0,67.3,68.2,0.000,0.000,0.00,0.000,6.2,9.1,1.5,176,17,6.8,10.7,1.7,183,18,6.2,9.1,1.5,176,17,510,28.57,,0,0,0,71.8,68.3,67.5,0.24,0.30,0.33
OWEG,2017-08-21 15:40:00 EDT,42.02571,-76.25543,1469,80.4,79.2,83.1,65.9,68.0,0.000,0.000,0.00,0.000,7.0,12.5,2.3,173,17,7.9,13.6,2.2,179,16,7.0,12.5,2.3,173,17,537,28.57,,0,0,0,71.8,68.3,67.5,0.24,0.30,0.33
OWEG,2017-08-21 15:45:00 EDT,42.02571,-76.25543,1469,80.3,79.4,82.9,65.5,67.7,0.000,0.000,0.00,0.000,6.6,11.3,2.3,176,15,7.3,12.5,2.4,182,16,6.6,11.3,2.3,176,15,545,28.57,,0,0,0,71.8,68.3,67.5,0.24,0.30,0.33
OWEG,2017-08-21 15:50:00 EDT,42.02571,-76.25543,1469,80.8,79.6,83.5,65.1,67.9,0.000,0.000,0.00,0.000,7.4,11.7,2.2,169,15,8.0,12.7,2.3,176,15,7.4,11.7,2.2,169,15,557,28.57,,0,0,0,71.8,68.5,67.5,0.23,0.30,0.33
OWEG,2017-08-21 15:55:00 EDT,42.02571,-76.25543,1469,80.5,79.5,82.9,64.3,67.3,0.000,0.000,0.00,0.000,10.0,14.0,2.0,172,14,10.8,15.1,2.1,178,13,10.0,14.0,2.0,172,14,484,28.57,,0,0,0,71.8,68.5,67.5,0.23,0.30,0.33
OWEG,2017-08-21 16:00:00 EDT,42.02571,-76.25543,1469,80.6,79.5,83.2,65.0,67.7,0.000,0.000,0.00,0.000,8.5,13.0,2.0,179,17,9.3,14.4,2.4,186,16,8.5,13.0,2.0,179,17,509,28.58,,0,0,0,71.8,68.5,67.5,0.23,0.30,0.33
OWEG,2017-08-21 16:05:00 EDT,42.02571,-76.25543,1469,79.8,79.3,79.8,65.7,67.3,0.000,0.000,0.00,0.000,8.4,11.5,1.5,169,14,9.1,13.4,1.7,175,13,8.4,11.5,1.5,169,14,208,28.57,,0,0,0,71.8,68.5,67.5,0.23,0.30,0.33
OWEG,2017-08-21 16:10:00 EDT,42.02571,-76.25543,1469,79.1,79.1,79.1,67.3,67.4,0.000,0.000,0.00,0.000,6.6,10.4,1.5,171,15,7.1,11.4,1.7,178,14,6.6,10.4,1.5,171,15,208,28.57,,0,0,0,72.1,68.5,67.5,0.23,0.30,0.33
OWEG,2017-08-21 16:15:00 EDT,42.02571,-76.25543,1469,79.6,79.3,79.6,67.0,67.7,0.000,0.000,0.00,0.000,6.0,11.8,2.0,205,18,6.4,12.2,2.0,211,18,6.0,11.8,2.0,205,18,415,28.57,,0,0,0,72.3,68.5,67.5,0.23,0.30,0.33
OWEG,2017-08-21 16:20:00 EDT,42.02571,-76.25543,1469,81.0,80.0,84.0,66.4,68.7,0.000,0.000,0.00,0.000,7.6,12.6,1.9,191,13,8.1,13.7,2.0,196,13,7.6,12.6,1.9,191,13,545,28.57,,0,0,0,72.3,68.5,67.5,0.23,0.30,0.33
OWEG,2017-08-21 16:25:00 EDT,42.02571,-76.25543,1469,80.6,79.9,83.4,66.7,68.5,0.000,0.000,0.00,0.000,5.1,9.6,2.0,201,19,5.6,9.6,1.9,210,18,5.1,9.6,2.0,201,19,366,28.57,,0,0,0,72.3,68.5,67.5,0.23,0.30,0.33
OWEG,2017-08-21 16:30:00 EDT,42.02571,-76.25543,1469,81.0,80.1,83.8,65.2,68.2,0.000,0.000,0.00,0.000,8.9,12.3,2.2,180,17,9.7,14.5,2.4,186,17,8.9,12.3,2.2,180,17,304,28.57,,0,0,0,72.3,68.5,67.5,0.23,0.30,0.33
OWEG,2017-08-21 16:35:00 EDT,42.02571,-76.25543,1469,78.9,79.2,78.9,67.3,67.1,0.000,0.000,0.00,0.000,8.2,12.0,1.8,175,13,8.9,13.5,1.9,182,14,8.2,12.0,1.8,175,13,64,28.56,,0,0,0,72.3,68.5,67.5,0.23,0.30,0.33
OWEG,2017-08-21 16:40:00 EDT,42.02571,-76.25543,1469,78.2,78.7,78.2,69.0,67.2,0.000,0.000,0.00,0.000,7.2,10.7,1.8,189,14,8.0,12.3,1.9,194,14,7.2,10.7,1.8,189,14,54,28.57,,0,0,0,72.3,68.5,67.5,0.23,0.30,0.33
OWEG,2017-08-21 16:45:00 EDT,42.02571,-76.25543,1469,77.9,78.4,77.9,70.8,67.6,0.000,0.000,0.00,0.000,6.0,9.0,1.1,187,10,6.6,9.7,1.3,192,9,6.0,9.0,1.1,187,10,46,28.57,,0,0,0,72.3,68.5,67.5,0.23,0.30,0.33
OWEG,2017-08-21 16:50:00 EDT,42.02571,-76.25543,1469,77.3,77.8,77.3,72.5,67.8,0.000,0.000,0.00,0.000,8.0,15.0,2.7,178,10,8.6,16.1,3.0,183,11,8.0,15.0,2.7,178,10,45,28.56,,0,0,0,72.3,68.5,67.5,0.23,0.30,0.33
OWEG,2017-08-21 16:55:00 EDT,42.02571,-76.25543,1469,76.5,76.8,76.5,74.5,67.8,0.000,0.000,0.00,0.000,9.9,15.0,2.5,203,16,10.4,16.2,2.5,210,14,9.9,15.0,2.5,203,16,68,28.57,,0,0,0,72.3,68.5,67.5,0.23,0.30,0.33
OWEG,2017-08-21 17:00:00 EDT,42.02571,-76.25543,1469,76.2,76.3,76.2,73.4,67.1,0.000,0.000,0.00,0.000,6.7,13.4,2.5,200,18,7.0,13.8,2.7,206,18,6.7,13.4,2.5,200,18,84,28.57,,0,0,0,72.3,68.5,67.5,0.23,0.30,0.33
OWEG,2017-08-21 17:05:00 EDT,42.02571,-76.25543,1469,75.8,75.8,75.8,74.9,67.2,0.000,0.000,0.00,0.000,3.5,7.6,1.2,194,14,3.9,8.7,1.4,200,14,3.5,7.6,1.2,194,14,60,28.56,,0,0,0,72.4,68.5,67.5,0.23,0.30,0.33
OWEG,2017-08-21 17:10:00 EDT,42.02571,-76.25543,1469,75.1,75.7,75.1,77.7,67.7,0.000,0.000,0.00,0.000,5.2,8.5,1.4,185,16,5.9,10.7,1.7,193,16,5.2,8.5,1.4,185,16,62,28.56,,0,0,0,72.4,68.5,67.5,0.23,0.30,0.33
OWEG,2017-08-21 17:15:00 EDT,42.02571,-76.25543,1469,75.0,75.7,75.0,78.8,68.0,0.000,0.000,0.00,0.000,6.6,9.1,1.0,166,9,7.1,9.7,1.2,172,7,6.6,9.1,1.0,166,9,60,28.56,,0,0,0,72.6,68.5,67.5,0.23,0.30,0.33
OWEG,2017-08-21 17:20:00 EDT,42.02571,-76.25543,1469,75.0,75.7,75.0,79.9,68.4,0.000,0.000,0.00,0.000,4.9,7.2,0.9,179,10,5.4,8.2,1.1,186,8,4.9,7.2,0.9,179,10,37,28.57,,0,0,0,72.7,68.5,67.5,0.23,0.30,0.33
OWEG,2017-08-21 17:25:00 EDT,42.02571,-76.25543,1469,75.0,76.0,75.0,79.5,68.3,0.022,0.022,0.31,0.022,8.0,14.2,1.7,214,19,8.4,15.2,2.0,222,19,8.0,14.2,1.7,214,19,21,28.57,,0,0,0,72.7,68.5,67.5,0.23,0.30,0.33
OWEG,2017-08-21 17:30:00 EDT,42.02571,-76.25543,1469,73.8,74.5,73.8,82.8,68.3,0.007,0.030,0.00,0.030,6.8,12.1,2.0,233,23,7.4,13.2,2.2,241,24,6.8,12.1,2.0,233,23,32,28.58,,0,0,0,72.7,68.5,67.5,0.23,0.30,0.33
OWEG,2017-08-21 17:35:00 EDT,42.02571,-76.25543,1469,72.9,73.4,72.9,86.1,68.5,0.002,0.031,0.00,0.031,7.9,12.4,1.6,267,15,8.7,14.5,2.0,275,14,7.9,12.4,1.6,267,15,45,28.58,,0,0,0,72.7,68.5,67.5,0.23,0.30,0.33
OWEG,2017-08-21 17:40:00 EDT,42.02571,-76.25543,1469,72.0,72.2,72.0,88.5,68.4,0.000,0.031,0.00,0.031,7.8,12.5,1.6,294,14,8.4,12.2,1.7,302,13,7.8,12.5,1.6,294,14,78,28.58,,0,0,0,72.7,68.5,67.5,0.23,0.30,0.33
OWEG,2017-08-21 17:45:00 EDT,42.02571,-76.25543,1469,71.4,71.5,71.4,89.0,68.0,0.000,0.031,0.00,0.031,6.3,10.2,1.7,283,15,6.9,12.0,2.0,291,14,6.3,10.2,1.7,283,15,101,28.58,,0,0,0,72.7,68.5,67.5,0.23,0.30,0.33
OWEG,2017-08-21 17:50:00 EDT,42.02571,-76.25543,1469,71.3,71.3,71.3,90.7,68.4,0.000,0.031,0.00,0.031,4.0,5.8,0.7,282,12,4.3,6.5,0.9,292,12,4.0,5.8,0.7,282,12,113,28.57,,0,0,0,72.7,68.5,67.5,0.23,0.30,0.33
OWEG,2017-08-21 17:55:00 EDT,42.02571,-76.25543,1469,71.2,71.1,71.2,90.6,68.4,0.000,0.031,0.00,0.031,4.1,6.4,0.8,289,11,4.4,7.1,0.9,299,11,4.1,6.4,0.8,289,11,122,28.57,,0,0,0,72.7,68.5,67.5,0.23,0.30,0.33
OWEG,2017-08-21 18:00:00 EDT,42.02571,-76.25543,1469,71.1,71.0,71.1,91.0,68.4,0.000,0.031,0.00,0.031,4.5,6.6,1.0,271,13,5.0,7.9,1.2,281,11,4.5,6.6,1.0,271,13,114,28.57,,0,0,0,72.7,68.5,67.5,0.23,0.30,0.33
OWEG,2017-08-21 18:05:00 EDT,42.02571,-76.25543,1469,71.2,71.0,71.2,91.1,68.5,0.000,0.031,0.00,0.031,2.2,4.2,0.7,227,21,2.4,4.2,0.7,236,21,2.2,4.2,0.7,227,21,102,28.56,,0,0,0,72.7,68.5,67.5,0.23,0.30,0.33
OWEG,2017-08-21 18:10:00 EDT,42.02571,-76.25543,1469,71.4,71.2,71.4,90.0,68.3,0.000,0.031,0.00,0.031,2.0,2.8,0.3,274,13,2.2,3.0,0.3,284,13,2.0,2.8,0.3,274,13,94,28.56,,0,0,0,72.7,68.5,67.5,0.23,0.30,0.33
OWEG,2017-08-21 18:15:00 EDT,42.02571,-76.25543,1469,71.5,71.3,71.5,88.8,68.0,0.000,0.031,0.00,0.031,1.1,2.5,0.7,269,33,1.3,2.7,0.6,275,32,1.1,2.5,0.7,269,33,102,28.56,,0,0,0,72.7,68.5,67.5,0.23,0.30,0.33
OWEG,2017-08-21 18:20:00 EDT,42.02571,-76.25543,1469,71.7,71.4,71.7,86.7,67.5,0.000,0.031,0.00,0.031,0.6,1.8,0.6,305,6,0.7,1.9,0.7,317,8,0.6,1.8,0.6,305,6,88,28.56,,0,0,0,72.7,68.5,67.5,0.23,0.30,0.33
OWEG,2017-08-21 18:25:00 EDT,42.02571,-76.25543,1469,71.3,71.3,71.3,87.2,67.3,0.000,0.031,0.00,0.009,1.4,2.2,0.4,286,12,1.6,2.6,0.4,295,13,1.4,2.2,0.4,286,12,60,28.57,,0,0,0,72.7,68.5,67.5,0.23,0.30,0.33
OWEG,2017-08-21 18:30:00 EDT,42.02571,-76.25543,1469,71.1,71.3,71.1,88.2,67.5,0.000,0.031,0.00,0.002,0.6,2.0,0.5,208,26,1.0,2.5,0.5,217,26,0.6,2.0,0.5,208,26,44,28.56,,0,0,0,72.7,68.5,67.5,0.23,0.30,0.33
OWEG,2017-08-21 18:35:00 EDT,42.02571,-76.25543,1469,70.7,70.8,70.7,92.3,68.4,0.000,0.031,0.00,0.000,2.4,3.0,0.3,185,10,2.7,3.4,0.3,195,9,2.4,3.0,0.3,185,10,45,28.56,,0,0,0,72.7,68.5,67.5,0.23,0.30,0.33
OWEG,2017-08-21 18:40:00 EDT,42.02571,-76.25543,1469,70.3,70.3,70.3,94.0,68.5,0.000,0.031,0.00,0.000,1.8,2.5,0.3,194,9,2.0,2.9,0.3,202,8,1.8,2.5,0.3,194,9,61,28.56,,0,0,0,72.6,68.5,67.5,0.23,0.30,0.33
OWEG,2017-08-21 18:45:00 EDT,42.02571,-76.25543,1469,70.2,70.2,70.2,93.7,68.3,0.000,0.031,0.00,0.000,1.3,1.8,0.2,192,11,1.6,2.0,0.3,199,11,1.3,1.8,0.2,192,11,61,28.56,,0,0,0,72.6,68.5,67.5,0.23,0.30,0.33
OWEG,2017-08-21 18:50:00 EDT,42.02571,-76.25543,1469,69.9,70.0,69.9,93.9,68.1,0.000,0.031,0.00,0.000,2.1,2.6,0.2,188,17,2.3,3.1,0.3,197,16,2.1,2.6,0.2,188,17,62,28.56,,0,0,0,72.5,68.5,67.5,0.23,0.30,0.33
OWEG,2017-08-21 18:55:00 EDT,42.02571,-76.25543,1469,70.0,69.9,70.0,94.0,68.1,0.000,0.031,0.00,0.000,2.1,2.6,0.2,187,12,2.4,3.1,0.3,196,10,2.1,2.6,0.2,187,12,109,28.55,,0,0,0,72.4,68.5,67.5,0.23,0.30,0.33
OWEG,2017-08-21 19:00:00 EDT,42.02571,-76.25543,1469,69.8,69.4,69.8,93.4,67.8,0.000,0.031,0.00,0.000,1.2,2.3,0.4,200,10,1.4,3.0,0.4,209,10,1.2,2.3,0.4,200,10,111,28.56,,0,0,0,72.5,68.5,67.5,0.23,0.30,0.33
OWEG,2017-08-21 19:05:00 EDT,42.02571,-76.25543,1469,69.9,69.6,69.9,94.8,68.4,0.000,0.031,0.00,0.000,1.3,2.3,0.3,191,19,1.6,2.4,0.4,197,18,1.3,2.3,0.3,191,19,100,28.56,,0,0,0,72.5,68.6,67.5,0.23,0.30,0.33
OWEG,2017-08-21 19:10:00 EDT,42.02571,-76.25543,1469,70.2,70.3,70.2,94.3,68.5,0.000,0.031,0.00,0.000,1.4,2.3,0.4,192,18,1.7,2.9,0.5,201,19,1.4,2.3,0.4,192,18,89,28.56,,0,0,0,72.3,68.6,67.5,0.23,0.30,0.33
OWEG,2017-08-21 19:15:00 EDT,42.02571,-76.25543,1469,70.2,69.9,70.2,93.3,68.1,0.000,0.031,0.00,0.000,0.5,1.5,0.4,160,32,0.9,2.0,0.5,173,35,0.5,1.5,0.4,160,32,77,28.56,,0,0,0,72.3,68.6,67.5,0.23,0.30,0.33
OWEG,2017-08-21 19:20:00 EDT,42.02571,-76.25543,1469,70.3,71.0,70.3,93.7,68.4,0.000,0.031,0.00,0.000,2.7,5.3,0.7,173,11,3.0,5.2,0.8,181,11,2.7,5.3,0.7,173,11,62,28.56,,0,0,0,72.3,68.6,67.5,0.23,0.30,0.33
OWEG,2017-08-21 19:25:00 EDT,42.02571,-76.25543,1469,70.0,71.1,70.0,92.9,67.9,0.000,0.031,0.00,0.000,2.8,5.0,0.9,179,18,3.1,5.8,1.1,186,17,2.8,5.0,0.9,179,18,44,28.56,,0,0,0,72.3,68.8,67.5,0.23,0.30,0.33
OWEG,2017-08-21 19:30:00 EDT,42.02571,-76.25543,1469,70.8,72.2,70.8,92.6,68.5,0.000,0.031,0.00,0.000,4.1,5.3,0.4,168,6,4.5,6.1,0.5,174,6,4.1,5.3,0.4,168,6,28,28.56,,0,0,0,72.3,68.9,67.5,0.23,0.30,0.33
OWEG,2017-08-21 19:35:00 EDT,42.02571,-76.25543,1469,69.7,71.0,69.7,92.0,67.2,0.000,0.031,0.00,0.000,2.9,4.2,0.6,178,11,3.3,4.9,0.9,186,11,2.9,4.2,0.6,178,11,13,28.56,,0,0,0,72.3,68.9,67.5,0.23,0.30,0.33
OWEG,2017-08-21 19:40:00 EDT,42.02571,-76.25543,1469,69.9,71.8,69.9,91.9,67.4,0.000,0.031,0.00,0.000,4.1,5.3,0.7,159,7,4.7,6.1,0.8,165,6,4.1,5.3,0.7,159,7,10,28.56,,0,0,0,72.3,68.9,67.5,0.23,0.30,0.33
OWEG,2017-08-21 19:45:00 EDT,42.02571,-76.25543,1469,70.5,72.3,70.5,89.7,67.3,0.000,0.031,0.00,0.000,4.7,5.4,0.3,164,4,5.2,6.1,0.3,170,3,4.7,5.4,0.3,164,4,7,28.56,,0,0,0,72.3,68.9,67.5,0.23,0.30,0.33
OWEG,2017-08-21 19:50:00 EDT,42.02571,-76.25543,1469,70.4,72.0,70.4,89.0,67.0,0.000,0.031,0.00,0.000,4.4,5.1,0.5,168,6,4.8,5.7,0.6,174,5,4.4,5.1,0.5,168,6,5,28.56,,0,0,0,72.3,68.9,67.5,0.23,0.30,0.33
OWEG,2017-08-21 19:55:00 EDT,42.02571,-76.25543,1469,70.3,71.8,70.3,89.2,67.0,0.000,0.031,0.00,0.000,4.6,6.1,0.5,167,6,5.1,6.5,0.6,172,5,4.6,6.1,0.5,167,6,3,28.56,,0,0,0,72.3,68.9,67.5,0.23,0.30,0.33
OWEG,2017-08-21 20:00:00 EDT,42.02571,-76.25543,1469,70.4,72.1,70.4,89.6,67.2,0.000,0.031,0.00,0.000,5.4,6.9,0.7,168,7,5.9,8.6,0.8,174,6,5.4,6.9,0.7,168,7,2,28.56,,0,0,0,72.3,68.9,67.5,0.23,0.30,0.33
OWEG,2017-08-21 20:05:00 EDT,42.02571,-76.25543,1469,70.9,72.1,70.9,90.0,67.8,0.000,0.031,0.00,0.000,5.1,7.1,0.9,176,10,5.4,7.8,1.2,183,9,5.1,7.1,0.9,176,10,1,28.56,,0,0,0,72.3,68.9,67.5,0.23,0.30,0.33
OWEG,2017-08-21 20:10:00 EDT,42.02571,-76.25543,1469,70.3,71.8,70.3,89.7,67.1,0.000,0.031,0.00,0.000,6.3,9.1,1.1,187,9,7.0,9.4,1.1,194,8,6.3,9.1,1.1,187,9,0,28.56,,0,0,0,72.3,68.9,67.5,0.23,0.30,0.33
OWEG,2017-08-21 20:15:00 EDT,42.02571,-76.25543,1469,71.1,72.2,71.1,88.9,67.6,0.000,0.031,0.00,0.000,6.6,10.2,1.3,185,11,7.2,10.8,1.4,192,9,6.6,10.2,1.3,185,11,0,28.56,,0,0,0,72.3,68.9,67.5,0.23,0.30,0.33
OWEG,2017-08-21 20:20:00 EDT,42.02571,-76.25543,1469,70.8,71.9,70.8,88.7,67.3,0.000,0.031,0.00,0.000,7.3,10.5,1.1,190,7,7.8,10.2,1.2,195,7,7.3,10.5,1.1,190,7,0,28.56,,0,0,0,72.3,68.9,67.5,0.23,0.30,0.33
OWEG,2017-08-21 20:25:00 EDT,42.02571,-76.25543,1469,70.7,72.0,70.7,88.6,67.1,0.000,0.031,0.00,0.000,6.9,8.9,0.8,190,9,7.3,9.9,0.9,197,5,6.9,8.9,0.8,190,9,0,28.56,,0,0,0,72.3,68.9,67.5,0.23,0.30,0.33
OWEG,2017-08-21 20:30:00 EDT,42.02571,-76.25543,1469,70.7,72.1,70.7,88.4,67.1,0.000,0.031,0.00,0.000,8.1,11.3,1.1,190,8,8.5,12.6,1.2,196,5,8.1,11.3,1.1,190,8,0,28.56,,0,0,0,72.3,68.9,67.5,0.23,0.30,0.33
OWEG,2017-08-21 20:35:00 EDT,42.02571,-76.25543,1469,70.8,71.9,70.8,88.1,67.1,0.000,0.031,0.00,0.000,8.2,10.6,1.3,188,9,8.8,11.9,1.4,195,6,8.2,10.6,1.3,188,9,0,28.56,,0,0,0,72.3,68.9,67.5,0.23,0.30,0.33
OWEG,2017-08-21 20:40:00 EDT,42.02571,-76.25543,1469,70.8,71.7,70.8,88.1,67.1,0.000,0.031,0.00,0.000,8.0,10.4,1.1,185,9,8.6,11.9,1.4,192,7,8.0,10.4,1.1,185,9,0,28.56,,0,0,0,72.3,68.9,67.5,0.23,0.30,0.33
OWEG,2017-08-21 20:45:00 EDT,42.02571,-76.25543,1469,70.7,71.6,70.7,87.7,66.9,0.000,0.031,0.00,0.000,9.7,13.4,1.5,189,7,10.3,14.1,1.6,195,6,9.7,13.4,1.5,189,7,0,28.56,,0,0,0,72.3,68.9,67.5,0.23,0.30,0.33
OWEG,2017-08-21 20:50:00 EDT,42.02571,-76.25543,1469,70.8,71.8,70.8,87.0,66.8,0.000,0.031,0.00,0.000,9.4,13.1,1.5,191,9,10.1,13.7,1.7,196,7,9.4,13.1,1.5,191,9,0,28.56,,0,0,0,72.3,68.9,67.5,0.23,0.30,0.33
OWEG,2017-08-21 20:55:00 EDT,42.02571,-76.25543,1469,71.1,72.1,71.1,86.3,66.8,0.000,0.031,0.00,0.000,10.0,13.6,1.4,190,8,10.5,13.6,1.5,196,7,10.0,13.6,1.4,190,8,0,28.56,,0,0,0,72.3,68.9,67.5,0.23,0.30,0.33
OWEG,2017-08-21 21:00:00 EDT,42.02571,-76.25543,1469,71.0,71.8,71.0,86.1,66.6,0.000,0.031,0.00,0.000,8.8,13.4,1.5,188,7,9.2,14.6,1.6,195,7,8.8,13.4,1.5,188,7,0,28.56,,0,0,0,72.3,68.9,67.5,0.23,0.30,0.33
OWEG,2017-08-21 21:05:00 EDT,42.02571,-76.25543,1469,70.5,71.6,70.5,87.0,66.5,0.000,0.031,0.00,0.000,7.8,9.9,1.0,193,8,8.2,10.6,1.2,200,6,7.8,9.9,1.0,193,8,0,28.56,,0,0,0,72.2,68.9,67.5,0.23,0.30,0.33
OWEG,2017-08-21 21:10:00 EDT,42.02571,-76.25543,1469,70.5,71.6,70.5,87.5,66.6,0.000,0.031,0.00,0.000,7.8,10.7,1.4,195,8,8.3,11.5,1.5,201,8,7.8,10.7,1.4,195,8,0,28.56,,0,0,0,72.0,68.9,67.5,0.23,0.30,0.33
OWEG,2017-08-21 21:15:00 EDT,42.02571,-76.25543,1469,70.4,71.5,70.4,87.4,66.5,0.000,0.031,0.00,0.000,7.6,9.9,0.9,193,8,7.9,10.7,1.1,200,6,7.6,9.9,0.9,193,8,0,28.56,,0,0,0,71.8,68.9,67.5,0.23,0.30,0.33
OWEG,2017-08-21 21:20:00 EDT,42.02571,-76.25543,1469,70.3,71.3,70.3,88.1,66.6,0.000,0.031,0.00,0.000,6.5,9.7,1.4,201,11,6.9,10.3,1.4,208,10,6.5,9.7,1.4,201,11,0,28.56,,0,0,0,71.8,68.9,67.5,0.23,0.30,0.33
OWEG,2017-08-21 21:25:00 EDT,42.02571,-76.25543,1469,70.6,71.5,70.6,88.1,66.9,0.000,0.031,0.00,0.000,7.2,10.5,1.1,193,8,7.7,11.6,1.3,201,8,7.2,10.5,1.1,193,8,0,28.56,,0,0,0,71.8,68.9,67.5,0.23,0.30,0.33
OWEG,2017-08-21 21:30:00 EDT,42.02571,-76.25543,1469,70.6,71.6,70.6,88.0,66.8,0.000,0.031,0.00,0.000,7.8,10.6,1.2,195,10,8.3,11.7,1.3,201,9,7.8,10.6,1.2,195,10,0,28.56,,0,0,0,71.8,68.9,67.5,0.23,0.30,0.33
OWEG,2017-08-21 21:35:00 EDT,42.02571,-76.25543,1469,70.8,71.7,70.8,87.4,66.8,0.000,0.031,0.00,0.000,8.0,11.4,1.2,189,9,8.6,12.2,1.4,196,6,8.0,11.4,1.2,189,9,0,28.56,,0,0,0,71.8,68.9,67.5,0.23,0.30,0.33
OWEG,2017-08-21 21:40:00 EDT,42.02571,-76.25543,1469,70.5,71.5,70.5,87.5,66.6,0.000,0.031,0.00,0.000,7.6,11.1,1.0,190,8,8.1,12.7,1.1,197,6,7.6,11.1,1.0,190,8,0,28.56,,0,0,0,71.8,68.9,67.5,0.23,0.30,0.33
OWEG,2017-08-21 21:45:00 EDT,42.02571,-76.25543,1469,70.4,71.4,70.4,87.3,66.4,0.000,0.031,0.00,0.000,7.3,9.4,1.1,189,9,7.7,10.3,1.2,195,7,7.3,9.4,1.1,189,9,0,28.56,,0,0,0,71.8,68.9,67.5,0.23,0.30,0.33
OWEG,2017-08-21 21:50:00 EDT,42.02571,-76.25543,1469,70.3,71.4,70.3,87.1,66.2,0.000,0.031,0.00,0.000,6.6,8.5,1.0,192,7,7.1,9.4,1.0,198,7,6.6,8.5,1.0,192,7,0,28.56,,0,0,0,71.8,68.9,67.6,0.23,0.30,0.33
OWEG,2017-08-21 21:55:00 EDT,42.02571,-76.25543,1469,69.9,71.2,69.9,87.7,66.1,0.000,0.031,0.00,0.000,6.6,9.1,1.1,190,9,7.2,9.8,1.2,196,9,6.6,9.1,1.1,190,9,0,28.56,,0,0,0,71.8,68.9,67.6,0.23,0.30,0.33
OWEG,2017-08-21 22:00:00 EDT,42.02571,-76.25543,1469,70.5,71.4,70.5,87.2,66.5,0.000,0.031,0.00,0.000,5.9,8.2,1.0,182,10,6.5,10.0,1.2,189,9,5.9,8.2,1.0,182,10,0,28.56,,0,0,0,71.8,68.9,67.7,0.23,0.30,0.33
OWEG,2017-08-21 22:05:00 EDT,42.02571,-76.25543,1469,70.3,71.1,70.3,86.7,66.1,0.000,0.031,0.00,0.000,6.2,9.1,1.2,182,10,6.8,10.7,1.5,188,9,6.2,9.1,1.2,182,10,0,28.56,,0,0,0,71.8,68.9,67.7,0.23,0.30,0.33
OWEG,2017-08-21 22:10:00 EDT,42.02571,-76.25543,1469,70.4,71.2,70.4,86.9,66.3,0.000,0.031,0.00,0.000,7.0,8.7,0.9,179,10,7.3,9.8,1.2,184,8,7.0,8.7,0.9,179,10,0,28.56,,0,0,0,71.8,68.9,67.7,0.23,0.30,0.33
OWEG,2017-08-21 22:15:00 EDT,42.02571,-76.25543,1469,70.3,71.0,70.3,86.8,66.2,0.000,0.031,0.00,0.000,6.7,9.3,1.2,181,11,7.3,10.3,1.3,189,8,6.7,9.3,1.2,181,11,0,28.56,,0,0,0,71.7,69.0,67.7,0.23,0.30,0.33
OWEG,2017-08-21 22:20:00 EDT,42.02571,-76.25543,1469,70.2,71.1,70.2,86.8,66.1,0.000,0.031,0.00,0.000,7.5,9.9,1.0,189,8,8.1,11.5,1.2,195,7,7.5,9.9,1.0,189,8,0,28.56,,0,0,0,71.6,68.9,67.7,0.23,0.30,0.33
OWEG,2017-08-21 22:25:00 EDT,42.02571,-76.25543,1469,70.2,71.2,70.2,87.1,66.2,0.000,0.031,0.00,0.000,6.8,9.9,1.2,188,8,7.4,11.0,1.3,193,7,6.8,9.9,1.2,188,8,0,28.56,,0,0,0,71.4,69.0,67.7,0.23,0.30,0.33
OWEG,2017-08-21 22:30:00 EDT,42.02571,-76.25543,1469,70.4,71.2,70.4,86.8,66.3,0.000,0.031,0.00,0.000,6.6,9.4,1.3,185,10,7.2,11.2,1.4,190,9,6.6,9.4,1.3,185,10,0,28.56,,0,0,0,71.4,69.0,67.8,0.23,0.30,0.33
OWEG,2017-08-21 22:35:00 EDT,42.02571,-76.25543,1469,70.0,70.8,70.0,86.9,65.9,0.000,0.031,0.00,0.000,5.4,7.9,1.0,181,9,5.8,8.1,1.1,189,8,5.4,7.9,1.0,181,9,0,28.56,,0,0,0,71.4,69.0,67.7,0.23,0.30,0.33
OWEG,2017-08-21 22:40:00 EDT,42.02571,-76.25543,1469,69.8,70.6,69.8,87.3,65.8,0.000,0.031,0.00,0.000,6.3,9.3,1.2,185,8,6.7,9.8,1.4,190,8,6.3,9.3,1.2,185,8,0,28.56,,0,0,0,71.4,69.1,67.7,0.23,0.30,0.33
OWEG,2017-08-21 22:45:00 EDT,42.02571,-76.25543,1469,69.1,70.3,69.1,88.3,65.5,0.000,0.031,0.00,0.000,6.0,8.5,1.0,186,9,6.5,9.8,1.2,193,8,6.0,8.5,1.0,186,9,0,28.56,,0,0,0,71.4,69.1,67.7,0.23,0.30,0.33
OWEG,2017-08-21 22:50:00 EDT,42.02571,-76.25543,1469,69.3,70.4,69.3,89.1,66.0,0.000,0.031,0.00,0.000,6.7,9.4,1.4,184,9,7.3,10.5,1.6,191,8,6.7,9.4,1.4,184,9,0,28.56,,0,0,0,71.4,69.0,67.8,0.23,0.30,0.33
OWEG,2017-08-21 22:55:00 EDT,42.02571,-76.25543,1469,69.6,70.4,69.6,88.3,66.0,0.000,0.031,0.00,0.000,7.6,11.0,1.6,188,9,8.2,11.9,1.6,193,7,7.6,11.0,1.6,188,9,0,28.56,,0,0,0,71.4,69.1,67.8,0.23,0.30,0.33
OWEG,2017-08-21 23:00:00 EDT,42.02571,-76.25543,1469,69.5,70.5,69.5,88.6,66.0,0.000,0.031,0.00,0.000,8.2,11.0,1.3,188,8,8.8,12.5,1.4,194,6,8.2,11.0,1.3,188,8,0,28.56,,0,0,0,71.4,69.2,67.8,0.23,0.30,0.33
OWEG,2017-08-21 23:05:00 EDT,42.02571,-76.25543,1469,69.8,70.6,69.8,88.5,66.2,0.000,0.031,0.00,0.000,7.6,9.9,1.4,184,8,8.2,11.3,1.6,190,7,7.6,9.9,1.4,184,8,0,28.56,,0,0,0,71.4,69.2,67.8,0.23,0.30,0.33
OWEG,2017-08-21 23:10:00 EDT,42.02571,-76.25543,1469,69.7,70.4,69.7,88.4,66.1,0.000,0.031,0.00,0.000,7.1,10.5,1.2,184,9,7.6,11.4,1.4,191,7,7.1,10.5,1.2,184,9,0,28.56,,0,0,0,71.4,69.2,67.8,0.23,0.30,0.33
OWEG,2017-08-21 23:15:00 EDT,42.02571,-76.25543,1469,69.4,70.1,69.4,89.0,66.0,0.000,0.031,0.00,0.000,6.9,9.4,1.0,183,9,7.5,10.4,1.2,190,7,6.9,9.4,1.0,183,9,0,28.56,,0,0,0,71.4,69.2,67.8,0.23,0.30,0.33
OWEG,2017-08-21 23:20:00 EDT,42.02571,-76.25543,1469,69.1,69.8,69.1,89.2,65.8,0.000,0.031,0.00,0.000,7.1,10.2,1.1,187,9,7.7,11.3,1.4,193,9,7.1,10.2,1.1,187,9,0,28.56,,0,0,0,71.4,69.2,67.8,0.23,0.30,0.33
OWEG,2017-08-21 23:25:00 EDT,42.02571,-76.25543,1469,68.9,69.6,68.9,90.5,66.0,0.000,0.031,0.00,0.000,7.1,9.8,1.4,182,13,7.7,11.8,1.6,188,10,7.1,9.8,1.4,182,13,0,28.56,,0,0,0,71.4,69.3,67.8,0.23,0.30,0.33
OWEG,2017-08-21 23:30:00 EDT,42.02571,-76.25543,1469,68.8,69.4,68.8,90.8,66.0,0.000,0.031,0.00,0.000,6.1,8.4,1.0,193,11,6.7,9.1,1.1,198,10,6.1,8.4,1.0,193,11,0,28.55,,0,0,0,71.4,69.3,67.8,0.23,0.30,0.33
OWEG,2017-08-21 23:35:00 EDT,42.02571,-76.25543,1469,68.6,69.2,68.6,91.4,66.0,0.000,0.031,0.00,0.000,6.2,9.1,1.2,185,12,6.7,10.6,1.4,192,9,6.2,9.1,1.2,185,12,0,28.55,,0,0,0,71.4,69.3,67.8,0.23,0.30,0.33
OWEG,2017-08-21 23:40:00 EDT,42.02571,-76.25543,1469,68.5,69.1,68.5,91.6,65.9,0.000,0.031,0.00,0.000,6.2,8.9,1.0,193,10,6.7,10.0,1.3,200,8,6.2,8.9,1.0,193,10,0,28.55,,0,0,0,71.4,69.3,67.8,0.23,0.30,0.33
OWEG,2017-08-21 23:45:00 EDT,42.02571,-76.25543,1469,68.5,69.1,68.5,91.7,66.0,0.000,0.031,0.00,0.000,6.7,10.3,1.2,198,11,7.3,11.6,1.4,203,10,6.7,10.3,1.2,198,11,0,28.55,,0,0,0,71.4,69.3,67.8,0.23,0.30,0.33
OWEG,2017-08-21 23:50:00 EDT,42.02571,-76.25543,1469,68.5,69.1,68.5,91.8,66.0,0.000,0.031,0.00,0.000,7.6,10.2,1.1,192,10,8.0,10.9,1.2,199,8,7.6,10.2,1.1,192,10,0,28.55,,0,0,0,71.4,69.3,67.8,0.23,0.30,0.33
OWEG,2017-08-21 23:55:00 EDT,42.02571,-76.25543,1469,68.5,69.2,68.5,91.7,66.0,0.000,0.031,0.00,0.000,7.5,10.1,1.4,191,11,8.0,11.7,1.5,197,10,7.5,10.1,1.4,191,11,0,28.55,,0,0,0,71.3,69.3,67.8,0.23,0.30,0.33
PENN,2017-08-21 00:00:00 EDT,42.65578,-76.98746,822,64.2,66.3,64.2,85.0,59.6,0.000,0.000,0.00,0.000,6.2,6.9,0.2,220,4,6.3,6.9,0.3,222,3,6.2,6.9,0.2,220,4,1,29.27,,0,0,0,68.0,69.3,67.5,0.12,0.11,0.23
PENN,2017-08-21 00:05:00 EDT,42.65578,-76.98746,822,63.8,65.6,63.8,86.1,59.6,0.000,0.000,0.00,0.000,6.3,7.2,0.4,234,6,6.4,7.4,0.5,236,7,6.3,7.2,0.4,234,6,1,29.27,,0,0,0,68.0,69.3,67.5,0.12,0.11,0.23
PENN,2017-08-21 00:10:00 EDT,42.65578,-76.98746,822,63.6,66.0,63.6,86.5,59.5,0.000,0.000,0.00,0.000,6.5,7.5,0.4,236,8,6.7,8.2,0.5,239,7,6.5,7.5,0.4,236,8,1,29.28,,0,0,0,68.0,69.3,67.5,0.12,0.11,0.23
PENN,2017-08-21 00:15:00 EDT,42.65578,-76.98746,822,63.1,66.0,63.1,87.4,59.3,0.000,0.000,0.00,0.000,6.3,7.5,0.6,247,5,6.8,8.1,0.7,250,5,6.3,7.5,0.6,247,5,1,29.28,,0,0,0,67.9,69.3,67.5,0.12,0.10,0.23
PENN,2017-08-21 00:20:00 EDT,42.65578,-76.98746,822,63.3,66.4,63.3,88.1,59.7,0.000,0.000,0.00,0.000,5.6,6.1,0.2,251,4,6.1,6.5,0.2,254,4,5.6,6.1,0.2,251,4,1,29.28,,0,0,0,67.9,69.3,67.5,0.12,0.11,0.23
PENN,2017-08-21 00:25:00 EDT,42.65578,-76.98746,822,63.0,65.9,63.0,88.4,59.5,0.000,0.000,0.00,0.000,5.9,6.6,0.3,259,2,6.3,7.1,0.3,263,2,5.9,6.6,0.3,259,2,1,29.28,,0,0,0,67.9,69.3,67.5,0.12,0.10,0.23
PENN,2017-08-21 00:30:00 EDT,42.65578,-76.98746,822,62.8,65.4,62.8,89.5,59.6,0.000,0.000,0.00,0.000,6.6,7.1,0.3,259,1,7.0,7.6,0.3,264,1,6.6,7.1,0.3,259,1,1,29.28,,0,0,0,67.9,69.3,67.5,0.11,0.10,0.23
PENN,2017-08-21 00:35:00 EDT,42.65578,-76.98746,822,62.6,65.1,62.6,89.9,59.6,0.000,0.000,0.00,0.000,6.3,6.9,0.3,256,2,6.7,7.4,0.3,261,2,6.3,6.9,0.3,256,2,1,29.28,,0,0,0,67.9,69.3,67.5,0.12,0.11,0.23
PENN,2017-08-21 00:40:00 EDT,42.65578,-76.98746,822,62.6,65.0,62.6,89.8,59.6,0.000,0.000,0.00,0.000,6.9,7.2,0.2,255,2,7.3,7.7,0.2,259,2,6.9,7.2,0.2,255,2,1,29.28,,0,0,0,67.9,69.3,67.5,0.12,0.10,0.23
PENN,2017-08-21 00:45:00 EDT,42.65578,-76.98746,822,62.6,65.1,62.6,90.4,59.7,0.000,0.000,0.00,0.000,7.2,8.0,0.3,248,3,7.6,8.4,0.3,251,3,7.2,8.0,0.3,248,3,1,29.28,,0,0,0,67.8,69.3,67.5,0.12,0.10,0.23
PENN,2017-08-21 00:50:00 EDT,42.65578,-76.98746,822,62.9,65.1,62.9,90.5,60.0,0.000,0.000,0.00,0.000,7.8,8.3,0.3,246,2,8.1,8.8,0.3,248,3,7.8,8.3,0.3,246,2,1,29.28,,0,0,0,67.8,69.3,67.5,0.11,0.10,0.23
PENN,2017-08-21 00:55:00 EDT,42.65578,-76.98746,822,62.8,64.6,62.8,90.4,60.0,0.000,0.000,0.00,0.000,8.0,8.7,0.3,253,3,8.4,9.4,0.4,257,3,8.0,8.7,0.3,253,3,1,29.28,,0,0,0,67.8,69.3,67.5,0.12,0.10,0.23
PENN,2017-08-21 01:00:00 EDT,42.65578,-76.98746,822,62.9,64.3,62.9,91.0,60.2,0.000,0.000,0.00,0.000,8.4,9.8,0.7,250,3,8.9,10.4,0.7,254,3,8.4,9.8,0.7,250,3,1,29.28,,0,0,0,67.8,69.3,67.5,0.12,0.10,0.23
PENN,2017-08-21 01:05:00 EDT,42.65578,-76.98746,822,63.1,64.6,63.1,90.7,60.4,0.000,0.000,0.00,0.000,7.2,8.5,0.6,247,3,7.6,9.2,0.6,250,3,7.2,8.5,0.6,247,3,1,29.27,,0,0,0,67.8,69.3,67.5,0.12,0.11,0.23
PENN,2017-08-21 01:10:00 EDT,42.65578,-76.98746,822,62.8,64.5,62.8,90.9,60.1,0.000,0.000,0.00,0.000,7.4,8.0,0.2,242,2,7.5,8.4,0.3,245,3,7.4,8.0,0.2,242,2,1,29.28,,0,0,0,67.8,69.3,67.5,0.11,0.11,0.23
PENN,2017-08-21 01:15:00 EDT,42.65578,-76.98746,822,62.6,64.6,62.6,91.2,60.0,0.000,0.000,0.00,0.000,7.5,8.3,0.4,236,4,7.5,8.4,0.5,237,4,7.5,8.3,0.4,236,4,1,29.28,,0,0,0,67.7,69.3,67.5,0.12,0.10,0.23
PENN,2017-08-21 01:20:00 EDT,42.65578,-76.98746,822,62.7,64.5,62.7,90.7,60.0,0.000,0.000,0.00,0.000,7.0,8.2,0.5,236,2,7.0,8.1,0.5,238,2,7.0,8.2,0.5,236,2,1,29.28,,0,0,0,67.7,69.3,67.5,0.12,0.10,0.23
PENN,2017-08-21 01:25:00 EDT,42.65578,-76.98746,822,62.3,63.9,62.3,91.1,59.7,0.000,0.000,0.00,0.000,6.8,8.4,0.6,244,3,7.1,8.7,0.6,247,3,6.8,8.4,0.6,244,3,1,29.28,,0,0,0,67.6,69.3,67.5,0.12,0.10,0.23
PENN,2017-08-21 01:30:00 EDT,42.65578,-76.98746,822,62.2,64.1,62.2,92.4,60.0,0.000,0.000,0.00,0.000,6.7,7.8,0.5,236,6,6.8,8.1,0.6,237,6,6.7,7.8,0.5,236,6,1,29.28,,0,0,0,67.6,69.3,67.5,0.12,0.11,0.23
PENN,2017-08-21 01:35:00 EDT,42.65578,-76.98746,822,62.2,64.3,62.2,92.2,59.9,0.000,0.000,0.00,0.000,6.6,7.5,0.3,234,2,6.7,7.6,0.3,235,3,6.6,7.5,0.3,234,2,1,29.28,,0,0,0,67.5,69.3,67.5,0.12,0.10,0.23
PENN,2017-08-21 01:40:00 EDT,42.65578,-76.98746,822,62.5,64.3,62.5,91.6,60.0,0.000,0.000,0.00,0.000,7.1,8.0,0.4,241,4,7.3,8.7,0.6,244,4,7.1,8.0,0.4,241,4,1,29.27,,0,0,0,67.6,69.3,67.5,0.12,0.10,0.23
PENN,2017-08-21 01:45:00 EDT,42.65578,-76.98746,822,62.5,64.2,62.5,92.0,60.2,0.000,0.000,0.00,0.000,8.3,9.1,0.5,247,3,8.7,9.5,0.4,250,3,8.3,9.1,0.5,247,3,1,29.27,,0,0,0,67.5,69.3,67.5,0.12,0.10,0.23
PENN,2017-08-21 01:50:00 EDT,42.65578,-76.98746,822,62.8,64.4,62.8,91.2,60.2,0.000,0.000,0.00,0.000,9.0,10.4,0.5,244,4,9.3,10.7,0.5,248,3,9.0,10.4,0.5,244,4,1,29.28,,0,0,0,67.5,69.3,67.5,0.12,0.10,0.23
PENN,2017-08-21 01:55:00 EDT,42.65578,-76.98746,822,62.7,64.4,62.7,90.4,59.9,0.000,0.000,0.00,0.000,8.9,9.6,0.3,254,3,9.4,10.3,0.3,258,3,8.9,9.6,0.3,254,3,1,29.28,,0,0,0,67.5,69.3,67.5,0.12,0.11,0.23
PENN,2017-08-21 02:00:00 EDT,42.65578,-76.98746,822,62.7,64.3,62.7,91.0,60.0,0.000,0.000,0.00,0.000,10.0,11.6,0.5,254,2,10.6,12.1,0.6,258,2,10.0,11.6,0.5,254,2,1,29.28,,0,0,0,67.5,69.3,67.5,0.12,0.10,0.23
PENN,2017-08-21 02:05:00 EDT,42.65578,-76.98746,822,62.9,64.1,62.9,91.4,60.4,0.000,0.000,0.00,0.000,10.8,12.5,0.8,245,5,11.1,13.4,1.0,249,5,10.8,12.5,0.8,245,5,1,29.28,,0,0,0,67.4,69.3,67.5,0.12,0.10,0.23
PENN,2017-08-21 02:10:00 EDT,42.65578,-76.98746,822,63.1,63.9,63.1,91.2,60.5,0.000,0.000,0.00,0.000,8.8,11.4,1.1,237,6,8.7,11.6,1.1,238,5,8.8,11.4,1.1,237,6,1,29.28,,0,0,0,67.4,69.3,67.5,0.12,0.10,0.23
PENN,2017-08-21 02:15:00 EDT,42.65578,-76.98746,822,62.8,63.6,62.8,90.9,60.1,0.000,0.000,0.00,0.000,6.5,9.1,1.0,227,5,6.5,9.8,1.0,228,4,6.5,9.1,1.0,227,5,1,29.28,,0,0,0,67.4,69.3,67.5,0.12,0.10,0.23
PENN,2017-08-21 02:20:00 EDT,42.65578,-76.98746,822,61.9,63.3,61.9,91.4,59.4,0.000,0.000,0.00,0.000,4.7,5.7,0.6,208,8,4.8,5.9,0.6,211,7,4.7,5.7,0.6,208,8,1,29.28,,0,0,0,67.4,69.3,67.5,0.12,0.11,0.23
PENN,2017-08-21 02:25:00 EDT,42.65578,-76.98746,822,61.6,63.0,61.6,91.7,59.2,0.000,0.000,0.00,0.000,6.5,7.8,1.0,225,6,6.5,8.0,1.0,227,4,6.5,7.8,1.0,225,6,1,29.27,,0,0,0,67.4,69.3,67.5,0.12,0.10,0.23
PENN,2017-08-21 02:30:00 EDT,42.65578,-76.98746,822,61.6,63.6,61.6,91.6,59.2,0.000,0.000,0.00,0.000,6.3,7.3,0.7,234,5,6.3,7.5,0.7,235,5,6.3,7.3,0.7,234,5,0,29.27,,0,0,0,67.3,69.3,67.5,0.12,0.11,0.23
PENN,2017-08-21 02:35:00 EDT,42.65578,-76.98746,822,61.8,63.6,61.8,92.2,59.6,0.000,0.000,0.00,0.000,5.8,6.5,0.3,238,5,5.9,6.9,0.3,241,5,5.8,6.5,0.3,238,5,1,29.27,,0,0,0,67.3,69.3,67.5,0.12,0.10,0.23
PENN,2017-08-21 02:40:00 EDT,42.65578,-76.98746,822,61.8,63.3,61.8,92.5,59.6,0.000,0.000,0.00,0.000,6.4,7.5,0.5,241,5,6.7,8.8,0.6,243,4,6.4,7.5,0.5,241,5,1,29.27,,0,0,0,67.3,69.3,67.5,0.12,0.10,0.23
PENN,2017-08-21 02:45:00 EDT,42.65578,-76.98746,822,61.9,63.3,61.9,92.7,59.8,0.000,0.000,0.00,0.000,7.1,8.0,0.5,241,5,7.3,8.4,0.5,244,6,7.1,8.0,0.5,241,5,1,29.28,,0,0,0,67.3,69.3,67.5,0.12,0.10,0.23
PENN,2017-08-21 02:50:00 EDT,42.65578,-76.98746,822,61.6,63.2,61.6,92.9,59.5,0.000,0.000,0.00,0.000,6.8,7.7,0.4,242,4,7.1,8.5,0.5,245,4,6.8,7.7,0.4,242,4,1,29.28,,0,0,0,67.3,69.3,67.5,0.12,0.10,0.23
PENN,2017-08-21 02:55:00 EDT,42.65578,-76.98746,822,61.4,62.7,61.4,93.4,59.5,0.000,0.000,0.00,0.000,4.5,6.2,0.7,213,19,4.8,6.5,0.7,215,18,4.5,6.2,0.7,213,19,1,29.28,,0,0,0,67.2,69.3,67.5,0.12,0.10,0.23
PENN,2017-08-21 03:00:00 EDT,42.65578,-76.98746,822,61.3,63.2,61.3,92.6,59.1,0.000,0.000,0.00,0.000,6.3,7.7,0.7,211,3,6.5,7.8,0.6,214,3,6.3,7.7,0.7,211,3,1,29.28,,0,0,0,67.3,69.2,67.5,0.12,0.10,0.23
PENN,2017-08-21 03:05:00 EDT,42.65578,-76.98746,822,61.0,62.9,61.0,92.2,58.8,0.000,0.000,0.00,0.000,4.5,5.6,0.7,209,7,4.6,5.6,0.5,212,8,4.5,5.6,0.7,209,7,1,29.28,,0,0,0,67.2,69.3,67.5,0.12,0.10,0.23
PENN,2017-08-21 03:10:00 EDT,42.65578,-76.98746,822,61.2,64.6,61.2,92.2,59.0,0.000,0.000,0.00,0.000,4.4,5.6,0.6,211,8,4.5,5.6,0.6,215,8,4.4,5.6,0.6,211,8,1,29.27,,0,0,0,67.2,69.3,67.5,0.12,0.11,0.23
PENN,2017-08-21 03:15:00 EDT,42.65578,-76.98746,822,62.1,65.3,62.1,89.0,58.8,0.000,0.000,0.00,0.000,5.8,6.9,0.4,225,5,5.8,7.5,0.4,226,4,5.8,6.9,0.4,225,5,1,29.28,,0,0,0,67.2,69.3,67.5,0.12,0.10,0.23
PENN,2017-08-21 03:20:00 EDT,42.65578,-76.98746,822,61.2,63.9,61.2,90.0,58.2,0.000,0.000,0.00,0.000,6.4,8.0,0.7,227,5,6.5,8.0,0.8,228,5,6.4,8.0,0.7,227,5,1,29.28,,0,0,0,67.2,69.2,67.5,0.12,0.11,0.23
PENN,2017-08-21 03:25:00 EDT,42.65578,-76.98746,822,61.9,64.6,61.9,90.1,59.0,0.000,0.000,0.00,0.000,6.8,7.7,0.4,225,4,6.9,7.9,0.5,226,4,6.8,7.7,0.4,225,4,0,29.28,,0,0,0,67.1,69.1,67.5,0.12,0.10,0.23
PENN,2017-08-21 03:30:00 EDT,42.65578,-76.98746,822,62.5,64.7,62.5,88.6,59.1,0.000,0.000,0.00,0.000,4.9,6.1,0.4,220,4,4.8,6.0,0.3,223,3,4.9,6.1,0.4,220,4,1,29.28,,0,0,0,67.1,69.0,67.5,0.12,0.10,0.23
PENN,2017-08-21 03:35:00 EDT,42.65578,-76.98746,822,62.1,64.5,62.1,89.2,58.8,0.000,0.000,0.00,0.000,4.3,5.5,0.3,222,6,4.3,5.4,0.4,224,5,4.3,5.5,0.3,222,6,0,29.28,,0,0,0,67.1,69.0,67.5,0.12,0.11,0.23
PENN,2017-08-21 03:40:00 EDT,42.65578,-76.98746,822,62.7,64.1,62.7,89.2,59.5,0.000,0.000,0.00,0.000,4.9,6.9,0.9,228,8,5.0,7.4,0.9,229,7,4.9,6.9,0.9,228,8,1,29.28,,0,0,0,67.1,69.0,67.5,0.12,0.10,0.23
PENN,2017-08-21 03:45:00 EDT,42.65578,-76.98746,822,62.3,63.5,62.3,90.5,59.5,0.000,0.000,0.00,0.000,5.8,6.9,0.5,230,4,5.9,7.3,0.5,231,4,5.8,6.9,0.5,230,4,0,29.28,,0,0,0,67.1,69.0,67.5,0.12,0.11,0.23
PENN,2017-08-21 03:50:00 EDT,42.65578,-76.98746,822,62.0,63.1,62.0,92.0,59.6,0.000,0.000,0.00,0.000,5.4,6.4,0.4,236,5,5.6,6.9,0.5,238,6,5.4,6.4,0.4,236,5,0,29.28,,0,0,0,67.1,69.0,67.5,0.12,0.10,0.23
PENN,2017-08-21 03:55:00 EDT,42.65578,-76.98746,822,62.0,63.4,62.0,92.7,59.8,0.000,0.000,0.00,0.000,5.3,6.9,0.4,243,4,5.6,7.1,0.5,245,4,5.3,6.9,0.4,243,4,1,29.28,,0,0,0,67.1,68.9,67.5,0.12,0.10,0.23
PENN,2017-08-21 04:00:00 EDT,42.65578,-76.98746,822,61.8,63.5,61.8,92.8,59.7,0.000,0.000,0.00,0.000,5.3,6.9,0.5,236,7,5.5,7.0,0.6,238,7,5.3,6.9,0.5,236,7,0,29.28,,0,0,0,67.0,68.9,67.5,0.12,0.11,0.23
PENN,2017-08-21 04:05:00 EDT,42.65578,-76.98746,822,62.1,63.2,62.1,92.1,59.8,0.000,0.000,0.00,0.000,5.0,7.3,1.1,218,15,5.2,8.1,1.1,219,14,5.0,7.3,1.1,218,15,0,29.27,,0,0,0,66.9,68.9,67.5,0.12,0.11,0.23
PENN,2017-08-21 04:10:00 EDT,42.65578,-76.98746,822,61.2,62.4,61.2,92.3,58.9,0.000,0.000,0.00,0.000,3.8,4.5,0.4,193,6,4.2,4.9,0.4,196,5,3.8,4.5,0.4,193,6,1,29.27,,0,0,0,66.9,68.9,67.5,0.12,0.11,0.23
PENN,2017-08-21 04:15:00 EDT,42.65578,-76.98746,822,61.0,63.0,61.0,93.4,59.1,0.000,0.000,0.00,0.000,3.8,4.7,0.4,200,10,4.2,5.3,0.4,203,11,3.8,4.7,0.4,200,10,1,29.27,,0,0,0,66.8,68.9,67.5,0.11,0.10,0.23
PENN,2017-08-21 04:20:00 EDT,42.65578,-76.98746,822,61.2,63.1,61.2,93.0,59.2,0.000,0.000,0.00,0.000,4.7,5.3,0.4,223,5,4.8,5.4,0.4,224,4,4.7,5.3,0.4,223,5,0,29.27,,0,0,0,66.8,68.9,67.5,0.12,0.11,0.23
PENN,2017-08-21 04:25:00 EDT,42.65578,-76.98746,822,61.0,63.5,61.0,92.5,58.8,0.000,0.000,0.00,0.000,3.5,4.7,0.6,211,8,3.6,4.7,0.6,214,8,3.5,4.7,0.6,211,8,0,29.27,,0,0,0,66.7,68.9,67.5,0.12,0.10,0.23
PENN,2017-08-21 04:30:00 EDT,42.65578,-76.98746,822,60.9,63.5,60.9,92.5,58.7,0.000,0.000,0.00,0.000,2.5,2.9,0.2,179,10,2.8,3.3,0.2,183,11,2.5,2.9,0.2,179,10,1,29.27,,0,0,0,66.7,68.9,67.5,0.12,0.11,0.23
PENN,2017-08-21 04:35:00 EDT,42.65578,-76.98746,822,60.7,63.6,60.7,92.7,58.5,0.000,0.000,0.00,0.000,2.9,3.5,0.2,163,5,3.4,4.0,0.3,163,7,2.9,3.5,0.2,163,5,0,29.27,,0,0,0,66.7,68.9,67.5,0.12,0.11,0.23
PENN,2017-08-21 04:40:00 EDT,42.65578,-76.98746,822,61.0,63.6,61.0,91.8,58.5,0.000,0.000,0.00,0.000,2.2,3.4,0.5,189,12,2.5,4.1,0.6,193,13,2.2,3.4,0.5,189,12,0,29.28,,0,0,0,66.7,68.9,67.5,0.11,0.11,0.23
PENN,2017-08-21 04:45:00 EDT,42.65578,-76.98746,822,60.8,63.4,60.8,91.6,58.3,0.000,0.000,0.00,0.000,2.6,3.5,0.4,239,17,2.7,3.9,0.6,241,17,2.6,3.5,0.4,239,17,0,29.28,,0,0,0,66.7,68.9,67.5,0.12,0.10,0.23
PENN,2017-08-21 04:50:00 EDT,42.65578,-76.98746,822,61.3,64.2,61.3,91.1,58.7,0.000,0.000,0.00,0.000,3.3,4.4,0.4,249,7,3.6,4.9,0.5,251,8,3.3,4.4,0.4,249,7,1,29.28,,0,0,0,66.7,68.9,67.5,0.12,0.11,0.23
PENN,2017-08-21 04:55:00 EDT,42.65578,-76.98746,822,61.6,64.2,61.6,90.7,58.8,0.000,0.000,0.00,0.000,3.4,4.8,0.6,232,13,3.5,5.3,0.8,235,13,3.4,4.8,0.6,232,13,0,29.28,,0,0,0,66.6,68.9,67.5,0.12,0.11,0.23
PENN,2017-08-21 05:00:00 EDT,42.65578,-76.98746,822,61.7,64.0,61.7,89.8,58.7,0.000,0.000,0.00,0.000,3.0,3.9,0.5,221,11,3.1,4.6,0.5,223,10,3.0,3.9,0.5,221,11,0,29.28,,0,0,0,66.5,68.9,67.5,0.11,0.10,0.23
PENN,2017-08-21 05:05:00 EDT,42.65578,-76.98746,822,61.9,64.0,61.9,88.0,58.3,0.000,0.000,0.00,0.000,3.6,4.8,0.5,219,15,3.8,5.3,0.7,221,13,3.6,4.8,0.5,219,15,1,29.28,,0,0,0,66.5,68.9,67.5,0.12,0.11,0.23
PENN,2017-08-21 05:10:00 EDT,42.65578,-76.98746,822,61.7,64.1,61.7,88.2,58.2,0.000,0.000,0.00,0.000,4.6,6.2,0.7,248,14,4.9,7.0,0.9,252,14,4.6,6.2,0.7,248,14,0,29.28,,0,0,0,66.6,68.9,67.5,0.11,0.11,0.23
PENN,2017-08-21 05:15:00 EDT,42.65578,-76.98746,822,61.2,63.5,61.2,89.5,58.1,0.000,0.000,0.00,0.000,6.7,8.0,0.6,253,3,7.2,8.4,0.6,256,3,6.7,8.0,0.6,253,3,1,29.28,,0,0,0,66.5,68.9,67.5,0.12,0.10,0.23
PENN,2017-08-21 05:20:00 EDT,42.65578,-76.98746,822,61.3,63.4,61.3,90.1,58.3,0.000,0.000,0.00,0.000,6.6,7.7,0.5,251,5,7.0,8.7,0.6,255,5,6.6,7.7,0.5,251,5,0,29.28,,0,0,0,66.4,68.9,67.5,0.12,0.11,0.23
PENN,2017-08-21 05:25:00 EDT,42.65578,-76.98746,822,61.7,63.1,61.7,90.4,58.8,0.000,0.000,0.00,0.000,5.4,7.2,0.5,236,7,5.5,7.3,0.6,238,8,5.4,7.2,0.5,236,7,0,29.27,,0,0,0,66.4,68.9,67.5,0.12,0.11,0.23
PENN,2017-08-21 05:30:00 EDT,42.65578,-76.98746,822,61.5,62.9,61.5,90.7,58.7,0.000,0.000,0.00,0.000,4.7,6.2,0.5,236,6,4.9,6.3,0.6,237,6,4.7,6.2,0.5,236,6,0,29.27,,0,0,0,66.4,68.9,67.5,0.12,0.11,0.23
PENN,2017-08-21 05:35:00 EDT,42.65578,-76.98746,822,61.1,62.5,61.1,91.1,58.5,0.000,0.000,0.00,0.000,4.2,5.3,0.3,231,5,4.1,5.2,0.4,232,5,4.2,5.3,0.3,231,5,1,29.27,,0,0,0,66.3,68.9,67.5,0.12,0.11,0.23
PENN,2017-08-21 05:40:00 EDT,42.65578,-76.98746,822,61.0,63.0,61.0,91.3,58.5,0.000,0.000,0.00,0.000,3.6,4.1,0.3,224,3,3.5,4.1,0.3,225,3,3.6,4.1,0.3,224,3,0,29.27,,0,0,0,66.2,68.9,67.5,0.11,0.11,0.23
PENN,2017-08-21 05:45:00 EDT,42.65578,-76.98746,822,60.6,63.6,60.6,91.5,58.1,0.000,0.000,0.00,0.000,3.1,3.7,0.3,223,2,2.9,3.5,0.3,222,2,3.1,3.7,0.3,223,2,1,29.27,,0,0,0,66.1,68.9,67.5,0.12,0.11,0.23
PENN,2017-08-21 05:50:00 EDT,42.65578,-76.98746,822,60.4,63.4,60.4,92.1,58.1,0.000,0.000,0.00,0.000,2.5,3.1,0.4,235,7,2.5,3.3,0.5,236,8,2.5,3.1,0.4,235,7,1,29.27,,0,0,0,66.2,68.9,67.5,0.12,0.11,0.23
PENN,2017-08-21 05:55:00 EDT,42.65578,-76.98746,822,60.5,63.5,60.5,91.8,58.1,0.000,0.000,0.00,0.000,2.2,2.7,0.2,238,7,2.2,2.8,0.2,238,7,2.2,2.7,0.2,238,7,1,29.28,,0,0,0,66.1,68.9,67.5,0.12,0.11,0.23
PENN,2017-08-21 06:00:00 EDT,42.65578,-76.98746,822,60.8,63.4,60.8,90.9,58.1,0.000,0.000,0.00,0.000,2.6,3.2,0.3,242,3,2.8,3.6,0.4,242,3,2.6,3.2,0.3,242,3,1,29.28,,0,0,0,66.1,68.9,67.5,0.12,0.11,0.23
PENN,2017-08-21 06:05:00 EDT,42.65578,-76.98746,822,60.5,63.4,60.5,90.8,57.8,0.000,0.000,0.00,0.000,2.7,4.0,0.6,233,11,2.8,4.1,0.6,234,11,2.7,4.0,0.6,233,11,1,29.28,,0,0,0,66.0,68.9,67.5,0.12,0.11,0.23
PENN,2017-08-21 06:10:00 EDT,42.65578,-76.98746,822,60.5,63.2,60.5,90.8,57.8,0.000,0.000,0.00,0.000,2.7,3.9,0.6,203,10,3.0,4.2,0.6,207,10,2.7,3.9,0.6,203,10,1,29.28,,0,0,0,66.0,68.8,67.5,0.11,0.11,0.23
PENN,2017-08-21 06:15:00 EDT,42.65578,-76.98746,822,59.9,63.1,59.9,90.8,57.2,0.000,0.000,0.00,0.000,2.9,5.0,0.7,177,11,3.4,5.9,0.8,178,13,2.9,5.0,0.7,177,11,2,29.28,,0,0,0,66.0,68.8,67.5,0.12,0.11,0.23
PENN,2017-08-21 06:20:00 EDT,42.65578,-76.98746,822,60.3,62.9,60.3,91.7,57.9,0.000,0.000,0.00,0.000,4.5,5.5,0.5,195,15,4.9,6.2,0.5,197,15,4.5,5.5,0.5,195,15,2,29.28,,0,0,0,66.0,68.8,67.5,0.12,0.11,0.23
PENN,2017-08-21 06:25:00 EDT,42.65578,-76.98746,822,60.7,63.4,60.7,90.1,57.8,0.000,0.000,0.00,0.000,3.8,4.9,0.5,200,8,4.2,5.5,0.6,203,8,3.8,4.9,0.5,200,8,3,29.28,,0,0,0,66.0,68.8,67.5,0.12,0.11,0.23
PENN,2017-08-21 06:30:00 EDT,42.65578,-76.98746,822,60.6,63.3,60.6,90.4,57.8,0.000,0.000,0.00,0.000,4.4,5.3,0.4,205,10,4.7,5.9,0.5,208,10,4.4,5.3,0.4,205,10,5,29.28,,0,0,0,65.9,68.7,67.5,0.12,0.11,0.23
PENN,2017-08-21 06:35:00 EDT,42.65578,-76.98746,822,61.0,63.4,61.0,90.4,58.1,0.000,0.000,0.00,0.000,4.6,5.4,0.5,225,10,4.6,5.8,0.6,227,9,4.6,5.4,0.5,225,10,9,29.28,,0,0,0,65.9,68.7,67.5,0.12,0.11,0.23
PENN,2017-08-21 06:40:00 EDT,42.65578,-76.98746,822,61.2,63.7,61.2,89.4,58.1,0.000,0.000,0.00,0.000,3.3,4.1,0.4,194,11,3.6,4.4,0.4,197,12,3.3,4.1,0.4,194,11,15,29.27,,0,0,0,65.9,68.6,67.5,0.12,0.11,0.23
PENN,2017-08-21 06:45:00 EDT,42.65578,-76.98746,822,60.9,63.5,60.9,89.5,57.8,0.000,0.000,0.00,0.000,2.1,3.2,0.4,185,8,2.4,3.5,0.5,191,9,2.1,3.2,0.4,185,8,18,29.27,,0,0,0,65.9,68.6,67.5,0.12,0.11,0.23
PENN,2017-08-21 06:50:00 EDT,42.65578,-76.98746,822,61.2,63.6,61.2,89.5,58.1,0.000,0.000,0.00,0.000,1.4,1.8,0.3,225,18,1.5,2.2,0.4,230,18,1.4,1.8,0.3,225,18,29,29.28,,0,0,0,65.9,68.5,67.5,0.11,0.11,0.23
PENN,2017-08-21 06:55:00 EDT,42.65578,-76.98746,822,61.8,64.0,61.8,88.3,58.3,0.000,0.000,0.00,0.000,1.1,2.0,0.4,257,10,1.3,2.3,0.5,263,14,1.1,2.0,0.4,257,10,32,29.28,,0,0,0,65.9,68.5,67.5,0.11,0.11,0.23
PENN,2017-08-21 07:00:00 EDT,42.65578,-76.98746,822,62.7,63.9,62.7,87.9,59.1,0.000,0.000,0.00,0.000,1.5,2.3,0.5,245,4,1.7,2.6,0.5,246,7,1.5,2.3,0.5,245,4,36,29.28,,0,0,0,65.9,68.5,67.5,0.12,0.11,0.23
PENN,2017-08-21 07:05:00 EDT,42.65578,-76.98746,822,62.3,63.9,62.3,87.7,58.6,0.000,0.000,0.00,0.000,1.7,2.3,0.3,260,6,2.0,2.7,0.3,265,8,1.7,2.3,0.3,260,6,38,29.28,,0,0,0,65.9,68.5,67.5,0.12,0.11,0.23
PENN,2017-08-21 07:10:00 EDT,42.65578,-76.98746,822,62.2,64.3,62.2,88.2,58.7,0.000,0.000,0.00,0.000,1.2,1.8,0.3,289,13,1.4,2.2,0.3,296,15,1.2,1.8,0.3,289,13,45,29.28,,0,0,0,65.8,68.5,67.5,0.12,0.11,0.23
PENN,2017-08-21 07:15:00 EDT,42.65578,-76.98746,822,62.2,64.6,62.2,88.3,58.7,0.000,0.000,0.00,0.000,1.1,3.1,0.9,261,12,1.4,3.3,1.0,264,16,1.1,3.1,0.9,261,12,87,29.28,,0,0,0,65.7,68.5,67.5,0.12,0.11,0.23
PENN,2017-08-21 07:20:00 EDT,42.65578,-76.98746,822,62.8,64.5,62.8,88.1,59.2,0.000,0.000,0.00,0.000,2.4,3.5,0.4,207,19,2.5,4.1,0.5,208,18,2.4,3.5,0.4,207,19,117,29.28,,0,0,0,65.8,68.5,67.5,0.12,0.11,0.23
PENN,2017-08-21 07:25:00 EDT,42.65578,-76.98746,822,63.0,64.1,63.0,88.5,59.6,0.000,0.000,0.00,0.000,2.8,3.6,0.3,206,19,2.9,3.9,0.4,209,18,2.8,3.6,0.3,206,19,94,29.28,,0,0,0,65.7,68.5,67.5,0.12,0.11,0.23
PENN,2017-08-21 07:30:00 EDT,42.65578,-76.98746,822,63.2,64.4,63.2,88.7,59.8,0.000,0.000,0.00,0.000,3.0,3.7,0.3,215,9,2.9,4.1,0.3,217,8,3.0,3.7,0.3,215,9,114,29.28,,0,0,0,65.8,68.5,67.5,0.12,0.11,0.23
PENN,2017-08-21 07:35:00 EDT,42.65578,-76.98746,822,64.0,64.6,64.0,86.8,60.0,0.000,0.000,0.00,0.000,2.5,3.7,0.3,199,8,2.7,3.7,0.3,204,8,2.5,3.7,0.3,199,8,157,29.28,,0,0,0,65.7,68.5,67.5,0.12,0.11,0.23
PENN,2017-08-21 07:40:00 EDT,42.65578,-76.98746,822,64.2,64.4,64.2,86.6,60.1,0.000,0.000,0.00,0.000,2.3,2.8,0.3,199,9,2.5,3.3,0.4,203,9,2.3,2.8,0.3,199,9,102,29.28,,0,0,0,65.7,68.5,67.5,0.11,0.11,0.23
PENN,2017-08-21 07:45:00 EDT,42.65578,-76.98746,822,64.2,64.5,64.2,87.3,60.4,0.000,0.000,0.00,0.000,1.7,2.6,0.3,199,6,1.8,3.0,0.4,202,8,1.7,2.6,0.3,199,6,117,29.28,,0,0,0,65.8,68.5,67.5,0.12,0.11,0.23
PENN,2017-08-21 07:50:00 EDT,42.65578,-76.98746,822,64.7,64.8,64.7,86.5,60.6,0.000,0.000,0.00,0.000,1.3,2.0,0.2,221,16,1.5,2.0,0.3,225,17,1.3,2.0,0.2,221,16,143,29.28,,0,0,0,65.8,68.5,67.5,0.12,0.11,0.23
PENN,2017-08-21 07:55:00 EDT,42.65578,-76.98746,822,64.9,64.8,64.9,85.4,60.4,0.000,0.000,0.00,0.000,2.4,3.0,0.3,234,7,2.4,3.3,0.4,234,6,2.4,3.0,0.3,234,7,154,29.28,,0,0,0,65.8,68.5,67.5,0.12,0.11,0.23
PENN,2017-08-21 08:00:00 EDT,42.65578,-76.98746,822,65.1,64.9,65.1,85.5,60.7,0.000,0.000,0.00,0.000,2.1,2.8,0.3,221,14,2.0,2.8,0.4,222,12,2.1,2.8,0.3,221,14,150,29.28,,0,0,0,65.8,68.5,67.5,0.12,0.11,0.23
PENN,2017-08-21 08:05:00 EDT,42.65578,-76.98746,822,65.3,65.1,65.3,86.6,61.2,0.000,0.000,0.00,0.000,2.1,2.8,0.5,193,13,2.4,3.4,0.6,196,15,2.1,2.8,0.5,193,13,137,29.28,,0,0,0,65.8,68.5,67.5,0.12,0.11,0.23
PENN,2017-08-21 08:10:00 EDT,42.65578,-76.98746,822,65.9,65.6,65.9,86.6,61.8,0.000,0.000,0.00,0.000,1.6,3.0,0.4,157,15,1.8,3.6,0.4,159,17,1.6,3.0,0.4,157,15,135,29.27,,0,0,0,65.8,68.5,67.5,0.12,0.11,0.23
PENN,2017-08-21 08:15:00 EDT,42.65578,-76.98746,822,65.8,65.6,65.8,85.7,61.5,0.000,0.000,0.00,0.000,1.3,2.3,0.4,192,17,1.6,2.8,0.4,194,19,1.3,2.3,0.4,192,17,144,29.27,,0,0,0,65.9,68.5,67.5,0.12,0.11,0.23
PENN,2017-08-21 08:20:00 EDT,42.65578,-76.98746,822,66.1,65.9,66.1,85.8,61.7,0.000,0.000,0.00,0.000,2.3,3.1,0.5,208,15,2.4,3.5,0.6,210,16,2.3,3.1,0.5,208,15,152,29.27,,0,0,0,65.9,68.5,67.5,0.12,0.11,0.23
PENN,2017-08-21 08:25:00 EDT,42.65578,-76.98746,822,66.4,66.1,66.4,86.2,62.2,0.000,0.000,0.00,0.000,1.9,2.7,0.4,203,14,2.1,3.3,0.4,206,14,1.9,2.7,0.4,203,14,166,29.27,,0,0,0,65.9,68.5,67.5,0.12,0.11,0.23
PENN,2017-08-21 08:30:00 EDT,42.65578,-76.98746,822,66.9,66.5,66.9,84.9,62.2,0.000,0.000,0.00,0.000,1.0,1.7,0.4,180,19,1.2,2.1,0.5,178,20,1.0,1.7,0.4,180,19,179,29.27,,0,0,0,65.9,68.5,67.5,0.12,0.11,0.23
PENN,2017-08-21 08:35:00 EDT,42.65578,-76.98746,822,67.2,66.8,67.2,84.0,62.2,0.000,0.000,0.00,0.000,1.1,2.1,0.6,151,12,1.5,2.8,0.6,149,16,1.1,2.1,0.6,151,12,171,29.26,,0,0,0,65.9,68.5,67.5,0.12,0.11,0.23
PENN,2017-08-21 08:40:00 EDT,42.65578,-76.98746,822,67.2,66.8,67.2,84.5,62.3,0.000,0.000,0.00,0.000,2.0,3.4,0.9,206,12,2.3,3.6,0.8,208,14,2.0,3.4,0.9,206,12,159,29.27,,0,0,0,66.0,68.5,67.5,0.12,0.11,0.23
PENN,2017-08-21 08:45:00 EDT,42.65578,-76.98746,822,67.2,66.9,67.2,85.2,62.6,0.000,0.000,0.00,0.000,2.7,3.7,0.5,223,5,2.4,3.7,0.6,224,5,2.7,3.7,0.5,223,5,142,29.27,,0,0,0,66.0,68.5,67.5,0.12,0.11,0.23
PENN,2017-08-21 08:50:00 EDT,42.65578,-76.98746,822,67.6,67.3,67.6,85.6,63.1,0.000,0.000,0.00,0.000,1.2,1.9,0.3,165,31,1.4,2.4,0.4,163,32,1.2,1.9,0.3,165,31,129,29.27,,0,0,0,66.1,68.5,67.5,0.12,0.11,0.23
PENN,2017-08-21 08:55:00 EDT,42.65578,-76.98746,822,67.9,67.5,67.9,85.0,63.3,0.000,0.000,0.00,0.000,0.7,1.9,0.6,219,41,0.9,2.3,0.7,234,40,0.7,1.9,0.6,219,41,127,29.27,,0,0,0,66.1,68.5,67.5,0.12,0.11,0.23
PENN,2017-08-21 09:00:00 EDT,42.65578,-76.98746,822,67.8,67.3,67.8,85.7,63.4,0.000,0.000,0.00,0.000,3.3,4.2,0.6,271,7,3.6,4.6,0.6,275,8,3.3,4.2,0.6,271,7,126,29.28,,0,0,0,66.1,68.5,67.5,0.12,0.11,0.23
PENN,2017-08-21 09:05:00 EDT,42.65578,-76.98746,822,67.9,67.5,67.9,83.9,62.8,0.000,0.000,0.00,0.000,1.6,3.1,0.6,265,12,1.8,3.6,0.7,269,13,1.6,3.1,0.6,265,12,118,29.28,,0,0,0,66.3,68.5,67.5,0.11,0.11,0.23
PENN,2017-08-21 09:10:00 EDT,42.65578,-76.98746,822,68.1,67.9,68.1,82.5,62.6,0.000,0.000,0.00,0.000,3.3,4.7,1.1,251,6,3.6,5.2,1.1,254,6,3.3,4.7,1.1,251,6,106,29.28,,0,0,0,66.4,68.5,67.5,0.12,0.11,0.23
PENN,2017-08-21 09:15:00 EDT,42.65578,-76.98746,822,68.1,67.9,68.1,82.9,62.7,0.000,0.000,0.00,0.000,5.4,10.3,2.1,251,10,5.8,10.9,2.3,253,9,5.4,10.3,2.1,251,10,89,29.28,,0,0,0,66.4,68.5,67.5,0.12,0.11,0.23
PENN,2017-08-21 09:20:00 EDT,42.65578,-76.98746,822,67.9,67.9,67.9,81.4,62.0,0.000,0.000,0.00,0.000,8.7,11.7,1.3,241,7,9.0,12.0,1.5,244,7,8.7,11.7,1.3,241,7,75,29.28,,0,0,0,66.4,68.5,67.5,0.11,0.11,0.23
PENN,2017-08-21 09:25:00 EDT,42.65578,-76.98746,822,67.9,68.0,67.9,81.5,62.1,0.000,0.000,0.00,0.000,6.5,8.0,0.7,241,6,6.7,8.4,0.8,244,6,6.5,8.0,0.7,241,6,72,29.28,,0,0,0,66.5,68.5,67.5,0.11,0.11,0.23
PENN,2017-08-21 09:30:00 EDT,42.65578,-76.98746,822,67.9,67.9,67.9,82.8,62.4,0.000,0.000,0.00,0.000,6.2,7.7,0.9,246,6,6.8,8.5,0.9,250,5,6.2,7.7,0.9,246,6,83,29.29,,0,0,0,66.4,68.5,67.5,0.12,0.11,0.23
PENN,2017-08-21 09:35:00 EDT,42.65578,-76.98746,822,68.0,68.0,68.0,82.7,62.5,0.000,0.000,0.00,0.000,4.4,6.8,1.3,235,12,4.6,7.6,1.4,237,12,4.4,6.8,1.3,235,12,89,29.28,,0,0,0,66.4,68.5,67.5,0.12,0.11,0.23
PENN,2017-08-21 09:40:00 EDT,42.65578,-76.98746,822,68.3,68.4,68.3,82.0,62.6,0.000,0.000,0.00,0.000,2.6,4.2,0.5,204,12,2.8,4.2,0.7,207,11,2.6,4.2,0.5,204,12,101,29.28,,0,0,0,66.5,68.4,67.5,0.12,0.11,0.23
PENN,2017-08-21 09:45:00 EDT,42.65578,-76.98746,822,68.9,69.0,68.9,80.8,62.7,0.000,0.000,0.00,0.000,4.5,6.5,0.9,204,8,4.8,6.9,1.0,207,8,4.5,6.5,0.9,204,8,113,29.28,,0,0,0,66.5,68.4,67.5,0.11,0.11,0.23
PENN,2017-08-21 09:50:00 EDT,42.65578,-76.98746,822,69.3,69.3,69.3,80.1,62.9,0.000,0.000,0.00,0.000,3.1,4.2,0.6,204,14,3.4,5.7,0.8,206,13,3.1,4.2,0.6,204,14,134,29.28,,0,0,0,66.5,68.3,67.5,0.12,0.11,0.23
PENN,2017-08-21 09:55:00 EDT,42.65578,-76.98746,822,69.9,69.8,69.9,78.5,62.9,0.000,0.000,0.00,0.000,1.8,4.0,0.9,167,37,2.0,4.3,0.9,167,39,1.8,4.0,0.9,167,37,162,29.27,,0,0,0,66.6,68.4,67.5,0.12,0.11,0.23
PENN,2017-08-21 10:00:00 EDT,42.65578,-76.98746,822,70.4,70.1,70.4,78.9,63.5,0.000,0.000,0.00,0.000,1.3,2.9,0.5,119,25,1.6,3.8,0.6,118,26,1.3,2.9,0.5,119,25,187,29.27,,0,0,0,66.6,68.4,67.5,0.12,0.11,0.23
PENN,2017-08-21 10:05:00 EDT,42.65578,-76.98746,822,70.8,70.3,70.8,78.3,63.7,0.000,0.000,0.00,0.000,0.6,1.7,0.6,114,14,0.8,2.0,0.7,117,21,0.6,1.7,0.6,114,14,212,29.27,,0,0,0,66.6,68.3,67.5,0.12,0.11,0.23
PENN,2017-08-21 10:10:00 EDT,42.65578,-76.98746,822,71.1,70.6,71.1,77.6,63.8,0.000,0.000,0.00,0.000,0.5,2.0,0.6,182,15,0.8,2.7,0.7,190,23,0.5,2.0,0.6,182,15,229,29.27,,0,0,0,66.7,68.3,67.5,0.12,0.11,0.23
PENN,2017-08-21 10:15:00 EDT,42.65578,-76.98746,822,71.5,70.9,71.5,78.2,64.4,0.000,0.000,0.00,0.000,1.6,3.1,0.5,150,18,1.8,3.7,0.6,151,20,1.6,3.1,0.5,150,18,243,29.27,,0,0,0,66.7,68.2,67.5,0.12,0.11,0.23
PENN,2017-08-21 10:20:00 EDT,42.65578,-76.98746,822,71.7,71.0,71.7,78.0,64.5,0.000,0.000,0.00,0.000,2.2,4.5,1.1,190,22,2.5,5.4,1.2,189,23,2.2,4.5,1.1,190,22,286,29.27,,0,0,0,66.7,68.2,67.5,0.12,0.11,0.23
PENN,2017-08-21 10:25:00 EDT,42.65578,-76.98746,822,72.3,71.8,72.3,73.7,63.4,0.000,0.000,0.00,0.000,4.7,8.0,1.3,216,14,4.9,8.9,1.4,220,14,4.7,8.0,1.3,216,14,295,29.27,,0,0,0,66.7,68.2,67.5,0.12,0.11,0.23
PENN,2017-08-21 10:30:00 EDT,42.65578,-76.98746,822,72.5,72.1,72.5,71.0,62.6,0.000,0.000,0.00,0.000,9.6,15.4,1.9,224,12,9.9,15.0,1.8,225,10,9.6,15.4,1.9,224,12,411,29.27,,0,0,0,66.8,68.2,67.5,0.12,0.11,0.23
PENN,2017-08-21 10:35:00 EDT,42.65578,-76.98746,822,73.4,72.7,73.4,70.7,63.4,0.000,0.000,0.00,0.000,7.7,12.4,1.8,220,13,8.2,12.1,1.7,221,11,7.7,12.4,1.8,220,13,612,29.27,,0,0,0,67.0,68.2,67.5,0.12,0.11,0.23
PENN,2017-08-21 10:40:00 EDT,42.65578,-76.98746,822,73.9,73.1,73.9,67.2,62.3,0.000,0.000,0.00,0.000,8.4,12.0,1.6,218,12,8.6,13.1,1.7,220,12,8.4,12.0,1.6,218,12,518,29.27,,0,0,0,67.1,68.2,67.5,0.12,0.11,0.23
PENN,2017-08-21 10:45:00 EDT,42.65578,-76.98746,822,73.9,73.3,73.9,67.2,62.4,0.000,0.000,0.00,0.000,7.2,12.1,2.1,233,14,7.5,11.9,1.9,236,15,7.2,12.1,2.1,233,14,468,29.26,,0,0,0,67.1,68.2,67.5,0.12,0.11,0.23
PENN,2017-08-21 10:50:00 EDT,42.65578,-76.98746,822,75.6,74.3,75.6,66.3,63.6,0.000,0.000,0.00,0.000,5.7,10.4,1.9,240,16,6.2,10.2,1.9,243,16,5.7,10.4,1.9,240,16,883,29.26,,0,0,0,67.2,68.2,67.5,0.12,0.11,0.23
PENN,2017-08-21 10:55:00 EDT,42.65578,-76.98746,822,76.5,74.9,76.5,64.9,63.8,0.000,0.000,0.00,0.000,7.6,12.1,2.5,238,12,8.1,14.0,2.5,240,11,7.6,12.1,2.5,238,12,670,29.26,,0,0,0,67.2,68.2,67.5,0.12,0.11,0.23
PENN,2017-08-21 11:00:00 EDT,42.65578,-76.98746,822,75.1,74.3,75.1,64.0,62.1,0.000,0.000,0.00,0.000,8.4,12.8,2.1,230,12,8.6,12.6,2.1,232,13,8.4,12.8,2.1,230,12,401,29.26,,0,0,0,67.3,68.2,67.5,0.12,0.11,0.23
PENN,2017-08-21 11:05:00 EDT,42.65578,-76.98746,822,75.1,74.5,75.1,65.0,62.5,0.000,0.000,0.00,0.000,6.7,10.5,1.9,222,15,7.0,11.6,1.8,225,14,6.7,10.5,1.9,222,15,306,29.26,,0,0,0,67.4,68.2,67.5,0.12,0.11,0.23
PENN,2017-08-21 11:10:00 EDT,42.65578,-76.98746,822,75.3,74.9,75.3,65.0,62.7,0.000,0.000,0.00,0.000,7.0,9.4,1.1,223,14,6.9,9.7,1.3,226,12,7.0,9.4,1.1,223,14,265,29.26,,0,0,0,67.4,68.2,67.5,0.12,0.11,0.23
PENN,2017-08-21 11:15:00 EDT,42.65578,-76.98746,822,75.4,75.0,75.4,64.9,62.7,0.000,0.000,0.00,0.000,7.2,10.9,1.8,218,11,7.3,10.8,1.8,219,10,7.2,10.9,1.8,218,11,268,29.26,,0,0,0,67.5,68.2,67.5,0.12,0.11,0.23
PENN,2017-08-21 11:20:00 EDT,42.65578,-76.98746,822,75.5,75.1,75.5,65.1,62.9,0.000,0.000,0.00,0.000,4.8,9.3,1.9,191,22,5.3,9.7,2.0,194,22,4.8,9.3,1.9,191,22,240,29.26,,0,0,0,67.7,68.2,67.5,0.12,0.10,0.23
PENN,2017-08-21 11:25:00 EDT,42.65578,-76.98746,822,75.5,75.2,75.5,64.6,62.7,0.000,0.000,0.00,0.000,4.3,6.4,0.8,182,16,4.8,6.9,0.9,185,15,4.3,6.4,0.8,182,16,223,29.25,,0,0,0,67.8,68.2,67.5,0.12,0.11,0.23
PENN,2017-08-21 11:30:00 EDT,42.65578,-76.98746,822,75.8,75.3,75.8,65.5,63.5,0.000,0.000,0.00,0.000,2.8,4.2,0.8,172,12,3.2,4.9,0.9,174,14,2.8,4.2,0.8,172,12,283,29.25,,0,0,0,67.8,68.2,67.5,0.12,0.11,0.23
PENN,2017-08-21 11:35:00 EDT,42.65578,-76.98746,822,76.0,75.4,76.0,64.8,63.3,0.000,0.000,0.00,0.000,5.7,8.3,1.1,177,12,6.5,9.6,1.2,179,12,5.7,8.3,1.1,177,12,383,29.25,,0,0,0,67.8,68.2,67.5,0.11,0.11,0.23
PENN,2017-08-21 11:40:00 EDT,42.65578,-76.98746,822,76.8,75.6,76.8,64.0,63.7,0.000,0.000,0.00,0.000,6.2,9.3,1.6,183,14,7.1,11.0,1.8,186,13,6.2,9.3,1.6,183,14,680,29.25,,0,0,0,68.0,68.2,67.5,0.12,0.10,0.23
PENN,2017-08-21 11:45:00 EDT,42.65578,-76.98746,822,77.2,75.8,77.2,64.0,64.1,0.000,0.000,0.00,0.000,5.9,9.4,1.7,183,16,6.7,11.1,2.0,185,14,5.9,9.4,1.7,183,16,790,29.25,,0,0,0,67.9,68.2,67.5,0.12,0.10,0.23
PENN,2017-08-21 11:50:00 EDT,42.65578,-76.98746,822,77.9,76.5,77.9,63.3,64.5,0.000,0.000,0.00,0.000,5.3,9.0,1.8,193,17,5.9,10.8,2.0,195,17,5.3,9.0,1.8,193,17,795,29.25,,0,0,0,68.1,68.2,67.5,0.12,0.11,0.23
PENN,2017-08-21 11:55:00 EDT,42.65578,-76.98746,822,78.2,76.7,78.2,62.6,64.4,0.000,0.000,0.00,0.000,5.5,9.1,1.6,205,16,5.9,10.4,1.8,207,15,5.5,9.1,1.6,205,16,790,29.25,,0,0,0,68.1,68.2,67.5,0.12,0.11,0.23
PENN,2017-08-21 12:00:00 EDT,42.65578,-76.98746,822,78.6,77.2,78.6,61.8,64.4,0.000,0.000,0.00,0.000,5.8,9.9,1.6,234,16,6.1,10.0,1.6,237,17,5.8,9.9,1.6,234,16,797,29.25,,0,0,0,68.2,68.2,67.5,0.12,0.10,0.23
PENN,2017-08-21 12:05:00 EDT,42.65578,-76.98746,822,79.0,77.5,79.0,62.1,64.9,0.000,0.000,0.00,0.000,5.3,9.6,1.9,243,21,5.9,10.5,2.2,247,19,5.3,9.6,1.9,243,21,799,29.25,,0,0,0,68.3,68.2,67.5,0.12,0.10,0.23
PENN,2017-08-21 12:10:00 EDT,42.65578,-76.98746,822,79.4,77.8,79.4,61.4,65.0,0.000,0.000,0.00,0.000,9.0,13.3,2.2,244,12,9.2,12.6,2.1,246,12,9.0,13.3,2.2,244,12,796,29.25,,0,0,0,68.4,68.2,67.5,0.12,0.10,0.23
PENN,2017-08-21 12:15:00 EDT,42.65578,-76.98746,822,79.5,78.0,79.5,61.6,65.2,0.000,0.000,0.00,0.000,9.5,12.9,1.7,239,12,9.9,13.4,1.7,242,12,9.5,12.9,1.7,239,12,799,29.25,,0,0,0,68.5,68.2,67.5,0.12,0.10,0.23
PENN,2017-08-21 12:20:00 EDT,42.65578,-76.98746,822,79.5,78.0,79.5,61.4,65.1,0.000,0.000,0.00,0.000,8.9,12.9,1.5,224,13,9.2,14.3,1.5,226,12,8.9,12.9,1.5,224,13,807,29.25,,0,0,0,68.6,68.2,67.5,0.12,0.10,0.23
PENN,2017-08-21 12:25:00 EDT,42.65578,-76.98746,822,80.0,78.8,81.9,60.5,65.1,0.000,0.000,0.00,0.000,9.0,14.2,2.3,236,11,9.3,14.6,2.2,239,11,9.0,14.2,2.3,236,11,809,29.25,,0,0,0,68.6,68.2,67.5,0.12,0.10,0.23
PENN,2017-08-21 12:30:00 EDT,42.65578,-76.98746,822,80.5,79.1,82.5,60.4,65.5,0.000,0.000,0.00,0.000,9.7,15.2,2.3,224,12,9.9,15.9,2.4,226,10,9.7,15.2,2.3,224,12,813,29.25,,0,0,0,68.8,68.2,67.5,0.12,0.10,0.23
PENN,2017-08-21 12:35:00 EDT,42.65578,-76.98746,822,80.3,78.9,82.1,59.3,64.8,0.000,0.000,0.00,0.000,10.9,15.1,1.5,230,13,10.9,14.9,1.4,231,13,10.9,15.1,1.5,230,13,820,29.25,,0,0,0,68.9,68.2,67.5,0.12,0.10,0.23
PENN,2017-08-21 12:40:00 EDT,42.65578,-76.98746,822,80.8,79.3,82.7,59.5,65.3,0.000,0.000,0.00,0.000,10.3,14.2,2.1,230,13,10.4,14.8,2.1,231,12,10.3,14.2,2.1,230,13,821,29.24,,0,0,0,69.1,68.2,67.5,0.11,0.10,0.23
PENN,2017-08-21 12:45:00 EDT,42.65578,-76.98746,822,81.0,79.4,82.9,58.6,65.1,0.000,0.000,0.00,0.000,10.3,13.6,1.5,207,11,10.8,15.0,1.6,207,10,10.3,13.6,1.5,207,11,829,29.24,,0,0,0,69.2,68.2,67.5,0.12,0.10,0.23
PENN,2017-08-21 12:50:00 EDT,42.65578,-76.98746,822,80.8,79.3,82.6,58.8,65.0,0.000,0.000,0.00,0.000,9.1,12.5,1.5,204,14,9.7,13.3,1.8,206,12,9.1,12.5,1.5,204,14,836,29.24,,0,0,0,69.3,68.2,67.4,0.12,0.10,0.23
PENN,2017-08-21 12:55:00 EDT,42.65578,-76.98746,822,81.3,79.8,83.2,58.8,65.5,0.000,0.000,0.00,0.000,9.3,12.9,1.7,199,13,10.0,14.7,1.9,201,11,9.3,12.9,1.7,199,13,858,29.24,,0,0,0,69.4,68.2,67.5,0.12,0.10,0.23
PENN,2017-08-21 13:00:00 EDT,42.65578,-76.98746,822,80.9,79.6,82.7,58.0,64.8,0.000,0.000,0.00,0.000,8.7,12.3,1.6,198,13,9.3,13.2,2.0,201,12,8.7,12.3,1.6,198,13,548,29.24,,0,0,0,69.6,68.2,67.5,0.12,0.10,0.23
PENN,2017-08-21 13:05:00 EDT,42.65578,-76.98746,822,80.9,79.5,82.6,58.2,64.8,0.000,0.000,0.00,0.000,8.5,10.9,1.3,199,12,9.3,13.0,1.7,201,11,8.5,10.9,1.3,199,12,678,29.23,,0,0,0,69.6,68.2,67.5,0.12,0.11,0.23
PENN,2017-08-21 13:10:00 EDT,42.65578,-76.98746,822,81.2,80.0,82.9,57.0,64.5,0.000,0.000,0.00,0.000,6.4,9.3,1.5,230,16,6.6,10.1,1.5,233,16,6.4,9.3,1.5,230,16,831,29.23,,0,0,0,70.0,68.2,67.5,0.12,0.11,0.23
PENN,2017-08-21 13:15:00 EDT,42.65578,-76.98746,822,81.9,80.4,83.8,57.6,65.4,0.000,0.000,0.00,0.000,5.0,9.1,1.5,203,23,5.5,8.5,1.4,205,22,5.0,9.1,1.5,203,23,804,29.23,,0,0,0,70.0,68.2,67.5,0.12,0.11,0.23
PENN,2017-08-21 13:20:00 EDT,42.65578,-76.98746,822,82.3,81.0,84.3,56.8,65.4,0.000,0.000,0.00,0.000,6.8,10.8,2.0,204,13,7.5,11.7,2.1,207,11,6.8,10.8,2.0,204,13,644,29.23,,0,0,0,70.1,68.2,67.5,0.12,0.11,0.23
PENN,2017-08-21 13:25:00 EDT,42.65578,-76.98746,822,81.1,80.4,82.8,57.1,64.5,0.000,0.000,0.00,0.000,6.9,10.6,1.7,225,19,7.4,11.2,1.6,228,20,6.9,10.6,1.7,225,19,285,29.23,,0,0,0,70.3,68.2,67.5,0.12,0.11,0.23
PENN,2017-08-21 13:30:00 EDT,42.65578,-76.98746,822,81.6,80.4,83.3,56.9,64.8,0.000,0.000,0.00,0.000,3.1,6.6,1.7,234,34,3.5,7.4,1.8,240,36,3.1,6.6,1.7,234,34,791,29.23,,0,0,0,70.4,68.2,67.5,0.12,0.11,0.23
PENN,2017-08-21 13:35:00 EDT,42.65578,-76.98746,822,82.9,81.1,84.5,54.2,64.6,0.000,0.000,0.00,0.000,5.1,7.2,1.0,262,14,5.6,8.3,1.2,266,14,5.1,7.2,1.0,262,14,745,29.23,,0,0,0,70.6,68.2,67.5,0.12,0.11,0.23
PENN,2017-08-21 13:40:00 EDT,42.65578,-76.98746,822,82.2,81.2,83.5,53.0,63.4,0.000,0.000,0.00,0.000,3.4,6.6,1.2,246,16,3.7,8.8,1.5,249,14,3.4,6.6,1.2,246,16,712,29.23,,0,0,0,70.7,68.2,67.5,0.12,0.11,0.23
PENN,2017-08-21 13:45:00 EDT,42.65578,-76.98746,822,82.4,81.3,83.6,52.2,63.1,0.000,0.000,0.00,0.000,3.5,7.9,2.1,235,22,3.8,8.7,2.3,241,21,3.5,7.9,2.1,235,22,667,29.23,,0,0,0,70.8,68.2,67.5,0.12,0.11,0.23
PENN,2017-08-21 13:50:00 EDT,42.65578,-76.98746,822,82.6,81.6,83.8,52.1,63.3,0.000,0.000,0.00,0.000,4.0,6.2,1.1,254,11,4.5,6.9,1.2,259,12,4.0,6.2,1.1,254,11,617,29.22,,0,0,0,70.8,68.2,67.5,0.11,0.11,0.23
PENN,2017-08-21 13:55:00 EDT,42.65578,-76.98746,822,82.8,81.6,83.9,51.5,63.1,0.000,0.000,0.00,0.000,4.6,7.8,1.1,250,13,5.1,8.8,1.2,254,12,4.6,7.8,1.1,250,13,566,29.22,,0,0,0,71.0,68.2,67.4,0.12,0.11,0.23
PENN,2017-08-21 14:00:00 EDT,42.65578,-76.98746,822,82.8,81.5,84.0,51.9,63.3,0.000,0.000,0.00,0.000,4.3,6.7,1.2,259,12,4.9,7.4,1.2,262,12,4.3,6.7,1.2,259,12,513,29.22,,0,0,0,71.1,68.2,67.3,0.12,0.11,0.23
PENN,2017-08-21 14:05:00 EDT,42.65578,-76.98746,822,82.7,81.7,83.8,51.3,62.9,0.000,0.000,0.00,0.000,4.2,6.4,1.3,253,18,4.8,7.1,1.3,256,18,4.2,6.4,1.3,253,18,458,29.22,,0,0,0,71.3,68.2,67.3,0.12,0.10,0.23
PENN,2017-08-21 14:10:00 EDT,42.65578,-76.98746,822,82.1,81.6,83.1,51.3,62.4,0.000,0.000,0.00,0.000,5.5,6.9,0.8,242,9,5.9,8.1,0.9,246,9,5.5,6.9,0.8,242,9,406,29.22,,0,0,0,71.4,68.2,67.3,0.12,0.11,0.23
PENN,2017-08-21 14:15:00 EDT,42.65578,-76.98746,822,82.0,81.5,83.3,53.5,63.4,0.000,0.000,0.00,0.000,4.4,6.6,1.2,226,13,4.8,7.9,1.2,229,13,4.4,6.6,1.2,226,13,355,29.22,,0,0,0,71.4,68.2,67.2,0.12,0.11,0.23
PENN,2017-08-21 14:20:00 EDT,42.65578,-76.98746,822,81.6,81.2,82.9,53.3,63.0,0.000,0.000,0.00,0.000,4.3,6.6,1.2,242,11,4.6,7.7,1.2,246,11,4.3,6.6,1.2,242,11,308,29.22,,0,0,0,71.4,68.2,67.3,0.12,0.11,0.23
PENN,2017-08-21 14:25:00 EDT,42.65578,-76.98746,822,81.5,81.2,82.9,54.9,63.7,0.000,0.000,0.00,0.000,3.8,5.6,0.9,218,19,4.0,6.1,1.0,222,19,3.8,5.6,0.9,218,19,265,29.22,,0,0,0,71.5,68.2,67.2,0.12,0.10,0.23
PENN,2017-08-21 14:30:00 EDT,42.65578,-76.98746,822,81.3,81.3,82.7,54.6,63.4,0.000,0.000,0.00,0.000,4.5,6.7,1.1,228,11,4.7,7.2,1.2,230,11,4.5,6.7,1.1,228,11,233,29.22,,0,0,0,71.6,68.2,67.2,0.12,0.10,0.23
PENN,2017-08-21 14:35:00 EDT,42.65578,-76.98746,822,81.1,81.1,82.4,54.9,63.3,0.000,0.000,0.00,0.000,4.3,6.6,0.7,236,8,4.4,6.9,0.7,238,8,4.3,6.6,0.7,236,8,212,29.22,,0,0,0,71.6,68.2,67.2,0.12,0.11,0.23
PENN,2017-08-21 14:40:00 EDT,42.65578,-76.98746,822,80.8,80.9,82.5,57.6,64.5,0.000,0.000,0.00,0.000,2.5,4.0,0.5,233,13,2.6,4.3,0.6,235,13,2.5,4.0,0.5,233,13,204,29.22,,0,0,0,71.6,68.2,67.2,0.11,0.10,0.23
PENN,2017-08-21 14:45:00 EDT,42.65578,-76.98746,822,81.1,80.9,82.9,58.4,65.1,0.000,0.000,0.00,0.000,2.2,3.2,0.5,197,29,2.3,3.7,0.6,195,31,2.2,3.2,0.5,197,29,210,29.21,,0,0,0,71.6,68.2,67.2,0.12,0.10,0.23
PENN,2017-08-21 14:50:00 EDT,42.65578,-76.98746,822,80.7,80.0,83.2,63.8,67.3,0.000,0.000,0.00,0.000,2.5,5.8,1.0,123,16,2.9,6.0,1.1,126,14,2.5,5.8,1.0,123,16,228,29.21,,0,0,0,71.6,68.2,67.2,0.12,0.10,0.23
PENN,2017-08-21 14:55:00 EDT,42.65578,-76.98746,822,80.5,79.8,83.2,65.8,68.0,0.000,0.000,0.00,0.000,4.4,7.7,1.1,149,14,4.7,9.4,1.3,151,14,4.4,7.7,1.1,149,14,257,29.21,,0,0,0,71.7,68.2,67.2,0.12,0.10,0.23
PENN,2017-08-21 15:00:00 EDT,42.65578,-76.98746,822,80.4,79.4,83.2,67.3,68.6,0.000,0.000,0.00,0.000,6.0,9.0,1.2,149,8,6.3,9.6,1.2,150,9,6.0,9.0,1.2,149,8,295,29.21,,0,0,0,71.7,68.3,67.2,0.12,0.10,0.23
PENN,2017-08-21 15:05:00 EDT,42.65578,-76.98746,822,80.7,79.5,83.7,67.9,69.1,0.000,0.000,0.00,0.000,5.2,7.5,1.0,148,9,5.6,7.9,0.9,149,9,5.2,7.5,1.0,148,9,337,29.21,,0,0,0,71.7,68.2,67.2,0.12,0.10,0.23
PENN,2017-08-21 15:10:00 EDT,42.65578,-76.98746,822,81.2,79.9,84.6,67.9,69.6,0.000,0.000,0.00,0.000,4.0,5.8,0.8,154,10,4.4,6.0,0.8,156,11,4.0,5.8,0.8,154,10,381,29.21,,0,0,0,71.7,68.4,67.2,0.12,0.10,0.23
PENN,2017-08-21 15:15:00 EDT,42.65578,-76.98746,822,81.6,80.2,85.2,67.8,69.9,0.000,0.000,0.00,0.000,4.0,5.3,0.8,153,15,4.4,7.1,0.9,156,16,4.0,5.3,0.8,153,15,419,29.20,,0,0,0,71.7,68.4,67.2,0.11,0.10,0.23
PENN,2017-08-21 15:20:00 EDT,42.65578,-76.98746,822,82.0,80.6,85.8,67.2,70.0,0.000,0.000,0.00,0.000,4.6,8.2,1.6,157,16,5.1,9.1,1.7,160,14,4.6,8.2,1.6,157,16,486,29.20,,0,0,0,71.8,68.5,67.2,0.12,0.11,0.23
PENN,2017-08-21 15:25:00 EDT,42.65578,-76.98746,822,82.1,80.3,85.9,66.2,69.7,0.000,0.000,0.00,0.000,6.0,8.3,1.4,153,10,6.3,8.7,1.3,154,10,6.0,8.3,1.4,153,10,435,29.20,,0,0,0,71.8,68.5,67.2,0.12,0.10,0.23
PENN,2017-08-21 15:30:00 EDT,42.65578,-76.98746,822,81.9,80.4,85.7,67.3,70.0,0.000,0.000,0.00,0.000,5.0,7.6,1.0,162,13,5.7,8.3,1.2,165,13,5.0,7.6,1.0,162,13,465,29.20,,0,0,0,71.8,68.5,67.2,0.11,0.10,0.23
PENN,2017-08-21 15:35:00 EDT,42.65578,-76.98746,822,82.4,80.6,86.3,66.0,69.9,0.000,0.000,0.00,0.000,4.6,6.9,1.3,158,12,5.3,8.4,1.4,161,11,4.6,6.9,1.3,158,12,517,29.20,,0,0,0,71.8,68.5,67.1,0.12,0.11,0.23
PENN,2017-08-21 15:40:00 EDT,42.65578,-76.98746,822,82.7,81.3,86.9,66.1,70.3,0.000,0.000,0.00,0.000,4.4,7.1,1.3,165,17,5.0,8.1,1.4,166,16,4.4,7.1,1.3,165,17,557,29.20,,0,0,0,71.8,68.5,67.1,0.11,0.11,0.23
PENN,2017-08-21 15:45:00 EDT,42.65578,-76.98746,822,83.3,81.4,87.4,64.1,69.9,0.000,0.000,0.00,0.000,5.1,6.4,1.1,164,14,5.8,7.5,1.1,167,14,5.1,6.4,1.1,164,14,614,29.20,,0,0,0,71.9,68.5,67.1,0.12,0.10,0.23
PENN,2017-08-21 15:50:00 EDT,42.65578,-76.98746,822,84.1,82.4,89.0,64.3,70.8,0.000,0.000,0.00,0.000,3.3,5.7,1.1,173,18,3.7,6.7,1.2,176,18,3.3,5.7,1.1,173,18,642,29.20,,0,0,0,71.9,68.5,67.1,0.11,0.11,0.23
PENN,2017-08-21 15:55:00 EDT,42.65578,-76.98746,822,83.9,82.3,87.7,61.4,69.2,0.000,0.000,0.00,0.000,4.5,6.0,0.8,178,20,5.0,6.8,0.9,181,20,4.5,6.0,0.8,178,20,642,29.20,,0,0,0,72.2,68.5,67.1,0.12,0.11,0.23
PENN,2017-08-21 16:00:00 EDT,42.65578,-76.98746,822,83.6,82.4,87.0,60.2,68.4,0.000,0.000,0.00,0.000,1.9,5.6,1.3,200,27,2.3,6.7,1.4,203,28,1.9,5.6,1.3,200,27,624,29.20,,0,0,0,72.3,68.5,67.1,0.11,0.11,0.23
PENN,2017-08-21 16:05:00 EDT,42.65578,-76.98746,822,84.1,82.7,88.1,61.3,69.4,0.000,0.000,0.00,0.000,5.9,10.2,2.1,198,21,6.6,11.0,2.1,199,21,5.9,10.2,2.1,198,21,577,29.20,,0,0,0,72.3,68.5,67.1,0.12,0.11,0.23
PENN,2017-08-21 16:10:00 EDT,42.65578,-76.98746,822,84.5,83.2,88.3,59.8,69.0,0.000,0.000,0.00,0.000,5.8,9.5,1.4,264,15,6.3,10.4,1.5,269,15,5.8,9.5,1.4,264,15,575,29.20,,0,0,0,72.3,68.5,67.1,0.12,0.11,0.23
PENN,2017-08-21 16:15:00 EDT,42.65578,-76.98746,822,84.7,83.7,88.4,58.6,68.6,0.000,0.000,0.00,0.000,6.1,9.6,1.6,276,24,6.6,9.8,1.6,280,22,6.1,9.6,1.6,276,24,540,29.20,,0,0,0,72.4,68.5,67.1,0.12,0.11,0.23
PENN,2017-08-21 16:20:00 EDT,42.65578,-76.98746,822,84.5,83.4,87.6,56.9,67.6,0.000,0.000,0.00,0.000,4.9,8.7,1.9,283,17,5.2,8.6,1.9,287,16,4.9,8.7,1.9,283,17,556,29.20,,0,0,0,72.4,68.5,67.1,0.12,0.11,0.23
PENN,2017-08-21 16:25:00 EDT,42.65578,-76.98746,822,84.7,83.4,87.9,56.9,67.7,0.000,0.000,0.00,0.000,7.2,10.3,1.7,281,10,7.8,11.4,1.8,285,9,7.2,10.3,1.7,281,10,560,29.20,,0,0,0,72.5,68.5,67.1,0.12,0.11,0.23
PENN,2017-08-21 16:30:00 EDT,42.65578,-76.98746,822,85.0,83.6,88.1,56.5,67.8,0.000,0.000,0.00,0.000,7.3,11.0,1.8,281,16,7.9,12.2,2.0,284,15,7.3,11.0,1.8,281,16,603,29.20,,0,0,0,72.6,68.5,67.1,0.12,0.11,0.23
PENN,2017-08-21 16:35:00 EDT,42.65578,-76.98746,822,85.0,83.6,88.3,57.1,68.1,0.000,0.000,0.00,0.000,6.7,9.5,1.5,286,13,7.2,10.5,1.6,290,13,6.7,9.5,1.5,286,13,588,29.19,,0,0,0,72.6,68.5,67.1,0.12,0.11,0.23
PENN,2017-08-21 16:40:00 EDT,42.65578,-76.98746,822,85.2,83.9,88.4,56.4,67.9,0.000,0.000,0.00,0.000,3.5,6.8,1.3,274,20,4.0,8.0,1.4,278,19,3.5,6.8,1.3,274,20,460,29.19,,0,0,0,72.7,68.5,67.1,0.12,0.11,0.23
PENN,2017-08-21 16:45:00 EDT,42.65578,-76.98746,822,84.7,83.7,87.9,56.7,67.7,0.000,0.000,0.00,0.000,5.1,8.3,1.6,269,14,5.7,9.5,1.9,274,14,5.1,8.3,1.6,269,14,589,29.19,,0,0,0,72.7,68.5,67.1,0.12,0.11,0.23
PENN,2017-08-21 16:50:00 EDT,42.65578,-76.98746,822,84.8,83.7,87.9,56.3,67.6,0.000,0.000,0.00,0.000,5.8,8.7,1.2,268,18,6.3,9.7,1.4,272,17,5.8,8.7,1.2,268,18,437,29.19,,0,0,0,72.7,68.5,67.1,0.12,0.11,0.23
PENN,2017-08-21 16:55:00 EDT,42.65578,-76.98746,822,84.6,83.7,87.6,56.4,67.4,0.000,0.000,0.00,0.000,4.7,8.4,1.9,281,26,5.2,9.2,2.1,285,25,4.7,8.4,1.9,281,26,471,29.19,,0,0,0,72.7,68.5,67.1,0.12,0.11,0.23
PENN,2017-08-21 17:00:00 EDT,42.65578,-76.98746,822,84.9,83.9,88.3,57.2,68.1,0.000,0.000,0.00,0.000,4.0,6.4,1.0,317,36,4.3,7.6,1.1,321,36,4.0,6.4,1.0,317,36,484,29.19,,0,0,0,72.8,68.5,67.1,0.12,0.11,0.23
PENN,2017-08-21 17:05:00 EDT,42.65578,-76.98746,822,84.9,84.0,88.0,56.4,67.7,0.000,0.000,0.00,0.000,3.6,9.3,2.2,270,49,4.1,9.8,2.3,273,50,3.6,9.3,2.2,270,49,447,29.19,,0,0,0,73.0,68.5,67.1,0.12,0.11,0.23
PENN,2017-08-21 17:10:00 EDT,42.65578,-76.98746,822,85.3,84.3,88.4,55.5,67.6,0.000,0.000,0.00,0.000,7.1,9.1,1.0,271,13,7.7,9.7,1.2,276,12,7.1,9.1,1.0,271,13,541,29.19,,0,0,0,73.0,68.5,67.1,0.12,0.11,0.23
PENN,2017-08-21 17:15:00 EDT,42.65578,-76.98746,822,85.1,84.0,87.6,53.9,66.5,0.000,0.000,0.00,0.000,4.7,8.6,1.6,269,9,5.1,9.5,1.7,273,9,4.7,8.6,1.6,269,9,423,29.19,,0,0,0,73.0,68.5,67.1,0.12,0.11,0.23
PENN,2017-08-21 17:20:00 EDT,42.65578,-76.98746,822,85.2,84.1,88.0,54.5,67.0,0.000,0.000,0.00,0.000,5.1,8.0,1.4,278,10,5.5,9.2,1.4,282,10,5.1,8.0,1.4,278,10,444,29.19,,0,0,0,73.0,68.6,67.1,0.12,0.11,0.23
PENN,2017-08-21 17:25:00 EDT,42.65578,-76.98746,822,85.0,84.0,87.7,54.6,66.8,0.000,0.000,0.00,0.000,4.9,8.5,1.7,273,9,5.4,9.1,1.8,278,7,4.9,8.5,1.7,273,9,414,29.18,,0,0,0,73.0,68.6,67.1,0.12,0.11,0.23
PENN,2017-08-21 17:30:00 EDT,42.65578,-76.98746,822,84.6,83.9,86.9,54.2,66.2,0.000,0.000,0.00,0.000,4.2,6.0,0.9,298,11,4.4,6.3,1.0,303,12,4.2,6.0,0.9,298,11,390,29.18,,0,0,0,73.0,68.6,67.1,0.12,0.11,0.23
PENN,2017-08-21 17:35:00 EDT,42.65578,-76.98746,822,84.5,84.1,87.2,55.6,66.9,0.000,0.000,0.00,0.000,5.3,7.6,1.1,306,13,5.5,8.2,1.1,310,13,5.3,7.6,1.1,306,13,376,29.18,,0,0,0,73.1,68.7,67.1,0.12,0.11,0.23
PENN,2017-08-21 17:40:00 EDT,42.65578,-76.98746,822,84.4,84.1,86.8,55.0,66.4,0.000,0.000,0.00,0.000,6.2,9.9,1.7,299,12,6.5,10.8,1.8,304,13,6.2,9.9,1.7,299,12,357,29.18,,0,0,0,73.1,68.8,67.1,0.12,0.11,0.23
PENN,2017-08-21 17:45:00 EDT,42.65578,-76.98746,822,84.5,84.2,86.6,53.4,65.7,0.000,0.000,0.00,0.000,6.0,10.9,1.9,283,16,6.3,11.4,2.0,287,16,6.0,10.9,1.9,283,16,342,29.18,,0,0,0,73.1,68.9,67.1,0.12,0.10,0.23
PENN,2017-08-21 17:50:00 EDT,42.65578,-76.98746,822,84.8,84.4,87.2,54.0,66.3,0.000,0.000,0.00,0.000,5.6,7.4,1.2,289,10,6.0,8.7,1.3,292,9,5.6,7.4,1.2,289,10,327,29.18,,0,0,0,73.1,68.9,67.1,0.11,0.10,0.23
PENN,2017-08-21 17:55:00 EDT,42.65578,-76.98746,822,84.6,84.2,87.1,54.5,66.4,0.000,0.000,0.00,0.000,5.6,8.5,1.3,282,11,6.1,9.7,1.4,285,11,5.6,8.5,1.3,282,11,310,29.18,,0,0,0,73.1,68.9,67.1,0.11,0.10,0.23
PENN,2017-08-21 18:00:00 EDT,42.65578,-76.98746,822,84.3,84.0,86.4,54.1,65.8,0.000,0.000,0.00,0.000,7.4,10.3,1.5,282,12,7.9,11.9,1.7,285,11,7.4,10.3,1.5,282,12,294,29.18,,0,0,0,73.1,68.9,67.1,0.12,0.11,0.23
PENN,2017-08-21 18:05:00 EDT,42.65578,-76.98746,822,84.1,83.9,85.9,53.0,65.1,0.000,0.000,0.00,0.000,6.6,9.5,1.4,269,11,7.2,10.4,1.5,274,9,6.6,9.5,1.4,269,11,276,29.18,,0,0,0,73.1,68.9,67.1,0.12,0.10,0.23
PENN,2017-08-21 18:10:00 EDT,42.65578,-76.98746,822,83.9,83.9,86.1,54.6,65.8,0.000,0.000,0.00,0.000,6.2,9.0,1.4,287,9,6.6,9.7,1.4,290,8,6.2,9.0,1.4,287,9,260,29.18,,0,0,0,73.1,68.9,67.1,0.11,0.10,0.23
PENN,2017-08-21 18:15:00 EDT,42.65578,-76.98746,822,83.6,83.7,85.7,54.8,65.7,0.000,0.000,0.00,0.000,6.3,8.9,1.5,284,16,6.7,9.6,1.7,287,16,6.3,8.9,1.5,284,16,243,29.18,,0,0,0,73.1,68.9,67.1,0.11,0.11,0.23
PENN,2017-08-21 18:20:00 EDT,42.65578,-76.98746,822,83.5,83.7,85.7,55.6,65.9,0.000,0.000,0.00,0.000,6.2,8.6,1.3,293,12,6.5,8.7,1.3,297,10,6.2,8.6,1.3,293,12,231,29.18,,0,0,0,73.1,68.9,67.1,0.11,0.11,0.23
PENN,2017-08-21 18:25:00 EDT,42.65578,-76.98746,822,83.4,83.5,85.5,55.5,65.8,0.000,0.000,0.00,0.000,7.5,10.5,1.4,281,8,8.1,11.4,1.6,284,7,7.5,10.5,1.4,281,8,220,29.18,,0,0,0,73.1,68.9,67.1,0.11,0.10,0.23
PENN,2017-08-21 18:30:00 EDT,42.65578,-76.98746,822,83.2,83.4,85.2,55.8,65.8,0.000,0.000,0.00,0.000,6.7,9.6,1.4,280,13,7.2,10.6,1.4,283,11,6.7,9.6,1.4,280,13,207,29.18,,0,0,0,73.0,68.9,67.1,0.12,0.10,0.23
PENN,2017-08-21 18:35:00 EDT,42.65578,-76.98746,822,83.0,83.2,85.3,57.1,66.2,0.000,0.000,0.00,0.000,7.9,11.4,1.7,272,11,8.5,12.7,1.8,275,10,7.9,11.4,1.7,272,11,192,29.18,,0,0,0,73.0,68.9,67.1,0.12,0.10,0.23
PENN,2017-08-21 18:40:00 EDT,42.65578,-76.98746,822,83.0,83.2,85.1,56.6,65.9,0.000,0.000,0.00,0.000,5.9,7.5,1.0,283,7,6.3,8.1,1.1,287,7,5.9,7.5,1.0,283,7,176,29.18,,0,0,0,73.0,68.9,67.1,0.12,0.10,0.23
PENN,2017-08-21 18:45:00 EDT,42.65578,-76.98746,822,82.7,83.0,84.9,57.5,66.2,0.000,0.000,0.00,0.000,4.3,6.3,0.8,291,11,4.6,6.6,1.0,295,10,4.3,6.3,0.8,291,11,163,29.18,,0,0,0,73.0,68.9,67.1,0.12,0.10,0.23
PENN,2017-08-21 18:50:00 EDT,42.65578,-76.98746,822,82.4,83.0,84.6,58.3,66.3,0.000,0.000,0.00,0.000,5.2,7.5,1.0,302,11,5.4,8.0,1.1,306,10,5.2,7.5,1.0,302,11,150,29.18,,0,0,0,73.0,68.9,67.1,0.12,0.10,0.23
PENN,2017-08-21 18:55:00 EDT,42.65578,-76.98746,822,82.0,82.6,84.4,59.4,66.5,0.000,0.000,0.00,0.000,4.5,7.3,0.8,300,11,4.8,7.6,0.8,305,11,4.5,7.3,0.8,300,11,134,29.18,,0,0,0,72.9,68.9,67.1,0.11,0.10,0.23
PENN,2017-08-21 19:00:00 EDT,42.65578,-76.98746,822,81.6,82.3,84.1,60.9,66.9,0.000,0.000,0.00,0.000,4.5,6.2,0.6,305,8,4.7,6.4,0.6,310,7,4.5,6.2,0.6,305,8,120,29.18,,0,0,0,72.7,68.9,67.1,0.12,0.10,0.23
PENN,2017-08-21 19:05:00 EDT,42.65578,-76.98746,822,81.0,81.9,83.4,62.6,67.0,0.000,0.000,0.00,0.000,4.5,6.2,0.6,322,8,4.7,6.5,0.6,326,9,4.5,6.2,0.6,322,8,106,29.18,,0,0,0,72.7,68.9,67.1,0.12,0.10,0.23
PENN,2017-08-21 19:10:00 EDT,42.65578,-76.98746,822,80.5,81.4,83.0,64.8,67.5,0.000,0.000,0.00,0.000,3.9,4.7,0.4,336,7,4.5,6.0,0.5,342,7,3.9,4.7,0.4,336,7,91,29.18,,0,0,0,72.7,69.0,67.1,0.12,0.10,0.23
PENN,2017-08-21 19:15:00 EDT,42.65578,-76.98746,822,80.1,81.0,82.6,65.7,67.6,0.000,0.000,0.00,0.000,3.5,6.3,0.7,332,10,4.0,7.1,0.8,339,9,3.5,6.3,0.7,332,10,70,29.18,,0,0,0,72.7,69.1,67.1,0.12,0.10,0.23
PENN,2017-08-21 19:20:00 EDT,42.65578,-76.98746,822,79.5,80.6,79.5,66.2,67.2,0.000,0.000,0.00,0.000,4.3,6.3,0.5,333,8,4.9,6.5,0.6,339,6,4.3,6.3,0.5,333,8,61,29.18,,0,0,0,72.6,69.2,67.1,0.12,0.10,0.23
PENN,2017-08-21 19:25:00 EDT,42.65578,-76.98746,822,78.9,80.5,78.9,67.7,67.3,0.000,0.000,0.00,0.000,4.4,5.8,0.3,335,5,5.0,6.5,0.5,342,5,4.4,5.8,0.3,335,5,39,29.18,,0,0,0,72.5,69.2,67.1,0.12,0.10,0.23
PENN,2017-08-21 19:30:00 EDT,42.65578,-76.98746,822,78.3,79.7,78.3,70.2,67.8,0.000,0.000,0.00,0.000,3.2,4.0,0.3,10,12,3.6,5.3,0.4,12,12,3.2,4.0,0.3,10,12,28,29.18,,0,0,0,72.6,69.2,67.1,0.12,0.11,0.23
PENN,2017-08-21 19:35:00 EDT,42.65578,-76.98746,822,77.8,79.4,77.8,72.4,68.2,0.000,0.000,0.00,0.000,2.6,3.1,0.3,10,9,2.9,3.9,0.3,13,9,2.6,3.1,0.3,10,9,22,29.18,,0,0,0,72.5,69.2,67.1,0.12,0.10,0.23
PENN,2017-08-21 19:40:00 EDT,42.65578,-76.98746,822,77.4,79.4,77.4,73.7,68.3,0.000,0.000,0.00,0.000,2.4,2.7,0.1,15,5,2.7,3.2,0.2,19,7,2.4,2.7,0.1,15,5,19,29.18,,0,0,0,72.5,69.3,67.1,0.12,0.10,0.23
PENN,2017-08-21 19:45:00 EDT,42.65578,-76.98746,822,76.7,79.2,76.7,75.1,68.3,0.000,0.000,0.00,0.000,2.1,2.6,0.2,34,8,2.2,2.8,0.2,39,7,2.1,2.6,0.2,34,8,16,29.18,,0,0,0,72.4,69.3,67.1,0.11,0.10,0.23
PENN,2017-08-21 19:50:00 EDT,42.65578,-76.98746,822,76.2,79.0,76.2,76.5,68.2,0.000,0.000,0.00,0.000,2.0,2.4,0.2,51,9,2.1,2.8,0.2,53,9,2.0,2.4,0.2,51,9,13,29.18,,0,0,0,72.3,69.3,67.1,0.12,0.10,0.23
PENN,2017-08-21 19:55:00 EDT,42.65578,-76.98746,822,75.4,78.5,75.4,79.5,68.6,0.000,0.000,0.00,0.000,2.3,3.1,0.4,110,13,2.6,3.4,0.3,114,14,2.3,3.1,0.4,110,13,9,29.18,,0,0,0,72.3,69.3,67.1,0.12,0.10,0.23
PENN,2017-08-21 20:00:00 EDT,42.65578,-76.98746,822,74.9,77.4,74.9,80.9,68.7,0.000,0.000,0.00,0.000,4.7,7.2,1.0,135,13,5.1,8.1,1.2,138,11,4.7,7.2,1.0,135,13,4,29.18,,0,0,0,72.3,69.3,67.1,0.12,0.10,0.23
PENN,2017-08-21 20:05:00 EDT,42.65578,-76.98746,822,75.4,77.4,75.4,81.0,69.2,0.000,0.000,0.00,0.000,5.4,8.1,0.9,152,6,5.7,9.1,1.1,152,7,5.4,8.1,0.9,152,6,3,29.18,,0,0,0,72.2,69.3,67.1,0.12,0.10,0.23
PENN,2017-08-21 20:10:00 EDT,42.65578,-76.98746,822,76.0,77.3,76.0,80.3,69.5,0.000,0.000,0.00,0.000,3.8,6.3,0.9,172,10,4.3,6.8,1.0,174,10,3.8,6.3,0.9,172,10,2,29.18,,0,0,0,72.1,69.3,67.1,0.12,0.11,0.23
PENN,2017-08-21 20:15:00 EDT,42.65578,-76.98746,822,74.6,76.4,74.6,80.8,68.3,0.000,0.000,0.00,0.000,4.1,5.0,0.4,187,4,4.6,5.5,0.4,190,5,4.1,5.0,0.4,187,4,1,29.18,,0,0,0,71.9,69.3,67.1,0.11,0.10,0.23
PENN,2017-08-21 20:20:00 EDT,42.65578,-76.98746,822,73.7,75.8,73.7,83.4,68.4,0.000,0.000,0.00,0.000,4.9,5.9,0.4,186,5,5.5,6.5,0.5,190,5,4.9,5.9,0.4,186,5,1,29.18,,0,0,0,71.8,69.3,67.1,0.12,0.11,0.23
PENN,2017-08-21 20:25:00 EDT,42.65578,-76.98746,822,73.1,75.8,73.1,85.6,68.5,0.000,0.000,0.00,0.000,5.4,6.5,0.4,200,5,5.9,7.2,0.5,202,5,5.4,6.5,0.4,200,5,1,29.18,,0,0,0,71.8,69.3,67.1,0.12,0.10,0.23
PENN,2017-08-21 20:30:00 EDT,42.65578,-76.98746,822,73.3,75.9,73.3,85.0,68.5,0.000,0.000,0.00,0.000,5.9,6.8,0.4,190,3,6.5,7.5,0.4,193,2,5.9,6.8,0.4,190,3,0,29.18,,0,0,0,71.7,69.3,67.2,0.12,0.10,0.23
PENN,2017-08-21 20:35:00 EDT,42.65578,-76.98746,822,73.3,76.0,73.3,85.1,68.5,0.000,0.000,0.00,0.000,5.6,6.2,0.2,187,2,6.2,7.1,0.2,190,3,5.6,6.2,0.2,187,2,0,29.19,,0,0,0,71.7,69.3,67.2,0.12,0.10,0.23
PENN,2017-08-21 20:40:00 EDT,42.65578,-76.98746,822,72.6,74.2,72.6,86.5,68.4,0.000,0.000,0.00,0.000,5.2,6.4,0.5,164,11,5.7,7.2,0.6,165,12,5.2,6.4,0.5,164,11,0,29.19,,0,0,0,71.6,69.3,67.2,0.12,0.10,0.23
PENN,2017-08-21 20:45:00 EDT,42.65578,-76.98746,822,72.4,73.8,72.4,87.6,68.5,0.000,0.000,0.00,0.000,6.4,8.1,0.7,180,11,7.1,8.8,0.8,183,11,6.4,8.1,0.7,180,11,0,29.19,,0,0,0,71.6,69.3,67.2,0.12,0.10,0.23
PENN,2017-08-21 20:50:00 EDT,42.65578,-76.98746,822,72.3,74.8,72.3,87.9,68.6,0.000,0.000,0.00,0.000,5.6,6.4,0.6,186,3,6.1,7.2,0.6,190,3,5.6,6.4,0.6,186,3,0,29.19,,0,0,0,71.5,69.3,67.2,0.12,0.11,0.23
PENN,2017-08-21 20:55:00 EDT,42.65578,-76.98746,822,72.4,74.9,72.4,86.6,68.1,0.000,0.000,0.00,0.000,5.1,5.7,0.3,187,3,5.6,6.3,0.3,191,3,5.1,5.7,0.3,187,3,0,29.19,,0,0,0,71.4,69.3,67.2,0.12,0.10,0.23
PENN,2017-08-21 21:00:00 EDT,42.65578,-76.98746,822,72.1,75.0,72.1,87.1,68.0,0.000,0.000,0.00,0.000,5.6,6.3,0.4,193,3,6.1,7.0,0.5,195,2,5.6,6.3,0.4,193,3,0,29.18,,0,0,0,71.4,69.3,67.2,0.12,0.10,0.23
PENN,2017-08-21 21:05:00 EDT,42.65578,-76.98746,822,72.2,75.0,72.2,86.8,68.1,0.000,0.000,0.00,0.000,6.2,7.1,0.4,196,2,6.6,7.7,0.4,198,1,6.2,7.1,0.4,196,2,0,29.18,,0,0,0,71.4,69.3,67.2,0.12,0.10,0.23
PENN,2017-08-21 21:10:00 EDT,42.65578,-76.98746,822,72.2,75.1,72.2,86.6,67.9,0.000,0.000,0.00,0.000,6.0,6.7,0.3,195,3,6.5,7.2,0.4,197,2,6.0,6.7,0.3,195,3,0,29.18,,0,0,0,71.4,69.3,67.2,0.11,0.11,0.23
PENN,2017-08-21 21:15:00 EDT,42.65578,-76.98746,822,72.0,74.7,72.0,86.6,67.7,0.000,0.000,0.00,0.000,6.3,6.7,0.2,199,2,6.8,7.3,0.2,200,2,6.3,6.7,0.2,199,2,0,29.18,,0,0,0,71.3,69.3,67.1,0.12,0.11,0.23
PENN,2017-08-21 21:20:00 EDT,42.65578,-76.98746,822,71.1,73.7,71.1,88.0,67.4,0.000,0.000,0.00,0.000,6.1,6.9,0.4,209,8,6.3,7.2,0.5,212,8,6.1,6.9,0.4,209,8,0,29.18,,0,0,0,71.3,69.3,67.2,0.11,0.11,0.23
PENN,2017-08-21 21:25:00 EDT,42.65578,-76.98746,822,70.3,73.3,70.3,90.2,67.3,0.000,0.000,0.00,0.000,5.2,6.2,0.4,207,5,5.5,7.0,0.5,211,6,5.2,6.2,0.4,207,5,0,29.18,,0,0,0,71.3,69.3,67.1,0.12,0.11,0.23
PENN,2017-08-21 21:30:00 EDT,42.65578,-76.98746,822,70.5,74.3,70.5,90.6,67.6,0.000,0.000,0.00,0.000,5.5,6.0,0.2,209,2,5.8,6.2,0.3,213,2,5.5,6.0,0.2,209,2,0,29.18,,0,0,0,71.2,69.3,67.2,0.11,0.10,0.23
PENN,2017-08-21 21:35:00 EDT,42.65578,-76.98746,822,70.5,73.4,70.5,90.1,67.4,0.000,0.000,0.00,0.000,4.9,5.1,0.2,213,15,5.2,6.0,0.3,216,15,4.9,5.1,0.2,213,15,0,29.19,,0,0,0,71.1,69.3,67.2,0.11,0.11,0.23
PENN,2017-08-21 21:40:00 EDT,42.65578,-76.98746,822,70.5,71.4,70.5,90.5,67.6,0.000,0.000,0.00,0.000,3.1,5.2,0.7,186,7,3.4,5.9,0.8,189,8,3.1,5.2,0.7,186,7,0,29.19,,0,0,0,71.1,69.4,67.3,0.11,0.10,0.23
PENN,2017-08-21 21:45:00 EDT,42.65578,-76.98746,822,70.1,71.2,70.1,91.6,67.6,0.000,0.000,0.00,0.000,5.6,7.2,1.0,176,4,6.1,7.9,1.0,179,3,5.6,7.2,1.0,176,4,0,29.18,,0,0,0,71.1,69.4,67.3,0.11,0.11,0.23
PENN,2017-08-21 21:50:00 EDT,42.65578,-76.98746,822,70.2,71.4,70.2,92.7,68.0,0.000,0.000,0.00,0.000,6.0,7.3,0.7,176,4,6.5,8.1,0.9,178,4,6.0,7.3,0.7,176,4,0,29.18,,0,0,0,71.0,69.5,67.4,0.12,0.11,0.23
PENN,2017-08-21 21:55:00 EDT,42.65578,-76.98746,822,70.1,71.0,70.1,93.0,68.0,0.000,0.000,0.00,0.000,6.3,7.8,0.7,179,4,6.8,8.1,0.7,182,4,6.3,7.8,0.7,179,4,0,29.18,,0,0,0,70.9,69.5,67.4,0.11,0.10,0.23
PENN,2017-08-21 22:00:00 EDT,42.65578,-76.98746,822,70.1,71.2,70.1,92.8,68.0,0.000,0.000,0.00,0.000,6.3,7.5,0.5,180,5,7.0,8.7,0.7,182,4,6.3,7.5,0.5,180,5,0,29.18,,0,0,0,70.9,69.5,67.4,0.11,0.11,0.23
PENN,2017-08-21 22:05:00 EDT,42.65578,-76.98746,822,70.1,71.6,70.1,92.7,67.9,0.000,0.000,0.00,0.000,5.7,6.8,0.6,184,6,6.2,7.4,0.7,187,6,5.7,6.8,0.6,184,6,1,29.19,,0,0,0,70.9,69.5,67.5,0.11,0.11,0.23
PENN,2017-08-21 22:10:00 EDT,42.65578,-76.98746,822,69.3,71.2,69.3,92.5,67.0,0.000,0.000,0.00,0.000,4.3,5.7,0.7,225,17,4.5,6.4,0.9,228,17,4.3,5.7,0.7,225,17,1,29.18,,0,0,0,70.8,69.5,67.4,0.11,0.10,0.23
PENN,2017-08-21 22:15:00 EDT,42.65578,-76.98746,822,69.4,71.6,69.4,93.8,67.6,0.000,0.000,0.00,0.000,5.7,6.3,0.3,243,4,6.1,7.2,0.5,246,4,5.7,6.3,0.3,243,4,1,29.18,,0,0,0,70.9,69.5,67.5,0.11,0.11,0.23
PENN,2017-08-21 22:20:00 EDT,42.65578,-76.98746,822,69.9,72.0,69.9,92.7,67.7,0.000,0.000,0.00,0.000,4.2,5.4,0.7,223,8,4.3,5.7,0.8,225,7,4.2,5.4,0.7,223,8,0,29.18,,0,0,0,70.8,69.6,67.4,0.11,0.11,0.23
PENN,2017-08-21 22:25:00 EDT,42.65578,-76.98746,822,69.6,71.9,69.6,92.3,67.3,0.000,0.000,0.00,0.000,3.8,4.2,0.1,202,4,4.1,4.7,0.2,203,5,3.8,4.2,0.1,202,4,1,29.18,,0,0,0,70.7,69.6,67.5,0.11,0.10,0.23
PENN,2017-08-21 22:30:00 EDT,42.65578,-76.98746,822,69.3,71.7,69.3,92.0,66.9,0.000,0.000,0.00,0.000,5.1,5.6,0.3,179,4,5.7,6.4,0.4,181,4,5.1,5.6,0.3,179,4,1,29.18,,0,0,0,70.7,69.6,67.4,0.11,0.11,0.23
PENN,2017-08-21 22:35:00 EDT,42.65578,-76.98746,822,70.0,72.4,70.0,92.3,67.6,0.000,0.000,0.00,0.000,4.9,5.7,0.3,202,6,5.2,6.1,0.3,205,7,4.9,5.7,0.3,202,6,0,29.18,,0,0,0,70.7,69.6,67.4,0.11,0.10,0.23
PENN,2017-08-21 22:40:00 EDT,42.65578,-76.98746,822,69.6,71.9,69.6,91.5,67.0,0.000,0.000,0.00,0.000,4.9,5.5,0.3,219,12,5.1,5.7,0.2,223,12,4.9,5.5,0.3,219,12,1,29.18,,0,0,0,70.7,69.6,67.4,0.11,0.10,0.23
PENN,2017-08-21 22:45:00 EDT,42.65578,-76.98746,822,69.0,71.9,69.0,92.2,66.7,0.000,0.000,0.00,0.000,4.9,5.6,0.2,232,13,5.0,6.1,0.4,235,13,4.9,5.6,0.2,232,13,1,29.18,,0,0,0,70.7,69.6,67.5,0.12,0.10,0.23
PENN,2017-08-21 22:50:00 EDT,42.65578,-76.98746,822,69.3,71.9,69.3,92.1,66.9,0.000,0.000,0.00,0.000,5.3,6.1,0.4,255,4,5.7,6.6,0.4,259,4,5.3,6.1,0.4,255,4,1,29.18,,0,0,0,70.6,69.6,67.5,0.11,0.10,0.23
PENN,2017-08-21 22:55:00 EDT,42.65578,-76.98746,822,69.9,72.6,69.9,90.2,66.8,0.000,0.000,0.00,0.000,5.0,6.0,0.4,243,8,5.3,6.7,0.6,246,10,5.0,6.0,0.4,243,8,1,29.18,,0,0,0,70.6,69.6,67.5,0.11,0.11,0.23
PENN,2017-08-21 23:00:00 EDT,42.65578,-76.98746,822,69.6,71.6,69.6,89.2,66.3,0.000,0.000,0.00,0.000,3.9,5.0,0.8,216,45,4.3,5.6,0.8,217,46,3.9,5.0,0.8,216,45,1,29.18,,0,0,0,70.5,69.6,67.5,0.12,0.11,0.23
PENN,2017-08-21 23:05:00 EDT,42.65578,-76.98746,822,68.7,70.7,68.7,91.2,66.0,0.000,0.000,0.00,0.000,2.4,3.4,0.4,201,26,2.5,3.5,0.5,202,26,2.4,3.4,0.4,201,26,1,29.18,,0,0,0,70.5,69.6,67.4,0.12,0.11,0.23
PENN,2017-08-21 23:10:00 EDT,42.65578,-76.98746,822,68.5,71.0,68.5,91.8,66.0,0.000,0.000,0.00,0.000,2.7,3.0,0.2,187,14,3.0,3.6,0.3,191,15,2.7,3.0,0.2,187,14,1,29.18,,0,0,0,70.4,69.6,67.5,0.11,0.11,0.23
PENN,2017-08-21 23:15:00 EDT,42.65578,-76.98746,822,68.8,71.7,68.8,93.0,66.7,0.000,0.000,0.00,0.000,3.2,3.6,0.2,186,8,3.6,4.1,0.2,190,8,3.2,3.6,0.2,186,8,1,29.18,,0,0,0,70.4,69.6,67.5,0.11,0.11,0.23
PENN,2017-08-21 23:20:00 EDT,42.65578,-76.98746,822,69.2,71.8,69.2,93.0,67.1,0.000,0.000,0.00,0.000,4.2,5.3,0.4,192,8,4.6,6.2,0.5,196,8,4.2,5.3,0.4,192,8,1,29.18,,0,0,0,70.3,69.6,67.5,0.11,0.11,0.23
PENN,2017-08-21 23:25:00 EDT,42.65578,-76.98746,822,69.0,71.3,69.0,92.4,66.7,0.000,0.000,0.00,0.000,3.8,4.4,0.2,192,11,4.1,5.0,0.3,195,11,3.8,4.4,0.2,192,11,1,29.18,,0,0,0,70.3,69.6,67.5,0.11,0.10,0.23
PENN,2017-08-21 23:30:00 EDT,42.65578,-76.98746,822,68.5,71.2,68.5,92.5,66.2,0.000,0.000,0.00,0.000,3.8,4.2,0.2,178,3,4.3,4.8,0.2,180,4,3.8,4.2,0.2,178,3,1,29.18,,0,0,0,70.3,69.6,67.5,0.12,0.11,0.23
PENN,2017-08-21 23:35:00 EDT,42.65578,-76.98746,822,68.7,71.2,68.7,93.3,66.7,0.000,0.000,0.00,0.000,3.1,3.9,0.4,186,4,3.4,4.4,0.6,190,5,3.1,3.9,0.4,186,4,1,29.18,,0,0,0,70.2,69.6,67.5,0.12,0.11,0.23
PENN,2017-08-21 23:40:00 EDT,42.65578,-76.98746,822,69.3,71.1,69.3,92.5,67.0,0.000,0.000,0.00,0.000,2.7,3.4,0.3,206,8,2.8,3.7,0.4,209,7,2.7,3.4,0.3,206,8,1,29.18,,0,0,0,70.2,69.6,67.5,0.11,0.11,0.23
PENN,2017-08-21 23:45:00 EDT,42.65578,-76.98746,822,68.6,70.9,68.6,92.8,66.4,0.000,0.000,0.00,0.000,2.5,3.0,0.2,236,12,2.5,3.4,0.3,238,13,2.5,3.0,0.2,236,12,1,29.18,,0,0,0,70.2,69.6,67.5,0.12,0.11,0.23
PENN,2017-08-21 23:50:00 EDT,42.65578,-76.98746,822,68.3,70.7,68.3,93.3,66.3,0.000,0.000,0.00,0.000,3.3,4.3,0.6,263,4,3.6,4.7,0.6,267,4,3.3,4.3,0.6,263,4,1,29.17,,0,0,0,70.1,69.6,67.5,0.12,0.11,0.23
PENN,2017-08-21 23:55:00 EDT,42.65578,-76.98746,822,68.0,70.4,68.0,92.5,65.7,0.000,0.000,0.00,0.000,4.9,5.6,0.4,262,2,5.3,6.0,0.4,266,2,4.9,5.6,0.4,262,2,1,29.17,,0,0,0,70.1,69.6,67.5,0.11,0.11,0.23
PHIL,2017-08-21 00:00:00 EDT,44.19354,-75.71591,430,64.4,,64.4,90.3,61.5,0.000,0.000,0.00,0.000,3.2,4.4,0.5,196,8,3.5,5.1,0.6,197,9,3.2,4.4,0.5,196,8,0,29.64,,0,0,0,69.9,69.0,66.0,0.27,0.44,0.46
PHIL,2017-08-21 00:05:00 EDT,44.19354,-75.71591,430,63.8,,63.8,89.6,60.7,0.000,0.000,0.00,0.000,3.0,3.9,0.3,207,9,3.1,4.3,0.5,208,9,3.0,3.9,0.3,207,9,0,29.64,,0,0,0,70.0,69.0,66.0,0.27,0.44,0.46
PHIL,2017-08-21 00:10:00 EDT,44.19354,-75.71591,430,62.2,,62.2,90.9,59.5,0.000,0.000,0.00,0.000,3.2,4.2,0.5,211,6,3.4,4.5,0.6,211,6,3.2,4.2,0.5,211,6,0,29.64,,0,0,0,69.9,69.0,66.0,0.27,0.44,0.46
PHIL,2017-08-21 00:15:00 EDT,44.19354,-75.71591,430,62.7,,62.7,92.8,60.6,0.000,0.000,0.00,0.000,3.5,4.6,0.4,205,5,3.8,5.2,0.5,206,5,3.5,4.6,0.4,205,5,0,29.64,,0,0,0,69.7,69.0,66.0,0.27,0.44,0.46
PHIL,2017-08-21 00:20:00 EDT,44.19354,-75.71591,430,61.4,,61.4,91.7,58.9,0.000,0.000,0.00,0.000,2.6,3.5,0.4,195,6,2.9,3.9,0.5,197,7,2.6,3.5,0.4,195,6,0,29.64,,0,0,0,69.7,69.0,66.0,0.27,0.44,0.46
PHIL,2017-08-21 00:25:00 EDT,44.19354,-75.71591,430,61.6,,61.6,93.9,59.8,0.000,0.000,0.00,0.000,2.3,2.8,0.3,194,4,2.6,3.1,0.3,196,6,2.3,2.8,0.3,194,4,0,29.64,,0,0,0,69.6,69.0,66.0,0.27,0.44,0.46
PHIL,2017-08-21 00:30:00 EDT,44.19354,-75.71591,430,61.9,,61.9,95.0,60.4,0.000,0.000,0.00,0.000,1.7,2.5,0.4,192,8,1.9,2.8,0.4,194,12,1.7,2.5,0.4,192,8,0,29.65,,0,0,0,69.7,69.0,66.0,0.27,0.44,0.46
PHIL,2017-08-21 00:35:00 EDT,44.19354,-75.71591,430,61.6,,61.6,95.3,60.3,0.000,0.000,0.00,0.000,1.5,1.9,0.2,178,4,1.7,2.3,0.2,179,7,1.5,1.9,0.2,178,4,0,29.65,,0,0,0,69.7,69.0,66.0,0.27,0.44,0.46
PHIL,2017-08-21 00:40:00 EDT,44.19354,-75.71591,430,61.5,,61.5,95.8,60.2,0.000,0.000,0.00,0.000,1.3,1.8,0.2,164,8,1.5,1.9,0.2,161,11,1.3,1.8,0.2,164,8,0,29.65,,0,0,0,69.7,69.1,66.0,0.27,0.44,0.46
PHIL,2017-08-21 00:45:00 EDT,44.19354,-75.71591,430,62.1,,62.1,96.2,61.0,0.000,0.000,0.00,0.000,1.6,2.1,0.3,143,4,1.7,2.2,0.2,139,4,1.6,2.1,0.3,143,4,0,29.65,,0,0,0,69.7,69.0,66.0,0.27,0.44,0.46
PHIL,2017-08-21 00:50:00 EDT,44.19354,-75.71591,430,61.8,,61.8,94.8,60.3,0.000,0.000,0.00,0.000,2.2,2.4,0.1,144,2,2.2,2.5,0.1,141,3,2.2,2.4,0.1,144,2,0,29.65,,0,0,0,69.6,69.0,66.0,0.27,0.44,0.46
PHIL,2017-08-21 00:55:00 EDT,44.19354,-75.71591,430,61.9,,61.9,94.9,60.4,0.000,0.000,0.00,0.000,2.9,3.4,0.3,154,4,3.0,3.8,0.4,150,4,2.9,3.4,0.3,154,4,0,29.65,,0,0,0,69.6,69.0,66.0,0.27,0.44,0.46
PHIL,2017-08-21 01:00:00 EDT,44.19354,-75.71591,430,62.1,,62.1,95.0,60.7,0.000,0.000,0.00,0.000,2.7,3.1,0.2,160,1,3.0,3.5,0.3,155,3,2.7,3.1,0.2,160,1,0,29.65,,0,0,0,69.6,69.1,66.0,0.27,0.44,0.46
PHIL,2017-08-21 01:05:00 EDT,44.19354,-75.71591,430,61.7,,61.7,94.8,60.2,0.000,0.000,0.00,0.000,2.2,2.4,0.1,151,5,2.3,2.9,0.2,146,4,2.2,2.4,0.1,151,5,0,29.64,,0,0,0,69.4,69.0,66.0,0.27,0.44,0.46
PHIL,2017-08-21 01:10:00 EDT,44.19354,-75.71591,430,61.3,,61.3,95.0,59.8,0.000,0.000,0.00,0.000,2.4,2.8,0.1,154,3,2.5,3.2,0.3,151,5,2.4,2.8,0.1,154,3,0,29.64,,0,0,0,69.4,69.0,66.0,0.27,0.44,0.46
PHIL,2017-08-21 01:15:00 EDT,44.19354,-75.71591,430,61.4,,61.4,95.9,60.2,0.000,0.000,0.00,0.000,1.9,2.3,0.1,153,2,2.1,2.6,0.2,150,4,1.9,2.3,0.1,153,2,0,29.64,,0,0,0,69.4,69.1,66.0,0.27,0.44,0.46
PHIL,2017-08-21 01:20:00 EDT,44.19354,-75.71591,430,61.6,,61.6,94.7,60.1,0.000,0.000,0.00,0.000,1.8,2.3,0.2,141,10,1.9,2.6,0.2,140,8,1.8,2.3,0.2,141,10,0,29.65,,0,0,0,69.3,69.1,66.0,0.27,0.44,0.46
PHIL,2017-08-21 01:25:00 EDT,44.19354,-75.71591,430,61.2,,61.2,93.8,59.4,0.000,0.000,0.00,0.000,1.7,2.0,0.2,135,4,1.7,2.1,0.2,135,4,1.7,2.0,0.2,135,4,0,29.65,,0,0,0,69.3,69.0,66.0,0.27,0.44,0.46
PHIL,2017-08-21 01:30:00 EDT,44.19354,-75.71591,430,61.1,,61.1,94.9,59.7,0.000,0.000,0.00,0.000,1.2,1.6,0.2,157,9,1.4,2.0,0.2,155,12,1.2,1.6,0.2,157,9,0,29.65,,0,0,0,69.3,69.1,66.0,0.27,0.44,0.46
PHIL,2017-08-21 01:35:00 EDT,44.19354,-75.71591,430,61.1,,61.1,96.2,60.0,0.000,0.000,0.00,0.000,1.2,2.3,0.3,172,7,1.6,2.8,0.4,171,12,1.2,2.3,0.3,172,7,0,29.64,,0,0,0,69.2,69.0,66.0,0.27,0.44,0.46
PHIL,2017-08-21 01:40:00 EDT,44.19354,-75.71591,430,60.9,,60.9,96.4,59.8,0.000,0.000,0.00,0.000,1.7,2.3,0.2,185,8,2.0,2.9,0.3,186,10,1.7,2.3,0.2,185,8,0,29.64,,0,0,0,69.3,69.0,66.0,0.27,0.44,0.46
PHIL,2017-08-21 01:45:00 EDT,44.19354,-75.71591,430,60.7,,60.7,96.7,59.7,0.000,0.000,0.00,0.000,0.9,2.0,0.7,181,5,1.2,2.4,0.7,180,9,0.9,2.0,0.7,181,5,0,29.64,,0,0,0,69.1,69.1,66.0,0.27,0.44,0.46
PHIL,2017-08-21 01:50:00 EDT,44.19354,-75.71591,430,61.0,,61.0,97.1,60.2,0.000,0.000,0.00,0.000,0.0,0.5,0.1,172,0,0.2,1.1,0.4,168,11,0.0,0.5,0.1,172,0,0,29.64,,0,0,0,69.0,69.0,66.0,0.27,0.44,0.46
PHIL,2017-08-21 01:55:00 EDT,44.19354,-75.71591,430,61.7,,61.7,97.7,61.0,0.000,0.000,0.00,0.000,0.0,0.0,0.0,0,0,0.0,0.0,0.0,0,0,0.0,0.0,0.0,0,0,0,29.64,,0,0,0,69.0,69.1,66.0,0.27,0.44,0.46
PHIL,2017-08-21 02:00:00 EDT,44.19354,-75.71591,430,60.8,,60.8,96.9,59.9,0.000,0.000,0.00,0.000,0.0,0.0,0.0,0,0,0.4,0.9,0.4,39,8,0.0,0.0,0.0,0,0,0,29.64,,0,0,0,69.0,69.0,66.0,0.27,0.44,0.46
PHIL,2017-08-21 02:05:00 EDT,44.19354,-75.71591,430,60.9,,60.9,97.1,60.1,0.000,0.000,0.00,0.000,0.0,0.0,0.0,0,0,0.0,1.0,0.2,172,9,0.0,0.0,0.0,0,0,0,29.64,,0,0,0,69.0,69.0,66.0,0.27,0.44,0.46
PHIL,2017-08-21 02:10:00 EDT,44.19354,-75.71591,430,60.8,,60.8,97.1,60.0,0.000,0.000,0.00,0.000,0.2,1.1,0.3,172,0,0.4,2.1,0.6,173,8,0.2,1.1,0.3,172,0,0,29.64,,0,0,0,68.9,69.1,66.0,0.27,0.44,0.46
PHIL,2017-08-21 02:15:00 EDT,44.19354,-75.71591,430,60.7,,60.7,97.1,59.9,0.000,0.000,0.00,0.000,0.4,1.0,0.4,172,0,0.6,1.4,0.6,168,25,0.4,1.0,0.4,172,0,0,29.64,,0,0,0,69.0,69.0,66.0,0.27,0.44,0.46
PHIL,2017-08-21 02:20:00 EDT,44.19354,-75.71591,430,60.5,,60.5,96.7,59.6,0.000,0.000,0.00,0.000,0.1,0.8,0.2,172,0,0.8,1.4,0.4,213,7,0.1,0.8,0.2,172,0,0,29.64,,0,0,0,68.8,69.0,66.0,0.27,0.44,0.46
PHIL,2017-08-21 02:25:00 EDT,44.19354,-75.71591,430,60.5,,60.5,96.9,59.6,0.000,0.000,0.00,0.000,0.0,0.0,0.0,0,0,1.4,1.9,0.3,233,6,0.0,0.0,0.0,0,0,0,29.65,,0,0,0,68.9,69.0,66.0,0.27,0.44,0.46
PHIL,2017-08-21 02:30:00 EDT,44.19354,-75.71591,430,60.3,,60.3,96.9,59.4,0.000,0.000,0.00,0.000,1.7,2.2,0.7,239,2,2.0,2.3,0.2,235,2,1.7,2.2,0.7,239,2,0,29.64,,0,0,0,68.9,69.0,66.0,0.27,0.44,0.46
PHIL,2017-08-21 02:35:00 EDT,44.19354,-75.71591,430,60.1,,60.1,97.0,59.3,0.000,0.000,0.00,0.000,2.1,2.8,0.3,235,3,2.0,3.1,0.3,233,4,2.1,2.8,0.3,235,3,0,29.64,,0,0,0,68.8,69.0,66.0,0.27,0.44,0.46
PHIL,2017-08-21 02:40:00 EDT,44.19354,-75.71591,430,60.7,,60.7,97.8,60.1,0.000,0.000,0.00,0.000,1.9,2.4,0.2,229,4,1.8,2.4,0.2,229,6,1.9,2.4,0.2,229,4,0,29.64,,0,0,0,68.7,69.0,66.0,0.27,0.44,0.46
PHIL,2017-08-21 02:45:00 EDT,44.19354,-75.71591,430,60.4,,60.4,97.6,59.7,0.000,0.000,0.00,0.000,1.8,2.3,0.3,226,8,1.7,2.2,0.2,226,6,1.8,2.3,0.3,226,8,0,29.65,,0,0,0,68.8,69.0,66.0,0.27,0.44,0.46
PHIL,2017-08-21 02:50:00 EDT,44.19354,-75.71591,430,60.4,,60.4,97.5,59.6,0.000,0.000,0.00,0.000,0.2,1.4,0.4,221,0,0.6,1.4,0.5,255,9,0.2,1.4,0.4,221,0,0,29.65,,0,0,0,68.7,69.0,66.0,0.27,0.44,0.46
PHIL,2017-08-21 02:55:00 EDT,44.19354,-75.71591,430,60.6,,60.6,97.7,60.0,0.000,0.000,0.00,0.000,1.3,1.8,0.3,225,5,1.4,1.9,0.3,233,7,1.3,1.8,0.3,225,5,0,29.65,,0,0,0,68.8,69.0,66.0,0.27,0.44,0.46
PHIL,2017-08-21 03:00:00 EDT,44.19354,-75.71591,430,60.0,,60.0,97.7,59.3,0.000,0.000,0.00,0.000,1.0,1.5,0.5,238,0,1.1,1.7,0.5,235,3,1.0,1.5,0.5,238,0,0,29.65,,0,0,0,68.7,69.0,66.0,0.27,0.44,0.46
PHIL,2017-08-21 03:05:00 EDT,44.19354,-75.71591,430,59.9,,59.9,97.6,59.2,0.000,0.000,0.00,0.000,0.8,1.8,0.3,228,2,0.9,1.7,0.4,224,8,0.8,1.8,0.3,228,2,0,29.65,,0,0,0,68.5,69.0,66.0,0.27,0.44,0.46
PHIL,2017-08-21 03:10:00 EDT,44.19354,-75.71591,430,59.7,,59.7,97.6,59.1,0.000,0.000,0.00,0.000,1.1,1.8,0.6,222,5,1.2,2.0,0.6,218,8,1.1,1.8,0.6,222,5,0,29.65,,0,0,0,68.4,69.0,66.0,0.27,0.44,0.46
PHIL,2017-08-21 03:15:00 EDT,44.19354,-75.71591,430,59.6,,59.6,97.8,59.0,0.000,0.000,0.00,0.000,1.9,3.1,0.6,194,6,2.2,3.6,0.6,192,5,1.9,3.1,0.6,194,6,0,29.65,,0,0,0,68.4,69.0,66.0,0.27,0.44,0.46
PHIL,2017-08-21 03:20:00 EDT,44.19354,-75.71591,430,58.1,,58.1,96.7,57.2,0.000,0.000,0.00,0.000,2.5,3.6,0.6,191,10,2.8,4.0,0.7,192,12,2.5,3.6,0.6,191,10,0,29.65,,0,0,0,68.4,69.0,66.0,0.27,0.44,0.46
PHIL,2017-08-21 03:25:00 EDT,44.19354,-75.71591,430,58.5,,58.5,97.2,57.7,0.000,0.000,0.00,0.000,1.7,3.2,0.8,187,7,2.0,3.6,0.8,186,10,1.7,3.2,0.8,187,7,0,29.65,,0,0,0,68.2,69.0,66.0,0.27,0.44,0.46
PHIL,2017-08-21 03:30:00 EDT,44.19354,-75.71591,430,58.8,,58.8,98.0,58.2,0.000,0.000,0.00,0.000,1.5,1.9,0.2,179,7,1.8,2.6,0.3,179,8,1.5,1.9,0.2,179,7,0,29.65,,0,0,0,68.2,69.0,66.0,0.27,0.44,0.46
PHIL,2017-08-21 03:35:00 EDT,44.19354,-75.71591,430,59.0,,59.0,98.2,58.5,0.000,0.000,0.00,0.000,2.0,2.7,0.4,187,4,2.2,3.1,0.5,187,4,2.0,2.7,0.4,187,4,0,29.65,,0,0,0,68.1,68.9,66.0,0.27,0.44,0.46
PHIL,2017-08-21 03:40:00 EDT,44.19354,-75.71591,430,59.6,,59.6,98.2,59.1,0.000,0.000,0.00,0.000,1.7,2.9,0.7,187,5,2.0,3.2,0.7,188,9,1.7,2.9,0.7,187,5,0,29.65,,0,0,0,68.2,68.9,66.0,0.27,0.44,0.46
PHIL,2017-08-21 03:45:00 EDT,44.19354,-75.71591,430,59.6,,59.6,98.4,59.1,0.000,0.000,0.00,0.000,1.8,3.1,0.4,193,6,2.0,3.7,0.4,193,9,1.8,3.1,0.4,193,6,0,29.65,,0,0,0,68.2,69.0,66.0,0.27,0.44,0.46
PHIL,2017-08-21 03:50:00 EDT,44.19354,-75.71591,430,59.7,,59.7,98.4,59.2,0.000,0.000,0.00,0.000,2.1,3.3,0.5,197,7,2.3,3.8,0.5,200,8,2.1,3.3,0.5,197,7,0,29.65,,0,0,0,68.1,68.9,66.0,0.27,0.44,0.46
PHIL,2017-08-21 03:55:00 EDT,44.19354,-75.71591,430,60.1,,60.1,98.5,59.7,0.000,0.000,0.00,0.000,1.7,2.2,0.2,212,8,1.9,2.7,0.3,214,7,1.7,2.2,0.2,212,8,0,29.65,,0,0,0,68.1,68.9,66.0,0.27,0.44,0.46
PHIL,2017-08-21 04:00:00 EDT,44.19354,-75.71591,430,59.0,,59.0,98.2,58.5,0.000,0.000,0.00,0.000,2.0,2.8,0.5,210,8,2.1,3.3,0.5,214,7,2.0,2.8,0.5,210,8,0,29.65,,0,0,0,68.1,68.9,66.0,0.27,0.44,0.46
PHIL,2017-08-21 04:05:00 EDT,44.19354,-75.71591,430,59.2,,59.2,98.2,58.7,0.000,0.000,0.00,0.000,2.3,4.5,0.5,213,9,2.5,5.1,0.6,215,8,2.3,4.5,0.5,213,9,0,29.65,,0,0,0,68.1,69.0,66.0,0.27,0.44,0.46
PHIL,2017-08-21 04:10:00 EDT,44.19354,-75.71591,430,59.3,,59.3,98.3,58.8,0.000,0.000,0.00,0.000,1.8,3.0,0.4,213,7,1.9,3.0,0.4,215,7,1.8,3.0,0.4,213,7,0,29.65,,0,0,0,68.1,68.9,66.0,0.27,0.44,0.46
PHIL,2017-08-21 04:15:00 EDT,44.19354,-75.71591,430,59.7,,59.7,98.2,59.2,0.000,0.000,0.00,0.000,2.0,2.7,0.2,212,5,2.1,2.9,0.3,214,6,2.0,2.7,0.2,212,5,0,29.65,,0,0,0,68.0,68.9,66.0,0.27,0.44,0.46
PHIL,2017-08-21 04:20:00 EDT,44.19354,-75.71591,430,58.9,,58.9,97.5,58.1,0.000,0.000,0.00,0.000,2.0,2.4,0.2,221,4,2.0,2.7,0.2,223,5,2.0,2.4,0.2,221,4,0,29.65,,0,0,0,68.0,68.9,66.0,0.27,0.44,0.46
PHIL,2017-08-21 04:25:00 EDT,44.19354,-75.71591,430,58.5,,58.5,97.2,57.7,0.000,0.000,0.00,0.000,2.2,3.5,0.4,224,6,2.2,3.9,0.5,225,6,2.2,3.5,0.4,224,6,0,29.65,,0,0,0,68.0,68.9,66.0,0.27,0.44,0.46
PHIL,2017-08-21 04:30:00 EDT,44.19354,-75.71591,430,59.3,,59.3,97.5,58.6,0.000,0.000,0.00,0.000,2.1,2.6,0.2,229,5,2.0,2.5,0.2,229,6,2.1,2.6,0.2,229,5,0,29.65,,0,0,0,67.9,68.9,66.0,0.27,0.44,0.46
PHIL,2017-08-21 04:35:00 EDT,44.19354,-75.71591,430,59.8,,59.8,98.0,59.2,0.000,0.000,0.00,0.000,2.1,2.9,0.3,224,9,2.1,3.2,0.3,224,7,2.1,2.9,0.3,224,9,0,29.65,,0,0,0,67.9,68.9,66.0,0.27,0.44,0.46
PHIL,2017-08-21 04:40:00 EDT,44.19354,-75.71591,430,59.9,,59.9,97.6,59.2,0.000,0.000,0.00,0.000,1.8,2.3,0.3,210,9,1.9,2.7,0.3,211,10,1.8,2.3,0.3,210,9,0,29.65,,0,0,0,67.8,68.9,66.0,0.27,0.44,0.46
PHIL,2017-08-21 04:45:00 EDT,44.19354,-75.71591,430,59.3,,59.3,97.0,58.5,0.000,0.000,0.00,0.000,1.4,2.0,0.4,196,4,1.7,2.8,0.5,197,9,1.4,2.0,0.4,196,4,0,29.65,,0,0,0,67.8,68.9,66.0,0.27,0.44,0.46
PHIL,2017-08-21 04:50:00 EDT,44.19354,-75.71591,430,58.7,,58.7,96.6,57.7,0.000,0.000,0.00,0.000,1.8,3.0,0.4,197,5,2.0,3.1,0.4,199,7,1.8,3.0,0.4,197,5,0,29.66,,0,0,0,67.7,68.9,66.0,0.27,0.44,0.46
PHIL,2017-08-21 04:55:00 EDT,44.19354,-75.71591,430,58.6,,58.6,96.7,57.7,0.000,0.000,0.00,0.000,1.5,2.2,0.4,206,6,1.6,2.5,0.4,210,7,1.5,2.2,0.4,206,6,0,29.66,,0,0,0,67.7,68.9,66.0,0.27,0.44,0.46
PHIL,2017-08-21 05:00:00 EDT,44.19354,-75.71591,430,58.5,,58.5,97.2,57.7,0.000,0.000,0.00,0.000,1.3,2.0,0.3,205,4,1.5,2.9,0.3,208,7,1.3,2.0,0.3,205,4,0,29.66,,0,0,0,67.6,68.9,66.0,0.27,0.44,0.46
PHIL,2017-08-21 05:05:00 EDT,44.19354,-75.71591,430,58.3,,58.3,97.6,57.7,0.000,0.000,0.00,0.000,0.9,1.8,0.3,195,13,1.2,2.5,0.4,191,15,0.9,1.8,0.3,195,13,0,29.66,,0,0,0,67.5,68.9,66.0,0.27,0.44,0.46
PHIL,2017-08-21 05:10:00 EDT,44.19354,-75.71591,430,59.0,,59.0,98.1,58.5,0.000,0.000,0.00,0.000,0.1,0.7,0.2,187,0,0.3,1.3,0.4,157,10,0.1,0.7,0.2,187,0,0,29.66,,0,0,0,67.5,68.9,66.0,0.27,0.44,0.46
PHIL,2017-08-21 05:15:00 EDT,44.19354,-75.71591,430,58.7,,58.7,98.0,58.1,0.000,0.000,0.00,0.000,0.9,1.4,0.3,175,5,1.3,1.8,0.2,171,11,0.9,1.4,0.3,175,5,0,29.66,,0,0,0,67.6,68.9,66.0,0.27,0.44,0.46
PHIL,2017-08-21 05:20:00 EDT,44.19354,-75.71591,430,58.2,,58.2,97.5,57.5,0.000,0.000,0.00,0.000,0.4,1.2,0.5,153,7,0.8,1.5,0.5,144,9,0.4,1.2,0.5,153,7,0,29.66,,0,0,0,67.3,68.9,66.0,0.27,0.44,0.46
PHIL,2017-08-21 05:25:00 EDT,44.19354,-75.71591,430,58.5,,58.5,97.5,57.8,0.000,0.000,0.00,0.000,1.1,1.5,0.2,141,5,1.2,1.6,0.2,137,7,1.1,1.5,0.2,141,5,0,29.66,,0,0,0,67.5,68.9,66.0,0.27,0.44,0.46
PHIL,2017-08-21 05:30:00 EDT,44.19354,-75.71591,430,58.4,,58.4,97.7,57.7,0.000,0.000,0.00,0.000,1.0,1.4,0.3,132,8,1.2,1.5,0.2,133,7,1.0,1.4,0.3,132,8,0,29.66,,0,0,0,67.5,68.9,66.0,0.27,0.44,0.46
PHIL,2017-08-21 05:35:00 EDT,44.19354,-75.71591,430,58.5,,58.5,97.8,57.9,0.000,0.000,0.00,0.000,1.5,1.9,0.1,143,4,1.6,2.3,0.1,142,3,1.5,1.9,0.1,143,4,0,29.66,,0,0,0,67.5,68.9,66.0,0.27,0.44,0.46
PHIL,2017-08-21 05:40:00 EDT,44.19354,-75.71591,430,58.2,,58.2,97.9,57.6,0.000,0.000,0.00,0.000,1.3,1.5,0.1,147,6,1.4,1.8,0.2,145,7,1.3,1.5,0.1,147,6,0,29.66,,0,0,0,67.4,68.9,66.0,0.27,0.44,0.46
PHIL,2017-08-21 05:45:00 EDT,44.19354,-75.71591,430,58.3,,58.3,97.9,57.8,0.000,0.000,0.00,0.000,1.1,1.7,0.4,140,10,1.3,2.0,0.3,132,14,1.1,1.7,0.4,140,10,0,29.66,,0,0,0,67.3,68.9,66.0,0.27,0.44,0.46
PHIL,2017-08-21 05:50:00 EDT,44.19354,-75.71591,430,58.6,,58.6,98.1,58.0,0.000,0.000,0.00,0.000,0.8,1.2,0.2,127,0,1.0,1.3,0.2,117,8,0.8,1.2,0.2,127,0,0,29.66,,0,0,0,67.4,68.9,66.0,0.27,0.44,0.46
PHIL,2017-08-21 05:55:00 EDT,44.19354,-75.71591,430,58.1,,58.1,98.2,57.6,0.000,0.000,0.00,0.000,0.7,1.4,0.4,128,0,1.0,1.5,0.3,133,10,0.7,1.4,0.4,128,0,0,29.66,,0,0,0,67.3,68.9,66.0,0.27,0.44,0.46
PHIL,2017-08-21 06:00:00 EDT,44.19354,-75.71591,430,57.9,,57.9,98.2,57.4,0.000,0.000,0.00,0.000,0.6,1.4,0.5,127,2,0.9,1.6,0.5,125,6,0.6,1.4,0.5,127,2,0,29.66,,0,0,0,67.2,68.9,66.0,0.27,0.44,0.46
PHIL,2017-08-21 06:05:00 EDT,44.19354,-75.71591,430,57.4,,57.4,98.2,56.9,0.000,0.000,0.00,0.000,0.9,1.3,0.3,125,3,1.0,1.5,0.4,131,5,0.9,1.3,0.3,125,3,1,29.66,,0,0,0,67.1,68.9,66.0,0.27,0.44,0.46
PHIL,2017-08-21 06:10:00 EDT,44.19354,-75.71591,430,57.6,,57.6,98.1,57.1,0.000,0.000,0.00,0.000,0.3,1.2,0.4,127,0,0.5,1.4,0.5,125,3,0.3,1.2,0.4,127,0,3,29.66,,0,0,0,67.1,68.9,66.0,0.27,0.44,0.46
PHIL,2017-08-21 06:15:00 EDT,44.19354,-75.71591,430,57.7,,57.7,98.3,57.3,0.000,0.000,0.00,0.000,1.8,2.2,0.2,125,3,1.8,2.1,0.2,126,5,1.8,2.2,0.2,125,3,2,29.66,,0,0,0,67.0,68.9,66.0,0.27,0.44,0.46
PHIL,2017-08-21 06:20:00 EDT,44.19354,-75.71591,430,58.4,,58.4,98.6,58.0,0.000,0.000,0.00,0.000,2.6,3.1,0.3,130,2,2.5,3.1,0.3,131,2,2.6,3.1,0.3,130,2,2,29.66,,0,0,0,67.0,68.9,66.0,0.27,0.44,0.46
PHIL,2017-08-21 06:25:00 EDT,44.19354,-75.71591,430,58.8,,58.8,98.5,58.4,0.000,0.000,0.00,0.000,2.7,3.1,0.1,126,5,2.6,3.0,0.2,128,4,2.7,3.1,0.1,126,5,4,29.66,,0,0,0,66.8,68.9,66.0,0.27,0.44,0.46
PHIL,2017-08-21 06:30:00 EDT,44.19354,-75.71591,430,59.5,,59.5,98.5,59.1,0.000,0.000,0.00,0.000,2.2,2.7,0.2,141,4,2.2,3.0,0.3,140,5,2.2,2.7,0.2,141,4,7,29.66,,0,0,0,66.9,68.9,66.0,0.27,0.44,0.46
PHIL,2017-08-21 06:35:00 EDT,44.19354,-75.71591,430,58.8,,58.8,98.2,58.3,0.000,0.000,0.00,0.000,2.7,3.4,0.3,137,5,2.6,3.4,0.4,136,5,2.7,3.4,0.3,137,5,10,29.66,,0,0,0,66.8,68.9,66.0,0.27,0.44,0.46
PHIL,2017-08-21 06:40:00 EDT,44.19354,-75.71591,430,59.4,,59.4,98.0,58.9,0.000,0.000,0.00,0.000,3.1,4.3,0.6,147,12,3.2,4.6,0.7,145,12,3.1,4.3,0.6,147,12,12,29.66,,0,0,0,66.8,68.9,66.0,0.27,0.44,0.46
PHIL,2017-08-21 06:45:00 EDT,44.19354,-75.71591,430,60.3,,60.3,97.7,59.6,0.000,0.000,0.00,0.000,2.7,4.3,0.7,158,11,2.8,4.9,0.8,157,11,2.7,4.3,0.7,158,11,17,29.66,,0,0,0,66.7,68.9,66.0,0.27,0.44,0.46
PHIL,2017-08-21 06:50:00 EDT,44.19354,-75.71591,430,60.5,,60.5,96.7,59.6,0.000,0.000,0.00,0.000,3.6,4.6,0.3,153,8,3.8,5.3,0.5,153,8,3.6,4.6,0.3,153,8,25,29.66,,0,0,0,66.8,68.8,66.0,0.27,0.44,0.46
PHIL,2017-08-21 06:55:00 EDT,44.19354,-75.71591,430,60.8,,60.8,96.1,59.7,0.000,0.000,0.00,0.000,3.8,5.1,0.7,154,10,3.9,5.7,1.0,152,9,3.8,5.1,0.7,154,10,31,29.66,,0,0,0,66.7,68.8,66.0,0.27,0.44,0.46
PHIL,2017-08-21 07:00:00 EDT,44.19354,-75.71591,430,61.0,,61.0,94.2,59.3,0.000,0.000,0.00,0.000,2.3,4.5,0.8,166,14,2.5,5.1,0.8,165,15,2.3,4.5,0.8,166,14,32,29.66,,0,0,0,66.7,68.8,66.0,0.27,0.44,0.46
PHIL,2017-08-21 07:05:00 EDT,44.19354,-75.71591,430,61.0,,61.0,93.3,59.0,0.000,0.000,0.00,0.000,2.0,3.0,0.4,174,11,2.4,4.1,0.5,175,11,2.0,3.0,0.4,174,11,35,29.66,,0,0,0,66.7,68.8,66.0,0.27,0.44,0.46
PHIL,2017-08-21 07:10:00 EDT,44.19354,-75.71591,430,61.5,,61.5,93.7,59.7,0.000,0.000,0.00,0.000,2.6,4.7,0.5,165,8,2.9,5.1,0.6,165,10,2.6,4.7,0.5,165,8,39,29.66,,0,0,0,66.6,68.7,66.0,0.27,0.44,0.46
PHIL,2017-08-21 07:15:00 EDT,44.19354,-75.71591,430,61.7,,61.7,93.8,59.9,0.000,0.000,0.00,0.000,2.6,4.2,0.6,161,9,2.9,4.8,0.7,161,10,2.6,4.2,0.6,161,9,45,29.66,,0,0,0,66.6,68.6,66.0,0.27,0.44,0.46
PHIL,2017-08-21 07:20:00 EDT,44.19354,-75.71591,430,62.0,,62.0,92.8,59.9,0.000,0.000,0.00,0.000,2.6,4.3,0.9,156,10,2.8,5.0,1.0,155,12,2.6,4.3,0.9,156,10,54,29.66,,0,0,0,66.6,68.7,66.0,0.27,0.44,0.46
PHIL,2017-08-21 07:25:00 EDT,44.19354,-75.71591,430,61.9,,61.9,92.4,59.7,0.000,0.000,0.00,0.000,2.6,3.7,0.4,153,9,2.8,4.7,0.6,152,10,2.6,3.7,0.4,153,9,38,29.66,,0,0,0,66.6,68.6,66.0,0.27,0.44,0.46
PHIL,2017-08-21 07:30:00 EDT,44.19354,-75.71591,430,62.2,,62.2,91.7,59.7,0.000,0.000,0.00,0.000,2.3,3.8,0.4,169,12,2.6,4.6,0.6,169,12,2.3,3.8,0.4,169,12,48,29.66,,0,0,0,66.5,68.6,66.0,0.27,0.44,0.46
PHIL,2017-08-21 07:35:00 EDT,44.19354,-75.71591,430,62.0,,62.0,91.7,59.6,0.000,0.000,0.00,0.000,1.8,3.7,0.5,163,11,2.1,4.0,0.6,163,13,1.8,3.7,0.5,163,11,67,29.67,,0,0,0,66.7,68.6,66.0,0.27,0.44,0.46
PHIL,2017-08-21 07:40:00 EDT,44.19354,-75.71591,430,62.1,,62.1,91.9,59.8,0.000,0.000,0.00,0.000,2.2,3.2,0.4,151,6,2.3,3.4,0.4,149,7,2.2,3.2,0.4,151,6,139,29.66,,0,0,0,66.6,68.6,66.0,0.27,0.44,0.46
PHIL,2017-08-21 07:45:00 EDT,44.19354,-75.71591,430,63.0,,63.0,90.3,60.1,0.000,0.000,0.00,0.000,2.1,3.2,0.4,151,10,2.3,4.1,0.5,149,9,2.1,3.2,0.4,151,10,179,29.66,,0,0,0,66.6,68.5,66.0,0.27,0.44,0.46
PHIL,2017-08-21 07:50:00 EDT,44.19354,-75.71591,430,63.8,,63.8,87.6,60.1,0.000,0.000,0.00,0.000,1.9,3.8,0.7,163,20,2.2,4.1,0.7,164,21,1.9,3.8,0.7,163,20,197,29.66,,0,0,0,66.6,68.6,66.0,0.27,0.44,0.46
PHIL,2017-08-21 07:55:00 EDT,44.19354,-75.71591,430,64.6,,64.6,86.4,60.4,0.000,0.000,0.00,0.000,2.2,3.3,0.4,154,13,2.4,3.8,0.5,152,14,2.2,3.3,0.4,154,13,212,29.66,,0,0,0,66.4,68.6,66.0,0.27,0.44,0.46
PHIL,2017-08-21 08:00:00 EDT,44.19354,-75.71591,430,65.3,,65.3,85.3,60.8,0.000,0.000,0.00,0.000,3.4,5.1,0.7,150,8,3.6,5.8,0.9,148,9,3.4,5.1,0.7,150,8,228,29.66,,0,0,0,66.4,68.6,66.0,0.27,0.44,0.46
PHIL,2017-08-21 08:05:00 EDT,44.19354,-75.71591,430,65.8,,65.8,85.2,61.3,0.000,0.000,0.00,0.000,4.4,6.3,0.7,154,9,4.7,7.1,0.9,152,8,4.4,6.3,0.7,154,9,242,29.66,,0,0,0,66.5,68.5,66.0,0.27,0.44,0.46
PHIL,2017-08-21 08:10:00 EDT,44.19354,-75.71591,430,66.2,,66.2,83.9,61.2,0.000,0.000,0.00,0.000,4.0,5.9,0.9,156,11,4.3,6.9,1.1,155,11,4.0,5.9,0.9,156,11,253,29.66,,0,0,0,66.5,68.5,66.0,0.27,0.44,0.46
PHIL,2017-08-21 08:15:00 EDT,44.19354,-75.71591,430,66.8,,66.8,83.3,61.6,0.000,0.000,0.00,0.000,3.4,5.2,0.9,158,13,3.7,6.0,1.1,158,15,3.4,5.2,0.9,158,13,264,29.66,,0,0,0,66.4,68.6,66.0,0.27,0.44,0.46
PHIL,2017-08-21 08:20:00 EDT,44.19354,-75.71591,430,67.3,,67.3,82.5,61.8,0.000,0.000,0.00,0.000,3.0,6.6,1.3,172,18,3.6,7.7,1.5,174,18,3.0,6.6,1.3,172,18,277,29.65,,0,0,0,66.5,68.5,66.0,0.27,0.44,0.46
PHIL,2017-08-21 08:25:00 EDT,44.19354,-75.71591,430,67.8,,67.8,79.9,61.4,0.000,0.000,0.00,0.000,3.5,5.6,0.8,175,14,4.1,6.7,1.0,177,14,3.5,5.6,0.8,175,14,287,29.65,,0,0,0,66.4,68.5,66.0,0.27,0.44,0.46
PHIL,2017-08-21 08:30:00 EDT,44.19354,-75.71591,430,68.3,,68.3,79.8,61.8,0.000,0.000,0.00,0.000,3.5,5.7,1.0,162,14,4.3,7.2,1.1,164,14,3.5,5.7,1.0,162,14,297,29.65,,0,0,0,66.5,68.5,66.0,0.27,0.44,0.46
PHIL,2017-08-21 08:35:00 EDT,44.19354,-75.71591,430,68.8,,68.8,78.7,61.9,0.000,0.000,0.00,0.000,3.4,5.1,0.8,174,16,4.2,6.1,1.0,173,14,3.4,5.1,0.8,174,16,315,29.65,,0,0,0,66.4,68.6,66.0,0.27,0.44,0.46
PHIL,2017-08-21 08:40:00 EDT,44.19354,-75.71591,430,69.4,,69.4,78.8,62.6,0.000,0.000,0.00,0.000,3.4,6.1,0.9,172,18,3.8,6.3,0.9,173,18,3.4,6.1,0.9,172,18,330,29.65,,0,0,0,66.4,68.5,66.0,0.27,0.44,0.46
PHIL,2017-08-21 08:45:00 EDT,44.19354,-75.71591,430,70.1,,70.1,75.9,62.1,0.000,0.000,0.00,0.000,4.6,7.5,1.2,177,14,5.3,8.5,1.4,177,13,4.6,7.5,1.2,177,14,343,29.65,,0,0,0,66.4,68.5,66.0,0.27,0.44,0.46
PHIL,2017-08-21 08:50:00 EDT,44.19354,-75.71591,430,70.5,,70.5,74.3,61.9,0.000,0.000,0.00,0.000,4.6,8.1,1.6,185,16,5.3,9.1,1.8,185,15,4.6,8.1,1.6,185,16,356,29.65,,0,0,0,66.4,68.5,66.0,0.27,0.44,0.46
PHIL,2017-08-21 08:55:00 EDT,44.19354,-75.71591,430,70.9,,70.9,73.1,61.9,0.000,0.000,0.00,0.000,6.3,8.5,1.0,188,11,6.8,10.1,1.2,188,9,6.3,8.5,1.0,188,11,369,29.65,,0,0,0,66.4,68.5,66.0,0.27,0.44,0.46
PHIL,2017-08-21 09:00:00 EDT,44.19354,-75.71591,430,71.2,,71.2,73.9,62.4,0.000,0.000,0.00,0.000,4.6,7.9,1.4,190,14,5.1,8.8,1.5,189,14,4.6,7.9,1.4,190,14,308,29.65,,0,0,0,66.6,68.5,66.0,0.27,0.44,0.46
PHIL,2017-08-21 09:05:00 EDT,44.19354,-75.71591,430,71.7,,71.7,71.4,62.0,0.000,0.000,0.00,0.000,6.5,9.5,1.3,199,9,7.0,10.8,1.4,199,8,6.5,9.5,1.3,199,9,380,29.65,,0,0,0,66.4,68.5,66.0,0.27,0.44,0.46
PHIL,2017-08-21 09:10:00 EDT,44.19354,-75.71591,430,72.2,,72.2,70.1,61.9,0.000,0.000,0.00,0.000,5.9,8.2,1.0,210,11,6.3,9.1,1.1,209,11,5.9,8.2,1.0,210,11,404,29.65,,0,0,0,66.5,68.5,66.0,0.27,0.44,0.46
PHIL,2017-08-21 09:15:00 EDT,44.19354,-75.71591,430,72.4,,72.4,68.3,61.4,0.000,0.000,0.00,0.000,7.0,9.2,1.2,211,13,7.3,10.3,1.3,210,13,7.0,9.2,1.2,211,13,419,29.65,,0,0,0,66.5,68.5,66.0,0.27,0.44,0.46
PHIL,2017-08-21 09:20:00 EDT,44.19354,-75.71591,430,72.8,,72.8,70.2,62.5,0.000,0.000,0.00,0.000,5.3,7.5,0.9,212,12,5.7,8.1,0.9,212,11,5.3,7.5,0.9,212,12,433,29.66,,0,0,0,66.6,68.5,66.0,0.27,0.44,0.46
PHIL,2017-08-21 09:25:00 EDT,44.19354,-75.71591,430,73.4,,73.4,69.7,62.9,0.000,0.000,0.00,0.000,5.4,8.0,1.1,213,14,5.9,8.5,1.2,212,15,5.4,8.0,1.1,213,14,444,29.65,,0,0,0,66.6,68.5,66.0,0.27,0.44,0.46
PHIL,2017-08-21 09:30:00 EDT,44.19354,-75.71591,430,73.9,,73.9,67.0,62.2,0.000,0.000,0.00,0.000,6.4,9.7,1.2,205,14,6.9,11.6,1.4,205,13,6.4,9.7,1.2,205,14,460,29.65,,0,0,0,66.6,68.5,66.0,0.27,0.44,0.46
PHIL,2017-08-21 09:35:00 EDT,44.19354,-75.71591,430,74.3,,74.3,64.1,61.3,0.000,0.000,0.00,0.000,8.0,11.5,1.7,222,11,8.4,12.8,1.7,221,10,8.0,11.5,1.7,222,11,474,29.65,,0,0,0,66.6,68.5,66.0,0.27,0.44,0.46
PHIL,2017-08-21 09:40:00 EDT,44.19354,-75.71591,430,74.5,,74.5,64.0,61.5,0.000,0.000,0.00,0.000,8.6,13.0,1.7,218,11,9.0,12.7,1.8,217,11,8.6,13.0,1.7,218,11,494,29.65,,0,0,0,66.6,68.5,66.0,0.27,0.44,0.46
PHIL,2017-08-21 09:45:00 EDT,44.19354,-75.71591,430,74.7,,74.7,62.6,61.1,0.000,0.000,0.00,0.000,9.3,14.8,2.0,217,9,9.7,15.1,2.2,216,9,9.3,14.8,2.0,217,9,504,29.65,,0,0,0,66.7,68.5,66.0,0.27,0.44,0.46
PHIL,2017-08-21 09:50:00 EDT,44.19354,-75.71591,430,74.8,,74.8,62.4,61.1,0.000,0.000,0.00,0.000,9.9,13.3,1.3,213,12,10.3,14.0,1.5,213,11,9.9,13.3,1.3,213,12,509,29.65,,0,0,0,66.7,68.5,66.0,0.27,0.44,0.46
PHIL,2017-08-21 09:55:00 EDT,44.19354,-75.71591,430,75.0,,75.0,62.3,61.2,0.000,0.000,0.00,0.000,8.7,11.5,1.1,218,12,9.2,12.7,1.2,216,11,8.7,11.5,1.1,218,12,518,29.65,,0,0,0,66.7,68.5,66.0,0.27,0.44,0.46
PHIL,2017-08-21 10:00:00 EDT,44.19354,-75.71591,430,75.2,,75.2,62.2,61.3,0.000,0.000,0.00,0.000,9.2,14.2,1.6,216,8,9.4,16.6,1.7,216,7,9.2,14.2,1.6,216,8,524,29.65,,0,0,0,66.8,68.5,66.0,0.27,0.44,0.46
PHIL,2017-08-21 10:05:00 EDT,44.19354,-75.71591,430,75.5,,75.5,63.6,62.3,0.000,0.000,0.00,0.000,8.0,12.9,1.8,208,13,8.6,13.3,1.8,208,12,8.0,12.9,1.8,208,13,537,29.65,,0,0,0,66.9,68.5,66.0,0.27,0.43,0.46
PHIL,2017-08-21 10:10:00 EDT,44.19354,-75.71591,430,75.8,,75.8,62.3,62.0,0.000,0.000,0.00,0.000,9.1,14.1,1.9,213,12,9.5,14.4,1.9,211,11,9.1,14.1,1.9,213,12,548,29.65,,0,0,0,67.0,68.5,66.0,0.27,0.44,0.46
PHIL,2017-08-21 10:15:00 EDT,44.19354,-75.71591,430,76.0,,76.0,61.3,61.7,0.000,0.000,0.00,0.000,8.2,12.3,1.4,220,9,8.5,12.4,1.5,219,9,8.2,12.3,1.4,220,9,559,29.64,,0,0,0,67.2,68.5,66.0,0.27,0.44,0.46
PHIL,2017-08-21 10:20:00 EDT,44.19354,-75.71591,430,76.3,,76.3,61.4,62.1,0.000,0.000,0.00,0.000,7.6,12.1,1.6,223,10,7.9,11.4,1.6,223,9,7.6,12.1,1.6,223,10,564,29.64,,0,0,0,67.3,68.5,66.0,0.27,0.44,0.46
PHIL,2017-08-21 10:25:00 EDT,44.19354,-75.71591,430,76.7,,76.7,62.0,62.7,0.000,0.000,0.00,0.000,8.0,12.9,2.1,224,11,8.5,14.1,2.3,224,11,8.0,12.9,2.1,224,11,574,29.64,,0,0,0,67.3,68.5,66.0,0.27,0.43,0.46
PHIL,2017-08-21 10:30:00 EDT,44.19354,-75.71591,430,76.7,,76.7,58.5,61.1,0.000,0.000,0.00,0.000,9.7,12.7,1.5,221,10,10.4,14.6,1.4,221,9,9.7,12.7,1.5,221,10,583,29.64,,0,0,0,67.3,68.5,66.0,0.27,0.44,0.46
PHIL,2017-08-21 10:35:00 EDT,44.19354,-75.71591,430,76.8,,76.8,58.1,61.0,0.000,0.000,0.00,0.000,9.4,12.2,1.2,220,8,9.8,12.4,1.3,218,7,9.4,12.2,1.2,220,8,593,29.64,,0,0,0,67.4,68.5,66.0,0.27,0.44,0.46
PHIL,2017-08-21 10:40:00 EDT,44.19354,-75.71591,430,77.1,,77.1,59.7,62.0,0.000,0.000,0.00,0.000,7.8,11.6,1.8,215,11,8.3,12.3,1.7,214,9,7.8,11.6,1.8,215,11,608,29.64,,0,0,0,67.5,68.5,66.0,0.27,0.44,0.46
PHIL,2017-08-21 10:45:00 EDT,44.19354,-75.71591,430,77.5,,77.5,62.1,63.5,0.000,0.000,0.00,0.000,7.9,11.3,1.9,202,14,8.5,13.6,2.1,201,12,7.9,11.3,1.9,202,14,620,29.64,,0,0,0,67.5,68.5,66.0,0.27,0.43,0.46
PHIL,2017-08-21 10:50:00 EDT,44.19354,-75.71591,430,77.7,,77.7,60.1,62.7,0.000,0.000,0.00,0.000,7.7,11.3,1.5,213,12,8.2,12.0,1.6,213,12,7.7,11.3,1.5,213,12,628,29.64,,0,0,0,67.5,68.5,66.0,0.27,0.44,0.46
PHIL,2017-08-21 10:55:00 EDT,44.19354,-75.71591,430,77.9,,77.9,59.8,62.8,0.000,0.000,0.00,0.000,9.2,12.8,1.5,214,18,9.6,13.8,1.7,213,18,9.2,12.8,1.5,214,18,638,29.64,,0,0,0,67.6,68.5,66.0,0.27,0.44,0.46
PHIL,2017-08-21 11:00:00 EDT,44.19354,-75.71591,430,77.9,,77.9,59.4,62.6,0.000,0.000,0.00,0.000,8.2,11.8,1.4,206,12,8.7,13.1,1.6,205,12,8.2,11.8,1.4,206,12,651,29.64,,0,0,0,67.8,68.5,66.0,0.27,0.43,0.46
PHIL,2017-08-21 11:05:00 EDT,44.19354,-75.71591,430,78.5,,78.5,61.5,64.1,0.000,0.000,0.00,0.000,7.5,9.9,1.2,212,13,8.0,11.0,1.3,212,13,7.5,9.9,1.2,212,13,660,29.64,,0,0,0,67.9,68.5,66.0,0.27,0.43,0.46
PHIL,2017-08-21 11:10:00 EDT,44.19354,-75.71591,430,78.7,,78.7,61.5,64.3,0.000,0.000,0.00,0.000,7.4,10.1,1.4,226,12,8.0,11.6,1.6,226,12,7.4,10.1,1.4,226,12,668,29.64,,0,0,0,68.0,68.5,66.0,0.27,0.44,0.46
PHIL,2017-08-21 11:15:00 EDT,44.19354,-75.71591,430,78.9,,78.9,61.1,64.3,0.000,0.000,0.00,0.000,7.2,11.5,2.0,224,15,7.9,13.4,2.2,224,14,7.2,11.5,2.0,224,15,674,29.63,,0,0,0,68.1,68.5,66.0,0.27,0.43,0.46
PHIL,2017-08-21 11:20:00 EDT,44.19354,-75.71591,430,79.1,,79.1,61.0,64.5,0.000,0.000,0.00,0.000,8.4,12.0,1.3,220,12,8.9,13.5,1.4,220,12,8.4,12.0,1.3,220,12,676,29.63,,0,0,0,68.1,68.5,66.0,0.27,0.43,0.46
PHIL,2017-08-21 11:25:00 EDT,44.19354,-75.71591,430,79.1,,79.1,60.0,64.0,0.000,0.000,0.00,0.000,8.4,11.5,1.3,219,12,9.0,14.1,1.4,218,13,8.4,11.5,1.3,219,12,681,29.63,,0,0,0,68.1,68.5,66.0,0.27,0.44,0.46
PHIL,2017-08-21 11:30:00 EDT,44.19354,-75.71591,430,79.2,,79.2,58.7,63.5,0.000,0.000,0.00,0.000,10.3,14.2,1.7,223,10,10.7,14.9,1.8,223,9,10.3,14.2,1.7,223,10,688,29.63,,0,0,0,68.2,68.5,66.0,0.27,0.43,0.46
PHIL,2017-08-21 11:35:00 EDT,44.19354,-75.71591,430,79.3,,79.3,59.2,63.8,0.000,0.000,0.00,0.000,9.1,12.3,1.4,216,10,9.5,12.9,1.5,214,10,9.1,12.3,1.4,216,10,694,29.63,,0,0,0,68.4,68.5,66.0,0.27,0.43,0.46
PHIL,2017-08-21 11:40:00 EDT,44.19354,-75.71591,430,79.6,,79.6,59.3,64.2,0.000,0.000,0.00,0.000,9.8,15.6,2.1,230,14,10.3,16.9,2.1,228,14,9.8,15.6,2.1,230,14,699,29.63,,0,0,0,68.6,68.5,66.0,0.27,0.43,0.46
PHIL,2017-08-21 11:45:00 EDT,44.19354,-75.71591,430,79.7,,79.7,59.6,64.4,0.000,0.000,0.00,0.000,10.2,14.0,1.7,234,10,10.7,14.2,1.7,233,11,10.2,14.0,1.7,234,10,704,29.63,,0,0,0,68.8,68.5,66.0,0.27,0.43,0.46
PHIL,2017-08-21 11:50:00 EDT,44.19354,-75.71591,430,79.9,,79.9,59.8,64.7,0.000,0.000,0.00,0.000,10.7,14.1,1.4,233,10,11.4,14.9,1.5,233,11,10.7,14.1,1.4,233,10,707,29.62,,0,0,0,68.8,68.5,66.0,0.26,0.43,0.46
PHIL,2017-08-21 11:55:00 EDT,44.19354,-75.71591,430,80.0,,81.9,59.8,64.8,0.000,0.000,0.00,0.000,10.4,14.8,2.1,226,9,10.9,16.2,2.0,226,10,10.4,14.8,2.1,226,9,713,29.62,,0,0,0,69.0,68.5,66.0,0.27,0.43,0.46
PHIL,2017-08-21 12:00:00 EDT,44.19354,-75.71591,430,80.2,,81.8,57.9,64.0,0.000,0.000,0.00,0.000,11.6,15.7,1.6,225,9,11.9,16.1,1.8,224,9,11.6,15.7,1.6,225,9,718,29.62,,0,0,0,68.8,68.5,66.0,0.26,0.43,0.46
PHIL,2017-08-21 12:05:00 EDT,44.19354,-75.71591,430,80.3,,81.9,57.7,64.1,0.000,0.000,0.00,0.000,10.8,15.6,1.9,234,11,11.3,16.6,2.0,233,11,10.8,15.6,1.9,234,11,726,29.62,,0,0,0,69.0,68.5,66.0,0.27,0.43,0.46
PHIL,2017-08-21 12:10:00 EDT,44.19354,-75.71591,430,80.3,,81.6,55.4,62.8,0.000,0.000,0.00,0.000,13.1,16.7,2.1,221,13,13.6,18.8,2.2,220,12,13.1,16.7,2.1,221,13,730,29.62,,0,0,0,69.1,68.5,66.0,0.27,0.43,0.46
PHIL,2017-08-21 12:15:00 EDT,44.19354,-75.71591,430,80.4,,81.8,55.9,63.2,0.000,0.000,0.00,0.000,11.7,19.4,2.3,212,13,12.2,20.3,2.4,210,12,11.7,19.4,2.3,212,13,740,29.62,,0,0,0,69.2,68.5,66.0,0.26,0.44,0.46
PHIL,2017-08-21 12:20:00 EDT,44.19354,-75.71591,430,80.7,,82.3,57.7,64.4,0.000,0.000,0.00,0.000,8.5,12.6,1.9,220,15,8.9,14.2,2.1,219,15,8.5,12.6,1.9,220,15,746,29.62,,0,0,0,69.4,68.4,66.0,0.26,0.43,0.46
PHIL,2017-08-21 12:25:00 EDT,44.19354,-75.71591,430,81.1,,82.6,55.9,63.8,0.000,0.000,0.00,0.000,12.1,18.9,2.9,242,13,13.0,20.0,2.9,243,14,12.1,18.9,2.9,242,13,751,29.62,,0,0,0,69.5,68.5,66.0,0.26,0.43,0.46
PHIL,2017-08-21 12:30:00 EDT,44.19354,-75.71591,430,80.9,,82.1,53.7,62.5,0.000,0.000,0.00,0.000,11.5,16.2,1.8,214,10,12.1,16.4,1.8,214,9,11.5,16.2,1.8,214,10,754,29.62,,0,0,0,69.6,68.5,66.0,0.26,0.43,0.46
PHIL,2017-08-21 12:35:00 EDT,44.19354,-75.71591,430,80.9,,82.3,55.1,63.3,0.000,0.000,0.00,0.000,11.5,19.5,2.9,238,13,12.2,20.4,2.8,238,13,11.5,19.5,2.9,238,13,756,29.62,,0,0,0,69.5,68.5,66.0,0.26,0.43,0.46
PHIL,2017-08-21 12:40:00 EDT,44.19354,-75.71591,430,80.8,,82.1,54.1,62.7,0.000,0.000,0.00,0.000,13.3,18.5,2.0,230,11,13.7,18.5,2.0,230,11,13.3,18.5,2.0,230,11,737,29.62,,0,0,0,69.6,68.5,66.0,0.26,0.43,0.46
PHIL,2017-08-21 12:45:00 EDT,44.19354,-75.71591,430,80.6,,82.0,54.9,62.9,0.000,0.000,0.00,0.000,13.0,16.0,1.7,239,10,13.6,17.5,1.8,240,11,13.0,16.0,1.7,239,10,762,29.62,,0,0,0,69.8,68.5,66.0,0.26,0.43,0.46
PHIL,2017-08-21 12:50:00 EDT,44.19354,-75.71591,430,80.8,,82.2,54.9,63.1,0.000,0.000,0.00,0.000,13.1,16.5,2.5,240,9,13.8,19.3,2.6,241,9,13.1,16.5,2.5,240,9,748,29.62,,0,0,0,69.8,68.4,66.0,0.26,0.43,0.46
PHIL,2017-08-21 12:55:00 EDT,44.19354,-75.71591,430,80.9,,82.5,56.6,64.0,0.000,0.000,0.00,0.000,12.0,17.3,2.5,226,14,12.5,18.4,2.5,226,15,12.0,17.3,2.5,226,14,760,29.62,,0,0,0,70.1,68.5,66.0,0.26,0.43,0.46
PHIL,2017-08-21 13:00:00 EDT,44.19354,-75.71591,430,80.7,,82.1,56.2,63.6,0.000,0.000,0.00,0.000,13.5,18.8,1.8,234,14,14.1,19.9,2.2,234,15,13.5,18.8,1.8,234,14,760,29.62,,0,0,0,70.2,68.4,66.0,0.26,0.43,0.46
PHIL,2017-08-21 13:05:00 EDT,44.19354,-75.71591,430,80.7,,82.4,57.6,64.3,0.000,0.000,0.00,0.000,11.5,16.4,2.0,232,12,12.2,18.4,2.1,231,12,11.5,16.4,2.0,232,12,754,29.62,,0,0,0,70.3,68.4,66.0,0.26,0.44,0.46
PHIL,2017-08-21 13:10:00 EDT,44.19354,-75.71591,430,80.4,,82.1,58.2,64.3,0.000,0.000,0.00,0.000,12.0,16.0,1.8,240,12,12.6,17.5,2.0,240,13,12.0,16.0,1.8,240,12,752,29.62,,0,0,0,70.3,68.4,66.0,0.26,0.44,0.46
PHIL,2017-08-21 13:15:00 EDT,44.19354,-75.71591,430,80.4,,82.1,58.3,64.4,0.000,0.000,0.00,0.000,9.5,14.6,2.2,241,15,10.3,16.0,2.3,243,15,9.5,14.6,2.2,241,15,747,29.62,,0,0,0,70.4,68.3,66.0,0.26,0.43,0.46
PHIL,2017-08-21 13:20:00 EDT,44.19354,-75.71591,430,80.4,,82.0,57.7,64.1,0.000,0.000,0.00,0.000,10.1,15.3,2.6,243,11,10.8,16.2,2.7,244,12,10.1,15.3,2.6,243,11,745,29.62,,0,0,0,70.5,68.3,66.0,0.26,0.43,0.46
PHIL,2017-08-21 13:25:00 EDT,44.19354,-75.71591,430,80.3,,81.7,56.1,63.3,0.000,0.000,0.00,0.000,11.1,15.6,1.9,242,9,11.8,16.6,2.0,243,9,11.1,15.6,1.9,242,9,741,29.61,,0,0,0,70.7,68.4,66.0,0.26,0.44,0.46
PHIL,2017-08-21 13:30:00 EDT,44.19354,-75.71591,430,80.4,,81.9,56.4,63.5,0.000,0.000,0.00,0.000,12.6,17.1,2.0,242,10,13.4,18.0,2.2,244,10,12.6,17.1,2.0,242,10,723,29.62,,0,0,0,70.9,68.3,66.0,0.26,0.44,0.46
PHIL,2017-08-21 13:35:00 EDT,44.19354,-75.71591,430,80.3,,81.7,55.9,63.2,0.000,0.000,0.00,0.000,11.9,18.3,2.2,241,8,12.6,18.4,2.1,242,10,11.9,18.3,2.2,241,8,693,29.62,,0,0,0,70.8,68.4,66.0,0.26,0.43,0.46
PHIL,2017-08-21 13:40:00 EDT,44.19354,-75.71591,430,80.4,,81.9,55.9,63.3,0.000,0.000,0.00,0.000,12.1,17.5,2.4,244,9,12.8,19.2,2.6,245,9,12.1,17.5,2.4,244,9,661,29.61,,0,0,0,71.0,68.2,66.0,0.26,0.44,0.46
PHIL,2017-08-21 13:45:00 EDT,44.19354,-75.71591,430,80.2,,81.6,55.7,62.9,0.000,0.000,0.00,0.000,11.0,15.1,1.8,237,11,11.8,18.3,2.0,238,12,11.0,15.1,1.8,237,11,620,29.61,,0,0,0,71.0,68.3,66.0,0.26,0.43,0.46
PHIL,2017-08-21 13:50:00 EDT,44.19354,-75.71591,430,79.7,,79.7,54.2,61.7,0.000,0.000,0.00,0.000,13.1,18.7,2.0,242,9,13.8,19.5,2.1,244,9,13.1,18.7,2.0,242,9,576,29.61,,0,0,0,71.0,68.3,66.0,0.26,0.44,0.46
PHIL,2017-08-21 13:55:00 EDT,44.19354,-75.71591,430,79.6,,79.6,56.3,62.6,0.000,0.000,0.00,0.000,11.3,15.8,2.3,242,9,12.0,17.2,2.3,244,9,11.3,15.8,2.3,242,9,534,29.61,,0,0,0,71.0,68.3,66.0,0.26,0.43,0.46
PHIL,2017-08-21 14:00:00 EDT,44.19354,-75.71591,430,79.4,,79.4,56.2,62.4,0.000,0.000,0.00,0.000,11.7,16.2,1.8,244,9,12.4,16.5,2.0,244,8,11.7,16.2,1.8,244,9,488,29.61,,0,0,0,71.0,68.3,66.0,0.26,0.43,0.46
PHIL,2017-08-21 14:05:00 EDT,44.19354,-75.71591,430,79.2,,79.2,56.9,62.6,0.000,0.000,0.00,0.000,11.8,15.7,1.6,240,8,12.3,16.3,1.6,240,8,11.8,15.7,1.6,240,8,443,29.61,,0,0,0,71.1,68.3,66.0,0.26,0.43,0.46
PHIL,2017-08-21 14:10:00 EDT,44.19354,-75.71591,430,79.0,,79.0,58.3,63.1,0.000,0.000,0.00,0.000,9.9,15.5,1.9,245,12,10.6,16.8,2.0,246,12,9.9,15.5,1.9,245,12,397,29.61,,0,0,0,71.4,68.3,66.0,0.26,0.44,0.46
PHIL,2017-08-21 14:15:00 EDT,44.19354,-75.71591,430,78.6,,78.6,58.8,63.0,0.000,0.000,0.00,0.000,10.4,15.8,2.2,246,10,11.2,16.5,2.3,249,10,10.4,15.8,2.2,246,10,356,29.61,,0,0,0,71.5,68.3,66.0,0.26,0.44,0.46
PHIL,2017-08-21 14:20:00 EDT,44.19354,-75.71591,430,78.2,,78.2,60.9,63.6,0.000,0.000,0.00,0.000,10.6,17.2,2.2,243,11,11.4,18.7,2.3,245,11,10.6,17.2,2.2,243,11,316,29.61,,0,0,0,71.6,68.3,66.0,0.26,0.44,0.46
PHIL,2017-08-21 14:25:00 EDT,44.19354,-75.71591,430,77.8,,77.8,61.5,63.5,0.000,0.000,0.00,0.000,11.8,17.4,2.6,241,9,12.3,17.3,2.4,242,9,11.8,17.4,2.6,241,9,280,29.60,,0,0,0,71.7,68.3,66.0,0.26,0.43,0.46
PHIL,2017-08-21 14:30:00 EDT,44.19354,-75.71591,430,77.5,,77.5,62.7,63.7,0.000,0.000,0.00,0.000,11.7,16.5,2.1,241,9,12.4,17.8,2.2,242,10,11.7,16.5,2.1,241,9,254,29.60,,0,0,0,71.7,68.3,66.0,0.26,0.43,0.46
PHIL,2017-08-21 14:35:00 EDT,44.19354,-75.71591,430,77.2,,77.2,62.5,63.4,0.000,0.000,0.00,0.000,11.4,17.0,1.9,238,7,12.0,18.2,2.0,240,8,11.4,17.0,1.9,238,7,236,29.60,,0,0,0,71.9,68.3,66.0,0.26,0.44,0.46
PHIL,2017-08-21 14:40:00 EDT,44.19354,-75.71591,430,76.9,,76.9,64.2,63.9,0.000,0.000,0.00,0.000,9.7,14.5,1.9,232,11,10.3,15.4,2.1,231,10,9.7,14.5,1.9,232,11,234,29.60,,0,0,0,71.9,68.3,66.0,0.26,0.43,0.46
PHIL,2017-08-21 14:45:00 EDT,44.19354,-75.71591,430,76.8,,76.8,65.0,64.1,0.000,0.000,0.00,0.000,9.2,14.0,2.0,234,9,9.8,14.8,2.0,234,10,9.2,14.0,2.0,234,9,224,29.60,,0,0,0,72.0,68.4,66.0,0.26,0.44,0.46
PHIL,2017-08-21 14:50:00 EDT,44.19354,-75.71591,430,76.7,,76.7,66.1,64.5,0.000,0.000,0.00,0.000,7.9,12.8,1.6,234,8,8.4,13.8,1.6,234,7,7.9,12.8,1.6,234,8,217,29.60,,0,0,0,71.9,68.3,66.0,0.26,0.44,0.46
PHIL,2017-08-21 14:55:00 EDT,44.19354,-75.71591,430,76.7,,76.7,65.9,64.4,0.000,0.000,0.00,0.000,9.4,12.3,1.5,231,8,9.8,14.0,1.7,229,8,9.4,12.3,1.5,231,8,249,29.60,,0,0,0,72.0,68.3,66.0,0.26,0.44,0.46
PHIL,2017-08-21 15:00:00 EDT,44.19354,-75.71591,430,76.7,,76.7,65.8,64.4,0.000,0.000,0.00,0.000,9.5,14.0,1.7,235,10,10.2,16.3,1.8,236,10,9.5,14.0,1.7,235,10,259,29.60,,0,0,0,72.0,68.4,66.0,0.26,0.43,0.46
PHIL,2017-08-21 15:05:00 EDT,44.19354,-75.71591,430,76.7,,76.7,65.7,64.4,0.000,0.000,0.00,0.000,9.2,12.4,1.4,234,10,9.8,14.3,1.6,234,11,9.2,12.4,1.4,234,10,302,29.60,,0,0,0,72.0,68.3,66.0,0.26,0.43,0.46
PHIL,2017-08-21 15:10:00 EDT,44.19354,-75.71591,430,76.9,,76.9,64.9,64.2,0.000,0.000,0.00,0.000,10.0,14.0,2.1,233,11,10.8,16.0,2.3,233,11,10.0,14.0,2.1,233,11,270,29.60,,0,0,0,72.0,68.3,66.0,0.26,0.43,0.46
PHIL,2017-08-21 15:15:00 EDT,44.19354,-75.71591,430,76.6,,76.6,64.8,63.9,0.000,0.000,0.00,0.000,10.2,14.8,1.7,233,10,10.7,15.6,1.7,233,10,10.2,14.8,1.7,233,10,361,29.59,,0,0,0,72.1,68.3,66.0,0.26,0.43,0.46
PHIL,2017-08-21 15:20:00 EDT,44.19354,-75.71591,430,76.8,,76.8,64.9,64.1,0.000,0.000,0.00,0.000,9.2,12.7,1.7,236,9,9.8,13.4,1.8,235,10,9.2,12.7,1.7,236,9,327,29.59,,0,0,0,72.0,68.4,66.0,0.26,0.44,0.46
PHIL,2017-08-21 15:25:00 EDT,44.19354,-75.71591,430,76.8,,76.8,64.8,64.1,0.000,0.000,0.00,0.000,9.2,11.7,1.5,240,8,9.7,12.8,1.6,241,9,9.2,11.7,1.5,240,8,354,29.59,,0,0,0,71.9,68.4,66.0,0.26,0.43,0.46
PHIL,2017-08-21 15:30:00 EDT,44.19354,-75.71591,430,77.0,,77.0,66.4,64.9,0.000,0.000,0.00,0.000,7.7,11.5,1.6,238,10,8.2,12.3,1.6,239,10,7.7,11.5,1.6,238,10,373,29.59,,0,0,0,72.0,68.3,66.0,0.26,0.44,0.46
PHIL,2017-08-21 15:35:00 EDT,44.19354,-75.71591,430,77.7,,77.7,65.9,65.4,0.000,0.000,0.00,0.000,8.4,10.9,1.1,242,9,9.0,12.6,1.3,244,9,8.4,10.9,1.1,242,9,591,29.59,,0,0,0,72.1,68.3,66.0,0.26,0.44,0.46
PHIL,2017-08-21 15:40:00 EDT,44.19354,-75.71591,430,77.9,,77.9,65.7,65.5,0.000,0.000,0.00,0.000,9.8,13.4,2.0,225,9,10.2,14.3,2.1,224,9,9.8,13.4,2.0,225,9,429,29.59,,0,0,0,72.1,68.3,66.0,0.26,0.43,0.46
PHIL,2017-08-21 15:45:00 EDT,44.19354,-75.71591,430,78.0,,78.0,65.1,65.4,0.000,0.000,0.00,0.000,10.8,13.6,1.3,233,9,11.4,14.2,1.4,233,11,10.8,13.6,1.3,233,9,599,29.59,,0,0,0,72.1,68.4,66.0,0.26,0.43,0.46
PHIL,2017-08-21 15:50:00 EDT,44.19354,-75.71591,430,78.4,,78.4,64.4,65.4,0.000,0.000,0.00,0.000,9.8,13.4,1.5,225,11,10.3,14.8,1.6,224,10,9.8,13.4,1.5,225,11,576,29.59,,0,0,0,72.1,68.4,66.0,0.26,0.43,0.46
PHIL,2017-08-21 15:55:00 EDT,44.19354,-75.71591,430,78.7,,78.7,63.9,65.5,0.000,0.000,0.00,0.000,10.7,13.3,1.3,231,10,11.2,14.4,1.4,231,11,10.7,13.3,1.3,231,10,607,29.59,,0,0,0,72.0,68.3,66.0,0.25,0.43,0.46
PHIL,2017-08-21 16:00:00 EDT,44.19354,-75.71591,430,78.9,,78.9,63.5,65.5,0.000,0.000,0.00,0.000,10.4,15.1,2.2,238,10,11.1,16.3,2.2,239,11,10.4,15.1,2.2,238,10,595,29.59,,0,0,0,72.1,68.4,66.0,0.25,0.43,0.46
PHIL,2017-08-21 16:05:00 EDT,44.19354,-75.71591,430,78.7,,78.7,63.0,65.1,0.000,0.000,0.00,0.000,11.0,15.1,1.9,231,9,11.6,16.5,1.9,230,10,11.0,15.1,1.9,231,9,547,29.59,,0,0,0,72.0,68.4,66.0,0.25,0.43,0.46
PHIL,2017-08-21 16:10:00 EDT,44.19354,-75.71591,430,78.6,,78.6,63.8,65.3,0.000,0.000,0.00,0.000,10.2,13.7,1.6,228,15,11.0,15.5,1.7,228,17,10.2,13.7,1.6,228,15,501,29.59,,0,0,0,72.2,68.4,66.0,0.25,0.43,0.46
PHIL,2017-08-21 16:15:00 EDT,44.19354,-75.71591,430,79.0,,79.0,63.1,65.3,0.000,0.000,0.00,0.000,10.0,13.4,1.4,235,10,10.5,14.4,1.4,235,10,10.0,13.4,1.4,235,10,508,29.59,,0,0,0,72.2,68.4,66.0,0.26,0.43,0.46
PHIL,2017-08-21 16:20:00 EDT,44.19354,-75.71591,430,78.8,,78.8,62.2,64.8,0.000,0.000,0.00,0.000,11.5,14.5,1.4,229,8,11.9,16.0,1.5,228,7,11.5,14.5,1.4,229,8,518,29.59,,0,0,0,72.3,68.4,66.0,0.26,0.43,0.46
PHIL,2017-08-21 16:25:00 EDT,44.19354,-75.71591,430,79.0,,79.0,63.8,65.7,0.000,0.000,0.00,0.000,8.1,10.8,1.3,238,11,8.7,11.9,1.4,238,11,8.1,10.8,1.3,238,11,450,29.59,,0,0,0,72.2,68.5,66.0,0.26,0.43,0.46
PHIL,2017-08-21 16:30:00 EDT,44.19354,-75.71591,430,78.5,,78.5,63.8,65.2,0.000,0.000,0.00,0.000,8.8,12.6,1.6,229,17,9.2,13.1,1.7,229,17,8.8,12.6,1.6,229,17,349,29.59,,0,0,0,72.3,68.5,66.0,0.25,0.43,0.46
PHIL,2017-08-21 16:35:00 EDT,44.19354,-75.71591,430,79.0,,79.0,63.5,65.6,0.000,0.000,0.00,0.000,8.0,11.8,1.9,205,10,8.4,13.4,2.0,204,9,8.0,11.8,1.9,205,10,484,29.58,,0,0,0,72.3,68.4,66.0,0.26,0.43,0.46
PHIL,2017-08-21 16:40:00 EDT,44.19354,-75.71591,430,79.1,,79.1,61.8,64.8,0.000,0.000,0.00,0.000,10.1,13.3,1.8,222,9,10.7,14.5,1.9,221,8,10.1,13.3,1.8,222,9,461,29.58,,0,0,0,72.3,68.5,66.0,0.26,0.43,0.46
PHIL,2017-08-21 16:45:00 EDT,44.19354,-75.71591,430,79.0,,79.0,61.6,64.7,0.000,0.000,0.00,0.000,11.0,15.6,2.0,219,10,11.5,15.6,1.8,218,9,11.0,15.6,2.0,219,10,442,29.58,,0,0,0,72.4,68.4,66.0,0.25,0.43,0.46
PHIL,2017-08-21 16:50:00 EDT,44.19354,-75.71591,430,79.0,,79.0,61.5,64.7,0.000,0.000,0.00,0.000,10.6,16.7,2.4,217,8,11.0,17.7,2.4,216,8,10.6,16.7,2.4,217,8,437,29.58,,0,0,0,72.5,68.5,66.0,0.26,0.43,0.46
PHIL,2017-08-21 16:55:00 EDT,44.19354,-75.71591,430,79.0,,79.0,60.5,64.2,0.000,0.000,0.00,0.000,10.8,14.8,1.3,221,9,11.4,15.6,1.5,220,9,10.8,14.8,1.3,221,9,420,29.58,,0,0,0,72.4,68.5,66.0,0.25,0.43,0.46
PHIL,2017-08-21 17:00:00 EDT,44.19354,-75.71591,430,78.9,,78.9,61.9,64.7,0.000,0.000,0.00,0.000,10.0,15.4,1.5,227,10,10.5,15.5,1.6,226,10,10.0,15.4,1.5,227,10,407,29.58,,0,0,0,72.5,68.5,66.0,0.25,0.43,0.46
PHIL,2017-08-21 17:05:00 EDT,44.19354,-75.71591,430,79.0,,79.0,59.7,63.8,0.000,0.000,0.00,0.000,11.3,16.5,2.1,216,9,11.7,17.8,2.2,215,9,11.3,16.5,2.1,216,9,394,29.58,,0,0,0,72.4,68.5,66.0,0.26,0.43,0.46
PHIL,2017-08-21 17:10:00 EDT,44.19354,-75.71591,430,78.9,,78.9,61.8,64.7,0.000,0.000,0.00,0.000,8.3,13.8,1.9,204,12,9.0,13.6,1.9,203,11,8.3,13.8,1.9,204,12,385,29.58,,0,0,0,72.6,68.5,66.0,0.26,0.43,0.46
PHIL,2017-08-21 17:15:00 EDT,44.19354,-75.71591,430,78.9,,78.9,61.7,64.6,0.000,0.000,0.00,0.000,9.6,12.8,1.4,212,10,10.0,12.9,1.5,211,10,9.6,12.8,1.4,212,10,373,29.58,,0,0,0,72.6,68.5,66.0,0.25,0.43,0.46
PHIL,2017-08-21 17:20:00 EDT,44.19354,-75.71591,430,78.8,,78.8,61.8,64.6,0.000,0.000,0.00,0.000,9.0,12.2,1.4,210,10,9.6,13.6,1.7,209,9,9.0,12.2,1.4,210,10,360,29.58,,0,0,0,72.5,68.5,66.0,0.25,0.43,0.46
PHIL,2017-08-21 17:25:00 EDT,44.19354,-75.71591,430,78.8,,78.8,61.7,64.5,0.000,0.000,0.00,0.000,9.6,13.5,1.5,213,11,10.1,13.5,1.5,211,10,9.6,13.5,1.5,213,11,346,29.58,,0,0,0,72.5,68.5,66.0,0.25,0.44,0.46
PHIL,2017-08-21 17:30:00 EDT,44.19354,-75.71591,430,78.8,,78.8,63.5,65.3,0.000,0.000,0.00,0.000,7.3,12.4,1.7,215,11,7.9,13.5,1.9,215,10,7.3,12.4,1.7,215,11,335,29.57,,0,0,0,72.4,68.5,66.0,0.25,0.43,0.46
PHIL,2017-08-21 17:35:00 EDT,44.19354,-75.71591,430,78.8,,78.8,62.8,65.1,0.000,0.000,0.00,0.000,9.0,14.2,1.9,217,9,9.5,14.3,1.8,216,9,9.0,14.2,1.9,217,9,323,29.57,,0,0,0,72.5,68.5,66.0,0.25,0.43,0.46
PHIL,2017-08-21 17:40:00 EDT,44.19354,-75.71591,430,78.8,,78.8,63.1,65.2,0.000,0.000,0.00,0.000,8.6,13.1,1.7,213,12,9.1,16.2,2.0,212,12,8.6,13.1,1.7,213,12,309,29.57,,0,0,0,72.6,68.5,66.0,0.25,0.43,0.46
PHIL,2017-08-21 17:45:00 EDT,44.19354,-75.71591,430,78.8,,78.8,62.3,64.9,0.000,0.000,0.00,0.000,9.6,14.0,2.0,210,9,10.1,15.2,1.9,209,8,9.6,14.0,2.0,210,9,293,29.57,,0,0,0,72.5,68.5,66.0,0.25,0.43,0.46
PHIL,2017-08-21 17:50:00 EDT,44.19354,-75.71591,430,78.7,,78.7,64.8,65.9,0.000,0.000,0.00,0.000,6.5,9.9,1.4,212,10,6.9,10.8,1.5,212,9,6.5,9.9,1.4,212,10,277,29.57,,0,0,0,72.5,68.5,66.0,0.25,0.43,0.46
PHIL,2017-08-21 17:55:00 EDT,44.19354,-75.71591,430,78.8,,78.8,64.3,65.7,0.000,0.000,0.00,0.000,6.6,10.7,1.1,210,11,7.0,11.2,1.2,210,10,6.6,10.7,1.1,210,11,254,29.57,,0,0,0,72.6,68.5,66.0,0.25,0.43,0.46
PHIL,2017-08-21 18:00:00 EDT,44.19354,-75.71591,430,78.8,,78.8,63.9,65.5,0.000,0.000,0.00,0.000,8.1,11.3,1.5,215,15,8.6,14.6,1.8,214,14,8.1,11.3,1.5,215,15,252,29.57,,0,0,0,72.5,68.5,66.0,0.25,0.43,0.46
PHIL,2017-08-21 18:05:00 EDT,44.19354,-75.71591,430,78.7,,78.7,63.1,65.1,0.000,0.000,0.00,0.000,9.1,13.5,1.7,213,9,9.6,13.1,1.8,213,8,9.1,13.5,1.7,213,9,237,29.57,,0,0,0,72.5,68.5,66.0,0.25,0.43,0.46
PHIL,2017-08-21 18:10:00 EDT,44.19354,-75.71591,430,78.5,,78.5,64.6,65.6,0.000,0.000,0.00,0.000,6.4,9.8,1.7,216,11,6.7,10.4,1.8,216,10,6.4,9.8,1.7,216,11,225,29.57,,0,0,0,72.6,68.5,66.0,0.25,0.43,0.46
PHIL,2017-08-21 18:15:00 EDT,44.19354,-75.71591,430,78.5,,78.5,64.9,65.7,0.000,0.000,0.00,0.000,6.1,9.4,1.0,215,10,6.4,9.6,1.0,215,10,6.1,9.4,1.0,215,10,207,29.57,,0,0,0,72.4,68.5,66.0,0.25,0.43,0.46
PHIL,2017-08-21 18:20:00 EDT,44.19354,-75.71591,430,78.4,,78.4,65.1,65.7,0.000,0.000,0.00,0.000,6.4,11.2,1.8,220,9,6.7,12.0,1.9,219,8,6.4,11.2,1.8,220,9,195,29.57,,0,0,0,72.6,68.5,66.0,0.25,0.43,0.46
PHIL,2017-08-21 18:25:00 EDT,44.19354,-75.71591,430,78.2,,78.2,65.8,65.8,0.000,0.000,0.00,0.000,7.1,10.7,1.4,225,8,7.4,11.6,1.5,224,8,7.1,10.7,1.4,225,8,161,29.57,,0,0,0,72.6,68.5,66.0,0.25,0.43,0.46
PHIL,2017-08-21 18:30:00 EDT,44.19354,-75.71591,430,78.0,,78.0,66.2,65.9,0.000,0.000,0.00,0.000,6.6,10.1,1.0,227,11,7.0,10.6,1.1,227,11,6.6,10.1,1.0,227,11,149,29.57,,0,0,0,72.5,68.5,66.0,0.25,0.43,0.46
PHIL,2017-08-21 18:35:00 EDT,44.19354,-75.71591,430,78.0,,78.0,66.2,65.8,0.000,0.000,0.00,0.000,7.0,9.1,0.9,223,9,7.4,9.8,1.0,223,9,7.0,9.1,0.9,223,9,160,29.57,,0,0,0,72.6,68.5,66.0,0.25,0.43,0.46
PHIL,2017-08-21 18:40:00 EDT,44.19354,-75.71591,430,77.8,,77.8,67.2,66.1,0.000,0.000,0.00,0.000,6.4,8.8,0.7,225,8,6.7,9.0,0.8,225,7,6.4,8.8,0.7,225,8,142,29.56,,0,0,0,72.5,68.5,66.0,0.25,0.43,0.46
PHIL,2017-08-21 18:45:00 EDT,44.19354,-75.71591,430,77.7,,77.7,67.6,66.1,0.000,0.000,0.00,0.000,6.4,10.1,1.3,234,9,6.7,10.5,1.4,235,9,6.4,10.1,1.3,234,9,124,29.56,,0,0,0,72.5,68.5,66.0,0.25,0.43,0.46
PHIL,2017-08-21 18:50:00 EDT,44.19354,-75.71591,430,77.2,,77.2,68.8,66.2,0.000,0.000,0.00,0.000,5.8,7.9,0.8,241,6,6.2,8.9,0.9,242,7,5.8,7.9,0.8,241,6,109,29.57,,0,0,0,72.5,68.5,66.0,0.25,0.43,0.46
PHIL,2017-08-21 18:55:00 EDT,44.19354,-75.71591,430,77.0,,77.0,69.8,66.4,0.000,0.000,0.00,0.000,5.3,7.3,0.7,236,7,5.6,8.2,0.8,237,7,5.3,7.3,0.7,236,7,88,29.57,,0,0,0,72.5,68.5,66.0,0.25,0.43,0.46
PHIL,2017-08-21 19:00:00 EDT,44.19354,-75.71591,430,76.8,,76.8,70.1,66.3,0.000,0.000,0.00,0.000,5.6,8.4,1.2,229,12,5.9,9.4,1.2,230,11,5.6,8.4,1.2,229,12,55,29.57,,0,0,0,72.4,68.5,66.0,0.25,0.44,0.46
PHIL,2017-08-21 19:05:00 EDT,44.19354,-75.71591,430,76.3,,76.3,70.8,66.1,0.000,0.000,0.00,0.000,6.3,9.9,1.5,227,9,6.8,10.4,1.5,227,9,6.3,9.9,1.5,227,9,64,29.57,,0,0,0,72.5,68.5,66.0,0.25,0.43,0.46
PHIL,2017-08-21 19:10:00 EDT,44.19354,-75.71591,430,76.1,,76.1,71.2,66.1,0.000,0.000,0.00,0.000,6.7,8.7,0.7,228,6,7.0,9.1,0.9,227,6,6.7,8.7,0.7,228,6,63,29.56,,0,0,0,72.5,68.5,66.0,0.25,0.43,0.46
PHIL,2017-08-21 19:15:00 EDT,44.19354,-75.71591,430,75.7,,75.7,72.1,66.1,0.000,0.000,0.00,0.000,5.4,7.1,0.7,225,7,5.7,8.0,0.8,224,7,5.4,7.1,0.7,225,7,53,29.56,,0,0,0,72.4,68.5,66.0,0.25,0.43,0.46
PHIL,2017-08-21 19:20:00 EDT,44.19354,-75.71591,430,75.5,,75.5,72.4,66.0,0.000,0.000,0.00,0.000,5.4,6.3,0.6,223,6,5.6,7.5,0.7,222,5,5.4,6.3,0.6,223,6,50,29.56,,0,0,0,72.5,68.5,66.0,0.25,0.43,0.46
PHIL,2017-08-21 19:25:00 EDT,44.19354,-75.71591,430,75.1,,75.1,73.6,66.1,0.000,0.000,0.00,0.000,4.0,5.3,0.5,223,5,4.1,5.4,0.5,223,5,4.0,5.3,0.5,223,5,44,29.56,,0,0,0,72.4,68.5,66.0,0.25,0.43,0.46
PHIL,2017-08-21 19:30:00 EDT,44.19354,-75.71591,430,74.9,,74.9,73.9,66.0,0.000,0.000,0.00,0.000,4.0,5.6,0.6,216,6,4.1,5.7,0.6,215,5,4.0,5.6,0.6,216,6,36,29.56,,0,0,0,72.5,68.5,66.0,0.25,0.43,0.46
PHIL,2017-08-21 19:35:00 EDT,44.19354,-75.71591,430,74.4,,74.4,74.6,65.8,0.000,0.000,0.00,0.000,3.1,5.0,0.6,227,9,3.2,5.2,0.8,226,7,3.1,5.0,0.6,227,9,28,29.56,,0,0,0,72.5,68.5,66.0,0.25,0.43,0.46
PHIL,2017-08-21 19:40:00 EDT,44.19354,-75.71591,430,73.8,,73.8,76.2,65.8,0.000,0.000,0.00,0.000,2.3,3.1,0.3,228,11,2.3,3.0,0.3,227,10,2.3,3.1,0.3,228,11,20,29.56,,0,0,0,72.4,68.5,66.0,0.25,0.44,0.46
PHIL,2017-08-21 19:45:00 EDT,44.19354,-75.71591,430,74.0,,74.0,77.0,66.3,0.000,0.000,0.00,0.000,3.4,5.1,0.7,204,9,3.7,5.7,0.9,204,10,3.4,5.1,0.7,204,9,14,29.56,,0,0,0,72.4,68.5,66.0,0.25,0.43,0.46
PHIL,2017-08-21 19:50:00 EDT,44.19354,-75.71591,430,74.0,,74.0,77.7,66.6,0.000,0.000,0.00,0.000,5.9,9.0,1.0,204,9,6.2,9.3,1.0,203,8,5.9,9.0,1.0,204,9,10,29.56,,0,0,0,72.1,68.5,66.0,0.25,0.43,0.46
PHIL,2017-08-21 19:55:00 EDT,44.19354,-75.71591,430,73.8,,73.8,77.1,66.2,0.000,0.000,0.00,0.000,5.6,7.5,0.8,207,8,5.9,7.8,0.9,206,8,5.6,7.5,0.8,207,8,6,29.56,,0,0,0,72.4,68.5,66.0,0.25,0.43,0.46
PHIL,2017-08-21 20:00:00 EDT,44.19354,-75.71591,430,73.0,,73.0,78.4,65.9,0.000,0.000,0.00,0.000,3.8,5.3,0.7,217,9,3.8,5.7,0.8,217,8,3.8,5.3,0.7,217,9,3,29.56,,0,0,0,72.3,68.5,66.0,0.25,0.43,0.46
PHIL,2017-08-21 20:05:00 EDT,44.19354,-75.71591,430,72.8,,72.8,79.3,66.0,0.000,0.000,0.00,0.000,3.5,5.0,0.6,214,7,3.7,5.6,0.7,215,7,3.5,5.0,0.6,214,7,2,29.56,,0,0,0,72.3,68.5,66.0,0.25,0.44,0.46
PHIL,2017-08-21 20:10:00 EDT,44.19354,-75.71591,430,72.9,,72.9,79.0,66.0,0.000,0.000,0.00,0.000,4.6,6.1,0.6,211,7,4.8,6.4,0.7,211,7,4.6,6.1,0.6,211,7,1,29.56,,0,0,0,72.1,68.5,66.0,0.25,0.43,0.46
PHIL,2017-08-21 20:15:00 EDT,44.19354,-75.71591,430,72.0,,72.0,80.5,65.7,0.000,0.000,0.00,0.000,4.5,5.6,0.5,212,8,4.7,6.4,0.6,211,7,4.5,5.6,0.5,212,8,0,29.56,,0,0,0,72.1,68.5,66.0,0.25,0.43,0.46
PHIL,2017-08-21 20:20:00 EDT,44.19354,-75.71591,430,72.3,,72.3,81.4,66.3,0.000,0.000,0.00,0.000,4.9,6.9,0.7,207,8,5.3,6.7,0.8,206,7,4.9,6.9,0.7,207,8,0,29.56,,0,0,0,72.0,68.5,66.0,0.25,0.44,0.46
PHIL,2017-08-21 20:25:00 EDT,44.19354,-75.71591,430,72.2,,72.2,81.1,66.0,0.000,0.000,0.00,0.000,4.3,5.8,0.5,212,8,4.6,6.0,0.6,211,7,4.3,5.8,0.5,212,8,0,29.57,,0,0,0,72.1,68.5,66.0,0.25,0.43,0.46
PHIL,2017-08-21 20:30:00 EDT,44.19354,-75.71591,430,71.8,,71.8,81.4,65.8,0.000,0.000,0.00,0.000,4.2,5.9,0.8,211,9,4.5,6.2,0.9,211,8,4.2,5.9,0.8,211,9,0,29.57,,0,0,0,72.1,68.5,66.0,0.25,0.43,0.46
PHIL,2017-08-21 20:35:00 EDT,44.19354,-75.71591,430,70.9,,70.9,83.0,65.5,0.000,0.000,0.00,0.000,3.0,4.0,0.4,244,9,3.2,4.5,0.5,244,9,3.0,4.0,0.4,244,9,0,29.57,,0,0,0,72.0,68.5,66.0,0.25,0.43,0.46
PHIL,2017-08-21 20:40:00 EDT,44.19354,-75.71591,430,70.9,,70.9,84.0,65.8,0.000,0.000,0.00,0.000,3.4,5.0,0.5,227,7,3.5,5.5,0.5,228,6,3.4,5.0,0.5,227,7,0,29.57,,0,0,0,71.9,68.5,66.0,0.25,0.44,0.46
PHIL,2017-08-21 20:45:00 EDT,44.19354,-75.71591,430,71.7,,71.7,82.5,66.1,0.000,0.000,0.00,0.000,4.1,5.6,0.6,212,7,4.4,6.0,0.6,211,7,4.1,5.6,0.6,212,7,0,29.57,,0,0,0,72.1,68.5,66.0,0.25,0.44,0.46
PHIL,2017-08-21 20:50:00 EDT,44.19354,-75.71591,430,71.3,,71.3,83.5,66.1,0.000,0.000,0.00,0.000,4.4,5.8,0.6,204,8,4.7,6.3,0.7,203,7,4.4,5.8,0.6,204,8,0,29.56,,0,0,0,72.0,68.5,66.0,0.25,0.43,0.46
PHIL,2017-08-21 20:55:00 EDT,44.19354,-75.71591,430,71.1,,71.1,84.9,66.4,0.000,0.000,0.00,0.000,4.1,5.1,0.4,196,4,4.6,5.6,0.4,196,4,4.1,5.1,0.4,196,4,0,29.56,,0,0,0,71.9,68.5,66.0,0.25,0.43,0.46
PHIL,2017-08-21 21:00:00 EDT,44.19354,-75.71591,430,70.8,,70.8,86.0,66.4,0.000,0.000,0.00,0.000,3.9,5.1,0.5,203,7,4.2,5.5,0.6,203,6,3.9,5.1,0.5,203,7,0,29.56,,0,0,0,72.0,68.5,66.0,0.25,0.43,0.46
PHIL,2017-08-21 21:05:00 EDT,44.19354,-75.71591,430,69.8,,69.8,86.1,65.4,0.000,0.000,0.00,0.000,2.4,3.4,0.4,212,8,2.5,3.9,0.5,212,10,2.4,3.4,0.4,212,8,0,29.56,,0,0,0,71.8,68.6,66.0,0.25,0.43,0.46
PHIL,2017-08-21 21:10:00 EDT,44.19354,-75.71591,430,69.9,,69.9,87.1,65.9,0.000,0.000,0.00,0.000,2.0,3.3,0.6,199,11,2.3,4.1,0.7,201,12,2.0,3.3,0.6,199,11,0,29.56,,0,0,0,71.7,68.5,66.0,0.25,0.43,0.46
PHIL,2017-08-21 21:15:00 EDT,44.19354,-75.71591,430,69.9,,69.9,87.6,66.1,0.000,0.000,0.00,0.000,2.9,4.1,0.4,200,6,3.1,4.5,0.5,202,7,2.9,4.1,0.4,200,6,0,29.56,,0,0,0,71.7,68.5,66.0,0.25,0.43,0.46
PHIL,2017-08-21 21:20:00 EDT,44.19354,-75.71591,430,69.7,,69.7,87.7,65.9,0.000,0.000,0.00,0.000,2.1,3.9,0.7,199,11,2.3,4.2,0.7,200,12,2.1,3.9,0.7,199,11,0,29.56,,0,0,0,71.7,68.5,66.0,0.25,0.43,0.46
PHIL,2017-08-21 21:25:00 EDT,44.19354,-75.71591,430,69.5,,69.5,88.7,66.0,0.000,0.000,0.00,0.000,0.6,1.5,0.4,250,27,0.9,1.9,0.5,261,27,0.6,1.5,0.4,250,27,0,29.56,,0,0,0,71.7,68.6,66.0,0.25,0.43,0.46
PHIL,2017-08-21 21:30:00 EDT,44.19354,-75.71591,430,69.0,,69.0,89.2,65.7,0.000,0.000,0.00,0.000,0.7,1.3,0.3,263,11,0.9,1.6,0.4,266,13,0.7,1.3,0.3,263,11,0,29.56,,0,0,0,71.6,68.6,66.0,0.25,0.43,0.46
PHIL,2017-08-21 21:35:00 EDT,44.19354,-75.71591,430,68.1,,68.1,90.0,65.1,0.000,0.000,0.00,0.000,0.1,0.7,0.2,260,0,0.1,1.1,0.3,252,5,0.1,0.7,0.2,260,0,0,29.56,,0,0,0,71.4,68.6,66.0,0.25,0.43,0.46
PHIL,2017-08-21 21:40:00 EDT,44.19354,-75.71591,430,66.9,,66.9,91.2,64.2,0.000,0.000,0.00,0.000,0.0,0.0,0.0,0,0,0.2,1.0,0.4,289,8,0.0,0.0,0.0,0,0,0,29.57,,0,0,0,71.4,68.5,66.0,0.25,0.43,0.46
PHIL,2017-08-21 21:45:00 EDT,44.19354,-75.71591,430,65.8,,65.8,91.5,63.3,0.000,0.000,0.00,0.000,0.0,0.0,0.0,0,0,0.2,1.0,0.4,275,6,0.0,0.0,0.0,0,0,0,29.57,,0,0,0,71.1,68.6,66.0,0.25,0.43,0.46
PHIL,2017-08-21 21:50:00 EDT,44.19354,-75.71591,430,65.5,,65.5,92.9,63.4,0.000,0.000,0.00,0.000,0.0,0.0,0.0,0,0,0.5,1.0,0.4,345,7,0.0,0.0,0.0,0,0,0,29.57,,0,0,0,71.1,68.6,66.0,0.25,0.44,0.46
PHIL,2017-08-21 21:55:00 EDT,44.19354,-75.71591,430,65.5,,65.5,94.4,63.8,0.000,0.000,0.00,0.000,0.0,0.0,0.0,0,0,0.0,0.8,0.1,355,1,0.0,0.0,0.0,0,0,0,29.57,,0,0,0,71.1,68.6,66.0,0.25,0.44,0.46
PHIL,2017-08-21 22:00:00 EDT,44.19354,-75.71591,430,65.3,,65.3,95.8,64.0,0.000,0.000,0.00,0.000,0.0,0.0,0.0,0,0,0.0,0.0,0.0,0,0,0.0,0.0,0.0,0,0,0,29.57,,0,0,0,71.0,68.7,66.0,0.25,0.43,0.46
PHIL,2017-08-21 22:05:00 EDT,44.19354,-75.71591,430,64.8,,64.8,95.9,63.6,0.000,0.000,0.00,0.000,0.0,0.0,0.0,0,0,0.2,1.1,0.4,181,3,0.0,0.0,0.0,0,0,0,29.57,,0,0,0,71.1,68.7,66.0,0.25,0.43,0.46
PHIL,2017-08-21 22:10:00 EDT,44.19354,-75.71591,430,64.0,,64.0,96.0,62.9,0.000,0.000,0.00,0.000,0.0,0.0,0.0,0,0,1.2,1.5,0.2,180,5,0.0,0.0,0.0,0,0,0,29.57,,0,0,0,71.0,68.6,66.0,0.25,0.43,0.46
PHIL,2017-08-21 22:15:00 EDT,44.19354,-75.71591,430,64.1,,64.1,96.5,63.1,0.000,0.000,0.00,0.000,0.0,0.0,0.0,0,0,0.6,1.3,0.4,175,8,0.0,0.0,0.0,0,0,0,29.57,,0,0,0,71.0,68.7,66.0,0.25,0.43,0.46
PHIL,2017-08-21 22:20:00 EDT,44.19354,-75.71591,430,63.8,,63.8,96.8,62.9,0.000,0.000,0.00,0.000,1.1,2.3,1.0,186,0,1.8,2.6,0.7,187,3,1.1,2.3,1.0,186,0,0,29.57,,0,0,0,71.0,68.7,66.0,0.25,0.44,0.46
PHIL,2017-08-21 22:25:00 EDT,44.19354,-75.71591,430,63.6,,63.6,96.9,62.7,0.000,0.000,0.00,0.000,1.6,2.2,0.2,169,6,1.9,2.5,0.3,167,8,1.6,2.2,0.2,169,6,0,29.57,,0,0,0,71.1,68.7,66.0,0.25,0.44,0.46
PHIL,2017-08-21 22:30:00 EDT,44.19354,-75.71591,430,62.9,,62.9,96.5,61.9,0.000,0.000,0.00,0.000,2.1,2.8,0.4,170,6,2.4,3.3,0.4,167,9,2.1,2.8,0.4,170,6,0,29.57,,0,0,0,71.0,68.7,66.0,0.25,0.43,0.46
PHIL,2017-08-21 22:35:00 EDT,44.19354,-75.71591,430,63.2,,63.2,97.0,62.3,0.000,0.000,0.00,0.000,3.0,3.4,0.3,158,3,3.3,4.1,0.3,156,3,3.0,3.4,0.3,158,3,0,29.57,,0,0,0,71.0,68.8,66.0,0.25,0.43,0.46
PHIL,2017-08-21 22:40:00 EDT,44.19354,-75.71591,430,63.7,,63.7,97.9,63.1,0.000,0.000,0.00,0.000,3.1,3.6,0.2,146,5,3.1,4.0,0.3,143,4,3.1,3.6,0.2,146,5,0,29.57,,0,0,0,70.9,68.8,66.0,0.25,0.44,0.46
PHIL,2017-08-21 22:45:00 EDT,44.19354,-75.71591,430,64.9,,64.9,98.2,64.3,0.000,0.000,0.00,0.000,3.2,3.9,0.2,154,6,3.4,4.5,0.4,152,7,3.2,3.9,0.2,154,6,0,29.57,,0,0,0,70.9,68.8,66.0,0.25,0.43,0.46
PHIL,2017-08-21 22:50:00 EDT,44.19354,-75.71591,430,65.1,,65.1,97.7,64.4,0.000,0.000,0.00,0.000,2.8,3.4,0.2,151,3,2.9,4.0,0.3,149,4,2.8,3.4,0.2,151,3,0,29.57,,0,0,0,70.9,68.9,66.0,0.25,0.43,0.46
PHIL,2017-08-21 22:55:00 EDT,44.19354,-75.71591,430,65.1,,65.1,97.7,64.4,0.000,0.000,0.00,0.000,2.2,3.0,0.5,149,3,2.2,3.0,0.5,146,3,2.2,3.0,0.5,149,3,0,29.57,,0,0,0,70.9,68.8,66.0,0.25,0.44,0.46
PHIL,2017-08-21 23:00:00 EDT,44.19354,-75.71591,430,64.8,,64.8,97.4,64.1,0.000,0.000,0.00,0.000,2.1,2.5,0.2,156,4,2.3,3.3,0.3,152,5,2.1,2.5,0.2,156,4,0,29.57,,0,0,0,70.8,68.9,66.0,0.25,0.43,0.46
PHIL,2017-08-21 23:05:00 EDT,44.19354,-75.71591,430,63.9,,63.9,96.7,62.9,0.000,0.000,0.00,0.000,1.7,2.7,0.6,157,6,2.0,3.2,0.6,154,8,1.7,2.7,0.6,157,6,0,29.57,,0,0,0,70.8,68.9,66.0,0.25,0.44,0.46
PHIL,2017-08-21 23:10:00 EDT,44.19354,-75.71591,430,64.0,,64.0,96.9,63.1,0.000,0.000,0.00,0.000,1.3,2.0,0.3,153,2,1.6,2.4,0.3,154,5,1.3,2.0,0.3,153,2,0,29.56,,0,0,0,70.8,68.9,66.0,0.25,0.43,0.46
PHIL,2017-08-21 23:15:00 EDT,44.19354,-75.71591,430,64.0,,64.0,97.5,63.3,0.000,0.000,0.00,0.000,2.0,2.4,0.2,159,5,2.2,2.8,0.3,157,5,2.0,2.4,0.2,159,5,0,29.56,,0,0,0,70.5,68.9,66.0,0.25,0.43,0.46
PHIL,2017-08-21 23:20:00 EDT,44.19354,-75.71591,430,64.1,,64.1,97.6,63.4,0.000,0.000,0.00,0.000,1.4,2.0,0.3,157,11,1.6,2.4,0.3,155,10,1.4,2.0,0.3,157,11,0,29.56,,0,0,0,70.5,68.9,66.0,0.25,0.44,0.46
PHIL,2017-08-21 23:25:00 EDT,44.19354,-75.71591,430,63.9,,63.9,97.4,63.2,0.000,0.000,0.00,0.000,1.5,3.0,0.5,162,5,1.8,3.1,0.5,161,7,1.5,3.0,0.5,162,5,0,29.56,,0,0,0,70.5,68.9,66.0,0.25,0.43,0.46
PHIL,2017-08-21 23:30:00 EDT,44.19354,-75.71591,430,64.2,,64.2,97.5,63.5,0.000,0.000,0.00,0.000,3.2,4.0,0.3,163,5,3.5,4.6,0.4,162,6,3.2,4.0,0.3,163,5,0,29.55,,0,0,0,70.4,68.9,66.0,0.25,0.44,0.46
PHIL,2017-08-21 23:35:00 EDT,44.19354,-75.71591,430,64.3,,64.3,97.6,63.6,0.000,0.000,0.00,0.000,2.0,3.1,0.5,154,9,2.2,3.6,0.6,151,9,2.0,3.1,0.5,154,9,0,29.55,,0,0,0,70.4,68.9,66.0,0.25,0.43,0.46
PHIL,2017-08-21 23:40:00 EDT,44.19354,-75.71591,430,64.2,,64.2,97.9,63.6,0.000,0.000,0.00,0.000,1.8,2.6,0.2,152,6,2.0,3.1,0.3,150,7,1.8,2.6,0.2,152,6,0,29.55,,0,0,0,70.4,68.9,66.0,0.25,0.44,0.46
PHIL,2017-08-21 23:45:00 EDT,44.19354,-75.71591,430,64.3,,64.3,97.8,63.6,0.000,0.000,0.00,0.000,1.6,2.0,0.2,145,6,1.8,2.6,0.2,143,7,1.6,2.0,0.2,145,6,0,29.55,,0,0,0,70.4,68.9,66.0,0.25,0.43,0.46
PHIL,2017-08-21 23:50:00 EDT,44.19354,-75.71591,430,64.8,,64.8,98.0,64.2,0.000,0.000,0.00,0.000,1.7,2.8,0.3,154,5,2.0,3.1,0.3,152,7,1.7,2.8,0.3,154,5,0,29.56,,0,0,0,70.4,68.9,66.0,0.25,0.44,0.46
PHIL,2017-08-21 23:55:00 EDT,44.19354,-75.71591,430,64.9,,64.9,98.1,64.3,0.000,0.000,0.00,0.000,2.2,2.9,0.3,162,4,2.5,3.5,0.4,160,7,2.2,2.9,0.3,162,4,0,29.56,,0,0,0,70.3,68.9,66.0,0.25,0.44,0.46
PISE,2017-08-21 00:00:00 EDT,43.46474,-74.50432,1759,55.3,57.6,55.3,97.0,54.5,0.000,0.000,0.00,0.000,0.1,0.9,0.3,308,8,0.7,1.7,0.4,293,61,0.1,0.9,0.3,308,8,0,28.32,,0,0,0,68.9,68.6,64.8,0.35,0.41,0.48
PISE,2017-08-21 00:05:00 EDT,43.46474,-74.50432,1759,55.8,58.3,55.8,98.3,55.3,0.000,0.000,0.00,0.000,0.0,0.6,0.1,189,17,0.6,1.4,0.3,119,64,0.0,0.6,0.1,189,17,0,28.32,,0,0,0,68.9,68.6,64.8,0.35,0.41,0.48
PISE,2017-08-21 00:10:00 EDT,43.46474,-74.50432,1759,56.3,58.6,56.3,97.9,55.7,0.000,0.000,0.00,0.000,0.3,1.6,0.5,189,30,0.9,2.0,0.5,177,50,0.3,1.6,0.5,189,30,0,28.32,,0,0,0,68.9,68.6,64.8,0.35,0.41,0.48
PISE,2017-08-21 00:15:00 EDT,43.46474,-74.50432,1759,55.3,57.2,55.3,96.6,54.3,0.000,0.000,0.00,0.000,1.0,1.8,0.5,92,24,1.3,2.3,0.4,92,38,1.0,1.8,0.5,92,24,0,28.32,,0,0,0,68.7,68.6,64.8,0.35,0.41,0.48
PISE,2017-08-21 00:20:00 EDT,43.46474,-74.50432,1759,56.0,57.1,56.0,98.4,55.6,0.000,0.000,0.00,0.000,1.5,2.0,0.2,114,13,1.6,2.4,0.3,120,13,1.5,2.0,0.2,114,13,0,28.32,,0,0,0,68.5,68.6,64.8,0.35,0.41,0.48
PISE,2017-08-21 00:25:00 EDT,43.46474,-74.50432,1759,55.8,57.2,55.8,97.8,55.2,0.000,0.000,0.00,0.000,1.2,2.2,0.5,133,19,1.5,2.7,0.4,131,25,1.2,2.2,0.5,133,19,0,28.33,,0,0,0,68.5,68.5,64.8,0.35,0.41,0.48
PISE,2017-08-21 00:30:00 EDT,43.46474,-74.50432,1759,55.4,57.7,55.4,97.4,54.7,0.000,0.000,0.00,0.000,0.5,1.2,0.5,75,33,0.9,1.9,0.4,98,50,0.5,1.2,0.5,75,33,0,28.33,,0,0,0,68.5,68.5,64.8,0.35,0.41,0.48
PISE,2017-08-21 00:35:00 EDT,43.46474,-74.50432,1759,55.8,57.8,55.8,98.3,55.4,0.000,0.000,0.00,0.000,1.2,1.8,0.4,87,15,1.7,2.4,0.4,86,11,1.2,1.8,0.4,87,15,0,28.32,,0,0,0,68.5,68.5,64.8,0.35,0.41,0.48
PISE,2017-08-21 00:40:00 EDT,43.46474,-74.50432,1759,56.1,57.8,56.1,98.3,55.6,0.000,0.000,0.00,0.000,1.4,1.9,0.2,117,31,1.7,2.4,0.3,126,27,1.4,1.9,0.2,117,31,0,28.32,,0,0,0,68.3,68.5,64.8,0.35,0.41,0.48
PISE,2017-08-21 00:45:00 EDT,43.46474,-74.50432,1759,55.4,58.2,55.4,97.5,54.7,0.000,0.000,0.00,0.000,1.0,1.8,0.4,127,26,1.4,1.9,0.3,126,29,1.0,1.8,0.4,127,26,0,28.32,,0,0,0,68.2,68.5,64.8,0.34,0.41,0.48
PISE,2017-08-21 00:50:00 EDT,43.46474,-74.50432,1759,55.0,57.0,55.0,96.6,54.1,0.000,0.000,0.00,0.000,1.0,2.0,0.7,145,5,1.3,2.5,0.6,144,49,1.0,2.0,0.7,145,5,0,28.33,,0,0,0,68.2,68.5,64.8,0.35,0.41,0.48
PISE,2017-08-21 00:55:00 EDT,43.46474,-74.50432,1759,53.9,55.9,53.9,96.4,52.9,0.000,0.000,0.00,0.000,0.0,0.0,0.0,0,0,0.5,1.1,0.3,54,45,0.0,0.0,0.0,0,0,0,28.33,,0,0,0,68.2,68.5,64.8,0.34,0.41,0.48
PISE,2017-08-21 01:00:00 EDT,43.46474,-74.50432,1759,53.8,55.4,53.8,97.0,53.0,0.000,0.000,0.00,0.000,0.2,0.7,0.2,149,0,0.9,1.7,0.4,5,9,0.2,0.7,0.2,149,0,0,28.33,,0,0,0,68.1,68.5,64.8,0.35,0.41,0.48
PISE,2017-08-21 01:05:00 EDT,43.46474,-74.50432,1759,54.3,56.2,54.3,98.0,53.7,0.000,0.000,0.00,0.000,0.1,0.8,0.2,149,0,1.1,1.7,0.3,66,44,0.1,0.8,0.2,149,0,0,28.33,,0,0,0,67.8,68.5,64.8,0.34,0.41,0.48
PISE,2017-08-21 01:10:00 EDT,43.46474,-74.50432,1759,54.4,56.7,54.4,98.2,53.9,0.000,0.000,0.00,0.000,0.4,1.5,0.5,50,23,1.0,2.1,0.4,61,30,0.4,1.5,0.5,50,23,0,28.33,,0,0,0,67.8,68.5,64.8,0.34,0.41,0.48
PISE,2017-08-21 01:15:00 EDT,43.46474,-74.50432,1759,54.5,56.3,54.5,98.2,54.0,0.000,0.000,0.00,0.000,1.1,1.9,0.6,112,10,1.3,1.8,0.3,109,25,1.1,1.9,0.6,112,10,0,28.33,,0,0,0,67.8,68.5,64.8,0.34,0.41,0.48
PISE,2017-08-21 01:20:00 EDT,43.46474,-74.50432,1759,54.3,55.7,54.3,97.8,53.7,0.000,0.000,0.00,0.000,0.9,1.5,0.4,66,20,1.3,2.0,0.3,60,23,0.9,1.5,0.4,66,20,0,28.32,,0,0,0,67.8,68.5,64.8,0.34,0.41,0.48
PISE,2017-08-21 01:25:00 EDT,43.46474,-74.50432,1759,54.0,55.2,54.0,97.8,53.4,0.000,0.000,0.00,0.000,1.1,1.5,0.3,16,17,1.4,2.2,0.3,8,15,1.1,1.5,0.3,16,17,0,28.32,,0,0,0,67.8,68.5,64.8,0.35,0.41,0.48
PISE,2017-08-21 01:30:00 EDT,43.46474,-74.50432,1759,53.7,55.0,53.7,97.8,53.1,0.000,0.000,0.00,0.000,0.0,0.4,0.1,348,0,0.7,1.1,0.2,41,35,0.0,0.4,0.1,348,0,0,28.32,,0,0,0,67.5,68.5,64.8,0.35,0.41,0.48
PISE,2017-08-21 01:35:00 EDT,43.46474,-74.50432,1759,53.8,55.0,53.8,97.9,53.2,0.000,0.000,0.00,0.000,0.0,0.0,0.0,0,0,0.4,0.9,0.2,86,57,0.0,0.0,0.0,0,0,0,28.32,,0,0,0,67.5,68.5,64.8,0.35,0.41,0.48
PISE,2017-08-21 01:40:00 EDT,43.46474,-74.50432,1759,53.7,54.9,53.7,98.2,53.2,0.000,0.000,0.00,0.000,0.0,0.0,0.0,0,0,0.4,0.9,0.3,44,49,0.0,0.0,0.0,0,0,0,28.32,,0,0,0,67.5,68.5,64.8,0.35,0.41,0.48
PISE,2017-08-21 01:45:00 EDT,43.46474,-74.50432,1759,53.7,55.5,53.7,98.5,53.2,0.000,0.000,0.00,0.000,0.3,0.9,0.3,348,81,0.6,1.1,0.3,158,45,0.3,0.9,0.3,348,81,0,28.32,,0,0,0,67.5,68.5,64.8,0.35,0.41,0.48
PISE,2017-08-21 01:50:00 EDT,43.46474,-74.50432,1759,53.8,55.5,53.8,98.7,53.4,0.000,0.000,0.00,0.000,0.0,0.0,0.0,0,0,0.6,1.2,0.3,81,22,0.0,0.0,0.0,0,0,0,28.32,,0,0,0,67.4,68.5,64.8,0.35,0.41,0.48
PISE,2017-08-21 01:55:00 EDT,43.46474,-74.50432,1759,54.4,55.9,54.4,99.2,54.2,0.000,0.000,0.00,0.000,0.6,1.4,0.5,80,2,1.2,1.8,0.2,100,30,0.6,1.4,0.5,80,2,0,28.32,,0,0,0,67.1,68.5,64.8,0.35,0.41,0.48
PISE,2017-08-21 02:00:00 EDT,43.46474,-74.50432,1759,54.4,55.6,54.4,98.9,54.0,0.000,0.000,0.00,0.000,0.0,0.0,0.0,0,0,0.5,1.3,0.3,208,42,0.0,0.0,0.0,0,0,0,28.33,,0,0,0,67.1,68.5,64.8,0.35,0.41,0.48
PISE,2017-08-21 02:05:00 EDT,43.46474,-74.50432,1759,53.6,55.6,53.6,98.0,53.0,0.000,0.000,0.00,0.000,0.0,0.0,0.0,0,0,0.4,0.8,0.2,131,35,0.0,0.0,0.0,0,0,0,28.32,,0,0,0,67.1,68.5,64.8,0.35,0.41,0.48
PISE,2017-08-21 02:10:00 EDT,43.46474,-74.50432,1759,54.0,55.4,54.0,98.8,53.7,0.000,0.000,0.00,0.000,0.0,0.2,0.0,133,0,0.6,1.2,0.3,35,42,0.0,0.2,0.0,133,0,0,28.32,,0,0,0,67.1,68.5,64.8,0.35,0.41,0.48
PISE,2017-08-21 02:15:00 EDT,43.46474,-74.50432,1759,53.0,54.4,53.0,98.0,52.4,0.000,0.000,0.00,0.000,0.1,0.5,0.1,133,0,0.7,1.1,0.2,356,17,0.1,0.5,0.1,133,0,0,28.32,,0,0,0,67.1,68.5,64.8,0.35,0.40,0.48
PISE,2017-08-21 02:20:00 EDT,43.46474,-74.50432,1759,52.8,54.2,52.8,97.9,52.2,0.000,0.000,0.00,0.000,0.0,0.0,0.0,0,0,0.6,0.9,0.2,17,21,0.0,0.0,0.0,0,0,0,28.32,,0,0,0,66.9,68.5,64.8,0.35,0.41,0.48
PISE,2017-08-21 02:25:00 EDT,43.46474,-74.50432,1759,53.3,55.1,53.3,98.6,53.0,0.000,0.000,0.00,0.000,0.0,0.0,0.0,0,0,0.3,0.7,0.1,54,29,0.0,0.0,0.0,0,0,0,28.32,,0,0,0,66.7,68.5,64.8,0.35,0.41,0.48
PISE,2017-08-21 02:30:00 EDT,43.46474,-74.50432,1759,54.2,55.3,54.2,99.3,54.0,0.000,0.000,0.00,0.000,0.0,0.0,0.0,0,0,0.4,0.7,0.1,92,7,0.0,0.0,0.0,0,0,0,28.32,,0,0,0,66.7,68.5,64.8,0.35,0.41,0.48
PISE,2017-08-21 02:35:00 EDT,43.46474,-74.50432,1759,54.4,55.6,54.4,99.1,54.1,0.000,0.000,0.00,0.000,0.2,1.3,0.4,37,3,1.0,1.8,0.3,78,31,0.2,1.3,0.4,37,3,0,28.32,,0,0,0,66.7,68.5,64.8,0.35,0.41,0.48
PISE,2017-08-21 02:40:00 EDT,43.46474,-74.50432,1759,53.9,54.9,53.9,98.1,53.4,0.000,0.000,0.00,0.000,0.2,1.0,0.3,32,0,0.7,1.3,0.2,31,15,0.2,1.0,0.3,32,0,0,28.32,,0,0,0,66.7,68.5,64.8,0.35,0.41,0.48
PISE,2017-08-21 02:45:00 EDT,43.46474,-74.50432,1759,53.5,54.8,53.5,98.0,53.0,0.000,0.000,0.00,0.000,0.7,1.4,0.2,32,0,1.0,1.8,0.2,34,15,0.7,1.4,0.2,32,0,0,28.32,,0,0,0,66.6,68.5,64.8,0.35,0.41,0.48
PISE,2017-08-21 02:50:00 EDT,43.46474,-74.50432,1759,54.0,55.0,54.0,98.7,53.6,0.000,0.000,0.00,0.000,0.2,0.7,0.3,33,0,1.1,1.6,0.2,80,16,0.2,0.7,0.3,33,0,0,28.32,,0,0,0,66.4,68.5,64.8,0.35,0.41,0.48
PISE,2017-08-21 02:55:00 EDT,43.46474,-74.50432,1759,54.0,55.1,54.0,98.5,53.6,0.000,0.000,0.00,0.000,0.3,0.9,0.3,33,81,0.9,1.2,0.1,60,16,0.3,0.9,0.3,33,81,0,28.32,,0,0,0,66.4,68.5,64.8,0.35,0.41,0.48
PISE,2017-08-21 03:00:00 EDT,43.46474,-74.50432,1759,53.2,54.4,53.2,97.5,52.5,0.000,0.000,0.00,0.000,0.5,0.7,0.2,33,0,1.0,1.2,0.1,49,14,0.5,0.7,0.2,33,0,0,28.32,,0,0,0,66.4,68.5,64.8,0.35,0.40,0.48
PISE,2017-08-21 03:05:00 EDT,43.46474,-74.50432,1759,53.2,54.2,53.2,97.6,52.5,0.000,0.000,0.00,0.000,0.8,1.2,0.2,33,0,1.1,1.4,0.2,50,4,0.8,1.2,0.2,33,0,0,28.33,,0,0,0,66.4,68.5,64.8,0.35,0.40,0.48
PISE,2017-08-21 03:10:00 EDT,43.46474,-74.50432,1759,53.0,54.0,53.0,98.0,52.5,0.000,0.000,0.00,0.000,0.1,0.4,0.2,33,0,0.6,1.0,0.2,26,16,0.1,0.4,0.2,33,0,0,28.33,,0,0,0,66.4,68.5,64.8,0.35,0.41,0.48
PISE,2017-08-21 03:15:00 EDT,43.46474,-74.50432,1759,52.7,53.9,52.7,98.0,52.1,0.000,0.000,0.00,0.000,0.0,0.0,0.0,0,0,0.3,0.6,0.1,106,52,0.0,0.0,0.0,0,0,0,28.33,,0,0,0,66.3,68.5,64.8,0.35,0.41,0.48
PISE,2017-08-21 03:20:00 EDT,43.46474,-74.50432,1759,52.6,53.7,52.6,98.2,52.1,0.000,0.000,0.00,0.000,0.0,0.0,0.0,0,0,0.4,0.7,0.1,163,34,0.0,0.0,0.0,0,0,0,28.33,,0,0,0,66.0,68.5,64.8,0.35,0.41,0.48
PISE,2017-08-21 03:25:00 EDT,43.46474,-74.50432,1759,52.7,53.8,52.7,98.6,52.4,0.000,0.000,0.00,0.000,0.2,0.6,0.2,32,0,0.6,1.0,0.2,215,8,0.2,0.6,0.2,32,0,0,28.33,,0,0,0,66.0,68.5,64.8,0.35,0.40,0.48
PISE,2017-08-21 03:30:00 EDT,43.46474,-74.50432,1759,52.8,53.7,52.8,98.8,52.4,0.000,0.000,0.00,0.000,0.0,0.2,0.0,32,0,0.5,0.8,0.2,225,42,0.0,0.2,0.0,32,0,0,28.33,,0,0,0,66.0,68.5,64.8,0.35,0.41,0.48
PISE,2017-08-21 03:35:00 EDT,43.46474,-74.50432,1759,52.5,53.3,52.5,98.9,52.2,0.000,0.000,0.00,0.000,0.1,0.7,0.2,32,0,0.5,1.0,0.3,348,32,0.1,0.7,0.2,32,0,0,28.33,,0,0,0,66.0,68.5,64.8,0.35,0.40,0.48
PISE,2017-08-21 03:40:00 EDT,43.46474,-74.50432,1759,52.4,53.7,52.4,99.0,52.1,0.000,0.000,0.00,0.000,0.3,0.9,0.3,32,0,0.9,1.2,0.2,60,12,0.3,0.9,0.3,32,0,0,28.33,,0,0,0,66.0,68.3,64.8,0.35,0.41,0.48
PISE,2017-08-21 03:45:00 EDT,43.46474,-74.50432,1759,53.0,54.2,53.0,99.4,52.9,0.000,0.000,0.00,0.000,0.4,1.1,0.4,24,45,0.8,1.5,0.4,206,29,0.4,1.1,0.4,24,45,0,28.33,,0,0,0,65.9,68.2,64.8,0.35,0.41,0.48
PISE,2017-08-21 03:50:00 EDT,43.46474,-74.50432,1759,52.7,54.0,52.7,99.3,52.5,0.000,0.000,0.00,0.000,0.0,0.6,0.1,221,81,0.6,1.0,0.3,174,23,0.0,0.6,0.1,221,81,0,28.34,,0,0,0,65.8,68.2,64.8,0.35,0.41,0.48
PISE,2017-08-21 03:55:00 EDT,43.46474,-74.50432,1759,53.5,55.2,53.5,99.5,53.3,0.000,0.000,0.00,0.000,0.2,0.9,0.3,187,0,0.8,1.3,0.2,170,18,0.2,0.9,0.3,187,0,0,28.33,,0,0,0,65.8,68.2,64.8,0.35,0.41,0.48
PISE,2017-08-21 04:00:00 EDT,43.46474,-74.50432,1759,54.5,55.9,54.5,99.9,54.5,0.000,0.000,0.00,0.000,0.3,0.9,0.3,187,0,0.7,1.2,0.3,170,64,0.3,0.9,0.3,187,0,0,28.33,,0,0,0,65.8,68.2,64.8,0.35,0.40,0.48
PISE,2017-08-21 04:05:00 EDT,43.46474,-74.50432,1759,54.2,55.4,54.2,99.7,54.1,0.000,0.000,0.00,0.000,0.0,0.0,0.0,0,0,0.4,0.7,0.1,67,21,0.0,0.0,0.0,0,0,0,28.33,,0,0,0,65.8,68.2,64.8,0.35,0.40,0.48
PISE,2017-08-21 04:10:00 EDT,43.46474,-74.50432,1759,54.0,55.7,54.0,99.7,53.9,0.000,0.000,0.00,0.000,0.0,0.0,0.0,0,0,0.6,0.8,0.1,104,7,0.0,0.0,0.0,0,0,0,28.33,,0,0,0,65.8,68.2,64.8,0.35,0.40,0.48
PISE,2017-08-21 04:15:00 EDT,43.46474,-74.50432,1759,53.1,55.3,53.1,99.4,52.9,0.000,0.000,0.00,0.000,0.0,0.0,0.0,0,0,0.6,0.8,0.1,136,11,0.0,0.0,0.0,0,0,0,28.33,,0,0,0,65.8,68.2,64.9,0.35,0.40,0.48
PISE,2017-08-21 04:20:00 EDT,43.46474,-74.50432,1759,52.6,54.2,52.6,98.7,52.3,0.000,0.000,0.00,0.000,0.0,0.0,0.0,0,0,0.3,0.6,0.2,332,32,0.0,0.0,0.0,0,0,0,28.33,,0,0,0,65.5,68.2,64.8,0.35,0.41,0.48
PISE,2017-08-21 04:25:00 EDT,43.46474,-74.50432,1759,52.6,53.9,52.6,98.7,52.3,0.000,0.000,0.00,0.000,0.0,0.0,0.0,0,0,0.5,0.9,0.2,217,23,0.0,0.0,0.0,0,0,0,28.33,,0,0,0,65.5,68.2,64.8,0.35,0.40,0.48
PISE,2017-08-21 04:30:00 EDT,43.46474,-74.50432,1759,52.6,53.5,52.6,98.8,52.3,0.000,0.000,0.00,0.000,0.0,0.0,0.0,0,0,0.5,0.9,0.2,250,16,0.0,0.0,0.0,0,0,0,28.33,,0,0,0,65.5,68.2,64.9,0.35,0.41,0.48
PISE,2017-08-21 04:35:00 EDT,43.46474,-74.50432,1759,52.5,53.2,52.5,98.9,52.2,0.000,0.000,0.00,0.000,0.1,0.5,0.1,187,81,0.7,1.0,0.2,239,15,0.1,0.5,0.1,187,81,0,28.33,,0,0,0,65.5,68.2,64.9,0.35,0.40,0.48
PISE,2017-08-21 04:40:00 EDT,43.46474,-74.50432,1759,52.5,53.3,52.5,99.0,52.2,0.000,0.000,0.00,0.000,0.5,1.0,0.4,187,0,1.0,1.4,0.2,164,29,0.5,1.0,0.4,187,0,0,28.33,,0,0,0,65.5,68.2,65.0,0.35,0.41,0.48
PISE,2017-08-21 04:45:00 EDT,43.46474,-74.50432,1759,52.6,53.2,52.6,99.2,52.4,0.000,0.000,0.00,0.000,0.2,0.9,0.3,187,1,0.9,1.5,0.3,29,28,0.2,0.9,0.3,187,1,0,28.33,,0,0,0,65.4,68.2,65.0,0.35,0.40,0.48
PISE,2017-08-21 04:50:00 EDT,43.46474,-74.50432,1759,52.6,53.3,52.6,99.4,52.4,0.000,0.000,0.00,0.000,0.9,1.4,0.5,56,8,1.3,2.0,0.4,54,23,0.9,1.4,0.5,56,8,0,28.33,,0,0,0,65.2,68.1,64.9,0.35,0.41,0.48
PISE,2017-08-21 04:55:00 EDT,43.46474,-74.50432,1759,52.5,53.6,52.5,99.3,52.4,0.000,0.000,0.00,0.000,0.0,0.4,0.1,38,0,0.5,1.2,0.2,53,37,0.0,0.4,0.1,38,0,0,28.33,,0,0,0,65.1,67.9,64.9,0.35,0.41,0.48
PISE,2017-08-21 05:00:00 EDT,43.46474,-74.50432,1759,52.9,54.4,52.9,99.5,52.8,0.000,0.000,0.00,0.000,0.0,0.7,0.1,38,0,0.5,1.1,0.2,75,28,0.0,0.7,0.1,38,0,0,28.33,,0,0,0,65.1,67.8,65.0,0.35,0.41,0.48
PISE,2017-08-21 05:05:00 EDT,43.46474,-74.50432,1759,53.0,53.6,53.0,99.2,52.8,0.000,0.000,0.00,0.000,0.7,0.9,0.1,38,81,1.0,1.2,0.1,40,4,0.7,0.9,0.1,38,81,0,28.33,,0,0,0,65.1,67.8,64.9,0.35,0.41,0.48
PISE,2017-08-21 05:10:00 EDT,43.46474,-74.50432,1759,52.7,53.1,52.7,99.0,52.4,0.000,0.000,0.00,0.000,0.8,1.1,0.2,38,0,1.0,1.5,0.2,34,12,0.8,1.1,0.2,38,0,0,28.33,,0,0,0,65.1,67.8,65.0,0.35,0.41,0.48
PISE,2017-08-21 05:15:00 EDT,43.46474,-74.50432,1759,52.7,53.0,52.7,98.9,52.4,0.000,0.000,0.00,0.000,0.3,0.9,0.2,38,81,0.7,1.2,0.2,48,20,0.3,0.9,0.2,38,81,0,28.33,,0,0,0,65.1,67.8,65.0,0.35,0.40,0.48
PISE,2017-08-21 05:20:00 EDT,43.46474,-74.50432,1759,53.0,53.2,53.0,99.0,52.7,0.000,0.000,0.00,0.000,0.1,0.5,0.2,38,0,0.8,1.3,0.2,68,9,0.1,0.5,0.2,38,0,0,28.33,,0,0,0,65.1,67.8,65.0,0.35,0.40,0.48
PISE,2017-08-21 05:25:00 EDT,43.46474,-74.50432,1759,53.0,53.2,53.0,99.1,52.7,0.000,0.000,0.00,0.000,0.2,0.5,0.2,38,0,0.8,1.4,0.3,55,21,0.2,0.5,0.2,38,0,0,28.34,,0,0,0,65.0,67.8,65.0,0.35,0.41,0.48
PISE,2017-08-21 05:30:00 EDT,43.46474,-74.50432,1759,52.5,53.2,52.5,98.6,52.1,0.000,0.000,0.00,0.000,0.3,0.7,0.3,38,0,1.0,1.7,0.4,69,13,0.3,0.7,0.3,38,0,0,28.34,,0,0,0,64.8,67.8,65.0,0.35,0.41,0.48
PISE,2017-08-21 05:35:00 EDT,43.46474,-74.50432,1759,52.7,53.8,52.7,98.9,52.4,0.000,0.000,0.00,0.000,0.1,0.4,0.2,38,0,1.0,1.4,0.2,84,14,0.1,0.4,0.2,38,0,0,28.34,,0,0,0,64.8,67.8,65.0,0.35,0.40,0.48
PISE,2017-08-21 05:40:00 EDT,43.46474,-74.50432,1759,52.6,53.2,52.6,98.9,52.3,0.000,0.000,0.00,0.000,0.0,0.0,0.0,0,0,0.2,0.7,0.2,94,45,0.0,0.0,0.0,0,0,0,28.34,,0,0,0,64.8,67.8,65.0,0.35,0.41,0.48
PISE,2017-08-21 05:45:00 EDT,43.46474,-74.50432,1759,52.5,53.4,52.5,99.0,52.2,0.000,0.000,0.00,0.000,0.1,0.4,0.2,38,0,0.7,1.1,0.3,185,11,0.1,0.4,0.2,38,0,0,28.34,,0,0,0,64.8,67.8,65.0,0.35,0.41,0.48
PISE,2017-08-21 05:50:00 EDT,43.46474,-74.50432,1759,52.5,53.1,52.5,99.1,52.3,0.000,0.000,0.00,0.000,0.0,0.4,0.1,38,0,0.5,0.8,0.2,208,29,0.0,0.4,0.1,38,0,0,28.34,,0,0,0,64.8,67.8,65.0,0.35,0.41,0.48
PISE,2017-08-21 05:55:00 EDT,43.46474,-74.50432,1759,52.5,53.5,52.5,99.1,52.3,0.000,0.000,0.00,0.000,0.0,0.0,0.0,0,0,0.6,0.8,0.2,106,13,0.0,0.0,0.0,0,0,0,28.34,,0,0,0,64.8,67.8,65.0,0.35,0.41,0.48
PISE,2017-08-21 06:00:00 EDT,43.46474,-74.50432,1759,52.7,53.6,52.7,99.3,52.5,0.000,0.000,0.00,0.000,0.2,0.7,0.2,38,0,0.7,1.0,0.1,56,23,0.2,0.7,0.2,38,0,1,28.34,,0,0,0,64.7,67.8,65.0,0.35,0.41,0.48
PISE,2017-08-21 06:05:00 EDT,43.46474,-74.50432,1759,52.9,53.8,52.9,99.5,52.8,0.000,0.000,0.00,0.000,0.7,1.2,0.3,38,0,1.0,1.4,0.2,47,8,0.7,1.2,0.3,38,0,2,28.34,,0,0,0,64.6,67.8,65.1,0.35,0.41,0.48
PISE,2017-08-21 06:10:00 EDT,43.46474,-74.50432,1759,52.8,53.3,52.8,99.5,52.7,0.000,0.000,0.00,0.000,0.3,0.9,0.3,38,81,0.7,1.2,0.2,41,17,0.3,0.9,0.3,38,81,3,28.34,,0,0,0,64.4,67.8,65.0,0.35,0.41,0.48
PISE,2017-08-21 06:15:00 EDT,43.46474,-74.50432,1759,53.0,53.7,53.0,99.6,52.9,0.000,0.000,0.00,0.000,0.2,0.8,0.3,38,0,0.8,1.4,0.3,53,23,0.2,0.8,0.3,38,0,3,28.34,,0,0,0,64.4,67.8,65.0,0.35,0.41,0.48
PISE,2017-08-21 06:20:00 EDT,43.46474,-74.50432,1759,53.4,54.2,53.4,99.7,53.3,0.000,0.000,0.00,0.000,0.1,0.5,0.1,38,81,0.9,1.3,0.2,73,13,0.1,0.5,0.1,38,81,5,28.33,,0,0,0,64.4,67.8,65.0,0.35,0.41,0.48
PISE,2017-08-21 06:25:00 EDT,43.46474,-74.50432,1759,53.6,54.0,53.6,99.7,53.5,0.000,0.000,0.00,0.000,0.0,0.0,0.0,0,0,0.4,1.0,0.2,65,15,0.0,0.0,0.0,0,0,8,28.33,,0,0,0,64.4,67.8,65.1,0.35,0.41,0.48
PISE,2017-08-21 06:30:00 EDT,43.46474,-74.50432,1759,53.2,53.7,53.2,99.5,53.1,0.000,0.000,0.00,0.000,0.0,0.0,0.0,0,0,0.3,0.6,0.1,343,28,0.0,0.0,0.0,0,0,10,28.33,,0,0,0,64.4,67.7,65.1,0.35,0.41,0.48
PISE,2017-08-21 06:35:00 EDT,43.46474,-74.50432,1759,53.5,54.1,53.5,99.6,53.4,0.000,0.000,0.00,0.000,0.0,0.0,0.0,0,0,0.3,0.6,0.1,56,35,0.0,0.0,0.0,0,0,14,28.34,,0,0,0,64.4,67.5,65.1,0.35,0.41,0.48
PISE,2017-08-21 06:40:00 EDT,43.46474,-74.50432,1759,53.7,54.2,53.7,99.6,53.6,0.000,0.000,0.00,0.000,0.0,0.0,0.0,0,0,0.3,0.7,0.2,328,41,0.0,0.0,0.0,0,0,16,28.34,,0,0,0,64.4,67.5,65.1,0.35,0.41,0.48
PISE,2017-08-21 06:45:00 EDT,43.46474,-74.50432,1759,53.9,54.3,53.9,99.7,53.9,0.000,0.000,0.00,0.000,0.0,0.0,0.0,0,0,0.4,0.8,0.2,237,36,0.0,0.0,0.0,0,0,17,28.34,,0,0,0,64.4,67.5,65.1,0.35,0.41,0.48
PISE,2017-08-21 06:50:00 EDT,43.46474,-74.50432,1759,54.2,54.2,54.2,99.8,54.1,0.000,0.000,0.00,0.000,0.0,0.0,0.0,0,0,0.3,0.7,0.2,273,26,0.0,0.0,0.0,0,0,18,28.34,,0,0,0,64.3,67.5,65.1,0.35,0.41,0.48
PISE,2017-08-21 06:55:00 EDT,43.46474,-74.50432,1759,54.4,54.4,54.4,99.8,54.3,0.000,0.000,0.00,0.000,0.0,0.0,0.0,0,0,0.4,0.9,0.2,255,37,0.0,0.0,0.0,0,0,24,28.34,,0,0,0,64.3,67.5,65.1,0.35,0.41,0.48
PISE,2017-08-21 07:00:00 EDT,43.46474,-74.50432,1759,54.4,54.4,54.4,99.8,54.4,0.000,0.000,0.00,0.000,0.0,0.0,0.0,0,0,0.6,0.8,0.1,300,9,0.0,0.0,0.0,0,0,31,28.34,,0,0,0,64.2,67.5,65.1,0.35,0.41,0.48
PISE,2017-08-21 07:05:00 EDT,43.46474,-74.50432,1759,54.5,54.4,54.5,99.8,54.4,0.000,0.000,0.00,0.000,0.0,0.0,0.0,0,0,0.4,0.7,0.1,278,20,0.0,0.0,0.0,0,0,38,28.34,,0,0,0,64.2,67.5,65.1,0.35,0.41,0.48
PISE,2017-08-21 07:10:00 EDT,43.46474,-74.50432,1759,54.7,54.5,54.7,99.8,54.7,0.000,0.000,0.00,0.000,0.0,0.0,0.0,0,0,0.2,0.6,0.1,264,45,0.0,0.0,0.0,0,0,63,28.34,,0,0,0,64.2,67.5,65.1,0.35,0.41,0.48
PISE,2017-08-21 07:15:00 EDT,43.46474,-74.50432,1759,54.9,54.5,54.9,99.8,54.9,0.000,0.000,0.00,0.000,0.0,0.0,0.0,0,0,0.4,0.9,0.2,249,20,0.0,0.0,0.0,0,0,78,28.34,,0,0,0,64.2,67.5,65.1,0.35,0.41,0.48
PISE,2017-08-21 07:20:00 EDT,43.46474,-74.50432,1759,54.9,54.8,54.9,99.8,54.9,0.002,0.002,0.00,0.002,0.0,0.7,0.2,38,0,0.5,1.3,0.4,358,28,0.0,0.7,0.2,38,0,87,28.34,,0,0,0,64.2,67.5,65.1,0.35,0.41,0.48
PISE,2017-08-21 07:25:00 EDT,43.46474,-74.50432,1759,55.2,54.9,55.2,99.8,55.2,0.000,0.002,0.00,0.002,0.4,0.8,0.3,38,0,0.8,1.2,0.2,32,10,0.4,0.8,0.3,38,0,86,28.34,,0,0,0,64.2,67.5,65.1,0.35,0.41,0.48
PISE,2017-08-21 07:30:00 EDT,43.46474,-74.50432,1759,55.0,54.7,55.0,99.6,54.9,0.000,0.002,0.00,0.002,0.1,0.4,0.1,38,0,0.6,0.9,0.2,51,17,0.1,0.4,0.1,38,0,100,28.34,,0,0,0,64.2,67.5,65.1,0.35,0.41,0.48
PISE,2017-08-21 07:35:00 EDT,43.46474,-74.50432,1759,55.2,54.9,55.2,99.7,55.1,0.000,0.002,0.00,0.002,0.0,0.0,0.0,0,0,0.6,1.3,0.2,360,26,0.0,0.0,0.0,0,0,105,28.34,,0,0,0,64.2,67.4,65.1,0.35,0.41,0.48
PISE,2017-08-21 07:40:00 EDT,43.46474,-74.50432,1759,55.4,55.4,55.4,99.7,55.3,0.000,0.002,0.00,0.002,0.0,0.0,0.0,0,0,0.9,1.3,0.2,349,9,0.0,0.0,0.0,0,0,67,28.34,,0,0,0,64.2,67.3,65.1,0.35,0.41,0.48
PISE,2017-08-21 07:45:00 EDT,43.46474,-74.50432,1759,55.6,55.7,55.6,99.7,55.5,0.000,0.002,0.00,0.002,0.0,0.0,0.0,0,0,0.4,0.8,0.2,345,17,0.0,0.0,0.0,0,0,57,28.34,,0,0,0,64.2,67.2,65.1,0.35,0.41,0.48
PISE,2017-08-21 07:50:00 EDT,43.46474,-74.50432,1759,56.2,55.9,56.2,99.8,56.1,0.000,0.002,0.00,0.002,0.0,0.0,0.0,0,0,0.4,0.8,0.2,53,21,0.0,0.0,0.0,0,0,58,28.34,,0,0,0,64.2,67.1,65.1,0.35,0.41,0.48
PISE,2017-08-21 07:55:00 EDT,43.46474,-74.50432,1759,56.4,56.2,56.4,99.8,56.4,0.000,0.002,0.00,0.002,0.0,0.0,0.0,0,0,0.4,0.9,0.2,51,67,0.0,0.0,0.0,0,0,124,28.34,,0,0,0,64.2,67.1,65.1,0.35,0.41,0.48
PISE,2017-08-21 08:00:00 EDT,43.46474,-74.50432,1759,56.7,56.6,56.7,99.8,56.6,0.000,0.002,0.00,0.002,0.1,1.0,0.2,305,13,0.8,1.9,0.5,322,29,0.1,1.0,0.2,305,13,139,28.34,,0,0,0,64.2,67.1,65.1,0.35,0.41,0.48
PISE,2017-08-21 08:05:00 EDT,43.46474,-74.50432,1759,57.0,56.6,57.0,99.7,56.9,0.000,0.002,0.00,0.002,0.5,1.5,0.5,328,8,1.0,2.3,0.5,350,25,0.5,1.5,0.5,328,8,161,28.34,,0,0,0,64.2,67.1,65.1,0.35,0.41,0.48
PISE,2017-08-21 08:10:00 EDT,43.46474,-74.50432,1759,57.3,57.0,57.3,99.6,57.2,0.000,0.002,0.00,0.002,0.1,0.7,0.2,187,6,0.7,1.4,0.3,144,46,0.1,0.7,0.2,187,6,199,28.34,,0,0,0,64.2,67.1,65.1,0.35,0.41,0.48
PISE,2017-08-21 08:15:00 EDT,43.46474,-74.50432,1759,57.7,57.4,57.7,99.6,57.6,0.000,0.002,0.00,0.002,0.1,0.9,0.2,181,2,0.6,1.5,0.3,177,43,0.1,0.9,0.2,181,2,217,28.34,,0,0,0,64.2,67.1,65.1,0.35,0.41,0.48
PISE,2017-08-21 08:20:00 EDT,43.46474,-74.50432,1759,58.1,57.9,58.1,99.3,57.9,0.000,0.002,0.00,0.000,0.0,0.1,0.0,263,0,0.5,1.5,0.3,269,60,0.0,0.1,0.0,263,0,256,28.34,,0,0,0,64.2,67.1,65.1,0.35,0.41,0.48
PISE,2017-08-21 08:25:00 EDT,43.46474,-74.50432,1759,58.6,58.2,58.6,99.4,58.5,0.000,0.002,0.00,0.000,0.7,1.7,0.4,271,7,1.2,2.4,0.4,278,14,0.7,1.7,0.4,271,7,272,28.34,,0,0,0,64.2,67.1,65.1,0.35,0.41,0.48
PISE,2017-08-21 08:30:00 EDT,43.46474,-74.50432,1759,59.1,58.6,59.1,99.2,58.9,0.000,0.002,0.00,0.000,0.3,1.1,0.4,357,10,1.0,1.9,0.4,3,24,0.3,1.1,0.4,357,10,300,28.34,,0,0,0,64.2,67.1,65.1,0.35,0.41,0.48
PISE,2017-08-21 08:35:00 EDT,43.46474,-74.50432,1759,59.5,59.0,59.5,98.8,59.1,0.000,0.002,0.00,0.000,0.8,1.6,0.4,311,36,1.2,2.3,0.5,303,42,0.8,1.6,0.4,311,36,309,28.34,,0,0,0,64.2,67.1,65.1,0.35,0.41,0.48
PISE,2017-08-21 08:40:00 EDT,43.46474,-74.50432,1759,59.8,59.5,59.8,98.0,59.2,0.000,0.002,0.00,0.000,0.5,1.9,0.6,228,6,1.0,2.5,0.6,227,27,0.5,1.9,0.6,228,6,347,28.34,,0,0,0,64.2,67.1,65.1,0.35,0.41,0.48
PISE,2017-08-21 08:45:00 EDT,43.46474,-74.50432,1759,60.2,59.8,60.2,96.3,59.2,0.000,0.002,0.00,0.000,1.2,1.9,0.4,248,10,1.5,2.5,0.5,254,15,1.2,1.9,0.4,248,10,368,28.33,,0,0,0,64.2,67.1,65.1,0.35,0.41,0.48
PISE,2017-08-21 08:50:00 EDT,43.46474,-74.50432,1759,60.5,60.2,60.5,94.7,59.0,0.000,0.002,0.00,0.000,0.4,1.3,0.3,262,14,1.1,2.0,0.4,270,18,0.4,1.3,0.3,262,14,269,28.33,,0,0,0,64.2,67.1,65.1,0.35,0.41,0.48
PISE,2017-08-21 08:55:00 EDT,43.46474,-74.50432,1759,61.5,60.8,61.5,94.2,59.8,0.000,0.002,0.00,0.000,1.1,2.8,0.6,252,27,1.5,2.7,0.4,254,30,1.1,2.8,0.6,252,27,400,28.34,,0,0,0,64.2,67.1,65.1,0.35,0.41,0.48
PISE,2017-08-21 09:00:00 EDT,43.46474,-74.50432,1759,62.1,61.3,62.1,92.6,59.9,0.000,0.002,0.00,0.000,1.7,3.3,0.7,218,18,2.1,4.1,0.8,219,17,1.7,3.3,0.7,218,18,444,28.34,,0,0,0,64.2,67.1,65.1,0.35,0.41,0.48
PISE,2017-08-21 09:05:00 EDT,43.46474,-74.50432,1759,62.6,61.6,62.6,90.3,59.7,0.000,0.002,0.00,0.000,3.1,4.6,0.9,225,11,3.3,5.3,0.9,226,12,3.1,4.6,0.9,225,11,284,28.34,,0,0,0,64.2,67.1,65.1,0.35,0.41,0.48
PISE,2017-08-21 09:10:00 EDT,43.46474,-74.50432,1759,63.4,61.9,63.4,89.6,60.3,0.000,0.002,0.00,0.000,2.9,3.9,0.6,228,10,3.0,4.4,0.8,230,10,2.9,3.9,0.6,228,10,405,28.34,,0,0,0,64.2,66.9,65.1,0.35,0.41,0.48
PISE,2017-08-21 09:15:00 EDT,43.46474,-74.50432,1759,64.3,62.4,64.3,89.2,61.0,0.000,0.002,0.00,0.000,2.0,3.5,0.7,223,16,2.2,3.5,0.6,226,18,2.0,3.5,0.7,223,16,349,28.33,,0,0,0,64.2,66.8,65.1,0.35,0.41,0.48
PISE,2017-08-21 09:20:00 EDT,43.46474,-74.50432,1759,64.8,62.6,64.8,88.8,61.4,0.000,0.002,0.00,0.000,2.2,3.5,0.5,227,11,2.5,4.2,0.6,230,14,2.2,3.5,0.5,227,11,238,28.33,,0,0,0,64.2,66.7,65.1,0.35,0.41,0.48
PISE,2017-08-21 09:25:00 EDT,43.46474,-74.50432,1759,65.2,63.1,65.2,89.0,61.8,0.000,0.002,0.00,0.000,1.8,3.4,0.8,235,14,2.1,3.8,0.7,239,16,1.8,3.4,0.8,235,14,224,28.33,,0,0,0,64.2,66.7,65.1,0.35,0.41,0.48
PISE,2017-08-21 09:30:00 EDT,43.46474,-74.50432,1759,65.5,63.3,65.5,88.5,62.0,0.000,0.002,0.00,0.000,2.1,3.0,0.5,243,12,2.4,4.1,0.6,245,14,2.1,3.0,0.5,243,12,277,28.33,,0,0,0,64.2,66.7,65.1,0.35,0.41,0.48
PISE,2017-08-21 09:35:00 EDT,43.46474,-74.50432,1759,66.0,63.5,66.0,87.6,62.3,0.000,0.002,0.00,0.000,1.8,3.3,0.8,245,14,2.2,3.9,0.8,250,17,1.8,3.3,0.8,245,14,284,28.33,,0,0,0,64.2,66.7,65.1,0.35,0.41,0.48
PISE,2017-08-21 09:40:00 EDT,43.46474,-74.50432,1759,66.2,63.5,66.2,84.8,61.4,0.000,0.002,0.00,0.000,2.3,3.4,0.5,251,17,2.6,4.2,0.6,253,19,2.3,3.4,0.5,251,17,293,28.33,,0,0,0,64.2,66.7,65.1,0.35,0.41,0.48
PISE,2017-08-21 09:45:00 EDT,43.46474,-74.50432,1759,66.5,64.0,66.5,84.3,61.6,0.000,0.002,0.00,0.000,2.1,3.1,0.5,222,8,2.1,3.6,0.5,225,9,2.1,3.1,0.5,222,8,351,28.33,,0,0,0,64.2,66.7,65.0,0.35,0.41,0.48
PISE,2017-08-21 09:50:00 EDT,43.46474,-74.50432,1759,67.1,66.6,67.1,82.5,61.6,0.000,0.002,0.00,0.000,2.3,3.7,0.7,215,10,2.2,3.7,0.7,219,9,2.3,3.7,0.7,215,10,381,28.33,,0,0,0,64.3,66.7,65.0,0.35,0.41,0.48
PISE,2017-08-21 09:55:00 EDT,43.46474,-74.50432,1759,68.2,67.7,68.2,83.0,62.8,0.000,0.002,0.00,0.000,1.6,2.8,0.5,214,24,1.9,3.2,0.6,217,22,1.6,2.8,0.5,214,24,375,28.33,,0,0,0,64.4,66.7,65.0,0.35,0.41,0.48
PISE,2017-08-21 10:00:00 EDT,43.46474,-74.50432,1759,68.7,68.2,68.7,79.8,62.2,0.000,0.002,0.00,0.000,2.1,3.8,0.9,209,18,2.4,4.6,0.9,211,19,2.1,3.8,0.9,209,18,343,28.33,,0,0,0,64.4,66.7,65.1,0.35,0.41,0.48
PISE,2017-08-21 10:05:00 EDT,43.46474,-74.50432,1759,68.9,68.5,68.9,78.5,62.0,0.000,0.002,0.00,0.000,2.3,4.4,1.1,198,22,2.8,5.2,1.2,199,23,2.3,4.4,1.1,198,22,350,28.33,,0,0,0,64.4,66.7,65.0,0.35,0.41,0.48
PISE,2017-08-21 10:10:00 EDT,43.46474,-74.50432,1759,69.2,68.7,69.2,77.8,62.0,0.000,0.002,0.00,0.000,2.4,5.3,0.9,199,20,2.8,6.5,1.0,201,19,2.4,5.3,0.9,199,20,379,28.33,,0,0,0,64.4,66.7,65.1,0.35,0.41,0.48
PISE,2017-08-21 10:15:00 EDT,43.46474,-74.50432,1759,70.0,69.3,70.0,75.3,61.8,0.000,0.002,0.00,0.000,4.5,7.6,1.2,211,10,4.7,7.8,1.3,214,9,4.5,7.6,1.2,211,10,470,28.33,,0,0,0,64.4,66.7,65.1,0.35,0.41,0.48
PISE,2017-08-21 10:20:00 EDT,43.46474,-74.50432,1759,70.7,69.8,70.7,73.1,61.6,0.000,0.002,0.00,0.000,4.2,6.6,1.3,208,16,4.5,7.5,1.5,209,15,4.2,6.6,1.3,208,16,510,28.34,,0,0,0,64.5,66.7,65.1,0.35,0.41,0.48
PISE,2017-08-21 10:25:00 EDT,43.46474,-74.50432,1759,71.3,70.7,71.3,69.1,60.7,0.000,0.002,0.00,0.000,4.8,6.7,1.1,213,14,5.1,8.4,1.3,215,14,4.8,6.7,1.1,213,14,570,28.34,,0,0,0,64.8,66.6,65.0,0.35,0.41,0.48
PISE,2017-08-21 10:30:00 EDT,43.46474,-74.50432,1759,71.9,71.1,71.9,66.9,60.3,0.000,0.002,0.00,0.000,5.6,8.3,1.2,207,9,6.0,9.4,1.2,209,9,5.6,8.3,1.2,207,9,533,28.34,,0,0,0,64.8,66.5,64.9,0.35,0.41,0.48
PISE,2017-08-21 10:35:00 EDT,43.46474,-74.50432,1759,72.4,71.9,72.4,61.5,58.5,0.000,0.002,0.00,0.000,7.9,11.2,1.6,258,21,8.7,13.4,2.0,261,22,7.9,11.2,1.6,258,21,468,28.34,,0,0,0,64.8,66.4,65.0,0.35,0.41,0.48
PISE,2017-08-21 10:40:00 EDT,43.46474,-74.50432,1759,72.9,72.5,72.9,59.0,57.7,0.000,0.002,0.00,0.000,6.7,12.5,1.9,252,24,7.4,13.1,2.1,253,23,6.7,12.5,1.9,252,24,578,28.34,,0,0,0,64.9,66.4,64.9,0.35,0.41,0.48
PISE,2017-08-21 10:45:00 EDT,43.46474,-74.50432,1759,73.9,72.9,73.9,59.0,58.7,0.000,0.002,0.00,0.000,8.1,14.4,2.3,224,12,8.4,16.6,2.4,225,12,8.1,14.4,2.3,224,12,632,28.33,,0,0,0,65.1,66.4,64.9,0.35,0.41,0.48
PISE,2017-08-21 10:50:00 EDT,43.46474,-74.50432,1759,74.0,73.2,74.0,57.5,58.0,0.000,0.002,0.00,0.000,10.5,16.4,3.0,251,15,11.4,17.1,3.2,253,15,10.5,16.4,3.0,251,15,679,28.33,,0,0,0,65.1,66.4,65.0,0.35,0.41,0.48
PISE,2017-08-21 10:55:00 EDT,43.46474,-74.50432,1759,74.2,73.6,74.2,57.8,58.4,0.000,0.002,0.00,0.000,9.8,15.2,2.4,254,14,10.9,17.5,2.5,257,13,9.8,15.2,2.4,254,14,684,28.33,,0,0,0,65.1,66.4,64.9,0.35,0.41,0.48
PISE,2017-08-21 11:00:00 EDT,43.46474,-74.50432,1759,74.5,73.8,74.5,57.2,58.4,0.000,0.002,0.00,0.000,9.4,14.4,2.4,244,13,10.2,15.3,2.5,247,15,9.4,14.4,2.4,244,13,684,28.33,,0,0,0,65.3,66.4,65.0,0.34,0.41,0.48
PISE,2017-08-21 11:05:00 EDT,43.46474,-74.50432,1759,75.4,74.3,75.4,57.3,59.2,0.000,0.002,0.00,0.000,8.0,14.0,2.4,245,22,8.7,14.9,2.6,247,21,8.0,14.0,2.4,245,22,700,28.33,,0,0,0,65.5,66.4,65.0,0.34,0.41,0.48
PISE,2017-08-21 11:10:00 EDT,43.46474,-74.50432,1759,75.2,74.2,75.2,54.7,57.8,0.000,0.002,0.00,0.000,9.2,14.5,2.0,250,15,10.0,16.6,2.2,253,13,9.2,14.5,2.0,250,15,687,28.33,,0,0,0,65.5,66.4,64.9,0.34,0.41,0.48
PISE,2017-08-21 11:15:00 EDT,43.46474,-74.50432,1759,75.3,74.4,75.3,53.9,57.4,0.000,0.002,0.00,0.000,9.8,15.9,2.6,245,15,10.8,19.3,2.9,246,16,9.8,15.9,2.6,245,15,647,28.32,,0,0,0,65.6,66.4,64.9,0.35,0.41,0.48
PISE,2017-08-21 11:20:00 EDT,43.46474,-74.50432,1759,75.4,74.5,75.4,54.0,57.7,0.000,0.002,0.00,0.000,9.1,13.5,2.2,239,14,9.7,14.7,2.3,239,15,9.1,13.5,2.2,239,14,687,28.32,,0,0,0,65.8,66.4,64.9,0.35,0.41,0.48
PISE,2017-08-21 11:25:00 EDT,43.46474,-74.50432,1759,76.0,74.9,76.0,51.5,56.8,0.000,0.002,0.00,0.000,9.4,13.0,1.9,225,11,10.0,13.7,1.9,225,11,9.4,13.0,1.9,225,11,722,28.32,,0,0,0,65.8,66.4,64.9,0.35,0.41,0.48
PISE,2017-08-21 11:30:00 EDT,43.46474,-74.50432,1759,76.1,75.1,76.1,50.2,56.2,0.000,0.002,0.00,0.000,10.9,17.5,2.5,246,17,11.5,19.5,2.6,249,17,10.9,17.5,2.5,246,17,732,28.32,,0,0,0,65.8,66.4,64.9,0.35,0.41,0.48
PISE,2017-08-21 11:35:00 EDT,43.46474,-74.50432,1759,76.1,75.0,76.1,48.8,55.4,0.000,0.002,0.00,0.000,11.1,16.6,2.0,239,15,12.0,17.3,2.0,241,16,11.1,16.6,2.0,239,15,738,28.32,,0,0,0,66.0,66.4,64.9,0.35,0.41,0.48
PISE,2017-08-21 11:40:00 EDT,43.46474,-74.50432,1759,76.3,75.3,76.3,49.1,55.8,0.000,0.002,0.00,0.000,10.3,18.2,3.0,249,20,11.2,21.0,3.3,250,20,10.3,18.2,3.0,249,20,746,28.32,,0,0,0,66.0,66.4,64.9,0.35,0.41,0.48
PISE,2017-08-21 11:45:00 EDT,43.46474,-74.50432,1759,76.4,75.3,76.4,47.9,55.2,0.000,0.002,0.00,0.000,10.6,16.3,2.5,235,12,11.1,17.6,2.8,236,13,10.6,16.3,2.5,235,12,748,28.32,,0,0,0,66.0,66.4,64.8,0.35,0.41,0.48
PISE,2017-08-21 11:50:00 EDT,43.46474,-74.50432,1759,76.6,75.6,76.6,47.0,54.8,0.000,0.002,0.00,0.000,9.7,17.8,2.9,249,15,10.5,17.1,2.9,252,14,9.7,17.8,2.9,249,15,753,28.32,,0,0,0,66.3,66.4,64.9,0.35,0.41,0.48
PISE,2017-08-21 11:55:00 EDT,43.46474,-74.50432,1759,76.8,75.7,76.8,48.7,56.0,0.000,0.002,0.00,0.000,8.3,13.9,2.6,261,20,9.4,15.6,2.6,264,20,8.3,13.9,2.6,261,20,757,28.31,,0,0,0,66.4,66.4,64.9,0.35,0.41,0.48
PISE,2017-08-21 12:00:00 EDT,43.46474,-74.50432,1759,77.1,76.1,77.1,47.2,55.5,0.000,0.002,0.00,0.000,8.1,15.2,2.5,260,15,9.0,15.5,2.8,260,14,8.1,15.2,2.5,260,15,761,28.31,,0,0,0,66.4,66.4,64.8,0.34,0.41,0.48
PISE,2017-08-21 12:05:00 EDT,43.46474,-74.50432,1759,77.3,76.2,77.3,47.2,55.6,0.000,0.002,0.00,0.000,8.2,15.6,2.9,250,17,9.1,16.5,3.1,253,16,8.2,15.6,2.9,250,17,768,28.31,,0,0,0,66.6,66.4,64.8,0.34,0.41,0.48
PISE,2017-08-21 12:10:00 EDT,43.46474,-74.50432,1759,77.3,76.1,77.3,48.0,56.1,0.000,0.002,0.00,0.000,8.7,12.8,1.8,267,16,9.7,14.4,2.1,268,14,8.7,12.8,1.8,267,16,773,28.31,,0,0,0,66.7,66.4,64.8,0.34,0.41,0.48
PISE,2017-08-21 12:15:00 EDT,43.46474,-74.50432,1759,77.4,76.2,77.4,49.7,57.2,0.000,0.002,0.00,0.000,8.1,14.0,2.2,271,16,9.1,16.3,2.5,274,14,8.1,14.0,2.2,271,16,774,28.31,,0,0,0,66.7,66.4,64.8,0.34,0.41,0.48
PISE,2017-08-21 12:20:00 EDT,43.46474,-74.50432,1759,77.8,76.5,77.8,49.5,57.4,0.000,0.002,0.00,0.000,7.9,12.3,1.9,240,14,8.5,12.9,2.0,241,14,7.9,12.3,1.9,240,14,784,28.31,,0,0,0,67.0,66.4,64.8,0.34,0.41,0.48
PISE,2017-08-21 12:25:00 EDT,43.46474,-74.50432,1759,77.7,76.2,77.7,49.2,57.1,0.000,0.002,0.00,0.000,7.6,14.6,2.2,252,23,8.2,15.0,2.3,253,23,7.6,14.6,2.2,252,23,781,28.31,,0,0,0,67.1,66.4,64.8,0.34,0.41,0.48
PISE,2017-08-21 12:30:00 EDT,43.46474,-74.50432,1759,77.6,76.4,77.6,50.3,57.7,0.000,0.002,0.00,0.000,7.5,12.6,2.3,238,21,8.1,13.5,2.4,239,20,7.5,12.6,2.3,238,21,778,28.30,,0,0,0,67.1,66.3,64.8,0.34,0.41,0.48
PISE,2017-08-21 12:35:00 EDT,43.46474,-74.50432,1759,77.6,76.2,77.6,51.0,58.0,0.000,0.002,0.00,0.000,10.3,15.3,2.8,248,22,10.9,17.6,3.2,249,21,10.3,15.3,2.8,248,22,781,28.30,,0,0,0,67.4,66.3,64.8,0.34,0.41,0.48
PISE,2017-08-21 12:40:00 EDT,43.46474,-74.50432,1759,77.7,76.4,77.7,52.4,58.9,0.000,0.002,0.00,0.000,5.8,12.2,2.0,252,29,6.5,12.9,2.0,256,29,5.8,12.2,2.0,252,29,773,28.30,,0,0,0,67.5,66.2,64.8,0.34,0.41,0.48
PISE,2017-08-21 12:45:00 EDT,43.46474,-74.50432,1759,78.3,77.0,78.3,51.9,59.2,0.000,0.002,0.00,0.000,7.4,10.7,1.5,237,30,8.1,12.4,1.7,238,30,7.4,10.7,1.5,237,30,782,28.30,,0,0,0,67.6,66.1,64.8,0.34,0.41,0.48
PISE,2017-08-21 12:50:00 EDT,43.46474,-74.50432,1759,78.4,77.0,78.4,51.0,58.8,0.000,0.002,0.00,0.000,9.5,12.7,1.7,234,20,10.1,14.2,1.8,236,19,9.5,12.7,1.7,234,20,800,28.30,,0,0,0,67.8,66.1,64.8,0.34,0.41,0.48
PISE,2017-08-21 12:55:00 EDT,43.46474,-74.50432,1759,78.2,76.9,78.2,51.3,58.8,0.000,0.002,0.00,0.000,9.3,17.4,2.8,214,14,10.0,18.7,2.9,214,13,9.3,17.4,2.8,214,14,807,28.30,,0,0,0,67.8,66.1,64.8,0.34,0.41,0.48
PISE,2017-08-21 13:00:00 EDT,43.46474,-74.50432,1759,78.1,76.7,78.1,51.0,58.5,0.000,0.002,0.00,0.000,9.0,15.9,2.6,229,12,9.5,17.3,2.7,229,12,9.0,15.9,2.6,229,12,799,28.30,,0,0,0,68.1,66.0,64.8,0.34,0.41,0.48
PISE,2017-08-21 13:05:00 EDT,43.46474,-74.50432,1759,78.1,76.8,78.1,50.5,58.3,0.000,0.002,0.00,0.000,5.8,10.1,2.1,214,21,6.2,10.6,2.2,216,20,5.8,10.1,2.1,214,21,789,28.30,,0,0,0,68.2,66.0,64.8,0.34,0.41,0.48
PISE,2017-08-21 13:10:00 EDT,43.46474,-74.50432,1759,78.6,77.2,78.6,50.6,58.8,0.000,0.002,0.00,0.000,10.2,17.0,2.9,221,14,11.0,18.0,2.7,221,13,10.2,17.0,2.9,221,14,765,28.30,,0,0,0,68.4,66.0,64.8,0.34,0.41,0.48
PISE,2017-08-21 13:15:00 EDT,43.46474,-74.50432,1759,78.2,77.1,78.2,50.3,58.2,0.000,0.002,0.00,0.000,5.0,9.2,1.7,252,22,5.6,10.2,1.7,254,21,5.0,9.2,1.7,252,22,715,28.30,,0,0,0,68.5,66.0,64.8,0.34,0.41,0.48
PISE,2017-08-21 13:20:00 EDT,43.46474,-74.50432,1759,78.5,77.3,78.5,50.0,58.3,0.000,0.002,0.00,0.000,7.5,12.5,2.6,241,13,8.1,14.5,2.7,243,13,7.5,12.5,2.6,241,13,768,28.30,,0,0,0,68.6,66.0,64.8,0.34,0.41,0.48
PISE,2017-08-21 13:25:00 EDT,43.46474,-74.50432,1759,78.2,76.6,78.2,50.1,58.1,0.000,0.002,0.00,0.000,7.3,13.0,2.6,215,21,7.7,13.4,2.7,216,20,7.3,13.0,2.6,215,21,785,28.30,,0,0,0,68.9,66.0,64.8,0.34,0.41,0.48
PISE,2017-08-21 13:30:00 EDT,43.46474,-74.50432,1759,78.5,77.1,78.5,51.3,59.1,0.000,0.002,0.00,0.000,8.9,13.1,2.5,234,21,9.7,14.7,2.7,234,21,8.9,13.1,2.5,234,21,788,28.30,,0,0,0,69.1,66.0,64.8,0.34,0.41,0.48
PISE,2017-08-21 13:35:00 EDT,43.46474,-74.50432,1759,78.5,77.2,78.5,49.2,57.9,0.000,0.002,0.00,0.000,9.9,17.8,3.3,238,16,10.6,19.6,3.5,240,17,9.9,17.8,3.3,238,16,762,28.30,,0,0,0,69.3,66.0,64.8,0.34,0.41,0.48
PISE,2017-08-21 13:40:00 EDT,43.46474,-74.50432,1759,78.2,77.3,78.2,49.0,57.5,0.000,0.002,0.00,0.000,6.7,13.2,2.9,224,19,7.1,13.5,3.0,226,20,6.7,13.2,2.9,224,19,718,28.30,,0,0,0,69.3,66.0,64.8,0.34,0.41,0.48
PISE,2017-08-21 13:45:00 EDT,43.46474,-74.50432,1759,78.2,77.1,78.2,50.4,58.3,0.000,0.002,0.00,0.000,8.4,12.0,1.3,240,18,9.0,13.1,1.4,241,18,8.4,12.0,1.3,240,18,680,28.30,,0,0,0,69.6,66.0,64.8,0.34,0.40,0.48
PISE,2017-08-21 13:50:00 EDT,43.46474,-74.50432,1759,78.3,77.4,78.3,51.4,58.9,0.000,0.002,0.00,0.000,7.8,13.3,1.9,246,21,8.5,14.6,2.1,248,21,7.8,13.3,1.9,246,21,634,28.30,,0,0,0,69.7,66.0,64.8,0.34,0.41,0.48
PISE,2017-08-21 13:55:00 EDT,43.46474,-74.50432,1759,77.9,76.8,77.9,52.8,59.3,0.000,0.002,0.00,0.000,8.5,11.2,1.8,214,11,9.0,12.1,1.8,215,10,8.5,11.2,1.8,214,11,595,28.30,,0,0,0,70.0,66.0,64.8,0.34,0.40,0.48
PISE,2017-08-21 14:00:00 EDT,43.46474,-74.50432,1759,77.8,76.9,77.8,52.9,59.3,0.000,0.002,0.00,0.000,9.4,13.4,1.8,211,11,9.9,15.8,1.9,212,10,9.4,13.4,1.8,211,11,448,28.29,,0,0,0,70.0,66.0,64.8,0.34,0.41,0.48
PISE,2017-08-21 14:05:00 EDT,43.46474,-74.50432,1759,76.4,76.2,76.4,53.6,58.3,0.000,0.002,0.00,0.000,7.1,11.8,2.3,239,12,7.5,13.4,2.4,240,12,7.1,11.8,2.3,239,12,237,28.30,,0,0,0,70.3,66.0,64.8,0.34,0.41,0.48
PISE,2017-08-21 14:10:00 EDT,43.46474,-74.50432,1759,76.5,76.3,76.5,55.4,59.4,0.000,0.002,0.00,0.000,6.8,15.3,3.5,227,11,7.5,16.0,3.6,229,12,6.8,15.3,3.5,227,11,370,28.29,,0,0,0,70.3,66.0,64.8,0.34,0.40,0.48
PISE,2017-08-21 14:15:00 EDT,43.46474,-74.50432,1759,76.5,76.3,76.5,55.4,59.3,0.000,0.002,0.00,0.000,8.1,11.4,1.9,232,12,8.6,13.0,1.9,233,12,8.1,11.4,1.9,232,12,276,28.29,,0,0,0,70.7,66.1,64.8,0.34,0.40,0.48
PISE,2017-08-21 14:20:00 EDT,43.46474,-74.50432,1759,75.7,76.0,75.7,55.4,58.6,0.000,0.002,0.00,0.000,6.8,10.0,1.1,251,18,7.3,11.0,1.2,254,18,6.8,10.0,1.1,251,18,149,28.29,,0,0,0,70.7,66.0,64.8,0.34,0.40,0.48
PISE,2017-08-21 14:25:00 EDT,43.46474,-74.50432,1759,75.8,75.9,75.8,55.0,58.5,0.000,0.002,0.00,0.000,6.6,11.0,2.2,232,16,7.1,12.0,2.1,234,16,6.6,11.0,2.2,232,16,319,28.29,,0,0,0,70.9,66.1,64.8,0.34,0.40,0.48
PISE,2017-08-21 14:30:00 EDT,43.46474,-74.50432,1759,76.1,76.1,76.1,55.5,59.0,0.000,0.002,0.00,0.000,7.7,11.6,2.1,222,12,8.2,12.0,2.1,223,10,7.7,11.6,2.1,222,12,278,28.29,,0,0,0,71.1,66.2,64.8,0.34,0.40,0.48
PISE,2017-08-21 14:35:00 EDT,43.46474,-74.50432,1759,75.9,75.9,75.9,54.7,58.4,0.000,0.002,0.00,0.000,7.5,12.0,2.2,228,12,8.2,14.0,2.3,227,11,7.5,12.0,2.2,228,12,254,28.29,,0,0,0,71.1,66.2,64.8,0.34,0.40,0.48
PISE,2017-08-21 14:40:00 EDT,43.46474,-74.50432,1759,75.5,75.5,75.5,56.6,59.0,0.000,0.002,0.00,0.000,7.5,10.8,1.2,221,15,7.6,11.1,1.6,221,14,7.5,10.8,1.2,221,15,229,28.28,,0,0,0,71.3,66.3,64.8,0.34,0.40,0.48
PISE,2017-08-21 14:45:00 EDT,43.46474,-74.50432,1759,75.1,75.2,75.1,58.4,59.5,0.000,0.002,0.00,0.000,7.3,11.8,1.9,215,14,7.8,12.1,2.0,215,12,7.3,11.8,1.9,215,14,227,28.28,,0,0,0,71.4,66.4,64.8,0.34,0.40,0.48
PISE,2017-08-21 14:50:00 EDT,43.46474,-74.50432,1759,74.9,74.9,74.9,59.9,60.0,0.000,0.002,0.00,0.000,6.1,9.7,1.8,217,15,6.5,10.2,1.8,216,14,6.1,9.7,1.8,217,15,242,28.28,,0,0,0,71.4,66.4,64.8,0.34,0.40,0.48
PISE,2017-08-21 14:55:00 EDT,43.46474,-74.50432,1759,75.0,74.9,75.0,59.6,60.0,0.000,0.002,0.00,0.000,6.0,10.4,1.9,212,14,6.5,11.4,1.9,212,12,6.0,10.4,1.9,212,14,259,28.28,,0,0,0,71.4,66.4,64.8,0.34,0.40,0.48
PISE,2017-08-21 15:00:00 EDT,43.46474,-74.50432,1759,75.1,75.1,75.1,58.2,59.4,0.000,0.002,0.00,0.000,8.2,12.6,2.0,219,11,8.6,13.3,1.9,220,9,8.2,12.6,2.0,219,11,287,28.28,,0,0,0,71.4,66.4,64.8,0.34,0.40,0.48
PISE,2017-08-21 15:05:00 EDT,43.46474,-74.50432,1759,75.2,75.0,75.2,58.9,59.9,0.000,0.002,0.00,0.000,6.9,9.4,1.3,213,14,7.2,10.3,1.5,214,12,6.9,9.4,1.3,213,14,319,28.28,,0,0,0,71.6,66.4,64.8,0.34,0.40,0.48
PISE,2017-08-21 15:10:00 EDT,43.46474,-74.50432,1759,75.6,75.3,75.6,57.7,59.6,0.000,0.002,0.00,0.000,7.3,10.9,1.6,220,10,7.7,11.1,1.7,222,9,7.3,10.9,1.6,220,10,353,28.28,,0,0,0,71.8,66.4,64.8,0.34,0.40,0.48
PISE,2017-08-21 15:15:00 EDT,43.46474,-74.50432,1759,76.0,75.6,76.0,57.4,59.8,0.000,0.002,0.00,0.000,6.6,9.8,1.3,226,10,6.9,9.9,1.3,225,10,6.6,9.8,1.3,226,10,391,28.28,,0,0,0,71.8,66.4,64.8,0.34,0.40,0.48
PISE,2017-08-21 15:20:00 EDT,43.46474,-74.50432,1759,76.3,75.8,76.3,55.5,59.2,0.000,0.002,0.00,0.000,7.8,10.2,1.3,217,12,8.1,10.7,1.3,219,12,7.8,10.2,1.3,217,12,432,28.28,,0,0,0,71.8,66.4,64.8,0.34,0.40,0.48
PISE,2017-08-21 15:25:00 EDT,43.46474,-74.50432,1759,76.5,75.9,76.5,54.2,58.7,0.000,0.002,0.00,0.000,7.8,11.3,1.6,222,10,8.2,11.8,1.6,222,8,7.8,11.3,1.6,222,10,467,28.28,,0,0,0,71.8,66.4,64.8,0.34,0.40,0.48
PISE,2017-08-21 15:30:00 EDT,43.46474,-74.50432,1759,76.7,76.0,76.7,54.1,58.9,0.000,0.002,0.00,0.000,7.4,10.0,1.1,223,13,7.8,10.4,1.2,223,12,7.4,10.0,1.1,223,13,501,28.28,,0,0,0,71.8,66.4,64.8,0.34,0.40,0.48
PISE,2017-08-21 15:35:00 EDT,43.46474,-74.50432,1759,77.0,76.2,77.0,53.6,58.9,0.000,0.002,0.00,0.000,8.5,12.2,1.4,218,11,9.0,13.0,1.6,219,10,8.5,12.2,1.4,218,11,533,28.28,,0,0,0,71.8,66.4,64.8,0.34,0.40,0.48
PISE,2017-08-21 15:40:00 EDT,43.46474,-74.50432,1759,77.2,76.2,77.2,52.4,58.4,0.000,0.002,0.00,0.000,8.5,13.4,2.0,221,13,9.1,13.6,2.0,222,12,8.5,13.4,2.0,221,13,559,28.28,,0,0,0,72.1,66.4,64.8,0.34,0.40,0.48
PISE,2017-08-21 15:45:00 EDT,43.46474,-74.50432,1759,77.3,76.3,77.3,52.2,58.4,0.000,0.002,0.00,0.000,8.4,11.7,1.7,214,9,8.7,13.0,1.9,215,8,8.4,11.7,1.7,214,9,576,28.28,,0,0,0,72.3,66.4,64.8,0.34,0.40,0.48
PISE,2017-08-21 15:50:00 EDT,43.46474,-74.50432,1759,77.4,76.4,77.4,52.3,58.6,0.000,0.002,0.00,0.000,8.1,12.2,2.0,215,10,8.5,12.6,2.0,216,9,8.1,12.2,2.0,215,10,587,28.28,,0,0,0,72.3,66.4,64.8,0.34,0.40,0.48
PISE,2017-08-21 15:55:00 EDT,43.46474,-74.50432,1759,77.6,76.8,77.6,52.7,58.9,0.000,0.002,0.00,0.000,6.8,12.2,2.1,211,18,7.4,13.7,2.2,213,18,6.8,12.2,2.1,211,18,587,28.28,,0,0,0,72.3,66.4,64.8,0.34,0.40,0.48
PISE,2017-08-21 16:00:00 EDT,43.46474,-74.50432,1759,78.0,77.0,78.0,53.1,59.5,0.000,0.002,0.00,0.000,6.5,9.8,1.6,221,16,7.2,11.1,1.7,222,15,6.5,9.8,1.6,221,16,577,28.28,,0,0,0,72.3,66.4,64.8,0.34,0.40,0.48
PISE,2017-08-21 16:05:00 EDT,43.46474,-74.50432,1759,78.1,77.1,78.1,51.8,59.0,0.000,0.002,0.00,0.000,8.3,13.3,2.1,223,14,8.9,14.3,2.4,224,13,8.3,13.3,2.1,223,14,563,28.28,,0,0,0,72.3,66.4,64.8,0.34,0.40,0.48
PISE,2017-08-21 16:10:00 EDT,43.46474,-74.50432,1759,78.0,77.0,78.0,51.2,58.5,0.000,0.002,0.00,0.000,8.9,13.2,2.2,223,9,9.2,14.5,2.3,223,7,8.9,13.2,2.2,223,9,557,28.28,,0,0,0,72.5,66.4,64.8,0.34,0.40,0.48
PISE,2017-08-21 16:15:00 EDT,43.46474,-74.50432,1759,78.1,77.4,78.1,51.7,58.9,0.000,0.002,0.00,0.000,8.1,13.9,2.7,219,14,8.7,14.2,2.7,220,11,8.1,13.9,2.7,219,14,545,28.27,,0,0,0,72.7,66.4,64.8,0.34,0.40,0.48
PISE,2017-08-21 16:20:00 EDT,43.46474,-74.50432,1759,78.2,77.4,78.2,50.5,58.4,0.000,0.002,0.00,0.000,7.9,11.7,2.0,244,19,8.6,12.7,2.3,246,19,7.9,11.7,2.0,244,19,535,28.27,,0,0,0,72.7,66.4,64.8,0.34,0.40,0.48
PISE,2017-08-21 16:25:00 EDT,43.46474,-74.50432,1759,78.3,77.4,78.3,51.3,58.9,0.000,0.002,0.00,0.000,6.8,9.8,1.5,212,14,7.3,12.0,1.5,215,12,6.8,9.8,1.5,212,14,524,28.27,,0,0,0,72.7,66.5,64.8,0.34,0.40,0.48
PISE,2017-08-21 16:30:00 EDT,43.46474,-74.50432,1759,78.2,77.3,78.2,49.4,57.7,0.000,0.002,0.00,0.000,8.8,13.6,2.2,211,12,9.4,14.6,2.2,212,11,8.8,13.6,2.2,211,12,513,28.27,,0,0,0,72.7,66.7,64.8,0.34,0.40,0.48
PISE,2017-08-21 16:35:00 EDT,43.46474,-74.50432,1759,78.1,77.4,78.1,50.3,58.1,0.000,0.002,0.00,0.000,9.7,14.2,1.8,223,11,10.3,15.8,2.1,223,11,9.7,14.2,1.8,223,11,499,28.27,,0,0,0,73.0,66.7,64.8,0.34,0.40,0.48
PISE,2017-08-21 16:40:00 EDT,43.46474,-74.50432,1759,78.2,77.5,78.2,50.2,58.2,0.000,0.002,0.00,0.000,8.6,11.9,1.9,221,14,9.3,12.5,1.6,222,13,8.6,11.9,1.9,221,14,481,28.27,,0,0,0,73.0,66.7,64.8,0.34,0.40,0.48
PISE,2017-08-21 16:45:00 EDT,43.46474,-74.50432,1759,78.3,77.6,78.3,51.5,58.9,0.000,0.002,0.00,0.000,6.7,10.7,2.1,222,12,7.1,10.9,2.0,223,11,6.7,10.7,2.1,222,12,470,28.27,,0,0,0,73.0,66.7,64.8,0.34,0.40,0.48
PISE,2017-08-21 16:50:00 EDT,43.46474,-74.50432,1759,78.4,77.7,78.4,51.8,59.3,0.000,0.002,0.00,0.000,6.7,10.1,1.4,230,14,7.2,11.1,1.3,232,13,6.7,10.1,1.4,230,14,456,28.26,,0,0,0,73.0,66.7,64.8,0.34,0.40,0.48
PISE,2017-08-21 16:55:00 EDT,43.46474,-74.50432,1759,78.3,77.5,78.3,51.8,59.1,0.000,0.002,0.00,0.000,7.4,12.1,1.9,223,12,7.9,12.6,1.9,225,12,7.4,12.1,1.9,223,12,439,28.26,,0,0,0,73.3,66.7,64.8,0.34,0.40,0.48
PISE,2017-08-21 17:00:00 EDT,43.46474,-74.50432,1759,78.2,77.5,78.2,51.7,59.0,0.000,0.002,0.00,0.000,8.5,11.2,1.5,213,10,8.9,12.4,1.6,215,10,8.5,11.2,1.5,213,10,429,28.26,,0,0,0,73.4,66.7,64.8,0.34,0.40,0.48
PISE,2017-08-21 17:05:00 EDT,43.46474,-74.50432,1759,78.1,77.5,78.1,51.9,59.0,0.000,0.002,0.00,0.000,7.7,11.2,1.9,239,15,8.4,12.4,1.9,240,16,7.7,11.2,1.9,239,15,410,28.26,,0,0,0,73.4,66.7,64.8,0.34,0.40,0.48
PISE,2017-08-21 17:10:00 EDT,43.46474,-74.50432,1759,77.9,77.4,77.9,51.6,58.6,0.000,0.002,0.00,0.000,7.0,11.8,1.9,236,13,7.5,12.1,1.9,237,13,7.0,11.8,1.9,236,13,394,28.26,,0,0,0,73.4,66.7,64.8,0.34,0.40,0.48
PISE,2017-08-21 17:15:00 EDT,43.46474,-74.50432,1759,77.9,77.4,77.9,52.3,59.0,0.000,0.002,0.00,0.000,6.4,9.0,1.2,238,17,6.9,9.9,1.3,239,16,6.4,9.0,1.2,238,17,342,28.26,,0,0,0,73.7,66.7,64.8,0.34,0.40,0.48
PISE,2017-08-21 17:20:00 EDT,43.46474,-74.50432,1759,77.7,77.3,77.7,52.9,59.1,0.000,0.002,0.00,0.000,5.1,7.6,1.3,243,14,5.7,8.4,1.3,244,16,5.1,7.6,1.3,243,14,372,28.26,,0,0,0,73.9,66.7,64.8,0.34,0.40,0.48
PISE,2017-08-21 17:25:00 EDT,43.46474,-74.50432,1759,78.0,77.4,78.0,51.9,58.9,0.000,0.002,0.00,0.000,6.8,10.6,1.8,229,12,7.4,12.1,1.8,229,12,6.8,10.6,1.8,229,12,367,28.26,,0,0,0,73.9,66.7,64.8,0.34,0.40,0.48
PISE,2017-08-21 17:30:00 EDT,43.46474,-74.50432,1759,77.5,77.0,77.5,51.9,58.4,0.000,0.002,0.00,0.000,6.7,9.9,1.4,232,11,7.4,10.6,1.4,232,10,6.7,9.9,1.4,232,11,346,28.26,,0,0,0,73.9,66.9,64.8,0.34,0.40,0.48
PISE,2017-08-21 17:35:00 EDT,43.46474,-74.50432,1759,77.6,77.2,77.6,52.2,58.7,0.000,0.002,0.00,0.000,5.8,9.6,1.6,220,15,6.4,10.7,1.6,221,15,5.8,9.6,1.6,220,15,333,28.26,,0,0,0,73.9,67.1,64.8,0.34,0.40,0.48
PISE,2017-08-21 17:40:00 EDT,43.46474,-74.50432,1759,77.3,76.9,77.3,52.1,58.4,0.000,0.002,0.00,0.000,8.5,11.9,1.5,224,10,9.1,12.4,1.6,224,9,8.5,11.9,1.5,224,10,319,28.26,,0,0,0,73.9,67.1,64.8,0.34,0.40,0.48
PISE,2017-08-21 17:45:00 EDT,43.46474,-74.50432,1759,77.1,76.7,77.1,52.8,58.6,0.000,0.002,0.00,0.000,8.0,11.5,1.6,224,9,8.5,12.3,1.6,225,7,8.0,11.5,1.6,224,9,312,28.26,,0,0,0,74.2,67.1,64.8,0.34,0.40,0.48
PISE,2017-08-21 17:50:00 EDT,43.46474,-74.50432,1759,76.9,76.6,76.9,53.4,58.6,0.000,0.002,0.00,0.000,7.8,10.6,1.4,233,9,8.1,11.2,1.4,233,8,7.8,10.6,1.4,233,9,279,28.26,,0,0,0,74.3,67.1,64.8,0.34,0.40,0.48
PISE,2017-08-21 17:55:00 EDT,43.46474,-74.50432,1759,76.8,76.6,76.8,54.1,58.9,0.000,0.002,0.00,0.000,6.3,9.1,1.4,222,12,6.7,10.0,1.5,223,10,6.3,9.1,1.4,222,12,282,28.26,,0,0,0,74.3,67.1,64.8,0.34,0.40,0.48
PISE,2017-08-21 18:00:00 EDT,43.46474,-74.50432,1759,76.6,76.4,76.6,54.0,58.8,0.000,0.002,0.00,0.000,7.0,11.1,1.5,224,10,7.5,11.5,1.6,225,8,7.0,11.1,1.5,224,10,263,28.26,,0,0,0,74.3,67.1,64.8,0.34,0.40,0.48
PISE,2017-08-21 18:05:00 EDT,43.46474,-74.50432,1759,76.5,76.5,76.5,52.3,57.8,0.000,0.002,0.00,0.000,7.2,10.8,1.6,230,9,7.7,11.5,1.6,230,9,7.2,10.8,1.6,230,9,244,28.25,,0,0,0,74.3,67.1,64.8,0.34,0.40,0.48
PISE,2017-08-21 18:10:00 EDT,43.46474,-74.50432,1759,76.4,76.4,76.4,53.2,58.1,0.000,0.002,0.00,0.000,5.6,8.6,1.2,224,11,6.1,9.3,1.2,225,10,5.6,8.6,1.2,224,11,228,28.25,,0,0,0,74.3,67.1,64.8,0.34,0.40,0.48
PISE,2017-08-21 18:15:00 EDT,43.46474,-74.50432,1759,76.2,76.3,76.2,51.9,57.3,0.000,0.002,0.00,0.000,6.7,8.6,1.1,235,15,7.2,9.7,1.2,236,15,6.7,8.6,1.1,235,15,214,28.25,,0,0,0,74.3,67.1,64.8,0.34,0.40,0.48
PISE,2017-08-21 18:20:00 EDT,43.46474,-74.50432,1759,76.0,76.2,76.0,53.1,57.7,0.000,0.002,0.00,0.000,5.2,7.9,1.3,229,12,5.7,8.3,1.2,231,12,5.2,7.9,1.3,229,12,199,28.25,,0,0,0,74.3,67.1,64.8,0.34,0.40,0.48
PISE,2017-08-21 18:25:00 EDT,43.46474,-74.50432,1759,75.8,76.0,75.8,54.5,58.2,0.000,0.002,0.00,0.000,4.6,6.3,0.8,228,9,4.9,6.7,0.9,229,9,4.6,6.3,0.8,228,9,184,28.25,,0,0,0,74.4,67.1,64.8,0.34,0.40,0.48
PISE,2017-08-21 18:30:00 EDT,43.46474,-74.50432,1759,75.6,75.8,75.6,55.6,58.6,0.000,0.002,0.00,0.000,5.4,8.8,1.6,227,10,5.8,10.8,1.8,228,9,5.4,8.8,1.6,227,10,169,28.25,,0,0,0,74.6,67.1,64.8,0.34,0.40,0.48
PISE,2017-08-21 18:35:00 EDT,43.46474,-74.50432,1759,75.5,75.8,75.5,55.4,58.4,0.000,0.002,0.00,0.000,5.1,8.7,1.3,226,11,5.5,9.2,1.4,226,9,5.1,8.7,1.3,226,11,157,28.25,,0,0,0,74.7,67.1,64.8,0.34,0.40,0.48
PISE,2017-08-21 18:40:00 EDT,43.46474,-74.50432,1759,75.1,75.4,75.1,57.0,58.9,0.000,0.002,0.00,0.000,4.1,7.1,1.2,219,9,4.4,7.0,1.2,221,8,4.1,7.1,1.2,219,9,145,28.25,,0,0,0,74.7,67.1,64.8,0.34,0.40,0.48
PISE,2017-08-21 18:45:00 EDT,43.46474,-74.50432,1759,74.9,75.2,74.9,58.2,59.2,0.000,0.002,0.00,0.000,4.4,6.4,1.0,220,10,4.6,7.0,1.1,221,10,4.4,6.4,1.0,220,10,135,28.25,,0,0,0,74.7,67.3,64.8,0.34,0.40,0.48
PISE,2017-08-21 18:50:00 EDT,43.46474,-74.50432,1759,74.7,74.9,74.7,59.2,59.5,0.000,0.002,0.00,0.000,3.8,6.3,0.8,220,9,3.9,6.6,0.9,222,6,3.8,6.3,0.8,220,9,120,28.25,,0,0,0,74.7,67.4,64.8,0.34,0.40,0.48
PISE,2017-08-21 18:55:00 EDT,43.46474,-74.50432,1759,74.2,74.6,74.2,60.8,59.8,0.000,0.002,0.00,0.000,3.5,4.5,0.5,219,7,3.5,5.1,0.7,221,6,3.5,4.5,0.5,219,7,97,28.25,,0,0,0,74.7,67.5,64.8,0.34,0.40,0.48
PISE,2017-08-21 19:00:00 EDT,43.46474,-74.50432,1759,73.4,73.9,73.4,64.1,60.6,0.000,0.002,0.00,0.000,2.4,3.4,0.4,223,6,2.4,3.9,0.5,224,6,2.4,3.4,0.4,223,6,83,28.25,,0,0,0,74.7,67.5,64.8,0.34,0.40,0.48
PISE,2017-08-21 19:05:00 EDT,43.46474,-74.50432,1759,72.2,73.0,72.2,67.6,60.9,0.000,0.002,0.00,0.000,1.7,3.1,0.5,233,7,1.9,3.0,0.5,238,13,1.7,3.1,0.5,233,7,73,28.25,,0,0,0,74.7,67.5,64.8,0.34,0.40,0.48
PISE,2017-08-21 19:10:00 EDT,43.46474,-74.50432,1759,71.3,72.2,71.3,69.0,60.7,0.000,0.002,0.00,0.000,1.2,2.2,0.4,266,11,1.6,2.6,0.4,271,12,1.2,2.2,0.4,266,11,49,28.25,,0,0,0,74.7,67.5,64.8,0.34,0.40,0.48
PISE,2017-08-21 19:15:00 EDT,43.46474,-74.50432,1759,70.8,71.6,70.8,71.1,61.0,0.000,0.002,0.00,0.000,0.4,1.7,0.5,261,3,0.7,2.3,0.5,261,18,0.4,1.7,0.5,261,3,32,28.25,,0,0,0,74.7,67.5,64.8,0.34,0.40,0.48
PISE,2017-08-21 19:20:00 EDT,43.46474,-74.50432,1759,70.5,70.9,70.5,73.7,61.6,0.000,0.002,0.00,0.000,0.1,1.2,0.3,253,9,0.8,2.0,0.3,321,57,0.1,1.2,0.3,253,9,22,28.25,,0,0,0,74.7,67.5,64.8,0.34,0.40,0.48
PISE,2017-08-21 19:25:00 EDT,43.46474,-74.50432,1759,70.1,70.3,70.1,75.4,62.0,0.000,0.002,0.00,0.000,0.2,1.0,0.3,49,12,0.8,1.4,0.3,44,32,0.2,1.0,0.3,49,12,17,28.25,,0,0,0,74.6,67.5,64.8,0.34,0.40,0.48
PISE,2017-08-21 19:30:00 EDT,43.46474,-74.50432,1759,69.5,70.1,69.5,77.8,62.2,0.000,0.002,0.00,0.000,0.1,0.9,0.2,316,10,0.7,1.5,0.3,298,57,0.1,0.9,0.2,316,10,17,28.25,,0,0,0,74.3,67.5,64.8,0.34,0.40,0.48
PISE,2017-08-21 19:35:00 EDT,43.46474,-74.50432,1759,69.5,69.9,69.5,77.3,62.1,0.000,0.002,0.00,0.000,0.1,0.6,0.2,221,0,0.7,1.3,0.2,214,31,0.1,0.6,0.2,221,0,16,28.25,,0,0,0,74.3,67.5,64.8,0.34,0.40,0.48
PISE,2017-08-21 19:40:00 EDT,43.46474,-74.50432,1759,68.8,69.8,68.8,78.4,61.8,0.000,0.002,0.00,0.000,0.0,0.0,0.0,0,0,0.3,0.8,0.2,173,41,0.0,0.0,0.0,0,0,12,28.25,,0,0,0,74.3,67.7,64.8,0.34,0.40,0.48
PISE,2017-08-21 19:45:00 EDT,43.46474,-74.50432,1759,67.8,68.9,67.8,80.4,61.5,0.000,0.002,0.00,0.000,1.8,3.7,0.8,190,15,2.2,4.0,0.8,190,19,1.8,3.7,0.8,190,15,8,28.25,,0,0,0,74.3,67.8,64.8,0.34,0.40,0.48
PISE,2017-08-21 19:50:00 EDT,43.46474,-74.50432,1759,67.6,68.5,67.6,79.4,61.0,0.000,0.002,0.00,0.000,3.5,6.0,1.0,220,17,3.8,6.5,1.0,222,17,3.5,6.0,1.0,220,17,5,28.25,,0,0,0,74.3,67.8,64.8,0.34,0.40,0.48
PISE,2017-08-21 19:55:00 EDT,43.46474,-74.50432,1759,66.8,68.2,66.8,80.0,60.4,0.000,0.002,0.00,0.000,2.8,4.2,0.6,263,10,3.2,5.0,0.6,265,10,2.8,4.2,0.6,263,10,3,28.25,,0,0,0,74.3,67.8,64.8,0.34,0.40,0.48
PISE,2017-08-21 20:00:00 EDT,43.46474,-74.50432,1759,66.4,67.4,66.4,81.6,60.6,0.000,0.002,0.00,0.000,1.3,1.9,0.3,273,3,1.6,2.5,0.4,277,9,1.3,1.9,0.3,273,3,2,28.25,,0,0,0,74.3,67.8,64.8,0.34,0.40,0.48
PISE,2017-08-21 20:05:00 EDT,43.46474,-74.50432,1759,66.6,67.2,66.6,81.8,60.8,0.000,0.002,0.00,0.000,1.0,1.8,0.5,261,14,1.4,2.4,0.5,265,21,1.0,1.8,0.5,261,14,1,28.25,,0,0,0,74.3,67.8,64.8,0.34,0.40,0.48
PISE,2017-08-21 20:10:00 EDT,43.46474,-74.50432,1759,66.6,67.1,66.6,82.2,61.0,0.000,0.002,0.00,0.000,0.8,2.0,0.6,249,13,1.3,2.3,0.5,250,21,0.8,2.0,0.6,249,13,0,28.25,,0,0,0,74.1,67.8,64.8,0.34,0.40,0.48
PISE,2017-08-21 20:15:00 EDT,43.46474,-74.50432,1759,66.5,67.0,66.5,82.9,61.1,0.000,0.002,0.00,0.000,0.4,1.5,0.4,217,12,0.9,2.3,0.4,209,27,0.4,1.5,0.4,217,12,0,28.25,,0,0,0,73.9,67.8,64.8,0.34,0.40,0.48
PISE,2017-08-21 20:20:00 EDT,43.46474,-74.50432,1759,66.2,67.1,66.2,83.7,61.1,0.000,0.002,0.00,0.000,0.6,1.1,0.3,187,0,1.0,1.5,0.2,199,18,0.6,1.1,0.3,187,0,0,28.25,,0,0,0,73.9,67.8,64.8,0.34,0.40,0.48
PISE,2017-08-21 20:25:00 EDT,43.46474,-74.50432,1759,66.0,66.8,66.0,83.1,60.7,0.000,0.002,0.00,0.000,0.0,0.0,0.0,0,0,0.5,1.4,0.3,261,32,0.0,0.0,0.0,0,0,0,28.25,,0,0,0,73.9,67.8,64.8,0.34,0.40,0.48
PISE,2017-08-21 20:30:00 EDT,43.46474,-74.50432,1759,65.5,66.4,65.5,84.0,60.6,0.000,0.002,0.00,0.000,0.2,1.0,0.3,220,3,0.6,1.6,0.4,251,18,0.2,1.0,0.3,220,3,0,28.25,,0,0,0,73.9,67.8,64.8,0.34,0.40,0.48
PISE,2017-08-21 20:35:00 EDT,43.46474,-74.50432,1759,66.0,66.5,66.0,84.5,61.2,0.000,0.002,0.00,0.000,0.8,1.6,0.4,234,22,1.2,2.1,0.3,243,27,0.8,1.6,0.4,234,22,0,28.26,,0,0,0,73.9,67.8,64.8,0.34,0.40,0.48
PISE,2017-08-21 20:40:00 EDT,43.46474,-74.50432,1759,65.9,66.2,65.9,84.6,61.1,0.000,0.002,0.00,0.000,0.9,1.7,0.3,245,23,1.3,2.4,0.4,246,29,0.9,1.7,0.3,245,23,0,28.26,,0,0,0,73.6,67.8,64.8,0.34,0.40,0.48
PISE,2017-08-21 20:45:00 EDT,43.46474,-74.50432,1759,65.7,65.9,65.7,84.5,60.8,0.000,0.002,0.00,0.000,1.2,1.8,0.3,219,14,1.4,2.1,0.3,220,17,1.2,1.8,0.3,219,14,0,28.26,,0,0,0,73.4,67.8,64.8,0.34,0.40,0.48
PISE,2017-08-21 20:50:00 EDT,43.46474,-74.50432,1759,65.5,65.9,65.5,85.4,61.0,0.000,0.002,0.00,0.000,1.2,2.3,0.4,215,14,1.4,2.6,0.4,217,18,1.2,2.3,0.4,215,14,0,28.25,,0,0,0,73.4,67.9,64.8,0.34,0.40,0.48
PISE,2017-08-21 20:55:00 EDT,43.46474,-74.50432,1759,64.7,65.8,64.7,86.4,60.6,0.000,0.002,0.00,0.000,1.0,1.7,0.4,208,11,1.3,1.8,0.2,205,17,1.0,1.7,0.4,208,11,0,28.25,,0,0,0,73.4,68.1,64.8,0.34,0.40,0.48
PISE,2017-08-21 21:00:00 EDT,43.46474,-74.50432,1759,64.2,65.6,64.2,86.6,60.2,0.000,0.002,0.00,0.000,1.0,1.5,0.2,189,12,1.3,2.0,0.3,195,16,1.0,1.5,0.2,189,12,0,28.25,,0,0,0,73.3,68.2,64.8,0.34,0.40,0.48
PISE,2017-08-21 21:05:00 EDT,43.46474,-74.50432,1759,63.2,65.2,63.2,87.9,59.6,0.000,0.002,0.00,0.000,0.7,1.3,0.2,197,16,1.1,1.8,0.2,189,18,0.7,1.3,0.2,197,16,0,28.25,,0,0,0,73.1,68.2,64.8,0.34,0.40,0.48
PISE,2017-08-21 21:10:00 EDT,43.46474,-74.50432,1759,63.7,65.0,63.7,89.6,60.6,0.000,0.002,0.00,0.000,0.7,1.4,0.4,177,6,1.1,1.8,0.3,184,17,0.7,1.4,0.4,177,6,0,28.25,,0,0,0,73.0,68.2,64.8,0.34,0.40,0.48
PISE,2017-08-21 21:15:00 EDT,43.46474,-74.50432,1759,62.8,64.2,62.8,89.7,59.8,0.000,0.002,0.00,0.000,0.0,0.2,0.0,169,81,0.5,1.1,0.2,122,76,0.0,0.2,0.0,169,81,0,28.25,,0,0,0,73.0,68.2,64.8,0.34,0.40,0.48
PISE,2017-08-21 21:20:00 EDT,43.46474,-74.50432,1759,62.3,63.9,62.3,91.2,59.7,0.000,0.002,0.00,0.000,0.1,0.8,0.2,170,2,0.8,1.2,0.3,181,26,0.1,0.8,0.2,170,2,0,28.25,,0,0,0,73.0,68.2,64.8,0.34,0.40,0.48
PISE,2017-08-21 21:25:00 EDT,43.46474,-74.50432,1759,62.2,63.2,62.2,92.7,60.1,0.000,0.002,0.00,0.000,0.1,0.8,0.2,178,81,0.5,1.1,0.2,226,21,0.1,0.8,0.2,178,81,0,28.25,,0,0,0,72.9,68.2,64.8,0.34,0.40,0.48
PISE,2017-08-21 21:30:00 EDT,43.46474,-74.50432,1759,61.9,63.1,61.9,94.2,60.2,0.000,0.002,0.00,0.000,0.3,0.8,0.3,178,0,0.8,1.2,0.2,180,15,0.3,0.8,0.3,178,0,0,28.25,,0,0,0,72.7,68.2,64.8,0.34,0.40,0.48
PISE,2017-08-21 21:35:00 EDT,43.46474,-74.50432,1759,61.4,63.1,61.4,94.3,59.8,0.000,0.002,0.00,0.000,0.0,0.0,0.0,0,0,0.3,0.6,0.1,181,45,0.0,0.0,0.0,0,0,0,28.25,,0,0,0,72.7,68.2,64.8,0.34,0.40,0.48
PISE,2017-08-21 21:40:00 EDT,43.46474,-74.50432,1759,61.6,62.2,61.6,95.2,60.2,0.000,0.002,0.00,0.000,0.0,1.2,0.2,63,0,0.6,1.3,0.3,25,35,0.0,1.2,0.2,63,0,0,28.25,,0,0,0,72.7,68.2,64.8,0.34,0.40,0.48
PISE,2017-08-21 21:45:00 EDT,43.46474,-74.50432,1759,61.8,62.4,61.8,96.2,60.7,0.000,0.002,0.00,0.000,1.4,1.7,0.2,58,4,1.5,1.7,0.1,50,6,1.4,1.7,0.2,58,4,0,28.25,,0,0,0,72.7,68.2,64.8,0.34,0.40,0.48
PISE,2017-08-21 21:50:00 EDT,43.46474,-74.50432,1759,61.7,62.2,61.7,95.8,60.5,0.000,0.002,0.00,0.000,1.3,1.7,0.2,79,21,1.5,2.2,0.3,85,25,1.3,1.7,0.2,79,21,0,28.25,,0,0,0,72.4,68.3,64.8,0.34,0.40,0.48
PISE,2017-08-21 21:55:00 EDT,43.46474,-74.50432,1759,61.6,62.1,61.6,95.2,60.2,0.000,0.002,0.00,0.000,1.3,1.7,0.2,106,5,1.5,2.2,0.3,105,12,1.3,1.7,0.2,106,5,0,28.25,,0,0,0,72.3,68.4,64.8,0.34,0.40,0.48
PISE,2017-08-21 22:00:00 EDT,43.46474,-74.50432,1759,61.6,61.9,61.6,95.3,60.2,0.000,0.002,0.00,0.000,0.4,1.3,0.5,86,2,1.0,1.8,0.3,40,36,0.4,1.3,0.5,86,2,0,28.25,,0,0,0,72.3,68.5,64.8,0.34,0.40,0.48
PISE,2017-08-21 22:05:00 EDT,43.46474,-74.50432,1759,61.0,61.5,61.0,95.5,59.7,0.000,0.002,0.00,0.000,0.0,1.0,0.2,1,2,1.0,1.6,0.2,351,9,0.0,1.0,0.2,1,2,0,28.25,,0,0,0,72.3,68.5,64.8,0.34,0.40,0.48
PISE,2017-08-21 22:10:00 EDT,43.46474,-74.50432,1759,60.5,61.1,60.5,96.0,59.3,0.000,0.002,0.00,0.000,0.8,1.5,0.4,359,4,1.2,1.9,0.4,3,12,0.8,1.5,0.4,359,4,0,28.25,,0,0,0,72.3,68.5,64.8,0.34,0.40,0.48
PISE,2017-08-21 22:15:00 EDT,43.46474,-74.50432,1759,60.8,61.4,60.8,96.6,59.9,0.000,0.002,0.00,0.000,0.5,1.3,0.4,74,31,0.9,1.5,0.4,77,42,0.5,1.3,0.4,74,31,0,28.25,,0,0,0,71.8,68.5,64.8,0.34,0.40,0.48
PISE,2017-08-21 22:20:00 EDT,43.46474,-74.50432,1759,60.8,62.1,60.8,96.8,59.8,0.000,0.002,0.00,0.000,0.1,0.9,0.3,211,1,0.8,1.6,0.3,212,41,0.1,0.9,0.3,211,1,0,28.25,,0,0,0,71.8,68.5,64.8,0.34,0.40,0.48
PISE,2017-08-21 22:25:00 EDT,43.46474,-74.50432,1759,60.2,61.4,60.2,96.4,59.1,0.000,0.002,0.00,0.000,1.0,1.5,0.3,211,0,1.2,1.7,0.3,214,10,1.0,1.5,0.3,211,0,0,28.25,,0,0,0,71.8,68.5,64.8,0.34,0.40,0.48
PISE,2017-08-21 22:30:00 EDT,43.46474,-74.50432,1759,60.3,61.1,60.3,97.0,59.4,0.000,0.002,0.00,0.000,0.1,0.7,0.2,211,81,0.6,0.9,0.2,173,73,0.1,0.7,0.2,211,81,0,28.25,,0,0,0,71.8,68.5,64.8,0.34,0.40,0.48
PISE,2017-08-21 22:35:00 EDT,43.46474,-74.50432,1759,60.5,61.3,60.5,97.9,59.9,0.000,0.002,0.00,0.000,1.2,2.3,0.8,76,7,1.7,2.7,0.6,79,8,1.2,2.3,0.8,76,7,0,28.25,,0,0,0,71.5,68.5,64.8,0.34,0.40,0.48
PISE,2017-08-21 22:40:00 EDT,43.46474,-74.50432,1759,60.4,61.3,60.4,97.2,59.6,0.000,0.002,0.00,0.000,1.9,2.6,0.4,83,10,2.1,3.0,0.5,84,14,1.9,2.6,0.4,83,10,0,28.25,,0,0,0,71.4,68.5,64.8,0.34,0.40,0.48
PISE,2017-08-21 22:45:00 EDT,43.46474,-74.50432,1759,60.3,60.9,60.3,97.2,59.5,0.000,0.002,0.00,0.000,0.1,1.0,0.2,58,0,0.5,1.3,0.2,358,26,0.1,1.0,0.2,58,0,0,28.25,,0,0,0,71.4,68.5,64.8,0.34,0.40,0.48
PISE,2017-08-21 22:50:00 EDT,43.46474,-74.50432,1759,59.7,60.7,59.7,96.5,58.7,0.000,0.002,0.00,0.000,0.0,0.0,0.0,0,0,0.6,0.9,0.3,181,32,0.0,0.0,0.0,0,0,0,28.25,,0,0,0,71.4,68.5,64.8,0.34,0.40,0.48
PISE,2017-08-21 22:55:00 EDT,43.46474,-74.50432,1759,59.5,60.0,59.5,97.2,58.7,0.000,0.002,0.00,0.000,1.1,1.8,0.6,223,37,1.3,1.9,0.3,229,7,1.1,1.8,0.6,223,37,0,28.25,,0,0,0,71.4,68.5,64.8,0.34,0.40,0.48
PISE,2017-08-21 23:00:00 EDT,43.46474,-74.50432,1759,58.9,59.9,58.9,97.3,58.2,0.000,0.002,0.00,0.000,0.3,1.1,0.3,231,0,0.8,1.4,0.2,229,19,0.3,1.1,0.3,231,0,0,28.25,,0,0,0,71.3,68.5,64.8,0.34,0.40,0.48
PISE,2017-08-21 23:05:00 EDT,43.46474,-74.50432,1759,59.2,60.2,59.2,97.9,58.6,0.000,0.002,0.00,0.000,1.3,2.1,0.6,198,13,1.7,2.3,0.5,188,18,1.3,2.1,0.6,198,13,0,28.25,,0,0,0,71.1,68.5,64.8,0.34,0.40,0.48
PISE,2017-08-21 23:10:00 EDT,43.46474,-74.50432,1759,59.5,60.6,59.5,98.8,59.2,0.000,0.002,0.00,0.000,0.1,0.7,0.2,181,81,0.5,1.2,0.3,198,49,0.1,0.7,0.2,181,81,0,28.24,,0,0,0,71.1,68.5,64.8,0.34,0.40,0.48
PISE,2017-08-21 23:15:00 EDT,43.46474,-74.50432,1759,59.5,60.5,59.5,98.7,59.2,0.000,0.002,0.00,0.000,0.0,0.0,0.0,0,0,0.4,1.1,0.2,197,57,0.0,0.0,0.0,0,0,0,28.25,,0,0,0,71.1,68.5,64.8,0.34,0.40,0.48
PISE,2017-08-21 23:20:00 EDT,43.46474,-74.50432,1759,59.8,60.6,59.8,98.9,59.5,0.000,0.002,0.00,0.000,0.7,1.5,0.5,143,22,1.1,1.9,0.3,138,19,0.7,1.5,0.5,143,22,0,28.24,,0,0,0,71.0,68.5,64.8,0.34,0.40,0.48
PISE,2017-08-21 23:25:00 EDT,43.46474,-74.50432,1759,59.9,60.9,59.9,99.0,59.6,0.000,0.002,0.00,0.000,1.4,1.9,0.3,141,13,1.5,2.5,0.3,137,15,1.4,1.9,0.3,141,13,0,28.25,,0,0,0,70.8,68.5,64.8,0.34,0.40,0.48
PISE,2017-08-21 23:30:00 EDT,43.46474,-74.50432,1759,59.6,60.5,59.6,98.3,59.1,0.000,0.002,0.00,0.000,1.1,1.8,0.5,17,43,1.5,2.4,0.5,17,39,1.1,1.8,0.5,17,43,0,28.24,,0,0,0,70.7,68.5,64.8,0.34,0.40,0.48
PISE,2017-08-21 23:35:00 EDT,43.46474,-74.50432,1759,58.4,59.4,58.4,97.5,57.7,0.000,0.002,0.00,0.000,0.6,1.2,0.4,340,25,1.0,1.5,0.2,348,31,0.6,1.2,0.4,340,25,0,28.24,,0,0,0,70.7,68.5,64.8,0.34,0.40,0.48
PISE,2017-08-21 23:40:00 EDT,43.46474,-74.50432,1759,58.4,59.5,58.4,97.9,57.8,0.000,0.002,0.00,0.000,1.0,1.9,0.6,22,10,1.4,2.2,0.4,18,14,1.0,1.9,0.6,22,10,0,28.24,,0,0,0,70.7,68.5,64.8,0.34,0.40,0.48
PISE,2017-08-21 23:45:00 EDT,43.46474,-74.50432,1759,58.8,59.9,58.8,98.6,58.3,0.000,0.002,0.00,0.000,1.0,1.5,0.3,68,19,1.3,2.1,0.3,67,23,1.0,1.5,0.3,68,19,0,28.24,,0,0,0,70.7,68.5,64.8,0.34,0.40,0.48
PISE,2017-08-21 23:50:00 EDT,43.46474,-74.50432,1759,59.1,59.9,59.1,98.7,58.7,0.000,0.002,0.00,0.000,0.6,1.2,0.4,109,10,0.9,1.4,0.3,111,21,0.6,1.2,0.4,109,10,0,28.24,,0,0,0,70.5,68.5,64.8,0.34,0.40,0.48
PISE,2017-08-21 23:55:00 EDT,43.46474,-74.50432,1759,59.2,60.0,59.2,98.5,58.7,0.000,0.002,0.00,0.000,0.4,0.9,0.3,114,0,0.7,1.4,0.3,109,31,0.4,0.9,0.3,114,0,0,28.24,,0,0,0,70.3,68.5,64.8,0.34,0.40,0.48
POTS,2017-08-21 00:00:00 EDT,44.65687,-74.97443,422,66.8,67.1,66.8,83.0,61.5,0.000,0.000,0.00,0.000,3.0,5.9,1.1,204,21,3.4,6.8,1.3,206,18,3.0,5.9,1.1,204,21,0,29.63,,0,0,0,71.8,70.8,68.5,0.40,0.34,0.38
POTS,2017-08-21 00:05:00 EDT,44.65687,-74.97443,422,66.6,67.1,66.6,83.0,61.3,0.000,0.000,0.00,0.000,3.7,5.8,1.0,198,19,4.1,6.7,1.2,199,19,3.7,5.8,1.0,198,19,0,29.63,,0,0,0,71.8,70.9,68.5,0.40,0.34,0.38
POTS,2017-08-21 00:10:00 EDT,44.65687,-74.97443,422,66.6,67.1,66.6,83.4,61.5,0.000,0.000,0.00,0.000,3.6,6.7,1.2,199,20,3.8,7.3,1.4,199,20,3.6,6.7,1.2,199,20,0,29.63,,0,0,0,71.8,70.9,68.4,0.40,0.34,0.38
POTS,2017-08-21 00:15:00 EDT,44.65687,-74.97443,422,66.8,67.1,66.8,83.2,61.5,0.000,0.000,0.00,0.000,3.2,5.9,1.2,207,18,3.4,6.8,1.4,210,16,3.2,5.9,1.2,207,18,0,29.63,,0,0,0,71.8,70.8,68.5,0.40,0.34,0.38
POTS,2017-08-21 00:20:00 EDT,44.65687,-74.97443,422,66.6,67.0,66.6,82.9,61.2,0.000,0.000,0.00,0.000,2.5,4.5,0.8,211,22,2.9,5.6,0.8,213,22,2.5,4.5,0.8,211,22,0,29.64,,0,0,0,71.8,70.9,68.5,0.40,0.34,0.38
POTS,2017-08-21 00:25:00 EDT,44.65687,-74.97443,422,66.5,67.0,66.5,83.3,61.3,0.000,0.000,0.00,0.000,3.2,5.9,1.1,213,20,3.5,6.3,1.2,216,19,3.2,5.9,1.1,213,20,0,29.64,,0,0,0,71.6,70.9,68.5,0.40,0.33,0.38
POTS,2017-08-21 00:30:00 EDT,44.65687,-74.97443,422,66.7,67.0,66.7,82.9,61.3,0.000,0.000,0.00,0.000,3.0,6.0,1.2,212,25,3.1,7.1,1.3,217,27,3.0,6.0,1.2,212,25,0,29.64,,0,0,0,71.5,70.7,68.5,0.40,0.34,0.38
POTS,2017-08-21 00:35:00 EDT,44.65687,-74.97443,422,66.6,66.9,66.6,83.1,61.4,0.000,0.000,0.00,0.000,3.7,7.3,1.2,210,21,4.0,8.4,1.4,210,19,3.7,7.3,1.2,210,21,0,29.64,,0,0,0,71.4,70.9,68.5,0.40,0.34,0.38
POTS,2017-08-21 00:40:00 EDT,44.65687,-74.97443,422,66.9,67.1,66.9,82.6,61.4,0.000,0.000,0.00,0.000,4.3,8.3,1.5,209,17,4.5,8.9,1.7,210,16,4.3,8.3,1.5,209,17,0,29.64,,0,0,0,71.4,70.8,68.5,0.40,0.34,0.38
POTS,2017-08-21 00:45:00 EDT,44.65687,-74.97443,422,66.8,66.9,66.8,82.3,61.3,0.000,0.000,0.00,0.000,2.8,7.3,1.2,214,22,3.0,7.6,1.3,215,23,2.8,7.3,1.2,214,22,0,29.64,,0,0,0,71.4,70.8,68.5,0.40,0.34,0.38
POTS,2017-08-21 00:50:00 EDT,44.65687,-74.97443,422,66.8,67.0,66.8,82.7,61.4,0.000,0.000,0.00,0.000,3.1,6.3,1.6,211,17,3.4,6.5,1.6,211,19,3.1,6.3,1.6,211,17,0,29.64,,0,0,0,71.4,70.7,68.5,0.40,0.34,0.38
POTS,2017-08-21 00:55:00 EDT,44.65687,-74.97443,422,66.6,67.0,66.6,82.6,61.2,0.000,0.000,0.00,0.000,3.2,5.6,1.0,212,22,3.4,6.6,1.2,213,24,3.2,5.6,1.0,212,22,0,29.64,,0,0,0,71.4,70.7,68.5,0.40,0.34,0.38
POTS,2017-08-21 01:00:00 EDT,44.65687,-74.97443,422,66.6,66.9,66.6,82.7,61.2,0.000,0.000,0.00,0.000,3.6,8.1,2.0,199,22,3.7,8.3,2.1,203,23,3.6,8.1,2.0,199,22,0,29.64,,0,0,0,71.4,70.8,68.5,0.40,0.33,0.38
POTS,2017-08-21 01:05:00 EDT,44.65687,-74.97443,422,66.6,66.9,66.6,82.6,61.2,0.000,0.000,0.00,0.000,3.7,8.9,2.0,207,18,3.9,8.6,1.9,211,19,3.7,8.9,2.0,207,18,0,29.64,,0,0,0,71.4,70.7,68.5,0.40,0.33,0.38
POTS,2017-08-21 01:10:00 EDT,44.65687,-74.97443,422,66.8,66.9,66.8,82.4,61.3,0.000,0.000,0.00,0.000,3.0,6.5,1.4,215,23,3.4,6.9,1.4,221,23,3.0,6.5,1.4,215,23,0,29.64,,0,0,0,71.4,70.6,68.5,0.40,0.34,0.38
POTS,2017-08-21 01:15:00 EDT,44.65687,-74.97443,422,66.8,66.9,66.8,82.1,61.1,0.000,0.000,0.00,0.000,3.6,7.3,1.5,210,24,3.9,8.6,1.6,213,24,3.6,7.3,1.5,210,24,0,29.64,,0,0,0,71.4,70.6,68.6,0.40,0.33,0.38
POTS,2017-08-21 01:20:00 EDT,44.65687,-74.97443,422,66.7,66.9,66.7,82.3,61.2,0.000,0.000,0.00,0.000,3.6,6.3,1.0,214,23,4.1,7.4,1.1,215,22,3.6,6.3,1.0,214,23,0,29.64,,0,0,0,71.4,70.6,68.5,0.40,0.33,0.38
POTS,2017-08-21 01:25:00 EDT,44.65687,-74.97443,422,66.7,67.0,66.7,81.9,61.0,0.000,0.000,0.00,0.000,3.6,6.6,1.1,205,18,3.7,8.0,1.3,207,17,3.6,6.6,1.1,205,18,0,29.64,,0,0,0,71.3,70.7,68.5,0.40,0.34,0.38
POTS,2017-08-21 01:30:00 EDT,44.65687,-74.97443,422,66.6,66.9,66.6,82.0,60.9,0.000,0.000,0.00,0.000,2.6,6.1,1.2,214,20,2.8,7.1,1.4,213,22,2.6,6.1,1.2,214,20,0,29.64,,0,0,0,71.1,70.6,68.5,0.40,0.33,0.38
POTS,2017-08-21 01:35:00 EDT,44.65687,-74.97443,422,66.2,66.7,66.2,83.1,61.0,0.000,0.000,0.00,0.000,3.6,7.6,1.4,205,18,3.8,7.5,1.5,205,17,3.6,7.6,1.4,205,18,0,29.64,,0,0,0,71.1,70.6,68.5,0.40,0.33,0.38
POTS,2017-08-21 01:40:00 EDT,44.65687,-74.97443,422,66.4,66.7,66.4,82.9,61.1,0.000,0.000,0.00,0.000,3.2,5.9,1.2,209,22,3.4,7.2,1.3,211,21,3.2,5.9,1.2,209,22,0,29.64,,0,0,0,71.1,70.6,68.5,0.40,0.34,0.38
POTS,2017-08-21 01:45:00 EDT,44.65687,-74.97443,422,66.3,66.6,66.3,83.0,60.9,0.000,0.000,0.00,0.000,2.4,4.7,1.0,214,22,2.7,5.8,1.1,217,22,2.4,4.7,1.0,214,22,0,29.64,,0,0,0,71.1,70.6,68.5,0.40,0.34,0.38
POTS,2017-08-21 01:50:00 EDT,44.65687,-74.97443,422,66.1,66.5,66.1,83.5,61.0,0.000,0.000,0.00,0.000,3.0,4.9,0.8,205,19,3.2,6.2,1.0,205,18,3.0,4.9,0.8,205,19,0,29.64,,0,0,0,71.1,70.6,68.5,0.40,0.33,0.38
POTS,2017-08-21 01:55:00 EDT,44.65687,-74.97443,422,66.1,66.5,66.1,83.6,61.0,0.000,0.000,0.00,0.000,2.7,5.0,0.9,200,17,3.1,5.6,1.2,202,16,2.7,5.0,0.9,200,17,0,29.64,,0,0,0,71.1,70.6,68.6,0.40,0.33,0.38
POTS,2017-08-21 02:00:00 EDT,44.65687,-74.97443,422,66.0,66.4,66.0,83.5,60.8,0.000,0.000,0.00,0.000,3.0,7.8,1.5,200,20,3.3,8.6,1.5,200,22,3.0,7.8,1.5,200,20,0,29.64,,0,0,0,71.0,70.6,68.5,0.40,0.33,0.38
POTS,2017-08-21 02:05:00 EDT,44.65687,-74.97443,422,66.4,66.8,66.4,83.4,61.2,0.000,0.000,0.00,0.000,3.5,6.6,1.3,208,20,4.0,7.5,1.4,209,20,3.5,6.6,1.3,208,20,0,29.64,,0,0,0,70.8,70.6,68.5,0.40,0.33,0.38
POTS,2017-08-21 02:10:00 EDT,44.65687,-74.97443,422,66.4,66.7,66.4,82.7,61.0,0.000,0.000,0.00,0.000,3.2,6.1,1.2,207,19,3.6,6.5,1.3,207,18,3.2,6.1,1.2,207,19,0,29.64,,0,0,0,70.8,70.6,68.5,0.40,0.33,0.38
POTS,2017-08-21 02:15:00 EDT,44.65687,-74.97443,422,66.5,66.7,66.5,82.5,61.0,0.000,0.000,0.00,0.000,3.1,6.4,1.2,203,21,3.6,7.5,1.4,205,20,3.1,6.4,1.2,203,21,0,29.64,,0,0,0,70.7,70.6,68.5,0.40,0.33,0.38
POTS,2017-08-21 02:20:00 EDT,44.65687,-74.97443,422,66.3,66.7,66.3,82.8,60.9,0.000,0.000,0.00,0.000,2.9,6.1,1.1,205,18,3.2,8.0,1.4,206,17,2.9,6.1,1.1,205,18,0,29.64,,0,0,0,70.7,70.6,68.5,0.40,0.33,0.38
POTS,2017-08-21 02:25:00 EDT,44.65687,-74.97443,422,66.0,66.4,66.0,83.5,60.9,0.000,0.000,0.00,0.000,2.4,5.8,1.1,211,18,2.8,6.0,1.2,213,19,2.4,5.8,1.1,211,18,0,29.64,,0,0,0,70.7,70.6,68.6,0.40,0.33,0.38
POTS,2017-08-21 02:30:00 EDT,44.65687,-74.97443,422,66.0,66.5,66.0,83.6,60.9,0.000,0.000,0.00,0.000,2.6,5.4,1.1,209,19,2.9,5.9,1.2,211,21,2.6,5.4,1.1,209,19,0,29.64,,0,0,0,70.7,70.6,68.6,0.39,0.34,0.38
POTS,2017-08-21 02:35:00 EDT,44.65687,-74.97443,422,66.1,66.5,66.1,83.9,61.0,0.000,0.000,0.00,0.000,3.3,5.2,0.7,198,15,3.7,5.9,0.8,201,14,3.3,5.2,0.7,198,15,0,29.64,,0,0,0,70.7,70.6,68.5,0.39,0.33,0.38
POTS,2017-08-21 02:40:00 EDT,44.65687,-74.97443,422,66.0,66.4,66.0,83.9,61.0,0.000,0.000,0.00,0.000,3.1,6.5,1.2,202,16,3.3,7.9,1.3,206,16,3.1,6.5,1.2,202,16,0,29.64,,0,0,0,70.7,70.6,68.5,0.39,0.33,0.38
POTS,2017-08-21 02:45:00 EDT,44.65687,-74.97443,422,66.1,66.5,66.1,83.6,61.0,0.000,0.000,0.00,0.000,3.0,5.2,1.0,206,16,3.2,6.4,1.1,208,16,3.0,5.2,1.0,206,16,0,29.64,,0,0,0,70.7,70.6,68.5,0.39,0.33,0.38
POTS,2017-08-21 02:50:00 EDT,44.65687,-74.97443,422,65.8,66.5,65.8,84.0,60.9,0.000,0.000,0.00,0.000,2.7,4.6,0.7,205,16,2.8,5.7,0.9,208,17,2.7,4.6,0.7,205,16,0,29.64,,0,0,0,70.7,70.5,68.5,0.39,0.33,0.38
POTS,2017-08-21 02:55:00 EDT,44.65687,-74.97443,422,66.0,66.5,66.0,84.0,61.1,0.000,0.000,0.00,0.000,2.3,5.3,1.0,205,18,2.5,6.5,1.2,206,22,2.3,5.3,1.0,205,18,0,29.64,,0,0,0,70.7,70.5,68.6,0.39,0.34,0.38
POTS,2017-08-21 03:00:00 EDT,44.65687,-74.97443,422,65.9,66.4,65.9,83.9,60.9,0.000,0.000,0.00,0.000,1.0,3.8,0.8,223,21,1.4,5.3,1.0,223,25,1.0,3.8,0.8,223,21,0,29.64,,0,0,0,70.6,70.6,68.5,0.39,0.33,0.38
POTS,2017-08-21 03:05:00 EDT,44.65687,-74.97443,422,66.3,66.5,66.3,83.6,61.1,0.000,0.000,0.00,0.000,2.3,3.9,0.6,218,30,2.5,4.4,0.7,221,32,2.3,3.9,0.6,218,30,0,29.64,,0,0,0,70.5,70.4,68.5,0.39,0.33,0.38
POTS,2017-08-21 03:10:00 EDT,44.65687,-74.97443,422,66.0,66.6,66.0,83.9,61.1,0.000,0.000,0.00,0.000,2.1,4.7,1.0,214,25,2.3,4.9,0.9,213,25,2.1,4.7,1.0,214,25,0,29.64,,0,0,0,70.5,70.6,68.5,0.39,0.33,0.38
POTS,2017-08-21 03:15:00 EDT,44.65687,-74.97443,422,66.2,66.8,66.2,84.1,61.2,0.000,0.000,0.00,0.000,2.6,5.5,0.9,204,16,3.0,5.9,1.0,206,15,2.6,5.5,0.9,204,16,0,29.65,,0,0,0,70.3,70.6,68.5,0.39,0.33,0.38
POTS,2017-08-21 03:20:00 EDT,44.65687,-74.97443,422,66.2,66.8,66.2,83.8,61.2,0.000,0.000,0.00,0.000,2.8,4.6,0.7,200,11,3.0,5.1,0.7,203,11,2.8,4.6,0.7,200,11,0,29.65,,0,0,0,70.3,70.5,68.5,0.39,0.33,0.38
POTS,2017-08-21 03:25:00 EDT,44.65687,-74.97443,422,66.1,66.8,66.1,83.8,61.1,0.000,0.000,0.00,0.000,2.5,4.2,0.7,204,13,2.6,4.7,0.7,206,14,2.5,4.2,0.7,204,13,0,29.64,,0,0,0,70.3,70.6,68.5,0.39,0.33,0.38
POTS,2017-08-21 03:30:00 EDT,44.65687,-74.97443,422,66.2,66.8,66.2,83.6,61.1,0.000,0.000,0.00,0.000,2.1,3.7,0.7,201,17,2.4,4.6,0.7,201,18,2.1,3.7,0.7,201,17,0,29.64,,0,0,0,70.3,70.5,68.6,0.39,0.33,0.38
POTS,2017-08-21 03:35:00 EDT,44.65687,-74.97443,422,66.0,66.7,66.0,83.7,60.9,0.000,0.000,0.00,0.000,2.8,4.6,0.8,192,15,3.1,6.0,1.0,193,14,2.8,4.6,0.8,192,15,0,29.64,,0,0,0,70.3,70.5,68.5,0.39,0.33,0.38
POTS,2017-08-21 03:40:00 EDT,44.65687,-74.97443,422,66.1,66.8,66.1,83.7,61.1,0.000,0.000,0.00,0.000,3.3,4.8,0.6,193,12,3.7,5.9,0.8,195,10,3.3,4.8,0.6,193,12,0,29.64,,0,0,0,70.3,70.5,68.5,0.39,0.33,0.38
POTS,2017-08-21 03:45:00 EDT,44.65687,-74.97443,422,65.6,66.6,65.6,84.5,60.8,0.000,0.000,0.00,0.000,2.5,3.6,0.5,193,10,2.8,4.0,0.5,195,11,2.5,3.6,0.5,193,10,0,29.64,,0,0,0,70.3,70.6,68.5,0.39,0.33,0.38
POTS,2017-08-21 03:50:00 EDT,44.65687,-74.97443,422,65.7,66.6,65.7,85.0,61.1,0.000,0.000,0.00,0.000,2.5,6.2,1.0,204,16,2.8,6.5,1.1,206,15,2.5,6.2,1.0,204,16,0,29.64,,0,0,0,70.3,70.5,68.5,0.39,0.33,0.38
POTS,2017-08-21 03:55:00 EDT,44.65687,-74.97443,422,65.8,66.7,65.8,84.7,61.1,0.000,0.000,0.00,0.000,3.1,5.0,0.7,203,15,3.2,4.8,0.7,205,15,3.1,5.0,0.7,203,15,0,29.64,,0,0,0,70.1,70.5,68.5,0.39,0.34,0.38
POTS,2017-08-21 04:00:00 EDT,44.65687,-74.97443,422,65.3,66.5,65.3,85.1,60.7,0.000,0.000,0.00,0.000,2.5,4.5,0.7,201,18,2.8,5.5,0.8,201,19,2.5,4.5,0.7,201,18,0,29.64,,0,0,0,70.1,70.5,68.5,0.39,0.34,0.38
POTS,2017-08-21 04:05:00 EDT,44.65687,-74.97443,422,65.8,66.4,65.8,84.7,61.1,0.000,0.000,0.00,0.000,3.1,5.8,1.0,204,17,3.5,6.7,1.1,206,16,3.1,5.8,1.0,204,17,0,29.64,,0,0,0,70.1,70.5,68.5,0.39,0.33,0.38
POTS,2017-08-21 04:10:00 EDT,44.65687,-74.97443,422,66.3,66.5,66.3,83.0,60.9,0.000,0.000,0.00,0.000,2.7,6.8,1.3,201,21,3.2,7.3,1.4,205,17,2.7,6.8,1.3,201,21,0,29.64,,0,0,0,70.0,70.5,68.5,0.39,0.33,0.38
POTS,2017-08-21 04:15:00 EDT,44.65687,-74.97443,422,66.1,66.5,66.1,82.5,60.7,0.000,0.000,0.00,0.000,3.1,5.9,1.0,207,20,3.5,6.8,1.2,210,18,3.1,5.9,1.0,207,20,0,29.64,,0,0,0,70.0,70.5,68.5,0.39,0.34,0.38
POTS,2017-08-21 04:20:00 EDT,44.65687,-74.97443,422,66.2,66.7,66.2,82.6,60.7,0.000,0.000,0.00,0.000,3.4,8.9,1.6,202,21,3.7,9.7,1.8,204,22,3.4,8.9,1.6,202,21,0,29.64,,0,0,0,70.0,70.6,68.5,0.39,0.33,0.38
POTS,2017-08-21 04:25:00 EDT,44.65687,-74.97443,422,66.3,66.7,66.3,81.6,60.5,0.000,0.000,0.00,0.000,2.9,6.4,1.3,202,21,3.2,7.6,1.4,207,19,2.9,6.4,1.3,202,21,0,29.65,,0,0,0,70.0,70.5,68.5,0.39,0.34,0.38
POTS,2017-08-21 04:30:00 EDT,44.65687,-74.97443,422,66.2,66.7,66.2,81.7,60.4,0.000,0.000,0.00,0.000,3.9,6.6,1.2,203,21,4.3,8.7,1.6,205,19,3.9,6.6,1.2,203,21,0,29.65,,0,0,0,70.0,70.4,68.6,0.39,0.33,0.38
POTS,2017-08-21 04:35:00 EDT,44.65687,-74.97443,422,66.2,66.7,66.2,81.7,60.4,0.000,0.000,0.00,0.000,3.5,6.4,1.2,200,19,4.0,8.3,1.4,200,17,3.5,6.4,1.2,200,19,0,29.65,,0,0,0,70.0,70.5,68.6,0.39,0.33,0.38
POTS,2017-08-21 04:40:00 EDT,44.65687,-74.97443,422,66.5,66.8,66.5,81.0,60.5,0.000,0.000,0.00,0.000,4.0,7.4,1.2,201,23,4.3,8.1,1.4,204,19,4.0,7.4,1.2,201,23,0,29.65,,0,0,0,70.0,70.5,68.6,0.39,0.33,0.38
POTS,2017-08-21 04:45:00 EDT,44.65687,-74.97443,422,66.6,66.9,66.6,80.5,60.4,0.000,0.000,0.00,0.000,3.5,7.2,1.5,205,24,4.0,8.0,1.6,207,21,3.5,7.2,1.5,205,24,0,29.65,,0,0,0,70.0,70.4,68.5,0.39,0.34,0.38
POTS,2017-08-21 04:50:00 EDT,44.65687,-74.97443,422,66.6,67.0,66.6,80.2,60.3,0.000,0.000,0.00,0.000,3.4,6.6,1.5,209,22,3.7,7.5,1.6,211,20,3.4,6.6,1.5,209,22,0,29.65,,0,0,0,70.0,70.4,68.6,0.39,0.33,0.38
POTS,2017-08-21 04:55:00 EDT,44.65687,-74.97443,422,66.5,66.9,66.5,80.3,60.3,0.000,0.000,0.00,0.000,2.5,4.4,0.8,201,21,2.8,4.7,0.9,202,20,2.5,4.4,0.8,201,21,0,29.65,,0,0,0,70.0,70.4,68.5,0.39,0.33,0.38
POTS,2017-08-21 05:00:00 EDT,44.65687,-74.97443,422,66.5,66.9,66.5,80.6,60.3,0.000,0.000,0.00,0.000,3.4,6.2,1.3,210,21,3.8,6.8,1.3,214,20,3.4,6.2,1.3,210,21,0,29.65,,0,0,0,70.0,70.3,68.6,0.39,0.33,0.38
POTS,2017-08-21 05:05:00 EDT,44.65687,-74.97443,422,66.4,66.8,66.4,80.3,60.1,0.000,0.000,0.00,0.000,2.4,5.0,1.2,208,23,2.8,5.9,1.2,210,21,2.4,5.0,1.2,208,23,0,29.65,,0,0,0,70.0,70.4,68.6,0.39,0.33,0.38
POTS,2017-08-21 05:10:00 EDT,44.65687,-74.97443,422,66.3,66.7,66.3,80.8,60.2,0.000,0.000,0.00,0.000,2.3,5.6,1.1,211,17,2.5,6.5,1.4,214,15,2.3,5.6,1.1,211,17,0,29.66,,0,0,0,70.0,70.3,68.5,0.39,0.33,0.38
POTS,2017-08-21 05:15:00 EDT,44.65687,-74.97443,422,66.2,66.5,66.2,81.0,60.2,0.000,0.000,0.00,0.000,2.6,5.0,1.1,204,18,2.7,5.7,1.1,206,18,2.6,5.0,1.1,204,18,0,29.66,,0,0,0,69.8,70.3,68.6,0.39,0.33,0.38
POTS,2017-08-21 05:20:00 EDT,44.65687,-74.97443,422,66.0,66.5,66.0,81.7,60.2,0.000,0.000,0.00,0.000,3.1,4.8,0.8,200,12,3.2,5.2,1.0,201,11,3.1,4.8,0.8,200,12,0,29.66,,0,0,0,69.7,70.3,68.6,0.39,0.33,0.38
POTS,2017-08-21 05:25:00 EDT,44.65687,-74.97443,422,65.5,66.3,65.5,81.9,59.8,0.000,0.000,0.00,0.000,2.5,4.9,1.2,192,18,2.7,5.8,1.5,193,18,2.5,4.9,1.2,192,18,0,29.66,,0,0,0,69.6,70.3,68.5,0.39,0.33,0.38
POTS,2017-08-21 05:30:00 EDT,44.65687,-74.97443,422,65.3,66.2,65.3,83.0,60.0,0.000,0.000,0.00,0.000,3.0,4.9,0.9,194,17,3.3,6.0,1.0,194,15,3.0,4.9,0.9,194,17,0,29.65,,0,0,0,69.6,70.3,68.5,0.39,0.34,0.38
POTS,2017-08-21 05:35:00 EDT,44.65687,-74.97443,422,65.5,66.4,65.5,83.1,60.2,0.000,0.000,0.00,0.000,3.4,5.6,1.0,192,14,3.7,6.3,1.1,193,12,3.4,5.6,1.0,192,14,0,29.65,,0,0,0,69.6,70.3,68.5,0.39,0.33,0.38
POTS,2017-08-21 05:40:00 EDT,44.65687,-74.97443,422,65.7,66.4,65.7,82.6,60.2,0.000,0.000,0.00,0.000,3.9,6.2,1.0,194,13,4.3,8.1,1.3,195,13,3.9,6.2,1.0,194,13,0,29.65,,0,0,0,69.6,70.3,68.5,0.39,0.33,0.38
POTS,2017-08-21 05:45:00 EDT,44.65687,-74.97443,422,65.5,66.3,65.5,82.5,60.0,0.000,0.000,0.00,0.000,3.0,5.7,1.1,192,17,3.4,6.5,1.2,193,17,3.0,5.7,1.1,192,17,0,29.66,,0,0,0,69.6,70.3,68.6,0.39,0.34,0.38
POTS,2017-08-21 05:50:00 EDT,44.65687,-74.97443,422,65.7,66.3,65.7,82.7,60.3,0.000,0.000,0.00,0.000,3.2,5.9,1.1,200,21,3.5,6.4,1.2,200,22,3.2,5.9,1.1,200,21,0,29.66,,0,0,0,69.6,70.3,68.6,0.39,0.33,0.38
POTS,2017-08-21 05:55:00 EDT,44.65687,-74.97443,422,65.8,66.3,65.8,82.0,60.1,0.000,0.000,0.00,0.000,3.0,6.1,1.0,198,19,3.4,6.4,1.2,199,20,3.0,6.1,1.0,198,19,0,29.66,,0,0,0,69.6,70.3,68.5,0.39,0.33,0.38
POTS,2017-08-21 06:00:00 EDT,44.65687,-74.97443,422,65.8,66.3,65.8,81.8,60.0,0.000,0.000,0.00,0.000,3.2,6.5,1.4,198,21,3.6,6.8,1.7,196,18,3.2,6.5,1.4,198,21,1,29.66,,0,0,0,69.6,70.3,68.5,0.39,0.34,0.38
POTS,2017-08-21 06:05:00 EDT,44.65687,-74.97443,422,65.8,66.4,65.8,81.8,60.1,0.000,0.000,0.00,0.000,3.7,7.5,1.3,198,13,4.2,8.6,1.4,200,13,3.7,7.5,1.3,198,13,3,29.66,,0,0,0,69.6,70.3,68.6,0.39,0.33,0.38
POTS,2017-08-21 06:10:00 EDT,44.65687,-74.97443,422,65.7,66.3,65.7,81.6,59.9,0.000,0.000,0.00,0.000,2.9,5.4,1.0,194,21,3.3,6.4,1.2,195,19,2.9,5.4,1.0,194,21,3,29.66,,0,0,0,69.6,70.2,68.6,0.39,0.33,0.38
POTS,2017-08-21 06:15:00 EDT,44.65687,-74.97443,422,65.6,66.1,65.6,82.1,60.0,0.000,0.000,0.00,0.000,2.2,4.2,1.1,201,21,2.7,5.7,1.2,205,22,2.2,4.2,1.1,201,21,3,29.66,,0,0,0,69.5,70.2,68.5,0.39,0.33,0.38
POTS,2017-08-21 06:20:00 EDT,44.65687,-74.97443,422,65.8,66.1,65.8,82.2,60.2,0.000,0.000,0.00,0.000,2.4,5.5,1.0,202,26,2.9,6.1,1.1,207,28,2.4,5.5,1.0,202,26,4,29.66,,0,0,0,69.4,70.2,68.5,0.39,0.33,0.38
POTS,2017-08-21 06:25:00 EDT,44.65687,-74.97443,422,65.8,66.3,65.8,82.1,60.2,0.000,0.000,0.00,0.000,3.4,5.6,1.1,200,13,3.8,6.7,1.2,202,13,3.4,5.6,1.1,200,13,6,29.66,,0,0,0,69.3,70.2,68.5,0.39,0.33,0.38
POTS,2017-08-21 06:30:00 EDT,44.65687,-74.97443,422,65.7,66.2,65.7,82.0,60.0,0.000,0.000,0.00,0.000,3.4,5.6,0.9,196,16,3.8,5.9,1.0,196,15,3.4,5.6,0.9,196,16,10,29.66,,0,0,0,69.3,70.2,68.6,0.39,0.33,0.38
POTS,2017-08-21 06:35:00 EDT,44.65687,-74.97443,422,65.5,66.0,65.5,82.1,59.9,0.000,0.000,0.00,0.000,3.0,5.8,1.0,189,14,3.5,6.3,1.1,191,13,3.0,5.8,1.0,189,14,15,29.66,,0,0,0,69.3,70.2,68.6,0.39,0.33,0.38
POTS,2017-08-21 06:40:00 EDT,44.65687,-74.97443,422,65.6,66.0,65.6,82.7,60.2,0.000,0.000,0.00,0.000,3.3,6.0,1.1,189,18,3.7,6.5,1.3,191,17,3.3,6.0,1.1,189,18,20,29.66,,0,0,0,69.3,70.3,68.5,0.39,0.33,0.38
POTS,2017-08-21 06:45:00 EDT,44.65687,-74.97443,422,65.8,66.2,65.8,82.4,60.3,0.000,0.000,0.00,0.000,4.0,7.5,1.3,195,15,4.5,8.8,1.4,196,14,4.0,7.5,1.3,195,15,27,29.66,,0,0,0,69.3,70.1,68.6,0.39,0.33,0.38
POTS,2017-08-21 06:50:00 EDT,44.65687,-74.97443,422,65.7,66.1,65.7,82.4,60.2,0.000,0.000,0.00,0.000,3.5,6.6,1.3,197,14,3.9,8.8,1.6,199,14,3.5,6.6,1.3,197,14,38,29.66,,0,0,0,69.3,70.1,68.5,0.39,0.33,0.38
POTS,2017-08-21 06:55:00 EDT,44.65687,-74.97443,422,65.9,66.3,65.9,82.3,60.4,0.000,0.000,0.00,0.000,3.3,6.8,1.5,193,15,3.8,7.7,1.5,194,14,3.3,6.8,1.5,193,15,43,29.66,,0,0,0,69.3,70.3,68.5,0.39,0.33,0.38
POTS,2017-08-21 07:00:00 EDT,44.65687,-74.97443,422,66.1,66.3,66.1,81.9,60.4,0.000,0.000,0.00,0.000,3.0,6.0,1.3,194,23,3.4,7.0,1.3,195,21,3.0,6.0,1.3,194,23,45,29.65,,0,0,0,69.3,70.0,68.5,0.39,0.33,0.38
POTS,2017-08-21 07:05:00 EDT,44.65687,-74.97443,422,66.3,66.6,66.3,81.3,60.4,0.000,0.000,0.00,0.000,4.2,7.6,1.3,194,16,4.8,8.4,1.5,195,14,4.2,7.6,1.3,194,16,55,29.65,,0,0,0,69.3,70.0,68.6,0.39,0.33,0.38
POTS,2017-08-21 07:10:00 EDT,44.65687,-74.97443,422,66.5,66.7,66.5,80.7,60.4,0.000,0.000,0.00,0.000,4.0,7.1,1.0,192,16,4.4,7.9,1.2,193,14,4.0,7.1,1.0,192,16,67,29.65,,0,0,0,69.3,70.0,68.6,0.39,0.33,0.38
POTS,2017-08-21 07:15:00 EDT,44.65687,-74.97443,422,66.6,66.8,66.6,80.9,60.5,0.000,0.000,0.00,0.000,3.4,5.4,1.0,194,16,3.9,6.2,1.1,196,16,3.4,5.4,1.0,194,16,83,29.66,,0,0,0,69.3,70.1,68.6,0.39,0.33,0.38
POTS,2017-08-21 07:20:00 EDT,44.65687,-74.97443,422,66.9,67.0,66.9,80.0,60.5,0.000,0.000,0.00,0.000,3.5,6.2,1.3,196,17,3.9,7.4,1.5,198,18,3.5,6.2,1.3,196,17,103,29.66,,0,0,0,69.3,70.0,68.5,0.39,0.33,0.38
POTS,2017-08-21 07:25:00 EDT,44.65687,-74.97443,422,67.1,67.1,67.1,79.6,60.6,0.000,0.000,0.00,0.000,2.9,5.3,1.0,193,21,3.4,6.4,1.2,194,19,2.9,5.3,1.0,193,21,87,29.66,,0,0,0,69.3,69.9,68.5,0.39,0.33,0.38
POTS,2017-08-21 07:30:00 EDT,44.65687,-74.97443,422,67.2,67.3,67.2,79.5,60.7,0.000,0.000,0.00,0.000,4.1,8.1,1.5,192,18,4.6,10.2,1.7,193,17,4.1,8.1,1.5,192,18,95,29.66,,0,0,0,69.3,69.9,68.5,0.39,0.33,0.38
POTS,2017-08-21 07:35:00 EDT,44.65687,-74.97443,422,67.4,67.5,67.4,78.9,60.6,0.000,0.000,0.00,0.000,3.9,8.5,1.6,192,19,4.5,10.2,1.6,194,18,3.9,8.5,1.6,192,19,83,29.66,,0,0,0,69.3,70.0,68.6,0.39,0.33,0.38
POTS,2017-08-21 07:40:00 EDT,44.65687,-74.97443,422,67.3,67.4,67.3,79.3,60.7,0.000,0.000,0.00,0.000,4.2,7.0,1.2,195,15,4.6,7.6,1.2,198,15,4.2,7.0,1.2,195,15,98,29.66,,0,0,0,69.3,69.9,68.5,0.39,0.33,0.38
POTS,2017-08-21 07:45:00 EDT,44.65687,-74.97443,422,67.4,67.5,67.4,79.4,60.8,0.000,0.000,0.00,0.000,4.4,6.6,1.0,189,16,4.9,7.7,1.2,190,17,4.4,6.6,1.0,189,16,105,29.66,,0,0,0,69.2,69.9,68.6,0.39,0.33,0.38
POTS,2017-08-21 07:50:00 EDT,44.65687,-74.97443,422,67.5,67.6,67.5,78.9,60.7,0.000,0.000,0.00,0.000,4.0,7.2,1.3,196,17,4.6,8.2,1.5,197,15,4.0,7.2,1.3,196,17,96,29.66,,0,0,0,69.3,69.8,68.5,0.38,0.33,0.38
POTS,2017-08-21 07:55:00 EDT,44.65687,-74.97443,422,67.6,67.7,67.6,78.9,60.8,0.000,0.000,0.00,0.000,4.1,7.4,1.0,193,15,4.5,7.1,1.2,196,15,4.1,7.4,1.0,193,15,146,29.66,,0,0,0,69.3,69.8,68.6,0.38,0.33,0.38
POTS,2017-08-21 08:00:00 EDT,44.65687,-74.97443,422,67.8,67.9,67.8,78.4,60.8,0.000,0.000,0.00,0.000,4.5,6.7,0.9,192,11,5.0,7.7,1.0,193,10,4.5,6.7,0.9,192,11,98,29.66,,0,0,0,69.3,69.8,68.5,0.39,0.33,0.38
POTS,2017-08-21 08:05:00 EDT,44.65687,-74.97443,422,67.9,68.0,67.9,78.0,60.8,0.000,0.000,0.00,0.000,3.7,6.5,1.3,203,16,4.1,7.7,1.6,201,17,3.7,6.5,1.3,203,16,161,29.65,,0,0,0,69.3,69.8,68.5,0.39,0.33,0.38
POTS,2017-08-21 08:10:00 EDT,44.65687,-74.97443,422,68.4,68.4,68.4,77.4,61.1,0.000,0.000,0.00,0.000,3.3,5.6,1.0,195,19,3.5,6.0,1.1,196,18,3.3,5.6,1.0,195,19,207,29.65,,0,0,0,69.2,69.8,68.5,0.38,0.33,0.38
POTS,2017-08-21 08:15:00 EDT,44.65687,-74.97443,422,69.0,68.9,69.0,76.0,61.1,0.000,0.000,0.00,0.000,4.3,7.6,1.4,191,14,4.9,10.0,1.6,192,15,4.3,7.6,1.4,191,14,252,29.65,,0,0,0,69.3,69.8,68.5,0.39,0.33,0.38
POTS,2017-08-21 08:20:00 EDT,44.65687,-74.97443,422,69.5,69.5,69.5,74.9,61.2,0.000,0.000,0.00,0.000,4.1,7.2,1.3,196,18,4.4,7.9,1.5,197,18,4.1,7.2,1.3,196,18,270,29.65,,0,0,0,69.3,69.8,68.5,0.39,0.33,0.38
POTS,2017-08-21 08:25:00 EDT,44.65687,-74.97443,422,69.9,69.9,69.9,74.2,61.3,0.000,0.000,0.00,0.000,3.9,7.6,1.5,213,24,4.3,9.3,1.5,215,24,3.9,7.6,1.5,213,24,284,29.65,,0,0,0,69.3,69.8,68.5,0.38,0.33,0.38
POTS,2017-08-21 08:30:00 EDT,44.65687,-74.97443,422,70.4,70.2,70.4,73.7,61.6,0.000,0.000,0.00,0.000,3.5,6.4,1.5,206,25,4.3,8.2,1.5,206,25,3.5,6.4,1.5,206,25,304,29.65,,0,0,0,69.3,69.8,68.5,0.38,0.33,0.38
POTS,2017-08-21 08:35:00 EDT,44.65687,-74.97443,422,70.6,70.5,70.6,72.6,61.4,0.000,0.000,0.00,0.000,4.3,8.5,2.0,196,21,4.8,10.3,2.1,198,23,4.3,8.5,2.0,196,21,311,29.65,,0,0,0,69.2,69.7,68.5,0.38,0.33,0.38
POTS,2017-08-21 08:40:00 EDT,44.65687,-74.97443,422,70.8,70.7,70.8,71.9,61.3,0.000,0.000,0.00,0.000,5.8,9.6,2.3,197,18,6.3,11.7,2.5,199,17,5.8,9.6,2.3,197,18,325,29.65,,0,0,0,69.3,69.7,68.6,0.38,0.33,0.38
POTS,2017-08-21 08:45:00 EDT,44.65687,-74.97443,422,71.1,70.9,71.1,71.2,61.3,0.000,0.000,0.00,0.000,6.1,11.5,2.3,205,18,6.6,12.2,2.3,207,18,6.1,11.5,2.3,205,18,347,29.65,,0,0,0,69.3,69.7,68.5,0.38,0.33,0.38
POTS,2017-08-21 08:50:00 EDT,44.65687,-74.97443,422,71.1,71.0,71.1,71.3,61.4,0.000,0.000,0.00,0.000,4.7,8.6,1.4,208,19,4.9,9.6,1.6,210,20,4.7,8.6,1.4,208,19,229,29.65,,0,0,0,69.3,69.7,68.5,0.38,0.33,0.38
POTS,2017-08-21 08:55:00 EDT,44.65687,-74.97443,422,70.8,70.7,70.8,71.7,61.2,0.000,0.000,0.00,0.000,4.5,9.9,2.0,202,23,4.9,11.7,2.4,202,21,4.5,9.9,2.0,202,23,227,29.64,,0,0,0,69.3,69.7,68.5,0.38,0.33,0.38
POTS,2017-08-21 09:00:00 EDT,44.65687,-74.97443,422,71.2,71.0,71.2,71.7,61.6,0.000,0.000,0.00,0.000,3.5,9.9,2.0,216,24,4.1,10.7,2.0,218,24,3.5,9.9,2.0,216,24,373,29.64,,0,0,0,69.3,69.7,68.5,0.38,0.33,0.38
POTS,2017-08-21 09:05:00 EDT,44.65687,-74.97443,422,72.0,71.6,72.0,72.1,62.5,0.000,0.000,0.00,0.000,3.1,7.8,1.9,201,24,3.6,7.4,1.9,205,27,3.1,7.8,1.9,201,24,384,29.64,,0,0,0,69.3,69.7,68.6,0.38,0.33,0.38
POTS,2017-08-21 09:10:00 EDT,44.65687,-74.97443,422,72.3,72.1,72.3,70.4,62.1,0.000,0.000,0.00,0.000,4.2,8.9,2.0,205,25,4.6,10.2,2.3,208,25,4.2,8.9,2.0,205,25,400,29.64,,0,0,0,69.3,69.7,68.5,0.38,0.33,0.38
POTS,2017-08-21 09:15:00 EDT,44.65687,-74.97443,422,72.6,72.4,72.6,68.9,61.8,0.000,0.000,0.00,0.000,4.9,8.6,1.5,206,22,5.7,9.8,1.7,208,22,4.9,8.6,1.5,206,22,416,29.64,,0,0,0,69.3,69.7,68.5,0.38,0.33,0.38
POTS,2017-08-21 09:20:00 EDT,44.65687,-74.97443,422,72.8,72.5,72.8,68.3,61.8,0.000,0.000,0.00,0.000,4.9,10.1,2.0,214,25,5.7,12.4,2.2,216,25,4.9,10.1,2.0,214,25,426,29.64,,0,0,0,69.3,69.7,68.5,0.38,0.33,0.38
POTS,2017-08-21 09:25:00 EDT,44.65687,-74.97443,422,73.1,72.8,73.1,67.9,61.9,0.000,0.000,0.00,0.000,5.2,11.6,2.2,213,26,5.9,12.7,2.5,216,25,5.2,11.6,2.2,213,26,439,29.64,,0,0,0,69.3,69.7,68.5,0.38,0.33,0.38
POTS,2017-08-21 09:30:00 EDT,44.65687,-74.97443,422,73.4,73.1,73.4,67.6,62.0,0.000,0.000,0.00,0.000,4.5,9.0,1.8,220,28,5.2,9.9,1.9,223,28,4.5,9.0,1.8,220,28,447,29.64,,0,0,0,69.3,69.7,68.5,0.38,0.33,0.38
POTS,2017-08-21 09:35:00 EDT,44.65687,-74.97443,422,73.7,73.4,73.7,66.9,62.0,0.000,0.000,0.00,0.000,4.8,10.2,2.3,219,26,5.6,11.8,2.4,224,26,4.8,10.2,2.3,219,26,461,29.65,,0,0,0,69.3,69.7,68.5,0.38,0.33,0.38
POTS,2017-08-21 09:40:00 EDT,44.65687,-74.97443,422,73.8,73.5,73.8,66.7,62.1,0.000,0.000,0.00,0.000,5.2,10.3,2.3,213,27,5.9,11.2,2.5,215,27,5.2,10.3,2.3,213,27,475,29.65,,0,0,0,69.4,69.6,68.5,0.38,0.33,0.38
POTS,2017-08-21 09:45:00 EDT,44.65687,-74.97443,422,74.3,73.9,74.3,67.7,62.9,0.000,0.000,0.00,0.000,4.9,12.9,3.1,203,23,5.4,14.3,3.2,206,22,4.9,12.9,3.1,203,23,489,29.65,,0,0,0,69.5,69.7,68.5,0.38,0.34,0.38
POTS,2017-08-21 09:50:00 EDT,44.65687,-74.97443,422,74.3,74.1,74.3,66.8,62.6,0.000,0.000,0.00,0.000,5.0,11.5,2.3,208,23,5.5,12.0,2.5,208,24,5.0,11.5,2.3,208,23,493,29.65,,0,0,0,69.6,69.7,68.5,0.38,0.33,0.38
POTS,2017-08-21 09:55:00 EDT,44.65687,-74.97443,422,74.6,74.4,74.6,66.2,62.6,0.000,0.000,0.00,0.000,3.7,12.1,2.4,220,29,4.5,13.3,2.4,223,29,3.7,12.1,2.4,220,29,476,29.65,,0,0,0,69.6,69.6,68.5,0.38,0.33,0.38
POTS,2017-08-21 10:00:00 EDT,44.65687,-74.97443,422,74.4,74.2,74.4,65.1,62.0,0.000,0.000,0.00,0.000,4.6,8.9,1.9,222,27,5.2,9.5,2.0,224,29,4.6,8.9,1.9,222,27,480,29.65,,0,0,0,69.6,69.7,68.5,0.38,0.33,0.38
POTS,2017-08-21 10:05:00 EDT,44.65687,-74.97443,422,74.6,74.3,74.6,65.4,62.2,0.000,0.000,0.00,0.000,5.7,9.8,1.7,212,23,6.1,10.6,1.8,214,24,5.7,9.8,1.7,212,23,513,29.65,,0,0,0,69.6,69.7,68.6,0.38,0.33,0.38
POTS,2017-08-21 10:10:00 EDT,44.65687,-74.97443,422,74.9,74.5,74.9,65.6,62.6,0.000,0.000,0.00,0.000,3.6,7.7,1.7,221,30,4.2,9.1,1.8,224,26,3.6,7.7,1.7,221,30,529,29.65,,0,0,0,69.7,69.6,68.5,0.38,0.33,0.38
POTS,2017-08-21 10:15:00 EDT,44.65687,-74.97443,422,75.2,74.8,75.2,65.8,63.0,0.000,0.000,0.00,0.000,3.2,9.1,2.2,223,29,4.0,9.9,2.1,228,31,3.2,9.1,2.2,223,29,536,29.65,,0,0,0,69.8,69.6,68.5,0.38,0.33,0.38
POTS,2017-08-21 10:20:00 EDT,44.65687,-74.97443,422,75.5,74.9,75.5,65.8,63.3,0.000,0.000,0.00,0.000,4.2,8.5,1.9,212,29,4.6,10.5,2.2,216,28,4.2,8.5,1.9,212,29,553,29.65,,0,0,0,70.0,69.7,68.5,0.38,0.33,0.38
POTS,2017-08-21 10:25:00 EDT,44.65687,-74.97443,422,75.8,75.3,75.8,65.6,63.4,0.000,0.000,0.00,0.000,4.7,9.1,1.8,221,28,5.4,9.8,1.9,226,31,4.7,9.1,1.8,221,28,568,29.65,,0,0,0,70.0,69.7,68.5,0.38,0.33,0.38
POTS,2017-08-21 10:30:00 EDT,44.65687,-74.97443,422,75.8,75.3,75.8,64.6,63.1,0.000,0.000,0.00,0.000,4.3,7.8,1.4,227,23,4.7,8.3,1.4,228,23,4.3,7.8,1.4,227,23,578,29.65,,0,0,0,70.0,69.6,68.5,0.38,0.33,0.38
POTS,2017-08-21 10:35:00 EDT,44.65687,-74.97443,422,76.1,75.7,76.1,65.0,63.5,0.000,0.000,0.00,0.000,4.3,6.9,1.3,210,22,4.7,8.3,1.5,214,23,4.3,6.9,1.3,210,22,587,29.64,,0,0,0,70.0,69.6,68.5,0.38,0.33,0.38
POTS,2017-08-21 10:40:00 EDT,44.65687,-74.97443,422,76.2,75.8,76.2,64.1,63.2,0.000,0.000,0.00,0.000,5.4,11.3,1.9,219,24,5.9,12.6,2.2,220,25,5.4,11.3,1.9,219,24,597,29.64,,0,0,0,70.0,69.6,68.5,0.38,0.33,0.38
POTS,2017-08-21 10:45:00 EDT,44.65687,-74.97443,422,76.5,76.1,76.5,64.9,63.8,0.000,0.000,0.00,0.000,4.5,9.1,1.9,221,32,5.2,11.5,2.1,224,31,4.5,9.1,1.9,221,32,609,29.64,,0,0,0,70.1,69.6,68.5,0.38,0.33,0.38
POTS,2017-08-21 10:50:00 EDT,44.65687,-74.97443,422,76.8,76.4,76.8,63.4,63.5,0.000,0.000,0.00,0.000,5.1,10.2,2.1,207,26,5.6,11.2,2.3,209,24,5.1,10.2,2.1,207,26,619,29.64,,0,0,0,70.3,69.6,68.5,0.38,0.33,0.38
POTS,2017-08-21 10:55:00 EDT,44.65687,-74.97443,422,77.3,76.7,77.3,64.9,64.6,0.000,0.000,0.00,0.000,3.6,8.4,1.9,237,27,4.5,10.8,2.0,239,25,3.6,8.4,1.9,237,27,624,29.64,,0,0,0,70.3,69.6,68.5,0.38,0.33,0.38
POTS,2017-08-21 11:00:00 EDT,44.65687,-74.97443,422,77.4,76.8,77.4,63.8,64.2,0.000,0.000,0.00,0.000,5.0,11.0,2.8,220,27,5.7,13.2,3.0,225,30,5.0,11.0,2.8,220,27,634,29.64,,0,0,0,70.3,69.6,68.5,0.38,0.33,0.38
POTS,2017-08-21 11:05:00 EDT,44.65687,-74.97443,422,77.8,77.2,77.8,64.3,64.7,0.000,0.000,0.00,0.000,3.6,9.1,2.5,226,35,4.2,10.6,2.5,231,34,3.6,9.1,2.5,226,35,630,29.64,,0,0,0,70.3,69.6,68.5,0.38,0.33,0.38
POTS,2017-08-21 11:10:00 EDT,44.65687,-74.97443,422,77.7,77.3,77.7,63.1,64.2,0.000,0.000,0.00,0.000,5.2,11.8,2.2,221,29,5.8,13.9,2.5,224,29,5.2,11.8,2.2,221,29,637,29.64,,0,0,0,70.4,69.5,68.5,0.38,0.33,0.38
POTS,2017-08-21 11:15:00 EDT,44.65687,-74.97443,422,77.8,77.4,77.8,62.2,63.8,0.000,0.000,0.00,0.000,5.6,11.4,2.5,220,25,6.3,12.0,2.7,224,25,5.6,11.4,2.5,220,25,635,29.63,,0,0,0,70.7,69.6,68.5,0.38,0.33,0.38
POTS,2017-08-21 11:20:00 EDT,44.65687,-74.97443,422,77.9,77.5,77.9,62.2,63.9,0.000,0.000,0.00,0.000,4.0,9.1,1.8,227,26,4.6,9.9,2.0,231,25,4.0,9.1,1.8,227,26,633,29.63,,0,0,0,70.7,69.5,68.5,0.38,0.33,0.38
POTS,2017-08-21 11:25:00 EDT,44.65687,-74.97443,422,78.4,77.9,78.4,61.8,64.3,0.000,0.000,0.00,0.000,5.1,14.2,2.9,226,26,5.7,15.4,3.2,229,27,5.1,14.2,2.9,226,26,652,29.63,,0,0,0,70.7,69.6,68.5,0.38,0.33,0.38
POTS,2017-08-21 11:30:00 EDT,44.65687,-74.97443,422,78.6,78.1,78.6,61.4,64.2,0.000,0.000,0.00,0.000,5.1,11.9,2.7,223,32,6.1,12.3,2.8,227,34,5.1,11.9,2.7,223,32,651,29.63,,0,0,0,70.7,69.6,68.5,0.38,0.33,0.38
POTS,2017-08-21 11:35:00 EDT,44.65687,-74.97443,422,78.6,78.0,78.6,59.6,63.4,0.000,0.000,0.00,0.000,4.8,11.2,2.5,219,27,5.7,12.8,2.6,219,27,4.8,11.2,2.5,219,27,658,29.63,,0,0,0,70.9,69.6,68.5,0.38,0.33,0.38
POTS,2017-08-21 11:40:00 EDT,44.65687,-74.97443,422,78.6,78.1,78.6,58.8,63.0,0.000,0.000,0.00,0.000,5.8,12.3,2.3,227,29,6.5,13.8,2.4,227,28,5.8,12.3,2.3,227,29,663,29.63,,0,0,0,71.1,69.5,68.5,0.38,0.33,0.38
POTS,2017-08-21 11:45:00 EDT,44.65687,-74.97443,422,78.9,78.2,78.9,59.2,63.4,0.000,0.000,0.00,0.000,5.9,13.7,2.7,244,25,6.8,15.4,2.8,245,22,5.9,13.7,2.7,244,25,667,29.63,,0,0,0,71.1,69.6,68.5,0.38,0.33,0.38
POTS,2017-08-21 11:50:00 EDT,44.65687,-74.97443,422,79.1,78.5,79.1,59.1,63.6,0.000,0.000,0.00,0.000,5.2,12.3,3.2,240,25,5.8,13.8,3.3,244,28,5.2,12.3,3.2,240,25,671,29.63,,0,0,0,71.2,69.6,68.5,0.38,0.33,0.38
POTS,2017-08-21 11:55:00 EDT,44.65687,-74.97443,422,79.2,78.6,79.2,58.8,63.6,0.000,0.000,0.00,0.000,5.9,11.0,2.0,235,27,6.8,12.9,2.2,238,26,5.9,11.0,2.0,235,27,673,29.62,,0,0,0,71.4,69.5,68.5,0.38,0.33,0.38
POTS,2017-08-21 12:00:00 EDT,44.65687,-74.97443,422,79.5,79.0,79.5,58.9,63.9,0.000,0.000,0.00,0.000,4.4,10.7,2.4,222,29,5.0,9.9,2.3,223,30,4.4,10.7,2.4,222,29,680,29.62,,0,0,0,71.4,69.5,68.5,0.38,0.33,0.38
POTS,2017-08-21 12:05:00 EDT,44.65687,-74.97443,422,79.8,79.3,79.8,58.5,64.0,0.000,0.000,0.00,0.000,4.9,9.4,1.6,206,20,5.5,10.7,1.9,207,20,4.9,9.4,1.6,206,20,694,29.62,,0,0,0,71.4,69.6,68.5,0.38,0.33,0.38
POTS,2017-08-21 12:10:00 EDT,44.65687,-74.97443,422,80.1,79.5,81.8,59.0,64.5,0.000,0.000,0.00,0.000,3.9,8.5,1.6,210,27,4.5,8.9,1.8,214,27,3.9,8.5,1.6,210,27,688,29.62,,0,0,0,71.5,69.5,68.5,0.38,0.33,0.38
POTS,2017-08-21 12:15:00 EDT,44.65687,-74.97443,422,80.0,79.5,81.4,56.2,63.0,0.000,0.000,0.00,0.000,5.3,11.5,2.4,235,21,5.9,11.7,2.4,239,21,5.3,11.5,2.4,235,21,693,29.62,,0,0,0,71.7,69.5,68.5,0.38,0.33,0.38
POTS,2017-08-21 12:20:00 EDT,44.65687,-74.97443,422,80.1,79.5,81.4,55.4,62.7,0.000,0.000,0.00,0.000,5.7,10.5,2.4,207,27,6.5,14.2,2.5,211,27,5.7,10.5,2.4,207,27,702,29.62,,0,0,0,71.8,69.5,68.4,0.38,0.33,0.38
POTS,2017-08-21 12:25:00 EDT,44.65687,-74.97443,422,80.1,79.6,81.3,54.4,62.2,0.000,0.000,0.00,0.000,5.5,11.0,1.9,216,31,5.9,11.9,2.1,216,28,5.5,11.0,1.9,216,31,699,29.62,,0,0,0,71.8,69.5,68.4,0.38,0.33,0.38
POTS,2017-08-21 12:30:00 EDT,44.65687,-74.97443,422,80.1,79.6,81.1,52.6,61.2,0.000,0.000,0.00,0.000,6.4,14.1,2.8,220,26,7.0,13.8,2.8,222,24,6.4,14.1,2.8,220,26,703,29.62,,0,0,0,72.3,69.5,68.4,0.38,0.33,0.38
POTS,2017-08-21 12:35:00 EDT,44.65687,-74.97443,422,80.3,79.9,81.4,53.0,61.6,0.000,0.000,0.00,0.000,5.2,11.0,2.3,232,28,6.1,12.6,2.6,236,28,5.2,11.0,2.3,232,28,714,29.62,,0,0,0,72.3,69.5,68.5,0.38,0.33,0.38
POTS,2017-08-21 12:40:00 EDT,44.65687,-74.97443,422,81.0,80.4,82.1,52.8,62.2,0.000,0.000,0.00,0.000,3.3,8.0,2.3,219,30,3.8,10.9,2.1,217,31,3.3,8.0,2.3,219,30,726,29.62,,0,0,0,72.3,69.6,68.5,0.38,0.33,0.38
POTS,2017-08-21 12:45:00 EDT,44.65687,-74.97443,422,80.9,80.4,81.7,51.0,61.1,0.000,0.000,0.00,0.000,5.4,10.4,2.2,234,26,6.3,14.1,2.2,237,24,5.4,10.4,2.2,234,26,675,29.61,,0,0,0,72.7,69.5,68.5,0.38,0.33,0.38
POTS,2017-08-21 12:50:00 EDT,44.65687,-74.97443,422,80.6,80.2,81.3,49.0,59.7,0.000,0.000,0.00,0.000,5.9,12.7,2.7,233,27,6.8,15.9,2.9,240,25,5.9,12.7,2.7,233,27,645,29.61,,0,0,0,72.7,69.6,68.4,0.38,0.33,0.38
POTS,2017-08-21 12:55:00 EDT,44.65687,-74.97443,422,80.6,80.2,81.3,48.9,59.6,0.000,0.000,0.00,0.000,6.1,13.3,2.7,243,25,6.7,13.8,2.8,246,24,6.1,13.3,2.7,243,25,664,29.61,,0,0,0,72.9,69.5,68.5,0.38,0.33,0.38
POTS,2017-08-21 13:00:00 EDT,44.65687,-74.97443,422,80.9,80.4,81.6,49.5,60.3,0.000,0.000,0.00,0.000,5.1,12.3,2.6,231,27,5.5,13.3,2.8,235,25,5.1,12.3,2.6,231,27,713,29.61,,0,0,0,73.0,69.6,68.5,0.38,0.33,0.37
POTS,2017-08-21 13:05:00 EDT,44.65687,-74.97443,422,81.1,80.7,81.6,47.9,59.5,0.000,0.000,0.00,0.000,4.2,9.6,2.2,225,30,5.0,10.6,2.3,227,29,4.2,9.6,2.2,225,30,712,29.61,,0,0,0,73.0,69.5,68.5,0.38,0.33,0.37
POTS,2017-08-21 13:10:00 EDT,44.65687,-74.97443,422,81.3,80.8,81.9,48.9,60.3,0.000,0.000,0.00,0.000,4.8,11.3,2.1,233,31,5.5,12.2,2.3,238,31,4.8,11.3,2.1,233,31,711,29.61,,0,0,0,73.1,69.5,68.4,0.38,0.33,0.38
POTS,2017-08-21 13:15:00 EDT,44.65687,-74.97443,422,81.3,80.9,81.7,46.9,59.1,0.000,0.000,0.00,0.000,6.6,13.6,2.7,232,25,7.3,14.0,2.7,236,24,6.6,13.6,2.7,232,25,711,29.61,,0,0,0,73.4,69.6,68.5,0.38,0.33,0.38
POTS,2017-08-21 13:20:00 EDT,44.65687,-74.97443,422,81.4,80.9,81.9,47.8,59.8,0.000,0.000,0.00,0.000,5.2,13.2,2.2,234,27,5.9,14.4,2.3,238,23,5.2,13.2,2.2,234,27,708,29.61,,0,0,0,73.4,69.6,68.5,0.38,0.33,0.38
POTS,2017-08-21 13:25:00 EDT,44.65687,-74.97443,422,81.3,80.9,81.6,46.3,58.8,0.000,0.000,0.00,0.000,7.0,13.3,2.1,236,23,7.9,14.4,2.3,240,22,7.0,13.3,2.1,236,23,702,29.61,,0,0,0,73.9,69.6,68.5,0.38,0.33,0.38
POTS,2017-08-21 13:30:00 EDT,44.65687,-74.97443,422,81.6,81.0,82.3,49.7,60.9,0.000,0.000,0.00,0.000,6.1,14.8,2.8,258,19,7.0,16.6,3.1,262,17,6.1,14.8,2.8,258,19,688,29.61,,0,0,0,73.9,69.6,68.4,0.38,0.33,0.37
POTS,2017-08-21 13:35:00 EDT,44.65687,-74.97443,422,81.5,81.0,82.2,49.3,60.7,0.000,0.000,0.00,0.000,6.6,12.8,3.0,247,23,7.4,14.7,3.3,251,21,6.6,12.8,3.0,247,23,664,29.61,,0,0,0,74.0,69.5,68.5,0.38,0.33,0.38
POTS,2017-08-21 13:40:00 EDT,44.65687,-74.97443,422,81.6,81.1,82.3,49.5,60.9,0.000,0.000,0.00,0.000,5.3,11.2,2.2,239,27,6.3,11.6,2.2,244,26,5.3,11.2,2.2,239,27,634,29.61,,0,0,0,74.2,69.6,68.4,0.38,0.33,0.38
POTS,2017-08-21 13:45:00 EDT,44.65687,-74.97443,422,81.5,81.1,82.3,50.0,61.1,0.000,0.000,0.00,0.000,7.9,14.8,3.1,245,22,9.0,19.0,3.3,248,24,7.9,14.8,3.1,245,22,603,29.61,,0,0,0,74.3,69.6,68.4,0.38,0.33,0.37
POTS,2017-08-21 13:50:00 EDT,44.65687,-74.97443,422,81.4,81.1,82.4,51.8,62.0,0.000,0.000,0.00,0.000,4.9,11.0,2.4,228,30,5.8,13.3,2.6,237,29,4.9,11.0,2.4,228,30,562,29.60,,0,0,0,74.5,69.5,68.5,0.38,0.33,0.37
POTS,2017-08-21 13:55:00 EDT,44.65687,-74.97443,422,81.3,81.0,82.2,51.3,61.6,0.000,0.000,0.00,0.000,4.7,8.9,1.7,231,30,5.5,11.0,2.2,237,27,4.7,8.9,1.7,231,30,521,29.60,,0,0,0,74.7,69.6,68.5,0.38,0.33,0.37
POTS,2017-08-21 14:00:00 EDT,44.65687,-74.97443,422,81.2,81.0,82.4,53.0,62.5,0.000,0.000,0.00,0.000,4.1,12.1,2.6,221,27,5.0,13.1,2.6,226,26,4.1,12.1,2.6,221,27,474,29.60,,0,0,0,74.7,69.7,68.5,0.38,0.33,0.37
POTS,2017-08-21 14:05:00 EDT,44.65687,-74.97443,422,81.0,80.8,82.1,53.0,62.3,0.000,0.000,0.00,0.000,4.7,9.1,1.8,227,31,5.4,12.9,2.4,231,32,4.7,9.1,1.8,227,31,436,29.60,,0,0,0,74.7,69.6,68.5,0.38,0.33,0.37
POTS,2017-08-21 14:10:00 EDT,44.65687,-74.97443,422,80.9,80.7,82.0,52.5,61.9,0.000,0.000,0.00,0.000,4.9,9.0,2.0,232,29,5.7,11.0,2.3,236,28,4.9,9.0,2.0,232,29,392,29.60,,0,0,0,74.8,69.6,68.5,0.38,0.33,0.37
POTS,2017-08-21 14:15:00 EDT,44.65687,-74.97443,422,80.7,80.6,81.8,52.9,62.0,0.000,0.000,0.00,0.000,4.6,9.9,1.6,226,28,5.4,10.7,1.7,230,25,4.6,9.9,1.6,226,28,348,29.60,,0,0,0,75.0,69.6,68.5,0.38,0.33,0.37
POTS,2017-08-21 14:20:00 EDT,44.65687,-74.97443,422,80.5,80.5,81.8,54.7,62.7,0.000,0.000,0.00,0.000,6.4,16.1,3.8,248,23,7.2,18.1,4.2,254,22,6.4,16.1,3.8,248,23,309,29.59,,0,0,0,75.0,69.6,68.5,0.38,0.33,0.37
POTS,2017-08-21 14:25:00 EDT,44.65687,-74.97443,422,80.1,80.2,81.6,56.6,63.3,0.000,0.000,0.00,0.000,3.3,7.7,1.6,245,26,4.0,9.4,1.9,248,24,3.3,7.7,1.6,245,26,279,29.59,,0,0,0,75.1,69.6,68.5,0.38,0.33,0.37
POTS,2017-08-21 14:30:00 EDT,44.65687,-74.97443,422,80.1,80.2,81.5,56.2,63.1,0.000,0.000,0.00,0.000,5.4,11.9,2.7,240,27,6.3,13.4,2.8,242,27,5.4,11.9,2.7,240,27,255,29.59,,0,0,0,75.5,69.7,68.5,0.38,0.33,0.37
POTS,2017-08-21 14:35:00 EDT,44.65687,-74.97443,422,80.0,80.1,81.3,55.0,62.4,0.000,0.000,0.00,0.000,4.3,9.7,2.1,230,28,5.0,9.3,2.0,235,25,4.3,9.7,2.1,230,28,237,29.59,,0,0,0,75.6,69.6,68.5,0.38,0.33,0.37
POTS,2017-08-21 14:40:00 EDT,44.65687,-74.97443,422,79.8,79.8,79.8,55.9,62.7,0.000,0.000,0.00,0.000,4.7,10.7,1.8,222,24,5.1,10.2,1.9,226,24,4.7,10.7,1.8,222,24,230,29.59,,0,0,0,75.6,69.6,68.4,0.38,0.33,0.37
POTS,2017-08-21 14:45:00 EDT,44.65687,-74.97443,422,79.4,79.5,79.4,58.4,63.6,0.000,0.000,0.00,0.000,2.9,6.1,1.3,236,29,3.3,8.0,1.6,242,26,2.9,6.1,1.3,236,29,232,29.59,,0,0,0,75.6,69.7,68.5,0.38,0.33,0.37
POTS,2017-08-21 14:50:00 EDT,44.65687,-74.97443,422,79.4,79.4,79.4,57.7,63.2,0.000,0.000,0.00,0.000,3.2,9.5,1.9,227,25,3.8,9.8,2.0,230,24,3.2,9.5,1.9,227,25,243,29.59,,0,0,0,75.6,69.7,68.4,0.38,0.33,0.37
POTS,2017-08-21 14:55:00 EDT,44.65687,-74.97443,422,79.3,79.4,79.3,58.9,63.7,0.000,0.000,0.00,0.000,2.5,6.9,1.2,221,29,3.3,8.6,1.5,226,30,2.5,6.9,1.2,221,29,265,29.59,,0,0,0,75.6,69.7,68.4,0.38,0.33,0.37
POTS,2017-08-21 15:00:00 EDT,44.65687,-74.97443,422,79.5,79.5,79.5,57.9,63.4,0.000,0.000,0.00,0.000,4.2,8.8,1.9,220,24,4.6,10.2,2.0,222,25,4.2,8.8,1.9,220,24,293,29.59,,0,0,0,75.6,69.6,68.5,0.38,0.33,0.37
POTS,2017-08-21 15:05:00 EDT,44.65687,-74.97443,422,79.6,79.6,79.6,57.7,63.4,0.000,0.000,0.00,0.000,3.4,7.8,1.7,227,31,4.1,9.6,1.9,229,30,3.4,7.8,1.7,227,31,324,29.58,,0,0,0,75.6,69.6,68.4,0.38,0.33,0.37
POTS,2017-08-21 15:10:00 EDT,44.65687,-74.97443,422,79.8,79.7,79.8,57.4,63.4,0.000,0.000,0.00,0.000,4.1,8.5,2.0,217,27,4.6,9.2,2.1,219,25,4.1,8.5,2.0,217,27,358,29.58,,0,0,0,75.7,69.6,68.5,0.38,0.33,0.37
POTS,2017-08-21 15:15:00 EDT,44.65687,-74.97443,422,79.9,79.8,79.9,57.1,63.4,0.000,0.000,0.00,0.000,4.7,8.8,2.0,232,27,5.3,9.8,2.1,234,27,4.7,8.8,2.0,232,27,391,29.58,,0,0,0,75.7,69.7,68.5,0.38,0.33,0.37
POTS,2017-08-21 15:20:00 EDT,44.65687,-74.97443,422,80.1,79.9,81.6,57.3,63.6,0.000,0.000,0.00,0.000,3.8,9.7,1.9,227,31,4.6,11.0,1.9,227,33,3.8,9.7,1.9,227,31,419,29.58,,0,0,0,75.8,69.8,68.5,0.38,0.33,0.37
POTS,2017-08-21 15:25:00 EDT,44.65687,-74.97443,422,80.3,80.0,81.7,56.2,63.3,0.000,0.000,0.00,0.000,4.6,10.1,2.5,229,27,5.6,12.2,2.8,237,26,4.6,10.1,2.5,229,27,454,29.58,,0,0,0,75.9,69.7,68.4,0.38,0.33,0.37
POTS,2017-08-21 15:30:00 EDT,44.65687,-74.97443,422,80.4,80.2,81.7,54.6,62.6,0.000,0.000,0.00,0.000,5.2,14.4,3.2,218,26,6.0,14.8,3.3,223,26,5.2,14.4,3.2,218,26,480,29.58,,0,0,0,75.8,69.7,68.5,0.38,0.33,0.37
POTS,2017-08-21 15:35:00 EDT,44.65687,-74.97443,422,80.5,80.2,81.8,54.3,62.5,0.000,0.000,0.00,0.000,4.9,10.2,1.9,239,22,5.5,13.0,2.2,243,19,4.9,10.2,1.9,239,22,504,29.58,,0,0,0,75.8,69.8,68.5,0.38,0.33,0.37
POTS,2017-08-21 15:40:00 EDT,44.65687,-74.97443,422,80.7,80.4,82.0,54.2,62.7,0.000,0.000,0.00,0.000,5.0,13.0,2.9,238,27,5.9,16.6,3.3,242,26,5.0,13.0,2.9,238,27,525,29.58,,0,0,0,75.9,69.8,68.5,0.38,0.33,0.37
POTS,2017-08-21 15:45:00 EDT,44.65687,-74.97443,422,80.9,80.5,82.1,53.8,62.5,0.000,0.000,0.00,0.000,5.4,12.5,2.6,230,28,6.0,12.9,2.9,236,24,5.4,12.5,2.6,230,28,537,29.58,,0,0,0,75.9,69.8,68.4,0.38,0.33,0.37
POTS,2017-08-21 15:50:00 EDT,44.65687,-74.97443,422,80.8,80.5,81.9,52.8,62.0,0.000,0.000,0.00,0.000,6.5,13.7,3.2,238,27,7.7,14.6,3.3,240,25,6.5,13.7,3.2,238,27,546,29.58,,0,0,0,75.9,69.8,68.4,0.38,0.33,0.37
POTS,2017-08-21 15:55:00 EDT,44.65687,-74.97443,422,80.8,80.5,81.8,52.6,61.8,0.000,0.000,0.00,0.000,6.8,14.2,2.9,237,22,7.6,16.2,3.0,238,21,6.8,14.2,2.9,237,22,540,29.58,,0,0,0,75.9,69.7,68.5,0.38,0.33,0.37
POTS,2017-08-21 16:00:00 EDT,44.65687,-74.97443,422,80.8,80.5,82.0,53.8,62.5,0.000,0.000,0.00,0.000,5.6,10.9,2.6,220,28,6.2,12.1,2.7,225,28,5.6,10.9,2.6,220,28,532,29.58,,0,0,0,75.9,69.8,68.5,0.38,0.33,0.37
POTS,2017-08-21 16:05:00 EDT,44.65687,-74.97443,422,80.7,80.4,81.9,53.7,62.4,0.000,0.000,0.00,0.000,7.0,11.9,3.0,220,25,7.9,14.6,3.1,226,26,7.0,11.9,3.0,220,25,523,29.58,,0,0,0,75.9,69.8,68.4,0.38,0.33,0.37
POTS,2017-08-21 16:10:00 EDT,44.65687,-74.97443,422,80.7,80.5,82.1,55.7,63.4,0.000,0.000,0.00,0.000,6.7,13.7,2.7,210,23,7.3,15.5,2.8,211,21,6.7,13.7,2.7,210,23,509,29.57,,0,0,0,75.9,69.8,68.4,0.38,0.33,0.37
POTS,2017-08-21 16:15:00 EDT,44.65687,-74.97443,422,80.9,80.6,82.5,57.2,64.3,0.000,0.000,0.00,0.000,4.3,8.4,1.6,213,28,5.0,10.6,1.8,214,29,4.3,8.4,1.6,213,28,494,29.57,,0,0,0,75.9,69.9,68.4,0.38,0.33,0.37
POTS,2017-08-21 16:20:00 EDT,44.65687,-74.97443,422,80.9,80.6,82.4,55.9,63.7,0.000,0.000,0.00,0.000,6.0,12.9,3.1,210,26,6.9,14.4,3.1,210,28,6.0,12.9,3.1,210,26,481,29.57,,0,0,0,75.9,70.0,68.4,0.38,0.32,0.37
POTS,2017-08-21 16:25:00 EDT,44.65687,-74.97443,422,80.8,80.6,82.3,56.5,63.9,0.000,0.000,0.00,0.000,6.6,14.2,3.0,208,27,7.5,15.0,3.3,210,23,6.6,14.2,3.0,208,27,468,29.57,,0,0,0,75.9,70.1,68.5,0.38,0.33,0.37
POTS,2017-08-21 16:30:00 EDT,44.65687,-74.97443,422,80.8,80.6,82.3,56.2,63.8,0.000,0.000,0.00,0.000,6.1,14.6,2.8,216,27,6.9,16.7,2.7,218,26,6.1,14.6,2.8,216,27,464,29.57,,0,0,0,75.9,70.0,68.5,0.38,0.32,0.37
POTS,2017-08-21 16:35:00 EDT,44.65687,-74.97443,422,80.9,80.7,82.6,57.2,64.4,0.000,0.000,0.00,0.000,4.5,14.5,2.3,212,31,5.1,15.3,2.6,218,31,4.5,14.5,2.3,212,31,453,29.57,,0,0,0,75.9,70.2,68.5,0.38,0.33,0.37
POTS,2017-08-21 16:40:00 EDT,44.65687,-74.97443,422,80.9,80.7,82.5,56.3,63.9,0.000,0.000,0.00,0.000,6.6,15.5,2.9,220,24,7.2,17.6,3.2,221,24,6.6,15.5,2.9,220,24,439,29.57,,0,0,0,76.0,70.1,68.4,0.38,0.33,0.37
POTS,2017-08-21 16:45:00 EDT,44.65687,-74.97443,422,80.8,80.7,82.4,56.6,64.0,0.000,0.000,0.00,0.000,6.8,14.0,2.8,218,28,7.6,18.5,3.3,223,28,6.8,14.0,2.8,218,28,428,29.57,,0,0,0,76.2,70.2,68.5,0.38,0.33,0.37
POTS,2017-08-21 16:50:00 EDT,44.65687,-74.97443,422,80.8,80.7,82.3,56.5,63.9,0.000,0.000,0.00,0.000,5.5,13.0,3.1,226,26,6.4,13.9,3.0,227,27,5.5,13.0,3.1,226,26,413,29.57,,0,0,0,76.2,70.1,68.5,0.38,0.33,0.37
POTS,2017-08-21 16:55:00 EDT,44.65687,-74.97443,422,80.8,80.7,82.4,56.5,63.9,0.000,0.000,0.00,0.000,5.0,14.0,2.6,228,27,5.7,13.8,2.6,232,25,5.0,14.0,2.6,228,27,398,29.56,,0,0,0,76.3,70.2,68.4,0.38,0.32,0.37
POTS,2017-08-21 17:00:00 EDT,44.65687,-74.97443,422,80.7,80.6,82.3,56.9,64.0,0.000,0.000,0.00,0.000,6.2,11.0,2.2,209,25,6.8,13.0,2.7,211,24,6.2,11.0,2.2,209,25,385,29.56,,0,0,0,76.4,70.2,68.4,0.38,0.33,0.37
POTS,2017-08-21 17:05:00 EDT,44.65687,-74.97443,422,80.7,80.6,82.2,56.4,63.7,0.000,0.000,0.00,0.000,5.8,13.9,2.8,229,32,6.5,15.0,3.1,232,30,5.8,13.9,2.8,229,32,371,29.56,,0,0,0,76.5,70.3,68.4,0.38,0.32,0.37
POTS,2017-08-21 17:10:00 EDT,44.65687,-74.97443,422,80.7,80.5,82.3,57.1,64.1,0.000,0.000,0.00,0.000,5.8,14.5,3.1,227,24,6.3,14.7,3.2,231,23,5.8,14.5,3.1,227,24,358,29.56,,0,0,0,76.4,70.3,68.5,0.38,0.33,0.37
POTS,2017-08-21 17:15:00 EDT,44.65687,-74.97443,422,80.5,80.4,82.0,56.8,63.7,0.000,0.000,0.00,0.000,6.2,15.7,3.2,208,28,7.1,19.7,3.6,211,26,6.2,15.7,3.2,208,28,346,29.56,,0,0,0,76.5,70.2,68.5,0.38,0.32,0.37
POTS,2017-08-21 17:20:00 EDT,44.65687,-74.97443,422,80.4,80.3,81.9,56.8,63.6,0.000,0.000,0.00,0.000,6.7,16.8,3.0,211,26,7.4,18.9,3.3,215,23,6.7,16.8,3.0,211,26,335,29.56,,0,0,0,76.5,70.4,68.5,0.38,0.33,0.37
POTS,2017-08-21 17:25:00 EDT,44.65687,-74.97443,422,80.2,80.2,81.8,56.9,63.6,0.000,0.000,0.00,0.000,5.7,10.9,2.4,211,22,6.2,12.3,2.5,214,22,5.7,10.9,2.4,211,22,325,29.56,,0,0,0,76.4,70.3,68.5,0.38,0.33,0.37
POTS,2017-08-21 17:30:00 EDT,44.65687,-74.97443,422,80.2,80.2,81.8,57.8,64.0,0.000,0.000,0.00,0.000,5.5,13.0,2.6,215,24,5.8,14.5,2.9,217,24,5.5,13.0,2.6,215,24,309,29.56,,0,0,0,76.5,70.3,68.5,0.38,0.33,0.37
POTS,2017-08-21 17:35:00 EDT,44.65687,-74.97443,422,80.0,80.1,81.8,59.7,64.8,0.000,0.000,0.00,0.000,4.4,10.0,2.2,213,27,5.1,10.3,2.1,215,28,4.4,10.0,2.2,213,27,294,29.56,,0,0,0,76.5,70.3,68.4,0.38,0.33,0.37
POTS,2017-08-21 17:40:00 EDT,44.65687,-74.97443,422,80.2,80.1,82.0,59.9,65.0,0.000,0.000,0.00,0.000,3.2,8.0,1.4,219,29,3.7,10.8,1.8,220,29,3.2,8.0,1.4,219,29,283,29.56,,0,0,0,76.4,70.4,68.5,0.38,0.33,0.37
POTS,2017-08-21 17:45:00 EDT,44.65687,-74.97443,422,80.0,80.1,81.9,60.3,65.0,0.000,0.000,0.00,0.000,3.7,7.2,1.4,216,27,4.2,9.1,1.7,221,25,3.7,7.2,1.4,216,27,268,29.56,,0,0,0,76.5,70.5,68.5,0.38,0.33,0.37
POTS,2017-08-21 17:50:00 EDT,44.65687,-74.97443,422,80.1,80.1,82.0,60.4,65.1,0.000,0.000,0.00,0.000,4.1,11.2,1.9,220,28,4.8,12.2,2.3,224,28,4.1,11.2,1.9,220,28,251,29.56,,0,0,0,76.4,70.4,68.5,0.38,0.33,0.37
POTS,2017-08-21 17:55:00 EDT,44.65687,-74.97443,422,80.0,80.0,80.0,59.4,64.6,0.000,0.000,0.00,0.000,4.2,9.8,2.1,221,31,4.9,13.5,2.5,224,31,4.2,9.8,2.1,221,31,239,29.56,,0,0,0,76.5,70.5,68.5,0.38,0.33,0.37
POTS,2017-08-21 18:00:00 EDT,44.65687,-74.97443,422,79.7,79.9,79.7,61.0,65.1,0.000,0.000,0.00,0.000,2.6,8.1,1.5,225,27,3.0,7.9,1.6,227,26,2.6,8.1,1.5,225,27,232,29.56,,0,0,0,76.5,70.5,68.5,0.38,0.33,0.36
POTS,2017-08-21 18:05:00 EDT,44.65687,-74.97443,422,79.6,79.7,79.6,61.5,65.3,0.000,0.000,0.00,0.000,3.3,7.5,1.2,218,25,3.8,8.4,1.5,223,27,3.3,7.5,1.2,218,25,218,29.56,,0,0,0,76.4,70.5,68.4,0.38,0.33,0.34
POTS,2017-08-21 18:10:00 EDT,44.65687,-74.97443,422,79.6,79.7,79.6,60.9,64.9,0.000,0.000,0.00,0.000,4.5,13.4,2.8,223,30,5.4,16.4,2.9,225,31,4.5,13.4,2.8,223,30,202,29.56,,0,0,0,76.4,70.4,68.5,0.38,0.33,0.34
POTS,2017-08-21 18:15:00 EDT,44.65687,-74.97443,422,79.5,79.6,79.5,61.0,64.8,0.000,0.000,0.00,0.000,3.4,8.0,1.8,236,29,4.0,10.7,2.1,238,27,3.4,8.0,1.8,236,29,184,29.56,,0,0,0,76.2,70.5,68.5,0.38,0.32,0.34
POTS,2017-08-21 18:20:00 EDT,44.65687,-74.97443,422,79.4,79.5,79.4,61.2,64.9,0.000,0.000,0.00,0.000,3.9,9.5,2.2,227,24,4.5,11.0,2.4,233,26,3.9,9.5,2.2,227,24,172,29.56,,0,0,0,76.2,70.6,68.4,0.38,0.32,0.34
POTS,2017-08-21 18:25:00 EDT,44.65687,-74.97443,422,79.3,79.4,79.3,60.8,64.6,0.000,0.000,0.00,0.000,4.6,13.1,2.7,235,27,5.6,14.9,2.7,237,27,4.6,13.1,2.7,235,27,158,29.56,,0,0,0,76.0,70.5,68.5,0.38,0.32,0.34
POTS,2017-08-21 18:30:00 EDT,44.65687,-74.97443,422,79.0,79.2,79.0,61.4,64.6,0.000,0.000,0.00,0.000,3.7,7.5,1.6,240,23,4.5,8.1,1.6,242,21,3.7,7.5,1.6,240,23,143,29.56,,0,0,0,76.0,70.6,68.5,0.38,0.32,0.34
POTS,2017-08-21 18:35:00 EDT,44.65687,-74.97443,422,78.8,78.9,78.8,61.7,64.5,0.000,0.000,0.00,0.000,3.5,10.1,1.9,250,20,4.2,11.5,2.0,251,22,3.5,10.1,1.9,250,20,134,29.56,,0,0,0,75.9,70.5,68.4,0.38,0.33,0.34
POTS,2017-08-21 18:40:00 EDT,44.65687,-74.97443,422,78.4,78.7,78.4,62.5,64.6,0.000,0.000,0.00,0.000,3.7,8.7,2.1,241,27,4.3,10.0,2.2,247,26,3.7,8.7,2.1,241,27,124,29.56,,0,0,0,76.0,70.5,68.5,0.38,0.33,0.34
POTS,2017-08-21 18:45:00 EDT,44.65687,-74.97443,422,78.3,78.5,78.3,62.7,64.5,0.000,0.000,0.00,0.000,3.4,6.7,1.4,231,36,4.1,7.6,1.5,234,32,3.4,6.7,1.4,231,36,113,29.56,,0,0,0,75.9,70.6,68.5,0.38,0.33,0.34
POTS,2017-08-21 18:50:00 EDT,44.65687,-74.97443,422,77.9,78.4,77.9,63.6,64.6,0.000,0.000,0.00,0.000,3.5,7.9,2.0,237,32,4.3,8.4,2.1,240,33,3.5,7.9,2.0,237,32,101,29.56,,0,0,0,75.9,70.6,68.5,0.38,0.32,0.34
POTS,2017-08-21 18:55:00 EDT,44.65687,-74.97443,422,77.9,78.2,77.9,63.6,64.6,0.000,0.000,0.00,0.000,3.6,8.0,1.8,237,23,4.2,9.6,2.0,243,20,3.6,8.0,1.8,237,23,90,29.56,,0,0,0,75.9,70.6,68.5,0.38,0.32,0.34
POTS,2017-08-21 19:00:00 EDT,44.65687,-74.97443,422,77.7,78.0,77.7,63.9,64.6,0.000,0.000,0.00,0.000,2.5,4.7,1.1,240,27,3.1,6.0,1.2,243,26,2.5,4.7,1.1,240,27,80,29.56,,0,0,0,75.9,70.6,68.4,0.38,0.32,0.34
POTS,2017-08-21 19:05:00 EDT,44.65687,-74.97443,422,77.2,77.7,77.2,66.1,65.0,0.000,0.000,0.00,0.000,2.3,5.8,1.4,223,30,2.6,6.9,1.6,227,29,2.3,5.8,1.4,223,30,70,29.56,,0,0,0,75.9,70.6,68.5,0.38,0.32,0.34
POTS,2017-08-21 19:10:00 EDT,44.65687,-74.97443,422,76.8,77.6,76.8,67.1,65.1,0.000,0.000,0.00,0.000,2.7,6.4,1.2,218,27,3.2,7.5,1.3,222,27,2.7,6.4,1.2,218,27,60,29.56,,0,0,0,75.9,70.6,68.5,0.38,0.32,0.34
POTS,2017-08-21 19:15:00 EDT,44.65687,-74.97443,422,76.9,77.4,76.9,67.0,65.1,0.000,0.000,0.00,0.000,2.9,5.9,1.3,218,22,3.0,6.4,1.4,219,23,2.9,5.9,1.3,218,22,51,29.55,,0,0,0,75.9,70.7,68.5,0.38,0.33,0.34
POTS,2017-08-21 19:20:00 EDT,44.65687,-74.97443,422,76.6,77.1,76.6,67.4,65.0,0.000,0.000,0.00,0.000,3.1,5.6,1.1,209,22,3.4,6.1,1.3,213,23,3.1,5.6,1.1,209,22,42,29.55,,0,0,0,75.9,70.6,68.4,0.38,0.32,0.34
POTS,2017-08-21 19:25:00 EDT,44.65687,-74.97443,422,76.1,76.9,76.1,68.1,64.8,0.000,0.000,0.00,0.000,2.7,6.0,0.9,213,22,2.9,5.8,1.0,217,22,2.7,6.0,0.9,213,22,33,29.55,,0,0,0,75.9,70.7,68.5,0.38,0.32,0.34
POTS,2017-08-21 19:30:00 EDT,44.65687,-74.97443,422,76.2,76.7,76.2,68.4,65.0,0.000,0.000,0.00,0.000,2.2,5.4,1.1,219,26,2.6,7.0,1.3,222,27,2.2,5.4,1.1,219,26,27,29.55,,0,0,0,75.7,70.7,68.5,0.38,0.32,0.34
POTS,2017-08-21 19:35:00 EDT,44.65687,-74.97443,422,75.5,76.4,75.5,69.6,64.9,0.000,0.000,0.00,0.000,2.0,4.5,0.8,215,24,2.2,5.0,0.9,217,24,2.0,4.5,0.8,215,24,21,29.55,,0,0,0,75.6,70.7,68.5,0.38,0.32,0.34
POTS,2017-08-21 19:40:00 EDT,44.65687,-74.97443,422,75.0,76.0,75.0,71.2,65.1,0.000,0.000,0.00,0.000,2.0,3.9,0.7,210,19,2.2,4.1,0.7,213,20,2.0,3.9,0.7,210,19,16,29.55,,0,0,0,75.6,70.8,68.5,0.38,0.32,0.34
POTS,2017-08-21 19:45:00 EDT,44.65687,-74.97443,422,74.8,75.8,74.8,72.0,65.2,0.000,0.000,0.00,0.000,2.6,3.6,0.5,205,15,2.8,4.5,0.6,206,14,2.6,3.6,0.5,205,15,11,29.55,,0,0,0,75.6,70.8,68.5,0.38,0.33,0.34
POTS,2017-08-21 19:50:00 EDT,44.65687,-74.97443,422,74.7,75.6,74.7,72.3,65.2,0.000,0.000,0.00,0.000,2.9,4.6,0.6,203,13,2.9,5.1,0.9,204,13,2.9,4.6,0.6,203,13,8,29.55,,0,0,0,75.6,70.8,68.4,0.38,0.32,0.34
POTS,2017-08-21 19:55:00 EDT,44.65687,-74.97443,422,74.2,75.2,74.2,73.2,65.1,0.000,0.000,0.00,0.000,2.7,5.1,0.9,206,14,2.8,5.7,1.1,207,14,2.7,5.1,0.9,206,14,5,29.55,,0,0,0,75.6,70.8,68.5,0.38,0.32,0.34
POTS,2017-08-21 20:00:00 EDT,44.65687,-74.97443,422,74.2,74.9,74.2,73.7,65.2,0.000,0.000,0.00,0.000,2.7,4.7,0.9,207,15,3.0,5.6,0.9,210,16,2.7,4.7,0.9,207,15,3,29.55,,0,0,0,75.6,71.0,68.5,0.38,0.32,0.34
POTS,2017-08-21 20:05:00 EDT,44.65687,-74.97443,422,73.8,74.7,73.8,74.3,65.2,0.000,0.000,0.00,0.000,2.6,4.3,0.7,208,17,2.9,5.4,0.9,208,15,2.6,4.3,0.7,208,17,2,29.55,,0,0,0,75.6,70.9,68.5,0.38,0.32,0.34
POTS,2017-08-21 20:10:00 EDT,44.65687,-74.97443,422,73.7,74.5,73.7,75.1,65.3,0.000,0.000,0.00,0.000,3.4,5.3,1.0,200,12,3.7,6.9,1.2,201,11,3.4,5.3,1.0,200,12,1,29.55,,0,0,0,75.5,70.9,68.5,0.38,0.32,0.34
POTS,2017-08-21 20:15:00 EDT,44.65687,-74.97443,422,73.4,74.3,73.4,75.3,65.1,0.000,0.000,0.00,0.000,3.7,5.7,0.9,193,12,4.1,6.8,1.1,195,10,3.7,5.7,0.9,193,12,0,29.55,,0,0,0,75.3,70.9,68.5,0.38,0.32,0.34
POTS,2017-08-21 20:20:00 EDT,44.65687,-74.97443,422,72.7,73.9,72.7,77.1,65.1,0.000,0.000,0.00,0.000,3.5,6.4,0.9,188,15,3.9,7.2,1.1,189,14,3.5,6.4,0.9,188,15,0,29.55,,0,0,0,75.1,70.9,68.5,0.38,0.32,0.34
POTS,2017-08-21 20:25:00 EDT,44.65687,-74.97443,422,73.2,73.8,73.2,77.1,65.6,0.000,0.000,0.00,0.000,3.9,7.2,1.1,191,13,4.3,8.4,1.2,195,10,3.9,7.2,1.1,191,13,0,29.55,,0,0,0,75.0,70.9,68.4,0.38,0.33,0.34
POTS,2017-08-21 20:30:00 EDT,44.65687,-74.97443,422,73.3,73.7,73.3,76.6,65.5,0.000,0.000,0.00,0.000,4.1,5.9,0.9,196,13,4.5,6.9,1.0,197,11,4.1,5.9,0.9,196,13,0,29.55,,0,0,0,75.0,70.9,68.5,0.38,0.32,0.34
POTS,2017-08-21 20:35:00 EDT,44.65687,-74.97443,422,73.0,73.6,73.0,76.7,65.3,0.000,0.000,0.00,0.000,4.1,6.3,0.8,192,12,4.7,8.0,0.9,195,9,4.1,6.3,0.8,192,12,0,29.55,,0,0,0,75.0,71.0,68.5,0.38,0.32,0.34
POTS,2017-08-21 20:40:00 EDT,44.65687,-74.97443,422,72.9,73.5,72.9,77.5,65.4,0.000,0.000,0.00,0.000,3.8,6.3,1.1,200,20,4.0,7.8,1.4,199,18,3.8,6.3,1.1,200,20,0,29.56,,0,0,0,75.0,71.0,68.4,0.38,0.32,0.34
POTS,2017-08-21 20:45:00 EDT,44.65687,-74.97443,422,73.2,73.6,73.2,76.9,65.5,0.000,0.000,0.00,0.000,4.2,6.9,1.2,203,18,4.5,7.7,1.3,204,18,4.2,6.9,1.2,203,18,0,29.56,,0,0,0,74.8,71.0,68.5,0.38,0.33,0.34
POTS,2017-08-21 20:50:00 EDT,44.65687,-74.97443,422,73.0,73.5,73.0,77.0,65.4,0.000,0.000,0.00,0.000,4.3,6.6,1.0,197,13,4.7,7.1,1.1,197,11,4.3,6.6,1.0,197,13,0,29.56,,0,0,0,74.7,71.0,68.5,0.38,0.33,0.34
POTS,2017-08-21 20:55:00 EDT,44.65687,-74.97443,422,72.9,73.4,72.9,77.1,65.3,0.000,0.000,0.00,0.000,4.8,8.8,1.6,194,15,5.3,9.6,1.8,195,13,4.8,8.8,1.6,194,15,0,29.56,,0,0,0,74.7,71.0,68.5,0.38,0.32,0.34
POTS,2017-08-21 21:00:00 EDT,44.65687,-74.97443,422,73.0,73.6,73.0,76.9,65.4,0.000,0.000,0.00,0.000,4.3,7.2,1.4,193,18,4.9,10.1,1.6,198,17,4.3,7.2,1.4,193,18,0,29.56,,0,0,0,74.7,71.0,68.5,0.38,0.32,0.34
POTS,2017-08-21 21:05:00 EDT,44.65687,-74.97443,422,73.2,73.7,73.2,76.2,65.2,0.000,0.000,0.00,0.000,4.4,7.5,1.3,200,20,4.8,8.3,1.6,201,20,4.4,7.5,1.3,200,20,0,29.56,,0,0,0,74.7,71.0,68.5,0.38,0.32,0.34
POTS,2017-08-21 21:10:00 EDT,44.65687,-74.97443,422,73.2,73.5,73.2,75.9,65.1,0.000,0.000,0.00,0.000,2.2,6.3,1.3,218,21,2.4,6.5,1.3,223,23,2.2,6.3,1.3,218,21,0,29.56,,0,0,0,74.7,71.0,68.5,0.38,0.32,0.34
POTS,2017-08-21 21:15:00 EDT,44.65687,-74.97443,422,72.8,73.3,72.8,76.4,64.9,0.000,0.000,0.00,0.000,1.6,3.5,0.9,231,24,1.9,4.2,0.8,229,26,1.6,3.5,0.9,231,24,0,29.57,,0,0,0,74.7,71.0,68.5,0.38,0.32,0.34
POTS,2017-08-21 21:20:00 EDT,44.65687,-74.97443,422,72.6,73.2,72.6,77.5,65.1,0.000,0.000,0.00,0.000,2.7,4.3,0.7,212,18,2.9,5.9,0.9,215,17,2.7,4.3,0.7,212,18,0,29.56,,0,0,0,74.7,71.0,68.5,0.38,0.32,0.34
POTS,2017-08-21 21:25:00 EDT,44.65687,-74.97443,422,72.4,73.0,72.4,77.8,65.1,0.000,0.000,0.00,0.000,2.6,3.9,0.6,201,15,2.9,4.8,0.8,204,14,2.6,3.9,0.6,201,15,0,29.56,,0,0,0,74.6,71.0,68.5,0.38,0.33,0.34
POTS,2017-08-21 21:30:00 EDT,44.65687,-74.97443,422,72.3,72.9,72.3,78.3,65.2,0.000,0.000,0.00,0.000,2.2,5.0,1.0,209,18,2.5,5.5,1.1,212,15,2.2,5.0,1.0,209,18,0,29.56,,0,0,0,74.4,71.0,68.5,0.38,0.32,0.34
POTS,2017-08-21 21:35:00 EDT,44.65687,-74.97443,422,72.4,72.9,72.4,78.1,65.2,0.000,0.000,0.00,0.000,2.8,6.0,1.3,212,21,3.0,6.3,1.4,215,17,2.8,6.0,1.3,212,21,0,29.56,,0,0,0,74.3,71.0,68.5,0.38,0.32,0.34
POTS,2017-08-21 21:40:00 EDT,44.65687,-74.97443,422,72.3,72.9,72.3,78.2,65.1,0.000,0.000,0.00,0.000,2.6,6.6,1.4,218,24,2.9,6.5,1.3,216,23,2.6,6.6,1.4,218,24,0,29.57,,0,0,0,74.3,71.0,68.5,0.38,0.32,0.34
POTS,2017-08-21 21:45:00 EDT,44.65687,-74.97443,422,72.6,73.0,72.6,78.0,65.3,0.000,0.000,0.00,0.000,2.7,5.7,1.1,216,24,3.1,7.0,1.3,218,26,2.7,5.7,1.1,216,24,0,29.57,,0,0,0,74.3,71.1,68.5,0.38,0.33,0.33
POTS,2017-08-21 21:50:00 EDT,44.65687,-74.97443,422,72.5,73.0,72.5,77.8,65.2,0.000,0.000,0.00,0.000,3.0,6.1,1.2,212,20,3.1,6.1,1.3,215,19,3.0,6.1,1.2,212,20,0,29.57,,0,0,0,74.3,71.0,68.5,0.38,0.32,0.33
POTS,2017-08-21 21:55:00 EDT,44.65687,-74.97443,422,72.5,73.0,72.5,77.7,65.1,0.000,0.000,0.00,0.000,2.9,6.1,1.2,212,21,3.2,7.9,1.4,214,18,2.9,6.1,1.2,212,21,0,29.57,,0,0,0,74.2,71.1,68.5,0.38,0.33,0.33
POTS,2017-08-21 22:00:00 EDT,44.65687,-74.97443,422,72.6,73.1,72.6,77.7,65.3,0.000,0.000,0.00,0.000,2.7,5.7,1.2,214,19,3.1,6.6,1.3,217,21,2.7,5.7,1.2,214,19,0,29.56,,0,0,0,74.0,71.0,68.5,0.38,0.32,0.34
POTS,2017-08-21 22:05:00 EDT,44.65687,-74.97443,422,72.9,73.2,72.9,76.7,65.2,0.000,0.000,0.00,0.000,3.2,6.0,1.3,215,22,3.6,6.9,1.3,216,22,3.2,6.0,1.3,215,22,0,29.57,,0,0,0,74.0,71.0,68.5,0.38,0.33,0.34
POTS,2017-08-21 22:10:00 EDT,44.65687,-74.97443,422,72.8,73.2,72.8,76.7,65.0,0.000,0.000,0.00,0.000,3.3,6.5,1.2,210,19,3.6,7.1,1.3,212,16,3.3,6.5,1.2,210,19,0,29.56,,0,0,0,73.9,71.0,68.5,0.38,0.32,0.33
POTS,2017-08-21 22:15:00 EDT,44.65687,-74.97443,422,72.8,73.2,72.8,76.8,65.1,0.000,0.000,0.00,0.000,3.8,7.8,1.4,210,23,4.2,8.1,1.6,211,21,3.8,7.8,1.4,210,23,0,29.56,,0,0,0,73.9,71.0,68.6,0.38,0.32,0.34
POTS,2017-08-21 22:20:00 EDT,44.65687,-74.97443,422,72.7,73.1,72.7,76.8,65.0,0.000,0.000,0.00,0.000,3.2,6.2,1.4,209,22,3.6,6.9,1.6,209,21,3.2,6.2,1.4,209,22,0,29.56,,0,0,0,73.9,70.9,68.5,0.38,0.32,0.34
POTS,2017-08-21 22:25:00 EDT,44.65687,-74.97443,422,72.6,73.0,72.6,76.9,65.0,0.000,0.000,0.00,0.000,3.3,6.9,1.3,214,26,3.7,6.9,1.4,218,27,3.3,6.9,1.3,214,26,0,29.56,,0,0,0,73.9,71.0,68.5,0.38,0.32,0.34
POTS,2017-08-21 22:30:00 EDT,44.65687,-74.97443,422,72.5,72.9,72.5,77.3,65.0,0.000,0.000,0.00,0.000,3.0,6.1,1.1,207,20,3.3,7.5,1.1,209,19,3.0,6.1,1.1,207,20,0,29.56,,0,0,0,73.9,71.1,68.6,0.38,0.33,0.34
POTS,2017-08-21 22:35:00 EDT,44.65687,-74.97443,422,72.4,72.7,72.4,77.8,65.1,0.000,0.000,0.00,0.000,2.6,5.8,1.4,209,22,2.9,6.7,1.4,208,20,2.6,5.8,1.4,209,22,0,29.56,,0,0,0,73.9,71.0,68.6,0.38,0.32,0.34
POTS,2017-08-21 22:40:00 EDT,44.65687,-74.97443,422,72.2,72.6,72.2,78.1,65.0,0.000,0.000,0.00,0.000,2.8,6.3,1.2,210,20,3.0,7.2,1.3,212,19,2.8,6.3,1.2,210,20,0,29.56,,0,0,0,73.7,71.1,68.5,0.38,0.33,0.34
POTS,2017-08-21 22:45:00 EDT,44.65687,-74.97443,422,71.9,72.5,71.9,78.7,64.9,0.000,0.000,0.00,0.000,2.4,5.8,1.4,202,23,2.6,8.0,1.6,203,23,2.4,5.8,1.4,202,23,0,29.56,,0,0,0,73.5,71.1,68.5,0.38,0.33,0.34
POTS,2017-08-21 22:50:00 EDT,44.65687,-74.97443,422,71.7,72.3,71.7,79.4,65.0,0.000,0.000,0.00,0.000,2.5,4.4,0.8,208,21,2.7,5.6,1.0,212,21,2.5,4.4,0.8,208,21,0,29.56,,0,0,0,73.4,71.0,68.6,0.38,0.32,0.33
POTS,2017-08-21 22:55:00 EDT,44.65687,-74.97443,422,71.7,72.2,71.7,79.9,65.2,0.000,0.000,0.00,0.000,3.1,5.8,1.2,199,15,3.3,7.3,1.5,201,13,3.1,5.8,1.2,199,15,0,29.56,,0,0,0,73.4,71.0,68.5,0.38,0.32,0.34
POTS,2017-08-21 23:00:00 EDT,44.65687,-74.97443,422,71.6,72.1,71.6,80.2,65.2,0.000,0.000,0.00,0.000,2.3,5.2,1.0,201,16,2.6,5.8,1.1,201,15,2.3,5.2,1.0,201,16,0,29.56,,0,0,0,73.4,71.0,68.6,0.38,0.32,0.34
POTS,2017-08-21 23:05:00 EDT,44.65687,-74.97443,422,71.3,71.9,71.3,80.9,65.1,0.000,0.000,0.00,0.000,3.3,8.1,1.7,198,19,3.8,9.3,1.8,198,20,3.3,8.1,1.7,198,19,0,29.56,,0,0,0,73.4,71.0,68.6,0.38,0.32,0.34
POTS,2017-08-21 23:10:00 EDT,44.65687,-74.97443,422,71.5,72.0,71.5,80.4,65.2,0.000,0.000,0.00,0.000,2.9,5.3,1.0,205,24,3.3,5.7,1.0,207,23,2.9,5.3,1.0,205,24,0,29.56,,0,0,0,73.4,71.0,68.6,0.38,0.32,0.33
POTS,2017-08-21 23:15:00 EDT,44.65687,-74.97443,422,70.9,71.6,70.9,81.0,64.8,0.000,0.000,0.00,0.000,2.9,5.6,1.0,200,16,3.4,7.3,1.3,201,14,2.9,5.6,1.0,200,16,0,29.56,,0,0,0,73.3,71.0,68.6,0.38,0.32,0.33
POTS,2017-08-21 23:20:00 EDT,44.65687,-74.97443,422,71.2,71.7,71.2,81.4,65.3,0.000,0.000,0.00,0.000,3.2,6.0,1.1,207,19,3.4,7.0,1.4,209,18,3.2,6.0,1.1,207,19,0,29.56,,0,0,0,73.1,71.0,68.6,0.38,0.33,0.33
POTS,2017-08-21 23:25:00 EDT,44.65687,-74.97443,422,71.3,71.6,71.3,80.9,65.1,0.000,0.000,0.00,0.000,2.4,5.2,1.0,223,23,2.8,5.9,1.1,227,23,2.4,5.2,1.0,223,23,0,29.56,,0,0,0,73.1,71.1,68.5,0.38,0.32,0.34
POTS,2017-08-21 23:30:00 EDT,44.65687,-74.97443,422,70.9,71.5,70.9,81.4,64.9,0.000,0.000,0.00,0.000,2.3,4.2,0.9,219,20,2.6,4.7,1.0,223,20,2.3,4.2,0.9,219,20,0,29.56,,0,0,0,73.0,71.1,68.5,0.38,0.33,0.34
POTS,2017-08-21 23:35:00 EDT,44.65687,-74.97443,422,70.9,71.4,70.9,81.9,65.1,0.000,0.000,0.00,0.000,1.6,3.0,0.7,206,22,2.0,3.8,0.6,203,21,1.6,3.0,0.7,206,22,0,29.56,,0,0,0,73.0,71.0,68.6,0.38,0.33,0.34
POTS,2017-08-21 23:40:00 EDT,44.65687,-74.97443,422,70.1,71.2,70.1,82.8,64.6,0.000,0.000,0.00,0.000,1.8,4.1,0.7,194,19,2.1,4.6,0.7,197,20,1.8,4.1,0.7,194,19,0,29.56,,0,0,0,73.0,71.0,68.5,0.38,0.32,0.34
POTS,2017-08-21 23:45:00 EDT,44.65687,-74.97443,422,70.3,71.2,70.3,83.6,65.1,0.000,0.000,0.00,0.000,2.1,3.3,0.5,196,15,2.3,3.4,0.5,200,14,2.1,3.3,0.5,196,15,0,29.55,,0,0,0,73.0,71.0,68.6,0.38,0.32,0.33
POTS,2017-08-21 23:50:00 EDT,44.65687,-74.97443,422,70.1,71.0,70.1,84.1,65.0,0.000,0.000,0.00,0.000,2.5,5.0,0.8,188,19,2.8,5.2,0.8,190,19,2.5,5.0,0.8,188,19,0,29.55,,0,0,0,73.0,71.1,68.6,0.38,0.33,0.34
POTS,2017-08-21 23:55:00 EDT,44.65687,-74.97443,422,70.4,70.9,70.4,83.9,65.3,0.000,0.000,0.00,0.000,2.6,4.5,1.0,203,17,2.8,5.3,1.0,207,17,2.6,4.5,1.0,203,17,0,29.55,,0,0,0,73.0,71.0,68.6,0.38,0.32,0.33
QUEE,2017-08-21 00:00:00 EDT,40.73434,-73.81586,179,77.8,,77.8,50.7,58.0,,,,,3.0,3.9,0.5,255,6,3.2,4.6,0.5,237,6,3.0,3.9,0.5,255,6,0,29.97,-0.0,,,,,,,,,
QUEE,2017-08-21 00:05:00 EDT,40.73434,-73.81586,179,77.9,,77.9,50.4,58.0,,,,,2.3,3.8,0.7,241,14,2.5,4.2,0.7,224,15,2.3,3.8,0.7,241,14,0,29.97,-0.0,,,,,,,,,
QUEE,2017-08-21 00:10:00 EDT,40.73434,-73.81586,179,78.1,,78.1,50.3,58.1,,,,,2.4,3.7,0.7,238,16,2.7,4.7,0.7,220,18,2.4,3.7,0.7,238,16,0,29.97,-0.1,,,,,,,,,
QUEE,2017-08-21 00:15:00 EDT,40.73434,-73.81586,179,77.8,,77.8,50.9,58.1,,,,,2.8,3.5,0.2,221,8,3.0,3.7,0.3,206,7,2.8,3.5,0.2,221,8,0,29.97,-0.0,,,,,,,,,
QUEE,2017-08-21 00:20:00 EDT,40.73434,-73.81586,179,77.7,,77.7,51.4,58.3,,,,,2.6,3.7,0.5,230,21,2.8,4.3,0.6,212,21,2.6,3.7,0.5,230,21,0,29.97,0.0,,,,,,,,,
QUEE,2017-08-21 00:25:00 EDT,40.73434,-73.81586,179,77.5,,77.5,51.8,58.4,,,,,2.5,3.4,0.5,221,10,2.8,4.3,0.6,206,10,2.5,3.4,0.5,221,10,0,29.97,-0.1,,,,,,,,,
QUEE,2017-08-21 00:30:00 EDT,40.73434,-73.81586,179,76.6,,76.6,53.6,58.5,,,,,3.6,4.5,0.4,203,10,4.1,5.6,0.6,188,9,3.6,4.5,0.4,203,10,0,29.97,-0.0,,,,,,,,,
QUEE,2017-08-21 00:35:00 EDT,40.73434,-73.81586,179,76.7,,76.7,53.9,58.8,,,,,3.3,4.0,0.3,197,9,3.9,4.8,0.4,183,8,3.3,4.0,0.3,197,9,0,29.97,-0.1,,,,,,,,,
QUEE,2017-08-21 00:40:00 EDT,40.73434,-73.81586,179,76.2,,76.2,55.2,58.9,,,,,3.9,4.6,0.3,189,4,4.5,5.6,0.4,177,4,3.9,4.6,0.3,189,4,0,29.97,-0.0,,,,,,,,,
QUEE,2017-08-21 00:45:00 EDT,40.73434,-73.81586,179,76.1,,76.1,55.7,59.1,,,,,3.9,5.0,0.6,197,14,4.5,6.1,0.8,183,12,3.9,5.0,0.6,197,14,0,29.97,0.0,,,,,,,,,
QUEE,2017-08-21 00:50:00 EDT,40.73434,-73.81586,179,76.2,,76.2,55.7,59.2,,,,,3.3,4.2,0.5,222,10,3.5,5.0,0.7,206,10,3.3,4.2,0.5,222,10,0,29.97,-0.0,,,,,,,,,
QUEE,2017-08-21 00:55:00 EDT,40.73434,-73.81586,179,76.0,,76.0,56.4,59.4,,,,,3.6,5.3,0.7,229,9,3.9,6.0,0.7,214,8,3.6,5.3,0.7,229,9,0,29.97,-0.0,,,,,,,,,
QUEE,2017-08-21 01:00:00 EDT,40.73434,-73.81586,179,75.9,,75.9,57.2,59.7,,,,,3.8,4.8,0.6,233,12,4.2,5.7,0.7,217,11,3.8,4.8,0.6,233,12,0,29.97,-0.0,,,,,,,,,
QUEE,2017-08-21 01:05:00 EDT,40.73434,-73.81586,179,75.8,,75.8,57.9,59.9,,,,,3.1,4.4,0.5,236,10,3.4,4.8,0.6,219,11,3.1,4.4,0.5,236,10,0,29.97,-0.0,,,,,,,,,
QUEE,2017-08-21 01:10:00 EDT,40.73434,-73.81586,179,75.8,,75.8,58.1,60.0,,,,,2.8,4.2,0.6,239,13,3.0,5.2,0.7,220,13,2.8,4.2,0.6,239,13,0,29.97,-0.0,,,,,,,,,
QUEE,2017-08-21 01:15:00 EDT,40.73434,-73.81586,179,75.7,,75.7,58.4,60.1,,,,,2.1,3.5,0.4,226,15,2.3,3.6,0.4,208,16,2.1,3.5,0.4,226,15,0,29.97,0.0,,,,,,,,,
QUEE,2017-08-21 01:20:00 EDT,40.73434,-73.81586,179,75.8,,75.8,58.5,60.2,,,,,2.0,3.1,0.5,226,18,2.2,3.4,0.5,207,17,2.0,3.1,0.5,226,18,0,29.98,-0.0,,,,,,,,,
QUEE,2017-08-21 01:25:00 EDT,40.73434,-73.81586,179,75.7,,75.7,58.7,60.2,,,,,2.4,3.1,0.4,199,16,2.9,4.0,0.5,184,13,2.4,3.1,0.4,199,16,0,29.97,0.0,,,,,,,,,
QUEE,2017-08-21 01:30:00 EDT,40.73434,-73.81586,179,75.7,,75.7,58.9,60.3,,,,,3.1,3.9,0.5,187,10,3.7,4.9,0.6,173,9,3.1,3.9,0.5,187,10,0,29.97,-0.0,,,,,,,,,
QUEE,2017-08-21 01:35:00 EDT,40.73434,-73.81586,179,75.7,,75.7,58.7,60.2,,,,,3.5,4.2,0.3,186,7,4.2,5.0,0.4,174,5,3.5,4.2,0.3,186,7,0,29.97,-0.0,,,,,,,,,
QUEE,2017-08-21 01:40:00 EDT,40.73434,-73.81586,179,75.7,,75.7,58.8,60.2,,,,,3.8,4.4,0.3,195,7,4.4,5.3,0.4,182,6,3.8,4.4,0.3,195,7,0,29.98,0.0,,,,,,,,,
QUEE,2017-08-21 01:45:00 EDT,40.73434,-73.81586,179,75.4,,75.4,59.1,60.2,,,,,4.0,5.0,0.4,207,11,4.6,5.5,0.5,193,10,4.0,5.0,0.4,207,11,0,29.98,0.0,,,,,,,,,
QUEE,2017-08-21 01:50:00 EDT,40.73434,-73.81586,179,75.6,,75.6,58.8,60.2,,,,,3.9,4.6,0.4,234,9,4.2,5.2,0.5,219,8,3.9,4.6,0.4,234,9,0,29.98,0.0,,,,,,,,,
QUEE,2017-08-21 01:55:00 EDT,40.73434,-73.81586,179,75.8,,75.8,58.6,60.3,,,,,4.0,4.6,0.3,250,9,4.3,5.2,0.5,236,10,4.0,4.6,0.3,250,9,0,29.98,-0.0,,,,,,,,,
QUEE,2017-08-21 02:00:00 EDT,40.73434,-73.81586,179,76.0,,76.0,58.0,60.2,,,,,4.2,6.1,0.5,268,7,4.7,6.8,0.6,254,8,4.2,6.1,0.5,268,7,0,29.98,-0.0,,,,,,,,,
QUEE,2017-08-21 02:05:00 EDT,40.73434,-73.81586,179,76.1,,76.1,58.0,60.2,,,,,3.9,5.2,0.5,277,6,4.3,5.7,0.6,263,5,3.9,5.2,0.5,277,6,0,29.98,0.0,,,,,,,,,
QUEE,2017-08-21 02:10:00 EDT,40.73434,-73.81586,179,76.2,,76.2,57.9,60.3,,,,,4.0,5.0,0.3,280,6,4.5,5.8,0.5,266,5,4.0,5.0,0.3,280,6,0,29.98,0.0,,,,,,,,,
QUEE,2017-08-21 02:15:00 EDT,40.73434,-73.81586,179,76.2,,76.2,58.1,60.4,,,,,3.9,5.1,0.4,280,6,4.3,5.9,0.5,265,5,3.9,5.1,0.4,280,6,0,29.98,0.0,,,,,,,,,
QUEE,2017-08-21 02:20:00 EDT,40.73434,-73.81586,179,76.2,,76.2,57.8,60.2,,,,,4.0,5.0,0.5,276,5,4.4,5.8,0.6,262,5,4.0,5.0,0.5,276,5,0,29.97,-0.0,,,,,,,,,
QUEE,2017-08-21 02:25:00 EDT,40.73434,-73.81586,179,76.1,,76.1,57.8,60.2,,,,,4.0,4.8,0.3,279,5,4.4,5.4,0.4,264,4,4.0,4.8,0.3,279,5,0,29.97,-0.0,,,,,,,,,
QUEE,2017-08-21 02:30:00 EDT,40.73434,-73.81586,179,76.4,,76.4,57.3,60.2,,,,,4.1,4.8,0.3,277,4,4.5,5.6,0.4,262,4,4.1,4.8,0.3,277,4,0,29.97,0.0,,,,,,,,,
QUEE,2017-08-21 02:35:00 EDT,40.73434,-73.81586,179,76.4,,76.4,57.1,60.1,,,,,4.6,5.4,0.4,275,4,5.1,5.9,0.4,260,3,4.6,5.4,0.4,275,4,0,29.97,-0.0,,,,,,,,,
QUEE,2017-08-21 02:40:00 EDT,40.73434,-73.81586,179,76.3,,76.3,57.4,60.2,,,,,3.7,4.3,0.3,261,8,4.1,5.1,0.4,245,10,3.7,4.3,0.3,261,8,0,29.97,0.0,,,,,,,,,
QUEE,2017-08-21 02:45:00 EDT,40.73434,-73.81586,179,76.2,,76.2,57.7,60.2,,,,,3.5,3.8,0.1,249,6,3.8,4.3,0.3,232,7,3.5,3.8,0.1,249,6,0,29.97,-0.0,,,,,,,,,
QUEE,2017-08-21 02:50:00 EDT,40.73434,-73.81586,179,75.7,,75.7,58.7,60.2,,,,,3.4,3.9,0.2,226,6,3.6,4.3,0.3,210,5,3.4,3.9,0.2,226,6,0,29.97,-0.0,,,,,,,,,
QUEE,2017-08-21 02:55:00 EDT,40.73434,-73.81586,179,75.1,,75.1,60.3,60.4,,,,,3.5,4.4,0.5,207,13,3.9,5.6,0.7,192,10,3.5,4.4,0.5,207,13,0,29.97,-0.1,,,,,,,,,
QUEE,2017-08-21 03:00:00 EDT,40.73434,-73.81586,179,74.8,,74.8,61.1,60.5,,,,,4.2,4.9,0.4,207,5,4.8,5.8,0.4,192,5,4.2,4.9,0.4,207,5,0,29.97,-0.0,,,,,,,,,
QUEE,2017-08-21 03:05:00 EDT,40.73434,-73.81586,179,74.8,,74.8,61.4,60.6,,,,,4.5,5.1,0.3,209,2,5.1,5.8,0.4,194,2,4.5,5.1,0.3,209,2,0,29.97,0.0,,,,,,,,,
QUEE,2017-08-21 03:10:00 EDT,40.73434,-73.81586,179,74.9,,74.9,61.0,60.5,,,,,3.4,4.5,0.5,205,4,3.9,5.4,0.5,189,4,3.4,4.5,0.5,205,4,0,29.97,-0.0,,,,,,,,,
QUEE,2017-08-21 03:15:00 EDT,40.73434,-73.81586,179,74.8,,74.8,61.1,60.6,,,,,2.8,3.4,0.2,221,8,2.9,3.7,0.3,205,8,2.8,3.4,0.2,221,8,0,29.97,0.0,,,,,,,,,
QUEE,2017-08-21 03:20:00 EDT,40.73434,-73.81586,179,74.8,,74.8,61.3,60.5,,,,,2.9,3.2,0.2,236,6,3.0,3.7,0.2,218,4,2.9,3.2,0.2,236,6,0,29.97,0.0,,,,,,,,,
QUEE,2017-08-21 03:25:00 EDT,40.73434,-73.81586,179,74.6,,74.6,61.9,60.7,,,,,3.7,4.5,0.4,245,5,4.0,4.9,0.4,228,5,3.7,4.5,0.4,245,5,0,29.97,-0.0,,,,,,,,,
QUEE,2017-08-21 03:30:00 EDT,40.73434,-73.81586,179,74.6,,74.6,62.4,60.9,,,,,3.8,4.4,0.3,249,4,4.1,4.9,0.5,232,5,3.8,4.4,0.3,249,4,0,29.97,-0.0,,,,,,,,,
QUEE,2017-08-21 03:35:00 EDT,40.73434,-73.81586,179,74.4,,74.4,62.9,60.9,,,,,3.9,4.6,0.3,242,5,4.2,5.1,0.5,226,5,3.9,4.6,0.3,242,5,0,29.97,-0.0,,,,,,,,,
QUEE,2017-08-21 03:40:00 EDT,40.73434,-73.81586,179,74.3,,74.3,63.5,61.1,,,,,3.7,4.5,0.4,247,5,4.1,5.0,0.5,230,5,3.7,4.5,0.4,247,5,0,29.97,0.0,,,,,,,,,
QUEE,2017-08-21 03:45:00 EDT,40.73434,-73.81586,179,74.4,,74.4,63.8,61.3,,,,,3.2,3.8,0.3,248,6,3.5,4.3,0.4,231,6,3.2,3.8,0.3,248,6,0,29.97,-0.0,,,,,,,,,
QUEE,2017-08-21 03:50:00 EDT,40.73434,-73.81586,179,74.4,,74.4,63.6,61.2,,,,,2.0,3.1,0.3,243,11,2.2,3.3,0.4,224,10,2.0,3.1,0.3,243,11,0,29.97,-0.0,,,,,,,,,
QUEE,2017-08-21 03:55:00 EDT,40.73434,-73.81586,179,74.0,,74.0,64.4,61.2,,,,,2.2,3.2,0.5,200,12,2.6,3.8,0.6,184,10,2.2,3.2,0.5,200,12,0,29.97,-0.0,,,,,,,,,
QUEE,2017-08-21 04:00:00 EDT,40.73434,-73.81586,179,73.7,,73.7,65.4,61.4,,,,,3.6,4.7,0.4,194,5,4.3,5.6,0.5,181,4,3.6,4.7,0.4,194,5,0,29.97,-0.0,,,,,,,,,
QUEE,2017-08-21 04:05:00 EDT,40.73434,-73.81586,179,73.7,,73.7,66.1,61.6,,,,,4.2,4.7,0.3,201,5,4.8,5.9,0.4,188,3,4.2,4.7,0.3,201,5,0,29.97,0.0,,,,,,,,,
QUEE,2017-08-21 04:10:00 EDT,40.73434,-73.81586,179,73.8,,73.8,66.0,61.8,,,,,3.6,4.5,0.4,198,6,4.2,5.1,0.5,184,6,3.6,4.5,0.4,198,6,0,29.97,-0.0,,,,,,,,,
QUEE,2017-08-21 04:15:00 EDT,40.73434,-73.81586,179,73.7,,73.7,66.3,61.8,,,,,2.8,3.4,0.3,196,6,3.3,4.1,0.4,182,6,2.8,3.4,0.3,196,6,0,29.98,-0.0,,,,,,,,,
QUEE,2017-08-21 04:20:00 EDT,40.73434,-73.81586,179,73.6,,73.6,66.7,61.8,,,,,2.3,3.1,0.6,210,9,2.7,3.6,0.6,193,10,2.3,3.1,0.6,210,9,0,29.98,0.0,,,,,,,,,
QUEE,2017-08-21 04:25:00 EDT,40.73434,-73.81586,179,73.6,,73.6,66.9,61.9,,,,,2.7,3.4,0.4,212,6,3.0,4.0,0.4,196,7,2.7,3.4,0.4,212,6,0,29.98,0.0,,,,,,,,,
QUEE,2017-08-21 04:30:00 EDT,40.73434,-73.81586,179,73.9,,73.9,66.5,62.1,,,,,2.7,3.6,0.4,230,9,2.8,4.1,0.5,213,8,2.7,3.6,0.4,230,9,0,29.98,-0.0,,,,,,,,,
QUEE,2017-08-21 04:35:00 EDT,40.73434,-73.81586,179,73.8,,73.8,66.3,61.9,,,,,2.4,3.4,0.4,237,11,2.5,3.8,0.5,219,12,2.4,3.4,0.4,237,11,0,29.98,-0.0,,,,,,,,,
QUEE,2017-08-21 04:40:00 EDT,40.73434,-73.81586,179,73.8,,73.8,66.6,62.0,,,,,2.2,2.5,0.1,222,5,2.3,2.8,0.2,206,6,2.2,2.5,0.1,222,5,0,29.98,-0.0,,,,,,,,,
QUEE,2017-08-21 04:45:00 EDT,40.73434,-73.81586,179,73.7,,73.7,67.0,62.1,,,,,2.4,2.8,0.2,231,7,2.4,3.2,0.3,214,6,2.4,2.8,0.2,231,7,0,29.98,-0.0,,,,,,,,,
QUEE,2017-08-21 04:50:00 EDT,40.73434,-73.81586,179,73.7,,73.7,67.2,62.1,,,,,3.1,3.8,0.4,236,3,3.3,4.4,0.5,219,3,3.1,3.8,0.4,236,3,0,29.98,-0.0,,,,,,,,,
QUEE,2017-08-21 04:55:00 EDT,40.73434,-73.81586,179,73.6,,73.6,67.4,62.1,,,,,3.7,4.3,0.3,226,11,4.1,4.9,0.3,210,11,3.7,4.3,0.3,226,11,0,29.98,-0.0,,,,,,,,,
QUEE,2017-08-21 05:00:00 EDT,40.73434,-73.81586,179,73.0,,73.0,68.7,62.1,,,,,3.7,4.2,0.2,213,5,4.1,4.8,0.3,197,5,3.7,4.2,0.2,213,5,0,29.98,0.0,,,,,,,,,
QUEE,2017-08-21 05:05:00 EDT,40.73434,-73.81586,179,72.8,,72.8,70.0,62.5,,,,,3.8,4.2,0.3,223,5,4.1,4.9,0.4,208,6,3.8,4.2,0.3,223,5,0,29.98,0.0,,,,,,,,,
QUEE,2017-08-21 05:10:00 EDT,40.73434,-73.81586,179,72.9,,72.9,70.5,62.7,,,,,3.6,4.2,0.2,220,6,3.9,4.8,0.2,204,6,3.6,4.2,0.2,220,6,0,29.98,-0.0,,,,,,,,,
QUEE,2017-08-21 05:15:00 EDT,40.73434,-73.81586,179,72.7,,72.7,70.9,62.8,,,,,3.6,3.9,0.2,212,3,4.0,4.6,0.2,196,4,3.6,3.9,0.2,212,3,0,29.98,0.0,,,,,,,,,
QUEE,2017-08-21 05:20:00 EDT,40.73434,-73.81586,179,72.9,,72.9,71.0,63.0,,,,,3.5,3.9,0.2,222,3,3.7,4.4,0.3,206,4,3.5,3.9,0.2,222,3,0,29.98,0.0,,,,,,,,,
QUEE,2017-08-21 05:25:00 EDT,40.73434,-73.81586,179,72.7,,72.7,71.1,62.8,,,,,3.9,4.4,0.2,224,4,4.2,4.8,0.2,209,5,3.9,4.4,0.2,224,4,0,29.99,0.0,,,,,,,,,
QUEE,2017-08-21 05:30:00 EDT,40.73434,-73.81586,179,72.7,,72.7,71.2,62.9,,,,,4.2,4.8,0.4,226,5,4.6,5.4,0.4,212,4,4.2,4.8,0.4,226,5,0,29.99,-0.0,,,,,,,,,
QUEE,2017-08-21 05:35:00 EDT,40.73434,-73.81586,179,72.6,,72.6,71.5,62.9,,,,,4.3,4.7,0.3,233,5,4.7,5.5,0.3,218,3,4.3,4.7,0.3,233,5,0,29.99,-0.0,,,,,,,,,
QUEE,2017-08-21 05:40:00 EDT,40.73434,-73.81586,179,72.5,,72.5,71.8,62.9,,,,,4.6,5.4,0.4,236,5,5.2,6.4,0.5,220,4,4.6,5.4,0.4,236,5,0,29.99,0.0,,,,,,,,,
QUEE,2017-08-21 05:45:00 EDT,40.73434,-73.81586,179,72.4,,72.4,72.1,62.9,,,,,4.7,5.3,0.3,247,4,5.1,5.9,0.4,231,5,4.7,5.3,0.3,247,4,0,29.99,-0.0,,,,,,,,,
QUEE,2017-08-21 05:50:00 EDT,40.73434,-73.81586,179,72.4,,72.4,72.4,63.0,,,,,4.2,4.7,0.3,253,3,4.5,5.4,0.4,237,4,4.2,4.7,0.3,253,3,0,29.99,-0.0,,,,,,,,,
QUEE,2017-08-21 05:55:00 EDT,40.73434,-73.81586,179,72.5,,72.5,72.2,63.0,,,,,3.7,4.2,0.2,256,4,4.1,4.9,0.3,240,6,3.7,4.2,0.2,256,4,0,29.99,-0.0,,,,,,,,,
QUEE,2017-08-21 06:00:00 EDT,40.73434,-73.81586,179,72.5,,72.5,72.2,63.0,,,,,4.0,4.8,0.4,258,4,4.5,5.4,0.4,243,4,4.0,4.8,0.4,258,4,1,29.99,-0.0,,,,,,,,,
QUEE,2017-08-21 06:05:00 EDT,40.73434,-73.81586,179,72.4,,72.4,72.3,63.0,,,,,4.9,6.3,0.5,257,3,5.5,7.0,0.5,243,4,4.9,6.3,0.5,257,3,2,30.00,-0.0,,,,,,,,,
QUEE,2017-08-21 06:10:00 EDT,40.73434,-73.81586,179,72.2,,72.2,72.7,63.0,,,,,5.5,7.2,0.6,266,7,6.2,8.4,0.8,253,6,5.5,7.2,0.6,266,7,3,30.00,0.0,,,,,,,,,
QUEE,2017-08-21 06:15:00 EDT,40.73434,-73.81586,179,72.1,,72.1,73.0,63.0,,,,,5.7,6.7,0.4,269,5,6.4,7.8,0.6,256,4,5.7,6.7,0.4,269,5,4,30.00,0.0,,,,,,,,,
QUEE,2017-08-21 06:20:00 EDT,40.73434,-73.81586,179,72.2,,72.2,73.0,63.0,,,,,5.2,6.1,0.6,266,6,5.9,7.3,0.7,253,5,5.2,6.1,0.6,266,6,6,30.00,0.0,,,,,,,,,
QUEE,2017-08-21 06:25:00 EDT,40.73434,-73.81586,179,72.2,,72.2,73.0,63.1,,,,,4.6,5.6,0.5,265,2,5.4,6.5,0.5,251,2,4.6,5.6,0.5,265,2,12,30.00,0.0,,,,,,,,,
QUEE,2017-08-21 06:30:00 EDT,40.73434,-73.81586,179,72.3,,72.3,72.7,63.0,,,,,4.1,4.5,0.2,269,3,4.7,5.2,0.2,254,3,4.1,4.5,0.2,269,3,20,30.00,0.0,,,,,,,,,
QUEE,2017-08-21 06:35:00 EDT,40.73434,-73.81586,179,72.4,,72.4,72.4,63.1,,,,,3.3,4.1,0.4,268,3,3.8,4.8,0.4,252,4,3.3,4.1,0.4,268,3,27,30.00,-0.0,,,,,,,,,
QUEE,2017-08-21 06:40:00 EDT,40.73434,-73.81586,179,72.6,,72.6,72.1,63.1,,,,,3.6,3.9,0.1,263,4,4.0,4.5,0.2,247,5,3.6,3.9,0.1,263,4,35,30.00,0.0,,,,,,,,,
QUEE,2017-08-21 06:45:00 EDT,40.73434,-73.81586,179,72.6,,72.6,72.1,63.1,,,,,3.7,3.9,0.1,256,2,4.0,4.5,0.2,240,3,3.7,3.9,0.1,256,2,47,30.00,-0.0,,,,,,,,,
QUEE,2017-08-21 06:50:00 EDT,40.73434,-73.81586,179,72.7,,72.7,71.9,63.1,,,,,3.3,3.8,0.3,254,5,3.6,4.4,0.4,236,5,3.3,3.8,0.3,254,5,61,30.00,0.0,,,,,,,,,
QUEE,2017-08-21 06:55:00 EDT,40.73434,-73.81586,179,72.8,,72.8,71.7,63.1,,,,,3.0,3.7,0.3,251,5,3.2,4.3,0.5,234,6,3.0,3.7,0.3,251,5,73,30.00,0.0,,,,,,,,,
QUEE,2017-08-21 07:00:00 EDT,40.73434,-73.81586,179,72.9,,72.9,71.3,63.1,,,,,3.4,3.9,0.3,245,6,3.5,4.3,0.5,229,7,3.4,3.9,0.3,245,6,87,30.00,0.0,,,,,,,,,
QUEE,2017-08-21 07:05:00 EDT,40.73434,-73.81586,179,72.9,,72.9,71.4,63.1,,,,,4.3,5.3,0.4,243,4,4.5,6.0,0.6,226,5,4.3,5.3,0.4,243,4,95,30.00,0.0,,,,,,,,,
QUEE,2017-08-21 07:10:00 EDT,40.73434,-73.81586,179,73.0,,73.0,71.5,63.2,,,,,5.6,6.6,0.6,245,4,6.0,7.3,0.7,230,6,5.6,6.6,0.6,245,4,82,30.01,0.0,,,,,,,,,
QUEE,2017-08-21 07:15:00 EDT,40.73434,-73.81586,179,73.1,,73.1,71.4,63.3,,,,,5.5,7.3,0.7,241,10,6.0,7.5,0.9,225,9,5.5,7.3,0.7,241,10,110,30.01,0.0,,,,,,,,,
QUEE,2017-08-21 07:20:00 EDT,40.73434,-73.81586,179,73.0,,73.0,71.8,63.3,,,,,4.7,8.0,1.2,233,12,5.4,8.5,1.3,218,10,4.7,8.0,1.2,233,12,136,30.01,0.0,,,,,,,,,
QUEE,2017-08-21 07:25:00 EDT,40.73434,-73.81586,179,72.9,,72.9,72.0,63.4,,,,,4.6,6.8,0.9,232,11,5.1,7.5,1.0,216,10,4.6,6.8,0.9,232,11,152,30.01,0.0,,,,,,,,,
QUEE,2017-08-21 07:30:00 EDT,40.73434,-73.81586,179,73.1,,73.1,71.5,63.3,,,,,5.2,7.3,1.0,230,10,5.6,7.7,1.0,214,9,5.2,7.3,1.0,230,10,165,30.01,0.0,,,,,,,,,
QUEE,2017-08-21 07:35:00 EDT,40.73434,-73.81586,179,73.2,,73.2,71.1,63.3,,,,,5.4,6.8,0.7,226,9,5.8,7.2,0.8,212,8,5.4,6.8,0.7,226,9,175,30.01,0.0,,,,,,,,,
QUEE,2017-08-21 07:40:00 EDT,40.73434,-73.81586,179,73.4,,73.4,70.7,63.3,,,,,4.4,6.5,0.9,230,10,4.7,7.0,1.1,215,10,4.4,6.5,0.9,230,10,166,30.01,0.0,,,,,,,,,
QUEE,2017-08-21 07:45:00 EDT,40.73434,-73.81586,179,73.7,,73.7,70.0,63.3,,,,,4.4,6.9,1.2,236,13,4.9,7.2,1.2,222,13,4.4,6.9,1.2,236,13,183,30.01,0.0,,,,,,,,,
QUEE,2017-08-21 07:50:00 EDT,40.73434,-73.81586,179,74.0,,74.0,69.0,63.2,,,,,4.1,6.2,0.9,249,14,4.5,7.4,1.0,233,12,4.1,6.2,0.9,249,14,210,30.01,0.0,,,,,,,,,
QUEE,2017-08-21 07:55:00 EDT,40.73434,-73.81586,179,74.4,,74.4,67.6,62.9,,,,,5.5,7.3,1.1,269,10,6.0,8.4,1.4,255,9,5.5,7.3,1.1,269,10,226,30.01,0.0,,,,,,,,,
QUEE,2017-08-21 08:00:00 EDT,40.73434,-73.81586,179,74.6,,74.6,66.8,62.8,,,,,5.1,7.2,0.7,271,11,5.6,8.1,0.9,258,10,5.1,7.2,0.7,271,11,238,30.01,0.0,,,,,,,,,
QUEE,2017-08-21 08:05:00 EDT,40.73434,-73.81586,179,74.7,,74.7,66.9,62.9,,,,,4.7,7.2,0.8,266,9,5.3,8.2,1.1,253,9,4.7,7.2,0.8,266,9,230,30.01,0.0,,,,,,,,,
QUEE,2017-08-21 08:10:00 EDT,40.73434,-73.81586,179,74.9,,74.9,66.7,63.1,,,,,3.6,5.6,1.0,268,14,3.9,6.4,1.2,254,15,3.6,5.6,1.0,268,14,279,30.01,0.0,,,,,,,,,
QUEE,2017-08-21 08:15:00 EDT,40.73434,-73.81586,179,75.4,,75.4,65.9,63.2,,,,,3.9,7.2,1.6,266,16,4.4,8.0,1.7,251,15,3.9,7.2,1.6,266,16,282,30.01,0.0,,,,,,,,,
QUEE,2017-08-21 08:20:00 EDT,40.73434,-73.81586,179,75.7,,75.7,64.6,62.9,,,,,4.9,7.0,0.8,272,10,5.6,7.8,0.9,260,9,4.9,7.0,0.8,272,10,311,30.01,0.0,,,,,,,,,
QUEE,2017-08-21 08:25:00 EDT,40.73434,-73.81586,179,76.1,,76.1,63.6,62.8,,,,,4.4,5.8,0.7,268,12,4.9,7.3,0.9,254,12,4.4,5.8,0.7,268,12,322,30.01,0.0,,,,,,,,,
QUEE,2017-08-21 08:30:00 EDT,40.73434,-73.81586,179,76.2,,76.2,62.9,62.6,,,,,4.6,6.0,0.7,270,11,5.1,7.4,0.9,257,11,4.6,6.0,0.7,270,11,305,30.01,0.0,,,,,,,,,
QUEE,2017-08-21 08:35:00 EDT,40.73434,-73.81586,179,76.6,,76.6,62.4,62.8,,,,,3.5,5.4,0.8,258,19,3.9,6.4,1.0,243,19,3.5,5.4,0.8,258,19,354,30.01,0.0,,,,,,,,,
QUEE,2017-08-21 08:40:00 EDT,40.73434,-73.81586,179,76.9,,76.9,61.4,62.6,,,,,3.3,6.3,1.6,265,19,3.7,7.2,1.6,249,20,3.3,6.3,1.6,265,19,358,30.01,0.1,,,,,,,,,
QUEE,2017-08-21 08:45:00 EDT,40.73434,-73.81586,179,77.2,,77.2,60.7,62.6,,,,,3.9,6.5,1.1,254,21,4.3,7.2,1.3,240,21,3.9,6.5,1.1,254,21,394,30.01,0.0,,,,,,,,,
QUEE,2017-08-21 08:50:00 EDT,40.73434,-73.81586,179,77.6,,77.6,60.0,62.7,,,,,3.1,4.9,1.1,262,25,3.8,5.8,1.0,245,26,3.1,4.9,1.1,262,25,349,30.01,0.0,,,,,,,,,
QUEE,2017-08-21 08:55:00 EDT,40.73434,-73.81586,179,77.8,,77.8,59.2,62.5,,,,,3.9,6.9,1.0,255,20,4.4,7.2,1.2,241,20,3.9,6.9,1.0,255,20,385,30.01,0.0,,,,,,,,,
QUEE,2017-08-21 09:00:00 EDT,40.73434,-73.81586,179,78.1,,78.1,57.8,62.0,,,,,4.2,7.7,1.7,270,16,4.8,8.7,1.8,256,16,4.2,7.7,1.7,270,16,420,30.01,0.1,,,,,,,,,
QUEE,2017-08-21 09:05:00 EDT,40.73434,-73.81586,179,78.7,,78.7,57.6,62.5,,,,,4.0,6.7,1.4,269,22,4.2,7.6,1.7,255,24,4.0,6.7,1.4,269,22,432,30.01,0.0,,,,,,,,,
QUEE,2017-08-21 09:10:00 EDT,40.73434,-73.81586,179,78.9,,78.9,56.3,62.0,,,,,4.4,7.8,2.1,275,23,5.3,9.3,2.1,261,24,4.4,7.8,2.1,275,23,429,30.01,0.0,,,,,,,,,
QUEE,2017-08-21 09:15:00 EDT,40.73434,-73.81586,179,79.2,,79.2,55.8,62.0,,,,,4.9,8.0,1.7,252,22,5.6,8.5,1.6,236,22,4.9,8.0,1.7,252,22,451,30.01,-0.0,,,,,,,,,
QUEE,2017-08-21 09:20:00 EDT,40.73434,-73.81586,179,79.1,,79.1,55.2,61.7,,,,,6.3,9.7,1.5,256,17,7.0,10.9,1.7,244,18,6.3,9.7,1.5,256,17,449,30.01,-0.0,,,,,,,,,
QUEE,2017-08-21 09:25:00 EDT,40.73434,-73.81586,179,78.8,,78.8,54.5,61.0,,,,,7.9,11.8,1.7,250,13,8.6,12.5,1.6,238,13,7.9,11.8,1.7,250,13,427,30.01,0.0,,,,,,,,,
QUEE,2017-08-21 09:30:00 EDT,40.73434,-73.81586,179,79.1,,79.1,54.1,61.1,,,,,6.0,11.0,2.0,255,15,6.7,11.3,2.0,241,18,6.0,11.0,2.0,255,15,497,30.01,0.0,,,,,,,,,
QUEE,2017-08-21 09:35:00 EDT,40.73434,-73.81586,179,79.1,,79.1,53.5,60.8,,,,,8.4,11.4,1.5,254,11,9.2,12.3,1.5,241,11,8.4,11.4,1.5,254,11,474,30.00,-0.0,,,,,,,,,
QUEE,2017-08-21 09:40:00 EDT,40.73434,-73.81586,179,79.3,,79.3,53.3,60.8,,,,,7.6,10.1,1.2,265,14,8.4,12.2,1.4,253,12,7.6,10.1,1.2,265,14,527,30.00,0.0,,,,,,,,,
QUEE,2017-08-21 09:45:00 EDT,40.73434,-73.81586,179,79.4,,79.4,52.7,60.7,,,,,7.1,10.2,1.4,260,12,7.8,11.1,1.6,248,12,7.1,10.2,1.4,260,12,446,30.00,-0.0,,,,,,,,,
QUEE,2017-08-21 09:50:00 EDT,40.73434,-73.81586,179,79.6,,79.6,52.4,60.6,,,,,7.3,12.1,2.6,258,19,8.1,13.5,2.7,245,19,7.3,12.1,2.6,258,19,573,30.00,0.0,,,,,,,,,
QUEE,2017-08-21 09:55:00 EDT,40.73434,-73.81586,179,80.0,,81.0,51.9,60.8,,,,,6.7,10.4,1.9,267,13,7.5,12.1,2.2,256,12,6.7,10.4,1.9,267,13,624,30.00,0.0,,,,,,,,,
QUEE,2017-08-21 10:00:00 EDT,40.73434,-73.81586,179,80.0,,81.0,51.8,60.7,,,,,6.7,9.3,1.1,265,11,7.4,10.7,1.3,253,10,6.7,9.3,1.1,265,11,551,30.00,0.0,,,,,,,,,
QUEE,2017-08-21 10:05:00 EDT,40.73434,-73.81586,179,80.3,,81.2,51.4,60.8,,,,,7.5,12.4,2.3,254,21,8.2,14.4,2.2,242,20,7.5,12.4,2.3,254,21,347,30.00,0.1,,,,,,,,,
QUEE,2017-08-21 10:10:00 EDT,40.73434,-73.81586,179,80.1,,81.0,50.8,60.3,,,,,8.3,12.8,1.9,273,14,9.1,13.9,2.1,261,12,8.3,12.8,1.9,273,14,306,30.00,0.0,,,,,,,,,
QUEE,2017-08-21 10:15:00 EDT,40.73434,-73.81586,179,80.3,,81.2,50.9,60.5,,,,,6.2,9.0,1.4,273,12,7.0,10.6,1.6,262,11,6.2,9.0,1.4,273,12,328,30.00,0.0,,,,,,,,,
QUEE,2017-08-21 10:20:00 EDT,40.73434,-73.81586,179,80.4,,81.2,50.6,60.4,,,,,6.8,10.7,2.3,238,19,7.5,11.6,2.1,223,19,6.8,10.7,2.3,238,19,293,30.00,-0.0,,,,,,,,,
QUEE,2017-08-21 10:25:00 EDT,40.73434,-73.81586,179,80.2,,81.1,50.5,60.2,,,,,6.9,11.6,1.6,244,17,7.6,12.8,1.7,231,17,6.9,11.6,1.6,244,17,281,30.00,-0.0,,,,,,,,,
QUEE,2017-08-21 10:30:00 EDT,40.73434,-73.81586,179,80.2,,81.0,50.6,60.2,,,,,7.2,10.4,1.9,247,13,7.9,11.9,1.8,234,13,7.2,10.4,1.9,247,13,349,30.00,0.0,,,,,,,,,
QUEE,2017-08-21 10:35:00 EDT,40.73434,-73.81586,179,80.3,,81.1,50.5,60.3,,,,,9.1,12.3,2.1,246,11,9.7,13.4,2.1,233,12,9.1,12.3,2.1,246,11,615,30.00,0.0,,,,,,,,,
QUEE,2017-08-21 10:40:00 EDT,40.73434,-73.81586,179,80.8,,81.6,49.9,60.4,,,,,8.1,11.5,1.6,258,15,9.0,13.8,1.8,246,15,8.1,11.5,1.6,258,15,710,30.00,0.0,,,,,,,,,
QUEE,2017-08-21 10:45:00 EDT,40.73434,-73.81586,179,81.0,,81.6,49.0,60.0,,,,,10.2,14.7,1.9,269,11,11.2,16.4,2.1,257,11,10.2,14.7,1.9,269,11,572,30.01,0.0,,,,,,,,,
QUEE,2017-08-21 10:50:00 EDT,40.73434,-73.81586,179,81.1,,81.7,49.1,60.2,,,,,9.7,13.9,2.4,267,13,10.8,16.5,2.5,256,12,9.7,13.9,2.4,267,13,600,30.01,0.0,,,,,,,,,
QUEE,2017-08-21 10:55:00 EDT,40.73434,-73.81586,179,81.3,,81.9,48.9,60.2,,,,,8.4,14.5,2.4,261,15,9.3,16.2,2.7,250,13,8.4,14.5,2.4,261,15,713,30.01,0.1,,,,,,,,,
QUEE,2017-08-21 11:00:00 EDT,40.73434,-73.81586,179,81.5,,82.1,48.8,60.4,,,,,8.8,12.7,1.8,272,13,9.9,14.5,2.2,260,11,8.8,12.7,1.8,272,13,768,30.00,0.1,,,,,,,,,
QUEE,2017-08-21 11:05:00 EDT,40.73434,-73.81586,179,81.5,,82.1,48.9,60.4,,,,,7.8,12.4,1.8,270,13,8.8,13.8,2.1,257,11,7.8,12.4,1.8,270,13,770,30.00,0.0,,,,,,,,,
QUEE,2017-08-21 11:10:00 EDT,40.73434,-73.81586,179,82.0,,82.6,48.7,60.8,,,,,6.6,10.4,1.8,275,16,7.8,12.1,1.9,262,12,6.6,10.4,1.8,275,16,722,30.01,-0.0,,,,,,,,,
QUEE,2017-08-21 11:15:00 EDT,40.73434,-73.81586,179,81.9,,82.5,48.9,60.8,,,,,8.0,11.3,2.0,267,12,9.0,13.6,2.3,257,9,8.0,11.3,2.0,267,12,668,30.01,0.0,,,,,,,,,
QUEE,2017-08-21 11:20:00 EDT,40.73434,-73.81586,179,82.6,,83.3,49.0,61.5,,,,,6.1,10.6,2.2,278,24,7.2,11.5,2.3,262,22,6.1,10.6,2.2,278,24,697,30.00,0.1,,,,,,,,,
QUEE,2017-08-21 11:25:00 EDT,40.73434,-73.81586,179,82.7,,83.2,47.7,60.8,,,,,6.4,10.4,1.8,240,28,7.0,11.6,2.0,227,26,6.4,10.4,1.8,240,28,767,30.00,0.1,,,,,,,,,
QUEE,2017-08-21 11:30:00 EDT,40.73434,-73.81586,179,82.7,,83.2,48.0,61.0,,,,,7.0,12.3,2.7,249,21,7.7,13.7,2.9,237,20,7.0,12.3,2.7,249,21,773,30.00,-0.0,,,,,,,,,
QUEE,2017-08-21 11:35:00 EDT,40.73434,-73.81586,179,82.8,,83.3,47.8,61.0,,,,,6.8,11.5,2.6,263,18,7.8,13.0,2.7,251,18,6.8,11.5,2.6,263,18,781,30.00,0.0,,,,,,,,,
QUEE,2017-08-21 11:40:00 EDT,40.73434,-73.81586,179,82.2,,82.7,47.9,60.5,,,,,8.9,14.7,2.3,240,19,9.4,16.2,2.4,226,19,8.9,14.7,2.3,240,19,756,30.00,0.1,,,,,,,,,
QUEE,2017-08-21 11:45:00 EDT,40.73434,-73.81586,179,82.7,,83.2,47.7,60.8,,,,,8.6,13.6,2.6,252,14,9.5,16.2,2.8,239,15,8.6,13.6,2.6,252,14,543,30.00,-0.0,,,,,,,,,
QUEE,2017-08-21 11:50:00 EDT,40.73434,-73.81586,179,82.4,,82.9,47.9,60.7,,,,,6.5,10.4,1.9,238,20,7.2,11.2,2.0,225,20,6.5,10.4,1.9,238,20,600,30.00,0.0,,,,,,,,,
QUEE,2017-08-21 11:55:00 EDT,40.73434,-73.81586,179,82.8,,83.2,47.3,60.7,,,,,6.7,10.3,2.1,268,30,7.6,11.8,2.3,254,31,6.7,10.3,2.1,268,30,694,29.99,0.0,,,,,,,,,
QUEE,2017-08-21 12:00:00 EDT,40.73434,-73.81586,179,82.6,,82.9,47.0,60.3,,,,,9.6,12.6,2.4,281,18,10.5,15.7,2.5,269,17,9.6,12.6,2.4,281,18,743,29.99,0.0,,,,,,,,,
QUEE,2017-08-21 12:05:00 EDT,40.73434,-73.81586,179,83.4,,83.7,46.4,60.7,,,,,8.6,13.5,2.3,265,16,9.7,15.6,2.5,252,14,8.6,13.5,2.3,265,16,801,30.00,0.1,,,,,,,,,
QUEE,2017-08-21 12:10:00 EDT,40.73434,-73.81586,179,83.3,,83.4,44.9,59.7,,,,,8.5,12.6,1.8,262,16,9.4,14.1,2.1,249,17,8.5,12.6,1.8,262,16,802,29.99,0.1,,,,,,,,,
QUEE,2017-08-21 12:15:00 EDT,40.73434,-73.81586,179,83.3,,83.4,44.9,59.8,,,,,6.6,10.2,1.7,231,20,7.5,10.5,1.8,214,17,6.6,10.2,1.7,231,20,797,29.99,0.0,,,,,,,,,
QUEE,2017-08-21 12:20:00 EDT,40.73434,-73.81586,179,83.3,,83.3,43.9,59.1,,,,,7.7,11.8,2.3,225,25,8.6,13.2,2.5,212,27,7.7,11.8,2.3,225,25,804,29.99,0.0,,,,,,,,,
QUEE,2017-08-21 12:25:00 EDT,40.73434,-73.81586,179,83.6,,83.3,42.8,58.6,,,,,6.3,10.2,1.8,248,21,6.9,10.3,2.0,233,21,6.3,10.2,1.8,248,21,808,29.98,0.1,,,,,,,,,
QUEE,2017-08-21 12:30:00 EDT,40.73434,-73.81586,179,83.8,,83.6,42.9,58.8,,,,,4.5,9.4,2.5,230,24,5.2,11.9,2.4,215,24,4.5,9.4,2.5,230,24,813,29.98,0.1,,,,,,,,,
QUEE,2017-08-21 12:35:00 EDT,40.73434,-73.81586,179,83.5,,83.1,41.9,58.0,,,,,7.1,10.7,1.7,231,36,8.0,12.1,1.8,217,35,7.1,10.7,1.7,231,36,817,29.98,0.1,,,,,,,,,
QUEE,2017-08-21 12:40:00 EDT,40.73434,-73.81586,179,84.2,,83.8,41.6,58.3,,,,,7.5,12.4,2.3,248,19,8.5,14.0,2.4,234,22,7.5,12.4,2.3,248,19,823,29.98,0.1,,,,,,,,,
QUEE,2017-08-21 12:45:00 EDT,40.73434,-73.81586,179,84.4,,83.5,39.3,56.9,,,,,8.1,12.9,2.4,203,19,9.1,15.0,2.5,190,16,8.1,12.9,2.4,203,19,831,29.97,0.1,,,,,,,,,
QUEE,2017-08-21 12:50:00 EDT,40.73434,-73.81586,179,85.2,,84.0,36.8,55.8,,,,,4.6,10.3,2.4,220,28,5.6,11.0,2.4,203,27,4.6,10.3,2.4,220,28,847,29.97,0.1,,,,,,,,,
QUEE,2017-08-21 12:55:00 EDT,40.73434,-73.81586,179,85.3,,84.4,38.5,57.2,,,,,7.5,14.5,3.2,210,23,8.9,18.4,3.4,196,21,7.5,14.5,3.2,210,23,794,29.97,0.0,,,,,,,,,
QUEE,2017-08-21 13:00:00 EDT,40.73434,-73.81586,179,84.5,,83.6,38.9,56.8,,,,,6.8,11.1,2.0,233,20,7.5,12.4,2.3,218,21,6.8,11.1,2.0,233,20,820,29.97,0.0,,,,,,,,,
QUEE,2017-08-21 13:05:00 EDT,40.73434,-73.81586,179,85.5,,84.6,38.3,57.2,,,,,7.0,10.2,1.6,276,21,7.8,11.9,2.0,265,18,7.0,10.2,1.6,276,21,828,29.97,-0.0,,,,,,,,,
QUEE,2017-08-21 13:10:00 EDT,40.73434,-73.81586,179,85.7,,85.1,40.2,58.7,,,,,6.4,12.2,2.4,244,31,7.2,13.3,2.3,230,32,6.4,12.2,2.4,244,31,840,29.97,0.0,,,,,,,,,
QUEE,2017-08-21 13:15:00 EDT,40.73434,-73.81586,179,84.9,,85.2,45.0,61.2,,,,,9.1,14.5,2.4,216,17,9.9,15.7,2.6,203,15,9.1,14.5,2.4,216,17,777,29.97,0.0,,,,,,,,,
QUEE,2017-08-21 13:20:00 EDT,40.73434,-73.81586,179,84.5,,84.8,45.5,61.1,,,,,11.8,18.0,2.7,202,17,13.2,19.4,2.7,188,14,11.8,18.0,2.7,202,17,773,29.97,-0.0,,,,,,,,,
QUEE,2017-08-21 13:25:00 EDT,40.73434,-73.81586,179,84.5,,84.6,44.9,60.7,,,,,10.2,16.4,3.8,189,17,11.7,19.8,4.2,179,15,10.2,16.4,3.8,189,17,794,29.97,0.2,,,,,,,,,
QUEE,2017-08-21 13:30:00 EDT,40.73434,-73.81586,179,84.5,,84.6,44.2,60.4,,,,,10.7,19.0,3.0,185,17,12.2,22.3,3.4,174,11,10.7,19.0,3.0,185,17,577,29.97,0.0,,,,,,,,,
QUEE,2017-08-21 13:35:00 EDT,40.73434,-73.81586,179,84.3,,84.4,44.1,60.2,,,,,13.5,20.2,3.0,181,13,15.3,23.2,3.2,171,11,13.5,20.2,3.0,181,13,483,29.96,0.1,,,,,,,,,
QUEE,2017-08-21 13:40:00 EDT,40.73434,-73.81586,179,84.2,,84.2,44.5,60.2,,,,,11.5,16.7,2.9,190,20,13.1,19.2,3.2,179,16,11.5,16.7,2.9,190,20,449,29.96,0.1,,,,,,,,,
QUEE,2017-08-21 13:45:00 EDT,40.73434,-73.81586,179,84.2,,84.4,44.9,60.5,,,,,8.9,18.6,3.4,188,22,10.4,20.2,3.7,177,17,8.9,18.6,3.4,188,22,525,29.96,0.0,,,,,,,,,
QUEE,2017-08-21 13:50:00 EDT,40.73434,-73.81586,179,83.7,,84.4,47.9,61.9,,,,,10.3,22.1,4.5,195,20,11.6,25.7,4.7,183,16,10.3,22.1,4.5,195,20,653,29.96,0.0,,,,,,,,,
QUEE,2017-08-21 13:55:00 EDT,40.73434,-73.81586,179,83.5,,84.3,48.6,62.1,,,,,13.6,21.2,3.5,198,12,15.1,23.9,3.8,186,10,13.6,21.2,3.5,198,12,559,29.96,0.1,,,,,,,,,
QUEE,2017-08-21 14:00:00 EDT,40.73434,-73.81586,179,83.3,,84.2,49.4,62.4,,,,,11.6,18.3,3.6,191,16,13.4,21.5,4.0,180,13,11.6,18.3,3.6,191,16,567,29.96,0.0,,,,,,,,,
QUEE,2017-08-21 14:05:00 EDT,40.73434,-73.81586,179,83.2,,84.4,51.2,63.4,,,,,12.3,17.2,3.5,191,16,14.1,21.5,4.1,179,12,12.3,17.2,3.5,191,16,476,29.96,0.2,,,,,,,,,
QUEE,2017-08-21 14:10:00 EDT,40.73434,-73.81586,179,82.8,,83.9,51.7,63.2,,,,,10.7,15.9,2.8,207,19,12.2,18.3,3.1,193,15,10.7,15.9,2.8,207,19,416,29.96,0.2,,,,,,,,,
QUEE,2017-08-21 14:15:00 EDT,40.73434,-73.81586,179,82.8,,84.2,52.8,63.8,,,,,9.3,13.5,2.5,202,17,10.5,15.5,2.8,189,14,9.3,13.5,2.5,202,17,364,29.96,0.1,,,,,,,,,
QUEE,2017-08-21 14:20:00 EDT,40.73434,-73.81586,179,82.5,,83.9,53.2,63.8,,,,,9.9,17.3,3.2,188,21,11.4,19.7,3.5,176,14,9.9,17.3,3.2,188,21,376,29.96,0.0,,,,,,,,,
QUEE,2017-08-21 14:25:00 EDT,40.73434,-73.81586,179,82.1,,83.5,53.3,63.5,,,,,10.4,19.1,3.9,185,19,11.9,21.1,4.0,174,14,10.4,19.1,3.9,185,19,305,29.96,0.1,,,,,,,,,
QUEE,2017-08-21 14:30:00 EDT,40.73434,-73.81586,179,81.9,,83.2,53.6,63.4,,,,,10.5,17.8,3.1,201,19,12.1,20.6,3.2,189,14,10.5,17.8,3.1,201,19,269,29.96,0.1,,,,,,,,,
QUEE,2017-08-21 14:35:00 EDT,40.73434,-73.81586,179,81.7,,83.1,54.6,63.8,,,,,10.6,16.7,3.0,188,20,11.9,18.2,3.1,178,15,10.6,16.7,3.0,188,20,231,29.96,0.1,,,,,,,,,
QUEE,2017-08-21 14:40:00 EDT,40.73434,-73.81586,179,81.2,,82.6,54.8,63.4,,,,,10.7,17.8,3.0,188,15,12.3,20.7,3.2,177,12,10.7,17.8,3.0,188,15,204,29.95,0.1,,,,,,,,,
QUEE,2017-08-21 14:45:00 EDT,40.73434,-73.81586,179,81.0,,82.4,55.2,63.4,,,,,9.9,17.1,3.1,202,17,11.3,19.0,3.4,189,12,9.9,17.1,3.1,202,17,188,29.96,0.1,,,,,,,,,
QUEE,2017-08-21 14:50:00 EDT,40.73434,-73.81586,179,80.7,,82.3,57.0,64.1,,,,,8.9,15.3,2.8,198,20,9.9,18.2,3.4,185,16,8.9,15.3,2.8,198,20,185,29.95,0.1,,,,,,,,,
QUEE,2017-08-21 14:55:00 EDT,40.73434,-73.81586,179,80.7,,82.3,57.3,64.2,,,,,10.7,15.9,2.9,180,12,12.2,17.6,3.1,170,10,10.7,15.9,2.9,180,12,199,29.95,0.1,,,,,,,,,
QUEE,2017-08-21 15:00:00 EDT,40.73434,-73.81586,179,80.4,,82.0,57.7,64.1,,,,,11.8,16.7,2.6,187,14,13.3,20.3,2.7,176,13,11.8,16.7,2.6,187,14,202,29.95,0.1,,,,,,,,,
QUEE,2017-08-21 15:05:00 EDT,40.73434,-73.81586,179,80.4,,81.9,57.1,63.8,,,,,11.2,17.8,3.1,187,16,12.5,19.5,3.3,176,12,11.2,17.8,3.1,187,16,156,29.95,0.1,,,,,,,,,
QUEE,2017-08-21 15:10:00 EDT,40.73434,-73.81586,179,80.3,,81.9,57.7,64.1,,,,,10.9,17.8,3.5,194,19,12.7,19.5,3.8,182,12,10.9,17.8,3.5,194,19,298,29.95,0.0,,,,,,,,,
QUEE,2017-08-21 15:15:00 EDT,40.73434,-73.81586,179,80.5,,82.2,57.7,64.2,,,,,11.7,17.0,3.3,181,16,13.2,18.7,3.4,171,13,11.7,17.0,3.3,181,16,391,29.94,0.1,,,,,,,,,
QUEE,2017-08-21 15:20:00 EDT,40.73434,-73.81586,179,81.0,,82.7,57.0,64.4,,,,,9.5,17.0,3.2,186,20,10.8,17.1,3.4,175,17,9.5,17.0,3.2,186,20,412,29.94,0.1,,,,,,,,,
QUEE,2017-08-21 15:25:00 EDT,40.73434,-73.81586,179,81.6,,83.2,55.8,64.2,,,,,7.8,13.5,3.3,188,19,9.2,15.2,3.6,177,15,7.8,13.5,3.3,188,19,446,29.94,0.1,,,,,,,,,
QUEE,2017-08-21 15:30:00 EDT,40.73434,-73.81586,179,81.1,,82.5,55.1,63.5,,,,,13.1,19.0,4.2,195,15,14.5,21.5,4.6,183,12,13.1,19.0,4.2,195,15,461,29.94,0.1,,,,,,,,,
QUEE,2017-08-21 15:35:00 EDT,40.73434,-73.81586,179,81.1,,82.6,55.7,63.8,,,,,10.7,17.6,2.9,186,16,12.1,17.4,3.2,175,12,10.7,17.6,2.9,186,16,368,29.94,0.2,,,,,,,,,
QUEE,2017-08-21 15:40:00 EDT,40.73434,-73.81586,179,80.9,,82.4,56.5,64.0,,,,,11.7,19.1,4.1,199,16,13.4,20.9,4.2,187,14,11.7,19.1,4.1,199,16,488,29.95,0.1,,,,,,,,,
QUEE,2017-08-21 15:45:00 EDT,40.73434,-73.81586,179,81.1,,82.9,57.7,64.8,,,,,11.7,19.9,3.5,189,16,13.3,23.2,3.8,178,13,11.7,19.9,3.5,189,16,540,29.95,0.1,,,,,,,,,
QUEE,2017-08-21 15:50:00 EDT,40.73434,-73.81586,179,81.1,,82.8,57.4,64.6,,,,,12.1,20.9,3.8,185,18,13.7,24.4,4.1,173,14,12.1,20.9,3.8,185,18,482,29.94,0.2,,,,,,,,,
QUEE,2017-08-21 15:55:00 EDT,40.73434,-73.81586,179,81.0,,82.7,57.5,64.6,,,,,13.1,19.9,3.1,182,17,14.7,20.5,3.3,172,13,13.1,19.9,3.1,182,17,561,29.94,0.1,,,,,,,,,
QUEE,2017-08-21 16:00:00 EDT,40.73434,-73.81586,179,81.4,,83.1,56.8,64.6,,,,,10.5,18.9,3.7,185,21,11.9,20.9,4.0,174,15,10.5,18.9,3.7,185,21,516,29.94,0.1,,,,,,,,,
QUEE,2017-08-21 16:05:00 EDT,40.73434,-73.81586,179,81.2,,82.9,57.0,64.5,,,,,13.1,19.3,3.3,180,14,14.3,21.3,3.5,168,12,13.1,19.3,3.3,180,14,567,29.94,0.2,,,,,,,,,
QUEE,2017-08-21 16:10:00 EDT,40.73434,-73.81586,179,81.6,,83.3,56.6,64.7,,,,,9.9,20.4,4.1,192,20,11.4,23.0,4.4,181,18,9.9,20.4,4.1,192,20,539,29.94,0.1,,,,,,,,,
QUEE,2017-08-21 16:15:00 EDT,40.73434,-73.81586,179,81.6,,83.1,55.4,64.0,,,,,11.8,21.3,4.3,203,18,13.3,21.6,4.3,191,13,11.8,21.3,4.3,203,18,513,29.94,0.1,,,,,,,,,
QUEE,2017-08-21 16:20:00 EDT,40.73434,-73.81586,179,81.4,,83.0,56.4,64.4,,,,,12.3,20.8,4.7,194,21,13.9,22.4,4.8,183,18,12.3,20.8,4.7,194,21,513,29.94,0.2,,,,,,,,,
QUEE,2017-08-21 16:25:00 EDT,40.73434,-73.81586,179,80.9,,82.7,58.3,64.9,,,,,14.7,22.0,4.0,185,14,16.4,26.1,4.7,175,11,14.7,22.0,4.0,185,14,512,29.94,0.1,,,,,,,,,
QUEE,2017-08-21 16:30:00 EDT,40.73434,-73.81586,179,80.7,,82.7,59.4,65.3,,,,,13.7,22.4,5.0,197,19,15.6,25.6,5.3,185,15,13.7,22.4,5.0,197,19,481,29.94,0.1,,,,,,,,,
QUEE,2017-08-21 16:35:00 EDT,40.73434,-73.81586,179,80.8,,82.8,59.9,65.6,,,,,13.1,20.9,4.4,192,18,14.9,25.6,4.9,180,15,13.1,20.9,4.4,192,18,464,29.93,0.1,,,,,,,,,
QUEE,2017-08-21 16:40:00 EDT,40.73434,-73.81586,179,80.8,,82.8,59.7,65.5,,,,,13.5,21.0,3.4,191,17,15.2,23.5,3.7,181,12,13.5,21.0,3.4,191,17,448,29.93,0.1,,,,,,,,,
QUEE,2017-08-21 16:45:00 EDT,40.73434,-73.81586,179,80.9,,82.9,59.9,65.7,,,,,13.0,20.5,4.5,185,17,14.6,22.4,4.7,175,14,13.0,20.5,4.5,185,17,433,29.93,0.1,,,,,,,,,
QUEE,2017-08-21 16:50:00 EDT,40.73434,-73.81586,179,81.1,,83.2,60.5,66.1,,,,,11.4,17.2,3.2,186,17,12.9,19.0,3.5,175,13,11.4,17.2,3.2,186,17,416,29.93,0.1,,,,,,,,,
QUEE,2017-08-21 16:55:00 EDT,40.73434,-73.81586,179,81.2,,83.4,60.5,66.2,,,,,12.5,20.8,3.4,191,16,13.9,22.9,3.7,179,12,12.5,20.8,3.4,191,16,402,29.93,0.1,,,,,,,,,
QUEE,2017-08-21 17:00:00 EDT,40.73434,-73.81586,179,81.0,,83.1,60.8,66.1,,,,,12.3,18.6,3.2,208,13,13.6,20.0,3.3,195,9,12.3,18.6,3.2,208,13,387,29.93,0.1,,,,,,,,,
QUEE,2017-08-21 17:05:00 EDT,40.73434,-73.81586,179,81.6,,84.0,60.7,66.7,,,,,8.2,14.0,2.8,193,23,9.6,16.9,3.0,181,23,8.2,14.0,2.8,193,23,369,29.94,0.1,,,,,,,,,
QUEE,2017-08-21 17:10:00 EDT,40.73434,-73.81586,179,81.3,,83.6,61.2,66.6,,,,,12.6,18.6,2.9,195,16,14.2,21.4,3.2,184,12,12.6,18.6,2.9,195,16,354,29.94,0.2,,,,,,,,,
QUEE,2017-08-21 17:15:00 EDT,40.73434,-73.81586,179,81.7,,84.2,61.4,67.1,,,,,8.3,14.2,3.1,188,21,9.7,16.9,3.3,178,15,8.3,14.2,3.1,188,21,337,29.94,0.1,,,,,,,,,
QUEE,2017-08-21 17:20:00 EDT,40.73434,-73.81586,179,81.9,,84.5,61.2,67.2,,,,,8.2,14.5,3.0,195,24,9.5,15.8,3.1,183,19,8.2,14.5,3.0,195,24,329,29.94,0.1,,,,,,,,,
QUEE,2017-08-21 17:25:00 EDT,40.73434,-73.81586,179,81.7,,84.3,61.7,67.3,,,,,8.1,15.9,3.2,200,20,9.4,16.9,3.7,187,16,8.1,15.9,3.2,200,20,310,29.94,0.1,,,,,,,,,
QUEE,2017-08-21 17:30:00 EDT,40.73434,-73.81586,179,81.0,,83.5,62.8,67.1,,,,,14.4,22.0,3.4,198,10,16.0,24.4,3.6,186,8,14.4,22.0,3.4,198,10,282,29.94,0.1,,,,,,,,,
QUEE,2017-08-21 17:35:00 EDT,40.73434,-73.81586,179,80.9,,83.5,63.8,67.5,,,,,12.5,22.1,3.8,188,17,14.1,23.3,4.1,176,14,12.5,22.1,3.8,188,17,272,29.93,0.1,,,,,,,,,
QUEE,2017-08-21 17:40:00 EDT,40.73434,-73.81586,179,80.9,,83.5,63.6,67.4,,,,,12.0,20.5,3.7,204,16,13.4,22.5,3.9,191,13,12.0,20.5,3.7,204,16,134,29.93,0.1,,,,,,,,,
QUEE,2017-08-21 17:45:00 EDT,40.73434,-73.81586,179,80.7,,83.2,64.3,67.5,,,,,12.8,20.7,4.2,200,14,14.2,22.2,4.2,188,12,12.8,20.7,4.2,200,14,85,29.93,0.1,,,,,,,,,
QUEE,2017-08-21 17:50:00 EDT,40.73434,-73.81586,179,80.9,,83.8,65.5,68.3,,,,,8.0,15.9,2.7,201,19,9.2,17.7,3.0,187,16,8.0,15.9,2.7,201,19,79,29.93,0.1,,,,,,,,,
QUEE,2017-08-21 17:55:00 EDT,40.73434,-73.81586,179,80.9,,83.8,65.9,68.4,,,,,8.9,15.1,3.4,182,17,10.3,17.6,3.4,171,15,8.9,15.1,3.4,182,17,76,29.93,0.1,,,,,,,,,
QUEE,2017-08-21 18:00:00 EDT,40.73434,-73.81586,179,80.9,,83.8,65.9,68.4,,,,,8.3,16.5,3.8,183,20,9.3,18.6,4.0,172,17,8.3,16.5,3.8,183,20,73,29.93,0.2,,,,,,,,,
QUEE,2017-08-21 18:05:00 EDT,40.73434,-73.81586,179,80.5,,83.4,67.0,68.6,,,,,7.5,14.2,3.1,194,19,8.9,15.9,3.3,181,18,7.5,14.2,3.1,194,19,68,29.92,0.2,,,,,,,,,
QUEE,2017-08-21 18:10:00 EDT,40.73434,-73.81586,179,80.5,,83.5,68.0,69.0,,,,,8.7,15.3,3.3,179,18,10.0,16.6,3.6,169,17,8.7,15.3,3.3,179,18,51,29.92,0.1,,,,,,,,,
QUEE,2017-08-21 18:15:00 EDT,40.73434,-73.81586,179,79.6,,79.6,69.9,68.9,,,,,12.7,18.0,2.9,179,12,14.0,20.6,3.2,168,9,12.7,18.0,2.9,179,12,40,29.91,0.1,,,,,,,,,
QUEE,2017-08-21 18:20:00 EDT,40.73434,-73.81586,179,79.1,,79.1,71.4,69.0,,,,,11.3,16.2,2.6,178,12,12.5,18.9,3.0,168,10,11.3,16.2,2.6,178,12,40,29.91,0.1,,,,,,,,,
QUEE,2017-08-21 18:25:00 EDT,40.73434,-73.81586,179,79.0,,79.0,71.4,69.0,,,,,12.1,17.4,2.6,183,14,13.5,18.7,3.0,172,10,12.1,17.4,2.6,183,14,44,29.91,0.1,,,,,,,,,
QUEE,2017-08-21 18:30:00 EDT,40.73434,-73.81586,179,79.0,,79.0,71.6,69.0,,,,,9.9,15.0,2.8,181,15,11.3,18.5,2.8,172,13,9.9,15.0,2.8,181,15,48,29.91,0.1,,,,,,,,,
QUEE,2017-08-21 18:35:00 EDT,40.73434,-73.81586,179,79.1,,79.1,71.5,69.1,,,,,9.0,15.1,3.0,184,16,10.1,17.1,3.1,173,13,9.0,15.1,3.0,184,16,63,29.91,0.2,,,,,,,,,
QUEE,2017-08-21 18:40:00 EDT,40.73434,-73.81586,179,79.3,,79.3,71.2,69.2,,,,,8.7,13.2,2.1,185,15,10.0,14.8,2.2,174,12,8.7,13.2,2.1,185,15,96,29.91,0.2,,,,,,,,,
QUEE,2017-08-21 18:45:00 EDT,40.73434,-73.81586,179,79.5,,79.5,70.7,69.2,,,,,8.8,14.8,2.9,186,17,10.1,16.4,3.2,174,11,8.8,14.8,2.9,186,17,96,29.91,0.1,,,,,,,,,
QUEE,2017-08-21 18:50:00 EDT,40.73434,-73.81586,179,79.6,,79.6,70.5,69.2,,,,,9.0,17.2,2.9,192,17,10.2,17.6,3.0,179,15,9.0,17.2,2.9,192,17,73,29.91,0.1,,,,,,,,,
QUEE,2017-08-21 18:55:00 EDT,40.73434,-73.81586,179,79.5,,79.5,70.8,69.2,,,,,6.9,17.8,4.3,192,22,8.3,21.0,4.6,181,21,6.9,17.8,4.3,192,22,85,29.91,0.1,,,,,,,,,
QUEE,2017-08-21 19:00:00 EDT,40.73434,-73.81586,179,79.1,,79.1,71.7,69.2,,,,,9.1,17.0,2.9,187,19,10.7,18.9,3.0,177,17,9.1,17.0,2.9,187,19,47,29.91,0.1,,,,,,,,,
QUEE,2017-08-21 19:05:00 EDT,40.73434,-73.81586,179,78.9,,78.9,72.4,69.3,,,,,9.3,14.6,3.3,183,18,10.7,17.5,3.6,174,13,9.3,14.6,3.3,183,18,27,29.91,0.1,,,,,,,,,
QUEE,2017-08-21 19:10:00 EDT,40.73434,-73.81586,179,78.7,,78.7,73.1,69.4,,,,,9.6,17.8,3.2,191,18,10.9,19.5,3.6,177,15,9.6,17.8,3.2,191,18,14,29.91,0.1,,,,,,,,,
QUEE,2017-08-21 19:15:00 EDT,40.73434,-73.81586,179,78.5,,78.5,74.0,69.5,,,,,10.6,16.3,3.4,194,15,12.0,18.8,3.8,183,11,10.6,16.3,3.4,194,15,16,29.91,0.1,,,,,,,,,
QUEE,2017-08-21 19:20:00 EDT,40.73434,-73.81586,179,78.5,,78.5,74.5,69.7,,,,,8.0,14.3,3.4,191,19,9.3,16.5,3.6,178,14,8.0,14.3,3.4,191,19,17,29.91,0.1,,,,,,,,,
QUEE,2017-08-21 19:25:00 EDT,40.73434,-73.81586,179,78.5,,78.5,74.3,69.7,,,,,9.5,18.8,3.6,192,15,11.0,20.6,3.9,180,12,9.5,18.8,3.6,192,15,11,29.91,0.1,,,,,,,,,
QUEE,2017-08-21 19:30:00 EDT,40.73434,-73.81586,179,78.4,,78.4,74.7,69.7,,,,,7.3,13.3,2.7,199,22,8.6,15.8,2.9,185,15,7.3,13.3,2.7,199,22,8,29.92,0.1,,,,,,,,,
QUEE,2017-08-21 19:35:00 EDT,40.73434,-73.81586,179,78.3,,78.3,74.9,69.7,,,,,8.6,13.4,2.8,197,18,9.6,15.9,3.0,184,15,8.6,13.4,2.8,197,18,6,29.92,0.1,,,,,,,,,
QUEE,2017-08-21 19:40:00 EDT,40.73434,-73.81586,179,78.1,,78.1,75.4,69.7,,,,,8.6,15.0,3.2,198,19,10.1,18.3,3.6,184,15,8.6,15.0,3.2,198,19,5,29.92,0.1,,,,,,,,,
QUEE,2017-08-21 19:45:00 EDT,40.73434,-73.81586,179,78.0,,78.0,75.6,69.7,,,,,11.2,18.0,3.5,197,15,12.5,20.5,3.8,186,11,11.2,18.0,3.5,197,15,3,29.92,0.1,,,,,,,,,
QUEE,2017-08-21 19:50:00 EDT,40.73434,-73.81586,179,78.0,,78.0,75.7,69.7,,,,,11.8,17.0,2.2,196,12,13.4,18.7,2.4,185,10,11.8,17.0,2.2,196,12,3,29.92,0.1,,,,,,,,,
QUEE,2017-08-21 19:55:00 EDT,40.73434,-73.81586,179,78.0,,78.0,75.8,69.7,,,,,10.5,16.6,2.7,196,16,11.9,18.2,3.1,184,12,10.5,16.6,2.7,196,16,1,29.92,0.1,,,,,,,,,
QUEE,2017-08-21 20:00:00 EDT,40.73434,-73.81586,179,78.0,,78.0,76.0,69.8,,,,,10.0,15.9,2.7,192,14,11.3,17.8,3.0,179,11,10.0,15.9,2.7,192,14,0,29.92,0.1,,,,,,,,,
QUEE,2017-08-21 20:05:00 EDT,40.73434,-73.81586,179,78.0,,78.0,76.3,69.9,,,,,8.5,15.0,2.6,192,16,9.9,17.2,2.9,181,12,8.5,15.0,2.6,192,16,0,29.92,0.1,,,,,,,,,
QUEE,2017-08-21 20:10:00 EDT,40.73434,-73.81586,179,77.9,,77.9,76.8,70.0,,,,,8.4,17.4,3.5,192,17,10.0,19.3,3.7,178,14,8.4,17.4,3.5,192,17,0,29.92,0.1,,,,,,,,,
QUEE,2017-08-21 20:15:00 EDT,40.73434,-73.81586,179,77.7,,77.7,77.6,70.2,,,,,10.3,14.7,2.5,193,13,11.6,18.0,3.1,181,8,10.3,14.7,2.5,193,13,0,29.92,0.1,,,,,,,,,
QUEE,2017-08-21 20:20:00 EDT,40.73434,-73.81586,179,77.7,,77.7,78.1,70.3,,,,,8.0,14.5,3.2,194,19,9.3,17.4,3.4,182,14,8.0,14.5,3.2,194,19,0,29.92,0.1,,,,,,,,,
QUEE,2017-08-21 20:25:00 EDT,40.73434,-73.81586,179,77.7,,77.7,78.2,70.4,,,,,7.9,12.6,2.6,201,14,9.2,13.8,2.5,189,11,7.9,12.6,2.6,201,14,0,29.92,0.1,,,,,,,,,
QUEE,2017-08-21 20:30:00 EDT,40.73434,-73.81586,179,77.8,,77.8,78.1,70.4,,,,,7.6,11.8,2.7,203,15,8.7,13.7,2.8,190,12,7.6,11.8,2.7,203,15,0,29.92,0.1,,,,,,,,,
QUEE,2017-08-21 20:35:00 EDT,40.73434,-73.81586,179,77.8,,77.8,77.9,70.4,,,,,9.7,14.7,2.8,197,13,11.0,18.4,3.1,186,10,9.7,14.7,2.8,197,13,0,29.92,0.1,,,,,,,,,
QUEE,2017-08-21 20:40:00 EDT,40.73434,-73.81586,179,77.9,,77.9,77.8,70.4,,,,,8.5,14.6,2.1,207,14,9.6,15.3,2.3,194,11,8.5,14.6,2.1,207,14,0,29.93,0.1,,,,,,,,,
QUEE,2017-08-21 20:45:00 EDT,40.73434,-73.81586,179,77.9,,77.9,77.9,70.4,,,,,7.1,12.4,2.9,186,18,8.3,14.0,3.0,177,12,7.1,12.4,2.9,186,18,0,29.92,0.1,,,,,,,,,
QUEE,2017-08-21 20:50:00 EDT,40.73434,-73.81586,179,77.9,,77.9,78.0,70.5,,,,,7.8,12.6,2.4,200,15,8.9,13.9,2.6,187,14,7.8,12.6,2.4,200,15,0,29.92,0.1,,,,,,,,,
QUEE,2017-08-21 20:55:00 EDT,40.73434,-73.81586,179,77.9,,77.9,78.4,70.6,,,,,6.8,10.2,1.8,197,19,7.6,11.0,2.1,184,14,6.8,10.2,1.8,197,19,0,29.93,0.1,,,,,,,,,
QUEE,2017-08-21 21:00:00 EDT,40.73434,-73.81586,179,77.7,,77.7,79.2,70.8,,,,,5.9,9.8,2.2,186,18,6.9,12.0,2.4,175,14,5.9,9.8,2.2,186,18,0,29.92,0.1,,,,,,,,,
QUEE,2017-08-21 21:05:00 EDT,40.73434,-73.81586,179,77.6,,77.6,79.7,70.8,,,,,7.1,10.6,2.0,195,16,8.2,12.9,2.5,183,14,7.1,10.6,2.0,195,16,0,29.93,0.1,,,,,,,,,
QUEE,2017-08-21 21:10:00 EDT,40.73434,-73.81586,179,77.6,,77.6,79.7,70.8,,,,,6.8,11.4,2.2,204,15,7.8,12.9,2.3,190,12,6.8,11.4,2.2,204,15,0,29.93,0.1,,,,,,,,,
QUEE,2017-08-21 21:15:00 EDT,40.73434,-73.81586,179,77.8,,77.8,78.7,70.6,,,,,9.2,15.1,2.2,210,14,10.1,15.8,2.5,197,12,9.2,15.1,2.2,210,14,0,29.93,0.1,,,,,,,,,
QUEE,2017-08-21 21:20:00 EDT,40.73434,-73.81586,179,77.8,,77.8,78.3,70.5,,,,,10.0,15.8,2.3,215,11,10.7,18.4,2.4,200,10,10.0,15.8,2.3,215,11,0,29.93,0.1,,,,,,,,,
QUEE,2017-08-21 21:25:00 EDT,40.73434,-73.81586,179,77.7,,77.7,78.5,70.5,,,,,10.0,14.5,2.6,207,12,11.0,16.4,2.8,193,9,10.0,14.5,2.6,207,12,0,29.93,0.1,,,,,,,,,
QUEE,2017-08-21 21:30:00 EDT,40.73434,-73.81586,179,77.7,,77.7,78.4,70.4,,,,,11.0,14.5,2.0,207,9,12.2,16.6,2.1,194,8,11.0,14.5,2.0,207,9,0,29.93,0.1,,,,,,,,,
QUEE,2017-08-21 21:35:00 EDT,40.73434,-73.81586,179,77.6,,77.6,78.7,70.5,,,,,8.3,12.7,2.2,211,14,9.3,13.8,2.5,197,12,8.3,12.7,2.2,211,14,0,29.93,0.1,,,,,,,,,
QUEE,2017-08-21 21:40:00 EDT,40.73434,-73.81586,179,77.7,,77.7,78.4,70.4,,,,,9.8,14.3,2.1,210,15,10.8,16.5,2.3,197,11,9.8,14.3,2.1,210,15,0,29.93,0.1,,,,,,,,,
QUEE,2017-08-21 21:45:00 EDT,40.73434,-73.81586,179,77.6,,77.6,78.5,70.4,,,,,7.8,14.1,2.6,208,15,8.9,15.2,2.8,194,14,7.8,14.1,2.6,208,15,0,29.93,0.1,,,,,,,,,
QUEE,2017-08-21 21:50:00 EDT,40.73434,-73.81586,179,77.6,,77.6,78.6,70.4,,,,,8.8,14.6,2.5,213,13,9.5,16.1,2.7,198,11,8.8,14.6,2.5,213,13,0,29.93,0.1,,,,,,,,,
QUEE,2017-08-21 21:55:00 EDT,40.73434,-73.81586,179,77.5,,77.5,78.7,70.4,,,,,6.6,11.0,2.0,207,14,7.4,12.9,2.0,192,12,6.6,11.0,2.0,207,14,0,29.93,0.1,,,,,,,,,
QUEE,2017-08-21 22:00:00 EDT,40.73434,-73.81586,179,77.5,,77.5,78.6,70.3,,,,,6.2,12.5,2.5,211,14,7.1,13.7,2.6,194,12,6.2,12.5,2.5,211,14,0,29.92,0.1,,,,,,,,,
QUEE,2017-08-21 22:05:00 EDT,40.73434,-73.81586,179,77.6,,77.6,78.0,70.2,,,,,8.7,13.4,3.0,206,12,9.8,15.1,3.1,191,10,8.7,13.4,3.0,206,12,0,29.92,0.1,,,,,,,,,
QUEE,2017-08-21 22:10:00 EDT,40.73434,-73.81586,179,77.5,,77.5,77.8,70.1,,,,,6.9,10.7,1.4,207,13,7.8,12.1,1.6,192,11,6.9,10.7,1.4,207,13,0,29.92,0.1,,,,,,,,,
QUEE,2017-08-21 22:15:00 EDT,40.73434,-73.81586,179,77.5,,77.5,77.8,70.0,,,,,6.2,10.8,2.3,217,17,7.1,13.4,2.3,203,15,6.2,10.8,2.3,217,17,0,29.92,0.1,,,,,,,,,
QUEE,2017-08-21 22:20:00 EDT,40.73434,-73.81586,179,77.4,,77.4,77.6,69.9,,,,,6.9,11.6,2.0,208,14,7.9,12.7,2.1,194,12,6.9,11.6,2.0,208,14,0,29.92,0.1,,,,,,,,,
QUEE,2017-08-21 22:25:00 EDT,40.73434,-73.81586,179,77.4,,77.4,77.7,69.9,,,,,9.4,13.2,1.8,209,11,10.3,15.5,2.0,195,9,9.4,13.2,1.8,209,11,0,29.92,0.1,,,,,,,,,
QUEE,2017-08-21 22:30:00 EDT,40.73434,-73.81586,179,77.3,,77.3,77.9,69.8,,,,,9.2,14.8,3.0,208,16,10.2,15.7,3.2,194,13,9.2,14.8,3.0,208,16,0,29.92,0.1,,,,,,,,,
QUEE,2017-08-21 22:35:00 EDT,40.73434,-73.81586,179,77.2,,77.2,77.9,69.8,,,,,10.3,14.8,1.9,209,10,11.3,16.2,2.1,196,7,10.3,14.8,1.9,209,10,0,29.91,0.1,,,,,,,,,
QUEE,2017-08-21 22:40:00 EDT,40.73434,-73.81586,179,77.2,,77.2,78.0,69.8,,,,,7.9,12.3,2.3,210,15,8.8,13.8,2.5,195,13,7.9,12.3,2.3,210,15,0,29.92,0.1,,,,,,,,,
QUEE,2017-08-21 22:45:00 EDT,40.73434,-73.81586,179,77.0,,77.0,78.6,69.8,,,,,8.0,12.5,2.2,207,14,8.8,13.3,2.3,193,12,8.0,12.5,2.2,207,14,0,29.92,0.0,,,,,,,,,
QUEE,2017-08-21 22:50:00 EDT,40.73434,-73.81586,179,76.9,,76.9,79.1,69.9,,,,,9.1,15.6,2.5,211,13,10.2,16.8,2.5,196,11,9.1,15.6,2.5,211,13,0,29.91,0.1,,,,,,,,,
QUEE,2017-08-21 22:55:00 EDT,40.73434,-73.81586,179,76.8,,76.8,79.3,69.9,,,,,8.4,13.3,2.0,213,14,9.6,14.8,2.1,199,11,8.4,13.3,2.0,213,14,0,29.91,0.1,,,,,,,,,
QUEE,2017-08-21 23:00:00 EDT,40.73434,-73.81586,179,76.7,,76.7,79.7,69.9,,,,,8.5,15.7,2.8,206,13,9.7,17.7,2.9,194,10,8.5,15.7,2.8,206,13,0,29.91,0.1,,,,,,,,,
QUEE,2017-08-21 23:05:00 EDT,40.73434,-73.81586,179,76.6,,76.6,79.9,70.0,,,,,8.7,11.6,1.8,206,13,9.7,13.9,1.9,193,9,8.7,11.6,1.8,206,13,0,29.91,0.1,,,,,,,,,
QUEE,2017-08-21 23:10:00 EDT,40.73434,-73.81586,179,76.5,,76.5,80.3,70.0,,,,,9.0,14.3,2.2,202,12,10.1,15.9,2.6,189,9,9.0,14.3,2.2,202,12,0,29.91,0.1,,,,,,,,,
QUEE,2017-08-21 23:15:00 EDT,40.73434,-73.81586,179,76.5,,76.5,80.4,70.0,,,,,9.7,13.6,2.2,204,12,10.8,15.0,2.3,191,9,9.7,13.6,2.2,204,12,0,29.91,0.1,,,,,,,,,
QUEE,2017-08-21 23:20:00 EDT,40.73434,-73.81586,179,76.4,,76.4,80.6,70.0,,,,,7.1,11.1,1.7,208,15,8.2,13.3,1.9,193,10,7.1,11.1,1.7,208,15,0,29.91,0.1,,,,,,,,,
QUEE,2017-08-21 23:25:00 EDT,40.73434,-73.81586,179,76.4,,76.4,80.7,70.0,,,,,7.4,11.3,1.6,210,16,8.2,13.4,1.7,194,14,7.4,11.3,1.6,210,16,0,29.91,0.1,,,,,,,,,
QUEE,2017-08-21 23:30:00 EDT,40.73434,-73.81586,179,76.4,,76.4,80.7,70.0,,,,,7.3,11.0,1.9,207,13,8.2,12.2,2.0,192,11,7.3,11.0,1.9,207,13,0,29.91,0.1,,,,,,,,,
QUEE,2017-08-21 23:35:00 EDT,40.73434,-73.81586,179,76.4,,76.4,80.5,69.9,,,,,8.0,11.6,2.3,204,10,9.1,13.2,2.2,190,9,8.0,11.6,2.3,204,10,0,29.91,0.1,,,,,,,,,
QUEE,2017-08-21 23:40:00 EDT,40.73434,-73.81586,179,76.4,,76.4,80.3,69.9,,,,,4.3,7.4,1.3,198,20,5.3,9.5,1.6,185,16,4.3,7.4,1.3,198,20,0,29.91,0.1,,,,,,,,,
QUEE,2017-08-21 23:45:00 EDT,40.73434,-73.81586,179,76.3,,76.3,80.5,69.9,,,,,4.5,7.1,1.1,195,15,5.2,9.9,1.5,182,10,4.5,7.1,1.1,195,15,0,29.91,0.1,,,,,,,,,
QUEE,2017-08-21 23:50:00 EDT,40.73434,-73.81586,179,76.2,,76.2,80.7,69.8,,,,,5.4,8.3,1.3,197,13,6.3,9.2,1.6,184,10,5.4,8.3,1.3,197,13,0,29.91,0.1,,,,,,,,,
QUEE,2017-08-21 23:55:00 EDT,40.73434,-73.81586,179,76.2,,76.2,80.6,69.8,,,,,6.3,8.5,1.2,200,9,7.2,9.8,1.3,186,8,6.3,8.5,1.2,200,9,0,29.91,0.1,,,,,,,,,
RAND,2017-08-21 00:00:00 EDT,42.14928,-78.90096,1473,60.2,64.0,60.2,96.7,59.3,0.000,0.000,0.00,0.000,3.7,4.8,0.7,17,7,4.2,5.4,0.8,20,7,3.7,4.8,0.7,17,7,0,28.62,,0,0,0,69.6,67.8,66.6,0.23,0.24,0.20
RAND,2017-08-21 00:05:00 EDT,42.14928,-78.90096,1473,59.9,61.5,59.9,96.1,58.7,0.000,0.000,0.00,0.000,5.7,6.9,0.6,23,4,6.1,7.4,0.6,25,4,5.7,6.9,0.6,23,4,0,28.62,,0,0,0,69.6,67.8,66.7,0.23,0.24,0.20
RAND,2017-08-21 00:10:00 EDT,42.14928,-78.90096,1473,58.9,60.5,58.9,95.7,57.7,0.000,0.000,0.00,0.000,5.3,7.1,1.1,34,18,5.6,7.6,1.2,38,19,5.3,7.1,1.1,34,18,0,28.62,,0,0,0,69.6,67.8,66.7,0.23,0.24,0.20
RAND,2017-08-21 00:15:00 EDT,42.14928,-78.90096,1473,58.8,60.1,58.8,96.1,57.7,0.000,0.000,0.00,0.000,4.8,6.6,0.7,38,12,5.1,7.6,0.8,42,11,4.8,6.6,0.7,38,12,0,28.62,,0,0,0,69.6,67.8,66.7,0.23,0.24,0.20
RAND,2017-08-21 00:20:00 EDT,42.14928,-78.90096,1473,58.9,61.0,58.9,96.5,57.9,0.000,0.000,0.00,0.000,6.3,7.2,0.4,19,5,6.7,7.6,0.5,22,6,6.3,7.2,0.4,19,5,0,28.62,,0,0,0,69.6,67.8,66.7,0.23,0.24,0.20
RAND,2017-08-21 00:25:00 EDT,42.14928,-78.90096,1473,59.6,61.6,59.6,96.3,58.6,0.000,0.000,0.00,0.000,5.4,6.4,0.8,23,12,5.9,7.2,0.9,26,11,5.4,6.4,0.8,23,12,0,28.62,,0,0,0,69.6,67.8,66.7,0.23,0.24,0.20
RAND,2017-08-21 00:30:00 EDT,42.14928,-78.90096,1473,58.9,60.9,58.9,96.1,57.8,0.000,0.000,0.00,0.000,5.2,6.2,0.5,27,8,5.5,6.6,0.6,31,9,5.2,6.2,0.5,27,8,0,28.62,,0,0,0,69.6,67.8,66.7,0.23,0.24,0.20
RAND,2017-08-21 00:35:00 EDT,42.14928,-78.90096,1473,58.9,60.5,58.9,96.4,57.9,0.000,0.000,0.00,0.000,4.4,5.3,0.5,31,7,4.5,6.0,0.6,36,8,4.4,5.3,0.5,31,7,0,28.62,,0,0,0,69.6,67.8,66.7,0.23,0.24,0.20
RAND,2017-08-21 00:40:00 EDT,42.14928,-78.90096,1473,58.7,60.8,58.7,96.3,57.6,0.000,0.000,0.00,0.000,3.6,4.3,0.4,36,10,3.9,5.3,0.5,40,9,3.6,4.3,0.4,36,10,0,28.62,,0,0,0,69.5,67.8,66.7,0.23,0.24,0.20
RAND,2017-08-21 00:45:00 EDT,42.14928,-78.90096,1473,58.2,59.6,58.2,96.6,57.2,0.000,0.000,0.00,0.000,3.2,3.9,0.4,49,10,3.2,4.4,0.4,52,8,3.2,3.9,0.4,49,10,0,28.62,,0,0,0,69.4,67.8,66.7,0.23,0.24,0.20
RAND,2017-08-21 00:50:00 EDT,42.14928,-78.90096,1473,58.1,59.5,58.1,96.9,57.2,0.000,0.000,0.00,0.000,3.0,3.5,0.3,60,9,3.2,4.1,0.4,63,9,3.0,3.5,0.3,60,9,0,28.62,,0,0,0,69.3,67.8,66.7,0.23,0.24,0.20
RAND,2017-08-21 00:55:00 EDT,42.14928,-78.90096,1473,58.3,59.9,58.3,97.2,57.5,0.000,0.000,0.00,0.000,2.7,3.8,0.4,55,13,2.9,4.1,0.5,58,13,2.7,3.8,0.4,55,13,0,28.62,,0,0,0,69.3,67.8,66.7,0.23,0.24,0.20
RAND,2017-08-21 01:00:00 EDT,42.14928,-78.90096,1473,58.1,59.6,58.1,97.1,57.3,0.000,0.000,0.00,0.000,3.9,5.3,0.6,50,20,4.3,5.4,0.7,55,21,3.9,5.3,0.6,50,20,0,28.62,,0,0,0,69.3,67.8,66.7,0.23,0.24,0.20
RAND,2017-08-21 01:05:00 EDT,42.14928,-78.90096,1473,58.7,59.6,58.7,97.6,58.0,0.000,0.000,0.00,0.000,3.7,4.9,0.6,57,15,4.0,5.9,0.7,63,14,3.7,4.9,0.6,57,15,0,28.62,,0,0,0,69.3,67.8,66.7,0.23,0.24,0.20
RAND,2017-08-21 01:10:00 EDT,42.14928,-78.90096,1473,58.6,59.4,58.6,96.9,57.7,0.000,0.000,0.00,0.000,3.5,4.7,0.5,65,21,4.0,5.8,0.6,70,21,3.5,4.7,0.5,65,21,0,28.62,,0,0,0,69.3,67.8,66.7,0.23,0.24,0.20
RAND,2017-08-21 01:15:00 EDT,42.14928,-78.90096,1473,58.5,59.3,58.5,96.8,57.6,0.000,0.000,0.00,0.000,3.2,4.0,0.4,73,12,3.7,4.7,0.4,77,13,3.2,4.0,0.4,73,12,0,28.62,,0,0,0,69.3,67.8,66.7,0.23,0.24,0.20
RAND,2017-08-21 01:20:00 EDT,42.14928,-78.90096,1473,59.0,60.9,59.0,96.7,58.0,0.000,0.000,0.00,0.000,2.6,4.1,0.7,67,20,3.0,4.6,0.8,71,21,2.6,4.1,0.7,67,20,0,28.62,,0,0,0,69.3,67.8,66.7,0.23,0.24,0.20
RAND,2017-08-21 01:25:00 EDT,42.14928,-78.90096,1473,58.8,60.9,58.8,96.3,57.7,0.000,0.000,0.00,0.000,3.1,3.8,0.4,48,7,3.1,4.1,0.5,50,6,3.1,3.8,0.4,48,7,0,28.62,,0,0,0,69.3,67.8,66.7,0.23,0.24,0.20
RAND,2017-08-21 01:30:00 EDT,42.14928,-78.90096,1473,58.2,59.6,58.2,96.4,57.2,0.000,0.000,0.00,0.000,2.8,4.2,0.7,40,11,2.9,4.6,1.0,42,9,2.8,4.2,0.7,40,11,0,28.62,,0,0,0,69.3,67.8,66.7,0.23,0.24,0.20
RAND,2017-08-21 01:35:00 EDT,42.14928,-78.90096,1473,58.3,59.4,58.3,96.8,57.4,0.000,0.000,0.00,0.000,2.7,3.1,0.2,38,6,2.9,3.9,0.5,42,5,2.7,3.1,0.2,38,6,0,28.62,,0,0,0,69.3,67.8,66.7,0.23,0.24,0.20
RAND,2017-08-21 01:40:00 EDT,42.14928,-78.90096,1473,58.2,59.7,58.2,97.0,57.4,0.000,0.000,0.00,0.000,3.9,5.2,0.8,30,9,4.2,5.3,0.7,33,9,3.9,5.2,0.8,30,9,0,28.61,,0,0,0,69.3,67.8,66.7,0.23,0.24,0.20
RAND,2017-08-21 01:45:00 EDT,42.14928,-78.90096,1473,58.4,61.3,58.4,97.4,57.6,0.000,0.000,0.00,0.000,4.1,5.3,0.7,19,5,4.5,6.0,0.7,22,6,4.1,5.3,0.7,19,5,0,28.61,,0,0,0,69.3,67.8,66.7,0.23,0.24,0.20
RAND,2017-08-21 01:50:00 EDT,42.14928,-78.90096,1473,58.7,61.5,58.7,97.5,58.0,0.000,0.000,0.00,0.000,4.0,5.3,0.6,20,4,4.3,5.9,0.7,23,4,4.0,5.3,0.6,20,4,0,28.61,,0,0,0,69.3,67.8,66.7,0.23,0.24,0.20
RAND,2017-08-21 01:55:00 EDT,42.14928,-78.90096,1473,58.2,60.0,58.2,97.2,57.4,0.000,0.000,0.00,0.000,2.5,3.9,0.5,32,14,2.6,4.2,0.6,38,12,2.5,3.9,0.5,32,14,0,28.61,,0,0,0,69.2,67.8,66.7,0.23,0.24,0.20
RAND,2017-08-21 02:00:00 EDT,42.14928,-78.90096,1473,58.6,59.8,58.6,97.6,57.9,0.000,0.000,0.00,0.000,2.3,3.1,0.4,32,17,2.4,3.9,0.5,38,17,2.3,3.1,0.4,32,17,0,28.61,,0,0,0,69.1,67.8,66.7,0.23,0.24,0.20
RAND,2017-08-21 02:05:00 EDT,42.14928,-78.90096,1473,58.7,59.8,58.7,97.2,57.9,0.000,0.000,0.00,0.000,1.5,2.1,0.4,54,20,1.7,2.8,0.5,58,23,1.5,2.1,0.4,54,20,0,28.61,,0,0,0,69.1,67.8,66.7,0.23,0.24,0.20
RAND,2017-08-21 02:10:00 EDT,42.14928,-78.90096,1473,59.5,61.5,59.5,97.1,58.7,0.000,0.000,0.00,0.000,0.6,1.9,0.6,71,8,1.1,2.9,0.6,67,19,0.6,1.9,0.6,71,8,0,28.61,,0,0,0,68.9,67.8,66.7,0.23,0.24,0.20
RAND,2017-08-21 02:15:00 EDT,42.14928,-78.90096,1473,59.5,61.7,59.5,96.3,58.5,0.000,0.000,0.00,0.000,0.0,0.6,0.1,4,0,0.7,1.5,0.4,27,34,0.0,0.6,0.1,4,0,0,28.61,,0,0,0,68.9,67.8,66.7,0.23,0.24,0.20
RAND,2017-08-21 02:20:00 EDT,42.14928,-78.90096,1473,58.7,60.7,58.7,95.7,57.4,0.000,0.000,0.00,0.000,1.0,2.6,0.7,33,18,1.5,3.0,0.6,42,24,1.0,2.6,0.7,33,18,0,28.61,,0,0,0,68.9,67.8,66.7,0.23,0.24,0.20
RAND,2017-08-21 02:25:00 EDT,42.14928,-78.90096,1473,58.3,60.5,58.3,96.3,57.3,0.000,0.000,0.00,0.000,1.1,2.4,0.8,50,13,1.4,2.6,0.5,52,19,1.1,2.4,0.8,50,13,0,28.61,,0,0,0,68.9,67.8,66.7,0.23,0.24,0.20
RAND,2017-08-21 02:30:00 EDT,42.14928,-78.90096,1473,58.2,59.8,58.2,97.0,57.3,0.000,0.000,0.00,0.000,1.0,1.7,0.3,44,13,1.2,2.0,0.3,41,15,1.0,1.7,0.3,44,13,0,28.61,,0,0,0,68.9,67.8,66.7,0.23,0.24,0.20
RAND,2017-08-21 02:35:00 EDT,42.14928,-78.90096,1473,58.6,60.5,58.6,97.4,57.9,0.000,0.000,0.00,0.000,1.2,2.8,1.0,33,7,1.7,3.1,0.8,35,11,1.2,2.8,1.0,33,7,0,28.61,,0,0,0,68.9,67.8,66.7,0.23,0.24,0.20
RAND,2017-08-21 02:40:00 EDT,42.14928,-78.90096,1473,58.3,59.7,58.3,97.2,57.5,0.000,0.000,0.00,0.000,2.9,3.6,0.4,44,7,3.0,3.8,0.4,47,6,2.9,3.6,0.4,44,7,0,28.61,,0,0,0,68.9,67.8,66.7,0.23,0.24,0.20
RAND,2017-08-21 02:45:00 EDT,42.14928,-78.90096,1473,58.1,59.8,58.1,97.3,57.3,0.000,0.000,0.00,0.000,3.0,3.7,0.4,30,9,3.2,4.4,0.4,33,9,3.0,3.7,0.4,30,9,0,28.61,,0,0,0,68.9,67.8,66.7,0.23,0.24,0.20
RAND,2017-08-21 02:50:00 EDT,42.14928,-78.90096,1473,58.2,60.3,58.2,97.6,57.5,0.000,0.000,0.00,0.000,3.0,3.7,0.4,51,6,2.9,4.2,0.5,53,6,3.0,3.7,0.4,51,6,0,28.61,,0,0,0,68.9,67.8,66.7,0.23,0.24,0.20
RAND,2017-08-21 02:55:00 EDT,42.14928,-78.90096,1473,58.6,60.4,58.6,97.7,57.9,0.000,0.000,0.00,0.000,2.1,2.8,0.2,73,8,2.6,3.1,0.3,75,10,2.1,2.8,0.2,73,8,0,28.61,,0,0,0,68.9,67.8,66.7,0.23,0.24,0.20
RAND,2017-08-21 03:00:00 EDT,42.14928,-78.90096,1473,58.5,60.7,58.5,97.3,57.8,0.000,0.000,0.00,0.000,2.9,3.9,0.7,39,12,3.0,4.3,0.8,43,10,2.9,3.9,0.7,39,12,0,28.61,,0,0,0,68.9,67.8,66.7,0.23,0.24,0.20
RAND,2017-08-21 03:05:00 EDT,42.14928,-78.90096,1473,59.0,61.1,59.0,97.3,58.2,0.000,0.000,0.00,0.000,3.0,3.9,0.4,35,4,3.0,4.3,0.5,40,5,3.0,3.9,0.4,35,4,0,28.61,,0,0,0,68.7,67.8,66.7,0.23,0.24,0.20
RAND,2017-08-21 03:10:00 EDT,42.14928,-78.90096,1473,59.4,61.8,59.4,97.0,58.5,0.000,0.000,0.00,0.000,2.5,3.4,0.4,37,11,2.6,3.7,0.5,40,9,2.5,3.4,0.4,37,11,0,28.61,,0,0,0,68.7,67.8,66.7,0.23,0.24,0.20
RAND,2017-08-21 03:15:00 EDT,42.14928,-78.90096,1473,58.8,61.3,58.8,96.3,57.7,0.000,0.000,0.00,0.000,3.2,4.4,0.7,34,6,3.3,4.8,0.9,38,5,3.2,4.4,0.7,34,6,0,28.61,,0,0,0,68.6,67.8,66.7,0.23,0.24,0.20
RAND,2017-08-21 03:20:00 EDT,42.14928,-78.90096,1473,59.0,62.1,59.0,96.6,58.0,0.000,0.000,0.00,0.000,2.4,3.4,0.5,30,7,2.5,3.6,0.6,35,8,2.4,3.4,0.5,30,7,0,28.61,,0,0,0,68.5,67.8,66.7,0.23,0.24,0.20
RAND,2017-08-21 03:25:00 EDT,42.14928,-78.90096,1473,58.4,60.1,58.4,96.4,57.4,0.000,0.000,0.00,0.000,2.1,2.9,0.4,38,16,2.3,3.5,0.5,44,16,2.1,2.9,0.4,38,16,0,28.61,,0,0,0,68.5,67.8,66.7,0.23,0.24,0.20
RAND,2017-08-21 03:30:00 EDT,42.14928,-78.90096,1473,58.7,60.8,58.7,97.0,57.9,0.000,0.000,0.00,0.000,1.4,3.6,0.9,56,18,1.7,4.1,0.8,57,18,1.4,3.6,0.9,56,18,0,28.61,,0,0,0,68.5,67.8,66.7,0.23,0.24,0.20
RAND,2017-08-21 03:35:00 EDT,42.14928,-78.90096,1473,58.7,60.0,58.7,96.9,57.8,0.000,0.000,0.00,0.000,2.3,3.3,0.4,36,10,2.4,3.9,0.6,40,8,2.3,3.3,0.4,36,10,0,28.61,,0,0,0,68.5,67.8,66.7,0.23,0.24,0.20
RAND,2017-08-21 03:40:00 EDT,42.14928,-78.90096,1473,58.7,60.4,58.7,97.1,57.9,0.000,0.000,0.00,0.000,1.8,2.4,0.4,8,13,2.3,3.3,0.4,9,14,1.8,2.4,0.4,8,13,0,28.61,,0,0,0,68.5,67.8,66.7,0.23,0.24,0.20
RAND,2017-08-21 03:45:00 EDT,42.14928,-78.90096,1473,59.1,61.9,59.1,97.3,58.4,0.000,0.000,0.00,0.000,1.9,3.1,0.7,35,19,2.3,3.8,0.7,36,20,1.9,3.1,0.7,35,19,0,28.61,,0,0,0,68.5,67.8,66.7,0.23,0.24,0.20
RAND,2017-08-21 03:50:00 EDT,42.14928,-78.90096,1473,59.1,61.4,59.1,97.0,58.2,0.000,0.000,0.00,0.000,1.3,2.7,0.8,50,27,1.7,3.7,0.7,55,28,1.3,2.7,0.8,50,27,0,28.61,,0,0,0,68.5,67.8,66.7,0.23,0.24,0.20
RAND,2017-08-21 03:55:00 EDT,42.14928,-78.90096,1473,59.5,61.6,59.5,96.9,58.6,0.000,0.000,0.00,0.000,0.3,1.9,0.5,96,33,0.8,2.3,0.5,68,67,0.3,1.9,0.5,96,33,0,28.61,,0,0,0,68.5,67.8,66.7,0.23,0.24,0.20
RAND,2017-08-21 04:00:00 EDT,42.14928,-78.90096,1473,60.1,61.6,60.1,96.4,59.0,0.000,0.000,0.00,0.000,0.4,1.2,0.4,101,20,1.0,2.1,0.4,120,41,0.4,1.2,0.4,101,20,0,28.61,,0,0,0,68.5,67.8,66.7,0.23,0.24,0.20
RAND,2017-08-21 04:05:00 EDT,42.14928,-78.90096,1473,59.0,60.8,59.0,95.9,57.8,0.000,0.000,0.00,0.000,0.1,1.0,0.2,227,1,0.7,1.3,0.3,231,32,0.1,1.0,0.2,227,1,0,28.61,,0,0,0,68.5,67.8,66.7,0.23,0.24,0.20
RAND,2017-08-21 04:10:00 EDT,42.14928,-78.90096,1473,58.8,59.8,58.8,96.6,57.9,0.000,0.000,0.00,0.000,0.1,1.2,0.2,79,0,0.6,1.9,0.4,82,68,0.1,1.2,0.2,79,0,0,28.61,,0,0,0,68.5,67.8,66.7,0.23,0.24,0.20
RAND,2017-08-21 04:15:00 EDT,42.14928,-78.90096,1473,59.2,59.9,59.2,97.2,58.4,0.000,0.000,0.00,0.000,1.2,2.1,0.5,21,19,1.7,2.9,0.5,21,17,1.2,2.1,0.5,21,19,0,28.61,,0,0,0,68.5,67.8,66.7,0.23,0.24,0.20
RAND,2017-08-21 04:20:00 EDT,42.14928,-78.90096,1473,60.4,61.3,60.4,97.3,59.7,0.000,0.000,0.00,0.000,1.5,3.7,1.3,18,18,1.9,3.8,1.0,14,32,1.5,3.7,1.3,18,18,0,28.61,,0,0,0,68.5,67.8,66.7,0.23,0.24,0.20
RAND,2017-08-21 04:25:00 EDT,42.14928,-78.90096,1473,62.1,62.4,62.1,94.1,60.3,0.000,0.000,0.00,0.000,1.1,2.9,0.8,265,33,1.7,3.1,0.5,287,39,1.1,2.9,0.8,265,33,0,28.61,,0,0,0,68.5,67.8,66.7,0.23,0.24,0.20
RAND,2017-08-21 04:30:00 EDT,42.14928,-78.90096,1473,61.4,61.7,61.4,90.8,58.7,0.000,0.000,0.00,0.000,0.6,2.8,0.8,211,23,1.1,3.9,0.8,210,48,0.6,2.8,0.8,211,23,0,28.62,,0,0,0,68.5,67.8,66.7,0.22,0.24,0.20
RAND,2017-08-21 04:35:00 EDT,42.14928,-78.90096,1473,60.0,61.1,60.0,93.8,58.2,0.000,0.000,0.00,0.000,0.2,1.2,0.4,95,0,0.6,1.6,0.4,52,53,0.2,1.2,0.4,95,0,0,28.62,,0,0,0,68.5,67.8,66.7,0.23,0.24,0.20
RAND,2017-08-21 04:40:00 EDT,42.14928,-78.90096,1473,60.7,62.1,60.7,95.2,59.4,0.000,0.000,0.00,0.000,1.0,2.1,0.5,354,9,1.7,3.3,0.5,356,13,1.0,2.1,0.5,354,9,0,28.62,,0,0,0,68.5,67.8,66.7,0.23,0.24,0.20
RAND,2017-08-21 04:45:00 EDT,42.14928,-78.90096,1473,62.0,62.4,62.0,92.3,59.7,0.000,0.000,0.00,0.000,0.6,1.9,0.6,22,32,1.3,3.1,0.7,30,47,0.6,1.9,0.6,22,32,0,28.62,,0,0,0,68.3,67.8,66.7,0.23,0.24,0.20
RAND,2017-08-21 04:50:00 EDT,42.14928,-78.90096,1473,61.6,62.3,61.6,90.6,58.8,0.000,0.000,0.00,0.000,0.1,1.4,0.4,49,2,0.8,1.6,0.3,4,56,0.1,1.4,0.4,49,2,0,28.61,,0,0,0,68.3,67.8,66.7,0.23,0.24,0.20
RAND,2017-08-21 04:55:00 EDT,42.14928,-78.90096,1473,60.9,62.3,60.9,92.8,58.8,0.000,0.000,0.00,0.000,1.3,2.2,0.6,27,18,1.7,2.8,0.5,31,18,1.3,2.2,0.6,27,18,0,28.61,,0,0,0,68.2,67.8,66.7,0.23,0.24,0.20
RAND,2017-08-21 05:00:00 EDT,42.14928,-78.90096,1473,60.8,62.9,60.8,94.5,59.2,0.000,0.000,0.00,0.000,1.1,1.7,0.3,342,47,1.7,2.6,0.4,338,46,1.1,1.7,0.3,342,47,0,28.61,,0,0,0,68.2,67.8,66.7,0.23,0.24,0.20
RAND,2017-08-21 05:05:00 EDT,42.14928,-78.90096,1473,61.9,62.6,61.9,92.7,59.8,0.000,0.000,0.00,0.000,0.3,2.1,0.5,165,17,0.8,2.4,0.5,134,68,0.3,2.1,0.5,165,17,0,28.61,,0,0,0,68.2,67.8,66.7,0.23,0.24,0.20
RAND,2017-08-21 05:10:00 EDT,42.14928,-78.90096,1473,60.8,62.4,60.8,93.7,59.0,0.000,0.000,0.00,0.000,0.0,0.6,0.1,19,12,0.6,1.5,0.3,29,58,0.0,0.6,0.1,19,12,0,28.61,,0,0,0,68.2,67.8,66.7,0.23,0.24,0.20
RAND,2017-08-21 05:15:00 EDT,42.14928,-78.90096,1473,60.4,61.8,60.4,95.2,59.0,0.000,0.000,0.00,0.000,1.1,2.3,0.8,27,14,1.5,2.6,0.5,22,22,1.1,2.3,0.8,27,14,0,28.61,,0,0,0,68.2,67.8,66.7,0.22,0.24,0.20
RAND,2017-08-21 05:20:00 EDT,42.14928,-78.90096,1473,60.5,61.8,60.5,95.4,59.2,0.000,0.000,0.00,0.000,2.0,3.4,1.1,47,13,2.3,3.9,0.9,49,14,2.0,3.4,1.1,47,13,0,28.61,,0,0,0,68.2,67.8,66.7,0.23,0.24,0.20
RAND,2017-08-21 05:25:00 EDT,42.14928,-78.90096,1473,60.3,61.4,60.3,95.8,59.1,0.000,0.000,0.00,0.000,1.5,2.7,0.8,65,31,1.9,3.0,0.7,70,31,1.5,2.7,0.8,65,31,0,28.61,,0,0,0,68.2,67.8,66.7,0.22,0.24,0.20
RAND,2017-08-21 05:30:00 EDT,42.14928,-78.90096,1473,60.4,60.8,60.4,96.1,59.2,0.000,0.000,0.00,0.000,1.8,2.3,0.3,64,13,2.1,3.0,0.4,67,15,1.8,2.3,0.3,64,13,0,28.61,,0,0,0,68.2,67.8,66.7,0.23,0.24,0.20
RAND,2017-08-21 05:35:00 EDT,42.14928,-78.90096,1473,60.4,61.5,60.4,96.3,59.4,0.000,0.000,0.00,0.000,0.6,1.7,0.6,54,35,1.1,2.1,0.5,61,49,0.6,1.7,0.6,54,35,0,28.61,,0,0,0,68.2,67.8,66.7,0.22,0.24,0.20
RAND,2017-08-21 05:40:00 EDT,42.14928,-78.90096,1473,61.6,61.7,61.6,94.4,60.0,0.000,0.000,0.00,0.000,0.0,0.0,0.0,0,0,0.7,1.4,0.3,217,30,0.0,0.0,0.0,0,0,0,28.61,,0,0,0,68.2,67.8,66.7,0.23,0.24,0.20
RAND,2017-08-21 05:45:00 EDT,42.14928,-78.90096,1473,61.4,61.5,61.4,92.8,59.3,0.000,0.000,0.00,0.000,0.1,0.9,0.2,176,5,0.7,1.4,0.3,173,49,0.1,0.9,0.2,176,5,0,28.61,,0,0,0,68.2,67.8,66.7,0.23,0.24,0.20
RAND,2017-08-21 05:50:00 EDT,42.14928,-78.90096,1473,60.9,61.1,60.9,94.7,59.3,0.000,0.000,0.00,0.000,1.0,2.5,0.7,63,14,1.4,2.5,0.4,69,21,1.0,2.5,0.7,63,14,0,28.61,,0,0,0,68.2,67.8,66.7,0.23,0.24,0.20
RAND,2017-08-21 05:55:00 EDT,42.14928,-78.90096,1473,60.9,61.4,60.9,95.8,59.7,0.000,0.000,0.00,0.000,2.3,3.0,0.5,27,7,2.5,3.4,0.6,30,7,2.3,3.0,0.5,27,7,0,28.61,,0,0,0,68.2,67.8,66.7,0.22,0.24,0.20
RAND,2017-08-21 06:00:00 EDT,42.14928,-78.90096,1473,61.3,62.4,61.3,95.6,60.0,0.000,0.000,0.00,0.000,0.5,2.2,0.5,318,26,1.0,2.3,0.5,314,37,0.5,2.2,0.5,318,26,0,28.61,,0,0,0,68.2,67.8,66.7,0.22,0.24,0.20
RAND,2017-08-21 06:05:00 EDT,42.14928,-78.90096,1473,61.4,63.0,61.4,94.9,59.9,0.000,0.000,0.00,0.000,1.4,3.1,0.8,31,17,1.7,3.4,0.8,31,25,1.4,3.1,0.8,31,17,0,28.61,,0,0,0,68.2,67.8,66.7,0.22,0.24,0.20
RAND,2017-08-21 06:10:00 EDT,42.14928,-78.90096,1473,61.0,62.1,61.0,95.3,59.7,0.000,0.000,0.00,0.000,1.4,2.0,0.5,46,21,1.7,2.9,0.5,47,23,1.4,2.0,0.5,46,21,0,28.61,,0,0,0,68.1,67.8,66.7,0.23,0.24,0.20
RAND,2017-08-21 06:15:00 EDT,42.14928,-78.90096,1473,61.2,62.6,61.2,95.5,59.9,0.000,0.000,0.00,0.000,0.7,1.6,0.5,111,49,1.2,2.8,0.5,111,53,0.7,1.6,0.5,111,49,0,28.62,,0,0,0,68.1,67.8,66.7,0.23,0.24,0.20
RAND,2017-08-21 06:20:00 EDT,42.14928,-78.90096,1473,61.4,62.6,61.4,95.3,60.1,0.000,0.000,0.00,0.000,3.4,4.4,0.5,53,11,3.6,4.6,0.6,56,12,3.4,4.4,0.5,53,11,0,28.61,,0,0,0,68.0,67.8,66.7,0.23,0.24,0.20
RAND,2017-08-21 06:25:00 EDT,42.14928,-78.90096,1473,62.0,64.0,62.0,94.0,60.3,0.000,0.000,0.00,0.000,3.3,4.5,0.5,6,22,3.7,4.7,0.6,9,22,3.3,4.5,0.5,6,22,0,28.61,,0,0,0,68.0,67.8,66.7,0.23,0.24,0.20
RAND,2017-08-21 06:30:00 EDT,42.14928,-78.90096,1473,64.2,65.8,64.2,85.0,59.6,0.000,0.000,0.00,0.000,3.6,6.7,1.8,294,14,4.0,7.4,2.0,298,15,3.6,6.7,1.8,294,14,0,28.61,,0,0,0,67.9,67.8,66.7,0.23,0.24,0.20
RAND,2017-08-21 06:35:00 EDT,42.14928,-78.90096,1473,65.2,66.9,65.2,80.2,59.0,0.000,0.000,0.00,0.000,6.4,9.7,1.6,305,14,6.7,11.1,1.7,308,14,6.4,9.7,1.6,305,14,1,28.62,,0,0,0,67.8,67.8,66.7,0.23,0.24,0.20
RAND,2017-08-21 06:40:00 EDT,42.14928,-78.90096,1473,64.7,66.0,64.7,80.5,58.6,0.000,0.000,0.00,0.000,2.6,4.7,1.1,91,62,3.1,5.3,1.0,98,64,2.6,4.7,1.1,91,62,0,28.62,,0,0,0,67.8,67.8,66.7,0.22,0.24,0.20
RAND,2017-08-21 06:45:00 EDT,42.14928,-78.90096,1473,62.6,63.1,62.6,90.0,59.6,0.000,0.000,0.00,0.000,3.5,4.6,0.7,89,5,3.8,5.3,0.6,93,5,3.5,4.6,0.7,89,5,1,28.62,,0,0,0,67.8,67.8,66.7,0.23,0.24,0.20
RAND,2017-08-21 06:50:00 EDT,42.14928,-78.90096,1473,62.5,62.9,62.5,92.0,60.1,0.000,0.000,0.00,0.000,4.8,6.5,0.8,81,7,5.2,7.1,0.9,84,8,4.8,6.5,0.8,81,7,2,28.61,,0,0,0,67.8,67.8,66.7,0.22,0.24,0.20
RAND,2017-08-21 06:55:00 EDT,42.14928,-78.90096,1473,62.8,63.7,62.8,90.7,60.0,0.000,0.000,0.00,0.000,5.2,7.2,0.6,51,18,5.7,8.4,0.8,54,18,5.2,7.2,0.6,51,18,3,28.61,,0,0,0,67.8,67.8,66.7,0.22,0.24,0.20
RAND,2017-08-21 07:00:00 EDT,42.14928,-78.90096,1473,62.9,63.6,62.9,91.3,60.3,0.000,0.000,0.00,0.000,4.2,6.3,0.9,25,12,4.5,6.9,1.2,28,11,4.2,6.3,0.9,25,12,7,28.61,,0,0,0,67.8,67.8,66.7,0.23,0.24,0.20
RAND,2017-08-21 07:05:00 EDT,42.14928,-78.90096,1473,63.5,63.7,63.5,89.8,60.5,0.000,0.000,0.00,0.000,3.3,5.8,1.1,4,27,3.9,7.2,1.4,8,24,3.3,5.8,1.1,4,27,11,28.61,,0,0,0,67.8,67.8,66.7,0.23,0.24,0.20
RAND,2017-08-21 07:10:00 EDT,42.14928,-78.90096,1473,63.9,63.9,63.9,88.7,60.5,0.024,0.024,0.43,0.024,2.1,3.6,0.6,324,31,2.4,4.3,0.7,327,31,2.1,3.6,0.6,324,31,7,28.61,,0,0,0,67.8,67.8,66.7,0.23,0.24,0.20
RAND,2017-08-21 07:15:00 EDT,42.14928,-78.90096,1473,63.3,63.5,63.3,91.4,60.8,0.005,0.028,0.00,0.028,2.2,3.1,0.4,316,38,2.6,4.0,0.6,320,39,2.2,3.1,0.4,316,38,3,28.61,,0,0,0,67.8,67.8,66.7,0.23,0.24,0.20
RAND,2017-08-21 07:20:00 EDT,42.14928,-78.90096,1473,63.0,63.2,63.0,93.0,61.0,0.000,0.028,0.00,0.028,4.8,8.8,2.3,40,24,5.3,10.0,2.4,40,24,4.8,8.8,2.3,40,24,3,28.61,,0,0,0,67.8,67.8,66.7,0.23,0.24,0.20
RAND,2017-08-21 07:25:00 EDT,42.14928,-78.90096,1473,63.2,63.2,63.2,92.7,61.0,0.000,0.028,0.00,0.028,4.3,7.7,1.6,58,35,4.6,8.1,1.6,63,35,4.3,7.7,1.6,58,35,4,28.61,,0,0,0,67.8,67.8,66.7,0.23,0.24,0.20
RAND,2017-08-21 07:30:00 EDT,42.14928,-78.90096,1473,63.2,63.1,63.2,93.0,61.1,0.000,0.028,0.00,0.028,3.7,8.2,2.0,57,13,4.1,8.6,2.0,61,15,3.7,8.2,2.0,57,13,6,28.61,,0,0,0,67.8,67.8,66.7,0.23,0.24,0.20
RAND,2017-08-21 07:35:00 EDT,42.14928,-78.90096,1473,63.1,63.2,63.1,92.2,60.8,0.000,0.028,0.00,0.028,3.1,4.3,0.7,125,28,3.4,4.7,0.7,128,28,3.1,4.3,0.7,125,28,8,28.61,,0,0,0,67.8,67.8,66.7,0.23,0.24,0.20
RAND,2017-08-21 07:40:00 EDT,42.14928,-78.90096,1473,62.7,62.7,62.7,91.0,60.1,0.000,0.028,0.00,0.028,3.4,5.7,1.0,122,39,3.9,7.1,1.2,126,40,3.4,5.7,1.0,122,39,9,28.61,,0,0,0,67.8,67.8,66.7,0.23,0.24,0.20
RAND,2017-08-21 07:45:00 EDT,42.14928,-78.90096,1473,62.9,62.8,62.9,91.2,60.2,0.000,0.028,0.00,0.028,1.4,6.6,1.7,72,13,1.9,7.0,1.8,79,37,1.4,6.6,1.7,72,13,11,28.61,,0,0,0,67.8,67.8,66.7,0.23,0.24,0.20
RAND,2017-08-21 07:50:00 EDT,42.14928,-78.90096,1473,62.7,62.6,62.7,91.9,60.3,0.000,0.028,0.00,0.028,2.5,6.4,1.5,84,42,2.9,6.9,1.7,89,42,2.5,6.4,1.5,84,42,23,28.61,,0,0,0,67.8,67.8,66.7,0.23,0.24,0.20
RAND,2017-08-21 07:55:00 EDT,42.14928,-78.90096,1473,62.5,62.5,62.5,93.7,60.6,0.000,0.028,0.00,0.028,3.4,4.5,0.8,80,26,3.9,5.4,1.0,84,26,3.4,4.5,0.8,80,26,45,28.61,,0,0,0,67.8,67.8,66.7,0.22,0.24,0.20
RAND,2017-08-21 08:00:00 EDT,42.14928,-78.90096,1473,62.6,62.4,62.6,93.7,60.7,0.000,0.028,0.00,0.028,3.8,4.5,0.2,127,7,4.1,4.9,0.4,132,6,3.8,4.5,0.2,127,7,72,28.61,,0,0,0,67.8,67.8,66.7,0.22,0.24,0.20
RAND,2017-08-21 08:05:00 EDT,42.14928,-78.90096,1473,62.7,62.3,62.7,92.8,60.6,0.000,0.028,0.00,0.028,3.6,5.0,0.7,160,17,4.0,6.4,0.9,163,19,3.6,5.0,0.7,160,17,112,28.61,,0,0,0,67.8,67.8,66.7,0.22,0.24,0.20
RAND,2017-08-21 08:10:00 EDT,42.14928,-78.90096,1473,62.3,61.9,62.3,91.9,59.9,0.000,0.028,0.00,0.005,2.4,4.7,1.5,159,21,2.8,5.2,1.4,165,39,2.4,4.7,1.5,159,21,87,28.62,,0,0,0,67.8,67.8,66.7,0.23,0.24,0.20
RAND,2017-08-21 08:15:00 EDT,42.14928,-78.90096,1473,62.8,63.0,62.8,89.1,59.6,0.000,0.028,0.00,0.000,1.6,3.8,1.1,192,49,2.0,5.0,1.2,200,58,1.6,3.8,1.1,192,49,48,28.63,,0,0,0,67.8,67.8,66.7,0.22,0.24,0.20
RAND,2017-08-21 08:20:00 EDT,42.14928,-78.90096,1473,62.6,62.4,62.6,88.9,59.3,0.000,0.028,0.00,0.000,2.0,3.8,1.1,138,22,2.3,4.4,1.0,142,25,2.0,3.8,1.1,138,22,40,28.63,,0,0,0,67.8,67.8,66.7,0.23,0.24,0.20
RAND,2017-08-21 08:25:00 EDT,42.14928,-78.90096,1473,62.4,62.1,62.4,89.9,59.4,0.000,0.028,0.00,0.000,2.8,3.8,0.5,154,17,2.9,4.6,0.7,157,18,2.8,3.8,0.5,154,17,47,28.63,,0,0,0,67.8,67.8,66.7,0.23,0.24,0.20
RAND,2017-08-21 08:30:00 EDT,42.14928,-78.90096,1473,62.5,62.1,62.5,92.0,60.2,0.000,0.028,0.00,0.000,1.7,2.8,0.8,118,15,2.0,3.5,0.7,124,17,1.7,2.8,0.8,118,15,57,28.63,,0,0,0,67.8,67.8,66.7,0.22,0.24,0.20
RAND,2017-08-21 08:35:00 EDT,42.14928,-78.90096,1473,62.7,62.2,62.7,92.9,60.6,0.000,0.028,0.00,0.000,2.1,5.8,1.3,127,28,2.5,6.3,1.4,130,27,2.1,5.8,1.3,127,28,72,28.62,,0,0,0,67.8,67.8,66.7,0.22,0.24,0.20
RAND,2017-08-21 08:40:00 EDT,42.14928,-78.90096,1473,62.9,62.4,62.9,91.6,60.4,0.000,0.028,0.00,0.000,2.3,5.0,0.7,163,49,2.6,5.3,0.9,169,50,2.3,5.0,0.7,163,49,93,28.62,,0,0,0,67.8,67.7,66.7,0.23,0.24,0.20
RAND,2017-08-21 08:45:00 EDT,42.14928,-78.90096,1473,63.1,62.6,63.1,90.2,60.2,0.000,0.028,0.00,0.000,2.9,5.1,1.3,92,19,3.3,5.6,1.3,97,24,2.9,5.1,1.3,92,19,106,28.62,,0,0,0,67.8,67.7,66.7,0.22,0.24,0.20
RAND,2017-08-21 08:50:00 EDT,42.14928,-78.90096,1473,63.1,62.7,63.1,90.6,60.4,0.000,0.028,0.00,0.000,1.9,4.9,1.5,205,28,2.4,5.6,1.4,208,34,1.9,4.9,1.5,205,28,118,28.62,,0,0,0,67.8,67.7,66.7,0.23,0.24,0.20
RAND,2017-08-21 08:55:00 EDT,42.14928,-78.90096,1473,63.6,62.9,63.6,91.2,61.0,0.000,0.028,0.00,0.000,1.2,2.9,1.0,134,33,1.7,3.6,0.8,128,54,1.2,2.9,1.0,134,33,116,28.62,,0,0,0,67.8,67.6,66.7,0.22,0.24,0.20
RAND,2017-08-21 09:00:00 EDT,42.14928,-78.90096,1473,63.9,63.3,63.9,89.2,60.7,0.000,0.028,0.00,0.000,0.5,1.4,0.5,97,9,1.1,2.0,0.5,98,28,0.5,1.4,0.5,97,9,115,28.62,,0,0,0,67.8,67.5,66.7,0.22,0.24,0.20
RAND,2017-08-21 09:05:00 EDT,42.14928,-78.90096,1473,64.0,63.5,64.0,89.2,60.8,0.000,0.028,0.00,0.000,0.6,2.1,0.7,185,18,1.1,2.6,0.6,176,39,0.6,2.1,0.7,185,18,158,28.62,,0,0,0,67.8,67.5,66.7,0.23,0.24,0.20
RAND,2017-08-21 09:10:00 EDT,42.14928,-78.90096,1473,64.6,63.9,64.6,90.1,61.6,0.000,0.028,0.00,0.000,1.2,2.8,0.9,91,39,1.6,3.5,0.9,105,47,1.2,2.8,0.9,91,39,194,28.62,,0,0,0,67.8,67.5,66.7,0.23,0.24,0.20
RAND,2017-08-21 09:15:00 EDT,42.14928,-78.90096,1473,64.7,64.4,64.7,87.9,61.1,0.000,0.028,0.00,0.000,0.0,0.4,0.1,126,0,0.5,1.3,0.3,27,69,0.0,0.4,0.1,126,0,157,28.62,,0,0,0,67.8,67.5,66.7,0.23,0.24,0.20
RAND,2017-08-21 09:20:00 EDT,42.14928,-78.90096,1473,65.3,64.7,65.3,86.6,61.2,0.000,0.028,0.00,0.000,0.2,1.3,0.4,83,7,0.9,2.1,0.5,109,50,0.2,1.3,0.4,83,7,166,28.63,,0,0,0,67.8,67.5,66.7,0.23,0.24,0.20
RAND,2017-08-21 09:25:00 EDT,42.14928,-78.90096,1473,65.8,65.3,65.8,85.2,61.3,0.000,0.028,0.00,0.000,0.1,1.2,0.2,73,1,0.6,1.7,0.3,85,69,0.1,1.2,0.2,73,1,194,28.63,,0,0,0,67.8,67.5,66.7,0.23,0.24,0.20
RAND,2017-08-21 09:30:00 EDT,42.14928,-78.90096,1473,66.4,65.8,66.4,85.0,61.8,0.000,0.028,0.00,0.000,1.0,2.4,0.8,162,23,1.4,3.1,0.6,171,32,1.0,2.4,0.8,162,23,236,28.63,,0,0,0,67.8,67.5,66.7,0.23,0.24,0.20
RAND,2017-08-21 09:35:00 EDT,42.14928,-78.90096,1473,67.2,66.5,67.2,85.3,62.6,0.000,0.028,0.00,0.000,0.9,2.2,0.5,129,20,1.3,2.3,0.5,131,24,0.9,2.2,0.5,129,20,441,28.62,,0,0,0,67.8,67.5,66.7,0.23,0.24,0.20
RAND,2017-08-21 09:40:00 EDT,42.14928,-78.90096,1473,68.4,67.5,68.4,82.9,63.0,0.000,0.028,0.00,0.000,1.0,2.4,0.6,141,21,1.4,2.8,0.5,146,28,1.0,2.4,0.6,141,21,487,28.62,,0,0,0,67.8,67.5,66.7,0.23,0.24,0.20
RAND,2017-08-21 09:45:00 EDT,42.14928,-78.90096,1473,68.6,68.2,68.6,80.1,62.2,0.000,0.028,0.00,0.000,0.9,2.1,0.5,154,15,1.3,2.8,0.5,155,20,0.9,2.1,0.5,154,15,417,28.62,,0,0,0,67.8,67.5,66.7,0.23,0.24,0.20
RAND,2017-08-21 09:50:00 EDT,42.14928,-78.90096,1473,69.7,69.0,69.7,77.3,62.3,0.000,0.028,0.00,0.000,2.1,3.9,1.0,152,12,2.5,4.5,1.0,154,17,2.1,3.9,1.0,152,12,484,28.62,,0,0,0,67.8,67.5,66.7,0.22,0.24,0.20
RAND,2017-08-21 09:55:00 EDT,42.14928,-78.90096,1473,70.7,70.0,70.7,76.7,63.0,0.000,0.028,0.00,0.000,3.4,5.8,0.9,153,15,3.7,6.6,1.0,157,15,3.4,5.8,0.9,153,15,496,28.61,,0,0,0,67.8,67.5,66.7,0.22,0.24,0.20
RAND,2017-08-21 10:00:00 EDT,42.14928,-78.90096,1473,71.4,70.7,71.4,73.8,62.6,0.000,0.028,0.00,0.000,4.8,7.3,1.2,151,14,5.3,7.8,1.2,154,12,4.8,7.3,1.2,151,14,504,28.61,,0,0,0,67.8,67.5,66.7,0.22,0.24,0.20
RAND,2017-08-21 10:05:00 EDT,42.14928,-78.90096,1473,72.1,71.0,72.1,72.1,62.6,0.000,0.028,0.00,0.000,5.4,8.0,1.1,145,12,5.8,9.3,1.2,147,13,5.4,8.0,1.1,145,12,523,28.61,,0,0,0,67.8,67.5,66.7,0.22,0.24,0.20
RAND,2017-08-21 10:10:00 EDT,42.14928,-78.90096,1473,72.6,71.4,72.6,73.0,63.5,0.000,0.028,0.00,0.000,4.3,8.2,1.6,141,13,4.8,8.4,1.6,143,12,4.3,8.2,1.6,141,13,531,28.61,,0,0,0,67.8,67.5,66.7,0.22,0.24,0.20
RAND,2017-08-21 10:15:00 EDT,42.14928,-78.90096,1473,72.9,71.7,72.9,72.1,63.4,0.000,0.028,0.00,0.000,4.9,7.5,1.2,138,13,5.4,8.9,1.2,141,14,4.9,7.5,1.2,138,13,546,28.61,,0,0,0,67.8,67.5,66.7,0.22,0.23,0.20
RAND,2017-08-21 10:20:00 EDT,42.14928,-78.90096,1473,73.1,71.9,73.1,72.7,63.8,0.000,0.028,0.00,0.000,4.6,8.4,1.8,134,19,5.1,9.3,1.8,139,18,4.6,8.4,1.8,134,19,566,28.61,,0,0,0,67.8,67.5,66.7,0.23,0.24,0.20
RAND,2017-08-21 10:25:00 EDT,42.14928,-78.90096,1473,73.6,72.4,73.6,71.9,64.0,0.000,0.028,0.00,0.000,5.9,8.2,1.2,150,13,6.3,9.6,1.3,153,14,5.9,8.2,1.2,150,13,581,28.61,,0,0,0,67.8,67.5,66.7,0.22,0.24,0.20
RAND,2017-08-21 10:30:00 EDT,42.14928,-78.90096,1473,73.8,72.4,73.8,71.1,63.8,0.000,0.028,0.00,0.000,5.0,7.2,1.2,135,13,5.2,10.2,1.4,137,11,5.0,7.2,1.2,135,13,592,28.60,,0,0,0,67.8,67.5,66.7,0.22,0.24,0.20
RAND,2017-08-21 10:35:00 EDT,42.14928,-78.90096,1473,74.3,72.9,74.3,71.7,64.6,0.000,0.028,0.00,0.000,5.1,6.9,0.9,148,8,5.4,7.5,0.9,151,9,5.1,6.9,0.9,148,8,604,28.60,,0,0,0,67.8,67.5,66.7,0.22,0.24,0.20
RAND,2017-08-21 10:40:00 EDT,42.14928,-78.90096,1473,74.8,73.5,74.8,71.7,65.0,0.000,0.028,0.00,0.000,3.9,6.8,1.1,146,19,4.3,7.7,1.3,149,20,3.9,6.8,1.1,146,19,615,28.60,,0,0,0,67.8,67.5,66.7,0.22,0.24,0.20
RAND,2017-08-21 10:45:00 EDT,42.14928,-78.90096,1473,75.3,73.8,75.3,71.6,65.5,0.000,0.028,0.00,0.000,5.0,6.6,0.9,136,13,5.4,7.2,1.0,139,12,5.0,6.6,0.9,136,13,626,28.60,,0,0,0,67.8,67.5,66.7,0.22,0.24,0.20
RAND,2017-08-21 10:50:00 EDT,42.14928,-78.90096,1473,75.2,74.1,75.2,72.1,65.6,0.000,0.028,0.00,0.000,4.3,6.6,1.1,153,18,4.7,7.4,1.3,157,18,4.3,6.6,1.1,153,18,631,28.60,,0,0,0,67.8,67.5,66.7,0.23,0.24,0.20
RAND,2017-08-21 10:55:00 EDT,42.14928,-78.90096,1473,75.4,74.5,75.4,71.4,65.5,0.000,0.028,0.00,0.000,3.8,5.8,1.3,173,22,4.4,6.9,1.3,178,25,3.8,5.8,1.3,173,22,643,28.60,,0,0,0,67.8,67.5,66.7,0.23,0.24,0.20
RAND,2017-08-21 11:00:00 EDT,42.14928,-78.90096,1473,76.3,75.1,76.3,72.0,66.6,0.000,0.028,0.00,0.000,4.3,7.1,1.2,143,16,4.7,8.3,1.4,148,16,4.3,7.1,1.2,143,16,653,28.60,,0,0,0,67.8,67.5,66.7,0.23,0.24,0.20
RAND,2017-08-21 11:05:00 EDT,42.14928,-78.90096,1473,76.8,75.3,76.8,71.5,66.8,0.000,0.028,0.00,0.000,5.3,7.2,0.8,147,9,5.8,8.4,0.9,149,9,5.3,7.2,0.8,147,9,663,28.60,,0,0,0,67.8,67.5,66.7,0.22,0.24,0.20
RAND,2017-08-21 11:10:00 EDT,42.14928,-78.90096,1473,77.0,75.6,77.0,69.8,66.4,0.000,0.028,0.00,0.000,4.5,7.1,1.3,151,17,4.9,8.8,1.4,154,18,4.5,7.1,1.3,151,17,670,28.60,,0,0,0,67.8,67.5,66.7,0.23,0.23,0.20
RAND,2017-08-21 11:15:00 EDT,42.14928,-78.90096,1473,77.0,75.7,77.0,68.9,66.0,0.000,0.028,0.00,0.000,3.0,5.6,1.5,155,24,3.3,6.2,1.4,159,24,3.0,5.6,1.5,155,24,677,28.60,,0,0,0,67.8,67.5,66.7,0.22,0.23,0.20
RAND,2017-08-21 11:20:00 EDT,42.14928,-78.90096,1473,77.6,75.8,77.6,69.5,66.8,0.000,0.028,0.00,0.000,4.0,6.5,1.0,124,16,4.3,7.6,1.1,127,14,4.0,6.5,1.0,124,16,692,28.60,,0,0,0,67.8,67.5,66.7,0.22,0.23,0.20
RAND,2017-08-21 11:25:00 EDT,42.14928,-78.90096,1473,77.7,75.9,77.7,69.6,67.0,0.000,0.028,0.00,0.000,2.7,5.0,1.1,117,17,3.2,5.7,1.2,119,17,2.7,5.0,1.1,117,17,699,28.60,,0,0,0,67.8,67.5,66.7,0.22,0.24,0.20
RAND,2017-08-21 11:30:00 EDT,42.14928,-78.90096,1473,78.1,76.6,78.1,69.7,67.4,0.000,0.028,0.00,0.000,1.1,2.6,0.7,129,46,1.4,3.3,0.6,131,59,1.1,2.6,0.7,129,46,696,28.60,,0,0,0,67.8,67.5,66.7,0.22,0.23,0.20
RAND,2017-08-21 11:35:00 EDT,42.14928,-78.90096,1473,78.9,77.5,78.9,68.9,67.8,0.000,0.028,0.00,0.000,4.5,9.3,1.8,185,25,5.1,10.2,1.9,190,28,4.5,9.3,1.8,185,25,719,28.59,,0,0,0,68.0,67.5,66.7,0.23,0.23,0.20
RAND,2017-08-21 11:40:00 EDT,42.14928,-78.90096,1473,78.5,77.6,78.5,67.0,66.6,0.000,0.028,0.00,0.000,5.5,8.5,1.6,212,16,5.9,9.9,1.7,218,16,5.5,8.5,1.6,212,16,724,28.59,,0,0,0,68.1,67.5,66.7,0.22,0.23,0.20
RAND,2017-08-21 11:45:00 EDT,42.14928,-78.90096,1473,79.1,78.3,79.1,68.1,67.7,0.000,0.028,0.00,0.000,4.0,6.6,1.4,211,23,4.4,7.4,1.5,217,22,4.0,6.6,1.4,211,23,724,28.59,,0,0,0,68.2,67.5,66.7,0.22,0.23,0.20
RAND,2017-08-21 11:50:00 EDT,42.14928,-78.90096,1473,79.6,78.7,79.6,63.9,66.3,0.000,0.028,0.00,0.000,7.7,10.9,1.6,229,14,8.2,11.9,1.7,232,15,7.7,10.9,1.6,229,14,744,28.59,,0,0,0,68.2,67.5,66.7,0.22,0.23,0.20
RAND,2017-08-21 11:55:00 EDT,42.14928,-78.90096,1473,80.2,79.2,82.2,61.4,65.7,0.000,0.028,0.00,0.000,8.6,14.3,2.2,236,17,9.2,15.7,2.4,240,18,8.6,14.3,2.2,236,17,755,28.59,,0,0,0,68.2,67.5,66.7,0.22,0.23,0.20
RAND,2017-08-21 12:00:00 EDT,42.14928,-78.90096,1473,80.3,79.5,82.0,58.2,64.3,0.000,0.028,0.00,0.000,9.8,14.2,2.0,229,13,10.6,15.1,2.1,234,15,9.8,14.2,2.0,229,13,761,28.59,,0,0,0,68.2,67.5,66.7,0.22,0.23,0.20
RAND,2017-08-21 12:05:00 EDT,42.14928,-78.90096,1473,80.5,79.7,82.2,58.0,64.4,0.000,0.028,0.00,0.000,8.6,12.1,1.6,254,14,9.4,13.7,1.7,260,13,8.6,12.1,1.6,254,14,763,28.59,,0,0,0,68.2,67.5,66.7,0.23,0.23,0.20
RAND,2017-08-21 12:10:00 EDT,42.14928,-78.90096,1473,80.7,79.8,82.4,58.0,64.6,0.000,0.028,0.00,0.000,9.0,14.8,2.5,232,18,9.7,16.3,2.5,237,18,9.0,14.8,2.5,232,18,772,28.59,,0,0,0,68.2,67.5,66.7,0.22,0.23,0.20
RAND,2017-08-21 12:15:00 EDT,42.14928,-78.90096,1473,80.5,79.7,82.2,57.9,64.4,0.000,0.028,0.00,0.000,9.2,13.8,2.0,223,11,9.8,15.2,2.1,227,11,9.2,13.8,2.0,223,11,772,28.59,,0,0,0,68.3,67.5,66.7,0.22,0.23,0.20
RAND,2017-08-21 12:20:00 EDT,42.14928,-78.90096,1473,80.9,79.9,82.7,58.4,64.9,0.000,0.028,0.00,0.000,7.0,11.3,2.1,245,14,7.8,12.0,2.1,249,15,7.0,11.3,2.1,245,14,771,28.58,,0,0,0,68.5,67.5,66.6,0.22,0.23,0.20
RAND,2017-08-21 12:25:00 EDT,42.14928,-78.90096,1473,81.1,80.1,82.5,55.3,63.5,0.000,0.028,0.00,0.000,7.8,13.5,1.3,227,13,8.4,14.3,1.5,231,13,7.8,13.5,1.3,227,13,781,28.58,,0,0,0,68.5,67.5,66.7,0.22,0.23,0.20
RAND,2017-08-21 12:30:00 EDT,42.14928,-78.90096,1473,81.1,80.1,82.5,54.9,63.4,0.000,0.028,0.00,0.000,10.0,14.0,2.1,241,19,10.8,15.9,2.3,244,19,10.0,14.0,2.1,241,19,792,28.58,,0,0,0,68.5,67.5,66.7,0.22,0.23,0.20
RAND,2017-08-21 12:35:00 EDT,42.14928,-78.90096,1473,80.7,79.9,81.8,53.4,62.2,0.000,0.028,0.00,0.000,10.1,17.3,2.6,233,11,10.7,19.2,2.6,237,12,10.1,17.3,2.6,233,11,797,28.58,,0,0,0,68.5,67.5,66.7,0.22,0.23,0.20
RAND,2017-08-21 12:40:00 EDT,42.14928,-78.90096,1473,81.2,80.3,82.9,56.4,64.3,0.000,0.028,0.00,0.000,9.4,14.2,1.8,242,16,10.2,15.6,2.0,247,17,9.4,14.2,1.8,242,16,793,28.58,,0,0,0,68.5,67.5,66.7,0.22,0.23,0.20
RAND,2017-08-21 12:45:00 EDT,42.14928,-78.90096,1473,81.5,80.4,82.8,54.5,63.5,0.000,0.028,0.00,0.000,11.0,16.0,2.1,237,15,11.9,17.9,2.2,241,16,11.0,16.0,2.1,237,15,800,28.58,,0,0,0,68.5,67.5,66.6,0.22,0.23,0.20
RAND,2017-08-21 12:50:00 EDT,42.14928,-78.90096,1473,81.0,80.1,82.3,53.8,62.7,0.000,0.028,0.00,0.000,9.1,14.3,1.6,241,13,9.7,15.6,1.9,247,13,9.1,14.3,1.6,241,13,799,28.58,,0,0,0,68.5,67.5,66.7,0.22,0.23,0.20
RAND,2017-08-21 12:55:00 EDT,42.14928,-78.90096,1473,81.5,80.5,83.0,55.5,64.1,0.000,0.028,0.00,0.000,8.4,12.9,1.7,256,20,9.1,14.1,1.8,263,18,8.4,12.9,1.7,256,20,797,28.58,,0,0,0,68.5,67.5,66.6,0.22,0.23,0.20
RAND,2017-08-21 13:00:00 EDT,42.14928,-78.90096,1473,81.4,80.3,82.7,54.4,63.4,0.000,0.028,0.00,0.000,9.3,14.7,2.0,248,18,10.1,16.6,2.2,253,16,9.3,14.7,2.0,248,18,806,28.58,,0,0,0,68.7,67.5,66.6,0.23,0.23,0.20
RAND,2017-08-21 13:05:00 EDT,42.14928,-78.90096,1473,81.8,80.5,83.4,55.6,64.4,0.000,0.028,0.00,0.000,10.1,16.1,2.2,254,12,11.0,17.1,2.4,259,10,10.1,16.1,2.2,254,12,801,28.58,,0,0,0,68.9,67.5,66.6,0.22,0.23,0.20
RAND,2017-08-21 13:10:00 EDT,42.14928,-78.90096,1473,81.8,80.6,83.4,55.4,64.2,0.000,0.028,0.00,0.000,8.6,12.1,1.6,252,13,9.6,13.9,1.8,257,11,8.6,12.1,1.6,252,13,798,28.58,,0,0,0,68.9,67.5,66.6,0.22,0.23,0.20
RAND,2017-08-21 13:15:00 EDT,42.14928,-78.90096,1473,81.9,80.7,83.5,55.3,64.3,0.000,0.028,0.00,0.000,9.3,13.2,1.7,246,11,10.1,14.6,1.8,251,11,9.3,13.2,1.7,246,11,772,28.58,,0,0,0,68.9,67.5,66.6,0.22,0.23,0.20
RAND,2017-08-21 13:20:00 EDT,42.14928,-78.90096,1473,82.2,81.1,84.0,56.1,65.0,0.000,0.028,0.00,0.000,8.4,12.6,1.8,245,14,9.4,14.1,2.0,252,12,8.4,12.6,1.8,245,14,806,28.58,,0,0,0,68.9,67.5,66.6,0.22,0.24,0.20
RAND,2017-08-21 13:25:00 EDT,42.14928,-78.90096,1473,82.2,81.1,83.8,55.1,64.5,0.000,0.028,0.00,0.000,11.7,20.7,3.0,222,17,12.6,21.9,3.2,226,19,11.7,20.7,3.0,222,17,796,28.58,,0,0,0,68.9,67.5,66.6,0.22,0.23,0.20
RAND,2017-08-21 13:30:00 EDT,42.14928,-78.90096,1473,81.8,80.7,83.2,54.5,63.8,0.000,0.028,0.00,0.000,7.3,10.5,1.5,238,26,7.9,11.7,1.6,243,26,7.3,10.5,1.5,238,26,761,28.58,,0,0,0,69.0,67.5,66.6,0.22,0.23,0.20
RAND,2017-08-21 13:35:00 EDT,42.14928,-78.90096,1473,82.0,81.1,83.4,53.9,63.7,0.000,0.028,0.00,0.000,10.3,16.6,2.2,241,19,11.2,20.2,2.5,247,17,10.3,16.6,2.2,241,19,760,28.58,,0,0,0,69.2,67.5,66.6,0.22,0.23,0.20
RAND,2017-08-21 13:40:00 EDT,42.14928,-78.90096,1473,81.9,81.0,83.3,53.6,63.5,0.000,0.028,0.00,0.000,12.8,16.8,1.7,213,8,13.4,17.1,1.7,216,7,12.8,16.8,1.7,213,8,708,28.58,,0,0,0,69.3,67.5,66.6,0.22,0.23,0.20
RAND,2017-08-21 13:45:00 EDT,42.14928,-78.90096,1473,81.6,80.9,82.9,53.5,63.1,0.000,0.028,0.00,0.000,10.6,16.2,2.7,216,13,11.2,17.1,2.7,220,12,10.6,16.2,2.7,216,13,621,28.58,,0,0,0,69.3,67.5,66.5,0.22,0.23,0.20
RAND,2017-08-21 13:50:00 EDT,42.14928,-78.90096,1473,82.0,81.3,83.4,54.1,63.8,0.000,0.028,0.00,0.000,8.3,13.2,1.9,226,13,8.9,13.6,2.0,231,13,8.3,13.2,1.9,226,13,611,28.57,,0,0,0,69.3,67.5,66.5,0.22,0.23,0.20
RAND,2017-08-21 13:55:00 EDT,42.14928,-78.90096,1473,82.0,81.4,83.3,53.3,63.4,0.000,0.028,0.00,0.000,7.5,13.5,2.2,232,16,8.1,14.5,2.5,236,14,7.5,13.5,2.2,232,16,541,28.58,,0,0,0,69.3,67.5,66.5,0.22,0.23,0.20
RAND,2017-08-21 14:00:00 EDT,42.14928,-78.90096,1473,81.4,81.0,82.6,53.1,62.7,0.000,0.028,0.00,0.000,8.4,12.6,1.9,227,11,9.0,13.2,1.7,233,12,8.4,12.6,1.9,227,11,301,28.58,,0,0,0,69.3,67.5,66.6,0.22,0.23,0.20
RAND,2017-08-21 14:05:00 EDT,42.14928,-78.90096,1473,80.6,80.5,81.8,54.2,62.5,0.000,0.028,0.00,0.000,7.2,11.8,1.5,224,13,7.7,11.8,1.5,228,12,7.2,11.8,1.5,224,13,263,28.58,,0,0,0,69.5,67.5,66.6,0.22,0.23,0.20
RAND,2017-08-21 14:10:00 EDT,42.14928,-78.90096,1473,80.4,80.3,81.5,52.7,61.6,0.000,0.028,0.00,0.000,9.2,12.1,1.3,239,12,9.8,13.5,1.6,243,12,9.2,12.1,1.3,239,12,338,28.58,,0,0,0,69.6,67.5,66.6,0.22,0.23,0.20
RAND,2017-08-21 14:15:00 EDT,42.14928,-78.90096,1473,80.5,80.3,81.9,55.6,63.2,0.000,0.028,0.00,0.000,6.2,10.2,1.2,235,16,6.9,11.3,1.4,241,16,6.2,10.2,1.2,235,16,300,28.57,,0,0,0,69.6,67.5,66.5,0.22,0.23,0.20
RAND,2017-08-21 14:20:00 EDT,42.14928,-78.90096,1473,80.2,80.1,81.6,55.6,62.9,0.000,0.028,0.00,0.000,6.6,9.9,1.2,230,15,7.3,10.3,1.3,237,16,6.6,9.9,1.2,230,15,270,28.57,,0,0,0,69.6,67.5,66.5,0.22,0.23,0.20
RAND,2017-08-21 14:25:00 EDT,42.14928,-78.90096,1473,80.0,80.0,81.3,54.6,62.2,0.000,0.028,0.00,0.000,7.9,11.8,1.5,233,12,8.6,12.4,1.5,238,13,7.9,11.8,1.5,233,12,244,28.57,,0,0,0,69.6,67.5,66.4,0.22,0.23,0.20
RAND,2017-08-21 14:30:00 EDT,42.14928,-78.90096,1473,79.4,79.6,79.4,56.7,62.7,0.000,0.028,0.00,0.000,6.4,9.6,1.3,230,11,7.1,10.0,1.4,235,10,6.4,9.6,1.3,230,11,201,28.57,,0,0,0,69.7,67.5,66.5,0.23,0.23,0.20
RAND,2017-08-21 14:35:00 EDT,42.14928,-78.90096,1473,79.2,79.2,79.2,56.1,62.2,0.000,0.028,0.00,0.000,6.0,8.6,1.0,231,8,6.4,9.0,1.1,236,8,6.0,8.6,1.0,231,8,174,28.57,,0,0,0,69.9,67.5,66.4,0.22,0.23,0.20
RAND,2017-08-21 14:40:00 EDT,42.14928,-78.90096,1473,78.6,78.9,78.6,58.2,62.7,0.000,0.028,0.00,0.000,4.8,7.2,0.6,227,10,5.1,7.3,0.7,232,8,4.8,7.2,0.6,227,10,171,28.57,,0,0,0,70.0,67.5,66.5,0.22,0.23,0.20
RAND,2017-08-21 14:45:00 EDT,42.14928,-78.90096,1473,78.6,78.7,78.6,58.4,62.7,0.000,0.028,0.00,0.000,4.6,7.3,1.0,225,11,4.9,7.7,1.2,229,9,4.6,7.3,1.0,225,11,193,28.57,,0,0,0,70.0,67.5,66.5,0.22,0.23,0.20
RAND,2017-08-21 14:50:00 EDT,42.14928,-78.90096,1473,78.4,78.6,78.4,59.2,63.0,0.000,0.028,0.00,0.000,4.2,6.9,0.8,221,8,4.5,6.9,0.8,226,7,4.2,6.9,0.8,221,8,114,28.57,,0,0,0,70.0,67.5,66.4,0.22,0.23,0.20
RAND,2017-08-21 14:55:00 EDT,42.14928,-78.90096,1473,78.1,78.4,78.1,60.4,63.3,0.000,0.028,0.00,0.000,4.2,6.6,0.9,221,13,4.5,6.8,0.9,227,12,4.2,6.6,0.9,221,13,114,28.57,,0,0,0,70.0,67.5,66.4,0.22,0.23,0.20
RAND,2017-08-21 15:00:00 EDT,42.14928,-78.90096,1473,78.6,78.6,78.6,59.5,63.4,0.000,0.028,0.00,0.000,4.0,6.0,0.7,225,10,4.4,6.5,0.9,232,9,4.0,6.0,0.7,225,10,323,28.57,,0,0,0,70.0,67.5,66.4,0.22,0.23,0.20
RAND,2017-08-21 15:05:00 EDT,42.14928,-78.90096,1473,79.4,79.0,79.4,58.2,63.4,0.000,0.028,0.00,0.000,4.0,5.8,0.9,222,13,4.5,6.5,1.0,228,13,4.0,5.8,0.9,222,13,384,28.56,,0,0,0,70.0,67.5,66.4,0.22,0.23,0.20
RAND,2017-08-21 15:10:00 EDT,42.14928,-78.90096,1473,79.5,79.1,79.5,57.7,63.3,0.000,0.028,0.00,0.000,3.6,5.3,0.8,224,15,3.9,6.3,0.9,229,15,3.6,5.3,0.8,224,15,318,28.56,,0,0,0,70.0,67.5,66.4,0.22,0.23,0.20
RAND,2017-08-21 15:15:00 EDT,42.14928,-78.90096,1473,80.0,79.4,80.0,55.8,62.7,0.000,0.028,0.00,0.000,5.9,10.1,1.7,225,12,6.4,10.3,1.8,229,12,5.9,10.1,1.7,225,12,509,28.56,,0,0,0,70.2,67.5,66.4,0.22,0.23,0.20
RAND,2017-08-21 15:20:00 EDT,42.14928,-78.90096,1473,80.3,79.8,81.7,56.2,63.3,0.000,0.028,0.00,0.000,6.2,8.0,1.0,240,14,6.9,9.0,1.1,244,15,6.2,8.0,1.0,240,14,369,28.56,,0,0,0,70.3,67.5,66.4,0.22,0.23,0.20
RAND,2017-08-21 15:25:00 EDT,42.14928,-78.90096,1473,80.7,80.0,82.1,56.1,63.6,0.000,0.028,0.00,0.000,6.1,10.2,1.8,234,14,6.7,11.1,2.0,242,13,6.1,10.2,1.8,234,14,567,28.56,,0,0,0,70.3,67.5,66.4,0.22,0.23,0.20
RAND,2017-08-21 15:30:00 EDT,42.14928,-78.90096,1473,81.1,80.3,82.5,55.6,63.7,0.000,0.028,0.00,0.000,7.0,10.0,1.3,247,9,7.8,11.2,1.4,252,9,7.0,10.0,1.3,247,9,604,28.56,,0,0,0,70.3,67.5,66.4,0.22,0.23,0.20
RAND,2017-08-21 15:35:00 EDT,42.14928,-78.90096,1473,81.6,80.5,83.2,55.9,64.3,0.000,0.028,0.00,0.000,6.3,9.1,1.4,259,18,6.9,9.8,1.5,264,18,6.3,9.1,1.4,259,18,646,28.56,,0,0,0,70.3,67.5,66.4,0.22,0.23,0.20
RAND,2017-08-21 15:40:00 EDT,42.14928,-78.90096,1473,81.3,80.3,82.6,54.3,63.2,0.000,0.028,0.00,0.000,6.3,8.8,1.4,253,8,7.0,9.7,1.5,259,7,6.3,8.8,1.4,253,8,620,28.56,,0,0,0,70.3,67.5,66.4,0.22,0.23,0.20
RAND,2017-08-21 15:45:00 EDT,42.14928,-78.90096,1473,81.4,80.4,82.9,55.2,63.8,0.000,0.028,0.00,0.000,6.6,10.2,1.5,256,12,7.3,10.9,1.6,262,10,6.6,10.2,1.5,256,12,622,28.56,,0,0,0,70.3,67.5,66.4,0.22,0.23,0.20
RAND,2017-08-21 15:50:00 EDT,42.14928,-78.90096,1473,81.4,80.5,82.9,55.4,63.9,0.000,0.028,0.00,0.000,6.1,9.7,1.6,252,14,6.7,11.0,1.6,257,13,6.1,9.7,1.6,252,14,647,28.55,,0,0,0,70.3,67.5,66.4,0.22,0.23,0.20
RAND,2017-08-21 15:55:00 EDT,42.14928,-78.90096,1473,81.9,80.8,83.8,57.7,65.5,0.000,0.028,0.00,0.000,6.9,10.0,1.6,237,14,7.7,10.9,1.6,243,14,6.9,10.0,1.6,237,14,639,28.56,,0,0,0,70.3,67.5,66.4,0.22,0.23,0.20
RAND,2017-08-21 16:00:00 EDT,42.14928,-78.90096,1473,81.8,80.8,83.7,57.5,65.3,0.000,0.028,0.00,0.000,6.8,9.9,1.9,242,19,7.6,11.3,1.7,247,19,6.8,9.9,1.9,242,19,651,28.56,,0,0,0,70.3,67.5,66.4,0.22,0.23,0.20
RAND,2017-08-21 16:05:00 EDT,42.14928,-78.90096,1473,81.6,80.6,83.5,57.4,65.1,0.000,0.028,0.00,0.000,7.6,10.4,1.1,254,12,8.3,11.0,1.2,259,11,7.6,10.4,1.1,254,12,655,28.55,,0,0,0,70.3,67.5,66.4,0.22,0.23,0.20
RAND,2017-08-21 16:10:00 EDT,42.14928,-78.90096,1473,81.7,80.5,83.8,59.2,66.0,0.000,0.028,0.00,0.000,5.7,10.6,1.8,242,11,6.4,11.5,1.8,247,10,5.7,10.6,1.8,242,11,645,28.55,,0,0,0,70.3,67.5,66.4,0.22,0.23,0.20
RAND,2017-08-21 16:15:00 EDT,42.14928,-78.90096,1473,81.8,80.8,84.1,59.7,66.4,0.000,0.028,0.00,0.000,5.1,7.7,1.3,231,20,5.6,8.9,1.4,237,19,5.1,7.7,1.3,231,20,657,28.55,,0,0,0,70.4,67.5,66.4,0.22,0.23,0.20
RAND,2017-08-21 16:20:00 EDT,42.14928,-78.90096,1473,82.0,80.9,84.4,59.8,66.6,0.000,0.028,0.00,0.000,6.1,11.8,2.3,269,14,6.8,13.1,2.5,273,13,6.1,11.8,2.3,269,14,596,28.56,,0,0,0,70.5,67.5,66.4,0.22,0.23,0.20
RAND,2017-08-21 16:25:00 EDT,42.14928,-78.90096,1473,81.7,80.6,84.0,59.8,66.4,0.000,0.028,0.00,0.000,4.0,12.6,2.6,271,23,4.7,13.4,2.8,274,23,4.0,12.6,2.6,271,23,475,28.55,,0,0,0,70.6,67.5,66.4,0.22,0.23,0.20
RAND,2017-08-21 16:30:00 EDT,42.14928,-78.90096,1473,80.8,80.1,82.4,57.5,64.4,0.000,0.028,0.00,0.000,4.1,7.9,1.1,219,14,4.3,8.6,1.2,226,14,4.1,7.9,1.1,219,14,331,28.55,,0,0,0,70.7,67.5,66.4,0.22,0.23,0.20
RAND,2017-08-21 16:35:00 EDT,42.14928,-78.90096,1473,81.4,80.6,83.7,60.6,66.5,0.000,0.028,0.00,0.000,3.8,6.4,1.0,243,25,4.5,7.2,1.0,249,24,3.8,6.4,1.0,243,25,360,28.55,,0,0,0,70.7,67.5,66.4,0.22,0.23,0.20
RAND,2017-08-21 16:40:00 EDT,42.14928,-78.90096,1473,80.6,80.0,82.7,61.8,66.2,0.000,0.028,0.00,0.000,3.3,6.0,1.1,275,27,4.0,6.7,1.1,280,28,3.3,6.0,1.1,275,27,257,28.55,,0,0,0,70.7,67.5,66.4,0.22,0.23,0.20
RAND,2017-08-21 16:45:00 EDT,42.14928,-78.90096,1473,80.1,79.8,82.2,61.9,65.9,0.000,0.028,0.00,0.000,4.4,6.1,0.9,261,30,5.0,7.0,1.0,268,29,4.4,6.1,0.9,261,30,174,28.55,,0,0,0,70.7,67.5,66.4,0.22,0.23,0.20
RAND,2017-08-21 16:50:00 EDT,42.14928,-78.90096,1473,79.5,79.2,79.5,64.9,66.6,0.000,0.028,0.00,0.000,3.3,5.6,0.9,317,31,3.7,7.1,1.2,322,32,3.3,5.6,0.9,317,31,127,28.56,,0,0,0,70.7,67.5,66.4,0.22,0.23,0.20
RAND,2017-08-21 16:55:00 EDT,42.14928,-78.90096,1473,79.1,79.0,79.1,66.9,67.2,0.000,0.028,0.00,0.000,1.7,3.4,0.7,336,34,2.0,3.2,0.6,344,31,1.7,3.4,0.7,336,34,120,28.56,,0,0,0,70.7,67.5,66.4,0.22,0.23,0.20
RAND,2017-08-21 17:00:00 EDT,42.14928,-78.90096,1473,79.5,78.8,79.5,67.8,67.9,0.000,0.028,0.00,0.000,0.6,1.5,0.4,43,13,1.1,2.0,0.4,42,21,0.6,1.5,0.4,43,13,133,28.55,,0,0,0,70.7,67.5,66.4,0.22,0.23,0.20
RAND,2017-08-21 17:05:00 EDT,42.14928,-78.90096,1473,78.9,78.3,78.9,72.2,69.1,0.000,0.028,0.00,0.000,1.6,3.0,0.6,14,13,2.0,3.5,0.7,16,13,1.6,3.0,0.6,14,13,375,28.55,,0,0,0,70.7,67.5,66.4,0.22,0.23,0.20
RAND,2017-08-21 17:10:00 EDT,42.14928,-78.90096,1473,80.7,79.4,83.8,67.5,69.0,0.000,0.028,0.00,0.000,1.1,2.6,0.6,66,43,1.5,2.5,0.5,62,42,1.1,2.6,0.6,66,43,343,28.55,,0,0,0,70.7,67.5,66.4,0.22,0.23,0.20
RAND,2017-08-21 17:15:00 EDT,42.14928,-78.90096,1473,79.9,79.4,79.9,64.9,67.1,0.000,0.028,0.00,0.000,1.4,3.7,1.2,169,26,1.9,4.5,1.2,180,34,1.4,3.7,1.2,169,26,175,28.55,,0,0,0,70.7,67.5,66.4,0.22,0.23,0.20
RAND,2017-08-21 17:20:00 EDT,42.14928,-78.90096,1473,80.5,79.9,83.0,64.4,67.4,0.000,0.028,0.00,0.000,4.3,6.6,0.9,241,20,4.9,7.1,1.1,248,19,4.3,6.6,0.9,241,20,528,28.55,,0,0,0,70.7,67.5,66.4,0.22,0.23,0.20
RAND,2017-08-21 17:25:00 EDT,42.14928,-78.90096,1473,81.2,80.4,83.5,60.4,66.2,0.000,0.028,0.00,0.000,4.4,6.3,1.0,254,15,5.0,7.1,1.0,260,13,4.4,6.3,1.0,254,15,395,28.55,,0,0,0,70.7,67.5,66.4,0.22,0.23,0.20
RAND,2017-08-21 17:30:00 EDT,42.14928,-78.90096,1473,80.1,79.9,82.1,61.0,65.5,0.000,0.028,0.00,0.000,5.8,7.5,1.1,270,10,6.4,9.2,1.2,275,9,5.8,7.5,1.1,270,10,106,28.55,,0,0,0,70.7,67.5,66.4,0.22,0.23,0.20
RAND,2017-08-21 17:35:00 EDT,42.14928,-78.90096,1473,79.7,79.6,79.7,63.4,66.2,0.000,0.028,0.00,0.000,4.4,6.1,0.7,258,8,4.9,7.2,0.8,263,8,4.4,6.1,0.7,258,8,186,28.55,,0,0,0,70.7,67.5,66.4,0.22,0.23,0.20
RAND,2017-08-21 17:40:00 EDT,42.14928,-78.90096,1473,80.1,79.8,82.3,62.9,66.4,0.000,0.028,0.00,0.000,3.8,5.6,0.8,254,13,4.3,6.0,0.9,259,12,3.8,5.6,0.8,254,13,214,28.55,,0,0,0,70.7,67.5,66.4,0.22,0.23,0.20
RAND,2017-08-21 17:45:00 EDT,42.14928,-78.90096,1473,80.0,79.8,80.0,63.0,66.2,0.000,0.028,0.00,0.000,4.5,6.6,0.8,240,9,5.1,7.9,0.8,246,9,4.5,6.6,0.8,240,9,176,28.55,,0,0,0,70.8,67.5,66.4,0.22,0.23,0.20
RAND,2017-08-21 17:50:00 EDT,42.14928,-78.90096,1473,80.4,80.0,82.6,62.0,66.2,0.000,0.028,0.00,0.000,4.8,6.9,0.9,245,15,5.4,7.1,0.9,251,14,4.8,6.9,0.9,245,15,400,28.55,,0,0,0,70.8,67.6,66.4,0.22,0.23,0.20
RAND,2017-08-21 17:55:00 EDT,42.14928,-78.90096,1473,80.7,80.2,82.9,61.3,66.2,0.000,0.028,0.00,0.000,5.4,7.7,1.1,244,12,6.0,8.7,1.3,251,13,5.4,7.7,1.1,244,12,288,28.55,,0,0,0,70.9,67.6,66.4,0.22,0.23,0.20
RAND,2017-08-21 18:00:00 EDT,42.14928,-78.90096,1473,80.7,80.3,82.8,61.2,66.1,0.000,0.028,0.00,0.000,7.3,11.6,2.1,246,10,8.0,12.9,2.3,251,9,7.3,11.6,2.1,246,10,311,28.55,,0,0,0,71.0,67.6,66.4,0.22,0.23,0.20
RAND,2017-08-21 18:05:00 EDT,42.14928,-78.90096,1473,80.1,79.9,82.1,61.1,65.5,0.000,0.028,0.00,0.000,7.5,10.6,1.2,229,11,8.1,10.6,1.1,234,11,7.5,10.6,1.2,229,11,121,28.55,,0,0,0,71.1,67.7,66.4,0.22,0.23,0.20
RAND,2017-08-21 18:10:00 EDT,42.14928,-78.90096,1473,79.6,79.6,79.6,61.1,65.0,0.000,0.028,0.00,0.000,5.3,8.0,1.2,235,10,5.8,9.3,1.3,240,11,5.3,8.0,1.2,235,10,121,28.54,,0,0,0,71.0,67.8,66.4,0.22,0.23,0.20
RAND,2017-08-21 18:15:00 EDT,42.14928,-78.90096,1473,79.5,79.5,79.5,62.2,65.5,0.000,0.028,0.00,0.000,4.9,7.5,0.9,241,12,5.5,9.0,1.0,247,12,4.9,7.5,0.9,241,12,242,28.54,,0,0,0,71.1,67.8,66.4,0.22,0.23,0.20
RAND,2017-08-21 18:20:00 EDT,42.14928,-78.90096,1473,80.4,80.0,82.4,61.2,65.8,0.000,0.028,0.00,0.000,5.3,7.3,0.8,222,9,5.7,7.4,0.8,228,9,5.3,7.3,0.8,222,9,297,28.54,,0,0,0,71.0,67.8,66.4,0.22,0.23,0.20
RAND,2017-08-21 18:25:00 EDT,42.14928,-78.90096,1473,80.5,80.1,82.6,61.9,66.2,0.000,0.028,0.00,0.000,6.0,8.5,1.2,226,11,6.4,8.9,1.2,231,11,6.0,8.5,1.2,226,11,270,28.54,,0,0,0,71.1,67.8,66.4,0.22,0.23,0.20
RAND,2017-08-21 18:30:00 EDT,42.14928,-78.90096,1473,80.2,79.9,82.4,62.8,66.4,0.000,0.028,0.00,0.000,5.1,8.1,1.3,232,11,5.7,8.9,1.3,238,11,5.1,8.1,1.3,232,11,232,28.54,,0,0,0,71.1,67.8,66.4,0.22,0.23,0.20
RAND,2017-08-21 18:35:00 EDT,42.14928,-78.90096,1473,80.1,79.8,82.2,62.1,65.9,0.000,0.028,0.00,0.000,6.2,8.0,1.0,244,8,6.9,9.5,1.1,249,8,6.2,8.0,1.0,244,8,215,28.54,,0,0,0,71.1,67.8,66.4,0.22,0.23,0.20
RAND,2017-08-21 18:40:00 EDT,42.14928,-78.90096,1473,79.9,79.8,79.9,62.7,66.1,0.000,0.028,0.00,0.000,5.6,8.1,1.1,241,12,6.1,8.7,1.1,247,12,5.6,8.1,1.1,241,12,187,28.55,,0,0,0,71.1,67.8,66.4,0.22,0.23,0.20
RAND,2017-08-21 18:45:00 EDT,42.14928,-78.90096,1473,79.4,79.4,79.4,64.2,66.3,0.000,0.028,0.00,0.000,5.1,7.0,0.8,243,8,5.8,7.6,0.9,249,8,5.1,7.0,0.8,243,8,115,28.55,,0,0,0,71.1,67.8,66.4,0.22,0.23,0.20
RAND,2017-08-21 18:50:00 EDT,42.14928,-78.90096,1473,79.0,79.0,79.0,65.5,66.4,0.000,0.028,0.00,0.000,4.5,6.3,0.8,244,10,5.0,7.3,1.0,250,9,4.5,6.3,0.8,244,10,105,28.54,,0,0,0,71.1,67.8,66.4,0.22,0.23,0.20
RAND,2017-08-21 18:55:00 EDT,42.14928,-78.90096,1473,77.7,77.9,77.7,69.5,66.9,0.000,0.028,0.00,0.000,2.1,4.8,1.6,252,22,2.9,5.8,1.5,267,34,2.1,4.8,1.6,252,22,116,28.54,,0,0,0,71.1,67.8,66.4,0.22,0.23,0.20
RAND,2017-08-21 19:00:00 EDT,42.14928,-78.90096,1473,75.2,76.7,75.2,75.1,66.8,0.000,0.028,0.00,0.000,0.5,1.8,0.5,349,25,1.2,2.9,0.5,352,31,0.5,1.8,0.5,349,25,105,28.54,,0,0,0,71.1,67.8,66.4,0.22,0.23,0.20
RAND,2017-08-21 19:05:00 EDT,42.14928,-78.90096,1473,74.3,76.5,74.3,78.5,67.2,0.000,0.028,0.00,0.000,1.5,2.2,0.3,25,8,1.9,2.8,0.3,28,10,1.5,2.2,0.3,25,8,63,28.54,,0,0,0,71.1,67.8,66.4,0.22,0.23,0.20
RAND,2017-08-21 19:10:00 EDT,42.14928,-78.90096,1473,73.5,76.3,73.5,81.1,67.4,0.000,0.028,0.00,0.000,2.0,2.6,0.3,25,7,2.3,3.0,0.3,28,8,2.0,2.6,0.3,25,7,63,28.54,,0,0,0,71.1,67.8,66.4,0.22,0.23,0.20
RAND,2017-08-21 19:15:00 EDT,42.14928,-78.90096,1473,73.2,75.8,73.2,81.9,67.4,0.000,0.028,0.00,0.000,2.3,3.4,0.4,11,8,2.8,3.9,0.5,14,7,2.3,3.4,0.4,11,8,48,28.54,,0,0,0,71.1,67.8,66.4,0.22,0.23,0.20
RAND,2017-08-21 19:20:00 EDT,42.14928,-78.90096,1473,72.8,74.8,72.8,83.1,67.4,0.000,0.028,0.00,0.000,3.2,5.2,0.6,11,7,3.9,5.8,0.5,13,6,3.2,5.2,0.6,11,7,67,28.54,,0,0,0,71.1,67.8,66.4,0.22,0.23,0.20
RAND,2017-08-21 19:25:00 EDT,42.14928,-78.90096,1473,73.2,74.6,73.2,81.9,67.3,0.000,0.028,0.00,0.000,5.1,6.0,0.4,16,4,5.5,6.4,0.4,18,3,5.1,6.0,0.4,16,4,72,28.54,,0,0,0,71.1,67.8,66.4,0.22,0.23,0.20
RAND,2017-08-21 19:30:00 EDT,42.14928,-78.90096,1473,73.4,74.4,73.4,80.7,67.1,0.000,0.028,0.00,0.000,4.9,5.8,0.6,17,7,5.3,6.7,0.6,20,7,4.9,5.8,0.6,17,7,55,28.54,,0,0,0,71.1,67.8,66.4,0.22,0.23,0.20
RAND,2017-08-21 19:35:00 EDT,42.14928,-78.90096,1473,72.9,73.7,72.9,81.8,67.1,0.000,0.028,0.00,0.000,4.1,5.1,0.4,20,7,4.4,6.0,0.5,24,8,4.1,5.1,0.4,20,7,36,28.54,,0,0,0,71.1,67.8,66.4,0.22,0.23,0.20
RAND,2017-08-21 19:40:00 EDT,42.14928,-78.90096,1473,72.7,73.8,72.7,82.0,66.9,0.000,0.028,0.00,0.000,5.0,5.8,0.4,16,5,5.5,7.1,0.5,18,4,5.0,5.8,0.4,16,5,26,28.54,,0,0,0,71.1,67.8,66.4,0.22,0.23,0.20
RAND,2017-08-21 19:45:00 EDT,42.14928,-78.90096,1473,72.0,73.4,72.0,83.2,66.6,0.000,0.028,0.00,0.000,4.9,5.9,0.6,19,7,5.3,6.4,0.6,22,7,4.9,5.9,0.6,19,7,20,28.54,,0,0,0,71.1,67.8,66.4,0.22,0.23,0.20
RAND,2017-08-21 19:50:00 EDT,42.14928,-78.90096,1473,71.5,72.9,71.5,85.1,66.8,0.000,0.028,0.00,0.000,4.9,6.1,0.5,18,6,5.4,6.6,0.6,21,5,4.9,6.1,0.5,18,6,15,28.53,,0,0,0,71.1,67.8,66.4,0.22,0.23,0.20
RAND,2017-08-21 19:55:00 EDT,42.14928,-78.90096,1473,71.5,72.9,71.5,85.0,66.8,0.000,0.028,0.00,0.000,5.4,6.6,0.7,15,7,5.9,7.2,0.7,17,6,5.4,6.6,0.7,15,7,12,28.54,,0,0,0,71.1,67.8,66.4,0.22,0.23,0.20
RAND,2017-08-21 20:00:00 EDT,42.14928,-78.90096,1473,71.4,72.4,71.4,84.7,66.6,0.000,0.028,0.00,0.000,5.4,6.4,0.8,24,7,5.8,6.9,0.8,27,7,5.4,6.4,0.8,24,7,7,28.54,,0,0,0,71.1,67.8,66.4,0.22,0.23,0.20
RAND,2017-08-21 20:05:00 EDT,42.14928,-78.90096,1473,70.8,71.5,70.8,87.2,66.8,0.000,0.028,0.00,0.000,4.8,6.1,0.6,31,6,5.1,6.4,0.7,34,6,4.8,6.1,0.6,31,6,3,28.54,,0,0,0,71.1,67.8,66.4,0.22,0.23,0.20
RAND,2017-08-21 20:10:00 EDT,42.14928,-78.90096,1473,70.3,71.3,70.3,88.1,66.6,0.000,0.028,0.00,0.000,5.6,7.5,0.9,20,6,6.1,8.0,1.0,22,5,5.6,7.5,0.9,20,6,2,28.53,,0,0,0,71.1,67.8,66.4,0.22,0.23,0.20
RAND,2017-08-21 20:15:00 EDT,42.14928,-78.90096,1473,70.5,71.4,70.5,87.9,66.7,0.000,0.028,0.00,0.000,6.4,7.5,0.4,20,4,6.9,8.2,0.5,22,4,6.4,7.5,0.4,20,4,2,28.53,,0,0,0,71.1,67.8,66.4,0.22,0.23,0.20
RAND,2017-08-21 20:20:00 EDT,42.14928,-78.90096,1473,70.1,71.1,70.1,87.7,66.3,0.000,0.028,0.00,0.000,6.5,7.2,0.3,22,3,6.9,7.7,0.4,25,3,6.5,7.2,0.3,22,3,1,28.53,,0,0,0,71.0,67.8,66.4,0.22,0.23,0.20
RAND,2017-08-21 20:25:00 EDT,42.14928,-78.90096,1473,69.8,70.6,69.8,88.6,66.3,0.000,0.028,0.00,0.000,6.0,7.3,0.7,23,5,6.4,7.9,0.8,25,5,6.0,7.3,0.7,23,5,1,28.54,,0,0,0,71.1,67.8,66.5,0.22,0.23,0.20
RAND,2017-08-21 20:30:00 EDT,42.14928,-78.90096,1473,69.5,70.0,69.5,89.7,66.3,0.000,0.028,0.00,0.000,5.2,7.2,0.9,31,10,5.6,7.8,1.0,34,8,5.2,7.2,0.9,31,10,1,28.54,,0,0,0,71.1,67.8,66.4,0.22,0.23,0.20
RAND,2017-08-21 20:35:00 EDT,42.14928,-78.90096,1473,69.2,69.7,69.2,90.5,66.3,0.000,0.028,0.00,0.000,5.0,6.4,0.9,42,10,5.1,6.4,0.8,47,9,5.0,6.4,0.9,42,10,1,28.54,,0,0,0,71.1,67.8,66.4,0.22,0.23,0.20
RAND,2017-08-21 20:40:00 EDT,42.14928,-78.90096,1473,69.1,69.7,69.1,90.0,66.1,0.000,0.028,0.00,0.000,6.0,7.2,0.6,20,7,6.4,7.5,0.6,23,7,6.0,7.2,0.6,20,7,1,28.54,,0,0,0,71.1,67.8,66.4,0.22,0.23,0.20
RAND,2017-08-21 20:45:00 EDT,42.14928,-78.90096,1473,69.2,69.9,69.2,90.2,66.2,0.000,0.028,0.00,0.000,5.8,7.5,0.9,15,6,6.3,7.9,0.9,17,5,5.8,7.5,0.9,15,6,1,28.54,,0,0,0,71.1,67.8,66.5,0.22,0.23,0.20
RAND,2017-08-21 20:50:00 EDT,42.14928,-78.90096,1473,68.9,69.4,68.9,90.3,65.9,0.000,0.028,0.00,0.000,5.7,6.9,0.7,28,8,6.0,7.6,0.8,32,7,5.7,6.9,0.7,28,8,1,28.54,,0,0,0,71.0,67.8,66.4,0.22,0.23,0.20
RAND,2017-08-21 20:55:00 EDT,42.14928,-78.90096,1473,68.8,69.5,68.8,90.5,65.9,0.000,0.028,0.00,0.000,6.4,7.2,0.5,19,4,6.8,7.8,0.6,22,3,6.4,7.2,0.5,19,4,1,28.54,,0,0,0,70.9,67.8,66.4,0.22,0.23,0.20
RAND,2017-08-21 21:00:00 EDT,42.14928,-78.90096,1473,68.8,69.8,68.8,89.7,65.7,0.000,0.028,0.00,0.000,6.1,7.2,0.6,17,4,6.5,7.6,0.7,20,4,6.1,7.2,0.6,17,4,0,28.54,,0,0,0,70.9,67.8,66.5,0.22,0.23,0.20
RAND,2017-08-21 21:05:00 EDT,42.14928,-78.90096,1473,68.3,69.0,68.3,90.0,65.2,0.000,0.028,0.00,0.000,4.6,6.4,1.0,31,16,5.1,6.9,1.2,33,15,4.6,6.4,1.0,31,16,0,28.54,,0,0,0,70.8,67.8,66.5,0.22,0.23,0.20
RAND,2017-08-21 21:10:00 EDT,42.14928,-78.90096,1473,67.9,68.3,67.9,91.2,65.3,0.000,0.028,0.00,0.000,4.8,6.2,0.6,34,14,5.1,7.4,0.8,38,13,4.8,6.2,0.6,34,14,0,28.55,,0,0,0,70.8,67.8,66.4,0.22,0.23,0.20
RAND,2017-08-21 21:15:00 EDT,42.14928,-78.90096,1473,67.7,68.5,67.7,92.1,65.3,0.000,0.028,0.00,0.000,4.9,5.8,0.6,32,14,5.2,6.3,0.7,36,13,4.9,5.8,0.6,32,14,0,28.55,,0,0,0,70.7,67.8,66.5,0.22,0.23,0.20
RAND,2017-08-21 21:20:00 EDT,42.14928,-78.90096,1473,67.6,69.0,67.6,92.2,65.3,0.000,0.028,0.00,0.000,5.2,6.7,1.0,20,6,5.5,7.3,1.0,23,8,5.2,6.7,1.0,20,6,0,28.55,,0,0,0,70.7,67.8,66.5,0.22,0.23,0.20
RAND,2017-08-21 21:25:00 EDT,42.14928,-78.90096,1473,67.9,69.3,67.9,91.6,65.4,0.000,0.028,0.00,0.000,5.8,6.8,0.6,19,4,6.2,7.2,0.6,22,4,5.8,6.8,0.6,19,4,0,28.55,,0,0,0,70.7,67.8,66.5,0.22,0.23,0.20
RAND,2017-08-21 21:30:00 EDT,42.14928,-78.90096,1473,67.5,68.3,67.5,92.0,65.1,0.000,0.028,0.00,0.000,5.6,6.3,0.5,27,5,6.0,7.4,0.5,30,5,5.6,6.3,0.5,27,5,0,28.55,,0,0,0,70.7,67.8,66.5,0.22,0.23,0.20
RAND,2017-08-21 21:35:00 EDT,42.14928,-78.90096,1473,67.7,68.1,67.7,92.2,65.4,0.000,0.028,0.00,0.000,5.5,7.0,0.7,25,8,6.0,7.4,0.8,28,7,5.5,7.0,0.7,25,8,0,28.55,,0,0,0,70.7,67.8,66.5,0.22,0.23,0.20
RAND,2017-08-21 21:40:00 EDT,42.14928,-78.90096,1473,67.6,67.8,67.6,91.7,65.0,0.000,0.028,0.00,0.000,4.7,6.4,0.8,34,12,4.9,6.6,0.8,37,10,4.7,6.4,0.8,34,12,0,28.55,,0,0,0,70.7,67.8,66.6,0.22,0.23,0.20
RAND,2017-08-21 21:45:00 EDT,42.14928,-78.90096,1473,67.4,67.7,67.4,91.3,64.8,0.000,0.028,0.00,0.000,4.3,6.7,1.2,41,20,4.6,7.9,1.3,45,20,4.3,6.7,1.2,41,20,0,28.55,,0,0,0,70.7,67.8,66.5,0.22,0.23,0.20
RAND,2017-08-21 21:50:00 EDT,42.14928,-78.90096,1473,67.0,67.6,67.0,92.0,64.6,0.000,0.028,0.00,0.000,1.7,2.4,0.2,85,15,2.1,3.0,0.3,90,15,1.7,2.4,0.2,85,15,0,28.55,,0,0,0,70.7,67.8,66.6,0.22,0.23,0.20
RAND,2017-08-21 21:55:00 EDT,42.14928,-78.90096,1473,68.2,68.7,68.2,90.3,65.2,0.000,0.028,0.00,0.000,1.6,3.1,0.9,49,27,2.1,4.0,0.8,58,32,1.6,3.1,0.9,49,27,0,28.55,,0,0,0,70.7,67.8,66.5,0.22,0.23,0.20
RAND,2017-08-21 22:00:00 EDT,42.14928,-78.90096,1473,67.0,67.8,67.0,90.7,64.2,0.000,0.028,0.00,0.000,2.4,2.9,0.3,27,5,2.5,3.4,0.4,31,6,2.4,2.9,0.3,27,5,0,28.55,,0,0,0,70.7,67.8,66.5,0.22,0.23,0.20
RAND,2017-08-21 22:05:00 EDT,42.14928,-78.90096,1473,67.0,68.1,67.0,92.1,64.6,0.000,0.028,0.00,0.000,2.9,4.1,0.6,29,6,3.1,4.6,0.7,33,6,2.9,4.1,0.6,29,6,0,28.55,,0,0,0,70.7,67.8,66.6,0.22,0.23,0.20
RAND,2017-08-21 22:10:00 EDT,42.14928,-78.90096,1473,65.9,67.3,65.9,93.4,63.9,0.000,0.028,0.00,0.000,4.0,4.6,0.3,30,7,4.2,4.9,0.4,34,8,4.0,4.6,0.3,30,7,0,28.55,,0,0,0,70.7,67.9,66.6,0.22,0.23,0.20
RAND,2017-08-21 22:15:00 EDT,42.14928,-78.90096,1473,66.1,67.8,66.1,94.4,64.4,0.000,0.028,0.00,0.000,4.6,5.3,0.3,31,4,4.7,5.6,0.5,37,5,4.6,5.3,0.3,31,4,0,28.55,,0,0,0,70.7,68.0,66.6,0.22,0.23,0.20
RAND,2017-08-21 22:20:00 EDT,42.14928,-78.90096,1473,66.7,68.4,66.7,93.5,64.8,0.000,0.028,0.00,0.000,3.3,4.4,0.9,16,13,3.7,5.1,0.8,20,9,3.3,4.4,0.9,16,13,0,28.55,,0,0,0,70.7,68.0,66.6,0.22,0.23,0.20
RAND,2017-08-21 22:25:00 EDT,42.14928,-78.90096,1473,66.2,67.3,66.2,92.6,63.9,0.000,0.028,0.00,0.000,3.8,5.0,0.6,40,15,4.0,5.4,0.7,44,15,3.8,5.0,0.6,40,15,0,28.55,,0,0,0,70.7,68.0,66.7,0.22,0.23,0.20
RAND,2017-08-21 22:30:00 EDT,42.14928,-78.90096,1473,65.4,66.8,65.4,94.0,63.6,0.000,0.028,0.00,0.000,3.0,3.9,0.4,52,21,3.3,4.7,0.6,56,21,3.0,3.9,0.4,52,21,0,28.55,,0,0,0,70.7,68.1,66.7,0.22,0.23,0.20
RAND,2017-08-21 22:35:00 EDT,42.14928,-78.90096,1473,65.8,67.6,65.8,94.5,64.2,0.000,0.028,0.00,0.000,2.8,4.2,0.8,30,20,3.0,4.9,0.9,33,18,2.8,4.2,0.8,30,20,0,28.55,,0,0,0,70.7,68.1,66.7,0.22,0.23,0.20
RAND,2017-08-21 22:40:00 EDT,42.14928,-78.90096,1473,67.3,68.5,67.3,92.7,65.1,0.000,0.028,0.00,0.000,1.4,3.5,0.8,32,27,2.0,3.8,0.8,34,28,1.4,3.5,0.8,32,27,0,28.55,,0,0,0,70.7,68.2,66.7,0.22,0.23,0.20
RAND,2017-08-21 22:45:00 EDT,42.14928,-78.90096,1473,65.8,68.3,65.8,92.6,63.6,0.000,0.028,0.00,0.000,1.2,2.0,0.4,356,17,1.8,3.3,0.4,358,17,1.2,2.0,0.4,356,17,0,28.54,,0,0,0,70.7,68.2,66.7,0.22,0.23,0.20
RAND,2017-08-21 22:50:00 EDT,42.14928,-78.90096,1473,65.0,66.3,65.0,94.1,63.3,0.000,0.028,0.00,0.000,2.3,3.5,0.6,44,17,2.6,4.4,0.8,47,15,2.3,3.5,0.6,44,17,0,28.54,,0,0,0,70.7,68.2,66.7,0.22,0.23,0.20
RAND,2017-08-21 22:55:00 EDT,42.14928,-78.90096,1473,65.0,66.3,65.0,95.5,63.7,0.000,0.028,0.00,0.000,1.9,3.0,0.6,28,23,2.2,3.7,0.6,32,24,1.9,3.0,0.6,28,23,0,28.54,,0,0,0,70.6,68.2,66.7,0.22,0.23,0.20
RAND,2017-08-21 23:00:00 EDT,42.14928,-78.90096,1473,65.4,67.8,65.4,95.9,64.2,0.000,0.028,0.00,0.000,1.0,2.8,0.9,148,44,1.5,3.6,0.7,148,58,1.0,2.8,0.9,148,44,0,28.54,,0,0,0,70.6,68.2,66.7,0.22,0.23,0.20
RAND,2017-08-21 23:05:00 EDT,42.14928,-78.90096,1473,65.5,67.0,65.5,95.6,64.2,0.000,0.028,0.00,0.000,1.5,4.5,1.2,142,22,1.9,5.2,1.2,140,27,1.5,4.5,1.2,142,22,0,28.54,,0,0,0,70.4,68.2,66.7,0.22,0.23,0.20
RAND,2017-08-21 23:10:00 EDT,42.14928,-78.90096,1473,66.2,67.6,66.2,94.7,64.6,0.000,0.028,0.00,0.000,4.1,7.0,1.1,144,19,4.6,7.2,1.3,146,17,4.1,7.0,1.1,144,19,0,28.54,,0,0,0,70.4,68.2,66.7,0.22,0.23,0.20
RAND,2017-08-21 23:15:00 EDT,42.14928,-78.90096,1473,66.3,67.2,66.3,92.6,64.0,0.000,0.028,0.00,0.000,3.0,5.2,0.9,75,47,3.4,5.4,0.9,75,47,3.0,5.2,0.9,75,47,0,28.54,,0,0,0,70.3,68.2,66.7,0.22,0.23,0.20
RAND,2017-08-21 23:20:00 EDT,42.14928,-78.90096,1473,66.6,67.5,66.6,92.8,64.5,0.000,0.028,0.00,0.000,1.9,4.7,0.9,59,29,2.3,5.3,0.9,60,31,1.9,4.7,0.9,59,29,0,28.54,,0,0,0,70.3,68.2,66.7,0.22,0.23,0.20
RAND,2017-08-21 23:25:00 EDT,42.14928,-78.90096,1473,66.1,67.8,66.1,92.8,64.0,0.000,0.028,0.00,0.000,1.4,3.8,1.0,19,32,2.0,4.3,0.9,21,35,1.4,3.8,1.0,19,32,0,28.54,,0,0,0,70.3,68.2,66.7,0.22,0.23,0.20
RAND,2017-08-21 23:30:00 EDT,42.14928,-78.90096,1473,68.1,68.9,68.1,91.3,65.5,0.000,0.028,0.00,0.000,2.0,7.5,1.8,161,32,2.5,7.3,1.7,162,43,2.0,7.5,1.8,161,32,0,28.54,,0,0,0,70.3,68.2,66.7,0.22,0.23,0.20
RAND,2017-08-21 23:35:00 EDT,42.14928,-78.90096,1473,68.3,68.7,68.3,89.5,65.1,0.000,0.028,0.00,0.000,2.8,5.2,1.0,160,17,3.1,5.9,1.0,164,18,2.8,5.2,1.0,160,17,0,28.54,,0,0,0,70.3,68.2,66.7,0.22,0.23,0.20
RAND,2017-08-21 23:40:00 EDT,42.14928,-78.90096,1473,68.5,68.5,68.5,88.5,65.0,0.000,0.028,0.00,0.000,1.3,3.9,1.0,135,48,1.9,5.3,1.1,132,57,1.3,3.9,1.0,135,48,0,28.54,,0,0,0,70.3,68.2,66.7,0.22,0.23,0.20
RAND,2017-08-21 23:45:00 EDT,42.14928,-78.90096,1473,68.5,68.6,68.5,88.9,65.0,0.000,0.028,0.00,0.000,2.0,3.9,1.0,150,25,2.3,4.8,1.0,149,26,2.0,3.9,1.0,150,25,0,28.53,,0,0,0,70.3,68.2,66.7,0.22,0.23,0.20
RAND,2017-08-21 23:50:00 EDT,42.14928,-78.90096,1473,68.4,68.5,68.4,89.4,65.1,0.000,0.028,0.00,0.000,1.2,2.7,0.8,213,24,1.6,3.4,0.7,219,36,1.2,2.7,0.8,213,24,0,28.53,,0,0,0,70.3,68.2,66.7,0.22,0.23,0.20
RAND,2017-08-21 23:55:00 EDT,42.14928,-78.90096,1473,68.5,68.4,68.5,89.5,65.3,0.000,0.028,0.00,0.000,0.7,2.2,0.5,191,34,1.2,2.8,0.4,200,38,0.7,2.2,0.5,191,34,0,28.53,,0,0,0,70.3,68.2,66.7,0.22,0.23,0.20
RAQU,2017-08-21 00:00:00 EDT,43.82275,-74.62509,1771,57.7,,57.7,97.6,57.0,,,0.00,,0.1,1.5,,18,,,,,,,0.1,1.5,,18,,,28.30,,,,,,,,,,
RAQU,2017-08-21 00:05:00 EDT,43.82275,-74.62509,1771,57.8,,57.8,,,,,0.00,,0.2,1.0,,27,,,,,,,0.2,1.0,,27,,,28.30,,,,,,,,,,
RAQU,2017-08-21 00:10:00 EDT,43.82275,-74.62509,1771,57.7,,57.7,98.0,57.2,,,0.00,,0.1,0.5,,56,,,,,,,0.1,0.5,,56,,,28.30,,,,,,,,,,
RAQU,2017-08-21 00:15:00 EDT,43.82275,-74.62509,1771,57.9,,57.9,,,,,0.00,,0.3,1.9,,54,,,,,,,0.3,1.9,,54,,,28.30,,,,,,,,,,
RAQU,2017-08-21 00:20:00 EDT,43.82275,-74.62509,1771,58.1,,58.1,98.2,57.6,,,0.00,,0.6,2.0,,38,,,,,,,0.6,2.0,,38,,,28.30,,,,,,,,,,
RAQU,2017-08-21 00:25:00 EDT,43.82275,-74.62509,1771,58.1,,58.1,,,,,0.00,,0.2,0.9,,328,,,,,,,0.2,0.9,,328,,,28.30,,,,,,,,,,
RAQU,2017-08-21 00:30:00 EDT,43.82275,-74.62509,1771,58.3,,58.3,98.1,57.7,,,0.00,,0.3,0.9,,23,,,,,,,0.3,0.9,,23,,,28.31,,,,,,,,,,
RAQU,2017-08-21 00:35:00 EDT,43.82275,-74.62509,1771,58.0,,58.0,,,,,0.00,,0.1,1.1,,354,,,,,,,0.1,1.1,,354,,,28.30,,,,,,,,,,
RAQU,2017-08-21 00:40:00 EDT,43.82275,-74.62509,1771,58.0,,58.0,97.8,57.4,,,0.00,,0.0,0.0,,0,,,,,,,0.0,0.0,,0,,,28.30,,,,,,,,,,
RAQU,2017-08-21 00:45:00 EDT,43.82275,-74.62509,1771,57.8,,57.8,,,,,0.00,,0.0,0.2,,347,,,,,,,0.0,0.2,,347,,,28.31,,,,,,,,,,
RAQU,2017-08-21 00:50:00 EDT,43.82275,-74.62509,1771,57.5,58.0,57.5,97.7,56.8,,,0.00,,0.2,0.8,,17,,,,,,,0.2,0.8,,17,,0,28.31,,,,,68.5,69.6,66.7,0.29,0.56,0.59
RAQU,2017-08-21 00:55:00 EDT,43.82275,-74.62509,1771,57.6,,57.6,,,,,0.00,,0.0,0.3,,13,,,,,,,0.0,0.3,,13,,,28.31,,,,,,,,,,
RAQU,2017-08-21 01:00:00 EDT,43.82275,-74.62509,1771,57.8,,57.8,98.2,57.3,,,0.00,,0.4,1.5,,19,,,,,,,0.4,1.5,,19,,,28.31,,,,,,,,,,
RAQU,2017-08-21 01:05:00 EDT,43.82275,-74.62509,1771,57.6,,57.6,,,,,0.00,,0.1,0.7,,335,,,,,,,0.1,0.7,,335,,,28.31,,,,,,,,,,
RAQU,2017-08-21 01:10:00 EDT,43.82275,-74.62509,1771,57.7,,57.7,98.1,57.2,,,0.00,,0.1,0.8,,353,,,,,,,0.1,0.8,,353,,,28.31,,,,,,,,,,
RAQU,2017-08-21 01:15:00 EDT,43.82275,-74.62509,1771,57.6,,57.6,,,,,0.00,,0.2,0.7,,23,,,,,,,0.2,0.7,,23,,,28.31,,,,,,,,,,
RAQU,2017-08-21 01:20:00 EDT,43.82275,-74.62509,1771,57.5,,57.5,98.2,57.0,,,0.00,,0.1,0.9,,29,,,,,,,0.1,0.9,,29,,,28.30,,,,,,,,,,
RAQU,2017-08-21 01:25:00 EDT,43.82275,-74.62509,1771,57.2,,57.2,,,,,0.00,,0.1,1.0,,50,,,,,,,0.1,1.0,,50,,,28.30,,,,,,,,,,
RAQU,2017-08-21 01:30:00 EDT,43.82275,-74.62509,1771,57.3,,57.3,98.2,56.9,,,0.00,,0.1,0.7,,11,,,,,,,0.1,0.7,,11,,,28.30,,,,,,,,,,
RAQU,2017-08-21 01:35:00 EDT,43.82275,-74.62509,1771,57.4,,57.4,,,,,0.00,,0.0,0.0,,0,,,,,,,0.0,0.0,,0,,,28.30,,,,,,,,,,
RAQU,2017-08-21 01:40:00 EDT,43.82275,-74.62509,1771,57.5,,57.5,98.4,57.0,,,0.00,,0.0,0.4,,75,,,,,,,0.0,0.4,,75,,,28.30,,,,,,,,,,
RAQU,2017-08-21 01:45:00 EDT,43.82275,-74.62509,1771,57.4,,57.4,,,,,0.00,,0.1,0.5,,353,,,,,,,0.1,0.5,,353,,,28.30,,,,,,,,,,
RAQU,2017-08-21 01:50:00 EDT,43.82275,-74.62509,1771,57.5,57.8,57.5,98.4,57.1,,,0.00,,0.0,0.0,,0,,,,,,,0.0,0.0,,0,,0,28.30,,,,,68.2,69.6,66.7,0.29,0.56,0.59
RAQU,2017-08-21 01:55:00 EDT,43.82275,-74.62509,1771,57.6,,57.6,,,,,0.00,,0.0,0.4,,42,,,,,,,0.0,0.4,,42,,,28.30,,,,,,,,,,
RAQU,2017-08-21 02:00:00 EDT,43.82275,-74.62509,1771,57.5,,57.5,98.3,57.1,,,0.00,,0.0,0.0,,0,,,,,,,0.0,0.0,,0,,,28.30,,,,,,,,,,
RAQU,2017-08-21 02:05:00 EDT,43.82275,-74.62509,1771,57.4,,57.4,,,,,0.00,,0.0,0.0,,0,,,,,,,0.0,0.0,,0,,,28.30,,,,,,,,,,
RAQU,2017-08-21 02:10:00 EDT,43.82275,-74.62509,1771,57.2,,57.2,97.9,56.6,,,0.00,,0.0,0.0,,0,,,,,,,0.0,0.0,,0,,,28.30,,,,,,,,,,
RAQU,2017-08-21 02:15:00 EDT,43.82275,-74.62509,1771,57.2,,57.2,,,,,0.00,,0.0,0.0,,0,,,,,,,0.0,0.0,,0,,,28.30,,,,,,,,,,
RAQU,2017-08-21 02:20:00 EDT,43.82275,-74.62509,1771,57.2,,57.2,97.9,56.6,,,0.00,,0.0,0.0,,0,,,,,,,0.0,0.0,,0,,,28.30,,,,,,,,,,
RAQU,2017-08-21 02:25:00 EDT,43.82275,-74.62509,1771,57.2,,57.2,,,,,0.00,,0.0,1.0,,83,,,,,,,0.0,1.0,,83,,,28.30,,,,,,,,,,
RAQU,2017-08-21 02:30:00 EDT,43.82275,-74.62509,1771,57.1,,57.1,97.9,56.5,,,0.00,,0.0,0.0,,0,,,,,,,0.0,0.0,,0,,,28.30,,,,,,,,,,
RAQU,2017-08-21 02:35:00 EDT,43.82275,-74.62509,1771,57.1,,57.1,,,,,0.00,,0.0,0.0,,0,,,,,,,0.0,0.0,,0,,,28.30,,,,,,,,,,
RAQU,2017-08-21 02:40:00 EDT,43.82275,-74.62509,1771,56.9,,56.9,98.0,56.4,,,0.00,,0.2,1.2,,31,,,,,,,0.2,1.2,,31,,,28.30,,,,,,,,,,
RAQU,2017-08-21 02:45:00 EDT,43.82275,-74.62509,1771,57.0,,57.0,,,,,0.00,,0.3,1.5,,90,,,,,,,0.3,1.5,,90,,,28.30,,,,,,,,,,
RAQU,2017-08-21 02:50:00 EDT,43.82275,-74.62509,1771,57.0,57.5,57.0,98.2,56.5,,,0.00,,0.1,0.7,,90,,,,,,,0.1,0.7,,90,,0,28.30,,,,,67.8,69.6,66.7,0.29,0.56,0.59
RAQU,2017-08-21 02:55:00 EDT,43.82275,-74.62509,1771,57.3,,57.3,,,,,0.00,,0.3,1.0,,8,,,,,,,0.3,1.0,,8,,,28.30,,,,,,,,,,
RAQU,2017-08-21 03:00:00 EDT,43.82275,-74.62509,1771,57.2,,57.2,98.2,56.8,,,0.00,,0.0,0.4,,15,,,,,,,0.0,0.4,,15,,,28.31,,,,,,,,,,
RAQU,2017-08-21 03:05:00 EDT,43.82275,-74.62509,1771,57.1,,57.1,,,,,0.00,,0.0,0.1,,85,,,,,,,0.0,0.1,,85,,,28.31,,,,,,,,,,
RAQU,2017-08-21 03:10:00 EDT,43.82275,-74.62509,1771,57.1,,57.1,98.2,56.6,,,0.00,,0.1,0.9,,79,,,,,,,0.1,0.9,,79,,,28.31,,,,,,,,,,
RAQU,2017-08-21 03:15:00 EDT,43.82275,-74.62509,1771,56.9,,56.9,,,,,0.00,,0.0,0.8,,116,,,,,,,0.0,0.8,,116,,,28.31,,,,,,,,,,
RAQU,2017-08-21 03:20:00 EDT,43.82275,-74.62509,1771,57.2,,57.2,98.2,56.6,,,0.00,,0.2,1.2,,63,,,,,,,0.2,1.2,,63,,,28.31,,,,,,,,,,
RAQU,2017-08-21 03:25:00 EDT,43.82275,-74.62509,1771,57.2,,57.2,,,,,0.00,,0.0,0.0,,0,,,,,,,0.0,0.0,,0,,,28.31,,,,,,,,,,
RAQU,2017-08-21 03:30:00 EDT,43.82275,-74.62509,1771,57.2,,57.2,98.3,56.7,,,0.00,,0.1,0.9,,69,,,,,,,0.1,0.9,,69,,,28.31,,,,,,,,,,
RAQU,2017-08-21 03:35:00 EDT,43.82275,-74.62509,1771,57.3,,57.3,,,,,0.00,,0.3,0.9,,54,,,,,,,0.3,0.9,,54,,,28.31,,,,,,,,,,
RAQU,2017-08-21 03:40:00 EDT,43.82275,-74.62509,1771,57.2,,57.2,98.3,56.7,,,0.00,,0.3,1.4,,93,,,,,,,0.3,1.4,,93,,,28.31,,,,,,,,,,
RAQU,2017-08-21 03:45:00 EDT,43.82275,-74.62509,1771,57.1,,57.1,,,,,0.00,,0.2,2.2,,82,,,,,,,0.2,2.2,,82,,,28.31,,,,,,,,,,
RAQU,2017-08-21 03:50:00 EDT,43.82275,-74.62509,1771,57.3,57.8,57.3,98.3,56.8,,,0.00,,0.2,0.7,,12,,,,,,,0.2,0.7,,12,,0,28.31,,,,,67.5,69.3,66.7,0.29,0.56,0.59
RAQU,2017-08-21 03:55:00 EDT,43.82275,-74.62509,1771,57.1,,57.1,,,,,0.00,,0.1,0.7,,59,,,,,,,0.1,0.7,,59,,,28.31,,,,,,,,,,
RAQU,2017-08-21 04:00:00 EDT,43.82275,-74.62509,1771,57.1,,57.1,98.2,56.6,,,0.00,,0.1,0.6,,70,,,,,,,0.1,0.6,,70,,,28.31,,,,,,,,,,
RAQU,2017-08-21 04:05:00 EDT,43.82275,-74.62509,1771,57.0,,57.0,,,,,0.00,,0.3,2.2,,103,,,,,,,0.3,2.2,,103,,,28.31,,,,,,,,,,
RAQU,2017-08-21 04:10:00 EDT,43.82275,-74.62509,1771,56.9,,56.9,97.9,56.3,,,0.00,,0.3,1.5,,83,,,,,,,0.3,1.5,,83,,,28.31,,,,,,,,,,
RAQU,2017-08-21 04:15:00 EDT,43.82275,-74.62509,1771,56.9,,56.9,,,,,0.00,,0.2,1.3,,7,,,,,,,0.2,1.3,,7,,,28.31,,,,,,,,,,
RAQU,2017-08-21 04:20:00 EDT,43.82275,-74.62509,1771,56.9,,56.9,97.8,56.2,,,0.00,,0.2,1.5,,74,,,,,,,0.2,1.5,,74,,,28.31,,,,,,,,,,
RAQU,2017-08-21 04:25:00 EDT,43.82275,-74.62509,1771,56.8,,56.8,,,,,0.00,,0.4,1.3,,35,,,,,,,0.4,1.3,,35,,,28.31,,,,,,,,,,
RAQU,2017-08-21 04:30:00 EDT,43.82275,-74.62509,1771,57.0,,57.0,98.0,56.5,,,0.00,,0.1,0.7,,55,,,,,,,0.1,0.7,,55,,,28.31,,,,,,,,,,
RAQU,2017-08-21 04:35:00 EDT,43.82275,-74.62509,1771,57.2,,57.2,,,,,0.00,,0.3,0.9,,5,,,,,,,0.3,0.9,,5,,,28.31,,,,,,,,,,
RAQU,2017-08-21 04:40:00 EDT,43.82275,-74.62509,1771,57.1,,57.1,97.7,56.5,,,0.00,,0.0,0.0,,0,,,,,,,0.0,0.0,,0,,,28.31,,,,,,,,,,
RAQU,2017-08-21 04:45:00 EDT,43.82275,-74.62509,1771,56.9,,56.9,,,,,0.00,,0.0,0.0,,0,,,,,,,0.0,0.0,,0,,,28.31,,,,,,,,,,
RAQU,2017-08-21 04:50:00 EDT,43.82275,-74.62509,1771,56.7,56.6,56.7,97.3,55.9,,,0.00,,0.0,0.0,,0,,,,,,,0.0,0.0,,0,,0,28.31,,,,,67.1,69.3,66.7,0.29,0.56,0.59
RAQU,2017-08-21 04:55:00 EDT,43.82275,-74.62509,1771,56.6,,56.6,,,,,0.00,,0.0,0.0,,0,,,,,,,0.0,0.0,,0,,,28.31,,,,,,,,,,
RAQU,2017-08-21 05:00:00 EDT,43.82275,-74.62509,1771,56.4,,56.4,97.3,55.6,,,0.00,,0.0,0.0,,0,,,,,,,0.0,0.0,,0,,,28.31,,,,,,,,,,
RAQU,2017-08-21 05:05:00 EDT,43.82275,-74.62509,1771,56.4,,56.4,,,,,0.00,,0.0,0.0,,0,,,,,,,0.0,0.0,,0,,,28.31,,,,,,,,,,
RAQU,2017-08-21 05:10:00 EDT,43.82275,-74.62509,1771,56.5,,56.5,97.7,55.9,,,0.00,,0.0,0.0,,0,,,,,,,0.0,0.0,,0,,,28.31,,,,,,,,,,
RAQU,2017-08-21 05:15:00 EDT,43.82275,-74.62509,1771,56.5,,56.5,,,,,0.00,,0.0,0.9,,67,,,,,,,0.0,0.9,,67,,,28.31,,,,,,,,,,
RAQU,2017-08-21 05:20:00 EDT,43.82275,-74.62509,1771,56.6,,56.6,97.8,56.0,,,0.00,,0.0,0.0,,0,,,,,,,0.0,0.0,,0,,,28.31,,,,,,,,,,
RAQU,2017-08-21 05:25:00 EDT,43.82275,-74.62509,1771,56.6,,56.6,,,,,0.00,,0.0,0.0,,0,,,,,,,0.0,0.0,,0,,,28.31,,,,,,,,,,
RAQU,2017-08-21 05:30:00 EDT,43.82275,-74.62509,1771,56.7,,56.7,97.9,56.1,,,0.00,,0.1,0.9,,15,,,,,,,0.1,0.9,,15,,,28.32,,,,,,,,,,
RAQU,2017-08-21 05:35:00 EDT,43.82275,-74.62509,1771,56.8,,56.8,,,,,0.00,,0.0,0.0,,0,,,,,,,0.0,0.0,,0,,,28.32,,,,,,,,,,
RAQU,2017-08-21 05:40:00 EDT,43.82275,-74.62509,1771,56.8,,56.8,98.0,56.3,,,0.00,,0.0,0.0,,0,,,,,,,0.0,0.0,,0,,,28.32,,,,,,,,,,
RAQU,2017-08-21 05:45:00 EDT,43.82275,-74.62509,1771,56.7,,56.7,,,,,0.00,,0.0,0.0,,0,,,,,,,0.0,0.0,,0,,,28.32,,,,,,,,,,
RAQU,2017-08-21 05:50:00 EDT,43.82275,-74.62509,1771,56.6,56.5,56.6,98.0,56.1,,,0.00,,0.0,0.0,,0,,,,,,,0.0,0.0,,0,,0,28.32,,,,,66.7,69.0,66.7,0.29,0.56,0.59
RAQU,2017-08-21 05:55:00 EDT,43.82275,-74.62509,1771,56.4,,56.4,,,,,0.00,,0.0,0.7,,81,,,,,,,0.0,0.7,,81,,,28.32,,,,,,,,,,
RAQU,2017-08-21 06:00:00 EDT,43.82275,-74.62509,1771,56.3,,56.3,97.9,55.8,,,0.00,,0.1,0.7,,79,,,,,,,0.1,0.7,,79,,,28.32,,,,,,,,,,
RAQU,2017-08-21 06:05:00 EDT,43.82275,-74.62509,1771,56.4,,56.4,,,,,0.00,,0.1,0.7,,33,,,,,,,0.1,0.7,,33,,,28.32,,,,,,,,,,
RAQU,2017-08-21 06:10:00 EDT,43.82275,-74.62509,1771,56.6,,56.6,98.2,56.1,,,0.00,,0.0,0.0,,0,,,,,,,0.0,0.0,,0,,,28.32,,,,,,,,,,
RAQU,2017-08-21 06:15:00 EDT,43.82275,-74.62509,1771,56.7,,56.7,,,,,0.00,,0.0,0.0,,0,,,,,,,0.0,0.0,,0,,,28.32,,,,,,,,,,
RAQU,2017-08-21 06:20:00 EDT,43.82275,-74.62509,1771,56.7,,56.7,98.2,56.2,,,0.00,,0.0,0.0,,0,,,,,,,0.0,0.0,,0,,,28.32,,,,,,,,,,
RAQU,2017-08-21 06:25:00 EDT,43.82275,-74.62509,1771,56.7,,56.7,,,,,0.00,,0.1,0.9,,11,,,,,,,0.1,0.9,,11,,,28.32,,,,,,,,,,
RAQU,2017-08-21 06:30:00 EDT,43.82275,-74.62509,1771,56.7,,56.7,98.1,56.1,,,0.00,,0.3,1.3,,69,,,,,,,0.3,1.3,,69,,,28.32,,,,,,,,,,
RAQU,2017-08-21 06:35:00 EDT,43.82275,-74.62509,1771,56.7,,56.7,,,,,0.00,,0.0,0.6,,118,,,,,,,0.0,0.6,,118,,,28.32,,,,,,,,,,
RAQU,2017-08-21 06:40:00 EDT,43.82275,-74.62509,1771,56.9,,56.9,98.1,56.3,,,0.00,,0.1,1.0,,52,,,,,,,0.1,1.0,,52,,,28.32,,,,,,,,,,
RAQU,2017-08-21 06:45:00 EDT,43.82275,-74.62509,1771,56.8,,56.8,,,,,0.00,,0.0,0.6,,334,,,,,,,0.0,0.6,,334,,,28.31,,,,,,,,,,
RAQU,2017-08-21 06:50:00 EDT,43.82275,-74.62509,1771,56.9,57.0,56.9,97.8,56.2,,,0.00,,0.0,0.0,,0,,,,,,,0.0,0.0,,0,,23,28.31,,,,,66.4,68.9,66.7,0.29,0.56,0.59
RAQU,2017-08-21 06:55:00 EDT,43.82275,-74.62509,1771,57.0,,57.0,,,,,0.00,,0.0,0.0,,0,,,,,,,0.0,0.0,,0,,,28.31,,,,,,,,,,
RAQU,2017-08-21 07:00:00 EDT,43.82275,-74.62509,1771,57.1,,57.1,98.1,56.6,,,0.00,,0.0,0.0,,0,,,,,,,0.0,0.0,,0,,,28.31,,,,,,,,,,
RAQU,2017-08-21 07:05:00 EDT,43.82275,-74.62509,1771,57.3,,57.3,,,,,0.00,,0.0,0.0,,0,,,,,,,0.0,0.0,,0,,,28.32,,,,,,,,,,
RAQU,2017-08-21 07:10:00 EDT,43.82275,-74.62509,1771,57.4,,57.4,98.2,56.9,,,0.00,,0.0,0.4,,98,,,,,,,0.0,0.4,,98,,,28.32,,,,,,,,,,
RAQU,2017-08-21 07:15:00 EDT,43.82275,-74.62509,1771,57.5,,57.5,,,,,0.00,,0.1,0.7,,127,,,,,,,0.1,0.7,,127,,,28.32,,,,,,,,,,
RAQU,2017-08-21 07:20:00 EDT,43.82275,-74.62509,1771,57.6,,57.6,98.1,57.1,,,0.00,,0.0,0.0,,0,,,,,,,0.0,0.0,,0,,,28.32,,,,,,,,,,
RAQU,2017-08-21 07:25:00 EDT,43.82275,-74.62509,1771,57.8,,57.8,,,,,0.00,,0.0,0.0,,0,,,,,,,0.0,0.0,,0,,,28.32,,,,,,,,,,
RAQU,2017-08-21 07:30:00 EDT,43.82275,-74.62509,1771,57.9,,57.9,97.7,57.2,,,0.00,,0.0,0.4,,339,,,,,,,0.0,0.4,,339,,,28.32,,,,,,,,,,
RAQU,2017-08-21 07:35:00 EDT,43.82275,-74.62509,1771,58.0,,58.0,,,,,0.00,,0.0,0.0,,0,,,,,,,0.0,0.0,,0,,,28.32,,,,,,,,,,
RAQU,2017-08-21 07:40:00 EDT,43.82275,-74.62509,1771,58.1,,58.1,97.4,57.3,,,0.00,,0.1,0.9,,95,,,,,,,0.1,0.9,,95,,,28.32,,,,,,,,,,
RAQU,2017-08-21 07:45:00 EDT,43.82275,-74.62509,1771,58.2,,58.2,,,,,0.00,,0.4,1.9,,103,,,,,,,0.4,1.9,,103,,,28.32,,,,,,,,,,
RAQU,2017-08-21 07:50:00 EDT,43.82275,-74.62509,1771,58.3,59.1,58.3,97.2,57.5,,,0.00,,0.0,0.4,,11,,,,,,,0.0,0.4,,11,,38,28.32,,,,,66.4,68.9,66.7,0.29,0.56,0.59
RAQU,2017-08-21 07:55:00 EDT,43.82275,-74.62509,1771,58.4,,58.4,,,,,0.00,,0.0,0.0,,0,,,,,,,0.0,0.0,,0,,,28.32,,,,,,,,,,
RAQU,2017-08-21 08:00:00 EDT,43.82275,-74.62509,1771,58.5,,58.5,97.2,57.7,,,0.00,,0.0,0.0,,0,,,,,,,0.0,0.0,,0,,,28.32,,,,,,,,,,
RAQU,2017-08-21 08:05:00 EDT,43.82275,-74.62509,1771,58.7,,58.7,,,,,0.00,,0.0,0.1,,194,,,,,,,0.0,0.1,,194,,,28.32,,,,,,,,,,
RAQU,2017-08-21 08:10:00 EDT,43.82275,-74.62509,1771,58.7,,58.7,97.2,57.9,,,0.00,,0.0,0.0,,0,,,,,,,0.0,0.0,,0,,,28.32,,,,,,,,,,
RAQU,2017-08-21 08:15:00 EDT,43.82275,-74.62509,1771,59.0,,59.0,,,,,0.00,,0.0,0.3,,200,,,,,,,0.0,0.3,,200,,,28.32,,,,,,,,,,
RAQU,2017-08-21 08:20:00 EDT,43.82275,-74.62509,1771,59.3,,59.3,97.2,58.5,,,0.00,,0.0,0.5,,223,,,,,,,0.0,0.5,,223,,,28.32,,,,,,,,,,
RAQU,2017-08-21 08:25:00 EDT,43.82275,-74.62509,1771,59.8,,59.8,,,,,0.00,,0.0,0.4,,252,,,,,,,0.0,0.4,,252,,,28.32,,,,,,,,,,
RAQU,2017-08-21 08:30:00 EDT,43.82275,-74.62509,1771,60.4,,60.4,96.8,59.5,,,0.00,,0.3,2.1,,205,,,,,,,0.3,2.1,,205,,,28.32,,,,,,,,,,
RAQU,2017-08-21 08:35:00 EDT,43.82275,-74.62509,1771,60.9,,60.9,,,,,0.00,,0.0,0.5,,237,,,,,,,0.0,0.5,,237,,,28.31,,,,,,,,,,
RAQU,2017-08-21 08:40:00 EDT,43.82275,-74.62509,1771,61.1,,61.1,93.9,59.4,,,0.00,,0.0,0.6,,203,,,,,,,0.0,0.6,,203,,,28.31,,,,,,,,,,
RAQU,2017-08-21 08:45:00 EDT,43.82275,-74.62509,1771,61.2,,61.2,,,,,0.00,,0.0,0.0,,0,,,,,,,0.0,0.0,,0,,,28.31,,,,,,,,,,
RAQU,2017-08-21 08:50:00 EDT,43.82275,-74.62509,1771,61.1,61.9,61.1,93.0,59.1,,,0.00,,0.0,0.0,,0,,,,,,,0.0,0.0,,0,,180,28.31,,,,,66.4,68.5,66.7,0.29,0.56,0.59
RAQU,2017-08-21 08:55:00 EDT,43.82275,-74.62509,1771,61.1,,61.1,,,,,0.00,,0.0,0.0,,0,,,,,,,0.0,0.0,,0,,,28.31,,,,,,,,,,
RAQU,2017-08-21 09:00:00 EDT,43.82275,-74.62509,1771,62.2,,62.2,91.6,59.7,,,0.00,,0.4,1.5,,206,,,,,,,0.4,1.5,,206,,,28.31,,,,,,,,,,
RAQU,2017-08-21 09:05:00 EDT,43.82275,-74.62509,1771,63.7,,63.7,,,,,0.00,,0.0,0.0,,0,,,,,,,0.0,0.0,,0,,,28.30,,,,,,,,,,
RAQU,2017-08-21 09:10:00 EDT,43.82275,-74.62509,1771,63.6,,63.6,88.2,60.1,,,0.00,,0.3,1.4,,194,,,,,,,0.3,1.4,,194,,,28.31,,,,,,,,,,
RAQU,2017-08-21 09:15:00 EDT,43.82275,-74.62509,1771,63.2,,63.2,,,,,0.00,,0.0,0.4,,260,,,,,,,0.0,0.4,,260,,,28.31,,,,,,,,,,
RAQU,2017-08-21 09:20:00 EDT,43.82275,-74.62509,1771,63.6,,63.6,87.1,59.7,,,0.00,,0.1,0.8,,194,,,,,,,0.1,0.8,,194,,,28.31,,,,,,,,,,
RAQU,2017-08-21 09:25:00 EDT,43.82275,-74.62509,1771,64.3,,64.3,,,,,0.00,,0.1,0.7,,76,,,,,,,0.1,0.7,,76,,,28.31,,,,,,,,,,
RAQU,2017-08-21 09:30:00 EDT,43.82275,-74.62509,1771,65.1,,65.1,87.7,61.4,,,0.00,,0.4,1.8,,190,,,,,,,0.4,1.8,,190,,,28.31,,,,,,,,,,
RAQU,2017-08-21 09:35:00 EDT,43.82275,-74.62509,1771,66.3,,66.3,,,,,0.00,,0.0,0.5,,130,,,,,,,0.0,0.5,,130,,,28.31,,,,,,,,,,
RAQU,2017-08-21 09:40:00 EDT,43.82275,-74.62509,1771,67.2,,67.2,80.1,60.9,,,0.00,,0.5,2.0,,200,,,,,,,0.5,2.0,,200,,,28.31,,,,,,,,,,
RAQU,2017-08-21 09:45:00 EDT,43.82275,-74.62509,1771,68.1,,68.1,,,,,0.00,,0.8,2.9,,165,,,,,,,0.8,2.9,,165,,,28.31,,,,,,,,,,
RAQU,2017-08-21 09:50:00 EDT,43.82275,-74.62509,1771,67.4,67.7,67.4,80.1,61.1,,,0.00,,0.4,2.3,,125,,,,,,,0.4,2.3,,125,,523,28.31,,,,,66.4,68.5,66.7,0.29,0.56,0.59
RAQU,2017-08-21 09:55:00 EDT,43.82275,-74.62509,1771,68.4,,68.4,,,,,0.00,,1.3,3.6,,190,,,,,,,1.3,3.6,,190,,,28.31,,,,,,,,,,
RAQU,2017-08-21 10:00:00 EDT,43.82275,-74.62509,1771,69.1,,69.1,74.1,60.5,,,0.00,,0.9,3.7,,183,,,,,,,0.9,3.7,,183,,,28.31,,,,,,,,,,
RAQU,2017-08-21 10:05:00 EDT,43.82275,-74.62509,1771,69.6,,69.6,,,,,0.00,,1.3,5.5,,200,,,,,,,1.3,5.5,,200,,,28.31,,,,,,,,,,
RAQU,2017-08-21 10:10:00 EDT,43.82275,-74.62509,1771,70.3,,70.3,72.0,60.9,,,0.00,,1.0,3.0,,167,,,,,,,1.0,3.0,,167,,,28.31,,,,,,,,,,
RAQU,2017-08-21 10:15:00 EDT,43.82275,-74.62509,1771,70.7,,70.7,,,,,0.00,,0.7,4.5,,169,,,,,,,0.7,4.5,,169,,,28.31,,,,,,,,,,
RAQU,2017-08-21 10:20:00 EDT,43.82275,-74.62509,1771,70.5,,70.5,69.8,60.2,,,0.00,,1.6,5.0,,201,,,,,,,1.6,5.0,,201,,,28.31,,,,,,,,,,
RAQU,2017-08-21 10:25:00 EDT,43.82275,-74.62509,1771,71.1,,71.1,,,,,0.00,,2.5,7.1,,186,,,,,,,2.5,7.1,,186,,,28.31,,,,,,,,,,
RAQU,2017-08-21 10:30:00 EDT,43.82275,-74.62509,1771,71.7,,71.7,64.9,59.2,,,0.00,,2.4,6.6,,196,,,,,,,2.4,6.6,,196,,,28.31,,,,,,,,,,
RAQU,2017-08-21 10:35:00 EDT,43.82275,-74.62509,1771,71.6,,71.6,,,,,0.00,,1.6,6.6,,193,,,,,,,1.6,6.6,,193,,,28.31,,,,,,,,,,
RAQU,2017-08-21 10:40:00 EDT,43.82275,-74.62509,1771,72.1,,72.1,64.9,59.6,,,0.00,,1.8,8.2,,205,,,,,,,1.8,8.2,,205,,,28.31,,,,,,,,,,
RAQU,2017-08-21 10:45:00 EDT,43.82275,-74.62509,1771,72.4,,72.4,,,,,0.00,,1.4,5.2,,182,,,,,,,1.4,5.2,,182,,,28.31,,,,,,,,,,
RAQU,2017-08-21 10:50:00 EDT,43.82275,-74.62509,1771,72.3,72.1,72.3,59.5,57.4,,,0.00,,1.9,6.2,,188,,,,,,,1.9,6.2,,188,,647,28.31,,,,,67.4,68.2,66.7,0.29,0.56,0.59
RAQU,2017-08-21 10:55:00 EDT,43.82275,-74.62509,1771,72.9,,72.9,,,,,0.00,,1.8,5.3,,182,,,,,,,1.8,5.3,,182,,,28.31,,,,,,,,,,
RAQU,2017-08-21 11:00:00 EDT,43.82275,-74.62509,1771,73.0,,73.0,57.7,57.2,,,0.00,,2.3,5.3,,190,,,,,,,2.3,5.3,,190,,,28.31,,,,,,,,,,
RAQU,2017-08-21 11:05:00 EDT,43.82275,-74.62509,1771,73.2,,73.2,,,,,0.00,,1.7,6.6,,177,,,,,,,1.7,6.6,,177,,,28.31,,,,,,,,,,
RAQU,2017-08-21 11:10:00 EDT,43.82275,-74.62509,1771,73.7,,73.7,56.4,57.3,,,0.00,,2.7,6.6,,202,,,,,,,2.7,6.6,,202,,,28.31,,,,,,,,,,
RAQU,2017-08-21 11:15:00 EDT,43.82275,-74.62509,1771,74.0,,74.0,,,,,0.00,,1.4,5.3,,181,,,,,,,1.4,5.3,,181,,,28.30,,,,,,,,,,
RAQU,2017-08-21 11:20:00 EDT,43.82275,-74.62509,1771,74.2,,74.2,58.1,58.5,,,0.00,,1.2,7.1,,181,,,,,,,1.2,7.1,,181,,,28.30,,,,,,,,,,
RAQU,2017-08-21 11:25:00 EDT,43.82275,-74.62509,1771,74.0,,74.0,,,,,0.00,,1.4,4.9,,181,,,,,,,1.4,4.9,,181,,,28.30,,,,,,,,,,
RAQU,2017-08-21 11:30:00 EDT,43.82275,-74.62509,1771,74.7,,74.7,55.1,57.5,,,0.00,,1.6,5.8,,225,,,,,,,1.6,5.8,,225,,,28.30,,,,,,,,,,
RAQU,2017-08-21 11:35:00 EDT,43.82275,-74.62509,1771,74.9,,74.9,,,,,0.00,,1.6,5.0,,211,,,,,,,1.6,5.0,,211,,,28.30,,,,,,,,,,
RAQU,2017-08-21 11:40:00 EDT,43.82275,-74.62509,1771,75.0,,75.0,56.8,58.7,,,0.00,,0.9,2.3,,223,,,,,,,0.9,2.3,,223,,,28.29,,,,,,,,,,
RAQU,2017-08-21 11:45:00 EDT,43.82275,-74.62509,1771,75.7,,75.7,,,,,0.00,,1.9,5.8,,210,,,,,,,1.9,5.8,,210,,,28.29,,,,,,,,,,
RAQU,2017-08-21 11:50:00 EDT,43.82275,-74.62509,1771,76.0,74.7,76.0,55.4,58.9,,,0.00,,1.2,3.1,,201,,,,,,,1.2,3.1,,201,,721,28.29,,,,,68.6,68.2,66.7,0.28,0.56,0.58
RAQU,2017-08-21 11:55:00 EDT,43.82275,-74.62509,1771,76.7,,76.7,,,,,0.00,,1.2,3.6,,303,,,,,,,1.2,3.6,,303,,,28.29,,,,,,,,,,
RAQU,2017-08-21 12:00:00 EDT,43.82275,-74.62509,1771,76.5,,76.5,55.0,59.2,,,0.00,,1.6,4.5,,200,,,,,,,1.6,4.5,,200,,,28.29,,,,,,,,,,
RAQU,2017-08-21 12:05:00 EDT,43.82275,-74.62509,1771,76.8,,76.8,,,,,0.00,,1.3,5.0,,208,,,,,,,1.3,5.0,,208,,,28.29,,,,,,,,,,
RAQU,2017-08-21 12:10:00 EDT,43.82275,-74.62509,1771,76.4,,76.4,55.6,59.3,,,0.00,,1.3,3.4,,198,,,,,,,1.3,3.4,,198,,,28.29,,,,,,,,,,
RAQU,2017-08-21 12:15:00 EDT,43.82275,-74.62509,1771,76.6,,76.6,,,,,0.00,,1.3,4.0,,170,,,,,,,1.3,4.0,,170,,,28.29,,,,,,,,,,
RAQU,2017-08-21 12:20:00 EDT,43.82275,-74.62509,1771,76.7,,76.7,52.8,58.2,,,0.00,,1.1,3.5,,223,,,,,,,1.1,3.5,,223,,,28.28,,,,,,,,,,
RAQU,2017-08-21 12:25:00 EDT,43.82275,-74.62509,1771,77.0,,77.0,,,,,0.00,,2.3,5.8,,243,,,,,,,2.3,5.8,,243,,,28.28,,,,,,,,,,
RAQU,2017-08-21 12:30:00 EDT,43.82275,-74.62509,1771,77.0,,77.0,52.6,58.4,,,0.00,,1.9,7.0,,211,,,,,,,1.9,7.0,,211,,,28.28,,,,,,,,,,
RAQU,2017-08-21 12:35:00 EDT,43.82275,-74.62509,1771,77.3,,77.3,,,,,0.00,,1.2,4.2,,201,,,,,,,1.2,4.2,,201,,,28.28,,,,,,,,,,
RAQU,2017-08-21 12:40:00 EDT,43.82275,-74.62509,1771,77.0,,77.0,53.2,58.7,,,0.00,,2.1,6.6,,202,,,,,,,2.1,6.6,,202,,,28.28,,,,,,,,,,
RAQU,2017-08-21 12:45:00 EDT,43.82275,-74.62509,1771,77.6,,77.6,,,,,0.00,,1.5,4.9,,218,,,,,,,1.5,4.9,,218,,,28.28,,,,,,,,,,
RAQU,2017-08-21 12:50:00 EDT,43.82275,-74.62509,1771,77.5,76.5,77.5,52.5,58.8,,,0.00,,1.0,2.9,,196,,,,,,,1.0,2.9,,196,,747,28.28,,,,,70.0,68.2,66.7,0.28,0.56,0.58
RAQU,2017-08-21 12:55:00 EDT,43.82275,-74.62509,1771,78.3,,78.3,,,,,0.00,,1.3,5.0,,214,,,,,,,1.3,5.0,,214,,,28.28,,,,,,,,,,
RAQU,2017-08-21 13:00:00 EDT,43.82275,-74.62509,1771,77.8,,77.8,51.7,58.6,,,0.00,,2.3,5.2,,205,,,,,,,2.3,5.2,,205,,,28.28,,,,,,,,,,
RAQU,2017-08-21 13:05:00 EDT,43.82275,-74.62509,1771,77.8,,77.8,,,,,0.00,,2.0,4.9,,197,,,,,,,2.0,4.9,,197,,,28.28,,,,,,,,,,
RAQU,2017-08-21 13:10:00 EDT,43.82275,-74.62509,1771,78.2,,78.2,52.4,59.3,,,0.00,,1.4,5.0,,197,,,,,,,1.4,5.0,,197,,,28.27,,,,,,,,,,
RAQU,2017-08-21 13:15:00 EDT,43.82275,-74.62509,1771,78.7,,78.7,,,,,0.00,,1.3,4.2,,287,,,,,,,1.3,4.2,,287,,,28.27,,,,,,,,,,
RAQU,2017-08-21 13:20:00 EDT,43.82275,-74.62509,1771,78.5,,78.5,51.0,58.9,,,0.00,,1.7,5.8,,194,,,,,,,1.7,5.8,,194,,,28.27,,,,,,,,,,
RAQU,2017-08-21 13:25:00 EDT,43.82275,-74.62509,1771,78.4,,78.4,,,,,0.00,,1.0,3.4,,218,,,,,,,1.0,3.4,,218,,,28.27,,,,,,,,,,
RAQU,2017-08-21 13:30:00 EDT,43.82275,-74.62509,1771,79.0,,79.0,48.1,57.8,,,0.00,,1.1,5.6,,193,,,,,,,1.1,5.6,,193,,,28.27,,,,,,,,,,
RAQU,2017-08-21 13:35:00 EDT,43.82275,-74.62509,1771,78.8,,78.8,,,,,0.00,,1.5,5.4,,305,,,,,,,1.5,5.4,,305,,,28.27,,,,,,,,,,
RAQU,2017-08-21 13:40:00 EDT,43.82275,-74.62509,1771,78.1,,78.1,52.8,59.5,,,0.00,,1.6,4.3,,179,,,,,,,1.6,4.3,,179,,,28.27,,,,,,,,,,
RAQU,2017-08-21 13:45:00 EDT,43.82275,-74.62509,1771,77.8,,77.8,,,,,0.00,,1.6,4.2,,257,,,,,,,1.6,4.2,,257,,,28.27,,,,,,,,,,
RAQU,2017-08-21 13:50:00 EDT,43.82275,-74.62509,1771,78.2,77.4,78.2,54.6,60.5,,,0.00,,1.4,4.7,,197,,,,,,,1.4,4.7,,197,,508,28.27,,,,,71.4,68.2,66.7,0.28,0.56,0.58
RAQU,2017-08-21 13:55:00 EDT,43.82275,-74.62509,1771,77.6,,77.6,,,,,0.00,,1.7,5.2,,283,,,,,,,1.7,5.2,,283,,,28.27,,,,,,,,,,
RAQU,2017-08-21 14:00:00 EDT,43.82275,-74.62509,1771,77.3,,77.3,54.6,59.7,,,0.00,,1.2,3.9,,301,,,,,,,1.2,3.9,,301,,,28.27,,,,,,,,,,
RAQU,2017-08-21 14:05:00 EDT,43.82275,-74.62509,1771,77.1,,77.1,,,,,0.00,,1.4,6.0,,175,,,,,,,1.4,6.0,,175,,,28.27,,,,,,,,,,
RAQU,2017-08-21 14:10:00 EDT,43.82275,-74.62509,1771,76.9,,76.9,56.7,60.4,,,0.00,,1.3,4.7,,169,,,,,,,1.3,4.7,,169,,,28.27,,,,,,,,,,
RAQU,2017-08-21 14:15:00 EDT,43.82275,-74.62509,1771,76.7,,76.7,,,,,0.00,,1.1,4.0,,203,,,,,,,1.1,4.0,,203,,,28.27,,,,,,,,,,
RAQU,2017-08-21 14:20:00 EDT,43.82275,-74.62509,1771,75.8,,75.8,59.5,60.7,,,0.00,,1.3,3.8,,192,,,,,,,1.3,3.8,,192,,,28.26,,,,,,,,,,
RAQU,2017-08-21 14:25:00 EDT,43.82275,-74.62509,1771,75.4,,75.4,,,,,0.00,,1.4,4.5,,226,,,,,,,1.4,4.5,,226,,,28.26,,,,,,,,,,
RAQU,2017-08-21 14:30:00 EDT,43.82275,-74.62509,1771,75.1,,75.1,59.2,59.9,,,0.00,,1.3,3.7,,183,,,,,,,1.3,3.7,,183,,,28.26,,,,,,,,,,
RAQU,2017-08-21 14:35:00 EDT,43.82275,-74.62509,1771,74.0,,74.0,,,,,0.00,,0.5,2.2,,27,,,,,,,0.5,2.2,,27,,,28.26,,,,,,,,,,
RAQU,2017-08-21 14:40:00 EDT,43.82275,-74.62509,1771,73.9,,73.9,69.4,63.3,,,0.00,,0.2,0.9,,109,,,,,,,0.2,0.9,,109,,,28.26,,,,,,,,,,
RAQU,2017-08-21 14:45:00 EDT,43.82275,-74.62509,1771,73.6,,73.6,,,,,0.00,,0.6,3.2,,159,,,,,,,0.6,3.2,,159,,,28.26,,,,,,,,,,
RAQU,2017-08-21 14:50:00 EDT,43.82275,-74.62509,1771,73.3,73.5,73.3,69.8,62.8,,,0.00,,0.4,2.6,,301,,,,,,,0.4,2.6,,301,,227,28.26,,,,,72.3,68.2,66.7,0.28,0.56,0.58
RAQU,2017-08-21 14:55:00 EDT,43.82275,-74.62509,1771,73.4,,73.4,,,,,0.00,,0.8,2.8,,215,,,,,,,0.8,2.8,,215,,,28.26,,,,,,,,,,
RAQU,2017-08-21 15:00:00 EDT,43.82275,-74.62509,1771,73.7,,73.7,65.9,61.6,,,0.00,,1.2,5.7,,198,,,,,,,1.2,5.7,,198,,,28.25,,,,,,,,,,
RAQU,2017-08-21 15:05:00 EDT,43.82275,-74.62509,1771,73.4,,73.4,,,,,0.00,,0.2,0.9,,130,,,,,,,0.2,0.9,,130,,,28.26,,,,,,,,,,
RAQU,2017-08-21 15:10:00 EDT,43.82275,-74.62509,1771,74.4,,74.4,66.7,62.6,,,0.00,,1.1,4.6,,196,,,,,,,1.1,4.6,,196,,,28.25,,,,,,,,,,
RAQU,2017-08-21 15:15:00 EDT,43.82275,-74.62509,1771,74.8,,74.8,,,,,0.00,,0.8,3.4,,206,,,,,,,0.8,3.4,,206,,,28.25,,,,,,,,,,
RAQU,2017-08-21 15:20:00 EDT,43.82275,-74.62509,1771,74.9,,74.9,66.7,63.0,,,0.00,,0.7,2.8,,175,,,,,,,0.7,2.8,,175,,,28.26,,,,,,,,,,
RAQU,2017-08-21 15:25:00 EDT,43.82275,-74.62509,1771,75.7,,75.7,,,,,0.00,,0.7,2.4,,187,,,,,,,0.7,2.4,,187,,,28.26,,,,,,,,,,
RAQU,2017-08-21 15:30:00 EDT,43.82275,-74.62509,1771,76.1,,76.1,63.1,62.6,,,0.00,,1.0,3.1,,222,,,,,,,1.0,3.1,,222,,,28.26,,,,,,,,,,
RAQU,2017-08-21 15:35:00 EDT,43.82275,-74.62509,1771,76.6,,76.6,,,,,0.00,,1.8,6.2,,191,,,,,,,1.8,6.2,,191,,,28.26,,,,,,,,,,
RAQU,2017-08-21 15:40:00 EDT,43.82275,-74.62509,1771,75.3,,75.3,61.0,60.9,,,0.00,,0.9,2.2,,229,,,,,,,0.9,2.2,,229,,,28.26,,,,,,,,,,
RAQU,2017-08-21 15:45:00 EDT,43.82275,-74.62509,1771,75.1,,75.1,,,,,0.00,,1.1,3.4,,27,,,,,,,1.1,3.4,,27,,,28.26,,,,,,,,,,
RAQU,2017-08-21 15:50:00 EDT,43.82275,-74.62509,1771,75.5,75.5,75.5,61.5,61.4,,,0.00,,1.3,4.4,,199,,,,,,,1.3,4.4,,199,,452,28.26,,,,,72.7,68.2,66.7,0.28,0.56,0.58
RAQU,2017-08-21 15:55:00 EDT,43.82275,-74.62509,1771,76.5,,76.5,,,,,0.00,,1.4,5.8,,198,,,,,,,1.4,5.8,,198,,,28.26,,,,,,,,,,
RAQU,2017-08-21 16:00:00 EDT,43.82275,-74.62509,1771,76.8,,76.8,57.2,60.5,,,0.00,,2.0,6.0,,178,,,,,,,2.0,6.0,,178,,,28.26,,,,,,,,,,
RAQU,2017-08-21 16:05:00 EDT,43.82275,-74.62509,1771,76.7,,76.7,,,,,0.00,,1.5,5.1,,212,,,,,,,1.5,5.1,,212,,,28.25,,,,,,,,,,
RAQU,2017-08-21 16:10:00 EDT,43.82275,-74.62509,1771,76.9,,76.9,58.3,61.1,,,0.00,,2.0,5.9,,196,,,,,,,2.0,5.9,,196,,,28.25,,,,,,,,,,
RAQU,2017-08-21 16:15:00 EDT,43.82275,-74.62509,1771,76.9,,76.9,,,,,0.00,,1.1,3.3,,221,,,,,,,1.1,3.3,,221,,,28.25,,,,,,,,,,
RAQU,2017-08-21 16:20:00 EDT,43.82275,-74.62509,1771,76.9,,76.9,57.2,60.6,,,0.00,,1.3,6.4,,188,,,,,,,1.3,6.4,,188,,,28.25,,,,,,,,,,
RAQU,2017-08-21 16:25:00 EDT,43.82275,-74.62509,1771,75.8,,75.8,,,,,0.00,,1.7,4.8,,217,,,,,,,1.7,4.8,,217,,,28.25,,,,,,,,,,
RAQU,2017-08-21 16:30:00 EDT,43.82275,-74.62509,1771,76.0,,76.0,61.8,62.0,,,0.00,,1.3,4.0,,204,,,,,,,1.3,4.0,,204,,,28.25,,,,,,,,,,
RAQU,2017-08-21 16:35:00 EDT,43.82275,-74.62509,1771,76.3,,76.3,,,,,0.00,,1.5,6.1,,189,,,,,,,1.5,6.1,,189,,,28.25,,,,,,,,,,
RAQU,2017-08-21 16:40:00 EDT,43.82275,-74.62509,1771,76.3,,76.3,59.5,61.2,,,0.00,,2.0,5.8,,209,,,,,,,2.0,5.8,,209,,,28.25,,,,,,,,,,
RAQU,2017-08-21 16:45:00 EDT,43.82275,-74.62509,1771,76.2,,76.2,,,,,0.00,,1.9,4.5,,225,,,,,,,1.9,4.5,,225,,,28.25,,,,,,,,,,
RAQU,2017-08-21 16:50:00 EDT,43.82275,-74.62509,1771,75.9,76.0,75.9,60.3,61.2,,,0.00,,1.3,6.7,,189,,,,,,,1.3,6.7,,189,,224,28.25,,,,,72.7,68.5,66.7,0.28,0.56,0.58
RAQU,2017-08-21 16:55:00 EDT,43.82275,-74.62509,1771,75.9,,75.9,,,,,0.00,,2.4,9.8,,189,,,,,,,2.4,9.8,,189,,,28.24,,,,,,,,,,
RAQU,2017-08-21 17:00:00 EDT,43.82275,-74.62509,1771,75.9,,75.9,60.1,61.1,,,0.00,,1.9,6.5,,181,,,,,,,1.9,6.5,,181,,,28.24,,,,,,,,,,
RAQU,2017-08-21 17:05:00 EDT,43.82275,-74.62509,1771,76.0,,76.0,,,,,0.00,,2.1,7.7,,196,,,,,,,2.1,7.7,,196,,,28.24,,,,,,,,,,
RAQU,2017-08-21 17:10:00 EDT,43.82275,-74.62509,1771,75.3,,75.3,61.5,61.2,,,0.00,,1.4,5.2,,204,,,,,,,1.4,5.2,,204,,,28.24,,,,,,,,,,
RAQU,2017-08-21 17:15:00 EDT,43.82275,-74.62509,1771,75.1,,75.1,,,,,0.00,,0.9,3.5,,189,,,,,,,0.9,3.5,,189,,,28.24,,,,,,,,,,
RAQU,2017-08-21 17:20:00 EDT,43.82275,-74.62509,1771,75.1,,75.1,62.4,61.4,,,0.00,,1.2,4.5,,198,,,,,,,1.2,4.5,,198,,,28.24,,,,,,,,,,
RAQU,2017-08-21 17:25:00 EDT,43.82275,-74.62509,1771,75.1,,75.1,,,,,0.00,,1.2,4.9,,182,,,,,,,1.2,4.9,,182,,,28.24,,,,,,,,,,
RAQU,2017-08-21 17:30:00 EDT,43.82275,-74.62509,1771,74.5,,74.5,63.3,61.2,,,0.00,,0.8,3.3,,173,,,,,,,0.8,3.3,,173,,,28.24,,,,,,,,,,
RAQU,2017-08-21 17:35:00 EDT,43.82275,-74.62509,1771,74.6,,74.6,,,,,0.00,,0.2,2.0,,160,,,,,,,0.2,2.0,,160,,,28.24,,,,,,,,,,
RAQU,2017-08-21 17:40:00 EDT,43.82275,-74.62509,1771,73.2,,73.2,68.2,62.0,,,0.00,,0.8,2.6,,223,,,,,,,0.8,2.6,,223,,,28.24,,,,,,,,,,
RAQU,2017-08-21 17:45:00 EDT,43.82275,-74.62509,1771,74.0,,74.0,,,,,0.00,,0.9,4.5,,171,,,,,,,0.9,4.5,,171,,,28.24,,,,,,,,,,
RAQU,2017-08-21 17:50:00 EDT,43.82275,-74.62509,1771,73.8,75.4,73.8,66.7,62.0,,,0.00,,0.9,2.3,,178,,,,,,,0.9,2.3,,178,,60,28.24,,,,,72.7,68.6,66.7,0.28,0.56,0.58
RAQU,2017-08-21 17:55:00 EDT,43.82275,-74.62509,1771,73.4,,73.4,,,,,0.00,,1.1,3.8,,218,,,,,,,1.1,3.8,,218,,,28.24,,,,,,,,,,
RAQU,2017-08-21 18:00:00 EDT,43.82275,-74.62509,1771,72.9,,72.9,70.0,62.6,,,0.00,,0.5,1.7,,204,,,,,,,0.5,1.7,,204,,,28.23,,,,,,,,,,
RAQU,2017-08-21 18:05:00 EDT,43.82275,-74.62509,1771,72.4,,72.4,,,,,0.00,,0.6,3.7,,201,,,,,,,0.6,3.7,,201,,,28.23,,,,,,,,,,
RAQU,2017-08-21 18:10:00 EDT,43.82275,-74.62509,1771,73.1,,73.1,70.5,63.0,,,0.00,,1.3,5.8,,193,,,,,,,1.3,5.8,,193,,,28.23,,,,,,,,,,
RAQU,2017-08-21 18:15:00 EDT,43.82275,-74.62509,1771,73.2,,73.2,,,,,0.00,,0.7,3.3,,200,,,,,,,0.7,3.3,,200,,,28.23,,,,,,,,,,
RAQU,2017-08-21 18:20:00 EDT,43.82275,-74.62509,1771,71.9,,71.9,73.8,63.1,,,0.00,,0.4,1.5,,152,,,,,,,0.4,1.5,,152,,,28.23,,,,,,,,,,
RAQU,2017-08-21 18:25:00 EDT,43.82275,-74.62509,1771,72.4,,72.4,,,,,0.00,,0.8,3.6,,155,,,,,,,0.8,3.6,,155,,,28.23,,,,,,,,,,
RAQU,2017-08-21 18:30:00 EDT,43.82275,-74.62509,1771,72.0,,72.0,72.3,62.6,,,0.00,,0.6,3.6,,128,,,,,,,0.6,3.6,,128,,,28.23,,,,,,,,,,
RAQU,2017-08-21 18:35:00 EDT,43.82275,-74.62509,1771,71.2,,71.2,,,,,0.00,,0.4,4.7,,156,,,,,,,0.4,4.7,,156,,,28.23,,,,,,,,,,
RAQU,2017-08-21 18:40:00 EDT,43.82275,-74.62509,1771,71.6,,71.6,74.4,63.0,,,0.00,,1.2,4.2,,206,,,,,,,1.2,4.2,,206,,,28.23,,,,,,,,,,
RAQU,2017-08-21 18:45:00 EDT,43.82275,-74.62509,1771,71.1,,71.1,,,,,0.00,,0.2,1.2,,109,,,,,,,0.2,1.2,,109,,,28.23,,,,,,,,,,
RAQU,2017-08-21 18:50:00 EDT,43.82275,-74.62509,1771,70.4,72.1,70.4,79.0,63.6,,,0.00,,0.4,1.6,,28,,,,,,,0.4,1.6,,28,,32,28.23,,,,,72.3,68.9,66.7,0.28,0.56,0.58
RAQU,2017-08-21 18:55:00 EDT,43.82275,-74.62509,1771,70.1,,70.1,,,,,0.00,,0.5,1.9,,13,,,,,,,0.5,1.9,,13,,,28.23,,,,,,,,,,
RAQU,2017-08-21 19:00:00 EDT,43.82275,-74.62509,1771,69.9,,69.9,78.3,62.9,,,0.00,,0.3,1.2,,356,,,,,,,0.3,1.2,,356,,,28.23,,,,,,,,,,
RAQU,2017-08-21 19:05:00 EDT,43.82275,-74.62509,1771,69.8,,69.8,,,,,0.00,,0.0,0.6,,222,,,,,,,0.0,0.6,,222,,,28.23,,,,,,,,,,
RAQU,2017-08-21 19:10:00 EDT,43.82275,-74.62509,1771,69.8,,69.8,78.1,62.7,,,0.00,,0.0,0.0,,0,,,,,,,0.0,0.0,,0,,,28.23,,,,,,,,,,
RAQU,2017-08-21 19:15:00 EDT,43.82275,-74.62509,1771,69.6,,69.6,,,,,0.00,,0.1,0.7,,3,,,,,,,0.1,0.7,,3,,,28.23,,,,,,,,,,
RAQU,2017-08-21 19:20:00 EDT,43.82275,-74.62509,1771,69.3,,69.3,79.8,62.8,,,0.00,,0.0,0.0,,0,,,,,,,0.0,0.0,,0,,,28.23,,,,,,,,,,
RAQU,2017-08-21 19:25:00 EDT,43.82275,-74.62509,1771,69.1,,69.1,,,,,0.00,,0.0,0.4,,22,,,,,,,0.0,0.4,,22,,,28.23,,,,,,,,,,
RAQU,2017-08-21 19:30:00 EDT,43.82275,-74.62509,1771,68.9,,68.9,79.6,62.4,,,0.00,,0.0,0.1,,12,,,,,,,0.0,0.1,,12,,,28.23,,,,,,,,,,
RAQU,2017-08-21 19:35:00 EDT,43.82275,-74.62509,1771,68.6,,68.6,,,,,0.00,,0.0,0.0,,0,,,,,,,0.0,0.0,,0,,,28.23,,,,,,,,,,
RAQU,2017-08-21 19:40:00 EDT,43.82275,-74.62509,1771,68.4,,68.4,81.8,62.6,,,0.00,,0.0,0.4,,5,,,,,,,0.0,0.4,,5,,,28.23,,,,,,,,,,
RAQU,2017-08-21 19:45:00 EDT,43.82275,-74.62509,1771,68.1,,68.1,,,,,0.00,,0.0,0.0,,0,,,,,,,0.0,0.0,,0,,,28.23,,,,,,,,,,
RAQU,2017-08-21 19:50:00 EDT,43.82275,-74.62509,1771,67.8,68.3,67.8,83.1,62.5,,,0.00,,0.0,0.0,,0,,,,,,,0.0,0.0,,0,,4,28.23,,,,,71.8,69.3,66.7,0.28,0.56,0.58
RAQU,2017-08-21 19:55:00 EDT,43.82275,-74.62509,1771,67.5,,67.5,,,,,0.00,,0.0,0.0,,0,,,,,,,0.0,0.0,,0,,,28.23,,,,,,,,,,
RAQU,2017-08-21 20:00:00 EDT,43.82275,-74.62509,1771,67.2,,67.2,84.7,62.5,,,0.00,,0.0,0.0,,0,,,,,,,0.0,0.0,,0,,,28.23,,,,,,,,,,
RAQU,2017-08-21 20:05:00 EDT,43.82275,-74.62509,1771,66.9,,66.9,,,,,0.00,,0.0,0.0,,0,,,,,,,0.0,0.0,,0,,,28.23,,,,,,,,,,
RAQU,2017-08-21 20:10:00 EDT,43.82275,-74.62509,1771,66.7,,66.7,84.8,61.9,,,0.00,,0.0,0.0,,0,,,,,,,0.0,0.0,,0,,,28.23,,,,,,,,,,
RAQU,2017-08-21 20:15:00 EDT,43.82275,-74.62509,1771,66.3,,66.3,,,,,0.00,,0.1,1.0,,154,,,,,,,0.1,1.0,,154,,,28.23,,,,,,,,,,
RAQU,2017-08-21 20:20:00 EDT,43.82275,-74.62509,1771,66.3,,66.3,85.9,61.9,,,0.00,,0.0,0.0,,0,,,,,,,0.0,0.0,,0,,,28.23,,,,,,,,,,
RAQU,2017-08-21 20:25:00 EDT,43.82275,-74.62509,1771,66.1,,66.1,,,,,0.00,,0.2,1.2,,58,,,,,,,0.2,1.2,,58,,,28.23,,,,,,,,,,
RAQU,2017-08-21 20:30:00 EDT,43.82275,-74.62509,1771,66.2,,66.2,87.4,62.4,,,0.00,,0.1,0.7,,276,,,,,,,0.1,0.7,,276,,,28.23,,,,,,,,,,
RAQU,2017-08-21 20:35:00 EDT,43.82275,-74.62509,1771,66.6,,66.6,,,,,0.00,,0.2,0.9,,253,,,,,,,0.2,0.9,,253,,,28.23,,,,,,,,,,
RAQU,2017-08-21 20:40:00 EDT,43.82275,-74.62509,1771,66.7,,66.7,86.5,62.5,,,0.00,,0.2,1.2,,234,,,,,,,0.2,1.2,,234,,,28.23,,,,,,,,,,
RAQU,2017-08-21 20:45:00 EDT,43.82275,-74.62509,1771,66.5,,66.5,,,,,0.00,,0.0,0.0,,0,,,,,,,0.0,0.0,,0,,,28.23,,,,,,,,,,
RAQU,2017-08-21 20:50:00 EDT,43.82275,-74.62509,1771,66.2,67.1,66.2,86.7,62.1,,,0.00,,0.1,1.4,,137,,,,,,,0.1,1.4,,137,,0,28.23,,,,,71.4,69.3,66.7,0.28,0.56,0.58
RAQU,2017-08-21 20:55:00 EDT,43.82275,-74.62509,1771,65.9,,65.9,,,,,0.00,,0.5,1.2,,340,,,,,,,0.5,1.2,,340,,,28.23,,,,,,,,,,
RAQU,2017-08-21 21:00:00 EDT,43.82275,-74.62509,1771,65.7,,65.7,87.0,61.7,,,0.00,,0.6,1.2,,345,,,,,,,0.6,1.2,,345,,,28.23,,,,,,,,,,
RAQU,2017-08-21 21:05:00 EDT,43.82275,-74.62509,1771,65.6,,65.6,,,,,0.00,,0.1,0.6,,352,,,,,,,0.1,0.6,,352,,,28.23,,,,,,,,,,
RAQU,2017-08-21 21:10:00 EDT,43.82275,-74.62509,1771,65.3,,65.3,88.0,61.7,,,0.00,,0.6,0.9,,339,,,,,,,0.6,0.9,,339,,,28.23,,,,,,,,,,
RAQU,2017-08-21 21:15:00 EDT,43.82275,-74.62509,1771,65.2,,65.2,,,,,0.00,,0.1,0.5,,344,,,,,,,0.1,0.5,,344,,,28.23,,,,,,,,,,
RAQU,2017-08-21 21:20:00 EDT,43.82275,-74.62509,1771,64.8,,64.8,88.6,61.4,,,0.00,,0.0,0.0,,0,,,,,,,0.0,0.0,,0,,,28.23,,,,,,,,,,
RAQU,2017-08-21 21:25:00 EDT,43.82275,-74.62509,1771,64.4,,64.4,,,,,0.00,,0.0,0.0,,0,,,,,,,0.0,0.0,,0,,,28.23,,,,,,,,,,
RAQU,2017-08-21 21:30:00 EDT,43.82275,-74.62509,1771,64.3,,64.3,89.2,61.1,,,0.00,,0.0,0.0,,0,,,,,,,0.0,0.0,,0,,,28.23,,,,,,,,,,
RAQU,2017-08-21 21:35:00 EDT,43.82275,-74.62509,1771,64.2,,64.2,,,,,0.00,,0.0,0.0,,0,,,,,,,0.0,0.0,,0,,,28.23,,,,,,,,,,
RAQU,2017-08-21 21:40:00 EDT,43.82275,-74.62509,1771,64.1,,64.1,91.1,61.5,,,0.00,,0.0,0.0,,0,,,,,,,0.0,0.0,,0,,,28.23,,,,,,,,,,
RAQU,2017-08-21 21:45:00 EDT,43.82275,-74.62509,1771,63.9,,63.9,,,,,0.00,,0.0,0.0,,0,,,,,,,0.0,0.0,,0,,,28.23,,,,,,,,,,
RAQU,2017-08-21 21:50:00 EDT,43.82275,-74.62509,1771,63.8,64.2,63.8,92.6,61.6,,,0.00,,0.0,0.0,,0,,,,,,,0.0,0.0,,0,,0,28.23,,,,,70.7,69.4,66.7,0.28,0.56,0.58
RAQU,2017-08-21 21:55:00 EDT,43.82275,-74.62509,1771,63.7,,63.7,,,,,0.00,,0.0,0.0,,0,,,,,,,0.0,0.0,,0,,,28.23,,,,,,,,,,
RAQU,2017-08-21 22:00:00 EDT,43.82275,-74.62509,1771,63.6,,63.6,92.7,61.5,,,0.00,,0.0,0.0,,0,,,,,,,0.0,0.0,,0,,,28.23,,,,,,,,,,
RAQU,2017-08-21 22:05:00 EDT,43.82275,-74.62509,1771,63.4,,63.4,,,,,0.00,,0.1,1.0,,12,,,,,,,0.1,1.0,,12,,,28.23,,,,,,,,,,
RAQU,2017-08-21 22:10:00 EDT,43.82275,-74.62509,1771,63.3,,63.3,93.6,61.4,,,0.00,,0.0,0.4,,34,,,,,,,0.0,0.4,,34,,,28.22,,,,,,,,,,
RAQU,2017-08-21 22:15:00 EDT,43.82275,-74.62509,1771,63.4,,63.4,,,,,0.00,,0.2,0.7,,30,,,,,,,0.2,0.7,,30,,,28.22,,,,,,,,,,
RAQU,2017-08-21 22:20:00 EDT,43.82275,-74.62509,1771,63.3,,63.3,93.8,61.5,,,0.00,,0.1,0.9,,20,,,,,,,0.1,0.9,,20,,,28.22,,,,,,,,,,
RAQU,2017-08-21 22:25:00 EDT,43.82275,-74.62509,1771,63.3,,63.3,,,,,0.00,,0.1,0.6,,26,,,,,,,0.1,0.6,,26,,,28.22,,,,,,,,,,
RAQU,2017-08-21 22:30:00 EDT,43.82275,-74.62509,1771,63.2,,63.2,93.5,61.3,,,0.00,,0.1,0.6,,3,,,,,,,0.1,0.6,,3,,,28.22,,,,,,,,,,
RAQU,2017-08-21 22:35:00 EDT,43.82275,-74.62509,1771,63.0,,63.0,,,,,0.00,,0.0,0.4,,310,,,,,,,0.0,0.4,,310,,,28.22,,,,,,,,,,
RAQU,2017-08-21 22:40:00 EDT,43.82275,-74.62509,1771,63.1,,63.1,93.6,61.2,,,0.00,,0.1,0.5,,338,,,,,,,0.1,0.5,,338,,,28.22,,,,,,,,,,
RAQU,2017-08-21 22:45:00 EDT,43.82275,-74.62509,1771,63.1,,63.1,,,,,0.00,,0.2,0.9,,1,,,,,,,0.2,0.9,,1,,,28.22,,,,,,,,,,
RAQU,2017-08-21 22:50:00 EDT,43.82275,-74.62509,1771,63.2,63.1,63.2,93.2,61.2,,,0.00,,0.2,0.8,,6,,,,,,,0.2,0.8,,6,,0,28.23,,,,,70.3,69.6,66.7,0.28,0.56,0.58
RAQU,2017-08-21 22:55:00 EDT,43.82275,-74.62509,1771,63.1,,63.1,,,,,0.00,,0.1,0.6,,22,,,,,,,0.1,0.6,,22,,,28.23,,,,,,,,,,
RAQU,2017-08-21 23:00:00 EDT,43.82275,-74.62509,1771,62.9,,62.9,93.2,60.9,,,0.00,,0.9,1.4,,357,,,,,,,0.9,1.4,,357,,,28.23,,,,,,,,,,
RAQU,2017-08-21 23:05:00 EDT,43.82275,-74.62509,1771,62.8,,62.8,,,,,0.00,,0.3,1.0,,358,,,,,,,0.3,1.0,,358,,,28.23,,,,,,,,,,
RAQU,2017-08-21 23:10:00 EDT,43.82275,-74.62509,1771,62.4,,62.4,93.6,60.6,,,0.00,,0.0,0.0,,0,,,,,,,0.0,0.0,,0,,,28.23,,,,,,,,,,
RAQU,2017-08-21 23:15:00 EDT,43.82275,-74.62509,1771,62.2,,62.2,,,,,0.00,,0.0,0.0,,0,,,,,,,0.0,0.0,,0,,,28.23,,,,,,,,,,
RAQU,2017-08-21 23:20:00 EDT,43.82275,-74.62509,1771,62.2,,62.2,95.2,60.8,,,0.00,,0.0,0.5,,11,,,,,,,0.0,0.5,,11,,,28.23,,,,,,,,,,
RAQU,2017-08-21 23:25:00 EDT,43.82275,-74.62509,1771,62.4,,62.4,,,,,0.00,,0.3,0.9,,7,,,,,,,0.3,0.9,,7,,,28.23,,,,,,,,,,
RAQU,2017-08-21 23:30:00 EDT,43.82275,-74.62509,1771,62.4,,62.4,95.2,61.0,,,0.00,,0.4,0.9,,4,,,,,,,0.4,0.9,,4,,,28.23,,,,,,,,,,
RAQU,2017-08-21 23:35:00 EDT,43.82275,-74.62509,1771,62.3,,62.3,,,,,0.00,,0.0,0.0,,0,,,,,,,0.0,0.0,,0,,,28.23,,,,,,,,,,
RAQU,2017-08-21 23:40:00 EDT,43.82275,-74.62509,1771,62.0,,62.0,95.2,60.6,,,0.00,,0.0,0.0,,0,,,,,,,0.0,0.0,,0,,,28.23,,,,,,,,,,
RAQU,2017-08-21 23:45:00 EDT,43.82275,-74.62509,1771,62.0,,62.0,,,,,0.00,,0.2,1.0,,113,,,,,,,0.2,1.0,,113,,,28.23,,,,,,,,,,
RAQU,2017-08-21 23:50:00 EDT,43.82275,-74.62509,1771,62.0,62.4,62.0,96.0,60.9,,,0.00,,0.0,0.7,,136,,,,,,,0.0,0.7,,136,,0,28.23,,,,,69.7,69.6,66.7,0.28,0.56,0.58
RAQU,2017-08-21 23:55:00 EDT,43.82275,-74.62509,1771,62.0,,62.0,,,,,0.00,,0.1,1.2,,82,,,,,,,0.1,1.2,,82,,,28.22,,,,,,,,,,
REDF,2017-08-21 00:00:00 EDT,43.62218,-75.87769,1248,57.8,58.6,57.8,98.3,57.3,0.000,0.008,0.00,0.000,0.0,0.0,0.0,0,0,0.0,0.0,0.0,0,0,0.0,0.0,0.0,0,0,0,,,0,0,0,68.6,67.1,64.4,0.43,0.39,0.27
REDF,2017-08-21 00:05:00 EDT,43.62218,-75.87769,1248,57.9,58.6,57.9,98.3,57.4,0.000,0.000,0.00,0.000,0.0,0.0,0.0,0,0,0.0,0.0,0.0,0,0,0.0,0.0,0.0,0,0,0,,,0,0,0,68.5,67.1,64.4,0.42,0.39,0.27
REDF,2017-08-21 00:10:00 EDT,43.62218,-75.87769,1248,57.7,58.5,57.7,98.3,57.2,0.000,0.000,0.00,0.000,0.0,0.0,0.0,0,0,0.2,0.9,0.3,70,4,0.0,0.0,0.0,0,0,0,,,0,0,0,68.5,67.1,64.4,0.43,0.39,0.27
REDF,2017-08-21 00:15:00 EDT,43.62218,-75.87769,1248,57.7,58.5,57.7,98.2,57.2,0.000,0.000,0.00,0.000,0.0,0.0,0.0,0,0,0.2,0.9,0.3,72,3,0.0,0.0,0.0,0,0,0,,,0,0,0,68.5,67.1,64.4,0.43,0.39,0.27
REDF,2017-08-21 00:20:00 EDT,43.62218,-75.87769,1248,57.7,58.3,57.7,98.2,57.2,0.000,0.000,0.00,0.000,0.0,0.4,0.1,0,0,0.2,0.9,0.3,11,2,0.0,0.4,0.1,0,0,0,,,0,0,0,68.5,67.1,64.4,0.42,0.39,0.27
REDF,2017-08-21 00:25:00 EDT,43.62218,-75.87769,1248,57.5,58.3,57.5,98.2,57.0,0.000,0.000,0.00,0.000,0.0,0.1,0.0,54,0,0.4,0.9,0.4,67,7,0.0,0.1,0.0,54,0,0,28.83,,0,0,0,68.5,67.1,64.4,0.42,0.39,0.27
REDF,2017-08-21 00:30:00 EDT,43.62218,-75.87769,1248,57.5,58.2,57.5,98.2,57.0,0.000,0.000,0.00,0.000,0.5,0.9,0.3,61,5,0.9,1.4,0.4,68,7,0.5,0.9,0.3,61,5,0,,,0,0,0,68.5,67.1,64.4,0.42,0.39,0.27
REDF,2017-08-21 00:35:00 EDT,43.62218,-75.87769,1248,57.5,58.2,57.5,98.3,57.0,0.000,0.000,0.00,0.000,1.0,1.3,0.3,76,13,1.4,2.3,0.3,75,15,1.0,1.3,0.3,76,13,0,,,0,0,0,68.5,67.1,64.4,0.42,0.39,0.27
REDF,2017-08-21 00:40:00 EDT,43.62218,-75.87769,1248,57.2,58.2,57.2,98.2,56.7,0.000,0.000,0.00,0.000,0.2,1.2,0.3,119,23,0.3,1.7,0.5,106,23,0.2,1.2,0.3,119,23,0,,,0,0,0,68.5,67.1,64.4,0.42,0.39,0.27
REDF,2017-08-21 00:45:00 EDT,43.62218,-75.87769,1248,56.6,57.8,56.6,97.9,56.0,0.000,0.000,0.00,0.000,0.4,1.3,0.4,212,19,0.5,1.8,0.5,202,21,0.4,1.3,0.4,212,19,0,,,0,0,0,68.4,67.1,64.4,0.43,0.39,0.27
REDF,2017-08-21 00:50:00 EDT,43.62218,-75.87769,1248,56.9,57.8,56.9,98.0,56.4,0.000,0.000,0.00,0.000,0.0,0.6,0.1,227,81,0.0,0.7,0.1,230,2,0.0,0.6,0.1,227,81,0,,,0,0,0,68.4,67.1,64.4,0.43,0.39,0.27
REDF,2017-08-21 00:55:00 EDT,43.62218,-75.87769,1248,57.0,57.9,57.0,98.3,56.5,0.000,0.000,0.00,0.000,0.0,0.0,0.0,0,0,0.0,0.0,0.0,0,0,0.0,0.0,0.0,0,0,0,,,0,0,0,68.2,67.1,64.4,0.42,0.39,0.27
REDF,2017-08-21 01:00:00 EDT,43.62218,-75.87769,1248,56.8,57.8,56.8,98.3,56.4,0.000,0.000,0.00,0.000,0.0,0.2,0.0,75,4,0.3,1.1,0.4,94,12,0.0,0.2,0.0,75,4,0,28.83,,0,0,0,68.2,67.1,64.4,0.42,0.39,0.27
REDF,2017-08-21 01:05:00 EDT,43.62218,-75.87769,1248,56.8,57.9,56.8,98.3,56.3,0.000,0.000,0.00,0.000,0.1,0.4,0.1,111,1,0.2,0.9,0.3,123,5,0.1,0.4,0.1,111,1,0,,,0,0,0,68.2,67.1,64.4,0.43,0.39,0.27
REDF,2017-08-21 01:10:00 EDT,43.62218,-75.87769,1248,56.7,57.7,56.7,98.2,56.2,0.000,0.000,0.00,0.000,0.0,0.4,0.1,157,0,0.2,1.0,0.4,174,5,0.0,0.4,0.1,157,0,0,,,0,0,0,68.1,67.1,64.4,0.43,0.39,0.27
REDF,2017-08-21 01:15:00 EDT,43.62218,-75.87769,1248,56.8,57.7,56.8,98.3,56.4,0.000,0.000,0.00,0.000,0.0,0.4,0.1,72,0,0.2,1.1,0.4,69,3,0.0,0.4,0.1,72,0,0,,,0,0,0,68.0,67.1,64.4,0.43,0.39,0.27
REDF,2017-08-21 01:20:00 EDT,43.62218,-75.87769,1248,57.0,57.7,57.0,98.4,56.6,0.000,0.000,0.00,0.000,0.2,0.7,0.3,70,8,0.6,1.0,0.4,38,23,0.2,0.7,0.3,70,8,0,,,0,0,0,67.9,67.1,64.4,0.43,0.39,0.27
REDF,2017-08-21 01:25:00 EDT,43.62218,-75.87769,1248,57.2,57.9,57.2,98.4,56.7,0.000,0.000,0.00,0.000,0.0,0.0,0.0,0,0,0.1,0.9,0.2,15,15,0.0,0.0,0.0,0,0,0,,,0,0,0,67.9,67.1,64.4,0.43,0.39,0.27
REDF,2017-08-21 01:30:00 EDT,43.62218,-75.87769,1248,56.7,57.8,56.7,98.4,56.3,0.000,0.000,0.00,0.000,0.0,0.1,0.0,57,0,0.2,1.0,0.4,53,14,0.0,0.1,0.0,57,0,0,,,0,0,0,67.8,67.1,64.4,0.42,0.39,0.27
REDF,2017-08-21 01:35:00 EDT,43.62218,-75.87769,1248,56.3,57.7,56.3,98.3,55.8,0.000,0.000,0.00,0.000,0.0,0.7,0.2,69,0,0.2,1.3,0.4,55,11,0.0,0.7,0.2,69,0,0,28.83,,0,0,0,67.9,67.1,64.4,0.42,0.39,0.27
REDF,2017-08-21 01:40:00 EDT,43.62218,-75.87769,1248,55.8,57.5,55.8,98.1,55.2,0.000,0.000,0.00,0.000,0.0,0.0,0.0,0,0,0.1,1.0,0.3,345,8,0.0,0.0,0.0,0,0,0,,,0,0,0,67.9,67.1,64.4,0.42,0.39,0.27
REDF,2017-08-21 01:45:00 EDT,43.62218,-75.87769,1248,56.1,57.2,56.1,98.2,55.6,0.000,0.000,0.00,0.000,0.4,0.9,0.3,329,3,0.4,1.2,0.4,345,32,0.4,0.9,0.3,329,3,0,,,0,0,0,67.8,67.1,64.4,0.43,0.39,0.27
REDF,2017-08-21 01:50:00 EDT,43.62218,-75.87769,1248,56.0,57.4,56.0,98.2,55.6,0.000,0.000,0.00,0.000,0.0,0.0,0.0,0,0,0.1,0.9,0.2,296,1,0.0,0.0,0.0,0,0,0,,,0,0,0,67.8,67.1,64.4,0.42,0.39,0.27
REDF,2017-08-21 01:55:00 EDT,43.62218,-75.87769,1248,56.4,57.5,56.4,98.4,56.0,0.000,0.000,0.00,0.000,0.0,0.4,0.1,24,0,0.1,1.0,0.2,28,3,0.0,0.4,0.1,24,0,0,,,0,0,0,67.8,67.1,64.4,0.42,0.39,0.27
REDF,2017-08-21 02:00:00 EDT,43.62218,-75.87769,1248,56.7,57.7,56.7,98.5,56.3,0.000,0.000,0.00,0.000,0.5,0.9,0.3,27,4,0.6,1.3,0.5,31,9,0.5,0.9,0.3,27,4,0,,,0,0,0,67.8,67.1,64.4,0.43,0.39,0.27
REDF,2017-08-21 02:05:00 EDT,43.62218,-75.87769,1248,56.6,57.7,56.6,98.5,56.1,0.000,0.000,0.00,0.000,0.3,1.1,0.4,54,3,0.4,1.4,0.5,57,4,0.3,1.1,0.4,54,3,0,,,0,0,0,67.8,67.1,64.4,0.42,0.39,0.27
REDF,2017-08-21 02:10:00 EDT,43.62218,-75.87769,1248,56.8,57.8,56.8,98.6,56.4,0.000,0.000,0.00,0.000,0.7,1.2,0.2,65,12,1.0,1.4,0.3,69,12,0.7,1.2,0.2,65,12,0,28.83,,0,0,0,67.8,67.1,64.4,0.42,0.39,0.27
REDF,2017-08-21 02:15:00 EDT,43.62218,-75.87769,1248,56.9,57.8,56.9,98.6,56.5,0.000,0.000,0.00,0.000,0.5,1.1,0.4,73,12,0.7,1.6,0.6,71,11,0.5,1.1,0.4,73,12,0,,,0,0,0,67.6,67.1,64.4,0.42,0.39,0.27
REDF,2017-08-21 02:20:00 EDT,43.62218,-75.87769,1248,56.4,57.6,56.4,98.5,56.0,0.000,0.000,0.00,0.000,0.0,0.0,0.0,0,0,0.0,0.8,0.1,80,1,0.0,0.0,0.0,0,0,0,,,0,0,0,67.5,67.1,64.4,0.43,0.39,0.26
REDF,2017-08-21 02:25:00 EDT,43.62218,-75.87769,1248,56.5,57.7,56.5,98.5,56.0,0.000,0.000,0.00,0.000,0.0,0.0,0.0,0,0,0.0,0.7,0.2,63,1,0.0,0.0,0.0,0,0,0,,,0,0,0,67.5,67.1,64.4,0.42,0.39,0.27
REDF,2017-08-21 02:30:00 EDT,43.62218,-75.87769,1248,55.5,57.4,55.5,98.4,55.1,0.000,0.000,0.00,0.000,0.2,0.7,0.3,20,7,0.4,1.3,0.4,14,16,0.2,0.7,0.3,20,7,0,,,0,0,0,67.5,67.1,64.4,0.42,0.40,0.27
REDF,2017-08-21 02:35:00 EDT,43.62218,-75.87769,1248,55.9,57.3,55.9,98.4,55.4,0.000,0.000,0.00,0.000,0.2,0.6,0.2,42,8,0.3,0.9,0.4,51,9,0.2,0.6,0.2,42,8,0,28.83,,0,0,0,67.5,67.1,64.4,0.42,0.39,0.27
REDF,2017-08-21 02:40:00 EDT,43.62218,-75.87769,1248,56.1,57.4,56.1,98.5,55.6,0.000,0.000,0.00,0.000,0.6,1.6,0.5,50,8,0.9,1.8,0.5,53,10,0.6,1.6,0.5,50,8,0,,,0,0,0,67.5,67.1,64.4,0.42,0.39,0.27
REDF,2017-08-21 02:45:00 EDT,43.62218,-75.87769,1248,56.1,57.5,56.1,98.5,55.7,0.000,0.000,0.00,0.000,0.9,1.5,0.2,67,12,1.2,1.9,0.3,68,15,0.9,1.5,0.2,67,12,0,,,0,0,0,67.5,67.1,64.4,0.42,0.39,0.27
REDF,2017-08-21 02:50:00 EDT,43.62218,-75.87769,1248,55.9,57.3,55.9,98.5,55.5,0.000,0.000,0.00,0.000,0.5,1.6,0.5,338,35,0.8,1.9,0.6,331,32,0.5,1.6,0.5,338,35,0,,,0,0,0,67.4,67.1,64.4,0.43,0.39,0.26
REDF,2017-08-21 02:55:00 EDT,43.62218,-75.87769,1248,55.3,57.2,55.3,98.5,54.9,0.000,0.000,0.00,0.000,0.2,0.8,0.3,50,6,0.4,1.1,0.4,54,19,0.2,0.8,0.3,50,6,0,,,0,0,0,67.3,67.1,64.4,0.43,0.39,0.27
REDF,2017-08-21 03:00:00 EDT,43.62218,-75.87769,1248,55.6,57.1,55.6,98.5,55.2,0.000,0.000,0.00,0.000,0.4,0.7,0.2,66,0,0.8,1.2,0.3,72,8,0.4,0.7,0.2,66,0,0,,,0,0,0,67.2,67.1,64.4,0.42,0.39,0.27
REDF,2017-08-21 03:05:00 EDT,43.62218,-75.87769,1248,55.9,57.2,55.9,98.6,55.5,0.000,0.000,0.00,0.000,0.3,0.7,0.3,66,81,0.5,1.2,0.5,67,4,0.3,0.7,0.3,66,81,0,,,0,0,0,67.2,67.1,64.4,0.43,0.39,0.27
REDF,2017-08-21 03:10:00 EDT,43.62218,-75.87769,1248,55.5,56.9,55.5,98.6,55.1,0.000,0.000,0.00,0.000,0.0,0.0,0.0,0,0,0.0,0.7,0.2,42,3,0.0,0.0,0.0,0,0,0,28.84,,0,0,0,67.2,67.1,64.4,0.43,0.39,0.26
REDF,2017-08-21 03:15:00 EDT,43.62218,-75.87769,1248,55.7,57.0,55.7,98.6,55.3,0.000,0.000,0.00,0.000,0.5,0.8,0.3,66,81,0.6,1.1,0.4,55,6,0.5,0.8,0.3,66,81,0,,,0,0,0,67.2,67.1,64.4,0.43,0.39,0.27
REDF,2017-08-21 03:20:00 EDT,43.62218,-75.87769,1248,56.0,57.1,56.0,98.7,55.7,0.000,0.000,0.00,0.000,0.9,1.3,0.2,63,3,1.1,1.5,0.2,56,3,0.9,1.3,0.2,63,3,0,,,0,0,0,67.1,67.1,64.4,0.43,0.39,0.27
REDF,2017-08-21 03:25:00 EDT,43.62218,-75.87769,1248,55.8,57.1,55.8,98.8,55.5,0.000,0.000,0.00,0.000,0.6,1.2,0.3,62,4,0.8,1.5,0.4,64,7,0.6,1.2,0.3,62,4,0,,,0,0,0,67.2,67.1,64.4,0.43,0.39,0.27
REDF,2017-08-21 03:30:00 EDT,43.62218,-75.87769,1248,56.1,57.2,56.1,98.8,55.8,0.000,0.000,0.00,0.000,0.2,0.9,0.3,107,20,0.5,1.3,0.5,108,21,0.2,0.9,0.3,107,20,0,,,0,0,0,67.1,67.1,64.4,0.43,0.39,0.26
REDF,2017-08-21 03:35:00 EDT,43.62218,-75.87769,1248,55.7,57.0,55.7,98.7,55.3,0.000,0.000,0.00,0.000,0.0,0.7,0.1,100,2,0.1,1.1,0.3,71,7,0.0,0.7,0.1,100,2,0,,,0,0,0,67.1,67.1,64.4,0.42,0.39,0.26
REDF,2017-08-21 03:40:00 EDT,43.62218,-75.87769,1248,55.8,56.9,55.8,98.7,55.4,0.000,0.000,0.00,0.000,0.0,0.3,0.0,83,81,0.1,1.0,0.3,58,5,0.0,0.3,0.0,83,81,0,,,0,0,0,67.1,67.1,64.4,0.43,0.39,0.27
REDF,2017-08-21 03:45:00 EDT,43.62218,-75.87769,1248,55.7,56.9,55.7,98.7,55.4,0.000,0.000,0.00,0.000,0.3,1.0,0.3,74,2,0.6,1.6,0.5,62,8,0.3,1.0,0.3,74,2,0,28.84,,0,0,0,67.1,67.1,64.4,0.42,0.39,0.27
REDF,2017-08-21 03:50:00 EDT,43.62218,-75.87769,1248,55.6,57.0,55.6,98.7,55.2,0.000,0.000,0.00,0.000,0.1,0.7,0.2,65,2,0.3,1.1,0.4,54,6,0.1,0.7,0.2,65,2,0,,,0,0,0,67.1,67.0,64.4,0.43,0.39,0.27
REDF,2017-08-21 03:55:00 EDT,43.62218,-75.87769,1248,55.2,56.7,55.2,98.7,54.8,0.000,0.000,0.00,0.000,0.2,0.9,0.3,65,4,0.4,1.5,0.5,69,4,0.2,0.9,0.3,65,4,0,,,0,0,0,66.9,67.1,64.4,0.43,0.39,0.26
REDF,2017-08-21 04:00:00 EDT,43.62218,-75.87769,1248,55.2,56.6,55.2,98.7,54.8,0.000,0.000,0.00,0.000,0.3,0.9,0.3,66,5,0.6,1.5,0.5,68,10,0.3,0.9,0.3,66,5,0,,,0,0,0,66.8,67.1,64.4,0.43,0.39,0.27
REDF,2017-08-21 04:05:00 EDT,43.62218,-75.87769,1248,55.5,56.5,55.5,98.7,55.2,0.000,0.000,0.00,0.000,0.3,0.9,0.3,67,8,0.6,1.4,0.5,69,13,0.3,0.9,0.3,67,8,0,,,0,0,0,66.7,67.1,64.4,0.43,0.39,0.27
REDF,2017-08-21 04:10:00 EDT,43.62218,-75.87769,1248,55.1,56.4,55.1,98.7,54.8,0.000,0.000,0.00,0.000,0.0,0.4,0.1,81,0,0.2,1.0,0.4,86,5,0.0,0.4,0.1,81,0,0,,,0,0,0,66.7,67.0,64.4,0.43,0.39,0.27
REDF,2017-08-21 04:15:00 EDT,43.62218,-75.87769,1248,54.5,56.4,54.5,98.6,54.1,0.000,0.000,0.00,0.000,0.2,1.0,0.3,81,0,0.4,1.6,0.5,71,5,0.2,1.0,0.3,81,0,0,,,0,0,0,66.7,67.1,64.4,0.43,0.39,0.27
REDF,2017-08-21 04:20:00 EDT,43.62218,-75.87769,1248,55.1,57.0,55.1,98.8,54.7,0.000,0.000,0.00,0.000,1.0,2.6,0.7,101,15,1.4,3.3,0.7,98,15,1.0,2.6,0.7,101,15,0,28.84,,0,0,0,66.7,67.0,64.4,0.42,0.39,0.26
REDF,2017-08-21 04:25:00 EDT,43.62218,-75.87769,1248,55.0,57.1,55.0,98.7,54.6,0.000,0.000,0.00,0.000,0.5,1.3,0.4,114,12,0.8,1.9,0.6,114,16,0.5,1.3,0.4,114,12,0,,,0,0,0,66.7,67.0,64.4,0.43,0.39,0.27
REDF,2017-08-21 04:30:00 EDT,43.62218,-75.87769,1248,54.3,56.0,54.3,98.6,53.9,0.000,0.000,0.00,0.000,0.6,1.0,0.3,308,24,0.8,1.4,0.4,308,28,0.6,1.0,0.3,308,24,0,,,0,0,0,66.7,67.0,64.4,0.42,0.40,0.26
REDF,2017-08-21 04:35:00 EDT,43.62218,-75.87769,1248,54.3,55.9,54.3,98.6,53.9,0.000,0.000,0.00,0.000,0.3,0.8,0.3,8,4,0.4,1.1,0.4,8,7,0.3,0.8,0.3,8,4,0,,,0,0,0,66.6,67.0,64.4,0.43,0.39,0.27
REDF,2017-08-21 04:40:00 EDT,43.62218,-75.87769,1248,54.6,56.2,54.6,98.7,54.3,0.000,0.000,0.00,0.000,0.3,0.9,0.3,359,20,0.6,1.4,0.5,1,25,0.3,0.9,0.3,359,20,0,,,0,0,0,66.6,66.9,64.4,0.43,0.39,0.26
REDF,2017-08-21 04:45:00 EDT,43.62218,-75.87769,1248,54.7,56.8,54.7,98.7,54.4,0.000,0.000,0.00,0.000,0.5,2.5,0.6,86,21,0.8,2.9,0.7,82,20,0.5,2.5,0.6,86,21,0,,,0,0,0,66.5,67.0,64.4,0.42,0.39,0.27
REDF,2017-08-21 04:50:00 EDT,43.62218,-75.87769,1248,55.5,58.3,55.5,98.9,55.2,0.000,0.000,0.00,0.000,1.4,2.9,0.6,92,22,1.7,4.0,0.8,89,21,1.4,2.9,0.6,92,22,0,,,0,0,0,66.5,66.9,64.4,0.42,0.39,0.26
REDF,2017-08-21 04:55:00 EDT,43.62218,-75.87769,1248,54.4,56.8,54.4,98.6,54.0,0.000,0.000,0.00,0.000,0.3,1.2,0.4,55,17,0.6,1.7,0.5,51,24,0.3,1.2,0.4,55,17,0,28.84,,0,0,0,66.4,66.9,64.4,0.42,0.39,0.26
REDF,2017-08-21 05:00:00 EDT,43.62218,-75.87769,1248,54.1,56.5,54.1,98.6,53.7,0.000,0.000,0.00,0.000,0.1,0.9,0.2,85,18,0.4,1.5,0.5,76,27,0.1,0.9,0.2,85,18,0,,,0,0,0,66.4,66.9,64.4,0.43,0.39,0.27
REDF,2017-08-21 05:05:00 EDT,43.62218,-75.87769,1248,54.8,56.8,54.8,98.9,54.5,0.000,0.000,0.00,0.000,0.3,1.1,0.4,105,3,0.5,1.6,0.6,105,6,0.3,1.1,0.4,105,3,0,,,0,0,0,66.4,66.9,64.4,0.43,0.39,0.27
REDF,2017-08-21 05:10:00 EDT,43.62218,-75.87769,1248,54.7,56.7,54.7,98.8,54.3,0.000,0.000,0.00,0.000,0.0,0.9,0.2,77,2,0.3,1.6,0.4,67,7,0.0,0.9,0.2,77,2,0,,,0,0,0,66.4,66.9,64.4,0.43,0.39,0.26
REDF,2017-08-21 05:15:00 EDT,43.62218,-75.87769,1248,54.8,56.8,54.8,98.8,54.5,0.000,0.000,0.00,0.000,0.1,0.9,0.2,59,3,0.2,1.5,0.4,56,24,0.1,0.9,0.2,59,3,0,,,0,0,0,66.4,66.9,64.4,0.42,0.39,0.27
REDF,2017-08-21 05:20:00 EDT,43.62218,-75.87769,1248,54.8,56.7,54.8,98.8,54.4,0.000,0.000,0.00,0.000,0.0,0.0,0.0,0,0,0.2,1.1,0.4,72,5,0.0,0.0,0.0,0,0,0,,,0,0,0,66.4,66.8,64.4,0.42,0.39,0.27
REDF,2017-08-21 05:25:00 EDT,43.62218,-75.87769,1248,54.6,56.7,54.6,98.7,54.2,0.000,0.000,0.00,0.000,0.0,0.0,0.0,0,0,0.1,1.0,0.3,32,11,0.0,0.0,0.0,0,0,0,,,0,0,0,66.4,66.8,64.4,0.42,0.39,0.27
REDF,2017-08-21 05:30:00 EDT,43.62218,-75.87769,1248,54.6,56.5,54.6,98.8,54.3,0.000,0.000,0.00,0.000,0.0,0.4,0.1,61,1,0.2,1.2,0.4,60,4,0.0,0.4,0.1,61,1,0,28.84,,0,0,0,66.4,66.8,64.4,0.43,0.39,0.26
REDF,2017-08-21 05:35:00 EDT,43.62218,-75.87769,1248,54.9,56.6,54.9,98.8,54.5,0.000,0.000,0.00,0.000,0.7,1.4,0.3,64,20,1.0,2.0,0.4,63,20,0.7,1.4,0.3,64,20,0,,,0,0,0,66.4,66.8,64.4,0.42,0.39,0.26
REDF,2017-08-21 05:40:00 EDT,43.62218,-75.87769,1248,55.2,57.3,55.2,98.8,54.9,0.000,0.000,0.00,0.000,0.9,2.2,0.6,73,26,1.3,3.0,0.7,75,26,0.9,2.2,0.6,73,26,0,,,0,0,0,66.4,66.8,64.4,0.42,0.39,0.27
REDF,2017-08-21 05:45:00 EDT,43.62218,-75.87769,1248,54.9,56.7,54.9,98.8,54.6,0.000,0.000,0.00,0.000,0.4,1.3,0.5,53,15,0.6,1.9,0.6,50,18,0.4,1.3,0.5,53,15,0,,,0,0,0,66.4,66.8,64.4,0.43,0.39,0.26
REDF,2017-08-21 05:50:00 EDT,43.62218,-75.87769,1248,54.4,56.5,54.4,98.7,54.0,0.000,0.000,0.00,0.000,0.0,0.5,0.1,91,12,0.2,1.2,0.4,66,17,0.0,0.5,0.1,91,12,0,,,0,0,0,66.3,66.8,64.4,0.43,0.39,0.26
REDF,2017-08-21 05:55:00 EDT,43.62218,-75.87769,1248,54.9,56.7,54.9,98.9,54.6,0.000,0.000,0.00,0.000,0.6,1.5,0.4,101,8,0.9,1.9,0.5,102,13,0.6,1.5,0.4,101,8,0,,,0,0,0,66.2,66.8,64.4,0.42,0.39,0.26
REDF,2017-08-21 06:00:00 EDT,43.62218,-75.87769,1248,54.9,56.6,54.9,98.8,54.6,0.000,0.000,0.00,0.000,0.1,1.2,0.3,68,17,0.3,1.6,0.5,67,17,0.1,1.2,0.3,68,17,0,,,0,0,0,66.1,66.8,64.4,0.42,0.39,0.26
REDF,2017-08-21 06:05:00 EDT,43.62218,-75.87769,1248,54.8,56.5,54.8,98.8,54.4,0.000,0.000,0.00,0.000,0.0,0.0,0.0,0,0,0.0,0.7,0.1,299,0,0.0,0.0,0.0,0,0,1,28.84,,0,0,0,66.0,66.7,64.4,0.43,0.39,0.26
REDF,2017-08-21 06:10:00 EDT,43.62218,-75.87769,1248,55.0,56.4,55.0,98.8,54.7,0.000,0.000,0.00,0.000,0.0,0.0,0.0,0,0,0.2,1.0,0.3,347,17,0.0,0.0,0.0,0,0,2,,,0,0,0,66.0,66.7,64.4,0.42,0.39,0.26
REDF,2017-08-21 06:15:00 EDT,43.62218,-75.87769,1248,54.8,56.3,54.8,98.8,54.5,0.000,0.000,0.00,0.000,0.5,1.0,0.3,40,20,0.9,1.3,0.3,37,20,0.5,1.0,0.3,40,20,2,,,0,0,0,66.0,66.7,64.4,0.43,0.39,0.26
REDF,2017-08-21 06:20:00 EDT,43.62218,-75.87769,1248,55.0,56.5,55.0,98.8,54.7,0.000,0.000,0.00,0.000,0.4,0.9,0.3,61,3,0.6,1.3,0.4,65,7,0.4,0.9,0.3,61,3,2,,,0,0,0,66.0,66.7,64.4,0.42,0.39,0.27
REDF,2017-08-21 06:25:00 EDT,43.62218,-75.87769,1248,55.2,56.5,55.2,98.9,54.9,0.000,0.000,0.00,0.000,0.1,0.6,0.2,60,0,0.3,1.2,0.4,68,11,0.1,0.6,0.2,60,0,3,,,0,0,0,66.0,66.7,64.4,0.43,0.39,0.26
REDF,2017-08-21 06:30:00 EDT,43.62218,-75.87769,1248,55.7,56.6,55.7,98.9,55.4,0.000,0.000,0.00,0.000,0.0,0.4,0.1,39,6,0.4,1.2,0.4,42,17,0.0,0.4,0.1,39,6,6,,,0,0,0,66.0,66.7,64.4,0.43,0.39,0.26
REDF,2017-08-21 06:35:00 EDT,43.62218,-75.87769,1248,55.3,56.6,55.3,98.9,55.0,0.000,0.000,0.00,0.000,0.2,0.8,0.2,59,29,0.4,1.4,0.5,70,29,0.2,0.8,0.2,59,29,11,,,0,0,0,66.0,66.7,64.4,0.43,0.39,0.26
REDF,2017-08-21 06:40:00 EDT,43.62218,-75.87769,1248,55.2,56.5,55.2,98.9,54.9,0.000,0.000,0.00,0.000,0.3,1.5,0.4,102,8,0.5,2.1,0.5,104,11,0.3,1.5,0.4,102,8,18,28.84,,0,0,0,66.0,66.7,64.4,0.43,0.39,0.26
REDF,2017-08-21 06:45:00 EDT,43.62218,-75.87769,1248,54.7,56.4,54.7,98.8,54.4,0.000,0.000,0.00,0.000,0.0,0.0,0.0,0,0,0.0,0.0,0.0,0,0,0.0,0.0,0.0,0,0,24,,,0,0,0,66.0,66.7,64.4,0.43,0.39,0.26
REDF,2017-08-21 06:50:00 EDT,43.62218,-75.87769,1248,55.1,56.5,55.1,98.8,54.8,0.000,0.000,0.00,0.000,0.0,0.0,0.0,0,0,0.1,1.2,0.3,309,21,0.0,0.0,0.0,0,0,32,,,0,0,0,66.0,66.7,64.4,0.42,0.39,0.26
REDF,2017-08-21 06:55:00 EDT,43.62218,-75.87769,1248,55.1,56.5,55.1,98.8,54.7,0.000,0.000,0.00,0.000,0.0,0.5,0.1,328,9,0.2,1.1,0.4,326,14,0.0,0.5,0.1,328,9,39,,,0,0,0,66.0,66.7,64.4,0.43,0.39,0.26
REDF,2017-08-21 07:00:00 EDT,43.62218,-75.87769,1248,55.1,56.9,55.1,98.8,54.8,0.000,0.000,0.00,0.000,0.4,2.0,0.4,76,11,0.8,3.0,0.6,78,13,0.4,2.0,0.4,76,11,42,,,0,0,0,66.0,66.7,64.4,0.42,0.39,0.26
REDF,2017-08-21 07:05:00 EDT,43.62218,-75.87769,1248,55.5,57.2,55.5,98.9,55.2,0.000,0.000,0.00,0.000,0.5,1.2,0.4,53,18,0.9,1.8,0.5,51,22,0.5,1.2,0.4,53,18,46,,,0,0,0,65.9,66.7,64.4,0.42,0.39,0.26
REDF,2017-08-21 07:10:00 EDT,43.62218,-75.87769,1248,55.9,58.0,55.9,98.9,55.6,0.000,0.000,0.00,0.000,1.1,2.8,0.6,90,19,1.4,3.3,0.8,88,19,1.1,2.8,0.6,90,19,46,,,0,0,0,65.9,66.7,64.4,0.43,0.39,0.26
REDF,2017-08-21 07:15:00 EDT,43.62218,-75.87769,1248,55.8,57.7,55.8,98.9,55.5,0.000,0.000,0.00,0.000,0.4,1.5,0.4,79,17,0.7,2.3,0.7,72,21,0.4,1.5,0.4,79,17,45,28.84,,0,0,0,65.9,66.7,64.4,0.43,0.39,0.26
REDF,2017-08-21 07:20:00 EDT,43.62218,-75.87769,1248,55.3,57.6,55.3,98.7,55.0,0.000,0.000,0.00,0.000,0.1,0.6,0.1,63,9,0.3,1.2,0.4,54,26,0.1,0.6,0.1,63,9,42,,,0,0,0,65.9,66.7,64.4,0.43,0.39,0.26
REDF,2017-08-21 07:25:00 EDT,43.62218,-75.87769,1248,55.4,57.2,55.4,98.7,55.1,0.000,0.000,0.00,0.000,0.0,0.4,0.1,355,1,0.4,1.2,0.5,10,24,0.0,0.4,0.1,355,1,44,,,0,0,0,65.9,66.7,64.4,0.42,0.39,0.26
REDF,2017-08-21 07:30:00 EDT,43.62218,-75.87769,1248,55.7,57.5,55.7,98.8,55.3,0.000,0.000,0.00,0.000,0.0,0.6,0.1,32,2,0.2,1.0,0.3,39,9,0.0,0.6,0.1,32,2,56,,,0,0,0,65.9,66.7,64.4,0.43,0.39,0.26
REDF,2017-08-21 07:35:00 EDT,43.62218,-75.87769,1248,56.1,57.4,56.1,98.8,55.8,0.000,0.000,0.00,0.000,0.0,0.5,0.1,99,0,0.2,1.0,0.4,99,3,0.0,0.5,0.1,99,0,103,,,0,0,0,65.9,66.7,64.4,0.43,0.39,0.26
REDF,2017-08-21 07:40:00 EDT,43.62218,-75.87769,1248,56.6,57.4,56.6,98.8,56.3,0.000,0.000,0.00,0.000,0.0,0.0,0.0,0,0,0.0,0.8,0.2,96,2,0.0,0.0,0.0,0,0,115,,,0,0,0,65.9,66.7,64.4,0.43,0.39,0.26
REDF,2017-08-21 07:45:00 EDT,43.62218,-75.87769,1248,57.1,58.2,57.1,98.7,56.7,0.000,0.000,0.00,0.000,0.0,0.0,0.0,0,0,0.6,1.3,0.4,95,9,0.0,0.0,0.0,0,0,164,,,0,0,0,65.8,66.6,64.4,0.43,0.39,0.26
REDF,2017-08-21 07:50:00 EDT,43.62218,-75.87769,1248,57.8,58.8,57.8,98.6,57.4,0.000,0.000,0.00,0.000,0.0,0.0,0.0,0,0,0.1,0.9,0.3,153,5,0.0,0.0,0.0,0,0,173,28.84,,0,0,0,65.8,66.6,64.4,0.43,0.39,0.26
REDF,2017-08-21 07:55:00 EDT,43.62218,-75.87769,1248,58.4,58.8,58.4,98.5,58.0,0.000,0.000,0.00,0.000,0.3,1.2,0.4,207,11,0.5,1.5,0.5,200,13,0.3,1.2,0.4,207,11,146,,,0,0,0,65.8,66.6,64.4,0.43,0.39,0.26
REDF,2017-08-21 08:00:00 EDT,43.62218,-75.87769,1248,59.0,59.1,59.0,98.1,58.5,0.000,0.000,0.00,0.000,1.8,2.3,0.4,199,6,2.0,2.9,0.4,196,7,1.8,2.3,0.4,199,6,198,28.84,,0,0,0,65.8,66.6,64.4,0.43,0.39,0.26
REDF,2017-08-21 08:05:00 EDT,43.62218,-75.87769,1248,59.5,59.6,59.5,97.6,58.8,0.000,0.000,0.00,0.000,1.7,2.6,0.4,193,9,2.0,3.1,0.4,190,9,1.7,2.6,0.4,193,9,235,28.84,,0,0,0,65.9,66.6,64.4,0.42,0.39,0.26
REDF,2017-08-21 08:10:00 EDT,43.62218,-75.87769,1248,60.0,60.1,60.0,97.1,59.2,0.000,0.000,0.00,0.000,1.6,2.6,0.7,192,10,1.9,3.0,0.7,188,15,1.6,2.6,0.7,192,10,248,28.84,,0,0,0,65.9,66.6,64.4,0.43,0.39,0.26
REDF,2017-08-21 08:15:00 EDT,43.62218,-75.87769,1248,60.6,60.6,60.6,96.3,59.5,0.000,0.000,0.00,0.000,1.4,2.3,0.4,189,15,1.7,3.1,0.6,185,14,1.4,2.3,0.4,189,15,259,28.84,,0,0,0,65.9,66.6,64.4,0.42,0.39,0.26
REDF,2017-08-21 08:20:00 EDT,43.62218,-75.87769,1248,61.3,61.3,61.3,95.3,59.9,0.000,0.000,0.00,0.000,0.4,1.5,0.4,189,18,0.7,2.2,0.6,184,20,0.4,1.5,0.4,189,18,268,28.84,,0,0,0,65.8,66.6,64.4,0.43,0.39,0.26
REDF,2017-08-21 08:25:00 EDT,43.62218,-75.87769,1248,62.5,62.9,62.5,94.7,60.9,0.000,0.000,0.00,0.000,1.5,2.8,0.6,165,24,1.7,3.6,0.6,162,25,1.5,2.8,0.6,165,24,280,28.84,,0,0,0,65.8,66.6,64.4,0.42,0.39,0.26
REDF,2017-08-21 08:30:00 EDT,43.62218,-75.87769,1248,64.0,64.5,64.0,92.3,61.8,0.000,0.000,0.00,0.000,1.9,4.5,1.1,139,18,2.1,5.5,1.1,136,22,1.9,4.5,1.1,139,18,292,28.84,,0,0,0,65.9,66.6,64.4,0.43,0.39,0.26
REDF,2017-08-21 08:35:00 EDT,43.62218,-75.87769,1248,65.2,65.6,65.2,86.0,60.9,0.000,0.000,0.00,0.000,2.8,7.1,1.5,141,19,3.1,7.0,1.5,141,19,2.8,7.1,1.5,141,19,306,28.84,,0,0,0,65.9,66.6,64.4,0.43,0.39,0.26
REDF,2017-08-21 08:40:00 EDT,43.62218,-75.87769,1248,65.9,66.3,65.9,82.1,60.2,0.000,0.000,0.00,0.000,2.8,5.3,1.1,147,24,3.2,5.8,1.2,145,20,2.8,5.3,1.1,147,24,312,28.84,,0,0,0,65.9,66.5,64.4,0.43,0.40,0.26
REDF,2017-08-21 08:45:00 EDT,43.62218,-75.87769,1248,66.4,66.6,66.4,81.9,60.7,0.000,0.000,0.00,0.000,2.6,5.8,1.2,151,28,3.0,6.9,1.1,150,25,2.6,5.8,1.2,151,28,328,28.84,,0,0,0,65.9,66.5,64.4,0.43,0.39,0.26
REDF,2017-08-21 08:50:00 EDT,43.62218,-75.87769,1248,67.1,67.0,67.1,80.1,60.7,0.000,0.000,0.00,0.000,2.8,6.4,1.2,144,20,3.1,6.4,1.4,143,21,2.8,6.4,1.2,144,20,346,28.84,,0,0,0,65.9,66.6,64.4,0.43,0.39,0.26
REDF,2017-08-21 08:55:00 EDT,43.62218,-75.87769,1248,67.3,67.2,67.3,79.3,60.7,0.000,0.000,0.00,0.000,3.3,7.2,1.3,136,26,3.7,7.2,1.3,135,25,3.3,7.2,1.3,136,26,362,28.84,,0,0,0,65.9,66.6,64.4,0.42,0.39,0.26
REDF,2017-08-21 09:00:00 EDT,43.62218,-75.87769,1248,67.6,67.5,67.6,77.7,60.3,0.000,0.000,0.00,0.000,3.9,7.4,1.5,140,22,4.3,7.8,1.6,140,20,3.9,7.4,1.5,140,22,376,28.83,,0,0,0,66.0,66.6,64.4,0.43,0.39,0.26
REDF,2017-08-21 09:05:00 EDT,43.62218,-75.87769,1248,68.1,67.8,68.1,77.8,60.9,0.000,0.000,0.00,0.000,2.6,5.3,1.2,142,26,3.0,6.4,1.4,139,25,2.6,5.3,1.2,142,26,390,28.84,,0,0,0,66.0,66.5,64.4,0.43,0.39,0.26
REDF,2017-08-21 09:10:00 EDT,43.62218,-75.87769,1248,68.7,68.3,68.7,77.0,61.2,0.000,0.000,0.00,0.000,3.0,7.7,1.4,149,29,3.4,8.2,1.4,147,28,3.0,7.7,1.4,149,29,402,28.84,,0,0,0,66.0,66.5,64.4,0.43,0.39,0.26
REDF,2017-08-21 09:15:00 EDT,43.62218,-75.87769,1248,68.7,68.4,68.7,75.9,60.8,0.000,0.000,0.00,0.000,3.4,5.8,1.1,150,22,3.8,7.5,1.3,150,20,3.4,5.8,1.1,150,22,416,28.84,,0,0,0,66.0,66.5,64.4,0.42,0.39,0.26
REDF,2017-08-21 09:20:00 EDT,43.62218,-75.87769,1248,69.2,68.8,69.2,75.8,61.3,0.000,0.000,0.00,0.000,2.8,6.0,1.3,149,26,3.2,6.7,1.5,144,22,2.8,6.0,1.3,149,26,436,28.84,,0,0,0,66.0,66.5,64.4,0.43,0.39,0.26
REDF,2017-08-21 09:25:00 EDT,43.62218,-75.87769,1248,69.5,69.2,69.5,76.1,61.6,0.000,0.000,0.00,0.000,2.1,4.8,1.1,164,24,2.4,5.6,1.3,161,24,2.1,4.8,1.1,164,24,388,28.84,,0,0,0,66.0,66.5,64.4,0.42,0.39,0.26
REDF,2017-08-21 09:30:00 EDT,43.62218,-75.87769,1248,69.5,69.2,69.5,74.7,61.1,0.000,0.000,0.00,0.000,3.3,6.1,1.4,166,20,4.0,7.0,1.5,161,20,3.3,6.1,1.4,166,20,350,28.84,,0,0,0,66.0,66.5,64.4,0.42,0.39,0.26
REDF,2017-08-21 09:35:00 EDT,43.62218,-75.87769,1248,69.8,69.5,69.8,74.5,61.3,0.000,0.000,0.00,0.000,2.8,4.3,1.1,165,23,3.3,6.2,1.2,163,21,2.8,4.3,1.1,165,23,439,28.84,,0,0,0,66.1,66.5,64.4,0.43,0.39,0.26
REDF,2017-08-21 09:40:00 EDT,43.62218,-75.87769,1248,70.8,70.3,70.8,73.6,61.9,0.000,0.000,0.00,0.000,3.8,7.0,1.2,160,23,4.2,7.0,1.3,156,19,3.8,7.0,1.2,160,23,488,28.84,,0,0,0,66.3,66.5,64.4,0.43,0.39,0.26
REDF,2017-08-21 09:45:00 EDT,43.62218,-75.87769,1248,71.2,70.7,71.2,71.3,61.5,0.000,0.000,0.00,0.000,3.5,6.7,1.3,155,22,3.8,7.9,1.4,152,20,3.5,6.7,1.3,155,22,497,28.84,,0,0,0,66.4,66.5,64.4,0.42,0.39,0.26
REDF,2017-08-21 09:50:00 EDT,43.62218,-75.87769,1248,71.7,71.4,71.7,70.6,61.6,0.000,0.000,0.00,0.000,3.2,8.0,2.1,154,28,4.1,8.1,1.7,157,29,3.2,8.0,2.1,154,28,510,28.84,,0,0,0,66.4,66.5,64.4,0.43,0.39,0.26
REDF,2017-08-21 09:55:00 EDT,43.62218,-75.87769,1248,71.7,71.6,71.7,69.1,61.1,0.000,0.000,0.00,0.000,3.8,7.6,1.7,167,27,4.2,8.6,1.8,165,24,3.8,7.6,1.7,167,27,527,28.84,,0,0,0,66.4,66.4,64.4,0.42,0.39,0.26
REDF,2017-08-21 10:00:00 EDT,43.62218,-75.87769,1248,72.5,72.1,72.5,68.5,61.5,0.000,0.000,0.00,0.000,3.4,6.6,1.4,160,28,3.9,6.9,1.5,160,25,3.4,6.6,1.4,160,28,541,28.84,,0,0,0,66.4,66.5,64.4,0.43,0.39,0.26
REDF,2017-08-21 10:05:00 EDT,43.62218,-75.87769,1248,72.5,72.2,72.5,67.8,61.3,0.000,0.000,0.00,0.000,4.0,7.7,1.4,181,26,4.7,9.3,1.6,177,21,4.0,7.7,1.4,181,26,554,28.84,,0,0,0,66.4,66.4,64.4,0.43,0.39,0.26
REDF,2017-08-21 10:10:00 EDT,43.62218,-75.87769,1248,72.7,72.3,72.7,67.2,61.2,0.000,0.000,0.00,0.000,4.4,8.3,1.8,160,19,4.7,9.1,2.0,160,20,4.4,8.3,1.8,160,19,564,28.84,,0,0,0,66.4,66.4,64.4,0.42,0.39,0.26
REDF,2017-08-21 10:15:00 EDT,43.62218,-75.87769,1248,73.0,72.4,73.0,67.0,61.4,0.000,0.000,0.00,0.000,4.8,7.5,1.7,162,20,5.5,9.4,1.9,161,19,4.8,7.5,1.7,162,20,574,28.84,,0,0,0,66.4,66.4,64.4,0.42,0.39,0.26
REDF,2017-08-21 10:20:00 EDT,43.62218,-75.87769,1248,73.2,72.8,73.2,66.0,61.1,0.000,0.000,0.00,0.000,5.3,9.1,1.6,160,17,6.0,12.0,1.7,158,15,5.3,9.1,1.6,160,17,585,28.83,,0,0,0,66.4,66.5,64.4,0.42,0.39,0.26
REDF,2017-08-21 10:25:00 EDT,43.62218,-75.87769,1248,74.2,73.4,74.2,66.7,62.4,0.000,0.000,0.00,0.000,3.2,7.7,1.9,157,30,3.9,9.8,2.0,152,31,3.2,7.7,1.9,157,30,577,28.83,,0,0,0,66.4,66.4,64.4,0.43,0.39,0.26
REDF,2017-08-21 10:30:00 EDT,43.62218,-75.87769,1248,74.8,74.1,74.8,65.9,62.7,0.000,0.000,0.00,0.000,3.2,6.4,1.4,154,25,3.9,8.0,1.5,152,24,3.2,6.4,1.4,154,25,616,28.83,,0,0,0,66.5,66.4,64.4,0.42,0.39,0.26
REDF,2017-08-21 10:35:00 EDT,43.62218,-75.87769,1248,74.9,74.4,74.9,64.9,62.3,0.000,0.000,0.00,0.000,2.9,6.3,1.5,166,27,3.6,7.3,1.7,163,23,2.9,6.3,1.5,166,27,620,28.83,,0,0,0,66.6,66.4,64.4,0.43,0.39,0.26
REDF,2017-08-21 10:40:00 EDT,43.62218,-75.87769,1248,74.7,74.3,74.7,62.2,61.0,0.000,0.000,0.00,0.000,5.9,10.8,2.3,176,16,6.7,13.3,2.8,173,14,5.9,10.8,2.3,176,16,629,28.83,,0,0,0,66.7,66.4,64.4,0.43,0.39,0.26
REDF,2017-08-21 10:45:00 EDT,43.62218,-75.87769,1248,75.6,75.0,75.6,63.1,62.2,0.000,0.000,0.00,0.000,4.3,8.0,1.7,171,34,5.0,9.2,1.7,170,30,4.3,8.0,1.7,171,34,636,28.83,,0,0,0,66.7,66.4,64.4,0.42,0.39,0.26
REDF,2017-08-21 10:50:00 EDT,43.62218,-75.87769,1248,75.6,75.1,75.6,61.0,61.2,0.000,0.000,0.00,0.000,3.6,8.3,2.1,170,28,4.2,9.8,2.2,165,28,3.6,8.3,2.1,170,28,642,28.83,,0,0,0,66.8,66.4,64.4,0.43,0.39,0.26
REDF,2017-08-21 10:55:00 EDT,43.62218,-75.87769,1248,75.7,75.1,75.7,62.2,61.9,0.000,0.000,0.00,0.000,3.7,8.1,1.8,177,26,4.2,9.1,2.0,175,27,3.7,8.1,1.8,177,26,650,28.83,,0,0,0,67.1,66.4,64.4,0.43,0.39,0.26
REDF,2017-08-21 11:00:00 EDT,43.62218,-75.87769,1248,76.4,75.6,76.4,60.3,61.6,0.000,0.000,0.00,0.000,4.6,8.6,1.6,162,23,5.2,9.3,1.8,161,18,4.6,8.6,1.6,162,23,658,28.82,,0,0,0,67.1,66.4,64.4,0.43,0.40,0.26
REDF,2017-08-21 11:05:00 EDT,43.62218,-75.87769,1248,76.5,75.7,76.5,59.9,61.6,0.000,0.000,0.00,0.000,3.5,7.5,1.7,164,33,4.1,8.0,1.9,162,30,3.5,7.5,1.7,164,33,670,28.82,,0,0,0,67.2,66.4,64.4,0.42,0.39,0.26
REDF,2017-08-21 11:10:00 EDT,43.62218,-75.87769,1248,76.6,75.9,76.6,59.7,61.5,0.000,0.000,0.00,0.000,4.5,8.3,1.8,185,29,5.1,10.4,1.9,180,27,4.5,8.3,1.8,185,29,677,28.82,,0,0,0,67.2,66.4,64.4,0.42,0.39,0.26
REDF,2017-08-21 11:15:00 EDT,43.62218,-75.87769,1248,77.1,76.1,77.1,58.9,61.6,0.000,0.000,0.00,0.000,4.3,8.7,2.1,180,33,5.2,10.4,2.0,177,31,4.3,8.7,2.1,180,33,687,28.82,,0,0,0,67.4,66.3,64.4,0.42,0.39,0.26
REDF,2017-08-21 11:20:00 EDT,43.62218,-75.87769,1248,76.7,76.1,76.7,58.8,61.2,0.000,0.000,0.00,0.000,4.1,9.8,2.0,178,29,4.8,11.4,2.3,172,26,4.1,9.8,2.0,178,29,697,28.82,,0,0,0,67.5,66.3,64.4,0.42,0.39,0.26
REDF,2017-08-21 11:25:00 EDT,43.62218,-75.87769,1248,76.9,76.1,76.9,58.6,61.3,0.000,0.000,0.00,0.000,3.5,10.0,2.0,176,27,4.1,12.9,2.7,174,24,3.5,10.0,2.0,176,27,705,28.82,,0,0,0,67.7,66.4,64.4,0.42,0.39,0.26
REDF,2017-08-21 11:30:00 EDT,43.62218,-75.87769,1248,77.1,76.2,77.1,57.7,61.1,0.000,0.000,0.00,0.000,6.2,11.0,1.7,185,25,7.1,12.6,1.9,182,21,6.2,11.0,1.7,185,25,716,28.82,,0,0,0,67.8,66.3,64.4,0.42,0.39,0.26
REDF,2017-08-21 11:35:00 EDT,43.62218,-75.87769,1248,77.0,76.0,77.0,56.8,60.5,0.000,0.000,0.00,0.000,5.9,9.1,1.7,178,23,6.4,10.9,1.8,175,19,5.9,9.1,1.7,178,23,721,28.82,,0,0,0,67.8,66.3,64.4,0.43,0.39,0.26
REDF,2017-08-21 11:40:00 EDT,43.62218,-75.87769,1248,77.0,76.2,77.0,59.5,61.8,0.000,0.000,0.00,0.000,4.4,10.5,2.7,195,19,5.0,12.3,2.7,190,16,4.4,10.5,2.7,195,19,726,28.81,,0,0,0,68.0,66.3,64.4,0.42,0.40,0.26
REDF,2017-08-21 11:45:00 EDT,43.62218,-75.87769,1248,77.3,76.4,77.3,58.3,61.5,0.000,0.000,0.00,0.000,5.4,11.5,2.6,198,23,6.2,12.4,2.8,194,20,5.4,11.5,2.6,198,23,735,28.81,,0,0,0,68.2,66.2,64.4,0.42,0.39,0.26
REDF,2017-08-21 11:50:00 EDT,43.62218,-75.87769,1248,77.3,76.4,77.3,57.8,61.3,0.000,0.000,0.00,0.000,5.3,8.8,1.9,174,25,6.1,12.2,2.1,172,24,5.3,8.8,1.9,174,25,739,28.81,,0,0,0,68.4,66.3,64.4,0.43,0.39,0.26
REDF,2017-08-21 11:55:00 EDT,43.62218,-75.87769,1248,77.4,76.6,77.4,58.1,61.5,0.000,0.000,0.00,0.000,4.4,9.1,2.0,200,21,4.8,9.8,2.1,197,20,4.4,9.1,2.0,200,21,744,28.81,,0,0,0,68.5,66.2,64.4,0.42,0.39,0.26
REDF,2017-08-21 12:00:00 EDT,43.62218,-75.87769,1248,77.8,76.9,77.8,58.5,62.1,0.000,0.000,0.00,0.000,4.3,8.4,1.9,199,24,4.8,10.0,2.1,196,23,4.3,8.4,1.9,199,24,746,28.81,,0,0,0,68.5,66.3,64.4,0.42,0.39,0.26
REDF,2017-08-21 12:05:00 EDT,43.62218,-75.87769,1248,77.8,77.1,77.8,56.4,61.1,0.000,0.000,0.00,0.000,6.3,10.4,1.8,205,22,7.0,12.4,1.8,200,20,6.3,10.4,1.8,205,22,753,28.81,,0,0,0,68.6,66.2,64.4,0.43,0.39,0.26
REDF,2017-08-21 12:10:00 EDT,43.62218,-75.87769,1248,77.8,77.3,77.8,57.3,61.5,0.000,0.000,0.00,0.000,4.0,8.3,2.0,206,23,4.5,9.2,2.0,200,22,4.0,8.3,2.0,206,23,756,28.82,,0,0,0,68.6,66.2,64.4,0.42,0.39,0.26
REDF,2017-08-21 12:15:00 EDT,43.62218,-75.87769,1248,78.4,77.6,78.4,56.9,61.8,0.000,0.000,0.00,0.000,5.4,11.3,2.7,187,23,6.4,13.6,2.8,185,22,5.4,11.3,2.7,187,23,754,28.82,,0,0,0,68.7,66.3,64.4,0.42,0.39,0.26
REDF,2017-08-21 12:20:00 EDT,43.62218,-75.87769,1248,78.4,77.5,78.4,56.5,61.7,0.000,0.000,0.00,0.000,5.7,11.0,2.4,198,17,6.4,15.2,2.9,194,14,5.7,11.0,2.4,198,17,763,28.81,,0,0,0,68.9,66.2,64.4,0.42,0.39,0.26
REDF,2017-08-21 12:25:00 EDT,43.62218,-75.87769,1248,78.2,77.4,78.2,54.7,60.5,0.000,0.000,0.00,0.000,6.7,13.2,2.4,192,24,7.3,13.8,2.7,189,22,6.7,13.2,2.4,192,24,766,28.81,,0,0,0,68.9,66.1,64.4,0.42,0.39,0.26
REDF,2017-08-21 12:30:00 EDT,43.62218,-75.87769,1248,78.0,77.3,78.0,56.0,61.1,0.000,0.000,0.00,0.000,6.0,10.4,1.9,211,18,6.6,11.1,2.2,205,15,6.0,10.4,1.9,211,18,763,28.81,,0,0,0,69.1,66.2,64.4,0.42,0.39,0.26
REDF,2017-08-21 12:35:00 EDT,43.62218,-75.87769,1248,78.2,77.6,78.2,55.2,60.9,0.000,0.000,0.00,0.000,8.4,14.6,2.5,198,22,9.1,16.0,2.8,195,19,8.4,14.6,2.5,198,22,768,28.81,,0,0,0,69.3,66.2,64.4,0.42,0.39,0.26
REDF,2017-08-21 12:40:00 EDT,43.62218,-75.87769,1248,78.5,77.7,78.5,55.6,61.3,0.000,0.000,0.00,0.000,6.7,13.7,3.3,189,19,7.8,16.7,3.6,186,16,6.7,13.7,3.3,189,19,772,28.81,,0,0,0,69.3,66.1,64.4,0.42,0.39,0.26
REDF,2017-08-21 12:45:00 EDT,43.62218,-75.87769,1248,78.4,77.7,78.4,55.5,61.2,0.000,0.000,0.00,0.000,6.9,13.1,2.7,189,21,8.0,15.6,3.1,185,16,6.9,13.1,2.7,189,21,773,28.81,,0,0,0,69.4,66.2,64.4,0.42,0.39,0.26
REDF,2017-08-21 12:50:00 EDT,43.62218,-75.87769,1248,78.3,77.6,78.3,55.9,61.3,0.000,0.000,0.00,0.000,7.6,13.7,2.2,189,17,8.5,18.1,2.7,187,11,7.6,13.7,2.2,189,17,776,28.81,,0,0,0,69.5,66.2,64.4,0.42,0.39,0.26
REDF,2017-08-21 12:55:00 EDT,43.62218,-75.87769,1248,79.0,78.3,79.0,56.4,62.2,0.000,0.000,0.00,0.000,4.8,12.4,2.8,184,34,5.8,13.6,3.1,183,32,4.8,12.4,2.8,184,34,776,28.81,,0,0,0,69.6,66.1,64.4,0.42,0.39,0.26
REDF,2017-08-21 13:00:00 EDT,43.62218,-75.87769,1248,78.5,77.8,78.5,53.5,60.2,0.000,0.000,0.00,0.000,7.9,13.2,2.6,215,19,8.4,15.6,2.9,210,16,7.9,13.2,2.6,215,19,775,28.81,,0,0,0,69.8,66.2,64.4,0.42,0.39,0.26
REDF,2017-08-21 13:05:00 EDT,43.62218,-75.87769,1248,78.9,78.2,78.9,54.2,60.9,0.000,0.000,0.00,0.000,7.6,12.9,2.6,203,25,8.5,14.9,2.7,198,21,7.6,12.9,2.6,203,25,771,28.81,,0,0,0,70.0,66.1,64.4,0.42,0.39,0.26
REDF,2017-08-21 13:10:00 EDT,43.62218,-75.87769,1248,79.1,78.4,79.1,54.4,61.2,0.000,0.000,0.00,0.000,8.3,14.3,2.6,203,22,9.3,16.2,2.9,197,19,8.3,14.3,2.6,203,22,777,28.81,,0,0,0,70.0,66.2,64.4,0.42,0.39,0.26
REDF,2017-08-21 13:15:00 EDT,43.62218,-75.87769,1248,78.8,78.1,78.8,54.2,60.8,0.000,0.000,0.00,0.000,8.2,13.9,2.6,206,16,8.6,14.6,2.8,202,12,8.2,13.9,2.6,206,16,793,28.81,,0,0,0,70.1,66.2,64.4,0.42,0.39,0.26
REDF,2017-08-21 13:20:00 EDT,43.62218,-75.87769,1248,79.1,78.2,79.1,55.7,61.9,0.000,0.000,0.00,0.000,6.7,15.1,3.1,202,24,7.7,17.5,3.6,200,22,6.7,15.1,3.1,202,24,758,28.81,,0,0,0,70.3,66.2,64.4,0.42,0.39,0.26
REDF,2017-08-21 13:25:00 EDT,43.62218,-75.87769,1248,78.9,78.1,78.9,56.0,61.9,0.000,0.000,0.00,0.000,6.8,14.4,2.7,205,27,7.4,18.1,2.9,201,25,6.8,14.4,2.7,205,27,763,28.81,,0,0,0,70.4,66.1,64.4,0.42,0.39,0.26
REDF,2017-08-21 13:30:00 EDT,43.62218,-75.87769,1248,78.8,78.2,78.8,55.3,61.4,0.000,0.000,0.00,0.000,8.4,13.3,2.4,252,15,9.1,14.0,2.7,249,15,8.4,13.3,2.4,252,15,736,28.81,,0,0,0,70.5,66.1,64.4,0.42,0.39,0.26
REDF,2017-08-21 13:35:00 EDT,43.62218,-75.87769,1248,79.0,78.3,79.0,56.2,62.1,0.000,0.000,0.00,0.000,7.4,12.5,2.1,256,16,8.3,13.6,2.3,254,15,7.4,12.5,2.1,256,16,704,28.81,,0,0,0,70.7,66.1,64.4,0.42,0.39,0.26
REDF,2017-08-21 13:40:00 EDT,43.62218,-75.87769,1248,78.9,78.3,78.9,55.0,61.4,0.000,0.000,0.00,0.000,6.6,9.8,1.2,245,19,7.3,12.8,1.5,242,20,6.6,9.8,1.2,245,19,672,28.81,,0,0,0,70.7,66.1,64.4,0.42,0.39,0.26
REDF,2017-08-21 13:45:00 EDT,43.62218,-75.87769,1248,78.6,78.0,78.6,54.2,60.7,0.000,0.000,0.00,0.000,7.3,11.0,1.5,244,17,8.0,11.8,1.6,240,16,7.3,11.0,1.5,244,17,630,28.80,,0,0,0,70.8,66.1,64.4,0.42,0.39,0.26
REDF,2017-08-21 13:50:00 EDT,43.62218,-75.87769,1248,78.5,77.9,78.5,55.8,61.4,0.000,0.000,0.00,0.000,5.2,10.2,1.9,244,20,5.9,10.7,2.1,242,20,5.2,10.2,1.9,244,20,588,28.80,,0,0,0,70.8,66.1,64.4,0.41,0.39,0.26
REDF,2017-08-21 13:55:00 EDT,43.62218,-75.87769,1248,78.6,78.2,78.6,56.1,61.7,0.000,0.000,0.00,0.000,4.9,10.4,2.3,215,21,5.6,11.7,2.3,212,19,4.9,10.4,2.3,215,21,540,28.80,,0,0,0,71.0,66.1,64.4,0.42,0.39,0.26
REDF,2017-08-21 14:00:00 EDT,43.62218,-75.87769,1248,78.4,78.0,78.4,55.5,61.1,0.000,0.000,0.00,0.000,6.4,12.3,2.7,219,17,6.9,13.9,2.8,213,15,6.4,12.3,2.7,219,17,493,28.80,,0,0,0,71.1,66.2,64.4,0.42,0.39,0.26
REDF,2017-08-21 14:05:00 EDT,43.62218,-75.87769,1248,78.2,77.9,78.2,56.2,61.3,0.000,0.000,0.00,0.000,6.0,10.7,2.4,208,17,6.8,13.1,2.5,203,15,6.0,10.7,2.4,208,17,444,28.80,,0,0,0,71.1,66.2,64.4,0.42,0.39,0.26
REDF,2017-08-21 14:10:00 EDT,43.62218,-75.87769,1248,78.1,77.8,78.1,56.3,61.3,0.000,0.000,0.00,0.000,5.7,11.0,2.0,206,26,6.4,12.1,2.2,203,24,5.7,11.0,2.0,206,26,395,28.79,,0,0,0,71.3,66.1,64.4,0.41,0.39,0.26
REDF,2017-08-21 14:15:00 EDT,43.62218,-75.87769,1248,77.8,77.6,77.8,56.0,60.9,0.000,0.000,0.00,0.000,5.6,8.9,1.6,224,22,6.0,10.1,1.6,220,19,5.6,8.9,1.6,224,22,351,28.79,,0,0,0,71.4,66.1,64.4,0.42,0.39,0.26
REDF,2017-08-21 14:20:00 EDT,43.62218,-75.87769,1248,77.5,77.4,77.5,57.1,61.1,0.000,0.000,0.00,0.000,4.2,8.3,1.3,229,19,4.7,9.3,1.4,225,18,4.2,8.3,1.3,229,19,310,28.79,,0,0,0,71.4,66.1,64.4,0.42,0.39,0.26
REDF,2017-08-21 14:25:00 EDT,43.62218,-75.87769,1248,77.3,77.2,77.3,58.4,61.6,0.000,0.000,0.00,0.000,3.8,6.2,1.3,228,21,4.2,6.7,1.4,224,21,3.8,6.2,1.3,228,21,275,28.79,,0,0,0,71.4,66.1,64.4,0.42,0.39,0.26
REDF,2017-08-21 14:30:00 EDT,43.62218,-75.87769,1248,77.1,77.0,77.1,59.5,62.0,0.000,0.000,0.00,0.000,3.5,5.8,1.0,234,18,4.0,7.0,1.2,230,18,3.5,5.8,1.0,234,18,244,28.79,,0,0,0,71.4,66.1,64.4,0.41,0.39,0.26
REDF,2017-08-21 14:35:00 EDT,43.62218,-75.87769,1248,76.9,76.9,76.9,60.4,62.2,0.000,0.000,0.00,0.000,4.2,6.3,1.1,236,18,4.3,7.0,1.2,232,18,4.2,6.3,1.1,236,18,224,28.78,,0,0,0,71.4,66.1,64.4,0.42,0.39,0.26
REDF,2017-08-21 14:40:00 EDT,43.62218,-75.87769,1248,76.7,76.7,76.7,62.4,62.9,0.000,0.000,0.00,0.000,2.9,4.8,0.9,223,18,3.0,5.7,1.0,218,15,2.9,4.8,0.9,223,18,217,28.78,,0,0,0,71.4,66.1,64.4,0.41,0.39,0.26
REDF,2017-08-21 14:45:00 EDT,43.62218,-75.87769,1248,76.7,76.6,76.7,63.4,63.3,0.000,0.000,0.00,0.000,2.4,4.7,1.1,216,22,2.8,5.1,1.1,215,23,2.4,4.7,1.1,216,22,220,28.78,,0,0,0,71.5,66.1,64.4,0.41,0.39,0.26
REDF,2017-08-21 14:50:00 EDT,43.62218,-75.87769,1248,76.6,76.5,76.6,63.3,63.2,0.000,0.000,0.00,0.000,3.2,6.6,1.2,235,17,3.4,6.4,1.3,231,16,3.2,6.6,1.2,235,17,236,28.78,,0,0,0,71.4,66.1,64.4,0.41,0.39,0.26
REDF,2017-08-21 14:55:00 EDT,43.62218,-75.87769,1248,76.7,76.5,76.7,63.8,63.5,0.000,0.000,0.00,0.000,2.3,3.5,0.6,241,15,2.5,3.9,0.7,236,16,2.3,3.5,0.6,241,15,259,28.78,,0,0,0,71.4,66.2,64.4,0.42,0.39,0.26
REDF,2017-08-21 15:00:00 EDT,43.62218,-75.87769,1248,76.9,76.7,76.9,63.8,63.7,0.000,0.000,0.00,0.000,2.3,3.7,0.5,239,13,2.5,4.2,0.6,236,13,2.3,3.7,0.5,239,13,292,28.79,,0,0,0,71.4,66.1,64.4,0.41,0.39,0.26
REDF,2017-08-21 15:05:00 EDT,43.62218,-75.87769,1248,77.0,76.8,77.0,62.6,63.3,0.000,0.000,0.00,0.000,3.8,5.6,1.0,233,13,3.9,5.6,1.0,229,12,3.8,5.6,1.0,233,13,331,28.78,,0,0,0,71.5,66.1,64.4,0.42,0.39,0.26
REDF,2017-08-21 15:10:00 EDT,43.62218,-75.87769,1248,77.0,76.8,77.0,63.6,63.7,0.000,0.000,0.00,0.000,3.0,5.0,0.8,232,18,3.2,5.3,0.8,229,17,3.0,5.0,0.8,232,18,222,28.78,,0,0,0,71.5,66.1,64.4,0.42,0.39,0.26
REDF,2017-08-21 15:15:00 EDT,43.62218,-75.87769,1248,77.2,76.8,77.2,64.4,64.3,0.000,0.000,0.00,0.000,2.9,5.0,0.9,223,15,3.0,5.4,0.9,218,12,2.9,5.0,0.9,223,15,409,28.78,,0,0,0,71.5,66.2,64.4,0.41,0.39,0.26
REDF,2017-08-21 15:20:00 EDT,43.62218,-75.87769,1248,78.0,77.5,78.0,62.9,64.3,0.000,0.000,0.00,0.000,3.0,4.7,1.0,222,23,3.3,5.3,0.9,222,25,3.0,4.7,1.0,222,23,480,28.78,,0,0,0,71.5,66.1,64.4,0.41,0.39,0.26
REDF,2017-08-21 15:25:00 EDT,43.62218,-75.87769,1248,77.8,77.3,77.8,61.2,63.4,0.000,0.000,0.00,0.000,3.3,5.9,1.4,223,21,3.5,6.2,1.4,220,19,3.3,5.9,1.4,223,21,481,28.78,,0,0,0,71.5,66.2,64.4,0.42,0.39,0.26
REDF,2017-08-21 15:30:00 EDT,43.62218,-75.87769,1248,78.0,77.5,78.0,61.1,63.5,0.000,0.000,0.00,0.000,3.0,5.3,1.3,254,23,3.6,6.2,1.3,250,24,3.0,5.3,1.3,254,23,509,28.78,,0,0,0,71.5,66.2,64.4,0.41,0.39,0.26
REDF,2017-08-21 15:35:00 EDT,43.62218,-75.87769,1248,78.0,77.5,78.0,60.7,63.4,0.000,0.000,0.00,0.000,4.4,6.1,1.0,258,12,4.9,7.0,1.0,255,13,4.4,6.1,1.0,258,12,541,28.78,,0,0,0,71.5,66.1,64.4,0.41,0.39,0.26
REDF,2017-08-21 15:40:00 EDT,43.62218,-75.87769,1248,78.6,78.1,78.6,60.7,63.9,0.000,0.000,0.00,0.000,3.1,4.9,1.1,244,20,3.6,5.5,1.1,240,21,3.1,4.9,1.1,244,20,561,28.78,,0,0,0,71.7,66.2,64.4,0.41,0.39,0.26
REDF,2017-08-21 15:45:00 EDT,43.62218,-75.87769,1248,78.7,78.0,78.7,60.9,64.0,0.000,0.000,0.00,0.000,4.0,7.5,1.1,241,23,4.3,8.3,1.3,237,24,4.0,7.5,1.1,241,23,581,28.78,,0,0,0,71.7,66.2,64.4,0.41,0.39,0.26
REDF,2017-08-21 15:50:00 EDT,43.62218,-75.87769,1248,79.1,78.5,79.1,59.2,63.6,0.000,0.000,0.00,0.000,4.2,7.3,1.4,241,20,4.7,7.9,1.5,240,19,4.2,7.3,1.4,241,20,588,28.77,,0,0,0,71.8,66.2,64.4,0.41,0.39,0.26
REDF,2017-08-21 15:55:00 EDT,43.62218,-75.87769,1248,79.2,78.5,79.2,59.6,64.0,0.000,0.000,0.00,0.000,3.7,7.2,1.6,236,30,4.0,7.9,1.7,234,31,3.7,7.2,1.6,236,30,582,28.77,,0,0,0,71.8,66.1,64.4,0.41,0.39,0.26
REDF,2017-08-21 16:00:00 EDT,43.62218,-75.87769,1248,79.5,78.8,79.5,57.6,63.3,0.000,0.000,0.00,0.000,4.7,9.3,2.1,238,15,5.0,9.2,2.1,235,16,4.7,9.3,2.1,238,15,574,28.77,,0,0,0,71.8,66.2,64.4,0.42,0.39,0.26
REDF,2017-08-21 16:05:00 EDT,43.62218,-75.87769,1248,79.7,79.1,79.7,57.5,63.4,0.000,0.000,0.00,0.000,3.8,8.0,1.7,200,31,4.5,8.9,1.8,195,32,3.8,8.0,1.7,200,31,568,28.77,,0,0,0,71.8,66.3,64.4,0.41,0.39,0.26
REDF,2017-08-21 16:10:00 EDT,43.62218,-75.87769,1248,79.8,79.1,79.8,56.5,63.0,0.000,0.000,0.00,0.000,4.6,8.5,2.1,217,36,5.3,9.6,2.2,212,34,4.6,8.5,2.1,217,36,557,28.77,,0,0,0,71.8,66.2,64.4,0.41,0.39,0.26
REDF,2017-08-21 16:15:00 EDT,43.62218,-75.87769,1248,79.5,79.0,79.5,56.2,62.5,0.000,0.000,0.00,0.000,4.9,10.7,1.9,213,21,5.6,12.9,2.3,209,22,4.9,10.7,1.9,213,21,548,28.77,,0,0,0,71.8,66.2,64.4,0.41,0.39,0.26
REDF,2017-08-21 16:20:00 EDT,43.62218,-75.87769,1248,79.8,79.2,79.8,54.5,62.0,0.000,0.000,0.00,0.000,5.8,10.4,1.8,176,25,6.3,10.8,1.7,175,23,5.8,10.4,1.8,176,25,530,28.77,,0,0,0,71.9,66.3,64.4,0.41,0.39,0.26
REDF,2017-08-21 16:25:00 EDT,43.62218,-75.87769,1248,79.5,79.0,79.5,56.3,62.6,0.000,0.000,0.00,0.000,4.7,9.6,1.8,203,25,5.3,10.6,1.9,201,23,4.7,9.6,1.8,203,25,520,28.77,,0,0,0,72.0,66.2,64.4,0.41,0.39,0.26
REDF,2017-08-21 16:30:00 EDT,43.62218,-75.87769,1248,79.6,79.1,79.6,56.6,62.8,0.000,0.000,0.00,0.000,4.0,8.0,1.7,219,30,4.5,9.6,1.8,220,29,4.0,8.0,1.7,219,30,504,28.77,,0,0,0,72.2,66.3,64.4,0.41,0.39,0.26
REDF,2017-08-21 16:35:00 EDT,43.62218,-75.87769,1248,79.5,79.1,79.5,54.1,61.5,0.000,0.000,0.00,0.000,5.2,9.7,2.0,217,20,5.6,10.5,2.0,214,19,5.2,9.7,2.0,217,20,493,28.77,,0,0,0,72.3,66.3,64.4,0.41,0.39,0.26
REDF,2017-08-21 16:40:00 EDT,43.62218,-75.87769,1248,79.3,78.9,79.3,54.9,61.7,0.000,0.000,0.00,0.000,4.7,10.0,1.6,217,21,5.2,10.1,1.7,213,19,4.7,10.0,1.6,217,21,478,28.77,,0,0,0,72.3,66.3,64.4,0.41,0.39,0.26
REDF,2017-08-21 16:45:00 EDT,43.62218,-75.87769,1248,79.6,79.1,79.6,56.9,63.0,0.000,0.000,0.00,0.000,4.2,8.8,1.7,232,19,4.7,10.0,1.7,228,18,4.2,8.8,1.7,232,19,464,28.77,,0,0,0,72.3,66.3,64.4,0.42,0.39,0.26
REDF,2017-08-21 16:50:00 EDT,43.62218,-75.87769,1248,79.3,78.9,79.3,54.9,61.7,0.000,0.000,0.00,0.000,6.0,11.0,1.9,224,21,6.5,11.2,1.9,219,18,6.0,11.0,1.9,224,21,449,28.77,,0,0,0,72.3,66.4,64.4,0.41,0.39,0.26
REDF,2017-08-21 16:55:00 EDT,43.62218,-75.87769,1248,79.1,78.7,79.1,53.2,60.6,0.000,0.000,0.00,0.000,6.3,9.9,1.3,234,16,6.6,10.0,1.4,229,16,6.3,9.9,1.3,234,16,437,28.77,,0,0,0,72.3,66.3,64.4,0.41,0.39,0.26
REDF,2017-08-21 17:00:00 EDT,43.62218,-75.87769,1248,79.1,78.7,79.1,54.6,61.4,0.000,0.000,0.00,0.000,5.2,7.7,1.4,250,16,5.7,9.5,1.6,248,16,5.2,7.7,1.4,250,16,425,28.77,,0,0,0,72.3,66.4,64.4,0.41,0.39,0.26
REDF,2017-08-21 17:05:00 EDT,43.62218,-75.87769,1248,78.9,78.5,78.9,54.5,61.1,0.000,0.000,0.00,0.000,7.9,12.3,2.2,253,15,8.6,13.5,2.1,250,13,7.9,12.3,2.2,253,15,413,28.77,,0,0,0,72.3,66.4,64.4,0.41,0.39,0.26
REDF,2017-08-21 17:10:00 EDT,43.62218,-75.87769,1248,78.9,78.5,78.9,55.9,61.8,0.000,0.000,0.00,0.000,5.2,8.6,1.6,225,21,5.8,9.9,1.7,221,22,5.2,8.6,1.6,225,21,398,28.77,,0,0,0,72.3,66.4,64.4,0.41,0.39,0.26
REDF,2017-08-21 17:15:00 EDT,43.62218,-75.87769,1248,78.9,78.5,78.9,56.9,62.3,0.000,0.000,0.00,0.000,4.3,8.5,1.6,221,24,4.9,10.8,1.9,219,23,4.3,8.5,1.6,221,24,384,28.77,,0,0,0,72.3,66.4,64.4,0.41,0.39,0.26
REDF,2017-08-21 17:20:00 EDT,43.62218,-75.87769,1248,78.7,78.4,78.7,57.0,62.2,0.000,0.000,0.00,0.000,5.2,9.0,1.3,254,15,5.7,10.8,1.5,251,14,5.2,9.0,1.3,254,15,370,28.77,,0,0,0,72.3,66.4,64.4,0.41,0.39,0.26
REDF,2017-08-21 17:25:00 EDT,43.62218,-75.87769,1248,78.5,78.2,78.5,57.1,62.1,0.000,0.000,0.00,0.000,6.2,10.3,1.5,260,14,6.8,11.5,1.7,257,13,6.2,10.3,1.5,260,14,354,28.77,,0,0,0,72.4,66.4,64.4,0.41,0.39,0.26
REDF,2017-08-21 17:30:00 EDT,43.62218,-75.87769,1248,78.2,78.0,78.2,58.3,62.4,0.000,0.000,0.00,0.000,6.1,9.0,1.5,241,15,6.7,9.8,1.6,237,16,6.1,9.0,1.5,241,15,338,28.77,,0,0,0,72.4,66.4,64.4,0.41,0.39,0.26
REDF,2017-08-21 17:35:00 EDT,43.62218,-75.87769,1248,78.1,77.8,78.1,59.7,63.0,0.000,0.000,0.00,0.000,5.4,10.2,2.0,248,21,6.0,11.3,2.0,244,20,5.4,10.2,2.0,248,21,328,28.77,,0,0,0,72.3,66.4,64.4,0.41,0.39,0.26
REDF,2017-08-21 17:40:00 EDT,43.62218,-75.87769,1248,78.2,77.8,78.2,60.0,63.1,0.000,0.000,0.00,0.000,4.6,7.4,1.5,244,20,5.1,8.4,1.6,238,20,4.6,7.4,1.5,244,20,313,28.77,,0,0,0,72.3,66.4,64.4,0.41,0.39,0.26
REDF,2017-08-21 17:45:00 EDT,43.62218,-75.87769,1248,78.3,77.9,78.3,61.3,63.8,0.000,0.000,0.00,0.000,3.2,5.3,0.9,227,20,3.4,6.7,1.2,224,18,3.2,5.3,0.9,227,20,300,28.76,,0,0,0,72.4,66.4,64.4,0.41,0.39,0.26
REDF,2017-08-21 17:50:00 EDT,43.62218,-75.87769,1248,78.4,77.9,78.4,62.3,64.4,0.000,0.000,0.00,0.000,3.1,6.3,1.2,242,22,3.5,6.6,1.2,240,23,3.1,6.3,1.2,242,22,280,28.76,,0,0,0,72.3,66.4,64.4,0.41,0.39,0.26
REDF,2017-08-21 17:55:00 EDT,43.62218,-75.87769,1248,78.0,77.7,78.0,60.7,63.4,0.000,0.000,0.00,0.000,4.2,6.6,0.8,242,14,4.4,7.6,0.9,238,15,4.2,6.6,0.8,242,14,279,28.76,,0,0,0,72.4,66.5,64.4,0.41,0.39,0.26
REDF,2017-08-21 18:00:00 EDT,43.62218,-75.87769,1248,77.8,77.5,77.8,61.7,63.6,0.000,0.000,0.00,0.000,3.5,5.0,0.9,246,20,3.8,6.0,1.0,241,19,3.5,5.0,0.9,246,20,258,28.75,,0,0,0,72.4,66.5,64.4,0.41,0.39,0.26
REDF,2017-08-21 18:05:00 EDT,43.62218,-75.87769,1248,77.8,77.5,77.8,62.9,64.2,0.000,0.000,0.00,0.000,3.3,4.9,0.7,256,19,3.7,5.7,0.8,255,19,3.3,4.9,0.7,256,19,239,28.75,,0,0,0,72.3,66.4,64.4,0.41,0.39,0.26
REDF,2017-08-21 18:10:00 EDT,43.62218,-75.87769,1248,77.8,77.5,77.8,63.4,64.4,0.000,0.000,0.00,0.000,2.5,4.4,0.9,239,21,2.9,4.9,1.0,234,20,2.5,4.4,0.9,239,21,230,28.75,,0,0,0,72.4,66.5,64.4,0.41,0.39,0.26
REDF,2017-08-21 18:15:00 EDT,43.62218,-75.87769,1248,77.7,77.4,77.7,63.9,64.5,0.000,0.000,0.00,0.000,2.0,3.2,0.7,229,25,2.1,3.3,0.7,224,26,2.0,3.2,0.7,229,25,219,28.75,,0,0,0,72.4,66.5,64.4,0.41,0.39,0.26
REDF,2017-08-21 18:20:00 EDT,43.62218,-75.87769,1248,77.5,77.3,77.5,63.1,64.0,0.000,0.000,0.00,0.000,3.2,5.3,1.2,251,14,3.5,6.3,1.2,246,14,3.2,5.3,1.2,251,14,198,28.75,,0,0,0,72.4,66.5,64.4,0.41,0.39,0.26
REDF,2017-08-21 18:25:00 EDT,43.62218,-75.87769,1248,77.1,77.0,77.1,62.9,63.5,0.000,0.000,0.00,0.000,3.8,6.1,1.2,242,13,3.9,6.8,1.4,238,13,3.8,6.1,1.2,242,13,158,28.75,,0,0,0,72.4,66.5,64.4,0.41,0.39,0.26
REDF,2017-08-21 18:30:00 EDT,43.62218,-75.87769,1248,76.7,76.7,76.7,65.2,64.2,0.000,0.000,0.00,0.000,2.5,5.2,1.0,230,19,2.6,5.4,1.1,225,17,2.5,5.2,1.0,230,19,139,28.75,,0,0,0,72.4,66.5,64.4,0.41,0.39,0.26
REDF,2017-08-21 18:35:00 EDT,43.62218,-75.87769,1248,76.5,76.5,76.5,65.8,64.2,0.000,0.000,0.00,0.000,3.3,5.8,0.9,246,13,3.6,6.5,1.0,242,13,3.3,5.8,0.9,246,13,87,28.75,,0,0,0,72.3,66.5,64.4,0.41,0.39,0.26
REDF,2017-08-21 18:40:00 EDT,43.62218,-75.87769,1248,75.9,76.2,75.9,67.0,64.2,0.000,0.000,0.00,0.000,3.0,4.3,0.6,251,10,3.2,5.0,0.8,246,9,3.0,4.3,0.6,251,10,73,28.75,,0,0,0,72.4,66.6,64.4,0.41,0.39,0.26
REDF,2017-08-21 18:45:00 EDT,43.62218,-75.87769,1248,75.4,75.8,75.4,69.4,64.7,0.000,0.000,0.00,0.000,1.3,2.0,0.4,209,22,1.6,2.7,0.4,205,21,1.3,2.0,0.4,209,22,63,28.75,,0,0,0,72.3,66.5,64.4,0.41,0.39,0.26
REDF,2017-08-21 18:50:00 EDT,43.62218,-75.87769,1248,75.0,75.5,75.0,71.8,65.2,0.000,0.000,0.00,0.000,1.6,2.4,0.3,209,15,1.7,2.4,0.3,207,15,1.6,2.4,0.3,209,15,58,28.75,,0,0,0,72.3,66.5,64.4,0.41,0.39,0.26
REDF,2017-08-21 18:55:00 EDT,43.62218,-75.87769,1248,74.6,75.3,74.6,74.5,65.9,0.000,0.000,0.00,0.000,1.2,1.7,0.2,229,9,1.3,1.9,0.3,223,13,1.2,1.7,0.2,229,9,56,28.75,,0,0,0,72.3,66.6,64.4,0.41,0.39,0.26
REDF,2017-08-21 19:00:00 EDT,43.62218,-75.87769,1248,73.3,74.8,73.3,80.7,67.0,0.000,0.000,0.00,0.000,0.1,0.7,0.2,224,1,0.2,1.1,0.4,189,32,0.1,0.7,0.2,224,1,52,28.75,,0,0,0,72.4,66.5,64.4,0.41,0.39,0.26
REDF,2017-08-21 19:05:00 EDT,43.62218,-75.87769,1248,72.7,74.3,72.7,83.6,67.4,0.000,0.000,0.00,0.000,0.0,0.0,0.0,0,0,0.0,0.7,0.1,92,0,0.0,0.0,0.0,0,0,48,28.75,,0,0,0,72.3,66.5,64.4,0.41,0.39,0.26
REDF,2017-08-21 19:10:00 EDT,43.62218,-75.87769,1248,72.3,74.1,72.3,84.7,67.4,0.000,0.000,0.00,0.000,0.1,0.9,0.2,157,8,0.2,1.3,0.4,146,15,0.1,0.9,0.2,157,8,42,28.75,,0,0,0,72.3,66.6,64.4,0.41,0.39,0.26
REDF,2017-08-21 19:15:00 EDT,43.62218,-75.87769,1248,72.0,74.3,72.0,85.8,67.5,0.000,0.000,0.00,0.000,0.7,1.7,0.3,189,17,1.0,1.8,0.3,183,18,0.7,1.7,0.3,189,17,39,28.75,,0,0,0,72.3,66.6,64.4,0.41,0.39,0.26
REDF,2017-08-21 19:20:00 EDT,43.62218,-75.87769,1248,71.7,74.1,71.7,86.6,67.4,0.000,0.000,0.00,0.000,0.3,0.8,0.3,171,4,0.5,1.3,0.5,171,9,0.3,0.8,0.3,171,4,40,28.75,,0,0,0,72.3,66.6,64.4,0.41,0.39,0.26
REDF,2017-08-21 19:25:00 EDT,43.62218,-75.87769,1248,70.9,72.9,70.9,87.2,66.9,0.000,0.000,0.00,0.000,0.0,0.4,0.1,70,0,0.3,1.1,0.4,36,5,0.0,0.4,0.1,70,0,40,28.75,,0,0,0,72.3,66.6,64.4,0.41,0.39,0.26
REDF,2017-08-21 19:30:00 EDT,43.62218,-75.87769,1248,70.7,72.6,70.7,87.9,66.9,0.000,0.000,0.00,0.000,0.1,0.7,0.2,69,0,0.2,1.0,0.4,46,2,0.1,0.7,0.2,69,0,35,28.75,,0,0,0,72.2,66.6,64.4,0.41,0.39,0.26
REDF,2017-08-21 19:35:00 EDT,43.62218,-75.87769,1248,70.7,73.1,70.7,87.6,66.8,0.000,0.000,0.00,0.000,0.0,0.0,0.0,0,0,0.0,0.7,0.1,60,0,0.0,0.0,0.0,0,0,31,28.75,,0,0,0,72.1,66.7,64.4,0.41,0.39,0.26
REDF,2017-08-21 19:40:00 EDT,43.62218,-75.87769,1248,70.5,73.0,70.5,87.7,66.7,0.000,0.000,0.00,0.000,0.1,0.5,0.2,67,0,0.2,1.0,0.4,46,3,0.1,0.5,0.2,67,0,24,28.75,,0,0,0,71.9,66.7,64.4,0.41,0.39,0.26
REDF,2017-08-21 19:45:00 EDT,43.62218,-75.87769,1248,70.0,72.6,70.0,88.8,66.6,0.000,0.000,0.00,0.000,0.3,1.0,0.3,61,0,0.6,1.2,0.4,52,6,0.3,1.0,0.3,61,0,18,28.75,,0,0,0,71.8,66.6,64.4,0.41,0.39,0.26
REDF,2017-08-21 19:50:00 EDT,43.62218,-75.87769,1248,69.6,71.6,69.6,89.6,66.4,0.000,0.000,0.00,0.000,1.2,1.7,0.2,69,10,1.5,2.1,0.3,69,10,1.2,1.7,0.2,69,10,11,28.75,,0,0,0,71.8,66.7,64.4,0.41,0.39,0.26
REDF,2017-08-21 19:55:00 EDT,43.62218,-75.87769,1248,69.2,70.7,69.2,90.3,66.3,0.000,0.000,0.00,0.000,1.3,1.6,0.2,68,7,1.5,1.9,0.2,61,10,1.3,1.6,0.2,68,7,6,28.75,,0,0,0,71.8,66.7,64.4,0.41,0.39,0.26
REDF,2017-08-21 20:00:00 EDT,43.62218,-75.87769,1248,68.8,70.0,68.8,91.2,66.1,0.000,0.000,0.00,0.000,1.1,1.4,0.1,65,0,1.3,1.6,0.1,57,2,1.1,1.4,0.1,65,0,4,28.75,,0,0,0,71.8,66.7,64.4,0.41,0.39,0.26
REDF,2017-08-21 20:05:00 EDT,43.62218,-75.87769,1248,68.5,69.9,68.5,91.9,66.0,0.000,0.000,0.00,0.000,1.5,2.0,0.2,76,6,1.9,2.6,0.3,73,8,1.5,2.0,0.2,76,6,2,28.75,,0,0,0,71.8,66.7,64.4,0.41,0.39,0.26
REDF,2017-08-21 20:10:00 EDT,43.62218,-75.87769,1248,68.0,69.5,68.0,91.7,65.5,0.000,0.000,0.00,0.000,1.3,2.0,0.5,87,9,1.6,2.8,0.5,81,14,1.3,2.0,0.5,87,9,1,28.75,,0,0,0,71.7,66.7,64.4,0.41,0.39,0.26
REDF,2017-08-21 20:15:00 EDT,43.62218,-75.87769,1248,67.4,68.6,67.4,92.9,65.3,0.000,0.000,0.00,0.000,0.4,0.7,0.2,75,0,0.9,1.2,0.2,71,5,0.4,0.7,0.2,75,0,0,28.75,,0,0,0,71.5,66.7,64.4,0.41,0.39,0.26
REDF,2017-08-21 20:20:00 EDT,43.62218,-75.87769,1248,67.2,68.5,67.2,93.9,65.4,0.000,0.000,0.00,0.000,0.9,1.1,0.1,71,6,1.2,1.6,0.1,64,8,0.9,1.1,0.1,71,6,0,,,0,0,0,71.5,66.7,64.4,0.41,0.39,0.26
REDF,2017-08-21 20:25:00 EDT,43.62218,-75.87769,1248,66.9,68.1,66.9,94.7,65.3,0.000,0.000,0.00,0.000,0.6,0.9,0.2,61,0,0.9,1.2,0.2,48,7,0.6,0.9,0.2,61,0,0,,,0,0,0,71.5,66.7,64.4,0.41,0.39,0.26
REDF,2017-08-21 20:30:00 EDT,43.62218,-75.87769,1248,66.9,67.7,66.9,95.3,65.5,0.000,0.000,0.00,0.000,0.6,0.9,0.2,60,81,0.9,1.1,0.1,42,11,0.6,0.9,0.2,60,81,0,28.75,,0,0,0,71.5,66.7,64.4,0.41,0.39,0.26
REDF,2017-08-21 20:35:00 EDT,43.62218,-75.87769,1248,66.5,67.5,66.5,95.2,65.1,0.000,0.000,0.00,0.000,1.0,1.2,0.1,60,0,1.2,1.5,0.1,58,3,1.0,1.2,0.1,60,0,0,,,0,0,0,71.4,66.7,64.4,0.41,0.39,0.26
REDF,2017-08-21 20:40:00 EDT,43.62218,-75.87769,1248,66.0,67.3,66.0,95.5,64.7,0.000,0.000,0.00,0.000,0.9,1.2,0.2,60,0,1.1,1.4,0.1,53,4,0.9,1.2,0.2,60,0,0,,,0,0,0,71.4,66.7,64.4,0.41,0.39,0.26
REDF,2017-08-21 20:45:00 EDT,43.62218,-75.87769,1248,66.1,67.1,66.1,95.8,64.9,0.000,0.000,0.00,0.000,1.3,2.0,0.4,62,2,1.6,2.5,0.5,60,4,1.3,2.0,0.4,62,2,0,,,0,0,0,71.4,66.8,64.4,0.41,0.39,0.26
REDF,2017-08-21 20:50:00 EDT,43.62218,-75.87769,1248,66.0,67.0,66.0,95.7,64.8,0.000,0.000,0.00,0.000,1.4,2.0,0.4,64,9,1.6,2.6,0.6,61,11,1.4,2.0,0.4,64,9,0,,,0,0,0,71.4,66.8,64.4,0.42,0.39,0.26
REDF,2017-08-21 20:55:00 EDT,43.62218,-75.87769,1248,65.9,66.8,65.9,95.6,64.5,0.000,0.000,0.00,0.000,1.2,1.5,0.2,60,6,1.5,2.0,0.3,64,7,1.2,1.5,0.2,60,6,0,,,0,0,0,71.3,66.8,64.4,0.41,0.39,0.26
REDF,2017-08-21 21:00:00 EDT,43.62218,-75.87769,1248,65.5,66.4,65.5,95.9,64.3,0.000,0.000,0.00,0.000,1.3,1.5,0.2,76,2,1.7,2.0,0.2,72,6,1.3,1.5,0.2,76,2,0,,,0,0,0,71.3,66.8,64.4,0.42,0.39,0.26
REDF,2017-08-21 21:05:00 EDT,43.62218,-75.87769,1248,65.3,66.4,65.3,96.3,64.3,0.000,0.000,0.00,0.000,1.4,1.8,0.2,64,2,1.6,2.2,0.2,57,3,1.4,1.8,0.2,64,2,0,28.75,,0,0,0,71.2,66.8,64.4,0.41,0.39,0.26
REDF,2017-08-21 21:10:00 EDT,43.62218,-75.87769,1248,65.3,66.2,65.3,96.0,64.1,0.000,0.000,0.00,0.000,1.0,1.6,0.4,56,3,1.2,1.8,0.5,48,6,1.0,1.6,0.4,56,3,0,,,0,0,0,71.1,66.8,64.4,0.41,0.39,0.26
REDF,2017-08-21 21:15:00 EDT,43.62218,-75.87769,1248,64.8,65.8,64.8,96.0,63.6,0.000,0.000,0.00,0.000,0.4,0.9,0.3,88,23,1.0,1.5,0.2,89,25,0.4,0.9,0.3,88,23,0,,,0,0,0,71.1,66.8,64.4,0.42,0.39,0.26
REDF,2017-08-21 21:20:00 EDT,43.62218,-75.87769,1248,64.9,65.6,64.9,96.4,63.8,0.000,0.000,0.00,0.000,0.2,0.7,0.3,102,3,0.5,1.3,0.4,83,14,0.2,0.7,0.3,102,3,0,,,0,0,0,71.0,66.9,64.4,0.41,0.39,0.26
REDF,2017-08-21 21:25:00 EDT,43.62218,-75.87769,1248,64.6,65.4,64.6,96.6,63.6,0.000,0.000,0.00,0.000,0.0,0.0,0.0,0,0,0.3,0.9,0.4,54,5,0.0,0.0,0.0,0,0,0,,,0,0,0,70.9,67.0,64.4,0.41,0.39,0.26
REDF,2017-08-21 21:30:00 EDT,43.62218,-75.87769,1248,64.3,65.3,64.3,96.6,63.3,0.000,0.000,0.00,0.000,0.0,0.0,0.0,0,0,0.3,1.0,0.4,73,3,0.0,0.0,0.0,0,0,0,,,0,0,0,70.8,67.0,64.4,0.41,0.39,0.26
REDF,2017-08-21 21:35:00 EDT,43.62218,-75.87769,1248,64.2,65.2,64.2,96.9,63.3,0.000,0.000,0.00,0.000,0.3,1.0,0.4,72,4,0.7,1.3,0.4,59,4,0.3,1.0,0.4,72,4,0,,,0,0,0,70.8,67.0,64.4,0.42,0.39,0.26
REDF,2017-08-21 21:40:00 EDT,43.62218,-75.87769,1248,63.7,65.1,63.7,97.2,62.9,0.000,0.000,0.00,0.000,0.7,1.2,0.3,68,1,1.0,1.5,0.4,64,7,0.7,1.2,0.3,68,1,0,28.75,,0,0,0,70.7,67.0,64.4,0.41,0.39,0.26
REDF,2017-08-21 21:45:00 EDT,43.62218,-75.87769,1248,63.8,65.0,63.8,97.5,63.1,0.000,0.000,0.00,0.000,0.6,1.1,0.3,68,1,0.7,1.4,0.5,55,6,0.6,1.1,0.3,68,1,0,,,0,0,0,70.7,67.0,64.4,0.41,0.39,0.26
REDF,2017-08-21 21:50:00 EDT,43.62218,-75.87769,1248,63.7,64.9,63.7,97.6,63.0,0.000,0.000,0.00,0.000,1.0,1.3,0.2,64,4,1.2,1.5,0.2,53,4,1.0,1.3,0.2,64,4,0,,,0,0,0,70.7,67.1,64.4,0.41,0.39,0.26
REDF,2017-08-21 21:55:00 EDT,43.62218,-75.87769,1248,63.9,64.8,63.9,97.7,63.2,0.000,0.000,0.00,0.000,1.2,1.6,0.2,58,1,1.2,1.9,0.3,50,5,1.2,1.6,0.2,58,1,0,,,0,0,0,70.7,67.1,64.4,0.41,0.39,0.26
REDF,2017-08-21 22:00:00 EDT,43.62218,-75.87769,1248,63.7,64.7,63.7,97.3,62.9,0.000,0.000,0.00,0.000,0.8,1.3,0.2,57,0,1.1,1.5,0.3,51,8,0.8,1.3,0.2,57,0,0,,,0,0,0,70.7,67.1,64.4,0.42,0.39,0.26
REDF,2017-08-21 22:05:00 EDT,43.62218,-75.87769,1248,63.5,65.1,63.5,97.3,62.8,0.000,0.000,0.00,0.000,0.2,1.1,0.3,68,5,0.6,1.5,0.5,66,8,0.2,1.1,0.3,68,5,0,,,0,0,0,70.5,67.1,64.4,0.41,0.39,0.26
REDF,2017-08-21 22:10:00 EDT,43.62218,-75.87769,1248,63.2,64.3,63.2,97.2,62.4,0.000,0.000,0.00,0.000,0.2,0.8,0.3,71,0,0.6,1.2,0.4,49,8,0.2,0.8,0.3,71,0,0,,,0,0,0,70.5,67.1,64.4,0.42,0.39,0.26
REDF,2017-08-21 22:15:00 EDT,43.62218,-75.87769,1248,62.7,64.1,62.7,97.1,61.8,0.000,0.000,0.00,0.000,0.3,1.2,0.4,71,0,0.6,1.6,0.5,69,6,0.3,1.2,0.4,71,0,0,28.75,,0,0,0,70.4,67.1,64.4,0.42,0.39,0.26
REDF,2017-08-21 22:20:00 EDT,43.62218,-75.87769,1248,62.9,64.0,62.9,97.3,62.1,0.000,0.000,0.00,0.000,0.3,1.1,0.4,68,2,0.6,1.4,0.5,52,14,0.3,1.1,0.4,68,2,0,,,0,0,0,70.3,67.1,64.4,0.41,0.39,0.26
REDF,2017-08-21 22:25:00 EDT,43.62218,-75.87769,1248,62.9,64.2,62.9,97.6,62.2,0.000,0.000,0.00,0.000,0.2,0.8,0.3,62,0,0.4,1.2,0.5,53,9,0.2,0.8,0.3,62,0,0,,,0,0,0,70.3,67.1,64.4,0.41,0.39,0.26
REDF,2017-08-21 22:30:00 EDT,43.62218,-75.87769,1248,62.8,64.3,62.8,97.7,62.2,0.000,0.000,0.00,0.000,0.3,0.9,0.3,50,4,0.7,1.2,0.4,33,11,0.3,0.9,0.3,50,4,0,,,0,0,0,70.3,67.1,64.4,0.41,0.39,0.26
REDF,2017-08-21 22:35:00 EDT,43.62218,-75.87769,1248,62.5,64.0,62.5,97.6,61.9,0.000,0.000,0.00,0.000,0.9,1.3,0.3,60,5,1.2,1.8,0.3,59,8,0.9,1.3,0.3,60,5,0,,,0,0,0,70.1,67.1,64.4,0.41,0.39,0.26
REDF,2017-08-21 22:40:00 EDT,43.62218,-75.87769,1248,62.8,63.9,62.8,97.8,62.2,0.000,0.000,0.00,0.000,1.0,1.2,0.1,54,2,1.1,1.4,0.1,47,5,1.0,1.2,0.1,54,2,0,,,0,0,0,70.1,67.1,64.4,0.41,0.39,0.26
REDF,2017-08-21 22:45:00 EDT,43.62218,-75.87769,1248,62.8,63.6,62.8,97.7,62.1,0.000,0.000,0.00,0.000,0.8,1.3,0.2,52,0,1.0,1.4,0.2,48,5,0.8,1.3,0.2,52,0,0,,,0,0,0,70.0,67.1,64.4,0.42,0.39,0.26
REDF,2017-08-21 22:50:00 EDT,43.62218,-75.87769,1248,62.6,63.5,62.6,97.7,62.0,0.000,0.000,0.00,0.000,0.9,1.1,0.1,52,81,1.0,1.3,0.2,53,4,0.9,1.1,0.1,52,81,0,28.74,,0,0,0,70.0,67.1,64.4,0.41,0.39,0.26
REDF,2017-08-21 22:55:00 EDT,43.62218,-75.87769,1248,62.6,63.3,62.6,97.7,62.0,0.000,0.000,0.00,0.000,1.0,1.4,0.3,47,3,1.0,1.5,0.4,45,4,1.0,1.4,0.3,47,3,0,,,0,0,0,70.0,67.1,64.4,0.42,0.39,0.26
REDF,2017-08-21 23:00:00 EDT,43.62218,-75.87769,1248,62.5,63.4,62.5,97.6,61.8,0.000,0.000,0.00,0.000,0.7,1.2,0.3,45,3,0.9,1.4,0.3,34,14,0.7,1.2,0.3,45,3,0,,,0,0,0,70.0,67.1,64.4,0.42,0.39,0.26
REDF,2017-08-21 23:05:00 EDT,43.62218,-75.87769,1248,62.3,63.3,62.3,97.6,61.6,0.000,0.000,0.00,0.000,0.9,1.2,0.1,39,0,1.1,1.5,0.1,33,8,0.9,1.2,0.1,39,0,0,,,0,0,0,70.0,67.1,64.4,0.42,0.39,0.26
REDF,2017-08-21 23:10:00 EDT,43.62218,-75.87769,1248,62.3,63.3,62.3,97.7,61.6,0.000,0.000,0.00,0.000,0.5,1.0,0.3,43,6,0.8,1.4,0.4,55,9,0.5,1.0,0.3,43,6,0,,,0,0,0,70.0,67.1,64.4,0.42,0.39,0.26
REDF,2017-08-21 23:15:00 EDT,43.62218,-75.87769,1248,62.2,63.1,62.2,97.8,61.5,0.000,0.000,0.00,0.000,1.4,1.8,0.4,73,7,1.9,2.4,0.4,74,3,1.4,1.8,0.4,73,7,0,,,0,0,0,69.9,67.1,64.4,0.42,0.39,0.26
REDF,2017-08-21 23:20:00 EDT,43.62218,-75.87769,1248,61.8,63.1,61.8,97.7,61.2,0.000,0.000,0.00,0.000,1.4,1.6,0.1,68,3,1.6,1.9,0.1,59,4,1.4,1.6,0.1,68,3,0,,,0,0,0,69.8,67.1,64.4,0.42,0.39,0.26
REDF,2017-08-21 23:25:00 EDT,43.62218,-75.87769,1248,61.8,62.8,61.8,97.8,61.2,0.000,0.000,0.00,0.000,1.2,1.5,0.1,79,11,1.6,1.9,0.1,83,13,1.2,1.5,0.1,79,11,0,28.75,,0,0,0,69.6,67.1,64.4,0.42,0.39,0.26
REDF,2017-08-21 23:30:00 EDT,43.62218,-75.87769,1248,61.7,62.6,61.7,97.8,61.1,0.000,0.000,0.00,0.000,1.2,1.5,0.2,68,16,1.3,1.8,0.2,62,18,1.2,1.5,0.2,68,16,0,,,0,0,0,69.6,67.2,64.4,0.41,0.39,0.26
REDF,2017-08-21 23:35:00 EDT,43.62218,-75.87769,1248,61.7,62.5,61.7,97.9,61.1,0.000,0.000,0.00,0.000,0.8,1.4,0.2,73,27,1.2,1.8,0.2,84,27,0.8,1.4,0.2,73,27,0,,,0,0,0,69.6,67.2,64.4,0.42,0.39,0.26
REDF,2017-08-21 23:40:00 EDT,43.62218,-75.87769,1248,61.6,62.4,61.6,98.0,61.0,0.000,0.000,0.00,0.000,0.7,1.2,0.4,131,31,1.0,1.6,0.3,118,38,0.7,1.2,0.4,131,31,0,,,0,0,0,69.6,67.2,64.4,0.42,0.39,0.26
REDF,2017-08-21 23:45:00 EDT,43.62218,-75.87769,1248,61.5,62.3,61.5,98.0,60.9,0.000,0.000,0.00,0.000,1.0,1.3,0.1,64,0,1.3,1.6,0.1,57,4,1.0,1.3,0.1,64,0,0,,,0,0,0,69.5,67.2,64.4,0.42,0.39,0.26
REDF,2017-08-21 23:50:00 EDT,43.62218,-75.87769,1248,61.0,62.3,61.0,98.0,60.5,0.000,0.000,0.00,0.000,1.1,1.4,0.1,62,2,1.3,1.6,0.1,58,5,1.1,1.4,0.1,62,2,0,,,0,0,0,69.5,67.2,64.4,0.41,0.39,0.26
REDF,2017-08-21 23:55:00 EDT,43.62218,-75.87769,1248,61.0,62.0,61.0,98.0,60.4,0.000,0.000,0.00,0.000,0.6,0.9,0.1,86,19,0.9,1.4,0.3,90,16,0.6,0.9,0.1,86,19,0,,,0,0,0,69.4,67.2,64.4,0.42,0.39,0.26
REDH,2017-08-21 00:00:00 EDT,42.00168,-73.88391,213,63.6,64.7,63.6,93.8,61.7,0.000,0.002,0.00,0.000,2.5,3.7,0.4,171,11,2.8,4.1,0.5,169,13,2.5,3.7,0.4,171,11,0,29.92,,0,0,0,75.6,75.9,73.9,0.18,0.19,0.25
REDH,2017-08-21 00:05:00 EDT,42.00168,-73.88391,213,62.9,64.5,62.9,91.9,60.5,0.000,0.000,0.00,0.000,2.8,3.7,0.3,167,9,3.1,4.1,0.4,165,10,2.8,3.7,0.3,167,9,0,29.92,,0,0,0,75.6,75.9,73.9,0.17,0.19,0.25
REDH,2017-08-21 00:10:00 EDT,42.00168,-73.88391,213,63.1,64.6,63.1,92.9,61.1,0.000,0.000,0.00,0.000,2.6,4.0,0.4,176,7,3.0,4.1,0.5,175,9,2.6,4.0,0.4,176,7,0,29.93,,0,0,0,75.6,75.9,73.9,0.17,0.19,0.25
REDH,2017-08-21 00:15:00 EDT,42.00168,-73.88391,213,62.9,64.5,62.9,93.2,60.9,0.000,0.000,0.00,0.000,2.2,4.5,0.7,169,9,2.5,4.6,0.7,166,10,2.2,4.5,0.7,169,9,0,29.93,,0,0,0,75.6,75.9,73.9,0.17,0.19,0.25
REDH,2017-08-21 00:20:00 EDT,42.00168,-73.88391,213,62.7,64.7,62.7,92.8,60.5,0.000,0.000,0.00,0.000,2.8,3.8,0.5,159,8,3.1,4.4,0.6,155,10,2.8,3.8,0.5,159,8,0,29.93,,0,0,0,75.5,75.9,73.9,0.17,0.19,0.25
REDH,2017-08-21 00:25:00 EDT,42.00168,-73.88391,213,63.3,65.1,63.3,92.0,60.9,0.000,0.000,0.00,0.000,3.6,5.6,0.7,159,9,3.9,6.4,0.9,156,10,3.6,5.6,0.7,159,9,0,29.92,,0,0,0,75.5,75.9,73.9,0.17,0.19,0.25
REDH,2017-08-21 00:30:00 EDT,42.00168,-73.88391,213,63.3,65.1,63.3,90.7,60.5,0.000,0.000,0.00,0.000,3.4,4.3,0.4,164,11,3.8,5.8,0.7,162,12,3.4,4.3,0.4,164,11,0,29.92,,0,0,0,75.3,75.9,73.9,0.17,0.19,0.25
REDH,2017-08-21 00:35:00 EDT,42.00168,-73.88391,213,63.5,65.4,63.5,91.4,61.0,0.003,0.003,0.00,0.003,2.7,4.6,0.7,189,16,3.0,5.2,0.9,187,14,2.7,4.6,0.7,189,16,0,29.93,,0,0,0,75.1,75.9,73.9,0.17,0.19,0.25
REDH,2017-08-21 00:40:00 EDT,42.00168,-73.88391,213,63.2,65.0,63.2,92.1,60.9,0.000,0.003,0.00,0.003,2.3,3.2,0.3,199,12,2.6,4.5,0.5,198,12,2.3,3.2,0.3,199,12,0,29.93,,0,0,0,75.0,75.9,73.9,0.17,0.19,0.25
REDH,2017-08-21 00:45:00 EDT,42.00168,-73.88391,213,63.1,64.9,63.1,92.6,60.9,0.000,0.003,0.00,0.003,1.5,3.8,0.6,185,13,1.8,4.2,0.7,184,12,1.5,3.8,0.6,185,13,0,29.93,,0,0,0,75.0,75.9,73.9,0.17,0.19,0.25
REDH,2017-08-21 00:50:00 EDT,42.00168,-73.88391,213,62.8,65.0,62.8,93.1,60.7,0.000,0.003,0.00,0.003,1.5,3.4,0.7,170,15,1.9,4.1,0.9,167,17,1.5,3.4,0.7,170,15,0,29.94,,0,0,0,75.0,75.9,73.9,0.17,0.19,0.25
REDH,2017-08-21 00:55:00 EDT,42.00168,-73.88391,213,63.4,65.2,63.4,93.5,61.5,0.000,0.003,0.00,0.003,1.3,2.6,0.5,187,13,1.6,2.9,0.5,186,14,1.3,2.6,0.5,187,13,0,29.94,,0,0,0,75.0,75.9,73.9,0.18,0.19,0.25
REDH,2017-08-21 01:00:00 EDT,42.00168,-73.88391,213,62.3,64.9,62.3,92.4,60.1,0.000,0.003,0.00,0.003,2.3,3.5,0.6,175,13,2.7,5.2,0.8,174,13,2.3,3.5,0.6,175,13,0,29.93,,0,0,0,75.0,75.9,73.9,0.18,0.19,0.25
REDH,2017-08-21 01:05:00 EDT,42.00168,-73.88391,213,63.5,64.7,63.5,93.2,61.5,0.000,0.003,0.00,0.003,3.2,4.4,0.6,184,10,3.6,5.1,0.7,185,8,3.2,4.4,0.6,184,10,0,29.93,,0,0,0,75.0,75.9,73.9,0.18,0.19,0.25
REDH,2017-08-21 01:10:00 EDT,42.00168,-73.88391,213,63.6,64.4,63.6,91.7,61.2,0.000,0.003,0.00,0.003,3.3,5.5,0.8,188,15,3.7,6.1,0.9,187,15,3.3,5.5,0.8,188,15,0,29.93,,0,0,0,74.9,75.9,73.9,0.18,0.19,0.25
REDH,2017-08-21 01:15:00 EDT,42.00168,-73.88391,213,63.9,64.6,63.9,90.9,61.2,0.000,0.003,0.00,0.003,4.1,7.2,1.0,175,12,4.6,8.0,1.3,175,10,4.1,7.2,1.0,175,12,0,29.93,,0,0,0,74.8,75.8,73.9,0.18,0.19,0.25
REDH,2017-08-21 01:20:00 EDT,42.00168,-73.88391,213,63.9,64.6,63.9,90.5,61.1,0.000,0.003,0.00,0.003,4.0,6.4,1.0,169,14,4.5,7.3,1.2,169,12,4.0,6.4,1.0,169,14,0,29.93,,0,0,0,74.7,75.8,73.9,0.18,0.19,0.25
REDH,2017-08-21 01:25:00 EDT,42.00168,-73.88391,213,63.7,64.4,63.7,90.3,60.8,0.000,0.003,0.00,0.003,2.4,4.0,0.6,176,14,2.8,4.6,0.7,177,16,2.4,4.0,0.6,176,14,0,29.93,,0,0,0,74.7,75.7,73.9,0.18,0.19,0.25
REDH,2017-08-21 01:30:00 EDT,42.00168,-73.88391,213,63.6,64.4,63.6,90.4,60.8,0.000,0.003,0.00,0.003,2.9,4.6,0.9,175,13,3.3,5.5,1.0,173,13,2.9,4.6,0.9,175,13,0,29.93,,0,0,0,74.7,75.6,73.9,0.18,0.19,0.25
REDH,2017-08-21 01:35:00 EDT,42.00168,-73.88391,213,63.7,64.4,63.7,90.7,61.0,0.000,0.003,0.00,0.000,3.0,5.6,0.7,177,17,3.3,5.8,0.8,178,16,3.0,5.6,0.7,177,17,0,29.93,,0,0,0,74.7,75.6,73.9,0.18,0.19,0.25
REDH,2017-08-21 01:40:00 EDT,42.00168,-73.88391,213,63.5,64.4,63.5,90.3,60.6,0.000,0.003,0.00,0.000,2.2,3.7,0.7,201,17,2.6,5.2,0.8,200,16,2.2,3.7,0.7,201,17,0,29.93,,0,0,0,74.7,75.6,73.9,0.18,0.19,0.25
REDH,2017-08-21 01:45:00 EDT,42.00168,-73.88391,213,63.1,64.1,63.1,91.0,60.5,0.000,0.003,0.00,0.000,3.1,5.3,0.8,210,14,3.4,5.4,0.9,210,12,3.1,5.3,0.8,210,14,0,29.93,,0,0,0,74.7,75.6,73.9,0.18,0.19,0.25
REDH,2017-08-21 01:50:00 EDT,42.00168,-73.88391,213,63.1,64.1,63.1,91.4,60.5,0.000,0.003,0.00,0.000,3.0,4.8,0.7,207,15,3.2,5.1,0.8,206,14,3.0,4.8,0.7,207,15,0,29.93,,0,0,0,74.6,75.6,73.9,0.18,0.19,0.25
REDH,2017-08-21 01:55:00 EDT,42.00168,-73.88391,213,63.2,64.0,63.2,91.3,60.6,0.000,0.003,0.00,0.000,1.5,3.5,0.8,199,16,1.9,4.6,0.8,198,15,1.5,3.5,0.8,199,16,0,29.93,,0,0,0,74.6,75.6,73.9,0.18,0.19,0.25
REDH,2017-08-21 02:00:00 EDT,42.00168,-73.88391,213,62.9,64.0,62.9,91.4,60.4,0.000,0.003,0.00,0.000,0.8,3.0,0.7,203,24,1.1,3.4,0.7,207,23,0.8,3.0,0.7,203,24,0,29.93,,0,0,0,74.6,75.6,73.9,0.18,0.19,0.25
REDH,2017-08-21 02:05:00 EDT,42.00168,-73.88391,213,62.1,63.5,62.1,92.6,60.0,0.000,0.003,0.00,0.000,0.4,1.2,0.4,274,21,0.7,2.3,0.6,272,24,0.4,1.2,0.4,274,21,0,29.93,,0,0,0,74.5,75.6,73.9,0.18,0.19,0.25
REDH,2017-08-21 02:10:00 EDT,42.00168,-73.88391,213,61.6,63.4,61.6,94.2,59.9,0.000,0.003,0.00,0.000,0.4,1.7,0.5,140,10,0.7,1.8,0.6,136,21,0.4,1.7,0.5,140,10,0,29.93,,0,0,0,74.5,75.6,73.9,0.18,0.19,0.25
REDH,2017-08-21 02:15:00 EDT,42.00168,-73.88391,213,61.3,63.6,61.3,95.1,59.9,0.000,0.003,0.00,0.000,2.1,3.5,0.7,159,14,2.3,3.9,0.8,155,16,2.1,3.5,0.7,159,14,0,29.93,,0,0,0,74.4,75.6,73.9,0.18,0.19,0.25
REDH,2017-08-21 02:20:00 EDT,42.00168,-73.88391,213,62.0,63.8,62.0,94.8,60.5,0.000,0.003,0.00,0.000,2.6,3.6,0.4,177,5,3.1,4.4,0.5,177,7,2.6,3.6,0.4,177,5,0,29.93,,0,0,0,74.3,75.6,73.9,0.18,0.19,0.25
REDH,2017-08-21 02:25:00 EDT,42.00168,-73.88391,213,62.6,63.7,62.6,94.8,61.1,0.000,0.003,0.00,0.000,2.3,3.4,0.5,180,5,2.7,3.7,0.6,180,6,2.3,3.4,0.5,180,5,0,29.93,,0,0,0,74.3,75.6,73.9,0.18,0.19,0.25
REDH,2017-08-21 02:30:00 EDT,42.00168,-73.88391,213,62.2,63.6,62.2,93.9,60.4,0.000,0.003,0.00,0.000,2.2,3.4,0.7,181,8,2.5,4.4,0.8,181,9,2.2,3.4,0.7,181,8,0,29.93,,0,0,0,74.3,75.6,73.9,0.18,0.19,0.25
REDH,2017-08-21 02:35:00 EDT,42.00168,-73.88391,213,62.6,63.6,62.6,94.5,61.0,0.000,0.003,0.00,0.000,2.8,3.5,0.3,186,7,3.1,4.0,0.5,186,7,2.8,3.5,0.3,186,7,0,29.93,,0,0,0,74.3,75.6,73.9,0.18,0.19,0.25
REDH,2017-08-21 02:40:00 EDT,42.00168,-73.88391,213,62.8,63.5,62.8,94.4,61.2,0.000,0.003,0.00,0.000,1.9,3.9,0.6,205,10,2.2,4.5,0.7,204,12,1.9,3.9,0.6,205,10,0,29.93,,0,0,0,74.3,75.6,73.9,0.18,0.19,0.25
REDH,2017-08-21 02:45:00 EDT,42.00168,-73.88391,213,62.4,63.2,62.4,93.7,60.5,0.000,0.003,0.00,0.000,1.9,2.8,0.5,209,14,2.1,3.5,0.4,210,13,1.9,2.8,0.5,209,14,0,29.93,,0,0,0,74.3,75.6,73.9,0.18,0.19,0.25
REDH,2017-08-21 02:50:00 EDT,42.00168,-73.88391,213,62.2,63.1,62.2,93.8,60.4,0.000,0.003,0.00,0.000,1.0,1.9,0.5,193,16,1.3,2.9,0.5,192,20,1.0,1.9,0.5,193,16,0,29.93,,0,0,0,74.3,75.6,73.9,0.18,0.19,0.25
REDH,2017-08-21 02:55:00 EDT,42.00168,-73.88391,213,62.2,63.2,62.2,94.1,60.4,0.000,0.003,0.00,0.000,0.2,1.5,0.4,182,14,0.5,2.6,0.7,175,31,0.2,1.5,0.4,182,14,0,29.93,,0,0,0,74.2,75.6,73.9,0.17,0.19,0.25
REDH,2017-08-21 03:00:00 EDT,42.00168,-73.88391,213,62.1,63.4,62.1,94.4,60.4,0.000,0.003,0.00,0.000,0.9,2.3,0.7,153,17,1.1,3.0,0.7,148,25,0.9,2.3,0.7,153,17,0,29.93,,0,0,0,74.1,75.6,73.9,0.17,0.19,0.25
REDH,2017-08-21 03:05:00 EDT,42.00168,-73.88391,213,62.2,63.6,62.2,93.8,60.3,0.000,0.003,0.00,0.000,1.8,3.2,0.7,156,20,2.0,3.9,0.8,153,20,1.8,3.2,0.7,156,20,0,29.93,,0,0,0,74.0,75.6,73.9,0.17,0.19,0.25
REDH,2017-08-21 03:10:00 EDT,42.00168,-73.88391,213,61.6,63.2,61.6,93.7,59.8,0.000,0.003,0.00,0.000,1.3,2.0,0.3,109,18,1.6,2.5,0.4,107,18,1.3,2.0,0.3,109,18,0,29.93,,0,0,0,74.0,75.6,73.9,0.17,0.19,0.25
REDH,2017-08-21 03:15:00 EDT,42.00168,-73.88391,213,61.1,62.9,61.1,94.6,59.5,0.000,0.003,0.00,0.000,1.6,2.2,0.4,137,12,1.8,2.5,0.4,135,12,1.6,2.2,0.4,137,12,0,29.93,,0,0,0,73.9,75.6,73.9,0.17,0.19,0.25
REDH,2017-08-21 03:20:00 EDT,42.00168,-73.88391,213,61.0,62.9,61.0,95.4,59.6,0.000,0.003,0.00,0.000,2.2,3.3,0.4,163,11,2.6,3.8,0.5,161,12,2.2,3.3,0.4,163,11,0,29.93,,0,0,0,73.9,75.6,73.9,0.17,0.19,0.25
REDH,2017-08-21 03:25:00 EDT,42.00168,-73.88391,213,61.2,62.9,61.2,95.4,59.9,0.000,0.003,0.00,0.000,2.0,2.4,0.2,160,10,2.4,3.7,0.3,159,13,2.0,2.4,0.2,160,10,0,29.93,,0,0,0,73.9,75.6,73.9,0.17,0.19,0.25
REDH,2017-08-21 03:30:00 EDT,42.00168,-73.88391,213,61.3,62.8,61.3,94.5,59.7,0.000,0.003,0.00,0.000,1.8,2.3,0.2,158,10,2.0,3.2,0.3,154,12,1.8,2.3,0.2,158,10,0,29.93,,0,0,0,73.9,75.6,73.9,0.17,0.19,0.25
REDH,2017-08-21 03:35:00 EDT,42.00168,-73.88391,213,61.2,62.6,61.2,94.5,59.6,0.000,0.003,0.00,0.000,2.1,2.8,0.3,156,8,2.3,3.3,0.3,153,10,2.1,2.8,0.3,156,8,0,29.93,,0,0,0,73.9,75.6,73.9,0.17,0.19,0.25
REDH,2017-08-21 03:40:00 EDT,42.00168,-73.88391,213,61.4,62.5,61.4,94.9,59.9,0.000,0.003,0.00,0.000,2.2,3.2,0.3,150,9,2.4,4.3,0.4,147,9,2.2,3.2,0.3,150,9,0,29.93,,0,0,0,73.9,75.5,73.9,0.17,0.19,0.25
REDH,2017-08-21 03:45:00 EDT,42.00168,-73.88391,213,61.5,62.5,61.5,94.8,60.0,0.000,0.003,0.00,0.000,2.1,3.5,0.5,141,12,2.2,4.1,0.6,138,10,2.1,3.5,0.5,141,12,0,29.93,,0,0,0,73.9,75.5,73.9,0.17,0.19,0.25
REDH,2017-08-21 03:50:00 EDT,42.00168,-73.88391,213,61.6,62.4,61.6,94.7,60.1,0.000,0.003,0.00,0.000,1.5,2.3,0.3,131,15,1.7,2.5,0.3,129,14,1.5,2.3,0.3,131,15,0,29.93,,0,0,0,73.9,75.3,73.9,0.17,0.19,0.25
REDH,2017-08-21 03:55:00 EDT,42.00168,-73.88391,213,61.1,62.3,61.1,94.5,59.5,0.000,0.003,0.00,0.000,1.4,2.0,0.3,154,14,1.7,2.6,0.3,152,16,1.4,2.0,0.3,154,14,0,29.94,,0,0,0,73.8,75.3,73.9,0.17,0.19,0.25
REDH,2017-08-21 04:00:00 EDT,42.00168,-73.88391,213,61.0,62.4,61.0,95.0,59.6,0.000,0.003,0.00,0.000,2.1,2.7,0.3,150,10,2.3,3.4,0.4,147,11,2.1,2.7,0.3,150,10,0,29.94,,0,0,0,73.6,75.1,73.9,0.17,0.19,0.25
REDH,2017-08-21 04:05:00 EDT,42.00168,-73.88391,213,61.1,62.4,61.1,95.6,59.8,0.000,0.003,0.00,0.000,2.5,3.4,0.3,145,8,2.7,3.6,0.3,141,8,2.5,3.4,0.3,145,8,0,29.93,,0,0,0,73.5,75.0,73.9,0.17,0.19,0.25
REDH,2017-08-21 04:10:00 EDT,42.00168,-73.88391,213,60.8,62.3,60.8,94.9,59.3,0.000,0.003,0.00,0.000,2.6,3.7,0.4,169,10,2.9,4.2,0.5,168,11,2.6,3.7,0.4,169,10,0,29.93,,0,0,0,73.5,75.0,73.9,0.17,0.19,0.25
REDH,2017-08-21 04:15:00 EDT,42.00168,-73.88391,213,61.5,62.5,61.5,95.7,60.3,0.000,0.003,0.00,0.000,2.2,3.7,0.5,173,9,2.5,4.6,0.6,172,11,2.2,3.7,0.5,173,9,0,29.93,,0,0,0,73.4,75.0,73.9,0.17,0.19,0.25
REDH,2017-08-21 04:20:00 EDT,42.00168,-73.88391,213,61.4,62.5,61.4,95.6,60.1,0.000,0.003,0.00,0.000,2.0,3.4,0.6,170,12,2.4,4.8,0.8,171,13,2.0,3.4,0.6,170,12,0,29.94,,0,0,0,73.4,75.0,73.9,0.17,0.19,0.25
REDH,2017-08-21 04:25:00 EDT,42.00168,-73.88391,213,60.9,61.9,60.9,95.5,59.6,0.000,0.003,0.00,0.000,0.8,2.0,0.5,22,60,1.2,2.6,0.6,23,55,0.8,2.0,0.5,22,60,0,29.94,,0,0,0,73.4,75.0,73.9,0.17,0.19,0.25
REDH,2017-08-21 04:30:00 EDT,42.00168,-73.88391,213,60.5,62.1,60.5,95.9,59.3,0.000,0.003,0.00,0.000,0.1,0.6,0.1,112,0,0.4,1.2,0.4,110,19,0.1,0.6,0.1,112,0,0,29.94,,0,0,0,73.4,75.0,73.9,0.17,0.19,0.25
REDH,2017-08-21 04:35:00 EDT,42.00168,-73.88391,213,60.1,61.9,60.1,95.9,58.9,0.000,0.003,0.00,0.000,0.0,0.0,0.0,0,0,0.1,1.1,0.3,337,6,0.0,0.0,0.0,0,0,0,29.94,,0,0,0,73.4,75.0,73.9,0.17,0.19,0.25
REDH,2017-08-21 04:40:00 EDT,42.00168,-73.88391,213,60.0,61.4,60.0,96.5,59.0,0.000,0.003,0.00,0.000,0.0,0.0,0.0,0,0,0.0,1.1,0.2,341,2,0.0,0.0,0.0,0,0,0,29.94,,0,0,0,73.4,75.0,73.9,0.17,0.19,0.25
REDH,2017-08-21 04:45:00 EDT,42.00168,-73.88391,213,60.0,61.0,60.0,96.8,59.1,0.000,0.003,0.00,0.000,0.9,2.1,0.5,337,35,1.2,2.2,0.5,327,9,0.9,2.1,0.5,337,35,0,29.94,,0,0,0,73.4,75.0,73.9,0.17,0.19,0.25
REDH,2017-08-21 04:50:00 EDT,42.00168,-73.88391,213,59.8,61.0,59.8,97.0,59.0,0.000,0.003,0.00,0.000,0.6,1.4,0.4,12,25,1.0,1.8,0.4,16,22,0.6,1.4,0.4,12,25,0,29.94,,0,0,0,73.4,75.0,73.9,0.17,0.19,0.25
REDH,2017-08-21 04:55:00 EDT,42.00168,-73.88391,213,59.9,61.1,59.9,97.2,59.1,0.000,0.003,0.00,0.000,1.1,1.7,0.3,25,8,1.3,2.0,0.2,23,9,1.1,1.7,0.3,25,8,0,29.94,,0,0,0,73.3,75.0,73.9,0.17,0.19,0.25
REDH,2017-08-21 05:00:00 EDT,42.00168,-73.88391,213,59.7,60.8,59.7,97.2,58.9,0.000,0.003,0.00,0.000,1.4,2.2,0.5,37,15,1.5,2.3,0.3,38,12,1.4,2.2,0.5,37,15,0,29.94,,0,0,0,73.2,75.0,73.9,0.17,0.19,0.25
REDH,2017-08-21 05:05:00 EDT,42.00168,-73.88391,213,59.6,60.5,59.6,97.4,58.9,0.000,0.003,0.00,0.000,1.5,1.9,0.2,43,10,1.6,1.9,0.2,46,9,1.5,1.9,0.2,43,10,0,29.94,,0,0,0,73.1,75.0,73.9,0.17,0.19,0.25
REDH,2017-08-21 05:10:00 EDT,42.00168,-73.88391,213,59.3,60.5,59.3,97.4,58.6,0.000,0.003,0.00,0.000,1.3,1.8,0.3,49,8,1.4,2.0,0.3,46,9,1.3,1.8,0.3,49,8,0,29.93,,0,0,0,73.0,75.0,73.9,0.17,0.19,0.25
REDH,2017-08-21 05:15:00 EDT,42.00168,-73.88391,213,59.2,60.2,59.2,97.4,58.5,0.000,0.003,0.00,0.000,0.8,1.2,0.4,34,3,0.9,1.5,0.4,34,5,0.8,1.2,0.4,34,3,0,29.93,,0,0,0,73.1,75.0,73.9,0.17,0.19,0.25
REDH,2017-08-21 05:20:00 EDT,42.00168,-73.88391,213,59.1,60.0,59.1,97.4,58.3,0.000,0.003,0.00,0.000,0.0,0.0,0.0,0,0,0.1,0.9,0.2,336,5,0.0,0.0,0.0,0,0,0,29.94,,0,0,0,73.0,75.0,73.9,0.17,0.19,0.25
REDH,2017-08-21 05:25:00 EDT,42.00168,-73.88391,213,59.2,60.1,59.2,97.6,58.6,0.000,0.003,0.00,0.000,0.4,0.9,0.3,331,0,0.8,1.2,0.2,331,4,0.4,0.9,0.3,331,0,0,29.94,,0,0,0,73.0,75.0,73.9,0.17,0.19,0.25
REDH,2017-08-21 05:30:00 EDT,42.00168,-73.88391,213,59.0,60.1,59.0,97.7,58.3,0.000,0.003,0.00,0.000,0.0,0.4,0.1,331,81,0.5,1.2,0.4,358,5,0.0,0.4,0.1,331,81,0,29.94,,0,0,0,73.0,75.0,73.9,0.17,0.19,0.25
REDH,2017-08-21 05:35:00 EDT,42.00168,-73.88391,213,58.7,59.8,58.7,97.7,58.1,0.000,0.003,0.00,0.000,0.1,0.7,0.2,332,0,0.3,1.3,0.5,358,4,0.1,0.7,0.2,332,0,0,29.94,,0,0,0,73.0,74.9,73.9,0.18,0.19,0.25
REDH,2017-08-21 05:40:00 EDT,42.00168,-73.88391,213,58.3,59.8,58.3,97.6,57.7,0.000,0.003,0.00,0.000,0.5,0.8,0.3,270,81,0.9,1.2,0.3,266,4,0.5,0.8,0.3,270,81,0,29.95,,0,0,0,73.0,74.8,73.9,0.17,0.19,0.25
REDH,2017-08-21 05:45:00 EDT,42.00168,-73.88391,213,58.8,60.0,58.8,97.9,58.2,0.000,0.003,0.00,0.000,1.3,1.9,0.3,259,10,1.5,2.4,0.3,252,10,1.3,1.9,0.3,259,10,0,29.95,,0,0,0,73.0,74.7,73.9,0.18,0.19,0.25
REDH,2017-08-21 05:50:00 EDT,42.00168,-73.88391,213,58.6,60.0,58.6,98.0,58.0,0.000,0.003,0.00,0.000,1.4,2.0,0.3,220,23,1.6,2.1,0.3,214,24,1.4,2.0,0.3,220,23,0,29.95,,0,0,0,73.0,74.7,73.9,0.17,0.19,0.25
REDH,2017-08-21 05:55:00 EDT,42.00168,-73.88391,213,58.1,60.0,58.1,97.9,57.5,0.000,0.003,0.00,0.000,1.2,1.9,0.3,170,5,1.5,2.3,0.3,170,8,1.2,1.9,0.3,170,5,0,29.95,,0,0,0,73.0,74.7,73.9,0.17,0.19,0.25
REDH,2017-08-21 06:00:00 EDT,42.00168,-73.88391,213,58.9,60.2,58.9,97.9,58.3,0.000,0.003,0.00,0.000,2.4,2.7,0.2,170,5,2.8,3.2,0.2,168,7,2.4,2.7,0.2,170,5,1,29.95,,0,0,0,72.9,74.7,73.9,0.17,0.19,0.25
REDH,2017-08-21 06:05:00 EDT,42.00168,-73.88391,213,58.7,60.4,58.7,98.1,58.1,0.000,0.003,0.00,0.000,1.4,2.3,0.5,177,6,1.7,2.7,0.5,177,7,1.4,2.3,0.5,177,6,4,29.95,,0,0,0,72.8,74.7,73.9,0.18,0.19,0.25
REDH,2017-08-21 06:10:00 EDT,42.00168,-73.88391,213,59.0,60.4,59.0,98.1,58.5,0.000,0.003,0.00,0.000,1.3,2.1,0.4,176,13,1.6,2.8,0.4,174,15,1.3,2.1,0.4,176,13,5,29.95,,0,0,0,72.7,74.7,73.9,0.18,0.19,0.25
REDH,2017-08-21 06:15:00 EDT,42.00168,-73.88391,213,59.2,60.9,59.2,98.1,58.6,0.000,0.003,0.00,0.000,2.4,3.9,0.4,173,6,2.7,4.4,0.6,173,8,2.4,3.9,0.4,173,6,6,29.95,,0,0,0,72.7,74.7,73.9,0.17,0.19,0.25
REDH,2017-08-21 06:20:00 EDT,42.00168,-73.88391,213,59.3,61.1,59.3,98.1,58.8,0.000,0.003,0.00,0.000,1.8,3.6,0.6,174,13,2.0,4.1,0.6,173,13,1.8,3.6,0.6,174,13,9,29.95,,0,0,0,72.7,74.7,73.9,0.17,0.19,0.25
REDH,2017-08-21 06:25:00 EDT,42.00168,-73.88391,213,59.9,61.0,59.9,98.3,59.4,0.000,0.003,0.00,0.000,1.7,2.8,0.5,152,16,1.9,3.7,0.5,149,18,1.7,2.8,0.5,152,16,11,29.95,,0,0,0,72.7,74.7,73.9,0.17,0.19,0.25
REDH,2017-08-21 06:30:00 EDT,42.00168,-73.88391,213,60.4,61.1,60.4,98.3,59.9,0.000,0.003,0.00,0.000,1.7,2.4,0.3,140,16,1.8,2.9,0.4,137,16,1.7,2.4,0.3,140,16,16,29.95,,0,0,0,72.7,74.7,73.9,0.17,0.19,0.25
REDH,2017-08-21 06:35:00 EDT,42.00168,-73.88391,213,59.8,60.9,59.8,98.0,59.3,0.000,0.003,0.00,0.000,1.0,1.8,0.3,143,12,1.3,2.0,0.3,138,12,1.0,1.8,0.3,143,12,22,29.95,,0,0,0,72.7,74.7,73.9,0.17,0.19,0.25
REDH,2017-08-21 06:40:00 EDT,42.00168,-73.88391,213,59.7,60.9,59.7,97.9,59.1,0.000,0.003,0.00,0.000,0.7,1.7,0.6,163,17,1.0,2.0,0.6,163,19,0.7,1.7,0.6,163,17,27,29.95,,0,0,0,72.7,74.7,73.9,0.17,0.19,0.25
REDH,2017-08-21 06:45:00 EDT,42.00168,-73.88391,213,59.4,60.8,59.4,97.8,58.8,0.000,0.003,0.00,0.000,1.0,2.4,0.6,160,13,1.2,2.3,0.5,155,18,1.0,2.4,0.6,160,13,31,29.96,,0,0,0,72.7,74.7,73.9,0.17,0.19,0.25
REDH,2017-08-21 06:50:00 EDT,42.00168,-73.88391,213,59.6,60.8,59.6,97.7,58.9,0.002,0.005,0.00,0.002,0.5,1.0,0.4,124,30,0.9,1.5,0.4,116,29,0.5,1.0,0.4,124,30,39,29.96,,0,0,0,72.7,74.7,73.9,0.17,0.19,0.25
REDH,2017-08-21 06:55:00 EDT,42.00168,-73.88391,213,59.4,60.8,59.4,97.6,58.7,0.000,0.005,0.00,0.002,0.6,1.4,0.5,350,17,1.0,1.9,0.6,358,24,0.6,1.4,0.5,350,17,52,29.96,,0,0,0,72.6,74.7,73.9,0.17,0.19,0.25
REDH,2017-08-21 07:00:00 EDT,42.00168,-73.88391,213,59.7,60.8,59.7,97.7,59.1,0.000,0.005,0.00,0.002,0.7,1.5,0.5,3,11,1.2,2.1,0.4,16,19,0.7,1.5,0.5,3,11,65,29.96,,0,0,0,72.6,74.7,73.9,0.17,0.19,0.25
REDH,2017-08-21 07:05:00 EDT,42.00168,-73.88391,213,60.1,60.8,60.1,97.7,59.5,0.000,0.005,0.00,0.002,0.6,1.4,0.6,5,2,0.8,1.8,0.7,7,30,0.6,1.4,0.6,5,2,96,29.96,,0,0,0,72.5,74.7,73.9,0.17,0.19,0.25
REDH,2017-08-21 07:10:00 EDT,42.00168,-73.88391,213,60.7,61.0,60.7,97.7,60.1,0.000,0.005,0.00,0.002,0.0,0.4,0.1,8,0,0.2,0.9,0.3,196,20,0.0,0.4,0.1,8,0,129,29.96,,0,0,0,72.4,74.7,73.9,0.17,0.19,0.25
REDH,2017-08-21 07:15:00 EDT,42.00168,-73.88391,213,61.4,61.3,61.4,97.7,60.7,0.000,0.005,0.00,0.002,0.5,0.9,0.3,39,27,0.9,1.4,0.3,43,31,0.5,0.9,0.3,39,27,134,29.96,,0,0,0,72.4,74.7,73.9,0.17,0.19,0.25
REDH,2017-08-21 07:20:00 EDT,42.00168,-73.88391,213,62.3,62.2,62.3,96.8,61.3,0.000,0.005,0.00,0.002,1.3,2.4,0.5,146,15,1.5,2.7,0.5,141,15,1.3,2.4,0.5,146,15,109,29.96,,0,0,0,72.3,74.7,73.9,0.17,0.19,0.25
REDH,2017-08-21 07:25:00 EDT,42.00168,-73.88391,213,62.6,63.0,62.6,94.6,61.0,0.000,0.005,0.00,0.002,1.5,2.2,0.3,154,10,1.7,2.7,0.3,151,11,1.5,2.2,0.3,154,10,70,29.96,,0,0,0,72.3,74.7,73.9,0.17,0.19,0.25
REDH,2017-08-21 07:30:00 EDT,42.00168,-73.88391,213,62.9,63.3,62.9,93.9,61.1,0.000,0.005,0.00,0.002,1.7,2.5,0.3,160,10,1.9,2.7,0.3,157,11,1.7,2.5,0.3,160,10,96,29.96,,0,0,0,72.3,74.7,73.9,0.17,0.19,0.25
REDH,2017-08-21 07:35:00 EDT,42.00168,-73.88391,213,63.3,63.5,63.3,92.9,61.2,0.000,0.005,0.00,0.002,1.5,2.6,0.5,166,12,1.9,2.9,0.5,164,14,1.5,2.6,0.5,166,12,114,29.96,,0,0,0,72.3,74.7,73.9,0.17,0.19,0.25
REDH,2017-08-21 07:40:00 EDT,42.00168,-73.88391,213,63.7,63.8,63.7,91.1,61.0,0.000,0.005,0.00,0.002,1.7,2.5,0.3,167,15,2.1,3.2,0.4,164,16,1.7,2.5,0.3,167,15,125,29.96,,0,0,0,72.3,74.7,73.9,0.17,0.19,0.25
REDH,2017-08-21 07:45:00 EDT,42.00168,-73.88391,213,64.1,64.0,64.1,90.4,61.2,0.000,0.005,0.00,0.002,2.0,3.3,0.5,192,24,2.4,4.2,0.5,192,23,2.0,3.3,0.5,192,24,169,29.96,,0,0,0,72.3,74.7,73.9,0.17,0.19,0.25
REDH,2017-08-21 07:50:00 EDT,42.00168,-73.88391,213,64.6,64.5,64.6,89.7,61.5,0.000,0.005,0.00,0.000,1.8,3.6,0.8,186,17,2.1,4.6,0.9,184,17,1.8,3.6,0.8,186,17,205,29.96,,0,0,0,72.3,74.7,73.9,0.17,0.19,0.25
REDH,2017-08-21 07:55:00 EDT,42.00168,-73.88391,213,65.2,65.1,65.2,88.3,61.7,0.000,0.005,0.00,0.000,1.2,2.5,0.4,181,22,1.4,3.8,0.5,179,22,1.2,2.5,0.4,181,22,247,29.96,,0,0,0,72.3,74.7,73.9,0.17,0.19,0.25
REDH,2017-08-21 08:00:00 EDT,42.00168,-73.88391,213,65.7,65.8,65.7,86.5,61.6,0.000,0.005,0.00,0.000,1.9,3.2,0.6,178,21,2.2,4.3,0.7,177,21,1.9,3.2,0.6,178,21,270,29.96,,0,0,0,72.3,74.7,73.9,0.17,0.19,0.25
REDH,2017-08-21 08:05:00 EDT,42.00168,-73.88391,213,66.0,65.9,66.0,85.9,61.6,0.000,0.005,0.00,0.000,2.7,4.5,0.9,174,16,3.1,6.2,1.1,175,16,2.7,4.5,0.9,174,16,284,29.96,,0,0,0,72.3,74.7,73.9,0.17,0.19,0.25
REDH,2017-08-21 08:10:00 EDT,42.00168,-73.88391,213,66.2,66.0,66.2,85.8,61.8,0.000,0.005,0.00,0.000,4.4,8.4,1.4,190,18,4.9,10.3,1.7,189,17,4.4,8.4,1.4,190,18,227,29.96,,0,0,0,72.3,74.7,73.9,0.17,0.19,0.25
REDH,2017-08-21 08:15:00 EDT,42.00168,-73.88391,213,66.5,66.3,66.5,86.3,62.3,0.000,0.005,0.00,0.000,3.4,6.5,0.9,198,21,3.8,7.3,1.1,197,20,3.4,6.5,0.9,198,21,226,29.96,,0,0,0,72.3,74.6,73.9,0.17,0.19,0.25
REDH,2017-08-21 08:20:00 EDT,42.00168,-73.88391,213,66.5,66.4,66.5,85.1,61.9,0.000,0.005,0.00,0.000,3.9,6.6,0.9,204,20,4.4,8.5,1.1,203,18,3.9,6.6,0.9,204,20,166,29.96,,0,0,0,72.3,74.6,73.9,0.17,0.19,0.25
REDH,2017-08-21 08:25:00 EDT,42.00168,-73.88391,213,66.8,66.7,66.8,86.2,62.6,0.000,0.005,0.00,0.000,3.5,5.0,0.7,179,16,3.8,6.4,1.0,178,15,3.5,5.0,0.7,179,16,281,29.96,,0,0,0,72.3,74.5,73.9,0.17,0.19,0.25
REDH,2017-08-21 08:30:00 EDT,42.00168,-73.88391,213,67.0,66.9,67.0,84.1,62.1,0.000,0.005,0.00,0.000,4.3,6.4,1.0,196,17,4.8,7.6,1.1,194,16,4.3,6.4,1.0,196,17,310,29.96,,0,0,0,72.3,74.4,73.9,0.17,0.19,0.25
REDH,2017-08-21 08:35:00 EDT,42.00168,-73.88391,213,67.6,67.4,67.6,84.7,62.9,0.000,0.005,0.00,0.000,4.0,6.6,0.9,185,23,4.5,7.0,1.2,184,21,4.0,6.6,0.9,185,23,309,29.96,,0,0,0,72.3,74.3,73.9,0.17,0.19,0.25
REDH,2017-08-21 08:40:00 EDT,42.00168,-73.88391,213,68.1,67.6,68.1,83.2,62.8,0.000,0.005,0.00,0.000,4.5,7.2,1.1,202,18,5.1,8.7,1.2,201,17,4.5,7.2,1.1,202,18,415,29.96,,0,0,0,72.3,74.3,73.9,0.17,0.19,0.25
REDH,2017-08-21 08:45:00 EDT,42.00168,-73.88391,213,68.8,68.3,68.8,82.9,63.4,0.000,0.005,0.00,0.000,3.3,6.4,1.1,189,18,3.9,7.8,1.3,189,16,3.3,6.4,1.1,189,18,452,29.96,,0,0,0,72.3,74.3,73.9,0.17,0.19,0.25
REDH,2017-08-21 08:50:00 EDT,42.00168,-73.88391,213,68.7,68.3,68.7,81.4,62.8,0.000,0.005,0.00,0.000,4.0,5.6,1.0,213,17,4.4,6.5,1.2,212,17,4.0,5.6,1.0,213,17,374,29.96,,0,0,0,72.4,74.3,73.9,0.17,0.19,0.25
REDH,2017-08-21 08:55:00 EDT,42.00168,-73.88391,213,68.8,68.4,68.8,82.8,63.4,0.000,0.005,0.00,0.000,3.6,6.1,0.9,201,31,4.0,7.4,1.1,200,30,3.6,6.1,0.9,201,31,294,29.96,,0,0,0,72.5,74.3,73.9,0.17,0.19,0.25
REDH,2017-08-21 09:00:00 EDT,42.00168,-73.88391,213,69.2,68.9,69.2,81.8,63.4,0.000,0.005,0.00,0.000,4.5,6.9,1.2,184,16,5.1,7.6,1.3,183,14,4.5,6.9,1.2,184,16,266,29.95,,0,0,0,72.6,74.3,73.9,0.17,0.19,0.25
REDH,2017-08-21 09:05:00 EDT,42.00168,-73.88391,213,69.2,68.8,69.2,81.0,63.1,0.000,0.005,0.00,0.000,4.4,6.5,1.1,200,20,4.8,6.6,1.1,198,21,4.4,6.5,1.1,200,20,290,29.95,,0,0,0,72.6,74.3,73.9,0.17,0.19,0.25
REDH,2017-08-21 09:10:00 EDT,42.00168,-73.88391,213,69.6,69.2,69.6,80.9,63.5,0.000,0.005,0.00,0.000,4.6,7.7,1.8,168,14,5.3,9.0,1.9,167,14,4.6,7.7,1.8,168,14,236,29.95,,0,0,0,72.7,74.3,73.9,0.17,0.19,0.25
REDH,2017-08-21 09:15:00 EDT,42.00168,-73.88391,213,69.8,69.5,69.8,80.0,63.4,0.000,0.005,0.00,0.000,3.8,6.3,1.0,174,16,4.2,7.0,1.2,174,16,3.8,6.3,1.0,174,16,412,29.95,,0,0,0,72.7,74.3,73.9,0.17,0.19,0.25
REDH,2017-08-21 09:20:00 EDT,42.00168,-73.88391,213,70.4,70.0,70.4,78.7,63.5,0.000,0.005,0.00,0.000,3.2,6.1,1.1,191,18,3.6,6.5,1.2,191,17,3.2,6.1,1.1,191,18,468,29.94,,0,0,0,72.7,74.3,73.9,0.17,0.19,0.25
REDH,2017-08-21 09:25:00 EDT,42.00168,-73.88391,213,71.0,70.2,71.0,77.9,63.8,0.000,0.005,0.00,0.000,5.3,7.0,1.0,174,19,5.8,7.7,1.0,174,19,5.3,7.0,1.0,174,19,482,29.94,,0,0,0,72.7,74.3,73.9,0.17,0.19,0.25
REDH,2017-08-21 09:30:00 EDT,42.00168,-73.88391,213,70.9,70.4,70.9,75.8,62.9,0.000,0.005,0.00,0.000,6.2,9.5,1.4,199,17,6.8,10.9,1.6,198,14,6.2,9.5,1.4,199,17,477,29.95,,0,0,0,72.7,74.3,73.9,0.17,0.19,0.25
REDH,2017-08-21 09:35:00 EDT,42.00168,-73.88391,213,70.8,70.3,70.8,76.2,62.9,0.000,0.005,0.00,0.000,4.5,7.7,2.0,192,15,5.1,8.7,2.2,192,13,4.5,7.7,2.0,192,15,406,29.95,,0,0,0,72.7,74.3,73.9,0.17,0.19,0.25
REDH,2017-08-21 09:40:00 EDT,42.00168,-73.88391,213,71.7,71.1,71.7,76.1,63.8,0.000,0.005,0.00,0.000,4.3,8.1,1.2,187,23,4.7,9.1,1.3,185,21,4.3,8.1,1.2,187,23,410,29.95,,0,0,0,72.7,74.3,73.9,0.17,0.19,0.25
REDH,2017-08-21 09:45:00 EDT,42.00168,-73.88391,213,71.7,71.2,71.7,74.3,63.1,0.000,0.005,0.00,0.000,5.5,9.1,1.5,175,15,6.2,9.9,1.7,174,16,5.5,9.1,1.5,175,15,430,29.95,,0,0,0,72.8,74.3,73.9,0.17,0.19,0.25
REDH,2017-08-21 09:50:00 EDT,42.00168,-73.88391,213,72.2,71.6,72.2,74.3,63.6,0.000,0.005,0.00,0.000,3.6,7.3,1.6,174,21,4.2,8.1,1.8,175,21,3.6,7.3,1.6,174,21,462,29.94,,0,0,0,73.0,74.3,73.9,0.17,0.19,0.25
REDH,2017-08-21 09:55:00 EDT,42.00168,-73.88391,213,72.8,72.0,72.8,73.3,63.8,0.000,0.005,0.00,0.000,5.2,7.7,1.1,184,33,5.7,8.0,1.1,182,33,5.2,7.7,1.1,184,33,528,29.95,,0,0,0,73.0,74.3,73.9,0.17,0.19,0.25
REDH,2017-08-21 10:00:00 EDT,42.00168,-73.88391,213,72.6,72.1,72.6,73.6,63.7,0.000,0.005,0.00,0.000,4.8,7.7,1.2,203,17,5.4,8.7,1.3,202,17,4.8,7.7,1.2,203,17,515,29.94,,0,0,0,73.0,74.3,73.9,0.17,0.19,0.25
REDH,2017-08-21 10:05:00 EDT,42.00168,-73.88391,213,72.9,72.2,72.9,72.9,63.7,0.000,0.005,0.00,0.000,5.3,8.5,1.3,182,18,5.9,9.5,1.4,181,18,5.3,8.5,1.3,182,18,536,29.95,,0,0,0,73.0,74.3,73.9,0.17,0.19,0.25
REDH,2017-08-21 10:10:00 EDT,42.00168,-73.88391,213,73.4,72.7,73.4,72.1,63.8,0.000,0.005,0.00,0.000,5.5,8.7,1.3,187,19,6.2,9.6,1.5,185,17,5.5,8.7,1.3,187,19,533,29.95,,0,0,0,73.1,74.2,73.9,0.17,0.19,0.25
REDH,2017-08-21 10:15:00 EDT,42.00168,-73.88391,213,73.7,73.0,73.7,71.8,64.0,0.000,0.005,0.00,0.000,5.6,8.1,1.2,195,21,6.1,9.5,1.3,195,20,5.6,8.1,1.2,195,21,549,29.95,,0,0,0,73.2,74.2,73.9,0.17,0.19,0.25
REDH,2017-08-21 10:20:00 EDT,42.00168,-73.88391,213,73.5,73.1,73.5,70.5,63.3,0.000,0.005,0.00,0.000,6.5,11.2,2.2,211,14,6.9,11.7,2.2,210,13,6.5,11.2,2.2,211,14,518,29.95,,0,0,0,73.4,74.1,73.9,0.17,0.19,0.25
REDH,2017-08-21 10:25:00 EDT,42.00168,-73.88391,213,74.4,73.8,74.4,71.5,64.6,0.000,0.005,0.00,0.000,4.4,8.7,1.9,201,21,4.9,9.7,1.9,200,20,4.4,8.7,1.9,201,21,525,29.95,,0,0,0,73.4,74.0,73.9,0.17,0.19,0.25
REDH,2017-08-21 10:30:00 EDT,42.00168,-73.88391,213,74.4,73.9,74.4,69.9,64.0,0.000,0.005,0.00,0.000,6.8,9.9,1.3,216,13,7.2,11.0,1.4,214,12,6.8,9.9,1.3,216,13,497,29.95,,0,0,0,73.4,74.0,73.9,0.17,0.19,0.25
REDH,2017-08-21 10:35:00 EDT,42.00168,-73.88391,213,75.1,74.3,75.1,69.6,64.5,0.000,0.005,0.00,0.000,6.4,9.6,1.5,170,15,6.9,11.0,1.9,169,15,6.4,9.6,1.5,170,15,589,29.95,,0,0,0,73.5,74.0,73.9,0.17,0.19,0.25
REDH,2017-08-21 10:40:00 EDT,42.00168,-73.88391,213,75.6,74.7,75.6,69.1,64.8,0.000,0.005,0.00,0.000,5.2,9.7,1.4,186,22,5.8,10.3,1.5,185,20,5.2,9.7,1.4,186,22,653,29.95,,0,0,0,73.9,73.9,73.9,0.17,0.19,0.25
REDH,2017-08-21 10:45:00 EDT,42.00168,-73.88391,213,75.5,74.7,75.5,67.2,63.9,0.000,0.005,0.00,0.000,6.3,8.8,1.2,184,19,7.2,10.7,1.5,183,18,6.3,8.8,1.2,184,19,665,29.95,,0,0,0,73.9,73.9,73.9,0.17,0.19,0.25
REDH,2017-08-21 10:50:00 EDT,42.00168,-73.88391,213,75.2,74.4,75.2,68.7,64.3,0.000,0.005,0.00,0.000,5.6,9.1,1.7,219,15,5.9,10.3,1.8,218,14,5.6,9.1,1.7,219,15,667,29.96,,0,0,0,73.9,73.9,73.9,0.17,0.19,0.25
REDH,2017-08-21 10:55:00 EDT,42.00168,-73.88391,213,75.8,74.8,75.8,69.4,65.1,0.000,0.005,0.00,0.000,6.0,9.4,1.2,227,17,6.6,10.8,1.4,226,15,6.0,9.4,1.2,227,17,676,29.96,,0,0,0,74.0,73.9,73.9,0.17,0.19,0.25
REDH,2017-08-21 11:00:00 EDT,42.00168,-73.88391,213,76.2,75.3,76.2,68.4,65.0,0.000,0.005,0.00,0.000,5.8,8.8,1.4,193,21,6.5,10.8,1.7,193,19,5.8,8.8,1.4,193,21,641,29.96,,0,0,0,74.2,73.9,73.9,0.17,0.19,0.25
REDH,2017-08-21 11:05:00 EDT,42.00168,-73.88391,213,75.9,75.2,75.9,67.6,64.4,0.000,0.005,0.00,0.000,4.2,7.2,1.1,207,26,4.9,8.4,1.3,206,24,4.2,7.2,1.1,207,26,655,29.95,,0,0,0,74.3,73.9,73.9,0.17,0.19,0.25
REDH,2017-08-21 11:10:00 EDT,42.00168,-73.88391,213,76.6,75.5,76.6,68.2,65.3,0.000,0.005,0.00,0.000,3.9,6.1,1.2,195,26,4.4,7.3,1.2,193,25,3.9,6.1,1.2,195,26,702,29.95,,0,0,0,74.3,73.9,73.9,0.17,0.19,0.25
REDH,2017-08-21 11:15:00 EDT,42.00168,-73.88391,213,77.5,76.3,77.5,67.3,65.8,0.000,0.005,0.00,0.000,5.1,8.9,1.6,189,33,5.6,10.5,1.9,188,32,5.1,8.9,1.6,189,33,710,29.95,,0,0,0,74.5,73.9,73.9,0.17,0.19,0.25
REDH,2017-08-21 11:20:00 EDT,42.00168,-73.88391,213,77.2,76.3,77.2,65.9,64.9,0.000,0.005,0.00,0.000,4.1,7.3,1.7,195,31,4.6,8.1,1.7,193,30,4.1,7.3,1.7,195,31,719,29.95,,0,0,0,74.7,73.9,73.9,0.17,0.19,0.25
REDH,2017-08-21 11:25:00 EDT,42.00168,-73.88391,213,78.1,76.8,78.1,67.4,66.5,0.000,0.005,0.00,0.000,5.3,8.3,1.7,172,15,6.0,9.1,1.8,170,16,5.3,8.3,1.7,172,15,747,29.95,,0,0,0,74.7,73.9,73.9,0.17,0.19,0.25
REDH,2017-08-21 11:30:00 EDT,42.00168,-73.88391,213,78.4,77.3,78.4,65.1,65.7,0.000,0.005,0.00,0.000,4.4,7.3,1.4,186,22,4.9,8.2,1.4,184,22,4.4,7.3,1.4,186,22,638,29.94,,0,0,0,74.7,73.9,73.9,0.17,0.19,0.25
REDH,2017-08-21 11:35:00 EDT,42.00168,-73.88391,213,77.6,77.0,77.6,65.2,65.0,0.000,0.005,0.00,0.000,4.6,7.9,1.3,188,22,5.1,9.2,1.6,188,18,4.6,7.9,1.3,188,22,367,29.94,,0,0,0,74.8,73.9,73.9,0.17,0.19,0.25
REDH,2017-08-21 11:40:00 EDT,42.00168,-73.88391,213,78.2,77.4,78.2,66.9,66.3,0.000,0.005,0.00,0.000,3.1,5.7,0.9,183,28,3.7,6.1,1.0,185,27,3.1,5.7,0.9,183,28,782,29.93,,0,0,0,75.0,73.9,73.9,0.17,0.19,0.25
REDH,2017-08-21 11:45:00 EDT,42.00168,-73.88391,213,78.6,77.5,78.6,65.5,66.0,0.000,0.005,0.00,0.000,5.2,8.3,1.9,220,25,5.5,8.9,1.9,217,24,5.2,8.3,1.9,220,25,626,29.93,,0,0,0,75.0,73.9,73.9,0.17,0.19,0.25
REDH,2017-08-21 11:50:00 EDT,42.00168,-73.88391,213,79.2,78.2,79.2,66.0,66.8,0.000,0.005,0.00,0.000,5.3,8.3,1.4,195,18,6.0,9.9,1.5,193,18,5.3,8.3,1.4,195,18,791,29.93,,0,0,0,75.0,73.9,73.9,0.17,0.19,0.25
REDH,2017-08-21 11:55:00 EDT,42.00168,-73.88391,213,79.1,78.2,79.1,63.2,65.5,0.000,0.005,0.00,0.000,6.5,8.8,1.1,194,14,7.2,10.6,1.3,194,11,6.5,8.8,1.1,194,14,838,29.93,,0,0,0,75.4,73.9,73.9,0.17,0.19,0.25
REDH,2017-08-21 12:00:00 EDT,42.00168,-73.88391,213,79.2,78.4,79.2,65.1,66.5,0.000,0.005,0.00,0.000,6.0,8.4,1.2,200,15,6.4,8.8,1.4,199,16,6.0,8.4,1.2,200,15,828,29.92,,0,0,0,75.6,73.9,73.9,0.17,0.19,0.25
REDH,2017-08-21 12:05:00 EDT,42.00168,-73.88391,213,80.8,79.6,83.3,63.8,67.4,0.000,0.005,0.00,0.000,4.8,6.9,1.3,185,23,5.3,8.2,1.5,185,20,4.8,6.9,1.3,185,23,884,29.92,,0,0,0,75.6,73.9,73.9,0.17,0.19,0.25
REDH,2017-08-21 12:10:00 EDT,42.00168,-73.88391,213,80.1,79.3,82.3,62.7,66.3,0.000,0.005,0.00,0.000,5.3,8.5,1.4,192,15,5.9,9.6,1.5,191,13,5.3,8.5,1.4,192,15,773,29.92,,0,0,0,75.6,73.9,73.9,0.17,0.19,0.25
REDH,2017-08-21 12:15:00 EDT,42.00168,-73.88391,213,80.9,79.9,83.2,61.7,66.5,0.000,0.005,0.00,0.000,5.1,8.4,1.4,213,19,5.6,8.7,1.6,212,18,5.1,8.4,1.4,213,19,824,29.92,,0,0,0,75.7,73.9,73.9,0.17,0.19,0.25
REDH,2017-08-21 12:20:00 EDT,42.00168,-73.88391,213,80.9,80.1,83.0,60.5,66.0,0.000,0.005,0.00,0.000,5.9,9.4,1.3,219,12,6.2,9.3,1.4,217,10,5.9,9.4,1.3,219,12,817,29.92,,0,0,0,75.9,73.9,73.9,0.17,0.19,0.25
REDH,2017-08-21 12:25:00 EDT,42.00168,-73.88391,213,81.2,80.3,83.5,61.6,66.7,0.000,0.005,0.00,0.000,4.8,7.7,1.6,218,16,5.2,8.3,1.5,216,15,4.8,7.7,1.6,218,16,767,29.91,,0,0,0,75.9,73.9,73.9,0.17,0.19,0.25
REDH,2017-08-21 12:30:00 EDT,42.00168,-73.88391,213,81.9,81.2,84.4,60.8,67.1,0.000,0.005,0.00,0.000,3.4,6.1,1.0,200,35,3.8,6.6,1.2,196,35,3.4,6.1,1.0,200,35,712,29.91,,0,0,0,76.1,73.9,73.9,0.17,0.19,0.25
REDH,2017-08-21 12:35:00 EDT,42.00168,-73.88391,213,82.5,81.5,85.0,59.3,66.9,0.000,0.005,0.00,0.000,6.8,9.9,1.6,190,19,7.4,11.6,1.9,188,18,6.8,9.9,1.6,190,19,671,29.91,,0,0,0,76.5,73.9,73.9,0.17,0.19,0.25
REDH,2017-08-21 12:40:00 EDT,42.00168,-73.88391,213,82.1,81.5,84.2,58.0,65.9,0.000,0.005,0.00,0.000,5.7,9.6,1.5,201,21,6.1,9.9,1.6,199,19,5.7,9.6,1.5,201,21,698,29.91,,0,0,0,76.5,73.9,73.9,0.17,0.19,0.25
REDH,2017-08-21 12:45:00 EDT,42.00168,-73.88391,213,82.4,81.7,84.8,58.9,66.6,0.000,0.005,0.00,0.000,4.7,8.9,2.2,211,18,5.4,9.4,1.8,209,17,4.7,8.9,2.2,211,18,811,29.91,,0,0,0,76.6,73.9,73.9,0.17,0.19,0.25
REDH,2017-08-21 12:50:00 EDT,42.00168,-73.88391,213,82.8,82.0,84.7,55.5,65.3,0.000,0.005,0.00,0.000,5.7,9.1,1.1,214,15,6.2,10.1,1.4,212,15,5.7,9.1,1.1,214,15,614,29.91,,0,0,0,76.8,73.9,73.9,0.17,0.19,0.25
REDH,2017-08-21 12:55:00 EDT,42.00168,-73.88391,213,83.3,82.5,85.5,55.7,65.9,0.000,0.005,0.00,0.000,6.5,11.8,1.7,201,25,7.2,12.4,1.8,200,24,6.5,11.8,1.7,201,25,823,29.90,,0,0,0,76.8,73.9,73.9,0.17,0.19,0.25
REDH,2017-08-21 13:00:00 EDT,42.00168,-73.88391,213,83.6,83.0,85.5,53.9,65.2,0.000,0.005,0.00,0.000,6.6,10.8,1.8,203,22,7.5,12.2,1.8,204,19,6.6,10.8,1.8,203,22,785,29.90,,0,0,0,77.1,73.9,73.9,0.17,0.19,0.25
REDH,2017-08-21 13:05:00 EDT,42.00168,-73.88391,213,83.3,82.6,84.7,52.4,64.1,0.000,0.005,0.00,0.000,6.8,11.4,2.3,223,24,7.3,12.5,2.3,220,23,6.8,11.4,2.3,223,24,702,29.90,,0,0,0,77.2,73.9,73.7,0.17,0.19,0.25
REDH,2017-08-21 13:10:00 EDT,42.00168,-73.88391,213,83.9,83.2,86.1,55.0,66.0,0.000,0.005,0.00,0.000,5.5,8.2,1.7,192,25,5.9,9.1,1.8,192,24,5.5,8.2,1.7,192,25,646,29.90,,0,0,0,77.2,73.9,73.9,0.17,0.19,0.25
REDH,2017-08-21 13:15:00 EDT,42.00168,-73.88391,213,84.1,83.3,85.7,51.7,64.4,0.000,0.005,0.00,0.000,6.3,13.6,2.2,194,19,7.2,14.8,2.4,194,18,6.3,13.6,2.2,194,19,765,29.90,,0,0,0,77.5,74.0,73.8,0.17,0.19,0.25
REDH,2017-08-21 13:20:00 EDT,42.00168,-73.88391,213,84.2,83.2,85.9,52.6,65.0,0.000,0.005,0.00,0.000,7.8,12.0,1.9,189,14,8.6,12.6,2.1,188,13,7.8,12.0,1.9,189,14,698,29.90,,0,0,0,77.7,74.1,73.7,0.17,0.19,0.25
REDH,2017-08-21 13:25:00 EDT,42.00168,-73.88391,213,83.8,83.1,85.3,52.0,64.3,0.000,0.005,0.00,0.000,6.9,11.0,1.7,209,17,7.7,13.0,1.9,206,16,6.9,11.0,1.7,209,17,682,29.90,,0,0,0,77.7,74.1,73.6,0.17,0.19,0.25
REDH,2017-08-21 13:30:00 EDT,42.00168,-73.88391,213,84.0,83.1,85.9,53.0,65.1,0.000,0.005,0.00,0.000,8.1,13.4,2.7,190,24,8.9,16.2,2.8,189,23,8.1,13.4,2.7,190,24,809,29.90,,0,0,0,78.0,74.2,73.6,0.17,0.19,0.25
REDH,2017-08-21 13:35:00 EDT,42.00168,-73.88391,213,84.2,83.4,85.9,52.6,65.0,0.000,0.005,0.00,0.000,7.4,13.0,2.3,187,22,8.4,14.7,2.5,186,21,7.4,13.0,2.3,187,22,712,29.90,,0,0,0,78.1,74.3,73.5,0.17,0.19,0.25
REDH,2017-08-21 13:40:00 EDT,42.00168,-73.88391,213,83.9,83.0,85.5,52.6,64.7,0.000,0.005,0.00,0.000,9.4,13.4,1.7,178,14,10.4,15.0,2.1,177,13,9.4,13.4,1.7,178,14,573,29.90,,0,0,0,78.1,74.3,73.6,0.17,0.19,0.25
REDH,2017-08-21 13:45:00 EDT,42.00168,-73.88391,213,83.4,82.9,85.0,52.8,64.4,0.000,0.005,0.00,0.000,9.1,15.0,2.5,178,16,9.8,16.1,2.7,177,14,9.1,15.0,2.5,178,16,429,29.90,,0,0,0,78.1,74.3,73.5,0.17,0.19,0.25
REDH,2017-08-21 13:50:00 EDT,42.00168,-73.88391,213,83.2,82.8,84.8,53.4,64.5,0.000,0.005,0.00,0.000,5.7,9.9,1.5,177,24,6.4,11.2,1.7,175,20,5.7,9.9,1.5,177,24,398,29.89,,0,0,0,78.5,74.3,73.5,0.17,0.19,0.25
REDH,2017-08-21 13:55:00 EDT,42.00168,-73.88391,213,83.3,82.8,85.3,55.2,65.5,0.000,0.005,0.00,0.000,7.3,11.9,2.7,174,16,8.1,14.7,3.0,172,14,7.3,11.9,2.7,174,16,521,29.89,,0,0,0,78.6,74.3,73.5,0.17,0.19,0.25
REDH,2017-08-21 14:00:00 EDT,42.00168,-73.88391,213,83.9,83.2,86.1,54.8,65.9,0.000,0.005,0.00,0.000,6.9,12.1,1.8,179,29,7.7,13.0,1.9,177,27,6.9,12.1,1.8,179,29,579,29.89,,0,0,0,78.6,74.3,73.5,0.17,0.19,0.25
REDH,2017-08-21 14:05:00 EDT,42.00168,-73.88391,213,83.8,83.1,85.6,53.7,65.2,0.000,0.005,0.00,0.000,8.8,14.0,2.0,174,17,9.7,17.0,2.4,174,14,8.8,14.0,2.0,174,17,456,29.89,,0,0,0,78.7,74.3,73.5,0.17,0.19,0.25
REDH,2017-08-21 14:10:00 EDT,42.00168,-73.88391,213,83.3,82.8,85.2,54.4,65.2,0.000,0.005,0.00,0.000,7.1,11.1,2.2,177,16,7.7,12.8,2.5,176,13,7.1,11.1,2.2,177,16,448,29.89,,0,0,0,79.0,74.3,73.5,0.17,0.19,0.25
REDH,2017-08-21 14:15:00 EDT,42.00168,-73.88391,213,83.2,82.7,85.4,55.9,65.8,0.000,0.005,0.00,0.000,8.0,12.6,1.8,175,15,8.9,15.7,2.2,174,14,8.0,12.6,1.8,175,15,413,29.89,,0,0,0,79.2,74.3,73.4,0.17,0.19,0.25
REDH,2017-08-21 14:20:00 EDT,42.00168,-73.88391,213,82.9,82.5,85.0,56.3,65.8,0.000,0.005,0.00,0.000,7.3,10.7,1.8,174,21,8.2,11.9,2.0,174,19,7.3,10.7,1.8,174,21,373,29.89,,0,0,0,79.2,74.3,73.4,0.17,0.19,0.25
REDH,2017-08-21 14:25:00 EDT,42.00168,-73.88391,213,82.6,82.3,84.7,56.8,65.8,0.000,0.005,0.00,0.000,6.9,11.0,1.9,169,17,7.5,12.4,2.1,170,16,6.9,11.0,1.9,169,17,312,29.88,,0,0,0,79.2,74.3,73.4,0.17,0.19,0.25
REDH,2017-08-21 14:30:00 EDT,42.00168,-73.88391,213,82.4,82.1,84.5,57.3,65.8,0.000,0.005,0.00,0.000,6.0,11.1,1.6,198,21,6.5,12.6,1.7,197,20,6.0,11.1,1.6,198,21,271,29.88,,0,0,0,79.2,74.3,73.4,0.17,0.19,0.25
REDH,2017-08-21 14:35:00 EDT,42.00168,-73.88391,213,81.9,81.8,83.9,57.6,65.5,0.000,0.005,0.00,0.000,6.2,9.6,1.7,197,18,6.9,12.2,1.9,198,15,6.2,9.6,1.7,197,18,236,29.88,,0,0,0,79.2,74.3,73.4,0.17,0.19,0.25
REDH,2017-08-21 14:40:00 EDT,42.00168,-73.88391,213,81.9,81.8,83.7,56.7,65.0,0.000,0.005,0.00,0.000,6.2,9.4,1.6,191,18,6.6,11.5,1.8,190,15,6.2,9.4,1.6,191,18,215,29.88,,0,0,0,79.4,74.3,73.4,0.17,0.19,0.25
REDH,2017-08-21 14:45:00 EDT,42.00168,-73.88391,213,81.9,81.8,83.6,55.8,64.6,0.000,0.005,0.00,0.000,6.6,10.9,2.3,189,17,7.2,12.3,2.5,188,14,6.6,10.9,2.3,189,17,211,29.88,,0,0,0,79.4,74.3,73.4,0.17,0.19,0.25
REDH,2017-08-21 14:50:00 EDT,42.00168,-73.88391,213,81.6,81.5,83.3,56.5,64.7,0.000,0.005,0.00,0.000,5.7,10.1,1.5,180,19,6.3,11.1,1.7,179,16,5.7,10.1,1.5,180,19,215,29.87,,0,0,0,79.5,74.4,73.4,0.17,0.19,0.25
REDH,2017-08-21 14:55:00 EDT,42.00168,-73.88391,213,81.6,81.5,83.3,56.4,64.6,0.000,0.005,0.00,0.000,6.5,11.5,2.2,178,15,7.0,13.6,2.6,175,14,6.5,11.5,2.2,178,15,235,29.87,,0,0,0,79.5,74.5,73.4,0.17,0.19,0.25
REDH,2017-08-21 15:00:00 EDT,42.00168,-73.88391,213,81.5,81.4,83.2,56.2,64.4,0.000,0.005,0.00,0.000,6.1,11.3,1.7,186,15,6.8,12.3,1.9,185,14,6.1,11.3,1.7,186,15,199,29.87,,0,0,0,79.5,74.6,73.4,0.17,0.19,0.25
REDH,2017-08-21 15:05:00 EDT,42.00168,-73.88391,213,81.2,81.2,83.0,57.7,64.9,0.000,0.005,0.00,0.000,5.8,8.7,1.4,175,11,6.4,9.9,1.7,175,12,5.8,8.7,1.4,175,11,179,29.87,,0,0,0,79.5,74.7,73.4,0.17,0.19,0.25
REDH,2017-08-21 15:10:00 EDT,42.00168,-73.88391,213,81.0,81.0,82.9,58.9,65.3,0.000,0.005,0.00,0.000,3.7,6.1,1.1,194,18,4.1,6.9,1.1,194,15,3.7,6.1,1.1,194,18,226,29.87,,0,0,0,79.5,74.7,73.4,0.17,0.19,0.25
REDH,2017-08-21 15:15:00 EDT,42.00168,-73.88391,213,81.3,81.1,83.3,58.8,65.6,0.000,0.005,0.00,0.000,4.9,8.8,1.5,183,15,5.5,10.0,1.7,184,12,4.9,8.8,1.5,183,15,342,29.87,,0,0,0,79.5,74.7,73.4,0.17,0.19,0.25
REDH,2017-08-21 15:20:00 EDT,42.00168,-73.88391,213,81.7,81.3,83.9,59.3,66.2,0.000,0.005,0.00,0.000,4.9,8.7,1.6,180,15,5.5,9.9,1.9,182,13,4.9,8.7,1.6,180,15,380,29.87,,0,0,0,79.5,74.7,73.4,0.17,0.19,0.25
REDH,2017-08-21 15:25:00 EDT,42.00168,-73.88391,213,81.8,81.4,84.1,59.4,66.3,0.000,0.005,0.00,0.000,4.7,8.6,1.6,191,22,5.3,10.0,1.6,189,19,4.7,8.6,1.6,191,22,416,29.87,,0,0,0,79.5,74.7,73.4,0.17,0.19,0.25
REDH,2017-08-21 15:30:00 EDT,42.00168,-73.88391,213,82.1,81.6,84.6,59.8,66.8,0.000,0.005,0.00,0.000,5.1,9.2,1.9,193,20,5.7,11.7,2.1,192,17,5.1,9.2,1.9,193,20,448,29.87,,0,0,0,79.5,74.7,73.4,0.17,0.19,0.25
REDH,2017-08-21 15:35:00 EDT,42.00168,-73.88391,213,82.4,81.9,84.8,58.8,66.6,0.000,0.005,0.00,0.000,6.4,9.8,2.0,197,21,7.0,11.6,2.0,195,19,6.4,9.8,2.0,197,21,490,29.87,,0,0,0,79.5,74.7,73.4,0.17,0.19,0.25
REDH,2017-08-21 15:40:00 EDT,42.00168,-73.88391,213,82.6,82.1,85.3,60.2,67.4,0.000,0.005,0.00,0.000,6.3,13.5,2.6,203,19,7.0,16.5,3.0,201,19,6.3,13.5,2.6,203,19,365,29.87,,0,0,0,79.5,74.7,73.4,0.17,0.19,0.25
REDH,2017-08-21 15:45:00 EDT,42.00168,-73.88391,213,82.7,82.3,85.1,58.2,66.5,0.000,0.005,0.00,0.000,7.6,11.7,2.0,195,16,8.3,12.1,1.9,194,15,7.6,11.7,2.0,195,16,526,29.87,,0,0,0,79.5,74.7,73.4,0.17,0.19,0.25
REDH,2017-08-21 15:50:00 EDT,42.00168,-73.88391,213,83.4,82.8,86.0,57.3,66.7,0.000,0.005,0.00,0.000,7.3,13.9,2.8,195,19,8.1,16.4,3.1,196,17,7.3,13.9,2.8,195,19,548,29.87,,0,0,0,79.5,74.7,73.4,0.17,0.19,0.25
REDH,2017-08-21 15:55:00 EDT,42.00168,-73.88391,213,83.5,82.9,85.9,56.1,66.3,0.000,0.005,0.00,0.000,7.6,12.2,2.0,205,19,8.2,15.4,2.4,205,17,7.6,12.2,2.0,205,19,554,29.87,,0,0,0,79.5,74.7,73.4,0.17,0.19,0.25
REDH,2017-08-21 16:00:00 EDT,42.00168,-73.88391,213,83.7,83.1,86.1,56.2,66.5,0.000,0.005,0.00,0.000,8.5,14.2,2.2,180,15,9.4,18.1,2.5,179,15,8.5,14.2,2.2,180,15,552,29.87,,0,0,0,79.5,74.7,73.4,0.17,0.19,0.25
REDH,2017-08-21 16:05:00 EDT,42.00168,-73.88391,213,83.9,83.3,86.2,55.7,66.3,0.000,0.005,0.00,0.000,7.9,12.6,2.0,197,20,8.8,14.4,2.2,196,17,7.9,12.6,2.0,197,20,514,29.86,,0,0,0,79.5,74.7,73.4,0.17,0.19,0.25
REDH,2017-08-21 16:10:00 EDT,42.00168,-73.88391,213,83.7,83.2,86.0,55.9,66.3,0.000,0.005,0.00,0.000,6.6,12.6,2.0,198,19,7.3,14.5,2.3,197,18,6.6,12.6,2.0,198,19,369,29.86,,0,0,0,79.5,74.7,73.4,0.17,0.19,0.25
REDH,2017-08-21 16:15:00 EDT,42.00168,-73.88391,213,82.9,82.7,85.1,57.1,66.1,0.000,0.005,0.00,0.000,5.5,9.4,1.8,202,20,6.1,9.9,2.0,203,18,5.5,9.4,1.8,202,20,183,29.87,,0,0,0,79.5,74.7,73.4,0.17,0.19,0.25
REDH,2017-08-21 16:20:00 EDT,42.00168,-73.88391,213,83.3,82.9,86.0,57.8,66.9,0.000,0.005,0.00,0.000,5.2,10.5,2.0,198,17,5.9,13.2,2.1,197,15,5.2,10.5,2.0,198,17,514,29.87,,0,0,0,79.5,74.7,73.4,0.17,0.19,0.25
REDH,2017-08-21 16:25:00 EDT,42.00168,-73.88391,213,84.0,83.4,86.7,57.2,67.2,0.000,0.005,0.00,0.000,7.7,13.9,2.3,224,13,8.1,14.8,2.3,223,12,7.7,13.9,2.3,224,13,518,29.86,,0,0,0,79.5,74.7,73.4,0.17,0.19,0.25
REDH,2017-08-21 16:30:00 EDT,42.00168,-73.88391,213,84.1,83.6,86.8,56.3,66.9,0.000,0.005,0.00,0.000,7.7,11.3,1.9,234,13,8.3,12.7,2.1,232,14,7.7,11.3,1.9,234,13,501,29.86,,0,0,0,79.5,74.7,73.4,0.17,0.19,0.25
REDH,2017-08-21 16:35:00 EDT,42.00168,-73.88391,213,84.4,84.0,87.2,55.9,67.0,0.000,0.005,0.00,0.000,7.3,13.1,2.5,203,17,8.1,15.8,2.8,202,16,7.3,13.1,2.5,203,17,481,29.86,,0,0,0,79.5,74.8,73.4,0.17,0.19,0.25
REDH,2017-08-21 16:40:00 EDT,42.00168,-73.88391,213,84.4,83.9,86.8,54.9,66.4,0.000,0.005,0.00,0.000,7.1,11.2,1.8,202,20,7.7,12.2,1.8,201,17,7.1,11.2,1.8,202,20,456,29.86,,0,0,0,79.5,75.0,73.4,0.17,0.19,0.25
REDH,2017-08-21 16:45:00 EDT,42.00168,-73.88391,213,84.5,83.9,87.6,57.4,67.8,0.000,0.005,0.00,0.000,5.8,12.0,1.8,209,24,6.4,12.3,2.1,207,24,5.8,12.0,1.8,209,24,444,29.86,,0,0,0,79.5,75.0,73.4,0.17,0.19,0.25
REDH,2017-08-21 16:50:00 EDT,42.00168,-73.88391,213,84.4,83.9,87.1,55.8,66.9,0.000,0.005,0.00,0.000,6.9,10.7,1.5,193,18,7.7,12.8,1.7,193,18,6.9,10.7,1.5,193,18,429,29.85,,0,0,0,79.5,75.0,73.4,0.17,0.19,0.25
REDH,2017-08-21 16:55:00 EDT,42.00168,-73.88391,213,84.2,83.7,86.7,55.7,66.7,0.000,0.005,0.00,0.000,6.9,14.2,2.4,206,19,7.7,17.8,2.6,204,15,6.9,14.2,2.4,206,19,412,29.85,,0,0,0,79.5,75.0,73.4,0.17,0.19,0.25
REDH,2017-08-21 17:00:00 EDT,42.00168,-73.88391,213,84.2,83.7,86.7,55.9,66.7,0.000,0.005,0.00,0.000,6.5,10.2,1.4,208,20,7.1,11.3,1.8,206,18,6.5,10.2,1.4,208,20,392,29.85,,0,0,0,79.5,75.0,73.4,0.17,0.19,0.25
REDH,2017-08-21 17:05:00 EDT,42.00168,-73.88391,213,84.3,83.8,87.0,56.3,67.0,0.000,0.005,0.00,0.000,7.3,11.9,2.0,206,19,7.9,13.8,2.3,205,16,7.3,11.9,2.0,206,19,384,29.85,,0,0,0,79.5,75.0,73.4,0.17,0.19,0.25
REDH,2017-08-21 17:10:00 EDT,42.00168,-73.88391,213,84.1,83.7,86.7,56.1,66.8,0.000,0.005,0.00,0.000,7.7,11.5,2.1,203,18,8.3,12.4,2.2,203,14,7.7,11.5,2.1,203,18,362,29.85,,0,0,0,79.5,75.0,73.4,0.17,0.19,0.25
REDH,2017-08-21 17:15:00 EDT,42.00168,-73.88391,213,84.0,83.7,86.5,55.9,66.5,0.000,0.005,0.00,0.000,7.9,12.5,2.1,194,19,8.7,15.3,2.2,193,16,7.9,12.5,2.1,194,19,348,29.85,,0,0,0,79.5,75.0,73.4,0.17,0.19,0.25
REDH,2017-08-21 17:20:00 EDT,42.00168,-73.88391,213,83.9,83.6,86.6,56.7,66.9,0.000,0.005,0.00,0.000,6.7,11.3,1.7,199,20,7.3,11.6,1.9,198,18,6.7,11.3,1.7,199,20,330,29.85,,0,0,0,79.5,75.0,73.4,0.17,0.19,0.25
REDH,2017-08-21 17:25:00 EDT,42.00168,-73.88391,213,84.0,83.7,86.7,56.7,67.0,0.000,0.005,0.00,0.000,6.0,10.4,2.0,190,19,6.8,12.0,2.2,190,17,6.0,10.4,2.0,190,19,314,29.85,,0,0,0,79.5,75.0,73.4,0.17,0.19,0.25
REDH,2017-08-21 17:30:00 EDT,42.00168,-73.88391,213,83.9,83.5,86.3,56.1,66.5,0.000,0.005,0.00,0.000,8.5,14.7,2.1,186,16,9.2,17.0,2.4,186,14,8.5,14.7,2.1,186,16,301,29.85,,0,0,0,79.5,75.0,73.4,0.17,0.19,0.25
REDH,2017-08-21 17:35:00 EDT,42.00168,-73.88391,213,83.8,83.6,86.6,57.4,67.2,0.000,0.005,0.00,0.000,5.9,9.6,1.9,205,22,6.4,11.9,2.1,206,21,5.9,9.6,1.9,205,22,287,29.85,,0,0,0,79.5,75.0,73.4,0.17,0.19,0.25
REDH,2017-08-21 17:40:00 EDT,42.00168,-73.88391,213,83.5,83.3,86.2,58.0,67.2,0.000,0.005,0.00,0.000,6.9,10.9,1.6,201,17,7.5,12.6,1.8,199,15,6.9,10.9,1.6,201,17,269,29.85,,0,0,0,79.5,75.0,73.4,0.17,0.19,0.25
REDH,2017-08-21 17:45:00 EDT,42.00168,-73.88391,213,83.6,83.4,86.5,58.2,67.4,0.000,0.005,0.00,0.000,7.1,12.8,2.0,195,18,7.9,15.0,2.4,194,14,7.1,12.8,2.0,195,18,273,29.85,,0,0,0,79.5,75.0,73.4,0.17,0.19,0.25
REDH,2017-08-21 17:50:00 EDT,42.00168,-73.88391,213,83.7,83.4,86.7,58.8,67.7,0.000,0.005,0.00,0.000,4.9,10.1,2.1,191,19,5.6,10.9,2.1,191,17,4.9,10.1,2.1,191,19,271,29.85,,0,0,0,79.5,75.0,73.4,0.17,0.19,0.25
REDH,2017-08-21 17:55:00 EDT,42.00168,-73.88391,213,83.6,83.3,86.4,58.5,67.5,0.000,0.005,0.00,0.000,6.7,11.0,1.7,191,18,7.2,11.9,2.2,191,14,6.7,11.0,1.7,191,18,253,29.85,,0,0,0,79.5,75.0,73.4,0.17,0.19,0.25
REDH,2017-08-21 18:00:00 EDT,42.00168,-73.88391,213,83.5,83.3,86.5,59.1,67.7,0.000,0.005,0.00,0.000,4.1,9.3,1.3,198,20,4.5,9.9,1.6,200,17,4.1,9.3,1.3,198,20,228,29.85,,0,0,0,79.5,75.1,73.4,0.17,0.19,0.25
REDH,2017-08-21 18:05:00 EDT,42.00168,-73.88391,213,83.5,83.3,86.6,59.6,67.9,0.000,0.005,0.00,0.000,4.1,9.4,1.7,188,19,4.9,10.4,1.8,190,17,4.1,9.4,1.7,188,19,209,29.85,,0,0,0,79.5,75.3,73.4,0.17,0.19,0.25
REDH,2017-08-21 18:10:00 EDT,42.00168,-73.88391,213,83.2,83.0,86.2,60.0,67.8,0.000,0.005,0.00,0.000,6.3,12.5,2.1,192,18,6.9,14.6,2.4,193,16,6.3,12.5,2.1,192,18,199,29.84,,0,0,0,79.5,75.5,73.4,0.17,0.19,0.25
REDH,2017-08-21 18:15:00 EDT,42.00168,-73.88391,213,83.1,83.0,86.4,61.2,68.4,0.000,0.005,0.00,0.000,5.0,7.3,1.2,180,17,5.5,9.2,1.5,179,16,5.0,7.3,1.2,180,17,197,29.84,,0,0,0,79.5,75.6,73.4,0.17,0.19,0.25
REDH,2017-08-21 18:20:00 EDT,42.00168,-73.88391,213,83.1,82.9,86.4,61.5,68.5,0.000,0.005,0.00,0.000,5.1,7.5,1.2,175,18,5.7,8.5,1.3,173,17,5.1,7.5,1.2,175,18,189,29.84,,0,0,0,79.5,75.6,73.4,0.17,0.19,0.25
REDH,2017-08-21 18:25:00 EDT,42.00168,-73.88391,213,82.8,82.8,86.0,61.8,68.4,0.000,0.005,0.00,0.000,5.6,9.2,1.4,170,14,6.3,11.9,1.7,171,14,5.6,9.2,1.4,170,14,150,29.84,,0,0,0,79.5,75.6,73.4,0.17,0.19,0.25
REDH,2017-08-21 18:30:00 EDT,42.00168,-73.88391,213,82.7,82.8,86.1,63.3,68.9,0.000,0.005,0.00,0.000,4.8,7.6,1.1,160,14,5.1,8.2,1.2,158,14,4.8,7.6,1.1,160,14,154,29.83,,0,0,0,79.5,75.6,73.4,0.17,0.19,0.25
REDH,2017-08-21 18:35:00 EDT,42.00168,-73.88391,213,82.7,82.7,86.1,62.8,68.8,0.000,0.005,0.00,0.000,4.8,8.5,1.2,184,15,5.5,8.9,1.4,182,15,4.8,8.5,1.2,184,15,147,29.84,,0,0,0,79.5,75.6,73.4,0.17,0.19,0.25
REDH,2017-08-21 18:40:00 EDT,42.00168,-73.88391,213,82.6,82.6,85.9,62.8,68.6,0.000,0.005,0.00,0.000,5.6,8.3,0.9,174,14,6.1,9.0,1.2,174,12,5.6,8.3,0.9,174,14,135,29.84,,0,0,0,79.5,75.6,73.4,0.17,0.19,0.25
REDH,2017-08-21 18:45:00 EDT,42.00168,-73.88391,213,82.5,82.5,85.8,63.1,68.7,0.000,0.005,0.00,0.000,5.6,8.3,1.2,176,14,6.2,11.0,1.4,175,14,5.6,8.3,1.2,176,14,112,29.84,,0,0,0,79.5,75.6,73.4,0.17,0.19,0.25
REDH,2017-08-21 18:50:00 EDT,42.00168,-73.88391,213,82.2,82.3,85.4,63.7,68.6,0.000,0.005,0.00,0.000,5.6,9.4,1.6,181,15,6.0,10.4,1.8,180,15,5.6,9.4,1.6,181,15,93,29.83,,0,0,0,79.5,75.6,73.4,0.17,0.19,0.25
REDH,2017-08-21 18:55:00 EDT,42.00168,-73.88391,213,81.9,82.1,85.2,64.8,68.9,0.000,0.005,0.00,0.000,4.7,9.1,1.4,167,9,5.1,9.7,1.4,166,7,4.7,9.1,1.4,167,9,66,29.83,,0,0,0,79.4,75.6,73.4,0.17,0.19,0.25
REDH,2017-08-21 19:00:00 EDT,42.00168,-73.88391,213,81.4,81.8,84.6,66.0,68.9,0.000,0.005,0.00,0.000,4.1,6.1,1.0,170,12,4.5,7.2,1.1,169,11,4.1,6.1,1.0,170,12,41,29.83,,0,0,0,79.4,75.6,73.4,0.17,0.19,0.25
REDH,2017-08-21 19:05:00 EDT,42.00168,-73.88391,213,81.0,81.5,84.1,67.2,69.1,0.000,0.005,0.00,0.000,3.5,5.8,1.0,175,14,4.0,6.5,1.1,174,13,3.5,5.8,1.0,175,14,26,29.83,,0,0,0,79.3,75.6,73.4,0.17,0.19,0.25
REDH,2017-08-21 19:10:00 EDT,42.00168,-73.88391,213,81.0,81.3,84.1,67.2,69.1,0.000,0.005,0.00,0.000,4.5,6.8,0.9,175,13,5.0,7.9,1.0,175,12,4.5,6.8,0.9,175,13,14,29.83,,0,0,0,79.2,75.6,73.4,0.17,0.19,0.25
REDH,2017-08-21 19:15:00 EDT,42.00168,-73.88391,213,80.5,81.1,83.6,68.3,69.1,0.000,0.005,0.00,0.000,4.9,8.8,1.4,176,12,5.4,10.1,1.6,176,13,4.9,8.8,1.4,176,12,11,29.83,,0,0,0,79.2,75.6,73.4,0.17,0.19,0.25
REDH,2017-08-21 19:20:00 EDT,42.00168,-73.88391,213,80.2,80.8,83.2,69.3,69.2,0.000,0.005,0.00,0.000,3.6,5.8,0.9,181,13,4.0,7.1,1.0,181,11,3.6,5.8,0.9,181,13,9,29.83,,0,0,0,79.2,75.6,73.5,0.17,0.19,0.25
REDH,2017-08-21 19:25:00 EDT,42.00168,-73.88391,213,80.2,80.6,83.3,69.5,69.4,0.000,0.005,0.00,0.000,3.9,6.2,0.9,190,15,4.3,6.7,1.0,190,14,3.9,6.2,0.9,190,15,7,29.83,,0,0,0,79.2,75.6,73.5,0.17,0.19,0.25
REDH,2017-08-21 19:30:00 EDT,42.00168,-73.88391,213,79.6,80.1,79.6,70.4,69.2,0.000,0.005,0.00,0.000,3.0,5.0,0.8,190,18,3.3,5.5,0.9,189,17,3.0,5.0,0.8,190,18,6,29.83,,0,0,0,79.2,75.6,73.4,0.17,0.19,0.25
REDH,2017-08-21 19:35:00 EDT,42.00168,-73.88391,213,79.6,79.9,79.6,71.0,69.4,0.000,0.005,0.00,0.000,3.5,5.6,0.9,191,18,3.8,6.4,1.0,190,17,3.5,5.6,0.9,191,18,5,29.83,,0,0,0,79.2,75.6,73.5,0.17,0.19,0.25
REDH,2017-08-21 19:40:00 EDT,42.00168,-73.88391,213,78.9,79.5,78.9,72.1,69.1,0.000,0.005,0.00,0.000,2.9,5.1,1.0,197,17,3.3,6.5,1.2,197,16,2.9,5.1,1.0,197,17,4,29.83,,0,0,0,79.2,75.6,73.5,0.17,0.19,0.25
REDH,2017-08-21 19:45:00 EDT,42.00168,-73.88391,213,78.6,79.1,78.6,73.2,69.3,0.000,0.005,0.00,0.000,3.8,6.6,1.1,214,15,4.3,6.8,1.1,212,12,3.8,6.6,1.1,214,15,3,29.83,,0,0,0,79.2,75.6,73.6,0.17,0.19,0.25
REDH,2017-08-21 19:50:00 EDT,42.00168,-73.88391,213,78.3,78.8,78.3,73.9,69.3,0.000,0.005,0.00,0.000,3.4,5.8,1.1,208,18,3.7,6.1,1.2,204,17,3.4,5.8,1.1,208,18,2,29.84,,0,0,0,79.2,75.6,73.6,0.17,0.19,0.25
REDH,2017-08-21 19:55:00 EDT,42.00168,-73.88391,213,78.5,78.9,78.5,74.2,69.6,0.000,0.005,0.00,0.000,4.6,8.0,1.2,202,15,5.0,8.1,1.3,201,15,4.6,8.0,1.2,202,15,1,29.84,,0,0,0,79.1,75.6,73.5,0.17,0.19,0.25
REDH,2017-08-21 20:00:00 EDT,42.00168,-73.88391,213,78.5,78.8,78.5,74.1,69.6,0.000,0.005,0.00,0.000,4.0,9.1,1.6,204,20,4.3,9.9,1.8,204,19,4.0,9.1,1.6,204,20,1,29.84,,0,0,0,79.1,75.6,73.6,0.17,0.19,0.25
REDH,2017-08-21 20:05:00 EDT,42.00168,-73.88391,213,78.4,78.7,78.4,74.4,69.6,0.000,0.005,0.00,0.000,3.4,6.0,1.1,200,19,3.9,6.6,1.3,198,19,3.4,6.0,1.1,200,19,0,29.84,,0,0,0,78.9,75.6,73.6,0.17,0.19,0.25
REDH,2017-08-21 20:10:00 EDT,42.00168,-73.88391,213,78.5,78.8,78.5,74.5,69.7,0.000,0.005,0.00,0.000,3.4,6.3,1.4,195,20,3.9,6.8,1.3,194,17,3.4,6.3,1.4,195,20,0,29.84,,0,0,0,78.7,75.6,73.6,0.17,0.19,0.25
REDH,2017-08-21 20:15:00 EDT,42.00168,-73.88391,213,77.8,78.6,77.8,75.3,69.3,0.000,0.005,0.00,0.000,3.0,5.1,0.8,180,19,3.6,5.7,1.0,179,20,3.0,5.1,0.8,180,19,0,29.84,,0,0,0,78.6,75.6,73.7,0.17,0.19,0.25
REDH,2017-08-21 20:20:00 EDT,42.00168,-73.88391,213,77.4,78.3,77.4,76.7,69.5,0.000,0.005,0.00,0.000,2.8,4.6,0.9,173,19,3.2,5.6,1.0,170,19,2.8,4.6,0.9,173,19,0,29.84,,0,0,0,78.6,75.6,73.7,0.17,0.19,0.25
REDH,2017-08-21 20:25:00 EDT,42.00168,-73.88391,213,77.0,77.9,77.0,77.2,69.3,0.000,0.005,0.00,0.000,2.5,4.5,0.9,157,15,2.7,5.2,1.0,155,16,2.5,4.5,0.9,157,15,0,29.84,,0,0,0,78.6,75.6,73.7,0.17,0.19,0.25
REDH,2017-08-21 20:30:00 EDT,42.00168,-73.88391,213,76.3,77.6,76.3,78.2,69.0,0.000,0.005,0.00,0.000,1.7,2.6,0.4,159,19,2.0,3.8,0.6,158,20,1.7,2.6,0.4,159,19,0,29.84,,0,0,0,78.6,75.6,73.8,0.17,0.19,0.25
REDH,2017-08-21 20:35:00 EDT,42.00168,-73.88391,213,75.7,77.4,75.7,80.2,69.1,0.000,0.005,0.00,0.000,2.4,4.1,0.7,162,18,2.6,4.6,0.7,161,19,2.4,4.1,0.7,162,18,0,29.84,,0,0,0,78.6,75.6,73.9,0.17,0.19,0.25
REDH,2017-08-21 20:40:00 EDT,42.00168,-73.88391,213,76.1,77.3,76.1,79.9,69.5,0.000,0.005,0.00,0.000,2.9,4.7,0.7,171,15,3.3,6.1,0.9,172,15,2.9,4.7,0.7,171,15,0,29.84,,0,0,0,78.6,75.6,73.9,0.17,0.19,0.25
REDH,2017-08-21 20:45:00 EDT,42.00168,-73.88391,213,76.4,77.4,76.4,80.3,69.9,0.000,0.005,0.00,0.000,4.2,7.6,1.1,172,12,4.6,8.1,1.2,171,12,4.2,7.6,1.1,172,12,0,29.84,,0,0,0,78.4,75.6,73.9,0.17,0.19,0.25
REDH,2017-08-21 20:50:00 EDT,42.00168,-73.88391,213,76.4,77.3,76.4,80.2,69.8,0.000,0.005,0.00,0.000,4.0,6.4,0.7,170,13,4.5,7.6,0.9,168,13,4.0,6.4,0.7,170,13,0,29.84,,0,0,0,78.3,75.7,73.9,0.17,0.19,0.25
REDH,2017-08-21 20:55:00 EDT,42.00168,-73.88391,213,76.5,77.3,76.5,79.9,69.8,0.000,0.005,0.00,0.000,3.9,6.4,0.8,171,14,4.4,8.7,1.0,171,12,3.9,6.4,0.8,171,14,0,29.84,,0,0,0,78.1,75.6,73.9,0.17,0.19,0.25
REDH,2017-08-21 21:00:00 EDT,42.00168,-73.88391,213,76.4,77.2,76.4,79.8,69.6,0.000,0.005,0.00,0.000,3.6,6.8,0.9,176,12,4.0,6.9,1.0,176,13,3.6,6.8,0.9,176,12,0,29.84,,0,0,0,78.1,75.7,73.9,0.17,0.19,0.25
REDH,2017-08-21 21:05:00 EDT,42.00168,-73.88391,213,76.4,77.2,76.4,79.8,69.7,0.000,0.005,0.00,0.000,4.0,5.9,0.8,167,12,4.5,6.5,1.0,166,12,4.0,5.9,0.8,167,12,0,29.84,,0,0,0,78.1,75.7,73.9,0.17,0.19,0.25
REDH,2017-08-21 21:10:00 EDT,42.00168,-73.88391,213,76.4,77.3,76.4,80.2,69.8,0.000,0.005,0.00,0.000,4.3,6.5,0.8,168,10,4.8,6.9,0.9,167,8,4.3,6.5,0.8,168,10,0,29.84,,0,0,0,78.1,75.8,73.9,0.17,0.19,0.25
REDH,2017-08-21 21:15:00 EDT,42.00168,-73.88391,213,76.7,77.3,76.7,80.1,70.1,0.000,0.005,0.00,0.000,4.2,5.6,0.7,176,11,4.6,6.4,0.8,175,10,4.2,5.6,0.7,176,11,0,29.84,,0,0,0,78.1,75.8,73.9,0.17,0.19,0.25
REDH,2017-08-21 21:20:00 EDT,42.00168,-73.88391,213,76.5,77.2,76.5,80.0,69.9,0.000,0.005,0.00,0.000,4.7,6.7,0.7,173,13,5.2,7.4,0.8,175,12,4.7,6.7,0.7,173,13,0,29.84,,0,0,0,78.1,75.9,73.9,0.17,0.19,0.25
REDH,2017-08-21 21:25:00 EDT,42.00168,-73.88391,213,76.2,77.0,76.2,80.4,69.7,0.000,0.005,0.00,0.000,4.5,6.4,0.7,173,13,4.9,8.9,1.0,174,11,4.5,6.4,0.7,173,13,0,29.84,,0,0,0,78.1,75.9,73.9,0.17,0.19,0.25
REDH,2017-08-21 21:30:00 EDT,42.00168,-73.88391,213,76.3,76.9,76.3,80.8,70.0,0.000,0.005,0.00,0.000,4.2,6.4,0.9,179,12,4.6,7.0,1.0,179,11,4.2,6.4,0.9,179,12,0,29.84,,0,0,0,78.1,75.9,73.9,0.17,0.19,0.25
REDH,2017-08-21 21:35:00 EDT,42.00168,-73.88391,213,76.4,76.8,76.4,80.1,69.8,0.000,0.005,0.00,0.000,4.3,6.1,0.8,177,11,4.8,7.7,1.0,177,10,4.3,6.1,0.8,177,11,0,29.84,,0,0,0,78.1,75.9,73.9,0.17,0.19,0.25
REDH,2017-08-21 21:40:00 EDT,42.00168,-73.88391,213,76.2,76.7,76.2,80.5,69.7,0.000,0.005,0.00,0.000,4.4,6.7,0.9,176,12,4.9,7.8,1.2,176,12,4.4,6.7,0.9,176,12,0,29.84,,0,0,0,78.0,75.9,73.9,0.17,0.19,0.25
REDH,2017-08-21 21:45:00 EDT,42.00168,-73.88391,213,76.2,76.8,76.2,80.5,69.7,0.000,0.005,0.00,0.000,4.3,6.8,0.8,180,13,4.8,7.6,1.0,179,12,4.3,6.8,0.8,180,13,0,29.84,,0,0,0,77.8,75.9,73.9,0.17,0.19,0.25
REDH,2017-08-21 21:50:00 EDT,42.00168,-73.88391,213,76.5,76.8,76.5,80.0,69.8,0.000,0.005,0.00,0.000,4.0,5.8,0.9,187,14,4.4,6.7,1.0,186,13,4.0,5.8,0.9,187,14,0,29.84,,0,0,0,77.8,75.9,73.9,0.17,0.19,0.25
REDH,2017-08-21 21:55:00 EDT,42.00168,-73.88391,213,76.1,76.5,76.1,80.1,69.5,0.000,0.005,0.00,0.000,3.7,6.1,1.1,195,15,4.1,8.2,1.3,194,14,3.7,6.1,1.1,195,15,0,29.85,,0,0,0,77.7,75.9,73.9,0.17,0.19,0.25
REDH,2017-08-21 22:00:00 EDT,42.00168,-73.88391,213,75.8,76.3,75.8,81.0,69.5,0.000,0.005,0.00,0.000,3.4,6.4,1.1,187,15,3.8,6.4,1.1,186,14,3.4,6.4,1.1,187,15,0,29.85,,0,0,0,77.7,75.9,73.9,0.17,0.19,0.25
REDH,2017-08-21 22:05:00 EDT,42.00168,-73.88391,213,75.9,76.3,75.9,81.2,69.7,0.000,0.005,0.00,0.000,3.7,6.5,0.8,183,14,4.1,7.3,1.0,182,12,3.7,6.5,0.8,183,14,0,29.85,,0,0,0,77.7,75.9,73.9,0.17,0.19,0.25
REDH,2017-08-21 22:10:00 EDT,42.00168,-73.88391,213,75.8,76.3,75.8,81.4,69.7,0.000,0.005,0.00,0.000,3.4,5.0,0.7,182,16,3.8,6.4,0.9,181,14,3.4,5.0,0.7,182,16,0,29.85,,0,0,0,77.7,75.9,73.9,0.17,0.19,0.25
REDH,2017-08-21 22:15:00 EDT,42.00168,-73.88391,213,75.6,76.2,75.6,81.8,69.7,0.000,0.005,0.00,0.000,3.9,5.7,0.7,173,10,4.3,6.0,0.7,173,10,3.9,5.7,0.7,173,10,0,29.85,,0,0,0,77.7,75.9,73.9,0.17,0.19,0.25
REDH,2017-08-21 22:20:00 EDT,42.00168,-73.88391,213,75.2,76.0,75.2,82.2,69.4,0.000,0.005,0.00,0.000,3.3,5.1,0.6,160,10,3.7,6.8,0.8,158,10,3.3,5.1,0.6,160,10,0,29.85,,0,0,0,77.7,75.9,73.9,0.17,0.19,0.25
REDH,2017-08-21 22:25:00 EDT,42.00168,-73.88391,213,75.0,75.9,75.0,82.8,69.4,0.000,0.005,0.00,0.000,2.4,5.6,0.8,162,13,2.7,5.8,0.9,159,13,2.4,5.6,0.8,162,13,0,29.85,,0,0,0,77.6,75.9,73.9,0.17,0.19,0.25
REDH,2017-08-21 22:30:00 EDT,42.00168,-73.88391,213,74.6,75.7,74.6,83.6,69.3,0.000,0.005,0.00,0.000,1.9,3.1,0.5,182,16,2.2,4.0,0.5,182,16,1.9,3.1,0.5,182,16,0,29.85,,0,0,0,77.3,75.9,73.9,0.17,0.19,0.25
REDH,2017-08-21 22:35:00 EDT,42.00168,-73.88391,213,74.2,75.4,74.2,84.5,69.2,0.000,0.005,0.00,0.000,2.1,3.1,0.4,195,13,2.5,3.9,0.5,193,14,2.1,3.1,0.4,195,13,0,29.85,,0,0,0,77.3,75.9,73.9,0.17,0.19,0.25
REDH,2017-08-21 22:40:00 EDT,42.00168,-73.88391,213,74.5,75.2,74.5,84.1,69.4,0.000,0.005,0.00,0.000,2.2,3.8,0.5,190,14,2.5,4.2,0.6,189,12,2.2,3.8,0.5,190,14,0,29.85,,0,0,0,77.2,75.9,73.9,0.17,0.19,0.25
REDH,2017-08-21 22:45:00 EDT,42.00168,-73.88391,213,74.3,75.1,74.3,84.5,69.4,0.000,0.005,0.00,0.000,2.6,4.3,0.5,190,12,2.8,5.6,0.8,188,10,2.6,4.3,0.5,190,12,0,29.84,,0,0,0,77.2,75.9,73.9,0.17,0.19,0.25
REDH,2017-08-21 22:50:00 EDT,42.00168,-73.88391,213,74.6,75.3,74.6,84.9,69.7,0.000,0.005,0.00,0.000,3.7,5.6,0.8,179,11,4.2,6.2,0.9,179,10,3.7,5.6,0.8,179,11,0,29.84,,0,0,0,77.2,75.9,73.9,0.17,0.19,0.25
REDH,2017-08-21 22:55:00 EDT,42.00168,-73.88391,213,74.3,75.3,74.3,85.5,69.6,0.000,0.005,0.00,0.000,4.6,6.2,0.7,172,11,5.1,7.8,1.0,172,11,4.6,6.2,0.7,172,11,0,29.84,,0,0,0,77.2,75.9,73.9,0.17,0.19,0.25
REDH,2017-08-21 23:00:00 EDT,42.00168,-73.88391,213,74.5,75.4,74.5,85.4,69.8,0.000,0.005,0.00,0.000,4.2,6.8,0.9,181,11,4.7,8.4,1.0,181,9,4.2,6.8,0.9,181,11,0,29.84,,0,0,0,77.2,75.9,73.9,0.17,0.19,0.25
REDH,2017-08-21 23:05:00 EDT,42.00168,-73.88391,213,74.8,75.4,74.8,84.8,69.9,0.000,0.005,0.00,0.000,4.3,6.5,1.1,182,10,4.9,9.1,1.4,182,10,4.3,6.5,1.1,182,10,0,29.84,,0,0,0,77.2,75.9,73.9,0.17,0.19,0.25
REDH,2017-08-21 23:10:00 EDT,42.00168,-73.88391,213,74.7,75.3,74.7,84.8,69.8,0.000,0.005,0.00,0.000,4.6,6.5,0.7,182,10,5.1,7.8,0.9,181,8,4.6,6.5,0.7,182,10,0,29.84,,0,0,0,77.2,75.9,73.9,0.17,0.19,0.25
REDH,2017-08-21 23:15:00 EDT,42.00168,-73.88391,213,75.0,75.3,75.0,84.3,69.9,0.000,0.005,0.00,0.000,4.9,7.4,1.0,185,12,5.5,9.2,1.4,184,10,4.9,7.4,1.0,185,12,0,29.84,,0,0,0,77.2,75.9,73.9,0.17,0.19,0.25
REDH,2017-08-21 23:20:00 EDT,42.00168,-73.88391,213,74.9,75.3,74.9,84.3,69.8,0.000,0.005,0.00,0.000,5.1,7.5,0.8,179,9,5.5,9.6,1.0,179,9,5.1,7.5,0.8,179,9,0,29.84,,0,0,0,77.2,75.9,73.9,0.17,0.19,0.25
REDH,2017-08-21 23:25:00 EDT,42.00168,-73.88391,213,74.8,75.2,74.8,84.8,69.9,0.000,0.005,0.00,0.000,5.2,8.4,1.0,179,13,5.7,9.4,1.3,180,11,5.2,8.4,1.0,179,13,0,29.84,,0,0,0,77.1,75.9,73.9,0.17,0.19,0.25
REDH,2017-08-21 23:30:00 EDT,42.00168,-73.88391,213,74.8,75.3,74.8,84.6,69.9,0.000,0.005,0.00,0.000,5.2,8.0,1.1,184,16,5.8,9.3,1.4,183,14,5.2,8.0,1.1,184,16,0,29.84,,0,0,0,77.0,75.9,73.9,0.17,0.19,0.25
REDH,2017-08-21 23:35:00 EDT,42.00168,-73.88391,213,74.4,75.0,74.4,85.1,69.6,0.000,0.005,0.00,0.000,5.1,7.4,0.8,171,11,5.7,8.0,1.0,170,10,5.1,7.4,0.8,171,11,0,29.83,,0,0,0,76.9,75.9,73.9,0.17,0.19,0.25
REDH,2017-08-21 23:40:00 EDT,42.00168,-73.88391,213,74.2,75.0,74.2,85.9,69.6,0.000,0.005,0.00,0.000,6.4,9.1,1.0,152,7,6.9,9.7,1.1,148,8,6.4,9.1,1.0,152,7,0,29.83,,0,0,0,76.9,75.9,73.9,0.17,0.19,0.25
REDH,2017-08-21 23:45:00 EDT,42.00168,-73.88391,213,74.2,75.0,74.2,85.2,69.5,0.000,0.005,0.00,0.000,5.5,7.2,0.8,147,10,6.0,8.5,0.9,145,11,5.5,7.2,0.8,147,10,0,29.83,,0,0,0,76.8,75.9,73.9,0.17,0.19,0.25
REDH,2017-08-21 23:50:00 EDT,42.00168,-73.88391,213,74.3,74.9,74.3,85.1,69.6,0.000,0.005,0.00,0.000,5.5,7.7,0.9,150,11,5.9,8.3,0.9,148,10,5.5,7.7,0.9,150,11,0,29.83,,0,0,0,76.8,75.9,73.9,0.17,0.19,0.25
REDH,2017-08-21 23:55:00 EDT,42.00168,-73.88391,213,73.9,74.7,73.9,85.9,69.4,0.000,0.005,0.00,0.000,4.7,6.5,0.8,154,8,5.1,7.2,0.8,152,8,4.7,6.5,0.8,154,8,0,29.83,,0,0,0,76.8,75.9,73.9,0.17,0.19,0.25
ROXB,2017-08-21 00:00:00 EDT,42.32964,-74.46746,1880,58.9,60.0,58.9,91.9,56.5,0.000,0.000,0.00,0.000,1.1,1.8,0.3,79,7,1.6,2.5,0.3,75,10,1.1,1.8,0.3,79,7,0,,,0,0,,67.1,66.8,,0.27,0.35,
ROXB,2017-08-21 00:05:00 EDT,42.32964,-74.46746,1880,58.7,59.3,58.7,92.6,56.6,0.000,0.000,0.00,0.000,0.3,1.5,0.5,67,5,0.6,1.9,0.6,57,7,0.3,1.5,0.5,67,5,0,,,0,0,,67.1,66.7,,0.27,0.35,
ROXB,2017-08-21 00:10:00 EDT,42.32964,-74.46746,1880,58.8,60.0,58.8,93.5,56.9,0.000,0.000,0.00,0.000,0.4,1.3,0.4,170,29,0.6,1.7,0.5,171,27,0.4,1.3,0.4,170,29,0,,,0,0,,67.1,66.7,,0.27,0.35,
ROXB,2017-08-21 00:15:00 EDT,42.32964,-74.46746,1880,58.8,62.5,58.8,92.3,56.6,0.000,0.000,0.00,0.000,1.0,1.5,0.3,165,20,1.2,1.9,0.4,162,22,1.0,1.5,0.3,165,20,0,,,0,0,,67.1,66.7,,0.27,0.35,
ROXB,2017-08-21 00:20:00 EDT,42.32964,-74.46746,1880,58.6,61.3,58.6,92.5,56.4,0.000,0.000,0.00,0.000,0.5,1.5,0.5,326,21,0.9,1.9,0.6,323,25,0.5,1.5,0.5,326,21,0,28.22,,0,0,,67.1,66.7,,0.27,0.35,
ROXB,2017-08-21 00:25:00 EDT,42.32964,-74.46746,1880,60.1,62.2,60.1,90.8,57.4,0.000,0.000,0.00,0.000,0.7,1.4,0.3,320,16,1.1,2.1,0.4,318,14,0.7,1.4,0.3,320,16,0,,,0,0,,67.1,66.7,,0.27,0.35,
ROXB,2017-08-21 00:30:00 EDT,42.32964,-74.46746,1880,60.1,62.3,60.1,87.6,56.4,0.000,0.000,0.00,0.000,0.0,0.4,0.1,231,12,0.3,1.1,0.4,215,32,0.0,0.4,0.1,231,12,0,,,0,0,,67.1,66.7,,0.27,0.35,
ROXB,2017-08-21 00:35:00 EDT,42.32964,-74.46746,1880,59.0,60.7,59.0,89.2,55.8,0.000,0.000,0.00,0.000,0.0,0.4,0.1,328,4,0.3,1.5,0.4,311,26,0.0,0.4,0.1,328,4,0,,,0,0,,67.1,66.7,,0.27,0.35,
ROXB,2017-08-21 00:40:00 EDT,42.32964,-74.46746,1880,59.1,60.1,59.1,91.2,56.5,0.000,0.000,0.00,0.000,0.2,0.9,0.3,22,5,0.4,1.3,0.5,23,8,0.2,0.9,0.3,22,5,0,,,0,0,,66.9,66.7,,0.27,0.35,
ROXB,2017-08-21 00:45:00 EDT,42.32964,-74.46746,1880,58.7,59.7,58.7,91.8,56.3,0.000,0.000,0.00,0.000,0.2,0.9,0.3,144,4,0.4,1.1,0.4,135,18,0.2,0.9,0.3,144,4,0,,,0,0,,66.8,66.7,,0.27,0.35,
ROXB,2017-08-21 00:50:00 EDT,42.32964,-74.46746,1880,58.3,60.1,58.3,93.1,56.3,0.000,0.000,0.00,0.000,0.5,1.7,0.5,116,9,0.9,2.2,0.6,120,20,0.5,1.7,0.5,116,9,0,,,0,0,,66.7,66.7,,0.27,0.35,
ROXB,2017-08-21 00:55:00 EDT,42.32964,-74.46746,1880,58.4,60.2,58.4,92.9,56.3,0.000,0.000,0.00,0.000,0.9,1.8,0.4,79,42,1.3,2.7,0.5,77,41,0.9,1.8,0.4,79,42,0,28.22,,0,0,,66.7,66.7,,0.27,0.35,
ROXB,2017-08-21 01:00:00 EDT,42.32964,-74.46746,1880,58.2,59.5,58.2,93.4,56.3,0.000,0.000,0.00,0.000,0.6,1.2,0.3,122,41,1.0,1.6,0.3,116,44,0.6,1.2,0.3,122,41,0,,,0,0,,66.7,66.7,,0.27,0.35,
ROXB,2017-08-21 01:05:00 EDT,42.32964,-74.46746,1880,58.5,61.4,58.5,92.9,56.4,0.000,0.000,0.00,0.000,0.8,1.4,0.3,133,17,1.2,1.7,0.3,129,20,0.8,1.4,0.3,133,17,0,,,0,0,,66.7,66.7,,0.27,0.35,
ROXB,2017-08-21 01:10:00 EDT,42.32964,-74.46746,1880,59.4,63.4,59.4,90.3,56.6,0.000,0.000,0.00,0.000,1.8,2.8,0.6,184,11,2.2,4.0,0.7,183,13,1.8,2.8,0.6,184,11,0,,,0,0,,66.7,66.7,,0.27,0.35,
ROXB,2017-08-21 01:15:00 EDT,42.32964,-74.46746,1880,59.9,63.6,59.9,89.4,56.8,0.000,0.000,0.00,0.000,3.7,5.0,0.8,216,14,3.9,6.5,1.0,215,14,3.7,5.0,0.8,216,14,0,,,0,0,,66.7,66.7,,0.27,0.35,
ROXB,2017-08-21 01:20:00 EDT,42.32964,-74.46746,1880,60.7,64.5,60.7,87.1,56.8,0.000,0.000,0.00,0.000,3.7,4.8,0.5,225,7,3.5,4.9,0.6,224,6,3.7,4.8,0.5,225,7,0,,,0,0,,66.7,66.7,,0.27,0.35,
ROXB,2017-08-21 01:25:00 EDT,42.32964,-74.46746,1880,62.8,65.7,62.8,83.6,57.8,0.000,0.000,0.00,0.000,3.7,6.1,0.8,221,16,3.7,6.4,1.0,221,15,3.7,6.1,0.8,221,16,0,,,0,0,,66.6,66.7,,0.27,0.35,
ROXB,2017-08-21 01:30:00 EDT,42.32964,-74.46746,1880,59.5,61.3,59.5,81.9,54.0,0.000,0.000,0.00,0.000,1.4,3.9,0.8,12,55,1.8,4.5,0.8,16,49,1.4,3.9,0.8,12,55,0,28.22,,0,0,,66.4,66.7,,0.27,0.35,
ROXB,2017-08-21 01:35:00 EDT,42.32964,-74.46746,1880,58.4,59.8,58.4,90.0,55.4,0.000,0.000,0.00,0.000,2.5,4.0,0.8,68,18,2.7,4.9,1.0,66,18,2.5,4.0,0.8,68,18,0,,,0,0,,66.4,66.7,,0.27,0.35,
ROXB,2017-08-21 01:40:00 EDT,42.32964,-74.46746,1880,58.0,58.7,58.0,91.9,55.7,0.000,0.000,0.00,0.000,2.2,4.3,1.3,89,17,2.6,5.0,1.3,87,16,2.2,4.3,1.3,89,17,0,,,0,0,,66.4,66.7,,0.27,0.35,
ROXB,2017-08-21 01:45:00 EDT,42.32964,-74.46746,1880,58.1,60.3,58.1,92.9,56.0,0.000,0.000,0.00,0.000,1.9,2.7,0.6,117,17,2.1,3.1,0.5,112,18,1.9,2.7,0.6,117,17,0,,,0,0,,66.4,66.7,,0.27,0.35,
ROXB,2017-08-21 01:50:00 EDT,42.32964,-74.46746,1880,58.6,61.7,58.6,92.9,56.6,0.000,0.000,0.00,0.000,1.7,7.1,1.5,154,45,2.2,6.9,1.5,145,52,1.7,7.1,1.5,154,45,0,,,0,0,,66.4,66.7,,0.27,0.35,
ROXB,2017-08-21 01:55:00 EDT,42.32964,-74.46746,1880,60.6,64.1,60.6,86.4,56.5,0.000,0.000,0.00,0.000,1.8,5.6,1.1,190,37,2.3,6.1,1.1,185,38,1.8,5.6,1.1,190,37,0,,,0,0,,66.4,66.7,,0.27,0.35,
ROXB,2017-08-21 02:00:00 EDT,42.32964,-74.46746,1880,57.5,58.8,57.5,89.7,54.5,0.000,0.000,0.00,0.000,1.2,2.6,0.7,346,47,1.6,3.1,0.7,349,43,1.2,2.6,0.7,346,47,0,,,0,0,,66.4,66.7,,0.27,0.35,
ROXB,2017-08-21 02:05:00 EDT,42.32964,-74.46746,1880,57.0,58.7,57.0,93.3,55.0,0.000,0.000,0.00,0.000,1.5,2.6,0.7,290,17,1.9,2.8,0.7,292,16,1.5,2.6,0.7,290,17,0,28.22,,0,0,,66.4,66.7,,0.27,0.35,
ROXB,2017-08-21 02:10:00 EDT,42.32964,-74.46746,1880,58.0,59.8,58.0,94.8,56.5,0.000,0.000,0.00,0.000,1.6,3.0,0.8,272,34,1.9,3.4,0.9,273,38,1.6,3.0,0.8,272,34,0,,,0,0,,66.4,66.7,,0.27,0.35,
ROXB,2017-08-21 02:15:00 EDT,42.32964,-74.46746,1880,58.2,60.5,58.2,93.9,56.4,0.000,0.000,0.00,0.000,1.6,2.8,0.7,336,40,2.0,3.7,0.9,339,41,1.6,2.8,0.7,336,40,0,,,0,0,,66.4,66.7,,0.27,0.35,
ROXB,2017-08-21 02:20:00 EDT,42.32964,-74.46746,1880,57.0,58.3,57.0,93.6,55.1,0.000,0.000,0.00,0.000,0.9,2.8,1.0,349,15,1.3,3.6,0.9,342,27,0.9,2.8,1.0,349,15,0,,,0,0,,66.4,66.7,,0.27,0.35,
ROXB,2017-08-21 02:25:00 EDT,42.32964,-74.46746,1880,57.6,59.3,57.6,95.7,56.3,0.000,0.000,0.00,0.000,1.5,4.7,1.4,236,27,1.7,4.9,1.4,237,31,1.5,4.7,1.4,236,27,0,,,0,0,,66.3,66.7,,0.27,0.35,
ROXB,2017-08-21 02:30:00 EDT,42.32964,-74.46746,1880,60.8,63.9,60.8,90.9,58.2,0.000,0.000,0.00,0.000,1.8,4.4,1.1,225,24,2.1,5.1,1.0,227,28,1.8,4.4,1.1,225,24,0,,,0,0,,66.1,66.7,,0.27,0.35,
ROXB,2017-08-21 02:35:00 EDT,42.32964,-74.46746,1880,57.6,58.9,57.6,89.8,54.6,0.000,0.000,0.00,0.000,2.3,3.9,0.9,102,17,2.7,4.5,0.9,99,19,2.3,3.9,0.9,102,17,0,,,0,0,,66.0,66.7,,0.27,0.35,
ROXB,2017-08-21 02:40:00 EDT,42.32964,-74.46746,1880,57.1,58.1,57.1,93.1,55.2,0.000,0.000,0.00,0.000,1.5,2.8,0.7,96,17,1.8,3.5,0.7,92,17,1.5,2.8,0.7,96,17,0,28.22,,0,0,,66.0,66.6,,0.27,0.35,
ROXB,2017-08-21 02:45:00 EDT,42.32964,-74.46746,1880,57.2,60.0,57.2,93.8,55.4,0.000,0.000,0.00,0.000,0.9,3.5,0.9,179,25,1.3,3.8,1.0,171,31,0.9,3.5,0.9,179,25,0,,,0,0,,66.0,66.6,,0.27,0.35,
ROXB,2017-08-21 02:50:00 EDT,42.32964,-74.46746,1880,57.5,59.6,57.5,94.4,55.9,0.000,0.000,0.00,0.000,0.9,2.5,0.9,97,11,1.4,2.9,0.9,91,27,0.9,2.5,0.9,97,11,0,,,0,0,,66.0,66.5,,0.27,0.35,
ROXB,2017-08-21 02:55:00 EDT,42.32964,-74.46746,1880,57.8,59.4,57.8,94.2,56.2,0.000,0.000,0.00,0.000,1.7,2.8,0.7,113,26,2.0,3.6,0.7,110,28,1.7,2.8,0.7,113,26,0,,,0,0,,66.0,66.4,,0.27,0.35,
ROXB,2017-08-21 03:00:00 EDT,42.32964,-74.46746,1880,57.4,58.7,57.4,93.7,55.6,0.000,0.000,0.00,0.000,1.5,2.6,0.7,101,41,1.9,3.1,0.7,99,41,1.5,2.6,0.7,101,41,0,,,0,0,,66.0,66.4,,0.27,0.35,
ROXB,2017-08-21 03:05:00 EDT,42.32964,-74.46746,1880,57.3,59.6,57.3,93.8,55.6,0.000,0.000,0.00,0.000,2.7,3.8,0.8,125,11,2.9,4.4,0.8,123,10,2.7,3.8,0.8,125,11,0,,,0,0,,66.0,66.4,,0.27,0.35,
ROXB,2017-08-21 03:10:00 EDT,42.32964,-74.46746,1880,57.7,59.7,57.7,94.1,56.0,0.000,0.000,0.00,0.000,2.0,3.5,0.8,128,32,2.3,3.9,0.8,129,33,2.0,3.5,0.8,128,32,0,,,0,0,,66.0,66.4,,0.27,0.35,
ROXB,2017-08-21 03:15:00 EDT,42.32964,-74.46746,1880,58.3,59.4,58.3,93.0,56.3,0.000,0.000,0.00,0.000,1.4,2.8,0.8,103,23,1.8,3.8,0.9,102,25,1.4,2.8,0.8,103,23,0,28.23,,0,0,,66.0,66.4,,0.27,0.35,
ROXB,2017-08-21 03:20:00 EDT,42.32964,-74.46746,1880,58.0,59.8,58.0,92.6,55.9,0.000,0.000,0.00,0.000,1.9,2.8,0.5,121,15,2.1,3.9,0.5,119,14,1.9,2.8,0.5,121,15,0,,,0,0,,66.0,66.4,,0.27,0.35,
ROXB,2017-08-21 03:25:00 EDT,42.32964,-74.46746,1880,57.9,59.7,57.9,93.1,56.0,0.000,0.000,0.00,0.000,1.8,3.0,0.5,106,20,2.1,3.4,0.5,101,20,1.8,3.0,0.5,106,20,0,,,0,0,,66.0,66.4,,0.27,0.35,
ROXB,2017-08-21 03:30:00 EDT,42.32964,-74.46746,1880,57.7,59.4,57.7,93.7,55.8,0.000,0.000,0.00,0.000,0.7,1.5,0.5,115,21,1.0,2.1,0.5,113,26,0.7,1.5,0.5,115,21,0,,,0,0,,65.9,66.4,,0.27,0.35,
ROXB,2017-08-21 03:35:00 EDT,42.32964,-74.46746,1880,58.3,61.4,58.3,94.3,56.6,0.000,0.000,0.00,0.000,1.3,2.8,0.6,118,19,1.6,3.1,0.6,115,18,1.3,2.8,0.6,118,19,0,,,0,0,,65.8,66.4,,0.27,0.35,
ROXB,2017-08-21 03:40:00 EDT,42.32964,-74.46746,1880,57.6,61.3,57.6,94.1,55.9,0.000,0.000,0.00,0.000,2.7,4.2,0.9,174,18,2.9,4.9,1.1,174,18,2.7,4.2,0.9,174,18,0,,,0,0,,65.8,66.4,,0.27,0.35,
ROXB,2017-08-21 03:45:00 EDT,42.32964,-74.46746,1880,56.7,57.7,56.7,94.1,55.0,0.000,0.000,0.00,0.000,0.3,1.1,0.4,57,6,0.7,1.7,0.6,58,43,0.3,1.1,0.4,57,6,0,,,0,0,,65.8,66.4,,0.27,0.35,
ROXB,2017-08-21 03:50:00 EDT,42.32964,-74.46746,1880,56.2,56.5,56.2,95.2,54.8,0.000,0.000,0.00,0.000,0.7,1.2,0.3,60,29,1.1,1.8,0.3,53,27,0.7,1.2,0.3,60,29,0,28.23,,0,0,,65.8,66.4,,0.27,0.35,
ROXB,2017-08-21 03:55:00 EDT,42.32964,-74.46746,1880,56.1,56.6,56.1,96.4,55.1,0.000,0.000,0.00,0.000,0.1,0.7,0.2,344,3,0.5,1.4,0.5,4,27,0.1,0.7,0.2,344,3,0,,,0,0,,65.8,66.4,,0.27,0.35,
ROXB,2017-08-21 04:00:00 EDT,42.32964,-74.46746,1880,56.0,56.4,56.0,96.9,55.1,0.000,0.000,0.00,0.000,0.0,0.7,0.1,333,0,0.1,1.1,0.2,331,1,0.0,0.7,0.1,333,0,0,,,0,0,,65.8,66.4,,0.27,0.35,
ROXB,2017-08-21 04:05:00 EDT,42.32964,-74.46746,1880,56.0,56.7,56.0,97.1,55.2,0.000,0.000,0.00,0.000,0.6,2.0,0.6,139,16,0.9,2.1,0.7,133,15,0.6,2.0,0.6,139,16,0,,,0,0,,65.8,66.4,,0.27,0.35,
ROXB,2017-08-21 04:10:00 EDT,42.32964,-74.46746,1880,56.1,57.2,56.1,97.5,55.4,0.000,0.000,0.00,0.000,0.5,1.5,0.4,176,12,0.8,2.0,0.6,176,14,0.5,1.5,0.4,176,12,0,,,0,0,,65.8,66.4,,0.27,0.35,
ROXB,2017-08-21 04:15:00 EDT,42.32964,-74.46746,1880,56.4,57.9,56.4,97.7,55.7,0.000,0.000,0.00,0.000,0.9,1.9,0.5,180,11,1.4,2.4,0.5,180,12,0.9,1.9,0.5,180,11,0,,,0,0,,65.8,66.4,,0.27,0.35,
ROXB,2017-08-21 04:20:00 EDT,42.32964,-74.46746,1880,56.6,57.9,56.6,97.8,56.0,0.000,0.000,0.00,0.000,1.0,2.0,0.5,85,28,1.4,3.1,0.5,77,30,1.0,2.0,0.5,85,28,0,,,0,0,,65.8,66.4,,0.27,0.35,
ROXB,2017-08-21 04:25:00 EDT,42.32964,-74.46746,1880,56.5,57.6,56.5,97.7,55.9,0.000,0.000,0.00,0.000,1.3,2.3,0.6,133,26,1.6,3.1,0.6,133,26,1.3,2.3,0.6,133,26,0,28.23,,0,0,,65.8,66.4,,0.27,0.35,
ROXB,2017-08-21 04:30:00 EDT,42.32964,-74.46746,1880,56.5,58.3,56.5,97.6,55.9,0.000,0.000,0.00,0.000,2.3,3.4,0.6,195,11,2.7,4.1,0.7,194,11,2.3,3.4,0.6,195,11,0,,,0,0,,65.8,66.4,,0.27,0.35,
ROXB,2017-08-21 04:35:00 EDT,42.32964,-74.46746,1880,57.1,60.2,57.1,97.7,56.4,0.000,0.000,0.00,0.000,2.6,3.8,0.7,209,21,2.8,4.8,0.8,209,23,2.6,3.8,0.7,209,21,0,,,0,0,,65.8,66.4,,0.27,0.35,
ROXB,2017-08-21 04:40:00 EDT,42.32964,-74.46746,1880,57.1,59.8,57.1,97.4,56.4,0.000,0.000,0.00,0.000,0.5,2.3,0.7,230,37,0.9,2.4,0.8,226,51,0.5,2.3,0.7,230,37,0,,,0,0,,65.8,66.4,,0.27,0.35,
ROXB,2017-08-21 04:45:00 EDT,42.32964,-74.46746,1880,57.9,61.8,57.9,97.4,57.2,0.000,0.000,0.00,0.000,2.1,3.2,0.8,209,13,2.4,3.8,0.6,206,14,2.1,3.2,0.8,209,13,0,,,0,0,,65.8,66.4,,0.27,0.35,
ROXB,2017-08-21 04:50:00 EDT,42.32964,-74.46746,1880,58.4,61.3,58.4,95.6,57.1,0.000,0.000,0.00,0.000,1.2,2.1,0.5,338,65,1.4,2.7,0.5,338,65,1.2,2.1,0.5,338,65,0,,,0,0,,65.8,66.4,,0.27,0.35,
ROXB,2017-08-21 04:55:00 EDT,42.32964,-74.46746,1880,57.6,59.0,57.6,94.8,56.1,0.000,0.000,0.00,0.000,0.4,1.7,0.6,39,30,0.6,1.9,0.7,17,40,0.4,1.7,0.6,39,30,0,,,0,0,,65.7,66.4,,0.27,0.35,
ROXB,2017-08-21 05:00:00 EDT,42.32964,-74.46746,1880,57.9,59.6,57.9,95.7,56.7,0.000,0.000,0.00,0.000,1.3,2.7,0.7,327,30,1.6,3.5,0.7,329,32,1.3,2.7,0.7,327,30,0,28.23,,0,0,,65.5,66.4,,0.27,0.35,
ROXB,2017-08-21 05:05:00 EDT,42.32964,-74.46746,1880,58.5,59.5,58.5,95.7,57.3,0.000,0.000,0.00,0.000,0.5,1.8,0.5,65,32,1.0,2.1,0.5,63,36,0.5,1.8,0.5,65,32,0,,,0,0,,65.5,66.4,,0.27,0.35,
ROXB,2017-08-21 05:10:00 EDT,42.32964,-74.46746,1880,58.4,60.1,58.4,95.1,56.9,0.000,0.000,0.00,0.000,0.8,1.5,0.4,73,28,1.2,2.4,0.5,66,34,0.8,1.5,0.4,73,28,0,,,0,0,,65.5,66.4,,0.27,0.35,
ROXB,2017-08-21 05:15:00 EDT,42.32964,-74.46746,1880,57.6,58.8,57.6,95.0,56.1,0.000,0.000,0.00,0.000,0.5,1.2,0.4,341,20,0.8,1.6,0.6,344,22,0.5,1.2,0.4,341,20,0,,,0,0,,65.5,66.4,,0.27,0.35,
ROXB,2017-08-21 05:20:00 EDT,42.32964,-74.46746,1880,57.4,58.2,57.4,95.6,56.2,0.000,0.000,0.00,0.000,0.7,1.2,0.4,29,15,1.1,1.6,0.2,30,19,0.7,1.2,0.4,29,15,0,,,0,0,,65.5,66.4,,0.27,0.35,
ROXB,2017-08-21 05:25:00 EDT,42.32964,-74.46746,1880,57.4,58.2,57.4,96.0,56.3,0.000,0.000,0.00,0.000,0.1,1.0,0.2,86,7,0.4,1.5,0.5,67,21,0.1,1.0,0.2,86,7,0,,,0,0,,65.5,66.4,,0.27,0.35,
ROXB,2017-08-21 05:30:00 EDT,42.32964,-74.46746,1880,57.4,58.3,57.4,96.6,56.5,0.000,0.000,0.00,0.000,0.9,2.5,0.8,305,51,1.3,3.0,0.9,325,56,0.9,2.5,0.8,305,51,0,,,0,0,,65.5,66.3,,0.27,0.35,
ROXB,2017-08-21 05:35:00 EDT,42.32964,-74.46746,1880,57.4,58.5,57.4,96.7,56.5,0.000,0.000,0.00,0.000,1.3,2.6,0.7,175,58,1.6,2.9,0.8,179,61,1.3,2.6,0.7,175,58,0,28.23,,0,0,,65.5,66.2,,0.27,0.35,
ROXB,2017-08-21 05:40:00 EDT,42.32964,-74.46746,1880,57.3,59.2,57.3,96.3,56.2,0.000,0.000,0.00,0.000,0.7,2.2,0.6,167,27,0.9,2.5,0.7,167,29,0.7,2.2,0.6,167,27,0,,,0,0,,65.3,66.1,,0.27,0.35,
ROXB,2017-08-21 05:45:00 EDT,42.32964,-74.46746,1880,57.6,59.8,57.6,96.7,56.6,0.000,0.000,0.00,0.000,0.7,1.8,0.6,144,16,0.9,2.2,0.7,139,22,0.7,1.8,0.6,144,16,0,,,0,0,,65.1,66.1,,0.27,0.35,
ROXB,2017-08-21 05:50:00 EDT,42.32964,-74.46746,1880,57.9,59.6,57.9,96.9,57.0,0.000,0.000,0.00,0.000,0.8,2.0,0.6,132,16,1.1,2.5,0.7,130,17,0.8,2.0,0.6,132,16,0,,,0,0,,65.1,66.0,,0.27,0.35,
ROXB,2017-08-21 05:55:00 EDT,42.32964,-74.46746,1880,57.7,59.7,57.7,96.6,56.7,0.000,0.000,0.00,0.000,1.5,2.9,0.9,147,16,1.8,3.5,0.8,141,18,1.5,2.9,0.9,147,16,0,,,0,0,,65.1,66.0,,0.27,0.35,
ROXB,2017-08-21 06:00:00 EDT,42.32964,-74.46746,1880,57.4,59.8,57.4,96.7,56.5,0.000,0.000,0.00,0.000,1.0,2.9,0.9,159,22,1.2,3.2,0.9,157,23,1.0,2.9,0.9,159,22,1,,,0,0,,65.1,66.0,,0.27,0.35,
ROXB,2017-08-21 06:05:00 EDT,42.32964,-74.46746,1880,57.7,59.3,57.7,97.1,56.9,0.000,0.000,0.00,0.000,1.7,2.8,0.5,114,14,1.9,3.2,0.5,113,15,1.7,2.8,0.5,114,14,2,,,0,0,,65.1,66.0,,0.27,0.35,
ROXB,2017-08-21 06:10:00 EDT,42.32964,-74.46746,1880,57.6,58.7,57.6,97.2,56.8,0.000,0.000,0.00,0.000,1.5,2.6,0.4,108,11,1.8,3.4,0.5,106,12,1.5,2.6,0.4,108,11,3,28.23,,0,0,,65.1,66.0,,0.27,0.35,
ROXB,2017-08-21 06:15:00 EDT,42.32964,-74.46746,1880,57.4,58.4,57.4,97.3,56.7,0.000,0.000,0.00,0.000,0.5,2.0,0.5,98,9,0.7,2.3,0.7,99,13,0.5,2.0,0.5,98,9,5,,,0,0,,65.1,66.0,,0.27,0.35,
ROXB,2017-08-21 06:20:00 EDT,42.32964,-74.46746,1880,57.5,58.1,57.5,97.5,56.8,0.000,0.000,0.00,0.000,0.2,0.9,0.3,48,27,0.5,1.4,0.5,49,30,0.2,0.9,0.3,48,27,7,,,0,0,,65.1,66.0,,0.27,0.35,
ROXB,2017-08-21 06:25:00 EDT,42.32964,-74.46746,1880,57.6,58.3,57.6,97.6,56.9,0.000,0.000,0.00,0.000,0.3,0.9,0.3,108,10,0.6,1.5,0.5,90,39,0.3,0.9,0.3,108,10,10,,,0,0,,65.1,66.0,,0.27,0.35,
ROXB,2017-08-21 06:30:00 EDT,42.32964,-74.46746,1880,57.7,58.2,57.7,97.7,57.1,0.000,0.000,0.00,0.000,0.0,0.0,0.0,0,0,0.3,1.1,0.4,42,26,0.0,0.0,0.0,0,0,14,,,0,0,,65.1,66.0,,0.27,0.35,
ROXB,2017-08-21 06:35:00 EDT,42.32964,-74.46746,1880,57.4,58.3,57.4,97.6,56.7,0.000,0.000,0.00,0.000,0.2,1.2,0.3,170,18,0.5,1.6,0.6,148,24,0.2,1.2,0.3,170,18,23,,,0,0,,65.1,66.0,,0.27,0.35,
ROXB,2017-08-21 06:40:00 EDT,42.32964,-74.46746,1880,57.2,59.0,57.2,97.4,56.5,0.000,0.000,0.00,0.000,1.5,2.0,0.4,106,10,1.9,2.8,0.5,104,10,1.5,2.0,0.4,106,10,35,,,0,0,,65.1,66.0,,0.27,0.35,
ROXB,2017-08-21 06:45:00 EDT,42.32964,-74.46746,1880,57.3,58.5,57.3,97.1,56.5,0.000,0.000,0.00,0.000,2.1,3.1,0.4,77,17,2.4,3.7,0.5,75,18,2.1,3.1,0.4,77,17,36,28.24,,0,0,,65.1,66.0,,0.27,0.35,
ROXB,2017-08-21 06:50:00 EDT,42.32964,-74.46746,1880,55.7,57.6,55.7,95.7,54.5,0.000,0.000,0.00,0.000,2.2,2.6,0.2,117,16,2.4,3.2,0.3,115,15,2.2,2.6,0.2,117,16,39,,,0,0,,65.1,66.0,,0.27,0.35,
ROXB,2017-08-21 06:55:00 EDT,42.32964,-74.46746,1880,56.3,58.2,56.3,96.5,55.3,0.000,0.000,0.00,0.000,1.5,2.7,0.7,107,19,1.8,3.3,0.8,106,19,1.5,2.7,0.7,107,19,57,,,0,0,,65.0,66.0,,0.27,0.35,
ROXB,2017-08-21 07:00:00 EDT,42.32964,-74.46746,1880,57.9,59.0,57.9,97.1,57.1,0.000,0.000,0.00,0.000,1.9,2.5,0.2,100,10,2.3,3.0,0.3,100,10,1.9,2.5,0.2,100,10,82,,,0,0,,64.9,66.0,,0.27,0.35,
ROXB,2017-08-21 07:05:00 EDT,42.32964,-74.46746,1880,58.6,59.3,58.6,95.1,57.2,0.000,0.000,0.00,0.000,2.0,3.3,0.5,108,10,2.4,3.8,0.6,107,11,2.0,3.3,0.5,108,10,77,,,0,0,,64.8,66.0,,0.27,0.35,
ROXB,2017-08-21 07:10:00 EDT,42.32964,-74.46746,1880,58.3,59.0,58.3,93.9,56.6,0.000,0.000,0.00,0.000,2.2,3.5,0.8,125,16,2.5,4.1,0.9,122,15,2.2,3.5,0.8,125,16,57,,,0,0,,64.8,66.0,,0.27,0.35,
ROXB,2017-08-21 07:15:00 EDT,42.32964,-74.46746,1880,58.3,58.5,58.3,94.4,56.7,0.000,0.000,0.00,0.000,1.7,3.1,0.7,118,11,1.8,3.7,0.8,115,11,1.7,3.1,0.7,118,11,63,,,0,0,,64.8,66.0,,0.27,0.35,
ROXB,2017-08-21 07:20:00 EDT,42.32964,-74.46746,1880,58.4,58.4,58.4,94.6,56.8,0.000,0.000,0.00,0.000,1.1,2.2,0.4,105,15,1.5,2.7,0.5,101,16,1.1,2.2,0.4,105,15,124,28.24,,0,0,,64.8,66.0,,0.27,0.35,
ROXB,2017-08-21 07:25:00 EDT,42.32964,-74.46746,1880,59.0,58.8,59.0,92.8,56.9,0.000,0.000,0.00,0.000,1.7,3.1,0.7,125,14,1.9,3.5,0.6,122,14,1.7,3.1,0.7,125,14,158,,,0,0,,64.8,66.0,,0.27,0.35,
ROXB,2017-08-21 07:30:00 EDT,42.32964,-74.46746,1880,59.9,59.2,59.9,91.5,57.4,0.000,0.000,0.00,0.000,0.5,1.6,0.5,93,22,1.0,1.9,0.5,84,23,0.5,1.6,0.5,93,22,172,,,0,0,,64.8,66.0,,0.27,0.35,
ROXB,2017-08-21 07:35:00 EDT,42.32964,-74.46746,1880,59.5,58.9,59.5,90.6,56.8,0.000,0.000,0.00,0.000,1.3,2.0,0.3,46,16,1.7,2.7,0.4,44,14,1.3,2.0,0.3,46,16,186,,,0,0,,64.8,66.0,,0.27,0.35,
ROXB,2017-08-21 07:40:00 EDT,42.32964,-74.46746,1880,59.0,58.5,59.0,90.8,56.3,0.000,0.000,0.00,0.000,0.6,1.7,0.6,29,10,1.2,2.3,0.5,31,16,0.6,1.7,0.6,29,10,199,,,0,0,,64.8,66.0,,0.27,0.35,
ROXB,2017-08-21 07:45:00 EDT,42.32964,-74.46746,1880,60.0,59.2,60.0,90.4,57.2,0.000,0.000,0.00,0.000,0.7,2.2,0.6,88,26,1.1,2.7,0.7,89,24,0.7,2.2,0.6,88,26,209,,,0,0,,64.8,66.0,,0.27,0.35,
ROXB,2017-08-21 07:50:00 EDT,42.32964,-74.46746,1880,61.1,60.4,61.1,89.7,58.1,0.000,0.000,0.00,0.000,0.8,1.6,0.5,72,24,1.2,2.1,0.5,72,23,0.8,1.6,0.5,72,24,204,28.24,,0,0,,64.8,66.0,,0.27,0.35,
ROXB,2017-08-21 07:55:00 EDT,42.32964,-74.46746,1880,60.7,59.9,60.7,89.4,57.6,0.000,0.000,0.00,0.000,1.9,2.8,0.5,68,14,2.3,3.4,0.5,65,15,1.9,2.8,0.5,68,14,202,28.24,,0,0,,64.8,65.9,,0.27,0.35,
ROXB,2017-08-21 08:00:00 EDT,42.32964,-74.46746,1880,60.8,60.1,60.8,90.5,58.0,0.000,0.000,0.00,0.000,1.4,2.5,0.6,67,18,1.8,3.3,0.6,67,17,1.4,2.5,0.6,67,18,235,28.24,,0,0,,64.8,65.9,,0.27,0.35,
ROXB,2017-08-21 08:05:00 EDT,42.32964,-74.46746,1880,60.3,59.8,60.3,89.6,57.2,0.000,0.000,0.00,0.000,1.8,2.4,0.3,49,12,2.1,3.0,0.4,47,10,1.8,2.4,0.3,49,12,198,28.24,,0,0,,64.8,65.9,,0.27,0.35,
ROXB,2017-08-21 08:10:00 EDT,42.32964,-74.46746,1880,60.1,59.6,60.1,89.9,57.1,0.000,0.000,0.00,0.000,0.9,1.6,0.5,35,16,1.3,2.0,0.3,37,17,0.9,1.6,0.5,35,16,222,,,0,0,,64.8,65.8,,0.27,0.35,
ROXB,2017-08-21 08:15:00 EDT,42.32964,-74.46746,1880,61.0,60.1,61.0,90.3,58.2,0.000,0.000,0.00,0.000,1.0,2.0,0.5,49,14,1.4,2.6,0.5,49,15,1.0,2.0,0.5,49,14,275,28.25,,0,0,,64.8,65.8,,0.27,0.35,
ROXB,2017-08-21 08:20:00 EDT,42.32964,-74.46746,1880,61.3,61.0,61.3,90.3,58.4,0.000,0.000,0.00,0.000,0.6,1.3,0.4,31,18,1.1,1.9,0.6,33,23,0.6,1.3,0.4,31,18,294,28.24,,0,0,,64.8,65.8,,0.27,0.35,
ROXB,2017-08-21 08:25:00 EDT,42.32964,-74.46746,1880,63.0,62.3,63.0,88.0,59.4,0.000,0.000,0.00,0.000,0.4,1.5,0.4,84,45,0.9,1.9,0.5,84,43,0.4,1.5,0.4,84,45,292,28.24,,0,0,,64.8,65.8,,0.27,0.35,
ROXB,2017-08-21 08:30:00 EDT,42.32964,-74.46746,1880,64.1,63.7,64.1,88.4,60.6,0.000,0.000,0.00,0.000,1.4,3.2,0.7,94,46,1.9,3.8,0.8,90,39,1.4,3.2,0.7,94,46,326,28.24,,0,0,,64.8,65.8,,0.27,0.35,
ROXB,2017-08-21 08:35:00 EDT,42.32964,-74.46746,1880,64.0,63.6,64.0,86.0,59.8,0.000,0.000,0.00,0.000,3.1,5.3,1.0,82,20,3.8,6.3,1.2,81,19,3.1,5.3,1.0,82,20,334,28.24,,0,0,,64.8,65.8,,0.27,0.35,
ROXB,2017-08-21 08:40:00 EDT,42.32964,-74.46746,1880,63.8,62.5,63.8,86.7,59.8,0.000,0.000,0.00,0.000,3.4,4.2,0.5,69,9,4.0,5.3,0.7,66,8,3.4,4.2,0.5,69,9,347,28.24,,0,0,,64.8,65.8,,0.27,0.35,
ROXB,2017-08-21 08:45:00 EDT,42.32964,-74.46746,1880,63.8,62.6,63.8,85.4,59.3,0.000,0.000,0.00,0.000,2.5,3.5,0.5,71,10,2.9,3.9,0.5,69,11,2.5,3.5,0.5,71,10,365,28.24,,0,0,,64.8,65.8,,0.27,0.35,
ROXB,2017-08-21 08:50:00 EDT,42.32964,-74.46746,1880,64.2,63.1,64.2,84.8,59.6,0.000,0.000,0.00,0.000,2.2,3.4,0.6,74,16,2.7,4.1,0.7,72,16,2.2,3.4,0.6,74,16,380,28.23,,0,0,,64.8,65.8,,0.27,0.35,
ROXB,2017-08-21 08:55:00 EDT,42.32964,-74.46746,1880,64.4,63.6,64.4,83.9,59.5,0.000,0.000,0.00,0.000,1.8,3.0,0.6,48,18,2.2,3.8,0.5,48,15,1.8,3.0,0.6,48,18,399,28.23,,0,0,,64.8,65.8,,0.27,0.35,
ROXB,2017-08-21 09:00:00 EDT,42.32964,-74.46746,1880,64.9,63.9,64.9,82.1,59.4,0.000,0.000,0.00,0.000,2.0,3.4,0.6,49,16,2.3,4.5,0.7,47,13,2.0,3.4,0.6,49,16,427,28.23,,0,0,,64.8,65.8,,0.27,0.35,
ROXB,2017-08-21 09:05:00 EDT,42.32964,-74.46746,1880,65.2,64.7,65.2,82.6,59.8,0.000,0.000,0.00,0.000,1.6,3.3,0.6,41,17,2.1,4.2,0.7,42,17,1.6,3.3,0.6,41,17,452,28.23,,0,0,,64.8,65.8,,0.27,0.35,
ROXB,2017-08-21 09:10:00 EDT,42.32964,-74.46746,1880,67.0,66.4,67.0,81.7,61.2,0.000,0.000,0.00,0.000,1.3,2.8,0.7,58,36,1.9,3.7,0.8,55,33,1.3,2.8,0.7,58,36,452,28.23,,0,0,,64.8,65.8,,0.27,0.35,
ROXB,2017-08-21 09:15:00 EDT,42.32964,-74.46746,1880,67.2,66.2,67.2,78.8,60.3,0.000,0.000,0.00,0.000,1.8,3.4,0.6,63,21,2.2,3.8,0.7,63,20,1.8,3.4,0.6,63,21,313,28.23,,0,0,,64.8,65.8,,0.27,0.35,
ROXB,2017-08-21 09:20:00 EDT,42.32964,-74.46746,1880,68.6,68.3,68.6,80.3,62.3,0.000,0.000,0.00,0.000,1.4,4.4,0.9,167,62,2.1,4.5,0.9,177,62,1.4,4.4,0.9,167,62,452,28.23,,0,0,,64.8,65.8,,0.27,0.35,
ROXB,2017-08-21 09:25:00 EDT,42.32964,-74.46746,1880,70.0,69.5,70.0,76.2,62.2,0.000,0.000,0.00,0.000,1.5,4.5,1.1,196,68,2.1,6.0,1.3,207,67,1.5,4.5,1.1,196,68,485,28.23,,0,0,,64.8,65.8,,0.27,0.35,
ROXB,2017-08-21 09:30:00 EDT,42.32964,-74.46746,1880,70.7,70.1,70.7,72.5,61.4,0.000,0.000,0.00,0.000,2.9,6.7,1.3,212,44,3.5,7.1,1.4,211,44,2.9,6.7,1.3,212,44,500,28.23,,0,0,,64.8,65.8,,0.27,0.35,
ROXB,2017-08-21 09:35:00 EDT,42.32964,-74.46746,1880,71.1,70.5,71.1,70.3,60.9,0.000,0.000,0.00,0.000,3.7,7.7,1.4,210,24,4.2,7.1,1.4,205,21,3.7,7.7,1.4,210,24,510,28.23,,0,0,,64.8,65.8,,0.27,0.35,
ROXB,2017-08-21 09:40:00 EDT,42.32964,-74.46746,1880,71.0,70.3,71.0,68.6,60.1,0.000,0.000,0.00,0.000,2.8,5.1,1.3,230,30,3.5,6.6,1.3,235,31,2.8,5.1,1.3,230,30,497,28.23,,0,0,,64.9,65.8,,0.27,0.35,
ROXB,2017-08-21 09:45:00 EDT,42.32964,-74.46746,1880,71.2,70.6,71.2,68.1,60.1,0.000,0.000,0.00,0.000,3.1,5.4,1.1,243,30,3.7,7.5,1.2,243,29,3.1,5.4,1.1,243,30,532,28.23,,0,0,,65.1,65.8,,0.27,0.35,
ROXB,2017-08-21 09:50:00 EDT,42.32964,-74.46746,1880,71.5,70.9,71.5,68.4,60.5,0.000,0.000,0.00,0.000,2.5,5.3,1.4,240,38,3.1,6.7,1.5,236,43,2.5,5.3,1.4,240,38,538,28.23,,0,0,,65.1,65.8,,0.27,0.35,
ROXB,2017-08-21 09:55:00 EDT,42.32964,-74.46746,1880,72.5,71.7,72.5,67.2,61.0,0.000,0.000,0.00,0.000,3.1,7.2,1.4,215,37,3.9,8.2,1.7,219,37,3.1,7.2,1.4,215,37,559,28.23,,0,0,,65.1,65.8,,0.27,0.35,
ROXB,2017-08-21 10:00:00 EDT,42.32964,-74.46746,1880,72.6,71.9,72.6,64.8,60.1,0.000,0.000,0.00,0.000,3.4,8.3,2.2,221,39,4.3,8.9,2.1,221,40,3.4,8.3,2.2,221,39,552,28.24,,0,0,,65.1,65.8,,0.27,0.35,
ROXB,2017-08-21 10:05:00 EDT,42.32964,-74.46746,1880,72.7,72.1,72.7,66.8,61.1,0.000,0.000,0.00,0.000,5.1,9.6,2.2,214,36,6.0,11.8,2.4,212,35,5.1,9.6,2.2,214,36,575,28.24,,0,0,,65.1,65.8,,0.27,0.35,
ROXB,2017-08-21 10:10:00 EDT,42.32964,-74.46746,1880,73.1,72.5,73.1,65.3,60.7,0.000,0.000,0.00,0.000,4.0,9.4,1.6,213,33,4.7,10.3,1.9,213,33,4.0,9.4,1.6,213,33,586,28.24,,0,0,,65.1,65.8,,0.27,0.35,
ROXB,2017-08-21 10:15:00 EDT,42.32964,-74.46746,1880,72.9,72.4,72.9,64.9,60.4,0.000,0.000,0.00,0.000,4.9,11.0,2.0,216,28,5.6,13.0,2.4,217,28,4.9,11.0,2.0,216,28,599,28.24,,0,0,,65.1,65.8,,0.27,0.35,
ROXB,2017-08-21 10:20:00 EDT,42.32964,-74.46746,1880,73.2,72.6,73.2,64.7,60.6,0.000,0.000,0.00,0.000,2.6,4.8,1.1,242,23,3.2,5.8,1.3,245,21,2.6,4.8,1.1,242,23,607,28.24,,0,0,,65.1,65.8,,0.27,0.35,
ROXB,2017-08-21 10:25:00 EDT,42.32964,-74.46746,1880,73.6,72.8,73.6,64.7,61.0,0.000,0.000,0.00,0.000,4.3,9.5,1.8,219,33,5.1,10.0,1.9,218,32,4.3,9.5,1.8,219,33,614,28.24,,0,0,,65.1,65.8,,0.27,0.35,
ROXB,2017-08-21 10:30:00 EDT,42.32964,-74.46746,1880,73.4,72.8,73.4,63.3,60.2,0.000,0.000,0.00,0.000,5.2,8.7,1.7,245,32,6.0,11.7,2.1,246,32,5.2,8.7,1.7,245,32,625,28.25,,0,0,,65.4,65.8,,0.27,0.35,
ROXB,2017-08-21 10:35:00 EDT,42.32964,-74.46746,1880,73.4,72.8,73.4,61.7,59.5,0.000,0.000,0.00,0.000,5.7,13.7,3.1,252,26,6.5,15.9,3.4,253,23,5.7,13.7,3.1,252,26,646,28.25,,0,0,,65.5,65.8,,0.27,0.35,
ROXB,2017-08-21 10:40:00 EDT,42.32964,-74.46746,1880,73.5,73.0,73.5,62.6,59.9,0.000,0.000,0.00,0.000,3.5,8.2,2.1,235,26,4.4,11.6,2.4,236,27,3.5,8.2,2.1,235,26,621,28.25,,0,0,,65.5,65.8,,0.27,0.35,
ROXB,2017-08-21 10:45:00 EDT,42.32964,-74.46746,1880,74.1,73.4,74.1,62.4,60.5,0.000,0.000,0.00,0.000,4.2,10.2,2.5,241,27,4.8,12.9,2.7,240,28,4.2,10.2,2.5,241,27,666,28.24,,0,0,,65.5,65.8,,0.27,0.35,
ROXB,2017-08-21 10:50:00 EDT,42.32964,-74.46746,1880,74.5,73.8,74.5,60.9,60.1,0.000,0.000,0.00,0.000,2.5,6.5,1.6,233,40,3.3,9.2,1.8,234,40,2.5,6.5,1.6,233,40,681,28.24,,0,0,,65.7,65.8,,0.27,0.35,
ROXB,2017-08-21 10:55:00 EDT,42.32964,-74.46746,1880,74.7,73.8,74.7,60.6,60.2,0.000,0.000,0.00,0.000,3.9,8.5,2.0,253,27,4.7,10.7,2.1,253,29,3.9,8.5,2.0,253,27,692,28.24,,0,0,,65.8,65.8,,0.27,0.34,
ROXB,2017-08-21 11:00:00 EDT,42.32964,-74.46746,1880,74.7,74.0,74.7,60.9,60.3,0.000,0.000,0.00,0.000,4.7,8.5,1.3,236,45,5.3,8.7,1.4,237,42,4.7,8.5,1.3,236,45,697,28.24,,0,0,,65.8,65.8,,0.27,0.34,
ROXB,2017-08-21 11:05:00 EDT,42.32964,-74.46746,1880,74.9,74.0,74.9,60.8,60.5,0.000,0.000,0.00,0.000,2.8,6.2,1.7,223,28,3.5,7.6,1.8,223,33,2.8,6.2,1.7,223,28,693,28.24,,0,0,,65.8,65.8,,0.27,0.34,
ROXB,2017-08-21 11:10:00 EDT,42.32964,-74.46746,1880,74.9,73.9,74.9,59.3,59.7,0.000,0.000,0.00,0.000,4.8,8.5,1.8,217,34,5.7,10.5,2.0,216,33,4.8,8.5,1.8,217,34,691,28.24,,0,0,,65.8,65.8,,0.27,0.34,
ROXB,2017-08-21 11:15:00 EDT,42.32964,-74.46746,1880,75.2,74.3,75.2,59.2,60.0,0.000,0.000,0.00,0.000,3.4,6.9,1.3,233,34,4.2,7.5,1.5,234,32,3.4,6.9,1.3,233,34,729,28.24,,0,0,,65.8,65.8,,0.27,0.34,
ROXB,2017-08-21 11:20:00 EDT,42.32964,-74.46746,1880,75.7,74.7,75.7,58.6,60.2,0.000,0.000,0.00,0.000,4.2,11.5,3.0,236,29,5.0,13.7,2.9,238,30,4.2,11.5,3.0,236,29,733,28.24,,0,0,,65.8,65.8,,0.27,0.34,
ROXB,2017-08-21 11:25:00 EDT,42.32964,-74.46746,1880,75.5,74.6,75.5,55.8,58.6,0.000,0.000,0.00,0.000,6.6,12.2,2.5,229,22,6.9,13.8,2.6,228,22,6.6,12.2,2.5,229,22,721,28.23,,0,0,,65.8,65.8,,0.27,0.34,
ROXB,2017-08-21 11:30:00 EDT,42.32964,-74.46746,1880,75.3,74.5,75.3,56.2,58.6,0.000,0.000,0.00,0.000,6.4,12.6,2.4,216,20,7.0,13.1,2.6,215,19,6.4,12.6,2.4,216,20,728,28.23,,0,0,,66.0,65.8,,0.27,0.34,
ROXB,2017-08-21 11:35:00 EDT,42.32964,-74.46746,1880,75.6,74.9,75.6,56.0,58.8,0.000,0.000,0.00,0.000,5.5,11.5,2.3,210,24,6.4,13.7,2.6,210,25,5.5,11.5,2.3,210,24,734,28.23,,0,0,,66.0,65.8,,0.27,0.34,
ROXB,2017-08-21 11:40:00 EDT,42.32964,-74.46746,1880,76.0,75.1,76.0,56.0,59.1,0.000,0.000,0.00,0.000,3.8,10.7,2.0,218,36,4.6,10.2,2.2,220,38,3.8,10.7,2.0,218,36,735,28.23,,0,0,,66.0,65.8,,0.27,0.34,
ROXB,2017-08-21 11:45:00 EDT,42.32964,-74.46746,1880,76.2,75.5,76.2,55.8,59.3,0.000,0.000,0.00,0.000,5.9,13.7,2.2,200,24,6.8,16.0,2.5,198,23,5.9,13.7,2.2,200,24,762,28.23,,0,0,,66.0,65.8,,0.27,0.34,
ROXB,2017-08-21 11:50:00 EDT,42.32964,-74.46746,1880,76.2,75.5,76.2,54.4,58.5,0.000,0.000,0.00,0.000,5.1,10.1,2.4,217,23,5.9,12.1,2.5,219,24,5.1,10.1,2.4,217,23,769,28.22,,0,0,,66.0,65.8,,0.27,0.34,
ROXB,2017-08-21 11:55:00 EDT,42.32964,-74.46746,1880,76.1,75.4,76.1,55.6,59.1,0.000,0.000,0.00,0.000,5.3,10.6,2.7,204,25,6.2,13.1,3.2,204,24,5.3,10.6,2.7,204,25,776,28.22,,0,0,,66.3,65.8,,0.27,0.34,
ROXB,2017-08-21 12:00:00 EDT,42.32964,-74.46746,1880,76.5,75.9,76.5,52.5,57.8,0.000,0.000,0.00,0.000,6.8,15.2,2.9,214,23,7.4,15.0,2.9,213,21,6.8,15.2,2.9,214,23,781,28.22,,0,0,,66.4,65.8,,0.27,0.34,
ROXB,2017-08-21 12:05:00 EDT,42.32964,-74.46746,1880,76.9,76.1,76.9,54.2,59.1,0.000,0.000,0.00,0.000,3.5,8.5,2.0,238,31,4.4,10.3,1.9,236,31,3.5,8.5,2.0,238,31,783,28.22,,0,0,,66.4,65.8,,0.27,0.34,
ROXB,2017-08-21 12:10:00 EDT,42.32964,-74.46746,1880,77.4,76.3,77.4,53.1,59.0,0.000,0.000,0.00,0.000,4.5,8.5,1.8,245,25,5.3,10.3,1.9,247,26,4.5,8.5,1.8,245,25,793,28.22,,0,0,,66.4,65.8,,0.27,0.34,
ROXB,2017-08-21 12:15:00 EDT,42.32964,-74.46746,1880,77.0,76.2,77.0,52.5,58.4,0.000,0.000,0.00,0.000,6.0,11.7,2.5,240,25,6.5,12.6,2.8,241,26,6.0,11.7,2.5,240,25,801,28.22,,0,0,,66.4,65.8,,0.27,0.34,
ROXB,2017-08-21 12:20:00 EDT,42.32964,-74.46746,1880,77.4,76.6,77.4,52.9,58.9,0.000,0.000,0.00,0.000,5.6,11.8,2.6,238,36,6.4,13.1,3.0,238,37,5.6,11.8,2.6,238,36,806,28.22,,0,0,,66.4,65.8,,0.27,0.34,
ROXB,2017-08-21 12:25:00 EDT,42.32964,-74.46746,1880,77.0,76.5,77.0,52.3,58.2,0.000,0.000,0.00,0.000,5.9,13.4,2.9,220,28,6.7,14.4,3.1,220,30,5.9,13.4,2.9,220,28,815,28.21,,0,0,,66.6,65.8,,0.27,0.34,
ROXB,2017-08-21 12:30:00 EDT,42.32964,-74.46746,1880,77.6,76.7,77.6,52.6,58.9,0.000,0.000,0.00,0.000,6.0,11.0,2.2,252,23,7.2,14.2,2.7,255,22,6.0,11.0,2.2,252,23,883,28.21,,0,0,,66.7,65.8,,0.27,0.34,
ROXB,2017-08-21 12:35:00 EDT,42.32964,-74.46746,1880,77.5,76.5,77.5,52.5,58.8,0.000,0.000,0.00,0.000,6.4,12.6,2.4,241,23,7.2,12.5,2.3,241,23,6.4,12.6,2.4,241,23,679,28.21,,0,0,,66.7,65.8,,0.27,0.34,
ROXB,2017-08-21 12:40:00 EDT,42.32964,-74.46746,1880,77.4,76.6,77.4,51.5,58.1,0.000,0.000,0.00,0.000,6.9,13.3,2.8,211,26,7.6,15.8,3.3,210,27,6.9,13.3,2.8,211,26,695,28.21,,0,0,,66.7,65.8,,0.27,0.34,
ROXB,2017-08-21 12:45:00 EDT,42.32964,-74.46746,1880,77.3,76.6,77.3,51.7,58.1,0.000,0.000,0.00,0.000,6.6,14.0,2.3,249,22,7.5,16.1,2.7,253,19,6.6,14.0,2.3,249,22,702,28.21,,0,0,,66.8,65.8,,0.26,0.34,
ROXB,2017-08-21 12:50:00 EDT,42.32964,-74.46746,1880,77.6,76.8,77.6,51.4,58.2,0.000,0.000,0.00,0.000,6.4,11.8,1.9,234,29,7.1,11.4,2.1,232,28,6.4,11.8,1.9,234,29,856,28.21,,0,0,,67.0,65.8,,0.27,0.34,
ROXB,2017-08-21 12:55:00 EDT,42.32964,-74.46746,1880,77.8,77.0,77.8,49.7,57.5,0.000,0.000,0.00,0.000,6.8,13.0,2.8,236,27,7.6,14.4,2.6,235,24,6.8,13.0,2.8,236,27,815,28.21,,0,0,,67.1,65.8,,0.27,0.34,
ROXB,2017-08-21 13:00:00 EDT,42.32964,-74.46746,1880,77.4,76.8,77.4,49.7,57.1,0.000,0.000,0.00,0.000,7.4,12.3,1.9,241,17,7.6,14.6,2.2,241,16,7.4,12.3,1.9,241,17,783,28.21,,0,0,,67.1,65.8,,0.27,0.34,
ROXB,2017-08-21 13:05:00 EDT,42.32964,-74.46746,1880,77.7,77.0,77.7,51.9,58.6,0.000,0.000,0.00,0.000,5.7,10.6,2.6,221,24,6.2,13.1,2.7,222,26,5.7,10.6,2.6,221,24,822,28.21,,0,0,,67.1,65.8,,0.27,0.34,
ROXB,2017-08-21 13:10:00 EDT,42.32964,-74.46746,1880,78.0,77.2,78.0,50.2,57.9,0.000,0.000,0.00,0.000,7.8,13.9,2.8,218,21,8.4,15.0,3.0,216,21,7.8,13.9,2.8,218,21,805,28.20,,0,0,,67.1,65.8,,0.27,0.34,
ROXB,2017-08-21 13:15:00 EDT,42.32964,-74.46746,1880,77.7,77.0,77.7,49.7,57.4,0.000,0.000,0.00,0.000,4.5,10.4,2.2,235,27,5.1,10.1,2.3,237,26,4.5,10.4,2.2,235,27,802,28.20,,0,0,,67.3,65.8,,0.27,0.34,
ROXB,2017-08-21 13:20:00 EDT,42.32964,-74.46746,1880,78.2,77.2,78.2,51.1,58.6,0.000,0.000,0.00,0.000,6.1,11.0,2.2,229,27,6.6,13.1,2.4,230,25,6.1,11.0,2.2,229,27,780,28.21,,0,0,,67.5,65.8,,0.27,0.34,
ROXB,2017-08-21 13:25:00 EDT,42.32964,-74.46746,1880,78.5,77.6,78.5,52.6,59.8,0.000,0.000,0.00,0.000,4.1,8.3,1.4,223,26,4.9,9.1,1.5,223,25,4.1,8.3,1.4,223,26,794,28.21,,0,0,,67.5,65.8,,0.27,0.34,
ROXB,2017-08-21 13:30:00 EDT,42.32964,-74.46746,1880,78.6,77.8,78.6,51.7,59.3,0.000,0.000,0.00,0.000,3.7,9.0,1.9,236,24,4.2,8.8,2.0,242,22,3.7,9.0,1.9,236,24,791,28.21,,0,0,,67.5,65.8,,0.27,0.34,
ROXB,2017-08-21 13:35:00 EDT,42.32964,-74.46746,1880,78.8,78.0,78.8,48.3,57.6,0.000,0.000,0.00,0.000,4.9,13.1,2.8,230,22,5.5,13.9,2.9,227,22,4.9,13.1,2.8,230,22,787,28.21,,0,0,,67.6,65.8,,0.27,0.34,
ROXB,2017-08-21 13:40:00 EDT,42.32964,-74.46746,1880,79.1,78.1,79.1,49.2,58.4,0.000,0.000,0.00,0.000,4.8,12.5,3.2,232,23,5.6,14.5,3.3,235,28,4.8,12.5,3.2,232,23,775,28.21,,0,0,,67.8,65.8,,0.27,0.34,
ROXB,2017-08-21 13:45:00 EDT,42.32964,-74.46746,1880,78.8,78.1,78.8,48.8,57.9,0.000,0.000,0.00,0.000,6.1,12.5,2.5,238,27,6.8,13.7,2.8,242,26,6.1,12.5,2.5,238,27,740,28.20,,0,0,,67.8,65.8,,0.26,0.34,
ROXB,2017-08-21 13:50:00 EDT,42.32964,-74.46746,1880,78.1,77.6,78.1,49.5,57.7,0.000,0.000,0.00,0.000,5.3,9.6,1.6,247,26,6.0,11.0,1.9,248,24,5.3,9.6,1.6,247,26,571,28.20,,0,0,,67.8,65.8,,0.26,0.34,
ROXB,2017-08-21 13:55:00 EDT,42.32964,-74.46746,1880,78.4,77.7,78.4,51.6,59.1,0.000,0.000,0.00,0.000,5.5,10.4,2.1,227,30,6.2,12.5,2.4,228,30,5.5,10.4,2.1,227,30,643,28.20,,0,0,,67.8,65.8,,0.26,0.34,
ROXB,2017-08-21 14:00:00 EDT,42.32964,-74.46746,1880,78.1,77.6,78.1,51.2,58.6,0.000,0.000,0.00,0.000,6.0,9.9,1.7,239,19,6.5,10.5,1.7,238,20,6.0,9.9,1.7,239,19,619,28.20,,0,0,,67.8,65.8,,0.26,0.34,
ROXB,2017-08-21 14:05:00 EDT,42.32964,-74.46746,1880,77.9,77.4,77.9,50.3,57.9,0.000,0.000,0.00,0.000,6.0,10.0,2.1,228,23,6.5,12.3,2.2,228,24,6.0,10.0,2.1,228,23,518,28.20,,0,0,,68.2,65.8,,0.27,0.34,
ROXB,2017-08-21 14:10:00 EDT,42.32964,-74.46746,1880,77.8,77.5,77.8,51.9,58.8,0.000,0.000,0.00,0.000,4.5,8.5,1.6,238,28,5.2,11.1,1.8,238,28,4.5,8.5,1.6,238,28,468,28.19,,0,0,,68.2,65.8,,0.26,0.34,
ROXB,2017-08-21 14:15:00 EDT,42.32964,-74.46746,1880,77.8,77.4,77.8,51.9,58.7,0.000,0.000,0.00,0.000,4.7,8.9,1.7,232,26,5.2,11.5,1.9,235,28,4.7,8.9,1.7,232,26,421,28.19,,0,0,,68.2,65.8,,0.27,0.34,
ROXB,2017-08-21 14:20:00 EDT,42.32964,-74.46746,1880,77.2,77.0,77.2,51.1,57.8,0.000,0.000,0.00,0.000,5.9,9.9,1.9,241,25,6.5,12.2,2.4,242,25,5.9,9.9,1.9,241,25,323,28.19,,0,0,,68.3,65.8,,0.27,0.34,
ROXB,2017-08-21 14:25:00 EDT,42.32964,-74.46746,1880,76.8,76.7,76.8,52.0,57.8,0.000,0.000,0.00,0.000,6.6,11.4,2.3,235,26,7.1,13.4,2.5,236,25,6.6,11.4,2.3,235,26,296,28.19,,0,0,,68.5,65.8,,0.26,0.34,
ROXB,2017-08-21 14:30:00 EDT,42.32964,-74.46746,1880,76.5,76.4,76.5,53.4,58.3,0.000,0.000,0.00,0.000,4.5,10.0,1.8,239,22,5.0,11.1,2.0,240,22,4.5,10.0,1.8,239,22,283,28.19,,0,0,,68.5,65.8,,0.26,0.34,
ROXB,2017-08-21 14:35:00 EDT,42.32964,-74.46746,1880,76.4,76.3,76.4,54.1,58.6,0.000,0.000,0.00,0.000,4.8,10.3,2.1,240,25,5.2,9.5,1.9,238,24,4.8,10.3,2.1,240,25,249,28.19,,0,0,,68.5,65.8,,0.26,0.34,
ROXB,2017-08-21 14:40:00 EDT,42.32964,-74.46746,1880,76.3,76.3,76.3,55.0,58.9,0.000,0.000,0.00,0.000,4.9,8.0,1.6,232,22,5.3,8.9,1.6,232,21,4.9,8.0,1.6,232,22,224,28.19,,0,0,,68.5,65.8,,0.26,0.34,
ROXB,2017-08-21 14:45:00 EDT,42.32964,-74.46746,1880,76.2,76.2,76.2,56.1,59.4,0.000,0.000,0.00,0.000,3.7,6.0,1.2,203,17,4.0,6.5,1.4,200,18,3.7,6.0,1.2,203,17,207,28.19,,0,0,,68.5,65.8,,0.26,0.33,
ROXB,2017-08-21 14:50:00 EDT,42.32964,-74.46746,1880,75.9,75.9,75.9,58.6,60.4,0.000,0.000,0.00,0.000,1.7,4.5,1.1,217,33,2.2,6.1,1.2,217,32,1.7,4.5,1.1,217,33,210,28.18,,0,0,,68.5,65.8,,0.26,0.33,
ROXB,2017-08-21 14:55:00 EDT,42.32964,-74.46746,1880,76.0,75.8,76.0,58.9,60.6,0.000,0.000,0.00,0.000,1.5,4.3,1.1,231,28,2.0,4.5,1.1,229,31,1.5,4.3,1.1,231,28,237,28.18,,0,0,,68.5,65.8,,0.26,0.33,
ROXB,2017-08-21 15:00:00 EDT,42.32964,-74.46746,1880,76.1,75.9,76.1,58.9,60.7,0.000,0.000,0.00,0.000,1.8,3.9,1.1,231,33,2.2,5.2,1.0,229,41,1.8,3.9,1.1,231,33,290,28.18,,0,0,,68.6,65.8,,0.26,0.33,
ROXB,2017-08-21 15:05:00 EDT,42.32964,-74.46746,1880,76.6,76.3,76.6,58.6,61.0,0.000,0.000,0.00,0.000,3.8,7.8,1.5,228,22,4.2,8.1,1.5,229,21,3.8,7.8,1.5,228,22,368,28.18,,0,0,,68.8,65.8,,0.26,0.33,
ROXB,2017-08-21 15:10:00 EDT,42.32964,-74.46746,1880,77.1,76.6,77.1,58.5,61.4,0.000,0.000,0.00,0.000,3.2,5.6,1.1,221,28,3.5,5.5,1.1,221,27,3.2,5.6,1.1,221,28,384,28.18,,0,0,,68.9,65.8,,0.26,0.33,
ROXB,2017-08-21 15:15:00 EDT,42.32964,-74.46746,1880,77.1,76.6,77.1,56.5,60.4,0.000,0.000,0.00,0.000,5.3,8.8,1.6,263,17,5.8,9.4,1.8,265,16,5.3,8.8,1.6,263,17,414,28.18,,0,0,,68.9,65.8,,0.26,0.33,
ROXB,2017-08-21 15:20:00 EDT,42.32964,-74.46746,1880,77.5,77.0,77.5,58.5,61.8,0.000,0.000,0.00,0.000,3.1,7.7,1.9,226,37,3.5,8.6,1.9,229,37,3.1,7.7,1.9,226,37,456,28.18,,0,0,,68.9,65.8,,0.26,0.33,
ROXB,2017-08-21 15:25:00 EDT,42.32964,-74.46746,1880,77.5,77.2,77.5,58.0,61.6,0.000,0.000,0.00,0.000,3.7,6.7,1.3,209,31,4.3,7.8,1.6,206,30,3.7,6.7,1.3,209,31,476,28.18,,0,0,,68.9,65.8,,0.26,0.33,
ROXB,2017-08-21 15:30:00 EDT,42.32964,-74.46746,1880,77.6,77.0,77.6,58.0,61.7,0.000,0.000,0.00,0.000,5.0,8.0,1.5,242,23,5.4,10.1,1.7,243,22,5.0,8.0,1.5,242,23,494,28.18,,0,0,,68.9,65.8,,0.26,0.33,
ROXB,2017-08-21 15:35:00 EDT,42.32964,-74.46746,1880,77.8,77.2,77.8,58.2,61.9,0.000,0.000,0.00,0.000,4.1,7.7,1.8,234,24,4.6,9.2,1.9,236,25,4.1,7.7,1.8,234,24,541,28.18,,0,0,,68.9,65.8,,0.26,0.33,
ROXB,2017-08-21 15:40:00 EDT,42.32964,-74.46746,1880,77.7,77.0,77.7,57.8,61.7,0.000,0.000,0.00,0.000,4.8,9.1,2.1,256,18,5.5,10.9,2.2,256,20,4.8,9.1,2.1,256,18,583,28.18,,0,0,,68.9,65.8,,0.26,0.33,
ROXB,2017-08-21 15:45:00 EDT,42.32964,-74.46746,1880,78.2,77.4,78.2,58.9,62.7,0.000,0.000,0.00,0.000,5.6,14.5,3.1,242,26,6.3,14.9,3.2,241,26,5.6,14.5,3.1,242,26,599,28.18,,0,0,,68.9,65.8,,0.26,0.33,
ROXB,2017-08-21 15:50:00 EDT,42.32964,-74.46746,1880,77.9,77.2,77.9,59.6,62.7,0.000,0.000,0.00,0.000,5.2,10.3,1.9,241,27,6.1,11.2,2.1,239,26,5.2,10.3,1.9,241,27,577,28.18,,0,0,,68.9,65.8,,0.26,0.33,
ROXB,2017-08-21 15:55:00 EDT,42.32964,-74.46746,1880,78.3,77.6,78.3,59.7,63.2,0.000,0.000,0.00,0.000,4.8,8.5,1.7,261,33,6.0,11.5,1.9,263,31,4.8,8.5,1.7,261,33,586,28.18,,0,0,,69.1,65.8,,0.26,0.33,
ROXB,2017-08-21 16:00:00 EDT,42.32964,-74.46746,1880,78.3,77.5,78.3,60.4,63.5,0.000,0.000,0.00,0.000,4.7,7.5,1.3,267,33,5.2,8.4,1.5,267,32,4.7,7.5,1.3,267,33,546,28.18,,0,0,,69.1,65.8,,0.26,0.33,
ROXB,2017-08-21 16:05:00 EDT,42.32964,-74.46746,1880,77.8,77.3,77.8,61.7,63.6,0.000,0.000,0.00,0.000,5.7,9.8,2.1,211,30,6.5,11.9,2.4,211,29,5.7,9.8,2.1,211,30,550,28.17,,0,0,,69.3,65.9,,0.26,0.33,
ROXB,2017-08-21 16:10:00 EDT,42.32964,-74.46746,1880,78.2,77.6,78.2,61.5,63.9,0.000,0.000,0.00,0.000,4.9,10.5,1.9,238,32,5.4,13.3,2.3,240,31,4.9,10.5,1.9,238,32,560,28.17,,0,0,,69.3,65.9,,0.26,0.33,
ROXB,2017-08-21 16:15:00 EDT,42.32964,-74.46746,1880,78.2,77.6,78.2,63.1,64.6,0.000,0.000,0.00,0.000,4.7,10.8,2.6,204,24,5.8,16.0,2.7,201,24,4.7,10.8,2.6,204,24,548,28.17,,0,0,,69.3,65.9,,0.26,0.33,
ROXB,2017-08-21 16:20:00 EDT,42.32964,-74.46746,1880,78.2,77.5,78.2,62.8,64.4,0.000,0.000,0.00,0.000,6.4,13.0,2.0,204,22,7.1,14.7,2.4,202,19,6.4,13.0,2.0,204,22,522,28.17,,0,0,,69.3,66.0,,0.26,0.33,
ROXB,2017-08-21 16:25:00 EDT,42.32964,-74.46746,1880,77.9,77.4,77.9,62.9,64.3,0.000,0.000,0.00,0.000,3.1,6.7,1.5,216,27,3.6,8.1,1.6,218,29,3.1,6.7,1.5,216,27,499,28.17,,0,0,,69.3,66.0,,0.26,0.33,
ROXB,2017-08-21 16:30:00 EDT,42.32964,-74.46746,1880,77.9,77.3,77.9,62.2,63.9,0.000,0.000,0.00,0.000,4.6,9.1,1.9,220,26,5.3,11.3,2.0,218,28,4.6,9.1,1.9,220,26,485,28.17,,0,0,,69.3,66.0,,0.26,0.33,
ROXB,2017-08-21 16:35:00 EDT,42.32964,-74.46746,1880,78.1,77.3,78.1,61.8,63.9,0.000,0.000,0.00,0.000,4.7,9.1,2.0,228,33,5.5,10.2,2.2,226,34,4.7,9.1,2.0,228,33,472,28.17,,0,0,,69.3,66.0,,0.26,0.33,
ROXB,2017-08-21 16:40:00 EDT,42.32964,-74.46746,1880,77.8,77.3,77.8,59.7,62.6,0.000,0.000,0.00,0.000,6.5,12.8,2.9,229,27,7.1,13.1,2.7,230,27,6.5,12.8,2.9,229,27,461,28.16,,0,0,,69.3,66.0,,0.26,0.33,
ROXB,2017-08-21 16:45:00 EDT,42.32964,-74.46746,1880,77.7,77.3,77.7,60.2,62.8,0.000,0.000,0.00,0.000,4.6,9.5,1.8,224,21,5.2,10.3,2.0,223,21,4.6,9.5,1.8,224,21,446,28.16,,0,0,,69.3,66.0,,0.26,0.33,
ROXB,2017-08-21 16:50:00 EDT,42.32964,-74.46746,1880,77.8,77.4,77.8,59.2,62.4,0.000,0.000,0.00,0.000,7.3,12.9,2.5,216,24,7.7,16.8,2.5,214,23,7.3,12.9,2.5,216,24,436,28.16,,0,0,,69.3,66.0,,0.26,0.33,
ROXB,2017-08-21 16:55:00 EDT,42.32964,-74.46746,1880,77.9,77.5,77.9,60.4,63.0,0.000,0.000,0.00,0.000,4.6,8.9,1.9,227,37,5.0,10.7,2.1,226,36,4.6,8.9,1.9,227,37,421,28.16,,0,0,,69.3,66.0,,0.26,0.33,
ROXB,2017-08-21 17:00:00 EDT,42.32964,-74.46746,1880,77.8,77.4,77.8,59.0,62.3,0.000,0.000,0.00,0.000,6.2,11.5,2.7,230,25,7.1,14.2,2.9,232,27,6.2,11.5,2.7,230,25,406,28.16,,0,0,,69.4,66.0,,0.26,0.33,
ROXB,2017-08-21 17:05:00 EDT,42.32964,-74.46746,1880,77.6,77.2,77.6,59.9,62.6,0.000,0.000,0.00,0.000,5.7,12.3,2.4,233,21,6.0,14.7,2.5,234,21,5.7,12.3,2.4,233,21,392,28.16,,0,0,,69.4,66.0,,0.26,0.33,
ROXB,2017-08-21 17:10:00 EDT,42.32964,-74.46746,1880,77.7,77.3,77.7,59.8,62.7,0.000,0.000,0.00,0.000,4.8,8.3,1.5,229,28,5.5,10.4,1.8,230,29,4.8,8.3,1.5,229,28,378,28.16,,0,0,,69.6,66.0,,0.26,0.33,
ROXB,2017-08-21 17:15:00 EDT,42.32964,-74.46746,1880,77.9,77.4,77.9,60.9,63.3,0.000,0.000,0.00,0.000,3.2,6.4,1.4,236,33,3.7,6.9,1.5,231,34,3.2,6.4,1.4,236,33,362,28.16,,0,0,,69.6,66.0,,0.26,0.33,
ROXB,2017-08-21 17:20:00 EDT,42.32964,-74.46746,1880,78.1,77.6,78.1,59.9,63.0,0.000,0.000,0.00,0.000,2.8,7.5,1.3,225,38,3.4,9.0,1.6,229,37,2.8,7.5,1.3,225,38,349,28.17,,0,0,,69.6,66.0,,0.26,0.33,
ROXB,2017-08-21 17:25:00 EDT,42.32964,-74.46746,1880,77.7,77.3,77.7,58.9,62.2,0.000,0.000,0.00,0.000,4.7,8.6,1.7,249,27,5.2,9.6,1.7,250,29,4.7,8.6,1.7,249,27,331,28.17,,0,0,,69.6,66.0,,0.26,0.33,
ROXB,2017-08-21 17:30:00 EDT,42.32964,-74.46746,1880,77.3,77.1,77.3,59.2,62.0,0.000,0.000,0.00,0.000,4.7,8.0,1.3,245,26,5.2,9.6,1.6,246,26,4.7,8.0,1.3,245,26,226,28.17,,0,0,,69.6,66.0,,0.26,0.33,
ROXB,2017-08-21 17:35:00 EDT,42.32964,-74.46746,1880,76.7,76.6,76.7,61.0,62.2,0.000,0.000,0.00,0.000,3.1,5.7,1.3,235,31,3.5,6.1,1.3,237,31,3.1,5.7,1.3,235,31,151,28.16,,0,0,,69.6,66.0,,0.26,0.33,
ROXB,2017-08-21 17:40:00 EDT,42.32964,-74.46746,1880,76.0,76.1,76.0,61.8,62.0,0.000,0.000,0.00,0.000,4.8,14.5,2.6,239,33,5.5,16.0,3.0,238,31,4.8,14.5,2.6,239,33,83,28.16,,0,0,,69.6,66.0,,0.26,0.33,
ROXB,2017-08-21 17:45:00 EDT,42.32964,-74.46746,1880,75.6,75.8,75.6,63.2,62.2,0.000,0.000,0.00,0.000,4.7,9.0,2.0,248,23,5.3,9.9,2.4,250,22,4.7,9.0,2.0,248,23,92,28.16,,0,0,,69.6,66.0,,0.26,0.33,
ROXB,2017-08-21 17:50:00 EDT,42.32964,-74.46746,1880,75.8,75.8,75.8,63.5,62.6,0.000,0.000,0.00,0.000,3.4,9.7,2.0,233,28,3.7,11.0,2.2,235,25,3.4,9.7,2.0,233,28,147,,,0,0,,69.6,66.0,,0.26,0.33,
ROXB,2017-08-21 17:55:00 EDT,42.32964,-74.46746,1880,75.7,75.8,75.7,63.8,62.6,0.000,0.000,0.00,0.000,3.8,9.6,2.2,225,29,4.5,13.8,2.4,226,27,3.8,9.6,2.2,225,29,75,,,0,0,,69.6,66.0,,0.26,0.33,
ROXB,2017-08-21 18:00:00 EDT,42.32964,-74.46746,1880,75.2,75.3,75.2,65.0,62.6,0.000,0.000,0.00,0.000,1.6,4.8,1.1,211,28,2.0,6.1,1.2,210,31,1.6,4.8,1.1,211,28,73,,,0,0,,69.6,66.0,,0.26,0.33,
ROXB,2017-08-21 18:05:00 EDT,42.32964,-74.46746,1880,75.1,75.2,75.1,66.0,63.0,0.000,0.000,0.00,0.000,1.1,3.1,0.9,234,41,1.9,4.9,1.1,226,43,1.1,3.1,0.9,234,41,84,,,0,0,,69.6,66.1,,0.26,0.33,
ROXB,2017-08-21 18:10:00 EDT,42.32964,-74.46746,1880,75.4,75.4,75.4,65.6,63.1,0.000,0.000,0.00,0.000,1.3,3.9,0.9,189,34,1.9,4.6,1.1,187,36,1.3,3.9,0.9,189,34,137,28.15,,0,0,,69.6,66.2,,0.26,0.33,
ROXB,2017-08-21 18:15:00 EDT,42.32964,-74.46746,1880,75.7,75.4,75.7,66.7,63.8,0.000,0.000,0.00,0.000,1.8,4.1,0.9,85,47,2.5,5.4,1.0,77,49,1.8,4.1,0.9,85,47,201,,,0,0,,69.6,66.3,,0.26,0.33,
ROXB,2017-08-21 18:20:00 EDT,42.32964,-74.46746,1880,75.9,75.5,75.9,67.6,64.4,0.000,0.000,0.00,0.000,2.7,3.9,0.6,110,17,3.0,5.0,0.8,108,16,2.7,3.9,0.6,110,17,174,,,0,0,,69.6,66.4,,0.26,0.33,
ROXB,2017-08-21 18:25:00 EDT,42.32964,-74.46746,1880,75.8,75.4,75.8,68.8,64.8,0.000,0.000,0.00,0.000,1.3,3.1,1.0,125,32,1.6,3.7,0.9,130,35,1.3,3.1,1.0,125,32,164,,,0,0,,69.6,66.4,,0.26,0.33,
ROXB,2017-08-21 18:30:00 EDT,42.32964,-74.46746,1880,75.7,75.3,75.7,66.8,63.9,0.000,0.000,0.00,0.000,1.7,3.8,1.4,85,10,2.3,4.6,1.4,78,24,1.7,3.8,1.4,85,10,152,,,0,0,,69.6,66.4,,0.26,0.33,
ROXB,2017-08-21 18:35:00 EDT,42.32964,-74.46746,1880,75.3,75.2,75.3,68.1,64.1,0.000,0.000,0.00,0.000,0.9,2.9,0.9,134,50,1.2,3.3,1.0,152,55,0.9,2.9,0.9,134,50,141,,,0,0,,69.6,66.4,,0.26,0.33,
ROXB,2017-08-21 18:40:00 EDT,42.32964,-74.46746,1880,74.9,75.0,74.9,69.7,64.4,0.000,0.000,0.00,0.000,1.8,3.9,1.4,26,35,2.3,5.6,1.6,23,36,1.8,3.9,1.4,26,35,140,,,0,0,,69.6,66.4,,0.26,0.33,
ROXB,2017-08-21 18:45:00 EDT,42.32964,-74.46746,1880,75.2,75.0,75.2,69.8,64.7,0.000,0.000,0.00,0.000,1.8,2.9,0.7,100,43,2.0,3.5,0.8,97,42,1.8,2.9,0.7,100,43,128,28.15,,0,0,,69.6,66.4,,0.26,0.33,
ROXB,2017-08-21 18:50:00 EDT,42.32964,-74.46746,1880,74.7,75.3,74.7,70.9,64.6,0.000,0.000,0.00,0.000,1.2,2.5,0.9,31,46,1.5,3.8,1.1,24,46,1.2,2.5,0.9,31,46,107,,,0,0,,69.6,66.4,,0.26,0.33,
ROXB,2017-08-21 18:55:00 EDT,42.32964,-74.46746,1880,75.2,75.5,75.2,69.4,64.5,0.000,0.000,0.00,0.000,0.5,2.3,0.6,292,50,1.0,2.9,0.8,260,58,0.5,2.3,0.6,292,50,77,,,0,0,,69.6,66.4,,0.26,0.33,
ROXB,2017-08-21 19:00:00 EDT,42.32964,-74.46746,1880,75.3,75.5,75.3,69.3,64.5,0.000,0.000,0.00,0.000,1.5,4.4,1.1,267,67,1.9,5.8,1.2,283,67,1.5,4.4,1.1,267,67,43,,,0,0,,69.6,66.4,,0.26,0.33,
ROXB,2017-08-21 19:05:00 EDT,42.32964,-74.46746,1880,74.8,75.1,74.8,69.5,64.2,0.000,0.000,0.00,0.000,1.0,2.6,0.6,232,36,1.3,3.6,0.7,238,35,1.0,2.6,0.6,232,36,60,,,0,0,,69.6,66.4,,0.26,0.33,
ROXB,2017-08-21 19:10:00 EDT,42.32964,-74.46746,1880,75.0,75.2,75.0,69.3,64.2,0.000,0.000,0.00,0.000,2.3,3.7,0.9,223,29,2.6,4.6,0.9,224,30,2.3,3.7,0.9,223,29,22,,,0,0,,69.6,66.4,,0.26,0.33,
ROXB,2017-08-21 19:15:00 EDT,42.32964,-74.46746,1880,74.0,74.9,74.0,71.4,64.2,0.000,0.000,0.00,0.000,0.9,2.6,0.8,219,20,1.1,3.4,0.9,219,27,0.9,2.6,0.8,219,20,15,,,0,0,,69.6,66.4,,0.26,0.33,
ROXB,2017-08-21 19:20:00 EDT,42.32964,-74.46746,1880,73.2,74.8,73.2,73.4,64.2,0.000,0.000,0.00,0.000,1.5,5.6,1.6,272,41,2.1,7.9,1.8,267,45,1.5,5.6,1.6,272,41,11,28.15,,0,0,,69.6,66.4,,0.26,0.33,
ROXB,2017-08-21 19:25:00 EDT,42.32964,-74.46746,1880,74.1,75.0,74.1,71.9,64.5,0.000,0.000,0.00,0.000,4.4,9.2,1.5,226,23,4.9,8.9,1.5,224,22,4.4,9.2,1.5,226,23,9,,,0,0,,69.6,66.4,,0.26,0.33,
ROXB,2017-08-21 19:30:00 EDT,42.32964,-74.46746,1880,74.4,75.0,74.4,71.3,64.5,0.000,0.000,0.00,0.000,4.0,8.0,1.3,210,23,4.4,7.7,1.4,210,23,4.0,8.0,1.3,210,23,8,,,0,0,,69.6,66.4,,0.26,0.33,
ROXB,2017-08-21 19:35:00 EDT,42.32964,-74.46746,1880,73.5,74.6,73.5,73.0,64.3,0.000,0.000,0.00,0.000,2.5,5.0,0.9,217,21,2.7,5.6,1.0,216,21,2.5,5.0,0.9,217,21,6,,,0,0,,69.6,66.4,,0.26,0.33,
ROXB,2017-08-21 19:40:00 EDT,42.32964,-74.46746,1880,72.8,75.2,72.8,74.0,64.0,0.000,0.000,0.00,0.000,2.1,5.2,1.1,202,16,2.3,5.0,1.1,201,17,2.1,5.2,1.1,202,16,5,,,0,0,,69.6,66.4,,0.26,0.33,
ROXB,2017-08-21 19:45:00 EDT,42.32964,-74.46746,1880,71.8,74.6,71.8,77.5,64.4,0.000,0.000,0.00,0.000,0.9,2.8,0.7,187,42,1.2,2.9,0.8,186,43,0.9,2.8,0.7,187,42,5,,,0,0,,69.6,66.4,,0.26,0.33,
ROXB,2017-08-21 19:50:00 EDT,42.32964,-74.46746,1880,73.5,74.8,73.5,75.3,65.2,0.000,0.000,0.00,0.000,2.7,4.7,0.9,206,17,2.9,5.7,1.0,205,18,2.7,4.7,0.9,206,17,3,,,0,0,,69.6,66.4,,0.26,0.33,
ROXB,2017-08-21 19:55:00 EDT,42.32964,-74.46746,1880,72.5,74.6,72.5,75.6,64.3,0.000,0.000,0.00,0.000,2.0,3.5,0.9,179,20,2.3,4.7,1.0,177,21,2.0,3.5,0.9,179,20,2,28.15,,0,0,,69.6,66.4,,0.26,0.33,
ROXB,2017-08-21 20:00:00 EDT,42.32964,-74.46746,1880,72.1,74.0,72.1,77.3,64.6,0.000,0.000,0.00,0.000,2.8,5.3,1.1,170,18,3.2,6.7,1.4,170,18,2.8,5.3,1.1,170,18,1,,,0,0,,69.6,66.4,,0.26,0.33,
ROXB,2017-08-21 20:05:00 EDT,42.32964,-74.46746,1880,71.7,73.8,71.7,78.4,64.6,0.000,0.000,0.00,0.000,3.3,5.7,1.3,160,14,3.5,6.3,1.4,158,15,3.3,5.7,1.3,160,14,0,,,0,0,,69.6,66.4,,0.26,0.33,
ROXB,2017-08-21 20:10:00 EDT,42.32964,-74.46746,1880,71.9,74.0,71.9,78.9,65.0,0.000,0.000,0.00,0.000,2.4,3.6,0.7,143,20,2.5,4.6,0.8,140,20,2.4,3.6,0.7,143,20,0,,,0,0,,69.6,66.4,,0.26,0.33,
ROXB,2017-08-21 20:15:00 EDT,42.32964,-74.46746,1880,71.8,73.5,71.8,77.3,64.3,0.000,0.000,0.00,0.000,2.7,4.9,0.9,159,31,2.9,5.9,1.0,157,30,2.7,4.9,0.9,159,31,0,,,0,0,,69.6,66.4,,0.26,0.33,
ROXB,2017-08-21 20:20:00 EDT,42.32964,-74.46746,1880,71.8,73.6,71.8,78.3,64.6,0.000,0.000,0.00,0.000,1.7,3.4,0.9,170,37,2.0,4.4,1.0,172,35,1.7,3.4,0.9,170,37,0,,,0,0,,69.6,66.4,,0.26,0.33,
ROXB,2017-08-21 20:25:00 EDT,42.32964,-74.46746,1880,71.9,73.2,71.9,78.4,64.8,0.000,0.000,0.00,0.000,2.8,5.6,1.2,155,28,3.2,6.5,1.3,154,28,2.8,5.6,1.2,155,28,0,,,0,0,,69.5,66.4,,0.26,0.33,
ROXB,2017-08-21 20:30:00 EDT,42.32964,-74.46746,1880,71.6,72.9,71.6,78.9,64.8,0.000,0.000,0.00,0.000,2.9,5.0,1.3,175,16,3.4,6.5,1.5,174,15,2.9,5.0,1.3,175,16,0,28.15,,0,0,,69.4,66.4,,0.26,0.33,
ROXB,2017-08-21 20:35:00 EDT,42.32964,-74.46746,1880,72.4,73.6,72.4,77.5,65.0,0.000,0.000,0.00,0.000,3.2,5.3,0.9,174,35,3.6,5.4,0.9,172,33,3.2,5.3,0.9,174,35,0,,,0,0,,69.3,66.4,,0.26,0.33,
ROXB,2017-08-21 20:40:00 EDT,42.32964,-74.46746,1880,72.3,73.5,72.3,75.6,64.2,0.000,0.000,0.00,0.000,3.8,5.2,0.7,140,12,3.9,5.6,0.8,137,12,3.8,5.2,0.7,140,12,0,,,0,0,,69.3,66.4,,0.26,0.33,
ROXB,2017-08-21 20:45:00 EDT,42.32964,-74.46746,1880,72.3,73.3,72.3,76.5,64.5,0.000,0.000,0.00,0.000,3.0,4.5,0.7,152,16,3.3,6.9,1.0,151,17,3.0,4.5,0.7,152,16,0,,,0,0,,69.3,66.4,,0.26,0.33,
ROXB,2017-08-21 20:50:00 EDT,42.32964,-74.46746,1880,71.8,73.1,71.8,77.0,64.2,0.000,0.000,0.00,0.000,4.0,5.7,1.0,157,9,4.4,6.5,1.3,156,9,4.0,5.7,1.0,157,9,0,,,0,0,,69.3,66.4,,0.26,0.33,
ROXB,2017-08-21 20:55:00 EDT,42.32964,-74.46746,1880,71.2,72.9,71.2,79.1,64.4,0.000,0.000,0.00,0.000,4.2,6.2,0.8,168,12,4.7,8.3,1.0,168,10,4.2,6.2,0.8,168,12,0,,,0,0,,69.3,66.4,,0.26,0.33,
ROXB,2017-08-21 21:00:00 EDT,42.32964,-74.46746,1880,71.4,72.7,71.4,79.6,64.7,0.000,0.000,0.00,0.000,4.6,6.2,0.9,178,11,5.1,7.2,1.1,177,11,4.6,6.2,0.9,178,11,0,,,0,0,,69.3,66.4,,0.26,0.33,
ROXB,2017-08-21 21:05:00 EDT,42.32964,-74.46746,1880,71.7,72.7,71.7,79.1,64.9,0.000,0.000,0.00,0.000,4.2,6.2,1.1,189,14,4.7,7.5,1.2,187,13,4.2,6.2,1.1,189,14,0,28.15,,0,0,,69.3,66.4,,0.26,0.33,
ROXB,2017-08-21 21:10:00 EDT,42.32964,-74.46746,1880,71.6,72.8,71.6,78.8,64.7,0.000,0.000,0.00,0.000,4.4,6.5,0.9,194,11,5.0,7.6,1.1,193,10,4.4,6.5,0.9,194,11,0,,,0,0,,69.3,66.5,,0.26,0.33,
ROXB,2017-08-21 21:15:00 EDT,42.32964,-74.46746,1880,71.9,73.1,71.9,78.3,64.8,0.000,0.000,0.00,0.000,4.8,6.6,0.8,193,8,5.5,8.1,1.1,192,6,4.8,6.6,0.8,193,8,0,,,0,0,,69.3,66.5,,0.26,0.33,
ROXB,2017-08-21 21:20:00 EDT,42.32964,-74.46746,1880,71.8,73.2,71.8,78.6,64.8,0.000,0.000,0.00,0.000,5.2,7.1,0.8,195,10,5.8,8.5,1.0,194,10,5.2,7.1,0.8,195,10,0,,,0,0,,69.3,66.6,,0.26,0.33,
ROXB,2017-08-21 21:25:00 EDT,42.32964,-74.46746,1880,71.7,73.2,71.7,78.8,64.7,0.000,0.000,0.00,0.000,4.7,7.6,1.1,199,17,5.1,8.7,1.4,197,16,4.7,7.6,1.1,199,17,0,,,0,0,,69.3,66.6,,0.26,0.33,
ROXB,2017-08-21 21:30:00 EDT,42.32964,-74.46746,1880,72.6,73.4,72.6,77.8,65.3,0.000,0.000,0.00,0.000,6.3,10.2,1.6,205,11,6.9,11.1,1.7,203,10,6.3,10.2,1.6,205,11,0,,,0,0,,69.3,66.7,,0.26,0.33,
ROXB,2017-08-21 21:35:00 EDT,42.32964,-74.46746,1880,72.6,73.1,72.6,77.1,65.0,0.000,0.000,0.00,0.000,4.2,6.6,1.0,221,21,4.5,7.8,1.1,222,21,4.2,6.6,1.0,221,21,0,,,0,0,,69.3,66.6,,0.26,0.33,
ROXB,2017-08-21 21:40:00 EDT,42.32964,-74.46746,1880,72.6,73.1,72.6,77.1,65.0,0.000,0.000,0.00,0.000,4.1,7.6,1.5,213,18,4.4,8.0,1.6,213,17,4.1,7.6,1.5,213,18,0,28.15,,0,0,,69.2,66.7,,0.26,0.33,
ROXB,2017-08-21 21:45:00 EDT,42.32964,-74.46746,1880,72.5,72.9,72.5,77.3,65.0,0.000,0.000,0.00,0.000,5.2,11.3,2.0,213,17,5.7,14.8,2.4,213,16,5.2,11.3,2.0,213,17,0,,,0,0,,69.0,66.7,,0.26,0.33,
ROXB,2017-08-21 21:50:00 EDT,42.32964,-74.46746,1880,72.1,72.5,72.1,78.1,64.9,0.000,0.000,0.00,0.000,3.3,7.0,1.2,238,23,3.5,6.9,1.3,239,22,3.3,7.0,1.2,238,23,0,,,0,0,,68.9,66.7,,0.26,0.33,
ROXB,2017-08-21 21:55:00 EDT,42.32964,-74.46746,1880,71.8,72.3,71.8,79.1,65.0,0.000,0.000,0.00,0.000,2.8,6.4,1.1,223,26,3.2,7.5,1.3,224,22,2.8,6.4,1.1,223,26,0,,,0,0,,68.9,66.7,,0.26,0.33,
ROXB,2017-08-21 22:00:00 EDT,42.32964,-74.46746,1880,71.9,72.3,71.9,79.7,65.3,0.000,0.000,0.00,0.000,3.6,7.2,1.3,227,27,3.9,8.7,1.5,226,28,3.6,7.2,1.3,227,27,0,,,0,0,,68.9,66.7,,0.26,0.33,
ROXB,2017-08-21 22:05:00 EDT,42.32964,-74.46746,1880,71.9,72.2,71.9,80.0,65.4,0.000,0.000,0.00,0.000,4.5,12.4,2.7,209,25,5.1,15.5,3.0,206,22,4.5,12.4,2.7,209,25,0,,,0,0,,68.9,66.7,,0.26,0.33,
ROXB,2017-08-21 22:10:00 EDT,42.32964,-74.46746,1880,71.6,72.0,71.6,80.8,65.4,0.000,0.000,0.00,0.000,2.7,5.6,1.0,214,28,3.2,7.0,1.3,212,31,2.7,5.6,1.0,214,28,0,,,0,0,,68.9,66.7,,0.26,0.33,
ROXB,2017-08-21 22:15:00 EDT,42.32964,-74.46746,1880,71.6,71.9,71.6,81.7,65.7,0.000,0.000,0.00,0.000,2.7,6.1,1.4,217,20,2.9,6.5,1.5,216,20,2.7,6.1,1.4,217,20,0,28.15,,0,0,,68.9,66.7,,0.26,0.33,
ROXB,2017-08-21 22:20:00 EDT,42.32964,-74.46746,1880,71.3,71.9,71.3,82.7,65.7,0.000,0.000,0.00,0.000,3.5,6.3,1.3,210,18,3.7,8.0,1.5,208,17,3.5,6.3,1.3,210,18,0,,,0,0,,68.9,66.7,,0.26,0.33,
ROXB,2017-08-21 22:25:00 EDT,42.32964,-74.46746,1880,71.1,71.6,71.1,83.3,65.8,0.000,0.000,0.00,0.000,2.2,5.3,1.1,216,29,2.6,6.7,1.3,213,29,2.2,5.3,1.1,216,29,0,,,0,0,,68.9,66.7,,0.26,0.33,
ROXB,2017-08-21 22:30:00 EDT,42.32964,-74.46746,1880,71.4,71.9,71.4,84.4,66.5,0.000,0.000,0.00,0.000,3.6,5.5,0.9,197,25,4.0,6.5,1.1,196,24,3.6,5.5,0.9,197,25,0,,,0,0,,68.9,66.7,,0.26,0.33,
ROXB,2017-08-21 22:35:00 EDT,42.32964,-74.46746,1880,71.6,72.1,71.6,84.1,66.5,0.000,0.000,0.00,0.000,4.3,8.3,1.4,198,36,4.9,9.6,1.6,199,36,4.3,8.3,1.4,198,36,0,,,0,0,,68.9,66.7,,0.26,0.33,
ROXB,2017-08-21 22:40:00 EDT,42.32964,-74.46746,1880,72.0,72.4,72.0,84.0,66.9,0.000,0.000,0.00,0.000,5.8,9.3,1.6,210,20,6.1,10.3,1.6,208,20,5.8,9.3,1.6,210,20,0,,,0,0,,68.9,66.7,,0.26,0.33,
ROXB,2017-08-21 22:45:00 EDT,42.32964,-74.46746,1880,72.1,72.5,72.1,83.1,66.7,0.000,0.000,0.00,0.000,4.1,9.4,1.5,204,33,4.6,10.3,1.7,201,30,4.1,9.4,1.5,204,33,0,,,0,0,,68.9,66.7,,0.26,0.33,
ROXB,2017-08-21 22:50:00 EDT,42.32964,-74.46746,1880,72.0,72.5,72.0,83.3,66.7,0.000,0.000,0.00,0.000,3.5,8.8,1.8,213,50,4.1,10.0,2.0,219,50,3.5,8.8,1.8,213,50,0,28.15,,0,0,,68.8,66.7,,0.26,0.33,
ROXB,2017-08-21 22:55:00 EDT,42.32964,-74.46746,1880,72.2,72.6,72.2,82.8,66.7,0.000,0.000,0.00,0.000,2.7,6.1,1.3,208,20,3.0,6.6,1.3,206,21,2.7,6.1,1.3,208,20,0,,,0,0,,68.7,66.7,,0.26,0.33,
ROXB,2017-08-21 23:00:00 EDT,42.32964,-74.46746,1880,71.6,72.4,71.6,83.0,66.1,0.000,0.000,0.00,0.000,4.7,9.8,2.3,223,43,5.3,11.9,2.7,220,45,4.7,9.8,2.3,223,43,0,,,0,0,,68.6,66.7,,0.26,0.33,
ROXB,2017-08-21 23:05:00 EDT,42.32964,-74.46746,1880,71.8,72.2,71.8,82.1,66.1,0.000,0.000,0.00,0.000,3.1,6.8,1.5,184,27,3.5,8.6,1.8,183,28,3.1,6.8,1.5,184,27,0,,,0,0,,68.5,66.7,,0.26,0.33,
ROXB,2017-08-21 23:10:00 EDT,42.32964,-74.46746,1880,71.7,72.2,71.7,82.7,66.1,0.000,0.000,0.00,0.000,3.1,5.6,1.1,211,41,3.5,8.6,1.3,207,44,3.1,5.6,1.1,211,41,0,,,0,0,,68.5,66.7,,0.26,0.33,
ROXB,2017-08-21 23:15:00 EDT,42.32964,-74.46746,1880,71.3,72.2,71.3,82.7,65.7,0.000,0.000,0.00,0.000,2.5,6.8,1.5,184,55,2.8,7.8,1.6,186,56,2.5,6.8,1.5,184,55,0,,,0,0,,68.5,66.7,,0.26,0.33,
ROXB,2017-08-21 23:20:00 EDT,42.32964,-74.46746,1880,71.6,72.2,71.6,82.5,66.0,0.000,0.000,0.00,0.000,1.8,4.1,1.1,117,47,2.5,4.7,1.1,100,53,1.8,4.1,1.1,117,47,0,,,0,0,,68.5,66.7,,0.26,0.33,
ROXB,2017-08-21 23:25:00 EDT,42.32964,-74.46746,1880,71.6,71.9,71.6,82.0,65.8,0.000,0.000,0.00,0.000,2.3,5.0,0.9,118,45,2.9,5.9,1.0,115,44,2.3,5.0,0.9,118,45,0,28.14,,0,0,,68.5,66.7,,0.26,0.33,
ROXB,2017-08-21 23:30:00 EDT,42.32964,-74.46746,1880,70.9,71.6,70.9,82.6,65.3,0.000,0.000,0.00,0.000,2.0,4.3,1.2,167,47,2.5,5.6,1.3,162,52,2.0,4.3,1.2,167,47,0,,,0,0,,68.5,66.7,,0.26,0.33,
ROXB,2017-08-21 23:35:00 EDT,42.32964,-74.46746,1880,70.6,71.5,70.6,84.0,65.5,0.000,0.000,0.00,0.000,2.4,5.2,1.1,122,49,2.7,6.3,1.2,117,50,2.4,5.2,1.1,122,49,0,,,0,0,,68.5,66.7,,0.26,0.33,
ROXB,2017-08-21 23:40:00 EDT,42.32964,-74.46746,1880,70.1,71.1,70.1,85.6,65.6,0.000,0.000,0.00,0.000,1.0,2.7,0.9,73,37,1.4,3.4,0.9,68,44,1.0,2.7,0.9,73,37,0,,,0,0,,68.5,66.7,,0.26,0.33,
ROXB,2017-08-21 23:45:00 EDT,42.32964,-74.46746,1880,70.2,70.9,70.2,85.8,65.7,0.000,0.000,0.00,0.000,2.3,4.0,0.7,30,55,2.7,4.6,0.7,26,53,2.3,4.0,0.7,30,55,0,,,0,0,,68.5,66.7,,0.26,0.33,
ROXB,2017-08-21 23:50:00 EDT,42.32964,-74.46746,1880,70.2,70.9,70.2,85.8,65.7,0.000,0.000,0.00,0.000,3.8,8.3,1.5,106,38,4.3,8.4,1.7,100,38,3.8,8.3,1.5,106,38,0,,,0,0,,68.5,66.7,,0.26,0.33,
ROXB,2017-08-21 23:55:00 EDT,42.32964,-74.46746,1880,70.1,70.9,70.1,85.2,65.5,0.000,0.000,0.00,0.000,2.1,6.5,1.4,202,35,2.4,9.9,1.5,204,38,2.1,6.5,1.4,202,35,0,,,0,0,,68.5,66.7,,0.26,0.33,
RUSH,2017-08-21 00:00:00 EDT,43.00099,-77.63739,593,59.8,61.7,59.8,97.5,59.1,0.000,0.000,0.00,0.000,0.9,1.5,0.5,106,6,1.1,1.9,0.6,99,11,0.9,1.5,0.5,106,6,0,29.50,,0,0,0,70.7,70.7,68.5,0.27,0.29,0.26
RUSH,2017-08-21 00:05:00 EDT,43.00099,-77.63739,593,59.8,61.5,59.8,97.6,59.1,0.000,0.000,0.00,0.000,0.1,0.9,0.2,114,0,0.5,1.4,0.5,86,16,0.1,0.9,0.2,114,0,0,29.50,,0,0,0,70.7,70.7,68.5,0.27,0.29,0.27
RUSH,2017-08-21 00:10:00 EDT,43.00099,-77.63739,593,59.7,61.5,59.7,97.6,59.0,0.000,0.000,0.00,0.000,0.0,0.0,0.0,0,0,0.2,0.9,0.3,71,4,0.0,0.0,0.0,0,0,0,29.50,,0,0,0,70.7,70.7,68.5,0.27,0.29,0.27
RUSH,2017-08-21 00:15:00 EDT,43.00099,-77.63739,593,59.5,61.2,59.5,97.6,58.8,0.000,0.000,0.00,0.000,0.0,0.0,0.0,0,0,0.0,0.0,0.0,0,0,0.0,0.0,0.0,0,0,0,29.50,,0,0,0,70.7,70.7,68.5,0.27,0.29,0.27
RUSH,2017-08-21 00:20:00 EDT,43.00099,-77.63739,593,59.4,61.1,59.4,97.6,58.7,0.000,0.000,0.00,0.000,0.4,0.8,0.3,49,0,0.8,1.0,0.2,42,10,0.4,0.8,0.3,49,0,0,29.50,,0,0,0,70.7,70.7,68.5,0.27,0.29,0.26
RUSH,2017-08-21 00:25:00 EDT,43.00099,-77.63739,593,59.3,61.2,59.3,97.7,58.7,0.000,0.000,0.00,0.000,0.1,0.7,0.2,50,0,0.4,0.9,0.4,60,4,0.1,0.7,0.2,50,0,0,29.50,,0,0,0,70.5,70.7,68.5,0.27,0.29,0.26
RUSH,2017-08-21 00:30:00 EDT,43.00099,-77.63739,593,59.1,61.1,59.1,97.6,58.4,0.000,0.000,0.00,0.000,0.3,0.7,0.3,49,1,0.8,1.0,0.2,45,18,0.3,0.7,0.3,49,1,0,29.50,,0,0,0,70.3,70.7,68.5,0.27,0.29,0.27
RUSH,2017-08-21 00:35:00 EDT,43.00099,-77.63739,593,59.1,61.0,59.1,97.6,58.4,0.000,0.000,0.00,0.000,0.7,0.9,0.1,27,14,1.0,1.2,0.1,27,10,0.7,0.9,0.1,27,14,0,29.50,,0,0,0,70.3,70.7,68.5,0.27,0.29,0.27
RUSH,2017-08-21 00:40:00 EDT,43.00099,-77.63739,593,59.2,61.1,59.2,97.7,58.5,0.000,0.000,0.00,0.000,0.3,0.6,0.2,18,81,0.5,1.0,0.4,37,10,0.3,0.6,0.2,18,81,0,29.50,,0,0,0,70.3,70.7,68.5,0.27,0.29,0.27
RUSH,2017-08-21 00:45:00 EDT,43.00099,-77.63739,593,59.2,60.9,59.2,97.8,58.6,0.000,0.000,0.00,0.000,0.0,0.0,0.0,0,0,0.1,0.9,0.2,120,2,0.0,0.0,0.0,0,0,0,29.50,,0,0,0,70.3,70.7,68.5,0.27,0.29,0.26
RUSH,2017-08-21 00:50:00 EDT,43.00099,-77.63739,593,59.1,60.8,59.1,97.7,58.4,0.000,0.000,0.00,0.000,0.4,0.8,0.3,107,0,0.6,1.2,0.5,99,4,0.4,0.8,0.3,107,0,0,29.50,,0,0,0,70.3,70.7,68.5,0.27,0.29,0.26
RUSH,2017-08-21 00:55:00 EDT,43.00099,-77.63739,593,58.9,61.0,58.9,97.7,58.2,0.000,0.000,0.00,0.000,0.2,0.4,0.2,108,2,0.2,0.9,0.3,125,10,0.2,0.4,0.2,108,2,0,29.50,,0,0,0,70.3,70.7,68.5,0.27,0.29,0.27
RUSH,2017-08-21 01:00:00 EDT,43.00099,-77.63739,593,58.7,60.8,58.7,97.6,58.0,0.000,0.000,0.00,0.000,0.0,0.0,0.0,0,0,0.0,0.0,0.0,0,0,0.0,0.0,0.0,0,0,0,29.50,,0,0,0,70.0,70.7,68.5,0.27,0.29,0.27
RUSH,2017-08-21 01:05:00 EDT,43.00099,-77.63739,593,58.6,60.5,58.6,97.8,58.0,0.000,0.000,0.00,0.000,0.0,0.0,0.0,0,0,0.0,0.7,0.2,100,1,0.0,0.0,0.0,0,0,0,29.50,,0,0,0,70.0,70.7,68.5,0.27,0.29,0.26
RUSH,2017-08-21 01:10:00 EDT,43.00099,-77.63739,593,58.7,60.5,58.7,97.8,58.1,0.000,0.000,0.00,0.000,0.2,0.7,0.3,136,5,0.3,1.0,0.4,124,7,0.2,0.7,0.3,136,5,0,29.50,,0,0,0,70.0,70.7,68.5,0.27,0.29,0.26
RUSH,2017-08-21 01:15:00 EDT,43.00099,-77.63739,593,58.5,60.6,58.5,97.7,57.9,0.000,0.000,0.00,0.000,0.8,1.1,0.1,134,9,0.9,1.2,0.2,135,9,0.8,1.1,0.1,134,9,0,29.50,,0,0,0,70.0,70.6,68.5,0.27,0.29,0.27
RUSH,2017-08-21 01:20:00 EDT,43.00099,-77.63739,593,58.5,60.4,58.5,97.7,57.9,0.000,0.000,0.00,0.000,0.5,1.1,0.4,243,25,0.7,1.3,0.5,255,18,0.5,1.1,0.4,243,25,0,29.50,,0,0,0,70.0,70.5,68.5,0.27,0.29,0.27
RUSH,2017-08-21 01:25:00 EDT,43.00099,-77.63739,593,58.3,60.1,58.3,97.7,57.6,0.000,0.000,0.00,0.000,1.0,1.3,0.1,224,10,1.1,1.4,0.1,220,11,1.0,1.3,0.1,224,10,0,29.51,,0,0,0,70.0,70.4,68.5,0.27,0.29,0.27
RUSH,2017-08-21 01:30:00 EDT,43.00099,-77.63739,593,58.2,60.2,58.2,97.8,57.6,0.000,0.000,0.00,0.000,0.9,1.2,0.2,199,2,1.0,1.3,0.2,196,4,0.9,1.2,0.2,199,2,0,29.51,,0,0,0,70.0,70.3,68.5,0.27,0.29,0.27
RUSH,2017-08-21 01:35:00 EDT,43.00099,-77.63739,593,58.1,60.2,58.1,97.9,57.5,0.000,0.000,0.00,0.000,0.3,0.7,0.3,192,7,0.5,1.0,0.4,179,10,0.3,0.7,0.3,192,7,0,29.50,,0,0,0,70.0,70.3,68.5,0.27,0.29,0.26
RUSH,2017-08-21 01:40:00 EDT,43.00099,-77.63739,593,58.3,60.1,58.3,97.9,57.7,0.000,0.000,0.00,0.000,0.3,0.9,0.4,172,1,0.3,1.2,0.4,163,3,0.3,0.9,0.4,172,1,0,29.50,,0,0,0,69.7,70.3,68.5,0.27,0.29,0.27
RUSH,2017-08-21 01:45:00 EDT,43.00099,-77.63739,593,58.2,60.1,58.2,97.9,57.6,0.000,0.000,0.00,0.000,0.0,0.0,0.0,0,0,0.2,0.9,0.4,105,1,0.0,0.0,0.0,0,0,0,29.50,,0,0,0,69.6,70.3,68.5,0.27,0.29,0.27
RUSH,2017-08-21 01:50:00 EDT,43.00099,-77.63739,593,58.1,60.1,58.1,97.9,57.4,0.000,0.000,0.00,0.000,0.2,0.5,0.2,120,4,0.5,1.1,0.4,98,6,0.2,0.5,0.2,120,4,0,29.50,,0,0,0,69.6,70.3,68.5,0.27,0.29,0.26
RUSH,2017-08-21 01:55:00 EDT,43.00099,-77.63739,593,58.0,60.0,58.0,97.9,57.4,0.000,0.000,0.00,0.000,0.5,0.9,0.3,53,0,0.7,1.1,0.4,54,6,0.5,0.9,0.3,53,0,0,29.50,,0,0,0,69.6,70.3,68.5,0.27,0.29,0.26
RUSH,2017-08-21 02:00:00 EDT,43.00099,-77.63739,593,57.8,59.8,57.8,97.9,57.3,0.000,0.000,0.00,0.000,0.0,0.0,0.0,0,0,0.0,0.0,0.0,0,0,0.0,0.0,0.0,0,0,0,29.50,,0,0,0,69.6,70.3,68.5,0.27,0.29,0.27
RUSH,2017-08-21 02:05:00 EDT,43.00099,-77.63739,593,57.9,59.8,57.9,97.9,57.3,0.000,0.000,0.00,0.000,0.0,0.0,0.0,0,0,0.1,0.9,0.3,92,2,0.0,0.0,0.0,0,0,0,29.50,,0,0,0,69.6,70.3,68.5,0.27,0.29,0.26
RUSH,2017-08-21 02:10:00 EDT,43.00099,-77.63739,593,57.7,59.8,57.7,97.9,57.1,0.000,0.000,0.00,0.000,0.0,0.0,0.0,0,0,0.0,0.0,0.0,0,0,0.0,0.0,0.0,0,0,0,29.50,,0,0,0,69.6,70.3,68.5,0.27,0.29,0.26
RUSH,2017-08-21 02:15:00 EDT,43.00099,-77.63739,593,57.7,59.7,57.7,97.9,57.1,0.000,0.000,0.00,0.000,0.0,0.0,0.0,0,0,0.0,0.7,0.2,49,1,0.0,0.0,0.0,0,0,0,29.50,,0,0,0,69.4,70.3,68.5,0.27,0.29,0.26
RUSH,2017-08-21 02:20:00 EDT,43.00099,-77.63739,593,57.9,59.6,57.9,97.9,57.3,0.000,0.000,0.00,0.000,0.0,0.0,0.0,0,0,0.0,0.0,0.0,0,0,0.0,0.0,0.0,0,0,0,29.50,,0,0,0,69.3,70.3,68.5,0.27,0.29,0.26
RUSH,2017-08-21 02:25:00 EDT,43.00099,-77.63739,593,57.5,59.6,57.5,97.9,56.9,0.000,0.000,0.00,0.000,0.1,1.0,0.3,93,5,0.5,1.3,0.5,81,8,0.1,1.0,0.3,93,5,0,29.50,,0,0,0,69.3,70.3,68.5,0.27,0.29,0.27
RUSH,2017-08-21 02:30:00 EDT,43.00099,-77.63739,593,57.5,59.4,57.5,98.0,57.0,0.000,0.000,0.00,0.000,0.6,1.2,0.4,76,6,0.8,1.7,0.6,66,8,0.6,1.2,0.4,76,6,0,29.50,,0,0,0,69.3,70.3,68.5,0.27,0.29,0.27
RUSH,2017-08-21 02:35:00 EDT,43.00099,-77.63739,593,57.9,59.2,57.9,98.1,57.4,0.000,0.000,0.00,0.000,0.0,0.0,0.0,0,0,0.0,0.8,0.1,107,0,0.0,0.0,0.0,0,0,0,29.50,,0,0,0,69.3,70.3,68.5,0.27,0.29,0.27
RUSH,2017-08-21 02:40:00 EDT,43.00099,-77.63739,593,57.8,59.4,57.8,98.0,57.3,0.000,0.000,0.00,0.000,0.8,1.2,0.5,117,2,1.1,1.6,0.4,112,6,0.8,1.2,0.5,117,2,0,29.50,,0,0,0,69.3,70.3,68.5,0.27,0.29,0.27
RUSH,2017-08-21 02:45:00 EDT,43.00099,-77.63739,593,57.9,59.6,57.9,98.0,57.3,0.000,0.000,0.00,0.000,0.2,0.8,0.3,141,8,0.1,1.0,0.3,145,6,0.2,0.8,0.3,141,8,0,29.50,,0,0,0,69.3,70.3,68.5,0.27,0.29,0.26
RUSH,2017-08-21 02:50:00 EDT,43.00099,-77.63739,593,57.8,59.4,57.8,98.1,57.2,0.000,0.000,0.00,0.000,0.4,1.0,0.4,61,0,0.7,1.1,0.4,61,14,0.4,1.0,0.4,61,0,0,29.50,,0,0,0,69.3,70.3,68.5,0.27,0.29,0.27
RUSH,2017-08-21 02:55:00 EDT,43.00099,-77.63739,593,57.8,59.3,57.8,98.1,57.2,0.000,0.000,0.00,0.000,0.1,0.5,0.1,61,0,0.4,1.1,0.4,87,11,0.1,0.5,0.1,61,0,0,29.50,,0,0,0,69.2,70.3,68.5,0.27,0.29,0.27
RUSH,2017-08-21 03:00:00 EDT,43.00099,-77.63739,593,57.7,59.2,57.7,98.0,57.1,0.000,0.000,0.00,0.000,0.1,0.9,0.2,101,1,0.2,1.2,0.4,84,5,0.1,0.9,0.2,101,1,0,29.50,,0,0,0,69.1,70.3,68.5,0.27,0.29,0.27
RUSH,2017-08-21 03:05:00 EDT,43.00099,-77.63739,593,57.5,59.1,57.5,98.0,56.9,0.000,0.000,0.00,0.000,0.0,0.0,0.0,0,0,0.5,1.2,0.5,23,6,0.0,0.0,0.0,0,0,0,29.50,,0,0,0,68.9,70.1,68.5,0.27,0.29,0.27
RUSH,2017-08-21 03:10:00 EDT,43.00099,-77.63739,593,57.5,59.0,57.5,97.9,56.9,0.000,0.000,0.00,0.000,0.6,1.1,0.4,29,6,1.0,1.3,0.2,31,14,0.6,1.1,0.4,29,6,0,29.50,,0,0,0,68.9,70.0,68.5,0.27,0.29,0.27
RUSH,2017-08-21 03:15:00 EDT,43.00099,-77.63739,593,57.5,59.1,57.5,98.1,57.0,0.000,0.000,0.00,0.000,0.0,0.4,0.1,39,0,0.0,0.9,0.2,60,0,0.0,0.4,0.1,39,0,0,29.50,,0,0,0,68.9,70.0,68.5,0.27,0.29,0.27
RUSH,2017-08-21 03:20:00 EDT,43.00099,-77.63739,593,57.4,58.9,57.4,98.0,56.8,0.000,0.000,0.00,0.000,0.0,0.0,0.0,0,0,0.0,0.8,0.1,131,0,0.0,0.0,0.0,0,0,0,29.50,,0,0,0,68.9,70.0,68.5,0.27,0.29,0.27
RUSH,2017-08-21 03:25:00 EDT,43.00099,-77.63739,593,56.9,58.9,56.9,98.0,56.4,0.000,0.000,0.00,0.000,0.4,0.9,0.3,134,6,0.9,1.1,0.1,119,18,0.4,0.9,0.3,134,6,0,29.50,,0,0,0,68.9,70.0,68.5,0.27,0.29,0.27
RUSH,2017-08-21 03:30:00 EDT,43.00099,-77.63739,593,56.8,59.1,56.8,97.8,56.2,0.000,0.000,0.00,0.000,0.7,1.0,0.2,136,13,0.7,1.2,0.4,134,14,0.7,1.0,0.2,136,13,0,29.50,,0,0,0,68.9,70.0,68.5,0.27,0.29,0.27
RUSH,2017-08-21 03:35:00 EDT,43.00099,-77.63739,593,56.6,58.9,56.6,97.9,56.0,0.000,0.000,0.00,0.000,0.0,0.4,0.0,145,0,0.0,0.0,0.0,0,0,0.0,0.4,0.0,145,0,0,29.50,,0,0,0,68.9,70.0,68.5,0.27,0.29,0.26
RUSH,2017-08-21 03:40:00 EDT,43.00099,-77.63739,593,56.8,58.4,56.8,98.1,56.3,0.000,0.000,0.00,0.000,0.1,0.8,0.3,220,1,0.3,1.0,0.4,240,2,0.1,0.8,0.3,220,1,0,29.50,,0,0,0,68.6,70.0,68.5,0.26,0.29,0.27
RUSH,2017-08-21 03:45:00 EDT,43.00099,-77.63739,593,56.9,58.4,56.9,98.2,56.4,0.000,0.000,0.00,0.000,0.0,0.4,0.1,221,0,0.2,0.9,0.4,265,7,0.0,0.4,0.1,221,0,0,29.50,,0,0,0,68.5,70.0,68.5,0.27,0.29,0.26
RUSH,2017-08-21 03:50:00 EDT,43.00099,-77.63739,593,56.5,58.3,56.5,98.1,55.9,0.000,0.000,0.00,0.000,0.0,0.0,0.0,0,0,0.0,0.0,0.0,0,0,0.0,0.0,0.0,0,0,0,29.50,,0,0,0,68.5,70.0,68.5,0.26,0.29,0.27
RUSH,2017-08-21 03:55:00 EDT,43.00099,-77.63739,593,56.6,58.4,56.6,98.1,56.1,0.000,0.000,0.00,0.000,0.0,0.0,0.0,0,0,0.0,0.0,0.0,0,0,0.0,0.0,0.0,0,0,0,29.50,,0,0,0,68.5,70.0,68.5,0.27,0.29,0.26
RUSH,2017-08-21 04:00:00 EDT,43.00099,-77.63739,593,56.4,58.4,56.4,98.1,55.9,0.000,0.000,0.00,0.000,0.0,0.0,0.0,0,0,0.0,0.0,0.0,0,0,0.0,0.0,0.0,0,0,0,29.50,,0,0,0,68.5,70.0,68.5,0.27,0.29,0.26
RUSH,2017-08-21 04:05:00 EDT,43.00099,-77.63739,593,56.5,58.3,56.5,98.2,56.0,0.000,0.000,0.00,0.000,0.0,0.0,0.0,0,0,0.2,0.8,0.3,97,2,0.0,0.0,0.0,0,0,0,29.50,,0,0,0,68.5,70.0,68.5,0.27,0.29,0.27
RUSH,2017-08-21 04:10:00 EDT,43.00099,-77.63739,593,56.7,58.4,56.7,98.2,56.2,0.000,0.000,0.00,0.000,0.0,0.0,0.0,0,0,0.7,1.4,0.4,101,6,0.0,0.0,0.0,0,0,0,29.50,,0,0,0,68.5,70.0,68.5,0.27,0.29,0.26
RUSH,2017-08-21 04:15:00 EDT,43.00099,-77.63739,593,56.8,58.4,56.8,98.2,56.3,0.000,0.000,0.00,0.000,0.1,1.3,0.4,122,1,0.7,1.4,0.5,111,9,0.1,1.3,0.4,122,1,0,29.50,,0,0,0,68.5,70.0,68.5,0.27,0.29,0.26
RUSH,2017-08-21 04:20:00 EDT,43.00099,-77.63739,593,56.5,58.5,56.5,98.2,56.0,0.000,0.000,0.00,0.000,0.3,1.1,0.3,119,5,0.8,1.3,0.4,100,7,0.3,1.1,0.3,119,5,0,29.50,,0,0,0,68.5,70.0,68.5,0.27,0.29,0.27
RUSH,2017-08-21 04:25:00 EDT,43.00099,-77.63739,593,56.4,58.4,56.4,98.1,55.9,0.000,0.000,0.00,0.000,0.0,0.0,0.0,0,0,0.0,0.0,0.0,0,0,0.0,0.0,0.0,0,0,0,29.49,,0,0,0,68.5,70.0,68.5,0.27,0.29,0.27
RUSH,2017-08-21 04:30:00 EDT,43.00099,-77.63739,593,56.4,58.2,56.4,98.1,55.9,0.000,0.000,0.00,0.000,0.0,0.8,0.1,97,81,0.2,1.4,0.4,99,2,0.0,0.8,0.1,97,81,0,29.49,,0,0,0,68.3,70.0,68.5,0.27,0.29,0.27
RUSH,2017-08-21 04:35:00 EDT,43.00099,-77.63739,593,56.5,58.3,56.5,98.2,56.0,0.000,0.000,0.00,0.000,0.9,1.4,0.2,119,10,1.1,1.5,0.2,115,9,0.9,1.4,0.2,119,10,0,29.49,,0,0,0,68.2,70.0,68.5,0.27,0.29,0.26
RUSH,2017-08-21 04:40:00 EDT,43.00099,-77.63739,593,56.6,58.3,56.6,98.2,56.1,0.000,0.000,0.00,0.000,0.5,1.4,0.5,129,16,0.7,1.8,0.6,122,15,0.5,1.4,0.5,129,16,0,29.49,,0,0,0,68.2,70.0,68.5,0.27,0.29,0.27
RUSH,2017-08-21 04:45:00 EDT,43.00099,-77.63739,593,56.8,57.8,56.8,98.2,56.3,0.000,0.000,0.00,0.000,0.4,1.1,0.4,130,4,0.4,1.3,0.5,124,5,0.4,1.1,0.4,130,4,0,29.49,,0,0,0,68.2,70.0,68.5,0.27,0.29,0.27
RUSH,2017-08-21 04:50:00 EDT,43.00099,-77.63739,593,56.7,57.8,56.7,98.2,56.2,0.000,0.000,0.00,0.000,0.1,0.8,0.2,127,0,0.1,1.0,0.3,122,1,0.1,0.8,0.2,127,0,0,29.49,,0,0,0,68.2,69.9,68.5,0.27,0.29,0.27
RUSH,2017-08-21 04:55:00 EDT,43.00099,-77.63739,593,56.5,57.7,56.5,98.2,56.0,0.000,0.000,0.00,0.000,0.0,0.0,0.0,0,0,0.0,0.0,0.0,0,0,0.0,0.0,0.0,0,0,0,29.49,,0,0,0,68.2,69.7,68.5,0.27,0.29,0.27
RUSH,2017-08-21 05:00:00 EDT,43.00099,-77.63739,593,56.5,57.7,56.5,98.2,56.0,0.000,0.000,0.00,0.000,0.0,0.0,0.0,0,0,0.0,0.0,0.0,0,0,0.0,0.0,0.0,0,0,0,29.49,,0,0,0,68.2,69.6,68.5,0.27,0.29,0.27
RUSH,2017-08-21 05:05:00 EDT,43.00099,-77.63739,593,56.7,57.8,56.7,98.3,56.2,0.000,0.000,0.00,0.000,0.4,1.1,0.4,254,0,0.7,1.3,0.5,264,5,0.4,1.1,0.4,254,0,0,29.50,,0,0,0,68.1,69.6,68.5,0.27,0.29,0.27
RUSH,2017-08-21 05:10:00 EDT,43.00099,-77.63739,593,56.4,57.5,56.4,98.2,55.9,0.000,0.000,0.00,0.000,0.4,0.7,0.3,254,81,0.6,1.0,0.4,265,5,0.4,0.7,0.3,254,81,0,29.50,,0,0,0,67.9,69.6,68.5,0.27,0.29,0.27
RUSH,2017-08-21 05:15:00 EDT,43.00099,-77.63739,593,56.1,57.5,56.1,98.2,55.6,0.000,0.000,0.00,0.000,0.0,0.0,0.0,0,0,0.0,0.0,0.0,0,0,0.0,0.0,0.0,0,0,0,29.50,,0,0,0,67.8,69.6,68.5,0.27,0.29,0.27
RUSH,2017-08-21 05:20:00 EDT,43.00099,-77.63739,593,56.1,57.6,56.1,98.3,55.6,0.000,0.000,0.00,0.000,0.0,0.0,0.0,0,0,0.0,3.6,0.4,1,0,0.0,0.0,0.0,0,0,0,29.50,,0,0,0,67.8,69.6,68.5,0.27,0.29,0.26
RUSH,2017-08-21 05:25:00 EDT,43.00099,-77.63739,593,56.2,57.7,56.2,98.3,55.7,0.000,0.000,0.00,0.000,0.0,0.0,0.0,0,0,0.0,0.0,0.0,0,0,0.0,0.0,0.0,0,0,0,29.50,,0,0,0,67.8,69.6,68.5,0.27,0.29,0.27
RUSH,2017-08-21 05:30:00 EDT,43.00099,-77.63739,593,56.2,57.6,56.2,98.3,55.7,0.000,0.000,0.00,0.000,0.0,0.0,0.0,0,0,0.0,0.0,0.0,0,0,0.0,0.0,0.0,0,0,0,29.50,,0,0,0,67.8,69.6,68.5,0.27,0.29,0.27
RUSH,2017-08-21 05:35:00 EDT,43.00099,-77.63739,593,56.6,57.8,56.6,98.3,56.1,0.000,0.000,0.00,0.000,0.6,1.3,0.4,229,9,1.0,1.5,0.3,237,19,0.6,1.3,0.4,229,9,0,29.50,,0,0,0,67.8,69.6,68.5,0.27,0.29,0.27
RUSH,2017-08-21 05:40:00 EDT,43.00099,-77.63739,593,56.3,57.6,56.3,98.3,55.8,0.000,0.000,0.00,0.000,0.4,0.7,0.3,238,81,0.5,1.0,0.4,257,4,0.4,0.7,0.3,238,81,0,29.50,,0,0,0,67.8,69.6,68.5,0.27,0.29,0.27
RUSH,2017-08-21 05:45:00 EDT,43.00099,-77.63739,593,56.0,57.4,56.0,98.2,55.5,0.000,0.000,0.00,0.000,0.0,0.0,0.0,0,0,0.0,0.0,0.0,0,0,0.0,0.0,0.0,0,0,0,29.50,,0,0,0,67.8,69.6,68.5,0.27,0.29,0.26
RUSH,2017-08-21 05:50:00 EDT,43.00099,-77.63739,593,56.3,57.4,56.3,98.3,55.8,0.000,0.000,0.00,0.000,0.0,0.0,0.0,0,0,0.0,0.0,0.0,0,0,0.0,0.0,0.0,0,0,0,29.50,,0,0,0,67.8,69.6,68.5,0.27,0.29,0.27
RUSH,2017-08-21 05:55:00 EDT,43.00099,-77.63739,593,56.5,57.6,56.5,98.4,56.1,0.000,0.000,0.00,0.000,0.0,0.0,0.0,0,0,0.1,0.8,0.3,194,1,0.0,0.0,0.0,0,0,0,29.50,,0,0,0,67.8,69.6,68.5,0.27,0.29,0.27
RUSH,2017-08-21 06:00:00 EDT,43.00099,-77.63739,593,56.6,57.9,56.6,98.3,56.1,0.000,0.000,0.00,0.000,0.6,1.2,0.4,217,9,0.8,1.4,0.4,223,8,0.6,1.2,0.4,217,9,0,29.50,,0,0,0,67.6,69.6,68.5,0.27,0.29,0.27
RUSH,2017-08-21 06:05:00 EDT,43.00099,-77.63739,593,56.3,57.8,56.3,98.3,55.8,0.000,0.000,0.00,0.000,0.6,0.8,0.2,222,0,0.6,1.0,0.4,220,4,0.6,0.8,0.2,222,0,0,29.50,,0,0,0,67.5,69.6,68.5,0.27,0.29,0.27
RUSH,2017-08-21 06:10:00 EDT,43.00099,-77.63739,593,56.3,57.7,56.3,98.3,55.8,0.000,0.000,0.00,0.000,0.2,0.5,0.2,222,0,0.3,0.8,0.4,209,6,0.2,0.5,0.2,222,0,0,29.50,,0,0,0,67.5,69.6,68.5,0.27,0.29,0.27
RUSH,2017-08-21 06:15:00 EDT,43.00099,-77.63739,593,56.3,57.7,56.3,98.3,55.8,0.000,0.000,0.00,0.000,0.0,0.3,0.0,222,0,0.3,0.9,0.4,62,5,0.0,0.3,0.0,222,0,1,29.50,,0,0,0,67.5,69.6,68.5,0.27,0.29,0.27
RUSH,2017-08-21 06:20:00 EDT,43.00099,-77.63739,593,56.5,58.1,56.5,98.4,56.0,0.000,0.000,0.00,0.000,0.3,0.6,0.2,222,0,0.8,1.3,0.4,63,7,0.3,0.6,0.2,222,0,1,29.50,,0,0,0,67.5,69.6,68.5,0.27,0.29,0.27
RUSH,2017-08-21 06:25:00 EDT,43.00099,-77.63739,593,56.7,58.3,56.7,98.4,56.2,0.000,0.000,0.00,0.000,0.8,1.1,0.2,82,39,1.3,1.6,0.1,67,4,0.8,1.1,0.2,82,39,2,29.49,,0,0,0,67.5,69.4,68.5,0.27,0.29,0.27
RUSH,2017-08-21 06:30:00 EDT,43.00099,-77.63739,593,56.9,58.2,56.9,98.4,56.4,0.000,0.000,0.00,0.000,0.9,2.0,0.6,96,11,1.3,2.6,0.7,94,10,0.9,2.0,0.6,96,11,4,29.49,,0,0,0,67.5,69.3,68.5,0.27,0.29,0.27
RUSH,2017-08-21 06:35:00 EDT,43.00099,-77.63739,593,57.0,58.4,57.0,98.4,56.6,0.000,0.000,0.00,0.000,1.4,2.3,0.4,91,9,1.7,2.7,0.4,87,10,1.4,2.3,0.4,91,9,7,29.49,,0,0,0,67.5,69.3,68.5,0.27,0.29,0.27
RUSH,2017-08-21 06:40:00 EDT,43.00099,-77.63739,593,57.1,58.6,57.1,98.4,56.7,0.000,0.000,0.00,0.000,0.2,0.8,0.3,77,0,0.4,1.2,0.4,59,7,0.2,0.8,0.3,77,0,11,29.49,,0,0,0,67.5,69.3,68.5,0.27,0.29,0.27
RUSH,2017-08-21 06:45:00 EDT,43.00099,-77.63739,593,57.3,58.5,57.3,98.4,56.8,0.000,0.000,0.00,0.000,0.6,1.2,0.4,57,17,1.0,1.5,0.3,63,25,0.6,1.2,0.4,57,17,17,29.49,,0,0,0,67.4,69.3,68.5,0.27,0.29,0.26
RUSH,2017-08-21 06:50:00 EDT,43.00099,-77.63739,593,57.2,58.3,57.2,98.4,56.7,0.000,0.000,0.00,0.000,0.3,1.1,0.4,273,14,0.4,1.4,0.5,280,15,0.3,1.1,0.4,273,14,22,29.49,,0,0,0,67.2,69.3,68.5,0.27,0.29,0.27
RUSH,2017-08-21 06:55:00 EDT,43.00099,-77.63739,593,57.2,58.1,57.2,98.4,56.7,0.000,0.000,0.00,0.000,0.2,1.4,0.4,258,6,0.4,1.7,0.6,259,12,0.2,1.4,0.4,258,6,25,29.50,,0,0,0,67.1,69.3,68.5,0.27,0.29,0.26
RUSH,2017-08-21 07:00:00 EDT,43.00099,-77.63739,593,57.4,58.2,57.4,98.4,57.0,0.000,0.000,0.00,0.000,0.0,0.0,0.0,0,0,0.0,0.0,0.0,0,0,0.0,0.0,0.0,0,0,26,29.50,,0,0,0,67.1,69.3,68.5,0.27,0.29,0.27
RUSH,2017-08-21 07:05:00 EDT,43.00099,-77.63739,593,57.7,58.4,57.7,98.4,57.2,0.000,0.000,0.00,0.000,0.0,0.0,0.0,0,0,0.0,0.0,0.0,0,0,0.0,0.0,0.0,0,0,28,29.50,,0,0,0,67.1,69.3,68.5,0.27,0.29,0.26
RUSH,2017-08-21 07:10:00 EDT,43.00099,-77.63739,593,57.9,58.6,57.9,98.5,57.5,0.000,0.000,0.00,0.000,0.3,0.9,0.3,126,0,0.5,1.0,0.4,118,9,0.3,0.9,0.3,126,0,32,29.50,,0,0,0,67.1,69.3,68.5,0.27,0.29,0.26
RUSH,2017-08-21 07:15:00 EDT,43.00099,-77.63739,593,58.1,59.1,58.1,98.4,57.7,0.000,0.000,0.00,0.000,0.0,0.0,0.0,0,0,0.1,0.8,0.3,205,2,0.0,0.0,0.0,0,0,30,29.50,,0,0,0,67.1,69.3,68.5,0.27,0.29,0.27
RUSH,2017-08-21 07:20:00 EDT,43.00099,-77.63739,593,58.1,59.2,58.1,98.4,57.7,0.000,0.000,0.00,0.000,0.7,1.5,0.5,231,0,1.0,1.6,0.2,236,6,0.7,1.5,0.5,231,0,31,29.50,,0,0,0,67.1,69.3,68.5,0.27,0.29,0.26
RUSH,2017-08-21 07:25:00 EDT,43.00099,-77.63739,593,58.1,59.3,58.1,98.4,57.6,0.000,0.000,0.00,0.000,0.2,0.7,0.2,231,0,0.2,0.9,0.3,241,3,0.2,0.7,0.2,231,0,49,29.50,,0,0,0,67.1,69.3,68.5,0.26,0.29,0.26
RUSH,2017-08-21 07:30:00 EDT,43.00099,-77.63739,593,58.5,60.3,58.5,98.5,58.0,0.000,0.000,0.00,0.000,0.0,0.1,0.0,204,0,0.1,0.8,0.3,204,5,0.0,0.1,0.0,204,0,61,29.50,,0,0,0,67.1,69.3,68.5,0.26,0.29,0.27
RUSH,2017-08-21 07:35:00 EDT,43.00099,-77.63739,593,58.6,60.1,58.6,98.4,58.1,0.000,0.000,0.00,0.000,0.0,0.0,0.0,0,0,0.1,1.0,0.3,103,3,0.0,0.0,0.0,0,0,57,29.50,,0,0,0,67.1,69.3,68.5,0.27,0.29,0.26
RUSH,2017-08-21 07:40:00 EDT,43.00099,-77.63739,593,58.8,61.5,58.8,98.3,58.4,0.000,0.000,0.00,0.000,0.0,0.0,0.0,0,0,0.1,0.9,0.2,100,2,0.0,0.0,0.0,0,0,107,29.50,,0,0,0,67.1,69.3,68.5,0.26,0.29,0.27
RUSH,2017-08-21 07:45:00 EDT,43.00099,-77.63739,593,59.3,62.3,59.3,98.3,58.8,0.000,0.000,0.00,0.000,0.0,0.0,0.0,0,0,0.2,1.2,0.4,12,12,0.0,0.0,0.0,0,0,107,29.50,,0,0,0,67.1,69.3,68.5,0.27,0.29,0.27
RUSH,2017-08-21 07:50:00 EDT,43.00099,-77.63739,593,60.0,63.6,60.0,98.1,59.4,0.000,0.000,0.00,0.000,0.8,1.2,0.3,79,11,1.2,1.7,0.3,73,10,0.8,1.2,0.3,79,11,187,29.49,,0,0,0,67.1,69.3,68.5,0.27,0.29,0.27
RUSH,2017-08-21 07:55:00 EDT,43.00099,-77.63739,593,60.7,65.5,60.7,98.2,60.2,0.000,0.000,0.00,0.000,0.1,0.5,0.1,104,1,0.1,1.0,0.3,98,6,0.1,0.5,0.1,104,1,206,29.49,,0,0,0,67.1,69.3,68.5,0.26,0.29,0.26
RUSH,2017-08-21 08:00:00 EDT,43.00099,-77.63739,593,61.5,66.0,61.5,97.9,60.9,0.000,0.000,0.00,0.000,0.3,1.2,0.4,84,1,0.5,1.7,0.6,76,7,0.3,1.2,0.4,84,1,201,29.49,,0,0,0,67.1,69.2,68.5,0.26,0.29,0.27
RUSH,2017-08-21 08:05:00 EDT,43.00099,-77.63739,593,62.0,65.4,62.0,97.7,61.3,0.000,0.000,0.00,0.000,0.3,0.8,0.3,193,5,0.3,1.2,0.4,194,9,0.3,0.8,0.3,193,5,149,29.49,,0,0,0,67.1,69.0,68.5,0.27,0.29,0.27
RUSH,2017-08-21 08:10:00 EDT,43.00099,-77.63739,593,62.8,66.6,62.8,97.4,62.0,0.000,0.000,0.00,0.000,0.0,0.4,0.1,221,2,0.1,1.2,0.2,251,3,0.0,0.4,0.1,221,2,196,29.49,,0,0,0,67.0,68.9,68.5,0.27,0.29,0.27
RUSH,2017-08-21 08:15:00 EDT,43.00099,-77.63739,593,63.2,66.2,63.2,96.5,62.1,0.000,0.000,0.00,0.000,0.7,1.5,0.3,222,7,0.9,1.6,0.4,224,11,0.7,1.5,0.3,222,7,169,29.49,,0,0,0,67.0,68.9,68.5,0.27,0.29,0.27
RUSH,2017-08-21 08:20:00 EDT,43.00099,-77.63739,593,63.5,66.3,63.5,95.9,62.3,0.000,0.000,0.00,0.000,0.9,1.5,0.4,232,15,1.1,1.6,0.4,242,18,0.9,1.5,0.4,232,15,174,29.49,,0,0,0,66.9,68.9,68.5,0.27,0.29,0.26
RUSH,2017-08-21 08:25:00 EDT,43.00099,-77.63739,593,63.8,67.1,63.8,96.0,62.6,0.000,0.000,0.00,0.000,0.2,1.0,0.3,245,15,0.4,1.3,0.5,264,20,0.2,1.0,0.3,245,15,192,29.49,,0,0,0,66.9,68.9,68.5,0.27,0.29,0.27
RUSH,2017-08-21 08:30:00 EDT,43.00099,-77.63739,593,64.3,68.1,64.3,94.7,62.7,0.000,0.000,0.00,0.000,0.1,0.9,0.2,299,14,0.3,1.2,0.4,331,12,0.1,0.9,0.2,299,14,215,29.49,,0,0,0,66.9,68.9,68.5,0.27,0.29,0.26
RUSH,2017-08-21 08:35:00 EDT,43.00099,-77.63739,593,64.6,68.1,64.6,92.4,62.4,0.000,0.000,0.00,0.000,0.0,0.0,0.0,0,0,0.1,1.1,0.3,346,8,0.0,0.0,0.0,0,0,146,29.49,,0,0,0,66.9,68.9,68.5,0.26,0.29,0.26
RUSH,2017-08-21 08:40:00 EDT,43.00099,-77.63739,593,64.7,66.8,64.7,90.6,61.9,0.000,0.000,0.00,0.000,0.4,1.1,0.4,284,11,0.6,1.3,0.5,286,12,0.4,1.1,0.4,284,11,131,29.50,,0,0,0,66.9,68.9,68.5,0.26,0.29,0.27
RUSH,2017-08-21 08:45:00 EDT,43.00099,-77.63739,593,65.3,68.6,65.3,90.6,62.5,0.000,0.000,0.00,0.000,0.5,1.2,0.4,251,10,0.6,1.4,0.5,263,10,0.5,1.2,0.4,251,10,204,29.50,,0,0,0,67.0,68.9,68.5,0.27,0.29,0.26
RUSH,2017-08-21 08:50:00 EDT,43.00099,-77.63739,593,65.8,67.7,65.8,89.8,62.7,0.000,0.000,0.00,0.000,0.0,0.0,0.0,0,0,0.0,0.8,0.1,288,0,0.0,0.0,0.0,0,0,146,29.50,,0,0,0,67.0,68.9,68.5,0.27,0.29,0.26
RUSH,2017-08-21 08:55:00 EDT,43.00099,-77.63739,593,66.2,68.6,66.2,90.0,63.2,0.000,0.000,0.00,0.000,0.0,0.8,0.1,203,0,0.1,1.0,0.3,194,14,0.0,0.8,0.1,203,0,197,29.50,,0,0,0,67.1,68.9,68.5,0.27,0.29,0.27
RUSH,2017-08-21 09:00:00 EDT,43.00099,-77.63739,593,66.7,68.8,66.7,88.6,63.2,0.000,0.000,0.00,0.000,0.1,0.7,0.2,210,6,0.2,1.1,0.4,226,18,0.1,0.7,0.2,210,6,155,29.50,,0,0,0,67.1,68.9,68.5,0.27,0.29,0.27
RUSH,2017-08-21 09:05:00 EDT,43.00099,-77.63739,593,66.6,67.9,66.6,86.7,62.5,0.000,0.000,0.00,0.000,1.2,3.0,0.9,217,10,1.3,2.8,0.8,220,13,1.2,3.0,0.9,217,10,136,29.50,,0,0,0,67.1,68.9,68.5,0.27,0.29,0.27
RUSH,2017-08-21 09:10:00 EDT,43.00099,-77.63739,593,66.6,67.8,66.6,87.7,62.9,0.000,0.000,0.00,0.000,2.1,2.6,0.3,225,6,2.0,2.7,0.4,230,8,2.1,2.6,0.3,225,6,126,29.50,,0,0,0,67.1,68.9,68.5,0.27,0.29,0.26
RUSH,2017-08-21 09:15:00 EDT,43.00099,-77.63739,593,66.6,67.8,66.6,88.2,63.0,0.000,0.000,0.00,0.000,1.3,2.7,0.7,230,12,1.4,2.8,0.5,236,13,1.3,2.7,0.7,230,12,93,29.50,,0,0,0,67.1,68.9,68.5,0.27,0.29,0.27
RUSH,2017-08-21 09:20:00 EDT,43.00099,-77.63739,593,66.7,68.4,66.7,88.4,63.1,0.000,0.000,0.00,0.000,0.5,1.5,0.5,242,14,0.6,1.6,0.6,253,16,0.5,1.5,0.5,242,14,153,29.50,,0,0,0,67.1,68.9,68.5,0.27,0.29,0.26
RUSH,2017-08-21 09:25:00 EDT,43.00099,-77.63739,593,67.3,71.2,67.3,88.3,63.8,0.000,0.000,0.00,0.000,0.0,0.4,0.1,174,1,0.0,1.0,0.2,148,11,0.0,0.4,0.1,174,1,250,29.50,,0,0,0,67.1,68.9,68.5,0.27,0.29,0.26
RUSH,2017-08-21 09:30:00 EDT,43.00099,-77.63739,593,68.3,72.1,68.3,86.1,64.0,0.000,0.000,0.00,0.000,0.5,1.2,0.4,53,21,0.9,1.5,0.4,58,21,0.5,1.2,0.4,53,21,342,29.50,,0,0,0,67.1,68.9,68.5,0.27,0.29,0.26
RUSH,2017-08-21 09:35:00 EDT,43.00099,-77.63739,593,68.9,73.8,68.9,83.7,63.7,0.000,0.000,0.00,0.000,0.2,1.1,0.3,47,14,0.5,1.4,0.5,34,19,0.2,1.1,0.3,47,14,419,29.50,,0,0,0,67.1,68.8,68.5,0.27,0.29,0.27
RUSH,2017-08-21 09:40:00 EDT,43.00099,-77.63739,593,70.2,75.4,70.2,82.6,64.7,0.000,0.000,0.00,0.000,0.6,2.0,0.6,308,44,0.9,2.7,0.7,314,43,0.6,2.0,0.6,308,44,462,29.50,,0,0,0,67.1,68.7,68.5,0.27,0.29,0.26
RUSH,2017-08-21 09:45:00 EDT,43.00099,-77.63739,593,72.2,75.5,72.2,78.6,65.2,0.000,0.000,0.00,0.000,3.5,6.6,1.2,202,21,3.7,8.5,1.3,206,21,3.5,6.6,1.2,202,21,474,29.50,,0,0,0,67.1,68.6,68.5,0.27,0.29,0.26
RUSH,2017-08-21 09:50:00 EDT,43.00099,-77.63739,593,73.4,76.0,73.4,72.7,64.1,0.000,0.000,0.00,0.000,4.8,8.5,1.4,196,13,4.9,9.0,1.4,198,12,4.8,8.5,1.4,196,13,500,29.50,,0,0,0,67.1,68.6,68.5,0.27,0.29,0.26
RUSH,2017-08-21 09:55:00 EDT,43.00099,-77.63739,593,74.2,76.4,74.2,69.0,63.3,0.000,0.000,0.00,0.000,4.4,7.7,1.4,201,14,4.5,7.9,1.4,202,15,4.4,7.7,1.4,201,14,423,29.49,,0,0,0,67.1,68.5,68.4,0.27,0.29,0.26
RUSH,2017-08-21 10:00:00 EDT,43.00099,-77.63739,593,74.0,76.0,74.0,68.1,62.8,0.000,0.000,0.00,0.000,5.8,9.6,1.3,195,16,5.8,10.5,1.6,197,13,5.8,9.6,1.3,195,16,371,29.49,,0,0,0,67.1,68.5,68.3,0.27,0.29,0.26
RUSH,2017-08-21 10:05:00 EDT,43.00099,-77.63739,593,74.7,77.1,74.7,68.3,63.5,0.000,0.000,0.00,0.000,5.8,8.5,1.6,197,14,5.7,8.8,1.7,200,12,5.8,8.5,1.6,197,14,521,29.49,,0,0,0,67.4,68.5,68.3,0.27,0.29,0.27
RUSH,2017-08-21 10:10:00 EDT,43.00099,-77.63739,593,75.1,77.2,75.1,66.7,63.3,0.000,0.000,0.00,0.000,6.8,10.4,1.3,219,15,6.7,9.9,1.3,221,17,6.8,10.4,1.3,219,15,510,29.49,,0,0,0,67.5,68.5,68.2,0.27,0.29,0.26
RUSH,2017-08-21 10:15:00 EDT,43.00099,-77.63739,593,75.1,76.9,75.1,65.5,62.7,0.000,0.000,0.00,0.000,6.9,12.5,1.8,218,14,6.9,12.9,1.8,221,15,6.9,12.5,1.8,218,14,486,29.49,,0,0,0,67.5,68.5,68.2,0.27,0.29,0.27
RUSH,2017-08-21 10:20:00 EDT,43.00099,-77.63739,593,75.3,77.1,75.3,65.9,63.1,0.000,0.000,0.00,0.000,7.2,10.2,1.9,234,14,7.5,10.2,1.7,239,13,7.2,10.2,1.9,234,14,551,29.49,,0,0,0,67.5,68.5,68.2,0.27,0.29,0.26
RUSH,2017-08-21 10:25:00 EDT,43.00099,-77.63739,593,75.4,77.0,75.4,65.6,63.1,0.000,0.000,0.00,0.000,7.6,13.3,2.4,219,18,7.6,14.6,2.5,223,19,7.6,13.3,2.4,219,18,562,29.49,,0,0,0,67.5,68.5,68.2,0.27,0.29,0.26
RUSH,2017-08-21 10:30:00 EDT,43.00099,-77.63739,593,75.4,76.7,75.4,65.5,63.1,0.000,0.000,0.00,0.000,6.3,10.0,1.6,216,16,6.3,11.3,1.6,217,17,6.3,10.0,1.6,216,16,491,29.49,,0,0,0,67.6,68.5,68.2,0.27,0.29,0.26
RUSH,2017-08-21 10:35:00 EDT,43.00099,-77.63739,593,75.4,76.7,75.4,66.7,63.5,0.000,0.000,0.00,0.000,5.9,9.8,1.8,211,18,5.9,9.6,1.9,215,19,5.9,9.8,1.8,211,18,448,29.49,,0,0,0,67.8,68.5,68.2,0.27,0.29,0.26
RUSH,2017-08-21 10:40:00 EDT,43.00099,-77.63739,593,75.8,77.0,75.8,66.5,63.8,0.000,0.000,0.00,0.000,6.5,10.3,1.7,218,14,6.6,10.8,1.8,221,11,6.5,10.3,1.7,218,14,587,29.49,,0,0,0,67.8,68.5,68.2,0.27,0.29,0.26
RUSH,2017-08-21 10:45:00 EDT,43.00099,-77.63739,593,75.9,76.7,75.9,65.3,63.4,0.000,0.000,0.00,0.000,7.9,11.3,1.6,214,14,7.8,11.3,1.7,217,13,7.9,11.3,1.6,214,14,602,29.48,,0,0,0,67.8,68.5,68.2,0.27,0.29,0.26
RUSH,2017-08-21 10:50:00 EDT,43.00099,-77.63739,593,76.0,76.7,76.0,66.2,63.9,0.000,0.000,0.00,0.000,6.4,12.3,1.9,222,13,6.3,12.9,1.9,225,13,6.4,12.3,1.9,222,13,594,29.48,,0,0,0,67.8,68.5,68.2,0.26,0.29,0.26
RUSH,2017-08-21 10:55:00 EDT,43.00099,-77.63739,593,76.2,76.7,76.2,65.9,64.0,0.000,0.000,0.00,0.000,5.9,9.6,1.6,208,16,5.9,10.8,1.7,210,17,5.9,9.6,1.6,208,16,615,29.48,,0,0,0,68.0,68.5,68.2,0.27,0.29,0.26
RUSH,2017-08-21 11:00:00 EDT,43.00099,-77.63739,593,76.6,77.0,76.6,66.1,64.4,0.000,0.000,0.00,0.000,5.5,8.2,1.2,210,18,5.6,8.0,1.2,215,19,5.5,8.2,1.2,210,18,626,29.48,,0,0,0,68.2,68.5,68.2,0.26,0.29,0.26
RUSH,2017-08-21 11:05:00 EDT,43.00099,-77.63739,593,76.8,77.1,76.8,65.2,64.3,0.000,0.000,0.00,0.000,5.6,8.4,1.7,206,23,5.6,8.7,1.8,210,22,5.6,8.4,1.7,206,23,633,29.48,,0,0,0,68.2,68.5,68.2,0.27,0.29,0.27
RUSH,2017-08-21 11:10:00 EDT,43.00099,-77.63739,593,77.4,77.6,77.4,66.2,65.2,0.000,0.000,0.00,0.000,5.0,9.1,2.0,206,19,5.1,9.2,2.1,209,19,5.0,9.1,2.0,206,19,641,29.48,,0,0,0,68.4,68.5,68.2,0.27,0.29,0.27
RUSH,2017-08-21 11:15:00 EDT,43.00099,-77.63739,593,77.2,77.5,77.2,65.5,64.7,0.000,0.000,0.00,0.000,6.2,10.3,2.0,193,17,6.2,10.8,2.0,196,16,6.2,10.3,2.0,193,17,652,29.48,,0,0,0,68.5,68.5,68.2,0.27,0.29,0.26
RUSH,2017-08-21 11:20:00 EDT,43.00099,-77.63739,593,77.5,77.6,77.5,65.8,65.1,0.000,0.000,0.00,0.000,7.0,11.0,1.9,199,11,7.0,11.8,1.8,200,10,7.0,11.0,1.9,199,11,676,29.48,,0,0,0,68.5,68.5,68.2,0.27,0.29,0.26
RUSH,2017-08-21 11:25:00 EDT,43.00099,-77.63739,593,77.6,77.9,77.6,66.0,65.4,0.000,0.000,0.00,0.000,5.6,9.0,1.5,198,17,5.5,9.7,1.7,201,15,5.6,9.0,1.5,198,17,692,29.48,,0,0,0,68.5,68.5,68.2,0.27,0.29,0.26
RUSH,2017-08-21 11:30:00 EDT,43.00099,-77.63739,593,77.8,78.2,77.8,65.1,65.1,0.000,0.000,0.00,0.000,5.8,9.8,1.8,194,14,5.9,10.2,2.0,195,13,5.8,9.8,1.8,194,14,643,29.48,,0,0,0,68.6,68.5,68.2,0.27,0.29,0.26
RUSH,2017-08-21 11:35:00 EDT,43.00099,-77.63739,593,77.8,77.9,77.8,64.1,64.6,0.000,0.000,0.00,0.000,7.9,11.1,1.8,195,13,7.9,11.8,1.7,195,10,7.9,11.1,1.8,195,13,697,29.48,,0,0,0,68.9,68.5,68.2,0.27,0.29,0.26
RUSH,2017-08-21 11:40:00 EDT,43.00099,-77.63739,593,77.7,77.6,77.7,63.2,64.2,0.000,0.000,0.00,0.000,9.1,13.7,2.1,219,12,9.0,13.7,2.1,222,11,9.1,13.7,2.1,219,12,713,29.48,,0,0,0,68.9,68.5,68.2,0.27,0.29,0.27
RUSH,2017-08-21 11:45:00 EDT,43.00099,-77.63739,593,77.8,77.9,77.8,64.3,64.8,0.000,0.000,0.00,0.000,6.4,9.8,1.5,219,15,6.4,9.9,1.7,223,16,6.4,9.8,1.5,219,15,701,29.48,,0,0,0,68.9,68.5,68.2,0.26,0.29,0.27
RUSH,2017-08-21 11:50:00 EDT,43.00099,-77.63739,593,78.0,78.0,78.0,63.4,64.5,0.000,0.000,0.00,0.000,7.0,10.1,1.6,225,13,7.0,10.7,1.6,228,15,7.0,10.1,1.6,225,13,709,29.48,,0,0,0,69.2,68.5,68.2,0.26,0.29,0.26
RUSH,2017-08-21 11:55:00 EDT,43.00099,-77.63739,593,78.1,78.2,78.1,63.2,64.6,0.000,0.000,0.00,0.000,6.2,8.5,1.2,222,18,6.2,9.7,1.3,227,21,6.2,8.5,1.2,222,18,709,29.48,,0,0,0,69.3,68.5,68.2,0.26,0.29,0.26
RUSH,2017-08-21 12:00:00 EDT,43.00099,-77.63739,593,78.4,78.6,78.4,63.8,65.1,0.000,0.000,0.00,0.000,5.0,7.4,1.1,208,18,5.1,7.0,1.1,211,19,5.0,7.4,1.1,208,18,715,29.48,,0,0,0,69.3,68.5,68.2,0.26,0.29,0.27
RUSH,2017-08-21 12:05:00 EDT,43.00099,-77.63739,593,78.5,78.6,78.5,63.5,65.1,0.000,0.000,0.00,0.000,6.6,10.5,1.8,193,11,6.5,10.8,1.8,195,10,6.6,10.5,1.8,193,11,716,29.48,,0,0,0,69.3,68.5,68.2,0.27,0.29,0.26
RUSH,2017-08-21 12:10:00 EDT,43.00099,-77.63739,593,78.7,79.3,78.7,64.1,65.6,0.000,0.000,0.00,0.000,2.9,6.0,1.6,204,28,2.9,6.6,1.6,206,30,2.9,6.0,1.6,204,28,720,29.48,,0,0,0,69.6,68.5,68.2,0.27,0.29,0.27
RUSH,2017-08-21 12:15:00 EDT,43.00099,-77.63739,593,78.8,79.4,78.8,62.4,64.9,0.000,0.000,0.00,0.000,5.7,9.2,1.6,224,16,5.8,9.5,1.6,227,19,5.7,9.2,1.6,224,16,724,29.47,,0,0,0,69.6,68.5,68.2,0.26,0.29,0.26
RUSH,2017-08-21 12:20:00 EDT,43.00099,-77.63739,593,79.1,79.6,79.1,62.9,65.4,0.000,0.000,0.00,0.000,6.0,10.5,1.7,212,15,6.0,11.2,1.8,213,14,6.0,10.5,1.7,212,15,725,29.47,,0,0,0,69.6,68.5,68.2,0.26,0.29,0.26
RUSH,2017-08-21 12:25:00 EDT,43.00099,-77.63739,593,79.4,79.7,79.4,63.4,65.9,0.000,0.000,0.00,0.000,5.8,10.5,1.6,228,20,6.0,11.5,1.6,233,21,5.8,10.5,1.6,228,20,726,29.47,,0,0,0,69.9,68.5,68.2,0.26,0.29,0.27
RUSH,2017-08-21 12:30:00 EDT,43.00099,-77.63739,593,79.6,79.7,79.6,62.4,65.6,0.000,0.000,0.00,0.000,6.1,8.9,1.4,214,13,6.1,9.1,1.4,218,14,6.1,8.9,1.4,214,13,731,29.47,,0,0,0,70.0,68.5,68.2,0.26,0.29,0.26
RUSH,2017-08-21 12:35:00 EDT,43.00099,-77.63739,593,79.8,80.1,79.8,62.5,65.8,0.000,0.000,0.00,0.000,6.3,8.8,1.3,213,15,6.2,8.7,1.3,215,16,6.3,8.8,1.3,213,15,737,29.46,,0,0,0,70.0,68.5,68.2,0.26,0.29,0.26
RUSH,2017-08-21 12:40:00 EDT,43.00099,-77.63739,593,80.3,80.9,82.7,64.0,67.0,0.000,0.000,0.00,0.000,4.4,9.0,2.1,207,23,4.5,8.2,2.0,210,26,4.4,9.0,2.1,207,23,739,29.46,,0,0,0,70.0,68.5,68.2,0.26,0.29,0.26
RUSH,2017-08-21 12:45:00 EDT,43.00099,-77.63739,593,80.5,81.3,82.8,62.2,66.4,0.000,0.000,0.00,0.000,3.6,5.9,1.2,207,25,3.8,6.3,1.2,212,27,3.6,5.9,1.2,207,25,741,29.46,,0,0,0,70.3,68.5,68.2,0.26,0.29,0.27
RUSH,2017-08-21 12:50:00 EDT,43.00099,-77.63739,593,81.0,81.3,83.3,62.1,66.7,0.000,0.000,0.00,0.000,4.6,9.6,2.1,227,24,4.8,9.5,1.9,233,26,4.6,9.6,2.1,227,24,745,29.46,,0,0,0,70.3,68.5,68.2,0.26,0.29,0.26
RUSH,2017-08-21 12:55:00 EDT,43.00099,-77.63739,593,81.4,81.8,83.9,62.3,67.3,0.000,0.000,0.00,0.000,3.6,5.8,0.9,252,19,3.8,6.6,1.0,258,19,3.6,5.8,0.9,252,19,746,29.46,,0,0,0,70.3,68.5,68.2,0.26,0.29,0.27
RUSH,2017-08-21 13:00:00 EDT,43.00099,-77.63739,593,81.2,81.4,83.6,61.7,66.8,0.000,0.000,0.00,0.000,5.7,9.6,1.9,212,20,5.8,10.6,1.8,214,21,5.7,9.6,1.9,212,20,749,29.46,,0,0,0,70.5,68.5,68.2,0.26,0.29,0.27
RUSH,2017-08-21 13:05:00 EDT,43.00099,-77.63739,593,81.2,81.6,83.7,62.5,67.2,0.000,0.000,0.00,0.000,6.0,10.0,1.7,216,18,6.2,10.1,1.8,219,19,6.0,10.0,1.7,216,18,749,29.46,,0,0,0,70.7,68.5,68.2,0.26,0.29,0.26
RUSH,2017-08-21 13:10:00 EDT,43.00099,-77.63739,593,81.1,81.2,83.8,63.2,67.4,0.000,0.000,0.00,0.000,6.8,10.5,2.1,223,14,6.8,10.3,2.0,227,15,6.8,10.5,2.1,223,14,753,29.46,,0,0,0,70.7,68.5,68.2,0.26,0.29,0.26
RUSH,2017-08-21 13:15:00 EDT,43.00099,-77.63739,593,81.2,81.5,83.8,62.6,67.2,0.000,0.000,0.00,0.000,5.7,8.8,1.5,219,15,5.5,8.7,1.6,222,16,5.7,8.8,1.5,219,15,755,29.46,,0,0,0,70.7,68.5,68.2,0.26,0.29,0.27
RUSH,2017-08-21 13:20:00 EDT,43.00099,-77.63739,593,81.5,82.0,84.1,62.3,67.4,0.000,0.000,0.00,0.000,5.0,9.6,2.6,234,15,5.0,9.8,2.6,238,17,5.0,9.6,2.6,234,15,750,29.45,,0,0,0,70.8,68.5,68.2,0.26,0.29,0.26
RUSH,2017-08-21 13:25:00 EDT,43.00099,-77.63739,593,81.6,81.9,84.4,63.2,67.9,0.000,0.000,0.00,0.000,4.6,8.5,1.3,234,20,4.7,9.0,1.3,240,22,4.6,8.5,1.3,234,20,733,29.45,,0,0,0,71.1,68.5,68.2,0.26,0.29,0.26
RUSH,2017-08-21 13:30:00 EDT,43.00099,-77.63739,593,81.6,82.0,84.4,63.1,67.8,0.000,0.000,0.00,0.000,4.1,6.9,1.3,214,16,4.2,6.9,1.2,216,17,4.1,6.9,1.3,214,16,709,29.45,,0,0,0,71.1,68.5,68.2,0.26,0.29,0.26
RUSH,2017-08-21 13:35:00 EDT,43.00099,-77.63739,593,81.6,82.4,84.3,62.3,67.5,0.000,0.000,0.00,0.000,2.9,7.2,1.4,288,52,3.1,7.6,1.4,292,52,2.9,7.2,1.4,288,52,678,29.45,,0,0,0,71.2,68.6,68.2,0.26,0.29,0.26
RUSH,2017-08-21 13:40:00 EDT,43.00099,-77.63739,593,82.0,82.2,85.1,63.7,68.5,0.000,0.000,0.00,0.000,4.9,8.8,2.2,243,13,5.2,9.5,2.1,249,14,4.9,8.8,2.2,243,13,638,29.45,,0,0,0,71.4,68.7,68.2,0.26,0.29,0.27
RUSH,2017-08-21 13:45:00 EDT,43.00099,-77.63739,593,81.4,81.6,84.0,62.4,67.3,0.000,0.000,0.00,0.000,5.1,7.1,1.2,281,32,5.3,8.4,1.3,286,31,5.1,7.1,1.2,281,32,601,29.45,,0,0,0,71.4,68.8,68.2,0.26,0.29,0.26
RUSH,2017-08-21 13:50:00 EDT,43.00099,-77.63739,593,81.2,81.9,83.8,62.9,67.3,0.000,0.000,0.00,0.000,2.5,6.4,1.7,340,16,2.7,6.9,1.7,339,19,2.5,6.4,1.7,340,16,553,29.45,,0,0,0,71.4,68.9,68.2,0.26,0.29,0.26
RUSH,2017-08-21 13:55:00 EDT,43.00099,-77.63739,593,81.4,82.0,84.1,63.4,67.7,0.000,0.000,0.00,0.000,5.0,8.8,2.1,232,9,5.2,9.2,1.9,236,10,5.0,8.8,2.1,232,9,507,29.45,,0,0,0,71.4,68.9,68.2,0.26,0.29,0.26
RUSH,2017-08-21 14:00:00 EDT,43.00099,-77.63739,593,81.1,81.6,83.7,63.7,67.6,0.000,0.000,0.00,0.000,3.5,7.0,1.8,211,12,3.3,6.7,1.9,214,12,3.5,7.0,1.8,211,12,456,29.45,,0,0,0,71.6,68.9,68.2,0.26,0.29,0.26
RUSH,2017-08-21 14:05:00 EDT,43.00099,-77.63739,593,81.0,81.5,83.7,64.9,68.1,0.000,0.000,0.00,0.000,5.4,7.2,0.8,221,7,5.3,7.2,0.9,224,8,5.4,7.2,0.8,221,7,401,29.45,,0,0,0,71.8,68.9,68.2,0.26,0.29,0.26
RUSH,2017-08-21 14:10:00 EDT,43.00099,-77.63739,593,80.8,81.4,83.6,65.4,68.1,0.000,0.000,0.00,0.000,3.4,5.0,1.0,222,20,3.3,5.2,1.1,227,22,3.4,5.0,1.0,222,20,359,29.45,,0,0,0,71.8,68.9,68.2,0.26,0.29,0.27
RUSH,2017-08-21 14:15:00 EDT,43.00099,-77.63739,593,80.8,81.5,83.7,66.0,68.4,0.000,0.000,0.00,0.000,2.0,4.3,1.0,225,22,2.2,4.5,1.0,232,23,2.0,4.3,1.0,225,22,315,29.44,,0,0,0,71.8,68.9,68.2,0.26,0.29,0.26
RUSH,2017-08-21 14:20:00 EDT,43.00099,-77.63739,593,80.8,81.5,83.7,65.9,68.3,0.000,0.000,0.00,0.000,2.0,4.5,1.4,182,22,2.1,4.8,1.3,184,23,2.0,4.5,1.4,182,22,277,29.44,,0,0,0,72.2,68.9,68.2,0.26,0.29,0.26
RUSH,2017-08-21 14:25:00 EDT,43.00099,-77.63739,593,80.6,81.2,83.5,66.7,68.5,0.000,0.000,0.00,0.000,3.5,4.8,0.6,189,12,3.5,5.4,0.8,191,11,3.5,4.8,0.6,189,12,246,29.45,,0,0,0,72.3,68.9,68.2,0.26,0.29,0.27
RUSH,2017-08-21 14:30:00 EDT,43.00099,-77.63739,593,80.4,81.2,83.2,67.7,68.7,0.000,0.000,0.00,0.000,3.7,6.4,0.8,217,22,3.7,7.0,1.0,220,23,3.7,6.4,0.8,217,22,223,29.45,,0,0,0,72.3,68.9,68.1,0.26,0.29,0.27
RUSH,2017-08-21 14:35:00 EDT,43.00099,-77.63739,593,80.1,81.1,82.9,68.0,68.6,0.000,0.000,0.00,0.000,4.2,6.6,1.1,230,9,4.1,6.4,1.2,234,9,4.2,6.6,1.1,230,9,212,29.45,,0,0,0,72.3,68.9,68.1,0.26,0.29,0.27
RUSH,2017-08-21 14:40:00 EDT,43.00099,-77.63739,593,80.0,81.0,80.0,67.4,68.2,0.000,0.000,0.00,0.000,2.7,4.9,1.1,223,13,2.6,5.2,1.1,227,14,2.7,4.9,1.1,223,13,120,29.45,,0,0,0,72.3,68.9,68.1,0.26,0.29,0.26
RUSH,2017-08-21 14:45:00 EDT,43.00099,-77.63739,593,79.8,80.8,79.8,71.7,69.8,0.000,0.000,0.00,0.000,2.0,3.4,0.5,180,12,2.1,3.7,0.5,183,13,2.0,3.4,0.5,180,12,125,29.44,,0,0,0,72.4,68.9,68.0,0.26,0.29,0.27
RUSH,2017-08-21 14:50:00 EDT,43.00099,-77.63739,593,79.7,80.8,79.7,72.6,70.1,0.000,0.000,0.00,0.000,1.6,2.3,0.4,187,15,1.6,2.7,0.4,190,15,1.6,2.3,0.4,187,15,146,29.44,,0,0,0,72.7,68.9,68.0,0.26,0.29,0.26
RUSH,2017-08-21 14:55:00 EDT,43.00099,-77.63739,593,80.0,81.1,80.0,72.0,70.2,0.000,0.000,0.00,0.000,1.9,2.7,0.4,194,14,1.9,3.6,0.4,198,14,1.9,2.7,0.4,194,14,227,29.44,,0,0,0,72.7,69.0,68.0,0.26,0.29,0.26
RUSH,2017-08-21 15:00:00 EDT,43.00099,-77.63739,593,80.6,81.6,84.1,70.7,70.2,0.000,0.000,0.00,0.000,1.8,3.1,0.6,199,16,1.8,3.3,0.6,202,17,1.8,3.1,0.6,199,16,297,29.44,,0,0,0,72.7,69.1,67.9,0.26,0.29,0.26
RUSH,2017-08-21 15:05:00 EDT,43.00099,-77.63739,593,81.0,81.8,84.3,68.2,69.5,0.000,0.000,0.00,0.000,2.3,3.4,0.5,188,17,2.3,3.6,0.5,191,18,2.3,3.4,0.5,188,17,320,29.43,,0,0,0,72.7,69.3,67.9,0.26,0.29,0.26
RUSH,2017-08-21 15:10:00 EDT,43.00099,-77.63739,593,81.2,82.1,84.3,66.1,68.8,0.000,0.000,0.00,0.000,1.7,3.1,0.8,199,18,1.8,3.2,0.6,202,20,1.7,3.1,0.8,199,18,351,29.43,,0,0,0,72.7,69.3,67.9,0.26,0.29,0.26
RUSH,2017-08-21 15:15:00 EDT,43.00099,-77.63739,593,81.3,82.3,84.5,66.1,68.9,0.000,0.000,0.00,0.000,2.6,4.5,0.8,215,21,2.6,4.9,0.9,220,21,2.6,4.5,0.8,215,21,397,29.43,,0,0,0,72.7,69.3,67.9,0.26,0.29,0.26
RUSH,2017-08-21 15:20:00 EDT,43.00099,-77.63739,593,81.6,82.7,84.8,65.1,68.8,0.000,0.000,0.00,0.000,2.3,4.6,1.0,227,17,2.2,4.9,1.1,232,20,2.3,4.6,1.0,227,17,463,29.43,,0,0,0,72.7,69.3,67.9,0.26,0.29,0.26
RUSH,2017-08-21 15:25:00 EDT,43.00099,-77.63739,593,81.8,83.0,85.2,65.4,69.1,0.000,0.000,0.00,0.000,2.6,4.2,0.8,209,13,2.7,4.5,0.9,213,13,2.6,4.2,0.8,209,13,472,29.43,,0,0,0,72.7,69.3,67.8,0.26,0.29,0.26
RUSH,2017-08-21 15:30:00 EDT,43.00099,-77.63739,593,81.7,82.8,84.9,65.2,68.9,0.000,0.000,0.00,0.000,2.3,4.5,1.0,202,15,2.3,4.3,0.9,205,15,2.3,4.5,1.0,202,15,379,29.43,,0,0,0,72.9,69.3,67.8,0.26,0.29,0.26
RUSH,2017-08-21 15:35:00 EDT,43.00099,-77.63739,593,81.6,82.9,84.6,64.4,68.4,0.000,0.000,0.00,0.000,2.7,5.5,1.4,218,12,2.8,5.8,1.2,223,14,2.7,5.5,1.4,218,12,419,29.43,,0,0,0,73.0,69.3,67.8,0.26,0.29,0.26
RUSH,2017-08-21 15:40:00 EDT,43.00099,-77.63739,593,82.1,83.3,85.4,64.2,68.8,0.000,0.000,0.00,0.000,3.2,5.0,0.8,203,20,3.2,5.2,0.8,205,20,3.2,5.0,0.8,203,20,561,29.43,,0,0,0,73.0,69.3,67.8,0.26,0.29,0.26
RUSH,2017-08-21 15:45:00 EDT,43.00099,-77.63739,593,82.3,84.0,85.5,63.1,68.5,0.000,0.000,0.00,0.000,2.2,5.7,1.5,217,19,2.3,6.1,1.5,221,17,2.2,5.7,1.5,217,19,593,29.43,,0,0,0,73.0,69.3,67.8,0.26,0.29,0.26
RUSH,2017-08-21 15:50:00 EDT,43.00099,-77.63739,593,83.0,84.3,86.7,63.5,69.3,0.000,0.000,0.00,0.000,3.7,8.5,2.0,225,19,3.9,8.1,1.9,230,21,3.7,8.5,2.0,225,19,620,29.43,,0,0,0,73.0,69.3,67.8,0.26,0.29,0.26
RUSH,2017-08-21 15:55:00 EDT,43.00099,-77.63739,593,82.7,83.7,86.4,64.6,69.5,0.000,0.000,0.00,0.000,3.7,7.2,1.3,239,26,3.9,7.3,1.3,244,28,3.7,7.2,1.3,239,26,452,29.43,,0,0,0,73.0,69.3,67.8,0.26,0.29,0.26
RUSH,2017-08-21 16:00:00 EDT,43.00099,-77.63739,593,81.8,83.0,85.1,65.5,69.1,0.000,0.000,0.00,0.000,2.8,5.6,1.0,218,15,2.7,5.8,1.1,221,17,2.8,5.6,1.0,218,15,219,29.43,,0,0,0,73.0,69.3,67.8,0.26,0.29,0.26
RUSH,2017-08-21 16:05:00 EDT,43.00099,-77.63739,593,81.7,83.9,84.9,64.9,68.8,0.000,0.000,0.00,0.000,1.4,2.3,0.4,234,20,1.5,2.5,0.4,241,23,1.4,2.3,0.4,234,20,338,29.43,,0,0,0,73.0,69.3,67.8,0.26,0.29,0.26
RUSH,2017-08-21 16:10:00 EDT,43.00099,-77.63739,593,82.4,84.7,85.9,64.3,69.1,0.000,0.000,0.00,0.000,3.4,5.8,1.3,236,17,3.5,6.3,1.3,241,17,3.4,5.8,1.3,236,17,485,29.43,,0,0,0,73.0,69.6,67.8,0.26,0.29,0.26
RUSH,2017-08-21 16:15:00 EDT,43.00099,-77.63739,593,82.7,84.6,86.4,64.3,69.4,0.000,0.000,0.00,0.000,4.3,8.5,1.6,258,26,4.6,9.9,1.6,265,25,4.3,8.5,1.6,258,26,477,29.43,,0,0,0,73.0,69.6,67.8,0.26,0.29,0.27
RUSH,2017-08-21 16:20:00 EDT,43.00099,-77.63739,593,83.0,84.5,86.6,62.9,69.0,0.000,0.000,0.00,0.000,5.5,10.0,2.0,281,21,5.9,11.0,2.0,286,18,5.5,10.0,2.0,281,21,347,29.42,,0,0,0,73.0,69.6,67.8,0.26,0.29,0.26
RUSH,2017-08-21 16:25:00 EDT,43.00099,-77.63739,593,81.8,83.4,84.8,63.3,68.2,0.000,0.000,0.00,0.000,3.5,4.9,0.7,259,16,3.8,5.5,0.7,265,14,3.5,4.9,0.7,259,16,236,29.42,,0,0,0,73.0,69.6,67.8,0.26,0.29,0.26
RUSH,2017-08-21 16:30:00 EDT,43.00099,-77.63739,593,82.1,84.1,85.4,63.9,68.7,0.000,0.000,0.00,0.000,3.8,7.8,1.4,234,14,3.9,9.1,1.6,240,15,3.8,7.8,1.4,234,14,381,29.43,,0,0,0,73.0,69.6,67.8,0.26,0.29,0.27
RUSH,2017-08-21 16:35:00 EDT,43.00099,-77.63739,593,82.0,83.3,85.3,64.0,68.7,0.000,0.000,0.00,0.000,5.5,9.8,1.4,243,8,5.6,10.4,1.5,250,9,5.5,9.8,1.4,243,8,196,29.43,,0,0,0,73.1,69.6,67.8,0.26,0.29,0.26
RUSH,2017-08-21 16:40:00 EDT,43.00099,-77.63739,593,81.6,83.2,84.6,64.6,68.5,0.000,0.000,0.00,0.000,3.9,6.9,1.3,227,15,4.0,7.4,1.4,231,15,3.9,6.9,1.3,227,15,203,29.42,,0,0,0,73.1,69.6,67.8,0.26,0.29,0.26
RUSH,2017-08-21 16:45:00 EDT,43.00099,-77.63739,593,81.6,83.2,84.7,65.0,68.7,0.000,0.000,0.00,0.000,4.7,6.9,1.1,273,33,4.9,7.7,1.2,279,33,4.7,6.9,1.1,273,33,186,29.42,,0,0,0,73.3,69.6,67.8,0.26,0.29,0.27
RUSH,2017-08-21 16:50:00 EDT,43.00099,-77.63739,593,81.4,83.2,84.4,64.4,68.3,0.000,0.000,0.00,0.000,5.2,8.0,1.1,262,25,5.4,8.2,1.1,267,23,5.2,8.0,1.1,262,25,173,29.42,,0,0,0,73.4,69.6,67.8,0.26,0.29,0.26
RUSH,2017-08-21 16:55:00 EDT,43.00099,-77.63739,593,81.6,83.7,84.9,65.9,69.1,0.000,0.000,0.00,0.000,3.1,5.6,0.8,277,19,3.2,5.4,0.8,284,18,3.1,5.6,0.8,277,19,297,29.42,,0,0,0,73.4,69.6,67.8,0.26,0.29,0.27
RUSH,2017-08-21 17:00:00 EDT,43.00099,-77.63739,593,82.9,85.7,86.5,63.4,69.2,0.000,0.000,0.00,0.000,4.7,9.9,2.6,255,24,4.9,10.7,2.6,262,24,4.7,9.9,2.6,255,24,529,29.42,,0,0,0,73.4,69.6,67.8,0.26,0.29,0.26
RUSH,2017-08-21 17:05:00 EDT,43.00099,-77.63739,593,83.2,85.8,87.0,63.0,69.3,0.000,0.000,0.00,0.000,4.7,9.3,2.0,243,18,4.9,9.6,2.0,250,17,4.7,9.3,2.0,243,18,516,29.42,,0,0,0,73.4,69.6,67.8,0.26,0.29,0.26
RUSH,2017-08-21 17:10:00 EDT,43.00099,-77.63739,593,83.5,85.7,87.5,63.2,69.6,0.000,0.000,0.00,0.000,5.9,10.1,2.0,263,25,6.3,10.9,2.1,268,25,5.9,10.1,2.0,263,25,493,29.42,,0,0,0,73.4,69.6,67.8,0.26,0.29,0.27
RUSH,2017-08-21 17:15:00 EDT,43.00099,-77.63739,593,83.2,85.5,87.0,63.3,69.4,0.000,0.000,0.00,0.000,4.9,6.9,1.0,276,18,5.3,7.7,1.0,281,14,4.9,6.9,1.0,276,18,426,29.42,,0,0,0,73.4,69.8,67.8,0.26,0.29,0.27
RUSH,2017-08-21 17:20:00 EDT,43.00099,-77.63739,593,83.1,85.6,86.8,62.7,69.1,0.000,0.000,0.00,0.000,4.5,8.1,1.4,274,19,4.8,8.4,1.5,278,16,4.5,8.1,1.4,274,19,411,29.42,,0,0,0,73.4,70.0,67.8,0.26,0.29,0.26
RUSH,2017-08-21 17:25:00 EDT,43.00099,-77.63739,593,83.1,85.9,86.6,62.0,68.7,0.000,0.000,0.00,0.000,4.0,11.2,2.7,283,17,4.4,11.7,2.6,287,14,4.0,11.2,2.7,283,17,404,29.42,,0,0,0,73.4,70.0,67.8,0.26,0.29,0.27
RUSH,2017-08-21 17:30:00 EDT,43.00099,-77.63739,593,82.7,85.0,86.0,62.2,68.5,0.000,0.000,0.00,0.000,7.2,11.0,1.9,267,17,7.7,11.5,2.0,272,14,7.2,11.0,1.9,267,17,390,29.42,,0,0,0,73.4,70.0,67.8,0.26,0.29,0.26
RUSH,2017-08-21 17:35:00 EDT,43.00099,-77.63739,593,82.7,85.1,86.1,62.6,68.7,0.000,0.000,0.00,0.000,5.2,7.9,1.1,254,17,5.3,8.6,1.2,260,16,5.2,7.9,1.1,254,17,353,29.42,,0,0,0,73.4,70.0,67.8,0.26,0.29,0.27
RUSH,2017-08-21 17:40:00 EDT,43.00099,-77.63739,593,82.6,85.1,85.7,62.0,68.3,0.000,0.000,0.00,0.000,5.0,7.5,1.3,251,17,5.2,8.3,1.3,258,14,5.0,7.5,1.3,251,17,352,29.42,,0,0,0,73.4,70.0,67.8,0.26,0.29,0.27
RUSH,2017-08-21 17:45:00 EDT,43.00099,-77.63739,593,82.8,85.4,86.0,61.9,68.4,0.000,0.000,0.00,0.000,4.7,9.1,1.8,261,14,4.9,9.6,2.0,268,13,4.7,9.1,1.8,261,14,340,29.42,,0,0,0,73.4,70.0,67.8,0.26,0.29,0.27
RUSH,2017-08-21 17:50:00 EDT,43.00099,-77.63739,593,82.5,84.9,85.6,62.2,68.3,0.000,0.000,0.00,0.000,4.9,7.6,1.4,246,18,5.1,8.1,1.4,251,19,4.9,7.6,1.4,246,18,283,29.42,,0,0,0,73.4,70.0,67.8,0.26,0.29,0.27
RUSH,2017-08-21 17:55:00 EDT,43.00099,-77.63739,593,81.9,84.3,85.1,64.3,68.7,0.000,0.000,0.00,0.000,4.6,6.4,0.9,254,14,4.8,7.2,1.0,261,14,4.6,6.4,0.9,254,14,257,29.42,,0,0,0,73.4,70.0,67.8,0.26,0.29,0.27
RUSH,2017-08-21 18:00:00 EDT,43.00099,-77.63739,593,82.0,84.6,85.0,62.7,68.1,0.000,0.000,0.00,0.000,5.3,8.9,1.7,261,14,5.5,9.1,1.8,267,12,5.3,8.9,1.7,261,14,285,29.42,,0,0,0,73.4,70.0,67.8,0.26,0.29,0.26
RUSH,2017-08-21 18:05:00 EDT,43.00099,-77.63739,593,82.1,84.9,85.3,63.6,68.6,0.000,0.000,0.00,0.000,3.6,5.9,1.0,265,16,4.0,6.3,1.0,271,15,3.6,5.9,1.0,265,16,270,29.42,,0,0,0,73.4,70.0,67.8,0.26,0.29,0.27
RUSH,2017-08-21 18:10:00 EDT,43.00099,-77.63739,593,82.3,85.2,85.5,63.4,68.6,0.000,0.000,0.00,0.000,3.1,5.2,0.9,270,13,3.2,5.7,1.0,276,11,3.1,5.2,0.9,270,13,257,29.41,,0,0,0,73.4,70.0,67.8,0.26,0.29,0.27
RUSH,2017-08-21 18:15:00 EDT,43.00099,-77.63739,593,82.3,85.0,85.7,64.4,69.1,0.000,0.000,0.00,0.000,3.4,7.2,1.1,239,18,3.5,7.1,1.2,244,20,3.4,7.2,1.1,239,18,245,29.41,,0,0,0,73.4,70.0,67.8,0.26,0.29,0.27
RUSH,2017-08-21 18:20:00 EDT,43.00099,-77.63739,593,82.0,84.7,85.2,64.4,68.8,0.000,0.000,0.00,0.000,3.8,7.7,1.2,237,23,3.9,6.9,1.3,243,23,3.8,7.7,1.2,237,23,230,29.41,,0,0,0,73.5,70.0,67.8,0.26,0.29,0.27
RUSH,2017-08-21 18:25:00 EDT,43.00099,-77.63739,593,81.8,84.5,84.8,63.6,68.2,0.000,0.000,0.00,0.000,4.8,9.4,1.7,258,18,5.1,10.2,1.8,264,16,4.8,9.4,1.7,258,18,215,29.41,,0,0,0,73.6,70.0,67.9,0.26,0.29,0.27
RUSH,2017-08-21 18:30:00 EDT,43.00099,-77.63739,593,81.5,84.2,84.4,63.6,68.0,0.000,0.000,0.00,0.000,4.8,7.8,1.4,245,15,5.0,8.6,1.5,252,16,4.8,7.8,1.4,245,15,199,29.41,,0,0,0,73.5,70.0,67.8,0.26,0.29,0.27
RUSH,2017-08-21 18:35:00 EDT,43.00099,-77.63739,593,81.4,84.0,84.3,63.8,68.0,0.000,0.000,0.00,0.000,4.8,7.7,1.3,234,13,4.8,7.9,1.3,239,14,4.8,7.7,1.3,234,13,184,29.41,,0,0,0,73.5,70.0,67.8,0.26,0.29,0.26
RUSH,2017-08-21 18:40:00 EDT,43.00099,-77.63739,593,81.4,84.0,84.2,64.1,68.1,0.000,0.000,0.00,0.000,4.6,7.1,1.1,232,14,4.7,7.4,1.2,237,15,4.6,7.1,1.1,232,14,172,29.41,,0,0,0,73.5,70.1,67.9,0.26,0.29,0.27
RUSH,2017-08-21 18:45:00 EDT,43.00099,-77.63739,593,81.0,83.7,83.9,65.4,68.3,0.000,0.000,0.00,0.000,3.7,6.2,0.9,240,17,3.9,6.2,0.9,246,17,3.7,6.2,0.9,240,17,157,29.41,,0,0,0,73.4,70.2,67.9,0.26,0.29,0.27
RUSH,2017-08-21 18:50:00 EDT,43.00099,-77.63739,593,80.9,83.7,83.8,65.6,68.4,0.000,0.000,0.00,0.000,3.1,5.1,0.9,239,11,3.2,5.5,1.0,245,12,3.1,5.1,0.9,239,11,138,29.41,,0,0,0,73.4,70.3,67.9,0.26,0.29,0.27
RUSH,2017-08-21 18:55:00 EDT,43.00099,-77.63739,593,80.9,83.6,83.7,65.2,68.1,0.000,0.000,0.00,0.000,2.4,4.4,0.9,247,13,2.6,4.9,0.9,254,14,2.4,4.4,0.9,247,13,114,29.41,,0,0,0,73.4,70.3,68.0,0.26,0.29,0.27
RUSH,2017-08-21 19:00:00 EDT,43.00099,-77.63739,593,80.3,82.9,82.9,65.8,67.8,0.000,0.000,0.00,0.000,3.1,4.6,0.6,255,12,3.3,5.1,0.7,262,11,3.1,4.6,0.6,255,12,95,29.41,,0,0,0,73.4,70.3,68.0,0.26,0.29,0.27
RUSH,2017-08-21 19:05:00 EDT,43.00099,-77.63739,593,80.1,82.6,82.7,66.4,67.9,0.000,0.000,0.00,0.000,2.1,3.2,0.6,261,10,2.3,3.6,0.6,270,9,2.1,3.2,0.6,261,10,85,29.41,,0,0,0,73.4,70.3,68.0,0.26,0.29,0.27
RUSH,2017-08-21 19:10:00 EDT,43.00099,-77.63739,593,79.7,82.2,79.7,66.9,67.7,0.000,0.000,0.00,0.000,2.2,3.5,0.5,260,10,2.3,4.0,0.5,267,10,2.2,3.5,0.5,260,10,62,29.41,,0,0,0,73.4,70.3,68.0,0.26,0.29,0.27
RUSH,2017-08-21 19:15:00 EDT,43.00099,-77.63739,593,78.6,81.9,78.6,72.1,68.8,0.000,0.000,0.00,0.000,1.8,3.4,0.5,257,14,1.9,3.8,0.5,264,14,1.8,3.4,0.5,257,14,51,29.41,,0,0,0,73.4,70.3,68.1,0.26,0.29,0.27
RUSH,2017-08-21 19:20:00 EDT,43.00099,-77.63739,593,76.8,81.4,76.8,75.6,68.5,0.000,0.000,0.00,0.000,1.8,2.3,0.3,272,7,1.9,2.5,0.3,279,7,1.8,2.3,0.3,272,7,44,29.41,,0,0,0,73.4,70.3,68.1,0.26,0.29,0.27
RUSH,2017-08-21 19:25:00 EDT,43.00099,-77.63739,593,76.1,81.2,76.1,77.9,68.7,0.000,0.000,0.00,0.000,1.4,2.6,0.7,271,11,1.5,2.9,0.7,278,11,1.4,2.6,0.7,271,11,46,29.41,,0,0,0,73.4,70.3,68.2,0.26,0.29,0.27
RUSH,2017-08-21 19:30:00 EDT,43.00099,-77.63739,593,75.6,81.0,75.6,83.5,70.2,0.000,0.000,0.00,0.000,0.0,0.4,0.0,284,0,0.1,1.1,0.3,285,2,0.0,0.4,0.0,284,0,47,29.41,,0,0,0,73.4,70.3,68.1,0.26,0.29,0.26
RUSH,2017-08-21 19:35:00 EDT,43.00099,-77.63739,593,75.0,80.6,75.0,85.7,70.4,0.000,0.000,0.00,0.000,0.0,0.0,0.0,0,0,0.0,0.9,0.1,251,1,0.0,0.0,0.0,0,0,37,29.41,,0,0,0,73.4,70.3,68.2,0.26,0.29,0.27
RUSH,2017-08-21 19:40:00 EDT,43.00099,-77.63739,593,74.3,79.7,74.3,88.1,70.6,0.000,0.000,0.00,0.000,0.1,0.5,0.1,175,1,0.1,1.0,0.3,171,5,0.1,0.5,0.1,175,1,24,29.41,,0,0,0,73.4,70.3,68.2,0.26,0.29,0.27
RUSH,2017-08-21 19:45:00 EDT,43.00099,-77.63739,593,73.8,78.6,73.8,89.6,70.6,0.000,0.000,0.00,0.000,0.1,0.7,0.2,174,4,0.3,1.0,0.4,179,8,0.1,0.7,0.2,174,4,14,29.41,,0,0,0,73.4,70.3,68.2,0.26,0.29,0.27
RUSH,2017-08-21 19:50:00 EDT,43.00099,-77.63739,593,73.1,77.6,73.1,90.8,70.3,0.000,0.000,0.00,0.000,0.0,0.5,0.1,82,0,0.2,1.2,0.4,75,3,0.0,0.5,0.1,82,0,10,29.41,,0,0,0,73.4,70.3,68.2,0.26,0.29,0.27
RUSH,2017-08-21 19:55:00 EDT,43.00099,-77.63739,593,72.5,76.6,72.5,91.6,69.9,0.000,0.000,0.00,0.000,0.5,0.8,0.2,65,12,0.9,1.2,0.3,58,14,0.5,0.8,0.2,65,12,7,29.41,,0,0,0,73.4,70.3,68.2,0.26,0.29,0.27
RUSH,2017-08-21 20:00:00 EDT,43.00099,-77.63739,593,71.9,76.1,71.9,92.5,69.6,0.000,0.000,0.00,0.000,0.7,0.9,0.1,53,0,0.9,1.1,0.1,47,3,0.7,0.9,0.1,53,0,4,29.41,,0,0,0,73.4,70.3,68.2,0.26,0.29,0.26
RUSH,2017-08-21 20:05:00 EDT,43.00099,-77.63739,593,71.6,75.3,71.6,93.1,69.5,0.000,0.000,0.00,0.000,0.2,0.6,0.2,53,81,0.3,0.8,0.4,49,2,0.2,0.6,0.2,53,81,2,29.41,,0,0,0,73.3,70.3,68.2,0.26,0.29,0.27
RUSH,2017-08-21 20:10:00 EDT,43.00099,-77.63739,593,71.4,74.9,71.4,92.8,69.2,0.000,0.000,0.00,0.000,0.0,0.0,0.0,0,0,0.0,0.0,0.0,0,0,0.0,0.0,0.0,0,0,1,29.41,,0,0,0,73.3,70.3,68.2,0.26,0.29,0.26
RUSH,2017-08-21 20:15:00 EDT,43.00099,-77.63739,593,71.0,74.9,71.0,92.0,68.6,0.000,0.000,0.00,0.000,0.4,1.2,0.4,146,6,0.7,1.3,0.4,141,11,0.4,1.2,0.4,146,6,1,29.41,,0,0,0,73.1,70.3,68.2,0.26,0.29,0.26
RUSH,2017-08-21 20:20:00 EDT,43.00099,-77.63739,593,70.6,74.6,70.6,92.4,68.3,0.000,0.000,0.00,0.000,0.8,1.3,0.3,153,8,0.9,1.4,0.4,149,12,0.8,1.3,0.3,153,8,0,29.41,,0,0,0,73.0,70.3,68.2,0.26,0.29,0.27
RUSH,2017-08-21 20:25:00 EDT,43.00099,-77.63739,593,70.4,74.1,70.4,93.3,68.4,0.000,0.000,0.00,0.000,0.2,0.7,0.3,100,1,0.3,1.1,0.4,102,6,0.2,0.7,0.3,100,1,0,29.40,,0,0,0,73.0,70.3,68.2,0.26,0.29,0.26
RUSH,2017-08-21 20:30:00 EDT,43.00099,-77.63739,593,70.1,73.7,70.1,93.6,68.1,0.000,0.000,0.00,0.000,0.2,1.0,0.3,122,8,0.3,1.2,0.4,129,3,0.2,1.0,0.3,122,8,0,29.40,,0,0,0,73.0,70.3,68.2,0.26,0.29,0.27
RUSH,2017-08-21 20:35:00 EDT,43.00099,-77.63739,593,69.7,73.4,69.7,93.8,67.9,0.000,0.000,0.00,0.000,1.4,1.8,0.3,139,5,1.3,1.8,0.2,135,6,1.4,1.8,0.3,139,5,0,29.40,,0,0,0,73.0,70.3,68.2,0.26,0.28,0.27
RUSH,2017-08-21 20:40:00 EDT,43.00099,-77.63739,593,69.7,73.0,69.7,94.5,68.0,0.000,0.000,0.00,0.000,0.3,1.0,0.4,88,29,0.5,1.3,0.5,68,27,0.3,1.0,0.4,88,29,0,29.41,,0,0,0,73.0,70.3,68.2,0.26,0.28,0.27
RUSH,2017-08-21 20:45:00 EDT,43.00099,-77.63739,593,69.2,72.4,69.2,94.6,67.6,0.000,0.000,0.00,0.000,1.1,1.2,0.1,50,5,1.2,1.5,0.1,52,5,1.1,1.2,0.1,50,5,0,29.41,,0,0,0,73.0,70.4,68.2,0.26,0.29,0.26
RUSH,2017-08-21 20:50:00 EDT,43.00099,-77.63739,593,68.9,72.1,68.9,94.9,67.3,0.000,0.000,0.00,0.000,1.0,1.2,0.1,68,0,1.2,1.5,0.1,59,3,1.0,1.2,0.1,68,0,0,29.40,,0,0,0,73.0,70.5,68.2,0.26,0.29,0.27
RUSH,2017-08-21 20:55:00 EDT,43.00099,-77.63739,593,69.0,71.7,69.0,95.7,67.7,0.000,0.000,0.00,0.000,0.4,0.9,0.3,68,0,0.5,1.1,0.4,53,2,0.4,0.9,0.3,68,0,0,29.41,,0,0,0,73.0,70.5,68.2,0.26,0.29,0.27
RUSH,2017-08-21 21:00:00 EDT,43.00099,-77.63739,593,68.4,71.5,68.4,95.4,67.0,0.000,0.000,0.00,0.000,0.0,0.0,0.0,0,0,0.0,0.7,0.1,43,0,0.0,0.0,0.0,0,0,0,29.41,,0,0,0,73.0,70.7,68.2,0.26,0.29,0.27
RUSH,2017-08-21 21:05:00 EDT,43.00099,-77.63739,593,68.3,71.3,68.3,95.2,66.9,0.000,0.000,0.00,0.000,0.0,0.0,0.0,0,0,0.0,0.0,0.0,0,0,0.0,0.0,0.0,0,0,0,29.41,,0,0,0,73.0,70.7,68.2,0.26,0.29,0.26
RUSH,2017-08-21 21:10:00 EDT,43.00099,-77.63739,593,68.2,71.2,68.2,95.6,67.0,0.000,0.000,0.00,0.000,0.0,0.0,0.0,0,0,0.0,0.0,0.0,0,0,0.0,0.0,0.0,0,0,0,29.42,,0,0,0,72.8,70.7,68.2,0.26,0.28,0.26
RUSH,2017-08-21 21:15:00 EDT,43.00099,-77.63739,593,67.8,71.1,67.8,95.8,66.5,0.000,0.000,0.00,0.000,0.1,0.6,0.2,69,0,0.3,1.2,0.4,82,4,0.1,0.6,0.2,69,0,0,29.41,,0,0,0,72.7,70.7,68.2,0.26,0.29,0.27
RUSH,2017-08-21 21:20:00 EDT,43.00099,-77.63739,593,67.8,71.0,67.8,96.1,66.7,0.000,0.000,0.00,0.000,0.5,0.8,0.3,68,0,0.9,1.2,0.1,51,9,0.5,0.8,0.3,68,0,0,29.41,,0,0,0,72.7,70.7,68.2,0.26,0.28,0.27
RUSH,2017-08-21 21:25:00 EDT,43.00099,-77.63739,593,67.8,70.5,67.8,96.2,66.6,0.000,0.000,0.00,0.000,0.1,0.5,0.2,68,0,0.2,0.8,0.3,52,3,0.1,0.5,0.2,68,0,0,29.41,,0,0,0,72.7,70.7,68.2,0.26,0.28,0.27
RUSH,2017-08-21 21:30:00 EDT,43.00099,-77.63739,593,67.9,70.5,67.9,96.7,66.9,0.000,0.000,0.00,0.000,0.0,0.0,0.0,0,0,0.1,0.9,0.3,94,2,0.0,0.0,0.0,0,0,0,29.41,,0,0,0,72.7,70.7,68.2,0.26,0.28,0.26
RUSH,2017-08-21 21:35:00 EDT,43.00099,-77.63739,593,67.2,70.3,67.2,96.3,66.1,0.000,0.000,0.00,0.000,0.0,0.0,0.0,0,0,0.0,0.0,0.0,0,0,0.0,0.0,0.0,0,0,0,29.41,,0,0,0,72.7,70.7,68.2,0.26,0.28,0.27
RUSH,2017-08-21 21:40:00 EDT,43.00099,-77.63739,593,66.9,69.9,66.9,96.3,65.8,0.000,0.000,0.00,0.000,0.0,0.0,0.0,0,0,0.2,0.9,0.4,27,3,0.0,0.0,0.0,0,0,0,29.41,,0,0,0,72.7,70.7,68.2,0.26,0.28,0.27
RUSH,2017-08-21 21:45:00 EDT,43.00099,-77.63739,593,66.9,69.7,66.9,96.5,65.8,0.000,0.000,0.00,0.000,0.0,0.2,0.0,68,0,0.9,1.1,0.1,26,2,0.0,0.2,0.0,68,0,0,29.41,,0,0,0,72.7,70.7,68.2,0.26,0.28,0.27
RUSH,2017-08-21 21:50:00 EDT,43.00099,-77.63739,593,67.0,69.7,67.0,96.9,66.1,0.000,0.000,0.00,0.000,0.8,0.9,0.1,68,81,1.2,1.4,0.1,46,7,0.8,0.9,0.1,68,81,0,29.41,,0,0,0,72.5,70.7,68.2,0.26,0.28,0.27
RUSH,2017-08-21 21:55:00 EDT,43.00099,-77.63739,593,67.1,69.8,67.1,97.1,66.2,0.000,0.000,0.00,0.000,0.4,1.4,0.4,90,25,1.0,1.5,0.2,100,22,0.4,1.4,0.4,90,25,0,29.41,,0,0,0,72.3,70.7,68.2,0.26,0.28,0.27
RUSH,2017-08-21 22:00:00 EDT,43.00099,-77.63739,593,67.2,70.1,67.2,97.1,66.4,0.000,0.000,0.00,0.000,1.1,1.7,0.4,135,3,1.2,1.7,0.3,136,10,1.1,1.7,0.4,135,3,0,29.41,,0,0,0,72.3,70.7,68.2,0.26,0.28,0.27
RUSH,2017-08-21 22:05:00 EDT,43.00099,-77.63739,593,66.9,69.9,66.9,97.1,66.1,0.000,0.000,0.00,0.000,0.7,0.9,0.1,146,16,0.8,1.2,0.3,135,17,0.7,0.9,0.1,146,16,0,29.41,,0,0,0,72.3,70.7,68.2,0.26,0.28,0.26
RUSH,2017-08-21 22:10:00 EDT,43.00099,-77.63739,593,66.7,69.5,66.7,96.9,65.8,0.000,0.000,0.00,0.000,0.0,0.4,0.1,117,0,0.3,0.9,0.4,74,16,0.0,0.4,0.1,117,0,0,29.41,,0,0,0,72.3,70.7,68.2,0.26,0.28,0.27
RUSH,2017-08-21 22:15:00 EDT,43.00099,-77.63739,593,66.7,69.4,66.7,97.2,65.9,0.000,0.000,0.00,0.000,0.2,1.4,0.4,116,0,0.9,1.8,0.3,86,20,0.2,1.4,0.4,116,0,0,29.41,,0,0,0,72.3,70.7,68.2,0.26,0.28,0.27
RUSH,2017-08-21 22:20:00 EDT,43.00099,-77.63739,593,66.8,69.3,66.8,97.3,66.0,0.000,0.000,0.00,0.000,1.0,1.7,0.3,128,17,1.2,1.9,0.3,129,15,1.0,1.7,0.3,128,17,0,29.41,,0,0,0,72.3,70.7,68.2,0.26,0.28,0.26
RUSH,2017-08-21 22:25:00 EDT,43.00099,-77.63739,593,66.2,69.0,66.2,97.1,65.3,0.000,0.000,0.00,0.000,0.2,1.0,0.3,121,12,0.3,1.4,0.5,102,19,0.2,1.0,0.3,121,12,0,29.41,,0,0,0,72.3,70.7,68.2,0.26,0.29,0.26
RUSH,2017-08-21 22:30:00 EDT,43.00099,-77.63739,593,66.4,68.8,66.4,97.4,65.6,0.000,0.000,0.00,0.000,1.1,1.7,0.4,133,16,1.2,1.7,0.4,129,14,1.1,1.7,0.4,133,16,0,29.41,,0,0,0,72.3,70.7,68.2,0.26,0.28,0.26
RUSH,2017-08-21 22:35:00 EDT,43.00099,-77.63739,593,66.1,69.0,66.1,97.2,65.3,0.000,0.000,0.00,0.000,0.4,1.0,0.4,121,2,0.8,1.3,0.3,103,19,0.4,1.0,0.4,121,2,0,29.41,,0,0,0,72.2,70.7,68.2,0.26,0.28,0.26
RUSH,2017-08-21 22:40:00 EDT,43.00099,-77.63739,593,66.1,68.6,66.1,97.6,65.4,0.000,0.000,0.00,0.000,0.7,1.4,0.5,40,2,1.0,1.6,0.3,37,7,0.7,1.4,0.5,40,2,0,29.41,,0,0,0,71.9,70.7,68.2,0.26,0.28,0.26
RUSH,2017-08-21 22:45:00 EDT,43.00099,-77.63739,593,65.7,68.4,65.7,97.3,64.9,0.000,0.000,0.00,0.000,1.0,1.5,0.2,23,2,1.2,1.7,0.1,19,6,1.0,1.5,0.2,23,2,0,29.41,,0,0,0,71.8,70.7,68.2,0.26,0.28,0.27
RUSH,2017-08-21 22:50:00 EDT,43.00099,-77.63739,593,65.7,68.3,65.7,97.5,65.0,0.000,0.000,0.00,0.000,0.2,0.8,0.3,22,0,0.6,1.2,0.4,76,35,0.2,0.8,0.3,22,0,0,29.40,,0,0,0,71.8,70.7,68.2,0.26,0.28,0.27
RUSH,2017-08-21 22:55:00 EDT,43.00099,-77.63739,593,65.8,68.4,65.8,97.5,65.1,0.000,0.000,0.00,0.000,1.8,3.2,0.9,122,8,1.9,3.4,0.7,122,7,1.8,3.2,0.9,122,8,0,29.40,,0,0,0,71.8,70.7,68.2,0.26,0.28,0.26
RUSH,2017-08-21 23:00:00 EDT,43.00099,-77.63739,593,65.6,68.1,65.6,97.4,64.9,0.000,0.000,0.00,0.000,1.6,3.1,0.9,99,23,1.8,3.6,0.8,94,29,1.6,3.1,0.9,99,23,0,29.40,,0,0,0,71.8,70.7,68.2,0.26,0.28,0.27
RUSH,2017-08-21 23:05:00 EDT,43.00099,-77.63739,593,65.3,67.8,65.3,97.4,64.5,0.000,0.000,0.00,0.000,1.0,1.8,0.3,26,12,1.2,1.9,0.3,30,11,1.0,1.8,0.3,26,12,0,29.40,,0,0,0,71.8,70.7,68.2,0.26,0.28,0.26
RUSH,2017-08-21 23:10:00 EDT,43.00099,-77.63739,593,65.3,67.9,65.3,97.5,64.6,0.000,0.000,0.00,0.000,1.2,1.8,0.4,46,3,1.3,2.0,0.3,50,5,1.2,1.8,0.4,46,3,0,29.40,,0,0,0,71.8,70.7,68.2,0.26,0.28,0.27
RUSH,2017-08-21 23:15:00 EDT,43.00099,-77.63739,593,65.4,68.0,65.4,97.6,64.7,0.000,0.000,0.00,0.000,1.3,2.0,0.4,101,8,1.6,2.4,0.4,100,7,1.3,2.0,0.4,101,8,0,29.40,,0,0,0,71.6,70.7,68.2,0.26,0.28,0.26
RUSH,2017-08-21 23:20:00 EDT,43.00099,-77.63739,593,65.3,68.0,65.3,97.7,64.6,0.000,0.000,0.00,0.000,0.9,1.5,0.2,78,17,1.2,1.8,0.2,69,18,0.9,1.5,0.2,78,17,0,29.40,,0,0,0,71.4,70.7,68.2,0.26,0.28,0.26
RUSH,2017-08-21 23:25:00 EDT,43.00099,-77.63739,593,64.9,67.9,64.9,97.6,64.2,0.000,0.000,0.00,0.000,1.2,1.5,0.1,52,1,1.3,1.5,0.1,51,2,1.2,1.5,0.1,52,1,0,29.39,,0,0,0,71.4,70.7,68.2,0.26,0.28,0.26
RUSH,2017-08-21 23:30:00 EDT,43.00099,-77.63739,593,65.2,67.6,65.2,97.7,64.5,0.000,0.000,0.00,0.000,0.3,1.5,0.4,81,19,0.8,1.9,0.4,88,15,0.3,1.5,0.4,81,19,0,29.39,,0,0,0,71.4,70.7,68.2,0.26,0.28,0.27
RUSH,2017-08-21 23:35:00 EDT,43.00099,-77.63739,593,65.4,68.0,65.4,97.8,64.7,0.000,0.000,0.00,0.000,2.0,2.6,0.4,112,5,2.2,2.9,0.4,110,7,2.0,2.6,0.4,112,5,0,29.39,,0,0,0,71.4,70.7,68.2,0.26,0.28,0.26
RUSH,2017-08-21 23:40:00 EDT,43.00099,-77.63739,593,65.0,68.1,65.0,97.7,64.4,0.000,0.000,0.00,0.000,1.3,2.1,0.4,119,10,1.4,2.4,0.4,117,10,1.3,2.1,0.4,119,10,0,29.39,,0,0,0,71.4,70.7,68.2,0.26,0.28,0.26
RUSH,2017-08-21 23:45:00 EDT,43.00099,-77.63739,593,64.6,67.2,64.6,97.5,63.9,0.000,0.000,0.00,0.000,0.7,1.0,0.3,115,8,0.9,1.4,0.3,106,15,0.7,1.0,0.3,115,8,0,29.39,,0,0,0,71.4,70.7,68.2,0.26,0.28,0.26
RUSH,2017-08-21 23:50:00 EDT,43.00099,-77.63739,593,64.4,66.9,64.4,97.5,63.6,0.000,0.000,0.00,0.000,0.0,0.5,0.1,269,0,0.1,1.0,0.3,269,3,0.0,0.5,0.1,269,0,0,29.39,,0,0,0,71.4,70.7,68.2,0.26,0.28,0.27
RUSH,2017-08-21 23:55:00 EDT,43.00099,-77.63739,593,64.4,67.0,64.4,97.7,63.8,0.000,0.000,0.00,0.000,0.0,0.4,0.1,269,0,0.1,0.8,0.2,269,1,0.0,0.4,0.1,269,0,0,29.39,,0,0,0,71.4,70.7,68.2,0.26,0.28,0.26
SARA,2017-08-21 00:00:00 EDT,44.70758,-73.67115,1029,61.0,61.7,61.0,92.2,58.7,0.000,0.013,0.00,0.000,2.3,5.7,1.1,270,36,2.8,9.1,1.3,278,36,2.3,5.7,1.1,270,36,0,29.00,,0,0,0,69.3,71.8,68.9,0.07,0.11,0.04
SARA,2017-08-21 00:05:00 EDT,44.70758,-73.67115,1029,61.0,61.7,61.0,91.8,58.6,0.000,0.000,0.00,0.000,2.4,4.6,0.9,285,33,3.0,6.8,1.2,290,33,2.4,4.6,0.9,285,33,0,29.00,,0,0,0,69.0,71.8,68.9,0.07,0.11,0.04
SARA,2017-08-21 00:10:00 EDT,44.70758,-73.67115,1029,60.8,61.7,60.8,92.1,58.5,0.000,0.000,0.00,0.000,2.5,4.7,1.0,278,29,2.9,5.8,1.2,284,28,2.5,4.7,1.0,278,29,0,29.00,,0,0,0,68.9,71.8,68.9,0.07,0.11,0.04
SARA,2017-08-21 00:15:00 EDT,44.70758,-73.67115,1029,61.0,61.8,61.0,92.2,58.7,0.000,0.000,0.00,0.000,2.2,5.0,1.2,283,39,3.1,8.4,1.5,284,40,2.2,5.0,1.2,283,39,0,29.00,,0,0,0,68.9,71.8,68.9,0.07,0.11,0.04
SARA,2017-08-21 00:20:00 EDT,44.70758,-73.67115,1029,61.3,62.0,61.3,91.4,58.8,0.000,0.000,0.00,0.000,3.1,6.0,1.0,292,26,3.6,6.9,1.3,295,24,3.1,6.0,1.0,292,26,0,29.00,,0,0,0,68.9,71.7,68.9,0.07,0.11,0.04
SARA,2017-08-21 00:25:00 EDT,44.70758,-73.67115,1029,61.7,62.5,61.7,90.5,58.9,0.000,0.000,0.00,0.000,2.6,7.2,1.4,257,39,3.0,8.3,1.6,263,39,2.6,7.2,1.4,257,39,0,29.01,,0,0,0,68.9,71.7,68.9,0.07,0.11,0.04
SARA,2017-08-21 00:30:00 EDT,44.70758,-73.67115,1029,62.0,62.8,62.0,89.0,58.8,0.000,0.000,0.00,0.000,2.2,6.3,1.1,265,35,2.8,7.8,1.4,273,36,2.2,6.3,1.1,265,35,0,29.01,,0,0,0,68.8,71.4,68.9,0.07,0.11,0.04
SARA,2017-08-21 00:35:00 EDT,44.70758,-73.67115,1029,61.6,62.6,61.6,89.2,58.4,0.000,0.000,0.00,0.000,2.0,7.5,1.6,266,30,2.7,8.7,1.8,268,37,2.0,7.5,1.6,266,30,0,29.01,,0,0,0,68.6,71.4,68.9,0.07,0.11,0.04
SARA,2017-08-21 00:40:00 EDT,44.70758,-73.67115,1029,62.1,62.5,62.1,89.1,58.9,0.000,0.000,0.00,0.000,2.0,5.0,1.3,261,28,2.7,6.9,1.4,268,34,2.0,5.0,1.3,261,28,0,29.01,,0,0,0,68.5,71.4,68.9,0.07,0.11,0.04
SARA,2017-08-21 00:45:00 EDT,44.70758,-73.67115,1029,61.4,62.4,61.4,89.5,58.3,0.000,0.000,0.00,0.000,1.6,7.3,1.5,246,49,2.2,8.6,1.6,253,57,1.6,7.3,1.5,246,49,0,29.01,,0,0,0,68.5,71.4,68.9,0.07,0.11,0.04
SARA,2017-08-21 00:50:00 EDT,44.70758,-73.67115,1029,61.6,62.3,61.6,90.1,58.6,0.000,0.000,0.00,0.000,0.7,3.1,0.7,297,52,1.2,3.4,0.8,307,56,0.7,3.1,0.7,297,52,0,29.01,,0,0,0,68.5,71.4,68.9,0.07,0.11,0.04
SARA,2017-08-21 00:55:00 EDT,44.70758,-73.67115,1029,61.6,62.2,61.6,90.2,58.8,0.000,0.000,0.00,0.000,2.0,5.8,1.1,258,37,2.5,6.5,1.3,256,38,2.0,5.8,1.1,258,37,0,29.01,,0,0,0,68.5,71.4,68.9,0.06,0.11,0.04
SARA,2017-08-21 01:00:00 EDT,44.70758,-73.67115,1029,61.3,62.0,61.3,90.5,58.5,0.000,0.000,0.00,0.000,1.6,4.5,1.3,281,28,2.2,5.3,1.4,285,37,1.6,4.5,1.3,281,28,0,29.01,,0,0,0,68.5,71.4,68.9,0.06,0.11,0.04
SARA,2017-08-21 01:05:00 EDT,44.70758,-73.67115,1029,61.5,62.2,61.5,90.3,58.7,0.000,0.000,0.00,0.000,2.4,5.4,0.9,272,35,2.9,5.6,1.2,282,36,2.4,5.4,0.9,272,35,0,29.01,,0,0,0,68.5,71.4,68.9,0.07,0.11,0.04
SARA,2017-08-21 01:10:00 EDT,44.70758,-73.67115,1029,61.6,62.1,61.6,90.1,58.7,0.000,0.000,0.00,0.000,3.1,8.7,1.3,271,36,3.8,9.0,1.4,282,35,3.1,8.7,1.3,271,36,0,29.01,,0,0,0,68.4,71.4,68.9,0.06,0.11,0.04
SARA,2017-08-21 01:15:00 EDT,44.70758,-73.67115,1029,61.9,62.3,61.9,90.2,59.0,0.000,0.000,0.00,0.000,2.4,6.4,1.7,244,47,3.2,7.8,1.8,252,50,2.4,6.4,1.7,244,47,0,29.01,,0,0,0,68.3,71.4,68.9,0.06,0.11,0.04
SARA,2017-08-21 01:20:00 EDT,44.70758,-73.67115,1029,61.9,62.3,61.9,89.8,58.9,0.000,0.000,0.00,0.000,2.5,8.5,1.7,260,41,3.2,12.8,2.1,265,43,2.5,8.5,1.7,260,41,0,29.01,,0,0,0,68.2,71.4,68.9,0.06,0.11,0.04
SARA,2017-08-21 01:25:00 EDT,44.70758,-73.67115,1029,61.9,62.2,61.9,89.6,58.8,0.000,0.000,0.00,0.000,2.1,6.9,1.6,283,40,2.9,8.9,1.8,284,41,2.1,6.9,1.6,283,40,0,29.01,,0,0,0,68.2,71.3,68.9,0.06,0.11,0.04
SARA,2017-08-21 01:30:00 EDT,44.70758,-73.67115,1029,62.3,62.4,62.3,89.1,59.0,0.000,0.000,0.00,0.000,2.6,6.9,1.6,267,43,3.5,9.5,1.8,275,41,2.6,6.9,1.6,267,43,0,29.02,,0,0,0,68.2,71.1,68.9,0.06,0.11,0.04
SARA,2017-08-21 01:35:00 EDT,44.70758,-73.67115,1029,62.3,62.5,62.3,88.7,58.9,0.000,0.000,0.00,0.000,3.0,7.5,1.7,257,36,3.8,8.6,1.9,274,40,3.0,7.5,1.7,257,36,0,29.02,,0,0,0,68.2,71.1,68.9,0.06,0.11,0.04
SARA,2017-08-21 01:40:00 EDT,44.70758,-73.67115,1029,62.4,62.5,62.4,88.2,58.9,0.000,0.000,0.00,0.000,3.3,10.3,2.0,267,39,4.3,13.0,2.7,272,35,3.3,10.3,2.0,267,39,0,29.02,,0,0,0,68.2,71.1,68.9,0.06,0.11,0.04
SARA,2017-08-21 01:45:00 EDT,44.70758,-73.67115,1029,62.5,62.6,62.5,87.9,58.9,0.000,0.000,0.00,0.000,2.9,8.8,1.9,273,41,3.9,10.5,2.0,271,35,2.9,8.8,1.9,273,41,0,29.02,,0,0,0,68.0,71.1,68.9,0.06,0.11,0.04
SARA,2017-08-21 01:50:00 EDT,44.70758,-73.67115,1029,62.2,62.4,62.2,88.3,58.7,0.000,0.000,0.00,0.000,2.4,5.2,1.0,290,45,3.2,6.3,1.3,296,40,2.4,5.2,1.0,290,45,0,29.02,,0,0,0,67.9,71.1,68.9,0.06,0.11,0.04
SARA,2017-08-21 01:55:00 EDT,44.70758,-73.67115,1029,62.4,62.6,62.4,88.3,58.9,0.000,0.000,0.00,0.000,4.1,9.7,2.5,259,41,5.1,11.7,2.7,266,36,4.1,9.7,2.5,259,41,0,29.02,,0,0,0,67.8,71.1,68.9,0.06,0.11,0.05
SARA,2017-08-21 02:00:00 EDT,44.70758,-73.67115,1029,62.4,62.6,62.4,88.2,58.8,0.000,0.000,0.00,0.000,2.7,8.3,2.0,262,40,3.8,11.3,2.3,266,42,2.7,8.3,2.0,262,40,0,29.01,,0,0,0,67.8,71.1,68.9,0.06,0.11,0.04
SARA,2017-08-21 02:05:00 EDT,44.70758,-73.67115,1029,62.5,62.7,62.5,87.9,58.9,0.000,0.000,0.00,0.000,2.9,8.1,1.6,286,39,4.0,9.9,1.9,292,42,2.9,8.1,1.6,286,39,0,29.01,,0,0,0,67.8,71.1,68.9,0.06,0.11,0.04
SARA,2017-08-21 02:10:00 EDT,44.70758,-73.67115,1029,62.7,62.8,62.7,87.4,58.9,0.000,0.000,0.00,0.000,3.2,8.8,1.9,266,34,4.2,10.0,2.0,273,32,3.2,8.8,1.9,266,34,0,29.01,,0,0,0,67.8,71.0,68.9,0.06,0.11,0.04
SARA,2017-08-21 02:15:00 EDT,44.70758,-73.67115,1029,62.6,62.8,62.6,87.3,58.8,0.000,0.000,0.00,0.000,3.3,9.6,1.8,271,39,4.2,10.4,1.9,274,36,3.3,9.6,1.8,271,39,0,29.01,,0,0,0,67.8,71.0,68.9,0.06,0.11,0.04
SARA,2017-08-21 02:20:00 EDT,44.70758,-73.67115,1029,62.5,62.6,62.5,87.5,58.8,0.000,0.000,0.00,0.000,2.3,7.3,1.4,266,44,3.3,8.4,1.6,278,41,2.3,7.3,1.4,266,44,0,29.02,,0,0,0,67.8,70.8,68.9,0.06,0.11,0.04
SARA,2017-08-21 02:25:00 EDT,44.70758,-73.67115,1029,62.5,62.6,62.5,87.3,58.7,0.000,0.000,0.00,0.000,2.6,5.9,1.1,271,44,3.4,8.4,1.5,277,39,2.6,5.9,1.1,271,44,0,29.02,,0,0,0,67.8,70.7,68.9,0.06,0.11,0.04
SARA,2017-08-21 02:30:00 EDT,44.70758,-73.67115,1029,62.2,62.4,62.2,87.7,58.5,0.000,0.000,0.00,0.000,2.7,5.5,1.3,254,42,3.4,8.5,1.6,253,37,2.7,5.5,1.3,254,42,0,29.02,,0,0,0,67.8,70.7,68.9,0.06,0.11,0.04
SARA,2017-08-21 02:35:00 EDT,44.70758,-73.67115,1029,62.2,62.3,62.2,87.7,58.5,0.000,0.000,0.00,0.000,2.7,5.8,1.4,257,35,3.5,7.8,1.7,265,35,2.7,5.8,1.4,257,35,0,29.01,,0,0,0,67.8,70.7,68.9,0.06,0.11,0.04
SARA,2017-08-21 02:40:00 EDT,44.70758,-73.67115,1029,62.0,62.2,62.0,88.2,58.5,0.000,0.000,0.00,0.000,2.0,5.0,1.2,241,57,2.8,6.7,1.4,257,51,2.0,5.0,1.2,241,57,0,29.01,,0,0,0,67.7,70.7,68.9,0.06,0.11,0.04
SARA,2017-08-21 02:45:00 EDT,44.70758,-73.67115,1029,61.8,62.1,61.8,88.9,58.5,0.000,0.000,0.00,0.000,2.3,6.5,1.2,264,41,3.1,6.9,1.5,272,38,2.3,6.5,1.2,264,41,0,29.01,,0,0,0,67.5,70.7,68.9,0.06,0.11,0.04
SARA,2017-08-21 02:50:00 EDT,44.70758,-73.67115,1029,61.7,61.8,61.7,89.3,58.5,0.000,0.000,0.00,0.000,1.8,3.6,0.9,286,41,2.5,5.8,1.2,296,41,1.8,3.6,0.9,286,41,0,29.01,,0,0,0,67.5,70.7,68.9,0.06,0.11,0.04
SARA,2017-08-21 02:55:00 EDT,44.70758,-73.67115,1029,61.5,61.7,61.5,89.7,58.4,0.000,0.000,0.00,0.000,2.4,5.1,0.9,276,32,3.0,5.9,1.1,282,27,2.4,5.1,0.9,276,32,0,29.01,,0,0,0,67.5,70.7,68.9,0.06,0.11,0.04
SARA,2017-08-21 03:00:00 EDT,44.70758,-73.67115,1029,61.0,61.3,61.0,90.6,58.2,0.000,0.000,0.00,0.000,1.7,3.1,0.7,290,34,2.0,4.0,0.8,294,33,1.7,3.1,0.7,290,34,0,29.01,,0,0,0,67.5,70.7,68.9,0.06,0.11,0.04
SARA,2017-08-21 03:05:00 EDT,44.70758,-73.67115,1029,60.7,61.2,60.7,91.2,58.1,0.000,0.000,0.00,0.000,1.4,2.8,0.8,309,43,1.7,4.3,1.0,310,41,1.4,2.8,0.8,309,43,0,29.01,,0,0,0,67.5,70.7,68.9,0.06,0.11,0.04
SARA,2017-08-21 03:10:00 EDT,44.70758,-73.67115,1029,60.4,61.1,60.4,92.2,58.1,0.000,0.000,0.00,0.000,1.3,2.7,0.8,289,35,1.8,4.1,1.0,291,37,1.3,2.7,0.8,289,35,0,29.01,,0,0,0,67.5,70.7,68.9,0.06,0.11,0.04
SARA,2017-08-21 03:15:00 EDT,44.70758,-73.67115,1029,60.8,61.3,60.8,92.0,58.5,0.000,0.000,0.00,0.000,1.8,4.5,0.9,281,43,2.4,6.4,1.2,285,37,1.8,4.5,0.9,281,43,0,29.01,,0,0,0,67.5,70.7,68.9,0.06,0.11,0.04
SARA,2017-08-21 03:20:00 EDT,44.70758,-73.67115,1029,60.5,61.2,60.5,92.1,58.2,0.000,0.000,0.00,0.000,2.3,4.1,0.7,293,21,2.7,4.9,0.9,299,19,2.3,4.1,0.7,293,21,0,29.01,,0,0,0,67.4,70.5,68.9,0.06,0.11,0.04
SARA,2017-08-21 03:25:00 EDT,44.70758,-73.67115,1029,60.2,61.1,60.2,92.5,58.0,0.000,0.000,0.00,0.000,2.0,5.0,0.8,295,25,2.4,7.2,1.1,299,22,2.0,5.0,0.8,295,25,0,29.01,,0,0,0,67.1,70.4,68.9,0.06,0.11,0.05
SARA,2017-08-21 03:30:00 EDT,44.70758,-73.67115,1029,60.2,61.1,60.2,93.3,58.3,0.000,0.000,0.00,0.000,1.9,5.3,1.2,287,28,2.4,6.1,1.3,293,30,1.9,5.3,1.2,287,28,0,29.02,,0,0,0,67.1,70.3,68.9,0.06,0.11,0.04
SARA,2017-08-21 03:35:00 EDT,44.70758,-73.67115,1029,60.2,61.0,60.2,93.5,58.3,0.000,0.000,0.00,0.000,1.8,5.0,1.1,261,35,2.0,5.7,1.4,269,32,1.8,5.0,1.1,261,35,0,29.02,,0,0,0,67.1,70.3,68.9,0.06,0.11,0.04
SARA,2017-08-21 03:40:00 EDT,44.70758,-73.67115,1029,60.5,61.1,60.5,93.2,58.6,0.000,0.000,0.00,0.000,1.9,4.7,1.0,272,46,2.4,6.5,1.2,289,41,1.9,4.7,1.0,272,46,0,29.02,,0,0,0,67.1,70.3,68.9,0.06,0.11,0.04
SARA,2017-08-21 03:45:00 EDT,44.70758,-73.67115,1029,60.0,61.0,60.0,93.0,58.0,0.000,0.000,0.00,0.000,1.4,4.3,1.2,298,25,1.8,5.4,1.2,302,39,1.4,4.3,1.2,298,25,0,29.02,,0,0,0,67.1,70.3,68.9,0.06,0.11,0.04
SARA,2017-08-21 03:50:00 EDT,44.70758,-73.67115,1029,60.0,61.1,60.0,93.6,58.1,0.000,0.000,0.00,0.000,0.8,3.7,0.9,279,50,1.4,4.5,0.9,280,63,0.8,3.7,0.9,279,50,0,29.02,,0,0,0,67.1,70.3,68.9,0.06,0.11,0.04
SARA,2017-08-21 03:55:00 EDT,44.70758,-73.67115,1029,60.0,61.0,60.0,93.6,58.2,0.000,0.000,0.00,0.000,1.6,3.2,0.7,247,34,1.9,4.2,1.0,251,30,1.6,3.2,0.7,247,34,0,29.02,,0,0,0,67.1,70.3,68.9,0.06,0.11,0.05
SARA,2017-08-21 04:00:00 EDT,44.70758,-73.67115,1029,59.5,60.7,59.5,93.6,57.7,0.000,0.000,0.00,0.000,1.3,2.9,0.7,287,45,1.6,3.4,0.8,294,44,1.3,2.9,0.7,287,45,0,29.02,,0,0,0,67.1,70.3,68.9,0.06,0.11,0.04
SARA,2017-08-21 04:05:00 EDT,44.70758,-73.67115,1029,60.1,60.7,60.1,94.5,58.5,0.000,0.000,0.00,0.000,1.5,3.4,0.8,274,46,1.8,4.2,0.9,277,44,1.5,3.4,0.8,274,46,0,29.02,,0,0,0,67.0,70.3,68.9,0.06,0.11,0.04
SARA,2017-08-21 04:10:00 EDT,44.70758,-73.67115,1029,59.7,60.5,59.7,93.7,57.9,0.000,0.000,0.00,0.000,0.9,2.4,0.8,321,16,1.2,3.4,1.0,324,23,0.9,2.4,0.8,321,16,0,29.02,,0,0,0,66.7,70.3,68.9,0.06,0.11,0.04
SARA,2017-08-21 04:15:00 EDT,44.70758,-73.67115,1029,59.1,60.5,59.1,94.3,57.5,0.000,0.000,0.00,0.000,0.2,1.2,0.4,134,44,0.7,2.5,0.7,77,53,0.2,1.2,0.4,134,44,0,29.02,,0,0,0,66.7,70.3,68.9,0.06,0.11,0.04
SARA,2017-08-21 04:20:00 EDT,44.70758,-73.67115,1029,58.8,60.4,58.8,95.2,57.5,0.000,0.000,0.00,0.000,0.5,1.4,0.5,284,25,0.8,2.0,0.6,295,30,0.5,1.4,0.5,284,25,0,29.02,,0,0,0,66.7,70.1,68.9,0.06,0.11,0.05
SARA,2017-08-21 04:25:00 EDT,44.70758,-73.67115,1029,58.0,59.8,58.0,95.5,56.7,0.000,0.000,0.00,0.000,0.3,1.0,0.4,269,12,0.6,1.9,0.6,293,25,0.3,1.0,0.4,269,12,0,29.02,,0,0,0,66.7,70.0,68.9,0.06,0.11,0.04
SARA,2017-08-21 04:30:00 EDT,44.70758,-73.67115,1029,57.4,59.8,57.4,96.0,56.3,0.000,0.000,0.00,0.000,0.2,0.9,0.3,356,5,0.7,1.7,0.5,8,23,0.2,0.9,0.3,356,5,0,29.02,,0,0,0,66.7,70.0,68.9,0.06,0.11,0.04
SARA,2017-08-21 04:35:00 EDT,44.70758,-73.67115,1029,57.3,59.3,57.3,96.5,56.3,0.000,0.000,0.00,0.000,0.1,0.6,0.1,349,5,0.3,1.3,0.4,359,15,0.1,0.6,0.1,349,5,0,29.02,,0,0,0,66.7,70.0,68.9,0.06,0.11,0.04
SARA,2017-08-21 04:40:00 EDT,44.70758,-73.67115,1029,56.8,59.2,56.8,96.7,55.9,0.000,0.000,0.00,0.000,0.3,0.9,0.3,54,27,0.8,1.6,0.5,57,30,0.3,0.9,0.3,54,27,0,29.02,,0,0,0,66.5,70.0,68.9,0.06,0.11,0.04
SARA,2017-08-21 04:45:00 EDT,44.70758,-73.67115,1029,57.0,59.0,57.0,97.1,56.2,0.000,0.000,0.00,0.000,0.3,1.2,0.4,133,2,0.5,1.4,0.5,121,15,0.3,1.2,0.4,133,2,0,29.02,,0,0,0,66.4,70.0,68.9,0.06,0.11,0.05
SARA,2017-08-21 04:50:00 EDT,44.70758,-73.67115,1029,56.8,58.7,56.8,97.5,56.1,0.000,0.000,0.00,0.000,0.5,1.2,0.4,41,22,0.8,1.5,0.6,44,26,0.5,1.2,0.4,41,22,0,29.02,,0,0,0,66.4,70.0,68.9,0.06,0.11,0.04
SARA,2017-08-21 04:55:00 EDT,44.70758,-73.67115,1029,56.9,58.5,56.9,97.8,56.3,0.000,0.000,0.00,0.000,0.3,1.6,0.5,318,8,0.6,2.1,0.6,328,25,0.3,1.6,0.5,318,8,0,29.03,,0,0,0,66.4,70.0,68.9,0.06,0.11,0.04
SARA,2017-08-21 05:00:00 EDT,44.70758,-73.67115,1029,56.8,58.3,56.8,97.7,56.1,0.000,0.000,0.00,0.000,1.2,1.9,0.5,333,12,1.4,2.4,0.5,335,14,1.2,1.9,0.5,333,12,0,29.02,,0,0,0,66.4,70.0,68.9,0.06,0.11,0.04
SARA,2017-08-21 05:05:00 EDT,44.70758,-73.67115,1029,56.7,57.7,56.7,97.8,56.1,0.000,0.000,0.00,0.000,1.7,2.3,0.3,339,12,2.1,3.0,0.4,341,12,1.7,2.3,0.3,339,12,0,29.02,,0,0,0,66.4,70.0,68.9,0.06,0.11,0.04
SARA,2017-08-21 05:10:00 EDT,44.70758,-73.67115,1029,56.6,57.7,56.6,97.9,56.0,0.000,0.000,0.00,0.000,1.5,2.4,0.2,334,12,1.8,3.3,0.4,337,13,1.5,2.4,0.2,334,12,0,29.02,,0,0,0,66.4,70.0,68.9,0.06,0.11,0.04
SARA,2017-08-21 05:15:00 EDT,44.70758,-73.67115,1029,56.5,57.7,56.5,97.9,55.9,0.000,0.000,0.00,0.000,0.8,1.7,0.5,339,14,1.0,2.5,0.6,337,17,0.8,1.7,0.5,339,14,0,29.02,,0,0,0,66.1,70.0,68.9,0.06,0.11,0.04
SARA,2017-08-21 05:20:00 EDT,44.70758,-73.67115,1029,56.3,57.7,56.3,97.9,55.7,0.000,0.000,0.00,0.000,1.2,2.0,0.3,323,17,1.4,3.0,0.5,325,17,1.2,2.0,0.3,323,17,0,29.02,,0,0,0,66.0,70.0,68.9,0.06,0.11,0.04
SARA,2017-08-21 05:25:00 EDT,44.70758,-73.67115,1029,56.3,57.7,56.3,98.0,55.7,0.000,0.000,0.00,0.000,1.4,2.6,0.5,336,20,1.6,3.0,0.5,342,21,1.4,2.6,0.5,336,20,0,29.02,,0,0,0,66.0,69.9,68.9,0.06,0.11,0.04
SARA,2017-08-21 05:30:00 EDT,44.70758,-73.67115,1029,56.1,58.0,56.1,98.0,55.6,0.000,0.000,0.00,0.000,1.8,3.2,0.7,334,21,2.1,4.2,0.9,339,21,1.8,3.2,0.7,334,21,0,29.02,,0,0,0,66.0,69.7,68.9,0.06,0.11,0.05
SARA,2017-08-21 05:35:00 EDT,44.70758,-73.67115,1029,56.4,59.1,56.4,98.2,55.9,0.000,0.000,0.00,0.000,1.3,2.8,0.7,305,33,1.6,3.2,0.8,313,32,1.3,2.8,0.7,305,33,0,29.02,,0,0,0,66.0,69.6,68.9,0.06,0.11,0.04
SARA,2017-08-21 05:40:00 EDT,44.70758,-73.67115,1029,58.0,60.2,58.0,98.7,57.7,0.000,0.000,0.00,0.000,2.3,6.4,1.1,288,41,3.2,10.7,1.7,287,37,2.3,6.4,1.1,288,41,0,29.02,,0,0,0,66.0,69.6,68.9,0.06,0.11,0.04
SARA,2017-08-21 05:45:00 EDT,44.70758,-73.67115,1029,59.7,61.5,59.7,98.8,59.3,0.000,0.000,0.00,0.000,2.2,5.6,1.0,289,33,2.8,6.6,1.2,292,33,2.2,5.6,1.0,289,33,0,29.02,,0,0,0,65.9,69.6,68.9,0.06,0.11,0.04
SARA,2017-08-21 05:50:00 EDT,44.70758,-73.67115,1029,60.2,62.0,60.2,97.7,59.6,0.000,0.000,0.00,0.000,1.9,5.7,1.2,279,32,2.6,5.7,1.3,291,30,1.9,5.7,1.2,279,32,0,29.02,,0,0,0,65.8,69.6,68.9,0.06,0.11,0.04
SARA,2017-08-21 05:55:00 EDT,44.70758,-73.67115,1029,61.0,62.4,61.0,96.1,59.9,0.000,0.000,0.00,0.000,2.5,6.8,1.2,285,36,3.0,9.2,1.4,291,32,2.5,6.8,1.2,285,36,1,29.02,,0,0,0,65.8,69.6,68.9,0.06,0.11,0.04
SARA,2017-08-21 06:00:00 EDT,44.70758,-73.67115,1029,61.5,62.7,61.5,93.4,59.6,0.000,0.000,0.00,0.000,2.5,5.0,1.2,284,28,2.9,6.9,1.5,285,28,2.5,5.0,1.2,284,28,3,29.03,,0,0,0,65.8,69.6,68.9,0.06,0.11,0.05
SARA,2017-08-21 06:05:00 EDT,44.70758,-73.67115,1029,61.9,63.0,61.9,92.1,59.6,0.000,0.000,0.00,0.000,3.3,7.2,1.3,279,23,4.0,9.0,1.7,283,24,3.3,7.2,1.3,279,23,4,29.03,,0,0,0,65.8,69.6,68.9,0.06,0.11,0.04
SARA,2017-08-21 06:10:00 EDT,44.70758,-73.67115,1029,62.2,63.2,62.2,91.1,59.6,0.000,0.000,0.00,0.000,2.5,4.7,1.1,292,34,3.1,6.0,1.3,297,31,2.5,4.7,1.1,292,34,4,29.03,,0,0,0,65.8,69.6,68.9,0.06,0.11,0.04
SARA,2017-08-21 06:15:00 EDT,44.70758,-73.67115,1029,62.1,63.2,62.1,91.2,59.5,0.000,0.000,0.00,0.000,2.2,4.0,0.7,291,24,2.7,5.2,1.0,293,23,2.2,4.0,0.7,291,24,7,29.03,,0,0,0,65.8,69.6,68.9,0.06,0.11,0.05
SARA,2017-08-21 06:20:00 EDT,44.70758,-73.67115,1029,61.6,63.1,61.6,92.0,59.3,0.000,0.000,0.00,0.000,1.7,4.3,1.0,272,31,1.9,6.3,1.3,275,30,1.7,4.3,1.0,272,31,14,29.03,,0,0,0,65.8,69.6,68.9,0.06,0.11,0.04
SARA,2017-08-21 06:25:00 EDT,44.70758,-73.67115,1029,61.9,63.0,61.9,91.9,59.6,0.000,0.000,0.00,0.000,1.1,3.0,0.9,247,43,1.7,4.4,1.1,259,42,1.1,3.0,0.9,247,43,19,29.03,,0,0,0,65.8,69.6,68.9,0.06,0.11,0.04
SARA,2017-08-21 06:30:00 EDT,44.70758,-73.67115,1029,62.5,63.2,62.5,90.8,59.8,0.000,0.000,0.00,0.000,1.6,4.6,1.0,257,37,2.2,7.2,1.2,267,39,1.6,4.6,1.0,257,37,22,29.03,,0,0,0,65.8,69.5,68.9,0.06,0.11,0.04
SARA,2017-08-21 06:35:00 EDT,44.70758,-73.67115,1029,62.3,63.3,62.3,90.4,59.5,0.000,0.000,0.00,0.000,1.0,3.1,0.8,236,46,1.5,5.6,1.0,249,47,1.0,3.1,0.8,236,46,22,29.03,,0,0,0,65.8,69.3,68.9,0.06,0.11,0.04
SARA,2017-08-21 06:40:00 EDT,44.70758,-73.67115,1029,61.9,63.0,61.9,90.5,59.1,0.000,0.000,0.00,0.000,0.8,5.4,0.9,206,57,1.4,4.9,1.0,226,61,0.8,5.4,0.9,206,57,25,29.03,,0,0,0,65.8,69.3,68.9,0.06,0.11,0.05
SARA,2017-08-21 06:45:00 EDT,44.70758,-73.67115,1029,62.0,63.1,62.0,91.2,59.4,0.000,0.000,0.00,0.000,1.6,3.8,0.9,211,37,2.0,5.0,1.0,212,34,1.6,3.8,0.9,211,37,28,29.03,,0,0,0,65.8,69.3,68.9,0.06,0.11,0.05
SARA,2017-08-21 06:50:00 EDT,44.70758,-73.67115,1029,61.7,62.8,61.7,90.9,59.0,0.000,0.000,0.00,0.000,1.5,2.7,0.5,145,24,1.8,3.6,0.6,148,25,1.5,2.7,0.5,145,24,31,29.03,,0,0,0,65.8,69.3,68.9,0.06,0.11,0.04
SARA,2017-08-21 06:55:00 EDT,44.70758,-73.67115,1029,61.6,62.0,61.6,91.3,59.0,0.000,0.000,0.00,0.000,2.0,3.4,0.6,138,25,2.2,3.9,0.7,140,23,2.0,3.4,0.6,138,25,40,29.03,,0,0,0,65.8,69.3,68.9,0.06,0.11,0.04
SARA,2017-08-21 07:00:00 EDT,44.70758,-73.67115,1029,61.4,61.5,61.4,91.6,58.9,0.000,0.000,0.00,0.000,1.7,2.9,0.6,124,24,2.1,4.4,0.8,123,24,1.7,2.9,0.6,124,24,63,29.03,,0,0,0,65.8,69.3,68.9,0.06,0.11,0.04
SARA,2017-08-21 07:05:00 EDT,44.70758,-73.67115,1029,61.3,61.2,61.3,91.6,58.8,0.000,0.000,0.00,0.000,1.8,3.7,0.7,129,28,2.1,4.5,0.8,127,28,1.8,3.7,0.7,129,28,70,29.03,,0,0,0,65.8,69.3,68.9,0.06,0.11,0.05
SARA,2017-08-21 07:10:00 EDT,44.70758,-73.67115,1029,61.4,61.2,61.4,91.3,58.9,0.000,0.000,0.00,0.000,1.6,4.0,0.8,119,40,2.0,5.6,1.0,125,33,1.6,4.0,0.8,119,40,104,29.03,,0,0,0,65.8,69.3,68.9,0.06,0.11,0.04
SARA,2017-08-21 07:15:00 EDT,44.70758,-73.67115,1029,61.8,61.5,61.8,90.2,58.9,0.000,0.000,0.00,0.000,0.7,2.1,0.5,113,46,1.2,2.7,0.6,110,39,0.7,2.1,0.5,113,46,130,29.03,,0,0,0,65.8,69.3,68.9,0.06,0.11,0.04
SARA,2017-08-21 07:20:00 EDT,44.70758,-73.67115,1029,62.3,62.0,62.3,88.5,58.9,0.000,0.000,0.00,0.000,1.4,2.8,0.6,168,34,1.9,3.9,0.8,170,36,1.4,2.8,0.6,168,34,145,29.03,,0,0,0,65.8,69.3,68.9,0.06,0.11,0.05
SARA,2017-08-21 07:25:00 EDT,44.70758,-73.67115,1029,62.7,62.3,62.7,87.9,59.0,0.000,0.000,0.00,0.000,2.0,4.1,0.9,176,35,2.5,5.1,0.9,174,38,2.0,4.1,0.9,176,35,169,29.03,,0,0,0,65.8,69.3,68.9,0.06,0.11,0.04
SARA,2017-08-21 07:30:00 EDT,44.70758,-73.67115,1029,63.0,62.6,63.0,87.8,59.4,0.000,0.000,0.00,0.000,0.5,3.0,0.6,152,43,1.2,3.4,0.8,145,61,0.5,3.0,0.6,152,43,159,29.03,,0,0,0,65.8,69.3,68.9,0.07,0.11,0.04
SARA,2017-08-21 07:35:00 EDT,44.70758,-73.67115,1029,63.2,62.8,63.2,86.4,59.0,0.000,0.000,0.00,0.000,1.3,6.8,1.3,209,40,1.9,6.2,1.3,212,43,1.3,6.8,1.3,209,40,176,29.03,,0,0,0,65.8,69.3,68.9,0.07,0.11,0.04
SARA,2017-08-21 07:40:00 EDT,44.70758,-73.67115,1029,63.8,63.3,63.8,85.5,59.3,0.000,0.000,0.00,0.000,2.0,5.3,1.3,176,30,2.7,6.5,1.5,170,34,2.0,5.3,1.3,176,30,173,29.03,,0,0,0,65.9,69.2,68.9,0.06,0.11,0.05
SARA,2017-08-21 07:45:00 EDT,44.70758,-73.67115,1029,63.8,63.3,63.8,85.2,59.2,0.000,0.000,0.00,0.000,1.5,3.2,0.9,183,48,2.1,5.8,1.1,191,51,1.5,3.2,0.9,183,48,120,29.03,,0,0,0,66.0,69.0,68.9,0.07,0.11,0.05
SARA,2017-08-21 07:50:00 EDT,44.70758,-73.67115,1029,63.9,63.4,63.9,86.3,59.7,0.000,0.000,0.00,0.000,0.5,2.3,0.6,221,56,1.1,3.6,0.9,216,60,0.5,2.3,0.6,221,56,147,29.04,,0,0,0,66.0,68.9,68.9,0.07,0.11,0.04
SARA,2017-08-21 07:55:00 EDT,44.70758,-73.67115,1029,64.2,63.7,64.2,85.7,59.9,0.000,0.000,0.00,0.000,0.9,3.7,1.1,157,31,1.5,4.7,1.1,158,38,0.9,3.7,1.1,157,31,168,29.04,,0,0,0,66.0,68.9,68.9,0.07,0.11,0.04
SARA,2017-08-21 08:00:00 EDT,44.70758,-73.67115,1029,64.7,64.2,64.7,84.6,59.9,0.000,0.000,0.00,0.000,1.9,4.7,1.3,174,26,2.5,5.5,1.2,171,31,1.9,4.7,1.3,174,26,206,29.03,,0,0,0,66.0,68.9,68.9,0.07,0.11,0.05
SARA,2017-08-21 08:05:00 EDT,44.70758,-73.67115,1029,65.4,64.8,65.4,83.9,60.4,0.000,0.000,0.00,0.000,1.3,3.9,0.9,170,33,1.8,6.1,1.1,169,42,1.3,3.9,0.9,170,33,280,29.03,,0,0,0,66.3,68.9,68.9,0.07,0.11,0.05
SARA,2017-08-21 08:10:00 EDT,44.70758,-73.67115,1029,66.1,65.5,66.1,82.2,60.5,0.000,0.000,0.00,0.000,1.9,5.8,1.3,189,31,2.5,6.7,1.5,190,32,1.9,5.8,1.3,189,31,291,29.03,,0,0,0,66.4,68.9,68.9,0.07,0.11,0.05
SARA,2017-08-21 08:15:00 EDT,44.70758,-73.67115,1029,66.6,66.0,66.6,81.5,60.8,0.000,0.000,0.00,0.000,2.1,4.4,1.0,183,36,2.7,6.1,1.3,187,37,2.1,4.4,1.0,183,36,281,29.03,,0,0,0,66.4,68.9,68.9,0.07,0.11,0.04
SARA,2017-08-21 08:20:00 EDT,44.70758,-73.67115,1029,67.0,66.4,67.0,80.3,60.8,0.000,0.000,0.00,0.000,2.4,5.7,1.5,176,31,3.2,6.6,1.6,176,32,2.4,5.7,1.5,176,31,285,29.03,,0,0,0,66.4,68.9,68.9,0.07,0.11,0.04
SARA,2017-08-21 08:25:00 EDT,44.70758,-73.67115,1029,67.7,67.0,67.7,79.1,61.0,0.000,0.000,0.00,0.000,2.3,8.0,1.8,187,41,3.0,8.2,1.7,186,50,2.3,8.0,1.8,187,41,327,29.03,,0,0,0,66.6,68.9,68.9,0.07,0.11,0.05
SARA,2017-08-21 08:30:00 EDT,44.70758,-73.67115,1029,68.0,67.3,68.0,78.2,61.0,0.000,0.000,0.00,0.000,2.8,5.2,1.1,195,35,3.5,7.5,1.2,196,32,2.8,5.2,1.1,195,35,287,29.03,,0,0,0,66.7,68.9,68.9,0.07,0.11,0.05
SARA,2017-08-21 08:35:00 EDT,44.70758,-73.67115,1029,68.1,67.6,68.1,77.4,60.8,0.000,0.000,0.00,0.000,2.9,6.3,1.5,200,34,3.5,7.3,1.6,200,34,2.9,6.3,1.5,200,34,324,29.03,,0,0,0,66.8,68.9,68.8,0.06,0.11,0.05
SARA,2017-08-21 08:40:00 EDT,44.70758,-73.67115,1029,68.6,68.0,68.6,76.8,61.0,0.000,0.000,0.00,0.000,2.7,6.1,1.5,218,31,3.4,6.9,1.4,219,40,2.7,6.1,1.5,218,31,336,29.03,,0,0,0,67.1,68.9,68.8,0.07,0.11,0.05
SARA,2017-08-21 08:45:00 EDT,44.70758,-73.67115,1029,69.1,68.6,69.1,76.3,61.3,0.000,0.000,0.00,0.000,2.8,7.5,1.7,215,37,3.5,9.4,1.8,220,39,2.8,7.5,1.7,215,37,353,29.03,,0,0,0,67.1,68.9,68.8,0.06,0.11,0.05
SARA,2017-08-21 08:50:00 EDT,44.70758,-73.67115,1029,69.7,68.9,69.7,75.7,61.7,0.000,0.000,0.00,0.000,2.4,7.7,1.9,200,45,3.3,9.0,2.1,199,44,2.4,7.7,1.9,200,45,366,29.03,,0,0,0,67.3,68.9,68.8,0.06,0.11,0.05
SARA,2017-08-21 08:55:00 EDT,44.70758,-73.67115,1029,69.6,68.9,69.6,74.2,61.0,0.000,0.000,0.00,0.000,3.9,8.8,2.0,191,35,4.6,10.7,2.0,193,39,3.9,8.8,2.0,191,35,378,29.03,,0,0,0,67.5,68.9,68.7,0.06,0.11,0.05
SARA,2017-08-21 09:00:00 EDT,44.70758,-73.67115,1029,69.9,69.2,69.9,74.5,61.4,0.000,0.000,0.00,0.000,3.2,7.5,1.9,202,40,4.1,9.5,2.0,206,39,3.2,7.5,1.9,202,40,393,29.02,,0,0,0,67.6,68.9,68.7,0.06,0.11,0.04
SARA,2017-08-21 09:05:00 EDT,44.70758,-73.67115,1029,70.6,69.8,70.6,74.5,62.1,0.000,0.000,0.00,0.000,2.2,6.6,1.3,193,68,2.9,7.2,1.4,213,72,2.2,6.6,1.3,193,68,407,29.02,,0,0,0,67.8,68.9,68.7,0.06,0.11,0.05
SARA,2017-08-21 09:10:00 EDT,44.70758,-73.67115,1029,70.6,69.8,70.6,72.2,61.2,0.000,0.000,0.00,0.000,3.4,7.8,2.0,211,37,4.5,9.2,2.1,215,37,3.4,7.8,2.0,211,37,418,29.02,,0,0,0,67.8,68.9,68.6,0.06,0.11,0.05
SARA,2017-08-21 09:15:00 EDT,44.70758,-73.67115,1029,70.8,69.9,70.8,72.5,61.6,0.000,0.000,0.00,0.000,4.3,8.1,1.6,199,28,4.8,9.2,1.9,200,29,4.3,8.1,1.6,199,28,431,29.02,,0,0,0,68.2,68.9,68.6,0.07,0.11,0.04
SARA,2017-08-21 09:20:00 EDT,44.70758,-73.67115,1029,71.3,70.4,71.3,72.3,61.9,0.000,0.000,0.00,0.000,3.7,11.1,2.2,198,34,4.5,11.6,2.5,200,35,3.7,11.1,2.2,198,34,445,29.02,,0,0,0,68.3,68.9,68.6,0.07,0.11,0.05
SARA,2017-08-21 09:25:00 EDT,44.70758,-73.67115,1029,71.5,70.6,71.5,71.6,61.9,0.000,0.000,0.00,0.000,3.5,7.5,1.5,199,37,4.0,8.4,1.7,202,37,3.5,7.5,1.5,199,37,451,29.02,,0,0,0,68.5,68.9,68.6,0.07,0.11,0.04
SARA,2017-08-21 09:30:00 EDT,44.70758,-73.67115,1029,71.9,70.9,71.9,71.2,62.1,0.000,0.000,0.00,0.000,2.5,6.4,1.6,217,41,3.2,6.8,1.8,216,44,2.5,6.4,1.6,217,41,449,29.02,,0,0,0,68.5,68.8,68.6,0.06,0.11,0.04
SARA,2017-08-21 09:35:00 EDT,44.70758,-73.67115,1029,72.6,71.6,72.6,71.7,62.9,0.000,0.000,0.00,0.000,2.0,6.1,1.5,183,38,2.6,8.4,1.6,186,38,2.0,6.1,1.5,183,38,475,29.02,,0,0,0,68.9,68.8,68.5,0.06,0.11,0.04
SARA,2017-08-21 09:40:00 EDT,44.70758,-73.67115,1029,72.8,71.8,72.8,69.2,62.1,0.000,0.000,0.00,0.000,3.4,7.2,2.0,216,40,4.5,9.9,2.3,219,43,3.4,7.2,2.0,216,40,508,29.02,,0,0,0,69.0,68.8,68.5,0.06,0.11,0.05
SARA,2017-08-21 09:45:00 EDT,44.70758,-73.67115,1029,72.7,71.8,72.7,69.2,62.1,0.000,0.000,0.00,0.000,3.4,7.1,1.8,233,39,4.1,10.3,2.1,241,41,3.4,7.1,1.8,233,39,521,29.01,,0,0,0,69.3,68.7,68.5,0.06,0.11,0.05
SARA,2017-08-21 09:50:00 EDT,44.70758,-73.67115,1029,73.2,72.4,73.2,69.9,62.8,0.000,0.000,0.00,0.000,3.0,8.8,2.1,248,38,3.8,13.3,2.6,253,42,3.0,8.8,2.1,248,38,503,29.01,,0,0,0,69.4,68.7,68.5,0.06,0.11,0.04
SARA,2017-08-21 09:55:00 EDT,44.70758,-73.67115,1029,73.8,72.6,73.8,69.2,63.1,0.000,0.000,0.00,0.000,3.9,8.4,2.1,256,26,4.9,10.0,2.2,264,28,3.9,8.4,2.1,256,26,549,29.02,,0,0,0,69.6,68.8,68.5,0.06,0.11,0.04
SARA,2017-08-21 10:00:00 EDT,44.70758,-73.67115,1029,73.6,72.7,73.6,68.7,62.7,0.000,0.000,0.00,0.000,3.9,8.3,1.7,234,40,4.7,10.0,1.9,236,43,3.9,8.3,1.7,234,40,548,29.02,,0,0,0,70.0,68.8,68.5,0.06,0.11,0.04
SARA,2017-08-21 10:05:00 EDT,44.70758,-73.67115,1029,74.0,73.1,74.0,68.9,63.1,0.000,0.000,0.00,0.000,3.5,8.1,1.7,219,34,4.1,8.8,1.7,223,36,3.5,8.1,1.7,219,34,556,29.02,,0,0,0,70.1,68.8,68.5,0.06,0.11,0.05
SARA,2017-08-21 10:10:00 EDT,44.70758,-73.67115,1029,74.3,73.5,74.3,67.5,62.8,0.000,0.000,0.00,0.000,3.2,8.0,2.1,249,38,4.0,8.9,2.3,255,37,3.2,8.0,2.1,249,38,556,29.02,,0,0,0,70.4,68.8,68.5,0.07,0.11,0.04
SARA,2017-08-21 10:15:00 EDT,44.70758,-73.67115,1029,74.6,73.9,74.6,67.3,63.0,0.000,0.000,0.00,0.000,2.7,9.3,2.3,234,42,3.7,11.8,2.5,241,53,2.7,9.3,2.3,234,42,559,29.02,,0,0,0,70.7,68.9,68.5,0.07,0.11,0.04
SARA,2017-08-21 10:20:00 EDT,44.70758,-73.67115,1029,74.5,73.7,74.5,66.6,62.7,0.000,0.000,0.00,0.000,3.8,9.6,2.0,240,33,4.6,11.7,2.1,248,30,3.8,9.6,2.0,240,33,587,29.02,,0,0,0,70.9,68.9,68.5,0.07,0.11,0.04
SARA,2017-08-21 10:25:00 EDT,44.70758,-73.67115,1029,74.8,74.0,74.8,66.5,62.9,0.000,0.000,0.00,0.000,2.9,8.9,2.3,203,40,3.6,9.1,2.4,208,42,2.9,8.9,2.3,203,40,609,29.02,,0,0,0,71.2,68.9,68.5,0.06,0.11,0.04
SARA,2017-08-21 10:30:00 EDT,44.70758,-73.67115,1029,75.0,74.1,75.0,65.9,62.8,0.000,0.000,0.00,0.000,3.4,8.6,2.0,214,46,4.0,11.9,2.2,218,48,3.4,8.6,2.0,214,46,537,29.01,,0,0,0,71.4,68.9,68.5,0.06,0.11,0.04
SARA,2017-08-21 10:35:00 EDT,44.70758,-73.67115,1029,75.1,74.1,75.1,66.2,63.0,0.000,0.000,0.00,0.000,3.0,8.0,1.7,200,53,3.9,7.4,1.6,211,55,3.0,8.0,1.7,200,53,548,29.02,,0,0,0,71.6,68.9,68.5,0.06,0.11,0.04
SARA,2017-08-21 10:40:00 EDT,44.70758,-73.67115,1029,75.9,74.8,75.9,65.9,63.7,0.000,0.000,0.00,0.000,4.1,8.1,1.5,245,37,4.7,8.7,1.7,250,37,4.1,8.1,1.5,245,37,645,29.01,,0,0,0,71.9,68.9,68.5,0.06,0.11,0.04
SARA,2017-08-21 10:45:00 EDT,44.70758,-73.67115,1029,76.3,75.3,76.3,64.4,63.5,0.000,0.000,0.00,0.000,3.7,10.7,2.4,223,37,4.5,12.3,2.5,232,40,3.7,10.7,2.4,223,37,614,29.01,,0,0,0,72.3,68.9,68.5,0.06,0.11,0.04
SARA,2017-08-21 10:50:00 EDT,44.70758,-73.67115,1029,76.3,75.3,76.3,63.9,63.2,0.000,0.000,0.00,0.000,3.4,8.0,1.9,208,40,4.0,10.1,2.1,217,44,3.4,8.0,1.9,208,40,531,29.01,,0,0,0,72.5,68.9,68.5,0.06,0.11,0.04
SARA,2017-08-21 10:55:00 EDT,44.70758,-73.67115,1029,76.4,75.4,76.4,63.7,63.2,0.000,0.000,0.00,0.000,3.1,10.6,2.1,226,38,3.9,10.0,2.0,229,43,3.1,10.6,2.1,226,38,615,29.02,,0,0,0,72.8,68.9,68.5,0.07,0.11,0.04
SARA,2017-08-21 11:00:00 EDT,44.70758,-73.67115,1029,76.7,75.8,76.7,62.3,62.9,0.000,0.000,0.00,0.000,2.9,8.2,1.3,231,36,3.4,11.3,1.9,238,35,2.9,8.2,1.3,231,36,657,29.02,,0,0,0,73.0,68.9,68.5,0.07,0.11,0.04
SARA,2017-08-21 11:05:00 EDT,44.70758,-73.67115,1029,77.5,76.4,77.5,61.7,63.3,0.000,0.000,0.00,0.000,3.0,6.4,1.5,225,40,3.5,7.9,1.7,232,41,3.0,6.4,1.5,225,40,669,29.02,,0,0,0,73.1,68.9,68.5,0.07,0.11,0.04
SARA,2017-08-21 11:10:00 EDT,44.70758,-73.67115,1029,77.5,76.6,77.5,59.5,62.2,0.000,0.000,0.00,0.000,2.5,6.6,1.6,222,45,3.1,7.0,1.5,222,48,2.5,6.6,1.6,222,45,677,29.01,,0,0,0,73.4,68.9,68.5,0.06,0.11,0.04
SARA,2017-08-21 11:15:00 EDT,44.70758,-73.67115,1029,78.2,77.0,78.2,60.6,63.5,0.000,0.000,0.00,0.000,2.7,7.1,1.8,196,40,3.5,7.8,1.8,194,41,2.7,7.1,1.8,196,40,687,29.01,,0,0,0,73.7,68.9,68.5,0.06,0.11,0.04
SARA,2017-08-21 11:20:00 EDT,44.70758,-73.67115,1029,78.2,77.1,78.2,58.5,62.5,0.000,0.000,0.00,0.000,2.9,5.7,1.5,227,53,3.6,7.5,1.9,230,55,2.9,5.7,1.5,227,53,682,29.01,,0,0,0,73.9,68.9,68.5,0.06,0.11,0.04
SARA,2017-08-21 11:25:00 EDT,44.70758,-73.67115,1029,78.8,77.3,78.8,58.3,62.9,0.000,0.000,0.00,0.000,2.8,9.6,2.1,220,53,3.8,11.6,2.2,231,56,2.8,9.6,2.1,220,53,620,29.01,,0,0,0,74.0,69.1,68.5,0.06,0.11,0.04
SARA,2017-08-21 11:30:00 EDT,44.70758,-73.67115,1029,78.6,77.5,78.6,58.2,62.7,0.000,0.000,0.00,0.000,2.4,9.9,2.1,236,52,3.1,10.8,2.2,252,54,2.4,9.9,2.1,236,52,468,29.01,,0,0,0,74.3,69.3,68.5,0.06,0.11,0.04
SARA,2017-08-21 11:35:00 EDT,44.70758,-73.67115,1029,78.3,77.3,78.3,59.0,62.8,0.000,0.000,0.00,0.000,3.4,8.5,2.4,234,41,4.1,11.2,2.6,238,43,3.4,8.5,2.4,234,41,630,29.01,,0,0,0,74.6,69.3,68.5,0.06,0.11,0.04
SARA,2017-08-21 11:40:00 EDT,44.70758,-73.67115,1029,79.2,78.0,79.2,56.4,62.4,0.000,0.000,0.00,0.000,4.2,9.9,2.0,258,33,4.9,11.1,2.2,266,34,4.2,9.9,2.0,258,33,664,29.01,,0,0,0,74.7,69.3,68.5,0.06,0.11,0.04
SARA,2017-08-21 11:45:00 EDT,44.70758,-73.67115,1029,79.2,78.0,79.2,55.7,62.0,0.000,0.000,0.00,0.000,3.9,11.3,3.0,275,40,5.0,12.8,3.2,273,42,3.9,11.3,3.0,275,40,680,29.01,,0,0,0,74.8,69.3,68.5,0.06,0.11,0.04
SARA,2017-08-21 11:50:00 EDT,44.70758,-73.67115,1029,78.9,78.0,78.9,53.1,60.3,0.000,0.000,0.00,0.000,4.4,10.7,2.6,273,39,5.4,16.1,3.0,282,40,4.4,10.7,2.6,273,39,502,29.01,,0,0,0,75.0,69.3,68.5,0.06,0.11,0.04
SARA,2017-08-21 11:55:00 EDT,44.70758,-73.67115,1029,79.0,77.8,79.0,52.2,60.0,0.000,0.000,0.00,0.000,3.8,8.5,2.1,269,46,5.1,11.5,2.5,274,42,3.8,8.5,2.1,269,46,724,29.00,,0,0,0,75.3,69.3,68.5,0.06,0.11,0.04
SARA,2017-08-21 12:00:00 EDT,44.70758,-73.67115,1029,79.8,78.4,79.8,50.7,59.9,0.000,0.000,0.00,0.000,3.8,9.5,1.9,281,38,4.5,10.3,2.2,288,37,3.8,9.5,1.9,281,38,717,29.00,,0,0,0,75.6,69.3,68.5,0.06,0.11,0.04
SARA,2017-08-21 12:05:00 EDT,44.70758,-73.67115,1029,79.9,78.8,79.9,50.5,59.9,0.000,0.000,0.00,0.000,3.1,7.2,1.6,239,64,4.2,11.0,2.1,240,59,3.1,7.2,1.6,239,64,731,29.00,,0,0,0,75.8,69.3,68.5,0.06,0.11,0.04
SARA,2017-08-21 12:10:00 EDT,44.70758,-73.67115,1029,79.9,78.9,79.9,50.0,59.6,0.000,0.000,0.00,0.000,3.5,9.1,2.0,271,47,4.5,11.5,2.2,277,49,3.5,9.1,2.0,271,47,727,29.00,,0,0,0,75.9,69.6,68.5,0.06,0.11,0.04
SARA,2017-08-21 12:15:00 EDT,44.70758,-73.67115,1029,80.4,79.0,81.4,51.6,61.0,0.000,0.000,0.00,0.000,3.3,9.4,2.0,221,53,4.2,12.5,2.2,229,50,3.3,9.4,2.0,221,53,734,29.00,,0,0,0,76.4,69.6,68.5,0.06,0.11,0.04
SARA,2017-08-21 12:20:00 EDT,44.70758,-73.67115,1029,80.3,78.9,81.0,49.1,59.5,0.000,0.000,0.00,0.000,3.8,9.0,2.1,228,54,4.6,12.6,2.5,232,52,3.8,9.0,2.1,228,54,742,29.00,,0,0,0,76.5,69.6,68.5,0.06,0.11,0.04
SARA,2017-08-21 12:25:00 EDT,44.70758,-73.67115,1029,80.7,79.2,81.3,49.5,60.0,0.000,0.000,0.00,0.000,3.0,11.2,2.4,225,56,4.1,12.8,2.9,233,56,3.0,11.2,2.4,225,56,753,28.99,,0,0,0,76.8,69.6,68.5,0.06,0.11,0.04
SARA,2017-08-21 12:30:00 EDT,44.70758,-73.67115,1029,80.9,79.7,81.5,48.6,59.7,0.000,0.000,0.00,0.000,3.4,12.1,3.0,241,49,4.3,15.7,3.0,245,53,3.4,12.1,3.0,241,49,677,29.00,,0,0,0,77.1,69.6,68.5,0.06,0.11,0.04
SARA,2017-08-21 12:35:00 EDT,44.70758,-73.67115,1029,80.7,79.6,81.5,49.9,60.3,0.000,0.000,0.00,0.000,2.0,6.4,1.4,242,60,2.9,8.9,1.6,242,59,2.0,6.4,1.4,242,60,643,29.00,,0,0,0,77.2,69.6,68.5,0.06,0.11,0.04
SARA,2017-08-21 12:40:00 EDT,44.70758,-73.67115,1029,81.1,79.9,81.6,47.8,59.5,0.000,0.000,0.00,0.000,3.4,7.2,1.8,252,42,4.1,8.4,2.0,256,47,3.4,7.2,1.8,252,42,745,28.99,,0,0,0,77.7,69.6,68.5,0.06,0.11,0.04
SARA,2017-08-21 12:45:00 EDT,44.70758,-73.67115,1029,81.0,79.8,81.3,46.1,58.3,0.000,0.000,0.00,0.000,4.3,11.0,2.3,273,41,5.3,14.8,2.7,274,36,4.3,11.0,2.3,273,41,777,29.00,,0,0,0,78.0,69.9,68.5,0.06,0.11,0.04
SARA,2017-08-21 12:50:00 EDT,44.70758,-73.67115,1029,81.2,80.1,81.7,47.8,59.5,0.000,0.000,0.00,0.000,3.1,9.5,2.0,277,36,3.6,11.3,2.3,282,32,3.1,9.5,2.0,277,36,553,28.99,,0,0,0,78.1,70.0,68.5,0.06,0.11,0.04
SARA,2017-08-21 12:55:00 EDT,44.70758,-73.67115,1029,81.3,80.1,81.8,47.7,59.6,0.000,0.000,0.00,0.000,3.4,8.1,1.6,254,41,3.9,10.8,2.1,264,40,3.4,8.1,1.6,254,41,692,28.99,,0,0,0,78.4,70.0,68.5,0.06,0.11,0.04
SARA,2017-08-21 13:00:00 EDT,44.70758,-73.67115,1029,81.4,80.3,81.8,46.9,59.2,0.000,0.000,0.00,0.000,3.5,7.5,1.8,276,33,4.5,9.7,2.0,277,32,3.5,7.5,1.8,276,33,640,28.99,,0,0,0,78.7,70.0,68.5,0.06,0.11,0.04
SARA,2017-08-21 13:05:00 EDT,44.70758,-73.67115,1029,81.4,80.2,81.8,46.7,59.1,0.000,0.000,0.00,0.000,2.9,7.1,1.8,240,51,4.1,9.5,2.0,242,52,2.9,7.1,1.8,240,51,757,28.99,,0,0,0,79.1,70.0,68.5,0.06,0.11,0.04
SARA,2017-08-21 13:10:00 EDT,44.70758,-73.67115,1029,81.6,80.5,81.8,46.1,58.9,0.000,0.000,0.00,0.000,2.8,6.0,1.5,264,46,3.6,7.7,1.8,268,42,2.8,6.0,1.5,264,46,765,28.99,,0,0,0,79.2,70.0,68.5,0.06,0.11,0.04
SARA,2017-08-21 13:15:00 EDT,44.70758,-73.67115,1029,82.3,81.0,82.6,46.0,59.5,0.000,0.000,0.00,0.000,4.0,10.2,2.1,268,42,4.8,10.0,2.4,271,38,4.0,10.2,2.1,268,42,759,28.99,,0,0,0,79.4,70.3,68.5,0.06,0.11,0.04
SARA,2017-08-21 13:20:00 EDT,44.70758,-73.67115,1029,81.9,80.7,82.0,45.3,58.6,0.000,0.000,0.00,0.000,3.8,9.3,1.9,259,41,4.8,11.9,2.2,265,41,3.8,9.3,1.9,259,41,624,28.98,,0,0,0,79.5,70.3,68.5,0.06,0.11,0.04
SARA,2017-08-21 13:25:00 EDT,44.70758,-73.67115,1029,82.8,81.4,83.1,46.5,60.2,0.000,0.000,0.00,0.000,2.4,7.2,1.7,271,44,3.1,7.5,2.0,274,44,2.4,7.2,1.7,271,44,778,28.98,,0,0,0,80.0,70.3,68.5,0.06,0.11,0.04
SARA,2017-08-21 13:30:00 EDT,44.70758,-73.67115,1029,82.9,81.4,82.9,44.2,58.9,0.000,0.000,0.00,0.000,3.3,8.3,1.7,238,37,4.0,11.9,2.0,246,36,3.3,8.3,1.7,238,37,763,28.98,,0,0,0,80.1,70.3,68.5,0.06,0.11,0.04
SARA,2017-08-21 13:35:00 EDT,44.70758,-73.67115,1029,82.9,81.4,82.8,44.4,59.0,0.000,0.000,0.00,0.000,3.6,10.3,1.8,280,32,4.7,12.7,2.1,286,30,3.6,10.3,1.8,280,32,723,28.98,,0,0,0,80.3,70.3,68.5,0.06,0.11,0.04
SARA,2017-08-21 13:40:00 EDT,44.70758,-73.67115,1029,82.7,81.5,82.8,45.1,59.3,0.000,0.000,0.00,0.000,3.8,9.0,2.2,266,34,4.9,11.9,2.2,272,33,3.8,9.0,2.2,266,34,698,28.98,,0,0,0,80.5,70.7,68.5,0.06,0.11,0.04
SARA,2017-08-21 13:45:00 EDT,44.70758,-73.67115,1029,82.2,81.0,82.2,45.1,58.8,0.000,0.000,0.00,0.000,4.0,9.8,2.1,290,38,4.7,11.1,2.2,296,38,4.0,9.8,2.1,290,38,501,28.98,,0,0,0,81.0,70.7,68.5,0.07,0.11,0.04
SARA,2017-08-21 13:50:00 EDT,44.70758,-73.67115,1029,81.3,80.3,81.5,46.1,58.6,0.000,0.000,0.00,0.000,5.4,10.5,2.0,286,26,6.1,13.4,2.3,288,22,5.4,10.5,2.0,286,26,568,28.98,,0,0,0,81.0,70.7,68.5,0.06,0.11,0.04
SARA,2017-08-21 13:55:00 EDT,44.70758,-73.67115,1029,81.5,80.4,81.9,47.1,59.4,0.000,0.000,0.00,0.000,4.8,11.2,2.4,294,23,5.4,14.7,2.7,299,24,4.8,11.2,2.4,294,23,574,28.98,,0,0,0,81.3,70.7,68.5,0.06,0.11,0.04
SARA,2017-08-21 14:00:00 EDT,44.70758,-73.67115,1029,81.7,80.7,82.1,47.6,59.9,0.000,0.000,0.00,0.000,1.6,4.7,1.1,267,48,2.4,5.9,1.4,285,48,1.6,4.7,1.1,267,48,465,28.98,,0,0,0,81.5,70.7,68.5,0.06,0.11,0.04
SARA,2017-08-21 14:05:00 EDT,44.70758,-73.67115,1029,81.1,80.4,81.7,48.8,60.0,0.000,0.000,0.00,0.000,3.1,8.6,1.7,282,34,3.8,9.4,2.0,287,33,3.1,8.6,1.7,282,34,370,28.98,,0,0,0,81.5,70.9,68.5,0.06,0.11,0.04
SARA,2017-08-21 14:10:00 EDT,44.70758,-73.67115,1029,80.9,80.0,81.5,48.9,59.9,0.000,0.000,0.00,0.000,3.7,9.2,2.0,275,43,4.6,12.1,2.4,280,44,3.7,9.2,2.0,275,43,423,28.98,,0,0,0,82.0,71.1,68.5,0.06,0.11,0.04
SARA,2017-08-21 14:15:00 EDT,44.70758,-73.67115,1029,80.7,79.9,81.5,50.4,60.6,0.000,0.000,0.00,0.000,2.7,9.4,1.7,261,42,3.4,12.3,1.8,268,45,2.7,9.4,1.7,261,42,372,28.98,,0,0,0,82.0,71.1,68.5,0.06,0.11,0.04
SARA,2017-08-21 14:20:00 EDT,44.70758,-73.67115,1029,80.4,79.6,81.1,49.4,59.7,0.000,0.000,0.00,0.000,2.9,8.7,2.0,282,27,3.8,10.7,2.2,290,27,2.9,8.7,2.0,282,27,339,28.97,,0,0,0,82.0,71.1,68.5,0.06,0.11,0.04
SARA,2017-08-21 14:25:00 EDT,44.70758,-73.67115,1029,79.9,79.2,79.9,50.0,59.6,0.000,0.000,0.00,0.000,3.0,10.7,2.0,269,33,3.6,12.5,2.2,276,34,3.0,10.7,2.0,269,33,303,28.97,,0,0,0,81.8,71.1,68.5,0.06,0.11,0.04
SARA,2017-08-21 14:30:00 EDT,44.70758,-73.67115,1029,79.6,79.0,79.6,49.7,59.2,0.000,0.000,0.00,0.000,2.1,6.6,1.4,273,36,2.8,7.5,1.6,276,34,2.1,6.6,1.4,273,36,268,28.97,,0,0,0,81.5,71.3,68.5,0.06,0.11,0.04
SARA,2017-08-21 14:35:00 EDT,44.70758,-73.67115,1029,79.3,78.8,79.3,52.2,60.3,0.000,0.000,0.00,0.000,3.3,8.1,1.9,280,30,3.9,9.6,2.4,285,29,3.3,8.1,1.9,280,30,248,28.97,,0,0,0,81.5,71.4,68.5,0.06,0.11,0.04
SARA,2017-08-21 14:40:00 EDT,44.70758,-73.67115,1029,78.8,78.4,78.8,53.8,60.7,0.000,0.000,0.00,0.000,1.5,5.6,1.0,259,34,2.3,6.5,1.1,271,35,1.5,5.6,1.0,259,34,237,28.97,,0,0,0,81.5,71.4,68.5,0.06,0.11,0.04
SARA,2017-08-21 14:45:00 EDT,44.70758,-73.67115,1029,78.6,78.1,78.6,54.3,60.7,0.000,0.000,0.00,0.000,1.9,6.4,1.5,270,36,2.5,7.3,1.8,279,36,1.9,6.4,1.5,270,36,235,28.97,,0,0,0,81.2,71.4,68.5,0.06,0.11,0.04
SARA,2017-08-21 14:50:00 EDT,44.70758,-73.67115,1029,78.5,78.1,78.5,54.3,60.6,0.000,0.000,0.00,0.000,2.3,6.2,1.3,277,30,2.9,7.9,1.6,280,26,2.3,6.2,1.3,277,30,241,28.97,,0,0,0,81.0,71.4,68.5,0.06,0.11,0.04
SARA,2017-08-21 14:55:00 EDT,44.70758,-73.67115,1029,78.3,77.8,78.3,57.3,62.0,0.000,0.000,0.00,0.000,1.5,2.9,0.7,286,21,1.9,3.9,0.9,294,19,1.5,2.9,0.7,286,21,254,28.97,,0,0,0,81.0,71.7,68.5,0.06,0.11,0.04
SARA,2017-08-21 15:00:00 EDT,44.70758,-73.67115,1029,78.5,77.9,78.5,57.1,62.0,0.000,0.000,0.00,0.000,2.0,4.7,1.0,274,28,2.4,5.6,1.3,279,28,2.0,4.7,1.0,274,28,271,28.97,,0,0,0,81.0,71.8,68.5,0.06,0.11,0.04
SARA,2017-08-21 15:05:00 EDT,44.70758,-73.67115,1029,78.8,78.1,78.8,58.4,63.0,0.000,0.000,0.00,0.000,1.3,3.1,0.7,273,27,1.5,4.4,0.8,276,26,1.3,3.1,0.7,273,27,306,28.96,,0,0,0,80.6,71.8,68.5,0.06,0.11,0.04
SARA,2017-08-21 15:10:00 EDT,44.70758,-73.67115,1029,79.1,78.4,79.1,57.1,62.6,0.000,0.000,0.00,0.000,1.6,5.2,1.5,273,25,2.1,6.4,1.8,280,27,1.6,5.2,1.5,273,25,337,28.96,,0,0,0,80.4,71.8,68.5,0.06,0.11,0.04
SARA,2017-08-21 15:15:00 EDT,44.70758,-73.67115,1029,79.3,78.6,79.3,54.3,61.4,0.000,0.000,0.00,0.000,2.5,5.6,1.3,265,36,2.8,7.9,1.5,275,37,2.5,5.6,1.3,265,36,353,28.96,,0,0,0,80.4,71.8,68.5,0.06,0.11,0.04
SARA,2017-08-21 15:20:00 EDT,44.70758,-73.67115,1029,79.7,78.9,79.7,55.0,62.1,0.000,0.000,0.00,0.000,2.6,7.5,1.7,288,42,3.4,8.0,1.9,290,40,2.6,7.5,1.7,288,42,399,28.96,,0,0,0,80.3,72.1,68.5,0.06,0.11,0.04
SARA,2017-08-21 15:25:00 EDT,44.70758,-73.67115,1029,79.9,79.2,79.9,53.6,61.6,0.000,0.000,0.00,0.000,2.3,6.4,1.5,272,45,3.0,7.3,1.7,280,45,2.3,6.4,1.5,272,45,431,28.96,,0,0,0,80.1,72.3,68.5,0.06,0.11,0.04
SARA,2017-08-21 15:30:00 EDT,44.70758,-73.67115,1029,80.4,79.7,81.5,53.0,61.7,0.000,0.000,0.00,0.000,1.5,5.7,1.5,260,25,2.1,7.5,1.8,268,29,1.5,5.7,1.5,260,25,456,28.96,,0,0,0,80.1,72.3,68.5,0.06,0.11,0.04
SARA,2017-08-21 15:35:00 EDT,44.70758,-73.67115,1029,80.7,79.7,81.7,52.4,61.7,0.000,0.000,0.00,0.000,3.1,7.4,1.5,271,30,3.9,8.5,1.8,280,33,3.1,7.4,1.5,271,30,480,28.96,,0,0,0,80.1,72.3,68.5,0.06,0.11,0.04
SARA,2017-08-21 15:40:00 EDT,44.70758,-73.67115,1029,80.6,79.9,81.5,51.3,61.0,0.000,0.000,0.00,0.000,3.9,10.0,2.0,261,33,4.7,11.9,2.4,268,32,3.9,10.0,2.0,261,33,498,28.96,,0,0,0,80.1,72.3,68.4,0.06,0.11,0.04
SARA,2017-08-21 15:45:00 EDT,44.70758,-73.67115,1029,81.0,80.1,81.7,49.7,60.5,0.000,0.000,0.00,0.000,3.2,7.2,1.5,272,45,4.1,10.0,1.9,275,43,3.2,7.2,1.5,272,45,513,28.96,,0,0,0,80.1,72.3,68.5,0.06,0.11,0.04
SARA,2017-08-21 15:50:00 EDT,44.70758,-73.67115,1029,81.5,80.3,82.3,50.3,61.2,0.000,0.000,0.00,0.000,2.4,6.5,1.3,248,52,3.0,8.2,1.4,250,52,2.4,6.5,1.3,248,52,519,28.95,,0,0,0,80.1,72.3,68.5,0.06,0.11,0.04
SARA,2017-08-21 15:55:00 EDT,44.70758,-73.67115,1029,81.9,80.5,82.7,50.5,61.7,0.000,0.000,0.00,0.000,3.3,9.6,2.4,275,36,4.2,13.3,2.5,278,40,3.3,9.6,2.4,275,36,516,28.95,,0,0,0,80.0,72.5,68.5,0.06,0.11,0.04
SARA,2017-08-21 16:00:00 EDT,44.70758,-73.67115,1029,81.6,80.4,82.4,50.0,61.2,0.000,0.000,0.00,0.000,2.7,6.8,1.5,284,38,3.4,7.3,1.7,286,38,2.7,6.8,1.5,284,38,488,28.95,,0,0,0,80.0,72.7,68.5,0.06,0.11,0.04
SARA,2017-08-21 16:05:00 EDT,44.70758,-73.67115,1029,81.7,80.6,82.4,49.9,61.2,0.000,0.000,0.00,0.000,2.6,11.0,1.9,249,55,3.6,13.2,2.2,256,58,2.6,11.0,1.9,249,55,497,28.95,,0,0,0,80.1,72.7,68.5,0.06,0.11,0.04
SARA,2017-08-21 16:10:00 EDT,44.70758,-73.67115,1029,81.3,80.4,81.8,47.9,59.7,0.000,0.000,0.00,0.000,4.0,12.2,2.4,238,44,4.7,13.6,2.6,247,44,4.0,12.2,2.4,238,44,484,28.95,,0,0,0,80.0,72.7,68.5,0.06,0.11,0.04
SARA,2017-08-21 16:15:00 EDT,44.70758,-73.67115,1029,81.3,80.3,81.7,47.3,59.3,0.000,0.000,0.00,0.000,3.5,8.5,2.4,273,42,4.5,12.6,2.6,276,46,3.5,8.5,2.4,273,42,445,28.95,,0,0,0,80.0,72.7,68.5,0.06,0.11,0.04
SARA,2017-08-21 16:20:00 EDT,44.70758,-73.67115,1029,81.5,80.3,81.9,47.6,59.7,0.000,0.000,0.00,0.000,3.6,10.8,2.5,267,49,4.8,14.2,3.2,270,45,3.6,10.8,2.5,267,49,463,28.95,,0,0,0,80.0,72.7,68.5,0.06,0.11,0.04
SARA,2017-08-21 16:25:00 EDT,44.70758,-73.67115,1029,81.4,80.3,81.9,47.8,59.7,0.000,0.000,0.00,0.000,3.3,7.5,2.1,263,40,4.2,8.6,2.2,269,39,3.3,7.5,2.1,263,40,439,28.95,,0,0,0,80.0,72.7,68.5,0.06,0.11,0.04
SARA,2017-08-21 16:30:00 EDT,44.70758,-73.67115,1029,81.3,80.4,82.0,49.5,60.6,0.000,0.000,0.00,0.000,3.6,8.6,2.0,279,30,4.3,10.8,2.4,282,29,3.6,8.6,2.0,279,30,431,28.95,,0,0,0,79.7,72.7,68.5,0.06,0.11,0.04
SARA,2017-08-21 16:35:00 EDT,44.70758,-73.67115,1029,81.3,80.4,81.9,49.1,60.3,0.000,0.000,0.00,0.000,4.0,10.0,1.8,283,34,4.6,11.0,2.2,288,28,4.0,10.0,1.8,283,34,431,28.95,,0,0,0,79.6,72.7,68.5,0.06,0.11,0.04
SARA,2017-08-21 16:40:00 EDT,44.70758,-73.67115,1029,81.2,80.3,81.9,50.0,60.8,0.000,0.000,0.00,0.000,3.3,8.8,2.2,268,37,3.9,10.3,2.4,273,39,3.3,8.8,2.2,268,37,414,28.95,,0,0,0,79.5,72.7,68.5,0.06,0.11,0.04
SARA,2017-08-21 16:45:00 EDT,44.70758,-73.67115,1029,81.2,80.3,81.8,49.4,60.4,0.000,0.000,0.00,0.000,4.0,13.3,2.4,244,45,4.9,14.4,2.6,251,43,4.0,13.3,2.4,244,45,405,28.95,,0,0,0,79.5,72.8,68.5,0.06,0.11,0.04
SARA,2017-08-21 16:50:00 EDT,44.70758,-73.67115,1029,81.1,80.2,81.8,49.9,60.6,0.000,0.000,0.00,0.000,3.0,10.0,2.3,237,46,3.8,10.3,2.4,246,51,3.0,10.0,2.3,237,46,393,28.94,,0,0,0,79.5,72.9,68.5,0.06,0.11,0.04
SARA,2017-08-21 16:55:00 EDT,44.70758,-73.67115,1029,80.9,80.1,81.6,49.9,60.5,0.000,0.000,0.00,0.000,3.3,9.7,2.3,237,40,4.2,10.8,2.6,247,38,3.3,9.7,2.3,237,40,378,28.94,,0,0,0,79.5,73.0,68.5,0.06,0.11,0.04
SARA,2017-08-21 17:00:00 EDT,44.70758,-73.67115,1029,81.0,80.2,81.9,50.7,61.0,0.000,0.000,0.00,0.000,2.6,10.5,1.8,255,43,3.5,11.7,1.9,256,51,2.6,10.5,1.8,255,43,366,28.94,,0,0,0,79.5,73.0,68.5,0.06,0.11,0.04
SARA,2017-08-21 17:05:00 EDT,44.70758,-73.67115,1029,81.2,80.2,82.1,51.6,61.7,0.000,0.000,0.00,0.000,1.8,7.5,1.3,274,50,2.7,9.9,1.6,280,46,1.8,7.5,1.3,274,50,353,28.94,,0,0,0,79.5,73.0,68.5,0.06,0.11,0.04
SARA,2017-08-21 17:10:00 EDT,44.70758,-73.67115,1029,81.2,80.2,82.1,51.5,61.6,0.000,0.000,0.00,0.000,2.3,9.6,2.0,228,42,2.8,9.4,2.2,240,45,2.3,9.6,2.0,228,42,344,28.94,,0,0,0,79.5,73.0,68.5,0.06,0.11,0.04
SARA,2017-08-21 17:15:00 EDT,44.70758,-73.67115,1029,80.6,80.0,81.5,51.5,61.1,0.000,0.000,0.00,0.000,4.1,10.6,2.3,232,32,4.8,13.1,2.4,240,32,4.1,10.6,2.3,232,32,336,28.94,,0,0,0,79.4,73.0,68.5,0.06,0.11,0.04
SARA,2017-08-21 17:20:00 EDT,44.70758,-73.67115,1029,80.3,79.7,81.2,51.6,60.8,0.000,0.000,0.00,0.000,3.9,9.6,1.9,250,37,4.7,10.0,2.1,252,39,3.9,9.6,1.9,250,37,281,28.94,,0,0,0,79.2,73.0,68.5,0.06,0.11,0.04
SARA,2017-08-21 17:25:00 EDT,44.70758,-73.67115,1029,80.0,79.6,81.1,52.2,61.0,0.000,0.000,0.00,0.000,3.5,10.6,2.3,244,35,4.2,11.2,2.4,250,35,3.5,10.6,2.3,244,35,295,28.94,,0,0,0,79.2,73.0,68.5,0.06,0.11,0.04
SARA,2017-08-21 17:30:00 EDT,44.70758,-73.67115,1029,80.4,79.7,81.5,53.0,61.8,0.000,0.000,0.00,0.000,2.1,6.2,1.4,227,43,2.8,7.1,1.5,232,48,2.1,6.2,1.4,227,43,284,28.94,,0,0,0,79.2,73.0,68.5,0.06,0.11,0.04
SARA,2017-08-21 17:35:00 EDT,44.70758,-73.67115,1029,80.1,79.5,81.3,53.6,61.8,0.000,0.000,0.00,0.000,2.1,6.9,1.4,223,48,2.8,6.5,1.6,232,45,2.1,6.9,1.4,223,48,270,28.94,,0,0,0,79.2,73.0,68.5,0.06,0.11,0.04
SARA,2017-08-21 17:40:00 EDT,44.70758,-73.67115,1029,79.9,79.4,79.9,53.9,61.7,0.000,0.000,0.00,0.000,2.8,6.4,1.2,281,40,3.4,6.9,1.4,279,37,2.8,6.4,1.2,281,40,256,28.94,,0,0,0,79.2,73.0,68.5,0.06,0.11,0.04
SARA,2017-08-21 17:45:00 EDT,44.70758,-73.67115,1029,79.6,79.3,79.6,53.8,61.4,0.000,0.000,0.00,0.000,3.8,9.9,2.5,269,36,4.5,13.2,2.7,272,37,3.8,9.9,2.5,269,36,246,28.94,,0,0,0,79.2,73.0,68.5,0.06,0.11,0.04
SARA,2017-08-21 17:50:00 EDT,44.70758,-73.67115,1029,79.7,79.2,79.7,53.6,61.3,0.000,0.000,0.00,0.000,3.4,10.3,2.0,251,33,4.2,10.6,2.2,258,33,3.4,10.3,2.0,251,33,236,28.93,,0,0,0,79.0,73.0,68.5,0.06,0.11,0.04
SARA,2017-08-21 17:55:00 EDT,44.70758,-73.67115,1029,79.5,79.0,79.5,55.1,62.0,0.000,0.000,0.00,0.000,1.8,7.2,1.6,255,43,2.3,9.0,1.7,260,48,1.8,7.2,1.6,255,43,223,28.93,,0,0,0,78.6,73.1,68.5,0.06,0.11,0.04
SARA,2017-08-21 18:00:00 EDT,44.70758,-73.67115,1029,79.2,79.0,79.2,54.8,61.5,0.000,0.000,0.00,0.000,1.9,6.9,1.9,241,36,2.6,8.4,2.1,254,47,1.9,6.9,1.9,241,36,207,28.93,,0,0,0,78.6,73.2,68.5,0.06,0.11,0.04
SARA,2017-08-21 18:05:00 EDT,44.70758,-73.67115,1029,79.1,78.8,79.1,56.3,62.2,0.000,0.000,0.00,0.000,1.7,5.7,1.6,284,43,2.5,8.0,1.9,287,46,1.7,5.7,1.6,284,43,194,28.93,,0,0,0,78.6,73.4,68.5,0.06,0.11,0.04
SARA,2017-08-21 18:10:00 EDT,44.70758,-73.67115,1029,78.8,78.5,78.8,56.7,62.2,0.000,0.000,0.00,0.000,2.0,5.2,1.5,261,33,2.6,7.0,1.8,267,36,2.0,5.2,1.5,261,33,179,28.93,,0,0,0,78.4,73.4,68.5,0.06,0.11,0.04
SARA,2017-08-21 18:15:00 EDT,44.70758,-73.67115,1029,78.5,78.3,78.5,56.8,61.9,0.000,0.000,0.00,0.000,2.1,6.6,1.4,284,35,2.7,8.9,1.6,288,41,2.1,6.6,1.4,284,35,163,28.93,,0,0,0,78.1,73.4,68.5,0.06,0.11,0.04
SARA,2017-08-21 18:20:00 EDT,44.70758,-73.67115,1029,78.1,78.0,78.1,57.5,61.9,0.000,0.000,0.00,0.000,2.3,6.7,1.7,271,38,2.9,8.8,1.9,277,41,2.3,6.7,1.7,271,38,130,28.93,,0,0,0,78.1,73.4,68.5,0.06,0.11,0.04
SARA,2017-08-21 18:25:00 EDT,44.70758,-73.67115,1029,77.9,77.9,77.9,57.2,61.6,0.000,0.000,0.00,0.000,2.8,6.6,1.8,273,38,3.5,9.8,2.1,277,35,2.8,6.6,1.8,273,38,77,28.93,,0,0,0,78.1,73.4,68.5,0.06,0.11,0.04
SARA,2017-08-21 18:30:00 EDT,44.70758,-73.67115,1029,77.6,77.8,77.6,58.1,61.7,0.000,0.000,0.00,0.000,2.2,5.3,1.2,286,34,2.9,7.4,1.4,291,37,2.2,5.3,1.2,286,34,76,28.93,,0,0,0,78.1,73.4,68.5,0.06,0.11,0.04
SARA,2017-08-21 18:35:00 EDT,44.70758,-73.67115,1029,76.8,77.4,76.8,60.3,62.0,0.000,0.000,0.00,0.000,2.0,5.2,1.2,277,44,2.6,7.3,1.5,281,36,2.0,5.2,1.2,277,44,65,28.93,,0,0,0,78.1,73.4,68.5,0.06,0.11,0.04
SARA,2017-08-21 18:40:00 EDT,44.70758,-73.67115,1029,76.8,77.3,76.8,60.0,61.9,0.000,0.000,0.00,0.000,2.9,5.6,1.0,274,31,3.6,6.9,1.3,278,28,2.9,5.6,1.0,274,31,68,28.93,,0,0,0,77.7,73.4,68.5,0.06,0.11,0.05
SARA,2017-08-21 18:45:00 EDT,44.70758,-73.67115,1029,76.5,77.2,76.5,60.7,61.9,0.000,0.000,0.00,0.000,2.6,5.3,1.1,278,30,3.2,6.1,1.3,285,28,2.6,5.3,1.1,278,30,69,28.93,,0,0,0,77.7,73.4,68.5,0.06,0.11,0.04
SARA,2017-08-21 18:50:00 EDT,44.70758,-73.67115,1029,75.5,76.8,75.5,63.1,62.1,0.000,0.000,0.00,0.000,2.5,6.1,0.8,282,30,2.8,6.8,1.1,289,26,2.5,6.1,0.8,282,30,47,28.93,,0,0,0,77.5,73.4,68.5,0.06,0.11,0.04
SARA,2017-08-21 18:55:00 EDT,44.70758,-73.67115,1029,75.2,76.5,75.2,64.6,62.4,0.000,0.000,0.00,0.000,2.5,4.6,0.8,288,26,2.8,6.0,1.0,292,24,2.5,4.6,0.8,288,26,42,28.93,,0,0,0,77.2,73.4,68.5,0.06,0.11,0.04
SARA,2017-08-21 19:00:00 EDT,44.70758,-73.67115,1029,74.2,76.0,74.2,66.6,62.4,0.000,0.000,0.00,0.000,2.2,3.4,0.8,287,18,2.6,4.3,0.8,292,22,2.2,3.4,0.8,287,18,38,28.93,,0,0,0,77.2,73.4,68.5,0.06,0.11,0.04
SARA,2017-08-21 19:05:00 EDT,44.70758,-73.67115,1029,73.7,75.9,73.7,68.7,62.7,0.000,0.000,0.00,0.000,3.0,6.3,1.1,284,31,3.5,9.5,1.4,290,27,3.0,6.3,1.1,284,31,35,28.93,,0,0,0,77.2,73.4,68.5,0.06,0.11,0.04
SARA,2017-08-21 19:10:00 EDT,44.70758,-73.67115,1029,74.4,75.9,74.4,66.6,62.6,0.000,0.000,0.00,0.000,2.5,5.7,1.1,287,32,3.0,6.1,1.1,292,26,2.5,5.7,1.1,287,32,30,28.93,,0,0,0,76.9,73.4,68.5,0.06,0.11,0.05
SARA,2017-08-21 19:15:00 EDT,44.70758,-73.67115,1029,74.0,75.6,74.0,66.8,62.3,0.000,0.000,0.00,0.000,2.3,4.2,0.9,289,27,2.6,5.8,1.1,296,25,2.3,4.2,0.9,289,27,27,28.93,,0,0,0,76.8,73.4,68.5,0.06,0.11,0.05
SARA,2017-08-21 19:20:00 EDT,44.70758,-73.67115,1029,73.3,75.2,73.3,68.4,62.3,0.000,0.000,0.00,0.000,2.4,5.7,1.1,288,26,3.0,7.7,1.4,292,26,2.4,5.7,1.1,288,26,24,28.93,,0,0,0,76.8,73.4,68.5,0.06,0.11,0.05
SARA,2017-08-21 19:25:00 EDT,44.70758,-73.67115,1029,73.1,75.1,73.1,69.5,62.5,0.000,0.000,0.00,0.000,2.5,5.0,0.7,275,28,2.9,6.3,0.9,283,23,2.5,5.0,0.7,275,28,21,28.93,,0,0,0,76.5,73.4,68.5,0.06,0.11,0.04
SARA,2017-08-21 19:30:00 EDT,44.70758,-73.67115,1029,73.2,75.0,73.2,68.8,62.3,0.000,0.000,0.00,0.000,2.8,5.4,0.8,287,23,3.2,5.8,1.0,295,18,2.8,5.4,0.8,287,23,17,28.93,,0,0,0,76.5,73.4,68.5,0.06,0.11,0.04
SARA,2017-08-21 19:35:00 EDT,44.70758,-73.67115,1029,72.4,74.5,72.4,69.9,62.0,0.000,0.000,0.00,0.000,2.9,4.7,0.7,289,20,3.2,6.9,1.0,291,18,2.9,4.7,0.7,289,20,13,28.93,,0,0,0,76.5,73.4,68.5,0.06,0.11,0.04
SARA,2017-08-21 19:40:00 EDT,44.70758,-73.67115,1029,72.2,74.5,72.2,70.2,61.9,0.000,0.000,0.00,0.000,3.2,5.1,0.6,286,19,3.4,6.7,0.9,292,18,3.2,5.1,0.6,286,19,9,28.93,,0,0,0,76.3,73.4,68.5,0.06,0.11,0.05
SARA,2017-08-21 19:45:00 EDT,44.70758,-73.67115,1029,72.4,74.3,72.4,70.0,62.1,0.000,0.000,0.00,0.000,3.0,5.8,0.9,287,17,3.3,7.2,1.0,292,16,3.0,5.8,0.9,287,17,6,28.93,,0,0,0,75.9,73.4,68.5,0.06,0.11,0.05
SARA,2017-08-21 19:50:00 EDT,44.70758,-73.67115,1029,72.3,74.0,72.3,70.3,62.1,0.000,0.000,0.00,0.000,2.9,4.7,0.7,290,20,3.2,6.0,1.0,295,17,2.9,4.7,0.7,290,20,4,28.93,,0,0,0,75.9,73.4,68.5,0.06,0.11,0.05
SARA,2017-08-21 19:55:00 EDT,44.70758,-73.67115,1029,72.1,73.9,72.1,70.6,62.0,0.000,0.000,0.00,0.000,2.5,4.0,0.7,290,18,2.8,5.0,0.9,294,16,2.5,4.0,0.7,290,18,2,28.93,,0,0,0,75.8,73.4,68.5,0.06,0.11,0.05
SARA,2017-08-21 20:00:00 EDT,44.70758,-73.67115,1029,71.7,73.6,71.7,71.3,61.9,0.000,0.000,0.00,0.000,1.9,3.4,0.6,284,22,2.1,4.2,0.8,289,22,1.9,3.4,0.6,284,22,1,28.93,,0,0,0,75.6,73.4,68.5,0.06,0.11,0.05
SARA,2017-08-21 20:05:00 EDT,44.70758,-73.67115,1029,71.1,73.6,71.1,72.3,61.7,0.000,0.000,0.00,0.000,1.8,4.1,0.7,283,23,2.2,5.0,1.0,290,23,1.8,4.1,0.7,283,23,1,28.93,,0,0,0,75.6,73.4,68.5,0.06,0.11,0.04
SARA,2017-08-21 20:10:00 EDT,44.70758,-73.67115,1029,71.0,73.5,71.0,72.9,61.8,0.000,0.000,0.00,0.000,1.6,3.9,0.8,284,35,2.0,5.0,1.0,285,34,1.6,3.9,0.8,284,35,0,28.93,,0,0,0,75.5,73.4,68.5,0.06,0.11,0.05
SARA,2017-08-21 20:15:00 EDT,44.70758,-73.67115,1029,70.8,73.2,70.8,73.9,62.0,0.000,0.000,0.00,0.000,1.7,4.2,0.8,295,29,2.2,5.0,1.0,300,27,1.7,4.2,0.8,295,29,0,28.93,,0,0,0,75.1,73.4,68.5,0.06,0.11,0.05
SARA,2017-08-21 20:20:00 EDT,44.70758,-73.67115,1029,71.6,73.3,71.6,72.7,62.4,0.000,0.000,0.00,0.000,2.1,6.4,1.0,281,35,2.5,6.3,1.2,287,34,2.1,6.4,1.0,281,35,0,28.93,,0,0,0,75.0,73.4,68.5,0.06,0.11,0.05
SARA,2017-08-21 20:25:00 EDT,44.70758,-73.67115,1029,71.1,73.3,71.1,72.3,61.7,0.000,0.000,0.00,0.000,2.1,4.8,0.9,290,24,2.4,5.0,1.1,292,20,2.1,4.8,0.9,290,24,0,28.93,,0,0,0,74.9,73.4,68.5,0.06,0.11,0.05
SARA,2017-08-21 20:30:00 EDT,44.70758,-73.67115,1029,71.1,73.1,71.1,73.0,62.0,0.000,0.000,0.00,0.000,1.8,3.4,0.6,287,28,2.3,4.9,0.9,292,26,1.8,3.4,0.6,287,28,0,28.93,,0,0,0,74.7,73.4,68.5,0.06,0.11,0.04
SARA,2017-08-21 20:35:00 EDT,44.70758,-73.67115,1029,70.4,72.9,70.4,74.5,61.9,0.000,0.000,0.00,0.000,1.5,3.2,0.6,291,29,1.7,4.5,0.9,293,28,1.5,3.2,0.6,291,29,0,28.93,,0,0,0,74.7,73.4,68.5,0.06,0.11,0.05
SARA,2017-08-21 20:40:00 EDT,44.70758,-73.67115,1029,69.0,72.7,69.0,77.1,61.6,0.000,0.000,0.00,0.000,0.9,3.4,0.8,287,37,1.4,4.5,0.9,295,36,0.9,3.4,0.8,287,37,0,28.93,,0,0,0,74.7,73.4,68.5,0.06,0.11,0.05
SARA,2017-08-21 20:45:00 EDT,44.70758,-73.67115,1029,68.7,72.8,68.7,78.7,61.8,0.000,0.000,0.00,0.000,0.9,2.8,0.7,307,37,1.3,4.1,0.8,302,43,0.9,2.8,0.7,307,37,0,28.93,,0,0,0,74.6,73.4,68.5,0.06,0.11,0.05
SARA,2017-08-21 20:50:00 EDT,44.70758,-73.67115,1029,69.0,72.5,69.0,80.0,62.6,0.000,0.000,0.00,0.000,0.9,2.8,0.6,308,31,1.2,4.8,0.8,311,30,0.9,2.8,0.6,308,31,0,28.94,,0,0,0,74.3,73.4,68.5,0.06,0.11,0.05
SARA,2017-08-21 20:55:00 EDT,44.70758,-73.67115,1029,69.1,72.3,69.1,79.7,62.5,0.000,0.000,0.00,0.000,1.5,3.9,0.8,276,23,1.9,5.6,1.1,286,23,1.5,3.9,0.8,276,23,0,28.94,,0,0,0,74.3,73.4,68.5,0.06,0.11,0.05
SARA,2017-08-21 21:00:00 EDT,44.70758,-73.67115,1029,69.7,72.7,69.7,78.0,62.5,0.000,0.000,0.00,0.000,2.1,4.1,0.8,288,26,2.3,5.3,1.1,295,24,2.1,4.1,0.8,288,26,0,28.94,,0,0,0,74.2,73.4,68.5,0.06,0.11,0.04
SARA,2017-08-21 21:05:00 EDT,44.70758,-73.67115,1029,69.6,72.7,69.6,77.0,62.1,0.000,0.000,0.00,0.000,2.0,3.8,0.7,284,28,2.4,4.9,0.9,288,24,2.0,3.8,0.7,284,28,0,28.94,,0,0,0,73.9,73.4,68.5,0.06,0.11,0.05
SARA,2017-08-21 21:10:00 EDT,44.70758,-73.67115,1029,68.9,72.5,68.9,78.2,61.8,0.000,0.000,0.00,0.000,1.7,3.4,0.6,286,23,1.9,5.1,0.9,291,22,1.7,3.4,0.6,286,23,0,28.94,,0,0,0,73.9,73.4,68.5,0.06,0.11,0.04
SARA,2017-08-21 21:15:00 EDT,44.70758,-73.67115,1029,68.6,72.1,68.6,79.4,62.0,0.000,0.000,0.00,0.000,1.4,3.4,0.5,287,27,1.7,4.8,0.7,286,29,1.4,3.4,0.5,287,27,0,28.94,,0,0,0,73.9,73.4,68.5,0.06,0.11,0.05
SARA,2017-08-21 21:20:00 EDT,44.70758,-73.67115,1029,67.7,72.0,67.7,81.5,61.8,0.000,0.000,0.00,0.000,1.1,3.3,0.7,281,35,1.5,4.6,0.9,283,34,1.1,3.3,0.7,281,35,0,28.94,,0,0,0,73.8,73.4,68.5,0.06,0.11,0.05
SARA,2017-08-21 21:25:00 EDT,44.70758,-73.67115,1029,68.8,71.8,68.8,80.4,62.6,0.000,0.000,0.00,0.000,1.6,3.0,0.5,291,23,1.9,4.5,0.8,294,22,1.6,3.0,0.5,291,23,0,28.94,,0,0,0,73.4,73.3,68.5,0.06,0.11,0.04
SARA,2017-08-21 21:30:00 EDT,44.70758,-73.67115,1029,68.4,71.6,68.4,80.2,62.1,0.000,0.000,0.00,0.000,1.7,3.9,0.7,288,16,2.0,5.8,0.8,291,18,1.7,3.9,0.7,288,16,0,28.94,,0,0,0,73.4,73.2,68.5,0.06,0.11,0.05
SARA,2017-08-21 21:35:00 EDT,44.70758,-73.67115,1029,68.6,71.4,68.6,81.0,62.5,0.000,0.000,0.00,0.000,1.8,3.5,0.5,286,15,2.0,4.5,0.6,294,15,1.8,3.5,0.5,286,15,0,28.94,,0,0,0,73.4,73.1,68.5,0.06,0.11,0.04
SARA,2017-08-21 21:40:00 EDT,44.70758,-73.67115,1029,68.1,71.5,68.1,81.7,62.3,0.000,0.000,0.00,0.000,1.8,2.6,0.4,287,14,2.0,3.2,0.5,292,12,1.8,2.6,0.4,287,14,0,28.94,,0,0,0,73.1,73.0,68.5,0.06,0.11,0.05
SARA,2017-08-21 21:45:00 EDT,44.70758,-73.67115,1029,67.7,71.0,67.7,82.5,62.2,0.000,0.000,0.00,0.000,0.8,2.0,0.6,287,13,1.0,2.3,0.7,293,14,0.8,2.0,0.6,287,13,0,28.94,,0,0,0,73.0,73.0,68.5,0.06,0.11,0.05
SARA,2017-08-21 21:50:00 EDT,44.70758,-73.67115,1029,66.8,70.7,66.8,84.9,62.1,0.000,0.000,0.00,0.000,0.2,1.2,0.3,303,25,0.5,2.3,0.6,314,22,0.2,1.2,0.3,303,25,0,28.93,,0,0,0,73.0,73.0,68.5,0.06,0.11,0.05
SARA,2017-08-21 21:55:00 EDT,44.70758,-73.67115,1029,66.5,70.5,66.5,86.2,62.2,0.000,0.000,0.00,0.000,0.5,1.7,0.5,303,18,0.7,1.8,0.6,314,23,0.5,1.7,0.5,303,18,0,28.93,,0,0,0,73.0,73.0,68.5,0.06,0.11,0.05
SARA,2017-08-21 22:00:00 EDT,44.70758,-73.67115,1029,65.7,70.1,65.7,87.6,61.9,0.000,0.000,0.00,0.000,0.5,2.7,0.6,264,39,0.8,2.8,0.7,277,41,0.5,2.7,0.6,264,39,0,28.94,,0,0,0,72.8,73.0,68.6,0.06,0.11,0.05
SARA,2017-08-21 22:05:00 EDT,44.70758,-73.67115,1029,66.0,69.6,66.0,88.1,62.4,0.000,0.000,0.00,0.000,0.5,3.6,0.7,260,43,0.9,3.5,0.8,334,60,0.5,3.6,0.7,260,43,0,28.94,,0,0,0,72.7,73.0,68.5,0.06,0.11,0.04
SARA,2017-08-21 22:10:00 EDT,44.70758,-73.67115,1029,66.0,69.6,66.0,88.4,62.4,0.000,0.000,0.00,0.000,0.3,1.4,0.4,181,40,0.8,3.0,0.7,205,59,0.3,1.4,0.4,181,40,0,28.94,,0,0,0,72.7,73.0,68.5,0.06,0.11,0.05
SARA,2017-08-21 22:15:00 EDT,44.70758,-73.67115,1029,65.9,69.2,65.9,88.4,62.4,0.000,0.000,0.00,0.000,0.4,4.1,0.7,250,31,0.8,5.0,1.0,229,36,0.4,4.1,0.7,250,31,0,28.94,,0,0,0,72.7,73.0,68.6,0.06,0.11,0.05
SARA,2017-08-21 22:20:00 EDT,44.70758,-73.67115,1029,65.5,67.8,65.5,89.4,62.3,0.000,0.000,0.00,0.000,0.1,1.0,0.2,102,17,0.4,1.7,0.5,77,30,0.1,1.0,0.2,102,17,0,28.94,,0,0,0,72.4,73.0,68.6,0.06,0.11,0.05
SARA,2017-08-21 22:25:00 EDT,44.70758,-73.67115,1029,65.2,66.8,65.2,90.2,62.2,0.000,0.000,0.00,0.000,0.6,1.8,0.5,106,21,1.0,1.9,0.6,109,21,0.6,1.8,0.5,106,21,0,28.94,,0,0,0,72.3,73.0,68.6,0.06,0.11,0.05
SARA,2017-08-21 22:30:00 EDT,44.70758,-73.67115,1029,64.6,66.2,64.6,91.0,61.9,0.000,0.000,0.00,0.000,0.0,0.0,0.0,0,0,0.2,1.0,0.4,26,16,0.0,0.0,0.0,0,0,0,28.94,,0,0,0,72.3,73.0,68.6,0.06,0.11,0.05
SARA,2017-08-21 22:35:00 EDT,44.70758,-73.67115,1029,64.2,65.9,64.2,91.9,61.8,0.000,0.000,0.00,0.000,1.1,1.8,0.4,115,11,1.4,1.9,0.3,116,14,1.1,1.8,0.4,115,11,0,28.94,,0,0,0,72.3,73.0,68.7,0.06,0.11,0.05
SARA,2017-08-21 22:40:00 EDT,44.70758,-73.67115,1029,63.8,66.2,63.8,92.8,61.6,0.000,0.000,0.00,0.000,0.3,1.5,0.4,32,21,0.8,2.2,0.5,28,39,0.3,1.5,0.4,32,21,0,28.95,,0,0,0,72.2,73.0,68.8,0.06,0.11,0.05
SARA,2017-08-21 22:45:00 EDT,44.70758,-73.67115,1029,63.3,66.3,63.3,93.6,61.4,0.000,0.000,0.00,0.000,0.7,1.2,0.4,28,25,1.1,2.6,0.4,40,33,0.7,1.2,0.4,28,25,0,28.94,,0,0,0,71.8,73.0,68.8,0.06,0.11,0.05
SARA,2017-08-21 22:50:00 EDT,44.70758,-73.67115,1029,63.4,66.5,63.4,94.3,61.7,0.000,0.000,0.00,0.000,0.6,1.5,0.5,15,33,1.0,2.2,0.5,26,40,0.6,1.5,0.5,15,33,0,28.94,,0,0,0,71.8,72.9,68.8,0.06,0.11,0.05
SARA,2017-08-21 22:55:00 EDT,44.70758,-73.67115,1029,62.9,67.0,62.9,94.9,61.4,0.000,0.000,0.00,0.000,0.4,1.2,0.4,40,30,0.9,1.7,0.5,49,39,0.4,1.2,0.4,40,30,0,28.94,,0,0,0,71.8,72.8,68.8,0.06,0.11,0.05
SARA,2017-08-21 23:00:00 EDT,44.70758,-73.67115,1029,63.3,66.0,63.3,95.5,62.0,0.000,0.000,0.00,0.000,0.9,2.0,0.6,47,13,1.4,2.6,0.6,52,19,0.9,2.0,0.6,47,13,0,28.94,,0,0,0,71.8,72.7,68.9,0.06,0.11,0.04
SARA,2017-08-21 23:05:00 EDT,44.70758,-73.67115,1029,63.7,65.0,63.7,95.8,62.4,0.000,0.000,0.00,0.000,0.3,1.3,0.4,59,13,0.8,1.8,0.5,83,23,0.3,1.3,0.4,59,13,0,28.94,,0,0,0,71.5,72.7,68.9,0.06,0.11,0.05
SARA,2017-08-21 23:10:00 EDT,44.70758,-73.67115,1029,63.5,64.8,63.5,95.4,62.1,0.000,0.000,0.00,0.000,0.1,1.4,0.3,73,7,0.3,1.9,0.5,69,31,0.1,1.4,0.3,73,7,0,28.94,,0,0,0,71.4,72.7,68.9,0.06,0.11,0.05
SARA,2017-08-21 23:15:00 EDT,44.70758,-73.67115,1029,63.4,65.5,63.4,95.5,62.1,0.000,0.000,0.00,0.000,0.3,1.1,0.4,333,38,0.6,2.5,0.6,358,47,0.3,1.1,0.4,333,38,0,28.94,,0,0,0,71.4,72.7,68.9,0.06,0.11,0.05
SARA,2017-08-21 23:20:00 EDT,44.70758,-73.67115,1029,63.1,65.7,63.1,95.6,61.8,0.000,0.000,0.00,0.000,0.8,2.6,0.8,33,26,1.1,2.8,0.8,38,32,0.8,2.6,0.8,33,26,0,28.94,,0,0,0,71.4,72.7,68.9,0.06,0.11,0.05
SARA,2017-08-21 23:25:00 EDT,44.70758,-73.67115,1029,62.8,66.1,62.8,95.9,61.6,0.000,0.000,0.00,0.000,0.4,0.9,0.3,10,22,0.7,1.4,0.5,8,26,0.4,0.9,0.3,10,22,0,28.94,,0,0,0,71.4,72.7,68.9,0.06,0.11,0.05
SARA,2017-08-21 23:30:00 EDT,44.70758,-73.67115,1029,62.7,65.5,62.7,96.0,61.5,0.000,0.000,0.00,0.000,0.9,1.5,0.4,5,32,1.1,2.2,0.5,4,31,0.9,1.5,0.4,5,32,0,28.94,,0,0,0,71.4,72.7,68.9,0.06,0.11,0.05
SARA,2017-08-21 23:35:00 EDT,44.70758,-73.67115,1029,62.8,64.9,62.8,95.6,61.5,0.000,0.000,0.00,0.000,0.9,2.4,0.6,3,50,1.2,2.3,0.5,355,48,0.9,2.4,0.6,3,50,0,28.94,,0,0,0,71.1,72.7,68.9,0.06,0.11,0.05
SARA,2017-08-21 23:40:00 EDT,44.70758,-73.67115,1029,62.7,64.7,62.7,95.9,61.5,0.000,0.000,0.00,0.000,0.6,2.0,0.5,20,40,0.9,2.1,0.6,24,44,0.6,2.0,0.5,20,40,0,28.94,,0,0,0,71.1,72.7,68.9,0.06,0.11,0.05
SARA,2017-08-21 23:45:00 EDT,44.70758,-73.67115,1029,62.4,64.3,62.4,96.0,61.2,0.000,0.000,0.00,0.000,0.0,0.0,0.0,0,0,0.2,1.1,0.4,13,11,0.0,0.0,0.0,0,0,0,28.94,,0,0,0,71.1,72.7,68.9,0.06,0.11,0.04
SARA,2017-08-21 23:50:00 EDT,44.70758,-73.67115,1029,61.8,64.5,61.8,95.8,60.6,0.000,0.000,0.00,0.000,0.1,0.5,0.2,42,7,0.6,1.2,0.4,30,20,0.1,0.5,0.2,42,7,0,28.94,,0,0,0,71.0,72.7,68.9,0.06,0.11,0.05
SARA,2017-08-21 23:55:00 EDT,44.70758,-73.67115,1029,61.7,64.1,61.7,95.9,60.5,0.000,0.000,0.00,0.000,1.0,1.6,0.5,27,4,1.3,1.8,0.3,30,8,1.0,1.6,0.5,27,4,0,28.94,,0,0,0,70.8,72.7,68.9,0.06,0.11,0.05
SBRI,2017-08-21 00:00:00 EDT,42.75217,-77.35931,1147,60.8,65.8,60.8,79.8,54.5,0.000,0.000,0.00,0.000,1.9,3.2,0.8,279,13,2.2,3.7,0.7,287,14,1.9,3.2,0.8,279,13,0,28.94,,0,0,0,67.1,68.2,67.1,0.17,0.16,0.19
SBRI,2017-08-21 00:05:00 EDT,42.75217,-77.35931,1147,59.9,64.9,59.9,83.9,55.0,0.000,0.000,0.00,0.000,2.6,4.1,0.9,288,8,2.8,4.7,1.0,293,9,2.6,4.1,0.9,288,8,1,28.94,,0,0,0,67.1,68.2,67.1,0.17,0.16,0.19
SBRI,2017-08-21 00:10:00 EDT,42.75217,-77.35931,1147,60.3,65.3,60.3,83.8,55.3,0.000,0.000,0.00,0.000,2.8,4.0,0.5,294,9,2.9,4.6,0.6,300,9,2.8,4.0,0.5,294,9,1,28.94,,0,0,0,67.1,68.2,67.1,0.17,0.16,0.19
SBRI,2017-08-21 00:15:00 EDT,42.75217,-77.35931,1147,59.4,64.8,59.4,85.8,55.2,0.000,0.000,0.00,0.000,2.6,3.3,0.4,286,15,2.7,4.6,0.5,292,14,2.6,3.3,0.4,286,15,1,28.94,,0,0,0,67.1,68.2,67.1,0.17,0.16,0.19
SBRI,2017-08-21 00:20:00 EDT,42.75217,-77.35931,1147,59.3,62.9,59.3,87.1,55.5,0.000,0.000,0.00,0.000,1.1,2.6,0.7,257,24,1.5,3.1,0.6,266,30,1.1,2.6,0.7,257,24,1,28.94,,0,0,0,67.1,68.2,67.1,0.17,0.16,0.19
SBRI,2017-08-21 00:25:00 EDT,42.75217,-77.35931,1147,59.3,64.6,59.3,86.3,55.2,0.000,0.000,0.00,0.000,1.6,2.4,0.7,172,11,1.8,2.7,0.8,167,13,1.6,2.4,0.7,172,11,0,28.94,,0,0,0,67.1,68.2,67.1,0.17,0.16,0.19
SBRI,2017-08-21 00:30:00 EDT,42.75217,-77.35931,1147,59.7,65.3,59.7,86.8,55.7,0.000,0.000,0.00,0.000,0.0,0.8,0.2,87,1,0.5,1.6,0.5,100,33,0.0,0.8,0.2,87,1,0,28.94,,0,0,0,67.1,68.2,67.1,0.17,0.16,0.19
SBRI,2017-08-21 00:35:00 EDT,42.75217,-77.35931,1147,60.2,64.7,60.2,84.1,55.4,0.000,0.000,0.00,0.000,0.1,0.8,0.2,277,1,0.4,2.0,0.5,283,18,0.1,0.8,0.2,277,1,1,28.94,,0,0,0,67.0,68.2,67.1,0.17,0.16,0.19
SBRI,2017-08-21 00:40:00 EDT,42.75217,-77.35931,1147,59.9,65.1,59.9,83.6,54.9,0.000,0.000,0.00,0.000,0.9,2.0,0.6,251,9,1.3,2.4,0.6,259,12,0.9,2.0,0.6,251,9,0,28.94,,0,0,0,66.8,68.2,67.1,0.17,0.16,0.19
SBRI,2017-08-21 00:45:00 EDT,42.75217,-77.35931,1147,59.5,64.5,59.5,84.7,54.9,0.000,0.000,0.00,0.000,2.7,3.7,0.6,265,11,3.0,4.2,0.6,270,10,2.7,3.7,0.6,265,11,1,28.94,,0,0,0,66.7,68.2,67.1,0.17,0.16,0.19
SBRI,2017-08-21 00:50:00 EDT,42.75217,-77.35931,1147,58.9,63.0,58.9,87.1,55.1,0.000,0.000,0.00,0.000,3.1,4.3,0.5,311,12,3.1,4.6,0.6,314,10,3.1,4.3,0.5,311,12,1,28.94,,0,0,0,66.7,68.1,67.1,0.17,0.16,0.19
SBRI,2017-08-21 00:55:00 EDT,42.75217,-77.35931,1147,59.2,64.0,59.2,87.8,55.6,0.000,0.000,0.00,0.000,3.1,3.7,0.3,316,4,3.0,3.8,0.4,320,3,3.1,3.7,0.3,316,4,0,28.94,,0,0,0,66.7,68.0,67.1,0.17,0.16,0.19
SBRI,2017-08-21 01:00:00 EDT,42.75217,-77.35931,1147,60.3,64.7,60.3,84.8,55.7,0.000,0.000,0.00,0.000,2.6,3.7,0.6,324,6,2.5,3.7,0.6,327,5,2.6,3.7,0.6,324,6,1,28.94,,0,0,0,66.7,67.9,67.1,0.17,0.16,0.19
SBRI,2017-08-21 01:05:00 EDT,42.75217,-77.35931,1147,60.9,64.2,60.9,82.6,55.6,0.000,0.000,0.00,0.000,0.9,1.5,0.4,311,15,1.2,1.9,0.4,320,15,0.9,1.5,0.4,311,15,0,28.94,,0,0,0,66.7,67.8,67.1,0.17,0.16,0.19
SBRI,2017-08-21 01:10:00 EDT,42.75217,-77.35931,1147,61.9,65.0,61.9,79.9,55.6,0.000,0.000,0.00,0.000,0.0,0.6,0.1,247,0,0.6,1.3,0.5,275,18,0.0,0.6,0.1,247,0,1,28.94,,0,0,0,66.7,67.8,67.1,0.17,0.16,0.19
SBRI,2017-08-21 01:15:00 EDT,42.75217,-77.35931,1147,60.1,65.7,60.1,81.9,54.6,0.000,0.000,0.00,0.000,0.9,1.6,0.5,149,18,1.3,1.9,0.3,154,30,0.9,1.6,0.5,149,18,1,28.94,,0,0,0,66.6,67.8,67.1,0.17,0.16,0.19
SBRI,2017-08-21 01:20:00 EDT,42.75217,-77.35931,1147,61.0,65.9,61.0,80.8,55.0,0.000,0.000,0.00,0.000,0.5,1.3,0.4,164,16,0.8,2.1,0.5,160,26,0.5,1.3,0.4,164,16,1,28.94,,0,0,0,66.4,67.8,67.1,0.17,0.16,0.19
SBRI,2017-08-21 01:25:00 EDT,42.75217,-77.35931,1147,59.0,65.5,59.0,83.4,54.0,0.000,0.000,0.00,0.000,0.3,2.0,0.6,244,5,0.5,2.6,0.8,242,23,0.3,2.0,0.6,244,5,1,28.94,,0,0,0,66.4,67.8,67.1,0.17,0.16,0.19
SBRI,2017-08-21 01:30:00 EDT,42.75217,-77.35931,1147,58.5,64.0,58.5,89.0,55.3,0.000,0.000,0.00,0.000,1.4,2.2,0.4,236,15,1.6,2.6,0.4,242,18,1.4,2.2,0.4,236,15,1,28.94,,0,0,0,66.4,67.8,67.1,0.17,0.16,0.19
SBRI,2017-08-21 01:35:00 EDT,42.75217,-77.35931,1147,58.7,64.5,58.7,91.0,56.1,0.000,0.000,0.00,0.000,1.7,3.1,0.6,264,9,2.1,3.5,0.6,269,11,1.7,3.1,0.6,264,9,1,28.94,,0,0,0,66.4,67.8,67.1,0.17,0.16,0.19
SBRI,2017-08-21 01:40:00 EDT,42.75217,-77.35931,1147,59.2,63.7,59.2,90.3,56.3,0.000,0.000,0.00,0.000,2.8,3.4,0.3,297,20,2.8,3.5,0.3,302,20,2.8,3.4,0.3,297,20,1,28.94,,0,0,0,66.4,67.8,67.1,0.17,0.16,0.19
SBRI,2017-08-21 01:45:00 EDT,42.75217,-77.35931,1147,59.2,62.5,59.2,90.8,56.5,0.000,0.000,0.00,0.000,2.9,3.1,0.1,305,10,2.8,3.4,0.2,309,10,2.9,3.1,0.1,305,10,0,28.94,,0,0,0,66.4,67.8,67.1,0.17,0.16,0.19
SBRI,2017-08-21 01:50:00 EDT,42.75217,-77.35931,1147,60.6,64.1,60.6,90.1,57.7,0.000,0.000,0.00,0.000,1.9,2.7,0.3,317,11,1.9,2.5,0.3,321,11,1.9,2.7,0.3,317,11,0,28.94,,0,0,0,66.4,67.8,67.1,0.17,0.16,0.19
SBRI,2017-08-21 01:55:00 EDT,42.75217,-77.35931,1147,60.6,64.6,60.6,86.9,56.7,0.000,0.000,0.00,0.000,0.8,1.6,0.6,311,18,1.3,2.0,0.4,327,21,0.8,1.6,0.6,311,18,1,28.94,,0,0,0,66.4,67.8,67.1,0.17,0.16,0.19
SBRI,2017-08-21 02:00:00 EDT,42.75217,-77.35931,1147,60.5,64.8,60.5,88.1,56.9,0.000,0.000,0.00,0.000,1.2,1.7,0.3,349,12,1.5,2.2,0.5,355,12,1.2,1.7,0.3,349,12,0,28.94,,0,0,0,66.4,67.8,67.1,0.17,0.16,0.19
SBRI,2017-08-21 02:05:00 EDT,42.75217,-77.35931,1147,60.3,64.4,60.3,86.9,56.4,0.000,0.000,0.00,0.000,0.5,1.4,0.4,271,22,0.9,2.1,0.5,282,24,0.5,1.4,0.4,271,22,1,28.94,,0,0,0,66.3,67.8,67.1,0.17,0.16,0.19
SBRI,2017-08-21 02:10:00 EDT,42.75217,-77.35931,1147,59.9,64.9,59.9,88.3,56.4,0.000,0.000,0.00,0.000,0.0,0.7,0.2,271,1,0.5,1.2,0.4,316,21,0.0,0.7,0.2,271,1,1,28.94,,0,0,0,66.1,67.8,67.1,0.17,0.16,0.19
SBRI,2017-08-21 02:15:00 EDT,42.75217,-77.35931,1147,60.4,64.3,60.4,86.8,56.5,0.000,0.000,0.00,0.000,0.8,2.1,0.6,278,14,1.3,2.5,0.4,300,26,0.8,2.1,0.6,278,14,0,28.94,,0,0,0,66.0,67.8,67.1,0.17,0.16,0.19
SBRI,2017-08-21 02:20:00 EDT,42.75217,-77.35931,1147,59.3,63.8,59.3,91.9,57.0,0.000,0.000,0.00,0.000,1.6,2.4,0.5,289,14,1.8,2.6,0.3,296,13,1.6,2.4,0.5,289,14,0,28.94,,0,0,0,66.0,67.8,67.1,0.17,0.16,0.19
SBRI,2017-08-21 02:25:00 EDT,42.75217,-77.35931,1147,58.9,64.0,58.9,93.1,57.0,0.000,0.000,0.00,0.000,2.1,2.8,0.3,309,10,2.0,2.6,0.3,313,8,2.1,2.8,0.3,309,10,0,28.94,,0,0,0,66.0,67.8,67.1,0.17,0.16,0.19
SBRI,2017-08-21 02:30:00 EDT,42.75217,-77.35931,1147,59.0,63.9,59.0,93.9,57.2,0.000,0.000,0.00,0.000,2.3,3.5,0.5,312,12,2.2,3.6,0.6,316,11,2.3,3.5,0.5,312,12,0,28.94,,0,0,0,66.0,67.8,67.1,0.17,0.16,0.19
SBRI,2017-08-21 02:35:00 EDT,42.75217,-77.35931,1147,58.7,63.0,58.7,94.2,57.0,0.000,0.000,0.00,0.000,2.6,3.7,0.4,313,8,2.4,4.2,0.5,317,7,2.6,3.7,0.4,313,8,1,28.94,,0,0,0,66.0,67.8,67.1,0.17,0.16,0.19
SBRI,2017-08-21 02:40:00 EDT,42.75217,-77.35931,1147,59.2,63.6,59.2,95.8,58.0,0.000,0.000,0.00,0.000,2.5,3.2,0.3,330,9,2.7,3.6,0.5,333,11,2.5,3.2,0.3,330,9,1,28.94,,0,0,0,66.0,67.8,67.1,0.17,0.16,0.19
SBRI,2017-08-21 02:45:00 EDT,42.75217,-77.35931,1147,60.6,64.0,60.6,92.1,58.3,0.000,0.000,0.00,0.000,2.9,3.4,0.4,331,23,3.2,4.1,0.6,337,24,2.9,3.4,0.4,331,23,1,28.94,,0,0,0,66.0,67.8,67.1,0.17,0.16,0.19
SBRI,2017-08-21 02:50:00 EDT,42.75217,-77.35931,1147,60.7,63.6,60.7,89.7,57.6,0.000,0.000,0.00,0.000,2.4,3.2,0.4,333,22,2.8,4.3,0.7,340,21,2.4,3.2,0.4,333,22,1,28.94,,0,0,0,66.0,67.8,67.1,0.17,0.16,0.19
SBRI,2017-08-21 02:55:00 EDT,42.75217,-77.35931,1147,61.7,63.6,61.7,87.9,58.1,0.000,0.000,0.00,0.000,1.8,2.8,0.4,326,13,2.0,3.1,0.4,332,13,1.8,2.8,0.4,326,13,1,28.93,,0,0,0,66.0,67.8,67.1,0.17,0.16,0.19
SBRI,2017-08-21 03:00:00 EDT,42.75217,-77.35931,1147,59.6,63.2,59.6,89.6,56.6,0.000,0.000,0.00,0.000,3.1,3.7,0.3,331,9,3.3,4.0,0.4,334,10,3.1,3.7,0.3,331,9,0,28.94,,0,0,0,65.9,67.8,67.1,0.17,0.16,0.19
SBRI,2017-08-21 03:05:00 EDT,42.75217,-77.35931,1147,59.6,63.3,59.6,92.7,57.5,0.000,0.000,0.00,0.000,3.0,3.4,0.2,333,9,3.2,4.2,0.4,336,10,3.0,3.4,0.2,333,9,0,28.94,,0,0,0,65.9,67.8,67.1,0.17,0.16,0.19
SBRI,2017-08-21 03:10:00 EDT,42.75217,-77.35931,1147,59.8,63.2,59.8,92.2,57.5,0.000,0.000,0.00,0.000,3.3,3.9,0.3,331,11,3.6,4.6,0.5,336,12,3.3,3.9,0.3,331,11,0,28.94,,0,0,0,65.8,67.8,67.1,0.17,0.16,0.19
SBRI,2017-08-21 03:15:00 EDT,42.75217,-77.35931,1147,60.0,63.8,60.0,92.2,57.7,0.000,0.000,0.00,0.000,3.5,4.3,0.3,331,14,3.7,4.9,0.5,335,14,3.5,4.3,0.3,331,14,0,28.94,,0,0,0,65.8,67.8,67.1,0.17,0.16,0.19
SBRI,2017-08-21 03:20:00 EDT,42.75217,-77.35931,1147,60.4,64.7,60.4,91.0,57.7,0.000,0.000,0.00,0.000,3.5,4.2,0.4,329,12,3.6,4.9,0.7,334,12,3.5,4.2,0.4,329,12,0,28.94,,0,0,0,65.8,67.8,67.1,0.17,0.16,0.19
SBRI,2017-08-21 03:25:00 EDT,42.75217,-77.35931,1147,59.3,64.7,59.3,92.3,57.1,0.000,0.000,0.00,0.000,3.0,3.5,0.2,331,7,3.1,4.1,0.4,335,8,3.0,3.5,0.2,331,7,0,28.94,,0,0,0,65.8,67.8,67.1,0.17,0.16,0.19
SBRI,2017-08-21 03:30:00 EDT,42.75217,-77.35931,1147,59.3,65.0,59.3,94.4,57.7,0.000,0.000,0.00,0.000,2.5,2.9,0.2,332,10,2.6,3.5,0.4,337,12,2.5,2.9,0.2,332,10,0,28.94,,0,0,0,65.8,67.8,67.1,0.17,0.16,0.19
SBRI,2017-08-21 03:35:00 EDT,42.75217,-77.35931,1147,59.8,65.2,59.8,94.8,58.3,0.000,0.000,0.00,0.000,1.8,2.3,0.2,313,7,1.8,2.5,0.2,318,7,1.8,2.3,0.2,313,7,0,28.94,,0,0,0,65.8,67.8,67.1,0.17,0.16,0.19
SBRI,2017-08-21 03:40:00 EDT,42.75217,-77.35931,1147,61.0,65.5,61.0,91.9,58.7,0.000,0.000,0.00,0.000,1.1,2.3,0.6,295,14,1.3,2.5,0.4,305,19,1.1,2.3,0.6,295,14,0,28.94,,0,0,0,65.8,67.8,67.1,0.17,0.16,0.19
SBRI,2017-08-21 03:45:00 EDT,42.75217,-77.35931,1147,61.7,65.1,61.7,87.7,58.0,0.000,0.000,0.00,0.000,0.5,1.2,0.5,3,29,1.0,1.8,0.5,7,24,0.5,1.2,0.5,3,29,1,28.94,,0,0,0,65.8,67.8,67.1,0.17,0.16,0.19
SBRI,2017-08-21 03:50:00 EDT,42.75217,-77.35931,1147,59.4,63.2,59.4,88.1,55.9,0.000,0.000,0.00,0.000,0.8,1.2,0.1,19,17,1.1,1.7,0.2,18,18,0.8,1.2,0.1,19,17,0,28.94,,0,0,0,65.8,67.8,67.1,0.17,0.16,0.19
SBRI,2017-08-21 03:55:00 EDT,42.75217,-77.35931,1147,59.1,62.7,59.1,92.7,57.0,0.000,0.000,0.00,0.000,1.5,2.5,0.5,330,12,1.8,3.2,0.5,336,14,1.5,2.5,0.5,330,12,0,28.94,,0,0,0,65.8,67.8,67.1,0.17,0.16,0.19
SBRI,2017-08-21 04:00:00 EDT,42.75217,-77.35931,1147,59.2,63.0,59.2,94.2,57.5,0.000,0.000,0.00,0.000,2.0,2.5,0.4,321,5,2.0,2.7,0.3,325,5,2.0,2.5,0.4,321,5,0,28.94,,0,0,0,65.8,67.8,67.1,0.17,0.16,0.19
SBRI,2017-08-21 04:05:00 EDT,42.75217,-77.35931,1147,59.8,63.1,59.8,93.2,57.9,0.000,0.000,0.00,0.000,2.5,3.1,0.3,317,8,2.4,3.2,0.3,322,8,2.5,3.1,0.3,317,8,0,28.94,,0,0,0,65.8,67.6,67.1,0.17,0.16,0.19
SBRI,2017-08-21 04:10:00 EDT,42.75217,-77.35931,1147,59.0,62.7,59.0,92.4,56.8,0.000,0.000,0.00,0.000,2.0,2.7,0.4,342,9,2.4,3.5,0.5,347,11,2.0,2.7,0.4,342,9,0,28.93,,0,0,0,65.8,67.5,67.1,0.17,0.16,0.19
SBRI,2017-08-21 04:15:00 EDT,42.75217,-77.35931,1147,58.5,62.5,58.5,94.1,56.8,0.000,0.000,0.00,0.000,3.1,4.1,0.6,349,8,3.7,5.1,0.6,353,7,3.1,4.1,0.6,349,8,1,28.93,,0,0,0,65.8,67.5,67.1,0.17,0.16,0.19
SBRI,2017-08-21 04:20:00 EDT,42.75217,-77.35931,1147,58.2,62.0,58.2,95.2,56.9,0.000,0.000,0.00,0.000,3.2,4.1,0.3,342,12,3.7,4.8,0.6,347,12,3.2,4.1,0.3,342,12,0,28.93,,0,0,0,65.8,67.5,67.1,0.17,0.16,0.19
SBRI,2017-08-21 04:25:00 EDT,42.75217,-77.35931,1147,58.4,61.8,58.4,96.0,57.3,0.000,0.000,0.00,0.000,4.0,4.7,0.4,327,12,4.2,5.3,0.5,331,11,4.0,4.7,0.4,327,12,0,28.93,,0,0,0,65.6,67.5,67.1,0.17,0.16,0.19
SBRI,2017-08-21 04:30:00 EDT,42.75217,-77.35931,1147,58.6,62.4,58.6,95.8,57.5,0.000,0.000,0.00,0.000,4.4,5.1,0.3,331,6,4.6,5.5,0.4,333,7,4.4,5.1,0.3,331,6,0,28.93,,0,0,0,65.5,67.5,67.1,0.17,0.16,0.19
SBRI,2017-08-21 04:35:00 EDT,42.75217,-77.35931,1147,59.7,63.6,59.7,94.9,58.2,0.000,0.000,0.00,0.000,3.5,4.3,0.4,321,9,3.5,4.9,0.6,325,9,3.5,4.3,0.4,321,9,0,28.93,,0,0,0,65.5,67.5,67.1,0.17,0.16,0.19
SBRI,2017-08-21 04:40:00 EDT,42.75217,-77.35931,1147,60.4,63.9,60.4,90.9,57.8,0.000,0.000,0.00,0.000,2.2,2.8,0.4,343,13,2.6,3.5,0.5,350,15,2.2,2.8,0.4,343,13,0,28.93,,0,0,0,65.5,67.5,67.1,0.17,0.16,0.19
SBRI,2017-08-21 04:45:00 EDT,42.75217,-77.35931,1147,61.4,63.8,61.4,89.6,58.3,0.000,0.000,0.00,0.000,1.9,2.6,0.3,357,10,2.5,3.5,0.4,3,8,1.9,2.6,0.3,357,10,0,28.93,,0,0,0,65.5,67.5,67.1,0.17,0.16,0.19
SBRI,2017-08-21 04:50:00 EDT,42.75217,-77.35931,1147,60.9,64.3,60.9,87.8,57.2,0.000,0.000,0.00,0.000,1.7,3.4,0.6,321,13,2.0,3.6,0.6,326,13,1.7,3.4,0.6,321,13,0,28.93,,0,0,0,65.5,67.5,67.1,0.17,0.16,0.19
SBRI,2017-08-21 04:55:00 EDT,42.75217,-77.35931,1147,59.9,63.7,59.9,89.1,56.7,0.000,0.000,0.00,0.000,2.4,3.5,0.4,306,11,2.4,3.9,0.6,310,10,2.4,3.5,0.4,306,11,0,28.93,,0,0,0,65.5,67.5,67.1,0.17,0.16,0.19
SBRI,2017-08-21 05:00:00 EDT,42.75217,-77.35931,1147,59.9,63.6,59.9,89.8,56.9,0.000,0.000,0.00,0.000,2.8,3.6,0.3,313,12,2.7,3.9,0.5,317,12,2.8,3.6,0.3,313,12,0,28.93,,0,0,0,65.5,67.5,67.1,0.17,0.16,0.19
SBRI,2017-08-21 05:05:00 EDT,42.75217,-77.35931,1147,59.2,63.7,59.2,91.9,56.8,0.000,0.000,0.00,0.000,2.6,3.2,0.3,337,12,2.9,3.7,0.4,341,13,2.6,3.2,0.3,337,12,1,28.93,,0,0,0,65.5,67.5,67.1,0.17,0.16,0.19
SBRI,2017-08-21 05:10:00 EDT,42.75217,-77.35931,1147,59.0,63.4,59.0,93.8,57.2,0.000,0.000,0.00,0.000,3.1,4.3,0.7,345,8,3.7,5.0,0.8,350,9,3.1,4.3,0.7,345,8,1,28.93,,0,0,0,65.5,67.5,67.1,0.17,0.16,0.19
SBRI,2017-08-21 05:15:00 EDT,42.75217,-77.35931,1147,58.9,63.7,58.9,94.3,57.3,0.000,0.000,0.00,0.000,3.6,4.5,0.4,347,12,4.2,5.1,0.5,352,12,3.6,4.5,0.4,347,12,0,28.93,,0,0,0,65.5,67.5,67.1,0.17,0.16,0.19
SBRI,2017-08-21 05:20:00 EDT,42.75217,-77.35931,1147,58.6,63.2,58.6,94.5,57.1,0.000,0.000,0.00,0.000,3.7,4.5,0.3,319,19,3.8,5.5,0.6,324,19,3.7,4.5,0.3,319,19,0,28.93,,0,0,0,65.5,67.5,67.1,0.17,0.16,0.19
SBRI,2017-08-21 05:25:00 EDT,42.75217,-77.35931,1147,59.5,63.9,59.5,92.8,57.4,0.000,0.000,0.00,0.000,3.2,3.7,0.3,306,9,3.0,3.9,0.4,310,9,3.2,3.7,0.3,306,9,1,28.93,,0,0,0,65.5,67.5,67.1,0.17,0.16,0.19
SBRI,2017-08-21 05:30:00 EDT,42.75217,-77.35931,1147,61.3,65.1,61.3,87.4,57.5,0.000,0.000,0.00,0.000,1.9,3.1,0.5,289,25,2.1,3.6,0.6,293,25,1.9,3.1,0.5,289,25,0,28.93,,0,0,0,65.4,67.5,67.1,0.17,0.16,0.19
SBRI,2017-08-21 05:35:00 EDT,42.75217,-77.35931,1147,60.7,64.9,60.7,86.6,56.7,0.000,0.000,0.00,0.000,2.0,3.2,0.5,298,17,2.1,3.1,0.4,303,15,2.0,3.2,0.5,298,17,0,28.93,,0,0,0,65.3,67.5,67.1,0.17,0.16,0.19
SBRI,2017-08-21 05:40:00 EDT,42.75217,-77.35931,1147,60.0,63.9,60.0,88.3,56.5,0.000,0.000,0.00,0.000,3.4,4.2,0.3,316,10,3.4,4.5,0.4,319,10,3.4,4.2,0.3,316,10,0,28.93,,0,0,0,65.2,67.5,67.1,0.17,0.16,0.19
SBRI,2017-08-21 05:45:00 EDT,42.75217,-77.35931,1147,59.4,63.2,59.4,92.1,57.1,0.000,0.000,0.00,0.000,4.2,5.0,0.4,343,9,4.7,5.9,0.5,348,9,4.2,5.0,0.4,343,9,0,28.93,,0,0,0,65.3,67.5,67.1,0.17,0.16,0.19
SBRI,2017-08-21 05:50:00 EDT,42.75217,-77.35931,1147,60.6,64.1,60.6,90.3,57.8,0.000,0.000,0.00,0.000,4.5,5.3,0.3,353,7,5.1,6.2,0.5,358,6,4.5,5.3,0.3,353,7,0,28.93,,0,0,0,65.2,67.5,67.1,0.17,0.16,0.19
SBRI,2017-08-21 05:55:00 EDT,42.75217,-77.35931,1147,61.5,64.6,61.5,88.1,57.9,0.000,0.000,0.00,0.000,3.0,4.6,0.6,1,11,3.5,5.1,0.7,5,10,3.0,4.6,0.6,1,11,0,28.93,,0,0,0,65.2,67.5,67.1,0.17,0.16,0.19
SBRI,2017-08-21 06:00:00 EDT,42.75217,-77.35931,1147,63.2,65.2,63.2,82.8,57.9,0.000,0.000,0.00,0.000,1.0,2.1,0.8,10,9,1.3,2.7,0.9,16,13,1.0,2.1,0.8,10,9,0,28.93,,0,0,0,65.2,67.5,67.1,0.17,0.16,0.19
SBRI,2017-08-21 06:05:00 EDT,42.75217,-77.35931,1147,62.9,65.4,62.9,81.6,57.2,0.000,0.000,0.00,0.000,0.0,0.0,0.0,0,0,0.6,1.4,0.5,13,37,0.0,0.0,0.0,0,0,1,28.93,,0,0,0,65.2,67.5,67.1,0.17,0.16,0.19
SBRI,2017-08-21 06:10:00 EDT,42.75217,-77.35931,1147,62.2,64.8,62.2,82.6,56.9,0.000,0.000,0.00,0.000,2.6,4.0,1.0,348,9,3.3,4.8,0.8,354,10,2.6,4.0,1.0,348,9,1,28.93,,0,0,0,65.2,67.5,67.1,0.17,0.16,0.19
SBRI,2017-08-21 06:15:00 EDT,42.75217,-77.35931,1147,61.4,64.0,61.4,85.7,57.1,0.000,0.000,0.00,0.000,3.3,4.6,0.8,1,12,3.8,5.5,0.9,5,8,3.3,4.6,0.8,1,12,2,28.94,,0,0,0,65.1,67.4,67.1,0.17,0.16,0.19
SBRI,2017-08-21 06:20:00 EDT,42.75217,-77.35931,1147,62.3,64.6,62.3,85.0,57.8,0.000,0.000,0.00,0.000,2.7,4.0,0.6,17,10,3.0,4.5,0.7,21,11,2.7,4.0,0.6,17,10,2,28.94,,0,0,0,65.2,67.3,67.1,0.17,0.16,0.19
SBRI,2017-08-21 06:25:00 EDT,42.75217,-77.35931,1147,62.8,64.8,62.8,82.7,57.5,0.000,0.000,0.00,0.000,2.0,3.1,0.6,15,9,2.3,3.6,0.7,20,10,2.0,3.1,0.6,15,9,3,28.93,,0,0,0,65.2,67.2,67.1,0.17,0.16,0.19
SBRI,2017-08-21 06:30:00 EDT,42.75217,-77.35931,1147,62.6,64.8,62.6,82.8,57.3,0.000,0.000,0.00,0.000,1.9,2.3,0.2,20,10,2.1,2.9,0.3,24,11,1.9,2.3,0.2,20,10,4,28.93,,0,0,0,65.2,67.1,67.1,0.17,0.16,0.19
SBRI,2017-08-21 06:35:00 EDT,42.75217,-77.35931,1147,62.0,64.6,62.0,84.3,57.2,0.000,0.000,0.00,0.000,2.2,3.0,0.4,1,13,2.7,3.7,0.5,6,12,2.2,3.0,0.4,1,13,7,28.93,,0,0,0,65.3,67.1,67.1,0.17,0.16,0.19
SBRI,2017-08-21 06:40:00 EDT,42.75217,-77.35931,1147,61.9,64.7,61.9,84.9,57.3,0.000,0.000,0.00,0.000,3.2,4.1,0.5,346,10,3.8,4.9,0.5,351,11,3.2,4.1,0.5,346,10,11,28.93,,0,0,0,65.4,67.1,67.1,0.17,0.16,0.19
SBRI,2017-08-21 06:45:00 EDT,42.75217,-77.35931,1147,61.8,64.2,61.8,85.7,57.4,0.000,0.000,0.00,0.000,3.7,4.3,0.3,356,12,4.3,5.2,0.4,359,7,3.7,4.3,0.3,356,12,16,28.93,,0,0,0,65.4,67.1,67.1,0.17,0.16,0.19
SBRI,2017-08-21 06:50:00 EDT,42.75217,-77.35931,1147,61.7,64.0,61.7,86.1,57.5,0.000,0.000,0.00,0.000,2.3,3.9,0.9,10,12,2.6,4.6,1.1,13,11,2.3,3.9,0.9,10,12,21,28.93,,0,0,0,65.5,67.1,67.1,0.17,0.16,0.19
SBRI,2017-08-21 06:55:00 EDT,42.75217,-77.35931,1147,61.5,63.6,61.5,86.5,57.5,0.000,0.000,0.00,0.000,1.7,2.6,0.4,358,18,2.1,3.8,0.5,3,17,1.7,2.6,0.4,358,18,29,28.93,,0,0,0,65.5,67.1,67.1,0.17,0.16,0.19
SBRI,2017-08-21 07:00:00 EDT,42.75217,-77.35931,1147,61.4,64.0,61.4,87.0,57.5,0.000,0.000,0.00,0.000,2.5,3.4,0.5,327,12,2.8,3.8,0.5,332,12,2.5,3.4,0.5,327,12,38,28.93,,0,0,0,65.5,67.1,67.1,0.17,0.16,0.19
SBRI,2017-08-21 07:05:00 EDT,42.75217,-77.35931,1147,61.5,64.5,61.5,87.7,57.8,0.000,0.000,0.00,0.000,3.5,4.7,0.3,333,7,3.8,5.4,0.5,338,8,3.5,4.7,0.3,333,7,47,28.93,,0,0,0,65.5,67.1,67.1,0.17,0.16,0.19
SBRI,2017-08-21 07:10:00 EDT,42.75217,-77.35931,1147,62.1,64.7,62.1,86.4,58.0,0.000,0.000,0.00,0.000,3.9,4.5,0.4,337,4,4.3,5.3,0.5,341,5,3.9,4.5,0.4,337,4,57,28.93,,0,0,0,65.5,67.1,67.1,0.17,0.16,0.19
SBRI,2017-08-21 07:15:00 EDT,42.75217,-77.35931,1147,62.6,65.0,62.6,85.0,58.1,0.000,0.000,0.00,0.000,3.9,4.4,0.2,334,6,4.2,5.1,0.4,338,7,3.9,4.4,0.2,334,6,75,28.93,,0,0,0,65.5,67.1,67.1,0.17,0.16,0.19
SBRI,2017-08-21 07:20:00 EDT,42.75217,-77.35931,1147,63.2,65.2,63.2,84.5,58.4,0.000,0.000,0.00,0.000,3.5,4.1,0.3,336,5,3.9,4.7,0.4,341,6,3.5,4.1,0.3,336,5,88,28.93,,0,0,0,65.5,67.1,67.1,0.17,0.16,0.19
SBRI,2017-08-21 07:25:00 EDT,42.75217,-77.35931,1147,63.8,65.7,63.8,84.4,59.0,0.000,0.000,0.00,0.000,3.7,4.3,0.4,335,9,4.0,5.2,0.6,339,10,3.7,4.3,0.4,335,9,110,28.93,,0,0,0,65.5,67.1,67.1,0.17,0.16,0.19
SBRI,2017-08-21 07:30:00 EDT,42.75217,-77.35931,1147,64.6,65.3,64.6,83.9,59.6,0.000,0.000,0.00,0.000,2.2,3.2,0.7,358,15,2.6,4.3,0.6,3,15,2.2,3.2,0.7,358,15,119,28.93,,0,0,0,65.5,67.1,67.1,0.17,0.16,0.19
SBRI,2017-08-21 07:35:00 EDT,42.75217,-77.35931,1147,65.3,65.7,65.3,82.6,59.9,0.000,0.000,0.00,0.000,0.9,1.8,0.6,0,27,1.2,2.8,0.7,5,24,0.9,1.8,0.6,0,27,148,28.93,,0,0,0,65.5,67.1,67.1,0.17,0.16,0.19
SBRI,2017-08-21 07:40:00 EDT,42.75217,-77.35931,1147,65.5,66.2,65.5,82.0,59.9,0.000,0.000,0.00,0.000,1.3,2.6,0.5,337,26,1.7,3.3,0.5,346,25,1.3,2.6,0.5,337,26,96,28.93,,0,0,0,65.5,67.1,67.1,0.17,0.16,0.19
SBRI,2017-08-21 07:45:00 EDT,42.75217,-77.35931,1147,65.2,66.1,65.2,86.0,60.9,0.000,0.000,0.00,0.000,2.6,3.5,0.7,330,8,2.8,3.7,0.6,333,9,2.6,3.5,0.7,330,8,99,28.93,,0,0,0,65.5,67.1,67.1,0.17,0.16,0.19
SBRI,2017-08-21 07:50:00 EDT,42.75217,-77.35931,1147,65.3,66.8,65.3,85.4,60.8,0.000,0.000,0.00,0.000,2.1,2.8,0.3,327,11,2.2,3.2,0.4,332,11,2.1,2.8,0.3,327,11,107,28.93,,0,0,0,65.7,67.1,67.1,0.17,0.16,0.19
SBRI,2017-08-21 07:55:00 EDT,42.75217,-77.35931,1147,65.9,66.6,65.9,83.2,60.6,0.000,0.000,0.00,0.000,1.6,2.5,0.4,328,16,1.7,2.6,0.4,335,16,1.6,2.5,0.4,328,16,101,28.93,,0,0,0,65.8,67.1,67.1,0.17,0.16,0.19
SBRI,2017-08-21 08:00:00 EDT,42.75217,-77.35931,1147,66.3,67.3,66.3,79.1,59.6,0.000,0.000,0.00,0.000,1.7,2.9,0.8,344,28,2.3,3.7,0.8,353,23,1.7,2.9,0.8,344,28,88,28.93,,0,0,0,65.8,67.1,67.1,0.17,0.16,0.19
SBRI,2017-08-21 08:05:00 EDT,42.75217,-77.35931,1147,65.9,66.7,65.9,85.5,61.5,0.000,0.000,0.00,0.000,2.7,3.1,0.3,336,12,3.0,4.0,0.5,341,12,2.7,3.1,0.3,336,12,89,28.93,,0,0,0,65.8,67.1,67.1,0.17,0.16,0.19
SBRI,2017-08-21 08:10:00 EDT,42.75217,-77.35931,1147,65.9,65.9,65.9,87.6,62.1,0.000,0.000,0.00,0.000,1.8,2.6,0.3,317,21,1.8,2.9,0.3,325,21,1.8,2.6,0.3,317,21,98,28.93,,0,0,0,65.8,67.1,67.1,0.17,0.16,0.19
SBRI,2017-08-21 08:15:00 EDT,42.75217,-77.35931,1147,66.0,66.2,66.0,87.4,62.2,0.000,0.000,0.00,0.000,2.6,3.3,0.4,310,15,2.6,3.4,0.4,316,14,2.6,3.3,0.4,310,15,103,28.93,,0,0,0,65.8,67.1,67.1,0.17,0.16,0.19
SBRI,2017-08-21 08:20:00 EDT,42.75217,-77.35931,1147,66.3,66.9,66.3,85.1,61.7,0.000,0.000,0.00,0.000,2.8,3.2,0.2,334,7,3.1,3.8,0.4,339,8,2.8,3.2,0.2,334,7,91,28.93,,0,0,0,65.8,67.1,67.0,0.17,0.16,0.19
SBRI,2017-08-21 08:25:00 EDT,42.75217,-77.35931,1147,66.3,66.8,66.3,86.7,62.3,0.000,0.000,0.00,0.000,3.1,3.5,0.2,321,18,3.2,4.2,0.4,325,18,3.1,3.5,0.2,321,18,91,28.92,,0,0,0,65.8,67.1,67.1,0.17,0.16,0.19
SBRI,2017-08-21 08:30:00 EDT,42.75217,-77.35931,1147,66.3,66.2,66.3,87.9,62.6,0.000,0.000,0.00,0.000,2.4,3.6,0.8,315,8,2.1,3.6,0.7,319,8,2.4,3.6,0.8,315,8,88,28.93,,0,0,0,65.9,67.1,67.1,0.17,0.16,0.19
SBRI,2017-08-21 08:35:00 EDT,42.75217,-77.35931,1147,66.6,66.3,66.6,87.5,62.7,0.000,0.000,0.00,0.000,0.4,2.3,0.6,33,15,0.8,2.7,0.7,26,19,0.4,2.3,0.6,33,15,76,28.93,,0,0,0,66.0,67.1,67.1,0.17,0.16,0.19
SBRI,2017-08-21 08:40:00 EDT,42.75217,-77.35931,1147,66.5,66.8,66.5,87.4,62.6,0.000,0.000,0.00,0.000,1.4,2.8,0.9,296,30,1.8,3.1,0.8,306,31,1.4,2.8,0.9,296,30,55,28.93,,0,0,0,66.0,67.1,67.0,0.17,0.16,0.19
SBRI,2017-08-21 08:45:00 EDT,42.75217,-77.35931,1147,66.4,66.7,66.4,88.2,62.8,0.000,0.000,0.00,0.000,4.4,5.3,0.6,320,8,4.4,5.4,0.8,323,7,4.4,5.3,0.6,320,8,48,28.93,,0,0,0,66.0,67.1,67.1,0.17,0.16,0.19
SBRI,2017-08-21 08:50:00 EDT,42.75217,-77.35931,1147,66.2,66.3,66.2,89.2,62.9,0.000,0.000,0.00,0.000,3.9,5.7,0.7,331,12,4.1,6.2,0.8,335,12,3.9,5.7,0.7,331,12,57,28.94,,0,0,0,66.0,67.1,67.0,0.17,0.16,0.19
SBRI,2017-08-21 08:55:00 EDT,42.75217,-77.35931,1147,66.4,66.4,66.4,88.0,62.8,0.000,0.000,0.00,0.000,2.4,4.7,1.1,18,34,2.7,5.7,1.5,21,32,2.4,4.7,1.1,18,34,59,28.94,,0,0,0,66.0,67.1,66.9,0.17,0.16,0.19
SBRI,2017-08-21 09:00:00 EDT,42.75217,-77.35931,1147,66.5,66.7,66.5,89.0,63.1,0.000,0.000,0.00,0.000,2.6,4.1,1.0,115,20,2.7,4.6,1.1,116,21,2.6,4.1,1.0,115,20,69,28.94,,0,0,0,66.0,67.1,66.9,0.17,0.16,0.19
SBRI,2017-08-21 09:05:00 EDT,42.75217,-77.35931,1147,66.8,67.5,66.8,86.4,62.6,0.000,0.000,0.00,0.000,0.2,1.0,0.3,173,5,0.5,1.4,0.5,134,39,0.2,1.0,0.3,173,5,84,28.94,,0,0,0,66.0,67.1,66.8,0.17,0.16,0.19
SBRI,2017-08-21 09:10:00 EDT,42.75217,-77.35931,1147,67.2,67.7,67.2,87.4,63.4,0.000,0.000,0.00,0.000,0.4,1.7,0.5,143,21,0.7,2.0,0.6,137,31,0.4,1.7,0.5,143,21,102,28.94,,0,0,0,66.1,67.1,66.9,0.17,0.16,0.19
SBRI,2017-08-21 09:15:00 EDT,42.75217,-77.35931,1147,67.4,67.5,67.4,88.1,63.7,0.000,0.000,0.00,0.000,1.1,2.1,0.5,64,23,1.5,2.7,0.6,61,25,1.1,2.1,0.5,64,23,121,28.94,,0,0,0,66.3,67.0,66.8,0.17,0.16,0.19
SBRI,2017-08-21 09:20:00 EDT,42.75217,-77.35931,1147,67.5,67.1,67.5,87.7,63.7,0.000,0.000,0.00,0.000,1.3,3.1,0.8,340,33,1.7,3.9,0.8,348,32,1.3,3.1,0.8,340,33,178,28.94,,0,0,0,66.4,67.0,66.8,0.17,0.16,0.19
SBRI,2017-08-21 09:25:00 EDT,42.75217,-77.35931,1147,68.0,67.6,68.0,85.4,63.5,0.000,0.000,0.00,0.000,2.3,3.5,0.7,28,45,2.8,4.5,0.9,30,41,2.3,3.5,0.7,28,45,203,28.94,,0,0,0,66.4,66.9,66.8,0.17,0.16,0.19
SBRI,2017-08-21 09:30:00 EDT,42.75217,-77.35931,1147,68.4,67.8,68.4,82.1,62.8,0.000,0.000,0.00,0.000,2.8,4.7,0.5,67,16,3.2,5.1,0.7,65,15,2.8,4.7,0.5,67,16,187,28.94,,0,0,0,66.4,66.9,66.8,0.17,0.16,0.19
SBRI,2017-08-21 09:35:00 EDT,42.75217,-77.35931,1147,68.8,68.3,68.8,80.2,62.4,0.000,0.000,0.00,0.000,1.4,2.6,0.6,46,27,1.6,2.9,0.6,44,26,1.4,2.6,0.6,46,27,178,28.94,,0,0,0,66.4,66.9,66.7,0.17,0.16,0.19
SBRI,2017-08-21 09:40:00 EDT,42.75217,-77.35931,1147,69.0,68.6,69.0,78.4,62.0,0.000,0.000,0.00,0.000,1.2,2.5,0.7,47,14,1.4,3.0,0.6,41,20,1.2,2.5,0.7,47,14,178,28.94,,0,0,0,66.4,66.8,66.8,0.17,0.16,0.19
SBRI,2017-08-21 09:45:00 EDT,42.75217,-77.35931,1147,69.1,68.6,69.1,79.6,62.5,0.000,0.000,0.00,0.000,1.7,3.4,0.9,347,10,2.3,4.3,0.9,353,11,1.7,3.4,0.9,347,10,185,28.94,,0,0,0,66.4,66.9,66.7,0.17,0.16,0.19
SBRI,2017-08-21 09:50:00 EDT,42.75217,-77.35931,1147,69.1,68.7,69.1,78.7,62.2,0.000,0.000,0.00,0.000,1.6,2.6,0.3,359,25,2.0,2.9,0.4,3,23,1.6,2.6,0.3,359,25,204,28.94,,0,0,0,66.4,66.8,66.7,0.17,0.16,0.19
SBRI,2017-08-21 09:55:00 EDT,42.75217,-77.35931,1147,69.7,69.1,69.7,79.8,63.2,0.000,0.000,0.00,0.000,1.4,2.3,0.5,324,25,1.6,2.7,0.4,331,25,1.4,2.3,0.5,324,25,252,28.94,,0,0,0,66.6,66.8,66.7,0.17,0.16,0.19
SBRI,2017-08-21 10:00:00 EDT,42.75217,-77.35931,1147,71.6,72.0,71.6,75.8,63.5,0.000,0.000,0.00,0.000,3.9,11.1,1.9,266,24,4.6,13.2,2.1,269,25,3.9,11.1,1.9,266,24,234,28.94,,0,0,0,66.7,66.7,66.7,0.17,0.16,0.19
SBRI,2017-08-21 10:05:00 EDT,42.75217,-77.35931,1147,73.6,73.6,73.6,69.0,62.8,0.000,0.000,0.00,0.000,5.2,11.8,1.9,238,18,5.6,12.2,2.0,240,16,5.2,11.8,1.9,238,18,478,28.93,,0,0,0,66.7,66.7,66.7,0.17,0.16,0.19
SBRI,2017-08-21 10:10:00 EDT,42.75217,-77.35931,1147,75.4,74.7,75.4,66.0,63.3,0.000,0.000,0.00,0.000,6.3,10.3,1.7,236,18,6.9,11.1,1.9,235,16,6.3,10.3,1.7,236,18,686,28.93,,0,0,0,66.7,66.7,66.7,0.17,0.16,0.19
SBRI,2017-08-21 10:15:00 EDT,42.75217,-77.35931,1147,75.8,75.2,75.8,62.9,62.2,0.000,0.000,0.00,0.000,8.1,11.8,1.6,236,14,8.4,12.6,1.7,238,14,8.1,11.8,1.6,236,14,474,28.92,,0,0,0,66.7,66.7,66.7,0.17,0.16,0.19
SBRI,2017-08-21 10:20:00 EDT,42.75217,-77.35931,1147,75.2,75.0,75.2,63.3,61.9,0.000,0.000,0.00,0.000,8.1,13.6,2.2,212,19,8.3,14.8,2.3,213,17,8.1,13.6,2.2,212,19,358,28.92,,0,0,0,67.0,66.7,66.7,0.17,0.16,0.19
SBRI,2017-08-21 10:25:00 EDT,42.75217,-77.35931,1147,74.7,74.6,74.7,65.2,62.3,0.000,0.000,0.00,0.000,6.0,10.8,1.8,222,19,6.3,10.6,1.8,223,18,6.0,10.8,1.8,222,19,305,28.93,,0,0,0,67.1,66.7,66.7,0.17,0.16,0.19
SBRI,2017-08-21 10:30:00 EDT,42.75217,-77.35931,1147,74.4,74.2,74.4,66.7,62.6,0.000,0.000,0.00,0.000,3.5,8.8,2.3,215,21,3.7,9.7,2.4,217,24,3.5,8.8,2.3,215,21,266,28.92,,0,0,0,67.1,66.7,66.7,0.17,0.16,0.19
SBRI,2017-08-21 10:35:00 EDT,42.75217,-77.35931,1147,73.7,73.5,73.7,69.3,63.0,0.000,0.000,0.00,0.000,3.4,7.2,1.5,193,25,3.9,8.1,1.6,196,25,3.4,7.2,1.5,193,25,236,28.92,,0,0,0,67.1,66.7,66.7,0.17,0.16,0.19
SBRI,2017-08-21 10:40:00 EDT,42.75217,-77.35931,1147,72.5,72.2,72.5,71.7,62.9,0.000,0.000,0.00,0.000,4.2,7.6,1.0,189,15,4.5,7.7,1.1,190,15,4.2,7.6,1.0,189,15,299,28.92,,0,0,0,67.5,66.7,66.7,0.17,0.16,0.19
SBRI,2017-08-21 10:45:00 EDT,42.75217,-77.35931,1147,72.9,72.3,72.9,72.6,63.6,0.000,0.000,0.00,0.000,4.8,7.7,1.1,173,16,5.2,8.5,1.4,175,17,4.8,7.7,1.1,173,16,408,28.92,,0,0,0,67.5,66.7,66.7,0.17,0.16,0.19
SBRI,2017-08-21 10:50:00 EDT,42.75217,-77.35931,1147,72.9,72.0,72.9,70.8,62.8,0.000,0.000,0.00,0.000,4.9,8.8,1.3,183,16,5.3,9.7,1.7,185,13,4.9,8.8,1.3,183,16,402,28.92,,0,0,0,67.5,66.7,66.7,0.17,0.16,0.19
SBRI,2017-08-21 10:55:00 EDT,42.75217,-77.35931,1147,72.4,71.8,72.4,71.7,62.8,0.000,0.000,0.00,0.000,3.6,7.2,2.1,192,16,3.9,8.0,2.0,195,17,3.6,7.2,2.1,192,16,245,28.92,,0,0,0,67.5,66.7,66.7,0.17,0.16,0.19
SBRI,2017-08-21 11:00:00 EDT,42.75217,-77.35931,1147,72.9,72.6,72.9,72.9,63.7,0.000,0.000,0.00,0.000,3.5,9.9,2.0,228,26,3.9,10.0,2.1,229,25,3.5,9.9,2.0,228,26,311,28.92,,0,0,0,67.7,66.7,66.7,0.17,0.16,0.19
SBRI,2017-08-21 11:05:00 EDT,42.75217,-77.35931,1147,75.3,74.5,75.3,70.8,65.2,0.000,0.000,0.00,0.000,4.7,8.5,1.5,238,12,4.9,9.5,1.7,239,13,4.7,8.5,1.5,238,12,637,28.92,,0,0,0,67.8,66.7,66.7,0.17,0.16,0.19
SBRI,2017-08-21 11:10:00 EDT,42.75217,-77.35931,1147,76.5,75.3,76.5,66.9,64.7,0.000,0.000,0.00,0.000,7.8,12.6,1.9,239,12,8.2,14.2,2.2,242,12,7.8,12.6,1.9,239,12,703,28.92,,0,0,0,67.8,66.7,66.7,0.17,0.16,0.19
SBRI,2017-08-21 11:15:00 EDT,42.75217,-77.35931,1147,76.8,75.8,76.8,64.2,63.8,0.000,0.000,0.00,0.000,10.0,13.4,1.9,234,12,10.0,13.7,1.8,236,12,10.0,13.4,1.9,234,12,701,28.92,,0,0,0,67.8,66.7,66.7,0.17,0.16,0.19
SBRI,2017-08-21 11:20:00 EDT,42.75217,-77.35931,1147,77.1,76.1,77.1,63.3,63.7,0.000,0.000,0.00,0.000,9.4,14.2,1.9,247,11,10.0,14.7,1.9,250,10,9.4,14.2,1.9,247,11,696,28.92,,0,0,0,67.8,66.7,66.7,0.17,0.16,0.19
SBRI,2017-08-21 11:25:00 EDT,42.75217,-77.35931,1147,77.7,76.6,77.7,62.4,63.8,0.000,0.000,0.00,0.000,8.6,13.7,2.8,229,15,8.8,14.9,2.6,231,13,8.6,13.7,2.8,229,15,699,28.92,,0,0,0,68.1,66.7,66.7,0.17,0.17,0.19
SBRI,2017-08-21 11:30:00 EDT,42.75217,-77.35931,1147,77.9,77.1,77.9,60.9,63.4,0.000,0.000,0.00,0.000,10.0,13.2,1.5,230,12,10.2,14.6,1.6,230,11,10.0,13.2,1.5,230,12,709,28.91,,0,0,0,68.2,66.7,66.7,0.17,0.17,0.19
SBRI,2017-08-21 11:35:00 EDT,42.75217,-77.35931,1147,78.4,77.4,78.4,61.0,63.8,0.000,0.000,0.00,0.000,7.7,11.0,1.5,218,11,7.8,12.2,1.6,220,9,7.7,11.0,1.5,218,11,746,28.91,,0,0,0,68.3,66.7,66.7,0.17,0.16,0.19
SBRI,2017-08-21 11:40:00 EDT,42.75217,-77.35931,1147,78.7,77.7,78.7,61.5,64.4,0.000,0.000,0.00,0.000,6.4,11.5,1.6,221,17,6.7,11.7,1.5,220,16,6.4,11.5,1.6,221,17,737,28.91,,0,0,0,68.5,66.7,66.7,0.17,0.17,0.19
SBRI,2017-08-21 11:45:00 EDT,42.75217,-77.35931,1147,78.8,77.6,78.8,63.4,65.3,0.000,0.000,0.00,0.000,5.2,8.7,1.6,206,15,5.7,9.7,1.7,206,13,5.2,8.7,1.6,206,15,669,28.91,,0,0,0,68.5,66.7,66.7,0.17,0.16,0.19
SBRI,2017-08-21 11:50:00 EDT,42.75217,-77.35931,1147,78.7,77.6,78.7,63.4,65.3,0.000,0.000,0.00,0.000,4.5,7.8,1.5,203,19,4.8,10.4,1.9,205,18,4.5,7.8,1.5,203,19,735,28.91,,0,0,0,68.5,66.7,66.7,0.17,0.16,0.19
SBRI,2017-08-21 11:55:00 EDT,42.75217,-77.35931,1147,79.9,78.5,79.9,60.1,64.8,0.000,0.000,0.00,0.000,5.3,9.8,2.1,227,20,5.8,11.7,2.1,228,20,5.3,9.8,2.1,227,20,742,28.91,,0,0,0,68.8,66.7,66.7,0.17,0.16,0.19
SBRI,2017-08-21 12:00:00 EDT,42.75217,-77.35931,1147,79.8,78.7,79.8,57.3,63.4,0.000,0.000,0.00,0.000,9.5,13.2,1.5,233,14,9.6,14.2,1.8,236,13,9.5,13.2,1.5,233,14,743,28.91,,0,0,0,68.9,66.7,66.7,0.17,0.16,0.19
SBRI,2017-08-21 12:05:00 EDT,42.75217,-77.35931,1147,79.7,78.7,79.7,54.7,61.9,0.000,0.000,0.00,0.000,7.9,12.9,2.3,252,14,8.5,15.1,2.5,255,14,7.9,12.9,2.3,252,14,755,28.91,,0,0,0,68.9,66.7,66.7,0.17,0.16,0.19
SBRI,2017-08-21 12:10:00 EDT,42.75217,-77.35931,1147,80.2,78.9,81.6,56.5,63.3,0.000,0.000,0.00,0.000,8.2,11.5,1.8,243,15,8.4,11.2,1.7,245,16,8.2,11.5,1.8,243,15,757,28.91,,0,0,0,69.2,66.7,66.7,0.17,0.16,0.19
SBRI,2017-08-21 12:15:00 EDT,42.75217,-77.35931,1147,80.0,78.9,81.4,55.7,62.7,0.000,0.000,0.00,0.000,8.2,13.2,1.9,247,18,8.8,14.5,2.3,250,17,8.2,13.2,1.9,247,18,755,28.91,,0,0,0,69.3,66.7,66.7,0.17,0.16,0.19
SBRI,2017-08-21 12:20:00 EDT,42.75217,-77.35931,1147,80.2,79.0,81.6,56.3,63.2,0.000,0.000,0.00,0.000,6.4,9.3,1.7,220,21,6.6,10.3,1.7,222,21,6.4,9.3,1.7,220,21,761,28.91,,0,0,0,69.3,66.7,66.7,0.17,0.16,0.19
SBRI,2017-08-21 12:25:00 EDT,42.75217,-77.35931,1147,80.7,79.2,82.3,57.5,64.2,0.000,0.000,0.00,0.000,4.8,8.0,1.4,237,24,5.0,7.9,1.3,240,22,4.8,8.0,1.4,237,24,767,28.91,,0,0,0,69.6,66.7,66.7,0.17,0.16,0.19
SBRI,2017-08-21 12:30:00 EDT,42.75217,-77.35931,1147,80.6,79.3,82.0,55.7,63.3,0.000,0.000,0.00,0.000,4.1,7.5,1.6,244,22,4.4,8.4,1.8,247,23,4.1,7.5,1.6,244,22,771,28.90,,0,0,0,69.6,66.7,66.7,0.17,0.16,0.19
SBRI,2017-08-21 12:35:00 EDT,42.75217,-77.35931,1147,80.8,79.3,82.3,56.7,64.0,0.000,0.000,0.00,0.000,4.5,8.3,1.8,200,28,4.8,8.6,1.7,201,31,4.5,8.3,1.8,200,28,766,28.90,,0,0,0,69.6,66.7,66.7,0.17,0.16,0.19
SBRI,2017-08-21 12:40:00 EDT,42.75217,-77.35931,1147,80.7,79.5,82.1,55.4,63.2,0.000,0.000,0.00,0.000,4.7,9.1,2.0,185,17,5.5,10.4,2.2,186,17,4.7,9.1,2.0,185,17,762,28.90,,0,0,0,70.0,66.7,66.7,0.17,0.16,0.19
SBRI,2017-08-21 12:45:00 EDT,42.75217,-77.35931,1147,81.1,79.5,82.9,57.9,64.9,0.000,0.000,0.00,0.000,3.7,6.5,1.2,146,30,4.2,7.8,1.4,147,29,3.7,6.5,1.2,146,30,762,28.90,,0,0,0,70.0,66.7,66.7,0.17,0.16,0.19
SBRI,2017-08-21 12:50:00 EDT,42.75217,-77.35931,1147,80.9,79.5,82.7,58.4,65.0,0.000,0.000,0.00,0.000,4.7,7.0,1.1,165,15,5.2,8.4,1.3,166,15,4.7,7.0,1.1,165,15,769,28.90,,0,0,0,70.0,66.7,66.7,0.17,0.16,0.19
SBRI,2017-08-21 12:55:00 EDT,42.75217,-77.35931,1147,80.9,79.7,82.6,57.4,64.5,0.000,0.000,0.00,0.000,3.3,6.5,1.4,180,27,3.9,8.7,1.5,182,28,3.3,6.5,1.4,180,27,771,28.90,,0,0,0,70.2,66.7,66.7,0.17,0.16,0.19
SBRI,2017-08-21 13:00:00 EDT,42.75217,-77.35931,1147,81.4,79.8,83.3,58.0,65.2,0.000,0.000,0.00,0.000,4.0,6.6,1.3,152,26,4.4,7.6,1.3,152,25,4.0,6.6,1.3,152,26,774,28.90,,0,0,0,70.3,66.7,66.7,0.17,0.16,0.19
SBRI,2017-08-21 13:05:00 EDT,42.75217,-77.35931,1147,81.1,79.4,82.9,58.0,65.0,0.000,0.000,0.00,0.000,5.1,7.6,1.3,140,21,5.5,8.3,1.4,141,20,5.1,7.6,1.3,140,21,778,28.90,,0,0,0,70.3,66.7,66.7,0.17,0.16,0.19
SBRI,2017-08-21 13:10:00 EDT,42.75217,-77.35931,1147,81.2,79.4,83.0,57.4,64.8,0.000,0.000,0.00,0.000,3.8,6.6,1.2,125,17,3.9,7.0,1.3,124,16,3.8,6.6,1.2,125,17,776,28.90,,0,0,0,70.6,66.7,66.7,0.17,0.16,0.19
SBRI,2017-08-21 13:15:00 EDT,42.75217,-77.35931,1147,81.9,80.0,84.1,59.2,66.3,0.000,0.000,0.00,0.000,3.6,6.0,1.2,129,25,4.0,6.4,1.1,131,25,3.6,6.0,1.2,129,25,778,28.89,,0,0,0,70.7,66.7,66.7,0.17,0.16,0.19
SBRI,2017-08-21 13:20:00 EDT,42.75217,-77.35931,1147,82.0,80.0,84.3,59.4,66.4,0.000,0.000,0.00,0.000,3.9,5.8,1.0,112,23,4.2,6.4,1.1,113,22,3.9,5.8,1.0,112,23,773,28.89,,0,0,0,70.7,66.7,66.7,0.17,0.16,0.19
SBRI,2017-08-21 13:25:00 EDT,42.75217,-77.35931,1147,82.5,80.5,85.1,59.8,67.1,0.000,0.000,0.00,0.000,2.3,4.5,0.9,120,29,2.8,5.3,1.0,123,29,2.3,4.5,0.9,120,29,756,28.89,,0,0,0,70.8,66.8,66.7,0.17,0.16,0.19
SBRI,2017-08-21 13:30:00 EDT,42.75217,-77.35931,1147,82.0,80.5,84.2,58.1,65.9,0.000,0.000,0.00,0.000,3.1,5.0,1.0,173,16,3.5,5.8,1.1,174,17,3.1,5.0,1.0,173,16,720,28.89,,0,0,0,71.0,66.8,66.7,0.17,0.16,0.19
SBRI,2017-08-21 13:35:00 EDT,42.75217,-77.35931,1147,81.9,80.5,83.6,56.1,64.7,0.000,0.000,0.00,0.000,3.8,6.3,1.2,150,17,4.0,7.3,1.3,151,18,3.8,6.3,1.2,150,17,691,28.89,,0,0,0,71.1,66.9,66.7,0.17,0.16,0.19
SBRI,2017-08-21 13:40:00 EDT,42.75217,-77.35931,1147,82.3,80.4,84.4,57.1,65.6,0.000,0.000,0.00,0.000,2.6,4.2,0.8,131,19,2.9,4.6,0.8,129,18,2.6,4.2,0.8,131,19,649,28.89,,0,0,0,71.1,67.0,66.7,0.17,0.16,0.19
SBRI,2017-08-21 13:45:00 EDT,42.75217,-77.35931,1147,82.1,80.2,84.2,58.3,66.0,0.000,0.000,0.00,0.000,3.1,4.6,0.9,134,18,3.4,5.7,1.0,133,17,3.1,4.6,0.9,134,18,622,28.89,,0,0,0,71.1,67.0,66.7,0.17,0.16,0.19
SBRI,2017-08-21 13:50:00 EDT,42.75217,-77.35931,1147,82.1,80.4,84.1,57.4,65.5,0.000,0.000,0.00,0.000,1.9,3.1,0.5,120,20,2.2,3.5,0.5,118,21,1.9,3.1,0.5,120,20,597,28.89,,0,0,0,71.2,67.0,66.7,0.17,0.16,0.19
SBRI,2017-08-21 13:55:00 EDT,42.75217,-77.35931,1147,82.2,80.3,84.2,57.3,65.6,0.000,0.000,0.00,0.000,3.8,5.8,0.9,105,13,4.1,6.7,1.0,106,12,3.8,5.8,0.9,105,13,490,28.89,,0,0,0,71.4,67.1,66.7,0.17,0.16,0.19
SBRI,2017-08-21 14:00:00 EDT,42.75217,-77.35931,1147,81.7,80.2,83.9,59.3,66.2,0.000,0.000,0.00,0.000,3.0,4.8,0.9,93,13,3.3,5.4,0.9,91,14,3.0,4.8,0.9,93,13,473,28.89,,0,0,0,71.4,67.1,66.7,0.17,0.16,0.19
SBRI,2017-08-21 14:05:00 EDT,42.75217,-77.35931,1147,81.8,80.3,84.1,59.6,66.4,0.000,0.000,0.00,0.000,2.5,3.7,0.5,97,16,2.8,4.3,0.6,96,16,2.5,3.7,0.5,97,16,432,28.89,,0,0,0,71.4,67.1,66.7,0.17,0.16,0.19
SBRI,2017-08-21 14:10:00 EDT,42.75217,-77.35931,1147,81.1,80.2,82.9,58.5,65.1,0.000,0.000,0.00,0.000,0.9,3.1,1.1,98,11,1.1,3.7,1.2,97,14,0.9,3.1,1.1,98,11,242,28.89,,0,0,0,71.4,67.1,66.7,0.17,0.16,0.19
SBRI,2017-08-21 14:15:00 EDT,42.75217,-77.35931,1147,80.9,80.5,83.0,61.0,66.1,0.000,0.000,0.00,0.000,2.1,3.8,0.6,155,12,2.3,4.2,0.8,154,13,2.1,3.8,0.6,155,12,319,28.89,,0,0,0,71.4,67.1,66.7,0.17,0.16,0.19
SBRI,2017-08-21 14:20:00 EDT,42.75217,-77.35931,1147,80.2,80.3,82.4,63.0,66.5,0.000,0.000,0.00,0.000,3.6,4.5,0.5,163,7,4.0,5.5,0.6,163,8,3.6,4.5,0.5,163,7,252,28.89,,0,0,0,71.4,67.1,66.7,0.17,0.16,0.19
SBRI,2017-08-21 14:25:00 EDT,42.75217,-77.35931,1147,79.8,80.4,79.8,64.2,66.7,0.000,0.000,0.00,0.000,3.9,4.4,0.2,160,6,4.3,5.0,0.3,159,6,3.9,4.4,0.2,160,6,242,28.89,,0,0,0,71.4,67.1,66.7,0.17,0.16,0.19
SBRI,2017-08-21 14:30:00 EDT,42.75217,-77.35931,1147,80.2,80.4,82.2,61.4,65.7,0.000,0.000,0.00,0.000,1.7,3.7,1.1,179,16,2.0,4.1,1.2,181,24,1.7,3.7,1.1,179,16,211,28.89,,0,0,0,71.4,67.1,66.7,0.17,0.16,0.19
SBRI,2017-08-21 14:35:00 EDT,42.75217,-77.35931,1147,79.5,80.0,79.5,64.6,66.5,0.000,0.000,0.00,0.000,2.0,3.1,0.7,284,19,2.2,3.4,0.6,288,22,2.0,3.1,0.7,284,19,191,28.89,,0,0,0,71.4,67.1,66.7,0.17,0.16,0.19
SBRI,2017-08-21 14:40:00 EDT,42.75217,-77.35931,1147,79.4,79.9,79.4,63.9,66.1,0.000,0.000,0.00,0.000,3.5,5.9,1.1,256,20,3.8,6.6,1.2,260,19,3.5,5.9,1.1,256,20,190,28.89,,0,0,0,71.4,67.1,66.7,0.17,0.16,0.19
SBRI,2017-08-21 14:45:00 EDT,42.75217,-77.35931,1147,78.8,79.3,78.8,69.2,67.8,0.000,0.000,0.00,0.000,2.6,3.3,0.4,298,10,2.6,3.6,0.5,303,10,2.6,3.3,0.4,298,10,166,28.89,,0,0,0,71.4,67.1,66.7,0.17,0.16,0.19
SBRI,2017-08-21 14:50:00 EDT,42.75217,-77.35931,1147,78.3,78.8,78.3,73.8,69.2,0.000,0.000,0.00,0.000,3.1,4.5,0.6,286,9,3.4,5.0,0.7,291,9,3.1,4.5,0.6,286,9,135,28.89,,0,0,0,71.4,67.1,66.7,0.17,0.16,0.19
SBRI,2017-08-21 14:55:00 EDT,42.75217,-77.35931,1147,78.5,79.0,78.5,71.2,68.4,0.000,0.000,0.00,0.000,3.5,4.6,0.4,310,11,3.5,5.0,0.6,315,11,3.5,4.6,0.4,310,11,242,28.88,,0,0,0,71.4,67.1,66.7,0.17,0.16,0.19
SBRI,2017-08-21 15:00:00 EDT,42.75217,-77.35931,1147,79.1,79.1,79.1,68.3,67.8,0.000,0.000,0.00,0.000,4.5,8.5,1.0,302,10,4.7,9.1,1.1,307,10,4.5,8.5,1.0,302,10,226,28.88,,0,0,0,71.4,67.1,66.7,0.17,0.16,0.19
SBRI,2017-08-21 15:05:00 EDT,42.75217,-77.35931,1147,79.1,79.0,79.1,70.1,68.5,0.000,0.000,0.00,0.000,3.2,5.0,0.8,284,15,3.3,5.1,0.8,289,14,3.2,5.0,0.8,284,15,306,28.88,,0,0,0,71.4,67.1,66.7,0.17,0.16,0.19
SBRI,2017-08-21 15:10:00 EDT,42.75217,-77.35931,1147,79.7,79.2,79.7,68.2,68.3,0.000,0.000,0.00,0.000,3.0,5.0,0.7,286,13,3.1,5.4,0.8,292,13,3.0,5.0,0.7,286,13,357,28.88,,0,0,0,71.4,67.1,66.7,0.17,0.16,0.19
SBRI,2017-08-21 15:15:00 EDT,42.75217,-77.35931,1147,79.8,79.4,79.8,66.6,67.7,0.000,0.000,0.00,0.000,3.1,5.6,0.9,306,23,3.2,5.8,1.0,312,22,3.1,5.6,0.9,306,23,359,28.88,,0,0,0,71.3,67.1,66.7,0.17,0.16,0.19
SBRI,2017-08-21 15:20:00 EDT,42.75217,-77.35931,1147,80.0,79.4,82.7,67.2,68.2,0.000,0.000,0.00,0.000,3.5,6.5,1.4,312,24,3.8,7.1,1.4,317,23,3.5,6.5,1.4,312,24,446,28.88,,0,0,0,71.3,67.1,66.7,0.17,0.16,0.19
SBRI,2017-08-21 15:25:00 EDT,42.75217,-77.35931,1147,80.1,79.4,82.9,68.1,68.6,0.000,0.000,0.00,0.000,3.8,5.6,0.9,326,16,4.1,6.6,1.1,334,16,3.8,5.6,0.9,326,16,439,28.88,,0,0,0,71.3,67.1,66.7,0.17,0.16,0.19
SBRI,2017-08-21 15:30:00 EDT,42.75217,-77.35931,1147,80.4,79.6,83.3,67.5,68.7,0.000,0.000,0.00,0.000,2.0,4.5,0.9,305,34,2.2,5.5,0.9,309,35,2.0,4.5,0.9,305,34,482,28.88,,0,0,0,71.3,67.1,66.7,0.17,0.16,0.19
SBRI,2017-08-21 15:35:00 EDT,42.75217,-77.35931,1147,80.7,79.8,83.5,66.1,68.3,0.000,0.000,0.00,0.000,2.1,3.9,0.6,319,18,2.3,5.1,0.8,326,16,2.1,3.9,0.6,319,18,547,28.87,,0,0,0,71.4,67.1,66.7,0.17,0.16,0.19
SBRI,2017-08-21 15:40:00 EDT,42.75217,-77.35931,1147,80.8,80.0,83.4,64.0,67.5,0.000,0.000,0.00,0.000,3.0,10.1,2.6,311,19,3.4,11.5,2.5,319,19,3.0,10.1,2.6,311,19,573,28.88,,0,0,0,71.4,67.1,66.7,0.17,0.16,0.19
SBRI,2017-08-21 15:45:00 EDT,42.75217,-77.35931,1147,81.2,80.2,84.3,65.8,68.7,0.000,0.000,0.00,0.000,3.5,5.6,1.2,301,18,3.7,6.4,1.3,308,19,3.5,5.6,1.2,301,18,582,28.87,,0,0,0,71.4,67.1,66.7,0.17,0.16,0.19
SBRI,2017-08-21 15:50:00 EDT,42.75217,-77.35931,1147,81.3,80.4,84.2,64.6,68.2,0.000,0.000,0.00,0.000,1.5,3.8,0.9,251,35,1.9,4.4,1.0,262,42,1.5,3.8,0.9,251,35,520,28.87,,0,0,0,71.4,67.1,66.7,0.17,0.16,0.19
SBRI,2017-08-21 15:55:00 EDT,42.75217,-77.35931,1147,81.4,80.5,84.1,63.4,67.7,0.000,0.000,0.00,0.000,1.7,4.7,1.2,242,23,2.1,5.1,1.3,250,28,1.7,4.7,1.2,242,23,574,28.87,,0,0,0,71.4,67.1,66.7,0.16,0.16,0.19
SBRI,2017-08-21 16:00:00 EDT,42.75217,-77.35931,1147,81.7,80.7,84.6,63.1,68.0,0.000,0.000,0.00,0.000,2.5,8.5,1.6,302,58,2.9,9.0,1.8,315,58,2.5,8.5,1.6,302,58,605,28.87,,0,0,0,71.4,67.1,66.7,0.17,0.16,0.19
SBRI,2017-08-21 16:05:00 EDT,42.75217,-77.35931,1147,82.0,80.9,85.1,63.7,68.4,0.000,0.000,0.00,0.000,4.7,7.9,1.5,264,23,5.1,8.5,1.6,265,21,4.7,7.9,1.5,264,23,615,28.87,,0,0,0,71.4,67.3,66.7,0.17,0.16,0.19
SBRI,2017-08-21 16:10:00 EDT,42.75217,-77.35931,1147,81.7,81.0,84.4,62.3,67.6,0.000,0.000,0.00,0.000,7.4,12.0,2.0,223,13,7.5,12.9,2.1,224,11,7.4,12.0,2.0,223,13,590,28.87,,0,0,0,71.4,67.4,66.7,0.17,0.16,0.19
SBRI,2017-08-21 16:15:00 EDT,42.75217,-77.35931,1147,82.0,81.3,85.3,64.1,68.7,0.000,0.000,0.00,0.000,4.8,9.6,2.0,241,28,5.1,11.2,2.0,244,29,4.8,9.6,2.0,241,28,578,28.87,,0,0,0,71.4,67.5,66.7,0.17,0.16,0.19
SBRI,2017-08-21 16:20:00 EDT,42.75217,-77.35931,1147,81.4,80.9,83.9,61.9,67.1,0.000,0.000,0.00,0.000,7.5,13.8,2.4,277,18,8.3,15.9,2.8,280,17,7.5,13.8,2.4,277,18,343,28.87,,0,0,0,71.4,67.5,66.7,0.17,0.16,0.19
SBRI,2017-08-21 16:25:00 EDT,42.75217,-77.35931,1147,81.0,80.8,83.4,62.5,67.0,0.000,0.000,0.00,0.000,9.1,14.2,2.0,262,11,9.9,15.7,2.3,266,10,9.1,14.2,2.0,262,11,341,28.87,,0,0,0,71.5,67.5,66.7,0.17,0.16,0.19
SBRI,2017-08-21 16:30:00 EDT,42.75217,-77.35931,1147,81.3,80.9,83.9,62.8,67.4,0.000,0.000,0.00,0.000,6.2,8.8,1.1,260,14,6.7,10.2,1.3,263,13,6.2,8.8,1.1,260,14,455,28.87,,0,0,0,71.6,67.5,66.7,0.17,0.16,0.19
SBRI,2017-08-21 16:35:00 EDT,42.75217,-77.35931,1147,81.4,81.0,84.0,62.2,67.2,0.000,0.000,0.00,0.000,8.6,13.2,1.9,280,14,9.1,14.3,2.1,282,14,8.6,13.2,1.9,280,14,495,28.87,,0,0,0,71.6,67.5,66.7,0.17,0.16,0.19
SBRI,2017-08-21 16:40:00 EDT,42.75217,-77.35931,1147,81.5,81.0,84.1,62.5,67.4,0.000,0.000,0.00,0.000,6.3,10.7,1.7,266,23,7.0,11.6,2.0,269,23,6.3,10.7,1.7,266,23,474,28.87,,0,0,0,71.7,67.5,66.7,0.17,0.16,0.19
SBRI,2017-08-21 16:45:00 EDT,42.75217,-77.35931,1147,81.7,81.2,84.5,62.6,67.7,0.000,0.000,0.00,0.000,5.2,8.6,1.2,262,21,5.7,9.0,1.3,264,22,5.2,8.6,1.2,262,21,494,28.86,,0,0,0,71.8,67.5,66.7,0.17,0.16,0.19
SBRI,2017-08-21 16:50:00 EDT,42.75217,-77.35931,1147,81.6,81.1,84.3,62.2,67.5,0.000,0.000,0.00,0.000,6.9,11.1,2.0,271,34,7.1,12.2,2.0,274,35,6.9,11.1,2.0,271,34,489,28.86,,0,0,0,71.8,67.5,66.7,0.17,0.16,0.19
SBRI,2017-08-21 16:55:00 EDT,42.75217,-77.35931,1147,81.8,81.3,84.5,61.6,67.3,0.000,0.000,0.00,0.000,5.9,12.1,2.8,254,21,6.4,13.2,3.2,258,21,5.9,12.1,2.8,254,21,450,28.86,,0,0,0,71.8,67.5,66.7,0.17,0.16,0.19
SBRI,2017-08-21 17:00:00 EDT,42.75217,-77.35931,1147,81.8,81.4,84.1,59.9,66.5,0.000,0.000,0.00,0.000,6.7,10.2,1.5,271,18,7.2,11.9,1.7,274,18,6.7,10.2,1.5,271,18,449,28.86,,0,0,0,71.8,67.5,66.7,0.16,0.16,0.19
SBRI,2017-08-21 17:05:00 EDT,42.75217,-77.35931,1147,81.8,81.5,84.0,59.2,66.2,0.000,0.000,0.00,0.000,4.9,9.3,1.8,256,17,5.3,10.3,1.9,261,16,4.9,9.3,1.8,256,17,395,28.86,,0,0,0,71.8,67.5,66.7,0.16,0.16,0.19
SBRI,2017-08-21 17:10:00 EDT,42.75217,-77.35931,1147,81.7,81.3,83.8,59.3,66.1,0.000,0.000,0.00,0.000,6.4,10.8,1.5,262,14,7.1,12.3,1.8,266,13,6.4,10.8,1.5,262,14,411,28.86,,0,0,0,71.8,67.5,66.7,0.16,0.16,0.19
SBRI,2017-08-21 17:15:00 EDT,42.75217,-77.35931,1147,81.3,81.1,83.6,60.5,66.4,0.000,0.000,0.00,0.000,6.6,9.1,1.1,252,12,7.1,11.3,1.3,255,10,6.6,9.1,1.1,252,12,317,28.86,,0,0,0,71.8,67.5,66.7,0.16,0.16,0.19
SBRI,2017-08-21 17:20:00 EDT,42.75217,-77.35931,1147,81.4,81.2,83.8,61.2,66.7,0.000,0.000,0.00,0.000,5.5,7.8,1.0,240,16,5.7,8.2,1.1,242,15,5.5,7.8,1.0,240,16,408,28.86,,0,0,0,71.8,67.5,66.7,0.16,0.16,0.19
SBRI,2017-08-21 17:25:00 EDT,42.75217,-77.35931,1147,81.8,81.3,84.6,62.6,67.8,0.000,0.000,0.00,0.000,3.8,7.2,1.3,276,15,4.2,8.0,1.5,280,17,3.8,7.2,1.3,276,15,403,28.86,,0,0,0,71.8,67.5,66.7,0.16,0.16,0.19
SBRI,2017-08-21 17:30:00 EDT,42.75217,-77.35931,1147,81.8,81.3,84.2,60.9,66.9,0.000,0.000,0.00,0.000,4.8,9.5,2.4,283,17,5.4,11.2,2.7,287,16,4.8,9.5,2.4,283,17,254,28.86,,0,0,0,71.8,67.5,66.7,0.16,0.16,0.19
SBRI,2017-08-21 17:35:00 EDT,42.75217,-77.35931,1147,80.6,80.7,82.8,61.2,66.0,0.000,0.000,0.00,0.000,4.9,7.8,1.6,275,13,5.4,9.2,1.7,279,12,4.9,7.8,1.6,275,13,282,28.86,,0,0,0,71.8,67.5,66.7,0.16,0.16,0.19
SBRI,2017-08-21 17:40:00 EDT,42.75217,-77.35931,1147,81.3,81.0,83.9,62.6,67.3,0.000,0.000,0.00,0.000,3.2,5.0,0.9,282,24,3.7,5.9,1.1,290,26,3.2,5.0,0.9,282,24,354,28.86,,0,0,0,71.8,67.5,66.7,0.16,0.16,0.19
SBRI,2017-08-21 17:45:00 EDT,42.75217,-77.35931,1147,81.2,81.0,83.6,62.0,66.9,0.000,0.000,0.00,0.000,6.5,10.2,1.2,299,14,6.7,11.7,1.5,303,14,6.5,10.2,1.2,299,14,329,28.86,,0,0,0,71.8,67.5,66.7,0.16,0.16,0.19
SBRI,2017-08-21 17:50:00 EDT,42.75217,-77.35931,1147,80.4,80.6,82.6,62.4,66.4,0.000,0.000,0.00,0.000,5.3,9.8,1.5,265,13,5.8,11.0,1.7,269,12,5.3,9.8,1.5,265,13,86,28.86,,0,0,0,71.8,67.5,66.7,0.16,0.16,0.19
SBRI,2017-08-21 17:55:00 EDT,42.75217,-77.35931,1147,79.3,79.9,79.3,65.5,66.8,0.000,0.000,0.00,0.000,5.2,8.2,1.2,268,14,5.6,9.6,1.4,271,14,5.2,8.2,1.2,268,14,213,28.86,,0,0,0,71.8,67.5,66.7,0.17,0.16,0.19
SBRI,2017-08-21 18:00:00 EDT,42.75217,-77.35931,1147,79.9,80.0,79.9,66.9,67.9,0.000,0.000,0.00,0.000,5.7,8.5,0.9,292,11,6.0,9.4,1.0,295,11,5.7,8.5,0.9,292,11,267,28.86,,0,0,0,71.8,67.7,66.7,0.16,0.16,0.19
SBRI,2017-08-21 18:05:00 EDT,42.75217,-77.35931,1147,79.9,79.8,79.9,67.1,68.0,0.000,0.000,0.00,0.000,5.9,7.5,0.9,290,10,6.2,8.5,1.0,294,11,5.9,7.5,0.9,290,10,191,28.86,,0,0,0,71.8,67.8,66.7,0.17,0.16,0.19
SBRI,2017-08-21 18:10:00 EDT,42.75217,-77.35931,1147,78.5,79.1,78.5,70.0,67.9,0.000,0.000,0.00,0.000,4.4,6.0,0.9,290,7,4.7,6.8,0.9,294,7,4.4,6.0,0.9,290,7,62,28.86,,0,0,0,71.8,67.8,66.7,0.16,0.16,0.19
SBRI,2017-08-21 18:15:00 EDT,42.75217,-77.35931,1147,78.0,78.8,78.0,72.5,68.4,0.000,0.000,0.00,0.000,4.0,5.5,0.5,287,5,4.2,5.8,0.6,292,5,4.0,5.5,0.5,287,5,74,28.86,,0,0,0,71.8,67.8,66.7,0.16,0.16,0.19
SBRI,2017-08-21 18:20:00 EDT,42.75217,-77.35931,1147,78.1,78.7,78.1,74.0,69.2,0.000,0.000,0.00,0.000,3.4,4.1,0.3,279,7,3.7,4.7,0.4,284,6,3.4,4.1,0.3,279,7,185,28.86,,0,0,0,71.8,67.8,66.7,0.17,0.16,0.19
SBRI,2017-08-21 18:25:00 EDT,42.75217,-77.35931,1147,79.2,79.1,79.2,72.8,69.7,0.000,0.000,0.00,0.000,3.2,3.9,0.4,270,6,3.6,4.5,0.5,275,6,3.2,3.9,0.4,270,6,237,28.86,,0,0,0,71.8,67.8,66.7,0.17,0.16,0.19
SBRI,2017-08-21 18:30:00 EDT,42.75217,-77.35931,1147,79.8,79.4,79.8,71.9,69.9,0.000,0.000,0.00,0.000,1.9,2.8,0.4,254,13,2.1,3.1,0.4,260,15,1.9,2.8,0.4,254,13,206,28.86,,0,0,0,71.8,67.8,66.7,0.17,0.16,0.19
SBRI,2017-08-21 18:35:00 EDT,42.75217,-77.35931,1147,79.8,79.5,79.8,70.8,69.5,0.000,0.000,0.00,0.000,2.2,4.7,1.1,273,19,2.5,5.1,1.1,279,22,2.2,4.7,1.1,273,19,184,28.86,,0,0,0,71.8,67.8,66.7,0.16,0.16,0.19
SBRI,2017-08-21 18:40:00 EDT,42.75217,-77.35931,1147,79.3,79.3,79.3,71.3,69.3,0.000,0.000,0.00,0.000,3.2,5.0,0.8,302,14,3.1,5.4,0.8,307,14,3.2,5.0,0.8,302,14,162,28.86,,0,0,0,71.7,67.8,66.7,0.17,0.16,0.19
SBRI,2017-08-21 18:45:00 EDT,42.75217,-77.35931,1147,79.2,79.3,79.2,70.6,68.8,0.000,0.000,0.00,0.000,3.5,5.9,1.0,303,17,3.7,6.6,1.0,308,17,3.5,5.9,1.0,303,17,147,28.86,,0,0,0,71.6,67.8,66.7,0.17,0.16,0.19
SBRI,2017-08-21 18:50:00 EDT,42.75217,-77.35931,1147,78.9,79.0,78.9,71.5,68.8,0.000,0.000,0.00,0.000,2.4,3.7,0.5,309,11,2.3,4.0,0.6,314,10,2.4,3.7,0.5,309,11,135,28.86,,0,0,0,71.5,67.8,66.7,0.17,0.16,0.19
SBRI,2017-08-21 18:55:00 EDT,42.75217,-77.35931,1147,78.4,78.7,78.4,73.1,69.0,0.000,0.000,0.00,0.000,2.7,3.7,0.5,289,10,2.8,4.3,0.5,295,10,2.7,3.7,0.5,289,10,121,28.86,,0,0,0,71.4,67.8,66.7,0.17,0.16,0.19
SBRI,2017-08-21 19:00:00 EDT,42.75217,-77.35931,1147,77.6,78.5,77.6,74.1,68.7,0.000,0.000,0.00,0.000,3.3,4.2,0.3,278,6,3.6,4.4,0.4,283,6,3.3,4.2,0.3,278,6,109,28.86,,0,0,0,71.4,67.8,66.7,0.17,0.16,0.19
SBRI,2017-08-21 19:05:00 EDT,42.75217,-77.35931,1147,77.0,78.1,77.0,76.7,69.1,0.000,0.000,0.00,0.000,2.4,3.3,0.3,263,5,2.6,3.6,0.4,268,6,2.4,3.3,0.3,263,5,94,28.86,,0,0,0,71.4,67.8,66.7,0.16,0.16,0.19
SBRI,2017-08-21 19:10:00 EDT,42.75217,-77.35931,1147,76.3,77.4,76.3,79.5,69.5,0.000,0.000,0.00,0.000,2.4,3.3,0.4,268,6,2.7,3.6,0.5,274,7,2.4,3.3,0.4,268,6,74,28.86,,0,0,0,71.4,67.8,66.7,0.16,0.16,0.19
SBRI,2017-08-21 19:15:00 EDT,42.75217,-77.35931,1147,75.6,76.9,75.6,80.4,69.1,0.000,0.000,0.00,0.000,3.5,4.4,0.6,272,4,3.9,5.1,0.7,276,5,3.5,4.4,0.6,272,4,71,28.86,,0,0,0,71.4,67.8,66.7,0.16,0.16,0.19
SBRI,2017-08-21 19:20:00 EDT,42.75217,-77.35931,1147,74.8,76.0,74.8,82.2,69.0,0.000,0.000,0.00,0.000,3.1,4.0,0.3,261,4,3.4,4.4,0.4,265,5,3.1,4.0,0.3,261,4,33,28.86,,0,0,0,71.4,67.8,66.7,0.17,0.16,0.19
SBRI,2017-08-21 19:25:00 EDT,42.75217,-77.35931,1147,73.7,75.7,73.7,86.3,69.3,0.000,0.000,0.00,0.000,3.3,3.9,0.3,253,5,3.7,4.5,0.3,256,5,3.3,3.9,0.3,253,5,23,28.86,,0,0,0,71.4,67.8,66.7,0.17,0.16,0.19
SBRI,2017-08-21 19:30:00 EDT,42.75217,-77.35931,1147,73.3,76.0,73.3,88.2,69.6,0.000,0.000,0.00,0.000,3.8,4.4,0.3,246,2,4.3,5.0,0.3,248,3,3.8,4.4,0.3,246,2,20,28.85,,0,0,0,71.4,67.8,66.7,0.17,0.16,0.19
SBRI,2017-08-21 19:35:00 EDT,42.75217,-77.35931,1147,73.0,75.6,73.0,88.8,69.5,0.000,0.000,0.00,0.000,3.9,4.4,0.3,250,4,4.3,5.0,0.4,254,4,3.9,4.4,0.3,250,4,19,28.86,,0,0,0,71.4,67.8,66.7,0.17,0.16,0.19
SBRI,2017-08-21 19:40:00 EDT,42.75217,-77.35931,1147,72.6,74.5,72.6,88.9,69.1,0.000,0.000,0.00,0.000,3.5,4.2,0.3,259,2,3.8,4.5,0.3,262,3,3.5,4.2,0.3,259,2,19,28.85,,0,0,0,71.4,67.8,66.7,0.17,0.16,0.19
SBRI,2017-08-21 19:45:00 EDT,42.75217,-77.35931,1147,72.0,74.3,72.0,90.0,68.9,0.000,0.000,0.00,0.000,4.0,4.7,0.4,251,5,4.4,5.3,0.4,254,5,4.0,4.7,0.4,251,5,17,28.85,,0,0,0,71.4,67.8,66.7,0.17,0.16,0.19
SBRI,2017-08-21 19:50:00 EDT,42.75217,-77.35931,1147,71.8,74.2,71.8,91.2,69.1,0.000,0.000,0.00,0.000,4.5,5.0,0.2,249,2,5.0,5.7,0.3,252,2,4.5,5.0,0.2,249,2,13,28.85,,0,0,0,71.3,67.8,66.7,0.17,0.16,0.19
SBRI,2017-08-21 19:55:00 EDT,42.75217,-77.35931,1147,71.5,73.6,71.5,91.5,68.9,0.000,0.000,0.00,0.000,4.0,4.7,0.4,256,6,4.4,5.2,0.4,259,6,4.0,4.7,0.4,256,6,9,28.85,,0,0,0,71.1,67.8,66.7,0.16,0.16,0.19
SBRI,2017-08-21 20:00:00 EDT,42.75217,-77.35931,1147,71.5,73.7,71.5,90.8,68.7,0.000,0.000,0.00,0.000,3.8,4.7,0.4,264,5,4.1,5.0,0.4,268,5,3.8,4.7,0.4,264,5,5,28.85,,0,0,0,71.1,67.8,66.7,0.16,0.16,0.19
SBRI,2017-08-21 20:05:00 EDT,42.75217,-77.35931,1147,71.0,74.6,71.0,91.8,68.5,0.000,0.000,0.00,0.000,3.9,4.6,0.3,258,3,4.1,5.0,0.3,261,3,3.9,4.6,0.3,258,3,3,28.85,,0,0,0,71.1,67.8,66.7,0.17,0.16,0.19
SBRI,2017-08-21 20:10:00 EDT,42.75217,-77.35931,1147,70.8,74.2,70.8,92.2,68.4,0.000,0.000,0.00,0.000,3.8,4.7,0.5,250,6,4.2,5.3,0.6,252,6,3.8,4.7,0.5,250,6,2,28.85,,0,0,0,71.1,67.8,66.7,0.17,0.16,0.19
SBRI,2017-08-21 20:15:00 EDT,42.75217,-77.35931,1147,70.5,73.5,70.5,92.7,68.3,0.000,0.000,0.00,0.000,4.7,5.6,0.4,246,3,5.1,6.4,0.4,249,3,4.7,5.6,0.4,246,3,1,28.85,,0,0,0,71.1,67.8,66.7,0.17,0.16,0.19
SBRI,2017-08-21 20:20:00 EDT,42.75217,-77.35931,1147,70.0,71.8,70.0,92.8,67.8,0.000,0.000,0.00,0.000,3.5,4.5,0.5,258,8,3.7,4.9,0.6,261,10,3.5,4.5,0.5,258,8,1,28.86,,0,0,0,71.1,67.8,66.7,0.17,0.16,0.19
SBRI,2017-08-21 20:25:00 EDT,42.75217,-77.35931,1147,69.9,71.1,69.9,93.3,67.8,0.000,0.000,0.00,0.000,2.7,3.3,0.4,288,10,2.8,3.5,0.3,295,10,2.7,3.3,0.4,288,10,1,28.86,,0,0,0,71.0,67.9,66.7,0.17,0.16,0.19
SBRI,2017-08-21 20:30:00 EDT,42.75217,-77.35931,1147,69.8,71.0,69.8,94.0,68.0,0.000,0.000,0.00,0.000,3.2,3.8,0.3,286,5,3.4,4.4,0.3,292,5,3.2,3.8,0.3,286,5,1,28.86,,0,0,0,70.8,67.9,66.7,0.17,0.16,0.19
SBRI,2017-08-21 20:35:00 EDT,42.75217,-77.35931,1147,69.5,71.1,69.5,94.0,67.7,0.000,0.000,0.00,0.000,3.4,4.0,0.2,286,6,3.6,4.6,0.3,291,6,3.4,4.0,0.2,286,6,1,28.86,,0,0,0,70.7,67.9,66.7,0.17,0.16,0.19
SBRI,2017-08-21 20:40:00 EDT,42.75217,-77.35931,1147,69.4,70.9,69.4,94.5,67.8,0.000,0.000,0.00,0.000,3.0,3.4,0.2,262,9,3.3,3.8,0.2,265,10,3.0,3.4,0.2,262,9,1,28.86,,0,0,0,70.7,68.1,66.7,0.17,0.16,0.19
SBRI,2017-08-21 20:45:00 EDT,42.75217,-77.35931,1147,69.1,71.0,69.1,94.3,67.4,0.000,0.000,0.00,0.000,3.3,3.9,0.3,256,2,3.6,4.1,0.3,259,3,3.3,3.9,0.3,256,2,1,28.86,,0,0,0,70.7,68.0,66.7,0.17,0.16,0.19
SBRI,2017-08-21 20:50:00 EDT,42.75217,-77.35931,1147,69.3,71.0,69.3,94.4,67.6,0.000,0.000,0.00,0.000,4.7,5.8,0.8,248,5,5.0,6.5,0.8,251,5,4.7,5.8,0.8,248,5,1,28.86,,0,0,0,70.7,68.2,66.7,0.17,0.16,0.19
SBRI,2017-08-21 20:55:00 EDT,42.75217,-77.35931,1147,69.3,71.7,69.3,93.8,67.5,0.000,0.000,0.00,0.000,5.8,6.6,0.4,243,2,6.2,7.1,0.4,245,2,5.8,6.6,0.4,243,2,1,28.86,,0,0,0,70.7,68.2,66.7,0.17,0.16,0.19
SBRI,2017-08-21 21:00:00 EDT,42.75217,-77.35931,1147,69.4,71.7,69.4,93.4,67.4,0.000,0.000,0.00,0.000,5.6,6.5,0.5,242,2,5.9,6.9,0.5,244,3,5.6,6.5,0.5,242,2,1,28.85,,0,0,0,70.7,68.2,66.7,0.17,0.16,0.19
SBRI,2017-08-21 21:05:00 EDT,42.75217,-77.35931,1147,69.3,71.9,69.3,93.5,67.3,0.000,0.000,0.00,0.000,5.4,5.8,0.2,237,4,5.5,6.3,0.2,238,4,5.4,5.8,0.2,237,4,1,28.85,,0,0,0,70.7,68.2,66.7,0.17,0.16,0.19
SBRI,2017-08-21 21:10:00 EDT,42.75217,-77.35931,1147,69.5,72.1,69.5,93.5,67.5,0.000,0.000,0.00,0.000,4.6,5.4,0.4,237,3,4.8,5.6,0.4,238,3,4.6,5.4,0.4,237,3,1,28.85,,0,0,0,70.5,68.2,66.7,0.17,0.16,0.19
SBRI,2017-08-21 21:15:00 EDT,42.75217,-77.35931,1147,69.4,72.5,69.4,93.6,67.5,0.000,0.000,0.00,0.000,4.6,5.6,0.5,241,3,4.9,6.0,0.5,242,4,4.6,5.6,0.5,241,3,1,28.85,,0,0,0,70.4,68.2,66.7,0.17,0.16,0.19
SBRI,2017-08-21 21:20:00 EDT,42.75217,-77.35931,1147,69.3,72.9,69.3,93.2,67.3,0.000,0.000,0.00,0.000,4.6,5.6,0.4,244,3,5.0,6.1,0.4,246,4,4.6,5.6,0.4,244,3,1,28.86,,0,0,0,70.3,68.2,66.7,0.17,0.16,0.19
SBRI,2017-08-21 21:25:00 EDT,42.75217,-77.35931,1147,68.7,71.7,68.7,93.0,66.6,0.000,0.000,0.00,0.000,4.6,5.6,0.8,245,3,4.9,6.4,0.9,246,4,4.6,5.6,0.8,245,3,1,28.86,,0,0,0,70.3,68.2,66.7,0.17,0.16,0.19
SBRI,2017-08-21 21:30:00 EDT,42.75217,-77.35931,1147,68.3,70.3,68.3,93.8,66.4,0.000,0.000,0.00,0.000,3.6,5.5,0.8,246,4,3.9,5.8,0.9,247,4,3.6,5.5,0.8,246,4,1,28.85,,0,0,0,70.3,68.2,66.7,0.17,0.16,0.19
SBRI,2017-08-21 21:35:00 EDT,42.75217,-77.35931,1147,68.5,72.1,68.5,94.7,66.9,0.000,0.000,0.00,0.000,4.4,5.6,0.3,238,3,4.6,5.8,0.4,240,4,4.4,5.6,0.3,238,3,1,28.85,,0,0,0,70.3,68.2,66.7,0.17,0.16,0.19
SBRI,2017-08-21 21:40:00 EDT,42.75217,-77.35931,1147,68.0,71.1,68.0,94.2,66.3,0.000,0.000,0.00,0.000,3.3,4.5,0.8,259,22,3.4,4.7,0.9,260,24,3.3,4.5,0.8,259,22,1,28.86,,0,0,0,70.3,68.2,66.7,0.17,0.16,0.19
SBRI,2017-08-21 21:45:00 EDT,42.75217,-77.35931,1147,67.4,69.0,67.4,96.2,66.3,0.000,0.000,0.00,0.000,2.8,3.4,0.3,308,7,2.7,3.5,0.3,313,6,2.8,3.4,0.3,308,7,1,28.86,,0,0,0,70.2,68.2,66.7,0.17,0.16,0.19
SBRI,2017-08-21 21:50:00 EDT,42.75217,-77.35931,1147,67.3,69.1,67.3,97.0,66.4,0.000,0.000,0.00,0.000,3.3,3.9,0.2,303,7,3.3,4.0,0.4,309,5,3.3,3.9,0.2,303,7,1,28.86,,0,0,0,70.0,68.2,66.7,0.17,0.16,0.19
SBRI,2017-08-21 21:55:00 EDT,42.75217,-77.35931,1147,67.2,69.3,67.2,97.3,66.4,0.000,0.000,0.00,0.000,3.1,3.9,0.4,286,14,3.2,4.3,0.4,291,15,3.1,3.9,0.4,286,14,1,28.86,,0,0,0,70.0,68.2,66.7,0.17,0.16,0.19
SBRI,2017-08-21 22:00:00 EDT,42.75217,-77.35931,1147,67.4,70.7,67.4,97.4,66.6,0.000,0.000,0.00,0.000,4.5,5.4,0.7,243,8,4.7,6.0,0.8,245,9,4.5,5.4,0.7,243,8,1,28.86,,0,0,0,70.0,68.2,66.7,0.17,0.16,0.19
SBRI,2017-08-21 22:05:00 EDT,42.75217,-77.35931,1147,68.4,72.5,68.4,96.7,67.4,0.000,0.000,0.00,0.000,5.2,6.2,0.4,230,3,5.2,6.5,0.4,230,2,5.2,6.2,0.4,230,3,1,28.86,,0,0,0,70.0,68.2,66.7,0.17,0.16,0.19
SBRI,2017-08-21 22:10:00 EDT,42.75217,-77.35931,1147,68.3,72.4,68.3,95.2,66.9,0.000,0.000,0.00,0.000,5.3,5.9,0.3,231,3,5.3,5.9,0.3,231,3,5.3,5.9,0.3,231,3,1,28.86,,0,0,0,70.0,68.2,66.7,0.17,0.16,0.19
SBRI,2017-08-21 22:15:00 EDT,42.75217,-77.35931,1147,68.7,73.0,68.7,95.0,67.2,0.000,0.000,0.00,0.000,5.4,6.4,0.4,230,4,5.4,6.3,0.4,231,4,5.4,6.4,0.4,230,4,1,28.85,,0,0,0,70.0,68.2,66.7,0.17,0.16,0.19
SBRI,2017-08-21 22:20:00 EDT,42.75217,-77.35931,1147,68.7,72.2,68.7,94.3,67.0,0.000,0.000,0.00,0.000,4.2,5.3,0.5,236,5,4.4,5.7,0.5,238,5,4.2,5.3,0.5,236,5,1,28.85,,0,0,0,69.9,68.2,66.7,0.17,0.16,0.19
SBRI,2017-08-21 22:25:00 EDT,42.75217,-77.35931,1147,67.6,69.5,67.6,94.3,65.9,0.000,0.000,0.00,0.000,2.6,3.9,0.7,277,28,2.8,4.5,0.9,280,30,2.6,3.9,0.7,277,28,1,28.86,,0,0,0,69.8,68.2,66.7,0.16,0.16,0.19
SBRI,2017-08-21 22:30:00 EDT,42.75217,-77.35931,1147,66.7,68.1,66.7,96.2,65.6,0.000,0.000,0.00,0.000,3.0,3.7,0.5,309,5,2.9,4.1,0.5,314,4,3.0,3.7,0.5,309,5,1,28.86,,0,0,0,69.6,68.2,66.7,0.17,0.16,0.19
SBRI,2017-08-21 22:35:00 EDT,42.75217,-77.35931,1147,66.6,68.9,66.6,97.1,65.7,0.000,0.000,0.00,0.000,3.3,3.9,0.3,302,6,3.2,4.0,0.4,307,6,3.3,3.9,0.3,302,6,1,28.86,,0,0,0,69.6,68.2,66.7,0.17,0.16,0.19
SBRI,2017-08-21 22:40:00 EDT,42.75217,-77.35931,1147,66.7,69.0,66.7,97.6,66.0,0.000,0.000,0.00,0.000,3.4,4.7,0.8,301,7,3.4,5.1,0.8,307,6,3.4,4.7,0.8,301,7,1,28.85,,0,0,0,69.6,68.2,66.7,0.17,0.16,0.19
SBRI,2017-08-21 22:45:00 EDT,42.75217,-77.35931,1147,66.7,68.9,66.7,97.6,66.0,0.000,0.000,0.00,0.000,3.6,4.5,0.4,294,7,3.6,4.6,0.5,299,8,3.6,4.5,0.4,294,7,1,28.85,,0,0,0,69.6,68.2,66.7,0.17,0.16,0.19
SBRI,2017-08-21 22:50:00 EDT,42.75217,-77.35931,1147,67.0,69.1,67.0,97.8,66.3,0.000,0.000,0.00,0.000,2.6,3.3,0.5,263,18,2.8,4.0,0.5,266,20,2.6,3.3,0.5,263,18,1,28.85,,0,0,0,69.6,68.2,66.7,0.17,0.16,0.19
SBRI,2017-08-21 22:55:00 EDT,42.75217,-77.35931,1147,67.2,69.3,67.2,97.3,66.4,0.000,0.000,0.00,0.000,3.5,4.6,0.8,228,16,3.6,5.0,0.8,229,16,3.5,4.6,0.8,228,16,1,28.85,,0,0,0,69.6,68.2,66.7,0.16,0.16,0.19
SBRI,2017-08-21 23:00:00 EDT,42.75217,-77.35931,1147,66.8,68.8,66.8,96.3,65.7,0.000,0.000,0.00,0.000,1.1,3.2,1.1,227,39,1.3,3.3,1.2,246,50,1.1,3.2,1.1,227,39,1,28.85,,0,0,0,69.6,68.2,66.7,0.16,0.16,0.19
SBRI,2017-08-21 23:05:00 EDT,42.75217,-77.35931,1147,67.4,68.7,67.4,96.9,66.4,0.000,0.000,0.00,0.000,1.7,2.6,0.5,319,21,1.9,2.9,0.4,328,21,1.7,2.6,0.5,319,21,1,28.85,,0,0,0,69.6,68.2,66.7,0.16,0.16,0.19
SBRI,2017-08-21 23:10:00 EDT,42.75217,-77.35931,1147,66.8,68.8,66.8,95.9,65.6,0.000,0.000,0.00,0.000,2.8,3.9,0.5,304,6,2.6,4.1,0.6,310,5,2.8,3.9,0.5,304,6,1,28.85,,0,0,0,69.4,68.2,66.7,0.16,0.16,0.19
SBRI,2017-08-21 23:15:00 EDT,42.75217,-77.35931,1147,66.6,69.0,66.6,96.2,65.4,0.000,0.000,0.00,0.000,2.7,3.9,0.5,309,9,2.4,4.0,0.6,314,8,2.7,3.9,0.5,309,9,1,28.85,,0,0,0,69.3,68.2,66.7,0.16,0.16,0.19
SBRI,2017-08-21 23:20:00 EDT,42.75217,-77.35931,1147,67.0,69.4,67.0,96.1,65.9,0.000,0.000,0.00,0.000,2.3,3.8,0.6,292,8,2.4,4.2,0.7,298,8,2.3,3.8,0.6,292,8,1,28.85,,0,0,0,69.3,68.2,66.7,0.16,0.16,0.19
SBRI,2017-08-21 23:25:00 EDT,42.75217,-77.35931,1147,67.6,70.1,67.6,91.5,65.0,0.000,0.000,0.00,0.000,1.3,2.9,0.6,276,17,1.5,3.2,0.6,287,19,1.3,2.9,0.6,276,17,1,28.84,,0,0,0,69.3,68.2,66.8,0.16,0.16,0.19
SBRI,2017-08-21 23:30:00 EDT,42.75217,-77.35931,1147,66.7,68.7,66.7,90.6,63.8,0.000,0.000,0.00,0.000,1.1,2.4,0.7,287,11,1.4,2.6,0.7,301,10,1.1,2.4,0.7,287,11,1,28.84,,0,0,0,69.3,68.2,66.7,0.16,0.16,0.19
SBRI,2017-08-21 23:35:00 EDT,42.75217,-77.35931,1147,66.6,68.4,66.6,91.3,64.0,0.000,0.000,0.00,0.000,1.2,2.5,0.8,276,15,1.5,2.9,0.7,288,16,1.2,2.5,0.8,276,15,1,28.84,,0,0,0,69.3,68.2,66.8,0.16,0.16,0.19
SBRI,2017-08-21 23:40:00 EDT,42.75217,-77.35931,1147,67.1,69.0,67.1,90.9,64.3,0.000,0.000,0.00,0.000,2.0,3.0,0.5,302,17,2.1,3.2,0.5,306,17,2.0,3.0,0.5,302,17,1,28.84,,0,0,0,69.3,68.2,66.8,0.16,0.16,0.19
SBRI,2017-08-21 23:45:00 EDT,42.75217,-77.35931,1147,66.1,68.8,66.1,89.9,63.1,0.000,0.000,0.00,0.000,1.8,2.7,0.3,269,15,2.1,3.4,0.4,276,17,1.8,2.7,0.3,269,15,1,28.84,,0,0,0,69.2,68.2,66.8,0.16,0.16,0.19
SBRI,2017-08-21 23:50:00 EDT,42.75217,-77.35931,1147,65.6,68.0,65.6,90.9,62.9,0.000,0.000,0.00,0.000,2.3,3.1,0.5,280,8,2.6,3.6,0.5,287,7,2.3,3.1,0.5,280,8,1,28.84,,0,0,0,69.2,68.2,66.8,0.16,0.16,0.19
SBRI,2017-08-21 23:55:00 EDT,42.75217,-77.35931,1147,66.3,69.2,66.3,92.3,64.0,0.000,0.000,0.00,0.000,1.5,2.3,0.4,281,12,1.7,2.6,0.4,291,14,1.5,2.3,0.4,281,12,1,28.84,,0,0,0,69.0,68.2,66.8,0.16,0.16,0.19
SCHA,2017-08-21 00:00:00 EDT,42.89697,-73.61405,323,63.9,65.6,63.9,94.1,62.1,0.000,0.003,0.00,0.000,0.4,1.8,0.5,98,7,0.6,1.8,0.6,104,11,0.4,1.8,0.5,98,7,0,29.79,,0,0,0,73.4,74.0,73.1,0.13,0.15,0.05
SCHA,2017-08-21 00:05:00 EDT,42.89697,-73.61405,323,63.7,65.5,63.7,94.5,62.1,0.000,0.000,0.00,0.000,0.6,0.9,0.2,129,10,0.9,1.4,0.3,126,12,0.6,0.9,0.2,129,10,0,29.79,,0,0,0,73.3,74.0,73.1,0.13,0.15,0.05
SCHA,2017-08-21 00:10:00 EDT,42.89697,-73.61405,323,63.6,65.3,63.6,94.9,62.1,0.000,0.000,0.00,0.000,0.7,1.2,0.2,130,10,1.0,1.6,0.3,113,11,0.7,1.2,0.2,130,10,0,29.79,,0,0,0,73.2,74.0,73.1,0.13,0.15,0.05
SCHA,2017-08-21 00:15:00 EDT,42.89697,-73.61405,323,63.6,65.1,63.6,95.2,62.2,0.000,0.000,0.00,0.000,0.6,0.9,0.2,101,0,1.0,1.3,0.2,108,11,0.6,0.9,0.2,101,0,0,29.79,,0,0,0,73.1,73.9,73.1,0.13,0.15,0.05
SCHA,2017-08-21 00:20:00 EDT,42.89697,-73.61405,323,63.3,64.5,63.3,94.8,61.8,0.000,0.000,0.00,0.000,0.9,1.5,0.4,96,6,1.2,1.7,0.3,103,9,0.9,1.5,0.4,96,6,0,29.80,,0,0,0,73.1,74.0,73.1,0.13,0.16,0.05
SCHA,2017-08-21 00:25:00 EDT,42.89697,-73.61405,323,63.2,64.8,63.2,94.5,61.6,0.000,0.000,0.00,0.000,1.8,2.4,0.3,93,5,2.0,2.7,0.3,94,5,1.8,2.4,0.3,93,5,0,29.80,,0,0,0,73.0,74.0,73.1,0.13,0.15,0.05
SCHA,2017-08-21 00:30:00 EDT,42.89697,-73.61405,323,63.3,64.4,63.3,94.7,61.8,0.000,0.000,0.00,0.000,1.0,1.9,0.3,94,10,1.2,2.2,0.4,99,13,1.0,1.9,0.3,94,10,0,29.80,,0,0,0,73.0,74.0,73.1,0.13,0.15,0.05
SCHA,2017-08-21 00:35:00 EDT,42.89697,-73.61405,323,63.1,64.1,63.1,94.9,61.6,0.000,0.000,0.00,0.000,0.7,1.4,0.4,93,12,1.1,1.8,0.3,90,9,0.7,1.4,0.4,93,12,0,29.80,,0,0,0,73.0,73.9,73.1,0.13,0.15,0.05
SCHA,2017-08-21 00:40:00 EDT,42.89697,-73.61405,323,63.0,64.0,63.0,95.3,61.6,0.000,0.000,0.00,0.000,1.7,3.1,0.6,86,8,2.0,3.7,0.7,87,8,1.7,3.1,0.6,86,8,0,29.80,,0,0,0,73.0,74.0,73.1,0.13,0.15,0.05
SCHA,2017-08-21 00:45:00 EDT,42.89697,-73.61405,323,62.9,63.9,62.9,95.5,61.6,0.000,0.000,0.00,0.000,0.9,2.8,0.5,96,8,1.2,3.1,0.5,100,12,0.9,2.8,0.5,96,8,0,29.80,,0,0,0,73.0,74.0,73.1,0.13,0.16,0.05
SCHA,2017-08-21 00:50:00 EDT,42.89697,-73.61405,323,62.9,64.3,62.9,95.7,61.7,0.000,0.000,0.00,0.000,0.1,0.6,0.2,113,5,0.4,1.0,0.4,113,10,0.1,0.6,0.2,113,5,0,29.80,,0,0,0,73.0,73.9,73.1,0.13,0.15,0.05
SCHA,2017-08-21 00:55:00 EDT,42.89697,-73.61405,323,63.0,64.6,63.0,95.8,61.8,0.000,0.000,0.00,0.000,0.5,1.4,0.4,99,19,0.9,1.8,0.5,94,14,0.5,1.4,0.4,99,19,0,29.80,,0,0,0,73.0,73.9,73.1,0.13,0.15,0.05
SCHA,2017-08-21 01:00:00 EDT,42.89697,-73.61405,323,62.8,64.7,62.8,95.7,61.5,0.000,0.000,0.00,0.000,0.2,0.9,0.3,97,4,0.4,1.3,0.5,104,9,0.2,0.9,0.3,97,4,0,29.80,,0,0,0,73.0,74.0,73.2,0.13,0.15,0.05
SCHA,2017-08-21 01:05:00 EDT,42.89697,-73.61405,323,62.8,64.7,62.8,95.4,61.5,0.000,0.000,0.00,0.000,1.1,1.7,0.3,94,6,1.4,2.3,0.3,94,7,1.1,1.7,0.3,94,6,0,29.80,,0,0,0,73.0,73.9,73.1,0.13,0.16,0.05
SCHA,2017-08-21 01:10:00 EDT,42.89697,-73.61405,323,62.9,64.8,62.9,94.9,61.4,0.000,0.000,0.00,0.000,0.9,1.5,0.5,92,4,1.1,1.8,0.5,99,10,0.9,1.5,0.5,92,4,0,29.80,,0,0,0,73.0,74.0,73.1,0.13,0.15,0.05
SCHA,2017-08-21 01:15:00 EDT,42.89697,-73.61405,323,62.8,64.3,62.8,94.8,61.3,0.000,0.000,0.00,0.000,0.2,0.7,0.3,117,6,0.4,1.1,0.4,140,13,0.2,0.7,0.3,117,6,0,29.80,,0,0,0,72.9,73.9,73.1,0.14,0.15,0.05
SCHA,2017-08-21 01:20:00 EDT,42.89697,-73.61405,323,62.7,64.5,62.7,94.8,61.2,0.000,0.000,0.00,0.000,0.0,0.2,0.0,147,0,0.1,1.0,0.2,149,3,0.0,0.2,0.0,147,0,0,29.80,,0,0,0,72.8,73.9,73.1,0.13,0.15,0.05
SCHA,2017-08-21 01:25:00 EDT,42.89697,-73.61405,323,62.6,64.6,62.6,94.9,61.1,0.000,0.000,0.00,0.000,0.0,0.0,0.0,0,0,0.0,0.0,0.0,0,0,0.0,0.0,0.0,0,0,0,29.80,,0,0,0,72.7,73.9,73.1,0.13,0.16,0.05
SCHA,2017-08-21 01:30:00 EDT,42.89697,-73.61405,323,62.6,65.0,62.6,95.2,61.3,0.000,0.000,0.00,0.000,0.0,0.5,0.1,122,10,0.2,0.9,0.3,121,20,0.0,0.5,0.1,122,10,0,29.80,,0,0,0,72.7,73.9,73.1,0.13,0.15,0.05
SCHA,2017-08-21 01:35:00 EDT,42.89697,-73.61405,323,62.3,64.7,62.3,95.3,61.0,0.000,0.000,0.00,0.000,0.2,0.8,0.3,142,16,0.7,2.2,0.5,154,21,0.2,0.8,0.3,142,16,0,29.80,,0,0,0,72.7,73.9,73.1,0.13,0.16,0.05
SCHA,2017-08-21 01:40:00 EDT,42.89697,-73.61405,323,62.4,64.7,62.4,95.7,61.1,0.000,0.000,0.00,0.000,0.6,1.7,0.6,89,7,0.9,2.0,0.7,94,11,0.6,1.7,0.6,89,7,0,29.79,,0,0,0,72.7,73.9,73.1,0.14,0.15,0.05
SCHA,2017-08-21 01:45:00 EDT,42.89697,-73.61405,323,62.4,64.1,62.4,96.0,61.3,0.000,0.000,0.00,0.000,0.7,1.3,0.4,107,5,1.0,1.6,0.4,113,13,0.7,1.3,0.4,107,5,0,29.79,,0,0,0,72.7,73.9,73.1,0.13,0.16,0.05
SCHA,2017-08-21 01:50:00 EDT,42.89697,-73.61405,323,62.5,64.0,62.5,96.0,61.3,0.000,0.000,0.00,0.000,0.7,1.5,0.4,112,17,1.1,2.2,0.3,116,19,0.7,1.5,0.4,112,17,0,29.80,,0,0,0,72.6,73.9,73.1,0.13,0.15,0.05
SCHA,2017-08-21 01:55:00 EDT,42.89697,-73.61405,323,62.4,63.9,62.4,96.1,61.3,0.000,0.000,0.00,0.000,0.5,1.6,0.4,89,12,1.0,2.1,0.4,92,14,0.5,1.6,0.4,89,12,0,29.80,,0,0,0,72.4,74.0,73.1,0.13,0.16,0.05
SCHA,2017-08-21 02:00:00 EDT,42.89697,-73.61405,323,62.3,64.2,62.3,96.4,61.2,0.000,0.000,0.00,0.000,0.6,1.9,0.5,153,36,1.0,1.9,0.5,159,39,0.6,1.9,0.5,153,36,0,29.80,,0,0,0,72.4,73.9,73.1,0.13,0.16,0.05
SCHA,2017-08-21 02:05:00 EDT,42.89697,-73.61405,323,62.2,64.1,62.2,96.6,61.2,0.000,0.000,0.00,0.000,0.7,1.8,0.6,109,16,1.1,2.1,0.5,113,22,0.7,1.8,0.6,109,16,0,29.79,,0,0,0,72.3,73.9,73.1,0.13,0.15,0.05
SCHA,2017-08-21 02:10:00 EDT,42.89697,-73.61405,323,62.2,63.5,62.2,96.7,61.2,0.000,0.000,0.00,0.000,1.0,2.0,0.5,81,18,1.3,2.7,0.6,82,18,1.0,2.0,0.5,81,18,0,29.80,,0,0,0,72.3,73.9,73.1,0.13,0.16,0.05
SCHA,2017-08-21 02:15:00 EDT,42.89697,-73.61405,323,62.0,63.5,62.0,96.5,61.0,0.000,0.000,0.00,0.000,1.5,3.1,0.5,109,30,1.9,4.8,0.7,106,27,1.5,3.1,0.5,109,30,0,29.80,,0,0,0,72.3,73.9,73.1,0.13,0.16,0.05
SCHA,2017-08-21 02:20:00 EDT,42.89697,-73.61405,323,61.7,62.7,61.7,96.5,60.7,0.000,0.000,0.00,0.000,1.4,2.3,0.5,97,9,1.9,3.2,0.6,98,8,1.4,2.3,0.5,97,9,0,29.80,,0,0,0,72.3,73.9,73.1,0.13,0.16,0.05
SCHA,2017-08-21 02:25:00 EDT,42.89697,-73.61405,323,61.5,62.4,61.5,96.7,60.5,0.000,0.000,0.00,0.000,1.2,2.6,0.7,99,10,1.6,3.1,0.6,99,10,1.2,2.6,0.7,99,10,0,29.80,,0,0,0,72.3,73.9,73.1,0.13,0.16,0.05
SCHA,2017-08-21 02:30:00 EDT,42.89697,-73.61405,323,61.4,62.4,61.4,96.7,60.5,0.000,0.000,0.00,0.000,1.0,2.2,0.4,114,14,1.3,3.1,0.4,116,14,1.0,2.2,0.4,114,14,0,29.80,,0,0,0,72.3,73.9,73.1,0.13,0.16,0.05
SCHA,2017-08-21 02:35:00 EDT,42.89697,-73.61405,323,61.4,62.3,61.4,96.6,60.5,0.000,0.000,0.00,0.000,1.0,1.8,0.4,104,18,1.5,2.4,0.5,103,17,1.0,1.8,0.4,104,18,0,29.80,,0,0,0,72.3,73.9,73.1,0.13,0.16,0.05
SCHA,2017-08-21 02:40:00 EDT,42.89697,-73.61405,323,61.4,62.1,61.4,96.5,60.4,0.000,0.000,0.00,0.000,1.4,2.7,0.6,95,19,1.9,4.1,0.7,96,18,1.4,2.7,0.6,95,19,0,29.80,,0,0,0,72.3,73.9,73.1,0.13,0.16,0.05
SCHA,2017-08-21 02:45:00 EDT,42.89697,-73.61405,323,61.4,61.9,61.4,96.4,60.3,0.000,0.000,0.00,0.000,1.9,3.6,0.7,88,16,2.4,5.0,0.9,88,14,1.9,3.6,0.7,88,16,0,29.80,,0,0,0,72.3,73.9,73.1,0.13,0.16,0.05
SCHA,2017-08-21 02:50:00 EDT,42.89697,-73.61405,323,61.1,61.7,61.1,96.3,60.1,0.000,0.000,0.00,0.000,1.5,3.5,0.7,100,13,2.0,4.3,0.8,99,12,1.5,3.5,0.7,100,13,0,29.80,,0,0,0,72.3,73.9,73.1,0.13,0.16,0.05
SCHA,2017-08-21 02:55:00 EDT,42.89697,-73.61405,323,61.1,61.7,61.1,96.5,60.1,0.000,0.000,0.00,0.000,1.5,2.7,0.6,91,14,2.0,4.1,0.8,92,13,1.5,2.7,0.6,91,14,0,29.80,,0,0,0,72.3,73.9,73.2,0.13,0.15,0.05
SCHA,2017-08-21 03:00:00 EDT,42.89697,-73.61405,323,61.3,61.8,61.3,96.4,60.3,0.000,0.000,0.00,0.000,1.7,3.6,0.7,102,20,2.1,4.7,0.8,101,18,1.7,3.6,0.7,102,20,0,29.80,,0,0,0,72.3,73.9,73.2,0.13,0.16,0.05
SCHA,2017-08-21 03:05:00 EDT,42.89697,-73.61405,323,61.2,61.6,61.2,96.2,60.1,0.000,0.000,0.00,0.000,1.1,2.8,0.8,105,18,1.6,4.0,0.9,106,22,1.1,2.8,0.8,105,18,0,29.80,,0,0,0,72.2,73.8,73.1,0.13,0.16,0.05
SCHA,2017-08-21 03:10:00 EDT,42.89697,-73.61405,323,61.1,61.5,61.1,96.2,60.0,0.000,0.000,0.00,0.000,1.3,2.8,0.6,103,25,1.8,3.8,0.7,102,23,1.3,2.8,0.6,103,25,0,29.80,,0,0,0,72.1,73.8,73.1,0.13,0.16,0.06
SCHA,2017-08-21 03:15:00 EDT,42.89697,-73.61405,323,60.9,61.5,60.9,96.2,59.8,0.000,0.000,0.00,0.000,1.5,3.4,0.7,95,21,2.1,4.8,0.8,93,20,1.5,3.4,0.7,95,21,0,29.80,,0,0,0,71.8,73.8,73.1,0.13,0.15,0.05
SCHA,2017-08-21 03:20:00 EDT,42.89697,-73.61405,323,61.0,61.5,61.0,96.3,59.9,0.000,0.000,0.00,0.000,1.2,3.6,0.8,96,23,1.7,3.9,0.8,96,22,1.2,3.6,0.8,96,23,0,29.80,,0,0,0,71.8,73.7,73.1,0.13,0.16,0.05
SCHA,2017-08-21 03:25:00 EDT,42.89697,-73.61405,323,60.7,61.3,60.7,96.1,59.6,0.000,0.000,0.00,0.000,0.3,1.1,0.4,108,19,0.8,2.2,0.6,123,26,0.3,1.1,0.4,108,19,0,29.80,,0,0,0,71.8,73.7,73.1,0.13,0.15,0.05
SCHA,2017-08-21 03:30:00 EDT,42.89697,-73.61405,323,60.7,61.3,60.7,96.4,59.7,0.000,0.000,0.00,0.000,1.0,2.1,0.4,130,25,1.3,2.8,0.6,132,26,1.0,2.1,0.4,130,25,0,29.80,,0,0,0,71.8,73.7,73.1,0.13,0.16,0.05
SCHA,2017-08-21 03:35:00 EDT,42.89697,-73.61405,323,60.6,61.2,60.6,96.5,59.6,0.000,0.000,0.00,0.000,0.8,2.0,0.4,147,13,1.2,2.6,0.4,147,15,0.8,2.0,0.4,147,13,0,29.80,,0,0,0,71.8,73.7,73.1,0.13,0.16,0.05
SCHA,2017-08-21 03:40:00 EDT,42.89697,-73.61405,323,60.6,61.1,60.6,96.5,59.6,0.000,0.000,0.00,0.000,0.6,1.5,0.4,120,17,0.9,2.3,0.6,126,24,0.6,1.5,0.4,120,17,0,29.81,,0,0,0,71.8,73.6,73.1,0.13,0.16,0.05
SCHA,2017-08-21 03:45:00 EDT,42.89697,-73.61405,323,60.6,61.1,60.6,96.6,59.6,0.000,0.000,0.00,0.000,0.3,1.1,0.4,166,10,0.8,1.6,0.5,168,30,0.3,1.1,0.4,166,10,0,29.81,,0,0,0,71.8,73.7,73.1,0.13,0.15,0.05
SCHA,2017-08-21 03:50:00 EDT,42.89697,-73.61405,323,60.3,61.0,60.3,96.6,59.4,0.000,0.000,0.00,0.000,1.1,1.8,0.3,128,15,1.4,2.5,0.3,130,16,1.1,1.8,0.3,128,15,0,29.81,,0,0,0,71.8,73.7,73.1,0.13,0.16,0.05
SCHA,2017-08-21 03:55:00 EDT,42.89697,-73.61405,323,60.2,60.9,60.2,96.6,59.2,0.000,0.000,0.00,0.000,0.6,1.6,0.5,132,21,1.0,2.8,0.6,133,21,0.6,1.6,0.5,132,21,0,29.81,,0,0,0,71.8,73.7,73.1,0.13,0.16,0.05
SCHA,2017-08-21 04:00:00 EDT,42.89697,-73.61405,323,60.1,60.9,60.1,96.7,59.2,0.000,0.000,0.00,0.000,0.3,1.3,0.4,145,31,0.7,2.0,0.5,149,33,0.3,1.3,0.4,145,31,0,29.81,,0,0,0,71.7,73.7,73.2,0.13,0.16,0.05
SCHA,2017-08-21 04:05:00 EDT,42.89697,-73.61405,323,60.2,60.9,60.2,96.9,59.3,0.000,0.000,0.00,0.000,1.3,2.4,0.5,108,25,1.6,3.0,0.6,108,26,1.3,2.4,0.5,108,25,0,29.81,,0,0,0,71.6,73.7,73.1,0.13,0.16,0.05
SCHA,2017-08-21 04:10:00 EDT,42.89697,-73.61405,323,60.1,60.8,60.1,96.9,59.2,0.000,0.000,0.00,0.000,0.7,1.5,0.4,110,24,1.0,2.0,0.4,118,32,0.7,1.5,0.4,110,24,0,29.81,,0,0,0,71.5,73.6,73.1,0.13,0.16,0.05
SCHA,2017-08-21 04:15:00 EDT,42.89697,-73.61405,323,60.2,60.8,60.2,97.1,59.3,0.000,0.000,0.00,0.000,0.6,2.7,0.7,96,17,1.0,3.5,0.8,88,22,0.6,2.7,0.7,96,17,0,29.81,,0,0,0,71.4,73.6,73.2,0.13,0.15,0.05
SCHA,2017-08-21 04:20:00 EDT,42.89697,-73.61405,323,60.4,60.8,60.4,97.2,59.6,0.000,0.000,0.00,0.000,1.4,2.6,0.4,79,13,1.8,3.1,0.6,80,15,1.4,2.6,0.4,79,13,0,29.81,,0,0,0,71.4,73.6,73.1,0.13,0.15,0.05
SCHA,2017-08-21 04:25:00 EDT,42.89697,-73.61405,323,60.3,60.6,60.3,97.0,59.4,0.000,0.000,0.00,0.000,1.8,3.2,0.5,85,17,2.2,3.7,0.7,83,16,1.8,3.2,0.5,85,17,0,29.81,,0,0,0,71.4,73.5,73.1,0.13,0.16,0.05
SCHA,2017-08-21 04:30:00 EDT,42.89697,-73.61405,323,60.2,60.5,60.2,97.0,59.4,0.000,0.000,0.00,0.000,1.0,1.9,0.4,86,21,1.4,2.6,0.5,86,21,1.0,1.9,0.4,86,21,0,29.81,,0,0,0,71.4,73.5,73.1,0.13,0.16,0.05
SCHA,2017-08-21 04:35:00 EDT,42.89697,-73.61405,323,60.2,60.6,60.2,97.1,59.4,0.000,0.000,0.00,0.000,0.9,2.0,0.5,97,20,1.2,2.9,0.6,99,21,0.9,2.0,0.5,97,20,0,29.81,,0,0,0,71.4,73.5,73.1,0.13,0.15,0.05
SCHA,2017-08-21 04:40:00 EDT,42.89697,-73.61405,323,60.2,60.6,60.2,97.2,59.4,0.000,0.000,0.00,0.000,0.6,1.5,0.4,110,13,0.9,2.7,0.5,113,19,0.6,1.5,0.4,110,13,0,29.81,,0,0,0,71.4,73.4,73.2,0.13,0.15,0.06
SCHA,2017-08-21 04:45:00 EDT,42.89697,-73.61405,323,60.3,60.7,60.3,97.3,59.5,0.000,0.000,0.00,0.000,1.1,2.3,0.5,97,17,1.5,3.0,0.6,99,17,1.1,2.3,0.5,97,17,0,29.81,,0,0,0,71.4,73.5,73.1,0.13,0.16,0.05
SCHA,2017-08-21 04:50:00 EDT,42.89697,-73.61405,323,60.3,60.8,60.3,97.4,59.5,0.000,0.000,0.00,0.000,1.1,3.1,0.7,96,13,1.6,4.3,0.8,92,15,1.1,3.1,0.7,96,13,0,29.81,,0,0,0,71.4,73.4,73.1,0.13,0.16,0.05
SCHA,2017-08-21 04:55:00 EDT,42.89697,-73.61405,323,60.3,60.8,60.3,97.4,59.5,0.000,0.000,0.00,0.000,1.2,2.6,0.6,100,15,1.5,3.3,0.6,101,15,1.2,2.6,0.6,100,15,0,29.82,,0,0,0,71.4,73.4,73.1,0.13,0.16,0.05
SCHA,2017-08-21 05:00:00 EDT,42.89697,-73.61405,323,60.1,60.7,60.1,97.3,59.3,0.000,0.000,0.00,0.000,1.0,2.3,0.5,98,9,1.3,3.1,0.6,98,10,1.0,2.3,0.5,98,9,0,29.82,,0,0,0,71.4,73.4,73.1,0.13,0.15,0.05
SCHA,2017-08-21 05:05:00 EDT,42.89697,-73.61405,323,60.0,60.6,60.0,97.3,59.3,0.000,0.000,0.00,0.000,1.8,3.1,0.5,95,16,2.2,3.8,0.7,95,15,1.8,3.1,0.5,95,16,0,29.81,,0,0,0,71.4,73.4,73.1,0.13,0.16,0.05
SCHA,2017-08-21 05:10:00 EDT,42.89697,-73.61405,323,60.0,60.5,60.0,97.2,59.2,0.000,0.000,0.00,0.000,1.2,3.5,0.9,101,16,1.6,4.4,1.0,98,21,1.2,3.5,0.9,101,16,0,29.81,,0,0,0,71.4,73.4,73.2,0.13,0.16,0.05
SCHA,2017-08-21 05:15:00 EDT,42.89697,-73.61405,323,60.0,60.5,60.0,97.2,59.2,0.000,0.000,0.00,0.000,1.4,3.1,0.8,94,17,1.8,4.6,0.8,95,20,1.4,3.1,0.8,94,17,0,29.81,,0,0,0,71.4,73.4,73.1,0.13,0.15,0.05
SCHA,2017-08-21 05:20:00 EDT,42.89697,-73.61405,323,59.9,60.5,59.9,97.2,59.1,0.000,0.000,0.00,0.000,0.7,2.4,0.5,106,18,1.1,3.0,0.6,106,17,0.7,2.4,0.5,106,18,0,29.81,,0,0,0,71.4,73.4,73.2,0.13,0.16,0.05
SCHA,2017-08-21 05:25:00 EDT,42.89697,-73.61405,323,59.9,60.5,59.9,97.2,59.1,0.000,0.000,0.00,0.000,1.1,2.6,0.6,104,18,1.4,3.6,0.8,102,18,1.1,2.6,0.6,104,18,0,29.82,,0,0,0,71.4,73.4,73.2,0.13,0.15,0.05
SCHA,2017-08-21 05:30:00 EDT,42.89697,-73.61405,323,59.8,60.4,59.8,97.2,59.0,0.000,0.000,0.00,0.000,0.7,2.3,0.7,108,24,1.1,4.2,0.9,108,23,0.7,2.3,0.7,108,24,0,29.82,,0,0,0,71.4,73.4,73.1,0.13,0.15,0.05
SCHA,2017-08-21 05:35:00 EDT,42.89697,-73.61405,323,59.7,60.3,59.7,97.2,59.0,0.000,0.000,0.00,0.000,0.5,2.4,0.4,112,16,0.9,3.6,0.6,109,23,0.5,2.4,0.4,112,16,0,29.82,,0,0,0,71.4,73.4,73.1,0.13,0.15,0.05
SCHA,2017-08-21 05:40:00 EDT,42.89697,-73.61405,323,59.7,60.3,59.7,97.3,58.9,0.000,0.000,0.00,0.000,0.6,2.6,0.7,89,14,0.9,3.4,0.9,94,17,0.6,2.6,0.7,89,14,0,29.82,,0,0,0,71.4,73.4,73.2,0.13,0.16,0.05
SCHA,2017-08-21 05:45:00 EDT,42.89697,-73.61405,323,59.5,60.1,59.5,97.2,58.7,0.000,0.000,0.00,0.000,0.6,2.6,0.6,124,14,1.0,2.9,0.6,128,21,0.6,2.6,0.6,124,14,0,29.82,,0,0,0,71.4,73.4,73.1,0.13,0.15,0.05
SCHA,2017-08-21 05:50:00 EDT,42.89697,-73.61405,323,59.5,60.0,59.5,97.3,58.8,0.000,0.000,0.00,0.000,0.4,1.5,0.5,147,16,0.7,2.7,0.7,159,22,0.4,1.5,0.5,147,16,0,29.82,,0,0,0,71.4,73.3,73.1,0.13,0.16,0.05
SCHA,2017-08-21 05:55:00 EDT,42.89697,-73.61405,323,59.6,60.0,59.6,97.3,58.8,0.000,0.000,0.00,0.000,1.0,2.0,0.5,151,18,1.5,2.6,0.4,156,19,1.0,2.0,0.5,151,18,0,29.82,,0,0,0,71.4,73.4,73.1,0.13,0.16,0.05
SCHA,2017-08-21 06:00:00 EDT,42.89697,-73.61405,323,59.4,60.0,59.4,97.3,58.7,0.000,0.000,0.00,0.000,0.8,2.3,0.4,115,21,1.0,2.6,0.5,120,21,0.8,2.3,0.4,115,21,1,29.82,,0,0,0,71.4,73.3,73.1,0.13,0.16,0.05
SCHA,2017-08-21 06:05:00 EDT,42.89697,-73.61405,323,59.4,59.9,59.4,97.2,58.6,0.000,0.000,0.00,0.000,1.1,2.6,0.6,122,20,1.4,3.1,0.5,126,24,1.1,2.6,0.6,122,20,2,29.82,,0,0,0,71.3,73.3,73.1,0.13,0.16,0.05
SCHA,2017-08-21 06:10:00 EDT,42.89697,-73.61405,323,59.3,59.8,59.3,97.1,58.5,0.000,0.000,0.00,0.000,0.9,2.6,0.7,129,29,1.3,2.9,0.7,135,32,0.9,2.6,0.7,129,29,3,29.82,,0,0,0,71.3,73.3,73.1,0.13,0.16,0.05
SCHA,2017-08-21 06:15:00 EDT,42.89697,-73.61405,323,59.3,59.8,59.3,97.1,58.5,0.000,0.000,0.00,0.000,1.5,3.4,0.6,101,26,1.9,4.9,0.9,100,27,1.5,3.4,0.6,101,26,5,29.82,,0,0,0,71.2,73.3,73.1,0.13,0.15,0.05
SCHA,2017-08-21 06:20:00 EDT,42.89697,-73.61405,323,59.2,59.8,59.2,97.1,58.4,0.000,0.000,0.00,0.000,1.2,2.9,0.6,93,22,1.6,3.8,0.8,95,23,1.2,2.9,0.6,93,22,7,29.82,,0,0,0,71.1,73.3,73.1,0.13,0.16,0.05
SCHA,2017-08-21 06:25:00 EDT,42.89697,-73.61405,323,59.2,59.8,59.2,97.1,58.4,0.000,0.000,0.00,0.000,1.3,2.3,0.5,104,21,1.6,3.5,0.6,104,22,1.3,2.3,0.5,104,21,10,29.82,,0,0,0,71.1,73.3,73.1,0.13,0.15,0.05
SCHA,2017-08-21 06:30:00 EDT,42.89697,-73.61405,323,59.4,59.8,59.4,97.2,58.6,0.000,0.000,0.00,0.000,1.0,3.3,0.9,88,21,1.6,4.6,1.1,91,25,1.0,3.3,0.9,88,21,17,29.82,,0,0,0,71.0,73.2,73.1,0.13,0.15,0.05
SCHA,2017-08-21 06:35:00 EDT,42.89697,-73.61405,323,59.5,59.9,59.5,97.0,58.7,0.000,0.000,0.00,0.000,0.6,1.9,0.6,95,25,1.0,2.8,0.7,94,32,0.6,1.9,0.6,95,25,26,29.82,,0,0,0,70.9,73.3,73.0,0.13,0.16,0.05
SCHA,2017-08-21 06:40:00 EDT,42.89697,-73.61405,323,59.7,60.0,59.7,96.6,58.7,0.000,0.000,0.00,0.000,0.3,1.3,0.4,110,35,0.6,3.0,0.6,138,42,0.3,1.3,0.4,110,35,38,29.82,,0,0,0,70.8,73.2,73.1,0.13,0.16,0.05
SCHA,2017-08-21 06:45:00 EDT,42.89697,-73.61405,323,59.9,60.2,59.9,96.3,58.9,0.000,0.000,0.00,0.000,1.4,2.8,0.6,91,24,1.8,3.9,0.7,88,23,1.4,2.8,0.6,91,24,44,29.82,,0,0,0,70.7,73.2,73.1,0.13,0.15,0.05
SCHA,2017-08-21 06:50:00 EDT,42.89697,-73.61405,323,60.1,60.3,60.1,95.4,58.8,0.000,0.000,0.00,0.000,1.6,3.7,0.9,96,20,2.0,4.4,1.0,98,21,1.6,3.7,0.9,96,20,45,29.82,,0,0,0,70.7,73.2,73.1,0.13,0.15,0.05
SCHA,2017-08-21 06:55:00 EDT,42.89697,-73.61405,323,59.9,60.2,59.9,95.1,58.5,0.000,0.000,0.00,0.000,0.5,1.7,0.5,129,25,1.0,2.2,0.6,142,27,0.5,1.7,0.5,129,25,59,29.82,,0,0,0,70.7,73.2,73.1,0.13,0.15,0.05
SCHA,2017-08-21 07:00:00 EDT,42.89697,-73.61405,323,60.0,60.4,60.0,94.8,58.6,0.000,0.000,0.00,0.000,0.5,2.1,0.6,114,27,1.0,3.6,0.7,117,33,0.5,2.1,0.6,114,27,90,29.83,,0,0,0,70.7,73.3,73.1,0.13,0.16,0.04
SCHA,2017-08-21 07:05:00 EDT,42.89697,-73.61405,323,60.8,60.7,60.8,93.4,58.9,0.000,0.000,0.00,0.000,1.4,2.6,0.7,86,15,1.8,3.6,0.7,88,16,1.4,2.6,0.7,86,15,104,29.83,,0,0,0,70.7,73.2,73.1,0.13,0.15,0.05
SCHA,2017-08-21 07:10:00 EDT,42.89697,-73.61405,323,61.1,60.9,61.1,92.4,58.9,0.000,0.000,0.00,0.000,1.7,3.1,0.7,88,17,2.2,4.2,0.9,88,18,1.7,3.1,0.7,88,17,120,29.83,,0,0,0,70.7,73.1,73.1,0.13,0.15,0.05
SCHA,2017-08-21 07:15:00 EDT,42.89697,-73.61405,323,61.4,61.2,61.4,92.5,59.2,0.000,0.000,0.00,0.000,1.0,2.8,0.9,97,17,1.5,3.8,0.9,96,17,1.0,2.8,0.9,97,17,141,29.83,,0,0,0,70.7,73.2,73.1,0.13,0.16,0.04
SCHA,2017-08-21 07:20:00 EDT,42.89697,-73.61405,323,61.8,61.4,61.8,91.7,59.4,0.000,0.000,0.00,0.000,0.6,1.7,0.5,93,17,1.1,2.4,0.5,101,28,0.6,1.7,0.5,93,17,141,29.83,,0,0,0,70.7,73.2,73.1,0.13,0.16,0.05
SCHA,2017-08-21 07:25:00 EDT,42.89697,-73.61405,323,62.1,61.6,62.1,90.6,59.3,0.000,0.000,0.00,0.000,1.1,2.6,0.4,86,11,1.6,3.4,0.6,87,12,1.1,2.6,0.4,86,11,153,29.83,,0,0,0,70.7,73.1,73.1,0.13,0.15,0.05
SCHA,2017-08-21 07:30:00 EDT,42.89697,-73.61405,323,62.0,61.8,62.0,90.7,59.3,0.000,0.000,0.00,0.000,1.8,3.1,0.5,87,14,2.4,3.8,0.5,88,14,1.8,3.1,0.5,87,14,119,29.83,,0,0,0,70.7,73.1,73.1,0.13,0.16,0.05
SCHA,2017-08-21 07:35:00 EDT,42.89697,-73.61405,323,62.2,62.0,62.2,91.4,59.7,0.000,0.000,0.00,0.000,0.4,1.8,0.6,104,22,0.7,2.3,0.7,109,27,0.4,1.8,0.6,104,22,171,29.84,,0,0,0,70.7,73.2,73.1,0.13,0.15,0.05
SCHA,2017-08-21 07:40:00 EDT,42.89697,-73.61405,323,62.8,62.3,62.8,89.1,59.6,0.000,0.000,0.00,0.000,1.0,2.3,0.6,81,11,1.5,3.6,0.9,83,13,1.0,2.3,0.6,81,11,171,29.84,,0,0,0,70.7,73.2,73.1,0.13,0.16,0.05
SCHA,2017-08-21 07:45:00 EDT,42.89697,-73.61405,323,63.1,62.5,63.1,88.0,59.5,0.000,0.000,0.00,0.000,0.9,2.2,0.6,88,21,1.4,2.8,0.7,89,20,0.9,2.2,0.6,88,21,180,29.84,,0,0,0,70.7,73.2,73.1,0.13,0.15,0.05
SCHA,2017-08-21 07:50:00 EDT,42.89697,-73.61405,323,63.2,62.9,63.2,87.1,59.3,0.000,0.000,0.00,0.000,1.5,3.1,0.9,91,19,2.1,4.6,1.0,90,20,1.5,3.1,0.9,91,19,215,29.84,,0,0,0,70.7,73.1,73.1,0.13,0.15,0.05
SCHA,2017-08-21 07:55:00 EDT,42.89697,-73.61405,323,63.5,63.1,63.5,87.8,59.8,0.000,0.000,0.00,0.000,2.2,3.7,0.7,78,18,2.8,4.5,0.9,77,15,2.2,3.7,0.7,78,18,220,29.83,,0,0,0,70.7,73.2,73.1,0.13,0.16,0.05
SCHA,2017-08-21 08:00:00 EDT,42.89697,-73.61405,323,63.6,63.4,63.6,87.9,60.0,0.000,0.000,0.00,0.000,1.9,3.4,0.8,73,16,2.4,4.4,1.0,75,14,1.9,3.4,0.8,73,16,249,29.83,,0,0,0,70.7,73.1,73.1,0.13,0.15,0.05
SCHA,2017-08-21 08:05:00 EDT,42.89697,-73.61405,323,64.1,63.8,64.1,87.3,60.2,0.000,0.000,0.00,0.000,1.1,2.7,0.6,83,25,1.5,3.7,0.7,83,24,1.1,2.7,0.6,83,25,280,29.83,,0,0,0,70.7,73.1,73.1,0.13,0.16,0.05
SCHA,2017-08-21 08:10:00 EDT,42.89697,-73.61405,323,64.5,64.2,64.5,85.7,60.1,0.000,0.000,0.00,0.000,1.3,2.3,0.5,82,22,1.6,2.9,0.5,81,25,1.3,2.3,0.5,82,22,224,29.83,,0,0,0,70.7,73.1,73.1,0.13,0.15,0.06
SCHA,2017-08-21 08:15:00 EDT,42.89697,-73.61405,323,65.1,64.4,65.1,85.6,60.7,0.000,0.000,0.00,0.000,0.4,1.6,0.5,88,10,0.7,2.1,0.6,92,16,0.4,1.6,0.5,88,10,166,29.83,,0,0,0,70.7,73.1,73.1,0.13,0.15,0.05
SCHA,2017-08-21 08:20:00 EDT,42.89697,-73.61405,323,64.9,64.4,64.9,86.3,60.7,0.000,0.000,0.00,0.000,0.5,1.5,0.5,77,15,0.9,2.1,0.6,80,23,0.5,1.5,0.5,77,15,131,29.83,,0,0,0,70.7,73.1,73.1,0.13,0.16,0.05
SCHA,2017-08-21 08:25:00 EDT,42.89697,-73.61405,323,64.8,64.6,64.8,87.0,60.8,0.000,0.000,0.00,0.000,0.8,1.9,0.5,78,22,1.2,2.7,0.6,77,24,0.8,1.9,0.5,78,22,144,29.83,,0,0,0,70.7,73.1,73.1,0.13,0.16,0.05
SCHA,2017-08-21 08:30:00 EDT,42.89697,-73.61405,323,65.0,64.6,65.0,86.9,61.0,0.000,0.000,0.00,0.000,1.8,2.8,0.4,75,12,2.2,3.4,0.5,75,13,1.8,2.8,0.4,75,12,216,29.83,,0,0,0,70.8,73.1,73.1,0.13,0.15,0.06
SCHA,2017-08-21 08:35:00 EDT,42.89697,-73.61405,323,65.5,65.1,65.5,86.2,61.2,0.000,0.000,0.00,0.000,1.6,2.4,0.4,80,15,2.0,3.1,0.6,79,15,1.6,2.4,0.4,80,15,346,29.83,,0,0,0,70.7,73.1,73.1,0.13,0.15,0.05
SCHA,2017-08-21 08:40:00 EDT,42.89697,-73.61405,323,65.9,65.4,65.9,85.3,61.3,0.000,0.000,0.00,0.000,1.1,2.4,0.5,79,21,1.5,2.8,0.5,78,22,1.1,2.4,0.5,79,21,281,29.83,,0,0,0,70.8,73.1,73.1,0.13,0.15,0.05
SCHA,2017-08-21 08:45:00 EDT,42.89697,-73.61405,323,66.0,65.9,66.0,84.9,61.3,0.000,0.000,0.00,0.000,0.6,1.4,0.4,108,29,0.9,2.4,0.6,111,35,0.6,1.4,0.4,108,29,261,29.83,,0,0,0,70.9,73.0,73.1,0.13,0.15,0.05
SCHA,2017-08-21 08:50:00 EDT,42.89697,-73.61405,323,66.7,66.4,66.7,84.1,61.7,0.000,0.000,0.00,0.000,0.9,2.0,0.5,116,33,1.4,2.6,0.5,122,37,0.9,2.0,0.5,116,33,279,29.83,,0,0,0,71.1,73.1,73.1,0.13,0.16,0.05
SCHA,2017-08-21 08:55:00 EDT,42.89697,-73.61405,323,66.8,66.7,66.8,82.4,61.3,0.000,0.000,0.00,0.000,1.1,3.1,0.9,178,24,1.4,4.1,1.1,180,29,1.1,3.1,0.9,178,24,255,29.83,,0,0,0,71.1,73.0,73.1,0.13,0.16,0.05
SCHA,2017-08-21 09:00:00 EDT,42.89697,-73.61405,323,67.4,67.1,67.4,82.0,61.7,0.000,0.000,0.00,0.000,0.3,1.4,0.4,137,43,0.7,2.0,0.7,106,55,0.3,1.4,0.4,137,43,384,29.83,,0,0,0,71.1,73.0,73.1,0.13,0.15,0.05
SCHA,2017-08-21 09:05:00 EDT,42.89697,-73.61405,323,68.1,67.9,68.1,81.3,62.1,0.000,0.000,0.00,0.000,0.7,1.6,0.5,146,22,1.1,2.2,0.6,155,30,0.7,1.6,0.5,146,22,418,29.83,,0,0,0,71.2,73.1,73.1,0.13,0.15,0.05
SCHA,2017-08-21 09:10:00 EDT,42.89697,-73.61405,323,68.4,68.3,68.4,78.2,61.3,0.000,0.000,0.00,0.000,1.0,2.8,0.5,165,28,1.5,3.5,0.6,169,25,1.0,2.8,0.5,165,28,451,29.83,,0,0,0,71.3,73.0,73.1,0.13,0.16,0.05
SCHA,2017-08-21 09:15:00 EDT,42.89697,-73.61405,323,68.3,68.2,68.3,78.1,61.2,0.000,0.000,0.00,0.000,1.8,3.6,1.0,250,27,2.3,4.6,1.1,251,31,1.8,3.6,1.0,250,27,389,29.83,,0,0,0,71.4,73.0,73.0,0.13,0.16,0.05
SCHA,2017-08-21 09:20:00 EDT,42.89697,-73.61405,323,68.8,68.6,68.8,78.9,62.0,0.000,0.000,0.00,0.000,2.1,4.5,1.0,239,27,2.5,6.1,1.2,242,26,2.1,4.5,1.0,239,27,335,29.83,,0,0,0,71.4,73.0,73.0,0.13,0.16,0.05
SCHA,2017-08-21 09:25:00 EDT,42.89697,-73.61405,323,69.1,68.8,69.1,78.5,62.2,0.000,0.000,0.00,0.000,2.5,5.2,1.2,224,33,2.8,6.1,1.2,224,34,2.5,5.2,1.2,224,33,247,29.83,,0,0,0,71.4,73.0,73.0,0.13,0.16,0.05
SCHA,2017-08-21 09:30:00 EDT,42.89697,-73.61405,323,69.5,69.3,69.5,79.4,62.9,0.000,0.000,0.00,0.000,0.8,3.4,0.9,260,26,1.5,4.9,1.0,263,32,0.8,3.4,0.9,260,26,405,29.82,,0,0,0,71.4,73.0,73.0,0.13,0.15,0.06
SCHA,2017-08-21 09:35:00 EDT,42.89697,-73.61405,323,70.4,69.7,70.4,77.1,62.9,0.000,0.000,0.00,0.000,1.2,3.9,1.2,266,24,1.8,4.3,1.1,271,36,1.2,3.9,1.2,266,24,464,29.82,,0,0,0,71.4,73.0,73.0,0.13,0.15,0.05
SCHA,2017-08-21 09:40:00 EDT,42.89697,-73.61405,323,70.0,69.8,70.0,75.3,61.8,0.000,0.000,0.00,0.000,2.3,4.6,1.0,206,31,2.7,5.6,1.1,209,33,2.3,4.6,1.0,206,31,488,29.82,,0,0,0,71.4,73.0,73.0,0.13,0.15,0.05
SCHA,2017-08-21 09:45:00 EDT,42.89697,-73.61405,323,70.3,70.2,70.3,76.2,62.4,0.000,0.000,0.00,0.000,2.2,4.0,0.8,201,24,2.7,5.1,0.8,202,21,2.2,4.0,0.8,201,24,504,29.82,,0,0,0,71.4,73.0,73.0,0.13,0.16,0.05
SCHA,2017-08-21 09:50:00 EDT,42.89697,-73.61405,323,70.9,70.7,70.9,75.4,62.7,0.000,0.000,0.00,0.000,1.5,3.5,0.9,221,30,2.0,4.2,0.9,231,34,1.5,3.5,0.9,221,30,513,29.82,,0,0,0,71.4,73.0,73.0,0.13,0.15,0.06
SCHA,2017-08-21 09:55:00 EDT,42.89697,-73.61405,323,72.0,71.5,72.0,75.3,63.7,0.000,0.000,0.00,0.000,0.8,3.2,0.8,232,42,1.4,3.8,0.9,234,43,0.8,3.2,0.8,232,42,521,29.82,,0,0,0,71.4,73.0,73.0,0.13,0.16,0.05
SCHA,2017-08-21 10:00:00 EDT,42.89697,-73.61405,323,72.4,71.9,72.4,73.2,63.3,0.000,0.000,0.00,0.000,1.0,3.4,0.8,146,53,1.6,4.6,1.0,145,55,1.0,3.4,0.8,146,53,578,29.82,,0,0,0,71.4,72.9,73.1,0.13,0.15,0.05
SCHA,2017-08-21 10:05:00 EDT,42.89697,-73.61405,323,72.7,72.2,72.7,72.1,63.3,0.000,0.000,0.00,0.000,1.7,4.8,1.5,183,37,2.4,6.4,1.6,191,41,1.7,4.8,1.5,183,37,603,29.82,,0,0,0,71.4,73.0,73.0,0.13,0.15,0.05
SCHA,2017-08-21 10:10:00 EDT,42.89697,-73.61405,323,73.6,72.7,73.6,71.9,63.9,0.000,0.000,0.00,0.000,2.6,5.1,1.4,222,44,3.3,6.6,1.6,235,45,2.6,5.1,1.4,222,44,621,29.82,,0,0,0,71.6,72.8,73.0,0.13,0.15,0.05
SCHA,2017-08-21 10:15:00 EDT,42.89697,-73.61405,323,73.5,72.9,73.5,71.9,63.9,0.000,0.000,0.00,0.000,2.2,4.8,1.2,206,40,2.9,6.4,1.4,216,43,2.2,4.8,1.2,206,40,622,29.82,,0,0,0,71.8,72.8,73.0,0.13,0.15,0.05
SCHA,2017-08-21 10:20:00 EDT,42.89697,-73.61405,323,73.8,73.1,73.8,70.1,63.5,0.000,0.000,0.00,0.000,2.7,6.6,1.5,180,32,3.6,8.4,1.7,182,41,2.7,6.6,1.5,180,32,564,29.82,,0,0,0,71.8,72.9,73.0,0.13,0.16,0.05
SCHA,2017-08-21 10:25:00 EDT,42.89697,-73.61405,323,73.8,73.1,73.8,70.0,63.4,0.000,0.000,0.00,0.000,2.8,5.0,1.1,188,30,3.8,7.8,1.5,191,32,2.8,5.0,1.1,188,30,559,29.82,,0,0,0,71.8,72.8,73.0,0.13,0.16,0.05
SCHA,2017-08-21 10:30:00 EDT,42.89697,-73.61405,323,74.2,73.7,74.2,70.9,64.1,0.000,0.000,0.00,0.000,1.6,5.2,1.1,212,42,2.1,4.9,1.2,221,43,1.6,5.2,1.1,212,42,549,29.82,,0,0,0,72.0,72.7,73.0,0.13,0.15,0.05
SCHA,2017-08-21 10:35:00 EDT,42.89697,-73.61405,323,74.1,73.5,74.1,70.1,63.7,0.000,0.000,0.00,0.000,2.6,5.0,1.1,225,32,3.1,6.2,1.3,232,32,2.6,5.0,1.1,225,32,493,29.82,,0,0,0,72.2,72.8,73.0,0.13,0.16,0.05
SCHA,2017-08-21 10:40:00 EDT,42.89697,-73.61405,323,74.9,74.0,74.9,69.4,64.2,0.000,0.000,0.00,0.000,2.8,6.8,1.7,249,27,3.5,8.1,1.8,253,28,2.8,6.8,1.7,249,27,790,29.82,,0,0,0,72.3,72.7,73.0,0.13,0.16,0.05
SCHA,2017-08-21 10:45:00 EDT,42.89697,-73.61405,323,76.1,74.5,76.1,67.7,64.7,0.000,0.000,0.00,0.000,3.6,6.2,1.6,242,28,4.3,7.5,1.4,247,30,3.6,6.2,1.6,242,28,771,29.82,,0,0,0,72.3,72.7,73.0,0.13,0.16,0.05
SCHA,2017-08-21 10:50:00 EDT,42.89697,-73.61405,323,75.4,74.6,75.4,66.5,63.5,0.000,0.000,0.00,0.000,2.6,5.9,1.3,232,43,3.1,7.4,1.4,242,43,2.6,5.9,1.3,232,43,687,29.82,,0,0,0,72.3,72.7,73.0,0.13,0.15,0.06
SCHA,2017-08-21 10:55:00 EDT,42.89697,-73.61405,323,76.0,75.2,76.0,67.3,64.3,0.000,0.000,0.00,0.000,1.8,5.9,1.4,218,39,2.4,6.6,1.5,218,38,1.8,5.9,1.4,218,39,522,29.82,,0,0,0,72.3,72.7,73.0,0.13,0.15,0.05
SCHA,2017-08-21 11:00:00 EDT,42.89697,-73.61405,323,75.9,75.1,75.9,66.3,63.9,0.000,0.000,0.00,0.000,2.5,4.7,1.3,235,26,3.0,6.1,1.2,239,28,2.5,4.7,1.3,235,26,743,29.83,,0,0,0,72.4,72.7,73.0,0.13,0.15,0.05
SCHA,2017-08-21 11:05:00 EDT,42.89697,-73.61405,323,76.0,75.3,76.0,66.0,63.8,0.000,0.000,0.00,0.000,3.8,7.4,1.6,243,26,4.3,7.9,1.6,249,24,3.8,7.4,1.6,243,26,607,29.83,,0,0,0,72.6,72.7,73.0,0.13,0.16,0.06
SCHA,2017-08-21 11:10:00 EDT,42.89697,-73.61405,323,75.7,74.6,75.7,67.0,64.0,0.000,0.000,0.00,0.000,3.2,6.3,1.3,261,22,3.8,7.0,1.3,264,19,3.2,6.3,1.3,261,22,549,29.82,,0,0,0,72.7,72.7,73.0,0.13,0.16,0.05
SCHA,2017-08-21 11:15:00 EDT,42.89697,-73.61405,323,75.6,75.0,75.6,67.2,63.9,0.000,0.000,0.00,0.000,1.6,5.3,1.6,228,26,2.3,6.7,1.6,230,36,1.6,5.3,1.6,228,26,543,29.82,,0,0,0,72.7,72.7,73.0,0.13,0.16,0.05
SCHA,2017-08-21 11:20:00 EDT,42.89697,-73.61405,323,75.9,75.4,75.9,68.3,64.7,0.000,0.000,0.00,0.000,1.5,5.1,1.2,209,35,2.2,6.2,1.3,217,48,1.5,5.1,1.2,209,35,479,29.82,,0,0,0,72.9,72.7,73.0,0.13,0.15,0.05
SCHA,2017-08-21 11:25:00 EDT,42.89697,-73.61405,323,76.2,75.5,76.2,67.2,64.5,0.000,0.000,0.00,0.000,2.6,5.4,1.2,226,33,3.3,6.0,1.4,229,35,2.6,5.4,1.2,226,33,641,29.82,,0,0,0,73.0,72.7,73.0,0.13,0.16,0.04
SCHA,2017-08-21 11:30:00 EDT,42.89697,-73.61405,323,76.2,75.5,76.2,67.2,64.5,0.000,0.000,0.00,0.000,2.0,4.9,1.0,188,39,2.5,6.2,1.2,190,41,2.0,4.9,1.0,188,39,634,29.81,,0,0,0,73.0,72.7,73.0,0.13,0.15,0.05
SCHA,2017-08-21 11:35:00 EDT,42.89697,-73.61405,323,76.6,75.8,76.6,67.3,65.0,0.000,0.000,0.00,0.000,1.6,4.1,1.0,234,30,2.1,4.3,1.1,240,31,1.6,4.1,1.0,234,30,598,29.81,,0,0,0,73.0,72.7,73.0,0.13,0.15,0.05
SCHA,2017-08-21 11:40:00 EDT,42.89697,-73.61405,323,76.4,75.6,76.4,65.9,64.1,0.000,0.000,0.00,0.000,2.5,4.4,1.3,246,19,2.9,5.9,1.4,250,22,2.5,4.4,1.3,246,19,633,29.81,,0,0,0,73.0,72.7,73.0,0.13,0.16,0.05
SCHA,2017-08-21 11:45:00 EDT,42.89697,-73.61405,323,76.4,75.7,76.4,67.4,64.8,0.000,0.000,0.00,0.000,2.6,4.2,0.8,220,32,3.2,5.1,1.0,226,36,2.6,4.2,0.8,220,32,633,29.81,,0,0,0,73.0,72.7,73.0,0.13,0.16,0.05
SCHA,2017-08-21 11:50:00 EDT,42.89697,-73.61405,323,77.5,76.6,77.5,68.1,66.1,0.000,0.000,0.00,0.000,1.7,3.9,1.1,204,45,2.5,5.3,1.1,211,43,1.7,3.9,1.1,204,45,760,29.80,,0,0,0,73.1,72.7,73.0,0.12,0.16,0.05
SCHA,2017-08-21 11:55:00 EDT,42.89697,-73.61405,323,77.8,77.0,77.8,66.2,65.6,0.000,0.000,0.00,0.000,2.5,5.9,1.1,193,30,3.0,7.7,1.3,190,30,2.5,5.9,1.1,193,30,757,29.80,,0,0,0,73.2,72.7,73.0,0.12,0.15,0.05
SCHA,2017-08-21 12:00:00 EDT,42.89697,-73.61405,323,77.7,77.2,77.7,64.4,64.8,0.000,0.000,0.00,0.000,2.7,7.2,1.7,195,28,3.2,9.0,1.9,198,31,2.7,7.2,1.7,195,28,775,29.80,,0,0,0,73.3,72.7,72.9,0.13,0.15,0.05
SCHA,2017-08-21 12:05:00 EDT,42.89697,-73.61405,323,78.7,77.8,78.7,64.6,65.8,0.000,0.000,0.00,0.000,1.9,4.0,1.2,198,28,2.6,5.6,1.2,203,35,1.9,4.0,1.2,198,28,693,29.80,,0,0,0,73.4,72.7,72.9,0.13,0.16,0.05
SCHA,2017-08-21 12:10:00 EDT,42.89697,-73.61405,323,79.1,78.1,79.1,62.4,65.1,0.000,0.000,0.00,0.000,3.1,5.6,1.2,249,22,3.8,6.9,1.4,253,21,3.1,5.6,1.2,249,22,486,29.80,,0,0,0,73.4,72.7,72.9,0.13,0.16,0.05
SCHA,2017-08-21 12:15:00 EDT,42.89697,-73.61405,323,78.6,77.7,78.6,62.2,64.6,0.000,0.000,0.00,0.000,4.0,5.8,0.8,254,22,4.5,6.9,1.2,258,20,4.0,5.8,0.8,254,22,563,29.79,,0,0,0,73.6,72.7,72.9,0.13,0.16,0.05
SCHA,2017-08-21 12:20:00 EDT,42.89697,-73.61405,323,79.2,78.3,79.2,62.1,65.1,0.000,0.000,0.00,0.000,3.9,6.5,1.4,245,22,4.6,7.4,1.6,250,21,3.9,6.5,1.4,245,22,710,29.79,,0,0,0,73.9,72.7,72.9,0.13,0.16,0.05
SCHA,2017-08-21 12:25:00 EDT,42.89697,-73.61405,323,79.2,78.4,79.2,61.4,64.8,0.000,0.000,0.00,0.000,3.4,7.2,1.7,221,35,4.2,8.2,1.8,222,35,3.4,7.2,1.7,221,35,735,29.79,,0,0,0,73.9,72.7,72.9,0.12,0.15,0.05
SCHA,2017-08-21 12:30:00 EDT,42.89697,-73.61405,323,79.1,78.7,79.1,61.5,64.7,0.000,0.000,0.00,0.000,2.3,5.6,1.0,195,32,2.8,6.9,1.2,199,32,2.3,5.6,1.0,195,32,722,29.79,,0,0,0,73.9,72.7,72.8,0.12,0.16,0.04
SCHA,2017-08-21 12:35:00 EDT,42.89697,-73.61405,323,80.1,79.2,82.1,61.7,65.8,0.000,0.000,0.00,0.000,1.8,3.6,0.9,217,47,2.5,4.8,0.9,225,47,1.8,3.6,0.9,217,47,769,29.79,,0,0,0,73.9,72.7,72.8,0.12,0.16,0.05
SCHA,2017-08-21 12:40:00 EDT,42.89697,-73.61405,323,79.7,79.2,79.7,59.6,64.4,0.000,0.000,0.00,0.000,1.0,3.6,0.8,184,49,1.8,5.5,1.2,191,45,1.0,3.6,0.8,184,49,829,29.78,,0,0,0,73.9,72.7,72.8,0.12,0.16,0.05
SCHA,2017-08-21 12:45:00 EDT,42.89697,-73.61405,323,81.2,80.3,83.3,60.1,66.0,0.000,0.000,0.00,0.000,1.8,4.7,1.0,149,51,2.5,5.6,1.0,160,54,1.8,4.7,1.0,149,51,840,29.78,,0,0,0,74.0,72.7,72.8,0.12,0.16,0.05
SCHA,2017-08-21 12:50:00 EDT,42.89697,-73.61405,323,80.8,79.8,82.2,55.6,63.5,0.000,0.000,0.00,0.000,3.6,7.3,1.7,239,32,4.1,8.3,2.0,245,32,3.6,7.3,1.7,239,32,838,29.78,,0,0,0,74.3,72.7,72.8,0.12,0.15,0.05
SCHA,2017-08-21 12:55:00 EDT,42.89697,-73.61405,323,81.3,80.1,82.8,55.4,63.8,0.000,0.000,0.00,0.000,4.4,8.3,1.8,234,32,5.3,9.6,1.9,238,32,4.4,8.3,1.8,234,32,833,29.77,,0,0,0,74.4,72.7,72.8,0.13,0.16,0.05
SCHA,2017-08-21 13:00:00 EDT,42.89697,-73.61405,323,81.0,80.2,82.2,54.3,62.9,0.000,0.000,0.00,0.000,2.2,4.2,1.1,209,37,2.8,4.8,1.1,214,40,2.2,4.2,1.1,209,37,805,29.77,,0,0,0,74.6,72.7,72.8,0.12,0.16,0.05
SCHA,2017-08-21 13:05:00 EDT,42.89697,-73.61405,323,81.8,80.7,83.3,54.8,63.9,0.000,0.000,0.00,0.000,4.3,8.5,1.9,258,19,5.1,10.2,1.9,263,18,4.3,8.5,1.9,258,19,822,29.77,,0,0,0,74.6,72.7,72.7,0.12,0.15,0.05
SCHA,2017-08-21 13:10:00 EDT,42.89697,-73.61405,323,81.3,80.4,82.6,54.3,63.2,0.000,0.000,0.00,0.000,3.2,5.6,1.2,218,39,3.8,6.7,1.4,221,41,3.2,5.6,1.2,218,39,830,29.77,,0,0,0,74.6,72.7,72.8,0.13,0.15,0.05
SCHA,2017-08-21 13:15:00 EDT,42.89697,-73.61405,323,81.7,80.5,83.0,53.7,63.3,0.000,0.000,0.00,0.000,3.5,6.5,1.3,240,27,3.9,7.2,1.4,248,25,3.5,6.5,1.3,240,27,829,29.77,,0,0,0,74.7,72.7,72.7,0.12,0.15,0.05
SCHA,2017-08-21 13:20:00 EDT,42.89697,-73.61405,323,81.6,80.9,82.8,53.5,63.1,0.000,0.000,0.00,0.000,2.1,5.3,1.2,179,50,2.6,5.4,1.3,192,54,2.1,5.3,1.2,179,50,831,29.77,,0,0,0,74.7,72.6,72.8,0.12,0.15,0.05
SCHA,2017-08-21 13:25:00 EDT,42.89697,-73.61405,323,82.0,80.9,83.4,53.8,63.6,0.000,0.000,0.00,0.000,4.2,7.9,1.0,230,41,4.9,10.3,1.5,232,41,4.2,7.9,1.0,230,41,832,29.77,,0,0,0,74.7,72.7,72.8,0.12,0.16,0.05
SCHA,2017-08-21 13:30:00 EDT,42.89697,-73.61405,323,82.5,81.6,84.2,55.1,64.7,0.000,0.000,0.00,0.000,2.4,7.0,1.8,234,32,3.0,9.7,1.9,241,33,2.4,7.0,1.8,234,32,820,29.77,,0,0,0,74.7,72.7,72.7,0.12,0.16,0.05
SCHA,2017-08-21 13:35:00 EDT,42.89697,-73.61405,323,82.1,81.3,83.4,53.1,63.4,0.000,0.000,0.00,0.000,3.3,5.9,1.3,244,22,3.8,7.0,1.4,252,21,3.3,5.9,1.3,244,22,795,29.77,,0,0,0,75.0,72.7,72.7,0.12,0.15,0.05
SCHA,2017-08-21 13:40:00 EDT,42.89697,-73.61405,323,83.1,81.8,84.7,53.1,64.3,0.000,0.000,0.00,0.000,4.1,7.5,1.6,255,28,4.8,8.8,1.6,258,26,4.1,7.5,1.6,255,28,773,29.77,,0,0,0,75.0,72.7,72.7,0.12,0.16,0.05
SCHA,2017-08-21 13:45:00 EDT,42.89697,-73.61405,323,82.4,81.9,83.7,52.5,63.4,0.000,0.000,0.00,0.000,3.4,6.1,1.2,231,37,3.9,7.9,1.4,235,37,3.4,6.1,1.2,231,37,707,29.77,,0,0,0,75.0,72.6,72.7,0.12,0.16,0.05
SCHA,2017-08-21 13:50:00 EDT,42.89697,-73.61405,323,82.6,81.6,84.0,52.9,63.7,0.000,0.000,0.00,0.000,4.7,9.3,1.5,252,17,5.4,10.2,1.6,258,14,4.7,9.3,1.5,252,17,652,29.77,,0,0,0,75.4,72.7,72.7,0.12,0.16,0.05
SCHA,2017-08-21 13:55:00 EDT,42.89697,-73.61405,323,82.4,81.5,83.7,53.0,63.5,0.000,0.000,0.00,0.000,3.7,8.2,1.3,246,18,4.1,9.1,1.4,252,18,3.7,8.2,1.3,246,18,440,29.77,,0,0,0,75.5,72.7,72.7,0.12,0.16,0.05
SCHA,2017-08-21 14:00:00 EDT,42.89697,-73.61405,323,81.8,81.3,83.4,55.2,64.2,0.000,0.000,0.00,0.000,3.6,7.5,1.3,246,22,4.4,8.5,1.4,249,21,3.6,7.5,1.3,246,22,539,29.77,,0,0,0,75.6,72.7,72.7,0.12,0.16,0.05
SCHA,2017-08-21 14:05:00 EDT,42.89697,-73.61405,323,82.2,81.5,83.9,55.5,64.7,0.000,0.000,0.00,0.000,3.7,8.3,1.7,252,20,4.3,10.0,1.9,256,22,3.7,8.3,1.7,252,20,527,29.77,,0,0,0,75.6,72.7,72.7,0.12,0.15,0.05
SCHA,2017-08-21 14:10:00 EDT,42.89697,-73.61405,323,82.1,81.6,83.7,55.0,64.3,0.000,0.000,0.00,0.000,4.1,7.5,1.3,245,22,4.6,8.1,1.3,250,20,4.1,7.5,1.3,245,22,481,29.77,,0,0,0,75.6,72.7,72.7,0.12,0.16,0.05
SCHA,2017-08-21 14:15:00 EDT,42.89697,-73.61405,323,82.3,81.6,84.2,56.4,65.2,0.000,0.000,0.00,0.000,4.5,7.5,1.3,250,19,5.2,9.3,1.6,257,15,4.5,7.5,1.3,250,19,428,29.76,,0,0,0,75.6,72.7,72.7,0.12,0.16,0.05
SCHA,2017-08-21 14:20:00 EDT,42.89697,-73.61405,323,81.8,81.3,83.6,56.8,65.0,0.000,0.000,0.00,0.000,3.1,5.8,1.3,225,31,3.8,7.5,1.5,229,32,3.1,5.8,1.3,225,31,380,29.76,,0,0,0,75.7,72.7,72.7,0.12,0.16,0.05
SCHA,2017-08-21 14:25:00 EDT,42.89697,-73.61405,323,81.1,81.0,82.9,57.4,64.6,0.000,0.000,0.00,0.000,2.4,5.6,1.4,233,28,3.0,6.6,1.4,242,28,2.4,5.6,1.4,233,28,339,29.76,,0,0,0,75.9,72.7,72.7,0.12,0.16,0.05
SCHA,2017-08-21 14:30:00 EDT,42.89697,-73.61405,323,81.1,81.0,83.1,58.8,65.4,0.000,0.000,0.00,0.000,1.6,4.2,0.9,239,28,2.2,4.8,0.9,244,30,1.6,4.2,0.9,239,28,299,29.76,,0,0,0,75.9,72.7,72.7,0.12,0.15,0.05
SCHA,2017-08-21 14:35:00 EDT,42.89697,-73.61405,323,80.8,80.7,82.6,58.2,64.8,0.000,0.000,0.00,0.000,1.8,4.7,1.1,199,43,2.3,6.2,1.2,204,43,1.8,4.7,1.1,199,43,269,29.75,,0,0,0,75.9,72.7,72.7,0.12,0.16,0.05
SCHA,2017-08-21 14:40:00 EDT,42.89697,-73.61405,323,80.6,80.5,82.4,59.3,65.1,0.000,0.000,0.00,0.000,0.8,2.8,0.8,234,22,1.4,3.8,1.0,237,28,0.8,2.8,0.8,234,22,249,29.75,,0,0,0,75.9,72.7,72.7,0.12,0.16,0.05
SCHA,2017-08-21 14:45:00 EDT,42.89697,-73.61405,323,80.6,80.4,82.6,60.5,65.7,0.000,0.000,0.00,0.000,0.5,2.3,0.6,209,33,0.9,3.4,0.8,217,48,0.5,2.3,0.6,209,33,240,29.75,,0,0,0,76.0,72.7,72.7,0.12,0.15,0.05
SCHA,2017-08-21 14:50:00 EDT,42.89697,-73.61405,323,80.7,80.4,82.8,60.9,65.9,0.000,0.000,0.00,0.000,0.2,1.0,0.3,223,23,0.8,2.6,0.6,257,46,0.2,1.0,0.3,223,23,243,29.75,,0,0,0,76.0,72.7,72.7,0.12,0.16,0.05
SCHA,2017-08-21 14:55:00 EDT,42.89697,-73.61405,323,80.6,80.5,82.5,59.9,65.3,0.000,0.000,0.00,0.000,0.2,1.2,0.3,97,46,0.4,2.0,0.6,227,33,0.2,1.2,0.3,97,46,258,29.75,,0,0,0,76.3,72.7,72.7,0.12,0.15,0.05
SCHA,2017-08-21 15:00:00 EDT,42.89697,-73.61405,323,80.4,80.4,82.4,60.9,65.7,0.000,0.000,0.00,0.000,1.2,2.4,0.6,225,31,1.6,3.7,0.7,226,32,1.2,2.4,0.6,225,31,283,29.74,,0,0,0,76.4,72.7,72.7,0.12,0.15,0.05
SCHA,2017-08-21 15:05:00 EDT,42.89697,-73.61405,323,80.4,80.3,82.5,62.1,66.2,0.000,0.000,0.00,0.000,0.3,2.0,0.5,204,18,0.7,2.0,0.6,223,37,0.3,2.0,0.5,204,18,311,29.74,,0,0,0,76.4,72.7,72.7,0.12,0.16,0.05
SCHA,2017-08-21 15:10:00 EDT,42.89697,-73.61405,323,80.8,80.5,83.1,61.8,66.5,0.000,0.000,0.00,0.000,0.7,2.7,0.7,229,29,1.4,3.5,0.8,236,34,0.7,2.7,0.7,229,29,347,29.74,,0,0,0,76.4,72.7,72.7,0.12,0.15,0.05
SCHA,2017-08-21 15:15:00 EDT,42.89697,-73.61405,323,80.8,80.4,83.0,61.2,66.2,0.000,0.000,0.00,0.000,2.1,5.0,1.2,212,26,2.6,5.4,1.2,218,29,2.1,5.0,1.2,212,26,387,29.74,,0,0,0,76.4,72.7,72.7,0.12,0.15,0.05
SCHA,2017-08-21 15:20:00 EDT,42.89697,-73.61405,323,80.9,80.6,82.9,60.4,65.9,0.000,0.000,0.00,0.000,2.3,5.3,1.4,205,31,3.0,7.0,1.5,207,32,2.3,5.3,1.4,205,31,424,29.74,,0,0,0,76.4,72.7,72.7,0.12,0.15,0.05
SCHA,2017-08-21 15:25:00 EDT,42.89697,-73.61405,323,81.2,80.8,83.3,59.8,65.9,0.000,0.000,0.00,0.000,2.4,4.8,1.0,210,37,2.9,6.3,1.2,214,38,2.4,4.8,1.0,210,37,460,29.74,,0,0,0,76.5,72.7,72.7,0.12,0.15,0.05
SCHA,2017-08-21 15:30:00 EDT,42.89697,-73.61405,323,81.5,81.2,83.8,59.9,66.3,0.000,0.000,0.00,0.000,1.8,4.1,1.1,192,42,2.3,4.7,1.2,204,47,1.8,4.1,1.1,192,42,496,29.74,,0,0,0,76.4,72.7,72.7,0.12,0.15,0.05
SCHA,2017-08-21 15:35:00 EDT,42.89697,-73.61405,323,81.7,81.5,83.9,59.4,66.2,0.000,0.000,0.00,0.000,1.7,4.5,1.1,213,36,2.1,5.4,1.3,223,35,1.7,4.5,1.1,213,36,527,29.74,,0,0,0,76.5,72.7,72.7,0.12,0.15,0.05
SCHA,2017-08-21 15:40:00 EDT,42.89697,-73.61405,323,82.2,81.7,84.5,58.6,66.3,0.000,0.000,0.00,0.000,2.6,8.5,2.1,214,24,3.1,9.2,2.3,216,30,2.6,8.5,2.1,214,24,556,29.74,,0,0,0,76.5,72.7,72.7,0.12,0.15,0.04
SCHA,2017-08-21 15:45:00 EDT,42.89697,-73.61405,323,82.1,81.7,84.2,57.8,65.8,0.000,0.000,0.00,0.000,2.2,6.1,1.7,188,31,2.8,6.6,1.6,187,36,2.2,6.1,1.7,188,31,578,29.74,,0,0,0,76.5,72.7,72.7,0.12,0.15,0.05
SCHA,2017-08-21 15:50:00 EDT,42.89697,-73.61405,323,82.2,81.8,84.2,56.8,65.4,0.000,0.000,0.00,0.000,2.9,8.0,1.7,194,41,3.6,9.6,2.0,196,42,2.9,8.0,1.7,194,41,595,29.74,,0,0,0,76.5,72.7,72.7,0.12,0.16,0.05
SCHA,2017-08-21 15:55:00 EDT,42.89697,-73.61405,323,82.6,82.0,84.6,56.3,65.5,0.000,0.000,0.00,0.000,2.6,5.7,1.2,219,40,3.2,5.8,1.4,224,36,2.6,5.7,1.2,219,40,603,29.74,,0,0,0,76.5,72.7,72.7,0.12,0.15,0.05
SCHA,2017-08-21 16:00:00 EDT,42.89697,-73.61405,323,82.8,82.3,84.7,55.2,65.1,0.000,0.000,0.00,0.000,2.6,7.7,1.9,212,38,3.7,10.5,2.2,218,42,2.6,7.7,1.9,212,38,597,29.74,,0,0,0,76.4,72.7,72.7,0.12,0.15,0.05
SCHA,2017-08-21 16:05:00 EDT,42.89697,-73.61405,323,82.5,82.2,84.2,55.5,64.9,0.000,0.000,0.00,0.000,3.4,8.9,1.5,199,38,4.3,10.3,1.7,199,41,3.4,8.9,1.5,199,38,582,29.74,,0,0,0,76.5,72.8,72.7,0.12,0.15,0.05
SCHA,2017-08-21 16:10:00 EDT,42.89697,-73.61405,323,83.7,83.1,86.4,57.8,67.2,0.000,0.000,0.00,0.000,1.4,3.9,1.0,239,51,2.3,6.5,1.3,239,58,1.4,3.9,1.0,239,51,566,29.74,,0,0,0,76.5,72.7,72.7,0.12,0.15,0.05
SCHA,2017-08-21 16:15:00 EDT,42.89697,-73.61405,323,83.2,82.6,85.1,55.0,65.4,0.000,0.000,0.00,0.000,3.0,7.5,1.3,208,37,3.7,8.9,1.8,213,38,3.0,7.5,1.3,208,37,553,29.73,,0,0,0,76.5,72.7,72.7,0.12,0.16,0.05
SCHA,2017-08-21 16:20:00 EDT,42.89697,-73.61405,323,83.2,82.7,85.1,55.2,65.4,0.000,0.000,0.00,0.000,3.6,7.5,1.7,220,32,4.3,9.0,1.9,223,34,3.6,7.5,1.7,220,32,540,29.73,,0,0,0,76.5,72.8,72.7,0.12,0.15,0.05
SCHA,2017-08-21 16:25:00 EDT,42.89697,-73.61405,323,83.0,82.5,84.7,54.4,64.8,0.000,0.000,0.00,0.000,2.9,6.7,1.4,225,37,3.5,7.3,1.6,228,33,2.9,6.7,1.4,225,37,529,29.73,,0,0,0,76.5,72.8,72.7,0.12,0.15,0.05
SCHA,2017-08-21 16:30:00 EDT,42.89697,-73.61405,323,83.0,82.6,84.8,54.6,65.0,0.000,0.000,0.00,0.000,2.9,7.0,1.3,212,37,3.7,9.7,1.6,217,39,2.9,7.0,1.3,212,37,516,29.73,,0,0,0,76.7,72.8,72.7,0.12,0.16,0.05
SCHA,2017-08-21 16:35:00 EDT,42.89697,-73.61405,323,82.9,82.6,84.5,54.0,64.6,0.000,0.000,0.00,0.000,2.6,7.5,1.7,204,38,3.5,11.2,2.1,211,35,2.6,7.5,1.7,204,38,501,29.73,,0,0,0,76.8,72.9,72.7,0.12,0.15,0.05
SCHA,2017-08-21 16:40:00 EDT,42.89697,-73.61405,323,82.9,82.5,84.4,53.6,64.3,0.000,0.000,0.00,0.000,3.0,9.2,2.0,230,37,4.0,12.0,2.2,233,34,3.0,9.2,2.0,230,37,483,29.73,,0,0,0,76.8,72.9,72.7,0.12,0.15,0.05
SCHA,2017-08-21 16:45:00 EDT,42.89697,-73.61405,323,83.0,82.7,84.6,53.4,64.3,0.000,0.000,0.00,0.000,2.8,6.5,1.5,211,45,3.4,7.6,1.5,220,44,2.8,6.5,1.5,211,45,469,29.73,,0,0,0,76.8,73.0,72.7,0.12,0.15,0.05
SCHA,2017-08-21 16:50:00 EDT,42.89697,-73.61405,323,83.0,82.6,84.3,52.1,63.6,0.000,0.000,0.00,0.000,2.9,5.5,1.1,225,35,3.4,7.1,1.4,231,34,2.9,5.5,1.1,225,35,453,29.73,,0,0,0,76.8,73.0,72.7,0.12,0.15,0.05
SCHA,2017-08-21 16:55:00 EDT,42.89697,-73.61405,323,83.0,82.6,84.4,52.5,63.8,0.000,0.000,0.00,0.000,3.0,7.4,1.5,214,37,3.7,8.6,1.6,222,40,3.0,7.4,1.5,214,37,438,29.72,,0,0,0,76.8,73.0,72.7,0.12,0.15,0.05
SCHA,2017-08-21 17:00:00 EDT,42.89697,-73.61405,323,83.2,82.7,84.7,52.9,64.2,0.000,0.000,0.00,0.000,2.1,5.6,1.4,222,36,2.7,6.2,1.6,225,39,2.1,5.6,1.4,222,36,423,29.72,,0,0,0,76.8,73.0,72.7,0.12,0.15,0.05
SCHA,2017-08-21 17:05:00 EDT,42.89697,-73.61405,323,82.8,82.6,84.4,53.7,64.3,0.000,0.000,0.00,0.000,2.0,4.7,0.9,206,34,2.6,5.3,1.1,205,33,2.0,4.7,0.9,206,34,406,29.72,,0,0,0,76.8,73.0,72.7,0.12,0.15,0.05
SCHA,2017-08-21 17:10:00 EDT,42.89697,-73.61405,323,83.0,82.8,84.8,54.3,64.8,0.000,0.000,0.00,0.000,2.0,4.3,1.0,221,37,2.5,5.7,1.2,227,35,2.0,4.3,1.0,221,37,391,29.72,,0,0,0,76.8,73.0,72.7,0.12,0.16,0.05
SCHA,2017-08-21 17:15:00 EDT,42.89697,-73.61405,323,83.0,82.7,84.6,53.7,64.5,0.000,0.000,0.00,0.000,2.8,6.6,1.4,212,30,3.4,6.8,1.5,214,30,2.8,6.6,1.4,212,30,376,29.72,,0,0,0,76.9,73.0,72.7,0.12,0.16,0.05
SCHA,2017-08-21 17:20:00 EDT,42.89697,-73.61405,323,83.0,82.7,84.7,54.1,64.7,0.000,0.000,0.00,0.000,2.4,6.4,1.4,235,33,3.1,7.4,1.6,241,35,2.4,6.4,1.4,235,33,361,29.72,,0,0,0,76.9,73.0,72.7,0.12,0.15,0.05
SCHA,2017-08-21 17:25:00 EDT,42.89697,-73.61405,323,83.0,82.8,84.7,54.1,64.8,0.000,0.000,0.00,0.000,2.4,5.3,1.1,203,26,2.7,7.3,1.3,213,30,2.4,5.3,1.1,203,26,347,29.72,,0,0,0,77.0,73.0,72.7,0.12,0.15,0.05
SCHA,2017-08-21 17:30:00 EDT,42.89697,-73.61405,323,83.0,82.7,84.9,55.1,65.2,0.000,0.000,0.00,0.000,2.0,4.2,0.9,201,26,2.3,4.4,0.9,202,34,2.0,4.2,0.9,201,26,334,29.72,,0,0,0,77.1,73.0,72.7,0.12,0.15,0.04
SCHA,2017-08-21 17:35:00 EDT,42.89697,-73.61405,323,82.7,82.6,84.6,55.9,65.3,0.000,0.000,0.00,0.000,2.3,4.5,1.0,207,33,2.9,6.3,1.2,212,33,2.3,4.5,1.0,207,33,319,29.72,,0,0,0,77.2,73.0,72.7,0.12,0.16,0.05
SCHA,2017-08-21 17:40:00 EDT,42.89697,-73.61405,323,82.8,82.7,84.9,56.7,65.8,0.000,0.000,0.00,0.000,1.7,4.6,1.2,219,21,2.1,5.4,1.2,223,24,1.7,4.6,1.2,219,21,303,29.72,,0,0,0,77.2,73.0,72.7,0.11,0.15,0.04
SCHA,2017-08-21 17:45:00 EDT,42.89697,-73.61405,323,82.6,82.5,84.7,56.4,65.6,0.000,0.000,0.00,0.000,1.7,4.5,0.9,215,30,2.0,5.4,1.0,227,35,1.7,4.5,0.9,215,30,291,29.71,,0,0,0,77.2,73.0,72.7,0.12,0.15,0.05
SCHA,2017-08-21 17:50:00 EDT,42.89697,-73.61405,323,82.6,82.5,84.8,57.3,66.0,0.000,0.000,0.00,0.000,1.7,4.2,1.2,194,35,2.4,5.5,1.4,197,38,1.7,4.2,1.2,194,35,276,29.71,,0,0,0,77.1,73.0,72.7,0.12,0.15,0.05
SCHA,2017-08-21 17:55:00 EDT,42.89697,-73.61405,323,82.6,82.4,85.1,59.5,67.0,0.000,0.000,0.00,0.000,1.9,6.4,1.4,147,40,2.5,9.0,1.7,145,36,1.9,6.4,1.4,147,40,260,29.71,,0,0,0,77.2,73.0,72.7,0.12,0.15,0.05
SCHA,2017-08-21 18:00:00 EDT,42.89697,-73.61405,323,82.4,82.2,84.9,59.5,66.9,0.000,0.000,0.00,0.000,1.0,3.7,1.0,139,35,1.8,5.1,1.1,136,43,1.0,3.7,1.0,139,35,245,29.70,,0,0,0,77.1,73.0,72.7,0.12,0.15,0.05
SCHA,2017-08-21 18:05:00 EDT,42.89697,-73.61405,323,82.4,82.0,85.0,59.7,67.0,0.000,0.000,0.00,0.000,1.4,5.5,1.3,163,52,2.1,6.7,1.3,156,57,1.4,5.5,1.3,163,52,229,29.70,,0,0,0,77.2,73.0,72.7,0.12,0.15,0.05
SCHA,2017-08-21 18:10:00 EDT,42.89697,-73.61405,323,81.9,81.9,84.1,59.2,66.2,0.000,0.000,0.00,0.000,1.9,4.2,0.8,203,35,2.5,4.6,0.9,206,38,1.9,4.2,0.8,203,35,213,29.70,,0,0,0,77.2,73.1,72.7,0.12,0.16,0.04
SCHA,2017-08-21 18:15:00 EDT,42.89697,-73.61405,323,82.0,81.8,84.5,60.2,66.8,0.000,0.000,0.00,0.000,1.3,3.5,1.0,175,35,2.0,6.1,1.3,170,45,1.3,3.5,1.0,175,35,198,29.70,,0,0,0,77.2,73.0,72.7,0.12,0.16,0.05
SCHA,2017-08-21 18:20:00 EDT,42.89697,-73.61405,323,81.4,81.6,83.7,60.2,66.3,0.000,0.000,0.00,0.000,1.8,4.7,1.0,182,36,2.4,6.0,1.1,187,35,1.8,4.7,1.0,182,36,183,29.71,,0,0,0,77.2,73.1,72.7,0.11,0.16,0.05
SCHA,2017-08-21 18:25:00 EDT,42.89697,-73.61405,323,81.1,81.4,83.4,61.2,66.5,0.000,0.000,0.00,0.000,0.5,2.0,0.5,189,52,0.8,3.6,0.8,228,51,0.5,2.0,0.5,189,52,169,29.71,,0,0,0,77.2,73.1,72.7,0.11,0.15,0.05
SCHA,2017-08-21 18:30:00 EDT,42.89697,-73.61405,323,81.3,81.4,83.7,61.8,67.0,0.000,0.000,0.00,0.000,1.0,4.2,0.9,219,43,1.7,6.2,1.2,213,44,1.0,4.2,0.9,219,43,156,29.71,,0,0,0,77.2,73.1,72.7,0.11,0.16,0.05
SCHA,2017-08-21 18:35:00 EDT,42.89697,-73.61405,323,81.0,81.2,83.3,61.3,66.4,0.000,0.000,0.00,0.000,1.7,5.2,1.1,169,34,2.5,6.7,1.6,169,32,1.7,5.2,1.1,169,34,142,29.71,,0,0,0,77.1,73.1,72.7,0.11,0.15,0.04
SCHA,2017-08-21 18:40:00 EDT,42.89697,-73.61405,323,80.8,80.9,83.2,62.7,66.9,0.000,0.000,0.00,0.000,1.0,3.9,1.0,149,39,1.8,5.7,1.2,152,38,1.0,3.9,1.0,149,39,126,29.70,,0,0,0,77.1,73.1,72.7,0.11,0.15,0.05
SCHA,2017-08-21 18:45:00 EDT,42.89697,-73.61405,323,80.5,80.6,82.9,63.8,67.1,0.000,0.000,0.00,0.000,0.9,3.6,0.7,133,39,1.3,3.7,0.9,140,48,0.9,3.6,0.7,133,39,111,29.70,,0,0,0,77.1,73.2,72.7,0.11,0.16,0.05
SCHA,2017-08-21 18:50:00 EDT,42.89697,-73.61405,323,80.3,80.5,82.6,63.9,66.9,0.000,0.000,0.00,0.000,0.8,4.8,0.9,135,42,1.4,6.0,1.0,135,46,0.8,4.8,0.9,135,42,100,29.70,,0,0,0,77.1,73.1,72.7,0.11,0.15,0.05
SCHA,2017-08-21 18:55:00 EDT,42.89697,-73.61405,323,80.2,80.3,82.7,64.7,67.3,0.000,0.000,0.00,0.000,0.4,2.5,0.6,99,30,1.0,3.2,0.7,117,41,0.4,2.5,0.6,99,30,89,29.70,,0,0,0,77.1,73.1,72.7,0.11,0.15,0.05
SCHA,2017-08-21 19:00:00 EDT,42.89697,-73.61405,323,79.8,80.0,79.8,65.5,67.2,0.000,0.000,0.00,0.000,0.7,2.0,0.6,126,37,1.0,2.5,0.7,126,39,0.7,2.0,0.6,126,37,78,29.70,,0,0,0,76.9,73.1,72.7,0.12,0.15,0.05
SCHA,2017-08-21 19:05:00 EDT,42.89697,-73.61405,323,79.7,79.8,79.7,65.8,67.2,0.000,0.000,0.00,0.000,0.6,3.0,0.6,117,26,1.1,4.4,0.8,121,31,0.6,3.0,0.6,117,26,65,29.70,,0,0,0,76.8,73.2,72.7,0.12,0.16,0.06
SCHA,2017-08-21 19:10:00 EDT,42.89697,-73.61405,323,79.5,79.5,79.5,66.4,67.3,0.000,0.000,0.00,0.000,0.7,2.0,0.4,93,33,1.3,3.0,0.7,98,35,0.7,2.0,0.4,93,33,51,29.70,,0,0,0,76.8,73.2,72.7,0.11,0.15,0.05
SCHA,2017-08-21 19:15:00 EDT,42.89697,-73.61405,323,78.9,79.2,78.9,67.9,67.4,0.000,0.000,0.00,0.000,0.4,2.0,0.5,109,22,0.8,1.9,0.6,112,25,0.4,2.0,0.5,109,22,25,29.70,,0,0,0,76.8,73.2,72.7,0.11,0.16,0.05
SCHA,2017-08-21 19:20:00 EDT,42.89697,-73.61405,323,78.4,78.8,78.4,68.6,67.3,0.000,0.000,0.00,0.000,0.1,1.2,0.3,86,8,0.2,2.4,0.5,82,16,0.1,1.2,0.3,86,8,15,29.70,,0,0,0,76.8,73.2,72.7,0.11,0.15,0.05
SCHA,2017-08-21 19:25:00 EDT,42.89697,-73.61405,323,77.9,78.5,77.9,69.4,67.1,0.000,0.000,0.00,0.000,0.0,0.0,0.0,0,0,0.2,1.0,0.3,96,4,0.0,0.0,0.0,0,0,11,29.70,,0,0,0,76.8,73.2,72.7,0.12,0.15,0.05
SCHA,2017-08-21 19:30:00 EDT,42.89697,-73.61405,323,77.1,78.1,77.1,70.9,67.0,0.000,0.000,0.00,0.000,0.0,0.0,0.0,0,0,0.3,0.9,0.4,90,7,0.0,0.0,0.0,0,0,9,29.70,,0,0,0,76.8,73.2,72.7,0.12,0.15,0.05
SCHA,2017-08-21 19:35:00 EDT,42.89697,-73.61405,323,76.4,77.8,76.4,72.8,67.0,0.000,0.000,0.00,0.000,0.0,0.0,0.0,0,0,0.0,0.8,0.2,92,2,0.0,0.0,0.0,0,0,6,29.70,,0,0,0,76.8,73.3,72.7,0.12,0.16,0.05
SCHA,2017-08-21 19:40:00 EDT,42.89697,-73.61405,323,76.1,77.6,76.1,74.7,67.5,0.000,0.000,0.00,0.000,0.0,0.3,0.1,72,0,0.2,1.0,0.3,75,5,0.0,0.3,0.1,72,0,4,29.70,,0,0,0,76.8,73.2,72.7,0.12,0.15,0.05
SCHA,2017-08-21 19:45:00 EDT,42.89697,-73.61405,323,75.4,77.0,75.4,77.9,68.0,0.000,0.000,0.00,0.000,0.0,0.0,0.0,0,0,0.0,0.7,0.1,99,3,0.0,0.0,0.0,0,0,3,29.70,,0,0,0,76.8,73.3,72.7,0.12,0.16,0.05
SCHA,2017-08-21 19:50:00 EDT,42.89697,-73.61405,323,74.9,76.6,74.9,79.5,68.1,0.000,0.000,0.00,0.000,0.0,0.0,0.0,0,0,0.1,0.9,0.2,97,3,0.0,0.0,0.0,0,0,2,29.70,,0,0,0,76.6,73.3,72.7,0.12,0.15,0.05
SCHA,2017-08-21 19:55:00 EDT,42.89697,-73.61405,323,74.5,76.1,74.5,80.9,68.3,0.000,0.000,0.00,0.000,0.0,0.0,0.0,0,0,0.0,0.7,0.1,124,0,0.0,0.0,0.0,0,0,1,29.70,,0,0,0,76.5,73.3,72.7,0.11,0.15,0.05
SCHA,2017-08-21 20:00:00 EDT,42.89697,-73.61405,323,74.3,75.9,74.3,81.2,68.2,0.000,0.000,0.00,0.000,0.0,0.0,0.0,0,0,0.2,0.9,0.3,119,11,0.0,0.0,0.0,0,0,1,29.71,,0,0,0,76.5,73.3,72.7,0.12,0.16,0.05
SCHA,2017-08-21 20:05:00 EDT,42.89697,-73.61405,323,74.0,75.4,74.0,82.1,68.2,0.000,0.000,0.00,0.000,0.0,0.0,0.0,0,0,0.0,0.8,0.1,81,0,0.0,0.0,0.0,0,0,0,29.71,,0,0,0,76.5,73.3,72.7,0.11,0.16,0.05
SCHA,2017-08-21 20:10:00 EDT,42.89697,-73.61405,323,73.9,75.2,73.9,82.6,68.3,0.000,0.000,0.00,0.000,0.1,0.8,0.2,73,81,0.2,1.3,0.4,70,8,0.1,0.8,0.2,73,81,0,29.71,,0,0,0,76.4,73.3,72.7,0.11,0.16,0.05
SCHA,2017-08-21 20:15:00 EDT,42.89697,-73.61405,323,73.6,75.0,73.6,83.6,68.3,0.000,0.000,0.00,0.000,0.3,0.9,0.3,68,6,0.7,1.4,0.5,76,19,0.3,0.9,0.3,68,6,0,29.71,,0,0,0,76.5,73.3,72.7,0.11,0.16,0.05
SCHA,2017-08-21 20:20:00 EDT,42.89697,-73.61405,323,73.2,75.0,73.2,84.5,68.2,0.000,0.000,0.00,0.000,0.5,1.4,0.4,77,12,0.9,1.9,0.5,80,16,0.5,1.4,0.4,77,12,0,29.71,,0,0,0,76.4,73.3,72.7,0.11,0.16,0.05
SCHA,2017-08-21 20:25:00 EDT,42.89697,-73.61405,323,73.1,75.0,73.1,85.3,68.4,0.000,0.000,0.00,0.000,0.3,0.9,0.3,73,15,0.7,1.6,0.5,84,18,0.3,0.9,0.3,73,15,0,29.71,,0,0,0,76.5,73.4,72.7,0.11,0.15,0.05
SCHA,2017-08-21 20:30:00 EDT,42.89697,-73.61405,323,73.1,74.9,73.1,85.3,68.4,0.000,0.000,0.00,0.000,0.5,1.1,0.4,72,12,0.8,1.7,0.5,72,17,0.5,1.1,0.4,72,12,0,29.71,,0,0,0,76.4,73.3,72.7,0.11,0.15,0.05
SCHA,2017-08-21 20:35:00 EDT,42.89697,-73.61405,323,73.1,74.9,73.1,85.4,68.5,0.000,0.000,0.00,0.000,0.2,0.8,0.3,87,5,0.4,1.3,0.5,86,8,0.2,0.8,0.3,87,5,0,29.71,,0,0,0,76.4,73.4,72.7,0.11,0.16,0.05
SCHA,2017-08-21 20:40:00 EDT,42.89697,-73.61405,323,72.9,74.7,72.9,85.9,68.4,0.000,0.000,0.00,0.000,0.3,0.9,0.3,83,14,0.6,1.2,0.4,81,15,0.3,0.9,0.3,83,14,0,29.71,,0,0,0,76.4,73.4,72.7,0.12,0.16,0.05
SCHA,2017-08-21 20:45:00 EDT,42.89697,-73.61405,323,72.6,74.3,72.6,86.3,68.3,0.000,0.000,0.00,0.000,0.5,1.2,0.4,71,5,0.9,1.6,0.5,74,10,0.5,1.2,0.4,71,5,0,29.71,,0,0,0,76.1,73.4,72.7,0.11,0.15,0.05
SCHA,2017-08-21 20:50:00 EDT,42.89697,-73.61405,323,72.5,74.1,72.5,86.6,68.3,0.000,0.000,0.00,0.000,0.4,1.2,0.3,86,16,0.8,1.5,0.4,91,19,0.4,1.2,0.3,86,16,0,29.71,,0,0,0,75.9,73.4,72.7,0.12,0.16,0.05
SCHA,2017-08-21 20:55:00 EDT,42.89697,-73.61405,323,72.4,74.1,72.4,86.8,68.3,0.000,0.000,0.00,0.000,0.3,1.2,0.4,60,12,0.7,2.0,0.6,60,16,0.3,1.2,0.4,60,12,0,29.71,,0,0,0,75.9,73.4,72.7,0.11,0.15,0.05
SCHA,2017-08-21 21:00:00 EDT,42.89697,-73.61405,323,72.7,74.7,72.7,86.8,68.5,0.000,0.000,0.00,0.000,0.8,2.0,0.6,69,28,1.4,3.2,0.7,70,39,0.8,2.0,0.6,69,28,0,29.71,,0,0,0,75.9,73.4,72.7,0.11,0.16,0.05
SCHA,2017-08-21 21:05:00 EDT,42.89697,-73.61405,323,73.2,75.3,73.2,84.6,68.3,0.000,0.000,0.00,0.000,0.9,2.0,0.5,87,52,1.5,3.5,0.8,79,51,0.9,2.0,0.5,87,52,0,29.71,,0,0,0,75.9,73.4,72.7,0.11,0.15,0.05
SCHA,2017-08-21 21:10:00 EDT,42.89697,-73.61405,323,74.2,75.9,74.2,81.7,68.2,0.000,0.000,0.00,0.000,0.7,2.8,0.8,120,27,1.0,3.8,1.0,116,32,0.7,2.8,0.8,120,27,0,29.70,,0,0,0,75.9,73.4,72.7,0.11,0.16,0.05
SCHA,2017-08-21 21:15:00 EDT,42.89697,-73.61405,323,74.6,76.2,74.6,79.5,67.8,0.000,0.000,0.00,0.000,1.3,4.4,0.9,136,48,1.9,5.3,1.0,137,51,1.3,4.4,0.9,136,48,0,29.70,,0,0,0,75.8,73.4,72.7,0.11,0.15,0.05
SCHA,2017-08-21 21:20:00 EDT,42.89697,-73.61405,323,74.3,76.0,74.3,79.4,67.5,0.000,0.000,0.00,0.000,0.7,2.8,0.6,93,41,1.3,3.7,0.9,100,46,0.7,2.8,0.6,93,41,0,29.70,,0,0,0,75.6,73.5,72.8,0.11,0.16,0.05
SCHA,2017-08-21 21:25:00 EDT,42.89697,-73.61405,323,73.3,75.5,73.3,82.6,67.7,0.000,0.000,0.00,0.000,0.6,2.3,0.5,71,41,1.2,2.9,0.7,67,47,0.6,2.3,0.5,71,41,0,29.70,,0,0,0,75.6,73.4,72.7,0.11,0.15,0.05
SCHA,2017-08-21 21:30:00 EDT,42.89697,-73.61405,323,73.9,75.7,73.9,82.2,68.1,0.000,0.000,0.00,0.000,0.9,2.2,0.7,65,26,1.4,3.4,0.8,73,36,0.9,2.2,0.7,65,26,0,29.70,,0,0,0,75.6,73.4,72.7,0.11,0.15,0.05
SCHA,2017-08-21 21:35:00 EDT,42.89697,-73.61405,323,73.1,75.4,73.1,83.2,67.7,0.000,0.000,0.00,0.000,0.6,2.8,0.6,87,40,1.3,3.9,0.8,86,55,0.6,2.8,0.6,87,40,0,29.70,,0,0,0,75.6,73.5,72.8,0.11,0.16,0.05
SCHA,2017-08-21 21:40:00 EDT,42.89697,-73.61405,323,73.4,75.6,73.4,83.0,68.0,0.000,0.000,0.00,0.000,0.5,2.6,0.5,89,45,1.1,3.9,0.9,97,53,0.5,2.6,0.5,89,45,0,29.70,,0,0,0,75.6,73.5,72.7,0.11,0.16,0.05
SCHA,2017-08-21 21:45:00 EDT,42.89697,-73.61405,323,73.6,75.5,73.6,82.6,68.0,0.000,0.000,0.00,0.000,0.5,3.7,0.7,123,44,1.3,4.8,1.0,112,58,0.5,3.7,0.7,123,44,0,29.70,,0,0,0,75.6,73.4,72.8,0.11,0.16,0.05
SCHA,2017-08-21 21:50:00 EDT,42.89697,-73.61405,323,74.2,75.7,74.2,81.7,68.2,0.000,0.000,0.00,0.000,0.5,5.5,1.0,107,32,1.1,5.9,1.1,94,49,0.5,5.5,1.0,107,32,0,29.70,,0,0,0,75.6,73.4,72.8,0.11,0.15,0.05
SCHA,2017-08-21 21:55:00 EDT,42.89697,-73.61405,323,74.0,75.7,74.0,80.9,67.7,0.000,0.000,0.00,0.000,0.5,1.6,0.5,88,58,1.2,3.8,0.8,71,66,0.5,1.6,0.5,88,58,0,29.70,,0,0,0,75.6,73.5,72.7,0.11,0.16,0.05
SCHA,2017-08-21 22:00:00 EDT,42.89697,-73.61405,323,74.5,75.9,74.5,80.1,68.0,0.000,0.000,0.00,0.000,0.8,3.1,0.8,137,66,1.5,4.9,1.0,94,69,0.8,3.1,0.8,137,66,0,29.70,,0,0,0,75.6,73.6,72.7,0.11,0.16,0.05
SCHA,2017-08-21 22:05:00 EDT,42.89697,-73.61405,323,75.0,76.1,75.0,79.1,68.0,0.000,0.000,0.00,0.000,0.8,5.0,0.9,143,43,1.6,6.4,1.2,151,46,0.8,5.0,0.9,143,43,0,29.70,,0,0,0,75.6,73.5,72.8,0.11,0.16,0.04
SCHA,2017-08-21 22:10:00 EDT,42.89697,-73.61405,323,75.2,76.2,75.2,78.4,68.0,0.000,0.000,0.00,0.000,1.1,3.7,0.9,161,49,1.6,5.5,1.3,182,47,1.1,3.7,0.9,161,49,0,29.70,,0,0,0,75.6,73.5,72.8,0.11,0.15,0.05
SCHA,2017-08-21 22:15:00 EDT,42.89697,-73.61405,323,75.4,76.1,75.4,78.3,68.1,0.000,0.000,0.00,0.000,1.2,3.4,0.9,187,60,2.0,5.8,1.2,185,63,1.2,3.4,0.9,187,60,0,29.70,,0,0,0,75.6,73.5,72.8,0.11,0.16,0.04
SCHA,2017-08-21 22:20:00 EDT,42.89697,-73.61405,323,75.8,76.3,75.8,77.4,68.3,0.000,0.000,0.00,0.000,1.3,3.3,0.9,160,61,1.9,5.9,1.4,168,46,1.3,3.3,0.9,160,61,0,29.70,,0,0,0,75.5,73.6,72.8,0.11,0.15,0.04
SCHA,2017-08-21 22:25:00 EDT,42.89697,-73.61405,323,75.8,76.2,75.8,77.1,68.1,0.000,0.000,0.00,0.000,1.2,6.5,1.2,182,42,2.0,7.8,1.4,183,52,1.2,6.5,1.2,182,42,0,29.70,,0,0,0,75.4,73.6,72.9,0.11,0.15,0.05
SCHA,2017-08-21 22:30:00 EDT,42.89697,-73.61405,323,75.9,76.3,75.9,77.2,68.3,0.000,0.000,0.00,0.000,1.8,6.7,1.4,189,62,2.6,7.4,1.6,183,50,1.8,6.7,1.4,189,62,0,29.70,,0,0,0,75.2,73.6,72.8,0.11,0.16,0.05
SCHA,2017-08-21 22:35:00 EDT,42.89697,-73.61405,323,75.8,76.4,75.8,77.1,68.1,0.000,0.000,0.00,0.000,2.0,5.6,1.2,192,42,2.8,7.2,1.5,183,40,2.0,5.6,1.2,192,42,0,29.70,,0,0,0,75.2,73.7,72.9,0.11,0.15,0.05
SCHA,2017-08-21 22:40:00 EDT,42.89697,-73.61405,323,75.8,76.4,75.8,77.3,68.2,0.000,0.000,0.00,0.000,1.2,5.8,1.3,199,58,2.1,8.5,1.6,210,56,1.2,5.8,1.3,199,58,0,29.70,,0,0,0,75.1,73.6,72.9,0.11,0.15,0.05
SCHA,2017-08-21 22:45:00 EDT,42.89697,-73.61405,323,75.7,76.1,75.7,77.7,68.3,0.000,0.000,0.00,0.000,1.7,7.5,1.9,182,38,2.7,9.1,1.9,183,46,1.7,7.5,1.9,182,38,0,29.70,,0,0,0,75.0,73.7,72.9,0.11,0.15,0.05
SCHA,2017-08-21 22:50:00 EDT,42.89697,-73.61405,323,75.6,76.0,75.6,78.0,68.3,0.000,0.000,0.00,0.000,1.2,3.9,1.0,203,47,1.9,5.6,1.2,216,55,1.2,3.9,1.0,203,47,0,29.70,,0,0,0,75.0,73.7,72.9,0.11,0.16,0.05
SCHA,2017-08-21 22:55:00 EDT,42.89697,-73.61405,323,75.6,76.0,75.6,78.2,68.4,0.000,0.000,0.00,0.000,0.7,2.1,0.5,238,66,1.6,4.4,0.9,225,65,0.7,2.1,0.5,238,66,0,29.70,,0,0,0,75.0,73.6,72.9,0.11,0.15,0.05
SCHA,2017-08-21 23:00:00 EDT,42.89697,-73.61405,323,75.3,75.9,75.3,78.8,68.3,0.000,0.000,0.00,0.000,1.9,5.8,1.4,185,44,2.7,7.8,1.8,187,44,1.9,5.8,1.4,185,44,0,29.69,,0,0,0,75.0,73.7,72.9,0.11,0.15,0.05
SCHA,2017-08-21 23:05:00 EDT,42.89697,-73.61405,323,75.3,75.7,75.3,79.4,68.4,0.000,0.000,0.00,0.000,1.0,5.2,1.0,150,43,1.7,7.6,1.3,155,47,1.0,5.2,1.0,150,43,0,29.69,,0,0,0,75.0,73.7,72.9,0.11,0.15,0.05
SCHA,2017-08-21 23:10:00 EDT,42.89697,-73.61405,323,75.2,75.7,75.2,79.6,68.4,0.000,0.000,0.00,0.000,1.6,3.9,1.0,223,40,2.2,5.5,1.3,223,44,1.6,3.9,1.0,223,40,0,29.69,,0,0,0,75.0,73.7,73.0,0.11,0.15,0.05
SCHA,2017-08-21 23:15:00 EDT,42.89697,-73.61405,323,75.4,75.8,75.4,79.7,68.6,0.000,0.000,0.00,0.000,2.2,6.8,1.9,204,38,2.9,8.5,2.1,212,43,2.2,6.8,1.9,204,38,0,29.69,,0,0,0,75.0,73.7,73.0,0.11,0.16,0.05
SCHA,2017-08-21 23:20:00 EDT,42.89697,-73.61405,323,75.4,75.8,75.4,79.6,68.7,0.000,0.000,0.00,0.000,1.7,5.3,1.3,187,52,2.4,7.1,1.5,198,55,1.7,5.3,1.3,187,52,0,29.69,,0,0,0,75.0,73.7,73.0,0.11,0.15,0.05
SCHA,2017-08-21 23:25:00 EDT,42.89697,-73.61405,323,75.3,75.6,75.3,79.9,68.7,0.000,0.000,0.00,0.000,2.4,7.7,1.7,209,40,3.3,10.4,1.9,216,44,2.4,7.7,1.7,209,40,0,29.69,,0,0,0,75.0,73.7,73.0,0.11,0.15,0.04
SCHA,2017-08-21 23:30:00 EDT,42.89697,-73.61405,323,75.2,75.5,75.2,80.3,68.7,0.000,0.000,0.00,0.000,1.1,4.5,0.9,190,47,1.9,6.9,1.2,203,52,1.1,4.5,0.9,190,47,0,29.69,,0,0,0,75.0,73.7,73.0,0.11,0.15,0.05
SCHA,2017-08-21 23:35:00 EDT,42.89697,-73.61405,323,75.0,75.3,75.0,80.9,68.7,0.000,0.000,0.00,0.000,1.4,3.9,1.0,182,46,2.3,5.2,1.4,182,46,1.4,3.9,1.0,182,46,0,29.69,,0,0,0,75.0,73.7,73.0,0.11,0.15,0.05
SCHA,2017-08-21 23:40:00 EDT,42.89697,-73.61405,323,74.9,75.3,74.9,81.4,68.8,0.000,0.000,0.00,0.000,2.2,7.0,1.4,222,56,2.7,8.8,1.7,223,54,2.2,7.0,1.4,222,56,0,29.69,,0,0,0,74.9,73.8,73.0,0.11,0.16,0.05
SCHA,2017-08-21 23:45:00 EDT,42.89697,-73.61405,323,74.8,75.3,74.8,81.7,68.8,0.000,0.000,0.00,0.000,2.3,5.3,1.4,211,43,3.2,7.1,1.6,216,45,2.3,5.3,1.4,211,43,0,29.70,,0,0,0,74.8,73.7,73.0,0.11,0.16,0.05
SCHA,2017-08-21 23:50:00 EDT,42.89697,-73.61405,323,74.8,75.3,74.8,81.9,68.9,0.000,0.000,0.00,0.000,2.3,5.8,1.2,196,47,2.9,6.7,1.5,196,48,2.3,5.8,1.2,196,47,0,29.69,,0,0,0,74.7,73.7,73.0,0.11,0.15,0.05
SCHA,2017-08-21 23:55:00 EDT,42.89697,-73.61405,323,74.5,75.0,74.5,82.5,68.8,0.000,0.000,0.00,0.000,1.8,7.2,1.6,181,40,2.7,9.3,1.9,187,47,1.8,7.2,1.6,181,40,0,29.70,,0,0,0,74.7,73.7,73.0,0.12,0.16,0.04
SCHO,2017-08-21 00:00:00 EDT,42.50631,-73.68584,344,64.9,65.5,64.9,84.9,60.3,0.000,0.006,0.00,0.000,3.6,4.6,0.4,107,12,4.0,5.4,0.7,112,11,3.6,4.6,0.4,107,12,0,29.77,,0,0,0,75.0,74.7,72.0,0.23,0.22,0.12
SCHO,2017-08-21 00:05:00 EDT,42.50631,-73.68584,344,65.0,65.5,65.0,84.6,60.3,0.000,0.000,0.00,0.000,3.0,4.5,0.7,110,16,3.1,5.0,0.8,115,14,3.0,4.5,0.7,110,16,0,29.77,,0,0,0,75.0,74.7,71.8,0.23,0.22,0.12
SCHO,2017-08-21 00:10:00 EDT,42.50631,-73.68584,344,65.0,65.5,65.0,84.2,60.2,0.000,0.000,0.00,0.000,3.3,4.7,0.7,107,15,3.6,5.6,0.8,112,15,3.3,4.7,0.7,107,15,0,29.78,,0,0,0,75.0,74.7,72.0,0.23,0.22,0.12
SCHO,2017-08-21 00:15:00 EDT,42.50631,-73.68584,344,65.1,65.6,65.1,83.9,60.2,0.000,0.000,0.00,0.000,3.6,6.6,0.9,108,18,3.9,7.4,1.1,113,18,3.6,6.6,0.9,108,18,0,29.78,,0,0,0,74.8,74.7,72.0,0.23,0.22,0.12
SCHO,2017-08-21 00:20:00 EDT,42.50631,-73.68584,344,65.4,65.8,65.4,83.0,60.1,0.000,0.000,0.00,0.000,3.3,6.4,0.9,108,15,3.6,6.8,1.0,113,15,3.3,6.4,0.9,108,15,0,29.78,,0,0,0,74.7,74.7,72.0,0.23,0.22,0.12
SCHO,2017-08-21 00:25:00 EDT,42.50631,-73.68584,344,65.3,65.6,65.3,82.6,59.9,0.000,0.000,0.00,0.000,2.6,3.6,0.5,105,15,2.8,4.1,0.6,109,14,2.6,3.6,0.5,105,15,0,29.78,,0,0,0,74.7,74.7,71.9,0.23,0.22,0.12
SCHO,2017-08-21 00:30:00 EDT,42.50631,-73.68584,344,65.2,65.9,65.2,82.9,59.8,0.000,0.000,0.00,0.000,2.5,4.3,0.7,115,15,2.7,4.9,0.8,119,15,2.5,4.3,0.7,115,15,0,29.78,,0,0,0,74.7,74.7,72.0,0.23,0.22,0.12
SCHO,2017-08-21 00:35:00 EDT,42.50631,-73.68584,344,65.6,66.1,65.6,82.1,60.0,0.000,0.000,0.00,0.000,2.5,4.2,0.8,119,17,2.7,4.7,0.8,123,17,2.5,4.2,0.8,119,17,0,29.78,,0,0,0,74.7,74.7,71.9,0.23,0.22,0.12
SCHO,2017-08-21 00:40:00 EDT,42.50631,-73.68584,344,65.4,66.0,65.4,81.8,59.7,0.000,0.000,0.00,0.000,3.1,4.5,0.6,111,15,3.3,5.1,0.7,116,15,3.1,4.5,0.6,111,15,0,29.78,,0,0,0,74.7,74.7,72.1,0.23,0.22,0.12
SCHO,2017-08-21 00:45:00 EDT,42.50631,-73.68584,344,65.3,65.5,65.3,82.0,59.7,0.000,0.000,0.00,0.000,3.7,5.3,0.7,109,14,4.0,6.4,0.9,114,13,3.7,5.3,0.7,109,14,0,29.78,,0,0,0,74.7,74.7,72.1,0.23,0.22,0.12
SCHO,2017-08-21 00:50:00 EDT,42.50631,-73.68584,344,64.8,64.9,64.8,82.8,59.5,0.000,0.000,0.00,0.000,3.9,5.6,0.6,102,15,4.4,6.3,0.7,108,14,3.9,5.6,0.6,102,15,0,29.78,,0,0,0,74.7,74.7,72.1,0.23,0.22,0.12
SCHO,2017-08-21 00:55:00 EDT,42.50631,-73.68584,344,64.5,64.4,64.5,84.2,59.6,0.000,0.000,0.00,0.000,4.0,5.7,0.7,92,18,4.6,7.4,1.0,97,16,4.0,5.7,0.7,92,18,0,29.78,,0,0,0,74.7,74.7,72.2,0.23,0.22,0.12
SCHO,2017-08-21 01:00:00 EDT,42.50631,-73.68584,344,64.2,64.2,64.2,84.9,59.5,0.000,0.000,0.00,0.000,4.0,6.3,1.2,96,15,4.5,8.0,1.5,101,14,4.0,6.3,1.2,96,15,0,29.78,,0,0,0,74.7,74.7,72.2,0.23,0.22,0.12
SCHO,2017-08-21 01:05:00 EDT,42.50631,-73.68584,344,64.0,64.1,64.0,85.7,59.6,0.000,0.000,0.00,0.000,4.0,6.2,0.9,94,17,4.5,8.0,1.2,100,16,4.0,6.2,0.9,94,17,0,29.78,,0,0,0,74.7,74.7,72.1,0.23,0.22,0.12
SCHO,2017-08-21 01:10:00 EDT,42.50631,-73.68584,344,64.0,64.0,64.0,85.8,59.6,0.000,0.000,0.00,0.000,4.0,6.4,0.9,98,16,4.6,8.4,1.1,104,14,4.0,6.4,0.9,98,16,0,29.78,,0,0,0,74.6,74.7,72.2,0.23,0.22,0.12
SCHO,2017-08-21 01:15:00 EDT,42.50631,-73.68584,344,64.0,64.0,64.0,85.3,59.5,0.000,0.000,0.00,0.000,4.7,6.3,0.9,93,15,5.3,7.4,1.1,98,13,4.7,6.3,0.9,93,15,0,29.78,,0,0,0,74.5,74.7,72.3,0.23,0.22,0.12
SCHO,2017-08-21 01:20:00 EDT,42.50631,-73.68584,344,64.0,64.1,64.0,85.4,59.5,0.000,0.000,0.00,0.000,4.9,6.7,0.8,93,11,5.4,7.9,1.1,99,10,4.9,6.7,0.8,93,11,0,29.78,,0,0,0,74.3,74.7,72.3,0.23,0.22,0.12
SCHO,2017-08-21 01:25:00 EDT,42.50631,-73.68584,344,64.0,64.1,64.0,85.1,59.4,0.000,0.000,0.00,0.000,4.3,7.1,1.0,92,15,4.9,8.1,1.2,98,14,4.3,7.1,1.0,92,15,0,29.78,,0,0,0,74.3,74.7,72.3,0.23,0.22,0.12
SCHO,2017-08-21 01:30:00 EDT,42.50631,-73.68584,344,63.8,64.0,63.8,85.2,59.3,0.000,0.000,0.00,0.000,3.7,5.7,0.8,101,21,4.2,7.3,1.2,105,19,3.7,5.7,0.8,101,21,0,29.78,,0,0,0,74.3,74.7,72.3,0.23,0.22,0.12
SCHO,2017-08-21 01:35:00 EDT,42.50631,-73.68584,344,63.7,64.0,63.7,86.0,59.4,0.000,0.000,0.00,0.000,3.4,5.5,1.0,126,19,3.7,6.1,1.0,130,18,3.4,5.5,1.0,126,19,0,29.78,,0,0,0,74.3,74.7,72.3,0.23,0.22,0.12
SCHO,2017-08-21 01:40:00 EDT,42.50631,-73.68584,344,64.3,64.5,64.3,84.3,59.4,0.000,0.000,0.00,0.000,3.3,6.1,1.1,130,16,3.5,7.0,1.2,134,15,3.3,6.1,1.1,130,16,0,29.78,,0,0,0,74.3,74.7,72.3,0.23,0.22,0.12
SCHO,2017-08-21 01:45:00 EDT,42.50631,-73.68584,344,64.7,64.9,64.7,83.4,59.5,0.000,0.000,0.00,0.000,3.4,6.5,1.1,129,20,3.7,7.2,1.3,136,18,3.4,6.5,1.1,129,20,0,29.78,,0,0,0,74.3,74.7,72.3,0.23,0.22,0.12
SCHO,2017-08-21 01:50:00 EDT,42.50631,-73.68584,344,65.0,65.2,65.0,82.4,59.5,0.000,0.000,0.00,0.000,4.4,8.0,1.4,122,17,4.6,8.1,1.4,126,16,4.4,8.0,1.4,122,17,0,29.78,,0,0,0,74.3,74.7,72.3,0.23,0.22,0.12
SCHO,2017-08-21 01:55:00 EDT,42.50631,-73.68584,344,64.8,65.2,64.8,81.9,59.1,0.000,0.000,0.00,0.000,4.1,6.4,0.9,127,13,4.3,6.9,1.1,132,13,4.1,6.4,0.9,127,13,0,29.78,,0,0,0,74.3,74.7,72.3,0.23,0.22,0.12
SCHO,2017-08-21 02:00:00 EDT,42.50631,-73.68584,344,64.8,65.1,64.8,82.1,59.2,0.000,0.000,0.00,0.000,3.2,5.5,0.8,126,20,3.4,6.2,0.9,132,19,3.2,5.5,0.8,126,20,0,29.78,,0,0,0,74.3,74.7,72.3,0.23,0.22,0.12
SCHO,2017-08-21 02:05:00 EDT,42.50631,-73.68584,344,64.8,65.1,64.8,82.5,59.3,0.000,0.000,0.00,0.000,3.3,6.4,1.0,132,18,3.6,7.0,1.2,137,18,3.3,6.4,1.0,132,18,0,29.78,,0,0,0,74.2,74.6,72.3,0.23,0.22,0.12
SCHO,2017-08-21 02:10:00 EDT,42.50631,-73.68584,344,64.8,65.2,64.8,82.5,59.3,0.000,0.000,0.00,0.000,3.6,6.6,1.0,140,21,3.8,7.7,1.3,144,19,3.6,6.6,1.0,140,21,0,29.78,,0,0,0,74.2,74.5,72.3,0.23,0.22,0.12
SCHO,2017-08-21 02:15:00 EDT,42.50631,-73.68584,344,65.1,65.5,65.1,82.1,59.5,0.000,0.000,0.00,0.000,3.7,5.6,0.9,127,15,3.9,7.1,1.0,132,16,3.7,5.6,0.9,127,15,0,29.78,,0,0,0,74.0,74.5,72.3,0.23,0.22,0.12
SCHO,2017-08-21 02:20:00 EDT,42.50631,-73.68584,344,65.3,65.4,65.3,81.1,59.3,0.000,0.000,0.00,0.000,3.9,6.6,1.0,127,17,4.2,6.8,1.2,133,14,3.9,6.6,1.0,127,17,0,29.78,,0,0,0,74.0,74.4,72.3,0.23,0.22,0.12
SCHO,2017-08-21 02:25:00 EDT,42.50631,-73.68584,344,64.9,65.0,64.9,81.9,59.2,0.000,0.000,0.00,0.000,3.6,6.2,1.0,118,19,3.9,6.9,1.1,122,17,3.6,6.2,1.0,118,19,0,29.78,,0,0,0,73.9,74.3,72.3,0.23,0.22,0.12
SCHO,2017-08-21 02:30:00 EDT,42.50631,-73.68584,344,64.5,64.7,64.5,83.4,59.4,0.000,0.000,0.00,0.000,3.8,6.8,1.2,133,21,4.2,7.3,1.2,136,20,3.8,6.8,1.2,133,21,0,29.78,,0,0,0,73.9,74.3,72.3,0.23,0.22,0.12
SCHO,2017-08-21 02:35:00 EDT,42.50631,-73.68584,344,64.6,64.7,64.6,84.4,59.8,0.000,0.000,0.00,0.000,4.2,6.1,1.0,134,19,4.5,7.4,1.1,138,17,4.2,6.1,1.0,134,19,0,29.78,,0,0,0,73.9,74.3,72.3,0.23,0.22,0.12
SCHO,2017-08-21 02:40:00 EDT,42.50631,-73.68584,344,64.6,64.9,64.6,84.3,59.8,0.000,0.000,0.00,0.000,3.7,6.4,1.0,131,20,4.1,7.2,1.1,135,17,3.7,6.4,1.0,131,20,0,29.78,,0,0,0,73.9,74.3,72.3,0.23,0.22,0.12
SCHO,2017-08-21 02:45:00 EDT,42.50631,-73.68584,344,64.6,64.9,64.6,84.9,60.0,0.000,0.000,0.00,0.000,3.9,6.7,1.1,143,13,4.3,8.2,1.3,148,14,3.9,6.7,1.1,143,13,0,29.78,,0,0,0,73.9,74.3,72.3,0.23,0.22,0.12
SCHO,2017-08-21 02:50:00 EDT,42.50631,-73.68584,344,64.7,64.9,64.7,84.8,60.0,0.000,0.000,0.00,0.000,3.6,5.8,1.1,143,21,3.9,7.6,1.4,147,20,3.6,5.8,1.1,143,21,0,29.78,,0,0,0,73.9,74.3,72.3,0.23,0.22,0.12
SCHO,2017-08-21 02:55:00 EDT,42.50631,-73.68584,344,64.5,64.6,64.5,85.2,60.0,0.000,0.000,0.00,0.000,3.3,6.5,1.1,145,19,3.5,6.8,1.3,151,19,3.3,6.5,1.1,145,19,0,29.79,,0,0,0,73.9,74.3,72.3,0.23,0.22,0.12
SCHO,2017-08-21 03:00:00 EDT,42.50631,-73.68584,344,64.3,64.4,64.3,85.6,59.9,0.000,0.000,0.00,0.000,3.8,6.9,1.2,147,17,4.3,7.5,1.5,153,16,3.8,6.9,1.2,147,17,0,29.79,,0,0,0,73.9,74.3,72.3,0.23,0.22,0.12
SCHO,2017-08-21 03:05:00 EDT,42.50631,-73.68584,344,64.2,64.4,64.2,86.3,60.0,0.000,0.000,0.00,0.000,3.7,6.3,1.2,138,17,3.8,7.0,1.4,143,17,3.7,6.3,1.2,138,17,0,29.79,,0,0,0,73.9,74.3,72.3,0.23,0.22,0.12
SCHO,2017-08-21 03:10:00 EDT,42.50631,-73.68584,344,64.2,64.4,64.2,86.3,60.0,0.000,0.000,0.00,0.000,3.4,6.4,1.3,147,18,3.7,7.1,1.4,150,18,3.4,6.4,1.3,147,18,0,29.79,,0,0,0,73.9,74.3,72.3,0.23,0.22,0.12
SCHO,2017-08-21 03:15:00 EDT,42.50631,-73.68584,344,64.2,64.4,64.2,86.5,60.0,0.000,0.000,0.00,0.000,3.1,6.3,1.1,137,21,3.3,6.9,1.1,141,23,3.1,6.3,1.1,137,21,0,29.79,,0,0,0,73.9,74.3,72.3,0.23,0.22,0.12
SCHO,2017-08-21 03:20:00 EDT,42.50631,-73.68584,344,64.4,64.5,64.4,86.3,60.2,0.000,0.000,0.00,0.000,2.6,4.0,0.8,125,25,2.7,5.2,0.9,131,24,2.6,4.0,0.8,125,25,0,29.79,,0,0,0,73.6,74.3,72.3,0.23,0.22,0.12
SCHO,2017-08-21 03:25:00 EDT,42.50631,-73.68584,344,64.5,64.6,64.5,85.7,60.1,0.000,0.000,0.00,0.000,3.2,5.6,1.1,122,15,3.3,6.1,1.1,127,14,3.2,5.6,1.1,122,15,0,29.79,,0,0,0,73.4,74.3,72.3,0.23,0.22,0.12
SCHO,2017-08-21 03:30:00 EDT,42.50631,-73.68584,344,64.7,64.7,64.7,85.0,60.1,0.000,0.000,0.00,0.000,3.2,5.6,1.0,128,17,3.5,6.6,1.2,133,16,3.2,5.6,1.0,128,17,0,29.79,,0,0,0,73.4,74.3,72.3,0.23,0.22,0.12
SCHO,2017-08-21 03:35:00 EDT,42.50631,-73.68584,344,64.5,64.6,64.5,84.8,59.8,0.000,0.000,0.00,0.000,3.0,6.5,1.2,131,17,3.3,6.5,1.3,136,16,3.0,6.5,1.2,131,17,0,29.79,,0,0,0,73.4,74.3,72.3,0.23,0.22,0.12
SCHO,2017-08-21 03:40:00 EDT,42.50631,-73.68584,344,64.4,64.6,64.4,84.9,59.8,0.000,0.000,0.00,0.000,2.6,5.8,1.0,128,19,2.7,5.9,1.1,132,18,2.6,5.8,1.0,128,19,0,29.79,,0,0,0,73.4,74.3,72.3,0.23,0.22,0.12
SCHO,2017-08-21 03:45:00 EDT,42.50631,-73.68584,344,64.6,64.9,64.6,84.1,59.7,0.000,0.000,0.00,0.000,3.8,5.8,1.0,130,14,4.1,6.4,1.1,132,14,3.8,5.8,1.0,130,14,0,29.79,,0,0,0,73.4,74.3,72.3,0.23,0.22,0.12
SCHO,2017-08-21 03:50:00 EDT,42.50631,-73.68584,344,64.8,65.1,64.8,83.0,59.5,0.000,0.000,0.00,0.000,3.7,6.1,0.8,127,14,3.8,6.8,1.1,132,12,3.7,6.1,0.8,127,14,0,29.79,,0,0,0,73.4,74.3,72.3,0.23,0.22,0.12
SCHO,2017-08-21 03:55:00 EDT,42.50631,-73.68584,344,64.6,64.8,64.6,82.8,59.3,0.000,0.000,0.00,0.000,3.0,5.3,0.7,106,14,3.3,6.9,0.9,112,13,3.0,5.3,0.7,106,14,0,29.79,,0,0,0,73.4,74.3,72.3,0.23,0.22,0.12
SCHO,2017-08-21 04:00:00 EDT,42.50631,-73.68584,344,64.0,64.2,64.0,84.3,59.2,0.000,0.000,0.00,0.000,3.0,4.8,0.8,97,15,3.5,5.2,0.8,102,13,3.0,4.8,0.8,97,15,0,29.79,,0,0,0,73.4,74.3,72.3,0.23,0.22,0.12
SCHO,2017-08-21 04:05:00 EDT,42.50631,-73.68584,344,63.7,63.9,63.7,85.1,59.2,0.000,0.000,0.00,0.000,3.2,5.7,0.8,94,17,3.6,6.0,0.9,99,16,3.2,5.7,0.8,94,17,0,29.79,,0,0,0,73.4,74.3,72.3,0.23,0.22,0.12
SCHO,2017-08-21 04:10:00 EDT,42.50631,-73.68584,344,63.4,63.7,63.4,85.5,58.9,0.000,0.000,0.00,0.000,2.8,4.8,0.7,96,18,3.2,5.5,0.8,101,16,2.8,4.8,0.7,96,18,0,29.79,,0,0,0,73.4,74.2,72.3,0.23,0.22,0.12
SCHO,2017-08-21 04:15:00 EDT,42.50631,-73.68584,344,63.5,63.7,63.5,84.8,58.8,0.000,0.000,0.00,0.000,2.9,6.3,0.8,101,17,3.3,6.8,1.0,104,17,2.9,6.3,0.8,101,17,0,29.79,,0,0,0,73.4,74.1,72.3,0.23,0.22,0.12
SCHO,2017-08-21 04:20:00 EDT,42.50631,-73.68584,344,63.4,63.5,63.4,84.7,58.7,0.000,0.000,0.00,0.000,3.2,5.8,0.8,104,16,3.6,7.1,1.1,108,13,3.2,5.8,0.8,104,16,0,29.79,,0,0,0,73.3,74.0,72.3,0.23,0.22,0.12
SCHO,2017-08-21 04:25:00 EDT,42.50631,-73.68584,344,63.5,63.6,63.5,84.3,58.6,0.000,0.000,0.00,0.000,3.6,5.8,0.9,102,20,4.1,7.6,1.2,105,17,3.6,5.8,0.9,102,20,0,29.79,,0,0,0,73.1,73.9,72.3,0.23,0.22,0.12
SCHO,2017-08-21 04:30:00 EDT,42.50631,-73.68584,344,63.5,63.6,63.5,84.3,58.7,0.000,0.000,0.00,0.000,3.2,5.3,1.2,105,18,3.6,5.9,1.3,110,17,3.2,5.3,1.2,105,18,0,29.79,,0,0,0,73.0,73.9,72.3,0.23,0.22,0.12
SCHO,2017-08-21 04:35:00 EDT,42.50631,-73.68584,344,63.4,63.4,63.4,84.1,58.5,0.000,0.000,0.00,0.000,3.2,4.9,1.0,104,20,3.6,5.2,1.1,109,20,3.2,4.9,1.0,104,20,0,29.79,,0,0,0,73.0,73.9,72.3,0.23,0.22,0.12
SCHO,2017-08-21 04:40:00 EDT,42.50631,-73.68584,344,63.3,63.4,63.3,84.1,58.4,0.000,0.000,0.00,0.000,3.5,6.4,1.2,106,15,3.9,7.6,1.5,111,14,3.5,6.4,1.2,106,15,0,29.79,,0,0,0,73.0,73.9,72.3,0.23,0.22,0.12
SCHO,2017-08-21 04:45:00 EDT,42.50631,-73.68584,344,63.3,63.4,63.3,83.9,58.4,0.000,0.000,0.00,0.000,3.8,6.1,0.9,100,16,4.3,7.2,1.1,106,17,3.8,6.1,0.9,100,16,0,29.79,,0,0,0,73.0,73.9,72.3,0.23,0.22,0.12
SCHO,2017-08-21 04:50:00 EDT,42.50631,-73.68584,344,63.1,63.3,63.1,84.4,58.3,0.000,0.000,0.00,0.000,4.0,5.8,0.8,93,17,4.4,7.0,0.9,98,14,4.0,5.8,0.8,93,17,0,29.79,,0,0,0,73.0,73.9,72.3,0.23,0.22,0.12
SCHO,2017-08-21 04:55:00 EDT,42.50631,-73.68584,344,63.1,63.0,63.1,84.5,58.3,0.000,0.000,0.00,0.000,4.8,6.9,1.1,94,15,5.4,8.4,1.3,98,13,4.8,6.9,1.1,94,15,0,29.79,,0,0,0,73.0,73.9,72.3,0.23,0.22,0.12
SCHO,2017-08-21 05:00:00 EDT,42.50631,-73.68584,344,62.9,63.0,62.9,84.6,58.2,0.000,0.000,0.00,0.000,5.3,8.3,1.0,99,14,6.0,9.0,1.2,104,12,5.3,8.3,1.0,99,14,0,29.79,,0,0,0,73.0,73.9,72.3,0.23,0.22,0.12
SCHO,2017-08-21 05:05:00 EDT,42.50631,-73.68584,344,62.7,62.7,62.7,85.6,58.3,0.000,0.000,0.00,0.000,4.6,7.2,1.2,104,18,5.0,8.5,1.4,107,14,4.6,7.2,1.2,104,18,0,29.79,,0,0,0,73.0,73.9,72.3,0.23,0.22,0.12
SCHO,2017-08-21 05:10:00 EDT,42.50631,-73.68584,344,62.5,62.5,62.5,86.3,58.3,0.000,0.000,0.00,0.000,4.9,7.8,1.1,98,16,5.5,9.0,1.3,103,15,4.9,7.8,1.1,98,16,0,29.79,,0,0,0,73.0,73.9,72.3,0.23,0.22,0.12
SCHO,2017-08-21 05:15:00 EDT,42.50631,-73.68584,344,62.4,62.4,62.4,86.4,58.3,0.000,0.000,0.00,0.000,4.4,7.7,1.1,100,18,4.8,8.5,1.3,106,16,4.4,7.7,1.1,100,18,0,29.79,,0,0,0,73.0,73.9,72.3,0.23,0.22,0.12
SCHO,2017-08-21 05:20:00 EDT,42.50631,-73.68584,344,62.4,62.4,62.4,86.5,58.3,0.000,0.000,0.00,0.000,3.4,5.6,0.9,110,17,3.8,6.1,1.0,113,15,3.4,5.6,0.9,110,17,0,29.79,,0,0,0,73.0,73.9,72.3,0.23,0.22,0.12
SCHO,2017-08-21 05:25:00 EDT,42.50631,-73.68584,344,62.3,62.4,62.3,86.5,58.2,0.000,0.000,0.00,0.000,3.3,6.1,0.9,108,20,3.7,6.1,1.1,113,18,3.3,6.1,0.9,108,20,0,29.80,,0,0,0,73.0,73.9,72.3,0.23,0.22,0.12
SCHO,2017-08-21 05:30:00 EDT,42.50631,-73.68584,344,62.3,62.4,62.3,87.0,58.4,0.000,0.000,0.00,0.000,3.4,5.9,0.7,105,20,3.8,6.2,1.0,110,17,3.4,5.9,0.7,105,20,0,29.80,,0,0,0,73.0,73.9,72.3,0.23,0.22,0.12
SCHO,2017-08-21 05:35:00 EDT,42.50631,-73.68584,344,62.5,62.7,62.5,87.4,58.7,0.000,0.000,0.00,0.000,3.7,5.6,0.9,102,19,4.2,6.9,1.1,107,17,3.7,5.6,0.9,102,19,0,29.79,,0,0,0,73.0,73.9,72.3,0.23,0.22,0.12
SCHO,2017-08-21 05:40:00 EDT,42.50631,-73.68584,344,62.6,62.8,62.6,86.7,58.6,0.000,0.000,0.00,0.000,3.9,6.4,1.0,111,19,4.4,7.7,1.2,115,16,3.9,6.4,1.0,111,19,0,29.80,,0,0,0,73.0,73.9,72.3,0.23,0.22,0.12
SCHO,2017-08-21 05:45:00 EDT,42.50631,-73.68584,344,62.5,62.6,62.5,86.4,58.4,0.000,0.000,0.00,0.000,3.4,5.6,1.0,110,16,3.5,6.0,1.0,117,16,3.4,5.6,1.0,110,16,0,29.80,,0,0,0,72.8,73.9,72.3,0.23,0.22,0.12
SCHO,2017-08-21 05:50:00 EDT,42.50631,-73.68584,344,62.3,62.4,62.3,86.2,58.1,0.000,0.000,0.00,0.000,3.5,5.6,1.0,98,16,4.0,6.7,1.1,104,15,3.5,5.6,1.0,98,16,0,29.80,,0,0,0,72.7,73.9,72.3,0.23,0.22,0.12
SCHO,2017-08-21 05:55:00 EDT,42.50631,-73.68584,344,62.1,62.2,62.1,86.2,57.9,0.000,0.000,0.00,0.000,4.2,6.2,1.0,96,16,4.8,7.5,1.1,102,16,4.2,6.2,1.0,96,16,0,29.80,,0,0,0,72.7,73.9,72.3,0.23,0.22,0.12
SCHO,2017-08-21 06:00:00 EDT,42.50631,-73.68584,344,62.1,62.1,62.1,86.4,58.0,0.000,0.000,0.00,0.000,4.9,6.7,0.9,90,15,5.6,9.2,1.3,97,15,4.9,6.7,0.9,90,15,1,29.80,,0,0,0,72.7,73.9,72.3,0.23,0.22,0.12
SCHO,2017-08-21 06:05:00 EDT,42.50631,-73.68584,344,62.2,62.3,62.2,86.0,58.0,0.000,0.000,0.00,0.000,4.9,7.6,1.1,89,14,5.6,8.9,1.3,94,13,4.9,7.6,1.1,89,14,2,29.80,,0,0,0,72.7,73.9,72.3,0.23,0.22,0.12
SCHO,2017-08-21 06:10:00 EDT,42.50631,-73.68584,344,62.3,62.3,62.3,85.9,58.0,0.000,0.000,0.00,0.000,5.0,7.5,1.2,91,18,5.8,9.5,1.5,96,14,5.0,7.5,1.2,91,18,3,29.80,,0,0,0,72.7,73.9,72.3,0.23,0.22,0.12
SCHO,2017-08-21 06:15:00 EDT,42.50631,-73.68584,344,62.4,62.4,62.4,85.7,58.0,0.000,0.000,0.00,0.000,5.0,7.0,0.9,92,13,5.7,8.6,1.2,98,13,5.0,7.0,0.9,92,13,6,29.80,,0,0,0,72.7,73.9,72.3,0.23,0.22,0.12
SCHO,2017-08-21 06:20:00 EDT,42.50631,-73.68584,344,62.3,62.4,62.3,85.8,58.0,0.000,0.000,0.00,0.000,4.6,6.9,0.8,93,13,5.2,7.6,1.0,98,11,4.6,6.9,0.8,93,13,8,29.80,,0,0,0,72.7,73.9,72.3,0.23,0.22,0.12
SCHO,2017-08-21 06:25:00 EDT,42.50631,-73.68584,344,62.4,62.4,62.4,85.8,58.1,0.000,0.000,0.00,0.000,5.0,7.4,0.9,91,12,5.6,8.8,1.2,97,12,5.0,7.4,0.9,91,12,11,29.80,,0,0,0,72.7,73.9,72.3,0.23,0.22,0.12
SCHO,2017-08-21 06:30:00 EDT,42.50631,-73.68584,344,62.3,62.3,62.3,85.8,58.0,0.000,0.000,0.00,0.000,4.6,6.0,0.7,92,10,5.2,7.8,0.9,97,9,4.6,6.0,0.7,92,10,15,29.80,,0,0,0,72.7,73.9,72.3,0.23,0.22,0.12
SCHO,2017-08-21 06:35:00 EDT,42.50631,-73.68584,344,62.0,62.1,62.0,86.3,57.9,0.000,0.000,0.00,0.000,4.1,5.3,0.6,96,13,4.5,6.3,0.8,101,12,4.1,5.3,0.6,96,13,18,29.80,,0,0,0,72.7,73.9,72.3,0.23,0.22,0.12
SCHO,2017-08-21 06:40:00 EDT,42.50631,-73.68584,344,61.6,61.6,61.6,87.3,57.8,0.000,0.000,0.00,0.000,2.5,4.9,0.9,115,18,2.6,5.3,0.9,121,17,2.5,4.9,0.9,115,18,24,29.80,,0,0,0,72.7,73.9,72.3,0.23,0.22,0.12
SCHO,2017-08-21 06:45:00 EDT,42.50631,-73.68584,344,61.6,61.7,61.6,88.1,58.0,0.000,0.000,0.00,0.000,3.2,5.9,1.0,114,20,3.5,6.7,1.2,120,18,3.2,5.9,1.0,114,20,29,29.80,,0,0,0,72.7,73.9,72.3,0.23,0.22,0.12
SCHO,2017-08-21 06:50:00 EDT,42.50631,-73.68584,344,61.7,61.7,61.7,87.9,58.0,0.000,0.000,0.00,0.000,2.4,3.7,0.6,128,18,2.5,4.3,0.6,131,18,2.4,3.7,0.6,128,18,34,29.81,,0,0,0,72.7,73.8,72.3,0.23,0.22,0.12
SCHO,2017-08-21 06:55:00 EDT,42.50631,-73.68584,344,61.9,61.9,61.9,87.9,58.2,0.000,0.000,0.00,0.000,2.8,5.5,0.9,114,13,3.0,5.8,1.0,119,13,2.8,5.5,0.9,114,13,40,29.81,,0,0,0,72.7,73.8,72.3,0.23,0.22,0.12
SCHO,2017-08-21 07:00:00 EDT,42.50631,-73.68584,344,62.2,62.2,62.2,86.4,58.1,0.000,0.000,0.00,0.000,2.5,4.7,0.8,111,15,2.8,5.7,0.9,115,13,2.5,4.7,0.8,111,15,71,29.81,,0,0,0,72.7,73.7,72.3,0.23,0.22,0.12
SCHO,2017-08-21 07:05:00 EDT,42.50631,-73.68584,344,62.2,62.2,62.2,85.7,57.9,0.000,0.000,0.00,0.000,2.9,4.4,0.7,112,12,3.2,5.6,0.9,116,12,2.9,4.4,0.7,112,12,65,29.81,,0,0,0,72.7,73.5,72.3,0.23,0.22,0.12
SCHO,2017-08-21 07:10:00 EDT,42.50631,-73.68584,344,62.4,62.2,62.4,85.9,58.1,0.000,0.000,0.00,0.000,2.9,4.8,0.8,98,15,3.3,6.0,1.0,102,14,2.9,4.8,0.8,98,15,49,29.81,,0,0,0,72.5,73.4,72.3,0.23,0.22,0.12
SCHO,2017-08-21 07:15:00 EDT,42.50631,-73.68584,344,62.4,62.2,62.4,86.6,58.3,0.000,0.000,0.00,0.000,2.4,3.5,0.6,104,18,2.7,4.1,0.7,109,17,2.4,3.5,0.6,104,18,47,29.81,,0,0,0,72.4,73.4,72.3,0.23,0.22,0.12
SCHO,2017-08-21 07:20:00 EDT,42.50631,-73.68584,344,62.2,62.2,62.2,87.4,58.4,0.000,0.000,0.00,0.000,1.8,3.7,0.8,136,12,1.9,5.0,0.8,140,11,1.8,3.7,0.8,136,12,54,29.82,,0,0,0,72.3,73.4,72.3,0.23,0.22,0.12
SCHO,2017-08-21 07:25:00 EDT,42.50631,-73.68584,344,62.5,62.5,62.5,87.5,58.7,0.000,0.000,0.00,0.000,2.2,3.1,0.5,125,19,2.4,4.4,0.5,130,19,2.2,3.1,0.5,125,19,76,29.82,,0,0,0,72.3,73.4,72.3,0.23,0.22,0.12
SCHO,2017-08-21 07:30:00 EDT,42.50631,-73.68584,344,63.1,62.9,63.1,86.3,58.9,0.000,0.000,0.00,0.000,2.6,4.0,0.7,117,15,2.8,4.7,0.7,120,14,2.6,4.0,0.7,117,15,168,29.82,,0,0,0,72.3,73.4,72.3,0.23,0.22,0.12
SCHO,2017-08-21 07:35:00 EDT,42.50631,-73.68584,344,63.6,63.3,63.6,84.5,58.8,0.000,0.000,0.00,0.000,2.6,4.8,0.8,116,16,2.8,5.2,0.8,120,16,2.6,4.8,0.8,116,16,161,29.82,,0,0,0,72.3,73.4,72.3,0.23,0.22,0.12
SCHO,2017-08-21 07:40:00 EDT,42.50631,-73.68584,344,63.9,63.5,63.9,84.1,59.0,0.000,0.000,0.00,0.000,2.6,5.2,1.1,133,19,2.9,5.5,1.2,139,19,2.6,5.2,1.1,133,19,163,29.82,,0,0,0,72.3,73.4,72.3,0.23,0.22,0.12
SCHO,2017-08-21 07:45:00 EDT,42.50631,-73.68584,344,63.8,63.5,63.8,84.6,59.0,0.000,0.000,0.00,0.000,3.4,6.1,1.1,149,12,3.7,7.3,1.3,155,12,3.4,6.1,1.1,149,12,92,29.82,,0,0,0,72.3,73.4,72.3,0.23,0.22,0.12
SCHO,2017-08-21 07:50:00 EDT,42.50631,-73.68584,344,63.9,63.5,63.9,84.8,59.2,0.000,0.000,0.00,0.000,2.6,3.7,0.5,129,13,2.6,4.8,0.6,133,12,2.6,3.7,0.5,129,13,125,29.81,,0,0,0,72.3,73.4,72.3,0.23,0.22,0.12
SCHO,2017-08-21 07:55:00 EDT,42.50631,-73.68584,344,64.0,63.5,64.0,84.6,59.2,0.000,0.000,0.00,0.000,2.3,5.1,1.0,115,22,2.5,5.6,1.0,118,22,2.3,5.1,1.0,115,22,109,29.81,,0,0,0,72.3,73.4,72.3,0.23,0.22,0.12
SCHO,2017-08-21 08:00:00 EDT,42.50631,-73.68584,344,64.2,63.7,64.2,84.5,59.5,0.000,0.000,0.00,0.000,2.3,4.7,0.8,114,18,2.5,5.2,0.9,117,18,2.3,4.7,0.8,114,18,178,29.81,,0,0,0,72.3,73.4,72.3,0.23,0.22,0.12
SCHO,2017-08-21 08:05:00 EDT,42.50631,-73.68584,344,64.6,64.0,64.6,84.1,59.7,0.000,0.000,0.00,0.000,2.5,5.3,1.1,127,17,2.7,6.5,1.1,130,18,2.5,5.3,1.1,127,17,239,29.81,,0,0,0,72.3,73.4,72.3,0.23,0.22,0.12
SCHO,2017-08-21 08:10:00 EDT,42.50631,-73.68584,344,65.1,64.5,65.1,83.3,59.9,0.000,0.000,0.00,0.000,2.9,5.0,0.8,126,20,3.2,6.1,0.9,130,19,2.9,5.0,0.8,126,20,251,29.81,,0,0,0,72.3,73.4,72.3,0.23,0.22,0.12
SCHO,2017-08-21 08:15:00 EDT,42.50631,-73.68584,344,65.6,64.9,65.6,82.3,60.0,0.000,0.000,0.00,0.000,2.7,6.1,1.1,137,20,3.0,7.3,1.3,141,20,2.7,6.1,1.1,137,20,267,29.81,,0,0,0,72.3,73.4,72.3,0.23,0.22,0.12
SCHO,2017-08-21 08:20:00 EDT,42.50631,-73.68584,344,65.9,65.3,65.9,81.7,60.1,0.000,0.000,0.00,0.000,3.6,6.3,1.1,151,18,3.9,6.2,1.2,156,16,3.6,6.3,1.1,151,18,292,29.81,,0,0,0,72.3,73.4,72.3,0.23,0.22,0.12
SCHO,2017-08-21 08:25:00 EDT,42.50631,-73.68584,344,66.3,65.5,66.3,81.2,60.3,0.000,0.000,0.00,0.000,3.6,6.6,1.2,143,17,4.0,7.3,1.3,149,18,3.6,6.6,1.2,143,17,296,29.81,,0,0,0,72.3,73.4,72.3,0.23,0.22,0.12
SCHO,2017-08-21 08:30:00 EDT,42.50631,-73.68584,344,66.6,65.9,66.6,81.7,60.8,0.000,0.000,0.00,0.000,3.4,5.7,1.0,183,19,4.0,6.7,1.1,187,18,3.4,5.7,1.0,183,19,317,29.81,,0,0,0,72.3,73.4,72.3,0.23,0.22,0.12
SCHO,2017-08-21 08:35:00 EDT,42.50631,-73.68584,344,67.0,66.3,67.0,81.5,61.2,0.000,0.000,0.00,0.000,3.7,5.8,1.3,185,13,4.5,7.0,1.1,191,10,3.7,5.8,1.3,185,13,295,29.81,,0,0,0,72.3,73.4,72.3,0.23,0.22,0.12
SCHO,2017-08-21 08:40:00 EDT,42.50631,-73.68584,344,67.1,66.4,67.1,81.3,61.2,0.000,0.000,0.00,0.000,4.8,7.2,1.2,189,11,5.4,8.5,1.2,194,9,4.8,7.2,1.2,189,11,272,29.81,,0,0,0,72.3,73.4,72.3,0.23,0.22,0.12
SCHO,2017-08-21 08:45:00 EDT,42.50631,-73.68584,344,67.1,66.4,67.1,81.3,61.2,0.000,0.000,0.00,0.000,6.0,8.8,1.5,199,10,6.6,9.7,1.5,203,9,6.0,8.8,1.5,199,10,301,29.81,,0,0,0,72.3,73.4,72.3,0.23,0.22,0.12
SCHO,2017-08-21 08:50:00 EDT,42.50631,-73.68584,344,67.2,66.3,67.2,81.5,61.3,0.000,0.000,0.00,0.000,6.3,10.4,1.4,195,9,7.0,11.7,1.6,199,8,6.3,10.4,1.4,195,9,348,29.82,,0,0,0,72.3,73.4,72.3,0.23,0.22,0.12
SCHO,2017-08-21 08:55:00 EDT,42.50631,-73.68584,344,67.6,66.9,67.6,81.5,61.7,0.000,0.000,0.00,0.000,4.5,7.2,1.5,185,18,5.3,8.4,1.6,191,16,4.5,7.2,1.5,185,18,372,29.82,,0,0,0,72.3,73.4,72.3,0.23,0.22,0.12
SCHO,2017-08-21 09:00:00 EDT,42.50631,-73.68584,344,67.7,66.9,67.7,80.2,61.4,0.000,0.000,0.00,0.000,5.3,9.0,1.5,180,15,5.9,9.6,1.6,185,13,5.3,9.0,1.5,180,15,406,29.82,,0,0,0,72.3,73.3,72.3,0.23,0.22,0.12
SCHO,2017-08-21 09:05:00 EDT,42.50631,-73.68584,344,68.1,67.1,68.1,80.1,61.7,0.000,0.000,0.00,0.000,5.0,8.5,1.3,200,11,5.6,9.9,1.4,205,10,5.0,8.5,1.3,200,11,412,29.82,,0,0,0,72.4,73.3,72.3,0.23,0.22,0.12
SCHO,2017-08-21 09:10:00 EDT,42.50631,-73.68584,344,68.6,67.5,68.6,79.7,62.1,0.000,0.000,0.00,0.000,6.2,8.8,1.0,198,11,6.7,9.6,1.2,203,10,6.2,8.8,1.0,198,11,436,29.81,,0,0,0,72.4,73.2,72.3,0.23,0.22,0.12
SCHO,2017-08-21 09:15:00 EDT,42.50631,-73.68584,344,69.1,68.0,69.1,79.5,62.5,0.000,0.000,0.00,0.000,4.1,8.0,1.8,173,37,4.7,8.5,1.8,178,35,4.1,8.0,1.8,173,37,458,29.81,,0,0,0,72.4,73.1,72.3,0.23,0.22,0.12
SCHO,2017-08-21 09:20:00 EDT,42.50631,-73.68584,344,69.5,68.4,69.5,78.0,62.3,0.000,0.000,0.00,0.000,5.7,9.6,1.7,148,21,6.2,10.0,1.7,153,19,5.7,9.6,1.7,148,21,444,29.80,,0,0,0,72.6,73.1,72.3,0.23,0.22,0.12
SCHO,2017-08-21 09:25:00 EDT,42.50631,-73.68584,344,69.4,68.6,69.4,77.5,62.1,0.000,0.000,0.00,0.000,4.9,7.9,1.4,171,20,5.7,10.4,1.5,177,20,4.9,7.9,1.4,171,20,476,29.80,,0,0,0,72.6,73.1,72.3,0.23,0.22,0.12
SCHO,2017-08-21 09:30:00 EDT,42.50631,-73.68584,344,70.3,69.2,70.3,77.5,62.9,0.000,0.000,0.00,0.000,3.1,6.9,1.2,177,29,3.6,7.6,1.4,184,29,3.1,6.9,1.2,177,29,488,29.81,,0,0,0,72.7,73.0,72.3,0.23,0.22,0.12
SCHO,2017-08-21 09:35:00 EDT,42.50631,-73.68584,344,71.0,69.8,71.0,76.6,63.3,0.000,0.000,0.00,0.000,4.7,8.8,1.4,185,19,5.5,9.5,1.6,191,17,4.7,8.8,1.4,185,19,498,29.80,,0,0,0,72.7,73.0,72.3,0.23,0.22,0.12
SCHO,2017-08-21 09:40:00 EDT,42.50631,-73.68584,344,70.8,69.6,70.8,75.6,62.7,0.000,0.000,0.00,0.000,5.6,8.9,1.4,145,15,5.9,10.0,1.5,149,15,5.6,8.9,1.4,145,15,515,29.80,,0,0,0,72.7,73.0,72.3,0.23,0.22,0.12
SCHO,2017-08-21 09:45:00 EDT,42.50631,-73.68584,344,71.0,69.8,71.0,75.3,62.7,0.000,0.000,0.00,0.000,5.3,8.9,1.6,161,27,6.1,10.1,1.8,165,26,5.3,8.9,1.6,161,27,381,29.80,,0,0,0,72.7,73.0,72.3,0.23,0.22,0.12
SCHO,2017-08-21 09:50:00 EDT,42.50631,-73.68584,344,70.6,69.8,70.6,75.7,62.6,0.000,0.000,0.00,0.000,5.6,8.6,1.6,187,14,6.3,9.6,1.7,192,13,5.6,8.6,1.6,187,14,348,29.80,,0,0,0,72.7,73.0,72.3,0.23,0.22,0.12
SCHO,2017-08-21 09:55:00 EDT,42.50631,-73.68584,344,71.0,70.3,71.0,74.9,62.6,0.000,0.000,0.00,0.000,4.4,7.7,1.4,182,22,5.1,8.9,1.5,187,21,4.4,7.7,1.4,182,22,532,29.80,,0,0,0,72.7,73.0,72.3,0.23,0.22,0.12
SCHO,2017-08-21 10:00:00 EDT,42.50631,-73.68584,344,72.2,70.9,72.2,74.9,63.8,0.000,0.000,0.00,0.000,3.5,7.7,1.4,182,20,4.3,8.6,1.5,185,18,3.5,7.7,1.4,182,20,557,29.80,,0,0,0,72.7,73.0,72.3,0.23,0.22,0.12
SCHO,2017-08-21 10:05:00 EDT,42.50631,-73.68584,344,72.6,71.2,72.6,72.5,63.3,0.000,0.000,0.00,0.000,4.1,6.1,1.3,141,17,4.3,8.2,1.5,146,16,4.1,6.1,1.3,141,17,567,29.80,,0,0,0,72.7,73.0,72.3,0.23,0.22,0.12
SCHO,2017-08-21 10:10:00 EDT,42.50631,-73.68584,344,72.6,71.3,72.6,72.8,63.4,0.000,0.000,0.00,0.000,4.4,6.6,1.2,175,26,4.8,7.1,1.3,181,24,4.4,6.6,1.2,175,26,579,29.80,,0,0,0,72.9,73.0,72.3,0.23,0.22,0.12
SCHO,2017-08-21 10:15:00 EDT,42.50631,-73.68584,344,72.7,71.6,72.7,72.6,63.4,0.000,0.000,0.00,0.000,3.3,5.8,1.2,173,21,3.8,6.9,1.3,178,22,3.3,5.8,1.2,173,21,585,29.80,,0,0,0,73.0,73.0,72.3,0.23,0.22,0.12
SCHO,2017-08-21 10:20:00 EDT,42.50631,-73.68584,344,73.7,72.4,73.7,71.9,64.1,0.000,0.000,0.00,0.000,2.8,5.4,1.1,138,24,3.1,6.4,1.1,144,23,2.8,5.4,1.1,138,24,606,29.80,,0,0,0,73.0,73.0,72.3,0.23,0.22,0.12
SCHO,2017-08-21 10:25:00 EDT,42.50631,-73.68584,344,73.7,72.5,73.7,71.5,63.9,0.000,0.000,0.00,0.000,4.2,6.2,1.3,181,16,5.0,8.0,1.2,187,14,4.2,6.2,1.3,181,16,589,29.81,,0,0,0,73.0,73.0,72.3,0.23,0.22,0.12
SCHO,2017-08-21 10:30:00 EDT,42.50631,-73.68584,344,74.0,73.0,74.0,71.0,64.0,0.000,0.000,0.00,0.000,2.3,5.3,1.1,182,29,2.8,6.5,1.2,188,27,2.3,5.3,1.1,182,29,582,29.81,,0,0,0,73.0,73.0,72.3,0.23,0.22,0.12
SCHO,2017-08-21 10:35:00 EDT,42.50631,-73.68584,344,74.9,73.7,74.9,70.8,64.8,0.000,0.000,0.00,0.000,3.6,6.1,1.4,157,23,4.1,7.1,1.5,163,24,3.6,6.1,1.4,157,23,589,29.81,,0,0,0,73.1,73.0,72.3,0.23,0.22,0.12
SCHO,2017-08-21 10:40:00 EDT,42.50631,-73.68584,344,75.4,73.8,75.4,69.5,64.7,0.000,0.000,0.00,0.000,4.7,8.6,1.6,188,26,5.2,9.6,1.8,192,24,4.7,8.6,1.6,188,26,649,29.81,,0,0,0,73.4,73.0,72.3,0.23,0.22,0.12
SCHO,2017-08-21 10:45:00 EDT,42.50631,-73.68584,344,74.9,73.5,74.9,68.1,63.7,0.000,0.000,0.00,0.000,5.5,8.6,1.2,190,19,6.0,9.0,1.3,194,18,5.5,8.6,1.2,190,19,666,29.81,,0,0,0,73.4,73.0,72.3,0.23,0.22,0.12
SCHO,2017-08-21 10:50:00 EDT,42.50631,-73.68584,344,75.3,73.8,75.3,69.0,64.4,0.000,0.000,0.00,0.000,5.3,9.4,1.5,201,18,5.9,11.4,1.7,206,15,5.3,9.4,1.5,201,18,680,29.81,,0,0,0,73.4,73.0,72.3,0.23,0.22,0.12
SCHO,2017-08-21 10:55:00 EDT,42.50631,-73.68584,344,75.5,74.0,75.5,67.9,64.2,0.000,0.000,0.00,0.000,5.2,7.7,1.3,193,16,6.0,9.3,1.4,197,16,5.2,7.7,1.3,193,16,689,29.81,,0,0,0,73.7,73.0,72.3,0.23,0.22,0.12
SCHO,2017-08-21 11:00:00 EDT,42.50631,-73.68584,344,75.8,74.6,75.8,67.5,64.3,0.000,0.000,0.00,0.000,6.1,9.4,1.3,196,15,6.6,10.3,1.4,201,13,6.1,9.4,1.3,196,15,688,29.81,,0,0,0,73.9,73.0,72.3,0.23,0.22,0.12
SCHO,2017-08-21 11:05:00 EDT,42.50631,-73.68584,344,76.3,74.8,76.3,66.9,64.5,0.000,0.000,0.00,0.000,5.8,8.1,1.2,214,11,6.4,9.4,1.4,218,11,5.8,8.1,1.2,214,11,674,29.81,,0,0,0,73.9,73.0,72.3,0.23,0.22,0.12
SCHO,2017-08-21 11:10:00 EDT,42.50631,-73.68584,344,76.3,75.2,76.3,67.9,64.9,0.000,0.000,0.00,0.000,4.6,7.2,1.4,198,20,5.4,8.6,1.5,203,19,4.6,7.2,1.4,198,20,676,29.80,,0,0,0,73.9,73.0,72.2,0.23,0.22,0.12
SCHO,2017-08-21 11:15:00 EDT,42.50631,-73.68584,344,77.0,75.5,77.0,66.9,65.1,0.000,0.000,0.00,0.000,6.0,8.3,1.2,201,18,6.7,9.2,1.3,206,17,6.0,8.3,1.2,201,18,684,29.80,,0,0,0,74.2,73.0,72.3,0.23,0.22,0.12
SCHO,2017-08-21 11:20:00 EDT,42.50631,-73.68584,344,77.4,75.7,77.4,65.1,64.7,0.000,0.000,0.00,0.000,5.5,8.3,1.3,196,22,6.2,9.3,1.6,202,18,5.5,8.3,1.3,196,22,693,29.80,,0,0,0,74.3,73.0,72.3,0.23,0.22,0.12
SCHO,2017-08-21 11:25:00 EDT,42.50631,-73.68584,344,77.4,75.8,77.4,65.3,64.9,0.000,0.000,0.00,0.000,5.8,8.5,1.0,184,22,6.5,9.2,1.2,188,20,5.8,8.5,1.0,184,22,667,29.80,,0,0,0,74.3,73.0,72.3,0.23,0.22,0.12
SCHO,2017-08-21 11:30:00 EDT,42.50631,-73.68584,344,77.7,76.1,77.7,65.3,65.1,0.000,0.000,0.00,0.000,4.3,8.2,1.8,171,31,4.9,9.4,1.8,178,30,4.3,8.2,1.8,171,31,648,29.79,,0,0,0,74.6,73.0,72.2,0.23,0.22,0.12
SCHO,2017-08-21 11:35:00 EDT,42.50631,-73.68584,344,78.5,76.8,78.5,64.2,65.4,0.000,0.000,0.00,0.000,5.0,9.4,1.9,158,27,5.7,10.6,2.1,163,27,5.0,9.4,1.9,158,27,754,29.79,,0,0,0,74.7,73.0,72.3,0.23,0.22,0.12
SCHO,2017-08-21 11:40:00 EDT,42.50631,-73.68584,344,78.3,76.9,78.3,64.1,65.2,0.000,0.000,0.00,0.000,5.7,8.9,1.6,188,26,6.4,9.4,1.8,193,24,5.7,8.9,1.6,188,26,761,29.79,,0,0,0,74.7,73.0,72.1,0.23,0.22,0.12
SCHO,2017-08-21 11:45:00 EDT,42.50631,-73.68584,344,79.3,77.4,79.3,63.1,65.7,0.000,0.000,0.00,0.000,4.8,7.7,1.3,150,19,5.4,9.9,1.3,157,20,4.8,7.7,1.3,150,19,766,29.78,,0,0,0,74.7,73.0,72.1,0.23,0.22,0.12
SCHO,2017-08-21 11:50:00 EDT,42.50631,-73.68584,344,79.0,77.4,79.0,62.9,65.2,0.000,0.000,0.00,0.000,5.6,9.3,1.6,176,29,6.0,9.8,1.7,181,28,5.6,9.3,1.6,176,29,751,29.78,,0,0,0,74.7,73.0,72.2,0.23,0.22,0.12
SCHO,2017-08-21 11:55:00 EDT,42.50631,-73.68584,344,78.8,77.4,78.8,62.8,65.1,0.000,0.000,0.00,0.000,5.6,9.4,1.4,177,17,6.3,10.0,1.5,183,15,5.6,9.4,1.4,177,17,754,29.78,,0,0,0,75.0,73.0,72.1,0.23,0.22,0.12
SCHO,2017-08-21 12:00:00 EDT,42.50631,-73.68584,344,79.2,78.0,79.2,61.8,65.0,0.000,0.000,0.00,0.000,5.2,9.5,1.2,192,16,5.7,10.1,1.3,198,14,5.2,9.5,1.2,192,16,758,29.78,,0,0,0,75.0,73.0,72.1,0.23,0.22,0.12
SCHO,2017-08-21 12:05:00 EDT,42.50631,-73.68584,344,79.8,78.5,79.8,62.3,65.7,0.000,0.000,0.00,0.000,5.3,8.2,1.6,207,17,6.0,9.5,1.5,212,16,5.3,8.2,1.6,207,17,729,29.78,,0,0,0,75.0,73.0,72.1,0.23,0.22,0.12
SCHO,2017-08-21 12:10:00 EDT,42.50631,-73.68584,344,80.1,78.5,82.1,61.6,65.7,0.000,0.000,0.00,0.000,4.6,7.4,1.9,173,19,5.2,8.6,2.0,180,19,4.6,7.4,1.9,173,19,721,29.78,,0,0,0,75.5,73.0,72.2,0.23,0.22,0.12
SCHO,2017-08-21 12:15:00 EDT,42.50631,-73.68584,344,80.4,78.8,82.6,61.9,66.2,0.000,0.000,0.00,0.000,4.7,6.9,1.1,139,17,5.1,7.2,1.2,147,16,4.7,6.9,1.1,139,17,756,29.77,,0,0,0,75.6,73.0,72.2,0.23,0.22,0.12
SCHO,2017-08-21 12:20:00 EDT,42.50631,-73.68584,344,80.9,79.5,83.3,62.2,66.7,0.000,0.000,0.00,0.000,4.5,8.9,2.1,181,28,5.4,10.0,2.0,184,26,4.5,8.9,2.1,181,28,761,29.77,,0,0,0,75.6,73.0,72.2,0.23,0.22,0.12
SCHO,2017-08-21 12:25:00 EDT,42.50631,-73.68584,344,80.7,79.3,82.6,59.1,65.1,0.000,0.000,0.00,0.000,4.7,7.7,1.5,192,17,5.3,8.9,1.6,196,15,4.7,7.7,1.5,192,17,763,29.77,,0,0,0,75.7,73.0,72.2,0.23,0.22,0.12
SCHO,2017-08-21 12:30:00 EDT,42.50631,-73.68584,344,80.9,79.4,82.8,59.3,65.4,0.000,0.000,0.00,0.000,4.8,8.8,1.7,183,31,5.2,10.1,1.7,190,28,4.8,8.8,1.7,183,31,698,29.77,,0,0,0,75.9,73.0,72.1,0.23,0.22,0.12
SCHO,2017-08-21 12:35:00 EDT,42.50631,-73.68584,344,81.1,79.6,83.1,58.8,65.4,0.000,0.000,0.00,0.000,5.6,7.8,1.2,155,18,6.1,9.8,1.4,161,18,5.6,7.8,1.2,155,18,779,29.76,,0,0,0,75.9,73.0,72.1,0.23,0.22,0.12
SCHO,2017-08-21 12:40:00 EDT,42.50631,-73.68584,344,81.6,79.9,83.6,58.2,65.5,0.000,0.000,0.00,0.000,4.1,7.4,1.5,150,17,4.4,8.0,1.7,156,16,4.1,7.4,1.5,150,17,617,29.76,,0,0,0,76.2,73.0,72.1,0.22,0.22,0.12
SCHO,2017-08-21 12:45:00 EDT,42.50631,-73.68584,344,81.4,79.9,83.4,59.0,65.7,0.000,0.000,0.00,0.000,4.9,8.0,1.4,147,13,5.2,8.7,1.5,153,13,4.9,8.0,1.4,147,13,551,29.76,,0,0,0,76.5,73.0,72.1,0.22,0.22,0.12
SCHO,2017-08-21 12:50:00 EDT,42.50631,-73.68584,344,81.5,80.4,83.7,59.7,66.1,0.000,0.000,0.00,0.000,3.1,6.5,1.3,166,23,3.5,6.7,1.3,173,24,3.1,6.5,1.3,166,23,440,29.76,,0,0,0,76.5,73.0,72.2,0.23,0.22,0.12
SCHO,2017-08-21 12:55:00 EDT,42.50631,-73.68584,344,81.0,80.0,82.7,57.4,64.5,0.000,0.000,0.00,0.000,5.7,7.8,1.2,190,17,6.3,9.0,1.3,194,15,5.7,7.8,1.2,190,17,365,29.76,,0,0,0,76.6,73.0,72.1,0.23,0.22,0.12
SCHO,2017-08-21 13:00:00 EDT,42.50631,-73.68584,344,80.7,79.9,82.6,59.5,65.3,0.000,0.000,0.00,0.000,5.2,7.5,1.0,190,16,5.9,9.1,1.1,195,14,5.2,7.5,1.0,190,16,485,29.76,,0,0,0,76.8,73.0,72.0,0.23,0.22,0.12
SCHO,2017-08-21 13:05:00 EDT,42.50631,-73.68584,344,81.2,80.2,83.4,60.1,66.1,0.000,0.000,0.00,0.000,5.1,7.7,1.2,192,13,5.7,9.2,1.3,197,11,5.1,7.7,1.2,192,13,601,29.75,,0,0,0,76.8,73.0,72.0,0.23,0.22,0.12
SCHO,2017-08-21 13:10:00 EDT,42.50631,-73.68584,344,81.4,80.2,83.7,60.1,66.3,0.000,0.000,0.00,0.000,5.6,9.3,1.7,184,14,6.6,10.3,1.6,189,11,5.6,9.3,1.7,184,14,600,29.75,,0,0,0,76.8,73.0,71.9,0.22,0.22,0.12
SCHO,2017-08-21 13:15:00 EDT,42.50631,-73.68584,344,81.0,80.1,83.0,59.4,65.5,0.000,0.000,0.00,0.000,5.5,9.4,1.4,181,15,6.1,11.9,1.6,186,13,5.5,9.4,1.4,181,15,458,29.75,,0,0,0,76.8,73.0,71.8,0.22,0.22,0.12
SCHO,2017-08-21 13:20:00 EDT,42.50631,-73.68584,344,81.3,80.3,83.2,58.9,65.5,0.000,0.000,0.00,0.000,4.4,7.3,1.2,184,18,5.2,8.5,1.4,190,16,4.4,7.3,1.2,184,18,380,29.75,,0,0,0,77.2,73.0,71.8,0.22,0.22,0.12
SCHO,2017-08-21 13:25:00 EDT,42.50631,-73.68584,344,81.1,80.2,82.9,58.0,64.9,0.000,0.000,0.00,0.000,5.6,8.3,1.3,187,13,6.3,9.6,1.4,192,11,5.6,8.3,1.3,187,13,370,29.75,,0,0,0,77.2,73.0,71.9,0.22,0.22,0.12
SCHO,2017-08-21 13:30:00 EDT,42.50631,-73.68584,344,81.0,80.2,82.8,58.2,64.9,0.000,0.000,0.00,0.000,4.6,7.4,1.4,181,14,5.1,8.6,1.5,185,13,4.6,7.4,1.4,181,14,353,29.75,,0,0,0,77.2,73.0,71.8,0.22,0.22,0.12
SCHO,2017-08-21 13:35:00 EDT,42.50631,-73.68584,344,81.2,80.4,83.2,59.3,65.7,0.000,0.000,0.00,0.000,3.6,6.2,1.2,173,17,4.2,7.2,1.3,180,15,3.6,6.2,1.2,173,17,349,29.75,,0,0,0,77.2,73.0,71.9,0.22,0.22,0.12
SCHO,2017-08-21 13:40:00 EDT,42.50631,-73.68584,344,81.3,80.5,83.4,59.4,65.8,0.000,0.000,0.00,0.000,3.2,6.4,1.3,147,21,3.5,7.0,1.4,152,20,3.2,6.4,1.3,147,21,354,29.75,,0,0,0,77.2,73.0,71.9,0.22,0.22,0.12
SCHO,2017-08-21 13:45:00 EDT,42.50631,-73.68584,344,81.4,80.7,83.4,58.2,65.4,0.000,0.000,0.00,0.000,3.3,5.3,0.9,164,16,3.8,6.4,1.1,171,14,3.3,5.3,0.9,164,16,379,29.75,,0,0,0,77.2,73.0,71.8,0.22,0.22,0.12
SCHO,2017-08-21 13:50:00 EDT,42.50631,-73.68584,344,81.7,81.0,83.5,56.7,64.8,0.000,0.000,0.00,0.000,4.5,7.5,1.3,188,13,5.2,8.6,1.3,193,11,4.5,7.5,1.3,188,13,364,29.75,,0,0,0,77.2,73.0,71.8,0.22,0.22,0.12
SCHO,2017-08-21 13:55:00 EDT,42.50631,-73.68584,344,81.6,80.9,83.3,55.9,64.4,0.000,0.000,0.00,0.000,5.1,7.7,1.2,191,12,5.7,8.9,1.3,195,11,5.1,7.7,1.2,191,12,308,29.75,,0,0,0,77.2,73.0,71.8,0.22,0.22,0.12
SCHO,2017-08-21 14:00:00 EDT,42.50631,-73.68584,344,81.5,80.9,83.3,57.0,64.8,0.000,0.000,0.00,0.000,4.3,8.1,1.7,186,15,4.8,9.0,1.9,192,12,4.3,8.1,1.7,186,15,282,29.75,,0,0,0,77.2,73.0,71.8,0.22,0.22,0.12
SCHO,2017-08-21 14:05:00 EDT,42.50631,-73.68584,344,81.6,81.0,83.3,56.5,64.6,0.000,0.000,0.00,0.000,4.1,8.0,1.8,176,15,4.7,9.1,1.7,182,14,4.1,8.0,1.8,176,15,252,29.75,,0,0,0,77.3,73.0,71.8,0.22,0.22,0.12
SCHO,2017-08-21 14:10:00 EDT,42.50631,-73.68584,344,81.1,80.6,82.9,57.6,64.8,0.000,0.000,0.00,0.000,4.5,7.4,1.3,182,16,5.0,8.1,1.3,187,14,4.5,7.4,1.3,182,16,241,29.75,,0,0,0,77.4,73.0,71.8,0.22,0.22,0.12
SCHO,2017-08-21 14:15:00 EDT,42.50631,-73.68584,344,81.1,80.6,83.1,59.1,65.5,0.000,0.000,0.00,0.000,3.2,5.7,1.1,170,20,3.6,6.3,1.2,176,21,3.2,5.7,1.1,170,20,213,29.74,,0,0,0,77.6,73.0,71.8,0.22,0.22,0.12
SCHO,2017-08-21 14:20:00 EDT,42.50631,-73.68584,344,80.6,80.1,82.7,60.5,65.7,0.000,0.000,0.00,0.000,2.4,5.8,1.5,168,15,3.0,7.3,1.5,175,17,2.4,5.8,1.5,168,15,198,29.74,,0,0,0,77.7,73.0,71.8,0.22,0.22,0.12
SCHO,2017-08-21 14:25:00 EDT,42.50631,-73.68584,344,80.5,80.1,82.7,62.1,66.3,0.000,0.000,0.00,0.000,2.4,4.3,1.1,177,16,2.9,6.6,1.2,183,14,2.4,4.3,1.1,177,16,184,29.74,,0,0,0,77.7,73.0,71.8,0.22,0.22,0.12
SCHO,2017-08-21 14:30:00 EDT,42.50631,-73.68584,344,80.4,80.0,82.6,62.4,66.3,0.000,0.000,0.00,0.000,2.3,4.8,1.0,167,22,2.8,5.6,1.1,174,22,2.3,4.8,1.0,167,22,173,29.74,,0,0,0,77.7,73.0,71.8,0.22,0.22,0.12
SCHO,2017-08-21 14:35:00 EDT,42.50631,-73.68584,344,80.1,79.7,82.2,62.9,66.3,0.000,0.000,0.00,0.000,2.4,4.8,0.8,162,20,2.8,5.9,1.1,169,19,2.4,4.8,0.8,162,20,172,29.73,,0,0,0,77.7,73.0,71.8,0.22,0.22,0.12
SCHO,2017-08-21 14:40:00 EDT,42.50631,-73.68584,344,80.1,79.5,82.3,63.3,66.5,0.000,0.000,0.00,0.000,2.2,5.1,1.0,158,25,2.5,6.0,1.0,160,25,2.2,5.1,1.0,158,25,220,29.73,,0,0,0,77.7,73.0,71.8,0.22,0.22,0.12
SCHO,2017-08-21 14:45:00 EDT,42.50631,-73.68584,344,80.1,79.5,82.4,64.2,66.9,0.000,0.000,0.00,0.000,2.1,5.0,1.1,159,22,2.6,5.7,1.2,162,23,2.1,5.0,1.1,159,22,218,29.73,,0,0,0,77.7,73.0,71.8,0.22,0.22,0.12
SCHO,2017-08-21 14:50:00 EDT,42.50631,-73.68584,344,79.8,79.3,79.8,64.5,66.8,0.000,0.000,0.00,0.000,1.6,3.9,0.8,153,20,2.0,4.8,0.8,156,23,1.6,3.9,0.8,153,20,153,29.73,,0,0,0,77.7,73.0,71.8,0.22,0.22,0.12
SCHO,2017-08-21 14:55:00 EDT,42.50631,-73.68584,344,79.5,79.2,79.5,64.7,66.6,0.000,0.000,0.00,0.000,2.2,4.0,0.7,150,18,2.4,4.4,0.9,157,18,2.2,4.0,0.7,150,18,152,29.73,,0,0,0,77.7,73.1,71.8,0.22,0.22,0.12
SCHO,2017-08-21 15:00:00 EDT,42.50631,-73.68584,344,79.3,79.0,79.3,65.8,66.9,0.000,0.000,0.00,0.000,1.7,2.9,0.5,149,18,1.9,3.4,0.6,153,19,1.7,2.9,0.5,149,18,158,29.73,,0,0,0,77.6,73.1,71.8,0.22,0.22,0.12
SCHO,2017-08-21 15:05:00 EDT,42.50631,-73.68584,344,79.2,78.8,79.2,66.9,67.2,0.000,0.000,0.00,0.000,1.6,2.8,0.5,139,21,1.9,3.4,0.5,143,23,1.6,2.8,0.5,139,21,172,29.72,,0,0,0,77.6,73.2,71.8,0.22,0.22,0.12
SCHO,2017-08-21 15:10:00 EDT,42.50631,-73.68584,344,79.6,79.1,79.6,67.0,67.7,0.000,0.000,0.00,0.000,1.5,2.4,0.4,139,15,1.6,2.7,0.4,142,16,1.5,2.4,0.4,139,15,327,29.72,,0,0,0,77.6,73.2,71.8,0.22,0.22,0.12
SCHO,2017-08-21 15:15:00 EDT,42.50631,-73.68584,344,80.6,79.7,83.5,67.0,68.6,0.000,0.000,0.00,0.000,1.4,2.6,0.5,148,24,1.7,3.7,0.7,153,26,1.4,2.6,0.5,148,24,396,29.72,,0,0,0,77.5,73.4,71.8,0.22,0.22,0.12
SCHO,2017-08-21 15:20:00 EDT,42.50631,-73.68584,344,81.3,80.3,84.3,65.2,68.5,0.000,0.000,0.00,0.000,2.3,3.9,0.7,168,25,2.8,5.5,0.9,173,23,2.3,3.9,0.7,168,25,418,29.72,,0,0,0,77.6,73.4,71.8,0.22,0.22,0.12
SCHO,2017-08-21 15:25:00 EDT,42.50631,-73.68584,344,82.1,81.1,85.3,64.2,68.8,0.000,0.000,0.00,0.000,2.2,4.9,0.9,155,18,2.5,5.7,1.0,159,19,2.2,4.9,0.9,155,18,449,29.72,,0,0,0,77.6,73.4,71.8,0.22,0.22,0.12
SCHO,2017-08-21 15:30:00 EDT,42.50631,-73.68584,344,82.6,81.4,85.7,62.0,68.2,0.000,0.000,0.00,0.000,3.4,5.8,1.1,167,18,3.9,7.1,1.3,172,17,3.4,5.8,1.1,167,18,500,29.72,,0,0,0,77.7,73.4,71.8,0.22,0.22,0.12
SCHO,2017-08-21 15:35:00 EDT,42.50631,-73.68584,344,83.0,81.9,85.3,57.5,66.4,0.000,0.000,0.00,0.000,4.2,8.0,1.5,179,25,4.9,8.7,1.6,186,23,4.2,8.0,1.5,179,25,582,29.72,,0,0,0,77.7,73.4,71.8,0.22,0.22,0.12
SCHO,2017-08-21 15:40:00 EDT,42.50631,-73.68584,344,83.1,82.0,85.5,57.2,66.4,0.000,0.000,0.00,0.000,5.5,9.3,1.6,175,17,6.3,10.1,1.6,181,15,5.5,9.3,1.6,175,17,498,29.72,,0,0,0,77.7,73.4,71.8,0.22,0.22,0.12
SCHO,2017-08-21 15:45:00 EDT,42.50631,-73.68584,344,82.6,81.8,85.0,58.4,66.6,0.000,0.000,0.00,0.000,5.0,8.0,1.4,175,20,5.6,9.1,1.5,181,17,5.0,8.0,1.4,175,20,392,29.72,,0,0,0,77.7,73.4,71.8,0.22,0.22,0.12
SCHO,2017-08-21 15:50:00 EDT,42.50631,-73.68584,344,82.7,81.9,85.2,58.7,66.8,0.000,0.000,0.00,0.000,5.5,10.6,2.0,181,21,6.1,11.8,2.2,186,19,5.5,10.6,2.0,181,21,481,29.72,,0,0,0,77.7,73.4,71.8,0.22,0.22,0.12
SCHO,2017-08-21 15:55:00 EDT,42.50631,-73.68584,344,82.6,81.7,85.1,58.8,66.7,0.000,0.000,0.00,0.000,7.6,12.3,2.2,186,13,8.4,13.3,2.4,191,10,7.6,12.3,2.2,186,13,361,29.72,,0,0,0,77.7,73.4,71.8,0.22,0.22,0.12
SCHO,2017-08-21 16:00:00 EDT,42.50631,-73.68584,344,82.0,81.4,84.3,58.8,66.2,0.000,0.000,0.00,0.000,6.6,12.2,2.1,189,17,7.3,12.8,2.2,194,13,6.6,12.2,2.1,189,17,272,29.72,,0,0,0,77.7,73.4,71.8,0.22,0.22,0.12
SCHO,2017-08-21 16:05:00 EDT,42.50631,-73.68584,344,81.9,81.2,84.6,61.2,67.2,0.000,0.000,0.00,0.000,4.2,7.8,1.6,169,24,4.9,8.9,1.8,176,21,4.2,7.8,1.6,169,24,313,29.72,,0,0,0,77.7,73.4,71.8,0.22,0.22,0.12
SCHO,2017-08-21 16:10:00 EDT,42.50631,-73.68584,344,82.3,81.3,85.0,60.2,67.2,0.000,0.000,0.00,0.000,5.8,10.3,2.1,161,19,6.5,12.8,2.5,167,18,5.8,10.3,2.1,161,19,423,29.72,,0,0,0,78.0,73.4,71.8,0.22,0.22,0.12
SCHO,2017-08-21 16:15:00 EDT,42.50631,-73.68584,344,81.8,81.1,84.2,59.9,66.5,0.000,0.000,0.00,0.000,6.2,10.3,1.7,169,17,7.0,12.4,2.1,175,15,6.2,10.3,1.7,169,17,256,29.72,,0,0,0,78.1,73.4,71.8,0.22,0.22,0.12
SCHO,2017-08-21 16:20:00 EDT,42.50631,-73.68584,344,81.7,81.1,84.0,60.0,66.5,0.000,0.000,0.00,0.000,6.8,12.1,1.9,164,20,7.6,13.0,2.1,171,17,6.8,12.1,1.9,164,20,263,29.72,,0,0,0,78.1,73.4,71.8,0.22,0.22,0.12
SCHO,2017-08-21 16:25:00 EDT,42.50631,-73.68584,344,81.6,81.0,84.0,60.5,66.6,0.000,0.000,0.00,0.000,4.3,9.7,2.2,171,19,4.8,11.1,2.3,177,19,4.3,9.7,2.2,171,19,251,29.72,,0,0,0,78.1,73.4,71.8,0.22,0.22,0.12
SCHO,2017-08-21 16:30:00 EDT,42.50631,-73.68584,344,82.2,81.3,84.7,60.3,67.1,0.000,0.000,0.00,0.000,4.0,6.5,1.2,181,21,4.6,7.5,1.4,187,19,4.0,6.5,1.2,181,21,394,29.72,,0,0,0,78.1,73.4,71.8,0.22,0.22,0.12
SCHO,2017-08-21 16:35:00 EDT,42.50631,-73.68584,344,82.0,81.3,84.2,59.0,66.2,0.000,0.000,0.00,0.000,5.3,9.0,1.5,179,16,5.8,9.7,1.7,183,13,5.3,9.0,1.5,179,16,278,29.71,,0,0,0,78.1,73.4,71.8,0.22,0.22,0.12
SCHO,2017-08-21 16:40:00 EDT,42.50631,-73.68584,344,81.8,81.2,84.1,59.7,66.4,0.000,0.000,0.00,0.000,4.6,7.8,1.7,175,22,5.2,9.0,1.9,181,20,4.6,7.8,1.7,175,22,231,29.71,,0,0,0,78.1,73.5,71.8,0.22,0.22,0.12
SCHO,2017-08-21 16:45:00 EDT,42.50631,-73.68584,344,81.7,81.1,84.0,60.0,66.4,0.000,0.000,0.00,0.000,4.8,7.9,1.1,163,19,5.7,9.6,1.4,170,15,4.8,7.9,1.1,163,19,323,29.71,,0,0,0,78.1,73.6,71.8,0.22,0.22,0.12
SCHO,2017-08-21 16:50:00 EDT,42.50631,-73.68584,344,82.0,81.3,84.5,60.2,66.9,0.000,0.000,0.00,0.000,5.7,10.0,1.6,151,19,6.3,10.4,1.9,155,19,5.7,10.0,1.6,151,19,394,29.71,,0,0,0,78.1,73.8,71.8,0.22,0.22,0.12
SCHO,2017-08-21 16:55:00 EDT,42.50631,-73.68584,344,82.6,81.7,85.3,59.9,67.3,0.000,0.000,0.00,0.000,5.4,9.6,1.9,155,18,6.1,11.1,2.1,160,17,5.4,9.6,1.9,155,18,414,29.71,,0,0,0,78.1,73.8,71.8,0.22,0.22,0.12
SCHO,2017-08-21 17:00:00 EDT,42.50631,-73.68584,344,82.8,81.8,85.2,58.4,66.7,0.000,0.000,0.00,0.000,5.5,10.5,2.2,165,20,6.4,13.3,2.4,172,19,5.5,10.5,2.2,165,20,397,29.71,,0,0,0,78.1,73.9,71.8,0.22,0.22,0.12
SCHO,2017-08-21 17:05:00 EDT,42.50631,-73.68584,344,82.9,82.0,85.6,58.8,67.1,0.000,0.000,0.00,0.000,4.3,8.6,2.2,158,22,4.9,10.3,2.1,164,23,4.3,8.6,2.2,158,22,382,29.71,,0,0,0,78.1,73.9,71.8,0.22,0.22,0.12
SCHO,2017-08-21 17:10:00 EDT,42.50631,-73.68584,344,82.9,81.9,85.4,58.2,66.7,0.000,0.000,0.00,0.000,5.0,9.1,1.7,159,19,5.7,10.6,1.9,167,17,5.0,9.1,1.7,159,19,368,29.71,,0,0,0,78.1,73.9,71.8,0.22,0.22,0.12
SCHO,2017-08-21 17:15:00 EDT,42.50631,-73.68584,344,83.1,82.1,85.9,58.9,67.3,0.000,0.000,0.00,0.000,4.1,7.7,1.7,155,18,4.7,8.7,1.8,160,17,4.1,7.7,1.7,155,18,355,29.70,,0,0,0,78.1,73.9,71.8,0.22,0.22,0.12
SCHO,2017-08-21 17:20:00 EDT,42.50631,-73.68584,344,83.1,82.1,85.8,58.9,67.2,0.000,0.000,0.00,0.000,4.1,8.2,1.6,160,20,4.7,9.7,1.7,166,19,4.1,8.2,1.6,160,20,342,29.70,,0,0,0,78.1,73.9,71.8,0.22,0.22,0.12
SCHO,2017-08-21 17:25:00 EDT,42.50631,-73.68584,344,83.1,82.2,85.8,58.5,67.1,0.000,0.000,0.00,0.000,4.8,8.5,1.1,170,23,5.5,8.9,1.2,176,23,4.8,8.5,1.1,170,23,325,29.70,,0,0,0,78.1,73.9,71.8,0.22,0.22,0.12
SCHO,2017-08-21 17:30:00 EDT,42.50631,-73.68584,344,83.5,82.5,86.5,59.2,67.7,0.000,0.000,0.00,0.000,3.2,6.0,1.2,184,26,3.8,7.2,1.4,190,25,3.2,6.0,1.2,184,26,310,29.70,,0,0,0,78.1,73.9,71.8,0.22,0.22,0.12
SCHO,2017-08-21 17:35:00 EDT,42.50631,-73.68584,344,83.3,82.4,86.2,59.3,67.6,0.000,0.000,0.00,0.000,3.8,7.5,1.1,157,22,4.3,8.5,1.3,162,21,3.8,7.5,1.1,157,22,297,29.70,,0,0,0,78.1,73.9,71.8,0.22,0.22,0.12
SCHO,2017-08-21 17:40:00 EDT,42.50631,-73.68584,344,83.0,82.2,85.8,59.2,67.3,0.000,0.000,0.00,0.000,4.3,9.3,1.7,165,17,5.0,11.2,1.9,170,16,4.3,9.3,1.7,165,17,279,29.70,,0,0,0,78.1,73.9,71.8,0.22,0.22,0.12
SCHO,2017-08-21 17:45:00 EDT,42.50631,-73.68584,344,83.0,82.3,85.8,59.2,67.3,0.000,0.000,0.00,0.000,5.3,9.6,2.1,188,15,6.1,10.9,2.2,193,13,5.3,9.6,2.1,188,15,267,29.70,,0,0,0,78.1,73.9,71.8,0.22,0.22,0.12
SCHO,2017-08-21 17:50:00 EDT,42.50631,-73.68584,344,82.9,82.2,85.7,59.6,67.4,0.000,0.000,0.00,0.000,4.7,8.7,1.5,164,19,5.1,8.6,1.7,167,18,4.7,8.7,1.5,164,19,255,29.70,,0,0,0,78.1,73.9,71.8,0.22,0.22,0.12
SCHO,2017-08-21 17:55:00 EDT,42.50631,-73.68584,344,82.8,82.1,85.8,60.6,67.8,0.000,0.000,0.00,0.000,3.7,7.5,1.4,160,19,4.1,8.6,1.6,166,17,3.7,7.5,1.4,160,19,240,29.70,,0,0,0,78.1,73.9,71.8,0.22,0.22,0.12
SCHO,2017-08-21 18:00:00 EDT,42.50631,-73.68584,344,82.8,82.1,85.6,60.1,67.5,0.000,0.000,0.00,0.000,4.9,9.6,2.1,177,20,5.5,11.5,2.2,182,19,4.9,9.6,2.1,177,20,223,29.69,,0,0,0,78.1,73.9,71.8,0.22,0.22,0.12
SCHO,2017-08-21 18:05:00 EDT,42.50631,-73.68584,344,82.6,82.0,85.5,60.6,67.6,0.000,0.000,0.00,0.000,4.9,10.0,1.9,179,15,5.6,10.2,1.9,185,14,4.9,10.0,1.9,179,15,210,29.69,,0,0,0,78.1,73.9,71.8,0.22,0.22,0.12
SCHO,2017-08-21 18:10:00 EDT,42.50631,-73.68584,344,82.5,82.0,85.3,60.2,67.4,0.000,0.000,0.00,0.000,5.4,9.5,1.5,178,15,6.1,10.3,1.7,185,12,5.4,9.5,1.5,178,15,196,29.69,,0,0,0,78.1,73.9,71.8,0.22,0.22,0.12
SCHO,2017-08-21 18:15:00 EDT,42.50631,-73.68584,344,82.5,82.0,85.3,61.0,67.7,0.000,0.000,0.00,0.000,4.0,7.1,1.4,181,16,4.7,8.4,1.6,185,13,4.0,7.1,1.4,181,16,182,29.69,,0,0,0,78.1,73.9,71.8,0.22,0.22,0.12
SCHO,2017-08-21 18:20:00 EDT,42.50631,-73.68584,344,82.4,81.9,85.3,61.2,67.8,0.000,0.000,0.00,0.000,4.9,7.8,1.4,186,19,5.5,10.1,1.5,190,16,4.9,7.8,1.4,186,19,168,29.69,,0,0,0,78.1,73.9,71.8,0.22,0.22,0.12
SCHO,2017-08-21 18:25:00 EDT,42.50631,-73.68584,344,82.2,81.8,85.2,62.0,67.9,0.000,0.000,0.00,0.000,4.5,8.0,1.6,171,16,5.2,9.4,1.6,176,13,4.5,8.0,1.6,171,16,154,29.69,,0,0,0,78.1,73.9,71.8,0.22,0.22,0.12
SCHO,2017-08-21 18:30:00 EDT,42.50631,-73.68584,344,81.9,81.5,84.9,63.4,68.3,0.000,0.000,0.00,0.000,3.2,7.7,1.4,163,25,3.4,8.8,1.5,167,25,3.2,7.7,1.4,163,25,143,29.69,,0,0,0,78.1,73.9,71.8,0.22,0.22,0.12
SCHO,2017-08-21 18:35:00 EDT,42.50631,-73.68584,344,81.6,81.2,84.7,64.8,68.6,0.000,0.000,0.00,0.000,3.4,5.5,1.2,158,16,4.0,7.4,1.5,165,16,3.4,5.5,1.2,158,16,131,29.69,,0,0,0,78.1,73.9,71.8,0.22,0.22,0.12
SCHO,2017-08-21 18:40:00 EDT,42.50631,-73.68584,344,81.4,81.0,84.4,64.9,68.4,0.000,0.000,0.00,0.000,3.5,8.4,1.2,147,23,3.8,7.6,1.2,154,22,3.5,8.4,1.2,147,23,115,29.69,,0,0,0,78.1,73.9,71.8,0.22,0.22,0.12
SCHO,2017-08-21 18:45:00 EDT,42.50631,-73.68584,344,81.3,81.1,84.2,64.4,68.2,0.000,0.000,0.00,0.000,3.9,7.7,1.8,160,21,4.6,8.1,1.8,165,18,3.9,7.7,1.8,160,21,104,29.69,,0,0,0,78.1,73.9,71.8,0.22,0.22,0.12
SCHO,2017-08-21 18:50:00 EDT,42.50631,-73.68584,344,81.0,80.8,83.9,65.2,68.2,0.000,0.000,0.00,0.000,3.4,6.6,1.2,159,15,3.8,7.4,1.3,165,16,3.4,6.6,1.2,159,15,93,29.68,,0,0,0,78.1,73.9,71.8,0.22,0.22,0.12
SCHO,2017-08-21 18:55:00 EDT,42.50631,-73.68584,344,80.8,80.7,83.6,65.2,68.0,0.000,0.000,0.00,0.000,3.8,9.6,1.7,148,17,3.9,9.0,1.9,155,17,3.8,9.6,1.7,148,17,83,29.68,,0,0,0,78.1,73.9,71.8,0.22,0.22,0.12
SCHO,2017-08-21 19:00:00 EDT,42.50631,-73.68584,344,80.5,80.4,83.2,66.1,68.1,0.000,0.000,0.00,0.000,3.4,6.0,1.0,141,21,3.5,7.5,1.3,145,21,3.4,6.0,1.0,141,21,72,29.68,,0,0,0,78.1,73.9,71.8,0.22,0.22,0.12
SCHO,2017-08-21 19:05:00 EDT,42.50631,-73.68584,344,80.1,80.2,82.8,66.9,68.2,0.000,0.000,0.00,0.000,3.6,6.4,1.1,141,18,3.9,6.8,1.2,146,18,3.6,6.4,1.1,141,18,61,29.68,,0,0,0,78.1,73.9,71.8,0.22,0.22,0.12
SCHO,2017-08-21 19:10:00 EDT,42.50631,-73.68584,344,80.1,80.1,82.8,67.0,68.2,0.000,0.000,0.00,0.000,3.6,7.1,1.3,153,22,4.3,8.8,1.5,159,17,3.6,7.1,1.3,153,22,51,29.68,,0,0,0,78.1,74.0,71.8,0.22,0.22,0.12
SCHO,2017-08-21 19:15:00 EDT,42.50631,-73.68584,344,79.8,79.8,79.8,67.2,68.0,0.000,0.000,0.00,0.000,3.4,6.0,0.9,154,19,3.8,7.0,1.1,159,19,3.4,6.0,0.9,154,19,40,29.68,,0,0,0,78.1,74.1,71.8,0.22,0.22,0.12
SCHO,2017-08-21 19:20:00 EDT,42.50631,-73.68584,344,79.4,79.5,79.4,68.3,68.0,0.000,0.000,0.00,0.000,3.2,7.9,1.6,147,21,3.7,8.0,1.8,151,19,3.2,7.9,1.6,147,21,30,29.68,,0,0,0,78.1,74.1,71.8,0.22,0.22,0.12
SCHO,2017-08-21 19:25:00 EDT,42.50631,-73.68584,344,78.8,79.1,78.8,69.2,67.9,0.000,0.000,0.00,0.000,3.8,6.9,1.2,143,17,4.0,7.4,1.5,151,15,3.8,6.9,1.2,143,17,23,29.68,,0,0,0,78.1,74.1,71.8,0.22,0.22,0.12
SCHO,2017-08-21 19:30:00 EDT,42.50631,-73.68584,344,78.7,78.8,78.7,69.3,67.8,0.000,0.000,0.00,0.000,3.2,5.0,1.0,153,21,3.6,7.2,1.3,159,21,3.2,5.0,1.0,153,21,16,29.68,,0,0,0,78.1,74.3,71.8,0.22,0.22,0.12
SCHO,2017-08-21 19:35:00 EDT,42.50631,-73.68584,344,78.7,78.8,78.7,69.3,67.8,0.000,0.000,0.00,0.000,4.4,8.9,1.6,148,23,5.1,9.1,1.9,151,22,4.4,8.9,1.6,148,23,9,29.68,,0,0,0,78.1,74.3,71.8,0.22,0.22,0.12
SCHO,2017-08-21 19:40:00 EDT,42.50631,-73.68584,344,78.6,78.7,78.6,68.9,67.5,0.000,0.000,0.00,0.000,3.8,9.2,1.6,158,23,4.3,9.6,1.8,162,25,3.8,9.2,1.6,158,23,6,29.68,,0,0,0,78.1,74.3,71.8,0.22,0.22,0.12
SCHO,2017-08-21 19:45:00 EDT,42.50631,-73.68584,344,78.5,78.6,78.5,69.2,67.6,0.000,0.000,0.00,0.000,3.5,6.9,1.3,165,18,4.1,7.2,1.3,171,19,3.5,6.9,1.3,165,18,3,29.68,,0,0,0,77.9,74.3,71.8,0.22,0.22,0.12
SCHO,2017-08-21 19:50:00 EDT,42.50631,-73.68584,344,78.0,78.3,78.0,70.0,67.5,0.000,0.000,0.00,0.000,2.4,4.2,0.8,149,22,2.8,5.7,1.1,156,22,2.4,4.2,0.8,149,22,2,29.69,,0,0,0,77.7,74.3,71.8,0.22,0.22,0.12
SCHO,2017-08-21 19:55:00 EDT,42.50631,-73.68584,344,77.9,78.1,77.9,70.2,67.4,0.000,0.000,0.00,0.000,3.4,5.9,1.0,136,16,3.4,6.1,1.2,139,14,3.4,5.9,1.0,136,16,1,29.69,,0,0,0,77.7,74.3,71.8,0.22,0.22,0.12
SCHO,2017-08-21 20:00:00 EDT,42.50631,-73.68584,344,77.6,77.9,77.6,70.6,67.3,0.000,0.000,0.00,0.000,3.4,5.8,1.1,135,18,3.6,6.3,1.1,141,18,3.4,5.8,1.1,135,18,0,29.69,,0,0,0,77.7,74.3,71.8,0.22,0.22,0.12
SCHO,2017-08-21 20:05:00 EDT,42.50631,-73.68584,344,77.5,77.7,77.5,71.0,67.3,0.000,0.000,0.00,0.000,3.0,6.9,1.1,140,20,3.1,6.7,1.1,146,19,3.0,6.9,1.1,140,20,0,29.69,,0,0,0,77.7,74.3,71.8,0.22,0.22,0.12
SCHO,2017-08-21 20:10:00 EDT,42.50631,-73.68584,344,77.3,77.6,77.3,71.4,67.3,0.000,0.000,0.00,0.000,3.4,6.4,1.3,136,17,3.5,7.1,1.3,139,14,3.4,6.4,1.3,136,17,0,29.69,,0,0,0,77.7,74.3,71.8,0.22,0.22,0.12
SCHO,2017-08-21 20:15:00 EDT,42.50631,-73.68584,344,77.1,77.4,77.1,71.7,67.3,0.000,0.000,0.00,0.000,3.7,6.1,0.9,132,12,3.9,7.2,1.0,137,12,3.7,6.1,0.9,132,12,0,29.69,,0,0,0,77.7,74.3,71.8,0.22,0.22,0.12
SCHO,2017-08-21 20:20:00 EDT,42.50631,-73.68584,344,76.8,77.2,76.8,72.6,67.3,0.000,0.000,0.00,0.000,3.5,6.6,1.1,132,18,3.8,7.5,1.3,136,16,3.5,6.6,1.1,132,18,0,29.69,,0,0,0,77.7,74.3,71.8,0.22,0.22,0.12
SCHO,2017-08-21 20:25:00 EDT,42.50631,-73.68584,344,76.8,77.1,76.8,73.1,67.5,0.000,0.000,0.00,0.000,4.3,7.8,1.2,140,20,4.7,8.8,1.3,145,19,4.3,7.8,1.2,140,20,0,29.69,,0,0,0,77.5,74.3,71.8,0.22,0.22,0.12
SCHO,2017-08-21 20:30:00 EDT,42.50631,-73.68584,344,76.9,77.0,76.9,72.9,67.5,0.000,0.000,0.00,0.000,3.8,7.1,1.0,139,20,4.1,8.1,1.3,147,19,3.8,7.1,1.0,139,20,0,29.69,,0,0,0,77.2,74.3,71.8,0.22,0.22,0.12
SCHO,2017-08-21 20:35:00 EDT,42.50631,-73.68584,344,76.8,77.1,76.8,73.0,67.5,0.000,0.000,0.00,0.000,4.3,6.9,1.1,134,18,4.5,7.9,1.3,138,16,4.3,6.9,1.1,134,18,0,29.69,,0,0,0,77.2,74.3,71.8,0.22,0.22,0.12
SCHO,2017-08-21 20:40:00 EDT,42.50631,-73.68584,344,76.9,77.1,76.9,73.1,67.6,0.000,0.000,0.00,0.000,4.8,8.0,1.4,139,20,5.3,8.9,1.5,145,17,4.8,8.0,1.4,139,20,0,29.69,,0,0,0,77.2,74.3,71.8,0.22,0.22,0.12
SCHO,2017-08-21 20:45:00 EDT,42.50631,-73.68584,344,76.7,77.2,76.7,73.3,67.6,0.000,0.000,0.00,0.000,4.6,8.3,1.5,146,18,5.0,9.0,1.5,151,18,4.6,8.3,1.5,146,18,0,29.69,,0,0,0,77.2,74.3,71.8,0.22,0.22,0.12
SCHO,2017-08-21 20:50:00 EDT,42.50631,-73.68584,344,76.8,77.1,76.8,73.4,67.7,0.000,0.000,0.00,0.000,4.5,7.5,1.2,150,17,4.7,9.0,1.5,157,16,4.5,7.5,1.2,150,17,0,29.69,,0,0,0,77.2,74.3,71.8,0.22,0.22,0.12
SCHO,2017-08-21 20:55:00 EDT,42.50631,-73.68584,344,76.7,76.9,76.7,73.8,67.7,0.000,0.000,0.00,0.000,4.0,8.0,1.7,142,21,4.6,10.3,1.7,149,17,4.0,8.0,1.7,142,21,0,29.69,,0,0,0,77.2,74.3,71.8,0.22,0.22,0.12
SCHO,2017-08-21 21:00:00 EDT,42.50631,-73.68584,344,76.6,76.8,76.6,74.2,67.8,0.000,0.000,0.00,0.000,4.3,8.8,1.8,140,24,4.7,9.9,2.0,146,21,4.3,8.8,1.8,140,24,0,29.69,,0,0,0,77.2,74.3,71.8,0.22,0.22,0.12
SCHO,2017-08-21 21:05:00 EDT,42.50631,-73.68584,344,76.6,76.7,76.6,74.2,67.8,0.000,0.000,0.00,0.000,4.0,6.9,1.5,143,22,4.4,9.2,1.7,149,20,4.0,6.9,1.5,143,22,0,29.69,,0,0,0,77.2,74.3,71.8,0.22,0.22,0.12
SCHO,2017-08-21 21:10:00 EDT,42.50631,-73.68584,344,76.3,76.5,76.3,75.1,67.8,0.000,0.000,0.00,0.000,3.8,7.5,1.2,136,21,4.2,8.8,1.4,142,19,3.8,7.5,1.2,136,21,0,29.69,,0,0,0,77.1,74.3,71.8,0.22,0.22,0.12
SCHO,2017-08-21 21:15:00 EDT,42.50631,-73.68584,344,76.3,76.5,76.3,75.4,67.9,0.000,0.000,0.00,0.000,3.6,7.2,1.5,137,21,4.0,7.8,1.6,141,20,3.6,7.2,1.5,137,21,0,29.69,,0,0,0,76.9,74.3,71.8,0.22,0.22,0.12
SCHO,2017-08-21 21:20:00 EDT,42.50631,-73.68584,344,76.2,76.3,76.2,75.5,67.9,0.000,0.000,0.00,0.000,4.3,8.3,1.5,133,21,4.6,9.4,1.6,139,21,4.3,8.3,1.5,133,21,0,29.69,,0,0,0,76.8,74.3,71.8,0.22,0.22,0.12
SCHO,2017-08-21 21:25:00 EDT,42.50631,-73.68584,344,76.0,76.2,76.0,76.2,68.0,0.000,0.000,0.00,0.000,4.2,6.9,1.1,143,21,4.8,8.9,1.3,150,21,4.2,6.9,1.1,143,21,0,29.69,,0,0,0,76.8,74.3,71.8,0.22,0.22,0.12
SCHO,2017-08-21 21:30:00 EDT,42.50631,-73.68584,344,75.9,76.0,75.9,76.7,68.0,0.000,0.000,0.00,0.000,3.5,6.6,1.2,149,17,3.8,6.8,1.4,152,17,3.5,6.6,1.2,149,17,0,29.69,,0,0,0,76.8,74.3,71.8,0.22,0.22,0.12
SCHO,2017-08-21 21:35:00 EDT,42.50631,-73.68584,344,75.7,75.9,75.7,77.0,68.0,0.000,0.000,0.00,0.000,3.7,7.6,1.1,134,22,4.1,7.9,1.4,142,19,3.7,7.6,1.1,134,22,0,29.69,,0,0,0,76.8,74.4,71.8,0.22,0.22,0.12
SCHO,2017-08-21 21:40:00 EDT,42.50631,-73.68584,344,75.7,75.7,75.7,77.6,68.2,0.000,0.000,0.00,0.000,3.8,6.9,1.6,143,23,4.3,8.5,1.6,149,21,3.8,6.9,1.6,143,23,0,29.69,,0,0,0,76.8,74.4,71.8,0.22,0.22,0.12
SCHO,2017-08-21 21:45:00 EDT,42.50631,-73.68584,344,75.6,75.6,75.6,77.9,68.2,0.000,0.000,0.00,0.000,3.9,7.6,1.2,144,21,4.2,8.6,1.3,150,21,3.9,7.6,1.2,144,21,0,29.69,,0,0,0,76.8,74.4,71.8,0.22,0.22,0.12
SCHO,2017-08-21 21:50:00 EDT,42.50631,-73.68584,344,75.3,75.5,75.3,78.7,68.2,0.000,0.000,0.00,0.000,3.4,6.6,1.5,141,22,3.8,8.4,1.6,148,21,3.4,6.6,1.5,141,22,0,29.69,,0,0,0,76.8,74.4,71.8,0.22,0.22,0.12
SCHO,2017-08-21 21:55:00 EDT,42.50631,-73.68584,344,75.3,75.5,75.3,79.7,68.5,0.000,0.000,0.00,0.000,4.1,9.4,2.0,164,23,5.0,9.8,2.1,167,23,4.1,9.4,2.0,164,23,0,29.69,,0,0,0,76.8,74.5,71.8,0.22,0.22,0.12
SCHO,2017-08-21 22:00:00 EDT,42.50631,-73.68584,344,75.6,75.7,75.6,79.5,68.8,0.000,0.000,0.00,0.000,4.2,7.9,1.7,175,24,4.8,8.4,1.9,179,22,4.2,7.9,1.7,175,24,0,29.69,,0,0,0,76.8,74.5,71.8,0.22,0.22,0.12
SCHO,2017-08-21 22:05:00 EDT,42.50631,-73.68584,344,75.7,75.7,75.7,79.4,68.9,0.000,0.000,0.00,0.000,4.3,7.9,1.3,166,19,4.8,8.9,1.4,173,16,4.3,7.9,1.3,166,19,0,29.69,,0,0,0,76.6,74.5,71.8,0.22,0.22,0.12
SCHO,2017-08-21 22:10:00 EDT,42.50631,-73.68584,344,75.5,75.6,75.5,79.4,68.7,0.000,0.000,0.00,0.000,3.6,8.7,1.9,170,19,4.6,10.6,1.9,176,17,3.6,8.7,1.9,170,19,0,29.69,,0,0,0,76.5,74.6,71.8,0.22,0.22,0.12
SCHO,2017-08-21 22:15:00 EDT,42.50631,-73.68584,344,75.4,75.5,75.4,80.0,68.8,0.000,0.000,0.00,0.000,3.9,6.6,1.5,166,19,4.4,7.6,1.5,170,15,3.9,6.6,1.5,166,19,0,29.69,,0,0,0,76.5,74.5,71.8,0.22,0.22,0.12
SCHO,2017-08-21 22:20:00 EDT,42.50631,-73.68584,344,75.6,75.6,75.6,80.3,69.1,0.000,0.000,0.00,0.000,4.8,9.1,1.5,172,16,5.3,9.7,1.6,177,14,4.8,9.1,1.5,172,16,0,29.69,,0,0,0,76.5,74.6,71.8,0.22,0.22,0.12
SCHO,2017-08-21 22:25:00 EDT,42.50631,-73.68584,344,75.2,75.4,75.2,80.6,68.8,0.000,0.000,0.00,0.000,3.1,5.9,1.3,173,22,3.6,6.8,1.5,177,18,3.1,5.9,1.3,173,22,0,29.69,,0,0,0,76.5,74.6,71.8,0.22,0.22,0.12
SCHO,2017-08-21 22:30:00 EDT,42.50631,-73.68584,344,75.4,75.4,75.4,81.0,69.2,0.000,0.000,0.00,0.000,4.0,7.4,1.5,168,21,4.5,8.6,1.7,173,22,4.0,7.4,1.5,168,21,0,29.69,,0,0,0,76.5,74.6,71.8,0.22,0.22,0.12
SCHO,2017-08-21 22:35:00 EDT,42.50631,-73.68584,344,75.3,75.3,75.3,81.1,69.1,0.000,0.000,0.00,0.000,3.6,6.6,1.0,165,20,4.2,7.3,1.1,171,19,3.6,6.6,1.0,165,20,0,29.69,,0,0,0,76.5,74.6,71.8,0.22,0.22,0.12
SCHO,2017-08-21 22:40:00 EDT,42.50631,-73.68584,344,75.2,75.2,75.2,81.3,69.1,0.000,0.000,0.00,0.000,3.9,7.5,1.2,170,18,4.4,8.5,1.4,176,15,3.9,7.5,1.2,170,18,0,29.69,,0,0,0,76.5,74.6,71.8,0.22,0.22,0.12
SCHO,2017-08-21 22:45:00 EDT,42.50631,-73.68584,344,75.0,75.1,75.0,81.6,69.0,0.000,0.000,0.00,0.000,3.2,6.4,1.2,166,22,3.8,7.6,1.5,169,20,3.2,6.4,1.2,166,22,0,29.69,,0,0,0,76.5,74.6,71.8,0.22,0.22,0.12
SCHO,2017-08-21 22:50:00 EDT,42.50631,-73.68584,344,75.0,75.1,75.0,82.1,69.2,0.000,0.000,0.00,0.000,4.4,7.4,1.3,166,19,4.9,9.5,1.5,173,15,4.4,7.4,1.3,166,19,0,29.69,,0,0,0,76.5,74.6,71.8,0.22,0.22,0.12
SCHO,2017-08-21 22:55:00 EDT,42.50631,-73.68584,344,75.0,75.1,75.0,82.1,69.2,0.000,0.000,0.00,0.000,4.6,8.3,1.5,166,18,5.0,8.9,1.7,172,15,4.6,8.3,1.5,166,18,0,29.69,,0,0,0,76.5,74.6,71.8,0.22,0.22,0.12
SCHO,2017-08-21 23:00:00 EDT,42.50631,-73.68584,344,74.9,74.9,74.9,82.1,69.1,0.000,0.000,0.00,0.000,3.4,8.3,1.6,171,23,4.2,9.6,1.9,178,21,3.4,8.3,1.6,171,23,0,29.68,,0,0,0,76.5,74.6,71.8,0.22,0.22,0.12
SCHO,2017-08-21 23:05:00 EDT,42.50631,-73.68584,344,74.9,74.9,74.9,82.2,69.1,0.000,0.000,0.00,0.000,4.2,7.5,1.5,167,16,4.7,9.1,1.7,172,15,4.2,7.5,1.5,167,16,0,29.68,,0,0,0,76.5,74.6,71.8,0.22,0.22,0.12
SCHO,2017-08-21 23:10:00 EDT,42.50631,-73.68584,344,74.8,74.7,74.8,82.7,69.2,0.000,0.000,0.00,0.000,3.5,6.7,1.5,170,22,4.1,7.3,1.7,176,19,3.5,6.7,1.5,170,22,0,29.68,,0,0,0,76.4,74.6,71.8,0.22,0.22,0.12
SCHO,2017-08-21 23:15:00 EDT,42.50631,-73.68584,344,74.8,74.7,74.8,83.0,69.3,0.000,0.000,0.00,0.000,4.4,7.6,1.5,169,19,5.3,8.9,1.7,178,16,4.4,7.6,1.5,169,19,0,29.68,,0,0,0,76.1,74.6,71.8,0.22,0.22,0.12
SCHO,2017-08-21 23:20:00 EDT,42.50631,-73.68584,344,74.6,74.6,74.6,83.4,69.2,0.000,0.000,0.00,0.000,4.0,6.9,1.3,169,18,4.5,8.5,1.5,174,16,4.0,6.9,1.3,169,18,0,29.68,,0,0,0,76.0,74.6,71.8,0.22,0.22,0.12
SCHO,2017-08-21 23:25:00 EDT,42.50631,-73.68584,344,74.7,74.6,74.7,83.4,69.3,0.000,0.000,0.00,0.000,4.3,8.2,1.7,169,20,5.0,9.3,1.7,176,16,4.3,8.2,1.7,169,20,0,29.68,,0,0,0,75.9,74.6,71.8,0.22,0.22,0.12
SCHO,2017-08-21 23:30:00 EDT,42.50631,-73.68584,344,74.7,74.7,74.7,83.3,69.3,0.000,0.000,0.00,0.000,4.6,7.8,1.6,170,15,5.2,9.0,1.7,174,14,4.6,7.8,1.6,170,15,0,29.68,,0,0,0,75.9,74.6,71.8,0.22,0.22,0.12
SCHO,2017-08-21 23:35:00 EDT,42.50631,-73.68584,344,74.4,74.4,74.4,83.6,69.1,0.000,0.000,0.00,0.000,3.8,8.1,1.4,157,18,4.2,8.7,1.6,162,18,3.8,8.1,1.4,157,18,0,29.68,,0,0,0,75.9,74.6,71.8,0.22,0.22,0.12
SCHO,2017-08-21 23:40:00 EDT,42.50631,-73.68584,344,74.2,74.3,74.2,84.3,69.1,0.000,0.000,0.00,0.000,3.2,6.4,1.4,157,21,3.6,8.1,1.7,164,20,3.2,6.4,1.4,157,21,0,29.68,,0,0,0,75.9,74.6,71.8,0.22,0.22,0.12
SCHO,2017-08-21 23:45:00 EDT,42.50631,-73.68584,344,74.3,74.3,74.3,84.4,69.2,0.000,0.000,0.00,0.000,3.2,7.7,1.6,158,28,3.8,9.8,1.8,169,23,3.2,7.7,1.6,158,28,0,29.68,,0,0,0,75.9,74.6,71.8,0.22,0.22,0.12
SCHO,2017-08-21 23:50:00 EDT,42.50631,-73.68584,344,74.3,74.3,74.3,84.5,69.3,0.000,0.000,0.00,0.000,2.9,6.9,1.5,159,23,3.4,8.5,1.7,165,23,2.9,6.9,1.5,159,23,0,29.68,,0,0,0,75.9,74.6,71.8,0.22,0.22,0.12
SCHO,2017-08-21 23:55:00 EDT,42.50631,-73.68584,344,74.1,74.2,74.1,84.7,69.2,0.000,0.000,0.00,0.000,2.0,5.2,1.4,154,21,2.3,5.9,1.2,157,26,2.0,5.2,1.4,154,21,0,29.68,,0,0,0,75.9,74.6,71.8,0.22,0.22,0.12
SCHU,2017-08-21 00:00:00 EDT,43.11700,-73.57829,103,63.3,64.4,63.3,99.9,63.2,0.000,0.000,0.00,0.000,1.2,2.7,0.9,131,10,1.5,2.9,0.7,127,11,1.2,2.7,0.9,131,10,0,30.01,,0,0,0,75.7,76.8,72.7,0.11,0.10,0.08
SCHU,2017-08-21 00:05:00 EDT,43.11700,-73.57829,103,63.1,64.3,63.1,99.9,63.1,0.000,0.000,0.00,0.000,1.7,2.6,0.5,147,13,1.9,2.7,0.5,140,12,1.7,2.6,0.5,147,13,0,30.02,,0,0,0,75.8,76.8,72.7,0.11,0.10,0.07
SCHU,2017-08-21 00:10:00 EDT,43.11700,-73.57829,103,63.2,64.1,63.2,100.0,63.2,0.000,0.000,0.00,0.000,0.4,1.2,0.4,139,9,0.9,1.6,0.3,145,26,0.4,1.2,0.4,139,9,0,30.02,,0,0,0,75.7,76.8,72.7,0.11,0.11,0.08
SCHU,2017-08-21 00:15:00 EDT,43.11700,-73.57829,103,63.4,64.1,63.4,100.0,63.4,0.000,0.000,0.00,0.000,0.3,0.9,0.3,124,13,0.9,1.4,0.2,121,17,0.3,0.9,0.3,124,13,0,30.02,,0,0,0,75.7,76.8,72.7,0.11,0.10,0.08
SCHU,2017-08-21 00:20:00 EDT,43.11700,-73.57829,103,63.2,64.0,63.2,100.0,63.2,0.000,0.000,0.00,0.000,0.4,1.4,0.4,143,12,0.9,1.6,0.3,135,20,0.4,1.4,0.4,143,12,0,30.02,,0,0,0,75.6,76.8,72.7,0.11,0.10,0.08
SCHU,2017-08-21 00:25:00 EDT,43.11700,-73.57829,103,62.8,64.0,62.8,100.0,62.8,0.000,0.000,0.00,0.000,0.9,2.0,0.4,135,14,1.2,2.2,0.2,129,13,0.9,2.0,0.4,135,14,0,30.02,,0,0,0,75.6,76.8,72.7,0.11,0.10,0.08
SCHU,2017-08-21 00:30:00 EDT,43.11700,-73.57829,103,62.9,64.0,62.9,100.0,62.9,0.000,0.000,0.00,0.000,0.5,1.3,0.4,151,11,1.0,1.6,0.2,151,18,0.5,1.3,0.4,151,11,0,30.02,,0,0,0,75.6,76.8,72.7,0.11,0.10,0.07
SCHU,2017-08-21 00:35:00 EDT,43.11700,-73.57829,103,62.8,63.9,62.8,100.0,62.8,0.000,0.000,0.00,0.000,0.1,1.1,0.3,122,4,0.6,1.3,0.2,148,26,0.1,1.1,0.3,122,4,0,30.03,,0,0,0,75.5,76.8,72.7,0.11,0.10,0.07
SCHU,2017-08-21 00:40:00 EDT,43.11700,-73.57829,103,62.7,63.7,62.7,100.0,62.6,0.000,0.000,0.00,0.000,0.0,0.0,0.0,0,0,0.4,0.9,0.1,134,31,0.0,0.0,0.0,0,0,0,30.03,,0,0,0,75.4,76.7,72.7,0.11,0.10,0.07
SCHU,2017-08-21 00:45:00 EDT,43.11700,-73.57829,103,62.6,63.7,62.6,100.0,62.6,0.000,0.000,0.00,0.000,0.0,0.1,0.0,213,0,0.5,0.9,0.2,107,53,0.0,0.1,0.0,213,0,0,30.02,,0,0,0,75.3,76.7,72.7,0.11,0.11,0.08
SCHU,2017-08-21 00:50:00 EDT,43.11700,-73.57829,103,62.6,63.7,62.6,100.0,62.6,0.000,0.000,0.00,0.000,0.1,0.6,0.2,210,5,0.7,1.4,0.2,161,25,0.1,0.6,0.2,210,5,0,30.03,,0,0,0,75.1,76.7,72.7,0.11,0.11,0.07
SCHU,2017-08-21 00:55:00 EDT,43.11700,-73.57829,103,62.4,63.5,62.4,100.0,62.4,0.000,0.000,0.00,0.000,0.1,0.6,0.2,186,4,0.9,1.2,0.2,168,20,0.1,0.6,0.2,186,4,0,30.03,,0,0,0,75.0,76.7,72.7,0.11,0.10,0.08
SCHU,2017-08-21 01:00:00 EDT,43.11700,-73.57829,103,62.2,63.5,62.2,100.0,62.2,0.000,0.000,0.00,0.000,0.4,0.9,0.3,161,18,1.0,1.3,0.2,149,20,0.4,0.9,0.3,161,18,0,30.03,,0,0,0,74.9,76.7,72.7,0.11,0.10,0.07
SCHU,2017-08-21 01:05:00 EDT,43.11700,-73.57829,103,62.1,63.2,62.1,100.0,62.1,0.000,0.000,0.00,0.000,1.1,1.7,0.4,134,9,1.4,2.1,0.3,132,9,1.1,1.7,0.4,134,9,0,30.03,,0,0,0,74.9,76.7,72.7,0.11,0.11,0.07
SCHU,2017-08-21 01:10:00 EDT,43.11700,-73.57829,103,62.6,63.3,62.6,100.0,62.6,0.000,0.000,0.00,0.000,1.3,1.8,0.2,116,10,1.6,2.1,0.2,112,11,1.3,1.8,0.2,116,10,0,30.02,,0,0,0,74.9,76.7,72.7,0.11,0.11,0.08
SCHU,2017-08-21 01:15:00 EDT,43.11700,-73.57829,103,62.0,63.4,62.0,100.0,62.0,0.000,0.000,0.00,0.000,0.7,1.5,0.4,120,14,1.2,1.8,0.3,117,14,0.7,1.5,0.4,120,14,0,30.02,,0,0,0,74.8,76.6,72.7,0.11,0.10,0.08
SCHU,2017-08-21 01:20:00 EDT,43.11700,-73.57829,103,62.4,63.3,62.4,100.0,62.4,0.000,0.000,0.00,0.000,0.6,2.3,0.6,105,13,1.1,2.6,0.5,97,19,0.6,2.3,0.6,105,13,0,30.03,,0,0,0,74.7,76.6,72.7,0.11,0.10,0.07
SCHU,2017-08-21 01:25:00 EDT,43.11700,-73.57829,103,62.0,63.3,62.0,100.0,62.0,0.000,0.000,0.00,0.000,1.1,2.0,0.3,106,21,1.4,2.7,0.3,103,20,1.1,2.0,0.3,106,21,0,30.02,,0,0,0,74.8,76.6,72.7,0.11,0.10,0.07
SCHU,2017-08-21 01:30:00 EDT,43.11700,-73.57829,103,62.0,63.1,62.0,100.0,62.0,0.000,0.000,0.00,0.000,1.3,2.3,0.3,131,10,1.5,2.7,0.3,128,9,1.3,2.3,0.3,131,10,0,30.02,,0,0,0,74.7,76.6,72.7,0.11,0.10,0.08
SCHU,2017-08-21 01:35:00 EDT,43.11700,-73.57829,103,61.8,63.1,61.8,100.0,61.8,0.000,0.000,0.00,0.000,0.7,2.1,0.7,122,30,1.2,2.5,0.6,135,42,0.7,2.1,0.7,122,30,0,30.02,,0,0,0,74.6,76.5,72.7,0.11,0.10,0.07
SCHU,2017-08-21 01:40:00 EDT,43.11700,-73.57829,103,62.0,62.9,62.0,100.0,62.0,0.000,0.000,0.00,0.000,0.2,1.1,0.3,110,4,0.7,1.6,0.4,108,19,0.2,1.1,0.3,110,4,0,30.02,,0,0,0,74.5,76.6,72.7,0.11,0.10,0.08
SCHU,2017-08-21 01:45:00 EDT,43.11700,-73.57829,103,61.9,62.7,61.9,100.0,61.9,0.000,0.000,0.00,0.000,0.2,0.7,0.2,142,8,0.8,1.3,0.3,133,20,0.2,0.7,0.2,142,8,0,30.02,,0,0,0,74.4,76.5,72.7,0.11,0.10,0.07
SCHU,2017-08-21 01:50:00 EDT,43.11700,-73.57829,103,61.9,62.5,61.9,100.0,61.9,0.000,0.000,0.00,0.000,1.1,1.6,0.2,150,11,1.4,1.8,0.2,144,11,1.1,1.6,0.2,150,11,0,30.02,,0,0,0,74.4,76.5,72.7,0.11,0.10,0.08
SCHU,2017-08-21 01:55:00 EDT,43.11700,-73.57829,103,61.5,62.4,61.5,100.0,61.5,0.000,0.000,0.00,0.000,1.1,1.7,0.3,128,11,1.4,2.0,0.3,124,10,1.1,1.7,0.3,128,11,0,30.02,,0,0,0,74.4,76.5,72.7,0.11,0.10,0.07
SCHU,2017-08-21 02:00:00 EDT,43.11700,-73.57829,103,61.1,62.3,61.1,100.0,61.1,0.000,0.000,0.00,0.000,1.4,2.2,0.3,130,10,1.6,2.5,0.3,127,9,1.4,2.2,0.3,130,10,0,30.02,,0,0,0,74.4,76.5,72.7,0.11,0.10,0.07
SCHU,2017-08-21 02:05:00 EDT,43.11700,-73.57829,103,61.4,62.1,61.4,100.0,61.4,0.000,0.000,0.00,0.000,1.2,2.3,0.5,137,12,1.4,2.3,0.4,133,10,1.2,2.3,0.5,137,12,0,30.02,,0,0,0,74.3,76.5,72.7,0.11,0.10,0.08
SCHU,2017-08-21 02:10:00 EDT,43.11700,-73.57829,103,61.3,62.1,61.3,100.0,61.3,0.000,0.000,0.00,0.000,0.6,1.5,0.5,115,9,1.1,2.0,0.3,113,14,0.6,1.5,0.5,115,9,0,30.02,,0,0,0,74.3,76.5,72.7,0.11,0.10,0.08
SCHU,2017-08-21 02:15:00 EDT,43.11700,-73.57829,103,61.0,62.2,61.0,100.0,61.0,0.000,0.000,0.00,0.000,1.2,2.3,0.6,134,7,1.5,2.5,0.3,130,6,1.2,2.3,0.6,134,7,0,30.03,,0,0,0,74.2,76.5,72.7,0.11,0.10,0.08
SCHU,2017-08-21 02:20:00 EDT,43.11700,-73.57829,103,61.1,62.3,61.1,100.0,61.1,0.000,0.000,0.00,0.000,1.3,2.0,0.3,128,11,1.6,2.0,0.2,124,11,1.3,2.0,0.3,128,11,0,30.03,,0,0,0,74.2,76.5,72.7,0.11,0.10,0.07
SCHU,2017-08-21 02:25:00 EDT,43.11700,-73.57829,103,60.6,62.3,60.6,100.0,60.6,0.000,0.000,0.00,0.000,1.2,2.3,0.4,111,11,1.6,2.8,0.4,108,12,1.2,2.3,0.4,111,11,0,30.03,,0,0,0,74.1,76.4,72.7,0.11,0.10,0.07
SCHU,2017-08-21 02:30:00 EDT,43.11700,-73.57829,103,60.8,62.3,60.8,100.0,60.7,0.000,0.000,0.00,0.000,1.6,2.2,0.3,124,10,1.7,2.8,0.3,120,11,1.6,2.2,0.3,124,10,0,30.03,,0,0,0,74.1,76.4,72.7,0.11,0.10,0.07
SCHU,2017-08-21 02:35:00 EDT,43.11700,-73.57829,103,61.2,62.3,61.2,100.0,61.2,0.000,0.000,0.00,0.000,1.1,2.1,0.4,119,9,1.5,2.1,0.3,113,10,1.1,2.1,0.4,119,9,0,30.03,,0,0,0,74.1,76.5,72.7,0.11,0.10,0.07
SCHU,2017-08-21 02:40:00 EDT,43.11700,-73.57829,103,61.8,62.6,61.8,100.0,61.8,0.000,0.000,0.00,0.000,2.1,3.3,0.5,127,14,2.2,3.7,0.6,123,14,2.1,3.3,0.5,127,14,0,30.03,,0,0,0,74.0,76.4,72.7,0.11,0.10,0.08
SCHU,2017-08-21 02:45:00 EDT,43.11700,-73.57829,103,61.2,62.7,61.2,100.0,61.2,0.000,0.000,0.00,0.000,1.4,2.3,0.4,132,17,1.7,2.8,0.4,129,16,1.4,2.3,0.4,132,17,0,30.03,,0,0,0,74.0,76.3,72.7,0.11,0.10,0.08
SCHU,2017-08-21 02:50:00 EDT,43.11700,-73.57829,103,61.5,62.5,61.5,100.0,61.5,0.000,0.000,0.00,0.000,2.0,3.0,0.5,117,14,2.3,3.7,0.4,112,14,2.0,3.0,0.5,117,14,0,30.03,,0,0,0,74.0,76.3,72.7,0.11,0.10,0.08
SCHU,2017-08-21 02:55:00 EDT,43.11700,-73.57829,103,61.6,62.3,61.6,100.0,61.6,0.000,0.000,0.00,0.000,2.0,2.8,0.3,125,9,2.1,3.5,0.4,121,8,2.0,2.8,0.3,125,9,0,30.03,,0,0,0,73.9,76.3,72.7,0.11,0.10,0.08
SCHU,2017-08-21 03:00:00 EDT,43.11700,-73.57829,103,61.5,62.2,61.5,100.0,61.5,0.000,0.000,0.00,0.000,1.3,2.9,0.6,120,12,1.6,2.8,0.4,117,13,1.3,2.9,0.6,120,12,0,30.03,,0,0,0,73.9,76.1,72.7,0.11,0.10,0.07
SCHU,2017-08-21 03:05:00 EDT,43.11700,-73.57829,103,61.2,62.1,61.2,100.0,61.2,0.000,0.000,0.00,0.000,1.0,1.8,0.4,103,12,1.5,2.2,0.3,102,13,1.0,1.8,0.4,103,12,0,30.03,,0,0,0,73.6,76.0,72.7,0.11,0.10,0.08
SCHU,2017-08-21 03:10:00 EDT,43.11700,-73.57829,103,60.9,62.2,60.9,100.0,60.9,0.000,0.000,0.00,0.000,1.6,2.3,0.3,105,7,2.0,2.8,0.3,101,7,1.6,2.3,0.3,105,7,0,30.03,,0,0,0,73.6,76.0,72.7,0.11,0.10,0.07
SCHU,2017-08-21 03:15:00 EDT,43.11700,-73.57829,103,60.7,62.2,60.7,99.6,60.6,0.000,0.000,0.00,0.000,0.8,1.6,0.4,109,11,1.3,2.1,0.3,106,11,0.8,1.6,0.4,109,11,0,30.03,,0,0,0,73.4,76.0,72.7,0.11,0.10,0.08
SCHU,2017-08-21 03:20:00 EDT,43.11700,-73.57829,103,60.9,62.2,60.9,99.7,60.8,0.000,0.000,0.00,0.000,1.1,1.4,0.2,119,6,1.4,1.9,0.1,116,9,1.1,1.4,0.2,119,6,0,30.03,,0,0,0,73.4,75.9,72.7,0.11,0.10,0.08
SCHU,2017-08-21 03:25:00 EDT,43.11700,-73.57829,103,60.2,62.2,60.2,99.7,60.2,0.000,0.000,0.00,0.000,0.8,1.5,0.3,112,9,1.2,1.9,0.3,112,11,0.8,1.5,0.3,112,9,0,30.03,,0,0,0,73.4,75.9,72.7,0.11,0.10,0.07
SCHU,2017-08-21 03:30:00 EDT,43.11700,-73.57829,103,60.6,61.8,60.6,99.9,60.6,0.000,0.000,0.00,0.000,0.9,1.5,0.2,139,9,1.3,1.9,0.2,134,10,0.9,1.5,0.2,139,9,0,30.03,,0,0,0,73.2,75.9,72.7,0.11,0.10,0.08
SCHU,2017-08-21 03:35:00 EDT,43.11700,-73.57829,103,60.3,61.6,60.3,100.0,60.3,0.000,0.000,0.00,0.000,1.0,1.5,0.4,125,15,1.4,1.8,0.2,124,15,1.0,1.5,0.4,125,15,0,30.03,,0,0,0,73.3,75.9,72.7,0.11,0.10,0.08
SCHU,2017-08-21 03:40:00 EDT,43.11700,-73.57829,103,60.3,61.6,60.3,100.0,60.3,0.000,0.000,0.00,0.000,0.8,1.6,0.4,141,14,1.2,2.5,0.4,138,15,0.8,1.6,0.4,141,14,0,30.03,,0,0,0,73.2,75.9,72.7,0.11,0.10,0.08
SCHU,2017-08-21 03:45:00 EDT,43.11700,-73.57829,103,60.5,61.5,60.5,100.0,60.5,0.000,0.000,0.00,0.000,0.0,0.4,0.1,156,1,0.6,1.2,0.3,143,17,0.0,0.4,0.1,156,1,0,30.04,,0,0,0,73.3,75.9,72.7,0.11,0.10,0.07
SCHU,2017-08-21 03:50:00 EDT,43.11700,-73.57829,103,60.7,61.4,60.7,100.0,60.7,0.000,0.000,0.00,0.000,0.5,0.9,0.3,133,16,1.0,1.5,0.3,136,23,0.5,0.9,0.3,133,16,0,30.04,,0,0,0,73.2,75.9,72.7,0.11,0.10,0.08
SCHU,2017-08-21 03:55:00 EDT,43.11700,-73.57829,103,60.6,61.3,60.6,100.0,60.6,0.000,0.000,0.00,0.000,0.7,1.4,0.5,134,6,1.1,1.7,0.3,133,15,0.7,1.4,0.5,134,6,0,30.04,,0,0,0,73.2,75.9,72.7,0.11,0.10,0.08
SCHU,2017-08-21 04:00:00 EDT,43.11700,-73.57829,103,60.5,61.6,60.5,100.0,60.5,0.000,0.000,0.00,0.000,1.4,2.1,0.3,117,17,1.7,2.6,0.3,112,17,1.4,2.1,0.3,117,17,0,30.04,,0,0,0,73.1,75.9,72.7,0.11,0.10,0.08
SCHU,2017-08-21 04:05:00 EDT,43.11700,-73.57829,103,59.9,61.7,59.9,100.0,59.9,0.000,0.000,0.00,0.000,1.0,1.4,0.2,122,10,1.4,1.8,0.2,119,12,1.0,1.4,0.2,122,10,0,30.04,,0,0,0,73.1,75.9,72.7,0.11,0.10,0.08
SCHU,2017-08-21 04:10:00 EDT,43.11700,-73.57829,103,60.3,61.6,60.3,100.0,60.3,0.000,0.000,0.00,0.000,1.6,2.4,0.3,124,14,1.8,2.7,0.3,117,15,1.6,2.4,0.3,124,14,0,30.04,,0,0,0,73.1,75.8,72.7,0.11,0.10,0.08
SCHU,2017-08-21 04:15:00 EDT,43.11700,-73.57829,103,60.4,61.7,60.4,100.0,60.4,0.000,0.000,0.00,0.000,1.3,2.3,0.4,139,11,1.5,2.6,0.3,133,10,1.3,2.3,0.4,139,11,0,30.04,,0,0,0,73.0,75.8,72.7,0.11,0.10,0.08
SCHU,2017-08-21 04:20:00 EDT,43.11700,-73.57829,103,60.5,61.6,60.5,100.0,60.5,0.000,0.000,0.00,0.000,0.5,1.0,0.4,152,13,1.0,1.6,0.3,146,20,0.5,1.0,0.4,152,13,0,30.04,,0,0,0,72.8,75.8,72.7,0.11,0.10,0.08
SCHU,2017-08-21 04:25:00 EDT,43.11700,-73.57829,103,60.8,61.6,60.8,100.0,60.8,0.000,0.000,0.00,0.000,0.5,1.2,0.4,132,19,1.0,1.8,0.3,134,27,0.5,1.2,0.4,132,19,0,30.05,,0,0,0,72.8,75.7,72.7,0.11,0.10,0.08
SCHU,2017-08-21 04:30:00 EDT,43.11700,-73.57829,103,60.9,61.6,60.9,100.0,60.9,0.000,0.000,0.00,0.000,0.8,1.9,0.4,156,16,1.3,2.1,0.3,149,16,0.8,1.9,0.4,156,16,0,30.05,,0,0,0,72.7,75.8,72.7,0.11,0.10,0.07
SCHU,2017-08-21 04:35:00 EDT,43.11700,-73.57829,103,60.7,61.9,60.7,100.0,60.7,0.000,0.000,0.00,0.000,1.4,2.3,0.3,112,17,1.7,2.4,0.3,108,16,1.4,2.3,0.3,112,17,0,30.04,,0,0,0,72.7,75.8,72.7,0.11,0.10,0.08
SCHU,2017-08-21 04:40:00 EDT,43.11700,-73.57829,103,60.2,61.8,60.2,100.0,60.2,0.000,0.000,0.00,0.000,1.2,1.8,0.3,115,17,1.5,2.4,0.2,110,18,1.2,1.8,0.3,115,17,0,30.04,,0,0,0,72.7,75.7,72.7,0.11,0.10,0.08
SCHU,2017-08-21 04:45:00 EDT,43.11700,-73.57829,103,60.9,61.8,60.9,100.0,60.9,0.000,0.000,0.00,0.000,1.2,2.3,0.4,122,15,1.5,2.4,0.3,117,15,1.2,2.3,0.4,122,15,0,30.04,,0,0,0,72.7,75.7,72.7,0.11,0.10,0.07
SCHU,2017-08-21 04:50:00 EDT,43.11700,-73.57829,103,60.3,61.8,60.3,100.0,60.3,0.000,0.000,0.00,0.000,0.8,2.1,0.5,114,17,1.3,2.5,0.4,107,16,0.8,2.1,0.5,114,17,0,30.04,,0,0,0,72.7,75.6,72.7,0.11,0.10,0.08
SCHU,2017-08-21 04:55:00 EDT,43.11700,-73.57829,103,60.4,61.7,60.4,100.0,60.4,0.000,0.000,0.00,0.000,0.5,1.1,0.3,111,15,1.0,1.7,0.3,109,18,0.5,1.1,0.3,111,15,0,30.04,,0,0,0,72.6,75.7,72.7,0.11,0.10,0.07
SCHU,2017-08-21 05:00:00 EDT,43.11700,-73.57829,103,60.5,61.7,60.5,100.0,60.5,0.000,0.000,0.00,0.000,0.2,0.9,0.3,115,9,0.9,1.5,0.2,130,28,0.2,0.9,0.3,115,9,0,30.04,,0,0,0,72.6,75.6,72.7,0.11,0.10,0.07
SCHU,2017-08-21 05:05:00 EDT,43.11700,-73.57829,103,60.6,61.4,60.6,100.0,60.6,0.000,0.000,0.00,0.000,1.0,1.9,0.3,128,12,1.3,2.0,0.2,122,12,1.0,1.9,0.3,128,12,0,30.04,,0,0,0,72.5,75.6,72.7,0.11,0.10,0.08
SCHU,2017-08-21 05:10:00 EDT,43.11700,-73.57829,103,60.5,61.2,60.5,100.0,60.5,0.000,0.000,0.00,0.000,0.2,0.9,0.3,172,18,0.9,1.5,0.2,145,30,0.2,0.9,0.3,172,18,0,30.04,,0,0,0,72.5,75.6,72.8,0.11,0.10,0.07
SCHU,2017-08-21 05:15:00 EDT,43.11700,-73.57829,103,60.4,61.2,60.4,100.0,60.4,0.000,0.000,0.00,0.000,0.7,1.5,0.4,114,6,1.2,1.7,0.3,110,10,0.7,1.5,0.4,114,6,0,30.05,,0,0,0,72.5,75.6,72.7,0.11,0.10,0.07
SCHU,2017-08-21 05:20:00 EDT,43.11700,-73.57829,103,60.2,61.2,60.2,100.0,60.2,0.000,0.000,0.00,0.000,1.3,1.9,0.3,134,15,1.5,2.1,0.2,128,15,1.3,1.9,0.3,134,15,0,30.05,,0,0,0,72.4,75.6,72.7,0.11,0.10,0.08
SCHU,2017-08-21 05:25:00 EDT,43.11700,-73.57829,103,60.3,61.1,60.3,100.0,60.3,0.000,0.000,0.00,0.000,0.0,0.7,0.1,150,8,0.7,1.2,0.2,125,23,0.0,0.7,0.1,150,8,0,30.05,,0,0,0,72.4,75.6,72.7,0.11,0.10,0.08
SCHU,2017-08-21 05:30:00 EDT,43.11700,-73.57829,103,60.1,61.1,60.1,100.0,60.1,0.000,0.000,0.00,0.000,0.1,0.7,0.2,195,4,0.7,1.2,0.2,166,30,0.1,0.7,0.2,195,4,0,30.05,,0,0,0,72.4,75.6,72.7,0.11,0.10,0.08
SCHU,2017-08-21 05:35:00 EDT,43.11700,-73.57829,103,60.2,61.1,60.2,100.0,60.2,0.000,0.000,0.00,0.000,0.1,0.7,0.2,208,3,0.7,1.1,0.2,198,12,0.1,0.7,0.2,208,3,0,30.05,,0,0,0,72.4,75.6,72.7,0.11,0.10,0.07
SCHU,2017-08-21 05:40:00 EDT,43.11700,-73.57829,103,60.2,61.0,60.2,100.0,60.2,0.000,0.000,0.00,0.000,0.0,0.0,0.0,0,0,0.6,0.9,0.1,205,16,0.0,0.0,0.0,0,0,0,30.05,,0,0,0,72.3,75.6,72.7,0.11,0.10,0.08
SCHU,2017-08-21 05:45:00 EDT,43.11700,-73.57829,103,60.0,61.0,60.0,100.0,59.9,0.000,0.000,0.00,0.000,0.1,0.8,0.3,246,12,0.7,1.5,0.2,225,43,0.1,0.8,0.3,246,12,0,30.05,,0,0,0,72.3,75.5,72.8,0.11,0.10,0.07
SCHU,2017-08-21 05:50:00 EDT,43.11700,-73.57829,103,60.0,61.1,60.0,100.0,60.0,0.000,0.000,0.00,0.000,0.1,0.8,0.2,271,1,0.4,1.2,0.3,305,49,0.1,0.8,0.2,271,1,0,30.05,,0,0,0,72.3,75.5,72.7,0.11,0.10,0.08
SCHU,2017-08-21 05:55:00 EDT,43.11700,-73.57829,103,60.1,61.2,60.1,100.0,60.1,0.000,0.000,0.00,0.000,0.1,0.5,0.2,282,23,0.7,1.2,0.2,332,54,0.1,0.5,0.2,282,23,1,30.05,,0,0,0,72.2,75.4,72.7,0.11,0.10,0.08
SCHU,2017-08-21 06:00:00 EDT,43.11700,-73.57829,103,60.3,61.2,60.3,100.0,60.3,0.000,0.000,0.00,0.000,0.2,0.7,0.3,335,8,0.8,2.2,0.5,340,17,0.2,0.7,0.3,335,8,1,30.05,,0,0,0,72.2,75.3,72.7,0.11,0.10,0.07
SCHU,2017-08-21 06:05:00 EDT,43.11700,-73.57829,103,60.1,60.9,60.1,100.0,60.1,0.000,0.000,0.00,0.000,0.4,0.8,0.3,267,4,0.8,1.4,0.2,267,21,0.4,0.8,0.3,267,4,3,30.05,,0,0,0,72.1,75.3,72.7,0.11,0.10,0.07
SCHU,2017-08-21 06:10:00 EDT,43.11700,-73.57829,103,59.9,60.7,59.9,100.0,59.9,0.000,0.000,0.00,0.000,0.9,1.4,0.2,217,18,1.2,1.8,0.3,190,26,0.9,1.4,0.2,217,18,4,30.06,,0,0,0,71.9,75.1,72.7,0.11,0.10,0.08
SCHU,2017-08-21 06:15:00 EDT,43.11700,-73.57829,103,59.9,60.5,59.9,100.0,59.9,0.000,0.000,0.00,0.000,0.3,1.3,0.5,203,1,0.7,1.9,0.6,151,61,0.3,1.3,0.5,203,1,6,30.06,,0,0,0,71.9,75.1,72.7,0.11,0.10,0.08
SCHU,2017-08-21 06:20:00 EDT,43.11700,-73.57829,103,60.1,60.6,60.1,100.0,60.1,0.000,0.000,0.00,0.000,0.5,1.1,0.4,168,3,1.1,1.6,0.4,159,10,0.5,1.1,0.4,168,3,7,30.06,,0,0,0,71.8,75.1,72.7,0.11,0.10,0.08
SCHU,2017-08-21 06:25:00 EDT,43.11700,-73.57829,103,59.6,60.6,59.6,100.0,59.6,0.000,0.000,0.00,0.000,0.8,1.2,0.3,149,9,1.2,1.5,0.2,142,8,0.8,1.2,0.3,149,9,8,30.06,,0,0,0,71.8,75.1,72.7,0.11,0.10,0.08
SCHU,2017-08-21 06:30:00 EDT,43.11700,-73.57829,103,59.5,60.6,59.5,100.0,59.5,0.000,0.000,0.00,0.000,0.8,1.0,0.2,144,8,1.1,1.4,0.2,136,9,0.8,1.0,0.2,144,8,11,30.05,,0,0,0,71.7,75.0,72.7,0.11,0.10,0.08
SCHU,2017-08-21 06:35:00 EDT,43.11700,-73.57829,103,59.9,60.6,59.9,100.0,59.9,0.000,0.000,0.00,0.000,0.4,0.9,0.3,111,17,1.0,1.9,0.3,90,29,0.4,0.9,0.3,111,17,16,30.05,,0,0,0,71.7,75.0,72.7,0.11,0.10,0.08
SCHU,2017-08-21 06:40:00 EDT,43.11700,-73.57829,103,59.9,60.6,59.9,100.0,59.9,0.000,0.000,0.00,0.000,0.0,0.7,0.1,197,0,0.6,1.6,0.4,164,50,0.0,0.7,0.1,197,0,25,30.05,,0,0,0,71.7,75.0,72.7,0.11,0.10,0.08
SCHU,2017-08-21 06:45:00 EDT,43.11700,-73.57829,103,60.0,60.5,60.0,100.0,60.0,0.000,0.000,0.00,0.000,0.3,0.7,0.3,167,17,1.0,1.5,0.2,141,16,0.3,0.7,0.3,167,17,31,30.05,,0,0,0,71.5,75.0,72.8,0.11,0.10,0.08
SCHU,2017-08-21 06:50:00 EDT,43.11700,-73.57829,103,59.9,60.7,59.9,100.0,59.9,0.000,0.000,0.00,0.000,0.2,1.0,0.3,107,10,0.9,1.6,0.3,123,27,0.2,1.0,0.3,107,10,35,30.05,,0,0,0,71.6,75.0,72.7,0.11,0.10,0.08
SCHU,2017-08-21 06:55:00 EDT,43.11700,-73.57829,103,59.7,60.7,59.7,100.0,59.7,0.000,0.000,0.00,0.000,0.7,1.2,0.4,152,10,1.1,1.8,0.3,144,17,0.7,1.2,0.4,152,10,42,30.05,,0,0,0,71.5,75.0,72.8,0.11,0.10,0.08
SCHU,2017-08-21 07:00:00 EDT,43.11700,-73.57829,103,60.2,60.8,60.2,100.0,60.2,0.000,0.000,0.00,0.000,0.1,0.8,0.3,160,3,0.7,1.6,0.3,136,23,0.1,0.8,0.3,160,3,50,30.06,,0,0,0,71.5,75.0,72.7,0.11,0.10,0.08
SCHU,2017-08-21 07:05:00 EDT,43.11700,-73.57829,103,60.5,61.1,60.5,100.0,60.5,0.000,0.000,0.00,0.000,0.0,0.0,0.0,0,0,0.4,0.8,0.1,94,15,0.0,0.0,0.0,0,0,57,30.06,,0,0,0,71.5,75.0,72.7,0.11,0.10,0.08
SCHU,2017-08-21 07:10:00 EDT,43.11700,-73.57829,103,60.6,61.4,60.6,100.0,60.6,0.000,0.000,0.00,0.000,0.0,0.0,0.0,0,0,0.3,0.8,0.2,168,20,0.0,0.0,0.0,0,0,61,30.06,,0,0,0,71.5,74.9,72.7,0.11,0.10,0.08
SCHU,2017-08-21 07:15:00 EDT,43.11700,-73.57829,103,61.0,61.6,61.0,100.0,61.0,0.000,0.000,0.00,0.000,0.0,0.0,0.0,0,0,0.4,0.9,0.2,143,21,0.0,0.0,0.0,0,0,58,30.06,,0,0,0,71.4,74.9,72.7,0.11,0.10,0.08
SCHU,2017-08-21 07:20:00 EDT,43.11700,-73.57829,103,61.2,61.9,61.2,100.0,61.2,0.000,0.000,0.00,0.000,0.0,0.0,0.0,0,0,0.4,0.9,0.2,205,26,0.0,0.0,0.0,0,0,55,30.06,,0,0,0,71.3,74.8,72.7,0.11,0.10,0.07
SCHU,2017-08-21 07:25:00 EDT,43.11700,-73.57829,103,61.5,62.2,61.5,100.0,61.5,0.000,0.000,0.00,0.000,0.0,0.0,0.0,0,0,0.3,0.6,0.1,138,29,0.0,0.0,0.0,0,0,58,30.06,,0,0,0,71.4,74.8,72.8,0.11,0.10,0.08
SCHU,2017-08-21 07:30:00 EDT,43.11700,-73.57829,103,61.7,62.2,61.7,100.0,61.7,0.000,0.000,0.00,0.000,0.0,0.0,0.0,0,0,0.6,0.9,0.1,156,20,0.0,0.0,0.0,0,0,57,30.07,,0,0,0,71.3,74.8,72.7,0.11,0.10,0.08
SCHU,2017-08-21 07:35:00 EDT,43.11700,-73.57829,103,61.9,62.4,61.9,100.0,61.9,0.000,0.000,0.00,0.000,0.6,1.4,0.4,163,13,1.1,2.0,0.3,159,17,0.6,1.4,0.4,163,13,59,30.07,,0,0,0,71.3,74.8,72.7,0.11,0.10,0.08
SCHU,2017-08-21 07:40:00 EDT,43.11700,-73.57829,103,62.2,62.5,62.2,100.0,62.2,0.000,0.000,0.00,0.000,1.3,2.2,0.4,134,16,1.6,2.6,0.4,131,16,1.3,2.2,0.4,134,16,95,30.07,,0,0,0,71.3,74.7,72.7,0.11,0.10,0.08
SCHU,2017-08-21 07:45:00 EDT,43.11700,-73.57829,103,62.7,62.8,62.7,100.0,62.6,0.000,0.000,0.00,0.000,1.5,2.5,0.4,157,21,1.8,2.8,0.4,150,21,1.5,2.5,0.4,157,21,176,30.07,,0,0,0,71.3,74.8,72.7,0.11,0.10,0.08
SCHU,2017-08-21 07:50:00 EDT,43.11700,-73.57829,103,62.8,62.9,62.8,100.0,62.8,0.000,0.000,0.00,0.000,1.4,2.5,0.6,152,28,1.9,3.5,0.6,147,28,1.4,2.5,0.6,152,28,173,30.06,,0,0,0,71.2,74.7,72.8,0.11,0.10,0.08
SCHU,2017-08-21 07:55:00 EDT,43.11700,-73.57829,103,63.0,63.1,63.0,99.4,62.8,0.000,0.000,0.00,0.000,2.0,3.3,0.5,168,17,2.4,4.0,0.6,164,17,2.0,3.3,0.5,168,17,218,30.06,,0,0,0,71.3,74.8,72.7,0.11,0.10,0.08
SCHU,2017-08-21 08:00:00 EDT,43.11700,-73.57829,103,63.2,63.3,63.2,97.1,62.3,0.000,0.000,0.00,0.000,2.0,4.4,1.3,149,18,2.3,5.8,1.2,145,21,2.0,4.4,1.3,149,18,239,30.06,,0,0,0,71.2,74.7,72.7,0.11,0.10,0.08
SCHU,2017-08-21 08:05:00 EDT,43.11700,-73.57829,103,63.6,63.6,63.6,94.2,61.9,0.000,0.000,0.00,0.000,2.6,4.0,0.7,119,15,2.8,4.9,0.8,113,15,2.6,4.0,0.7,119,15,236,30.06,,0,0,0,71.3,74.7,72.8,0.11,0.10,0.07
SCHU,2017-08-21 08:10:00 EDT,43.11700,-73.57829,103,64.0,64.0,64.0,91.9,61.6,0.000,0.000,0.00,0.000,2.2,3.9,0.8,121,22,2.5,4.6,0.8,114,24,2.2,3.9,0.8,121,22,277,30.06,,0,0,0,71.2,74.7,72.7,0.11,0.10,0.07
SCHU,2017-08-21 08:15:00 EDT,43.11700,-73.57829,103,64.2,64.4,64.2,90.0,61.3,0.000,0.000,0.00,0.000,1.9,3.6,0.8,136,23,2.2,4.2,0.7,130,24,1.9,3.6,0.8,136,23,299,30.06,,0,0,0,71.2,74.6,72.7,0.11,0.10,0.08
SCHU,2017-08-21 08:20:00 EDT,43.11700,-73.57829,103,64.6,64.8,64.6,89.5,61.4,0.000,0.000,0.00,0.000,2.1,3.4,0.7,158,20,2.3,4.1,0.7,155,22,2.1,3.4,0.7,158,20,311,30.06,,0,0,0,71.3,74.7,72.7,0.11,0.10,0.08
SCHU,2017-08-21 08:25:00 EDT,43.11700,-73.57829,103,64.7,65.0,64.7,88.3,61.2,0.000,0.000,0.00,0.000,3.3,5.6,1.1,153,15,3.5,6.5,1.2,147,14,3.3,5.6,1.1,153,15,311,30.06,,0,0,0,71.2,74.6,72.7,0.11,0.10,0.07
SCHU,2017-08-21 08:30:00 EDT,43.11700,-73.57829,103,65.3,65.5,65.3,88.2,61.7,0.000,0.000,0.00,0.000,3.6,7.2,1.3,152,12,3.9,8.3,1.5,146,12,3.6,7.2,1.3,152,12,275,30.06,,0,0,0,71.2,74.6,72.7,0.11,0.10,0.08
SCHU,2017-08-21 08:35:00 EDT,43.11700,-73.57829,103,65.8,65.9,65.8,87.4,62.0,0.000,0.000,0.00,0.000,3.3,6.4,1.4,160,22,3.9,6.4,1.4,155,23,3.3,6.4,1.4,160,22,325,30.06,,0,0,0,71.2,74.6,72.8,0.11,0.10,0.08
SCHU,2017-08-21 08:40:00 EDT,43.11700,-73.57829,103,66.2,66.4,66.2,85.8,61.9,0.000,0.000,0.00,0.000,4.2,7.0,1.1,153,15,4.6,8.6,1.5,148,16,4.2,7.0,1.1,153,15,366,30.06,,0,0,0,71.2,74.6,72.7,0.10,0.10,0.07
SCHU,2017-08-21 08:45:00 EDT,43.11700,-73.57829,103,66.8,66.8,66.8,85.1,62.1,0.000,0.000,0.00,0.000,3.9,5.9,0.8,154,14,4.5,6.8,1.0,149,15,3.9,5.9,0.8,154,14,371,30.06,,0,0,0,71.3,74.6,72.7,0.11,0.10,0.07
SCHU,2017-08-21 08:50:00 EDT,43.11700,-73.57829,103,67.4,67.3,67.4,84.3,62.5,0.000,0.000,0.00,0.000,3.9,7.7,1.6,161,19,4.4,9.0,1.7,157,20,3.9,7.7,1.6,161,19,358,30.05,,0,0,0,71.2,74.6,72.7,0.11,0.10,0.08
SCHU,2017-08-21 08:55:00 EDT,43.11700,-73.57829,103,67.9,67.7,67.9,82.9,62.5,0.000,0.000,0.00,0.000,4.7,6.7,1.2,157,18,5.3,9.3,1.4,152,18,4.7,6.7,1.2,157,18,390,30.05,,0,0,0,71.1,74.6,72.7,0.11,0.10,0.08
SCHU,2017-08-21 09:00:00 EDT,43.11700,-73.57829,103,68.3,68.2,68.3,82.2,62.7,0.000,0.000,0.00,0.000,2.8,6.1,1.1,176,33,3.4,6.7,1.1,174,33,2.8,6.1,1.1,176,33,394,30.05,,0,0,0,71.2,74.6,72.7,0.11,0.10,0.08
SCHU,2017-08-21 09:05:00 EDT,43.11700,-73.57829,103,68.9,68.7,68.9,81.2,62.9,0.000,0.000,0.00,0.000,3.3,7.9,1.8,163,28,4.1,8.7,2.0,158,30,3.3,7.9,1.8,163,28,411,30.05,,0,0,0,71.2,74.6,72.7,0.11,0.10,0.07
SCHU,2017-08-21 09:10:00 EDT,43.11700,-73.57829,103,69.5,69.1,69.5,79.9,63.0,0.000,0.000,0.00,0.000,4.0,7.2,1.2,152,15,4.4,8.8,1.4,147,17,4.0,7.2,1.2,152,15,487,30.05,,0,0,0,71.2,74.6,72.7,0.11,0.10,0.08
SCHU,2017-08-21 09:15:00 EDT,43.11700,-73.57829,103,69.9,69.6,69.9,78.5,63.0,0.000,0.000,0.00,0.000,5.0,13.1,2.0,158,19,5.6,15.1,2.4,153,19,5.0,13.1,2.0,158,19,478,30.05,,0,0,0,71.2,74.5,72.7,0.11,0.10,0.08
SCHU,2017-08-21 09:20:00 EDT,43.11700,-73.57829,103,69.9,69.6,69.9,77.1,62.4,0.000,0.000,0.00,0.000,5.5,10.4,2.0,160,20,6.1,11.2,2.1,155,20,5.5,10.4,2.0,160,20,439,30.05,,0,0,0,71.3,74.5,72.8,0.11,0.10,0.07
SCHU,2017-08-21 09:25:00 EDT,43.11700,-73.57829,103,70.0,69.5,70.0,77.2,62.5,0.000,0.000,0.00,0.000,4.8,8.1,1.6,158,16,5.3,9.1,1.6,153,17,4.8,8.1,1.6,158,16,464,30.05,,0,0,0,71.3,74.4,72.7,0.11,0.10,0.08
SCHU,2017-08-21 09:30:00 EDT,43.11700,-73.57829,103,70.4,70.0,70.4,76.5,62.7,0.000,0.000,0.00,0.000,4.3,9.2,1.5,163,23,4.9,11.0,1.6,157,24,4.3,9.2,1.5,163,23,527,30.05,,0,0,0,71.2,74.4,72.7,0.11,0.10,0.08
SCHU,2017-08-21 09:35:00 EDT,43.11700,-73.57829,103,70.8,70.1,70.8,75.1,62.6,0.000,0.000,0.00,0.000,5.9,10.9,2.0,148,23,6.5,11.9,2.2,143,22,5.9,10.9,2.0,148,23,571,30.05,,0,0,0,71.3,74.3,72.7,0.11,0.10,0.08
SCHU,2017-08-21 09:40:00 EDT,43.11700,-73.57829,103,71.0,70.2,71.0,75.0,62.7,0.000,0.000,0.00,0.000,7.2,11.6,1.6,150,17,7.7,11.2,1.7,143,17,7.2,11.6,1.6,150,17,588,30.05,,0,0,0,71.4,74.3,72.7,0.11,0.10,0.08
SCHU,2017-08-21 09:45:00 EDT,43.11700,-73.57829,103,71.0,70.5,71.0,74.3,62.5,0.000,0.000,0.00,0.000,6.7,10.4,2.2,154,15,7.2,11.8,2.5,150,14,6.7,10.4,2.2,154,15,612,30.05,,0,0,0,71.5,74.3,72.7,0.11,0.10,0.07
SCHU,2017-08-21 09:50:00 EDT,43.11700,-73.57829,103,71.4,70.9,71.4,73.5,62.5,0.000,0.000,0.00,0.000,6.6,11.6,2.1,159,16,7.4,13.2,2.4,154,17,6.6,11.6,2.1,159,16,576,30.05,,0,0,0,71.6,74.3,72.7,0.11,0.10,0.08
SCHU,2017-08-21 09:55:00 EDT,43.11700,-73.57829,103,71.8,71.1,71.8,73.7,63.0,0.000,0.000,0.00,0.000,5.4,10.1,2.0,154,19,6.0,11.7,2.1,149,20,5.4,10.1,2.0,154,19,584,30.04,,0,0,0,71.6,74.3,72.7,0.11,0.10,0.08
SCHU,2017-08-21 10:00:00 EDT,43.11700,-73.57829,103,71.8,71.4,71.8,72.6,62.5,0.000,0.000,0.00,0.000,5.3,9.6,1.7,157,17,5.8,10.9,1.9,153,17,5.3,9.6,1.7,157,17,627,30.04,,0,0,0,71.7,74.3,72.7,0.11,0.10,0.08
SCHU,2017-08-21 10:05:00 EDT,43.11700,-73.57829,103,72.4,71.8,72.4,72.4,63.0,0.000,0.000,0.00,0.000,5.4,9.3,2.3,151,17,6.0,9.8,2.2,145,18,5.4,9.3,2.3,151,17,633,30.04,,0,0,0,71.8,74.3,72.7,0.11,0.10,0.07
SCHU,2017-08-21 10:10:00 EDT,43.11700,-73.57829,103,72.5,72.1,72.5,72.6,63.2,0.000,0.000,0.00,0.000,5.5,9.8,2.2,153,16,6.1,12.1,2.1,147,15,5.5,9.8,2.2,153,16,670,30.04,,0,0,0,71.9,74.3,72.7,0.11,0.10,0.07
SCHU,2017-08-21 10:15:00 EDT,43.11700,-73.57829,103,73.5,72.8,73.5,71.7,63.8,0.000,0.000,0.00,0.000,4.8,8.3,1.6,155,26,5.4,10.7,1.8,149,25,4.8,8.3,1.6,155,26,684,30.05,,0,0,0,72.1,74.2,72.7,0.11,0.10,0.07
SCHU,2017-08-21 10:20:00 EDT,43.11700,-73.57829,103,73.9,73.3,73.9,69.9,63.5,0.000,0.000,0.00,0.000,3.8,7.2,1.5,166,27,4.4,8.3,1.6,162,26,3.8,7.2,1.5,166,27,658,30.05,,0,0,0,72.3,74.2,72.7,0.11,0.10,0.07
SCHU,2017-08-21 10:25:00 EDT,43.11700,-73.57829,103,73.8,73.3,73.8,69.3,63.2,0.000,0.000,0.00,0.000,4.5,9.0,2.2,167,27,5.0,10.4,2.2,164,29,4.5,9.0,2.2,167,27,487,30.05,,0,0,0,72.4,74.2,72.7,0.11,0.10,0.08
SCHU,2017-08-21 10:30:00 EDT,43.11700,-73.57829,103,74.0,73.4,74.0,69.7,63.5,0.000,0.000,0.00,0.000,4.9,10.7,1.9,157,18,5.6,12.2,2.1,153,19,4.9,10.7,1.9,157,18,675,30.05,,0,0,0,72.5,74.2,72.7,0.11,0.10,0.08
SCHU,2017-08-21 10:35:00 EDT,43.11700,-73.57829,103,74.7,73.7,74.7,69.1,63.9,0.000,0.000,0.00,0.000,4.3,8.6,1.7,173,33,5.1,9.0,1.7,167,33,4.3,8.6,1.7,173,33,670,30.05,,0,0,0,72.6,74.1,72.7,0.11,0.10,0.07
SCHU,2017-08-21 10:40:00 EDT,43.11700,-73.57829,103,74.8,73.8,74.8,68.6,63.8,0.000,0.000,0.00,0.000,6.3,10.7,1.6,154,17,7.0,11.7,1.8,149,16,6.3,10.7,1.6,154,17,691,30.05,,0,0,0,72.6,74.1,72.7,0.11,0.11,0.07
SCHU,2017-08-21 10:45:00 EDT,43.11700,-73.57829,103,74.8,74.0,74.8,68.9,63.9,0.000,0.000,0.00,0.000,5.9,9.4,1.5,149,17,6.4,9.7,1.6,142,16,5.9,9.4,1.5,149,17,687,30.05,,0,0,0,72.7,74.1,72.7,0.11,0.10,0.07
SCHU,2017-08-21 10:50:00 EDT,43.11700,-73.57829,103,75.5,74.8,75.5,68.8,64.5,0.000,0.000,0.00,0.000,3.5,8.1,1.8,177,29,4.1,9.5,2.0,171,29,3.5,8.1,1.8,177,29,707,30.05,,0,0,0,72.8,74.2,72.7,0.11,0.10,0.07
SCHU,2017-08-21 10:55:00 EDT,43.11700,-73.57829,103,76.4,75.5,76.4,66.0,64.2,0.000,0.000,0.00,0.000,3.8,8.1,1.8,164,22,4.6,8.3,1.8,158,21,3.8,8.1,1.8,164,22,734,30.05,,0,0,0,73.0,74.1,72.7,0.11,0.11,0.07
SCHU,2017-08-21 11:00:00 EDT,43.11700,-73.57829,103,76.7,75.7,76.7,64.9,64.0,0.000,0.000,0.00,0.000,4.0,8.0,1.6,182,30,4.7,8.6,1.6,176,31,4.0,8.0,1.6,182,30,670,30.05,,0,0,0,73.1,74.1,72.7,0.11,0.11,0.07
SCHU,2017-08-21 11:05:00 EDT,43.11700,-73.57829,103,75.6,75.1,75.6,66.7,63.8,0.000,0.000,0.00,0.000,5.6,10.5,1.9,160,20,6.3,12.1,2.2,155,19,5.6,10.5,1.9,160,20,753,30.05,,0,0,0,73.2,74.0,72.7,0.11,0.10,0.07
SCHU,2017-08-21 11:10:00 EDT,43.11700,-73.57829,103,76.3,75.5,76.3,66.4,64.3,0.000,0.000,0.00,0.000,6.0,9.9,2.2,156,18,6.8,11.5,2.2,151,20,6.0,9.9,2.2,156,18,763,30.05,,0,0,0,73.3,74.1,72.7,0.11,0.11,0.07
SCHU,2017-08-21 11:15:00 EDT,43.11700,-73.57829,103,76.8,75.7,76.8,66.4,64.8,0.000,0.000,0.00,0.000,5.8,9.8,1.9,152,19,6.4,11.4,2.2,145,19,5.8,9.8,1.9,152,19,787,30.04,,0,0,0,73.5,74.1,72.7,0.11,0.10,0.07
SCHU,2017-08-21 11:20:00 EDT,43.11700,-73.57829,103,76.7,75.7,76.7,64.6,63.9,0.000,0.000,0.00,0.000,5.2,10.7,2.2,158,23,5.9,10.8,2.4,157,21,5.2,10.7,2.2,158,23,750,30.04,,0,0,0,73.7,74.0,72.7,0.11,0.10,0.07
SCHU,2017-08-21 11:25:00 EDT,43.11700,-73.57829,103,76.9,76.0,76.9,65.3,64.4,0.000,0.000,0.00,0.000,5.7,10.4,2.0,160,24,6.4,11.8,2.1,156,23,5.7,10.4,2.0,160,24,737,30.04,,0,0,0,73.9,74.0,72.7,0.11,0.10,0.07
SCHU,2017-08-21 11:30:00 EDT,43.11700,-73.57829,103,76.8,75.8,76.8,64.5,63.9,0.000,0.000,0.00,0.000,7.6,11.7,2.2,156,13,8.3,13.8,2.5,151,15,7.6,11.7,2.2,156,13,718,30.04,,0,0,0,74.0,74.1,72.7,0.11,0.10,0.07
SCHU,2017-08-21 11:35:00 EDT,43.11700,-73.57829,103,77.0,75.9,77.0,65.8,64.7,0.000,0.000,0.00,0.000,6.4,10.9,1.9,152,20,7.1,12.2,2.1,147,20,6.4,10.9,1.9,152,20,690,30.04,,0,0,0,74.1,74.1,72.7,0.11,0.10,0.07
SCHU,2017-08-21 11:40:00 EDT,43.11700,-73.57829,103,77.5,76.1,77.5,64.2,64.5,0.000,0.000,0.00,0.000,6.9,12.4,2.1,154,12,7.6,14.6,2.2,149,13,6.9,12.4,2.1,154,12,780,30.04,,0,0,0,74.2,74.0,72.7,0.11,0.10,0.07
SCHU,2017-08-21 11:45:00 EDT,43.11700,-73.57829,103,77.4,76.4,77.4,64.1,64.3,0.000,0.000,0.00,0.000,6.4,10.6,1.8,155,15,7.2,12.0,1.9,152,15,6.4,10.6,1.8,155,15,650,30.03,,0,0,0,74.3,74.1,72.7,0.11,0.11,0.07
SCHU,2017-08-21 11:50:00 EDT,43.11700,-73.57829,103,77.4,76.4,77.4,65.1,64.7,0.000,0.000,0.00,0.000,6.2,10.5,1.9,154,17,6.5,11.0,2.0,149,19,6.2,10.5,1.9,154,17,758,30.03,,0,0,0,74.5,74.1,72.7,0.11,0.11,0.08
SCHU,2017-08-21 11:55:00 EDT,43.11700,-73.57829,103,78.6,77.2,78.6,64.7,65.7,0.000,0.000,0.00,0.000,4.2,8.4,1.9,146,23,4.9,9.7,1.9,142,29,4.2,8.4,1.9,146,23,793,30.03,,0,0,0,74.5,74.1,72.7,0.11,0.10,0.07
SCHU,2017-08-21 12:00:00 EDT,43.11700,-73.57829,103,78.1,77.2,78.1,63.0,64.5,0.000,0.000,0.00,0.000,6.3,10.2,1.5,160,14,6.8,11.0,1.7,155,14,6.3,10.2,1.5,160,14,759,30.02,,0,0,0,74.7,74.1,72.7,0.11,0.11,0.07
SCHU,2017-08-21 12:05:00 EDT,43.11700,-73.57829,103,78.4,77.6,78.4,63.0,64.8,0.000,0.000,0.00,0.000,6.3,9.6,1.6,156,21,6.8,10.2,1.7,152,20,6.3,9.6,1.6,156,21,759,30.02,,0,0,0,74.8,74.1,72.7,0.10,0.10,0.06
SCHU,2017-08-21 12:10:00 EDT,43.11700,-73.57829,103,79.1,77.8,79.1,62.0,65.0,0.000,0.000,0.00,0.000,6.6,9.9,2.1,159,15,7.5,13.1,2.3,154,17,6.6,9.9,2.1,159,15,798,30.02,,0,0,0,74.9,74.1,72.7,0.11,0.11,0.07
SCHU,2017-08-21 12:15:00 EDT,43.11700,-73.57829,103,79.4,78.1,79.4,60.4,64.5,0.000,0.000,0.00,0.000,7.0,12.6,2.0,161,18,7.8,14.0,2.3,158,17,7.0,12.6,2.0,161,18,828,30.02,,0,0,0,75.0,74.1,72.7,0.11,0.10,0.07
SCHU,2017-08-21 12:20:00 EDT,43.11700,-73.57829,103,79.1,78.2,79.1,61.0,64.5,0.000,0.000,0.00,0.000,7.5,11.9,2.3,156,13,8.0,12.9,2.5,151,13,7.5,11.9,2.3,156,13,793,30.02,,0,0,0,75.1,74.2,72.7,0.11,0.11,0.08
SCHU,2017-08-21 12:25:00 EDT,43.11700,-73.57829,103,79.7,78.4,79.7,60.0,64.6,0.000,0.000,0.00,0.000,7.0,11.7,2.0,159,19,7.7,12.8,2.3,154,17,7.0,11.7,2.0,159,19,811,30.02,,0,0,0,75.3,74.1,72.7,0.11,0.10,0.07
SCHU,2017-08-21 12:30:00 EDT,43.11700,-73.57829,103,79.9,78.8,79.9,59.0,64.3,0.000,0.000,0.00,0.000,6.5,11.6,2.0,158,19,7.2,13.5,2.1,152,18,6.5,11.6,2.0,158,19,835,30.01,,0,0,0,75.5,74.1,72.7,0.11,0.10,0.07
SCHU,2017-08-21 12:35:00 EDT,43.11700,-73.57829,103,80.4,79.0,82.2,59.8,65.1,0.000,0.000,0.00,0.000,5.7,11.8,2.1,150,19,6.2,11.2,2.3,145,20,5.7,11.8,2.1,150,19,834,30.01,,0,0,0,75.6,74.0,72.7,0.11,0.10,0.07
SCHU,2017-08-21 12:40:00 EDT,43.11700,-73.57829,103,80.3,79.2,82.1,59.0,64.7,0.000,0.000,0.00,0.000,6.9,11.0,1.9,159,17,7.8,13.1,2.1,155,17,6.9,11.0,1.9,159,17,839,30.01,,0,0,0,75.7,74.1,72.7,0.11,0.10,0.07
SCHU,2017-08-21 12:45:00 EDT,43.11700,-73.57829,103,80.8,79.5,82.6,58.6,64.9,0.000,0.000,0.00,0.000,6.2,11.0,2.1,156,16,6.7,12.5,2.4,153,14,6.2,11.0,2.1,156,16,843,30.00,,0,0,0,75.8,74.1,72.7,0.11,0.10,0.08
SCHU,2017-08-21 12:50:00 EDT,43.11700,-73.57829,103,80.2,79.4,81.8,57.4,63.8,0.000,0.000,0.00,0.000,6.9,11.0,2.1,159,11,7.4,12.7,2.2,156,11,6.9,11.0,2.1,159,11,848,30.00,,0,0,0,75.9,74.1,72.7,0.11,0.10,0.07
SCHU,2017-08-21 12:55:00 EDT,43.11700,-73.57829,103,81.0,79.7,82.7,57.9,64.8,0.000,0.000,0.00,0.000,7.0,11.3,2.0,152,19,7.6,12.2,2.2,148,17,7.0,11.3,2.0,152,19,860,30.00,,0,0,0,76.0,74.1,72.7,0.11,0.10,0.07
SCHU,2017-08-21 13:00:00 EDT,43.11700,-73.57829,103,81.0,79.9,82.6,56.9,64.3,0.000,0.000,0.00,0.000,5.9,9.8,1.9,159,17,6.6,11.3,2.0,154,17,5.9,9.8,1.9,159,17,871,30.00,,0,0,0,76.3,74.1,72.7,0.11,0.10,0.07
SCHU,2017-08-21 13:05:00 EDT,43.11700,-73.57829,103,81.3,80.1,83.1,57.4,64.8,0.000,0.000,0.00,0.000,5.5,9.9,1.8,154,22,6.3,12.2,2.1,152,22,5.5,9.9,1.8,154,22,895,30.00,,0,0,0,76.5,74.2,72.7,0.11,0.10,0.07
SCHU,2017-08-21 13:10:00 EDT,43.11700,-73.57829,103,81.9,80.3,83.8,57.4,65.3,0.000,0.000,0.00,0.000,5.9,9.9,2.0,152,23,6.6,10.8,2.2,149,21,5.9,9.9,2.0,152,23,921,30.00,,0,0,0,76.6,74.1,72.7,0.11,0.10,0.07
SCHU,2017-08-21 13:15:00 EDT,43.11700,-73.57829,103,81.5,80.3,83.3,57.2,64.9,0.000,0.000,0.00,0.000,6.8,11.4,2.2,154,16,7.5,13.2,2.3,149,16,6.8,11.4,2.2,154,16,750,30.00,,0,0,0,76.8,74.1,72.7,0.11,0.10,0.07
SCHU,2017-08-21 13:20:00 EDT,43.11700,-73.57829,103,80.5,79.8,82.1,57.1,63.9,0.000,0.000,0.00,0.000,5.5,10.2,1.9,157,21,6.2,11.7,2.1,151,20,5.5,10.2,1.9,157,21,328,30.00,,0,0,0,76.8,74.3,72.7,0.11,0.10,0.07
SCHU,2017-08-21 13:25:00 EDT,43.11700,-73.57829,103,80.2,79.5,81.9,59.2,64.6,0.000,0.000,0.00,0.000,4.4,8.6,1.7,155,23,4.9,9.8,1.9,153,22,4.4,8.6,1.7,155,23,498,30.00,,0,0,0,77.0,74.3,72.7,0.11,0.10,0.07
SCHU,2017-08-21 13:30:00 EDT,43.11700,-73.57829,103,80.3,79.6,82.2,59.4,64.9,0.000,0.000,0.00,0.000,5.1,9.3,1.8,165,20,5.6,10.7,2.0,161,21,5.1,9.3,1.8,165,20,420,30.00,,0,0,0,77.2,74.3,72.7,0.11,0.10,0.07
SCHU,2017-08-21 13:35:00 EDT,43.11700,-73.57829,103,80.8,80.0,82.9,60.3,65.8,0.000,0.000,0.00,0.000,2.5,6.1,1.5,171,34,3.1,7.5,1.5,167,33,2.5,6.1,1.5,171,34,641,29.99,,0,0,0,77.4,74.3,72.7,0.11,0.10,0.07
SCHU,2017-08-21 13:40:00 EDT,43.11700,-73.57829,103,81.9,80.8,84.1,59.0,66.2,0.000,0.000,0.00,0.000,3.6,6.4,1.4,166,28,4.2,8.0,1.5,164,30,3.6,6.4,1.4,166,28,789,29.99,,0,0,0,77.4,74.3,72.7,0.11,0.10,0.07
SCHU,2017-08-21 13:45:00 EDT,43.11700,-73.57829,103,82.3,81.2,84.5,58.3,66.2,0.000,0.000,0.00,0.000,4.8,10.4,2.0,147,16,5.1,10.8,2.0,141,17,4.8,10.4,2.0,147,16,749,29.99,,0,0,0,77.6,74.3,72.7,0.11,0.10,0.07
SCHU,2017-08-21 13:50:00 EDT,43.11700,-73.57829,103,82.4,81.3,84.8,58.9,66.6,0.000,0.000,0.00,0.000,3.4,7.7,1.4,165,23,3.8,9.8,1.5,163,24,3.4,7.7,1.4,165,23,691,29.99,,0,0,0,77.8,74.3,72.7,0.11,0.10,0.07
SCHU,2017-08-21 13:55:00 EDT,43.11700,-73.57829,103,82.6,81.9,85.1,58.8,66.7,0.000,0.000,0.00,0.000,2.4,5.6,1.0,175,31,3.2,8.7,1.2,167,33,2.4,5.6,1.0,175,31,635,29.99,,0,0,0,77.8,74.3,72.7,0.11,0.10,0.07
SCHU,2017-08-21 14:00:00 EDT,43.11700,-73.57829,103,82.7,81.8,84.9,57.1,66.0,0.000,0.000,0.00,0.000,5.4,10.2,1.8,171,24,6.1,11.5,2.0,165,25,5.4,10.2,1.8,171,24,584,29.98,,0,0,0,77.9,74.3,72.7,0.11,0.10,0.07
SCHU,2017-08-21 14:05:00 EDT,43.11700,-73.57829,103,82.6,81.7,84.9,57.6,66.2,0.000,0.000,0.00,0.000,3.5,5.8,1.1,155,28,4.0,6.6,1.1,151,28,3.5,5.8,1.1,155,28,534,29.98,,0,0,0,78.0,74.4,72.7,0.11,0.10,0.08
SCHU,2017-08-21 14:10:00 EDT,43.11700,-73.57829,103,82.6,82.0,84.9,57.8,66.2,0.000,0.000,0.00,0.000,3.2,6.6,1.5,166,25,3.9,8.1,1.7,161,29,3.2,6.6,1.5,166,25,482,29.98,,0,0,0,78.0,74.5,72.7,0.11,0.10,0.07
SCHU,2017-08-21 14:15:00 EDT,43.11700,-73.57829,103,82.3,81.7,84.6,58.9,66.5,0.000,0.000,0.00,0.000,3.4,6.6,1.3,153,15,3.7,7.3,1.4,148,16,3.4,6.6,1.3,153,15,429,29.98,,0,0,0,78.2,74.4,72.7,0.11,0.10,0.07
SCHU,2017-08-21 14:20:00 EDT,43.11700,-73.57829,103,81.7,81.3,83.9,59.0,66.0,0.000,0.000,0.00,0.000,3.5,5.8,0.8,185,34,4.1,8.1,1.1,183,31,3.5,5.8,0.8,185,34,381,29.98,,0,0,0,78.3,74.5,72.7,0.11,0.10,0.08
SCHU,2017-08-21 14:25:00 EDT,43.11700,-73.57829,103,82.1,81.6,84.5,59.3,66.5,0.000,0.000,0.00,0.000,2.0,5.3,1.4,191,37,2.6,6.9,1.3,183,38,2.0,5.3,1.4,191,37,334,29.98,,0,0,0,78.5,74.5,72.7,0.11,0.10,0.07
SCHU,2017-08-21 14:30:00 EDT,43.11700,-73.57829,103,81.9,81.4,84.2,59.5,66.4,0.000,0.000,0.00,0.000,3.7,7.0,1.7,146,23,4.2,7.3,1.6,142,25,3.7,7.0,1.7,146,23,294,29.98,,0,0,0,78.6,74.5,72.7,0.11,0.10,0.07
SCHU,2017-08-21 14:35:00 EDT,43.11700,-73.57829,103,81.0,80.6,83.3,61.2,66.4,0.000,0.000,0.00,0.000,3.9,8.0,1.5,149,18,4.2,9.2,1.7,142,17,3.9,8.0,1.5,149,18,265,29.98,,0,0,0,78.6,74.6,72.7,0.11,0.10,0.07
SCHU,2017-08-21 14:40:00 EDT,43.11700,-73.57829,103,80.7,80.3,83.1,63.3,67.1,0.000,0.000,0.00,0.000,3.3,6.4,1.4,152,19,3.7,9.3,1.7,146,18,3.3,6.4,1.4,152,19,245,29.98,,0,0,0,78.7,74.5,72.7,0.11,0.10,0.07
SCHU,2017-08-21 14:45:00 EDT,43.11700,-73.57829,103,80.5,80.2,82.9,63.3,66.9,0.000,0.000,0.00,0.000,3.7,6.4,1.4,156,27,4.0,7.5,1.4,152,26,3.7,6.4,1.4,156,27,238,29.97,,0,0,0,78.9,74.6,72.7,0.11,0.10,0.07
SCHU,2017-08-21 14:50:00 EDT,43.11700,-73.57829,103,80.6,80.1,83.1,64.1,67.4,0.000,0.000,0.00,0.000,2.4,5.2,1.3,145,21,2.8,6.8,1.4,142,23,2.4,5.2,1.3,145,21,242,29.97,,0,0,0,79.1,74.6,72.7,0.11,0.10,0.08
SCHU,2017-08-21 14:55:00 EDT,43.11700,-73.57829,103,80.4,80.0,82.9,64.7,67.5,0.000,0.000,0.00,0.000,3.2,5.5,1.0,145,14,3.4,5.6,1.0,138,13,3.2,5.5,1.0,145,14,261,29.97,,0,0,0,79.2,74.6,72.7,0.11,0.10,0.07
SCHU,2017-08-21 15:00:00 EDT,43.11700,-73.57829,103,80.2,80.0,82.8,65.8,67.8,0.000,0.000,0.00,0.000,3.2,4.8,0.8,146,15,3.3,5.3,0.9,140,15,3.2,4.8,0.8,146,15,287,29.97,,0,0,0,79.2,74.7,72.6,0.11,0.10,0.07
SCHU,2017-08-21 15:05:00 EDT,43.11700,-73.57829,103,80.7,80.1,83.4,65.4,68.0,0.000,0.000,0.00,0.000,3.0,4.6,0.8,138,21,3.1,5.5,1.1,132,20,3.0,4.6,0.8,138,21,320,29.97,,0,0,0,79.2,74.7,72.6,0.11,0.10,0.07
SCHU,2017-08-21 15:10:00 EDT,43.11700,-73.57829,103,81.0,80.2,84.0,65.9,68.5,0.000,0.000,0.00,0.000,2.7,4.5,0.8,144,17,2.8,5.0,0.8,137,17,2.7,4.5,0.8,144,17,356,29.96,,0,0,0,79.2,74.7,72.6,0.11,0.10,0.08
SCHU,2017-08-21 15:15:00 EDT,43.11700,-73.57829,103,81.4,80.6,84.5,65.5,68.7,0.000,0.000,0.00,0.000,2.2,3.9,0.8,150,22,2.6,4.9,1.0,143,22,2.2,3.9,0.8,150,22,392,29.96,,0,0,0,79.2,74.7,72.5,0.11,0.10,0.08
SCHU,2017-08-21 15:20:00 EDT,43.11700,-73.57829,103,81.8,81.0,85.0,64.7,68.8,0.000,0.000,0.00,0.000,3.1,5.7,1.1,150,17,3.4,6.9,1.2,145,19,3.1,5.7,1.1,150,17,429,29.96,,0,0,0,79.3,74.8,72.6,0.11,0.10,0.08
SCHU,2017-08-21 15:25:00 EDT,43.11700,-73.57829,103,82.0,81.3,85.2,64.0,68.6,0.000,0.000,0.00,0.000,4.0,6.7,1.2,148,18,4.4,7.2,1.4,143,18,4.0,6.7,1.2,148,18,463,29.96,,0,0,0,79.2,74.8,72.6,0.11,0.10,0.07
SCHU,2017-08-21 15:30:00 EDT,43.11700,-73.57829,103,82.3,81.6,85.5,62.9,68.4,0.000,0.000,0.00,0.000,4.7,8.3,1.5,150,19,5.1,8.5,1.5,145,19,4.7,8.3,1.5,150,19,497,29.96,,0,0,0,79.3,74.8,72.6,0.11,0.10,0.07
SCHU,2017-08-21 15:35:00 EDT,43.11700,-73.57829,103,82.5,82.0,85.5,61.4,67.9,0.000,0.000,0.00,0.000,3.5,6.6,1.8,168,25,4.2,8.0,1.9,161,22,3.5,6.6,1.8,168,25,528,29.96,,0,0,0,79.3,74.8,72.6,0.11,0.10,0.07
SCHU,2017-08-21 15:40:00 EDT,43.11700,-73.57829,103,82.8,82.2,85.5,59.5,67.2,0.000,0.000,0.00,0.000,5.0,10.2,1.7,167,17,5.5,10.8,2.0,164,19,5.0,10.2,1.7,167,17,555,29.96,,0,0,0,79.3,74.8,72.6,0.11,0.10,0.07
SCHU,2017-08-21 15:45:00 EDT,43.11700,-73.57829,103,82.8,82.3,85.6,59.5,67.3,0.000,0.000,0.00,0.000,5.6,10.5,2.1,156,19,6.2,11.2,2.0,152,19,5.6,10.5,2.1,156,19,576,29.96,,0,0,0,79.3,74.9,72.6,0.11,0.10,0.07
SCHU,2017-08-21 15:50:00 EDT,43.11700,-73.57829,103,83.1,82.6,85.9,59.2,67.4,0.000,0.000,0.00,0.000,6.1,10.1,1.9,158,17,6.8,11.4,2.2,153,16,6.1,10.1,1.9,158,17,592,29.96,,0,0,0,79.3,74.9,72.6,0.10,0.10,0.07
SCHU,2017-08-21 15:55:00 EDT,43.11700,-73.57829,103,83.2,82.6,86.2,59.4,67.6,0.000,0.000,0.00,0.000,4.0,9.9,1.6,170,23,4.6,8.7,1.7,164,22,4.0,9.9,1.6,170,23,596,29.96,,0,0,0,79.3,75.0,72.5,0.10,0.10,0.07
SCHU,2017-08-21 16:00:00 EDT,43.11700,-73.57829,103,83.8,83.0,86.5,57.5,67.2,0.000,0.000,0.00,0.000,4.6,10.4,1.9,158,29,5.3,11.3,2.1,153,29,4.6,10.4,1.9,158,29,587,29.96,,0,0,0,79.4,75.0,72.6,0.11,0.10,0.07
SCHU,2017-08-21 16:05:00 EDT,43.11700,-73.57829,103,84.1,83.2,87.0,57.0,67.3,0.000,0.000,0.00,0.000,5.0,8.6,1.9,165,28,5.7,10.2,2.0,159,27,5.0,8.6,1.9,165,28,579,29.96,,0,0,0,79.3,75.0,72.6,0.10,0.10,0.07
SCHU,2017-08-21 16:10:00 EDT,43.11700,-73.57829,103,83.8,83.2,86.5,57.1,67.0,0.000,0.000,0.00,0.000,5.6,11.9,2.0,167,31,6.2,12.2,2.3,163,30,5.6,11.9,2.0,167,31,565,29.96,,0,0,0,79.4,75.0,72.6,0.11,0.10,0.07
SCHU,2017-08-21 16:15:00 EDT,43.11700,-73.57829,103,84.0,83.3,87.0,57.9,67.6,0.000,0.000,0.00,0.000,3.6,6.4,1.3,174,30,4.2,7.5,1.5,171,30,3.6,6.4,1.3,174,30,552,29.96,,0,0,0,79.4,75.0,72.5,0.11,0.10,0.07
SCHU,2017-08-21 16:20:00 EDT,43.11700,-73.57829,103,84.4,83.4,87.5,57.3,67.7,0.000,0.000,0.00,0.000,3.6,7.5,1.9,158,33,4.0,9.4,2.0,153,33,3.6,7.5,1.9,158,33,539,29.95,,0,0,0,79.4,75.0,72.5,0.11,0.10,0.08
SCHU,2017-08-21 16:25:00 EDT,43.11700,-73.57829,103,84.5,83.6,87.5,56.8,67.5,0.000,0.000,0.00,0.000,3.6,8.5,2.3,163,29,4.1,10.0,2.3,156,33,3.6,8.5,2.3,163,29,530,29.95,,0,0,0,79.4,75.1,72.5,0.11,0.10,0.07
SCHU,2017-08-21 16:30:00 EDT,43.11700,-73.57829,103,84.0,83.4,86.7,56.7,67.0,0.000,0.000,0.00,0.000,4.0,6.9,1.2,162,22,4.4,8.3,1.5,157,21,4.0,6.9,1.2,162,22,520,29.95,,0,0,0,79.4,75.1,72.5,0.11,0.10,0.07
SCHU,2017-08-21 16:35:00 EDT,43.11700,-73.57829,103,84.3,83.5,87.2,56.9,67.4,0.000,0.000,0.00,0.000,4.0,9.1,2.2,163,26,4.5,10.3,2.2,160,30,4.0,9.1,2.2,163,26,506,29.95,,0,0,0,79.5,75.3,72.5,0.11,0.10,0.08
SCHU,2017-08-21 16:40:00 EDT,43.11700,-73.57829,103,84.5,83.6,87.4,56.5,67.3,0.000,0.000,0.00,0.000,3.9,9.4,1.5,160,24,4.5,9.9,1.6,155,25,3.9,9.4,1.5,160,24,490,29.95,,0,0,0,79.5,75.4,72.5,0.11,0.10,0.07
SCHU,2017-08-21 16:45:00 EDT,43.11700,-73.57829,103,83.8,83.4,86.3,56.1,66.5,0.000,0.000,0.00,0.000,5.4,9.0,1.6,166,17,6.1,9.5,1.5,161,19,5.4,9.0,1.6,166,17,476,29.95,,0,0,0,79.5,75.5,72.5,0.11,0.10,0.07
SCHU,2017-08-21 16:50:00 EDT,43.11700,-73.57829,103,83.9,83.4,86.8,57.7,67.4,0.000,0.000,0.00,0.000,3.6,6.6,1.2,159,21,4.0,8.5,1.4,153,22,3.6,6.6,1.2,159,21,460,29.95,,0,0,0,79.5,75.5,72.4,0.11,0.10,0.07
SCHU,2017-08-21 16:55:00 EDT,43.11700,-73.57829,103,83.6,83.3,86.2,56.8,66.7,0.000,0.000,0.00,0.000,5.3,9.1,1.9,157,18,5.8,10.1,1.8,153,17,5.3,9.1,1.9,157,18,447,29.95,,0,0,0,79.5,75.6,72.5,0.11,0.10,0.07
SCHU,2017-08-21 17:00:00 EDT,43.11700,-73.57829,103,84.0,83.2,86.9,57.7,67.5,0.000,0.000,0.00,0.000,2.9,6.4,1.3,169,37,3.6,8.1,1.4,165,42,2.9,6.4,1.3,169,37,430,29.94,,0,0,0,79.5,75.6,72.5,0.11,0.10,0.07
SCHU,2017-08-21 17:05:00 EDT,43.11700,-73.57829,103,83.9,83.4,86.5,56.3,66.7,0.000,0.000,0.00,0.000,5.3,9.9,2.2,160,17,5.9,11.3,2.4,154,16,5.3,9.9,2.2,160,17,414,29.94,,0,0,0,79.5,75.6,72.5,0.11,0.10,0.07
SCHU,2017-08-21 17:10:00 EDT,43.11700,-73.57829,103,83.6,83.2,86.2,57.3,66.9,0.000,0.000,0.00,0.000,5.0,9.2,1.5,163,16,5.6,10.6,1.6,157,15,5.0,9.2,1.5,163,16,398,29.94,,0,0,0,79.5,75.6,72.5,0.11,0.10,0.07
SCHU,2017-08-21 17:15:00 EDT,43.11700,-73.57829,103,83.9,83.3,86.8,58.1,67.6,0.000,0.000,0.00,0.000,3.0,6.3,1.3,183,31,3.7,8.0,1.4,182,33,3.0,6.3,1.3,183,31,382,29.94,,0,0,0,79.6,75.6,72.5,0.11,0.11,0.07
SCHU,2017-08-21 17:20:00 EDT,43.11700,-73.57829,103,83.8,83.4,86.2,56.0,66.4,0.000,0.000,0.00,0.000,3.7,9.4,1.8,178,27,4.3,11.7,2.2,178,27,3.7,9.4,1.8,178,27,366,29.94,,0,0,0,79.6,75.6,72.5,0.11,0.10,0.07
SCHU,2017-08-21 17:25:00 EDT,43.11700,-73.57829,103,83.9,83.5,86.5,56.6,66.8,0.000,0.000,0.00,0.000,3.9,7.8,1.5,166,22,4.2,8.5,1.8,160,21,3.9,7.8,1.5,166,22,350,29.94,,0,0,0,79.6,75.6,72.5,0.11,0.10,0.07
SCHU,2017-08-21 17:30:00 EDT,43.11700,-73.57829,103,83.7,83.3,86.2,56.8,66.7,0.000,0.000,0.00,0.000,4.7,8.9,1.7,165,24,5.6,12.4,1.9,161,25,4.7,8.9,1.7,165,24,331,29.94,,0,0,0,79.6,75.7,72.5,0.11,0.10,0.07
SCHU,2017-08-21 17:35:00 EDT,43.11700,-73.57829,103,83.4,83.2,85.7,56.4,66.3,0.000,0.000,0.00,0.000,6.5,13.9,2.7,162,14,7.3,14.7,3.2,157,13,6.5,13.9,2.7,162,14,314,29.94,,0,0,0,79.6,75.6,72.4,0.11,0.10,0.07
SCHU,2017-08-21 17:40:00 EDT,43.11700,-73.57829,103,83.2,83.0,85.4,56.3,66.0,0.000,0.000,0.00,0.000,5.2,9.4,1.6,169,20,5.6,12.1,1.9,165,21,5.2,9.4,1.6,169,20,299,29.94,,0,0,0,79.6,75.7,72.4,0.10,0.10,0.07
SCHU,2017-08-21 17:45:00 EDT,43.11700,-73.57829,103,83.2,82.9,85.5,56.9,66.3,0.000,0.000,0.00,0.000,4.6,8.3,1.8,169,23,5.1,9.8,1.9,165,23,4.6,8.3,1.8,169,23,285,29.93,,0,0,0,79.6,75.8,72.5,0.11,0.10,0.07
SCHU,2017-08-21 17:50:00 EDT,43.11700,-73.57829,103,83.1,82.8,85.4,56.9,66.2,0.000,0.000,0.00,0.000,3.8,7.5,1.5,162,23,4.3,8.4,1.6,157,22,3.8,7.5,1.5,162,23,269,29.93,,0,0,0,79.6,75.7,72.4,0.11,0.10,0.07
SCHU,2017-08-21 17:55:00 EDT,43.11700,-73.57829,103,83.1,82.8,85.4,56.5,66.1,0.000,0.000,0.00,0.000,4.2,7.8,1.5,165,24,4.7,8.6,1.7,160,23,4.2,7.8,1.5,165,24,255,29.93,,0,0,0,79.6,75.7,72.4,0.10,0.10,0.07
SCHU,2017-08-21 18:00:00 EDT,43.11700,-73.57829,103,82.9,82.8,84.9,56.1,65.6,0.000,0.000,0.00,0.000,4.8,8.8,1.6,163,19,5.4,10.1,1.8,158,19,4.8,8.8,1.6,163,19,237,29.93,,0,0,0,79.6,75.7,72.5,0.11,0.10,0.07
SCHU,2017-08-21 18:05:00 EDT,43.11700,-73.57829,103,82.6,82.7,84.7,56.8,65.8,0.000,0.000,0.00,0.000,3.7,7.2,1.2,162,19,4.1,7.9,1.3,157,20,3.7,7.2,1.2,162,19,222,29.93,,0,0,0,79.6,75.8,72.5,0.11,0.10,0.07
SCHU,2017-08-21 18:10:00 EDT,43.11700,-73.57829,103,82.5,82.5,84.6,57.4,65.9,0.000,0.000,0.00,0.000,3.0,5.3,0.9,166,21,3.4,6.2,1.1,161,22,3.0,5.3,0.9,166,21,205,29.93,,0,0,0,79.5,75.8,72.4,0.11,0.10,0.07
SCHU,2017-08-21 18:15:00 EDT,43.11700,-73.57829,103,82.2,82.3,84.6,58.9,66.4,0.000,0.000,0.00,0.000,3.0,5.8,1.2,155,21,3.4,7.0,1.4,153,20,3.0,5.8,1.2,155,21,190,29.93,,0,0,0,79.5,75.9,72.5,0.11,0.11,0.07
SCHU,2017-08-21 18:20:00 EDT,43.11700,-73.57829,103,82.1,82.2,84.5,60.0,66.8,0.000,0.000,0.00,0.000,2.8,5.4,0.9,151,19,3.1,6.0,1.0,147,19,2.8,5.4,0.9,151,19,176,29.93,,0,0,0,79.5,75.9,72.5,0.11,0.10,0.07
SCHU,2017-08-21 18:25:00 EDT,43.11700,-73.57829,103,81.7,82.1,84.1,60.2,66.6,0.000,0.000,0.00,0.000,2.3,4.8,1.2,151,23,2.6,6.0,1.1,147,24,2.3,4.8,1.2,151,23,162,29.93,,0,0,0,79.5,75.9,72.5,0.10,0.10,0.07
SCHU,2017-08-21 18:30:00 EDT,43.11700,-73.57829,103,81.3,81.7,83.7,61.7,66.9,0.000,0.000,0.00,0.000,1.9,5.0,1.2,158,20,2.3,6.1,1.3,154,22,1.9,5.0,1.2,158,20,149,29.93,,0,0,0,79.5,75.9,72.5,0.11,0.10,0.07
SCHU,2017-08-21 18:35:00 EDT,43.11700,-73.57829,103,80.8,81.6,83.3,63.3,67.2,0.000,0.000,0.00,0.000,1.4,2.9,0.6,148,19,1.6,3.0,0.5,141,20,1.4,2.9,0.6,148,19,135,29.93,,0,0,0,79.5,75.9,72.4,0.11,0.10,0.07
SCHU,2017-08-21 18:40:00 EDT,43.11700,-73.57829,103,80.3,81.5,82.8,64.6,67.3,0.000,0.000,0.00,0.000,2.0,3.9,0.6,150,16,2.1,4.5,0.7,145,14,2.0,3.9,0.6,150,16,125,29.93,,0,0,0,79.5,75.9,72.4,0.11,0.10,0.08
SCHU,2017-08-21 18:45:00 EDT,43.11700,-73.57829,103,79.9,81.2,79.9,67.0,67.9,0.000,0.000,0.00,0.000,1.8,3.5,0.7,152,19,2.0,4.2,0.7,145,18,1.8,3.5,0.7,152,19,110,29.93,,0,0,0,79.5,75.9,72.5,0.11,0.10,0.08
SCHU,2017-08-21 18:50:00 EDT,43.11700,-73.57829,103,78.6,81.0,78.6,69.2,67.7,0.000,0.000,0.00,0.000,2.1,3.4,0.7,136,18,2.2,3.4,0.6,131,16,2.1,3.4,0.7,136,18,98,29.93,,0,0,0,79.5,75.9,72.4,0.11,0.10,0.07
SCHU,2017-08-21 18:55:00 EDT,43.11700,-73.57829,103,78.0,80.2,78.0,71.6,68.1,0.000,0.000,0.00,0.000,1.7,3.1,0.6,130,14,1.9,3.3,0.5,124,14,1.7,3.1,0.6,130,14,65,29.93,,0,0,0,79.5,75.9,72.5,0.11,0.11,0.08
SCHU,2017-08-21 19:00:00 EDT,43.11700,-73.57829,103,77.0,79.9,77.0,74.6,68.4,0.000,0.000,0.00,0.000,1.7,2.3,0.2,133,11,1.7,2.6,0.2,128,9,1.7,2.3,0.2,133,11,39,29.93,,0,0,0,79.5,75.9,72.4,0.11,0.10,0.08
SCHU,2017-08-21 19:05:00 EDT,43.11700,-73.57829,103,76.3,79.3,76.3,77.6,68.8,0.000,0.000,0.00,0.000,1.4,2.5,0.4,139,13,1.5,2.3,0.3,133,13,1.4,2.5,0.4,139,13,36,29.93,,0,0,0,79.4,75.9,72.4,0.11,0.10,0.08
SCHU,2017-08-21 19:10:00 EDT,43.11700,-73.57829,103,76.3,78.5,76.3,79.1,69.3,0.000,0.000,0.00,0.000,1.3,1.9,0.3,124,8,1.5,2.2,0.3,120,11,1.3,1.9,0.3,124,8,34,29.93,,0,0,0,79.4,76.0,72.4,0.11,0.10,0.07
SCHU,2017-08-21 19:15:00 EDT,43.11700,-73.57829,103,75.3,77.9,75.3,82.0,69.4,0.000,0.000,0.00,0.000,1.7,2.2,0.3,122,5,1.8,2.3,0.3,121,7,1.7,2.2,0.3,122,5,31,29.93,,0,0,0,79.5,76.1,72.5,0.11,0.10,0.07
SCHU,2017-08-21 19:20:00 EDT,43.11700,-73.57829,103,74.7,77.6,74.7,83.9,69.5,0.000,0.000,0.00,0.000,1.2,1.5,0.1,123,7,1.5,1.9,0.1,120,9,1.2,1.5,0.1,123,7,21,29.93,,0,0,0,79.4,76.3,72.4,0.11,0.10,0.07
SCHU,2017-08-21 19:25:00 EDT,43.11700,-73.57829,103,74.5,77.1,74.5,85.1,69.8,0.000,0.000,0.00,0.000,1.1,1.9,0.3,114,14,1.5,2.1,0.2,108,14,1.1,1.9,0.3,114,14,14,29.93,,0,0,0,79.4,76.2,72.4,0.11,0.10,0.07
SCHU,2017-08-21 19:30:00 EDT,43.11700,-73.57829,103,74.7,76.5,74.7,85.4,70.0,0.000,0.000,0.00,0.000,0.7,1.2,0.3,124,24,1.2,1.7,0.2,123,24,0.7,1.2,0.3,124,24,9,29.93,,0,0,0,79.3,76.2,72.4,0.11,0.10,0.07
SCHU,2017-08-21 19:35:00 EDT,43.11700,-73.57829,103,74.2,75.9,74.2,86.7,69.9,0.000,0.000,0.00,0.000,1.3,1.7,0.2,157,8,1.6,2.0,0.2,153,9,1.3,1.7,0.2,157,8,6,29.93,,0,0,0,79.3,76.4,72.5,0.11,0.10,0.08
SCHU,2017-08-21 19:40:00 EDT,43.11700,-73.57829,103,73.8,76.0,73.8,87.8,69.9,0.000,0.000,0.00,0.000,0.8,1.2,0.2,161,8,1.3,1.7,0.2,155,12,0.8,1.2,0.2,161,8,5,29.93,,0,0,0,79.3,76.4,72.4,0.11,0.10,0.08
SCHU,2017-08-21 19:45:00 EDT,43.11700,-73.57829,103,73.4,75.5,73.4,88.6,69.8,0.000,0.000,0.00,0.000,1.2,1.5,0.2,134,4,1.4,1.6,0.1,128,3,1.2,1.5,0.2,134,4,4,29.93,,0,0,0,79.3,76.4,72.4,0.11,0.10,0.07
SCHU,2017-08-21 19:50:00 EDT,43.11700,-73.57829,103,72.4,75.2,72.4,90.0,69.3,0.000,0.000,0.00,0.000,1.2,1.5,0.2,133,2,1.4,1.6,0.1,128,3,1.2,1.5,0.2,133,2,3,29.93,,0,0,0,79.2,76.5,72.5,0.11,0.10,0.07
SCHU,2017-08-21 19:55:00 EDT,43.11700,-73.57829,103,72.5,74.8,72.5,91.3,69.8,0.000,0.000,0.00,0.000,1.1,1.5,0.3,128,3,1.3,1.6,0.2,124,4,1.1,1.5,0.3,128,3,2,29.93,,0,0,0,79.2,76.5,72.4,0.11,0.10,0.07
SCHU,2017-08-21 20:00:00 EDT,43.11700,-73.57829,103,72.3,74.4,72.3,92.0,69.8,0.000,0.000,0.00,0.000,1.1,1.4,0.1,132,3,1.4,1.6,0.1,128,3,1.1,1.4,0.1,132,3,2,29.93,,0,0,0,79.2,76.5,72.4,0.11,0.10,0.07
SCHU,2017-08-21 20:05:00 EDT,43.11700,-73.57829,103,72.4,73.9,72.4,92.6,70.1,0.000,0.000,0.00,0.000,0.9,1.2,0.2,139,7,1.2,1.5,0.2,136,8,0.9,1.2,0.2,139,7,1,29.93,,0,0,0,79.1,76.5,72.4,0.10,0.10,0.07
SCHU,2017-08-21 20:10:00 EDT,43.11700,-73.57829,103,72.5,73.6,72.5,92.8,70.3,0.000,0.000,0.00,0.000,1.0,1.2,0.2,167,7,1.4,1.7,0.2,161,9,1.0,1.2,0.2,167,7,1,29.93,,0,0,0,79.1,76.5,72.4,0.10,0.10,0.07
SCHU,2017-08-21 20:15:00 EDT,43.11700,-73.57829,103,71.8,73.4,71.8,93.7,69.9,0.000,0.000,0.00,0.000,1.0,1.3,0.1,145,12,1.3,1.5,0.1,136,8,1.0,1.3,0.1,145,12,0,29.93,,0,0,0,78.9,76.5,72.5,0.11,0.10,0.08
SCHU,2017-08-21 20:20:00 EDT,43.11700,-73.57829,103,71.2,73.3,71.2,94.4,69.5,0.000,0.000,0.00,0.000,1.3,1.6,0.1,130,2,1.5,1.6,0.1,127,2,1.3,1.6,0.1,130,2,0,29.93,,0,0,0,78.7,76.5,72.6,0.10,0.10,0.07
SCHU,2017-08-21 20:25:00 EDT,43.11700,-73.57829,103,71.0,73.2,71.0,95.5,69.6,0.000,0.000,0.00,0.000,1.3,1.7,0.2,135,3,1.5,1.8,0.1,130,3,1.3,1.7,0.2,135,3,0,29.93,,0,0,0,78.7,76.5,72.6,0.11,0.10,0.07
SCHU,2017-08-21 20:30:00 EDT,43.11700,-73.57829,103,71.5,73.3,71.5,96.0,70.3,0.000,0.000,0.00,0.000,0.9,1.2,0.1,129,3,1.2,1.4,0.1,123,4,0.9,1.2,0.1,129,3,0,29.93,,0,0,0,78.6,76.5,72.4,0.11,0.10,0.07
SCHU,2017-08-21 20:35:00 EDT,43.11700,-73.57829,103,71.1,73.0,71.1,95.7,69.9,0.000,0.000,0.00,0.000,0.9,1.2,0.1,129,1,1.2,1.4,0.1,126,3,0.9,1.2,0.1,129,1,0,29.93,,0,0,0,78.6,76.5,72.5,0.10,0.10,0.07
SCHU,2017-08-21 20:40:00 EDT,43.11700,-73.57829,103,71.2,72.8,71.2,96.4,70.1,0.000,0.000,0.00,0.000,0.7,1.0,0.2,132,4,1.1,1.4,0.1,123,8,0.7,1.0,0.2,132,4,0,29.93,,0,0,0,78.4,76.5,72.5,0.10,0.10,0.07
SCHU,2017-08-21 20:45:00 EDT,43.11700,-73.57829,103,71.2,72.7,71.2,96.3,70.1,0.000,0.000,0.00,0.000,0.6,1.0,0.2,126,7,1.1,1.4,0.1,123,8,0.6,1.0,0.2,126,7,0,29.93,,0,0,0,78.4,76.5,72.5,0.10,0.10,0.08
SCHU,2017-08-21 20:50:00 EDT,43.11700,-73.57829,103,71.3,72.5,71.3,96.5,70.2,0.000,0.000,0.00,0.000,0.6,1.2,0.2,129,5,1.0,1.4,0.1,124,5,0.6,1.2,0.2,129,5,0,29.93,,0,0,0,78.3,76.5,72.4,0.10,0.10,0.07
SCHU,2017-08-21 20:55:00 EDT,43.11700,-73.57829,103,71.2,72.3,71.2,96.7,70.2,0.000,0.000,0.00,0.000,0.1,0.4,0.1,119,0,0.8,1.1,0.1,123,11,0.1,0.4,0.1,119,0,0,29.93,,0,0,0,78.2,76.5,72.5,0.11,0.10,0.07
SCHU,2017-08-21 21:00:00 EDT,43.11700,-73.57829,103,71.1,71.9,71.1,96.9,70.2,0.000,0.000,0.00,0.000,0.0,0.0,0.0,0,0,0.7,1.0,0.1,163,31,0.0,0.0,0.0,0,0,0,29.93,,0,0,0,78.2,76.6,72.4,0.10,0.10,0.07
SCHU,2017-08-21 21:05:00 EDT,43.11700,-73.57829,103,71.0,71.7,71.0,97.0,70.2,0.000,0.000,0.00,0.000,0.0,0.0,0.0,0,0,0.6,1.0,0.2,163,23,0.0,0.0,0.0,0,0,0,29.93,,0,0,0,78.1,76.5,72.5,0.11,0.11,0.07
SCHU,2017-08-21 21:10:00 EDT,43.11700,-73.57829,103,70.6,71.5,70.6,97.1,69.8,0.000,0.000,0.00,0.000,0.0,0.0,0.0,0,0,0.8,1.0,0.1,138,9,0.0,0.0,0.0,0,0,0,29.93,,0,0,0,78.1,76.6,72.5,0.11,0.10,0.07
SCHU,2017-08-21 21:15:00 EDT,43.11700,-73.57829,103,70.4,71.3,70.4,97.3,69.6,0.000,0.000,0.00,0.000,0.0,0.0,0.0,0,0,0.7,1.1,0.1,135,13,0.0,0.0,0.0,0,0,0,29.93,,0,0,0,77.9,76.6,72.5,0.11,0.10,0.07
SCHU,2017-08-21 21:20:00 EDT,43.11700,-73.57829,103,70.2,71.3,70.2,97.7,69.6,0.000,0.000,0.00,0.000,0.0,0.0,0.0,0,0,0.6,0.8,0.1,144,9,0.0,0.0,0.0,0,0,0,29.93,,0,0,0,77.9,76.6,72.5,0.11,0.10,0.07
SCHU,2017-08-21 21:25:00 EDT,43.11700,-73.57829,103,70.3,71.2,70.3,98.0,69.7,0.000,0.000,0.00,0.000,0.0,0.0,0.0,0,0,0.2,0.5,0.1,159,30,0.0,0.0,0.0,0,0,0,29.93,,0,0,0,77.9,76.6,72.5,0.11,0.10,0.07
SCHU,2017-08-21 21:30:00 EDT,43.11700,-73.57829,103,70.0,71.1,70.0,98.1,69.4,0.000,0.000,0.00,0.000,0.0,0.0,0.0,0,0,0.4,0.8,0.2,209,22,0.0,0.0,0.0,0,0,0,29.93,,0,0,0,77.9,76.6,72.5,0.11,0.10,0.08
SCHU,2017-08-21 21:35:00 EDT,43.11700,-73.57829,103,69.9,70.9,69.9,98.3,69.4,0.000,0.000,0.00,0.000,0.6,1.2,0.4,195,5,1.2,1.6,0.3,187,9,0.6,1.2,0.4,195,5,0,29.93,,0,0,0,77.8,76.6,72.5,0.10,0.10,0.08
SCHU,2017-08-21 21:40:00 EDT,43.11700,-73.57829,103,69.7,70.8,69.7,98.4,69.2,0.000,0.000,0.00,0.000,0.2,1.1,0.4,184,2,0.7,1.5,0.4,188,9,0.2,1.1,0.4,184,2,0,29.93,,0,0,0,77.8,76.6,72.6,0.10,0.10,0.07
SCHU,2017-08-21 21:45:00 EDT,43.11700,-73.57829,103,69.7,70.7,69.7,98.4,69.2,0.000,0.000,0.00,0.000,0.0,0.0,0.0,0,0,0.4,0.8,0.2,176,11,0.0,0.0,0.0,0,0,0,29.93,,0,0,0,77.8,76.6,72.5,0.10,0.10,0.07
SCHU,2017-08-21 21:50:00 EDT,43.11700,-73.57829,103,69.6,70.4,69.6,98.7,69.2,0.000,0.000,0.00,0.000,0.3,0.8,0.3,149,5,0.9,1.2,0.2,139,8,0.3,0.8,0.3,149,5,0,29.92,,0,0,0,77.7,76.6,72.5,0.10,0.10,0.07
SCHU,2017-08-21 21:55:00 EDT,43.11700,-73.57829,103,69.3,70.2,69.3,98.7,68.9,0.000,0.000,0.00,0.000,0.0,0.0,0.0,0,0,0.5,0.9,0.1,146,14,0.0,0.0,0.0,0,0,0,29.92,,0,0,0,77.6,76.6,72.5,0.11,0.10,0.07
SCHU,2017-08-21 22:00:00 EDT,43.11700,-73.57829,103,69.5,70.2,69.5,99.0,69.2,0.000,0.000,0.00,0.000,0.0,0.0,0.0,0,0,0.6,0.9,0.2,142,17,0.0,0.0,0.0,0,0,0,29.92,,0,0,0,77.6,76.6,72.5,0.11,0.10,0.07
SCHU,2017-08-21 22:05:00 EDT,43.11700,-73.57829,103,69.3,70.2,69.3,99.0,69.0,0.000,0.000,0.00,0.000,0.0,0.0,0.0,0,0,0.2,0.4,0.1,125,34,0.0,0.0,0.0,0,0,0,29.92,,0,0,0,77.5,76.6,72.5,0.10,0.10,0.07
SCHU,2017-08-21 22:10:00 EDT,43.11700,-73.57829,103,69.3,70.1,69.3,99.0,69.0,0.000,0.000,0.00,0.000,0.0,0.0,0.0,0,0,0.4,0.8,0.2,156,21,0.0,0.0,0.0,0,0,0,29.92,,0,0,0,77.4,76.6,72.5,0.11,0.10,0.07
SCHU,2017-08-21 22:15:00 EDT,43.11700,-73.57829,103,69.1,69.9,69.1,99.2,68.8,0.000,0.000,0.00,0.000,0.1,0.6,0.2,153,1,0.9,1.2,0.2,160,8,0.1,0.6,0.2,153,1,0,29.92,,0,0,0,77.4,76.6,72.5,0.11,0.10,0.08
SCHU,2017-08-21 22:20:00 EDT,43.11700,-73.57829,103,68.9,69.9,68.9,99.4,68.8,0.000,0.000,0.00,0.000,0.0,0.5,0.1,168,3,0.7,1.1,0.2,165,10,0.0,0.5,0.1,168,3,0,29.92,,0,0,0,77.3,76.6,72.4,0.10,0.11,0.07
SCHU,2017-08-21 22:25:00 EDT,43.11700,-73.57829,103,68.9,69.8,68.9,99.6,68.7,0.000,0.000,0.00,0.000,0.5,0.9,0.3,181,10,1.1,1.4,0.1,168,15,0.5,0.9,0.3,181,10,0,29.92,,0,0,0,77.2,76.6,72.5,0.11,0.10,0.07
SCHU,2017-08-21 22:30:00 EDT,43.11700,-73.57829,103,68.7,69.7,68.7,99.6,68.6,0.000,0.000,0.00,0.000,0.0,0.0,0.0,0,0,0.8,1.1,0.1,116,17,0.0,0.0,0.0,0,0,0,29.92,,0,0,0,77.2,76.6,72.6,0.11,0.10,0.07
SCHU,2017-08-21 22:35:00 EDT,43.11700,-73.57829,103,68.9,69.8,68.9,99.6,68.8,0.000,0.000,0.00,0.000,0.0,0.0,0.0,0,0,0.8,1.3,0.2,83,11,0.0,0.0,0.0,0,0,0,29.92,,0,0,0,77.2,76.6,72.5,0.11,0.10,0.07
SCHU,2017-08-21 22:40:00 EDT,43.11700,-73.57829,103,68.7,69.8,68.7,99.7,68.6,0.000,0.000,0.00,0.000,0.3,1.0,0.3,67,7,1.0,1.6,0.2,75,18,0.3,1.0,0.3,67,7,0,29.92,,0,0,0,77.0,76.6,72.5,0.11,0.10,0.07
SCHU,2017-08-21 22:45:00 EDT,43.11700,-73.57829,103,68.7,69.8,68.7,99.8,68.6,0.000,0.000,0.00,0.000,0.3,0.9,0.3,42,9,0.6,1.8,0.4,35,21,0.3,0.9,0.3,42,9,0,29.92,,0,0,0,77.1,76.6,72.5,0.11,0.11,0.08
SCHU,2017-08-21 22:50:00 EDT,43.11700,-73.57829,103,68.7,69.7,68.7,99.9,68.7,0.000,0.000,0.00,0.000,0.0,0.0,0.0,0,0,0.6,1.0,0.3,90,29,0.0,0.0,0.0,0,0,0,29.92,,0,0,0,77.0,76.5,72.5,0.11,0.10,0.07
SCHU,2017-08-21 22:55:00 EDT,43.11700,-73.57829,103,68.7,69.8,68.7,99.9,68.7,0.000,0.000,0.00,0.000,0.0,0.0,0.0,0,0,0.6,1.0,0.2,58,22,0.0,0.0,0.0,0,0,0,29.92,,0,0,0,76.9,76.6,72.5,0.11,0.11,0.07
SCHU,2017-08-21 23:00:00 EDT,43.11700,-73.57829,103,68.6,69.7,68.6,100.0,68.5,0.000,0.000,0.00,0.000,0.0,0.0,0.0,0,0,0.3,0.6,0.1,282,32,0.0,0.0,0.0,0,0,0,29.92,,0,0,0,76.8,76.6,72.5,0.11,0.10,0.07
SCHU,2017-08-21 23:05:00 EDT,43.11700,-73.57829,103,68.6,69.7,68.6,100.0,68.6,0.000,0.000,0.00,0.000,0.0,0.0,0.0,0,0,0.5,0.8,0.1,291,19,0.0,0.0,0.0,0,0,0,29.92,,0,0,0,76.8,76.6,72.5,0.11,0.11,0.07
SCHU,2017-08-21 23:10:00 EDT,43.11700,-73.57829,103,68.4,69.7,68.4,100.0,68.4,0.000,0.000,0.00,0.000,0.0,0.0,0.0,0,0,0.5,0.7,0.1,330,11,0.0,0.0,0.0,0,0,0,29.92,,0,0,0,76.8,76.6,72.5,0.11,0.10,0.07
SCHU,2017-08-21 23:15:00 EDT,43.11700,-73.57829,103,68.4,69.6,68.4,100.0,68.4,0.000,0.000,0.00,0.000,0.0,0.0,0.0,0,0,0.3,0.6,0.1,271,50,0.0,0.0,0.0,0,0,0,29.92,,0,0,0,76.7,76.6,72.5,0.11,0.10,0.07
SCHU,2017-08-21 23:20:00 EDT,43.11700,-73.57829,103,68.4,69.4,68.4,100.0,68.4,0.000,0.000,0.00,0.000,0.0,0.0,0.0,0,0,0.6,0.9,0.1,210,20,0.0,0.0,0.0,0,0,0,29.92,,0,0,0,76.6,76.6,72.6,0.11,0.10,0.07
SCHU,2017-08-21 23:25:00 EDT,43.11700,-73.57829,103,68.4,69.2,68.4,100.0,68.4,0.000,0.000,0.00,0.000,0.0,0.0,0.0,0,0,0.6,0.9,0.1,210,26,0.0,0.0,0.0,0,0,0,29.92,,0,0,0,76.6,76.6,72.6,0.11,0.11,0.07
SCHU,2017-08-21 23:30:00 EDT,43.11700,-73.57829,103,68.6,69.2,68.6,100.0,68.6,0.000,0.000,0.00,0.000,0.2,1.2,0.4,191,2,1.0,1.6,0.2,170,15,0.2,1.2,0.4,191,2,0,29.92,,0,0,0,76.7,76.6,72.5,0.11,0.11,0.07
SCHU,2017-08-21 23:35:00 EDT,43.11700,-73.57829,103,68.5,69.2,68.5,100.0,68.5,0.000,0.000,0.00,0.000,1.1,1.7,0.2,175,12,1.5,1.9,0.2,167,12,1.1,1.7,0.2,175,12,0,29.92,,0,0,0,76.6,76.5,72.6,0.11,0.10,0.07
SCHU,2017-08-21 23:40:00 EDT,43.11700,-73.57829,103,68.4,69.3,68.4,100.0,68.4,0.000,0.000,0.00,0.000,1.2,1.6,0.2,137,21,1.6,2.0,0.2,130,18,1.2,1.6,0.2,137,21,0,29.92,,0,0,0,76.6,76.6,72.6,0.10,0.10,0.07
SCHU,2017-08-21 23:45:00 EDT,43.11700,-73.57829,103,67.9,69.4,67.9,100.0,67.9,0.000,0.000,0.00,0.000,0.9,1.3,0.2,117,3,1.3,1.7,0.2,114,6,0.9,1.3,0.2,117,3,0,29.92,,0,0,0,76.5,76.5,72.5,0.11,0.11,0.07
SCHU,2017-08-21 23:50:00 EDT,43.11700,-73.57829,103,67.5,69.2,67.5,100.0,67.5,0.000,0.000,0.00,0.000,0.4,1.0,0.2,116,4,1.0,1.3,0.1,113,10,0.4,1.0,0.2,116,4,0,29.92,,0,0,0,76.4,76.6,72.6,0.11,0.10,0.07
SCHU,2017-08-21 23:55:00 EDT,43.11700,-73.57829,103,68.0,69.1,68.0,100.0,68.0,0.000,0.000,0.00,0.000,1.3,1.6,0.2,131,5,1.5,1.8,0.1,128,3,1.3,1.6,0.2,131,5,0,29.92,,0,0,0,76.3,76.5,72.5,0.10,0.10,0.07
SCIP,2017-08-21 00:00:00 EDT,42.75621,-76.53403,1297,62.3,66.1,62.3,89.2,59.1,0.000,0.024,0.00,0.002,3.9,6.0,1.1,152,14,4.3,7.0,1.3,151,15,3.9,6.0,1.1,152,14,0,28.79,,0,0,0,68.2,70.0,67.8,0.12,0.20,0.24
SCIP,2017-08-21 00:05:00 EDT,42.75621,-76.53403,1297,62.8,66.0,62.8,89.4,59.7,0.000,0.000,0.00,0.002,4.0,6.9,1.2,154,19,4.7,7.2,1.3,152,16,4.0,6.9,1.2,154,19,0,28.79,,0,0,0,68.1,69.9,67.8,0.12,0.20,0.24
SCIP,2017-08-21 00:10:00 EDT,42.75621,-76.53403,1297,62.9,65.6,62.9,89.2,59.7,0.000,0.000,0.00,0.002,3.5,5.8,1.0,149,18,3.8,6.4,1.2,148,17,3.5,5.8,1.0,149,18,0,28.79,,0,0,0,68.0,70.0,67.8,0.12,0.20,0.24
SCIP,2017-08-21 00:15:00 EDT,42.75621,-76.53403,1297,63.0,65.5,63.0,89.5,59.9,0.002,0.002,0.00,0.004,3.4,6.2,1.0,146,21,3.6,5.9,1.0,143,20,3.4,6.2,1.0,146,21,0,28.79,,0,0,0,67.8,69.9,67.8,0.12,0.20,0.24
SCIP,2017-08-21 00:20:00 EDT,42.75621,-76.53403,1297,62.8,65.5,62.8,89.4,59.6,0.001,0.003,0.00,0.005,3.2,5.4,0.9,142,17,3.4,6.0,1.1,140,17,3.2,5.4,0.9,142,17,0,28.79,,0,0,0,67.8,69.9,67.8,0.12,0.20,0.24
SCIP,2017-08-21 00:25:00 EDT,42.75621,-76.53403,1297,62.5,65.3,62.5,90.2,59.6,0.000,0.003,0.00,0.005,3.0,5.8,1.2,151,20,3.6,7.1,1.3,149,20,3.0,5.8,1.2,151,20,0,28.80,,0,0,0,67.8,69.7,67.8,0.12,0.20,0.24
SCIP,2017-08-21 00:30:00 EDT,42.75621,-76.53403,1297,62.6,65.5,62.6,89.9,59.6,0.000,0.003,0.00,0.005,4.1,6.4,1.0,154,15,4.4,6.7,1.1,151,13,4.1,6.4,1.0,154,15,0,28.80,,0,0,0,67.8,69.7,67.8,0.12,0.20,0.24
SCIP,2017-08-21 00:35:00 EDT,42.75621,-76.53403,1297,62.8,65.7,62.8,89.8,59.7,0.000,0.003,0.00,0.003,4.2,5.9,0.9,153,15,4.4,7.5,1.1,153,14,4.2,5.9,0.9,153,15,0,28.80,,0,0,0,67.8,69.6,67.8,0.12,0.20,0.24
SCIP,2017-08-21 00:40:00 EDT,42.75621,-76.53403,1297,63.1,65.5,63.1,89.4,60.0,0.000,0.003,0.00,0.003,3.6,5.4,0.9,150,15,4.0,6.2,1.1,151,14,3.6,5.4,0.9,150,15,0,28.80,,0,0,0,67.8,69.6,67.8,0.12,0.20,0.24
SCIP,2017-08-21 00:45:00 EDT,42.75621,-76.53403,1297,62.6,65.6,62.6,88.6,59.2,0.000,0.003,0.00,0.003,3.1,6.0,1.0,144,21,3.6,6.3,1.2,143,18,3.1,6.0,1.0,144,21,0,28.80,,0,0,0,67.8,69.6,67.8,0.12,0.20,0.24
SCIP,2017-08-21 00:50:00 EDT,42.75621,-76.53403,1297,63.1,65.7,63.1,88.7,59.7,0.000,0.003,0.00,0.003,3.0,6.4,1.0,143,19,3.2,7.5,1.2,142,20,3.0,6.4,1.0,143,19,0,28.80,,0,0,0,67.8,69.6,67.8,0.12,0.20,0.24
SCIP,2017-08-21 00:55:00 EDT,42.75621,-76.53403,1297,62.5,65.4,62.5,88.5,59.1,0.000,0.003,0.00,0.003,3.1,5.7,0.9,147,18,3.3,5.6,1.1,145,14,3.1,5.7,0.9,147,18,0,28.80,,0,0,0,67.8,69.6,67.8,0.12,0.20,0.24
SCIP,2017-08-21 01:00:00 EDT,42.75621,-76.53403,1297,62.8,65.1,62.8,89.5,59.7,0.002,0.005,0.00,0.005,3.3,6.1,1.1,147,18,3.6,7.0,1.3,144,17,3.3,6.1,1.1,147,18,0,28.80,,0,0,0,67.8,69.6,67.8,0.12,0.20,0.24
SCIP,2017-08-21 01:05:00 EDT,42.75621,-76.53403,1297,62.9,65.0,62.9,88.8,59.5,0.000,0.005,0.00,0.005,2.9,5.3,1.2,146,21,3.3,7.1,1.3,145,19,2.9,5.3,1.2,146,21,0,28.80,,0,0,0,67.5,69.6,67.8,0.12,0.20,0.24
SCIP,2017-08-21 01:10:00 EDT,42.75621,-76.53403,1297,62.5,65.2,62.5,88.9,59.1,0.000,0.005,0.00,0.005,3.5,6.3,1.3,150,18,3.9,6.6,1.4,148,18,3.5,6.3,1.3,150,18,0,28.79,,0,0,0,67.5,69.6,67.8,0.12,0.20,0.24
SCIP,2017-08-21 01:15:00 EDT,42.75621,-76.53403,1297,62.6,65.1,62.6,88.7,59.2,0.000,0.005,0.00,0.003,3.1,5.8,1.0,149,20,3.7,7.2,1.5,149,19,3.1,5.8,1.0,149,20,0,28.79,,0,0,0,67.5,69.6,67.8,0.12,0.20,0.24
SCIP,2017-08-21 01:20:00 EDT,42.75621,-76.53403,1297,62.4,65.2,62.4,88.0,58.8,0.000,0.005,0.00,0.002,3.2,6.0,1.3,142,18,3.5,6.7,1.2,142,19,3.2,6.0,1.3,142,18,0,28.79,,0,0,0,67.5,69.6,67.8,0.12,0.20,0.24
SCIP,2017-08-21 01:25:00 EDT,42.75621,-76.53403,1297,62.5,65.0,62.5,88.8,59.2,0.000,0.005,0.00,0.002,3.3,5.7,1.2,140,19,3.5,6.9,1.3,138,17,3.3,5.7,1.2,140,19,0,28.79,,0,0,0,67.5,69.6,67.8,0.12,0.20,0.24
SCIP,2017-08-21 01:30:00 EDT,42.75621,-76.53403,1297,62.5,65.1,62.5,88.4,59.0,0.000,0.005,0.00,0.002,3.4,6.9,1.4,147,19,3.7,7.8,1.6,146,18,3.4,6.9,1.4,147,19,0,28.80,,0,0,0,67.5,69.6,67.8,0.12,0.20,0.24
SCIP,2017-08-21 01:35:00 EDT,42.75621,-76.53403,1297,62.5,65.3,62.5,88.3,59.0,0.000,0.005,0.00,0.002,3.4,6.8,1.1,147,16,3.7,7.3,1.4,146,15,3.4,6.8,1.1,147,16,0,28.80,,0,0,0,67.5,69.6,67.8,0.12,0.20,0.24
SCIP,2017-08-21 01:40:00 EDT,42.75621,-76.53403,1297,62.8,65.2,62.8,87.8,59.2,0.000,0.005,0.00,0.002,3.5,5.6,1.1,146,21,3.9,6.7,1.3,144,19,3.5,5.6,1.1,146,21,0,28.79,,0,0,0,67.4,69.6,67.8,0.12,0.20,0.24
SCIP,2017-08-21 01:45:00 EDT,42.75621,-76.53403,1297,62.5,65.3,62.5,88.1,58.9,0.000,0.005,0.00,0.002,3.7,6.6,1.2,144,15,3.9,6.1,1.3,141,14,3.7,6.6,1.2,144,15,0,28.79,,0,0,0,67.4,69.6,67.8,0.12,0.20,0.24
SCIP,2017-08-21 01:50:00 EDT,42.75621,-76.53403,1297,62.5,65.5,62.5,88.2,59.0,0.000,0.005,0.00,0.002,3.3,5.6,1.0,144,18,3.6,6.5,1.1,142,16,3.3,5.6,1.0,144,18,0,28.79,,0,0,0,67.2,69.6,67.8,0.12,0.20,0.24
SCIP,2017-08-21 01:55:00 EDT,42.75621,-76.53403,1297,62.4,65.7,62.4,88.6,59.0,0.000,0.005,0.00,0.002,3.3,5.4,1.0,146,15,3.7,6.9,1.3,146,14,3.3,5.4,1.0,146,15,0,28.79,,0,0,0,67.1,69.6,67.8,0.12,0.20,0.24
SCIP,2017-08-21 02:00:00 EDT,42.75621,-76.53403,1297,62.5,65.7,62.5,87.9,58.8,0.000,0.005,0.00,0.000,3.1,6.0,1.1,150,20,3.4,6.4,1.2,148,18,3.1,6.0,1.1,150,20,0,28.79,,0,0,0,67.1,69.6,67.8,0.12,0.20,0.24
SCIP,2017-08-21 02:05:00 EDT,42.75621,-76.53403,1297,62.3,66.0,62.3,87.5,58.5,0.000,0.005,0.00,0.000,2.9,4.8,0.7,149,15,3.2,5.5,0.9,147,15,2.9,4.8,0.7,149,15,0,28.79,,0,0,0,67.1,69.6,67.8,0.12,0.20,0.24
SCIP,2017-08-21 02:10:00 EDT,42.75621,-76.53403,1297,61.8,66.1,61.8,88.4,58.3,0.000,0.005,0.00,0.000,3.3,5.5,1.0,146,15,3.6,6.6,1.2,145,14,3.3,5.5,1.0,146,15,0,28.79,,0,0,0,67.1,69.4,67.8,0.12,0.20,0.24
SCIP,2017-08-21 02:15:00 EDT,42.75621,-76.53403,1297,62.4,66.3,62.4,87.2,58.5,0.000,0.005,0.00,0.000,3.8,5.8,1.1,147,18,4.1,7.7,1.2,146,16,3.8,5.8,1.1,147,18,0,28.79,,0,0,0,67.1,69.3,67.8,0.12,0.20,0.24
SCIP,2017-08-21 02:20:00 EDT,42.75621,-76.53403,1297,62.5,66.1,62.5,86.4,58.4,0.000,0.005,0.00,0.000,3.8,6.6,1.1,147,17,4.0,7.2,1.3,145,16,3.8,6.6,1.1,147,17,0,28.79,,0,0,0,67.1,69.3,67.8,0.12,0.20,0.24
SCIP,2017-08-21 02:25:00 EDT,42.75621,-76.53403,1297,62.7,66.0,62.7,86.4,58.6,0.000,0.005,0.00,0.000,3.3,5.5,1.0,148,17,3.7,7.7,1.3,148,15,3.3,5.5,1.0,148,17,0,28.79,,0,0,0,67.1,69.3,67.8,0.12,0.20,0.24
SCIP,2017-08-21 02:30:00 EDT,42.75621,-76.53403,1297,62.4,65.8,62.4,86.2,58.2,0.000,0.005,0.00,0.000,3.1,5.1,0.9,148,20,3.3,5.9,1.2,145,18,3.1,5.1,0.9,148,20,0,28.79,,0,0,0,67.1,69.3,67.8,0.12,0.20,0.24
SCIP,2017-08-21 02:35:00 EDT,42.75621,-76.53403,1297,62.2,65.9,62.2,86.6,58.2,0.000,0.005,0.00,0.000,3.1,5.7,1.0,145,18,3.4,6.7,1.1,144,17,3.1,5.7,1.0,145,18,0,28.79,,0,0,0,67.0,69.3,67.8,0.12,0.20,0.24
SCIP,2017-08-21 02:40:00 EDT,42.75621,-76.53403,1297,61.9,65.6,61.9,87.8,58.2,0.000,0.005,0.00,0.000,3.0,5.2,1.0,144,21,3.4,6.8,1.3,144,20,3.0,5.2,1.0,144,21,0,28.79,,0,0,0,66.8,69.3,67.8,0.12,0.20,0.24
SCIP,2017-08-21 02:45:00 EDT,42.75621,-76.53403,1297,62.0,65.8,62.0,87.6,58.2,0.000,0.005,0.00,0.000,3.0,5.7,1.0,141,18,3.5,6.5,1.3,140,17,3.0,5.7,1.0,141,18,0,28.79,,0,0,0,66.7,69.3,67.8,0.12,0.20,0.24
SCIP,2017-08-21 02:50:00 EDT,42.75621,-76.53403,1297,62.2,66.1,62.2,86.9,58.2,0.000,0.005,0.00,0.000,3.0,5.5,0.9,141,18,3.3,6.2,1.0,139,17,3.0,5.5,0.9,141,18,0,28.79,,0,0,0,66.7,69.3,67.8,0.12,0.20,0.24
SCIP,2017-08-21 02:55:00 EDT,42.75621,-76.53403,1297,61.9,65.8,61.9,86.7,57.9,0.000,0.005,0.00,0.000,3.1,5.6,0.9,145,21,3.5,6.5,1.2,143,19,3.1,5.6,0.9,145,21,0,28.80,,0,0,0,66.7,69.3,67.8,0.12,0.20,0.24
SCIP,2017-08-21 03:00:00 EDT,42.75621,-76.53403,1297,62.4,65.6,62.4,86.9,58.5,0.000,0.005,0.00,0.000,3.7,7.2,1.1,148,15,4.0,7.1,1.3,145,15,3.7,7.2,1.1,148,15,0,28.80,,0,0,0,66.7,69.3,67.8,0.12,0.20,0.24
SCIP,2017-08-21 03:05:00 EDT,42.75621,-76.53403,1297,62.5,65.2,62.5,86.3,58.3,0.000,0.005,0.00,0.000,3.6,6.4,1.1,151,20,4.1,7.6,1.3,152,19,3.6,6.4,1.1,151,20,0,28.80,,0,0,0,66.7,69.3,67.8,0.12,0.20,0.24
SCIP,2017-08-21 03:10:00 EDT,42.75621,-76.53403,1297,62.4,65.0,62.4,86.1,58.2,0.000,0.005,0.00,0.000,3.8,6.4,1.0,148,21,4.1,7.6,1.1,147,19,3.8,6.4,1.0,148,21,0,28.80,,0,0,0,66.7,69.3,67.8,0.12,0.20,0.24
SCIP,2017-08-21 03:15:00 EDT,42.75621,-76.53403,1297,62.0,64.8,62.0,86.9,58.1,0.000,0.005,0.00,0.000,3.5,7.0,1.3,146,20,4.0,7.1,1.3,145,18,3.5,7.0,1.3,146,20,0,28.80,,0,0,0,66.7,69.3,67.8,0.12,0.20,0.24
SCIP,2017-08-21 03:20:00 EDT,42.75621,-76.53403,1297,62.3,64.7,62.3,86.8,58.3,0.000,0.005,0.00,0.000,3.3,5.6,1.0,145,18,3.6,6.9,1.4,146,17,3.3,5.6,1.0,145,18,0,28.79,,0,0,0,66.7,69.3,67.8,0.12,0.20,0.24
SCIP,2017-08-21 03:25:00 EDT,42.75621,-76.53403,1297,61.5,64.5,61.5,87.8,57.9,0.000,0.005,0.00,0.000,3.0,6.6,1.3,138,23,3.3,7.4,1.4,136,21,3.0,6.6,1.3,138,23,0,28.79,,0,0,0,66.7,69.3,67.8,0.12,0.20,0.24
SCIP,2017-08-21 03:30:00 EDT,42.75621,-76.53403,1297,62.0,64.5,62.0,87.7,58.3,0.000,0.005,0.00,0.000,2.7,6.6,1.2,142,22,3.1,6.2,1.3,141,22,2.7,6.6,1.2,142,22,0,28.79,,0,0,0,66.6,69.3,67.8,0.12,0.20,0.24
SCIP,2017-08-21 03:35:00 EDT,42.75621,-76.53403,1297,61.5,64.4,61.5,88.4,58.0,0.000,0.005,0.00,0.000,3.2,6.1,1.2,145,22,3.6,6.3,1.2,144,19,3.2,6.1,1.2,145,22,0,28.79,,0,0,0,66.4,69.3,67.8,0.12,0.20,0.24
SCIP,2017-08-21 03:40:00 EDT,42.75621,-76.53403,1297,62.1,64.3,62.1,87.8,58.4,0.000,0.005,0.00,0.000,3.3,6.0,1.0,151,23,3.9,7.0,1.3,148,20,3.3,6.0,1.0,151,23,0,28.79,,0,0,0,66.4,69.3,67.8,0.12,0.20,0.24
SCIP,2017-08-21 03:45:00 EDT,42.75621,-76.53403,1297,62.2,64.4,62.2,87.5,58.4,0.000,0.005,0.00,0.000,4.4,6.6,1.1,154,15,4.9,8.4,1.4,155,17,4.4,6.6,1.1,154,15,0,28.80,,0,0,0,66.4,69.3,67.8,0.12,0.20,0.24
SCIP,2017-08-21 03:50:00 EDT,42.75621,-76.53403,1297,62.5,64.6,62.5,86.6,58.4,0.000,0.005,0.00,0.000,3.0,6.4,1.4,145,25,3.4,7.3,1.6,146,19,3.0,6.4,1.4,145,25,0,28.79,,0,0,0,66.4,69.3,67.8,0.12,0.20,0.24
SCIP,2017-08-21 03:55:00 EDT,42.75621,-76.53403,1297,62.3,64.3,62.3,86.5,58.2,0.000,0.005,0.00,0.000,3.4,6.2,1.2,155,20,3.7,7.1,1.4,153,19,3.4,6.2,1.2,155,20,0,28.79,,0,0,0,66.4,69.3,67.8,0.12,0.20,0.24
SCIP,2017-08-21 04:00:00 EDT,42.75621,-76.53403,1297,62.2,64.0,62.2,87.2,58.3,0.000,0.005,0.00,0.000,2.4,4.5,1.0,145,24,2.7,5.0,1.1,144,20,2.4,4.5,1.0,145,24,0,28.79,,0,0,0,66.4,69.3,67.8,0.12,0.20,0.24
SCIP,2017-08-21 04:05:00 EDT,42.75621,-76.53403,1297,62.4,64.1,62.4,86.8,58.5,0.000,0.005,0.00,0.000,2.8,4.7,0.9,149,22,3.1,5.8,1.0,150,22,2.8,4.7,0.9,149,22,0,28.79,,0,0,0,66.4,69.2,67.8,0.12,0.20,0.24
SCIP,2017-08-21 04:10:00 EDT,42.75621,-76.53403,1297,62.2,64.0,62.2,86.7,58.2,0.000,0.005,0.00,0.000,2.4,5.5,1.1,145,26,2.9,6.7,1.4,147,22,2.4,5.5,1.1,145,26,0,28.79,,0,0,0,66.4,69.2,67.8,0.12,0.20,0.24
SCIP,2017-08-21 04:15:00 EDT,42.75621,-76.53403,1297,61.8,63.9,61.8,87.5,58.0,0.000,0.005,0.00,0.000,2.5,5.5,1.1,148,22,2.9,6.4,1.2,145,19,2.5,5.5,1.1,148,22,0,28.79,,0,0,0,66.4,69.0,67.8,0.12,0.20,0.24
SCIP,2017-08-21 04:20:00 EDT,42.75621,-76.53403,1297,61.8,64.1,61.8,87.8,58.2,0.000,0.005,0.00,0.000,4.2,7.0,1.3,151,16,4.6,7.7,1.5,150,15,4.2,7.0,1.3,151,16,0,28.79,,0,0,0,66.4,69.0,67.8,0.12,0.20,0.24
SCIP,2017-08-21 04:25:00 EDT,42.75621,-76.53403,1297,62.0,64.3,62.0,87.6,58.3,0.000,0.005,0.00,0.000,4.3,7.7,1.4,150,17,4.8,9.0,1.5,150,17,4.3,7.7,1.4,150,17,0,28.79,,0,0,0,66.4,68.9,67.8,0.12,0.20,0.24
SCIP,2017-08-21 04:30:00 EDT,42.75621,-76.53403,1297,61.6,64.4,61.6,88.1,58.0,0.000,0.005,0.00,0.000,4.0,7.4,1.2,148,18,4.5,8.5,1.4,147,17,4.0,7.4,1.2,148,18,0,28.79,,0,0,0,66.4,68.9,67.8,0.12,0.20,0.24
SCIP,2017-08-21 04:35:00 EDT,42.75621,-76.53403,1297,61.5,64.4,61.5,88.3,58.0,0.000,0.005,0.00,0.000,4.1,7.7,1.5,151,18,4.7,9.0,1.8,149,15,4.1,7.7,1.5,151,18,0,28.79,,0,0,0,66.4,68.9,67.8,0.12,0.20,0.24
SCIP,2017-08-21 04:40:00 EDT,42.75621,-76.53403,1297,61.6,64.2,61.6,89.2,58.4,0.000,0.005,0.00,0.000,3.9,7.3,1.5,148,18,4.3,8.3,1.6,146,17,3.9,7.3,1.5,148,18,0,28.79,,0,0,0,66.4,68.9,67.8,0.12,0.20,0.24
SCIP,2017-08-21 04:45:00 EDT,42.75621,-76.53403,1297,61.8,64.2,61.8,89.2,58.6,0.000,0.005,0.00,0.000,4.3,6.6,1.1,145,19,4.7,7.4,1.3,145,14,4.3,6.6,1.1,145,19,0,28.79,,0,0,0,66.4,68.9,67.8,0.12,0.20,0.24
SCIP,2017-08-21 04:50:00 EDT,42.75621,-76.53403,1297,62.3,64.2,62.3,88.5,58.9,0.000,0.005,0.00,0.000,3.1,5.5,1.0,142,19,3.4,6.9,1.3,142,18,3.1,5.5,1.0,142,19,0,28.79,,0,0,0,66.4,68.9,67.8,0.12,0.20,0.24
SCIP,2017-08-21 04:55:00 EDT,42.75621,-76.53403,1297,62.1,64.3,62.1,88.0,58.5,0.000,0.005,0.00,0.000,3.9,7.2,1.2,140,17,4.1,7.2,1.2,137,15,3.9,7.2,1.2,140,17,0,28.80,,0,0,0,66.4,68.9,67.8,0.12,0.20,0.24
SCIP,2017-08-21 05:00:00 EDT,42.75621,-76.53403,1297,62.3,64.2,62.3,87.9,58.6,0.000,0.005,0.00,0.000,3.4,6.1,1.2,142,21,3.8,7.7,1.4,142,21,3.4,6.1,1.2,142,21,0,28.80,,0,0,0,66.4,68.9,67.8,0.12,0.20,0.24
SCIP,2017-08-21 05:05:00 EDT,42.75621,-76.53403,1297,63.0,64.4,63.0,86.2,58.8,0.000,0.005,0.00,0.000,4.5,7.8,1.4,148,18,4.9,8.2,1.7,147,14,4.5,7.8,1.4,148,18,0,28.80,,0,0,0,66.2,68.9,67.8,0.12,0.20,0.24
SCIP,2017-08-21 05:10:00 EDT,42.75621,-76.53403,1297,62.8,64.2,62.8,86.2,58.6,0.000,0.005,0.00,0.000,4.3,7.0,1.2,149,17,4.9,10.1,1.4,145,16,4.3,7.0,1.2,149,17,0,28.80,,0,0,0,66.2,68.9,67.8,0.12,0.20,0.24
SCIP,2017-08-21 05:15:00 EDT,42.75621,-76.53403,1297,63.0,64.2,63.0,86.1,58.7,0.002,0.007,0.00,0.002,4.0,7.9,1.6,145,17,4.4,8.8,1.6,145,17,4.0,7.9,1.6,145,17,0,28.79,,0,0,0,66.1,68.9,67.8,0.12,0.20,0.24
SCIP,2017-08-21 05:20:00 EDT,42.75621,-76.53403,1297,62.4,64.0,62.4,86.8,58.4,0.000,0.007,0.00,0.002,3.9,8.5,1.5,150,21,4.4,9.6,1.6,147,17,3.9,8.5,1.5,150,21,0,28.79,,0,0,0,66.1,68.9,67.8,0.12,0.20,0.24
SCIP,2017-08-21 05:25:00 EDT,42.75621,-76.53403,1297,62.2,63.9,62.2,87.4,58.4,0.000,0.007,0.00,0.002,4.1,7.7,1.6,146,18,4.6,8.3,1.7,144,15,4.1,7.7,1.6,146,18,0,28.79,,0,0,0,66.0,68.9,67.8,0.12,0.20,0.24
SCIP,2017-08-21 05:30:00 EDT,42.75621,-76.53403,1297,62.6,63.7,62.6,87.6,58.8,0.000,0.007,0.00,0.002,4.6,9.6,2.0,148,18,5.0,10.1,2.0,146,16,4.6,9.6,2.0,148,18,0,28.79,,0,0,0,66.0,68.9,67.8,0.12,0.20,0.24
SCIP,2017-08-21 05:35:00 EDT,42.75621,-76.53403,1297,62.6,63.8,62.6,87.5,58.8,0.000,0.007,0.00,0.002,3.5,7.6,1.5,145,20,3.7,9.8,1.7,143,21,3.5,7.6,1.5,145,20,0,28.79,,0,0,0,66.0,68.9,67.8,0.12,0.20,0.24
SCIP,2017-08-21 05:40:00 EDT,42.75621,-76.53403,1297,62.5,63.9,62.5,87.5,58.7,0.000,0.007,0.00,0.002,4.4,7.5,1.2,141,16,4.6,7.9,1.4,140,15,4.4,7.5,1.2,141,16,0,28.79,,0,0,0,66.0,68.9,67.8,0.12,0.20,0.24
SCIP,2017-08-21 05:45:00 EDT,42.75621,-76.53403,1297,62.1,63.7,62.1,87.7,58.4,0.000,0.007,0.00,0.002,4.2,7.6,1.5,146,15,4.4,8.1,1.6,143,16,4.2,7.6,1.5,146,15,0,28.80,,0,0,0,66.0,68.9,67.8,0.12,0.20,0.24
SCIP,2017-08-21 05:50:00 EDT,42.75621,-76.53403,1297,62.2,63.8,62.2,88.2,58.7,0.000,0.007,0.00,0.002,4.4,8.1,1.4,140,18,4.7,9.4,1.4,138,16,4.4,8.1,1.4,140,18,0,28.79,,0,0,0,66.0,68.9,67.8,0.12,0.20,0.24
SCIP,2017-08-21 05:55:00 EDT,42.75621,-76.53403,1297,62.5,64.1,62.5,86.8,58.5,0.000,0.007,0.00,0.002,5.2,8.5,1.4,147,12,5.6,10.0,1.6,146,12,5.2,8.5,1.4,147,12,0,28.79,,0,0,0,66.0,68.9,67.8,0.12,0.20,0.24
SCIP,2017-08-21 06:00:00 EDT,42.75621,-76.53403,1297,62.7,63.9,62.7,86.3,58.5,0.000,0.007,0.00,0.002,4.5,7.7,1.7,151,16,4.9,8.2,1.9,148,13,4.5,7.7,1.7,151,16,0,28.79,,0,0,0,66.0,68.7,67.8,0.12,0.20,0.24
SCIP,2017-08-21 06:05:00 EDT,42.75621,-76.53403,1297,62.1,63.4,62.1,86.6,58.0,0.000,0.007,0.00,0.002,4.7,7.3,1.2,153,15,5.2,9.0,1.4,151,15,4.7,7.3,1.2,153,15,0,28.79,,0,0,0,66.0,68.6,67.8,0.12,0.20,0.24
SCIP,2017-08-21 06:10:00 EDT,42.75621,-76.53403,1297,62.1,63.5,62.1,88.3,58.6,0.000,0.007,0.00,0.002,6.3,9.1,1.2,157,10,6.9,10.1,1.3,156,10,6.3,9.1,1.2,157,10,1,28.80,,0,0,0,66.0,68.6,67.8,0.12,0.20,0.24
SCIP,2017-08-21 06:15:00 EDT,42.75621,-76.53403,1297,62.6,63.7,62.6,88.3,59.1,0.000,0.007,0.00,0.000,6.9,9.8,1.6,155,9,7.4,10.4,1.5,155,8,6.9,9.8,1.6,155,9,2,28.80,,0,0,0,66.0,68.5,67.8,0.12,0.20,0.24
SCIP,2017-08-21 06:20:00 EDT,42.75621,-76.53403,1297,62.7,63.7,62.7,87.4,58.9,0.000,0.007,0.00,0.000,6.0,9.3,1.3,153,13,6.6,9.9,1.4,150,12,6.0,9.3,1.3,153,13,3,28.79,,0,0,0,66.0,68.5,67.8,0.12,0.20,0.24
SCIP,2017-08-21 06:25:00 EDT,42.75621,-76.53403,1297,62.5,63.8,62.5,87.2,58.7,0.000,0.007,0.00,0.000,4.6,8.5,1.5,148,17,5.1,9.3,1.6,147,15,4.6,8.5,1.5,148,17,5,28.79,,0,0,0,66.0,68.5,67.8,0.12,0.20,0.24
SCIP,2017-08-21 06:30:00 EDT,42.75621,-76.53403,1297,62.6,63.6,62.6,87.6,58.8,0.000,0.007,0.00,0.000,5.8,10.0,1.9,153,14,6.5,10.1,1.8,154,11,5.8,10.0,1.9,153,14,9,28.80,,0,0,0,66.0,68.5,67.8,0.12,0.20,0.24
SCIP,2017-08-21 06:35:00 EDT,42.75621,-76.53403,1297,63.0,63.9,63.0,87.0,59.1,0.000,0.007,0.00,0.000,7.8,10.7,1.4,158,9,8.3,11.8,1.4,157,8,7.8,10.7,1.4,158,9,17,28.80,,0,0,0,66.0,68.5,67.8,0.12,0.20,0.24
SCIP,2017-08-21 06:40:00 EDT,42.75621,-76.53403,1297,62.9,63.7,62.9,87.1,59.0,0.000,0.007,0.00,0.000,7.3,11.8,1.5,161,9,7.7,11.5,1.5,160,9,7.3,11.8,1.5,161,9,26,28.80,,0,0,0,66.0,68.5,67.8,0.12,0.20,0.24
SCIP,2017-08-21 06:45:00 EDT,42.75621,-76.53403,1297,63.2,63.9,63.2,86.6,59.1,0.000,0.007,0.00,0.000,7.9,10.7,1.0,160,8,8.5,11.9,1.3,159,7,7.9,10.7,1.0,160,8,35,28.80,,0,0,0,66.0,68.5,67.8,0.12,0.20,0.24
SCIP,2017-08-21 06:50:00 EDT,42.75621,-76.53403,1297,63.2,64.0,63.2,86.2,59.0,0.000,0.007,0.00,0.000,8.4,10.9,1.1,163,7,9.0,11.3,1.2,162,5,8.4,10.9,1.1,163,7,40,28.80,,0,0,0,66.0,68.5,67.8,0.12,0.20,0.24
SCIP,2017-08-21 06:55:00 EDT,42.75621,-76.53403,1297,63.1,63.8,63.1,86.4,58.9,0.000,0.007,0.00,0.000,8.1,10.7,1.1,162,8,8.7,11.4,1.4,161,7,8.1,10.7,1.1,162,8,53,28.80,,0,0,0,66.0,68.5,67.8,0.12,0.20,0.24
SCIP,2017-08-21 07:00:00 EDT,42.75621,-76.53403,1297,63.4,64.0,63.4,85.8,59.0,0.002,0.009,0.00,0.002,8.4,10.5,1.1,161,8,9.0,12.0,1.2,160,7,8.4,10.5,1.1,161,8,66,28.80,,0,0,0,66.0,68.5,67.8,0.12,0.20,0.24
SCIP,2017-08-21 07:05:00 EDT,42.75621,-76.53403,1297,63.5,64.1,63.5,85.1,59.0,0.000,0.009,0.00,0.002,8.1,10.0,1.0,162,8,8.7,11.9,1.3,161,6,8.1,10.0,1.0,162,8,55,28.80,,0,0,0,66.0,68.5,67.8,0.12,0.20,0.24
SCIP,2017-08-21 07:10:00 EDT,42.75621,-76.53403,1297,63.5,64.1,63.5,85.3,59.0,0.001,0.009,0.00,0.003,8.1,10.3,1.0,161,8,8.6,11.0,1.0,161,6,8.1,10.3,1.0,161,8,51,28.80,,0,0,0,66.0,68.5,67.8,0.12,0.20,0.24
SCIP,2017-08-21 07:15:00 EDT,42.75621,-76.53403,1297,63.5,64.3,63.5,85.2,59.0,0.000,0.009,0.00,0.003,7.7,9.6,1.0,155,9,8.2,10.8,1.1,154,9,7.7,9.6,1.0,155,9,58,28.80,,0,0,0,66.0,68.5,67.8,0.12,0.20,0.24
SCIP,2017-08-21 07:20:00 EDT,42.75621,-76.53403,1297,63.8,64.4,63.8,84.2,58.9,0.000,0.009,0.00,0.003,7.8,11.0,1.4,159,8,8.2,11.5,1.4,157,7,7.8,11.0,1.4,159,8,73,28.80,,0,0,0,66.0,68.5,67.8,0.12,0.20,0.24
SCIP,2017-08-21 07:25:00 EDT,42.75621,-76.53403,1297,64.0,64.8,64.0,83.6,58.9,0.000,0.009,0.00,0.003,7.3,9.9,1.1,157,8,7.6,10.6,1.3,156,8,7.3,9.9,1.1,157,8,81,28.80,,0,0,0,66.0,68.5,67.8,0.12,0.20,0.24
SCIP,2017-08-21 07:30:00 EDT,42.75621,-76.53403,1297,64.4,65.1,64.4,82.5,58.9,0.000,0.009,0.00,0.003,6.7,9.2,1.0,154,9,7.1,10.2,1.2,154,9,6.7,9.2,1.0,154,9,126,28.80,,0,0,0,66.0,68.5,67.8,0.12,0.20,0.24
SCIP,2017-08-21 07:35:00 EDT,42.75621,-76.53403,1297,64.7,65.6,64.7,81.2,58.8,0.000,0.009,0.00,0.003,7.2,9.5,0.8,160,7,7.8,10.7,0.9,158,6,7.2,9.5,0.8,160,7,162,28.80,,0,0,0,66.0,68.5,67.8,0.12,0.20,0.24
SCIP,2017-08-21 07:40:00 EDT,42.75621,-76.53403,1297,65.0,65.8,65.0,80.4,58.8,0.000,0.009,0.00,0.003,7.4,8.9,0.8,160,8,8.0,10.1,0.9,159,7,7.4,8.9,0.8,160,8,166,28.80,,0,0,0,66.1,68.5,67.8,0.12,0.20,0.24
SCIP,2017-08-21 07:45:00 EDT,42.75621,-76.53403,1297,65.2,66.0,65.2,80.0,58.8,0.000,0.009,0.00,0.003,7.5,9.9,1.0,160,8,8.0,10.7,1.2,158,7,7.5,9.9,1.0,160,8,159,28.80,,0,0,0,66.3,68.5,67.8,0.12,0.20,0.24
SCIP,2017-08-21 07:50:00 EDT,42.75621,-76.53403,1297,65.4,66.2,65.4,79.7,59.0,0.000,0.009,0.00,0.003,7.8,10.5,1.0,161,8,8.3,11.4,1.1,161,7,7.8,10.5,1.0,161,8,140,28.80,,0,0,0,66.4,68.5,67.8,0.12,0.20,0.24
SCIP,2017-08-21 07:55:00 EDT,42.75621,-76.53403,1297,65.7,66.2,65.7,79.4,59.1,0.000,0.009,0.00,0.003,8.3,11.2,1.3,165,7,9.0,11.7,1.3,164,6,8.3,11.2,1.3,165,7,224,28.80,,0,0,0,66.4,68.5,67.8,0.12,0.20,0.24
SCIP,2017-08-21 08:00:00 EDT,42.75621,-76.53403,1297,66.0,66.4,66.0,78.6,59.1,0.000,0.009,0.00,0.001,9.0,11.8,1.3,161,9,9.7,12.8,1.4,160,7,9.0,11.8,1.3,161,9,182,28.80,,0,0,0,66.4,68.5,67.8,0.12,0.20,0.24
SCIP,2017-08-21 08:05:00 EDT,42.75621,-76.53403,1297,66.0,66.4,66.0,78.5,59.1,0.000,0.009,0.00,0.001,8.8,12.7,1.8,162,9,9.3,13.4,1.9,162,8,8.8,12.7,1.8,162,9,167,28.80,,0,0,0,66.4,68.5,67.8,0.12,0.20,0.24
SCIP,2017-08-21 08:10:00 EDT,42.75621,-76.53403,1297,66.3,66.5,66.3,78.5,59.4,0.000,0.009,0.00,0.000,8.1,11.4,1.4,163,9,8.7,12.1,1.4,162,7,8.1,11.4,1.4,163,9,267,28.80,,0,0,0,66.4,68.5,67.8,0.12,0.20,0.24
SCIP,2017-08-21 08:15:00 EDT,42.75621,-76.53403,1297,66.8,66.9,66.8,77.8,59.6,0.000,0.009,0.00,0.000,7.8,10.4,1.3,164,9,8.3,10.8,1.4,162,8,7.8,10.4,1.3,164,9,256,28.80,,0,0,0,66.7,68.5,67.8,0.12,0.20,0.24
SCIP,2017-08-21 08:20:00 EDT,42.75621,-76.53403,1297,67.2,67.3,67.2,77.3,59.9,0.000,0.009,0.00,0.000,7.7,11.6,1.5,164,10,8.3,13.0,1.7,164,8,7.7,11.6,1.5,164,10,298,28.80,,0,0,0,66.7,68.5,67.8,0.12,0.20,0.24
SCIP,2017-08-21 08:25:00 EDT,42.75621,-76.53403,1297,67.7,67.7,67.7,75.9,59.9,0.000,0.009,0.00,0.000,7.7,10.8,1.3,159,8,8.4,12.1,1.5,159,8,7.7,10.8,1.3,159,8,331,28.80,,0,0,0,66.7,68.5,67.8,0.12,0.20,0.24
SCIP,2017-08-21 08:30:00 EDT,42.75621,-76.53403,1297,68.2,68.2,68.2,74.2,59.7,0.000,0.009,0.00,0.000,7.1,11.2,1.4,155,10,7.7,12.0,1.4,155,10,7.1,11.2,1.4,155,10,265,28.79,,0,0,0,67.0,68.3,67.8,0.12,0.20,0.24
SCIP,2017-08-21 08:35:00 EDT,42.75621,-76.53403,1297,68.5,68.5,68.5,74.4,60.0,0.000,0.009,0.00,0.000,7.1,10.2,1.3,159,10,7.6,11.1,1.5,158,9,7.1,10.2,1.3,159,10,225,28.79,,0,0,0,67.1,68.2,67.8,0.12,0.20,0.24
SCIP,2017-08-21 08:40:00 EDT,42.75621,-76.53403,1297,68.5,68.5,68.5,73.9,59.9,0.000,0.009,0.00,0.000,7.5,11.2,1.5,166,10,8.0,11.6,1.6,164,8,7.5,11.2,1.5,166,10,258,28.79,,0,0,0,67.1,68.2,67.8,0.12,0.20,0.24
SCIP,2017-08-21 08:45:00 EDT,42.75621,-76.53403,1297,68.9,68.8,68.9,73.5,60.1,0.000,0.009,0.00,0.000,7.8,10.4,1.5,157,8,8.1,11.4,1.7,156,8,7.8,10.4,1.5,157,8,335,28.79,,0,0,0,67.3,68.2,67.8,0.12,0.20,0.24
SCIP,2017-08-21 08:50:00 EDT,42.75621,-76.53403,1297,69.5,69.3,69.5,71.9,60.1,0.000,0.009,0.00,0.000,8.3,10.7,1.1,161,8,8.7,11.8,1.4,159,8,8.3,10.7,1.1,161,8,346,28.79,,0,0,0,67.5,68.2,67.8,0.12,0.20,0.24
SCIP,2017-08-21 08:55:00 EDT,42.75621,-76.53403,1297,69.8,69.5,69.8,71.8,60.3,0.000,0.009,0.00,0.000,8.9,12.4,1.7,166,8,9.4,13.7,1.9,166,8,8.9,12.4,1.7,166,8,304,28.79,,0,0,0,67.5,68.2,67.8,0.12,0.20,0.24
SCIP,2017-08-21 09:00:00 EDT,42.75621,-76.53403,1297,69.8,69.5,69.8,72.6,60.6,0.000,0.009,0.00,0.000,7.0,10.6,1.4,174,11,7.8,11.1,1.6,174,7,7.0,10.6,1.4,174,11,284,28.79,,0,0,0,67.8,68.2,67.8,0.12,0.20,0.24
SCIP,2017-08-21 09:05:00 EDT,42.75621,-76.53403,1297,69.5,69.3,69.5,73.8,60.8,0.000,0.009,0.00,0.000,7.0,10.4,1.5,169,12,7.4,12.6,1.8,169,10,7.0,10.4,1.5,169,12,230,28.79,,0,0,0,67.8,68.2,67.8,0.12,0.20,0.24
SCIP,2017-08-21 09:10:00 EDT,42.75621,-76.53403,1297,69.5,69.3,69.5,74.5,61.0,0.000,0.009,0.00,0.000,6.7,9.7,1.2,168,11,7.3,11.0,1.4,167,9,6.7,9.7,1.2,168,11,213,28.79,,0,0,0,67.8,68.2,67.8,0.12,0.20,0.24
SCIP,2017-08-21 09:15:00 EDT,42.75621,-76.53403,1297,69.4,69.2,69.4,75.1,61.2,0.000,0.009,0.00,0.000,7.0,9.9,1.3,172,11,7.6,10.7,1.5,172,8,7.0,9.9,1.3,172,11,199,28.80,,0,0,0,67.8,68.2,67.8,0.12,0.20,0.24
SCIP,2017-08-21 09:20:00 EDT,42.75621,-76.53403,1297,69.5,69.3,69.5,75.6,61.4,0.000,0.009,0.00,0.000,6.7,9.9,1.5,169,11,6.9,10.3,1.6,169,11,6.7,9.9,1.5,169,11,188,28.80,,0,0,0,68.0,68.2,67.8,0.12,0.20,0.24
SCIP,2017-08-21 09:25:00 EDT,42.75621,-76.53403,1297,69.6,69.4,69.6,76.0,61.6,0.000,0.009,0.00,0.000,5.6,8.0,1.1,159,11,6.3,9.2,1.2,158,10,5.6,8.0,1.1,159,11,178,28.80,,0,0,0,68.2,68.2,67.8,0.12,0.20,0.24
SCIP,2017-08-21 09:30:00 EDT,42.75621,-76.53403,1297,69.7,69.6,69.7,75.8,61.7,0.000,0.009,0.00,0.000,6.2,9.4,1.4,164,11,6.9,10.7,1.5,163,9,6.2,9.4,1.4,164,11,166,28.80,,0,0,0,68.2,68.2,67.8,0.12,0.20,0.24
SCIP,2017-08-21 09:35:00 EDT,42.75621,-76.53403,1297,69.7,69.6,69.7,74.8,61.3,0.000,0.009,0.00,0.000,8.4,10.8,1.2,169,8,8.8,12.1,1.4,168,6,8.4,10.8,1.2,169,8,168,28.80,,0,0,0,68.2,68.2,67.8,0.12,0.20,0.24
SCIP,2017-08-21 09:40:00 EDT,42.75621,-76.53403,1297,69.7,69.6,69.7,75.2,61.5,0.000,0.009,0.00,0.000,7.7,11.2,1.6,178,9,8.2,12.1,1.8,177,7,7.7,11.2,1.6,178,9,179,28.80,,0,0,0,68.2,68.2,67.8,0.12,0.20,0.24
SCIP,2017-08-21 09:45:00 EDT,42.75621,-76.53403,1297,69.7,69.6,69.7,75.4,61.6,0.000,0.009,0.00,0.000,7.0,9.9,1.4,176,9,7.5,10.9,1.6,175,7,7.0,9.9,1.4,176,9,183,28.80,,0,0,0,68.2,68.2,67.8,0.12,0.20,0.24
SCIP,2017-08-21 09:50:00 EDT,42.75621,-76.53403,1297,69.8,69.6,69.8,75.8,61.8,0.000,0.009,0.00,0.000,5.8,7.5,0.8,181,12,6.3,8.6,1.1,179,11,5.8,7.5,0.8,181,12,184,28.80,,0,0,0,68.2,68.2,67.8,0.12,0.20,0.24
SCIP,2017-08-21 09:55:00 EDT,42.75621,-76.53403,1297,69.8,69.6,69.8,76.5,62.1,0.000,0.009,0.00,0.000,6.8,9.7,1.3,176,10,7.3,11.6,1.5,175,9,6.8,9.7,1.3,176,10,198,28.80,,0,0,0,68.2,68.2,67.8,0.12,0.20,0.24
SCIP,2017-08-21 10:00:00 EDT,42.75621,-76.53403,1297,70.1,69.8,70.1,76.4,62.3,0.000,0.009,0.00,0.000,7.6,10.8,1.6,165,11,8.0,12.0,1.7,164,10,7.6,10.8,1.6,165,11,230,28.80,,0,0,0,68.4,68.2,67.8,0.12,0.20,0.24
SCIP,2017-08-21 10:05:00 EDT,42.75621,-76.53403,1297,70.5,70.0,70.5,76.0,62.5,0.000,0.009,0.00,0.000,7.5,12.1,1.9,158,9,8.0,12.3,2.0,156,10,7.5,12.1,1.9,158,9,275,28.80,,0,0,0,68.5,68.2,67.8,0.12,0.20,0.24
SCIP,2017-08-21 10:10:00 EDT,42.75621,-76.53403,1297,71.1,70.5,71.1,75.6,63.0,0.000,0.009,0.00,0.000,8.2,12.1,1.4,158,9,8.9,11.6,1.3,158,9,8.2,12.1,1.4,158,9,426,28.79,,0,0,0,68.5,68.2,67.8,0.12,0.20,0.24
SCIP,2017-08-21 10:15:00 EDT,42.75621,-76.53403,1297,71.7,71.0,71.7,74.3,63.1,0.000,0.009,0.00,0.000,8.8,12.8,2.0,166,9,9.2,13.1,2.1,166,8,8.8,12.8,2.0,166,9,438,28.79,,0,0,0,68.6,68.2,67.8,0.12,0.20,0.24
SCIP,2017-08-21 10:20:00 EDT,42.75621,-76.53403,1297,71.6,71.1,71.6,73.1,62.5,0.000,0.009,0.00,0.000,7.9,12.8,1.7,163,11,8.3,12.9,1.9,163,10,7.9,12.8,1.7,163,11,277,28.79,,0,0,0,68.9,68.2,67.8,0.12,0.20,0.24
SCIP,2017-08-21 10:25:00 EDT,42.75621,-76.53403,1297,71.4,71.0,71.4,73.3,62.4,0.000,0.009,0.00,0.000,9.5,13.0,2.1,167,11,9.9,14.5,2.3,165,8,9.5,13.0,2.1,167,11,269,28.79,,0,0,0,68.9,68.2,67.8,0.12,0.20,0.24
SCIP,2017-08-21 10:30:00 EDT,42.75621,-76.53403,1297,71.3,70.9,71.3,73.2,62.3,0.000,0.009,0.00,0.000,8.6,11.7,1.8,162,9,9.1,12.4,1.9,161,8,8.6,11.7,1.8,162,9,298,28.79,,0,0,0,69.2,68.2,67.8,0.12,0.20,0.24
SCIP,2017-08-21 10:35:00 EDT,42.75621,-76.53403,1297,71.7,71.3,71.7,73.5,62.8,0.000,0.009,0.00,0.000,8.3,12.1,1.5,165,9,8.7,12.6,1.7,165,8,8.3,12.1,1.5,165,9,286,28.79,,0,0,0,69.3,68.2,67.8,0.12,0.20,0.24
SCIP,2017-08-21 10:40:00 EDT,42.75621,-76.53403,1297,71.9,71.4,71.9,73.1,62.8,0.000,0.009,0.00,0.000,8.3,11.8,1.5,165,10,8.9,12.1,1.7,163,11,8.3,11.8,1.5,165,10,282,28.79,,0,0,0,69.3,68.2,67.8,0.12,0.20,0.24
SCIP,2017-08-21 10:45:00 EDT,42.75621,-76.53403,1297,71.9,71.5,71.9,73.1,62.8,0.000,0.009,0.00,0.000,8.7,11.6,1.8,174,11,9.2,12.8,2.1,173,8,8.7,11.6,1.8,174,11,270,28.79,,0,0,0,69.3,68.2,67.8,0.12,0.20,0.24
SCIP,2017-08-21 10:50:00 EDT,42.75621,-76.53403,1297,72.3,71.7,72.3,72.5,63.0,0.000,0.009,0.00,0.000,10.1,12.9,1.3,176,8,10.8,14.5,1.7,175,7,10.1,12.9,1.3,176,8,523,28.79,,0,0,0,69.3,68.2,67.8,0.12,0.20,0.24
SCIP,2017-08-21 10:55:00 EDT,42.75621,-76.53403,1297,73.9,72.8,73.9,71.5,64.1,0.000,0.009,0.00,0.000,8.4,13.1,1.7,173,11,9.1,13.9,1.9,173,11,8.4,13.1,1.7,173,11,763,28.79,,0,0,0,69.6,68.2,67.8,0.12,0.20,0.24
SCIP,2017-08-21 11:00:00 EDT,42.75621,-76.53403,1297,74.7,73.6,74.7,68.8,63.8,0.000,0.009,0.00,0.000,9.4,13.9,2.3,182,13,10.1,15.2,2.5,180,10,9.4,13.9,2.3,182,13,726,28.79,,0,0,0,69.9,68.2,67.7,0.12,0.20,0.24
SCIP,2017-08-21 11:05:00 EDT,42.75621,-76.53403,1297,74.4,73.3,74.4,68.4,63.4,0.000,0.009,0.00,0.000,10.4,14.2,1.8,179,11,11.3,15.1,2.0,179,9,10.4,14.2,1.8,179,11,696,28.79,,0,0,0,70.3,68.2,67.7,0.12,0.20,0.24
SCIP,2017-08-21 11:10:00 EDT,42.75621,-76.53403,1297,74.5,73.5,74.5,68.6,63.5,0.000,0.009,0.00,0.000,10.5,17.2,2.6,180,11,11.6,19.4,2.8,181,10,10.5,17.2,2.6,180,11,601,28.79,,0,0,0,70.7,68.2,67.7,0.12,0.20,0.24
SCIP,2017-08-21 11:15:00 EDT,42.75621,-76.53403,1297,74.7,73.5,74.7,68.2,63.5,0.000,0.009,0.00,0.000,9.4,12.6,1.9,177,13,10.0,13.8,1.9,176,11,9.4,12.6,1.9,177,13,681,28.79,,0,0,0,70.9,68.2,67.6,0.12,0.20,0.24
SCIP,2017-08-21 11:20:00 EDT,42.75621,-76.53403,1297,75.2,74.0,75.2,68.2,64.0,0.000,0.009,0.00,0.000,8.6,13.4,1.7,184,14,9.2,14.3,1.8,183,12,8.6,13.4,1.7,184,14,734,28.79,,0,0,0,71.2,68.1,67.6,0.12,0.20,0.24
SCIP,2017-08-21 11:25:00 EDT,42.75621,-76.53403,1297,75.2,74.1,75.2,67.1,63.5,0.000,0.009,0.00,0.000,7.9,12.4,1.9,174,15,8.5,12.5,1.8,173,14,7.9,12.4,1.9,174,15,588,28.78,,0,0,0,71.4,68.2,67.6,0.12,0.20,0.24
SCIP,2017-08-21 11:30:00 EDT,42.75621,-76.53403,1297,75.1,74.4,75.1,67.4,63.5,0.000,0.009,0.00,0.000,5.9,9.1,1.3,197,18,6.3,9.4,1.6,194,16,5.9,9.1,1.3,197,18,392,28.78,,0,0,0,71.7,68.2,67.6,0.12,0.20,0.24
SCIP,2017-08-21 11:35:00 EDT,42.75621,-76.53403,1297,75.7,74.8,75.7,65.1,63.2,0.000,0.009,0.00,0.000,5.8,10.1,1.9,190,14,6.2,10.8,2.1,189,13,5.8,10.1,1.9,190,14,732,28.78,,0,0,0,71.8,68.2,67.6,0.12,0.20,0.24
SCIP,2017-08-21 11:40:00 EDT,42.75621,-76.53403,1297,76.7,75.5,76.7,64.5,63.9,0.000,0.009,0.00,0.000,5.1,7.5,1.0,195,17,5.4,9.0,1.2,194,13,5.1,7.5,1.0,195,17,658,28.78,,0,0,0,72.0,68.2,67.6,0.12,0.20,0.24
SCIP,2017-08-21 11:45:00 EDT,42.75621,-76.53403,1297,76.6,75.5,76.6,64.8,63.9,0.000,0.009,0.00,0.000,6.6,9.6,1.8,181,14,7.1,10.7,1.8,180,12,6.6,9.6,1.8,181,14,694,28.78,,0,0,0,72.3,68.2,67.5,0.12,0.20,0.24
SCIP,2017-08-21 11:50:00 EDT,42.75621,-76.53403,1297,76.8,75.7,76.8,64.2,63.8,0.000,0.009,0.00,0.000,8.7,12.6,1.7,189,11,9.3,14.2,1.8,187,9,8.7,12.6,1.7,189,11,549,28.77,,0,0,0,72.4,68.1,67.5,0.12,0.20,0.24
SCIP,2017-08-21 11:55:00 EDT,42.75621,-76.53403,1297,75.6,74.9,75.6,67.6,64.1,0.000,0.009,0.00,0.000,7.0,10.6,1.7,170,17,7.6,11.5,1.8,171,17,7.0,10.6,1.7,170,17,384,28.77,,0,0,0,72.7,68.2,67.5,0.12,0.20,0.24
SCIP,2017-08-21 12:00:00 EDT,42.75621,-76.53403,1297,75.7,74.9,75.7,68.3,64.5,0.000,0.009,0.00,0.000,7.5,11.9,1.6,170,18,8.4,12.8,1.7,170,16,7.5,11.9,1.6,170,18,428,28.78,,0,0,0,72.7,68.2,67.5,0.12,0.20,0.24
SCIP,2017-08-21 12:05:00 EDT,42.75621,-76.53403,1297,76.2,75.0,76.2,66.7,64.3,0.000,0.009,0.00,0.000,8.4,11.7,1.2,183,14,8.9,12.7,1.4,182,13,8.4,11.7,1.2,183,14,781,28.78,,0,0,0,72.7,68.2,67.5,0.12,0.20,0.24
SCIP,2017-08-21 12:10:00 EDT,42.75621,-76.53403,1297,76.8,75.7,76.8,65.6,64.5,0.000,0.009,0.00,0.000,6.5,11.0,1.7,182,17,7.1,12.3,1.8,181,14,6.5,11.0,1.7,182,17,794,28.78,,0,0,0,72.7,68.2,67.5,0.12,0.20,0.24
SCIP,2017-08-21 12:15:00 EDT,42.75621,-76.53403,1297,76.7,75.4,76.7,64.4,63.8,0.000,0.009,0.00,0.000,7.1,11.0,2.1,189,18,7.7,11.9,2.2,189,16,7.1,11.0,2.1,189,18,779,28.78,,0,0,0,73.0,68.2,67.5,0.12,0.20,0.24
SCIP,2017-08-21 12:20:00 EDT,42.75621,-76.53403,1297,77.4,76.1,77.4,63.1,63.8,0.000,0.009,0.00,0.000,8.1,13.2,2.4,195,13,8.6,14.0,2.6,194,10,8.1,13.2,2.4,195,13,797,28.78,,0,0,0,73.2,68.2,67.5,0.12,0.20,0.24
SCIP,2017-08-21 12:25:00 EDT,42.75621,-76.53403,1297,77.5,76.3,77.5,63.5,64.1,0.000,0.009,0.00,0.000,5.8,10.5,1.9,191,16,6.5,11.1,2.1,190,15,5.8,10.5,1.9,191,16,784,28.78,,0,0,0,73.4,68.2,67.5,0.12,0.20,0.24
SCIP,2017-08-21 12:30:00 EDT,42.75621,-76.53403,1297,77.8,76.6,77.8,65.3,65.3,0.000,0.009,0.00,0.000,7.1,10.4,1.6,184,17,7.6,11.5,1.9,182,13,7.1,10.4,1.6,184,17,782,28.78,,0,0,0,73.6,68.2,67.5,0.12,0.20,0.24
SCIP,2017-08-21 12:35:00 EDT,42.75621,-76.53403,1297,77.6,76.3,77.6,63.4,64.2,0.000,0.009,0.00,0.000,6.4,10.4,1.6,193,22,6.7,10.5,1.8,191,20,6.4,10.4,1.6,193,22,784,28.77,,0,0,0,73.9,68.2,67.5,0.12,0.20,0.24
SCIP,2017-08-21 12:40:00 EDT,42.75621,-76.53403,1297,77.1,76.0,77.1,64.3,64.1,0.000,0.009,0.00,0.000,7.7,10.6,1.5,190,12,8.1,11.2,1.7,189,11,7.7,10.6,1.5,190,12,782,28.77,,0,0,0,73.9,68.2,67.5,0.12,0.20,0.24
SCIP,2017-08-21 12:45:00 EDT,42.75621,-76.53403,1297,77.4,76.0,77.4,64.4,64.5,0.000,0.009,0.00,0.000,6.6,11.4,1.8,179,17,7.3,11.8,1.9,177,17,6.6,11.4,1.8,179,17,781,28.77,,0,0,0,74.3,68.2,67.5,0.12,0.20,0.24
SCIP,2017-08-21 12:50:00 EDT,42.75621,-76.53403,1297,77.7,76.4,77.7,63.9,64.5,0.000,0.009,0.00,0.000,7.1,11.4,1.8,190,10,7.5,12.1,2.0,189,9,7.1,11.4,1.8,190,10,782,28.77,,0,0,0,74.3,68.2,67.5,0.12,0.20,0.24
SCIP,2017-08-21 12:55:00 EDT,42.75621,-76.53403,1297,78.0,76.6,78.0,65.3,65.5,0.000,0.009,0.00,0.000,6.8,11.0,1.8,184,18,7.5,12.4,1.9,183,16,6.8,11.0,1.8,184,18,778,28.77,,0,0,0,74.3,68.2,67.5,0.12,0.20,0.24
SCIP,2017-08-21 13:00:00 EDT,42.75621,-76.53403,1297,78.0,76.6,78.0,63.9,64.8,0.000,0.009,0.00,0.000,8.4,12.9,2.1,201,14,8.7,13.6,2.3,199,12,8.4,12.9,2.1,201,14,777,28.77,,0,0,0,74.6,68.2,67.5,0.12,0.20,0.24
SCIP,2017-08-21 13:05:00 EDT,42.75621,-76.53403,1297,78.2,76.8,78.2,65.3,65.7,0.000,0.009,0.00,0.000,7.5,11.3,1.7,165,14,8.0,12.6,1.7,165,13,7.5,11.3,1.7,165,14,776,28.77,,0,0,0,74.7,68.2,67.5,0.12,0.20,0.24
SCIP,2017-08-21 13:10:00 EDT,42.75621,-76.53403,1297,78.2,76.9,78.2,63.3,64.7,0.000,0.009,0.00,0.000,6.5,9.4,1.5,167,17,7.0,10.3,1.6,167,15,6.5,9.4,1.5,167,17,777,28.77,,0,0,0,74.7,68.2,67.5,0.12,0.20,0.24
SCIP,2017-08-21 13:15:00 EDT,42.75621,-76.53403,1297,79.0,77.7,79.0,63.9,65.7,0.000,0.009,0.00,0.000,5.8,9.9,1.8,178,21,6.6,11.0,2.0,178,19,5.8,9.9,1.8,178,21,774,28.77,,0,0,0,74.7,68.2,67.5,0.12,0.20,0.24
SCIP,2017-08-21 13:20:00 EDT,42.75621,-76.53403,1297,79.0,77.6,79.0,62.3,65.0,0.000,0.009,0.00,0.000,5.9,9.6,1.6,168,18,6.5,10.8,1.7,167,17,5.9,9.6,1.6,168,18,773,28.76,,0,0,0,74.9,68.2,67.5,0.12,0.20,0.24
SCIP,2017-08-21 13:25:00 EDT,42.75621,-76.53403,1297,78.6,77.4,78.6,61.5,64.3,0.000,0.009,0.00,0.000,6.4,12.6,2.5,184,16,7.0,12.6,2.7,183,15,6.4,12.6,2.5,184,16,764,28.76,,0,0,0,75.0,68.2,67.5,0.12,0.20,0.24
SCIP,2017-08-21 13:30:00 EDT,42.75621,-76.53403,1297,78.9,77.7,78.9,62.3,64.9,0.000,0.009,0.00,0.000,6.8,10.4,1.9,185,11,7.4,11.9,1.9,184,11,6.8,10.4,1.9,185,11,745,28.76,,0,0,0,75.0,68.2,67.5,0.12,0.20,0.24
SCIP,2017-08-21 13:35:00 EDT,42.75621,-76.53403,1297,78.7,77.7,78.7,63.0,65.0,0.000,0.009,0.00,0.000,6.9,11.4,1.9,184,11,7.6,12.8,1.9,184,12,6.9,11.4,1.9,184,11,738,28.76,,0,0,0,75.1,68.2,67.5,0.12,0.20,0.24
SCIP,2017-08-21 13:40:00 EDT,42.75621,-76.53403,1297,78.4,77.4,78.4,63.6,65.1,0.000,0.009,0.00,0.000,6.5,9.4,1.5,205,14,6.9,10.0,1.7,203,12,6.5,9.4,1.5,205,14,508,28.76,,0,0,0,75.5,68.2,67.5,0.12,0.20,0.24
SCIP,2017-08-21 13:45:00 EDT,42.75621,-76.53403,1297,78.5,77.5,78.5,64.1,65.4,0.000,0.009,0.00,0.000,5.9,10.4,1.8,189,15,6.7,11.3,1.9,188,13,5.9,10.4,1.8,189,15,618,28.76,,0,0,0,75.6,68.2,67.5,0.12,0.20,0.24
SCIP,2017-08-21 13:50:00 EDT,42.75621,-76.53403,1297,78.6,77.6,78.6,62.5,64.8,0.000,0.009,0.00,0.000,6.2,9.3,1.4,185,17,6.7,10.2,1.6,183,16,6.2,9.3,1.4,185,17,594,28.76,,0,0,0,75.6,68.2,67.5,0.12,0.20,0.24
SCIP,2017-08-21 13:55:00 EDT,42.75621,-76.53403,1297,78.7,77.8,78.7,64.6,65.7,0.000,0.009,0.00,0.000,5.9,9.4,1.3,187,21,6.4,10.0,1.4,186,20,5.9,9.4,1.3,187,21,541,28.76,,0,0,0,75.6,68.2,67.5,0.12,0.20,0.24
SCIP,2017-08-21 14:00:00 EDT,42.75621,-76.53403,1297,78.6,77.7,78.6,63.4,65.1,0.000,0.009,0.00,0.000,6.2,9.9,2.3,175,22,6.7,10.7,2.3,174,22,6.2,9.9,2.3,175,22,497,28.75,,0,0,0,75.6,68.3,67.5,0.12,0.20,0.24
SCIP,2017-08-21 14:05:00 EDT,42.75621,-76.53403,1297,78.4,77.6,78.4,64.5,65.4,0.000,0.009,0.00,0.000,5.6,8.3,1.3,163,22,6.1,9.0,1.3,161,21,5.6,8.3,1.3,163,22,437,28.75,,0,0,0,75.6,68.4,67.5,0.12,0.20,0.24
SCIP,2017-08-21 14:10:00 EDT,42.75621,-76.53403,1297,78.6,77.9,78.6,65.1,65.9,0.000,0.009,0.00,0.000,6.6,11.8,1.7,174,15,7.4,13.3,1.7,173,14,6.6,11.8,1.7,174,15,389,28.75,,0,0,0,75.6,68.5,67.5,0.12,0.20,0.24
SCIP,2017-08-21 14:15:00 EDT,42.75621,-76.53403,1297,78.2,77.5,78.2,64.7,65.3,0.000,0.009,0.00,0.000,7.1,11.3,1.9,162,13,7.9,13.2,2.0,161,11,7.1,11.3,1.9,162,13,340,28.75,,0,0,0,75.6,68.5,67.5,0.12,0.20,0.24
SCIP,2017-08-21 14:20:00 EDT,42.75621,-76.53403,1297,77.8,77.3,77.8,65.0,65.1,0.000,0.009,0.00,0.000,8.1,11.4,1.7,165,12,8.8,12.2,1.8,163,11,8.1,11.4,1.7,165,12,295,28.75,,0,0,0,75.6,68.5,67.5,0.12,0.20,0.24
SCIP,2017-08-21 14:25:00 EDT,42.75621,-76.53403,1297,77.5,77.1,77.5,65.3,64.9,0.000,0.009,0.00,0.000,7.1,9.2,1.1,170,9,7.7,10.6,1.3,170,9,7.1,9.2,1.1,170,9,257,28.75,,0,0,0,75.2,68.5,67.5,0.12,0.20,0.24
SCIP,2017-08-21 14:30:00 EDT,42.75621,-76.53403,1297,77.4,77.0,77.4,65.6,65.0,0.000,0.009,0.00,0.000,6.9,10.2,1.5,162,11,7.3,10.8,1.6,161,9,6.9,10.2,1.5,162,11,225,28.75,,0,0,0,75.0,68.5,67.5,0.12,0.20,0.24
SCIP,2017-08-21 14:35:00 EDT,42.75621,-76.53403,1297,77.3,77.1,77.3,66.7,65.4,0.000,0.009,0.00,0.000,6.1,9.0,1.3,168,14,6.6,10.2,1.6,166,13,6.1,9.0,1.3,168,14,206,28.74,,0,0,0,75.0,68.5,67.5,0.12,0.20,0.24
SCIP,2017-08-21 14:40:00 EDT,42.75621,-76.53403,1297,77.2,76.9,77.2,66.7,65.2,0.000,0.009,0.00,0.000,7.7,10.7,1.2,171,10,8.2,11.9,1.5,171,8,7.7,10.7,1.2,171,10,196,28.74,,0,0,0,75.0,68.5,67.5,0.12,0.20,0.24
SCIP,2017-08-21 14:45:00 EDT,42.75621,-76.53403,1297,77.1,76.9,77.1,66.7,65.2,0.000,0.009,0.00,0.000,7.1,10.6,1.5,174,11,7.5,11.6,1.7,173,9,7.1,10.6,1.5,174,11,202,28.74,,0,0,0,74.8,68.5,67.5,0.12,0.20,0.24
SCIP,2017-08-21 14:50:00 EDT,42.75621,-76.53403,1297,77.0,76.8,77.0,66.6,65.0,0.000,0.009,0.00,0.000,7.7,11.5,1.7,181,12,8.1,12.6,1.8,180,9,7.7,11.5,1.7,181,12,205,28.74,,0,0,0,74.7,68.5,67.5,0.12,0.20,0.24
SCIP,2017-08-21 14:55:00 EDT,42.75621,-76.53403,1297,76.9,76.7,76.9,66.8,65.0,0.000,0.009,0.00,0.000,5.8,8.3,1.1,184,13,6.3,9.1,1.3,183,10,5.8,8.3,1.1,184,13,236,28.74,,0,0,0,74.7,68.5,67.5,0.12,0.20,0.24
SCIP,2017-08-21 15:00:00 EDT,42.75621,-76.53403,1297,77.1,76.8,77.1,67.7,65.6,0.000,0.009,0.00,0.000,5.5,7.7,1.0,177,10,6.0,8.5,1.1,176,9,5.5,7.7,1.0,177,10,248,28.74,,0,0,0,74.7,68.5,67.5,0.12,0.20,0.24
SCIP,2017-08-21 15:05:00 EDT,42.75621,-76.53403,1297,77.2,76.9,77.2,68.0,65.8,0.000,0.009,0.00,0.000,5.7,9.6,1.6,181,14,6.0,10.2,1.8,181,11,5.7,9.6,1.6,181,14,290,28.74,,0,0,0,74.7,68.5,67.5,0.12,0.20,0.24
SCIP,2017-08-21 15:10:00 EDT,42.75621,-76.53403,1297,77.5,77.0,77.5,68.5,66.3,0.000,0.009,0.00,0.000,6.3,8.9,1.2,176,9,6.8,10.1,1.5,175,8,6.3,8.9,1.2,176,9,359,28.74,,0,0,0,74.7,68.5,67.5,0.12,0.20,0.23
SCIP,2017-08-21 15:15:00 EDT,42.75621,-76.53403,1297,77.6,77.0,77.6,67.6,66.1,0.000,0.009,0.00,0.000,7.3,10.2,1.7,171,8,7.7,11.0,1.9,170,7,7.3,10.2,1.7,171,8,406,28.74,,0,0,0,74.7,68.5,67.5,0.12,0.20,0.24
SCIP,2017-08-21 15:20:00 EDT,42.75621,-76.53403,1297,78.0,77.3,78.0,67.4,66.3,0.000,0.009,0.00,0.000,7.0,9.9,1.7,184,11,7.6,10.9,1.7,182,9,7.0,9.9,1.7,184,11,446,28.73,,0,0,0,74.7,68.5,67.5,0.12,0.20,0.24
SCIP,2017-08-21 15:25:00 EDT,42.75621,-76.53403,1297,78.1,77.3,78.1,67.1,66.3,0.000,0.009,0.00,0.000,7.9,11.5,1.9,180,9,8.5,12.5,2.0,178,8,7.9,11.5,1.9,180,9,472,28.73,,0,0,0,74.7,68.5,67.5,0.12,0.20,0.24
SCIP,2017-08-21 15:30:00 EDT,42.75621,-76.53403,1297,78.8,78.1,78.8,67.4,67.1,0.000,0.009,0.00,0.000,6.4,9.5,1.3,182,15,7.0,10.7,1.6,180,14,6.4,9.5,1.3,182,15,534,28.73,,0,0,0,74.7,68.7,67.5,0.12,0.20,0.24
SCIP,2017-08-21 15:35:00 EDT,42.75621,-76.53403,1297,79.1,78.3,79.1,66.1,66.9,0.000,0.009,0.00,0.000,6.7,10.0,1.5,178,15,7.4,11.6,1.6,175,13,6.7,10.0,1.5,178,15,610,28.73,,0,0,0,74.7,68.9,67.5,0.12,0.20,0.24
SCIP,2017-08-21 15:40:00 EDT,42.75621,-76.53403,1297,79.7,78.6,79.7,65.2,67.0,0.000,0.009,0.00,0.000,9.0,12.5,1.5,193,11,9.6,13.0,1.7,192,9,9.0,12.5,1.5,193,11,609,28.73,,0,0,0,74.7,68.9,67.5,0.12,0.20,0.24
SCIP,2017-08-21 15:45:00 EDT,42.75621,-76.53403,1297,79.5,78.5,79.5,63.9,66.3,0.000,0.009,0.00,0.000,8.7,13.7,2.0,179,12,9.3,14.4,2.2,179,10,8.7,13.7,2.0,179,12,598,28.73,,0,0,0,74.8,68.9,67.5,0.12,0.20,0.23
SCIP,2017-08-21 15:50:00 EDT,42.75621,-76.53403,1297,79.9,79.0,79.9,64.6,66.9,0.000,0.009,0.00,0.000,7.3,10.7,1.6,187,13,7.7,11.0,1.7,185,11,7.3,10.7,1.6,187,13,602,28.73,,0,0,0,75.0,68.9,67.5,0.12,0.20,0.24
SCIP,2017-08-21 15:55:00 EDT,42.75621,-76.53403,1297,79.8,79.0,79.8,65.0,67.0,0.003,0.012,0.00,0.003,7.9,11.5,1.5,178,13,8.5,12.6,1.7,177,11,7.9,11.5,1.5,178,13,599,28.73,,0,0,0,75.0,68.9,67.5,0.12,0.20,0.24
SCIP,2017-08-21 16:00:00 EDT,42.75621,-76.53403,1297,80.3,79.4,82.8,64.8,67.4,0.001,0.013,0.00,0.004,6.8,11.3,1.8,196,13,7.5,12.9,2.0,193,11,6.8,11.3,1.8,196,13,591,28.72,,0,0,0,75.0,68.9,67.5,0.12,0.20,0.24
SCIP,2017-08-21 16:05:00 EDT,42.75621,-76.53403,1297,80.3,79.4,82.7,64.0,67.0,0.001,0.014,0.00,0.005,8.2,12.8,2.1,177,14,8.9,13.7,2.0,177,12,8.2,12.8,2.1,177,14,579,28.72,,0,0,0,75.0,68.9,67.5,0.12,0.20,0.23
SCIP,2017-08-21 16:10:00 EDT,42.75621,-76.53403,1297,80.8,80.0,83.3,63.5,67.3,0.000,0.014,0.00,0.005,6.9,9.8,1.8,210,19,7.4,11.1,1.7,209,19,6.9,9.8,1.8,210,19,566,28.72,,0,0,0,75.4,68.9,67.5,0.12,0.20,0.23
SCIP,2017-08-21 16:15:00 EDT,42.75621,-76.53403,1297,81.0,79.9,83.2,61.0,66.2,0.000,0.014,0.00,0.005,7.7,11.3,1.7,214,13,7.9,12.6,1.8,213,12,7.7,11.3,1.7,214,13,554,28.73,,0,0,0,75.5,68.9,67.5,0.12,0.20,0.23
SCIP,2017-08-21 16:20:00 EDT,42.75621,-76.53403,1297,81.0,80.1,83.4,62.0,66.8,0.000,0.014,0.00,0.005,7.3,11.3,1.5,212,16,7.8,11.7,1.4,211,15,7.3,11.3,1.5,212,16,544,28.73,,0,0,0,75.6,68.9,67.5,0.12,0.20,0.23
SCIP,2017-08-21 16:25:00 EDT,42.75621,-76.53403,1297,80.8,79.9,83.2,62.4,66.8,0.000,0.014,0.00,0.005,8.1,12.3,2.0,223,12,8.5,12.9,1.8,222,12,8.1,12.3,2.0,223,12,500,28.73,,0,0,0,75.6,68.9,67.5,0.12,0.19,0.23
SCIP,2017-08-21 16:30:00 EDT,42.75621,-76.53403,1297,80.7,79.8,83.3,64.0,67.4,0.000,0.014,0.00,0.005,8.5,11.9,1.5,200,19,8.9,12.8,1.8,199,18,8.5,11.9,1.5,200,19,525,28.73,,0,0,0,75.6,68.9,67.5,0.12,0.20,0.23
SCIP,2017-08-21 16:35:00 EDT,42.75621,-76.53403,1297,80.5,79.6,82.9,63.9,67.2,0.000,0.014,0.00,0.005,8.3,11.7,1.6,197,10,8.6,13.7,1.9,197,9,8.3,11.7,1.6,197,10,536,28.73,,0,0,0,75.6,68.9,67.5,0.12,0.19,0.23
SCIP,2017-08-21 16:40:00 EDT,42.75621,-76.53403,1297,80.9,80.1,83.8,65.3,68.2,0.000,0.014,0.00,0.005,7.2,11.6,1.9,209,14,7.7,12.7,1.9,207,11,7.2,11.6,1.9,209,14,502,28.73,,0,0,0,75.6,68.9,67.5,0.12,0.19,0.23
SCIP,2017-08-21 16:45:00 EDT,42.75621,-76.53403,1297,80.7,79.9,83.4,64.4,67.6,0.000,0.014,0.00,0.005,6.9,9.9,1.4,204,16,7.2,10.6,1.4,202,16,6.9,9.9,1.4,204,16,484,28.72,,0,0,0,75.6,69.1,67.5,0.12,0.19,0.23
SCIP,2017-08-21 16:50:00 EDT,42.75621,-76.53403,1297,80.8,80.0,83.6,65.0,68.0,0.000,0.014,0.00,0.005,7.3,9.5,1.1,177,14,7.9,10.5,1.3,176,13,7.3,9.5,1.1,177,14,471,28.72,,0,0,0,75.6,69.2,67.5,0.12,0.19,0.23
SCIP,2017-08-21 16:55:00 EDT,42.75621,-76.53403,1297,80.9,80.1,83.5,64.4,67.7,0.000,0.014,0.00,0.002,6.8,9.1,1.1,180,12,7.4,9.6,1.2,179,11,6.8,9.1,1.1,180,12,413,28.72,,0,0,0,75.6,69.2,67.5,0.12,0.19,0.23
SCIP,2017-08-21 17:00:00 EDT,42.75621,-76.53403,1297,80.7,80.0,83.4,64.7,67.7,0.000,0.014,0.00,0.001,5.9,9.6,1.5,185,13,6.6,10.2,1.6,185,11,5.9,9.6,1.5,185,13,474,28.72,,0,0,0,75.6,69.3,67.5,0.12,0.19,0.23
SCIP,2017-08-21 17:05:00 EDT,42.75621,-76.53403,1297,80.7,80.0,83.5,66.1,68.3,0.000,0.014,0.00,0.000,5.8,7.5,0.9,186,14,6.2,8.7,1.0,185,13,5.8,7.5,0.9,186,14,351,28.72,,0,0,0,75.6,69.3,67.5,0.12,0.19,0.23
SCIP,2017-08-21 17:10:00 EDT,42.75621,-76.53403,1297,80.4,79.9,83.1,66.1,68.1,0.000,0.014,0.00,0.000,5.7,8.6,1.2,214,11,5.9,8.5,1.2,213,10,5.7,8.6,1.2,214,11,324,28.72,,0,0,0,75.6,69.3,67.5,0.12,0.19,0.23
SCIP,2017-08-21 17:15:00 EDT,42.75621,-76.53403,1297,80.7,80.0,83.5,65.6,68.1,0.000,0.014,0.00,0.000,5.0,7.1,1.1,228,12,5.3,7.8,1.1,228,13,5.0,7.1,1.1,228,12,352,28.72,,0,0,0,75.6,69.3,67.5,0.12,0.19,0.23
SCIP,2017-08-21 17:20:00 EDT,42.75621,-76.53403,1297,80.5,79.9,83.3,66.0,68.2,0.000,0.014,0.00,0.000,6.1,8.5,1.2,226,11,6.4,9.1,1.1,224,10,6.1,8.5,1.2,226,11,343,28.72,,0,0,0,75.6,69.3,67.5,0.12,0.19,0.23
SCIP,2017-08-21 17:25:00 EDT,42.75621,-76.53403,1297,80.7,80.0,83.7,67.6,69.0,0.000,0.014,0.00,0.000,4.8,6.8,0.9,194,12,5.3,7.8,1.0,193,11,4.8,6.8,0.9,194,12,250,28.72,,0,0,0,75.6,69.3,67.5,0.12,0.19,0.23
SCIP,2017-08-21 17:30:00 EDT,42.75621,-76.53403,1297,79.9,79.6,79.9,67.9,68.4,0.000,0.014,0.00,0.000,3.7,5.7,0.8,178,11,4.2,6.6,0.9,179,9,3.7,5.7,0.8,178,11,201,28.72,,0,0,0,75.6,69.3,67.5,0.12,0.19,0.23
SCIP,2017-08-21 17:35:00 EDT,42.75621,-76.53403,1297,79.6,79.4,79.6,67.7,68.0,0.000,0.014,0.00,0.000,3.3,4.5,0.5,189,14,3.6,5.0,0.6,189,12,3.3,4.5,0.5,189,14,129,28.71,,0,0,0,75.6,69.3,67.5,0.12,0.19,0.23
SCIP,2017-08-21 17:40:00 EDT,42.75621,-76.53403,1297,79.4,79.2,79.4,68.9,68.3,0.000,0.014,0.00,0.000,5.3,8.3,1.4,184,12,5.8,9.6,1.5,183,10,5.3,8.3,1.4,184,12,194,28.71,,0,0,0,75.6,69.3,67.5,0.12,0.19,0.23
SCIP,2017-08-21 17:45:00 EDT,42.75621,-76.53403,1297,79.7,79.4,79.7,68.7,68.6,0.000,0.014,0.00,0.000,4.9,6.3,0.7,179,12,5.4,7.4,0.9,178,11,4.9,6.3,0.7,179,12,253,28.71,,0,0,0,75.6,69.3,67.5,0.12,0.19,0.23
SCIP,2017-08-21 17:50:00 EDT,42.75621,-76.53403,1297,80.6,80.1,83.7,68.3,69.2,0.000,0.014,0.00,0.000,5.7,9.7,2.0,177,13,6.2,10.5,1.9,176,11,5.7,9.7,2.0,177,13,343,28.71,,0,0,0,75.6,69.3,67.5,0.12,0.19,0.23
SCIP,2017-08-21 17:55:00 EDT,42.75621,-76.53403,1297,80.7,80.3,83.5,65.2,68.0,0.000,0.014,0.00,0.000,6.2,8.7,1.3,193,14,6.5,9.5,1.4,192,13,6.2,8.7,1.3,193,14,305,28.71,,0,0,0,75.6,69.3,67.5,0.12,0.19,0.23
SCIP,2017-08-21 18:00:00 EDT,42.75621,-76.53403,1297,80.7,80.2,83.5,66.0,68.3,0.000,0.014,0.00,0.000,4.9,6.7,0.8,226,14,5.2,7.4,1.0,225,15,4.9,6.7,0.8,226,14,281,28.71,,0,0,0,75.6,69.3,67.5,0.12,0.19,0.23
SCIP,2017-08-21 18:05:00 EDT,42.75621,-76.53403,1297,80.8,80.3,83.8,66.8,68.8,0.000,0.014,0.00,0.000,4.2,5.2,0.5,230,11,4.3,6.0,0.7,230,13,4.2,5.2,0.5,230,11,266,28.71,,0,0,0,75.6,69.3,67.5,0.12,0.19,0.23
SCIP,2017-08-21 18:10:00 EDT,42.75621,-76.53403,1297,80.6,80.2,83.6,67.9,69.0,0.000,0.014,0.00,0.000,4.0,6.0,0.9,210,19,4.4,6.2,0.9,209,19,4.0,6.0,0.9,210,19,250,28.71,,0,0,0,75.6,69.3,67.5,0.12,0.20,0.23
SCIP,2017-08-21 18:15:00 EDT,42.75621,-76.53403,1297,80.6,80.2,83.5,67.6,68.9,0.000,0.014,0.00,0.000,4.6,8.3,1.5,200,20,5.0,8.6,1.5,199,20,4.6,8.3,1.5,200,20,235,28.71,,0,0,0,75.6,69.3,67.5,0.12,0.19,0.23
SCIP,2017-08-21 18:20:00 EDT,42.75621,-76.53403,1297,80.4,80.0,83.3,68.3,69.0,0.000,0.014,0.00,0.000,4.8,7.7,1.2,206,13,5.2,8.0,1.3,205,12,4.8,7.7,1.2,206,13,221,28.71,,0,0,0,75.6,69.4,67.5,0.12,0.20,0.23
SCIP,2017-08-21 18:25:00 EDT,42.75621,-76.53403,1297,79.9,79.7,79.9,68.8,68.8,0.000,0.014,0.00,0.000,6.2,8.5,1.2,195,13,6.6,9.3,1.1,193,12,6.2,8.5,1.2,195,13,204,28.71,,0,0,0,75.4,69.6,67.5,0.12,0.19,0.23
SCIP,2017-08-21 18:30:00 EDT,42.75621,-76.53403,1297,79.6,79.4,79.6,69.5,68.8,0.000,0.014,0.00,0.000,7.4,11.3,1.7,197,12,8.0,12.8,1.9,196,10,7.4,11.3,1.7,197,12,187,28.71,,0,0,0,75.0,69.6,67.5,0.12,0.19,0.24
SCIP,2017-08-21 18:35:00 EDT,42.75621,-76.53403,1297,78.8,78.7,78.8,70.0,68.2,0.000,0.014,0.00,0.000,6.8,10.9,1.6,183,13,7.5,12.0,1.8,182,9,6.8,10.9,1.6,183,13,148,28.71,,0,0,0,75.0,69.6,67.5,0.12,0.19,0.24
SCIP,2017-08-21 18:40:00 EDT,42.75621,-76.53403,1297,77.8,77.7,77.8,69.3,66.9,0.000,0.014,0.00,0.000,8.1,11.3,1.5,171,11,8.7,12.6,1.7,170,9,8.1,11.3,1.5,171,11,84,28.71,,0,0,0,75.0,69.6,67.5,0.12,0.20,0.23
SCIP,2017-08-21 18:45:00 EDT,42.75621,-76.53403,1297,76.9,77.0,76.9,69.9,66.4,0.000,0.014,0.00,0.000,7.8,11.9,1.7,174,10,8.6,13.4,1.7,172,9,7.8,11.9,1.7,174,10,61,28.71,,0,0,0,75.0,69.6,67.5,0.12,0.19,0.24
SCIP,2017-08-21 18:50:00 EDT,42.75621,-76.53403,1297,76.1,76.2,76.1,69.6,65.5,0.000,0.014,0.00,0.000,7.4,11.5,1.6,171,10,8.0,12.9,2.0,171,8,7.4,11.5,1.6,171,10,62,28.71,,0,0,0,74.8,69.6,67.5,0.12,0.19,0.24
SCIP,2017-08-21 18:55:00 EDT,42.75621,-76.53403,1297,75.9,75.9,75.9,68.5,64.7,0.000,0.014,0.00,0.000,6.3,9.2,1.5,173,10,6.8,9.9,1.6,173,8,6.3,9.2,1.5,173,10,89,28.71,,0,0,0,74.7,69.6,67.5,0.12,0.19,0.24
SCIP,2017-08-21 19:00:00 EDT,42.75621,-76.53403,1297,75.6,75.6,75.6,69.6,65.0,0.000,0.014,0.00,0.000,4.9,7.2,1.0,171,10,5.3,8.0,1.2,170,9,4.9,7.2,1.0,171,10,105,28.71,,0,0,0,74.7,69.6,67.5,0.12,0.19,0.23
SCIP,2017-08-21 19:05:00 EDT,42.75621,-76.53403,1297,75.4,75.5,75.4,69.2,64.6,0.000,0.014,0.00,0.000,5.1,8.5,1.2,179,14,5.5,9.4,1.3,178,12,5.1,8.5,1.2,179,14,76,28.71,,0,0,0,74.7,69.6,67.5,0.12,0.19,0.24
SCIP,2017-08-21 19:10:00 EDT,42.75621,-76.53403,1297,75.0,75.1,75.0,70.2,64.6,0.000,0.014,0.00,0.000,3.9,6.8,0.9,170,12,4.3,7.3,1.0,170,12,3.9,6.8,0.9,170,12,54,28.71,,0,0,0,74.7,69.6,67.5,0.12,0.19,0.24
SCIP,2017-08-21 19:15:00 EDT,42.75621,-76.53403,1297,74.6,74.8,74.6,71.1,64.6,0.000,0.014,0.00,0.000,4.4,6.2,0.7,163,10,4.9,6.9,0.8,162,9,4.4,6.2,0.7,163,10,44,28.71,,0,0,0,74.6,69.6,67.5,0.12,0.20,0.24
SCIP,2017-08-21 19:20:00 EDT,42.75621,-76.53403,1297,74.1,74.5,74.1,72.7,64.8,0.000,0.014,0.00,0.000,3.9,6.1,1.2,159,12,4.3,6.8,1.5,158,12,3.9,6.1,1.2,159,12,42,28.71,,0,0,0,74.3,69.6,67.5,0.12,0.19,0.24
SCIP,2017-08-21 19:25:00 EDT,42.75621,-76.53403,1297,73.7,74.3,73.7,74.7,65.2,0.000,0.014,0.00,0.000,3.9,6.9,1.2,156,16,4.5,7.6,1.3,156,13,3.9,6.9,1.2,156,16,28,28.71,,0,0,0,74.3,69.6,67.5,0.12,0.19,0.24
SCIP,2017-08-21 19:30:00 EDT,42.75621,-76.53403,1297,73.6,74.1,73.6,73.6,64.6,0.000,0.014,0.00,0.000,5.5,9.1,1.7,162,11,5.9,10.0,2.0,161,11,5.5,9.1,1.7,162,11,25,28.71,,0,0,0,74.3,69.6,67.5,0.12,0.20,0.24
SCIP,2017-08-21 19:35:00 EDT,42.75621,-76.53403,1297,73.4,73.9,73.4,73.4,64.3,0.000,0.014,0.00,0.000,4.6,6.9,1.1,154,13,5.3,7.3,1.1,154,11,4.6,6.9,1.1,154,13,20,28.71,,0,0,0,74.2,69.6,67.5,0.12,0.20,0.24
SCIP,2017-08-21 19:40:00 EDT,42.75621,-76.53403,1297,73.1,73.6,73.1,73.7,64.2,0.000,0.014,0.00,0.000,5.1,7.7,1.2,160,10,5.7,8.4,1.4,160,9,5.1,7.7,1.2,160,10,20,28.71,,0,0,0,73.9,69.6,67.5,0.12,0.19,0.24
SCIP,2017-08-21 19:45:00 EDT,42.75621,-76.53403,1297,72.6,73.4,72.6,75.0,64.2,0.000,0.014,0.00,0.000,5.6,7.7,0.8,163,5,6.1,8.1,0.9,162,5,5.6,7.7,0.8,163,5,13,28.71,,0,0,0,73.9,69.7,67.5,0.12,0.20,0.24
SCIP,2017-08-21 19:50:00 EDT,42.75621,-76.53403,1297,71.9,73.0,71.9,77.3,64.4,0.000,0.014,0.00,0.000,4.8,6.4,0.8,163,8,5.3,8.2,1.1,162,8,4.8,6.4,0.8,163,8,7,28.71,,0,0,0,73.9,69.7,67.5,0.12,0.20,0.24
SCIP,2017-08-21 19:55:00 EDT,42.75621,-76.53403,1297,71.6,72.7,71.6,78.5,64.6,0.000,0.014,0.00,0.000,6.1,8.9,0.9,163,6,6.6,9.8,0.9,163,5,6.1,8.9,0.9,163,6,4,28.71,,0,0,0,73.9,69.8,67.5,0.12,0.19,0.24
SCIP,2017-08-21 20:00:00 EDT,42.75621,-76.53403,1297,71.6,72.4,71.6,79.4,64.9,0.000,0.014,0.00,0.000,5.3,7.3,0.8,155,10,5.8,7.7,0.9,155,9,5.3,7.3,0.8,155,10,2,28.71,,0,0,0,73.5,69.9,67.5,0.12,0.19,0.24
SCIP,2017-08-21 20:05:00 EDT,42.75621,-76.53403,1297,71.4,72.3,71.4,80.0,64.9,0.000,0.014,0.00,0.000,4.4,6.9,1.2,155,13,4.8,7.6,1.3,153,11,4.4,6.9,1.2,155,13,1,28.71,,0,0,0,73.4,70.0,67.5,0.12,0.20,0.24
SCIP,2017-08-21 20:10:00 EDT,42.75621,-76.53403,1297,70.9,72.0,70.9,80.6,64.7,0.000,0.014,0.00,0.000,3.1,5.2,1.1,149,21,3.4,6.1,1.2,147,22,3.1,5.2,1.1,149,21,1,28.71,,0,0,0,73.4,70.0,67.5,0.12,0.20,0.24
SCIP,2017-08-21 20:15:00 EDT,42.75621,-76.53403,1297,70.8,71.7,70.8,81.2,64.7,0.000,0.014,0.00,0.000,2.4,4.9,0.8,139,17,2.8,5.6,1.0,139,16,2.4,4.9,0.8,139,17,0,28.71,,0,0,0,73.4,70.0,67.5,0.12,0.20,0.24
SCIP,2017-08-21 20:20:00 EDT,42.75621,-76.53403,1297,69.3,71.2,69.3,83.9,64.2,0.000,0.014,0.00,0.000,3.8,6.7,1.3,152,18,4.3,7.5,1.4,151,15,3.8,6.7,1.3,152,18,0,28.71,,0,0,0,73.1,70.0,67.5,0.12,0.19,0.24
SCIP,2017-08-21 20:25:00 EDT,42.75621,-76.53403,1297,69.8,71.2,69.8,84.6,65.0,0.000,0.014,0.00,0.000,4.1,8.4,1.4,147,21,4.4,9.5,1.6,145,18,4.1,8.4,1.4,147,21,0,28.71,,0,0,0,73.0,70.0,67.5,0.12,0.20,0.24
SCIP,2017-08-21 20:30:00 EDT,42.75621,-76.53403,1297,70.5,71.3,70.5,83.2,65.2,0.000,0.014,0.00,0.000,5.2,8.8,1.8,151,15,5.7,9.3,1.8,149,12,5.2,8.8,1.8,151,15,0,28.71,,0,0,0,73.0,70.0,67.5,0.12,0.20,0.24
SCIP,2017-08-21 20:35:00 EDT,42.75621,-76.53403,1297,70.9,71.6,70.9,81.0,64.8,0.000,0.014,0.00,0.000,5.4,9.2,1.5,157,13,6.0,11.2,1.7,157,12,5.4,9.2,1.5,157,13,0,28.71,,0,0,0,72.9,70.0,67.5,0.12,0.19,0.24
SCIP,2017-08-21 20:40:00 EDT,42.75621,-76.53403,1297,70.7,71.6,70.7,81.1,64.6,0.000,0.014,0.00,0.000,6.0,9.1,1.3,156,12,6.4,9.6,1.4,154,10,6.0,9.1,1.3,156,12,0,28.72,,0,0,0,72.7,70.0,67.5,0.12,0.20,0.24
SCIP,2017-08-21 20:45:00 EDT,42.75621,-76.53403,1297,71.0,71.8,71.0,80.6,64.7,0.000,0.014,0.00,0.000,7.6,10.7,1.2,156,10,8.0,10.9,1.3,155,10,7.6,10.7,1.2,156,10,0,28.72,,0,0,0,72.7,70.0,67.5,0.12,0.20,0.24
SCIP,2017-08-21 20:50:00 EDT,42.75621,-76.53403,1297,71.1,71.7,71.1,80.2,64.7,0.000,0.014,0.00,0.000,6.6,10.9,1.6,159,10,7.1,11.4,1.8,157,9,6.6,10.9,1.6,159,10,0,28.72,,0,0,0,72.7,70.0,67.5,0.12,0.20,0.24
SCIP,2017-08-21 20:55:00 EDT,42.75621,-76.53403,1297,70.7,71.4,70.7,80.7,64.5,0.000,0.014,0.00,0.000,5.7,8.2,1.3,159,10,6.1,8.9,1.4,158,9,5.7,8.2,1.3,159,10,0,28.71,,0,0,0,72.7,70.0,67.5,0.12,0.19,0.24
SCIP,2017-08-21 21:00:00 EDT,42.75621,-76.53403,1297,70.1,71.0,70.1,82.1,64.4,0.000,0.014,0.00,0.000,4.6,6.3,0.8,155,14,5.0,7.1,1.0,152,13,4.6,6.3,0.8,155,14,0,28.71,,0,0,0,72.7,70.0,67.5,0.12,0.20,0.24
SCIP,2017-08-21 21:05:00 EDT,42.75621,-76.53403,1297,70.0,70.9,70.0,83.1,64.6,0.000,0.014,0.00,0.000,4.5,8.5,1.4,153,15,4.8,8.4,1.5,151,13,4.5,8.5,1.4,153,15,0,28.71,,0,0,0,72.3,70.0,67.5,0.12,0.20,0.24
SCIP,2017-08-21 21:10:00 EDT,42.75621,-76.53403,1297,69.8,70.8,69.8,83.3,64.5,0.000,0.014,0.00,0.000,3.9,7.7,1.5,149,18,4.4,7.6,1.8,150,16,3.9,7.7,1.5,149,18,0,28.71,,0,0,0,72.3,70.0,67.5,0.12,0.19,0.24
SCIP,2017-08-21 21:15:00 EDT,42.75621,-76.53403,1297,69.8,70.8,69.8,83.6,64.6,0.000,0.014,0.00,0.000,5.1,8.2,1.2,153,14,5.6,10.0,1.5,154,14,5.1,8.2,1.2,153,14,0,28.71,,0,0,0,72.3,70.0,67.5,0.12,0.20,0.24
SCIP,2017-08-21 21:20:00 EDT,42.75621,-76.53403,1297,69.7,70.7,69.7,84.0,64.7,0.000,0.014,0.00,0.000,5.7,9.4,1.7,152,14,6.3,9.5,1.7,151,11,5.7,9.4,1.7,152,14,0,28.71,,0,0,0,72.3,70.0,67.5,0.12,0.20,0.24
SCIP,2017-08-21 21:25:00 EDT,42.75621,-76.53403,1297,70.0,70.9,70.0,83.8,64.8,0.000,0.014,0.00,0.000,6.1,9.0,1.3,154,14,6.7,9.8,1.3,152,12,6.1,9.0,1.3,154,14,0,28.71,,0,0,0,72.3,70.0,67.5,0.12,0.20,0.24
SCIP,2017-08-21 21:30:00 EDT,42.75621,-76.53403,1297,70.0,70.8,70.0,83.2,64.7,0.000,0.014,0.00,0.000,6.3,8.9,1.2,159,12,6.7,9.4,1.3,159,11,6.3,8.9,1.2,159,12,0,28.71,,0,0,0,72.2,70.0,67.5,0.12,0.20,0.24
SCIP,2017-08-21 21:35:00 EDT,42.75621,-76.53403,1297,69.8,70.6,69.8,83.4,64.6,0.000,0.014,0.00,0.000,6.6,9.6,1.0,158,9,7.1,9.6,1.1,157,7,6.6,9.6,1.0,158,9,0,28.72,,0,0,0,71.9,70.0,67.5,0.12,0.20,0.24
SCIP,2017-08-21 21:40:00 EDT,42.75621,-76.53403,1297,69.9,70.6,69.9,83.6,64.7,0.000,0.014,0.00,0.000,7.0,9.4,1.1,154,9,7.6,11.1,1.4,154,8,7.0,9.4,1.1,154,9,0,28.72,,0,0,0,71.8,70.0,67.5,0.12,0.20,0.24
SCIP,2017-08-21 21:45:00 EDT,42.75621,-76.53403,1297,70.0,70.6,70.0,83.0,64.6,0.000,0.014,0.00,0.000,5.8,10.2,1.8,152,13,6.3,10.3,1.7,152,12,5.8,10.2,1.8,152,13,0,28.71,,0,0,0,71.8,70.0,67.5,0.12,0.20,0.24
SCIP,2017-08-21 21:50:00 EDT,42.75621,-76.53403,1297,69.4,70.2,69.4,83.6,64.2,0.000,0.014,0.00,0.000,4.0,8.2,1.8,146,17,4.4,9.3,2.0,145,14,4.0,8.2,1.8,146,17,0,28.71,,0,0,0,71.8,70.0,67.5,0.12,0.20,0.24
SCIP,2017-08-21 21:55:00 EDT,42.75621,-76.53403,1297,69.4,70.2,69.4,84.5,64.5,0.000,0.014,0.00,0.000,6.0,9.8,1.5,155,16,6.6,9.5,1.7,153,13,6.0,9.8,1.5,155,16,0,28.71,,0,0,0,71.8,70.0,67.5,0.12,0.20,0.24
SCIP,2017-08-21 22:00:00 EDT,42.75621,-76.53403,1297,69.6,70.3,69.6,84.1,64.6,0.000,0.014,0.00,0.000,6.8,9.0,1.1,156,11,7.3,9.9,1.3,155,10,6.8,9.0,1.1,156,11,0,28.71,,0,0,0,71.8,70.0,67.5,0.12,0.20,0.24
SCIP,2017-08-21 22:05:00 EDT,42.75621,-76.53403,1297,69.4,70.2,69.4,84.0,64.4,0.000,0.014,0.00,0.000,6.0,9.2,1.4,155,12,6.4,9.6,1.5,153,11,6.0,9.2,1.4,155,12,0,28.71,,0,0,0,71.5,70.0,67.5,0.12,0.20,0.24
SCIP,2017-08-21 22:10:00 EDT,42.75621,-76.53403,1297,69.5,70.2,69.5,84.3,64.5,0.000,0.014,0.00,0.000,6.8,10.4,1.5,155,9,7.2,10.1,1.4,154,9,6.8,10.4,1.5,155,9,0,28.71,,0,0,0,71.4,70.0,67.5,0.12,0.20,0.24
SCIP,2017-08-21 22:15:00 EDT,42.75621,-76.53403,1297,69.6,70.2,69.6,83.9,64.5,0.000,0.014,0.00,0.000,7.8,11.3,1.4,156,9,8.4,12.3,1.5,155,10,7.8,11.3,1.4,156,9,0,28.71,,0,0,0,71.4,70.0,67.5,0.12,0.20,0.24
SCIP,2017-08-21 22:20:00 EDT,42.75621,-76.53403,1297,69.5,70.0,69.5,83.6,64.3,0.000,0.014,0.00,0.000,6.6,9.5,1.4,157,12,7.0,10.6,1.5,156,10,6.6,9.5,1.4,157,12,0,28.71,,0,0,0,71.4,70.0,67.5,0.12,0.20,0.24
SCIP,2017-08-21 22:25:00 EDT,42.75621,-76.53403,1297,69.3,69.8,69.3,84.3,64.3,0.000,0.014,0.00,0.000,7.3,11.7,1.8,156,10,7.7,12.3,1.8,155,9,7.3,11.7,1.8,156,10,0,28.71,,0,0,0,71.4,70.0,67.5,0.12,0.20,0.24
SCIP,2017-08-21 22:30:00 EDT,42.75621,-76.53403,1297,69.4,70.0,69.4,84.0,64.3,0.000,0.014,0.00,0.000,7.4,10.7,1.3,158,12,7.9,11.8,1.4,156,9,7.4,10.7,1.3,158,12,0,28.71,,0,0,0,71.4,70.0,67.5,0.12,0.20,0.24
SCIP,2017-08-21 22:35:00 EDT,42.75621,-76.53403,1297,69.3,69.9,69.3,84.0,64.3,0.002,0.016,0.00,0.002,7.5,10.7,1.6,156,10,8.0,10.9,1.7,153,9,7.5,10.7,1.6,156,10,0,28.71,,0,0,0,71.4,70.0,67.5,0.12,0.20,0.24
SCIP,2017-08-21 22:40:00 EDT,42.75621,-76.53403,1297,69.4,69.9,69.4,84.0,64.3,0.000,0.016,0.00,0.002,7.3,10.1,1.7,153,11,7.8,10.9,1.8,152,13,7.3,10.1,1.7,153,11,0,28.71,,0,0,0,71.4,70.0,67.5,0.12,0.20,0.24
SCIP,2017-08-21 22:45:00 EDT,42.75621,-76.53403,1297,69.1,69.6,69.1,83.8,64.0,0.000,0.016,0.00,0.002,5.6,7.5,0.8,172,12,6.1,8.8,1.0,172,9,5.6,7.5,0.8,172,12,0,28.71,,0,0,0,71.2,70.0,67.5,0.12,0.20,0.24
SCIP,2017-08-21 22:50:00 EDT,42.75621,-76.53403,1297,68.3,69.2,68.3,85.7,63.8,0.000,0.016,0.00,0.002,6.0,7.7,0.7,155,8,6.4,8.2,0.8,155,8,6.0,7.7,0.7,155,8,0,28.71,,0,0,0,71.1,70.0,67.5,0.12,0.20,0.24
SCIP,2017-08-21 22:55:00 EDT,42.75621,-76.53403,1297,68.5,69.2,68.5,86.7,64.3,0.000,0.016,0.00,0.002,5.1,8.0,1.6,157,16,5.6,9.1,1.7,156,15,5.1,8.0,1.6,157,16,0,28.71,,0,0,0,71.1,70.0,67.5,0.12,0.20,0.24
SCIP,2017-08-21 23:00:00 EDT,42.75621,-76.53403,1297,68.8,69.4,68.8,86.2,64.5,0.000,0.016,0.00,0.002,6.5,9.6,1.3,153,13,6.9,10.5,1.4,152,12,6.5,9.6,1.3,153,13,0,28.71,,0,0,0,71.1,70.0,67.5,0.12,0.20,0.24
SCIP,2017-08-21 23:05:00 EDT,42.75621,-76.53403,1297,68.7,69.4,68.7,85.7,64.3,0.000,0.016,0.00,0.002,5.9,9.1,1.3,160,11,6.4,9.7,1.3,158,10,5.9,9.1,1.3,160,11,0,28.71,,0,0,0,71.1,70.0,67.5,0.12,0.20,0.24
SCIP,2017-08-21 23:10:00 EDT,42.75621,-76.53403,1297,68.6,69.4,68.6,86.3,64.4,0.000,0.016,0.00,0.002,6.6,9.5,1.1,160,10,7.0,9.9,1.4,158,9,6.6,9.5,1.1,160,10,0,28.71,,0,0,0,71.1,70.0,67.6,0.12,0.20,0.24
SCIP,2017-08-21 23:15:00 EDT,42.75621,-76.53403,1297,68.7,69.4,68.7,86.2,64.4,0.000,0.016,0.00,0.002,6.6,8.8,1.1,158,11,7.1,10.1,1.2,158,9,6.6,8.8,1.1,158,11,0,28.71,,0,0,0,71.1,70.0,67.5,0.12,0.20,0.24
SCIP,2017-08-21 23:20:00 EDT,42.75621,-76.53403,1297,68.6,69.3,68.6,86.2,64.3,0.000,0.016,0.00,0.002,6.9,9.2,1.0,163,8,7.2,9.8,1.2,161,7,6.9,9.2,1.0,163,8,0,28.71,,0,0,0,71.1,70.0,67.6,0.12,0.20,0.24
SCIP,2017-08-21 23:25:00 EDT,42.75621,-76.53403,1297,68.2,69.1,68.2,87.1,64.3,0.000,0.016,0.00,0.002,6.8,8.3,0.6,162,6,7.3,8.9,0.7,160,4,6.8,8.3,0.6,162,6,0,28.71,,0,0,0,71.0,70.0,67.6,0.12,0.20,0.24
SCIP,2017-08-21 23:30:00 EDT,42.75621,-76.53403,1297,68.1,69.0,68.1,87.8,64.4,0.000,0.016,0.00,0.002,6.3,8.1,1.1,157,8,6.7,8.6,1.2,156,8,6.3,8.1,1.1,157,8,0,28.70,,0,0,0,70.8,70.0,67.6,0.12,0.20,0.24
SCIP,2017-08-21 23:35:00 EDT,42.75621,-76.53403,1297,68.4,69.1,68.4,87.5,64.5,0.000,0.016,0.00,0.000,5.7,7.6,1.0,159,12,6.1,8.9,1.2,158,11,5.7,7.6,1.0,159,12,0,28.70,,0,0,0,70.7,70.0,67.6,0.12,0.20,0.24
SCIP,2017-08-21 23:40:00 EDT,42.75621,-76.53403,1297,68.3,69.1,68.3,87.6,64.5,0.000,0.016,0.00,0.000,5.3,7.7,1.2,156,9,5.8,8.7,1.2,155,9,5.3,7.7,1.2,156,9,0,28.70,,0,0,0,70.7,70.0,67.7,0.12,0.20,0.24
SCIP,2017-08-21 23:45:00 EDT,42.75621,-76.53403,1297,68.5,69.2,68.5,87.5,64.6,0.000,0.016,0.00,0.000,5.9,8.8,1.2,160,10,6.4,9.1,1.2,158,10,5.9,8.8,1.2,160,10,0,28.70,,0,0,0,70.7,70.0,67.7,0.12,0.20,0.24
SCIP,2017-08-21 23:50:00 EDT,42.75621,-76.53403,1297,68.6,69.4,68.6,87.4,64.7,0.000,0.016,0.00,0.000,6.4,10.6,1.7,151,13,6.9,10.7,1.7,150,13,6.4,10.6,1.7,151,13,0,28.70,,0,0,0,70.7,70.0,67.7,0.12,0.20,0.24
SCIP,2017-08-21 23:55:00 EDT,42.75621,-76.53403,1297,68.5,69.1,68.5,87.0,64.4,0.000,0.016,0.00,0.000,4.2,7.5,1.3,150,18,5.1,9.3,1.6,149,16,4.2,7.5,1.3,150,18,0,28.70,,0,0,0,70.7,70.0,67.7,0.12,0.20,0.24
SHER,2017-08-21 00:00:00 EDT,42.64026,-75.48370,1157,58.7,60.0,58.7,96.9,57.8,0.000,0.000,0.00,0.000,4.4,4.7,0.2,112,3,4.7,5.1,0.2,112,4,4.4,4.7,0.2,112,3,,28.95,,0,0,0,70.0,70.0,67.8,0.25,0.19,0.23
SHER,2017-08-21 00:05:00 EDT,42.64026,-75.48370,1157,58.6,59.4,58.6,97.1,57.7,0.000,0.000,0.00,0.000,4.2,5.3,0.9,111,5,4.4,5.7,1.0,112,7,4.2,5.3,0.9,111,5,,28.94,,0,0,0,70.0,70.0,67.8,0.25,0.19,0.23
SHER,2017-08-21 00:10:00 EDT,42.64026,-75.48370,1157,58.4,59.5,58.4,97.2,57.6,0.000,0.000,0.00,0.000,4.7,5.2,0.3,109,2,5.0,5.6,0.4,109,2,4.7,5.2,0.3,109,2,,28.94,,0,0,0,70.0,70.0,67.8,0.25,0.19,0.23
SHER,2017-08-21 00:15:00 EDT,42.64026,-75.48370,1157,58.3,59.4,58.3,97.3,57.5,0.000,0.000,0.00,0.000,4.7,5.2,0.2,108,2,5.1,5.7,0.3,108,3,4.7,5.2,0.2,108,2,,28.95,,0,0,0,70.0,70.0,67.8,0.25,0.19,0.23
SHER,2017-08-21 00:20:00 EDT,42.64026,-75.48370,1157,58.3,59.6,58.3,97.4,57.6,0.000,0.000,0.00,0.000,3.9,4.5,0.3,111,2,4.2,4.9,0.4,112,2,3.9,4.5,0.3,111,2,,28.95,,0,0,0,69.8,70.0,67.8,0.25,0.19,0.23
SHER,2017-08-21 00:25:00 EDT,42.64026,-75.48370,1157,58.4,60.2,58.4,97.5,57.7,0.000,0.000,0.00,0.000,3.3,3.8,0.2,116,5,3.5,4.2,0.3,119,6,3.3,3.8,0.2,116,5,,28.95,,0,0,0,69.6,69.9,67.8,0.25,0.19,0.23
SHER,2017-08-21 00:30:00 EDT,42.64026,-75.48370,1157,58.3,59.8,58.3,97.4,57.6,0.000,0.000,0.00,0.000,3.2,4.1,0.3,117,4,3.3,4.4,0.5,121,6,3.2,4.1,0.3,117,4,,28.95,,0,0,0,69.6,69.8,67.8,0.25,0.19,0.23
SHER,2017-08-21 00:35:00 EDT,42.64026,-75.48370,1157,58.7,60.4,58.7,97.7,58.1,0.000,0.000,0.00,0.000,3.8,4.5,0.4,103,7,4.2,5.0,0.4,103,8,3.8,4.5,0.4,103,7,,28.95,,0,0,0,69.6,69.8,67.8,0.25,0.19,0.23
SHER,2017-08-21 00:40:00 EDT,42.64026,-75.48370,1157,59.4,61.5,59.4,97.9,58.8,0.000,0.000,0.00,0.000,3.8,4.6,0.4,95,5,4.2,5.3,0.6,96,6,3.8,4.6,0.4,95,5,,28.95,,0,0,0,69.6,69.7,67.8,0.25,0.19,0.23
SHER,2017-08-21 00:45:00 EDT,42.64026,-75.48370,1157,59.2,61.2,59.2,97.4,58.5,0.000,0.000,0.00,0.000,2.7,3.7,0.5,95,4,2.9,4.1,0.5,96,6,2.7,3.7,0.5,95,4,,28.95,,0,0,0,69.6,69.7,67.8,0.25,0.19,0.23
SHER,2017-08-21 00:50:00 EDT,42.64026,-75.48370,1157,58.6,61.3,58.6,97.0,57.8,0.000,0.000,0.00,0.000,2.5,3.1,0.3,87,7,2.8,3.6,0.4,87,8,2.5,3.1,0.3,87,7,,28.95,,0,0,0,69.6,69.6,67.8,0.26,0.19,0.23
SHER,2017-08-21 00:55:00 EDT,42.64026,-75.48370,1157,58.6,61.1,58.6,97.2,57.8,0.000,0.000,0.00,0.000,2.6,3.4,0.3,97,8,2.9,4.0,0.4,98,10,2.6,3.4,0.3,97,8,,28.95,,0,0,0,69.5,69.6,67.8,0.25,0.19,0.23
SHER,2017-08-21 01:00:00 EDT,42.64026,-75.48370,1157,58.3,60.5,58.3,97.1,57.5,0.000,0.000,0.00,0.000,3.0,3.5,0.2,98,3,3.4,4.3,0.3,100,3,3.0,3.5,0.2,98,3,,28.95,,0,0,0,69.3,69.6,67.8,0.25,0.19,0.23
SHER,2017-08-21 01:05:00 EDT,42.64026,-75.48370,1157,58.3,60.2,58.3,97.3,57.5,0.000,0.000,0.00,0.000,3.1,4.0,0.4,100,4,3.5,4.5,0.5,101,5,3.1,4.0,0.4,100,4,,28.95,,0,0,0,69.3,69.6,67.8,0.25,0.19,0.23
SHER,2017-08-21 01:10:00 EDT,42.64026,-75.48370,1157,58.2,59.8,58.2,97.3,57.5,0.000,0.000,0.00,0.000,3.0,3.7,0.2,112,6,3.2,4.1,0.3,115,7,3.0,3.7,0.2,112,6,,28.95,,0,0,0,69.3,69.6,67.8,0.25,0.19,0.23
SHER,2017-08-21 01:15:00 EDT,42.64026,-75.48370,1157,58.4,60.0,58.4,97.5,57.7,0.000,0.000,0.00,0.000,3.3,3.9,0.4,112,7,3.5,4.7,0.5,114,8,3.3,3.9,0.4,112,7,,28.95,,0,0,0,69.3,69.6,67.8,0.25,0.19,0.23
SHER,2017-08-21 01:20:00 EDT,42.64026,-75.48370,1157,58.5,59.9,58.5,97.5,57.8,0.000,0.000,0.00,0.000,3.1,4.0,0.5,108,6,3.4,4.4,0.6,110,8,3.1,4.0,0.5,108,6,,28.95,,0,0,0,69.3,69.6,67.8,0.25,0.19,0.23
SHER,2017-08-21 01:25:00 EDT,42.64026,-75.48370,1157,58.7,60.6,58.7,97.6,58.0,0.000,0.000,0.00,0.000,2.6,3.7,0.5,110,6,2.8,4.2,0.7,112,8,2.6,3.7,0.5,110,6,,28.95,,0,0,0,69.3,69.6,67.8,0.25,0.19,0.23
SHER,2017-08-21 01:30:00 EDT,42.64026,-75.48370,1157,59.3,60.8,59.3,97.8,58.7,0.000,0.000,0.00,0.000,1.4,2.9,0.8,122,35,1.7,3.3,0.8,119,38,1.4,2.9,0.8,122,35,,28.95,,0,0,0,69.2,69.6,67.8,0.25,0.19,0.23
SHER,2017-08-21 01:35:00 EDT,42.64026,-75.48370,1157,58.9,60.9,58.9,97.6,58.2,0.000,0.000,0.00,0.000,1.1,2.1,0.5,118,15,1.4,2.4,0.4,118,17,1.1,2.1,0.5,118,15,,28.95,,0,0,0,69.1,69.6,67.8,0.25,0.19,0.23
SHER,2017-08-21 01:40:00 EDT,42.64026,-75.48370,1157,58.3,60.6,58.3,97.2,57.5,0.000,0.000,0.00,0.000,1.6,2.4,0.4,114,10,1.9,3.1,0.4,114,12,1.6,2.4,0.4,114,10,,28.95,,0,0,0,68.9,69.6,67.8,0.25,0.19,0.23
SHER,2017-08-21 01:45:00 EDT,42.64026,-75.48370,1157,58.4,60.7,58.4,97.7,57.7,0.000,0.000,0.00,0.000,1.5,2.0,0.3,126,14,1.6,2.3,0.3,126,13,1.5,2.0,0.3,126,14,,28.95,,0,0,0,68.9,69.6,67.8,0.25,0.19,0.23
SHER,2017-08-21 01:50:00 EDT,42.64026,-75.48370,1157,57.7,59.7,57.7,97.1,56.9,0.000,0.000,0.00,0.000,2.8,3.7,0.6,110,8,3.0,4.5,0.7,113,9,2.8,3.7,0.6,110,8,,28.94,,0,0,0,68.9,69.6,67.8,0.25,0.19,0.23
SHER,2017-08-21 01:55:00 EDT,42.64026,-75.48370,1157,57.7,59.7,57.7,97.4,56.9,0.000,0.000,0.00,0.000,2.8,3.5,0.3,106,7,3.1,3.8,0.4,108,9,2.8,3.5,0.3,106,7,,28.94,,0,0,0,68.9,69.6,67.8,0.25,0.19,0.23
SHER,2017-08-21 02:00:00 EDT,42.64026,-75.48370,1157,57.3,59.2,57.3,97.4,56.6,0.000,0.000,0.00,0.000,2.4,3.4,0.4,123,7,2.4,3.5,0.5,127,6,2.4,3.4,0.4,123,7,,28.95,,0,0,0,68.9,69.6,67.8,0.25,0.19,0.23
SHER,2017-08-21 02:05:00 EDT,42.64026,-75.48370,1157,57.4,58.7,57.4,97.5,56.7,0.000,0.000,0.00,0.000,2.9,3.6,0.5,121,7,2.8,3.8,0.5,125,7,2.9,3.6,0.5,121,7,,28.95,,0,0,0,68.9,69.6,67.8,0.25,0.19,0.23
SHER,2017-08-21 02:10:00 EDT,42.64026,-75.48370,1157,57.8,59.0,57.8,97.9,57.2,0.000,0.000,0.00,0.000,1.8,2.6,0.5,128,6,1.8,2.7,0.5,130,6,1.8,2.6,0.5,128,6,,28.95,,0,0,0,68.8,69.6,67.8,0.25,0.19,0.23
SHER,2017-08-21 02:15:00 EDT,42.64026,-75.48370,1157,58.0,59.3,58.0,97.9,57.4,0.000,0.000,0.00,0.000,0.5,1.3,0.4,138,3,0.9,1.6,0.3,132,15,0.5,1.3,0.4,138,3,,28.95,,0,0,0,68.6,69.6,67.8,0.25,0.19,0.23
SHER,2017-08-21 02:20:00 EDT,42.64026,-75.48370,1157,58.1,59.2,58.1,97.9,57.5,0.000,0.000,0.00,0.000,1.8,2.6,0.5,118,8,2.1,2.7,0.3,120,7,1.8,2.6,0.5,118,8,,28.94,,0,0,0,68.5,69.6,67.8,0.25,0.19,0.23
SHER,2017-08-21 02:25:00 EDT,42.64026,-75.48370,1157,57.7,59.2,57.7,97.6,57.0,0.000,0.000,0.00,0.000,1.5,3.0,0.9,111,10,1.8,3.2,0.9,112,14,1.5,3.0,0.9,111,10,,28.95,,0,0,0,68.5,69.5,67.8,0.25,0.19,0.23
SHER,2017-08-21 02:30:00 EDT,42.64026,-75.48370,1157,57.3,59.4,57.3,97.5,56.6,0.000,0.000,0.00,0.000,0.1,0.8,0.3,43,10,0.6,1.8,0.5,49,20,0.1,0.8,0.3,43,10,,28.95,,0,0,0,68.5,69.5,67.8,0.25,0.19,0.23
SHER,2017-08-21 02:35:00 EDT,42.64026,-75.48370,1157,56.8,58.7,56.8,97.3,56.0,0.000,0.000,0.00,0.000,0.5,1.7,0.5,121,27,0.9,2.2,0.6,125,29,0.5,1.7,0.5,121,27,,28.95,,0,0,0,68.5,69.5,67.8,0.25,0.19,0.23
SHER,2017-08-21 02:40:00 EDT,42.64026,-75.48370,1157,56.6,58.2,56.6,97.5,55.9,0.000,0.000,0.00,0.000,2.0,2.4,0.2,121,5,2.0,2.9,0.3,126,5,2.0,2.4,0.2,121,5,,28.95,,0,0,0,68.5,69.3,67.8,0.25,0.19,0.23
SHER,2017-08-21 02:45:00 EDT,42.64026,-75.48370,1157,56.6,58.1,56.6,97.6,56.0,0.000,0.000,0.00,0.000,1.9,2.3,0.2,130,5,1.9,2.3,0.2,132,4,1.9,2.3,0.2,130,5,,28.95,,0,0,0,68.5,69.3,67.8,0.25,0.19,0.23
SHER,2017-08-21 02:50:00 EDT,42.64026,-75.48370,1157,57.1,58.2,57.1,98.0,56.6,0.000,0.000,0.00,0.000,1.0,1.8,0.5,129,15,1.3,2.3,0.4,131,17,1.0,1.8,0.5,129,15,,28.95,,0,0,0,68.5,69.3,67.8,0.25,0.19,0.23
SHER,2017-08-21 02:55:00 EDT,42.64026,-75.48370,1157,57.5,58.4,57.5,98.2,57.0,0.000,0.000,0.00,0.000,1.4,2.1,0.5,159,16,1.8,2.8,0.5,161,16,1.4,2.1,0.5,159,16,,28.95,,0,0,0,68.5,69.3,67.8,0.25,0.19,0.23
SHER,2017-08-21 03:00:00 EDT,42.64026,-75.48370,1157,57.8,58.4,57.8,98.3,57.3,0.000,0.000,0.00,0.000,1.4,2.3,0.4,155,18,1.8,2.9,0.4,155,20,1.4,2.3,0.4,155,18,,28.95,,0,0,0,68.3,69.3,67.8,0.25,0.19,0.23
SHER,2017-08-21 03:05:00 EDT,42.64026,-75.48370,1157,58.0,58.5,58.0,98.4,57.5,0.000,0.000,0.00,0.000,0.8,2.0,0.6,141,23,1.2,2.7,0.6,145,26,0.8,2.0,0.6,141,23,,28.96,,0,0,0,68.2,69.3,67.8,0.25,0.19,0.23
SHER,2017-08-21 03:10:00 EDT,42.64026,-75.48370,1157,58.0,58.4,58.0,98.4,57.6,0.000,0.000,0.00,0.000,1.4,1.8,0.2,137,20,1.6,2.2,0.2,137,20,1.4,1.8,0.2,137,20,,28.95,,0,0,0,68.2,69.3,67.8,0.25,0.19,0.23
SHER,2017-08-21 03:15:00 EDT,42.64026,-75.48370,1157,57.7,58.2,57.7,98.4,57.2,0.000,0.000,0.00,0.000,1.8,2.3,0.2,136,6,1.8,2.5,0.3,136,7,1.8,2.3,0.2,136,6,,28.95,,0,0,0,68.2,69.3,67.8,0.25,0.19,0.23
SHER,2017-08-21 03:20:00 EDT,42.64026,-75.48370,1157,57.7,58.1,57.7,98.4,57.2,0.000,0.000,0.00,0.000,1.4,2.7,0.4,121,12,1.6,2.7,0.4,122,14,1.4,2.7,0.4,121,12,,28.95,,0,0,0,68.2,69.3,67.8,0.25,0.19,0.23
SHER,2017-08-21 03:25:00 EDT,42.64026,-75.48370,1157,57.1,57.8,57.1,98.3,56.7,0.000,0.000,0.00,0.000,1.8,2.5,0.4,143,7,1.8,2.7,0.4,143,7,1.8,2.5,0.4,143,7,,28.95,,0,0,0,68.2,69.3,67.8,0.25,0.19,0.23
SHER,2017-08-21 03:30:00 EDT,42.64026,-75.48370,1157,56.3,57.6,56.3,98.2,55.8,0.000,0.000,0.00,0.000,2.0,2.6,0.4,152,9,2.2,2.9,0.3,152,11,2.0,2.6,0.4,152,9,,28.95,,0,0,0,68.2,69.3,67.8,0.25,0.19,0.23
SHER,2017-08-21 03:35:00 EDT,42.64026,-75.48370,1157,56.6,58.1,56.6,98.5,56.2,0.000,0.000,0.00,0.000,0.7,1.2,0.2,162,12,1.1,1.7,0.3,164,19,0.7,1.2,0.2,162,12,,28.95,,0,0,0,68.2,69.3,67.8,0.25,0.19,0.23
SHER,2017-08-21 03:40:00 EDT,42.64026,-75.48370,1157,56.9,57.9,56.9,98.6,56.5,0.000,0.000,0.00,0.000,1.7,2.8,0.5,125,20,1.8,3.1,0.5,126,21,1.7,2.8,0.5,125,20,,28.95,,0,0,0,68.2,69.3,67.8,0.25,0.19,0.23
SHER,2017-08-21 03:45:00 EDT,42.64026,-75.48370,1157,57.4,58.2,57.4,98.7,57.0,0.000,0.000,0.00,0.000,2.0,2.6,0.3,113,18,2.2,3.3,0.5,113,18,2.0,2.6,0.3,113,18,,28.95,,0,0,0,68.1,69.3,67.8,0.25,0.19,0.23
SHER,2017-08-21 03:50:00 EDT,42.64026,-75.48370,1157,57.7,59.4,57.7,98.7,57.3,0.000,0.000,0.00,0.000,1.2,2.7,0.6,94,20,1.6,3.8,0.7,95,22,1.2,2.7,0.6,94,20,,28.95,,0,0,0,67.9,69.3,67.8,0.25,0.19,0.23
SHER,2017-08-21 03:55:00 EDT,42.64026,-75.48370,1157,56.1,58.6,56.1,98.3,55.7,0.000,0.000,0.00,0.000,1.6,2.8,0.7,114,16,1.9,3.2,0.6,116,19,1.6,2.8,0.7,114,16,,28.95,,0,0,0,67.8,69.3,67.8,0.25,0.19,0.23
SHER,2017-08-21 04:00:00 EDT,42.64026,-75.48370,1157,55.9,57.1,55.9,98.3,55.4,0.000,0.000,0.00,0.000,2.7,4.2,0.7,138,8,2.8,4.6,0.8,140,7,2.7,4.2,0.7,138,8,,28.95,,0,0,0,67.8,69.3,67.8,0.25,0.19,0.23
SHER,2017-08-21 04:05:00 EDT,42.64026,-75.48370,1157,56.2,57.7,56.2,98.6,55.8,0.000,0.000,0.00,0.000,2.1,3.8,1.0,152,7,2.4,4.1,0.9,153,8,2.1,3.8,1.0,152,7,,28.95,,0,0,0,67.8,69.3,67.8,0.25,0.19,0.23
SHER,2017-08-21 04:10:00 EDT,42.64026,-75.48370,1157,56.3,57.6,56.3,98.7,56.0,0.000,0.000,0.00,0.000,1.7,2.8,0.4,181,9,2.0,3.0,0.4,184,12,1.7,2.8,0.4,181,9,,28.95,,0,0,0,67.8,69.3,67.8,0.25,0.19,0.23
SHER,2017-08-21 04:15:00 EDT,42.64026,-75.48370,1157,56.5,57.3,56.5,98.7,56.2,0.000,0.000,0.00,0.000,1.8,2.8,0.4,170,11,2.1,3.6,0.4,172,12,1.8,2.8,0.4,170,11,,28.96,,0,0,0,67.8,69.3,67.8,0.25,0.19,0.23
SHER,2017-08-21 04:20:00 EDT,42.64026,-75.48370,1157,56.8,57.4,56.8,98.7,56.4,0.000,0.000,0.00,0.000,1.3,2.2,0.4,141,24,1.6,2.9,0.5,142,25,1.3,2.2,0.4,141,24,,28.96,,0,0,0,67.8,69.2,67.9,0.25,0.19,0.23
SHER,2017-08-21 04:25:00 EDT,42.64026,-75.48370,1157,57.0,57.5,57.0,98.8,56.7,0.000,0.000,0.00,0.000,1.6,2.3,0.3,122,13,1.8,2.5,0.3,123,14,1.6,2.3,0.3,122,13,,28.95,,0,0,0,67.8,69.2,67.8,0.25,0.19,0.23
SHER,2017-08-21 04:30:00 EDT,42.64026,-75.48370,1157,56.7,57.4,56.7,98.7,56.4,0.000,0.000,0.00,0.000,1.6,2.3,0.3,132,13,1.7,2.6,0.3,133,11,1.6,2.3,0.3,132,13,,28.95,,0,0,0,67.8,69.2,67.8,0.25,0.19,0.23
SHER,2017-08-21 04:35:00 EDT,42.64026,-75.48370,1157,55.9,56.7,55.9,98.5,55.5,0.000,0.000,0.00,0.000,1.2,1.8,0.2,131,8,1.2,1.6,0.2,132,9,1.2,1.8,0.2,131,8,,28.96,,0,0,0,67.8,69.1,67.8,0.25,0.19,0.23
SHER,2017-08-21 04:40:00 EDT,42.64026,-75.48370,1157,55.6,56.8,55.6,98.6,55.2,0.000,0.000,0.00,0.000,1.2,2.3,0.4,154,20,1.4,3.3,0.5,158,23,1.2,2.3,0.4,154,20,,28.96,,0,0,0,67.8,69.1,67.8,0.25,0.19,0.23
SHER,2017-08-21 04:45:00 EDT,42.64026,-75.48370,1157,55.7,57.2,55.7,98.7,55.3,0.000,0.000,0.00,0.000,1.4,2.2,0.6,170,11,1.6,2.8,0.6,169,17,1.4,2.2,0.6,170,11,,28.96,,0,0,0,67.6,69.0,67.8,0.25,0.19,0.23
SHER,2017-08-21 04:50:00 EDT,42.64026,-75.48370,1157,57.0,58.1,57.0,98.9,56.7,0.000,0.000,0.00,0.000,1.5,3.7,0.8,163,26,2.0,4.8,1.0,158,28,1.5,3.7,0.8,163,26,,28.96,,0,0,0,67.5,68.9,67.8,0.25,0.19,0.23
SHER,2017-08-21 04:55:00 EDT,42.64026,-75.48370,1157,57.3,57.5,57.3,98.9,57.0,0.000,0.000,0.00,0.000,0.7,2.2,0.6,155,18,1.2,2.9,0.6,151,28,0.7,2.2,0.6,155,18,,28.96,,0,0,0,67.5,68.9,67.8,0.25,0.19,0.23
SHER,2017-08-21 05:00:00 EDT,42.64026,-75.48370,1157,56.0,57.0,56.0,98.7,55.6,0.000,0.000,0.00,0.000,1.9,2.5,0.2,154,9,2.1,2.9,0.3,155,11,1.9,2.5,0.2,154,9,,28.96,,0,0,0,67.5,68.9,67.8,0.25,0.19,0.23
SHER,2017-08-21 05:05:00 EDT,42.64026,-75.48370,1157,55.7,56.8,55.7,98.7,55.3,0.000,0.000,0.00,0.000,1.7,2.4,0.4,138,9,1.7,2.9,0.4,139,9,1.7,2.4,0.4,138,9,,28.96,,0,0,0,67.5,68.9,67.8,0.25,0.19,0.23
SHER,2017-08-21 05:10:00 EDT,42.64026,-75.48370,1157,55.7,56.9,55.7,98.8,55.4,0.000,0.000,0.00,0.000,1.6,2.0,0.2,154,10,1.9,2.8,0.3,156,12,1.6,2.0,0.2,154,10,,28.96,,0,0,0,67.5,68.9,67.8,0.25,0.19,0.23
SHER,2017-08-21 05:15:00 EDT,42.64026,-75.48370,1157,55.8,56.9,55.8,98.8,55.4,0.000,0.000,0.00,0.000,1.6,2.5,0.4,159,13,1.9,3.3,0.6,160,15,1.6,2.5,0.4,159,13,,28.96,,0,0,0,67.5,68.9,67.8,0.25,0.19,0.23
SHER,2017-08-21 05:20:00 EDT,42.64026,-75.48370,1157,56.4,57.0,56.4,98.9,56.1,0.000,0.000,0.00,0.000,1.1,2.0,0.4,133,20,1.4,2.3,0.4,133,22,1.1,2.0,0.4,133,20,,28.96,,0,0,0,67.5,68.9,67.8,0.25,0.19,0.23
SHER,2017-08-21 05:25:00 EDT,42.64026,-75.48370,1157,56.5,57.0,56.5,98.9,56.2,0.000,0.000,0.00,0.000,1.0,1.7,0.4,135,21,1.3,2.4,0.4,137,22,1.0,1.7,0.4,135,21,,28.96,,0,0,0,67.5,68.9,67.8,0.25,0.19,0.23
SHER,2017-08-21 05:30:00 EDT,42.64026,-75.48370,1157,56.0,56.9,56.0,98.9,55.7,0.000,0.000,0.00,0.000,1.5,2.3,0.4,138,13,1.7,3.1,0.4,138,15,1.5,2.3,0.4,138,13,,28.96,,0,0,0,67.5,68.9,67.8,0.25,0.19,0.23
SHER,2017-08-21 05:35:00 EDT,42.64026,-75.48370,1157,55.8,57.1,55.8,98.8,55.4,0.000,0.000,0.00,0.000,1.2,2.0,0.4,129,12,1.4,2.4,0.3,126,16,1.2,2.0,0.4,129,12,,28.96,,0,0,0,67.4,68.9,67.8,0.25,0.19,0.23
SHER,2017-08-21 05:40:00 EDT,42.64026,-75.48370,1157,55.3,57.1,55.3,98.8,55.0,0.000,0.000,0.00,0.000,1.0,2.3,0.7,123,14,1.4,2.4,0.4,124,12,1.0,2.3,0.7,123,14,,28.96,,0,0,0,67.3,68.9,67.8,0.25,0.19,0.23
SHER,2017-08-21 05:45:00 EDT,42.64026,-75.48370,1157,54.9,56.3,54.9,98.7,54.5,0.000,0.000,0.00,0.000,1.7,2.4,0.5,149,14,1.9,2.9,0.5,153,15,1.7,2.4,0.5,149,14,,28.96,,0,0,0,67.1,68.9,67.8,0.25,0.19,0.23
SHER,2017-08-21 05:50:00 EDT,42.64026,-75.48370,1157,55.3,56.7,55.3,98.9,55.0,0.000,0.000,0.00,0.000,1.2,2.1,0.2,131,8,1.4,2.8,0.3,131,10,1.2,2.1,0.2,131,8,,28.96,,0,0,0,67.1,68.9,67.8,0.25,0.19,0.23
SHER,2017-08-21 05:55:00 EDT,42.64026,-75.48370,1157,55.9,57.0,55.9,99.0,55.6,0.000,0.000,0.00,0.000,1.4,2.6,0.4,128,16,1.6,2.8,0.4,129,14,1.4,2.6,0.4,128,16,,28.96,,0,0,0,67.1,68.9,67.8,0.25,0.19,0.23
SHER,2017-08-21 06:00:00 EDT,42.64026,-75.48370,1157,56.3,57.0,56.3,99.0,56.0,0.000,0.000,0.00,0.000,1.9,2.9,0.5,137,14,2.1,3.4,0.5,137,15,1.9,2.9,0.5,137,14,,28.96,,0,0,0,67.1,68.9,67.8,0.25,0.19,0.23
SHER,2017-08-21 06:05:00 EDT,42.64026,-75.48370,1157,56.4,57.1,56.4,99.0,56.1,0.000,0.000,0.00,0.000,1.2,2.0,0.3,144,20,1.5,2.3,0.3,145,19,1.2,2.0,0.3,144,20,,28.96,,0,0,0,67.1,68.9,67.8,0.25,0.19,0.23
SHER,2017-08-21 06:10:00 EDT,42.64026,-75.48370,1157,56.4,57.4,56.4,99.0,56.1,0.000,0.000,0.00,0.000,0.9,2.0,0.7,136,20,1.3,2.6,0.6,128,33,0.9,2.0,0.7,136,20,,28.96,,0,0,0,67.1,68.9,67.8,0.25,0.19,0.23
SHER,2017-08-21 06:15:00 EDT,42.64026,-75.48370,1157,56.1,57.5,56.1,98.9,55.8,0.000,0.000,0.00,0.000,0.6,1.2,0.3,105,19,1.1,1.8,0.3,111,23,0.6,1.2,0.3,105,19,,28.96,,0,0,0,67.1,68.8,67.8,0.25,0.19,0.23
SHER,2017-08-21 06:20:00 EDT,42.64026,-75.48370,1157,55.0,56.8,55.0,98.7,54.7,0.000,0.000,0.00,0.000,2.0,2.8,0.4,111,8,2.2,3.4,0.4,114,10,2.0,2.8,0.4,111,8,,28.96,,0,0,0,67.1,68.7,67.8,0.25,0.19,0.23
SHER,2017-08-21 06:25:00 EDT,42.64026,-75.48370,1157,54.9,56.6,54.9,98.8,54.5,0.000,0.000,0.00,0.000,1.5,2.2,0.3,112,11,1.8,2.6,0.4,115,11,1.5,2.2,0.3,112,11,,28.96,,0,0,0,67.1,68.6,67.8,0.25,0.19,0.23
SHER,2017-08-21 06:30:00 EDT,42.64026,-75.48370,1157,54.4,56.1,54.4,98.8,54.1,0.000,0.000,0.00,0.000,1.9,2.6,0.4,131,9,1.9,2.8,0.4,134,10,1.9,2.6,0.4,131,9,,28.96,,0,0,0,67.1,68.6,67.8,0.25,0.19,0.23
SHER,2017-08-21 06:35:00 EDT,42.64026,-75.48370,1157,55.2,56.4,55.2,99.0,54.9,0.000,0.000,0.00,0.000,1.2,1.6,0.3,161,14,1.5,2.2,0.3,164,15,1.2,1.6,0.3,161,14,,28.96,,0,0,0,67.0,68.5,67.8,0.25,0.19,0.23
SHER,2017-08-21 06:40:00 EDT,42.64026,-75.48370,1157,55.4,56.3,55.4,99.0,55.1,0.000,0.000,0.00,0.000,0.9,1.6,0.3,151,19,1.3,2.0,0.4,151,23,0.9,1.6,0.3,151,19,,28.96,,0,0,0,66.7,68.5,67.8,0.25,0.19,0.23
SHER,2017-08-21 06:45:00 EDT,42.64026,-75.48370,1157,55.8,56.3,55.8,99.0,55.6,0.000,0.000,0.00,0.000,1.1,2.0,0.4,117,26,1.5,2.4,0.4,118,28,1.1,2.0,0.4,117,26,,28.96,,0,0,0,66.7,68.5,67.8,0.25,0.19,0.23
SHER,2017-08-21 06:50:00 EDT,42.64026,-75.48370,1157,56.1,56.4,56.1,99.0,55.8,0.000,0.000,0.00,0.000,1.6,2.6,0.4,123,18,1.9,3.4,0.4,125,20,1.6,2.6,0.4,123,18,,28.96,,0,0,0,66.7,68.5,67.8,0.25,0.19,0.23
SHER,2017-08-21 06:55:00 EDT,42.64026,-75.48370,1157,55.7,56.4,55.7,98.9,55.4,0.000,0.000,0.00,0.000,1.5,2.3,0.4,142,5,1.6,2.6,0.4,143,8,1.5,2.3,0.4,142,5,,28.96,,0,0,0,66.7,68.5,67.8,0.25,0.19,0.23
SHER,2017-08-21 07:00:00 EDT,42.64026,-75.48370,1157,55.7,56.2,55.7,98.9,55.3,0.000,0.000,0.00,0.000,0.2,1.5,0.3,160,8,0.6,1.7,0.5,149,24,0.2,1.5,0.3,160,8,,28.96,,0,0,0,66.7,68.5,67.8,0.25,0.19,0.23
SHER,2017-08-21 07:05:00 EDT,42.64026,-75.48370,1157,56.1,56.5,56.1,98.9,55.8,0.000,0.000,0.00,0.000,1.7,2.8,0.5,179,15,2.0,3.4,0.5,183,19,1.7,2.8,0.5,179,15,,28.96,,0,0,0,66.7,68.5,67.8,0.25,0.19,0.23
SHER,2017-08-21 07:10:00 EDT,42.64026,-75.48370,1157,55.9,56.2,55.9,98.9,55.6,0.000,0.000,0.00,0.000,1.4,2.1,0.4,142,14,1.6,2.7,0.4,142,16,1.4,2.1,0.4,142,14,,28.96,,0,0,0,66.7,68.5,67.8,0.25,0.19,0.23
SHER,2017-08-21 07:15:00 EDT,42.64026,-75.48370,1157,56.3,56.4,56.3,98.9,56.0,0.000,0.000,0.00,0.000,1.1,2.1,0.5,131,21,1.4,2.7,0.5,133,27,1.1,2.1,0.5,131,21,,28.97,,0,0,0,66.7,68.5,67.8,0.25,0.19,0.23
SHER,2017-08-21 07:20:00 EDT,42.64026,-75.48370,1157,56.6,56.7,56.6,98.9,56.3,0.000,0.000,0.00,0.000,1.0,1.8,0.4,121,13,1.3,2.4,0.4,119,13,1.0,1.8,0.4,121,13,,28.96,,0,0,0,66.7,68.5,67.8,0.25,0.19,0.23
SHER,2017-08-21 07:25:00 EDT,42.64026,-75.48370,1157,56.9,56.9,56.9,98.9,56.6,0.000,0.000,0.00,0.000,1.3,1.8,0.3,155,17,1.6,2.1,0.3,161,18,1.3,1.8,0.3,155,17,,28.97,,0,0,0,66.7,68.5,67.8,0.25,0.19,0.23
SHER,2017-08-21 07:30:00 EDT,42.64026,-75.48370,1157,57.0,56.9,57.0,98.8,56.7,0.000,0.000,0.00,0.000,1.4,2.3,0.5,175,15,1.8,2.8,0.5,181,18,1.4,2.3,0.5,175,15,,28.97,,0,0,0,66.7,68.5,67.8,0.25,0.19,0.23
SHER,2017-08-21 07:35:00 EDT,42.64026,-75.48370,1157,57.2,57.2,57.2,98.8,56.9,0.000,0.000,0.00,0.000,0.9,1.8,0.5,199,12,1.2,2.0,0.4,201,16,0.9,1.8,0.5,199,12,,28.97,,0,0,0,66.7,68.5,67.8,0.25,0.19,0.23
SHER,2017-08-21 07:40:00 EDT,42.64026,-75.48370,1157,57.5,57.6,57.5,98.8,57.2,0.000,0.000,0.00,0.000,0.5,1.3,0.5,162,26,0.9,2.4,0.6,157,38,0.5,1.3,0.5,162,26,,28.97,,0,0,0,66.7,68.5,67.8,0.25,0.19,0.23
SHER,2017-08-21 07:45:00 EDT,42.64026,-75.48370,1157,58.3,58.1,58.3,98.8,57.9,0.000,0.000,0.00,0.000,0.2,1.1,0.3,35,20,0.6,1.7,0.5,39,34,0.2,1.1,0.3,35,20,,28.97,,0,0,0,66.7,68.5,67.8,0.25,0.19,0.23
SHER,2017-08-21 07:50:00 EDT,42.64026,-75.48370,1157,58.8,58.8,58.8,98.7,58.4,0.000,0.000,0.00,0.000,0.1,1.1,0.3,348,20,0.5,1.7,0.5,354,36,0.1,1.1,0.3,348,20,,28.97,,0,0,0,66.7,68.5,67.8,0.25,0.19,0.23
SHER,2017-08-21 07:55:00 EDT,42.64026,-75.48370,1157,59.2,59.1,59.2,98.7,58.9,0.000,0.000,0.00,0.000,0.1,0.6,0.1,327,0,0.4,1.1,0.4,329,21,0.1,0.6,0.1,327,0,,28.97,,0,0,0,66.7,68.5,67.8,0.25,0.19,0.23
SHER,2017-08-21 08:00:00 EDT,42.64026,-75.48370,1157,59.4,59.1,59.4,98.6,59.0,0.000,0.000,0.00,0.000,0.4,1.4,0.4,284,24,0.8,2.0,0.6,313,36,0.4,1.4,0.4,284,24,,28.97,,0,0,0,66.7,68.5,67.8,0.25,0.19,0.23
SHER,2017-08-21 08:05:00 EDT,42.64026,-75.48370,1157,59.3,59.3,59.3,98.5,58.9,0.000,0.000,0.00,0.000,0.4,1.3,0.4,354,19,0.9,1.8,0.5,345,31,0.4,1.3,0.4,354,19,,28.97,,0,0,0,66.7,68.5,67.8,0.25,0.19,0.23
SHER,2017-08-21 08:10:00 EDT,42.64026,-75.48370,1157,59.7,59.5,59.7,98.5,59.2,0.000,0.000,0.00,0.000,0.2,1.5,0.4,19,22,0.6,1.6,0.6,353,26,0.2,1.5,0.4,19,22,,28.97,,0,0,0,66.7,68.5,67.8,0.25,0.19,0.23
SHER,2017-08-21 08:15:00 EDT,42.64026,-75.48370,1157,60.0,60.0,60.0,98.5,59.6,0.000,0.000,0.00,0.000,0.4,1.2,0.4,284,46,0.9,2.0,0.6,297,45,0.4,1.2,0.4,284,46,,28.97,,0,0,0,66.7,68.5,67.8,0.25,0.19,0.23
SHER,2017-08-21 08:20:00 EDT,42.64026,-75.48370,1157,60.5,60.1,60.5,98.4,60.0,0.000,0.000,0.00,0.000,0.9,2.2,0.6,291,35,1.2,2.6,0.7,303,37,0.9,2.2,0.6,291,35,,28.97,,0,0,0,66.7,68.5,67.8,0.25,0.19,0.23
SHER,2017-08-21 08:25:00 EDT,42.64026,-75.48370,1157,60.6,60.5,60.6,98.3,60.1,0.000,0.000,0.00,0.000,0.7,1.6,0.5,315,40,1.1,2.3,0.6,320,39,0.7,1.6,0.5,315,40,,28.97,,0,0,0,66.7,68.5,67.8,0.25,0.19,0.23
SHER,2017-08-21 08:30:00 EDT,42.64026,-75.48370,1157,61.2,60.9,61.2,98.1,60.7,0.000,0.000,0.00,0.000,0.5,1.4,0.5,238,15,0.8,1.9,0.6,247,25,0.5,1.4,0.5,238,15,,28.97,,0,0,0,66.7,68.5,67.8,0.25,0.19,0.23
SHER,2017-08-21 08:35:00 EDT,42.64026,-75.48370,1157,61.1,61.2,61.1,97.9,60.5,0.000,0.000,0.00,0.000,0.2,1.0,0.3,242,29,0.6,1.8,0.5,224,44,0.2,1.0,0.3,242,29,,28.97,,0,0,0,66.7,68.4,67.8,0.25,0.19,0.23
SHER,2017-08-21 08:40:00 EDT,42.64026,-75.48370,1157,61.4,61.1,61.4,97.5,60.6,0.000,0.000,0.00,0.000,1.5,2.5,0.6,231,17,1.7,3.6,0.7,233,19,1.5,2.5,0.6,231,17,,28.97,,0,0,0,66.8,68.3,67.8,0.25,0.19,0.23
SHER,2017-08-21 08:45:00 EDT,42.64026,-75.48370,1157,62.0,61.9,62.0,97.2,61.2,0.000,0.000,0.00,0.000,0.8,2.8,0.7,200,19,1.3,2.9,0.7,205,28,0.8,2.8,0.7,200,19,,28.96,,0,0,0,66.9,68.2,67.8,0.25,0.19,0.23
SHER,2017-08-21 08:50:00 EDT,42.64026,-75.48370,1157,62.0,61.8,62.0,96.3,60.9,0.000,0.000,0.00,0.000,1.4,3.6,1.0,208,26,1.7,4.4,1.1,208,27,1.4,3.6,1.0,208,26,,28.96,,0,0,0,67.1,68.2,67.8,0.25,0.19,0.23
SHER,2017-08-21 08:55:00 EDT,42.64026,-75.48370,1157,62.0,61.8,62.0,95.2,60.6,0.000,0.000,0.00,0.000,0.6,2.0,0.5,230,32,0.9,2.3,0.6,237,40,0.6,2.0,0.5,230,32,,28.96,,0,0,0,67.1,68.2,67.8,0.25,0.19,0.23
SHER,2017-08-21 09:00:00 EDT,42.64026,-75.48370,1157,63.1,62.5,63.1,94.7,61.5,0.000,0.000,0.00,0.000,0.4,1.4,0.4,358,33,1.0,2.6,0.6,13,43,0.4,1.4,0.4,358,33,,28.96,,0,0,0,67.1,68.2,67.8,0.25,0.19,0.23
SHER,2017-08-21 09:05:00 EDT,42.64026,-75.48370,1157,64.5,63.4,64.5,91.8,62.1,0.000,0.000,0.00,0.000,0.3,1.9,0.5,257,13,0.9,2.4,0.6,267,38,0.3,1.9,0.5,257,13,,28.96,,0,0,0,67.1,68.2,67.8,0.25,0.19,0.23
SHER,2017-08-21 09:10:00 EDT,42.64026,-75.48370,1157,65.9,63.7,65.9,89.6,62.8,0.000,0.000,0.00,0.000,0.3,1.9,0.4,257,25,0.7,1.7,0.5,268,44,0.3,1.9,0.4,257,25,,28.96,,0,0,0,67.1,68.2,67.8,0.25,0.19,0.23
SHER,2017-08-21 09:15:00 EDT,42.64026,-75.48370,1157,66.4,64.1,66.4,86.7,62.3,0.000,0.000,0.00,0.000,0.9,2.3,0.7,258,17,1.4,2.9,0.6,265,22,0.9,2.3,0.7,258,17,,28.96,,0,0,0,67.1,68.2,67.8,0.25,0.19,0.23
SHER,2017-08-21 09:20:00 EDT,42.64026,-75.48370,1157,66.8,63.9,66.8,83.2,61.6,0.000,0.000,0.00,0.000,1.2,3.1,0.7,246,20,1.5,3.4,0.7,256,21,1.2,3.1,0.7,246,20,,28.96,,0,0,0,67.1,68.2,67.8,0.25,0.19,0.23
SHER,2017-08-21 09:25:00 EDT,42.64026,-75.48370,1157,67.9,64.6,67.9,83.4,62.7,0.000,0.000,0.00,0.000,1.1,3.1,0.9,240,18,1.4,3.1,0.8,247,27,1.1,3.1,0.9,240,18,,28.96,,0,0,0,67.4,68.2,67.8,0.25,0.19,0.23
SHER,2017-08-21 09:30:00 EDT,42.64026,-75.48370,1157,68.2,65.2,68.2,83.1,62.8,0.000,0.000,0.00,0.000,0.7,1.8,0.6,251,19,1.1,2.7,0.7,256,27,0.7,1.8,0.6,251,19,,28.95,,0,0,0,67.5,68.2,67.8,0.25,0.19,0.23
SHER,2017-08-21 09:35:00 EDT,42.64026,-75.48370,1157,68.6,68.0,68.6,79.7,62.1,0.000,0.000,0.00,0.000,1.1,2.6,0.6,225,24,1.4,3.6,0.6,233,26,1.1,2.6,0.6,225,24,,28.96,,0,0,0,67.5,68.2,67.8,0.25,0.19,0.23
SHER,2017-08-21 09:40:00 EDT,42.64026,-75.48370,1157,69.1,69.0,69.1,79.0,62.3,0.000,0.000,0.00,0.000,0.9,3.1,0.9,216,17,1.5,3.4,0.9,225,21,0.9,3.1,0.9,216,17,,28.96,,0,0,0,67.5,68.2,67.8,0.25,0.19,0.23
SHER,2017-08-21 09:45:00 EDT,42.64026,-75.48370,1157,69.8,69.2,69.8,79.6,63.2,0.000,0.000,0.00,0.000,1.3,4.3,1.1,210,26,1.6,5.2,1.2,215,27,1.3,4.3,1.1,210,26,,28.96,,0,0,0,67.5,68.2,67.8,0.25,0.19,0.23
SHER,2017-08-21 09:50:00 EDT,42.64026,-75.48370,1157,70.7,69.6,70.7,79.4,64.0,0.000,0.000,0.00,0.000,2.5,4.6,0.8,182,13,2.8,5.0,0.9,187,13,2.5,4.6,0.8,182,13,,28.96,,0,0,0,67.8,68.2,67.8,0.25,0.19,0.23
SHER,2017-08-21 09:55:00 EDT,42.64026,-75.48370,1157,71.1,70.6,71.1,78.2,64.0,0.000,0.000,0.00,0.000,1.5,3.9,0.8,235,41,2.0,5.3,1.0,244,40,1.5,3.9,0.8,235,41,,28.96,,0,0,0,67.8,68.2,67.8,0.25,0.19,0.23
SHER,2017-08-21 10:00:00 EDT,42.64026,-75.48370,1157,71.4,71.0,71.4,76.1,63.4,0.000,0.000,0.00,0.000,1.4,3.1,0.8,241,26,1.7,3.4,0.8,246,31,1.4,3.1,0.8,241,26,,28.96,,0,0,0,67.8,68.2,67.8,0.25,0.19,0.23
SHER,2017-08-21 10:05:00 EDT,42.64026,-75.48370,1157,71.3,70.9,71.3,74.9,62.9,0.000,0.000,0.00,0.000,2.9,4.5,0.9,228,15,3.1,5.8,1.1,232,15,2.9,4.5,0.9,228,15,,28.96,,0,0,0,67.8,68.2,67.8,0.25,0.19,0.23
SHER,2017-08-21 10:10:00 EDT,42.64026,-75.48370,1157,71.6,71.3,71.6,76.4,63.8,0.000,0.000,0.00,0.000,1.8,3.6,0.7,235,35,2.3,4.0,0.8,242,37,1.8,3.6,0.7,235,35,,28.96,,0,0,0,68.1,68.2,67.8,0.25,0.19,0.23
SHER,2017-08-21 10:15:00 EDT,42.64026,-75.48370,1157,72.2,71.5,72.2,76.1,64.2,0.000,0.000,0.00,0.000,0.9,3.3,0.9,246,25,1.3,3.7,0.9,256,33,0.9,3.3,0.9,246,25,,28.96,,0,0,0,68.2,68.1,67.8,0.25,0.19,0.23
SHER,2017-08-21 10:20:00 EDT,42.64026,-75.48370,1157,72.1,71.8,72.1,74.3,63.4,0.000,0.000,0.00,0.000,0.7,2.3,0.7,249,21,1.4,4.7,0.8,263,39,0.7,2.3,0.7,249,21,,28.96,,0,0,0,68.2,68.1,67.8,0.25,0.19,0.23
SHER,2017-08-21 10:25:00 EDT,42.64026,-75.48370,1157,72.3,71.9,72.3,75.4,64.1,0.000,0.000,0.00,0.000,2.1,3.8,0.7,242,27,2.5,4.1,0.7,247,29,2.1,3.8,0.7,242,27,,28.96,,0,0,0,68.4,68.1,67.8,0.25,0.19,0.23
SHER,2017-08-21 10:30:00 EDT,42.64026,-75.48370,1157,72.2,71.9,72.2,74.6,63.7,0.000,0.000,0.00,0.000,1.1,2.5,0.6,184,16,1.5,2.9,0.6,186,20,1.1,2.5,0.6,184,16,,28.96,,0,0,0,68.5,68.0,67.8,0.25,0.19,0.23
SHER,2017-08-21 10:35:00 EDT,42.64026,-75.48370,1157,73.0,72.1,73.0,74.3,64.3,0.000,0.000,0.00,0.000,0.9,1.8,0.4,101,27,1.3,2.5,0.5,100,26,0.9,1.8,0.4,101,27,,28.96,,0,0,0,68.5,67.9,67.8,0.25,0.19,0.23
SHER,2017-08-21 10:40:00 EDT,42.64026,-75.48370,1157,73.2,72.3,73.2,75.1,64.8,0.000,0.000,0.00,0.000,1.3,2.6,0.5,37,46,1.8,3.7,0.6,32,44,1.3,2.6,0.5,37,46,,28.95,,0,0,0,68.5,67.9,67.8,0.25,0.19,0.23
SHER,2017-08-21 10:45:00 EDT,42.64026,-75.48370,1157,73.3,72.8,73.3,72.2,63.8,0.000,0.000,0.00,0.000,1.1,3.7,0.8,275,44,1.4,5.1,1.0,283,50,1.1,3.7,0.8,275,44,,28.95,,0,0,0,68.7,67.9,67.8,0.25,0.19,0.23
SHER,2017-08-21 10:50:00 EDT,42.64026,-75.48370,1157,73.8,73.5,73.8,71.5,64.0,0.000,0.000,0.00,0.000,1.1,4.2,0.8,109,39,1.5,5.4,0.9,103,42,1.1,4.2,0.8,109,39,,28.95,,0,0,0,68.9,67.9,67.8,0.25,0.19,0.23
SHER,2017-08-21 10:55:00 EDT,42.64026,-75.48370,1157,74.3,73.9,74.3,71.5,64.5,0.000,0.000,0.00,0.000,3.8,6.6,1.4,190,40,4.5,7.6,1.5,190,42,3.8,6.6,1.4,190,40,,28.95,,0,0,0,68.9,67.9,67.8,0.25,0.19,0.23
SHER,2017-08-21 11:00:00 EDT,42.64026,-75.48370,1157,74.9,74.3,74.9,71.9,65.2,0.000,0.000,0.00,0.000,4.5,7.3,1.3,156,17,5.0,7.7,1.4,159,17,4.5,7.3,1.3,156,17,,28.95,,0,0,0,68.9,67.9,67.8,0.25,0.19,0.23
SHER,2017-08-21 11:05:00 EDT,42.64026,-75.48370,1157,74.9,74.4,74.9,69.4,64.2,0.000,0.000,0.00,0.000,6.0,9.8,1.4,168,16,6.7,10.5,1.6,171,17,6.0,9.8,1.4,168,16,,28.95,,0,0,0,69.1,67.9,67.8,0.25,0.19,0.23
SHER,2017-08-21 11:10:00 EDT,42.64026,-75.48370,1157,74.9,74.5,74.9,68.9,64.0,0.000,0.000,0.00,0.000,6.7,12.6,2.8,159,17,7.5,13.4,2.7,164,17,6.7,12.6,2.8,159,17,,28.95,,0,0,0,69.3,67.8,67.8,0.25,0.20,0.23
SHER,2017-08-21 11:15:00 EDT,42.64026,-75.48370,1157,75.1,74.5,75.1,69.8,64.6,0.000,0.000,0.00,0.000,6.5,9.8,1.6,165,18,7.1,10.8,1.8,168,19,6.5,9.8,1.6,165,18,,28.95,,0,0,0,69.3,67.8,67.8,0.25,0.19,0.23
SHER,2017-08-21 11:20:00 EDT,42.64026,-75.48370,1157,75.1,74.5,75.1,69.8,64.6,0.000,0.000,0.00,0.000,7.2,10.7,1.7,167,19,8.2,12.3,1.9,169,19,7.2,10.7,1.7,167,19,,28.95,,0,0,0,69.3,67.8,67.8,0.25,0.19,0.23
SHER,2017-08-21 11:25:00 EDT,42.64026,-75.48370,1157,75.8,74.9,75.8,69.7,65.2,0.000,0.000,0.00,0.000,4.0,7.2,1.3,178,31,4.4,8.0,1.5,182,31,4.0,7.2,1.3,178,31,,28.94,,0,0,0,69.4,67.8,67.8,0.25,0.19,0.23
SHER,2017-08-21 11:30:00 EDT,42.64026,-75.48370,1157,75.5,74.9,75.5,68.7,64.5,0.000,0.000,0.00,0.000,5.2,8.8,1.6,153,24,5.9,9.6,1.7,156,25,5.2,8.8,1.6,153,24,,28.94,,0,0,0,69.6,67.9,67.8,0.25,0.19,0.23
SHER,2017-08-21 11:35:00 EDT,42.64026,-75.48370,1157,75.9,75.0,75.9,67.5,64.4,0.000,0.000,0.00,0.000,3.1,10.4,2.4,153,26,3.4,11.5,2.6,158,29,3.1,10.4,2.4,153,26,,28.93,,0,0,0,69.6,67.8,67.8,0.25,0.19,0.23
SHER,2017-08-21 11:40:00 EDT,42.64026,-75.48370,1157,76.0,75.4,76.0,66.9,64.2,0.000,0.000,0.00,0.000,4.2,11.4,2.7,198,19,4.9,12.5,2.6,202,20,4.2,11.4,2.7,198,19,,28.93,,0,0,0,69.7,67.9,67.8,0.25,0.19,0.23
SHER,2017-08-21 11:45:00 EDT,42.64026,-75.48370,1157,75.7,75.4,75.7,68.1,64.4,0.000,0.000,0.00,0.000,4.8,8.7,1.5,209,27,5.1,8.9,1.6,213,27,4.8,8.7,1.5,209,27,,28.93,,0,0,0,70.0,67.8,67.8,0.25,0.19,0.23
SHER,2017-08-21 11:50:00 EDT,42.64026,-75.48370,1157,75.9,75.6,75.9,68.4,64.7,0.000,0.000,0.00,0.000,3.4,6.6,1.6,214,27,3.8,7.2,1.6,221,26,3.4,6.6,1.6,214,27,,28.93,,0,0,0,70.0,67.8,67.8,0.25,0.19,0.23
SHER,2017-08-21 11:55:00 EDT,42.64026,-75.48370,1157,76.1,75.7,76.1,68.9,65.1,0.000,0.000,0.00,0.000,5.3,11.8,2.5,204,25,5.7,11.7,2.7,209,26,5.3,11.8,2.5,204,25,,28.94,,0,0,0,70.0,67.8,67.8,0.25,0.19,0.23
SHER,2017-08-21 12:00:00 EDT,42.64026,-75.48370,1157,76.0,75.7,76.0,66.3,63.9,0.000,0.000,0.00,0.000,6.8,12.2,2.5,200,19,7.4,13.4,2.7,202,18,6.8,12.2,2.5,200,19,,28.93,,0,0,0,70.1,67.9,67.8,0.25,0.19,0.23
SHER,2017-08-21 12:05:00 EDT,42.64026,-75.48370,1157,76.0,75.6,76.0,67.3,64.4,0.000,0.000,0.00,0.000,5.3,9.4,1.7,191,20,5.9,10.1,1.8,195,19,5.3,9.4,1.7,191,20,,28.93,,0,0,0,70.3,67.9,67.8,0.25,0.19,0.23
SHER,2017-08-21 12:10:00 EDT,42.64026,-75.48370,1157,76.1,75.8,76.1,67.2,64.5,0.000,0.000,0.00,0.000,5.4,10.1,1.9,184,11,5.9,11.6,2.0,188,10,5.4,10.1,1.9,184,11,,28.93,,0,0,0,70.3,67.9,67.8,0.25,0.19,0.23
SHER,2017-08-21 12:15:00 EDT,42.64026,-75.48370,1157,76.4,75.9,76.4,67.0,64.7,0.000,0.000,0.00,0.000,4.9,8.0,1.3,207,18,5.4,9.3,1.4,210,17,4.9,8.0,1.3,207,18,,28.93,,0,0,0,70.3,68.1,67.8,0.25,0.19,0.23
SHER,2017-08-21 12:20:00 EDT,42.64026,-75.48370,1157,77.2,76.4,77.2,66.6,65.2,0.000,0.000,0.00,0.000,4.9,8.0,1.4,235,23,5.3,9.0,1.5,239,23,4.9,8.0,1.4,235,23,,28.93,,0,0,0,70.3,68.0,67.8,0.25,0.19,0.23
SHER,2017-08-21 12:25:00 EDT,42.64026,-75.48370,1157,78.3,77.4,78.3,64.7,65.5,0.000,0.000,0.00,0.000,2.9,5.5,1.4,191,37,3.4,6.6,1.5,192,38,2.9,5.5,1.4,191,37,,28.93,,0,0,0,70.6,68.0,67.8,0.25,0.19,0.23
SHER,2017-08-21 12:30:00 EDT,42.64026,-75.48370,1157,78.4,77.2,78.4,61.4,64.0,0.000,0.000,0.00,0.000,5.6,9.4,1.7,205,21,6.0,10.2,1.7,208,21,5.6,9.4,1.7,205,21,,28.93,,0,0,0,70.7,68.1,67.8,0.24,0.19,0.23
SHER,2017-08-21 12:35:00 EDT,42.64026,-75.48370,1157,78.7,77.3,78.7,61.7,64.4,0.000,0.000,0.00,0.000,5.5,8.6,1.5,242,32,6.1,10.4,1.7,248,32,5.5,8.6,1.5,242,32,,28.93,,0,0,0,70.7,68.1,67.8,0.25,0.19,0.23
SHER,2017-08-21 12:40:00 EDT,42.64026,-75.48370,1157,78.7,77.7,78.7,61.7,64.4,0.000,0.000,0.00,0.000,3.2,7.7,1.9,236,19,3.5,9.1,2.0,239,25,3.2,7.7,1.9,236,19,,28.92,,0,0,0,70.8,68.2,67.8,0.25,0.19,0.23
SHER,2017-08-21 12:45:00 EDT,42.64026,-75.48370,1157,78.3,77.9,78.3,62.6,64.5,0.000,0.000,0.00,0.000,4.2,6.8,1.2,203,32,4.7,9.3,1.4,207,32,4.2,6.8,1.2,203,32,,28.92,,0,0,0,71.1,68.2,67.8,0.24,0.19,0.23
SHER,2017-08-21 12:50:00 EDT,42.64026,-75.48370,1157,77.8,77.5,77.8,60.1,62.8,0.000,0.000,0.00,0.000,6.8,11.4,2.2,197,14,7.4,12.3,2.3,201,15,6.8,11.4,2.2,197,14,,28.92,,0,0,0,71.1,68.2,67.8,0.24,0.19,0.23
SHER,2017-08-21 12:55:00 EDT,42.64026,-75.48370,1157,77.2,77.3,77.2,61.2,62.8,0.000,0.000,0.00,0.000,5.7,9.1,1.3,199,14,6.2,9.5,1.5,201,13,5.7,9.1,1.3,199,14,,28.92,,0,0,0,71.2,68.2,67.8,0.24,0.19,0.23
SHER,2017-08-21 13:00:00 EDT,42.64026,-75.48370,1157,78.1,77.6,78.1,64.2,65.0,0.000,0.000,0.00,0.000,6.2,9.4,1.4,167,16,6.8,10.5,1.4,170,14,6.2,9.4,1.4,167,16,,28.92,,0,0,0,71.4,68.2,67.8,0.24,0.19,0.23
SHER,2017-08-21 13:05:00 EDT,42.64026,-75.48370,1157,78.4,77.7,78.4,63.0,64.8,0.000,0.000,0.00,0.000,5.8,9.5,1.7,175,19,6.4,10.4,2.0,179,16,5.8,9.5,1.7,175,19,,28.92,,0,0,0,71.4,68.2,67.8,0.24,0.19,0.23
SHER,2017-08-21 13:10:00 EDT,42.64026,-75.48370,1157,78.9,78.0,78.9,62.6,65.0,0.000,0.000,0.00,0.000,5.7,9.1,1.4,195,16,6.4,11.8,1.7,199,14,5.7,9.1,1.4,195,16,,28.92,,0,0,0,71.4,68.2,67.8,0.25,0.19,0.23
SHER,2017-08-21 13:15:00 EDT,42.64026,-75.48370,1157,79.6,78.6,79.6,61.5,65.2,0.000,0.000,0.00,0.000,5.7,8.9,1.7,173,24,6.2,9.6,1.9,176,24,5.7,8.9,1.7,173,24,,28.92,,0,0,0,71.4,68.2,67.8,0.24,0.19,0.23
SHER,2017-08-21 13:20:00 EDT,42.64026,-75.48370,1157,79.6,78.9,79.6,57.8,63.5,0.000,0.000,0.00,0.000,4.0,9.6,2.0,221,36,4.4,10.5,2.1,224,38,4.0,9.6,2.0,221,36,,28.92,,0,0,0,71.7,68.2,67.8,0.24,0.19,0.23
SHER,2017-08-21 13:25:00 EDT,42.64026,-75.48370,1157,79.4,78.8,79.4,57.6,63.2,0.000,0.000,0.00,0.000,4.5,8.5,1.8,231,26,4.9,9.4,2.1,237,25,4.5,8.5,1.8,231,26,,28.92,,0,0,0,71.8,68.2,67.8,0.25,0.19,0.23
SHER,2017-08-21 13:30:00 EDT,42.64026,-75.48370,1157,79.6,78.8,79.6,60.4,64.7,0.000,0.000,0.00,0.000,4.6,8.5,1.7,175,21,5.0,9.9,1.9,179,21,4.6,8.5,1.7,175,21,,28.92,,0,0,0,71.8,68.2,67.8,0.24,0.19,0.23
SHER,2017-08-21 13:35:00 EDT,42.64026,-75.48370,1157,80.2,79.3,82.1,59.6,64.9,0.000,0.000,0.00,0.000,3.5,9.1,1.9,201,34,3.9,9.3,2.0,202,34,3.5,9.1,1.9,201,34,,28.92,,0,0,0,72.2,68.2,67.8,0.24,0.19,0.23
SHER,2017-08-21 13:40:00 EDT,42.64026,-75.48370,1157,79.1,78.7,79.1,57.7,62.9,0.000,0.000,0.00,0.000,4.6,8.3,1.3,200,29,4.9,9.7,1.5,205,30,4.6,8.3,1.3,200,29,,28.92,,0,0,0,72.3,68.2,67.8,0.24,0.19,0.23
SHER,2017-08-21 13:45:00 EDT,42.64026,-75.48370,1157,79.2,78.7,79.2,61.8,65.0,0.000,0.000,0.00,0.000,7.0,11.5,1.6,161,13,7.8,13.5,1.9,164,13,7.0,11.5,1.6,161,13,,28.91,,0,0,0,72.3,68.2,67.8,0.24,0.19,0.23
SHER,2017-08-21 13:50:00 EDT,42.64026,-75.48370,1157,79.4,78.9,79.4,62.9,65.7,0.000,0.000,0.00,0.000,4.8,7.9,1.4,165,15,5.4,8.6,1.4,169,15,4.8,7.9,1.4,165,15,,28.91,,0,0,0,72.4,68.2,67.7,0.24,0.19,0.23
SHER,2017-08-21 13:55:00 EDT,42.64026,-75.48370,1157,79.1,78.9,79.1,63.0,65.4,0.000,0.000,0.00,0.000,3.3,6.9,1.4,211,31,3.9,8.2,1.5,215,30,3.3,6.9,1.4,211,31,,28.91,,0,0,0,72.7,68.2,67.8,0.24,0.19,0.22
SHER,2017-08-21 14:00:00 EDT,42.64026,-75.48370,1157,78.7,78.7,78.7,61.9,64.5,0.000,0.000,0.00,0.000,5.8,9.6,1.6,212,24,6.3,10.7,1.7,214,24,5.8,9.6,1.6,212,24,,28.91,,0,0,0,72.7,68.2,67.8,0.24,0.19,0.23
SHER,2017-08-21 14:05:00 EDT,42.64026,-75.48370,1157,78.9,78.5,78.9,64.2,65.8,0.000,0.000,0.00,0.000,5.2,8.2,1.3,179,18,5.7,10.0,1.5,181,17,5.2,8.2,1.3,179,18,,28.90,,0,0,0,72.7,68.2,67.7,0.24,0.19,0.22
SHER,2017-08-21 14:10:00 EDT,42.64026,-75.48370,1157,78.3,78.3,78.3,64.5,65.4,0.000,0.000,0.00,0.000,4.2,7.2,1.3,170,16,4.7,8.4,1.4,174,16,4.2,7.2,1.3,170,16,,28.90,,0,0,0,72.7,68.3,67.7,0.24,0.19,0.23
SHER,2017-08-21 14:15:00 EDT,42.64026,-75.48370,1157,78.2,78.0,78.2,65.7,65.7,0.000,0.000,0.00,0.000,4.7,8.0,1.3,170,15,5.4,10.4,1.6,173,15,4.7,8.0,1.3,170,15,,28.90,,0,0,0,72.7,68.4,67.7,0.24,0.19,0.22
SHER,2017-08-21 14:20:00 EDT,42.64026,-75.48370,1157,78.1,78.2,78.1,64.3,65.1,0.000,0.000,0.00,0.000,5.7,9.3,1.3,164,15,6.4,10.4,1.5,167,14,5.7,9.3,1.3,164,15,,28.90,,0,0,0,72.7,68.5,67.7,0.24,0.19,0.22
SHER,2017-08-21 14:25:00 EDT,42.64026,-75.48370,1157,78.0,78.2,78.0,64.3,65.0,0.000,0.000,0.00,0.000,5.4,8.5,1.3,182,19,6.0,9.5,1.5,184,17,5.4,8.5,1.3,182,19,,28.90,,0,0,0,72.9,68.5,67.7,0.24,0.19,0.23
SHER,2017-08-21 14:30:00 EDT,42.64026,-75.48370,1157,78.0,78.3,78.0,64.2,64.9,0.000,0.000,0.00,0.000,5.2,9.1,1.6,170,16,5.9,10.0,1.8,172,16,5.2,9.1,1.6,170,16,,28.90,,0,0,0,73.0,68.5,67.7,0.24,0.19,0.22
SHER,2017-08-21 14:35:00 EDT,42.64026,-75.48370,1157,77.6,78.1,77.6,66.3,65.5,0.000,0.000,0.00,0.000,3.9,5.9,0.7,160,18,4.3,6.3,0.9,163,19,3.9,5.9,0.7,160,18,,28.89,,0,0,0,73.0,68.5,67.7,0.24,0.19,0.23
SHER,2017-08-21 14:40:00 EDT,42.64026,-75.48370,1157,77.4,78.0,77.4,67.0,65.6,0.000,0.000,0.00,0.000,3.8,5.9,1.1,155,14,4.2,6.8,1.3,158,15,3.8,5.9,1.1,155,14,,28.89,,0,0,0,73.0,68.5,67.7,0.24,0.19,0.23
SHER,2017-08-21 14:45:00 EDT,42.64026,-75.48370,1157,77.2,77.9,77.2,67.4,65.6,0.000,0.000,0.00,0.000,3.9,5.9,0.8,151,15,4.4,7.0,1.1,152,15,3.9,5.9,0.8,151,15,,28.89,,0,0,0,73.0,68.5,67.6,0.24,0.19,0.22
SHER,2017-08-21 14:50:00 EDT,42.64026,-75.48370,1157,76.9,77.7,76.9,67.3,65.3,0.000,0.000,0.00,0.000,4.0,6.0,0.9,161,19,4.5,7.4,1.1,162,20,4.0,6.0,0.9,161,19,,28.89,,0,0,0,73.0,68.5,67.7,0.24,0.19,0.23
SHER,2017-08-21 14:55:00 EDT,42.64026,-75.48370,1157,77.4,77.9,77.4,70.0,66.9,0.000,0.000,0.00,0.000,3.6,5.0,0.6,146,11,4.0,6.2,0.8,148,11,3.6,5.0,0.6,146,11,,28.89,,0,0,0,73.0,68.5,67.7,0.24,0.19,0.22
SHER,2017-08-21 15:00:00 EDT,42.64026,-75.48370,1157,77.4,77.9,77.4,67.5,65.8,0.000,0.000,0.00,0.000,4.4,6.9,1.0,130,17,4.8,8.0,1.2,131,18,4.4,6.9,1.0,130,17,,28.89,,0,0,0,73.0,68.5,67.6,0.24,0.19,0.22
SHER,2017-08-21 15:05:00 EDT,42.64026,-75.48370,1157,77.3,78.0,77.3,66.2,65.1,0.000,0.000,0.00,0.000,5.3,8.0,1.2,157,18,5.9,10.1,1.3,158,18,5.3,8.0,1.2,157,18,,28.89,,0,0,0,73.0,68.5,67.6,0.24,0.19,0.23
SHER,2017-08-21 15:10:00 EDT,42.64026,-75.48370,1157,77.0,77.9,77.0,65.3,64.4,0.000,0.000,0.00,0.000,5.2,9.4,1.8,164,16,5.8,10.2,2.0,166,17,5.2,9.4,1.8,164,16,,28.89,,0,0,0,73.0,68.5,67.5,0.24,0.19,0.23
SHER,2017-08-21 15:15:00 EDT,42.64026,-75.48370,1157,77.1,77.7,77.1,65.2,64.5,0.000,0.000,0.00,0.000,3.1,4.8,0.7,155,21,3.5,5.1,0.8,158,21,3.1,4.8,0.7,155,21,,28.89,,0,0,0,73.0,68.5,67.6,0.24,0.19,0.23
SHER,2017-08-21 15:20:00 EDT,42.64026,-75.48370,1157,77.3,77.8,77.3,65.2,64.7,0.000,0.000,0.00,0.000,3.9,6.1,0.8,164,19,4.3,6.8,1.1,164,19,3.9,6.1,0.8,164,19,,28.89,,0,0,0,73.0,68.5,67.6,0.24,0.19,0.23
SHER,2017-08-21 15:25:00 EDT,42.64026,-75.48370,1157,77.3,77.8,77.3,65.7,64.9,0.000,0.000,0.00,0.000,4.4,8.8,1.3,160,16,5.0,9.3,1.6,164,17,4.4,8.8,1.3,160,16,,28.89,,0,0,0,72.9,68.5,67.5,0.24,0.19,0.23
SHER,2017-08-21 15:30:00 EDT,42.64026,-75.48370,1157,77.2,77.7,77.2,66.3,65.1,0.000,0.000,0.00,0.000,4.8,9.4,2.1,177,17,5.4,11.5,2.3,181,15,4.8,9.4,2.1,177,17,,28.89,,0,0,0,72.8,68.5,67.5,0.24,0.19,0.23
SHER,2017-08-21 15:35:00 EDT,42.64026,-75.48370,1157,78.2,78.2,78.2,64.9,65.5,0.000,0.000,0.00,0.000,4.9,9.1,2.4,170,15,5.4,9.9,2.7,170,16,4.9,9.1,2.4,170,15,,28.89,,0,0,0,72.7,68.5,67.5,0.24,0.19,0.23
SHER,2017-08-21 15:40:00 EDT,42.64026,-75.48370,1157,79.0,78.8,79.0,62.5,65.1,0.000,0.000,0.00,0.000,3.6,10.0,2.7,195,19,4.3,13.6,2.9,196,20,3.6,10.0,2.7,195,19,,28.89,,0,0,0,72.7,68.5,67.5,0.24,0.19,0.23
SHER,2017-08-21 15:45:00 EDT,42.64026,-75.48370,1157,79.7,79.4,79.7,56.7,63.0,0.000,0.000,0.00,0.000,4.8,10.7,1.9,230,22,5.1,10.9,2.1,233,23,4.8,10.7,1.9,230,22,,28.89,,0,0,0,72.7,68.5,67.5,0.24,0.19,0.23
SHER,2017-08-21 15:50:00 EDT,42.64026,-75.48370,1157,79.8,79.5,79.8,56.7,63.1,0.000,0.000,0.00,0.000,6.1,13.0,2.2,224,17,6.5,13.7,2.2,229,18,6.1,13.0,2.2,224,17,,28.88,,0,0,0,72.8,68.5,67.5,0.24,0.19,0.23
SHER,2017-08-21 15:55:00 EDT,42.64026,-75.48370,1157,80.2,79.7,81.8,57.5,63.9,0.000,0.000,0.00,0.000,4.8,8.0,1.9,231,18,5.1,9.0,2.1,236,19,4.8,8.0,1.9,231,18,,28.88,,0,0,0,72.9,68.6,67.5,0.24,0.19,0.23
SHER,2017-08-21 16:00:00 EDT,42.64026,-75.48370,1157,80.2,79.8,81.9,58.4,64.3,0.000,0.000,0.00,0.000,6.3,9.9,1.3,220,24,6.9,11.9,1.6,226,23,6.3,9.9,1.3,220,24,,28.88,,0,0,0,73.0,68.7,67.5,0.24,0.19,0.23
SHER,2017-08-21 16:05:00 EDT,42.64026,-75.48370,1157,80.1,79.6,81.9,59.1,64.6,0.000,0.000,0.00,0.000,5.9,9.4,1.6,224,18,6.2,10.8,1.7,227,17,5.9,9.4,1.6,224,18,,28.88,,0,0,0,73.0,68.8,67.5,0.24,0.19,0.23
SHER,2017-08-21 16:10:00 EDT,42.64026,-75.48370,1157,79.5,79.3,79.5,60.2,64.5,0.000,0.000,0.00,0.000,6.3,10.4,1.7,227,15,6.6,12.0,1.7,232,16,6.3,10.4,1.7,227,15,,28.88,,0,0,0,73.0,68.9,67.5,0.24,0.19,0.23
SHER,2017-08-21 16:15:00 EDT,42.64026,-75.48370,1157,79.7,79.4,79.7,61.5,65.3,0.000,0.000,0.00,0.000,4.5,7.7,1.2,211,26,4.9,8.9,1.4,214,28,4.5,7.7,1.2,211,26,,28.88,,0,0,0,73.0,68.9,67.5,0.24,0.19,0.23
SHER,2017-08-21 16:20:00 EDT,42.64026,-75.48370,1157,80.4,79.9,82.4,61.2,65.8,0.000,0.000,0.00,0.000,4.9,9.0,1.6,227,22,5.4,9.9,1.8,229,25,4.9,9.0,1.6,227,22,,28.88,,0,0,0,73.0,68.9,67.5,0.24,0.19,0.23
SHER,2017-08-21 16:25:00 EDT,42.64026,-75.48370,1157,80.5,79.9,82.4,60.3,65.5,0.000,0.000,0.00,0.000,7.1,11.8,2.1,197,19,7.8,13.3,2.4,199,19,7.1,11.8,2.1,197,19,,28.88,,0,0,0,73.0,68.9,67.5,0.24,0.19,0.23
SHER,2017-08-21 16:30:00 EDT,42.64026,-75.48370,1157,80.2,79.7,82.0,59.6,64.9,0.000,0.000,0.00,0.000,7.1,10.2,1.7,201,13,7.8,11.5,1.8,204,11,7.1,10.2,1.7,201,13,,28.88,,0,0,0,73.1,68.9,67.5,0.24,0.19,0.23
SHER,2017-08-21 16:35:00 EDT,42.64026,-75.48370,1157,80.1,79.8,82.0,60.5,65.2,0.000,0.000,0.00,0.000,6.0,10.1,1.7,207,22,6.5,11.5,1.9,210,22,6.0,10.1,1.7,207,22,,28.88,,0,0,0,73.4,68.9,67.5,0.24,0.19,0.23
SHER,2017-08-21 16:40:00 EDT,42.64026,-75.48370,1157,79.9,79.6,79.9,60.7,65.1,0.000,0.000,0.00,0.000,4.4,7.2,1.3,214,24,4.8,8.1,1.3,218,25,4.4,7.2,1.3,214,24,,28.87,,0,0,0,73.4,68.9,67.5,0.24,0.19,0.23
SHER,2017-08-21 16:45:00 EDT,42.64026,-75.48370,1157,80.4,80.0,82.5,61.4,65.9,0.000,0.000,0.00,0.000,4.1,8.8,1.8,182,23,4.7,10.6,2.0,186,21,4.1,8.8,1.8,182,23,,28.87,,0,0,0,73.4,68.9,67.5,0.23,0.19,0.23
SHER,2017-08-21 16:50:00 EDT,42.64026,-75.48370,1157,80.5,80.2,82.7,62.0,66.3,0.000,0.000,0.00,0.000,7.6,12.3,2.2,205,17,8.0,13.3,2.2,208,17,7.6,12.3,2.2,205,17,,28.87,,0,0,0,73.4,68.9,67.5,0.23,0.19,0.23
SHER,2017-08-21 16:55:00 EDT,42.64026,-75.48370,1157,80.4,80.1,82.4,61.0,65.7,0.000,0.000,0.00,0.000,5.2,10.4,1.8,214,17,5.5,11.5,1.8,220,16,5.2,10.4,1.8,214,17,,28.87,,0,0,0,73.4,68.9,67.5,0.23,0.19,0.23
SHER,2017-08-21 17:00:00 EDT,42.64026,-75.48370,1157,80.4,80.1,82.5,62.0,66.2,0.000,0.000,0.00,0.000,6.0,10.0,1.8,203,25,6.8,10.8,1.9,204,25,6.0,10.0,1.8,203,25,,28.87,,0,0,0,73.4,68.9,67.5,0.23,0.19,0.23
SHER,2017-08-21 17:05:00 EDT,42.64026,-75.48370,1157,80.2,79.9,82.4,62.1,66.1,0.000,0.000,0.00,0.000,5.2,9.0,1.5,196,19,6.0,9.6,1.6,200,17,5.2,9.0,1.5,196,19,,28.88,,0,0,0,73.4,68.9,67.5,0.23,0.19,0.23
SHER,2017-08-21 17:10:00 EDT,42.64026,-75.48370,1157,80.4,80.1,82.7,63.3,66.8,0.000,0.000,0.00,0.000,4.2,7.7,1.6,185,25,4.6,9.8,2.0,187,24,4.2,7.7,1.6,185,25,,28.88,,0,0,0,73.4,68.9,67.5,0.24,0.19,0.23
SHER,2017-08-21 17:15:00 EDT,42.64026,-75.48370,1157,80.6,80.2,83.0,63.5,67.1,0.000,0.000,0.00,0.000,3.5,7.0,1.5,181,22,3.9,7.9,1.5,184,21,3.5,7.0,1.5,181,22,,28.87,,0,0,0,73.4,68.9,67.5,0.23,0.19,0.23
SHER,2017-08-21 17:20:00 EDT,42.64026,-75.48370,1157,80.4,80.3,82.7,62.8,66.6,0.000,0.000,0.00,0.000,4.2,6.7,1.2,182,31,4.6,7.6,1.5,186,32,4.2,6.7,1.2,182,31,,28.87,,0,0,0,73.6,68.9,67.5,0.23,0.19,0.23
SHER,2017-08-21 17:25:00 EDT,42.64026,-75.48370,1157,80.4,80.2,82.7,63.0,66.6,0.000,0.000,0.00,0.000,3.9,7.4,1.8,209,23,4.5,8.7,1.8,213,23,3.9,7.4,1.8,209,23,,28.87,,0,0,0,73.8,68.9,67.5,0.23,0.19,0.23
SHER,2017-08-21 17:30:00 EDT,42.64026,-75.48370,1157,80.3,80.2,82.6,63.1,66.6,0.000,0.000,0.00,0.000,5.2,7.7,1.3,196,22,5.7,9.1,1.4,199,21,5.2,7.7,1.3,196,22,,28.87,,0,0,0,73.9,69.0,67.5,0.23,0.19,0.23
SHER,2017-08-21 17:35:00 EDT,42.64026,-75.48370,1157,80.4,80.3,82.8,64.6,67.3,0.000,0.000,0.00,0.000,4.4,8.2,1.6,182,24,4.7,9.0,1.7,186,23,4.4,8.2,1.6,182,24,,28.87,,0,0,0,73.9,69.2,67.5,0.24,0.19,0.23
SHER,2017-08-21 17:40:00 EDT,42.64026,-75.48370,1157,80.4,80.3,82.9,64.5,67.4,0.000,0.000,0.00,0.000,3.6,6.9,1.4,223,30,3.9,7.8,1.6,229,31,3.6,6.9,1.4,223,30,,28.86,,0,0,0,73.9,69.1,67.5,0.24,0.19,0.23
SHER,2017-08-21 17:45:00 EDT,42.64026,-75.48370,1157,80.4,80.3,82.7,63.6,66.9,0.000,0.000,0.00,0.000,5.4,8.1,1.3,235,22,5.7,8.8,1.4,240,23,5.4,8.1,1.3,235,22,,28.86,,0,0,0,73.9,69.2,67.5,0.24,0.19,0.23
SHER,2017-08-21 17:50:00 EDT,42.64026,-75.48370,1157,80.1,80.3,82.2,62.0,65.9,0.000,0.000,0.00,0.000,6.8,10.4,1.4,229,17,7.4,11.8,1.5,232,16,6.8,10.4,1.4,229,17,,28.86,,0,0,0,73.9,69.2,67.5,0.24,0.19,0.23
SHER,2017-08-21 17:55:00 EDT,42.64026,-75.48370,1157,79.9,80.2,79.9,62.7,66.1,0.000,0.000,0.00,0.000,5.0,8.9,1.4,227,14,5.4,10.2,1.5,232,13,5.0,8.9,1.4,227,14,,28.86,,0,0,0,73.9,69.3,67.5,0.23,0.19,0.23
SHER,2017-08-21 18:00:00 EDT,42.64026,-75.48370,1157,80.0,80.2,80.0,64.4,66.9,0.000,0.000,0.00,0.000,4.3,8.3,1.8,242,19,4.7,9.6,1.9,245,21,4.3,8.3,1.8,242,19,,28.86,,0,0,0,73.9,69.3,67.5,0.23,0.19,0.23
SHER,2017-08-21 18:05:00 EDT,42.64026,-75.48370,1157,79.9,80.1,79.9,64.7,66.9,0.000,0.000,0.00,0.000,4.8,9.9,1.7,219,21,5.2,9.9,1.9,223,22,4.8,9.9,1.7,219,21,,28.86,,0,0,0,73.9,69.3,67.5,0.23,0.19,0.23
SHER,2017-08-21 18:10:00 EDT,42.64026,-75.48370,1157,79.9,80.1,79.9,65.3,67.2,0.000,0.000,0.00,0.000,4.6,9.2,2.0,211,18,4.8,10.9,2.1,215,16,4.6,9.2,2.0,211,18,,28.86,,0,0,0,73.9,69.3,67.5,0.23,0.19,0.23
SHER,2017-08-21 18:15:00 EDT,42.64026,-75.48370,1157,79.9,80.0,79.9,66.4,67.7,0.000,0.000,0.00,0.000,2.6,4.9,1.0,225,23,2.9,5.9,1.1,231,24,2.6,4.9,1.0,225,23,,28.86,,0,0,0,73.9,69.3,67.5,0.23,0.19,0.23
SHER,2017-08-21 18:20:00 EDT,42.64026,-75.48370,1157,79.6,79.9,79.6,67.3,67.8,0.000,0.000,0.00,0.000,2.8,5.3,1.5,205,16,3.1,6.5,1.7,207,15,2.8,5.3,1.5,205,16,,28.86,,0,0,0,73.9,69.3,67.5,0.23,0.19,0.23
SHER,2017-08-21 18:25:00 EDT,42.64026,-75.48370,1157,79.2,79.7,79.2,68.6,68.0,0.000,0.000,0.00,0.000,2.4,4.2,1.0,164,24,2.8,6.1,1.1,165,25,2.4,4.2,1.0,164,24,,28.86,,0,0,0,73.8,69.3,67.5,0.23,0.19,0.23
SHER,2017-08-21 18:30:00 EDT,42.64026,-75.48370,1157,78.7,79.3,78.7,70.7,68.4,0.000,0.000,0.00,0.000,2.9,4.5,0.7,155,17,3.2,5.2,0.9,158,21,2.9,4.5,0.7,155,17,,28.86,,0,0,0,73.6,69.3,67.5,0.23,0.19,0.23
SHER,2017-08-21 18:35:00 EDT,42.64026,-75.48370,1157,78.1,79.1,78.1,71.1,68.0,0.000,0.000,0.00,0.000,2.5,4.9,1.1,157,23,2.6,5.2,1.2,161,23,2.5,4.9,1.1,157,23,,28.86,,0,0,0,73.5,69.3,67.5,0.23,0.19,0.23
SHER,2017-08-21 18:40:00 EDT,42.64026,-75.48370,1157,78.1,79.0,78.1,72.7,68.6,0.000,0.000,0.00,0.000,2.5,4.8,1.1,138,35,2.8,6.1,1.3,141,36,2.5,4.8,1.1,138,35,,28.85,,0,0,0,73.4,69.3,67.5,0.23,0.19,0.23
SHER,2017-08-21 18:45:00 EDT,42.64026,-75.48370,1157,78.0,78.8,78.0,72.5,68.4,0.000,0.000,0.00,0.000,1.2,2.5,0.5,174,24,1.5,3.2,0.6,177,26,1.2,2.5,0.5,174,24,,28.85,,0,0,0,73.4,69.3,67.5,0.23,0.19,0.23
SHER,2017-08-21 18:50:00 EDT,42.64026,-75.48370,1157,77.2,78.0,77.2,75.1,68.7,0.000,0.000,0.00,0.000,0.9,2.0,0.5,135,25,1.2,2.5,0.6,129,24,0.9,2.0,0.5,135,25,,28.85,,0,0,0,73.4,69.3,67.5,0.23,0.19,0.23
SHER,2017-08-21 18:55:00 EDT,42.64026,-75.48370,1157,76.2,77.0,76.2,79.0,69.2,0.000,0.000,0.00,0.000,1.9,3.1,0.6,109,12,2.1,3.4,0.6,112,13,1.9,3.1,0.6,109,12,,28.85,,0,0,0,73.4,69.3,67.5,0.23,0.19,0.23
SHER,2017-08-21 19:00:00 EDT,42.64026,-75.48370,1157,75.8,76.9,75.8,80.1,69.2,0.000,0.000,0.00,0.000,3.2,4.6,0.8,105,12,3.5,5.1,0.9,105,12,3.2,4.6,0.8,105,12,,28.85,,0,0,0,73.4,69.3,67.5,0.23,0.19,0.23
SHER,2017-08-21 19:05:00 EDT,42.64026,-75.48370,1157,75.0,75.8,75.0,81.5,69.0,0.000,0.000,0.00,0.000,3.1,4.2,0.8,120,12,3.2,4.8,0.8,124,14,3.1,4.2,0.8,120,12,,28.85,,0,0,0,73.4,69.3,67.5,0.23,0.19,0.23
SHER,2017-08-21 19:10:00 EDT,42.64026,-75.48370,1157,75.1,75.9,75.1,81.8,69.2,0.000,0.000,0.00,0.000,3.3,8.7,1.8,243,40,3.6,10.4,1.9,249,40,3.3,8.7,1.8,243,40,,28.86,,0,0,0,73.4,69.3,67.5,0.23,0.19,0.23
SHER,2017-08-21 19:15:00 EDT,42.64026,-75.48370,1157,75.8,76.3,75.8,78.0,68.4,0.000,0.000,0.00,0.000,4.9,10.1,2.2,236,16,5.2,11.2,2.3,241,16,4.9,10.1,2.2,236,16,,28.87,,0,0,0,73.4,69.3,67.5,0.23,0.19,0.23
SHER,2017-08-21 19:20:00 EDT,42.64026,-75.48370,1157,75.6,76.1,75.6,78.7,68.5,0.000,0.000,0.00,0.000,4.4,7.8,1.4,170,22,4.8,8.6,1.6,173,21,4.4,7.8,1.4,170,22,,28.86,,0,0,0,73.4,69.3,67.5,0.23,0.19,0.23
SHER,2017-08-21 19:25:00 EDT,42.64026,-75.48370,1157,75.4,76.4,75.4,75.8,67.3,0.000,0.000,0.00,0.000,5.2,7.9,1.2,172,16,5.9,9.5,1.3,175,14,5.2,7.9,1.2,172,16,,28.87,,0,0,0,73.3,69.5,67.5,0.23,0.19,0.23
SHER,2017-08-21 19:30:00 EDT,42.64026,-75.48370,1157,75.1,76.1,75.1,75.4,66.8,0.000,0.000,0.00,0.000,4.6,7.3,1.0,136,26,5.0,8.2,1.1,137,27,4.6,7.3,1.0,136,26,,28.86,,0,0,0,73.2,69.5,67.5,0.23,0.19,0.23
SHER,2017-08-21 19:35:00 EDT,42.64026,-75.48370,1157,74.7,75.5,74.7,77.0,67.0,0.000,0.000,0.00,0.000,4.8,8.1,2.3,133,18,5.3,9.5,2.3,134,18,4.8,8.1,2.3,133,18,,28.86,,0,0,0,73.1,69.6,67.5,0.23,0.19,0.23
SHER,2017-08-21 19:40:00 EDT,42.64026,-75.48370,1157,73.6,74.2,73.6,79.2,66.8,0.000,0.000,0.00,0.000,4.2,6.9,1.2,209,40,4.4,7.7,1.4,215,41,4.2,6.9,1.2,209,40,,28.86,,0,0,0,73.0,69.6,67.5,0.23,0.19,0.23
SHER,2017-08-21 19:45:00 EDT,42.64026,-75.48370,1157,72.6,73.2,72.6,79.3,65.8,0.000,0.000,0.00,0.000,7.3,13.7,2.3,180,23,8.0,14.7,2.6,185,22,7.3,13.7,2.3,180,23,,28.86,,0,0,0,73.0,69.6,67.5,0.23,0.19,0.23
SHER,2017-08-21 19:50:00 EDT,42.64026,-75.48370,1157,72.0,72.7,72.0,78.5,64.9,0.000,0.000,0.00,0.000,6.7,12.9,1.7,167,18,7.5,14.1,2.2,169,17,6.7,12.9,1.7,167,18,,28.86,,0,0,0,73.0,69.6,67.5,0.23,0.19,0.23
SHER,2017-08-21 19:55:00 EDT,42.64026,-75.48370,1157,71.4,72.2,71.4,78.6,64.4,0.000,0.000,0.00,0.000,5.2,9.2,1.6,186,22,6.1,10.6,1.7,187,20,5.2,9.2,1.6,186,22,,28.86,,0,0,0,73.0,69.6,67.5,0.23,0.19,0.23
SHER,2017-08-21 20:00:00 EDT,42.64026,-75.48370,1157,71.0,71.7,71.0,78.1,63.9,0.000,0.000,0.00,0.000,2.8,7.0,2.0,207,17,3.3,7.9,2.0,209,19,2.8,7.0,2.0,207,17,,28.86,,0,0,0,73.0,69.6,67.5,0.23,0.19,0.23
SHER,2017-08-21 20:05:00 EDT,42.64026,-75.48370,1157,70.8,71.6,70.8,76.8,63.2,0.000,0.000,0.00,0.000,1.6,6.9,1.6,176,28,2.2,8.6,1.6,175,35,1.6,6.9,1.6,176,28,,28.87,,0,0,0,73.0,69.6,67.6,0.23,0.19,0.23
SHER,2017-08-21 20:10:00 EDT,42.64026,-75.48370,1157,70.0,71.1,70.0,78.8,63.1,0.000,0.000,0.00,0.000,1.9,4.2,0.9,324,36,2.1,5.1,1.0,331,37,1.9,4.2,0.9,324,36,,28.87,,0,0,0,73.0,69.6,67.5,0.23,0.19,0.23
SHER,2017-08-21 20:15:00 EDT,42.64026,-75.48370,1157,69.7,71.0,69.7,80.4,63.4,0.000,0.000,0.00,0.000,0.6,3.3,0.9,356,13,1.0,4.7,1.1,6,18,0.6,3.3,0.9,356,13,,28.87,,0,0,0,73.0,69.6,67.6,0.23,0.19,0.23
SHER,2017-08-21 20:20:00 EDT,42.64026,-75.48370,1157,68.7,70.0,68.7,82.0,63.0,0.000,0.000,0.00,0.000,2.8,4.7,1.0,111,16,3.1,5.4,0.9,112,18,2.8,4.7,1.0,111,16,,28.87,,0,0,0,72.7,69.6,67.5,0.23,0.19,0.23
SHER,2017-08-21 20:25:00 EDT,42.64026,-75.48370,1157,68.6,69.8,68.6,83.9,63.6,0.000,0.000,0.00,0.000,3.6,4.9,0.7,94,14,4.0,5.9,0.8,94,13,3.6,4.9,0.7,94,14,,28.87,,0,0,0,72.7,69.6,67.6,0.23,0.19,0.23
SHER,2017-08-21 20:30:00 EDT,42.64026,-75.48370,1157,67.9,69.4,67.9,85.2,63.3,0.000,0.000,0.00,0.000,4.5,5.4,0.4,90,10,4.9,6.0,0.5,90,10,4.5,5.4,0.4,90,10,,28.86,,0,0,0,72.7,69.6,67.6,0.23,0.19,0.23
SHER,2017-08-21 20:35:00 EDT,42.64026,-75.48370,1157,67.3,69.0,67.3,87.1,63.4,0.000,0.000,0.00,0.000,5.7,7.0,0.5,96,7,6.1,7.6,0.5,97,7,5.7,7.0,0.5,96,7,,28.86,,0,0,0,72.7,69.6,67.5,0.23,0.19,0.23
SHER,2017-08-21 20:40:00 EDT,42.64026,-75.48370,1157,67.7,69.3,67.7,86.2,63.4,0.000,0.000,0.00,0.000,4.0,5.7,1.1,80,11,4.5,6.8,1.2,81,11,4.0,5.7,1.1,80,11,,28.86,,0,0,0,72.7,69.6,67.6,0.23,0.19,0.23
SHER,2017-08-21 20:45:00 EDT,42.64026,-75.48370,1157,68.1,69.7,68.1,84.2,63.1,0.000,0.000,0.00,0.000,4.5,6.3,1.0,84,10,5.0,6.9,1.0,84,9,4.5,6.3,1.0,84,10,,28.87,,0,0,0,72.5,69.6,67.6,0.23,0.19,0.23
SHER,2017-08-21 20:50:00 EDT,42.64026,-75.48370,1157,67.4,69.2,67.4,85.4,62.9,0.000,0.000,0.00,0.000,6.1,7.1,0.4,94,7,6.4,7.8,0.5,95,7,6.1,7.1,0.4,94,7,,28.86,,0,0,0,72.3,69.6,67.6,0.23,0.19,0.23
SHER,2017-08-21 20:55:00 EDT,42.64026,-75.48370,1157,67.1,68.7,67.1,87.4,63.2,0.000,0.000,0.00,0.000,5.9,7.6,0.7,101,7,6.2,8.2,0.8,101,6,5.9,7.6,0.7,101,7,,28.86,,0,0,0,72.3,69.6,67.6,0.23,0.19,0.23
SHER,2017-08-21 21:00:00 EDT,42.64026,-75.48370,1157,66.8,68.3,66.8,88.9,63.4,0.000,0.000,0.00,0.000,5.2,6.7,0.7,101,7,5.5,7.4,0.8,102,6,5.2,6.7,0.7,101,7,,28.86,,0,0,0,72.3,69.6,67.6,0.23,0.19,0.23
SHER,2017-08-21 21:05:00 EDT,42.64026,-75.48370,1157,66.5,67.9,66.5,89.7,63.3,0.000,0.000,0.00,0.000,4.6,6.5,1.0,110,9,4.9,6.8,1.0,111,10,4.6,6.5,1.0,110,9,,28.86,,0,0,0,72.3,69.6,67.7,0.23,0.19,0.23
SHER,2017-08-21 21:10:00 EDT,42.64026,-75.48370,1157,66.5,68.3,66.5,89.3,63.3,0.000,0.000,0.00,0.000,5.3,6.3,0.4,94,5,5.5,6.8,0.5,95,4,5.3,6.3,0.4,94,5,,28.87,,0,0,0,72.3,69.6,67.6,0.23,0.19,0.23
SHER,2017-08-21 21:15:00 EDT,42.64026,-75.48370,1157,66.2,68.1,66.2,88.6,62.8,0.000,0.000,0.00,0.000,5.5,7.1,0.6,98,6,5.8,7.4,0.6,99,5,5.5,7.1,0.6,98,6,,28.87,,0,0,0,72.3,69.6,67.7,0.23,0.19,0.23
SHER,2017-08-21 21:20:00 EDT,42.64026,-75.48370,1157,66.2,67.9,66.2,89.7,63.1,0.000,0.000,0.00,0.000,7.5,8.8,0.5,96,5,7.9,10.2,0.7,97,4,7.5,8.8,0.5,96,5,,28.87,,0,0,0,72.0,69.6,67.7,0.23,0.19,0.23
SHER,2017-08-21 21:25:00 EDT,42.64026,-75.48370,1157,66.0,67.0,66.0,92.2,63.7,0.000,0.000,0.00,0.000,7.9,9.4,0.7,99,7,8.4,10.1,0.8,101,6,7.9,9.4,0.7,99,7,,28.87,,0,0,0,71.8,69.6,67.7,0.23,0.19,0.23
SHER,2017-08-21 21:30:00 EDT,42.64026,-75.48370,1157,65.9,67.2,65.9,92.8,63.7,0.000,0.000,0.00,0.000,5.7,7.7,1.0,106,10,6.1,8.4,1.0,107,10,5.7,7.7,1.0,106,10,,28.87,,0,0,0,71.8,69.6,67.8,0.23,0.19,0.23
SHER,2017-08-21 21:35:00 EDT,42.64026,-75.48370,1157,65.7,66.9,65.7,92.9,63.6,0.000,0.000,0.00,0.000,5.7,6.8,0.6,110,7,6.1,7.2,0.7,111,7,5.7,6.8,0.6,110,7,,28.87,,0,0,0,71.8,69.6,67.7,0.23,0.19,0.23
SHER,2017-08-21 21:40:00 EDT,42.64026,-75.48370,1157,65.6,66.9,65.6,93.1,63.5,0.000,0.000,0.00,0.000,5.5,6.8,0.6,108,4,5.9,7.0,0.6,108,4,5.5,6.8,0.6,108,4,,28.87,,0,0,0,71.8,69.7,67.8,0.23,0.19,0.23
SHER,2017-08-21 21:45:00 EDT,42.64026,-75.48370,1157,65.5,67.0,65.5,93.4,63.5,0.000,0.000,0.00,0.000,6.4,7.7,0.5,105,4,6.8,8.4,0.6,106,4,6.4,7.7,0.5,105,4,,28.87,,0,0,0,71.8,69.7,67.7,0.23,0.19,0.23
SHER,2017-08-21 21:50:00 EDT,42.64026,-75.48370,1157,65.1,66.9,65.1,93.9,63.3,0.000,0.000,0.00,0.000,6.0,6.8,0.4,99,5,6.4,7.5,0.4,101,5,6.0,6.8,0.4,99,5,,28.87,,0,0,0,71.7,69.7,67.8,0.23,0.19,0.23
SHER,2017-08-21 21:55:00 EDT,42.64026,-75.48370,1157,64.9,66.5,64.9,94.3,63.2,0.000,0.000,0.00,0.000,4.9,5.8,0.5,110,5,5.2,6.4,0.7,111,6,4.9,5.8,0.5,110,5,,28.87,,0,0,0,71.4,69.8,67.8,0.23,0.19,0.23
SHER,2017-08-21 22:00:00 EDT,42.64026,-75.48370,1157,64.6,65.8,64.6,94.9,63.1,0.000,0.000,0.00,0.000,3.6,5.3,0.7,118,8,3.8,5.7,0.8,120,9,3.6,5.3,0.7,118,8,,28.87,,0,0,0,71.4,69.7,67.8,0.23,0.19,0.23
SHER,2017-08-21 22:05:00 EDT,42.64026,-75.48370,1157,64.5,65.8,64.5,95.3,63.1,0.000,0.000,0.00,0.000,4.1,5.4,0.6,120,9,4.3,5.8,0.7,122,9,4.1,5.4,0.6,120,9,,28.87,,0,0,0,71.4,69.8,67.8,0.23,0.19,0.23
SHER,2017-08-21 22:10:00 EDT,42.64026,-75.48370,1157,64.4,66.2,64.4,95.3,63.1,0.000,0.000,0.00,0.000,3.4,4.3,0.6,106,11,3.7,4.7,0.6,106,12,3.4,4.3,0.6,106,11,,28.87,,0,0,0,71.4,69.7,67.8,0.23,0.19,0.23
SHER,2017-08-21 22:15:00 EDT,42.64026,-75.48370,1157,64.1,65.1,64.1,95.4,62.7,0.000,0.000,0.00,0.000,3.3,4.4,0.4,116,8,3.5,5.1,0.4,119,9,3.3,4.4,0.4,116,8,,28.87,,0,0,0,71.4,69.7,67.8,0.23,0.19,0.23
SHER,2017-08-21 22:20:00 EDT,42.64026,-75.48370,1157,64.1,65.5,64.1,95.8,62.9,0.000,0.000,0.00,0.000,2.8,4.0,0.6,123,13,2.8,4.3,0.7,125,13,2.8,4.0,0.6,123,13,,28.87,,0,0,0,71.4,69.7,67.8,0.23,0.19,0.23
SHER,2017-08-21 22:25:00 EDT,42.64026,-75.48370,1157,64.0,65.1,64.0,95.7,62.7,0.000,0.000,0.00,0.000,2.3,3.4,0.5,130,18,2.4,3.8,0.6,129,19,2.3,3.4,0.5,130,18,,28.87,,0,0,0,71.4,69.7,67.8,0.23,0.19,0.23
SHER,2017-08-21 22:30:00 EDT,42.64026,-75.48370,1157,64.0,65.3,64.0,95.7,62.8,0.000,0.000,0.00,0.000,2.6,4.2,0.8,158,10,2.9,5.0,0.8,160,11,2.6,4.2,0.8,158,10,,28.87,,0,0,0,71.4,69.7,67.8,0.23,0.19,0.23
SHER,2017-08-21 22:35:00 EDT,42.64026,-75.48370,1157,64.0,65.7,64.0,95.5,62.7,0.000,0.000,0.00,0.000,2.3,3.7,0.6,132,10,2.4,4.0,0.6,132,9,2.3,3.7,0.6,132,10,,28.87,,0,0,0,71.2,69.7,67.8,0.23,0.19,0.23
SHER,2017-08-21 22:40:00 EDT,42.64026,-75.48370,1157,64.0,65.3,64.0,95.5,62.7,0.000,0.000,0.00,0.000,2.4,3.5,0.5,123,11,2.5,3.5,0.6,125,10,2.4,3.5,0.5,123,11,,28.87,,0,0,0,71.1,69.7,67.8,0.23,0.19,0.23
SHER,2017-08-21 22:45:00 EDT,42.64026,-75.48370,1157,63.6,65.0,63.6,95.4,62.3,0.000,0.000,0.00,0.000,3.0,5.3,1.0,119,9,3.2,5.6,1.0,121,10,3.0,5.3,1.0,119,9,,28.87,,0,0,0,71.1,69.7,67.8,0.23,0.19,0.23
SHER,2017-08-21 22:50:00 EDT,42.64026,-75.48370,1157,63.4,64.7,63.4,95.8,62.2,0.000,0.000,0.00,0.000,3.2,4.1,0.6,123,12,3.2,4.4,0.7,125,11,3.2,4.1,0.6,123,12,,28.87,,0,0,0,71.1,69.7,67.8,0.23,0.19,0.23
SHER,2017-08-21 22:55:00 EDT,42.64026,-75.48370,1157,63.5,64.5,63.5,96.0,62.3,0.000,0.000,0.00,0.000,1.7,3.9,0.7,149,30,1.9,4.2,0.8,152,33,1.7,3.9,0.7,149,30,,28.87,,0,0,0,71.1,69.7,67.8,0.23,0.19,0.23
SHER,2017-08-21 23:00:00 EDT,42.64026,-75.48370,1157,64.2,65.1,64.2,96.3,63.1,0.000,0.000,0.00,0.000,1.4,2.7,0.7,142,21,1.7,3.3,0.7,140,24,1.4,2.7,0.7,142,21,,28.86,,0,0,0,71.1,69.7,67.8,0.23,0.19,0.23
SHER,2017-08-21 23:05:00 EDT,42.64026,-75.48370,1157,63.7,64.8,63.7,95.4,62.3,0.000,0.000,0.00,0.000,2.0,3.5,0.8,109,12,2.2,4.0,0.7,112,14,2.0,3.5,0.8,109,12,,28.86,,0,0,0,71.0,69.7,67.8,0.23,0.19,0.23
SHER,2017-08-21 23:10:00 EDT,42.64026,-75.48370,1157,63.4,64.7,63.4,95.6,62.2,0.000,0.000,0.00,0.000,2.8,3.7,0.4,111,6,3.0,3.9,0.4,114,8,2.8,3.7,0.4,111,6,,28.86,,0,0,0,71.0,69.7,67.8,0.23,0.19,0.23
SHER,2017-08-21 23:15:00 EDT,42.64026,-75.48370,1157,63.6,64.7,63.6,96.0,62.4,0.000,0.000,0.00,0.000,3.9,5.2,0.7,103,9,4.2,5.9,0.8,104,10,3.9,5.2,0.7,103,9,,28.86,,0,0,0,70.8,69.6,67.8,0.23,0.19,0.23
SHER,2017-08-21 23:20:00 EDT,42.64026,-75.48370,1157,63.7,64.9,63.7,96.1,62.6,0.000,0.000,0.00,0.000,5.3,6.2,0.4,101,7,5.8,6.9,0.4,101,7,5.3,6.2,0.4,101,7,,28.86,,0,0,0,70.7,69.6,67.8,0.23,0.19,0.23
SHER,2017-08-21 23:25:00 EDT,42.64026,-75.48370,1157,63.8,65.3,63.8,95.8,62.5,0.000,0.000,0.00,0.000,3.7,5.6,0.9,107,6,4.0,6.0,0.9,109,7,3.7,5.6,0.9,107,6,,28.86,,0,0,0,70.7,69.7,67.8,0.23,0.19,0.23
SHER,2017-08-21 23:30:00 EDT,42.64026,-75.48370,1157,63.7,65.5,63.7,95.8,62.5,0.000,0.000,0.00,0.000,2.1,3.0,0.5,125,16,2.1,3.3,0.6,124,17,2.1,3.0,0.5,125,16,,28.86,,0,0,0,70.7,69.6,67.8,0.23,0.19,0.23
SHER,2017-08-21 23:35:00 EDT,42.64026,-75.48370,1157,63.6,65.2,63.6,95.6,62.3,0.000,0.000,0.00,0.000,2.8,3.9,0.7,110,7,3.1,4.2,0.8,113,8,2.8,3.9,0.7,110,7,,28.86,,0,0,0,70.7,69.6,67.8,0.23,0.19,0.23
SHER,2017-08-21 23:40:00 EDT,42.64026,-75.48370,1157,63.1,64.8,63.1,95.6,61.8,0.000,0.000,0.00,0.000,3.1,4.3,0.8,105,10,3.4,4.8,0.9,106,10,3.1,4.3,0.8,105,10,,28.86,,0,0,0,70.7,69.6,67.8,0.23,0.19,0.23
SHER,2017-08-21 23:45:00 EDT,42.64026,-75.48370,1157,63.6,65.4,63.6,96.5,62.6,0.000,0.000,0.00,0.000,2.5,4.2,0.9,99,8,2.8,4.8,0.9,100,10,2.5,4.2,0.9,99,8,,28.86,,0,0,0,70.7,69.6,67.8,0.23,0.19,0.23
SHER,2017-08-21 23:50:00 EDT,42.64026,-75.48370,1157,64.0,66.3,64.0,96.1,62.8,0.000,0.000,0.00,0.000,1.3,2.1,0.5,111,13,1.6,2.6,0.6,112,15,1.3,2.1,0.5,111,13,,28.86,,0,0,0,70.7,69.6,67.8,0.23,0.19,0.23
SHER,2017-08-21 23:55:00 EDT,42.64026,-75.48370,1157,63.5,65.3,63.5,95.4,62.1,0.000,0.000,0.00,0.000,3.2,4.4,0.8,108,10,3.5,4.8,0.9,108,11,3.2,4.4,0.8,108,10,,28.86,,0,0,0,70.7,69.6,67.8,0.23,0.19,0.23
SOME,2017-08-21 00:00:00 EDT,41.31037,-73.76711,607,65.7,69.2,65.7,81.9,60.0,0.000,0.000,0.00,0.000,1.3,2.6,0.7,311,19,1.8,3.5,0.7,327,19,1.3,2.6,0.7,311,19,0,29.52,,0,0,0,80.6,76.5,73.7,0.37,0.34,0.49
SOME,2017-08-21 00:05:00 EDT,41.31037,-73.76711,607,65.3,69.0,65.3,82.8,60.0,0.000,0.000,0.00,0.000,2.0,3.5,0.8,315,22,2.3,4.0,0.8,329,19,2.0,3.5,0.8,315,22,0,29.52,,0,0,0,80.4,76.6,73.8,0.37,0.34,0.49
SOME,2017-08-21 00:10:00 EDT,41.31037,-73.76711,607,64.7,68.6,64.7,84.1,59.8,0.000,0.000,0.00,0.000,1.6,4.5,0.8,317,25,2.1,5.9,0.9,331,26,1.6,4.5,0.8,317,25,0,29.52,,0,0,0,80.4,76.6,73.8,0.37,0.34,0.49
SOME,2017-08-21 00:15:00 EDT,41.31037,-73.76711,607,65.1,68.0,65.1,84.4,60.2,0.000,0.000,0.00,0.000,1.6,3.9,0.9,317,28,2.0,4.5,0.8,335,31,1.6,3.9,0.9,317,28,0,29.52,,0,0,0,80.4,76.6,73.8,0.37,0.35,0.49
SOME,2017-08-21 00:20:00 EDT,41.31037,-73.76711,607,64.8,68.4,64.8,84.4,59.9,0.000,0.000,0.00,0.000,1.0,4.7,1.0,320,29,1.7,5.0,0.9,338,30,1.0,4.7,1.0,320,29,0,29.52,,0,0,0,80.4,76.7,73.7,0.37,0.34,0.49
SOME,2017-08-21 00:25:00 EDT,41.31037,-73.76711,607,65.2,68.5,65.2,83.4,60.0,0.000,0.000,0.00,0.000,0.8,2.0,0.5,342,30,1.5,2.9,0.6,355,26,0.8,2.0,0.5,342,30,0,29.52,,0,0,0,80.4,76.7,73.8,0.37,0.34,0.49
SOME,2017-08-21 00:30:00 EDT,41.31037,-73.76711,607,65.1,68.1,65.1,83.2,59.9,0.000,0.000,0.00,0.000,0.3,1.3,0.4,337,16,1.3,2.2,0.3,4,27,0.3,1.3,0.4,337,16,0,29.52,,0,0,0,80.4,76.7,73.8,0.37,0.34,0.49
SOME,2017-08-21 00:35:00 EDT,41.31037,-73.76711,607,64.9,68.2,64.9,83.8,59.9,0.000,0.000,0.00,0.000,0.5,2.9,0.6,330,31,1.2,2.6,0.5,351,36,0.5,2.9,0.6,330,31,0,29.52,,0,0,0,80.4,76.7,73.7,0.37,0.34,0.49
SOME,2017-08-21 00:40:00 EDT,41.31037,-73.76711,607,65.0,68.6,65.0,83.7,60.0,0.000,0.000,0.00,0.000,0.2,1.8,0.4,312,10,0.7,2.9,0.6,345,32,0.2,1.8,0.4,312,10,0,29.52,,0,0,0,80.4,76.8,73.7,0.37,0.34,0.49
SOME,2017-08-21 00:45:00 EDT,41.31037,-73.76711,607,66.2,68.2,66.2,81.0,60.2,0.000,0.000,0.00,0.000,0.1,0.5,0.1,336,8,0.9,1.5,0.3,351,19,0.1,0.5,0.1,336,8,0,29.52,,0,0,0,80.4,76.7,73.8,0.37,0.34,0.49
SOME,2017-08-21 00:50:00 EDT,41.31037,-73.76711,607,65.7,67.6,65.7,80.9,59.7,0.000,0.000,0.00,0.000,1.0,2.0,0.6,300,5,1.3,2.0,0.3,316,14,1.0,2.0,0.6,300,5,0,29.53,,0,0,0,80.2,76.8,73.7,0.37,0.34,0.49
SOME,2017-08-21 00:55:00 EDT,41.31037,-73.76711,607,65.0,66.6,65.0,83.6,59.9,0.000,0.000,0.00,0.000,0.9,1.3,0.2,325,8,1.4,1.9,0.2,337,10,0.9,1.3,0.2,325,8,0,29.53,,0,0,0,80.1,76.8,73.8,0.37,0.34,0.49
SOME,2017-08-21 01:00:00 EDT,41.31037,-73.76711,607,65.1,66.9,65.1,84.3,60.3,0.000,0.000,0.00,0.000,0.7,1.2,0.2,339,10,1.3,1.9,0.3,353,14,0.7,1.2,0.2,339,10,0,29.53,,0,0,0,80.1,76.8,73.8,0.37,0.34,0.49
SOME,2017-08-21 01:05:00 EDT,41.31037,-73.76711,607,65.2,67.1,65.2,84.3,60.4,0.000,0.000,0.00,0.000,0.5,1.2,0.4,330,8,1.2,2.0,0.3,348,14,0.5,1.2,0.4,330,8,0,29.53,,0,0,0,80.1,76.8,73.7,0.37,0.34,0.49
SOME,2017-08-21 01:10:00 EDT,41.31037,-73.76711,607,65.0,67.2,65.0,84.1,60.1,0.000,0.000,0.00,0.000,0.3,1.6,0.4,350,14,1.1,2.4,0.4,12,19,0.3,1.6,0.4,350,14,0,29.53,,0,0,0,80.1,76.8,73.8,0.37,0.34,0.49
SOME,2017-08-21 01:15:00 EDT,41.31037,-73.76711,607,64.7,67.9,64.7,84.0,59.8,0.000,0.000,0.00,0.000,0.1,0.7,0.2,346,8,0.9,1.5,0.3,10,18,0.1,0.7,0.2,346,8,0,29.53,,0,0,0,80.1,76.8,73.8,0.37,0.34,0.49
SOME,2017-08-21 01:20:00 EDT,41.31037,-73.76711,607,65.0,67.2,65.0,82.7,59.7,0.000,0.000,0.00,0.000,0.0,0.0,0.0,0,0,0.8,1.1,0.1,7,14,0.0,0.0,0.0,0,0,0,29.53,,0,0,0,80.1,76.8,73.8,0.37,0.34,0.49
SOME,2017-08-21 01:25:00 EDT,41.31037,-73.76711,607,63.5,65.8,63.5,85.5,59.1,0.000,0.000,0.00,0.000,0.4,0.9,0.4,17,5,1.1,1.5,0.3,34,10,0.4,0.9,0.4,17,5,0,29.53,,0,0,0,80.1,76.8,73.8,0.37,0.34,0.49
SOME,2017-08-21 01:30:00 EDT,41.31037,-73.76711,607,63.0,64.7,63.0,87.8,59.4,0.000,0.000,0.00,0.000,0.0,0.0,0.0,0,0,0.6,1.1,0.2,99,31,0.0,0.0,0.0,0,0,0,29.53,,0,0,0,80.1,76.8,73.8,0.37,0.34,0.49
SOME,2017-08-21 01:35:00 EDT,41.31037,-73.76711,607,62.7,64.6,62.7,88.9,59.4,0.000,0.000,0.00,0.000,0.7,1.5,0.4,111,7,1.1,2.0,0.3,121,10,0.7,1.5,0.4,111,7,0,29.53,,0,0,0,80.1,76.8,73.9,0.37,0.34,0.49
SOME,2017-08-21 01:40:00 EDT,41.31037,-73.76711,607,62.8,64.4,62.8,90.5,60.0,0.000,0.000,0.00,0.000,0.3,0.9,0.3,157,15,0.8,1.5,0.3,164,30,0.3,0.9,0.3,157,15,0,29.53,,0,0,0,80.0,76.8,73.9,0.37,0.34,0.49
SOME,2017-08-21 01:45:00 EDT,41.31037,-73.76711,607,64.1,65.1,64.1,88.8,60.7,0.000,0.000,0.00,0.000,0.9,2.0,0.5,227,15,1.3,2.4,0.4,237,11,0.9,2.0,0.5,227,15,0,29.53,,0,0,0,79.8,76.8,73.8,0.37,0.34,0.49
SOME,2017-08-21 01:50:00 EDT,41.31037,-73.76711,607,64.0,66.2,64.0,88.2,60.4,0.000,0.000,0.00,0.000,2.0,2.6,0.4,233,6,2.2,3.1,0.5,240,8,2.0,2.6,0.4,233,6,0,29.53,,0,0,0,79.5,76.8,73.8,0.37,0.34,0.49
SOME,2017-08-21 01:55:00 EDT,41.31037,-73.76711,607,63.9,66.9,63.9,87.5,60.1,0.000,0.000,0.00,0.000,0.9,2.1,0.6,212,7,1.2,2.2,0.4,223,23,0.9,2.1,0.6,212,7,0,29.53,,0,0,0,79.5,76.8,73.8,0.37,0.34,0.49
SOME,2017-08-21 02:00:00 EDT,41.31037,-73.76711,607,64.0,67.3,64.0,86.6,59.9,0.000,0.000,0.00,0.000,0.4,1.8,0.5,225,14,0.8,2.5,0.5,239,37,0.4,1.8,0.5,225,14,0,29.53,,0,0,0,79.5,76.8,73.8,0.37,0.35,0.49
SOME,2017-08-21 02:05:00 EDT,41.31037,-73.76711,607,64.1,67.3,64.1,86.3,59.9,0.000,0.000,0.00,0.000,0.0,0.7,0.1,301,1,0.4,1.4,0.3,352,68,0.0,0.7,0.1,301,1,0,29.53,,0,0,0,79.5,76.8,73.8,0.37,0.34,0.49
SOME,2017-08-21 02:10:00 EDT,41.31037,-73.76711,607,64.8,67.7,64.8,84.6,60.1,0.000,0.000,0.00,0.000,0.2,1.0,0.3,272,8,0.6,1.7,0.4,293,30,0.2,1.0,0.3,272,8,0,29.53,,0,0,0,79.5,76.8,73.8,0.37,0.34,0.49
SOME,2017-08-21 02:15:00 EDT,41.31037,-73.76711,607,65.0,67.8,65.0,83.1,59.7,0.000,0.000,0.00,0.000,0.2,0.7,0.3,199,0,0.7,1.3,0.3,201,29,0.2,0.7,0.3,199,0,0,29.53,,0,0,0,79.5,76.8,73.9,0.37,0.34,0.49
SOME,2017-08-21 02:20:00 EDT,41.31037,-73.76711,607,62.7,66.0,62.7,84.6,58.0,0.000,0.000,0.00,0.000,0.0,0.0,0.0,0,0,0.5,1.1,0.2,206,19,0.0,0.0,0.0,0,0,0,29.53,,0,0,0,79.5,76.8,73.9,0.37,0.34,0.49
SOME,2017-08-21 02:25:00 EDT,41.31037,-73.76711,607,62.1,64.9,62.1,88.0,58.5,0.000,0.000,0.00,0.000,0.3,0.9,0.4,159,18,1.1,1.4,0.2,151,22,0.3,0.9,0.4,159,18,0,29.53,,0,0,0,79.5,76.8,73.9,0.37,0.34,0.49
SOME,2017-08-21 02:30:00 EDT,41.31037,-73.76711,607,62.5,64.5,62.5,90.3,59.6,0.000,0.000,0.00,0.000,0.1,0.6,0.2,131,0,0.8,1.3,0.2,147,18,0.1,0.6,0.2,131,0,0,29.53,,0,0,0,79.5,76.8,73.8,0.37,0.34,0.49
SOME,2017-08-21 02:35:00 EDT,41.31037,-73.76711,607,63.1,64.9,63.1,90.4,60.3,0.000,0.000,0.00,0.000,0.6,1.0,0.2,132,0,1.1,1.5,0.2,156,8,0.6,1.0,0.2,132,0,0,29.53,,0,0,0,79.5,76.8,73.8,0.37,0.35,0.49
SOME,2017-08-21 02:40:00 EDT,41.31037,-73.76711,607,63.3,65.6,63.3,89.6,60.2,0.000,0.000,0.00,0.000,0.8,1.1,0.2,127,9,1.2,1.4,0.1,125,17,0.8,1.1,0.2,127,9,0,29.52,,0,0,0,79.3,76.8,73.9,0.37,0.34,0.49
SOME,2017-08-21 02:45:00 EDT,41.31037,-73.76711,607,62.8,64.8,62.8,90.0,59.8,0.000,0.000,0.00,0.000,1.4,2.8,0.6,78,16,1.9,3.3,0.7,87,13,1.4,2.8,0.6,78,16,0,29.52,,0,0,0,79.2,76.8,73.9,0.37,0.34,0.49
SOME,2017-08-21 02:50:00 EDT,41.31037,-73.76711,607,62.5,64.4,62.5,89.6,59.5,0.000,0.000,0.00,0.000,1.6,2.8,0.7,71,9,2.0,3.7,0.7,81,11,1.6,2.8,0.7,71,9,0,29.52,,0,0,0,79.2,76.8,73.9,0.37,0.34,0.49
SOME,2017-08-21 02:55:00 EDT,41.31037,-73.76711,607,63.2,64.6,63.2,91.2,60.6,0.000,0.000,0.00,0.000,0.3,1.4,0.3,70,7,0.9,1.6,0.3,73,15,0.3,1.4,0.3,70,7,0,29.52,,0,0,0,79.2,76.8,73.9,0.37,0.34,0.49
SOME,2017-08-21 03:00:00 EDT,41.31037,-73.76711,607,63.4,64.2,63.4,91.2,60.8,0.000,0.000,0.00,0.000,0.0,0.0,0.0,0,0,0.9,1.3,0.2,20,11,0.0,0.0,0.0,0,0,0,29.52,,0,0,0,79.2,76.8,73.9,0.37,0.34,0.49
SOME,2017-08-21 03:05:00 EDT,41.31037,-73.76711,607,63.0,64.3,63.0,92.3,60.7,0.000,0.000,0.00,0.000,0.0,0.5,0.1,77,4,0.9,1.5,0.2,39,42,0.0,0.5,0.1,77,4,0,29.52,,0,0,0,79.2,76.8,73.9,0.37,0.34,0.49
SOME,2017-08-21 03:10:00 EDT,41.31037,-73.76711,607,62.5,63.4,62.5,93.5,60.6,0.000,0.000,0.00,0.000,0.3,1.7,0.5,83,6,1.0,2.6,0.4,87,15,0.3,1.7,0.5,83,6,0,29.52,,0,0,0,79.2,76.8,73.9,0.37,0.34,0.49
SOME,2017-08-21 03:15:00 EDT,41.31037,-73.76711,607,62.8,63.2,62.8,95.1,61.4,0.000,0.000,0.00,0.000,1.1,2.2,0.5,63,14,1.6,3.0,0.5,72,17,1.1,2.2,0.5,63,14,0,29.52,,0,0,0,79.2,76.8,73.9,0.37,0.34,0.49
SOME,2017-08-21 03:20:00 EDT,41.31037,-73.76711,607,62.6,63.1,62.6,95.6,61.4,0.000,0.000,0.00,0.000,0.8,2.0,0.5,77,14,1.3,2.6,0.4,88,16,0.8,2.0,0.5,77,14,0,29.53,,0,0,0,79.2,76.8,73.9,0.37,0.34,0.49
SOME,2017-08-21 03:25:00 EDT,41.31037,-73.76711,607,62.6,63.1,62.6,95.8,61.4,0.000,0.000,0.00,0.000,1.1,1.8,0.4,78,11,1.6,2.4,0.4,89,15,1.1,1.8,0.4,78,11,0,29.53,,0,0,0,79.2,76.8,73.8,0.37,0.34,0.49
SOME,2017-08-21 03:30:00 EDT,41.31037,-73.76711,607,62.8,63.1,62.8,96.6,61.8,0.000,0.000,0.00,0.000,0.1,1.1,0.2,72,2,0.7,1.9,0.3,80,15,0.1,1.1,0.2,72,2,0,29.53,,0,0,0,79.2,76.8,73.9,0.37,0.34,0.49
SOME,2017-08-21 03:35:00 EDT,41.31037,-73.76711,607,62.6,63.1,62.6,96.7,61.7,0.000,0.000,0.00,0.000,0.3,0.9,0.3,68,12,1.0,1.7,0.2,65,17,0.3,0.9,0.3,68,12,0,29.52,,0,0,0,79.1,76.8,73.9,0.37,0.34,0.49
SOME,2017-08-21 03:40:00 EDT,41.31037,-73.76711,607,62.6,63.0,62.6,96.9,61.7,0.000,0.000,0.00,0.000,0.0,0.4,0.1,38,0,0.6,1.1,0.1,53,14,0.0,0.4,0.1,38,0,0,29.52,,0,0,0,78.8,76.8,73.9,0.37,0.34,0.49
SOME,2017-08-21 03:45:00 EDT,41.31037,-73.76711,607,62.6,62.9,62.6,97.1,61.8,0.000,0.000,0.00,0.000,0.1,1.0,0.3,37,0,0.7,1.5,0.3,53,17,0.1,1.0,0.3,37,0,0,29.52,,0,0,0,78.6,76.8,73.9,0.37,0.34,0.49
SOME,2017-08-21 03:50:00 EDT,41.31037,-73.76711,607,62.5,62.9,62.5,97.1,61.6,0.000,0.000,0.00,0.000,0.0,0.0,0.0,0,0,0.7,1.0,0.1,86,9,0.0,0.0,0.0,0,0,0,29.52,,0,0,0,78.6,76.8,73.9,0.37,0.34,0.49
SOME,2017-08-21 03:55:00 EDT,41.31037,-73.76711,607,62.5,62.9,62.5,97.2,61.7,0.000,0.000,0.00,0.000,0.0,0.0,0.0,0,0,0.6,1.1,0.1,85,11,0.0,0.0,0.0,0,0,0,29.52,,0,0,0,78.6,76.8,73.9,0.37,0.34,0.49
SOME,2017-08-21 04:00:00 EDT,41.31037,-73.76711,607,62.6,63.2,62.6,97.2,61.8,0.000,0.000,0.00,0.000,0.0,0.0,0.0,0,0,0.8,1.3,0.2,103,14,0.0,0.0,0.0,0,0,0,29.53,,0,0,0,78.6,76.8,73.9,0.37,0.34,0.49
SOME,2017-08-21 04:05:00 EDT,41.31037,-73.76711,607,62.8,63.3,62.8,97.5,62.1,0.000,0.000,0.00,0.000,0.0,0.0,0.0,0,0,0.3,0.6,0.1,80,34,0.0,0.0,0.0,0,0,0,29.53,,0,0,0,78.6,76.8,73.9,0.37,0.34,0.49
SOME,2017-08-21 04:10:00 EDT,41.31037,-73.76711,607,61.8,63.2,61.8,97.2,61.0,0.000,0.000,0.00,0.000,0.0,0.0,0.0,0,0,0.4,0.8,0.1,3,14,0.0,0.0,0.0,0,0,0,29.53,,0,0,0,78.6,76.8,73.9,0.37,0.34,0.49
SOME,2017-08-21 04:15:00 EDT,41.31037,-73.76711,607,61.8,63.2,61.8,97.0,61.0,0.000,0.000,0.00,0.000,0.0,0.0,0.0,0,0,0.4,0.8,0.2,308,25,0.0,0.0,0.0,0,0,0,29.53,,0,0,0,78.6,76.8,73.9,0.37,0.34,0.49
SOME,2017-08-21 04:20:00 EDT,41.31037,-73.76711,607,62.0,63.3,62.0,96.9,61.1,0.000,0.000,0.00,0.000,0.0,0.0,0.0,0,0,0.3,0.6,0.1,105,35,0.0,0.0,0.0,0,0,0,29.53,,0,0,0,78.6,76.8,73.9,0.37,0.34,0.49
SOME,2017-08-21 04:25:00 EDT,41.31037,-73.76711,607,62.0,63.1,62.0,97.2,61.2,0.000,0.000,0.00,0.000,0.0,0.0,0.0,0,0,0.4,0.9,0.2,162,26,0.0,0.0,0.0,0,0,0,29.53,,0,0,0,78.6,76.8,73.9,0.37,0.34,0.49
SOME,2017-08-21 04:30:00 EDT,41.31037,-73.76711,607,62.0,63.0,62.0,97.2,61.2,0.000,0.000,0.00,0.000,0.0,0.0,0.0,0,0,0.9,1.1,0.1,193,7,0.0,0.0,0.0,0,0,0,29.53,,0,0,0,78.4,76.8,73.9,0.37,0.34,0.49
SOME,2017-08-21 04:35:00 EDT,41.31037,-73.76711,607,62.5,63.2,62.5,97.6,61.8,0.000,0.000,0.00,0.000,0.0,0.0,0.0,0,0,0.6,0.9,0.2,242,28,0.0,0.0,0.0,0,0,0,29.53,,0,0,0,78.1,76.8,73.9,0.37,0.34,0.49
SOME,2017-08-21 04:40:00 EDT,41.31037,-73.76711,607,62.6,64.1,62.6,97.7,61.9,0.000,0.000,0.00,0.000,0.7,1.7,0.6,250,5,1.3,2.1,0.4,263,11,0.7,1.7,0.6,250,5,0,29.53,,0,0,0,78.1,76.8,73.9,0.37,0.34,0.49
SOME,2017-08-21 04:45:00 EDT,41.31037,-73.76711,607,62.0,64.8,62.0,97.2,61.2,0.000,0.000,0.00,0.000,0.4,1.2,0.4,262,22,0.9,1.8,0.3,289,36,0.4,1.2,0.4,262,22,0,29.53,,0,0,0,78.1,76.8,73.9,0.37,0.34,0.49
SOME,2017-08-21 04:50:00 EDT,41.31037,-73.76711,607,61.5,64.8,61.5,96.7,60.5,0.000,0.000,0.00,0.000,0.1,1.0,0.2,282,9,0.8,1.6,0.3,257,34,0.1,1.0,0.2,282,9,0,29.53,,0,0,0,78.1,76.8,73.9,0.37,0.34,0.49
SOME,2017-08-21 04:55:00 EDT,41.31037,-73.76711,607,61.7,64.3,61.7,96.8,60.8,0.000,0.000,0.00,0.000,0.0,0.0,0.0,0,0,0.4,0.8,0.2,185,39,0.0,0.0,0.0,0,0,0,29.53,,0,0,0,78.1,76.8,73.9,0.37,0.34,0.49
SOME,2017-08-21 05:00:00 EDT,41.31037,-73.76711,607,62.1,63.9,62.1,97.0,61.2,0.000,0.000,0.00,0.000,0.0,0.0,0.0,0,0,0.5,0.9,0.1,156,35,0.0,0.0,0.0,0,0,0,29.53,,0,0,0,78.1,76.8,73.9,0.37,0.34,0.49
SOME,2017-08-21 05:05:00 EDT,41.31037,-73.76711,607,61.7,63.5,61.7,96.8,60.8,0.000,0.000,0.00,0.000,0.0,0.0,0.0,0,0,0.7,0.9,0.1,72,39,0.0,0.0,0.0,0,0,0,29.53,,0,0,0,78.1,76.8,73.9,0.37,0.34,0.49
SOME,2017-08-21 05:10:00 EDT,41.31037,-73.76711,607,61.9,63.7,61.9,96.8,61.0,0.000,0.000,0.00,0.000,0.0,0.0,0.0,0,0,1.0,1.6,0.2,333,9,0.0,0.0,0.0,0,0,0,29.53,,0,0,0,78.1,76.8,73.9,0.37,0.34,0.49
SOME,2017-08-21 05:15:00 EDT,41.31037,-73.76711,607,61.7,63.9,61.7,96.6,60.7,0.000,0.000,0.00,0.000,0.3,0.9,0.3,287,23,1.2,1.7,0.2,319,10,0.3,0.9,0.3,287,23,0,29.53,,0,0,0,78.1,76.8,73.9,0.37,0.34,0.49
SOME,2017-08-21 05:20:00 EDT,41.31037,-73.76711,607,61.6,63.9,61.6,96.4,60.6,0.000,0.000,0.00,0.000,0.0,0.5,0.1,318,0,0.8,1.1,0.2,337,34,0.0,0.5,0.1,318,0,0,29.53,,0,0,0,78.1,76.8,73.9,0.37,0.34,0.49
SOME,2017-08-21 05:25:00 EDT,41.31037,-73.76711,607,61.8,64.9,61.8,96.3,60.8,0.000,0.000,0.00,0.000,0.6,1.4,0.4,247,2,1.2,1.7,0.2,265,9,0.6,1.4,0.4,247,2,0,29.53,,0,0,0,78.1,76.8,73.9,0.37,0.34,0.49
SOME,2017-08-21 05:30:00 EDT,41.31037,-73.76711,607,61.2,65.8,61.2,95.7,60.0,0.000,0.000,0.00,0.000,1.0,1.8,0.3,249,10,1.4,2.5,0.3,258,14,1.0,1.8,0.3,249,10,0,29.54,,0,0,0,78.1,76.8,73.9,0.37,0.34,0.49
SOME,2017-08-21 05:35:00 EDT,41.31037,-73.76711,607,61.2,66.4,61.2,96.1,60.1,0.000,0.000,0.00,0.000,1.7,3.7,0.4,258,13,2.1,4.4,0.5,270,14,1.7,3.7,0.4,258,13,0,29.54,,0,0,0,78.0,76.8,73.9,0.37,0.34,0.49
SOME,2017-08-21 05:40:00 EDT,41.31037,-73.76711,607,62.1,67.1,62.1,96.6,61.2,0.000,0.000,0.00,0.000,2.3,3.5,0.6,247,15,2.5,4.1,0.6,257,15,2.3,3.5,0.6,247,15,0,29.54,,0,0,0,77.8,76.8,73.9,0.37,0.34,0.49
SOME,2017-08-21 05:45:00 EDT,41.31037,-73.76711,607,62.7,67.1,62.7,95.2,61.3,0.000,0.000,0.00,0.000,2.3,3.4,0.5,255,19,2.7,4.0,0.6,266,18,2.3,3.4,0.5,255,19,0,29.54,,0,0,0,77.7,76.8,73.9,0.37,0.34,0.49
SOME,2017-08-21 05:50:00 EDT,41.31037,-73.76711,607,62.2,66.6,62.2,94.6,60.6,0.000,0.000,0.00,0.000,2.4,3.7,0.5,257,17,2.8,4.4,0.6,267,17,2.4,3.7,0.5,257,17,0,29.54,,0,0,0,77.7,76.8,73.9,0.37,0.34,0.49
SOME,2017-08-21 05:55:00 EDT,41.31037,-73.76711,607,64.3,66.9,64.3,95.2,62.9,0.000,0.000,0.00,0.000,2.7,4.1,0.7,242,14,2.9,4.6,0.8,252,16,2.7,4.1,0.7,242,14,0,29.54,,0,0,0,77.7,76.8,73.9,0.37,0.34,0.49
SOME,2017-08-21 06:00:00 EDT,41.31037,-73.76711,607,65.5,67.1,65.5,93.3,63.6,0.000,0.000,0.00,0.000,2.4,4.6,0.6,237,19,2.7,4.6,0.7,249,20,2.4,4.6,0.6,237,19,1,29.54,,0,0,0,77.7,76.8,73.9,0.37,0.34,0.49
SOME,2017-08-21 06:05:00 EDT,41.31037,-73.76711,607,63.9,66.8,63.9,90.7,61.1,0.000,0.000,0.00,0.000,1.7,3.0,0.6,246,16,2.0,3.7,0.6,255,18,1.7,3.0,0.6,246,16,2,29.55,,0,0,0,77.7,76.8,73.9,0.37,0.34,0.49
SOME,2017-08-21 06:10:00 EDT,41.31037,-73.76711,607,63.1,66.9,63.1,92.9,61.1,0.000,0.000,0.00,0.000,2.0,3.2,0.6,239,14,2.3,4.0,0.6,248,14,2.0,3.2,0.6,239,14,2,29.55,,0,0,0,77.7,76.8,73.9,0.37,0.34,0.49
SOME,2017-08-21 06:15:00 EDT,41.31037,-73.76711,607,62.6,66.8,62.6,93.8,60.8,0.000,0.000,0.00,0.000,1.1,2.2,0.5,246,21,1.6,2.5,0.5,257,24,1.1,2.2,0.5,246,21,4,29.55,,0,0,0,77.7,76.8,73.9,0.37,0.34,0.49
SOME,2017-08-21 06:20:00 EDT,41.31037,-73.76711,607,62.7,66.7,62.7,95.1,61.3,0.000,0.000,0.00,0.000,2.1,3.4,0.5,238,11,2.3,3.9,0.5,246,13,2.1,3.4,0.5,238,11,7,29.55,,0,0,0,77.7,76.8,73.9,0.37,0.34,0.49
SOME,2017-08-21 06:25:00 EDT,41.31037,-73.76711,607,62.3,66.5,62.3,95.5,60.9,0.000,0.000,0.00,0.000,1.5,2.1,0.3,238,8,1.8,2.7,0.3,247,11,1.5,2.1,0.3,238,8,10,29.55,,0,0,0,77.7,76.8,73.9,0.37,0.34,0.49
SOME,2017-08-21 06:30:00 EDT,41.31037,-73.76711,607,63.6,66.5,63.6,96.5,62.6,0.000,0.000,0.00,0.000,2.5,3.7,0.7,230,10,2.8,4.1,0.7,240,10,2.5,3.7,0.7,230,10,18,29.55,,0,0,0,77.6,76.8,73.9,0.37,0.34,0.49
SOME,2017-08-21 06:35:00 EDT,41.31037,-73.76711,607,64.2,66.3,64.2,96.1,63.1,0.000,0.000,0.00,0.000,2.3,3.1,0.5,229,9,2.5,3.8,0.5,237,9,2.3,3.1,0.5,229,9,24,29.55,,0,0,0,77.2,76.8,73.9,0.37,0.34,0.49
SOME,2017-08-21 06:40:00 EDT,41.31037,-73.76711,607,64.9,66.5,64.9,95.1,63.5,0.000,0.000,0.00,0.000,2.3,3.0,0.4,232,9,2.5,3.9,0.5,241,11,2.3,3.0,0.4,232,9,30,29.55,,0,0,0,77.2,76.8,73.9,0.37,0.34,0.49
SOME,2017-08-21 06:45:00 EDT,41.31037,-73.76711,607,64.2,66.7,64.2,93.1,62.2,0.000,0.000,0.00,0.000,0.8,2.4,0.8,233,9,1.3,2.4,0.6,241,21,0.8,2.4,0.8,233,9,35,29.55,,0,0,0,77.2,76.8,73.9,0.37,0.34,0.49
SOME,2017-08-21 06:50:00 EDT,41.31037,-73.76711,607,63.3,66.1,63.3,93.0,61.2,0.000,0.000,0.00,0.000,0.0,0.0,0.0,0,0,0.5,1.0,0.2,231,65,0.0,0.0,0.0,0,0,51,29.55,,0,0,0,77.2,76.8,73.9,0.37,0.34,0.49
SOME,2017-08-21 06:55:00 EDT,41.31037,-73.76711,607,62.6,64.9,62.6,93.1,60.5,0.000,0.000,0.00,0.000,0.0,0.0,0.0,0,0,0.3,0.7,0.1,87,41,0.0,0.0,0.0,0,0,52,29.55,,0,0,0,77.2,76.8,73.9,0.37,0.34,0.49
SOME,2017-08-21 07:00:00 EDT,41.31037,-73.76711,607,62.1,65.1,62.1,91.9,59.7,0.000,0.000,0.00,0.000,0.0,0.0,0.0,0,0,0.3,0.8,0.2,169,44,0.0,0.0,0.0,0,0,52,29.55,,0,0,0,77.2,76.8,73.9,0.37,0.34,0.49
SOME,2017-08-21 07:05:00 EDT,41.31037,-73.76711,607,62.6,65.3,62.6,93.7,60.8,0.000,0.000,0.00,0.000,0.0,0.7,0.1,224,0,0.7,1.2,0.3,204,21,0.0,0.7,0.1,224,0,50,29.55,,0,0,0,77.2,76.8,73.9,0.37,0.34,0.49
SOME,2017-08-21 07:10:00 EDT,41.31037,-73.76711,607,63.9,65.5,63.9,95.1,62.4,0.000,0.000,0.00,0.000,0.5,1.2,0.4,221,5,1.0,1.6,0.3,237,14,0.5,1.2,0.4,221,5,90,29.55,,0,0,0,77.2,76.8,73.9,0.37,0.34,0.49
SOME,2017-08-21 07:15:00 EDT,41.31037,-73.76711,607,65.0,66.5,65.0,95.4,63.6,0.000,0.000,0.00,0.000,0.9,1.5,0.4,231,8,1.2,1.9,0.3,240,11,0.9,1.5,0.4,231,8,121,29.55,,0,0,0,77.2,76.8,73.9,0.37,0.34,0.49
SOME,2017-08-21 07:20:00 EDT,41.31037,-73.76711,607,65.7,66.9,65.7,95.5,64.3,0.000,0.000,0.00,0.000,0.6,1.4,0.5,226,1,0.9,1.6,0.4,229,19,0.6,1.4,0.5,226,1,136,29.55,,0,0,0,77.2,76.8,73.9,0.37,0.34,0.49
SOME,2017-08-21 07:25:00 EDT,41.31037,-73.76711,607,65.5,66.4,65.5,93.3,63.5,0.000,0.000,0.00,0.000,0.2,1.6,0.4,230,5,0.7,2.0,0.3,223,18,0.2,1.6,0.4,230,5,140,29.55,,0,0,0,77.2,76.8,73.9,0.37,0.34,0.49
SOME,2017-08-21 07:30:00 EDT,41.31037,-73.76711,607,65.7,66.9,65.7,90.0,62.7,0.000,0.000,0.00,0.000,0.8,1.8,0.5,215,10,1.1,2.0,0.3,232,20,0.8,1.8,0.5,215,10,143,29.55,,0,0,0,77.2,76.8,73.9,0.37,0.35,0.49
SOME,2017-08-21 07:35:00 EDT,41.31037,-73.76711,607,66.4,66.8,66.4,91.1,63.8,0.000,0.000,0.00,0.000,0.4,1.5,0.4,243,7,1.0,2.2,0.4,254,18,0.4,1.5,0.4,243,7,159,29.56,,0,0,0,77.2,76.8,73.9,0.37,0.34,0.49
SOME,2017-08-21 07:40:00 EDT,41.31037,-73.76711,607,67.1,67.3,67.1,89.6,63.9,0.000,0.000,0.00,0.000,0.2,1.2,0.4,233,4,0.8,2.0,0.4,239,32,0.2,1.2,0.4,233,4,183,29.56,,0,0,0,77.0,76.8,73.9,0.37,0.34,0.49
SOME,2017-08-21 07:45:00 EDT,41.31037,-73.76711,607,67.4,67.7,67.4,88.4,63.9,0.000,0.000,0.00,0.000,0.1,0.6,0.1,172,0,0.7,1.4,0.3,201,26,0.1,0.6,0.1,172,0,198,29.56,,0,0,0,76.8,76.8,73.9,0.37,0.34,0.49
SOME,2017-08-21 07:50:00 EDT,41.31037,-73.76711,607,67.5,67.9,67.5,86.7,63.4,0.000,0.000,0.00,0.000,0.5,1.6,0.5,213,14,1.1,2.5,0.4,214,28,0.5,1.6,0.5,213,14,180,29.56,,0,0,0,76.8,76.8,73.9,0.37,0.34,0.49
SOME,2017-08-21 07:55:00 EDT,41.31037,-73.76711,607,68.0,68.2,68.0,86.7,63.9,0.000,0.000,0.00,0.000,0.3,1.4,0.4,232,13,0.8,2.1,0.4,229,33,0.3,1.4,0.4,232,13,209,29.56,,0,0,0,76.8,76.8,73.9,0.37,0.34,0.49
SOME,2017-08-21 08:00:00 EDT,41.31037,-73.76711,607,68.3,68.7,68.3,85.8,63.9,0.000,0.000,0.00,0.000,0.6,1.9,0.6,218,11,1.1,2.6,0.5,233,30,0.6,1.9,0.6,218,11,249,29.56,,0,0,0,76.8,76.8,73.9,0.37,0.34,0.49
SOME,2017-08-21 08:05:00 EDT,41.31037,-73.76711,607,68.6,68.9,68.6,85.3,64.0,0.000,0.000,0.00,0.000,1.3,2.6,0.5,229,12,1.7,3.4,0.5,238,13,1.3,2.6,0.5,229,12,185,29.56,,0,0,0,76.8,76.8,73.9,0.37,0.34,0.49
SOME,2017-08-21 08:10:00 EDT,41.31037,-73.76711,607,68.8,68.8,68.8,85.9,64.4,0.000,0.000,0.00,0.000,0.2,1.3,0.3,225,13,0.8,1.8,0.4,236,35,0.2,1.3,0.3,225,13,213,29.56,,0,0,0,76.8,76.8,73.9,0.37,0.34,0.49
SOME,2017-08-21 08:15:00 EDT,41.31037,-73.76711,607,69.4,69.2,69.4,85.5,64.9,0.000,0.000,0.00,0.000,0.1,1.0,0.2,225,15,0.8,1.6,0.3,291,54,0.1,1.0,0.2,225,15,215,29.56,,0,0,0,76.8,76.8,73.9,0.37,0.34,0.49
SOME,2017-08-21 08:20:00 EDT,41.31037,-73.76711,607,70.1,69.6,70.1,79.7,63.5,0.000,0.000,0.00,0.000,0.4,1.7,0.5,269,29,1.1,2.9,0.6,281,45,0.4,1.7,0.5,269,29,220,29.56,,0,0,0,76.8,76.8,73.9,0.37,0.34,0.49
SOME,2017-08-21 08:25:00 EDT,41.31037,-73.76711,607,70.2,70.1,70.2,79.8,63.7,0.000,0.000,0.00,0.000,0.6,2.0,0.5,234,24,1.1,2.2,0.5,244,34,0.6,2.0,0.5,234,24,237,29.56,,0,0,0,76.8,76.8,73.9,0.37,0.34,0.49
SOME,2017-08-21 08:30:00 EDT,41.31037,-73.76711,607,70.4,70.5,70.4,79.1,63.7,0.000,0.000,0.00,0.000,1.2,3.1,0.6,219,17,1.7,3.9,0.6,231,19,1.2,3.1,0.6,219,17,249,29.56,,0,0,0,76.8,76.8,73.9,0.37,0.34,0.49
SOME,2017-08-21 08:35:00 EDT,41.31037,-73.76711,607,70.6,70.6,70.6,80.0,64.1,0.000,0.000,0.00,0.000,1.6,3.2,0.6,212,15,1.9,3.4,0.5,222,14,1.6,3.2,0.6,212,15,229,29.56,,0,0,0,76.8,76.8,73.9,0.37,0.34,0.49
SOME,2017-08-21 08:40:00 EDT,41.31037,-73.76711,607,70.6,70.5,70.6,79.5,64.0,0.000,0.000,0.00,0.000,1.8,3.4,0.9,212,23,2.3,4.5,0.9,224,25,1.8,3.4,0.9,212,23,229,29.56,,0,0,0,76.8,76.8,73.9,0.37,0.34,0.49
SOME,2017-08-21 08:45:00 EDT,41.31037,-73.76711,607,70.9,70.7,70.9,79.8,64.4,0.000,0.000,0.00,0.000,2.0,3.0,0.5,198,15,2.2,3.6,0.5,209,16,2.0,3.0,0.5,198,15,289,29.56,,0,0,0,76.8,76.8,73.9,0.37,0.34,0.49
SOME,2017-08-21 08:50:00 EDT,41.31037,-73.76711,607,71.2,71.1,71.2,79.5,64.5,0.000,0.000,0.00,0.000,2.4,4.9,0.8,215,25,2.6,5.5,1.0,229,25,2.4,4.9,0.8,215,25,302,29.56,,0,0,0,76.8,76.8,73.9,0.37,0.34,0.49
SOME,2017-08-21 08:55:00 EDT,41.31037,-73.76711,607,71.6,71.3,71.6,78.0,64.4,0.000,0.000,0.00,0.000,2.7,5.3,1.1,211,11,2.9,5.3,1.0,223,12,2.7,5.3,1.1,211,11,274,29.56,,0,0,0,76.8,76.8,73.9,0.37,0.34,0.49
SOME,2017-08-21 09:00:00 EDT,41.31037,-73.76711,607,71.6,71.3,71.6,77.6,64.2,0.000,0.000,0.00,0.000,2.4,5.0,1.0,224,17,2.6,4.7,1.0,235,17,2.4,5.0,1.0,224,17,235,29.56,,0,0,0,76.7,76.8,73.9,0.37,0.34,0.49
SOME,2017-08-21 09:05:00 EDT,41.31037,-73.76711,607,71.8,71.4,71.8,76.7,64.1,0.000,0.000,0.00,0.000,2.2,4.6,1.0,243,24,3.0,5.5,1.0,250,25,2.2,4.6,1.0,243,24,225,29.56,,0,0,0,76.7,76.8,73.9,0.37,0.34,0.49
SOME,2017-08-21 09:10:00 EDT,41.31037,-73.76711,607,71.7,71.4,71.7,75.6,63.5,0.000,0.000,0.00,0.000,1.6,4.2,1.1,253,33,2.3,5.3,1.2,266,42,1.6,4.2,1.1,253,33,164,29.55,,0,0,0,76.6,76.8,73.9,0.37,0.35,0.49
SOME,2017-08-21 09:15:00 EDT,41.31037,-73.76711,607,71.6,71.3,71.6,75.4,63.4,0.000,0.000,0.00,0.000,1.6,4.8,1.0,267,33,2.2,5.7,1.2,276,38,1.6,4.8,1.0,267,33,178,29.55,,0,0,0,76.5,76.8,73.9,0.37,0.34,0.49
SOME,2017-08-21 09:20:00 EDT,41.31037,-73.76711,607,71.7,71.4,71.7,77.1,64.1,0.000,0.000,0.00,0.000,1.2,3.9,0.8,224,16,1.6,3.7,0.7,234,21,1.2,3.9,0.8,224,16,228,29.55,,0,0,0,76.5,76.8,73.9,0.37,0.34,0.49
SOME,2017-08-21 09:25:00 EDT,41.31037,-73.76711,607,72.5,72.1,72.5,76.8,64.8,0.000,0.000,0.00,0.000,1.9,3.4,0.7,219,20,2.3,3.9,0.7,229,19,1.9,3.4,0.7,219,20,485,29.55,,0,0,0,76.5,76.8,73.9,0.37,0.34,0.49
SOME,2017-08-21 09:30:00 EDT,41.31037,-73.76711,607,73.1,72.5,73.1,72.1,63.6,0.000,0.000,0.00,0.000,2.3,5.1,1.3,251,19,3.1,6.4,1.4,261,24,2.3,5.1,1.3,251,19,501,29.55,,0,0,0,76.5,76.8,73.9,0.37,0.34,0.49
SOME,2017-08-21 09:35:00 EDT,41.31037,-73.76711,607,73.8,73.2,73.8,71.3,63.9,0.000,0.000,0.00,0.000,1.9,4.5,1.0,246,34,2.6,5.6,1.2,258,32,1.9,4.5,1.0,246,34,477,29.55,,0,0,0,76.5,76.8,73.9,0.37,0.34,0.49
SOME,2017-08-21 09:40:00 EDT,41.31037,-73.76711,607,74.5,73.9,74.5,70.0,64.1,0.000,0.000,0.00,0.000,2.7,6.1,1.3,248,31,3.5,7.1,1.4,261,30,2.7,6.1,1.3,248,31,485,29.55,,0,0,0,76.5,76.8,73.9,0.37,0.34,0.49
SOME,2017-08-21 09:45:00 EDT,41.31037,-73.76711,607,74.8,74.2,74.8,68.1,63.5,0.000,0.000,0.00,0.000,3.0,7.9,2.2,265,35,3.8,10.1,2.1,268,40,3.0,7.9,2.2,265,35,490,29.55,,0,0,0,76.5,76.8,73.9,0.37,0.34,0.49
SOME,2017-08-21 09:50:00 EDT,41.31037,-73.76711,607,74.9,74.3,74.9,67.2,63.3,0.000,0.000,0.00,0.000,3.7,7.5,1.7,277,29,4.3,9.6,1.8,288,31,3.7,7.5,1.7,277,29,540,29.55,,0,0,0,76.5,76.8,73.9,0.37,0.34,0.49
SOME,2017-08-21 09:55:00 EDT,41.31037,-73.76711,607,75.3,74.5,75.3,67.6,63.8,0.000,0.000,0.00,0.000,2.7,6.0,1.6,253,45,3.3,7.3,1.6,264,46,2.7,6.0,1.6,253,45,451,29.55,,0,0,0,76.5,76.8,73.9,0.37,0.34,0.49
SOME,2017-08-21 10:00:00 EDT,41.31037,-73.76711,607,75.7,74.9,75.7,67.5,64.2,0.000,0.000,0.00,0.000,2.4,6.1,1.6,246,21,3.1,7.4,1.7,258,30,2.4,6.1,1.6,246,21,505,29.55,,0,0,0,76.6,76.8,73.9,0.37,0.34,0.49
SOME,2017-08-21 10:05:00 EDT,41.31037,-73.76711,607,76.2,75.1,76.2,67.4,64.7,0.000,0.000,0.00,0.000,2.4,4.6,0.9,245,29,3.0,6.4,1.0,258,31,2.4,4.6,0.9,245,29,547,29.55,,0,0,0,76.6,76.8,73.9,0.37,0.34,0.49
SOME,2017-08-21 10:10:00 EDT,41.31037,-73.76711,607,76.4,75.5,76.4,66.3,64.3,0.000,0.000,0.00,0.000,2.9,5.8,1.6,229,22,3.4,7.4,1.6,243,25,2.9,5.8,1.6,229,22,557,29.55,,0,0,0,76.6,76.8,73.9,0.37,0.34,0.49
SOME,2017-08-21 10:15:00 EDT,41.31037,-73.76711,607,75.8,75.2,75.8,66.4,63.9,0.000,0.000,0.00,0.000,3.5,5.6,1.2,235,17,3.9,6.3,1.3,247,15,3.5,5.6,1.2,235,17,409,29.55,,0,0,0,76.7,76.8,73.9,0.37,0.34,0.49
SOME,2017-08-21 10:20:00 EDT,41.31037,-73.76711,607,76.1,75.2,76.1,67.6,64.6,0.000,0.000,0.00,0.000,3.5,5.7,0.9,231,21,4.0,6.8,1.0,242,21,3.5,5.7,0.9,231,21,539,29.55,,0,0,0,76.8,76.8,73.9,0.37,0.34,0.49
SOME,2017-08-21 10:25:00 EDT,41.31037,-73.76711,607,76.5,75.7,76.5,67.8,65.1,0.000,0.000,0.00,0.000,4.0,6.4,1.1,215,15,4.2,7.0,1.2,227,15,4.0,6.4,1.1,215,15,565,29.55,,0,0,0,76.8,76.8,73.9,0.37,0.34,0.49
SOME,2017-08-21 10:30:00 EDT,41.31037,-73.76711,607,76.4,75.6,76.4,65.9,64.2,0.000,0.000,0.00,0.000,4.0,7.2,1.5,246,20,4.8,8.6,1.7,257,20,4.0,7.2,1.5,246,20,513,29.55,,0,0,0,76.8,76.8,73.9,0.37,0.34,0.49
SOME,2017-08-21 10:35:00 EDT,41.31037,-73.76711,607,76.7,75.9,76.7,66.4,64.7,0.000,0.000,0.00,0.000,2.0,6.1,1.5,257,31,2.6,6.8,1.5,264,38,2.0,6.1,1.5,257,31,545,29.55,,0,0,0,76.8,76.8,73.9,0.37,0.34,0.49
SOME,2017-08-21 10:40:00 EDT,41.31037,-73.76711,607,76.8,75.9,76.8,66.0,64.6,0.000,0.000,0.00,0.000,2.5,5.6,1.1,248,23,3.1,6.1,1.2,258,26,2.5,5.6,1.1,248,23,404,29.56,,0,0,0,76.8,76.8,73.9,0.37,0.34,0.49
SOME,2017-08-21 10:45:00 EDT,41.31037,-73.76711,607,76.9,76.2,76.9,66.8,65.1,0.000,0.000,0.00,0.000,2.8,5.3,1.0,244,23,3.4,6.5,1.1,259,23,2.8,5.3,1.0,244,23,578,29.56,,0,0,0,76.8,76.8,73.9,0.37,0.34,0.49
SOME,2017-08-21 10:50:00 EDT,41.31037,-73.76711,607,77.4,76.6,77.4,66.1,65.2,0.000,0.000,0.00,0.000,2.2,5.3,1.4,270,31,3.0,7.1,1.6,280,32,2.2,5.3,1.4,270,31,551,29.56,,0,0,0,76.8,76.7,73.9,0.37,0.34,0.49
SOME,2017-08-21 10:55:00 EDT,41.31037,-73.76711,607,77.4,76.5,77.4,64.9,64.6,0.000,0.000,0.00,0.000,2.5,5.8,1.5,251,15,3.3,7.2,1.6,261,20,2.5,5.8,1.5,251,15,449,29.56,,0,0,0,76.8,76.8,73.9,0.37,0.34,0.49
SOME,2017-08-21 11:00:00 EDT,41.31037,-73.76711,607,77.3,76.5,77.3,65.5,64.9,0.000,0.000,0.00,0.000,3.2,6.2,1.7,246,22,3.9,7.4,1.6,260,22,3.2,6.2,1.7,246,22,507,29.56,,0,0,0,76.8,76.8,73.9,0.37,0.34,0.49
SOME,2017-08-21 11:05:00 EDT,41.31037,-73.76711,607,78.1,77.3,78.1,64.9,65.4,0.000,0.000,0.00,0.000,2.1,5.8,1.2,258,40,2.9,7.0,1.4,270,43,2.1,5.8,1.2,258,40,629,29.56,,0,0,0,76.8,76.7,73.9,0.37,0.34,0.49
SOME,2017-08-21 11:10:00 EDT,41.31037,-73.76711,607,78.2,77.3,78.2,62.9,64.5,0.000,0.000,0.00,0.000,2.4,6.6,1.6,280,27,3.2,7.8,1.7,290,29,2.4,6.6,1.6,280,27,557,29.56,,0,0,0,76.8,76.7,73.9,0.37,0.34,0.49
SOME,2017-08-21 11:15:00 EDT,41.31037,-73.76711,607,78.2,77.3,78.2,63.0,64.6,0.000,0.000,0.00,0.000,1.8,3.8,0.8,257,35,2.4,4.5,0.9,273,34,1.8,3.8,0.8,257,35,606,29.56,,0,0,0,76.8,76.7,73.9,0.37,0.34,0.49
SOME,2017-08-21 11:20:00 EDT,41.31037,-73.76711,607,78.7,77.8,78.7,62.6,64.9,0.000,0.000,0.00,0.000,4.2,7.4,1.7,217,18,4.6,8.1,1.7,230,19,4.2,7.4,1.7,217,18,679,29.56,,0,0,0,76.8,76.7,73.9,0.37,0.34,0.49
SOME,2017-08-21 11:25:00 EDT,41.31037,-73.76711,607,79.4,78.1,79.4,61.9,65.2,0.000,0.000,0.00,0.000,2.9,5.7,1.2,261,35,3.5,6.5,1.3,271,36,2.9,5.7,1.2,261,35,696,29.55,,0,0,0,76.9,76.6,73.9,0.37,0.34,0.49
SOME,2017-08-21 11:30:00 EDT,41.31037,-73.76711,607,79.2,78.3,79.2,60.1,64.2,0.000,0.000,0.00,0.000,2.9,7.0,1.6,252,23,3.6,9.1,1.8,264,27,2.9,7.0,1.6,252,23,714,29.55,,0,0,0,77.2,76.7,73.9,0.37,0.34,0.49
SOME,2017-08-21 11:35:00 EDT,41.31037,-73.76711,607,79.5,78.4,79.5,60.2,64.5,0.000,0.000,0.00,0.000,3.6,6.4,1.2,238,24,4.2,8.0,1.4,249,23,3.6,6.4,1.2,238,24,751,29.55,,0,0,0,77.2,76.6,73.9,0.37,0.34,0.49
SOME,2017-08-21 11:40:00 EDT,41.31037,-73.76711,607,80.0,79.0,80.0,59.9,64.8,0.000,0.000,0.00,0.000,2.7,5.5,1.1,245,44,2.9,6.6,1.2,257,46,2.7,5.5,1.1,245,44,721,29.55,,0,0,0,77.2,76.7,73.9,0.37,0.34,0.49
SOME,2017-08-21 11:45:00 EDT,41.31037,-73.76711,607,80.4,79.3,82.0,57.8,64.1,0.000,0.000,0.00,0.000,2.6,6.3,1.2,257,35,3.3,7.4,1.4,272,33,2.6,6.3,1.2,257,35,751,29.55,,0,0,0,77.2,76.7,73.9,0.37,0.34,0.49
SOME,2017-08-21 11:50:00 EDT,41.31037,-73.76711,607,80.9,79.8,82.6,57.2,64.4,0.000,0.000,0.00,0.000,3.4,7.6,1.8,219,27,4.1,7.9,1.6,231,28,3.4,7.6,1.8,219,27,757,29.54,,0,0,0,77.2,76.6,73.9,0.37,0.34,0.49
SOME,2017-08-21 11:55:00 EDT,41.31037,-73.76711,607,80.1,79.1,81.6,56.7,63.4,0.000,0.000,0.00,0.000,4.6,6.7,0.9,242,31,5.1,7.9,1.0,255,30,4.6,6.7,0.9,242,31,769,29.54,,0,0,0,77.2,76.6,73.9,0.37,0.34,0.49
SOME,2017-08-21 12:00:00 EDT,41.31037,-73.76711,607,80.7,79.5,82.4,57.9,64.5,0.000,0.000,0.00,0.000,5.1,7.5,1.0,206,14,5.5,8.0,1.1,217,12,5.1,7.5,1.0,206,14,777,29.54,,0,0,0,77.2,76.7,73.9,0.37,0.34,0.49
SOME,2017-08-21 12:05:00 EDT,41.31037,-73.76711,607,80.7,79.4,82.3,56.5,63.8,0.000,0.000,0.00,0.000,4.6,7.8,1.3,210,26,5.2,8.5,1.4,222,26,4.6,7.8,1.3,210,26,784,29.54,,0,0,0,77.2,76.6,73.9,0.37,0.34,0.49
SOME,2017-08-21 12:10:00 EDT,41.31037,-73.76711,607,81.2,79.9,82.9,56.6,64.3,0.000,0.000,0.00,0.000,4.7,7.4,1.3,210,14,4.8,7.7,1.3,219,16,4.7,7.4,1.3,210,14,805,29.54,,0,0,0,77.2,76.6,73.9,0.37,0.34,0.49
SOME,2017-08-21 12:15:00 EDT,41.31037,-73.76711,607,81.1,80.1,82.7,56.3,64.1,0.000,0.000,0.00,0.000,4.4,9.0,1.8,200,23,4.9,10.4,2.0,212,24,4.4,9.0,1.8,200,23,851,29.54,,0,0,0,77.2,76.7,73.9,0.37,0.34,0.49
SOME,2017-08-21 12:20:00 EDT,41.31037,-73.76711,607,81.2,80.2,82.7,55.9,63.9,0.000,0.000,0.00,0.000,6.9,12.6,2.0,209,20,7.3,12.7,2.0,220,20,6.9,12.6,2.0,209,20,769,29.53,,0,0,0,77.6,76.7,73.9,0.37,0.34,0.49
SOME,2017-08-21 12:25:00 EDT,41.31037,-73.76711,607,81.1,79.7,82.7,56.6,64.3,0.000,0.000,0.00,0.000,5.2,10.2,1.9,212,20,5.4,10.4,2.0,223,19,5.2,10.2,1.9,212,20,782,29.53,,0,0,0,77.7,76.6,73.9,0.36,0.34,0.49
SOME,2017-08-21 12:30:00 EDT,41.31037,-73.76711,607,82.6,80.6,84.3,55.4,65.0,0.000,0.000,0.00,0.000,4.4,8.3,1.5,175,20,5.2,9.8,1.7,186,19,4.4,8.3,1.5,175,20,806,29.53,,0,0,0,77.7,76.6,73.9,0.36,0.34,0.49
SOME,2017-08-21 12:35:00 EDT,41.31037,-73.76711,607,82.4,80.4,84.2,55.3,64.8,0.000,0.000,0.00,0.000,5.2,10.2,1.8,177,18,5.8,10.5,1.8,188,16,5.2,10.2,1.8,177,18,899,29.53,,0,0,0,77.7,76.5,73.9,0.36,0.34,0.49
SOME,2017-08-21 12:40:00 EDT,41.31037,-73.76711,607,82.9,81.3,84.6,54.5,64.8,0.000,0.000,0.00,0.000,3.5,7.5,1.9,179,29,4.3,9.0,1.9,191,31,3.5,7.5,1.9,179,29,797,29.53,,0,0,0,77.7,76.5,73.9,0.36,0.34,0.49
SOME,2017-08-21 12:45:00 EDT,41.31037,-73.76711,607,82.6,81.4,84.2,54.1,64.4,0.000,0.000,0.00,0.000,7.2,12.8,3.0,222,33,7.8,13.6,3.2,233,33,7.2,12.8,3.0,222,33,559,29.52,,0,0,0,77.7,76.5,73.9,0.36,0.34,0.49
SOME,2017-08-21 12:50:00 EDT,41.31037,-73.76711,607,80.9,80.2,82.3,54.9,63.2,0.000,0.000,0.00,0.000,7.8,12.3,2.3,203,17,8.2,12.5,2.3,214,17,7.8,12.3,2.3,203,17,502,29.52,,0,0,0,77.7,76.5,73.9,0.36,0.34,0.49
SOME,2017-08-21 12:55:00 EDT,41.31037,-73.76711,607,81.1,80.2,82.6,55.6,63.7,0.000,0.000,0.00,0.000,4.6,9.4,2.1,231,25,5.1,11.3,2.0,243,27,4.6,9.4,2.1,231,25,727,29.52,,0,0,0,78.1,76.5,73.9,0.36,0.34,0.49
SOME,2017-08-21 13:00:00 EDT,41.31037,-73.76711,607,82.4,81.3,84.2,55.8,65.0,0.000,0.000,0.00,0.000,3.8,8.4,2.1,211,21,4.3,9.4,2.1,222,24,3.8,8.4,2.1,211,21,816,29.52,,0,0,0,78.1,76.5,73.9,0.36,0.34,0.49
SOME,2017-08-21 13:05:00 EDT,41.31037,-73.76711,607,82.5,81.5,84.0,53.4,63.9,0.000,0.000,0.00,0.000,6.4,13.4,2.5,202,22,6.9,14.1,2.6,211,21,6.4,13.4,2.5,202,22,764,29.52,,0,0,0,78.1,76.5,73.9,0.36,0.34,0.49
SOME,2017-08-21 13:10:00 EDT,41.31037,-73.76711,607,82.3,81.0,83.6,53.1,63.5,0.000,0.000,0.00,0.000,7.7,10.4,1.4,193,14,8.3,11.4,1.7,203,12,7.7,10.4,1.4,193,14,713,29.52,,0,0,0,78.1,76.5,73.9,0.36,0.34,0.49
SOME,2017-08-21 13:15:00 EDT,41.31037,-73.76711,607,81.9,81.1,83.3,53.9,63.6,0.000,0.000,0.00,0.000,5.0,9.1,1.8,228,29,5.5,9.4,1.9,241,29,5.0,9.1,1.8,228,29,565,29.52,,0,0,0,78.1,76.5,73.9,0.36,0.34,0.49
SOME,2017-08-21 13:20:00 EDT,41.31037,-73.76711,607,81.2,80.6,82.3,52.6,62.3,0.000,0.000,0.00,0.000,4.5,9.0,2.0,240,32,5.2,9.9,2.2,251,31,4.5,9.0,2.0,240,32,472,29.52,,0,0,0,78.1,76.5,73.9,0.36,0.34,0.49
SOME,2017-08-21 13:25:00 EDT,41.31037,-73.76711,607,81.2,80.8,82.6,54.3,63.2,0.000,0.000,0.00,0.000,6.0,11.0,1.9,205,15,6.3,10.3,2.1,216,14,6.0,11.0,1.9,205,15,463,29.52,,0,0,0,78.1,76.5,73.9,0.36,0.34,0.49
SOME,2017-08-21 13:30:00 EDT,41.31037,-73.76711,607,81.4,80.7,82.6,53.3,62.8,0.000,0.000,0.00,0.000,4.9,9.2,1.6,211,20,5.4,9.8,1.7,224,20,4.9,9.2,1.6,211,20,599,29.52,,0,0,0,78.6,76.5,73.9,0.36,0.34,0.49
SOME,2017-08-21 13:35:00 EDT,41.31037,-73.76711,607,82.3,81.5,83.7,53.4,63.7,0.000,0.000,0.00,0.000,5.7,10.2,1.9,207,23,6.3,13.8,1.8,219,22,5.7,10.2,1.9,207,23,751,29.52,,0,0,0,78.6,76.5,73.9,0.36,0.34,0.49
SOME,2017-08-21 13:40:00 EDT,41.31037,-73.76711,607,82.7,81.6,83.9,51.8,63.2,0.000,0.000,0.00,0.000,5.7,11.0,1.8,221,20,6.1,11.8,2.0,231,19,5.7,11.0,1.8,221,20,773,29.51,,0,0,0,78.6,76.5,73.9,0.36,0.34,0.49
SOME,2017-08-21 13:45:00 EDT,41.31037,-73.76711,607,82.7,81.8,83.8,51.5,63.0,0.000,0.000,0.00,0.000,7.2,12.6,2.3,214,22,7.8,12.7,2.3,223,22,7.2,12.6,2.3,214,22,657,29.51,,0,0,0,78.6,76.5,73.9,0.36,0.34,0.49
SOME,2017-08-21 13:50:00 EDT,41.31037,-73.76711,607,82.1,81.3,83.1,51.3,62.4,0.000,0.000,0.00,0.000,7.5,12.2,1.6,191,12,8.2,13.5,1.8,201,13,7.5,12.2,1.6,191,12,542,29.51,,0,0,0,78.6,76.5,73.9,0.36,0.34,0.49
SOME,2017-08-21 13:55:00 EDT,41.31037,-73.76711,607,81.9,81.4,83.1,52.4,62.8,0.000,0.000,0.00,0.000,4.8,10.2,2.2,202,20,5.4,10.9,2.2,211,19,4.8,10.2,2.2,202,20,448,29.51,,0,0,0,78.8,76.5,73.9,0.36,0.34,0.49
SOME,2017-08-21 14:00:00 EDT,41.31037,-73.76711,607,81.2,80.8,82.4,53.3,62.6,0.000,0.000,0.00,0.000,6.1,9.4,1.4,212,19,6.5,10.8,1.5,223,19,6.1,9.4,1.4,212,19,388,29.51,,0,0,0,79.2,76.5,73.9,0.36,0.34,0.49
SOME,2017-08-21 14:05:00 EDT,41.31037,-73.76711,607,81.4,80.9,82.7,53.6,63.0,0.000,0.000,0.00,0.000,6.2,9.9,1.8,202,15,6.6,10.2,1.9,213,14,6.2,9.9,1.8,202,15,539,29.51,,0,0,0,79.2,76.5,73.9,0.36,0.34,0.49
SOME,2017-08-21 14:10:00 EDT,41.31037,-73.76711,607,81.6,81.1,82.8,52.8,62.7,0.000,0.000,0.00,0.000,6.3,11.3,1.8,215,12,6.6,11.8,1.7,224,13,6.3,11.3,1.8,215,12,439,29.50,,0,0,0,79.2,76.5,73.9,0.36,0.34,0.49
SOME,2017-08-21 14:15:00 EDT,41.31037,-73.76711,607,81.0,80.7,82.2,53.6,62.6,0.000,0.000,0.00,0.000,6.1,10.4,2.0,226,17,6.6,10.8,2.0,238,16,6.1,10.4,2.0,226,17,312,29.50,,0,0,0,79.2,76.5,73.9,0.36,0.34,0.49
SOME,2017-08-21 14:20:00 EDT,41.31037,-73.76711,607,80.8,80.6,82.0,53.7,62.4,0.000,0.000,0.00,0.000,5.3,8.7,1.7,230,19,5.8,9.7,1.7,242,18,5.3,8.7,1.7,230,19,316,29.50,,0,0,0,79.2,76.5,73.9,0.36,0.34,0.49
SOME,2017-08-21 14:25:00 EDT,41.31037,-73.76711,607,80.7,80.4,81.9,54.2,62.6,0.000,0.000,0.00,0.000,4.8,9.4,1.5,222,16,5.1,10.2,1.5,232,15,4.8,9.4,1.5,222,16,292,29.50,,0,0,0,79.2,76.5,73.9,0.36,0.34,0.49
SOME,2017-08-21 14:30:00 EDT,41.31037,-73.76711,607,80.6,80.5,81.9,54.4,62.7,0.000,0.000,0.00,0.000,3.7,7.7,1.8,215,18,3.9,8.1,1.7,225,17,3.7,7.7,1.8,215,18,211,29.50,,0,0,0,79.5,76.5,73.9,0.36,0.34,0.49
SOME,2017-08-21 14:35:00 EDT,41.31037,-73.76711,607,80.0,80.2,80.0,56.3,63.0,0.000,0.000,0.00,0.000,4.9,7.5,0.9,205,15,5.2,7.6,1.1,217,15,4.9,7.5,0.9,205,15,138,29.50,,0,0,0,79.5,76.5,73.9,0.36,0.34,0.49
SOME,2017-08-21 14:40:00 EDT,41.31037,-73.76711,607,79.5,79.8,79.5,56.7,62.8,0.000,0.000,0.00,0.000,4.3,7.0,1.4,214,16,4.5,7.4,1.5,225,16,4.3,7.0,1.4,214,16,116,29.50,,0,0,0,79.5,76.5,73.9,0.36,0.34,0.49
SOME,2017-08-21 14:45:00 EDT,41.31037,-73.76711,607,79.1,79.8,79.1,58.2,63.2,0.000,0.000,0.00,0.000,4.6,6.8,1.0,204,13,4.8,7.1,1.2,215,12,4.6,6.8,1.0,204,13,191,29.50,,0,0,0,79.5,76.5,73.9,0.36,0.34,0.49
SOME,2017-08-21 14:50:00 EDT,41.31037,-73.76711,607,79.5,80.0,79.5,58.3,63.6,0.000,0.000,0.00,0.000,4.4,6.1,0.8,207,8,4.6,6.6,0.9,219,5,4.4,6.1,0.8,207,8,190,29.49,,0,0,0,79.5,76.5,73.9,0.36,0.34,0.49
SOME,2017-08-21 14:55:00 EDT,41.31037,-73.76711,607,79.5,80.0,79.5,58.6,63.7,0.000,0.000,0.00,0.000,3.8,5.7,0.8,204,7,4.1,6.2,0.9,217,6,3.8,5.7,0.8,204,7,204,29.49,,0,0,0,79.5,76.5,73.9,0.36,0.34,0.49
SOME,2017-08-21 15:00:00 EDT,41.31037,-73.76711,607,79.9,80.0,79.9,58.3,63.9,0.000,0.000,0.00,0.000,4.2,6.9,1.2,198,15,4.6,7.5,1.2,210,16,4.2,6.9,1.2,198,15,172,29.49,,0,0,0,79.8,76.5,73.9,0.36,0.34,0.49
SOME,2017-08-21 15:05:00 EDT,41.31037,-73.76711,607,79.6,79.8,79.6,59.9,64.4,0.000,0.000,0.00,0.000,3.1,4.7,0.9,193,11,3.4,5.3,0.8,205,12,3.1,4.7,0.9,193,11,209,29.49,,0,0,0,80.1,76.5,73.9,0.36,0.34,0.49
SOME,2017-08-21 15:10:00 EDT,41.31037,-73.76711,607,79.4,79.5,79.4,62.6,65.6,0.000,0.000,0.00,0.000,1.9,4.5,0.9,183,13,2.4,4.8,0.9,195,17,1.9,4.5,0.9,183,13,190,29.49,,0,0,0,80.1,76.5,73.9,0.36,0.34,0.49
SOME,2017-08-21 15:15:00 EDT,41.31037,-73.76711,607,79.6,79.6,79.6,63.1,66.0,0.000,0.000,0.00,0.000,2.1,4.0,0.8,178,14,2.7,4.7,0.9,190,14,2.1,4.0,0.8,178,14,168,29.49,,0,0,0,80.1,76.5,73.9,0.36,0.34,0.49
SOME,2017-08-21 15:20:00 EDT,41.31037,-73.76711,607,79.8,79.6,79.8,63.7,66.4,0.000,0.000,0.00,0.000,2.8,4.5,0.6,177,9,3.2,5.1,0.7,189,12,2.8,4.5,0.6,177,9,257,29.49,,0,0,0,80.1,76.5,73.9,0.36,0.34,0.49
SOME,2017-08-21 15:25:00 EDT,41.31037,-73.76711,607,80.4,79.7,82.4,61.4,65.9,0.000,0.000,0.00,0.000,4.3,5.9,0.9,164,11,4.8,7.6,1.0,173,12,4.3,5.9,0.9,164,11,257,29.49,,0,0,0,80.1,76.5,73.9,0.36,0.34,0.49
SOME,2017-08-21 15:30:00 EDT,41.31037,-73.76711,607,80.4,79.8,82.5,61.8,66.1,0.000,0.000,0.00,0.000,3.7,5.9,0.9,177,11,4.2,6.9,0.9,186,11,3.7,5.9,0.9,177,11,340,29.49,,0,0,0,80.1,76.5,73.9,0.36,0.34,0.49
SOME,2017-08-21 15:35:00 EDT,41.31037,-73.76711,607,80.8,79.9,82.9,61.2,66.1,0.000,0.000,0.00,0.000,4.1,5.5,0.7,179,11,4.6,6.3,0.9,189,11,4.1,5.5,0.7,179,11,408,29.49,,0,0,0,80.1,76.5,73.9,0.36,0.34,0.49
SOME,2017-08-21 15:40:00 EDT,41.31037,-73.76711,607,81.8,80.6,84.1,59.7,66.4,0.000,0.000,0.00,0.000,4.3,6.4,1.1,180,13,4.8,7.2,1.2,191,14,4.3,6.4,1.1,180,13,536,29.49,,0,0,0,80.2,76.5,73.9,0.36,0.34,0.49
SOME,2017-08-21 15:45:00 EDT,41.31037,-73.76711,607,82.1,81.1,84.4,59.0,66.4,0.000,0.000,0.00,0.000,3.4,5.4,1.2,183,20,4.0,6.8,1.2,194,17,3.4,5.4,1.2,183,20,550,29.49,,0,0,0,80.4,76.5,73.9,0.36,0.34,0.49
SOME,2017-08-21 15:50:00 EDT,41.31037,-73.76711,607,82.7,81.4,85.0,57.9,66.4,0.000,0.000,0.00,0.000,4.3,7.5,1.3,185,19,4.9,8.8,1.6,196,20,4.3,7.5,1.3,185,19,562,29.49,,0,0,0,80.4,76.5,73.9,0.36,0.34,0.49
SOME,2017-08-21 15:55:00 EDT,41.31037,-73.76711,607,82.7,81.9,85.1,58.2,66.5,0.000,0.000,0.00,0.000,4.0,7.5,1.8,210,22,4.5,8.7,1.8,219,23,4.0,7.5,1.8,210,22,576,29.49,,0,0,0,80.4,76.5,73.9,0.36,0.34,0.49
SOME,2017-08-21 16:00:00 EDT,41.31037,-73.76711,607,82.7,82.0,85.0,57.4,66.1,0.000,0.000,0.00,0.000,4.6,6.6,1.2,216,21,4.9,8.0,1.4,229,22,4.6,6.6,1.2,216,21,578,29.49,,0,0,0,80.4,76.5,73.9,0.36,0.34,0.49
SOME,2017-08-21 16:05:00 EDT,41.31037,-73.76711,607,82.8,82.1,85.0,56.7,65.9,0.000,0.000,0.00,0.000,4.6,9.3,1.8,231,26,5.2,9.9,2.1,244,25,4.6,9.3,1.8,231,26,501,29.49,,0,0,0,80.4,76.5,73.9,0.36,0.34,0.49
SOME,2017-08-21 16:10:00 EDT,41.31037,-73.76711,607,81.9,81.6,83.8,57.5,65.4,0.000,0.000,0.00,0.000,5.9,10.4,2.3,225,26,6.5,10.9,2.2,236,26,5.9,10.4,2.3,225,26,262,29.48,,0,0,0,80.4,76.5,73.9,0.36,0.34,0.49
SOME,2017-08-21 16:15:00 EDT,41.31037,-73.76711,607,81.4,81.2,83.6,59.4,65.9,0.000,0.000,0.00,0.000,4.8,10.6,1.8,232,20,5.2,10.6,1.9,245,20,4.8,10.6,1.8,232,20,377,29.48,,0,0,0,80.4,76.5,73.9,0.36,0.34,0.49
SOME,2017-08-21 16:20:00 EDT,41.31037,-73.76711,607,82.4,81.8,84.6,57.5,65.9,0.000,0.000,0.00,0.000,4.7,7.5,1.0,249,20,5.3,8.7,1.1,260,20,4.7,7.5,1.0,249,20,440,29.48,,0,0,0,80.4,76.5,73.9,0.36,0.34,0.49
SOME,2017-08-21 16:25:00 EDT,41.31037,-73.76711,607,82.3,81.9,84.6,58.3,66.2,0.000,0.000,0.00,0.000,4.5,9.4,1.7,221,23,4.9,9.8,2.0,233,22,4.5,9.4,1.7,221,23,386,29.48,,0,0,0,80.4,76.5,73.9,0.36,0.34,0.49
SOME,2017-08-21 16:30:00 EDT,41.31037,-73.76711,607,81.7,81.6,83.8,58.5,65.8,0.000,0.000,0.00,0.000,6.2,8.9,1.3,214,15,6.6,10.9,1.4,224,13,6.2,8.9,1.3,214,15,209,29.48,,0,0,0,80.4,76.5,73.9,0.36,0.34,0.49
SOME,2017-08-21 16:35:00 EDT,41.31037,-73.76711,607,81.2,81.2,83.4,60.0,66.0,0.000,0.000,0.00,0.000,4.4,8.9,1.4,211,21,4.9,10.5,1.6,222,21,4.4,8.9,1.4,211,21,247,29.48,,0,0,0,80.7,76.5,73.9,0.36,0.34,0.49
SOME,2017-08-21 16:40:00 EDT,41.31037,-73.76711,607,81.7,81.4,84.1,60.2,66.6,0.000,0.000,0.00,0.000,5.5,9.2,1.6,202,15,5.9,10.9,1.6,213,14,5.5,9.2,1.6,202,15,398,29.48,,0,0,0,80.9,76.5,73.9,0.36,0.34,0.49
SOME,2017-08-21 16:45:00 EDT,41.31037,-73.76711,607,82.1,81.7,84.7,60.6,67.1,0.000,0.000,0.00,0.000,5.3,12.4,2.5,197,13,5.8,13.9,2.6,208,13,5.3,12.4,2.5,197,13,414,29.47,,0,0,0,81.0,76.5,73.9,0.36,0.34,0.49
SOME,2017-08-21 16:50:00 EDT,41.31037,-73.76711,607,82.3,81.8,84.6,58.3,66.2,0.000,0.000,0.00,0.000,5.2,8.5,1.5,215,22,5.8,9.4,1.6,227,20,5.2,8.5,1.5,215,22,440,29.48,,0,0,0,81.0,76.5,73.9,0.36,0.34,0.49
SOME,2017-08-21 16:55:00 EDT,41.31037,-73.76711,607,82.3,81.9,84.8,59.6,66.9,0.000,0.000,0.00,0.000,3.0,5.3,1.0,212,23,3.4,6.7,1.1,224,25,3.0,5.3,1.0,212,23,344,29.48,,0,0,0,81.0,76.5,73.9,0.36,0.34,0.49
SOME,2017-08-21 17:00:00 EDT,41.31037,-73.76711,607,82.5,82.0,85.0,59.0,66.8,0.000,0.000,0.00,0.000,2.9,6.9,1.5,219,31,3.5,7.3,1.6,232,32,2.9,6.9,1.5,219,31,421,29.48,,0,0,0,81.0,76.5,73.9,0.36,0.34,0.49
SOME,2017-08-21 17:05:00 EDT,41.31037,-73.76711,607,82.4,82.0,84.6,58.2,66.2,0.000,0.000,0.00,0.000,6.5,10.6,1.7,216,19,7.1,11.8,1.7,227,18,6.5,10.6,1.7,216,19,408,29.48,,0,0,0,81.0,76.5,73.9,0.36,0.34,0.49
SOME,2017-08-21 17:10:00 EDT,41.31037,-73.76711,607,82.3,81.9,84.6,59.0,66.5,0.000,0.000,0.00,0.000,5.4,8.6,1.5,213,17,5.6,8.5,1.6,224,15,5.4,8.6,1.5,213,17,380,29.48,,0,0,0,81.0,76.5,73.9,0.36,0.34,0.49
SOME,2017-08-21 17:15:00 EDT,41.31037,-73.76711,607,82.2,81.9,84.6,59.8,66.8,0.000,0.000,0.00,0.000,6.2,10.3,1.6,205,15,6.6,12.2,1.7,215,14,6.2,10.3,1.6,205,15,366,29.47,,0,0,0,81.0,76.5,73.9,0.36,0.34,0.49
SOME,2017-08-21 17:20:00 EDT,41.31037,-73.76711,607,82.1,81.8,84.5,59.7,66.7,0.000,0.000,0.00,0.000,5.7,10.2,1.7,190,20,6.3,12.8,2.1,201,17,5.7,10.2,1.7,190,20,357,29.47,,0,0,0,81.0,76.5,73.9,0.36,0.34,0.49
SOME,2017-08-21 17:25:00 EDT,41.31037,-73.76711,607,82.0,81.8,84.4,59.6,66.6,0.000,0.000,0.00,0.000,6.9,9.9,1.7,204,16,7.3,11.1,1.9,215,15,6.9,9.9,1.7,204,16,325,29.48,,0,0,0,81.0,76.5,73.9,0.36,0.34,0.49
SOME,2017-08-21 17:30:00 EDT,41.31037,-73.76711,607,81.6,81.5,83.9,59.9,66.3,0.000,0.000,0.00,0.000,6.3,11.0,2.3,204,16,6.8,11.9,2.3,215,14,6.3,11.0,2.3,204,16,209,29.48,,0,0,0,81.0,76.5,73.9,0.36,0.34,0.49
SOME,2017-08-21 17:35:00 EDT,41.31037,-73.76711,607,81.5,81.4,83.9,60.7,66.6,0.000,0.000,0.00,0.000,6.6,11.0,2.1,206,14,6.9,11.8,2.1,217,12,6.6,11.0,2.1,206,14,309,29.48,,0,0,0,81.0,76.5,73.9,0.36,0.34,0.49
SOME,2017-08-21 17:40:00 EDT,41.31037,-73.76711,607,81.6,81.4,84.0,61.1,66.9,0.000,0.000,0.00,0.000,5.4,8.1,1.5,199,14,5.6,8.6,1.6,211,13,5.4,8.1,1.5,199,14,294,29.47,,0,0,0,81.0,76.5,73.9,0.36,0.34,0.49
SOME,2017-08-21 17:45:00 EDT,41.31037,-73.76711,607,81.2,81.2,83.7,62.1,67.0,0.000,0.000,0.00,0.000,4.3,7.7,1.6,217,17,4.7,9.3,1.7,229,16,4.3,7.7,1.6,217,17,142,29.48,,0,0,0,81.0,76.5,73.9,0.36,0.34,0.49
SOME,2017-08-21 17:50:00 EDT,41.31037,-73.76711,607,81.0,80.9,83.5,63.2,67.3,0.000,0.000,0.00,0.000,3.9,7.5,1.3,216,19,4.1,9.2,1.4,227,17,3.9,7.5,1.3,216,19,203,29.48,,0,0,0,81.2,76.5,73.9,0.36,0.34,0.49
SOME,2017-08-21 17:55:00 EDT,41.31037,-73.76711,607,81.4,81.2,84.1,63.6,67.8,0.000,0.000,0.00,0.000,3.3,5.9,1.4,213,19,3.6,6.5,1.5,224,21,3.3,5.9,1.4,213,19,269,29.48,,0,0,0,81.5,76.5,73.9,0.36,0.34,0.49
SOME,2017-08-21 18:00:00 EDT,41.31037,-73.76711,607,81.0,81.0,83.6,63.6,67.5,0.000,0.000,0.00,0.000,3.8,7.5,1.8,205,17,4.2,8.4,1.8,218,17,3.8,7.5,1.8,205,17,167,29.47,,0,0,0,81.5,76.5,73.9,0.36,0.34,0.49
SOME,2017-08-21 18:05:00 EDT,41.31037,-73.76711,607,80.8,80.7,83.4,64.0,67.5,0.000,0.000,0.00,0.000,4.0,6.8,1.3,182,15,4.5,7.6,1.5,193,15,4.0,6.8,1.3,182,15,200,29.46,,0,0,0,81.5,76.5,73.9,0.36,0.34,0.49
SOME,2017-08-21 18:10:00 EDT,41.31037,-73.76711,607,80.5,80.5,83.0,64.3,67.3,0.000,0.000,0.00,0.000,4.4,7.1,1.1,191,12,5.0,9.9,1.3,201,11,4.4,7.1,1.1,191,12,186,29.46,,0,0,0,81.5,76.5,73.9,0.36,0.34,0.49
SOME,2017-08-21 18:15:00 EDT,41.31037,-73.76711,607,80.4,80.5,83.0,64.9,67.5,0.000,0.000,0.00,0.000,4.7,7.1,1.0,192,15,5.1,7.9,1.1,202,13,4.7,7.1,1.0,192,15,179,29.46,,0,0,0,81.5,76.5,73.9,0.36,0.34,0.49
SOME,2017-08-21 18:20:00 EDT,41.31037,-73.76711,607,80.2,80.3,82.6,64.8,67.2,0.000,0.000,0.00,0.000,4.7,7.2,0.9,187,12,5.1,7.4,1.1,199,12,4.7,7.2,0.9,187,12,111,29.46,,0,0,0,81.5,76.5,73.9,0.36,0.34,0.49
SOME,2017-08-21 18:25:00 EDT,41.31037,-73.76711,607,79.8,80.1,79.8,65.8,67.3,0.000,0.000,0.00,0.000,4.3,6.3,1.0,183,11,4.8,7.2,1.0,195,11,4.3,6.3,1.0,183,11,121,29.46,,0,0,0,81.5,76.5,73.9,0.36,0.34,0.49
SOME,2017-08-21 18:30:00 EDT,41.31037,-73.76711,607,79.6,79.9,79.6,66.5,67.4,0.000,0.000,0.00,0.000,5.1,8.0,1.2,191,10,5.5,8.5,1.3,202,9,5.1,8.0,1.2,191,10,107,29.46,,0,0,0,81.5,76.5,73.9,0.36,0.34,0.49
SOME,2017-08-21 18:35:00 EDT,41.31037,-73.76711,607,79.4,79.5,79.4,67.4,67.6,0.000,0.000,0.00,0.000,4.6,7.4,1.3,172,13,5.2,8.5,1.6,182,12,4.6,7.4,1.3,172,13,104,29.46,,0,0,0,81.5,76.5,73.9,0.36,0.34,0.49
SOME,2017-08-21 18:40:00 EDT,41.31037,-73.76711,607,78.8,79.0,78.8,68.1,67.4,0.000,0.000,0.00,0.000,4.8,8.7,1.8,182,14,5.6,9.7,1.9,194,12,4.8,8.7,1.8,182,14,85,29.46,,0,0,0,81.5,76.5,73.9,0.36,0.34,0.49
SOME,2017-08-21 18:45:00 EDT,41.31037,-73.76711,607,78.3,78.5,78.3,68.8,67.2,0.000,0.000,0.00,0.000,5.1,9.5,1.5,184,12,5.6,10.5,1.7,196,12,5.1,9.5,1.5,184,12,39,29.46,,0,0,0,81.5,76.5,73.9,0.36,0.34,0.49
SOME,2017-08-21 18:50:00 EDT,41.31037,-73.76711,607,77.7,78.1,77.7,69.9,67.1,0.000,0.000,0.00,0.000,4.4,7.4,1.4,174,11,5.0,8.7,1.6,185,11,4.4,7.4,1.4,174,11,25,29.45,,0,0,0,81.5,76.5,73.9,0.36,0.34,0.49
SOME,2017-08-21 18:55:00 EDT,41.31037,-73.76711,607,77.3,77.9,77.3,70.9,67.1,0.000,0.000,0.00,0.000,3.4,4.7,0.6,170,9,3.8,5.7,0.8,182,10,3.4,4.7,0.6,170,9,24,29.45,,0,0,0,81.5,76.5,73.9,0.36,0.34,0.49
SOME,2017-08-21 19:00:00 EDT,41.31037,-73.76711,607,76.8,77.6,76.8,71.8,67.0,0.000,0.000,0.00,0.000,3.2,4.7,0.8,177,9,3.7,5.8,0.9,188,10,3.2,4.7,0.8,177,9,25,29.45,,0,0,0,81.5,76.5,73.9,0.36,0.34,0.49
SOME,2017-08-21 19:05:00 EDT,41.31037,-73.76711,607,76.7,77.6,76.7,72.1,67.0,0.000,0.000,0.00,0.000,3.9,5.5,0.7,172,7,4.3,6.1,0.7,182,7,3.9,5.5,0.7,172,7,28,29.45,,0,0,0,81.5,76.5,73.9,0.36,0.34,0.49
SOME,2017-08-21 19:10:00 EDT,41.31037,-73.76711,607,76.5,77.4,76.5,72.5,67.0,0.000,0.000,0.00,0.000,4.5,6.8,0.9,180,9,5.0,7.4,1.0,191,10,4.5,6.8,0.9,180,9,37,29.46,,0,0,0,81.5,76.5,73.9,0.36,0.34,0.49
SOME,2017-08-21 19:15:00 EDT,41.31037,-73.76711,607,76.5,77.2,76.5,72.2,66.8,0.000,0.000,0.00,0.000,4.7,7.1,1.1,184,7,5.3,8.0,1.2,194,8,4.7,7.1,1.1,184,7,38,29.46,,0,0,0,81.5,76.5,73.9,0.36,0.34,0.49
SOME,2017-08-21 19:20:00 EDT,41.31037,-73.76711,607,76.5,77.0,76.5,72.3,66.9,0.000,0.000,0.00,0.000,4.7,8.3,1.1,185,11,5.3,9.3,1.3,195,11,4.7,8.3,1.1,185,11,36,29.46,,0,0,0,81.5,76.5,73.9,0.36,0.34,0.49
SOME,2017-08-21 19:25:00 EDT,41.31037,-73.76711,607,76.1,76.7,76.1,73.0,66.8,0.000,0.000,0.00,0.000,4.3,5.8,0.7,176,12,4.7,6.8,0.8,186,11,4.3,5.8,0.7,176,12,32,29.46,,0,0,0,81.5,76.5,73.9,0.36,0.34,0.49
SOME,2017-08-21 19:30:00 EDT,41.31037,-73.76711,607,76.0,76.6,76.0,73.3,66.8,0.000,0.000,0.00,0.000,4.3,7.2,0.8,172,12,4.8,8.0,1.0,183,13,4.3,7.2,0.8,172,12,26,29.46,,0,0,0,81.6,76.5,73.9,0.36,0.34,0.49
SOME,2017-08-21 19:35:00 EDT,41.31037,-73.76711,607,75.9,76.6,75.9,73.1,66.7,0.000,0.000,0.00,0.000,4.9,7.8,1.3,173,11,5.3,9.4,1.4,182,10,4.9,7.8,1.3,173,11,19,29.46,,0,0,0,81.7,76.5,73.9,0.36,0.34,0.49
SOME,2017-08-21 19:40:00 EDT,41.31037,-73.76711,607,75.8,76.5,75.8,73.5,66.7,0.000,0.000,0.00,0.000,4.6,7.1,0.9,172,10,5.2,7.5,1.0,182,11,4.6,7.1,0.9,172,10,14,29.46,,0,0,0,81.7,76.5,73.9,0.36,0.34,0.49
SOME,2017-08-21 19:45:00 EDT,41.31037,-73.76711,607,75.6,76.2,75.6,73.9,66.7,0.000,0.000,0.00,0.000,4.0,5.9,0.7,179,10,4.3,6.1,0.8,190,10,4.0,5.9,0.7,179,10,11,29.46,,0,0,0,81.7,76.5,73.9,0.36,0.34,0.49
SOME,2017-08-21 19:50:00 EDT,41.31037,-73.76711,607,75.5,76.1,75.5,74.2,66.7,0.000,0.000,0.00,0.000,4.1,5.8,0.8,186,8,4.6,6.8,0.9,197,7,4.1,5.8,0.8,186,8,7,29.46,,0,0,0,81.8,76.5,73.9,0.36,0.34,0.49
SOME,2017-08-21 19:55:00 EDT,41.31037,-73.76711,607,75.3,76.0,75.3,74.5,66.7,0.000,0.000,0.00,0.000,4.3,6.7,0.9,181,7,4.7,7.4,0.9,191,8,4.3,6.7,0.9,181,7,2,29.46,,0,0,0,81.9,76.5,73.9,0.36,0.34,0.49
SOME,2017-08-21 20:00:00 EDT,41.31037,-73.76711,607,74.9,75.8,74.9,75.2,66.6,0.000,0.000,0.00,0.000,3.5,5.5,0.7,184,9,4.0,6.4,0.9,196,10,3.5,5.5,0.7,184,9,0,29.46,,0,0,0,81.8,76.5,73.9,0.36,0.34,0.49
SOME,2017-08-21 20:05:00 EDT,41.31037,-73.76711,607,74.8,75.7,74.8,75.5,66.5,0.000,0.000,0.00,0.000,3.3,5.3,0.7,184,9,3.6,5.8,0.8,195,12,3.3,5.3,0.7,184,9,0,29.46,,0,0,0,81.8,76.5,73.9,0.36,0.34,0.49
SOME,2017-08-21 20:10:00 EDT,41.31037,-73.76711,607,74.5,75.6,74.5,75.9,66.4,0.000,0.000,0.00,0.000,3.0,4.7,0.7,182,5,3.3,5.0,0.7,194,5,3.0,4.7,0.7,182,5,0,29.46,,0,0,0,81.9,76.5,73.9,0.36,0.34,0.49
SOME,2017-08-21 20:15:00 EDT,41.31037,-73.76711,607,74.3,75.5,74.3,76.6,66.5,0.000,0.000,0.00,0.000,3.0,3.7,0.4,193,5,3.3,4.4,0.5,207,6,3.0,3.7,0.4,193,5,0,29.46,,0,0,0,81.8,76.5,73.9,0.36,0.34,0.49
SOME,2017-08-21 20:20:00 EDT,41.31037,-73.76711,607,74.2,75.3,74.2,76.6,66.4,0.000,0.000,0.00,0.000,3.1,4.3,0.4,196,8,3.3,4.8,0.5,208,8,3.1,4.3,0.4,196,8,0,29.47,,0,0,0,81.9,76.5,73.9,0.36,0.34,0.49
SOME,2017-08-21 20:25:00 EDT,41.31037,-73.76711,607,73.9,75.0,73.9,77.2,66.3,0.000,0.000,0.00,0.000,2.0,2.8,0.3,170,7,2.4,3.3,0.4,179,9,2.0,2.8,0.3,170,7,0,29.46,,0,0,0,81.9,76.5,73.9,0.36,0.34,0.49
SOME,2017-08-21 20:30:00 EDT,41.31037,-73.76711,607,74.1,74.7,74.1,77.6,66.6,0.000,0.000,0.00,0.000,1.6,2.8,0.4,144,8,1.8,3.4,0.4,148,10,1.6,2.8,0.4,144,8,0,29.46,,0,0,0,81.8,76.5,73.9,0.36,0.34,0.49
SOME,2017-08-21 20:35:00 EDT,41.31037,-73.76711,607,73.3,74.7,73.3,77.8,66.0,0.000,0.000,0.00,0.000,2.7,4.9,0.6,151,12,3.1,5.9,0.8,157,13,2.7,4.9,0.6,151,12,0,29.46,,0,0,0,81.7,76.5,73.9,0.36,0.34,0.49
SOME,2017-08-21 20:40:00 EDT,41.31037,-73.76711,607,72.8,74.7,72.8,78.7,65.8,0.000,0.000,0.00,0.000,3.2,4.5,0.6,159,10,3.6,5.3,0.7,167,12,3.2,4.5,0.6,159,10,0,29.47,,0,0,0,81.5,76.5,73.9,0.36,0.34,0.49
SOME,2017-08-21 20:45:00 EDT,41.31037,-73.76711,607,72.8,74.4,72.8,79.8,66.2,0.000,0.000,0.00,0.000,2.7,5.0,0.7,161,10,3.0,5.6,0.8,170,11,2.7,5.0,0.7,161,10,0,29.47,,0,0,0,81.5,76.5,73.9,0.36,0.34,0.49
SOME,2017-08-21 20:50:00 EDT,41.31037,-73.76711,607,72.7,74.3,72.7,80.6,66.3,0.000,0.000,0.00,0.000,2.8,5.6,1.1,159,10,3.2,7.1,1.2,168,10,2.8,5.6,1.1,159,10,0,29.47,,0,0,0,81.5,76.5,73.9,0.36,0.34,0.49
SOME,2017-08-21 20:55:00 EDT,41.31037,-73.76711,607,72.8,74.1,72.8,80.7,66.5,0.000,0.000,0.00,0.000,1.7,2.8,0.4,153,12,2.2,4.1,0.5,161,14,1.7,2.8,0.4,153,12,0,29.47,,0,0,0,81.5,76.5,73.9,0.36,0.34,0.49
SOME,2017-08-21 21:00:00 EDT,41.31037,-73.76711,607,72.8,74.1,72.8,80.6,66.5,0.000,0.000,0.00,0.000,2.2,3.9,0.6,151,14,2.6,4.7,0.6,158,15,2.2,3.9,0.6,151,14,0,29.47,,0,0,0,81.5,76.5,73.9,0.36,0.34,0.49
SOME,2017-08-21 21:05:00 EDT,41.31037,-73.76711,607,72.5,73.9,72.5,80.8,66.3,0.000,0.000,0.00,0.000,2.6,3.3,0.4,133,9,2.9,4.0,0.5,139,8,2.6,3.3,0.4,133,9,0,29.47,,0,0,0,81.5,76.5,73.9,0.36,0.34,0.49
SOME,2017-08-21 21:10:00 EDT,41.31037,-73.76711,607,72.0,73.6,72.0,81.8,66.2,0.000,0.000,0.00,0.000,2.4,3.5,0.5,134,9,2.7,4.3,0.5,140,8,2.4,3.5,0.5,134,9,0,29.47,,0,0,0,81.5,76.5,73.9,0.36,0.34,0.49
SOME,2017-08-21 21:15:00 EDT,41.31037,-73.76711,607,72.1,73.5,72.1,82.3,66.4,0.000,0.000,0.00,0.000,2.4,3.4,0.4,133,8,2.7,3.8,0.5,140,7,2.4,3.4,0.4,133,8,0,29.47,,0,0,0,81.5,76.5,73.9,0.36,0.34,0.49
SOME,2017-08-21 21:20:00 EDT,41.31037,-73.76711,607,72.1,73.4,72.1,83.0,66.6,0.000,0.000,0.00,0.000,2.5,3.4,0.4,146,8,2.8,4.3,0.5,152,9,2.5,3.4,0.4,146,8,0,29.47,,0,0,0,81.5,76.5,73.9,0.36,0.34,0.49
SOME,2017-08-21 21:25:00 EDT,41.31037,-73.76711,607,72.0,73.3,72.0,83.7,66.8,0.000,0.000,0.00,0.000,2.0,2.9,0.4,158,9,2.4,3.6,0.4,165,11,2.0,2.9,0.4,158,9,0,29.47,,0,0,0,81.5,76.5,73.9,0.36,0.34,0.49
SOME,2017-08-21 21:30:00 EDT,41.31037,-73.76711,607,72.5,73.2,72.5,84.0,67.4,0.000,0.000,0.00,0.000,1.7,2.6,0.3,167,12,2.1,3.2,0.4,175,14,1.7,2.6,0.3,167,12,0,29.47,,0,0,0,81.5,76.5,73.9,0.36,0.34,0.49
SOME,2017-08-21 21:35:00 EDT,41.31037,-73.76711,607,72.3,73.1,72.3,84.3,67.2,0.000,0.000,0.00,0.000,2.6,3.9,0.5,187,8,2.9,4.2,0.6,200,10,2.6,3.9,0.5,187,8,0,29.47,,0,0,0,81.5,76.5,73.9,0.36,0.34,0.49
SOME,2017-08-21 21:40:00 EDT,41.31037,-73.76711,607,71.9,73.0,71.9,84.8,67.1,0.000,0.000,0.00,0.000,3.5,4.6,0.5,190,6,3.8,5.5,0.7,203,8,3.5,4.6,0.5,190,6,0,29.47,,0,0,0,81.5,76.5,73.9,0.36,0.34,0.49
SOME,2017-08-21 21:45:00 EDT,41.31037,-73.76711,607,71.8,72.6,71.8,85.4,67.2,0.000,0.000,0.00,0.000,3.0,3.7,0.3,193,4,3.3,4.3,0.4,207,6,3.0,3.7,0.3,193,4,0,29.47,,0,0,0,81.5,76.5,73.9,0.36,0.34,0.49
SOME,2017-08-21 21:50:00 EDT,41.31037,-73.76711,607,71.6,72.4,71.6,85.9,67.2,0.000,0.000,0.00,0.000,2.8,3.5,0.3,193,3,3.1,3.8,0.3,207,4,2.8,3.5,0.3,193,3,0,29.47,,0,0,0,81.5,76.5,73.9,0.36,0.34,0.49
SOME,2017-08-21 21:55:00 EDT,41.31037,-73.76711,607,71.3,72.4,71.3,86.3,67.0,0.000,0.000,0.00,0.000,2.7,3.5,0.4,182,5,3.2,4.0,0.5,193,7,2.7,3.5,0.4,182,5,0,29.47,,0,0,0,81.5,76.5,73.9,0.36,0.34,0.49
SOME,2017-08-21 22:00:00 EDT,41.31037,-73.76711,607,71.3,72.1,71.3,86.9,67.2,0.000,0.000,0.00,0.000,2.1,3.1,0.4,178,6,2.5,3.7,0.5,189,10,2.1,3.1,0.4,178,6,0,29.47,,0,0,0,81.5,76.5,73.9,0.36,0.34,0.49
SOME,2017-08-21 22:05:00 EDT,41.31037,-73.76711,607,71.3,72.0,71.3,87.2,67.3,0.000,0.000,0.00,0.000,2.5,4.4,0.7,176,7,2.9,5.0,0.9,186,8,2.5,4.4,0.7,176,7,0,29.46,,0,0,0,81.5,76.5,73.9,0.36,0.34,0.49
SOME,2017-08-21 22:10:00 EDT,41.31037,-73.76711,607,70.9,72.3,70.9,87.9,67.1,0.000,0.000,0.00,0.000,4.2,5.1,0.5,185,4,4.5,5.8,0.6,197,6,4.2,5.1,0.5,185,4,0,29.46,,0,0,0,81.5,76.5,73.9,0.36,0.34,0.49
SOME,2017-08-21 22:15:00 EDT,41.31037,-73.76711,607,71.0,72.1,71.0,88.3,67.3,0.000,0.000,0.00,0.000,4.8,6.6,0.7,194,8,5.2,7.3,0.8,205,8,4.8,6.6,0.7,194,8,0,29.46,,0,0,0,81.5,76.5,73.9,0.36,0.34,0.49
SOME,2017-08-21 22:20:00 EDT,41.31037,-73.76711,607,71.4,72.1,71.4,88.1,67.7,0.000,0.000,0.00,0.000,5.2,7.7,1.1,196,11,5.5,8.1,1.1,207,10,5.2,7.7,1.1,196,11,0,29.46,,0,0,0,81.5,76.5,73.9,0.36,0.34,0.49
SOME,2017-08-21 22:25:00 EDT,41.31037,-73.76711,607,71.9,72.4,71.9,87.2,67.9,0.000,0.000,0.00,0.000,4.4,6.9,1.2,204,13,4.7,7.5,1.3,215,13,4.4,6.9,1.2,204,13,0,29.46,,0,0,0,81.5,76.5,73.9,0.36,0.34,0.49
SOME,2017-08-21 22:30:00 EDT,41.31037,-73.76711,607,72.1,72.7,72.1,86.0,67.6,0.000,0.000,0.00,0.000,3.9,6.4,1.0,206,12,4.2,7.2,1.1,218,10,3.9,6.4,1.0,206,12,0,29.46,,0,0,0,81.5,76.5,73.9,0.36,0.34,0.49
SOME,2017-08-21 22:35:00 EDT,41.31037,-73.76711,607,72.0,72.6,72.0,85.5,67.4,0.000,0.000,0.00,0.000,2.7,5.2,0.9,205,11,2.9,5.5,1.0,217,10,2.7,5.2,0.9,205,11,0,29.46,,0,0,0,81.4,76.5,73.9,0.36,0.34,0.49
SOME,2017-08-21 22:40:00 EDT,41.31037,-73.76711,607,71.5,72.1,71.5,85.8,67.0,0.000,0.000,0.00,0.000,0.7,2.3,0.6,198,17,1.1,2.3,0.5,200,24,0.7,2.3,0.6,198,17,0,29.46,,0,0,0,81.1,76.5,73.9,0.36,0.34,0.49
SOME,2017-08-21 22:45:00 EDT,41.31037,-73.76711,607,71.4,72.1,71.4,86.8,67.2,0.000,0.000,0.00,0.000,0.2,1.3,0.3,259,15,0.7,1.9,0.4,279,47,0.2,1.3,0.3,259,15,0,29.46,,0,0,0,81.0,76.5,73.9,0.36,0.34,0.49
SOME,2017-08-21 22:50:00 EDT,41.31037,-73.76711,607,70.5,72.3,70.5,88.6,67.0,0.000,0.000,0.00,0.000,1.2,2.6,0.7,214,18,1.5,3.2,0.6,228,30,1.2,2.6,0.7,214,18,0,29.46,,0,0,0,81.0,76.5,73.9,0.36,0.34,0.49
SOME,2017-08-21 22:55:00 EDT,41.31037,-73.76711,607,71.5,72.5,71.5,88.8,68.0,0.000,0.000,0.00,0.000,3.1,4.6,1.0,215,10,3.1,4.7,1.0,227,8,3.1,4.6,1.0,215,10,0,29.46,,0,0,0,81.0,76.5,73.9,0.36,0.34,0.49
SOME,2017-08-21 23:00:00 EDT,41.31037,-73.76711,607,71.1,72.2,71.1,87.7,67.3,0.000,0.000,0.00,0.000,1.8,3.3,0.7,242,27,2.1,3.8,0.7,253,30,1.8,3.3,0.7,242,27,0,29.46,,0,0,0,81.0,76.5,73.9,0.36,0.34,0.49
SOME,2017-08-21 23:05:00 EDT,41.31037,-73.76711,607,71.2,72.4,71.2,87.8,67.4,0.000,0.000,0.00,0.000,0.8,3.4,0.7,268,27,1.4,5.0,0.6,282,35,0.8,3.4,0.7,268,27,0,29.46,,0,0,0,81.0,76.5,73.9,0.36,0.34,0.49
SOME,2017-08-21 23:10:00 EDT,41.31037,-73.76711,607,71.6,72.7,71.6,88.4,68.0,0.000,0.000,0.00,0.000,1.8,4.2,1.1,239,23,2.1,5.1,1.2,252,25,1.8,4.2,1.1,239,23,0,29.46,,0,0,0,81.0,76.5,73.9,0.36,0.34,0.49
SOME,2017-08-21 23:15:00 EDT,41.31037,-73.76711,607,71.9,72.7,71.9,87.3,67.9,0.000,0.000,0.00,0.000,1.7,4.5,0.7,240,19,2.0,5.0,0.9,251,20,1.7,4.5,0.7,240,19,0,29.46,,0,0,0,81.0,76.5,73.9,0.36,0.34,0.49
SOME,2017-08-21 23:20:00 EDT,41.31037,-73.76711,607,72.1,72.8,72.1,87.2,68.1,0.000,0.000,0.00,0.000,1.5,3.6,0.9,231,23,1.8,3.7,0.8,241,30,1.5,3.6,0.9,231,23,0,29.46,,0,0,0,81.0,76.6,73.9,0.36,0.34,0.49
SOME,2017-08-21 23:25:00 EDT,41.31037,-73.76711,607,71.8,73.1,71.8,87.3,67.8,0.000,0.000,0.00,0.000,0.3,1.9,0.5,210,13,0.8,2.3,0.5,232,42,0.3,1.9,0.5,210,13,0,29.46,,0,0,0,81.0,76.5,73.9,0.36,0.34,0.49
SOME,2017-08-21 23:30:00 EDT,41.31037,-73.76711,607,71.4,72.8,71.4,87.5,67.5,0.000,0.000,0.00,0.000,1.2,2.8,0.6,201,15,1.5,3.0,0.6,209,18,1.2,2.8,0.6,201,15,0,29.46,,0,0,0,81.0,76.6,73.9,0.36,0.34,0.49
SOME,2017-08-21 23:35:00 EDT,41.31037,-73.76711,607,71.7,72.5,71.7,87.4,67.8,0.000,0.000,0.00,0.000,0.4,1.6,0.5,212,13,0.8,2.0,0.4,218,29,0.4,1.6,0.5,212,13,0,29.46,,0,0,0,81.0,76.6,73.9,0.36,0.34,0.49
SOME,2017-08-21 23:40:00 EDT,41.31037,-73.76711,607,70.5,72.4,70.5,89.0,67.2,0.000,0.000,0.00,0.000,0.0,0.0,0.0,0,0,0.5,1.1,0.2,134,42,0.0,0.0,0.0,0,0,0,29.46,,0,0,0,81.0,76.7,73.9,0.36,0.34,0.49
SOME,2017-08-21 23:45:00 EDT,41.31037,-73.76711,607,70.2,72.1,70.2,90.6,67.3,0.000,0.000,0.00,0.000,0.5,1.3,0.4,96,5,1.2,1.8,0.3,101,9,0.5,1.3,0.4,96,5,0,29.46,,0,0,0,81.0,76.7,73.9,0.36,0.34,0.49
SOME,2017-08-21 23:50:00 EDT,41.31037,-73.76711,607,70.4,72.4,70.4,91.5,67.8,0.000,0.000,0.00,0.000,0.4,1.3,0.4,120,13,1.0,1.9,0.3,119,21,0.4,1.3,0.4,120,13,0,29.45,,0,0,0,81.0,76.7,73.9,0.36,0.34,0.49
SOME,2017-08-21 23:55:00 EDT,41.31037,-73.76711,607,70.7,72.4,70.7,91.6,68.2,0.000,0.000,0.00,0.000,0.2,0.8,0.3,127,6,0.8,1.4,0.2,121,19,0.2,0.8,0.3,127,6,0,29.45,,0,0,0,81.0,76.7,73.9,0.36,0.34,0.49
SOUT,2017-08-21 00:00:00 EDT,41.04008,-72.46587,29,66.1,71.3,66.1,93.2,64.0,0.000,0.000,0.00,0.000,2.4,3.1,0.4,234,4,2.4,3.2,0.4,239,5,2.4,3.1,0.4,234,4,0,30.11,,0,0,0,74.8,76.8,75.5,0.19,0.17,0.18
SOUT,2017-08-21 00:05:00 EDT,41.04008,-72.46587,29,66.4,71.7,66.4,93.3,64.4,0.000,0.000,0.00,0.000,1.8,2.9,0.6,248,6,2.1,3.2,0.5,254,8,1.8,2.9,0.6,248,6,0,30.11,,0,0,0,74.7,76.8,75.6,0.19,0.17,0.18
SOUT,2017-08-21 00:10:00 EDT,41.04008,-72.46587,29,67.2,71.9,67.2,93.5,65.2,0.000,0.000,0.00,0.000,2.1,2.7,0.4,256,8,2.2,3.2,0.4,263,10,2.1,2.7,0.4,256,8,0,30.11,,0,0,0,74.7,76.8,75.6,0.19,0.17,0.18
SOUT,2017-08-21 00:15:00 EDT,41.04008,-72.46587,29,68.2,71.7,68.2,91.8,65.7,0.000,0.000,0.00,0.000,1.3,3.7,1.1,244,13,1.8,3.9,0.9,255,17,1.3,3.7,1.1,244,13,0,30.12,,0,0,0,74.7,76.8,75.6,0.19,0.16,0.18
SOUT,2017-08-21 00:20:00 EDT,41.04008,-72.46587,29,67.8,71.2,67.8,90.8,65.0,0.000,0.000,0.00,0.000,0.6,2.3,0.7,238,17,1.4,3.0,0.6,252,22,0.6,2.3,0.7,238,17,0,30.12,,0,0,0,74.7,76.8,75.5,0.19,0.17,0.18
SOUT,2017-08-21 00:25:00 EDT,41.04008,-72.46587,29,67.3,70.7,67.3,90.8,64.5,0.000,0.000,0.00,0.000,0.4,2.0,0.6,255,14,0.8,2.7,0.7,276,23,0.4,2.0,0.6,255,14,0,30.12,,0,0,0,74.7,76.8,75.6,0.19,0.17,0.18
SOUT,2017-08-21 00:30:00 EDT,41.04008,-72.46587,29,67.2,70.5,67.2,91.5,64.6,0.000,0.000,0.00,0.000,0.7,2.6,0.8,236,23,1.1,3.4,0.9,252,29,0.7,2.6,0.8,236,23,0,30.12,,0,0,0,74.7,76.8,75.6,0.19,0.17,0.18
SOUT,2017-08-21 00:35:00 EDT,41.04008,-72.46587,29,66.8,70.0,66.8,90.8,64.0,0.000,0.000,0.00,0.000,0.4,2.3,0.6,232,16,0.9,2.5,0.7,241,28,0.4,2.3,0.6,232,16,0,30.12,,0,0,0,74.7,76.8,75.6,0.19,0.16,0.18
SOUT,2017-08-21 00:40:00 EDT,41.04008,-72.46587,29,65.6,69.4,65.6,90.3,62.7,0.000,0.000,0.00,0.000,1.4,3.0,0.9,221,14,1.6,3.1,0.6,224,18,1.4,3.0,0.9,221,14,0,30.12,,0,0,0,74.7,76.8,75.6,0.19,0.17,0.18
SOUT,2017-08-21 00:45:00 EDT,41.04008,-72.46587,29,65.3,68.6,65.3,91.9,62.9,0.000,0.000,0.00,0.000,0.7,2.2,0.7,213,15,1.1,2.7,0.6,214,24,0.7,2.2,0.7,213,15,0,30.12,,0,0,0,74.7,76.8,75.6,0.19,0.17,0.18
SOUT,2017-08-21 00:50:00 EDT,41.04008,-72.46587,29,65.5,67.8,65.5,93.3,63.5,0.000,0.000,0.00,0.000,1.2,2.7,0.8,216,14,1.5,3.3,0.6,219,19,1.2,2.7,0.8,216,14,0,30.12,,0,0,0,74.6,76.8,75.6,0.19,0.17,0.18
SOUT,2017-08-21 00:55:00 EDT,41.04008,-72.46587,29,64.8,67.6,64.8,93.2,62.8,0.000,0.000,0.00,0.000,0.9,2.3,0.7,222,14,1.3,3.2,0.6,227,20,0.9,2.3,0.7,222,14,0,30.12,,0,0,0,74.4,76.8,75.6,0.19,0.16,0.18
SOUT,2017-08-21 01:00:00 EDT,41.04008,-72.46587,29,64.6,67.9,64.6,93.4,62.7,0.000,0.000,0.00,0.000,0.1,1.2,0.3,257,7,0.5,1.6,0.5,260,18,0.1,1.2,0.3,257,7,0,30.12,,0,0,0,74.3,76.8,75.6,0.19,0.16,0.18
SOUT,2017-08-21 01:05:00 EDT,41.04008,-72.46587,29,64.5,68.3,64.5,93.8,62.7,0.000,0.000,0.00,0.000,0.5,2.3,0.6,220,10,0.9,2.6,0.6,230,19,0.5,2.3,0.6,220,10,0,30.12,,0,0,0,74.3,76.8,75.6,0.19,0.16,0.18
SOUT,2017-08-21 01:10:00 EDT,41.04008,-72.46587,29,64.2,68.2,64.2,93.9,62.4,0.000,0.000,0.00,0.000,1.0,2.0,0.5,219,8,1.3,2.1,0.3,224,13,1.0,2.0,0.5,219,8,0,30.12,,0,0,0,74.3,76.8,75.6,0.19,0.16,0.18
SOUT,2017-08-21 01:15:00 EDT,41.04008,-72.46587,29,63.8,68.0,63.8,94.2,62.2,0.000,0.000,0.00,0.000,0.2,1.8,0.3,217,8,0.6,2.2,0.6,231,22,0.2,1.8,0.3,217,8,0,30.12,,0,0,0,74.3,76.8,75.6,0.19,0.16,0.18
SOUT,2017-08-21 01:20:00 EDT,41.04008,-72.46587,29,63.9,68.0,63.9,94.8,62.4,0.000,0.000,0.00,0.000,0.4,2.8,0.7,236,13,1.0,3.5,0.7,230,23,0.4,2.8,0.7,236,13,0,30.12,,0,0,0,74.1,76.8,75.6,0.19,0.17,0.18
SOUT,2017-08-21 01:25:00 EDT,41.04008,-72.46587,29,64.1,68.0,64.1,95.2,62.7,0.000,0.000,0.00,0.000,0.6,2.3,0.6,213,21,1.2,2.9,0.6,210,31,0.6,2.3,0.6,213,21,0,30.12,,0,0,0,74.0,76.8,75.6,0.19,0.16,0.18
SOUT,2017-08-21 01:30:00 EDT,41.04008,-72.46587,29,63.5,67.3,63.5,94.7,62.0,0.000,0.000,0.00,0.000,0.7,1.7,0.4,180,17,1.4,2.3,0.4,190,18,0.7,1.7,0.4,180,17,0,30.12,,0,0,0,73.9,76.8,75.6,0.19,0.16,0.18
SOUT,2017-08-21 01:35:00 EDT,41.04008,-72.46587,29,63.5,67.1,63.5,94.7,62.0,0.000,0.000,0.00,0.000,0.7,0.9,0.2,200,7,1.3,1.8,0.2,209,10,0.7,0.9,0.2,200,7,0,30.12,,0,0,0,73.9,76.8,75.6,0.19,0.16,0.18
SOUT,2017-08-21 01:40:00 EDT,41.04008,-72.46587,29,63.5,67.7,63.5,95.1,62.1,0.000,0.000,0.00,0.000,0.5,1.2,0.3,218,9,1.1,1.6,0.3,226,11,0.5,1.2,0.3,218,9,0,30.12,,0,0,0,73.9,76.8,75.6,0.19,0.16,0.18
SOUT,2017-08-21 01:45:00 EDT,41.04008,-72.46587,29,63.4,68.6,63.4,95.2,62.0,0.000,0.000,0.00,0.000,0.2,0.9,0.2,218,5,0.9,1.4,0.3,231,14,0.2,0.9,0.2,218,5,0,30.12,,0,0,0,73.9,76.8,75.6,0.19,0.16,0.18
SOUT,2017-08-21 01:50:00 EDT,41.04008,-72.46587,29,63.8,68.7,63.8,95.6,62.6,0.000,0.000,0.00,0.000,0.1,0.9,0.3,260,4,0.9,1.8,0.4,263,15,0.1,0.9,0.3,260,4,0,30.12,,0,0,0,73.9,76.8,75.6,0.19,0.16,0.18
SOUT,2017-08-21 01:55:00 EDT,41.04008,-72.46587,29,63.9,67.7,63.9,95.9,62.7,0.000,0.000,0.00,0.000,0.6,2.3,0.7,280,9,1.3,2.9,0.5,291,11,0.6,2.3,0.7,280,9,0,30.12,,0,0,0,73.9,76.8,75.6,0.19,0.16,0.18
SOUT,2017-08-21 02:00:00 EDT,41.04008,-72.46587,29,63.9,68.9,63.9,95.8,62.6,0.000,0.000,0.00,0.000,0.8,2.9,0.9,279,19,1.3,3.5,0.8,299,21,0.8,2.9,0.9,279,19,0,30.12,,0,0,0,73.9,76.8,75.6,0.19,0.16,0.18
SOUT,2017-08-21 02:05:00 EDT,41.04008,-72.46587,29,63.4,70.1,63.4,95.4,62.1,0.000,0.000,0.00,0.000,1.1,2.8,0.9,279,22,1.5,3.9,0.9,287,27,1.1,2.8,0.9,279,22,0,30.12,,0,0,0,73.9,76.8,75.6,0.19,0.16,0.18
SOUT,2017-08-21 02:10:00 EDT,41.04008,-72.46587,29,63.5,69.4,63.5,95.5,62.2,0.000,0.000,0.00,0.000,0.3,2.1,0.5,244,11,0.8,2.9,0.8,256,31,0.3,2.1,0.5,244,11,0,30.12,,0,0,0,73.6,76.7,75.6,0.19,0.16,0.18
SOUT,2017-08-21 02:15:00 EDT,41.04008,-72.46587,29,62.9,67.9,62.9,94.9,61.4,0.000,0.000,0.00,0.000,0.7,2.5,0.6,194,21,1.3,3.8,0.6,196,26,0.7,2.5,0.6,194,21,0,30.12,,0,0,0,73.4,76.6,75.6,0.19,0.16,0.18
SOUT,2017-08-21 02:20:00 EDT,41.04008,-72.46587,29,63.2,67.6,63.2,95.6,61.9,0.000,0.000,0.00,0.000,1.6,2.2,0.6,221,12,1.7,2.6,0.4,228,15,1.6,2.2,0.6,221,12,0,30.12,,0,0,0,73.4,76.6,75.6,0.19,0.16,0.18
SOUT,2017-08-21 02:25:00 EDT,41.04008,-72.46587,29,63.9,67.9,63.9,95.8,62.7,0.000,0.000,0.00,0.000,1.7,2.9,0.8,218,16,1.9,3.4,0.6,222,17,1.7,2.9,0.8,218,16,0,30.12,,0,0,0,73.4,76.5,75.6,0.19,0.16,0.18
SOUT,2017-08-21 02:30:00 EDT,41.04008,-72.46587,29,64.2,67.0,64.2,95.1,62.7,0.000,0.000,0.00,0.000,1.4,2.6,0.7,208,11,1.5,3.0,0.5,216,14,1.4,2.6,0.7,208,11,0,30.12,,0,0,0,73.4,76.5,75.6,0.19,0.16,0.18
SOUT,2017-08-21 02:35:00 EDT,41.04008,-72.46587,29,63.4,67.1,63.4,94.5,61.8,0.000,0.000,0.00,0.000,0.3,1.8,0.4,209,7,0.9,2.2,0.5,216,22,0.3,1.8,0.4,209,7,0,30.12,,0,0,0,73.4,76.5,75.6,0.19,0.16,0.18
SOUT,2017-08-21 02:40:00 EDT,41.04008,-72.46587,29,63.4,67.7,63.4,95.1,62.0,0.000,0.000,0.00,0.000,0.2,2.0,0.4,236,8,0.7,2.0,0.5,239,20,0.2,2.0,0.4,236,8,0,30.12,,0,0,0,73.4,76.5,75.6,0.19,0.16,0.18
SOUT,2017-08-21 02:45:00 EDT,41.04008,-72.46587,29,63.5,68.4,63.5,95.3,62.2,0.000,0.000,0.00,0.000,0.0,0.4,0.0,302,0,0.3,1.4,0.4,310,21,0.0,0.4,0.0,302,0,0,30.12,,0,0,0,73.3,76.5,75.6,0.19,0.16,0.18
SOUT,2017-08-21 02:50:00 EDT,41.04008,-72.46587,29,63.4,68.3,63.4,95.4,62.1,0.000,0.000,0.00,0.000,0.1,2.0,0.3,244,5,0.5,2.8,0.6,235,20,0.1,2.0,0.3,244,5,0,30.12,,0,0,0,73.1,76.5,75.6,0.19,0.16,0.18
SOUT,2017-08-21 02:55:00 EDT,41.04008,-72.46587,29,63.1,68.1,63.1,95.3,61.7,0.000,0.000,0.00,0.000,0.2,1.1,0.3,221,9,0.9,2.0,0.5,231,22,0.2,1.1,0.3,221,9,0,30.13,,0,0,0,73.0,76.5,75.6,0.19,0.16,0.18
SOUT,2017-08-21 03:00:00 EDT,41.04008,-72.46587,29,62.9,68.2,62.9,95.4,61.6,0.000,0.000,0.00,0.000,0.7,1.8,0.5,219,13,1.3,2.5,0.4,225,16,0.7,1.8,0.5,219,13,0,30.13,,0,0,0,73.0,76.5,75.6,0.19,0.16,0.18
SOUT,2017-08-21 03:05:00 EDT,41.04008,-72.46587,29,63.0,67.7,63.0,95.6,61.7,0.000,0.000,0.00,0.000,0.8,2.1,0.7,216,8,1.2,2.1,0.6,220,16,0.8,2.1,0.7,216,8,0,30.13,,0,0,0,73.0,76.5,75.6,0.19,0.16,0.18
SOUT,2017-08-21 03:10:00 EDT,41.04008,-72.46587,29,63.0,67.6,63.0,95.8,61.7,0.000,0.000,0.00,0.000,0.7,2.0,0.6,211,5,1.1,1.9,0.5,223,11,0.7,2.0,0.6,211,5,0,30.13,,0,0,0,73.0,76.5,75.6,0.19,0.16,0.18
SOUT,2017-08-21 03:15:00 EDT,41.04008,-72.46587,29,62.9,68.2,62.9,95.9,61.7,0.000,0.000,0.00,0.000,1.2,2.6,0.7,219,12,1.5,3.1,0.5,226,18,1.2,2.6,0.7,219,12,0,30.13,,0,0,0,73.0,76.5,75.6,0.19,0.16,0.18
SOUT,2017-08-21 03:20:00 EDT,41.04008,-72.46587,29,62.7,67.8,62.7,96.0,61.5,0.000,0.000,0.00,0.000,0.2,1.7,0.4,240,16,0.8,2.5,0.6,268,36,0.2,1.7,0.4,240,16,0,30.13,,0,0,0,73.0,76.5,75.6,0.19,0.16,0.18
SOUT,2017-08-21 03:25:00 EDT,41.04008,-72.46587,29,63.4,68.3,63.4,96.6,62.4,0.000,0.000,0.00,0.000,1.0,3.2,1.0,296,25,1.6,3.6,0.8,308,26,1.0,3.2,1.0,296,25,0,30.13,,0,0,0,73.0,76.5,75.6,0.19,0.16,0.18
SOUT,2017-08-21 03:30:00 EDT,41.04008,-72.46587,29,66.6,69.2,66.6,97.8,66.0,0.000,0.000,0.00,0.000,2.5,4.8,1.0,290,18,2.7,5.3,1.1,297,18,2.5,4.8,1.0,290,18,0,30.13,,0,0,0,73.0,76.5,75.6,0.19,0.16,0.17
SOUT,2017-08-21 03:35:00 EDT,41.04008,-72.46587,29,66.3,69.4,66.3,97.2,65.5,0.000,0.000,0.00,0.000,0.9,2.8,0.9,285,18,1.4,3.7,0.8,294,24,0.9,2.8,0.9,285,18,0,30.12,,0,0,0,73.0,76.5,75.6,0.19,0.16,0.18
SOUT,2017-08-21 03:40:00 EDT,41.04008,-72.46587,29,65.3,69.2,65.3,96.4,64.3,0.000,0.000,0.00,0.000,0.2,1.4,0.3,305,16,1.0,2.6,0.5,323,40,0.2,1.4,0.3,305,16,0,30.12,,0,0,0,72.9,76.5,75.6,0.19,0.16,0.18
SOUT,2017-08-21 03:45:00 EDT,41.04008,-72.46587,29,64.2,69.5,64.2,95.9,63.0,0.000,0.000,0.00,0.000,1.8,4.2,1.4,281,12,2.3,5.0,1.2,292,15,1.8,4.2,1.4,281,12,0,30.12,,0,0,0,72.8,76.5,75.6,0.19,0.16,0.18
SOUT,2017-08-21 03:50:00 EDT,41.04008,-72.46587,29,64.8,69.8,64.8,96.4,63.7,0.000,0.000,0.00,0.000,2.4,3.6,0.5,294,15,2.3,4.1,0.6,302,16,2.4,3.6,0.5,294,15,0,30.12,,0,0,0,72.7,76.5,75.6,0.19,0.16,0.17
SOUT,2017-08-21 03:55:00 EDT,41.04008,-72.46587,29,63.3,69.5,63.3,95.5,62.0,0.000,0.000,0.00,0.000,2.3,4.5,0.8,282,21,2.5,4.8,0.8,288,20,2.3,4.5,0.8,282,21,0,30.12,,0,0,0,72.7,76.5,75.6,0.19,0.16,0.17
SOUT,2017-08-21 04:00:00 EDT,41.04008,-72.46587,29,63.3,67.7,63.3,95.3,61.9,0.000,0.000,0.00,0.000,1.8,2.9,0.7,221,19,1.9,3.9,0.7,227,21,1.8,2.9,0.7,221,19,0,30.12,,0,0,0,72.7,76.5,75.6,0.19,0.16,0.18
SOUT,2017-08-21 04:05:00 EDT,41.04008,-72.46587,29,63.9,68.1,63.9,96.1,62.8,0.000,0.000,0.00,0.000,2.0,4.0,0.8,276,25,2.3,4.2,0.7,285,26,2.0,4.0,0.8,276,25,0,30.12,,0,0,0,72.7,76.5,75.6,0.19,0.16,0.18
SOUT,2017-08-21 04:10:00 EDT,41.04008,-72.46587,29,65.3,69.8,65.3,97.1,64.5,0.000,0.000,0.00,0.000,3.1,5.8,1.0,285,16,3.4,6.4,1.1,293,16,3.1,5.8,1.0,285,16,0,30.13,,0,0,0,72.7,76.5,75.6,0.19,0.16,0.17
SOUT,2017-08-21 04:15:00 EDT,41.04008,-72.46587,29,68.0,70.9,68.0,97.5,67.2,0.000,0.000,0.00,0.000,4.4,6.6,0.9,300,13,4.5,6.9,1.1,307,12,4.4,6.6,0.9,300,13,0,30.13,,0,0,0,72.7,76.5,75.6,0.19,0.16,0.17
SOUT,2017-08-21 04:20:00 EDT,41.04008,-72.46587,29,69.2,71.7,69.2,96.6,68.2,0.000,0.000,0.00,0.000,3.8,6.4,0.7,294,12,3.9,5.8,0.8,300,11,3.8,6.4,0.7,294,12,0,30.13,,0,0,0,72.7,76.5,75.6,0.19,0.16,0.18
SOUT,2017-08-21 04:25:00 EDT,41.04008,-72.46587,29,69.6,71.5,69.6,94.9,68.1,0.000,0.000,0.00,0.000,3.6,6.1,0.8,299,11,3.6,5.9,0.9,305,10,3.6,6.1,0.8,299,11,0,30.13,,0,0,0,72.7,76.5,75.6,0.19,0.17,0.17
SOUT,2017-08-21 04:30:00 EDT,41.04008,-72.46587,29,69.3,71.7,69.3,92.8,67.1,0.000,0.000,0.00,0.000,4.0,5.6,0.7,295,11,4.1,5.8,0.8,303,10,4.0,5.6,0.7,295,11,0,30.13,,0,0,0,72.7,76.5,75.6,0.18,0.16,0.18
SOUT,2017-08-21 04:35:00 EDT,41.04008,-72.46587,29,69.7,71.6,69.7,90.8,66.9,0.000,0.000,0.00,0.000,3.2,5.2,0.9,291,11,3.2,5.8,1.0,298,11,3.2,5.2,0.9,291,11,0,30.13,,0,0,0,72.7,76.4,75.6,0.19,0.16,0.17
SOUT,2017-08-21 04:40:00 EDT,41.04008,-72.46587,29,69.0,71.4,69.0,89.7,65.8,0.000,0.000,0.00,0.000,2.4,4.0,1.0,289,15,2.5,4.2,0.8,296,15,2.4,4.0,1.0,289,15,0,30.13,,0,0,0,72.7,76.5,75.6,0.19,0.16,0.18
SOUT,2017-08-21 04:45:00 EDT,41.04008,-72.46587,29,69.0,71.2,69.0,89.4,65.7,0.000,0.000,0.00,0.000,2.5,3.7,0.6,291,13,2.6,4.5,0.7,299,14,2.5,3.7,0.6,291,13,0,30.13,,0,0,0,72.7,76.4,75.6,0.19,0.17,0.18
SOUT,2017-08-21 04:50:00 EDT,41.04008,-72.46587,29,69.2,71.1,69.2,89.2,65.9,0.000,0.000,0.00,0.000,3.3,5.8,0.8,303,12,3.2,6.5,1.0,310,11,3.3,5.8,0.8,303,12,0,30.13,,0,0,0,72.7,76.4,75.6,0.19,0.17,0.18
SOUT,2017-08-21 04:55:00 EDT,41.04008,-72.46587,29,69.5,71.5,69.5,88.3,65.8,0.000,0.000,0.00,0.000,4.1,5.5,0.7,293,13,4.2,6.4,0.8,299,11,4.1,5.5,0.7,293,13,0,30.13,,0,0,0,72.7,76.3,75.6,0.19,0.16,0.18
SOUT,2017-08-21 05:00:00 EDT,41.04008,-72.46587,29,69.8,71.4,69.8,87.3,65.9,0.000,0.000,0.00,0.000,4.7,7.7,1.0,302,13,4.9,8.6,1.1,308,13,4.7,7.7,1.0,302,13,0,30.14,,0,0,0,72.7,76.0,75.6,0.18,0.17,0.18
SOUT,2017-08-21 05:05:00 EDT,41.04008,-72.46587,29,69.7,71.6,69.7,87.2,65.7,0.000,0.000,0.00,0.000,4.8,6.7,0.8,302,13,5.0,7.6,1.0,309,13,4.8,6.7,0.8,302,13,0,30.14,,0,0,0,72.7,75.9,75.6,0.18,0.17,0.18
SOUT,2017-08-21 05:10:00 EDT,41.04008,-72.46587,29,70.0,71.7,70.0,86.9,65.9,0.000,0.000,0.00,0.000,4.4,7.2,1.0,294,12,4.5,7.2,1.1,300,12,4.4,7.2,1.0,294,12,0,30.14,,0,0,0,72.7,75.9,75.6,0.19,0.17,0.18
SOUT,2017-08-21 05:15:00 EDT,41.04008,-72.46587,29,69.7,71.5,69.7,86.6,65.5,0.000,0.000,0.00,0.000,3.0,4.5,0.7,293,15,3.1,4.9,0.9,298,14,3.0,4.5,0.7,293,15,0,30.14,,0,0,0,72.7,75.9,75.6,0.19,0.17,0.18
SOUT,2017-08-21 05:20:00 EDT,41.04008,-72.46587,29,69.9,71.5,69.9,86.7,65.7,0.000,0.000,0.00,0.000,3.0,4.7,0.7,285,16,3.1,5.0,0.8,292,15,3.0,4.7,0.7,285,16,0,30.14,,0,0,0,72.7,75.9,75.6,0.19,0.17,0.18
SOUT,2017-08-21 05:25:00 EDT,41.04008,-72.46587,29,69.7,71.4,69.7,86.7,65.6,0.000,0.000,0.00,0.000,2.5,4.2,1.0,284,15,2.8,5.0,0.9,291,13,2.5,4.2,1.0,284,15,0,30.14,,0,0,0,72.7,75.9,75.6,0.19,0.17,0.18
SOUT,2017-08-21 05:30:00 EDT,41.04008,-72.46587,29,68.9,71.2,68.9,86.8,64.8,0.000,0.000,0.00,0.000,2.8,5.0,0.7,294,13,2.9,6.9,0.8,301,13,2.8,5.0,0.7,294,13,0,30.14,,0,0,0,72.7,75.9,75.6,0.19,0.17,0.18
SOUT,2017-08-21 05:35:00 EDT,41.04008,-72.46587,29,68.6,71.2,68.6,87.1,64.6,0.000,0.000,0.00,0.000,3.0,4.7,0.6,296,12,3.0,5.3,0.8,304,12,3.0,4.7,0.6,296,12,0,30.14,,0,0,0,72.7,75.9,75.6,0.19,0.17,0.18
SOUT,2017-08-21 05:40:00 EDT,41.04008,-72.46587,29,68.0,71.6,68.0,87.7,64.2,0.000,0.000,0.00,0.000,3.6,5.6,0.8,305,11,3.5,5.9,0.9,312,10,3.6,5.6,0.8,305,11,0,30.14,,0,0,0,72.7,75.9,75.6,0.19,0.17,0.18
SOUT,2017-08-21 05:45:00 EDT,41.04008,-72.46587,29,67.0,70.3,67.0,88.7,63.5,0.000,0.000,0.00,0.000,2.8,3.6,0.3,327,13,3.0,3.6,0.3,333,13,2.8,3.6,0.3,327,13,0,30.14,,0,0,0,72.7,75.9,75.6,0.19,0.17,0.18
SOUT,2017-08-21 05:50:00 EDT,41.04008,-72.46587,29,65.8,68.7,65.8,89.7,62.7,0.000,0.000,0.00,0.000,2.0,2.6,0.5,344,9,2.4,3.3,0.6,347,12,2.0,2.6,0.5,344,9,0,30.14,,0,0,0,72.7,75.9,75.5,0.19,0.17,0.18
SOUT,2017-08-21 05:55:00 EDT,41.04008,-72.46587,29,64.6,68.3,64.6,90.8,61.9,0.000,0.000,0.00,0.000,1.0,2.1,0.7,285,13,1.5,2.1,0.4,283,25,1.0,2.1,0.7,285,13,1,30.14,,0,0,0,72.7,75.9,75.5,0.19,0.17,0.18
SOUT,2017-08-21 06:00:00 EDT,41.04008,-72.46587,29,64.2,68.3,64.2,92.3,62.0,0.000,0.000,0.00,0.000,1.8,2.6,0.5,248,18,2.1,3.0,0.4,257,19,1.8,2.6,0.5,248,18,2,30.14,,0,0,0,72.6,75.9,75.5,0.19,0.16,0.18
SOUT,2017-08-21 06:05:00 EDT,41.04008,-72.46587,29,64.4,69.3,64.4,93.4,62.4,0.000,0.000,0.00,0.000,1.4,2.2,0.4,256,8,1.7,2.4,0.2,264,11,1.4,2.2,0.4,256,8,3,30.14,,0,0,0,72.4,75.9,75.6,0.19,0.17,0.18
SOUT,2017-08-21 06:10:00 EDT,41.04008,-72.46587,29,64.3,69.6,64.3,93.9,62.5,0.000,0.000,0.00,0.000,2.2,3.8,0.8,269,11,2.5,4.2,0.8,277,12,2.2,3.8,0.8,269,11,4,30.14,,0,0,0,72.4,75.9,75.6,0.19,0.16,0.18
SOUT,2017-08-21 06:15:00 EDT,41.04008,-72.46587,29,64.0,69.7,64.0,94.3,62.3,0.000,0.000,0.00,0.000,2.4,3.1,0.3,244,23,2.4,3.3,0.4,253,24,2.4,3.1,0.3,244,23,7,30.15,,0,0,0,72.3,75.9,75.5,0.18,0.17,0.18
SOUT,2017-08-21 06:20:00 EDT,41.04008,-72.46587,29,64.7,68.3,64.7,95.3,63.3,0.000,0.000,0.00,0.000,2.3,2.8,0.2,221,7,2.3,2.9,0.3,228,8,2.3,2.8,0.2,221,7,9,30.15,,0,0,0,72.3,75.9,75.6,0.19,0.16,0.18
SOUT,2017-08-21 06:25:00 EDT,41.04008,-72.46587,29,64.6,67.1,64.6,94.8,63.1,0.000,0.000,0.00,0.000,3.0,4.4,0.5,212,5,2.9,4.4,0.6,219,5,3.0,4.4,0.5,212,5,11,30.15,,0,0,0,72.3,75.9,75.5,0.19,0.16,0.18
SOUT,2017-08-21 06:30:00 EDT,41.04008,-72.46587,29,64.6,66.7,64.6,94.8,63.0,0.000,0.000,0.00,0.000,2.5,3.1,0.3,218,6,2.0,2.6,0.3,225,6,2.5,3.1,0.3,218,6,16,30.15,,0,0,0,72.3,75.9,75.5,0.19,0.16,0.18
SOUT,2017-08-21 06:35:00 EDT,41.04008,-72.46587,29,64.8,66.7,64.8,95.2,63.4,0.000,0.000,0.00,0.000,2.2,2.7,0.2,214,6,2.0,2.5,0.2,221,7,2.2,2.7,0.2,214,6,31,30.15,,0,0,0,72.3,75.9,75.6,0.19,0.16,0.18
SOUT,2017-08-21 06:40:00 EDT,41.04008,-72.46587,29,65.0,66.5,65.0,95.3,63.6,0.000,0.000,0.00,0.000,2.4,3.0,0.5,219,6,2.3,3.0,0.4,226,6,2.4,3.0,0.5,219,6,40,30.15,,0,0,0,72.3,75.9,75.5,0.19,0.16,0.18
SOUT,2017-08-21 06:45:00 EDT,41.04008,-72.46587,29,64.9,67.0,64.9,95.3,63.5,0.000,0.000,0.00,0.000,2.0,3.2,0.8,227,7,2.1,3.2,0.6,234,8,2.0,3.2,0.8,227,7,49,30.15,,0,0,0,72.3,75.9,75.5,0.19,0.17,0.18
SOUT,2017-08-21 06:50:00 EDT,41.04008,-72.46587,29,65.9,66.9,65.9,95.9,64.7,0.000,0.000,0.00,0.000,2.4,3.1,0.5,223,8,2.1,2.9,0.4,229,7,2.4,3.1,0.5,223,8,68,30.15,,0,0,0,72.3,75.9,75.5,0.19,0.17,0.18
SOUT,2017-08-21 06:55:00 EDT,41.04008,-72.46587,29,65.5,66.5,65.5,95.2,64.1,0.000,0.000,0.00,0.000,2.6,3.1,0.3,215,4,2.2,2.8,0.2,223,4,2.6,3.1,0.3,215,4,80,30.15,,0,0,0,72.3,75.9,75.5,0.19,0.16,0.18
SOUT,2017-08-21 07:00:00 EDT,41.04008,-72.46587,29,65.6,66.1,65.6,95.1,64.2,0.000,0.000,0.00,0.000,1.3,2.3,0.7,203,6,1.7,2.6,0.4,208,9,1.3,2.3,0.7,203,6,92,30.15,,0,0,0,72.3,75.9,75.5,0.18,0.16,0.18
SOUT,2017-08-21 07:05:00 EDT,41.04008,-72.46587,29,65.5,66.0,65.5,94.9,64.0,0.000,0.000,0.00,0.000,1.3,2.3,0.5,200,11,1.7,2.7,0.3,205,13,1.3,2.3,0.5,200,11,91,30.15,,0,0,0,72.3,75.9,75.4,0.18,0.16,0.18
SOUT,2017-08-21 07:10:00 EDT,41.04008,-72.46587,29,65.8,66.3,65.8,94.8,64.2,0.000,0.000,0.00,0.000,2.0,2.4,0.3,215,5,1.8,2.2,0.2,223,5,2.0,2.4,0.3,215,5,115,30.15,,0,0,0,72.3,75.9,75.4,0.18,0.16,0.18
SOUT,2017-08-21 07:15:00 EDT,41.04008,-72.46587,29,66.2,66.7,66.2,94.4,64.5,0.000,0.000,0.00,0.000,1.8,2.6,0.5,210,8,1.8,2.4,0.3,216,10,1.8,2.6,0.5,210,8,132,30.15,,0,0,0,72.3,75.8,75.4,0.18,0.16,0.18
SOUT,2017-08-21 07:20:00 EDT,41.04008,-72.46587,29,66.7,67.1,66.7,93.9,64.9,0.000,0.000,0.00,0.000,1.7,2.3,0.4,199,4,1.9,2.4,0.3,207,6,1.7,2.3,0.4,199,4,144,30.15,,0,0,0,72.3,75.8,75.3,0.18,0.16,0.18
SOUT,2017-08-21 07:25:00 EDT,41.04008,-72.46587,29,67.4,67.8,67.4,93.8,65.6,0.000,0.000,0.00,0.000,2.2,3.1,0.5,209,5,2.1,2.9,0.4,216,6,2.2,3.1,0.5,209,5,155,30.16,,0,0,0,72.3,75.6,75.2,0.19,0.16,0.18
SOUT,2017-08-21 07:30:00 EDT,41.04008,-72.46587,29,68.1,68.7,68.1,93.2,66.1,0.000,0.000,0.00,0.000,2.8,3.5,0.2,213,4,2.6,3.4,0.3,220,5,2.8,3.5,0.2,213,4,168,30.16,,0,0,0,72.5,75.6,75.3,0.18,0.16,0.18
SOUT,2017-08-21 07:35:00 EDT,41.04008,-72.46587,29,69.0,69.4,69.0,92.4,66.7,0.000,0.000,0.00,0.000,2.1,2.9,0.5,214,6,1.8,2.8,0.5,222,7,2.1,2.9,0.5,214,6,185,30.16,,0,0,0,72.7,75.6,75.1,0.19,0.16,0.18
SOUT,2017-08-21 07:40:00 EDT,41.04008,-72.46587,29,69.7,69.8,69.7,91.1,67.0,0.000,0.000,0.00,0.000,2.3,3.3,0.4,207,8,2.0,3.3,0.5,215,9,2.3,3.3,0.4,207,8,199,30.16,,0,0,0,72.7,75.6,75.1,0.18,0.16,0.18
SOUT,2017-08-21 07:45:00 EDT,41.04008,-72.46587,29,70.3,70.3,70.3,89.6,67.1,0.000,0.000,0.00,0.000,2.3,3.0,0.4,209,8,2.0,2.9,0.4,216,9,2.3,3.0,0.4,209,8,208,30.16,,0,0,0,72.7,75.6,75.2,0.19,0.16,0.18
SOUT,2017-08-21 07:50:00 EDT,41.04008,-72.46587,29,70.7,70.8,70.7,88.8,67.2,0.000,0.000,0.00,0.000,1.2,3.1,0.8,208,14,1.6,3.0,0.6,216,19,1.2,3.1,0.8,208,14,231,30.16,,0,0,0,72.7,75.6,75.1,0.19,0.16,0.18
SOUT,2017-08-21 07:55:00 EDT,41.04008,-72.46587,29,71.1,71.1,71.1,87.1,67.0,0.000,0.000,0.00,0.000,2.5,3.4,0.4,207,9,2.3,3.4,0.4,214,10,2.5,3.4,0.4,207,9,245,30.16,,0,0,0,72.7,75.6,75.1,0.19,0.16,0.18
SOUT,2017-08-21 08:00:00 EDT,41.04008,-72.46587,29,71.6,71.6,71.6,87.0,67.6,0.000,0.000,0.00,0.000,1.9,3.2,1.0,206,16,2.0,3.2,0.8,210,20,1.9,3.2,1.0,206,16,259,30.16,,0,0,0,72.7,75.6,75.1,0.19,0.16,0.17
SOUT,2017-08-21 08:05:00 EDT,41.04008,-72.46587,29,72.2,72.2,72.2,86.2,67.8,0.000,0.000,0.00,0.000,1.4,3.1,0.9,207,18,1.7,3.5,0.7,216,22,1.4,3.1,0.9,207,18,274,30.16,,0,0,0,72.8,75.6,75.1,0.19,0.16,0.17
SOUT,2017-08-21 08:10:00 EDT,41.04008,-72.46587,29,72.4,72.5,72.4,84.1,67.3,0.000,0.000,0.00,0.000,2.0,2.8,0.6,197,15,2.1,3.1,0.5,203,17,2.0,2.8,0.6,197,15,285,30.16,,0,0,0,73.0,75.6,75.0,0.19,0.16,0.17
SOUT,2017-08-21 08:15:00 EDT,41.04008,-72.46587,29,72.9,73.0,72.9,82.6,67.3,0.000,0.000,0.00,0.000,1.6,2.9,0.8,198,12,2.0,3.5,0.6,203,14,1.6,2.9,0.8,198,12,308,30.16,,0,0,0,73.0,75.6,75.0,0.19,0.16,0.17
SOUT,2017-08-21 08:20:00 EDT,41.04008,-72.46587,29,73.5,73.5,73.5,81.3,67.4,0.000,0.000,0.00,0.000,1.4,3.9,1.3,203,17,1.8,4.1,1.0,205,22,1.4,3.9,1.3,203,17,333,30.16,,0,0,0,73.0,75.6,75.0,0.19,0.16,0.17
SOUT,2017-08-21 08:25:00 EDT,41.04008,-72.46587,29,73.8,73.7,73.8,78.5,66.7,0.000,0.000,0.00,0.000,2.4,4.6,1.0,217,20,2.4,4.9,1.0,222,19,2.4,4.6,1.0,217,20,318,30.16,,0,0,0,73.0,75.6,75.0,0.19,0.16,0.17
SOUT,2017-08-21 08:30:00 EDT,41.04008,-72.46587,29,74.5,74.3,74.5,77.8,67.1,0.000,0.000,0.00,0.000,0.9,4.0,1.1,207,19,1.5,3.7,0.9,210,31,0.9,4.0,1.1,207,19,334,30.16,,0,0,0,73.0,75.6,75.0,0.19,0.16,0.17
SOUT,2017-08-21 08:35:00 EDT,41.04008,-72.46587,29,74.8,74.6,74.8,75.5,66.5,0.000,0.000,0.00,0.000,1.4,4.5,1.2,232,24,1.7,6.2,1.3,241,26,1.4,4.5,1.2,232,24,343,30.16,,0,0,0,73.3,75.6,75.0,0.19,0.16,0.17
SOUT,2017-08-21 08:40:00 EDT,41.04008,-72.46587,29,75.1,75.0,75.1,73.8,66.2,0.000,0.000,0.00,0.000,1.4,3.9,1.2,229,25,1.9,4.2,0.9,239,40,1.4,3.9,1.2,229,25,355,30.16,,0,0,0,73.4,75.6,75.0,0.19,0.16,0.17
SOUT,2017-08-21 08:45:00 EDT,41.04008,-72.46587,29,75.4,75.2,75.4,72.0,65.8,0.000,0.000,0.00,0.000,1.3,3.5,1.1,248,26,1.9,4.4,1.1,252,28,1.3,3.5,1.1,248,26,394,30.16,,0,0,0,73.4,75.6,75.0,0.19,0.16,0.17
SOUT,2017-08-21 08:50:00 EDT,41.04008,-72.46587,29,76.1,75.8,76.1,69.5,65.4,0.000,0.000,0.00,0.000,1.4,4.5,1.4,236,20,2.2,5.9,1.4,250,35,1.4,4.5,1.4,236,20,391,30.16,,0,0,0,73.4,75.6,75.0,0.19,0.16,0.17
SOUT,2017-08-21 08:55:00 EDT,41.04008,-72.46587,29,76.2,75.9,76.2,66.1,64.1,0.000,0.000,0.00,0.000,1.8,5.2,1.3,258,29,2.6,6.3,1.2,271,40,1.8,5.2,1.3,258,29,436,30.16,,0,0,0,73.6,75.6,75.0,0.19,0.16,0.17
SOUT,2017-08-21 09:00:00 EDT,41.04008,-72.46587,29,76.2,75.8,76.2,63.7,63.0,0.000,0.000,0.00,0.000,2.7,7.0,1.9,243,22,3.2,8.6,1.8,253,25,2.7,7.0,1.9,243,22,374,30.16,,0,0,0,73.9,75.6,75.0,0.19,0.16,0.17
SOUT,2017-08-21 09:05:00 EDT,41.04008,-72.46587,29,75.9,75.6,75.9,64.5,63.0,0.000,0.000,0.00,0.000,1.9,5.6,1.5,264,33,2.6,6.9,1.4,273,43,1.9,5.6,1.5,264,33,373,30.16,,0,0,0,73.9,75.6,75.0,0.19,0.16,0.17
SOUT,2017-08-21 09:10:00 EDT,41.04008,-72.46587,29,76.4,76.0,76.4,64.8,63.7,0.000,0.000,0.00,0.000,1.7,6.1,1.9,251,29,2.5,6.7,1.8,256,47,1.7,6.1,1.9,251,29,426,30.16,,0,0,0,73.9,75.6,75.0,0.19,0.16,0.17
SOUT,2017-08-21 09:15:00 EDT,41.04008,-72.46587,29,76.2,75.9,76.2,64.6,63.4,0.000,0.000,0.00,0.000,1.8,6.6,1.4,242,33,2.4,6.9,1.4,263,39,1.8,6.6,1.4,242,33,431,30.16,,0,0,0,73.9,75.6,75.0,0.19,0.16,0.17
SOUT,2017-08-21 09:20:00 EDT,41.04008,-72.46587,29,76.5,76.1,76.5,65.0,63.9,0.000,0.000,0.00,0.000,1.7,5.0,1.4,262,33,2.6,6.5,1.4,269,38,1.7,5.0,1.4,262,33,438,30.16,,0,0,0,74.0,75.6,75.0,0.19,0.16,0.17
SOUT,2017-08-21 09:25:00 EDT,41.04008,-72.46587,29,76.6,76.2,76.6,65.2,64.1,0.000,0.000,0.00,0.000,1.8,4.7,1.5,257,37,2.5,5.9,1.5,262,49,1.8,4.7,1.5,257,37,498,30.16,,0,0,0,74.3,75.6,75.0,0.19,0.16,0.17
SOUT,2017-08-21 09:30:00 EDT,41.04008,-72.46587,29,76.6,76.3,76.6,65.2,64.1,0.000,0.000,0.00,0.000,2.3,8.8,1.9,278,28,2.9,10.5,1.9,282,36,2.3,8.8,1.9,278,28,433,30.15,,0,0,0,74.3,75.6,75.0,0.19,0.16,0.17
SOUT,2017-08-21 09:35:00 EDT,41.04008,-72.46587,29,76.5,76.2,76.5,66.0,64.3,0.000,0.000,0.00,0.000,2.5,5.9,1.3,263,32,3.1,7.2,1.5,272,29,2.5,5.9,1.3,263,32,475,30.15,,0,0,0,74.3,75.6,75.0,0.19,0.16,0.17
SOUT,2017-08-21 09:40:00 EDT,41.04008,-72.46587,29,76.9,76.5,76.9,66.4,64.9,0.000,0.000,0.00,0.000,2.8,6.6,1.6,250,32,3.6,7.4,1.7,262,32,2.8,6.6,1.6,250,32,564,30.15,,0,0,0,74.6,75.6,75.0,0.19,0.16,0.17
SOUT,2017-08-21 09:45:00 EDT,41.04008,-72.46587,29,76.9,76.5,76.9,65.6,64.5,0.000,0.000,0.00,0.000,2.8,6.7,2.0,263,30,3.6,8.2,1.9,266,35,2.8,6.7,2.0,263,30,585,30.15,,0,0,0,74.7,75.6,75.0,0.19,0.16,0.17
SOUT,2017-08-21 09:50:00 EDT,41.04008,-72.46587,29,77.1,76.6,77.1,65.2,64.5,0.000,0.000,0.00,0.000,2.6,6.3,2.0,280,29,3.1,7.7,1.9,290,29,2.6,6.3,2.0,280,29,562,30.15,,0,0,0,74.7,75.6,75.0,0.19,0.16,0.17
SOUT,2017-08-21 09:55:00 EDT,41.04008,-72.46587,29,77.8,77.1,77.8,65.4,65.3,0.000,0.000,0.00,0.000,1.7,5.0,1.5,254,35,2.7,6.6,1.6,266,45,1.7,5.0,1.5,254,35,443,30.15,,0,0,0,74.7,75.6,75.0,0.19,0.16,0.17
SOUT,2017-08-21 10:00:00 EDT,41.04008,-72.46587,29,77.5,76.8,77.5,64.0,64.3,0.000,0.000,0.00,0.000,2.1,6.1,1.9,244,33,2.8,7.1,1.7,256,41,2.1,6.1,1.9,244,33,589,30.15,,0,0,0,74.8,75.5,75.0,0.19,0.16,0.17
SOUT,2017-08-21 10:05:00 EDT,41.04008,-72.46587,29,78.1,77.5,78.1,65.1,65.4,0.000,0.000,0.00,0.000,2.5,7.3,1.8,280,27,3.3,8.1,1.8,290,29,2.5,7.3,1.8,280,27,635,30.15,,0,0,0,75.0,75.5,75.0,0.19,0.16,0.17
SOUT,2017-08-21 10:10:00 EDT,41.04008,-72.46587,29,77.9,77.3,77.9,64.2,64.9,0.000,0.000,0.00,0.000,2.2,5.7,1.7,300,22,2.9,7.0,1.6,309,30,2.2,5.7,1.7,300,22,570,30.15,,0,0,0,75.0,75.5,75.0,0.19,0.16,0.17
SOUT,2017-08-21 10:15:00 EDT,41.04008,-72.46587,29,78.1,77.1,78.1,64.0,65.0,0.000,0.000,0.00,0.000,3.7,7.5,1.7,291,27,4.3,8.4,1.8,299,27,3.7,7.5,1.7,291,27,605,30.15,,0,0,0,75.3,75.4,75.0,0.18,0.16,0.17
SOUT,2017-08-21 10:20:00 EDT,41.04008,-72.46587,29,78.2,77.4,78.2,64.0,65.0,0.000,0.000,0.00,0.000,1.8,7.2,1.6,297,48,2.6,7.5,1.6,308,53,1.8,7.2,1.6,297,48,616,30.15,,0,0,0,75.6,75.4,75.0,0.18,0.16,0.17
SOUT,2017-08-21 10:25:00 EDT,41.04008,-72.46587,29,77.9,77.2,77.9,62.9,64.3,0.000,0.000,0.00,0.000,4.1,9.9,2.2,279,30,5.0,11.2,2.3,287,26,4.1,9.9,2.2,279,30,604,30.15,,0,0,0,75.6,75.3,75.0,0.19,0.16,0.17
SOUT,2017-08-21 10:30:00 EDT,41.04008,-72.46587,29,77.4,76.8,77.4,64.6,64.6,0.000,0.000,0.00,0.000,4.6,9.9,2.3,293,27,5.2,9.7,2.2,302,27,4.6,9.9,2.3,293,27,648,30.15,,0,0,0,75.6,75.2,75.0,0.18,0.16,0.17
SOUT,2017-08-21 10:35:00 EDT,41.04008,-72.46587,29,77.5,76.9,77.5,65.2,64.9,0.000,0.000,0.00,0.000,5.9,10.9,2.0,287,21,6.6,12.8,2.3,295,19,5.9,10.9,2.0,287,21,696,30.15,,0,0,0,75.9,75.2,75.0,0.18,0.16,0.18
SOUT,2017-08-21 10:40:00 EDT,41.04008,-72.46587,29,77.5,76.7,77.5,66.9,65.6,0.000,0.000,0.00,0.000,7.2,12.1,1.8,291,21,7.7,12.8,1.9,299,19,7.2,12.1,1.8,291,21,730,30.15,,0,0,0,75.9,75.1,75.0,0.19,0.16,0.18
SOUT,2017-08-21 10:45:00 EDT,41.04008,-72.46587,29,77.8,77.0,77.8,66.2,65.6,0.000,0.000,0.00,0.000,5.0,10.4,1.9,286,23,5.5,10.6,1.9,294,23,5.0,10.4,1.9,286,23,680,30.15,,0,0,0,76.0,75.1,75.0,0.19,0.16,0.17
SOUT,2017-08-21 10:50:00 EDT,41.04008,-72.46587,29,77.6,76.9,77.6,65.7,65.2,0.000,0.000,0.00,0.000,7.1,11.3,1.8,298,15,7.5,11.4,1.9,305,14,7.1,11.3,1.8,298,15,574,30.15,,0,0,0,76.5,75.0,75.0,0.18,0.16,0.18
SOUT,2017-08-21 10:55:00 EDT,41.04008,-72.46587,29,77.0,76.5,77.0,66.3,64.9,0.000,0.000,0.00,0.000,4.6,9.0,1.9,298,25,5.1,11.0,2.0,304,23,4.6,9.0,1.9,298,25,375,30.15,,0,0,0,76.5,75.0,75.0,0.18,0.16,0.17
SOUT,2017-08-21 11:00:00 EDT,41.04008,-72.46587,29,76.6,76.0,76.6,68.9,65.6,0.000,0.000,0.00,0.000,4.9,7.5,1.3,302,19,5.2,8.4,1.4,311,19,4.9,7.5,1.3,302,19,394,30.15,,0,0,0,76.5,75.0,75.0,0.18,0.16,0.17
SOUT,2017-08-21 11:05:00 EDT,41.04008,-72.46587,29,76.4,75.8,76.4,69.9,65.8,0.000,0.000,0.00,0.000,5.1,8.3,1.4,297,19,5.4,8.5,1.5,304,16,5.1,8.3,1.4,297,19,354,30.15,,0,0,0,76.8,75.1,75.0,0.18,0.16,0.17
SOUT,2017-08-21 11:10:00 EDT,41.04008,-72.46587,29,76.4,75.9,76.4,71.5,66.5,0.000,0.000,0.00,0.000,4.4,8.0,1.8,298,18,4.7,8.0,1.8,305,18,4.4,8.0,1.8,298,18,309,30.15,,0,0,0,76.8,75.0,75.0,0.18,0.16,0.17
SOUT,2017-08-21 11:15:00 EDT,41.04008,-72.46587,29,76.2,75.8,76.2,71.9,66.5,0.000,0.000,0.00,0.000,3.8,7.4,1.4,287,24,4.5,9.4,1.6,294,24,3.8,7.4,1.4,287,24,333,30.15,,0,0,0,76.8,75.1,75.0,0.18,0.16,0.17
SOUT,2017-08-21 11:20:00 EDT,41.04008,-72.46587,29,76.6,76.1,76.6,72.2,67.0,0.000,0.000,0.00,0.000,4.2,7.1,1.5,288,24,4.8,7.8,1.5,296,21,4.2,7.1,1.5,288,24,447,30.15,,0,0,0,76.8,75.0,75.0,0.18,0.16,0.17
SOUT,2017-08-21 11:25:00 EDT,41.04008,-72.46587,29,77.3,76.6,77.3,72.0,67.6,0.000,0.000,0.00,0.000,3.8,8.1,1.2,292,27,4.3,8.0,1.4,300,25,3.8,8.1,1.2,292,27,524,30.16,,0,0,0,77.0,75.0,75.0,0.18,0.16,0.17
SOUT,2017-08-21 11:30:00 EDT,41.04008,-72.46587,29,77.8,77.2,77.8,70.0,67.3,0.000,0.000,0.00,0.000,3.9,7.5,1.7,289,33,4.6,9.5,1.9,299,30,3.9,7.5,1.7,289,33,580,30.16,,0,0,0,77.1,75.0,75.0,0.18,0.16,0.17
SOUT,2017-08-21 11:35:00 EDT,41.04008,-72.46587,29,78.4,77.6,78.4,69.3,67.5,0.000,0.000,0.00,0.000,2.8,9.0,1.7,286,32,3.7,12.1,1.8,297,33,2.8,9.0,1.7,286,32,532,30.16,,0,0,0,77.2,75.1,75.0,0.18,0.16,0.17
SOUT,2017-08-21 11:40:00 EDT,41.04008,-72.46587,29,78.5,77.6,78.5,69.1,67.5,0.000,0.000,0.00,0.000,4.7,10.6,2.5,295,20,5.4,13.0,2.5,304,20,4.7,10.6,2.5,295,20,712,30.16,,0,0,0,77.2,75.0,75.0,0.18,0.16,0.17
SOUT,2017-08-21 11:45:00 EDT,41.04008,-72.46587,29,78.5,77.9,78.5,68.6,67.3,0.000,0.000,0.00,0.000,4.5,10.1,2.4,296,25,5.2,12.7,2.4,302,25,4.5,10.1,2.4,296,25,707,30.15,,0,0,0,77.2,75.0,75.0,0.18,0.16,0.17
SOUT,2017-08-21 11:50:00 EDT,41.04008,-72.46587,29,79.4,78.5,79.4,65.2,66.7,0.000,0.000,0.00,0.000,4.3,9.4,1.6,274,30,4.9,10.2,1.9,281,28,4.3,9.4,1.6,274,30,850,30.15,,0,0,0,77.7,75.0,75.0,0.18,0.16,0.17
SOUT,2017-08-21 11:55:00 EDT,41.04008,-72.46587,29,79.4,78.8,79.4,63.9,66.1,0.000,0.000,0.00,0.000,2.5,9.7,2.3,280,34,3.5,11.2,2.3,293,44,2.5,9.7,2.3,280,34,636,30.15,,0,0,0,77.8,75.0,75.0,0.18,0.16,0.17
SOUT,2017-08-21 12:00:00 EDT,41.04008,-72.46587,29,80.0,79.2,82.0,61.7,65.7,0.000,0.000,0.00,0.000,6.0,13.6,3.2,285,25,6.9,15.5,3.1,291,27,6.0,13.6,3.2,285,25,889,30.15,,0,0,0,78.1,75.0,75.0,0.18,0.16,0.17
SOUT,2017-08-21 12:05:00 EDT,41.04008,-72.46587,29,79.3,78.6,79.3,62.8,65.5,0.000,0.000,0.00,0.000,7.8,11.9,1.9,292,19,8.4,13.5,2.1,300,18,7.8,11.9,1.9,292,19,722,30.15,,0,0,0,78.1,75.0,75.0,0.18,0.16,0.17
SOUT,2017-08-21 12:10:00 EDT,41.04008,-72.46587,29,79.1,78.4,79.1,64.2,66.0,0.000,0.000,0.00,0.000,6.9,12.0,2.1,290,22,7.5,14.1,2.4,297,21,6.9,12.0,2.1,290,22,517,30.15,,0,0,0,78.3,75.1,75.0,0.18,0.16,0.17
SOUT,2017-08-21 12:15:00 EDT,41.04008,-72.46587,29,78.5,78.0,78.5,65.1,65.8,0.000,0.000,0.00,0.000,6.3,11.6,2.1,292,23,6.7,14.4,2.4,300,21,6.3,11.6,2.1,292,23,601,30.15,,0,0,0,78.6,75.0,75.0,0.18,0.16,0.17
SOUT,2017-08-21 12:20:00 EDT,41.04008,-72.46587,29,79.2,78.4,79.2,64.0,66.0,0.000,0.000,0.00,0.000,5.6,9.9,1.8,284,28,6.2,13.2,2.1,293,27,5.6,9.9,1.8,284,28,750,30.15,,0,0,0,78.7,75.0,75.0,0.18,0.16,0.17
SOUT,2017-08-21 12:25:00 EDT,41.04008,-72.46587,29,79.8,79.0,79.8,64.1,66.6,0.000,0.000,0.00,0.000,3.6,7.7,1.7,282,29,4.2,8.0,1.8,290,30,3.6,7.7,1.7,282,29,816,30.15,,0,0,0,79.1,75.0,75.0,0.18,0.16,0.17
SOUT,2017-08-21 12:30:00 EDT,41.04008,-72.46587,29,79.9,78.9,79.9,63.5,66.5,0.000,0.000,0.00,0.000,5.4,10.5,1.9,295,23,6.1,11.0,2.0,302,22,5.4,10.5,1.9,295,23,817,30.14,,0,0,0,79.2,75.0,75.0,0.18,0.16,0.17
SOUT,2017-08-21 12:35:00 EDT,41.04008,-72.46587,29,80.5,79.5,82.6,62.0,66.2,0.000,0.000,0.00,0.000,5.3,11.8,2.8,289,27,6.1,12.3,2.7,297,26,5.3,11.8,2.8,289,27,798,30.14,,0,0,0,79.4,75.0,75.0,0.18,0.16,0.17
SOUT,2017-08-21 12:40:00 EDT,41.04008,-72.46587,29,80.1,79.3,81.9,59.5,64.8,0.000,0.000,0.00,0.000,6.4,11.4,2.4,292,22,6.9,12.4,2.5,298,22,6.4,11.4,2.4,292,22,807,30.14,,0,0,0,79.5,75.0,75.0,0.18,0.16,0.17
SOUT,2017-08-21 12:45:00 EDT,41.04008,-72.46587,29,80.1,79.3,82.1,60.9,65.4,0.000,0.000,0.00,0.000,5.0,9.4,2.2,286,26,5.7,11.4,2.3,294,25,5.0,9.4,2.2,286,26,867,30.14,,0,0,0,80.0,75.0,75.0,0.18,0.16,0.17
SOUT,2017-08-21 12:50:00 EDT,41.04008,-72.46587,29,80.0,79.3,82.1,61.6,65.7,0.000,0.000,0.00,0.000,6.2,11.6,2.3,279,25,7.0,14.3,2.6,287,22,6.2,11.6,2.3,279,25,814,30.14,,0,0,0,80.1,75.1,75.0,0.18,0.16,0.17
SOUT,2017-08-21 12:55:00 EDT,41.04008,-72.46587,29,80.1,79.3,82.3,62.4,66.1,0.000,0.000,0.00,0.000,5.0,10.8,2.0,284,23,5.7,12.2,2.2,291,21,5.0,10.8,2.0,284,23,842,30.14,,0,0,0,80.3,75.1,75.0,0.17,0.16,0.17
SOUT,2017-08-21 13:00:00 EDT,41.04008,-72.46587,29,80.5,79.7,82.7,62.0,66.3,0.000,0.000,0.00,0.000,4.5,8.4,2.0,285,28,5.0,10.3,2.1,295,28,4.5,8.4,2.0,285,28,732,30.13,,0,0,0,80.4,75.1,75.0,0.18,0.16,0.17
SOUT,2017-08-21 13:05:00 EDT,41.04008,-72.46587,29,80.4,79.7,82.3,59.8,65.2,0.000,0.000,0.00,0.000,6.5,11.0,2.3,292,19,7.2,11.7,2.5,297,17,6.5,11.0,2.3,292,19,718,30.13,,0,0,0,80.9,75.2,75.0,0.18,0.16,0.17
SOUT,2017-08-21 13:10:00 EDT,41.04008,-72.46587,29,79.8,79.0,79.8,61.2,65.3,0.000,0.000,0.00,0.000,6.2,10.5,1.7,295,20,6.8,11.3,1.9,302,19,6.2,10.5,1.7,295,20,603,30.13,,0,0,0,81.0,75.1,75.0,0.18,0.16,0.17
SOUT,2017-08-21 13:15:00 EDT,41.04008,-72.46587,29,79.5,78.7,79.5,62.0,65.3,0.000,0.000,0.00,0.000,5.5,9.1,1.6,289,22,6.2,13.2,1.8,296,22,5.5,9.1,1.6,289,22,681,30.13,,0,0,0,81.0,75.3,75.0,0.17,0.16,0.17
SOUT,2017-08-21 13:20:00 EDT,41.04008,-72.46587,29,80.1,79.1,82.2,62.5,66.1,0.000,0.000,0.00,0.000,4.7,7.9,1.6,297,17,5.1,8.1,1.5,305,16,4.7,7.9,1.6,297,17,843,30.13,,0,0,0,81.2,75.2,74.9,0.17,0.16,0.17
SOUT,2017-08-21 13:25:00 EDT,41.04008,-72.46587,29,80.7,79.8,82.4,58.4,64.7,0.000,0.000,0.00,0.000,5.5,9.6,1.8,291,19,6.2,10.5,1.9,297,18,5.5,9.6,1.8,291,19,851,30.13,,0,0,0,81.5,75.3,75.0,0.17,0.16,0.17
SOUT,2017-08-21 13:30:00 EDT,41.04008,-72.46587,29,81.3,80.3,83.1,57.7,64.9,0.000,0.000,0.00,0.000,5.7,10.5,1.8,298,24,6.2,11.2,2.0,303,21,5.7,10.5,1.8,298,24,869,30.12,,0,0,0,81.5,75.4,74.9,0.17,0.16,0.17
SOUT,2017-08-21 13:35:00 EDT,41.04008,-72.46587,29,81.1,80.1,82.6,56.1,64.0,0.000,0.000,0.00,0.000,5.9,9.9,1.6,300,17,6.1,9.3,1.6,307,16,5.9,9.9,1.6,300,17,734,30.12,,0,0,0,82.0,75.4,74.9,0.17,0.16,0.17
SOUT,2017-08-21 13:40:00 EDT,41.04008,-72.46587,29,81.0,80.0,82.7,57.3,64.5,0.000,0.000,0.00,0.000,5.2,8.3,1.5,292,19,5.6,9.8,1.6,299,20,5.2,8.3,1.5,292,19,687,30.12,,0,0,0,82.0,75.4,74.9,0.17,0.16,0.17
SOUT,2017-08-21 13:45:00 EDT,41.04008,-72.46587,29,80.6,79.7,82.1,56.6,63.7,0.000,0.000,0.00,0.000,7.4,10.7,1.7,290,12,7.8,12.3,1.9,296,12,7.4,10.7,1.7,290,12,710,30.12,,0,0,0,82.0,75.5,74.8,0.18,0.16,0.17
SOUT,2017-08-21 13:50:00 EDT,41.04008,-72.46587,29,80.9,80.1,82.8,58.9,65.2,0.000,0.000,0.00,0.000,4.8,9.2,2.0,291,22,5.5,11.2,2.0,299,21,4.8,9.2,2.0,291,22,725,30.12,,0,0,0,82.0,75.5,74.8,0.17,0.16,0.17
SOUT,2017-08-21 13:55:00 EDT,41.04008,-72.46587,29,81.0,80.1,82.8,58.2,64.9,0.000,0.000,0.00,0.000,6.3,9.2,1.2,300,17,6.6,10.0,1.3,309,17,6.3,9.2,1.2,300,17,649,30.12,,0,0,0,82.1,75.6,74.8,0.17,0.16,0.17
SOUT,2017-08-21 14:00:00 EDT,41.04008,-72.46587,29,80.7,80.0,82.3,56.8,64.0,0.000,0.000,0.00,0.000,5.8,10.0,1.9,291,20,6.5,11.2,2.0,297,17,5.8,10.0,1.9,291,20,655,30.11,,0,0,0,82.2,75.5,74.8,0.17,0.16,0.17
SOUT,2017-08-21 14:05:00 EDT,41.04008,-72.46587,29,80.5,80.0,82.1,57.7,64.2,0.000,0.000,0.00,0.000,5.7,9.0,1.7,293,17,6.3,10.1,1.8,300,16,5.7,9.0,1.7,293,17,549,30.11,,0,0,0,82.2,75.6,74.8,0.17,0.16,0.17
SOUT,2017-08-21 14:10:00 EDT,41.04008,-72.46587,29,80.4,79.9,82.1,58.6,64.5,0.000,0.000,0.00,0.000,4.3,6.9,1.4,293,23,4.7,8.1,1.6,300,23,4.3,6.9,1.4,293,23,481,30.11,,0,0,0,82.2,75.6,74.8,0.17,0.16,0.17
SOUT,2017-08-21 14:15:00 EDT,41.04008,-72.46587,29,80.6,79.9,82.2,57.6,64.2,0.000,0.000,0.00,0.000,4.7,7.8,1.9,293,18,5.1,9.5,1.7,299,17,4.7,7.8,1.9,293,18,456,30.11,,0,0,0,82.2,75.6,74.8,0.17,0.16,0.17
SOUT,2017-08-21 14:20:00 EDT,41.04008,-72.46587,29,80.0,79.5,81.6,57.5,63.7,0.000,0.000,0.00,0.000,4.3,6.4,1.4,292,17,4.7,7.2,1.3,301,18,4.3,6.4,1.4,292,17,335,30.11,,0,0,0,82.1,75.6,74.7,0.17,0.16,0.17
SOUT,2017-08-21 14:25:00 EDT,41.04008,-72.46587,29,79.5,79.2,79.5,58.1,63.5,0.000,0.000,0.00,0.000,3.7,6.1,1.0,287,23,4.2,7.2,1.3,294,21,3.7,6.1,1.0,287,23,302,30.11,,0,0,0,82.0,75.6,74.7,0.17,0.16,0.17
SOUT,2017-08-21 14:30:00 EDT,41.04008,-72.46587,29,79.3,79.0,79.3,59.5,64.0,0.000,0.000,0.00,0.000,2.8,5.6,1.2,284,27,3.2,7.3,1.4,292,28,2.8,5.6,1.2,284,27,267,30.11,,0,0,0,82.0,75.6,74.7,0.17,0.16,0.17
SOUT,2017-08-21 14:35:00 EDT,41.04008,-72.46587,29,79.2,79.1,79.2,60.9,64.5,0.000,0.000,0.00,0.000,1.5,4.5,1.2,215,24,1.9,6.7,1.2,224,30,1.5,4.5,1.2,215,24,186,30.11,,0,0,0,82.0,75.6,74.7,0.17,0.16,0.17
SOUT,2017-08-21 14:40:00 EDT,41.04008,-72.46587,29,79.2,79.0,79.2,61.8,65.0,0.000,0.000,0.00,0.000,1.3,3.0,0.9,262,23,1.9,3.6,0.8,265,31,1.3,3.0,0.9,262,23,193,30.11,,0,0,0,82.0,75.6,74.7,0.17,0.16,0.17
SOUT,2017-08-21 14:45:00 EDT,41.04008,-72.46587,29,79.0,78.8,79.0,62.7,65.2,0.000,0.000,0.00,0.000,1.0,3.1,1.0,299,13,1.5,3.4,0.8,305,21,1.0,3.1,1.0,299,13,170,30.11,,0,0,0,81.5,75.6,74.7,0.17,0.16,0.17
SOUT,2017-08-21 14:50:00 EDT,41.04008,-72.46587,29,79.2,78.8,79.2,62.5,65.3,0.000,0.000,0.00,0.000,0.5,2.3,0.7,267,27,1.1,3.2,0.8,281,44,0.5,2.3,0.7,267,27,149,30.11,,0,0,0,81.5,75.6,74.7,0.17,0.16,0.17
SOUT,2017-08-21 14:55:00 EDT,41.04008,-72.46587,29,78.9,78.7,78.9,63.3,65.4,0.000,0.000,0.00,0.000,0.9,3.4,1.1,235,20,1.4,3.9,1.0,244,42,0.9,3.4,1.1,235,20,156,30.11,,0,0,0,81.1,75.6,74.7,0.17,0.16,0.17
SOUT,2017-08-21 15:00:00 EDT,41.04008,-72.46587,29,78.8,78.6,78.8,64.9,66.0,0.000,0.000,0.00,0.000,2.0,3.4,0.8,214,25,2.1,3.9,0.7,223,29,2.0,3.4,0.8,214,25,154,30.11,,0,0,0,81.0,75.6,74.7,0.17,0.16,0.17
SOUT,2017-08-21 15:05:00 EDT,41.04008,-72.46587,29,78.8,78.7,78.8,67.7,67.2,0.000,0.000,0.00,0.000,2.6,8.3,2.3,205,18,3.0,8.7,2.1,210,19,2.6,8.3,2.3,205,18,175,30.10,,0,0,0,81.0,75.6,74.7,0.17,0.16,0.17
SOUT,2017-08-21 15:10:00 EDT,41.04008,-72.46587,29,,,,,,,,,,,,,,,,,,,,,,,,,,,,,,,,,,,,
SOUT,2017-08-21 15:15:00 EDT,41.04008,-72.46587,29,,,,,,,,,,,,,,,,,,,,,,,,,,,,,,,,,,,,
SOUT,2017-08-21 15:20:00 EDT,41.04008,-72.46587,29,,,,,,,,,,,,,,,,,,,,,,,,,,,,,,,,,,,,
SOUT,2017-08-21 15:25:00 EDT,41.04008,-72.46587,29,,,,,,,,,,,,,,,,,,,,,,,,,,,,,,,,,,,,
SOUT,2017-08-21 15:30:00 EDT,41.04008,-72.46587,29,,,,,,,,,,,,,,,,,,,,,,,,,,,,,,,,,,,,
SOUT,2017-08-21 15:35:00 EDT,41.04008,-72.46587,29,,,,,,,,,,,,,,,,,,,,,,,,,,,,,,,,,,,,
SOUT,2017-08-21 15:40:00 EDT,41.04008,-72.46587,29,,,,,,,,,,,,,,,,,,,,,,,,,,,,,,,,,,,,
SOUT,2017-08-21 15:45:00 EDT,41.04008,-72.46587,29,,,,,,,,,,,,,,,,,,,,,,,,,,,,,,,,,,,,
SOUT,2017-08-21 15:50:00 EDT,41.04008,-72.46587,29,,,,,,,,,,,,,,,,,,,,,,,,,,,,,,,,,,,,
SOUT,2017-08-21 15:55:00 EDT,41.04008,-72.46587,29,,,,,,,,,,,,,,,,,,,,,,,,,,,,,,,,,,,,
SOUT,2017-08-21 16:00:00 EDT,41.04008,-72.46587,29,,,,,,,,,,,,,,,,,,,,,,,,,,,,,,,,,,,,
SOUT,2017-08-21 16:05:00 EDT,41.04008,-72.46587,29,,,,,,,,,,,,,,,,,,,,,,,,,,,,,,,,,,,,
SOUT,2017-08-21 16:10:00 EDT,41.04008,-72.46587,29,,,,,,,,,,,,,,,,,,,,,,,,,,,,,,,,,,,,
SOUT,2017-08-21 16:15:00 EDT,41.04008,-72.46587,29,,,,,,,,,,,,,,,,,,,,,,,,,,,,,,,,,,,,
SOUT,2017-08-21 16:20:00 EDT,41.04008,-72.46587,29,,,,,,,,,,,,,,,,,,,,,,,,,,,,,,,,,,,,
SOUT,2017-08-21 16:25:00 EDT,41.04008,-72.46587,29,,,,,,,,,,,,,,,,,,,,,,,,,,,,,,,,,,,,
SOUT,2017-08-21 16:30:00 EDT,41.04008,-72.46587,29,,,,,,,,,,,,,,,,,,,,,,,,,,,,,,,,,,,,
SOUT,2017-08-21 16:35:00 EDT,41.04008,-72.46587,29,,,,,,,,,,,,,,,,,,,,,,,,,,,,,,,,,,,,
SOUT,2017-08-21 16:40:00 EDT,41.04008,-72.46587,29,,,,,,,,,,,,,,,,,,,,,,,,,,,,,,,,,,,,
SOUT,2017-08-21 16:45:00 EDT,41.04008,-72.46587,29,,,,,,,,,,,,,,,,,,,,,,,,,,,,,,,,,,,,
SOUT,2017-08-21 16:50:00 EDT,41.04008,-72.46587,29,,,,,,,,,,,,,,,,,,,,,,,,,,,,,,,,,,,,
SOUT,2017-08-21 16:55:00 EDT,41.04008,-72.46587,29,,,,,,,,,,,,,,,,,,,,,,,,,,,,,,,,,,,,
SOUT,2017-08-21 17:00:00 EDT,41.04008,-72.46587,29,,,,,,,,,,,,,,,,,,,,,,,,,,,,,,,,,,,,
SOUT,2017-08-21 17:05:00 EDT,41.04008,-72.46587,29,,,,,,,,,,,,,,,,,,,,,,,,,,,,,,,,,,,,
SOUT,2017-08-21 17:10:00 EDT,41.04008,-72.46587,29,,,,,,,,,,,,,,,,,,,,,,,,,,,,,,,,,,,,
SOUT,2017-08-21 17:15:00 EDT,41.04008,-72.46587,29,,,,,,,,,,,,,,,,,,,,,,,,,,,,,,,,,,,,
SOUT,2017-08-21 17:20:00 EDT,41.04008,-72.46587,29,,,,,,,,,,,,,,,,,,,,,,,,,,,,,,,,,,,,
SOUT,2017-08-21 17:25:00 EDT,41.04008,-72.46587,29,,,,,,,,,,,,,,,,,,,,,,,,,,,,,,,,,,,,
SOUT,2017-08-21 17:30:00 EDT,41.04008,-72.46587,29,,,,,,,,,,,,,,,,,,,,,,,,,,,,,,,,,,,,
SOUT,2017-08-21 17:35:00 EDT,41.04008,-72.46587,29,,,,,,,,,,,,,,,,,,,,,,,,,,,,,,,,,,,,
SOUT,2017-08-21 17:40:00 EDT,41.04008,-72.46587,29,,,,,,,,,,,,,,,,,,,,,,,,,,,,,,,,,,,,
SOUT,2017-08-21 17:45:00 EDT,41.04008,-72.46587,29,80.1,79.9,81.2,53.7,61.8,,0.000,0.00,,7.3,13.3,2.6,210,18,7.8,16.2,2.9,215,17,7.3,13.3,2.6,210,18,281,30.09,,0,0,0,79.2,75.9,74.7,0.17,0.16,0.17
SOUT,2017-08-21 17:50:00 EDT,41.04008,-72.46587,29,79.8,79.7,79.8,54.4,61.9,0.000,0.000,0.00,,7.7,14.5,2.6,204,19,8.2,15.8,2.9,210,16,7.7,14.5,2.6,204,19,266,30.09,,0,0,0,79.1,75.9,74.7,0.17,0.16,0.17
SOUT,2017-08-21 17:55:00 EDT,41.04008,-72.46587,29,79.6,79.5,79.6,55.4,62.3,0.000,0.000,0.00,,8.8,16.7,2.4,208,15,9.2,16.5,2.6,213,11,8.8,16.7,2.4,208,15,250,30.09,,0,0,0,78.7,75.9,74.7,0.17,0.16,0.17
SOUT,2017-08-21 18:00:00 EDT,41.04008,-72.46587,29,79.4,79.2,79.4,55.7,62.2,0.000,0.000,0.00,,10.1,18.6,2.3,206,15,10.5,18.5,2.6,210,13,10.1,18.6,2.3,206,15,234,30.09,,0,0,0,78.6,75.9,74.7,0.17,0.16,0.17
SOUT,2017-08-21 18:05:00 EDT,41.04008,-72.46587,29,79.1,79.0,79.1,56.9,62.6,0.000,0.000,0.00,,9.5,17.0,2.8,210,17,9.9,18.7,2.9,214,15,9.5,17.0,2.8,210,17,218,30.09,,0,0,0,78.6,76.0,74.7,0.17,0.16,0.17
SOUT,2017-08-21 18:10:00 EDT,41.04008,-72.46587,29,78.9,78.8,78.9,58.0,62.9,0.000,0.000,0.00,,8.3,16.0,3.1,212,17,8.7,16.0,3.1,216,14,8.3,16.0,3.1,212,17,203,30.08,,0,0,0,78.6,76.1,74.7,0.17,0.16,0.17
SOUT,2017-08-21 18:15:00 EDT,41.04008,-72.46587,29,78.6,78.6,78.6,59.1,63.2,0.000,0.000,0.00,,9.0,14.6,2.8,207,18,9.3,16.7,2.8,215,15,9.0,14.6,2.8,207,18,189,30.08,,0,0,0,78.5,76.1,74.7,0.17,0.16,0.17
SOUT,2017-08-21 18:20:00 EDT,41.04008,-72.46587,29,78.3,78.3,78.3,60.1,63.4,0.000,0.000,0.00,,9.1,16.2,2.8,209,17,9.2,16.3,3.2,218,15,9.1,16.2,2.8,209,17,172,30.08,,0,0,0,78.3,76.2,74.8,0.17,0.16,0.17
SOUT,2017-08-21 18:25:00 EDT,41.04008,-72.46587,29,78.1,78.0,78.1,60.7,63.4,0.000,0.000,0.00,,8.6,14.6,3.0,211,20,9.0,16.0,3.2,216,16,8.6,14.6,3.0,211,20,153,30.08,,0,0,0,78.1,76.4,74.8,0.17,0.16,0.17
SOUT,2017-08-21 18:30:00 EDT,41.04008,-72.46587,29,77.8,77.8,77.8,60.9,63.2,0.000,0.000,0.00,,8.5,15.3,2.6,209,21,8.7,17.0,2.5,218,17,8.5,15.3,2.6,209,21,137,30.08,,0,0,0,78.1,76.4,74.8,0.17,0.16,0.17
SOUT,2017-08-21 18:35:00 EDT,41.04008,-72.46587,29,77.5,77.6,77.5,61.9,63.5,0.000,0.000,0.00,,8.1,15.7,3.3,211,22,8.4,17.2,3.1,215,18,8.1,15.7,3.3,211,22,121,30.08,,0,0,0,78.1,76.4,74.8,0.17,0.16,0.17
SOUT,2017-08-21 18:40:00 EDT,41.04008,-72.46587,29,77.3,77.4,77.3,63.2,63.8,0.000,0.000,0.00,,8.6,13.3,2.5,209,20,9.0,16.0,2.6,215,17,8.6,13.3,2.5,209,20,109,30.08,,0,0,0,78.1,76.4,74.8,0.17,0.16,0.17
SOUT,2017-08-21 18:45:00 EDT,41.04008,-72.46587,29,77.1,77.2,77.1,64.1,64.0,0.000,0.000,0.00,0.000,8.7,18.4,3.7,209,19,8.9,18.1,3.7,216,19,8.7,18.4,3.7,209,19,96,30.08,,0,0,0,78.1,76.4,74.8,0.17,0.16,0.17
SOUT,2017-08-21 18:50:00 EDT,41.04008,-72.46587,29,76.9,76.9,76.9,65.0,64.2,0.000,0.000,0.00,0.000,8.6,14.6,3.3,208,18,8.8,14.8,3.2,214,15,8.6,14.6,3.3,208,18,78,30.08,,0,0,0,78.1,76.5,74.8,0.17,0.16,0.17
SOUT,2017-08-21 18:55:00 EDT,41.04008,-72.46587,29,76.6,76.7,76.6,66.0,64.4,0.000,0.000,0.00,0.000,8.6,17.9,3.2,206,17,9.2,17.2,3.5,213,15,8.6,17.9,3.2,206,17,52,30.07,,0,0,0,78.0,76.5,74.9,0.17,0.16,0.17
SOUT,2017-08-21 19:00:00 EDT,41.04008,-72.46587,29,76.4,76.5,76.4,67.4,64.8,0.000,0.000,0.00,0.000,8.2,13.7,2.4,206,17,9.0,15.8,2.6,211,14,8.2,13.7,2.4,206,17,49,30.07,,0,0,0,77.7,76.5,74.9,0.17,0.16,0.17
SOUT,2017-08-21 19:05:00 EDT,41.04008,-72.46587,29,76.2,76.4,76.2,69.2,65.4,0.000,0.000,0.00,0.000,8.9,17.5,2.8,208,16,9.6,17.8,2.7,215,13,8.9,17.5,2.8,208,16,32,30.08,,0,0,0,77.7,76.5,74.9,0.17,0.16,0.17
SOUT,2017-08-21 19:10:00 EDT,41.04008,-72.46587,29,75.9,76.2,75.9,70.6,65.7,0.000,0.000,0.00,0.000,7.9,13.8,2.0,200,17,8.3,14.1,2.0,207,12,7.9,13.8,2.0,200,17,19,30.07,,0,0,0,77.7,76.5,74.9,0.17,0.16,0.17
SOUT,2017-08-21 19:15:00 EDT,41.04008,-72.46587,29,75.6,75.8,75.6,71.7,65.8,0.000,0.000,0.00,0.000,7.2,12.9,2.4,203,18,7.7,14.2,2.4,211,14,7.2,12.9,2.4,203,18,12,30.07,,0,0,0,77.6,76.5,75.0,0.17,0.16,0.17
SOUT,2017-08-21 19:20:00 EDT,41.04008,-72.46587,29,75.4,75.6,75.4,71.8,65.7,0.000,0.000,0.00,0.000,6.3,11.0,1.9,209,18,6.9,12.0,2.1,211,17,6.3,11.0,1.9,209,18,8,30.07,,0,0,0,77.3,76.5,75.0,0.17,0.16,0.17
SOUT,2017-08-21 19:25:00 EDT,41.04008,-72.46587,29,75.2,75.4,75.2,73.6,66.2,0.000,0.000,0.00,0.000,6.7,12.3,2.0,206,19,6.9,14.1,2.2,211,15,6.7,12.3,2.0,206,19,8,30.08,,0,0,0,77.2,76.5,75.0,0.17,0.16,0.17
SOUT,2017-08-21 19:30:00 EDT,41.04008,-72.46587,29,75.1,75.4,75.1,74.8,66.6,0.000,0.000,0.00,0.000,7.3,12.5,2.2,201,18,7.7,13.0,2.4,210,15,7.3,12.5,2.2,201,18,9,30.07,,0,0,0,77.2,76.5,75.0,0.17,0.16,0.17
SOUT,2017-08-21 19:35:00 EDT,41.04008,-72.46587,29,75.0,75.2,75.0,75.1,66.6,0.000,0.000,0.00,0.000,7.2,13.6,2.5,202,16,7.4,13.7,2.7,207,13,7.2,13.6,2.5,202,16,6,30.07,,0,0,0,77.2,76.5,75.0,0.17,0.16,0.17
SOUT,2017-08-21 19:40:00 EDT,41.04008,-72.46587,29,74.9,75.2,74.9,75.4,66.6,0.000,0.000,0.00,0.000,8.1,12.3,2.0,202,16,8.7,13.5,2.1,206,14,8.1,12.3,2.0,202,16,4,30.07,,0,0,0,77.2,76.5,75.0,0.17,0.16,0.17
SOUT,2017-08-21 19:45:00 EDT,41.04008,-72.46587,29,74.9,75.0,74.9,76.0,66.8,0.000,0.000,0.00,0.000,7.1,15.2,2.6,199,18,7.6,15.4,2.9,206,16,7.1,15.2,2.6,199,18,2,30.07,,0,0,0,77.2,76.5,75.0,0.17,0.16,0.17
SOUT,2017-08-21 19:50:00 EDT,41.04008,-72.46587,29,74.9,75.1,74.9,76.5,67.0,0.000,0.000,0.00,0.000,8.1,15.0,2.7,203,19,8.6,15.9,3.0,206,15,8.1,15.0,2.7,203,19,1,30.07,,0,0,0,77.2,76.5,75.0,0.17,0.16,0.17
SOUT,2017-08-21 19:55:00 EDT,41.04008,-72.46587,29,74.7,74.9,74.7,77.5,67.2,0.000,0.000,0.00,0.000,6.7,10.9,1.9,199,19,7.3,11.7,2.2,205,16,6.7,10.9,1.9,199,19,1,30.07,,0,0,0,77.2,76.5,75.0,0.17,0.16,0.17
SOUT,2017-08-21 20:00:00 EDT,41.04008,-72.46587,29,74.7,74.9,74.7,78.4,67.6,0.000,0.000,0.00,0.000,7.9,14.5,2.1,205,21,8.5,15.6,2.4,209,15,7.9,14.5,2.1,205,21,0,30.07,,0,0,0,77.0,76.5,75.0,0.17,0.16,0.17
SOUT,2017-08-21 20:05:00 EDT,41.04008,-72.46587,29,74.6,74.8,74.6,79.5,67.9,0.000,0.000,0.00,0.000,7.9,13.4,2.3,203,16,8.4,13.2,2.3,208,14,7.9,13.4,2.3,203,16,0,30.08,,0,0,0,76.8,76.5,75.0,0.17,0.16,0.17
SOUT,2017-08-21 20:10:00 EDT,41.04008,-72.46587,29,74.6,74.7,74.6,80.0,68.0,0.000,0.000,0.00,0.000,7.7,13.6,2.3,204,17,8.4,13.9,2.4,210,17,7.7,13.6,2.3,204,17,0,30.08,,0,0,0,76.8,76.5,75.0,0.17,0.16,0.17
SOUT,2017-08-21 20:15:00 EDT,41.04008,-72.46587,29,74.4,74.6,74.4,80.3,67.9,0.000,0.000,0.00,0.000,6.4,12.1,1.8,207,20,6.9,12.5,1.9,214,16,6.4,12.1,1.8,207,20,0,30.08,,0,0,0,76.8,76.5,75.0,0.17,0.16,0.17
SOUT,2017-08-21 20:20:00 EDT,41.04008,-72.46587,29,74.4,74.6,74.4,80.4,67.9,0.000,0.000,0.00,0.000,7.9,13.2,2.6,208,21,8.1,14.1,2.5,213,17,7.9,13.2,2.6,208,21,0,30.08,,0,0,0,76.8,76.5,75.0,0.17,0.16,0.17
SOUT,2017-08-21 20:25:00 EDT,41.04008,-72.46587,29,74.3,74.5,74.3,80.3,67.9,0.000,0.000,0.00,0.000,7.3,14.6,2.1,206,17,7.6,13.7,2.1,213,13,7.3,14.6,2.1,206,17,0,30.08,,0,0,0,76.8,76.5,75.0,0.17,0.16,0.17
SOUT,2017-08-21 20:30:00 EDT,41.04008,-72.46587,29,74.3,74.5,74.3,80.6,67.9,0.000,0.000,0.00,0.000,7.4,12.4,2.1,205,19,7.9,12.8,2.3,210,14,7.4,12.4,2.1,205,19,0,30.08,,0,0,0,76.8,76.5,75.0,0.17,0.16,0.17
SOUT,2017-08-21 20:35:00 EDT,41.04008,-72.46587,29,74.2,74.4,74.2,80.8,67.9,0.000,0.000,0.00,0.000,6.7,11.3,2.0,204,20,7.2,13.2,2.2,209,16,6.7,11.3,2.0,204,20,0,30.08,,0,0,0,76.8,76.5,75.0,0.17,0.16,0.17
SOUT,2017-08-21 20:40:00 EDT,41.04008,-72.46587,29,74.3,74.5,74.3,81.0,68.0,0.000,0.000,0.00,0.000,8.2,13.4,1.9,204,13,8.4,15.2,1.9,210,11,8.2,13.4,1.9,204,13,0,30.08,,0,0,0,76.7,76.5,75.0,0.17,0.16,0.17
SOUT,2017-08-21 20:45:00 EDT,41.04008,-72.46587,29,74.1,74.3,74.1,81.7,68.1,0.000,0.000,0.00,0.000,7.2,13.7,2.3,202,16,7.7,13.0,2.2,208,15,7.2,13.7,2.3,202,16,0,30.08,,0,0,0,76.5,76.5,75.0,0.17,0.16,0.17
SOUT,2017-08-21 20:50:00 EDT,41.04008,-72.46587,29,74.1,74.3,74.1,82.3,68.4,0.000,0.000,0.00,0.000,7.8,16.6,3.0,199,16,8.4,17.5,3.1,208,14,7.8,16.6,3.0,199,16,0,30.08,,0,0,0,76.5,76.5,75.0,0.17,0.16,0.17
SOUT,2017-08-21 20:55:00 EDT,41.04008,-72.46587,29,74.3,74.5,74.3,81.9,68.4,0.000,0.000,0.00,0.000,7.7,11.9,2.1,205,20,8.3,14.1,2.0,211,16,7.7,11.9,2.1,205,20,0,30.08,,0,0,0,76.5,76.5,75.0,0.17,0.16,0.17
SOUT,2017-08-21 21:00:00 EDT,41.04008,-72.46587,29,74.2,74.3,74.2,82.2,68.4,0.000,0.000,0.00,0.000,8.1,14.2,2.4,206,20,8.7,15.1,2.6,211,16,8.1,14.2,2.4,206,20,0,30.08,,0,0,0,76.5,76.5,75.0,0.17,0.16,0.17
SOUT,2017-08-21 21:05:00 EDT,41.04008,-72.46587,29,74.2,74.3,74.2,82.2,68.4,0.000,0.000,0.00,0.000,7.6,15.7,2.8,206,19,8.1,14.5,2.8,212,14,7.6,15.7,2.8,206,19,0,30.08,,0,0,0,76.5,76.5,75.0,0.17,0.16,0.17
SOUT,2017-08-21 21:10:00 EDT,41.04008,-72.46587,29,74.1,74.3,74.1,82.2,68.3,0.000,0.000,0.00,0.000,8.0,13.6,2.3,209,22,8.6,14.2,2.2,215,19,8.0,13.6,2.3,209,22,0,30.08,,0,0,0,76.5,76.5,75.0,0.17,0.16,0.17
SOUT,2017-08-21 21:15:00 EDT,41.04008,-72.46587,29,74.2,74.4,74.2,82.0,68.3,0.000,0.000,0.00,0.000,7.4,14.3,2.4,210,21,7.8,14.0,2.6,215,20,7.4,14.3,2.4,210,21,0,30.08,,0,0,0,76.5,76.5,75.0,0.17,0.16,0.17
SOUT,2017-08-21 21:20:00 EDT,41.04008,-72.46587,29,74.0,74.2,74.0,82.3,68.3,0.000,0.000,0.00,0.000,8.0,14.9,2.8,215,18,8.6,16.2,2.6,219,15,8.0,14.9,2.8,215,18,0,30.08,,0,0,0,76.5,76.5,75.0,0.17,0.16,0.17
SOUT,2017-08-21 21:25:00 EDT,41.04008,-72.46587,29,74.1,74.2,74.1,82.5,68.4,0.000,0.000,0.00,0.000,7.4,15.3,3.0,218,19,7.5,15.5,3.0,224,17,7.4,15.3,3.0,218,19,0,30.08,,0,0,0,76.5,76.5,75.0,0.17,0.16,0.17
SOUT,2017-08-21 21:30:00 EDT,41.04008,-72.46587,29,74.0,74.1,74.0,82.9,68.5,0.000,0.000,0.00,0.000,7.0,12.1,2.4,216,17,7.3,13.3,2.6,220,17,7.0,12.1,2.4,216,17,0,30.08,,0,0,0,76.5,76.5,75.0,0.17,0.16,0.17
SOUT,2017-08-21 21:35:00 EDT,41.04008,-72.46587,29,74.0,74.1,74.0,82.8,68.5,0.000,0.000,0.00,0.000,7.3,17.2,3.4,216,21,7.5,17.2,3.2,221,19,7.3,17.2,3.4,216,21,0,30.08,,0,0,0,76.5,76.5,75.0,0.17,0.16,0.17
SOUT,2017-08-21 21:40:00 EDT,41.04008,-72.46587,29,74.0,74.1,74.0,82.6,68.4,0.000,0.000,0.00,0.000,6.5,13.4,2.6,212,24,6.6,14.5,2.6,221,21,6.5,13.4,2.6,212,24,0,30.09,,0,0,0,76.5,76.5,75.0,0.17,0.16,0.17
SOUT,2017-08-21 21:45:00 EDT,41.04008,-72.46587,29,74.0,74.1,74.0,82.8,68.4,0.000,0.000,0.00,0.000,6.4,12.6,2.8,214,25,6.8,13.3,2.7,219,22,6.4,12.6,2.8,214,25,0,30.09,,0,0,0,76.3,76.5,75.0,0.17,0.16,0.17
SOUT,2017-08-21 21:50:00 EDT,41.04008,-72.46587,29,73.9,74.0,73.9,82.9,68.4,0.000,0.000,0.00,0.000,5.9,11.0,2.5,216,22,6.4,13.8,2.5,219,20,5.9,11.0,2.5,216,22,0,30.08,,0,0,0,76.0,76.5,75.0,0.17,0.16,0.17
SOUT,2017-08-21 21:55:00 EDT,41.04008,-72.46587,29,73.8,73.9,73.8,83.3,68.4,0.000,0.000,0.00,0.000,4.8,8.7,1.8,214,27,5.2,9.6,1.8,221,24,4.8,8.7,1.8,214,27,0,30.09,,0,0,0,76.0,76.5,75.0,0.17,0.16,0.17
SOUT,2017-08-21 22:00:00 EDT,41.04008,-72.46587,29,73.7,73.9,73.7,83.7,68.5,0.002,0.002,0.00,0.002,6.2,11.1,2.3,217,17,6.4,12.0,2.2,224,17,6.2,11.1,2.3,217,17,0,30.08,,0,0,0,75.9,76.5,75.0,0.17,0.16,0.17
SOUT,2017-08-21 22:05:00 EDT,41.04008,-72.46587,29,73.6,73.8,73.6,84.0,68.5,0.000,0.002,0.00,0.002,5.2,10.2,2.1,217,22,5.6,12.1,2.1,223,17,5.2,10.2,2.1,217,22,0,30.08,,0,0,0,75.9,76.5,75.0,0.17,0.16,0.17
SOUT,2017-08-21 22:10:00 EDT,41.04008,-72.46587,29,73.7,73.9,73.7,84.3,68.7,0.000,0.002,0.00,0.002,7.1,12.1,2.7,213,18,7.3,13.0,2.6,219,15,7.1,12.1,2.7,213,18,0,30.08,,0,0,0,75.9,76.5,75.0,0.17,0.16,0.17
SOUT,2017-08-21 22:15:00 EDT,41.04008,-72.46587,29,73.7,73.9,73.7,84.2,68.7,0.000,0.002,0.00,0.002,6.2,12.1,1.9,215,22,6.4,11.1,2.1,221,19,6.2,12.1,1.9,215,22,0,30.07,,0,0,0,75.9,76.5,75.0,0.17,0.16,0.17
SOUT,2017-08-21 22:20:00 EDT,41.04008,-72.46587,29,73.6,73.7,73.6,84.5,68.7,0.000,0.002,0.00,0.002,4.8,9.8,1.7,220,25,5.2,10.1,1.8,223,22,4.8,9.8,1.7,220,25,0,30.07,,0,0,0,75.9,76.5,75.0,0.17,0.16,0.17
SOUT,2017-08-21 22:25:00 EDT,41.04008,-72.46587,29,73.6,73.7,73.6,84.9,68.8,0.000,0.002,0.00,0.002,6.0,10.8,1.7,218,18,6.3,10.9,1.8,223,16,6.0,10.8,1.7,218,18,0,30.07,,0,0,0,75.9,76.5,75.0,0.17,0.16,0.17
SOUT,2017-08-21 22:30:00 EDT,41.04008,-72.46587,29,73.5,73.7,73.5,85.4,68.8,0.000,0.002,0.00,0.002,5.7,10.2,2.1,212,16,5.7,11.7,2.1,216,18,5.7,10.2,2.1,212,16,0,30.07,,0,0,0,75.9,76.5,75.0,0.17,0.16,0.17
SOUT,2017-08-21 22:35:00 EDT,41.04008,-72.46587,29,73.5,73.7,73.5,86.0,69.0,0.000,0.002,0.00,0.002,6.2,12.1,1.9,212,18,6.3,10.4,2.0,217,15,6.2,12.1,1.9,212,18,0,30.07,,0,0,0,75.9,76.5,75.0,0.17,0.16,0.17
SOUT,2017-08-21 22:40:00 EDT,41.04008,-72.46587,29,73.6,73.7,73.6,86.1,69.1,0.000,0.002,0.00,0.002,6.9,11.5,1.9,209,18,7.3,13.0,2.1,218,16,6.9,11.5,1.9,209,18,0,30.07,,0,0,0,75.9,76.5,75.0,0.17,0.16,0.17
SOUT,2017-08-21 22:45:00 EDT,41.04008,-72.46587,29,73.6,73.7,73.6,85.9,69.1,0.000,0.002,0.00,0.002,5.8,11.2,2.1,214,18,6.1,11.2,2.1,221,16,5.8,11.2,2.1,214,18,0,30.07,,0,0,0,75.9,76.5,75.0,0.17,0.16,0.17
SOUT,2017-08-21 22:50:00 EDT,41.04008,-72.46587,29,73.6,73.7,73.6,85.7,69.0,0.000,0.002,0.00,0.002,5.3,10.9,2.3,217,18,5.5,11.7,2.2,224,18,5.3,10.9,2.3,217,18,0,30.07,,0,0,0,75.9,76.5,75.0,0.17,0.16,0.17
SOUT,2017-08-21 22:55:00 EDT,41.04008,-72.46587,29,73.5,73.7,73.5,86.3,69.1,0.000,0.002,0.00,0.002,5.9,9.9,1.7,220,18,6.0,9.4,1.6,226,18,5.9,9.9,1.7,220,18,0,30.07,,0,0,0,75.9,76.5,75.0,0.17,0.16,0.17
SOUT,2017-08-21 23:00:00 EDT,41.04008,-72.46587,29,73.5,73.6,73.5,86.7,69.3,0.000,0.002,0.00,0.000,5.5,9.1,1.7,214,17,5.9,10.7,1.8,223,18,5.5,9.1,1.7,214,17,0,30.07,,0,0,0,75.9,76.5,75.0,0.17,0.15,0.17
SOUT,2017-08-21 23:05:00 EDT,41.04008,-72.46587,29,73.4,73.5,73.4,87.3,69.4,0.000,0.002,0.00,0.000,6.5,11.3,2.0,212,16,6.7,12.1,2.2,219,13,6.5,11.3,2.0,212,16,0,30.06,,0,0,0,75.9,76.5,75.0,0.17,0.15,0.17
SOUT,2017-08-21 23:10:00 EDT,41.04008,-72.46587,29,73.4,73.6,73.4,87.7,69.5,0.000,0.002,0.00,0.000,6.3,10.4,2.0,212,23,6.6,11.4,2.0,220,19,6.3,10.4,2.0,212,23,0,30.06,,0,0,0,75.7,76.5,75.0,0.17,0.16,0.17
SOUT,2017-08-21 23:15:00 EDT,41.04008,-72.46587,29,73.4,73.5,73.4,88.1,69.6,0.000,0.002,0.00,0.000,4.8,9.0,1.8,221,21,4.9,9.3,1.8,229,20,4.8,9.0,1.8,221,21,0,30.06,,0,0,0,75.6,76.5,75.0,0.17,0.15,0.17
SOUT,2017-08-21 23:20:00 EDT,41.04008,-72.46587,29,73.3,73.5,73.3,88.3,69.6,0.000,0.002,0.00,0.000,4.9,10.7,2.3,220,25,5.1,11.7,2.5,227,22,4.9,10.7,2.3,220,25,0,30.06,,0,0,0,75.6,76.5,75.0,0.17,0.15,0.17
SOUT,2017-08-21 23:25:00 EDT,41.04008,-72.46587,29,73.3,73.5,73.3,88.8,69.8,0.000,0.002,0.00,0.000,5.1,10.8,2.0,214,22,5.3,11.4,2.2,220,19,5.1,10.8,2.0,214,22,0,30.06,,0,0,0,75.6,76.5,75.0,0.17,0.15,0.17
SOUT,2017-08-21 23:30:00 EDT,41.04008,-72.46587,29,73.4,73.6,73.4,88.8,69.9,0.000,0.002,0.00,0.000,5.9,10.0,1.8,213,17,6.0,10.3,1.7,218,15,5.9,10.0,1.8,213,17,0,30.06,,0,0,0,75.6,76.5,75.0,0.17,0.15,0.17
SOUT,2017-08-21 23:35:00 EDT,41.04008,-72.46587,29,73.3,73.5,73.3,88.9,69.9,0.000,0.002,0.00,0.000,5.1,8.5,1.6,210,19,5.5,10.2,1.8,213,17,5.1,8.5,1.6,210,19,0,30.06,,0,0,0,75.6,76.5,75.0,0.17,0.15,0.17
SOUT,2017-08-21 23:40:00 EDT,41.04008,-72.46587,29,73.2,73.4,73.2,89.3,69.8,0.000,0.002,0.00,0.000,4.6,7.1,1.2,207,17,4.7,7.6,1.3,212,16,4.6,7.1,1.2,207,17,0,30.06,,0,0,0,75.6,76.5,75.0,0.17,0.15,0.17
SOUT,2017-08-21 23:45:00 EDT,41.04008,-72.46587,29,73.2,73.3,73.2,89.8,70.0,0.000,0.002,0.00,0.000,4.8,7.8,1.3,207,20,5.2,8.7,1.4,216,18,4.8,7.8,1.3,207,20,0,30.06,,0,0,0,75.6,76.5,75.0,0.17,0.15,0.17
SOUT,2017-08-21 23:50:00 EDT,41.04008,-72.46587,29,73.2,73.3,73.2,90.1,70.1,0.000,0.002,0.00,0.000,5.5,8.5,1.2,213,17,5.6,9.1,1.4,218,14,5.5,8.5,1.2,213,17,0,30.06,,0,0,0,75.6,76.5,75.0,0.17,0.15,0.17
SOUT,2017-08-21 23:55:00 EDT,41.04008,-72.46587,29,73.2,73.4,73.2,90.3,70.1,0.000,0.002,0.00,0.000,4.9,8.9,1.5,215,18,5.0,10.3,1.7,221,15,4.9,8.9,1.5,215,18,0,30.06,,0,0,0,75.6,76.5,75.0,0.17,0.15,0.17
SPRA,2017-08-21 00:00:00 EDT,42.87427,-74.50859,656,58.3,62.3,58.3,95.8,57.1,0.000,0.020,0.00,0.000,0.0,0.0,0.0,0,0,0.4,0.9,0.2,107,38,0.0,0.0,0.0,0,0,0,29.45,,0,0,0,69.3,70.3,67.5,0.25,0.32,0.40
SPRA,2017-08-21 00:05:00 EDT,42.87427,-74.50859,656,58.9,62.6,58.9,96.9,58.0,0.000,0.000,0.00,0.000,0.0,0.0,0.0,0,0,0.7,1.1,0.2,102,10,0.0,0.0,0.0,0,0,1,29.45,,0,0,0,69.3,70.3,67.5,0.25,0.32,0.40
SPRA,2017-08-21 00:10:00 EDT,42.87427,-74.50859,656,58.2,62.8,58.2,96.1,57.1,0.000,0.000,0.00,0.000,0.2,0.9,0.3,17,5,0.7,1.2,0.2,42,21,0.2,0.9,0.3,17,5,1,29.45,,0,0,0,69.3,70.3,67.5,0.25,0.33,0.40
SPRA,2017-08-21 00:15:00 EDT,42.87427,-74.50859,656,58.6,62.8,58.6,96.8,57.7,0.000,0.000,0.00,0.000,1.2,1.5,0.2,66,18,1.4,1.9,0.2,68,19,1.2,1.5,0.2,66,18,0,29.45,,0,0,0,69.3,70.3,67.5,0.25,0.33,0.40
SPRA,2017-08-21 00:20:00 EDT,42.87427,-74.50859,656,58.1,61.9,58.1,95.5,56.8,0.000,0.000,0.00,0.000,0.9,1.2,0.3,135,26,1.2,1.7,0.3,138,27,0.9,1.2,0.3,135,26,0,29.45,,0,0,0,69.3,70.3,67.5,0.25,0.32,0.40
SPRA,2017-08-21 00:25:00 EDT,42.87427,-74.50859,656,57.9,61.4,57.9,96.0,56.8,0.000,0.000,0.00,0.000,0.5,1.3,0.5,158,0,1.0,1.6,0.3,156,20,0.5,1.3,0.5,158,0,0,29.45,,0,0,0,69.3,70.3,67.5,0.25,0.32,0.40
SPRA,2017-08-21 00:30:00 EDT,42.87427,-74.50859,656,57.8,61.1,57.8,96.4,56.8,0.000,0.000,0.00,0.000,0.0,0.0,0.0,0,0,0.4,0.9,0.1,109,23,0.0,0.0,0.0,0,0,1,29.45,,0,0,0,69.0,70.3,67.5,0.25,0.32,0.40
SPRA,2017-08-21 00:35:00 EDT,42.87427,-74.50859,656,57.8,62.1,57.8,97.0,57.0,0.000,0.000,0.00,0.000,0.6,1.2,0.4,156,3,1.0,2.0,0.3,147,10,0.6,1.2,0.4,156,3,0,29.45,,0,0,0,68.9,70.3,67.5,0.25,0.32,0.40
SPRA,2017-08-21 00:40:00 EDT,42.87427,-74.50859,656,58.4,63.3,58.4,97.8,57.8,0.000,0.000,0.00,0.000,1.4,2.1,0.4,193,13,1.6,2.6,0.5,192,14,1.4,2.1,0.4,193,13,0,29.45,,0,0,0,68.9,70.3,67.5,0.25,0.32,0.40
SPRA,2017-08-21 00:45:00 EDT,42.87427,-74.50859,656,57.7,63.4,57.7,96.5,56.7,0.000,0.000,0.00,0.000,2.1,2.8,0.3,183,11,2.3,3.2,0.4,185,13,2.1,2.8,0.3,183,11,0,29.46,,0,0,0,68.9,70.3,67.5,0.25,0.32,0.40
SPRA,2017-08-21 00:50:00 EDT,42.87427,-74.50859,656,58.0,63.6,58.0,97.3,57.3,0.000,0.000,0.00,0.000,3.0,3.5,0.3,177,4,3.2,4.0,0.4,179,4,3.0,3.5,0.3,177,4,1,29.45,,0,0,0,68.9,70.3,67.6,0.25,0.32,0.40
SPRA,2017-08-21 00:55:00 EDT,42.87427,-74.50859,656,58.7,63.8,58.7,96.6,57.7,0.000,0.000,0.00,0.000,3.1,3.4,0.2,182,4,3.3,3.7,0.2,183,5,3.1,3.4,0.2,182,4,1,29.45,,0,0,0,68.7,70.3,67.6,0.25,0.33,0.40
SPRA,2017-08-21 01:00:00 EDT,42.87427,-74.50859,656,58.0,63.6,58.0,95.2,56.6,0.000,0.000,0.00,0.000,2.7,3.1,0.2,173,7,2.9,3.4,0.3,175,8,2.7,3.1,0.2,173,7,0,29.45,,0,0,0,68.6,70.2,67.6,0.25,0.32,0.40
SPRA,2017-08-21 01:05:00 EDT,42.87427,-74.50859,656,57.3,63.1,57.3,94.1,55.6,0.000,0.000,0.00,0.000,2.2,2.7,0.2,163,13,2.3,2.9,0.3,164,14,2.2,2.7,0.2,163,13,0,29.45,,0,0,0,68.5,70.2,67.6,0.25,0.33,0.40
SPRA,2017-08-21 01:10:00 EDT,42.87427,-74.50859,656,57.2,62.5,57.2,94.8,55.7,0.000,0.000,0.00,0.000,3.3,4.2,0.6,176,6,3.5,4.7,0.6,177,7,3.3,4.2,0.6,176,6,0,29.45,,0,0,0,68.5,70.1,67.7,0.25,0.32,0.40
SPRA,2017-08-21 01:15:00 EDT,42.87427,-74.50859,656,57.3,59.7,57.3,96.0,56.2,0.000,0.000,0.00,0.000,2.9,4.3,0.7,177,9,3.1,4.7,0.8,179,10,2.9,4.3,0.7,177,9,1,29.46,,0,0,0,68.5,70.1,67.7,0.25,0.32,0.40
SPRA,2017-08-21 01:20:00 EDT,42.87427,-74.50859,656,58.0,59.8,58.0,97.1,57.2,0.000,0.000,0.00,0.000,3.1,4.4,0.7,182,9,3.3,4.6,0.7,183,11,3.1,4.4,0.7,182,9,0,29.46,,0,0,0,68.5,70.0,67.7,0.25,0.32,0.39
SPRA,2017-08-21 01:25:00 EDT,42.87427,-74.50859,656,57.9,60.3,57.9,97.4,57.1,0.000,0.000,0.00,0.000,1.7,2.9,0.6,154,9,1.9,3.2,0.5,153,12,1.7,2.9,0.6,154,9,0,29.45,,0,0,0,68.5,70.0,67.7,0.25,0.32,0.39
SPRA,2017-08-21 01:30:00 EDT,42.87427,-74.50859,656,58.5,60.2,58.5,97.9,57.9,0.000,0.000,0.00,0.000,0.9,3.1,0.8,167,7,1.3,3.3,0.7,168,14,0.9,3.1,0.8,167,7,0,29.45,,0,0,0,68.5,70.0,67.7,0.25,0.32,0.40
SPRA,2017-08-21 01:35:00 EDT,42.87427,-74.50859,656,58.8,61.2,58.8,97.5,58.1,0.000,0.000,0.00,0.000,2.0,3.2,0.6,183,6,2.2,3.4,0.6,183,7,2.0,3.2,0.6,183,6,0,29.45,,0,0,0,68.5,70.0,67.8,0.25,0.32,0.40
SPRA,2017-08-21 01:40:00 EDT,42.87427,-74.50859,656,57.8,60.3,57.8,96.4,56.7,0.000,0.000,0.00,0.000,1.0,1.8,0.6,176,27,1.3,2.2,0.5,165,31,1.0,1.8,0.6,176,27,1,29.45,,0,0,0,68.3,70.0,67.8,0.25,0.32,0.40
SPRA,2017-08-21 01:45:00 EDT,42.87427,-74.50859,656,57.9,60.1,57.9,96.7,56.9,0.000,0.000,0.00,0.000,0.9,2.9,1.0,149,14,1.2,2.9,0.8,142,26,0.9,2.9,1.0,149,14,0,29.45,,0,0,0,68.2,70.0,67.8,0.25,0.32,0.40
SPRA,2017-08-21 01:50:00 EDT,42.87427,-74.50859,656,57.9,60.4,57.9,96.7,57.0,0.000,0.000,0.00,0.000,2.0,3.1,0.7,170,12,2.2,3.6,0.7,172,14,2.0,3.1,0.7,170,12,0,29.45,,0,0,0,68.2,70.0,67.8,0.25,0.32,0.40
SPRA,2017-08-21 01:55:00 EDT,42.87427,-74.50859,656,57.6,60.5,57.6,96.8,56.7,0.000,0.000,0.00,0.000,1.8,2.8,0.4,160,24,1.9,3.0,0.4,159,27,1.8,2.8,0.4,160,24,0,29.45,,0,0,0,68.2,70.0,67.8,0.25,0.32,0.40
SPRA,2017-08-21 02:00:00 EDT,42.87427,-74.50859,656,57.9,60.0,57.9,97.6,57.3,0.000,0.000,0.00,0.000,0.7,1.8,0.6,131,10,1.0,1.9,0.4,130,16,0.7,1.8,0.6,131,10,0,29.45,,0,0,0,68.2,70.0,67.8,0.25,0.33,0.40
SPRA,2017-08-21 02:05:00 EDT,42.87427,-74.50859,656,57.6,60.0,57.6,97.3,56.8,0.000,0.000,0.00,0.000,0.0,0.9,0.1,163,0,0.5,1.4,0.3,163,57,0.0,0.9,0.1,163,0,0,29.45,,0,0,0,68.1,70.0,67.8,0.25,0.32,0.40
SPRA,2017-08-21 02:10:00 EDT,42.87427,-74.50859,656,57.7,59.3,57.7,97.3,56.9,0.000,0.000,0.00,0.000,0.8,1.7,0.6,157,19,1.0,1.8,0.5,160,45,0.8,1.7,0.6,157,19,0,29.45,,0,0,0,67.8,70.0,67.8,0.25,0.32,0.40
SPRA,2017-08-21 02:15:00 EDT,42.87427,-74.50859,656,57.4,59.7,57.4,97.4,56.7,0.000,0.000,0.00,0.000,0.2,1.0,0.3,172,34,0.8,1.8,0.3,168,58,0.2,1.0,0.3,172,34,0,29.45,,0,0,0,67.8,70.0,67.8,0.25,0.32,0.40
SPRA,2017-08-21 02:20:00 EDT,42.87427,-74.50859,656,57.7,59.4,57.7,97.5,57.0,0.000,0.000,0.00,0.000,0.0,0.0,0.0,0,0,0.5,1.1,0.2,195,50,0.0,0.0,0.0,0,0,0,29.45,,0,0,0,67.8,70.0,67.8,0.25,0.33,0.40
SPRA,2017-08-21 02:25:00 EDT,42.87427,-74.50859,656,57.6,59.7,57.6,97.6,57.0,0.000,0.000,0.00,0.000,0.8,1.5,0.5,171,15,1.2,2.2,0.4,163,17,0.8,1.5,0.5,171,15,0,29.45,,0,0,0,67.8,70.0,67.8,0.25,0.33,0.40
SPRA,2017-08-21 02:30:00 EDT,42.87427,-74.50859,656,58.1,59.3,58.1,97.6,57.4,0.000,0.000,0.00,0.000,0.6,1.0,0.2,181,16,1.0,1.4,0.2,176,20,0.6,1.0,0.2,181,16,0,29.45,,0,0,0,67.8,70.0,67.8,0.25,0.33,0.40
SPRA,2017-08-21 02:35:00 EDT,42.87427,-74.50859,656,58.2,59.1,58.2,97.7,57.6,0.000,0.000,0.00,0.000,0.5,1.8,0.6,184,6,1.0,2.0,0.4,179,14,0.5,1.8,0.6,184,6,0,29.45,,0,0,0,67.8,70.0,67.8,0.25,0.32,0.40
SPRA,2017-08-21 02:40:00 EDT,42.87427,-74.50859,656,57.8,59.9,57.8,97.7,57.2,0.000,0.000,0.00,0.000,2.2,3.4,0.5,174,7,2.4,3.8,0.6,175,8,2.2,3.4,0.5,174,7,0,29.45,,0,0,0,67.8,70.0,67.8,0.25,0.33,0.40
SPRA,2017-08-21 02:45:00 EDT,42.87427,-74.50859,656,57.6,60.5,57.6,97.4,56.9,0.000,0.000,0.00,0.000,1.7,2.8,0.5,178,9,1.9,3.1,0.5,178,10,1.7,2.8,0.5,178,9,0,29.45,,0,0,0,67.7,70.0,67.8,0.25,0.33,0.40
SPRA,2017-08-21 02:50:00 EDT,42.87427,-74.50859,656,57.9,60.6,57.9,97.6,57.2,0.000,0.000,0.00,0.000,1.4,2.0,0.3,175,7,1.6,2.3,0.3,174,9,1.4,2.0,0.3,175,7,0,29.46,,0,0,0,67.5,70.0,67.8,0.25,0.33,0.40
SPRA,2017-08-21 02:55:00 EDT,42.87427,-74.50859,656,57.9,60.1,57.9,98.0,57.3,0.000,0.000,0.00,0.000,1.1,1.8,0.3,164,12,1.4,2.3,0.4,158,14,1.1,1.8,0.3,164,12,0,29.45,,0,0,0,67.5,70.0,67.8,0.25,0.32,0.40
SPRA,2017-08-21 03:00:00 EDT,42.87427,-74.50859,656,58.4,60.5,58.4,98.3,57.9,0.000,0.000,0.00,0.000,0.3,1.2,0.4,78,14,0.9,1.6,0.3,72,32,0.3,1.2,0.4,78,14,0,29.45,,0,0,0,67.5,70.0,67.8,0.25,0.33,0.40
SPRA,2017-08-21 03:05:00 EDT,42.87427,-74.50859,656,58.2,60.6,58.2,97.8,57.6,0.000,0.000,0.00,0.000,0.2,1.5,0.4,63,3,0.8,1.8,0.4,71,22,0.2,1.5,0.4,63,3,0,29.46,,0,0,0,67.5,70.0,67.8,0.25,0.33,0.40
SPRA,2017-08-21 03:10:00 EDT,42.87427,-74.50859,656,57.4,60.1,57.4,96.6,56.5,0.000,0.000,0.00,0.000,1.6,2.6,0.5,45,10,1.6,2.5,0.5,45,9,1.6,2.6,0.5,45,10,0,29.46,,0,0,0,67.5,70.0,67.8,0.25,0.33,0.40
SPRA,2017-08-21 03:15:00 EDT,42.87427,-74.50859,656,58.0,59.5,58.0,97.5,57.3,0.000,0.000,0.00,0.000,1.9,2.6,0.3,51,11,1.9,2.5,0.3,49,8,1.9,2.6,0.3,51,11,0,29.46,,0,0,0,67.4,70.0,67.8,0.25,0.33,0.39
SPRA,2017-08-21 03:20:00 EDT,42.87427,-74.50859,656,58.0,59.5,58.0,97.4,57.3,0.000,0.000,0.00,0.000,1.1,1.3,0.1,33,2,1.2,1.5,0.1,33,6,1.1,1.3,0.1,33,2,0,29.46,,0,0,0,67.3,69.9,67.8,0.25,0.33,0.40
SPRA,2017-08-21 03:25:00 EDT,42.87427,-74.50859,656,57.8,59.3,57.8,97.1,56.9,0.000,0.000,0.00,0.000,1.0,1.2,0.2,42,12,1.2,1.6,0.2,44,10,1.0,1.2,0.2,42,12,0,29.46,,0,0,0,67.1,69.7,67.8,0.25,0.33,0.40
SPRA,2017-08-21 03:30:00 EDT,42.87427,-74.50859,656,57.7,59.1,57.7,97.1,56.9,0.000,0.000,0.00,0.000,0.3,1.2,0.4,29,0,0.8,1.3,0.3,45,14,0.3,1.2,0.4,29,0,0,29.46,,0,0,0,67.1,69.6,67.8,0.25,0.33,0.40
SPRA,2017-08-21 03:35:00 EDT,42.87427,-74.50859,656,57.0,59.1,57.0,96.9,56.1,0.000,0.000,0.00,0.000,0.0,0.0,0.0,0,0,0.5,0.7,0.1,6,46,0.0,0.0,0.0,0,0,0,29.46,,0,0,0,67.1,69.6,67.8,0.25,0.33,0.40
SPRA,2017-08-21 03:40:00 EDT,42.87427,-74.50859,656,56.5,58.8,56.5,96.7,55.6,0.000,0.000,0.00,0.000,0.0,0.0,0.0,0,0,0.4,0.7,0.2,251,31,0.0,0.0,0.0,0,0,0,29.46,,0,0,0,67.1,69.6,67.8,0.25,0.33,0.40
SPRA,2017-08-21 03:45:00 EDT,42.87427,-74.50859,656,56.8,59.1,56.8,97.5,56.0,0.000,0.000,0.00,0.000,0.0,0.0,0.0,0,0,0.2,0.6,0.2,229,42,0.0,0.0,0.0,0,0,0,29.46,,0,0,0,67.1,69.6,67.8,0.25,0.33,0.40
SPRA,2017-08-21 03:50:00 EDT,42.87427,-74.50859,656,57.5,59.2,57.5,98.4,57.1,0.000,0.000,0.00,0.000,0.0,0.0,0.0,0,0,0.4,0.6,0.1,121,45,0.0,0.0,0.0,0,0,0,29.46,,0,0,0,67.1,69.6,67.8,0.25,0.33,0.40
SPRA,2017-08-21 03:55:00 EDT,42.87427,-74.50859,656,57.9,59.4,57.9,98.5,57.5,0.000,0.000,0.00,0.000,0.1,0.6,0.2,29,0,1.1,1.8,0.4,65,16,0.1,0.6,0.2,29,0,0,29.46,,0,0,0,67.1,69.6,67.8,0.25,0.33,0.40
SPRA,2017-08-21 04:00:00 EDT,42.87427,-74.50859,656,57.4,59.4,57.4,98.2,56.9,0.000,0.000,0.00,0.000,0.3,0.7,0.2,29,0,1.6,2.0,0.2,78,7,0.3,0.7,0.2,29,0,0,29.46,,0,0,0,67.1,69.6,67.8,0.25,0.33,0.40
SPRA,2017-08-21 04:05:00 EDT,42.87427,-74.50859,656,56.1,58.7,56.1,97.4,55.3,0.000,0.000,0.00,0.000,0.0,0.0,0.0,0,0,1.0,1.3,0.3,90,8,0.0,0.0,0.0,0,0,0,29.46,,0,0,0,67.0,69.6,67.8,0.25,0.33,0.40
SPRA,2017-08-21 04:10:00 EDT,42.87427,-74.50859,656,56.1,58.4,56.1,97.4,55.4,0.000,0.000,0.00,0.000,0.0,0.0,0.0,0,0,0.4,0.8,0.2,226,50,0.0,0.0,0.0,0,0,0,29.46,,0,0,0,66.9,69.6,67.8,0.25,0.33,0.40
SPRA,2017-08-21 04:15:00 EDT,42.87427,-74.50859,656,56.0,58.3,56.0,97.6,55.3,0.000,0.000,0.00,0.000,0.2,0.9,0.3,252,0,0.5,1.0,0.3,234,18,0.2,0.9,0.3,252,0,0,29.46,,0,0,0,66.7,69.6,67.8,0.25,0.33,0.40
SPRA,2017-08-21 04:20:00 EDT,42.87427,-74.50859,656,56.6,58.7,56.6,98.2,56.1,0.000,0.000,0.00,0.000,0.0,0.0,0.0,0,0,0.3,0.6,0.1,257,32,0.0,0.0,0.0,0,0,0,29.46,,0,0,0,66.7,69.6,67.8,0.25,0.33,0.40
SPRA,2017-08-21 04:25:00 EDT,42.87427,-74.50859,656,57.3,58.7,57.3,98.7,57.0,0.000,0.000,0.00,0.000,0.0,0.0,0.0,0,0,0.4,0.5,0.1,52,13,0.0,0.0,0.0,0,0,0,29.46,,0,0,0,66.7,69.6,67.8,0.25,0.33,0.40
SPRA,2017-08-21 04:30:00 EDT,42.87427,-74.50859,656,57.4,58.4,57.4,98.8,57.1,0.000,0.000,0.00,0.000,0.0,0.0,0.0,0,0,0.3,0.8,0.2,120,28,0.0,0.0,0.0,0,0,0,29.46,,0,0,0,66.7,69.6,67.8,0.25,0.33,0.40
SPRA,2017-08-21 04:35:00 EDT,42.87427,-74.50859,656,56.8,58.4,56.8,98.5,56.4,0.000,0.000,0.00,0.000,0.0,0.0,0.0,0,0,0.3,0.6,0.1,148,30,0.0,0.0,0.0,0,0,0,29.46,,0,0,0,66.7,69.6,67.8,0.25,0.33,0.40
SPRA,2017-08-21 04:40:00 EDT,42.87427,-74.50859,656,56.8,58.4,56.8,98.5,56.4,0.000,0.000,0.00,0.000,0.0,0.0,0.0,0,0,0.2,0.5,0.1,207,19,0.0,0.0,0.0,0,0,0,29.46,,0,0,0,66.7,69.6,67.8,0.25,0.33,0.40
SPRA,2017-08-21 04:45:00 EDT,42.87427,-74.50859,656,56.2,58.3,56.2,98.5,55.8,0.000,0.000,0.00,0.000,0.0,0.0,0.0,0,0,0.2,0.6,0.1,149,71,0.0,0.0,0.0,0,0,0,29.46,,0,0,0,66.7,69.6,67.8,0.25,0.33,0.40
SPRA,2017-08-21 04:50:00 EDT,42.87427,-74.50859,656,56.8,58.2,56.8,98.6,56.4,0.000,0.000,0.00,0.000,0.0,0.0,0.0,0,0,0.4,0.6,0.1,158,20,0.0,0.0,0.0,0,0,0,29.47,,0,0,0,66.6,69.6,67.8,0.25,0.33,0.40
SPRA,2017-08-21 04:55:00 EDT,42.87427,-74.50859,656,56.4,58.2,56.4,98.6,56.0,0.000,0.000,0.00,0.000,0.0,0.0,0.0,0,0,0.2,0.7,0.2,128,42,0.0,0.0,0.0,0,0,0,29.47,,0,0,0,66.4,69.6,67.8,0.25,0.33,0.40
SPRA,2017-08-21 05:00:00 EDT,42.87427,-74.50859,656,56.2,58.2,56.2,98.7,55.9,0.000,0.000,0.00,0.000,0.0,0.0,0.0,0,0,0.4,0.7,0.1,49,29,0.0,0.0,0.0,0,0,0,29.47,,0,0,0,66.4,69.4,67.8,0.25,0.33,0.40
SPRA,2017-08-21 05:05:00 EDT,42.87427,-74.50859,656,55.6,58.2,55.6,98.5,55.2,0.000,0.000,0.00,0.000,0.0,0.0,0.0,0,0,0.2,0.4,0.1,291,59,0.0,0.0,0.0,0,0,0,29.46,,0,0,0,66.4,69.3,67.8,0.25,0.33,0.40
SPRA,2017-08-21 05:10:00 EDT,42.87427,-74.50859,656,55.2,58.1,55.2,98.2,54.7,0.000,0.000,0.00,0.000,0.0,0.0,0.0,0,0,0.4,0.9,0.2,177,27,0.0,0.0,0.0,0,0,0,29.46,,0,0,0,66.4,69.3,67.8,0.25,0.33,0.40
SPRA,2017-08-21 05:15:00 EDT,42.87427,-74.50859,656,56.1,58.0,56.1,98.6,55.7,0.000,0.000,0.00,0.000,0.2,0.9,0.4,144,0,0.8,1.2,0.2,133,14,0.2,0.9,0.4,144,0,0,29.46,,0,0,0,66.4,69.3,67.8,0.25,0.33,0.40
SPRA,2017-08-21 05:20:00 EDT,42.87427,-74.50859,656,55.9,58.2,55.9,98.8,55.5,0.000,0.000,0.00,0.000,0.3,0.9,0.3,144,0,0.9,1.4,0.3,168,12,0.3,0.9,0.3,144,0,0,29.46,,0,0,0,66.4,69.3,67.8,0.25,0.33,0.40
SPRA,2017-08-21 05:25:00 EDT,42.87427,-74.50859,656,55.5,58.3,55.5,98.5,55.1,0.000,0.000,0.00,0.000,0.0,0.4,0.1,144,0,0.8,1.3,0.3,204,23,0.0,0.4,0.1,144,0,0,29.47,,0,0,0,66.4,69.3,67.8,0.25,0.33,0.40
SPRA,2017-08-21 05:30:00 EDT,42.87427,-74.50859,656,55.2,57.6,55.2,98.5,54.8,0.000,0.000,0.00,0.000,0.7,1.9,0.7,238,2,1.0,2.0,0.5,236,14,0.7,1.9,0.7,238,2,0,29.47,,0,0,0,66.4,69.3,67.8,0.25,0.33,0.40
SPRA,2017-08-21 05:35:00 EDT,42.87427,-74.50859,656,55.5,57.8,55.5,98.7,55.1,0.000,0.000,0.00,0.000,0.5,1.0,0.4,197,1,0.9,1.3,0.2,191,7,0.5,1.0,0.4,197,1,0,29.47,,0,0,0,66.4,69.3,67.8,0.25,0.33,0.40
SPRA,2017-08-21 05:40:00 EDT,42.87427,-74.50859,656,55.4,57.8,55.4,98.8,55.1,0.000,0.000,0.00,0.000,0.0,0.0,0.0,0,0,0.3,0.7,0.1,147,69,0.0,0.0,0.0,0,0,0,29.47,,0,0,0,66.1,69.3,67.8,0.25,0.33,0.40
SPRA,2017-08-21 05:45:00 EDT,42.87427,-74.50859,656,56.4,57.4,56.4,99.1,56.2,0.000,0.000,0.00,0.000,0.0,0.5,0.1,196,0,0.3,1.0,0.2,15,36,0.0,0.5,0.1,196,0,0,29.47,,0,0,0,66.0,69.3,67.8,0.24,0.33,0.40
SPRA,2017-08-21 05:50:00 EDT,42.87427,-74.50859,656,56.3,57.4,56.3,99.1,56.1,0.000,0.000,0.00,0.000,0.5,1.0,0.3,298,59,0.9,1.6,0.3,348,29,0.5,1.0,0.3,298,59,1,29.47,,0,0,0,66.0,69.3,67.8,0.24,0.32,0.40
SPRA,2017-08-21 05:55:00 EDT,42.87427,-74.50859,656,55.3,57.1,55.3,98.8,54.9,0.000,0.000,0.00,0.000,0.1,0.7,0.2,266,3,0.5,1.0,0.2,291,29,0.1,0.7,0.2,266,3,1,29.47,,0,0,0,66.0,69.3,67.8,0.24,0.32,0.40
SPRA,2017-08-21 06:00:00 EDT,42.87427,-74.50859,656,55.9,57.2,55.9,99.0,55.6,0.000,0.000,0.00,0.000,0.0,0.0,0.0,0,0,0.8,1.4,0.3,355,13,0.0,0.0,0.0,0,0,1,29.47,,0,0,0,66.0,69.3,67.8,0.24,0.33,0.40
SPRA,2017-08-21 06:05:00 EDT,42.87427,-74.50859,656,56.5,57.6,56.5,99.1,56.2,0.000,0.000,0.00,0.000,0.3,0.8,0.3,35,0,0.8,1.2,0.2,31,16,0.3,0.8,0.3,35,0,3,29.47,,0,0,0,66.0,69.3,67.8,0.24,0.32,0.40
SPRA,2017-08-21 06:10:00 EDT,42.87427,-74.50859,656,56.4,57.7,56.4,99.2,56.2,0.000,0.000,0.00,0.000,0.0,0.0,0.0,0,0,0.5,1.0,0.2,56,14,0.0,0.0,0.0,0,0,5,29.47,,0,0,0,66.0,69.3,67.8,0.24,0.32,0.40
SPRA,2017-08-21 06:15:00 EDT,42.87427,-74.50859,656,54.8,57.5,54.8,98.8,54.4,0.000,0.000,0.00,0.000,0.0,0.0,0.0,0,0,0.5,0.9,0.2,272,21,0.0,0.0,0.0,0,0,5,29.47,,0,0,0,66.0,69.3,67.8,0.24,0.33,0.40
SPRA,2017-08-21 06:20:00 EDT,42.87427,-74.50859,656,55.1,57.0,55.1,98.9,54.8,0.000,0.000,0.00,0.000,0.0,0.0,0.0,0,0,0.3,0.5,0.1,320,24,0.0,0.0,0.0,0,0,8,29.47,,0,0,0,66.0,69.3,67.8,0.25,0.32,0.40
SPRA,2017-08-21 06:25:00 EDT,42.87427,-74.50859,656,56.0,57.1,56.0,99.1,55.8,0.000,0.000,0.00,0.000,0.0,0.0,0.0,0,0,0.4,0.9,0.2,52,8,0.0,0.0,0.0,0,0,13,29.47,,0,0,0,65.9,69.3,67.8,0.25,0.33,0.40
SPRA,2017-08-21 06:30:00 EDT,42.87427,-74.50859,656,56.2,57.3,56.2,99.2,56.0,0.000,0.000,0.00,0.000,0.0,0.4,0.1,35,0,0.9,1.1,0.1,66,10,0.0,0.4,0.1,35,0,21,29.47,,0,0,0,65.8,69.3,67.8,0.25,0.33,0.40
SPRA,2017-08-21 06:35:00 EDT,42.87427,-74.50859,656,55.8,57.2,55.8,99.1,55.6,0.000,0.000,0.00,0.000,0.0,0.0,0.0,0,0,0.6,0.8,0.1,133,25,0.0,0.0,0.0,0,0,31,29.47,,0,0,0,65.8,69.3,67.8,0.25,0.33,0.40
SPRA,2017-08-21 06:40:00 EDT,42.87427,-74.50859,656,55.3,57.2,55.3,98.9,55.0,0.000,0.000,0.00,0.000,0.4,1.1,0.4,35,0,1.0,1.3,0.2,184,23,0.4,1.1,0.4,35,0,36,29.47,,0,0,0,65.8,69.3,67.8,0.25,0.32,0.40
SPRA,2017-08-21 06:45:00 EDT,42.87427,-74.50859,656,55.0,57.3,55.0,98.9,54.7,0.000,0.000,0.00,0.000,0.1,0.5,0.2,35,0,0.5,0.8,0.2,173,38,0.1,0.5,0.2,35,0,41,29.48,,0,0,0,65.8,69.3,67.8,0.25,0.32,0.40
SPRA,2017-08-21 06:50:00 EDT,42.87427,-74.50859,656,55.9,57.3,55.9,99.1,55.6,0.000,0.000,0.00,0.000,0.0,0.0,0.0,0,0,0.4,0.7,0.2,75,19,0.0,0.0,0.0,0,0,40,29.48,,0,0,0,65.8,69.2,67.8,0.25,0.32,0.40
SPRA,2017-08-21 06:55:00 EDT,42.87427,-74.50859,656,56.2,57.2,56.2,99.1,56.0,0.000,0.000,0.00,0.000,0.0,0.0,0.0,0,0,0.5,0.9,0.1,55,9,0.0,0.0,0.0,0,0,50,29.48,,0,0,0,65.8,69.2,67.8,0.25,0.32,0.40
SPRA,2017-08-21 07:00:00 EDT,42.87427,-74.50859,656,56.6,57.1,56.6,99.1,56.3,0.000,0.000,0.00,0.000,0.5,1.1,0.3,35,0,0.8,1.1,0.1,48,3,0.5,1.1,0.3,35,0,59,29.48,,0,0,0,65.8,69.1,67.8,0.25,0.32,0.40
SPRA,2017-08-21 07:05:00 EDT,42.87427,-74.50859,656,56.5,57.0,56.5,99.1,56.3,0.000,0.000,0.00,0.000,1.5,2.6,0.6,55,15,1.9,2.9,0.6,62,5,1.5,2.6,0.6,55,15,62,29.48,,0,0,0,65.8,69.0,67.8,0.25,0.32,0.40
SPRA,2017-08-21 07:10:00 EDT,42.87427,-74.50859,656,56.7,57.2,56.7,99.0,56.4,0.000,0.000,0.00,0.000,2.2,2.8,0.4,55,5,1.9,2.7,0.4,50,5,2.2,2.8,0.4,55,5,94,29.48,,0,0,0,65.8,68.9,67.8,0.25,0.33,0.40
SPRA,2017-08-21 07:15:00 EDT,42.87427,-74.50859,656,57.3,57.3,57.3,99.0,57.0,0.000,0.000,0.00,0.000,1.5,1.7,0.1,51,6,1.4,1.9,0.2,49,6,1.5,1.7,0.1,51,6,117,29.48,,0,0,0,65.8,68.9,67.8,0.25,0.32,0.40
SPRA,2017-08-21 07:20:00 EDT,42.87427,-74.50859,656,57.6,57.4,57.6,99.0,57.3,0.000,0.000,0.00,0.000,0.8,1.5,0.3,45,9,1.0,1.4,0.2,39,12,0.8,1.5,0.3,45,9,97,29.48,,0,0,0,65.8,68.9,67.8,0.25,0.32,0.40
SPRA,2017-08-21 07:25:00 EDT,42.87427,-74.50859,656,57.7,57.6,57.7,98.9,57.4,0.000,0.000,0.00,0.000,0.7,1.2,0.3,17,15,1.0,1.6,0.2,18,17,0.7,1.2,0.3,17,15,112,29.48,,0,0,0,65.8,68.9,67.8,0.25,0.32,0.40
SPRA,2017-08-21 07:30:00 EDT,42.87427,-74.50859,656,57.8,57.9,57.8,98.6,57.4,0.000,0.000,0.00,0.000,1.1,1.3,0.1,13,11,1.4,1.9,0.2,13,11,1.1,1.3,0.1,13,11,129,29.48,,0,0,0,65.8,68.9,67.8,0.25,0.32,0.40
SPRA,2017-08-21 07:35:00 EDT,42.87427,-74.50859,656,57.8,57.9,57.8,98.4,57.3,0.000,0.000,0.00,0.000,0.4,1.2,0.4,16,10,0.9,1.6,0.3,11,17,0.4,1.2,0.4,16,10,158,29.48,,0,0,0,65.8,68.9,67.8,0.25,0.32,0.40
SPRA,2017-08-21 07:40:00 EDT,42.87427,-74.50859,656,58.0,58.1,58.0,97.8,57.4,0.000,0.000,0.00,0.000,1.0,1.5,0.3,337,14,1.2,1.9,0.3,341,13,1.0,1.5,0.3,337,14,176,29.48,,0,0,0,65.8,68.9,67.8,0.25,0.32,0.40
SPRA,2017-08-21 07:45:00 EDT,42.87427,-74.50859,656,58.1,58.4,58.1,97.4,57.4,0.000,0.000,0.00,0.000,0.2,1.1,0.3,316,0,0.6,1.1,0.2,337,21,0.2,1.1,0.3,316,0,148,29.48,,0,0,0,65.8,68.9,67.8,0.25,0.32,0.40
SPRA,2017-08-21 07:50:00 EDT,42.87427,-74.50859,656,58.3,58.6,58.3,96.9,57.4,0.000,0.000,0.00,0.000,0.0,0.0,0.0,0,0,0.3,0.6,0.1,1,43,0.0,0.0,0.0,0,0,146,29.48,,0,0,0,65.8,68.9,67.8,0.25,0.32,0.40
SPRA,2017-08-21 07:55:00 EDT,42.87427,-74.50859,656,58.7,59.0,58.7,95.8,57.5,0.000,0.000,0.00,0.000,0.0,0.0,0.0,0,0,0.3,0.9,0.2,303,74,0.0,0.0,0.0,0,0,223,29.48,,0,0,0,65.8,68.9,67.8,0.25,0.32,0.40
SPRA,2017-08-21 08:00:00 EDT,42.87427,-74.50859,656,59.2,59.4,59.2,92.2,56.9,0.000,0.000,0.00,0.000,0.0,0.0,0.0,0,0,0.3,0.9,0.2,348,46,0.0,0.0,0.0,0,0,244,29.48,,0,0,0,65.8,68.9,67.8,0.25,0.32,0.40
SPRA,2017-08-21 08:05:00 EDT,42.87427,-74.50859,656,59.7,59.8,59.7,91.4,57.2,0.000,0.000,0.00,0.000,0.1,1.0,0.3,286,5,0.7,1.6,0.3,321,40,0.1,1.0,0.3,286,5,237,29.48,,0,0,0,65.8,68.9,67.8,0.25,0.32,0.40
SPRA,2017-08-21 08:10:00 EDT,42.87427,-74.50859,656,60.3,60.5,60.3,92.1,58.0,0.000,0.000,0.00,0.000,0.1,1.2,0.3,26,2,0.6,1.5,0.3,34,33,0.1,1.2,0.3,26,2,239,29.48,,0,0,0,65.8,68.9,67.8,0.25,0.32,0.40
SPRA,2017-08-21 08:15:00 EDT,42.87427,-74.50859,656,60.7,60.9,60.7,90.0,57.7,0.000,0.000,0.00,0.000,0.8,1.5,0.3,3,24,1.1,1.7,0.2,8,24,0.8,1.5,0.3,3,24,232,29.48,,0,0,0,65.8,68.9,67.8,0.25,0.32,0.40
SPRA,2017-08-21 08:20:00 EDT,42.87427,-74.50859,656,61.3,61.2,61.3,91.3,58.7,0.000,0.000,0.00,0.000,0.7,1.8,0.5,328,11,1.2,2.6,0.5,336,22,0.7,1.8,0.5,328,11,302,29.48,,0,0,0,65.8,68.9,67.8,0.25,0.32,0.40
SPRA,2017-08-21 08:25:00 EDT,42.87427,-74.50859,656,61.8,61.7,61.8,91.6,59.3,0.000,0.000,0.00,0.000,0.1,0.7,0.2,314,6,0.5,1.3,0.3,336,54,0.1,0.7,0.2,314,6,300,29.48,,0,0,0,65.8,68.9,67.8,0.25,0.33,0.40
SPRA,2017-08-21 08:30:00 EDT,42.87427,-74.50859,656,62.6,62.2,62.6,90.3,59.7,0.000,0.000,0.00,0.000,0.0,0.6,0.1,309,0,0.6,1.1,0.2,351,33,0.0,0.6,0.1,309,0,336,29.48,,0,0,0,65.8,68.9,67.8,0.25,0.32,0.40
SPRA,2017-08-21 08:35:00 EDT,42.87427,-74.50859,656,62.9,63.0,62.9,89.3,59.7,0.000,0.000,0.00,0.000,0.2,1.0,0.3,331,12,0.8,1.5,0.4,4,52,0.2,1.0,0.3,331,12,335,29.48,,0,0,0,65.9,68.9,67.8,0.24,0.32,0.40
SPRA,2017-08-21 08:40:00 EDT,42.87427,-74.50859,656,63.7,63.4,63.7,87.9,60.0,0.000,0.000,0.00,0.000,0.6,1.7,0.5,3,11,1.2,2.2,0.4,9,27,0.6,1.7,0.5,3,11,255,29.48,,0,0,0,66.0,68.7,67.8,0.25,0.32,0.40
SPRA,2017-08-21 08:45:00 EDT,42.87427,-74.50859,656,63.5,63.3,63.5,88.2,60.0,0.000,0.000,0.00,0.000,1.8,2.8,0.6,358,14,2.2,3.6,0.7,360,13,1.8,2.8,0.6,358,14,290,29.47,,0,0,0,66.0,68.6,67.8,0.25,0.32,0.40
SPRA,2017-08-21 08:50:00 EDT,42.87427,-74.50859,656,63.5,63.3,63.5,90.1,60.5,0.000,0.000,0.00,0.000,1.9,2.5,0.3,4,11,2.3,3.1,0.4,3,11,1.9,2.5,0.3,4,11,401,29.47,,0,0,0,66.0,68.6,67.8,0.25,0.32,0.40
SPRA,2017-08-21 08:55:00 EDT,42.87427,-74.50859,656,63.8,63.7,63.8,90.4,61.0,0.000,0.000,0.00,0.000,1.7,2.6,0.4,2,15,2.1,3.2,0.5,3,15,1.7,2.6,0.4,2,15,419,29.47,,0,0,0,66.0,68.5,67.8,0.25,0.32,0.40
SPRA,2017-08-21 09:00:00 EDT,42.87427,-74.50859,656,64.6,64.6,64.6,89.1,61.3,0.000,0.000,0.00,0.000,1.8,3.3,0.7,358,12,2.4,4.0,0.5,6,12,1.8,3.3,0.7,358,12,443,29.47,,0,0,0,66.3,68.5,67.8,0.25,0.32,0.40
SPRA,2017-08-21 09:05:00 EDT,42.87427,-74.50859,656,65.7,65.2,65.7,89.3,62.4,0.000,0.000,0.00,0.000,2.0,3.1,0.7,326,14,2.9,4.1,0.6,349,12,2.0,3.1,0.7,326,14,471,29.47,,0,0,0,66.4,68.5,67.8,0.25,0.32,0.40
SPRA,2017-08-21 09:10:00 EDT,42.87427,-74.50859,656,66.2,65.9,66.2,86.6,62.1,0.000,0.000,0.00,0.000,2.2,3.0,0.5,359,18,2.6,4.5,0.6,4,14,2.2,3.0,0.5,359,18,489,29.47,,0,0,0,66.4,68.5,67.8,0.25,0.32,0.40
SPRA,2017-08-21 09:15:00 EDT,42.87427,-74.50859,656,66.7,66.3,66.7,84.2,61.8,0.000,0.000,0.00,0.000,2.6,3.8,0.6,353,13,3.1,4.4,0.7,356,10,2.6,3.8,0.6,353,13,454,29.47,,0,0,0,66.4,68.5,67.8,0.25,0.32,0.40
SPRA,2017-08-21 09:20:00 EDT,42.87427,-74.50859,656,67.1,66.6,67.1,82.7,61.6,0.000,0.000,0.00,0.000,2.7,3.8,0.6,340,11,3.3,4.8,0.8,343,10,2.7,3.8,0.6,340,11,497,29.46,,0,0,0,66.4,68.5,67.8,0.24,0.32,0.40
SPRA,2017-08-21 09:25:00 EDT,42.87427,-74.50859,656,67.6,67.2,67.6,81.6,61.8,0.000,0.000,0.00,0.000,2.6,4.0,0.8,358,17,3.1,5.0,0.9,0,11,2.6,4.0,0.8,358,17,541,29.46,,0,0,0,66.7,68.5,67.8,0.25,0.32,0.40
SPRA,2017-08-21 09:30:00 EDT,42.87427,-74.50859,656,67.9,67.4,67.9,82.3,62.3,0.000,0.000,0.00,0.000,2.9,4.5,1.0,340,12,3.5,5.7,1.0,343,10,2.9,4.5,1.0,340,12,391,29.46,,0,0,0,66.7,68.5,67.8,0.25,0.32,0.40
SPRA,2017-08-21 09:35:00 EDT,42.87427,-74.50859,656,68.3,67.7,68.3,82.5,62.8,0.000,0.000,0.00,0.000,3.5,4.5,0.5,329,13,3.8,4.9,0.6,332,13,3.5,4.5,0.5,329,13,494,29.46,,0,0,0,67.0,68.5,67.8,0.25,0.32,0.40
SPRA,2017-08-21 09:40:00 EDT,42.87427,-74.50859,656,68.5,68.0,68.5,81.8,62.7,0.000,0.000,0.00,0.000,3.6,5.0,0.5,330,16,4.0,5.9,0.8,332,16,3.6,5.0,0.5,330,16,600,29.46,,0,0,0,67.1,68.5,67.8,0.25,0.32,0.40
SPRA,2017-08-21 09:45:00 EDT,42.87427,-74.50859,656,68.8,68.2,68.8,81.5,62.9,0.000,0.000,0.00,0.000,3.0,4.5,0.9,323,13,3.2,5.3,1.0,327,16,3.0,4.5,0.9,323,13,499,29.46,,0,0,0,67.1,68.5,67.8,0.25,0.32,0.40
SPRA,2017-08-21 09:50:00 EDT,42.87427,-74.50859,656,69.4,68.9,69.4,80.5,63.2,0.000,0.000,0.00,0.000,2.8,3.8,0.5,339,14,3.3,4.8,0.7,343,14,2.8,3.8,0.5,339,14,437,29.46,,0,0,0,67.4,68.5,67.8,0.25,0.32,0.40
SPRA,2017-08-21 09:55:00 EDT,42.87427,-74.50859,656,69.6,69.0,69.6,80.5,63.4,0.000,0.000,0.00,0.000,3.1,4.3,0.5,337,13,3.7,5.5,0.6,337,11,3.1,4.3,0.5,337,13,299,29.47,,0,0,0,67.5,68.5,67.8,0.25,0.32,0.40
SPRA,2017-08-21 10:00:00 EDT,42.87427,-74.50859,656,69.5,68.9,69.5,80.1,63.1,0.000,0.000,0.00,0.000,3.1,4.4,0.5,330,15,3.5,5.3,0.6,332,15,3.1,4.4,0.5,330,15,331,29.47,,0,0,0,67.8,68.5,67.8,0.25,0.32,0.40
SPRA,2017-08-21 10:05:00 EDT,42.87427,-74.50859,656,70.0,69.2,70.0,78.3,63.0,0.000,0.000,0.00,0.000,3.2,4.0,0.5,318,14,3.4,5.4,0.8,322,15,3.2,4.0,0.5,318,14,559,29.47,,0,0,0,67.8,68.5,67.8,0.25,0.32,0.40
SPRA,2017-08-21 10:10:00 EDT,42.87427,-74.50859,656,70.3,69.7,70.3,77.4,62.9,0.000,0.000,0.00,0.000,2.8,4.3,0.6,323,12,3.0,5.1,0.9,326,12,2.8,4.3,0.6,323,12,473,29.47,,0,0,0,67.9,68.5,67.8,0.24,0.32,0.40
SPRA,2017-08-21 10:15:00 EDT,42.87427,-74.50859,656,70.7,70.1,70.7,77.1,63.2,0.000,0.000,0.00,0.000,2.0,3.4,0.6,343,21,2.6,4.5,0.8,346,18,2.0,3.4,0.6,343,21,455,29.47,,0,0,0,68.2,68.5,67.8,0.24,0.32,0.40
SPRA,2017-08-21 10:20:00 EDT,42.87427,-74.50859,656,70.8,70.4,70.8,75.8,62.8,0.000,0.000,0.00,0.000,1.4,2.4,0.5,357,22,1.9,3.2,0.6,358,22,1.4,2.4,0.5,357,22,423,29.47,,0,0,0,68.3,68.5,67.8,0.24,0.32,0.40
SPRA,2017-08-21 10:25:00 EDT,42.87427,-74.50859,656,71.0,70.5,71.0,76.1,63.1,0.000,0.000,0.00,0.000,1.9,3.2,0.4,3,17,2.3,3.3,0.5,2,15,1.9,3.2,0.4,3,17,489,29.47,,0,0,0,68.5,68.5,67.8,0.24,0.32,0.40
SPRA,2017-08-21 10:30:00 EDT,42.87427,-74.50859,656,71.7,71.0,71.7,76.1,63.8,0.000,0.000,0.00,0.000,1.3,3.5,0.8,327,28,1.7,4.4,0.9,337,30,1.3,3.5,0.8,327,28,465,29.47,,0,0,0,68.5,68.5,67.8,0.24,0.32,0.40
SPRA,2017-08-21 10:35:00 EDT,42.87427,-74.50859,656,72.3,71.7,72.3,75.7,64.2,0.000,0.000,0.00,0.000,1.1,2.3,0.6,354,31,1.6,3.6,0.7,357,34,1.1,2.3,0.6,354,31,589,29.47,,0,0,0,68.5,68.5,67.8,0.24,0.32,0.40
SPRA,2017-08-21 10:40:00 EDT,42.87427,-74.50859,656,72.6,71.8,72.6,74.0,63.8,0.000,0.000,0.00,0.000,1.6,3.0,0.7,330,18,1.9,4.0,0.8,338,22,1.6,3.0,0.7,330,18,620,29.47,,0,0,0,68.9,68.5,67.8,0.24,0.32,0.40
SPRA,2017-08-21 10:45:00 EDT,42.87427,-74.50859,656,73.2,72.6,73.2,74.1,64.4,0.000,0.000,0.00,0.000,1.0,3.3,1.0,358,22,1.6,4.2,0.9,356,30,1.0,3.3,1.0,358,22,602,29.47,,0,0,0,68.9,68.5,67.8,0.24,0.32,0.40
SPRA,2017-08-21 10:50:00 EDT,42.87427,-74.50859,656,74.0,73.4,74.0,73.0,64.8,0.000,0.000,0.00,0.000,0.5,1.7,0.5,222,33,1.1,2.6,0.6,217,57,0.5,1.7,0.5,222,33,587,29.47,,0,0,0,69.2,68.5,67.8,0.25,0.32,0.40
SPRA,2017-08-21 10:55:00 EDT,42.87427,-74.50859,656,74.4,73.6,74.4,70.0,64.0,0.000,0.000,0.00,0.000,1.8,3.7,0.7,281,20,2.2,4.2,0.7,284,22,1.8,3.7,0.7,281,20,607,29.47,,0,0,0,69.3,68.5,67.8,0.24,0.32,0.40
SPRA,2017-08-21 11:00:00 EDT,42.87427,-74.50859,656,75.2,74.6,75.2,71.0,65.2,0.000,0.000,0.00,0.000,1.6,3.9,1.0,290,47,2.1,4.1,0.9,281,51,1.6,3.9,1.0,290,47,707,29.46,,0,0,0,69.4,68.5,67.8,0.25,0.32,0.40
SPRA,2017-08-21 11:05:00 EDT,42.87427,-74.50859,656,75.2,74.6,75.2,68.5,64.1,0.000,0.000,0.00,0.000,2.1,4.8,0.9,205,18,2.3,5.6,1.0,203,20,2.1,4.8,0.9,205,18,586,29.46,,0,0,0,69.6,68.5,67.8,0.25,0.32,0.40
SPRA,2017-08-21 11:10:00 EDT,42.87427,-74.50859,656,75.8,74.9,75.8,69.1,65.0,0.000,0.000,0.00,0.000,1.8,3.6,0.8,270,25,2.1,4.6,0.9,270,28,1.8,3.6,0.8,270,25,476,29.46,,0,0,0,69.8,68.5,67.8,0.25,0.33,0.40
SPRA,2017-08-21 11:15:00 EDT,42.87427,-74.50859,656,76.2,75.4,76.2,68.7,65.1,0.000,0.000,0.00,0.000,1.7,3.4,0.8,241,16,1.9,4.2,0.9,244,19,1.7,3.4,0.8,241,16,541,29.46,,0,0,0,70.0,68.5,67.8,0.25,0.32,0.40
SPRA,2017-08-21 11:20:00 EDT,42.87427,-74.50859,656,76.0,75.6,76.0,68.6,65.0,0.000,0.000,0.00,0.000,1.1,2.8,0.9,247,26,1.4,3.6,0.9,249,39,1.1,2.8,0.9,247,26,480,29.46,,0,0,0,70.0,68.5,67.8,0.25,0.32,0.40
SPRA,2017-08-21 11:25:00 EDT,42.87427,-74.50859,656,76.5,76.1,76.5,66.8,64.6,0.000,0.000,0.00,0.000,0.5,2.2,0.6,286,17,1.1,3.0,0.6,289,28,0.5,2.2,0.6,286,17,571,29.45,,0,0,0,70.3,68.5,67.8,0.25,0.32,0.40
SPRA,2017-08-21 11:30:00 EDT,42.87427,-74.50859,656,77.5,77.0,77.5,66.1,65.3,0.000,0.000,0.00,0.000,1.6,2.8,0.7,142,27,1.7,3.6,0.6,148,37,1.6,2.8,0.7,142,27,651,29.45,,0,0,0,70.3,68.5,67.8,0.25,0.32,0.40
SPRA,2017-08-21 11:35:00 EDT,42.87427,-74.50859,656,77.4,76.8,77.4,65.3,64.8,0.000,0.000,0.00,0.000,1.9,3.7,0.6,215,36,2.2,4.0,0.7,216,36,1.9,3.7,0.6,215,36,752,29.45,,0,0,0,70.6,68.5,67.8,0.25,0.33,0.40
SPRA,2017-08-21 11:40:00 EDT,42.87427,-74.50859,656,77.5,77.0,77.5,65.1,64.9,0.000,0.000,0.00,0.000,2.1,4.1,0.9,240,19,2.5,5.1,1.1,244,20,2.1,4.1,0.9,240,19,705,29.45,,0,0,0,70.7,68.5,67.8,0.25,0.33,0.40
SPRA,2017-08-21 11:45:00 EDT,42.87427,-74.50859,656,78.4,77.4,78.4,64.6,65.5,0.000,0.000,0.00,0.000,1.2,4.0,1.2,260,20,1.8,4.7,1.2,257,40,1.2,4.0,1.2,260,20,723,29.45,,0,0,0,70.7,68.5,67.8,0.25,0.33,0.40
SPRA,2017-08-21 11:50:00 EDT,42.87427,-74.50859,656,78.6,77.7,78.6,64.8,65.8,0.000,0.000,0.00,0.000,2.1,4.5,1.0,190,40,2.6,5.4,1.1,193,41,2.1,4.5,1.0,190,40,766,29.45,,0,0,0,71.0,68.5,67.8,0.25,0.32,0.40
SPRA,2017-08-21 11:55:00 EDT,42.87427,-74.50859,656,79.0,78.0,79.0,64.2,65.8,0.000,0.000,0.00,0.000,2.5,4.7,1.2,191,25,2.8,5.3,1.3,196,27,2.5,4.7,1.2,191,25,838,29.44,,0,0,0,71.1,68.4,67.8,0.24,0.33,0.40
SPRA,2017-08-21 12:00:00 EDT,42.87427,-74.50859,656,79.0,78.4,79.0,61.4,64.6,0.000,0.000,0.00,0.000,2.2,5.6,1.5,223,32,2.5,6.0,1.5,223,35,2.2,5.6,1.5,223,32,846,29.44,,0,0,0,71.4,68.5,67.8,0.24,0.33,0.40
SPRA,2017-08-21 12:05:00 EDT,42.87427,-74.50859,656,80.2,79.1,81.9,59.5,64.8,0.000,0.000,0.00,0.000,5.5,7.8,1.4,242,23,6.1,10.3,1.7,244,22,5.5,7.8,1.4,242,23,866,29.44,,0,0,0,71.4,68.5,67.8,0.24,0.33,0.40
SPRA,2017-08-21 12:10:00 EDT,42.87427,-74.50859,656,80.4,79.2,82.0,58.2,64.4,0.000,0.000,0.00,0.000,5.3,7.7,1.2,258,14,5.8,8.7,1.3,261,14,5.3,7.7,1.2,258,14,801,29.43,,0,0,0,71.6,68.5,67.8,0.24,0.32,0.40
SPRA,2017-08-21 12:15:00 EDT,42.87427,-74.50859,656,80.8,79.7,82.1,54.9,63.1,0.000,0.000,0.00,0.000,3.5,7.1,1.6,225,30,4.1,8.6,1.6,228,29,3.5,7.1,1.6,225,30,757,29.43,,0,0,0,71.8,68.5,67.7,0.24,0.33,0.40
SPRA,2017-08-21 12:20:00 EDT,42.87427,-74.50859,656,81.5,80.3,82.7,52.7,62.6,0.000,0.000,0.00,0.000,5.1,8.1,1.4,254,21,5.6,9.0,1.6,256,22,5.1,8.1,1.4,254,21,873,29.43,,0,0,0,72.3,68.5,67.7,0.25,0.33,0.40
SPRA,2017-08-21 12:25:00 EDT,42.87427,-74.50859,656,81.2,80.3,82.1,51.5,61.6,0.000,0.000,0.00,0.000,3.8,7.9,2.2,212,38,4.2,10.0,2.3,211,42,3.8,7.9,2.2,212,38,550,29.43,,0,0,0,72.3,68.5,67.7,0.24,0.33,0.40
SPRA,2017-08-21 12:30:00 EDT,42.87427,-74.50859,656,81.5,80.6,82.5,51.5,61.9,0.000,0.000,0.00,0.000,7.2,11.1,2.7,197,30,7.5,12.9,2.8,196,31,7.2,11.1,2.7,197,30,697,29.42,,0,0,0,72.6,68.5,67.6,0.25,0.33,0.40
SPRA,2017-08-21 12:35:00 EDT,42.87427,-74.50859,656,82.0,81.1,83.0,51.6,62.4,0.000,0.000,0.00,0.000,7.8,12.1,1.5,216,15,8.2,11.6,1.3,217,14,7.8,12.1,1.5,216,15,605,29.42,,0,0,0,72.8,68.5,67.6,0.24,0.33,0.40
SPRA,2017-08-21 12:40:00 EDT,42.87427,-74.50859,656,82.3,81.2,83.1,50.1,61.8,0.000,0.000,0.00,0.000,7.0,9.4,1.3,225,16,7.4,10.4,1.5,224,16,7.0,9.4,1.3,225,16,884,29.42,,0,0,0,73.0,68.5,67.6,0.24,0.33,0.40
SPRA,2017-08-21 12:45:00 EDT,42.87427,-74.50859,656,83.2,82.1,83.7,47.1,61.0,0.000,0.000,0.00,0.000,6.4,11.8,2.1,263,21,7.2,14.0,2.3,264,22,6.4,11.8,2.1,263,21,843,29.42,,0,0,0,73.0,68.5,67.5,0.24,0.33,0.40
SPRA,2017-08-21 12:50:00 EDT,42.87427,-74.50859,656,83.4,82.1,83.6,45.7,60.3,0.000,0.000,0.00,0.000,5.5,10.0,1.6,257,15,6.2,11.5,1.9,259,14,5.5,10.0,1.6,257,15,899,29.42,,0,0,0,73.4,68.5,67.5,0.24,0.33,0.40
SPRA,2017-08-21 12:55:00 EDT,42.87427,-74.50859,656,83.2,81.8,83.2,44.3,59.2,0.000,0.000,0.00,0.000,8.8,11.8,1.2,276,17,9.6,12.9,1.6,277,15,8.8,11.8,1.2,276,17,845,29.42,,0,0,0,73.4,68.5,67.5,0.24,0.33,0.40
SPRA,2017-08-21 13:00:00 EDT,42.87427,-74.50859,656,83.2,82.1,83.4,46.3,60.4,0.000,0.000,0.00,0.000,7.8,12.8,2.4,255,14,8.5,14.5,2.6,258,15,7.8,12.8,2.4,255,14,850,29.43,,0,0,0,73.9,68.5,67.5,0.24,0.33,0.40
SPRA,2017-08-21 13:05:00 EDT,42.87427,-74.50859,656,83.6,82.6,83.7,44.8,59.9,0.000,0.000,0.00,0.000,6.8,11.3,2.0,266,19,7.4,13.0,2.1,269,17,6.8,11.3,2.0,266,19,915,29.42,,0,0,0,73.9,68.5,67.5,0.24,0.33,0.40
SPRA,2017-08-21 13:10:00 EDT,42.87427,-74.50859,656,83.6,82.5,83.7,45.2,60.1,0.000,0.000,0.00,0.000,9.1,12.7,1.7,261,13,9.9,15.2,1.9,263,12,9.1,12.7,1.7,261,13,848,29.42,,0,0,0,74.1,68.5,67.5,0.24,0.33,0.40
SPRA,2017-08-21 13:15:00 EDT,42.87427,-74.50859,656,83.6,82.3,83.8,45.5,60.3,0.000,0.000,0.00,0.000,8.5,13.0,1.7,241,20,9.1,12.9,1.7,242,20,8.5,13.0,1.7,241,20,853,29.42,,0,0,0,74.3,68.5,67.5,0.24,0.33,0.40
SPRA,2017-08-21 13:20:00 EDT,42.87427,-74.50859,656,82.9,81.9,83.1,46.2,60.1,0.000,0.000,0.00,0.000,9.5,14.2,2.0,228,8,9.8,14.7,1.9,226,7,9.5,14.2,2.0,228,8,596,29.42,,0,0,0,74.6,68.5,67.5,0.24,0.33,0.40
SPRA,2017-08-21 13:25:00 EDT,42.87427,-74.50859,656,82.4,81.6,82.9,48.0,60.7,0.000,0.000,0.00,0.000,9.4,12.1,1.7,224,13,9.8,13.1,1.5,225,14,9.4,12.1,1.7,224,13,598,29.42,,0,0,0,74.7,68.5,67.5,0.24,0.33,0.40
SPRA,2017-08-21 13:30:00 EDT,42.87427,-74.50859,656,83.7,82.8,84.5,48.2,62.1,0.000,0.000,0.00,0.000,5.5,9.8,1.3,250,19,6.2,11.0,1.4,253,18,5.5,9.8,1.3,250,19,847,29.42,,0,0,0,74.7,68.5,67.5,0.24,0.33,0.40
SPRA,2017-08-21 13:35:00 EDT,42.87427,-74.50859,656,84.0,82.8,84.3,45.9,60.9,0.000,0.000,0.00,0.000,8.9,13.4,1.9,255,14,9.9,14.5,2.2,258,13,8.9,13.4,1.9,255,14,854,29.42,,0,0,0,74.8,68.5,67.5,0.24,0.33,0.40
SPRA,2017-08-21 13:40:00 EDT,42.87427,-74.50859,656,83.3,82.1,83.9,47.7,61.4,0.000,0.000,0.00,0.000,10.1,13.1,1.5,216,8,10.4,14.0,1.7,216,6,10.1,13.1,1.5,216,8,805,29.42,,0,0,0,75.0,68.5,67.5,0.24,0.33,0.40
SPRA,2017-08-21 13:45:00 EDT,42.87427,-74.50859,656,82.9,81.9,83.6,49.2,61.9,0.000,0.000,0.00,0.000,11.0,15.1,2.0,220,11,11.4,16.2,2.1,220,9,11.0,15.1,2.0,220,11,698,29.42,,0,0,0,75.0,68.5,67.5,0.24,0.33,0.40
SPRA,2017-08-21 13:50:00 EDT,42.87427,-74.50859,656,83.4,82.2,84.2,49.4,62.4,0.000,0.000,0.00,0.000,8.2,11.8,1.4,218,12,8.8,12.4,1.4,219,10,8.2,11.8,1.4,218,12,713,29.42,,0,0,0,75.4,68.5,67.5,0.24,0.33,0.40
SPRA,2017-08-21 13:55:00 EDT,42.87427,-74.50859,656,82.8,81.9,83.6,49.5,62.0,0.000,0.000,0.00,0.000,7.2,11.7,1.6,214,14,7.7,12.0,1.7,215,14,7.2,11.7,1.6,214,14,633,29.42,,0,0,0,75.6,68.5,67.5,0.24,0.32,0.40
SPRA,2017-08-21 14:00:00 EDT,42.87427,-74.50859,656,82.7,81.9,83.4,49.1,61.7,0.000,0.000,0.00,0.000,8.2,11.5,1.9,214,9,8.7,11.8,1.9,215,7,8.2,11.5,1.9,214,9,571,29.42,,0,0,0,75.6,68.5,67.5,0.24,0.33,0.40
SPRA,2017-08-21 14:05:00 EDT,42.87427,-74.50859,656,82.4,81.7,83.1,49.3,61.5,0.000,0.000,0.00,0.000,8.1,11.0,1.5,208,13,8.6,11.7,1.5,210,12,8.1,11.0,1.5,208,13,514,29.41,,0,0,0,75.6,68.5,67.5,0.24,0.32,0.40
SPRA,2017-08-21 14:10:00 EDT,42.87427,-74.50859,656,81.9,81.3,82.8,50.7,61.9,0.000,0.000,0.00,0.000,8.0,11.4,1.4,204,13,8.3,11.8,1.4,206,11,8.0,11.4,1.4,204,13,457,29.41,,0,0,0,75.6,68.5,67.5,0.24,0.32,0.40
SPRA,2017-08-21 14:15:00 EDT,42.87427,-74.50859,656,81.9,81.3,82.9,51.5,62.3,0.000,0.000,0.00,0.000,6.4,8.7,1.2,227,13,6.7,9.7,1.3,228,14,6.4,8.7,1.2,227,13,404,29.41,,0,0,0,75.7,68.5,67.5,0.24,0.32,0.40
SPRA,2017-08-21 14:20:00 EDT,42.87427,-74.50859,656,81.8,81.4,82.9,52.4,62.7,0.000,0.000,0.00,0.000,5.0,8.0,1.7,223,12,5.3,8.5,1.7,224,12,5.0,8.0,1.7,223,12,358,29.41,,0,0,0,75.9,68.5,67.5,0.24,0.32,0.40
SPRA,2017-08-21 14:25:00 EDT,42.87427,-74.50859,656,81.6,81.2,83.0,54.4,63.6,0.000,0.000,0.00,0.000,6.0,9.6,1.6,230,16,6.4,10.1,1.6,232,16,6.0,9.6,1.6,230,16,313,29.41,,0,0,0,75.9,68.5,67.5,0.24,0.32,0.40
SPRA,2017-08-21 14:30:00 EDT,42.87427,-74.50859,656,81.4,81.1,82.7,54.4,63.3,0.000,0.000,0.00,0.000,6.3,9.6,1.3,233,12,6.7,11.1,1.3,235,13,6.3,9.6,1.3,233,12,278,29.40,,0,0,0,75.9,68.5,67.5,0.24,0.32,0.40
SPRA,2017-08-21 14:35:00 EDT,42.87427,-74.50859,656,81.2,81.0,82.4,53.9,62.9,0.000,0.000,0.00,0.000,6.7,12.4,1.8,246,17,7.2,12.9,1.9,247,17,6.7,12.4,1.8,246,17,250,29.40,,0,0,0,75.9,68.5,67.5,0.24,0.32,0.40
SPRA,2017-08-21 14:40:00 EDT,42.87427,-74.50859,656,80.6,80.6,81.6,52.3,61.5,0.000,0.000,0.00,0.000,7.2,11.7,1.3,225,8,7.6,11.1,1.2,224,6,7.2,11.7,1.3,225,8,236,29.40,,0,0,0,75.9,68.6,67.5,0.24,0.32,0.40
SPRA,2017-08-21 14:45:00 EDT,42.87427,-74.50859,656,79.9,80.2,79.9,53.2,61.4,0.000,0.000,0.00,0.000,6.7,8.9,1.0,223,8,7.0,9.7,1.1,223,7,6.7,8.9,1.0,223,8,231,29.40,,0,0,0,75.9,68.6,67.5,0.24,0.32,0.40
SPRA,2017-08-21 14:50:00 EDT,42.87427,-74.50859,656,79.7,79.9,79.7,54.6,61.9,0.000,0.000,0.00,0.000,6.0,8.4,0.7,226,8,6.4,8.4,0.8,226,6,6.0,8.4,0.7,226,8,240,29.40,,0,0,0,75.9,68.7,67.5,0.24,0.32,0.40
SPRA,2017-08-21 14:55:00 EDT,42.87427,-74.50859,656,79.6,79.6,79.6,57.2,63.1,0.000,0.000,0.00,0.000,4.9,7.0,0.7,218,9,5.1,6.7,0.7,219,6,4.9,7.0,0.7,218,9,260,29.39,,0,0,0,75.9,68.8,67.5,0.24,0.32,0.40
SPRA,2017-08-21 15:00:00 EDT,42.87427,-74.50859,656,79.6,79.5,79.6,58.8,64.0,0.000,0.000,0.00,0.000,4.4,5.7,0.7,220,7,4.7,6.3,0.8,220,6,4.4,5.7,0.7,220,7,291,29.39,,0,0,0,75.8,68.9,67.5,0.24,0.32,0.40
SPRA,2017-08-21 15:05:00 EDT,42.87427,-74.50859,656,79.9,79.7,79.9,57.7,63.7,0.000,0.000,0.00,0.000,4.3,6.0,0.9,217,8,4.5,6.6,0.9,219,6,4.3,6.0,0.9,217,8,299,29.39,,0,0,0,75.6,68.9,67.5,0.24,0.32,0.40
SPRA,2017-08-21 15:10:00 EDT,42.87427,-74.50859,656,80.3,80.0,82.0,58.0,64.2,0.000,0.000,0.00,0.000,3.5,5.3,0.6,215,9,3.7,5.6,0.8,217,7,3.5,5.3,0.6,215,9,354,29.39,,0,0,0,75.6,68.9,67.5,0.24,0.32,0.40
SPRA,2017-08-21 15:15:00 EDT,42.87427,-74.50859,656,80.8,80.4,82.5,57.7,64.5,0.000,0.000,0.00,0.000,3.3,6.0,1.0,221,9,3.3,5.6,1.1,222,10,3.3,6.0,1.0,221,9,389,29.39,,0,0,0,75.6,68.9,67.5,0.24,0.32,0.40
SPRA,2017-08-21 15:20:00 EDT,42.87427,-74.50859,656,81.3,80.8,82.8,55.5,63.8,0.000,0.000,0.00,0.000,4.0,6.1,0.8,223,11,4.2,6.7,0.9,224,11,4.0,6.1,0.8,223,11,428,29.39,,0,0,0,75.6,68.9,67.5,0.24,0.32,0.40
SPRA,2017-08-21 15:25:00 EDT,42.87427,-74.50859,656,81.8,81.3,83.4,55.4,64.3,0.000,0.000,0.00,0.000,3.7,6.0,0.8,224,11,4.1,6.0,0.9,226,11,3.7,6.0,0.8,224,11,467,29.39,,0,0,0,75.6,68.9,67.5,0.24,0.32,0.40
SPRA,2017-08-21 15:30:00 EDT,42.87427,-74.50859,656,81.9,81.3,83.2,53.2,63.2,0.000,0.000,0.00,0.000,5.1,6.9,0.8,227,13,5.4,7.7,0.9,229,13,5.1,6.9,0.8,227,13,502,29.39,,0,0,0,75.6,68.9,67.5,0.24,0.32,0.40
SPRA,2017-08-21 15:35:00 EDT,42.87427,-74.50859,656,82.3,81.6,83.7,53.9,63.9,0.000,0.000,0.00,0.000,4.8,7.7,1.0,230,15,5.2,8.4,1.1,231,14,4.8,7.7,1.0,230,15,534,29.39,,0,0,0,75.6,68.9,67.5,0.24,0.32,0.40
SPRA,2017-08-21 15:40:00 EDT,42.87427,-74.50859,656,82.4,81.5,83.7,52.8,63.5,0.000,0.000,0.00,0.000,6.8,8.5,1.1,222,7,6.9,8.6,1.0,223,6,6.8,8.5,1.1,222,7,563,29.39,,0,0,0,75.6,68.9,67.5,0.24,0.32,0.40
SPRA,2017-08-21 15:45:00 EDT,42.87427,-74.50859,656,82.4,81.7,83.7,53.0,63.6,0.000,0.000,0.00,0.000,6.1,8.0,1.1,204,14,6.5,8.7,1.1,205,13,6.1,8.0,1.1,204,14,577,29.39,,0,0,0,75.6,68.9,67.5,0.24,0.32,0.40
SPRA,2017-08-21 15:50:00 EDT,42.87427,-74.50859,656,83.0,82.1,84.6,53.4,64.4,0.000,0.000,0.00,0.000,5.4,8.6,1.5,237,12,5.9,9.4,1.7,239,12,5.4,8.6,1.5,237,12,588,29.39,,0,0,0,75.6,68.9,67.5,0.23,0.32,0.40
SPRA,2017-08-21 15:55:00 EDT,42.87427,-74.50859,656,83.3,82.2,84.8,52.8,64.3,0.000,0.000,0.00,0.000,6.0,8.0,1.0,239,14,6.5,8.7,1.1,241,15,6.0,8.0,1.0,239,14,594,29.39,,0,0,0,75.6,69.0,67.5,0.23,0.32,0.40
SPRA,2017-08-21 16:00:00 EDT,42.87427,-74.50859,656,83.3,82.4,84.6,51.7,63.7,0.000,0.000,0.00,0.000,5.5,8.2,1.3,228,14,5.9,8.5,1.3,228,15,5.5,8.2,1.3,228,14,627,29.39,,0,0,0,75.6,69.2,67.5,0.24,0.32,0.40
SPRA,2017-08-21 16:05:00 EDT,42.87427,-74.50859,656,83.5,82.7,84.7,50.8,63.4,0.000,0.000,0.00,0.000,5.5,9.0,1.4,243,24,6.0,9.1,1.5,246,25,5.5,9.0,1.4,243,24,576,29.38,,0,0,0,75.6,69.2,67.5,0.24,0.32,0.40
SPRA,2017-08-21 16:10:00 EDT,42.87427,-74.50859,656,83.3,82.5,84.4,50.9,63.2,0.000,0.000,0.00,0.000,5.2,9.3,1.9,225,14,5.5,10.0,1.9,227,12,5.2,9.3,1.9,225,14,542,29.38,,0,0,0,75.6,69.3,67.5,0.24,0.32,0.40
SPRA,2017-08-21 16:15:00 EDT,42.87427,-74.50859,656,83.7,82.9,85.1,51.8,64.1,0.000,0.000,0.00,0.000,4.9,7.6,1.1,230,16,5.3,8.3,1.1,233,17,4.9,7.6,1.1,230,16,560,29.38,,0,0,0,75.6,69.3,67.5,0.23,0.32,0.40
SPRA,2017-08-21 16:20:00 EDT,42.87427,-74.50859,656,83.6,82.8,84.7,50.5,63.3,0.000,0.000,0.00,0.000,6.7,9.6,1.1,235,19,7.1,11.2,1.4,237,20,6.7,9.6,1.1,235,19,535,29.38,,0,0,0,75.6,69.3,67.5,0.23,0.32,0.40
SPRA,2017-08-21 16:25:00 EDT,42.87427,-74.50859,656,83.7,82.8,84.9,50.8,63.5,0.000,0.000,0.00,0.000,6.4,9.6,1.2,238,18,7.0,11.1,1.3,240,18,6.4,9.6,1.2,238,18,518,29.38,,0,0,0,75.6,69.3,67.5,0.23,0.32,0.40
SPRA,2017-08-21 16:30:00 EDT,42.87427,-74.50859,656,83.4,82.7,84.6,50.7,63.2,0.000,0.000,0.00,0.000,5.2,9.7,2.0,227,18,5.7,10.7,2.1,228,18,5.2,9.7,2.0,227,18,512,29.38,,0,0,0,75.8,69.3,67.5,0.23,0.32,0.40
SPRA,2017-08-21 16:35:00 EDT,42.87427,-74.50859,656,83.5,82.7,84.9,51.6,63.9,0.000,0.000,0.00,0.000,4.7,6.9,1.0,223,12,4.9,7.7,1.1,224,12,4.7,6.9,1.0,223,12,504,29.38,,0,0,0,75.8,69.3,67.5,0.23,0.32,0.40
SPRA,2017-08-21 16:40:00 EDT,42.87427,-74.50859,656,83.5,82.7,84.9,52.1,64.1,0.000,0.000,0.00,0.000,5.8,8.2,1.0,211,13,6.3,9.5,1.2,212,12,5.8,8.2,1.0,211,13,488,29.38,,0,0,0,75.9,69.3,67.5,0.23,0.32,0.40
SPRA,2017-08-21 16:45:00 EDT,42.87427,-74.50859,656,83.5,82.8,85.0,52.3,64.2,0.000,0.000,0.00,0.000,5.1,6.9,0.8,216,12,5.4,7.4,0.9,216,11,5.1,6.9,0.8,216,12,471,29.37,,0,0,0,75.9,69.3,67.5,0.23,0.32,0.40
SPRA,2017-08-21 16:50:00 EDT,42.87427,-74.50859,656,83.5,82.8,84.8,51.8,63.9,0.000,0.000,0.00,0.000,5.0,6.4,0.7,214,9,5.4,7.1,0.8,215,9,5.0,6.4,0.7,214,9,451,29.37,,0,0,0,75.9,69.3,67.5,0.23,0.32,0.40
SPRA,2017-08-21 16:55:00 EDT,42.87427,-74.50859,656,83.5,83.0,84.9,52.0,64.0,0.000,0.000,0.00,0.000,4.2,6.0,0.8,219,11,4.4,6.4,0.9,221,9,4.2,6.0,0.8,219,11,392,29.37,,0,0,0,75.9,69.3,67.5,0.23,0.32,0.40
SPRA,2017-08-21 17:00:00 EDT,42.87427,-74.50859,656,83.3,82.7,84.6,52.1,63.9,0.000,0.000,0.00,0.000,5.1,6.9,0.5,224,6,5.3,6.6,0.6,224,5,5.1,6.9,0.5,224,6,400,29.37,,0,0,0,75.9,69.3,67.5,0.23,0.32,0.40
SPRA,2017-08-21 17:05:00 EDT,42.87427,-74.50859,656,83.5,82.9,84.9,52.0,64.0,0.000,0.000,0.00,0.000,3.0,4.3,0.8,203,18,3.3,4.7,0.7,205,17,3.0,4.3,0.8,203,18,404,29.37,,0,0,0,75.9,69.3,67.5,0.23,0.32,0.40
SPRA,2017-08-21 17:10:00 EDT,42.87427,-74.50859,656,83.6,83.1,85.1,52.3,64.3,0.000,0.000,0.00,0.000,3.5,4.9,0.8,195,12,3.7,5.7,0.9,197,12,3.5,4.9,0.8,195,12,397,29.37,,0,0,0,75.9,69.3,67.5,0.23,0.32,0.40
SPRA,2017-08-21 17:15:00 EDT,42.87427,-74.50859,656,83.6,83.2,85.0,51.8,64.0,0.000,0.000,0.00,0.000,3.1,4.9,0.8,194,25,3.5,5.7,1.0,197,24,3.1,4.9,0.8,194,25,385,29.37,,0,0,0,75.9,69.5,67.5,0.23,0.32,0.40
SPRA,2017-08-21 17:20:00 EDT,42.87427,-74.50859,656,83.8,83.3,84.9,50.5,63.4,0.000,0.000,0.00,0.000,2.3,5.6,1.2,262,22,2.6,6.2,1.3,264,26,2.3,5.6,1.2,262,22,373,29.37,,0,0,0,75.9,69.6,67.5,0.23,0.32,0.40
SPRA,2017-08-21 17:25:00 EDT,42.87427,-74.50859,656,83.8,83.3,85.2,51.2,63.9,0.000,0.000,0.00,0.000,4.8,8.1,1.3,242,16,5.3,9.3,1.3,245,16,4.8,8.1,1.3,242,16,355,29.37,,0,0,0,75.9,69.6,67.5,0.23,0.32,0.40
SPRA,2017-08-21 17:30:00 EDT,42.87427,-74.50859,656,83.6,83.2,85.4,53.5,65.0,0.000,0.000,0.00,0.000,5.3,7.5,1.1,245,14,5.8,8.4,1.2,248,14,5.3,7.5,1.1,245,14,315,29.37,,0,0,0,75.8,69.6,67.5,0.23,0.32,0.40
SPRA,2017-08-21 17:35:00 EDT,42.87427,-74.50859,656,83.5,83.1,85.2,53.4,64.8,0.000,0.000,0.00,0.000,5.0,7.2,1.1,243,11,5.3,8.1,1.2,245,11,5.0,7.2,1.1,243,11,323,29.37,,0,0,0,75.7,69.6,67.5,0.23,0.32,0.39
SPRA,2017-08-21 17:40:00 EDT,42.87427,-74.50859,656,83.6,83.2,85.5,54.3,65.3,0.000,0.000,0.00,0.000,3.6,6.6,1.0,244,13,3.9,7.1,1.1,246,15,3.6,6.6,1.0,244,13,310,29.37,,0,0,0,75.6,69.6,67.5,0.23,0.32,0.40
SPRA,2017-08-21 17:45:00 EDT,42.87427,-74.50859,656,83.4,83.1,85.3,54.5,65.3,0.000,0.000,0.00,0.000,5.2,7.2,1.0,235,13,5.6,7.6,1.0,236,13,5.2,7.2,1.0,235,13,282,29.37,,0,0,0,75.6,69.6,67.5,0.23,0.32,0.40
SPRA,2017-08-21 17:50:00 EDT,42.87427,-74.50859,656,83.1,82.9,84.9,54.4,65.0,0.000,0.000,0.00,0.000,6.1,8.2,0.9,239,10,6.4,9.0,1.2,241,10,6.1,8.2,0.9,239,10,276,29.36,,0,0,0,75.6,69.6,67.5,0.23,0.32,0.39
SPRA,2017-08-21 17:55:00 EDT,42.87427,-74.50859,656,82.6,82.7,84.2,54.3,64.4,0.000,0.000,0.00,0.000,6.2,8.4,0.9,238,10,6.5,9.2,1.0,240,10,6.2,8.4,0.9,238,10,170,29.36,,0,0,0,75.6,69.6,67.5,0.23,0.32,0.40
SPRA,2017-08-21 18:00:00 EDT,42.87427,-74.50859,656,82.5,82.5,84.4,55.8,65.1,0.000,0.000,0.00,0.000,5.7,8.6,1.5,245,9,6.2,9.3,1.6,248,8,5.7,8.6,1.5,245,9,258,29.36,,0,0,0,75.6,69.6,67.5,0.23,0.32,0.39
SPRA,2017-08-21 18:05:00 EDT,42.87427,-74.50859,656,82.8,82.6,84.7,55.6,65.3,0.000,0.000,0.00,0.000,4.4,6.3,0.9,243,9,4.8,6.7,1.1,246,10,4.4,6.3,0.9,243,9,244,29.36,,0,0,0,75.6,69.6,67.5,0.23,0.32,0.39
SPRA,2017-08-21 18:10:00 EDT,42.87427,-74.50859,656,82.7,82.5,84.8,56.7,65.7,0.000,0.000,0.00,0.000,3.9,6.8,0.9,230,9,4.1,7.9,1.1,230,8,3.9,6.8,0.9,230,9,220,29.36,,0,0,0,75.6,69.6,67.5,0.23,0.32,0.40
SPRA,2017-08-21 18:15:00 EDT,42.87427,-74.50859,656,82.3,82.2,84.7,58.9,66.5,0.000,0.000,0.00,0.000,4.5,7.5,1.3,227,9,4.7,7.5,1.3,228,9,4.5,7.5,1.3,227,9,217,29.36,,0,0,0,75.6,69.6,67.5,0.23,0.32,0.40
SPRA,2017-08-21 18:20:00 EDT,42.87427,-74.50859,656,81.9,82.0,84.3,59.6,66.5,0.000,0.000,0.00,0.000,5.1,7.1,0.8,228,8,5.4,7.1,0.8,229,8,5.1,7.1,0.8,228,8,210,29.36,,0,0,0,75.6,69.6,67.5,0.23,0.32,0.39
SPRA,2017-08-21 18:25:00 EDT,42.87427,-74.50859,656,81.8,81.9,84.1,59.2,66.2,0.000,0.000,0.00,0.000,5.2,7.2,0.8,231,8,5.5,7.4,0.8,232,8,5.2,7.2,0.8,231,8,187,29.36,,0,0,0,75.6,69.6,67.5,0.23,0.32,0.40
SPRA,2017-08-21 18:30:00 EDT,42.87427,-74.50859,656,81.4,81.6,83.7,60.5,66.5,0.000,0.000,0.00,0.000,3.9,5.1,0.7,229,10,4.1,5.7,0.8,229,10,3.9,5.1,0.7,229,10,166,29.35,,0,0,0,75.6,69.7,67.5,0.23,0.32,0.40
SPRA,2017-08-21 18:35:00 EDT,42.87427,-74.50859,656,81.0,81.3,83.4,62.2,66.9,0.000,0.000,0.00,0.000,3.7,5.0,0.5,222,8,3.8,5.3,0.6,223,7,3.7,5.0,0.5,222,8,150,29.35,,0,0,0,75.6,69.8,67.5,0.23,0.32,0.39
SPRA,2017-08-21 18:40:00 EDT,42.87427,-74.50859,656,80.6,81.0,83.2,64.7,67.6,0.000,0.000,0.00,0.000,3.9,5.6,0.6,210,7,4.2,6.0,0.8,212,7,3.9,5.6,0.6,210,7,134,29.35,,0,0,0,75.6,69.9,67.5,0.23,0.32,0.40
SPRA,2017-08-21 18:45:00 EDT,42.87427,-74.50859,656,80.4,81.0,82.9,64.1,67.2,0.000,0.000,0.00,0.000,3.6,5.1,0.5,205,7,3.9,5.7,0.6,208,6,3.6,5.1,0.5,205,7,122,29.35,,0,0,0,75.5,70.0,67.5,0.23,0.32,0.40
SPRA,2017-08-21 18:50:00 EDT,42.87427,-74.50859,656,80.0,80.9,80.0,67.2,68.1,0.000,0.000,0.00,0.000,3.4,4.0,0.2,202,5,3.7,4.2,0.2,206,5,3.4,4.0,0.2,202,5,112,29.35,,0,0,0,75.3,70.0,67.5,0.23,0.32,0.40
SPRA,2017-08-21 18:55:00 EDT,42.87427,-74.50859,656,79.5,80.7,79.5,68.9,68.5,0.000,0.000,0.00,0.000,3.8,4.5,0.3,194,5,4.1,4.9,0.3,198,4,3.8,4.5,0.3,194,5,99,29.35,,0,0,0,75.0,70.0,67.5,0.23,0.32,0.39
SPRA,2017-08-21 19:00:00 EDT,42.87427,-74.50859,656,79.4,80.7,79.4,67.9,67.9,0.000,0.000,0.00,0.000,4.4,5.0,0.3,198,5,4.7,5.6,0.4,201,4,4.4,5.0,0.3,198,5,86,29.35,,0,0,0,75.0,70.0,67.5,0.23,0.32,0.40
SPRA,2017-08-21 19:05:00 EDT,42.87427,-74.50859,656,78.9,80.4,78.9,68.7,67.7,0.000,0.000,0.00,0.000,5.1,6.3,0.4,199,5,5.5,7.1,0.5,202,5,5.1,6.3,0.4,199,5,70,29.35,,0,0,0,75.0,70.0,67.5,0.23,0.32,0.40
SPRA,2017-08-21 19:10:00 EDT,42.87427,-74.50859,656,78.6,80.0,78.6,67.9,67.1,0.000,0.000,0.00,0.000,5.5,7.2,0.8,209,7,5.8,7.5,0.9,211,7,5.5,7.2,0.8,209,7,55,29.35,,0,0,0,75.0,70.0,67.5,0.23,0.32,0.39
SPRA,2017-08-21 19:15:00 EDT,42.87427,-74.50859,656,77.6,79.3,77.6,69.1,66.7,0.000,0.000,0.00,0.000,4.1,5.6,0.6,215,6,4.4,6.0,0.6,216,5,4.1,5.6,0.6,215,6,41,29.36,,0,0,0,75.0,70.0,67.5,0.23,0.32,0.40
SPRA,2017-08-21 19:20:00 EDT,42.87427,-74.50859,656,77.3,79.7,77.3,70.2,66.8,0.000,0.000,0.00,0.000,4.4,4.7,0.2,218,3,4.6,5.3,0.3,219,2,4.4,4.7,0.2,218,3,28,29.36,,0,0,0,74.9,70.0,67.5,0.23,0.32,0.39
SPRA,2017-08-21 19:25:00 EDT,42.87427,-74.50859,656,77.0,79.6,77.0,72.1,67.3,0.000,0.000,0.00,0.000,3.7,4.5,0.3,211,5,4.0,4.8,0.4,214,5,3.7,4.5,0.3,211,5,17,29.36,,0,0,0,74.7,70.0,67.5,0.23,0.32,0.40
SPRA,2017-08-21 19:30:00 EDT,42.87427,-74.50859,656,76.0,79.2,76.0,74.2,67.2,0.000,0.000,0.00,0.000,3.3,3.7,0.2,210,5,3.5,3.9,0.2,214,4,3.3,3.7,0.2,210,5,14,29.36,,0,0,0,74.7,70.0,67.5,0.23,0.32,0.40
SPRA,2017-08-21 19:35:00 EDT,42.87427,-74.50859,656,75.3,79.3,75.3,75.9,67.1,0.000,0.000,0.00,0.000,3.1,3.4,0.2,204,6,3.3,3.8,0.2,209,7,3.1,3.4,0.2,204,6,12,29.36,,0,0,0,74.7,70.0,67.5,0.23,0.32,0.39
SPRA,2017-08-21 19:40:00 EDT,42.87427,-74.50859,656,74.8,79.2,74.8,75.3,66.5,0.000,0.000,0.00,0.000,3.0,3.4,0.2,186,8,3.2,3.6,0.2,189,9,3.0,3.4,0.2,186,8,10,29.36,,0,0,0,74.7,70.0,67.5,0.23,0.32,0.40
SPRA,2017-08-21 19:45:00 EDT,42.87427,-74.50859,656,74.0,78.9,74.0,73.4,65.0,0.000,0.000,0.00,0.000,2.9,3.4,0.3,172,4,3.1,3.8,0.3,174,5,2.9,3.4,0.3,172,4,6,29.36,,0,0,0,74.7,70.0,67.5,0.23,0.32,0.40
SPRA,2017-08-21 19:50:00 EDT,42.87427,-74.50859,656,73.2,78.9,73.2,77.0,65.5,0.000,0.000,0.00,0.000,3.8,4.2,0.2,181,5,4.1,4.6,0.3,182,5,3.8,4.2,0.2,181,5,3,29.36,,0,0,0,74.7,70.0,67.5,0.23,0.32,0.40
SPRA,2017-08-21 19:55:00 EDT,42.87427,-74.50859,656,73.5,79.1,73.5,78.4,66.4,0.000,0.000,0.00,0.000,4.0,4.3,0.1,183,2,4.3,4.9,0.1,185,3,4.0,4.3,0.1,183,2,2,29.36,,0,0,0,74.6,70.0,67.5,0.23,0.32,0.40
SPRA,2017-08-21 20:00:00 EDT,42.87427,-74.50859,656,72.0,78.2,72.0,79.5,65.3,0.000,0.000,0.00,0.000,3.5,4.0,0.3,178,9,3.8,4.4,0.4,180,10,3.5,4.0,0.3,178,9,2,29.36,,0,0,0,74.4,70.0,67.5,0.23,0.32,0.39
SPRA,2017-08-21 20:05:00 EDT,42.87427,-74.50859,656,70.6,75.8,70.6,82.4,64.9,0.000,0.000,0.00,0.000,2.0,2.8,0.4,158,9,2.3,3.4,0.6,159,8,2.0,2.8,0.4,158,9,1,29.36,,0,0,0,74.3,70.0,67.5,0.23,0.32,0.39
SPRA,2017-08-21 20:10:00 EDT,42.87427,-74.50859,656,69.9,75.8,69.9,85.0,65.2,0.000,0.000,0.00,0.000,1.6,2.2,0.4,168,5,1.9,2.5,0.3,169,7,1.6,2.2,0.4,168,5,1,29.36,,0,0,0,74.3,70.0,67.5,0.23,0.32,0.39
SPRA,2017-08-21 20:15:00 EDT,42.87427,-74.50859,656,70.1,75.4,70.1,86.8,66.0,0.000,0.000,0.00,0.000,1.2,2.0,0.4,165,3,1.5,2.4,0.4,163,8,1.2,2.0,0.4,165,3,1,29.36,,0,0,0,74.2,70.0,67.5,0.23,0.32,0.39
SPRA,2017-08-21 20:20:00 EDT,42.87427,-74.50859,656,70.3,75.2,70.3,87.5,66.4,0.000,0.000,0.00,0.000,1.0,1.3,0.1,163,7,1.3,1.8,0.2,159,10,1.0,1.3,0.1,163,7,1,29.36,,0,0,0,74.0,70.0,67.5,0.23,0.32,0.40
SPRA,2017-08-21 20:25:00 EDT,42.87427,-74.50859,656,70.2,74.8,70.2,88.2,66.5,0.000,0.000,0.00,0.000,0.2,0.8,0.3,158,3,0.6,1.3,0.3,154,14,0.2,0.8,0.3,158,3,1,29.36,,0,0,0,73.9,70.0,67.5,0.23,0.32,0.40
SPRA,2017-08-21 20:30:00 EDT,42.87427,-74.50859,656,69.2,74.7,69.2,87.3,65.3,0.000,0.000,0.00,0.000,0.9,1.2,0.2,169,7,1.2,1.7,0.2,167,10,0.9,1.2,0.2,169,7,1,29.36,,0,0,0,73.9,70.2,67.5,0.23,0.32,0.40
SPRA,2017-08-21 20:35:00 EDT,42.87427,-74.50859,656,68.1,74.3,68.1,88.5,64.6,0.000,0.000,0.00,0.000,1.8,2.4,0.6,165,6,2.1,2.9,0.5,167,8,1.8,2.4,0.6,165,6,1,29.36,,0,0,0,73.9,70.2,67.5,0.23,0.32,0.39
SPRA,2017-08-21 20:40:00 EDT,42.87427,-74.50859,656,69.5,74.3,69.5,90.6,66.6,0.000,0.000,0.00,0.000,2.7,3.0,0.2,173,7,3.0,3.4,0.2,175,8,2.7,3.0,0.2,173,7,1,29.36,,0,0,0,73.8,70.3,67.5,0.23,0.32,0.39
SPRA,2017-08-21 20:45:00 EDT,42.87427,-74.50859,656,69.3,74.3,69.3,89.1,65.9,0.000,0.000,0.00,0.000,2.8,3.2,0.2,170,7,3.1,3.7,0.2,172,8,2.8,3.2,0.2,170,7,1,29.36,,0,0,0,73.4,70.3,67.5,0.23,0.32,0.40
SPRA,2017-08-21 20:50:00 EDT,42.87427,-74.50859,656,69.2,73.8,69.2,89.3,65.9,0.000,0.000,0.00,0.000,2.6,3.7,0.4,156,9,2.8,4.3,0.6,158,11,2.6,3.7,0.4,156,9,1,29.36,,0,0,0,73.4,70.3,67.5,0.23,0.32,0.40
SPRA,2017-08-21 20:55:00 EDT,42.87427,-74.50859,656,68.9,74.5,68.9,89.6,65.7,0.000,0.000,0.00,0.000,3.7,4.4,0.4,160,9,4.0,5.1,0.6,161,9,3.7,4.4,0.4,160,9,1,29.36,,0,0,0,73.4,70.3,67.5,0.23,0.32,0.40
SPRA,2017-08-21 21:00:00 EDT,42.87427,-74.50859,656,69.1,73.4,69.1,87.6,65.3,0.000,0.000,0.00,0.000,1.8,3.6,1.2,132,13,2.0,4.2,1.0,130,17,1.8,3.6,1.2,132,13,1,29.35,,0,0,0,73.3,70.3,67.5,0.23,0.32,0.40
SPRA,2017-08-21 21:05:00 EDT,42.87427,-74.50859,656,68.7,71.4,68.7,90.1,65.7,0.000,0.000,0.00,0.000,0.7,1.5,0.4,133,25,1.0,2.2,0.3,128,27,0.7,1.5,0.4,133,25,1,29.36,,0,0,0,73.0,70.3,67.5,0.23,0.32,0.39
SPRA,2017-08-21 21:10:00 EDT,42.87427,-74.50859,656,68.4,71.7,68.4,90.8,65.6,0.000,0.000,0.00,0.000,1.6,2.8,0.5,135,12,1.6,3.2,0.5,134,11,1.6,2.8,0.5,135,12,1,29.35,,0,0,0,73.0,70.3,67.5,0.23,0.32,0.40
SPRA,2017-08-21 21:15:00 EDT,42.87427,-74.50859,656,67.8,71.6,67.8,91.6,65.2,0.000,0.000,0.00,0.000,1.1,2.8,0.6,158,40,1.2,2.8,0.6,159,40,1.1,2.8,0.6,158,40,1,29.36,,0,0,0,73.0,70.3,67.5,0.23,0.32,0.40
SPRA,2017-08-21 21:20:00 EDT,42.87427,-74.50859,656,68.9,70.2,68.9,91.9,66.5,0.000,0.000,0.00,0.000,1.4,2.5,0.4,208,19,1.6,2.7,0.4,205,19,1.4,2.5,0.4,208,19,1,29.36,,0,0,0,73.0,70.3,67.5,0.23,0.32,0.40
SPRA,2017-08-21 21:25:00 EDT,42.87427,-74.50859,656,69.1,70.0,69.1,89.9,66.0,0.000,0.000,0.00,0.000,1.2,2.7,0.5,207,17,1.4,3.7,0.6,203,18,1.2,2.7,0.5,207,17,1,29.36,,0,0,0,73.0,70.3,67.5,0.23,0.32,0.40
SPRA,2017-08-21 21:30:00 EDT,42.87427,-74.50859,656,68.1,69.6,68.1,90.7,65.3,0.000,0.000,0.00,0.000,2.1,4.1,0.8,176,11,2.4,4.8,0.9,177,11,2.1,4.1,0.8,176,11,1,29.36,,0,0,0,72.8,70.3,67.5,0.23,0.32,0.40
SPRA,2017-08-21 21:35:00 EDT,42.87427,-74.50859,656,68.6,71.4,68.6,90.9,65.8,0.000,0.000,0.00,0.000,4.0,6.4,0.9,157,13,4.4,6.8,1.1,158,12,4.0,6.4,0.9,157,13,1,29.36,,0,0,0,72.7,70.3,67.5,0.23,0.32,0.40
SPRA,2017-08-21 21:40:00 EDT,42.87427,-74.50859,656,68.9,70.9,68.9,90.6,66.0,0.000,0.000,0.00,0.000,3.4,5.8,1.0,166,12,3.9,7.4,1.2,167,11,3.4,5.8,1.0,166,12,1,29.36,,0,0,0,72.7,70.3,67.5,0.23,0.32,0.40
SPRA,2017-08-21 21:45:00 EDT,42.87427,-74.50859,656,69.9,72.2,69.9,90.1,66.8,0.000,0.000,0.00,0.000,5.7,8.0,1.0,165,7,6.2,8.5,1.1,166,6,5.7,8.0,1.0,165,7,1,29.36,,0,0,0,72.7,70.3,67.5,0.23,0.32,0.40
SPRA,2017-08-21 21:50:00 EDT,42.87427,-74.50859,656,70.8,73.7,70.8,89.2,67.4,0.000,0.000,0.00,0.000,8.0,9.0,0.4,179,4,8.3,9.7,0.4,180,4,8.0,9.0,0.4,179,4,1,29.36,,0,0,0,72.7,70.3,67.5,0.23,0.32,0.40
SPRA,2017-08-21 21:55:00 EDT,42.87427,-74.50859,656,72.0,74.1,72.0,86.0,67.6,0.000,0.000,0.00,0.000,7.3,8.9,0.7,188,7,7.6,9.5,0.8,190,6,7.3,8.9,0.7,188,7,1,29.36,,0,0,0,72.4,70.3,67.5,0.23,0.32,0.39
SPRA,2017-08-21 22:00:00 EDT,42.87427,-74.50859,656,72.0,73.8,72.0,82.4,66.3,0.000,0.000,0.00,0.000,7.1,8.9,0.5,191,6,7.4,9.0,0.6,194,5,7.1,8.9,0.5,191,6,1,29.36,,0,0,0,72.3,70.3,67.5,0.23,0.32,0.40
SPRA,2017-08-21 22:05:00 EDT,42.87427,-74.50859,656,71.9,73.8,71.9,82.2,66.2,0.000,0.000,0.00,0.000,6.8,8.8,0.7,191,5,7.1,9.5,0.8,193,3,6.8,8.8,0.7,191,5,1,29.36,,0,0,0,72.3,70.3,67.5,0.23,0.32,0.40
SPRA,2017-08-21 22:10:00 EDT,42.87427,-74.50859,656,71.9,74.0,71.9,81.2,65.8,0.000,0.000,0.00,0.000,5.8,7.0,0.6,198,7,6.1,8.4,0.7,200,6,5.8,7.0,0.6,198,7,1,29.36,,0,0,0,72.3,70.3,67.5,0.23,0.32,0.40
SPRA,2017-08-21 22:15:00 EDT,42.87427,-74.50859,656,71.8,74.0,71.8,80.6,65.5,0.000,0.000,0.00,0.000,6.0,10.7,1.3,203,6,6.3,11.4,1.4,206,6,6.0,10.7,1.3,203,6,1,29.35,,0,0,0,72.3,70.3,67.5,0.23,0.32,0.40
SPRA,2017-08-21 22:20:00 EDT,42.87427,-74.50859,656,72.8,74.7,72.8,77.4,65.3,0.000,0.000,0.00,0.000,7.5,9.9,0.8,210,7,8.0,10.5,0.9,212,6,7.5,9.9,0.8,210,7,1,29.35,,0,0,0,72.3,70.3,67.5,0.23,0.32,0.40
SPRA,2017-08-21 22:25:00 EDT,42.87427,-74.50859,656,72.7,74.7,72.7,76.5,64.9,0.000,0.000,0.00,0.000,7.1,8.5,0.7,218,6,7.5,9.1,0.7,220,5,7.1,8.5,0.7,218,6,1,29.36,,0,0,0,72.3,70.3,67.5,0.23,0.32,0.40
SPRA,2017-08-21 22:30:00 EDT,42.87427,-74.50859,656,72.5,74.7,72.5,76.8,64.8,0.000,0.000,0.00,0.000,6.2,9.1,0.7,222,5,6.4,8.6,0.7,222,4,6.2,9.1,0.7,222,5,1,29.36,,0,0,0,72.0,70.3,67.5,0.23,0.32,0.40
SPRA,2017-08-21 22:35:00 EDT,42.87427,-74.50859,656,72.1,74.7,72.1,77.1,64.6,0.000,0.000,0.00,0.000,5.3,7.7,1.0,226,6,5.4,7.7,1.0,226,5,5.3,7.7,1.0,226,6,1,29.36,,0,0,0,71.8,70.3,67.5,0.23,0.32,0.39
SPRA,2017-08-21 22:40:00 EDT,42.87427,-74.50859,656,71.8,74.5,71.8,78.7,64.9,0.000,0.000,0.00,0.000,4.3,6.4,0.8,227,10,4.5,7.2,1.0,228,10,4.3,6.4,0.8,227,10,1,29.35,,0,0,0,71.8,70.3,67.5,0.23,0.32,0.40
SPRA,2017-08-21 22:45:00 EDT,42.87427,-74.50859,656,71.8,74.1,71.8,78.6,64.8,0.000,0.000,0.00,0.000,4.1,5.9,0.7,238,9,4.4,6.1,0.8,241,9,4.1,5.9,0.7,238,9,1,29.35,,0,0,0,71.8,70.3,67.5,0.23,0.32,0.40
SPRA,2017-08-21 22:50:00 EDT,42.87427,-74.50859,656,71.6,73.9,71.6,78.4,64.5,0.000,0.000,0.00,0.000,3.6,6.1,0.7,242,11,3.9,7.1,0.9,244,11,3.6,6.1,0.7,242,11,1,29.35,,0,0,0,71.8,70.3,67.5,0.23,0.32,0.40
SPRA,2017-08-21 22:55:00 EDT,42.87427,-74.50859,656,71.6,73.7,71.6,78.5,64.6,0.000,0.000,0.00,0.000,3.8,5.7,0.7,241,11,4.0,6.5,0.9,242,12,3.8,5.7,0.7,241,11,1,29.35,,0,0,0,71.8,70.3,67.5,0.23,0.32,0.40
SPRA,2017-08-21 23:00:00 EDT,42.87427,-74.50859,656,71.7,73.6,71.7,78.8,64.8,0.000,0.000,0.00,0.000,3.2,4.4,0.5,235,9,3.4,6.0,0.7,236,9,3.2,4.4,0.5,235,9,1,29.35,,0,0,0,71.7,70.3,67.5,0.23,0.32,0.40
SPRA,2017-08-21 23:05:00 EDT,42.87427,-74.50859,656,71.9,73.7,71.9,78.6,64.9,0.000,0.000,0.00,0.000,3.5,5.6,0.7,232,11,3.6,5.7,0.9,233,10,3.5,5.6,0.7,232,11,1,29.35,,0,0,0,71.5,70.3,67.5,0.23,0.32,0.40
SPRA,2017-08-21 23:10:00 EDT,42.87427,-74.50859,656,71.9,73.5,71.9,77.3,64.4,0.000,0.000,0.00,0.000,2.6,4.2,0.8,258,19,2.9,4.6,0.9,261,19,2.6,4.2,0.8,258,19,1,29.35,,0,0,0,71.4,70.3,67.5,0.23,0.32,0.40
SPRA,2017-08-21 23:15:00 EDT,42.87427,-74.50859,656,71.9,73.5,71.9,77.4,64.5,0.000,0.000,0.00,0.000,2.3,4.7,0.7,290,16,2.5,5.3,0.8,292,16,2.3,4.7,0.7,290,16,1,29.35,,0,0,0,71.4,70.3,67.5,0.23,0.32,0.40
SPRA,2017-08-21 23:20:00 EDT,42.87427,-74.50859,656,69.7,72.3,69.7,80.2,63.3,0.000,0.000,0.00,0.000,2.9,3.9,0.5,15,27,3.0,4.8,0.7,14,27,2.9,3.9,0.5,15,27,1,29.35,,0,0,0,71.4,70.3,67.5,0.23,0.32,0.40
SPRA,2017-08-21 23:25:00 EDT,42.87427,-74.50859,656,68.7,72.1,68.7,84.4,63.8,0.000,0.000,0.00,0.000,2.5,4.0,0.6,71,16,2.6,4.4,0.7,71,16,2.5,4.0,0.6,71,16,1,29.35,,0,0,0,71.4,70.3,67.5,0.23,0.32,0.40
SPRA,2017-08-21 23:30:00 EDT,42.87427,-74.50859,656,68.4,72.5,68.4,85.0,63.7,0.000,0.000,0.00,0.000,1.0,1.8,0.5,85,15,1.3,2.4,0.4,85,17,1.0,1.8,0.5,85,15,1,29.35,,0,0,0,71.4,70.3,67.5,0.23,0.32,0.39
SPRA,2017-08-21 23:35:00 EDT,42.87427,-74.50859,656,67.1,72.4,67.1,87.2,63.2,0.000,0.000,0.00,0.000,0.8,1.3,0.4,114,11,1.1,1.7,0.3,113,13,0.8,1.3,0.4,114,11,1,29.35,,0,0,0,71.4,70.3,67.5,0.23,0.32,0.39
SPRA,2017-08-21 23:40:00 EDT,42.87427,-74.50859,656,68.0,72.8,68.0,87.0,64.0,0.000,0.000,0.00,0.000,0.1,0.8,0.2,125,7,0.7,1.5,0.3,35,60,0.1,0.8,0.2,125,7,1,29.35,,0,0,0,71.4,70.3,67.5,0.23,0.32,0.40
SPRA,2017-08-21 23:45:00 EDT,42.87427,-74.50859,656,68.4,72.8,68.4,84.8,63.6,0.000,0.000,0.00,0.000,0.5,1.2,0.4,48,18,1.0,1.7,0.3,53,24,0.5,1.2,0.4,48,18,1,29.35,,0,0,0,71.4,70.3,67.5,0.23,0.32,0.40
SPRA,2017-08-21 23:50:00 EDT,42.87427,-74.50859,656,68.2,72.4,68.2,84.6,63.4,0.000,0.000,0.00,0.000,0.7,1.5,0.3,93,11,1.2,1.8,0.3,92,16,0.7,1.5,0.3,93,11,1,29.35,,0,0,0,71.2,70.3,67.5,0.23,0.32,0.39
SPRA,2017-08-21 23:55:00 EDT,42.87427,-74.50859,656,67.2,72.3,67.2,85.0,62.6,0.000,0.000,0.00,0.000,0.7,1.8,0.6,82,20,1.1,2.9,0.5,76,27,0.7,1.8,0.6,82,20,1,29.35,,0,0,0,71.1,70.3,67.5,0.23,0.32,0.40
SPRI,2017-08-21 00:00:00 EDT,42.84315,-74.88961,1478,61.8,62.4,61.8,96.3,60.8,0.000,0.000,0.00,0.000,2.1,4.0,1.0,209,15,2.4,4.8,1.0,205,15,2.1,4.0,1.0,209,15,0,28.61,,0,0,0,69.3,69.9,66.0,0.28,0.33,0.35
SPRI,2017-08-21 00:05:00 EDT,42.84315,-74.88961,1478,61.8,62.4,61.8,96.2,60.8,0.000,0.000,0.00,0.000,2.7,4.4,0.8,207,13,2.8,5.1,0.9,204,14,2.7,4.4,0.8,207,13,0,28.61,,0,0,0,69.3,69.8,66.0,0.28,0.33,0.35
SPRI,2017-08-21 00:10:00 EDT,42.84315,-74.88961,1478,61.9,62.5,61.9,96.1,60.8,0.000,0.000,0.00,0.000,2.8,5.1,0.8,211,13,3.0,5.9,0.9,208,12,2.8,5.1,0.8,211,13,0,28.61,,0,0,0,69.2,69.9,66.0,0.28,0.33,0.35
SPRI,2017-08-21 00:15:00 EDT,42.84315,-74.88961,1478,61.9,62.5,61.9,95.6,60.7,0.000,0.000,0.00,0.000,3.2,5.2,0.7,200,16,3.5,6.2,0.9,196,16,3.2,5.2,0.7,200,16,0,28.61,,0,0,0,69.0,69.7,66.0,0.28,0.33,0.35
SPRI,2017-08-21 00:20:00 EDT,42.84315,-74.88961,1478,61.8,62.4,61.8,95.3,60.4,0.000,0.000,0.00,0.000,3.4,5.7,0.9,210,14,3.6,6.3,0.9,207,13,3.4,5.7,0.9,210,14,0,28.62,,0,0,0,68.9,69.7,66.0,0.28,0.33,0.35
SPRI,2017-08-21 00:25:00 EDT,42.84315,-74.88961,1478,61.8,62.4,61.8,95.2,60.4,0.000,0.000,0.00,0.000,2.9,4.4,0.6,210,14,3.1,5.1,0.8,207,15,2.9,4.4,0.6,210,14,0,28.62,,0,0,0,68.9,69.7,66.0,0.28,0.33,0.35
SPRI,2017-08-21 00:30:00 EDT,42.84315,-74.88961,1478,62.0,62.5,62.0,94.9,60.5,0.000,0.000,0.00,0.000,2.8,5.3,1.0,196,15,3.1,5.9,1.0,192,15,2.8,5.3,1.0,196,15,0,28.62,,0,0,0,68.9,69.7,66.0,0.28,0.33,0.35
SPRI,2017-08-21 00:35:00 EDT,42.84315,-74.88961,1478,61.9,62.5,61.9,94.4,60.3,0.000,0.000,0.00,0.000,1.8,3.2,0.8,193,17,2.0,3.9,0.8,187,18,1.8,3.2,0.8,193,17,0,28.62,,0,0,0,68.9,69.6,66.0,0.28,0.33,0.35
SPRI,2017-08-21 00:40:00 EDT,42.84315,-74.88961,1478,61.9,62.5,61.9,94.4,60.3,0.000,0.000,0.00,0.000,1.6,3.9,0.9,194,18,1.9,4.4,0.8,191,21,1.6,3.9,0.9,194,18,0,28.62,,0,0,0,68.7,69.6,66.0,0.28,0.33,0.35
SPRI,2017-08-21 00:45:00 EDT,42.84315,-74.88961,1478,61.7,62.3,61.7,94.6,60.1,0.000,0.000,0.00,0.000,1.5,3.2,0.7,192,15,1.9,3.9,0.8,187,16,1.5,3.2,0.7,192,15,0,28.62,,0,0,0,68.5,69.6,66.0,0.28,0.33,0.35
SPRI,2017-08-21 00:50:00 EDT,42.84315,-74.88961,1478,61.5,62.2,61.5,94.9,60.1,0.000,0.000,0.00,0.000,1.7,4.5,0.9,185,15,2.0,5.1,1.0,184,16,1.7,4.5,0.9,185,15,0,28.62,,0,0,0,68.5,69.6,66.0,0.28,0.33,0.35
SPRI,2017-08-21 00:55:00 EDT,42.84315,-74.88961,1478,61.8,62.2,61.8,95.8,60.5,0.000,0.000,0.00,0.000,2.3,4.2,0.8,193,18,2.6,5.0,0.9,190,18,2.3,4.2,0.8,193,18,0,28.62,,0,0,0,68.5,69.6,66.0,0.28,0.33,0.35
SPRI,2017-08-21 01:00:00 EDT,42.84315,-74.88961,1478,61.6,62.2,61.6,95.7,60.4,0.000,0.000,0.00,0.000,3.3,5.5,1.0,191,17,3.5,6.2,1.1,186,17,3.3,5.5,1.0,191,17,0,28.62,,0,0,0,68.5,69.6,66.0,0.28,0.33,0.35
SPRI,2017-08-21 01:05:00 EDT,42.84315,-74.88961,1478,61.7,62.2,61.7,95.8,60.5,0.000,0.000,0.00,0.000,3.5,5.7,0.7,194,14,3.8,5.8,0.8,190,13,3.5,5.7,0.7,194,14,0,28.62,,0,0,0,68.5,69.6,66.0,0.28,0.33,0.35
SPRI,2017-08-21 01:10:00 EDT,42.84315,-74.88961,1478,61.7,62.2,61.7,96.0,60.6,0.000,0.000,0.00,0.000,3.4,5.6,0.9,195,12,3.8,7.6,1.2,192,10,3.4,5.6,0.9,195,12,0,28.62,,0,0,0,68.5,69.6,66.0,0.28,0.33,0.35
SPRI,2017-08-21 01:15:00 EDT,42.84315,-74.88961,1478,61.8,62.2,61.8,96.0,60.6,0.000,0.000,0.00,0.000,3.7,6.6,1.0,197,14,4.0,7.3,1.1,194,12,3.7,6.6,1.0,197,14,0,28.62,,0,0,0,68.5,69.6,66.0,0.28,0.33,0.35
SPRI,2017-08-21 01:20:00 EDT,42.84315,-74.88961,1478,61.9,62.3,61.9,95.8,60.7,0.000,0.000,0.00,0.000,4.1,7.0,1.3,193,15,4.3,7.4,1.5,191,12,4.1,7.0,1.3,193,15,0,28.62,,0,0,0,68.3,69.6,66.0,0.28,0.33,0.35
SPRI,2017-08-21 01:25:00 EDT,42.84315,-74.88961,1478,61.6,62.1,61.6,95.5,60.3,0.000,0.000,0.00,0.000,2.7,4.5,0.8,204,15,2.9,5.4,0.9,199,14,2.7,4.5,0.8,204,15,0,28.62,,0,0,0,68.2,69.6,66.0,0.28,0.33,0.35
SPRI,2017-08-21 01:30:00 EDT,42.84315,-74.88961,1478,61.6,62.2,61.6,95.8,60.4,0.000,0.000,0.00,0.000,2.6,4.7,0.7,190,18,2.8,5.6,0.8,188,19,2.6,4.7,0.7,190,18,0,28.62,,0,0,0,68.2,69.6,66.0,0.28,0.33,0.35
SPRI,2017-08-21 01:35:00 EDT,42.84315,-74.88961,1478,61.6,62.2,61.6,95.7,60.3,0.000,0.000,0.00,0.000,2.5,4.6,0.8,207,17,3.0,5.9,1.0,204,17,2.5,4.6,0.8,207,17,0,28.62,,0,0,0,68.2,69.6,66.0,0.28,0.33,0.35
SPRI,2017-08-21 01:40:00 EDT,42.84315,-74.88961,1478,61.5,62.1,61.5,95.8,60.3,0.000,0.000,0.00,0.000,2.9,5.0,0.7,199,15,3.0,5.7,0.7,195,14,2.9,5.0,0.7,199,15,0,28.61,,0,0,0,68.2,69.6,66.0,0.28,0.33,0.35
SPRI,2017-08-21 01:45:00 EDT,42.84315,-74.88961,1478,61.5,62.0,61.5,96.1,60.4,0.000,0.000,0.00,0.000,3.0,5.7,1.0,203,15,3.3,5.5,1.1,199,14,3.0,5.7,1.0,203,15,0,28.61,,0,0,0,68.2,69.6,66.0,0.28,0.33,0.35
SPRI,2017-08-21 01:50:00 EDT,42.84315,-74.88961,1478,61.6,62.0,61.6,96.2,60.5,0.000,0.000,0.00,0.000,2.7,4.6,1.0,202,18,3.0,6.8,1.1,198,17,2.7,4.6,1.0,202,18,0,28.61,,0,0,0,68.0,69.6,66.0,0.28,0.33,0.35
SPRI,2017-08-21 01:55:00 EDT,42.84315,-74.88961,1478,61.7,62.2,61.7,96.1,60.6,0.000,0.000,0.00,0.000,2.6,4.9,1.1,197,21,3.0,5.5,1.1,194,20,2.6,4.9,1.1,197,21,0,28.61,,0,0,0,67.8,69.6,66.0,0.28,0.33,0.35
SPRI,2017-08-21 02:00:00 EDT,42.84315,-74.88961,1478,61.5,62.0,61.5,96.0,60.3,0.000,0.000,0.00,0.000,2.6,4.4,1.1,202,18,2.9,5.1,1.1,199,17,2.6,4.4,1.1,202,18,0,28.61,,0,0,0,67.8,69.6,66.0,0.28,0.33,0.35
SPRI,2017-08-21 02:05:00 EDT,42.84315,-74.88961,1478,61.5,62.1,61.5,96.2,60.5,0.000,0.000,0.00,0.000,2.4,3.4,0.5,203,16,2.6,3.9,0.5,200,16,2.4,3.4,0.5,203,16,0,28.61,,0,0,0,67.8,69.6,66.0,0.28,0.33,0.35
SPRI,2017-08-21 02:10:00 EDT,42.84315,-74.88961,1478,61.4,62.0,61.4,96.0,60.2,0.000,0.000,0.00,0.000,2.1,3.3,0.6,201,19,2.4,4.1,0.7,197,18,2.1,3.3,0.6,201,19,0,28.61,,0,0,0,67.8,69.6,66.0,0.28,0.33,0.35
SPRI,2017-08-21 02:15:00 EDT,42.84315,-74.88961,1478,61.5,62.0,61.5,96.1,60.4,0.000,0.000,0.00,0.000,3.5,5.8,0.8,199,16,3.8,6.5,1.1,196,14,3.5,5.8,0.8,199,16,0,28.61,,0,0,0,67.8,69.6,66.0,0.28,0.33,0.35
SPRI,2017-08-21 02:20:00 EDT,42.84315,-74.88961,1478,61.7,62.1,61.7,95.8,60.5,0.000,0.000,0.00,0.000,4.0,7.2,1.4,193,14,4.1,7.9,1.5,191,12,4.0,7.2,1.4,193,14,0,28.61,,0,0,0,67.8,69.6,66.0,0.28,0.33,0.35
SPRI,2017-08-21 02:25:00 EDT,42.84315,-74.88961,1478,61.6,62.0,61.6,95.9,60.4,0.000,0.000,0.00,0.000,4.1,7.7,1.2,191,14,4.7,8.4,1.4,188,12,4.1,7.7,1.2,191,14,0,28.61,,0,0,0,67.8,69.6,66.0,0.28,0.33,0.35
SPRI,2017-08-21 02:30:00 EDT,42.84315,-74.88961,1478,61.5,61.9,61.5,95.8,60.3,0.000,0.000,0.00,0.000,4.6,7.6,1.3,188,16,5.0,8.5,1.5,187,15,4.6,7.6,1.3,188,16,0,28.61,,0,0,0,67.8,69.6,66.0,0.28,0.33,0.35
SPRI,2017-08-21 02:35:00 EDT,42.84315,-74.88961,1478,61.4,61.8,61.4,95.9,60.2,0.000,0.000,0.00,0.000,3.9,6.1,1.1,199,14,4.2,6.8,1.2,196,13,3.9,6.1,1.1,199,14,0,28.61,,0,0,0,67.8,69.6,66.0,0.28,0.33,0.35
SPRI,2017-08-21 02:40:00 EDT,42.84315,-74.88961,1478,61.2,61.7,61.2,95.9,60.0,0.000,0.000,0.00,0.000,3.2,5.6,0.7,201,18,3.5,6.1,0.7,197,16,3.2,5.6,0.7,201,18,0,28.61,,0,0,0,67.6,69.6,66.0,0.28,0.33,0.35
SPRI,2017-08-21 02:45:00 EDT,42.84315,-74.88961,1478,61.3,61.8,61.3,96.0,60.1,0.000,0.000,0.00,0.000,3.2,5.3,0.8,197,13,3.5,5.8,0.9,194,12,3.2,5.3,0.8,197,13,0,28.61,,0,0,0,67.5,69.6,66.0,0.28,0.33,0.35
SPRI,2017-08-21 02:50:00 EDT,42.84315,-74.88961,1478,61.2,61.8,61.2,95.7,60.0,0.000,0.000,0.00,0.000,3.2,4.5,0.7,204,15,3.5,4.8,0.7,201,14,3.2,4.5,0.7,204,15,0,28.61,,0,0,0,67.5,69.6,66.0,0.28,0.33,0.35
SPRI,2017-08-21 02:55:00 EDT,42.84315,-74.88961,1478,61.1,61.7,61.1,95.5,59.8,0.000,0.000,0.00,0.000,3.3,4.7,0.8,204,15,3.8,5.9,0.8,202,14,3.3,4.7,0.8,204,15,0,28.62,,0,0,0,67.5,69.6,66.0,0.28,0.33,0.35
SPRI,2017-08-21 03:00:00 EDT,42.84315,-74.88961,1478,61.2,61.8,61.2,95.4,59.9,0.000,0.000,0.00,0.000,3.9,5.8,0.7,199,13,4.0,6.0,0.8,196,12,3.9,5.8,0.7,199,13,0,28.62,,0,0,0,67.5,69.5,66.0,0.28,0.33,0.35
SPRI,2017-08-21 03:05:00 EDT,42.84315,-74.88961,1478,61.4,61.9,61.4,95.1,60.0,0.000,0.000,0.00,0.000,4.2,6.9,1.0,199,13,4.5,7.3,1.0,194,13,4.2,6.9,1.0,199,13,0,28.62,,0,0,0,67.5,69.4,66.0,0.28,0.33,0.35
SPRI,2017-08-21 03:10:00 EDT,42.84315,-74.88961,1478,61.2,61.8,61.2,95.2,59.8,0.000,0.000,0.00,0.000,3.1,4.9,0.8,197,14,3.4,6.6,1.0,192,12,3.1,4.9,0.8,197,14,0,28.62,,0,0,0,67.5,69.3,66.0,0.28,0.33,0.35
SPRI,2017-08-21 03:15:00 EDT,42.84315,-74.88961,1478,61.4,61.9,61.4,95.2,60.0,0.000,0.000,0.00,0.000,2.8,4.7,0.8,190,12,3.1,5.3,0.9,188,10,2.8,4.7,0.8,190,12,0,28.62,,0,0,0,67.5,69.3,66.0,0.28,0.33,0.35
SPRI,2017-08-21 03:20:00 EDT,42.84315,-74.88961,1478,61.3,61.8,61.3,95.0,59.8,0.000,0.000,0.00,0.000,2.4,3.4,0.4,199,15,2.6,4.0,0.6,194,14,2.4,3.4,0.4,199,15,0,28.62,,0,0,0,67.3,69.3,66.0,0.28,0.33,0.35
SPRI,2017-08-21 03:25:00 EDT,42.84315,-74.88961,1478,61.4,62.0,61.4,95.2,60.0,0.000,0.000,0.00,0.000,2.9,4.8,0.7,189,12,3.0,5.0,1.0,186,12,2.9,4.8,0.7,189,12,0,28.62,,0,0,0,67.2,69.3,66.0,0.28,0.33,0.35
SPRI,2017-08-21 03:30:00 EDT,42.84315,-74.88961,1478,61.4,61.9,61.4,95.1,60.0,0.000,0.000,0.00,0.000,3.0,4.5,0.8,195,16,3.2,5.7,0.9,192,15,3.0,4.5,0.8,195,16,0,28.62,,0,0,0,67.1,69.3,66.0,0.28,0.33,0.35
SPRI,2017-08-21 03:35:00 EDT,42.84315,-74.88961,1478,61.3,61.9,61.3,94.8,59.8,0.000,0.000,0.00,0.000,3.1,5.4,1.1,190,12,3.4,5.6,1.1,188,10,3.1,5.4,1.1,190,12,0,28.62,,0,0,0,67.1,69.3,66.0,0.28,0.33,0.35
SPRI,2017-08-21 03:40:00 EDT,42.84315,-74.88961,1478,61.2,61.8,61.2,95.0,59.7,0.000,0.000,0.00,0.000,2.9,5.5,1.1,193,14,3.2,6.1,1.1,189,12,2.9,5.5,1.1,193,14,0,28.62,,0,0,0,67.1,69.3,66.0,0.28,0.33,0.35
SPRI,2017-08-21 03:45:00 EDT,42.84315,-74.88961,1478,61.4,61.8,61.4,95.3,60.0,0.000,0.000,0.00,0.000,2.9,4.1,0.7,191,14,3.0,4.4,0.7,188,15,2.9,4.1,0.7,191,14,0,28.62,,0,0,0,67.1,69.3,66.0,0.28,0.33,0.35
SPRI,2017-08-21 03:50:00 EDT,42.84315,-74.88961,1478,61.0,61.6,61.0,95.4,59.7,0.000,0.000,0.00,0.000,1.8,3.9,0.9,200,21,2.1,5.3,1.0,198,25,1.8,3.9,0.9,200,21,0,28.62,,0,0,0,67.1,69.3,66.0,0.28,0.33,0.35
SPRI,2017-08-21 03:55:00 EDT,42.84315,-74.88961,1478,61.0,61.5,61.0,96.0,59.9,0.000,0.000,0.00,0.000,2.1,3.7,0.8,200,20,2.2,4.8,0.8,198,20,2.1,3.7,0.8,200,20,0,28.62,,0,0,0,67.1,69.3,66.0,0.28,0.33,0.35
SPRI,2017-08-21 04:00:00 EDT,42.84315,-74.88961,1478,60.9,61.5,60.9,96.2,59.8,0.000,0.000,0.00,0.000,3.1,5.3,0.8,201,17,3.3,5.7,1.0,199,17,3.1,5.3,0.8,201,17,0,28.62,,0,0,0,67.1,69.3,66.0,0.28,0.33,0.35
SPRI,2017-08-21 04:05:00 EDT,42.84315,-74.88961,1478,61.2,61.7,61.2,96.2,60.1,0.000,0.000,0.00,0.000,3.6,5.8,0.8,193,16,3.9,6.1,1.0,190,15,3.6,5.8,0.8,193,16,0,28.62,,0,0,0,67.1,69.3,66.0,0.28,0.33,0.35
SPRI,2017-08-21 04:10:00 EDT,42.84315,-74.88961,1478,61.2,61.6,61.2,96.0,60.1,0.000,0.000,0.00,0.000,3.5,4.9,0.8,199,15,3.8,6.2,1.0,196,13,3.5,4.9,0.8,199,15,0,28.62,,0,0,0,67.0,69.3,66.0,0.28,0.33,0.35
SPRI,2017-08-21 04:15:00 EDT,42.84315,-74.88961,1478,61.0,61.6,61.0,96.0,59.9,0.000,0.000,0.00,0.000,2.7,4.7,1.0,201,15,2.9,5.1,1.1,200,13,2.7,4.7,1.0,201,15,0,28.62,,0,0,0,66.8,69.3,66.0,0.28,0.33,0.35
SPRI,2017-08-21 04:20:00 EDT,42.84315,-74.88961,1478,61.2,61.7,61.2,96.2,60.2,0.000,0.000,0.00,0.000,3.8,6.7,1.2,188,11,4.1,8.1,1.3,183,9,3.8,6.7,1.2,188,11,0,28.62,,0,0,0,66.7,69.3,66.0,0.28,0.33,0.35
SPRI,2017-08-21 04:25:00 EDT,42.84315,-74.88961,1478,61.3,61.6,61.3,96.2,60.2,0.002,0.002,0.00,0.002,3.4,5.4,0.9,182,13,3.8,6.0,1.1,181,12,3.4,5.4,0.9,182,13,0,28.62,,0,0,0,66.7,69.3,66.0,0.28,0.33,0.35
SPRI,2017-08-21 04:30:00 EDT,42.84315,-74.88961,1478,61.1,61.5,61.1,96.1,60.0,0.000,0.002,0.00,0.002,2.9,4.3,0.7,192,16,3.0,5.1,0.8,190,16,2.9,4.3,0.7,192,16,0,28.62,,0,0,0,66.7,69.3,66.0,0.28,0.33,0.35
SPRI,2017-08-21 04:35:00 EDT,42.84315,-74.88961,1478,61.1,61.5,61.1,96.0,59.9,0.000,0.002,0.00,0.002,3.8,6.7,1.0,199,13,4.3,8.1,1.3,195,11,3.8,6.7,1.0,199,13,0,28.62,,0,0,0,66.7,69.3,66.0,0.28,0.33,0.35
SPRI,2017-08-21 04:40:00 EDT,42.84315,-74.88961,1478,60.9,61.3,60.9,95.9,59.7,0.000,0.002,0.00,0.002,3.4,5.3,0.7,201,16,3.8,6.6,0.8,196,16,3.4,5.3,0.7,201,16,0,28.62,,0,0,0,66.7,69.3,66.0,0.28,0.33,0.35
SPRI,2017-08-21 04:45:00 EDT,42.84315,-74.88961,1478,60.9,61.3,60.9,96.3,59.9,0.000,0.002,0.00,0.002,4.1,6.4,1.3,188,13,4.7,7.8,1.4,187,14,4.1,6.4,1.3,188,13,0,28.62,,0,0,0,66.7,69.3,66.0,0.28,0.33,0.35
SPRI,2017-08-21 04:50:00 EDT,42.84315,-74.88961,1478,60.7,61.2,60.7,96.3,59.7,0.000,0.002,0.00,0.002,2.5,3.9,0.6,204,17,2.9,4.5,0.7,200,16,2.5,3.9,0.6,204,17,0,28.62,,0,0,0,66.7,69.3,66.0,0.28,0.33,0.35
SPRI,2017-08-21 04:55:00 EDT,42.84315,-74.88961,1478,60.6,61.1,60.6,96.6,59.6,0.000,0.002,0.00,0.002,1.9,2.9,0.6,212,16,2.2,4.5,0.7,209,17,1.9,2.9,0.6,212,16,0,28.62,,0,0,0,66.7,69.3,66.0,0.28,0.33,0.35
SPRI,2017-08-21 05:00:00 EDT,42.84315,-74.88961,1478,60.7,61.1,60.7,96.9,59.8,0.000,0.002,0.00,0.002,2.6,4.7,0.7,197,15,2.9,5.1,0.8,193,15,2.6,4.7,0.7,197,15,0,28.62,,0,0,0,66.6,69.3,66.0,0.28,0.33,0.35
SPRI,2017-08-21 05:05:00 EDT,42.84315,-74.88961,1478,60.7,61.1,60.7,96.9,59.8,0.000,0.002,0.00,0.002,3.0,4.7,0.8,195,14,3.3,5.7,0.9,192,14,3.0,4.7,0.8,195,14,0,28.62,,0,0,0,66.5,69.3,66.0,0.28,0.33,0.35
SPRI,2017-08-21 05:10:00 EDT,42.84315,-74.88961,1478,60.7,61.1,60.7,96.9,59.8,0.000,0.002,0.00,0.002,1.8,3.1,0.6,202,19,2.2,3.8,0.8,199,19,1.8,3.1,0.6,202,19,0,28.63,,0,0,0,66.4,69.3,66.0,0.28,0.33,0.35
SPRI,2017-08-21 05:15:00 EDT,42.84315,-74.88961,1478,60.6,61.0,60.6,97.0,59.8,0.000,0.002,0.00,0.002,3.1,5.1,0.7,204,14,3.4,5.8,0.9,200,14,3.1,5.1,0.7,204,14,0,28.63,,0,0,0,66.4,69.3,66.0,0.28,0.33,0.35
SPRI,2017-08-21 05:20:00 EDT,42.84315,-74.88961,1478,60.5,60.9,60.5,96.9,59.6,0.000,0.002,0.00,0.002,3.6,6.6,1.2,199,17,4.2,7.4,1.4,195,16,3.6,6.6,1.2,199,17,0,28.63,,0,0,0,66.4,69.3,66.0,0.28,0.33,0.35
SPRI,2017-08-21 05:25:00 EDT,42.84315,-74.88961,1478,60.4,60.9,60.4,96.9,59.5,0.000,0.002,0.00,0.000,3.8,6.0,0.9,202,12,4.0,7.3,1.0,198,10,3.8,6.0,0.9,202,12,0,28.63,,0,0,0,66.4,69.3,66.0,0.28,0.33,0.35
SPRI,2017-08-21 05:30:00 EDT,42.84315,-74.88961,1478,60.3,60.8,60.3,96.8,59.4,0.000,0.002,0.00,0.000,3.0,4.6,0.5,205,13,3.3,5.3,0.8,201,13,3.0,4.6,0.5,205,13,0,28.62,,0,0,0,66.4,69.2,66.0,0.28,0.33,0.35
SPRI,2017-08-21 05:35:00 EDT,42.84315,-74.88961,1478,60.2,60.8,60.2,96.8,59.3,0.000,0.002,0.00,0.000,3.3,5.6,0.8,204,13,3.5,6.0,1.0,201,12,3.3,5.6,0.8,204,13,0,28.62,,0,0,0,66.4,69.1,66.0,0.28,0.33,0.35
SPRI,2017-08-21 05:40:00 EDT,42.84315,-74.88961,1478,60.2,60.7,60.2,97.1,59.3,0.000,0.002,0.00,0.000,3.1,4.8,0.8,200,15,3.3,6.1,0.9,197,14,3.1,4.8,0.8,200,15,0,28.63,,0,0,0,66.4,69.0,66.0,0.28,0.33,0.35
SPRI,2017-08-21 05:45:00 EDT,42.84315,-74.88961,1478,60.3,60.7,60.3,97.2,59.5,0.000,0.002,0.00,0.000,3.9,6.8,0.9,199,13,4.2,7.7,1.1,195,10,3.9,6.8,0.9,199,13,0,28.63,,0,0,0,66.4,68.9,66.0,0.28,0.33,0.35
SPRI,2017-08-21 05:50:00 EDT,42.84315,-74.88961,1478,60.3,60.7,60.3,97.2,59.5,0.000,0.002,0.00,0.000,3.4,5.5,0.9,193,17,3.8,6.7,1.0,190,15,3.4,5.5,0.9,193,17,0,28.63,,0,0,0,66.4,68.9,66.0,0.28,0.33,0.35
SPRI,2017-08-21 05:55:00 EDT,42.84315,-74.88961,1478,60.4,60.7,60.4,97.3,59.7,0.000,0.002,0.00,0.000,2.8,4.7,0.8,185,12,3.1,5.2,0.9,181,11,2.8,4.7,0.8,185,12,0,28.63,,0,0,0,66.4,68.9,66.0,0.28,0.33,0.35
SPRI,2017-08-21 06:00:00 EDT,42.84315,-74.88961,1478,60.5,60.9,60.5,97.3,59.7,0.000,0.002,0.00,0.000,2.6,4.7,0.9,193,17,2.9,6.6,1.1,191,15,2.6,4.7,0.9,193,17,0,28.63,,0,0,0,66.3,68.9,66.0,0.28,0.32,0.35
SPRI,2017-08-21 06:05:00 EDT,42.84315,-74.88961,1478,60.6,61.0,60.6,97.2,59.8,0.000,0.002,0.00,0.000,3.9,7.0,1.1,194,16,4.3,7.7,1.2,190,13,3.9,7.0,1.1,194,16,2,28.63,,0,0,0,66.2,68.9,66.0,0.28,0.32,0.35
SPRI,2017-08-21 06:10:00 EDT,42.84315,-74.88961,1478,60.8,61.1,60.8,97.0,59.9,0.000,0.002,0.00,0.000,4.2,7.5,1.2,196,14,4.8,9.0,1.6,192,12,4.2,7.5,1.2,196,14,2,28.63,,0,0,0,66.0,68.9,66.0,0.28,0.33,0.35
SPRI,2017-08-21 06:15:00 EDT,42.84315,-74.88961,1478,60.8,61.2,60.8,96.6,59.8,0.000,0.002,0.00,0.000,3.7,6.9,1.2,197,15,4.2,8.4,1.5,196,13,3.7,6.9,1.2,197,15,3,28.63,,0,0,0,66.0,68.9,66.0,0.28,0.32,0.35
SPRI,2017-08-21 06:20:00 EDT,42.84315,-74.88961,1478,60.9,61.3,60.9,96.3,59.8,0.000,0.002,0.00,0.000,4.1,6.9,1.2,199,14,4.5,8.6,1.4,194,13,4.1,6.9,1.2,199,14,4,28.63,,0,0,0,66.0,68.9,66.0,0.28,0.33,0.35
SPRI,2017-08-21 06:25:00 EDT,42.84315,-74.88961,1478,60.9,61.3,60.9,96.6,59.9,0.000,0.002,0.00,0.000,3.9,6.6,1.1,192,14,4.6,8.0,1.4,189,13,3.9,6.6,1.1,192,14,8,28.63,,0,0,0,66.0,68.9,66.0,0.28,0.33,0.35
SPRI,2017-08-21 06:30:00 EDT,42.84315,-74.88961,1478,60.9,61.3,60.9,96.7,60.0,0.000,0.002,0.00,0.000,4.5,7.7,1.3,194,15,5.0,9.0,1.4,190,13,4.5,7.7,1.3,194,15,15,28.63,,0,0,0,66.0,68.9,66.0,0.28,0.32,0.35
SPRI,2017-08-21 06:35:00 EDT,42.84315,-74.88961,1478,61.0,61.4,61.0,96.8,60.1,0.000,0.002,0.00,0.000,3.8,6.8,1.3,197,17,4.1,7.5,1.5,193,15,3.8,6.8,1.3,197,17,21,28.63,,0,0,0,66.0,68.9,66.0,0.28,0.32,0.35
SPRI,2017-08-21 06:40:00 EDT,42.84315,-74.88961,1478,61.0,61.4,61.0,96.7,60.1,0.000,0.002,0.00,0.000,3.2,5.3,1.0,194,18,3.5,6.3,1.2,190,16,3.2,5.3,1.0,194,18,27,28.63,,0,0,0,66.0,68.9,66.0,0.28,0.33,0.35
SPRI,2017-08-21 06:45:00 EDT,42.84315,-74.88961,1478,61.0,61.3,61.0,96.8,60.1,0.000,0.002,0.00,0.000,3.5,5.9,1.1,200,14,3.9,6.7,1.2,196,12,3.5,5.9,1.1,200,14,28,28.63,,0,0,0,66.0,68.9,66.0,0.28,0.33,0.35
SPRI,2017-08-21 06:50:00 EDT,42.84315,-74.88961,1478,61.1,61.5,61.1,96.9,60.2,0.000,0.002,0.00,0.000,3.9,6.1,0.9,195,13,4.4,7.3,1.1,190,11,3.9,6.1,0.9,195,13,33,28.63,,0,0,0,66.0,68.9,66.0,0.28,0.32,0.35
SPRI,2017-08-21 06:55:00 EDT,42.84315,-74.88961,1478,61.3,61.6,61.3,96.8,60.4,0.000,0.002,0.00,0.000,4.1,6.6,0.9,190,14,4.6,7.5,1.1,187,12,4.1,6.6,0.9,190,14,40,28.63,,0,0,0,66.0,68.9,66.0,0.28,0.32,0.35
SPRI,2017-08-21 07:00:00 EDT,42.84315,-74.88961,1478,61.4,61.7,61.4,96.3,60.4,0.002,0.004,0.00,0.002,3.9,6.4,0.9,186,18,4.4,7.8,1.1,182,17,3.9,6.4,0.9,186,18,74,28.63,,0,0,0,66.0,68.9,66.0,0.28,0.33,0.35
SPRI,2017-08-21 07:05:00 EDT,42.84315,-74.88961,1478,61.5,61.8,61.5,95.9,60.3,0.000,0.004,0.00,0.002,3.9,6.6,1.1,184,14,4.2,8.1,1.3,181,11,3.9,6.6,1.1,184,14,93,28.63,,0,0,0,65.9,68.9,66.0,0.28,0.33,0.35
SPRI,2017-08-21 07:10:00 EDT,42.84315,-74.88961,1478,61.6,61.9,61.6,95.6,60.3,0.000,0.004,0.00,0.002,3.4,5.3,0.7,187,15,3.8,5.8,0.9,184,13,3.4,5.3,0.7,187,15,82,28.63,,0,0,0,65.9,68.9,66.0,0.28,0.33,0.35
SPRI,2017-08-21 07:15:00 EDT,42.84315,-74.88961,1478,61.6,61.9,61.6,95.5,60.3,0.000,0.004,0.00,0.002,3.3,5.9,0.9,193,16,3.6,7.1,1.1,191,15,3.3,5.9,0.9,193,16,94,28.63,,0,0,0,65.9,68.9,66.0,0.28,0.33,0.35
SPRI,2017-08-21 07:20:00 EDT,42.84315,-74.88961,1478,61.7,62.0,61.7,95.4,60.4,0.000,0.004,0.00,0.002,3.7,6.6,1.0,190,16,4.3,7.4,1.2,188,13,3.7,6.6,1.0,190,16,104,28.63,,0,0,0,65.9,68.9,66.0,0.28,0.33,0.35
SPRI,2017-08-21 07:25:00 EDT,42.84315,-74.88961,1478,62.0,62.2,62.0,95.0,60.5,0.000,0.004,0.00,0.002,3.9,6.9,1.1,197,14,4.4,7.4,1.2,194,13,3.9,6.9,1.1,197,14,143,28.63,,0,0,0,65.8,68.9,66.0,0.28,0.32,0.35
SPRI,2017-08-21 07:30:00 EDT,42.84315,-74.88961,1478,62.2,62.4,62.2,94.4,60.6,0.000,0.004,0.00,0.002,3.7,6.6,1.3,199,15,4.3,7.7,1.4,196,14,3.7,6.6,1.3,199,15,134,28.63,,0,0,0,65.8,68.9,66.0,0.28,0.33,0.35
SPRI,2017-08-21 07:35:00 EDT,42.84315,-74.88961,1478,62.3,62.5,62.3,94.0,60.6,0.000,0.004,0.00,0.002,3.7,6.3,1.0,196,14,4.2,6.9,1.1,194,11,3.7,6.3,1.0,196,14,133,28.63,,0,0,0,65.8,68.9,66.0,0.28,0.33,0.35
SPRI,2017-08-21 07:40:00 EDT,42.84315,-74.88961,1478,62.6,62.8,62.6,93.4,60.7,0.000,0.004,0.00,0.002,4.7,8.7,1.4,189,13,5.4,9.2,1.5,188,11,4.7,8.7,1.4,189,13,187,28.63,,0,0,0,65.9,68.8,66.0,0.28,0.32,0.35
SPRI,2017-08-21 07:45:00 EDT,42.84315,-74.88961,1478,62.9,63.0,62.9,92.8,60.7,0.000,0.004,0.00,0.002,4.5,6.7,0.8,193,15,5.2,8.0,1.1,190,12,4.5,6.7,0.8,193,15,200,28.63,,0,0,0,65.8,68.7,66.0,0.28,0.33,0.35
SPRI,2017-08-21 07:50:00 EDT,42.84315,-74.88961,1478,63.1,63.2,63.1,92.1,60.8,0.000,0.004,0.00,0.002,4.2,7.4,1.2,194,14,4.8,7.7,1.2,191,13,4.2,7.4,1.2,194,14,212,28.63,,0,0,0,65.8,68.6,66.0,0.28,0.33,0.35
SPRI,2017-08-21 07:55:00 EDT,42.84315,-74.88961,1478,63.4,63.5,63.4,91.9,61.0,0.000,0.004,0.00,0.002,4.1,7.8,1.5,183,15,4.5,9.1,1.6,181,13,4.1,7.8,1.5,183,15,226,28.63,,0,0,0,65.9,68.6,66.0,0.28,0.33,0.35
SPRI,2017-08-21 08:00:00 EDT,42.84315,-74.88961,1478,63.6,63.7,63.6,91.6,61.1,0.000,0.004,0.00,0.000,4.7,7.4,1.1,199,14,5.3,8.2,1.1,195,13,4.7,7.4,1.1,199,14,242,28.63,,0,0,0,65.9,68.5,66.0,0.28,0.33,0.35
SPRI,2017-08-21 08:05:00 EDT,42.84315,-74.88961,1478,63.9,64.0,63.9,90.7,61.1,0.000,0.004,0.00,0.000,5.5,9.3,1.4,181,11,6.2,10.3,1.5,179,10,5.5,9.3,1.4,181,11,260,28.63,,0,0,0,66.0,68.5,66.0,0.28,0.32,0.35
SPRI,2017-08-21 08:10:00 EDT,42.84315,-74.88961,1478,64.2,64.2,64.2,90.2,61.2,0.000,0.004,0.00,0.000,5.5,8.0,1.3,177,14,6.2,9.2,1.5,175,12,5.5,8.0,1.3,177,14,261,28.63,,0,0,0,66.0,68.5,66.0,0.28,0.33,0.35
SPRI,2017-08-21 08:15:00 EDT,42.84315,-74.88961,1478,64.3,64.3,64.3,89.9,61.2,0.000,0.004,0.00,0.000,4.4,8.0,1.3,179,14,5.1,8.5,1.3,178,13,4.4,8.0,1.3,179,14,275,28.63,,0,0,0,66.0,68.5,66.0,0.28,0.33,0.35
SPRI,2017-08-21 08:20:00 EDT,42.84315,-74.88961,1478,64.5,64.5,64.5,89.4,61.3,0.000,0.004,0.00,0.000,6.8,9.6,1.4,174,9,7.6,10.9,1.5,172,7,6.8,9.6,1.4,174,9,262,28.63,,0,0,0,66.0,68.5,66.0,0.28,0.33,0.35
SPRI,2017-08-21 08:25:00 EDT,42.84315,-74.88961,1478,64.4,64.5,64.4,89.1,61.1,0.000,0.004,0.00,0.000,7.8,10.4,1.1,171,9,8.5,11.5,1.3,168,8,7.8,10.4,1.1,171,9,248,28.63,,0,0,0,66.0,68.5,66.0,0.28,0.33,0.35
SPRI,2017-08-21 08:30:00 EDT,42.84315,-74.88961,1478,64.5,64.5,64.5,88.9,61.1,0.000,0.004,0.00,0.000,6.2,8.7,1.4,174,12,6.8,10.2,1.7,170,11,6.2,8.7,1.4,174,12,292,28.63,,0,0,0,66.0,68.5,66.0,0.28,0.33,0.35
SPRI,2017-08-21 08:35:00 EDT,42.84315,-74.88961,1478,64.8,64.8,64.8,88.5,61.4,0.000,0.004,0.00,0.000,6.2,9.1,1.5,165,12,6.8,10.1,1.7,163,10,6.2,9.1,1.5,165,12,329,28.63,,0,0,0,66.0,68.5,66.0,0.28,0.33,0.35
SPRI,2017-08-21 08:40:00 EDT,42.84315,-74.88961,1478,64.8,65.0,64.8,87.5,61.0,0.000,0.004,0.00,0.000,5.0,7.8,1.3,175,14,5.8,8.8,1.4,173,13,5.0,7.8,1.3,175,14,358,28.63,,0,0,0,66.1,68.5,66.0,0.28,0.33,0.35
SPRI,2017-08-21 08:45:00 EDT,42.84315,-74.88961,1478,65.2,65.3,65.2,87.3,61.4,0.000,0.004,0.00,0.000,5.1,7.7,1.0,188,15,5.8,8.9,1.2,185,13,5.1,7.7,1.0,188,15,382,28.63,,0,0,0,66.4,68.5,66.0,0.28,0.33,0.35
SPRI,2017-08-21 08:50:00 EDT,42.84315,-74.88961,1478,65.7,65.6,65.7,86.7,61.6,0.000,0.004,0.00,0.000,6.1,9.9,1.7,190,13,6.8,10.9,1.8,188,11,6.1,9.9,1.7,190,13,417,28.63,,0,0,0,66.4,68.5,66.0,0.28,0.33,0.35
SPRI,2017-08-21 08:55:00 EDT,42.84315,-74.88961,1478,66.3,66.2,66.3,86.4,62.1,0.000,0.004,0.00,0.000,5.8,8.8,1.5,188,17,6.3,10.0,1.5,185,15,5.8,8.8,1.5,188,17,380,28.63,,0,0,0,66.4,68.5,66.0,0.28,0.33,0.35
SPRI,2017-08-21 09:00:00 EDT,42.84315,-74.88961,1478,66.6,66.4,66.6,85.2,62.0,0.000,0.004,0.00,0.000,6.3,8.2,0.9,188,13,6.8,9.2,0.9,186,11,6.3,8.2,0.9,188,13,405,28.63,,0,0,0,66.4,68.5,66.0,0.28,0.33,0.35
SPRI,2017-08-21 09:05:00 EDT,42.84315,-74.88961,1478,67.1,67.0,67.1,85.0,62.4,0.000,0.004,0.00,0.000,5.5,8.3,1.3,182,12,6.2,9.2,1.3,181,11,5.5,8.3,1.3,182,12,397,28.62,,0,0,0,66.4,68.5,66.0,0.28,0.33,0.35
SPRI,2017-08-21 09:10:00 EDT,42.84315,-74.88961,1478,67.3,67.1,67.3,84.6,62.4,0.000,0.004,0.00,0.000,5.3,7.8,1.0,179,12,5.9,8.7,1.1,176,11,5.3,7.8,1.0,179,12,343,28.62,,0,0,0,66.6,68.5,66.0,0.28,0.33,0.35
SPRI,2017-08-21 09:15:00 EDT,42.84315,-74.88961,1478,67.7,67.5,67.7,82.9,62.3,0.000,0.004,0.00,0.000,4.5,6.1,0.7,188,15,5.0,7.1,0.9,185,15,4.5,6.1,0.7,188,15,300,28.63,,0,0,0,66.7,68.5,66.0,0.28,0.32,0.35
SPRI,2017-08-21 09:20:00 EDT,42.84315,-74.88961,1478,68.0,67.7,68.0,82.3,62.4,0.000,0.004,0.00,0.000,4.3,6.8,1.1,188,12,4.8,7.9,1.2,185,9,4.3,6.8,1.1,188,12,429,28.62,,0,0,0,66.7,68.5,66.0,0.28,0.33,0.35
SPRI,2017-08-21 09:25:00 EDT,42.84315,-74.88961,1478,68.3,67.9,68.3,80.9,62.2,0.000,0.004,0.00,0.000,4.0,6.9,1.2,204,16,4.5,7.1,1.2,199,16,4.0,6.9,1.2,204,16,454,28.62,,0,0,0,67.0,68.5,66.0,0.28,0.33,0.35
SPRI,2017-08-21 09:30:00 EDT,42.84315,-74.88961,1478,68.4,68.2,68.4,79.9,61.9,0.000,0.004,0.00,0.000,4.8,6.9,0.9,189,12,5.4,8.1,1.0,186,10,4.8,6.9,0.9,189,12,422,28.62,,0,0,0,67.1,68.5,66.0,0.28,0.33,0.35
SPRI,2017-08-21 09:35:00 EDT,42.84315,-74.88961,1478,68.7,68.6,68.7,79.6,62.1,0.000,0.004,0.00,0.000,4.9,6.9,0.9,191,14,5.3,7.6,1.0,187,14,4.9,6.9,0.9,191,14,221,28.62,,0,0,0,67.1,68.5,66.0,0.28,0.32,0.35
SPRI,2017-08-21 09:40:00 EDT,42.84315,-74.88961,1478,68.5,68.5,68.5,79.2,61.8,0.000,0.004,0.00,0.000,5.0,6.3,0.6,197,14,5.4,7.2,0.7,194,13,5.0,6.3,0.6,197,14,164,28.62,,0,0,0,67.3,68.5,66.0,0.28,0.33,0.35
SPRI,2017-08-21 09:45:00 EDT,42.84315,-74.88961,1478,68.4,68.4,68.4,80.1,62.0,0.000,0.004,0.00,0.000,4.9,6.6,0.8,198,10,5.3,7.3,0.9,195,9,4.9,6.6,0.8,198,10,283,28.63,,0,0,0,67.5,68.5,66.0,0.28,0.33,0.35
SPRI,2017-08-21 09:50:00 EDT,42.84315,-74.88961,1478,69.1,68.8,69.1,80.7,62.9,0.000,0.004,0.00,0.000,4.8,7.4,0.9,191,15,5.4,7.8,1.1,190,12,4.8,7.4,0.9,191,15,484,28.63,,0,0,0,67.6,68.5,66.0,0.28,0.33,0.35
SPRI,2017-08-21 09:55:00 EDT,42.84315,-74.88961,1478,69.4,69.2,69.4,78.6,62.5,0.000,0.004,0.00,0.000,5.7,8.5,1.2,200,11,6.1,9.1,1.2,195,10,5.7,8.5,1.2,200,11,484,28.63,,0,0,0,67.8,68.5,66.0,0.28,0.33,0.35
SPRI,2017-08-21 10:00:00 EDT,42.84315,-74.88961,1478,69.8,69.5,69.8,77.0,62.3,0.000,0.004,0.00,0.000,5.5,8.1,0.9,192,13,6.0,9.0,1.1,189,12,5.5,8.1,0.9,192,13,323,28.63,,0,0,0,67.8,68.5,66.0,0.28,0.33,0.35
SPRI,2017-08-21 10:05:00 EDT,42.84315,-74.88961,1478,70.1,69.9,70.1,77.4,62.7,0.000,0.004,0.00,0.000,4.7,6.8,1.0,193,14,5.3,7.6,1.0,190,13,4.7,6.8,1.0,193,14,381,28.63,,0,0,0,68.0,68.5,66.0,0.28,0.33,0.35
SPRI,2017-08-21 10:10:00 EDT,42.84315,-74.88961,1478,69.9,69.5,69.9,77.3,62.5,0.000,0.004,0.00,0.000,6.1,8.1,0.9,202,15,6.7,10.1,1.1,198,12,6.1,8.1,0.9,202,15,439,28.64,,0,0,0,68.2,68.5,66.0,0.28,0.33,0.35
SPRI,2017-08-21 10:15:00 EDT,42.84315,-74.88961,1478,70.2,69.9,70.2,77.2,62.7,0.000,0.004,0.00,0.000,6.3,8.9,1.3,191,16,7.2,9.8,1.4,188,13,6.3,8.9,1.3,191,16,545,28.64,,0,0,0,68.4,68.5,66.0,0.28,0.33,0.35
SPRI,2017-08-21 10:20:00 EDT,42.84315,-74.88961,1478,70.5,70.2,70.5,75.4,62.4,0.000,0.004,0.00,0.000,6.7,10.0,1.5,187,13,7.5,11.3,1.5,184,11,6.7,10.0,1.5,187,13,471,28.64,,0,0,0,68.5,68.5,66.0,0.28,0.33,0.35
SPRI,2017-08-21 10:25:00 EDT,42.84315,-74.88961,1478,71.2,70.7,71.2,75.5,63.1,0.000,0.004,0.00,0.000,6.5,9.0,1.1,181,15,6.9,10.9,1.1,178,13,6.5,9.0,1.1,181,15,640,28.64,,0,0,0,68.5,68.4,66.0,0.28,0.33,0.35
SPRI,2017-08-21 10:30:00 EDT,42.84315,-74.88961,1478,71.5,71.1,71.5,73.6,62.7,0.000,0.004,0.00,0.000,6.4,8.0,1.0,182,16,6.9,8.8,1.1,178,17,6.4,8.0,1.0,182,16,643,28.64,,0,0,0,68.7,68.4,66.0,0.28,0.33,0.35
SPRI,2017-08-21 10:35:00 EDT,42.84315,-74.88961,1478,71.6,71.1,71.6,73.2,62.5,0.000,0.004,0.00,0.000,6.9,9.7,1.3,181,10,7.5,10.8,1.3,178,9,6.9,9.7,1.3,181,10,658,28.64,,0,0,0,68.9,68.3,66.0,0.28,0.33,0.35
SPRI,2017-08-21 10:40:00 EDT,42.84315,-74.88961,1478,72.1,71.5,72.1,73.4,63.1,0.000,0.004,0.00,0.000,6.2,8.9,1.3,171,17,6.7,9.6,1.3,169,17,6.2,8.9,1.3,171,17,644,28.63,,0,0,0,69.1,68.2,66.0,0.28,0.33,0.35
SPRI,2017-08-21 10:45:00 EDT,42.84315,-74.88961,1478,72.0,71.6,72.0,73.2,63.0,0.000,0.004,0.00,0.000,5.9,9.5,1.6,170,15,6.5,10.0,1.7,167,15,5.9,9.5,1.6,170,15,473,28.63,,0,0,0,69.3,68.2,66.0,0.28,0.33,0.35
SPRI,2017-08-21 10:50:00 EDT,42.84315,-74.88961,1478,72.5,71.9,72.5,73.2,63.4,0.000,0.004,0.00,0.000,5.7,7.8,1.1,176,15,6.3,8.9,1.3,173,14,5.7,7.8,1.1,176,15,556,28.63,,0,0,0,69.3,68.2,66.0,0.28,0.32,0.35
SPRI,2017-08-21 10:55:00 EDT,42.84315,-74.88961,1478,72.9,72.3,72.9,72.6,63.5,0.000,0.004,0.00,0.000,5.7,8.2,1.3,165,11,6.4,9.4,1.5,163,11,5.7,8.2,1.3,165,11,538,28.63,,0,0,0,69.6,68.2,66.0,0.28,0.33,0.35
SPRI,2017-08-21 11:00:00 EDT,42.84315,-74.88961,1478,72.8,72.3,72.8,70.5,62.6,0.000,0.004,0.00,0.000,5.1,7.8,1.5,173,17,5.7,8.7,1.7,170,15,5.1,7.8,1.5,173,17,585,28.63,,0,0,0,69.8,68.2,66.0,0.28,0.32,0.35
SPRI,2017-08-21 11:05:00 EDT,42.84315,-74.88961,1478,73.3,72.6,73.3,69.2,62.6,0.000,0.004,0.00,0.000,5.7,8.8,1.7,172,14,6.4,9.8,1.7,169,13,5.7,8.8,1.7,172,14,620,28.63,,0,0,0,70.0,68.2,66.0,0.28,0.33,0.35
SPRI,2017-08-21 11:10:00 EDT,42.84315,-74.88961,1478,73.2,72.6,73.2,69.6,62.6,0.000,0.004,0.00,0.000,5.5,7.8,1.2,176,14,6.2,8.6,1.2,173,12,5.5,7.8,1.2,176,14,599,28.62,,0,0,0,70.1,68.2,66.0,0.28,0.32,0.35
SPRI,2017-08-21 11:15:00 EDT,42.84315,-74.88961,1478,73.6,73.0,73.6,68.3,62.5,0.000,0.004,0.00,0.000,5.2,7.5,1.1,188,15,6.0,8.4,1.2,186,14,5.2,7.5,1.1,188,15,729,28.62,,0,0,0,70.3,68.2,66.0,0.28,0.32,0.35
SPRI,2017-08-21 11:20:00 EDT,42.84315,-74.88961,1478,73.5,73.0,73.5,67.6,62.1,0.000,0.004,0.00,0.000,6.0,9.8,1.7,164,13,6.6,10.8,1.9,162,13,6.0,9.8,1.7,164,13,464,28.62,,0,0,0,70.5,68.2,66.0,0.28,0.32,0.35
SPRI,2017-08-21 11:25:00 EDT,42.84315,-74.88961,1478,74.4,73.7,74.4,68.7,63.4,0.000,0.004,0.00,0.000,3.9,7.5,1.1,169,26,4.6,8.9,1.3,166,23,3.9,7.5,1.1,169,26,686,28.62,,0,0,0,70.7,68.2,66.0,0.28,0.32,0.35
SPRI,2017-08-21 11:30:00 EDT,42.84315,-74.88961,1478,74.9,73.9,74.9,65.7,62.6,0.000,0.004,0.00,0.000,6.0,10.4,1.5,152,14,6.5,10.6,1.6,149,15,6.0,10.4,1.5,152,14,713,28.62,,0,0,0,70.7,68.2,66.0,0.28,0.33,0.35
SPRI,2017-08-21 11:35:00 EDT,42.84315,-74.88961,1478,75.2,74.5,75.2,66.9,63.4,0.000,0.004,0.00,0.000,5.4,8.3,1.1,169,15,6.2,10.1,1.3,167,15,5.4,8.3,1.1,169,15,774,28.62,,0,0,0,71.0,68.2,66.0,0.28,0.32,0.35
SPRI,2017-08-21 11:40:00 EDT,42.84315,-74.88961,1478,75.5,74.7,75.5,65.2,63.0,0.000,0.004,0.00,0.000,6.8,10.5,2.1,186,15,7.8,12.1,2.1,183,14,6.8,10.5,2.1,186,15,770,28.62,,0,0,0,71.1,68.2,66.0,0.28,0.32,0.35
SPRI,2017-08-21 11:45:00 EDT,42.84315,-74.88961,1478,75.4,74.5,75.4,65.0,62.8,0.000,0.004,0.00,0.000,6.5,9.6,1.5,161,17,7.3,11.5,1.6,159,18,6.5,9.6,1.5,161,17,795,28.61,,0,0,0,71.4,68.2,66.0,0.28,0.33,0.35
SPRI,2017-08-21 11:50:00 EDT,42.84315,-74.88961,1478,75.5,74.7,75.5,63.9,62.4,0.000,0.004,0.00,0.000,6.5,9.9,1.7,175,11,7.2,11.0,1.8,173,11,6.5,9.9,1.7,175,11,811,28.61,,0,0,0,71.4,68.2,66.0,0.28,0.33,0.35
SPRI,2017-08-21 11:55:00 EDT,42.84315,-74.88961,1478,76.8,75.9,76.8,63.9,63.7,0.000,0.004,0.00,0.000,6.6,14.4,2.9,170,19,7.4,14.3,2.9,167,18,6.6,14.4,2.9,170,19,883,28.61,,0,0,0,71.4,68.2,66.0,0.28,0.33,0.35
SPRI,2017-08-21 12:00:00 EDT,42.84315,-74.88961,1478,76.5,75.6,76.5,61.9,62.5,0.000,0.004,0.00,0.000,7.0,12.5,2.0,186,18,7.7,14.2,2.2,185,16,7.0,12.5,2.0,186,18,898,28.61,,0,0,0,71.7,68.2,66.0,0.28,0.33,0.35
SPRI,2017-08-21 12:05:00 EDT,42.84315,-74.88961,1478,77.3,76.1,77.3,61.8,63.1,0.000,0.004,0.00,0.000,6.6,10.8,1.7,161,17,7.3,12.0,1.7,158,18,6.6,10.8,1.7,161,17,900,28.60,,0,0,0,71.8,68.2,66.0,0.28,0.33,0.35
SPRI,2017-08-21 12:10:00 EDT,42.84315,-74.88961,1478,77.5,76.7,77.5,58.9,62.0,0.000,0.004,0.00,0.000,6.8,11.8,2.4,188,16,7.5,13.8,2.6,186,14,6.8,11.8,2.4,188,16,874,28.60,,0,0,0,72.3,68.2,66.0,0.28,0.33,0.35
SPRI,2017-08-21 12:15:00 EDT,42.84315,-74.88961,1478,77.7,77.0,77.7,57.9,61.7,0.000,0.004,0.00,0.000,9.8,14.2,2.0,193,19,10.7,14.8,1.9,190,18,9.8,14.2,2.0,193,19,854,28.60,,0,0,0,72.4,68.2,66.0,0.28,0.33,0.35
SPRI,2017-08-21 12:20:00 EDT,42.84315,-74.88961,1478,77.3,76.4,77.3,59.2,62.0,0.000,0.004,0.00,0.000,9.3,13.7,2.4,194,16,10.1,15.1,2.3,192,13,9.3,13.7,2.4,194,16,826,28.60,,0,0,0,72.7,68.2,66.0,0.28,0.33,0.35
SPRI,2017-08-21 12:25:00 EDT,42.84315,-74.88961,1478,77.3,76.6,77.3,61.0,62.8,0.000,0.004,0.00,0.000,7.4,12.3,1.5,184,19,8.1,13.2,1.8,181,17,7.4,12.3,1.5,184,19,807,28.60,,0,0,0,73.0,68.2,66.0,0.28,0.33,0.35
SPRI,2017-08-21 12:30:00 EDT,42.84315,-74.88961,1478,77.8,77.2,77.8,57.0,61.3,0.000,0.004,0.00,0.000,7.6,15.0,2.4,219,17,8.0,15.7,2.4,214,16,7.6,15.0,2.4,219,17,825,28.60,,0,0,0,73.1,68.2,66.0,0.28,0.33,0.35
SPRI,2017-08-21 12:35:00 EDT,42.84315,-74.88961,1478,78.1,77.5,78.1,55.2,60.7,0.000,0.004,0.00,0.000,8.5,14.2,2.3,221,16,9.2,14.4,2.4,217,17,8.5,14.2,2.3,221,16,899,28.60,,0,0,0,73.4,68.2,66.0,0.28,0.33,0.35
SPRI,2017-08-21 12:40:00 EDT,42.84315,-74.88961,1478,78.4,77.9,78.4,53.8,60.3,0.000,0.004,0.00,0.000,8.6,14.5,2.3,210,17,9.0,14.9,2.4,206,16,8.6,14.5,2.3,210,17,788,28.60,,0,0,0,73.9,68.2,66.0,0.28,0.33,0.35
SPRI,2017-08-21 12:45:00 EDT,42.84315,-74.88961,1478,78.2,77.9,78.2,52.6,59.5,0.000,0.004,0.00,0.000,7.6,14.7,2.2,224,23,8.3,17.6,2.5,223,24,7.6,14.7,2.2,224,23,542,28.60,,0,0,0,74.0,68.2,66.0,0.28,0.33,0.35
SPRI,2017-08-21 12:50:00 EDT,42.84315,-74.88961,1478,78.0,77.7,78.0,53.1,59.5,0.000,0.004,0.00,0.000,7.5,11.7,1.9,206,19,8.1,13.7,1.9,202,19,7.5,11.7,1.9,206,19,732,28.60,,0,0,0,74.3,68.2,66.0,0.28,0.33,0.35
SPRI,2017-08-21 12:55:00 EDT,42.84315,-74.88961,1478,78.4,77.8,78.4,53.9,60.3,0.000,0.004,0.00,0.000,9.7,17.2,2.9,212,14,10.3,16.9,2.8,207,12,9.7,17.2,2.9,212,14,864,28.60,,0,0,0,74.6,68.2,66.0,0.28,0.33,0.35
SPRI,2017-08-21 13:00:00 EDT,42.84315,-74.88961,1478,77.8,77.5,77.8,56.6,61.2,0.000,0.004,0.00,0.000,8.8,13.4,2.1,204,15,9.4,15.6,2.2,202,12,8.8,13.4,2.1,204,15,420,28.60,,0,0,0,74.7,68.2,66.0,0.28,0.33,0.35
SPRI,2017-08-21 13:05:00 EDT,42.84315,-74.88961,1478,76.9,76.8,76.9,59.5,61.8,0.000,0.004,0.00,0.000,6.7,11.8,2.5,204,20,7.3,12.3,2.5,201,20,6.7,11.8,2.5,204,20,432,28.60,,0,0,0,74.8,68.2,66.0,0.28,0.33,0.35
SPRI,2017-08-21 13:10:00 EDT,42.84315,-74.88961,1478,76.8,76.7,76.8,58.2,61.1,0.000,0.004,0.00,0.000,6.1,10.0,2.0,225,29,6.8,11.5,2.1,222,29,6.1,10.0,2.0,225,29,449,28.60,,0,0,0,75.0,68.2,66.0,0.28,0.33,0.35
SPRI,2017-08-21 13:15:00 EDT,42.84315,-74.88961,1478,76.9,76.8,76.9,57.3,60.7,0.000,0.004,0.00,0.000,5.6,10.1,1.9,227,26,6.1,12.9,2.2,225,26,5.6,10.1,1.9,227,26,517,28.60,,0,0,0,75.1,68.2,66.0,0.28,0.33,0.35
SPRI,2017-08-21 13:20:00 EDT,42.84315,-74.88961,1478,77.4,77.1,77.4,54.4,59.7,0.000,0.004,0.00,0.000,7.3,14.7,2.9,229,21,7.7,15.6,2.9,225,20,7.3,14.7,2.9,229,21,629,28.60,,0,0,0,75.6,68.2,66.0,0.28,0.33,0.35
SPRI,2017-08-21 13:25:00 EDT,42.84315,-74.88961,1478,77.5,77.4,77.5,54.7,59.9,0.000,0.004,0.00,0.000,6.2,11.7,1.8,216,23,6.9,12.5,2.1,214,24,6.2,11.7,1.8,216,23,468,28.60,,0,0,0,75.6,68.2,66.0,0.28,0.33,0.35
SPRI,2017-08-21 13:30:00 EDT,42.84315,-74.88961,1478,77.0,77.0,77.0,53.8,58.9,0.000,0.004,0.00,0.000,7.4,12.7,2.2,221,16,7.8,12.3,2.1,216,15,7.4,12.7,2.2,221,16,478,28.60,,0,0,0,75.6,68.2,66.0,0.28,0.33,0.35
SPRI,2017-08-21 13:35:00 EDT,42.84315,-74.88961,1478,77.4,77.2,77.4,53.0,58.9,0.000,0.004,0.00,0.000,7.6,11.7,2.1,211,17,8.3,11.9,2.0,209,16,7.6,11.7,2.1,211,17,633,28.60,,0,0,0,75.6,68.2,66.0,0.28,0.33,0.35
SPRI,2017-08-21 13:40:00 EDT,42.84315,-74.88961,1478,78.1,77.7,78.1,53.7,60.0,0.000,0.004,0.00,0.000,6.7,11.5,2.0,201,17,7.3,11.5,2.0,199,15,6.7,11.5,2.0,201,17,679,28.60,,0,0,0,75.9,68.2,66.0,0.28,0.33,0.35
SPRI,2017-08-21 13:45:00 EDT,42.84315,-74.88961,1478,78.1,77.8,78.1,53.1,59.7,0.000,0.004,0.00,0.000,7.6,10.6,1.3,204,18,8.1,11.8,1.6,201,16,7.6,10.6,1.3,204,18,557,28.59,,0,0,0,75.9,68.2,66.0,0.28,0.33,0.35
SPRI,2017-08-21 13:50:00 EDT,42.84315,-74.88961,1478,78.1,77.8,78.1,52.8,59.5,0.000,0.004,0.00,0.000,5.1,9.0,1.5,214,20,5.5,8.7,1.5,210,19,5.1,9.0,1.5,214,20,621,28.59,,0,0,0,75.9,68.2,66.0,0.28,0.33,0.35
SPRI,2017-08-21 13:55:00 EDT,42.84315,-74.88961,1478,78.2,77.9,78.2,53.2,59.8,0.000,0.004,0.00,0.000,5.2,11.8,2.6,228,23,5.6,11.8,2.8,226,23,5.2,11.8,2.6,228,23,565,28.59,,0,0,0,75.9,68.2,66.0,0.28,0.33,0.35
SPRI,2017-08-21 14:00:00 EDT,42.84315,-74.88961,1478,78.3,78.1,78.3,54.5,60.6,0.000,0.004,0.00,0.000,7.0,12.1,1.7,210,17,7.4,13.5,2.0,205,16,7.0,12.1,1.7,210,17,521,28.59,,0,0,0,76.4,68.2,66.0,0.28,0.33,0.35
SPRI,2017-08-21 14:05:00 EDT,42.84315,-74.88961,1478,78.4,78.1,78.4,57.0,61.9,0.000,0.004,0.00,0.000,4.2,7.4,1.2,198,19,4.6,7.9,1.4,197,19,4.2,7.4,1.2,198,19,473,28.59,,0,0,0,76.5,68.2,66.0,0.28,0.33,0.35
SPRI,2017-08-21 14:10:00 EDT,42.84315,-74.88961,1478,78.0,78.0,78.0,55.1,60.6,0.000,0.004,0.00,0.000,6.2,10.0,1.7,203,14,6.7,11.0,1.7,199,13,6.2,10.0,1.7,203,14,414,28.59,,0,0,0,76.5,68.2,66.0,0.28,0.33,0.35
SPRI,2017-08-21 14:15:00 EDT,42.84315,-74.88961,1478,77.9,77.9,77.9,53.7,59.8,0.000,0.004,0.00,0.000,4.7,7.6,1.2,209,16,5.0,8.4,1.4,207,16,4.7,7.6,1.2,209,16,311,28.58,,0,0,0,76.5,68.2,66.0,0.28,0.33,0.35
SPRI,2017-08-21 14:20:00 EDT,42.84315,-74.88961,1478,77.5,77.6,77.5,52.3,58.6,0.000,0.004,0.00,0.000,4.0,6.2,1.2,220,22,4.4,7.2,1.4,215,22,4.0,6.2,1.2,220,22,268,28.58,,0,0,0,76.6,68.2,66.0,0.28,0.33,0.35
SPRI,2017-08-21 14:25:00 EDT,42.84315,-74.88961,1478,77.2,77.4,77.2,54.4,59.5,0.000,0.004,0.00,0.000,3.6,6.4,1.2,226,20,3.9,6.8,1.3,223,21,3.6,6.4,1.2,226,20,181,28.58,,0,0,0,76.8,68.2,66.0,0.28,0.33,0.35
SPRI,2017-08-21 14:30:00 EDT,42.84315,-74.88961,1478,76.4,76.8,76.4,58.6,60.8,0.000,0.004,0.00,0.000,3.0,6.3,1.3,218,25,3.4,7.9,1.5,215,27,3.0,6.3,1.3,218,25,200,28.58,,0,0,0,76.8,68.3,66.0,0.28,0.33,0.35
SPRI,2017-08-21 14:35:00 EDT,42.84315,-74.88961,1478,77.0,77.1,77.0,58.5,61.3,0.000,0.004,0.00,0.000,3.2,6.3,1.2,212,16,3.4,6.2,1.1,209,16,3.2,6.3,1.2,212,16,251,28.58,,0,0,0,76.8,68.5,66.0,0.28,0.33,0.35
SPRI,2017-08-21 14:40:00 EDT,42.84315,-74.88961,1478,77.0,77.1,77.0,59.8,61.9,0.000,0.004,0.00,0.000,4.2,6.9,1.0,209,16,4.4,7.5,1.1,207,16,4.2,6.9,1.0,209,16,229,28.58,,0,0,0,76.8,68.5,66.0,0.28,0.33,0.35
SPRI,2017-08-21 14:45:00 EDT,42.84315,-74.88961,1478,76.7,76.9,76.7,59.4,61.5,0.000,0.004,0.00,0.000,5.1,7.2,1.1,222,15,5.3,7.9,1.2,218,15,5.1,7.2,1.1,222,15,224,28.57,,0,0,0,76.8,68.5,66.0,0.28,0.33,0.35
SPRI,2017-08-21 14:50:00 EDT,42.84315,-74.88961,1478,76.7,76.9,76.7,60.8,62.1,0.000,0.004,0.00,0.000,4.3,7.1,1.2,212,12,4.5,7.4,1.1,208,11,4.3,7.1,1.2,212,12,224,28.57,,0,0,0,76.8,68.5,66.0,0.28,0.33,0.35
SPRI,2017-08-21 14:55:00 EDT,42.84315,-74.88961,1478,76.7,76.8,76.7,61.1,62.3,0.000,0.004,0.00,0.000,3.6,5.3,0.9,206,12,3.8,5.7,0.9,202,12,3.6,5.3,0.9,206,12,254,28.57,,0,0,0,76.8,68.5,66.0,0.28,0.33,0.35
SPRI,2017-08-21 15:00:00 EDT,42.84315,-74.88961,1478,76.8,76.9,76.8,61.3,62.4,0.000,0.004,0.00,0.000,4.1,7.1,1.1,220,14,4.4,6.8,1.1,217,13,4.1,7.1,1.1,220,14,290,28.57,,0,0,0,76.8,68.5,66.0,0.28,0.33,0.35
SPRI,2017-08-21 15:05:00 EDT,42.84315,-74.88961,1478,76.9,77.0,76.9,62.0,62.9,0.000,0.004,0.00,0.000,3.5,6.1,0.9,205,12,3.8,6.6,0.8,201,13,3.5,6.1,0.9,205,12,277,28.57,,0,0,0,76.8,68.5,66.0,0.28,0.33,0.35
SPRI,2017-08-21 15:10:00 EDT,42.84315,-74.88961,1478,77.1,77.1,77.1,61.3,62.7,0.000,0.004,0.00,0.000,5.3,8.0,1.1,206,12,5.7,7.9,1.1,202,12,5.3,8.0,1.1,206,12,340,28.57,,0,0,0,76.8,68.5,66.0,0.28,0.33,0.35
SPRI,2017-08-21 15:15:00 EDT,42.84315,-74.88961,1478,77.3,77.3,77.3,60.5,62.6,0.000,0.004,0.00,0.000,5.6,10.0,2.0,197,12,6.0,10.8,2.0,194,11,5.6,10.0,2.0,197,12,379,28.57,,0,0,0,76.6,68.5,66.0,0.28,0.32,0.35
SPRI,2017-08-21 15:20:00 EDT,42.84315,-74.88961,1478,77.5,77.4,77.5,58.3,61.7,0.000,0.004,0.00,0.000,6.3,10.1,1.7,194,12,6.9,10.3,1.6,191,12,6.3,10.1,1.7,194,12,425,28.56,,0,0,0,76.5,68.5,66.0,0.27,0.33,0.35
SPRI,2017-08-21 15:25:00 EDT,42.84315,-74.88961,1478,77.7,77.6,77.7,57.6,61.6,0.000,0.004,0.00,0.000,6.3,9.9,1.5,201,13,6.7,11.6,1.7,199,11,6.3,9.9,1.5,201,13,444,28.57,,0,0,0,76.5,68.5,66.0,0.28,0.32,0.35
SPRI,2017-08-21 15:30:00 EDT,42.84315,-74.88961,1478,77.8,77.7,77.8,58.3,62.0,0.000,0.004,0.00,0.000,5.9,8.0,1.2,206,14,6.2,8.8,1.3,202,13,5.9,8.0,1.2,206,14,452,28.57,,0,0,0,76.5,68.5,66.0,0.28,0.33,0.35
SPRI,2017-08-21 15:35:00 EDT,42.84315,-74.88961,1478,78.1,77.9,78.1,57.9,62.0,0.000,0.004,0.00,0.000,6.2,9.3,1.5,210,15,6.6,10.3,1.6,207,12,6.2,9.3,1.5,210,15,505,28.57,,0,0,0,76.5,68.5,66.0,0.27,0.33,0.35
SPRI,2017-08-21 15:40:00 EDT,42.84315,-74.88961,1478,78.3,78.1,78.3,57.2,61.9,0.000,0.004,0.00,0.000,5.5,8.9,1.5,210,17,6.0,9.9,1.5,206,16,5.5,8.9,1.5,210,17,516,28.57,,0,0,0,76.5,68.5,66.0,0.28,0.33,0.35
SPRI,2017-08-21 15:45:00 EDT,42.84315,-74.88961,1478,78.1,77.8,78.1,57.4,61.9,0.000,0.004,0.00,0.000,6.2,9.6,1.9,218,13,6.3,10.5,1.9,214,13,6.2,9.6,1.9,218,13,546,28.57,,0,0,0,76.5,68.5,66.0,0.28,0.32,0.35
SPRI,2017-08-21 15:50:00 EDT,42.84315,-74.88961,1478,78.9,78.5,78.9,58.7,63.2,0.000,0.004,0.00,0.000,5.6,10.7,2.0,199,15,6.3,11.8,2.2,195,12,5.6,10.7,2.0,199,15,557,28.57,,0,0,0,76.5,68.5,66.0,0.28,0.32,0.35
SPRI,2017-08-21 15:55:00 EDT,42.84315,-74.88961,1478,78.6,78.2,78.6,58.3,62.8,0.000,0.004,0.00,0.000,4.5,11.8,2.4,217,17,4.8,12.2,2.4,214,18,4.5,11.8,2.4,217,17,560,28.56,,0,0,0,76.6,68.5,66.0,0.28,0.32,0.35
SPRI,2017-08-21 16:00:00 EDT,42.84315,-74.88961,1478,78.8,78.4,78.8,58.7,63.1,0.000,0.004,0.00,0.000,5.8,10.3,2.1,225,21,6.3,12.1,2.0,223,24,5.8,10.3,2.1,225,21,556,28.56,,0,0,0,76.8,68.5,66.0,0.28,0.32,0.35
SPRI,2017-08-21 16:05:00 EDT,42.84315,-74.88961,1478,78.7,78.4,78.7,59.2,63.3,0.000,0.004,0.00,0.000,6.3,10.4,1.6,208,14,6.7,11.6,1.7,204,13,6.3,10.4,1.6,208,14,554,28.56,,0,0,0,76.8,68.5,66.0,0.28,0.32,0.35
SPRI,2017-08-21 16:10:00 EDT,42.84315,-74.88961,1478,78.9,78.6,78.9,59.8,63.8,0.000,0.004,0.00,0.000,6.1,8.8,1.6,223,17,6.4,10.1,1.5,220,17,6.1,8.8,1.6,223,17,531,28.56,,0,0,0,76.8,68.5,66.0,0.28,0.32,0.35
SPRI,2017-08-21 16:15:00 EDT,42.84315,-74.88961,1478,78.8,78.6,78.8,59.7,63.7,0.000,0.004,0.00,0.000,6.3,12.0,1.8,223,11,6.7,12.7,1.7,219,11,6.3,12.0,1.8,223,11,507,28.56,,0,0,0,76.8,68.5,66.0,0.28,0.32,0.35
SPRI,2017-08-21 16:20:00 EDT,42.84315,-74.88961,1478,79.2,79.0,79.2,59.2,63.7,0.000,0.004,0.00,0.000,6.0,10.4,2.0,213,15,6.6,11.3,1.9,211,13,6.0,10.4,2.0,213,15,506,28.56,,0,0,0,76.8,68.6,66.0,0.28,0.33,0.35
SPRI,2017-08-21 16:25:00 EDT,42.84315,-74.88961,1478,79.1,79.0,79.1,58.5,63.3,0.000,0.004,0.00,0.000,8.1,11.0,1.3,216,18,8.4,10.7,1.3,213,18,8.1,11.0,1.3,216,18,498,28.56,,0,0,0,77.0,68.7,66.0,0.28,0.32,0.35
SPRI,2017-08-21 16:30:00 EDT,42.84315,-74.88961,1478,79.2,79.1,79.2,58.7,63.5,0.000,0.004,0.00,0.000,5.2,8.6,1.8,213,22,5.6,9.3,1.8,210,21,5.2,8.6,1.8,213,22,473,28.55,,0,0,0,77.2,68.9,66.0,0.28,0.32,0.35
SPRI,2017-08-21 16:35:00 EDT,42.84315,-74.88961,1478,79.6,79.4,79.6,58.7,63.8,0.000,0.004,0.00,0.000,6.3,12.6,2.2,202,17,7.0,14.3,2.4,198,15,6.3,12.6,2.2,202,17,491,28.55,,0,0,0,77.2,68.9,66.0,0.28,0.32,0.35
SPRI,2017-08-21 16:40:00 EDT,42.84315,-74.88961,1478,79.3,79.2,79.3,58.3,63.4,0.000,0.004,0.00,0.000,7.8,11.6,2.1,217,16,8.1,13.4,2.1,214,16,7.8,11.6,2.1,217,16,467,28.55,,0,0,0,77.2,68.9,66.0,0.28,0.32,0.35
SPRI,2017-08-21 16:45:00 EDT,42.84315,-74.88961,1478,79.2,79.1,79.2,59.2,63.8,0.000,0.004,0.00,0.000,6.7,9.5,1.3,199,13,7.2,10.6,1.6,196,12,6.7,9.5,1.3,199,13,442,28.55,,0,0,0,77.2,68.9,66.0,0.28,0.32,0.35
SPRI,2017-08-21 16:50:00 EDT,42.84315,-74.88961,1478,79.3,79.2,79.3,59.3,63.9,0.000,0.004,0.00,0.000,7.5,11.5,1.8,210,12,7.8,11.9,2.0,206,12,7.5,11.5,1.8,210,12,439,28.55,,0,0,0,77.2,68.9,66.0,0.28,0.32,0.35
SPRI,2017-08-21 16:55:00 EDT,42.84315,-74.88961,1478,78.8,78.9,78.8,60.1,63.7,0.000,0.004,0.00,0.000,5.4,8.8,1.5,226,23,6.0,10.3,1.7,222,25,5.4,8.8,1.5,226,23,194,28.55,,0,0,0,77.2,68.9,66.0,0.28,0.32,0.35
SPRI,2017-08-21 17:00:00 EDT,42.84315,-74.88961,1478,78.6,78.6,78.6,60.4,63.8,0.000,0.004,0.00,0.000,6.5,10.7,1.8,221,17,6.5,11.3,2.1,218,16,6.5,10.7,1.8,221,17,417,28.55,,0,0,0,77.2,68.9,66.0,0.28,0.32,0.35
SPRI,2017-08-21 17:05:00 EDT,42.84315,-74.88961,1478,78.9,78.9,78.9,60.1,63.9,0.000,0.004,0.00,0.000,6.4,13.8,2.0,214,18,6.9,16.8,2.2,211,18,6.4,13.8,2.0,214,18,320,28.55,,0,0,0,77.2,68.9,66.0,0.28,0.32,0.35
SPRI,2017-08-21 17:10:00 EDT,42.84315,-74.88961,1478,78.6,78.7,78.6,60.2,63.7,0.000,0.004,0.00,0.000,8.2,13.3,2.2,207,13,8.8,14.4,2.1,204,12,8.2,13.3,2.2,207,13,355,28.55,,0,0,0,77.2,68.9,66.0,0.27,0.32,0.35
SPRI,2017-08-21 17:15:00 EDT,42.84315,-74.88961,1478,78.8,78.8,78.8,60.1,63.8,0.000,0.004,0.00,0.000,8.2,14.2,2.5,207,16,8.8,15.3,2.4,203,14,8.2,14.2,2.5,207,16,382,28.55,,0,0,0,77.2,68.9,66.0,0.28,0.32,0.35
SPRI,2017-08-21 17:20:00 EDT,42.84315,-74.88961,1478,78.8,78.9,78.8,60.6,64.1,0.000,0.004,0.00,0.000,6.5,10.0,1.5,214,12,6.8,10.8,1.4,210,11,6.5,10.0,1.5,214,12,339,28.55,,0,0,0,77.2,68.9,66.0,0.27,0.32,0.35
SPRI,2017-08-21 17:25:00 EDT,42.84315,-74.88961,1478,79.2,79.2,79.2,60.2,64.3,0.000,0.004,0.00,0.000,4.4,8.7,1.7,223,23,4.9,9.3,1.7,219,23,4.4,8.7,1.7,223,23,371,28.55,,0,0,0,77.2,68.9,66.0,0.27,0.32,0.35
SPRI,2017-08-21 17:30:00 EDT,42.84315,-74.88961,1478,79.2,79.2,79.2,59.3,63.7,0.000,0.004,0.00,0.000,6.5,10.2,1.9,222,21,7.0,11.4,2.1,219,20,6.5,10.2,1.9,222,21,346,28.55,,0,0,0,77.2,68.9,66.0,0.27,0.32,0.35
SPRI,2017-08-21 17:35:00 EDT,42.84315,-74.88961,1478,79.0,79.0,79.0,59.7,63.8,0.000,0.004,0.00,0.000,5.3,10.8,2.1,227,23,5.9,11.6,2.1,224,24,5.3,10.8,2.1,227,23,320,28.55,,0,0,0,77.2,68.9,66.0,0.27,0.32,0.35
SPRI,2017-08-21 17:40:00 EDT,42.84315,-74.88961,1478,78.5,78.7,78.5,59.3,63.2,0.000,0.004,0.00,0.000,7.1,11.8,1.9,210,16,7.5,12.8,1.9,206,13,7.1,11.8,1.9,210,16,237,28.55,,0,0,0,77.2,68.9,66.0,0.27,0.32,0.35
SPRI,2017-08-21 17:45:00 EDT,42.84315,-74.88961,1478,78.3,78.4,78.3,60.5,63.5,0.000,0.004,0.00,0.000,6.1,9.9,1.5,211,13,6.6,9.7,1.5,209,11,6.1,9.9,1.5,211,13,319,28.55,,0,0,0,77.2,69.1,66.0,0.27,0.32,0.35
SPRI,2017-08-21 17:50:00 EDT,42.84315,-74.88961,1478,78.4,78.5,78.4,60.4,63.6,0.000,0.004,0.00,0.000,4.5,7.2,1.1,212,19,4.8,8.0,1.1,208,18,4.5,7.2,1.1,212,19,292,28.54,,0,0,0,77.2,69.2,66.0,0.28,0.32,0.35
SPRI,2017-08-21 17:55:00 EDT,42.84315,-74.88961,1478,78.2,78.3,78.2,60.6,63.5,0.000,0.004,0.00,0.000,4.4,6.6,0.9,213,16,4.6,7.4,1.0,209,17,4.4,6.6,0.9,213,16,256,28.54,,0,0,0,77.2,69.2,66.0,0.27,0.32,0.35
SPRI,2017-08-21 18:00:00 EDT,42.84315,-74.88961,1478,78.3,78.5,78.3,61.2,63.8,0.000,0.004,0.00,0.000,6.2,13.3,2.8,206,16,6.6,13.4,2.9,202,15,6.2,13.3,2.8,206,16,233,28.54,,0,0,0,77.2,69.2,66.0,0.28,0.32,0.35
SPRI,2017-08-21 18:05:00 EDT,42.84315,-74.88961,1478,77.9,78.2,77.9,62.0,63.8,0.000,0.004,0.00,0.000,6.7,10.8,1.6,210,15,7.2,10.4,1.6,207,14,6.7,10.8,1.6,210,15,168,28.54,,0,0,0,77.1,69.3,66.0,0.28,0.32,0.35
SPRI,2017-08-21 18:10:00 EDT,42.84315,-74.88961,1478,77.7,78.0,77.7,62.4,63.9,0.000,0.004,0.00,0.000,5.9,10.7,1.5,219,15,6.3,10.5,1.5,215,15,5.9,10.7,1.5,219,15,200,28.54,,0,0,0,76.9,69.3,66.0,0.28,0.32,0.35
SPRI,2017-08-21 18:15:00 EDT,42.84315,-74.88961,1478,77.8,78.1,77.8,62.2,63.8,0.000,0.004,0.00,0.000,5.4,8.4,1.2,215,18,5.8,9.2,1.3,212,17,5.4,8.4,1.2,215,18,187,28.54,,0,0,0,76.8,69.3,66.0,0.27,0.32,0.35
SPRI,2017-08-21 18:20:00 EDT,42.84315,-74.88961,1478,77.5,77.9,77.5,63.1,63.9,0.000,0.004,0.00,0.000,4.9,6.9,1.1,210,15,5.1,8.3,1.0,206,15,4.9,6.9,1.1,210,15,69,28.54,,0,0,0,76.8,69.3,66.0,0.27,0.32,0.35
SPRI,2017-08-21 18:25:00 EDT,42.84315,-74.88961,1478,76.9,77.5,76.9,64.4,64.0,0.000,0.004,0.00,0.000,4.8,7.9,1.6,221,19,5.1,8.3,1.6,218,17,4.8,7.9,1.6,221,19,91,28.53,,0,0,0,76.8,69.3,66.0,0.27,0.33,0.35
SPRI,2017-08-21 18:30:00 EDT,42.84315,-74.88961,1478,76.9,77.5,76.9,65.3,64.4,0.000,0.004,0.00,0.000,4.2,7.4,1.1,212,16,4.5,7.9,1.3,208,17,4.2,7.4,1.1,212,16,147,28.53,,0,0,0,76.8,69.3,66.0,0.27,0.33,0.35
SPRI,2017-08-21 18:35:00 EDT,42.84315,-74.88961,1478,76.8,77.6,76.8,66.0,64.6,0.000,0.004,0.00,0.000,5.1,9.0,1.3,216,16,5.3,9.1,1.4,212,17,5.1,9.0,1.3,216,16,62,28.53,,0,0,0,76.5,69.3,66.0,0.27,0.33,0.35
SPRI,2017-08-21 18:40:00 EDT,42.84315,-74.88961,1478,76.6,77.5,76.6,66.5,64.6,0.000,0.004,0.00,0.000,4.9,9.4,1.4,218,15,5.4,9.9,1.5,215,14,4.9,9.4,1.4,218,15,48,28.53,,0,0,0,76.5,69.3,66.0,0.27,0.33,0.35
SPRI,2017-08-21 18:45:00 EDT,42.84315,-74.88961,1478,76.8,77.4,76.8,66.0,64.6,0.000,0.004,0.00,0.000,7.1,12.6,2.0,214,14,7.4,13.0,1.9,210,13,7.1,12.6,2.0,214,14,46,28.53,,0,0,0,76.5,69.3,66.0,0.27,0.33,0.35
SPRI,2017-08-21 18:50:00 EDT,42.84315,-74.88961,1478,76.7,77.3,76.7,66.8,64.8,0.000,0.004,0.00,0.000,5.9,11.4,1.9,212,16,6.3,10.2,1.7,210,16,5.9,11.4,1.9,212,16,43,28.53,,0,0,0,76.5,69.3,66.0,0.28,0.33,0.35
SPRI,2017-08-21 18:55:00 EDT,42.84315,-74.88961,1478,76.5,77.0,76.5,67.4,64.9,0.000,0.004,0.00,0.000,5.7,10.4,1.4,217,13,5.7,10.6,1.5,213,14,5.7,10.4,1.4,217,13,39,28.53,,0,0,0,76.0,69.3,66.0,0.28,0.33,0.35
SPRI,2017-08-21 19:00:00 EDT,42.84315,-74.88961,1478,76.5,76.9,76.5,67.3,64.8,0.000,0.004,0.00,0.000,5.8,8.7,1.3,217,12,6.1,9.3,1.3,214,11,5.8,8.7,1.3,217,12,35,28.53,,0,0,0,75.9,69.3,66.0,0.28,0.32,0.35
SPRI,2017-08-21 19:05:00 EDT,42.84315,-74.88961,1478,76.3,76.8,76.3,67.9,64.9,0.000,0.004,0.00,0.000,5.4,8.3,1.1,214,11,5.4,8.5,1.2,210,12,5.4,8.3,1.1,214,11,33,28.54,,0,0,0,75.9,69.3,66.0,0.28,0.32,0.35
SPRI,2017-08-21 19:10:00 EDT,42.84315,-74.88961,1478,75.9,76.5,75.9,69.1,65.0,0.000,0.004,0.00,0.000,4.8,8.0,1.3,217,17,5.1,8.5,1.4,214,16,4.8,8.0,1.3,217,17,29,28.53,,0,0,0,75.7,69.3,66.0,0.28,0.32,0.35
SPRI,2017-08-21 19:15:00 EDT,42.84315,-74.88961,1478,75.8,76.4,75.8,69.6,65.1,0.000,0.004,0.00,0.000,5.0,7.9,0.9,223,15,5.1,7.7,1.0,219,14,5.0,7.9,0.9,223,15,23,28.53,,0,0,0,75.6,69.3,66.0,0.28,0.32,0.35
SPRI,2017-08-21 19:20:00 EDT,42.84315,-74.88961,1478,75.5,76.1,75.5,70.3,65.1,0.000,0.004,0.00,0.000,3.4,6.6,1.0,222,15,3.6,6.4,1.1,220,15,3.4,6.6,1.0,222,15,17,28.54,,0,0,0,75.6,69.3,66.0,0.28,0.32,0.35
SPRI,2017-08-21 19:25:00 EDT,42.84315,-74.88961,1478,74.4,75.7,74.4,73.2,65.2,0.000,0.004,0.00,0.000,2.8,4.7,0.6,216,16,2.9,4.7,0.7,213,14,2.8,4.7,0.6,216,16,13,28.54,,0,0,0,75.5,69.3,66.0,0.28,0.32,0.35
SPRI,2017-08-21 19:30:00 EDT,42.84315,-74.88961,1478,74.2,75.5,74.2,73.8,65.3,0.000,0.004,0.00,0.000,4.1,6.1,1.1,218,13,4.3,7.8,1.3,215,12,4.1,6.1,1.1,218,13,13,28.54,,0,0,0,75.3,69.3,66.0,0.28,0.32,0.35
SPRI,2017-08-21 19:35:00 EDT,42.84315,-74.88961,1478,74.5,75.5,74.5,73.0,65.3,0.000,0.004,0.00,0.000,3.7,5.2,0.5,216,12,3.7,5.2,0.7,214,11,3.7,5.2,0.5,216,12,12,28.54,,0,0,0,75.0,69.4,66.0,0.27,0.32,0.35
SPRI,2017-08-21 19:40:00 EDT,42.84315,-74.88961,1478,74.4,75.4,74.4,73.3,65.3,0.000,0.004,0.00,0.000,4.3,6.6,1.2,217,15,4.6,8.2,1.2,215,16,4.3,6.6,1.2,217,15,8,28.54,,0,0,0,75.0,69.6,66.0,0.27,0.32,0.35
SPRI,2017-08-21 19:45:00 EDT,42.84315,-74.88961,1478,74.1,75.3,74.1,74.1,65.4,0.000,0.004,0.00,0.000,4.3,8.4,1.0,218,10,4.3,9.1,1.1,215,10,4.3,8.4,1.0,218,10,5,28.54,,0,0,0,74.8,69.6,66.0,0.27,0.32,0.35
SPRI,2017-08-21 19:50:00 EDT,42.84315,-74.88961,1478,74.2,75.3,74.2,74.0,65.4,0.000,0.004,0.00,0.000,4.4,6.9,0.9,213,14,4.7,7.1,0.8,210,13,4.4,6.9,0.9,213,14,3,28.54,,0,0,0,74.7,69.6,66.0,0.27,0.32,0.35
SPRI,2017-08-21 19:55:00 EDT,42.84315,-74.88961,1478,74.0,75.1,74.0,74.5,65.3,0.000,0.004,0.00,0.000,4.2,7.7,1.3,218,16,4.3,8.7,1.4,214,15,4.2,7.7,1.3,218,16,2,28.54,,0,0,0,74.7,69.6,66.0,0.27,0.32,0.35
SPRI,2017-08-21 20:00:00 EDT,42.84315,-74.88961,1478,73.6,74.7,73.6,75.3,65.3,0.000,0.004,0.00,0.000,3.3,4.9,0.9,225,19,3.6,5.6,1.0,223,19,3.3,4.9,0.9,225,19,1,28.54,,0,0,0,74.7,69.6,66.0,0.27,0.32,0.35
SPRI,2017-08-21 20:05:00 EDT,42.84315,-74.88961,1478,73.3,74.8,73.3,76.4,65.4,0.000,0.004,0.00,0.000,3.5,5.0,0.8,221,15,3.7,5.9,1.0,219,16,3.5,5.0,0.8,221,15,1,28.54,,0,0,0,74.6,69.6,66.0,0.27,0.32,0.35
SPRI,2017-08-21 20:10:00 EDT,42.84315,-74.88961,1478,72.9,74.6,72.9,77.3,65.4,0.000,0.004,0.00,0.000,3.1,5.0,0.7,214,12,3.2,5.5,0.8,210,13,3.1,5.0,0.7,214,12,0,28.54,,0,0,0,74.3,69.6,66.0,0.27,0.32,0.35
SPRI,2017-08-21 20:15:00 EDT,42.84315,-74.88961,1478,72.3,74.3,72.3,79.0,65.5,0.000,0.004,0.00,0.000,2.9,4.1,0.6,205,14,3.2,4.6,0.8,201,13,2.9,4.1,0.6,205,14,0,28.54,,0,0,0,74.3,69.6,66.0,0.27,0.32,0.35
SPRI,2017-08-21 20:20:00 EDT,42.84315,-74.88961,1478,72.5,74.4,72.5,78.9,65.5,0.000,0.004,0.00,0.000,3.6,5.8,1.0,217,10,3.9,6.2,1.0,213,9,3.6,5.8,1.0,217,10,0,28.54,,0,0,0,74.2,69.6,66.0,0.27,0.32,0.35
SPRI,2017-08-21 20:25:00 EDT,42.84315,-74.88961,1478,72.7,74.4,72.7,78.7,65.7,0.000,0.004,0.00,0.000,2.5,4.4,0.5,204,17,2.7,5.4,0.7,200,18,2.5,4.4,0.5,204,17,0,28.54,,0,0,0,74.0,69.6,66.0,0.27,0.32,0.35
SPRI,2017-08-21 20:30:00 EDT,42.84315,-74.88961,1478,72.7,74.2,72.7,78.6,65.7,0.000,0.004,0.00,0.000,2.3,4.6,1.1,196,12,2.6,5.0,1.1,192,11,2.3,4.6,1.1,196,12,0,28.54,,0,0,0,73.9,69.6,66.0,0.27,0.32,0.35
SPRI,2017-08-21 20:35:00 EDT,42.84315,-74.88961,1478,71.4,73.5,71.4,81.1,65.3,0.000,0.004,0.00,0.000,1.5,3.2,0.7,188,29,2.0,3.8,0.7,186,31,1.5,3.2,0.7,188,29,0,28.54,,0,0,0,73.9,69.6,66.0,0.27,0.32,0.35
SPRI,2017-08-21 20:40:00 EDT,42.84315,-74.88961,1478,71.2,73.4,71.2,82.5,65.6,0.000,0.004,0.00,0.000,1.5,3.4,1.0,208,12,1.9,4.1,0.9,204,15,1.5,3.4,1.0,208,12,0,28.54,,0,0,0,73.9,69.6,66.0,0.27,0.32,0.35
SPRI,2017-08-21 20:45:00 EDT,42.84315,-74.88961,1478,72.0,73.7,72.0,82.2,66.2,0.000,0.004,0.00,0.000,3.4,5.2,0.8,212,11,3.5,5.2,0.9,210,11,3.4,5.2,0.8,212,11,0,28.54,,0,0,0,73.6,69.6,66.0,0.27,0.32,0.35
SPRI,2017-08-21 20:50:00 EDT,42.84315,-74.88961,1478,72.1,73.6,72.1,81.2,66.0,0.000,0.004,0.00,0.000,2.6,5.0,0.9,215,21,3.0,5.6,0.9,215,20,2.6,5.0,0.9,215,21,0,28.53,,0,0,0,73.4,69.6,66.0,0.27,0.32,0.35
SPRI,2017-08-21 20:55:00 EDT,42.84315,-74.88961,1478,71.9,73.4,71.9,81.1,65.8,0.000,0.004,0.00,0.000,3.9,5.6,0.7,209,12,4.3,6.4,0.8,205,11,3.9,5.6,0.7,209,12,0,28.54,,0,0,0,73.4,69.6,66.0,0.27,0.32,0.35
SPRI,2017-08-21 21:00:00 EDT,42.84315,-74.88961,1478,71.9,73.0,71.9,81.2,65.8,0.000,0.004,0.00,0.000,3.4,5.2,0.8,202,12,3.6,5.8,0.9,199,12,3.4,5.2,0.8,202,12,0,28.54,,0,0,0,73.3,69.6,66.0,0.27,0.32,0.35
SPRI,2017-08-21 21:05:00 EDT,42.84315,-74.88961,1478,71.8,72.6,71.8,81.6,65.9,0.000,0.004,0.00,0.000,3.3,4.5,0.6,205,10,3.6,5.3,0.7,201,10,3.3,4.5,0.6,205,10,0,28.54,,0,0,0,73.1,69.6,66.0,0.27,0.32,0.35
SPRI,2017-08-21 21:10:00 EDT,42.84315,-74.88961,1478,71.6,72.6,71.6,81.9,65.7,0.000,0.004,0.00,0.000,3.9,6.3,0.9,214,10,4.0,7.6,1.0,212,11,3.9,6.3,0.9,214,10,0,28.54,,0,0,0,73.0,69.6,66.0,0.27,0.32,0.35
SPRI,2017-08-21 21:15:00 EDT,42.84315,-74.88961,1478,71.8,72.6,71.8,81.9,66.0,0.000,0.004,0.00,0.000,3.7,5.7,0.8,197,14,4.0,6.2,0.9,194,13,3.7,5.7,0.8,197,14,0,28.54,,0,0,0,73.0,69.6,66.0,0.27,0.32,0.35
SPRI,2017-08-21 21:20:00 EDT,42.84315,-74.88961,1478,71.9,72.7,71.9,80.7,65.7,0.000,0.004,0.00,0.000,5.2,9.4,1.6,197,14,5.6,10.2,1.9,194,12,5.2,9.4,1.6,197,14,0,28.54,,0,0,0,73.0,69.6,66.0,0.27,0.32,0.35
SPRI,2017-08-21 21:25:00 EDT,42.84315,-74.88961,1478,72.3,73.0,72.3,78.0,65.1,0.000,0.004,0.00,0.000,5.5,8.6,1.4,200,11,5.8,9.6,1.5,197,11,5.5,8.6,1.4,200,11,0,28.54,,0,0,0,72.8,69.6,66.0,0.27,0.32,0.35
SPRI,2017-08-21 21:30:00 EDT,42.84315,-74.88961,1478,71.9,72.6,71.9,78.4,64.8,0.000,0.004,0.00,0.000,4.9,8.3,1.1,198,13,5.4,8.5,1.2,195,11,4.9,8.3,1.1,198,13,0,28.54,,0,0,0,72.7,69.6,66.0,0.27,0.32,0.35
SPRI,2017-08-21 21:35:00 EDT,42.84315,-74.88961,1478,71.9,72.4,71.9,78.8,65.0,0.000,0.004,0.00,0.000,5.0,6.9,1.0,189,11,5.4,8.0,1.1,187,9,5.0,6.9,1.0,189,11,0,28.54,,0,0,0,72.7,69.6,66.0,0.27,0.32,0.35
SPRI,2017-08-21 21:40:00 EDT,42.84315,-74.88961,1478,71.5,72.0,71.5,80.7,65.2,0.000,0.004,0.00,0.000,5.1,9.1,1.3,189,13,5.5,10.6,1.4,187,10,5.1,9.1,1.3,189,13,0,28.54,,0,0,0,72.7,69.6,66.0,0.27,0.32,0.35
SPRI,2017-08-21 21:45:00 EDT,42.84315,-74.88961,1478,71.4,71.9,71.4,79.6,64.7,0.000,0.004,0.00,0.000,5.6,8.8,1.2,194,14,6.2,9.5,1.2,192,13,5.6,8.8,1.2,194,14,0,28.54,,0,0,0,72.6,69.6,66.0,0.27,0.32,0.35
SPRI,2017-08-21 21:50:00 EDT,42.84315,-74.88961,1478,71.1,71.8,71.1,79.0,64.2,0.000,0.004,0.00,0.000,5.2,8.8,1.3,209,14,5.6,9.7,1.4,207,12,5.2,8.8,1.3,209,14,0,28.54,,0,0,0,72.3,69.6,66.0,0.27,0.32,0.35
SPRI,2017-08-21 21:55:00 EDT,42.84315,-74.88961,1478,71.1,71.7,71.1,77.5,63.7,0.000,0.004,0.00,0.000,3.2,6.0,1.1,223,22,3.5,6.4,1.2,220,20,3.2,6.0,1.1,223,22,0,28.54,,0,0,0,72.3,69.7,66.0,0.27,0.32,0.35
SPRI,2017-08-21 22:00:00 EDT,42.84315,-74.88961,1478,70.4,71.4,70.4,77.9,63.2,0.000,0.004,0.00,0.000,3.3,5.2,0.8,229,19,3.5,5.5,1.0,225,18,3.3,5.2,0.8,229,19,0,28.54,,0,0,0,72.3,69.7,66.0,0.27,0.32,0.35
SPRI,2017-08-21 22:05:00 EDT,42.84315,-74.88961,1478,70.3,71.2,70.3,77.8,63.1,0.000,0.004,0.00,0.000,2.8,5.4,1.2,212,14,3.1,6.2,1.2,211,14,2.8,5.4,1.2,212,14,0,28.54,,0,0,0,72.3,69.7,66.0,0.27,0.32,0.35
SPRI,2017-08-21 22:10:00 EDT,42.84315,-74.88961,1478,70.5,71.3,70.5,76.2,62.7,0.000,0.004,0.00,0.000,3.9,7.1,0.9,221,20,4.2,7.7,1.0,219,20,3.9,7.1,0.9,221,20,0,28.54,,0,0,0,72.3,69.8,66.0,0.27,0.32,0.35
SPRI,2017-08-21 22:15:00 EDT,42.84315,-74.88961,1478,70.6,71.4,70.6,74.7,62.1,0.000,0.004,0.00,0.000,4.0,7.7,1.3,222,20,4.3,8.1,1.4,219,19,4.0,7.7,1.3,222,20,0,28.54,,0,0,0,72.1,69.9,66.0,0.27,0.32,0.35
SPRI,2017-08-21 22:20:00 EDT,42.84315,-74.88961,1478,70.9,71.6,70.9,73.5,62.0,0.000,0.004,0.00,0.000,4.5,7.7,0.9,209,16,4.6,8.1,1.0,207,14,4.5,7.7,0.9,209,16,0,28.54,,0,0,0,71.8,69.9,66.0,0.27,0.32,0.35
SPRI,2017-08-21 22:25:00 EDT,42.84315,-74.88961,1478,70.8,71.5,70.8,73.2,61.8,0.000,0.004,0.00,0.000,4.8,8.8,1.6,227,18,5.1,9.9,1.7,223,16,4.8,8.8,1.6,227,18,0,28.54,,0,0,0,71.8,69.9,66.0,0.27,0.32,0.35
SPRI,2017-08-21 22:30:00 EDT,42.84315,-74.88961,1478,70.3,71.1,70.3,74.4,61.7,0.000,0.004,0.00,0.000,3.2,7.5,1.4,228,24,3.7,9.1,1.4,225,25,3.2,7.5,1.4,228,24,0,28.54,,0,0,0,71.8,69.9,66.0,0.27,0.32,0.35
SPRI,2017-08-21 22:35:00 EDT,42.84315,-74.88961,1478,70.6,71.2,70.6,74.5,62.1,0.000,0.004,0.00,0.000,5.4,10.3,2.4,226,18,5.6,10.7,2.5,223,17,5.4,10.3,2.4,226,18,0,28.54,,0,0,0,71.8,69.9,66.0,0.27,0.32,0.35
SPRI,2017-08-21 22:40:00 EDT,42.84315,-74.88961,1478,70.6,71.2,70.6,74.5,62.1,0.000,0.004,0.00,0.000,4.9,7.9,1.4,217,16,5.2,9.2,1.4,213,15,4.9,7.9,1.4,217,16,0,28.54,,0,0,0,71.6,70.0,66.0,0.27,0.32,0.35
SPRI,2017-08-21 22:45:00 EDT,42.84315,-74.88961,1478,70.6,71.1,70.6,74.7,62.2,0.000,0.004,0.00,0.000,5.3,9.1,1.8,215,19,5.7,9.9,1.8,212,16,5.3,9.1,1.8,215,19,0,28.54,,0,0,0,71.4,69.9,66.0,0.27,0.32,0.35
SPRI,2017-08-21 22:50:00 EDT,42.84315,-74.88961,1478,70.6,71.1,70.6,75.1,62.3,0.000,0.004,0.00,0.000,5.4,8.5,1.3,220,18,5.6,9.3,1.5,216,18,5.4,8.5,1.3,220,18,0,28.54,,0,0,0,71.4,69.9,66.0,0.27,0.32,0.35
SPRI,2017-08-21 22:55:00 EDT,42.84315,-74.88961,1478,70.5,71.0,70.5,75.6,62.4,0.000,0.004,0.00,0.000,5.7,10.4,1.9,219,16,6.1,11.8,2.0,213,15,5.7,10.4,1.9,219,16,0,28.53,,0,0,0,71.4,69.9,66.0,0.27,0.32,0.35
SPRI,2017-08-21 23:00:00 EDT,42.84315,-74.88961,1478,70.6,71.0,70.6,75.7,62.5,0.000,0.004,0.00,0.000,5.1,8.8,1.2,220,21,5.5,8.8,1.3,216,19,5.1,8.8,1.2,220,21,0,28.53,,0,0,0,71.4,70.0,66.0,0.27,0.32,0.35
SPRI,2017-08-21 23:05:00 EDT,42.84315,-74.88961,1478,70.4,70.9,70.4,76.1,62.5,0.000,0.004,0.00,0.000,5.4,9.0,1.6,219,22,5.8,10.3,1.7,215,20,5.4,9.0,1.6,219,22,0,28.53,,0,0,0,71.4,69.9,66.0,0.27,0.32,0.35
SPRI,2017-08-21 23:10:00 EDT,42.84315,-74.88961,1478,70.5,71.0,70.5,76.2,62.6,0.000,0.004,0.00,0.000,5.8,8.5,1.4,217,18,6.2,9.8,1.6,215,16,5.8,8.5,1.4,217,18,0,28.53,,0,0,0,71.4,69.9,66.0,0.27,0.32,0.35
SPRI,2017-08-21 23:15:00 EDT,42.84315,-74.88961,1478,70.6,70.9,70.6,76.1,62.7,0.000,0.004,0.00,0.000,6.5,9.7,1.4,213,15,6.8,10.4,1.4,209,14,6.5,9.7,1.4,213,15,0,28.53,,0,0,0,71.3,70.0,66.0,0.27,0.32,0.35
SPRI,2017-08-21 23:20:00 EDT,42.84315,-74.88961,1478,70.5,70.9,70.5,76.3,62.7,0.000,0.004,0.00,0.000,5.7,10.3,2.0,205,14,6.0,11.1,2.1,203,12,5.7,10.3,2.0,205,14,0,28.53,,0,0,0,71.1,69.9,66.0,0.27,0.32,0.35
SPRI,2017-08-21 23:25:00 EDT,42.84315,-74.88961,1478,70.2,70.7,70.2,76.9,62.6,0.000,0.004,0.00,0.000,4.0,6.7,1.3,209,21,4.3,7.9,1.3,206,22,4.0,6.7,1.3,209,21,0,28.53,,0,0,0,71.1,69.9,66.0,0.27,0.32,0.35
SPRI,2017-08-21 23:30:00 EDT,42.84315,-74.88961,1478,69.9,70.4,69.9,77.8,62.6,0.000,0.004,0.00,0.000,2.6,5.3,1.2,210,27,2.9,5.9,1.3,205,29,2.6,5.3,1.2,210,27,0,28.53,,0,0,0,71.1,69.9,66.0,0.27,0.32,0.35
SPRI,2017-08-21 23:35:00 EDT,42.84315,-74.88961,1478,68.8,69.5,68.8,80.6,62.6,0.000,0.004,0.00,0.000,1.7,3.2,0.8,128,37,2.1,4.4,0.8,130,45,1.7,3.2,0.8,128,37,0,28.53,,0,0,0,71.1,69.9,66.0,0.27,0.32,0.35
SPRI,2017-08-21 23:40:00 EDT,42.84315,-74.88961,1478,68.2,69.3,68.2,82.6,62.7,0.000,0.004,0.00,0.000,1.3,2.6,0.6,121,36,1.7,3.1,0.6,120,46,1.3,2.6,0.6,121,36,0,28.53,,0,0,0,71.0,69.9,66.0,0.27,0.32,0.35
SPRI,2017-08-21 23:45:00 EDT,42.84315,-74.88961,1478,67.9,68.7,67.9,83.8,62.8,0.000,0.004,0.00,0.000,0.4,2.0,0.5,94,26,0.8,2.5,0.6,91,53,0.4,2.0,0.5,94,26,0,28.53,,0,0,0,70.9,70.0,66.0,0.27,0.32,0.35
SPRI,2017-08-21 23:50:00 EDT,42.84315,-74.88961,1478,68.4,69.3,68.4,84.0,63.4,0.000,0.004,0.00,0.000,2.8,5.3,0.9,226,23,3.1,5.3,0.9,222,23,2.8,5.3,0.9,226,23,0,28.53,,0,0,0,70.7,69.9,66.0,0.27,0.33,0.35
SPRI,2017-08-21 23:55:00 EDT,42.84315,-74.88961,1478,68.4,69.3,68.4,83.9,63.4,0.000,0.004,0.00,0.000,3.0,7.7,1.4,212,29,3.2,7.7,1.4,206,31,3.0,7.7,1.4,212,29,0,28.53,,0,0,0,70.7,70.0,66.0,0.27,0.33,0.35
STAT,2017-08-21 00:00:00 EDT,40.60402,-74.14850,109,71.0,72.4,71.0,72.6,61.8,0.000,0.000,0.00,0.000,3.2,4.0,0.3,176,11,3.6,4.8,0.5,175,11,3.2,4.0,0.3,176,11,0,30.05,0.1,,,,,,,,,
STAT,2017-08-21 00:05:00 EDT,40.60402,-74.14850,109,70.7,72.1,70.7,74.2,62.1,0.000,0.000,0.00,0.000,3.4,4.5,0.4,164,10,3.8,5.4,0.5,163,11,3.4,4.5,0.4,164,10,0,30.05,0.1,,,,,,,,,
STAT,2017-08-21 00:10:00 EDT,40.60402,-74.14850,109,70.6,72.1,70.6,74.3,62.1,0.000,0.000,0.00,0.000,3.7,4.4,0.4,167,9,4.2,5.4,0.5,166,9,3.7,4.4,0.4,167,9,0,30.05,0.0,,,,,,,,,
STAT,2017-08-21 00:15:00 EDT,40.60402,-74.14850,109,70.6,72.4,70.6,74.3,62.1,0.000,0.000,0.00,0.000,4.0,5.0,0.4,175,8,4.6,6.5,0.5,174,8,4.0,5.0,0.4,175,8,0,30.05,0.1,,,,,,,,,
STAT,2017-08-21 00:20:00 EDT,40.60402,-74.14850,109,70.4,72.1,70.4,74.9,62.0,0.000,0.000,0.00,0.000,3.7,4.5,0.3,175,7,4.3,5.1,0.4,173,8,3.7,4.5,0.3,175,7,0,30.05,0.2,,,,,,,,,
STAT,2017-08-21 00:25:00 EDT,40.60402,-74.14850,109,70.8,72.2,70.8,74.8,62.4,0.000,0.000,0.00,0.000,3.1,3.9,0.4,172,8,3.6,4.7,0.5,171,8,3.1,3.9,0.4,172,8,0,30.05,0.0,,,,,,,,,
STAT,2017-08-21 00:30:00 EDT,40.60402,-74.14850,109,70.9,72.5,70.9,74.1,62.2,0.000,0.000,0.00,0.000,2.9,3.4,0.3,182,9,3.3,4.1,0.3,183,10,2.9,3.4,0.3,182,9,0,30.05,0.1,,,,,,,,,
STAT,2017-08-21 00:35:00 EDT,40.60402,-74.14850,109,70.6,72.5,70.6,74.2,62.0,0.000,0.000,0.00,0.000,2.5,3.4,0.4,186,10,2.9,3.9,0.4,186,10,2.5,3.4,0.4,186,10,0,30.05,0.1,,,,,,,,,
STAT,2017-08-21 00:40:00 EDT,40.60402,-74.14850,109,70.1,71.7,70.1,75.6,62.0,0.000,0.000,0.00,0.000,1.9,2.6,0.4,165,7,2.3,3.3,0.5,164,9,1.9,2.6,0.4,165,7,0,30.05,-0.0,,,,,,,,,
STAT,2017-08-21 00:45:00 EDT,40.60402,-74.14850,109,69.8,71.4,69.8,76.9,62.2,0.000,0.000,0.00,0.000,2.6,3.5,0.4,159,9,2.9,4.1,0.4,157,9,2.6,3.5,0.4,159,9,0,30.05,0.1,,,,,,,,,
STAT,2017-08-21 00:50:00 EDT,40.60402,-74.14850,109,69.7,71.2,69.7,77.3,62.2,0.000,0.000,0.00,0.000,3.4,3.9,0.3,159,7,3.8,4.8,0.4,157,8,3.4,3.9,0.3,159,7,0,30.05,0.1,,,,,,,,,
STAT,2017-08-21 00:55:00 EDT,40.60402,-74.14850,109,69.8,71.7,69.8,77.5,62.4,0.000,0.000,0.00,0.000,3.0,3.7,0.4,182,8,3.5,4.2,0.4,181,8,3.0,3.7,0.4,182,8,0,30.05,0.1,,,,,,,,,
STAT,2017-08-21 01:00:00 EDT,40.60402,-74.14850,109,69.7,71.2,69.7,77.7,62.4,0.000,0.000,0.00,0.000,2.6,3.0,0.2,187,3,3.0,3.5,0.2,188,4,2.6,3.0,0.2,187,3,0,30.05,0.1,,,,,,,,,
STAT,2017-08-21 01:05:00 EDT,40.60402,-74.14850,109,69.5,71.2,69.5,78.4,62.5,0.000,0.000,0.00,0.000,3.0,3.9,0.3,201,7,3.3,4.6,0.4,201,8,3.0,3.9,0.3,201,7,0,30.05,0.1,,,,,,,,,
STAT,2017-08-21 01:10:00 EDT,40.60402,-74.14850,109,69.2,71.6,69.2,79.5,62.6,0.000,0.000,0.00,0.000,3.4,4.2,0.4,198,9,3.7,4.9,0.5,198,8,3.4,4.2,0.4,198,9,0,30.05,-0.0,,,,,,,,,
STAT,2017-08-21 01:15:00 EDT,40.60402,-74.14850,109,69.8,71.6,69.8,79.1,63.0,0.000,0.000,0.00,0.000,3.8,5.0,0.5,200,7,4.2,5.8,0.6,199,6,3.8,5.0,0.5,200,7,0,30.05,0.1,,,,,,,,,
STAT,2017-08-21 01:20:00 EDT,40.60402,-74.14850,109,70.6,71.6,70.6,76.6,62.9,0.000,0.000,0.00,0.000,3.6,4.7,0.5,205,8,3.9,5.1,0.6,204,8,3.6,4.7,0.5,205,8,0,30.05,0.1,,,,,,,,,
STAT,2017-08-21 01:25:00 EDT,40.60402,-74.14850,109,70.7,71.7,70.7,75.8,62.7,0.000,0.000,0.00,0.000,3.4,4.5,0.5,206,9,3.7,5.2,0.5,206,8,3.4,4.5,0.5,206,9,0,30.05,0.1,,,,,,,,,
STAT,2017-08-21 01:30:00 EDT,40.60402,-74.14850,109,70.6,71.4,70.6,75.7,62.5,0.000,0.000,0.00,0.000,3.3,4.9,0.6,208,9,3.5,5.1,0.6,209,8,3.3,4.9,0.6,208,9,0,30.05,0.1,,,,,,,,,
STAT,2017-08-21 01:35:00 EDT,40.60402,-74.14850,109,70.5,71.4,70.5,75.9,62.6,0.000,0.000,0.00,0.000,3.1,4.2,0.4,211,8,3.3,4.4,0.5,212,8,3.1,4.2,0.4,211,8,0,30.05,-0.1,,,,,,,,,
STAT,2017-08-21 01:40:00 EDT,40.60402,-74.14850,109,70.6,71.3,70.6,76.1,62.7,0.000,0.000,0.00,0.000,2.6,3.7,0.5,219,12,2.7,4.6,0.6,219,10,2.6,3.7,0.5,219,12,0,30.05,0.1,,,,,,,,,
STAT,2017-08-21 01:45:00 EDT,40.60402,-74.14850,109,70.1,71.1,70.1,77.0,62.6,0.000,0.000,0.00,0.000,2.6,3.7,0.5,202,11,2.9,4.2,0.6,202,11,2.6,3.7,0.5,202,11,0,30.05,0.0,,,,,,,,,
STAT,2017-08-21 01:50:00 EDT,40.60402,-74.14850,109,69.6,70.9,69.6,80.7,63.4,0.000,0.000,0.00,0.000,2.6,3.6,0.3,184,10,3.0,4.4,0.5,185,12,2.6,3.6,0.3,184,10,0,30.05,0.0,,,,,,,,,
STAT,2017-08-21 01:55:00 EDT,40.60402,-74.14850,109,69.8,70.8,69.8,81.2,63.8,0.000,0.000,0.00,0.000,3.0,4.2,0.5,182,10,3.4,5.2,0.6,182,10,3.0,4.2,0.5,182,10,0,30.05,0.0,,,,,,,,,
STAT,2017-08-21 02:00:00 EDT,40.60402,-74.14850,109,69.7,70.6,69.7,80.4,63.3,0.000,0.000,0.00,0.000,2.9,4.2,0.4,177,12,3.4,4.5,0.5,177,12,2.9,4.2,0.4,177,12,0,30.06,-0.0,,,,,,,,,
STAT,2017-08-21 02:05:00 EDT,40.60402,-74.14850,109,69.4,70.3,69.4,81.0,63.4,0.000,0.000,0.00,0.000,3.4,4.2,0.4,165,7,3.9,5.0,0.6,163,8,3.4,4.2,0.4,165,7,0,30.05,0.1,,,,,,,,,
STAT,2017-08-21 02:10:00 EDT,40.60402,-74.14850,109,70.4,70.5,70.4,81.0,64.3,0.000,0.000,0.00,0.000,3.6,4.5,0.3,163,9,4.1,5.5,0.5,162,7,3.6,4.5,0.3,163,9,0,30.05,0.1,,,,,,,,,
STAT,2017-08-21 02:15:00 EDT,40.60402,-74.14850,109,69.9,70.7,69.9,79.4,63.2,0.000,0.000,0.00,0.000,2.2,3.4,0.4,168,8,2.7,4.2,0.5,165,11,2.2,3.4,0.4,168,8,0,30.05,-0.0,,,,,,,,,
STAT,2017-08-21 02:20:00 EDT,40.60402,-74.14850,109,69.3,70.6,69.3,80.2,63.0,0.000,0.000,0.00,0.000,2.3,2.9,0.3,169,7,2.7,3.5,0.4,167,11,2.3,2.9,0.3,169,7,0,30.05,0.1,,,,,,,,,
STAT,2017-08-21 02:25:00 EDT,40.60402,-74.14850,109,69.2,70.5,69.2,80.8,63.1,0.000,0.000,0.00,0.000,1.9,2.4,0.3,165,7,2.3,3.1,0.4,163,10,1.9,2.4,0.3,165,7,0,30.05,0.1,,,,,,,,,
STAT,2017-08-21 02:30:00 EDT,40.60402,-74.14850,109,68.9,70.2,68.9,82.0,63.1,0.000,0.000,0.00,0.000,2.6,3.4,0.4,161,6,3.0,4.0,0.5,159,8,2.6,3.4,0.4,161,6,0,30.05,0.1,,,,,,,,,
STAT,2017-08-21 02:35:00 EDT,40.60402,-74.14850,109,68.6,69.9,68.6,82.3,63.0,0.000,0.000,0.00,0.000,3.1,3.8,0.3,170,7,3.6,4.4,0.4,168,8,3.1,3.8,0.3,170,7,0,30.05,0.0,,,,,,,,,
STAT,2017-08-21 02:40:00 EDT,40.60402,-74.14850,109,68.6,69.9,68.6,83.1,63.2,0.000,0.000,0.00,0.000,3.3,3.8,0.2,180,6,3.8,4.5,0.3,179,6,3.3,3.8,0.2,180,6,0,30.05,0.1,,,,,,,,,
STAT,2017-08-21 02:45:00 EDT,40.60402,-74.14850,109,68.6,70.1,68.6,83.7,63.5,0.000,0.000,0.00,0.000,3.2,4.0,0.3,187,7,3.7,4.5,0.4,187,7,3.2,4.0,0.3,187,7,0,30.05,0.1,,,,,,,,,
STAT,2017-08-21 02:50:00 EDT,40.60402,-74.14850,109,68.7,70.2,68.7,83.7,63.6,0.000,0.000,0.00,0.000,3.2,3.7,0.2,183,7,3.7,4.6,0.3,183,6,3.2,3.7,0.2,183,7,0,30.05,0.1,,,,,,,,,
STAT,2017-08-21 02:55:00 EDT,40.60402,-74.14850,109,68.5,69.7,68.5,83.8,63.4,0.000,0.000,0.00,0.000,3.4,4.0,0.3,174,6,3.8,4.6,0.4,174,7,3.4,4.0,0.3,174,6,0,30.05,0.1,,,,,,,,,
STAT,2017-08-21 03:00:00 EDT,40.60402,-74.14850,109,68.4,69.7,68.4,83.7,63.3,0.000,0.000,0.00,0.000,4.0,5.0,0.3,180,5,4.6,5.5,0.4,179,5,4.0,5.0,0.3,180,5,0,30.05,0.2,,,,,,,,,
STAT,2017-08-21 03:05:00 EDT,40.60402,-74.14850,109,68.9,69.9,68.9,83.0,63.5,0.000,0.000,0.00,0.000,3.4,4.5,0.4,185,8,3.8,5.1,0.6,185,8,3.4,4.5,0.4,185,8,0,30.05,0.1,,,,,,,,,
STAT,2017-08-21 03:10:00 EDT,40.60402,-74.14850,109,69.2,69.9,69.2,81.8,63.4,0.000,0.000,0.00,0.000,3.0,4.2,0.5,201,9,3.3,4.6,0.6,201,9,3.0,4.2,0.5,201,9,0,30.05,0.1,,,,,,,,,
STAT,2017-08-21 03:15:00 EDT,40.60402,-74.14850,109,69.1,69.9,69.1,82.0,63.3,0.000,0.000,0.00,0.000,3.0,4.3,0.7,200,10,3.4,5.1,0.7,199,11,3.0,4.3,0.7,200,10,0,30.05,0.0,,,,,,,,,
STAT,2017-08-21 03:20:00 EDT,40.60402,-74.14850,109,68.9,69.8,68.9,82.2,63.3,0.000,0.000,0.00,0.000,2.9,4.2,0.6,197,8,3.2,5.0,0.7,197,9,2.9,4.2,0.6,197,8,0,30.05,0.1,,,,,,,,,
STAT,2017-08-21 03:25:00 EDT,40.60402,-74.14850,109,69.1,69.7,69.1,81.9,63.3,0.000,0.000,0.00,0.000,2.9,3.9,0.4,195,8,3.3,4.6,0.5,196,9,2.9,3.9,0.4,195,8,0,30.05,0.1,,,,,,,,,
STAT,2017-08-21 03:30:00 EDT,40.60402,-74.14850,109,69.2,69.8,69.2,82.1,63.5,0.000,0.000,0.00,0.000,3.2,4.8,0.7,194,12,3.6,5.8,0.9,194,11,3.2,4.8,0.7,194,12,0,30.05,0.1,,,,,,,,,
STAT,2017-08-21 03:35:00 EDT,40.60402,-74.14850,109,69.3,69.7,69.3,81.3,63.3,0.000,0.000,0.00,0.000,3.1,4.5,0.5,203,11,3.4,5.2,0.7,202,10,3.1,4.5,0.5,203,11,0,30.05,0.1,,,,,,,,,
STAT,2017-08-21 03:40:00 EDT,40.60402,-74.14850,109,69.1,69.7,69.1,81.9,63.3,0.000,0.000,0.00,0.000,2.6,3.9,0.5,188,13,3.0,4.3,0.5,187,13,2.6,3.9,0.5,188,13,0,30.04,0.1,,,,,,,,,
STAT,2017-08-21 03:45:00 EDT,40.60402,-74.14850,109,68.8,69.6,68.8,82.9,63.4,0.000,0.000,0.00,0.000,2.5,3.1,0.2,173,7,2.9,3.8,0.4,171,10,2.5,3.1,0.2,173,7,0,30.04,0.1,,,,,,,,,
STAT,2017-08-21 03:50:00 EDT,40.60402,-74.14850,109,68.7,69.4,68.7,83.4,63.5,0.000,0.000,0.00,0.000,2.5,3.3,0.3,184,8,2.9,4.0,0.4,185,8,2.5,3.3,0.3,184,8,0,30.04,-0.0,,,,,,,,,
STAT,2017-08-21 03:55:00 EDT,40.60402,-74.14850,109,68.4,69.5,68.4,84.2,63.5,0.000,0.000,0.00,0.000,2.5,3.3,0.3,190,11,2.9,4.0,0.3,190,10,2.5,3.3,0.3,190,11,0,30.05,0.1,,,,,,,,,
STAT,2017-08-21 04:00:00 EDT,40.60402,-74.14850,109,68.5,69.5,68.5,83.7,63.4,0.000,0.000,0.00,0.000,2.2,2.7,0.2,198,10,2.5,3.7,0.3,199,10,2.2,2.7,0.2,198,10,0,30.05,-0.0,,,,,,,,,
STAT,2017-08-21 04:05:00 EDT,40.60402,-74.14850,109,68.5,69.3,68.5,84.8,63.8,0.000,0.000,0.00,0.000,1.9,2.8,0.4,180,9,2.4,3.3,0.4,180,11,1.9,2.8,0.4,180,9,0,30.05,0.0,,,,,,,,,
STAT,2017-08-21 04:10:00 EDT,40.60402,-74.14850,109,68.1,69.0,68.1,85.5,63.6,0.000,0.000,0.00,0.000,2.2,2.8,0.3,168,8,2.5,3.4,0.4,165,10,2.2,2.8,0.3,168,8,0,30.05,0.1,,,,,,,,,
STAT,2017-08-21 04:15:00 EDT,40.60402,-74.14850,109,68.5,69.0,68.5,85.0,63.8,0.000,0.000,0.00,0.000,1.8,2.4,0.2,168,11,2.2,3.0,0.3,167,14,1.8,2.4,0.2,168,11,0,30.05,0.1,,,,,,,,,
STAT,2017-08-21 04:20:00 EDT,40.60402,-74.14850,109,68.3,69.0,68.3,84.6,63.5,0.000,0.000,0.00,0.000,1.7,2.5,0.2,164,7,2.0,3.0,0.3,160,10,1.7,2.5,0.2,164,7,0,30.05,0.1,,,,,,,,,
STAT,2017-08-21 04:25:00 EDT,40.60402,-74.14850,109,67.6,68.3,67.6,84.1,62.6,0.000,0.000,0.00,0.000,2.6,3.1,0.3,162,7,2.9,4.0,0.4,160,8,2.6,3.1,0.3,162,7,0,30.05,0.1,,,,,,,,,
STAT,2017-08-21 04:30:00 EDT,40.60402,-74.14850,109,67.4,68.0,67.4,87.0,63.4,0.000,0.000,0.00,0.000,2.7,3.7,0.3,172,8,3.2,4.3,0.4,172,9,2.7,3.7,0.3,172,8,0,30.06,0.1,,,,,,,,,
STAT,2017-08-21 04:35:00 EDT,40.60402,-74.14850,109,67.4,68.0,67.4,87.1,63.4,0.000,0.000,0.00,0.000,2.5,3.2,0.5,177,7,3.0,3.8,0.5,177,8,2.5,3.2,0.5,177,7,0,30.06,0.1,,,,,,,,,
STAT,2017-08-21 04:40:00 EDT,40.60402,-74.14850,109,67.4,68.0,67.4,87.2,63.5,0.000,0.000,0.00,0.000,2.2,3.1,0.6,186,9,2.6,3.9,0.5,185,10,2.2,3.1,0.6,186,9,0,30.06,0.1,,,,,,,,,
STAT,2017-08-21 04:45:00 EDT,40.60402,-74.14850,109,67.2,68.1,67.2,86.8,63.2,0.000,0.000,0.00,0.000,3.3,4.3,0.5,205,8,3.6,5.0,0.6,206,8,3.3,4.3,0.5,205,8,0,30.06,0.1,,,,,,,,,
STAT,2017-08-21 04:50:00 EDT,40.60402,-74.14850,109,67.6,68.2,67.6,86.5,63.4,0.000,0.000,0.00,0.000,2.6,4.5,1.1,207,15,3.0,5.2,1.1,205,16,2.6,4.5,1.1,207,15,0,30.06,0.1,,,,,,,,,
STAT,2017-08-21 04:55:00 EDT,40.60402,-74.14850,109,67.5,68.3,67.5,86.4,63.3,0.000,0.000,0.00,0.000,2.3,3.1,0.3,199,15,2.5,4.0,0.4,200,14,2.3,3.1,0.3,199,15,0,30.06,0.1,,,,,,,,,
STAT,2017-08-21 05:00:00 EDT,40.60402,-74.14850,109,67.6,68.5,67.6,85.9,63.3,0.000,0.000,0.00,0.000,2.9,3.9,0.6,193,8,3.2,4.5,0.6,195,9,2.9,3.9,0.6,193,8,0,30.06,0.0,,,,,,,,,
STAT,2017-08-21 05:05:00 EDT,40.60402,-74.14850,109,67.4,68.4,67.4,86.2,63.2,0.000,0.000,0.00,0.000,3.3,4.1,0.4,180,10,3.8,4.7,0.4,180,10,3.3,4.1,0.4,180,10,0,30.06,0.0,,,,,,,,,
STAT,2017-08-21 05:10:00 EDT,40.60402,-74.14850,109,67.4,68.2,67.4,87.1,63.4,0.000,0.000,0.00,0.000,2.6,3.5,0.5,174,8,3.0,4.2,0.6,174,10,2.6,3.5,0.5,174,8,0,30.06,0.0,,,,,,,,,
STAT,2017-08-21 05:15:00 EDT,40.60402,-74.14850,109,67.3,68.3,67.3,87.9,63.6,0.000,0.000,0.00,0.000,1.8,2.6,0.3,160,9,2.2,3.1,0.4,158,11,1.8,2.6,0.3,160,9,0,30.06,-0.0,,,,,,,,,
STAT,2017-08-21 05:20:00 EDT,40.60402,-74.14850,109,67.4,68.4,67.4,86.1,63.1,0.000,0.000,0.00,0.000,2.9,3.5,0.4,173,13,3.3,4.5,0.5,171,15,2.9,3.5,0.4,173,13,0,30.06,-0.0,,,,,,,,,
STAT,2017-08-21 05:25:00 EDT,40.60402,-74.14850,109,67.0,67.9,67.0,86.6,62.9,0.000,0.000,0.00,0.000,3.0,3.9,0.3,187,6,3.4,4.7,0.4,188,5,3.0,3.9,0.3,187,6,0,30.06,-0.0,,,,,,,,,
STAT,2017-08-21 05:30:00 EDT,40.60402,-74.14850,109,66.9,68.2,66.9,87.5,63.1,0.000,0.000,0.00,0.000,3.5,4.2,0.4,196,5,3.9,4.9,0.5,196,6,3.5,4.2,0.4,196,5,0,30.06,0.1,,,,,,,,,
STAT,2017-08-21 05:35:00 EDT,40.60402,-74.14850,109,67.2,67.9,67.2,86.9,63.2,0.000,0.000,0.00,0.000,3.0,3.7,0.4,189,6,3.3,4.8,0.5,189,5,3.0,3.7,0.4,189,6,0,30.06,0.1,,,,,,,,,
STAT,2017-08-21 05:40:00 EDT,40.60402,-74.14850,109,67.2,67.9,67.2,87.3,63.2,0.000,0.000,0.00,0.000,3.2,3.9,0.3,186,6,3.6,4.9,0.4,187,6,3.2,3.9,0.3,186,6,0,30.06,-0.0,,,,,,,,,
STAT,2017-08-21 05:45:00 EDT,40.60402,-74.14850,109,67.1,68.1,67.1,87.5,63.3,0.000,0.000,0.00,0.000,3.3,4.6,0.4,197,10,3.6,5.2,0.4,197,9,3.3,4.6,0.4,197,10,0,30.07,0.0,,,,,,,,,
STAT,2017-08-21 05:50:00 EDT,40.60402,-74.14850,109,66.8,68.1,66.8,87.5,62.9,0.000,0.000,0.00,0.000,2.8,3.5,0.3,196,8,3.1,4.3,0.4,196,8,2.8,3.5,0.3,196,8,0,30.07,-0.1,,,,,,,,,
STAT,2017-08-21 05:55:00 EDT,40.60402,-74.14850,109,66.9,68.1,66.9,88.4,63.3,0.000,0.000,0.00,0.000,2.8,3.4,0.3,200,8,3.0,4.1,0.3,201,9,2.8,3.4,0.3,200,8,0,30.07,0.0,,,,,,,,,
STAT,2017-08-21 06:00:00 EDT,40.60402,-74.14850,109,66.8,68.0,66.8,87.9,63.1,0.000,0.000,0.00,0.000,2.2,2.8,0.2,189,14,2.5,3.1,0.3,190,16,2.2,2.8,0.2,189,14,1,30.07,-0.0,,,,,,,,,
STAT,2017-08-21 06:05:00 EDT,40.60402,-74.14850,109,66.6,67.8,66.6,88.7,63.1,0.000,0.000,0.00,0.000,2.7,3.4,0.3,185,11,3.1,4.3,0.4,186,12,2.7,3.4,0.3,185,11,1,30.07,0.0,,,,,,,,,
STAT,2017-08-21 06:10:00 EDT,40.60402,-74.14850,109,67.0,67.7,67.0,88.0,63.4,0.000,0.000,0.00,0.000,3.2,4.2,0.4,206,8,3.4,4.4,0.5,206,8,3.2,4.2,0.4,206,8,3,30.08,0.0,,,,,,,,,
STAT,2017-08-21 06:15:00 EDT,40.60402,-74.14850,109,67.1,67.5,67.1,87.0,63.1,0.000,0.000,0.00,0.000,2.9,3.8,0.3,210,8,3.1,4.7,0.4,210,7,2.9,3.8,0.3,210,8,4,30.08,-0.1,,,,,,,,,
STAT,2017-08-21 06:20:00 EDT,40.60402,-74.14850,109,67.2,67.6,67.2,86.9,63.1,0.000,0.000,0.00,0.000,2.9,3.7,0.4,202,8,3.2,4.4,0.5,203,8,2.9,3.7,0.4,202,8,7,30.08,0.1,,,,,,,,,
STAT,2017-08-21 06:25:00 EDT,40.60402,-74.14850,109,67.2,67.7,67.2,86.8,63.1,0.000,0.000,0.00,0.000,3.1,4.1,0.5,198,10,3.5,4.8,0.6,198,9,3.1,4.1,0.5,198,10,12,30.08,-0.3,,,,,,,,,
STAT,2017-08-21 06:30:00 EDT,40.60402,-74.14850,109,67.1,67.7,67.1,86.6,62.9,0.000,0.000,0.00,0.000,2.8,4.1,0.5,188,11,3.1,4.3,0.5,188,10,2.8,4.1,0.5,188,11,17,30.08,-0.2,,,,,,,,,
STAT,2017-08-21 06:35:00 EDT,40.60402,-74.14850,109,67.0,67.7,67.0,86.8,63.0,0.000,0.000,0.00,0.000,2.7,3.4,0.4,184,8,3.1,3.9,0.4,184,9,2.7,3.4,0.4,184,8,22,30.08,0.0,,,,,,,,,
STAT,2017-08-21 06:40:00 EDT,40.60402,-74.14850,109,67.3,67.8,67.3,86.6,63.1,0.000,0.000,0.00,0.000,3.0,4.0,0.3,187,10,3.4,4.8,0.5,187,9,3.0,4.0,0.3,187,10,27,30.08,0.0,,,,,,,,,
STAT,2017-08-21 06:45:00 EDT,40.60402,-74.14850,109,67.5,67.8,67.5,85.8,63.1,0.000,0.000,0.00,0.000,3.2,4.5,0.6,191,13,3.6,5.1,0.7,190,11,3.2,4.5,0.6,191,13,35,30.08,-0.0,,,,,,,,,
STAT,2017-08-21 06:50:00 EDT,40.60402,-74.14850,109,67.4,67.7,67.4,85.5,62.9,0.000,0.000,0.00,0.000,3.1,4.0,0.4,204,9,3.4,4.6,0.6,204,8,3.1,4.0,0.4,204,9,37,30.08,-0.0,,,,,,,,,
STAT,2017-08-21 06:55:00 EDT,40.60402,-74.14850,109,67.7,68.0,67.7,85.2,63.1,0.000,0.000,0.00,0.000,4.0,6.0,0.6,204,10,4.3,6.4,0.7,203,9,4.0,6.0,0.6,204,10,35,30.08,-0.0,,,,,,,,,
STAT,2017-08-21 07:00:00 EDT,40.60402,-74.14850,109,67.9,68.1,67.9,84.5,63.0,0.000,0.000,0.00,0.000,3.3,4.7,0.6,197,10,3.8,5.3,0.8,196,9,3.3,4.7,0.6,197,10,35,30.08,0.0,,,,,,,,,
STAT,2017-08-21 07:05:00 EDT,40.60402,-74.14850,109,67.9,68.2,67.9,84.3,63.0,0.000,0.000,0.00,0.000,3.8,5.3,0.5,198,9,4.2,5.9,0.5,197,9,3.8,5.3,0.5,198,9,35,30.08,0.0,,,,,,,,,
STAT,2017-08-21 07:10:00 EDT,40.60402,-74.14850,109,68.0,68.2,68.0,83.9,62.9,0.000,0.000,0.00,0.000,4.0,6.5,1.0,209,12,4.2,6.9,1.1,207,12,4.0,6.5,1.0,209,12,41,30.09,0.0,,,,,,,,,
STAT,2017-08-21 07:15:00 EDT,40.60402,-74.14850,109,68.1,68.4,68.1,83.6,62.9,0.000,0.000,0.00,0.000,3.1,5.0,0.8,206,14,3.3,5.7,1.0,206,13,3.1,5.0,0.8,206,14,74,30.09,0.0,,,,,,,,,
STAT,2017-08-21 07:20:00 EDT,40.60402,-74.14850,109,68.4,68.6,68.4,83.0,63.0,0.000,0.000,0.00,0.000,2.6,4.7,1.0,204,15,2.9,5.7,1.1,203,12,2.6,4.7,1.0,204,15,113,30.09,-0.0,,,,,,,,,
STAT,2017-08-21 07:25:00 EDT,40.60402,-74.14850,109,68.6,69.0,68.6,82.2,63.0,0.000,0.000,0.00,0.000,2.7,4.2,0.7,219,16,3.0,5.1,0.9,218,16,2.7,4.2,0.7,219,16,133,30.09,0.1,,,,,,,,,
STAT,2017-08-21 07:30:00 EDT,40.60402,-74.14850,109,69.1,69.4,69.1,81.1,63.0,0.000,0.000,0.00,0.000,3.8,5.9,0.9,222,13,3.9,6.2,1.0,221,11,3.8,5.9,0.9,222,13,137,30.09,0.1,,,,,,,,,
STAT,2017-08-21 07:35:00 EDT,40.60402,-74.14850,109,69.4,69.7,69.4,80.1,63.0,0.000,0.000,0.00,0.000,4.3,6.4,1.0,226,12,4.4,6.9,1.0,225,12,4.3,6.4,1.0,226,12,154,30.09,0.0,,,,,,,,,
STAT,2017-08-21 07:40:00 EDT,40.60402,-74.14850,109,69.6,69.9,69.6,79.7,63.1,0.000,0.000,0.00,0.000,3.3,5.2,0.8,224,13,3.4,5.7,0.9,222,13,3.3,5.2,0.8,224,13,170,30.09,0.0,,,,,,,,,
STAT,2017-08-21 07:45:00 EDT,40.60402,-74.14850,109,69.9,70.2,69.9,79.0,63.1,0.000,0.000,0.00,0.000,3.7,5.6,0.8,220,14,3.9,6.1,0.9,219,13,3.7,5.6,0.8,220,14,184,30.09,0.0,,,,,,,,,
STAT,2017-08-21 07:50:00 EDT,40.60402,-74.14850,109,70.2,70.6,70.2,78.3,63.2,0.000,0.000,0.00,0.000,3.1,5.0,0.9,229,15,3.1,6.0,1.0,228,15,3.1,5.0,0.9,229,15,194,30.09,0.0,,,,,,,,,
STAT,2017-08-21 07:55:00 EDT,40.60402,-74.14850,109,70.5,70.8,70.5,77.4,63.1,0.000,0.000,0.00,0.000,2.7,4.8,0.9,227,13,2.8,5.0,0.9,226,14,2.7,4.8,0.9,227,13,207,30.09,0.0,,,,,,,,,
STAT,2017-08-21 08:00:00 EDT,40.60402,-74.14850,109,70.8,71.2,70.8,77.0,63.3,0.000,0.000,0.00,0.000,2.0,3.4,0.5,227,16,1.9,3.4,0.5,227,18,2.0,3.4,0.5,227,16,235,30.09,0.1,,,,,,,,,
STAT,2017-08-21 08:05:00 EDT,40.60402,-74.14850,109,71.2,71.5,71.2,76.1,63.3,0.000,0.000,0.00,0.000,1.6,3.6,0.7,240,20,1.7,3.6,0.7,237,23,1.6,3.6,0.7,240,20,264,30.09,0.1,,,,,,,,,
STAT,2017-08-21 08:10:00 EDT,40.60402,-74.14850,109,71.5,71.8,71.5,75.1,63.2,0.000,0.000,0.00,0.000,3.1,4.7,0.7,241,16,3.2,5.0,0.8,240,16,3.1,4.7,0.7,241,16,253,30.09,0.0,,,,,,,,,
STAT,2017-08-21 08:15:00 EDT,40.60402,-74.14850,109,71.9,72.0,71.9,74.4,63.3,0.000,0.000,0.00,0.000,3.2,4.9,0.6,250,20,3.3,5.1,0.8,252,21,3.2,4.9,0.6,250,20,259,30.09,0.0,,,,,,,,,
STAT,2017-08-21 08:20:00 EDT,40.60402,-74.14850,109,72.2,72.5,72.2,74.1,63.5,0.000,0.000,0.00,0.000,1.7,2.8,0.7,240,19,1.8,3.2,0.6,238,22,1.7,2.8,0.7,240,19,275,30.08,0.0,,,,,,,,,
STAT,2017-08-21 08:25:00 EDT,40.60402,-74.14850,109,72.7,72.9,72.7,72.0,63.2,0.000,0.000,0.00,0.000,2.2,4.7,0.9,248,21,2.6,5.4,1.0,249,23,2.2,4.7,0.9,248,21,290,30.09,0.0,,,,,,,,,
STAT,2017-08-21 08:30:00 EDT,40.60402,-74.14850,109,73.1,73.2,73.1,71.6,63.4,0.000,0.000,0.00,0.000,2.4,4.4,0.8,245,17,2.6,4.5,0.7,244,17,2.4,4.4,0.8,245,17,308,30.09,0.1,,,,,,,,,
STAT,2017-08-21 08:35:00 EDT,40.60402,-74.14850,109,73.3,73.5,73.3,70.2,63.0,0.000,0.000,0.00,0.000,4.5,6.8,1.4,243,13,4.7,7.6,1.6,244,14,4.5,6.8,1.4,243,13,307,30.09,0.0,,,,,,,,,
STAT,2017-08-21 08:40:00 EDT,40.60402,-74.14850,109,73.5,73.7,73.5,70.0,63.1,0.000,0.000,0.00,0.000,4.4,6.7,1.3,244,14,4.6,7.6,1.3,244,15,4.4,6.7,1.3,244,14,327,30.09,0.1,,,,,,,,,
STAT,2017-08-21 08:45:00 EDT,40.60402,-74.14850,109,74.0,74.0,74.0,69.1,63.2,0.000,0.000,0.00,0.000,4.0,7.6,1.5,255,19,4.4,9.1,1.7,256,19,4.0,7.6,1.5,255,19,365,30.09,0.1,,,,,,,,,
STAT,2017-08-21 08:50:00 EDT,40.60402,-74.14850,109,74.2,74.0,74.2,68.1,63.0,0.000,0.000,0.00,0.000,5.2,7.2,1.1,257,10,5.6,8.2,1.3,258,10,5.2,7.2,1.1,257,10,373,30.09,0.1,,,,,,,,,
STAT,2017-08-21 08:55:00 EDT,40.60402,-74.14850,109,74.7,74.4,74.7,67.7,63.3,0.000,0.000,0.00,0.000,5.1,8.3,1.6,263,11,5.5,8.7,1.7,263,10,5.1,8.3,1.6,263,11,397,30.09,0.1,,,,,,,,,
STAT,2017-08-21 09:00:00 EDT,40.60402,-74.14850,109,75.0,74.7,75.0,66.6,63.1,0.000,0.000,0.00,0.000,4.9,7.3,1.2,257,15,5.4,8.3,1.4,258,16,4.9,7.3,1.2,257,15,369,30.09,0.2,,,,,,,,,
STAT,2017-08-21 09:05:00 EDT,40.60402,-74.14850,109,75.3,75.1,75.3,66.3,63.2,0.000,0.000,0.00,0.000,4.3,6.8,1.2,251,16,4.6,8.0,1.3,252,17,4.3,6.8,1.2,251,16,382,30.08,0.2,,,,,,,,,
STAT,2017-08-21 09:10:00 EDT,40.60402,-74.14850,109,75.4,75.3,75.4,65.6,63.1,0.000,0.000,0.00,0.000,5.3,6.9,0.7,244,12,5.6,7.1,0.8,245,13,5.3,6.9,0.7,244,12,381,30.08,0.2,,,,,,,,,
STAT,2017-08-21 09:15:00 EDT,40.60402,-74.14850,109,75.9,75.8,75.9,65.2,63.4,0.000,0.000,0.00,0.000,3.1,5.5,0.9,242,17,3.5,5.7,0.9,242,17,3.1,5.5,0.9,242,17,454,30.08,0.3,,,,,,,,,
STAT,2017-08-21 09:20:00 EDT,40.60402,-74.14850,109,76.3,76.3,76.3,64.1,63.2,0.000,0.000,0.00,0.000,4.3,6.2,0.8,229,10,4.2,6.8,1.0,229,9,4.3,6.2,0.8,229,10,457,30.08,0.3,,,,,,,,,
STAT,2017-08-21 09:25:00 EDT,40.60402,-74.14850,109,76.4,76.5,76.4,64.4,63.5,0.000,0.000,0.00,0.000,4.0,5.7,0.9,238,10,4.0,6.3,1.0,238,11,4.0,5.7,0.9,238,10,467,30.08,0.2,,,,,,,,,
STAT,2017-08-21 09:30:00 EDT,40.60402,-74.14850,109,76.8,76.8,76.8,62.1,62.8,0.000,0.000,0.00,0.000,4.5,6.5,0.9,243,17,4.8,7.3,1.0,244,17,4.5,6.5,0.9,243,17,466,30.08,0.3,,,,,,,,,
STAT,2017-08-21 09:35:00 EDT,40.60402,-74.14850,109,77.3,76.9,77.3,61.1,62.8,0.000,0.000,0.00,0.000,5.0,8.1,2.0,261,14,5.5,9.2,2.1,262,15,5.0,8.1,2.0,261,14,483,30.08,0.1,,,,,,,,,
STAT,2017-08-21 09:40:00 EDT,40.60402,-74.14850,109,77.7,77.3,77.7,60.0,62.7,0.000,0.000,0.00,0.000,4.7,8.3,1.4,260,17,5.2,9.2,1.5,261,17,4.7,8.3,1.4,260,17,482,30.08,0.3,,,,,,,,,
STAT,2017-08-21 09:45:00 EDT,40.60402,-74.14850,109,77.9,77.4,77.9,59.2,62.5,0.000,0.000,0.00,0.000,5.9,8.5,1.3,266,13,6.6,9.4,1.4,266,12,5.9,8.5,1.3,266,13,553,30.08,-0.0,,,,,,,,,
STAT,2017-08-21 09:50:00 EDT,40.60402,-74.14850,109,78.3,77.9,78.3,58.1,62.4,0.000,0.000,0.00,0.000,5.8,10.2,1.7,265,18,6.4,11.8,1.9,266,16,5.8,10.2,1.7,265,18,683,30.08,0.1,,,,,,,,,
STAT,2017-08-21 09:55:00 EDT,40.60402,-74.14850,109,78.7,78.3,78.7,58.0,62.7,0.000,0.000,0.00,0.000,4.7,10.7,2.1,264,19,5.2,12.4,2.3,266,18,4.7,10.7,2.1,264,19,313,30.08,0.0,,,,,,,,,
STAT,2017-08-21 10:00:00 EDT,40.60402,-74.14850,109,78.4,78.0,78.4,57.2,62.0,0.000,0.000,0.00,0.000,6.0,10.1,1.9,261,14,6.7,11.2,2.2,262,12,6.0,10.1,1.9,261,14,287,30.07,0.1,,,,,,,,,
STAT,2017-08-21 10:05:00 EDT,40.60402,-74.14850,109,78.4,77.9,78.4,57.9,62.3,0.000,0.000,0.00,0.000,5.5,9.1,1.3,271,15,6.1,10.9,1.5,273,13,5.5,9.1,1.3,271,15,326,30.07,0.3,,,,,,,,,
STAT,2017-08-21 10:10:00 EDT,40.60402,-74.14850,109,78.3,77.8,78.3,59.3,62.9,0.000,0.000,0.00,0.000,3.9,6.3,1.1,260,10,4.2,7.3,1.3,261,11,3.9,6.3,1.1,260,10,287,30.07,-0.0,,,,,,,,,
STAT,2017-08-21 10:15:00 EDT,40.60402,-74.14850,109,78.4,78.0,78.4,59.2,63.0,0.000,0.000,0.00,0.000,3.8,6.1,0.9,250,12,4.0,6.9,1.1,252,12,3.8,6.1,0.9,250,12,305,30.07,0.1,,,,,,,,,
STAT,2017-08-21 10:20:00 EDT,40.60402,-74.14850,109,78.2,78.3,78.2,60.1,63.3,0.000,0.000,0.00,0.000,3.2,6.1,0.9,246,15,3.4,6.8,1.0,248,16,3.2,6.1,0.9,246,15,311,30.07,0.1,,,,,,,,,
STAT,2017-08-21 10:25:00 EDT,40.60402,-74.14850,109,78.6,78.3,78.6,59.3,63.3,0.000,0.000,0.00,0.000,3.3,5.3,0.9,267,16,3.6,5.7,1.1,270,15,3.3,5.3,0.9,267,16,439,30.07,0.1,,,,,,,,,
STAT,2017-08-21 10:30:00 EDT,40.60402,-74.14850,109,79.3,78.9,79.3,58.5,63.5,0.000,0.000,0.00,0.000,3.4,7.3,1.2,256,24,3.8,8.6,1.5,258,23,3.4,7.3,1.2,256,24,565,30.08,0.1,,,,,,,,,
STAT,2017-08-21 10:35:00 EDT,40.60402,-74.14850,109,79.5,79.0,79.5,57.0,63.0,0.000,0.000,0.00,0.000,4.6,6.9,1.3,259,15,5.1,8.2,1.5,260,13,4.6,6.9,1.3,259,15,613,30.08,-0.0,,,,,,,,,
STAT,2017-08-21 10:40:00 EDT,40.60402,-74.14850,109,80.2,80.0,81.6,56.2,63.1,0.000,0.000,0.00,0.000,3.3,5.7,1.1,246,23,3.7,6.8,1.4,248,22,3.3,5.7,1.1,246,23,677,30.08,0.1,,,,,,,,,
STAT,2017-08-21 10:45:00 EDT,40.60402,-74.14850,109,80.5,80.1,81.7,54.2,62.4,0.000,0.000,0.00,0.000,6.2,8.8,1.6,240,16,6.7,11.1,1.7,242,16,6.2,8.8,1.6,240,16,688,30.08,0.0,,,,,,,,,
STAT,2017-08-21 10:50:00 EDT,40.60402,-74.14850,109,80.4,79.9,81.6,54.0,62.2,0.000,0.000,0.00,0.000,5.8,11.2,2.1,248,19,6.3,12.4,2.1,252,20,5.8,11.2,2.1,248,19,720,30.08,0.3,,,,,,,,,
STAT,2017-08-21 10:55:00 EDT,40.60402,-74.14850,109,80.8,80.1,81.8,51.9,61.5,0.000,0.000,0.00,0.000,8.5,11.3,1.9,256,13,9.4,13.6,1.9,258,12,8.5,11.3,1.9,256,13,727,30.08,-0.0,,,,,,,,,
STAT,2017-08-21 11:00:00 EDT,40.60402,-74.14850,109,80.9,80.0,81.8,51.6,61.4,0.000,0.000,0.00,0.000,7.5,12.1,2.2,264,12,8.2,14.0,2.4,265,10,7.5,12.1,2.2,264,12,725,30.08,0.1,,,,,,,,,
STAT,2017-08-21 11:05:00 EDT,40.60402,-74.14850,109,81.0,80.1,81.8,51.1,61.2,0.000,0.000,0.00,0.000,7.8,11.8,1.8,260,11,8.5,13.0,2.0,260,10,7.8,11.8,1.8,260,11,728,30.08,0.1,,,,,,,,,
STAT,2017-08-21 11:10:00 EDT,40.60402,-74.14850,109,81.2,80.4,82.1,51.4,61.6,0.000,0.000,0.00,0.000,6.3,11.9,2.3,255,19,7.0,11.8,2.3,257,19,6.3,11.9,2.3,255,19,730,30.08,0.0,,,,,,,,,
STAT,2017-08-21 11:15:00 EDT,40.60402,-74.14850,109,81.4,81.0,82.2,50.5,61.3,0.000,0.000,0.00,0.000,7.9,12.2,2.1,235,10,8.2,13.0,2.1,235,9,7.9,12.2,2.1,235,10,737,30.08,0.0,,,,,,,,,
STAT,2017-08-21 11:20:00 EDT,40.60402,-74.14850,109,81.2,80.8,82.0,50.5,61.1,0.000,0.000,0.00,0.000,7.6,10.2,1.2,235,13,7.9,10.8,1.3,235,13,7.6,10.2,1.2,235,13,744,30.08,0.2,,,,,,,,,
STAT,2017-08-21 11:25:00 EDT,40.60402,-74.14850,109,81.9,81.3,82.8,50.8,61.9,0.000,0.000,0.00,0.000,5.2,9.1,1.8,234,23,5.5,9.6,1.7,236,24,5.2,9.1,1.8,234,23,764,30.08,0.1,,,,,,,,,
STAT,2017-08-21 11:30:00 EDT,40.60402,-74.14850,109,82.3,81.7,83.3,50.6,62.2,0.000,0.000,0.00,0.000,6.6,11.8,2.4,254,28,7.2,12.7,2.4,255,28,6.6,11.8,2.4,254,28,729,30.08,0.2,,,,,,,,,
STAT,2017-08-21 11:35:00 EDT,40.60402,-74.14850,109,82.3,81.3,83.2,50.4,62.1,0.000,0.000,0.00,0.000,6.7,10.3,1.5,261,18,7.5,11.1,1.7,262,17,6.7,10.3,1.5,261,18,724,30.08,0.1,,,,,,,,,
STAT,2017-08-21 11:40:00 EDT,40.60402,-74.14850,109,82.2,81.1,82.8,48.6,60.9,0.000,0.000,0.00,0.000,6.3,9.3,1.5,272,11,7.0,10.1,1.7,272,10,6.3,9.3,1.5,272,11,750,30.08,0.1,,,,,,,,,
STAT,2017-08-21 11:45:00 EDT,40.60402,-74.14850,109,82.3,81.5,83.0,49.4,61.5,0.000,0.000,0.00,0.000,6.1,9.9,1.8,275,15,6.8,11.1,1.9,276,12,6.1,9.9,1.8,275,15,772,30.07,-0.0,,,,,,,,,
STAT,2017-08-21 11:50:00 EDT,40.60402,-74.14850,109,82.7,81.7,83.2,47.9,61.0,0.000,0.000,0.00,0.000,6.5,10.9,1.9,270,16,7.1,11.1,2.0,270,14,6.5,10.9,1.9,270,16,774,30.07,0.2,,,,,,,,,
STAT,2017-08-21 11:55:00 EDT,40.60402,-74.14850,109,82.7,81.9,83.1,47.1,60.6,0.000,0.000,0.00,0.000,5.3,9.8,2.1,235,17,5.5,11.6,2.3,236,18,5.3,9.8,2.1,235,17,776,30.07,0.1,,,,,,,,,
STAT,2017-08-21 12:00:00 EDT,40.60402,-74.14850,109,83.6,82.7,84.1,47.2,61.3,0.000,0.000,0.00,0.000,4.6,9.4,2.0,215,20,5.0,9.9,2.3,214,21,4.6,9.4,2.0,215,20,781,30.07,-0.1,,,,,,,,,
STAT,2017-08-21 12:05:00 EDT,40.60402,-74.14850,109,83.7,82.8,84.1,46.6,61.1,0.000,0.000,0.00,0.000,4.8,9.4,2.0,211,23,5.5,9.8,2.1,208,23,4.8,9.4,2.0,211,23,786,30.07,0.3,,,,,,,,,
STAT,2017-08-21 12:10:00 EDT,40.60402,-74.14850,109,84.0,83.3,84.3,45.9,60.9,0.000,0.000,0.00,0.000,4.3,9.1,1.7,208,20,5.0,9.7,1.7,205,20,4.3,9.1,1.7,208,20,788,30.06,0.3,,,,,,,,,
STAT,2017-08-21 12:15:00 EDT,40.60402,-74.14850,109,84.0,82.9,84.3,45.9,61.0,0.000,0.000,0.00,0.000,4.0,6.9,1.5,207,26,4.6,7.2,1.4,204,28,4.0,6.9,1.5,207,26,787,30.06,0.2,,,,,,,,,
STAT,2017-08-21 12:20:00 EDT,40.60402,-74.14850,109,84.3,83.3,84.5,45.4,60.8,0.000,0.000,0.00,0.000,4.6,10.5,2.7,216,18,5.2,12.3,2.9,214,18,4.6,10.5,2.7,216,18,800,30.06,0.2,,,,,,,,,
STAT,2017-08-21 12:25:00 EDT,40.60402,-74.14850,109,84.3,83.4,84.6,45.5,60.9,0.000,0.000,0.00,0.000,5.4,10.7,2.1,211,21,5.9,10.8,2.2,210,23,5.4,10.7,2.1,211,21,802,30.05,0.1,,,,,,,,,
STAT,2017-08-21 12:30:00 EDT,40.60402,-74.14850,109,84.5,83.3,84.7,44.8,60.7,0.000,0.000,0.00,0.000,6.6,10.4,1.6,213,18,7.0,11.3,1.8,212,16,6.6,10.4,1.6,213,18,805,30.05,0.1,,,,,,,,,
STAT,2017-08-21 12:35:00 EDT,40.60402,-74.14850,109,84.3,83.5,84.4,44.9,60.6,0.000,0.000,0.00,0.000,5.5,10.4,1.9,229,27,6.1,11.6,2.1,228,28,5.5,10.4,1.9,229,27,810,30.05,0.4,,,,,,,,,
STAT,2017-08-21 12:40:00 EDT,40.60402,-74.14850,109,84.8,83.7,85.1,45.0,61.2,0.000,0.000,0.00,0.000,7.3,11.3,2.0,248,14,7.9,11.9,2.2,249,14,7.3,11.3,2.0,248,14,814,30.05,0.0,,,,,,,,,
STAT,2017-08-21 12:45:00 EDT,40.60402,-74.14850,109,85.1,84.6,85.5,45.4,61.6,0.000,0.000,0.00,0.000,4.6,9.4,1.4,222,21,5.5,9.6,1.5,223,20,4.6,9.4,1.4,222,21,693,30.05,0.1,,,,,,,,,
STAT,2017-08-21 12:50:00 EDT,40.60402,-74.14850,109,84.5,83.6,84.7,44.8,60.7,0.000,0.000,0.00,0.000,7.2,11.3,2.1,223,14,7.4,11.5,2.1,224,11,7.2,11.3,2.1,223,14,643,30.05,0.1,,,,,,,,,
STAT,2017-08-21 12:55:00 EDT,40.60402,-74.14850,109,84.4,83.5,84.7,45.4,60.9,0.000,0.000,0.00,0.000,5.8,10.5,1.9,219,18,6.2,11.3,1.8,217,17,5.8,10.5,1.9,219,18,824,30.05,0.0,,,,,,,,,
STAT,2017-08-21 13:00:00 EDT,40.60402,-74.14850,109,84.4,83.8,85.1,47.4,62.2,0.000,0.000,0.00,0.000,5.3,9.6,2.1,212,22,5.9,10.9,2.4,214,24,5.3,9.6,2.1,212,22,844,30.04,0.2,,,,,,,,,
STAT,2017-08-21 13:05:00 EDT,40.60402,-74.14850,109,85.2,83.8,86.3,47.9,63.3,0.000,0.000,0.00,0.000,6.9,12.6,2.8,184,21,7.8,14.9,3.3,183,19,6.9,12.6,2.8,184,21,854,30.04,0.0,,,,,,,,,
STAT,2017-08-21 13:10:00 EDT,40.60402,-74.14850,109,84.7,83.4,85.7,48.3,63.1,0.000,0.000,0.00,0.000,6.6,10.3,1.5,178,17,7.2,11.9,1.8,176,14,6.6,10.3,1.5,178,17,721,30.04,0.2,,,,,,,,,
STAT,2017-08-21 13:15:00 EDT,40.60402,-74.14850,109,85.4,84.1,86.4,47.6,63.2,0.000,0.000,0.00,0.000,6.8,11.4,1.8,194,15,7.5,11.8,2.0,193,16,6.8,11.4,1.8,194,15,623,30.04,-0.1,,,,,,,,,
STAT,2017-08-21 13:20:00 EDT,40.60402,-74.14850,109,84.8,83.8,85.5,47.0,62.3,0.000,0.000,0.00,0.000,5.6,8.8,1.6,207,17,6.2,9.7,1.5,208,16,5.6,8.8,1.6,207,17,628,30.05,0.1,,,,,,,,,
STAT,2017-08-21 13:25:00 EDT,40.60402,-74.14850,109,84.6,83.7,85.4,47.5,62.5,0.000,0.000,0.00,0.000,6.0,10.2,1.7,214,20,6.6,11.5,2.0,213,21,6.0,10.2,1.7,214,20,540,30.04,0.1,,,,,,,,,
STAT,2017-08-21 13:30:00 EDT,40.60402,-74.14850,109,84.7,84.1,85.6,47.7,62.7,0.000,0.000,0.00,0.000,4.9,7.7,1.5,204,23,5.7,10.2,1.8,202,23,4.9,7.7,1.5,204,23,837,30.04,0.2,,,,,,,,,
STAT,2017-08-21 13:35:00 EDT,40.60402,-74.14850,109,85.2,84.3,85.8,46.2,62.2,0.000,0.000,0.00,0.000,5.0,9.3,1.6,198,24,5.9,12.0,1.9,193,23,5.0,9.3,1.6,198,24,851,30.04,0.3,,,,,,,,,
STAT,2017-08-21 13:40:00 EDT,40.60402,-74.14850,109,85.8,84.2,86.6,46.3,62.8,0.000,0.000,0.00,0.000,7.0,13.4,2.6,174,19,7.9,14.9,3.0,173,18,7.0,13.4,2.6,174,19,724,30.04,0.3,,,,,,,,,
STAT,2017-08-21 13:45:00 EDT,40.60402,-74.14850,109,85.4,84.2,86.0,46.0,62.3,0.000,0.000,0.00,0.000,7.6,12.8,2.3,211,18,8.3,13.9,2.3,209,18,7.6,12.8,2.3,211,18,498,30.03,0.1,,,,,,,,,
STAT,2017-08-21 13:50:00 EDT,40.60402,-74.14850,109,85.4,84.4,86.1,46.5,62.5,0.000,0.000,0.00,0.000,6.1,12.6,2.5,207,19,6.7,14.2,2.6,204,17,6.1,12.6,2.5,207,19,470,30.03,0.2,,,,,,,,,
STAT,2017-08-21 13:55:00 EDT,40.60402,-74.14850,109,85.3,84.2,86.1,46.9,62.7,0.000,0.000,0.00,0.000,6.5,13.3,2.8,194,22,7.2,14.0,2.9,195,20,6.5,13.3,2.8,194,22,630,30.03,0.2,,,,,,,,,
STAT,2017-08-21 14:00:00 EDT,40.60402,-74.14850,109,85.9,84.5,86.8,46.6,63.0,0.000,0.000,0.00,0.000,7.1,13.5,3.0,192,18,8.3,15.2,3.2,188,17,7.1,13.5,3.0,192,18,614,30.03,-0.0,,,,,,,,,
STAT,2017-08-21 14:05:00 EDT,40.60402,-74.14850,109,85.2,84.0,86.2,47.5,63.1,0.000,0.000,0.00,0.000,7.8,12.3,1.9,185,13,8.9,14.4,2.0,183,12,7.8,12.3,1.9,185,13,547,30.03,-0.0,,,,,,,,,
STAT,2017-08-21 14:10:00 EDT,40.60402,-74.14850,109,84.8,84.1,85.8,48.1,63.0,0.000,0.000,0.00,0.000,5.0,9.9,2.0,212,21,5.6,10.3,1.9,212,18,5.0,9.9,2.0,212,21,380,30.03,0.0,,,,,,,,,
STAT,2017-08-21 14:15:00 EDT,40.60402,-74.14850,109,84.5,83.6,85.6,49.3,63.4,0.000,0.000,0.00,0.000,5.6,8.9,1.4,199,23,6.0,9.2,1.5,197,23,5.6,8.9,1.4,199,23,257,30.03,0.3,,,,,,,,,
STAT,2017-08-21 14:20:00 EDT,40.60402,-74.14850,109,83.7,82.7,85.3,52.7,64.6,0.000,0.000,0.00,0.000,4.4,7.2,1.6,167,15,5.0,8.5,1.6,165,14,4.4,7.2,1.6,167,15,242,30.03,0.2,,,,,,,,,
STAT,2017-08-21 14:25:00 EDT,40.60402,-74.14850,109,83.0,82.2,84.9,54.9,65.1,0.000,0.000,0.00,0.000,4.1,6.6,1.0,174,21,4.8,7.9,1.3,173,20,4.1,6.6,1.0,174,21,212,30.03,0.2,,,,,,,,,
STAT,2017-08-21 14:30:00 EDT,40.60402,-74.14850,109,83.0,82.1,84.9,55.3,65.4,0.000,0.000,0.00,0.000,4.5,8.5,1.3,164,20,5.2,9.7,1.6,164,19,4.5,8.5,1.3,164,20,262,30.03,0.1,,,,,,,,,
STAT,2017-08-21 14:35:00 EDT,40.60402,-74.14850,109,83.3,82.1,85.5,56.2,66.1,0.000,0.000,0.00,0.000,3.4,7.3,1.5,160,23,4.0,7.8,1.5,160,21,3.4,7.3,1.5,160,23,209,30.03,0.3,,,,,,,,,
STAT,2017-08-21 14:40:00 EDT,40.60402,-74.14850,109,82.6,81.8,84.6,56.8,65.7,0.000,0.000,0.00,0.000,4.5,8.7,1.2,159,21,5.0,9.4,1.4,159,21,4.5,8.7,1.2,159,21,156,30.03,0.0,,,,,,,,,
STAT,2017-08-21 14:45:00 EDT,40.60402,-74.14850,109,82.3,81.5,84.6,58.3,66.2,0.000,0.000,0.00,0.000,4.5,8.4,1.7,151,18,5.2,9.1,1.8,152,19,4.5,8.4,1.7,151,18,167,30.02,0.2,,,,,,,,,
STAT,2017-08-21 14:50:00 EDT,40.60402,-74.14850,109,81.9,81.3,84.2,59.7,66.5,0.000,0.000,0.00,0.000,4.6,7.5,1.5,155,19,5.2,8.8,1.6,150,18,4.6,7.5,1.5,155,19,149,30.02,0.2,,,,,,,,,
STAT,2017-08-21 14:55:00 EDT,40.60402,-74.14850,109,81.4,80.9,83.9,61.8,67.1,0.000,0.000,0.00,0.000,4.9,7.1,1.2,143,14,5.2,8.4,1.3,142,14,4.9,7.1,1.2,143,14,142,30.02,0.4,,,,,,,,,
STAT,2017-08-21 15:00:00 EDT,40.60402,-74.14850,109,81.3,80.7,83.9,63.0,67.5,0.000,0.000,0.00,0.000,4.6,7.5,1.2,135,15,4.8,7.5,1.3,131,13,4.6,7.5,1.2,135,15,178,30.01,0.3,,,,,,,,,
STAT,2017-08-21 15:05:00 EDT,40.60402,-74.14850,109,81.3,80.7,84.0,63.0,67.5,0.000,0.000,0.00,0.000,4.4,7.3,1.2,143,15,4.8,7.0,1.2,141,15,4.4,7.3,1.2,143,15,248,30.01,0.3,,,,,,,,,
STAT,2017-08-21 15:10:00 EDT,40.60402,-74.14850,109,81.5,80.9,84.1,62.6,67.5,0.000,0.000,0.00,0.000,5.2,9.5,1.5,139,14,5.6,10.7,1.6,137,13,5.2,9.5,1.5,139,14,307,30.01,0.2,,,,,,,,,
STAT,2017-08-21 15:15:00 EDT,40.60402,-74.14850,109,81.9,81.3,84.6,61.8,67.5,0.000,0.000,0.00,0.000,4.0,7.1,1.5,151,18,4.5,7.5,1.4,148,16,4.0,7.1,1.5,151,18,317,30.01,0.2,,,,,,,,,
STAT,2017-08-21 15:20:00 EDT,40.60402,-74.14850,109,82.2,81.5,84.9,60.5,67.2,0.000,0.000,0.00,0.000,4.0,7.5,1.3,148,19,4.5,9.0,1.4,146,18,4.0,7.5,1.3,148,19,313,30.01,0.3,,,,,,,,,
STAT,2017-08-21 15:25:00 EDT,40.60402,-74.14850,109,82.5,81.7,85.1,60.0,67.2,0.000,0.000,0.00,0.000,4.1,7.2,1.2,157,23,4.8,8.8,1.5,156,23,4.1,7.2,1.2,157,23,313,30.01,0.2,,,,,,,,,
STAT,2017-08-21 15:30:00 EDT,40.60402,-74.14850,109,83.0,82.0,85.5,58.4,66.9,0.000,0.000,0.00,0.000,3.3,5.6,1.2,165,20,4.0,7.8,1.3,165,19,3.3,5.6,1.2,165,20,336,30.01,0.3,,,,,,,,,
STAT,2017-08-21 15:35:00 EDT,40.60402,-74.14850,109,83.2,82.3,86.0,58.7,67.3,0.000,0.000,0.00,0.000,5.1,7.7,1.5,173,18,5.9,8.4,1.5,171,18,5.1,7.7,1.5,173,18,501,30.01,0.3,,,,,,,,,
STAT,2017-08-21 15:40:00 EDT,40.60402,-74.14850,109,83.7,82.8,86.4,57.6,67.2,0.000,0.000,0.00,0.000,4.8,11.0,2.1,168,21,5.8,11.5,2.3,167,20,4.8,11.0,2.1,168,21,552,30.01,0.2,,,,,,,,,
STAT,2017-08-21 15:45:00 EDT,40.60402,-74.14850,109,84.5,83.6,86.7,53.8,65.9,0.000,0.000,0.00,0.000,6.6,11.7,2.7,191,19,7.4,13.7,2.7,188,15,6.6,11.7,2.7,191,19,407,30.01,0.0,,,,,,,,,
STAT,2017-08-21 15:50:00 EDT,40.60402,-74.14850,109,84.6,83.9,86.5,52.4,65.3,0.000,0.000,0.00,0.000,5.3,10.2,1.7,212,21,5.9,12.4,2.1,211,20,5.3,10.2,1.7,212,21,340,30.01,0.3,,,,,,,,,
STAT,2017-08-21 15:55:00 EDT,40.60402,-74.14850,109,84.7,84.2,86.5,51.8,65.0,0.000,0.000,0.00,0.000,6.3,12.5,2.0,228,16,6.6,14.3,2.0,229,15,6.3,12.5,2.0,228,16,622,30.01,0.2,,,,,,,,,
STAT,2017-08-21 16:00:00 EDT,40.60402,-74.14850,109,84.9,84.2,86.6,51.3,64.9,0.000,0.000,0.00,0.000,7.3,13.5,2.1,215,21,8.1,16.2,2.2,213,21,7.3,13.5,2.1,215,21,597,30.01,0.2,,,,,,,,,
STAT,2017-08-21 16:05:00 EDT,40.60402,-74.14850,109,84.6,84.0,86.3,51.2,64.6,0.000,0.000,0.00,0.000,7.8,11.8,1.8,220,21,8.5,12.9,2.0,221,21,7.8,11.8,1.8,220,21,565,30.01,0.1,,,,,,,,,
STAT,2017-08-21 16:10:00 EDT,40.60402,-74.14850,109,85.0,84.2,86.7,51.1,64.9,0.000,0.000,0.00,0.000,7.4,12.4,2.0,206,21,8.2,15.0,2.3,204,19,7.4,12.4,2.0,206,21,549,30.01,0.1,,,,,,,,,
STAT,2017-08-21 16:15:00 EDT,40.60402,-74.14850,109,84.9,84.1,86.6,50.9,64.7,0.000,0.000,0.00,0.000,7.6,12.4,2.0,212,19,8.0,13.9,2.0,212,16,7.6,12.4,2.0,212,19,529,30.01,0.2,,,,,,,,,
STAT,2017-08-21 16:20:00 EDT,40.60402,-74.14850,109,84.9,84.1,86.7,51.3,65.0,0.000,0.000,0.00,0.000,6.4,11.5,1.8,188,20,7.1,14.5,2.2,185,18,6.4,11.5,1.8,188,20,519,30.00,0.1,,,,,,,,,
STAT,2017-08-21 16:25:00 EDT,40.60402,-74.14850,109,85.0,84.2,86.8,51.3,65.0,0.000,0.000,0.00,0.000,8.7,14.2,2.0,207,19,9.6,14.2,2.2,205,17,8.7,14.2,2.0,207,19,507,30.00,0.3,,,,,,,,,
STAT,2017-08-21 16:30:00 EDT,40.60402,-74.14850,109,84.8,83.8,86.7,51.7,65.1,0.000,0.000,0.00,0.000,9.9,14.2,2.1,189,10,11.0,15.6,2.7,187,10,9.9,14.2,2.1,189,10,495,30.00,0.2,,,,,,,,,
STAT,2017-08-21 16:35:00 EDT,40.60402,-74.14850,109,84.9,84.0,86.8,52.0,65.3,0.000,0.000,0.00,0.000,9.1,16.7,2.5,183,14,10.1,20.2,2.9,183,13,9.1,16.7,2.5,183,14,481,30.00,0.4,,,,,,,,,
STAT,2017-08-21 16:40:00 EDT,40.60402,-74.14850,109,84.9,83.9,86.7,51.9,65.2,0.000,0.000,0.00,0.000,8.3,14.3,2.7,192,10,9.4,15.8,3.0,189,10,8.3,14.3,2.7,192,10,466,30.00,0.2,,,,,,,,,
STAT,2017-08-21 16:45:00 EDT,40.60402,-74.14850,109,85.0,84.3,87.1,52.4,65.6,0.000,0.000,0.00,0.000,6.9,12.1,2.3,206,19,7.6,13.5,2.6,205,21,6.9,12.1,2.3,206,19,456,29.99,-0.0,,,,,,,,,
STAT,2017-08-21 16:50:00 EDT,40.60402,-74.14850,109,85.3,84.5,87.4,51.8,65.6,0.000,0.000,0.00,0.000,5.7,10.7,2.4,198,21,6.3,12.5,2.7,196,21,5.7,10.7,2.4,198,21,442,30.00,0.2,,,,,,,,,
STAT,2017-08-21 16:55:00 EDT,40.60402,-74.14850,109,84.7,84.2,86.5,51.9,65.1,0.000,0.000,0.00,0.000,8.9,14.1,2.7,215,19,9.6,15.6,2.9,213,17,8.9,14.1,2.7,215,19,420,30.00,0.3,,,,,,,,,
STAT,2017-08-21 17:00:00 EDT,40.60402,-74.14850,109,84.4,83.8,86.4,53.0,65.4,0.000,0.000,0.00,0.000,8.9,16.2,2.6,198,14,9.7,18.5,3.1,197,12,8.9,16.2,2.6,198,14,196,30.00,0.2,,,,,,,,,
STAT,2017-08-21 17:05:00 EDT,40.60402,-74.14850,109,84.4,83.9,86.6,53.7,65.8,0.000,0.000,0.00,0.000,5.2,10.7,2.0,204,19,5.7,12.1,2.2,203,19,5.2,10.7,2.0,204,19,226,30.00,0.1,,,,,,,,,
STAT,2017-08-21 17:10:00 EDT,40.60402,-74.14850,109,84.4,83.9,86.5,53.6,65.7,0.000,0.000,0.00,0.000,7.7,12.6,2.5,212,24,8.6,14.1,2.7,210,25,7.7,12.6,2.5,212,24,142,30.01,0.4,,,,,,,,,
STAT,2017-08-21 17:15:00 EDT,40.60402,-74.14850,109,83.3,82.7,85.9,57.8,66.9,0.000,0.000,0.00,0.000,4.1,10.0,2.3,149,22,4.8,11.5,2.3,151,22,4.1,10.0,2.3,149,22,112,30.01,0.3,,,,,,,,,
STAT,2017-08-21 17:20:00 EDT,40.60402,-74.14850,109,82.7,82.1,85.5,60.2,67.5,0.000,0.000,0.00,0.000,4.6,8.7,1.9,156,23,5.2,9.6,2.0,154,20,4.6,8.7,1.9,156,23,129,30.01,0.3,,,,,,,,,
STAT,2017-08-21 17:25:00 EDT,40.60402,-74.14850,109,82.6,81.9,85.6,61.1,67.9,0.000,0.000,0.00,0.000,5.0,9.0,1.7,161,18,5.7,12.0,2.0,160,17,5.0,9.0,1.7,161,18,176,30.01,0.3,,,,,,,,,
STAT,2017-08-21 17:30:00 EDT,40.60402,-74.14850,109,82.6,82.0,85.5,61.1,67.8,0.000,0.000,0.00,0.000,4.8,8.2,1.8,165,18,5.5,9.7,1.8,163,18,4.8,8.2,1.8,165,18,139,30.00,0.3,,,,,,,,,
STAT,2017-08-21 17:35:00 EDT,40.60402,-74.14850,109,82.5,81.9,85.4,61.3,67.8,0.000,0.000,0.00,0.000,5.2,8.0,1.3,165,14,6.0,10.0,1.5,165,13,5.2,8.0,1.3,165,14,158,30.00,0.3,,,,,,,,,
STAT,2017-08-21 17:40:00 EDT,40.60402,-74.14850,109,82.4,81.9,85.4,61.8,68.0,0.000,0.000,0.00,0.000,5.9,9.4,2.0,167,18,6.9,11.5,2.3,167,16,5.9,9.4,2.0,167,18,130,30.00,0.1,,,,,,,,,
STAT,2017-08-21 17:45:00 EDT,40.60402,-74.14850,109,82.2,81.9,85.1,61.9,67.9,0.000,0.000,0.00,0.000,6.6,9.8,1.3,176,13,7.4,12.4,1.7,175,11,6.6,9.8,1.3,176,13,96,30.00,0.3,,,,,,,,,
STAT,2017-08-21 17:50:00 EDT,40.60402,-74.14850,109,82.5,82.0,85.4,61.3,67.8,0.000,0.000,0.00,0.000,7.1,11.0,2.3,180,12,7.8,14.2,2.8,181,12,7.1,11.0,2.3,180,12,154,29.99,0.2,,,,,,,,,
STAT,2017-08-21 17:55:00 EDT,40.60402,-74.14850,109,82.7,82.2,85.6,60.7,67.7,0.000,0.000,0.00,0.000,3.9,7.6,1.6,185,17,4.7,9.3,1.8,182,16,3.9,7.6,1.6,185,17,114,29.99,0.5,,,,,,,,,
STAT,2017-08-21 18:00:00 EDT,40.60402,-74.14850,109,82.8,82.4,85.4,59.2,67.1,0.000,0.000,0.00,0.000,6.1,11.1,2.3,184,16,6.8,12.5,2.6,182,16,6.1,11.1,2.3,184,16,88,29.99,0.1,,,,,,,,,
STAT,2017-08-21 18:05:00 EDT,40.60402,-74.14850,109,82.8,82.5,85.3,58.2,66.6,0.000,0.000,0.00,0.000,7.4,12.7,2.0,191,14,8.1,14.8,2.4,190,13,7.4,12.7,2.0,191,14,117,29.99,0.3,,,,,,,,,
STAT,2017-08-21 18:10:00 EDT,40.60402,-74.14850,109,82.8,82.5,85.3,58.3,66.7,0.000,0.000,0.00,0.000,4.9,8.7,1.6,187,17,5.6,11.0,1.9,185,16,4.9,8.7,1.6,187,17,168,29.98,0.3,,,,,,,,,
STAT,2017-08-21 18:15:00 EDT,40.60402,-74.14850,109,82.7,82.4,85.1,58.4,66.6,0.000,0.000,0.00,0.000,6.5,10.4,1.6,185,16,7.4,12.0,1.9,184,14,6.5,10.4,1.6,185,16,105,29.98,0.3,,,,,,,,,
STAT,2017-08-21 18:20:00 EDT,40.60402,-74.14850,109,82.7,82.3,85.1,58.7,66.7,0.000,0.000,0.00,0.000,5.4,10.2,1.8,184,15,6.2,11.6,2.0,182,13,5.4,10.2,1.8,184,15,189,29.98,0.3,,,,,,,,,
STAT,2017-08-21 18:25:00 EDT,40.60402,-74.14850,109,82.8,82.4,85.3,58.7,66.8,0.000,0.000,0.00,0.000,7.6,13.0,2.3,188,14,8.5,14.6,2.6,188,11,7.6,13.0,2.3,188,14,194,29.98,0.2,,,,,,,,,
STAT,2017-08-21 18:30:00 EDT,40.60402,-74.14850,109,82.8,82.4,85.4,59.0,67.0,0.000,0.000,0.00,0.000,9.0,13.7,1.7,190,13,10.0,16.0,2.1,190,10,9.0,13.7,1.7,190,13,179,29.98,0.5,,,,,,,,,
STAT,2017-08-21 18:35:00 EDT,40.60402,-74.14850,109,82.8,82.4,85.4,59.3,67.1,0.000,0.000,0.00,0.000,7.5,13.3,2.3,190,17,8.1,15.8,2.7,188,14,7.5,13.3,2.3,190,17,158,29.98,0.3,,,,,,,,,
STAT,2017-08-21 18:40:00 EDT,40.60402,-74.14850,109,82.6,82.2,85.1,59.3,66.9,0.000,0.000,0.00,0.000,9.7,13.5,1.9,197,14,10.8,16.6,2.5,193,13,9.7,13.5,1.9,197,14,141,29.97,-0.1,,,,,,,,,
STAT,2017-08-21 18:45:00 EDT,40.60402,-74.14850,109,82.3,82.0,84.8,59.8,66.9,0.000,0.000,0.00,0.000,8.3,15.0,2.5,196,15,9.2,17.2,2.8,194,14,8.3,15.0,2.5,196,15,106,29.98,0.2,,,,,,,,,
STAT,2017-08-21 18:50:00 EDT,40.60402,-74.14850,109,82.0,81.8,84.6,60.7,67.1,0.000,0.000,0.00,0.000,8.9,12.9,1.9,193,17,10.0,15.6,2.1,191,16,8.9,12.9,1.9,193,17,99,29.98,0.2,,,,,,,,,
STAT,2017-08-21 18:55:00 EDT,40.60402,-74.14850,109,82.0,81.8,84.6,61.1,67.3,0.000,0.000,0.00,0.000,8.7,15.9,2.8,205,18,9.6,17.7,3.1,203,15,8.7,15.9,2.8,205,18,78,29.98,0.2,,,,,,,,,
STAT,2017-08-21 19:00:00 EDT,40.60402,-74.14850,109,81.8,81.6,84.4,61.6,67.3,0.000,0.000,0.00,0.000,8.3,13.8,2.7,200,19,9.1,15.7,3.0,199,18,8.3,13.8,2.7,200,19,52,29.98,0.2,,,,,,,,,
STAT,2017-08-21 19:05:00 EDT,40.60402,-74.14850,109,81.6,81.4,84.2,62.5,67.5,0.000,0.000,0.00,0.000,9.2,14.1,2.4,196,14,10.2,16.7,2.7,194,12,9.2,14.1,2.4,196,14,20,29.98,0.1,,,,,,,,,
STAT,2017-08-21 19:10:00 EDT,40.60402,-74.14850,109,81.3,81.2,84.0,63.4,67.7,0.000,0.000,0.00,0.000,7.4,14.0,2.8,195,18,8.1,16.8,3.0,194,15,7.4,14.0,2.8,195,18,13,29.98,0.2,,,,,,,,,
STAT,2017-08-21 19:15:00 EDT,40.60402,-74.14850,109,81.1,81.0,83.8,64.3,67.9,0.000,0.000,0.00,0.000,6.0,11.0,2.1,200,17,6.4,12.3,2.3,197,17,6.0,11.0,2.1,200,17,11,29.99,0.2,,,,,,,,,
STAT,2017-08-21 19:20:00 EDT,40.60402,-74.14850,109,80.9,80.9,83.7,64.9,68.0,0.000,0.000,0.00,0.000,5.6,10.2,2.2,190,19,6.6,11.5,2.3,190,15,5.6,10.2,2.2,190,19,9,29.99,0.2,,,,,,,,,
STAT,2017-08-21 19:25:00 EDT,40.60402,-74.14850,109,80.8,80.8,83.6,65.5,68.2,0.000,0.000,0.00,0.000,6.7,10.5,1.6,196,13,7.2,12.1,1.9,192,12,6.7,10.5,1.6,196,13,9,29.99,0.2,,,,,,,,,
STAT,2017-08-21 19:30:00 EDT,40.60402,-74.14850,109,80.7,80.7,83.5,66.0,68.3,0.000,0.000,0.00,0.000,6.8,12.1,1.9,195,13,7.6,14.4,2.2,193,11,6.8,12.1,1.9,195,13,8,29.99,0.2,,,,,,,,,
STAT,2017-08-21 19:35:00 EDT,40.60402,-74.14850,109,80.6,80.6,83.4,66.4,68.4,0.000,0.000,0.00,0.000,5.5,9.2,1.4,208,16,6.0,9.9,1.6,208,16,5.5,9.2,1.4,208,16,7,29.99,0.2,,,,,,,,,
STAT,2017-08-21 19:40:00 EDT,40.60402,-74.14850,109,80.7,80.7,83.5,66.6,68.5,0.000,0.000,0.00,0.000,5.7,10.4,1.8,214,18,6.2,11.9,2.1,212,17,5.7,10.4,1.8,214,18,5,29.99,0.2,,,,,,,,,
STAT,2017-08-21 19:45:00 EDT,40.60402,-74.14850,109,80.7,80.7,83.6,66.4,68.5,0.000,0.000,0.00,0.000,7.9,13.3,2.3,214,13,8.6,14.1,2.5,213,13,7.9,13.3,2.3,214,13,3,29.99,0.2,,,,,,,,,
STAT,2017-08-21 19:50:00 EDT,40.60402,-74.14850,109,80.5,80.5,83.4,66.7,68.4,0.000,0.000,0.00,0.000,5.2,9.1,2.0,214,18,5.8,9.7,1.7,212,18,5.2,9.1,2.0,214,18,2,29.98,0.2,,,,,,,,,
STAT,2017-08-21 19:55:00 EDT,40.60402,-74.14850,109,80.4,80.4,83.2,67.3,68.5,0.000,0.000,0.00,0.000,5.9,11.8,2.0,203,17,6.6,14.9,2.2,203,16,5.9,11.8,2.0,203,17,1,29.98,0.3,,,,,,,,,
STAT,2017-08-21 20:00:00 EDT,40.60402,-74.14850,109,80.3,80.3,83.2,67.6,68.6,0.000,0.000,0.00,0.000,6.9,12.9,2.2,214,18,7.4,14.7,2.3,212,18,6.9,12.9,2.2,214,18,0,29.99,0.2,,,,,,,,,
STAT,2017-08-21 20:05:00 EDT,40.60402,-74.14850,109,80.3,80.3,83.1,67.7,68.6,0.000,0.000,0.00,0.000,5.5,8.3,1.4,216,17,6.1,11.0,1.5,213,16,5.5,8.3,1.4,216,17,0,29.99,0.2,,,,,,,,,
STAT,2017-08-21 20:10:00 EDT,40.60402,-74.14850,109,80.1,80.1,82.9,68.1,68.6,0.000,0.000,0.00,0.000,6.8,12.9,2.7,212,19,7.3,13.8,2.9,212,18,6.8,12.9,2.7,212,19,0,29.99,0.1,,,,,,,,,
STAT,2017-08-21 20:15:00 EDT,40.60402,-74.14850,109,80.1,80.1,82.9,68.1,68.7,0.000,0.000,0.00,0.000,6.8,11.4,1.9,214,16,7.2,11.9,2.1,213,15,6.8,11.4,1.9,214,16,0,29.99,0.2,,,,,,,,,
STAT,2017-08-21 20:20:00 EDT,40.60402,-74.14850,109,80.0,80.0,80.0,68.6,68.7,0.000,0.000,0.00,0.000,6.2,11.2,1.8,212,16,6.8,12.4,2.0,211,15,6.2,11.2,1.8,212,16,0,29.99,0.2,,,,,,,,,
STAT,2017-08-21 20:25:00 EDT,40.60402,-74.14850,109,79.9,79.9,79.9,68.9,68.7,0.000,0.000,0.00,0.000,6.5,10.7,1.7,213,16,7.0,11.1,1.7,213,16,6.5,10.7,1.7,213,16,0,29.99,0.2,,,,,,,,,
STAT,2017-08-21 20:30:00 EDT,40.60402,-74.14850,109,79.6,79.7,79.6,69.4,68.8,0.000,0.000,0.00,0.000,5.5,9.7,1.6,205,17,6.3,11.3,2.0,204,15,5.5,9.7,1.6,205,17,0,29.99,0.2,,,,,,,,,
STAT,2017-08-21 20:35:00 EDT,40.60402,-74.14850,109,79.4,79.5,79.4,70.2,68.8,0.000,0.000,0.00,0.000,5.6,10.1,1.6,200,20,6.6,11.8,2.1,197,15,5.6,10.1,1.6,200,20,0,29.99,0.2,,,,,,,,,
STAT,2017-08-21 20:40:00 EDT,40.60402,-74.14850,109,79.3,79.3,79.3,71.0,69.1,0.000,0.000,0.00,0.000,6.5,10.9,1.9,201,16,7.3,13.2,2.1,198,15,6.5,10.9,1.9,201,16,0,29.99,0.2,,,,,,,,,
STAT,2017-08-21 20:45:00 EDT,40.60402,-74.14850,109,79.1,79.2,79.1,71.7,69.2,0.000,0.000,0.00,0.000,6.3,10.2,1.5,207,18,6.8,10.6,1.6,206,16,6.3,10.2,1.5,207,18,0,29.99,0.2,,,,,,,,,
STAT,2017-08-21 20:50:00 EDT,40.60402,-74.14850,109,79.1,79.1,79.1,72.1,69.3,0.000,0.000,0.00,0.000,6.1,10.7,2.0,212,15,6.8,12.3,2.1,210,14,6.1,10.7,2.0,212,15,0,30.00,0.2,,,,,,,,,
STAT,2017-08-21 20:55:00 EDT,40.60402,-74.14850,109,78.9,79.0,78.9,72.5,69.3,0.000,0.000,0.00,0.000,5.5,9.4,1.7,212,20,6.0,9.3,1.7,210,19,5.5,9.4,1.7,212,20,0,30.00,0.2,,,,,,,,,
STAT,2017-08-21 21:00:00 EDT,40.60402,-74.14850,109,78.8,78.8,78.8,73.2,69.5,0.000,0.000,0.00,0.000,7.0,11.3,1.7,221,14,7.5,13.4,1.7,218,13,7.0,11.3,1.7,221,14,0,30.00,0.2,,,,,,,,,
STAT,2017-08-21 21:05:00 EDT,40.60402,-74.14850,109,78.7,78.7,78.7,73.7,69.6,0.000,0.000,0.00,0.000,6.7,10.7,1.7,208,15,7.3,12.3,1.8,206,14,6.7,10.7,1.7,208,15,0,30.00,0.0,,,,,,,,,
STAT,2017-08-21 21:10:00 EDT,40.60402,-74.14850,109,78.4,78.5,78.4,74.3,69.6,0.000,0.000,0.00,0.000,7.5,14.4,2.7,208,12,7.8,15.5,2.9,206,11,7.5,14.4,2.7,208,12,0,30.00,0.2,,,,,,,,,
STAT,2017-08-21 21:15:00 EDT,40.60402,-74.14850,109,78.4,78.5,78.4,74.2,69.5,0.000,0.000,0.00,0.000,7.7,12.9,2.3,214,15,8.1,13.5,2.3,212,15,7.7,12.9,2.3,214,15,0,30.00,0.3,,,,,,,,,
STAT,2017-08-21 21:20:00 EDT,40.60402,-74.14850,109,78.4,78.4,78.4,74.0,69.4,0.000,0.000,0.00,0.000,8.4,13.7,2.4,217,14,9.0,16.5,2.3,215,13,8.4,13.7,2.4,217,14,0,30.00,0.1,,,,,,,,,
STAT,2017-08-21 21:25:00 EDT,40.60402,-74.14850,109,78.2,78.2,78.2,74.1,69.3,0.000,0.000,0.00,0.000,6.1,11.9,2.2,205,20,6.9,13.0,2.4,205,18,6.1,11.9,2.2,205,20,0,30.00,0.2,,,,,,,,,
STAT,2017-08-21 21:30:00 EDT,40.60402,-74.14850,109,78.1,78.1,78.1,74.4,69.2,0.000,0.000,0.00,0.000,6.6,10.7,2.1,213,17,7.4,12.2,2.1,213,17,6.6,10.7,2.1,213,17,0,30.00,0.2,,,,,,,,,
STAT,2017-08-21 21:35:00 EDT,40.60402,-74.14850,109,78.0,78.0,78.0,74.6,69.3,0.000,0.000,0.00,0.000,5.2,9.5,1.8,213,18,5.7,11.4,1.8,211,16,5.2,9.5,1.8,213,18,0,30.00,0.1,,,,,,,,,
STAT,2017-08-21 21:40:00 EDT,40.60402,-74.14850,109,77.8,77.9,77.8,75.0,69.3,0.000,0.000,0.00,0.000,5.9,9.6,1.6,210,18,6.4,11.5,1.8,209,16,5.9,9.6,1.6,210,18,0,30.00,0.2,,,,,,,,,
STAT,2017-08-21 21:45:00 EDT,40.60402,-74.14850,109,77.6,77.7,77.6,75.4,69.2,0.000,0.000,0.00,0.000,4.5,7.0,1.2,210,20,4.9,7.8,1.4,209,18,4.5,7.0,1.2,210,20,0,30.00,0.2,,,,,,,,,
STAT,2017-08-21 21:50:00 EDT,40.60402,-74.14850,109,77.4,77.5,77.4,76.1,69.3,0.000,0.000,0.00,0.000,4.8,9.4,1.3,203,17,5.3,10.5,1.5,203,15,4.8,9.4,1.3,203,17,0,30.00,0.3,,,,,,,,,
STAT,2017-08-21 21:55:00 EDT,40.60402,-74.14850,109,77.4,77.5,77.4,76.2,69.3,0.000,0.000,0.00,0.000,5.1,8.8,1.5,194,18,5.7,10.1,1.7,190,17,5.1,8.8,1.5,194,18,0,29.99,0.2,,,,,,,,,
STAT,2017-08-21 22:00:00 EDT,40.60402,-74.14850,109,77.1,77.3,77.1,76.7,69.2,0.000,0.000,0.00,0.000,3.9,8.0,1.2,197,11,4.2,8.8,1.3,196,11,3.9,8.0,1.2,197,11,0,29.99,0.2,,,,,,,,,
STAT,2017-08-21 22:05:00 EDT,40.60402,-74.14850,109,77.0,77.1,77.0,77.4,69.4,0.000,0.000,0.00,0.000,5.5,9.9,1.7,190,12,6.2,11.3,1.7,190,10,5.5,9.9,1.7,190,12,0,29.99,0.2,,,,,,,,,
STAT,2017-08-21 22:10:00 EDT,40.60402,-74.14850,109,76.9,77.0,76.9,77.9,69.5,0.000,0.000,0.00,0.000,5.0,8.4,1.5,192,19,5.5,9.7,1.6,189,18,5.0,8.4,1.5,192,19,0,29.99,0.2,,,,,,,,,
STAT,2017-08-21 22:15:00 EDT,40.60402,-74.14850,109,76.8,76.9,76.8,78.1,69.5,0.000,0.000,0.00,0.000,6.8,9.8,1.6,192,15,7.5,11.2,1.8,189,13,6.8,9.8,1.6,192,15,0,29.99,0.3,,,,,,,,,
STAT,2017-08-21 22:20:00 EDT,40.60402,-74.14850,109,76.7,76.7,76.7,78.6,69.5,0.000,0.000,0.00,0.000,5.7,8.4,1.3,187,13,6.5,10.5,1.5,184,11,5.7,8.4,1.3,187,13,0,29.99,0.1,,,,,,,,,
STAT,2017-08-21 22:25:00 EDT,40.60402,-74.14850,109,76.5,76.5,76.5,79.3,69.6,0.000,0.000,0.00,0.000,5.4,9.0,1.7,191,12,6.0,9.8,1.9,189,10,5.4,9.0,1.7,191,12,0,29.99,0.2,,,,,,,,,
STAT,2017-08-21 22:30:00 EDT,40.60402,-74.14850,109,76.3,76.4,76.3,79.9,69.6,0.000,0.000,0.00,0.000,5.2,9.1,1.7,196,15,5.9,12.5,1.9,194,14,5.2,9.1,1.7,196,15,0,29.99,0.2,,,,,,,,,
STAT,2017-08-21 22:35:00 EDT,40.60402,-74.14850,109,76.2,76.3,76.2,80.3,69.7,0.000,0.000,0.00,0.000,5.2,8.2,1.2,193,11,5.9,9.1,1.3,191,9,5.2,8.2,1.2,193,11,0,29.99,0.2,,,,,,,,,
STAT,2017-08-21 22:40:00 EDT,40.60402,-74.14850,109,76.2,76.3,76.2,80.4,69.8,0.000,0.000,0.00,0.000,5.0,8.8,1.6,189,13,5.5,9.3,1.8,188,11,5.0,8.8,1.6,189,13,0,29.99,0.1,,,,,,,,,
STAT,2017-08-21 22:45:00 EDT,40.60402,-74.14850,109,76.1,76.2,76.1,80.5,69.7,0.000,0.000,0.00,0.000,4.7,6.6,1.1,188,16,5.0,7.8,1.4,188,15,4.7,6.6,1.1,188,16,0,29.99,0.1,,,,,,,,,
STAT,2017-08-21 22:50:00 EDT,40.60402,-74.14850,109,76.1,76.2,76.1,80.9,69.8,0.000,0.000,0.00,0.000,5.8,9.1,1.4,199,14,6.4,10.8,1.8,197,12,5.8,9.1,1.4,199,14,0,29.99,0.2,,,,,,,,,
STAT,2017-08-21 22:55:00 EDT,40.60402,-74.14850,109,76.0,76.1,76.0,81.1,69.8,0.000,0.000,0.00,0.000,4.2,6.9,1.1,197,19,4.7,7.8,1.2,195,19,4.2,6.9,1.1,197,19,0,29.99,0.2,,,,,,,,,
STAT,2017-08-21 23:00:00 EDT,40.60402,-74.14850,109,75.9,76.0,75.9,81.2,69.8,0.000,0.000,0.00,0.000,5.7,8.7,1.7,198,17,6.5,10.6,1.9,196,16,5.7,8.7,1.7,198,17,0,29.99,0.2,,,,,,,,,
STAT,2017-08-21 23:05:00 EDT,40.60402,-74.14850,109,75.9,76.0,75.9,81.1,69.7,0.000,0.000,0.00,0.000,5.7,9.7,1.5,193,11,6.2,10.1,1.8,192,12,5.7,9.7,1.5,193,11,0,29.98,0.2,,,,,,,,,
STAT,2017-08-21 23:10:00 EDT,40.60402,-74.14850,109,75.8,76.0,75.8,81.3,69.7,0.000,0.000,0.00,0.000,5.5,8.2,1.4,196,16,6.0,9.4,1.6,195,16,5.5,8.2,1.4,196,16,0,29.98,0.1,,,,,,,,,
STAT,2017-08-21 23:15:00 EDT,40.60402,-74.14850,109,75.7,75.9,75.7,81.4,69.6,0.000,0.000,0.00,0.000,5.1,8.9,1.7,199,17,5.5,10.1,1.8,197,16,5.1,8.9,1.7,199,17,0,29.98,0.2,,,,,,,,,
STAT,2017-08-21 23:20:00 EDT,40.60402,-74.14850,109,75.6,75.7,75.6,81.5,69.6,0.000,0.000,0.00,0.000,4.7,8.1,1.6,200,15,5.4,9.4,1.6,197,15,4.7,8.1,1.6,200,15,0,29.98,0.1,,,,,,,,,
STAT,2017-08-21 23:25:00 EDT,40.60402,-74.14850,109,75.6,75.7,75.6,81.6,69.5,0.000,0.000,0.00,0.000,4.9,8.6,1.3,197,16,5.5,9.4,1.3,195,15,4.9,8.6,1.3,197,16,0,29.98,0.1,,,,,,,,,
STAT,2017-08-21 23:30:00 EDT,40.60402,-74.14850,109,75.7,75.7,75.7,81.4,69.6,0.000,0.000,0.00,0.000,6.0,9.0,1.4,195,11,6.6,10.1,1.6,193,10,6.0,9.0,1.4,195,11,0,29.98,0.1,,,,,,,,,
STAT,2017-08-21 23:35:00 EDT,40.60402,-74.14850,109,75.5,75.6,75.5,81.5,69.5,0.000,0.000,0.00,0.000,5.2,8.7,1.2,199,14,5.8,8.5,1.4,197,14,5.2,8.7,1.2,199,14,0,29.98,0.2,,,,,,,,,
STAT,2017-08-21 23:40:00 EDT,40.60402,-74.14850,109,75.4,75.5,75.4,81.9,69.5,0.000,0.000,0.00,0.000,4.1,7.7,1.2,194,16,4.8,8.4,1.3,192,14,4.1,7.7,1.2,194,16,0,29.98,0.2,,,,,,,,,
STAT,2017-08-21 23:45:00 EDT,40.60402,-74.14850,109,75.4,75.5,75.4,82.0,69.5,0.000,0.000,0.00,0.000,5.5,10.2,1.8,194,12,6.2,12.3,1.9,192,11,5.5,10.2,1.8,194,12,0,29.98,0.2,,,,,,,,,
STAT,2017-08-21 23:50:00 EDT,40.60402,-74.14850,109,75.3,75.4,75.3,82.2,69.5,0.000,0.000,0.00,0.000,4.6,9.1,1.6,201,16,5.3,9.9,1.7,199,15,4.6,9.1,1.6,201,16,0,29.98,0.2,,,,,,,,,
STAT,2017-08-21 23:55:00 EDT,40.60402,-74.14850,109,75.3,75.4,75.3,82.4,69.6,0.000,0.000,0.00,0.000,4.7,6.9,0.9,199,11,5.2,8.5,1.0,197,10,4.7,6.9,0.9,199,11,0,29.98,0.2,,,,,,,,,
STEP,2017-08-21 00:00:00 EDT,42.52620,-73.35906,951,56.0,57.0,56.0,99.4,55.8,0.000,0.000,0.00,0.000,0.3,0.7,0.2,354,0,0.9,1.2,0.2,170,11,0.3,0.7,0.2,354,0,0,29.15,,0,0,0,67.2,68.2,66.0,0.19,0.23,0.28
STEP,2017-08-21 00:05:00 EDT,42.52620,-73.35906,951,55.7,56.8,55.7,99.4,55.5,0.000,0.000,0.00,0.000,0.2,0.5,0.2,354,0,0.8,1.0,0.1,176,10,0.2,0.5,0.2,354,0,0,29.15,,0,0,0,67.1,68.1,65.9,0.19,0.23,0.28
STEP,2017-08-21 00:10:00 EDT,42.52620,-73.35906,951,55.9,56.8,55.9,99.4,55.7,0.000,0.000,0.00,0.000,0.0,0.0,0.0,0,0,0.3,0.8,0.2,133,60,0.0,0.0,0.0,0,0,0,29.15,,0,0,0,67.1,68.1,65.9,0.19,0.23,0.28
STEP,2017-08-21 00:15:00 EDT,42.52620,-73.35906,951,55.8,56.8,55.8,99.5,55.6,0.000,0.000,0.00,0.000,0.0,0.0,0.0,0,0,0.9,1.2,0.2,69,13,0.0,0.0,0.0,0,0,0,29.16,,0,0,0,67.1,68.2,66.0,0.19,0.23,0.28
STEP,2017-08-21 00:20:00 EDT,42.52620,-73.35906,951,55.8,56.9,55.8,99.5,55.6,0.000,0.000,0.00,0.000,0.0,0.0,0.0,0,0,0.7,1.1,0.2,61,9,0.0,0.0,0.0,0,0,0,29.16,,0,0,0,67.0,68.0,66.0,0.19,0.23,0.28
STEP,2017-08-21 00:25:00 EDT,42.52620,-73.35906,951,55.8,57.0,55.8,99.5,55.7,0.000,0.000,0.00,0.000,0.1,0.7,0.2,355,0,0.9,1.7,0.4,28,9,0.1,0.7,0.2,355,0,0,29.16,,0,0,0,66.8,68.0,66.0,0.19,0.23,0.28
STEP,2017-08-21 00:30:00 EDT,42.52620,-73.35906,951,55.6,56.7,55.6,99.5,55.5,0.000,0.000,0.00,0.000,0.7,0.9,0.1,355,0,1.5,1.8,0.1,24,10,0.7,0.9,0.1,355,0,0,29.16,,0,0,0,66.8,68.1,66.0,0.19,0.23,0.28
STEP,2017-08-21 00:35:00 EDT,42.52620,-73.35906,951,55.4,56.7,55.4,99.5,55.3,0.000,0.000,0.00,0.000,1.6,2.0,0.3,360,7,2.3,2.7,0.3,4,5,1.6,2.0,0.3,360,7,0,29.16,,0,0,0,66.8,68.1,66.0,0.19,0.23,0.28
STEP,2017-08-21 00:40:00 EDT,42.52620,-73.35906,951,55.5,56.7,55.5,99.5,55.4,0.000,0.000,0.00,0.000,1.6,1.8,0.1,335,5,1.9,2.3,0.2,334,6,1.6,1.8,0.1,335,5,0,29.16,,0,0,0,66.7,68.1,66.0,0.19,0.23,0.28
STEP,2017-08-21 00:45:00 EDT,42.52620,-73.35906,951,55.6,56.6,55.6,99.5,55.5,0.000,0.000,0.00,0.000,1.1,1.7,0.5,320,13,1.5,2.6,0.3,326,16,1.1,1.7,0.5,320,13,0,29.16,,0,0,0,66.6,68.1,66.0,0.19,0.23,0.28
STEP,2017-08-21 00:50:00 EDT,42.52620,-73.35906,951,55.4,56.4,55.4,99.5,55.3,0.000,0.000,0.00,0.000,0.2,0.7,0.3,303,0,0.7,1.2,0.3,272,23,0.2,0.7,0.3,303,0,0,29.16,,0,0,0,66.6,68.1,65.9,0.19,0.23,0.28
STEP,2017-08-21 00:55:00 EDT,42.52620,-73.35906,951,55.4,56.1,55.4,99.5,55.2,0.000,0.000,0.00,0.000,0.1,0.7,0.1,303,0,0.7,1.2,0.2,190,35,0.1,0.7,0.1,303,0,0,29.16,,0,0,0,66.6,68.0,66.0,0.19,0.23,0.28
STEP,2017-08-21 01:00:00 EDT,42.52620,-73.35906,951,55.2,55.8,55.2,99.5,55.0,0.000,0.000,0.00,0.000,0.5,1.1,0.3,181,30,1.0,1.4,0.2,154,9,0.5,1.1,0.3,181,30,0,29.16,,0,0,0,66.6,68.0,65.9,0.19,0.23,0.28
STEP,2017-08-21 01:05:00 EDT,42.52620,-73.35906,951,55.1,55.8,55.1,99.5,54.9,0.000,0.000,0.00,0.000,0.0,0.0,0.0,0,0,0.3,0.7,0.1,174,57,0.0,0.0,0.0,0,0,0,29.16,,0,0,0,66.5,68.0,66.0,0.19,0.23,0.28
STEP,2017-08-21 01:10:00 EDT,42.52620,-73.35906,951,55.2,55.9,55.2,99.5,55.0,0.000,0.000,0.00,0.000,0.0,0.0,0.0,0,0,0.4,1.0,0.2,107,50,0.0,0.0,0.0,0,0,0,29.16,,0,0,0,66.5,67.9,65.9,0.19,0.23,0.28
STEP,2017-08-21 01:15:00 EDT,42.52620,-73.35906,951,54.9,55.9,54.9,99.6,54.8,0.000,0.000,0.00,0.000,1.0,1.4,0.5,71,8,1.4,1.7,0.2,57,11,1.0,1.4,0.5,71,8,0,29.16,,0,0,0,66.5,67.9,66.0,0.18,0.23,0.28
STEP,2017-08-21 01:20:00 EDT,42.52620,-73.35906,951,54.9,56.0,54.9,99.5,54.8,0.000,0.000,0.00,0.000,0.4,1.1,0.4,60,0,0.8,1.3,0.3,40,8,0.4,1.1,0.4,60,0,0,29.16,,0,0,0,66.5,67.9,66.0,0.18,0.23,0.28
STEP,2017-08-21 01:25:00 EDT,42.52620,-73.35906,951,54.8,56.0,54.8,99.5,54.6,0.000,0.000,0.00,0.000,0.0,0.0,0.0,0,0,0.7,1.0,0.2,7,12,0.0,0.0,0.0,0,0,0,29.16,,0,0,0,66.4,67.8,65.9,0.19,0.23,0.28
STEP,2017-08-21 01:30:00 EDT,42.52620,-73.35906,951,54.7,55.8,54.7,99.5,54.5,0.000,0.000,0.00,0.000,0.8,1.4,0.4,58,4,1.2,1.7,0.3,43,6,0.8,1.4,0.4,58,4,0,29.16,,0,0,0,66.3,67.7,66.0,0.19,0.23,0.28
STEP,2017-08-21 01:35:00 EDT,42.52620,-73.35906,951,54.8,55.8,54.8,99.6,54.6,0.000,0.000,0.00,0.000,1.0,1.5,0.3,39,17,1.5,1.8,0.2,20,17,1.0,1.5,0.3,39,17,0,29.16,,0,0,0,66.3,67.8,66.0,0.18,0.23,0.28
STEP,2017-08-21 01:40:00 EDT,42.52620,-73.35906,951,54.7,55.9,54.7,99.6,54.6,0.000,0.000,0.00,0.000,1.4,1.9,0.3,356,9,1.9,2.6,0.3,348,10,1.4,1.9,0.3,356,9,0,29.16,,0,0,0,66.2,67.7,66.0,0.18,0.23,0.28
STEP,2017-08-21 01:45:00 EDT,42.52620,-73.35906,951,54.6,56.0,54.6,99.6,54.5,0.000,0.000,0.00,0.000,1.0,1.4,0.2,347,0,1.5,2.2,0.2,353,12,1.0,1.4,0.2,347,0,0,29.16,,0,0,0,66.2,67.8,65.9,0.18,0.23,0.28
STEP,2017-08-21 01:50:00 EDT,42.52620,-73.35906,951,54.7,56.0,54.7,99.6,54.6,0.000,0.000,0.00,0.000,1.2,1.6,0.3,340,13,1.6,2.4,0.4,339,19,1.2,1.6,0.3,340,13,0,29.16,,0,0,0,66.1,67.8,66.0,0.19,0.23,0.28
STEP,2017-08-21 01:55:00 EDT,42.52620,-73.35906,951,54.7,55.5,54.7,99.6,54.6,0.000,0.000,0.00,0.000,0.7,1.1,0.2,271,12,1.1,1.4,0.2,260,15,0.7,1.1,0.2,271,12,0,29.16,,0,0,0,66.1,67.7,66.0,0.18,0.23,0.28
STEP,2017-08-21 02:00:00 EDT,42.52620,-73.35906,951,54.6,55.2,54.6,99.6,54.5,0.000,0.000,0.00,0.000,0.0,0.0,0.0,0,0,0.7,0.9,0.2,183,35,0.0,0.0,0.0,0,0,0,29.16,,0,0,0,66.0,67.8,66.0,0.18,0.23,0.28
STEP,2017-08-21 02:05:00 EDT,42.52620,-73.35906,951,54.2,55.2,54.2,99.6,54.1,0.000,0.000,0.00,0.000,0.3,0.9,0.3,246,0,1.0,1.3,0.1,81,21,0.3,0.9,0.3,246,0,0,29.16,,0,0,0,66.0,67.8,66.0,0.18,0.23,0.28
STEP,2017-08-21 02:10:00 EDT,42.52620,-73.35906,951,54.3,55.1,54.3,99.6,54.2,0.000,0.000,0.00,0.000,0.1,0.9,0.3,246,0,0.7,1.1,0.2,45,11,0.1,0.9,0.3,246,0,0,29.16,,0,0,0,66.0,67.8,66.0,0.18,0.23,0.28
STEP,2017-08-21 02:15:00 EDT,42.52620,-73.35906,951,54.4,55.3,54.4,99.6,54.3,0.000,0.000,0.00,0.000,0.0,0.0,0.0,0,0,0.7,1.1,0.2,40,9,0.0,0.0,0.0,0,0,0,29.16,,0,0,0,66.0,67.7,66.0,0.18,0.23,0.28
STEP,2017-08-21 02:20:00 EDT,42.52620,-73.35906,951,54.3,55.2,54.3,99.6,54.2,0.000,0.000,0.00,0.000,0.0,0.0,0.0,0,0,0.8,1.2,0.2,38,16,0.0,0.0,0.0,0,0,0,29.16,,0,0,0,65.9,67.7,66.0,0.18,0.23,0.28
STEP,2017-08-21 02:25:00 EDT,42.52620,-73.35906,951,54.2,55.3,54.2,99.6,54.1,0.000,0.000,0.00,0.000,0.0,0.0,0.0,0,0,0.6,1.2,0.3,345,22,0.0,0.0,0.0,0,0,0,29.16,,0,0,0,65.9,67.7,66.0,0.18,0.23,0.28
STEP,2017-08-21 02:30:00 EDT,42.52620,-73.35906,951,54.3,55.3,54.3,99.6,54.2,0.000,0.000,0.00,0.000,0.0,0.0,0.0,0,0,1.0,1.3,0.1,353,14,0.0,0.0,0.0,0,0,0,29.17,,0,0,0,65.9,67.7,66.0,0.18,0.23,0.28
STEP,2017-08-21 02:35:00 EDT,42.52620,-73.35906,951,54.3,55.3,54.3,99.7,54.2,0.000,0.000,0.00,0.000,0.0,0.0,0.0,0,0,0.8,1.2,0.2,26,7,0.0,0.0,0.0,0,0,0,29.17,,0,0,0,65.9,67.7,66.0,0.19,0.23,0.28
STEP,2017-08-21 02:40:00 EDT,42.52620,-73.35906,951,54.3,55.4,54.3,99.7,54.2,0.000,0.000,0.00,0.000,0.8,1.4,0.5,8,2,1.4,2.0,0.3,5,6,0.8,1.4,0.5,8,2,0,29.17,,0,0,0,65.8,67.7,66.0,0.18,0.23,0.28
STEP,2017-08-21 02:45:00 EDT,42.52620,-73.35906,951,54.2,55.4,54.2,99.7,54.1,0.000,0.000,0.00,0.000,1.4,1.8,0.3,24,6,1.8,2.4,0.3,20,7,1.4,1.8,0.3,24,6,0,29.17,,0,0,0,65.8,67.7,66.0,0.18,0.23,0.28
STEP,2017-08-21 02:50:00 EDT,42.52620,-73.35906,951,54.4,55.5,54.4,99.7,54.3,0.000,0.000,0.00,0.000,1.4,1.8,0.2,22,12,1.8,2.8,0.3,12,16,1.4,1.8,0.2,22,12,0,29.17,,0,0,0,65.7,67.6,66.0,0.18,0.23,0.28
STEP,2017-08-21 02:55:00 EDT,42.52620,-73.35906,951,54.2,55.4,54.2,99.6,54.1,0.000,0.000,0.00,0.000,1.2,1.8,0.3,6,0,1.7,2.5,0.4,359,4,1.2,1.8,0.3,6,0,0,29.16,,0,0,0,65.6,67.7,66.0,0.19,0.23,0.28
STEP,2017-08-21 03:00:00 EDT,42.52620,-73.35906,951,54.1,55.5,54.1,99.6,54.0,0.000,0.000,0.00,0.000,1.6,2.2,0.3,8,4,2.1,3.2,0.3,2,8,1.6,2.2,0.3,8,4,0,29.16,,0,0,0,65.7,67.6,66.0,0.18,0.23,0.28
STEP,2017-08-21 03:05:00 EDT,42.52620,-73.35906,951,54.2,55.3,54.2,99.7,54.1,0.000,0.000,0.00,0.000,1.9,2.3,0.3,357,10,2.5,3.1,0.4,354,9,1.9,2.3,0.3,357,10,0,29.16,,0,0,0,65.6,67.6,66.0,0.18,0.23,0.28
STEP,2017-08-21 03:10:00 EDT,42.52620,-73.35906,951,54.2,55.0,54.2,99.7,54.1,0.000,0.000,0.00,0.000,0.1,0.9,0.2,0,0,0.6,1.3,0.3,323,20,0.1,0.9,0.2,0,0,0,29.16,,0,0,0,65.6,67.6,65.9,0.18,0.23,0.28
STEP,2017-08-21 03:15:00 EDT,42.52620,-73.35906,951,53.9,54.7,53.9,99.6,53.8,0.000,0.000,0.00,0.000,0.0,0.0,0.0,0,0,0.8,1.2,0.2,175,15,0.0,0.0,0.0,0,0,0,29.16,,0,0,0,65.7,67.5,66.0,0.18,0.23,0.28
STEP,2017-08-21 03:20:00 EDT,42.52620,-73.35906,951,53.6,54.4,53.6,99.6,53.5,0.000,0.000,0.00,0.000,0.0,0.0,0.0,0,0,0.7,1.0,0.2,156,22,0.0,0.0,0.0,0,0,0,29.17,,0,0,0,65.6,67.4,66.0,0.18,0.23,0.28
STEP,2017-08-21 03:25:00 EDT,42.52620,-73.35906,951,53.4,54.4,53.4,99.7,53.3,0.000,0.000,0.00,0.000,0.4,1.3,0.5,136,1,1.1,1.5,0.3,115,18,0.4,1.3,0.5,136,1,0,29.17,,0,0,0,65.5,67.5,66.0,0.18,0.23,0.28
STEP,2017-08-21 03:30:00 EDT,42.52620,-73.35906,951,53.7,54.7,53.7,99.7,53.6,0.000,0.000,0.00,0.000,0.0,0.0,0.0,0,0,0.8,1.3,0.2,46,12,0.0,0.0,0.0,0,0,0,29.17,,0,0,0,65.4,67.5,66.0,0.19,0.23,0.28
STEP,2017-08-21 03:35:00 EDT,42.52620,-73.35906,951,53.7,54.9,53.7,99.7,53.6,0.000,0.000,0.00,0.000,1.0,1.9,0.6,62,11,1.5,2.2,0.3,56,12,1.0,1.9,0.6,62,11,0,29.17,,0,0,0,65.4,67.4,66.0,0.19,0.23,0.28
STEP,2017-08-21 03:40:00 EDT,42.52620,-73.35906,951,53.5,54.9,53.5,99.7,53.4,0.000,0.000,0.00,0.000,0.9,2.3,0.9,52,19,1.4,2.5,0.6,43,16,0.9,2.3,0.9,52,19,0,29.17,,0,0,0,65.3,67.4,66.0,0.18,0.23,0.28
STEP,2017-08-21 03:45:00 EDT,42.52620,-73.35906,951,53.5,54.8,53.5,99.7,53.4,0.000,0.000,0.00,0.000,1.9,2.3,0.3,17,12,2.3,2.9,0.3,9,12,1.9,2.3,0.3,17,12,0,29.17,,0,0,0,65.3,67.4,66.0,0.18,0.23,0.28
STEP,2017-08-21 03:50:00 EDT,42.52620,-73.35906,951,53.6,55.1,53.6,99.7,53.5,0.000,0.000,0.00,0.000,2.1,2.6,0.3,354,4,2.7,3.3,0.3,348,4,2.1,2.6,0.3,354,4,0,29.17,,0,0,0,65.3,67.4,66.0,0.18,0.23,0.28
STEP,2017-08-21 03:55:00 EDT,42.52620,-73.35906,951,53.7,54.8,53.7,99.7,53.6,0.000,0.000,0.00,0.000,1.4,2.0,0.3,345,11,1.8,2.4,0.4,339,8,1.4,2.0,0.3,345,11,0,29.17,,0,0,0,65.3,67.4,66.0,0.18,0.23,0.28
STEP,2017-08-21 04:00:00 EDT,42.52620,-73.35906,951,53.8,54.8,53.8,99.7,53.7,0.000,0.000,0.00,0.000,1.2,1.8,0.3,356,4,1.8,2.4,0.3,354,9,1.2,1.8,0.3,356,4,0,29.17,,0,0,0,65.2,67.4,66.0,0.18,0.23,0.28
STEP,2017-08-21 04:05:00 EDT,42.52620,-73.35906,951,53.8,55.0,53.8,99.7,53.8,0.000,0.000,0.00,0.000,1.5,2.0,0.3,353,13,2.0,2.6,0.3,349,11,1.5,2.0,0.3,353,13,0,29.17,,0,0,0,65.2,67.3,66.0,0.18,0.23,0.28
STEP,2017-08-21 04:10:00 EDT,42.52620,-73.35906,951,53.7,54.8,53.7,99.7,53.6,0.000,0.000,0.00,0.000,1.0,1.5,0.2,7,8,1.5,2.0,0.2,6,11,1.0,1.5,0.2,7,8,0,29.17,,0,0,0,65.1,67.3,66.0,0.19,0.23,0.28
STEP,2017-08-21 04:15:00 EDT,42.52620,-73.35906,951,53.5,54.5,53.5,99.7,53.4,0.000,0.000,0.00,0.000,0.8,1.2,0.2,43,16,1.1,1.5,0.2,40,12,0.8,1.2,0.2,43,16,0,29.17,,0,0,0,65.1,67.4,66.0,0.19,0.23,0.28
STEP,2017-08-21 04:20:00 EDT,42.52620,-73.35906,951,53.7,54.4,53.7,99.7,53.6,0.000,0.000,0.00,0.000,0.8,1.3,0.4,60,0,1.2,1.6,0.2,35,11,0.8,1.3,0.4,60,0,0,29.17,,0,0,0,65.1,67.2,66.0,0.18,0.23,0.28
STEP,2017-08-21 04:25:00 EDT,42.52620,-73.35906,951,53.6,54.1,53.6,99.7,53.5,0.000,0.000,0.00,0.000,0.1,0.6,0.2,60,0,0.5,1.4,0.4,20,31,0.1,0.6,0.2,60,0,0,29.17,,0,0,0,64.9,67.3,66.0,0.18,0.23,0.28
STEP,2017-08-21 04:30:00 EDT,42.52620,-73.35906,951,53.7,54.3,53.7,99.7,53.6,0.000,0.000,0.00,0.000,0.2,0.7,0.3,60,0,0.8,1.5,0.4,247,25,0.2,0.7,0.3,60,0,0,29.17,,0,0,0,65.0,67.2,66.0,0.19,0.23,0.28
STEP,2017-08-21 04:35:00 EDT,42.52620,-73.35906,951,53.2,54.2,53.2,99.6,53.1,0.000,0.000,0.00,0.000,0.0,0.0,0.0,0,0,0.5,1.1,0.3,162,49,0.0,0.0,0.0,0,0,0,29.17,,0,0,0,65.0,67.2,66.0,0.18,0.23,0.28
STEP,2017-08-21 04:40:00 EDT,42.52620,-73.35906,951,53.3,54.2,53.3,99.7,53.2,0.000,0.000,0.00,0.000,0.0,0.0,0.0,0,0,0.3,0.7,0.2,38,32,0.0,0.0,0.0,0,0,0,29.18,,0,0,0,65.0,67.2,66.0,0.19,0.23,0.28
STEP,2017-08-21 04:45:00 EDT,42.52620,-73.35906,951,53.4,54.3,53.4,99.7,53.3,0.000,0.000,0.00,0.000,0.0,0.0,0.0,0,0,0.7,1.0,0.1,68,17,0.0,0.0,0.0,0,0,0,29.18,,0,0,0,64.9,67.1,66.0,0.19,0.23,0.28
STEP,2017-08-21 04:50:00 EDT,42.52620,-73.35906,951,53.4,54.5,53.4,99.7,53.4,0.000,0.000,0.00,0.000,0.0,0.0,0.0,0,0,0.6,1.0,0.1,14,16,0.0,0.0,0.0,0,0,0,29.17,,0,0,0,64.8,67.1,66.0,0.19,0.23,0.28
STEP,2017-08-21 04:55:00 EDT,42.52620,-73.35906,951,53.3,54.2,53.3,99.7,53.2,0.000,0.000,0.00,0.000,0.0,0.0,0.0,0,0,0.3,0.8,0.2,31,29,0.0,0.0,0.0,0,0,0,29.18,,0,0,0,64.8,67.1,66.0,0.19,0.23,0.28
STEP,2017-08-21 05:00:00 EDT,42.52620,-73.35906,951,53.2,54.3,53.2,99.6,53.1,0.000,0.000,0.00,0.000,0.0,0.0,0.0,0,0,0.5,0.6,0.1,43,9,0.0,0.0,0.0,0,0,0,29.18,,0,0,0,64.7,67.1,66.0,0.19,0.23,0.28
STEP,2017-08-21 05:05:00 EDT,42.52620,-73.35906,951,53.2,54.1,53.2,99.7,53.1,0.000,0.000,0.00,0.000,0.0,0.0,0.0,0,0,0.4,0.6,0.1,47,12,0.0,0.0,0.0,0,0,0,29.18,,0,0,0,64.7,67.0,66.0,0.19,0.23,0.28
STEP,2017-08-21 05:10:00 EDT,42.52620,-73.35906,951,53.3,54.0,53.3,99.7,53.3,0.000,0.000,0.00,0.000,0.1,0.7,0.2,60,0,1.1,1.8,0.4,17,6,0.1,0.7,0.2,60,0,0,29.17,,0,0,0,64.6,67.0,66.0,0.19,0.23,0.28
STEP,2017-08-21 05:15:00 EDT,42.52620,-73.35906,951,53.3,54.2,53.3,99.7,53.2,0.000,0.000,0.00,0.000,0.1,0.6,0.2,60,0,2.0,2.3,0.2,352,7,0.1,0.6,0.2,60,0,0,29.17,,0,0,0,64.6,67.0,66.0,0.19,0.23,0.28
STEP,2017-08-21 05:20:00 EDT,42.52620,-73.35906,951,53.3,54.2,53.3,99.7,53.2,0.000,0.000,0.00,0.000,0.3,0.7,0.2,60,0,2.5,2.8,0.2,354,4,0.3,0.7,0.2,60,0,0,29.17,,0,0,0,64.6,67.1,66.0,0.18,0.23,0.28
STEP,2017-08-21 05:25:00 EDT,42.52620,-73.35906,951,53.5,54.3,53.5,99.7,53.4,0.000,0.000,0.00,0.000,0.0,0.0,0.0,0,0,1.7,2.2,0.2,333,6,0.0,0.0,0.0,0,0,0,29.17,,0,0,0,64.6,67.1,66.0,0.19,0.23,0.28
STEP,2017-08-21 05:30:00 EDT,42.52620,-73.35906,951,53.4,53.9,53.4,99.7,53.3,0.000,0.000,0.00,0.000,0.1,0.8,0.3,60,0,0.9,1.4,0.2,273,29,0.1,0.8,0.3,60,0,0,29.17,,0,0,0,64.5,67.1,66.0,0.19,0.23,0.28
STEP,2017-08-21 05:35:00 EDT,42.52620,-73.35906,951,53.0,53.8,53.0,99.7,52.9,0.000,0.000,0.00,0.000,0.0,0.5,0.1,60,0,0.8,1.5,0.4,111,43,0.0,0.5,0.1,60,0,0,29.18,,0,0,0,64.6,67.0,66.0,0.19,0.23,0.28
STEP,2017-08-21 05:40:00 EDT,42.52620,-73.35906,951,52.6,53.7,52.6,99.7,52.5,0.000,0.000,0.00,0.000,0.1,0.8,0.2,61,0,1.0,1.6,0.3,94,11,0.1,0.8,0.2,61,0,0,29.18,,0,0,0,64.5,67.0,66.0,0.19,0.23,0.28
STEP,2017-08-21 05:45:00 EDT,42.52620,-73.35906,951,52.9,53.8,52.9,99.7,52.8,0.000,0.000,0.00,0.000,0.3,1.2,0.5,60,0,1.0,1.4,0.2,55,6,0.3,1.2,0.5,60,0,0,29.18,,0,0,0,64.4,67.1,65.9,0.18,0.23,0.28
STEP,2017-08-21 05:50:00 EDT,42.52620,-73.35906,951,53.0,53.8,53.0,99.7,52.9,0.000,0.000,0.00,0.000,0.1,0.8,0.2,60,0,0.6,1.0,0.2,29,20,0.1,0.8,0.2,60,0,0,29.18,,0,0,0,64.5,67.0,66.0,0.18,0.23,0.28
STEP,2017-08-21 05:55:00 EDT,42.52620,-73.35906,951,53.1,53.8,53.1,99.7,53.0,0.000,0.000,0.00,0.000,0.0,0.0,0.0,0,0,0.2,0.5,0.1,330,39,0.0,0.0,0.0,0,0,1,29.18,,0,0,0,64.5,67.0,66.0,0.18,0.23,0.28
STEP,2017-08-21 06:00:00 EDT,42.52620,-73.35906,951,53.3,54.0,53.3,99.7,53.2,0.000,0.000,0.00,0.000,0.0,0.0,0.0,0,0,0.7,1.2,0.2,319,26,0.0,0.0,0.0,0,0,2,29.18,,0,0,0,64.4,67.0,66.0,0.19,0.23,0.28
STEP,2017-08-21 06:05:00 EDT,42.52620,-73.35906,951,53.2,54.0,53.2,99.7,53.1,0.000,0.000,0.00,0.000,0.0,0.0,0.0,0,0,0.8,1.4,0.3,344,9,0.0,0.0,0.0,0,0,3,29.18,,0,0,0,64.4,67.0,66.0,0.18,0.23,0.28
STEP,2017-08-21 06:10:00 EDT,42.52620,-73.35906,951,53.3,54.1,53.3,99.7,53.3,0.000,0.000,0.00,0.000,0.0,0.0,0.0,0,0,0.7,0.9,0.1,357,20,0.0,0.0,0.0,0,0,4,29.18,,0,0,0,64.4,67.0,66.0,0.18,0.23,0.28
STEP,2017-08-21 06:15:00 EDT,42.52620,-73.35906,951,53.3,54.2,53.3,99.7,53.2,0.000,0.000,0.00,0.000,0.0,0.0,0.0,0,0,1.1,1.5,0.2,17,9,0.0,0.0,0.0,0,0,6,29.18,,0,0,0,64.3,66.9,65.9,0.19,0.23,0.28
STEP,2017-08-21 06:20:00 EDT,42.52620,-73.35906,951,53.0,53.8,53.0,99.7,52.9,0.000,0.000,0.00,0.000,0.0,0.7,0.1,60,0,1.8,2.8,0.3,3,6,0.0,0.7,0.1,60,0,8,29.18,,0,0,0,64.2,67.0,66.0,0.18,0.23,0.28
STEP,2017-08-21 06:25:00 EDT,42.52620,-73.35906,951,53.2,53.9,53.2,99.7,53.1,0.000,0.000,0.00,0.000,0.0,0.7,0.1,60,0,2.1,2.7,0.3,341,5,0.0,0.7,0.1,60,0,12,29.18,,0,0,0,64.2,66.9,66.0,0.18,0.23,0.28
STEP,2017-08-21 06:30:00 EDT,42.52620,-73.35906,951,53.3,54.0,53.3,99.7,53.3,0.000,0.000,0.00,0.000,0.0,0.0,0.0,0,0,1.2,1.7,0.2,332,6,0.0,0.0,0.0,0,0,15,29.18,,0,0,0,64.2,66.9,66.0,0.18,0.23,0.28
STEP,2017-08-21 06:35:00 EDT,42.52620,-73.35906,951,53.4,53.9,53.4,99.7,53.3,0.000,0.000,0.00,0.000,0.0,0.1,0.0,60,0,1.4,1.9,0.2,3,16,0.0,0.1,0.0,60,0,20,29.18,,0,0,0,64.2,66.9,66.0,0.19,0.23,0.28
STEP,2017-08-21 06:40:00 EDT,42.52620,-73.35906,951,53.4,53.9,53.4,99.7,53.3,0.000,0.000,0.00,0.000,0.5,1.0,0.3,60,0,1.5,2.1,0.3,11,11,0.5,1.0,0.3,60,0,23,29.18,,0,0,0,64.2,66.7,66.0,0.18,0.23,0.28
STEP,2017-08-21 06:45:00 EDT,42.52620,-73.35906,951,53.7,54.2,53.7,99.7,53.6,0.000,0.000,0.00,0.000,0.0,0.4,0.1,60,0,1.5,2.0,0.2,3,5,0.0,0.4,0.1,60,0,43,29.18,,0,0,0,64.1,66.7,66.0,0.19,0.23,0.28
STEP,2017-08-21 06:50:00 EDT,42.52620,-73.35906,951,54.1,54.3,54.1,99.7,54.0,0.000,0.000,0.00,0.000,0.0,0.0,0.0,0,0,1.4,1.8,0.2,2,3,0.0,0.0,0.0,0,0,62,29.18,,0,0,0,64.2,66.6,66.0,0.18,0.23,0.28
STEP,2017-08-21 06:55:00 EDT,42.52620,-73.35906,951,54.5,54.5,54.5,99.7,54.4,0.000,0.000,0.00,0.000,0.0,0.0,0.0,0,0,0.5,0.9,0.2,337,23,0.0,0.0,0.0,0,0,75,29.18,,0,0,0,64.1,66.7,66.0,0.18,0.23,0.28
STEP,2017-08-21 07:00:00 EDT,42.52620,-73.35906,951,55.0,54.9,55.0,99.7,54.9,0.000,0.000,0.00,0.000,0.0,0.0,0.0,0,0,0.4,0.9,0.2,350,40,0.0,0.0,0.0,0,0,101,29.18,,0,0,0,64.1,66.7,66.0,0.18,0.23,0.28
STEP,2017-08-21 07:05:00 EDT,42.52620,-73.35906,951,55.5,55.4,55.5,99.6,55.3,0.000,0.000,0.00,0.000,0.0,0.0,0.0,0,0,0.9,1.5,0.3,0,18,0.0,0.0,0.0,0,0,112,29.18,,0,0,0,64.1,66.7,66.0,0.19,0.23,0.28
STEP,2017-08-21 07:10:00 EDT,42.52620,-73.35906,951,56.1,55.8,56.1,99.5,55.9,0.000,0.000,0.00,0.000,0.0,0.2,0.0,60,0,0.9,1.7,0.4,10,21,0.0,0.2,0.0,60,0,129,29.18,,0,0,0,64.1,66.6,66.0,0.18,0.23,0.28
STEP,2017-08-21 07:15:00 EDT,42.52620,-73.35906,951,56.4,56.2,56.4,99.3,56.2,0.000,0.000,0.00,0.000,0.0,0.0,0.0,0,0,0.3,0.7,0.2,32,54,0.0,0.0,0.0,0,0,135,29.19,,0,0,0,64.1,66.7,65.9,0.19,0.23,0.28
STEP,2017-08-21 07:20:00 EDT,42.52620,-73.35906,951,57.0,56.7,57.0,99.1,56.7,0.000,0.000,0.00,0.000,0.0,0.0,0.0,0,0,0.6,1.0,0.2,143,45,0.0,0.0,0.0,0,0,125,29.19,,0,0,0,63.9,66.6,65.9,0.18,0.23,0.28
STEP,2017-08-21 07:25:00 EDT,42.52620,-73.35906,951,57.2,57.0,57.2,98.4,56.7,0.000,0.000,0.00,0.000,0.0,0.7,0.1,143,0,0.5,1.2,0.3,144,35,0.0,0.7,0.1,143,0,123,29.19,,0,0,0,64.0,66.7,66.0,0.18,0.23,0.28
STEP,2017-08-21 07:30:00 EDT,42.52620,-73.35906,951,57.3,57.3,57.3,97.8,56.7,0.000,0.000,0.00,0.000,0.0,0.0,0.0,0,0,0.4,1.3,0.3,137,27,0.0,0.0,0.0,0,0,130,29.19,,0,0,0,64.0,66.6,66.0,0.18,0.23,0.28
STEP,2017-08-21 07:35:00 EDT,42.52620,-73.35906,951,57.6,57.4,57.6,97.3,56.8,0.000,0.000,0.00,0.000,0.3,0.9,0.4,143,0,0.8,1.3,0.2,142,13,0.3,0.9,0.4,143,0,86,29.19,,0,0,0,64.0,66.6,66.0,0.18,0.23,0.28
STEP,2017-08-21 07:40:00 EDT,42.52620,-73.35906,951,57.7,57.4,57.7,97.1,56.9,0.000,0.000,0.00,0.000,0.5,1.1,0.3,159,11,1.1,1.6,0.2,146,20,0.5,1.1,0.3,159,11,121,29.20,,0,0,0,64.0,66.6,66.0,0.18,0.23,0.28
STEP,2017-08-21 07:45:00 EDT,42.52620,-73.35906,951,58.0,57.7,58.0,96.9,57.1,0.000,0.000,0.00,0.000,0.4,0.8,0.3,133,7,0.9,1.3,0.2,117,16,0.4,0.8,0.3,133,7,157,29.19,,0,0,0,64.1,66.6,66.0,0.18,0.23,0.28
STEP,2017-08-21 07:50:00 EDT,42.52620,-73.35906,951,58.3,58.1,58.3,97.1,57.5,0.000,0.000,0.00,0.000,0.0,0.6,0.1,158,0,0.4,1.0,0.2,148,47,0.0,0.6,0.1,158,0,209,29.19,,0,0,0,63.9,66.4,66.0,0.18,0.23,0.28
STEP,2017-08-21 07:55:00 EDT,42.52620,-73.35906,951,59.1,58.7,59.1,96.2,58.0,0.000,0.000,0.00,0.000,0.4,1.2,0.4,24,10,1.0,1.7,0.4,20,21,0.4,1.2,0.4,24,10,141,29.19,,0,0,0,63.9,66.4,65.9,0.18,0.23,0.28
STEP,2017-08-21 08:00:00 EDT,42.52620,-73.35906,951,59.6,59.6,59.6,95.2,58.2,0.000,0.000,0.00,0.000,1.0,1.8,0.4,33,9,1.4,2.6,0.4,26,12,1.0,1.8,0.4,33,9,169,29.19,,0,0,0,64.0,66.4,66.0,0.19,0.23,0.28
STEP,2017-08-21 08:05:00 EDT,42.52620,-73.35906,951,60.4,60.2,60.4,95.1,59.0,0.000,0.000,0.00,0.000,2.0,2.9,0.6,350,13,2.5,3.7,0.7,349,14,2.0,2.9,0.6,350,13,197,29.19,,0,0,0,64.0,66.3,65.9,0.18,0.23,0.28
STEP,2017-08-21 08:10:00 EDT,42.52620,-73.35906,951,60.3,60.2,60.3,94.5,58.7,0.000,0.000,0.00,0.000,1.9,2.6,0.3,349,11,2.5,3.1,0.5,346,12,1.9,2.6,0.3,349,11,166,29.19,,0,0,0,63.9,66.3,65.9,0.19,0.23,0.28
STEP,2017-08-21 08:15:00 EDT,42.52620,-73.35906,951,60.5,60.4,60.5,95.4,59.2,0.000,0.000,0.00,0.000,2.0,2.4,0.2,334,13,2.2,3.1,0.4,332,14,2.0,2.4,0.2,334,13,195,29.19,,0,0,0,64.0,66.4,66.0,0.19,0.23,0.28
STEP,2017-08-21 08:20:00 EDT,42.52620,-73.35906,951,60.9,60.7,60.9,94.9,59.5,0.000,0.000,0.00,0.000,1.8,2.6,0.4,350,12,2.3,3.4,0.4,349,13,1.8,2.6,0.4,350,12,222,29.18,,0,0,0,64.0,66.4,65.9,0.18,0.23,0.28
STEP,2017-08-21 08:25:00 EDT,42.52620,-73.35906,951,61.6,61.4,61.6,94.6,60.1,0.000,0.000,0.00,0.000,1.1,1.8,0.4,331,18,1.6,2.9,0.4,334,22,1.1,1.8,0.4,331,18,238,29.18,,0,0,0,64.0,66.4,66.0,0.19,0.23,0.28
STEP,2017-08-21 08:30:00 EDT,42.52620,-73.35906,951,62.0,61.8,62.0,92.5,59.8,0.000,0.000,0.00,0.000,0.5,2.2,0.6,22,18,1.1,3.2,0.6,1,23,0.5,2.2,0.6,22,18,265,29.18,,0,0,0,63.9,66.3,66.0,0.18,0.23,0.28
STEP,2017-08-21 08:35:00 EDT,42.52620,-73.35906,951,62.8,62.4,62.8,91.4,60.3,0.000,0.000,0.00,0.000,0.5,2.0,0.4,4,23,1.1,2.3,0.5,357,33,0.5,2.0,0.4,4,23,347,29.18,,0,0,0,64.0,66.3,65.9,0.18,0.23,0.28
STEP,2017-08-21 08:40:00 EDT,42.52620,-73.35906,951,63.4,63.2,63.4,89.1,60.2,0.000,0.000,0.00,0.000,0.9,2.0,0.7,36,12,1.3,2.5,0.6,35,27,0.9,2.0,0.7,36,12,350,29.18,,0,0,0,64.0,66.3,66.0,0.19,0.23,0.28
STEP,2017-08-21 08:45:00 EDT,42.52620,-73.35906,951,64.4,63.9,64.4,87.7,60.7,0.000,0.000,0.00,0.000,0.7,2.0,0.7,358,15,1.4,3.0,0.7,6,34,0.7,2.0,0.7,358,15,366,29.18,,0,0,0,64.1,66.3,65.9,0.18,0.23,0.28
STEP,2017-08-21 08:50:00 EDT,42.52620,-73.35906,951,64.7,64.6,64.7,86.9,60.7,0.000,0.000,0.00,0.000,0.9,2.6,0.7,360,15,1.5,3.8,0.7,355,17,0.9,2.6,0.7,360,15,344,29.18,,0,0,0,64.0,66.3,65.9,0.18,0.23,0.28
STEP,2017-08-21 08:55:00 EDT,42.52620,-73.35906,951,65.1,65.0,65.1,84.7,60.4,0.000,0.000,0.00,0.000,0.6,1.4,0.5,338,14,1.1,2.2,0.4,336,22,0.6,1.4,0.5,338,14,233,29.18,,0,0,0,64.1,66.3,65.9,0.18,0.23,0.28
STEP,2017-08-21 09:00:00 EDT,42.52620,-73.35906,951,65.4,65.3,65.4,84.9,60.8,0.000,0.000,0.00,0.000,0.6,1.4,0.4,340,22,1.2,2.4,0.5,333,27,0.6,1.4,0.4,340,22,316,29.18,,0,0,0,64.1,66.3,65.9,0.18,0.23,0.28
STEP,2017-08-21 09:05:00 EDT,42.52620,-73.35906,951,66.1,66.0,66.1,83.0,60.8,0.000,0.000,0.00,0.000,0.1,0.9,0.2,340,5,0.7,1.7,0.4,359,41,0.1,0.9,0.2,340,5,365,29.18,,0,0,0,64.1,66.3,65.9,0.19,0.23,0.28
STEP,2017-08-21 09:10:00 EDT,42.52620,-73.35906,951,67.3,66.6,67.3,79.3,60.6,0.000,0.000,0.00,0.000,0.2,1.5,0.4,44,10,0.9,2.3,0.5,53,33,0.2,1.5,0.4,44,10,411,29.18,,0,0,0,64.1,66.3,66.0,0.18,0.23,0.28
STEP,2017-08-21 09:15:00 EDT,42.52620,-73.35906,951,68.1,67.4,68.1,76.7,60.5,0.000,0.000,0.00,0.000,0.7,1.8,0.5,78,16,1.2,2.6,0.5,75,23,0.7,1.8,0.5,78,16,436,29.18,,0,0,0,64.2,66.3,65.9,0.18,0.23,0.28
STEP,2017-08-21 09:20:00 EDT,42.52620,-73.35906,951,68.5,68.0,68.5,75.2,60.4,0.000,0.000,0.00,0.000,0.8,2.0,0.6,63,26,1.3,2.7,0.6,61,33,0.8,2.0,0.6,63,26,446,29.18,,0,0,0,64.2,66.3,65.9,0.18,0.23,0.28
STEP,2017-08-21 09:25:00 EDT,42.52620,-73.35906,951,69.3,68.4,69.3,74.6,60.9,0.000,0.000,0.00,0.000,0.9,2.0,0.4,64,21,1.4,2.6,0.5,55,20,0.9,2.0,0.4,64,21,471,29.18,,0,0,0,64.2,66.3,65.9,0.19,0.23,0.28
STEP,2017-08-21 09:30:00 EDT,42.52620,-73.35906,951,69.3,68.8,69.3,74.6,60.9,0.000,0.000,0.00,0.000,0.6,1.8,0.6,51,19,1.1,2.8,0.6,44,33,0.6,1.8,0.6,51,19,466,29.18,,0,0,0,64.2,66.3,65.9,0.18,0.23,0.28
STEP,2017-08-21 09:35:00 EDT,42.52620,-73.35906,951,69.9,69.1,69.9,74.6,61.5,0.000,0.000,0.00,0.000,1.5,3.1,0.9,38,9,1.8,4.4,0.8,34,19,1.5,3.1,0.9,38,9,471,29.18,,0,0,0,64.2,66.2,65.9,0.19,0.23,0.28
STEP,2017-08-21 09:40:00 EDT,42.52620,-73.35906,951,70.1,69.5,70.1,73.0,61.0,0.000,0.000,0.00,0.000,1.3,2.4,0.8,48,17,1.7,2.9,0.6,48,26,1.3,2.4,0.8,48,17,520,29.17,,0,0,0,64.3,66.3,66.0,0.18,0.23,0.28
STEP,2017-08-21 09:45:00 EDT,42.52620,-73.35906,951,70.6,70.1,70.6,72.4,61.3,0.000,0.000,0.00,0.000,0.9,1.9,0.6,16,25,1.6,2.8,0.5,11,31,0.9,1.9,0.6,16,25,551,29.17,,0,0,0,64.3,66.2,65.9,0.18,0.23,0.28
STEP,2017-08-21 09:50:00 EDT,42.52620,-73.35906,951,71.4,70.9,71.4,70.7,61.4,0.000,0.000,0.00,0.000,0.3,1.3,0.3,174,33,1.0,2.7,0.5,123,59,0.3,1.3,0.3,174,33,530,29.17,,0,0,0,64.3,66.2,66.0,0.18,0.23,0.28
STEP,2017-08-21 09:55:00 EDT,42.52620,-73.35906,951,72.0,71.3,72.0,70.2,61.7,0.000,0.000,0.00,0.000,1.4,3.4,1.1,205,12,1.8,3.9,1.0,198,31,1.4,3.4,1.1,205,12,576,29.17,,0,0,0,64.4,66.3,65.9,0.18,0.23,0.28
STEP,2017-08-21 10:00:00 EDT,42.52620,-73.35906,951,72.5,71.7,72.5,73.2,63.4,0.000,0.000,0.00,0.000,2.8,4.6,0.9,172,19,3.2,5.8,1.0,164,18,2.8,4.6,0.9,172,19,462,29.17,,0,0,0,64.5,66.2,65.9,0.19,0.23,0.28
STEP,2017-08-21 10:05:00 EDT,42.52620,-73.35906,951,71.9,71.5,71.9,70.5,61.8,0.000,0.000,0.00,0.000,2.0,4.4,1.1,227,24,2.5,4.8,1.0,223,23,2.0,4.4,1.1,227,24,342,29.17,,0,0,0,64.5,66.1,65.9,0.18,0.23,0.28
STEP,2017-08-21 10:10:00 EDT,42.52620,-73.35906,951,72.1,71.8,72.1,73.2,63.0,0.000,0.000,0.00,0.000,1.8,5.1,1.1,198,21,2.1,5.9,1.1,189,25,1.8,5.1,1.1,198,21,461,29.17,,0,0,0,64.5,66.1,65.9,0.18,0.23,0.28
STEP,2017-08-21 10:15:00 EDT,42.52620,-73.35906,951,73.1,72.3,73.1,71.4,63.3,0.000,0.000,0.00,0.000,4.5,7.3,1.3,171,13,4.9,8.3,1.5,164,13,4.5,7.3,1.3,171,13,601,29.17,,0,0,0,64.5,66.0,65.9,0.18,0.23,0.28
STEP,2017-08-21 10:20:00 EDT,42.52620,-73.35906,951,73.0,72.3,73.0,68.2,61.9,0.000,0.000,0.00,0.000,3.9,6.3,1.3,184,10,4.4,7.1,1.4,177,10,3.9,6.3,1.3,184,10,587,29.17,,0,0,0,64.6,66.1,65.9,0.18,0.23,0.28
STEP,2017-08-21 10:25:00 EDT,42.52620,-73.35906,951,73.0,72.7,73.0,67.8,61.7,0.000,0.000,0.00,0.000,3.0,5.0,1.2,205,20,3.2,5.6,1.3,196,20,3.0,5.0,1.2,205,20,583,29.17,,0,0,0,64.6,66.0,65.9,0.18,0.23,0.28
STEP,2017-08-21 10:30:00 EDT,42.52620,-73.35906,951,73.3,72.6,73.3,69.8,62.8,0.000,0.000,0.00,0.000,3.2,5.0,0.6,198,18,3.5,5.5,0.7,190,17,3.2,5.0,0.6,198,18,590,29.18,,0,0,0,64.7,66.0,65.9,0.18,0.23,0.28
STEP,2017-08-21 10:35:00 EDT,42.52620,-73.35906,951,74.1,73.4,74.1,69.2,63.4,0.000,0.000,0.00,0.000,2.1,3.8,0.8,241,37,2.5,5.1,0.8,238,38,2.1,3.8,0.8,241,37,624,29.18,,0,0,0,64.8,66.0,66.0,0.18,0.23,0.28
STEP,2017-08-21 10:40:00 EDT,42.52620,-73.35906,951,74.6,74.1,74.6,69.8,64.1,0.000,0.000,0.00,0.000,1.5,3.9,1.0,190,36,1.9,5.0,1.0,183,41,1.5,3.9,1.0,190,36,587,29.18,,0,0,0,64.8,66.0,65.9,0.18,0.23,0.28
STEP,2017-08-21 10:45:00 EDT,42.52620,-73.35906,951,75.2,74.3,75.2,68.4,64.1,0.000,0.000,0.00,0.000,3.4,6.0,1.4,169,13,3.9,6.5,1.4,161,12,3.4,6.0,1.4,169,13,524,29.18,,0,0,0,65.0,66.0,65.9,0.18,0.23,0.28
STEP,2017-08-21 10:50:00 EDT,42.52620,-73.35906,951,75.5,74.8,75.5,67.5,64.0,0.000,0.000,0.00,0.000,3.1,5.4,1.2,151,17,3.5,6.1,1.1,144,17,3.1,5.4,1.2,151,17,544,29.18,,0,0,0,65.0,66.0,65.9,0.19,0.23,0.28
STEP,2017-08-21 10:55:00 EDT,42.52620,-73.35906,951,75.2,74.5,75.2,68.6,64.2,0.000,0.000,0.00,0.000,4.6,7.5,1.1,167,14,5.1,8.5,1.3,159,15,4.6,7.5,1.1,167,14,542,29.18,,0,0,0,65.1,66.0,65.9,0.18,0.23,0.28
STEP,2017-08-21 11:00:00 EDT,42.52620,-73.35906,951,75.9,74.9,75.9,68.7,64.9,0.000,0.000,0.00,0.000,4.4,7.2,1.3,164,26,4.9,8.9,1.5,156,26,4.4,7.2,1.3,164,26,566,29.18,,0,0,0,65.2,66.0,65.8,0.18,0.23,0.28
STEP,2017-08-21 11:05:00 EDT,42.52620,-73.35906,951,75.7,74.8,75.7,69.2,64.9,0.000,0.000,0.00,0.000,3.5,5.7,1.0,188,19,3.8,6.1,1.1,179,19,3.5,5.7,1.0,188,19,526,29.18,,0,0,0,65.3,66.0,65.9,0.18,0.23,0.28
STEP,2017-08-21 11:10:00 EDT,42.52620,-73.35906,951,75.7,75.1,75.7,67.8,64.3,0.000,0.000,0.00,0.000,2.3,3.9,0.7,189,35,2.6,4.8,0.9,180,36,2.3,3.9,0.7,189,35,461,29.18,,0,0,0,65.3,66.0,65.9,0.18,0.23,0.28
STEP,2017-08-21 11:15:00 EDT,42.52620,-73.35906,951,75.9,75.6,75.9,67.5,64.4,0.000,0.000,0.00,0.000,1.8,4.0,0.9,174,31,2.2,4.6,0.9,168,34,1.8,4.0,0.9,174,31,593,29.18,,0,0,0,65.4,66.0,65.9,0.18,0.23,0.28
STEP,2017-08-21 11:20:00 EDT,42.52620,-73.35906,951,76.7,76.1,76.7,66.6,64.7,0.000,0.000,0.00,0.000,2.7,5.2,1.2,151,23,3.1,6.8,1.4,146,24,2.7,5.2,1.2,151,23,634,29.18,,0,0,0,65.5,66.0,65.8,0.18,0.23,0.28
STEP,2017-08-21 11:25:00 EDT,42.52620,-73.35906,951,77.0,76.2,77.0,66.0,64.7,0.000,0.000,0.00,0.000,1.6,3.8,1.0,175,49,2.3,4.9,0.9,173,54,1.6,3.8,1.0,175,49,471,29.17,,0,0,0,65.6,66.0,65.9,0.18,0.23,0.28
STEP,2017-08-21 11:30:00 EDT,42.52620,-73.35906,951,76.9,76.3,76.9,64.8,64.2,0.000,0.000,0.00,0.000,1.6,4.4,1.2,182,29,2.0,5.8,1.4,177,34,1.6,4.4,1.2,182,29,637,29.17,,0,0,0,65.7,66.0,65.8,0.18,0.23,0.28
STEP,2017-08-21 11:35:00 EDT,42.52620,-73.35906,951,77.3,76.3,77.3,65.8,64.9,0.000,0.000,0.00,0.000,2.5,4.3,0.9,173,34,3.0,5.2,1.0,166,34,2.5,4.3,0.9,173,34,638,29.17,,0,0,0,65.7,66.0,65.9,0.18,0.23,0.28
STEP,2017-08-21 11:40:00 EDT,42.52620,-73.35906,951,77.7,76.8,77.7,65.6,65.2,0.000,0.000,0.00,0.000,1.9,4.3,1.1,141,21,2.3,4.5,1.0,129,24,1.9,4.3,1.1,141,21,612,29.17,,0,0,0,65.8,66.0,65.8,0.18,0.23,0.28
STEP,2017-08-21 11:45:00 EDT,42.52620,-73.35906,951,77.9,76.9,77.9,64.0,64.8,0.000,0.000,0.00,0.000,1.5,3.1,0.6,89,40,2.2,5.8,1.0,74,42,1.5,3.1,0.6,89,40,626,29.16,,0,0,0,65.9,66.0,65.8,0.18,0.23,0.28
STEP,2017-08-21 11:50:00 EDT,42.52620,-73.35906,951,78.6,77.6,78.6,62.9,65.0,0.000,0.000,0.00,0.000,1.9,4.3,1.1,182,49,2.5,5.9,1.2,171,51,1.9,4.3,1.1,182,49,775,29.16,,0,0,0,66.0,66.0,65.8,0.18,0.23,0.28
STEP,2017-08-21 11:55:00 EDT,42.52620,-73.35906,951,78.8,78.1,78.8,62.1,64.8,0.000,0.000,0.00,0.000,4.0,7.5,1.8,206,36,4.6,8.6,1.8,199,36,4.0,7.5,1.8,206,36,760,29.16,,0,0,0,65.9,66.0,65.9,0.18,0.23,0.28
STEP,2017-08-21 12:00:00 EDT,42.52620,-73.35906,951,78.2,77.6,78.2,60.1,63.3,0.000,0.000,0.00,0.000,4.6,7.7,1.5,232,16,4.8,9.3,1.7,225,16,4.6,7.7,1.5,232,16,763,29.16,,0,0,0,66.1,66.0,65.9,0.18,0.23,0.28
STEP,2017-08-21 12:05:00 EDT,42.52620,-73.35906,951,78.5,77.6,78.5,61.4,64.1,0.000,0.000,0.00,0.000,4.3,8.8,2.2,262,22,4.8,9.4,2.4,259,22,4.3,8.8,2.2,262,22,761,29.16,,0,0,0,66.2,66.0,65.9,0.18,0.23,0.28
STEP,2017-08-21 12:10:00 EDT,42.52620,-73.35906,951,79.1,78.2,79.1,61.0,64.5,0.000,0.000,0.00,0.000,3.3,8.2,1.7,180,30,3.7,9.3,1.9,172,31,3.3,8.2,1.7,180,30,723,29.16,,0,0,0,66.2,66.0,65.8,0.18,0.23,0.28
STEP,2017-08-21 12:15:00 EDT,42.52620,-73.35906,951,79.2,78.2,79.2,60.5,64.4,0.000,0.000,0.00,0.000,4.8,10.0,1.6,182,26,5.5,11.0,1.8,178,27,4.8,10.0,1.6,182,26,753,29.16,,0,0,0,66.3,66.0,65.8,0.18,0.23,0.28
STEP,2017-08-21 12:20:00 EDT,42.52620,-73.35906,951,79.0,78.0,79.0,58.8,63.3,0.000,0.000,0.00,0.000,6.1,9.1,1.4,171,8,6.6,9.9,1.5,164,8,6.1,9.1,1.4,171,8,751,29.15,,0,0,0,66.5,66.0,65.8,0.18,0.23,0.28
STEP,2017-08-21 12:25:00 EDT,42.52620,-73.35906,951,79.4,78.5,79.4,57.7,63.2,0.000,0.000,0.00,0.000,4.9,8.9,1.4,172,15,5.6,10.1,1.6,165,13,4.9,8.9,1.4,172,15,689,29.15,,0,0,0,66.6,66.0,65.8,0.18,0.23,0.28
STEP,2017-08-21 12:30:00 EDT,42.52620,-73.35906,951,79.5,78.9,79.5,56.7,62.7,0.000,0.000,0.00,0.000,4.2,8.0,1.5,221,30,4.6,8.3,1.7,217,30,4.2,8.0,1.5,221,30,740,29.15,,0,0,0,66.6,66.0,65.8,0.18,0.23,0.28
STEP,2017-08-21 12:35:00 EDT,42.52620,-73.35906,951,79.3,78.6,79.3,54.6,61.5,0.000,0.000,0.00,0.000,4.8,7.1,1.2,283,21,5.3,9.0,1.4,279,21,4.8,7.1,1.2,283,21,750,29.15,,0,0,0,66.7,66.0,65.8,0.18,0.23,0.28
STEP,2017-08-21 12:40:00 EDT,42.52620,-73.35906,951,79.5,78.8,79.5,55.3,62.1,0.000,0.000,0.00,0.000,5.8,9.9,1.9,257,16,6.3,11.0,2.1,254,17,5.8,9.9,1.9,257,16,762,29.14,,0,0,0,66.7,66.0,65.9,0.18,0.23,0.28
STEP,2017-08-21 12:45:00 EDT,42.52620,-73.35906,951,79.6,79.0,79.6,53.5,61.2,0.000,0.000,0.00,0.000,4.3,6.9,1.2,264,26,4.9,8.2,1.4,258,26,4.3,6.9,1.2,264,26,808,29.14,,0,0,0,66.9,66.1,65.8,0.18,0.23,0.28
STEP,2017-08-21 12:50:00 EDT,42.52620,-73.35906,951,80.0,79.4,81.3,54.1,62.0,0.000,0.000,0.00,0.000,3.3,7.3,1.8,231,36,3.7,8.8,1.7,224,40,3.3,7.3,1.8,231,36,851,29.14,,0,0,0,67.1,66.1,65.7,0.18,0.23,0.28
STEP,2017-08-21 12:55:00 EDT,42.52620,-73.35906,951,80.1,79.6,81.0,50.2,59.9,0.000,0.000,0.00,0.000,3.4,8.2,2.2,209,26,3.9,9.2,2.3,204,30,3.4,8.2,2.2,209,26,771,29.14,,0,0,0,67.2,66.1,65.8,0.18,0.23,0.28
STEP,2017-08-21 13:00:00 EDT,42.52620,-73.35906,951,79.8,79.3,79.8,51.8,60.4,0.000,0.000,0.00,0.000,4.6,10.7,2.5,271,29,5.4,11.8,2.7,268,32,4.6,10.7,2.5,271,29,455,29.14,,0,0,0,67.2,66.3,65.8,0.18,0.23,0.28
STEP,2017-08-21 13:05:00 EDT,42.52620,-73.35906,951,78.7,78.7,78.7,51.7,59.5,0.000,0.000,0.00,0.000,8.1,11.9,1.7,248,16,8.4,12.0,1.7,243,17,8.1,11.9,1.7,248,16,378,29.14,,0,0,0,67.3,66.2,65.8,0.18,0.23,0.28
STEP,2017-08-21 13:10:00 EDT,42.52620,-73.35906,951,78.5,78.4,78.5,52.8,59.8,0.000,0.000,0.00,0.000,3.8,8.2,1.5,226,22,4.0,7.9,1.5,219,21,3.8,8.2,1.5,226,22,378,29.14,,0,0,0,67.4,66.2,65.8,0.18,0.23,0.28
STEP,2017-08-21 13:15:00 EDT,42.52620,-73.35906,951,78.8,78.6,78.8,53.1,60.3,0.000,0.000,0.00,0.000,1.5,4.1,1.1,232,32,1.9,4.9,1.0,223,38,1.5,4.1,1.1,232,32,422,29.14,,0,0,0,67.5,66.3,65.8,0.18,0.23,0.28
STEP,2017-08-21 13:20:00 EDT,42.52620,-73.35906,951,79.2,78.7,79.2,55.7,62.0,0.000,0.000,0.00,0.000,2.7,6.6,1.5,212,25,3.0,7.1,1.5,207,27,2.7,6.6,1.5,212,25,409,29.14,,0,0,0,67.6,66.3,65.6,0.18,0.23,0.28
STEP,2017-08-21 13:25:00 EDT,42.52620,-73.35906,951,79.0,78.8,79.0,55.7,61.8,0.000,0.000,0.00,0.000,5.0,10.9,2.1,198,23,5.8,12.4,2.3,190,20,5.0,10.9,2.1,198,23,461,29.14,,0,0,0,67.8,66.2,65.8,0.18,0.23,0.28
STEP,2017-08-21 13:30:00 EDT,42.52620,-73.35906,951,79.0,78.8,79.0,55.7,61.8,0.000,0.000,0.00,0.000,4.1,7.7,1.3,211,20,4.4,7.6,1.4,202,19,4.1,7.7,1.3,211,20,441,29.14,,0,0,0,67.9,66.3,65.8,0.18,0.23,0.28
STEP,2017-08-21 13:35:00 EDT,42.52620,-73.35906,951,79.6,79.0,79.6,56.3,62.7,0.000,0.000,0.00,0.000,3.5,7.6,1.9,204,20,3.7,8.1,2.0,197,19,3.5,7.6,1.9,204,20,583,29.14,,0,0,0,67.9,66.3,65.8,0.18,0.23,0.28
STEP,2017-08-21 13:40:00 EDT,42.52620,-73.35906,951,79.6,79.1,79.6,54.1,61.5,0.000,0.000,0.00,0.000,4.5,8.3,1.4,198,23,4.8,8.9,1.7,190,23,4.5,8.3,1.4,198,23,506,29.14,,0,0,0,68.0,66.3,65.7,0.18,0.23,0.28
STEP,2017-08-21 13:45:00 EDT,42.52620,-73.35906,951,79.5,79.1,79.5,53.6,61.2,0.000,0.000,0.00,0.000,3.2,6.2,0.8,203,25,3.7,8.6,1.3,196,22,3.2,6.2,0.8,203,25,486,29.14,,0,0,0,68.0,66.3,65.8,0.18,0.23,0.28
STEP,2017-08-21 13:50:00 EDT,42.52620,-73.35906,951,79.2,79.0,79.2,54.0,61.1,0.000,0.000,0.00,0.000,4.0,6.4,1.2,205,29,4.5,7.8,1.4,200,30,4.0,6.4,1.2,205,29,404,29.13,,0,0,0,68.1,66.4,65.8,0.18,0.23,0.28
STEP,2017-08-21 13:55:00 EDT,42.52620,-73.35906,951,78.8,78.7,78.8,56.0,61.8,0.000,0.000,0.00,0.000,2.6,5.8,1.5,230,37,3.3,7.3,1.3,222,39,2.6,5.8,1.5,230,37,292,29.13,,0,0,0,68.1,66.3,65.8,0.18,0.23,0.28
STEP,2017-08-21 14:00:00 EDT,42.52620,-73.35906,951,78.4,78.4,78.4,56.9,61.9,0.000,0.000,0.00,0.000,3.0,5.7,1.3,243,25,3.3,6.8,1.4,240,28,3.0,5.7,1.3,243,25,263,29.13,,0,0,0,68.2,66.3,65.7,0.18,0.23,0.28
STEP,2017-08-21 14:05:00 EDT,42.52620,-73.35906,951,78.1,78.2,78.1,57.0,61.6,0.000,0.000,0.00,0.000,3.5,5.3,1.1,234,14,3.7,5.9,1.0,230,15,3.5,5.3,1.1,234,14,262,29.13,,0,0,0,68.3,66.4,65.8,0.18,0.23,0.28
STEP,2017-08-21 14:10:00 EDT,42.52620,-73.35906,951,78.0,78.0,78.0,58.3,62.2,0.000,0.000,0.00,0.000,2.9,4.8,1.1,225,21,3.0,5.7,1.1,220,20,2.9,4.8,1.1,225,21,235,29.13,,0,0,0,68.3,66.3,65.7,0.18,0.23,0.28
STEP,2017-08-21 14:15:00 EDT,42.52620,-73.35906,951,78.0,78.0,78.0,59.6,62.8,0.000,0.000,0.00,0.000,2.1,3.9,0.8,227,19,2.3,4.4,0.9,223,18,2.1,3.9,0.8,227,19,216,29.13,,0,0,0,68.5,66.4,65.7,0.18,0.23,0.28
STEP,2017-08-21 14:20:00 EDT,42.52620,-73.35906,951,77.8,77.9,77.8,59.8,62.7,0.000,0.000,0.00,0.000,1.9,3.3,0.5,237,15,2.1,3.5,0.6,232,13,1.9,3.3,0.5,237,15,185,29.13,,0,0,0,68.5,66.3,65.8,0.18,0.23,0.28
STEP,2017-08-21 14:25:00 EDT,42.52620,-73.35906,951,77.5,77.7,77.5,61.5,63.2,0.000,0.000,0.00,0.000,2.3,4.1,0.8,247,20,2.6,4.9,0.9,243,21,2.3,4.1,0.8,247,20,165,29.13,,0,0,0,68.5,66.4,65.7,0.18,0.23,0.28
STEP,2017-08-21 14:30:00 EDT,42.52620,-73.35906,951,76.9,77.4,76.9,63.6,63.6,0.000,0.000,0.00,0.000,2.3,3.8,0.7,257,15,2.6,4.8,0.8,252,16,2.3,3.8,0.7,257,15,147,29.12,,0,0,0,68.6,66.4,65.7,0.18,0.23,0.28
STEP,2017-08-21 14:35:00 EDT,42.52620,-73.35906,951,76.7,77.2,76.7,65.2,64.1,0.000,0.000,0.00,0.000,1.8,2.9,0.5,265,16,2.0,3.0,0.5,260,19,1.8,2.9,0.5,265,16,147,29.12,,0,0,0,68.6,66.3,65.7,0.18,0.23,0.28
STEP,2017-08-21 14:40:00 EDT,42.52620,-73.35906,951,76.4,76.8,76.4,68.7,65.4,0.000,0.000,0.00,0.000,0.4,2.2,0.6,266,16,0.8,2.7,0.6,262,33,0.4,2.2,0.6,266,16,143,29.12,,0,0,0,68.6,66.3,65.8,0.18,0.23,0.28
STEP,2017-08-21 14:45:00 EDT,42.52620,-73.35906,951,76.2,76.5,76.2,72.7,66.8,0.000,0.000,0.00,0.000,1.3,2.1,0.7,154,5,1.6,2.4,0.6,147,16,1.3,2.1,0.7,154,5,158,29.12,,0,0,0,68.7,66.4,65.8,0.18,0.23,0.28
STEP,2017-08-21 14:50:00 EDT,42.52620,-73.35906,951,75.9,75.9,75.9,74.8,67.3,0.000,0.000,0.00,0.000,1.6,2.1,0.2,163,13,1.8,2.6,0.3,153,14,1.6,2.1,0.2,163,13,197,29.12,,0,0,0,68.7,66.4,65.7,0.18,0.23,0.28
STEP,2017-08-21 14:55:00 EDT,42.52620,-73.35906,951,75.8,75.9,75.8,74.7,67.2,0.000,0.000,0.00,0.000,1.9,2.4,0.2,149,13,1.9,2.5,0.2,140,13,1.9,2.4,0.2,149,13,155,29.11,,0,0,0,68.7,66.5,65.7,0.18,0.23,0.28
STEP,2017-08-21 15:00:00 EDT,42.52620,-73.35906,951,75.6,75.9,75.6,76.8,67.7,0.000,0.000,0.00,0.000,1.8,2.3,0.2,161,9,2.0,2.6,0.2,150,11,1.8,2.3,0.2,161,9,154,29.11,,0,0,0,68.7,66.6,65.7,0.18,0.23,0.28
STEP,2017-08-21 15:05:00 EDT,42.52620,-73.35906,951,75.5,75.6,75.5,77.4,68.0,0.000,0.000,0.00,0.000,1.5,2.0,0.3,171,10,1.8,2.7,0.3,165,13,1.5,2.0,0.3,171,10,190,29.11,,0,0,0,68.7,66.6,65.7,0.18,0.23,0.28
STEP,2017-08-21 15:10:00 EDT,42.52620,-73.35906,951,76.1,76.0,76.1,76.3,68.1,0.000,0.000,0.00,0.000,1.7,2.3,0.3,151,11,1.8,2.5,0.3,143,13,1.7,2.3,0.3,151,11,248,29.11,,0,0,0,68.7,66.6,65.7,0.18,0.23,0.28
STEP,2017-08-21 15:15:00 EDT,42.52620,-73.35906,951,76.4,76.3,76.4,73.4,67.3,0.000,0.000,0.00,0.000,1.0,2.3,0.6,171,13,1.2,2.4,0.6,165,25,1.0,2.3,0.6,171,13,300,29.11,,0,0,0,68.8,66.7,65.8,0.18,0.23,0.28
STEP,2017-08-21 15:20:00 EDT,42.52620,-73.35906,951,77.3,76.9,77.3,70.3,66.9,0.000,0.000,0.00,0.000,1.0,3.2,1.1,158,9,1.3,3.6,1.0,148,35,1.0,3.2,1.1,158,9,426,29.11,,0,0,0,68.7,66.7,65.7,0.18,0.23,0.28
STEP,2017-08-21 15:25:00 EDT,42.52620,-73.35906,951,78.0,77.6,78.0,65.2,65.4,0.000,0.000,0.00,0.000,2.0,3.7,0.8,171,12,2.4,4.9,0.9,162,14,2.0,3.7,0.8,171,12,424,29.11,,0,0,0,68.7,66.7,65.7,0.18,0.23,0.28
STEP,2017-08-21 15:30:00 EDT,42.52620,-73.35906,951,77.8,77.5,77.8,63.0,64.2,0.000,0.000,0.00,0.000,1.5,3.1,0.9,199,21,1.8,3.7,0.9,191,25,1.5,3.1,0.9,199,21,400,29.11,,0,0,0,68.8,66.7,65.7,0.18,0.23,0.28
STEP,2017-08-21 15:35:00 EDT,42.52620,-73.35906,951,78.2,77.8,78.2,64.0,65.0,0.000,0.000,0.00,0.000,2.3,3.8,0.7,198,13,2.7,4.3,0.7,191,13,2.3,3.8,0.7,198,13,316,29.11,,0,0,0,68.7,66.7,65.7,0.18,0.23,0.28
STEP,2017-08-21 15:40:00 EDT,42.52620,-73.35906,951,78.3,77.9,78.3,64.4,65.4,0.000,0.000,0.00,0.000,3.1,5.0,1.0,203,15,3.3,5.8,1.1,196,14,3.1,5.0,1.0,203,15,570,29.11,,0,0,0,68.7,66.7,65.6,0.18,0.23,0.28
STEP,2017-08-21 15:45:00 EDT,42.52620,-73.35906,951,79.3,78.6,79.3,62.4,65.4,0.000,0.000,0.00,0.000,3.4,5.3,0.8,200,19,3.8,6.2,1.0,193,18,3.4,5.3,0.8,200,19,630,29.11,,0,0,0,68.8,66.7,65.7,0.18,0.23,0.28
STEP,2017-08-21 15:50:00 EDT,42.52620,-73.35906,951,79.8,79.0,79.8,60.3,64.8,0.000,0.000,0.00,0.000,3.0,6.2,1.2,210,43,3.6,7.1,1.3,205,44,3.0,6.2,1.2,210,43,645,29.11,,0,0,0,68.7,66.8,65.7,0.18,0.23,0.28
STEP,2017-08-21 15:55:00 EDT,42.52620,-73.35906,951,80.3,79.4,82.1,59.5,64.9,0.000,0.000,0.00,0.000,2.7,6.0,1.5,200,21,3.1,6.9,1.6,193,24,2.7,6.0,1.5,200,21,633,29.11,,0,0,0,68.9,66.8,65.8,0.18,0.23,0.28
STEP,2017-08-21 16:00:00 EDT,42.52620,-73.35906,951,80.7,79.9,82.6,59.3,65.2,0.000,0.000,0.00,0.000,4.1,7.9,2.0,175,28,4.8,10.8,2.2,172,28,4.1,7.9,2.0,175,28,640,29.11,,0,0,0,68.8,66.9,65.7,0.18,0.23,0.28
STEP,2017-08-21 16:05:00 EDT,42.52620,-73.35906,951,80.9,80.1,82.8,58.4,65.0,0.000,0.000,0.00,0.000,6.8,11.9,1.9,182,15,7.6,12.5,2.2,176,16,6.8,11.9,1.9,182,15,612,29.11,,0,0,0,68.9,66.9,65.7,0.18,0.23,0.28
STEP,2017-08-21 16:10:00 EDT,42.52620,-73.35906,951,80.0,79.6,81.7,58.9,64.3,0.000,0.000,0.00,0.000,5.9,8.7,1.2,199,20,6.4,10.4,1.4,193,19,5.9,8.7,1.2,199,20,520,29.11,,0,0,0,68.9,67.0,65.7,0.18,0.23,0.28
STEP,2017-08-21 16:15:00 EDT,42.52620,-73.35906,951,80.2,79.7,82.1,60.2,65.2,0.000,0.000,0.00,0.000,4.9,8.3,1.5,177,22,5.3,9.5,1.6,170,25,4.9,8.3,1.5,177,22,536,29.10,,0,0,0,68.9,67.0,65.7,0.18,0.23,0.28
STEP,2017-08-21 16:20:00 EDT,42.52620,-73.35906,951,80.5,79.9,82.4,59.6,65.2,0.000,0.000,0.00,0.000,4.6,7.5,1.3,187,18,5.2,8.5,1.5,182,15,4.6,7.5,1.3,187,18,595,29.10,,0,0,0,69.0,67.0,65.6,0.18,0.23,0.28
STEP,2017-08-21 16:25:00 EDT,42.52620,-73.35906,951,80.6,80.1,82.4,58.9,64.9,0.000,0.000,0.00,0.000,4.5,7.1,1.2,226,25,5.1,8.1,1.2,221,24,4.5,7.1,1.2,226,25,482,29.10,,0,0,0,69.0,67.0,65.7,0.18,0.23,0.28
STEP,2017-08-21 16:30:00 EDT,42.52620,-73.35906,951,80.5,80.2,82.3,58.9,64.8,0.000,0.000,0.00,0.000,5.0,9.6,1.4,211,24,5.4,12.2,1.6,205,24,5.0,9.6,1.4,211,24,502,29.10,,0,0,0,69.0,67.0,65.6,0.17,0.23,0.28
STEP,2017-08-21 16:35:00 EDT,42.52620,-73.35906,951,80.7,80.4,82.5,59.1,65.1,0.000,0.000,0.00,0.000,4.9,10.7,2.0,218,23,5.5,10.4,2.0,212,22,4.9,10.7,2.0,218,23,459,29.10,,0,0,0,69.1,67.0,65.7,0.18,0.23,0.28
STEP,2017-08-21 16:40:00 EDT,42.52620,-73.35906,951,80.5,80.1,82.6,60.9,65.8,0.000,0.000,0.00,0.000,5.2,9.1,1.5,181,19,6.1,10.9,1.9,174,16,5.2,9.1,1.5,181,19,503,29.10,,0,0,0,69.2,67.0,65.6,0.18,0.23,0.28
STEP,2017-08-21 16:45:00 EDT,42.52620,-73.35906,951,80.7,80.4,82.6,59.7,65.4,0.000,0.000,0.00,0.000,5.3,13.4,2.9,196,20,5.9,15.1,3.1,190,20,5.3,13.4,2.9,196,20,445,29.10,,0,0,0,69.1,67.1,65.7,0.17,0.23,0.28
STEP,2017-08-21 16:50:00 EDT,42.52620,-73.35906,951,80.5,80.2,82.6,61.1,65.9,0.000,0.000,0.00,0.000,7.1,11.3,1.5,179,21,7.9,13.1,1.9,173,20,7.1,11.3,1.5,179,21,358,29.09,,0,0,0,69.2,67.0,65.7,0.18,0.23,0.28
STEP,2017-08-21 16:55:00 EDT,42.52620,-73.35906,951,80.1,79.7,82.1,61.5,65.6,0.000,0.000,0.00,0.000,5.8,10.7,1.8,185,14,6.4,11.5,1.9,178,14,5.8,10.7,1.8,185,14,400,29.10,,0,0,0,69.3,67.0,65.7,0.17,0.23,0.28
STEP,2017-08-21 17:00:00 EDT,42.52620,-73.35906,951,80.2,79.9,82.2,61.0,65.5,0.000,0.000,0.00,0.000,4.7,8.5,1.9,201,26,5.0,9.7,2.0,196,26,4.7,8.5,1.9,201,26,392,29.10,,0,0,0,69.3,67.1,65.7,0.17,0.23,0.28
STEP,2017-08-21 17:05:00 EDT,42.52620,-73.35906,951,80.1,79.9,82.0,61.1,65.5,0.000,0.000,0.00,0.000,4.5,6.4,1.3,195,17,4.8,7.7,1.5,190,15,4.5,6.4,1.3,195,17,373,29.10,,0,0,0,69.3,67.1,65.7,0.17,0.23,0.28
STEP,2017-08-21 17:10:00 EDT,42.52620,-73.35906,951,80.2,80.0,82.4,62.3,66.2,0.000,0.000,0.00,0.000,4.8,8.1,1.5,191,24,5.2,9.0,1.7,185,23,4.8,8.1,1.5,191,24,360,29.10,,0,0,0,69.3,67.1,65.7,0.17,0.23,0.28
STEP,2017-08-21 17:15:00 EDT,42.52620,-73.35906,951,80.3,79.9,82.4,62.4,66.3,0.000,0.000,0.00,0.000,5.8,9.4,1.2,179,14,6.4,10.3,1.5,173,13,5.8,9.4,1.2,179,14,345,29.09,,0,0,0,69.3,67.0,65.7,0.17,0.23,0.28
STEP,2017-08-21 17:20:00 EDT,42.52620,-73.35906,951,80.0,79.8,80.0,61.8,65.7,0.000,0.000,0.00,0.000,5.3,10.4,1.8,196,18,5.8,12.3,2.1,190,15,5.3,10.4,1.8,196,18,327,29.09,,0,0,0,69.3,67.1,65.7,0.17,0.23,0.28
STEP,2017-08-21 17:25:00 EDT,42.52620,-73.35906,951,80.0,79.8,80.0,61.4,65.5,0.000,0.000,0.00,0.000,3.8,6.9,1.2,199,19,4.2,7.8,1.4,191,20,3.8,6.9,1.2,199,19,313,29.09,,0,0,0,69.3,67.0,65.7,0.17,0.23,0.28
STEP,2017-08-21 17:30:00 EDT,42.52620,-73.35906,951,79.8,79.6,79.8,61.6,65.4,0.000,0.000,0.00,0.000,3.8,9.9,2.1,214,21,4.3,10.8,2.2,205,21,3.8,9.9,2.1,214,21,300,29.09,,0,0,0,69.4,67.1,65.7,0.17,0.23,0.28
STEP,2017-08-21 17:35:00 EDT,42.52620,-73.35906,951,79.5,79.4,79.5,61.0,64.9,0.000,0.000,0.00,0.000,5.3,10.8,1.9,208,20,5.8,13.2,2.1,201,17,5.3,10.8,1.9,208,20,286,29.09,,0,0,0,69.4,67.1,65.8,0.17,0.23,0.28
STEP,2017-08-21 17:40:00 EDT,42.52620,-73.35906,951,79.4,79.3,79.4,60.6,64.6,0.000,0.000,0.00,0.000,3.9,8.0,1.6,211,19,4.3,8.5,1.5,202,19,3.9,8.0,1.6,211,19,273,29.09,,0,0,0,69.4,67.1,65.7,0.17,0.22,0.28
STEP,2017-08-21 17:45:00 EDT,42.52620,-73.35906,951,79.3,79.2,79.3,61.7,65.0,0.000,0.000,0.00,0.000,5.2,9.2,2.1,237,20,5.7,10.1,2.3,233,21,5.2,9.2,2.1,237,20,258,29.09,,0,0,0,69.4,67.0,65.7,0.18,0.23,0.28
STEP,2017-08-21 17:50:00 EDT,42.52620,-73.35906,951,79.1,79.0,79.1,62.1,65.0,0.000,0.000,0.00,0.000,4.5,7.0,1.0,222,20,4.8,7.5,1.1,215,21,4.5,7.0,1.0,222,20,245,29.09,,0,0,0,69.5,67.1,65.6,0.17,0.23,0.28
STEP,2017-08-21 17:55:00 EDT,42.52620,-73.35906,951,79.1,79.1,79.1,63.0,65.4,0.000,0.000,0.00,0.000,4.3,7.7,1.6,203,19,4.7,8.8,1.5,198,17,4.3,7.7,1.6,203,19,232,29.09,,0,0,0,69.5,67.1,65.7,0.18,0.23,0.28
STEP,2017-08-21 18:00:00 EDT,42.52620,-73.35906,951,79.0,79.0,79.0,63.8,65.7,0.000,0.000,0.00,0.000,3.4,6.6,1.3,202,26,3.9,7.3,1.4,197,25,3.4,6.6,1.3,202,26,216,29.09,,0,0,0,69.4,67.2,65.7,0.17,0.22,0.28
STEP,2017-08-21 18:05:00 EDT,42.52620,-73.35906,951,78.9,78.9,78.9,64.1,65.7,0.000,0.000,0.00,0.000,3.9,6.6,1.2,199,22,4.5,7.9,1.4,193,20,3.9,6.6,1.2,199,22,200,29.08,,0,0,0,69.5,67.2,65.7,0.17,0.22,0.28
STEP,2017-08-21 18:10:00 EDT,42.52620,-73.35906,951,78.6,78.7,78.6,65.0,65.9,0.000,0.000,0.00,0.000,2.9,7.7,1.4,215,20,3.3,8.3,1.5,208,21,2.9,7.7,1.4,215,20,186,29.08,,0,0,0,69.5,67.3,65.7,0.17,0.23,0.28
STEP,2017-08-21 18:15:00 EDT,42.52620,-73.35906,951,78.4,78.5,78.4,65.3,65.8,0.000,0.000,0.00,0.000,3.6,7.8,1.5,209,22,4.0,8.8,1.7,202,20,3.6,7.8,1.5,209,22,172,29.08,,0,0,0,69.5,67.3,65.7,0.17,0.23,0.28
STEP,2017-08-21 18:20:00 EDT,42.52620,-73.35906,951,78.2,78.4,78.2,65.8,65.9,0.000,0.000,0.00,0.000,3.3,6.6,1.2,205,24,3.7,8.0,1.6,196,27,3.3,6.6,1.2,205,24,157,29.08,,0,0,0,69.5,67.4,65.7,0.18,0.22,0.28
STEP,2017-08-21 18:25:00 EDT,42.52620,-73.35906,951,77.9,78.1,77.9,65.9,65.6,0.000,0.000,0.00,0.000,2.7,5.4,1.1,216,23,3.0,6.1,1.2,210,24,2.7,5.4,1.1,216,23,141,29.08,,0,0,0,69.5,67.4,65.6,0.17,0.22,0.28
STEP,2017-08-21 18:30:00 EDT,42.52620,-73.35906,951,77.7,77.9,77.7,66.0,65.5,0.000,0.000,0.00,0.000,3.0,4.9,1.0,220,21,3.3,5.7,1.1,215,19,3.0,4.9,1.0,220,21,127,29.08,,0,0,0,69.4,67.3,65.7,0.18,0.22,0.28
STEP,2017-08-21 18:35:00 EDT,42.52620,-73.35906,951,77.5,77.7,77.5,67.2,65.7,0.000,0.000,0.00,0.000,1.6,3.7,0.9,221,20,1.8,3.9,0.8,216,23,1.6,3.7,0.9,221,20,112,29.08,,0,0,0,69.4,67.4,65.7,0.17,0.23,0.28
STEP,2017-08-21 18:40:00 EDT,42.52620,-73.35906,951,77.1,77.4,77.1,67.3,65.5,0.000,0.000,0.00,0.000,1.0,2.1,0.6,230,19,1.3,2.6,0.5,227,22,1.0,2.1,0.6,230,19,72,29.08,,0,0,0,69.5,67.3,65.6,0.18,0.22,0.28
STEP,2017-08-21 18:45:00 EDT,42.52620,-73.35906,951,75.9,77.2,75.9,70.9,65.7,0.000,0.000,0.00,0.000,1.5,2.0,0.3,215,19,1.7,2.3,0.3,209,20,1.5,2.0,0.3,215,19,89,29.08,,0,0,0,69.4,67.4,65.7,0.17,0.22,0.28
STEP,2017-08-21 18:50:00 EDT,42.52620,-73.35906,951,74.7,76.8,74.7,74.3,66.0,0.000,0.000,0.00,0.000,1.3,1.9,0.2,228,16,1.5,2.2,0.2,223,17,1.3,1.9,0.2,228,16,57,29.08,,0,0,0,69.5,67.3,65.7,0.17,0.23,0.28
STEP,2017-08-21 18:55:00 EDT,42.52620,-73.35906,951,73.7,76.4,73.7,77.1,66.1,0.000,0.000,0.00,0.000,1.0,1.6,0.2,210,5,1.3,2.1,0.2,203,7,1.0,1.6,0.2,210,5,40,29.08,,0,0,0,69.4,67.4,65.6,0.17,0.22,0.28
STEP,2017-08-21 19:00:00 EDT,42.52620,-73.35906,951,73.0,75.3,73.0,80.9,66.8,0.000,0.000,0.00,0.000,0.9,1.6,0.3,234,13,1.2,1.9,0.3,235,9,0.9,1.6,0.3,234,13,61,29.08,,0,0,0,69.4,67.4,65.7,0.18,0.23,0.28
STEP,2017-08-21 19:05:00 EDT,42.52620,-73.35906,951,72.7,75.0,72.7,80.3,66.3,0.000,0.000,0.00,0.000,0.8,1.2,0.2,217,22,1.1,1.5,0.2,202,19,0.8,1.2,0.2,217,22,55,29.08,,0,0,0,69.4,67.4,65.7,0.17,0.23,0.28
STEP,2017-08-21 19:10:00 EDT,42.52620,-73.35906,951,72.6,74.3,72.6,82.3,66.9,0.000,0.000,0.00,0.000,0.1,0.7,0.2,192,0,0.9,1.3,0.1,156,15,0.1,0.7,0.2,192,0,48,29.08,,0,0,0,69.4,67.4,65.7,0.17,0.23,0.28
STEP,2017-08-21 19:15:00 EDT,42.52620,-73.35906,951,72.3,74.1,72.3,82.2,66.6,0.000,0.000,0.00,0.000,0.0,0.4,0.1,191,0,0.6,1.1,0.2,101,71,0.0,0.4,0.1,191,0,36,29.07,,0,0,0,69.4,67.5,65.7,0.17,0.23,0.28
STEP,2017-08-21 19:20:00 EDT,42.52620,-73.35906,951,71.5,73.4,71.5,85.2,66.8,0.000,0.000,0.00,0.000,0.5,0.9,0.3,192,0,1.3,1.7,0.2,348,6,0.5,0.9,0.3,192,0,22,29.07,,0,0,0,69.4,67.5,65.7,0.17,0.23,0.28
STEP,2017-08-21 19:25:00 EDT,42.52620,-73.35906,951,71.1,73.6,71.1,88.9,67.6,0.000,0.000,0.00,0.000,0.0,0.0,0.0,0,0,0.6,1.1,0.2,314,33,0.0,0.0,0.0,0,0,18,29.08,,0,0,0,69.4,67.5,65.6,0.17,0.23,0.28
STEP,2017-08-21 19:30:00 EDT,42.52620,-73.35906,951,70.6,73.0,70.6,90.2,67.6,0.000,0.000,0.00,0.000,0.6,1.8,0.6,183,6,1.3,2.0,0.4,196,36,0.6,1.8,0.6,183,6,13,29.08,,0,0,0,69.4,67.5,65.7,0.17,0.23,0.28
STEP,2017-08-21 19:35:00 EDT,42.52620,-73.35906,951,70.2,71.9,70.2,91.4,67.6,0.000,0.000,0.00,0.000,1.5,2.2,0.4,161,4,1.8,2.6,0.4,154,6,1.5,2.2,0.4,161,4,7,29.07,,0,0,0,69.4,67.6,65.7,0.18,0.23,0.28
STEP,2017-08-21 19:40:00 EDT,42.52620,-73.35906,951,70.2,71.7,70.2,92.2,67.9,0.000,0.000,0.00,0.000,0.5,1.1,0.5,170,5,1.0,1.4,0.3,182,19,0.5,1.1,0.5,170,5,4,29.07,,0,0,0,69.4,67.6,65.7,0.17,0.23,0.28
STEP,2017-08-21 19:45:00 EDT,42.52620,-73.35906,951,70.1,71.2,70.1,92.1,67.7,0.000,0.000,0.00,0.000,0.2,1.0,0.4,224,0,0.8,1.4,0.2,227,16,0.2,1.0,0.4,224,0,3,29.08,,0,0,0,69.4,67.7,65.7,0.17,0.23,0.28
STEP,2017-08-21 19:50:00 EDT,42.52620,-73.35906,951,69.7,71.0,69.7,92.4,67.4,0.000,0.000,0.00,0.000,1.3,2.1,0.3,201,8,1.5,2.6,0.3,195,11,1.3,2.1,0.3,201,8,2,29.08,,0,0,0,69.4,67.6,65.7,0.17,0.23,0.28
STEP,2017-08-21 19:55:00 EDT,42.52620,-73.35906,951,69.6,71.0,69.6,93.2,67.5,0.000,0.000,0.00,0.000,1.2,2.7,0.6,216,14,1.4,3.0,0.6,212,17,1.2,2.7,0.6,216,14,1,29.08,,0,0,0,69.3,67.7,65.6,0.17,0.23,0.28
STEP,2017-08-21 20:00:00 EDT,42.52620,-73.35906,951,69.3,70.7,69.3,94.4,67.6,0.000,0.000,0.00,0.000,0.6,1.4,0.5,346,36,1.1,1.8,0.5,333,47,0.6,1.4,0.5,346,36,1,29.08,,0,0,0,69.3,67.7,65.7,0.17,0.23,0.28
STEP,2017-08-21 20:05:00 EDT,42.52620,-73.35906,951,69.0,70.1,69.0,95.3,67.6,0.000,0.000,0.00,0.000,2.0,2.7,0.4,20,3,2.3,3.1,0.4,15,5,2.0,2.7,0.4,20,3,1,29.08,,0,0,0,69.3,67.6,65.7,0.17,0.23,0.28
STEP,2017-08-21 20:10:00 EDT,42.52620,-73.35906,951,68.7,69.5,68.7,96.0,67.5,0.000,0.000,0.00,0.000,0.9,1.4,0.2,15,12,1.4,2.1,0.2,3,16,0.9,1.4,0.2,15,12,1,29.08,,0,0,0,69.3,67.7,65.7,0.18,0.23,0.28
STEP,2017-08-21 20:15:00 EDT,42.52620,-73.35906,951,68.6,69.5,68.6,95.9,67.4,0.000,0.000,0.00,0.000,1.0,1.6,0.3,23,28,1.4,2.0,0.3,11,27,1.0,1.6,0.3,23,28,1,29.08,,0,0,0,69.3,67.7,65.7,0.17,0.23,0.28
STEP,2017-08-21 20:20:00 EDT,42.52620,-73.35906,951,68.4,69.6,68.4,95.8,67.2,0.000,0.000,0.00,0.000,0.9,1.5,0.3,352,15,1.4,2.2,0.2,351,12,0.9,1.5,0.3,352,15,1,29.08,,0,0,0,69.2,67.6,65.7,0.17,0.23,0.28
STEP,2017-08-21 20:25:00 EDT,42.52620,-73.35906,951,68.0,69.7,68.0,95.6,66.7,0.000,0.000,0.00,0.000,1.2,1.4,0.1,6,0,1.7,2.2,0.2,356,7,1.2,1.4,0.1,6,0,1,29.09,,0,0,0,69.2,67.7,65.7,0.17,0.23,0.28
STEP,2017-08-21 20:30:00 EDT,42.52620,-73.35906,951,67.8,69.2,67.8,96.2,66.7,0.000,0.000,0.00,0.000,1.2,1.8,0.3,9,7,1.7,2.2,0.3,5,11,1.2,1.8,0.3,9,7,1,29.09,,0,0,0,69.2,67.7,65.7,0.17,0.23,0.28
STEP,2017-08-21 20:35:00 EDT,42.52620,-73.35906,951,68.0,68.9,68.0,96.8,67.1,0.000,0.000,0.00,0.000,2.1,2.6,0.3,25,7,2.4,3.4,0.4,18,7,2.1,2.6,0.3,25,7,1,29.09,,0,0,0,69.0,67.8,65.7,0.17,0.23,0.28
STEP,2017-08-21 20:40:00 EDT,42.52620,-73.35906,951,68.0,68.5,68.0,96.5,66.9,0.000,0.000,0.00,0.000,2.2,2.5,0.2,358,6,2.8,3.3,0.2,353,8,2.2,2.5,0.2,358,6,1,29.09,,0,0,0,69.1,67.8,65.6,0.17,0.22,0.28
STEP,2017-08-21 20:45:00 EDT,42.52620,-73.35906,951,67.9,68.5,67.9,96.6,66.9,0.000,0.000,0.00,0.000,1.6,1.9,0.2,353,10,2.1,2.8,0.3,350,11,1.6,1.9,0.2,353,10,1,29.09,,0,0,0,69.1,67.7,65.7,0.17,0.23,0.28
STEP,2017-08-21 20:50:00 EDT,42.52620,-73.35906,951,68.1,68.7,68.1,97.0,67.2,0.000,0.000,0.00,0.000,1.4,2.0,0.6,6,7,2.0,2.8,0.7,3,10,1.4,2.0,0.6,6,7,1,29.09,,0,0,0,69.0,67.7,65.7,0.17,0.23,0.28
STEP,2017-08-21 20:55:00 EDT,42.52620,-73.35906,951,68.2,68.5,68.2,96.9,67.2,0.000,0.000,0.00,0.000,0.4,1.2,0.4,11,0,1.0,1.7,0.4,13,10,0.4,1.2,0.4,11,0,1,29.09,,0,0,0,69.0,67.7,65.7,0.17,0.23,0.28
STEP,2017-08-21 21:00:00 EDT,42.52620,-73.35906,951,68.1,68.6,68.1,97.2,67.3,0.000,0.000,0.00,0.000,1.3,2.2,0.5,11,0,1.8,3.0,0.6,7,5,1.3,2.2,0.5,11,0,1,29.09,,0,0,0,68.9,67.7,65.7,0.17,0.23,0.28
STEP,2017-08-21 21:05:00 EDT,42.52620,-73.35906,951,67.7,68.4,67.7,97.0,66.8,0.000,0.000,0.00,0.000,0.9,1.3,0.2,359,11,1.5,1.9,0.2,351,16,0.9,1.3,0.2,359,11,1,29.09,,0,0,0,69.0,67.8,65.7,0.17,0.23,0.28
STEP,2017-08-21 21:10:00 EDT,42.52620,-73.35906,951,67.6,68.5,67.6,97.0,66.7,0.000,0.000,0.00,0.000,1.6,3.1,0.8,344,19,2.1,3.9,0.9,340,20,1.6,3.1,0.8,344,19,1,29.09,,0,0,0,68.9,67.7,65.7,0.17,0.23,0.28
STEP,2017-08-21 21:15:00 EDT,42.52620,-73.35906,951,67.2,68.2,67.2,96.6,66.2,0.000,0.000,0.00,0.000,0.9,1.5,0.4,340,18,1.4,2.0,0.3,336,19,0.9,1.5,0.4,340,18,1,29.09,,0,0,0,68.8,67.8,65.6,0.17,0.23,0.28
STEP,2017-08-21 21:20:00 EDT,42.52620,-73.35906,951,66.6,67.8,66.6,96.6,65.6,0.000,0.000,0.00,0.000,0.2,1.6,0.5,349,4,0.9,1.9,0.4,58,64,0.2,1.6,0.5,349,4,1,29.09,,0,0,0,68.8,67.8,65.8,0.17,0.23,0.28
STEP,2017-08-21 21:25:00 EDT,42.52620,-73.35906,951,66.6,67.5,66.6,97.5,65.9,0.000,0.000,0.00,0.000,0.0,0.0,0.0,0,0,0.6,1.2,0.4,192,26,0.0,0.0,0.0,0,0,1,29.09,,0,0,0,68.8,67.7,65.6,0.17,0.23,0.28
STEP,2017-08-21 21:30:00 EDT,42.52620,-73.35906,951,66.4,67.4,66.4,97.8,65.8,0.000,0.000,0.00,0.000,0.0,0.0,0.0,0,0,0.4,0.7,0.2,359,61,0.0,0.0,0.0,0,0,1,29.09,,0,0,0,68.8,67.7,65.7,0.17,0.23,0.28
STEP,2017-08-21 21:35:00 EDT,42.52620,-73.35906,951,66.4,67.4,66.4,98.2,65.9,0.000,0.000,0.00,0.000,0.1,0.5,0.1,73,0,0.9,1.8,0.3,34,22,0.1,0.5,0.1,73,0,1,29.09,,0,0,0,68.7,67.8,65.6,0.17,0.23,0.28
STEP,2017-08-21 21:40:00 EDT,42.52620,-73.35906,951,66.2,67.2,66.2,98.1,65.6,0.000,0.000,0.00,0.000,0.1,0.4,0.2,73,0,1.4,1.9,0.2,12,8,0.1,0.4,0.2,73,0,1,29.09,,0,0,0,68.8,67.7,65.7,0.17,0.23,0.28
STEP,2017-08-21 21:45:00 EDT,42.52620,-73.35906,951,65.9,67.4,65.9,98.0,65.3,0.000,0.000,0.00,0.000,0.0,0.0,0.0,0,0,1.3,1.6,0.1,360,9,0.0,0.0,0.0,0,0,1,29.08,,0,0,0,68.7,67.7,65.7,0.17,0.23,0.28
STEP,2017-08-21 21:50:00 EDT,42.52620,-73.35906,951,65.7,67.1,65.7,98.1,65.1,0.000,0.000,0.00,0.000,0.7,1.5,0.6,2,2,1.6,2.1,0.3,339,28,0.7,1.5,0.6,2,2,1,29.08,,0,0,0,68.7,67.8,65.7,0.17,0.23,0.28
STEP,2017-08-21 21:55:00 EDT,42.52620,-73.35906,951,65.7,66.7,65.7,98.3,65.2,0.000,0.000,0.00,0.000,0.0,0.0,0.0,0,0,0.7,1.4,0.3,275,39,0.0,0.0,0.0,0,0,1,29.08,,0,0,0,68.7,67.8,65.7,0.18,0.23,0.28
STEP,2017-08-21 22:00:00 EDT,42.52620,-73.35906,951,65.6,66.5,65.6,98.4,65.1,0.000,0.000,0.00,0.000,0.0,0.0,0.0,0,0,0.4,0.8,0.1,25,44,0.0,0.0,0.0,0,0,1,29.08,,0,0,0,68.6,67.8,65.6,0.17,0.23,0.28
STEP,2017-08-21 22:05:00 EDT,42.52620,-73.35906,951,65.6,66.4,65.6,98.5,65.2,0.000,0.000,0.00,0.000,0.0,0.1,0.0,343,0,0.4,1.1,0.2,354,56,0.0,0.1,0.0,343,0,1,29.08,,0,0,0,68.6,67.8,65.7,0.17,0.22,0.28
STEP,2017-08-21 22:10:00 EDT,42.52620,-73.35906,951,65.6,66.2,65.6,98.6,65.2,0.000,0.000,0.00,0.000,0.0,0.5,0.1,343,0,0.4,1.3,0.3,334,29,0.0,0.5,0.1,343,0,1,29.08,,0,0,0,68.6,67.7,65.7,0.17,0.23,0.28
STEP,2017-08-21 22:15:00 EDT,42.52620,-73.35906,951,65.6,66.2,65.6,98.7,65.2,0.000,0.000,0.00,0.000,0.0,0.7,0.1,343,0,0.5,1.0,0.2,51,45,0.0,0.7,0.1,343,0,1,29.08,,0,0,0,68.6,67.7,65.7,0.17,0.23,0.28
STEP,2017-08-21 22:20:00 EDT,42.52620,-73.35906,951,65.2,66.2,65.2,98.7,64.8,0.000,0.000,0.00,0.000,0.0,0.0,0.0,0,0,0.7,1.3,0.3,42,34,0.0,0.0,0.0,0,0,1,29.08,,0,0,0,68.5,67.7,65.7,0.17,0.23,0.28
STEP,2017-08-21 22:25:00 EDT,42.52620,-73.35906,951,65.0,66.3,65.0,98.6,64.6,0.000,0.000,0.00,0.000,0.6,2.0,0.8,24,5,1.1,2.3,0.7,27,38,0.6,2.0,0.8,24,5,1,29.08,,0,0,0,68.5,67.8,65.7,0.17,0.22,0.28
STEP,2017-08-21 22:30:00 EDT,42.52620,-73.35906,951,65.0,66.1,65.0,98.7,64.6,0.000,0.000,0.00,0.000,1.0,2.0,0.6,345,19,1.4,2.3,0.4,333,17,1.0,2.0,0.6,345,19,1,29.08,,0,0,0,68.5,67.8,65.7,0.17,0.22,0.28
STEP,2017-08-21 22:35:00 EDT,42.52620,-73.35906,951,65.0,65.9,65.0,98.8,64.7,0.000,0.000,0.00,0.000,0.7,1.4,0.5,307,4,1.1,1.7,0.3,299,13,0.7,1.4,0.5,307,4,1,29.08,,0,0,0,68.5,67.7,65.7,0.17,0.22,0.28
STEP,2017-08-21 22:40:00 EDT,42.52620,-73.35906,951,65.0,66.0,65.0,98.9,64.7,0.000,0.000,0.00,0.000,0.0,0.7,0.1,301,0,0.6,1.1,0.2,313,21,0.0,0.7,0.1,301,0,1,29.08,,0,0,0,68.3,67.8,65.7,0.17,0.22,0.28
STEP,2017-08-21 22:45:00 EDT,42.52620,-73.35906,951,64.8,65.8,64.8,98.8,64.4,0.000,0.000,0.00,0.000,0.1,1.1,0.3,201,0,0.6,1.5,0.4,213,55,0.1,1.1,0.3,201,0,1,29.08,,0,0,0,68.3,67.8,65.7,0.17,0.22,0.28
STEP,2017-08-21 22:50:00 EDT,42.52620,-73.35906,951,64.4,65.5,64.4,98.8,64.1,0.000,0.000,0.00,0.000,0.1,0.7,0.2,97,1,0.7,1.2,0.2,115,63,0.1,0.7,0.2,97,1,1,29.08,,0,0,0,68.2,67.8,65.7,0.17,0.22,0.28
STEP,2017-08-21 22:55:00 EDT,42.52620,-73.35906,951,64.2,65.6,64.2,98.9,63.9,0.000,0.000,0.00,0.000,0.0,0.0,0.0,0,0,0.8,1.8,0.5,12,51,0.0,0.0,0.0,0,0,1,29.08,,0,0,0,68.2,67.8,65.7,0.17,0.22,0.28
STEP,2017-08-21 23:00:00 EDT,42.52620,-73.35906,951,64.1,65.5,64.1,98.9,63.8,0.000,0.000,0.00,0.000,0.7,1.8,0.7,13,12,1.5,2.5,0.6,11,16,0.7,1.8,0.7,13,12,1,29.08,,0,0,0,68.2,67.8,65.7,0.17,0.22,0.28
STEP,2017-08-21 23:05:00 EDT,42.52620,-73.35906,951,64.3,65.5,64.3,99.0,64.0,0.000,0.000,0.00,0.000,1.0,2.2,0.9,31,5,1.5,2.7,0.8,22,15,1.0,2.2,0.9,31,5,1,29.08,,0,0,0,68.1,67.7,65.7,0.17,0.22,0.28
STEP,2017-08-21 23:10:00 EDT,42.52620,-73.35906,951,64.3,65.7,64.3,99.1,64.1,0.000,0.000,0.00,0.000,0.9,1.4,0.2,33,6,1.3,2.0,0.3,26,14,0.9,1.4,0.2,33,6,1,29.08,,0,0,0,68.2,67.8,65.8,0.17,0.22,0.28
STEP,2017-08-21 23:15:00 EDT,42.52620,-73.35906,951,64.6,65.7,64.6,99.2,64.4,0.000,0.000,0.00,0.000,1.4,3.0,0.6,350,17,1.8,3.1,0.5,342,15,1.4,3.0,0.6,350,17,1,29.08,,0,0,0,68.1,67.8,65.7,0.17,0.22,0.28
STEP,2017-08-21 23:20:00 EDT,42.52620,-73.35906,951,64.5,65.9,64.5,99.2,64.2,0.000,0.000,0.00,0.000,2.8,4.1,1.1,340,7,3.1,4.6,1.2,335,15,2.8,4.1,1.1,340,7,1,29.08,,0,0,0,68.1,67.8,65.6,0.17,0.22,0.28
STEP,2017-08-21 23:25:00 EDT,42.52620,-73.35906,951,64.5,65.5,64.5,99.1,64.2,0.000,0.000,0.00,0.000,0.5,1.5,0.5,135,44,0.9,2.4,0.5,75,64,0.5,1.5,0.5,135,44,1,29.08,,0,0,0,68.1,67.8,65.7,0.17,0.22,0.28
STEP,2017-08-21 23:30:00 EDT,42.52620,-73.35906,951,64.2,65.7,64.2,99.1,64.0,0.000,0.000,0.00,0.000,0.0,1.1,0.2,149,0,0.6,1.3,0.3,86,57,0.0,1.1,0.2,149,0,1,29.08,,0,0,0,68.0,67.7,65.7,0.17,0.22,0.28
STEP,2017-08-21 23:35:00 EDT,42.52620,-73.35906,951,64.1,65.0,64.1,99.0,63.8,0.000,0.000,0.00,0.000,0.2,1.2,0.3,149,0,0.6,1.4,0.3,42,74,0.2,1.2,0.3,149,0,1,29.08,,0,0,0,68.0,67.8,65.7,0.17,0.22,0.28
STEP,2017-08-21 23:40:00 EDT,42.52620,-73.35906,951,64.2,64.9,64.2,99.1,63.9,0.000,0.000,0.00,0.000,0.3,1.5,0.5,25,18,1.0,2.4,0.5,30,42,0.3,1.5,0.5,25,18,1,29.08,,0,0,0,68.0,67.7,65.6,0.17,0.22,0.28
STEP,2017-08-21 23:45:00 EDT,42.52620,-73.35906,951,64.3,65.1,64.3,99.2,64.1,0.000,0.000,0.00,0.000,0.8,2.3,0.8,31,12,1.3,2.7,0.7,21,16,0.8,2.3,0.8,31,12,1,29.07,,0,0,0,67.9,67.7,65.7,0.17,0.22,0.28
STEP,2017-08-21 23:50:00 EDT,42.52620,-73.35906,951,64.5,65.2,64.5,99.2,64.3,0.000,0.000,0.00,0.000,1.9,2.5,0.3,13,7,2.5,3.4,0.4,9,8,1.9,2.5,0.3,13,7,1,29.07,,0,0,0,67.9,67.7,65.7,0.17,0.22,0.28
STEP,2017-08-21 23:55:00 EDT,42.52620,-73.35906,951,64.4,65.5,64.4,99.2,64.2,0.000,0.000,0.00,0.000,2.8,3.9,0.7,353,9,3.3,4.7,1.0,349,10,2.8,3.9,0.7,353,9,1,29.07,,0,0,0,67.9,67.8,65.7,0.17,0.22,0.28
SUFF,2017-08-21 00:00:00 EDT,41.13038,-74.08987,584,65.9,69.5,65.9,80.6,59.8,0.000,0.000,0.00,0.000,0.0,0.4,0.1,90,0,0.4,1.1,0.4,119,8,0.0,0.4,0.1,90,0,0,29.55,,0,0,0,71.4,71.5,70.7,0.24,0.19,0.14
SUFF,2017-08-21 00:05:00 EDT,41.13038,-74.08987,584,65.5,69.4,65.5,81.5,59.7,0.000,0.000,0.00,0.000,0.2,0.9,0.3,90,0,0.6,1.4,0.5,102,9,0.2,0.9,0.3,90,0,0,29.55,,0,0,0,71.4,71.5,70.7,0.24,0.19,0.14
SUFF,2017-08-21 00:10:00 EDT,41.13038,-74.08987,584,65.3,69.4,65.3,82.6,59.9,0.000,0.000,0.00,0.000,0.4,1.3,0.4,110,10,0.9,1.7,0.5,116,12,0.4,1.3,0.4,110,10,0,29.55,,0,0,0,71.4,71.4,70.7,0.24,0.19,0.14
SUFF,2017-08-21 00:15:00 EDT,41.13038,-74.08987,584,65.0,69.2,65.0,83.6,59.9,0.000,0.000,0.00,0.000,0.1,0.5,0.2,136,1,0.7,1.2,0.4,126,12,0.1,0.5,0.2,136,1,0,29.55,,0,0,0,71.4,71.4,70.7,0.24,0.19,0.14
SUFF,2017-08-21 00:20:00 EDT,41.13038,-74.08987,584,65.4,69.9,65.4,82.2,59.8,0.000,0.000,0.00,0.000,0.4,1.4,0.4,164,23,0.6,1.9,0.6,158,27,0.4,1.4,0.4,164,23,0,29.55,,0,0,0,71.4,71.4,70.8,0.24,0.19,0.14
SUFF,2017-08-21 00:25:00 EDT,41.13038,-74.08987,584,65.7,69.9,65.7,81.9,60.0,0.000,0.000,0.00,0.000,0.2,1.2,0.3,179,11,0.5,2.0,0.6,186,16,0.2,1.2,0.3,179,11,0,29.55,,0,0,0,71.4,71.4,70.7,0.24,0.19,0.14
SUFF,2017-08-21 00:30:00 EDT,41.13038,-74.08987,584,65.9,70.0,65.9,81.0,59.9,0.000,0.000,0.00,0.000,0.9,2.1,0.6,210,20,1.3,2.6,0.5,213,22,0.9,2.1,0.6,210,20,0,29.55,,0,0,0,71.4,71.4,70.7,0.24,0.19,0.14
SUFF,2017-08-21 00:35:00 EDT,41.13038,-74.08987,584,67.2,69.8,67.2,77.9,60.1,0.000,0.000,0.00,0.000,0.8,2.1,0.6,237,17,1.1,2.6,0.7,239,20,0.8,2.1,0.6,237,17,0,29.55,,0,0,0,71.3,71.4,70.7,0.24,0.19,0.14
SUFF,2017-08-21 00:40:00 EDT,41.13038,-74.08987,584,68.5,69.3,68.5,75.4,60.4,0.000,0.000,0.00,0.000,0.9,2.0,0.5,237,14,1.3,2.5,0.5,241,16,0.9,2.0,0.5,237,14,0,29.56,,0,0,0,71.1,71.4,70.8,0.24,0.19,0.14
SUFF,2017-08-21 00:45:00 EDT,41.13038,-74.08987,584,68.2,69.5,68.2,74.6,59.8,0.000,0.000,0.00,0.000,0.5,1.8,0.4,172,29,1.0,2.2,0.5,171,33,0.5,1.8,0.4,172,29,0,29.55,,0,0,0,71.1,71.4,70.7,0.24,0.19,0.14
SUFF,2017-08-21 00:50:00 EDT,41.13038,-74.08987,584,66.1,69.7,66.1,77.9,59.0,0.000,0.000,0.00,0.000,0.8,2.1,0.5,173,23,1.4,2.5,0.5,177,24,0.8,2.1,0.5,173,23,0,29.55,,0,0,0,71.1,71.4,70.7,0.24,0.19,0.14
SUFF,2017-08-21 00:55:00 EDT,41.13038,-74.08987,584,66.0,69.5,66.0,79.4,59.4,0.000,0.000,0.00,0.000,0.5,1.8,0.5,205,18,1.0,2.8,0.5,204,21,0.5,1.8,0.5,205,18,0,29.55,,0,0,0,71.1,71.4,70.7,0.24,0.19,0.14
SUFF,2017-08-21 01:00:00 EDT,41.13038,-74.08987,584,66.8,70.0,66.8,78.2,59.8,0.000,0.000,0.00,0.000,2.1,3.7,0.7,211,14,2.2,4.4,0.7,216,14,2.1,3.7,0.7,211,14,0,29.56,,0,0,0,71.1,71.4,70.7,0.24,0.19,0.14
SUFF,2017-08-21 01:05:00 EDT,41.13038,-74.08987,584,68.9,70.3,68.9,73.3,60.0,0.000,0.000,0.00,0.000,1.9,3.5,0.6,220,15,2.0,4.1,0.6,222,13,1.9,3.5,0.6,220,15,0,29.56,,0,0,0,71.1,71.4,70.7,0.24,0.19,0.14
SUFF,2017-08-21 01:10:00 EDT,41.13038,-74.08987,584,67.5,69.9,67.5,75.5,59.5,0.000,0.000,0.00,0.000,0.5,1.5,0.5,213,14,0.7,1.9,0.6,215,15,0.5,1.5,0.5,213,14,0,29.56,,0,0,0,71.1,71.4,70.7,0.24,0.19,0.14
SUFF,2017-08-21 01:15:00 EDT,41.13038,-74.08987,584,65.8,69.6,65.8,78.9,59.1,0.000,0.000,0.00,0.000,0.3,1.3,0.4,208,11,0.5,1.7,0.6,207,18,0.3,1.3,0.4,208,11,0,29.55,,0,0,0,71.1,71.4,70.7,0.24,0.19,0.14
SUFF,2017-08-21 01:20:00 EDT,41.13038,-74.08987,584,67.7,70.3,67.7,76.7,60.1,0.000,0.000,0.00,0.000,1.9,3.7,0.9,220,14,2.0,4.4,0.8,223,13,1.9,3.7,0.9,220,14,0,29.55,,0,0,0,71.1,71.4,70.8,0.24,0.19,0.14
SUFF,2017-08-21 01:25:00 EDT,41.13038,-74.08987,584,69.4,70.5,69.4,72.3,60.1,0.000,0.000,0.00,0.000,1.7,3.3,0.5,214,19,1.9,3.2,0.4,216,17,1.7,3.3,0.5,214,19,0,29.55,,0,0,0,71.1,71.4,70.8,0.24,0.19,0.14
SUFF,2017-08-21 01:30:00 EDT,41.13038,-74.08987,584,68.7,70.3,68.7,71.9,59.3,0.000,0.000,0.00,0.000,1.5,2.6,0.5,211,21,1.7,3.5,0.5,213,20,1.5,2.6,0.5,211,21,0,29.55,,0,0,0,71.0,71.4,70.7,0.24,0.19,0.14
SUFF,2017-08-21 01:35:00 EDT,41.13038,-74.08987,584,68.1,70.0,68.1,73.2,59.2,0.000,0.000,0.00,0.000,1.7,2.7,0.5,208,19,1.9,3.0,0.5,209,17,1.7,2.7,0.5,208,19,0,29.56,,0,0,0,71.0,71.4,70.7,0.24,0.19,0.14
SUFF,2017-08-21 01:40:00 EDT,41.13038,-74.08987,584,68.6,69.9,68.6,72.6,59.5,0.000,0.000,0.00,0.000,1.4,2.9,0.5,193,20,1.8,3.1,0.5,197,20,1.4,2.9,0.5,193,20,0,29.56,,0,0,0,70.9,71.4,70.7,0.24,0.19,0.14
SUFF,2017-08-21 01:45:00 EDT,41.13038,-74.08987,584,67.7,69.8,67.7,72.5,58.5,0.000,0.000,0.00,0.000,1.4,2.3,0.3,184,21,1.7,2.7,0.4,187,21,1.4,2.3,0.3,184,21,0,29.56,,0,0,0,70.7,71.4,70.7,0.24,0.19,0.14
SUFF,2017-08-21 01:50:00 EDT,41.13038,-74.08987,584,66.6,70.0,66.6,75.1,58.5,0.000,0.000,0.00,0.000,1.4,2.3,0.3,178,12,1.8,3.0,0.4,181,14,1.4,2.3,0.3,178,12,0,29.55,,0,0,0,70.7,71.4,70.7,0.24,0.19,0.14
SUFF,2017-08-21 01:55:00 EDT,41.13038,-74.08987,584,65.6,69.7,65.6,80.0,59.3,0.000,0.000,0.00,0.000,1.2,1.8,0.2,177,16,1.6,2.6,0.3,178,18,1.2,1.8,0.2,177,16,0,29.55,,0,0,0,70.7,71.4,70.7,0.24,0.19,0.14
SUFF,2017-08-21 02:00:00 EDT,41.13038,-74.08987,584,65.7,70.0,65.7,81.2,59.7,0.000,0.000,0.00,0.000,1.0,1.8,0.4,190,25,1.5,2.3,0.4,193,25,1.0,1.8,0.4,190,25,0,29.55,,0,0,0,70.7,71.4,70.7,0.24,0.19,0.14
SUFF,2017-08-21 02:05:00 EDT,41.13038,-74.08987,584,66.0,69.8,66.0,79.2,59.3,0.000,0.000,0.00,0.000,1.2,1.6,0.2,167,9,1.6,2.1,0.2,170,11,1.2,1.6,0.2,167,9,0,29.55,,0,0,0,70.7,71.4,70.7,0.24,0.19,0.14
SUFF,2017-08-21 02:10:00 EDT,41.13038,-74.08987,584,65.3,69.7,65.3,80.8,59.2,0.000,0.000,0.00,0.000,1.3,1.9,0.3,167,13,1.6,2.7,0.3,169,15,1.3,1.9,0.3,167,13,0,29.55,,0,0,0,70.7,71.4,70.7,0.24,0.19,0.14
SUFF,2017-08-21 02:15:00 EDT,41.13038,-74.08987,584,65.6,69.5,65.6,80.4,59.4,0.000,0.000,0.00,0.000,1.1,1.5,0.2,172,12,1.5,1.9,0.2,175,13,1.1,1.5,0.2,172,12,0,29.55,,0,0,0,70.7,71.4,70.7,0.24,0.19,0.14
SUFF,2017-08-21 02:20:00 EDT,41.13038,-74.08987,584,66.4,69.9,66.4,80.0,60.0,0.000,0.000,0.00,0.000,1.2,2.3,0.4,208,24,1.4,2.3,0.4,209,24,1.2,2.3,0.4,208,24,0,29.55,,0,0,0,70.7,71.4,70.8,0.24,0.19,0.14
SUFF,2017-08-21 02:25:00 EDT,41.13038,-74.08987,584,67.8,70.2,67.8,73.6,59.1,0.000,0.000,0.00,0.000,1.4,2.8,0.7,191,24,1.8,3.7,0.7,191,21,1.4,2.8,0.7,191,24,0,29.55,,0,0,0,70.7,71.4,70.7,0.24,0.19,0.14
SUFF,2017-08-21 02:30:00 EDT,41.13038,-74.08987,584,67.2,70.1,67.2,75.5,59.2,0.000,0.000,0.00,0.000,1.3,2.2,0.4,195,25,1.5,2.4,0.5,195,26,1.3,2.2,0.4,195,25,0,29.55,,0,0,0,70.7,71.4,70.7,0.24,0.19,0.14
SUFF,2017-08-21 02:35:00 EDT,41.13038,-74.08987,584,65.1,69.8,65.1,80.2,58.8,0.000,0.000,0.00,0.000,1.1,1.5,0.2,169,9,1.5,2.1,0.2,174,12,1.1,1.5,0.2,169,9,0,29.55,,0,0,0,70.7,71.4,70.7,0.24,0.19,0.14
SUFF,2017-08-21 02:40:00 EDT,41.13038,-74.08987,584,65.3,70.0,65.3,82.3,59.7,0.000,0.000,0.00,0.000,1.2,1.8,0.3,185,15,1.6,2.6,0.3,189,15,1.2,1.8,0.3,185,15,0,29.55,,0,0,0,70.7,71.4,70.7,0.24,0.19,0.14
SUFF,2017-08-21 02:45:00 EDT,41.13038,-74.08987,584,65.5,69.7,65.5,81.3,59.7,0.000,0.000,0.00,0.000,0.5,1.7,0.4,181,20,1.0,2.3,0.5,182,23,0.5,1.7,0.4,181,20,0,29.55,,0,0,0,70.7,71.4,70.7,0.24,0.19,0.14
SUFF,2017-08-21 02:50:00 EDT,41.13038,-74.08987,584,65.7,69.4,65.7,78.6,58.9,0.000,0.000,0.00,0.000,0.8,1.8,0.4,165,22,1.2,1.9,0.4,168,22,0.8,1.8,0.4,165,22,0,29.55,,0,0,0,70.7,71.4,70.7,0.24,0.19,0.14
SUFF,2017-08-21 02:55:00 EDT,41.13038,-74.08987,584,65.5,69.3,65.5,80.7,59.4,0.000,0.000,0.00,0.000,0.9,2.4,0.5,173,18,1.3,2.9,0.6,177,21,0.9,2.4,0.5,173,18,0,29.55,,0,0,0,70.7,71.4,70.7,0.24,0.19,0.14
SUFF,2017-08-21 03:00:00 EDT,41.13038,-74.08987,584,65.5,69.5,65.5,81.0,59.5,0.000,0.000,0.00,0.000,1.4,2.3,0.4,192,27,1.7,3.0,0.4,195,26,1.4,2.3,0.4,192,27,0,29.55,,0,0,0,70.7,71.4,70.7,0.24,0.19,0.14
SUFF,2017-08-21 03:05:00 EDT,41.13038,-74.08987,584,65.2,69.3,65.2,82.0,59.5,0.000,0.000,0.00,0.000,1.5,2.9,0.6,193,19,1.9,3.8,0.7,194,20,1.5,2.9,0.6,193,19,0,29.55,,0,0,0,70.7,71.4,70.7,0.24,0.19,0.14
SUFF,2017-08-21 03:10:00 EDT,41.13038,-74.08987,584,65.2,69.0,65.2,82.2,59.6,0.000,0.000,0.00,0.000,1.0,2.2,0.4,186,17,1.4,2.9,0.5,187,16,1.0,2.2,0.4,186,17,0,29.55,,0,0,0,70.7,71.4,70.7,0.24,0.19,0.14
SUFF,2017-08-21 03:15:00 EDT,41.13038,-74.08987,584,65.0,68.1,65.0,83.8,60.0,0.000,0.000,0.00,0.000,1.2,2.6,0.5,177,13,1.6,3.4,0.5,179,16,1.2,2.6,0.5,177,13,0,29.55,,0,0,0,70.6,71.4,70.7,0.24,0.19,0.14
SUFF,2017-08-21 03:20:00 EDT,41.13038,-74.08987,584,65.1,68.1,65.1,83.9,60.1,0.000,0.000,0.00,0.000,1.4,2.5,0.4,167,14,1.8,3.2,0.4,170,16,1.4,2.5,0.4,167,14,0,29.55,,0,0,0,70.5,71.4,70.7,0.24,0.19,0.14
SUFF,2017-08-21 03:25:00 EDT,41.13038,-74.08987,584,66.0,68.3,66.0,81.2,60.1,0.000,0.000,0.00,0.000,1.4,2.6,0.5,180,19,1.7,3.2,0.6,182,20,1.4,2.6,0.5,180,19,0,29.55,,0,0,0,70.4,71.4,70.7,0.24,0.19,0.14
SUFF,2017-08-21 03:30:00 EDT,41.13038,-74.08987,584,65.6,67.8,65.6,81.3,59.7,0.000,0.000,0.00,0.000,1.6,2.6,0.4,181,17,1.9,3.7,0.5,183,17,1.6,2.6,0.4,181,17,0,29.55,,0,0,0,70.3,71.4,70.7,0.24,0.19,0.14
SUFF,2017-08-21 03:35:00 EDT,41.13038,-74.08987,584,66.2,67.9,66.2,81.5,60.4,0.000,0.000,0.00,0.000,2.1,3.4,0.5,173,17,2.4,4.8,0.7,173,18,2.1,3.4,0.5,173,17,0,29.55,,0,0,0,70.3,71.4,70.7,0.24,0.19,0.14
SUFF,2017-08-21 03:40:00 EDT,41.13038,-74.08987,584,66.3,68.1,66.3,80.5,60.1,0.000,0.000,0.00,0.000,2.0,3.5,0.6,170,17,2.4,4.9,0.8,172,19,2.0,3.5,0.6,170,17,0,29.55,,0,0,0,70.3,71.4,70.7,0.24,0.19,0.14
SUFF,2017-08-21 03:45:00 EDT,41.13038,-74.08987,584,66.3,68.1,66.3,79.7,59.9,0.000,0.000,0.00,0.000,1.4,2.6,0.4,168,17,1.8,3.0,0.5,170,19,1.4,2.6,0.4,168,17,0,29.55,,0,0,0,70.3,71.4,70.7,0.24,0.19,0.14
SUFF,2017-08-21 03:50:00 EDT,41.13038,-74.08987,584,66.1,68.0,66.1,78.2,59.1,0.000,0.000,0.00,0.000,1.0,2.2,0.6,185,16,1.4,2.8,0.7,186,17,1.0,2.2,0.6,185,16,0,29.55,,0,0,0,70.3,71.3,70.7,0.24,0.19,0.14
SUFF,2017-08-21 03:55:00 EDT,41.13038,-74.08987,584,64.9,66.9,64.9,81.8,59.2,0.000,0.000,0.00,0.000,0.2,1.0,0.3,178,4,0.6,1.4,0.5,169,16,0.2,1.0,0.3,178,4,0,29.55,,0,0,0,70.3,71.2,70.7,0.24,0.19,0.14
SUFF,2017-08-21 04:00:00 EDT,41.13038,-74.08987,584,64.6,67.3,64.6,84.0,59.6,0.000,0.000,0.00,0.000,1.4,2.3,0.4,173,21,1.6,2.7,0.4,176,21,1.4,2.3,0.4,173,21,0,29.55,,0,0,0,70.3,71.1,70.7,0.24,0.19,0.14
SUFF,2017-08-21 04:05:00 EDT,41.13038,-74.08987,584,64.8,67.6,64.8,85.6,60.4,0.000,0.000,0.00,0.000,1.4,2.8,0.5,196,28,1.7,3.3,0.5,197,28,1.4,2.8,0.5,196,28,0,29.55,,0,0,0,70.3,71.1,70.7,0.24,0.19,0.14
SUFF,2017-08-21 04:10:00 EDT,41.13038,-74.08987,584,65.4,67.8,65.4,85.1,60.8,0.000,0.000,0.00,0.000,1.4,2.8,0.6,198,25,1.8,3.2,0.5,199,25,1.4,2.8,0.6,198,25,0,29.55,,0,0,0,70.3,71.1,70.7,0.24,0.19,0.14
SUFF,2017-08-21 04:15:00 EDT,41.13038,-74.08987,584,65.0,68.1,65.0,83.0,59.8,0.000,0.000,0.00,0.000,1.3,2.3,0.6,184,20,1.7,3.6,0.7,185,20,1.3,2.3,0.6,184,20,0,29.55,,0,0,0,70.3,71.1,70.7,0.24,0.19,0.14
SUFF,2017-08-21 04:20:00 EDT,41.13038,-74.08987,584,65.3,68.1,65.3,82.3,59.8,0.000,0.000,0.00,0.000,1.1,1.8,0.3,167,17,1.4,2.1,0.3,169,19,1.1,1.8,0.3,167,17,0,29.56,,0,0,0,70.3,71.1,70.7,0.24,0.19,0.14
SUFF,2017-08-21 04:25:00 EDT,41.13038,-74.08987,584,65.2,68.0,65.2,82.3,59.6,0.000,0.000,0.00,0.000,1.3,1.8,0.3,172,14,1.7,2.5,0.3,176,16,1.3,1.8,0.3,172,14,0,29.55,,0,0,0,70.3,71.1,70.7,0.24,0.19,0.14
SUFF,2017-08-21 04:30:00 EDT,41.13038,-74.08987,584,64.4,67.6,64.4,85.3,59.9,0.000,0.000,0.00,0.000,1.2,2.2,0.3,176,9,1.6,3.0,0.4,179,11,1.2,2.2,0.3,176,9,0,29.56,,0,0,0,70.3,71.1,70.7,0.24,0.19,0.14
SUFF,2017-08-21 04:35:00 EDT,41.13038,-74.08987,584,64.9,67.8,64.9,86.6,60.7,0.000,0.000,0.00,0.000,0.6,2.1,0.5,192,17,1.1,2.3,0.5,194,20,0.6,2.1,0.5,192,17,0,29.56,,0,0,0,70.3,71.1,70.7,0.24,0.19,0.14
SUFF,2017-08-21 04:40:00 EDT,41.13038,-74.08987,584,64.5,67.6,64.5,85.8,60.1,0.000,0.000,0.00,0.000,0.8,1.8,0.5,196,17,1.2,2.0,0.4,197,19,0.8,1.8,0.5,196,17,0,29.56,,0,0,0,70.2,71.1,70.7,0.24,0.19,0.14
SUFF,2017-08-21 04:45:00 EDT,41.13038,-74.08987,584,64.6,67.7,64.6,87.2,60.7,0.000,0.000,0.00,0.000,0.6,2.0,0.5,185,19,1.0,2.6,0.5,194,23,0.6,2.0,0.5,185,19,0,29.56,,0,0,0,70.0,71.1,70.7,0.24,0.19,0.14
SUFF,2017-08-21 04:50:00 EDT,41.13038,-74.08987,584,65.1,67.7,65.1,84.2,60.2,0.000,0.000,0.00,0.000,0.4,1.1,0.4,163,15,0.7,1.8,0.6,170,18,0.4,1.1,0.4,163,15,0,29.56,,0,0,0,70.0,71.1,70.7,0.24,0.19,0.14
SUFF,2017-08-21 04:55:00 EDT,41.13038,-74.08987,584,65.4,67.8,65.4,82.8,60.0,0.000,0.000,0.00,0.000,0.2,1.0,0.3,159,8,0.6,1.8,0.5,164,21,0.2,1.0,0.3,159,8,0,29.56,,0,0,0,70.0,71.1,70.7,0.24,0.19,0.14
SUFF,2017-08-21 05:00:00 EDT,41.13038,-74.08987,584,66.6,68.1,66.6,80.1,60.3,0.000,0.000,0.00,0.000,0.6,2.5,0.7,197,22,0.9,3.1,0.8,189,24,0.6,2.5,0.7,197,22,0,29.55,,0,0,0,70.0,71.1,70.7,0.24,0.19,0.14
SUFF,2017-08-21 05:05:00 EDT,41.13038,-74.08987,584,66.3,68.2,66.3,79.9,59.9,0.000,0.000,0.00,0.000,0.2,1.2,0.4,235,32,0.5,1.6,0.5,232,43,0.2,1.2,0.4,235,32,0,29.56,,0,0,0,70.0,71.1,70.7,0.24,0.19,0.14
SUFF,2017-08-21 05:10:00 EDT,41.13038,-74.08987,584,65.4,68.2,65.4,82.6,59.9,0.000,0.000,0.00,0.000,0.1,0.7,0.2,148,8,0.3,1.4,0.4,176,23,0.1,0.7,0.2,148,8,0,29.56,,0,0,0,70.0,71.1,70.7,0.24,0.19,0.14
SUFF,2017-08-21 05:15:00 EDT,41.13038,-74.08987,584,65.6,68.2,65.6,82.5,60.2,0.000,0.000,0.00,0.000,0.0,0.0,0.0,0,0,0.4,1.2,0.4,215,22,0.0,0.0,0.0,0,0,0,29.56,,0,0,0,70.0,71.1,70.7,0.24,0.19,0.14
SUFF,2017-08-21 05:20:00 EDT,41.13038,-74.08987,584,66.1,68.3,66.1,81.0,60.1,0.000,0.000,0.00,0.000,0.1,0.8,0.2,140,1,0.4,1.3,0.5,140,8,0.1,0.8,0.2,140,1,0,29.56,,0,0,0,70.0,71.1,70.7,0.24,0.19,0.14
SUFF,2017-08-21 05:25:00 EDT,41.13038,-74.08987,584,65.5,68.3,65.5,81.9,59.8,0.000,0.000,0.00,0.000,1.1,2.0,0.5,157,8,1.5,2.5,0.5,159,12,1.1,2.0,0.5,157,8,0,29.56,,0,0,0,70.0,71.1,70.7,0.24,0.19,0.14
SUFF,2017-08-21 05:30:00 EDT,41.13038,-74.08987,584,64.2,67.9,64.2,86.5,60.1,0.000,0.000,0.00,0.000,1.5,2.2,0.3,171,11,1.8,2.6,0.4,173,14,1.5,2.2,0.3,171,11,0,29.56,,0,0,0,70.0,71.1,70.7,0.24,0.19,0.14
SUFF,2017-08-21 05:35:00 EDT,41.13038,-74.08987,584,64.0,67.7,64.0,87.7,60.3,0.000,0.000,0.00,0.000,1.9,2.5,0.3,177,12,2.2,3.1,0.3,178,13,1.9,2.5,0.3,177,12,0,29.56,,0,0,0,70.0,71.1,70.7,0.24,0.19,0.14
SUFF,2017-08-21 05:40:00 EDT,41.13038,-74.08987,584,64.9,68.1,64.9,88.3,61.4,0.000,0.000,0.00,0.000,2.1,3.9,0.7,204,26,2.3,4.2,0.7,206,26,2.1,3.9,0.7,204,26,0,29.56,,0,0,0,70.0,71.1,70.7,0.24,0.19,0.14
SUFF,2017-08-21 05:45:00 EDT,41.13038,-74.08987,584,67.0,68.2,67.0,84.3,62.1,0.000,0.000,0.00,0.000,1.4,2.6,0.6,206,24,1.8,3.2,0.5,208,26,1.4,2.6,0.6,206,24,0,29.57,,0,0,0,70.0,71.1,70.7,0.24,0.19,0.14
SUFF,2017-08-21 05:50:00 EDT,41.13038,-74.08987,584,66.8,68.2,66.8,83.0,61.5,0.000,0.000,0.00,0.000,1.9,4.2,0.8,226,20,2.1,5.0,0.8,227,19,1.9,4.2,0.8,226,20,0,29.57,,0,0,0,70.0,71.1,70.7,0.24,0.19,0.14
SUFF,2017-08-21 05:55:00 EDT,41.13038,-74.08987,584,67.4,68.5,67.4,80.5,61.2,0.000,0.000,0.00,0.000,1.0,3.1,0.5,203,37,1.4,3.0,0.5,211,44,1.0,3.1,0.5,203,37,0,29.57,,0,0,0,70.0,71.1,70.7,0.24,0.19,0.14
SUFF,2017-08-21 06:00:00 EDT,41.13038,-74.08987,584,67.5,68.7,67.5,79.8,61.0,0.000,0.000,0.00,0.000,1.2,3.0,0.8,226,18,1.6,3.4,0.8,230,23,1.2,3.0,0.8,226,18,0,29.57,,0,0,0,70.0,71.0,70.7,0.24,0.19,0.14
SUFF,2017-08-21 06:05:00 EDT,41.13038,-74.08987,584,66.7,68.3,66.7,79.6,60.3,0.000,0.000,0.00,0.000,0.8,2.6,0.7,197,18,1.2,2.9,0.8,202,22,0.8,2.6,0.7,197,18,1,29.57,,0,0,0,70.0,70.9,70.7,0.24,0.19,0.14
SUFF,2017-08-21 06:10:00 EDT,41.13038,-74.08987,584,65.6,68.1,65.6,83.3,60.4,0.000,0.000,0.00,0.000,1.2,2.6,0.6,198,26,1.6,3.3,0.7,201,26,1.2,2.6,0.6,198,26,2,29.57,,0,0,0,70.0,70.8,70.7,0.24,0.19,0.14
SUFF,2017-08-21 06:15:00 EDT,41.13038,-74.08987,584,66.7,68.3,66.7,82.7,61.3,0.000,0.000,0.00,0.000,1.7,4.5,0.9,213,25,2.1,5.5,0.9,214,24,1.7,4.5,0.9,213,25,3,29.57,,0,0,0,70.0,70.8,70.7,0.24,0.19,0.14
SUFF,2017-08-21 06:20:00 EDT,41.13038,-74.08987,584,67.1,68.6,67.1,82.1,61.5,0.000,0.000,0.00,0.000,1.9,4.2,1.1,231,17,2.2,4.8,1.1,232,19,1.9,4.2,1.1,231,17,6,29.57,,0,0,0,70.0,70.7,70.7,0.24,0.19,0.14
SUFF,2017-08-21 06:25:00 EDT,41.13038,-74.08987,584,67.6,68.5,67.6,79.5,61.1,0.000,0.000,0.00,0.000,1.1,2.2,0.5,192,27,1.5,2.7,0.4,201,34,1.1,2.2,0.5,192,27,10,29.57,,0,0,0,70.0,70.7,70.7,0.24,0.19,0.14
SUFF,2017-08-21 06:30:00 EDT,41.13038,-74.08987,584,66.9,68.7,66.9,80.8,60.8,0.000,0.000,0.00,0.000,1.7,2.6,0.4,199,17,1.9,3.5,0.5,201,17,1.7,2.6,0.4,199,17,14,29.57,,0,0,0,69.9,70.7,70.7,0.24,0.19,0.14
SUFF,2017-08-21 06:35:00 EDT,41.13038,-74.08987,584,66.1,68.7,66.1,83.9,61.1,0.000,0.000,0.00,0.000,1.9,3.3,0.9,219,12,1.9,3.2,0.6,219,12,1.9,3.3,0.9,219,12,17,29.57,,0,0,0,69.7,70.7,70.7,0.24,0.19,0.14
SUFF,2017-08-21 06:40:00 EDT,41.13038,-74.08987,584,66.2,68.5,66.2,83.8,61.2,0.000,0.000,0.00,0.000,2.1,3.6,0.7,217,15,2.2,3.7,0.6,218,15,2.1,3.6,0.7,217,15,20,29.58,,0,0,0,69.7,70.7,70.7,0.24,0.19,0.14
SUFF,2017-08-21 06:45:00 EDT,41.13038,-74.08987,584,67.3,68.3,67.3,82.1,61.7,0.000,0.000,0.00,0.000,2.1,3.4,0.6,216,20,2.4,4.4,0.7,220,18,2.1,3.4,0.6,216,20,24,29.58,,0,0,0,69.7,70.7,70.7,0.24,0.19,0.14
SUFF,2017-08-21 06:50:00 EDT,41.13038,-74.08987,584,67.6,68.3,67.6,79.3,61.0,0.000,0.000,0.00,0.000,2.0,3.9,0.9,221,23,2.2,4.4,0.9,223,23,2.0,3.9,0.9,221,23,27,29.58,,0,0,0,69.6,70.7,70.7,0.24,0.19,0.14
SUFF,2017-08-21 06:55:00 EDT,41.13038,-74.08987,584,66.9,68.1,66.9,80.1,60.5,0.000,0.000,0.00,0.000,1.8,3.5,0.5,193,17,2.0,3.4,0.6,194,18,1.8,3.5,0.5,193,17,29,29.58,,0,0,0,69.6,70.7,70.7,0.24,0.19,0.14
SUFF,2017-08-21 07:00:00 EDT,41.13038,-74.08987,584,66.5,67.8,66.5,81.3,60.6,0.000,0.000,0.00,0.000,1.7,2.9,0.5,179,15,2.0,3.4,0.6,183,15,1.7,2.9,0.5,179,15,31,29.58,,0,0,0,69.6,70.7,70.7,0.24,0.19,0.14
SUFF,2017-08-21 07:05:00 EDT,41.13038,-74.08987,584,66.0,67.4,66.0,83.5,60.9,0.000,0.000,0.00,0.000,1.5,3.2,0.7,184,17,1.9,3.9,0.8,186,18,1.5,3.2,0.7,184,17,38,29.58,,0,0,0,69.6,70.7,70.7,0.24,0.19,0.14
SUFF,2017-08-21 07:10:00 EDT,41.13038,-74.08987,584,66.8,67.5,66.8,82.1,61.2,0.000,0.000,0.00,0.000,1.2,2.7,0.8,179,19,1.7,3.7,0.8,184,28,1.2,2.7,0.8,179,19,46,29.58,,0,0,0,69.6,70.7,70.7,0.24,0.19,0.14
SUFF,2017-08-21 07:15:00 EDT,41.13038,-74.08987,584,67.2,67.7,67.2,80.5,61.0,0.000,0.000,0.00,0.000,1.6,3.2,0.7,204,23,2.0,3.9,0.7,202,23,1.6,3.2,0.7,204,23,54,29.58,,0,0,0,69.6,70.7,70.7,0.24,0.19,0.14
SUFF,2017-08-21 07:20:00 EDT,41.13038,-74.08987,584,67.6,68.1,67.6,79.1,60.9,0.000,0.000,0.00,0.000,0.7,2.1,0.6,202,23,1.2,2.7,0.6,203,32,0.7,2.1,0.6,202,23,56,29.58,,0,0,0,69.6,70.7,70.7,0.24,0.19,0.14
SUFF,2017-08-21 07:25:00 EDT,41.13038,-74.08987,584,67.9,68.1,67.9,78.1,60.8,0.000,0.000,0.00,0.000,1.7,3.1,0.7,198,21,1.9,3.7,0.7,200,20,1.7,3.1,0.7,198,21,52,29.58,,0,0,0,69.6,70.7,70.7,0.24,0.19,0.14
SUFF,2017-08-21 07:30:00 EDT,41.13038,-74.08987,584,67.7,68.2,67.7,78.5,60.8,0.000,0.000,0.00,0.000,2.1,3.8,0.7,197,24,2.3,4.2,0.7,200,22,2.1,3.8,0.7,197,24,44,29.58,,0,0,0,69.6,70.7,70.7,0.24,0.19,0.14
SUFF,2017-08-21 07:35:00 EDT,41.13038,-74.08987,584,68.1,68.5,68.1,77.7,60.9,0.000,0.000,0.00,0.000,1.4,2.8,0.7,212,27,1.8,2.9,0.5,211,26,1.4,2.8,0.7,212,27,41,29.58,,0,0,0,69.6,70.7,70.7,0.24,0.19,0.14
SUFF,2017-08-21 07:40:00 EDT,41.13038,-74.08987,584,68.2,68.5,68.2,77.2,60.8,0.000,0.000,0.00,0.000,1.8,2.8,0.5,192,22,2.0,3.3,0.5,194,21,1.8,2.8,0.5,192,22,52,29.58,,0,0,0,69.6,70.7,70.7,0.24,0.19,0.14
SUFF,2017-08-21 07:45:00 EDT,41.13038,-74.08987,584,68.2,68.7,68.2,77.9,61.0,0.000,0.000,0.00,0.000,1.5,3.7,0.9,206,25,1.9,4.3,0.9,202,26,1.5,3.7,0.9,206,25,100,29.58,,0,0,0,69.6,70.7,70.7,0.23,0.19,0.14
SUFF,2017-08-21 07:50:00 EDT,41.13038,-74.08987,584,68.4,68.8,68.4,77.8,61.2,0.000,0.000,0.00,0.000,1.8,3.9,0.9,208,21,2.0,5.1,0.8,209,22,1.8,3.9,0.9,208,21,58,29.58,,0,0,0,69.6,70.7,70.7,0.24,0.19,0.14
SUFF,2017-08-21 07:55:00 EDT,41.13038,-74.08987,584,68.7,68.9,68.7,77.3,61.3,0.000,0.000,0.00,0.000,1.1,2.0,0.5,180,25,1.4,2.7,0.7,182,22,1.1,2.0,0.5,180,25,60,29.58,,0,0,0,69.6,70.7,70.7,0.24,0.19,0.14
SUFF,2017-08-21 08:00:00 EDT,41.13038,-74.08987,584,68.5,68.8,68.5,79.1,61.7,0.000,0.000,0.00,0.000,1.5,3.7,0.8,206,26,1.9,3.9,0.8,206,25,1.5,3.7,0.8,206,26,65,29.59,,0,0,0,69.6,70.7,70.7,0.24,0.19,0.14
SUFF,2017-08-21 08:05:00 EDT,41.13038,-74.08987,584,68.8,69.3,68.8,78.5,61.9,0.000,0.000,0.00,0.000,1.9,4.4,1.1,192,24,2.4,4.9,1.0,194,30,1.9,4.4,1.1,192,24,74,29.59,,0,0,0,69.6,70.7,70.7,0.24,0.19,0.14
SUFF,2017-08-21 08:10:00 EDT,41.13038,-74.08987,584,69.4,69.9,69.4,77.0,61.9,0.000,0.000,0.00,0.000,1.7,3.5,0.8,191,35,2.1,4.6,0.8,191,30,1.7,3.5,0.8,191,35,72,29.58,,0,0,0,69.6,70.7,70.7,0.24,0.19,0.14
SUFF,2017-08-21 08:15:00 EDT,41.13038,-74.08987,584,70.1,70.3,70.1,74.6,61.7,0.000,0.000,0.00,0.000,2.1,4.8,1.1,223,28,2.6,6.7,1.0,224,30,2.1,4.8,1.1,223,28,105,29.58,,0,0,0,69.6,70.7,70.7,0.24,0.19,0.14
SUFF,2017-08-21 08:20:00 EDT,41.13038,-74.08987,584,70.5,70.5,70.5,73.3,61.5,0.000,0.000,0.00,0.000,1.3,3.7,0.9,240,40,1.8,4.5,0.9,239,38,1.3,3.7,0.9,240,40,86,29.58,,0,0,0,69.6,70.7,70.7,0.24,0.19,0.14
SUFF,2017-08-21 08:25:00 EDT,41.13038,-74.08987,584,70.7,70.7,70.7,74.0,62.0,0.000,0.000,0.00,0.000,1.5,4.7,1.0,218,30,2.0,6.4,1.0,221,30,1.5,4.7,1.0,218,30,93,29.59,,0,0,0,69.6,70.7,70.7,0.24,0.19,0.14
SUFF,2017-08-21 08:30:00 EDT,41.13038,-74.08987,584,70.8,70.9,70.8,74.9,62.5,0.000,0.000,0.00,0.000,1.6,3.8,1.1,209,19,2.0,5.3,1.1,210,24,1.6,3.8,1.1,209,19,125,29.58,,0,0,0,69.6,70.7,70.7,0.24,0.19,0.14
SUFF,2017-08-21 08:35:00 EDT,41.13038,-74.08987,584,71.2,71.1,71.2,73.2,62.2,0.000,0.000,0.00,0.000,1.9,4.3,1.0,232,37,2.4,4.4,1.0,229,35,1.9,4.3,1.0,232,37,380,29.58,,0,0,0,69.6,70.7,70.7,0.24,0.19,0.14
SUFF,2017-08-21 08:40:00 EDT,41.13038,-74.08987,584,71.6,71.3,71.6,72.8,62.4,0.000,0.000,0.00,0.000,1.0,3.1,0.8,249,23,1.4,3.3,0.9,255,27,1.0,3.1,0.8,249,23,309,29.58,,0,0,0,69.6,70.7,70.7,0.24,0.19,0.14
SUFF,2017-08-21 08:45:00 EDT,41.13038,-74.08987,584,71.6,71.4,71.6,71.2,61.8,0.000,0.000,0.00,0.000,1.8,4.7,1.0,217,26,2.2,5.4,1.0,218,27,1.8,4.7,1.0,217,26,246,29.58,,0,0,0,69.6,70.7,70.7,0.23,0.19,0.14
SUFF,2017-08-21 08:50:00 EDT,41.13038,-74.08987,584,71.7,71.3,71.7,71.6,62.0,0.000,0.000,0.00,0.000,1.0,3.2,0.8,257,35,1.4,3.5,0.8,261,50,1.0,3.2,0.8,257,35,216,29.58,,0,0,0,69.6,70.7,70.7,0.23,0.19,0.14
SUFF,2017-08-21 08:55:00 EDT,41.13038,-74.08987,584,71.7,71.5,71.7,71.8,62.1,0.000,0.000,0.00,0.000,0.7,3.0,0.8,186,21,1.0,3.6,0.9,186,32,0.7,3.0,0.8,186,21,245,29.58,,0,0,0,69.6,70.7,70.7,0.24,0.19,0.14
SUFF,2017-08-21 09:00:00 EDT,41.13038,-74.08987,584,71.6,71.5,71.6,72.2,62.1,0.000,0.000,0.00,0.000,1.3,3.9,0.9,235,35,1.6,4.6,0.9,246,37,1.3,3.9,0.9,235,35,200,29.58,,0,0,0,69.6,70.7,70.7,0.23,0.19,0.14
SUFF,2017-08-21 09:05:00 EDT,41.13038,-74.08987,584,71.7,71.4,71.7,72.4,62.4,0.000,0.000,0.00,0.000,1.2,2.7,0.9,253,22,1.6,3.7,0.9,255,31,1.2,2.7,0.9,253,22,214,29.58,,0,0,0,69.6,70.7,70.7,0.23,0.19,0.14
SUFF,2017-08-21 09:10:00 EDT,41.13038,-74.08987,584,72.1,71.7,72.1,72.4,62.7,0.000,0.000,0.00,0.000,1.0,2.6,0.7,222,44,1.3,2.8,0.7,228,52,1.0,2.6,0.7,222,44,308,29.58,,0,0,0,69.6,70.7,70.7,0.23,0.19,0.14
SUFF,2017-08-21 09:15:00 EDT,41.13038,-74.08987,584,72.4,71.9,72.4,71.7,62.7,0.000,0.000,0.00,0.000,1.1,3.1,0.8,214,28,1.5,3.2,0.8,214,32,1.1,3.1,0.8,214,28,323,29.58,,0,0,0,69.8,70.7,70.7,0.23,0.19,0.14
SUFF,2017-08-21 09:20:00 EDT,41.13038,-74.08987,584,72.5,72.0,72.5,69.2,61.9,0.000,0.000,0.00,0.000,2.8,5.0,0.9,259,22,3.1,5.8,1.1,262,20,2.8,5.0,0.9,259,22,456,29.58,,0,0,0,69.9,70.7,70.7,0.23,0.19,0.14
SUFF,2017-08-21 09:25:00 EDT,41.13038,-74.08987,584,73.2,72.3,73.2,70.6,63.1,0.000,0.000,0.00,0.000,0.7,2.0,0.6,219,36,1.2,2.6,0.9,236,40,0.7,2.0,0.6,219,36,472,29.57,,0,0,0,70.0,70.7,70.7,0.24,0.19,0.14
SUFF,2017-08-21 09:30:00 EDT,41.13038,-74.08987,584,73.9,73.0,73.9,69.7,63.4,0.000,0.000,0.00,0.000,1.2,4.7,0.8,197,24,1.6,5.1,0.8,191,24,1.2,4.7,0.8,197,24,509,29.57,,0,0,0,70.0,70.6,70.7,0.23,0.19,0.14
SUFF,2017-08-21 09:35:00 EDT,41.13038,-74.08987,584,74.3,73.4,74.3,68.3,63.2,0.000,0.000,0.00,0.000,2.1,4.8,1.3,201,30,2.6,5.6,1.1,207,40,2.1,4.8,1.3,201,30,511,29.57,,0,0,0,70.0,70.5,70.7,0.23,0.19,0.14
SUFF,2017-08-21 09:40:00 EDT,41.13038,-74.08987,584,74.5,73.7,74.5,66.8,62.7,0.000,0.000,0.00,0.000,2.3,4.2,1.2,213,28,2.6,4.8,1.0,213,34,2.3,4.2,1.2,213,28,547,29.58,,0,0,0,70.0,70.5,70.7,0.23,0.19,0.14
SUFF,2017-08-21 09:45:00 EDT,41.13038,-74.08987,584,74.7,73.9,74.7,66.1,62.7,0.000,0.000,0.00,0.000,3.5,6.9,1.5,220,33,4.1,7.9,1.6,225,36,3.5,6.9,1.5,220,33,558,29.58,,0,0,0,70.0,70.6,70.7,0.23,0.19,0.14
SUFF,2017-08-21 09:50:00 EDT,41.13038,-74.08987,584,75.4,74.5,75.4,67.5,63.9,0.000,0.000,0.00,0.000,1.5,5.3,1.2,199,43,2.1,5.3,1.2,205,51,1.5,5.3,1.2,199,43,563,29.57,,0,0,0,70.0,70.5,70.7,0.23,0.19,0.14
SUFF,2017-08-21 09:55:00 EDT,41.13038,-74.08987,584,75.5,74.7,75.5,65.1,62.9,0.000,0.000,0.00,0.000,1.9,3.8,1.0,221,28,2.2,4.7,1.0,221,31,1.9,3.8,1.0,221,28,565,29.57,,0,0,0,70.0,70.4,70.7,0.23,0.19,0.14
SUFF,2017-08-21 10:00:00 EDT,41.13038,-74.08987,584,76.0,75.0,76.0,65.6,63.7,0.000,0.000,0.00,0.000,2.3,4.7,0.9,194,26,2.6,5.1,0.9,197,28,2.3,4.7,0.9,194,26,564,29.57,,0,0,0,70.0,70.4,70.7,0.23,0.19,0.14
SUFF,2017-08-21 10:05:00 EDT,41.13038,-74.08987,584,76.0,75.4,76.0,65.2,63.5,0.000,0.000,0.00,0.000,1.9,5.1,1.4,198,30,2.3,5.9,1.5,200,36,1.9,5.1,1.4,198,30,606,29.57,,0,0,0,70.0,70.4,70.7,0.23,0.19,0.14
SUFF,2017-08-21 10:10:00 EDT,41.13038,-74.08987,584,76.2,75.6,76.2,63.5,62.9,0.000,0.000,0.00,0.000,3.0,6.1,1.3,220,23,3.3,6.0,1.2,219,21,3.0,6.1,1.3,220,23,622,29.57,,0,0,0,70.0,70.4,70.7,0.23,0.19,0.14
SUFF,2017-08-21 10:15:00 EDT,41.13038,-74.08987,584,76.4,75.8,76.4,63.9,63.3,0.000,0.000,0.00,0.000,3.6,6.3,1.4,220,22,3.8,7.1,1.4,222,21,3.6,6.3,1.4,220,22,601,29.57,,0,0,0,70.0,70.4,70.7,0.23,0.19,0.14
SUFF,2017-08-21 10:20:00 EDT,41.13038,-74.08987,584,76.6,75.9,76.6,64.3,63.6,0.000,0.000,0.00,0.000,3.1,5.3,1.3,259,35,3.7,6.0,1.4,263,35,3.1,5.3,1.3,259,35,576,29.57,,0,0,0,70.0,70.3,70.7,0.23,0.19,0.14
SUFF,2017-08-21 10:25:00 EDT,41.13038,-74.08987,584,77.1,76.5,77.1,64.2,64.1,0.000,0.000,0.00,0.000,2.0,4.4,1.0,221,39,2.5,5.0,1.2,227,40,2.0,4.4,1.0,221,39,662,29.58,,0,0,0,70.0,70.3,70.7,0.23,0.19,0.14
SUFF,2017-08-21 10:30:00 EDT,41.13038,-74.08987,584,77.9,76.8,77.9,62.5,64.1,0.000,0.000,0.00,0.000,2.5,4.3,0.8,202,31,2.9,5.3,1.0,202,32,2.5,4.3,0.8,202,31,624,29.58,,0,0,0,70.1,70.3,70.7,0.23,0.19,0.14
SUFF,2017-08-21 10:35:00 EDT,41.13038,-74.08987,584,78.0,76.9,78.0,61.6,63.8,0.000,0.000,0.00,0.000,2.6,5.6,1.2,199,32,3.1,6.6,1.2,197,30,2.6,5.6,1.2,199,32,621,29.58,,0,0,0,70.3,70.3,70.7,0.23,0.19,0.14
SUFF,2017-08-21 10:40:00 EDT,41.13038,-74.08987,584,78.3,77.4,78.3,60.0,63.3,0.000,0.000,0.00,0.000,1.5,5.4,1.3,222,31,1.8,5.7,1.2,225,35,1.5,5.4,1.3,222,31,674,29.58,,0,0,0,70.3,70.3,70.7,0.23,0.19,0.14
SUFF,2017-08-21 10:45:00 EDT,41.13038,-74.08987,584,78.3,77.4,78.3,61.0,63.8,0.000,0.000,0.00,0.000,3.9,6.4,1.7,305,15,4.5,7.6,1.7,308,16,3.9,6.4,1.7,305,15,669,29.58,,0,0,0,70.3,70.3,70.7,0.23,0.19,0.14
SUFF,2017-08-21 10:50:00 EDT,41.13038,-74.08987,584,78.7,77.8,78.7,62.8,65.0,0.000,0.000,0.00,0.000,4.0,5.8,0.9,299,20,4.6,6.7,1.0,301,21,4.0,5.8,0.9,299,20,686,29.58,,0,0,0,70.3,70.3,70.7,0.23,0.19,0.14
SUFF,2017-08-21 10:55:00 EDT,41.13038,-74.08987,584,79.1,78.3,79.1,60.0,64.0,0.000,0.000,0.00,0.000,4.4,7.1,1.3,275,24,4.8,8.3,1.6,278,22,4.4,7.1,1.3,275,24,700,29.58,,0,0,0,70.3,70.3,70.7,0.23,0.19,0.14
SUFF,2017-08-21 11:00:00 EDT,41.13038,-74.08987,584,79.5,78.7,79.5,57.8,63.4,0.000,0.000,0.00,0.000,3.0,5.8,1.2,262,36,3.6,6.6,1.4,261,38,3.0,5.8,1.2,262,36,672,29.58,,0,0,0,70.3,70.3,70.7,0.23,0.19,0.14
SUFF,2017-08-21 11:05:00 EDT,41.13038,-74.08987,584,79.9,79.1,79.9,57.9,63.8,0.000,0.000,0.00,0.000,2.1,6.4,1.7,242,31,2.8,7.1,1.7,251,38,2.1,6.4,1.7,242,31,717,29.58,,0,0,0,70.4,70.3,70.7,0.23,0.19,0.14
SUFF,2017-08-21 11:10:00 EDT,41.13038,-74.08987,584,80.5,79.4,81.8,55.2,63.0,0.000,0.000,0.00,0.000,4.0,9.4,1.7,207,31,4.7,8.7,1.9,206,28,4.0,9.4,1.7,207,31,735,29.58,,0,0,0,70.7,70.3,70.7,0.23,0.19,0.14
SUFF,2017-08-21 11:15:00 EDT,41.13038,-74.08987,584,80.7,79.6,82.1,55.7,63.4,0.000,0.000,0.00,0.000,2.7,7.4,1.5,234,39,3.5,8.4,1.7,238,36,2.7,7.4,1.5,234,39,712,29.58,,0,0,0,70.7,70.3,70.7,0.23,0.19,0.14
SUFF,2017-08-21 11:20:00 EDT,41.13038,-74.08987,584,80.3,79.5,81.6,55.1,62.7,0.000,0.000,0.00,0.000,3.8,7.0,1.5,239,45,4.5,9.4,1.7,242,44,3.8,7.0,1.5,239,45,699,29.58,,0,0,0,70.7,70.3,70.7,0.23,0.19,0.14
SUFF,2017-08-21 11:25:00 EDT,41.13038,-74.08987,584,80.7,79.6,82.2,56.0,63.5,0.000,0.000,0.00,0.000,2.9,8.5,2.1,201,37,3.5,11.8,2.4,201,40,2.9,8.5,2.1,201,37,659,29.58,,0,0,0,70.7,70.3,70.6,0.23,0.19,0.14
SUFF,2017-08-21 11:30:00 EDT,41.13038,-74.08987,584,80.4,79.6,81.5,52.6,61.5,0.000,0.000,0.00,0.000,5.1,9.4,1.9,234,26,5.7,11.0,2.0,238,26,5.1,9.4,1.9,234,26,735,29.58,,0,0,0,70.7,70.3,70.7,0.23,0.19,0.14
SUFF,2017-08-21 11:35:00 EDT,41.13038,-74.08987,584,80.8,79.9,81.8,52.2,61.6,0.000,0.000,0.00,0.000,4.1,8.7,1.8,203,27,4.8,10.1,2.2,202,24,4.1,8.7,1.8,203,27,750,29.57,,0,0,0,70.7,70.3,70.6,0.23,0.19,0.14
SUFF,2017-08-21 11:40:00 EDT,41.13038,-74.08987,584,80.7,79.8,81.7,52.4,61.6,0.000,0.000,0.00,0.000,4.1,9.3,2.2,221,30,4.7,11.4,2.2,224,33,4.1,9.3,2.2,221,30,757,29.57,,0,0,0,70.7,70.3,70.6,0.23,0.19,0.14
SUFF,2017-08-21 11:45:00 EDT,41.13038,-74.08987,584,81.0,79.8,82.2,53.7,62.6,0.000,0.000,0.00,0.000,3.9,9.1,1.7,210,35,4.6,10.5,1.8,212,35,3.9,9.1,1.7,210,35,760,29.57,,0,0,0,70.9,70.3,70.6,0.23,0.19,0.14
SUFF,2017-08-21 11:50:00 EDT,41.13038,-74.08987,584,81.3,80.0,82.6,54.3,63.2,0.000,0.000,0.00,0.000,4.1,8.5,1.6,257,48,4.9,10.1,1.8,259,49,4.1,8.5,1.6,257,48,769,29.57,,0,0,0,71.1,70.3,70.6,0.23,0.19,0.14
SUFF,2017-08-21 11:55:00 EDT,41.13038,-74.08987,584,81.3,80.4,82.5,53.5,62.8,0.000,0.000,0.00,0.000,3.7,9.8,2.0,270,34,4.5,11.0,2.3,272,33,3.7,9.8,2.0,270,34,776,29.56,,0,0,0,71.1,70.3,70.6,0.23,0.19,0.14
SUFF,2017-08-21 12:00:00 EDT,41.13038,-74.08987,584,81.0,80.1,82.2,53.7,62.7,0.000,0.000,0.00,0.000,3.7,10.4,2.3,253,42,4.3,10.7,2.4,256,43,3.7,10.4,2.3,253,42,785,29.56,,0,0,0,71.1,70.3,70.5,0.23,0.19,0.14
SUFF,2017-08-21 12:05:00 EDT,41.13038,-74.08987,584,81.5,80.5,82.9,54.5,63.6,0.000,0.000,0.00,0.000,4.4,8.6,1.8,295,22,5.3,9.5,1.8,296,24,4.4,8.6,1.8,295,22,799,29.56,,0,0,0,71.1,70.3,70.5,0.23,0.19,0.14
SUFF,2017-08-21 12:10:00 EDT,41.13038,-74.08987,584,81.0,80.1,82.3,54.5,63.1,0.000,0.000,0.00,0.000,6.1,10.7,1.5,277,25,6.9,12.0,1.6,281,24,6.1,10.7,1.5,277,25,805,29.56,,0,0,0,71.1,70.3,70.5,0.23,0.19,0.14
SUFF,2017-08-21 12:15:00 EDT,41.13038,-74.08987,584,81.7,80.5,83.1,55.0,63.9,0.000,0.000,0.00,0.000,2.3,4.7,1.2,249,52,3.0,6.7,1.5,255,49,2.3,4.7,1.2,249,52,769,29.56,,0,0,0,71.2,70.3,70.4,0.23,0.19,0.14
SUFF,2017-08-21 12:20:00 EDT,41.13038,-74.08987,584,81.4,80.7,82.5,52.9,62.5,0.000,0.000,0.00,0.000,3.2,7.4,1.5,262,37,3.9,8.1,1.5,262,39,3.2,7.4,1.5,262,37,582,29.56,,0,0,0,71.4,70.3,70.4,0.23,0.19,0.14
SUFF,2017-08-21 12:25:00 EDT,41.13038,-74.08987,584,81.0,80.2,82.2,53.7,62.7,0.000,0.000,0.00,0.000,3.0,6.1,1.5,263,26,3.5,7.6,1.7,271,25,3.0,6.1,1.5,263,26,597,29.55,,0,0,0,71.4,70.3,70.4,0.23,0.19,0.14
SUFF,2017-08-21 12:30:00 EDT,41.13038,-74.08987,584,81.3,80.6,82.7,54.5,63.4,0.000,0.000,0.00,0.000,4.0,7.0,1.4,214,32,4.5,8.4,1.7,215,32,4.0,7.0,1.4,214,32,680,29.55,,0,0,0,71.4,70.3,70.4,0.23,0.19,0.14
SUFF,2017-08-21 12:35:00 EDT,41.13038,-74.08987,584,82.7,81.0,84.5,55.2,65.0,0.000,0.000,0.00,0.000,3.3,6.0,1.2,188,30,3.8,8.0,1.4,190,30,3.3,6.0,1.2,188,30,863,29.55,,0,0,0,71.4,70.3,70.3,0.23,0.19,0.14
SUFF,2017-08-21 12:40:00 EDT,41.13038,-74.08987,584,82.9,81.6,84.3,52.7,63.9,0.000,0.000,0.00,0.000,3.8,6.8,1.5,177,35,4.4,7.9,1.6,179,34,3.8,6.8,1.5,177,35,867,29.55,,0,0,0,71.4,70.3,70.3,0.23,0.19,0.14
SUFF,2017-08-21 12:45:00 EDT,41.13038,-74.08987,584,82.4,81.3,83.4,51.3,62.6,0.000,0.000,0.00,0.000,5.0,11.0,2.2,219,44,5.7,12.2,2.5,220,44,5.0,11.0,2.2,219,44,726,29.55,,0,0,0,71.4,70.3,70.3,0.23,0.19,0.14
SUFF,2017-08-21 12:50:00 EDT,41.13038,-74.08987,584,82.1,81.2,82.7,48.8,60.9,0.000,0.000,0.00,0.000,2.6,6.2,2.0,272,33,3.6,7.0,1.9,271,34,2.6,6.2,2.0,272,33,709,29.55,,0,0,0,71.5,70.3,70.3,0.23,0.19,0.14
SUFF,2017-08-21 12:55:00 EDT,41.13038,-74.08987,584,82.0,81.2,82.8,50.2,61.7,0.000,0.000,0.00,0.000,4.3,7.9,1.6,273,23,4.9,9.5,1.9,277,20,4.3,7.9,1.6,273,23,648,29.54,,0,0,0,71.8,70.3,70.3,0.23,0.19,0.14
SUFF,2017-08-21 13:00:00 EDT,41.13038,-74.08987,584,81.7,81.0,82.5,50.4,61.5,0.000,0.000,0.00,0.000,4.2,7.4,1.5,267,22,4.7,8.9,1.8,270,20,4.2,7.4,1.5,267,22,603,29.54,,0,0,0,71.8,70.3,70.3,0.23,0.19,0.14
SUFF,2017-08-21 13:05:00 EDT,41.13038,-74.08987,584,82.2,81.4,83.2,51.6,62.6,0.000,0.000,0.00,0.000,4.0,7.6,1.7,211,26,4.5,10.0,1.8,212,25,4.0,7.6,1.7,211,26,851,29.54,,0,0,0,71.8,70.4,70.3,0.23,0.19,0.14
SUFF,2017-08-21 13:10:00 EDT,41.13038,-74.08987,584,82.6,81.7,83.6,50.7,62.5,0.000,0.000,0.00,0.000,3.3,6.8,1.7,239,49,3.8,7.7,1.9,244,51,3.3,6.8,1.7,239,49,839,29.54,,0,0,0,71.8,70.4,70.3,0.23,0.19,0.14
SUFF,2017-08-21 13:15:00 EDT,41.13038,-74.08987,584,82.9,81.9,84.1,51.9,63.4,0.000,0.000,0.00,0.000,3.2,8.1,1.8,266,39,4.1,9.1,1.9,272,41,3.2,8.1,1.8,266,39,741,29.54,,0,0,0,71.9,70.6,70.3,0.23,0.19,0.14
SUFF,2017-08-21 13:20:00 EDT,41.13038,-74.08987,584,82.7,81.8,84.2,53.4,64.1,0.000,0.000,0.00,0.000,3.0,8.8,2.0,220,47,3.8,9.9,2.1,220,47,3.0,8.8,2.0,220,47,560,29.54,,0,0,0,72.3,70.6,70.3,0.23,0.19,0.14
SUFF,2017-08-21 13:25:00 EDT,41.13038,-74.08987,584,82.7,81.7,84.1,53.1,63.9,0.000,0.000,0.00,0.000,3.1,6.8,1.7,192,30,3.7,7.9,1.8,200,32,3.1,6.8,1.7,192,30,761,29.54,,0,0,0,72.3,70.6,70.3,0.23,0.19,0.14
SUFF,2017-08-21 13:30:00 EDT,41.13038,-74.08987,584,82.4,81.7,83.5,51.8,62.9,0.000,0.000,0.00,0.000,5.2,10.7,2.0,271,32,6.0,11.9,2.5,275,30,5.2,10.7,2.0,271,32,519,29.54,,0,0,0,72.3,70.7,70.3,0.23,0.19,0.14
SUFF,2017-08-21 13:35:00 EDT,41.13038,-74.08987,584,82.3,81.6,83.6,53.0,63.4,0.000,0.000,0.00,0.000,2.8,7.4,1.6,233,35,3.3,7.7,1.6,235,37,2.8,7.4,1.6,233,35,640,29.54,,0,0,0,72.3,70.7,70.3,0.23,0.19,0.14
SUFF,2017-08-21 13:40:00 EDT,41.13038,-74.08987,584,82.6,81.6,83.9,52.6,63.5,0.000,0.000,0.00,0.000,3.9,10.0,1.9,197,29,4.6,10.9,2.1,198,31,3.9,10.0,1.9,197,29,613,29.54,,0,0,0,72.3,70.7,70.3,0.23,0.19,0.14
SUFF,2017-08-21 13:45:00 EDT,41.13038,-74.08987,584,83.1,82.2,84.4,52.1,63.7,0.000,0.000,0.00,0.000,2.1,3.9,0.9,199,31,2.5,5.0,1.0,202,37,2.1,3.9,0.9,199,31,769,29.54,,0,0,0,72.4,70.7,70.3,0.23,0.19,0.14
SUFF,2017-08-21 13:50:00 EDT,41.13038,-74.08987,584,83.3,82.4,84.4,50.6,63.1,0.000,0.000,0.00,0.000,3.5,11.9,2.8,258,35,4.1,14.6,3.0,259,36,3.5,11.9,2.8,258,35,701,29.54,,0,0,0,72.7,70.7,70.3,0.23,0.19,0.14
SUFF,2017-08-21 13:55:00 EDT,41.13038,-74.08987,584,82.8,82.1,84.0,51.7,63.3,0.000,0.000,0.00,0.000,4.3,11.3,1.9,235,36,5.3,14.5,2.4,239,35,4.3,11.3,1.9,235,36,575,29.53,,0,0,0,72.7,70.7,70.3,0.23,0.19,0.14
SUFF,2017-08-21 14:00:00 EDT,41.13038,-74.08987,584,82.5,81.8,83.5,51.5,62.8,0.000,0.000,0.00,0.000,4.6,9.9,1.9,240,36,5.1,11.3,2.2,242,34,4.6,9.9,1.9,240,36,585,29.53,,0,0,0,72.7,70.7,70.3,0.23,0.19,0.14
SUFF,2017-08-21 14:05:00 EDT,41.13038,-74.08987,584,82.6,82.0,83.8,52.1,63.3,0.000,0.000,0.00,0.000,2.7,5.9,1.4,246,36,3.2,6.7,1.4,249,35,2.7,5.9,1.4,246,36,523,29.53,,0,0,0,72.7,70.7,70.3,0.23,0.19,0.14
SUFF,2017-08-21 14:10:00 EDT,41.13038,-74.08987,584,82.3,81.7,83.6,53.1,63.5,0.000,0.000,0.00,0.000,3.8,8.2,1.8,241,42,4.4,10.1,2.0,247,42,3.8,8.2,1.8,241,42,454,29.53,,0,0,0,72.7,70.7,70.3,0.23,0.19,0.14
SUFF,2017-08-21 14:15:00 EDT,41.13038,-74.08987,584,82.1,81.5,83.4,53.3,63.4,0.000,0.000,0.00,0.000,3.0,7.5,1.7,230,38,3.8,7.9,1.8,230,38,3.0,7.5,1.7,230,38,403,29.53,,0,0,0,72.8,70.7,70.3,0.23,0.19,0.14
SUFF,2017-08-21 14:20:00 EDT,41.13038,-74.08987,584,82.0,81.5,83.5,54.8,64.1,0.000,0.000,0.00,0.000,2.9,5.7,1.4,212,44,3.4,8.0,1.6,214,42,2.9,5.7,1.4,212,44,353,29.53,,0,0,0,73.0,70.7,70.3,0.23,0.19,0.14
SUFF,2017-08-21 14:25:00 EDT,41.13038,-74.08987,584,81.9,81.4,83.6,55.9,64.6,0.000,0.000,0.00,0.000,2.8,11.0,2.5,219,40,3.5,10.2,2.5,226,45,2.8,11.0,2.5,219,40,301,29.53,,0,0,0,73.0,70.7,70.3,0.23,0.19,0.14
SUFF,2017-08-21 14:30:00 EDT,41.13038,-74.08987,584,81.6,81.2,83.1,55.6,64.2,0.000,0.000,0.00,0.000,4.2,12.6,1.9,252,30,4.8,10.0,2.1,256,30,4.2,12.6,1.9,252,30,257,29.52,,0,0,0,73.0,70.7,70.3,0.23,0.19,0.14
SUFF,2017-08-21 14:35:00 EDT,41.13038,-74.08987,584,81.4,81.0,82.9,56.0,64.2,0.000,0.000,0.00,0.000,3.8,8.5,2.0,252,23,4.5,11.1,2.2,257,25,3.8,8.5,2.0,252,23,241,29.52,,0,0,0,73.0,70.7,70.3,0.22,0.19,0.14
SUFF,2017-08-21 14:40:00 EDT,41.13038,-74.08987,584,81.2,80.8,82.9,56.9,64.5,0.000,0.000,0.00,0.000,2.5,7.6,1.7,262,30,3.1,8.5,1.7,265,30,2.5,7.6,1.7,262,30,213,29.52,,0,0,0,73.0,70.7,70.3,0.23,0.19,0.14
SUFF,2017-08-21 14:45:00 EDT,41.13038,-74.08987,584,81.1,80.7,82.8,57.9,64.9,0.000,0.000,0.00,0.000,2.5,6.9,1.6,227,37,3.0,7.1,1.6,229,39,2.5,6.9,1.6,227,37,192,29.52,,0,0,0,73.0,70.7,70.3,0.23,0.19,0.14
SUFF,2017-08-21 14:50:00 EDT,41.13038,-74.08987,584,80.9,80.7,82.7,58.7,65.1,0.000,0.000,0.00,0.000,2.4,5.0,1.1,204,40,2.8,6.3,1.3,210,39,2.4,5.0,1.1,204,40,204,29.52,,0,0,0,73.0,70.7,70.3,0.23,0.19,0.14
SUFF,2017-08-21 14:55:00 EDT,41.13038,-74.08987,584,80.9,80.6,83.1,61.0,66.2,0.000,0.000,0.00,0.000,1.3,4.2,0.9,196,34,1.6,5.1,0.9,204,36,1.3,4.2,0.9,196,34,219,29.52,,0,0,0,73.0,70.7,70.3,0.23,0.19,0.14
SUFF,2017-08-21 15:00:00 EDT,41.13038,-74.08987,584,81.0,80.7,83.2,60.5,66.1,0.000,0.000,0.00,0.000,1.8,5.0,1.2,188,33,2.2,6.9,1.3,197,34,1.8,5.0,1.2,188,33,220,29.51,,0,0,0,73.0,70.7,70.3,0.23,0.19,0.14
SUFF,2017-08-21 15:05:00 EDT,41.13038,-74.08987,584,80.9,80.5,83.1,60.9,66.2,0.000,0.000,0.00,0.000,0.6,2.3,0.5,205,43,1.0,2.4,0.7,219,45,0.6,2.3,0.5,205,43,263,29.51,,0,0,0,73.2,70.7,70.3,0.23,0.19,0.14
SUFF,2017-08-21 15:10:00 EDT,41.13038,-74.08987,584,81.3,80.9,83.4,59.2,65.7,0.000,0.000,0.00,0.000,2.7,4.6,1.1,196,31,3.3,5.5,1.1,199,28,2.7,4.6,1.1,196,31,283,29.51,,0,0,0,73.3,70.7,70.3,0.23,0.19,0.14
SUFF,2017-08-21 15:15:00 EDT,41.13038,-74.08987,584,81.5,81.0,83.7,59.9,66.2,0.000,0.000,0.00,0.000,2.6,5.5,1.3,193,30,3.0,6.9,1.5,197,31,2.6,5.5,1.3,193,30,344,29.51,,0,0,0,73.4,70.7,70.3,0.23,0.19,0.14
SUFF,2017-08-21 15:20:00 EDT,41.13038,-74.08987,584,81.5,81.1,83.6,58.9,65.8,0.000,0.000,0.00,0.000,2.8,7.1,1.4,215,25,3.2,8.1,1.7,216,25,2.8,7.1,1.4,215,25,342,29.51,,0,0,0,73.4,70.7,70.3,0.23,0.19,0.14
SUFF,2017-08-21 15:25:00 EDT,41.13038,-74.08987,584,81.8,81.2,84.4,61.0,67.1,0.000,0.000,0.00,0.000,1.6,3.1,0.8,193,28,1.9,5.0,0.8,195,33,1.6,3.1,0.8,193,28,296,29.51,,0,0,0,73.4,70.7,70.3,0.23,0.19,0.14
SUFF,2017-08-21 15:30:00 EDT,41.13038,-74.08987,584,81.7,81.1,84.0,59.8,66.4,0.000,0.000,0.00,0.000,2.9,6.3,1.3,215,39,3.6,7.8,1.5,217,39,2.9,6.3,1.3,215,39,350,29.51,,0,0,0,73.4,70.7,70.3,0.23,0.19,0.14
SUFF,2017-08-21 15:35:00 EDT,41.13038,-74.08987,584,81.9,81.4,84.1,58.6,66.0,0.000,0.000,0.00,0.000,3.1,6.4,1.2,218,30,3.6,7.5,1.4,220,28,3.1,6.4,1.2,218,30,469,29.51,,0,0,0,73.4,70.7,70.3,0.23,0.19,0.14
SUFF,2017-08-21 15:40:00 EDT,41.13038,-74.08987,584,82.6,81.7,85.1,59.2,66.9,0.000,0.000,0.00,0.000,1.8,5.3,1.5,210,36,2.4,8.0,1.8,214,40,1.8,5.3,1.5,210,36,537,29.51,,0,0,0,73.4,70.7,70.3,0.23,0.19,0.14
SUFF,2017-08-21 15:45:00 EDT,41.13038,-74.08987,584,82.9,82.0,85.6,59.0,67.2,0.000,0.000,0.00,0.000,3.0,7.2,1.6,227,48,3.7,8.7,1.9,233,47,3.0,7.2,1.6,227,48,501,29.51,,0,0,0,73.4,70.8,70.3,0.23,0.19,0.14
SUFF,2017-08-21 15:50:00 EDT,41.13038,-74.08987,584,82.4,81.7,84.4,56.7,65.5,0.000,0.000,0.00,0.000,4.6,11.8,2.4,229,26,5.3,12.7,2.4,232,24,4.6,11.8,2.4,229,26,560,29.51,,0,0,0,73.4,70.9,70.3,0.23,0.19,0.14
SUFF,2017-08-21 15:55:00 EDT,41.13038,-74.08987,584,83.2,82.2,86.0,59.0,67.4,0.000,0.000,0.00,0.000,2.4,8.3,2.2,205,29,3.1,10.4,2.5,205,38,2.4,8.3,2.2,205,29,563,29.51,,0,0,0,73.4,71.0,70.3,0.23,0.19,0.14
SUFF,2017-08-21 16:00:00 EDT,41.13038,-74.08987,584,83.2,82.3,85.8,57.8,66.8,0.000,0.000,0.00,0.000,3.6,8.4,2.2,228,32,4.2,9.4,2.3,229,34,3.6,8.4,2.2,228,32,558,29.51,,0,0,0,73.4,71.0,70.3,0.23,0.19,0.14
SUFF,2017-08-21 16:05:00 EDT,41.13038,-74.08987,584,83.1,82.2,85.6,57.8,66.7,0.000,0.000,0.00,0.000,2.8,8.8,1.9,242,34,3.5,7.7,2.0,244,33,2.8,8.8,1.9,242,34,503,29.51,,0,0,0,73.4,71.1,70.3,0.23,0.19,0.14
SUFF,2017-08-21 16:10:00 EDT,41.13038,-74.08987,584,83.0,82.2,85.4,57.4,66.4,0.000,0.000,0.00,0.000,4.8,8.4,1.7,230,36,5.5,10.8,2.0,233,34,4.8,8.4,1.7,230,36,536,29.51,,0,0,0,73.4,71.1,70.3,0.23,0.19,0.14
SUFF,2017-08-21 16:15:00 EDT,41.13038,-74.08987,584,83.2,82.4,86.0,58.8,67.3,0.000,0.000,0.00,0.000,3.3,7.3,1.6,254,40,4.0,8.4,1.9,256,40,3.3,7.3,1.6,254,40,499,29.50,,0,0,0,73.4,71.1,70.3,0.22,0.19,0.14
SUFF,2017-08-21 16:20:00 EDT,41.13038,-74.08987,584,82.6,81.8,85.0,58.6,66.6,0.000,0.000,0.00,0.000,5.1,9.8,1.9,186,27,5.8,12.2,2.5,189,26,5.1,9.8,1.9,186,27,275,29.50,,0,0,0,73.5,71.1,70.3,0.22,0.19,0.14
SUFF,2017-08-21 16:25:00 EDT,41.13038,-74.08987,584,82.3,81.6,84.7,59.4,66.7,0.000,0.000,0.00,0.000,3.9,9.3,2.1,217,35,4.6,11.5,2.3,220,36,3.9,9.3,2.1,217,35,490,29.50,,0,0,0,73.8,71.1,70.3,0.22,0.19,0.14
SUFF,2017-08-21 16:30:00 EDT,41.13038,-74.08987,584,82.8,82.1,85.4,58.6,66.8,0.000,0.000,0.00,0.000,2.5,5.7,1.4,224,44,3.2,10.0,1.7,222,44,2.5,5.7,1.4,224,44,513,29.50,,0,0,0,73.9,71.1,70.3,0.22,0.19,0.14
SUFF,2017-08-21 16:35:00 EDT,41.13038,-74.08987,584,83.0,82.2,85.6,58.7,67.1,0.000,0.000,0.00,0.000,3.6,11.8,2.5,206,39,4.5,14.3,2.8,212,42,3.6,11.8,2.5,206,39,440,29.50,,0,0,0,73.9,71.1,70.3,0.22,0.19,0.14
SUFF,2017-08-21 16:40:00 EDT,41.13038,-74.08987,584,82.7,81.9,85.3,59.0,66.9,0.000,0.000,0.00,0.000,4.8,11.3,2.5,189,31,5.7,12.9,2.7,190,25,4.8,11.3,2.5,189,31,483,29.50,,0,0,0,73.9,71.1,70.3,0.22,0.19,0.14
SUFF,2017-08-21 16:45:00 EDT,41.13038,-74.08987,584,82.7,81.9,85.3,59.2,67.0,0.000,0.000,0.00,0.000,3.8,10.5,2.4,223,27,4.7,11.8,2.4,226,25,3.8,10.5,2.4,223,27,463,29.50,,0,0,0,73.9,71.1,70.3,0.22,0.19,0.14
SUFF,2017-08-21 16:50:00 EDT,41.13038,-74.08987,584,82.8,81.9,85.5,59.2,67.1,0.000,0.000,0.00,0.000,3.8,10.1,2.1,202,27,4.7,11.2,2.3,207,27,3.8,10.1,2.1,202,27,436,29.51,,0,0,0,73.9,71.1,70.3,0.22,0.19,0.14
SUFF,2017-08-21 16:55:00 EDT,41.13038,-74.08987,584,82.4,81.8,84.8,59.1,66.6,0.000,0.000,0.00,0.000,3.9,9.2,2.0,215,29,4.4,9.9,2.3,217,28,3.9,9.2,2.0,215,29,353,29.51,,0,0,0,73.9,71.1,70.3,0.22,0.19,0.14
SUFF,2017-08-21 17:00:00 EDT,41.13038,-74.08987,584,82.8,82.1,85.3,58.7,66.9,0.000,0.000,0.00,0.000,4.3,9.6,2.1,197,29,5.0,11.9,2.4,195,29,4.3,9.6,2.1,197,29,440,29.51,,0,0,0,73.9,71.1,70.3,0.22,0.19,0.14
SUFF,2017-08-21 17:05:00 EDT,41.13038,-74.08987,584,82.9,82.2,85.6,59.1,67.2,0.000,0.000,0.00,0.000,2.9,7.3,1.6,214,37,3.6,9.6,1.7,218,39,2.9,7.3,1.6,214,37,427,29.51,,0,0,0,73.9,71.1,70.3,0.22,0.19,0.14
SUFF,2017-08-21 17:10:00 EDT,41.13038,-74.08987,584,83.0,82.2,85.6,58.9,67.1,0.000,0.000,0.00,0.000,2.5,5.8,1.0,230,50,3.3,6.6,1.3,233,48,2.5,5.8,1.0,230,50,383,29.51,,0,0,0,73.9,71.1,70.3,0.22,0.19,0.14
SUFF,2017-08-21 17:15:00 EDT,41.13038,-74.08987,584,83.0,82.2,85.8,59.9,67.6,0.000,0.000,0.00,0.000,2.9,6.6,1.6,199,29,3.4,7.5,1.7,202,29,2.9,6.6,1.6,199,29,338,29.50,,0,0,0,73.9,71.2,70.3,0.22,0.19,0.14
SUFF,2017-08-21 17:20:00 EDT,41.13038,-74.08987,584,82.8,82.2,85.6,59.7,67.4,0.000,0.000,0.00,0.000,3.1,8.0,1.7,192,38,3.9,10.0,2.0,194,37,3.1,8.0,1.7,192,38,357,29.50,,0,0,0,73.9,71.3,70.3,0.22,0.19,0.14
SUFF,2017-08-21 17:25:00 EDT,41.13038,-74.08987,584,82.7,82.1,85.6,60.4,67.6,0.000,0.000,0.00,0.000,4.6,9.9,2.3,206,33,4.9,10.7,2.5,206,36,4.6,9.9,2.3,206,33,344,29.50,,0,0,0,73.9,71.4,70.3,0.22,0.19,0.14
SUFF,2017-08-21 17:30:00 EDT,41.13038,-74.08987,584,82.7,82.0,85.9,61.6,68.2,0.000,0.000,0.00,0.000,4.3,11.2,2.4,184,31,4.9,12.3,2.6,185,35,4.3,11.2,2.4,184,31,315,29.50,,0,0,0,73.9,71.4,70.3,0.22,0.19,0.14
SUFF,2017-08-21 17:35:00 EDT,41.13038,-74.08987,584,82.3,81.8,85.3,61.6,67.8,0.000,0.000,0.00,0.000,4.4,11.8,1.7,188,31,4.6,13.5,2.0,191,33,4.4,11.8,1.7,188,31,298,29.50,,0,0,0,74.0,71.4,70.3,0.22,0.19,0.14
SUFF,2017-08-21 17:40:00 EDT,41.13038,-74.08987,584,82.4,81.8,85.4,62.1,68.1,0.000,0.000,0.00,0.000,3.5,8.9,2.0,186,35,4.3,10.2,2.1,187,33,3.5,8.9,2.0,186,35,291,29.50,,0,0,0,73.9,71.4,70.3,0.22,0.19,0.14
SUFF,2017-08-21 17:45:00 EDT,41.13038,-74.08987,584,82.3,81.8,85.3,62.1,68.1,0.000,0.000,0.00,0.000,4.3,8.6,1.6,186,26,5.1,10.7,1.9,187,26,4.3,8.6,1.6,186,26,274,29.50,,0,0,0,74.0,71.4,70.3,0.22,0.19,0.14
SUFF,2017-08-21 17:50:00 EDT,41.13038,-74.08987,584,82.2,81.6,84.9,61.4,67.6,0.000,0.000,0.00,0.000,3.9,8.7,1.8,224,33,4.7,10.5,2.1,225,33,3.9,8.7,1.8,224,33,250,29.49,,0,0,0,74.1,71.4,70.3,0.22,0.19,0.14
SUFF,2017-08-21 17:55:00 EDT,41.13038,-74.08987,584,82.0,81.6,84.6,60.7,67.1,0.000,0.000,0.00,0.000,4.1,11.4,1.9,210,36,4.9,11.7,2.1,216,35,4.1,11.4,1.9,210,36,233,29.49,,0,0,0,74.0,71.4,70.3,0.22,0.19,0.14
SUFF,2017-08-21 18:00:00 EDT,41.13038,-74.08987,584,82.0,81.6,84.7,61.4,67.4,0.000,0.000,0.00,0.000,4.4,9.2,2.2,193,33,5.1,10.3,2.4,194,32,4.4,9.2,2.2,193,33,202,29.49,,0,0,0,74.2,71.4,70.3,0.22,0.19,0.14
SUFF,2017-08-21 18:05:00 EDT,41.13038,-74.08987,584,81.6,81.3,84.3,62.5,67.5,0.000,0.000,0.00,0.000,3.1,9.5,1.9,197,31,3.7,10.1,1.9,200,30,3.1,9.5,1.9,197,31,152,29.49,,0,0,0,74.3,71.4,70.3,0.22,0.19,0.14
SUFF,2017-08-21 18:10:00 EDT,41.13038,-74.08987,584,81.4,81.2,84.1,63.1,67.6,0.000,0.000,0.00,0.000,2.9,7.7,1.4,196,33,3.5,9.4,1.7,199,33,2.9,7.7,1.4,196,33,148,29.49,,0,0,0,74.3,71.4,70.3,0.22,0.19,0.14
SUFF,2017-08-21 18:15:00 EDT,41.13038,-74.08987,584,81.6,81.2,84.3,62.6,67.6,0.000,0.000,0.00,0.000,3.2,7.2,1.9,221,34,3.9,8.7,2.2,223,32,3.2,7.2,1.9,221,34,164,29.48,,0,0,0,74.3,71.4,70.3,0.22,0.19,0.14
SUFF,2017-08-21 18:20:00 EDT,41.13038,-74.08987,584,81.2,81.1,83.9,63.6,67.7,0.000,0.000,0.00,0.000,3.1,11.3,1.6,192,36,3.6,9.8,1.9,192,33,3.1,11.3,1.6,192,36,70,29.48,,0,0,0,74.3,71.4,70.3,0.22,0.19,0.14
SUFF,2017-08-21 18:25:00 EDT,41.13038,-74.08987,584,80.5,80.6,83.1,64.6,67.5,0.000,0.000,0.00,0.000,3.8,10.0,1.8,178,27,4.3,10.9,2.0,182,26,3.8,10.0,1.8,178,27,47,29.48,,0,0,0,74.3,71.4,70.3,0.22,0.19,0.14
SUFF,2017-08-21 18:30:00 EDT,41.13038,-74.08987,584,80.3,80.5,82.9,65.3,67.6,0.000,0.000,0.00,0.000,3.1,6.9,1.5,187,26,3.8,8.3,1.8,190,27,3.1,6.9,1.5,187,26,69,29.48,,0,0,0,74.3,71.4,70.3,0.22,0.19,0.14
SUFF,2017-08-21 18:35:00 EDT,41.13038,-74.08987,584,80.0,80.4,80.0,66.7,67.9,0.000,0.000,0.00,0.000,2.3,5.8,1.3,174,21,2.7,6.5,1.4,175,23,2.3,5.8,1.3,174,21,66,29.48,,0,0,0,74.3,71.4,70.3,0.22,0.19,0.14
SUFF,2017-08-21 18:40:00 EDT,41.13038,-74.08987,584,80.2,80.4,82.9,66.8,68.2,0.000,0.000,0.00,0.000,2.7,6.2,1.1,179,21,3.2,6.6,1.3,179,20,2.7,6.2,1.1,179,21,77,29.48,,0,0,0,74.3,71.4,70.3,0.22,0.19,0.14
SUFF,2017-08-21 18:45:00 EDT,41.13038,-74.08987,584,80.0,80.3,80.0,67.6,68.3,0.000,0.000,0.00,0.000,2.8,5.2,0.8,179,22,3.0,6.2,1.0,179,20,2.8,5.2,0.8,179,22,64,29.48,,0,0,0,74.3,71.4,70.3,0.22,0.19,0.14
SUFF,2017-08-21 18:50:00 EDT,41.13038,-74.08987,584,79.8,80.1,79.8,67.9,68.2,0.000,0.000,0.00,0.000,2.1,4.4,0.8,172,21,2.5,5.4,1.0,175,20,2.1,4.4,0.8,172,21,66,29.48,,0,0,0,74.3,71.4,70.3,0.22,0.19,0.14
SUFF,2017-08-21 18:55:00 EDT,41.13038,-74.08987,584,79.7,80.0,79.7,67.7,68.1,0.000,0.000,0.00,0.000,2.6,5.6,0.8,177,23,2.9,6.5,1.0,181,24,2.6,5.6,0.8,177,23,48,29.48,,0,0,0,74.2,71.4,70.3,0.22,0.19,0.14
SUFF,2017-08-21 19:00:00 EDT,41.13038,-74.08987,584,79.5,79.9,79.5,67.9,68.0,0.000,0.000,0.00,0.000,2.3,4.3,0.7,178,27,2.6,5.5,1.0,179,27,2.3,4.3,0.7,178,27,60,29.48,,0,0,0,74.3,71.4,70.3,0.22,0.19,0.14
SUFF,2017-08-21 19:05:00 EDT,41.13038,-74.08987,584,79.6,79.8,79.6,68.1,68.2,0.000,0.000,0.00,0.000,2.0,6.1,0.9,184,20,2.2,6.7,1.1,185,23,2.0,6.1,0.9,184,20,53,29.48,,0,0,0,74.1,71.4,70.3,0.22,0.19,0.14
SUFF,2017-08-21 19:10:00 EDT,41.13038,-74.08987,584,79.5,79.8,79.5,68.0,68.0,0.000,0.000,0.00,0.000,2.6,4.9,0.7,191,25,2.9,5.9,0.9,191,23,2.6,4.9,0.7,191,25,49,29.48,,0,0,0,74.0,71.4,70.3,0.22,0.19,0.14
SUFF,2017-08-21 19:15:00 EDT,41.13038,-74.08987,584,79.4,79.7,79.4,68.3,68.1,0.000,0.000,0.00,0.000,2.0,4.6,0.9,185,22,2.4,5.2,1.0,185,19,2.0,4.6,0.9,185,22,50,29.48,,0,0,0,74.0,71.4,70.4,0.22,0.19,0.14
SUFF,2017-08-21 19:20:00 EDT,41.13038,-74.08987,584,79.5,79.7,79.5,67.9,68.0,0.000,0.000,0.00,0.000,3.1,6.1,1.2,190,30,3.5,7.2,1.4,190,26,3.1,6.1,1.2,190,30,43,29.48,,0,0,0,74.0,71.4,70.3,0.22,0.19,0.14
SUFF,2017-08-21 19:25:00 EDT,41.13038,-74.08987,584,79.3,79.6,79.3,68.1,67.9,0.000,0.000,0.00,0.000,3.1,5.8,0.9,181,21,3.5,6.6,1.1,181,20,3.1,5.8,0.9,181,21,27,29.48,,0,0,0,74.0,71.4,70.4,0.22,0.19,0.14
SUFF,2017-08-21 19:30:00 EDT,41.13038,-74.08987,584,78.8,79.3,78.8,68.9,67.8,0.000,0.000,0.00,0.000,2.1,4.7,0.8,185,25,2.4,6.5,1.0,189,28,2.1,4.7,0.8,185,25,19,29.48,,0,0,0,73.9,71.4,70.4,0.22,0.19,0.14
SUFF,2017-08-21 19:35:00 EDT,41.13038,-74.08987,584,78.7,79.2,78.7,69.3,67.8,0.000,0.000,0.00,0.000,2.9,6.6,1.1,182,23,3.5,7.9,1.4,184,21,2.9,6.6,1.1,182,23,12,29.49,,0,0,0,73.9,71.4,70.3,0.22,0.19,0.14
SUFF,2017-08-21 19:40:00 EDT,41.13038,-74.08987,584,78.5,79.0,78.5,69.3,67.6,0.000,0.000,0.00,0.000,2.4,5.6,0.9,197,25,2.8,7.1,1.2,200,24,2.4,5.6,0.9,197,25,8,29.49,,0,0,0,73.9,71.4,70.4,0.22,0.19,0.14
SUFF,2017-08-21 19:45:00 EDT,41.13038,-74.08987,584,78.4,78.9,78.4,69.4,67.5,0.000,0.000,0.00,0.000,2.8,6.6,1.4,189,29,3.2,8.2,1.5,190,30,2.8,6.6,1.4,189,29,5,29.49,,0,0,0,73.9,71.4,70.4,0.22,0.19,0.14
SUFF,2017-08-21 19:50:00 EDT,41.13038,-74.08987,584,78.5,78.8,78.5,69.0,67.5,0.000,0.000,0.00,0.000,2.8,6.9,1.4,205,27,3.4,8.1,1.7,207,27,2.8,6.9,1.4,205,27,3,29.49,,0,0,0,73.9,71.4,70.4,0.22,0.19,0.14
SUFF,2017-08-21 19:55:00 EDT,41.13038,-74.08987,584,78.3,78.7,78.3,68.8,67.2,0.000,0.000,0.00,0.000,2.3,5.0,1.0,197,32,2.8,6.2,1.2,199,33,2.3,5.0,1.0,197,32,1,29.49,,0,0,0,73.9,71.4,70.4,0.22,0.19,0.14
SUFF,2017-08-21 20:00:00 EDT,41.13038,-74.08987,584,78.3,78.6,78.3,69.0,67.3,0.000,0.000,0.00,0.000,2.1,4.6,1.0,201,36,2.7,6.6,1.3,200,34,2.1,4.6,1.0,201,36,0,29.48,,0,0,0,73.9,71.4,70.4,0.22,0.19,0.14
SUFF,2017-08-21 20:05:00 EDT,41.13038,-74.08987,584,78.3,78.4,78.3,69.0,67.2,0.000,0.000,0.00,0.000,2.1,5.4,1.3,211,34,2.7,6.0,1.2,213,37,2.1,5.4,1.3,211,34,0,29.49,,0,0,0,73.9,71.4,70.4,0.22,0.19,0.14
SUFF,2017-08-21 20:10:00 EDT,41.13038,-74.08987,584,78.2,78.3,78.2,69.0,67.2,0.000,0.000,0.00,0.000,2.0,8.9,2.4,244,27,2.5,9.5,2.4,242,28,2.0,8.9,2.4,244,27,0,29.49,,0,0,0,73.9,71.5,70.5,0.22,0.19,0.14
SUFF,2017-08-21 20:15:00 EDT,41.13038,-74.08987,584,77.8,78.0,77.8,69.6,67.1,0.000,0.000,0.00,0.000,1.6,3.4,0.8,200,26,2.1,4.4,1.0,202,23,1.6,3.4,0.8,200,26,0,29.49,,0,0,0,73.9,71.6,70.5,0.22,0.19,0.14
SUFF,2017-08-21 20:20:00 EDT,41.13038,-74.08987,584,77.1,77.7,77.1,71.2,67.0,0.000,0.000,0.00,0.000,1.4,4.4,0.9,191,28,1.8,5.2,1.0,188,28,1.4,4.4,0.9,191,28,0,29.49,,0,0,0,73.9,71.7,70.5,0.22,0.19,0.14
SUFF,2017-08-21 20:25:00 EDT,41.13038,-74.08987,584,76.8,77.6,76.8,72.7,67.4,0.000,0.000,0.00,0.000,2.6,4.7,0.8,174,18,2.9,5.1,0.9,174,19,2.6,4.7,0.8,174,18,0,29.49,,0,0,0,73.9,71.7,70.6,0.22,0.19,0.14
SUFF,2017-08-21 20:30:00 EDT,41.13038,-74.08987,584,76.9,77.6,76.9,72.9,67.6,0.000,0.000,0.00,0.000,2.3,3.9,0.7,172,20,2.5,5.1,1.0,173,18,2.3,3.9,0.7,172,20,0,29.49,,0,0,0,73.9,71.8,70.6,0.22,0.19,0.14
SUFF,2017-08-21 20:35:00 EDT,41.13038,-74.08987,584,76.8,77.4,76.8,73.3,67.6,0.000,0.000,0.00,0.000,1.9,3.9,0.7,193,30,2.1,4.4,0.8,195,30,1.9,3.9,0.7,193,30,0,29.49,,0,0,0,73.9,71.8,70.6,0.22,0.19,0.14
SUFF,2017-08-21 20:40:00 EDT,41.13038,-74.08987,584,76.6,77.3,76.6,73.7,67.6,0.000,0.000,0.00,0.000,1.6,3.7,0.5,191,20,1.9,4.6,0.8,196,21,1.6,3.7,0.5,191,20,0,29.49,,0,0,0,73.9,71.8,70.6,0.22,0.19,0.14
SUFF,2017-08-21 20:45:00 EDT,41.13038,-74.08987,584,76.4,77.0,76.4,74.2,67.6,0.000,0.000,0.00,0.000,1.6,3.4,0.6,192,21,1.8,3.8,0.7,195,20,1.6,3.4,0.6,192,21,0,29.49,,0,0,0,73.9,71.8,70.7,0.22,0.19,0.14
SUFF,2017-08-21 20:50:00 EDT,41.13038,-74.08987,584,75.9,76.8,75.9,75.2,67.5,0.000,0.000,0.00,0.000,2.0,4.5,0.9,176,19,2.3,5.7,1.1,177,19,2.0,4.5,0.9,176,19,0,29.49,,0,0,0,73.9,71.8,70.7,0.22,0.19,0.14
SUFF,2017-08-21 20:55:00 EDT,41.13038,-74.08987,584,75.7,76.8,75.7,76.5,67.8,0.000,0.000,0.00,0.000,2.1,3.3,0.5,173,16,2.3,4.4,0.7,173,16,2.1,3.3,0.5,173,16,0,29.49,,0,0,0,73.8,71.8,70.7,0.22,0.19,0.14
SUFF,2017-08-21 21:00:00 EDT,41.13038,-74.08987,584,75.9,76.7,75.9,76.4,68.0,0.000,0.000,0.00,0.000,2.2,5.0,0.8,182,17,2.5,5.0,0.8,183,17,2.2,5.0,0.8,182,17,0,29.49,,0,0,0,73.4,71.8,70.7,0.22,0.19,0.14
SUFF,2017-08-21 21:05:00 EDT,41.13038,-74.08987,584,75.9,76.5,75.9,76.5,68.0,0.000,0.000,0.00,0.000,2.0,3.7,0.7,175,14,2.4,4.2,0.8,178,15,2.0,3.7,0.7,175,14,0,29.49,,0,0,0,73.4,71.8,70.7,0.22,0.19,0.14
SUFF,2017-08-21 21:10:00 EDT,41.13038,-74.08987,584,75.8,76.4,75.8,76.6,67.9,0.000,0.000,0.00,0.000,2.5,4.7,0.8,182,19,2.7,4.9,0.8,182,18,2.5,4.7,0.8,182,19,0,29.50,,0,0,0,73.4,71.8,70.7,0.22,0.19,0.14
SUFF,2017-08-21 21:15:00 EDT,41.13038,-74.08987,584,75.8,76.2,75.8,77.0,68.0,0.000,0.000,0.00,0.000,2.2,4.9,0.6,184,20,2.5,6.7,1.0,185,19,2.2,4.9,0.6,184,20,0,29.50,,0,0,0,73.4,71.8,70.7,0.22,0.19,0.14
SUFF,2017-08-21 21:20:00 EDT,41.13038,-74.08987,584,75.8,76.3,75.8,77.0,68.1,0.000,0.000,0.00,0.000,3.2,5.6,0.9,179,19,3.5,7.2,1.1,179,18,3.2,5.6,0.9,179,19,0,29.50,,0,0,0,73.4,71.8,70.7,0.22,0.19,0.14
SUFF,2017-08-21 21:25:00 EDT,41.13038,-74.08987,584,75.8,76.2,75.8,76.8,68.0,0.000,0.000,0.00,0.000,2.4,4.4,0.7,180,19,2.6,5.3,0.9,182,22,2.4,4.4,0.7,180,19,0,29.50,,0,0,0,73.4,71.8,70.7,0.22,0.19,0.14
SUFF,2017-08-21 21:30:00 EDT,41.13038,-74.08987,584,75.6,76.1,75.6,77.1,67.9,0.000,0.000,0.00,0.000,2.5,4.6,0.8,178,23,2.7,5.1,1.0,180,24,2.5,4.6,0.8,178,23,0,29.50,,0,0,0,73.4,71.8,70.7,0.22,0.19,0.14
SUFF,2017-08-21 21:35:00 EDT,41.13038,-74.08987,584,75.5,75.9,75.5,77.5,68.0,0.000,0.000,0.00,0.000,2.4,5.8,1.2,190,21,2.7,7.7,1.4,191,22,2.4,5.8,1.2,190,21,0,29.50,,0,0,0,73.4,71.8,70.7,0.22,0.19,0.14
SUFF,2017-08-21 21:40:00 EDT,41.13038,-74.08987,584,75.5,75.9,75.5,77.5,68.0,0.000,0.000,0.00,0.000,2.3,4.4,0.9,188,27,2.8,6.1,1.1,194,27,2.3,4.4,0.9,188,27,0,29.50,,0,0,0,73.4,71.8,70.7,0.22,0.19,0.14
SUFF,2017-08-21 21:45:00 EDT,41.13038,-74.08987,584,75.5,75.9,75.5,78.0,68.2,0.000,0.000,0.00,0.000,3.1,5.8,1.1,183,27,3.3,6.3,1.2,185,24,3.1,5.8,1.1,183,27,0,29.50,,0,0,0,73.4,71.8,70.7,0.22,0.19,0.14
SUFF,2017-08-21 21:50:00 EDT,41.13038,-74.08987,584,75.4,75.8,75.4,78.3,68.2,0.000,0.000,0.00,0.000,2.0,4.7,0.8,182,35,2.5,6.3,0.9,182,35,2.0,4.7,0.8,182,35,0,29.49,,0,0,0,73.4,71.8,70.7,0.22,0.19,0.14
SUFF,2017-08-21 21:55:00 EDT,41.13038,-74.08987,584,75.1,75.7,75.1,79.1,68.2,0.000,0.000,0.00,0.000,2.4,5.3,0.8,179,33,2.7,6.6,1.0,185,31,2.4,5.3,0.8,179,33,0,29.49,,0,0,0,73.3,71.8,70.7,0.22,0.19,0.14
SUFF,2017-08-21 22:00:00 EDT,41.13038,-74.08987,584,75.2,75.6,75.2,79.8,68.5,0.000,0.000,0.00,0.000,1.8,3.7,0.7,189,18,2.0,4.5,0.7,189,22,1.8,3.7,0.7,189,18,0,29.49,,0,0,0,73.2,71.8,70.7,0.22,0.19,0.14
SUFF,2017-08-21 22:05:00 EDT,41.13038,-74.08987,584,74.7,75.4,74.7,80.3,68.3,0.000,0.000,0.00,0.000,1.5,2.6,0.6,186,27,1.8,3.4,0.7,187,26,1.5,2.6,0.6,186,27,0,29.49,,0,0,0,73.1,71.8,70.7,0.22,0.19,0.14
SUFF,2017-08-21 22:10:00 EDT,41.13038,-74.08987,584,74.7,75.0,74.7,80.8,68.4,0.000,0.000,0.00,0.000,1.2,4.4,1.1,190,24,1.7,5.1,1.1,195,26,1.2,4.4,1.1,190,24,0,29.49,,0,0,0,73.0,71.8,70.7,0.22,0.19,0.14
SUFF,2017-08-21 22:15:00 EDT,41.13038,-74.08987,584,74.6,75.2,74.6,81.1,68.4,0.000,0.000,0.00,0.000,2.5,4.2,0.7,171,17,2.7,5.1,0.9,173,17,2.5,4.2,0.7,171,17,0,29.49,,0,0,0,73.0,71.8,70.7,0.22,0.19,0.14
SUFF,2017-08-21 22:20:00 EDT,41.13038,-74.08987,584,74.6,75.0,74.6,81.9,68.7,0.000,0.000,0.00,0.000,2.9,5.5,0.8,183,19,3.2,6.1,1.0,183,18,2.9,5.5,0.8,183,19,0,29.49,,0,0,0,73.0,71.8,70.7,0.22,0.19,0.14
SUFF,2017-08-21 22:25:00 EDT,41.13038,-74.08987,584,74.6,74.8,74.6,82.0,68.7,0.000,0.000,0.00,0.000,2.3,4.6,0.9,190,17,2.5,5.5,1.0,192,17,2.3,4.6,0.9,190,17,0,29.49,,0,0,0,73.0,71.8,70.7,0.22,0.19,0.14
SUFF,2017-08-21 22:30:00 EDT,41.13038,-74.08987,584,74.1,74.6,74.1,82.2,68.3,0.000,0.000,0.00,0.000,1.1,3.7,0.6,192,30,1.5,4.3,0.7,192,33,1.1,3.7,0.6,192,30,0,29.49,,0,0,0,73.0,71.8,70.7,0.22,0.19,0.14
SUFF,2017-08-21 22:35:00 EDT,41.13038,-74.08987,584,74.0,74.4,74.0,82.9,68.5,0.000,0.000,0.00,0.000,1.6,4.0,0.9,211,27,1.9,4.4,1.1,214,25,1.6,4.0,0.9,211,27,0,29.49,,0,0,0,73.0,71.8,70.7,0.22,0.19,0.14
SUFF,2017-08-21 22:40:00 EDT,41.13038,-74.08987,584,73.9,74.3,73.9,83.4,68.6,0.000,0.000,0.00,0.000,1.5,4.9,0.9,204,30,1.9,4.6,1.0,202,29,1.5,4.9,0.9,204,30,0,29.49,,0,0,0,73.0,71.8,70.7,0.22,0.19,0.14
SUFF,2017-08-21 22:45:00 EDT,41.13038,-74.08987,584,73.8,74.2,73.8,84.1,68.7,0.000,0.000,0.00,0.000,1.8,3.2,0.6,199,24,2.2,4.7,0.6,202,26,1.8,3.2,0.6,199,24,0,29.49,,0,0,0,73.0,71.8,70.7,0.22,0.19,0.14
SUFF,2017-08-21 22:50:00 EDT,41.13038,-74.08987,584,73.6,74.0,73.6,84.6,68.7,0.000,0.000,0.00,0.000,1.1,2.6,0.6,215,34,1.6,3.7,0.7,212,36,1.1,2.6,0.6,215,34,0,29.49,,0,0,0,73.0,71.8,70.7,0.22,0.19,0.14
SUFF,2017-08-21 22:55:00 EDT,41.13038,-74.08987,584,73.9,74.0,73.9,84.2,68.9,0.000,0.000,0.00,0.000,2.1,5.3,1.0,222,25,2.3,5.3,1.1,224,23,2.1,5.3,1.0,222,25,0,29.48,,0,0,0,73.0,71.8,70.7,0.22,0.19,0.14
SUFF,2017-08-21 23:00:00 EDT,41.13038,-74.08987,584,73.4,73.7,73.4,84.2,68.3,0.000,0.000,0.00,0.000,1.3,4.2,1.1,205,23,1.7,4.7,1.0,203,27,1.3,4.2,1.1,205,23,0,29.49,,0,0,0,73.0,71.8,70.7,0.22,0.19,0.14
SUFF,2017-08-21 23:05:00 EDT,41.13038,-74.08987,584,73.4,73.6,73.4,85.1,68.6,0.000,0.000,0.00,0.000,1.8,4.0,0.9,196,38,1.9,5.1,1.1,201,34,1.8,4.0,0.9,196,38,0,29.49,,0,0,0,73.0,71.8,70.7,0.22,0.19,0.14
SUFF,2017-08-21 23:10:00 EDT,41.13038,-74.08987,584,73.1,73.4,73.1,85.2,68.4,0.000,0.000,0.00,0.000,1.7,3.6,0.7,183,31,1.9,4.9,1.0,187,27,1.7,3.6,0.7,183,31,0,29.48,,0,0,0,73.0,71.8,70.7,0.22,0.19,0.14
SUFF,2017-08-21 23:15:00 EDT,41.13038,-74.08987,584,73.1,73.5,73.1,85.6,68.6,0.000,0.000,0.00,0.000,1.9,4.3,0.9,213,29,2.4,5.2,0.9,211,28,1.9,4.3,0.9,213,29,0,29.48,,0,0,0,73.0,71.8,70.7,0.22,0.19,0.14
SUFF,2017-08-21 23:20:00 EDT,41.13038,-74.08987,584,73.2,73.4,73.2,85.9,68.7,0.000,0.000,0.00,0.000,1.5,6.0,0.9,202,31,1.8,5.6,1.0,204,27,1.5,6.0,0.9,202,31,0,29.48,,0,0,0,73.0,71.8,70.7,0.22,0.19,0.14
SUFF,2017-08-21 23:25:00 EDT,41.13038,-74.08987,584,73.4,73.5,73.4,85.8,68.9,0.000,0.000,0.00,0.000,2.4,5.6,1.2,209,32,2.7,6.5,1.2,209,31,2.4,5.6,1.2,209,32,0,29.48,,0,0,0,73.0,71.8,70.7,0.22,0.19,0.14
SUFF,2017-08-21 23:30:00 EDT,41.13038,-74.08987,584,73.3,73.5,73.3,85.5,68.7,0.000,0.000,0.00,0.000,1.6,5.0,1.1,197,30,1.7,4.7,1.1,202,32,1.6,5.0,1.1,197,30,0,29.48,,0,0,0,72.9,71.8,70.7,0.22,0.19,0.14
SUFF,2017-08-21 23:35:00 EDT,41.13038,-74.08987,584,73.1,73.4,73.1,85.6,68.5,0.000,0.000,0.00,0.000,1.2,3.7,0.8,174,34,1.5,4.3,0.9,175,34,1.2,3.7,0.8,174,34,0,29.48,,0,0,0,72.8,71.8,70.7,0.22,0.19,0.14
SUFF,2017-08-21 23:40:00 EDT,41.13038,-74.08987,584,72.3,73.0,72.3,87.2,68.2,0.000,0.000,0.00,0.000,1.2,1.8,0.3,155,11,1.4,2.3,0.4,157,14,1.2,1.8,0.3,155,11,0,29.48,,0,0,0,72.7,71.8,70.7,0.22,0.19,0.14
SUFF,2017-08-21 23:45:00 EDT,41.13038,-74.08987,584,72.3,73.1,72.3,88.1,68.6,0.000,0.000,0.00,0.000,1.2,3.7,0.7,178,26,1.6,4.3,0.8,180,25,1.2,3.7,0.7,178,26,0,29.48,,0,0,0,72.7,71.8,70.7,0.22,0.19,0.14
SUFF,2017-08-21 23:50:00 EDT,41.13038,-74.08987,584,72.4,73.2,72.4,87.8,68.5,0.000,0.000,0.00,0.000,2.2,3.9,0.7,174,18,2.5,4.7,0.8,177,18,2.2,3.9,0.7,174,18,0,29.48,,0,0,0,72.7,71.8,70.7,0.22,0.19,0.14
SUFF,2017-08-21 23:55:00 EDT,41.13038,-74.08987,584,72.3,73.2,72.3,87.8,68.5,0.000,0.000,0.00,0.000,2.2,3.7,0.5,177,19,2.5,4.5,0.6,177,20,2.2,3.7,0.5,177,19,0,29.48,,0,0,0,72.7,71.8,70.7,0.22,0.19,0.14
TANN,2017-08-21 00:00:00 EDT,42.17071,-74.11343,2334,59.2,59.9,59.2,87.5,55.5,0.000,0.000,0.00,0.000,2.4,3.0,0.3,49,5,2.5,3.1,0.3,48,5,2.4,3.0,0.3,49,5,0,27.77,,0,0,0,67.5,66.7,65.7,0.50,0.42,0.41
TANN,2017-08-21 00:05:00 EDT,42.17071,-74.11343,2334,59.3,60.0,59.3,87.6,55.6,0.000,0.000,0.00,0.000,2.5,3.1,0.4,49,3,2.6,3.4,0.3,47,3,2.5,3.1,0.4,49,3,0,27.78,,0,0,0,67.5,66.7,65.7,0.50,0.42,0.41
TANN,2017-08-21 00:10:00 EDT,42.17071,-74.11343,2334,59.3,60.0,59.3,88.1,55.8,0.000,0.000,0.00,0.000,2.4,3.4,0.7,48,5,2.5,3.5,0.6,47,6,2.4,3.4,0.7,48,5,0,27.77,,0,0,0,67.5,66.7,65.7,0.50,0.42,0.41
TANN,2017-08-21 00:15:00 EDT,42.17071,-74.11343,2334,59.4,60.4,59.4,88.5,56.0,0.000,0.000,0.00,0.000,2.2,3.4,0.6,55,12,2.5,3.4,0.4,54,11,2.2,3.4,0.6,55,12,0,27.77,,0,0,0,67.4,66.7,65.8,0.50,0.42,0.41
TANN,2017-08-21 00:20:00 EDT,42.17071,-74.11343,2334,59.6,60.7,59.6,88.4,56.1,0.000,0.000,0.00,0.000,2.5,3.5,0.5,51,9,2.7,3.9,0.5,49,10,2.5,3.5,0.5,51,9,0,27.77,,0,0,0,67.3,66.7,65.8,0.50,0.42,0.41
TANN,2017-08-21 00:25:00 EDT,42.17071,-74.11343,2334,59.7,60.4,59.7,89.7,56.7,0.000,0.000,0.00,0.000,2.1,3.0,0.4,42,7,2.1,2.9,0.4,43,7,2.1,3.0,0.4,42,7,0,27.77,,0,0,0,67.1,66.7,65.8,0.50,0.42,0.41
TANN,2017-08-21 00:30:00 EDT,42.17071,-74.11343,2334,59.7,60.6,59.7,88.0,56.2,0.000,0.000,0.00,0.000,2.2,3.1,0.4,52,7,2.4,3.2,0.4,51,6,2.2,3.1,0.4,52,7,0,27.78,,0,0,0,67.1,66.7,65.8,0.50,0.42,0.41
TANN,2017-08-21 00:35:00 EDT,42.17071,-74.11343,2334,59.8,61.9,59.8,88.4,56.4,0.000,0.000,0.00,0.000,2.1,3.1,0.4,44,10,2.1,3.2,0.4,44,9,2.1,3.1,0.4,44,10,0,27.78,,0,0,0,67.1,66.7,65.8,0.50,0.42,0.41
TANN,2017-08-21 00:40:00 EDT,42.17071,-74.11343,2334,59.9,61.6,59.9,88.2,56.4,0.000,0.000,0.00,0.000,2.3,2.9,0.4,46,9,2.3,3.3,0.4,45,10,2.3,2.9,0.4,46,9,0,27.78,,0,0,0,67.1,66.7,65.8,0.50,0.42,0.41
TANN,2017-08-21 00:45:00 EDT,42.17071,-74.11343,2334,59.9,60.9,59.9,88.1,56.4,0.000,0.000,0.00,0.000,2.2,2.8,0.4,49,9,2.3,3.4,0.4,47,8,2.2,2.8,0.4,49,9,0,27.78,,0,0,0,67.1,66.7,65.8,0.50,0.42,0.41
TANN,2017-08-21 00:50:00 EDT,42.17071,-74.11343,2334,59.7,61.0,59.7,88.2,56.2,0.000,0.000,0.00,0.000,1.9,3.1,0.5,53,9,2.2,3.5,0.5,51,7,1.9,3.1,0.5,53,9,0,27.78,,0,0,0,67.0,66.7,65.8,0.50,0.42,0.41
TANN,2017-08-21 00:55:00 EDT,42.17071,-74.11343,2334,59.6,60.6,59.6,88.6,56.2,0.000,0.000,0.00,0.000,2.3,3.4,0.5,54,9,2.5,3.6,0.4,51,8,2.3,3.4,0.5,54,9,0,27.78,,0,0,0,66.9,66.7,65.8,0.50,0.42,0.41
TANN,2017-08-21 01:00:00 EDT,42.17071,-74.11343,2334,59.5,60.5,59.5,89.0,56.3,0.000,0.000,0.00,0.000,2.7,3.4,0.4,49,4,2.7,3.8,0.5,46,4,2.7,3.4,0.4,49,4,0,27.78,,0,0,0,66.8,66.7,65.8,0.50,0.42,0.41
TANN,2017-08-21 01:05:00 EDT,42.17071,-74.11343,2334,59.7,60.5,59.7,89.8,56.7,0.000,0.000,0.00,0.000,2.2,2.8,0.4,48,7,2.2,3.1,0.4,47,6,2.2,2.8,0.4,48,7,0,27.78,,0,0,0,66.7,66.7,65.8,0.50,0.42,0.41
TANN,2017-08-21 01:10:00 EDT,42.17071,-74.11343,2334,59.7,61.2,59.7,89.5,56.6,0.000,0.000,0.00,0.000,2.2,3.2,0.5,53,14,2.4,3.5,0.4,53,11,2.2,3.2,0.5,53,14,0,27.78,,0,0,0,66.7,66.7,65.8,0.50,0.42,0.41
TANN,2017-08-21 01:15:00 EDT,42.17071,-74.11343,2334,59.8,60.9,59.8,88.8,56.5,0.000,0.000,0.00,0.000,2.2,3.0,0.5,50,10,2.3,3.4,0.5,48,8,2.2,3.0,0.5,50,10,0,27.77,,0,0,0,66.7,66.7,65.8,0.50,0.42,0.41
TANN,2017-08-21 01:20:00 EDT,42.17071,-74.11343,2334,59.8,60.7,59.8,89.3,56.7,0.000,0.000,0.00,0.000,2.0,3.1,0.5,55,9,2.3,3.5,0.5,54,9,2.0,3.1,0.5,55,9,0,27.77,,0,0,0,66.7,66.7,65.8,0.50,0.42,0.41
TANN,2017-08-21 01:25:00 EDT,42.17071,-74.11343,2334,59.8,60.8,59.8,89.3,56.7,0.000,0.000,0.00,0.000,2.2,2.9,0.4,51,7,2.4,3.4,0.4,49,7,2.2,2.9,0.4,51,7,0,27.77,,0,0,0,66.7,66.7,65.8,0.50,0.42,0.41
TANN,2017-08-21 01:30:00 EDT,42.17071,-74.11343,2334,59.9,61.3,59.9,89.4,56.8,0.000,0.000,0.00,0.000,1.8,2.6,0.4,52,11,1.9,2.7,0.3,51,10,1.8,2.6,0.4,52,11,0,27.77,,0,0,0,66.7,66.7,65.8,0.50,0.42,0.41
TANN,2017-08-21 01:35:00 EDT,42.17071,-74.11343,2334,59.9,61.4,59.9,88.9,56.6,0.000,0.000,0.00,0.000,2.2,3.0,0.4,47,9,2.2,3.2,0.4,46,7,2.2,3.0,0.4,47,9,0,27.78,,0,0,0,66.4,66.7,65.8,0.50,0.42,0.41
TANN,2017-08-21 01:40:00 EDT,42.17071,-74.11343,2334,59.8,61.1,59.8,88.8,56.5,0.000,0.000,0.00,0.000,1.9,2.5,0.3,48,9,1.9,3.0,0.4,47,7,1.9,2.5,0.3,48,9,0,27.78,,0,0,0,66.4,66.7,65.8,0.50,0.42,0.41
TANN,2017-08-21 01:45:00 EDT,42.17071,-74.11343,2334,59.6,60.8,59.6,89.5,56.5,0.000,0.000,0.00,0.000,1.7,3.1,0.4,59,12,2.0,2.9,0.4,58,11,1.7,3.1,0.4,59,12,0,27.78,,0,0,0,66.4,66.7,65.8,0.50,0.42,0.41
TANN,2017-08-21 01:50:00 EDT,42.17071,-74.11343,2334,59.4,60.4,59.4,91.1,56.8,0.000,0.000,0.00,0.000,2.3,3.4,0.6,53,7,2.4,3.5,0.5,52,8,2.3,3.4,0.6,53,7,0,27.77,,0,0,0,66.4,66.7,65.8,0.50,0.42,0.41
TANN,2017-08-21 01:55:00 EDT,42.17071,-74.11343,2334,59.5,60.8,59.5,91.1,56.9,0.000,0.000,0.00,0.000,2.1,3.1,0.4,55,12,2.3,3.2,0.3,54,11,2.1,3.1,0.4,55,12,0,27.77,,0,0,0,66.4,66.7,65.8,0.50,0.42,0.41
TANN,2017-08-21 02:00:00 EDT,42.17071,-74.11343,2334,59.6,60.4,59.6,91.2,57.0,0.000,0.000,0.00,0.000,2.4,3.0,0.3,46,3,2.3,3.5,0.4,45,3,2.4,3.0,0.3,46,3,0,27.77,,0,0,0,66.4,66.7,65.8,0.50,0.42,0.41
TANN,2017-08-21 02:05:00 EDT,42.17071,-74.11343,2334,59.8,61.2,59.8,91.5,57.3,0.000,0.000,0.00,0.000,2.0,2.8,0.4,47,12,2.1,3.4,0.5,45,12,2.0,2.8,0.4,47,12,0,27.77,,0,0,0,66.4,66.7,65.8,0.50,0.42,0.41
TANN,2017-08-21 02:10:00 EDT,42.17071,-74.11343,2334,59.9,61.4,59.9,90.7,57.2,0.000,0.000,0.00,0.000,2.3,2.9,0.4,45,10,2.2,3.1,0.4,45,9,2.3,2.9,0.4,45,10,0,27.77,,0,0,0,66.4,66.7,65.8,0.50,0.42,0.41
TANN,2017-08-21 02:15:00 EDT,42.17071,-74.11343,2334,59.8,60.6,59.8,91.0,57.1,0.000,0.000,0.00,0.000,2.0,3.0,0.3,48,6,2.2,3.3,0.3,47,6,2.0,3.0,0.3,48,6,0,27.77,,0,0,0,66.3,66.7,65.8,0.50,0.42,0.41
TANN,2017-08-21 02:20:00 EDT,42.17071,-74.11343,2334,59.7,60.7,59.7,91.2,57.2,0.000,0.000,0.00,0.000,2.5,2.9,0.3,44,6,2.4,3.3,0.4,44,4,2.5,2.9,0.3,44,6,0,27.77,,0,0,0,66.1,66.7,65.8,0.50,0.42,0.41
TANN,2017-08-21 02:25:00 EDT,42.17071,-74.11343,2334,59.7,61.6,59.7,91.1,57.1,0.000,0.000,0.00,0.000,2.1,3.1,0.5,39,17,2.2,3.9,0.5,38,18,2.1,3.1,0.5,39,17,0,27.77,,0,0,0,66.0,66.7,65.8,0.50,0.42,0.41
TANN,2017-08-21 02:30:00 EDT,42.17071,-74.11343,2334,59.7,61.3,59.7,91.5,57.2,0.000,0.000,0.00,0.000,2.0,3.1,0.4,42,9,2.0,3.4,0.4,43,7,2.0,3.1,0.4,42,9,0,27.77,,0,0,0,66.0,66.7,65.8,0.50,0.42,0.41
TANN,2017-08-21 02:35:00 EDT,42.17071,-74.11343,2334,59.8,62.6,59.8,91.6,57.3,0.000,0.000,0.00,0.000,1.7,2.9,0.5,39,19,1.8,3.8,0.6,38,17,1.7,2.9,0.5,39,19,0,27.77,,0,0,0,66.0,66.7,65.8,0.50,0.42,0.41
TANN,2017-08-21 02:40:00 EDT,42.17071,-74.11343,2334,59.7,61.9,59.7,91.8,57.3,0.000,0.000,0.00,0.000,1.9,3.4,0.5,43,16,2.1,3.5,0.5,42,16,1.9,3.4,0.5,43,16,0,27.77,,0,0,0,66.0,66.6,65.8,0.50,0.42,0.41
TANN,2017-08-21 02:45:00 EDT,42.17071,-74.11343,2334,59.7,61.7,59.7,92.1,57.4,0.000,0.000,0.00,0.000,1.8,2.8,0.4,43,13,1.9,3.3,0.4,44,13,1.8,2.8,0.4,43,13,0,27.77,,0,0,0,66.0,66.6,65.8,0.50,0.42,0.41
TANN,2017-08-21 02:50:00 EDT,42.17071,-74.11343,2334,59.7,62.4,59.7,92.0,57.4,0.000,0.000,0.00,0.000,1.8,2.8,0.6,33,25,2.2,4.0,0.6,32,22,1.8,2.8,0.6,33,25,0,27.77,,0,0,0,66.0,66.5,65.8,0.50,0.42,0.41
TANN,2017-08-21 02:55:00 EDT,42.17071,-74.11343,2334,59.8,62.6,59.8,92.0,57.5,0.000,0.000,0.00,0.000,1.9,3.7,0.6,37,19,2.1,4.4,0.7,38,17,1.9,3.7,0.6,37,19,0,27.77,,0,0,0,66.0,66.5,65.8,0.50,0.42,0.41
TANN,2017-08-21 03:00:00 EDT,42.17071,-74.11343,2334,59.8,62.5,59.8,92.6,57.6,0.000,0.000,0.00,0.000,1.7,3.3,0.7,39,30,2.2,5.9,0.9,38,29,1.7,3.3,0.7,39,30,0,27.77,,0,0,0,66.0,66.4,65.8,0.50,0.42,0.41
TANN,2017-08-21 03:05:00 EDT,42.17071,-74.11343,2334,59.9,63.0,59.9,92.5,57.7,0.000,0.000,0.00,0.000,1.2,3.1,0.8,26,29,1.7,4.8,1.0,24,40,1.2,3.1,0.8,26,29,0,27.77,,0,0,0,65.9,66.4,65.8,0.50,0.42,0.41
TANN,2017-08-21 03:10:00 EDT,42.17071,-74.11343,2334,59.8,63.0,59.8,92.9,57.8,0.000,0.000,0.00,0.000,1.5,3.1,0.7,35,29,1.9,4.3,0.7,32,33,1.5,3.1,0.7,35,29,0,27.77,,0,0,0,65.9,66.4,65.8,0.50,0.42,0.41
TANN,2017-08-21 03:15:00 EDT,42.17071,-74.11343,2334,59.9,63.0,59.9,93.0,57.9,0.000,0.000,0.00,0.000,1.4,2.7,0.6,20,33,2.1,4.9,1.0,16,34,1.4,2.7,0.6,20,33,0,27.77,,0,0,0,65.8,66.4,65.8,0.50,0.42,0.41
TANN,2017-08-21 03:20:00 EDT,42.17071,-74.11343,2334,60.0,63.2,60.0,92.6,57.9,0.000,0.000,0.00,0.000,1.4,3.7,0.7,18,40,2.0,4.9,1.0,15,35,1.4,3.7,0.7,18,40,0,27.77,,0,0,0,65.8,66.4,65.8,0.50,0.42,0.41
TANN,2017-08-21 03:25:00 EDT,42.17071,-74.11343,2334,60.4,63.3,60.4,91.8,58.0,0.000,0.000,0.00,0.000,1.9,3.3,0.6,34,28,2.4,4.5,0.8,32,26,1.9,3.3,0.6,34,28,0,27.77,,0,0,0,65.8,66.4,65.8,0.50,0.42,0.41
TANN,2017-08-21 03:30:00 EDT,42.17071,-74.11343,2334,60.0,63.0,60.0,92.7,57.9,0.000,0.000,0.00,0.000,1.7,3.9,0.9,37,29,2.2,4.7,0.8,37,29,1.7,3.9,0.9,37,29,0,27.77,,0,0,0,65.8,66.4,65.8,0.50,0.42,0.41
TANN,2017-08-21 03:35:00 EDT,42.17071,-74.11343,2334,60.0,63.2,60.0,92.0,57.7,0.000,0.000,0.00,0.000,1.8,3.4,0.7,33,28,2.3,5.0,0.8,34,28,1.8,3.4,0.7,33,28,0,27.77,,0,0,0,65.8,66.4,65.8,0.50,0.42,0.41
TANN,2017-08-21 03:40:00 EDT,42.17071,-74.11343,2334,60.0,62.8,60.0,92.3,57.8,0.000,0.000,0.00,0.000,1.8,2.6,0.5,52,22,2.2,3.7,0.6,52,20,1.8,2.6,0.5,52,22,0,27.77,,0,0,0,65.8,66.4,65.8,0.50,0.42,0.41
TANN,2017-08-21 03:45:00 EDT,42.17071,-74.11343,2334,60.0,62.6,60.0,92.1,57.7,0.000,0.000,0.00,0.000,1.6,3.3,0.7,56,21,2.0,5.0,0.8,57,22,1.6,3.3,0.7,56,21,0,27.77,,0,0,0,65.8,66.4,65.8,0.50,0.42,0.41
TANN,2017-08-21 03:50:00 EDT,42.17071,-74.11343,2334,60.2,62.4,60.2,92.0,57.9,0.000,0.000,0.00,0.000,1.8,3.2,0.5,54,17,2.3,4.1,0.7,55,15,1.8,3.2,0.5,54,17,0,27.77,,0,0,0,65.8,66.4,65.8,0.50,0.42,0.41
TANN,2017-08-21 03:55:00 EDT,42.17071,-74.11343,2334,60.2,62.5,60.2,92.0,57.9,0.000,0.000,0.00,0.000,2.1,2.8,0.4,62,16,2.5,3.6,0.5,61,15,2.1,2.8,0.4,62,16,0,27.77,,0,0,0,65.8,66.4,65.8,0.50,0.42,0.41
TANN,2017-08-21 04:00:00 EDT,42.17071,-74.11343,2334,60.2,62.5,60.2,91.7,57.8,0.000,0.000,0.00,0.000,1.9,3.0,0.5,59,16,2.2,3.8,0.6,57,14,1.9,3.0,0.5,59,16,0,27.77,,0,0,0,65.8,66.4,65.8,0.50,0.42,0.41
TANN,2017-08-21 04:05:00 EDT,42.17071,-74.11343,2334,60.3,61.6,60.3,91.6,57.8,0.000,0.000,0.00,0.000,1.8,2.7,0.4,59,12,2.0,2.9,0.3,57,12,1.8,2.7,0.4,59,12,0,27.77,,0,0,0,65.8,66.4,65.8,0.50,0.42,0.41
TANN,2017-08-21 04:10:00 EDT,42.17071,-74.11343,2334,60.1,61.7,60.1,92.3,57.8,0.000,0.000,0.00,0.000,2.0,3.1,0.5,55,12,2.3,3.5,0.5,54,14,2.0,3.1,0.5,55,12,0,27.77,,0,0,0,65.6,66.4,65.8,0.50,0.42,0.41
TANN,2017-08-21 04:15:00 EDT,42.17071,-74.11343,2334,60.0,62.2,60.0,92.0,57.7,0.000,0.000,0.00,0.000,2.3,3.1,0.4,50,18,2.5,3.7,0.5,49,16,2.3,3.1,0.4,50,18,0,27.77,,0,0,0,65.5,66.4,65.8,0.50,0.42,0.41
TANN,2017-08-21 04:20:00 EDT,42.17071,-74.11343,2334,60.0,62.2,60.0,92.2,57.7,0.000,0.000,0.00,0.000,2.0,2.8,0.5,53,24,2.3,3.7,0.6,54,23,2.0,2.8,0.5,53,24,0,27.77,,0,0,0,65.5,66.4,65.8,0.50,0.42,0.41
TANN,2017-08-21 04:25:00 EDT,42.17071,-74.11343,2334,60.0,62.0,60.0,92.6,57.9,0.000,0.000,0.00,0.000,1.6,2.5,0.4,72,11,2.0,3.1,0.5,71,11,1.6,2.5,0.4,72,11,0,27.77,,0,0,0,65.5,66.4,65.8,0.50,0.42,0.41
TANN,2017-08-21 04:30:00 EDT,42.17071,-74.11343,2334,60.0,61.4,60.0,93.0,58.0,0.000,0.000,0.00,0.000,1.4,2.2,0.4,68,12,1.8,3.2,0.4,64,19,1.4,2.2,0.4,68,12,0,27.77,,0,0,0,65.5,66.4,65.8,0.50,0.42,0.41
TANN,2017-08-21 04:35:00 EDT,42.17071,-74.11343,2334,60.0,60.7,60.0,93.5,58.1,0.000,0.000,0.00,0.000,1.6,2.5,0.3,57,11,1.9,2.8,0.4,58,11,1.6,2.5,0.3,57,11,0,27.77,,0,0,0,65.5,66.4,65.8,0.50,0.42,0.41
TANN,2017-08-21 04:40:00 EDT,42.17071,-74.11343,2334,59.9,60.5,59.9,93.6,58.0,0.000,0.000,0.00,0.000,1.7,2.5,0.4,60,8,1.9,2.6,0.4,55,9,1.7,2.5,0.4,60,8,0,27.77,,0,0,0,65.5,66.4,65.8,0.50,0.42,0.41
TANN,2017-08-21 04:45:00 EDT,42.17071,-74.11343,2334,59.8,60.6,59.8,92.8,57.7,0.000,0.000,0.00,0.000,1.7,2.3,0.3,58,13,1.9,2.6,0.4,56,12,1.7,2.3,0.3,58,13,0,27.78,,0,0,0,65.5,66.4,65.8,0.50,0.42,0.41
TANN,2017-08-21 04:50:00 EDT,42.17071,-74.11343,2334,59.6,60.4,59.6,92.4,57.4,0.000,0.000,0.00,0.000,2.1,2.8,0.5,51,7,2.2,3.1,0.5,49,8,2.1,2.8,0.5,51,7,0,27.78,,0,0,0,65.5,66.4,65.8,0.50,0.42,0.41
TANN,2017-08-21 04:55:00 EDT,42.17071,-74.11343,2334,59.7,60.3,59.7,92.9,57.6,0.000,0.000,0.00,0.000,1.9,2.7,0.4,51,7,2.1,3.0,0.3,48,6,1.9,2.7,0.4,51,7,0,27.77,,0,0,0,65.5,66.4,65.8,0.50,0.42,0.41
TANN,2017-08-21 05:00:00 EDT,42.17071,-74.11343,2334,59.6,60.3,59.6,93.0,57.6,0.000,0.000,0.00,0.000,2.0,2.8,0.3,60,11,2.2,3.1,0.4,56,12,2.0,2.8,0.3,60,11,0,27.78,,0,0,0,65.5,66.4,65.8,0.50,0.42,0.41
TANN,2017-08-21 05:05:00 EDT,42.17071,-74.11343,2334,59.6,60.2,59.6,92.6,57.5,0.000,0.000,0.00,0.000,2.3,3.2,0.4,47,4,2.3,3.7,0.4,45,4,2.3,3.2,0.4,47,4,0,27.78,,0,0,0,65.4,66.4,65.8,0.50,0.42,0.41
TANN,2017-08-21 05:10:00 EDT,42.17071,-74.11343,2334,59.6,60.5,59.6,93.2,57.7,0.000,0.000,0.00,0.000,2.6,3.4,0.3,47,7,2.6,3.7,0.5,46,5,2.6,3.4,0.3,47,7,0,27.78,,0,0,0,65.3,66.4,65.8,0.50,0.42,0.41
TANN,2017-08-21 05:15:00 EDT,42.17071,-74.11343,2334,59.7,60.8,59.7,92.9,57.6,0.000,0.000,0.00,0.000,2.4,2.9,0.3,45,9,2.4,3.3,0.4,47,8,2.4,2.9,0.3,45,9,0,27.78,,0,0,0,65.1,66.4,65.8,0.50,0.42,0.41
TANN,2017-08-21 05:20:00 EDT,42.17071,-74.11343,2334,59.8,61.8,59.8,92.0,57.5,0.000,0.000,0.00,0.000,2.3,3.1,0.4,40,17,2.5,4.3,0.6,40,15,2.3,3.1,0.4,40,17,0,27.78,,0,0,0,65.2,66.4,65.8,0.50,0.42,0.41
TANN,2017-08-21 05:25:00 EDT,42.17071,-74.11343,2334,59.8,62.0,59.8,91.7,57.4,0.000,0.000,0.00,0.000,1.8,3.3,0.5,45,14,2.1,4.2,0.6,46,13,1.8,3.3,0.5,45,14,0,27.78,,0,0,0,65.1,66.4,65.8,0.50,0.42,0.41
TANN,2017-08-21 05:30:00 EDT,42.17071,-74.11343,2334,59.7,62.3,59.7,92.2,57.4,0.000,0.000,0.00,0.000,2.1,3.1,0.5,44,15,2.4,4.4,0.6,42,15,2.1,3.1,0.5,44,15,0,27.78,,0,0,0,65.1,66.4,65.8,0.50,0.42,0.41
TANN,2017-08-21 05:35:00 EDT,42.17071,-74.11343,2334,59.6,62.1,59.6,92.1,57.3,0.000,0.000,0.00,0.000,1.6,3.0,0.5,41,20,1.9,3.8,0.7,42,19,1.6,3.0,0.5,41,20,0,27.78,,0,0,0,65.1,66.4,65.8,0.50,0.42,0.41
TANN,2017-08-21 05:40:00 EDT,42.17071,-74.11343,2334,59.6,61.8,59.6,92.1,57.3,0.000,0.000,0.00,0.000,1.6,2.7,0.4,41,18,1.8,3.5,0.5,40,18,1.6,2.7,0.4,41,18,0,27.78,,0,0,0,65.1,66.4,65.8,0.50,0.42,0.41
TANN,2017-08-21 05:45:00 EDT,42.17071,-74.11343,2334,59.6,61.2,59.6,92.0,57.3,0.000,0.000,0.00,0.000,1.5,2.2,0.3,49,13,1.8,2.4,0.3,48,11,1.5,2.2,0.3,49,13,0,27.78,,0,0,0,65.1,66.3,65.8,0.50,0.42,0.41
TANN,2017-08-21 05:50:00 EDT,42.17071,-74.11343,2334,59.4,60.1,59.4,92.3,57.2,0.000,0.000,0.00,0.000,1.5,2.3,0.4,56,6,1.7,2.7,0.3,54,7,1.5,2.3,0.4,56,6,0,27.78,,0,0,0,65.1,66.2,65.8,0.50,0.42,0.41
TANN,2017-08-21 05:55:00 EDT,42.17071,-74.11343,2334,59.4,60.1,59.4,92.8,57.3,0.000,0.000,0.00,0.000,1.9,2.6,0.4,57,10,2.0,2.9,0.4,55,9,1.9,2.6,0.4,57,10,0,27.78,,0,0,0,65.1,66.1,65.8,0.50,0.42,0.41
TANN,2017-08-21 06:00:00 EDT,42.17071,-74.11343,2334,59.4,60.1,59.4,93.1,57.4,0.000,0.000,0.00,0.000,1.1,1.5,0.2,70,8,1.5,2.1,0.3,66,10,1.1,1.5,0.2,70,8,1,27.78,,0,0,0,65.1,66.0,65.8,0.50,0.42,0.41
TANN,2017-08-21 06:05:00 EDT,42.17071,-74.11343,2334,59.2,59.9,59.2,93.3,57.3,0.000,0.000,0.00,0.000,1.2,2.0,0.4,60,13,1.7,2.4,0.4,66,16,1.2,2.0,0.4,60,13,2,27.79,,0,0,0,65.1,66.0,65.8,0.50,0.42,0.41
TANN,2017-08-21 06:10:00 EDT,42.17071,-74.11343,2334,59.1,59.8,59.1,93.4,57.2,0.000,0.000,0.00,0.000,1.6,2.4,0.4,53,7,1.8,2.8,0.3,53,9,1.6,2.4,0.4,53,7,2,27.79,,0,0,0,65.1,66.0,65.8,0.50,0.42,0.41
TANN,2017-08-21 06:15:00 EDT,42.17071,-74.11343,2334,59.1,59.7,59.1,94.1,57.4,0.000,0.000,0.00,0.000,1.7,2.5,0.5,52,8,1.8,2.7,0.4,52,9,1.7,2.5,0.5,52,8,4,27.79,,0,0,0,65.1,66.0,65.8,0.50,0.42,0.41
TANN,2017-08-21 06:20:00 EDT,42.17071,-74.11343,2334,59.2,59.8,59.2,94.3,57.5,0.000,0.000,0.00,0.000,1.6,2.4,0.4,60,11,1.9,2.8,0.3,57,10,1.6,2.4,0.4,60,11,5,27.79,,0,0,0,65.0,66.0,65.8,0.50,0.42,0.41
TANN,2017-08-21 06:25:00 EDT,42.17071,-74.11343,2334,59.2,60.4,59.2,94.4,57.6,0.000,0.000,0.00,0.000,1.8,2.7,0.3,48,14,1.9,2.8,0.3,48,10,1.8,2.7,0.3,48,14,7,27.78,,0,0,0,64.8,66.0,65.8,0.50,0.42,0.41
TANN,2017-08-21 06:30:00 EDT,42.17071,-74.11343,2334,59.3,61.2,59.3,94.4,57.7,0.000,0.000,0.00,0.000,2.1,2.8,0.4,45,13,2.3,3.3,0.4,45,13,2.1,2.8,0.4,45,13,9,27.79,,0,0,0,64.8,66.0,65.8,0.50,0.42,0.41
TANN,2017-08-21 06:35:00 EDT,42.17071,-74.11343,2334,59.5,61.1,59.5,93.9,57.7,0.000,0.000,0.00,0.000,2.0,2.9,0.4,53,12,2.2,3.5,0.4,52,12,2.0,2.9,0.4,53,12,11,27.79,,0,0,0,64.8,66.0,65.8,0.50,0.42,0.41
TANN,2017-08-21 06:40:00 EDT,42.17071,-74.11343,2334,59.6,60.7,59.6,93.1,57.6,0.000,0.000,0.00,0.000,1.8,3.1,0.4,58,11,2.0,3.2,0.4,57,11,1.8,3.1,0.4,58,11,13,27.79,,0,0,0,64.8,66.0,65.8,0.50,0.42,0.41
TANN,2017-08-21 06:45:00 EDT,42.17071,-74.11343,2334,59.5,60.3,59.5,92.8,57.4,0.000,0.000,0.00,0.000,1.8,2.3,0.3,55,5,2.1,2.5,0.2,53,6,1.8,2.3,0.3,55,5,13,27.79,,0,0,0,64.8,66.0,65.8,0.50,0.42,0.41
TANN,2017-08-21 06:50:00 EDT,42.17071,-74.11343,2334,59.5,60.1,59.5,92.5,57.3,0.000,0.000,0.00,0.000,1.4,2.2,0.5,52,1,1.7,2.4,0.4,55,7,1.4,2.2,0.5,52,1,13,27.79,,0,0,0,64.8,66.0,65.8,0.50,0.42,0.41
TANN,2017-08-21 06:55:00 EDT,42.17071,-74.11343,2334,59.4,59.9,59.4,92.7,57.3,0.000,0.000,0.00,0.000,2.5,3.2,0.3,48,5,2.6,3.1,0.3,47,4,2.5,3.2,0.3,48,5,13,27.79,,0,0,0,64.8,66.0,65.8,0.50,0.42,0.41
TANN,2017-08-21 07:00:00 EDT,42.17071,-74.11343,2334,59.7,60.2,59.7,92.9,57.6,0.000,0.000,0.00,0.000,2.3,3.2,0.5,48,6,2.3,3.2,0.4,46,5,2.3,3.2,0.5,48,6,13,27.79,,0,0,0,64.8,66.0,65.8,0.50,0.42,0.41
TANN,2017-08-21 07:05:00 EDT,42.17071,-74.11343,2334,59.8,60.5,59.8,92.7,57.7,0.000,0.000,0.00,0.000,2.1,2.6,0.4,47,5,2.2,3.1,0.4,47,5,2.1,2.6,0.4,47,5,13,27.79,,0,0,0,64.8,66.0,65.8,0.50,0.42,0.41
TANN,2017-08-21 07:10:00 EDT,42.17071,-74.11343,2334,59.9,60.5,59.9,92.2,57.6,0.000,0.000,0.00,0.000,2.2,2.7,0.4,45,3,2.3,2.9,0.4,45,4,2.2,2.7,0.4,45,3,12,27.79,,0,0,0,64.8,66.0,65.8,0.50,0.42,0.41
TANN,2017-08-21 07:15:00 EDT,42.17071,-74.11343,2334,59.8,60.5,59.8,91.8,57.4,0.000,0.000,0.00,0.000,2.5,2.8,0.2,44,2,2.4,3.0,0.2,45,2,2.5,2.8,0.2,44,2,13,27.79,,0,0,0,64.8,66.0,65.8,0.50,0.42,0.41
TANN,2017-08-21 07:20:00 EDT,42.17071,-74.11343,2334,59.8,60.5,59.8,92.0,57.5,0.000,0.000,0.00,0.000,2.5,2.8,0.2,47,3,2.6,3.1,0.2,46,3,2.5,2.8,0.2,47,3,15,27.79,,0,0,0,64.8,66.0,65.8,0.50,0.42,0.41
TANN,2017-08-21 07:25:00 EDT,42.17071,-74.11343,2334,59.8,60.5,59.8,92.0,57.4,0.000,0.000,0.00,0.000,2.8,3.1,0.2,45,4,2.7,3.5,0.3,44,3,2.8,3.1,0.2,45,4,19,27.79,,0,0,0,64.7,66.0,65.8,0.50,0.42,0.41
TANN,2017-08-21 07:30:00 EDT,42.17071,-74.11343,2334,59.9,60.7,59.9,92.4,57.7,0.000,0.000,0.00,0.000,2.6,3.1,0.3,46,3,2.6,3.2,0.3,44,4,2.6,3.1,0.3,46,3,28,27.80,,0,0,0,64.7,66.0,65.8,0.50,0.42,0.41
TANN,2017-08-21 07:35:00 EDT,42.17071,-74.11343,2334,60.1,60.9,60.1,92.5,57.9,0.000,0.000,0.00,0.000,2.5,2.8,0.1,45,4,2.3,2.9,0.3,46,4,2.5,2.8,0.1,45,4,36,27.79,,0,0,0,64.5,66.0,65.8,0.50,0.42,0.41
TANN,2017-08-21 07:40:00 EDT,42.17071,-74.11343,2334,60.3,61.2,60.3,93.0,58.3,0.000,0.000,0.00,0.000,2.5,2.6,0.1,52,0,2.4,2.9,0.2,51,3,2.5,2.6,0.1,52,0,47,27.79,,0,0,0,64.4,66.0,65.8,0.50,0.42,0.41
TANN,2017-08-21 07:45:00 EDT,42.17071,-74.11343,2334,60.5,62.7,60.5,92.1,58.3,0.000,0.000,0.00,0.000,1.7,2.5,0.4,63,10,2.0,3.0,0.4,64,11,1.7,2.5,0.4,63,10,61,27.79,,0,0,0,64.4,66.0,65.8,0.50,0.42,0.41
TANN,2017-08-21 07:50:00 EDT,42.17071,-74.11343,2334,61.1,63.5,61.1,91.2,58.5,0.000,0.000,0.00,0.000,1.6,2.3,0.5,52,10,1.8,2.6,0.3,51,9,1.6,2.3,0.5,52,10,56,27.79,,0,0,0,64.4,66.0,65.8,0.50,0.42,0.41
TANN,2017-08-21 07:55:00 EDT,42.17071,-74.11343,2334,61.3,62.4,61.3,91.6,58.9,0.000,0.000,0.00,0.000,2.1,2.8,0.3,42,3,2.0,2.6,0.2,43,4,2.1,2.8,0.3,42,3,53,27.80,,0,0,0,64.4,66.0,65.8,0.50,0.42,0.41
TANN,2017-08-21 08:00:00 EDT,42.17071,-74.11343,2334,61.6,62.8,61.6,91.3,59.1,0.000,0.000,0.00,0.000,1.9,2.6,0.4,55,15,2.0,2.4,0.2,56,14,1.9,2.6,0.4,55,15,43,27.79,,0,0,0,64.4,66.0,65.8,0.50,0.42,0.41
TANN,2017-08-21 08:05:00 EDT,42.17071,-74.11343,2334,61.6,62.4,61.6,91.9,59.2,0.000,0.000,0.00,0.000,1.4,2.4,0.4,39,10,1.5,2.3,0.3,39,12,1.4,2.4,0.4,39,10,41,27.80,,0,0,0,64.4,66.0,65.8,0.50,0.42,0.41
TANN,2017-08-21 08:10:00 EDT,42.17071,-74.11343,2334,61.6,62.2,61.6,91.7,59.2,0.000,0.000,0.00,0.000,2.0,2.6,0.3,54,3,2.2,3.2,0.3,49,3,2.0,2.6,0.3,54,3,42,27.80,,0,0,0,64.4,66.0,65.8,0.50,0.42,0.41
TANN,2017-08-21 08:15:00 EDT,42.17071,-74.11343,2334,61.6,62.3,61.6,92.5,59.4,0.000,0.000,0.00,0.000,2.3,2.7,0.3,49,2,2.4,2.8,0.3,48,2,2.3,2.7,0.3,49,2,58,27.79,,0,0,0,64.4,66.0,65.8,0.50,0.42,0.41
TANN,2017-08-21 08:20:00 EDT,42.17071,-74.11343,2334,62.0,63.0,62.0,90.9,59.3,0.000,0.000,0.00,0.000,2.3,3.1,0.3,41,5,2.2,3.2,0.4,41,4,2.3,3.1,0.3,41,5,68,27.79,,0,0,0,64.4,65.9,65.8,0.50,0.42,0.41
TANN,2017-08-21 08:25:00 EDT,42.17071,-74.11343,2334,62.3,64.1,62.3,89.3,59.1,0.000,0.000,0.00,0.000,1.4,2.6,0.9,42,23,1.7,3.3,0.7,43,26,1.4,2.6,0.9,42,23,82,27.79,,0,0,0,64.4,65.9,65.8,0.50,0.42,0.41
TANN,2017-08-21 08:30:00 EDT,42.17071,-74.11343,2334,62.6,66.4,62.6,88.6,59.2,0.000,0.000,0.00,0.000,0.7,2.6,0.7,40,35,1.3,3.7,0.7,33,52,0.7,2.6,0.7,40,35,71,27.80,,0,0,0,64.4,65.9,65.8,0.50,0.42,0.41
TANN,2017-08-21 08:35:00 EDT,42.17071,-74.11343,2334,63.0,65.9,63.0,87.1,59.0,0.000,0.000,0.00,0.000,0.1,1.4,0.3,59,0,0.6,1.6,0.4,104,59,0.1,1.4,0.3,59,0,91,27.80,,0,0,0,64.4,65.8,65.8,0.50,0.42,0.41
TANN,2017-08-21 08:40:00 EDT,42.17071,-74.11343,2334,63.1,66.4,63.1,86.9,59.1,0.000,0.000,0.00,0.000,0.5,2.0,0.7,56,4,1.1,2.4,0.7,62,31,0.5,2.0,0.7,56,4,91,27.80,,0,0,0,64.4,65.8,65.8,0.50,0.42,0.41
TANN,2017-08-21 08:45:00 EDT,42.17071,-74.11343,2334,63.3,66.7,63.3,87.3,59.5,0.000,0.000,0.00,0.000,1.6,2.6,0.4,58,15,1.9,3.3,0.5,57,13,1.6,2.6,0.4,58,15,92,27.79,,0,0,0,64.4,65.8,65.8,0.50,0.42,0.41
TANN,2017-08-21 08:50:00 EDT,42.17071,-74.11343,2334,63.6,67.5,63.6,86.8,59.6,0.000,0.000,0.00,0.000,1.4,2.3,0.4,62,19,1.8,3.2,0.6,61,20,1.4,2.3,0.4,62,19,118,27.79,,0,0,0,64.4,65.8,65.8,0.50,0.42,0.41
TANN,2017-08-21 08:55:00 EDT,42.17071,-74.11343,2334,63.9,67.9,63.9,85.7,59.5,0.000,0.000,0.00,0.000,1.1,2.1,0.5,62,25,1.6,3.0,0.6,63,24,1.1,2.1,0.5,62,25,59,27.79,,0,0,0,64.5,65.8,65.8,0.50,0.42,0.41
TANN,2017-08-21 09:00:00 EDT,42.17071,-74.11343,2334,64.2,68.3,64.2,87.4,60.3,0.000,0.000,0.00,0.000,0.3,1.1,0.4,62,8,1.1,2.1,0.4,69,12,0.3,1.1,0.4,62,8,64,27.79,,0,0,0,64.6,65.8,65.8,0.50,0.42,0.41
TANN,2017-08-21 09:05:00 EDT,42.17071,-74.11343,2334,64.5,69.0,64.5,85.9,60.2,0.000,0.000,0.00,0.000,0.6,2.3,0.7,172,34,1.1,2.8,0.7,150,55,0.6,2.3,0.7,172,34,64,27.79,,0,0,0,64.7,65.8,65.8,0.50,0.42,0.41
TANN,2017-08-21 09:10:00 EDT,42.17071,-74.11343,2334,65.8,70.0,65.8,80.8,59.8,0.000,0.000,0.00,0.000,0.5,1.5,0.5,172,12,1.1,2.3,0.4,157,46,0.5,1.5,0.5,172,12,60,27.79,,0,0,0,64.7,65.8,65.8,0.50,0.42,0.41
TANN,2017-08-21 09:15:00 EDT,42.17071,-74.11343,2334,66.2,70.0,66.2,79.4,59.7,0.000,0.000,0.00,0.000,0.9,2.6,0.7,190,36,1.6,3.1,0.7,186,42,0.9,2.6,0.7,190,36,93,27.79,,0,0,0,64.8,65.8,65.8,0.50,0.42,0.41
TANN,2017-08-21 09:20:00 EDT,42.17071,-74.11343,2334,65.9,70.0,65.9,79.8,59.5,0.000,0.000,0.00,0.000,0.3,1.2,0.4,200,8,1.0,2.9,0.4,219,20,0.3,1.2,0.4,200,8,140,27.78,,0,0,0,64.8,65.8,65.8,0.50,0.42,0.41
TANN,2017-08-21 09:25:00 EDT,42.17071,-74.11343,2334,66.7,69.8,66.7,81.1,60.7,0.000,0.000,0.00,0.000,0.5,2.9,0.9,316,8,1.2,3.0,0.7,333,35,0.5,2.9,0.9,316,8,116,27.79,,0,0,0,64.8,65.8,65.8,0.50,0.42,0.41
TANN,2017-08-21 09:30:00 EDT,42.17071,-74.11343,2334,68.3,70.4,68.3,74.9,60.0,0.000,0.000,0.00,0.000,0.5,1.9,0.6,349,13,1.1,3.6,0.8,1,40,0.5,1.9,0.6,349,13,100,27.79,,0,0,0,64.8,65.8,65.8,0.50,0.42,0.41
TANN,2017-08-21 09:35:00 EDT,42.17071,-74.11343,2334,67.1,70.5,67.1,77.0,59.6,0.000,0.000,0.00,0.000,0.4,2.3,0.7,194,12,0.8,2.7,0.7,196,38,0.4,2.3,0.7,194,12,92,27.79,,0,0,0,64.8,65.8,65.8,0.50,0.42,0.41
TANN,2017-08-21 09:40:00 EDT,42.17071,-74.11343,2334,67.3,70.3,67.3,79.4,60.7,0.000,0.000,0.00,0.000,0.0,0.0,0.0,0,0,0.5,1.1,0.2,111,62,0.0,0.0,0.0,0,0,91,27.79,,0,0,0,65.0,65.8,65.8,0.50,0.42,0.41
TANN,2017-08-21 09:45:00 EDT,42.17071,-74.11343,2334,68.3,70.6,68.3,75.8,60.3,0.000,0.000,0.00,0.000,0.4,3.4,0.7,196,16,1.3,4.4,0.8,202,55,0.4,3.4,0.7,196,16,131,27.79,,0,0,0,65.1,65.8,65.8,0.50,0.42,0.41
TANN,2017-08-21 09:50:00 EDT,42.17071,-74.11343,2334,69.7,71.0,69.7,71.6,60.1,0.000,0.000,0.00,0.000,1.7,4.5,1.0,224,27,2.0,4.5,1.0,229,31,1.7,4.5,1.0,224,27,111,27.79,,0,0,0,65.1,65.8,65.8,0.50,0.42,0.41
TANN,2017-08-21 09:55:00 EDT,42.17071,-74.11343,2334,70.0,71.1,70.0,69.3,59.5,0.000,0.000,0.00,0.000,1.2,3.4,1.0,232,42,1.7,4.2,0.9,245,49,1.2,3.4,1.0,232,42,169,27.79,,0,0,0,65.1,65.8,65.8,0.50,0.42,0.41
TANN,2017-08-21 10:00:00 EDT,42.17071,-74.11343,2334,70.2,71.2,70.2,72.0,60.8,0.000,0.000,0.00,0.000,0.6,2.5,0.7,346,26,1.5,3.3,0.8,338,57,0.6,2.5,0.7,346,26,505,27.79,,0,0,0,65.1,65.8,65.8,0.50,0.42,0.41
TANN,2017-08-21 10:05:00 EDT,42.17071,-74.11343,2334,71.0,71.5,71.0,64.0,58.2,0.000,0.000,0.00,0.000,1.0,3.0,1.1,278,36,1.6,3.9,1.0,283,56,1.0,3.0,1.1,278,36,571,27.79,,0,0,0,65.4,65.8,65.8,0.50,0.42,0.41
TANN,2017-08-21 10:10:00 EDT,42.17071,-74.11343,2334,71.4,71.9,71.4,62.6,58.0,0.000,0.000,0.00,0.000,0.8,2.6,0.7,261,27,1.3,3.4,0.7,275,42,0.8,2.6,0.7,261,27,605,27.79,,0,0,0,65.5,65.8,65.8,0.50,0.42,0.41
TANN,2017-08-21 10:15:00 EDT,42.17071,-74.11343,2334,71.2,71.9,71.2,64.9,58.8,0.000,0.000,0.00,0.000,0.8,2.3,0.7,206,17,1.4,3.4,0.6,210,30,0.8,2.3,0.7,206,17,611,27.79,,0,0,0,65.6,65.8,65.8,0.50,0.42,0.41
TANN,2017-08-21 10:20:00 EDT,42.17071,-74.11343,2334,71.4,72.2,71.4,64.1,58.6,0.000,0.000,0.00,0.000,1.6,4.3,1.1,229,47,2.1,5.9,1.1,240,55,1.6,4.3,1.1,229,47,626,27.79,,0,0,0,65.8,65.8,65.8,0.50,0.42,0.41
TANN,2017-08-21 10:25:00 EDT,42.17071,-74.11343,2334,72.1,72.5,72.1,61.2,58.0,0.000,0.000,0.00,0.000,1.9,4.9,1.2,226,33,2.6,6.0,1.2,228,33,1.9,4.9,1.2,226,33,638,27.79,,0,0,0,65.8,65.8,65.8,0.50,0.42,0.41
TANN,2017-08-21 10:30:00 EDT,42.17071,-74.11343,2334,72.6,72.7,72.6,62.9,59.2,0.000,0.000,0.00,0.000,2.3,6.7,1.7,261,53,2.7,7.1,1.6,258,56,2.3,6.7,1.7,261,53,647,27.80,,0,0,0,66.0,65.8,65.8,0.50,0.42,0.41
TANN,2017-08-21 10:35:00 EDT,42.17071,-74.11343,2334,72.7,72.9,72.7,63.2,59.5,0.000,0.000,0.00,0.000,3.0,6.4,1.4,242,31,3.6,6.9,1.5,245,31,3.0,6.4,1.4,242,31,658,27.80,,0,0,0,66.0,65.8,65.8,0.50,0.42,0.41
TANN,2017-08-21 10:40:00 EDT,42.17071,-74.11343,2334,72.9,73.1,72.9,59.7,58.1,0.000,0.000,0.00,0.000,2.5,7.6,1.7,227,24,3.2,8.8,1.7,229,27,2.5,7.6,1.7,227,24,665,27.80,,0,0,0,66.3,65.8,65.8,0.50,0.42,0.41
TANN,2017-08-21 10:45:00 EDT,42.17071,-74.11343,2334,73.0,73.2,73.0,59.4,58.0,0.000,0.000,0.00,0.000,3.4,7.6,1.9,225,45,4.5,9.1,2.1,225,41,3.4,7.6,1.9,225,45,676,27.80,,0,0,0,66.4,65.8,65.7,0.50,0.42,0.41
TANN,2017-08-21 10:50:00 EDT,42.17071,-74.11343,2334,73.0,73.3,73.0,60.6,58.6,0.000,0.000,0.00,0.000,3.0,10.2,2.5,227,36,3.7,11.6,2.7,229,35,3.0,10.2,2.5,227,36,695,27.80,,0,0,0,66.7,65.8,65.7,0.50,0.42,0.41
TANN,2017-08-21 10:55:00 EDT,42.17071,-74.11343,2334,73.2,73.3,73.2,60.8,58.9,0.000,0.000,0.00,0.000,2.5,6.4,1.5,228,44,3.1,8.5,1.6,229,46,2.5,6.4,1.5,228,44,711,27.80,,0,0,0,66.8,65.8,65.7,0.50,0.42,0.41
TANN,2017-08-21 11:00:00 EDT,42.17071,-74.11343,2334,73.5,73.5,73.5,58.9,58.3,0.000,0.000,0.00,0.000,1.7,6.6,1.5,191,50,2.6,8.1,1.9,208,58,1.7,6.6,1.5,191,50,732,27.80,,0,0,0,67.1,65.8,65.7,0.50,0.42,0.41
TANN,2017-08-21 11:05:00 EDT,42.17071,-74.11343,2334,73.5,73.3,73.5,63.0,60.1,0.000,0.000,0.00,0.000,0.7,6.5,1.1,294,43,1.6,5.1,1.0,247,62,0.7,6.5,1.1,294,43,595,27.80,,0,0,0,67.1,65.8,65.6,0.50,0.42,0.41
TANN,2017-08-21 11:10:00 EDT,42.17071,-74.11343,2334,73.5,73.5,73.5,63.0,60.2,0.000,0.000,0.00,0.000,1.2,4.3,1.1,250,29,1.9,5.0,1.1,250,44,1.2,4.3,1.1,250,29,523,27.80,,0,0,0,67.5,65.8,65.7,0.50,0.42,0.41
TANN,2017-08-21 11:15:00 EDT,42.17071,-74.11343,2334,73.9,73.5,73.9,60.5,59.4,0.000,0.000,0.00,0.000,2.6,12.7,2.3,246,41,3.5,17.2,2.5,246,50,2.6,12.7,2.3,246,41,727,27.80,,0,0,0,67.7,65.8,65.6,0.50,0.42,0.41
TANN,2017-08-21 11:20:00 EDT,42.17071,-74.11343,2334,74.3,73.9,74.3,60.4,59.7,0.000,0.000,0.00,0.000,2.9,8.7,1.9,240,40,3.8,10.9,2.1,247,41,2.9,8.7,1.9,240,40,749,27.79,,0,0,0,67.8,65.8,65.6,0.50,0.42,0.41
TANN,2017-08-21 11:25:00 EDT,42.17071,-74.11343,2334,74.2,73.7,74.2,58.8,58.9,0.000,0.000,0.00,0.000,3.2,8.3,1.9,206,39,4.2,8.9,2.0,215,38,3.2,8.3,1.9,206,39,737,27.79,,0,0,0,67.9,65.8,65.6,0.49,0.42,0.41
TANN,2017-08-21 11:30:00 EDT,42.17071,-74.11343,2334,74.0,73.7,74.0,57.6,58.1,0.000,0.000,0.00,0.000,2.8,6.6,1.5,213,36,3.5,8.1,1.5,214,35,2.8,6.6,1.5,213,36,568,27.79,,0,0,0,68.2,65.8,65.6,0.49,0.42,0.41
TANN,2017-08-21 11:35:00 EDT,42.17071,-74.11343,2334,74.1,73.8,74.1,59.7,59.2,0.000,0.000,0.00,0.000,2.8,7.8,1.7,201,39,3.5,10.7,1.8,205,42,2.8,7.8,1.7,201,39,769,27.79,,0,0,0,68.3,65.8,65.6,0.50,0.42,0.41
TANN,2017-08-21 11:40:00 EDT,42.17071,-74.11343,2334,74.7,74.4,74.7,57.3,58.6,0.000,0.000,0.00,0.000,3.0,8.4,2.3,224,44,3.8,10.8,2.4,226,47,3.0,8.4,2.3,224,44,777,27.79,,0,0,0,68.5,65.8,65.5,0.49,0.42,0.41
TANN,2017-08-21 11:45:00 EDT,42.17071,-74.11343,2334,75.0,74.5,75.0,57.5,59.0,0.000,0.000,0.00,0.000,2.6,7.6,2.0,257,45,3.3,8.1,1.9,252,45,2.6,7.6,2.0,257,45,783,27.79,,0,0,0,68.6,65.8,65.5,0.50,0.42,0.41
TANN,2017-08-21 11:50:00 EDT,42.17071,-74.11343,2334,75.1,74.6,75.1,58.1,59.4,0.000,0.000,0.00,0.000,2.9,6.6,1.5,251,40,3.7,7.6,1.6,256,39,2.9,6.6,1.5,251,40,800,27.78,,0,0,0,68.8,65.8,65.5,0.50,0.42,0.41
TANN,2017-08-21 11:55:00 EDT,42.17071,-74.11343,2334,75.2,74.9,75.2,51.1,55.9,0.000,0.000,0.00,0.000,4.1,7.7,2.0,234,26,4.8,10.5,2.1,238,27,4.1,7.7,2.0,234,26,816,27.78,,0,0,0,68.9,65.8,65.5,0.50,0.42,0.41
TANN,2017-08-21 12:00:00 EDT,42.17071,-74.11343,2334,75.5,74.9,75.5,52.9,57.2,0.000,0.000,0.00,0.000,2.7,6.4,1.5,232,44,3.5,7.4,1.7,233,44,2.7,6.4,1.5,232,44,806,27.78,,0,0,0,69.2,65.8,65.5,0.49,0.42,0.41
TANN,2017-08-21 12:05:00 EDT,42.17071,-74.11343,2334,75.5,74.9,75.5,52.4,56.8,0.000,0.000,0.00,0.000,3.1,7.7,1.8,230,40,3.8,9.5,1.8,228,40,3.1,7.7,1.8,230,40,798,27.78,,0,0,0,69.3,65.8,65.5,0.49,0.42,0.41
TANN,2017-08-21 12:10:00 EDT,42.17071,-74.11343,2334,76.0,75.3,76.0,57.3,59.8,0.000,0.000,0.00,0.000,2.3,5.9,1.5,274,57,3.1,9.9,1.8,276,60,2.3,5.9,1.5,274,57,787,27.78,,0,0,0,69.5,65.8,65.5,0.49,0.42,0.41
TANN,2017-08-21 12:15:00 EDT,42.17071,-74.11343,2334,76.2,75.7,76.2,53.5,58.1,0.000,0.000,0.00,0.000,2.4,7.7,1.6,243,41,3.3,8.8,1.8,241,43,2.4,7.7,1.6,243,41,816,27.78,,0,0,0,69.6,65.8,65.5,0.49,0.42,0.41
TANN,2017-08-21 12:20:00 EDT,42.17071,-74.11343,2334,76.4,76.2,76.4,53.1,58.0,0.000,0.000,0.00,0.000,2.6,11.6,2.2,224,32,3.4,11.7,2.2,224,38,2.6,11.6,2.2,224,32,816,27.77,,0,0,0,70.0,65.8,65.5,0.49,0.42,0.41
TANN,2017-08-21 12:25:00 EDT,42.17071,-74.11343,2334,76.0,75.6,76.0,52.3,57.3,0.000,0.000,0.00,0.000,2.9,6.6,1.7,237,44,3.8,9.0,1.9,240,48,2.9,6.6,1.7,237,44,822,27.77,,0,0,0,70.0,65.8,65.5,0.49,0.42,0.41
TANN,2017-08-21 12:30:00 EDT,42.17071,-74.11343,2334,75.8,75.5,75.8,52.2,57.1,0.000,0.000,0.00,0.000,4.5,9.3,2.0,226,32,5.3,12.2,2.3,224,30,4.5,9.3,2.0,226,32,831,27.77,,0,0,0,70.3,65.8,65.5,0.49,0.42,0.41
TANN,2017-08-21 12:35:00 EDT,42.17071,-74.11343,2334,76.4,75.6,76.4,51.1,57.0,0.000,0.000,0.00,0.000,2.6,6.5,1.4,237,39,3.5,8.3,1.5,241,36,2.6,6.5,1.4,237,39,838,27.77,,0,0,0,70.5,65.8,65.5,0.49,0.42,0.41
TANN,2017-08-21 12:40:00 EDT,42.17071,-74.11343,2334,76.2,75.5,76.2,52.1,57.3,0.000,0.000,0.00,0.000,3.3,7.3,1.6,260,41,4.0,8.4,1.8,258,39,3.3,7.3,1.6,260,41,748,27.77,,0,0,0,70.7,65.8,65.5,0.49,0.42,0.41
TANN,2017-08-21 12:45:00 EDT,42.17071,-74.11343,2334,76.2,75.7,76.2,52.8,57.7,0.000,0.000,0.00,0.000,2.1,7.2,1.5,294,57,2.9,7.5,1.5,310,60,2.1,7.2,1.5,294,57,711,27.77,,0,0,0,70.9,65.8,65.5,0.49,0.42,0.41
TANN,2017-08-21 12:50:00 EDT,42.17071,-74.11343,2334,75.9,75.5,75.9,51.8,56.9,0.000,0.000,0.00,0.000,1.8,4.5,1.0,184,38,2.5,4.8,1.0,186,44,1.8,4.5,1.0,184,38,771,27.77,,0,0,0,71.1,65.8,65.5,0.49,0.42,0.41
TANN,2017-08-21 12:55:00 EDT,42.17071,-74.11343,2334,76.9,76.1,76.9,55.1,59.5,0.000,0.000,0.00,0.000,2.3,5.4,1.3,187,32,2.9,6.5,1.3,186,35,2.3,5.4,1.3,187,32,863,27.76,,0,0,0,71.3,65.8,65.5,0.49,0.42,0.41
TANN,2017-08-21 13:00:00 EDT,42.17071,-74.11343,2334,76.6,76.2,76.6,52.1,57.7,0.000,0.000,0.00,0.000,4.7,11.7,2.8,209,38,5.6,16.0,3.2,211,36,4.7,11.7,2.8,209,38,814,27.76,,0,0,0,71.4,65.8,65.5,0.49,0.42,0.41
TANN,2017-08-21 13:05:00 EDT,42.17071,-74.11343,2334,76.9,76.0,76.9,52.6,58.3,0.000,0.000,0.00,0.000,4.8,9.4,1.8,172,22,5.7,12.3,2.0,173,20,4.8,9.4,1.8,172,22,798,27.76,,0,0,0,71.5,65.8,65.5,0.49,0.42,0.41
TANN,2017-08-21 13:10:00 EDT,42.17071,-74.11343,2334,76.4,76.0,76.4,56.1,59.6,0.000,0.000,0.00,0.000,2.8,6.9,1.7,251,46,3.5,9.6,1.9,256,45,2.8,6.9,1.7,251,46,657,27.76,,0,0,0,71.8,65.8,65.5,0.49,0.42,0.41
TANN,2017-08-21 13:15:00 EDT,42.17071,-74.11343,2334,76.4,75.9,76.4,56.2,59.6,0.000,0.000,0.00,0.000,2.0,4.9,1.1,247,52,2.5,7.6,1.2,255,53,2.0,4.9,1.1,247,52,668,27.76,,0,0,0,72.0,65.8,65.5,0.49,0.42,0.41
TANN,2017-08-21 13:20:00 EDT,42.17071,-74.11343,2334,76.9,76.3,76.9,55.5,59.8,0.000,0.000,0.00,0.000,2.1,5.4,1.3,269,60,2.9,6.0,1.3,272,60,2.1,5.4,1.3,269,60,972,27.76,,0,0,0,72.3,65.8,65.5,0.49,0.42,0.41
TANN,2017-08-21 13:25:00 EDT,42.17071,-74.11343,2334,77.7,77.0,77.7,49.6,57.4,0.000,0.000,0.00,0.000,3.9,7.8,1.8,247,28,4.7,9.9,2.1,246,26,3.9,7.8,1.8,247,28,926,27.77,,0,0,0,72.3,65.8,65.5,0.49,0.42,0.41
TANN,2017-08-21 13:30:00 EDT,42.17071,-74.11343,2334,77.8,77.1,77.8,51.6,58.5,0.000,0.000,0.00,0.000,2.6,7.2,1.8,242,38,3.2,8.6,1.9,249,38,2.6,7.2,1.8,242,38,947,27.76,,0,0,0,72.7,65.8,65.5,0.49,0.42,0.41
TANN,2017-08-21 13:35:00 EDT,42.17071,-74.11343,2334,77.8,77.2,77.8,53.5,59.6,0.000,0.000,0.00,0.000,3.4,9.1,2.1,244,46,4.1,11.6,2.6,247,46,3.4,9.1,2.1,244,46,872,27.76,,0,0,0,72.7,65.8,65.5,0.49,0.42,0.41
TANN,2017-08-21 13:40:00 EDT,42.17071,-74.11343,2334,77.6,77.0,77.6,52.9,59.1,0.000,0.000,0.00,0.000,2.9,7.3,1.7,232,39,3.6,8.9,1.9,235,41,2.9,7.3,1.7,232,39,743,27.76,,0,0,0,72.9,65.8,65.5,0.49,0.42,0.41
TANN,2017-08-21 13:45:00 EDT,42.17071,-74.11343,2334,77.2,76.4,77.2,52.6,58.6,0.000,0.000,0.00,0.000,3.2,7.8,1.7,208,50,3.9,8.7,1.6,204,53,3.2,7.8,1.7,208,50,705,27.76,,0,0,0,73.0,65.8,65.5,0.49,0.42,0.41
TANN,2017-08-21 13:50:00 EDT,42.17071,-74.11343,2334,76.8,76.2,76.8,55.3,59.6,0.000,0.000,0.00,0.000,2.8,6.8,1.7,224,36,3.5,7.5,1.8,228,35,2.8,6.8,1.7,224,36,670,27.76,,0,0,0,73.2,65.8,65.5,0.49,0.42,0.41
TANN,2017-08-21 13:55:00 EDT,42.17071,-74.11343,2334,77.3,76.7,77.3,58.1,61.5,0.000,0.000,0.00,0.000,1.6,5.3,1.3,263,27,2.5,6.8,1.3,268,33,1.6,5.3,1.3,263,27,665,27.76,,0,0,0,73.4,65.8,65.5,0.49,0.42,0.41
TANN,2017-08-21 14:00:00 EDT,42.17071,-74.11343,2334,76.9,76.3,76.9,54.6,59.2,0.000,0.000,0.00,0.000,2.9,8.3,1.7,192,33,3.6,11.1,2.0,197,31,2.9,8.3,1.7,192,33,560,27.76,,0,0,0,73.7,65.8,65.5,0.49,0.42,0.41
TANN,2017-08-21 14:05:00 EDT,42.17071,-74.11343,2334,76.4,75.8,76.4,56.6,59.8,0.000,0.000,0.00,0.000,2.0,5.2,1.4,204,44,2.8,6.7,1.4,207,53,2.0,5.2,1.4,204,44,532,27.76,,0,0,0,73.9,65.8,65.5,0.49,0.42,0.41
TANN,2017-08-21 14:10:00 EDT,42.17071,-74.11343,2334,76.0,75.6,76.0,59.0,60.7,0.000,0.000,0.00,0.000,2.4,8.7,2.0,186,30,3.1,11.6,2.1,190,30,2.4,8.7,2.0,186,30,472,27.76,,0,0,0,73.9,65.8,65.5,0.49,0.42,0.41
TANN,2017-08-21 14:15:00 EDT,42.17071,-74.11343,2334,75.3,75.2,75.3,58.0,59.5,0.000,0.000,0.00,0.000,2.1,6.2,1.8,208,43,2.7,7.3,1.6,210,41,2.1,6.2,1.8,208,43,430,27.76,,0,0,0,74.1,65.8,65.5,0.49,0.42,0.41
TANN,2017-08-21 14:20:00 EDT,42.17071,-74.11343,2334,74.7,74.8,74.7,60.8,60.3,0.000,0.000,0.00,0.000,2.4,5.3,1.4,169,25,3.2,7.9,1.7,171,23,2.4,5.3,1.4,169,25,300,27.76,,0,0,0,74.3,65.8,65.5,0.49,0.42,0.41
TANN,2017-08-21 14:25:00 EDT,42.17071,-74.11343,2334,74.0,74.3,74.0,63.9,61.0,0.000,0.000,0.00,0.000,1.8,6.7,1.5,189,25,2.5,7.9,1.6,185,29,1.8,6.7,1.5,189,25,247,27.75,,0,0,0,74.3,65.8,65.5,0.49,0.42,0.41
TANN,2017-08-21 14:30:00 EDT,42.17071,-74.11343,2334,73.8,74.2,73.8,62.2,60.1,0.000,0.000,0.00,0.000,2.3,5.3,1.2,207,27,2.8,8.0,1.4,207,28,2.3,5.3,1.2,207,27,292,27.75,,0,0,0,74.3,65.8,65.5,0.49,0.42,0.41
TANN,2017-08-21 14:35:00 EDT,42.17071,-74.11343,2334,74.1,74.5,74.1,59.3,59.0,0.000,0.000,0.00,0.000,2.1,6.9,1.3,247,55,2.7,6.7,1.5,257,55,2.1,6.9,1.3,247,55,242,27.75,,0,0,0,74.4,65.8,65.5,0.49,0.42,0.41
TANN,2017-08-21 14:40:00 EDT,42.17071,-74.11343,2334,74.0,74.4,74.0,57.4,58.0,0.000,0.000,0.00,0.000,2.2,5.3,1.4,247,43,2.6,5.8,1.4,250,40,2.2,5.3,1.4,247,43,223,27.74,,0,0,0,74.6,65.8,65.5,0.49,0.42,0.41
TANN,2017-08-21 14:45:00 EDT,42.17071,-74.11343,2334,73.3,73.8,73.3,62.9,59.9,0.000,0.000,0.00,0.000,0.5,2.8,0.7,295,35,1.2,4.0,0.7,270,56,0.5,2.8,0.7,295,35,213,27.74,,0,0,0,74.6,65.8,65.5,0.48,0.42,0.41
TANN,2017-08-21 14:50:00 EDT,42.17071,-74.11343,2334,73.1,73.7,73.1,64.4,60.4,0.000,0.000,0.00,0.000,0.7,2.8,0.8,237,35,1.3,3.4,0.8,235,44,0.7,2.8,0.8,237,35,215,27.75,,0,0,0,74.7,65.8,65.5,0.48,0.42,0.41
TANN,2017-08-21 14:55:00 EDT,42.17071,-74.11343,2334,73.5,73.8,73.5,65.6,61.3,0.000,0.000,0.00,0.000,0.6,2.1,0.5,202,32,1.2,3.1,0.6,205,35,0.6,2.1,0.5,202,32,230,27.74,,0,0,0,74.7,65.8,65.5,0.48,0.42,0.41
TANN,2017-08-21 15:00:00 EDT,42.17071,-74.11343,2334,73.7,73.7,73.7,69.1,62.9,0.000,0.000,0.00,0.000,0.6,2.1,0.6,201,34,1.2,3.3,0.7,201,44,0.6,2.1,0.6,201,34,255,27.74,,0,0,0,74.7,65.8,65.5,0.48,0.42,0.41
TANN,2017-08-21 15:05:00 EDT,42.17071,-74.11343,2334,73.8,74.0,73.8,66.3,61.9,0.000,0.000,0.00,0.000,2.0,5.0,1.1,184,20,2.6,6.0,1.1,184,20,2.0,5.0,1.1,184,20,286,27.74,,0,0,0,74.7,65.8,65.5,0.48,0.42,0.41
TANN,2017-08-21 15:10:00 EDT,42.17071,-74.11343,2334,74.0,74.0,74.0,66.5,62.1,0.000,0.000,0.00,0.000,1.9,3.4,0.7,203,25,2.3,4.4,0.8,206,27,1.9,3.4,0.7,203,25,322,27.74,,0,0,0,74.7,65.8,65.5,0.48,0.42,0.41
TANN,2017-08-21 15:15:00 EDT,42.17071,-74.11343,2334,74.1,74.1,74.1,65.2,61.7,0.000,0.000,0.00,0.000,2.5,4.7,0.9,186,28,3.1,5.6,1.0,187,28,2.5,4.7,0.9,186,28,360,27.74,,0,0,0,74.6,65.8,65.5,0.48,0.42,0.41
TANN,2017-08-21 15:20:00 EDT,42.17071,-74.11343,2334,74.3,74.4,74.3,66.1,62.3,0.000,0.000,0.00,0.000,1.9,4.7,1.1,196,35,2.3,6.3,1.2,194,38,1.9,4.7,1.1,196,35,412,27.74,,0,0,0,74.6,65.9,65.5,0.48,0.42,0.41
TANN,2017-08-21 15:25:00 EDT,42.17071,-74.11343,2334,74.9,74.7,74.9,66.3,63.0,0.000,0.000,0.00,0.000,2.7,5.8,1.2,176,30,3.3,6.4,1.3,176,32,2.7,5.8,1.2,176,30,437,27.74,,0,0,0,74.6,65.9,65.5,0.48,0.42,0.41
TANN,2017-08-21 15:30:00 EDT,42.17071,-74.11343,2334,74.5,74.5,74.5,62.0,60.6,0.000,0.000,0.00,0.000,2.9,6.9,1.6,202,35,3.4,8.7,1.8,203,37,2.9,6.9,1.6,202,35,265,27.74,,0,0,0,74.6,66.0,65.5,0.48,0.42,0.41
TANN,2017-08-21 15:35:00 EDT,42.17071,-74.11343,2334,74.3,74.4,74.3,65.6,62.1,0.000,0.000,0.00,0.000,2.5,5.7,1.5,172,32,3.0,8.4,1.7,172,34,2.5,5.7,1.5,172,32,400,27.74,,0,0,0,74.6,66.0,65.5,0.48,0.42,0.41
TANN,2017-08-21 15:40:00 EDT,42.17071,-74.11343,2334,75.4,75.2,75.4,64.8,62.8,0.000,0.000,0.00,0.000,2.7,5.4,1.2,176,29,3.1,8.3,1.4,176,27,2.7,5.4,1.2,176,29,577,27.74,,0,0,0,74.6,66.0,65.5,0.48,0.42,0.41
TANN,2017-08-21 15:45:00 EDT,42.17071,-74.11343,2334,75.6,75.6,75.6,62.8,62.1,0.000,0.000,0.00,0.000,2.6,8.0,1.6,198,45,3.3,9.5,1.8,204,48,2.6,8.0,1.6,198,45,613,27.74,,0,0,0,74.7,66.0,65.5,0.48,0.42,0.41
TANN,2017-08-21 15:50:00 EDT,42.17071,-74.11343,2334,76.3,76.0,76.3,61.3,62.0,0.000,0.000,0.00,0.000,3.4,6.9,1.4,206,38,4.0,8.7,1.8,208,35,3.4,6.9,1.4,206,38,707,27.74,,0,0,0,74.7,66.0,65.5,0.48,0.42,0.41
TANN,2017-08-21 15:55:00 EDT,42.17071,-74.11343,2334,76.6,76.1,76.6,60.3,61.8,0.000,0.000,0.00,0.000,3.5,6.5,1.7,188,41,4.3,8.5,1.9,193,43,3.5,6.5,1.7,188,41,673,27.74,,0,0,0,74.7,66.0,65.5,0.48,0.42,0.41
TANN,2017-08-21 16:00:00 EDT,42.17071,-74.11343,2334,76.3,75.8,76.3,60.6,61.7,0.000,0.000,0.00,0.000,3.3,7.0,1.4,235,28,3.8,8.4,1.5,236,25,3.3,7.0,1.4,235,28,646,27.74,,0,0,0,74.7,66.0,65.5,0.48,0.42,0.41
TANN,2017-08-21 16:05:00 EDT,42.17071,-74.11343,2334,77.0,76.2,77.0,62.6,63.3,0.000,0.000,0.00,0.000,1.9,5.1,1.5,207,40,2.7,7.1,1.7,214,43,1.9,5.1,1.5,207,40,602,27.74,,0,0,0,74.7,66.0,65.5,0.48,0.42,0.41
TANN,2017-08-21 16:10:00 EDT,42.17071,-74.11343,2334,76.6,76.2,76.6,62.2,62.7,0.000,0.000,0.00,0.000,2.0,8.5,1.6,206,42,2.7,9.6,1.6,214,45,2.0,8.5,1.6,206,42,567,27.74,,0,0,0,74.7,66.0,65.5,0.48,0.42,0.41
TANN,2017-08-21 16:15:00 EDT,42.17071,-74.11343,2334,76.6,76.7,76.6,65.9,64.4,0.000,0.000,0.00,0.000,1.7,5.3,1.3,271,46,2.3,6.7,1.3,263,57,1.7,5.3,1.3,271,46,645,27.74,,0,0,0,74.7,66.0,65.5,0.48,0.42,0.41
TANN,2017-08-21 16:20:00 EDT,42.17071,-74.11343,2334,76.9,76.4,76.9,63.8,63.6,0.000,0.000,0.00,0.000,2.5,7.0,1.8,268,47,3.4,8.3,1.9,274,50,2.5,7.0,1.8,268,47,612,27.74,,0,0,0,74.7,66.0,65.5,0.48,0.42,0.41
TANN,2017-08-21 16:25:00 EDT,42.17071,-74.11343,2334,77.0,76.5,77.0,62.1,63.0,0.000,0.000,0.00,0.000,3.8,10.3,2.0,225,33,4.4,12.4,2.2,225,34,3.8,10.3,2.0,225,33,630,27.74,,0,0,0,74.8,66.0,65.5,0.48,0.42,0.41
TANN,2017-08-21 16:30:00 EDT,42.17071,-74.11343,2334,76.5,76.0,76.5,60.6,61.8,0.000,0.000,0.00,0.000,2.4,12.2,2.3,253,57,3.0,11.6,2.1,268,56,2.4,12.2,2.3,253,57,629,27.74,,0,0,0,75.0,66.0,65.5,0.48,0.42,0.41
TANN,2017-08-21 16:35:00 EDT,42.17071,-74.11343,2334,76.8,76.4,76.8,62.4,63.0,0.000,0.000,0.00,0.000,1.6,4.2,1.3,203,38,2.5,6.0,1.3,204,45,1.6,4.2,1.3,203,38,614,27.73,,0,0,0,75.0,66.1,65.5,0.48,0.42,0.41
TANN,2017-08-21 16:40:00 EDT,42.17071,-74.11343,2334,76.9,76.4,76.9,62.5,63.2,0.000,0.000,0.00,0.000,1.9,5.0,1.6,234,30,2.7,6.9,1.5,237,41,1.9,5.0,1.6,234,30,550,27.73,,0,0,0,75.0,66.2,65.5,0.48,0.42,0.41
TANN,2017-08-21 16:45:00 EDT,42.17071,-74.11343,2334,76.6,76.3,76.6,61.8,62.5,0.000,0.000,0.00,0.000,2.7,8.1,1.7,258,39,3.2,7.8,1.6,252,37,2.7,8.1,1.7,258,39,558,27.73,,0,0,0,75.0,66.4,65.5,0.48,0.42,0.41
TANN,2017-08-21 16:50:00 EDT,42.17071,-74.11343,2334,76.5,76.3,76.5,62.3,62.6,0.000,0.000,0.00,0.000,2.5,7.1,1.6,265,44,3.2,7.8,1.8,277,52,2.5,7.1,1.6,265,44,473,27.73,,0,0,0,75.0,66.4,65.5,0.48,0.42,0.41
TANN,2017-08-21 16:55:00 EDT,42.17071,-74.11343,2334,76.0,75.9,76.0,61.6,61.8,0.000,0.000,0.00,0.000,2.6,6.6,1.6,291,50,3.3,7.8,1.7,291,48,2.6,6.6,1.6,291,50,459,27.73,,0,0,0,75.0,66.4,65.5,0.48,0.42,0.41
TANN,2017-08-21 17:00:00 EDT,42.17071,-74.11343,2334,75.8,75.8,75.8,61.8,61.8,0.000,0.000,0.00,0.000,1.1,4.3,1.1,320,38,1.8,5.6,1.2,321,51,1.1,4.3,1.1,320,38,441,27.73,,0,0,0,75.0,66.4,65.5,0.48,0.42,0.41
TANN,2017-08-21 17:05:00 EDT,42.17071,-74.11343,2334,76.0,75.9,76.0,62.6,62.3,0.000,0.000,0.00,0.000,2.2,5.4,1.4,238,38,2.7,7.8,1.5,244,44,2.2,5.4,1.4,238,38,410,27.73,,0,0,0,75.0,66.4,65.5,0.48,0.42,0.41
TANN,2017-08-21 17:10:00 EDT,42.17071,-74.11343,2334,75.7,75.8,75.7,63.4,62.4,0.000,0.000,0.00,0.000,2.4,5.2,1.2,243,41,3.1,7.2,1.5,251,41,2.4,5.2,1.2,243,41,392,27.73,,0,0,0,75.0,66.4,65.5,0.48,0.42,0.41
TANN,2017-08-21 17:15:00 EDT,42.17071,-74.11343,2334,75.6,75.7,75.6,63.3,62.3,0.000,0.000,0.00,0.000,2.8,7.7,1.6,217,33,3.3,10.7,1.9,218,33,2.8,7.7,1.6,217,33,362,27.73,,0,0,0,74.8,66.4,65.5,0.48,0.42,0.41
TANN,2017-08-21 17:20:00 EDT,42.17071,-74.11343,2334,75.3,75.7,75.3,65.2,62.8,0.000,0.000,0.00,0.000,3.3,9.8,2.0,213,42,4.2,10.9,2.1,216,41,3.3,9.8,2.0,213,42,391,27.73,,0,0,0,74.7,66.4,65.5,0.48,0.42,0.41
TANN,2017-08-21 17:25:00 EDT,42.17071,-74.11343,2334,75.6,75.6,75.6,63.9,62.6,0.000,0.000,0.00,0.000,2.0,5.5,1.4,204,40,2.9,7.2,1.6,209,42,2.0,5.5,1.4,204,40,379,27.73,,0,0,0,74.7,66.4,65.5,0.48,0.42,0.41
TANN,2017-08-21 17:30:00 EDT,42.17071,-74.11343,2334,75.7,75.7,75.7,65.8,63.5,0.000,0.000,0.00,0.000,3.1,6.1,1.1,182,39,3.8,11.6,1.5,181,36,3.1,6.1,1.1,182,39,333,27.73,,0,0,0,74.7,66.4,65.5,0.48,0.42,0.41
TANN,2017-08-21 17:35:00 EDT,42.17071,-74.11343,2334,74.7,74.9,74.7,67.8,63.3,0.000,0.000,0.00,0.000,2.5,7.2,1.3,202,38,3.1,9.7,1.5,206,37,2.5,7.2,1.3,202,38,115,27.73,,0,0,0,74.7,66.4,65.5,0.48,0.42,0.41
TANN,2017-08-21 17:40:00 EDT,42.17071,-74.11343,2334,74.2,74.7,74.2,69.1,63.5,0.000,0.000,0.00,0.000,1.7,5.8,1.2,205,36,2.6,7.8,1.4,198,41,1.7,5.8,1.2,205,36,163,27.73,,0,0,0,74.7,66.4,65.5,0.48,0.42,0.41
TANN,2017-08-21 17:45:00 EDT,42.17071,-74.11343,2334,74.4,74.8,74.4,71.1,64.4,0.000,0.000,0.00,0.000,2.2,5.3,0.8,194,26,2.7,5.8,1.0,196,26,2.2,5.3,0.8,194,26,268,27.73,,0,0,0,74.7,66.4,65.5,0.48,0.42,0.41
TANN,2017-08-21 17:50:00 EDT,42.17071,-74.11343,2334,74.8,75.1,74.8,70.4,64.5,0.000,0.000,0.00,0.000,1.8,5.9,1.4,224,37,2.5,6.4,1.3,225,36,1.8,5.9,1.4,224,37,253,27.73,,0,0,0,74.6,66.4,65.5,0.48,0.42,0.41
TANN,2017-08-21 17:55:00 EDT,42.17071,-74.11343,2334,74.7,75.2,74.7,68.1,63.5,0.000,0.000,0.00,0.000,3.7,10.4,2.2,201,35,4.7,14.1,2.7,199,34,3.7,10.4,2.2,201,35,117,27.73,,0,0,0,74.3,66.4,65.5,0.48,0.42,0.41
TANN,2017-08-21 18:00:00 EDT,42.17071,-74.11343,2334,74.5,75.0,74.5,68.3,63.3,0.000,0.000,0.00,0.000,2.7,7.5,1.8,211,40,3.5,8.7,1.7,207,52,2.7,7.5,1.8,211,40,71,27.72,,0,0,0,74.3,66.4,65.5,0.48,0.42,0.41
TANN,2017-08-21 18:05:00 EDT,42.17071,-74.11343,2334,74.1,74.6,74.1,70.0,63.7,0.000,0.000,0.00,0.000,2.0,5.8,1.6,217,33,2.6,7.4,1.7,218,39,2.0,5.8,1.6,217,33,73,27.72,,0,0,0,74.3,66.5,65.5,0.48,0.42,0.41
TANN,2017-08-21 18:10:00 EDT,42.17071,-74.11343,2334,74.0,74.5,74.0,69.8,63.5,0.000,0.000,0.00,0.000,2.6,7.3,1.3,220,30,3.1,8.4,1.3,224,30,2.6,7.3,1.3,220,30,64,27.72,,0,0,0,74.3,66.5,65.5,0.48,0.42,0.41
TANN,2017-08-21 18:15:00 EDT,42.17071,-74.11343,2334,73.9,74.4,73.9,70.8,63.8,0.000,0.000,0.00,0.000,1.9,3.8,0.9,204,32,2.4,5.6,1.0,196,35,1.9,3.8,0.9,204,32,62,27.72,,0,0,0,74.3,66.7,65.5,0.48,0.42,0.41
TANN,2017-08-21 18:20:00 EDT,42.17071,-74.11343,2334,73.7,74.4,73.7,72.2,64.2,0.000,0.000,0.00,0.000,2.1,4.7,1.2,171,31,2.8,5.8,1.3,168,31,2.1,4.7,1.2,171,31,56,27.72,,0,0,0,74.2,66.7,65.5,0.48,0.42,0.41
TANN,2017-08-21 18:25:00 EDT,42.17071,-74.11343,2334,73.5,74.0,73.5,71.8,63.9,0.000,0.000,0.00,0.000,1.4,4.7,1.2,202,30,2.0,5.3,1.2,206,33,1.4,4.7,1.2,202,30,52,27.71,,0,0,0,74.0,66.7,65.5,0.48,0.42,0.41
TANN,2017-08-21 18:30:00 EDT,42.17071,-74.11343,2334,73.1,73.6,73.1,73.9,64.3,0.000,0.000,0.00,0.000,2.7,5.8,1.2,183,26,3.2,6.5,1.3,189,29,2.7,5.8,1.2,183,26,53,27.71,,0,0,0,73.9,66.7,65.5,0.48,0.42,0.41
TANN,2017-08-21 18:35:00 EDT,42.17071,-74.11343,2334,72.7,73.3,72.7,75.3,64.5,0.000,0.000,0.00,0.000,3.2,7.5,1.3,181,35,4.1,9.2,1.6,182,34,3.2,7.5,1.3,181,35,51,27.72,,0,0,0,73.9,66.7,65.5,0.48,0.42,0.41
TANN,2017-08-21 18:40:00 EDT,42.17071,-74.11343,2334,72.4,73.0,72.4,76.2,64.5,0.000,0.000,0.00,0.000,2.5,5.5,1.4,182,28,3.4,7.6,1.5,188,32,2.5,5.5,1.4,182,28,44,27.72,,0,0,0,73.9,66.7,65.5,0.48,0.42,0.41
TANN,2017-08-21 18:45:00 EDT,42.17071,-74.11343,2334,72.0,72.7,72.0,77.2,64.4,0.000,0.000,0.00,0.000,2.8,7.1,1.8,192,27,3.5,7.6,1.8,199,35,2.8,7.1,1.8,192,27,45,27.72,,0,0,0,73.9,66.7,65.5,0.48,0.42,0.41
TANN,2017-08-21 18:50:00 EDT,42.17071,-74.11343,2334,71.7,72.4,71.7,78.3,64.5,0.000,0.000,0.00,0.000,2.3,5.8,1.5,221,37,3.0,7.5,1.7,228,38,2.3,5.8,1.5,221,37,45,27.72,,0,0,0,73.9,66.7,65.5,0.48,0.42,0.41
TANN,2017-08-21 18:55:00 EDT,42.17071,-74.11343,2334,71.6,72.3,71.6,78.9,64.7,0.000,0.000,0.00,0.000,2.7,9.8,2.1,191,24,3.4,12.6,2.4,194,25,2.7,9.8,2.1,191,24,37,27.72,,0,0,0,73.4,66.7,65.5,0.48,0.42,0.41
TANN,2017-08-21 19:00:00 EDT,42.17071,-74.11343,2334,71.2,72.0,71.2,79.9,64.7,0.000,0.000,0.00,0.000,1.9,4.4,1.1,226,41,2.6,5.3,1.2,230,41,1.9,4.4,1.1,226,41,23,27.71,,0,0,0,73.4,66.7,65.5,0.48,0.42,0.41
TANN,2017-08-21 19:05:00 EDT,42.17071,-74.11343,2334,70.9,71.5,70.9,80.4,64.6,0.000,0.000,0.00,0.000,1.3,5.9,1.7,210,27,1.9,7.0,1.9,222,48,1.3,5.9,1.7,210,27,15,27.71,,0,0,0,73.4,66.7,65.5,0.48,0.42,0.41
TANN,2017-08-21 19:10:00 EDT,42.17071,-74.11343,2334,70.7,71.2,70.7,82.1,64.9,0.000,0.000,0.00,0.000,1.5,4.1,1.1,174,29,2.0,5.6,1.2,170,39,1.5,4.1,1.1,174,29,17,27.71,,0,0,0,73.4,66.7,65.5,0.48,0.42,0.41
TANN,2017-08-21 19:15:00 EDT,42.17071,-74.11343,2334,70.4,71.2,70.4,83.4,65.2,0.000,0.000,0.00,0.000,0.9,4.2,0.9,159,33,1.5,5.4,1.0,157,42,0.9,4.2,0.9,159,33,20,27.71,,0,0,0,73.3,66.7,65.5,0.48,0.42,0.41
TANN,2017-08-21 19:20:00 EDT,42.17071,-74.11343,2334,70.2,71.2,70.2,84.1,65.1,0.000,0.000,0.00,0.000,0.3,2.0,0.5,135,25,1.0,2.2,0.5,149,47,0.3,2.0,0.5,135,25,15,27.71,,0,0,0,73.1,66.7,65.5,0.48,0.42,0.41
TANN,2017-08-21 19:25:00 EDT,42.17071,-74.11343,2334,70.2,70.9,70.2,84.1,65.2,0.000,0.000,0.00,0.000,0.9,3.2,0.8,188,27,1.6,4.5,0.9,176,35,0.9,3.2,0.8,188,27,9,27.71,,0,0,0,73.0,66.7,65.5,0.48,0.42,0.41
TANN,2017-08-21 19:30:00 EDT,42.17071,-74.11343,2334,69.8,70.5,69.8,84.8,65.0,0.000,0.000,0.00,0.000,1.3,4.0,0.9,130,52,1.9,5.3,1.0,133,50,1.3,4.0,0.9,130,52,6,27.72,,0,0,0,73.0,66.8,65.5,0.48,0.42,0.41
TANN,2017-08-21 19:35:00 EDT,42.17071,-74.11343,2334,69.3,70.4,69.3,86.2,65.0,0.000,0.000,0.00,0.000,0.8,2.1,0.6,61,37,1.4,2.7,0.5,66,48,0.8,2.1,0.6,61,37,5,27.72,,0,0,0,73.0,66.8,65.5,0.48,0.42,0.41
TANN,2017-08-21 19:40:00 EDT,42.17071,-74.11343,2334,69.0,69.9,69.0,87.0,65.0,0.000,0.000,0.00,0.000,0.6,2.1,0.5,87,17,1.2,3.2,0.5,87,32,0.6,2.1,0.5,87,17,4,27.72,,0,0,0,73.0,66.8,65.5,0.48,0.42,0.41
TANN,2017-08-21 19:45:00 EDT,42.17071,-74.11343,2334,69.0,69.9,69.0,87.7,65.2,0.000,0.000,0.00,0.000,1.4,2.2,0.4,56,13,1.7,3.0,0.5,55,13,1.4,2.2,0.4,56,13,3,27.72,,0,0,0,72.7,67.0,65.5,0.48,0.42,0.41
TANN,2017-08-21 19:50:00 EDT,42.17071,-74.11343,2334,68.7,69.6,68.7,88.2,65.1,0.000,0.000,0.00,0.000,1.1,2.3,0.6,69,20,1.7,3.1,0.6,70,26,1.1,2.3,0.6,69,20,2,27.72,,0,0,0,72.7,67.1,65.5,0.48,0.42,0.41
TANN,2017-08-21 19:55:00 EDT,42.17071,-74.11343,2334,68.5,69.5,68.5,88.8,65.1,0.000,0.000,0.00,0.000,0.2,1.2,0.4,50,17,0.9,2.2,0.4,63,42,0.2,1.2,0.4,50,17,1,27.72,,0,0,0,72.7,67.1,65.5,0.48,0.42,0.41
TANN,2017-08-21 20:00:00 EDT,42.17071,-74.11343,2334,68.4,69.6,68.4,89.6,65.3,0.000,0.000,0.00,0.000,0.4,2.9,0.7,102,34,1.2,4.1,0.8,101,64,0.4,2.9,0.7,102,34,1,27.72,,0,0,0,72.7,67.1,65.5,0.48,0.42,0.41
TANN,2017-08-21 20:05:00 EDT,42.17071,-74.11343,2334,68.4,69.5,68.4,90.1,65.4,0.000,0.000,0.00,0.000,0.6,1.9,0.6,70,30,1.4,3.2,0.6,72,43,0.6,1.9,0.6,70,30,0,27.72,,0,0,0,72.6,67.1,65.5,0.48,0.42,0.41
TANN,2017-08-21 20:10:00 EDT,42.17071,-74.11343,2334,68.8,70.1,68.8,89.7,65.7,0.000,0.000,0.00,0.000,1.2,3.6,0.7,57,39,1.7,4.2,0.8,61,41,1.2,3.6,0.7,57,39,0,27.72,,0,0,0,72.3,67.1,65.5,0.48,0.42,0.41
TANN,2017-08-21 20:15:00 EDT,42.17071,-74.11343,2334,68.4,69.7,68.4,89.9,65.3,0.000,0.000,0.00,0.000,0.4,1.7,0.6,80,13,1.1,2.3,0.5,82,26,0.4,1.7,0.6,80,13,0,27.72,,0,0,0,72.3,67.1,65.5,0.48,0.42,0.41
TANN,2017-08-21 20:20:00 EDT,42.17071,-74.11343,2334,68.2,69.6,68.2,90.2,65.2,0.000,0.000,0.00,0.000,1.8,3.4,0.9,62,22,2.1,4.1,0.8,63,22,1.8,3.4,0.9,62,22,0,27.71,,0,0,0,72.3,67.1,65.5,0.48,0.42,0.41
TANN,2017-08-21 20:25:00 EDT,42.17071,-74.11343,2334,68.0,69.9,68.0,90.4,65.1,0.000,0.000,0.00,0.000,1.2,3.4,1.0,15,13,1.7,4.3,1.1,12,30,1.2,3.4,1.0,15,13,0,27.71,,0,0,0,72.3,67.1,65.5,0.48,0.42,0.41
TANN,2017-08-21 20:30:00 EDT,42.17071,-74.11343,2334,67.8,69.1,67.8,90.6,65.0,0.000,0.000,0.00,0.000,1.6,3.3,0.7,32,31,2.1,3.2,0.6,30,32,1.6,3.3,0.7,32,31,0,27.71,,0,0,0,72.3,67.1,65.5,0.48,0.42,0.41
TANN,2017-08-21 20:35:00 EDT,42.17071,-74.11343,2334,68.1,69.8,68.1,90.0,65.0,0.000,0.000,0.00,0.000,1.4,3.5,1.0,349,28,1.9,4.0,1.0,346,37,1.4,3.5,1.0,349,28,0,27.71,,0,0,0,71.8,67.1,65.5,0.48,0.42,0.41
TANN,2017-08-21 20:40:00 EDT,42.17071,-74.11343,2334,67.8,68.9,67.8,89.5,64.6,0.000,0.000,0.00,0.000,1.3,2.6,0.7,56,15,1.6,2.7,0.5,57,16,1.3,2.6,0.7,56,15,0,27.71,,0,0,0,71.8,67.1,65.5,0.48,0.42,0.41
TANN,2017-08-21 20:45:00 EDT,42.17071,-74.11343,2334,67.5,68.3,67.5,90.2,64.5,0.000,0.000,0.00,0.000,2.2,3.5,0.7,57,14,2.4,3.9,0.7,57,16,2.2,3.5,0.7,57,14,0,27.71,,0,0,0,71.8,67.1,65.5,0.48,0.42,0.41
TANN,2017-08-21 20:50:00 EDT,42.17071,-74.11343,2334,67.4,68.6,67.4,90.8,64.6,0.000,0.000,0.00,0.000,2.0,4.2,1.1,24,13,2.2,4.7,1.1,23,16,2.0,4.2,1.1,24,13,0,27.71,,0,0,0,71.8,67.1,65.5,0.48,0.42,0.41
TANN,2017-08-21 20:55:00 EDT,42.17071,-74.11343,2334,68.0,69.4,68.0,90.1,65.0,0.000,0.000,0.00,0.000,2.3,3.7,0.6,39,10,2.3,4.1,0.6,39,11,2.3,3.7,0.6,39,10,0,27.71,,0,0,0,71.7,67.1,65.5,0.48,0.42,0.41
TANN,2017-08-21 21:00:00 EDT,42.17071,-74.11343,2334,67.6,69.0,67.6,90.4,64.6,0.000,0.000,0.00,0.000,2.0,4.5,0.9,15,20,2.4,5.9,1.0,12,18,2.0,4.5,0.9,15,20,0,27.71,,0,0,0,71.4,67.1,65.5,0.48,0.42,0.41
TANN,2017-08-21 21:05:00 EDT,42.17071,-74.11343,2334,67.4,69.4,67.4,90.6,64.5,0.000,0.000,0.00,0.000,1.9,3.4,0.6,64,27,2.2,4.1,0.7,66,27,1.9,3.4,0.6,64,27,0,27.72,,0,0,0,71.4,67.1,65.5,0.48,0.42,0.41
TANN,2017-08-21 21:10:00 EDT,42.17071,-74.11343,2334,67.5,68.7,67.5,90.7,64.7,0.000,0.000,0.00,0.000,1.9,3.2,0.8,49,13,2.1,3.0,0.6,49,16,1.9,3.2,0.8,49,13,0,27.71,,0,0,0,71.4,67.1,65.5,0.48,0.42,0.41
TANN,2017-08-21 21:15:00 EDT,42.17071,-74.11343,2334,67.4,68.6,67.4,91.0,64.6,0.000,0.000,0.00,0.000,1.6,2.9,0.5,34,24,1.9,2.9,0.4,29,24,1.6,2.9,0.5,34,24,0,27.71,,0,0,0,71.4,67.1,65.5,0.48,0.42,0.41
TANN,2017-08-21 21:20:00 EDT,42.17071,-74.11343,2334,67.5,68.6,67.5,91.3,64.9,0.000,0.000,0.00,0.000,2.1,3.4,0.6,52,8,2.2,3.3,0.5,51,8,2.1,3.4,0.6,52,8,0,27.71,,0,0,0,71.4,67.1,65.5,0.48,0.42,0.41
TANN,2017-08-21 21:25:00 EDT,42.17071,-74.11343,2334,67.5,69.2,67.5,91.2,64.9,0.000,0.000,0.00,0.000,1.9,2.8,0.5,43,28,2.1,4.2,0.5,44,31,1.9,2.8,0.5,43,28,0,27.71,,0,0,0,71.3,67.1,65.5,0.48,0.42,0.41
TANN,2017-08-21 21:30:00 EDT,42.17071,-74.11343,2334,67.4,68.6,67.4,91.3,64.8,0.000,0.000,0.00,0.000,1.8,2.9,0.4,67,22,2.1,3.6,0.4,68,21,1.8,2.9,0.4,67,22,0,27.71,,0,0,0,71.1,67.1,65.5,0.48,0.41,0.41
TANN,2017-08-21 21:35:00 EDT,42.17071,-74.11343,2334,67.4,68.6,67.4,91.6,64.9,0.000,0.000,0.00,0.000,1.7,2.5,0.4,67,17,2.1,3.1,0.5,68,18,1.7,2.5,0.4,67,17,0,27.72,,0,0,0,71.1,67.1,65.5,0.48,0.41,0.41
TANN,2017-08-21 21:40:00 EDT,42.17071,-74.11343,2334,67.3,68.6,67.3,92.1,64.9,0.000,0.000,0.00,0.000,1.0,2.6,0.8,58,13,1.5,2.9,0.7,58,35,1.0,2.6,0.8,58,13,0,27.71,,0,0,0,71.1,67.1,65.5,0.48,0.41,0.41
TANN,2017-08-21 21:45:00 EDT,42.17071,-74.11343,2334,67.3,69.0,67.3,92.6,65.1,0.000,0.000,0.00,0.000,0.8,1.9,0.6,42,15,1.3,2.6,0.5,49,27,0.8,1.9,0.6,42,15,0,27.72,,0,0,0,71.1,67.1,65.6,0.48,0.42,0.41
TANN,2017-08-21 21:50:00 EDT,42.17071,-74.11343,2334,67.5,69.1,67.5,92.7,65.3,0.000,0.000,0.00,0.000,0.8,1.8,0.5,60,19,1.3,2.0,0.4,66,24,0.8,1.8,0.5,60,19,0,27.72,,0,0,0,71.0,67.1,65.5,0.48,0.41,0.41
TANN,2017-08-21 21:55:00 EDT,42.17071,-74.11343,2334,67.4,68.9,67.4,92.6,65.2,0.000,0.000,0.00,0.000,0.4,1.5,0.5,35,25,1.1,2.1,0.5,54,55,0.4,1.5,0.5,35,25,0,27.72,,0,0,0,70.9,67.1,65.6,0.48,0.41,0.41
TANN,2017-08-21 22:00:00 EDT,42.17071,-74.11343,2334,67.8,69.8,67.8,93.1,65.8,0.000,0.000,0.00,0.000,0.6,3.1,0.7,118,33,1.4,4.9,0.8,108,52,0.6,3.1,0.7,118,33,0,27.72,,0,0,0,70.7,67.1,65.6,0.48,0.41,0.41
TANN,2017-08-21 22:05:00 EDT,42.17071,-74.11343,2334,68.1,70.1,68.1,92.5,65.8,0.000,0.000,0.00,0.000,0.6,2.9,0.6,95,50,1.3,5.7,0.8,71,67,0.6,2.9,0.6,95,50,0,27.72,,0,0,0,70.7,67.1,65.7,0.48,0.41,0.41
TANN,2017-08-21 22:10:00 EDT,42.17071,-74.11343,2334,67.7,69.4,67.7,91.8,65.2,0.000,0.000,0.00,0.000,0.2,1.3,0.4,152,34,1.0,2.3,0.4,122,53,0.2,1.3,0.4,152,34,0,27.72,,0,0,0,70.7,67.1,65.6,0.48,0.41,0.41
TANN,2017-08-21 22:15:00 EDT,42.17071,-74.11343,2334,67.8,68.9,67.8,93.0,65.7,0.000,0.000,0.00,0.000,1.2,3.4,0.7,90,31,1.8,4.3,0.7,91,32,1.2,3.4,0.7,90,31,0,27.72,,0,0,0,70.7,67.1,65.7,0.48,0.41,0.41
TANN,2017-08-21 22:20:00 EDT,42.17071,-74.11343,2334,67.8,69.5,67.8,93.2,65.7,0.000,0.000,0.00,0.000,0.6,3.3,0.6,103,29,1.3,4.0,0.6,101,35,0.6,3.3,0.6,103,29,0,27.72,,0,0,0,70.7,67.1,65.8,0.48,0.42,0.41
TANN,2017-08-21 22:25:00 EDT,42.17071,-74.11343,2334,67.9,69.5,67.9,93.4,66.0,0.000,0.000,0.00,0.000,0.8,2.0,0.6,58,12,1.4,2.2,0.4,57,18,0.8,2.0,0.6,58,12,0,27.72,,0,0,0,70.7,67.1,65.8,0.48,0.41,0.41
TANN,2017-08-21 22:30:00 EDT,42.17071,-74.11343,2334,67.7,68.6,67.7,93.5,65.8,0.000,0.000,0.00,0.000,1.4,2.1,0.4,33,14,1.6,2.3,0.4,35,15,1.4,2.1,0.4,33,14,0,27.71,,0,0,0,70.6,67.1,65.8,0.48,0.41,0.41
TANN,2017-08-21 22:35:00 EDT,42.17071,-74.11343,2334,67.7,68.8,67.7,93.9,65.9,0.000,0.000,0.00,0.000,1.4,2.5,0.5,56,14,1.6,2.5,0.3,59,15,1.4,2.5,0.5,56,14,0,27.71,,0,0,0,70.4,67.1,65.8,0.48,0.41,0.41
TANN,2017-08-21 22:40:00 EDT,42.17071,-74.11343,2334,67.7,70.1,67.7,93.5,65.8,0.000,0.000,0.00,0.000,1.8,5.6,1.1,106,36,2.2,6.2,0.9,110,38,1.8,5.6,1.1,106,36,0,27.71,,0,0,0,70.3,67.1,65.8,0.48,0.41,0.41
TANN,2017-08-21 22:45:00 EDT,42.17071,-74.11343,2334,68.1,69.4,68.1,93.6,66.2,0.000,0.000,0.00,0.000,1.4,3.7,1.0,97,73,1.7,5.9,1.1,164,76,1.4,3.7,1.0,97,73,0,27.71,,0,0,0,70.3,67.1,65.8,0.48,0.41,0.41
TANN,2017-08-21 22:50:00 EDT,42.17071,-74.11343,2334,68.3,70.5,68.3,91.6,65.8,0.000,0.000,0.00,0.000,1.2,2.8,0.8,20,21,1.7,3.2,0.6,16,26,1.2,2.8,0.8,20,21,0,27.71,,0,0,0,70.3,67.1,65.8,0.48,0.41,0.41
TANN,2017-08-21 22:55:00 EDT,42.17071,-74.11343,2334,67.9,69.6,67.9,92.5,65.6,0.000,0.000,0.00,0.000,1.2,2.4,0.6,32,13,1.5,2.8,0.6,27,15,1.2,2.4,0.6,32,13,0,27.71,,0,0,0,70.3,67.1,65.8,0.48,0.41,0.41
TANN,2017-08-21 23:00:00 EDT,42.17071,-74.11343,2334,67.7,69.2,67.7,92.9,65.5,0.000,0.000,0.00,0.000,0.9,3.2,1.1,40,20,1.4,3.3,0.8,26,36,0.9,3.2,1.1,40,20,0,27.71,,0,0,0,70.3,67.1,65.8,0.48,0.41,0.41
TANN,2017-08-21 23:05:00 EDT,42.17071,-74.11343,2334,68.0,70.0,68.0,91.7,65.5,0.000,0.000,0.00,0.000,0.5,2.2,0.8,41,16,1.2,3.1,0.6,52,48,0.5,2.2,0.8,41,16,0,27.71,,0,0,0,70.3,67.1,65.8,0.48,0.41,0.41
TANN,2017-08-21 23:10:00 EDT,42.17071,-74.11343,2334,67.5,69.3,67.5,92.4,65.2,0.000,0.000,0.00,0.000,0.9,2.6,0.9,54,31,1.3,3.2,0.8,57,52,0.9,2.6,0.9,54,31,0,27.71,,0,0,0,70.2,67.1,65.8,0.48,0.41,0.41
TANN,2017-08-21 23:15:00 EDT,42.17071,-74.11343,2334,67.4,69.9,67.4,92.8,65.3,0.000,0.000,0.00,0.000,1.3,4.4,0.9,200,59,1.9,5.3,1.0,173,69,1.3,4.4,0.9,200,59,0,27.71,,0,0,0,70.0,67.1,65.8,0.48,0.41,0.41
TANN,2017-08-21 23:20:00 EDT,42.17071,-74.11343,2334,68.9,70.6,68.9,88.2,65.3,0.000,0.000,0.00,0.000,1.4,4.5,1.1,152,44,1.9,4.8,1.1,151,53,1.4,4.5,1.1,152,44,0,27.71,,0,0,0,70.0,67.1,65.8,0.48,0.41,0.41
TANN,2017-08-21 23:25:00 EDT,42.17071,-74.11343,2334,67.3,68.7,67.3,91.2,64.6,0.000,0.000,0.00,0.000,1.8,2.8,0.8,46,15,1.9,3.4,0.7,44,15,1.8,2.8,0.8,46,15,0,27.71,,0,0,0,70.0,67.1,65.8,0.48,0.41,0.41
TANN,2017-08-21 23:30:00 EDT,42.17071,-74.11343,2334,67.3,68.6,67.3,92.4,65.0,0.000,0.000,0.00,0.000,1.8,4.0,0.8,350,23,2.2,5.1,1.0,353,26,1.8,4.0,0.8,350,23,0,27.71,,0,0,0,70.0,67.1,65.8,0.48,0.41,0.41
TANN,2017-08-21 23:35:00 EDT,42.17071,-74.11343,2334,67.5,69.4,67.5,91.6,65.0,0.000,0.000,0.00,0.000,1.3,2.6,0.7,33,23,1.9,3.4,0.6,29,30,1.3,2.6,0.7,33,23,0,27.71,,0,0,0,70.0,67.1,65.8,0.48,0.41,0.41
TANN,2017-08-21 23:40:00 EDT,42.17071,-74.11343,2334,68.0,69.8,68.0,90.5,65.2,0.000,0.000,0.00,0.000,0.6,2.6,0.7,343,34,1.4,3.5,0.8,344,42,0.6,2.6,0.7,343,34,0,27.71,,0,0,0,70.0,67.1,65.8,0.48,0.41,0.41
TANN,2017-08-21 23:45:00 EDT,42.17071,-74.11343,2334,67.2,68.8,67.2,91.0,64.5,0.000,0.000,0.00,0.000,0.7,1.5,0.4,28,26,1.1,3.0,0.4,35,31,0.7,1.5,0.4,28,26,0,27.71,,0,0,0,70.0,67.1,65.8,0.48,0.41,0.41
TANN,2017-08-21 23:50:00 EDT,42.17071,-74.11343,2334,66.7,68.5,66.7,92.4,64.5,0.000,0.000,0.00,0.000,0.8,1.9,0.5,9,29,1.3,2.8,0.5,13,31,0.8,1.9,0.5,9,29,0,27.70,,0,0,0,70.0,67.1,65.8,0.48,0.41,0.41
TANN,2017-08-21 23:55:00 EDT,42.17071,-74.11343,2334,67.0,69.6,67.0,92.2,64.6,0.000,0.000,0.00,0.000,0.7,3.4,0.6,257,32,1.3,3.3,0.6,270,54,0.7,3.4,0.6,257,32,0,27.70,,0,0,0,69.8,67.1,65.8,0.48,0.41,0.41
TICO,2017-08-21 00:00:00 EDT,43.87469,-73.41879,274,60.1,63.7,60.1,90.5,57.3,0.000,0.004,0.00,0.000,4.3,6.3,1.0,231,12,4.5,7.2,1.2,232,13,4.3,6.3,1.0,231,12,0,29.80,,0,0,0,66.7,66.4,64.3,0.30,0.49,0.47
TICO,2017-08-21 00:05:00 EDT,43.87469,-73.41879,274,59.5,62.7,59.5,90.8,56.8,0.000,0.000,0.00,0.000,3.8,6.4,1.4,229,17,3.9,6.9,1.5,230,17,3.8,6.4,1.4,229,17,0,29.80,,0,0,0,66.7,66.4,64.4,0.30,0.49,0.47
TICO,2017-08-21 00:10:00 EDT,43.87469,-73.41879,274,58.6,64.4,58.6,92.1,56.3,0.000,0.000,0.00,0.000,2.9,3.7,0.4,201,8,3.2,4.2,0.5,203,9,2.9,3.7,0.4,201,8,0,29.80,,0,0,0,66.7,66.4,64.3,0.30,0.49,0.47
TICO,2017-08-21 00:15:00 EDT,43.87469,-73.41879,274,58.6,62.6,58.6,93.7,56.8,0.000,0.000,0.00,0.000,3.5,4.1,0.3,210,13,3.6,4.3,0.4,212,12,3.5,4.1,0.3,210,13,0,29.81,,0,0,0,66.7,66.4,64.4,0.30,0.49,0.47
TICO,2017-08-21 00:20:00 EDT,43.87469,-73.41879,274,58.7,61.1,58.7,94.0,57.0,0.000,0.000,0.00,0.000,2.0,2.8,0.3,207,18,2.2,2.9,0.3,207,18,2.0,2.8,0.3,207,18,0,29.81,,0,0,0,66.7,66.4,64.4,0.31,0.49,0.47
TICO,2017-08-21 00:25:00 EDT,43.87469,-73.41879,274,58.6,61.8,58.6,94.5,57.0,0.000,0.000,0.00,0.000,2.8,3.2,0.3,175,8,3.2,3.8,0.3,174,10,2.8,3.2,0.3,175,8,0,29.81,,0,0,0,66.7,66.4,64.4,0.31,0.49,0.47
TICO,2017-08-21 00:30:00 EDT,43.87469,-73.41879,274,60.2,63.8,60.2,94.2,58.6,0.000,0.000,0.00,0.000,3.5,4.2,0.4,162,7,3.8,4.7,0.4,159,7,3.5,4.2,0.4,162,7,0,29.81,,0,0,0,66.5,66.4,64.4,0.31,0.49,0.47
TICO,2017-08-21 00:35:00 EDT,43.87469,-73.41879,274,63.3,65.8,63.3,89.1,60.0,0.000,0.000,0.00,0.000,3.0,3.9,0.4,195,16,3.2,4.0,0.3,197,17,3.0,3.9,0.4,195,16,0,29.81,,0,0,0,66.4,66.4,64.4,0.31,0.49,0.47
TICO,2017-08-21 00:40:00 EDT,43.87469,-73.41879,274,64.6,66.2,64.6,81.8,58.9,0.000,0.000,0.00,0.000,3.0,3.9,0.4,217,15,3.1,4.6,0.4,217,13,3.0,3.9,0.4,217,15,0,29.81,,0,0,0,66.4,66.4,64.4,0.30,0.49,0.47
TICO,2017-08-21 00:45:00 EDT,43.87469,-73.41879,274,61.3,65.8,61.3,84.3,56.5,0.000,0.000,0.00,0.000,4.1,6.8,1.1,214,4,4.2,6.8,1.1,216,4,4.1,6.8,1.1,214,4,0,29.81,,0,0,0,66.4,66.4,64.4,0.31,0.49,0.47
TICO,2017-08-21 00:50:00 EDT,43.87469,-73.41879,274,59.6,64.8,59.6,91.1,57.0,0.000,0.000,0.00,0.000,5.7,6.9,0.5,222,10,5.9,7.0,0.5,223,9,5.7,6.9,0.5,222,10,0,29.82,,0,0,0,66.4,66.4,64.4,0.30,0.49,0.47
TICO,2017-08-21 00:55:00 EDT,43.87469,-73.41879,274,59.1,63.8,59.1,91.7,56.7,0.000,0.000,0.00,0.000,4.4,6.6,1.7,220,18,4.7,7.1,1.7,218,20,4.4,6.6,1.7,220,18,0,29.82,,0,0,0,66.4,66.4,64.4,0.30,0.49,0.47
TICO,2017-08-21 01:00:00 EDT,43.87469,-73.41879,274,58.9,62.3,58.9,93.4,57.0,0.000,0.000,0.00,0.000,2.8,4.1,0.7,163,15,3.1,4.8,0.8,161,17,2.8,4.1,0.7,163,15,0,29.82,,0,0,0,66.4,66.4,64.4,0.30,0.49,0.47
TICO,2017-08-21 01:05:00 EDT,43.87469,-73.41879,274,59.3,63.2,59.3,92.3,57.1,0.000,0.000,0.00,0.000,3.3,4.7,0.6,193,7,3.6,5.3,0.7,194,6,3.3,4.7,0.6,193,7,0,29.82,,0,0,0,66.4,66.4,64.4,0.30,0.49,0.47
TICO,2017-08-21 01:10:00 EDT,43.87469,-73.41879,274,61.0,65.4,61.0,91.7,58.5,0.000,0.000,0.00,0.000,3.9,4.7,0.6,197,8,4.3,5.4,0.7,198,8,3.9,4.7,0.6,197,8,0,29.82,,0,0,0,66.4,66.4,64.4,0.30,0.49,0.47
TICO,2017-08-21 01:15:00 EDT,43.87469,-73.41879,274,60.9,65.7,60.9,87.4,57.1,0.000,0.000,0.00,0.000,3.9,4.5,0.3,165,14,4.3,5.1,0.4,164,16,3.9,4.5,0.3,165,14,0,29.82,,0,0,0,66.4,66.4,64.4,0.30,0.49,0.47
TICO,2017-08-21 01:20:00 EDT,43.87469,-73.41879,274,59.1,65.0,59.1,90.8,56.4,0.000,0.000,0.00,0.000,4.0,4.6,0.2,150,5,4.3,5.2,0.3,147,6,4.0,4.6,0.2,150,5,0,29.82,,0,0,0,66.3,66.4,64.4,0.30,0.49,0.47
TICO,2017-08-21 01:25:00 EDT,43.87469,-73.41879,274,58.5,65.3,58.5,93.2,56.6,0.000,0.000,0.00,0.000,5.0,5.6,0.4,152,3,5.1,5.9,0.5,149,3,5.0,5.6,0.4,152,3,0,29.82,,0,0,0,66.1,66.4,64.4,0.30,0.49,0.47
TICO,2017-08-21 01:30:00 EDT,43.87469,-73.41879,274,59.2,64.9,59.2,91.4,56.6,0.000,0.000,0.00,0.000,3.6,4.6,0.5,156,22,3.8,4.9,0.5,155,24,3.6,4.6,0.5,156,22,0,29.82,,0,0,0,66.1,66.4,64.4,0.30,0.49,0.47
TICO,2017-08-21 01:35:00 EDT,43.87469,-73.41879,274,61.4,64.6,61.4,89.3,58.2,0.000,0.000,0.00,0.000,3.0,4.5,0.7,183,31,3.4,5.4,0.8,183,32,3.0,4.5,0.7,183,31,0,29.82,,0,0,0,66.0,66.4,64.4,0.30,0.49,0.47
TICO,2017-08-21 01:40:00 EDT,43.87469,-73.41879,274,61.1,64.4,61.1,88.6,57.7,0.000,0.000,0.00,0.000,2.9,4.7,0.6,187,12,3.3,5.1,0.6,188,13,2.9,4.7,0.6,187,12,0,29.82,,0,0,0,66.0,66.4,64.4,0.30,0.49,0.47
TICO,2017-08-21 01:45:00 EDT,43.87469,-73.41879,274,60.3,63.7,60.3,89.9,57.3,0.000,0.000,0.00,0.000,3.6,4.5,0.4,187,29,3.9,5.2,0.5,187,31,3.6,4.5,0.4,187,29,0,29.82,,0,0,0,66.0,66.4,64.4,0.30,0.49,0.47
TICO,2017-08-21 01:50:00 EDT,43.87469,-73.41879,274,60.2,64.4,60.2,89.2,57.0,0.000,0.000,0.00,0.000,4.0,5.6,0.8,158,14,4.3,5.8,0.9,157,15,4.0,5.6,0.8,158,14,0,29.82,,0,0,0,66.0,66.4,64.4,0.30,0.49,0.47
TICO,2017-08-21 01:55:00 EDT,43.87469,-73.41879,274,60.5,64.3,60.5,91.2,57.9,0.000,0.000,0.00,0.000,4.0,5.0,0.4,168,23,4.3,5.5,0.6,167,25,4.0,5.0,0.4,168,23,0,29.82,,0,0,0,66.0,66.4,64.4,0.30,0.49,0.47
TICO,2017-08-21 02:00:00 EDT,43.87469,-73.41879,274,60.9,64.7,60.9,91.5,58.4,0.000,0.000,0.00,0.000,4.3,5.9,0.7,149,33,4.5,5.9,0.6,150,35,4.3,5.9,0.7,149,33,0,29.82,,0,0,0,66.0,66.4,64.4,0.30,0.49,0.47
TICO,2017-08-21 02:05:00 EDT,43.87469,-73.41879,274,61.0,64.5,61.0,90.7,58.3,0.000,0.000,0.00,0.000,4.0,5.9,1.0,137,30,4.3,6.4,1.0,137,32,4.0,5.9,1.0,137,30,0,29.82,,0,0,0,66.0,66.4,64.4,0.30,0.49,0.47
TICO,2017-08-21 02:10:00 EDT,43.87469,-73.41879,274,61.3,63.2,61.3,90.2,58.5,0.000,0.000,0.00,0.000,3.7,6.4,1.3,194,38,4.0,7.2,1.4,196,39,3.7,6.4,1.3,194,38,0,29.82,,0,0,0,66.0,66.4,64.4,0.30,0.49,0.47
TICO,2017-08-21 02:15:00 EDT,43.87469,-73.41879,274,57.8,61.7,57.8,90.3,54.9,0.000,0.000,0.00,0.000,3.8,5.0,0.7,226,18,4.1,5.3,0.9,227,18,3.8,5.0,0.7,226,18,0,29.82,,0,0,0,66.0,66.4,64.4,0.30,0.49,0.47
TICO,2017-08-21 02:20:00 EDT,43.87469,-73.41879,274,57.9,62.7,57.9,94.9,56.4,0.000,0.000,0.00,0.000,3.6,8.3,1.6,227,37,3.9,9.5,1.9,230,38,3.6,8.3,1.6,227,37,0,29.82,,0,0,0,66.0,66.4,64.4,0.30,0.49,0.47
TICO,2017-08-21 02:25:00 EDT,43.87469,-73.41879,274,58.8,63.1,58.8,95.4,57.5,0.000,0.000,0.00,0.000,2.3,4.4,1.0,223,39,2.7,5.3,1.0,227,40,2.3,4.4,1.0,223,39,0,29.82,,0,0,0,66.0,66.4,64.4,0.30,0.49,0.47
TICO,2017-08-21 02:30:00 EDT,43.87469,-73.41879,274,58.3,60.2,58.3,95.2,56.9,0.000,0.000,0.00,0.000,2.2,4.4,1.3,275,15,2.5,5.0,1.4,276,16,2.2,4.4,1.3,275,15,0,29.82,,0,0,0,66.0,66.4,64.4,0.30,0.49,0.47
TICO,2017-08-21 02:35:00 EDT,43.87469,-73.41879,274,58.5,61.3,58.5,95.8,57.3,0.000,0.000,0.00,0.000,4.7,7.1,0.7,253,18,5.1,7.7,0.7,255,19,4.7,7.1,0.7,253,18,0,29.82,,0,0,0,65.9,66.4,64.4,0.30,0.49,0.47
TICO,2017-08-21 02:40:00 EDT,43.87469,-73.41879,274,57.8,62.3,57.8,95.8,56.6,0.000,0.000,0.00,0.000,5.5,6.7,0.6,245,11,5.9,7.5,0.7,246,12,5.5,6.7,0.6,245,11,0,29.82,,0,0,0,65.9,66.4,64.4,0.30,0.49,0.47
TICO,2017-08-21 02:45:00 EDT,43.87469,-73.41879,274,57.2,60.1,57.2,95.5,55.9,0.000,0.000,0.00,0.000,5.0,6.9,1.2,202,57,5.5,7.8,1.2,200,59,5.0,6.9,1.2,202,57,0,29.82,,0,0,0,65.8,66.4,64.4,0.30,0.49,0.47
TICO,2017-08-21 02:50:00 EDT,43.87469,-73.41879,274,58.4,60.0,58.4,96.9,57.5,0.000,0.000,0.00,0.000,2.8,5.0,1.2,120,16,3.2,5.4,1.2,119,16,2.8,5.0,1.2,120,16,0,29.82,,0,0,0,65.8,66.4,64.4,0.30,0.49,0.47
TICO,2017-08-21 02:55:00 EDT,43.87469,-73.41879,274,59.5,61.7,59.5,95.1,58.1,0.000,0.000,0.00,0.000,4.2,5.5,0.5,154,24,4.5,6.0,0.6,154,24,4.2,5.5,0.5,154,24,0,29.83,,0,0,0,65.8,66.4,64.4,0.30,0.49,0.47
TICO,2017-08-21 03:00:00 EDT,43.87469,-73.41879,274,59.6,62.3,59.6,93.4,57.7,0.000,0.000,0.00,0.000,5.2,6.9,0.9,199,6,5.7,7.6,0.9,200,6,5.2,6.9,0.9,199,6,0,29.83,,0,0,0,65.8,66.4,64.4,0.30,0.49,0.47
TICO,2017-08-21 03:05:00 EDT,43.87469,-73.41879,274,60.1,63.0,60.1,92.2,57.8,0.000,0.000,0.00,0.000,3.5,5.6,0.8,199,9,3.8,6.0,1.0,200,9,3.5,5.6,0.8,199,9,0,29.83,,0,0,0,65.8,66.4,64.4,0.30,0.49,0.47
TICO,2017-08-21 03:10:00 EDT,43.87469,-73.41879,274,59.0,61.9,59.0,92.1,56.8,0.000,0.000,0.00,0.000,2.7,3.9,0.7,209,16,2.9,4.0,0.6,211,15,2.7,3.9,0.7,209,16,0,29.82,,0,0,0,65.8,66.4,64.4,0.30,0.49,0.47
TICO,2017-08-21 03:15:00 EDT,43.87469,-73.41879,274,58.0,61.9,58.0,93.5,56.1,0.000,0.000,0.00,0.000,3.6,4.7,0.5,207,16,3.9,5.0,0.5,208,16,3.6,4.7,0.5,207,16,0,29.83,,0,0,0,65.8,66.4,64.4,0.30,0.49,0.47
TICO,2017-08-21 03:20:00 EDT,43.87469,-73.41879,274,57.9,62.5,57.9,95.6,56.6,0.000,0.000,0.00,0.000,3.4,3.9,0.6,189,5,3.7,4.4,0.6,190,5,3.4,3.9,0.6,189,5,0,29.83,,0,0,0,65.8,66.4,64.4,0.30,0.49,0.47
TICO,2017-08-21 03:25:00 EDT,43.87469,-73.41879,274,57.9,62.1,57.9,96.2,56.9,0.000,0.000,0.00,0.000,4.1,5.6,0.9,135,14,4.4,6.1,0.9,133,13,4.1,5.6,0.9,135,14,0,29.82,,0,0,0,65.8,66.4,64.4,0.30,0.49,0.47
TICO,2017-08-21 03:30:00 EDT,43.87469,-73.41879,274,58.1,63.1,58.1,95.5,56.9,0.000,0.000,0.00,0.000,3.8,4.4,0.3,163,6,4.2,5.0,0.4,161,6,3.8,4.4,0.3,163,6,0,29.82,,0,0,0,65.8,66.4,64.4,0.30,0.49,0.47
TICO,2017-08-21 03:35:00 EDT,43.87469,-73.41879,274,61.0,63.7,61.0,96.5,60.0,0.000,0.000,0.00,0.000,3.8,4.8,0.4,177,5,4.2,5.3,0.4,177,6,3.8,4.8,0.4,177,5,0,29.82,,0,0,0,65.8,66.4,64.4,0.30,0.49,0.47
TICO,2017-08-21 03:40:00 EDT,43.87469,-73.41879,274,59.8,63.2,59.8,93.6,57.9,0.000,0.000,0.00,0.000,4.5,6.1,0.7,203,16,4.9,6.4,0.7,204,16,4.5,6.1,0.7,203,16,0,29.82,,0,0,0,65.8,66.4,64.4,0.30,0.49,0.47
TICO,2017-08-21 03:45:00 EDT,43.87469,-73.41879,274,58.3,62.9,58.3,94.1,56.6,0.000,0.000,0.00,0.000,5.9,6.6,0.3,192,3,6.3,7.0,0.3,193,3,5.9,6.6,0.3,192,3,0,29.82,,0,0,0,65.8,66.4,64.4,0.30,0.49,0.47
TICO,2017-08-21 03:50:00 EDT,43.87469,-73.41879,274,57.7,62.5,57.7,94.8,56.3,0.000,0.000,0.00,0.000,5.4,6.1,0.5,207,11,5.8,6.7,0.6,207,11,5.4,6.1,0.5,207,11,0,29.82,,0,0,0,65.8,66.4,64.4,0.29,0.49,0.47
TICO,2017-08-21 03:55:00 EDT,43.87469,-73.41879,274,57.3,62.4,57.3,95.8,56.1,0.000,0.000,0.00,0.000,7.1,8.0,0.6,209,4,7.4,8.4,0.7,210,4,7.1,8.0,0.6,209,4,0,29.83,,0,0,0,65.6,66.4,64.4,0.29,0.49,0.47
TICO,2017-08-21 04:00:00 EDT,43.87469,-73.41879,274,58.8,63.4,58.8,96.3,57.8,0.000,0.000,0.00,0.000,8.1,9.7,0.7,209,3,8.5,10.1,0.8,209,3,8.1,9.7,0.7,209,3,0,29.83,,0,0,0,65.5,66.4,64.4,0.30,0.49,0.47
TICO,2017-08-21 04:05:00 EDT,43.87469,-73.41879,274,59.2,63.4,59.2,94.2,57.5,0.000,0.000,0.00,0.000,7.4,8.4,0.4,191,5,7.8,8.9,0.4,192,5,7.4,8.4,0.4,191,5,0,29.83,,0,0,0,65.5,66.4,64.4,0.29,0.49,0.47
TICO,2017-08-21 04:10:00 EDT,43.87469,-73.41879,274,58.5,62.4,58.5,94.4,56.9,0.000,0.000,0.00,0.000,7.2,8.4,0.5,196,6,7.7,9.0,0.6,197,6,7.2,8.4,0.5,196,6,0,29.83,,0,0,0,65.5,66.4,64.4,0.29,0.49,0.47
TICO,2017-08-21 04:15:00 EDT,43.87469,-73.41879,274,59.5,63.8,59.5,94.9,58.0,0.000,0.000,0.00,0.000,5.4,6.9,0.7,190,9,5.9,7.5,0.7,190,9,5.4,6.9,0.7,190,9,0,29.83,,0,0,0,65.5,66.4,64.4,0.29,0.49,0.47
TICO,2017-08-21 04:20:00 EDT,43.87469,-73.41879,274,59.9,62.9,59.9,93.9,58.2,0.000,0.000,0.00,0.000,4.3,5.1,0.6,184,9,4.8,5.8,0.6,185,9,4.3,5.1,0.6,184,9,0,29.83,,0,0,0,65.5,66.4,64.4,0.29,0.49,0.47
TICO,2017-08-21 04:25:00 EDT,43.87469,-73.41879,274,60.2,63.5,60.2,93.2,58.2,0.000,0.000,0.00,0.000,5.0,5.7,0.3,158,4,5.5,6.4,0.3,156,3,5.0,5.7,0.3,158,4,0,29.83,,0,0,0,65.5,66.4,64.4,0.29,0.49,0.47
TICO,2017-08-21 04:30:00 EDT,43.87469,-73.41879,274,61.2,63.2,61.2,94.9,59.7,0.000,0.000,0.00,0.000,4.7,6.1,0.7,159,7,5.0,6.4,0.8,158,7,4.7,6.1,0.7,159,7,0,29.83,,0,0,0,65.5,66.4,64.4,0.29,0.49,0.47
TICO,2017-08-21 04:35:00 EDT,43.87469,-73.41879,274,59.8,62.3,59.8,93.5,58.0,0.000,0.000,0.00,0.000,5.2,6.6,0.8,166,6,5.5,7.1,0.9,165,6,5.2,6.6,0.8,166,6,0,29.83,,0,0,0,65.5,66.4,64.4,0.29,0.49,0.47
TICO,2017-08-21 04:40:00 EDT,43.87469,-73.41879,274,59.5,61.8,59.5,94.4,57.9,0.000,0.000,0.00,0.000,4.4,6.2,1.2,176,16,4.7,6.8,1.3,174,17,4.4,6.2,1.2,176,16,0,29.83,,0,0,0,65.5,66.4,64.4,0.29,0.49,0.47
TICO,2017-08-21 04:45:00 EDT,43.87469,-73.41879,274,60.1,61.3,60.1,94.7,58.5,0.000,0.000,0.00,0.000,2.8,4.2,0.6,175,10,3.0,4.4,0.8,175,12,2.8,4.2,0.6,175,10,0,29.83,,0,0,0,65.5,66.4,64.4,0.30,0.49,0.47
TICO,2017-08-21 04:50:00 EDT,43.87469,-73.41879,274,59.9,61.1,59.9,94.5,58.3,0.000,0.000,0.00,0.000,2.9,5.7,1.0,131,20,3.2,5.7,1.0,130,18,2.9,5.7,1.0,131,20,0,29.83,,0,0,0,65.5,66.4,64.4,0.30,0.49,0.47
TICO,2017-08-21 04:55:00 EDT,43.87469,-73.41879,274,60.2,61.7,60.2,94.4,58.6,0.000,0.000,0.00,0.000,4.5,6.8,0.8,145,9,4.8,7.1,0.8,143,9,4.5,6.8,0.8,145,9,0,29.83,,0,0,0,65.5,66.4,64.4,0.30,0.49,0.47
TICO,2017-08-21 05:00:00 EDT,43.87469,-73.41879,274,59.9,62.3,59.9,94.3,58.3,0.000,0.000,0.00,0.000,6.9,8.1,0.7,146,4,7.2,8.4,0.6,143,4,6.9,8.1,0.7,146,4,0,29.83,,0,0,0,65.5,66.3,64.4,0.30,0.49,0.47
TICO,2017-08-21 05:05:00 EDT,43.87469,-73.41879,274,60.3,62.4,60.3,95.2,58.9,0.000,0.000,0.00,0.000,7.4,8.7,0.5,145,5,7.7,8.8,0.6,142,5,7.4,8.7,0.5,145,5,0,29.83,,0,0,0,65.5,66.4,64.4,0.30,0.49,0.47
TICO,2017-08-21 05:10:00 EDT,43.87469,-73.41879,274,60.5,62.6,60.5,94.5,58.9,0.000,0.000,0.00,0.000,7.0,8.6,1.0,146,4,7.3,9.3,1.1,142,3,7.0,8.6,1.0,146,4,0,29.83,,0,0,0,65.5,66.3,64.4,0.30,0.49,0.47
TICO,2017-08-21 05:15:00 EDT,43.87469,-73.41879,274,60.1,62.0,60.1,93.3,58.1,0.000,0.000,0.00,0.000,4.0,7.0,1.7,160,22,4.2,7.4,1.7,159,25,4.0,7.0,1.7,160,22,0,29.83,,0,0,0,65.5,66.2,64.4,0.30,0.49,0.47
TICO,2017-08-21 05:20:00 EDT,43.87469,-73.41879,274,60.0,61.6,60.0,93.7,58.2,0.000,0.000,0.00,0.000,3.2,4.4,0.6,179,22,3.4,5.1,0.8,178,23,3.2,4.4,0.6,179,22,0,29.84,,0,0,0,65.5,66.2,64.4,0.30,0.49,0.47
TICO,2017-08-21 05:25:00 EDT,43.87469,-73.41879,274,59.8,61.7,59.8,93.3,57.9,0.000,0.000,0.00,0.000,2.2,3.4,0.5,176,14,2.4,4.0,0.7,177,16,2.2,3.4,0.5,176,14,0,29.84,,0,0,0,65.5,66.1,64.4,0.30,0.49,0.47
TICO,2017-08-21 05:30:00 EDT,43.87469,-73.41879,274,59.2,61.5,59.2,93.3,57.3,0.000,0.000,0.00,0.000,3.5,5.0,0.5,175,10,3.9,5.5,0.6,175,11,3.5,5.0,0.5,175,10,0,29.84,,0,0,0,65.5,66.1,64.4,0.30,0.49,0.47
TICO,2017-08-21 05:35:00 EDT,43.87469,-73.41879,274,59.3,61.0,59.3,95.1,57.8,0.000,0.000,0.00,0.000,2.6,3.9,0.6,184,13,2.8,4.1,0.7,186,14,2.6,3.9,0.6,184,13,0,29.84,,0,0,0,65.5,66.1,64.4,0.30,0.49,0.47
TICO,2017-08-21 05:40:00 EDT,43.87469,-73.41879,274,59.0,60.4,59.0,94.7,57.5,0.000,0.000,0.00,0.000,1.8,2.9,0.4,207,24,2.0,3.6,0.5,210,24,1.8,2.9,0.4,207,24,0,29.84,,0,0,0,65.5,66.0,64.4,0.30,0.49,0.47
TICO,2017-08-21 05:45:00 EDT,43.87469,-73.41879,274,58.9,60.3,58.9,95.1,57.5,0.000,0.000,0.00,0.000,2.3,3.4,0.5,170,24,2.5,3.5,0.5,169,29,2.3,3.4,0.5,170,24,1,29.84,,0,0,0,65.4,66.0,64.4,0.29,0.49,0.47
TICO,2017-08-21 05:50:00 EDT,43.87469,-73.41879,274,59.0,60.7,59.0,95.5,57.7,0.000,0.000,0.00,0.000,3.2,4.6,0.6,167,10,3.5,5.0,0.6,167,12,3.2,4.6,0.6,167,10,1,29.84,,0,0,0,65.2,66.0,64.4,0.30,0.49,0.47
TICO,2017-08-21 05:55:00 EDT,43.87469,-73.41879,274,58.3,61.2,58.3,95.2,57.0,0.000,0.000,0.00,0.000,4.4,5.6,0.7,163,13,4.9,5.9,0.7,163,13,4.4,5.6,0.7,163,13,1,29.84,,0,0,0,65.2,66.0,64.4,0.30,0.49,0.47
TICO,2017-08-21 06:00:00 EDT,43.87469,-73.41879,274,58.2,61.8,58.2,96.0,57.1,0.000,0.000,0.00,0.000,5.3,6.1,0.5,152,4,5.5,6.4,0.5,150,5,5.3,6.1,0.5,152,4,2,29.84,,0,0,0,65.1,66.0,64.4,0.30,0.49,0.47
TICO,2017-08-21 06:05:00 EDT,43.87469,-73.41879,274,58.0,61.8,58.0,96.8,57.1,0.000,0.000,0.00,0.000,4.8,5.6,0.5,174,8,5.2,6.1,0.5,173,9,4.8,5.6,0.5,174,8,3,29.84,,0,0,0,65.1,66.0,64.4,0.29,0.49,0.47
TICO,2017-08-21 06:10:00 EDT,43.87469,-73.41879,274,58.0,61.6,58.0,96.2,56.9,0.000,0.000,0.00,0.000,4.2,4.9,0.3,204,11,4.5,5.3,0.3,204,11,4.2,4.9,0.3,204,11,5,29.84,,0,0,0,65.1,66.0,64.4,0.29,0.49,0.47
TICO,2017-08-21 06:15:00 EDT,43.87469,-73.41879,274,56.7,60.5,56.7,95.7,55.5,0.000,0.000,0.00,0.000,3.9,4.7,0.6,204,9,4.2,5.2,0.6,205,9,3.9,4.7,0.6,204,9,8,29.84,,0,0,0,65.1,66.0,64.4,0.29,0.49,0.47
TICO,2017-08-21 06:20:00 EDT,43.87469,-73.41879,274,56.6,60.4,56.6,96.8,55.7,0.000,0.000,0.00,0.000,3.0,3.5,0.3,175,11,3.3,4.0,0.3,175,13,3.0,3.5,0.3,175,11,11,29.84,,0,0,0,65.1,66.0,64.4,0.30,0.49,0.47
TICO,2017-08-21 06:25:00 EDT,43.87469,-73.41879,274,58.4,61.6,58.4,97.6,57.7,0.000,0.000,0.00,0.000,3.1,3.7,0.3,139,6,3.1,4.0,0.4,136,5,3.1,3.7,0.3,139,6,14,29.84,,0,0,0,65.1,66.0,64.4,0.29,0.49,0.47
TICO,2017-08-21 06:30:00 EDT,43.87469,-73.41879,274,59.1,62.2,59.1,98.4,58.7,0.000,0.000,0.00,0.000,4.8,5.5,0.5,132,3,5.1,6.1,0.6,131,2,4.8,5.5,0.5,132,3,18,29.84,,0,0,0,65.1,66.0,64.4,0.29,0.49,0.47
TICO,2017-08-21 06:35:00 EDT,43.87469,-73.41879,274,60.0,62.4,60.0,97.0,59.1,0.000,0.000,0.00,0.000,5.5,6.5,0.4,137,5,5.8,6.8,0.4,134,4,5.5,6.5,0.4,137,5,22,29.84,,0,0,0,65.1,66.0,64.4,0.29,0.49,0.47
TICO,2017-08-21 06:40:00 EDT,43.87469,-73.41879,274,60.8,62.6,60.8,94.8,59.2,0.000,0.000,0.00,0.000,4.9,6.4,0.5,139,6,5.1,6.3,0.5,136,5,4.9,6.4,0.5,139,6,26,29.84,,0,0,0,65.1,66.0,64.4,0.29,0.49,0.47
TICO,2017-08-21 06:45:00 EDT,43.87469,-73.41879,274,60.8,62.5,60.8,93.7,59.0,0.000,0.000,0.00,0.000,4.2,4.9,0.4,133,5,4.5,5.5,0.5,131,4,4.2,4.9,0.4,133,5,30,29.84,,0,0,0,65.1,66.0,64.4,0.29,0.49,0.47
TICO,2017-08-21 06:50:00 EDT,43.87469,-73.41879,274,60.4,62.4,60.4,93.8,58.6,0.000,0.000,0.00,0.000,3.8,4.9,0.6,146,8,4.0,5.6,0.7,143,8,3.8,4.9,0.6,146,8,33,29.84,,0,0,0,65.1,66.0,64.4,0.29,0.49,0.47
TICO,2017-08-21 06:55:00 EDT,43.87469,-73.41879,274,60.2,62.4,60.2,94.4,58.6,0.000,0.000,0.00,0.000,3.0,4.3,0.8,168,12,3.2,4.7,0.8,167,14,3.0,4.3,0.8,168,12,36,29.84,,0,0,0,65.1,66.0,64.4,0.29,0.49,0.47
TICO,2017-08-21 07:00:00 EDT,43.87469,-73.41879,274,60.7,61.9,60.7,95.0,59.3,0.000,0.000,0.00,0.000,1.6,3.6,0.7,170,16,2.0,4.0,0.8,170,17,1.6,3.6,0.7,170,16,41,29.84,,0,0,0,65.1,66.0,64.4,0.29,0.49,0.47
TICO,2017-08-21 07:05:00 EDT,43.87469,-73.41879,274,60.7,62.0,60.7,94.9,59.2,0.000,0.000,0.00,0.000,2.8,4.6,1.3,169,9,3.3,5.3,1.3,168,11,2.8,4.6,1.3,169,9,50,29.84,,0,0,0,65.1,66.0,64.4,0.29,0.49,0.47
TICO,2017-08-21 07:10:00 EDT,43.87469,-73.41879,274,60.8,62.6,60.8,94.8,59.3,0.000,0.000,0.00,0.000,4.6,5.3,0.3,164,7,5.0,5.9,0.3,163,7,4.6,5.3,0.3,164,7,49,29.84,,0,0,0,65.1,66.0,64.4,0.30,0.49,0.47
TICO,2017-08-21 07:15:00 EDT,43.87469,-73.41879,274,61.1,63.0,61.1,95.2,59.7,0.000,0.000,0.00,0.000,4.4,5.6,0.4,151,9,4.9,6.3,0.4,149,10,4.4,5.6,0.4,151,9,61,29.84,,0,0,0,65.1,66.0,64.4,0.29,0.49,0.47
TICO,2017-08-21 07:20:00 EDT,43.87469,-73.41879,274,61.6,63.1,61.6,95.4,60.3,0.000,0.000,0.00,0.000,5.3,6.1,0.4,144,5,5.5,6.5,0.4,140,5,5.3,6.1,0.4,144,5,68,29.84,,0,0,0,65.1,66.0,64.4,0.29,0.49,0.47
TICO,2017-08-21 07:25:00 EDT,43.87469,-73.41879,274,62.1,63.3,62.1,94.9,60.6,0.000,0.000,0.00,0.000,4.7,6.1,0.6,149,10,5.0,6.4,0.6,146,10,4.7,6.1,0.6,149,10,53,29.84,,0,0,0,65.1,66.0,64.4,0.29,0.49,0.47
TICO,2017-08-21 07:30:00 EDT,43.87469,-73.41879,274,61.9,62.6,61.9,94.4,60.3,0.000,0.000,0.00,0.000,3.2,3.9,0.3,197,11,3.6,4.3,0.4,198,12,3.2,3.9,0.3,197,11,50,29.85,,0,0,0,65.1,66.0,64.4,0.29,0.49,0.47
TICO,2017-08-21 07:35:00 EDT,43.87469,-73.41879,274,61.7,62.3,61.7,94.9,60.2,0.000,0.000,0.00,0.000,2.1,3.0,0.5,186,5,2.4,3.3,0.5,189,8,2.1,3.0,0.5,186,5,77,29.85,,0,0,0,65.1,66.0,64.4,0.29,0.49,0.47
TICO,2017-08-21 07:40:00 EDT,43.87469,-73.41879,274,62.3,62.7,62.3,94.5,60.7,0.000,0.000,0.00,0.000,1.8,2.3,0.2,179,9,2.1,2.8,0.3,179,11,1.8,2.3,0.2,179,9,158,29.85,,0,0,0,65.1,66.0,64.4,0.29,0.49,0.47
TICO,2017-08-21 07:45:00 EDT,43.87469,-73.41879,274,63.1,63.3,63.1,93.4,61.2,0.000,0.000,0.00,0.000,2.4,3.2,0.3,162,14,2.7,3.5,0.3,159,16,2.4,3.2,0.3,162,14,193,29.85,,0,0,0,65.1,66.0,64.4,0.29,0.49,0.47
TICO,2017-08-21 07:50:00 EDT,43.87469,-73.41879,274,64.3,64.4,64.3,91.7,61.8,0.000,0.000,0.00,0.000,2.7,5.3,0.6,146,8,2.8,5.5,0.7,142,7,2.7,5.3,0.6,146,8,210,29.85,,0,0,0,65.1,66.0,64.4,0.29,0.49,0.47
TICO,2017-08-21 07:55:00 EDT,43.87469,-73.41879,274,65.1,65.2,65.1,89.6,61.9,0.000,0.000,0.00,0.000,5.9,8.2,1.0,149,8,6.1,9.1,1.1,146,8,5.9,8.2,1.0,149,8,221,29.85,,0,0,0,65.1,66.0,64.4,0.30,0.49,0.47
TICO,2017-08-21 08:00:00 EDT,43.87469,-73.41879,274,65.5,65.5,65.5,88.4,62.0,0.000,0.000,0.00,0.000,6.3,8.1,1.0,141,8,6.5,8.7,1.0,138,6,6.3,8.1,1.0,141,8,238,29.85,,0,0,0,65.2,66.0,64.4,0.30,0.49,0.47
TICO,2017-08-21 08:05:00 EDT,43.87469,-73.41879,274,65.6,65.5,65.6,88.0,61.9,0.000,0.000,0.00,0.000,7.6,8.8,0.8,136,6,8.0,9.7,1.0,134,4,7.6,8.8,0.8,136,6,255,29.85,,0,0,0,65.4,66.0,64.4,0.30,0.49,0.47
TICO,2017-08-21 08:10:00 EDT,43.87469,-73.41879,274,65.9,65.7,65.9,88.1,62.3,0.000,0.000,0.00,0.000,7.4,9.1,1.0,133,8,7.8,10.3,1.2,132,6,7.4,9.1,1.0,133,8,270,29.84,,0,0,0,65.4,66.0,64.4,0.30,0.49,0.47
TICO,2017-08-21 08:15:00 EDT,43.87469,-73.41879,274,66.2,66.0,66.2,87.4,62.4,0.000,0.000,0.00,0.000,6.5,8.7,1.0,126,10,6.9,9.7,1.1,125,9,6.5,8.7,1.0,126,10,287,29.84,,0,0,0,65.5,66.0,64.4,0.29,0.49,0.47
TICO,2017-08-21 08:20:00 EDT,43.87469,-73.41879,274,66.5,66.1,66.5,87.0,62.5,0.000,0.000,0.00,0.000,7.2,8.8,0.8,124,9,7.5,9.5,0.9,124,8,7.2,8.8,0.8,124,9,301,29.84,,0,0,0,65.5,66.0,64.4,0.30,0.49,0.47
TICO,2017-08-21 08:25:00 EDT,43.87469,-73.41879,274,66.8,66.4,66.8,87.2,62.9,0.000,0.000,0.00,0.000,6.1,8.5,0.8,134,11,6.6,9.6,1.1,131,9,6.1,8.5,0.8,134,11,320,29.84,,0,0,0,65.5,66.0,64.4,0.30,0.49,0.47
TICO,2017-08-21 08:30:00 EDT,43.87469,-73.41879,274,66.9,66.4,66.9,85.1,62.2,0.000,0.000,0.00,0.000,7.4,9.9,0.9,132,10,7.8,10.7,1.0,131,9,7.4,9.9,0.9,132,10,336,29.84,,0,0,0,65.5,66.0,64.4,0.30,0.49,0.47
TICO,2017-08-21 08:35:00 EDT,43.87469,-73.41879,274,66.9,66.5,66.9,85.3,62.3,0.000,0.000,0.00,0.000,7.8,11.3,1.2,137,8,8.2,11.9,1.4,135,6,7.8,11.3,1.2,137,8,357,29.84,,0,0,0,65.5,66.0,64.4,0.30,0.49,0.47
TICO,2017-08-21 08:40:00 EDT,43.87469,-73.41879,274,67.2,66.7,67.2,85.9,62.8,0.000,0.000,0.00,0.000,7.5,13.0,1.8,126,9,7.9,13.5,1.7,126,8,7.5,13.0,1.8,126,9,380,29.84,,0,0,0,65.6,66.0,64.4,0.30,0.49,0.47
TICO,2017-08-21 08:45:00 EDT,43.87469,-73.41879,274,67.6,67.0,67.6,85.0,62.9,0.000,0.000,0.00,0.000,7.4,10.6,1.3,134,11,7.9,11.1,1.5,132,9,7.4,10.6,1.3,134,11,402,29.84,,0,0,0,65.7,66.0,64.4,0.30,0.49,0.47
TICO,2017-08-21 08:50:00 EDT,43.87469,-73.41879,274,67.9,67.3,67.9,83.5,62.8,0.000,0.000,0.00,0.000,8.6,10.5,1.2,133,9,9.0,11.0,1.2,132,8,8.6,10.5,1.2,133,9,399,29.84,,0,0,0,65.8,66.0,64.4,0.29,0.49,0.47
TICO,2017-08-21 08:55:00 EDT,43.87469,-73.41879,274,68.2,67.6,68.2,83.6,63.0,0.000,0.000,0.00,0.000,8.5,11.8,1.3,128,9,9.0,12.9,1.5,128,8,8.5,11.8,1.3,128,9,398,29.84,,0,0,0,65.8,66.0,64.4,0.29,0.49,0.47
TICO,2017-08-21 09:00:00 EDT,43.87469,-73.41879,274,68.5,67.9,68.5,82.9,63.1,0.000,0.000,0.00,0.000,9.4,11.7,1.1,139,8,9.9,13.3,1.3,137,7,9.4,11.7,1.1,139,8,427,29.84,,0,0,0,65.8,66.0,64.4,0.30,0.49,0.47
TICO,2017-08-21 09:05:00 EDT,43.87469,-73.41879,274,68.4,68.1,68.4,82.7,63.0,0.000,0.000,0.00,0.000,11.3,14.9,1.4,140,7,11.9,15.5,1.5,138,6,11.3,14.9,1.4,140,7,264,29.83,,0,0,0,65.8,66.0,64.4,0.29,0.49,0.47
TICO,2017-08-21 09:10:00 EDT,43.87469,-73.41879,274,67.8,67.8,67.8,83.4,62.6,0.000,0.000,0.00,0.000,10.6,14.5,1.8,136,11,11.2,15.3,1.9,135,10,10.6,14.5,1.8,136,11,227,29.83,,0,0,0,65.8,66.0,64.4,0.29,0.49,0.47
TICO,2017-08-21 09:15:00 EDT,43.87469,-73.41879,274,67.9,67.9,67.9,83.8,62.9,0.000,0.000,0.00,0.000,10.1,12.9,1.4,136,7,10.9,14.1,1.4,135,6,10.1,12.9,1.4,136,7,280,29.83,,0,0,0,65.8,66.0,64.4,0.29,0.49,0.47
TICO,2017-08-21 09:20:00 EDT,43.87469,-73.41879,274,68.7,68.2,68.7,82.7,63.2,0.000,0.000,0.00,0.000,11.1,13.7,1.1,142,7,11.8,15.0,1.3,140,7,11.1,13.7,1.1,142,7,487,29.83,,0,0,0,65.8,66.0,64.4,0.29,0.49,0.47
TICO,2017-08-21 09:25:00 EDT,43.87469,-73.41879,274,69.8,69.0,69.8,82.3,64.1,0.000,0.000,0.00,0.000,10.1,13.2,1.7,147,9,10.7,14.2,1.6,146,8,10.1,13.2,1.7,147,9,518,29.83,,0,0,0,65.9,66.0,64.4,0.29,0.49,0.47
TICO,2017-08-21 09:30:00 EDT,43.87469,-73.41879,274,70.4,69.4,70.4,80.9,64.2,0.000,0.000,0.00,0.000,10.4,14.0,1.5,147,9,11.0,13.8,1.4,145,9,10.4,14.0,1.5,147,9,534,29.83,,0,0,0,65.9,66.0,64.4,0.29,0.49,0.47
TICO,2017-08-21 09:35:00 EDT,43.87469,-73.41879,274,70.6,69.6,70.6,80.0,64.2,0.000,0.000,0.00,0.000,11.4,14.9,1.6,143,6,12.3,16.8,1.7,141,5,11.4,14.9,1.6,143,6,447,29.83,,0,0,0,66.0,65.9,64.4,0.29,0.49,0.47
TICO,2017-08-21 09:40:00 EDT,43.87469,-73.41879,274,70.2,69.5,70.2,80.1,63.8,0.000,0.000,0.00,0.000,11.4,14.4,1.3,144,6,12.0,15.3,1.3,142,6,11.4,14.4,1.3,144,6,406,29.83,,0,0,0,66.0,66.0,64.4,0.29,0.48,0.47
TICO,2017-08-21 09:45:00 EDT,43.87469,-73.41879,274,70.2,69.6,70.2,80.5,63.9,0.000,0.000,0.00,0.000,10.9,13.6,1.3,146,7,11.6,15.1,1.3,145,6,10.9,13.6,1.3,146,7,401,29.83,,0,0,0,66.0,65.9,64.4,0.29,0.48,0.47
TICO,2017-08-21 09:50:00 EDT,43.87469,-73.41879,274,70.8,69.9,70.8,80.1,64.3,0.000,0.000,0.00,0.000,10.0,12.1,1.3,145,8,10.6,13.3,1.3,143,7,10.0,12.1,1.3,145,8,480,29.83,,0,0,0,66.0,65.9,64.4,0.29,0.49,0.47
TICO,2017-08-21 09:55:00 EDT,43.87469,-73.41879,274,71.3,70.4,71.3,80.4,64.9,0.000,0.000,0.00,0.000,10.6,14.8,2.2,149,9,11.4,16.1,2.2,148,8,10.6,14.8,2.2,149,9,468,29.83,,0,0,0,66.0,65.9,64.4,0.29,0.48,0.47
TICO,2017-08-21 10:00:00 EDT,43.87469,-73.41879,274,71.0,70.1,71.0,79.3,64.2,0.000,0.000,0.00,0.000,11.5,15.2,1.8,142,8,12.3,15.6,1.7,140,7,11.5,15.2,1.8,142,8,488,29.83,,0,0,0,66.0,65.9,64.4,0.29,0.48,0.47
TICO,2017-08-21 10:05:00 EDT,43.87469,-73.41879,274,71.8,70.6,71.8,79.6,65.1,0.000,0.000,0.00,0.000,9.8,13.5,1.9,140,9,10.4,15.3,2.0,138,8,9.8,13.5,1.9,140,9,571,29.83,,0,0,0,66.0,65.9,64.4,0.29,0.48,0.47
TICO,2017-08-21 10:10:00 EDT,43.87469,-73.41879,274,72.3,71.1,72.3,78.2,65.1,0.000,0.000,0.00,0.000,9.3,13.6,1.6,144,9,9.7,14.4,1.6,143,10,9.3,13.6,1.6,144,9,549,29.83,,0,0,0,66.2,65.9,64.4,0.29,0.48,0.47
TICO,2017-08-21 10:15:00 EDT,43.87469,-73.41879,274,72.7,71.6,72.7,78.0,65.5,0.000,0.000,0.00,0.000,10.4,13.9,1.7,145,9,11.0,15.0,1.8,144,9,10.4,13.9,1.7,145,9,595,29.83,,0,0,0,66.4,65.9,64.4,0.29,0.48,0.47
TICO,2017-08-21 10:20:00 EDT,43.87469,-73.41879,274,73.2,72.0,73.2,78.0,66.0,0.000,0.000,0.00,0.000,10.5,13.7,1.4,147,9,11.0,13.9,1.5,146,9,10.5,13.7,1.4,147,9,636,29.83,,0,0,0,66.4,65.8,64.4,0.29,0.48,0.47
TICO,2017-08-21 10:25:00 EDT,43.87469,-73.41879,274,73.8,72.4,73.8,77.1,66.2,0.000,0.000,0.00,0.000,11.0,16.4,2.4,146,8,11.7,17.3,2.5,144,8,11.0,16.4,2.4,146,8,643,29.83,,0,0,0,66.4,65.8,64.4,0.29,0.48,0.47
TICO,2017-08-21 10:30:00 EDT,43.87469,-73.41879,274,73.8,72.5,73.8,76.4,65.9,0.000,0.000,0.00,0.000,11.0,14.8,1.8,140,11,11.8,15.9,1.9,138,10,11.0,14.8,1.8,140,11,640,29.83,,0,0,0,66.4,65.8,64.4,0.29,0.48,0.47
TICO,2017-08-21 10:35:00 EDT,43.87469,-73.41879,274,74.1,73.0,74.1,76.5,66.3,0.000,0.000,0.00,0.000,10.8,14.2,1.6,142,8,11.4,15.3,1.7,140,8,10.8,14.2,1.6,142,8,564,29.83,,0,0,0,66.4,65.8,64.4,0.30,0.48,0.47
TICO,2017-08-21 10:40:00 EDT,43.87469,-73.41879,274,74.4,73.3,74.4,76.1,66.4,0.000,0.000,0.00,0.000,9.4,12.6,1.6,142,8,10.0,13.7,1.7,140,6,9.4,12.6,1.6,142,8,652,29.83,,0,0,0,66.4,65.8,64.4,0.29,0.48,0.47
TICO,2017-08-21 10:45:00 EDT,43.87469,-73.41879,274,75.1,73.7,75.1,75.3,66.7,0.000,0.000,0.00,0.000,10.4,13.7,1.9,142,8,11.1,14.5,1.8,140,8,10.4,13.7,1.9,142,8,680,29.83,,0,0,0,66.5,65.8,64.4,0.29,0.48,0.47
TICO,2017-08-21 10:50:00 EDT,43.87469,-73.41879,274,75.2,73.9,75.2,75.7,67.0,0.000,0.000,0.00,0.000,10.1,13.7,1.6,143,10,10.9,15.2,1.8,142,9,10.1,13.7,1.6,143,10,684,29.83,,0,0,0,66.7,65.8,64.4,0.29,0.48,0.47
TICO,2017-08-21 10:55:00 EDT,43.87469,-73.41879,274,75.5,74.1,75.5,74.9,67.0,0.000,0.000,0.00,0.000,10.0,12.9,1.7,138,9,10.7,14.7,1.8,137,7,10.0,12.9,1.7,138,9,676,29.83,,0,0,0,66.7,65.8,64.4,0.29,0.48,0.47
TICO,2017-08-21 11:00:00 EDT,43.87469,-73.41879,274,75.4,74.1,75.4,74.3,66.7,0.000,0.000,0.00,0.000,10.9,12.9,1.2,137,6,11.6,14.6,1.4,136,5,10.9,12.9,1.2,137,6,697,29.83,,0,0,0,66.7,65.8,64.4,0.29,0.49,0.47
TICO,2017-08-21 11:05:00 EDT,43.87469,-73.41879,274,76.0,74.7,76.0,74.7,67.4,0.000,0.000,0.00,0.000,9.8,13.5,1.5,146,8,10.3,14.4,1.7,144,8,9.8,13.5,1.5,146,8,701,29.83,,0,0,0,66.7,65.8,64.4,0.29,0.49,0.47
TICO,2017-08-21 11:10:00 EDT,43.87469,-73.41879,274,76.1,74.9,76.1,72.9,66.7,0.000,0.000,0.00,0.000,10.6,14.4,1.7,143,9,11.2,15.5,1.7,142,8,10.6,14.4,1.7,143,9,709,29.83,,0,0,0,66.8,65.8,64.4,0.29,0.49,0.47
TICO,2017-08-21 11:15:00 EDT,43.87469,-73.41879,274,76.4,75.1,76.4,73.4,67.3,0.000,0.000,0.00,0.000,11.3,15.0,1.6,145,11,11.8,16.1,1.7,144,10,11.3,15.0,1.6,145,11,708,29.83,,0,0,0,66.9,65.8,64.4,0.29,0.49,0.47
TICO,2017-08-21 11:20:00 EDT,43.87469,-73.41879,274,76.4,75.0,76.4,72.4,66.9,0.000,0.000,0.00,0.000,11.5,14.8,1.6,138,7,12.2,15.7,1.8,136,6,11.5,14.8,1.6,138,7,730,29.82,,0,0,0,67.1,65.8,64.4,0.29,0.49,0.46
TICO,2017-08-21 11:25:00 EDT,43.87469,-73.41879,274,76.7,75.4,76.7,73.3,67.5,0.000,0.000,0.00,0.000,12.3,15.9,1.7,135,9,13.1,17.7,1.8,135,9,12.3,15.9,1.7,135,9,734,29.82,,0,0,0,67.1,65.8,64.4,0.29,0.49,0.47
TICO,2017-08-21 11:30:00 EDT,43.87469,-73.41879,274,77.2,75.9,77.2,72.4,67.7,0.000,0.000,0.00,0.000,11.8,15.9,1.6,133,7,12.6,16.5,1.5,132,6,11.8,15.9,1.6,133,7,736,29.81,,0,0,0,67.1,65.8,64.4,0.29,0.49,0.47
TICO,2017-08-21 11:35:00 EDT,43.87469,-73.41879,274,77.5,76.3,77.5,72.4,67.9,0.000,0.000,0.00,0.000,12.6,16.9,1.8,141,10,13.4,17.1,1.8,140,10,12.6,16.9,1.8,141,10,737,29.81,,0,0,0,67.1,65.8,64.4,0.29,0.49,0.47
TICO,2017-08-21 11:40:00 EDT,43.87469,-73.41879,274,77.6,76.3,77.6,71.2,67.6,0.000,0.000,0.00,0.000,11.6,15.4,1.6,139,8,12.3,17.1,1.7,138,6,11.6,15.4,1.6,139,8,741,29.81,,0,0,0,67.2,65.8,64.4,0.29,0.49,0.44
TICO,2017-08-21 11:45:00 EDT,43.87469,-73.41879,274,77.9,76.6,77.9,71.8,68.0,0.000,0.000,0.00,0.000,13.4,16.4,1.7,142,9,14.2,18.9,1.9,141,10,13.4,16.4,1.7,142,9,745,29.81,,0,0,0,67.4,65.8,64.4,0.29,0.49,0.44
TICO,2017-08-21 11:50:00 EDT,43.87469,-73.41879,274,78.4,77.0,78.4,72.6,68.9,0.000,0.000,0.00,0.000,11.4,14.6,1.7,144,10,12.3,16.2,1.8,142,10,11.4,14.6,1.7,144,10,751,29.81,,0,0,0,67.5,65.8,64.4,0.29,0.49,0.44
TICO,2017-08-21 11:55:00 EDT,43.87469,-73.41879,274,78.9,77.2,78.9,72.4,69.3,0.000,0.000,0.00,0.000,10.5,14.2,1.7,144,8,11.2,15.4,1.8,142,7,10.5,14.2,1.7,144,8,756,29.81,,0,0,0,67.5,65.8,64.4,0.29,0.49,0.44
TICO,2017-08-21 12:00:00 EDT,43.87469,-73.41879,274,79.3,77.5,79.3,70.8,69.0,0.000,0.000,0.00,0.000,10.9,13.4,1.3,152,7,11.6,14.6,1.6,150,7,10.9,13.4,1.3,152,7,759,29.80,,0,0,0,67.5,65.8,64.4,0.29,0.49,0.44
TICO,2017-08-21 12:05:00 EDT,43.87469,-73.41879,274,79.3,77.7,79.3,70.3,68.8,0.000,0.000,0.00,0.000,11.2,14.8,1.8,149,9,11.7,15.6,1.7,147,9,11.2,14.8,1.8,149,9,765,29.80,,0,0,0,67.5,65.8,64.4,0.29,0.49,0.44
TICO,2017-08-21 12:10:00 EDT,43.87469,-73.41879,274,79.3,77.9,79.3,70.4,68.8,0.000,0.000,0.00,0.000,11.1,14.4,1.6,157,9,11.8,15.6,1.7,157,9,11.1,14.4,1.6,157,9,767,29.80,,0,0,0,67.5,65.8,64.4,0.29,0.49,0.44
TICO,2017-08-21 12:15:00 EDT,43.87469,-73.41879,274,79.2,77.9,79.2,70.2,68.7,0.000,0.000,0.00,0.000,11.2,15.2,2.3,155,9,11.7,16.5,2.4,153,8,11.2,15.2,2.3,155,9,768,29.80,,0,0,0,67.7,65.8,64.4,0.29,0.49,0.44
TICO,2017-08-21 12:20:00 EDT,43.87469,-73.41879,274,79.5,78.3,79.5,69.6,68.7,0.000,0.000,0.00,0.000,10.9,14.8,1.2,152,10,11.5,15.4,1.4,151,11,10.9,14.8,1.2,152,10,772,29.80,,0,0,0,67.8,65.8,64.4,0.29,0.49,0.44
TICO,2017-08-21 12:25:00 EDT,43.87469,-73.41879,274,80.1,78.6,83.1,69.9,69.4,0.000,0.000,0.00,0.000,11.6,15.6,1.7,142,8,12.5,17.3,1.9,140,7,11.6,15.6,1.7,142,8,773,29.80,,0,0,0,67.8,65.8,64.4,0.29,0.49,0.44
TICO,2017-08-21 12:30:00 EDT,43.87469,-73.41879,274,80.7,79.6,84.0,69.5,69.8,0.000,0.000,0.00,0.000,8.8,12.7,1.9,168,15,9.5,14.3,1.9,168,14,8.8,12.7,1.9,168,15,774,29.80,,0,0,0,67.8,65.8,64.4,0.29,0.49,0.44
TICO,2017-08-21 12:35:00 EDT,43.87469,-73.41879,274,80.9,79.9,83.5,63.8,67.5,0.000,0.000,0.00,0.000,10.7,15.2,2.0,182,13,11.6,16.9,2.1,182,12,10.7,15.2,2.0,182,13,771,29.79,,0,0,0,67.8,65.8,64.4,0.29,0.49,0.45
TICO,2017-08-21 12:40:00 EDT,43.87469,-73.41879,274,80.9,80.1,83.7,65.2,68.1,0.000,0.000,0.00,0.000,8.5,13.0,2.2,178,8,9.4,14.2,2.2,179,8,8.5,13.0,2.2,178,8,776,29.79,,0,0,0,67.8,65.8,64.4,0.29,0.49,0.44
TICO,2017-08-21 12:45:00 EDT,43.87469,-73.41879,274,81.2,80.3,84.0,64.1,67.9,0.000,0.000,0.00,0.000,9.9,14.6,1.7,171,8,10.6,16.1,1.9,171,7,9.9,14.6,1.7,171,8,779,29.79,,0,0,0,68.0,65.8,64.4,0.29,0.48,0.44
TICO,2017-08-21 12:50:00 EDT,43.87469,-73.41879,274,81.2,80.3,83.9,63.2,67.6,0.000,0.000,0.00,0.000,9.8,13.7,2.1,178,10,10.7,14.9,2.1,179,9,9.8,13.7,2.1,178,10,777,29.79,,0,0,0,68.2,65.8,64.4,0.29,0.49,0.45
TICO,2017-08-21 12:55:00 EDT,43.87469,-73.41879,274,81.3,80.5,84.1,63.5,67.7,0.000,0.000,0.00,0.000,11.3,14.7,1.3,171,9,12.0,15.5,1.4,170,8,11.3,14.7,1.3,171,9,773,29.78,,0,0,0,68.2,65.8,64.4,0.29,0.48,0.45
TICO,2017-08-21 13:00:00 EDT,43.87469,-73.41879,274,81.7,80.5,85.0,65.9,69.2,0.000,0.000,0.00,0.000,9.1,12.1,1.5,145,12,9.9,15.5,1.7,144,11,9.1,12.1,1.5,145,12,771,29.78,,0,0,0,68.2,65.8,64.4,0.29,0.49,0.45
TICO,2017-08-21 13:05:00 EDT,43.87469,-73.41879,274,81.9,81.0,85.0,63.5,68.3,0.000,0.000,0.00,0.000,10.2,13.0,1.3,173,9,11.0,13.6,1.5,174,9,10.2,13.0,1.3,173,9,772,29.78,,0,0,0,68.2,65.8,64.4,0.29,0.48,0.45
TICO,2017-08-21 13:10:00 EDT,43.87469,-73.41879,274,82.1,81.3,85.2,63.1,68.3,0.000,0.000,0.00,0.000,9.7,14.3,1.9,167,10,10.3,14.7,2.0,167,9,9.7,14.3,1.9,167,10,773,29.78,,0,0,0,68.2,65.8,64.4,0.29,0.48,0.45
TICO,2017-08-21 13:15:00 EDT,43.87469,-73.41879,274,82.2,81.4,84.7,60.3,67.0,0.000,0.000,0.00,0.000,10.2,13.4,1.8,162,9,11.0,14.0,1.8,161,10,10.2,13.4,1.8,162,9,770,29.78,,0,0,0,68.4,65.8,64.4,0.29,0.48,0.45
TICO,2017-08-21 13:20:00 EDT,43.87469,-73.41879,274,82.4,81.4,85.5,62.3,68.2,0.000,0.000,0.00,0.000,9.5,11.7,1.1,153,11,10.0,13.0,1.3,152,11,9.5,11.7,1.1,153,11,766,29.78,,0,0,0,68.5,65.8,64.4,0.29,0.48,0.44
TICO,2017-08-21 13:25:00 EDT,43.87469,-73.41879,274,82.6,81.5,86.3,64.3,69.4,0.000,0.000,0.00,0.000,8.7,11.5,1.4,153,11,9.2,12.6,1.5,152,11,8.7,11.5,1.4,153,11,759,29.78,,0,0,0,68.5,65.8,64.4,0.29,0.48,0.44
TICO,2017-08-21 13:30:00 EDT,43.87469,-73.41879,274,82.5,81.7,85.5,61.3,67.9,0.000,0.000,0.00,0.000,6.2,9.5,1.5,175,11,6.9,10.0,1.6,174,11,6.2,9.5,1.5,175,11,754,29.78,,0,0,0,68.5,65.8,64.4,0.29,0.48,0.44
TICO,2017-08-21 13:35:00 EDT,43.87469,-73.41879,274,82.8,82.1,85.3,58.2,66.7,0.000,0.000,0.00,0.000,8.5,11.9,1.8,166,11,9.2,13.3,1.9,166,11,8.5,11.9,1.8,166,11,730,29.77,,0,0,0,68.5,65.8,64.4,0.29,0.48,0.44
TICO,2017-08-21 13:40:00 EDT,43.87469,-73.41879,274,82.7,82.1,85.1,57.9,66.4,0.000,0.000,0.00,0.000,9.5,15.8,2.0,182,12,10.3,18.8,2.3,182,12,9.5,15.8,2.0,182,12,707,29.77,,0,0,0,68.5,65.8,64.4,0.29,0.48,0.44
TICO,2017-08-21 13:45:00 EDT,43.87469,-73.41879,274,82.5,82.1,84.6,57.4,65.9,0.000,0.000,0.00,0.000,9.7,13.2,1.5,180,13,10.4,14.8,1.6,181,13,9.7,13.2,1.5,180,13,663,29.77,,0,0,0,68.5,65.8,64.4,0.28,0.48,0.44
TICO,2017-08-21 13:50:00 EDT,43.87469,-73.41879,274,82.1,81.9,84.2,57.9,65.8,0.000,0.000,0.00,0.000,10.2,14.0,1.6,169,10,10.9,14.7,1.7,171,10,10.2,14.0,1.6,169,10,616,29.77,,0,0,0,68.5,65.8,64.4,0.28,0.48,0.44
TICO,2017-08-21 13:55:00 EDT,43.87469,-73.41879,274,82.1,82.0,84.1,57.7,65.7,0.000,0.000,0.00,0.000,9.9,14.9,1.4,179,14,10.5,15.6,1.6,179,14,9.9,14.9,1.4,179,14,576,29.77,,0,0,0,68.6,65.8,64.4,0.29,0.48,0.44
TICO,2017-08-21 14:00:00 EDT,43.87469,-73.41879,274,81.8,81.9,83.6,56.6,64.9,0.000,0.000,0.00,0.000,11.2,14.8,1.4,182,9,12.0,15.6,1.6,182,8,11.2,14.8,1.4,182,9,531,29.77,,0,0,0,68.9,65.8,64.4,0.29,0.48,0.44
TICO,2017-08-21 14:05:00 EDT,43.87469,-73.41879,274,81.6,82.0,83.4,57.3,65.1,0.000,0.000,0.00,0.000,10.7,14.8,2.2,170,14,11.4,16.5,2.4,170,14,10.7,14.8,2.2,170,14,483,29.77,,0,0,0,68.9,65.8,64.4,0.29,0.48,0.44
TICO,2017-08-21 14:10:00 EDT,43.87469,-73.41879,274,81.5,81.9,83.3,57.1,64.9,0.000,0.000,0.00,0.000,10.4,13.6,1.7,189,7,11.2,15.5,1.8,189,6,10.4,13.6,1.7,189,7,434,29.77,,0,0,0,68.9,65.8,64.4,0.29,0.48,0.44
TICO,2017-08-21 14:15:00 EDT,43.87469,-73.41879,274,81.5,82.0,83.3,57.0,64.8,0.000,0.000,0.00,0.000,6.9,10.7,1.4,184,14,7.5,11.6,1.6,185,12,6.9,10.7,1.4,184,14,391,29.77,,0,0,0,68.9,65.8,64.4,0.28,0.48,0.44
TICO,2017-08-21 14:20:00 EDT,43.87469,-73.41879,274,81.2,81.9,83.1,58.8,65.4,0.000,0.000,0.00,0.000,8.0,10.2,1.0,177,10,8.5,11.6,1.2,177,10,8.0,10.2,1.0,177,10,350,29.76,,0,0,0,68.9,65.8,64.4,0.29,0.48,0.44
TICO,2017-08-21 14:25:00 EDT,43.87469,-73.41879,274,80.7,81.6,82.8,60.7,65.9,0.000,0.000,0.00,0.000,6.6,11.1,1.4,175,11,7.1,11.4,1.5,174,11,6.6,11.1,1.4,175,11,312,29.76,,0,0,0,68.9,65.8,64.4,0.29,0.48,0.44
TICO,2017-08-21 14:30:00 EDT,43.87469,-73.41879,274,80.1,81.1,82.3,62.7,66.3,0.000,0.000,0.00,0.000,5.9,8.9,1.3,178,8,6.4,10.0,1.5,179,8,5.9,8.9,1.3,178,8,278,29.76,,0,0,0,68.9,65.8,64.4,0.29,0.48,0.44
TICO,2017-08-21 14:35:00 EDT,43.87469,-73.41879,274,79.9,80.5,79.9,67.0,67.9,0.000,0.000,0.00,0.000,6.3,10.8,1.9,162,12,6.7,11.0,2.0,161,13,6.3,10.8,1.9,162,12,254,29.76,,0,0,0,68.9,65.8,64.4,0.28,0.48,0.44
TICO,2017-08-21 14:40:00 EDT,43.87469,-73.41879,274,79.4,80.1,79.4,68.1,67.9,0.000,0.000,0.00,0.000,8.7,11.5,1.1,167,9,9.2,12.0,1.2,166,8,8.7,11.5,1.1,167,9,238,29.76,,0,0,0,68.9,65.8,64.4,0.28,0.48,0.44
TICO,2017-08-21 14:45:00 EDT,43.87469,-73.41879,274,78.8,79.6,78.8,71.0,68.6,0.000,0.000,0.00,0.000,6.4,8.7,1.0,173,8,6.8,9.5,1.0,173,7,6.4,8.7,1.0,173,8,231,29.76,,0,0,0,68.9,65.8,64.4,0.28,0.48,0.44
TICO,2017-08-21 14:50:00 EDT,43.87469,-73.41879,274,78.8,79.6,78.8,71.1,68.7,0.000,0.000,0.00,0.000,6.9,9.1,1.0,172,9,7.3,9.9,1.1,173,10,6.9,9.1,1.0,172,9,236,29.76,,0,0,0,68.9,65.8,64.4,0.28,0.48,0.44
TICO,2017-08-21 14:55:00 EDT,43.87469,-73.41879,274,79.1,79.8,79.1,70.8,68.8,0.000,0.000,0.00,0.000,6.7,9.1,1.0,168,6,7.2,10.2,1.1,167,7,6.7,9.1,1.0,168,6,252,29.76,,0,0,0,68.9,65.8,64.4,0.28,0.48,0.44
TICO,2017-08-21 15:00:00 EDT,43.87469,-73.41879,274,79.1,79.6,79.1,72.3,69.4,0.000,0.000,0.00,0.000,6.7,9.6,1.1,167,8,7.2,10.1,1.2,166,8,6.7,9.6,1.1,167,8,274,29.76,,0,0,0,68.9,65.8,64.4,0.28,0.48,0.44
TICO,2017-08-21 15:05:00 EDT,43.87469,-73.41879,274,79.3,79.8,79.3,71.4,69.2,0.000,0.000,0.00,0.000,8.6,12.1,1.1,161,7,9.3,12.8,1.2,160,7,8.6,12.1,1.1,161,7,301,29.75,,0,0,0,68.9,65.8,64.4,0.28,0.48,0.44
TICO,2017-08-21 15:10:00 EDT,43.87469,-73.41879,274,79.4,79.8,79.4,71.1,69.2,0.000,0.000,0.00,0.000,8.8,12.8,1.0,172,8,9.5,13.2,1.2,172,8,8.8,12.8,1.0,172,8,330,29.75,,0,0,0,68.9,65.8,64.4,0.28,0.48,0.44
TICO,2017-08-21 15:15:00 EDT,43.87469,-73.41879,274,79.6,79.8,79.6,70.6,69.2,0.000,0.000,0.00,0.000,7.7,11.5,1.2,172,10,8.3,11.7,1.3,172,10,7.7,11.5,1.2,172,10,361,29.75,,0,0,0,68.9,65.8,64.4,0.28,0.48,0.44
TICO,2017-08-21 15:20:00 EDT,43.87469,-73.41879,274,79.8,79.9,79.8,71.6,69.8,0.000,0.000,0.00,0.000,7.3,12.0,1.5,166,10,7.9,12.4,1.7,166,9,7.3,12.0,1.5,166,10,391,29.75,,0,0,0,68.9,65.8,64.4,0.28,0.48,0.44
TICO,2017-08-21 15:25:00 EDT,43.87469,-73.41879,274,80.0,80.0,83.1,70.7,69.7,0.000,0.000,0.00,0.000,9.3,12.6,1.5,164,8,10.0,13.7,1.7,164,7,9.3,12.6,1.5,164,8,425,29.75,,0,0,0,68.9,65.8,64.4,0.28,0.48,0.44
TICO,2017-08-21 15:30:00 EDT,43.87469,-73.41879,274,80.2,80.2,83.2,70.2,69.6,0.000,0.000,0.00,0.000,9.7,14.4,1.6,160,9,10.3,15.6,1.7,160,10,9.7,14.4,1.6,160,9,453,29.75,,0,0,0,68.9,65.8,64.4,0.29,0.48,0.44
TICO,2017-08-21 15:35:00 EDT,43.87469,-73.41879,274,80.4,80.3,83.6,70.1,69.7,0.000,0.000,0.00,0.000,10.0,13.4,1.5,159,8,10.6,14.1,1.6,158,7,10.0,13.4,1.5,159,8,479,29.75,,0,0,0,68.9,65.8,64.4,0.28,0.48,0.44
TICO,2017-08-21 15:40:00 EDT,43.87469,-73.41879,274,80.7,80.5,84.4,71.5,70.7,0.000,0.000,0.00,0.000,8.1,13.0,1.4,158,10,8.7,13.2,1.5,157,9,8.1,13.0,1.4,158,10,496,29.75,,0,0,0,69.0,65.8,64.4,0.28,0.48,0.44
TICO,2017-08-21 15:45:00 EDT,43.87469,-73.41879,274,81.0,80.7,84.7,70.3,70.5,0.000,0.000,0.00,0.000,7.4,10.4,1.4,177,9,8.0,11.3,1.5,176,9,7.4,10.4,1.4,177,9,516,29.75,,0,0,0,69.0,65.8,64.4,0.28,0.48,0.44
TICO,2017-08-21 15:50:00 EDT,43.87469,-73.41879,274,81.3,80.9,84.9,68.5,70.0,0.000,0.000,0.00,0.000,7.9,12.2,2.2,176,10,8.7,13.4,2.3,177,9,7.9,12.2,2.2,176,10,534,29.75,,0,0,0,69.1,65.8,64.4,0.28,0.48,0.44
TICO,2017-08-21 15:55:00 EDT,43.87469,-73.41879,274,81.3,80.8,85.1,69.8,70.5,0.000,0.000,0.00,0.000,7.2,9.6,1.1,174,10,7.8,10.1,1.3,175,10,7.2,9.6,1.1,174,10,539,29.75,,0,0,0,69.2,65.8,64.4,0.28,0.48,0.44
TICO,2017-08-21 16:00:00 EDT,43.87469,-73.41879,274,81.6,81.2,85.4,68.6,70.3,0.000,0.000,0.00,0.000,8.7,13.5,2.1,169,11,9.4,15.3,2.4,170,10,8.7,13.5,2.1,169,11,528,29.75,,0,0,0,69.2,65.8,64.4,0.28,0.48,0.44
TICO,2017-08-21 16:05:00 EDT,43.87469,-73.41879,274,81.7,81.4,85.0,65.7,69.1,0.000,0.000,0.00,0.000,8.4,12.5,2.1,184,8,9.1,13.5,2.1,184,7,8.4,12.5,2.1,184,8,522,29.75,,0,0,0,69.2,65.8,64.4,0.28,0.48,0.44
TICO,2017-08-21 16:10:00 EDT,43.87469,-73.41879,274,81.8,81.7,85.3,65.9,69.3,0.000,0.000,0.00,0.000,7.6,11.5,1.4,182,13,8.3,12.4,1.5,184,11,7.6,11.5,1.4,182,13,514,29.75,,0,0,0,69.3,65.8,64.4,0.28,0.48,0.44
TICO,2017-08-21 16:15:00 EDT,43.87469,-73.41879,274,81.9,81.9,84.5,60.9,67.1,0.000,0.000,0.00,0.000,11.8,16.1,1.9,186,8,12.7,17.2,2.1,186,8,11.8,16.1,1.9,186,8,508,29.74,,0,0,0,69.3,65.8,64.4,0.28,0.48,0.44
TICO,2017-08-21 16:20:00 EDT,43.87469,-73.41879,274,81.9,82.0,84.4,60.5,66.9,0.000,0.000,0.00,0.000,11.0,15.4,1.9,190,10,11.5,16.2,2.0,190,9,11.0,15.4,1.9,190,10,496,29.74,,0,0,0,69.3,65.8,64.4,0.28,0.48,0.44
TICO,2017-08-21 16:25:00 EDT,43.87469,-73.41879,274,82.0,82.1,84.6,60.9,67.2,0.000,0.000,0.00,0.000,11.5,15.5,2.2,192,9,12.1,16.6,2.4,192,8,11.5,15.5,2.2,192,9,481,29.74,,0,0,0,69.3,65.8,64.4,0.28,0.48,0.44
TICO,2017-08-21 16:30:00 EDT,43.87469,-73.41879,274,82.0,82.2,84.5,60.4,66.9,0.000,0.000,0.00,0.000,11.6,16.6,2.0,188,10,12.4,16.9,2.0,189,9,11.6,16.6,2.0,188,10,467,29.74,,0,0,0,69.3,65.8,64.4,0.28,0.48,0.44
TICO,2017-08-21 16:35:00 EDT,43.87469,-73.41879,274,81.8,82.2,84.1,59.6,66.4,0.000,0.000,0.00,0.000,12.9,16.4,1.7,187,8,13.6,18.5,2.0,187,7,12.9,16.4,1.7,187,8,454,29.74,,0,0,0,69.3,65.8,64.4,0.28,0.48,0.44
TICO,2017-08-21 16:40:00 EDT,43.87469,-73.41879,274,81.8,82.2,84.1,59.4,66.3,0.000,0.000,0.00,0.000,11.7,16.9,2.0,180,10,12.6,18.8,2.3,180,9,11.7,16.9,2.0,180,10,441,29.74,,0,0,0,69.3,65.8,64.4,0.28,0.48,0.44
TICO,2017-08-21 16:45:00 EDT,43.87469,-73.41879,274,81.6,82.0,83.9,60.6,66.6,0.000,0.000,0.00,0.000,10.7,14.5,1.7,178,7,11.3,15.7,1.9,178,6,10.7,14.5,1.7,178,7,430,29.74,,0,0,0,69.3,65.8,64.4,0.28,0.48,0.44
TICO,2017-08-21 16:50:00 EDT,43.87469,-73.41879,274,81.7,82.1,83.9,59.7,66.3,0.000,0.000,0.00,0.000,10.4,15.5,1.9,177,9,11.0,15.8,2.1,177,9,10.4,15.5,1.9,177,9,417,29.74,,0,0,0,69.3,65.8,64.4,0.28,0.48,0.44
TICO,2017-08-21 16:55:00 EDT,43.87469,-73.41879,274,81.6,82.0,84.1,61.4,67.1,0.000,0.000,0.00,0.000,9.7,13.4,1.6,175,8,10.2,14.6,1.7,175,7,9.7,13.4,1.6,175,8,404,29.73,,0,0,0,69.3,65.9,64.4,0.28,0.48,0.44
TICO,2017-08-21 17:00:00 EDT,43.87469,-73.41879,274,81.3,81.9,83.8,61.7,66.9,0.000,0.000,0.00,0.000,10.5,14.8,2.0,175,10,11.3,16.2,2.0,176,8,10.5,14.8,2.0,175,10,389,29.73,,0,0,0,69.3,65.9,64.4,0.28,0.48,0.44
TICO,2017-08-21 17:05:00 EDT,43.87469,-73.41879,274,81.5,82.3,83.6,59.5,66.0,0.000,0.000,0.00,0.000,13.0,17.8,1.8,181,11,13.8,19.1,1.9,180,10,13.0,17.8,1.8,181,11,365,29.73,,0,0,0,69.3,65.9,64.4,0.28,0.48,0.44
TICO,2017-08-21 17:10:00 EDT,43.87469,-73.41879,274,81.1,82.0,83.0,59.3,65.5,0.000,0.000,0.00,0.000,12.2,16.2,1.9,177,9,13.2,17.8,1.9,176,7,12.2,16.2,1.9,177,9,212,29.73,,0,0,0,69.3,65.9,64.4,0.28,0.48,0.44
TICO,2017-08-21 17:15:00 EDT,43.87469,-73.41879,274,80.9,82.1,82.8,59.2,65.3,0.000,0.000,0.00,0.000,12.0,16.4,2.0,177,9,12.8,19.7,2.4,178,9,12.0,16.4,2.0,177,9,327,29.73,,0,0,0,69.3,65.9,64.4,0.28,0.48,0.44
TICO,2017-08-21 17:20:00 EDT,43.87469,-73.41879,274,81.4,82.2,83.4,58.8,65.6,0.000,0.000,0.00,0.000,12.0,18.1,2.3,181,9,12.8,18.9,2.6,182,8,12.0,18.1,2.3,181,9,354,29.73,,0,0,0,69.3,65.9,64.4,0.28,0.48,0.44
TICO,2017-08-21 17:25:00 EDT,43.87469,-73.41879,274,81.3,82.2,83.3,59.3,65.7,0.000,0.000,0.00,0.000,10.5,12.9,1.1,179,6,11.2,15.9,1.4,179,6,10.5,12.9,1.1,179,6,329,29.73,,0,0,0,69.3,65.9,64.4,0.28,0.48,0.44
TICO,2017-08-21 17:30:00 EDT,43.87469,-73.41879,274,81.4,82.2,83.4,58.7,65.6,0.000,0.000,0.00,0.000,11.1,15.5,2.1,187,9,11.7,16.7,2.5,187,8,11.1,15.5,2.1,187,9,306,29.73,,0,0,0,69.3,66.0,64.4,0.28,0.48,0.44
TICO,2017-08-21 17:35:00 EDT,43.87469,-73.41879,274,81.2,82.0,83.1,58.4,65.2,0.000,0.000,0.00,0.000,11.4,15.4,1.7,187,9,12.0,16.7,2.0,188,8,11.4,15.4,1.7,187,9,284,29.73,,0,0,0,69.3,66.0,64.4,0.28,0.48,0.44
TICO,2017-08-21 17:40:00 EDT,43.87469,-73.41879,274,80.8,81.8,82.8,59.5,65.4,0.000,0.000,0.00,0.000,10.3,14.8,1.7,188,7,10.9,16.0,1.9,188,5,10.3,14.8,1.7,188,7,266,29.72,,0,0,0,69.3,66.0,64.4,0.28,0.48,0.44
TICO,2017-08-21 17:45:00 EDT,43.87469,-73.41879,274,80.7,81.8,82.6,59.7,65.3,0.000,0.000,0.00,0.000,9.5,12.3,1.1,191,7,10.2,13.2,1.3,191,6,9.5,12.3,1.1,191,7,248,29.72,,0,0,0,69.3,66.0,64.4,0.28,0.47,0.44
TICO,2017-08-21 17:50:00 EDT,43.87469,-73.41879,274,80.7,81.7,82.6,59.8,65.4,0.000,0.000,0.00,0.000,8.2,11.1,1.0,195,6,8.6,11.7,1.1,195,5,8.2,11.1,1.0,195,6,235,29.72,,0,0,0,69.3,66.0,64.4,0.28,0.48,0.44
TICO,2017-08-21 17:55:00 EDT,43.87469,-73.41879,274,80.7,81.7,82.6,59.3,65.2,0.000,0.000,0.00,0.000,9.0,11.2,1.1,197,8,9.6,12.4,1.2,196,5,9.0,11.2,1.1,197,8,225,29.72,,0,0,0,69.3,66.0,64.4,0.28,0.48,0.44
TICO,2017-08-21 18:00:00 EDT,43.87469,-73.41879,274,80.6,81.8,82.5,59.6,65.2,0.000,0.000,0.00,0.000,8.5,11.4,1.3,197,5,9.1,11.9,1.4,198,4,8.5,11.4,1.3,197,5,213,29.72,,0,0,0,69.3,66.0,64.4,0.28,0.48,0.44
TICO,2017-08-21 18:05:00 EDT,43.87469,-73.41879,274,80.1,81.6,82.2,62.2,66.0,0.000,0.000,0.00,0.000,7.7,9.4,0.6,197,6,8.3,10.2,0.7,197,5,7.7,9.4,0.6,197,6,197,29.72,,0,0,0,69.3,66.0,64.4,0.28,0.47,0.44
TICO,2017-08-21 18:10:00 EDT,43.87469,-73.41879,274,79.7,81.5,79.7,64.5,66.6,0.000,0.000,0.00,0.000,7.4,9.1,0.9,191,5,7.9,9.7,0.8,192,4,7.4,9.1,0.9,191,5,183,29.72,,0,0,0,69.3,66.0,64.4,0.28,0.48,0.44
TICO,2017-08-21 18:15:00 EDT,43.87469,-73.41879,274,79.8,81.5,79.8,62.4,65.8,0.000,0.000,0.00,0.000,7.7,9.3,0.7,196,5,8.2,9.8,0.7,196,4,7.7,9.3,0.7,196,5,172,29.72,,0,0,0,69.3,66.0,64.4,0.28,0.47,0.44
TICO,2017-08-21 18:20:00 EDT,43.87469,-73.41879,274,79.9,81.5,79.9,61.6,65.5,0.000,0.000,0.00,0.000,6.9,8.9,0.6,202,5,7.4,9.6,0.7,202,5,6.9,8.9,0.6,202,5,162,29.72,,0,0,0,69.3,66.0,64.4,0.28,0.48,0.44
TICO,2017-08-21 18:25:00 EDT,43.87469,-73.41879,274,79.7,81.2,79.7,61.7,65.4,0.000,0.000,0.00,0.000,7.0,8.3,0.6,199,6,7.4,8.6,0.7,199,4,7.0,8.3,0.6,199,6,151,29.72,,0,0,0,69.3,66.0,64.4,0.28,0.47,0.44
TICO,2017-08-21 18:30:00 EDT,43.87469,-73.41879,274,79.2,81.1,79.2,62.8,65.4,0.000,0.000,0.00,0.000,7.3,8.3,0.5,196,5,7.8,8.9,0.5,196,3,7.3,8.3,0.5,196,5,140,29.72,,0,0,0,69.3,66.0,64.4,0.28,0.48,0.44
TICO,2017-08-21 18:35:00 EDT,43.87469,-73.41879,274,78.8,80.8,78.8,64.1,65.7,0.000,0.000,0.00,0.000,6.6,7.6,0.5,197,5,7.1,8.8,0.6,198,3,6.6,7.6,0.5,197,5,130,29.72,,0,0,0,69.3,66.0,64.4,0.28,0.48,0.44
TICO,2017-08-21 18:40:00 EDT,43.87469,-73.41879,274,78.6,80.7,78.6,64.9,65.8,0.000,0.000,0.00,0.000,5.9,7.2,0.6,196,3,6.5,7.8,0.6,197,3,5.9,7.2,0.6,196,3,116,29.72,,0,0,0,69.3,66.0,64.4,0.28,0.47,0.44
TICO,2017-08-21 18:45:00 EDT,43.87469,-73.41879,274,78.2,80.7,78.2,66.2,65.9,0.000,0.000,0.00,0.000,6.7,8.0,0.5,194,3,7.2,8.5,0.5,195,2,6.7,8.0,0.5,194,3,104,29.73,,0,0,0,69.3,66.0,64.4,0.28,0.47,0.44
TICO,2017-08-21 18:50:00 EDT,43.87469,-73.41879,274,78.0,80.5,78.0,65.9,65.6,0.000,0.000,0.00,0.000,6.3,6.9,0.3,198,4,6.8,7.9,0.4,198,3,6.3,6.9,0.3,198,4,94,29.73,,0,0,0,69.3,66.0,64.4,0.28,0.48,0.44
TICO,2017-08-21 18:55:00 EDT,43.87469,-73.41879,274,77.5,80.1,77.5,66.3,65.4,0.000,0.000,0.00,0.000,5.0,6.5,0.8,205,3,5.4,6.9,0.8,206,3,5.0,6.5,0.8,205,3,82,29.73,,0,0,0,69.3,66.0,64.4,0.28,0.48,0.44
TICO,2017-08-21 19:00:00 EDT,43.87469,-73.41879,274,77.5,79.9,77.5,66.6,65.5,0.000,0.000,0.00,0.000,4.6,5.6,0.3,203,5,5.0,6.3,0.5,203,5,4.6,5.6,0.3,203,5,74,29.73,,0,0,0,69.3,66.0,64.4,0.28,0.47,0.44
TICO,2017-08-21 19:05:00 EDT,43.87469,-73.41879,274,77.0,79.3,77.0,68.1,65.7,0.000,0.000,0.00,0.000,3.9,5.0,0.4,199,5,4.3,5.5,0.4,199,5,3.9,5.0,0.4,199,5,63,29.73,,0,0,0,69.3,66.0,64.4,0.28,0.48,0.44
TICO,2017-08-21 19:10:00 EDT,43.87469,-73.41879,274,77.1,79.3,77.1,69.6,66.4,0.000,0.000,0.00,0.000,3.3,3.7,0.2,183,3,3.7,4.4,0.2,185,3,3.3,3.7,0.2,183,3,52,29.73,,0,0,0,69.3,66.0,64.4,0.28,0.48,0.44
TICO,2017-08-21 19:15:00 EDT,43.87469,-73.41879,274,77.1,79.0,77.1,68.7,66.0,0.000,0.000,0.00,0.000,2.3,2.9,0.3,185,5,2.6,3.3,0.3,188,6,2.3,2.9,0.3,185,5,43,29.73,,0,0,0,69.3,66.0,64.4,0.28,0.48,0.44
TICO,2017-08-21 19:20:00 EDT,43.87469,-73.41879,274,77.0,78.5,77.0,67.7,65.5,0.000,0.000,0.00,0.000,1.8,2.3,0.3,206,7,2.0,2.6,0.3,210,7,1.8,2.3,0.3,206,7,35,29.73,,0,0,0,69.3,66.0,64.4,0.27,0.48,0.44
TICO,2017-08-21 19:25:00 EDT,43.87469,-73.41879,274,75.8,77.5,75.8,70.8,65.7,0.000,0.000,0.00,0.000,1.9,2.3,0.2,232,10,2.0,2.4,0.2,231,10,1.9,2.3,0.2,232,10,27,29.73,,0,0,0,69.3,66.0,64.4,0.28,0.48,0.44
TICO,2017-08-21 19:30:00 EDT,43.87469,-73.41879,274,75.3,77.4,75.3,73.5,66.2,0.000,0.000,0.00,0.000,2.1,2.8,0.3,222,12,2.2,3.1,0.3,223,11,2.1,2.8,0.3,222,12,19,29.73,,0,0,0,69.3,66.0,64.4,0.27,0.48,0.44
TICO,2017-08-21 19:35:00 EDT,43.87469,-73.41879,274,74.5,76.7,74.5,76.6,66.7,0.000,0.000,0.00,0.000,2.4,3.1,0.4,225,7,2.4,3.4,0.4,225,6,2.4,3.1,0.4,225,7,14,29.73,,0,0,0,69.3,66.0,64.4,0.28,0.48,0.44
TICO,2017-08-21 19:40:00 EDT,43.87469,-73.41879,274,73.5,76.0,73.5,79.0,66.6,0.000,0.000,0.00,0.000,3.2,3.9,0.3,214,14,3.4,4.5,0.5,214,13,3.2,3.9,0.3,214,14,10,29.73,,0,0,0,69.2,66.0,64.4,0.28,0.47,0.44
TICO,2017-08-21 19:45:00 EDT,43.87469,-73.41879,274,72.8,76.3,72.8,79.2,66.0,0.000,0.000,0.00,0.000,4.7,6.3,0.6,190,4,5.2,6.6,0.7,191,4,4.7,6.3,0.6,190,4,7,29.73,,0,0,0,69.2,66.0,64.4,0.28,0.48,0.44
TICO,2017-08-21 19:50:00 EDT,43.87469,-73.41879,274,72.5,76.6,72.5,77.9,65.3,0.000,0.000,0.00,0.000,5.6,6.1,0.2,193,4,6.1,6.6,0.3,194,4,5.6,6.1,0.2,193,4,4,29.73,,0,0,0,69.1,66.0,64.4,0.27,0.48,0.44
TICO,2017-08-21 19:55:00 EDT,43.87469,-73.41879,274,72.9,75.8,72.9,76.8,65.2,0.000,0.000,0.00,0.000,5.5,6.1,0.3,201,6,6.0,6.7,0.3,202,5,5.5,6.1,0.3,201,6,3,29.73,,0,0,0,69.0,66.0,64.4,0.27,0.48,0.44
TICO,2017-08-21 20:00:00 EDT,43.87469,-73.41879,274,72.1,75.0,72.1,79.1,65.2,0.000,0.000,0.00,0.000,5.2,6.3,0.4,211,7,5.4,6.9,0.5,211,7,5.2,6.3,0.4,211,7,2,29.73,,0,0,0,68.9,66.0,64.4,0.28,0.47,0.44
TICO,2017-08-21 20:05:00 EDT,43.87469,-73.41879,274,72.1,74.8,72.1,80.5,65.8,0.000,0.000,0.00,0.000,4.4,5.3,0.4,224,5,4.5,5.7,0.4,224,4,4.4,5.3,0.4,224,5,1,29.73,,0,0,0,68.9,66.0,64.4,0.27,0.48,0.44
TICO,2017-08-21 20:10:00 EDT,43.87469,-73.41879,274,72.0,74.4,72.0,79.2,65.2,0.000,0.000,0.00,0.000,4.1,4.8,0.3,212,8,4.3,5.1,0.4,213,8,4.1,4.8,0.3,212,8,1,29.73,,0,0,0,68.9,66.0,64.4,0.27,0.48,0.44
TICO,2017-08-21 20:15:00 EDT,43.87469,-73.41879,274,71.5,74.2,71.5,78.8,64.6,0.000,0.000,0.00,0.000,4.4,5.5,0.4,194,4,4.9,5.8,0.5,195,3,4.4,5.5,0.4,194,4,1,29.72,,0,0,0,68.9,66.0,64.4,0.28,0.48,0.44
TICO,2017-08-21 20:20:00 EDT,43.87469,-73.41879,274,72.0,74.3,72.0,77.3,64.5,0.000,0.000,0.00,0.000,4.6,5.2,0.3,193,3,5.0,5.9,0.3,194,3,4.6,5.2,0.3,193,3,1,29.73,,0,0,0,68.9,66.0,64.4,0.27,0.48,0.44
TICO,2017-08-21 20:25:00 EDT,43.87469,-73.41879,274,71.6,74.1,71.6,77.5,64.2,0.000,0.000,0.00,0.000,4.2,5.0,0.4,188,4,4.6,5.4,0.4,190,3,4.2,5.0,0.4,188,4,1,29.73,,0,0,0,68.9,66.0,64.4,0.27,0.48,0.44
TICO,2017-08-21 20:30:00 EDT,43.87469,-73.41879,274,71.8,73.9,71.8,78.2,64.6,0.000,0.000,0.00,0.000,3.8,4.7,0.3,181,4,4.2,5.0,0.3,182,5,3.8,4.7,0.3,181,4,1,29.73,,0,0,0,68.9,66.0,64.4,0.27,0.48,0.44
TICO,2017-08-21 20:35:00 EDT,43.87469,-73.41879,274,71.8,73.5,71.8,78.3,64.7,0.000,0.000,0.00,0.000,4.1,4.7,0.3,175,3,4.4,5.2,0.4,176,3,4.1,4.7,0.3,175,3,1,29.73,,0,0,0,68.9,66.0,64.4,0.27,0.47,0.44
TICO,2017-08-21 20:40:00 EDT,43.87469,-73.41879,274,71.1,73.1,71.1,78.0,63.9,0.000,0.000,0.00,0.000,5.0,6.7,0.6,184,5,5.4,7.7,0.7,185,5,5.0,6.7,0.6,184,5,1,29.73,,0,0,0,68.7,66.0,64.4,0.27,0.48,0.44
TICO,2017-08-21 20:45:00 EDT,43.87469,-73.41879,274,70.2,73.4,70.2,79.2,63.5,0.000,0.000,0.00,0.000,6.3,7.3,0.6,192,3,6.8,8.0,0.6,193,3,6.3,7.3,0.6,192,3,1,29.73,,0,0,0,68.5,66.0,64.4,0.27,0.48,0.44
TICO,2017-08-21 20:50:00 EDT,43.87469,-73.41879,274,70.0,73.0,70.0,80.4,63.6,0.000,0.000,0.00,0.000,6.8,7.4,0.3,192,3,7.3,8.1,0.3,193,2,6.8,7.4,0.3,192,3,1,29.73,,0,0,0,68.5,66.0,64.4,0.27,0.48,0.44
TICO,2017-08-21 20:55:00 EDT,43.87469,-73.41879,274,68.9,72.1,68.9,83.0,63.5,0.000,0.000,0.00,0.000,6.2,7.5,0.5,198,4,6.6,7.8,0.5,198,4,6.2,7.5,0.5,198,4,1,29.73,,0,0,0,68.5,66.0,64.4,0.28,0.48,0.44
TICO,2017-08-21 21:00:00 EDT,43.87469,-73.41879,274,68.8,72.1,68.8,83.8,63.7,0.000,0.000,0.00,0.000,5.2,6.0,0.6,211,3,5.3,6.8,0.6,213,3,5.2,6.0,0.6,211,3,1,29.73,,0,0,0,68.5,66.0,64.4,0.28,0.48,0.44
TICO,2017-08-21 21:05:00 EDT,43.87469,-73.41879,274,69.1,72.0,69.1,82.6,63.6,0.000,0.000,0.00,0.000,5.3,7.8,0.5,202,5,5.7,7.6,0.5,203,4,5.3,7.8,0.5,202,5,1,29.73,,0,0,0,68.5,66.0,64.4,0.27,0.48,0.44
TICO,2017-08-21 21:10:00 EDT,43.87469,-73.41879,274,69.2,71.6,69.2,82.6,63.7,0.000,0.000,0.00,0.000,4.8,6.5,0.6,200,5,5.3,7.0,0.6,200,4,4.8,6.5,0.6,200,5,1,29.73,,0,0,0,68.5,66.0,64.4,0.28,0.48,0.44
TICO,2017-08-21 21:15:00 EDT,43.87469,-73.41879,274,69.2,71.4,69.2,83.3,64.0,0.000,0.000,0.00,0.000,5.1,5.8,0.3,183,3,5.6,6.4,0.4,184,3,5.1,5.8,0.3,183,3,1,29.73,,0,0,0,68.5,66.0,64.4,0.28,0.48,0.44
TICO,2017-08-21 21:20:00 EDT,43.87469,-73.41879,274,69.7,71.8,69.7,82.7,64.2,0.000,0.000,0.00,0.000,5.0,6.2,0.5,183,5,5.4,6.8,0.6,184,5,5.0,6.2,0.5,183,5,1,29.73,,0,0,0,68.5,66.0,64.4,0.28,0.48,0.44
TICO,2017-08-21 21:25:00 EDT,43.87469,-73.41879,274,69.8,72.0,69.8,80.5,63.5,0.000,0.000,0.00,0.000,3.7,4.7,0.4,189,7,4.1,5.6,0.5,191,7,3.7,4.7,0.4,189,7,1,29.73,,0,0,0,68.5,66.0,64.4,0.27,0.48,0.44
TICO,2017-08-21 21:30:00 EDT,43.87469,-73.41879,274,70.7,72.5,70.7,79.1,63.8,0.000,0.000,0.00,0.000,4.0,5.2,0.5,185,8,4.3,6.2,0.7,186,8,4.0,5.2,0.5,185,8,1,29.73,,0,0,0,68.5,66.0,64.4,0.27,0.48,0.44
TICO,2017-08-21 21:35:00 EDT,43.87469,-73.41879,274,71.3,72.3,71.3,77.0,63.8,0.000,0.000,0.00,0.000,4.0,5.2,0.6,185,8,4.3,5.9,0.7,186,8,4.0,5.2,0.6,185,8,1,29.73,,0,0,0,68.4,66.0,64.4,0.27,0.48,0.44
TICO,2017-08-21 21:40:00 EDT,43.87469,-73.41879,274,70.8,72.0,70.8,77.0,63.3,0.000,0.000,0.00,0.000,4.5,5.7,0.6,192,7,4.9,6.5,0.7,193,6,4.5,5.7,0.6,192,7,0,29.73,,0,0,0,68.3,66.0,64.4,0.27,0.48,0.44
TICO,2017-08-21 21:45:00 EDT,43.87469,-73.41879,274,69.9,71.6,69.9,79.1,63.2,0.000,0.000,0.00,0.000,5.3,6.3,0.5,187,7,5.7,7.1,0.6,188,5,5.3,6.3,0.5,187,7,0,29.73,,0,0,0,68.2,66.0,64.4,0.27,0.48,0.44
TICO,2017-08-21 21:50:00 EDT,43.87469,-73.41879,274,69.2,71.6,69.2,81.7,63.4,0.000,0.000,0.00,0.000,6.3,8.0,0.7,187,8,6.8,8.5,0.7,188,8,6.3,8.0,0.7,187,8,0,29.73,,0,0,0,68.2,66.0,64.4,0.27,0.48,0.44
TICO,2017-08-21 21:55:00 EDT,43.87469,-73.41879,274,69.1,70.9,69.1,82.7,63.6,0.000,0.000,0.00,0.000,5.0,6.4,0.7,204,10,5.4,7.0,0.7,203,9,5.0,6.4,0.7,204,10,1,29.73,,0,0,0,68.2,66.1,64.4,0.27,0.48,0.44
TICO,2017-08-21 22:00:00 EDT,43.87469,-73.41879,274,69.2,71.1,69.2,82.4,63.6,0.000,0.000,0.00,0.000,5.2,6.7,0.8,196,9,5.7,7.4,0.9,196,8,5.2,6.7,0.8,196,9,1,29.73,,0,0,0,68.2,66.0,64.4,0.27,0.48,0.44
TICO,2017-08-21 22:05:00 EDT,43.87469,-73.41879,274,69.3,71.9,69.3,83.0,63.9,0.000,0.000,0.00,0.000,5.1,7.4,0.7,179,9,5.5,8.1,0.8,180,8,5.1,7.4,0.7,179,9,1,29.73,,0,0,0,68.2,66.1,64.4,0.27,0.48,0.44
TICO,2017-08-21 22:10:00 EDT,43.87469,-73.41879,274,69.0,71.0,69.0,82.9,63.6,0.000,0.000,0.00,0.000,3.2,5.1,0.7,221,24,3.4,6.5,1.0,224,24,3.2,5.1,0.7,221,24,1,29.72,,0,0,0,68.2,66.2,64.4,0.27,0.48,0.44
TICO,2017-08-21 22:15:00 EDT,43.87469,-73.41879,274,70.1,72.6,70.1,81.6,64.2,0.000,0.000,0.00,0.000,4.3,5.6,0.5,199,6,4.6,6.3,0.7,199,5,4.3,5.6,0.5,199,6,0,29.72,,0,0,0,68.2,66.2,64.4,0.27,0.48,0.44
TICO,2017-08-21 22:20:00 EDT,43.87469,-73.41879,274,69.9,72.3,69.9,81.1,63.8,0.000,0.000,0.00,0.000,4.5,6.1,0.7,210,12,4.8,6.5,0.9,209,12,4.5,6.1,0.7,210,12,0,29.72,,0,0,0,68.2,66.3,64.4,0.27,0.48,0.44
TICO,2017-08-21 22:25:00 EDT,43.87469,-73.41879,274,68.9,70.4,68.9,82.0,63.2,0.000,0.000,0.00,0.000,2.3,3.3,0.5,265,14,2.7,3.8,0.6,268,15,2.3,3.3,0.5,265,14,0,29.72,,0,0,0,68.2,66.3,64.4,0.27,0.47,0.44
TICO,2017-08-21 22:30:00 EDT,43.87469,-73.41879,274,69.0,70.1,69.0,83.5,63.8,0.000,0.000,0.00,0.000,2.7,3.5,0.4,236,12,2.8,3.6,0.4,235,11,2.7,3.5,0.4,236,12,0,29.72,,0,0,0,68.1,66.3,64.4,0.27,0.48,0.44
TICO,2017-08-21 22:35:00 EDT,43.87469,-73.41879,274,69.4,70.5,69.4,84.0,64.3,0.000,0.000,0.00,0.000,2.1,2.6,0.3,227,9,2.1,3.0,0.4,226,8,2.1,2.6,0.3,227,9,0,29.72,,0,0,0,68.1,66.4,64.4,0.27,0.48,0.44
TICO,2017-08-21 22:40:00 EDT,43.87469,-73.41879,274,69.6,71.0,69.6,82.9,64.2,0.000,0.000,0.00,0.000,1.4,3.0,0.7,243,17,1.6,3.0,0.7,245,17,1.4,3.0,0.7,243,17,0,29.72,,0,0,0,67.9,66.4,64.4,0.27,0.48,0.44
TICO,2017-08-21 22:45:00 EDT,43.87469,-73.41879,274,69.5,70.9,69.5,82.4,63.9,0.000,0.000,0.00,0.000,1.5,2.3,0.3,250,9,1.7,2.7,0.5,251,10,1.5,2.3,0.3,250,9,0,29.72,,0,0,0,67.8,66.4,64.4,0.27,0.48,0.44
TICO,2017-08-21 22:50:00 EDT,43.87469,-73.41879,274,69.2,71.2,69.2,82.4,63.6,0.000,0.000,0.00,0.000,1.4,2.4,0.4,266,5,1.7,3.0,0.4,269,7,1.4,2.4,0.4,266,5,0,29.72,,0,0,0,67.8,66.4,64.4,0.27,0.48,0.44
TICO,2017-08-21 22:55:00 EDT,43.87469,-73.41879,274,69.3,70.9,69.3,82.4,63.7,0.000,0.000,0.00,0.000,1.7,2.5,0.4,246,10,1.9,2.8,0.4,247,13,1.7,2.5,0.4,246,10,1,29.72,,0,0,0,67.8,66.4,64.4,0.27,0.48,0.44
TICO,2017-08-21 23:00:00 EDT,43.87469,-73.41879,274,69.3,71.2,69.3,84.4,64.4,0.000,0.000,0.00,0.000,1.8,2.6,0.4,214,16,1.9,2.8,0.4,213,15,1.8,2.6,0.4,214,16,1,29.72,,0,0,0,67.8,66.4,64.4,0.27,0.47,0.44
TICO,2017-08-21 23:05:00 EDT,43.87469,-73.41879,274,70.2,71.3,70.2,84.1,65.1,0.000,0.000,0.00,0.000,1.8,2.9,0.4,210,11,2.0,2.9,0.4,211,11,1.8,2.9,0.4,210,11,0,29.72,,0,0,0,67.8,66.4,64.4,0.27,0.48,0.44
TICO,2017-08-21 23:10:00 EDT,43.87469,-73.41879,274,69.7,71.2,69.7,81.8,63.8,0.000,0.000,0.00,0.000,2.2,3.7,0.6,241,9,2.3,3.8,0.6,241,10,2.2,3.7,0.6,241,9,0,29.72,,0,0,0,67.8,66.4,64.4,0.27,0.48,0.44
TICO,2017-08-21 23:15:00 EDT,43.87469,-73.41879,274,69.3,71.3,69.3,79.2,62.6,0.000,0.000,0.00,0.000,4.3,5.0,0.6,221,6,4.3,5.3,0.6,222,5,4.3,5.0,0.6,221,6,0,29.72,,0,0,0,67.8,66.4,64.4,0.27,0.48,0.44
TICO,2017-08-21 23:20:00 EDT,43.87469,-73.41879,274,68.7,71.1,68.7,78.9,61.9,0.000,0.000,0.00,0.000,3.8,4.5,0.3,219,5,3.8,4.5,0.4,220,3,3.8,4.5,0.3,219,5,0,29.72,,0,0,0,67.8,66.4,64.4,0.27,0.48,0.44
TICO,2017-08-21 23:25:00 EDT,43.87469,-73.41879,274,65.7,69.3,65.7,83.5,60.6,0.000,0.000,0.00,0.000,2.7,3.3,0.3,217,9,2.7,3.5,0.4,220,8,2.7,3.3,0.3,217,9,0,29.73,,0,0,0,67.8,66.4,64.4,0.27,0.48,0.44
TICO,2017-08-21 23:30:00 EDT,43.87469,-73.41879,274,65.2,69.2,65.2,88.1,61.6,0.000,0.000,0.00,0.000,2.8,3.4,0.2,210,6,2.9,3.6,0.4,212,5,2.8,3.4,0.2,210,6,0,29.73,,0,0,0,67.8,66.4,64.4,0.27,0.48,0.44
TICO,2017-08-21 23:35:00 EDT,43.87469,-73.41879,274,66.3,70.6,66.3,89.8,63.2,0.000,0.000,0.00,0.000,3.6,4.3,0.4,210,3,3.8,4.4,0.4,211,3,3.6,4.3,0.4,210,3,0,29.73,,0,0,0,67.7,66.4,64.4,0.27,0.48,0.44
TICO,2017-08-21 23:40:00 EDT,43.87469,-73.41879,274,66.8,71.6,66.8,86.6,62.7,0.000,0.000,0.00,0.000,4.6,5.3,0.3,216,2,4.7,5.2,0.3,217,2,4.6,5.3,0.3,216,2,0,29.73,,0,0,0,67.7,66.4,64.4,0.27,0.48,0.44
TICO,2017-08-21 23:45:00 EDT,43.87469,-73.41879,274,66.5,72.1,66.5,83.7,61.4,0.000,0.000,0.00,0.000,5.2,5.9,0.3,216,4,5.4,6.4,0.4,216,4,5.2,5.9,0.3,216,4,0,29.73,,0,0,0,67.5,66.4,64.4,0.27,0.48,0.44
TICO,2017-08-21 23:50:00 EDT,43.87469,-73.41879,274,64.5,69.0,64.5,87.1,60.6,0.000,0.000,0.00,0.000,3.1,5.3,1.5,229,32,3.3,5.5,1.5,232,34,3.1,5.3,1.5,229,32,0,29.73,,0,0,0,67.5,66.4,64.4,0.27,0.48,0.44
TICO,2017-08-21 23:55:00 EDT,43.87469,-73.41879,274,64.4,65.9,64.4,90.3,61.5,0.000,0.000,0.00,0.000,1.8,2.6,0.3,326,22,2.0,3.5,0.6,332,22,1.8,2.6,0.3,326,22,0,29.73,,0,0,0,67.5,66.4,64.4,0.27,0.48,0.44
TULL,2017-08-21 00:00:00 EDT,42.79463,-76.11555,1241,58.4,61.3,58.4,96.7,57.4,0.000,0.000,0.00,0.000,1.1,1.8,0.5,27,22,1.5,2.6,0.6,30,24,1.1,1.8,0.5,27,22,0,28.85,,0,0,0,69.3,69.3,67.1,0.20,0.22,0.14
TULL,2017-08-21 00:05:00 EDT,42.79463,-76.11555,1241,58.9,61.3,58.9,96.9,58.0,0.000,0.000,0.00,0.000,1.1,2.0,0.6,355,8,1.4,3.0,0.8,357,9,1.1,2.0,0.6,355,8,0,28.85,,0,0,0,69.3,69.3,67.1,0.20,0.22,0.14
TULL,2017-08-21 00:10:00 EDT,42.79463,-76.11555,1241,58.7,62.1,58.7,97.2,57.9,0.000,0.000,0.00,0.000,0.3,0.9,0.4,339,9,0.7,1.5,0.6,347,9,0.3,0.9,0.4,339,9,0,28.85,,0,0,0,69.3,69.3,67.1,0.20,0.22,0.14
TULL,2017-08-21 00:15:00 EDT,42.79463,-76.11555,1241,57.8,62.6,57.8,96.9,56.9,0.000,0.000,0.00,0.000,0.4,2.0,0.5,325,8,0.6,2.7,0.7,327,28,0.4,2.0,0.5,325,8,0,28.85,,0,0,0,69.3,69.3,67.1,0.20,0.22,0.14
TULL,2017-08-21 00:20:00 EDT,42.79463,-76.11555,1241,58.2,62.1,58.2,97.1,57.3,0.000,0.000,0.00,0.000,0.4,1.1,0.4,78,12,0.9,1.7,0.4,70,20,0.4,1.1,0.4,78,12,0,28.85,,0,0,0,69.3,69.3,67.1,0.20,0.22,0.14
TULL,2017-08-21 00:25:00 EDT,42.79463,-76.11555,1241,58.2,61.3,58.2,97.5,57.5,0.000,0.000,0.00,0.000,1.2,1.6,0.3,47,14,1.3,2.2,0.3,48,14,1.2,1.6,0.3,47,14,1,28.85,,0,0,0,69.3,69.3,67.1,0.20,0.22,0.14
TULL,2017-08-21 00:30:00 EDT,42.79463,-76.11555,1241,58.4,61.6,58.4,97.7,57.8,0.000,0.000,0.00,0.000,1.2,1.7,0.2,19,7,1.5,2.4,0.3,23,8,1.2,1.7,0.2,19,7,0,28.86,,0,0,0,69.3,69.3,67.1,0.20,0.22,0.14
TULL,2017-08-21 00:35:00 EDT,42.79463,-76.11555,1241,57.9,61.4,57.9,97.3,57.2,0.000,0.000,0.00,0.000,0.8,1.4,0.4,36,16,1.1,1.6,0.4,41,13,0.8,1.4,0.4,36,16,0,28.86,,0,0,0,69.2,69.3,67.1,0.20,0.22,0.14
TULL,2017-08-21 00:40:00 EDT,42.79463,-76.11555,1241,57.9,61.0,57.9,97.4,57.2,0.000,0.000,0.00,0.000,1.2,1.8,0.4,39,9,1.4,1.9,0.3,45,11,1.2,1.8,0.4,39,9,0,28.86,,0,0,0,68.9,69.3,67.1,0.20,0.22,0.14
TULL,2017-08-21 00:45:00 EDT,42.79463,-76.11555,1241,57.8,60.6,57.8,97.5,57.1,0.000,0.000,0.00,0.000,1.2,1.9,0.4,57,17,1.5,2.5,0.4,58,20,1.2,1.9,0.4,57,17,0,28.86,,0,0,0,68.9,69.3,67.1,0.20,0.22,0.14
TULL,2017-08-21 00:50:00 EDT,42.79463,-76.11555,1241,57.8,60.9,57.8,97.3,57.0,0.000,0.000,0.00,0.000,0.3,1.1,0.4,80,30,0.6,1.8,0.6,86,34,0.3,1.1,0.4,80,30,0,28.86,,0,0,0,68.9,69.3,67.1,0.20,0.22,0.14
TULL,2017-08-21 00:55:00 EDT,42.79463,-76.11555,1241,57.8,60.4,57.8,97.3,57.0,0.000,0.000,0.00,0.000,0.3,1.2,0.4,63,6,0.6,1.9,0.5,62,14,0.3,1.2,0.4,63,6,0,28.86,,0,0,0,68.9,69.3,67.1,0.20,0.22,0.14
TULL,2017-08-21 01:00:00 EDT,42.79463,-76.11555,1241,56.9,60.4,56.9,97.1,56.1,0.000,0.000,0.00,0.000,0.4,1.3,0.4,46,2,0.7,1.6,0.5,40,10,0.4,1.3,0.4,46,2,0,28.85,,0,0,0,68.9,69.3,67.1,0.20,0.22,0.14
TULL,2017-08-21 01:05:00 EDT,42.79463,-76.11555,1241,57.2,59.9,57.2,97.3,56.5,0.000,0.000,0.00,0.000,0.5,1.1,0.4,53,17,1.0,1.5,0.3,59,23,0.5,1.1,0.4,53,17,0,28.85,,0,0,0,68.9,69.3,67.1,0.20,0.22,0.14
TULL,2017-08-21 01:10:00 EDT,42.79463,-76.11555,1241,57.3,59.5,57.3,97.5,56.6,0.000,0.000,0.00,0.000,0.9,1.2,0.2,65,24,1.3,1.8,0.2,65,23,0.9,1.2,0.2,65,24,0,28.85,,0,0,0,68.6,69.3,67.1,0.20,0.22,0.14
TULL,2017-08-21 01:15:00 EDT,42.79463,-76.11555,1241,57.3,59.4,57.3,97.5,56.6,0.000,0.000,0.00,0.000,0.7,1.1,0.4,64,14,1.0,1.5,0.3,62,18,0.7,1.1,0.4,64,14,1,28.86,,0,0,0,68.5,69.3,67.1,0.20,0.22,0.14
TULL,2017-08-21 01:20:00 EDT,42.79463,-76.11555,1241,57.2,59.4,57.2,97.5,56.5,0.000,0.000,0.00,0.000,0.5,1.2,0.4,59,10,1.0,1.6,0.4,51,24,0.5,1.2,0.4,59,10,0,28.86,,0,0,0,68.5,69.3,67.1,0.20,0.22,0.14
TULL,2017-08-21 01:25:00 EDT,42.79463,-76.11555,1241,57.1,59.4,57.1,97.6,56.4,0.000,0.000,0.00,0.000,1.1,1.6,0.3,66,10,1.4,2.1,0.3,64,12,1.1,1.6,0.3,66,10,1,28.86,,0,0,0,68.5,69.3,67.1,0.20,0.22,0.14
TULL,2017-08-21 01:30:00 EDT,42.79463,-76.11555,1241,57.0,59.4,57.0,97.7,56.4,0.000,0.000,0.00,0.000,1.4,1.8,0.2,45,13,1.6,2.1,0.2,45,14,1.4,1.8,0.2,45,13,0,28.86,,0,0,0,68.5,69.3,67.1,0.20,0.22,0.14
TULL,2017-08-21 01:35:00 EDT,42.79463,-76.11555,1241,57.1,59.7,57.1,97.7,56.5,0.000,0.000,0.00,0.000,0.5,1.5,0.4,8,6,1.0,1.9,0.5,11,11,0.5,1.5,0.4,8,6,0,28.86,,0,0,0,68.5,69.3,67.1,0.20,0.22,0.14
TULL,2017-08-21 01:40:00 EDT,42.79463,-76.11555,1241,56.9,59.6,56.9,97.7,56.3,0.000,0.000,0.00,0.000,1.3,1.9,0.4,50,16,1.5,2.3,0.5,54,15,1.3,1.9,0.4,50,16,0,28.85,,0,0,0,68.5,69.3,67.1,0.20,0.22,0.14
TULL,2017-08-21 01:45:00 EDT,42.79463,-76.11555,1241,57.0,59.3,57.0,97.8,56.4,0.000,0.000,0.00,0.000,1.7,2.1,0.2,55,22,1.8,2.4,0.3,59,22,1.7,2.1,0.2,55,22,0,28.86,,0,0,0,68.5,69.3,67.1,0.20,0.22,0.14
TULL,2017-08-21 01:50:00 EDT,42.79463,-76.11555,1241,56.7,59.1,56.7,97.7,56.0,0.000,0.000,0.00,0.000,1.8,2.3,0.4,64,8,2.0,2.9,0.5,67,9,1.8,2.3,0.4,64,8,0,28.85,,0,0,0,68.5,69.3,67.1,0.20,0.22,0.14
TULL,2017-08-21 01:55:00 EDT,42.79463,-76.11555,1241,57.1,58.9,57.1,97.9,56.5,0.000,0.000,0.00,0.000,2.3,2.8,0.3,70,8,2.7,3.3,0.3,73,9,2.3,2.8,0.3,70,8,0,28.85,,0,0,0,68.3,69.3,67.1,0.20,0.22,0.14
TULL,2017-08-21 02:00:00 EDT,42.79463,-76.11555,1241,57.2,58.7,57.2,97.7,56.5,0.000,0.000,0.00,0.000,2.6,3.2,0.3,69,13,2.9,3.6,0.3,73,15,2.6,3.2,0.3,69,13,0,28.85,,0,0,0,68.2,69.3,67.1,0.20,0.22,0.14
TULL,2017-08-21 02:05:00 EDT,42.79463,-76.11555,1241,57.3,58.6,57.3,97.5,56.6,0.000,0.000,0.00,0.000,1.9,2.6,0.4,64,7,2.0,3.1,0.4,66,9,1.9,2.6,0.4,64,7,0,28.85,,0,0,0,68.2,69.3,67.1,0.20,0.22,0.14
TULL,2017-08-21 02:10:00 EDT,42.79463,-76.11555,1241,57.2,58.8,57.2,97.4,56.5,0.000,0.000,0.00,0.000,2.2,2.6,0.3,69,8,2.5,3.1,0.4,70,10,2.2,2.6,0.3,69,8,0,28.85,,0,0,0,68.2,69.3,67.1,0.20,0.22,0.14
TULL,2017-08-21 02:15:00 EDT,42.79463,-76.11555,1241,57.3,58.6,57.3,97.2,56.5,0.000,0.000,0.00,0.000,1.1,1.9,0.5,78,9,1.5,2.5,0.6,77,10,1.1,1.9,0.5,78,9,0,28.85,,0,0,0,68.2,69.3,67.1,0.20,0.22,0.14
TULL,2017-08-21 02:20:00 EDT,42.79463,-76.11555,1241,57.4,58.6,57.4,97.4,56.7,0.000,0.000,0.00,0.000,1.5,1.8,0.2,67,10,1.7,2.5,0.3,68,12,1.5,1.8,0.2,67,10,0,28.85,,0,0,0,68.2,69.3,67.1,0.20,0.22,0.14
TULL,2017-08-21 02:25:00 EDT,42.79463,-76.11555,1241,56.8,58.6,56.8,97.4,56.0,0.000,0.000,0.00,0.000,1.6,1.9,0.1,57,4,1.6,2.1,0.2,54,6,1.6,1.9,0.1,57,4,0,28.85,,0,0,0,67.9,69.3,67.1,0.20,0.22,0.14
TULL,2017-08-21 02:30:00 EDT,42.79463,-76.11555,1241,56.6,58.7,56.6,97.4,55.9,0.000,0.000,0.00,0.000,0.8,1.4,0.2,49,3,1.1,1.4,0.2,56,9,0.8,1.4,0.2,49,3,0,28.85,,0,0,0,67.8,69.3,67.1,0.20,0.22,0.14
TULL,2017-08-21 02:35:00 EDT,42.79463,-76.11555,1241,56.8,59.0,56.8,97.6,56.2,0.000,0.000,0.00,0.000,0.3,1.0,0.3,67,15,0.8,1.7,0.5,80,21,0.3,1.0,0.3,67,15,0,28.85,,0,0,0,67.8,69.3,67.1,0.20,0.22,0.14
TULL,2017-08-21 02:40:00 EDT,42.79463,-76.11555,1241,56.7,58.6,56.7,97.7,56.1,0.000,0.000,0.00,0.000,1.1,1.7,0.3,84,11,1.5,2.4,0.4,79,12,1.1,1.7,0.3,84,11,0,28.85,,0,0,0,67.8,69.3,67.1,0.20,0.22,0.14
TULL,2017-08-21 02:45:00 EDT,42.79463,-76.11555,1241,56.6,59.0,56.6,97.7,56.0,0.000,0.000,0.00,0.000,1.0,1.5,0.3,95,24,1.3,1.9,0.4,92,24,1.0,1.5,0.3,95,24,0,28.86,,0,0,0,67.8,69.3,67.1,0.20,0.22,0.14
TULL,2017-08-21 02:50:00 EDT,42.79463,-76.11555,1241,56.5,59.3,56.5,97.7,55.9,0.000,0.000,0.00,0.000,0.8,1.7,0.5,131,10,1.1,2.0,0.5,124,20,0.8,1.7,0.5,131,10,0,28.86,,0,0,0,67.8,69.3,67.1,0.20,0.22,0.14
TULL,2017-08-21 02:55:00 EDT,42.79463,-76.11555,1241,55.9,59.3,55.9,97.4,55.2,0.000,0.000,0.00,0.000,0.6,1.2,0.3,88,16,1.0,1.9,0.4,82,18,0.6,1.2,0.3,88,16,0,28.86,,0,0,0,67.8,69.2,67.1,0.20,0.22,0.14
TULL,2017-08-21 03:00:00 EDT,42.79463,-76.11555,1241,56.0,59.1,56.0,97.6,55.3,0.000,0.000,0.00,0.000,0.7,1.2,0.4,43,10,1.0,1.5,0.3,40,9,0.7,1.2,0.4,43,10,0,28.86,,0,0,0,67.8,69.2,67.1,0.20,0.22,0.14
TULL,2017-08-21 03:05:00 EDT,42.79463,-76.11555,1241,56.2,59.2,56.2,97.8,55.5,0.000,0.000,0.00,0.000,0.2,1.0,0.3,24,3,0.5,1.2,0.5,37,19,0.2,1.0,0.3,24,3,0,28.86,,0,0,0,67.8,69.1,67.1,0.20,0.22,0.14
TULL,2017-08-21 03:10:00 EDT,42.79463,-76.11555,1241,56.1,59.2,56.1,97.8,55.5,0.000,0.000,0.00,0.000,0.1,0.5,0.2,159,7,0.5,1.8,0.5,135,31,0.1,0.5,0.2,159,7,0,28.86,,0,0,0,67.7,69.0,67.1,0.20,0.22,0.14
TULL,2017-08-21 03:15:00 EDT,42.79463,-76.11555,1241,55.9,59.1,55.9,97.8,55.3,0.000,0.000,0.00,0.000,1.0,1.8,0.5,88,22,1.4,2.3,0.5,81,22,1.0,1.8,0.5,88,22,0,28.86,,0,0,0,67.5,68.9,67.1,0.20,0.22,0.14
TULL,2017-08-21 03:20:00 EDT,42.79463,-76.11555,1241,56.1,58.4,56.1,97.9,55.5,0.000,0.000,0.00,0.000,1.7,2.2,0.3,51,9,1.7,2.4,0.3,52,9,1.7,2.2,0.3,51,9,0,28.86,,0,0,0,67.5,68.9,67.1,0.20,0.22,0.14
TULL,2017-08-21 03:25:00 EDT,42.79463,-76.11555,1241,56.0,58.4,56.0,97.9,55.4,0.000,0.000,0.00,0.000,0.6,1.5,0.5,35,2,0.7,1.7,0.6,41,4,0.6,1.5,0.5,35,2,0,28.86,,0,0,0,67.5,68.9,67.1,0.20,0.22,0.14
TULL,2017-08-21 03:30:00 EDT,42.79463,-76.11555,1241,55.9,58.5,55.9,97.7,55.3,0.000,0.000,0.00,0.000,0.2,1.4,0.5,61,1,0.5,1.9,0.6,65,7,0.2,1.4,0.5,61,1,0,28.86,,0,0,0,67.5,68.9,67.1,0.20,0.22,0.14
TULL,2017-08-21 03:35:00 EDT,42.79463,-76.11555,1241,55.9,57.9,55.9,97.8,55.3,0.000,0.000,0.00,0.000,1.8,2.3,0.3,57,7,1.8,2.2,0.2,56,6,1.8,2.3,0.3,57,7,0,28.85,,0,0,0,67.5,68.9,67.1,0.20,0.22,0.14
TULL,2017-08-21 03:40:00 EDT,42.79463,-76.11555,1241,56.2,57.8,56.2,97.8,55.6,0.000,0.000,0.00,0.000,2.6,3.2,0.3,53,5,2.5,3.2,0.4,54,5,2.6,3.2,0.3,53,5,0,28.85,,0,0,0,67.5,68.9,67.1,0.20,0.22,0.14
TULL,2017-08-21 03:45:00 EDT,42.79463,-76.11555,1241,56.2,57.7,56.2,97.7,55.6,0.000,0.000,0.00,0.000,2.4,3.0,0.2,63,3,2.5,3.2,0.3,64,5,2.4,3.0,0.2,63,3,0,28.85,,0,0,0,67.4,68.9,67.1,0.20,0.22,0.14
TULL,2017-08-21 03:50:00 EDT,42.79463,-76.11555,1241,56.2,57.6,56.2,97.4,55.4,0.000,0.000,0.00,0.000,2.0,2.4,0.2,65,5,2.2,2.7,0.2,66,7,2.0,2.4,0.2,65,5,0,28.86,,0,0,0,67.1,68.9,67.1,0.20,0.22,0.14
TULL,2017-08-21 03:55:00 EDT,42.79463,-76.11555,1241,56.2,57.7,56.2,97.3,55.4,0.000,0.000,0.00,0.000,1.8,2.6,0.4,76,16,2.1,3.3,0.6,77,16,1.8,2.6,0.4,76,16,0,28.86,,0,0,0,67.1,68.9,67.1,0.20,0.22,0.14
TULL,2017-08-21 04:00:00 EDT,42.79463,-76.11555,1241,56.0,57.4,56.0,97.3,55.2,0.000,0.000,0.00,0.000,1.9,2.3,0.3,79,13,2.1,2.9,0.4,84,15,1.9,2.3,0.3,79,13,0,28.85,,0,0,0,67.1,68.9,67.1,0.20,0.22,0.14
TULL,2017-08-21 04:05:00 EDT,42.79463,-76.11555,1241,55.9,57.4,55.9,97.2,55.1,0.000,0.000,0.00,0.000,0.9,1.6,0.3,116,18,1.1,1.8,0.4,116,19,0.9,1.6,0.3,116,18,0,28.85,,0,0,0,67.1,68.9,67.1,0.20,0.22,0.14
TULL,2017-08-21 04:10:00 EDT,42.79463,-76.11555,1241,55.9,57.3,55.9,97.3,55.1,0.000,0.000,0.00,0.000,1.2,1.8,0.3,135,29,1.5,2.4,0.3,137,31,1.2,1.8,0.3,135,29,0,28.85,,0,0,0,67.1,68.9,67.1,0.20,0.22,0.14
TULL,2017-08-21 04:15:00 EDT,42.79463,-76.11555,1241,55.8,57.2,55.8,97.3,55.0,0.000,0.000,0.00,0.000,1.1,1.3,0.1,133,5,1.2,1.6,0.2,135,9,1.1,1.3,0.1,133,5,0,28.85,,0,0,0,67.1,68.9,67.1,0.20,0.22,0.14
TULL,2017-08-21 04:20:00 EDT,42.79463,-76.11555,1241,55.5,57.2,55.5,97.5,54.8,0.000,0.000,0.00,0.000,0.7,1.1,0.3,151,8,1.0,1.4,0.3,153,14,0.7,1.1,0.3,151,8,0,28.85,,0,0,0,67.1,68.9,67.1,0.20,0.22,0.14
TULL,2017-08-21 04:25:00 EDT,42.79463,-76.11555,1241,55.6,57.4,55.6,97.5,54.9,0.000,0.000,0.00,0.000,0.7,1.1,0.2,148,12,0.9,1.5,0.4,144,17,0.7,1.1,0.2,148,12,0,28.85,,0,0,0,67.1,68.9,67.1,0.20,0.22,0.14
TULL,2017-08-21 04:30:00 EDT,42.79463,-76.11555,1241,55.9,57.7,55.9,97.7,55.3,0.000,0.000,0.00,0.000,0.9,1.2,0.3,86,16,1.2,1.7,0.2,84,18,0.9,1.2,0.3,86,16,0,28.86,,0,0,0,67.1,68.9,67.1,0.20,0.22,0.14
TULL,2017-08-21 04:35:00 EDT,42.79463,-76.11555,1241,55.6,57.6,55.6,97.7,54.9,0.000,0.000,0.00,0.000,1.2,1.8,0.3,38,15,1.3,2.1,0.2,33,14,1.2,1.8,0.3,38,15,0,28.86,,0,0,0,66.9,68.9,67.1,0.20,0.22,0.14
TULL,2017-08-21 04:40:00 EDT,42.79463,-76.11555,1241,55.6,57.8,55.6,97.8,55.0,0.000,0.000,0.00,0.000,0.8,1.2,0.2,39,19,1.0,1.6,0.3,49,18,0.8,1.2,0.2,39,19,0,28.86,,0,0,0,66.7,68.9,67.1,0.20,0.22,0.14
TULL,2017-08-21 04:45:00 EDT,42.79463,-76.11555,1241,55.3,57.9,55.3,97.7,54.6,0.000,0.000,0.00,0.000,1.0,1.5,0.4,51,8,1.2,2.0,0.4,51,12,1.0,1.5,0.4,51,8,0,28.86,,0,0,0,66.7,68.9,67.1,0.20,0.22,0.14
TULL,2017-08-21 04:50:00 EDT,42.79463,-76.11555,1241,55.8,58.6,55.8,97.9,55.2,0.000,0.000,0.00,0.000,0.6,1.2,0.4,8,9,1.0,1.6,0.4,8,17,0.6,1.2,0.4,8,9,0,28.86,,0,0,0,66.7,68.8,67.1,0.20,0.22,0.14
TULL,2017-08-21 04:55:00 EDT,42.79463,-76.11555,1241,56.2,58.9,56.2,98.1,55.7,0.000,0.000,0.00,0.000,0.2,1.4,0.4,193,10,0.4,1.5,0.5,206,32,0.2,1.4,0.4,193,10,0,28.86,,0,0,0,66.7,68.7,67.1,0.20,0.22,0.14
TULL,2017-08-21 05:00:00 EDT,42.79463,-76.11555,1241,55.7,58.8,55.7,97.9,55.1,0.000,0.000,0.00,0.000,0.4,2.7,0.7,180,10,0.7,3.7,0.8,177,15,0.4,2.7,0.7,180,10,0,28.86,,0,0,0,66.7,68.6,67.1,0.20,0.22,0.14
TULL,2017-08-21 05:05:00 EDT,42.79463,-76.11555,1241,55.6,58.5,55.6,97.9,55.0,0.000,0.000,0.00,0.000,0.0,0.7,0.1,204,2,0.2,1.4,0.4,220,19,0.0,0.7,0.1,204,2,1,28.86,,0,0,0,66.7,68.6,67.1,0.20,0.22,0.14
TULL,2017-08-21 05:10:00 EDT,42.79463,-76.11555,1241,56.1,58.4,56.1,98.2,55.6,0.000,0.000,0.00,0.000,0.1,1.0,0.3,5,0,0.4,1.3,0.5,1,10,0.1,1.0,0.3,5,0,0,28.86,,0,0,0,66.7,68.5,67.1,0.20,0.22,0.14
TULL,2017-08-21 05:15:00 EDT,42.79463,-76.11555,1241,55.2,57.4,55.2,97.8,54.6,0.000,0.000,0.00,0.000,0.9,2.2,0.7,61,15,1.3,2.6,0.6,60,21,0.9,2.2,0.7,61,15,0,28.86,,0,0,0,66.7,68.5,67.1,0.20,0.22,0.14
TULL,2017-08-21 05:20:00 EDT,42.79463,-76.11555,1241,55.0,56.9,55.0,97.8,54.4,0.000,0.000,0.00,0.000,1.9,2.4,0.2,61,9,2.0,2.7,0.3,62,10,1.9,2.4,0.2,61,9,0,28.86,,0,0,0,66.5,68.5,67.1,0.20,0.22,0.14
TULL,2017-08-21 05:25:00 EDT,42.79463,-76.11555,1241,55.4,56.7,55.4,98.1,54.8,0.000,0.000,0.00,0.000,2.5,3.1,0.3,62,8,2.7,3.9,0.5,64,9,2.5,3.1,0.3,62,8,0,28.85,,0,0,0,66.4,68.5,67.1,0.20,0.22,0.14
TULL,2017-08-21 05:30:00 EDT,42.79463,-76.11555,1241,54.9,56.5,54.9,97.7,54.2,0.000,0.000,0.00,0.000,2.0,3.1,0.6,53,12,2.0,3.4,0.7,55,12,2.0,3.1,0.6,53,12,0,28.85,,0,0,0,66.4,68.5,67.1,0.20,0.22,0.14
TULL,2017-08-21 05:35:00 EDT,42.79463,-76.11555,1241,55.0,56.9,55.0,97.7,54.3,0.000,0.000,0.00,0.000,0.5,1.4,0.5,57,24,0.8,2.1,0.6,52,29,0.5,1.4,0.5,57,24,0,28.85,,0,0,0,66.4,68.5,67.1,0.20,0.22,0.14
TULL,2017-08-21 05:40:00 EDT,42.79463,-76.11555,1241,55.3,57.4,55.3,97.8,54.7,0.000,0.000,0.00,0.000,1.0,1.8,0.4,102,40,1.2,2.0,0.5,99,38,1.0,1.8,0.4,102,40,0,28.86,,0,0,0,66.4,68.5,67.1,0.20,0.22,0.14
TULL,2017-08-21 05:45:00 EDT,42.79463,-76.11555,1241,55.0,57.0,55.0,97.7,54.3,0.000,0.000,0.00,0.000,0.8,1.2,0.2,61,36,1.1,1.5,0.2,55,38,0.8,1.2,0.2,61,36,0,28.86,,0,0,0,66.4,68.5,67.1,0.20,0.22,0.14
TULL,2017-08-21 05:50:00 EDT,42.79463,-76.11555,1241,54.9,57.4,54.9,97.6,54.2,0.000,0.000,0.00,0.000,1.3,1.8,0.3,350,8,1.8,2.6,0.3,358,6,1.3,1.8,0.3,350,8,0,28.86,,0,0,0,66.4,68.5,67.1,0.20,0.22,0.14
TULL,2017-08-21 05:55:00 EDT,42.79463,-76.11555,1241,54.7,58.6,54.7,97.7,54.1,0.000,0.000,0.00,0.000,0.1,1.4,0.3,357,3,0.4,2.1,0.5,3,22,0.1,1.4,0.3,357,3,1,28.86,,0,0,0,66.4,68.5,67.1,0.20,0.22,0.14
TULL,2017-08-21 06:00:00 EDT,42.79463,-76.11555,1241,54.8,57.1,54.8,97.8,54.2,0.000,0.000,0.00,0.000,0.6,1.5,0.6,60,4,1.1,1.9,0.5,54,16,0.6,1.5,0.6,60,4,1,28.86,,0,0,0,66.4,68.5,67.1,0.20,0.22,0.14
TULL,2017-08-21 06:05:00 EDT,42.79463,-76.11555,1241,54.6,56.9,54.6,97.8,54.0,0.000,0.000,0.00,0.000,1.4,2.0,0.3,35,15,1.6,2.6,0.3,37,13,1.4,2.0,0.3,35,15,1,28.86,,0,0,0,66.4,68.5,67.1,0.20,0.22,0.14
TULL,2017-08-21 06:10:00 EDT,42.79463,-76.11555,1241,54.5,56.7,54.5,97.8,53.9,0.000,0.000,0.00,0.000,1.0,1.8,0.5,45,15,1.3,2.1,0.4,50,16,1.0,1.8,0.5,45,15,2,28.86,,0,0,0,66.4,68.5,67.1,0.20,0.22,0.14
TULL,2017-08-21 06:15:00 EDT,42.79463,-76.11555,1241,54.8,56.4,54.8,98.0,54.3,0.000,0.000,0.00,0.000,2.4,3.1,0.4,60,13,2.5,3.4,0.5,62,13,2.4,3.1,0.4,60,13,2,28.86,,0,0,0,66.2,68.5,67.1,0.20,0.22,0.14
TULL,2017-08-21 06:20:00 EDT,42.79463,-76.11555,1241,54.6,56.4,54.6,97.8,54.0,0.000,0.000,0.00,0.000,2.1,2.9,0.4,51,6,2.1,3.2,0.4,52,6,2.1,2.9,0.4,51,6,3,28.86,,0,0,0,66.0,68.5,67.1,0.20,0.22,0.14
TULL,2017-08-21 06:25:00 EDT,42.79463,-76.11555,1241,54.5,56.4,54.5,97.7,53.8,0.000,0.000,0.00,0.000,1.5,2.3,0.5,58,11,1.7,3.0,0.5,60,15,1.5,2.3,0.5,58,11,5,28.86,,0,0,0,66.0,68.5,67.2,0.20,0.22,0.14
TULL,2017-08-21 06:30:00 EDT,42.79463,-76.11555,1241,54.5,56.3,54.5,97.6,53.8,0.000,0.000,0.00,0.000,1.6,2.6,0.4,72,28,1.9,3.5,0.5,76,27,1.6,2.6,0.4,72,28,8,28.86,,0,0,0,66.0,68.5,67.1,0.20,0.22,0.14
TULL,2017-08-21 06:35:00 EDT,42.79463,-76.11555,1241,54.9,56.6,54.9,97.8,54.3,0.000,0.000,0.00,0.000,1.1,2.0,0.3,121,28,1.4,3.1,0.3,113,25,1.1,2.0,0.3,121,28,11,28.86,,0,0,0,66.0,68.5,67.1,0.20,0.22,0.14
TULL,2017-08-21 06:40:00 EDT,42.79463,-76.11555,1241,54.4,56.2,54.4,97.6,53.7,0.000,0.000,0.00,0.000,0.9,1.5,0.4,70,10,1.3,2.0,0.4,71,13,0.9,1.5,0.4,70,10,19,28.86,,0,0,0,66.0,68.5,67.1,0.20,0.22,0.14
TULL,2017-08-21 06:45:00 EDT,42.79463,-76.11555,1241,54.7,57.1,54.7,97.7,54.1,0.000,0.000,0.00,0.000,0.8,1.9,0.4,90,38,1.1,3.0,0.6,87,37,0.8,1.9,0.4,90,38,31,28.86,,0,0,0,66.0,68.5,67.1,0.20,0.22,0.14
TULL,2017-08-21 06:50:00 EDT,42.79463,-76.11555,1241,54.7,58.2,54.7,97.6,54.0,0.000,0.000,0.00,0.000,0.3,0.9,0.3,37,19,0.7,1.4,0.5,28,20,0.3,0.9,0.3,37,19,53,28.86,,0,0,0,66.0,68.5,67.1,0.20,0.22,0.14
TULL,2017-08-21 06:55:00 EDT,42.79463,-76.11555,1241,55.9,59.1,55.9,97.8,55.3,0.000,0.000,0.00,0.000,0.1,0.8,0.2,336,6,0.3,1.8,0.5,345,29,0.1,0.8,0.2,336,6,69,28.86,,0,0,0,66.0,68.5,67.1,0.20,0.22,0.14
TULL,2017-08-21 07:00:00 EDT,42.79463,-76.11555,1241,57.9,59.4,57.9,98.1,57.4,0.000,0.000,0.00,0.000,0.8,2.6,0.7,224,26,1.3,2.9,0.6,239,34,0.8,2.6,0.7,224,26,74,28.86,,0,0,0,66.0,68.5,67.1,0.20,0.22,0.14
TULL,2017-08-21 07:05:00 EDT,42.79463,-76.11555,1241,59.1,59.8,59.1,97.8,58.5,0.000,0.000,0.00,0.000,2.1,3.7,0.5,190,17,2.5,4.1,0.6,190,18,2.1,3.7,0.5,190,17,104,28.86,,0,0,0,65.9,68.5,67.1,0.20,0.22,0.14
TULL,2017-08-21 07:10:00 EDT,42.79463,-76.11555,1241,59.5,59.9,59.5,97.1,58.7,0.000,0.000,0.00,0.000,1.5,2.8,0.6,192,24,1.7,3.1,0.8,193,25,1.5,2.8,0.6,192,24,122,28.86,,0,0,0,65.8,68.4,67.1,0.20,0.22,0.14
TULL,2017-08-21 07:15:00 EDT,42.79463,-76.11555,1241,60.0,60.3,60.0,96.1,58.9,0.000,0.000,0.00,0.000,3.4,6.9,2.1,191,18,4.0,7.8,2.1,193,18,3.4,6.9,2.1,191,18,112,28.86,,0,0,0,65.8,68.3,67.1,0.20,0.22,0.14
TULL,2017-08-21 07:20:00 EDT,42.79463,-76.11555,1241,60.7,60.8,60.7,95.3,59.3,0.000,0.000,0.00,0.000,4.9,7.7,1.1,185,11,5.5,8.9,1.3,186,8,4.9,7.7,1.1,185,11,103,28.86,,0,0,0,65.8,68.2,67.1,0.20,0.22,0.14
TULL,2017-08-21 07:25:00 EDT,42.79463,-76.11555,1241,61.0,61.2,61.0,94.0,59.2,0.000,0.000,0.00,0.000,5.5,9.2,1.4,188,12,6.2,11.3,1.6,190,9,5.5,9.2,1.4,188,12,116,28.86,,0,0,0,65.8,68.2,67.1,0.20,0.22,0.14
TULL,2017-08-21 07:30:00 EDT,42.79463,-76.11555,1241,61.2,61.4,61.2,93.1,59.2,0.000,0.000,0.00,0.000,4.4,6.9,0.9,192,11,4.9,7.3,1.0,193,10,4.4,6.9,0.9,192,11,113,28.86,,0,0,0,65.8,68.2,67.1,0.20,0.22,0.14
TULL,2017-08-21 07:35:00 EDT,42.79463,-76.11555,1241,61.3,61.6,61.3,92.7,59.2,0.000,0.000,0.00,0.000,4.8,7.2,1.1,195,11,5.2,9.1,1.2,195,10,4.8,7.2,1.1,195,11,69,28.87,,0,0,0,65.8,68.2,67.1,0.20,0.22,0.14
TULL,2017-08-21 07:40:00 EDT,42.79463,-76.11555,1241,61.5,61.7,61.5,92.4,59.3,0.000,0.000,0.00,0.000,5.6,8.0,1.3,188,10,6.0,9.4,1.4,190,9,5.6,8.0,1.3,188,10,126,28.87,,0,0,0,65.8,68.2,67.1,0.20,0.22,0.14
TULL,2017-08-21 07:45:00 EDT,42.79463,-76.11555,1241,61.8,61.9,61.8,91.9,59.4,0.000,0.000,0.00,0.000,5.7,7.7,1.0,186,9,6.3,9.1,1.1,187,7,5.7,7.7,1.0,186,9,165,28.87,,0,0,0,65.8,68.2,67.1,0.20,0.22,0.14
TULL,2017-08-21 07:50:00 EDT,42.79463,-76.11555,1241,62.1,62.2,62.1,91.8,59.7,0.000,0.000,0.00,0.000,4.1,6.6,1.2,191,10,4.4,7.4,1.2,193,10,4.1,6.6,1.2,191,10,191,28.87,,0,0,0,65.8,68.2,67.1,0.20,0.22,0.14
TULL,2017-08-21 07:55:00 EDT,42.79463,-76.11555,1241,62.4,62.5,62.4,91.0,59.8,0.000,0.000,0.00,0.000,3.2,5.0,0.9,199,15,3.6,5.5,0.9,199,14,3.2,5.0,0.9,199,15,213,28.87,,0,0,0,65.8,68.2,67.1,0.20,0.22,0.14
TULL,2017-08-21 08:00:00 EDT,42.79463,-76.11555,1241,62.6,62.7,62.6,90.6,59.8,0.000,0.000,0.00,0.000,2.7,4.6,1.0,196,14,3.0,4.9,1.1,200,15,2.7,4.6,1.0,196,14,226,28.87,,0,0,0,65.8,68.2,67.1,0.20,0.22,0.14
TULL,2017-08-21 08:05:00 EDT,42.79463,-76.11555,1241,63.2,63.2,63.2,90.2,60.3,0.000,0.000,0.00,0.000,3.7,5.4,0.7,188,10,4.2,6.5,0.9,190,9,3.7,5.4,0.7,188,10,182,28.87,,0,0,0,65.8,68.2,67.1,0.20,0.22,0.14
TULL,2017-08-21 08:10:00 EDT,42.79463,-76.11555,1241,63.3,63.3,63.3,89.0,60.0,0.000,0.000,0.00,0.000,5.3,7.5,1.0,188,10,6.0,9.1,1.2,189,7,5.3,7.5,1.0,188,10,210,28.86,,0,0,0,65.8,68.2,67.1,0.20,0.22,0.14
TULL,2017-08-21 08:15:00 EDT,42.79463,-76.11555,1241,63.5,63.4,63.5,88.8,60.2,0.000,0.000,0.00,0.000,5.4,7.5,1.3,186,7,5.9,9.0,1.5,187,6,5.4,7.5,1.3,186,7,230,28.86,,0,0,0,65.8,68.2,67.1,0.20,0.22,0.14
TULL,2017-08-21 08:20:00 EDT,42.79463,-76.11555,1241,64.1,64.0,64.1,88.4,60.6,0.000,0.000,0.00,0.000,4.0,5.3,0.7,184,10,4.4,6.4,0.9,186,8,4.0,5.3,0.7,184,10,270,28.86,,0,0,0,65.8,68.2,67.1,0.20,0.22,0.14
TULL,2017-08-21 08:25:00 EDT,42.79463,-76.11555,1241,64.3,64.2,64.3,87.8,60.6,0.000,0.000,0.00,0.000,4.0,6.6,1.0,182,10,4.4,8.0,1.2,184,9,4.0,6.6,1.0,182,10,137,28.86,,0,0,0,65.8,68.2,67.1,0.20,0.22,0.14
TULL,2017-08-21 08:30:00 EDT,42.79463,-76.11555,1241,64.3,64.3,64.3,87.9,60.7,0.000,0.000,0.00,0.000,5.3,7.3,0.9,185,7,5.8,8.1,1.0,186,6,5.3,7.3,0.9,185,7,235,28.86,,0,0,0,65.8,68.1,67.1,0.20,0.22,0.14
TULL,2017-08-21 08:35:00 EDT,42.79463,-76.11555,1241,65.1,64.9,65.1,87.9,61.4,0.000,0.000,0.00,0.000,4.6,6.4,0.8,177,9,5.1,7.5,1.1,179,7,4.6,6.4,0.8,177,9,328,28.86,,0,0,0,65.8,68.0,67.1,0.20,0.22,0.14
TULL,2017-08-21 08:40:00 EDT,42.79463,-76.11555,1241,65.7,65.6,65.7,85.8,61.3,0.000,0.000,0.00,0.000,5.1,8.2,1.4,174,11,5.9,9.3,1.6,177,9,5.1,8.2,1.4,174,11,356,28.86,,0,0,0,65.8,67.8,67.1,0.20,0.22,0.14
TULL,2017-08-21 08:45:00 EDT,42.79463,-76.11555,1241,66.2,66.0,66.2,85.0,61.6,0.000,0.000,0.00,0.000,5.6,7.1,0.7,180,10,6.2,8.2,1.0,182,8,5.6,7.1,0.7,180,10,402,28.85,,0,0,0,65.8,67.8,67.1,0.20,0.22,0.14
TULL,2017-08-21 08:50:00 EDT,42.79463,-76.11555,1241,67.1,66.9,67.1,84.0,62.1,0.000,0.000,0.00,0.000,4.6,6.4,0.9,184,10,5.2,7.5,1.0,186,10,4.6,6.4,0.9,184,10,391,28.85,,0,0,0,65.8,67.8,67.1,0.20,0.22,0.14
TULL,2017-08-21 08:55:00 EDT,42.79463,-76.11555,1241,67.4,67.2,67.4,82.4,61.9,0.000,0.000,0.00,0.000,5.3,7.7,1.2,191,9,5.9,8.6,1.2,193,7,5.3,7.7,1.2,191,9,317,28.85,,0,0,0,65.8,67.8,67.1,0.20,0.22,0.14
TULL,2017-08-21 09:00:00 EDT,42.79463,-76.11555,1241,67.7,67.4,67.7,82.5,62.2,0.000,0.000,0.00,0.000,5.0,7.1,0.9,197,11,5.2,7.9,1.0,199,11,5.0,7.1,0.9,197,11,331,28.85,,0,0,0,65.8,67.8,67.1,0.20,0.22,0.14
TULL,2017-08-21 09:05:00 EDT,42.79463,-76.11555,1241,68.2,68.0,68.2,81.4,62.3,0.000,0.000,0.00,0.000,5.1,7.7,1.2,192,10,5.5,9.1,1.4,194,9,5.1,7.7,1.2,192,10,369,28.85,,0,0,0,65.8,67.8,67.1,0.20,0.22,0.14
TULL,2017-08-21 09:10:00 EDT,42.79463,-76.11555,1241,68.6,68.3,68.6,79.4,61.9,0.000,0.000,0.00,0.000,6.0,8.2,1.1,194,8,6.4,8.9,1.2,196,8,6.0,8.2,1.1,194,8,403,28.85,,0,0,0,65.8,67.8,67.1,0.20,0.22,0.14
TULL,2017-08-21 09:15:00 EDT,42.79463,-76.11555,1241,69.0,68.6,69.0,78.8,62.1,0.000,0.000,0.00,0.000,6.0,8.1,1.0,200,13,6.3,9.0,1.3,201,10,6.0,8.1,1.0,200,13,461,28.85,,0,0,0,65.8,67.8,67.1,0.20,0.22,0.14
TULL,2017-08-21 09:20:00 EDT,42.79463,-76.11555,1241,69.5,69.1,69.5,78.9,62.7,0.000,0.000,0.00,0.000,6.3,9.1,1.4,195,9,6.7,9.5,1.6,198,9,6.3,9.1,1.4,195,9,396,28.86,,0,0,0,65.8,67.8,67.1,0.20,0.22,0.14
TULL,2017-08-21 09:25:00 EDT,42.79463,-76.11555,1241,69.7,69.3,69.7,78.8,62.9,0.000,0.000,0.00,0.000,5.0,7.3,1.0,187,10,5.5,8.0,1.2,189,9,5.0,7.3,1.0,187,10,296,28.86,,0,0,0,65.8,67.8,67.1,0.20,0.21,0.14
TULL,2017-08-21 09:30:00 EDT,42.79463,-76.11555,1241,70.2,69.9,70.2,77.5,62.9,0.000,0.000,0.00,0.000,4.2,6.5,0.9,170,12,4.6,7.2,1.0,172,11,4.2,6.5,0.9,170,12,246,28.86,,0,0,0,65.8,67.8,67.1,0.20,0.22,0.14
TULL,2017-08-21 09:35:00 EDT,42.79463,-76.11555,1241,70.3,70.1,70.3,77.0,62.8,0.000,0.000,0.00,0.000,4.1,6.7,1.2,175,15,4.4,7.6,1.3,178,14,4.1,6.7,1.2,175,15,245,28.86,,0,0,0,65.8,67.8,67.1,0.20,0.21,0.14
TULL,2017-08-21 09:40:00 EDT,42.79463,-76.11555,1241,70.4,70.1,70.4,77.0,62.8,0.000,0.000,0.00,0.000,6.0,8.3,1.3,193,10,6.4,9.5,1.5,194,8,6.0,8.3,1.3,193,10,249,28.86,,0,0,0,66.0,67.8,67.1,0.20,0.22,0.14
TULL,2017-08-21 09:45:00 EDT,42.79463,-76.11555,1241,70.3,70.1,70.3,77.4,62.9,0.000,0.000,0.00,0.000,4.8,7.8,1.1,196,13,5.1,8.6,1.3,198,11,4.8,7.8,1.1,196,13,260,28.86,,0,0,0,66.0,67.8,67.1,0.20,0.22,0.14
TULL,2017-08-21 09:50:00 EDT,42.79463,-76.11555,1241,70.6,70.4,70.6,77.3,63.2,0.000,0.000,0.00,0.000,5.2,7.1,0.9,190,11,5.6,8.2,1.1,193,10,5.2,7.1,0.9,190,11,271,28.86,,0,0,0,66.0,67.8,67.1,0.20,0.22,0.14
TULL,2017-08-21 09:55:00 EDT,42.79463,-76.11555,1241,71.0,70.8,71.0,75.8,63.0,0.000,0.000,0.00,0.000,7.9,10.7,1.3,192,12,8.7,11.7,1.4,193,10,7.9,10.7,1.3,192,12,279,28.86,,0,0,0,66.0,67.8,67.1,0.20,0.22,0.14
TULL,2017-08-21 10:00:00 EDT,42.79463,-76.11555,1241,71.3,71.0,71.3,74.3,62.7,0.000,0.000,0.00,0.000,9.1,11.8,1.3,191,9,9.9,13.3,1.7,191,6,9.1,11.8,1.3,191,9,269,28.86,,0,0,0,66.0,67.8,67.1,0.20,0.22,0.14
TULL,2017-08-21 10:05:00 EDT,42.79463,-76.11555,1241,71.3,71.1,71.3,72.7,62.1,0.000,0.000,0.00,0.000,9.9,12.7,1.4,191,8,10.7,14.1,1.5,192,6,9.9,12.7,1.4,191,8,255,28.86,,0,0,0,66.0,67.8,67.1,0.20,0.22,0.14
TULL,2017-08-21 10:10:00 EDT,42.79463,-76.11555,1241,71.2,71.1,71.2,73.1,62.1,0.000,0.000,0.00,0.000,9.8,13.5,2.0,190,8,10.7,15.1,2.2,192,7,9.8,13.5,2.0,190,8,263,28.86,,0,0,0,66.0,67.8,67.1,0.20,0.22,0.14
TULL,2017-08-21 10:15:00 EDT,42.79463,-76.11555,1241,71.3,71.1,71.3,73.4,62.4,0.000,0.000,0.00,0.000,9.9,13.8,1.4,190,9,10.8,14.5,1.7,192,6,9.9,13.8,1.4,190,9,292,28.86,,0,0,0,66.1,67.8,67.1,0.20,0.21,0.14
TULL,2017-08-21 10:20:00 EDT,42.79463,-76.11555,1241,71.7,71.4,71.7,73.1,62.7,0.000,0.000,0.00,0.000,9.5,12.1,1.4,187,8,10.5,13.5,1.5,188,6,9.5,12.1,1.4,187,8,388,28.86,,0,0,0,66.3,67.8,67.1,0.20,0.21,0.14
TULL,2017-08-21 10:25:00 EDT,42.79463,-76.11555,1241,72.4,71.9,72.4,72.7,63.2,0.000,0.000,0.00,0.000,9.3,13.8,1.9,184,8,10.2,15.3,2.2,187,6,9.3,13.8,1.9,184,8,513,28.85,,0,0,0,66.4,67.8,67.1,0.20,0.22,0.14
TULL,2017-08-21 10:30:00 EDT,42.79463,-76.11555,1241,73.2,72.5,73.2,71.2,63.3,0.000,0.000,0.00,0.000,11.1,15.3,2.0,190,8,12.3,17.8,2.2,192,5,11.1,15.3,2.0,190,8,567,28.85,,0,0,0,66.4,67.8,67.1,0.20,0.21,0.14
TULL,2017-08-21 10:35:00 EDT,42.79463,-76.11555,1241,73.6,72.8,73.6,70.9,63.6,0.000,0.000,0.00,0.000,10.7,13.9,1.4,190,8,11.5,14.7,1.6,192,7,10.7,13.9,1.4,190,8,672,28.85,,0,0,0,66.4,67.8,67.1,0.20,0.22,0.14
TULL,2017-08-21 10:40:00 EDT,42.79463,-76.11555,1241,74.3,73.5,74.3,69.3,63.6,0.000,0.000,0.00,0.000,13.6,17.7,2.2,187,8,14.6,19.7,2.5,189,7,13.6,17.7,2.2,187,8,737,28.85,,0,0,0,66.4,67.8,67.1,0.20,0.22,0.14
TULL,2017-08-21 10:45:00 EDT,42.79463,-76.11555,1241,74.9,73.9,74.9,67.5,63.4,0.000,0.000,0.00,0.000,12.8,17.4,2.2,185,8,13.9,18.9,2.4,187,6,12.8,17.4,2.2,185,8,782,28.85,,0,0,0,66.4,67.8,67.1,0.20,0.22,0.14
TULL,2017-08-21 10:50:00 EDT,42.79463,-76.11555,1241,75.4,74.5,75.4,66.4,63.5,0.000,0.000,0.00,0.000,12.3,18.5,2.8,189,9,13.4,19.6,3.2,190,7,12.3,18.5,2.8,189,9,683,28.85,,0,0,0,66.4,67.7,67.1,0.20,0.22,0.14
TULL,2017-08-21 10:55:00 EDT,42.79463,-76.11555,1241,74.8,74.1,74.8,66.5,62.9,0.000,0.000,0.00,0.000,11.0,16.5,2.3,180,13,12.0,19.5,2.5,182,11,11.0,16.5,2.3,180,13,525,28.84,,0,0,0,66.4,67.7,67.1,0.20,0.22,0.14
TULL,2017-08-21 11:00:00 EDT,42.79463,-76.11555,1241,74.9,74.3,74.9,66.8,63.1,0.000,0.000,0.00,0.000,10.2,14.5,2.1,180,9,10.9,15.9,2.3,183,7,10.2,14.5,2.1,180,9,516,28.84,,0,0,0,66.5,67.6,67.1,0.20,0.22,0.14
TULL,2017-08-21 11:05:00 EDT,42.79463,-76.11555,1241,74.8,74.2,74.8,65.5,62.5,0.000,0.000,0.00,0.000,10.6,15.3,1.7,179,9,11.5,16.1,1.8,182,8,10.6,15.3,1.7,179,9,531,28.84,,0,0,0,66.7,67.6,67.1,0.20,0.22,0.14
TULL,2017-08-21 11:10:00 EDT,42.79463,-76.11555,1241,75.0,74.4,75.0,64.0,62.0,0.000,0.000,0.00,0.000,11.1,14.2,1.6,185,10,12.2,15.7,1.7,187,8,11.1,14.2,1.6,185,10,567,28.84,,0,0,0,66.7,67.5,67.1,0.20,0.22,0.14
TULL,2017-08-21 11:15:00 EDT,42.79463,-76.11555,1241,75.4,74.5,75.4,63.7,62.2,0.000,0.000,0.00,0.000,12.3,16.5,2.3,185,10,13.3,18.2,2.5,188,8,12.3,16.5,2.3,185,10,738,28.84,,0,0,0,66.7,67.5,67.1,0.20,0.22,0.13
TULL,2017-08-21 11:20:00 EDT,42.79463,-76.11555,1241,75.5,74.8,75.5,63.1,62.1,0.000,0.000,0.00,0.000,10.8,15.2,1.7,192,13,11.5,16.7,2.0,194,12,10.8,15.2,1.7,192,13,604,28.84,,0,0,0,66.7,67.5,67.1,0.20,0.22,0.14
TULL,2017-08-21 11:25:00 EDT,42.79463,-76.11555,1241,75.9,75.2,75.9,63.5,62.6,0.000,0.000,0.00,0.000,11.4,17.2,2.4,188,10,12.3,18.6,2.6,190,9,11.4,17.2,2.4,188,10,563,28.84,,0,0,0,66.8,67.5,67.1,0.20,0.22,0.13
TULL,2017-08-21 11:30:00 EDT,42.79463,-76.11555,1241,75.2,74.7,75.2,64.8,62.5,0.000,0.000,0.00,0.000,10.9,14.0,1.6,189,11,11.7,15.9,1.9,190,9,10.9,14.0,1.6,189,11,329,28.84,,0,0,0,67.0,67.5,67.1,0.20,0.22,0.13
TULL,2017-08-21 11:35:00 EDT,42.79463,-76.11555,1241,75.1,74.8,75.1,66.0,62.9,0.000,0.000,0.00,0.000,9.5,13.4,2.1,188,11,10.2,16.5,2.3,189,9,9.5,13.4,2.1,188,11,351,28.84,,0,0,0,67.1,67.5,67.1,0.20,0.22,0.13
TULL,2017-08-21 11:40:00 EDT,42.79463,-76.11555,1241,75.7,74.9,75.7,66.3,63.7,0.000,0.000,0.00,0.000,11.8,17.0,1.9,190,9,13.0,18.3,2.4,190,7,11.8,17.0,1.9,190,9,725,28.84,,0,0,0,67.1,67.5,67.1,0.20,0.22,0.13
TULL,2017-08-21 11:45:00 EDT,42.79463,-76.11555,1241,76.3,75.3,76.3,65.5,63.9,0.000,0.000,0.00,0.000,10.3,14.6,2.0,182,10,11.1,15.6,2.3,185,10,10.3,14.6,2.0,182,10,748,28.84,,0,0,0,67.1,67.5,67.1,0.20,0.22,0.13
TULL,2017-08-21 11:50:00 EDT,42.79463,-76.11555,1241,76.6,75.5,76.6,64.0,63.5,0.000,0.000,0.00,0.000,10.1,14.6,2.0,181,11,11.0,15.5,2.2,183,9,10.1,14.6,2.0,181,11,758,28.84,,0,0,0,67.1,67.5,67.1,0.20,0.22,0.13
TULL,2017-08-21 11:55:00 EDT,42.79463,-76.11555,1241,76.5,75.5,76.5,63.9,63.3,0.000,0.000,0.00,0.000,9.2,12.6,1.9,188,8,10.1,15.6,2.1,189,8,9.2,12.6,1.9,188,8,551,28.84,,0,0,0,67.1,67.5,67.1,0.20,0.22,0.13
TULL,2017-08-21 12:00:00 EDT,42.79463,-76.11555,1241,76.4,75.8,76.4,64.5,63.6,0.000,0.000,0.00,0.000,7.8,11.3,1.5,178,12,8.6,12.6,1.8,181,10,7.8,11.3,1.5,178,12,715,28.83,,0,0,0,67.2,67.5,67.1,0.19,0.22,0.13
TULL,2017-08-21 12:05:00 EDT,42.79463,-76.11555,1241,77.1,76.1,77.1,63.2,63.6,0.000,0.000,0.00,0.000,8.9,12.1,1.5,176,9,9.6,13.1,1.7,178,7,8.9,12.1,1.5,176,9,792,28.83,,0,0,0,67.4,67.5,67.1,0.19,0.21,0.13
TULL,2017-08-21 12:10:00 EDT,42.79463,-76.11555,1241,77.8,76.8,77.8,63.5,64.4,0.000,0.000,0.00,0.000,8.3,13.7,2.0,176,10,9.2,14.4,2.2,178,9,8.3,13.7,2.0,176,10,803,28.83,,0,0,0,67.5,67.5,67.1,0.20,0.22,0.13
TULL,2017-08-21 12:15:00 EDT,42.79463,-76.11555,1241,77.1,76.4,77.1,62.3,63.3,0.000,0.000,0.00,0.000,11.3,14.1,1.7,173,9,12.2,16.0,1.9,176,8,11.3,14.1,1.7,173,9,571,28.83,,0,0,0,67.5,67.5,67.1,0.20,0.21,0.13
TULL,2017-08-21 12:20:00 EDT,42.79463,-76.11555,1241,77.2,76.5,77.2,62.8,63.6,0.000,0.000,0.00,0.000,10.8,14.4,1.8,170,10,11.7,15.3,1.9,172,8,10.8,14.4,1.8,170,10,548,28.83,,0,0,0,67.5,67.5,67.1,0.20,0.21,0.13
TULL,2017-08-21 12:25:00 EDT,42.79463,-76.11555,1241,77.6,76.7,77.6,62.3,63.7,0.000,0.000,0.00,0.000,9.9,13.8,1.6,178,9,11.0,15.7,1.8,180,7,9.9,13.8,1.6,178,9,662,28.83,,0,0,0,67.5,67.5,67.1,0.19,0.21,0.13
TULL,2017-08-21 12:30:00 EDT,42.79463,-76.11555,1241,78.1,77.2,78.1,62.0,64.0,0.000,0.000,0.00,0.000,9.9,13.3,1.6,189,10,10.6,14.8,1.9,192,9,9.9,13.3,1.6,189,10,825,28.83,,0,0,0,67.8,67.5,67.1,0.19,0.21,0.14
TULL,2017-08-21 12:35:00 EDT,42.79463,-76.11555,1241,78.9,77.8,78.9,61.4,64.5,0.000,0.000,0.00,0.000,9.2,12.9,1.6,181,11,10.1,14.4,1.9,183,9,9.2,12.9,1.6,181,11,857,28.83,,0,0,0,67.8,67.5,67.1,0.20,0.21,0.13
TULL,2017-08-21 12:40:00 EDT,42.79463,-76.11555,1241,79.2,78.2,79.2,59.3,63.8,0.000,0.000,0.00,0.000,9.7,15.7,2.1,173,11,10.4,18.2,2.4,177,7,9.7,15.7,2.1,173,11,944,28.83,,0,0,0,67.8,67.5,67.1,0.20,0.21,0.13
TULL,2017-08-21 12:45:00 EDT,42.79463,-76.11555,1241,79.0,77.9,79.0,58.8,63.4,0.000,0.000,0.00,0.000,9.8,13.7,2.1,178,13,10.7,15.7,2.3,181,11,9.8,13.7,2.1,178,13,886,28.83,,0,0,0,67.8,67.5,67.1,0.20,0.22,0.13
TULL,2017-08-21 12:50:00 EDT,42.79463,-76.11555,1241,79.3,78.1,79.3,59.3,63.9,0.000,0.000,0.00,0.000,9.1,12.1,1.5,168,11,9.9,13.4,1.6,171,9,9.1,12.1,1.5,168,11,844,28.83,,0,0,0,67.8,67.5,67.1,0.19,0.22,0.13
TULL,2017-08-21 12:55:00 EDT,42.79463,-76.11555,1241,79.4,78.4,79.4,58.4,63.6,0.000,0.000,0.00,0.000,8.4,11.8,1.4,175,15,9.2,12.6,1.5,179,12,8.4,11.8,1.4,175,15,838,28.83,,0,0,0,68.1,67.5,67.1,0.19,0.22,0.13
TULL,2017-08-21 13:00:00 EDT,42.79463,-76.11555,1241,79.2,78.2,79.2,59.0,63.7,0.000,0.000,0.00,0.000,9.6,13.4,1.5,188,11,10.5,15.8,1.8,189,10,9.6,13.4,1.5,188,11,793,28.82,,0,0,0,68.2,67.5,67.1,0.19,0.22,0.13
TULL,2017-08-21 13:05:00 EDT,42.79463,-76.11555,1241,79.3,78.6,79.3,58.1,63.3,0.000,0.000,0.00,0.000,8.2,11.6,1.6,193,13,9.0,12.6,1.7,194,11,8.2,11.6,1.6,193,13,799,28.82,,0,0,0,68.2,67.5,67.1,0.19,0.22,0.13
TULL,2017-08-21 13:10:00 EDT,42.79463,-76.11555,1241,79.4,78.5,79.4,58.3,63.5,0.000,0.000,0.00,0.000,8.6,11.6,1.3,183,12,9.3,12.8,1.4,185,10,8.6,11.6,1.3,183,12,781,28.82,,0,0,0,68.4,67.5,67.1,0.20,0.22,0.13
TULL,2017-08-21 13:15:00 EDT,42.79463,-76.11555,1241,79.7,78.9,79.7,56.6,63.0,0.000,0.000,0.00,0.000,9.4,13.1,1.4,174,15,10.2,14.0,1.6,177,14,9.4,13.1,1.4,174,15,778,28.82,,0,0,0,68.5,67.5,67.1,0.19,0.22,0.13
TULL,2017-08-21 13:20:00 EDT,42.79463,-76.11555,1241,80.2,79.2,81.5,55.4,62.7,0.000,0.000,0.00,0.000,10.8,13.9,1.5,188,10,11.8,15.8,1.7,190,9,10.8,13.9,1.5,188,10,773,28.82,,0,0,0,68.5,67.5,67.1,0.19,0.22,0.13
TULL,2017-08-21 13:25:00 EDT,42.79463,-76.11555,1241,80.3,79.3,81.6,55.5,62.9,0.000,0.000,0.00,0.000,11.0,14.6,1.6,167,10,12.0,17.1,1.9,170,8,11.0,14.6,1.6,167,10,767,28.82,,0,0,0,68.5,67.5,67.1,0.19,0.22,0.14
TULL,2017-08-21 13:30:00 EDT,42.79463,-76.11555,1241,80.3,79.5,81.5,53.5,61.9,0.000,0.000,0.00,0.000,10.1,15.0,1.8,178,13,11.0,16.3,2.0,180,11,10.1,15.0,1.8,178,13,746,28.81,,0,0,0,68.6,67.5,67.1,0.19,0.22,0.14
TULL,2017-08-21 13:35:00 EDT,42.79463,-76.11555,1241,80.3,79.5,81.5,54.0,62.1,0.000,0.000,0.00,0.000,10.3,14.7,2.9,194,11,11.1,17.3,3.2,197,9,10.3,14.7,2.9,194,11,717,28.81,,0,0,0,68.8,67.5,67.1,0.19,0.22,0.13
TULL,2017-08-21 13:40:00 EDT,42.79463,-76.11555,1241,80.1,79.3,81.4,54.2,62.1,0.000,0.000,0.00,0.000,8.5,14.4,1.9,190,10,9.3,15.1,2.2,192,9,8.5,14.4,1.9,190,10,675,28.81,,0,0,0,68.9,67.5,67.1,0.19,0.21,0.14
TULL,2017-08-21 13:45:00 EDT,42.79463,-76.11555,1241,80.6,79.7,81.8,54.0,62.4,0.000,0.000,0.00,0.000,9.2,14.8,1.8,168,9,10.0,15.3,1.9,172,8,9.2,14.8,1.8,168,9,636,28.81,,0,0,0,68.9,67.5,67.1,0.19,0.21,0.14
TULL,2017-08-21 13:50:00 EDT,42.79463,-76.11555,1241,80.4,79.7,81.6,53.5,62.0,0.000,0.000,0.00,0.000,8.0,10.8,1.3,172,10,8.8,12.2,1.5,175,9,8.0,10.8,1.3,172,10,618,28.81,,0,0,0,69.1,67.5,67.1,0.19,0.21,0.14
TULL,2017-08-21 13:55:00 EDT,42.79463,-76.11555,1241,80.5,79.8,81.7,54.3,62.5,0.000,0.000,0.00,0.000,8.7,12.8,2.1,179,19,9.3,14.6,2.2,181,17,8.7,12.8,2.1,179,19,550,28.81,,0,0,0,69.3,67.5,67.1,0.19,0.21,0.13
TULL,2017-08-21 14:00:00 EDT,42.79463,-76.11555,1241,80.2,79.7,81.5,54.9,62.6,0.000,0.000,0.00,0.000,8.2,12.7,1.7,178,14,9.0,15.6,2.0,181,11,8.2,12.7,1.7,178,14,494,28.81,,0,0,0,69.3,67.5,67.1,0.19,0.21,0.13
TULL,2017-08-21 14:05:00 EDT,42.79463,-76.11555,1241,79.7,79.2,79.7,55.6,62.5,0.000,0.000,0.00,0.000,9.3,12.6,1.4,173,10,10.2,13.8,1.6,176,8,9.3,12.6,1.4,173,10,441,28.81,,0,0,0,69.3,67.5,67.1,0.19,0.21,0.13
TULL,2017-08-21 14:10:00 EDT,42.79463,-76.11555,1241,79.6,79.2,79.6,55.0,62.0,0.000,0.000,0.00,0.000,8.2,11.5,1.2,167,13,8.9,13.2,1.5,171,11,8.2,11.5,1.2,167,13,392,28.81,,0,0,0,69.4,67.5,67.1,0.19,0.21,0.13
TULL,2017-08-21 14:15:00 EDT,42.79463,-76.11555,1241,79.5,79.1,79.5,55.9,62.3,0.000,0.000,0.00,0.000,9.1,12.3,1.8,174,8,9.8,13.4,2.0,177,7,9.1,12.3,1.8,174,8,348,28.81,,0,0,0,69.6,67.5,67.1,0.19,0.21,0.13
TULL,2017-08-21 14:20:00 EDT,42.79463,-76.11555,1241,79.1,78.8,79.1,56.2,62.2,0.000,0.000,0.00,0.000,9.8,13.0,1.8,168,12,10.7,14.5,2.0,172,11,9.8,13.0,1.8,168,12,308,28.80,,0,0,0,69.6,67.5,67.1,0.19,0.21,0.13
TULL,2017-08-21 14:25:00 EDT,42.79463,-76.11555,1241,79.0,78.7,79.0,56.4,62.2,0.000,0.000,0.00,0.000,9.1,13.3,1.3,166,9,10.0,15.4,1.6,169,8,9.1,13.3,1.3,166,9,264,28.80,,0,0,0,69.6,67.6,67.1,0.19,0.21,0.13
TULL,2017-08-21 14:30:00 EDT,42.79463,-76.11555,1241,78.7,78.6,78.7,56.1,61.7,0.000,0.000,0.00,0.000,10.5,14.0,1.5,178,7,11.4,15.6,1.7,180,6,10.5,14.0,1.5,178,7,243,28.80,,0,0,0,69.7,67.5,67.1,0.19,0.21,0.13
TULL,2017-08-21 14:35:00 EDT,42.79463,-76.11555,1241,78.6,78.5,78.6,58.1,62.6,0.000,0.000,0.00,0.000,8.0,10.2,1.4,174,9,8.8,12.1,1.6,177,8,8.0,10.2,1.4,174,9,214,28.80,,0,0,0,70.0,67.6,67.1,0.19,0.21,0.13
TULL,2017-08-21 14:40:00 EDT,42.79463,-76.11555,1241,78.4,78.4,78.4,58.8,62.8,0.000,0.000,0.00,0.000,8.0,12.3,1.7,173,10,8.7,12.9,1.9,176,10,8.0,12.3,1.7,173,10,202,28.80,,0,0,0,70.0,67.7,67.1,0.19,0.21,0.13
TULL,2017-08-21 14:45:00 EDT,42.79463,-76.11555,1241,78.2,78.2,78.2,61.1,63.7,0.000,0.000,0.00,0.000,6.5,11.0,1.7,180,14,7.1,11.6,1.8,183,12,6.5,11.0,1.7,180,14,207,28.80,,0,0,0,70.0,67.7,67.1,0.19,0.21,0.13
TULL,2017-08-21 14:50:00 EDT,42.79463,-76.11555,1241,78.2,78.2,78.2,61.2,63.8,0.000,0.000,0.00,0.000,6.2,9.6,1.2,177,11,6.9,10.5,1.3,179,10,6.2,9.6,1.2,177,11,216,28.80,,0,0,0,70.0,67.8,67.1,0.19,0.21,0.13
TULL,2017-08-21 14:55:00 EDT,42.79463,-76.11555,1241,78.1,78.1,78.1,61.1,63.6,0.000,0.000,0.00,0.000,6.6,9.0,1.3,172,11,7.1,10.3,1.5,176,10,6.6,9.0,1.3,172,11,211,28.80,,0,0,0,70.0,67.8,67.1,0.19,0.21,0.13
TULL,2017-08-21 15:00:00 EDT,42.79463,-76.11555,1241,78.1,78.1,78.1,61.7,63.9,0.000,0.000,0.00,0.000,7.2,9.9,1.3,181,10,7.8,11.2,1.5,183,9,7.2,9.9,1.3,181,10,210,28.80,,0,0,0,70.0,67.8,67.1,0.19,0.21,0.13
TULL,2017-08-21 15:05:00 EDT,42.79463,-76.11555,1241,77.9,77.9,77.9,62.2,64.0,0.000,0.000,0.00,0.000,6.8,10.1,1.3,184,10,7.5,11.3,1.3,186,9,6.8,10.1,1.3,184,10,224,28.80,,0,0,0,70.0,67.8,67.1,0.19,0.21,0.13
TULL,2017-08-21 15:10:00 EDT,42.79463,-76.11555,1241,78.2,78.0,78.2,63.1,64.6,0.000,0.000,0.00,0.000,6.0,8.2,0.9,181,10,6.5,9.6,1.1,184,8,6.0,8.2,0.9,181,10,253,28.79,,0,0,0,70.2,67.8,67.1,0.19,0.21,0.13
TULL,2017-08-21 15:15:00 EDT,42.79463,-76.11555,1241,78.0,77.9,78.0,63.4,64.6,0.000,0.000,0.00,0.000,5.8,8.3,1.0,182,11,6.4,9.5,1.1,185,9,5.8,8.3,1.0,182,11,221,28.79,,0,0,0,70.3,67.8,67.1,0.19,0.21,0.13
TULL,2017-08-21 15:20:00 EDT,42.79463,-76.11555,1241,77.9,77.8,77.9,63.2,64.4,0.000,0.000,0.00,0.000,5.9,8.4,0.9,174,11,6.5,9.5,1.0,176,11,5.9,8.4,0.9,174,11,164,28.79,,0,0,0,70.3,67.8,67.1,0.19,0.21,0.13
TULL,2017-08-21 15:25:00 EDT,42.79463,-76.11555,1241,77.6,77.6,77.6,64.5,64.7,0.000,0.000,0.00,0.000,5.6,6.9,0.7,178,11,6.1,7.7,0.9,180,9,5.6,6.9,0.7,178,11,198,28.79,,0,0,0,70.3,67.8,67.1,0.19,0.21,0.13
TULL,2017-08-21 15:30:00 EDT,42.79463,-76.11555,1241,78.0,77.8,78.0,64.2,64.9,0.000,0.000,0.00,0.000,6.8,9.7,1.4,175,10,7.4,11.6,1.6,178,9,6.8,9.7,1.4,175,10,320,28.79,,0,0,0,70.3,67.8,67.1,0.19,0.21,0.13
TULL,2017-08-21 15:35:00 EDT,42.79463,-76.11555,1241,78.6,78.2,78.6,63.5,65.2,0.000,0.000,0.00,0.000,6.0,9.3,1.2,173,10,6.8,9.9,1.2,176,9,6.0,9.3,1.2,173,10,549,28.79,,0,0,0,70.3,67.8,67.1,0.19,0.21,0.13
TULL,2017-08-21 15:40:00 EDT,42.79463,-76.11555,1241,79.2,78.7,79.2,63.5,65.7,0.000,0.000,0.00,0.000,7.9,12.3,2.5,180,12,8.5,14.8,2.8,183,10,7.9,12.3,2.5,180,12,451,28.79,,0,0,0,70.3,67.8,67.1,0.19,0.21,0.13
TULL,2017-08-21 15:45:00 EDT,42.79463,-76.11555,1241,79.5,78.9,79.5,62.1,65.4,0.000,0.000,0.00,0.000,10.4,15.2,2.3,176,12,11.2,17.2,2.6,180,10,10.4,15.2,2.3,176,12,605,28.79,,0,0,0,70.3,67.8,67.1,0.19,0.21,0.13
TULL,2017-08-21 15:50:00 EDT,42.79463,-76.11555,1241,79.5,78.8,79.5,60.7,64.7,0.000,0.000,0.00,0.000,10.7,15.8,1.7,171,10,11.4,16.3,1.9,174,9,10.7,15.8,1.7,171,10,599,28.79,,0,0,0,70.3,67.8,67.1,0.19,0.21,0.13
TULL,2017-08-21 15:55:00 EDT,42.79463,-76.11555,1241,80.0,79.3,80.0,60.5,65.1,0.000,0.000,0.00,0.000,10.8,15.6,2.0,177,14,11.9,17.5,2.3,181,13,10.8,15.6,2.0,177,14,735,28.78,,0,0,0,70.3,67.8,67.1,0.19,0.21,0.13
TULL,2017-08-21 16:00:00 EDT,42.79463,-76.11555,1241,80.1,79.5,82.0,60.2,65.1,0.000,0.000,0.00,0.000,10.9,14.4,1.6,193,9,11.7,17.5,2.1,195,8,10.9,14.4,1.6,193,9,676,28.78,,0,0,0,70.3,67.8,67.1,0.19,0.21,0.13
TULL,2017-08-21 16:05:00 EDT,42.79463,-76.11555,1241,80.3,79.6,82.3,60.4,65.4,0.000,0.000,0.00,0.000,10.3,15.6,2.5,198,11,11.0,17.3,2.7,199,10,10.3,15.6,2.5,198,11,699,28.78,,0,0,0,70.3,67.8,67.1,0.19,0.21,0.13
TULL,2017-08-21 16:10:00 EDT,42.79463,-76.11555,1241,80.8,80.0,82.9,60.5,65.9,0.000,0.000,0.00,0.000,10.9,15.3,2.4,184,9,11.9,16.9,2.7,187,8,10.9,15.3,2.4,184,9,609,28.78,,0,0,0,70.3,67.8,67.1,0.19,0.22,0.13
TULL,2017-08-21 16:15:00 EDT,42.79463,-76.11555,1241,80.5,79.8,82.4,60.0,65.3,0.000,0.000,0.00,0.000,11.1,15.1,2.1,191,10,11.8,17.2,2.4,192,8,11.1,15.1,2.1,191,10,639,28.78,,0,0,0,70.4,67.8,67.1,0.19,0.21,0.13
TULL,2017-08-21 16:20:00 EDT,42.79463,-76.11555,1241,80.3,79.7,82.2,60.6,65.4,0.000,0.000,0.00,0.000,9.2,14.0,2.1,186,15,10.2,15.2,2.4,188,13,9.2,14.0,2.1,186,15,553,28.78,,0,0,0,70.5,67.8,67.1,0.19,0.21,0.13
TULL,2017-08-21 16:25:00 EDT,42.79463,-76.11555,1241,80.4,79.9,82.3,60.4,65.4,0.000,0.000,0.00,0.000,11.0,15.2,2.2,184,9,12.0,16.6,2.3,187,7,11.0,15.2,2.2,184,9,450,28.78,,0,0,0,70.6,67.8,67.1,0.19,0.21,0.13
TULL,2017-08-21 16:30:00 EDT,42.79463,-76.11555,1241,80.1,79.5,81.9,60.0,65.0,0.000,0.000,0.00,0.000,11.7,14.8,1.5,190,7,12.5,16.1,1.9,191,5,11.7,14.8,1.5,190,7,453,28.78,,0,0,0,70.7,67.8,67.1,0.19,0.21,0.13
TULL,2017-08-21 16:35:00 EDT,42.79463,-76.11555,1241,80.4,79.8,82.4,60.8,65.7,0.000,0.000,0.00,0.000,10.4,13.2,1.7,182,8,11.3,15.3,2.0,185,6,10.4,13.2,1.7,182,8,541,28.78,,0,0,0,70.7,67.8,67.1,0.19,0.22,0.13
TULL,2017-08-21 16:40:00 EDT,42.79463,-76.11555,1241,80.5,80.1,82.6,61.3,66.0,0.000,0.000,0.00,0.000,9.1,13.9,2.0,196,14,9.9,14.3,2.1,196,12,9.1,13.9,2.0,196,14,512,28.78,,0,0,0,70.7,67.8,67.1,0.19,0.22,0.13
TULL,2017-08-21 16:45:00 EDT,42.79463,-76.11555,1241,80.6,80.0,82.7,61.6,66.2,0.000,0.000,0.00,0.000,11.3,16.6,2.0,183,8,12.3,18.2,2.2,186,7,11.3,16.6,2.0,183,8,493,28.78,,0,0,0,70.7,67.9,67.1,0.19,0.21,0.13
TULL,2017-08-21 16:50:00 EDT,42.79463,-76.11555,1241,80.3,79.9,82.5,62.3,66.3,0.000,0.000,0.00,0.000,8.9,14.5,2.3,203,13,9.3,14.8,2.4,204,12,8.9,14.5,2.3,203,13,475,28.78,,0,0,0,70.7,68.0,67.1,0.19,0.21,0.13
TULL,2017-08-21 16:55:00 EDT,42.79463,-76.11555,1241,80.3,80.0,82.4,62.2,66.2,0.000,0.000,0.00,0.000,7.5,10.6,1.7,200,15,8.1,11.8,1.8,202,13,7.5,10.6,1.7,200,15,459,28.78,,0,0,0,70.7,68.1,67.1,0.19,0.21,0.13
TULL,2017-08-21 17:00:00 EDT,42.79463,-76.11555,1241,80.8,80.4,83.2,62.6,66.9,0.000,0.000,0.00,0.000,8.0,11.5,1.7,189,12,8.4,12.9,1.9,191,10,8.0,11.5,1.7,189,12,441,28.78,,0,0,0,70.7,68.1,67.1,0.19,0.22,0.13
TULL,2017-08-21 17:05:00 EDT,42.79463,-76.11555,1241,80.6,80.3,83.0,62.7,66.7,0.000,0.000,0.00,0.000,7.0,11.8,1.8,203,13,7.5,11.9,2.0,205,11,7.0,11.8,1.8,203,13,427,28.78,,0,0,0,70.7,68.2,67.1,0.19,0.21,0.13
TULL,2017-08-21 17:10:00 EDT,42.79463,-76.11555,1241,80.4,80.0,82.7,62.8,66.6,0.000,0.000,0.00,0.000,8.5,12.1,1.7,181,14,9.3,13.5,1.8,184,12,8.5,12.1,1.7,181,14,413,28.78,,0,0,0,70.7,68.2,67.1,0.19,0.21,0.13
TULL,2017-08-21 17:15:00 EDT,42.79463,-76.11555,1241,80.4,80.1,82.7,62.7,66.5,0.000,0.000,0.00,0.000,7.7,12.3,2.1,176,10,8.4,13.9,2.2,180,9,7.7,12.3,2.1,176,10,403,28.78,,0,0,0,70.7,68.2,67.1,0.19,0.21,0.13
TULL,2017-08-21 17:20:00 EDT,42.79463,-76.11555,1241,80.6,80.2,83.0,63.2,66.9,0.000,0.000,0.00,0.000,8.7,12.1,2.1,193,13,9.4,13.5,2.2,195,11,8.7,12.1,2.1,193,13,413,28.77,,0,0,0,70.7,68.2,67.1,0.19,0.22,0.13
TULL,2017-08-21 17:25:00 EDT,42.79463,-76.11555,1241,80.0,79.8,80.0,64.3,66.8,0.000,0.000,0.00,0.000,8.5,12.4,1.6,203,11,8.7,12.5,1.8,204,10,8.5,12.4,1.6,203,11,226,28.77,,0,0,0,70.7,68.2,67.1,0.19,0.21,0.13
TULL,2017-08-21 17:30:00 EDT,42.79463,-76.11555,1241,79.6,79.6,79.6,65.6,67.1,0.000,0.000,0.00,0.000,9.3,12.2,1.2,192,9,10.0,13.6,1.3,194,8,9.3,12.2,1.2,192,9,153,28.77,,0,0,0,70.7,68.2,67.1,0.19,0.21,0.13
TULL,2017-08-21 17:35:00 EDT,42.79463,-76.11555,1241,79.5,79.5,79.5,65.5,66.9,0.000,0.000,0.00,0.000,8.5,11.7,2.0,193,10,8.9,12.9,2.1,194,8,8.5,11.7,2.0,193,10,138,28.77,,0,0,0,70.8,68.2,67.1,0.19,0.21,0.13
TULL,2017-08-21 17:40:00 EDT,42.79463,-76.11555,1241,79.0,79.2,79.0,67.0,67.1,0.000,0.000,0.00,0.000,6.6,9.6,1.7,206,13,7.0,10.1,1.6,207,12,6.6,9.6,1.7,206,13,181,28.77,,0,0,0,71.0,68.2,67.1,0.19,0.21,0.13
TULL,2017-08-21 17:45:00 EDT,42.79463,-76.11555,1241,79.5,79.6,79.5,66.7,67.5,0.000,0.000,0.00,0.000,6.0,8.7,1.3,199,13,6.5,10.3,1.5,201,12,6.0,8.7,1.3,199,13,140,28.77,,0,0,0,71.0,68.2,67.1,0.19,0.22,0.13
TULL,2017-08-21 17:50:00 EDT,42.79463,-76.11555,1241,79.7,79.7,79.7,65.6,67.2,0.000,0.000,0.00,0.000,6.4,7.8,0.7,194,9,6.9,8.5,0.8,195,7,6.4,7.8,0.7,194,9,303,28.77,,0,0,0,71.1,68.2,67.1,0.19,0.21,0.13
TULL,2017-08-21 17:55:00 EDT,42.79463,-76.11555,1241,80.2,80.0,82.7,65.3,67.5,0.000,0.000,0.00,0.000,5.3,7.5,0.9,186,9,5.8,8.9,1.2,189,8,5.3,7.5,0.9,186,9,280,28.76,,0,0,0,71.1,68.2,67.1,0.19,0.21,0.13
TULL,2017-08-21 18:00:00 EDT,42.79463,-76.11555,1241,80.4,80.2,82.9,64.3,67.3,0.000,0.000,0.00,0.000,6.4,8.6,1.2,174,11,7.1,9.8,1.3,177,10,6.4,8.6,1.2,174,11,275,28.76,,0,0,0,71.1,68.2,67.1,0.19,0.22,0.13
TULL,2017-08-21 18:05:00 EDT,42.79463,-76.11555,1241,80.4,80.2,82.9,65.2,67.6,0.000,0.000,0.00,0.000,7.5,9.7,1.4,182,12,8.1,10.9,1.6,184,10,7.5,9.7,1.4,182,12,259,28.77,,0,0,0,71.1,68.2,67.1,0.19,0.21,0.13
TULL,2017-08-21 18:10:00 EDT,42.79463,-76.11555,1241,80.3,80.2,82.9,66.1,67.9,0.000,0.000,0.00,0.000,7.3,9.5,1.2,186,11,8.1,10.8,1.3,188,10,7.3,9.5,1.2,186,11,251,28.76,,0,0,0,71.1,68.2,67.1,0.19,0.22,0.13
TULL,2017-08-21 18:15:00 EDT,42.79463,-76.11555,1241,80.2,80.1,82.7,66.0,67.8,0.000,0.000,0.00,0.000,7.2,9.6,1.3,181,8,7.7,11.4,1.5,183,7,7.2,9.6,1.3,181,8,234,28.76,,0,0,0,71.1,68.3,67.1,0.19,0.21,0.13
TULL,2017-08-21 18:20:00 EDT,42.79463,-76.11555,1241,80.2,80.2,82.8,66.3,67.9,0.000,0.000,0.00,0.000,5.6,7.4,1.1,182,9,6.1,8.3,1.2,184,7,5.6,7.4,1.1,182,9,217,28.76,,0,0,0,71.1,68.4,67.1,0.19,0.22,0.13
TULL,2017-08-21 18:25:00 EDT,42.79463,-76.11555,1241,80.0,80.0,82.6,66.9,68.0,0.000,0.000,0.00,0.000,6.1,7.5,0.8,194,11,6.6,8.5,0.9,195,10,6.1,7.5,0.8,194,11,199,28.76,,0,0,0,71.1,68.4,67.1,0.19,0.21,0.13
TULL,2017-08-21 18:30:00 EDT,42.79463,-76.11555,1241,79.8,79.7,79.8,66.3,67.5,0.000,0.000,0.00,0.000,8.7,19.7,4.0,200,12,9.3,21.6,4.3,201,10,8.7,19.7,4.0,200,12,244,28.77,,0,0,0,71.1,68.5,67.1,0.19,0.22,0.13
TULL,2017-08-21 18:35:00 EDT,42.79463,-76.11555,1241,78.3,78.4,78.3,61.3,63.9,0.000,0.000,0.00,0.000,13.0,18.0,2.1,194,8,13.9,20.2,2.6,196,6,13.0,18.0,2.1,194,8,171,28.77,,0,0,0,71.1,68.5,67.1,0.19,0.21,0.13
TULL,2017-08-21 18:40:00 EDT,42.79463,-76.11555,1241,77.2,77.4,77.2,63.6,63.9,0.000,0.000,0.00,0.000,9.8,13.9,1.9,191,10,10.8,15.6,2.1,194,8,9.8,13.9,1.9,191,10,96,28.77,,0,0,0,71.1,68.5,67.1,0.19,0.21,0.13
TULL,2017-08-21 18:45:00 EDT,42.79463,-76.11555,1241,76.7,77.0,76.7,64.8,64.0,0.000,0.000,0.00,0.000,9.3,15.3,2.3,189,9,10.2,17.2,2.5,190,7,9.3,15.3,2.3,189,9,81,28.77,,0,0,0,71.1,68.5,67.1,0.19,0.21,0.13
TULL,2017-08-21 18:50:00 EDT,42.79463,-76.11555,1241,76.8,77.0,76.8,64.9,64.1,0.000,0.000,0.00,0.000,8.6,10.9,1.1,185,12,9.3,13.3,1.4,188,10,8.6,10.9,1.1,185,12,133,28.77,,0,0,0,71.1,68.5,67.1,0.19,0.21,0.13
TULL,2017-08-21 18:55:00 EDT,42.79463,-76.11555,1241,77.0,77.2,77.0,62.7,63.3,0.000,0.000,0.00,0.000,9.4,14.2,1.6,189,9,10.1,15.4,1.8,190,7,9.4,14.2,1.6,189,9,148,28.77,,0,0,0,71.1,68.5,67.1,0.19,0.22,0.13
TULL,2017-08-21 19:00:00 EDT,42.79463,-76.11555,1241,76.4,76.6,76.4,63.7,63.2,0.000,0.000,0.00,0.000,6.9,11.0,1.4,201,11,7.4,12.3,1.7,202,10,6.9,11.0,1.4,201,11,79,28.77,,0,0,0,71.1,68.5,67.0,0.19,0.21,0.13
TULL,2017-08-21 19:05:00 EDT,42.79463,-76.11555,1241,75.6,76.0,75.6,65.0,63.0,0.000,0.000,0.00,0.000,4.7,8.9,1.5,207,17,4.8,9.9,1.9,210,15,4.7,8.9,1.5,207,17,39,28.77,,0,0,0,71.1,68.5,67.1,0.19,0.21,0.13
TULL,2017-08-21 19:10:00 EDT,42.79463,-76.11555,1241,75.1,75.7,75.1,66.3,63.1,0.000,0.000,0.00,0.000,4.1,5.8,0.8,210,11,4.4,6.4,0.9,211,11,4.1,5.8,0.8,210,11,26,28.77,,0,0,0,71.1,68.5,67.1,0.19,0.21,0.13
TULL,2017-08-21 19:15:00 EDT,42.79463,-76.11555,1241,74.8,75.6,74.8,66.9,63.1,0.000,0.000,0.00,0.000,4.1,5.6,0.6,196,10,4.4,6.2,0.7,198,10,4.1,5.6,0.6,196,10,22,28.77,,0,0,0,71.1,68.5,67.1,0.19,0.22,0.13
TULL,2017-08-21 19:20:00 EDT,42.79463,-76.11555,1241,74.0,75.1,74.0,68.9,63.2,0.000,0.000,0.00,0.000,4.8,6.7,0.8,206,9,5.0,7.6,0.9,208,9,4.8,6.7,0.8,206,9,20,28.77,,0,0,0,71.1,68.5,67.0,0.19,0.22,0.13
TULL,2017-08-21 19:25:00 EDT,42.79463,-76.11555,1241,73.7,74.7,73.7,70.0,63.4,0.000,0.000,0.00,0.000,5.4,7.3,1.0,205,8,5.6,8.3,1.0,207,8,5.4,7.3,1.0,205,8,18,28.77,,0,0,0,71.1,68.5,67.0,0.19,0.22,0.13
TULL,2017-08-21 19:30:00 EDT,42.79463,-76.11555,1241,73.7,74.7,73.7,69.9,63.3,0.000,0.000,0.00,0.000,6.0,9.1,0.9,208,10,6.2,9.7,1.0,210,9,6.0,9.1,0.9,208,10,16,28.77,,0,0,0,71.1,68.5,67.0,0.19,0.22,0.13
TULL,2017-08-21 19:35:00 EDT,42.79463,-76.11555,1241,73.8,74.5,73.8,69.4,63.1,0.000,0.000,0.00,0.000,5.3,6.9,0.8,208,8,5.4,7.2,0.8,209,8,5.3,6.9,0.8,208,8,16,28.77,,0,0,0,71.1,68.5,67.1,0.19,0.21,0.13
TULL,2017-08-21 19:40:00 EDT,42.79463,-76.11555,1241,73.3,74.3,73.3,70.6,63.2,0.000,0.000,0.00,0.000,4.8,6.7,0.8,212,10,4.9,7.8,1.1,215,9,4.8,6.7,0.8,212,10,14,28.77,,0,0,0,71.1,68.5,67.0,0.19,0.22,0.13
TULL,2017-08-21 19:45:00 EDT,42.79463,-76.11555,1241,73.1,74.1,73.1,71.4,63.3,0.000,0.000,0.00,0.000,4.8,6.1,0.8,207,11,5.1,6.9,1.0,210,9,4.8,6.1,0.8,207,11,8,28.77,,0,0,0,71.1,68.5,67.1,0.19,0.21,0.13
TULL,2017-08-21 19:50:00 EDT,42.79463,-76.11555,1241,72.7,73.7,72.7,72.9,63.5,0.000,0.000,0.00,0.000,4.9,6.1,0.6,190,7,5.2,6.5,0.7,191,7,4.9,6.1,0.6,190,7,5,28.77,,0,0,0,71.0,68.5,67.0,0.19,0.21,0.13
TULL,2017-08-21 19:55:00 EDT,42.79463,-76.11555,1241,72.4,73.5,72.4,74.0,63.6,0.000,0.000,0.00,0.000,3.6,5.8,1.0,182,11,3.8,6.2,1.0,185,10,3.6,5.8,1.0,182,11,3,28.77,,0,0,0,71.1,68.5,67.0,0.19,0.22,0.13
TULL,2017-08-21 20:00:00 EDT,42.79463,-76.11555,1241,71.4,72.9,71.4,75.8,63.4,0.000,0.000,0.00,0.000,2.2,3.1,0.3,153,7,2.3,3.3,0.4,153,10,2.2,3.1,0.3,153,7,2,28.77,,0,0,0,71.0,68.5,67.0,0.19,0.22,0.13
TULL,2017-08-21 20:05:00 EDT,42.79463,-76.11555,1241,70.2,72.8,70.2,77.2,62.7,0.000,0.000,0.00,0.000,2.2,4.2,0.6,148,15,2.4,5.0,0.8,149,14,2.2,4.2,0.6,148,15,1,28.77,,0,0,0,70.9,68.5,67.0,0.19,0.21,0.13
TULL,2017-08-21 20:10:00 EDT,42.79463,-76.11555,1241,70.5,72.8,70.5,78.8,63.6,0.000,0.000,0.00,0.000,1.0,2.8,0.8,173,30,1.2,3.0,0.8,178,33,1.0,2.8,0.8,173,30,1,28.77,,0,0,0,70.7,68.5,67.0,0.19,0.22,0.13
TULL,2017-08-21 20:15:00 EDT,42.79463,-76.11555,1241,71.2,72.5,71.2,79.0,64.4,0.000,0.000,0.00,0.000,1.9,3.9,0.8,218,16,2.0,3.8,0.7,222,18,1.9,3.9,0.8,218,16,1,28.77,,0,0,0,70.7,68.5,67.1,0.19,0.22,0.13
TULL,2017-08-21 20:20:00 EDT,42.79463,-76.11555,1241,70.9,71.9,70.9,79.2,64.2,0.000,0.000,0.00,0.000,3.6,5.3,0.8,194,10,3.9,6.1,1.0,194,10,3.6,5.3,0.8,194,10,0,28.77,,0,0,0,70.7,68.5,67.0,0.19,0.21,0.13
TULL,2017-08-21 20:25:00 EDT,42.79463,-76.11555,1241,70.8,71.8,70.8,80.2,64.4,0.000,0.000,0.00,0.000,4.0,5.8,0.6,194,8,4.3,6.3,0.8,196,6,4.0,5.8,0.6,194,8,0,28.77,,0,0,0,70.7,68.5,67.0,0.19,0.21,0.13
TULL,2017-08-21 20:30:00 EDT,42.79463,-76.11555,1241,70.3,71.3,70.3,80.6,64.0,0.000,0.000,0.00,0.000,1.2,3.7,1.1,188,9,1.3,3.7,1.1,189,10,1.2,3.7,1.1,188,9,0,28.77,,0,0,0,70.7,68.5,67.0,0.19,0.22,0.13
TULL,2017-08-21 20:35:00 EDT,42.79463,-76.11555,1241,69.8,71.0,69.8,81.8,64.0,0.000,0.000,0.00,0.000,0.0,0.0,0.0,0,0,0.1,1.1,0.3,269,17,0.0,0.0,0.0,0,0,0,28.77,,0,0,0,70.7,68.5,67.0,0.19,0.21,0.13
TULL,2017-08-21 20:40:00 EDT,42.79463,-76.11555,1241,69.6,70.9,69.6,83.0,64.3,0.000,0.000,0.00,0.000,0.2,1.4,0.4,229,10,0.5,1.9,0.6,223,37,0.2,1.4,0.4,229,10,0,28.77,,0,0,0,70.7,68.5,67.1,0.19,0.22,0.13
TULL,2017-08-21 20:45:00 EDT,42.79463,-76.11555,1241,69.0,70.7,69.0,84.1,64.0,0.000,0.000,0.00,0.000,0.1,0.9,0.2,162,21,0.6,2.2,0.6,161,49,0.1,0.9,0.2,162,21,0,28.77,,0,0,0,70.7,68.5,67.0,0.19,0.22,0.13
TULL,2017-08-21 20:50:00 EDT,42.79463,-76.11555,1241,68.4,70.4,68.4,85.2,63.8,0.000,0.000,0.00,0.000,0.4,1.6,0.5,195,14,0.7,2.3,0.7,212,30,0.4,1.6,0.5,195,14,0,28.77,,0,0,0,70.7,68.6,67.1,0.19,0.22,0.13
TULL,2017-08-21 20:55:00 EDT,42.79463,-76.11555,1241,68.3,70.1,68.3,85.8,63.9,0.000,0.000,0.00,0.000,0.5,3.5,0.9,209,8,0.8,4.2,1.0,219,19,0.5,3.5,0.9,209,8,0,28.77,,0,0,0,70.7,68.6,67.0,0.19,0.21,0.13
TULL,2017-08-21 21:00:00 EDT,42.79463,-76.11555,1241,68.8,69.8,68.8,85.7,64.4,0.000,0.000,0.00,0.000,3.2,4.7,0.8,200,10,3.5,5.3,0.9,202,9,3.2,4.7,0.8,200,10,0,28.77,,0,0,0,70.7,68.6,67.1,0.19,0.22,0.13
TULL,2017-08-21 21:05:00 EDT,42.79463,-76.11555,1241,68.3,69.6,68.3,85.4,63.8,0.000,0.000,0.00,0.000,2.3,3.7,0.7,188,12,2.5,4.2,0.7,190,11,2.3,3.7,0.7,188,12,0,28.77,,0,0,0,70.7,68.8,67.0,0.19,0.22,0.13
TULL,2017-08-21 21:10:00 EDT,42.79463,-76.11555,1241,68.1,69.3,68.1,86.1,63.8,0.000,0.000,0.00,0.000,2.5,3.1,0.4,183,8,2.7,3.5,0.5,186,8,2.5,3.1,0.4,183,8,0,28.77,,0,0,0,70.7,68.8,67.0,0.19,0.21,0.13
TULL,2017-08-21 21:15:00 EDT,42.79463,-76.11555,1241,68.2,69.2,68.2,86.7,64.1,0.000,0.000,0.00,0.000,0.3,1.8,0.5,150,12,0.6,2.1,0.5,125,30,0.3,1.8,0.5,150,12,0,28.77,,0,0,0,70.6,68.8,67.1,0.19,0.22,0.13
TULL,2017-08-21 21:20:00 EDT,42.79463,-76.11555,1241,67.4,69.6,67.4,86.4,63.2,0.000,0.000,0.00,0.000,0.4,1.5,0.4,5,16,1.0,1.9,0.5,6,19,0.4,1.5,0.4,5,16,0,28.77,,0,0,0,70.4,68.8,67.1,0.19,0.21,0.13
TULL,2017-08-21 21:25:00 EDT,42.79463,-76.11555,1241,67.0,69.8,67.0,87.7,63.2,0.000,0.000,0.00,0.000,0.6,1.6,0.5,326,17,1.0,2.1,0.5,329,25,0.6,1.6,0.5,326,17,0,28.77,,0,0,0,70.3,68.9,67.1,0.19,0.22,0.13
TULL,2017-08-21 21:30:00 EDT,42.79463,-76.11555,1241,67.3,69.7,67.3,87.8,63.5,0.000,0.000,0.00,0.000,1.1,1.8,0.4,247,20,1.4,2.3,0.4,253,20,1.1,1.8,0.4,247,20,0,28.77,,0,0,0,70.3,68.9,67.1,0.19,0.22,0.13
TULL,2017-08-21 21:35:00 EDT,42.79463,-76.11555,1241,67.8,69.3,67.8,87.2,63.9,0.000,0.000,0.00,0.000,2.3,4.1,0.7,217,18,2.6,4.6,0.8,221,16,2.3,4.1,0.7,217,18,0,28.77,,0,0,0,70.3,68.9,67.1,0.19,0.21,0.13
TULL,2017-08-21 21:40:00 EDT,42.79463,-76.11555,1241,67.7,69.1,67.7,86.5,63.5,0.000,0.000,0.00,0.000,4.0,6.4,0.9,210,12,4.2,7.2,1.1,212,11,4.0,6.4,0.9,210,12,0,28.77,,0,0,0,70.3,68.9,67.1,0.19,0.21,0.13
TULL,2017-08-21 21:45:00 EDT,42.79463,-76.11555,1241,68.0,69.2,68.0,86.3,63.8,0.000,0.000,0.00,0.000,5.8,8.9,1.2,203,11,6.1,9.5,1.3,206,11,5.8,8.9,1.2,203,11,0,28.77,,0,0,0,70.3,68.9,67.1,0.19,0.22,0.13
TULL,2017-08-21 21:50:00 EDT,42.79463,-76.11555,1241,68.5,69.3,68.5,85.8,64.1,0.000,0.000,0.00,0.000,6.7,9.3,1.2,205,11,7.1,10.6,1.4,206,9,6.7,9.3,1.2,205,11,0,28.77,,0,0,0,70.3,68.9,67.1,0.19,0.21,0.13
TULL,2017-08-21 21:55:00 EDT,42.79463,-76.11555,1241,68.4,69.1,68.4,85.8,64.0,0.000,0.000,0.00,0.000,5.8,8.4,1.0,200,9,6.0,8.1,1.2,202,8,5.8,8.4,1.0,200,9,0,28.77,,0,0,0,70.3,68.9,67.1,0.19,0.22,0.13
TULL,2017-08-21 22:00:00 EDT,42.79463,-76.11555,1241,67.6,68.4,67.6,87.1,63.7,0.000,0.000,0.00,0.000,4.1,5.7,0.7,207,12,4.4,6.5,0.9,209,11,4.1,5.7,0.7,207,12,0,28.77,,0,0,0,70.3,68.9,67.1,0.19,0.22,0.13
TULL,2017-08-21 22:05:00 EDT,42.79463,-76.11555,1241,67.5,68.3,67.5,88.1,63.8,0.000,0.000,0.00,0.000,4.0,6.0,0.7,198,12,4.4,6.1,0.9,198,10,4.0,6.0,0.7,198,12,0,28.77,,0,0,0,70.0,68.9,67.1,0.19,0.21,0.13
TULL,2017-08-21 22:10:00 EDT,42.79463,-76.11555,1241,67.4,68.3,67.4,88.3,63.8,0.000,0.000,0.00,0.000,4.6,7.1,1.0,202,13,4.9,8.2,1.2,203,13,4.6,7.1,1.0,202,13,0,28.77,,0,0,0,70.0,68.9,67.1,0.19,0.21,0.13
TULL,2017-08-21 22:15:00 EDT,42.79463,-76.11555,1241,67.2,68.0,67.2,88.6,63.7,0.000,0.000,0.00,0.000,4.4,6.9,1.0,201,15,4.5,7.5,1.2,203,15,4.4,6.9,1.0,201,15,0,28.77,,0,0,0,70.0,68.9,67.1,0.19,0.22,0.13
TULL,2017-08-21 22:20:00 EDT,42.79463,-76.11555,1241,67.1,67.8,67.1,89.4,63.9,0.000,0.000,0.00,0.000,5.2,7.9,0.8,192,9,5.6,8.6,1.0,194,8,5.2,7.9,0.8,192,9,0,28.77,,0,0,0,70.0,68.9,67.1,0.19,0.22,0.13
TULL,2017-08-21 22:25:00 EDT,42.79463,-76.11555,1241,67.3,67.8,67.3,89.4,64.1,0.000,0.000,0.00,0.000,4.8,7.7,0.9,195,12,5.2,7.7,1.0,197,11,4.8,7.7,0.9,195,12,0,28.77,,0,0,0,70.0,68.9,67.1,0.19,0.22,0.13
TULL,2017-08-21 22:30:00 EDT,42.79463,-76.11555,1241,67.0,67.6,67.0,89.2,63.8,0.000,0.000,0.00,0.000,4.2,6.5,0.9,202,14,4.5,7.1,1.0,204,13,4.2,6.5,0.9,202,14,0,28.77,,0,0,0,70.0,68.9,67.1,0.19,0.22,0.13
TULL,2017-08-21 22:35:00 EDT,42.79463,-76.11555,1241,67.0,67.6,67.0,89.8,63.9,0.000,0.000,0.00,0.000,5.2,8.8,1.4,193,12,5.6,8.8,1.5,195,10,5.2,8.8,1.4,193,12,0,28.77,,0,0,0,70.0,68.9,67.1,0.19,0.22,0.13
TULL,2017-08-21 22:40:00 EDT,42.79463,-76.11555,1241,67.3,67.8,67.3,89.2,64.0,0.000,0.000,0.00,0.000,5.1,8.0,1.4,196,12,5.5,8.7,1.5,197,11,5.1,8.0,1.4,196,12,0,28.77,,0,0,0,70.0,68.9,67.1,0.19,0.22,0.13
TULL,2017-08-21 22:45:00 EDT,42.79463,-76.11555,1241,66.9,67.3,66.9,89.7,63.7,0.000,0.000,0.00,0.000,3.1,7.1,1.1,215,19,3.4,7.3,1.3,218,17,3.1,7.1,1.1,215,19,0,28.77,,0,0,0,70.0,68.9,67.1,0.19,0.22,0.13
TULL,2017-08-21 22:50:00 EDT,42.79463,-76.11555,1241,66.9,67.5,66.9,90.2,63.9,0.000,0.000,0.00,0.000,3.9,7.5,1.3,208,15,4.3,8.3,1.4,209,13,3.9,7.5,1.3,208,15,0,28.77,,0,0,0,70.0,68.9,67.1,0.19,0.21,0.13
TULL,2017-08-21 22:55:00 EDT,42.79463,-76.11555,1241,66.8,67.4,66.8,90.1,63.8,0.000,0.000,0.00,0.000,4.0,5.9,0.9,209,13,4.1,7.4,1.1,212,12,4.0,5.9,0.9,209,13,0,28.77,,0,0,0,70.0,68.9,67.1,0.19,0.22,0.13
TULL,2017-08-21 23:00:00 EDT,42.79463,-76.11555,1241,66.8,67.5,66.8,90.3,63.9,0.000,0.000,0.00,0.000,5.0,6.8,0.9,203,13,5.2,7.6,1.2,204,10,5.0,6.8,0.9,203,13,0,28.76,,0,0,0,69.9,68.9,67.1,0.19,0.22,0.13
TULL,2017-08-21 23:05:00 EDT,42.79463,-76.11555,1241,66.9,67.5,66.9,89.8,63.8,0.000,0.000,0.00,0.000,4.6,7.9,1.1,209,14,4.9,8.6,1.2,210,12,4.6,7.9,1.1,209,14,0,28.76,,0,0,0,69.7,68.9,67.1,0.19,0.22,0.13
TULL,2017-08-21 23:10:00 EDT,42.79463,-76.11555,1241,66.8,67.4,66.8,90.0,63.8,0.000,0.000,0.00,0.000,5.2,7.3,1.0,208,13,5.6,8.2,1.2,209,11,5.2,7.3,1.0,208,13,0,28.76,,0,0,0,69.6,68.9,67.1,0.19,0.22,0.13
TULL,2017-08-21 23:15:00 EDT,42.79463,-76.11555,1241,67.0,67.6,67.0,89.7,63.9,0.000,0.000,0.00,0.000,5.5,7.6,1.0,203,10,5.8,8.4,1.2,205,9,5.5,7.6,1.0,203,10,0,28.76,,0,0,0,69.6,68.9,67.1,0.19,0.22,0.13
TULL,2017-08-21 23:20:00 EDT,42.79463,-76.11555,1241,66.7,67.2,66.7,89.9,63.7,0.000,0.000,0.00,0.000,5.0,7.9,1.2,205,11,5.3,7.8,1.4,205,11,5.0,7.9,1.2,205,11,0,28.77,,0,0,0,69.6,68.9,67.1,0.19,0.21,0.13
TULL,2017-08-21 23:25:00 EDT,42.79463,-76.11555,1241,66.7,67.2,66.7,90.5,63.9,0.000,0.000,0.00,0.000,5.5,7.7,1.0,199,10,5.8,8.4,1.2,200,8,5.5,7.7,1.0,199,10,0,28.76,,0,0,0,69.6,68.9,67.1,0.19,0.22,0.13
TULL,2017-08-21 23:30:00 EDT,42.79463,-76.11555,1241,66.6,67.0,66.6,90.7,63.8,0.000,0.000,0.00,0.000,5.2,7.3,1.1,196,10,5.6,8.2,1.2,197,8,5.2,7.3,1.1,196,10,0,28.76,,0,0,0,69.6,68.9,67.1,0.19,0.22,0.13
TULL,2017-08-21 23:35:00 EDT,42.79463,-76.11555,1241,66.3,66.8,66.3,91.1,63.6,0.000,0.000,0.00,0.000,5.1,6.9,0.9,203,11,5.2,8.0,1.1,203,12,5.1,6.9,0.9,203,11,0,28.76,,0,0,0,69.6,68.9,67.1,0.19,0.21,0.13
TULL,2017-08-21 23:40:00 EDT,42.79463,-76.11555,1241,66.2,66.9,66.2,91.4,63.6,0.000,0.000,0.00,0.000,5.4,7.0,0.8,211,12,5.5,8.6,1.1,214,10,5.4,7.0,0.8,211,12,0,28.76,,0,0,0,69.6,68.9,67.1,0.19,0.21,0.13
TULL,2017-08-21 23:45:00 EDT,42.79463,-76.11555,1241,66.6,67.1,66.6,90.8,63.8,0.000,0.000,0.00,0.000,5.3,8.8,1.2,210,12,5.7,9.9,1.4,212,12,5.3,8.8,1.2,210,12,0,28.76,,0,0,0,69.6,68.9,67.1,0.19,0.22,0.13
TULL,2017-08-21 23:50:00 EDT,42.79463,-76.11555,1241,66.6,67.1,66.6,90.3,63.7,0.000,0.000,0.00,0.000,4.8,7.5,1.2,210,14,5.1,8.1,1.4,212,14,4.8,7.5,1.2,210,14,0,28.76,,0,0,0,69.6,68.9,67.1,0.19,0.22,0.13
TULL,2017-08-21 23:55:00 EDT,42.79463,-76.11555,1241,66.5,67.1,66.5,90.2,63.6,0.000,0.000,0.00,0.000,4.0,6.8,1.0,216,14,4.3,6.5,1.1,218,14,4.0,6.8,1.0,216,14,0,28.76,,0,0,0,69.6,68.9,67.1,0.19,0.22,0.13
TUPP,2017-08-21 00:00:00 EDT,44.22128,-74.43826,1650,61.3,62.4,61.3,89.2,58.1,0.000,0.023,0.00,0.000,2.3,4.9,0.7,243,11,2.5,5.6,0.9,243,12,2.3,4.9,0.7,243,11,0,28.40,,0,0,0,70.3,71.8,70.3,0.24,0.30,0.22
TUPP,2017-08-21 00:05:00 EDT,44.22128,-74.43826,1650,60.5,62.5,60.5,88.7,57.2,0.000,0.000,0.00,0.000,2.4,4.3,0.7,246,12,2.8,5.8,0.8,246,13,2.4,4.3,0.7,246,12,0,28.41,,0,0,0,70.3,71.8,70.3,0.24,0.30,0.22
TUPP,2017-08-21 00:10:00 EDT,44.22128,-74.43826,1650,60.7,62.4,60.7,90.2,57.8,0.000,0.000,0.00,0.000,2.7,4.2,0.7,244,12,3.0,4.9,0.8,245,14,2.7,4.2,0.7,244,12,0,28.41,,0,0,0,70.3,71.8,70.3,0.24,0.30,0.22
TUPP,2017-08-21 00:15:00 EDT,44.22128,-74.43826,1650,61.2,62.4,61.2,89.8,58.2,0.000,0.000,0.00,0.000,2.4,5.0,0.9,249,15,2.7,5.3,0.9,250,15,2.4,5.0,0.9,249,15,0,28.41,,0,0,0,70.3,71.8,70.3,0.24,0.30,0.22
TUPP,2017-08-21 00:20:00 EDT,44.22128,-74.43826,1650,61.7,62.6,61.7,88.3,58.2,0.000,0.000,0.00,0.000,2.9,5.1,1.0,242,13,3.1,6.2,1.0,241,14,2.9,5.1,1.0,242,13,0,28.41,,0,0,0,70.0,71.8,70.3,0.24,0.30,0.22
TUPP,2017-08-21 00:25:00 EDT,44.22128,-74.43826,1650,61.6,62.5,61.6,87.6,57.9,0.000,0.000,0.00,0.000,2.7,4.4,0.9,241,13,3.0,5.2,1.0,241,12,2.7,4.4,0.9,241,13,0,28.41,,0,0,0,70.0,71.8,70.3,0.24,0.30,0.22
TUPP,2017-08-21 00:30:00 EDT,44.22128,-74.43826,1650,61.9,62.5,61.9,87.4,58.1,0.000,0.000,0.00,0.000,2.8,5.6,1.1,249,14,3.2,6.2,1.3,248,14,2.8,5.6,1.1,249,14,0,28.41,,0,0,0,70.0,71.8,70.3,0.24,0.30,0.22
TUPP,2017-08-21 00:35:00 EDT,44.22128,-74.43826,1650,61.9,62.5,61.9,86.6,57.9,0.000,0.000,0.00,0.000,2.7,4.6,0.7,252,16,3.1,4.8,0.9,252,16,2.7,4.6,0.7,252,16,0,28.41,,0,0,0,70.0,71.8,70.3,0.24,0.30,0.22
TUPP,2017-08-21 00:40:00 EDT,44.22128,-74.43826,1650,61.8,62.4,61.8,87.0,57.9,0.000,0.000,0.00,0.000,2.8,5.5,0.9,245,15,3.0,5.4,1.0,246,15,2.8,5.5,0.9,245,15,0,28.41,,0,0,0,70.0,71.8,70.3,0.24,0.30,0.22
TUPP,2017-08-21 00:45:00 EDT,44.22128,-74.43826,1650,61.3,62.2,61.3,87.4,57.5,0.000,0.000,0.00,0.000,2.6,4.5,0.6,243,12,2.9,5.4,0.7,242,12,2.6,4.5,0.6,243,12,0,28.41,,0,0,0,70.0,71.8,70.3,0.24,0.30,0.22
TUPP,2017-08-21 00:50:00 EDT,44.22128,-74.43826,1650,61.4,62.1,61.4,88.0,57.8,0.000,0.000,0.00,0.000,1.9,4.5,0.8,233,18,2.0,4.8,0.9,232,18,1.9,4.5,0.8,233,18,0,28.41,,0,0,0,70.0,71.8,70.3,0.24,0.30,0.22
TUPP,2017-08-21 00:55:00 EDT,44.22128,-74.43826,1650,60.1,61.9,60.1,88.3,56.6,0.000,0.000,0.00,0.000,0.9,2.8,0.7,223,15,1.0,2.8,0.8,219,18,0.9,2.8,0.7,223,15,0,28.41,,0,0,0,69.7,71.8,70.3,0.24,0.30,0.22
TUPP,2017-08-21 01:00:00 EDT,44.22128,-74.43826,1650,58.6,60.4,58.6,91.2,56.0,0.000,0.000,0.00,0.000,0.9,1.5,0.5,137,29,1.2,2.1,0.5,137,28,0.9,1.5,0.5,137,29,0,28.41,,0,0,0,69.6,71.8,70.3,0.24,0.30,0.22
TUPP,2017-08-21 01:05:00 EDT,44.22128,-74.43826,1650,57.9,58.1,57.9,92.6,55.7,0.000,0.000,0.00,0.000,1.6,2.6,0.4,107,8,1.9,3.0,0.5,104,10,1.6,2.6,0.4,107,8,0,28.41,,0,0,0,69.6,71.8,70.3,0.24,0.30,0.22
TUPP,2017-08-21 01:10:00 EDT,44.22128,-74.43826,1650,57.4,57.9,57.4,93.5,55.6,0.000,0.000,0.00,0.000,0.0,0.9,0.2,92,9,0.2,1.3,0.4,53,24,0.0,0.9,0.2,92,9,0,28.41,,0,0,0,69.6,71.8,70.3,0.24,0.30,0.22
TUPP,2017-08-21 01:15:00 EDT,44.22128,-74.43826,1650,57.2,58.0,57.2,94.2,55.6,0.000,0.000,0.00,0.000,0.0,0.0,0.0,0,0,0.1,1.2,0.2,324,3,0.0,0.0,0.0,0,0,0,28.41,,0,0,0,69.6,71.8,70.3,0.24,0.30,0.22
TUPP,2017-08-21 01:20:00 EDT,44.22128,-74.43826,1650,57.2,58.8,57.2,94.8,55.8,0.000,0.000,0.00,0.000,0.6,2.0,0.6,275,32,0.8,2.1,0.8,275,32,0.6,2.0,0.6,275,32,0,28.41,,0,0,0,69.6,71.7,70.3,0.24,0.30,0.22
TUPP,2017-08-21 01:25:00 EDT,44.22128,-74.43826,1650,57.2,60.4,57.2,95.4,55.9,0.000,0.000,0.00,0.000,0.4,1.5,0.4,244,10,0.7,1.7,0.5,254,20,0.4,1.5,0.4,244,10,0,28.41,,0,0,0,69.3,71.6,70.3,0.24,0.30,0.22
TUPP,2017-08-21 01:30:00 EDT,44.22128,-74.43826,1650,56.9,59.7,56.9,95.3,55.5,0.000,0.000,0.00,0.000,0.0,0.5,0.1,289,0,0.0,0.9,0.2,289,11,0.0,0.5,0.1,289,0,0,28.41,,0,0,0,69.3,71.6,70.3,0.24,0.30,0.22
TUPP,2017-08-21 01:35:00 EDT,44.22128,-74.43826,1650,56.5,58.3,56.5,95.5,55.3,0.000,0.000,0.00,0.000,0.0,0.0,0.0,0,0,0.2,1.1,0.4,81,12,0.0,0.0,0.0,0,0,0,28.41,,0,0,0,69.3,71.5,70.3,0.24,0.30,0.22
TUPP,2017-08-21 01:40:00 EDT,44.22128,-74.43826,1650,56.2,59.0,56.2,95.8,55.0,0.000,0.000,0.00,0.000,0.7,1.9,0.5,144,25,1.1,2.4,0.6,141,27,0.7,1.9,0.5,144,25,0,28.41,,0,0,0,69.3,71.4,70.3,0.24,0.30,0.22
TUPP,2017-08-21 01:45:00 EDT,44.22128,-74.43826,1650,56.2,58.3,56.2,96.4,55.2,0.000,0.000,0.00,0.000,0.5,1.1,0.4,103,20,0.8,1.7,0.5,99,28,0.5,1.1,0.4,103,20,0,28.41,,0,0,0,69.3,71.4,70.3,0.24,0.30,0.22
TUPP,2017-08-21 01:50:00 EDT,44.22128,-74.43826,1650,56.0,57.3,56.0,96.4,55.0,0.000,0.000,0.00,0.000,1.2,2.2,0.6,98,11,1.6,3.0,0.7,96,13,1.2,2.2,0.6,98,11,0,28.41,,0,0,0,69.3,71.4,70.3,0.24,0.30,0.22
TUPP,2017-08-21 01:55:00 EDT,44.22128,-74.43826,1650,55.8,56.7,55.8,96.5,54.9,0.000,0.000,0.00,0.000,1.1,2.6,0.9,94,4,1.5,3.1,0.9,94,11,1.1,2.6,0.9,94,4,0,28.41,,0,0,0,69.2,71.4,70.3,0.24,0.30,0.22
TUPP,2017-08-21 02:00:00 EDT,44.22128,-74.43826,1650,55.7,56.4,55.7,96.4,54.6,0.000,0.000,0.00,0.000,1.7,2.3,0.5,98,7,1.9,2.7,0.5,97,7,1.7,2.3,0.5,98,7,0,28.41,,0,0,0,68.9,71.4,70.3,0.24,0.30,0.22
TUPP,2017-08-21 02:05:00 EDT,44.22128,-74.43826,1650,55.6,56.2,55.6,96.7,54.7,0.000,0.000,0.00,0.000,1.6,2.5,0.5,93,8,1.9,2.8,0.6,92,10,1.6,2.5,0.5,93,8,0,28.41,,0,0,0,68.9,71.4,70.3,0.24,0.30,0.22
TUPP,2017-08-21 02:10:00 EDT,44.22128,-74.43826,1650,55.4,56.1,55.4,96.7,54.5,0.000,0.000,0.00,0.000,0.8,1.8,0.5,87,12,1.1,2.3,0.6,84,16,0.8,1.8,0.5,87,12,0,28.41,,0,0,0,68.9,71.4,70.3,0.24,0.30,0.22
TUPP,2017-08-21 02:15:00 EDT,44.22128,-74.43826,1650,55.2,55.8,55.2,96.7,54.3,0.000,0.000,0.00,0.000,0.3,1.3,0.5,85,5,0.6,1.9,0.7,79,10,0.3,1.3,0.5,85,5,0,28.41,,0,0,0,68.9,71.4,70.3,0.24,0.30,0.22
TUPP,2017-08-21 02:20:00 EDT,44.22128,-74.43826,1650,55.1,55.9,55.1,96.8,54.2,0.000,0.000,0.00,0.000,0.8,2.7,0.9,84,10,1.1,3.4,1.0,73,17,0.8,2.7,0.9,84,10,0,28.41,,0,0,0,68.9,71.4,70.3,0.24,0.30,0.22
TUPP,2017-08-21 02:25:00 EDT,44.22128,-74.43826,1650,55.0,55.6,55.0,96.9,54.1,0.000,0.000,0.00,0.000,0.5,1.2,0.4,74,9,0.9,1.7,0.5,72,11,0.5,1.2,0.4,74,9,0,28.41,,0,0,0,68.8,71.4,70.3,0.24,0.30,0.22
TUPP,2017-08-21 02:30:00 EDT,44.22128,-74.43826,1650,54.9,55.8,54.9,97.0,54.0,0.000,0.000,0.00,0.000,0.7,1.5,0.5,89,11,1.0,2.4,0.6,85,12,0.7,1.5,0.5,89,11,0,28.41,,0,0,0,68.6,71.4,70.3,0.24,0.30,0.22
TUPP,2017-08-21 02:35:00 EDT,44.22128,-74.43826,1650,54.8,55.7,54.8,97.0,53.9,0.000,0.000,0.00,0.000,0.9,1.6,0.4,84,17,1.1,2.2,0.5,77,18,0.9,1.6,0.4,84,17,0,28.41,,0,0,0,68.5,71.4,70.3,0.24,0.30,0.22
TUPP,2017-08-21 02:40:00 EDT,44.22128,-74.43826,1650,54.6,55.3,54.6,97.1,53.8,0.000,0.000,0.00,0.000,0.3,1.7,0.5,91,7,0.4,2.2,0.6,91,8,0.3,1.7,0.5,91,7,0,28.41,,0,0,0,68.5,71.4,70.3,0.24,0.30,0.22
TUPP,2017-08-21 02:45:00 EDT,44.22128,-74.43826,1650,54.6,55.5,54.6,97.2,53.9,0.000,0.000,0.00,0.000,0.2,1.0,0.3,72,13,0.4,2.1,0.6,99,32,0.2,1.0,0.3,72,13,0,28.41,,0,0,0,68.5,71.4,70.3,0.24,0.30,0.22
TUPP,2017-08-21 02:50:00 EDT,44.22128,-74.43826,1650,54.8,55.9,54.8,97.3,54.1,0.000,0.000,0.00,0.000,0.0,0.2,0.0,103,0,0.1,1.1,0.3,102,17,0.0,0.2,0.0,103,0,0,28.41,,0,0,0,68.5,71.4,70.3,0.24,0.30,0.22
TUPP,2017-08-21 02:55:00 EDT,44.22128,-74.43826,1650,55.0,56.3,55.0,97.6,54.4,0.000,0.000,0.00,0.000,0.6,3.1,0.9,95,7,0.9,3.7,1.0,89,11,0.6,3.1,0.9,95,7,0,28.41,,0,0,0,68.5,71.4,70.3,0.24,0.30,0.22
TUPP,2017-08-21 03:00:00 EDT,44.22128,-74.43826,1650,55.1,56.2,55.1,97.7,54.4,0.000,0.000,0.00,0.000,0.5,1.7,0.6,78,8,0.9,2.5,0.7,68,41,0.5,1.7,0.6,78,8,0,28.41,,0,0,0,68.5,71.4,70.3,0.24,0.30,0.22
TUPP,2017-08-21 03:05:00 EDT,44.22128,-74.43826,1650,55.1,56.3,55.1,97.7,54.5,0.000,0.000,0.00,0.000,0.5,1.5,0.5,42,34,1.0,2.3,0.6,41,39,0.5,1.5,0.5,42,34,0,28.41,,0,0,0,68.4,71.4,70.3,0.24,0.30,0.22
TUPP,2017-08-21 03:10:00 EDT,44.22128,-74.43826,1650,55.4,56.2,55.4,97.9,54.8,0.000,0.000,0.00,0.000,0.2,1.4,0.4,101,7,0.6,2.2,0.6,97,8,0.2,1.4,0.4,101,7,0,28.42,,0,0,0,68.2,71.4,70.3,0.24,0.30,0.22
TUPP,2017-08-21 03:15:00 EDT,44.22128,-74.43826,1650,55.5,56.7,55.5,97.9,54.9,0.000,0.000,0.00,0.000,1.3,2.3,0.6,92,14,1.7,3.0,0.6,89,19,1.3,2.3,0.6,92,14,0,28.42,,0,0,0,68.2,71.4,70.3,0.24,0.30,0.22
TUPP,2017-08-21 03:20:00 EDT,44.22128,-74.43826,1650,55.5,56.4,55.5,97.8,54.9,0.000,0.000,0.00,0.000,1.6,3.1,0.9,88,17,2.0,4.0,1.0,87,20,1.6,3.1,0.9,88,17,0,28.41,,0,0,0,68.2,71.4,70.3,0.24,0.30,0.22
TUPP,2017-08-21 03:25:00 EDT,44.22128,-74.43826,1650,55.8,56.4,55.8,97.9,55.2,0.000,0.000,0.00,0.000,1.0,2.1,0.7,93,14,1.3,2.7,0.8,91,15,1.0,2.1,0.7,93,14,0,28.41,,0,0,0,68.2,71.4,70.3,0.24,0.30,0.22
TUPP,2017-08-21 03:30:00 EDT,44.22128,-74.43826,1650,55.9,56.3,55.9,97.8,55.3,0.000,0.000,0.00,0.000,1.7,3.0,0.6,89,11,2.2,3.8,0.6,88,13,1.7,3.0,0.6,89,11,0,28.42,,0,0,0,68.2,71.4,70.3,0.24,0.30,0.22
TUPP,2017-08-21 03:35:00 EDT,44.22128,-74.43826,1650,56.0,56.2,56.0,97.8,55.3,0.000,0.000,0.00,0.000,1.4,2.9,0.6,91,11,1.7,3.5,0.7,88,13,1.4,2.9,0.6,91,11,0,28.42,,0,0,0,67.9,71.3,70.3,0.24,0.30,0.22
TUPP,2017-08-21 03:40:00 EDT,44.22128,-74.43826,1650,56.0,56.2,56.0,97.6,55.3,0.000,0.000,0.00,0.000,0.9,2.1,0.7,83,14,1.3,3.0,0.7,81,29,0.9,2.1,0.7,83,14,0,28.42,,0,0,0,67.8,71.3,70.3,0.24,0.30,0.22
TUPP,2017-08-21 03:45:00 EDT,44.22128,-74.43826,1650,55.9,56.3,55.9,97.6,55.2,0.000,0.000,0.00,0.000,1.3,3.0,0.6,92,13,1.7,3.7,0.7,92,15,1.3,3.0,0.6,92,13,0,28.42,,0,0,0,67.8,71.1,70.3,0.24,0.30,0.22
TUPP,2017-08-21 03:50:00 EDT,44.22128,-74.43826,1650,55.9,56.4,55.9,97.5,55.2,0.000,0.000,0.00,0.000,0.9,2.5,0.8,78,13,1.3,3.6,0.8,74,19,0.9,2.5,0.8,78,13,0,28.41,,0,0,0,67.8,71.1,70.3,0.24,0.30,0.22
TUPP,2017-08-21 03:55:00 EDT,44.22128,-74.43826,1650,55.8,56.5,55.8,97.5,55.2,0.000,0.000,0.00,0.000,1.1,2.4,0.5,89,11,1.3,2.8,0.6,85,11,1.1,2.4,0.5,89,11,0,28.41,,0,0,0,67.8,71.1,70.3,0.24,0.30,0.22
TUPP,2017-08-21 04:00:00 EDT,44.22128,-74.43826,1650,55.8,56.6,55.8,97.5,55.1,0.000,0.000,0.00,0.000,0.5,1.1,0.4,71,15,0.8,1.9,0.5,60,18,0.5,1.1,0.4,71,15,0,28.41,,0,0,0,67.8,71.1,70.3,0.24,0.30,0.22
TUPP,2017-08-21 04:05:00 EDT,44.22128,-74.43826,1650,55.8,56.6,55.8,97.5,55.1,0.000,0.000,0.00,0.000,0.5,2.0,0.6,59,16,0.8,2.7,0.6,46,33,0.5,2.0,0.6,59,16,0,28.41,,0,0,0,67.8,71.1,70.3,0.24,0.30,0.22
TUPP,2017-08-21 04:10:00 EDT,44.22128,-74.43826,1650,55.7,56.6,55.7,97.6,55.0,0.000,0.000,0.00,0.000,0.2,1.0,0.3,56,1,0.6,1.2,0.4,37,25,0.2,1.0,0.3,56,1,0,28.42,,0,0,0,67.8,71.1,70.3,0.24,0.30,0.22
TUPP,2017-08-21 04:15:00 EDT,44.22128,-74.43826,1650,55.6,56.4,55.6,97.6,54.9,0.000,0.000,0.00,0.000,0.2,0.9,0.3,89,11,0.4,1.5,0.5,83,12,0.2,0.9,0.3,89,11,0,28.41,,0,0,0,67.8,71.1,70.3,0.24,0.30,0.22
TUPP,2017-08-21 04:20:00 EDT,44.22128,-74.43826,1650,55.8,56.3,55.8,97.6,55.1,0.000,0.000,0.00,0.000,0.4,2.6,0.8,86,3,0.6,3.0,1.0,85,7,0.4,2.6,0.8,86,3,0,28.42,,0,0,0,67.8,71.1,70.3,0.24,0.30,0.22
TUPP,2017-08-21 04:25:00 EDT,44.22128,-74.43826,1650,56.0,56.4,56.0,97.8,55.4,0.000,0.000,0.00,0.000,0.5,1.9,0.7,92,11,0.9,2.7,0.8,90,16,0.5,1.9,0.7,92,11,0,28.42,,0,0,0,67.8,71.1,70.3,0.24,0.30,0.22
TUPP,2017-08-21 04:30:00 EDT,44.22128,-74.43826,1650,56.0,56.9,56.0,97.8,55.4,0.000,0.000,0.00,0.000,0.7,1.8,0.4,82,11,0.9,2.2,0.6,76,14,0.7,1.8,0.4,82,11,0,28.42,,0,0,0,67.6,71.1,70.3,0.24,0.30,0.22
TUPP,2017-08-21 04:35:00 EDT,44.22128,-74.43826,1650,55.9,56.6,55.9,97.7,55.3,0.000,0.000,0.00,0.000,0.8,2.1,0.5,85,10,1.1,2.5,0.5,82,15,0.8,2.1,0.5,85,10,0,28.42,,0,0,0,67.5,71.1,70.3,0.24,0.30,0.22
TUPP,2017-08-21 04:40:00 EDT,44.22128,-74.43826,1650,55.7,56.4,55.7,97.7,55.1,0.000,0.000,0.00,0.000,0.8,2.1,0.7,89,13,1.0,2.5,0.8,87,16,0.8,2.1,0.7,89,13,0,28.42,,0,0,0,67.5,71.1,70.3,0.24,0.30,0.22
TUPP,2017-08-21 04:45:00 EDT,44.22128,-74.43826,1650,55.6,56.3,55.6,97.6,55.0,0.000,0.000,0.00,0.000,0.5,1.6,0.5,88,12,0.7,1.9,0.7,85,14,0.5,1.6,0.5,88,12,0,28.42,,0,0,0,67.5,71.0,70.3,0.24,0.30,0.22
TUPP,2017-08-21 04:50:00 EDT,44.22128,-74.43826,1650,55.6,56.3,55.6,97.7,55.0,0.000,0.000,0.00,0.000,0.9,1.9,0.6,65,7,1.1,2.2,0.6,57,12,0.9,1.9,0.6,65,7,0,28.42,,0,0,0,67.5,71.0,70.3,0.24,0.30,0.22
TUPP,2017-08-21 04:55:00 EDT,44.22128,-74.43826,1650,55.4,56.0,55.4,97.6,54.8,0.000,0.000,0.00,0.000,0.3,1.5,0.4,88,6,0.5,2.0,0.6,74,28,0.3,1.5,0.4,88,6,0,28.42,,0,0,0,67.5,71.0,70.3,0.24,0.30,0.22
TUPP,2017-08-21 05:00:00 EDT,44.22128,-74.43826,1650,55.3,56.2,55.3,97.6,54.7,0.000,0.000,0.00,0.000,0.2,1.2,0.4,70,4,0.6,2.1,0.6,58,18,0.2,1.2,0.4,70,4,0,28.42,,0,0,0,67.5,70.9,70.3,0.24,0.30,0.22
TUPP,2017-08-21 05:05:00 EDT,44.22128,-74.43826,1650,55.3,56.0,55.3,97.6,54.6,0.000,0.000,0.00,0.000,0.2,1.1,0.4,69,1,0.4,1.6,0.5,33,26,0.2,1.1,0.4,69,1,0,28.42,,0,0,0,67.5,70.8,70.3,0.24,0.30,0.22
TUPP,2017-08-21 05:10:00 EDT,44.22128,-74.43826,1650,55.1,56.0,55.1,97.7,54.5,0.000,0.000,0.00,0.000,0.5,1.6,0.5,87,7,0.7,2.2,0.7,84,10,0.5,1.6,0.5,87,7,0,28.42,,0,0,0,67.4,70.7,70.3,0.24,0.30,0.22
TUPP,2017-08-21 05:15:00 EDT,44.22128,-74.43826,1650,55.1,55.9,55.1,97.7,54.4,0.000,0.000,0.00,0.000,0.1,0.7,0.2,83,1,0.2,1.2,0.4,73,11,0.1,0.7,0.2,83,1,0,28.42,,0,0,0,67.2,70.7,70.3,0.24,0.30,0.22
TUPP,2017-08-21 05:20:00 EDT,44.22128,-74.43826,1650,55.1,56.0,55.1,97.7,54.4,0.000,0.000,0.00,0.000,0.2,1.4,0.4,54,5,0.5,1.6,0.5,34,23,0.2,1.4,0.4,54,5,0,28.42,,0,0,0,67.1,70.7,70.3,0.24,0.30,0.22
TUPP,2017-08-21 05:25:00 EDT,44.22128,-74.43826,1650,55.1,55.8,55.1,97.8,54.5,0.000,0.000,0.00,0.000,0.4,1.3,0.4,11,13,0.8,1.6,0.5,12,18,0.4,1.3,0.4,11,13,0,28.42,,0,0,0,67.1,70.7,70.3,0.24,0.30,0.22
TUPP,2017-08-21 05:30:00 EDT,44.22128,-74.43826,1650,54.8,55.8,54.8,97.8,54.2,0.000,0.000,0.00,0.000,0.1,1.2,0.2,74,1,0.3,1.7,0.5,55,15,0.1,1.2,0.2,74,1,0,28.42,,0,0,0,67.1,70.7,70.3,0.24,0.30,0.22
TUPP,2017-08-21 05:35:00 EDT,44.22128,-74.43826,1650,54.9,55.8,54.9,97.8,54.3,0.000,0.000,0.00,0.000,0.2,1.1,0.3,66,11,0.4,1.9,0.5,28,31,0.2,1.1,0.3,66,11,0,28.42,,0,0,0,67.1,70.7,70.3,0.24,0.30,0.22
TUPP,2017-08-21 05:40:00 EDT,44.22128,-74.43826,1650,54.8,56.0,54.8,97.9,54.2,0.000,0.000,0.00,0.000,0.1,0.7,0.2,53,4,0.3,1.4,0.4,29,19,0.1,0.7,0.2,53,4,0,28.42,,0,0,0,67.1,70.7,70.3,0.24,0.30,0.22
TUPP,2017-08-21 05:45:00 EDT,44.22128,-74.43826,1650,54.8,56.0,54.8,97.9,54.2,0.000,0.000,0.00,0.000,0.4,1.5,0.5,33,23,0.6,1.9,0.6,30,25,0.4,1.5,0.5,33,23,0,28.42,,0,0,0,67.1,70.7,70.3,0.24,0.30,0.22
TUPP,2017-08-21 05:50:00 EDT,44.22128,-74.43826,1650,54.7,55.7,54.7,97.9,54.1,0.000,0.000,0.00,0.000,0.2,1.2,0.4,56,4,0.5,1.5,0.5,37,14,0.2,1.2,0.4,56,4,0,28.42,,0,0,0,67.1,70.7,70.3,0.24,0.30,0.22
TUPP,2017-08-21 05:55:00 EDT,44.22128,-74.43826,1650,54.7,55.7,54.7,98.0,54.1,0.000,0.000,0.00,0.000,0.7,2.2,0.6,46,20,0.9,2.0,0.7,37,28,0.7,2.2,0.6,46,20,1,28.42,,0,0,0,67.1,70.7,70.3,0.24,0.30,0.22
TUPP,2017-08-21 06:00:00 EDT,44.22128,-74.43826,1650,54.7,56.3,54.7,98.0,54.2,0.000,0.000,0.00,0.000,0.5,1.8,0.6,88,18,0.8,2.7,0.8,86,17,0.5,1.8,0.6,88,18,2,28.42,,0,0,0,67.1,70.7,70.3,0.24,0.30,0.22
TUPP,2017-08-21 06:05:00 EDT,44.22128,-74.43826,1650,54.9,56.5,54.9,98.2,54.4,0.000,0.000,0.00,0.000,0.8,2.6,0.8,79,9,1.2,3.3,0.8,78,18,0.8,2.6,0.8,79,9,4,28.42,,0,0,0,67.1,70.7,70.3,0.24,0.30,0.22
TUPP,2017-08-21 06:10:00 EDT,44.22128,-74.43826,1650,55.0,56.4,55.0,98.2,54.5,0.000,0.000,0.00,0.000,1.2,2.8,0.8,89,15,1.6,3.7,0.9,86,18,1.2,2.8,0.8,89,15,4,28.42,,0,0,0,66.9,70.7,70.3,0.24,0.31,0.22
TUPP,2017-08-21 06:15:00 EDT,44.22128,-74.43826,1650,55.0,56.2,55.0,98.2,54.5,0.000,0.000,0.00,0.000,0.9,2.2,0.8,88,11,1.1,2.6,0.8,83,14,0.9,2.2,0.8,88,11,5,28.42,,0,0,0,66.7,70.7,70.3,0.24,0.30,0.22
TUPP,2017-08-21 06:20:00 EDT,44.22128,-74.43826,1650,54.9,56.0,54.9,98.1,54.4,0.000,0.000,0.00,0.000,1.0,2.5,0.7,108,31,1.3,2.7,0.7,102,36,1.0,2.5,0.7,108,31,7,28.42,,0,0,0,66.7,70.7,70.3,0.24,0.30,0.22
TUPP,2017-08-21 06:25:00 EDT,44.22128,-74.43826,1650,55.1,56.4,55.1,98.2,54.6,0.000,0.000,0.00,0.000,1.4,3.1,0.8,87,15,1.7,3.5,0.9,83,17,1.4,3.1,0.8,87,15,9,28.42,,0,0,0,66.7,70.7,70.3,0.24,0.30,0.22
TUPP,2017-08-21 06:30:00 EDT,44.22128,-74.43826,1650,55.5,56.4,55.5,98.4,55.1,0.000,0.000,0.00,0.000,1.6,3.9,1.0,86,47,2.0,4.7,1.2,82,49,1.6,3.9,1.0,86,47,14,28.42,,0,0,0,66.7,70.7,70.3,0.24,0.30,0.22
TUPP,2017-08-21 06:35:00 EDT,44.22128,-74.43826,1650,55.5,56.5,55.5,98.2,55.0,0.000,0.000,0.00,0.000,1.1,3.9,1.3,88,13,1.5,5.3,1.5,86,17,1.1,3.9,1.3,88,13,20,28.42,,0,0,0,66.7,70.7,70.3,0.24,0.30,0.22
TUPP,2017-08-21 06:40:00 EDT,44.22128,-74.43826,1650,55.6,56.8,55.6,98.2,55.1,0.000,0.000,0.00,0.000,1.0,2.9,0.7,58,35,1.2,3.3,0.8,53,33,1.0,2.9,0.7,58,35,24,28.42,,0,0,0,66.7,70.6,70.3,0.24,0.30,0.22
TUPP,2017-08-21 06:45:00 EDT,44.22128,-74.43826,1650,55.8,56.8,55.8,98.3,55.3,0.000,0.000,0.00,0.000,1.0,2.0,0.7,60,15,1.3,3.0,0.7,58,17,1.0,2.0,0.7,60,15,27,28.42,,0,0,0,66.7,70.5,70.3,0.24,0.30,0.22
TUPP,2017-08-21 06:50:00 EDT,44.22128,-74.43826,1650,56.0,57.0,56.0,98.2,55.5,0.000,0.000,0.00,0.000,0.8,1.9,0.6,84,18,1.1,2.7,0.9,83,21,0.8,1.9,0.6,84,18,27,28.42,,0,0,0,66.7,70.4,70.3,0.24,0.30,0.22
TUPP,2017-08-21 06:55:00 EDT,44.22128,-74.43826,1650,56.1,57.3,56.1,98.2,55.6,0.000,0.000,0.00,0.000,1.5,2.8,0.8,79,13,1.8,3.6,0.8,76,15,1.5,2.8,0.8,79,13,30,28.42,,0,0,0,66.6,70.4,70.3,0.24,0.30,0.22
TUPP,2017-08-21 07:00:00 EDT,44.22128,-74.43826,1650,56.3,57.4,56.3,98.2,55.9,0.000,0.000,0.00,0.000,1.7,3.1,0.7,77,15,2.2,4.2,0.8,74,16,1.7,3.1,0.7,77,15,36,28.42,,0,0,0,66.5,70.3,70.3,0.24,0.30,0.22
TUPP,2017-08-21 07:05:00 EDT,44.22128,-74.43826,1650,56.5,57.4,56.5,98.2,56.0,0.000,0.000,0.00,0.000,0.6,1.8,0.6,74,17,0.8,2.1,0.7,71,18,0.6,1.8,0.6,74,17,48,28.42,,0,0,0,66.4,70.3,70.3,0.24,0.31,0.22
TUPP,2017-08-21 07:10:00 EDT,44.22128,-74.43826,1650,56.8,57.4,56.8,98.2,56.3,0.000,0.000,0.00,0.000,0.5,1.8,0.6,116,18,0.8,2.2,0.7,111,18,0.5,1.8,0.6,116,18,53,28.42,,0,0,0,66.4,70.3,70.3,0.24,0.30,0.22
TUPP,2017-08-21 07:15:00 EDT,44.22128,-74.43826,1650,57.0,58.2,57.0,98.2,56.5,0.000,0.000,0.00,0.000,0.4,1.5,0.5,56,39,0.8,2.2,0.7,52,37,0.4,1.5,0.5,56,39,50,28.42,,0,0,0,66.4,70.3,70.3,0.24,0.30,0.22
TUPP,2017-08-21 07:20:00 EDT,44.22128,-74.43826,1650,57.2,59.2,57.2,98.1,56.7,0.000,0.000,0.00,0.000,0.3,1.2,0.4,354,8,0.5,2.0,0.6,343,33,0.3,1.2,0.4,354,8,49,28.42,,0,0,0,66.4,70.3,70.3,0.24,0.31,0.22
TUPP,2017-08-21 07:25:00 EDT,44.22128,-74.43826,1650,57.3,60.0,57.3,98.0,56.7,0.000,0.000,0.00,0.000,0.4,1.6,0.4,138,57,0.7,2.1,0.6,9,61,0.4,1.6,0.4,138,57,56,28.42,,0,0,0,66.4,70.3,70.3,0.24,0.30,0.22
TUPP,2017-08-21 07:30:00 EDT,44.22128,-74.43826,1650,57.5,59.1,57.5,97.9,56.9,0.000,0.000,0.00,0.000,0.6,2.4,0.9,88,2,1.0,3.0,1.0,89,9,0.6,2.4,0.9,88,2,69,28.43,,0,0,0,66.4,70.3,70.3,0.24,0.30,0.22
TUPP,2017-08-21 07:35:00 EDT,44.22128,-74.43826,1650,57.8,59.8,57.8,97.8,57.2,0.000,0.000,0.00,0.000,0.7,1.9,0.5,97,17,1.0,2.1,0.6,92,21,0.7,1.9,0.5,97,17,86,28.43,,0,0,0,66.4,70.3,70.3,0.24,0.31,0.22
TUPP,2017-08-21 07:40:00 EDT,44.22128,-74.43826,1650,58.3,60.3,58.3,97.8,57.7,0.000,0.000,0.00,0.000,0.7,2.0,0.6,150,32,1.0,2.7,0.7,133,36,0.7,2.0,0.6,150,32,132,28.43,,0,0,0,66.4,70.3,70.3,0.24,0.31,0.22
TUPP,2017-08-21 07:45:00 EDT,44.22128,-74.43826,1650,58.9,61.0,58.9,97.5,58.2,0.000,0.000,0.00,0.000,0.8,1.7,0.5,115,16,1.1,2.2,0.6,108,17,0.8,1.7,0.5,115,16,111,28.43,,0,0,0,66.4,70.3,70.3,0.24,0.30,0.22
TUPP,2017-08-21 07:50:00 EDT,44.22128,-74.43826,1650,59.3,61.5,59.3,97.0,58.5,0.000,0.000,0.00,0.000,0.8,2.0,0.7,142,17,1.0,2.4,0.7,138,23,0.8,2.0,0.7,142,17,140,28.43,,0,0,0,66.4,70.3,70.3,0.24,0.31,0.22
TUPP,2017-08-21 07:55:00 EDT,44.22128,-74.43826,1650,60.5,60.9,60.5,95.6,59.2,0.000,0.000,0.00,0.000,1.4,2.3,0.4,125,38,1.8,4.1,0.7,126,40,1.4,2.3,0.4,125,38,158,28.43,,0,0,0,66.4,70.3,70.3,0.24,0.31,0.22
TUPP,2017-08-21 08:00:00 EDT,44.22128,-74.43826,1650,60.9,61.7,60.9,91.6,58.4,0.000,0.000,0.00,0.000,1.1,2.7,0.6,158,35,1.4,3.8,0.6,151,36,1.1,2.7,0.6,158,35,141,28.43,,0,0,0,66.4,70.3,70.3,0.24,0.31,0.22
TUPP,2017-08-21 08:05:00 EDT,44.22128,-74.43826,1650,61.2,62.2,61.2,90.7,58.4,0.000,0.000,0.00,0.000,1.1,2.2,0.5,153,33,1.4,3.2,0.6,151,34,1.1,2.2,0.5,153,33,214,28.43,,0,0,0,66.4,70.2,70.3,0.24,0.31,0.22
TUPP,2017-08-21 08:10:00 EDT,44.22128,-74.43826,1650,62.5,63.4,62.5,87.6,58.8,0.000,0.000,0.00,0.000,1.0,3.3,0.8,186,24,1.5,4.2,0.8,178,35,1.0,3.3,0.8,186,24,265,28.42,,0,0,0,66.4,70.1,70.3,0.24,0.31,0.22
TUPP,2017-08-21 08:15:00 EDT,44.22128,-74.43826,1650,63.7,64.1,63.7,84.2,58.8,0.000,0.000,0.00,0.000,1.2,4.8,1.2,205,36,1.7,5.6,1.2,201,45,1.2,4.8,1.2,205,36,266,28.42,,0,0,0,66.4,70.1,70.3,0.24,0.31,0.22
TUPP,2017-08-21 08:20:00 EDT,44.22128,-74.43826,1650,64.8,65.0,64.8,82.0,59.2,0.000,0.000,0.00,0.000,2.2,3.8,1.0,199,28,2.5,4.8,1.2,195,29,2.2,3.8,1.0,199,28,293,28.42,,0,0,0,66.4,70.0,70.3,0.24,0.31,0.22
TUPP,2017-08-21 08:25:00 EDT,44.22128,-74.43826,1650,65.3,65.5,65.3,80.7,59.2,0.000,0.000,0.00,0.000,1.0,3.1,0.8,184,42,1.6,4.3,0.9,178,47,1.0,3.1,0.8,184,42,312,28.42,,0,0,0,66.4,70.0,70.3,0.24,0.31,0.22
TUPP,2017-08-21 08:30:00 EDT,44.22128,-74.43826,1650,65.4,66.0,65.4,81.1,59.4,0.000,0.000,0.00,0.000,1.7,4.1,1.0,168,38,2.2,5.7,1.1,169,43,1.7,4.1,1.0,168,38,317,28.42,,0,0,0,66.4,70.0,70.3,0.24,0.31,0.22
TUPP,2017-08-21 08:35:00 EDT,44.22128,-74.43826,1650,66.0,65.9,66.0,79.0,59.3,0.000,0.000,0.00,0.000,1.2,2.6,0.7,128,51,1.7,3.6,0.8,125,55,1.2,2.6,0.7,128,51,333,28.42,,0,0,0,66.4,70.0,70.3,0.24,0.31,0.22
TUPP,2017-08-21 08:40:00 EDT,44.22128,-74.43826,1650,66.2,66.2,66.2,78.1,59.2,0.000,0.000,0.00,0.000,2.3,7.8,2.1,230,40,2.8,9.0,2.3,231,39,2.3,7.8,2.1,230,40,345,28.42,,0,0,0,66.6,70.0,70.3,0.24,0.31,0.22
TUPP,2017-08-21 08:45:00 EDT,44.22128,-74.43826,1650,66.4,66.5,66.4,78.0,59.4,0.000,0.000,0.00,0.000,2.3,6.5,1.6,218,34,2.9,7.5,1.8,214,36,2.3,6.5,1.6,218,34,357,28.42,,0,0,0,66.7,70.0,70.3,0.24,0.31,0.22
TUPP,2017-08-21 08:50:00 EDT,44.22128,-74.43826,1650,66.9,66.8,66.9,76.2,59.2,0.000,0.000,0.00,0.000,4.2,7.5,1.4,228,19,4.5,8.0,1.4,230,19,4.2,7.5,1.4,228,19,374,28.42,,0,0,0,66.7,70.0,70.3,0.24,0.31,0.22
TUPP,2017-08-21 08:55:00 EDT,44.22128,-74.43826,1650,67.3,67.2,67.3,75.8,59.4,0.000,0.000,0.00,0.000,2.7,7.8,1.5,218,23,3.2,8.7,1.4,213,29,2.7,7.8,1.5,218,23,386,28.42,,0,0,0,66.8,70.0,70.3,0.24,0.31,0.22
TUPP,2017-08-21 09:00:00 EDT,44.22128,-74.43826,1650,67.9,67.5,67.9,74.6,59.6,0.000,0.000,0.00,0.000,1.9,5.7,1.5,214,26,2.4,6.8,1.6,217,34,1.9,5.7,1.5,214,26,389,28.42,,0,0,0,67.1,70.0,70.3,0.24,0.31,0.22
TUPP,2017-08-21 09:05:00 EDT,44.22128,-74.43826,1650,68.1,67.7,68.1,74.0,59.5,0.000,0.000,0.00,0.000,1.7,4.6,1.0,234,32,2.2,5.2,1.1,234,34,1.7,4.6,1.0,234,32,415,28.42,,0,0,0,67.1,70.0,70.3,0.24,0.31,0.22
TUPP,2017-08-21 09:10:00 EDT,44.22128,-74.43826,1650,68.3,67.9,68.3,73.1,59.4,0.000,0.000,0.00,0.000,3.3,10.9,2.3,221,26,4.3,12.1,2.3,221,24,3.3,10.9,2.3,221,26,428,28.42,,0,0,0,67.2,70.0,70.3,0.24,0.31,0.22
TUPP,2017-08-21 09:15:00 EDT,44.22128,-74.43826,1650,68.2,67.9,68.2,72.2,58.9,0.000,0.000,0.00,0.000,4.2,7.7,1.5,225,28,4.6,9.2,1.8,225,26,4.2,7.7,1.5,225,28,440,28.41,,0,0,0,67.5,70.0,70.3,0.24,0.31,0.22
TUPP,2017-08-21 09:20:00 EDT,44.22128,-74.43826,1650,68.3,68.0,68.3,72.2,59.0,0.000,0.000,0.00,0.000,4.2,8.8,1.5,223,27,5.0,9.3,1.8,225,27,4.2,8.8,1.5,223,27,454,28.41,,0,0,0,67.7,70.0,70.3,0.24,0.31,0.22
TUPP,2017-08-21 09:25:00 EDT,44.22128,-74.43826,1650,68.6,68.2,68.6,72.2,59.3,0.000,0.000,0.00,0.000,3.8,6.8,1.4,223,20,4.2,7.2,1.4,223,19,3.8,6.8,1.4,223,20,468,28.41,,0,0,0,67.8,70.0,70.3,0.24,0.31,0.22
TUPP,2017-08-21 09:30:00 EDT,44.22128,-74.43826,1650,68.8,68.3,68.8,71.9,59.4,0.000,0.000,0.00,0.000,4.0,8.3,1.9,244,22,4.8,9.1,2.1,247,21,4.0,8.3,1.9,244,22,482,28.41,,0,0,0,67.9,70.0,70.3,0.24,0.31,0.22
TUPP,2017-08-21 09:35:00 EDT,44.22128,-74.43826,1650,69.2,68.7,69.2,71.6,59.7,0.000,0.000,0.00,0.000,3.4,7.5,2.0,227,25,3.8,9.1,2.0,228,29,3.4,7.5,2.0,227,25,492,28.41,,0,0,0,68.2,70.0,70.3,0.24,0.31,0.22
TUPP,2017-08-21 09:40:00 EDT,44.22128,-74.43826,1650,69.7,69.1,69.7,71.1,59.9,0.000,0.000,0.00,0.000,4.4,8.2,1.5,260,24,5.1,10.3,1.5,262,22,4.4,8.2,1.5,260,24,503,28.41,,0,0,0,68.5,70.0,70.3,0.24,0.31,0.22
TUPP,2017-08-21 09:45:00 EDT,44.22128,-74.43826,1650,69.7,69.3,69.7,70.5,59.7,0.000,0.000,0.00,0.000,3.7,7.1,1.3,244,22,4.2,7.7,1.4,245,21,3.7,7.1,1.3,244,22,515,28.41,,0,0,0,68.5,70.0,70.3,0.24,0.31,0.22
TUPP,2017-08-21 09:50:00 EDT,44.22128,-74.43826,1650,69.8,69.4,69.8,70.0,59.6,0.000,0.000,0.00,0.000,5.5,9.4,1.6,248,19,6.3,10.0,1.7,249,18,5.5,9.4,1.6,248,19,525,28.41,,0,0,0,68.8,70.0,70.3,0.24,0.31,0.22
TUPP,2017-08-21 09:55:00 EDT,44.22128,-74.43826,1650,70.2,69.6,70.2,71.5,60.6,0.000,0.000,0.00,0.000,3.1,7.1,1.4,265,23,3.6,7.6,1.5,265,22,3.1,7.1,1.4,265,23,536,28.41,,0,0,0,68.9,70.0,70.3,0.24,0.31,0.22
TUPP,2017-08-21 10:00:00 EDT,44.22128,-74.43826,1650,71.0,70.5,71.0,70.0,60.8,0.000,0.000,0.00,0.000,3.0,7.7,1.5,226,35,3.5,8.2,1.6,228,36,3.0,7.7,1.5,226,35,549,28.41,,0,0,0,69.2,70.0,70.3,0.24,0.31,0.22
TUPP,2017-08-21 10:05:00 EDT,44.22128,-74.43826,1650,71.2,70.7,71.2,69.3,60.7,0.000,0.000,0.00,0.000,3.6,7.2,1.7,250,23,4.4,8.3,1.8,252,24,3.6,7.2,1.7,250,23,565,28.41,,0,0,0,69.3,69.9,70.3,0.24,0.31,0.22
TUPP,2017-08-21 10:10:00 EDT,44.22128,-74.43826,1650,71.4,70.8,71.4,68.5,60.5,0.000,0.000,0.00,0.000,4.0,8.1,1.7,250,18,4.8,9.3,1.8,252,16,4.0,8.1,1.7,250,18,574,28.41,,0,0,0,69.6,69.9,70.3,0.24,0.31,0.22
TUPP,2017-08-21 10:15:00 EDT,44.22128,-74.43826,1650,71.7,71.2,71.7,68.3,60.7,0.000,0.000,0.00,0.000,4.1,9.0,1.8,261,20,5.0,10.4,1.9,262,20,4.1,9.0,1.8,261,20,583,28.41,,0,0,0,69.7,69.8,70.3,0.24,0.31,0.22
TUPP,2017-08-21 10:20:00 EDT,44.22128,-74.43826,1650,71.8,71.3,71.8,67.5,60.5,0.000,0.000,0.00,0.000,5.6,8.8,1.5,243,22,6.2,10.5,1.6,242,22,5.6,8.8,1.5,243,22,593,28.41,,0,0,0,70.0,69.7,70.3,0.24,0.31,0.22
TUPP,2017-08-21 10:25:00 EDT,44.22128,-74.43826,1650,72.1,71.5,72.1,68.1,61.0,0.000,0.000,0.00,0.000,5.3,9.1,1.5,245,24,5.9,9.7,1.8,249,22,5.3,9.1,1.5,245,24,591,28.41,,0,0,0,70.1,69.6,70.3,0.24,0.31,0.22
TUPP,2017-08-21 10:30:00 EDT,44.22128,-74.43826,1650,72.4,71.8,72.4,67.4,61.0,0.000,0.000,0.00,0.000,4.6,9.1,1.6,258,20,5.5,10.7,1.9,259,19,4.6,9.1,1.6,258,20,617,28.42,,0,0,0,70.3,69.6,70.3,0.24,0.31,0.22
TUPP,2017-08-21 10:35:00 EDT,44.22128,-74.43826,1650,72.7,72.2,72.7,66.8,61.1,0.000,0.000,0.00,0.000,3.9,8.2,1.9,234,32,4.7,10.0,2.1,235,29,3.9,8.2,1.9,234,32,625,28.41,,0,0,0,70.6,69.6,70.3,0.24,0.31,0.22
TUPP,2017-08-21 10:40:00 EDT,44.22128,-74.43826,1650,73.0,72.4,73.0,66.5,61.2,0.000,0.000,0.00,0.000,5.3,10.2,2.1,226,26,6.1,11.1,2.1,225,26,5.3,10.2,2.1,226,26,636,28.41,,0,0,0,70.7,69.6,70.3,0.24,0.31,0.22
TUPP,2017-08-21 10:45:00 EDT,44.22128,-74.43826,1650,73.4,72.7,73.4,65.1,60.9,0.000,0.000,0.00,0.000,5.0,10.7,2.2,220,32,5.7,11.3,2.3,221,33,5.0,10.7,2.2,220,32,646,28.41,,0,0,0,70.9,69.6,70.3,0.24,0.31,0.22
TUPP,2017-08-21 10:50:00 EDT,44.22128,-74.43826,1650,73.9,73.2,73.9,65.2,61.4,0.000,0.000,0.00,0.000,3.8,10.7,2.3,224,27,4.8,10.8,2.3,219,27,3.8,10.7,2.3,224,27,654,28.41,,0,0,0,71.1,69.6,70.3,0.24,0.31,0.22
TUPP,2017-08-21 10:55:00 EDT,44.22128,-74.43826,1650,73.7,73.1,73.7,63.5,60.6,0.000,0.000,0.00,0.000,7.1,11.4,2.6,239,13,7.5,13.5,2.8,239,12,7.1,11.4,2.6,239,13,665,28.41,,0,0,0,71.4,69.6,70.3,0.24,0.31,0.22
TUPP,2017-08-21 11:00:00 EDT,44.22128,-74.43826,1650,74.0,73.3,74.0,63.0,60.6,0.000,0.000,0.00,0.000,5.4,10.1,2.2,238,23,6.0,10.8,2.1,237,22,5.4,10.1,2.2,238,23,671,28.41,,0,0,0,71.4,69.6,70.3,0.24,0.31,0.22
TUPP,2017-08-21 11:05:00 EDT,44.22128,-74.43826,1650,74.4,73.8,74.4,62.7,60.9,0.000,0.000,0.00,0.000,5.5,10.5,2.0,255,26,6.5,12.1,2.2,256,26,5.5,10.5,2.0,255,26,585,28.41,,0,0,0,71.7,69.6,70.3,0.24,0.31,0.22
TUPP,2017-08-21 11:10:00 EDT,44.22128,-74.43826,1650,74.9,74.2,74.9,62.4,61.2,0.000,0.000,0.00,0.000,3.7,7.5,1.6,201,35,4.5,9.8,2.0,204,32,3.7,7.5,1.6,201,35,656,28.41,,0,0,0,71.8,69.6,70.3,0.24,0.31,0.22
TUPP,2017-08-21 11:15:00 EDT,44.22128,-74.43826,1650,75.3,74.3,75.3,60.4,60.6,0.000,0.000,0.00,0.000,7.2,13.8,2.4,229,25,8.1,15.2,2.4,230,22,7.2,13.8,2.4,229,25,684,28.41,,0,0,0,72.2,69.6,70.3,0.24,0.31,0.22
TUPP,2017-08-21 11:20:00 EDT,44.22128,-74.43826,1650,75.3,74.5,75.3,60.0,60.5,0.000,0.000,0.00,0.000,5.0,11.2,2.1,233,25,5.7,11.9,2.1,233,24,5.0,11.2,2.1,233,25,689,28.41,,0,0,0,72.3,69.6,70.3,0.24,0.31,0.22
TUPP,2017-08-21 11:25:00 EDT,44.22128,-74.43826,1650,75.2,74.5,75.2,58.5,59.7,0.000,0.000,0.00,0.000,5.3,12.9,2.1,236,25,6.0,15.9,2.4,237,23,5.3,12.9,2.1,236,25,696,28.41,,0,0,0,72.5,69.6,70.2,0.24,0.31,0.22
TUPP,2017-08-21 11:30:00 EDT,44.22128,-74.43826,1650,75.3,74.5,75.3,58.8,59.9,0.000,0.000,0.00,0.000,6.9,15.1,2.9,231,28,8.1,14.9,2.6,229,27,6.9,15.1,2.9,231,28,703,28.41,,0,0,0,72.7,69.6,70.2,0.24,0.31,0.22
TUPP,2017-08-21 11:35:00 EDT,44.22128,-74.43826,1650,75.6,74.8,75.6,58.8,60.2,0.000,0.000,0.00,0.000,4.3,10.2,2.4,233,30,5.1,10.9,2.3,236,27,4.3,10.2,2.4,233,30,689,28.40,,0,0,0,72.9,69.6,70.1,0.24,0.31,0.22
TUPP,2017-08-21 11:40:00 EDT,44.22128,-74.43826,1650,75.8,75.1,75.8,57.9,59.9,0.000,0.000,0.00,0.000,6.4,11.3,1.7,236,28,7.2,11.8,1.9,238,27,6.4,11.3,1.7,236,28,708,28.40,,0,0,0,73.0,69.6,70.1,0.23,0.31,0.22
TUPP,2017-08-21 11:45:00 EDT,44.22128,-74.43826,1650,76.2,75.3,76.2,57.7,60.2,0.000,0.000,0.00,0.000,4.7,11.0,2.2,235,27,5.5,11.5,2.5,234,31,4.7,11.0,2.2,235,27,713,28.40,,0,0,0,73.0,69.6,70.1,0.24,0.31,0.22
TUPP,2017-08-21 11:50:00 EDT,44.22128,-74.43826,1650,76.4,75.3,76.4,56.9,60.0,0.000,0.000,0.00,0.000,4.3,11.0,2.4,217,32,4.9,10.9,2.6,221,33,4.3,11.0,2.4,217,32,721,28.40,,0,0,0,73.3,69.6,70.1,0.24,0.31,0.22
TUPP,2017-08-21 11:55:00 EDT,44.22128,-74.43826,1650,76.6,75.6,76.6,56.0,59.7,0.000,0.000,0.00,0.000,4.6,12.3,2.5,241,30,5.5,14.8,2.7,242,31,4.6,12.3,2.5,241,30,730,28.40,,0,0,0,73.4,69.6,70.1,0.24,0.31,0.22
TUPP,2017-08-21 12:00:00 EDT,44.22128,-74.43826,1650,76.4,75.6,76.4,55.7,59.4,0.000,0.000,0.00,0.000,6.0,10.5,1.9,223,30,6.8,11.2,2.0,222,30,6.0,10.5,1.9,223,30,735,28.40,,0,0,0,73.6,69.6,70.0,0.24,0.31,0.22
TUPP,2017-08-21 12:05:00 EDT,44.22128,-74.43826,1650,76.6,75.8,76.6,53.5,58.4,0.000,0.000,0.00,0.000,7.0,13.0,2.5,234,19,7.7,14.1,2.4,234,18,7.0,13.0,2.5,234,19,731,28.40,,0,0,0,73.9,69.6,70.0,0.23,0.31,0.22
TUPP,2017-08-21 12:10:00 EDT,44.22128,-74.43826,1650,76.4,75.6,76.4,53.1,58.0,0.000,0.000,0.00,0.000,5.9,11.4,2.1,235,20,6.6,11.2,2.3,234,20,5.9,11.4,2.1,235,20,735,28.40,,0,0,0,73.9,69.7,70.0,0.23,0.31,0.22
TUPP,2017-08-21 12:15:00 EDT,44.22128,-74.43826,1650,77.3,76.4,77.3,54.9,59.8,0.000,0.000,0.00,0.000,4.1,8.8,2.0,245,32,5.0,12.6,2.2,245,31,4.1,8.8,2.0,245,32,739,28.40,,0,0,0,74.2,69.7,70.0,0.23,0.31,0.22
TUPP,2017-08-21 12:20:00 EDT,44.22128,-74.43826,1650,77.2,76.3,77.2,52.4,58.4,0.000,0.000,0.00,0.000,5.5,10.7,1.9,244,27,6.2,10.7,2.1,243,26,5.5,10.7,1.9,244,27,749,28.39,,0,0,0,74.3,69.8,70.0,0.23,0.31,0.22
TUPP,2017-08-21 12:25:00 EDT,44.22128,-74.43826,1650,76.9,76.1,76.9,51.4,57.7,0.000,0.000,0.00,0.000,7.0,13.7,3.0,234,21,7.8,13.8,2.8,234,20,7.0,13.7,3.0,234,21,741,28.39,,0,0,0,74.6,69.9,70.0,0.24,0.31,0.22
TUPP,2017-08-21 12:30:00 EDT,44.22128,-74.43826,1650,77.0,76.1,77.0,52.2,58.1,0.000,0.000,0.00,0.000,5.9,9.9,2.1,231,27,6.7,11.0,2.2,231,26,5.9,9.9,2.1,231,27,736,28.39,,0,0,0,74.7,70.0,70.0,0.24,0.31,0.22
TUPP,2017-08-21 12:35:00 EDT,44.22128,-74.43826,1650,77.4,76.4,77.4,52.5,58.6,0.000,0.000,0.00,0.000,5.1,10.1,2.2,242,24,5.8,10.7,2.0,241,25,5.1,10.1,2.2,242,24,734,28.39,,0,0,0,74.7,70.0,70.0,0.23,0.31,0.22
TUPP,2017-08-21 12:40:00 EDT,44.22128,-74.43826,1650,77.2,76.4,77.2,49.9,57.1,0.000,0.000,0.00,0.000,7.0,13.9,2.8,237,20,7.7,15.4,2.7,237,20,7.0,13.9,2.8,237,20,739,28.39,,0,0,0,75.0,70.0,70.0,0.23,0.31,0.22
TUPP,2017-08-21 12:45:00 EDT,44.22128,-74.43826,1650,77.0,76.2,77.0,49.3,56.5,0.000,0.000,0.00,0.000,7.0,10.2,1.8,222,20,7.6,10.6,1.7,222,18,7.0,10.2,1.8,222,20,744,28.39,,0,0,0,75.0,70.0,70.0,0.23,0.30,0.22
TUPP,2017-08-21 12:50:00 EDT,44.22128,-74.43826,1650,77.5,76.8,77.5,49.8,57.3,0.000,0.000,0.00,0.000,5.4,15.0,3.0,228,30,6.2,17.8,2.9,227,28,5.4,15.0,3.0,228,30,745,28.39,,0,0,0,75.6,70.0,70.0,0.23,0.31,0.22
TUPP,2017-08-21 12:55:00 EDT,44.22128,-74.43826,1650,77.4,76.8,77.4,48.1,56.3,0.000,0.000,0.00,0.000,7.2,12.9,2.4,227,22,7.8,13.5,2.6,229,21,7.2,12.9,2.4,227,22,746,28.39,,0,0,0,75.6,70.0,70.0,0.23,0.31,0.22
TUPP,2017-08-21 13:00:00 EDT,44.22128,-74.43826,1650,77.3,76.7,77.3,48.6,56.5,0.000,0.000,0.00,0.000,6.4,10.7,1.9,238,25,7.2,13.6,2.1,240,24,6.4,10.7,1.9,238,25,747,28.39,,0,0,0,75.6,70.0,70.0,0.23,0.30,0.22
TUPP,2017-08-21 13:05:00 EDT,44.22128,-74.43826,1650,77.9,77.2,77.9,48.7,57.0,0.000,0.000,0.00,0.000,6.0,13.7,3.0,242,23,6.7,13.3,2.9,242,23,6.0,13.7,3.0,242,23,746,28.39,,0,0,0,75.9,70.0,70.0,0.23,0.30,0.22
TUPP,2017-08-21 13:10:00 EDT,44.22128,-74.43826,1650,77.7,77.0,77.7,47.9,56.4,0.000,0.000,0.00,0.000,6.1,12.3,2.2,239,24,6.8,12.7,2.0,241,23,6.1,12.3,2.2,239,24,746,28.39,,0,0,0,75.9,70.0,70.0,0.23,0.30,0.22
TUPP,2017-08-21 13:15:00 EDT,44.22128,-74.43826,1650,78.1,77.3,78.1,47.9,56.8,0.000,0.000,0.00,0.000,5.7,10.0,2.1,247,19,6.5,10.7,2.1,248,17,5.7,10.0,2.1,247,19,749,28.39,,0,0,0,76.3,70.0,70.0,0.23,0.30,0.22
TUPP,2017-08-21 13:20:00 EDT,44.22128,-74.43826,1650,78.5,77.6,78.5,46.8,56.4,0.000,0.000,0.00,0.000,6.2,12.9,3.2,235,26,7.2,14.0,3.2,237,25,6.2,12.9,3.2,235,26,746,28.39,,0,0,0,76.5,70.0,70.0,0.23,0.30,0.22
TUPP,2017-08-21 13:25:00 EDT,44.22128,-74.43826,1650,78.1,77.4,78.1,46.2,55.8,0.000,0.000,0.00,0.000,7.1,13.5,2.6,238,16,7.7,14.7,2.7,239,17,7.1,13.5,2.6,238,16,744,28.39,,0,0,0,76.5,70.0,70.0,0.23,0.30,0.22
TUPP,2017-08-21 13:30:00 EDT,44.22128,-74.43826,1650,78.3,77.5,78.3,46.9,56.4,0.000,0.000,0.00,0.000,6.7,14.5,3.3,234,24,7.6,14.8,3.1,235,23,6.7,14.5,3.3,234,24,746,28.38,,0,0,0,76.6,70.0,70.0,0.23,0.30,0.22
TUPP,2017-08-21 13:35:00 EDT,44.22128,-74.43826,1650,78.4,77.7,78.4,46.1,56.0,0.000,0.000,0.00,0.000,7.0,12.0,2.1,220,22,7.6,13.6,2.3,219,18,7.0,12.0,2.1,220,22,712,28.38,,0,0,0,76.8,70.0,70.0,0.23,0.30,0.22
TUPP,2017-08-21 13:40:00 EDT,44.22128,-74.43826,1650,78.5,77.8,78.5,47.2,56.7,0.000,0.000,0.00,0.000,4.1,8.7,2.0,224,28,4.8,9.5,2.2,226,30,4.1,8.7,2.0,224,28,670,28.38,,0,0,0,76.8,70.0,70.0,0.23,0.30,0.22
TUPP,2017-08-21 13:45:00 EDT,44.22128,-74.43826,1650,78.6,77.9,78.6,46.7,56.5,0.000,0.000,0.00,0.000,7.2,13.7,2.9,225,17,7.8,16.1,3.1,224,18,7.2,13.7,2.9,225,17,632,28.38,,0,0,0,77.1,70.0,70.0,0.23,0.30,0.22
TUPP,2017-08-21 13:50:00 EDT,44.22128,-74.43826,1650,78.4,77.8,78.4,47.2,56.6,0.000,0.000,0.00,0.000,6.5,12.3,2.4,221,25,7.2,14.5,2.6,221,24,6.5,12.3,2.4,221,25,596,28.38,,0,0,0,77.2,70.0,70.0,0.23,0.30,0.22
TUPP,2017-08-21 13:55:00 EDT,44.22128,-74.43826,1650,78.4,77.9,78.4,47.4,56.8,0.000,0.000,0.00,0.000,4.9,9.4,1.8,224,21,5.4,10.7,1.8,226,21,4.9,9.4,1.8,224,21,563,28.38,,0,0,0,77.2,70.0,70.0,0.23,0.30,0.22
TUPP,2017-08-21 14:00:00 EDT,44.22128,-74.43826,1650,78.4,78.0,78.4,48.3,57.3,0.000,0.000,0.00,0.000,5.5,9.9,2.5,228,21,6.1,10.3,2.3,230,20,5.5,9.9,2.5,228,21,467,28.38,,0,0,0,77.2,70.2,70.0,0.23,0.30,0.22
TUPP,2017-08-21 14:05:00 EDT,44.22128,-74.43826,1650,78.0,77.6,78.0,48.6,57.1,0.000,0.000,0.00,0.000,5.6,9.4,2.2,230,26,6.3,11.3,2.2,229,25,5.6,9.4,2.2,230,26,412,28.38,,0,0,0,77.4,70.3,70.0,0.23,0.30,0.22
TUPP,2017-08-21 14:10:00 EDT,44.22128,-74.43826,1650,78.1,77.7,78.1,50.2,58.0,0.000,0.000,0.00,0.000,4.7,7.4,1.2,253,26,5.4,7.9,1.3,254,25,4.7,7.4,1.2,253,26,422,28.38,,0,0,0,77.7,70.3,70.0,0.23,0.30,0.22
TUPP,2017-08-21 14:15:00 EDT,44.22128,-74.43826,1650,78.0,77.6,78.0,50.6,58.2,0.000,0.000,0.00,0.000,5.6,10.4,1.8,247,24,6.3,11.2,1.6,248,23,5.6,10.4,1.8,247,24,387,28.37,,0,0,0,77.7,70.3,70.0,0.23,0.30,0.22
TUPP,2017-08-21 14:20:00 EDT,44.22128,-74.43826,1650,77.7,77.4,77.7,50.6,58.0,0.000,0.000,0.00,0.000,5.4,12.4,2.0,259,22,6.3,14.1,2.3,260,18,5.4,12.4,2.0,259,22,261,28.37,,0,0,0,77.7,70.3,70.0,0.23,0.30,0.22
TUPP,2017-08-21 14:25:00 EDT,44.22128,-74.43826,1650,77.3,77.0,77.3,50.7,57.6,0.000,0.000,0.00,0.000,5.9,11.2,2.3,251,15,6.7,12.2,2.4,253,17,5.9,11.2,2.3,251,15,306,28.37,,0,0,0,77.7,70.3,70.0,0.23,0.30,0.22
TUPP,2017-08-21 14:30:00 EDT,44.22128,-74.43826,1650,77.0,76.7,77.0,52.0,58.0,0.000,0.000,0.00,0.000,4.5,8.3,1.7,258,24,5.4,10.5,2.0,260,21,4.5,8.3,1.7,258,24,263,28.37,,0,0,0,77.9,70.3,70.0,0.23,0.30,0.22
TUPP,2017-08-21 14:35:00 EDT,44.22128,-74.43826,1650,76.7,76.5,76.7,52.5,58.0,0.000,0.000,0.00,0.000,4.1,8.9,1.8,274,24,4.8,11.0,2.1,275,22,4.1,8.9,1.8,274,24,241,28.37,,0,0,0,78.0,70.3,70.0,0.23,0.30,0.22
TUPP,2017-08-21 14:40:00 EDT,44.22128,-74.43826,1650,76.5,76.3,76.5,54.0,58.6,0.000,0.000,0.00,0.000,3.6,8.3,1.6,268,25,4.5,9.2,1.9,270,21,3.6,8.3,1.6,268,25,229,28.36,,0,0,0,78.0,70.3,70.0,0.23,0.30,0.22
TUPP,2017-08-21 14:45:00 EDT,44.22128,-74.43826,1650,76.4,76.2,76.4,54.9,59.0,0.000,0.000,0.00,0.000,3.4,6.6,1.3,262,26,4.0,7.5,1.4,263,24,3.4,6.6,1.3,262,26,231,28.36,,0,0,0,77.8,70.3,70.0,0.23,0.30,0.22
TUPP,2017-08-21 14:50:00 EDT,44.22128,-74.43826,1650,76.3,76.1,76.3,55.1,59.0,0.000,0.000,0.00,0.000,4.6,7.2,1.3,263,19,5.3,10.3,1.6,263,19,4.6,7.2,1.3,263,19,242,28.36,,0,0,0,77.7,70.4,70.0,0.23,0.30,0.22
TUPP,2017-08-21 14:55:00 EDT,44.22128,-74.43826,1650,76.3,76.1,76.3,55.3,59.1,0.000,0.000,0.00,0.000,3.2,6.1,1.2,267,25,3.8,7.4,1.4,268,23,3.2,6.1,1.2,267,25,263,28.36,,0,0,0,77.7,70.6,70.0,0.23,0.30,0.22
TUPP,2017-08-21 15:00:00 EDT,44.22128,-74.43826,1650,76.4,76.2,76.4,54.9,59.0,0.000,0.000,0.00,0.000,4.3,9.1,2.0,258,24,5.1,10.8,2.2,260,22,4.3,9.1,2.0,258,24,287,28.36,,0,0,0,77.7,70.7,70.0,0.23,0.30,0.22
TUPP,2017-08-21 15:05:00 EDT,44.22128,-74.43826,1650,76.6,76.2,76.6,56.3,59.9,0.000,0.000,0.00,0.000,2.5,5.6,1.1,251,20,3.1,6.0,1.1,254,23,2.5,5.6,1.1,251,20,317,28.36,,0,0,0,77.7,70.7,70.0,0.23,0.30,0.22
TUPP,2017-08-21 15:10:00 EDT,44.22128,-74.43826,1650,76.8,76.4,76.8,55.2,59.5,0.000,0.000,0.00,0.000,5.2,10.0,2.0,270,22,6.1,11.6,2.2,272,21,5.2,10.0,2.0,270,22,362,28.36,,0,0,0,77.7,70.7,70.0,0.23,0.30,0.22
TUPP,2017-08-21 15:15:00 EDT,44.22128,-74.43826,1650,77.0,76.6,77.0,56.1,60.2,0.000,0.000,0.00,0.000,4.4,8.9,1.8,262,19,5.2,10.2,2.0,263,16,4.4,8.9,1.8,262,19,399,28.36,,0,0,0,77.5,70.7,70.0,0.23,0.30,0.22
TUPP,2017-08-21 15:20:00 EDT,44.22128,-74.43826,1650,77.2,76.8,77.2,55.0,59.7,0.000,0.000,0.00,0.000,6.0,11.6,2.5,245,25,6.6,12.1,2.5,245,25,6.0,11.6,2.5,245,25,420,28.36,,0,0,0,77.2,70.7,70.0,0.23,0.30,0.22
TUPP,2017-08-21 15:25:00 EDT,44.22128,-74.43826,1650,77.3,76.9,77.3,55.2,60.0,0.000,0.000,0.00,0.000,4.8,10.2,2.1,262,23,5.7,12.3,2.1,264,20,4.8,10.2,2.1,262,23,450,28.36,,0,0,0,77.2,70.7,70.0,0.23,0.30,0.22
TUPP,2017-08-21 15:30:00 EDT,44.22128,-74.43826,1650,77.6,77.1,77.6,54.2,59.7,0.000,0.000,0.00,0.000,6.0,11.8,2.4,245,21,6.8,13.3,2.6,247,21,6.0,11.8,2.4,245,21,482,28.36,,0,0,0,77.2,70.7,70.0,0.23,0.30,0.22
TUPP,2017-08-21 15:35:00 EDT,44.22128,-74.43826,1650,77.7,77.2,77.7,54.3,59.9,0.000,0.000,0.00,0.000,5.3,9.5,1.9,252,22,6.0,10.9,2.2,253,21,5.3,9.5,1.9,252,22,505,28.36,,0,0,0,77.2,70.7,70.0,0.23,0.30,0.22
TUPP,2017-08-21 15:40:00 EDT,44.22128,-74.43826,1650,77.9,77.4,77.9,54.4,60.1,0.000,0.000,0.00,0.000,5.5,10.4,1.8,249,31,6.2,10.3,1.8,251,29,5.5,10.4,1.8,249,31,526,28.36,,0,0,0,77.2,70.7,70.0,0.23,0.30,0.22
TUPP,2017-08-21 15:45:00 EDT,44.22128,-74.43826,1650,78.2,77.7,78.2,54.1,60.3,0.000,0.000,0.00,0.000,5.3,9.1,1.9,254,24,6.0,11.0,1.9,255,22,5.3,9.1,1.9,254,24,544,28.36,,0,0,0,77.2,70.7,70.0,0.23,0.30,0.22
TUPP,2017-08-21 15:50:00 EDT,44.22128,-74.43826,1650,78.6,77.9,78.6,54.0,60.6,0.000,0.000,0.00,0.000,5.4,11.5,2.5,237,27,6.0,12.0,2.7,239,25,5.4,11.5,2.5,237,27,568,28.36,,0,0,0,77.2,70.7,70.0,0.23,0.30,0.22
TUPP,2017-08-21 15:55:00 EDT,44.22128,-74.43826,1650,78.4,77.7,78.4,54.0,60.4,0.000,0.000,0.00,0.000,5.5,11.0,2.6,243,24,6.3,12.5,2.6,245,23,5.5,11.0,2.6,243,24,560,28.36,,0,0,0,77.2,70.9,70.0,0.23,0.30,0.22
TUPP,2017-08-21 16:00:00 EDT,44.22128,-74.43826,1650,78.4,77.8,78.4,53.4,60.1,0.000,0.000,0.00,0.000,7.0,12.3,2.5,218,18,7.5,12.5,2.3,219,18,7.0,12.3,2.5,218,18,555,28.36,,0,0,0,77.2,71.0,70.0,0.23,0.30,0.22
TUPP,2017-08-21 16:05:00 EDT,44.22128,-74.43826,1650,78.1,77.6,78.1,53.5,59.9,0.000,0.000,0.00,0.000,6.5,14.0,2.7,233,24,7.4,16.1,2.7,236,22,6.5,14.0,2.7,233,24,386,28.36,,0,0,0,77.2,71.1,70.0,0.23,0.30,0.22
TUPP,2017-08-21 16:10:00 EDT,44.22128,-74.43826,1650,77.8,77.3,77.8,53.0,59.4,0.000,0.000,0.00,0.000,6.8,13.2,2.6,230,23,7.4,13.9,2.6,231,20,6.8,13.2,2.6,230,23,463,28.36,,0,0,0,77.2,71.1,70.0,0.23,0.30,0.22
TUPP,2017-08-21 16:15:00 EDT,44.22128,-74.43826,1650,77.8,77.4,77.8,53.6,59.7,0.000,0.000,0.00,0.000,4.4,8.8,2.2,240,27,5.3,10.5,2.4,241,27,4.4,8.8,2.2,240,27,412,28.36,,0,0,0,77.2,71.1,70.0,0.23,0.30,0.22
TUPP,2017-08-21 16:20:00 EDT,44.22128,-74.43826,1650,77.7,77.3,77.7,52.7,59.1,0.000,0.000,0.00,0.000,7.6,15.1,2.2,231,20,8.2,15.6,2.2,232,19,7.6,15.1,2.2,231,20,444,28.36,,0,0,0,77.2,71.1,70.0,0.23,0.30,0.22
TUPP,2017-08-21 16:25:00 EDT,44.22128,-74.43826,1650,77.8,77.4,77.8,52.8,59.3,0.000,0.000,0.00,0.000,7.0,14.3,2.7,232,20,7.6,13.0,2.7,231,20,7.0,14.3,2.7,232,20,408,28.36,,0,0,0,77.2,71.1,70.0,0.23,0.30,0.22
TUPP,2017-08-21 16:30:00 EDT,44.22128,-74.43826,1650,78.0,77.5,78.0,52.7,59.3,0.000,0.000,0.00,0.000,6.1,11.1,2.0,237,21,6.9,12.9,2.2,239,19,6.1,11.1,2.0,237,21,422,28.36,,0,0,0,77.2,71.1,70.0,0.23,0.30,0.22
TUPP,2017-08-21 16:35:00 EDT,44.22128,-74.43826,1650,77.9,77.4,77.9,52.4,59.1,0.000,0.000,0.00,0.000,6.5,11.0,2.3,235,21,7.3,12.3,2.5,235,21,6.5,11.0,2.3,235,21,498,28.35,,0,0,0,77.2,71.1,70.0,0.23,0.30,0.22
TUPP,2017-08-21 16:40:00 EDT,44.22128,-74.43826,1650,78.0,77.5,78.0,51.8,58.9,0.000,0.000,0.00,0.000,6.2,11.7,2.3,233,21,7.0,11.8,2.2,234,22,6.2,11.7,2.3,233,21,483,28.35,,0,0,0,77.2,71.1,70.0,0.23,0.30,0.22
TUPP,2017-08-21 16:45:00 EDT,44.22128,-74.43826,1650,78.0,77.5,78.0,52.0,59.0,0.000,0.000,0.00,0.000,6.6,11.4,1.9,236,24,7.5,14.8,2.1,238,22,6.6,11.4,1.9,236,24,434,28.35,,0,0,0,77.2,71.2,70.0,0.23,0.30,0.22
TUPP,2017-08-21 16:50:00 EDT,44.22128,-74.43826,1650,78.0,77.5,78.0,52.7,59.3,0.000,0.000,0.00,0.000,6.7,12.4,2.1,235,22,7.3,13.1,2.3,235,20,6.7,12.4,2.1,235,22,386,28.35,,0,0,0,77.2,71.4,70.0,0.23,0.30,0.22
TUPP,2017-08-21 16:55:00 EDT,44.22128,-74.43826,1650,77.5,77.2,77.5,53.1,59.1,0.000,0.000,0.00,0.000,6.1,10.7,2.0,242,17,6.7,12.9,2.2,243,17,6.1,10.7,2.0,242,17,257,28.35,,0,0,0,77.2,71.4,70.0,0.23,0.30,0.22
TUPP,2017-08-21 17:00:00 EDT,44.22128,-74.43826,1650,77.4,77.1,77.4,54.7,59.8,0.000,0.000,0.00,0.000,4.4,10.2,2.1,237,24,5.2,13.1,2.3,241,23,4.4,10.2,2.1,237,24,396,28.35,,0,0,0,77.2,71.4,70.0,0.23,0.30,0.22
TUPP,2017-08-21 17:05:00 EDT,44.22128,-74.43826,1650,78.0,77.5,78.0,54.3,60.2,0.000,0.000,0.00,0.000,4.5,9.6,2.4,231,27,5.2,11.1,2.6,233,28,4.5,9.6,2.4,231,27,395,28.35,,0,0,0,77.2,71.4,70.0,0.23,0.30,0.22
TUPP,2017-08-21 17:10:00 EDT,44.22128,-74.43826,1650,77.7,77.3,77.7,54.3,59.9,0.000,0.000,0.00,0.000,5.3,9.1,1.9,242,20,5.9,10.3,2.1,248,17,5.3,9.1,1.9,242,20,324,28.35,,0,0,0,77.2,71.4,70.0,0.23,0.30,0.22
TUPP,2017-08-21 17:15:00 EDT,44.22128,-74.43826,1650,77.4,77.1,77.4,54.9,60.0,0.000,0.000,0.00,0.000,6.2,11.0,2.3,229,21,7.0,13.1,2.3,230,19,6.2,11.0,2.3,229,21,311,28.35,,0,0,0,77.2,71.4,70.0,0.23,0.30,0.22
TUPP,2017-08-21 17:20:00 EDT,44.22128,-74.43826,1650,77.4,77.0,77.4,54.7,59.8,0.000,0.000,0.00,0.000,7.4,11.1,2.2,225,23,8.1,12.3,2.2,224,20,7.4,11.1,2.2,225,23,331,28.35,,0,0,0,77.1,71.4,70.0,0.23,0.30,0.22
TUPP,2017-08-21 17:25:00 EDT,44.22128,-74.43826,1650,77.3,77.0,77.3,54.2,59.5,0.000,0.000,0.00,0.000,6.9,12.9,2.8,233,18,7.3,13.5,2.8,233,17,6.9,12.9,2.8,233,18,347,28.35,,0,0,0,77.1,71.4,70.0,0.23,0.30,0.22
TUPP,2017-08-21 17:30:00 EDT,44.22128,-74.43826,1650,76.9,76.7,76.9,54.8,59.4,0.000,0.000,0.00,0.000,4.9,9.0,1.7,234,23,5.5,10.3,1.7,237,23,4.9,9.0,1.7,234,23,178,28.35,,0,0,0,77.0,71.4,70.0,0.23,0.30,0.22
TUPP,2017-08-21 17:35:00 EDT,44.22128,-74.43826,1650,76.5,76.3,76.5,56.1,59.7,0.000,0.000,0.00,0.000,4.3,8.6,1.7,219,27,4.9,10.3,1.7,221,27,4.3,8.6,1.7,219,27,256,28.35,,0,0,0,76.9,71.4,70.0,0.23,0.30,0.22
TUPP,2017-08-21 17:40:00 EDT,44.22128,-74.43826,1650,77.0,76.6,77.0,56.5,60.4,0.000,0.000,0.00,0.000,4.5,9.7,1.9,240,18,4.9,11.3,2.0,241,17,4.5,9.7,1.9,240,18,281,28.35,,0,0,0,76.8,71.4,70.0,0.23,0.30,0.22
TUPP,2017-08-21 17:45:00 EDT,44.22128,-74.43826,1650,77.1,76.8,77.1,56.8,60.6,0.000,0.000,0.00,0.000,5.2,9.1,1.6,235,20,5.7,12.1,1.7,236,18,5.2,9.1,1.6,235,20,285,28.35,,0,0,0,76.8,71.4,70.0,0.23,0.30,0.22
TUPP,2017-08-21 17:50:00 EDT,44.22128,-74.43826,1650,77.1,76.8,77.1,55.6,60.0,0.000,0.000,0.00,0.000,5.2,9.9,1.7,236,20,5.7,9.9,1.9,237,19,5.2,9.9,1.7,236,20,267,28.35,,0,0,0,76.8,71.4,70.0,0.23,0.30,0.22
TUPP,2017-08-21 17:55:00 EDT,44.22128,-74.43826,1650,76.9,76.6,76.9,55.3,59.7,0.000,0.000,0.00,0.000,4.4,8.5,1.5,235,20,5.1,8.8,1.8,236,20,4.4,8.5,1.5,235,20,242,28.35,,0,0,0,76.8,71.4,70.0,0.23,0.30,0.22
TUPP,2017-08-21 18:00:00 EDT,44.22128,-74.43826,1650,76.7,76.5,76.7,55.6,59.7,0.000,0.000,0.00,0.000,4.8,8.8,1.6,232,17,5.2,8.3,1.6,233,16,4.8,8.8,1.6,232,17,230,28.34,,0,0,0,76.8,71.4,70.0,0.23,0.30,0.22
TUPP,2017-08-21 18:05:00 EDT,44.22128,-74.43826,1650,76.7,76.4,76.7,57.0,60.3,0.000,0.000,0.00,0.000,3.2,8.7,1.9,223,31,3.8,9.7,2.0,223,30,3.2,8.7,1.9,223,31,209,28.34,,0,0,0,76.8,71.4,70.0,0.23,0.30,0.22
TUPP,2017-08-21 18:10:00 EDT,44.22128,-74.43826,1650,76.5,76.3,76.5,56.6,60.0,0.000,0.000,0.00,0.000,3.9,9.7,2.1,230,20,4.3,9.1,2.1,230,20,3.9,9.7,2.1,230,20,191,28.34,,0,0,0,76.8,71.4,70.0,0.23,0.30,0.22
TUPP,2017-08-21 18:15:00 EDT,44.22128,-74.43826,1650,76.3,76.1,76.3,56.5,59.7,0.000,0.000,0.00,0.000,5.7,10.7,1.7,220,23,6.3,11.6,2.0,220,20,5.7,10.7,1.7,220,23,177,28.34,,0,0,0,76.8,71.5,70.0,0.23,0.30,0.22
TUPP,2017-08-21 18:20:00 EDT,44.22128,-74.43826,1650,76.1,75.9,76.1,56.7,59.6,0.000,0.000,0.00,0.000,5.5,9.5,2.0,229,18,6.0,11.1,2.1,231,18,5.5,9.5,2.0,229,18,169,28.34,,0,0,0,76.6,71.6,70.0,0.23,0.30,0.22
TUPP,2017-08-21 18:25:00 EDT,44.22128,-74.43826,1650,75.9,75.8,75.9,57.3,59.7,0.000,0.000,0.00,0.000,5.6,8.6,1.5,222,24,6.2,9.4,1.8,223,24,5.6,8.6,1.5,222,24,151,28.34,,0,0,0,76.5,71.7,70.0,0.23,0.30,0.22
TUPP,2017-08-21 18:30:00 EDT,44.22128,-74.43826,1650,75.4,75.4,75.4,58.3,59.8,0.000,0.000,0.00,0.000,3.9,6.9,1.6,228,17,4.4,8.3,1.8,230,17,3.9,6.9,1.6,228,17,100,28.34,,0,0,0,76.5,71.8,70.0,0.23,0.30,0.22
TUPP,2017-08-21 18:35:00 EDT,44.22128,-74.43826,1650,75.3,75.3,75.3,58.6,59.8,0.000,0.000,0.00,0.000,3.4,9.2,1.7,232,19,4.0,8.8,1.6,236,19,3.4,9.2,1.7,232,19,129,28.34,,0,0,0,76.5,71.8,70.0,0.23,0.30,0.22
TUPP,2017-08-21 18:40:00 EDT,44.22128,-74.43826,1650,75.2,75.1,75.2,59.1,60.0,0.000,0.000,0.00,0.000,2.9,5.6,1.2,223,21,3.5,6.9,1.3,227,19,2.9,5.6,1.2,223,21,115,28.34,,0,0,0,76.5,71.8,70.0,0.23,0.30,0.22
TUPP,2017-08-21 18:45:00 EDT,44.22128,-74.43826,1650,75.1,75.1,75.1,59.5,60.0,0.000,0.000,0.00,0.000,3.5,6.5,1.6,229,17,3.7,6.9,1.5,228,17,3.5,6.5,1.6,229,17,98,28.34,,0,0,0,76.5,71.8,70.0,0.23,0.30,0.22
TUPP,2017-08-21 18:50:00 EDT,44.22128,-74.43826,1650,74.8,74.8,74.8,60.3,60.1,0.000,0.000,0.00,0.000,3.1,5.6,1.0,223,23,3.3,7.1,1.1,225,19,3.1,5.6,1.0,223,23,96,28.34,,0,0,0,76.5,71.8,70.0,0.23,0.30,0.22
TUPP,2017-08-21 18:55:00 EDT,44.22128,-74.43826,1650,74.6,74.6,74.6,60.9,60.2,0.000,0.000,0.00,0.000,2.2,4.7,1.2,231,22,2.7,5.5,1.3,229,21,2.2,4.7,1.2,231,22,87,28.34,,0,0,0,76.5,71.8,70.0,0.23,0.30,0.22
TUPP,2017-08-21 19:00:00 EDT,44.22128,-74.43826,1650,74.2,74.3,74.2,62.0,60.3,0.000,0.000,0.00,0.000,2.6,5.0,1.0,232,20,2.9,5.6,1.1,234,19,2.6,5.0,1.0,232,20,74,28.34,,0,0,0,76.4,71.8,70.0,0.23,0.30,0.22
TUPP,2017-08-21 19:05:00 EDT,44.22128,-74.43826,1650,74.1,74.1,74.1,62.8,60.6,0.000,0.000,0.00,0.000,2.1,4.0,0.7,224,27,2.6,5.2,0.9,226,24,2.1,4.0,0.7,224,27,67,28.34,,0,0,0,76.0,71.8,70.0,0.23,0.30,0.22
TUPP,2017-08-21 19:10:00 EDT,44.22128,-74.43826,1650,73.8,73.9,73.8,62.9,60.4,0.000,0.000,0.00,0.000,2.3,5.3,0.9,229,21,2.8,5.5,1.0,229,20,2.3,5.3,0.9,229,21,58,28.34,,0,0,0,75.9,71.8,70.0,0.23,0.30,0.22
TUPP,2017-08-21 19:15:00 EDT,44.22128,-74.43826,1650,73.3,73.5,73.3,64.0,60.3,0.000,0.000,0.00,0.000,1.3,3.5,0.9,224,16,1.6,4.4,0.9,224,21,1.3,3.5,0.9,224,16,49,28.34,,0,0,0,75.9,71.8,70.0,0.23,0.30,0.22
TUPP,2017-08-21 19:20:00 EDT,44.22128,-74.43826,1650,72.9,73.5,72.9,64.9,60.4,0.000,0.000,0.00,0.000,1.5,4.4,0.8,210,33,1.8,5.3,0.9,212,31,1.5,4.4,0.8,210,33,36,28.34,,0,0,0,75.9,71.8,70.0,0.23,0.30,0.22
TUPP,2017-08-21 19:25:00 EDT,44.22128,-74.43826,1650,72.3,73.2,72.3,66.5,60.6,0.000,0.000,0.00,0.000,1.1,3.2,0.9,225,24,1.6,4.5,1.1,226,23,1.1,3.2,0.9,225,24,26,28.34,,0,0,0,75.9,71.8,70.0,0.23,0.30,0.22
TUPP,2017-08-21 19:30:00 EDT,44.22128,-74.43826,1650,72.2,73.0,72.2,66.9,60.6,0.000,0.000,0.00,0.000,1.7,3.3,0.8,233,21,2.1,4.4,0.7,231,21,1.7,3.3,0.8,233,21,22,28.34,,0,0,0,75.6,71.8,70.0,0.23,0.30,0.22
TUPP,2017-08-21 19:35:00 EDT,44.22128,-74.43826,1650,71.3,72.6,71.3,69.3,60.7,0.000,0.000,0.00,0.000,1.2,3.5,0.7,243,14,1.5,3.5,0.8,243,15,1.2,3.5,0.7,243,14,17,28.34,,0,0,0,75.6,71.8,70.0,0.23,0.30,0.22
TUPP,2017-08-21 19:40:00 EDT,44.22128,-74.43826,1650,69.7,72.1,69.7,73.6,60.9,0.000,0.000,0.00,0.000,1.5,2.8,0.5,250,16,1.7,3.4,0.5,250,19,1.5,2.8,0.5,250,16,14,28.33,,0,0,0,75.6,71.8,70.0,0.23,0.30,0.22
TUPP,2017-08-21 19:45:00 EDT,44.22128,-74.43826,1650,68.8,71.4,68.8,76.9,61.2,0.000,0.000,0.00,0.000,0.8,1.5,0.3,265,15,1.1,2.2,0.4,265,19,0.8,1.5,0.3,265,15,10,28.34,,0,0,0,75.6,71.8,70.0,0.23,0.30,0.22
TUPP,2017-08-21 19:50:00 EDT,44.22128,-74.43826,1650,68.5,71.3,68.5,78.1,61.4,0.000,0.000,0.00,0.000,1.2,2.7,0.6,227,15,1.4,2.7,0.6,224,16,1.2,2.7,0.6,227,15,7,28.34,,0,0,0,75.6,71.8,70.0,0.23,0.30,0.22
TUPP,2017-08-21 19:55:00 EDT,44.22128,-74.43826,1650,67.8,71.0,67.8,81.5,61.9,0.000,0.000,0.00,0.000,0.9,2.1,0.6,228,11,1.1,2.8,0.6,225,14,0.9,2.1,0.6,228,11,4,28.34,,0,0,0,75.5,72.0,70.0,0.23,0.30,0.22
TUPP,2017-08-21 20:00:00 EDT,44.22128,-74.43826,1650,67.2,70.5,67.2,82.6,61.8,0.000,0.000,0.00,0.000,0.6,1.4,0.5,212,19,0.8,2.2,0.6,210,19,0.6,1.4,0.5,212,19,2,28.33,,0,0,0,75.1,72.0,70.0,0.23,0.30,0.22
TUPP,2017-08-21 20:05:00 EDT,44.22128,-74.43826,1650,66.7,70.0,66.7,83.3,61.5,0.000,0.000,0.00,0.000,0.8,2.0,0.6,209,21,0.9,2.6,0.7,207,20,0.8,2.0,0.6,209,21,1,28.33,,0,0,0,75.0,72.1,70.0,0.23,0.30,0.22
TUPP,2017-08-21 20:10:00 EDT,44.22128,-74.43826,1650,66.5,69.7,66.5,84.9,61.8,0.000,0.000,0.00,0.000,0.7,2.1,0.6,210,16,1.0,2.7,0.7,215,19,0.7,2.1,0.6,210,16,0,28.33,,0,0,0,75.0,72.3,70.0,0.23,0.30,0.22
TUPP,2017-08-21 20:15:00 EDT,44.22128,-74.43826,1650,65.9,69.5,65.9,85.6,61.5,0.000,0.000,0.00,0.000,0.9,2.2,0.5,217,14,1.0,2.1,0.7,219,20,0.9,2.2,0.5,217,14,0,28.33,,0,0,0,75.0,72.3,70.0,0.23,0.30,0.22
TUPP,2017-08-21 20:20:00 EDT,44.22128,-74.43826,1650,65.8,69.4,65.8,86.6,61.7,0.000,0.000,0.00,0.000,0.8,1.7,0.4,223,15,1.0,2.1,0.5,224,17,0.8,1.7,0.4,223,15,0,28.34,,0,0,0,74.8,72.3,70.0,0.23,0.30,0.22
TUPP,2017-08-21 20:25:00 EDT,44.22128,-74.43826,1650,65.5,69.1,65.5,87.0,61.5,0.000,0.000,0.00,0.000,0.9,1.9,0.4,215,14,1.1,2.1,0.5,212,16,0.9,1.9,0.4,215,14,0,28.34,,0,0,0,74.7,72.3,70.0,0.23,0.30,0.22
TUPP,2017-08-21 20:30:00 EDT,44.22128,-74.43826,1650,65.4,69.5,65.4,87.3,61.5,0.000,0.000,0.00,0.000,1.2,1.8,0.3,200,8,1.5,2.8,0.4,197,10,1.2,1.8,0.3,200,8,0,28.34,,0,0,0,74.7,72.3,70.0,0.23,0.30,0.22
TUPP,2017-08-21 20:35:00 EDT,44.22128,-74.43826,1650,65.2,69.2,65.2,88.3,61.6,0.000,0.000,0.00,0.000,1.4,2.7,0.5,207,18,1.6,3.6,0.6,205,18,1.4,2.7,0.5,207,18,0,28.34,,0,0,0,74.7,72.3,70.0,0.23,0.30,0.22
TUPP,2017-08-21 20:40:00 EDT,44.22128,-74.43826,1650,64.9,68.4,64.9,88.7,61.5,0.000,0.000,0.00,0.000,1.0,1.9,0.4,214,19,1.3,3.1,0.5,213,23,1.0,1.9,0.4,214,19,0,28.34,,0,0,0,74.7,72.3,70.0,0.23,0.30,0.22
TUPP,2017-08-21 20:45:00 EDT,44.22128,-74.43826,1650,64.6,68.1,64.6,88.9,61.2,0.000,0.000,0.00,0.000,0.7,2.6,0.6,213,16,0.9,3.3,0.7,215,19,0.7,2.6,0.6,213,16,0,28.34,,0,0,0,74.6,72.3,70.0,0.23,0.30,0.22
TUPP,2017-08-21 20:50:00 EDT,44.22128,-74.43826,1650,64.5,68.0,64.5,89.7,61.4,0.000,0.000,0.00,0.000,1.6,2.7,0.5,209,11,1.5,2.9,0.6,209,13,1.6,2.7,0.5,209,11,0,28.34,,0,0,0,74.3,72.3,70.0,0.23,0.30,0.22
TUPP,2017-08-21 20:55:00 EDT,44.22128,-74.43826,1650,64.4,68.1,64.4,90.2,61.5,0.000,0.000,0.00,0.000,1.8,3.3,0.6,214,13,1.9,3.4,0.6,214,13,1.8,3.3,0.6,214,13,0,28.34,,0,0,0,74.3,72.3,70.0,0.23,0.30,0.22
TUPP,2017-08-21 21:00:00 EDT,44.22128,-74.43826,1650,64.5,68.2,64.5,89.5,61.3,0.000,0.000,0.00,0.000,1.7,2.9,0.5,235,15,1.8,4.0,0.5,235,15,1.7,2.9,0.5,235,15,0,28.34,,0,0,0,74.3,72.3,70.0,0.23,0.30,0.22
TUPP,2017-08-21 21:05:00 EDT,44.22128,-74.43826,1650,64.6,68.4,64.6,88.7,61.2,0.000,0.000,0.00,0.000,2.3,4.0,0.7,247,13,2.5,5.1,0.8,248,15,2.3,4.0,0.7,247,13,0,28.34,,0,0,0,74.1,72.3,70.0,0.23,0.30,0.22
TUPP,2017-08-21 21:10:00 EDT,44.22128,-74.43826,1650,65.7,68.6,65.7,87.4,61.8,0.000,0.000,0.00,0.000,2.6,4.0,0.6,242,12,2.7,5.0,0.8,242,13,2.6,4.0,0.6,242,12,0,28.34,,0,0,0,73.9,72.3,70.0,0.23,0.30,0.22
TUPP,2017-08-21 21:15:00 EDT,44.22128,-74.43826,1650,66.5,68.6,66.5,85.7,62.1,0.000,0.000,0.00,0.000,2.5,3.4,0.5,244,12,2.7,4.0,0.6,242,12,2.5,3.4,0.5,244,12,0,28.34,,0,0,0,73.9,72.3,70.0,0.23,0.30,0.22
TUPP,2017-08-21 21:20:00 EDT,44.22128,-74.43826,1650,67.6,68.8,67.6,83.3,62.3,0.000,0.000,0.00,0.000,2.9,4.8,0.9,237,16,3.2,6.1,1.0,239,14,2.9,4.8,0.9,237,16,0,28.34,,0,0,0,73.9,72.3,70.0,0.23,0.30,0.22
TUPP,2017-08-21 21:25:00 EDT,44.22128,-74.43826,1650,68.2,69.2,68.2,80.7,62.0,0.000,0.000,0.00,0.000,3.7,5.3,0.8,232,16,3.9,7.4,1.0,231,12,3.7,5.3,0.8,232,16,0,28.34,,0,0,0,73.9,72.3,70.0,0.23,0.30,0.22
TUPP,2017-08-21 21:30:00 EDT,44.22128,-74.43826,1650,68.2,69.1,68.2,79.1,61.5,0.000,0.000,0.00,0.000,3.1,5.4,1.0,231,16,3.4,5.6,1.2,231,15,3.1,5.4,1.0,231,16,0,28.34,,0,0,0,73.6,72.3,70.0,0.23,0.30,0.22
TUPP,2017-08-21 21:35:00 EDT,44.22128,-74.43826,1650,68.3,68.9,68.3,79.2,61.6,0.000,0.000,0.00,0.000,2.7,5.0,0.9,241,19,3.0,5.6,1.1,243,18,2.7,5.0,0.9,241,19,0,28.34,,0,0,0,73.4,72.3,70.0,0.23,0.30,0.22
TUPP,2017-08-21 21:40:00 EDT,44.22128,-74.43826,1650,68.2,68.7,68.2,79.2,61.5,0.000,0.000,0.00,0.000,2.1,3.9,0.7,244,22,2.4,4.4,0.8,242,23,2.1,3.9,0.7,244,22,0,28.34,,0,0,0,73.4,72.3,70.0,0.23,0.30,0.22
TUPP,2017-08-21 21:45:00 EDT,44.22128,-74.43826,1650,68.3,68.7,68.3,79.6,61.7,0.000,0.000,0.00,0.000,2.4,4.5,1.0,237,24,2.7,4.8,1.0,238,22,2.4,4.5,1.0,237,24,0,28.34,,0,0,0,73.4,72.3,70.0,0.23,0.30,0.22
TUPP,2017-08-21 21:50:00 EDT,44.22128,-74.43826,1650,68.0,68.6,68.0,79.4,61.4,0.000,0.000,0.00,0.000,1.6,4.3,1.2,229,17,1.9,4.3,1.1,227,19,1.6,4.3,1.2,229,17,0,28.34,,0,0,0,73.2,72.3,70.0,0.23,0.30,0.22
TUPP,2017-08-21 21:55:00 EDT,44.22128,-74.43826,1650,65.5,67.9,65.5,81.7,59.8,0.000,0.000,0.00,0.000,0.9,1.5,0.3,163,18,1.3,2.2,0.4,161,23,0.9,1.5,0.3,163,18,0,28.34,,0,0,0,73.0,72.3,70.0,0.23,0.30,0.22
TUPP,2017-08-21 22:00:00 EDT,44.22128,-74.43826,1650,64.1,66.4,64.1,85.7,59.7,0.000,0.000,0.00,0.000,0.7,1.8,0.5,119,35,1.0,2.3,0.6,114,34,0.7,1.8,0.5,119,35,0,28.33,,0,0,0,73.0,72.3,70.0,0.23,0.30,0.22
TUPP,2017-08-21 22:05:00 EDT,44.22128,-74.43826,1650,63.8,65.0,63.8,88.0,60.2,0.000,0.000,0.00,0.000,1.1,1.7,0.4,90,6,1.5,2.4,0.4,86,8,1.1,1.7,0.4,90,6,0,28.34,,0,0,0,73.0,72.3,70.0,0.23,0.30,0.22
TUPP,2017-08-21 22:10:00 EDT,44.22128,-74.43826,1650,63.6,64.5,63.6,89.2,60.4,0.000,0.000,0.00,0.000,0.6,1.2,0.4,85,4,0.8,1.8,0.5,76,17,0.6,1.2,0.4,85,4,0,28.34,,0,0,0,73.0,72.3,70.0,0.23,0.30,0.22
TUPP,2017-08-21 22:15:00 EDT,44.22128,-74.43826,1650,63.2,64.8,63.2,90.5,60.4,0.000,0.000,0.00,0.000,0.1,0.9,0.2,69,1,0.3,1.3,0.4,37,18,0.1,0.9,0.2,69,1,0,28.34,,0,0,0,73.0,72.3,70.0,0.23,0.30,0.22
TUPP,2017-08-21 22:20:00 EDT,44.22128,-74.43826,1650,63.1,65.9,63.1,91.2,60.5,0.000,0.000,0.00,0.000,1.1,2.6,0.7,276,20,1.4,3.0,0.8,278,19,1.1,2.6,0.7,276,20,0,28.34,,0,0,0,72.9,72.3,70.0,0.23,0.30,0.22
TUPP,2017-08-21 22:25:00 EDT,44.22128,-74.43826,1650,64.0,67.0,64.0,91.5,61.5,0.000,0.000,0.00,0.000,1.6,5.0,1.0,243,20,1.9,5.2,1.0,243,21,1.6,5.0,1.0,243,20,0,28.34,,0,0,0,72.7,72.3,70.0,0.23,0.30,0.22
TUPP,2017-08-21 22:30:00 EDT,44.22128,-74.43826,1650,64.7,67.3,64.7,90.2,61.8,0.000,0.000,0.00,0.000,1.8,3.1,0.9,210,17,2.0,4.4,1.0,213,18,1.8,3.1,0.9,210,17,0,28.34,,0,0,0,72.7,72.3,70.0,0.23,0.30,0.22
TUPP,2017-08-21 22:35:00 EDT,44.22128,-74.43826,1650,63.4,66.2,63.4,89.2,60.2,0.000,0.000,0.00,0.000,0.0,0.9,0.2,330,2,0.4,1.2,0.4,321,25,0.0,0.9,0.2,330,2,0,28.34,,0,0,0,72.7,72.3,70.0,0.23,0.30,0.22
TUPP,2017-08-21 22:40:00 EDT,44.22128,-74.43826,1650,62.8,65.2,62.8,90.8,60.0,0.000,0.000,0.00,0.000,0.4,1.3,0.4,323,10,0.6,2.3,0.6,327,14,0.4,1.3,0.4,323,10,0,28.34,,0,0,0,72.7,72.3,70.0,0.23,0.30,0.22
TUPP,2017-08-21 22:45:00 EDT,44.22128,-74.43826,1650,62.4,64.5,62.4,91.1,59.8,0.000,0.000,0.00,0.000,0.2,1.1,0.3,317,4,0.3,1.3,0.4,315,6,0.2,1.1,0.3,317,4,0,28.34,,0,0,0,72.5,72.3,70.0,0.23,0.30,0.22
TUPP,2017-08-21 22:50:00 EDT,44.22128,-74.43826,1650,62.2,63.8,62.2,92.4,60.0,0.000,0.000,0.00,0.000,0.3,1.1,0.3,323,7,0.6,1.4,0.5,319,10,0.3,1.1,0.3,323,7,0,28.34,,0,0,0,72.3,72.3,70.0,0.23,0.30,0.22
TUPP,2017-08-21 22:55:00 EDT,44.22128,-74.43826,1650,62.2,63.8,62.2,93.2,60.2,0.000,0.000,0.00,0.000,0.4,1.2,0.4,305,17,0.5,1.7,0.5,297,17,0.4,1.2,0.4,305,17,0,28.34,,0,0,0,72.3,72.3,70.0,0.23,0.30,0.22
TUPP,2017-08-21 23:00:00 EDT,44.22128,-74.43826,1650,62.2,63.9,62.2,93.6,60.3,0.000,0.000,0.00,0.000,0.1,0.9,0.3,234,14,0.3,1.3,0.4,218,23,0.1,0.9,0.3,234,14,0,28.34,,0,0,0,72.3,72.3,70.0,0.23,0.30,0.22
TUPP,2017-08-21 23:05:00 EDT,44.22128,-74.43826,1650,62.2,64.3,62.2,94.0,60.4,0.000,0.000,0.00,0.000,1.1,2.3,0.4,196,8,1.4,2.5,0.5,195,13,1.1,2.3,0.4,196,8,0,28.34,,0,0,0,72.3,72.3,70.0,0.23,0.30,0.22
TUPP,2017-08-21 23:10:00 EDT,44.22128,-74.43826,1650,62.4,65.4,62.4,94.6,60.8,0.000,0.000,0.00,0.000,1.4,2.5,0.4,206,8,1.6,2.7,0.5,206,11,1.4,2.5,0.4,206,8,0,28.34,,0,0,0,72.3,72.3,70.0,0.23,0.30,0.22
TUPP,2017-08-21 23:15:00 EDT,44.22128,-74.43826,1650,62.7,65.5,62.7,95.1,61.2,0.000,0.000,0.00,0.000,1.6,3.1,0.6,218,17,1.6,3.3,0.7,218,18,1.6,3.1,0.6,218,17,0,28.34,,0,0,0,72.1,72.3,70.0,0.23,0.30,0.22
TUPP,2017-08-21 23:20:00 EDT,44.22128,-74.43826,1650,62.8,65.4,62.8,95.1,61.4,0.000,0.000,0.00,0.000,1.4,3.6,0.7,229,14,1.6,4.1,0.7,232,16,1.4,3.6,0.7,229,14,0,28.34,,0,0,0,71.8,72.3,70.0,0.23,0.30,0.22
TUPP,2017-08-21 23:25:00 EDT,44.22128,-74.43826,1650,62.0,65.1,62.0,93.9,60.2,0.000,0.000,0.00,0.000,0.8,1.5,0.4,233,11,0.9,2.4,0.6,234,15,0.8,1.5,0.4,233,11,0,28.34,,0,0,0,71.8,72.3,70.0,0.23,0.30,0.22
TUPP,2017-08-21 23:30:00 EDT,44.22128,-74.43826,1650,61.9,63.9,61.9,94.4,60.3,0.000,0.000,0.00,0.000,0.0,0.0,0.0,0,0,0.1,1.1,0.3,248,13,0.0,0.0,0.0,0,0,0,28.33,,0,0,0,71.8,72.3,70.0,0.23,0.30,0.22
TUPP,2017-08-21 23:35:00 EDT,44.22128,-74.43826,1650,62.0,63.5,62.0,94.8,60.5,0.000,0.000,0.00,0.000,0.0,0.0,0.0,0,0,0.1,0.9,0.3,308,8,0.0,0.0,0.0,0,0,0,28.33,,0,0,0,71.8,72.3,70.0,0.23,0.30,0.22
TUPP,2017-08-21 23:40:00 EDT,44.22128,-74.43826,1650,61.9,64.3,61.9,95.2,60.5,0.000,0.000,0.00,0.000,0.5,2.0,0.5,230,15,0.8,2.6,0.7,234,20,0.5,2.0,0.5,230,15,0,28.33,,0,0,0,71.7,72.3,70.0,0.23,0.30,0.22
TUPP,2017-08-21 23:45:00 EDT,44.22128,-74.43826,1650,61.6,64.4,61.6,95.2,60.2,0.000,0.000,0.00,0.000,0.2,1.1,0.3,207,4,0.3,1.8,0.5,202,8,0.2,1.1,0.3,207,4,0,28.33,,0,0,0,71.4,72.3,70.0,0.23,0.30,0.22
TUPP,2017-08-21 23:50:00 EDT,44.22128,-74.43826,1650,61.3,62.8,61.3,94.5,59.7,0.000,0.000,0.00,0.000,0.3,0.9,0.3,91,1,0.5,1.3,0.5,86,5,0.3,0.9,0.3,91,1,0,28.33,,0,0,0,71.4,72.3,70.0,0.23,0.30,0.22
TUPP,2017-08-21 23:55:00 EDT,44.22128,-74.43826,1650,61.2,62.8,61.2,94.8,59.7,0.000,0.000,0.00,0.000,0.5,1.4,0.4,88,10,0.9,2.3,0.6,88,13,0.5,1.4,0.4,88,10,0,28.34,,0,0,0,71.4,72.3,70.0,0.23,0.30,0.22
TYRO,2017-08-21 00:00:00 EDT,42.40611,-77.05390,1204,59.4,60.6,59.4,97.3,58.7,0.000,0.000,0.00,0.000,2.9,3.3,0.2,79,7,3.2,3.7,0.2,79,9,2.9,3.3,0.2,79,7,0,28.90,,0,0,0,67.1,67.2,65.9,0.22,0.26,0.28
TYRO,2017-08-21 00:05:00 EDT,42.40611,-77.05390,1204,59.5,60.5,59.5,97.3,58.7,0.000,0.000,0.00,0.000,2.6,3.7,0.4,67,9,2.8,3.8,0.4,65,10,2.6,3.7,0.4,67,9,0,28.90,,0,0,0,67.1,67.1,66.0,0.22,0.26,0.28
TYRO,2017-08-21 00:10:00 EDT,42.40611,-77.05390,1204,59.1,60.4,59.1,97.0,58.3,0.000,0.000,0.00,0.000,3.1,3.9,0.4,59,6,3.1,4.1,0.5,57,7,3.1,3.9,0.4,59,6,0,28.90,,0,0,0,67.1,67.1,65.9,0.22,0.26,0.28
TYRO,2017-08-21 00:15:00 EDT,42.40611,-77.05390,1204,59.1,60.2,59.1,97.0,58.3,0.000,0.000,0.00,0.000,2.2,3.0,0.3,53,9,2.1,2.9,0.4,51,8,2.2,3.0,0.3,53,9,0,28.90,,0,0,0,67.1,67.1,66.0,0.22,0.26,0.28
TYRO,2017-08-21 00:20:00 EDT,42.40611,-77.05390,1204,58.8,60.3,58.8,96.8,57.9,0.000,0.000,0.00,0.000,2.0,2.7,0.3,73,7,2.2,3.0,0.3,72,9,2.0,2.7,0.3,73,7,0,28.90,,0,0,0,66.8,67.1,66.0,0.22,0.26,0.28
TYRO,2017-08-21 00:25:00 EDT,42.40611,-77.05390,1204,58.9,60.1,58.9,97.1,58.1,0.000,0.000,0.00,0.000,2.2,2.8,0.3,75,8,2.5,3.5,0.4,73,9,2.2,2.8,0.3,75,8,0,28.90,,0,0,0,66.7,67.1,65.9,0.22,0.26,0.28
TYRO,2017-08-21 00:30:00 EDT,42.40611,-77.05390,1204,58.2,59.7,58.2,96.7,57.2,0.000,0.000,0.00,0.000,2.0,2.9,0.5,49,13,2.0,3.4,0.5,47,12,2.0,2.9,0.5,49,13,0,28.90,,0,0,0,66.7,67.1,66.0,0.22,0.26,0.28
TYRO,2017-08-21 00:35:00 EDT,42.40611,-77.05390,1204,58.4,59.8,58.4,97.1,57.6,0.000,0.000,0.00,0.000,2.6,3.2,0.4,70,14,2.7,3.7,0.6,69,15,2.6,3.2,0.4,70,14,0,28.90,,0,0,0,66.7,67.1,66.0,0.22,0.26,0.28
TYRO,2017-08-21 00:40:00 EDT,42.40611,-77.05390,1204,58.1,59.7,58.1,97.1,57.3,0.000,0.000,0.00,0.000,2.6,4.0,0.7,61,12,2.7,4.7,0.9,60,13,2.6,4.0,0.7,61,12,0,28.90,,0,0,0,66.7,67.1,66.0,0.22,0.26,0.28
TYRO,2017-08-21 00:45:00 EDT,42.40611,-77.05390,1204,58.6,59.7,58.6,97.6,57.9,0.000,0.000,0.00,0.000,3.2,4.2,0.4,76,9,3.5,4.8,0.6,75,8,3.2,4.2,0.4,76,9,0,28.90,,0,0,0,66.7,67.1,66.0,0.22,0.26,0.28
TYRO,2017-08-21 00:50:00 EDT,42.40611,-77.05390,1204,58.7,59.7,58.7,97.6,58.0,0.000,0.000,0.00,0.000,2.1,3.7,0.7,59,23,2.3,4.8,0.9,57,24,2.1,3.7,0.7,59,23,0,28.90,,0,0,0,66.5,67.1,66.0,0.21,0.26,0.28
TYRO,2017-08-21 00:55:00 EDT,42.40611,-77.05390,1204,58.6,59.5,58.6,97.5,57.9,0.000,0.000,0.00,0.000,2.1,2.8,0.4,77,13,2.4,3.5,0.5,77,14,2.1,2.8,0.4,77,13,0,28.90,,0,0,0,66.4,67.1,66.0,0.21,0.26,0.28
TYRO,2017-08-21 01:00:00 EDT,42.40611,-77.05390,1204,58.7,59.6,58.7,97.7,58.0,0.000,0.000,0.00,0.000,2.0,3.4,0.5,95,10,2.2,3.9,0.5,96,12,2.0,3.4,0.5,95,10,0,28.90,,0,0,0,66.4,67.1,66.0,0.22,0.26,0.28
TYRO,2017-08-21 01:05:00 EDT,42.40611,-77.05390,1204,58.2,59.5,58.2,97.5,57.5,0.000,0.000,0.00,0.000,1.9,2.6,0.4,101,4,2.2,3.0,0.5,102,5,1.9,2.6,0.4,101,4,0,28.90,,0,0,0,66.4,67.1,66.0,0.22,0.26,0.28
TYRO,2017-08-21 01:10:00 EDT,42.40611,-77.05390,1204,58.0,59.3,58.0,97.5,57.3,0.000,0.000,0.00,0.000,0.8,2.0,0.5,105,4,1.2,2.4,0.4,109,15,0.8,2.0,0.5,105,4,0,28.90,,0,0,0,66.4,67.1,66.0,0.22,0.26,0.28
TYRO,2017-08-21 01:15:00 EDT,42.40611,-77.05390,1204,57.8,59.2,57.8,97.5,57.1,0.000,0.000,0.00,0.000,0.3,1.2,0.3,102,2,0.9,1.7,0.4,106,16,0.3,1.2,0.3,102,2,0,28.90,,0,0,0,66.4,67.1,65.9,0.21,0.26,0.28
TYRO,2017-08-21 01:20:00 EDT,42.40611,-77.05390,1204,57.9,59.0,57.9,97.7,57.2,0.000,0.000,0.00,0.000,1.5,2.0,0.2,68,10,1.7,2.2,0.2,64,10,1.5,2.0,0.2,68,10,0,28.90,,0,0,0,66.4,67.1,66.0,0.22,0.26,0.28
TYRO,2017-08-21 01:25:00 EDT,42.40611,-77.05390,1204,57.7,58.8,57.7,97.7,57.1,0.000,0.000,0.00,0.000,1.9,2.4,0.3,69,5,2.3,2.9,0.4,68,6,1.9,2.4,0.3,69,5,0,28.90,,0,0,0,66.4,67.1,66.0,0.22,0.26,0.28
TYRO,2017-08-21 01:30:00 EDT,42.40611,-77.05390,1204,57.9,59.0,57.9,97.9,57.3,0.000,0.000,0.00,0.000,2.0,2.6,0.3,66,5,2.2,3.0,0.5,63,8,2.0,2.6,0.3,66,5,0,28.90,,0,0,0,66.3,67.1,65.9,0.22,0.26,0.28
TYRO,2017-08-21 01:35:00 EDT,42.40611,-77.05390,1204,57.4,59.5,57.4,97.7,56.7,0.000,0.000,0.00,0.000,1.4,1.9,0.4,36,8,1.4,2.0,0.3,34,10,1.4,1.9,0.4,36,8,0,28.90,,0,0,0,66.0,67.1,66.0,0.22,0.26,0.28
TYRO,2017-08-21 01:40:00 EDT,42.40611,-77.05390,1204,57.5,59.6,57.5,97.9,56.9,0.000,0.000,0.00,0.000,0.0,0.5,0.1,33,9,0.3,1.2,0.4,41,20,0.0,0.5,0.1,33,9,0,28.90,,0,0,0,66.0,67.1,66.0,0.22,0.26,0.28
TYRO,2017-08-21 01:45:00 EDT,42.40611,-77.05390,1204,57.2,59.1,57.2,97.9,56.6,0.000,0.000,0.00,0.000,1.8,2.8,0.6,91,6,2.2,3.1,0.5,93,8,1.8,2.8,0.6,91,6,0,28.90,,0,0,0,66.0,67.1,65.9,0.22,0.26,0.28
TYRO,2017-08-21 01:50:00 EDT,42.40611,-77.05390,1204,57.6,58.7,57.6,98.0,57.0,0.000,0.000,0.00,0.000,1.7,2.0,0.2,94,8,2.0,2.5,0.2,93,10,1.7,2.0,0.2,94,8,0,28.90,,0,0,0,66.0,67.1,66.0,0.22,0.26,0.28
TYRO,2017-08-21 01:55:00 EDT,42.40611,-77.05390,1204,57.4,58.7,57.4,97.8,56.8,0.000,0.000,0.00,0.000,1.3,2.2,0.4,83,4,1.7,2.7,0.4,82,10,1.3,2.2,0.4,83,4,0,28.90,,0,0,0,66.0,67.0,66.0,0.22,0.26,0.28
TYRO,2017-08-21 02:00:00 EDT,42.40611,-77.05390,1204,56.9,58.6,56.9,97.6,56.3,0.000,0.000,0.00,0.000,1.9,2.6,0.4,99,4,2.3,3.2,0.4,100,3,1.9,2.6,0.4,99,4,0,28.90,,0,0,0,66.0,67.0,66.0,0.22,0.26,0.28
TYRO,2017-08-21 02:05:00 EDT,42.40611,-77.05390,1204,57.1,58.6,57.1,97.8,56.5,0.000,0.000,0.00,0.000,2.1,2.5,0.2,93,0,2.3,2.9,0.2,94,3,2.1,2.5,0.2,93,0,0,28.90,,0,0,0,65.9,67.0,66.0,0.22,0.26,0.28
TYRO,2017-08-21 02:10:00 EDT,42.40611,-77.05390,1204,57.2,58.3,57.2,97.8,56.6,0.000,0.000,0.00,0.000,2.4,2.8,0.3,95,3,2.6,3.2,0.4,95,3,2.4,2.8,0.3,95,3,0,28.90,,0,0,0,65.8,67.0,66.0,0.22,0.26,0.28
TYRO,2017-08-21 02:15:00 EDT,42.40611,-77.05390,1204,57.2,58.2,57.2,97.8,56.6,0.000,0.000,0.00,0.000,2.1,2.6,0.3,90,6,2.2,2.9,0.3,88,9,2.1,2.6,0.3,90,6,0,28.90,,0,0,0,65.8,66.9,66.0,0.22,0.26,0.28
TYRO,2017-08-21 02:20:00 EDT,42.40611,-77.05390,1204,56.8,58.1,56.8,97.7,56.1,0.000,0.000,0.00,0.000,1.3,1.7,0.3,83,10,1.6,2.1,0.2,80,9,1.3,1.7,0.3,83,10,0,28.90,,0,0,0,65.8,66.8,66.0,0.22,0.26,0.28
TYRO,2017-08-21 02:25:00 EDT,42.40611,-77.05390,1204,56.5,58.0,56.5,97.5,55.8,0.000,0.000,0.00,0.000,1.6,2.0,0.2,84,3,1.9,2.5,0.2,80,5,1.6,2.0,0.2,84,3,0,28.90,,0,0,0,65.8,66.8,66.0,0.22,0.26,0.28
TYRO,2017-08-21 02:30:00 EDT,42.40611,-77.05390,1204,56.6,58.7,56.6,97.6,55.9,0.000,0.000,0.00,0.000,1.7,2.6,0.3,96,7,2.0,2.9,0.4,95,7,1.7,2.6,0.3,96,7,0,28.90,,0,0,0,65.8,66.8,66.0,0.22,0.26,0.28
TYRO,2017-08-21 02:35:00 EDT,42.40611,-77.05390,1204,56.8,59.1,56.8,97.8,56.2,0.000,0.000,0.00,0.000,1.8,2.5,0.3,73,8,2.1,2.8,0.4,69,10,1.8,2.5,0.3,73,8,0,28.90,,0,0,0,65.8,66.8,66.0,0.22,0.26,0.28
TYRO,2017-08-21 02:40:00 EDT,42.40611,-77.05390,1204,56.4,58.9,56.4,97.5,55.7,0.000,0.000,0.00,0.000,1.3,1.8,0.2,33,13,1.5,2.1,0.3,30,13,1.3,1.8,0.2,33,13,0,28.90,,0,0,0,65.8,66.7,66.0,0.22,0.26,0.28
TYRO,2017-08-21 02:45:00 EDT,42.40611,-77.05390,1204,56.3,58.9,56.3,97.7,55.7,0.000,0.000,0.00,0.000,1.1,1.7,0.2,47,16,1.3,2.0,0.3,50,18,1.1,1.7,0.2,47,16,0,28.90,,0,0,0,65.8,66.7,66.0,0.22,0.26,0.28
TYRO,2017-08-21 02:50:00 EDT,42.40611,-77.05390,1204,56.3,58.2,56.3,97.8,55.7,0.000,0.000,0.00,0.000,1.2,1.8,0.3,101,11,1.5,2.1,0.3,103,11,1.2,1.8,0.3,101,11,0,28.90,,0,0,0,65.8,66.7,66.0,0.22,0.26,0.28
TYRO,2017-08-21 02:55:00 EDT,42.40611,-77.05390,1204,56.6,58.1,56.6,98.0,56.1,0.000,0.000,0.00,0.000,0.7,1.1,0.2,114,0,1.2,1.6,0.2,101,5,0.7,1.1,0.2,114,0,0,28.90,,0,0,0,65.8,66.7,66.0,0.22,0.26,0.28
TYRO,2017-08-21 03:00:00 EDT,42.40611,-77.05390,1204,56.9,58.5,56.9,98.0,56.4,0.000,0.000,0.00,0.000,0.8,1.5,0.4,114,2,1.2,1.8,0.4,105,8,0.8,1.5,0.4,114,2,0,28.90,,0,0,0,65.5,66.7,66.0,0.22,0.26,0.28
TYRO,2017-08-21 03:05:00 EDT,42.40611,-77.05390,1204,56.9,58.7,56.9,98.1,56.3,0.000,0.000,0.00,0.000,1.1,1.7,0.3,130,10,1.3,1.7,0.3,130,11,1.1,1.7,0.3,130,10,0,28.90,,0,0,0,65.5,66.7,66.0,0.22,0.26,0.28
TYRO,2017-08-21 03:10:00 EDT,42.40611,-77.05390,1204,57.2,59.3,57.2,98.1,56.7,0.000,0.000,0.00,0.000,1.5,2.6,0.6,112,19,1.8,3.2,0.6,112,19,1.5,2.6,0.6,112,19,0,28.90,,0,0,0,65.5,66.7,66.0,0.22,0.26,0.28
TYRO,2017-08-21 03:15:00 EDT,42.40611,-77.05390,1204,57.4,58.9,57.4,98.1,56.9,0.000,0.000,0.00,0.000,1.5,2.2,0.3,101,13,1.7,2.3,0.2,96,15,1.5,2.2,0.3,101,13,0,28.90,,0,0,0,65.5,66.7,66.0,0.22,0.26,0.28
TYRO,2017-08-21 03:20:00 EDT,42.40611,-77.05390,1204,56.9,58.6,56.9,97.9,56.3,0.000,0.000,0.00,0.000,1.0,1.2,0.2,87,3,1.3,1.7,0.1,82,7,1.0,1.2,0.2,87,3,0,28.90,,0,0,0,65.5,66.7,66.0,0.21,0.26,0.28
TYRO,2017-08-21 03:25:00 EDT,42.40611,-77.05390,1204,56.8,58.8,56.8,97.8,56.2,0.000,0.000,0.00,0.000,1.3,1.8,0.2,91,1,1.6,2.2,0.2,88,6,1.3,1.8,0.2,91,1,0,28.90,,0,0,0,65.2,66.7,66.0,0.22,0.26,0.28
TYRO,2017-08-21 03:30:00 EDT,42.40611,-77.05390,1204,56.9,58.7,56.9,98.0,56.3,0.000,0.000,0.00,0.000,1.2,1.7,0.2,85,3,1.6,2.2,0.3,82,6,1.2,1.7,0.2,85,3,0,28.90,,0,0,0,65.1,66.7,66.0,0.22,0.26,0.28
TYRO,2017-08-21 03:35:00 EDT,42.40611,-77.05390,1204,56.8,58.6,56.8,98.0,56.2,0.000,0.000,0.00,0.000,0.9,1.4,0.2,90,0,1.2,1.6,0.2,90,6,0.9,1.4,0.2,90,0,0,28.90,,0,0,0,65.1,66.7,66.0,0.22,0.26,0.28
TYRO,2017-08-21 03:40:00 EDT,42.40611,-77.05390,1204,56.7,58.7,56.7,98.0,56.2,0.000,0.000,0.00,0.000,0.4,1.0,0.4,110,20,1.0,1.6,0.3,120,18,0.4,1.0,0.4,110,20,0,28.90,,0,0,0,65.1,66.7,66.0,0.22,0.26,0.28
TYRO,2017-08-21 03:45:00 EDT,42.40611,-77.05390,1204,57.2,58.6,57.2,98.2,56.7,0.000,0.000,0.00,0.000,0.2,0.9,0.3,154,8,0.3,1.2,0.4,131,3,0.2,0.9,0.3,154,8,0,28.90,,0,0,0,65.1,66.7,66.0,0.22,0.26,0.28
TYRO,2017-08-21 03:50:00 EDT,42.40611,-77.05390,1204,57.1,58.5,57.1,98.1,56.5,0.000,0.000,0.00,0.000,0.2,1.0,0.3,115,0,1.0,1.5,0.2,98,10,0.2,1.0,0.3,115,0,0,28.90,,0,0,0,65.1,66.7,66.0,0.22,0.26,0.28
TYRO,2017-08-21 03:55:00 EDT,42.40611,-77.05390,1204,57.1,58.7,57.1,98.2,56.6,0.000,0.000,0.00,0.000,1.0,1.4,0.1,117,9,1.4,1.8,0.2,114,11,1.0,1.4,0.1,117,9,0,28.90,,0,0,0,65.1,66.6,66.0,0.22,0.26,0.28
TYRO,2017-08-21 04:00:00 EDT,42.40611,-77.05390,1204,57.4,59.5,57.4,98.3,57.0,0.000,0.000,0.00,0.000,1.2,2.0,0.3,121,16,1.5,2.4,0.4,119,18,1.2,2.0,0.3,121,16,0,28.90,,0,0,0,65.1,66.6,66.0,0.22,0.26,0.28
TYRO,2017-08-21 04:05:00 EDT,42.40611,-77.05390,1204,57.3,59.9,57.3,98.1,56.8,0.000,0.000,0.00,0.000,0.9,1.8,0.4,117,12,1.2,2.6,0.5,113,15,0.9,1.8,0.4,117,12,0,28.90,,0,0,0,65.1,66.6,66.0,0.22,0.26,0.28
TYRO,2017-08-21 04:10:00 EDT,42.40611,-77.05390,1204,57.1,60.0,57.1,97.9,56.6,0.000,0.000,0.00,0.000,1.3,2.0,0.3,103,10,1.6,2.3,0.4,102,11,1.3,2.0,0.3,103,10,0,28.90,,0,0,0,65.1,66.6,66.0,0.22,0.26,0.28
TYRO,2017-08-21 04:15:00 EDT,42.40611,-77.05390,1204,56.6,60.1,56.6,97.8,56.0,0.000,0.000,0.00,0.000,1.0,1.5,0.2,141,32,1.2,2.0,0.4,138,35,1.0,1.5,0.2,141,32,0,28.90,,0,0,0,65.1,66.6,66.0,0.22,0.26,0.28
TYRO,2017-08-21 04:20:00 EDT,42.40611,-77.05390,1204,56.6,59.7,56.6,97.8,56.0,0.000,0.000,0.00,0.000,0.1,0.8,0.2,195,0,0.2,1.1,0.3,184,24,0.1,0.8,0.2,195,0,0,28.90,,0,0,0,65.1,66.6,66.0,0.22,0.26,0.28
TYRO,2017-08-21 04:25:00 EDT,42.40611,-77.05390,1204,56.7,59.1,56.7,98.0,56.1,0.000,0.000,0.00,0.000,0.1,0.9,0.3,99,7,0.5,1.2,0.5,85,17,0.1,0.9,0.3,99,7,0,28.90,,0,0,0,64.9,66.7,66.0,0.21,0.26,0.28
TYRO,2017-08-21 04:30:00 EDT,42.40611,-77.05390,1204,56.8,58.6,56.8,98.0,56.2,0.000,0.000,0.00,0.000,0.0,0.4,0.1,114,0,0.1,0.9,0.2,146,18,0.0,0.4,0.1,114,0,0,28.90,,0,0,0,64.8,66.6,66.0,0.22,0.26,0.28
TYRO,2017-08-21 04:35:00 EDT,42.40611,-77.05390,1204,57.1,58.4,57.1,98.1,56.5,0.000,0.000,0.00,0.000,0.0,0.0,0.0,0,0,0.0,0.0,0.0,0,0,0.0,0.0,0.0,0,0,0,28.90,,0,0,0,64.8,66.6,66.0,0.22,0.26,0.28
TYRO,2017-08-21 04:40:00 EDT,42.40611,-77.05390,1204,56.9,58.6,56.9,98.3,56.4,0.000,0.000,0.00,0.000,0.0,0.2,0.0,115,0,0.1,1.2,0.3,81,5,0.0,0.2,0.0,115,0,0,28.90,,0,0,0,64.8,66.6,66.0,0.22,0.26,0.28
TYRO,2017-08-21 04:45:00 EDT,42.40611,-77.05390,1204,57.4,58.8,57.4,98.4,56.9,0.000,0.000,0.00,0.000,0.4,0.9,0.3,115,0,1.2,1.7,0.2,79,9,0.4,0.9,0.3,115,0,0,28.90,,0,0,0,64.8,66.5,66.0,0.22,0.26,0.28
TYRO,2017-08-21 04:50:00 EDT,42.40611,-77.05390,1204,57.4,59.2,57.4,98.2,56.9,0.000,0.000,0.00,0.000,0.0,0.6,0.1,115,0,0.2,1.2,0.3,65,6,0.0,0.6,0.1,115,0,0,28.91,,0,0,0,64.8,66.5,66.0,0.22,0.26,0.28
TYRO,2017-08-21 04:55:00 EDT,42.40611,-77.05390,1204,56.9,59.1,56.9,98.0,56.4,0.000,0.000,0.00,0.000,0.0,0.0,0.0,0,0,0.0,0.8,0.1,7,0,0.0,0.0,0.0,0,0,0,28.91,,0,0,0,64.8,66.5,66.0,0.22,0.26,0.28
TYRO,2017-08-21 05:00:00 EDT,42.40611,-77.05390,1204,57.1,58.9,57.1,98.2,56.6,0.000,0.000,0.00,0.000,0.0,0.0,0.0,0,0,0.2,0.9,0.4,356,4,0.0,0.0,0.0,0,0,0,28.91,,0,0,0,64.8,66.5,66.0,0.22,0.26,0.28
TYRO,2017-08-21 05:05:00 EDT,42.40611,-77.05390,1204,57.1,59.1,57.1,98.3,56.7,0.000,0.000,0.00,0.000,0.1,0.9,0.3,115,0,0.3,1.5,0.5,85,15,0.1,0.9,0.3,115,0,0,28.90,,0,0,0,64.8,66.5,66.0,0.22,0.26,0.28
TYRO,2017-08-21 05:10:00 EDT,42.40611,-77.05390,1204,57.3,59.1,57.3,98.3,56.8,0.000,0.000,0.00,0.000,0.0,0.1,0.0,115,0,0.2,1.0,0.4,67,11,0.0,0.1,0.0,115,0,0,28.90,,0,0,0,64.6,66.5,66.0,0.22,0.26,0.28
TYRO,2017-08-21 05:15:00 EDT,42.40611,-77.05390,1204,57.0,59.2,57.0,98.2,56.5,0.000,0.000,0.00,0.000,0.2,0.8,0.3,134,0,0.4,1.2,0.5,127,8,0.2,0.8,0.3,134,0,0,28.90,,0,0,0,64.4,66.5,66.0,0.22,0.26,0.28
TYRO,2017-08-21 05:20:00 EDT,42.40611,-77.05390,1204,56.9,58.6,56.9,98.3,56.4,0.000,0.000,0.00,0.000,0.7,1.3,0.4,110,6,1.2,1.9,0.4,104,9,0.7,1.3,0.4,110,6,0,28.90,,0,0,0,64.4,66.4,66.0,0.22,0.26,0.28
TYRO,2017-08-21 05:25:00 EDT,42.40611,-77.05390,1204,56.7,58.7,56.7,98.2,56.2,0.000,0.000,0.00,0.000,0.3,1.1,0.3,126,1,0.7,1.3,0.4,115,16,0.3,1.1,0.3,126,1,0,28.90,,0,0,0,64.4,66.4,66.0,0.22,0.26,0.28
TYRO,2017-08-21 05:30:00 EDT,42.40611,-77.05390,1204,57.2,59.0,57.2,98.4,56.8,0.000,0.000,0.00,0.000,0.5,1.3,0.5,122,10,0.9,1.7,0.5,117,14,0.5,1.3,0.5,122,10,0,28.90,,0,0,0,64.4,66.4,66.0,0.22,0.26,0.28
TYRO,2017-08-21 05:35:00 EDT,42.40611,-77.05390,1204,57.0,58.9,57.0,98.3,56.5,0.000,0.000,0.00,0.000,0.2,0.8,0.3,134,7,0.8,1.4,0.4,107,17,0.2,0.8,0.3,134,7,0,28.90,,0,0,0,64.4,66.4,66.0,0.22,0.26,0.28
TYRO,2017-08-21 05:40:00 EDT,42.40611,-77.05390,1204,56.8,58.8,56.8,98.1,56.3,0.000,0.000,0.00,0.000,0.0,0.0,0.0,0,0,0.4,1.1,0.4,83,11,0.0,0.0,0.0,0,0,0,28.90,,0,0,0,64.4,66.4,66.0,0.22,0.26,0.28
TYRO,2017-08-21 05:45:00 EDT,42.40611,-77.05390,1204,56.7,58.3,56.7,98.2,56.2,0.000,0.000,0.00,0.000,0.5,1.0,0.4,119,0,0.9,1.4,0.4,107,8,0.5,1.0,0.4,119,0,0,28.90,,0,0,0,64.4,66.4,66.0,0.22,0.26,0.28
TYRO,2017-08-21 05:50:00 EDT,42.40611,-77.05390,1204,56.8,58.7,56.8,98.3,56.4,0.000,0.000,0.00,0.000,0.1,0.4,0.1,119,0,0.2,1.4,0.4,102,3,0.1,0.4,0.1,119,0,0,28.90,,0,0,0,64.4,66.4,66.0,0.22,0.26,0.28
TYRO,2017-08-21 05:55:00 EDT,42.40611,-77.05390,1204,56.8,58.8,56.8,98.2,56.3,0.000,0.000,0.00,0.000,0.4,1.9,0.5,239,7,0.5,1.9,0.6,235,15,0.4,1.9,0.5,239,7,0,28.90,,0,0,0,64.4,66.4,66.0,0.22,0.26,0.28
TYRO,2017-08-21 06:00:00 EDT,42.40611,-77.05390,1204,57.1,58.8,57.1,98.3,56.6,0.000,0.000,0.00,0.000,1.1,1.8,0.3,238,16,1.3,2.3,0.3,242,21,1.1,1.8,0.3,238,16,0,28.91,,0,0,0,64.4,66.4,66.0,0.21,0.26,0.28
TYRO,2017-08-21 06:05:00 EDT,42.40611,-77.05390,1204,57.2,59.0,57.2,98.4,56.8,0.000,0.000,0.00,0.000,0.4,1.7,0.5,215,11,0.5,1.6,0.5,212,17,0.4,1.7,0.5,215,11,0,28.91,,0,0,0,64.4,66.4,66.0,0.21,0.26,0.28
TYRO,2017-08-21 06:10:00 EDT,42.40611,-77.05390,1204,57.1,59.1,57.1,98.3,56.6,0.000,0.000,0.00,0.000,0.0,0.5,0.1,180,0,0.0,1.4,0.2,191,7,0.0,0.5,0.1,180,0,1,28.91,,0,0,0,64.4,66.4,66.0,0.22,0.26,0.28
TYRO,2017-08-21 06:15:00 EDT,42.40611,-77.05390,1204,56.8,59.5,56.8,98.2,56.3,0.000,0.000,0.00,0.000,0.2,1.3,0.4,131,17,0.6,2.0,0.6,143,31,0.2,1.3,0.4,131,17,1,28.91,,0,0,0,64.3,66.4,66.0,0.22,0.26,0.28
TYRO,2017-08-21 06:20:00 EDT,42.40611,-77.05390,1204,57.3,59.8,57.3,98.3,56.8,0.000,0.000,0.00,0.000,0.4,1.2,0.3,107,20,0.9,1.9,0.5,100,21,0.4,1.2,0.3,107,20,2,28.90,,0,0,0,64.2,66.4,65.9,0.22,0.26,0.28
TYRO,2017-08-21 06:25:00 EDT,42.40611,-77.05390,1204,56.5,59.4,56.5,98.0,56.0,0.000,0.000,0.00,0.000,0.5,1.3,0.4,101,6,1.0,1.9,0.5,90,10,0.5,1.3,0.4,101,6,4,28.90,,0,0,0,64.2,66.3,66.0,0.22,0.26,0.28
TYRO,2017-08-21 06:30:00 EDT,42.40611,-77.05390,1204,56.7,58.4,56.7,98.2,56.2,0.000,0.000,0.00,0.000,0.5,1.2,0.4,89,0,0.9,1.5,0.4,76,15,0.5,1.2,0.4,89,0,5,28.90,,0,0,0,64.2,66.3,66.0,0.22,0.26,0.28
TYRO,2017-08-21 06:35:00 EDT,42.40611,-77.05390,1204,56.7,58.3,56.7,98.1,56.2,0.000,0.000,0.00,0.000,0.1,1.0,0.3,89,0,0.6,1.4,0.5,105,19,0.1,1.0,0.3,89,0,7,28.90,,0,0,0,64.2,66.3,66.0,0.22,0.26,0.28
TYRO,2017-08-21 06:40:00 EDT,42.40611,-77.05390,1204,56.6,58.4,56.6,98.3,56.1,0.000,0.000,0.00,0.000,0.3,1.3,0.4,122,10,0.6,1.6,0.6,131,14,0.3,1.3,0.4,122,10,11,28.90,,0,0,0,64.2,66.2,66.0,0.22,0.26,0.28
TYRO,2017-08-21 06:45:00 EDT,42.40611,-77.05390,1204,56.7,58.2,56.7,98.2,56.2,0.000,0.000,0.00,0.000,0.6,1.5,0.5,254,3,0.7,1.8,0.6,251,6,0.6,1.5,0.5,254,3,15,28.90,,0,0,0,64.2,66.2,65.9,0.22,0.26,0.28
TYRO,2017-08-21 06:50:00 EDT,42.40611,-77.05390,1204,56.7,58.5,56.7,98.3,56.2,0.000,0.000,0.00,0.000,0.6,1.8,0.6,206,9,0.9,2.2,0.6,205,20,0.6,1.8,0.6,206,9,18,28.90,,0,0,0,64.2,66.1,66.0,0.22,0.26,0.28
TYRO,2017-08-21 06:55:00 EDT,42.40611,-77.05390,1204,57.2,59.2,57.2,98.5,56.8,0.000,0.000,0.00,0.000,0.3,1.1,0.4,259,2,0.6,1.6,0.5,263,11,0.3,1.1,0.4,259,2,18,28.90,,0,0,0,64.2,66.1,66.0,0.21,0.26,0.28
TYRO,2017-08-21 07:00:00 EDT,42.40611,-77.05390,1204,57.1,59.8,57.1,98.3,56.6,0.000,0.000,0.00,0.000,0.7,1.4,0.3,294,25,1.0,1.7,0.4,299,20,0.7,1.4,0.3,294,25,26,28.90,,0,0,0,64.2,66.2,66.0,0.22,0.26,0.28
TYRO,2017-08-21 07:05:00 EDT,42.40611,-77.05390,1204,56.3,58.9,56.3,98.1,55.8,0.000,0.000,0.00,0.000,0.5,1.6,0.5,329,8,0.7,1.9,0.6,337,15,0.5,1.6,0.5,329,8,48,28.90,,0,0,0,64.1,66.2,66.0,0.22,0.26,0.28
TYRO,2017-08-21 07:10:00 EDT,42.40611,-77.05390,1204,57.0,59.4,57.0,98.3,56.5,0.000,0.000,0.00,0.000,1.3,2.0,0.5,315,6,1.3,2.0,0.4,316,9,1.3,2.0,0.5,315,6,93,28.90,,0,0,0,64.0,66.1,66.0,0.21,0.26,0.28
TYRO,2017-08-21 07:15:00 EDT,42.40611,-77.05390,1204,57.7,59.7,57.7,98.3,57.2,0.000,0.000,0.00,0.000,0.1,0.7,0.2,305,0,0.1,1.0,0.3,300,18,0.1,0.7,0.2,305,0,92,28.90,,0,0,0,63.9,66.1,66.0,0.21,0.26,0.28
TYRO,2017-08-21 07:20:00 EDT,42.40611,-77.05390,1204,58.4,60.2,58.4,98.3,57.9,0.000,0.000,0.00,0.000,0.0,0.0,0.0,0,0,0.0,0.7,0.1,117,2,0.0,0.0,0.0,0,0,119,28.90,,0,0,0,63.9,66.1,66.0,0.22,0.26,0.28
TYRO,2017-08-21 07:25:00 EDT,42.40611,-77.05390,1204,59.4,60.7,59.4,98.0,58.9,0.000,0.000,0.00,0.000,0.6,1.3,0.5,173,23,1.0,1.7,0.5,158,26,0.6,1.3,0.5,173,23,159,28.90,,0,0,0,63.9,66.1,66.0,0.22,0.26,0.28
TYRO,2017-08-21 07:30:00 EDT,42.40611,-77.05390,1204,60.1,60.9,60.1,98.1,59.6,0.000,0.000,0.00,0.000,0.6,1.4,0.4,198,4,0.8,1.5,0.5,205,8,0.6,1.4,0.4,198,4,90,28.90,,0,0,0,63.9,66.1,66.0,0.22,0.26,0.28
TYRO,2017-08-21 07:35:00 EDT,42.40611,-77.05390,1204,60.1,60.6,60.1,97.8,59.5,0.000,0.000,0.00,0.000,0.4,1.0,0.4,218,3,0.5,1.2,0.5,219,5,0.4,1.0,0.4,218,3,76,28.90,,0,0,0,63.9,66.0,66.0,0.22,0.26,0.28
TYRO,2017-08-21 07:40:00 EDT,42.40611,-77.05390,1204,60.3,61.2,60.3,96.6,59.3,0.000,0.000,0.00,0.000,0.6,1.9,0.7,120,9,0.9,2.3,0.7,118,13,0.6,1.9,0.7,120,9,108,28.90,,0,0,0,63.9,66.1,66.0,0.22,0.26,0.28
TYRO,2017-08-21 07:45:00 EDT,42.40611,-77.05390,1204,61.0,61.7,61.0,96.4,60.0,0.000,0.000,0.00,0.000,1.4,1.9,0.3,117,13,1.5,2.3,0.4,115,14,1.4,1.9,0.3,117,13,225,28.90,,0,0,0,63.9,66.0,66.0,0.22,0.26,0.28
TYRO,2017-08-21 07:50:00 EDT,42.40611,-77.05390,1204,62.6,62.9,62.6,96.1,61.5,0.000,0.000,0.00,0.000,0.8,2.2,0.7,159,23,1.2,2.7,0.8,167,28,0.8,2.2,0.7,159,23,232,28.90,,0,0,0,63.9,66.0,66.0,0.22,0.26,0.28
TYRO,2017-08-21 07:55:00 EDT,42.40611,-77.05390,1204,63.3,63.5,63.3,92.3,61.0,0.000,0.000,0.00,0.000,1.9,3.1,0.5,204,13,2.0,3.5,0.7,206,12,1.9,3.1,0.5,204,13,148,28.90,,0,0,0,63.9,66.0,66.0,0.22,0.26,0.28
TYRO,2017-08-21 08:00:00 EDT,42.40611,-77.05390,1204,63.5,63.5,63.5,89.8,60.4,0.000,0.000,0.00,0.000,0.7,2.6,0.9,205,5,1.0,2.7,0.8,210,13,0.7,2.6,0.9,205,5,145,28.90,,0,0,0,63.9,66.0,66.0,0.22,0.26,0.28
TYRO,2017-08-21 08:05:00 EDT,42.40611,-77.05390,1204,63.7,63.7,63.7,89.4,60.5,0.000,0.000,0.00,0.000,0.9,1.7,0.4,198,13,1.2,2.1,0.4,196,14,0.9,1.7,0.4,198,13,153,28.90,,0,0,0,63.9,66.0,66.0,0.21,0.26,0.28
TYRO,2017-08-21 08:10:00 EDT,42.40611,-77.05390,1204,63.8,63.8,63.8,87.9,60.2,0.000,0.000,0.00,0.000,1.7,2.8,0.7,222,11,1.6,3.1,0.5,225,12,1.7,2.8,0.7,222,11,157,28.90,,0,0,0,63.9,66.0,66.0,0.21,0.26,0.28
TYRO,2017-08-21 08:15:00 EDT,42.40611,-77.05390,1204,64.0,64.0,64.0,88.8,60.7,0.000,0.000,0.00,0.000,1.8,2.5,0.3,189,8,2.0,2.9,0.4,190,9,1.8,2.5,0.3,189,8,175,28.90,,0,0,0,63.9,66.0,66.0,0.22,0.26,0.28
TYRO,2017-08-21 08:20:00 EDT,42.40611,-77.05390,1204,64.2,64.2,64.2,87.8,60.5,0.000,0.000,0.00,0.000,2.2,3.1,0.4,193,19,2.3,3.6,0.5,195,19,2.2,3.1,0.4,193,19,208,28.90,,0,0,0,63.9,65.9,66.0,0.21,0.26,0.28
TYRO,2017-08-21 08:25:00 EDT,42.40611,-77.05390,1204,64.5,64.3,64.5,86.7,60.4,0.000,0.000,0.00,0.000,1.8,2.8,0.6,223,10,1.8,3.1,0.5,224,12,1.8,2.8,0.6,223,10,188,28.90,,0,0,0,63.9,65.9,66.0,0.21,0.26,0.28
TYRO,2017-08-21 08:30:00 EDT,42.40611,-77.05390,1204,64.9,64.5,64.9,87.2,61.0,0.000,0.000,0.00,0.000,1.2,2.0,0.3,241,13,1.3,2.3,0.3,246,17,1.2,2.0,0.3,241,13,319,28.90,,0,0,0,64.1,65.9,65.9,0.21,0.26,0.28
TYRO,2017-08-21 08:35:00 EDT,42.40611,-77.05390,1204,65.8,65.3,65.8,87.3,61.9,0.000,0.000,0.00,0.000,1.9,2.8,0.6,244,14,2.0,3.5,0.5,246,17,1.9,2.8,0.6,244,14,357,28.90,,0,0,0,64.2,65.9,66.0,0.22,0.26,0.28
TYRO,2017-08-21 08:40:00 EDT,42.40611,-77.05390,1204,65.8,65.4,65.8,84.0,60.8,0.000,0.000,0.00,0.000,2.0,2.7,0.4,252,9,2.1,3.3,0.5,256,12,2.0,2.7,0.4,252,9,210,28.90,,0,0,0,64.2,66.0,66.0,0.21,0.26,0.28
TYRO,2017-08-21 08:45:00 EDT,42.40611,-77.05390,1204,65.9,65.6,65.9,85.0,61.3,0.000,0.000,0.00,0.000,2.2,2.9,0.5,253,8,2.4,3.3,0.6,257,11,2.2,2.9,0.5,253,8,168,28.90,,0,0,0,64.2,66.0,66.0,0.21,0.26,0.28
TYRO,2017-08-21 08:50:00 EDT,42.40611,-77.05390,1204,65.8,65.6,65.8,84.5,61.0,0.000,0.000,0.00,0.000,2.6,3.4,0.5,263,7,2.9,3.7,0.5,269,9,2.6,3.4,0.5,263,7,151,28.90,,0,0,0,64.2,65.9,66.0,0.21,0.26,0.28
TYRO,2017-08-21 08:55:00 EDT,42.40611,-77.05390,1204,65.7,65.5,65.7,85.6,61.2,0.000,0.000,0.00,0.000,1.4,2.6,0.4,261,17,1.7,2.9,0.5,266,19,1.4,2.6,0.4,261,17,144,28.90,,0,0,0,64.2,66.0,66.0,0.21,0.26,0.28
TYRO,2017-08-21 09:00:00 EDT,42.40611,-77.05390,1204,65.8,65.6,65.8,86.3,61.6,0.000,0.000,0.00,0.000,2.7,4.7,0.6,239,8,2.7,5.1,0.6,242,10,2.7,4.7,0.6,239,8,138,28.90,,0,0,0,64.2,65.9,65.9,0.21,0.26,0.28
TYRO,2017-08-21 09:05:00 EDT,42.40611,-77.05390,1204,65.9,65.7,65.9,86.5,61.7,0.000,0.000,0.00,0.000,2.8,4.1,0.7,216,12,2.8,4.4,0.7,218,12,2.8,4.1,0.7,216,12,133,28.90,,0,0,0,64.3,65.9,65.9,0.21,0.26,0.28
TYRO,2017-08-21 09:10:00 EDT,42.40611,-77.05390,1204,66.0,65.8,66.0,87.8,62.3,0.000,0.000,0.00,0.000,1.5,2.6,0.5,221,13,1.7,3.2,0.5,222,14,1.5,2.6,0.5,221,13,126,28.90,,0,0,0,64.4,65.9,65.9,0.22,0.26,0.28
TYRO,2017-08-21 09:15:00 EDT,42.40611,-77.05390,1204,65.9,65.8,65.9,85.6,61.5,0.000,0.000,0.00,0.000,2.6,3.6,0.5,228,12,2.4,3.6,0.5,230,11,2.6,3.6,0.5,228,12,103,28.91,,0,0,0,64.4,65.9,66.0,0.21,0.26,0.28
TYRO,2017-08-21 09:20:00 EDT,42.40611,-77.05390,1204,66.0,66.0,66.0,85.3,61.5,0.000,0.000,0.00,0.000,4.1,6.0,0.7,237,12,4.2,6.0,0.9,237,10,4.1,6.0,0.7,237,12,80,28.91,,0,0,0,64.4,65.9,65.9,0.21,0.26,0.28
TYRO,2017-08-21 09:25:00 EDT,42.40611,-77.05390,1204,65.9,66.0,65.9,85.9,61.5,0.000,0.000,0.00,0.000,3.8,5.5,0.9,224,12,4.0,5.9,0.9,226,10,3.8,5.5,0.9,224,12,66,28.92,,0,0,0,64.4,65.8,65.9,0.21,0.26,0.28
TYRO,2017-08-21 09:30:00 EDT,42.40611,-77.05390,1204,65.8,66.0,65.8,86.0,61.5,0.000,0.000,0.00,0.000,3.1,5.3,1.0,205,23,3.4,5.8,1.2,207,21,3.1,5.3,1.0,205,23,68,28.91,,0,0,0,64.4,65.8,65.9,0.21,0.26,0.28
TYRO,2017-08-21 09:35:00 EDT,42.40611,-77.05390,1204,65.9,66.0,65.9,85.4,61.4,0.000,0.000,0.00,0.000,1.7,2.8,0.5,189,27,1.9,3.5,0.6,188,27,1.7,2.8,0.5,189,27,83,28.91,,0,0,0,64.4,65.8,65.9,0.21,0.26,0.28
TYRO,2017-08-21 09:40:00 EDT,42.40611,-77.05390,1204,65.9,65.9,65.9,86.3,61.7,0.000,0.000,0.00,0.000,2.4,3.4,0.6,195,9,2.6,3.8,0.6,197,8,2.4,3.4,0.6,195,9,79,28.91,,0,0,0,64.4,65.8,65.9,0.21,0.26,0.28
TYRO,2017-08-21 09:45:00 EDT,42.40611,-77.05390,1204,65.8,65.9,65.8,86.8,61.8,0.000,0.000,0.00,0.000,2.0,3.0,0.5,199,9,2.2,3.2,0.5,201,10,2.0,3.0,0.5,199,9,79,28.91,,0,0,0,64.5,65.8,65.9,0.21,0.27,0.28
TYRO,2017-08-21 09:50:00 EDT,42.40611,-77.05390,1204,65.8,65.9,65.8,88.2,62.3,0.000,0.000,0.00,0.000,1.9,3.3,1.0,197,7,2.0,3.7,0.9,200,9,1.9,3.3,1.0,197,7,77,28.90,,0,0,0,64.7,65.7,65.9,0.21,0.26,0.28
TYRO,2017-08-21 09:55:00 EDT,42.40611,-77.05390,1204,66.1,65.9,66.1,87.4,62.3,0.000,0.000,0.00,0.000,0.2,1.4,0.3,192,6,0.4,1.6,0.5,148,29,0.2,1.4,0.3,192,6,99,28.89,,0,0,0,64.8,65.8,65.9,0.21,0.26,0.28
TYRO,2017-08-21 10:00:00 EDT,42.40611,-77.05390,1204,66.3,66.2,66.3,87.1,62.4,0.000,0.000,0.00,0.000,0.2,1.1,0.3,182,4,0.5,1.9,0.6,179,11,0.2,1.1,0.3,182,4,116,28.89,,0,0,0,64.8,65.8,65.9,0.21,0.26,0.28
TYRO,2017-08-21 10:05:00 EDT,42.40611,-77.05390,1204,66.9,66.7,66.9,87.1,62.9,0.000,0.000,0.00,0.000,1.3,3.7,1.1,147,27,1.5,4.7,1.1,145,39,1.3,3.7,1.1,147,27,149,28.89,,0,0,0,64.8,65.7,65.9,0.21,0.26,0.28
TYRO,2017-08-21 10:10:00 EDT,42.40611,-77.05390,1204,67.5,67.3,67.5,85.7,63.0,0.000,0.000,0.00,0.000,1.1,2.3,0.6,281,32,1.4,2.5,0.6,281,31,1.1,2.3,0.6,281,32,184,28.89,,0,0,0,64.8,65.7,65.9,0.21,0.26,0.28
TYRO,2017-08-21 10:15:00 EDT,42.40611,-77.05390,1204,67.5,67.3,67.5,85.1,62.9,0.000,0.000,0.00,0.000,2.5,3.5,0.8,268,18,2.8,3.9,0.7,270,20,2.5,3.5,0.8,268,18,151,28.90,,0,0,0,64.8,65.7,65.9,0.21,0.26,0.28
TYRO,2017-08-21 10:20:00 EDT,42.40611,-77.05390,1204,67.4,67.1,67.4,84.4,62.5,0.000,0.000,0.00,0.000,1.8,2.6,0.4,281,15,2.0,3.0,0.4,285,16,1.8,2.6,0.4,281,15,175,28.90,,0,0,0,64.8,65.7,65.9,0.21,0.26,0.28
TYRO,2017-08-21 10:25:00 EDT,42.40611,-77.05390,1204,67.6,67.2,67.6,84.9,62.9,0.000,0.000,0.00,0.000,0.7,1.8,0.5,272,16,1.0,2.2,0.5,276,19,0.7,1.8,0.5,272,16,195,28.89,,0,0,0,64.9,65.7,65.9,0.21,0.27,0.28
TYRO,2017-08-21 10:30:00 EDT,42.40611,-77.05390,1204,67.7,67.3,67.7,84.7,63.0,0.000,0.000,0.00,0.000,1.4,2.4,0.6,285,15,1.6,2.9,0.6,289,15,1.4,2.4,0.6,285,15,194,28.89,,0,0,0,65.0,65.7,65.9,0.21,0.26,0.28
TYRO,2017-08-21 10:35:00 EDT,42.40611,-77.05390,1204,67.8,67.5,67.8,83.8,62.7,0.000,0.000,0.00,0.000,1.1,2.2,0.6,286,12,1.4,2.7,0.5,289,17,1.1,2.2,0.6,286,12,200,28.89,,0,0,0,65.1,65.7,65.9,0.21,0.26,0.28
TYRO,2017-08-21 10:40:00 EDT,42.40611,-77.05390,1204,67.9,67.6,67.9,83.1,62.6,0.000,0.000,0.00,0.000,1.6,2.5,0.5,278,19,1.9,2.9,0.5,281,18,1.6,2.5,0.5,278,19,179,28.89,,0,0,0,65.1,65.7,66.0,0.21,0.26,0.28
TYRO,2017-08-21 10:45:00 EDT,42.40611,-77.05390,1204,67.8,67.6,67.8,82.9,62.5,0.000,0.000,0.00,0.000,2.9,3.9,0.4,284,8,3.0,4.3,0.5,287,7,2.9,3.9,0.4,284,8,98,28.90,,0,0,0,65.1,65.7,65.9,0.21,0.26,0.28
TYRO,2017-08-21 10:50:00 EDT,42.40611,-77.05390,1204,67.6,67.5,67.6,84.3,62.7,0.000,0.000,0.00,0.000,2.9,4.7,1.0,276,23,3.0,5.1,1.1,279,22,2.9,4.7,1.0,276,23,95,28.90,,0,0,0,65.1,65.7,65.9,0.21,0.27,0.28
TYRO,2017-08-21 10:55:00 EDT,42.40611,-77.05390,1204,67.9,67.7,67.9,85.3,63.3,0.000,0.000,0.00,0.000,2.6,4.4,0.5,182,18,2.7,4.3,0.5,186,18,2.6,4.4,0.5,182,18,180,28.90,,0,0,0,65.1,65.7,65.9,0.21,0.26,0.28
TYRO,2017-08-21 11:00:00 EDT,42.40611,-77.05390,1204,68.6,68.1,68.6,85.6,64.1,0.000,0.000,0.00,0.000,0.9,3.1,1.1,147,11,1.1,3.2,1.0,146,19,0.9,3.1,1.1,147,11,189,28.89,,0,0,0,65.1,65.6,65.9,0.21,0.26,0.28
TYRO,2017-08-21 11:05:00 EDT,42.40611,-77.05390,1204,68.8,68.4,68.8,83.4,63.6,0.000,0.000,0.00,0.000,1.9,4.2,1.3,176,19,2.3,4.8,1.4,181,24,1.9,4.2,1.3,176,19,152,28.90,,0,0,0,65.1,65.6,65.9,0.21,0.26,0.28
TYRO,2017-08-21 11:10:00 EDT,42.40611,-77.05390,1204,69.0,68.7,69.0,83.2,63.6,0.000,0.000,0.00,0.000,2.6,4.5,0.8,163,20,2.9,5.6,1.0,167,20,2.6,4.5,0.8,163,20,223,28.89,,0,0,0,65.1,65.6,65.9,0.21,0.27,0.28
TYRO,2017-08-21 11:15:00 EDT,42.40611,-77.05390,1204,69.2,68.9,69.2,82.2,63.6,0.000,0.000,0.00,0.000,3.4,5.8,0.9,192,20,3.9,6.4,1.0,193,17,3.4,5.8,0.9,192,20,250,28.89,,0,0,0,65.2,65.6,65.9,0.21,0.26,0.28
TYRO,2017-08-21 11:20:00 EDT,42.40611,-77.05390,1204,69.3,69.0,69.3,81.8,63.5,0.000,0.000,0.00,0.000,2.4,3.8,0.7,196,25,2.5,4.3,0.8,199,25,2.4,3.8,0.7,196,25,153,28.89,,0,0,0,65.4,65.7,65.9,0.21,0.26,0.28
TYRO,2017-08-21 11:25:00 EDT,42.40611,-77.05390,1204,69.2,69.1,69.2,80.8,63.1,0.000,0.000,0.00,0.000,1.8,3.1,0.6,209,21,1.9,3.4,0.6,211,21,1.8,3.1,0.6,209,21,81,28.89,,0,0,0,65.5,65.6,65.9,0.21,0.26,0.28
TYRO,2017-08-21 11:30:00 EDT,42.40611,-77.05390,1204,68.9,69.0,68.9,82.9,63.5,0.000,0.000,0.00,0.000,2.5,3.3,0.4,211,16,2.5,3.6,0.5,212,15,2.5,3.3,0.4,211,16,56,28.88,,0,0,0,65.5,65.6,65.9,0.21,0.26,0.28
TYRO,2017-08-21 11:35:00 EDT,42.40611,-77.05390,1204,68.7,68.8,68.7,85.8,64.2,0.003,0.003,0.00,0.003,1.7,2.6,0.5,192,14,1.9,2.8,0.5,195,16,1.7,2.6,0.5,192,14,74,28.88,,0,0,0,65.5,65.6,65.9,0.21,0.26,0.28
TYRO,2017-08-21 11:40:00 EDT,42.40611,-77.05390,1204,68.6,68.7,68.6,86.6,64.5,0.003,0.006,0.00,0.006,1.0,2.4,0.7,291,35,1.1,2.5,0.7,293,32,1.0,2.4,0.7,291,35,53,28.88,,0,0,0,65.7,65.6,65.9,0.21,0.26,0.28
TYRO,2017-08-21 11:45:00 EDT,42.40611,-77.05390,1204,68.2,68.2,68.2,87.2,64.2,0.002,0.008,0.00,0.008,1.1,2.8,0.9,285,40,1.4,3.1,0.8,286,59,1.1,2.8,0.9,285,40,49,28.88,,0,0,0,65.8,65.7,65.9,0.21,0.27,0.28
TYRO,2017-08-21 11:50:00 EDT,42.40611,-77.05390,1204,67.8,67.9,67.8,90.8,65.0,0.000,0.008,0.00,0.008,2.9,3.9,0.5,131,18,2.8,4.6,0.6,133,19,2.9,3.9,0.5,131,18,70,28.88,,0,0,0,65.8,65.6,65.9,0.22,0.26,0.28
TYRO,2017-08-21 11:55:00 EDT,42.40611,-77.05390,1204,67.9,67.9,67.9,90.1,64.9,0.000,0.008,0.00,0.008,1.6,3.9,0.9,163,28,2.0,5.5,1.2,166,30,1.6,3.9,0.9,163,28,93,28.88,,0,0,0,65.8,65.6,65.9,0.21,0.27,0.28
TYRO,2017-08-21 12:00:00 EDT,42.40611,-77.05390,1204,68.6,68.3,68.6,90.5,65.7,0.000,0.008,0.00,0.008,2.6,4.6,1.3,350,12,3.3,5.8,1.4,353,12,2.6,4.6,1.3,350,12,365,28.88,,0,0,0,65.8,65.7,65.9,0.21,0.26,0.28
TYRO,2017-08-21 12:05:00 EDT,42.40611,-77.05390,1204,70.0,69.2,70.0,88.2,66.3,0.000,0.008,0.00,0.008,1.9,3.7,1.2,344,22,2.1,4.7,1.3,345,26,1.9,3.7,1.2,344,22,722,28.88,,0,0,0,65.8,65.7,65.9,0.21,0.26,0.28
TYRO,2017-08-21 12:10:00 EDT,42.40611,-77.05390,1204,70.9,70.1,70.9,83.0,65.5,0.000,0.008,0.00,0.008,2.0,3.6,1.0,220,21,2.1,4.1,1.0,221,21,2.0,3.6,1.0,220,21,627,28.88,,0,0,0,65.8,65.6,65.9,0.21,0.26,0.28
TYRO,2017-08-21 12:15:00 EDT,42.40611,-77.05390,1204,71.9,70.8,71.9,82.8,66.4,0.000,0.008,0.00,0.008,2.6,5.0,1.2,203,23,2.9,5.7,1.1,204,27,2.6,5.0,1.2,203,23,802,28.88,,0,0,0,65.8,65.7,65.9,0.21,0.26,0.28
TYRO,2017-08-21 12:20:00 EDT,42.40611,-77.05390,1204,72.7,71.5,72.7,79.1,65.8,0.000,0.008,0.00,0.008,4.0,5.8,0.7,232,12,3.9,6.2,0.9,234,12,4.0,5.8,0.7,232,12,806,28.88,,0,0,0,65.8,65.7,65.9,0.22,0.26,0.28
TYRO,2017-08-21 12:25:00 EDT,42.40611,-77.05390,1204,73.0,71.9,73.0,76.8,65.3,0.000,0.008,0.00,0.008,3.4,5.3,0.8,279,26,3.7,6.0,0.9,281,25,3.4,5.3,0.8,279,26,823,28.87,,0,0,0,65.8,65.6,65.9,0.21,0.26,0.28
TYRO,2017-08-21 12:30:00 EDT,42.40611,-77.05390,1204,73.9,72.5,73.9,77.3,66.3,0.000,0.008,0.00,0.008,2.7,4.4,1.0,292,22,3.1,5.0,1.1,293,20,2.7,4.4,1.0,292,22,812,28.87,,0,0,0,65.8,65.6,65.9,0.22,0.26,0.28
TYRO,2017-08-21 12:35:00 EDT,42.40611,-77.05390,1204,73.4,72.7,73.4,73.2,64.3,0.000,0.008,0.00,0.005,1.0,2.9,0.8,267,37,1.3,3.1,0.9,283,38,1.0,2.9,0.8,267,37,805,28.87,,0,0,0,65.9,65.6,65.9,0.21,0.26,0.28
TYRO,2017-08-21 12:40:00 EDT,42.40611,-77.05390,1204,74.2,73.3,74.2,73.4,65.1,0.000,0.008,0.00,0.002,3.2,6.2,1.5,262,23,3.5,6.9,1.5,265,24,3.2,6.2,1.5,262,23,817,28.87,,0,0,0,66.0,65.6,65.9,0.22,0.27,0.28
TYRO,2017-08-21 12:45:00 EDT,42.40611,-77.05390,1204,74.7,73.7,74.7,72.8,65.4,0.000,0.008,0.00,0.000,2.9,5.3,1.2,267,39,3.1,5.6,1.1,271,38,2.9,5.3,1.2,267,39,818,28.87,,0,0,0,66.0,65.6,65.9,0.22,0.27,0.28
TYRO,2017-08-21 12:50:00 EDT,42.40611,-77.05390,1204,75.3,74.3,75.3,72.6,65.9,0.000,0.008,0.00,0.000,2.8,4.2,0.7,314,29,3.0,5.4,0.9,318,28,2.8,4.2,0.7,314,29,825,28.87,,0,0,0,66.1,65.6,65.9,0.22,0.26,0.28
TYRO,2017-08-21 12:55:00 EDT,42.40611,-77.05390,1204,75.9,75.0,75.9,71.3,66.0,0.000,0.008,0.00,0.000,2.4,4.3,0.6,278,21,2.9,5.1,0.7,279,20,2.4,4.3,0.6,278,21,829,28.87,,0,0,0,66.4,65.6,65.9,0.22,0.26,0.28
TYRO,2017-08-21 13:00:00 EDT,42.40611,-77.05390,1204,76.6,75.7,76.6,69.2,65.7,0.000,0.008,0.00,0.000,3.7,8.0,1.8,217,24,3.9,8.6,1.9,219,26,3.7,8.0,1.8,217,24,828,28.86,,0,0,0,66.4,65.6,65.9,0.21,0.26,0.28
TYRO,2017-08-21 13:05:00 EDT,42.40611,-77.05390,1204,76.8,75.9,76.8,68.4,65.6,0.000,0.008,0.00,0.000,3.0,5.6,1.2,212,30,3.1,5.9,1.4,214,31,3.0,5.6,1.2,212,30,824,28.86,,0,0,0,66.4,65.6,65.9,0.21,0.26,0.28
TYRO,2017-08-21 13:10:00 EDT,42.40611,-77.05390,1204,77.2,76.1,77.2,67.5,65.6,0.000,0.008,0.00,0.000,2.3,5.1,1.1,230,23,2.5,5.9,1.1,236,24,2.3,5.1,1.1,230,23,823,28.86,,0,0,0,66.6,65.6,65.9,0.21,0.26,0.28
TYRO,2017-08-21 13:15:00 EDT,42.40611,-77.05390,1204,77.5,76.7,77.5,66.1,65.3,0.000,0.008,0.00,0.000,1.6,3.4,1.0,258,28,2.0,4.1,1.0,261,32,1.6,3.4,1.0,258,28,816,28.86,,0,0,0,66.7,65.5,65.9,0.21,0.26,0.28
TYRO,2017-08-21 13:20:00 EDT,42.40611,-77.05390,1204,78.9,77.7,78.9,67.0,67.0,0.000,0.008,0.00,0.000,1.6,7.2,1.8,230,28,2.0,7.6,1.8,233,38,1.6,7.2,1.8,230,28,811,28.85,,0,0,0,66.8,65.6,65.9,0.21,0.26,0.28
TYRO,2017-08-21 13:25:00 EDT,42.40611,-77.05390,1204,79.3,78.1,79.3,65.8,66.9,0.000,0.008,0.00,0.000,3.6,5.8,0.9,195,24,3.9,6.5,0.8,196,24,3.6,5.8,0.9,195,24,795,28.85,,0,0,0,67.1,65.6,65.9,0.22,0.26,0.28
TYRO,2017-08-21 13:30:00 EDT,42.40611,-77.05390,1204,79.4,78.3,79.4,65.1,66.7,0.000,0.008,0.00,0.000,3.2,7.1,1.4,222,25,3.4,7.8,1.4,226,27,3.2,7.1,1.4,222,25,771,28.85,,0,0,0,67.1,65.6,65.9,0.22,0.26,0.28
TYRO,2017-08-21 13:35:00 EDT,42.40611,-77.05390,1204,79.7,78.7,79.7,65.4,67.0,0.000,0.008,0.00,0.000,3.6,6.0,0.9,210,23,3.8,6.7,1.0,210,23,3.6,6.0,0.9,210,23,738,28.85,,0,0,0,67.1,65.6,65.9,0.21,0.26,0.28
TYRO,2017-08-21 13:40:00 EDT,42.40611,-77.05390,1204,80.2,79.4,82.8,65.2,67.5,0.000,0.008,0.00,0.000,4.6,7.7,1.6,190,17,4.9,8.3,1.6,192,16,4.6,7.7,1.6,190,17,700,28.85,,0,0,0,67.4,65.6,65.9,0.21,0.26,0.28
TYRO,2017-08-21 13:45:00 EDT,42.40611,-77.05390,1204,80.0,79.3,82.2,63.3,66.4,0.000,0.008,0.00,0.000,2.7,5.7,1.5,188,28,3.2,7.0,1.7,187,29,2.7,5.7,1.5,188,28,656,28.85,,0,0,0,67.5,65.6,65.9,0.21,0.26,0.28
TYRO,2017-08-21 13:50:00 EDT,42.40611,-77.05390,1204,80.0,79.4,82.3,64.4,66.9,0.000,0.008,0.00,0.000,6.6,10.7,2.5,213,11,6.7,10.9,2.5,214,10,6.6,10.7,2.5,213,11,610,28.85,,0,0,0,67.7,65.6,65.9,0.21,0.26,0.28
TYRO,2017-08-21 13:55:00 EDT,42.40611,-77.05390,1204,79.8,79.3,79.8,64.9,66.9,0.000,0.008,0.00,0.000,6.2,9.0,1.1,248,19,6.5,9.3,1.1,250,18,6.2,9.0,1.1,248,19,561,28.85,,0,0,0,67.8,65.6,65.9,0.21,0.26,0.28
TYRO,2017-08-21 14:00:00 EDT,42.40611,-77.05390,1204,79.9,79.4,79.9,65.6,67.3,0.000,0.008,0.00,0.000,6.3,9.2,1.0,220,12,6.4,9.3,1.0,220,12,6.3,9.2,1.0,220,12,511,28.84,,0,0,0,67.8,65.6,65.9,0.21,0.26,0.28
TYRO,2017-08-21 14:05:00 EDT,42.40611,-77.05390,1204,80.0,79.7,80.0,66.7,67.9,0.000,0.008,0.00,0.000,6.6,9.7,1.7,213,22,7.1,10.3,1.7,213,21,6.6,9.7,1.7,213,22,462,28.84,,0,0,0,68.0,65.6,65.9,0.21,0.26,0.28
TYRO,2017-08-21 14:10:00 EDT,42.40611,-77.05390,1204,79.9,79.8,79.9,65.6,67.4,0.000,0.008,0.00,0.000,6.8,11.3,1.7,206,13,7.1,12.1,1.8,207,11,6.8,11.3,1.7,206,13,418,28.84,,0,0,0,68.2,65.6,65.9,0.21,0.26,0.28
TYRO,2017-08-21 14:15:00 EDT,42.40611,-77.05390,1204,79.7,79.7,79.7,65.9,67.3,0.000,0.008,0.00,0.000,7.8,10.8,1.5,210,15,8.2,12.0,1.5,211,13,7.8,10.8,1.5,210,15,359,28.84,,0,0,0,68.3,65.6,65.8,0.21,0.26,0.28
TYRO,2017-08-21 14:20:00 EDT,42.40611,-77.05390,1204,79.0,79.4,79.0,67.6,67.4,0.000,0.008,0.00,0.000,6.5,8.9,1.1,223,11,6.8,9.7,1.2,224,10,6.5,8.9,1.1,223,11,226,28.84,,0,0,0,68.5,65.6,65.9,0.21,0.26,0.28
TYRO,2017-08-21 14:25:00 EDT,42.40611,-77.05390,1204,78.8,79.2,78.8,67.7,67.2,0.000,0.008,0.00,0.000,5.9,8.8,1.3,229,11,6.0,9.6,1.5,230,11,5.9,8.8,1.3,229,11,250,28.84,,0,0,0,68.5,65.6,65.9,0.21,0.26,0.28
TYRO,2017-08-21 14:30:00 EDT,42.40611,-77.05390,1204,78.6,79.1,78.6,69.0,67.6,0.000,0.008,0.00,0.000,4.9,7.5,0.8,225,13,5.1,7.3,0.8,226,12,4.9,7.5,0.8,225,13,180,28.84,,0,0,0,68.5,65.6,65.8,0.21,0.26,0.28
TYRO,2017-08-21 14:35:00 EDT,42.40611,-77.05390,1204,78.7,79.0,78.7,71.3,68.6,0.000,0.008,0.00,0.000,3.5,5.0,0.7,215,12,3.5,5.1,0.8,216,11,3.5,5.0,0.7,215,12,218,28.84,,0,0,0,68.5,65.6,65.8,0.21,0.26,0.28
TYRO,2017-08-21 14:40:00 EDT,42.40611,-77.05390,1204,78.3,79.0,78.3,70.7,68.0,0.000,0.008,0.00,0.000,3.5,5.3,0.5,234,11,3.6,5.2,0.6,235,11,3.5,5.3,0.5,234,11,95,28.84,,0,0,0,68.6,65.6,65.8,0.21,0.26,0.28
TYRO,2017-08-21 14:45:00 EDT,42.40611,-77.05390,1204,78.3,79.0,78.3,70.5,67.9,0.000,0.008,0.00,0.000,2.5,4.0,0.5,238,9,2.4,3.4,0.4,239,10,2.5,4.0,0.5,238,9,173,28.84,,0,0,0,68.8,65.6,65.9,0.21,0.26,0.28
TYRO,2017-08-21 14:50:00 EDT,42.40611,-77.05390,1204,78.4,78.7,78.4,72.7,68.9,0.000,0.008,0.00,0.000,1.8,2.6,0.3,237,10,1.8,2.6,0.3,238,11,1.8,2.6,0.3,237,10,204,28.83,,0,0,0,68.9,65.6,65.9,0.21,0.26,0.28
TYRO,2017-08-21 14:55:00 EDT,42.40611,-77.05390,1204,78.8,78.7,78.8,74.7,70.1,0.000,0.008,0.00,0.000,1.7,2.9,0.5,225,14,1.8,3.0,0.5,226,14,1.7,2.9,0.5,225,14,263,28.83,,0,0,0,68.9,65.6,65.8,0.21,0.26,0.28
TYRO,2017-08-21 15:00:00 EDT,42.40611,-77.05390,1204,79.2,79.0,79.2,70.9,68.9,0.000,0.008,0.00,0.000,1.9,3.3,0.6,223,14,1.9,3.0,0.5,223,14,1.9,3.3,0.6,223,14,297,28.83,,0,0,0,68.9,65.7,65.8,0.21,0.26,0.28
TYRO,2017-08-21 15:05:00 EDT,42.40611,-77.05390,1204,79.5,79.2,79.5,68.9,68.3,0.000,0.008,0.00,0.000,1.8,2.8,0.6,216,10,1.7,3.0,0.4,218,13,1.8,2.8,0.6,216,10,347,28.83,,0,0,0,68.9,65.6,65.8,0.21,0.26,0.28
TYRO,2017-08-21 15:10:00 EDT,42.40611,-77.05390,1204,79.8,79.4,79.8,70.1,69.1,0.000,0.008,0.00,0.000,2.0,2.9,0.4,206,13,2.1,3.2,0.5,208,12,2.0,2.9,0.4,206,13,264,28.83,,0,0,0,68.9,65.7,65.8,0.21,0.26,0.28
TYRO,2017-08-21 15:15:00 EDT,42.40611,-77.05390,1204,79.6,79.4,79.6,70.2,69.1,0.000,0.008,0.00,0.000,1.6,4.0,0.9,193,16,1.9,4.4,0.9,195,16,1.6,4.0,0.9,193,16,254,28.83,,0,0,0,68.9,65.6,65.8,0.21,0.26,0.28
TYRO,2017-08-21 15:20:00 EDT,42.40611,-77.05390,1204,80.5,79.9,83.7,69.1,69.5,0.000,0.008,0.00,0.000,1.4,2.8,0.6,184,29,1.8,3.4,0.7,187,28,1.4,2.8,0.6,184,29,509,28.83,,0,0,0,69.1,65.6,65.8,0.21,0.26,0.28
TYRO,2017-08-21 15:25:00 EDT,42.40611,-77.05390,1204,80.7,80.1,83.7,67.0,68.7,0.000,0.008,0.00,0.000,2.5,5.3,1.1,221,28,2.8,6.6,1.2,223,28,2.5,5.3,1.1,221,28,498,28.82,,0,0,0,69.2,65.7,65.8,0.21,0.26,0.28
TYRO,2017-08-21 15:30:00 EDT,42.40611,-77.05390,1204,80.7,80.2,83.5,65.7,68.2,0.000,0.008,0.00,0.000,1.3,3.7,0.8,256,32,1.7,4.2,0.8,256,32,1.3,3.7,0.8,256,32,543,28.82,,0,0,0,69.3,65.6,65.8,0.21,0.26,0.28
TYRO,2017-08-21 15:35:00 EDT,42.40611,-77.05390,1204,81.0,80.6,83.9,64.9,68.1,0.000,0.008,0.00,0.000,5.2,7.5,1.2,213,13,5.4,7.9,1.2,215,11,5.2,7.5,1.2,213,13,587,28.82,,0,0,0,69.3,65.7,65.8,0.21,0.26,0.28
TYRO,2017-08-21 15:40:00 EDT,42.40611,-77.05390,1204,81.2,80.6,84.2,65.2,68.4,0.000,0.008,0.00,0.000,4.3,6.4,1.0,202,16,4.4,7.3,1.2,202,16,4.3,6.4,1.0,202,16,606,28.83,,0,0,0,69.3,65.7,65.9,0.21,0.26,0.28
TYRO,2017-08-21 15:45:00 EDT,42.40611,-77.05390,1204,81.6,80.9,84.6,64.4,68.4,0.000,0.008,0.00,0.000,5.1,7.1,1.2,189,18,5.4,8.6,1.3,191,17,5.1,7.1,1.2,189,18,625,28.82,,0,0,0,69.3,65.7,65.8,0.21,0.26,0.28
TYRO,2017-08-21 15:50:00 EDT,42.40611,-77.05390,1204,82.4,81.4,86.0,64.6,69.3,0.000,0.008,0.00,0.000,2.4,4.1,0.8,198,43,2.8,8.4,1.3,201,41,2.4,4.1,0.8,198,43,635,28.82,,0,0,0,69.3,65.7,65.8,0.21,0.26,0.28
TYRO,2017-08-21 15:55:00 EDT,42.40611,-77.05390,1204,82.2,81.4,85.4,63.2,68.5,0.000,0.008,0.00,0.000,3.5,6.4,1.5,189,30,3.8,11.5,1.8,192,29,3.5,6.4,1.5,189,30,640,28.82,,0,0,0,69.3,65.7,65.8,0.21,0.26,0.28
TYRO,2017-08-21 16:00:00 EDT,42.40611,-77.05390,1204,82.0,81.3,85.1,63.6,68.4,0.000,0.008,0.00,0.000,4.9,7.7,1.5,215,18,5.1,7.9,1.6,216,17,4.9,7.7,1.5,215,18,631,28.82,,0,0,0,69.3,65.7,65.7,0.21,0.26,0.28
TYRO,2017-08-21 16:05:00 EDT,42.40611,-77.05390,1204,82.0,81.4,84.8,62.1,67.7,0.000,0.008,0.00,0.000,5.0,8.3,1.4,220,13,5.1,8.2,1.3,221,12,5.0,8.3,1.4,220,13,623,28.82,,0,0,0,69.5,65.7,65.8,0.21,0.26,0.28
TYRO,2017-08-21 16:10:00 EDT,42.40611,-77.05390,1204,82.0,81.4,84.7,61.7,67.5,0.000,0.008,0.00,0.000,5.7,8.0,1.4,232,21,6.0,8.9,1.5,233,21,5.7,8.0,1.4,232,21,617,28.82,,0,0,0,69.6,65.7,65.7,0.21,0.26,0.28
TYRO,2017-08-21 16:15:00 EDT,42.40611,-77.05390,1204,82.1,81.5,84.7,60.5,67.1,0.000,0.008,0.00,0.000,4.2,7.4,1.4,216,19,4.4,8.9,1.6,219,20,4.2,7.4,1.4,216,19,619,28.82,,0,0,0,69.6,65.7,65.8,0.21,0.26,0.28
TYRO,2017-08-21 16:20:00 EDT,42.40611,-77.05390,1204,82.4,81.8,84.9,59.8,67.0,0.000,0.008,0.00,0.000,2.4,6.1,1.2,252,33,2.7,6.3,1.2,255,35,2.4,6.1,1.2,252,33,627,28.82,,0,0,0,69.6,65.7,65.8,0.21,0.26,0.28
TYRO,2017-08-21 16:25:00 EDT,42.40611,-77.05390,1204,82.2,81.8,85.2,62.1,68.0,0.000,0.008,0.00,0.000,5.6,9.2,1.7,221,12,6.0,9.6,1.8,222,12,5.6,9.2,1.7,221,12,372,28.82,,0,0,0,69.6,65.7,65.8,0.21,0.26,0.28
TYRO,2017-08-21 16:30:00 EDT,42.40611,-77.05390,1204,80.7,81.2,83.3,64.0,67.4,0.000,0.008,0.00,0.000,4.8,8.8,1.4,222,12,5.0,9.2,1.3,223,13,4.8,8.8,1.4,222,12,359,28.82,,0,0,0,69.8,65.7,65.8,0.21,0.26,0.28
TYRO,2017-08-21 16:35:00 EDT,42.40611,-77.05390,1204,82.0,81.6,84.7,61.5,67.5,0.000,0.008,0.00,0.000,4.8,7.6,1.2,233,11,5.0,8.5,1.2,235,11,4.8,7.6,1.2,233,11,562,28.81,,0,0,0,70.0,65.7,65.8,0.21,0.26,0.28
TYRO,2017-08-21 16:40:00 EDT,42.40611,-77.05390,1204,82.3,81.8,85.3,62.3,68.1,0.000,0.008,0.00,0.000,4.6,8.1,1.3,225,14,4.7,8.7,1.4,226,13,4.6,8.1,1.3,225,14,544,28.81,,0,0,0,70.0,65.7,65.7,0.21,0.26,0.28
TYRO,2017-08-21 16:45:00 EDT,42.40611,-77.05390,1204,82.5,82.0,85.9,63.2,68.8,0.000,0.008,0.00,0.000,5.4,8.7,1.3,229,15,5.9,9.9,1.4,232,17,5.4,8.7,1.3,229,15,536,28.81,,0,0,0,70.0,65.7,65.7,0.21,0.26,0.28
TYRO,2017-08-21 16:50:00 EDT,42.40611,-77.05390,1204,82.4,82.0,85.4,61.6,67.9,0.000,0.008,0.00,0.000,4.8,8.0,1.2,237,15,5.2,9.0,1.2,240,15,4.8,8.0,1.2,237,15,531,28.81,,0,0,0,70.0,65.7,65.7,0.21,0.26,0.28
TYRO,2017-08-21 16:55:00 EDT,42.40611,-77.05390,1204,82.6,82.2,85.1,59.2,66.9,0.000,0.008,0.00,0.000,5.3,7.5,1.2,220,15,5.6,8.5,1.3,220,14,5.3,7.5,1.2,220,15,517,28.81,,0,0,0,70.0,65.8,65.8,0.21,0.26,0.28
TYRO,2017-08-21 17:00:00 EDT,42.40611,-77.05390,1204,82.5,82.2,85.2,60.0,67.2,0.000,0.008,0.00,0.000,5.2,8.0,1.1,227,16,5.6,8.4,1.1,228,16,5.2,8.0,1.1,227,16,450,28.81,,0,0,0,70.0,65.8,65.7,0.21,0.26,0.28
TYRO,2017-08-21 17:05:00 EDT,42.40611,-77.05390,1204,81.9,82.0,84.4,60.1,66.8,0.000,0.008,0.00,0.000,5.5,8.9,1.6,235,13,5.8,9.6,1.7,238,12,5.5,8.9,1.6,235,13,387,28.81,,0,0,0,70.0,65.8,65.8,0.21,0.26,0.28
TYRO,2017-08-21 17:10:00 EDT,42.40611,-77.05390,1204,82.4,82.2,85.0,59.7,67.0,0.000,0.008,0.00,0.000,3.4,5.1,0.9,211,10,3.6,5.3,1.0,213,10,3.4,5.1,0.9,211,10,475,28.81,,0,0,0,70.1,65.8,65.7,0.21,0.26,0.28
TYRO,2017-08-21 17:15:00 EDT,42.40611,-77.05390,1204,82.3,82.0,84.9,60.0,67.1,0.000,0.008,0.00,0.000,4.3,6.4,0.8,213,10,4.5,7.4,1.0,215,10,4.3,6.4,0.8,213,10,316,28.81,,0,0,0,70.3,65.9,65.7,0.21,0.26,0.28
TYRO,2017-08-21 17:20:00 EDT,42.40611,-77.05390,1204,81.5,81.7,83.9,61.2,66.8,0.000,0.008,0.00,0.000,4.5,6.9,1.1,201,12,4.8,7.2,1.1,203,11,4.5,6.9,1.1,201,12,183,28.80,,0,0,0,70.3,65.9,65.7,0.21,0.26,0.28
TYRO,2017-08-21 17:25:00 EDT,42.40611,-77.05390,1204,81.9,81.9,84.7,62.5,67.8,0.000,0.008,0.00,0.000,5.1,6.4,0.7,236,12,5.4,7.1,0.7,238,12,5.1,6.4,0.7,236,12,471,28.81,,0,0,0,70.3,65.9,65.8,0.21,0.26,0.28
TYRO,2017-08-21 17:30:00 EDT,42.40611,-77.05390,1204,82.1,81.9,85.3,63.6,68.5,0.000,0.008,0.00,0.000,4.2,6.7,1.0,224,17,4.7,7.1,1.0,228,16,4.2,6.7,1.0,224,17,377,28.80,,0,0,0,70.3,65.9,65.7,0.21,0.26,0.28
TYRO,2017-08-21 17:35:00 EDT,42.40611,-77.05390,1204,82.2,81.9,85.5,63.7,68.7,0.000,0.008,0.00,0.000,4.0,5.6,0.7,219,19,4.4,6.3,0.7,221,18,4.0,5.6,0.7,219,19,403,28.80,,0,0,0,70.3,65.9,65.7,0.21,0.26,0.28
TYRO,2017-08-21 17:40:00 EDT,42.40611,-77.05390,1204,82.3,82.0,85.2,62.0,67.9,0.000,0.008,0.00,0.000,3.7,4.7,0.5,219,17,3.9,5.7,0.7,220,16,3.7,4.7,0.5,219,17,321,28.80,,0,0,0,70.3,65.9,65.7,0.21,0.26,0.28
TYRO,2017-08-21 17:45:00 EDT,42.40611,-77.05390,1204,82.0,81.9,84.8,62.3,67.8,0.000,0.008,0.00,0.000,2.3,4.3,0.7,217,10,2.4,4.2,0.7,220,10,2.3,4.3,0.7,217,10,325,28.80,,0,0,0,70.3,65.9,65.7,0.21,0.26,0.28
TYRO,2017-08-21 17:50:00 EDT,42.40611,-77.05390,1204,82.0,82.0,84.7,61.4,67.4,0.000,0.008,0.00,0.000,2.8,4.5,0.7,210,21,3.0,5.5,0.8,213,21,2.8,4.5,0.7,210,21,278,28.80,,0,0,0,70.3,65.9,65.7,0.21,0.26,0.28
TYRO,2017-08-21 17:55:00 EDT,42.40611,-77.05390,1204,82.5,82.2,85.6,62.6,68.4,0.000,0.008,0.00,0.000,3.3,5.6,0.9,200,17,3.7,6.1,1.0,203,17,3.3,5.6,0.9,200,17,363,28.80,,0,0,0,70.3,66.0,65.7,0.21,0.26,0.28
TYRO,2017-08-21 18:00:00 EDT,42.40611,-77.05390,1204,82.3,82.2,85.1,60.9,67.5,0.000,0.008,0.00,0.000,3.9,5.2,0.5,198,9,4.2,5.6,0.6,199,9,3.9,5.2,0.5,198,9,325,28.80,,0,0,0,70.3,66.0,65.7,0.21,0.26,0.28
TYRO,2017-08-21 18:05:00 EDT,42.40611,-77.05390,1204,82.4,82.2,85.1,60.5,67.3,0.000,0.008,0.00,0.000,2.9,3.9,0.5,193,12,3.2,4.6,0.7,195,11,2.9,3.9,0.5,193,12,296,28.81,,0,0,0,70.4,65.9,65.7,0.21,0.26,0.28
TYRO,2017-08-21 18:10:00 EDT,42.40611,-77.05390,1204,82.3,82.2,85.3,61.8,67.9,0.000,0.008,0.00,0.000,3.1,6.3,1.2,185,21,3.7,7.7,1.4,187,21,3.1,6.3,1.2,185,21,274,28.80,,0,0,0,70.4,65.9,65.7,0.21,0.26,0.28
TYRO,2017-08-21 18:15:00 EDT,42.40611,-77.05390,1204,82.0,82.0,84.6,60.7,67.1,0.000,0.008,0.00,0.000,2.4,3.7,0.5,224,15,2.4,3.9,0.5,226,14,2.4,3.7,0.5,224,15,256,28.80,,0,0,0,70.4,65.9,65.6,0.21,0.26,0.28
TYRO,2017-08-21 18:20:00 EDT,42.40611,-77.05390,1204,81.7,81.8,84.5,62.5,67.7,0.000,0.008,0.00,0.000,3.2,4.5,0.6,202,13,3.6,5.3,0.7,206,11,3.2,4.5,0.6,202,13,241,28.80,,0,0,0,70.5,66.0,65.7,0.21,0.26,0.28
TYRO,2017-08-21 18:25:00 EDT,42.40611,-77.05390,1204,81.7,81.8,84.4,62.3,67.6,0.000,0.008,0.00,0.000,2.9,4.0,0.5,193,12,3.2,5.1,0.6,196,12,2.9,4.0,0.5,193,12,224,28.80,,0,0,0,70.6,66.0,65.6,0.21,0.26,0.28
TYRO,2017-08-21 18:30:00 EDT,42.40611,-77.05390,1204,81.8,81.9,84.8,63.2,68.1,0.000,0.008,0.00,0.000,1.3,2.6,0.8,176,26,1.7,3.4,0.8,176,31,1.3,2.6,0.8,176,26,211,28.80,,0,0,0,70.7,66.0,65.7,0.21,0.26,0.28
TYRO,2017-08-21 18:35:00 EDT,42.40611,-77.05390,1204,81.9,81.8,84.9,63.1,68.2,0.000,0.008,0.00,0.000,1.2,2.0,0.4,187,34,1.5,2.7,0.4,182,30,1.2,2.0,0.4,187,34,198,28.80,,0,0,0,70.7,66.0,65.7,0.21,0.26,0.28
TYRO,2017-08-21 18:40:00 EDT,42.40611,-77.05390,1204,81.7,81.8,84.5,62.6,67.7,0.000,0.008,0.00,0.000,0.3,1.1,0.3,208,13,0.8,1.6,0.4,194,24,0.3,1.1,0.3,208,13,182,28.80,,0,0,0,70.7,66.0,65.7,0.21,0.26,0.27
TYRO,2017-08-21 18:45:00 EDT,42.40611,-77.05390,1204,81.4,81.5,84.4,64.8,68.4,0.000,0.008,0.00,0.000,0.9,1.8,0.6,187,9,1.4,2.3,0.5,185,15,0.9,1.8,0.6,187,9,165,28.80,,0,0,0,70.7,66.1,65.7,0.21,0.26,0.28
TYRO,2017-08-21 18:50:00 EDT,42.40611,-77.05390,1204,81.4,81.4,84.4,64.7,68.4,0.000,0.008,0.00,0.000,0.8,1.7,0.5,198,14,1.2,2.4,0.5,196,16,0.8,1.7,0.5,198,14,153,28.80,,0,0,0,70.7,66.0,65.7,0.21,0.26,0.28
TYRO,2017-08-21 18:55:00 EDT,42.40611,-77.05390,1204,81.2,81.1,84.4,66.1,68.8,0.000,0.008,0.00,0.000,0.1,0.9,0.2,196,4,0.4,1.1,0.5,193,14,0.1,0.9,0.2,196,4,139,28.80,,0,0,0,70.7,66.1,65.7,0.21,0.26,0.28
TYRO,2017-08-21 19:00:00 EDT,42.40611,-77.05390,1204,80.2,80.5,83.1,68.1,68.8,0.000,0.008,0.00,0.000,0.1,1.2,0.3,250,8,0.6,2.1,0.5,242,17,0.1,1.2,0.3,250,8,127,28.80,,0,0,0,70.7,66.1,65.6,0.21,0.26,0.28
TYRO,2017-08-21 19:05:00 EDT,42.40611,-77.05390,1204,79.4,79.8,79.4,72.5,69.8,0.000,0.008,0.00,0.000,0.0,0.0,0.0,0,0,0.2,1.2,0.4,256,34,0.0,0.0,0.0,0,0,113,28.80,,0,0,0,70.7,66.1,65.7,0.21,0.26,0.28
TYRO,2017-08-21 19:10:00 EDT,42.40611,-77.05390,1204,79.9,79.1,79.9,74.2,71.0,0.000,0.008,0.00,0.000,0.2,0.7,0.3,284,36,0.8,1.6,0.4,95,16,0.2,0.7,0.3,284,36,102,28.80,,0,0,0,70.6,66.1,65.7,0.21,0.26,0.28
TYRO,2017-08-21 19:15:00 EDT,42.40611,-77.05390,1204,78.8,78.3,78.8,76.6,70.9,0.000,0.008,0.00,0.000,0.6,1.1,0.4,81,11,0.9,1.5,0.5,81,12,0.6,1.1,0.4,81,11,88,28.80,,0,0,0,70.6,66.1,65.7,0.21,0.26,0.28
TYRO,2017-08-21 19:20:00 EDT,42.40611,-77.05390,1204,77.7,78.2,77.7,77.4,70.1,0.000,0.008,0.00,0.000,2.8,8.0,2.3,183,32,3.4,8.9,2.5,183,31,2.8,8.0,2.3,183,32,74,28.80,,0,0,0,70.5,66.1,65.7,0.21,0.26,0.28
TYRO,2017-08-21 19:25:00 EDT,42.40611,-77.05390,1204,77.6,78.2,77.6,75.2,69.1,0.000,0.008,0.00,0.000,2.6,7.7,2.8,191,26,2.9,8.3,2.8,194,31,2.6,7.7,2.8,191,26,60,28.80,,0,0,0,70.4,66.2,65.7,0.21,0.26,0.28
TYRO,2017-08-21 19:30:00 EDT,42.40611,-77.05390,1204,77.4,77.9,77.4,75.2,68.9,0.000,0.008,0.00,0.000,1.7,5.7,1.4,177,25,2.0,6.6,1.4,181,33,1.7,5.7,1.4,177,25,47,28.80,,0,0,0,70.4,66.2,65.6,0.21,0.26,0.28
TYRO,2017-08-21 19:35:00 EDT,42.40611,-77.05390,1204,76.9,77.4,76.9,75.7,68.6,0.000,0.008,0.00,0.000,0.7,1.8,0.5,241,21,1.1,2.4,0.6,232,28,0.7,1.8,0.5,241,21,37,28.80,,0,0,0,70.4,66.2,65.7,0.21,0.26,0.28
TYRO,2017-08-21 19:40:00 EDT,42.40611,-77.05390,1204,75.3,76.8,75.3,79.9,68.6,0.000,0.008,0.00,0.000,0.5,1.6,0.5,26,33,0.9,1.9,0.6,3,53,0.5,1.6,0.5,26,33,28,28.80,,0,0,0,70.3,66.3,65.7,0.21,0.26,0.28
TYRO,2017-08-21 19:45:00 EDT,42.40611,-77.05390,1204,74.6,76.6,74.6,82.9,69.0,0.000,0.008,0.00,0.000,1.2,1.5,0.2,7,16,1.6,2.6,0.3,5,15,1.2,1.5,0.2,7,16,18,28.80,,0,0,0,70.3,66.3,65.7,0.21,0.26,0.28
TYRO,2017-08-21 19:50:00 EDT,42.40611,-77.05390,1204,74.0,76.3,74.0,84.6,69.1,0.000,0.008,0.00,0.000,2.4,3.3,0.6,25,14,2.5,3.3,0.5,24,15,2.4,3.3,0.6,25,14,9,28.80,,0,0,0,70.3,66.4,65.7,0.21,0.26,0.28
TYRO,2017-08-21 19:55:00 EDT,42.40611,-77.05390,1204,73.7,75.5,73.7,85.3,69.0,0.000,0.008,0.00,0.000,2.3,3.3,0.4,58,19,2.4,3.5,0.4,59,20,2.3,3.3,0.4,58,19,6,28.80,,0,0,0,70.3,66.4,65.7,0.21,0.26,0.28
TYRO,2017-08-21 20:00:00 EDT,42.40611,-77.05390,1204,73.2,74.7,73.2,87.0,69.1,0.000,0.008,0.00,0.000,1.7,2.6,0.4,81,11,2.1,3.2,0.4,80,13,1.7,2.6,0.4,81,11,4,28.80,,0,0,0,70.3,66.4,65.7,0.21,0.26,0.28
TYRO,2017-08-21 20:05:00 EDT,42.40611,-77.05390,1204,72.6,74.7,72.6,88.1,68.9,0.000,0.008,0.00,0.000,1.7,2.2,0.2,77,17,1.9,2.8,0.3,73,17,1.7,2.2,0.2,77,17,3,28.80,,0,0,0,70.3,66.4,65.6,0.21,0.26,0.27
TYRO,2017-08-21 20:10:00 EDT,42.40611,-77.05390,1204,72.2,74.7,72.2,88.9,68.8,0.000,0.008,0.00,0.000,2.1,2.8,0.4,79,10,2.5,3.5,0.6,78,12,2.1,2.8,0.4,79,10,2,28.80,,0,0,0,70.3,66.4,65.6,0.21,0.26,0.27
TYRO,2017-08-21 20:15:00 EDT,42.40611,-77.05390,1204,71.8,74.6,71.8,88.8,68.4,0.000,0.008,0.00,0.000,2.0,3.5,0.5,80,8,2.4,4.3,0.6,78,9,2.0,3.5,0.5,80,8,1,28.81,,0,0,0,70.3,66.4,65.6,0.21,0.26,0.28
TYRO,2017-08-21 20:20:00 EDT,42.40611,-77.05390,1204,71.9,74.2,71.9,89.0,68.5,0.000,0.008,0.00,0.000,2.0,2.6,0.2,98,12,2.3,3.0,0.3,99,12,2.0,2.6,0.2,98,12,1,28.81,,0,0,0,70.2,66.4,65.7,0.21,0.26,0.28
TYRO,2017-08-21 20:25:00 EDT,42.40611,-77.05390,1204,71.6,73.6,71.6,88.4,68.0,0.000,0.008,0.00,0.000,1.5,2.1,0.4,123,9,1.6,2.3,0.3,122,12,1.5,2.1,0.4,123,9,1,28.81,,0,0,0,70.0,66.4,65.6,0.21,0.26,0.28
TYRO,2017-08-21 20:30:00 EDT,42.40611,-77.05390,1204,69.4,72.4,69.4,89.3,66.1,0.000,0.008,0.00,0.000,1.4,2.2,0.4,40,20,1.7,2.6,0.4,40,22,1.4,2.2,0.4,40,20,1,28.81,,0,0,0,70.0,66.4,65.7,0.21,0.26,0.27
TYRO,2017-08-21 20:35:00 EDT,42.40611,-77.05390,1204,69.9,72.8,69.9,91.5,67.3,0.000,0.008,0.00,0.000,2.3,2.9,0.3,32,8,2.3,3.0,0.3,32,10,2.3,2.9,0.3,32,8,1,28.81,,0,0,0,70.0,66.4,65.6,0.21,0.26,0.28
TYRO,2017-08-21 20:40:00 EDT,42.40611,-77.05390,1204,69.6,73.4,69.6,92.2,67.2,0.000,0.008,0.00,0.000,2.6,2.9,0.2,30,9,2.5,3.1,0.3,28,11,2.6,2.9,0.2,30,9,1,28.81,,0,0,0,70.0,66.4,65.6,0.21,0.26,0.28
TYRO,2017-08-21 20:45:00 EDT,42.40611,-77.05390,1204,69.3,72.8,69.3,92.4,67.0,0.000,0.008,0.00,0.000,2.2,2.9,0.4,55,40,2.3,3.1,0.3,58,41,2.2,2.9,0.4,55,40,1,28.81,,0,0,0,70.0,66.4,65.7,0.21,0.26,0.28
TYRO,2017-08-21 20:50:00 EDT,42.40611,-77.05390,1204,69.7,71.2,69.7,92.6,67.5,0.000,0.008,0.00,0.000,2.0,2.8,0.4,92,20,2.3,3.7,0.6,91,21,2.0,2.8,0.4,92,20,1,28.81,,0,0,0,70.0,66.5,65.7,0.21,0.26,0.28
TYRO,2017-08-21 20:55:00 EDT,42.40611,-77.05390,1204,69.6,71.1,69.6,92.3,67.2,0.000,0.008,0.00,0.000,2.7,3.1,0.4,89,8,3.0,3.9,0.5,89,9,2.7,3.1,0.4,89,8,1,28.81,,0,0,0,69.9,66.4,65.7,0.21,0.26,0.27
TYRO,2017-08-21 21:00:00 EDT,42.40611,-77.05390,1204,69.5,70.9,69.5,92.9,67.3,0.000,0.008,0.00,0.000,2.2,3.1,0.5,71,19,2.3,3.4,0.6,71,18,2.2,3.1,0.5,71,19,1,28.81,,0,0,0,69.7,66.5,65.6,0.21,0.26,0.27
TYRO,2017-08-21 21:05:00 EDT,42.40611,-77.05390,1204,68.9,70.6,68.9,92.8,66.7,0.000,0.008,0.00,0.000,1.9,2.4,0.2,71,21,2.1,3.0,0.3,73,21,1.9,2.4,0.2,71,21,1,28.81,,0,0,0,69.6,66.5,65.7,0.21,0.26,0.28
TYRO,2017-08-21 21:10:00 EDT,42.40611,-77.05390,1204,68.5,70.6,68.5,93.4,66.5,0.000,0.008,0.00,0.000,2.7,3.3,0.3,64,9,2.8,3.5,0.3,64,10,2.7,3.3,0.3,64,9,1,28.81,,0,0,0,69.6,66.5,65.7,0.21,0.26,0.28
TYRO,2017-08-21 21:15:00 EDT,42.40611,-77.05390,1204,68.5,70.4,68.5,93.5,66.6,0.000,0.008,0.00,0.000,2.0,3.1,0.5,45,9,1.9,3.3,0.4,45,9,2.0,3.1,0.5,45,9,1,28.81,,0,0,0,69.6,66.5,65.6,0.21,0.26,0.28
TYRO,2017-08-21 21:20:00 EDT,42.40611,-77.05390,1204,68.0,70.1,68.0,93.5,66.0,0.000,0.008,0.00,0.000,2.0,3.0,0.5,44,9,1.8,2.9,0.5,45,8,2.0,3.0,0.5,44,9,1,28.81,,0,0,0,69.6,66.5,65.7,0.21,0.26,0.28
TYRO,2017-08-21 21:25:00 EDT,42.40611,-77.05390,1204,67.9,69.3,67.9,94.3,66.2,0.000,0.008,0.00,0.000,1.8,2.8,0.3,72,16,2.0,3.6,0.5,73,17,1.8,2.8,0.3,72,16,1,28.81,,0,0,0,69.5,66.6,65.7,0.21,0.26,0.27
TYRO,2017-08-21 21:30:00 EDT,42.40611,-77.05390,1204,68.2,69.9,68.2,94.4,66.5,0.000,0.008,0.00,0.000,2.5,2.9,0.2,82,9,2.7,3.4,0.3,82,10,2.5,2.9,0.2,82,9,1,28.81,,0,0,0,69.3,66.6,65.7,0.21,0.26,0.28
TYRO,2017-08-21 21:35:00 EDT,42.40611,-77.05390,1204,68.0,69.7,68.0,94.5,66.4,0.000,0.008,0.00,0.000,2.3,3.1,0.4,82,7,2.7,3.5,0.4,81,9,2.3,3.1,0.4,82,7,1,28.81,,0,0,0,69.3,66.5,65.6,0.21,0.26,0.28
TYRO,2017-08-21 21:40:00 EDT,42.40611,-77.05390,1204,67.8,69.7,67.8,94.5,66.1,0.000,0.008,0.00,0.000,2.7,3.4,0.4,86,10,3.0,3.9,0.4,86,11,2.7,3.4,0.4,86,10,1,28.81,,0,0,0,69.3,66.6,65.7,0.21,0.26,0.28
TYRO,2017-08-21 21:45:00 EDT,42.40611,-77.05390,1204,67.8,69.2,67.8,94.2,66.0,0.000,0.008,0.00,0.000,1.8,2.7,0.3,78,8,2.2,3.0,0.3,77,8,1.8,2.7,0.3,78,8,1,28.81,,0,0,0,69.3,66.6,65.7,0.21,0.26,0.27
TYRO,2017-08-21 21:50:00 EDT,42.40611,-77.05390,1204,67.2,68.9,67.2,94.0,65.4,0.000,0.008,0.00,0.000,1.7,2.6,0.3,73,13,2.0,2.6,0.3,75,15,1.7,2.6,0.3,73,13,1,28.82,,0,0,0,69.3,66.6,65.6,0.21,0.26,0.28
TYRO,2017-08-21 21:55:00 EDT,42.40611,-77.05390,1204,66.9,68.6,66.9,94.2,65.2,0.000,0.008,0.00,0.000,1.7,2.6,0.3,65,13,1.9,3.1,0.4,63,13,1.7,2.6,0.3,65,13,1,28.82,,0,0,0,69.3,66.6,65.6,0.21,0.26,0.27
TYRO,2017-08-21 22:00:00 EDT,42.40611,-77.05390,1204,66.7,68.6,66.7,94.7,65.1,0.000,0.008,0.00,0.000,1.6,2.4,0.2,65,10,1.8,2.3,0.3,66,10,1.6,2.4,0.2,65,10,1,28.82,,0,0,0,69.2,66.6,65.7,0.21,0.26,0.28
TYRO,2017-08-21 22:05:00 EDT,42.40611,-77.05390,1204,66.7,68.6,66.7,95.2,65.3,0.000,0.008,0.00,0.000,1.5,1.9,0.1,76,9,1.9,2.5,0.2,75,10,1.5,1.9,0.1,76,9,1,28.82,,0,0,0,69.0,66.6,65.7,0.21,0.26,0.28
TYRO,2017-08-21 22:10:00 EDT,42.40611,-77.05390,1204,66.5,68.6,66.5,95.5,65.2,0.000,0.008,0.00,0.000,1.8,2.1,0.2,84,9,2.1,2.5,0.2,85,11,1.8,2.1,0.2,84,9,1,28.82,,0,0,0,68.9,66.6,65.6,0.21,0.26,0.28
TYRO,2017-08-21 22:15:00 EDT,42.40611,-77.05390,1204,66.6,68.3,66.6,95.8,65.3,0.000,0.008,0.00,0.000,1.9,2.4,0.2,106,5,2.2,2.8,0.2,106,5,1.9,2.4,0.2,106,5,1,28.82,,0,0,0,68.9,66.6,65.7,0.21,0.26,0.28
TYRO,2017-08-21 22:20:00 EDT,42.40611,-77.05390,1204,66.8,68.3,66.8,96.2,65.6,0.000,0.008,0.00,0.000,2.1,2.6,0.2,99,6,2.4,2.9,0.2,99,6,2.1,2.6,0.2,99,6,1,28.81,,0,0,0,68.9,66.6,65.7,0.21,0.26,0.27
TYRO,2017-08-21 22:25:00 EDT,42.40611,-77.05390,1204,66.6,68.2,66.6,96.1,65.5,0.000,0.008,0.00,0.000,1.9,2.4,0.2,87,4,2.2,2.7,0.3,87,6,1.9,2.4,0.2,87,4,0,28.81,,0,0,0,68.9,66.6,65.7,0.21,0.26,0.27
TYRO,2017-08-21 22:30:00 EDT,42.40611,-77.05390,1204,65.9,67.7,65.9,95.5,64.6,0.000,0.008,0.00,0.000,1.5,1.9,0.2,96,8,1.8,2.3,0.3,97,7,1.5,1.9,0.2,96,8,0,28.81,,0,0,0,68.9,66.6,65.7,0.21,0.26,0.28
TYRO,2017-08-21 22:35:00 EDT,42.40611,-77.05390,1204,66.3,67.9,66.3,96.3,65.3,0.000,0.008,0.00,0.000,1.4,1.8,0.2,66,12,1.7,2.1,0.2,62,12,1.4,1.8,0.2,66,12,0,28.81,,0,0,0,68.7,66.6,65.7,0.21,0.26,0.28
TYRO,2017-08-21 22:40:00 EDT,42.40611,-77.05390,1204,65.5,68.0,65.5,95.4,64.1,0.000,0.008,0.00,0.000,1.5,2.1,0.2,49,6,1.6,2.1,0.2,47,6,1.5,2.1,0.2,49,6,1,28.81,,0,0,0,68.5,66.6,65.7,0.21,0.26,0.28
TYRO,2017-08-21 22:45:00 EDT,42.40611,-77.05390,1204,65.5,67.5,65.5,96.2,64.3,0.000,0.008,0.00,0.000,0.6,1.7,0.5,33,9,1.0,1.8,0.4,25,13,0.6,1.7,0.5,33,9,0,28.81,,0,0,0,68.5,66.6,65.6,0.21,0.26,0.28
TYRO,2017-08-21 22:50:00 EDT,42.40611,-77.05390,1204,65.5,68.1,65.5,96.4,64.5,0.000,0.008,0.00,0.000,0.7,1.8,0.3,43,27,1.1,2.4,0.4,53,20,0.7,1.8,0.3,43,27,0,28.81,,0,0,0,68.5,66.6,65.7,0.21,0.26,0.28
TYRO,2017-08-21 22:55:00 EDT,42.40611,-77.05390,1204,65.5,67.9,65.5,96.8,64.6,0.000,0.008,0.00,0.000,1.0,1.9,0.4,81,14,1.4,2.3,0.4,83,13,1.0,1.9,0.4,81,14,0,28.81,,0,0,0,68.5,66.6,65.7,0.21,0.26,0.28
TYRO,2017-08-21 23:00:00 EDT,42.40611,-77.05390,1204,65.3,68.1,65.3,96.8,64.3,0.000,0.008,0.00,0.000,1.0,1.3,0.2,103,6,1.4,1.9,0.2,103,9,1.0,1.3,0.2,103,6,0,28.81,,0,0,0,68.5,66.7,65.8,0.21,0.26,0.27
TYRO,2017-08-21 23:05:00 EDT,42.40611,-77.05390,1204,65.8,68.8,65.8,97.4,65.0,0.000,0.008,0.00,0.000,1.4,1.8,0.2,134,10,1.5,2.1,0.2,134,10,1.4,1.8,0.2,134,10,0,28.81,,0,0,0,68.5,66.6,65.7,0.21,0.26,0.28
TYRO,2017-08-21 23:10:00 EDT,42.40611,-77.05390,1204,66.0,69.5,66.0,97.3,65.2,0.000,0.008,0.00,0.000,2.1,2.9,0.4,126,12,2.1,3.3,0.4,125,12,2.1,2.9,0.4,126,12,0,28.81,,0,0,0,68.5,66.6,65.6,0.21,0.27,0.28
TYRO,2017-08-21 23:15:00 EDT,42.40611,-77.05390,1204,65.8,69.0,65.8,96.8,64.9,0.000,0.008,0.00,0.000,2.3,2.7,0.2,109,14,2.4,3.1,0.3,108,14,2.3,2.7,0.2,109,14,1,28.81,,0,0,0,68.5,66.7,65.7,0.21,0.26,0.28
TYRO,2017-08-21 23:20:00 EDT,42.40611,-77.05390,1204,65.4,67.9,65.4,96.3,64.3,0.000,0.008,0.00,0.000,2.0,2.3,0.2,79,12,2.1,2.8,0.3,77,15,2.0,2.3,0.2,79,12,1,28.81,,0,0,0,68.4,66.6,65.7,0.21,0.26,0.28
TYRO,2017-08-21 23:25:00 EDT,42.40611,-77.05390,1204,64.8,67.6,64.8,95.8,63.6,0.000,0.008,0.00,0.000,1.3,1.7,0.2,62,8,1.5,2.1,0.2,57,11,1.3,1.7,0.2,62,8,1,28.81,,0,0,0,68.2,66.6,65.7,0.21,0.26,0.28
TYRO,2017-08-21 23:30:00 EDT,42.40611,-77.05390,1204,64.6,67.2,64.6,96.2,63.5,0.000,0.008,0.00,0.000,1.8,2.8,0.7,72,16,2.2,3.5,0.8,73,15,1.8,2.8,0.7,72,16,0,28.81,,0,0,0,68.2,66.6,65.7,0.21,0.26,0.27
TYRO,2017-08-21 23:35:00 EDT,42.40611,-77.05390,1204,65.2,67.4,65.2,97.0,64.3,0.000,0.008,0.00,0.000,2.4,3.1,0.5,98,5,2.7,3.6,0.5,98,6,2.4,3.1,0.5,98,5,1,28.81,,0,0,0,68.2,66.7,65.7,0.21,0.26,0.28
TYRO,2017-08-21 23:40:00 EDT,42.40611,-77.05390,1204,65.5,67.5,65.5,97.2,64.7,0.000,0.008,0.00,0.000,1.6,2.3,0.4,90,14,2.0,2.9,0.4,86,16,1.6,2.3,0.4,90,14,1,28.81,,0,0,0,68.2,66.6,65.7,0.21,0.26,0.28
TYRO,2017-08-21 23:45:00 EDT,42.40611,-77.05390,1204,64.9,67.5,64.9,96.7,63.9,0.000,0.008,0.00,0.000,0.7,1.5,0.4,63,10,1.1,1.8,0.3,64,11,0.7,1.5,0.4,63,10,0,28.80,,0,0,0,68.1,66.7,65.7,0.21,0.26,0.28
TYRO,2017-08-21 23:50:00 EDT,42.40611,-77.05390,1204,64.3,68.7,64.3,96.6,63.3,0.000,0.008,0.00,0.000,0.9,1.8,0.5,84,14,1.3,2.3,0.5,80,15,0.9,1.8,0.5,84,14,0,28.80,,0,0,0,68.0,66.7,65.7,0.21,0.26,0.28
TYRO,2017-08-21 23:55:00 EDT,42.40611,-77.05390,1204,64.2,67.9,64.2,96.7,63.3,0.000,0.008,0.00,0.000,1.6,2.6,0.3,59,14,1.8,2.9,0.3,57,13,1.6,2.6,0.3,59,14,0,28.80,,0,0,0,67.8,66.7,65.7,0.21,0.26,0.28
VOOR,2017-08-21 00:00:00 EDT,42.65242,-73.97562,378,61.6,66.3,61.6,90.9,58.9,0.000,0.003,0.00,0.000,2.7,5.3,1.2,357,51,3.2,6.2,1.3,357,51,2.7,5.3,1.2,357,51,0,29.73,,0,0,0,73.4,73.9,71.2,0.19,0.16,0.15
VOOR,2017-08-21 00:05:00 EDT,42.65242,-73.97562,378,61.8,66.3,61.8,91.3,59.2,0.000,0.000,0.00,0.000,2.5,5.2,1.2,353,23,2.9,5.1,1.3,355,23,2.5,5.2,1.2,353,23,0,29.73,,0,0,0,73.4,73.9,71.3,0.19,0.16,0.15
VOOR,2017-08-21 00:10:00 EDT,42.65242,-73.97562,378,61.5,65.5,61.5,92.1,59.2,0.000,0.000,0.00,0.000,2.4,5.3,1.3,322,35,2.7,6.1,1.3,323,35,2.4,5.3,1.3,322,35,0,29.73,,0,0,0,73.4,73.9,71.3,0.19,0.16,0.15
VOOR,2017-08-21 00:15:00 EDT,42.65242,-73.97562,378,61.6,66.4,61.6,91.6,59.1,0.000,0.000,0.00,0.000,3.2,4.5,0.8,352,17,3.6,5.5,1.0,353,16,3.2,4.5,0.8,352,17,0,29.73,,0,0,0,73.4,73.9,71.3,0.19,0.16,0.15
VOOR,2017-08-21 00:20:00 EDT,42.65242,-73.97562,378,61.2,65.3,61.2,92.5,59.0,0.000,0.000,0.00,0.000,2.5,5.0,1.3,358,14,3.1,6.4,1.3,2,15,2.5,5.0,1.3,358,14,0,29.74,,0,0,0,73.4,73.9,71.3,0.19,0.16,0.15
VOOR,2017-08-21 00:25:00 EDT,42.65242,-73.97562,378,62.0,66.4,62.0,90.5,59.2,0.000,0.000,0.00,0.000,2.4,5.8,2.5,3,17,2.8,6.5,2.6,6,22,2.4,5.8,2.5,3,17,0,29.74,,0,0,0,73.2,73.9,71.4,0.19,0.16,0.15
VOOR,2017-08-21 00:30:00 EDT,42.65242,-73.97562,378,61.1,63.0,61.1,90.5,58.3,0.000,0.000,0.00,0.000,0.8,2.5,0.7,94,21,1.1,3.0,0.8,91,29,0.8,2.5,0.7,94,21,0,29.74,,0,0,0,73.0,73.9,71.4,0.19,0.16,0.15
VOOR,2017-08-21 00:35:00 EDT,42.65242,-73.97562,378,61.0,63.3,61.0,91.1,58.4,0.000,0.000,0.00,0.000,2.4,4.1,1.0,139,17,2.7,4.7,1.1,138,18,2.4,4.1,1.0,139,17,0,29.74,,0,0,0,73.0,73.9,71.4,0.19,0.16,0.15
VOOR,2017-08-21 00:40:00 EDT,42.65242,-73.97562,378,60.4,62.6,60.4,92.8,58.4,0.000,0.000,0.00,0.000,1.9,3.2,0.8,140,29,2.2,3.5,0.7,137,33,1.9,3.2,0.8,140,29,0,29.74,,0,0,0,73.0,73.9,71.4,0.19,0.16,0.15
VOOR,2017-08-21 00:45:00 EDT,42.65242,-73.97562,378,60.8,62.7,60.8,92.4,58.6,0.000,0.000,0.00,0.000,2.5,3.8,0.7,101,30,2.8,4.5,0.7,101,29,2.5,3.8,0.7,101,30,0,29.74,,0,0,0,73.0,73.9,71.4,0.19,0.16,0.15
VOOR,2017-08-21 00:50:00 EDT,42.65242,-73.97562,378,60.7,62.8,60.7,93.0,58.7,0.000,0.000,0.00,0.000,2.8,3.9,0.8,115,36,3.0,4.1,0.8,117,36,2.8,3.9,0.8,115,36,0,29.74,,0,0,0,73.0,73.9,71.4,0.19,0.16,0.15
VOOR,2017-08-21 00:55:00 EDT,42.65242,-73.97562,378,61.2,63.2,61.2,91.8,58.8,0.000,0.000,0.00,0.000,2.3,3.4,0.7,120,33,2.6,3.7,0.9,124,35,2.3,3.4,0.7,120,33,0,29.74,,0,0,0,73.0,73.9,71.4,0.19,0.16,0.15
VOOR,2017-08-21 01:00:00 EDT,42.65242,-73.97562,378,61.2,63.5,61.2,92.1,58.8,0.000,0.000,0.00,0.000,2.7,3.5,0.5,135,11,2.8,4.1,0.5,135,10,2.7,3.5,0.5,135,11,0,29.74,,0,0,0,73.0,73.9,71.4,0.19,0.16,0.15
VOOR,2017-08-21 01:05:00 EDT,42.65242,-73.97562,378,60.8,62.5,60.8,92.4,58.5,0.000,0.000,0.00,0.000,2.2,3.9,1.1,104,15,2.4,4.2,1.0,103,18,2.2,3.9,1.1,104,15,0,29.74,,0,0,0,72.7,73.9,71.4,0.19,0.16,0.15
VOOR,2017-08-21 01:10:00 EDT,42.65242,-73.97562,378,61.0,62.8,61.0,92.7,58.9,0.000,0.000,0.00,0.000,2.2,3.1,0.6,108,14,2.3,3.3,0.6,109,16,2.2,3.1,0.6,108,14,0,29.74,,0,0,0,72.7,73.9,71.4,0.19,0.16,0.15
VOOR,2017-08-21 01:15:00 EDT,42.65242,-73.97562,378,60.9,63.1,60.9,93.0,58.8,0.000,0.000,0.00,0.000,1.3,2.3,0.8,146,30,1.6,2.5,0.7,154,34,1.3,2.3,0.8,146,30,0,29.74,,0,0,0,72.7,73.9,71.4,0.19,0.16,0.15
VOOR,2017-08-21 01:20:00 EDT,42.65242,-73.97562,378,61.0,64.0,61.0,92.8,58.9,0.000,0.000,0.00,0.000,1.3,2.6,1.0,150,6,1.5,3.0,1.0,148,22,1.3,2.6,1.0,150,6,0,29.74,,0,0,0,72.7,73.9,71.4,0.19,0.16,0.15
VOOR,2017-08-21 01:25:00 EDT,42.65242,-73.97562,378,61.0,62.9,61.0,93.4,59.1,0.000,0.000,0.00,0.000,0.5,1.9,0.6,58,16,0.7,2.2,0.7,53,27,0.5,1.9,0.6,58,16,0,29.74,,0,0,0,72.7,73.9,71.4,0.19,0.16,0.15
VOOR,2017-08-21 01:30:00 EDT,42.65242,-73.97562,378,60.1,61.7,60.1,93.1,58.1,0.000,0.000,0.00,0.000,1.3,2.6,0.6,79,15,1.5,3.1,0.7,78,16,1.3,2.6,0.6,79,15,0,29.74,,0,0,0,72.7,73.9,71.4,0.19,0.16,0.15
VOOR,2017-08-21 01:35:00 EDT,42.65242,-73.97562,378,60.1,61.4,60.1,94.3,58.4,0.000,0.000,0.00,0.000,0.9,2.1,0.7,72,13,1.3,2.8,0.9,70,29,0.9,2.1,0.7,72,13,0,29.74,,0,0,0,72.6,73.8,71.4,0.19,0.16,0.15
VOOR,2017-08-21 01:40:00 EDT,42.65242,-73.97562,378,60.1,60.9,60.1,94.8,58.6,0.000,0.000,0.00,0.000,0.6,1.5,0.5,101,41,1.1,2.3,0.6,100,49,0.6,1.5,0.5,101,41,0,29.74,,0,0,0,72.3,73.6,71.4,0.19,0.16,0.15
VOOR,2017-08-21 01:45:00 EDT,42.65242,-73.97562,378,59.9,61.6,59.9,94.8,58.4,0.000,0.000,0.00,0.000,0.7,2.3,0.8,64,31,1.0,2.9,0.9,59,39,0.7,2.3,0.8,64,31,0,29.74,,0,0,0,72.3,73.5,71.4,0.19,0.16,0.15
VOOR,2017-08-21 01:50:00 EDT,42.65242,-73.97562,378,59.8,61.6,59.8,94.8,58.3,0.000,0.000,0.00,0.000,1.2,2.6,0.7,42,18,1.5,3.0,0.7,46,19,1.2,2.6,0.7,42,18,0,29.74,,0,0,0,72.3,73.4,71.4,0.19,0.16,0.15
VOOR,2017-08-21 01:55:00 EDT,42.65242,-73.97562,378,59.6,60.6,59.6,94.7,58.0,0.000,0.000,0.00,0.000,1.6,2.6,0.7,102,29,1.9,3.4,0.6,105,35,1.6,2.6,0.7,102,29,0,29.74,,0,0,0,72.3,73.4,71.4,0.19,0.16,0.15
VOOR,2017-08-21 02:00:00 EDT,42.65242,-73.97562,378,59.4,60.7,59.4,94.9,58.0,0.000,0.000,0.00,0.000,1.8,2.3,0.3,130,29,2.1,2.7,0.4,130,28,1.8,2.3,0.3,130,29,0,29.74,,0,0,0,72.3,73.4,71.4,0.19,0.16,0.15
VOOR,2017-08-21 02:05:00 EDT,42.65242,-73.97562,378,59.2,61.0,59.2,95.0,57.8,0.000,0.000,0.00,0.000,1.4,2.8,0.7,84,15,1.8,3.4,0.8,86,16,1.4,2.8,0.7,84,15,0,29.74,,0,0,0,72.3,73.4,71.4,0.19,0.16,0.15
VOOR,2017-08-21 02:10:00 EDT,42.65242,-73.97562,378,59.2,61.0,59.2,95.5,57.9,0.000,0.000,0.00,0.000,1.4,2.1,0.4,85,18,1.7,2.5,0.4,80,22,1.4,2.1,0.4,85,18,0,29.74,,0,0,0,72.3,73.4,71.4,0.19,0.16,0.15
VOOR,2017-08-21 02:15:00 EDT,42.65242,-73.97562,378,59.4,60.7,59.4,95.9,58.2,0.000,0.000,0.00,0.000,1.1,2.6,1.0,60,12,1.3,2.9,1.0,63,25,1.1,2.6,1.0,60,12,0,29.74,,0,0,0,72.1,73.4,71.4,0.19,0.16,0.15
VOOR,2017-08-21 02:20:00 EDT,42.65242,-73.97562,378,59.4,60.4,59.4,95.8,58.2,0.000,0.000,0.00,0.000,0.9,2.8,1.0,76,17,1.2,3.2,1.0,81,36,0.9,2.8,1.0,76,17,0,29.74,,0,0,0,72.0,73.4,71.4,0.19,0.16,0.15
VOOR,2017-08-21 02:25:00 EDT,42.65242,-73.97562,378,59.4,60.2,59.4,95.9,58.2,0.000,0.000,0.00,0.000,0.9,3.4,1.0,173,48,1.3,3.6,1.0,188,54,0.9,3.4,1.0,173,48,0,29.75,,0,0,0,71.8,73.4,71.4,0.19,0.16,0.15
VOOR,2017-08-21 02:30:00 EDT,42.65242,-73.97562,378,59.5,60.3,59.5,96.1,58.3,0.000,0.000,0.00,0.000,1.2,2.4,0.7,143,47,1.6,3.0,0.7,153,52,1.2,2.4,0.7,143,47,0,29.74,,0,0,0,71.8,73.4,71.4,0.19,0.16,0.15
VOOR,2017-08-21 02:35:00 EDT,42.65242,-73.97562,378,59.3,60.5,59.3,95.6,58.1,0.000,0.000,0.00,0.000,0.4,1.9,0.6,150,12,0.7,2.6,0.7,171,49,0.4,1.9,0.6,150,12,0,29.74,,0,0,0,71.8,73.4,71.4,0.19,0.16,0.15
VOOR,2017-08-21 02:40:00 EDT,42.65242,-73.97562,378,58.6,59.6,58.6,95.5,57.3,0.000,0.000,0.00,0.000,0.2,1.0,0.3,307,27,0.6,1.5,0.5,337,48,0.2,1.0,0.3,307,27,0,29.74,,0,0,0,71.8,73.4,71.4,0.19,0.16,0.15
VOOR,2017-08-21 02:45:00 EDT,42.65242,-73.97562,378,58.8,59.7,58.8,96.4,57.7,0.000,0.000,0.00,0.000,0.4,1.2,0.4,235,4,0.7,1.4,0.6,241,14,0.4,1.2,0.4,235,4,0,29.74,,0,0,0,71.8,73.4,71.4,0.19,0.16,0.15
VOOR,2017-08-21 02:50:00 EDT,42.65242,-73.97562,378,58.6,59.7,58.6,96.6,57.6,0.000,0.000,0.00,0.000,0.2,1.5,0.4,280,31,0.7,1.8,0.5,320,48,0.2,1.5,0.4,280,31,0,29.74,,0,0,0,71.8,73.4,71.4,0.19,0.16,0.15
VOOR,2017-08-21 02:55:00 EDT,42.65242,-73.97562,378,58.6,59.3,58.6,96.8,57.7,0.000,0.000,0.00,0.000,0.7,2.4,0.8,261,7,1.0,2.9,0.9,260,10,0.7,2.4,0.8,261,7,0,29.74,,0,0,0,71.6,73.3,71.4,0.19,0.16,0.15
VOOR,2017-08-21 03:00:00 EDT,42.65242,-73.97562,378,58.3,59.6,58.3,96.9,57.4,0.000,0.000,0.00,0.000,1.0,3.8,1.1,238,29,1.4,4.5,1.2,236,43,1.0,3.8,1.1,238,29,0,29.74,,0,0,0,71.4,73.2,71.4,0.19,0.16,0.15
VOOR,2017-08-21 03:05:00 EDT,42.65242,-73.97562,378,58.2,58.9,58.2,97.1,57.4,0.000,0.000,0.00,0.000,1.3,3.9,0.8,297,37,1.6,4.4,0.8,299,39,1.3,3.9,0.8,297,37,0,29.74,,0,0,0,71.4,73.1,71.4,0.19,0.16,0.15
VOOR,2017-08-21 03:10:00 EDT,42.65242,-73.97562,378,58.2,58.9,58.2,97.1,57.4,0.000,0.000,0.00,0.000,0.2,1.1,0.4,317,7,0.8,1.9,0.5,301,24,0.2,1.1,0.4,317,7,0,29.75,,0,0,0,71.4,73.0,71.4,0.19,0.16,0.15
VOOR,2017-08-21 03:15:00 EDT,42.65242,-73.97562,378,58.2,59.3,58.2,97.2,57.4,0.000,0.000,0.00,0.000,0.4,1.4,0.5,346,3,0.5,2.0,0.7,353,8,0.4,1.4,0.5,346,3,0,29.75,,0,0,0,71.4,73.0,71.4,0.19,0.16,0.15
VOOR,2017-08-21 03:20:00 EDT,42.65242,-73.97562,378,58.1,58.8,58.1,97.2,57.4,0.000,0.000,0.00,0.000,0.0,0.0,0.0,0,0,0.3,1.2,0.4,285,29,0.0,0.0,0.0,0,0,0,29.75,,0,0,0,71.4,73.0,71.4,0.19,0.15,0.15
VOOR,2017-08-21 03:25:00 EDT,42.65242,-73.97562,378,58.2,58.8,58.2,97.4,57.4,0.000,0.000,0.00,0.000,0.3,1.2,0.3,306,19,0.7,1.7,0.5,312,25,0.3,1.2,0.3,306,19,0,29.75,,0,0,0,71.4,73.0,71.4,0.19,0.16,0.15
VOOR,2017-08-21 03:30:00 EDT,42.65242,-73.97562,378,57.8,59.4,57.8,97.3,57.0,0.000,0.000,0.00,0.000,1.3,2.3,0.7,10,26,1.5,2.9,0.8,11,35,1.3,2.3,0.7,10,26,0,29.75,,0,0,0,71.4,73.0,71.4,0.19,0.15,0.15
VOOR,2017-08-21 03:35:00 EDT,42.65242,-73.97562,378,58.0,59.1,58.0,97.5,57.3,0.000,0.000,0.00,0.000,1.7,3.0,0.8,337,59,2.0,3.6,0.8,339,61,1.7,3.0,0.8,337,59,0,29.75,,0,0,0,71.4,73.0,71.4,0.19,0.15,0.15
VOOR,2017-08-21 03:40:00 EDT,42.65242,-73.97562,378,58.1,59.0,58.1,97.5,57.4,0.000,0.000,0.00,0.000,1.6,3.7,1.2,344,50,2.1,4.7,1.4,347,52,1.6,3.7,1.2,344,50,0,29.75,,0,0,0,71.3,73.0,71.4,0.19,0.15,0.15
VOOR,2017-08-21 03:45:00 EDT,42.65242,-73.97562,378,58.6,59.3,58.6,97.9,58.0,0.000,0.000,0.00,0.000,0.8,3.4,0.9,279,44,1.2,3.7,1.0,293,50,0.8,3.4,0.9,279,44,0,29.75,,0,0,0,71.1,73.0,71.4,0.19,0.15,0.15
VOOR,2017-08-21 03:50:00 EDT,42.65242,-73.97562,378,58.3,59.7,58.3,97.6,57.6,0.000,0.000,0.00,0.000,1.1,2.8,0.9,353,36,1.5,3.3,0.9,349,38,1.1,2.8,0.9,353,36,0,29.75,,0,0,0,71.1,73.0,71.4,0.19,0.15,0.15
VOOR,2017-08-21 03:55:00 EDT,42.65242,-73.97562,378,57.8,58.9,57.8,97.3,57.0,0.000,0.000,0.00,0.000,0.9,1.7,0.6,62,24,1.4,2.3,0.6,57,26,0.9,1.7,0.6,62,24,0,29.75,,0,0,0,71.1,73.0,71.4,0.19,0.15,0.15
VOOR,2017-08-21 04:00:00 EDT,42.65242,-73.97562,378,57.5,58.3,57.5,97.2,56.7,0.000,0.000,0.00,0.000,1.2,2.2,0.6,152,46,1.6,2.7,0.6,151,48,1.2,2.2,0.6,152,46,0,29.75,,0,0,0,71.1,73.0,71.4,0.19,0.15,0.15
VOOR,2017-08-21 04:05:00 EDT,42.65242,-73.97562,378,58.1,58.6,58.1,97.6,57.4,0.000,0.000,0.00,0.000,0.6,2.0,0.6,184,40,0.9,2.3,0.7,189,47,0.6,2.0,0.6,184,40,0,29.75,,0,0,0,71.1,73.0,71.4,0.19,0.15,0.15
VOOR,2017-08-21 04:10:00 EDT,42.65242,-73.97562,378,58.0,58.6,58.0,97.7,57.3,0.000,0.000,0.00,0.000,0.6,2.8,0.7,271,28,1.1,2.7,0.5,271,31,0.6,2.8,0.7,271,28,0,29.75,,0,0,0,71.1,73.0,71.4,0.19,0.15,0.15
VOOR,2017-08-21 04:15:00 EDT,42.65242,-73.97562,378,57.6,58.6,57.6,97.5,56.9,0.000,0.000,0.00,0.000,1.9,2.7,0.3,297,12,2.1,3.0,0.3,298,12,1.9,2.7,0.3,297,12,0,29.75,,0,0,0,71.1,73.0,71.4,0.19,0.15,0.15
VOOR,2017-08-21 04:20:00 EDT,42.65242,-73.97562,378,57.5,58.6,57.5,97.5,56.8,0.000,0.000,0.00,0.000,1.7,2.7,0.6,270,25,1.9,3.1,0.8,278,22,1.7,2.7,0.6,270,25,0,29.75,,0,0,0,71.1,73.0,71.4,0.19,0.15,0.15
VOOR,2017-08-21 04:25:00 EDT,42.65242,-73.97562,378,57.5,58.6,57.5,97.6,56.8,0.000,0.000,0.00,0.000,0.5,1.5,0.6,304,19,0.8,1.7,0.6,305,24,0.5,1.5,0.6,304,19,0,29.75,,0,0,0,71.0,73.0,71.4,0.19,0.15,0.15
VOOR,2017-08-21 04:30:00 EDT,42.65242,-73.97562,378,57.2,58.4,57.2,97.6,56.6,0.000,0.000,0.00,0.000,0.5,1.4,0.5,122,54,0.7,1.6,0.5,168,59,0.5,1.4,0.5,122,54,0,29.75,,0,0,0,70.8,73.0,71.4,0.19,0.15,0.15
VOOR,2017-08-21 04:35:00 EDT,42.65242,-73.97562,378,57.4,58.2,57.4,97.8,56.7,0.000,0.000,0.00,0.000,1.6,3.1,0.9,233,27,1.9,3.2,0.7,236,31,1.6,3.1,0.9,233,27,0,29.76,,0,0,0,70.7,73.0,71.4,0.19,0.15,0.15
VOOR,2017-08-21 04:40:00 EDT,42.65242,-73.97562,378,57.1,58.2,57.1,97.7,56.5,0.000,0.000,0.00,0.000,1.0,2.0,0.6,287,19,1.3,2.3,0.7,296,22,1.0,2.0,0.6,287,19,0,29.76,,0,0,0,70.7,73.0,71.4,0.19,0.15,0.15
VOOR,2017-08-21 04:45:00 EDT,42.65242,-73.97562,378,57.1,58.0,57.1,97.8,56.4,0.000,0.000,0.00,0.000,1.2,2.2,0.7,257,22,1.5,2.5,0.7,264,28,1.2,2.2,0.7,257,22,0,29.76,,0,0,0,70.7,72.8,71.4,0.19,0.15,0.15
VOOR,2017-08-21 04:50:00 EDT,42.65242,-73.97562,378,57.1,58.2,57.1,97.9,56.5,0.000,0.000,0.00,0.000,0.9,2.0,0.6,240,29,1.2,2.5,0.7,246,36,0.9,2.0,0.6,240,29,0,29.76,,0,0,0,70.7,72.7,71.4,0.19,0.15,0.15
VOOR,2017-08-21 04:55:00 EDT,42.65242,-73.97562,378,57.0,57.8,57.0,97.9,56.4,0.000,0.000,0.00,0.000,0.1,1.7,0.4,60,1,0.6,2.0,0.6,334,41,0.1,1.7,0.4,60,1,0,29.76,,0,0,0,70.7,72.7,71.4,0.19,0.15,0.15
VOOR,2017-08-21 05:00:00 EDT,42.65242,-73.97562,378,57.0,57.8,57.0,98.0,56.5,0.000,0.000,0.00,0.000,1.3,3.7,1.0,178,62,1.6,4.2,1.0,187,62,1.3,3.7,1.0,178,62,0,29.75,,0,0,0,70.7,72.7,71.4,0.19,0.15,0.15
VOOR,2017-08-21 05:05:00 EDT,42.65242,-73.97562,378,57.2,57.9,57.2,98.1,56.7,0.000,0.000,0.00,0.000,1.1,3.1,1.0,237,48,1.5,3.8,0.9,241,58,1.1,3.1,1.0,237,48,0,29.75,,0,0,0,70.7,72.7,71.4,0.19,0.15,0.15
VOOR,2017-08-21 05:10:00 EDT,42.65242,-73.97562,378,56.7,57.6,56.7,97.8,56.1,0.000,0.000,0.00,0.000,1.6,3.4,0.8,258,11,2.0,4.1,0.9,260,12,1.6,3.4,0.8,258,11,0,29.76,,0,0,0,70.7,72.7,71.4,0.19,0.15,0.15
VOOR,2017-08-21 05:15:00 EDT,42.65242,-73.97562,378,56.5,57.6,56.5,97.8,55.8,0.000,0.000,0.00,0.000,0.4,1.4,0.5,316,20,0.7,1.9,0.6,323,25,0.4,1.4,0.5,316,20,0,29.76,,0,0,0,70.5,72.7,71.4,0.19,0.15,0.15
VOOR,2017-08-21 05:20:00 EDT,42.65242,-73.97562,378,56.5,58.0,56.5,98.0,56.0,0.000,0.000,0.00,0.000,0.5,1.6,0.6,78,49,0.9,1.9,0.7,103,57,0.5,1.6,0.6,78,49,0,29.76,,0,0,0,70.4,72.7,71.4,0.19,0.15,0.15
VOOR,2017-08-21 05:25:00 EDT,42.65242,-73.97562,378,56.6,57.5,56.6,98.0,56.1,0.000,0.000,0.00,0.000,1.2,3.7,1.0,187,62,1.5,4.2,1.0,188,68,1.2,3.7,1.0,187,62,0,29.76,,0,0,0,70.3,72.7,71.4,0.19,0.15,0.15
VOOR,2017-08-21 05:30:00 EDT,42.65242,-73.97562,378,57.0,57.5,57.0,98.1,56.4,0.000,0.000,0.00,0.000,0.7,2.1,0.7,350,52,1.0,2.5,0.8,359,55,0.7,2.1,0.7,350,52,0,29.76,,0,0,0,70.3,72.7,71.4,0.19,0.15,0.15
VOOR,2017-08-21 05:35:00 EDT,42.65242,-73.97562,378,57.0,57.6,57.0,98.2,56.5,0.000,0.000,0.00,0.000,0.9,4.2,1.2,192,13,1.4,4.4,1.2,209,42,0.9,4.2,1.2,192,13,0,29.76,,0,0,0,70.3,72.7,71.4,0.19,0.15,0.15
VOOR,2017-08-21 05:40:00 EDT,42.65242,-73.97562,378,56.7,57.7,56.7,98.1,56.1,0.000,0.000,0.00,0.000,0.8,2.3,0.7,279,39,1.0,2.7,0.8,287,37,0.8,2.3,0.7,279,39,0,29.76,,0,0,0,70.3,72.7,71.4,0.19,0.15,0.15
VOOR,2017-08-21 05:45:00 EDT,42.65242,-73.97562,378,56.5,57.3,56.5,98.0,55.9,0.000,0.000,0.00,0.000,0.0,0.0,0.0,0,0,0.3,1.0,0.4,286,24,0.0,0.0,0.0,0,0,0,29.76,,0,0,0,70.3,72.7,71.4,0.19,0.15,0.15
VOOR,2017-08-21 05:50:00 EDT,42.65242,-73.97562,378,56.3,57.0,56.3,98.0,55.7,0.000,0.000,0.00,0.000,0.2,1.2,0.4,89,27,0.6,1.5,0.5,49,40,0.2,1.2,0.4,89,27,0,29.76,,0,0,0,70.3,72.7,71.4,0.19,0.15,0.15
VOOR,2017-08-21 05:55:00 EDT,42.65242,-73.97562,378,56.3,56.8,56.3,98.0,55.7,0.000,0.000,0.00,0.000,0.8,2.1,0.7,192,19,1.0,2.6,0.7,195,23,0.8,2.1,0.7,192,19,0,29.76,,0,0,0,70.3,72.7,71.4,0.19,0.15,0.15
VOOR,2017-08-21 06:00:00 EDT,42.65242,-73.97562,378,56.3,57.6,56.3,98.1,55.7,0.000,0.000,0.00,0.000,0.9,3.4,1.1,167,25,1.2,4.2,1.3,174,31,0.9,3.4,1.1,167,25,1,29.76,,0,0,0,70.0,72.7,71.4,0.19,0.15,0.15
VOOR,2017-08-21 06:05:00 EDT,42.65242,-73.97562,378,55.9,56.8,55.9,98.0,55.3,0.000,0.000,0.00,0.000,0.9,2.6,0.9,99,17,1.3,2.8,0.8,105,31,0.9,2.6,0.9,99,17,2,29.76,,0,0,0,70.0,72.6,71.4,0.19,0.15,0.15
VOOR,2017-08-21 06:10:00 EDT,42.65242,-73.97562,378,56.0,56.9,56.0,98.0,55.4,0.000,0.000,0.00,0.000,1.0,2.3,0.7,174,39,1.2,2.5,0.7,171,47,1.0,2.3,0.7,174,39,3,29.76,,0,0,0,70.0,72.5,71.4,0.19,0.15,0.15
VOOR,2017-08-21 06:15:00 EDT,42.65242,-73.97562,378,56.3,57.4,56.3,98.2,55.8,0.000,0.000,0.00,0.000,1.0,2.3,0.7,274,60,1.1,2.3,0.8,292,60,1.0,2.3,0.7,274,60,5,29.76,,0,0,0,70.0,72.3,71.4,0.19,0.15,0.15
VOOR,2017-08-21 06:20:00 EDT,42.65242,-73.97562,378,56.3,57.7,56.3,98.2,55.8,0.000,0.000,0.00,0.000,0.7,2.0,0.7,257,13,1.1,2.9,0.8,265,20,0.7,2.0,0.7,257,13,8,29.77,,0,0,0,70.0,72.3,71.4,0.19,0.15,0.15
VOOR,2017-08-21 06:25:00 EDT,42.65242,-73.97562,378,56.2,57.4,56.2,98.2,55.7,0.000,0.000,0.00,0.000,1.1,2.0,0.4,316,25,1.5,2.6,0.4,321,25,1.1,2.0,0.4,316,25,13,29.76,,0,0,0,70.0,72.3,71.4,0.19,0.15,0.15
VOOR,2017-08-21 06:30:00 EDT,42.65242,-73.97562,378,56.2,57.5,56.2,98.2,55.7,0.000,0.000,0.00,0.000,0.4,1.0,0.4,300,7,0.6,1.2,0.5,308,11,0.4,1.0,0.4,300,7,22,29.77,,0,0,0,70.0,72.3,71.4,0.19,0.15,0.15
VOOR,2017-08-21 06:35:00 EDT,42.65242,-73.97562,378,56.3,57.4,56.3,98.1,55.8,0.000,0.000,0.00,0.000,1.1,1.8,0.4,306,28,1.4,2.1,0.3,304,28,1.1,1.8,0.4,306,28,28,29.77,,0,0,0,70.0,72.3,71.4,0.19,0.15,0.15
VOOR,2017-08-21 06:40:00 EDT,42.65242,-73.97562,378,56.4,57.1,56.4,98.1,55.9,0.000,0.000,0.00,0.000,0.2,0.8,0.2,272,0,0.6,1.1,0.4,269,13,0.2,0.8,0.2,272,0,30,29.77,,0,0,0,70.0,72.3,71.4,0.19,0.15,0.15
VOOR,2017-08-21 06:45:00 EDT,42.65242,-73.97562,378,56.6,56.8,56.6,98.1,56.0,0.000,0.000,0.00,0.000,0.3,0.9,0.3,230,8,0.7,1.2,0.4,225,17,0.3,0.9,0.3,230,8,37,29.77,,0,0,0,70.0,72.3,71.4,0.19,0.15,0.15
VOOR,2017-08-21 06:50:00 EDT,42.65242,-73.97562,378,56.7,57.1,56.7,98.0,56.1,0.000,0.000,0.00,0.000,0.7,1.2,0.3,236,27,1.2,1.6,0.2,259,20,0.7,1.2,0.3,236,27,55,29.77,,0,0,0,69.7,72.3,71.4,0.19,0.15,0.15
VOOR,2017-08-21 06:55:00 EDT,42.65242,-73.97562,378,56.9,57.5,56.9,97.9,56.3,0.000,0.000,0.00,0.000,0.2,0.8,0.3,279,0,0.5,1.2,0.5,306,12,0.2,0.8,0.3,279,0,75,29.77,,0,0,0,69.6,72.3,71.4,0.19,0.15,0.15
VOOR,2017-08-21 07:00:00 EDT,42.65242,-73.97562,378,57.4,57.4,57.4,97.8,56.8,0.000,0.000,0.00,0.000,0.0,0.0,0.0,0,0,0.0,0.0,0.0,0,0,0.0,0.0,0.0,0,0,82,29.77,,0,0,0,69.6,72.3,71.4,0.19,0.15,0.15
VOOR,2017-08-21 07:05:00 EDT,42.65242,-73.97562,378,57.7,57.6,57.7,97.5,57.0,0.000,0.000,0.00,0.000,0.1,0.7,0.2,97,1,0.5,1.3,0.5,105,5,0.1,0.7,0.2,97,1,48,29.77,,0,0,0,69.6,72.3,71.4,0.19,0.15,0.15
VOOR,2017-08-21 07:10:00 EDT,42.65242,-73.97562,378,57.7,57.4,57.7,96.9,56.8,0.000,0.000,0.00,0.000,0.0,0.0,0.0,0,0,0.4,1.1,0.4,97,8,0.0,0.0,0.0,0,0,49,29.77,,0,0,0,69.6,72.3,71.4,0.19,0.15,0.15
VOOR,2017-08-21 07:15:00 EDT,42.65242,-73.97562,378,57.6,57.5,57.6,96.7,56.7,0.000,0.000,0.00,0.000,0.1,0.7,0.2,127,0,0.4,1.0,0.4,128,7,0.1,0.7,0.2,127,0,36,29.78,,0,0,0,69.6,72.3,71.4,0.19,0.15,0.15
VOOR,2017-08-21 07:20:00 EDT,42.65242,-73.97562,378,57.6,57.5,57.6,96.6,56.7,0.000,0.000,0.00,0.000,0.0,0.0,0.0,0,0,0.3,1.3,0.5,74,4,0.0,0.0,0.0,0,0,48,29.77,,0,0,0,69.6,72.3,71.4,0.19,0.15,0.15
VOOR,2017-08-21 07:25:00 EDT,42.65242,-73.97562,378,57.9,57.6,57.9,96.7,56.9,0.000,0.000,0.00,0.000,0.0,0.0,0.0,0,0,0.4,1.3,0.5,83,15,0.0,0.0,0.0,0,0,72,29.78,,0,0,0,69.6,72.3,71.4,0.19,0.15,0.15
VOOR,2017-08-21 07:30:00 EDT,42.65242,-73.97562,378,58.1,57.9,58.1,96.6,57.2,0.000,0.000,0.00,0.000,0.4,1.8,0.6,67,4,0.8,2.4,0.8,72,8,0.4,1.8,0.6,67,4,118,29.78,,0,0,0,69.6,72.3,71.4,0.19,0.15,0.15
VOOR,2017-08-21 07:35:00 EDT,42.65242,-73.97562,378,58.7,58.3,58.7,96.2,57.6,0.000,0.000,0.00,0.000,0.6,1.7,0.6,57,21,0.8,2.3,0.8,56,23,0.6,1.7,0.6,57,21,174,29.78,,0,0,0,69.6,72.3,71.4,0.19,0.15,0.15
VOOR,2017-08-21 07:40:00 EDT,42.65242,-73.97562,378,59.7,59.0,59.7,95.2,58.3,0.000,0.000,0.00,0.000,0.3,1.2,0.4,72,8,0.6,1.8,0.6,73,14,0.3,1.2,0.4,72,8,195,29.78,,0,0,0,69.6,72.2,71.4,0.19,0.15,0.15
VOOR,2017-08-21 07:45:00 EDT,42.65242,-73.97562,378,60.4,59.6,60.4,92.2,58.1,0.000,0.000,0.00,0.000,1.2,2.5,0.8,77,10,1.6,3.2,0.9,78,13,1.2,2.5,0.8,77,10,211,29.77,,0,0,0,69.6,72.1,71.4,0.19,0.15,0.15
VOOR,2017-08-21 07:50:00 EDT,42.65242,-73.97562,378,60.6,60.1,60.6,92.1,58.3,0.000,0.000,0.00,0.000,1.0,2.5,0.8,71,14,1.5,3.5,0.9,68,18,1.0,2.5,0.8,71,14,220,29.77,,0,0,0,69.6,72.0,71.4,0.19,0.15,0.15
VOOR,2017-08-21 07:55:00 EDT,42.65242,-73.97562,378,61.1,60.5,61.1,91.9,58.7,0.000,0.000,0.00,0.000,0.7,2.3,0.9,58,8,1.0,3.1,1.0,53,23,0.7,2.3,0.9,58,8,217,29.77,,0,0,0,69.6,71.8,71.4,0.19,0.15,0.15
VOOR,2017-08-21 08:00:00 EDT,42.65242,-73.97562,378,61.7,61.1,61.7,91.2,59.1,0.000,0.000,0.00,0.000,1.0,2.7,0.9,101,29,1.3,3.2,1.0,104,31,1.0,2.7,0.9,101,29,218,29.77,,0,0,0,69.6,71.8,71.4,0.19,0.15,0.15
VOOR,2017-08-21 08:05:00 EDT,42.65242,-73.97562,378,62.4,61.7,62.4,90.7,59.6,0.000,0.000,0.00,0.000,1.1,2.7,0.9,104,32,1.6,3.5,0.9,119,49,1.1,2.7,0.9,104,32,254,29.77,,0,0,0,69.6,71.8,71.4,0.19,0.15,0.15
VOOR,2017-08-21 08:10:00 EDT,42.65242,-73.97562,378,62.5,62.0,62.5,90.2,59.6,0.000,0.000,0.00,0.000,1.5,3.5,1.2,84,32,1.9,4.4,1.2,84,35,1.5,3.5,1.2,84,32,205,29.77,,0,0,0,69.7,71.8,71.4,0.19,0.15,0.15
VOOR,2017-08-21 08:15:00 EDT,42.65242,-73.97562,378,62.8,62.1,62.8,90.6,60.0,0.000,0.000,0.00,0.000,1.6,3.6,1.1,63,10,1.9,4.4,1.2,63,14,1.6,3.6,1.1,63,10,203,29.77,,0,0,0,70.0,71.8,71.4,0.19,0.15,0.15
VOOR,2017-08-21 08:20:00 EDT,42.65242,-73.97562,378,63.5,62.8,63.5,91.0,60.8,0.000,0.000,0.00,0.000,1.2,2.8,1.0,64,41,1.6,3.6,1.0,60,46,1.2,2.8,1.0,64,41,272,29.77,,0,0,0,70.0,71.8,71.4,0.19,0.15,0.15
VOOR,2017-08-21 08:25:00 EDT,42.65242,-73.97562,378,63.7,63.3,63.7,88.7,60.3,0.000,0.000,0.00,0.000,0.8,2.2,0.7,313,35,1.2,3.6,0.8,320,42,0.8,2.2,0.7,313,35,302,29.77,,0,0,0,70.0,71.8,71.4,0.19,0.15,0.15
VOOR,2017-08-21 08:30:00 EDT,42.65242,-73.97562,378,64.4,63.6,64.4,86.3,60.2,0.000,0.000,0.00,0.000,1.0,2.6,0.8,38,15,1.4,2.8,0.7,40,20,1.0,2.6,0.8,38,15,323,29.77,,0,0,0,70.0,71.8,71.3,0.19,0.15,0.15
VOOR,2017-08-21 08:35:00 EDT,42.65242,-73.97562,378,64.8,63.6,64.8,85.8,60.4,0.000,0.000,0.00,0.000,1.8,3.9,0.8,70,13,2.2,4.5,0.9,71,13,1.8,3.9,0.8,70,13,328,29.77,,0,0,0,70.0,71.8,71.3,0.19,0.15,0.15
VOOR,2017-08-21 08:40:00 EDT,42.65242,-73.97562,378,65.3,64.3,65.3,85.3,60.7,0.000,0.000,0.00,0.000,1.1,2.3,0.6,53,15,1.3,3.0,0.7,55,15,1.1,2.3,0.6,53,15,356,29.78,,0,0,0,70.0,71.8,71.3,0.19,0.15,0.15
VOOR,2017-08-21 08:45:00 EDT,42.65242,-73.97562,378,66.0,64.6,66.0,85.1,61.4,0.000,0.000,0.00,0.000,1.4,2.5,0.6,78,15,1.9,3.2,0.7,79,16,1.4,2.5,0.6,78,15,372,29.77,,0,0,0,70.0,71.8,71.2,0.19,0.15,0.15
VOOR,2017-08-21 08:50:00 EDT,42.65242,-73.97562,378,66.3,65.0,66.3,83.7,61.2,0.000,0.000,0.00,0.000,1.4,2.7,0.6,80,17,1.8,3.1,0.6,81,16,1.4,2.7,0.6,80,17,385,29.77,,0,0,0,70.3,71.8,71.3,0.19,0.15,0.15
VOOR,2017-08-21 08:55:00 EDT,42.65242,-73.97562,378,66.4,65.2,66.4,82.2,60.8,0.000,0.000,0.00,0.000,1.6,2.5,0.4,96,14,2.0,3.2,0.4,96,16,1.6,2.5,0.4,96,14,399,29.77,,0,0,0,70.3,71.8,71.3,0.19,0.15,0.15
VOOR,2017-08-21 09:00:00 EDT,42.65242,-73.97562,378,66.8,65.6,66.8,82.2,61.2,0.000,0.000,0.00,0.000,1.1,2.6,0.4,89,18,1.6,3.1,0.5,89,17,1.1,2.6,0.4,89,18,421,29.77,,0,0,0,70.3,71.8,71.3,0.19,0.15,0.15
VOOR,2017-08-21 09:05:00 EDT,42.65242,-73.97562,378,67.4,66.5,67.4,81.7,61.6,0.000,0.000,0.00,0.000,1.6,3.0,0.7,116,16,2.0,3.4,0.8,116,16,1.6,3.0,0.7,116,16,378,29.77,,0,0,0,70.3,71.7,71.2,0.19,0.15,0.15
VOOR,2017-08-21 09:10:00 EDT,42.65242,-73.97562,378,67.4,66.6,67.4,80.9,61.3,0.000,0.000,0.00,0.000,1.5,2.4,0.4,95,29,1.7,3.3,0.5,95,29,1.5,2.4,0.4,95,29,420,29.76,,0,0,0,70.4,71.6,71.1,0.19,0.15,0.15
VOOR,2017-08-21 09:15:00 EDT,42.65242,-73.97562,378,68.1,66.9,68.1,80.0,61.7,0.000,0.000,0.00,0.000,1.0,2.2,0.7,84,14,1.4,2.7,0.8,83,17,1.0,2.2,0.7,84,14,387,29.76,,0,0,0,70.6,71.6,71.2,0.19,0.15,0.15
VOOR,2017-08-21 09:20:00 EDT,42.65242,-73.97562,378,68.0,67.0,68.0,79.4,61.4,0.000,0.000,0.00,0.000,1.1,2.2,0.7,32,13,1.4,3.5,0.7,38,14,1.1,2.2,0.7,32,13,386,29.76,,0,0,0,70.7,71.4,71.1,0.19,0.16,0.15
VOOR,2017-08-21 09:25:00 EDT,42.65242,-73.97562,378,69.3,68.2,69.3,80.5,63.0,0.000,0.000,0.00,0.000,1.3,2.6,0.7,82,41,1.8,3.6,0.8,80,44,1.3,2.6,0.7,82,41,474,29.76,,0,0,0,70.7,71.4,71.1,0.19,0.15,0.15
VOOR,2017-08-21 09:30:00 EDT,42.65242,-73.97562,378,70.0,68.3,70.0,78.9,63.1,0.000,0.000,0.00,0.000,1.9,3.5,0.7,79,19,2.3,4.3,0.8,81,19,1.9,3.5,0.7,79,19,437,29.76,,0,0,0,70.7,71.4,71.1,0.19,0.16,0.15
VOOR,2017-08-21 09:35:00 EDT,42.65242,-73.97562,378,69.9,68.6,69.9,78.8,63.0,0.000,0.000,0.00,0.000,1.9,3.8,0.7,99,30,2.1,4.5,0.8,98,30,1.9,3.8,0.7,99,30,361,29.76,,0,0,0,70.7,71.4,71.1,0.19,0.16,0.15
VOOR,2017-08-21 09:40:00 EDT,42.65242,-73.97562,378,70.3,69.0,70.3,78.2,63.1,0.000,0.000,0.00,0.000,1.8,3.9,1.1,72,15,2.4,4.8,1.1,73,18,1.8,3.9,1.1,72,15,491,29.76,,0,0,0,70.7,71.4,71.1,0.19,0.16,0.15
VOOR,2017-08-21 09:45:00 EDT,42.65242,-73.97562,378,70.6,69.5,70.6,77.9,63.3,0.000,0.000,0.00,0.000,2.2,3.9,0.8,61,16,2.6,5.4,0.9,62,16,2.2,3.9,0.8,61,16,529,29.76,,0,0,0,71.0,71.4,71.1,0.19,0.16,0.15
VOOR,2017-08-21 09:50:00 EDT,42.65242,-73.97562,378,71.3,69.9,71.3,77.2,63.8,0.000,0.000,0.00,0.000,1.8,3.4,0.7,98,33,2.3,3.9,0.8,99,33,1.8,3.4,0.7,98,33,546,29.76,,0,0,0,71.1,71.4,71.1,0.19,0.15,0.15
VOOR,2017-08-21 09:55:00 EDT,42.65242,-73.97562,378,71.2,70.5,71.2,75.4,63.1,0.000,0.000,0.00,0.000,1.9,3.9,0.8,130,39,2.3,4.4,0.9,131,39,1.9,3.9,0.8,130,39,503,29.76,,0,0,0,71.1,71.4,71.1,0.19,0.15,0.15
VOOR,2017-08-21 10:00:00 EDT,42.65242,-73.97562,378,72.0,70.5,72.0,76.3,64.1,0.000,0.000,0.00,0.000,2.4,4.7,0.9,81,14,2.9,5.8,1.1,81,15,2.4,4.7,0.9,81,14,550,29.76,,0,0,0,71.1,71.4,71.1,0.19,0.15,0.15
VOOR,2017-08-21 10:05:00 EDT,42.65242,-73.97562,378,72.4,70.8,72.4,76.0,64.4,0.000,0.000,0.00,0.000,2.6,5.2,1.3,75,21,3.2,6.3,1.4,73,22,2.6,5.2,1.3,75,21,560,29.76,,0,0,0,71.3,71.4,71.1,0.19,0.15,0.15
VOOR,2017-08-21 10:10:00 EDT,42.65242,-73.97562,378,72.5,70.9,72.5,76.0,64.5,0.000,0.000,0.00,0.000,3.5,4.7,0.6,61,21,3.9,5.9,0.7,63,22,3.5,4.7,0.6,61,21,587,29.76,,0,0,0,71.4,71.4,71.1,0.19,0.15,0.15
VOOR,2017-08-21 10:15:00 EDT,42.65242,-73.97562,378,72.5,71.3,72.5,75.4,64.3,0.000,0.000,0.00,0.000,2.4,5.8,1.2,73,42,2.7,7.2,1.3,76,39,2.4,5.8,1.2,73,42,598,29.76,,0,0,0,71.4,71.4,71.1,0.19,0.15,0.15
VOOR,2017-08-21 10:20:00 EDT,42.65242,-73.97562,378,73.6,71.6,73.6,75.3,65.3,0.000,0.000,0.00,0.000,3.1,4.6,0.8,90,13,3.5,5.3,0.9,91,14,3.1,4.6,0.8,90,13,612,29.76,,0,0,0,71.6,71.4,71.1,0.19,0.15,0.15
VOOR,2017-08-21 10:25:00 EDT,42.65242,-73.97562,378,74.5,72.6,74.5,75.3,66.2,0.000,0.000,0.00,0.000,3.0,5.8,1.1,99,25,3.5,6.7,1.2,100,24,3.0,5.8,1.1,99,25,597,29.76,,0,0,0,71.8,71.4,71.1,0.19,0.15,0.15
VOOR,2017-08-21 10:30:00 EDT,42.65242,-73.97562,378,74.9,73.4,74.9,73.5,65.9,0.000,0.000,0.00,0.000,3.0,4.6,0.7,146,25,3.4,5.8,1.0,146,23,3.0,4.6,0.7,146,25,610,29.76,,0,0,0,72.0,71.4,71.1,0.19,0.15,0.15
VOOR,2017-08-21 10:35:00 EDT,42.65242,-73.97562,378,74.9,73.5,74.9,72.6,65.5,0.000,0.000,0.00,0.000,2.6,4.4,1.1,122,28,3.0,5.6,1.3,121,28,2.6,4.4,1.1,122,28,624,29.76,,0,0,0,72.3,71.4,71.1,0.19,0.15,0.15
VOOR,2017-08-21 10:40:00 EDT,42.65242,-73.97562,378,75.7,74.1,75.7,72.0,66.0,0.000,0.000,0.00,0.000,2.2,4.4,1.1,140,26,2.5,5.2,1.0,137,27,2.2,4.4,1.1,140,26,656,29.76,,0,0,0,72.4,71.4,71.1,0.19,0.15,0.15
VOOR,2017-08-21 10:45:00 EDT,42.65242,-73.97562,378,76.4,74.3,76.4,71.6,66.5,0.000,0.000,0.00,0.000,3.0,5.5,1.1,91,27,3.6,6.2,1.1,91,27,3.0,5.5,1.1,91,27,649,29.77,,0,0,0,72.7,71.4,71.1,0.19,0.15,0.15
VOOR,2017-08-21 10:50:00 EDT,42.65242,-73.97562,378,76.6,74.6,76.6,71.2,66.6,0.000,0.000,0.00,0.000,2.4,4.2,0.9,96,26,2.9,5.0,1.1,95,25,2.4,4.2,0.9,96,26,673,29.77,,0,0,0,72.8,71.4,71.1,0.19,0.15,0.15
VOOR,2017-08-21 10:55:00 EDT,42.65242,-73.97562,378,76.9,74.9,76.9,71.1,66.8,0.000,0.000,0.00,0.000,3.2,7.5,1.7,112,38,3.7,8.5,1.9,108,37,3.2,7.5,1.7,112,38,702,29.76,,0,0,0,73.0,71.4,71.1,0.19,0.15,0.15
VOOR,2017-08-21 11:00:00 EDT,42.65242,-73.97562,378,76.9,75.8,76.9,68.5,65.8,0.000,0.000,0.00,0.000,2.3,4.2,0.8,150,23,2.6,4.9,1.0,151,24,2.3,4.2,0.8,150,23,704,29.76,,0,0,0,73.2,71.4,71.1,0.19,0.15,0.15
VOOR,2017-08-21 11:05:00 EDT,42.65242,-73.97562,378,77.3,76.1,77.3,68.0,65.9,0.000,0.000,0.00,0.000,1.4,3.7,0.9,110,24,1.9,4.3,1.0,110,23,1.4,3.7,0.9,110,24,698,29.76,,0,0,0,73.4,71.4,71.1,0.19,0.15,0.15
VOOR,2017-08-21 11:10:00 EDT,42.65242,-73.97562,378,77.8,76.2,77.8,68.1,66.4,0.000,0.000,0.00,0.000,2.8,6.3,1.7,102,21,3.3,7.7,1.8,102,21,2.8,6.3,1.7,102,21,723,29.76,,0,0,0,73.7,71.4,71.1,0.19,0.15,0.15
VOOR,2017-08-21 11:15:00 EDT,42.65242,-73.97562,378,78.8,76.7,78.8,68.9,67.7,0.000,0.000,0.00,0.000,4.4,8.3,1.4,125,35,4.9,10.1,1.7,124,36,4.4,8.3,1.4,125,35,752,29.76,,0,0,0,73.9,71.4,71.1,0.19,0.15,0.15
VOOR,2017-08-21 11:20:00 EDT,42.65242,-73.97562,378,78.7,76.9,78.7,67.0,66.8,0.000,0.000,0.00,0.000,2.5,5.5,1.1,117,28,2.9,5.4,1.2,115,27,2.5,5.5,1.1,117,28,553,29.75,,0,0,0,74.2,71.4,71.1,0.19,0.15,0.15
VOOR,2017-08-21 11:25:00 EDT,42.65242,-73.97562,378,78.4,77.1,78.4,67.5,66.8,0.000,0.000,0.00,0.000,3.3,5.1,1.0,131,16,3.7,5.8,1.2,132,16,3.3,5.1,1.0,131,16,474,29.75,,0,0,0,74.3,71.4,71.1,0.19,0.15,0.15
VOOR,2017-08-21 11:30:00 EDT,42.65242,-73.97562,378,78.9,77.4,78.9,67.9,67.4,0.000,0.000,0.00,0.000,3.2,5.0,1.1,140,17,3.5,6.4,1.1,141,17,3.2,5.0,1.1,140,17,612,29.75,,0,0,0,74.6,71.4,71.1,0.19,0.16,0.15
VOOR,2017-08-21 11:35:00 EDT,42.65242,-73.97562,378,79.2,77.7,79.2,66.7,67.1,0.000,0.000,0.00,0.000,4.6,6.4,1.0,131,21,4.9,7.0,1.2,131,21,4.6,6.4,1.0,131,21,773,29.75,,0,0,0,74.7,71.4,71.1,0.19,0.15,0.15
VOOR,2017-08-21 11:40:00 EDT,42.65242,-73.97562,378,79.8,77.5,79.8,67.5,68.1,0.000,0.000,0.00,0.000,5.2,8.3,1.1,101,15,5.8,9.6,1.2,102,15,5.2,8.3,1.1,101,15,765,29.74,,0,0,0,74.7,71.4,71.1,0.19,0.15,0.15
VOOR,2017-08-21 11:45:00 EDT,42.65242,-73.97562,378,79.3,77.2,79.3,67.6,67.7,0.000,0.000,0.00,0.000,4.3,8.0,1.5,81,18,4.8,9.3,1.8,82,17,4.3,8.0,1.5,81,18,752,29.74,,0,0,0,75.0,71.4,71.1,0.19,0.15,0.15
VOOR,2017-08-21 11:50:00 EDT,42.65242,-73.97562,378,79.8,77.7,79.8,68.2,68.4,0.000,0.000,0.00,0.000,5.2,8.5,1.9,92,16,5.8,9.6,2.0,92,14,5.2,8.5,1.9,92,16,790,29.74,,0,0,0,75.0,71.4,71.1,0.19,0.15,0.15
VOOR,2017-08-21 11:55:00 EDT,42.65242,-73.97562,378,80.4,77.9,83.2,67.2,68.5,0.000,0.000,0.00,0.000,5.6,9.2,1.5,94,18,6.3,10.4,1.7,94,16,5.6,9.2,1.5,94,18,807,29.74,,0,0,0,75.0,71.4,71.1,0.19,0.15,0.15
VOOR,2017-08-21 12:00:00 EDT,42.65242,-73.97562,378,80.8,78.3,83.9,67.6,69.1,0.000,0.000,0.00,0.000,6.2,9.4,1.1,91,16,6.8,12.0,1.4,92,14,6.2,9.4,1.1,91,16,842,29.74,,0,0,0,75.5,71.4,71.1,0.19,0.15,0.15
VOOR,2017-08-21 12:05:00 EDT,42.65242,-73.97562,378,81.1,78.7,84.1,65.6,68.5,0.000,0.000,0.00,0.000,4.2,6.4,1.0,88,25,4.8,7.4,1.1,88,23,4.2,6.4,1.0,88,25,835,29.73,,0,0,0,75.6,71.4,71.1,0.19,0.15,0.15
VOOR,2017-08-21 12:10:00 EDT,42.65242,-73.97562,378,81.2,78.8,84.2,65.8,68.6,0.000,0.000,0.00,0.000,5.8,11.2,2.0,92,12,6.4,12.1,2.1,93,11,5.8,11.2,2.0,92,12,745,29.73,,0,0,0,75.7,71.4,71.1,0.19,0.15,0.15
VOOR,2017-08-21 12:15:00 EDT,42.65242,-73.97562,378,81.4,79.4,84.7,66.1,69.0,0.000,0.000,0.00,0.000,4.4,7.2,1.2,92,18,5.1,9.2,1.4,92,17,4.4,7.2,1.2,92,18,776,29.73,,0,0,0,75.9,71.4,71.1,0.19,0.15,0.15
VOOR,2017-08-21 12:20:00 EDT,42.65242,-73.97562,378,81.1,79.0,84.1,66.0,68.6,0.000,0.000,0.00,0.000,5.4,8.3,1.1,94,22,6.0,8.3,1.2,95,19,5.4,8.3,1.1,94,22,801,29.73,,0,0,0,76.2,71.4,71.1,0.19,0.15,0.15
VOOR,2017-08-21 12:25:00 EDT,42.65242,-73.97562,378,80.9,78.9,83.7,64.9,68.0,0.000,0.000,0.00,0.000,6.1,8.0,0.8,85,16,6.8,8.8,0.9,86,15,6.1,8.0,0.8,85,16,795,29.73,,0,0,0,76.5,71.4,71.1,0.19,0.15,0.15
VOOR,2017-08-21 12:30:00 EDT,42.65242,-73.97562,378,81.2,79.1,84.2,65.4,68.5,0.000,0.000,0.00,0.000,5.6,8.0,1.4,95,20,6.3,9.1,1.5,95,20,5.6,8.0,1.4,95,20,800,29.72,,0,0,0,76.6,71.4,71.1,0.19,0.15,0.15
VOOR,2017-08-21 12:35:00 EDT,42.65242,-73.97562,378,81.5,79.5,84.5,64.8,68.5,0.000,0.000,0.00,0.000,6.1,9.5,1.3,72,23,7.0,10.7,1.4,72,21,6.1,9.5,1.3,72,23,759,29.72,,0,0,0,76.8,71.4,71.1,0.19,0.15,0.15
VOOR,2017-08-21 12:40:00 EDT,42.65242,-73.97562,378,81.4,79.4,84.3,64.4,68.2,0.000,0.000,0.00,0.000,5.5,8.7,1.6,95,13,6.1,9.3,1.7,95,11,5.5,8.7,1.6,95,13,447,29.72,,0,0,0,77.0,71.4,71.1,0.19,0.15,0.15
VOOR,2017-08-21 12:45:00 EDT,42.65242,-73.97562,378,80.6,79.3,83.2,65.0,67.7,0.000,0.000,0.00,0.000,4.3,6.9,1.1,92,21,4.9,8.5,1.2,92,20,4.3,6.9,1.1,92,21,370,29.72,,0,0,0,77.2,71.5,71.1,0.19,0.15,0.15
VOOR,2017-08-21 12:50:00 EDT,42.65242,-73.97562,378,80.5,79.4,83.1,65.0,67.7,0.000,0.000,0.00,0.000,4.5,6.9,1.1,87,16,5.1,8.1,1.3,86,17,4.5,6.9,1.1,87,16,333,29.72,,0,0,0,77.3,71.7,71.1,0.19,0.15,0.15
VOOR,2017-08-21 12:55:00 EDT,42.65242,-73.97562,378,80.5,79.7,83.1,65.8,67.9,0.000,0.000,0.00,0.000,4.2,8.4,1.4,142,31,4.9,9.2,1.5,144,32,4.2,8.4,1.4,142,31,360,29.71,,0,0,0,77.7,71.7,71.1,0.19,0.15,0.15
VOOR,2017-08-21 13:00:00 EDT,42.65242,-73.97562,378,80.8,79.7,83.8,66.5,68.6,0.000,0.000,0.00,0.000,5.2,9.1,1.5,96,11,5.7,10.4,1.6,96,10,5.2,9.1,1.5,96,11,348,29.71,,0,0,0,77.7,71.8,71.1,0.19,0.15,0.15
VOOR,2017-08-21 13:05:00 EDT,42.65242,-73.97562,378,80.3,79.2,83.2,67.5,68.6,0.000,0.000,0.00,0.000,5.9,8.8,1.2,100,12,6.4,9.7,1.4,99,10,5.9,8.8,1.2,100,12,356,29.71,,0,0,0,77.7,71.8,71.0,0.19,0.15,0.15
VOOR,2017-08-21 13:10:00 EDT,42.65242,-73.97562,378,80.4,79.4,83.3,67.4,68.7,0.000,0.000,0.00,0.000,5.8,8.3,1.1,95,13,6.5,10.4,1.3,95,13,5.8,8.3,1.1,95,13,424,29.71,,0,0,0,77.7,71.8,71.1,0.19,0.15,0.15
VOOR,2017-08-21 13:15:00 EDT,42.65242,-73.97562,378,81.0,79.8,84.3,67.4,69.2,0.000,0.000,0.00,0.000,4.9,7.1,1.2,115,22,5.5,9.0,1.3,115,21,4.9,7.1,1.2,115,22,555,29.71,,0,0,0,77.7,71.8,71.1,0.19,0.15,0.15
VOOR,2017-08-21 13:20:00 EDT,42.65242,-73.97562,378,81.4,80.1,84.4,64.4,68.3,0.000,0.000,0.00,0.000,4.7,7.0,1.3,121,17,5.1,7.7,1.2,122,17,4.7,7.0,1.3,121,17,593,29.71,,0,0,0,77.9,71.8,71.1,0.19,0.15,0.15
VOOR,2017-08-21 13:25:00 EDT,42.65242,-73.97562,378,81.9,80.4,85.0,63.7,68.4,0.000,0.000,0.00,0.000,5.2,7.7,1.3,132,15,5.6,8.6,1.3,132,14,5.2,7.7,1.3,132,15,702,29.71,,0,0,0,78.1,71.8,71.0,0.19,0.15,0.15
VOOR,2017-08-21 13:30:00 EDT,42.65242,-73.97562,378,81.6,80.2,84.3,62.5,67.5,0.000,0.000,0.00,0.000,4.6,7.5,1.3,112,12,4.9,8.4,1.4,111,10,4.6,7.5,1.3,112,12,466,29.72,,0,0,0,78.1,71.8,71.0,0.19,0.15,0.15
VOOR,2017-08-21 13:35:00 EDT,42.65242,-73.97562,378,81.8,80.4,85.1,64.9,68.9,0.000,0.000,0.00,0.000,3.6,5.9,1.0,118,14,4.2,6.8,1.1,117,14,3.6,5.9,1.0,118,14,392,29.72,,0,0,0,78.1,71.8,71.0,0.19,0.15,0.15
VOOR,2017-08-21 13:40:00 EDT,42.65242,-73.97562,378,81.4,80.5,84.7,66.4,69.2,0.000,0.000,0.00,0.000,3.3,6.3,1.2,139,17,3.8,7.5,1.2,140,16,3.3,6.3,1.2,139,17,342,29.72,,0,0,0,78.1,71.8,70.9,0.19,0.15,0.15
VOOR,2017-08-21 13:45:00 EDT,42.65242,-73.97562,378,81.1,80.3,84.0,65.3,68.4,0.000,0.000,0.00,0.000,3.8,6.9,1.4,139,12,4.2,7.7,1.3,138,11,3.8,6.9,1.4,139,12,324,29.72,,0,0,0,78.1,71.8,70.8,0.19,0.15,0.15
VOOR,2017-08-21 13:50:00 EDT,42.65242,-73.97562,378,81.2,80.2,84.0,64.3,68.0,0.000,0.000,0.00,0.000,3.4,5.3,1.1,112,15,3.7,6.9,1.1,112,13,3.4,5.3,1.1,112,15,290,29.72,,0,0,0,78.1,71.9,70.8,0.19,0.15,0.15
VOOR,2017-08-21 13:55:00 EDT,42.65242,-73.97562,378,81.2,80.1,84.0,64.8,68.2,0.000,0.000,0.00,0.000,3.0,4.6,0.5,103,15,3.3,5.3,0.6,105,15,3.0,4.6,0.5,103,15,264,29.71,,0,0,0,78.2,72.1,70.7,0.19,0.15,0.15
VOOR,2017-08-21 14:00:00 EDT,42.65242,-73.97562,378,81.0,80.2,84.0,66.0,68.6,0.000,0.000,0.00,0.000,2.7,4.5,0.9,98,23,3.1,5.2,0.9,97,23,2.7,4.5,0.9,98,23,255,29.71,,0,0,0,78.4,72.3,70.8,0.19,0.15,0.15
VOOR,2017-08-21 14:05:00 EDT,42.65242,-73.97562,378,81.2,80.3,84.2,66.1,68.7,0.000,0.000,0.00,0.000,2.4,4.2,0.8,97,20,2.8,4.8,0.9,96,20,2.4,4.2,0.8,97,20,275,29.71,,0,0,0,78.5,72.3,70.7,0.18,0.15,0.15
VOOR,2017-08-21 14:10:00 EDT,42.65242,-73.97562,378,81.4,80.5,84.6,66.0,68.9,0.000,0.000,0.00,0.000,2.4,4.4,0.9,132,16,2.7,5.0,0.9,131,16,2.4,4.4,0.9,132,16,291,29.71,,0,0,0,78.6,72.3,70.7,0.18,0.15,0.15
VOOR,2017-08-21 14:15:00 EDT,42.65242,-73.97562,378,81.2,80.7,84.0,64.5,68.1,0.000,0.000,0.00,0.000,3.0,4.6,0.8,142,11,3.2,5.3,0.9,141,10,3.0,4.6,0.8,142,11,351,29.70,,0,0,0,78.6,72.3,70.7,0.19,0.15,0.15
VOOR,2017-08-21 14:20:00 EDT,42.65242,-73.97562,378,81.3,80.7,84.1,63.7,67.9,0.000,0.000,0.00,0.000,4.1,6.0,0.9,147,12,4.4,6.7,1.0,147,12,4.1,6.0,0.9,147,12,390,29.70,,0,0,0,78.5,72.3,70.7,0.18,0.15,0.15
VOOR,2017-08-21 14:25:00 EDT,42.65242,-73.97562,378,81.4,80.8,84.2,63.0,67.6,0.000,0.000,0.00,0.000,2.5,4.2,0.9,144,21,2.7,5.1,1.0,146,23,2.5,4.2,0.9,144,21,405,29.70,,0,0,0,78.6,72.3,70.7,0.19,0.15,0.15
VOOR,2017-08-21 14:30:00 EDT,42.65242,-73.97562,378,81.4,80.7,84.1,63.0,67.6,0.000,0.000,0.00,0.000,3.9,7.5,1.5,136,20,4.3,8.2,1.6,137,20,3.9,7.5,1.5,136,20,280,29.70,,0,0,0,78.6,72.3,70.7,0.18,0.15,0.15
VOOR,2017-08-21 14:35:00 EDT,42.65242,-73.97562,378,80.8,80.4,83.1,62.3,66.7,0.000,0.000,0.00,0.000,4.4,6.1,0.8,127,9,4.8,6.7,0.8,127,9,4.4,6.1,0.8,127,9,154,29.70,,0,0,0,78.6,72.3,70.7,0.19,0.15,0.15
VOOR,2017-08-21 14:40:00 EDT,42.65242,-73.97562,378,80.2,80.1,82.4,63.3,66.6,0.000,0.000,0.00,0.000,4.3,5.8,0.7,130,11,4.5,6.2,0.8,130,10,4.3,5.8,0.7,130,11,186,29.69,,0,0,0,78.6,72.3,70.7,0.19,0.15,0.15
VOOR,2017-08-21 14:45:00 EDT,42.65242,-73.97562,378,80.1,79.9,82.7,66.3,67.9,0.000,0.000,0.00,0.000,3.7,5.3,0.7,134,12,4.0,5.8,0.8,134,11,3.7,5.3,0.7,134,12,241,29.69,,0,0,0,78.6,72.3,70.7,0.19,0.15,0.15
VOOR,2017-08-21 14:50:00 EDT,42.65242,-73.97562,378,80.2,79.9,83.0,68.1,68.7,0.000,0.000,0.00,0.000,2.8,5.0,0.8,138,10,3.1,5.7,0.9,138,10,2.8,5.0,0.8,138,10,248,29.69,,0,0,0,78.6,72.3,70.7,0.19,0.15,0.15
VOOR,2017-08-21 14:55:00 EDT,42.65242,-73.97562,378,80.3,80.1,83.1,67.5,68.6,0.000,0.000,0.00,0.000,2.4,3.2,0.4,148,8,2.6,3.9,0.5,147,7,2.4,3.2,0.4,148,8,259,29.69,,0,0,0,78.6,72.3,70.7,0.19,0.15,0.15
VOOR,2017-08-21 15:00:00 EDT,42.65242,-73.97562,378,80.5,80.3,83.4,67.2,68.6,0.000,0.000,0.00,0.000,1.8,2.4,0.3,141,14,2.0,2.8,0.3,141,13,1.8,2.4,0.3,141,14,277,29.69,,0,0,0,78.6,72.5,70.7,0.19,0.15,0.15
VOOR,2017-08-21 15:05:00 EDT,42.65242,-73.97562,378,80.8,80.3,84.0,67.7,69.2,0.000,0.000,0.00,0.000,2.3,3.1,0.3,136,9,2.2,3.4,0.4,136,8,2.3,3.1,0.3,136,9,303,29.69,,0,0,0,78.6,72.7,70.7,0.19,0.15,0.15
VOOR,2017-08-21 15:10:00 EDT,42.65242,-73.97562,378,81.0,80.5,84.3,67.6,69.3,0.000,0.000,0.00,0.000,3.4,5.3,0.8,145,9,3.6,5.8,1.0,144,9,3.4,5.3,0.8,145,9,335,29.68,,0,0,0,78.6,72.7,70.7,0.19,0.15,0.15
VOOR,2017-08-21 15:15:00 EDT,42.65242,-73.97562,378,81.1,80.6,84.3,66.8,69.0,0.000,0.000,0.00,0.000,4.2,6.2,0.6,147,13,4.5,6.2,0.8,147,13,4.2,6.2,0.6,147,13,373,29.68,,0,0,0,78.6,72.7,70.7,0.18,0.15,0.15
VOOR,2017-08-21 15:20:00 EDT,42.65242,-73.97562,378,81.5,80.8,84.9,67.1,69.5,0.000,0.000,0.00,0.000,4.2,6.4,0.8,142,12,4.5,6.4,1.0,143,13,4.2,6.4,0.8,142,12,412,29.68,,0,0,0,78.6,72.7,70.7,0.18,0.15,0.15
VOOR,2017-08-21 15:25:00 EDT,42.65242,-73.97562,378,81.9,80.9,85.4,66.3,69.5,0.000,0.000,0.00,0.000,3.6,5.6,1.0,175,19,4.2,6.2,1.1,179,18,3.6,5.6,1.0,175,19,451,29.68,,0,0,0,78.6,72.7,70.7,0.18,0.15,0.15
VOOR,2017-08-21 15:30:00 EDT,42.65242,-73.97562,378,82.0,81.0,85.5,65.5,69.3,0.000,0.000,0.00,0.000,4.0,6.5,1.1,144,20,4.4,6.8,1.2,146,21,4.0,6.5,1.1,144,20,494,29.68,,0,0,0,78.6,72.7,70.7,0.18,0.15,0.15
VOOR,2017-08-21 15:35:00 EDT,42.65242,-73.97562,378,82.2,81.3,85.7,65.1,69.3,0.000,0.000,0.00,0.000,4.0,6.4,1.0,159,23,4.6,7.9,1.1,160,22,4.0,6.4,1.0,159,23,473,29.68,,0,0,0,78.6,72.7,70.7,0.18,0.15,0.15
VOOR,2017-08-21 15:40:00 EDT,42.65242,-73.97562,378,82.3,81.5,85.6,63.5,68.7,0.000,0.000,0.00,0.000,5.9,8.3,1.2,144,11,6.2,9.1,1.4,146,9,5.9,8.3,1.2,144,11,509,29.68,,0,0,0,78.6,72.7,70.7,0.19,0.15,0.15
VOOR,2017-08-21 15:45:00 EDT,42.65242,-73.97562,378,83.0,81.9,86.2,61.4,68.3,0.000,0.000,0.00,0.000,6.7,9.2,1.5,143,13,7.4,10.4,1.6,143,11,6.7,9.2,1.5,143,13,574,29.68,,0,0,0,78.6,72.7,70.7,0.19,0.15,0.15
VOOR,2017-08-21 15:50:00 EDT,42.65242,-73.97562,378,82.9,81.9,85.8,59.9,67.6,0.000,0.000,0.00,0.000,7.2,11.8,1.7,153,14,7.7,12.2,1.8,154,15,7.2,11.8,1.7,153,14,580,29.68,,0,0,0,78.6,72.7,70.7,0.19,0.15,0.15
VOOR,2017-08-21 15:55:00 EDT,42.65242,-73.97562,378,83.1,82.2,85.8,58.6,67.1,0.000,0.000,0.00,0.000,5.5,9.3,1.6,151,20,6.1,10.2,1.7,153,21,5.5,9.3,1.6,151,20,584,29.68,,0,0,0,78.6,72.7,70.7,0.18,0.15,0.15
VOOR,2017-08-21 16:00:00 EDT,42.65242,-73.97562,378,83.4,82.4,86.1,58.3,67.2,0.000,0.000,0.00,0.000,6.5,10.4,2.3,131,14,7.0,11.4,2.2,132,15,6.5,10.4,2.3,131,14,575,29.68,,0,0,0,78.6,73.0,70.7,0.19,0.15,0.15
VOOR,2017-08-21 16:05:00 EDT,42.65242,-73.97562,378,83.2,82.3,86.1,59.4,67.6,0.000,0.000,0.00,0.000,7.0,10.2,1.7,150,13,7.6,11.4,1.9,152,12,7.0,10.2,1.7,150,13,558,29.68,,0,0,0,78.6,73.0,70.7,0.18,0.15,0.15
VOOR,2017-08-21 16:10:00 EDT,42.65242,-73.97562,378,83.3,82.2,86.0,58.5,67.2,0.000,0.000,0.00,0.000,7.5,11.9,1.6,142,13,8.0,13.3,1.8,144,14,7.5,11.9,1.6,142,13,549,29.68,,0,0,0,78.7,73.0,70.7,0.18,0.15,0.15
VOOR,2017-08-21 16:15:00 EDT,42.65242,-73.97562,378,83.2,82.4,86.0,59.1,67.4,0.000,0.000,0.00,0.000,6.3,10.7,1.6,157,12,7.0,11.5,1.7,159,11,6.3,10.7,1.6,157,12,542,29.67,,0,0,0,78.8,73.0,70.7,0.18,0.15,0.15
VOOR,2017-08-21 16:20:00 EDT,42.65242,-73.97562,378,83.1,82.2,85.9,59.2,67.4,0.000,0.000,0.00,0.000,8.4,13.2,1.8,142,10,9.0,13.1,1.8,142,11,8.4,13.2,1.8,142,10,524,29.67,,0,0,0,79.0,73.0,70.7,0.18,0.15,0.15
VOOR,2017-08-21 16:25:00 EDT,42.65242,-73.97562,378,83.2,82.3,86.3,60.4,68.0,0.000,0.000,0.00,0.000,6.4,9.6,1.4,150,13,6.8,9.7,1.4,151,14,6.4,9.6,1.4,150,13,509,29.67,,0,0,0,79.0,73.0,70.7,0.18,0.15,0.15
VOOR,2017-08-21 16:30:00 EDT,42.65242,-73.97562,378,83.1,82.2,86.2,60.3,67.9,0.000,0.000,0.00,0.000,6.9,9.9,1.4,147,14,7.4,10.6,1.5,149,14,6.9,9.9,1.4,147,14,496,29.67,,0,0,0,79.1,73.0,70.7,0.18,0.15,0.15
VOOR,2017-08-21 16:35:00 EDT,42.65242,-73.97562,378,83.2,82.4,86.1,59.7,67.7,0.000,0.000,0.00,0.000,7.1,9.9,1.4,152,13,7.7,10.7,1.5,153,13,7.1,9.9,1.4,152,13,483,29.67,,0,0,0,79.1,73.0,70.7,0.18,0.15,0.15
VOOR,2017-08-21 16:40:00 EDT,42.65242,-73.97562,378,83.4,82.7,86.3,58.5,67.4,0.000,0.000,0.00,0.000,6.4,9.0,1.0,148,12,6.7,9.1,1.2,148,11,6.4,9.0,1.0,148,12,473,29.67,,0,0,0,79.2,73.0,70.7,0.18,0.15,0.15
VOOR,2017-08-21 16:45:00 EDT,42.65242,-73.97562,378,83.8,83.0,87.0,58.8,67.9,0.000,0.000,0.00,0.000,4.9,8.9,1.4,149,15,5.4,9.7,1.6,152,15,4.9,8.9,1.4,149,15,463,29.67,,0,0,0,79.1,73.0,70.7,0.18,0.15,0.15
VOOR,2017-08-21 16:50:00 EDT,42.65242,-73.97562,378,84.6,83.7,88.1,58.1,68.3,0.000,0.000,0.00,0.000,3.2,7.2,1.2,140,16,3.6,7.2,1.3,140,15,3.2,7.2,1.2,140,16,452,29.67,,0,0,0,79.2,73.0,70.7,0.18,0.15,0.15
VOOR,2017-08-21 16:55:00 EDT,42.65242,-73.97562,378,84.4,83.7,87.4,56.9,67.5,0.000,0.000,0.00,0.000,5.0,7.3,1.6,157,14,5.3,8.6,1.7,157,14,5.0,7.3,1.6,157,14,427,29.67,,0,0,0,79.2,73.0,70.7,0.18,0.15,0.15
VOOR,2017-08-21 17:00:00 EDT,42.65242,-73.97562,378,84.2,83.6,87.1,56.9,67.3,0.000,0.000,0.00,0.000,4.8,7.6,1.3,141,14,5.3,8.8,1.3,142,15,4.8,7.6,1.3,141,14,410,29.66,,0,0,0,79.2,73.0,70.7,0.18,0.15,0.15
VOOR,2017-08-21 17:05:00 EDT,42.65242,-73.97562,378,84.1,83.4,87.7,59.7,68.6,0.000,0.000,0.00,0.000,3.8,5.9,1.1,137,13,4.1,6.3,1.0,137,12,3.8,5.9,1.1,137,13,394,29.66,,0,0,0,79.2,73.0,70.7,0.18,0.15,0.15
VOOR,2017-08-21 17:10:00 EDT,42.65242,-73.97562,378,84.1,83.6,87.5,59.0,68.3,0.000,0.000,0.00,0.000,4.4,7.2,1.2,159,23,4.9,7.9,1.3,161,23,4.4,7.2,1.2,159,23,378,29.66,,0,0,0,79.2,73.0,70.7,0.18,0.15,0.15
VOOR,2017-08-21 17:15:00 EDT,42.65242,-73.97562,378,84.2,83.5,87.3,58.2,67.9,0.000,0.000,0.00,0.000,4.5,6.5,1.2,143,13,4.9,7.3,1.3,142,12,4.5,6.5,1.2,143,13,359,29.66,,0,0,0,79.2,73.0,70.7,0.18,0.15,0.15
VOOR,2017-08-21 17:20:00 EDT,42.65242,-73.97562,378,84.0,83.3,87.1,58.4,67.8,0.000,0.000,0.00,0.000,5.2,7.0,1.0,137,13,5.6,8.2,1.1,138,11,5.2,7.0,1.0,137,13,338,29.66,,0,0,0,79.2,73.0,70.7,0.18,0.15,0.15
VOOR,2017-08-21 17:25:00 EDT,42.65242,-73.97562,378,83.6,83.1,86.6,59.0,67.8,0.000,0.000,0.00,0.000,5.2,8.3,1.4,137,14,5.7,9.2,1.5,138,14,5.2,8.3,1.4,137,14,326,29.66,,0,0,0,79.2,73.1,70.7,0.18,0.15,0.15
VOOR,2017-08-21 17:30:00 EDT,42.65242,-73.97562,378,83.5,83.0,86.7,59.9,68.1,0.000,0.000,0.00,0.000,4.7,6.7,1.0,137,10,5.1,7.5,1.1,137,10,4.7,6.7,1.0,137,10,316,29.66,,0,0,0,79.2,73.1,70.7,0.18,0.15,0.15
VOOR,2017-08-21 17:35:00 EDT,42.65242,-73.97562,378,83.6,83.2,86.8,59.7,68.1,0.000,0.000,0.00,0.000,4.0,6.4,1.1,152,20,4.3,7.1,1.2,152,21,4.0,6.4,1.1,152,20,307,29.66,,0,0,0,79.2,73.3,70.7,0.18,0.15,0.15
VOOR,2017-08-21 17:40:00 EDT,42.65242,-73.97562,378,83.9,83.4,87.6,60.9,69.0,0.000,0.000,0.00,0.000,2.7,4.8,0.9,137,18,3.0,5.4,0.9,139,18,2.7,4.8,0.9,137,18,291,29.65,,0,0,0,79.1,73.3,70.7,0.18,0.15,0.15
VOOR,2017-08-21 17:45:00 EDT,42.65242,-73.97562,378,83.6,83.4,87.0,60.4,68.5,0.000,0.000,0.00,0.000,3.5,5.1,0.8,152,16,3.9,5.3,0.7,153,16,3.5,5.1,0.8,152,16,277,29.65,,0,0,0,78.8,73.4,70.7,0.18,0.15,0.15
VOOR,2017-08-21 17:50:00 EDT,42.65242,-73.97562,378,83.4,83.4,86.3,59.1,67.6,0.000,0.000,0.00,0.000,4.2,6.1,0.8,160,12,4.6,7.4,0.9,161,12,4.2,6.1,0.8,160,12,264,29.65,,0,0,0,78.6,73.4,70.7,0.18,0.15,0.15
VOOR,2017-08-21 17:55:00 EDT,42.65242,-73.97562,378,83.3,83.3,86.6,60.8,68.4,0.000,0.000,0.00,0.000,4.2,6.5,1.1,160,13,4.7,7.2,1.1,162,11,4.2,6.5,1.1,160,13,248,29.65,,0,0,0,78.6,73.4,70.7,0.18,0.15,0.15
VOOR,2017-08-21 18:00:00 EDT,42.65242,-73.97562,378,83.2,83.1,86.5,61.1,68.4,0.000,0.000,0.00,0.000,3.2,6.7,1.3,176,16,3.7,7.4,1.3,179,15,3.2,6.7,1.3,176,16,233,29.65,,0,0,0,78.6,73.4,70.7,0.18,0.15,0.15
VOOR,2017-08-21 18:05:00 EDT,42.65242,-73.97562,378,83.0,82.8,86.1,60.6,68.0,0.000,0.000,0.00,0.000,3.8,6.8,1.0,177,11,4.3,7.5,1.2,179,11,3.8,6.8,1.0,177,11,223,29.65,,0,0,0,78.6,73.4,70.7,0.18,0.15,0.15
VOOR,2017-08-21 18:10:00 EDT,42.65242,-73.97562,378,82.8,82.7,86.0,62.1,68.5,0.000,0.000,0.00,0.000,4.2,6.2,0.9,170,12,4.7,6.7,1.0,172,11,4.2,6.2,0.9,170,12,208,29.65,,0,0,0,78.6,73.4,70.7,0.18,0.15,0.15
VOOR,2017-08-21 18:15:00 EDT,42.65242,-73.97562,378,82.5,82.4,85.6,62.1,68.2,0.000,0.000,0.00,0.000,3.7,6.1,0.9,176,10,4.1,6.6,0.9,179,9,3.7,6.1,0.9,176,10,192,29.65,,0,0,0,78.6,73.4,70.7,0.18,0.15,0.15
VOOR,2017-08-21 18:20:00 EDT,42.65242,-73.97562,378,82.2,82.1,85.5,64.2,68.9,0.000,0.000,0.00,0.000,2.9,4.5,0.8,178,14,3.4,5.4,0.9,180,14,2.9,4.5,0.8,178,14,177,29.65,,0,0,0,78.6,73.4,70.7,0.18,0.15,0.15
VOOR,2017-08-21 18:25:00 EDT,42.65242,-73.97562,378,81.9,81.9,85.3,65.6,69.2,0.000,0.000,0.00,0.000,3.4,5.1,0.8,174,11,3.8,5.6,0.8,175,10,3.4,5.1,0.8,174,11,165,29.65,,0,0,0,78.6,73.4,70.7,0.18,0.15,0.15
VOOR,2017-08-21 18:30:00 EDT,42.65242,-73.97562,378,81.6,81.7,85.0,66.6,69.4,0.000,0.000,0.00,0.000,3.4,5.1,0.6,175,10,3.9,5.4,0.7,177,8,3.4,5.1,0.6,175,10,151,29.64,,0,0,0,78.6,73.4,70.7,0.18,0.15,0.15
VOOR,2017-08-21 18:35:00 EDT,42.65242,-73.97562,378,81.3,81.4,84.7,67.4,69.5,0.000,0.000,0.00,0.000,3.1,4.5,0.6,172,8,3.4,5.2,0.6,174,10,3.1,4.5,0.6,172,8,138,29.64,,0,0,0,78.5,73.4,70.7,0.18,0.15,0.15
VOOR,2017-08-21 18:40:00 EDT,42.65242,-73.97562,378,81.0,81.1,84.2,67.1,69.1,0.000,0.000,0.00,0.000,2.6,4.3,0.8,171,17,3.0,4.7,1.0,174,16,2.6,4.3,0.8,171,17,124,29.64,,0,0,0,78.3,73.4,70.8,0.18,0.15,0.15
VOOR,2017-08-21 18:45:00 EDT,42.65242,-73.97562,378,80.8,81.1,84.0,68.4,69.4,0.000,0.000,0.00,0.000,2.7,5.5,1.1,157,15,3.1,5.8,1.0,158,14,2.7,5.5,1.1,157,15,116,29.64,,0,0,0,78.1,73.4,70.8,0.18,0.15,0.15
VOOR,2017-08-21 18:50:00 EDT,42.65242,-73.97562,378,80.3,80.6,83.4,69.5,69.4,0.000,0.000,0.00,0.000,2.2,4.0,0.7,168,15,2.6,4.6,0.7,170,14,2.2,4.0,0.7,168,15,104,29.64,,0,0,0,78.1,73.4,70.8,0.18,0.15,0.15
VOOR,2017-08-21 18:55:00 EDT,42.65242,-73.97562,378,79.6,79.9,79.6,71.0,69.4,0.000,0.000,0.00,0.000,2.0,3.0,0.5,180,15,2.4,3.8,0.6,181,19,2.0,3.0,0.5,180,15,93,29.64,,0,0,0,78.1,73.4,70.9,0.18,0.15,0.15
VOOR,2017-08-21 19:00:00 EDT,42.65242,-73.97562,378,79.0,79.3,79.0,73.9,69.9,0.000,0.000,0.00,0.000,2.2,4.2,0.6,175,17,2.5,4.4,0.8,177,16,2.2,4.2,0.6,175,17,80,29.64,,0,0,0,78.1,73.4,70.9,0.18,0.15,0.15
VOOR,2017-08-21 19:05:00 EDT,42.65242,-73.97562,378,78.7,79.2,78.7,74.8,70.0,0.000,0.000,0.00,0.000,2.5,4.6,0.7,174,17,2.8,5.1,0.9,175,16,2.5,4.6,0.7,174,17,67,29.64,,0,0,0,78.1,73.5,71.0,0.18,0.15,0.15
VOOR,2017-08-21 19:10:00 EDT,42.65242,-73.97562,378,78.1,78.6,78.1,76.1,69.9,0.000,0.000,0.00,0.000,2.2,3.9,0.7,171,17,2.6,4.0,0.7,171,21,2.2,3.9,0.7,171,17,55,29.64,,0,0,0,78.1,73.5,71.0,0.18,0.15,0.15
VOOR,2017-08-21 19:15:00 EDT,42.65242,-73.97562,378,77.5,78.4,77.5,76.9,69.7,0.000,0.000,0.00,0.000,1.4,3.0,0.7,171,15,1.7,3.4,0.8,172,19,1.4,3.0,0.7,171,15,43,29.64,,0,0,0,78.1,73.5,71.0,0.18,0.15,0.15
VOOR,2017-08-21 19:20:00 EDT,42.65242,-73.97562,378,76.0,77.0,76.0,80.0,69.4,0.000,0.000,0.00,0.000,1.5,2.6,0.7,231,14,1.8,3.3,0.8,236,14,1.5,2.6,0.7,231,14,30,29.64,,0,0,0,78.1,73.6,71.1,0.18,0.15,0.15
VOOR,2017-08-21 19:25:00 EDT,42.65242,-73.97562,378,75.3,76.0,75.3,80.7,69.0,0.000,0.000,0.00,0.000,2.5,3.4,0.4,250,7,2.9,4.1,0.5,251,8,2.5,3.4,0.4,250,7,17,29.64,,0,0,0,78.0,73.7,71.1,0.18,0.15,0.15
VOOR,2017-08-21 19:30:00 EDT,42.65242,-73.97562,378,74.8,75.9,74.8,83.2,69.4,0.000,0.000,0.00,0.000,2.4,3.8,0.5,245,8,2.7,4.5,0.6,244,9,2.4,3.8,0.5,245,8,10,29.64,,0,0,0,77.8,73.9,71.1,0.18,0.15,0.15
VOOR,2017-08-21 19:35:00 EDT,42.65242,-73.97562,378,74.2,75.7,74.2,84.2,69.2,0.000,0.000,0.00,0.000,1.7,3.3,1.0,224,22,2.0,3.4,0.9,231,25,1.7,3.3,1.0,224,22,7,29.64,,0,0,0,77.7,73.9,71.0,0.18,0.15,0.15
VOOR,2017-08-21 19:40:00 EDT,42.65242,-73.97562,378,73.5,74.2,73.5,86.6,69.3,0.000,0.000,0.00,0.000,1.2,2.1,0.6,266,13,1.6,2.6,0.5,263,14,1.2,2.1,0.6,266,13,5,29.64,,0,0,0,77.7,73.9,71.1,0.18,0.15,0.15
VOOR,2017-08-21 19:45:00 EDT,42.65242,-73.97562,378,73.0,74.0,73.0,88.2,69.3,0.000,0.000,0.00,0.000,1.0,1.6,0.4,269,18,1.4,2.0,0.4,272,22,1.0,1.6,0.4,269,18,3,29.65,,0,0,0,77.7,73.9,71.1,0.18,0.15,0.15
VOOR,2017-08-21 19:50:00 EDT,42.65242,-73.97562,378,72.5,73.6,72.5,89.2,69.2,0.000,0.000,0.00,0.000,0.7,2.3,0.7,278,19,1.1,2.6,0.7,291,22,0.7,2.3,0.7,278,19,2,29.65,,0,0,0,77.7,73.9,71.1,0.18,0.15,0.15
VOOR,2017-08-21 19:55:00 EDT,42.65242,-73.97562,378,72.4,73.4,72.4,90.6,69.5,0.000,0.000,0.00,0.000,0.3,1.1,0.4,36,15,0.6,1.7,0.7,28,17,0.3,1.1,0.4,36,15,1,29.65,,0,0,0,77.4,73.9,71.1,0.18,0.15,0.15
VOOR,2017-08-21 20:00:00 EDT,42.65242,-73.97562,378,72.2,73.8,72.2,91.0,69.5,0.000,0.000,0.00,0.000,0.0,0.0,0.0,0,0,0.0,0.8,0.2,170,3,0.0,0.0,0.0,0,0,1,29.65,,0,0,0,77.2,73.9,71.1,0.18,0.15,0.15
VOOR,2017-08-21 20:05:00 EDT,42.65242,-73.97562,378,71.9,74.2,71.9,90.9,69.1,0.000,0.000,0.00,0.000,0.5,1.8,0.6,95,4,0.7,2.0,0.7,91,5,0.5,1.8,0.6,95,4,0,29.65,,0,0,0,77.2,73.9,71.1,0.18,0.15,0.15
VOOR,2017-08-21 20:10:00 EDT,42.65242,-73.97562,378,71.8,73.3,71.8,91.5,69.2,0.000,0.000,0.00,0.000,0.2,1.2,0.4,251,24,0.4,1.6,0.6,255,24,0.2,1.2,0.4,251,24,0,29.65,,0,0,0,77.2,73.9,71.1,0.18,0.15,0.15
VOOR,2017-08-21 20:15:00 EDT,42.65242,-73.97562,378,71.4,73.0,71.4,92.1,69.0,0.000,0.000,0.00,0.000,0.4,1.2,0.4,295,13,0.6,1.5,0.5,319,28,0.4,1.2,0.4,295,13,0,29.65,,0,0,0,77.2,73.9,71.1,0.18,0.15,0.15
VOOR,2017-08-21 20:20:00 EDT,42.65242,-73.97562,378,71.1,72.4,71.1,92.7,68.9,0.000,0.000,0.00,0.000,0.0,0.0,0.0,0,0,0.4,1.4,0.5,248,17,0.0,0.0,0.0,0,0,0,29.65,,0,0,0,77.2,73.9,71.1,0.18,0.15,0.15
VOOR,2017-08-21 20:25:00 EDT,42.65242,-73.97562,378,70.8,71.8,70.8,92.8,68.6,0.000,0.000,0.00,0.000,0.8,1.5,0.5,238,6,1.1,2.2,0.6,239,11,0.8,1.5,0.5,238,6,0,29.65,,0,0,0,76.9,73.9,71.1,0.18,0.15,0.15
VOOR,2017-08-21 20:30:00 EDT,42.65242,-73.97562,378,70.4,72.3,70.4,93.3,68.4,0.000,0.000,0.00,0.000,0.0,0.0,0.0,0,0,0.4,1.1,0.5,296,11,0.0,0.0,0.0,0,0,0,29.65,,0,0,0,76.8,73.9,71.1,0.18,0.15,0.15
VOOR,2017-08-21 20:35:00 EDT,42.65242,-73.97562,378,70.4,71.8,70.4,94.2,68.6,0.000,0.000,0.00,0.000,1.0,1.7,0.7,274,8,1.4,2.1,0.7,276,8,1.0,1.7,0.7,274,8,0,29.65,,0,0,0,76.8,73.9,71.1,0.18,0.15,0.15
VOOR,2017-08-21 20:40:00 EDT,42.65242,-73.97562,378,70.0,72.2,70.0,94.6,68.4,0.000,0.000,0.00,0.000,0.9,2.0,0.7,268,5,1.3,2.6,0.7,276,11,0.9,2.0,0.7,268,5,0,29.65,,0,0,0,76.8,73.9,71.1,0.18,0.15,0.15
VOOR,2017-08-21 20:45:00 EDT,42.65242,-73.97562,378,69.8,71.8,69.8,94.9,68.2,0.000,0.000,0.00,0.000,2.1,3.1,0.6,256,12,2.4,3.5,0.6,258,14,2.1,3.1,0.6,256,12,0,29.65,,0,0,0,76.8,73.9,71.1,0.18,0.15,0.15
VOOR,2017-08-21 20:50:00 EDT,42.65242,-73.97562,378,69.4,71.1,69.4,95.0,67.9,0.000,0.000,0.00,0.000,2.4,4.0,0.9,263,8,2.8,4.6,0.9,265,9,2.4,4.0,0.9,263,8,0,29.65,,0,0,0,76.6,73.9,71.1,0.18,0.15,0.15
VOOR,2017-08-21 20:55:00 EDT,42.65242,-73.97562,378,69.4,70.8,69.4,95.3,68.0,0.000,0.000,0.00,0.000,0.8,2.3,0.8,282,3,0.9,2.7,1.0,286,6,0.8,2.3,0.8,282,3,0,29.65,,0,0,0,76.5,73.9,71.1,0.18,0.15,0.15
VOOR,2017-08-21 21:00:00 EDT,42.65242,-73.97562,378,69.2,70.9,69.2,95.2,67.8,0.000,0.000,0.00,0.000,0.6,2.6,0.9,231,7,0.8,2.5,0.9,237,12,0.6,2.6,0.9,231,7,0,29.65,,0,0,0,76.5,73.9,71.1,0.18,0.15,0.15
VOOR,2017-08-21 21:05:00 EDT,42.65242,-73.97562,378,69.0,70.3,69.0,95.4,67.7,0.000,0.000,0.00,0.000,2.0,3.0,0.5,290,9,2.2,3.3,0.4,295,10,2.0,3.0,0.5,290,9,0,29.65,,0,0,0,76.5,73.9,71.1,0.18,0.15,0.15
VOOR,2017-08-21 21:10:00 EDT,42.65242,-73.97562,378,69.1,71.4,69.1,95.4,67.8,0.000,0.000,0.00,0.000,1.3,2.0,0.6,318,32,1.5,2.3,0.5,326,34,1.3,2.0,0.6,318,32,0,29.65,,0,0,0,76.5,73.9,71.1,0.18,0.15,0.15
VOOR,2017-08-21 21:15:00 EDT,42.65242,-73.97562,378,68.9,71.3,68.9,95.2,67.5,0.000,0.000,0.00,0.000,2.1,3.9,1.0,268,32,2.5,4.5,1.0,272,33,2.1,3.9,1.0,268,32,0,29.65,,0,0,0,76.5,73.9,71.1,0.18,0.15,0.15
VOOR,2017-08-21 21:20:00 EDT,42.65242,-73.97562,378,68.5,69.7,68.5,95.1,67.1,0.000,0.000,0.00,0.000,2.8,4.0,0.5,263,6,3.1,4.6,0.6,265,7,2.8,4.0,0.5,263,6,0,29.65,,0,0,0,76.1,73.9,71.1,0.18,0.15,0.15
VOOR,2017-08-21 21:25:00 EDT,42.65242,-73.97562,378,68.3,69.9,68.3,95.4,66.9,0.000,0.000,0.00,0.000,2.3,3.6,0.9,257,9,2.7,3.9,0.9,258,11,2.3,3.6,0.9,257,9,0,29.65,,0,0,0,75.9,73.9,71.1,0.18,0.15,0.15
VOOR,2017-08-21 21:30:00 EDT,42.65242,-73.97562,378,68.3,70.0,68.3,95.7,67.0,0.000,0.000,0.00,0.000,0.7,1.3,0.4,273,9,0.9,1.6,0.5,282,14,0.7,1.3,0.4,273,9,0,29.65,,0,0,0,75.9,73.9,71.1,0.18,0.15,0.15
VOOR,2017-08-21 21:35:00 EDT,42.65242,-73.97562,378,68.3,69.5,68.3,95.8,67.1,0.000,0.000,0.00,0.000,1.0,1.8,0.5,238,28,1.4,1.9,0.4,235,33,1.0,1.8,0.5,238,28,0,29.65,,0,0,0,75.9,73.9,71.1,0.18,0.15,0.15
VOOR,2017-08-21 21:40:00 EDT,42.65242,-73.97562,378,68.1,69.1,68.1,95.7,66.8,0.000,0.000,0.00,0.000,0.2,1.1,0.3,197,1,0.4,1.4,0.5,189,6,0.2,1.1,0.3,197,1,0,29.65,,0,0,0,75.9,73.9,71.1,0.18,0.15,0.15
VOOR,2017-08-21 21:45:00 EDT,42.65242,-73.97562,378,67.8,68.8,67.8,95.4,66.5,0.000,0.000,0.00,0.000,0.5,1.3,0.5,131,6,0.9,1.5,0.5,137,19,0.5,1.3,0.5,131,6,0,29.65,,0,0,0,75.9,73.9,71.1,0.18,0.15,0.15
VOOR,2017-08-21 21:50:00 EDT,42.65242,-73.97562,378,67.9,68.8,67.9,95.3,66.5,0.000,0.000,0.00,0.000,0.1,1.0,0.2,91,0,0.3,1.4,0.5,106,12,0.1,1.0,0.2,91,0,0,29.65,,0,0,0,75.9,73.9,71.1,0.18,0.15,0.15
VOOR,2017-08-21 21:55:00 EDT,42.65242,-73.97562,378,68.2,69.4,68.2,95.5,66.8,0.000,0.000,0.00,0.000,0.0,0.0,0.0,0,0,0.2,1.2,0.4,186,24,0.0,0.0,0.0,0,0,0,29.65,,0,0,0,75.6,73.9,71.1,0.18,0.15,0.15
VOOR,2017-08-21 22:00:00 EDT,42.65242,-73.97562,378,68.0,69.3,68.0,95.4,66.6,0.000,0.000,0.00,0.000,0.7,1.2,0.4,177,22,1.0,1.7,0.4,172,28,0.7,1.2,0.4,177,22,0,29.65,,0,0,0,75.6,73.9,71.1,0.18,0.15,0.15
VOOR,2017-08-21 22:05:00 EDT,42.65242,-73.97562,378,67.7,69.2,67.7,95.4,66.3,0.000,0.000,0.00,0.000,0.0,0.0,0.0,0,0,0.2,0.9,0.3,73,18,0.0,0.0,0.0,0,0,0,29.65,,0,0,0,75.6,73.9,71.1,0.18,0.15,0.15
VOOR,2017-08-21 22:10:00 EDT,42.65242,-73.97562,378,67.5,69.3,67.5,95.9,66.3,0.000,0.000,0.00,0.000,0.5,1.7,0.6,293,6,0.7,1.9,0.7,301,6,0.5,1.7,0.6,293,6,0,29.65,,0,0,0,75.6,73.9,71.1,0.18,0.15,0.15
VOOR,2017-08-21 22:15:00 EDT,42.65242,-73.97562,378,67.2,69.2,67.2,96.0,66.1,0.000,0.000,0.00,0.000,0.9,1.9,0.7,299,18,1.2,2.4,0.7,303,23,0.9,1.9,0.7,299,18,0,29.65,,0,0,0,75.6,73.9,71.1,0.18,0.15,0.15
VOOR,2017-08-21 22:20:00 EDT,42.65242,-73.97562,378,67.3,68.9,67.3,96.4,66.2,0.000,0.000,0.00,0.000,1.4,2.3,0.5,249,21,1.7,2.8,0.5,247,23,1.4,2.3,0.5,249,21,0,29.65,,0,0,0,75.6,73.9,71.1,0.18,0.15,0.15
VOOR,2017-08-21 22:25:00 EDT,42.65242,-73.97562,378,67.2,68.5,67.2,96.3,66.1,0.000,0.000,0.00,0.000,0.7,2.0,0.6,198,36,0.9,2.7,0.8,204,42,0.7,2.0,0.6,198,36,0,29.65,,0,0,0,75.6,73.9,71.1,0.18,0.15,0.15
VOOR,2017-08-21 22:30:00 EDT,42.65242,-73.97562,378,67.0,68.2,67.0,96.3,65.9,0.000,0.000,0.00,0.000,1.2,2.8,0.8,301,27,1.5,2.8,0.7,302,30,1.2,2.8,0.8,301,27,0,29.65,,0,0,0,75.3,73.9,71.1,0.18,0.15,0.15
VOOR,2017-08-21 22:35:00 EDT,42.65242,-73.97562,378,67.1,69.1,67.1,96.6,66.1,0.000,0.000,0.00,0.000,1.0,2.3,0.5,38,46,1.3,2.5,0.5,37,44,1.0,2.3,0.5,38,46,0,29.65,,0,0,0,75.0,73.9,71.1,0.18,0.15,0.15
VOOR,2017-08-21 22:40:00 EDT,42.65242,-73.97562,378,67.1,69.0,67.1,96.6,66.1,0.000,0.000,0.00,0.000,1.9,2.9,0.5,57,18,2.1,3.0,0.5,56,18,1.9,2.9,0.5,57,18,0,29.65,,0,0,0,75.0,73.9,71.1,0.18,0.15,0.15
VOOR,2017-08-21 22:45:00 EDT,42.65242,-73.97562,378,67.2,68.7,67.2,96.4,66.1,0.000,0.000,0.00,0.000,1.4,2.6,0.8,339,41,1.7,3.2,0.8,339,43,1.4,2.6,0.8,339,41,0,29.65,,0,0,0,75.0,73.9,71.1,0.18,0.15,0.15
VOOR,2017-08-21 22:50:00 EDT,42.65242,-73.97562,378,67.3,69.9,67.3,96.7,66.3,0.000,0.000,0.00,0.000,1.0,2.0,0.6,348,21,1.3,2.5,0.7,349,22,1.0,2.0,0.6,348,21,0,29.64,,0,0,0,75.0,73.9,71.1,0.18,0.15,0.15
VOOR,2017-08-21 22:55:00 EDT,42.65242,-73.97562,378,67.0,68.6,67.0,96.5,66.0,0.000,0.000,0.00,0.000,0.4,1.2,0.4,309,42,0.8,1.7,0.5,282,56,0.4,1.2,0.4,309,42,0,29.64,,0,0,0,75.0,73.9,71.1,0.18,0.15,0.15
VOOR,2017-08-21 23:00:00 EDT,42.65242,-73.97562,378,66.9,69.0,66.9,96.6,65.9,0.000,0.000,0.00,0.000,0.7,2.1,0.6,11,41,1.0,2.3,0.6,19,49,0.7,2.1,0.6,11,41,0,29.64,,0,0,0,75.0,73.9,71.1,0.18,0.15,0.15
VOOR,2017-08-21 23:05:00 EDT,42.65242,-73.97562,378,67.0,68.4,67.0,96.6,66.0,0.000,0.000,0.00,0.000,0.2,2.3,0.6,208,25,0.5,2.5,0.6,83,56,0.2,2.3,0.6,208,25,0,29.64,,0,0,0,74.9,73.9,71.1,0.18,0.15,0.15
VOOR,2017-08-21 23:10:00 EDT,42.65242,-73.97562,378,66.8,68.1,66.8,96.6,65.8,0.000,0.000,0.00,0.000,1.4,3.1,0.9,3,33,1.7,3.4,0.9,5,33,1.4,3.1,0.9,3,33,0,29.64,,0,0,0,74.7,73.9,71.1,0.18,0.15,0.15
VOOR,2017-08-21 23:15:00 EDT,42.65242,-73.97562,378,67.4,69.9,67.4,96.7,66.4,0.000,0.000,0.00,0.000,1.6,2.8,0.8,321,39,2.1,3.3,0.8,323,39,1.6,2.8,0.8,321,39,0,29.64,,0,0,0,74.7,73.9,71.1,0.18,0.15,0.15
VOOR,2017-08-21 23:20:00 EDT,42.65242,-73.97562,378,66.8,68.8,66.8,96.0,65.6,0.000,0.000,0.00,0.000,2.0,3.8,0.7,269,26,2.4,3.9,0.6,271,28,2.0,3.8,0.7,269,26,0,29.64,,0,0,0,74.7,73.9,71.1,0.18,0.15,0.15
VOOR,2017-08-21 23:25:00 EDT,42.65242,-73.97562,378,66.7,68.5,66.7,96.3,65.6,0.000,0.000,0.00,0.000,1.6,3.1,0.5,258,35,1.9,3.3,0.5,262,35,1.6,3.1,0.5,258,35,0,29.64,,0,0,0,74.7,73.9,71.1,0.18,0.15,0.15
VOOR,2017-08-21 23:30:00 EDT,42.65242,-73.97562,378,66.6,68.0,66.6,96.4,65.6,0.000,0.000,0.00,0.000,0.5,1.6,0.5,283,19,0.8,1.7,0.6,284,21,0.5,1.6,0.5,283,19,0,29.64,,0,0,0,74.7,73.9,71.1,0.18,0.15,0.15
VOOR,2017-08-21 23:35:00 EDT,42.65242,-73.97562,378,66.6,68.3,66.6,96.4,65.6,0.000,0.000,0.00,0.000,0.4,0.9,0.3,281,24,0.9,1.3,0.3,275,27,0.4,0.9,0.3,281,24,0,29.64,,0,0,0,74.7,73.9,71.1,0.18,0.15,0.15
VOOR,2017-08-21 23:40:00 EDT,42.65242,-73.97562,378,66.7,68.5,66.7,96.8,65.8,0.000,0.000,0.00,0.000,0.4,1.5,0.6,270,7,1.0,1.8,0.5,272,6,0.4,1.5,0.6,270,7,0,29.64,,0,0,0,74.7,73.9,71.1,0.18,0.15,0.15
VOOR,2017-08-21 23:45:00 EDT,42.65242,-73.97562,378,66.4,67.9,66.4,96.8,65.5,0.000,0.000,0.00,0.000,0.7,1.4,0.5,262,11,1.1,1.7,0.5,264,15,0.7,1.4,0.5,262,11,0,29.64,,0,0,0,74.7,73.9,71.1,0.18,0.15,0.15
VOOR,2017-08-21 23:50:00 EDT,42.65242,-73.97562,378,66.1,68.1,66.1,96.8,65.2,0.000,0.000,0.00,0.000,1.8,3.7,1.2,272,6,2.2,4.0,1.2,275,9,1.8,3.7,1.2,272,6,0,29.64,,0,0,0,74.6,73.9,71.1,0.18,0.15,0.15
VOOR,2017-08-21 23:55:00 EDT,42.65242,-73.97562,378,66.1,68.5,66.1,97.0,65.2,0.000,0.000,0.00,0.000,1.6,2.1,0.3,257,8,1.9,2.4,0.3,260,12,1.6,2.1,0.3,257,8,0,29.64,,0,0,0,74.4,73.9,71.1,0.18,0.15,0.15
WALL,2017-08-21 00:00:00 EDT,41.63409,-74.15370,354,,65.5,,96.6,,0.000,0.000,0.00,0.000,0.6,2.1,0.5,165,31,1.1,2.8,0.5,161,32,0.6,2.1,0.5,165,31,0,29.78,,0,0,0,70.3,69.6,68.5,0.29,0.36,0.37
WALL,2017-08-21 00:05:00 EDT,41.63409,-74.15370,354,,65.0,,96.2,,0.000,0.000,0.00,0.000,1.3,2.2,0.4,135,17,1.5,2.3,0.3,129,19,1.3,2.2,0.4,135,17,0,29.79,,0,0,0,70.3,69.6,68.5,0.29,0.36,0.37
WALL,2017-08-21 00:10:00 EDT,41.63409,-74.15370,354,,65.9,,96.2,,0.000,0.000,0.00,0.000,1.3,2.3,0.4,131,18,1.6,2.8,0.4,124,17,1.3,2.3,0.4,131,18,0,29.78,,0,0,0,70.0,69.6,68.5,0.29,0.36,0.37
WALL,2017-08-21 00:15:00 EDT,41.63409,-74.15370,354,,66.3,,94.4,,0.000,0.000,0.00,0.000,2.4,3.6,0.6,141,18,2.6,4.2,0.7,136,16,2.4,3.6,0.6,141,18,0,29.78,,0,0,0,70.0,69.6,68.5,0.29,0.36,0.36
WALL,2017-08-21 00:20:00 EDT,41.63409,-74.15370,354,,66.3,,94.1,,0.000,0.000,0.00,0.000,1.7,2.8,0.6,133,17,1.9,3.7,0.6,126,17,1.7,2.8,0.6,133,17,0,29.78,,0,0,0,70.0,69.6,68.5,0.29,0.36,0.37
WALL,2017-08-21 00:25:00 EDT,41.63409,-74.15370,354,,65.2,,93.9,,0.000,0.000,0.00,0.000,1.1,2.2,0.5,119,20,1.4,2.6,0.5,115,21,1.1,2.2,0.5,119,20,0,29.78,,0,0,0,70.0,69.6,68.5,0.29,0.36,0.37
WALL,2017-08-21 00:30:00 EDT,41.63409,-74.15370,354,,64.8,,94.2,,0.000,0.000,0.00,0.000,0.7,2.0,0.5,125,13,1.0,2.5,0.6,120,16,0.7,2.0,0.5,125,13,0,29.78,,0,0,0,70.0,69.6,68.5,0.29,0.36,0.37
WALL,2017-08-21 00:35:00 EDT,41.63409,-74.15370,354,,63.5,,94.3,,0.000,0.000,0.00,0.000,0.0,0.0,0.0,0,0,0.3,1.0,0.4,295,19,0.0,0.0,0.0,0,0,0,29.79,,0,0,0,70.0,69.6,68.5,0.29,0.36,0.36
WALL,2017-08-21 00:40:00 EDT,41.63409,-74.15370,354,,62.9,,95.3,,0.000,0.000,0.00,0.000,0.8,1.3,0.4,247,20,1.1,1.8,0.4,240,21,0.8,1.3,0.4,247,20,0,29.79,,0,0,0,70.0,69.6,68.5,0.29,0.36,0.37
WALL,2017-08-21 00:45:00 EDT,41.63409,-74.15370,354,,63.8,,96.2,,0.000,0.000,0.00,0.000,1.9,3.3,0.6,203,14,2.2,3.6,0.6,200,15,1.9,3.3,0.6,203,14,0,29.79,,0,0,0,70.0,69.6,68.5,0.29,0.36,0.37
WALL,2017-08-21 00:50:00 EDT,41.63409,-74.15370,354,,63.9,,96.2,,0.000,0.000,0.00,0.000,1.6,2.0,0.3,177,10,1.9,2.5,0.3,173,11,1.6,2.0,0.3,177,10,0,29.79,,0,0,0,70.0,69.6,68.5,0.29,0.36,0.36
WALL,2017-08-21 00:55:00 EDT,41.63409,-74.15370,354,,64.2,,96.6,,0.000,0.000,0.00,0.000,1.3,1.8,0.3,174,10,1.7,2.5,0.3,170,13,1.3,1.8,0.3,174,10,0,29.79,,0,0,0,69.8,69.6,68.5,0.29,0.36,0.37
WALL,2017-08-21 01:00:00 EDT,41.63409,-74.15370,354,,64.1,,96.9,,0.000,0.000,0.00,0.000,0.1,0.9,0.2,203,7,0.3,1.4,0.5,199,8,0.1,0.9,0.2,203,7,0,29.79,,0,0,0,69.6,69.6,68.5,0.29,0.36,0.36
WALL,2017-08-21 01:05:00 EDT,41.63409,-74.15370,354,,64.5,,96.8,,0.000,0.000,0.00,0.000,0.1,0.8,0.2,142,13,0.7,1.8,0.5,122,19,0.1,0.8,0.2,142,13,0,29.79,,0,0,0,69.6,69.6,68.5,0.29,0.36,0.37
WALL,2017-08-21 01:10:00 EDT,41.63409,-74.15370,354,,63.8,,96.5,,0.000,0.000,0.00,0.000,0.2,1.4,0.4,209,26,0.7,1.8,0.5,198,30,0.2,1.4,0.4,209,26,0,29.79,,0,0,0,69.6,69.6,68.5,0.29,0.36,0.37
WALL,2017-08-21 01:15:00 EDT,41.63409,-74.15370,354,,63.6,,96.3,,0.000,0.000,0.00,0.000,1.4,2.0,0.3,210,9,1.6,2.4,0.3,205,12,1.4,2.0,0.3,210,9,0,29.79,,0,0,0,69.6,69.6,68.5,0.29,0.35,0.36
WALL,2017-08-21 01:20:00 EDT,41.63409,-74.15370,354,,62.8,,97.1,,0.000,0.000,0.00,0.000,0.5,2.5,0.7,163,10,0.9,2.6,0.6,144,22,0.5,2.5,0.7,163,10,0,29.79,,0,0,0,69.6,69.6,68.5,0.29,0.35,0.37
WALL,2017-08-21 01:25:00 EDT,41.63409,-74.15370,354,,63.4,,97.5,,0.000,0.000,0.00,0.000,0.3,1.7,0.4,199,19,0.8,2.3,0.6,178,31,0.3,1.7,0.4,199,19,0,29.79,,0,0,0,69.6,69.6,68.5,0.29,0.35,0.37
WALL,2017-08-21 01:30:00 EDT,41.63409,-74.15370,354,,63.7,,97.3,,0.000,0.000,0.00,0.000,0.5,1.9,0.5,159,8,1.0,2.2,0.4,160,22,0.5,1.9,0.5,159,8,0,29.79,,0,0,0,69.6,69.6,68.5,0.29,0.35,0.37
WALL,2017-08-21 01:35:00 EDT,41.63409,-74.15370,354,,64.0,,97.7,,0.000,0.000,0.00,0.000,0.5,2.3,0.6,150,11,0.9,3.2,0.7,149,14,0.5,2.3,0.6,150,11,0,29.79,,0,0,0,69.6,69.6,68.5,0.29,0.35,0.37
WALL,2017-08-21 01:40:00 EDT,41.63409,-74.15370,354,,64.1,,97.7,,0.000,0.000,0.00,0.000,0.0,0.4,0.0,129,0,0.2,1.3,0.4,140,8,0.0,0.4,0.0,129,0,0,29.79,,0,0,0,69.5,69.6,68.5,0.29,0.35,0.37
WALL,2017-08-21 01:45:00 EDT,41.63409,-74.15370,354,,64.3,,97.9,,0.000,0.000,0.00,0.000,0.1,0.7,0.2,130,1,0.4,1.2,0.4,124,5,0.1,0.7,0.2,130,1,0,29.79,,0,0,0,69.3,69.6,68.5,0.29,0.35,0.36
WALL,2017-08-21 01:50:00 EDT,41.63409,-74.15370,354,,64.7,,97.7,,0.000,0.000,0.00,0.000,1.2,2.2,0.4,166,16,1.6,2.8,0.5,162,16,1.2,2.2,0.4,166,16,0,29.79,,0,0,0,69.3,69.6,68.5,0.29,0.35,0.37
WALL,2017-08-21 01:55:00 EDT,41.63409,-74.15370,354,,64.6,,97.8,,0.000,0.000,0.00,0.000,1.5,2.5,0.4,182,10,1.8,2.9,0.4,178,13,1.5,2.5,0.4,182,10,0,29.79,,0,0,0,69.3,69.6,68.5,0.29,0.35,0.36
WALL,2017-08-21 02:00:00 EDT,41.63409,-74.15370,354,,64.5,,97.6,,0.000,0.000,0.00,0.000,0.5,1.3,0.4,202,11,1.0,1.7,0.4,204,15,0.5,1.3,0.4,202,11,0,29.79,,0,0,0,69.3,69.6,68.5,0.29,0.35,0.37
WALL,2017-08-21 02:05:00 EDT,41.63409,-74.15370,354,,64.3,,97.5,,0.000,0.000,0.00,0.000,2.3,3.2,0.5,213,19,2.6,3.7,0.6,210,19,2.3,3.2,0.5,213,19,0,29.79,,0,0,0,69.3,69.6,68.5,0.29,0.35,0.37
WALL,2017-08-21 02:10:00 EDT,41.63409,-74.15370,354,,64.2,,97.3,,0.000,0.000,0.00,0.000,2.5,3.6,0.4,185,14,2.9,4.2,0.6,182,13,2.5,3.6,0.4,185,14,0,29.79,,0,0,0,69.3,69.6,68.5,0.29,0.35,0.36
WALL,2017-08-21 02:15:00 EDT,41.63409,-74.15370,354,,63.7,,97.7,,0.000,0.000,0.00,0.000,0.8,2.6,0.6,204,20,1.2,3.5,0.7,202,24,0.8,2.6,0.6,204,20,0,29.79,,0,0,0,69.3,69.6,68.5,0.29,0.35,0.36
WALL,2017-08-21 02:20:00 EDT,41.63409,-74.15370,354,,63.6,,97.6,,0.000,0.000,0.00,0.000,0.5,1.1,0.3,202,14,1.0,1.8,0.4,195,17,0.5,1.1,0.3,202,14,0,29.79,,0,0,0,69.3,69.6,68.5,0.29,0.35,0.37
WALL,2017-08-21 02:25:00 EDT,41.63409,-74.15370,354,,63.5,,97.5,,0.000,0.000,0.00,0.000,0.3,1.2,0.4,344,27,0.7,2.1,0.6,328,38,0.3,1.2,0.4,344,27,0,29.79,,0,0,0,69.3,69.6,68.5,0.29,0.34,0.37
WALL,2017-08-21 02:30:00 EDT,41.63409,-74.15370,354,,62.9,,97.3,,0.000,0.000,0.00,0.000,0.0,0.6,0.1,334,2,0.2,1.3,0.4,242,28,0.0,0.6,0.1,334,2,0,29.79,,0,0,0,69.2,69.6,68.5,0.29,0.34,0.37
WALL,2017-08-21 02:35:00 EDT,41.63409,-74.15370,354,,62.2,,97.7,,0.000,0.000,0.00,0.000,0.0,0.0,0.0,0,0,0.0,0.0,0.0,0,0,0.0,0.0,0.0,0,0,0,29.79,,0,0,0,69.1,69.6,68.5,0.29,0.34,0.36
WALL,2017-08-21 02:40:00 EDT,41.63409,-74.15370,354,,62.1,,97.6,,0.000,0.000,0.00,0.000,0.0,0.0,0.0,0,0,0.1,0.9,0.3,75,7,0.0,0.0,0.0,0,0,0,29.79,,0,0,0,68.9,69.6,68.5,0.29,0.34,0.37
WALL,2017-08-21 02:45:00 EDT,41.63409,-74.15370,354,,62.2,,97.8,,0.000,0.000,0.00,0.000,0.9,1.5,0.5,67,5,1.4,1.9,0.3,61,9,0.9,1.5,0.5,67,5,0,29.79,,0,0,0,68.9,69.6,68.5,0.29,0.34,0.37
WALL,2017-08-21 02:50:00 EDT,41.63409,-74.15370,354,,62.1,,97.9,,0.000,0.000,0.00,0.000,1.8,2.3,0.2,46,7,2.0,2.4,0.2,40,6,1.8,2.3,0.2,46,7,0,29.78,,0,0,0,68.9,69.6,68.5,0.29,0.34,0.37
WALL,2017-08-21 02:55:00 EDT,41.63409,-74.15370,354,,61.3,,98.0,,0.000,0.000,0.00,0.000,1.4,2.1,0.5,34,10,1.6,2.4,0.3,25,12,1.4,2.1,0.5,34,10,0,29.78,,0,0,0,68.9,69.6,68.5,0.29,0.34,0.36
WALL,2017-08-21 03:00:00 EDT,41.63409,-74.15370,354,,60.9,,98.1,,0.000,0.000,0.00,0.000,0.5,1.2,0.4,1,1,0.8,1.6,0.6,4,8,0.5,1.2,0.4,1,1,0,29.79,,0,0,0,68.9,69.6,68.5,0.29,0.34,0.36
WALL,2017-08-21 03:05:00 EDT,41.63409,-74.15370,354,,60.8,,98.1,,0.000,0.000,0.00,0.000,0.2,1.0,0.4,43,0,0.6,1.4,0.5,40,10,0.2,1.0,0.4,43,0,0,29.79,,0,0,0,68.9,69.6,68.5,0.29,0.34,0.36
WALL,2017-08-21 03:10:00 EDT,41.63409,-74.15370,354,,61.1,,98.2,,0.000,0.000,0.00,0.000,0.6,1.1,0.4,59,4,1.0,1.5,0.5,60,6,0.6,1.1,0.4,59,4,0,29.79,,0,0,0,68.9,69.6,68.5,0.29,0.34,0.37
WALL,2017-08-21 03:15:00 EDT,41.63409,-74.15370,354,,61.3,,98.3,,0.000,0.000,0.00,0.000,0.0,0.0,0.0,0,0,0.3,1.1,0.4,118,21,0.0,0.0,0.0,0,0,0,29.79,,0,0,0,68.9,69.6,68.5,0.29,0.34,0.37
WALL,2017-08-21 03:20:00 EDT,41.63409,-74.15370,354,,61.5,,98.1,,0.000,0.000,0.00,0.000,0.3,0.9,0.3,172,4,0.8,1.4,0.5,176,14,0.3,0.9,0.3,172,4,0,29.79,,0,0,0,68.9,69.6,68.5,0.29,0.34,0.37
WALL,2017-08-21 03:25:00 EDT,41.63409,-74.15370,354,,61.0,,98.3,,0.000,0.000,0.00,0.000,0.1,0.6,0.2,76,19,0.6,1.1,0.4,30,16,0.1,0.6,0.2,76,19,0,29.79,,0,0,0,68.8,69.6,68.5,0.29,0.34,0.36
WALL,2017-08-21 03:30:00 EDT,41.63409,-74.15370,354,,61.3,,98.2,,0.000,0.000,0.00,0.000,0.0,0.1,0.0,54,0,0.9,1.2,0.2,83,7,0.0,0.1,0.0,54,0,0,29.79,,0,0,0,68.6,69.6,68.5,0.29,0.34,0.37
WALL,2017-08-21 03:35:00 EDT,41.63409,-74.15370,354,,61.4,,98.3,,0.000,0.000,0.00,0.000,0.3,1.1,0.4,99,7,1.1,1.5,0.2,92,9,0.3,1.1,0.4,99,7,0,29.79,,0,0,0,68.5,69.6,68.5,0.29,0.34,0.36
WALL,2017-08-21 03:40:00 EDT,41.63409,-74.15370,354,,61.6,,98.5,,0.000,0.000,0.00,0.000,1.1,1.6,0.3,94,3,1.5,2.0,0.3,85,6,1.1,1.6,0.3,94,3,0,29.79,,0,0,0,68.5,69.6,68.5,0.29,0.34,0.36
WALL,2017-08-21 03:45:00 EDT,41.63409,-74.15370,354,,61.5,,98.5,,0.000,0.000,0.00,0.000,1.4,1.8,0.1,82,2,1.9,2.3,0.2,69,4,1.4,1.8,0.1,82,2,0,29.79,,0,0,0,68.5,69.6,68.5,0.29,0.34,0.36
WALL,2017-08-21 03:50:00 EDT,41.63409,-74.15370,354,,61.5,,98.4,,0.000,0.000,0.00,0.000,0.8,1.4,0.2,66,7,1.3,1.8,0.1,70,13,0.8,1.4,0.2,66,7,0,29.79,,0,0,0,68.5,69.6,68.5,0.29,0.34,0.36
WALL,2017-08-21 03:55:00 EDT,41.63409,-74.15370,354,,61.2,,98.5,,0.000,0.000,0.00,0.000,0.6,0.9,0.1,63,0,1.4,1.7,0.1,92,5,0.6,0.9,0.1,63,0,0,29.79,,0,0,0,68.5,69.6,68.5,0.29,0.34,0.37
WALL,2017-08-21 04:00:00 EDT,41.63409,-74.15370,354,,61.4,,98.5,,0.000,0.000,0.00,0.000,1.4,1.9,0.2,78,10,1.9,2.5,0.2,78,5,1.4,1.9,0.2,78,10,0,29.79,,0,0,0,68.5,69.6,68.5,0.29,0.33,0.37
WALL,2017-08-21 04:05:00 EDT,41.63409,-74.15370,354,,61.4,,98.5,,0.000,0.000,0.00,0.000,1.1,1.5,0.1,89,0,1.4,1.8,0.1,89,2,1.1,1.5,0.1,89,0,0,29.79,,0,0,0,68.5,69.6,68.5,0.29,0.33,0.36
WALL,2017-08-21 04:10:00 EDT,41.63409,-74.15370,354,,61.2,,98.5,,0.000,0.000,0.00,0.000,0.9,1.2,0.1,89,0,1.3,1.6,0.1,87,6,0.9,1.2,0.1,89,0,0,29.78,,0,0,0,68.5,69.6,68.5,0.29,0.33,0.36
WALL,2017-08-21 04:15:00 EDT,41.63409,-74.15370,354,,61.0,,98.5,,0.000,0.000,0.00,0.000,0.6,0.9,0.2,77,16,1.1,1.5,0.2,64,13,0.6,0.9,0.2,77,16,0,29.79,,0,0,0,68.5,69.6,68.5,0.29,0.34,0.37
WALL,2017-08-21 04:20:00 EDT,41.63409,-74.15370,354,,60.9,,98.5,,0.000,0.000,0.00,0.000,0.2,0.7,0.3,54,0,0.6,1.1,0.4,41,8,0.2,0.7,0.3,54,0,0,29.79,,0,0,0,68.5,69.6,68.5,0.29,0.34,0.36
WALL,2017-08-21 04:25:00 EDT,41.63409,-74.15370,354,,60.8,,98.5,,0.000,0.000,0.00,0.000,1.1,1.5,0.4,56,2,1.4,2.0,0.3,45,5,1.1,1.5,0.4,56,2,0,29.79,,0,0,0,68.5,69.6,68.5,0.29,0.33,0.37
WALL,2017-08-21 04:30:00 EDT,41.63409,-74.15370,354,,60.6,,98.5,,0.000,0.000,0.00,0.000,1.4,1.6,0.2,68,10,1.8,2.1,0.2,63,12,1.4,1.6,0.2,68,10,0,29.79,,0,0,0,68.5,69.5,68.5,0.29,0.33,0.36
WALL,2017-08-21 04:35:00 EDT,41.63409,-74.15370,354,,61.0,,98.7,,0.000,0.000,0.00,0.000,1.3,2.0,0.3,100,8,1.7,2.3,0.3,98,9,1.3,2.0,0.3,100,8,0,29.79,,0,0,0,68.3,69.4,68.5,0.29,0.33,0.36
WALL,2017-08-21 04:40:00 EDT,41.63409,-74.15370,354,,61.0,,98.6,,0.000,0.000,0.00,0.000,0.7,1.2,0.4,124,10,1.0,1.7,0.4,121,12,0.7,1.2,0.4,124,10,0,29.79,,0,0,0,68.2,69.5,68.5,0.29,0.33,0.37
WALL,2017-08-21 04:45:00 EDT,41.63409,-74.15370,354,,60.7,,98.6,,0.000,0.000,0.00,0.000,0.7,1.6,0.5,102,5,1.2,2.0,0.3,98,6,0.7,1.6,0.5,102,5,0,29.79,,0,0,0,68.2,69.3,68.5,0.29,0.33,0.37
WALL,2017-08-21 04:50:00 EDT,41.63409,-74.15370,354,,61.0,,98.5,,0.000,0.000,0.00,0.000,0.9,1.3,0.2,93,10,1.3,1.7,0.2,88,11,0.9,1.3,0.2,93,10,0,29.79,,0,0,0,68.2,69.3,68.5,0.29,0.33,0.37
WALL,2017-08-21 04:55:00 EDT,41.63409,-74.15370,354,,60.8,,98.6,,0.000,0.000,0.00,0.000,0.7,1.2,0.4,61,5,1.1,1.7,0.4,61,10,0.7,1.2,0.4,61,5,0,29.79,,0,0,0,68.2,69.3,68.5,0.29,0.33,0.37
WALL,2017-08-21 05:00:00 EDT,41.63409,-74.15370,354,,61.0,,98.6,,0.000,0.000,0.00,0.000,0.0,0.0,0.0,0,0,0.7,1.2,0.3,103,8,0.0,0.0,0.0,0,0,0,29.79,,0,0,0,68.2,69.3,68.5,0.29,0.33,0.36
WALL,2017-08-21 05:05:00 EDT,41.63409,-74.15370,354,,60.8,,98.6,,0.000,0.000,0.00,0.000,0.0,0.0,0.0,0,0,0.3,1.0,0.4,150,10,0.0,0.0,0.0,0,0,0,29.79,,0,0,0,68.2,69.3,68.5,0.29,0.33,0.36
WALL,2017-08-21 05:10:00 EDT,41.63409,-74.15370,354,,61.1,,98.8,,0.000,0.000,0.00,0.000,0.9,1.8,0.5,109,12,1.4,2.2,0.4,104,14,0.9,1.8,0.5,109,12,0,29.79,,0,0,0,68.2,69.3,68.5,0.29,0.33,0.36
WALL,2017-08-21 05:15:00 EDT,41.63409,-74.15370,354,,61.6,,98.6,,0.000,0.000,0.00,0.000,0.7,1.3,0.3,140,19,1.2,2.8,0.4,136,20,0.7,1.3,0.3,140,19,0,29.80,,0,0,0,68.2,69.3,68.5,0.29,0.33,0.36
WALL,2017-08-21 05:20:00 EDT,41.63409,-74.15370,354,,61.6,,98.6,,0.000,0.000,0.00,0.000,0.9,1.5,0.3,119,16,1.4,1.9,0.2,115,18,0.9,1.5,0.3,119,16,0,29.80,,0,0,0,68.0,69.3,68.5,0.29,0.33,0.36
WALL,2017-08-21 05:25:00 EDT,41.63409,-74.15370,354,,60.8,,98.7,,0.000,0.000,0.00,0.000,0.3,1.5,0.4,122,7,0.7,1.8,0.5,108,9,0.3,1.5,0.4,122,7,0,29.80,,0,0,0,67.9,69.3,68.5,0.29,0.33,0.36
WALL,2017-08-21 05:30:00 EDT,41.63409,-74.15370,354,,60.6,,98.8,,0.000,0.000,0.00,0.000,0.3,0.9,0.3,107,4,0.5,1.3,0.5,80,28,0.3,0.9,0.3,107,4,0,29.80,,0,0,0,67.8,69.3,68.5,0.29,0.33,0.37
WALL,2017-08-21 05:35:00 EDT,41.63409,-74.15370,354,,60.6,,98.6,,0.000,0.000,0.00,0.000,0.1,0.7,0.2,141,0,0.5,1.1,0.4,134,4,0.1,0.7,0.2,141,0,0,29.80,,0,0,0,67.8,69.3,68.5,0.29,0.33,0.37
WALL,2017-08-21 05:40:00 EDT,41.63409,-74.15370,354,,60.7,,98.7,,0.000,0.000,0.00,0.000,0.0,0.0,0.0,0,0,0.0,0.7,0.1,161,0,0.0,0.0,0.0,0,0,0,29.81,,0,0,0,67.8,69.3,68.5,0.29,0.33,0.37
WALL,2017-08-21 05:45:00 EDT,41.63409,-74.15370,354,,60.8,,98.7,,0.000,0.000,0.00,0.000,0.0,0.4,0.1,141,0,0.6,1.1,0.4,141,7,0.0,0.4,0.1,141,0,0,29.81,,0,0,0,67.8,69.3,68.5,0.29,0.33,0.36
WALL,2017-08-21 05:50:00 EDT,41.63409,-74.15370,354,,61.0,,98.8,,0.000,0.000,0.00,0.000,0.0,0.0,0.0,0,0,0.6,1.0,0.3,135,5,0.0,0.0,0.0,0,0,0,29.81,,0,0,0,67.8,69.3,68.5,0.29,0.33,0.36
WALL,2017-08-21 05:55:00 EDT,41.63409,-74.15370,354,,61.2,,98.7,,0.000,0.000,0.00,0.000,0.2,0.7,0.3,141,0,1.0,1.2,0.2,155,9,0.2,0.7,0.3,141,0,0,29.81,,0,0,0,67.8,69.3,68.5,0.29,0.33,0.36
WALL,2017-08-21 06:00:00 EDT,41.63409,-74.15370,354,,61.1,,98.7,,0.000,0.000,0.00,0.000,0.0,0.0,0.0,0,0,0.5,1.1,0.5,169,13,0.0,0.0,0.0,0,0,1,29.81,,0,0,0,67.8,69.3,68.5,0.29,0.33,0.36
WALL,2017-08-21 06:05:00 EDT,41.63409,-74.15370,354,,61.0,,98.7,,0.000,0.000,0.00,0.000,0.0,0.0,0.0,0,0,0.0,0.0,0.0,0,0,0.0,0.0,0.0,0,0,2,29.81,,0,0,0,67.8,69.3,68.5,0.29,0.33,0.36
WALL,2017-08-21 06:10:00 EDT,41.63409,-74.15370,354,,60.4,,98.8,,0.000,0.000,0.00,0.000,0.3,1.2,0.4,119,7,0.7,1.7,0.6,108,13,0.3,1.2,0.4,119,7,3,29.81,,0,0,0,67.8,69.3,68.5,0.29,0.33,0.37
WALL,2017-08-21 06:15:00 EDT,41.63409,-74.15370,354,,60.7,,98.7,,0.000,0.000,0.00,0.000,0.9,1.4,0.2,158,18,1.3,2.0,0.2,158,18,0.9,1.4,0.2,158,18,3,29.81,,0,0,0,67.8,69.3,68.5,0.29,0.33,0.36
WALL,2017-08-21 06:20:00 EDT,41.63409,-74.15370,354,,61.2,,98.8,,0.000,0.000,0.00,0.000,1.3,1.8,0.2,179,6,1.7,2.4,0.3,176,10,1.3,1.8,0.2,179,6,6,29.81,,0,0,0,67.7,69.3,68.5,0.29,0.33,0.37
WALL,2017-08-21 06:25:00 EDT,41.63409,-74.15370,354,,61.2,,98.8,,0.000,0.000,0.00,0.000,0.5,1.5,0.4,175,10,0.9,1.9,0.5,168,15,0.5,1.5,0.4,175,10,9,29.81,,0,0,0,67.5,69.3,68.5,0.29,0.33,0.37
WALL,2017-08-21 06:30:00 EDT,41.63409,-74.15370,354,,61.2,,98.8,,0.000,0.000,0.00,0.000,0.1,1.2,0.3,192,4,0.8,1.5,0.4,185,14,0.1,1.2,0.3,192,4,13,29.81,,0,0,0,67.5,69.3,68.5,0.29,0.33,0.36
WALL,2017-08-21 06:35:00 EDT,41.63409,-74.15370,354,,61.1,,98.8,,0.000,0.000,0.00,0.000,0.5,1.8,0.5,178,12,1.1,2.3,0.4,171,16,0.5,1.8,0.5,178,12,18,29.81,,0,0,0,67.5,69.3,68.5,0.29,0.33,0.37
WALL,2017-08-21 06:40:00 EDT,41.63409,-74.15370,354,,61.3,,98.9,,0.000,0.000,0.00,0.000,0.9,2.0,0.5,167,16,1.3,2.6,0.5,157,19,0.9,2.0,0.5,167,16,24,29.81,,0,0,0,67.5,69.3,68.5,0.29,0.33,0.37
WALL,2017-08-21 06:45:00 EDT,41.63409,-74.15370,354,,61.5,,98.9,,0.000,0.000,0.00,0.000,0.2,1.4,0.4,158,8,0.5,1.7,0.5,137,17,0.2,1.4,0.4,158,8,23,29.81,,0,0,0,67.5,69.3,68.5,0.29,0.33,0.37
WALL,2017-08-21 06:50:00 EDT,41.63409,-74.15370,354,,61.7,,98.8,,0.000,0.000,0.00,0.000,0.2,1.9,0.5,183,6,0.4,2.4,0.6,165,16,0.2,1.9,0.5,183,6,26,29.81,,0,0,0,67.5,69.3,68.5,0.29,0.33,0.37
WALL,2017-08-21 06:55:00 EDT,41.63409,-74.15370,354,,61.1,,98.6,,0.000,0.000,0.00,0.000,0.0,0.4,0.0,271,0,0.4,1.4,0.5,261,4,0.0,0.4,0.0,271,0,46,29.81,,0,0,0,67.5,69.3,68.5,0.29,0.33,0.37
WALL,2017-08-21 07:00:00 EDT,41.63409,-74.15370,354,,60.7,,98.7,,0.000,0.000,0.00,0.000,0.3,0.9,0.3,271,0,0.6,1.3,0.5,258,8,0.3,0.9,0.3,271,0,43,29.81,,0,0,0,67.5,69.3,68.5,0.29,0.33,0.37
WALL,2017-08-21 07:05:00 EDT,41.63409,-74.15370,354,,60.6,,98.7,,0.000,0.000,0.00,0.000,0.2,0.7,0.2,271,0,0.5,1.1,0.4,254,9,0.2,0.7,0.2,271,0,69,29.82,,0,0,0,67.5,69.3,68.5,0.29,0.33,0.37
WALL,2017-08-21 07:10:00 EDT,41.63409,-74.15370,354,,60.6,,98.7,,0.000,0.000,0.00,0.000,0.0,0.0,0.0,0,0,0.1,0.9,0.3,236,1,0.0,0.0,0.0,0,0,91,29.82,,0,0,0,67.4,69.3,68.5,0.29,0.33,0.37
WALL,2017-08-21 07:15:00 EDT,41.63409,-74.15370,354,,60.8,,98.7,,0.000,0.000,0.00,0.000,0.0,0.0,0.0,0,0,0.8,1.1,0.2,228,7,0.0,0.0,0.0,0,0,116,29.82,,0,0,0,67.4,69.3,68.5,0.29,0.33,0.36
WALL,2017-08-21 07:20:00 EDT,41.63409,-74.15370,354,,61.0,,98.7,,0.000,0.000,0.00,0.000,0.1,0.7,0.2,270,0,0.9,1.3,0.2,237,5,0.1,0.7,0.2,270,0,110,29.82,,0,0,0,67.2,69.3,68.5,0.29,0.33,0.36
WALL,2017-08-21 07:25:00 EDT,41.63409,-74.15370,354,,61.1,,98.6,,0.000,0.000,0.00,0.000,1.0,1.4,0.2,229,10,1.2,1.8,0.2,222,7,1.0,1.4,0.2,229,10,64,29.82,,0,0,0,67.1,69.3,68.5,0.29,0.33,0.37
WALL,2017-08-21 07:30:00 EDT,41.63409,-74.15370,354,,61.4,,98.6,,0.000,0.000,0.00,0.000,1.9,2.8,0.4,237,7,1.9,2.8,0.4,232,7,1.9,2.8,0.4,237,7,123,29.82,,0,0,0,67.1,69.3,68.5,0.29,0.32,0.36
WALL,2017-08-21 07:35:00 EDT,41.63409,-74.15370,354,,62.0,,98.6,,0.000,0.000,0.00,0.000,2.5,3.1,0.4,233,7,2.4,3.4,0.4,228,7,2.5,3.1,0.4,233,7,114,29.83,,0,0,0,67.1,69.3,68.5,0.29,0.32,0.37
WALL,2017-08-21 07:40:00 EDT,41.63409,-74.15370,354,,62.6,,98.6,,0.000,0.000,0.00,0.000,2.0,2.8,0.4,217,9,2.1,2.8,0.4,217,7,2.0,2.8,0.4,217,9,133,29.82,,0,0,0,67.1,69.3,68.5,0.29,0.32,0.37
WALL,2017-08-21 07:45:00 EDT,41.63409,-74.15370,354,,63.1,,98.5,,0.000,0.000,0.00,0.000,1.5,2.3,0.4,223,12,1.7,3.4,0.4,218,12,1.5,2.3,0.4,223,12,168,29.82,,0,0,0,67.1,69.3,68.5,0.29,0.32,0.36
WALL,2017-08-21 07:50:00 EDT,41.63409,-74.15370,354,,63.7,,98.3,,0.000,0.000,0.00,0.000,2.0,2.9,0.4,234,11,2.0,2.9,0.4,229,11,2.0,2.9,0.4,234,11,198,29.82,,0,0,0,67.1,69.3,68.5,0.29,0.32,0.37
WALL,2017-08-21 07:55:00 EDT,41.63409,-74.15370,354,,64.2,,98.1,,0.000,0.000,0.00,0.000,2.5,3.3,0.4,233,9,2.5,3.7,0.5,229,9,2.5,3.3,0.4,233,9,197,29.82,,0,0,0,67.1,69.3,68.5,0.29,0.32,0.37
WALL,2017-08-21 08:00:00 EDT,41.63409,-74.15370,354,,64.8,,97.3,,0.000,0.000,0.00,0.000,2.2,3.3,0.6,233,12,2.3,3.7,0.5,230,13,2.2,3.3,0.6,233,12,232,29.82,,0,0,0,67.1,69.3,68.5,0.29,0.32,0.37
WALL,2017-08-21 08:05:00 EDT,41.63409,-74.15370,354,,65.3,,95.8,,0.000,0.000,0.00,0.000,2.2,3.7,0.8,224,14,2.3,4.1,0.7,220,13,2.2,3.7,0.8,224,14,181,29.82,,0,0,0,67.1,69.2,68.5,0.29,0.32,0.36
WALL,2017-08-21 08:10:00 EDT,41.63409,-74.15370,354,,65.6,,92.6,,0.000,0.000,0.00,0.000,2.5,4.5,0.8,228,10,2.6,5.1,0.8,223,10,2.5,4.5,0.8,228,10,200,29.82,,0,0,0,67.1,69.3,68.5,0.29,0.32,0.37
WALL,2017-08-21 08:15:00 EDT,41.63409,-74.15370,354,,66.3,,91.6,,0.000,0.000,0.00,0.000,2.4,3.7,0.6,219,12,2.7,4.0,0.6,217,11,2.4,3.7,0.6,219,12,212,29.82,,0,0,0,67.1,69.2,68.5,0.29,0.32,0.37
WALL,2017-08-21 08:20:00 EDT,41.63409,-74.15370,354,,66.7,,89.9,,0.000,0.000,0.00,0.000,2.2,3.2,0.5,220,15,2.5,3.9,0.6,218,10,2.2,3.2,0.5,220,15,281,29.82,,0,0,0,67.1,69.2,68.5,0.29,0.32,0.36
WALL,2017-08-21 08:25:00 EDT,41.63409,-74.15370,354,,67.4,,88.9,,0.000,0.000,0.00,0.000,2.9,5.0,0.7,224,13,3.0,4.8,0.7,220,12,2.9,5.0,0.7,224,13,316,29.82,,0,0,0,67.1,69.2,68.5,0.29,0.32,0.36
WALL,2017-08-21 08:30:00 EDT,41.63409,-74.15370,354,,67.9,,87.3,,0.000,0.000,0.00,0.000,2.8,4.4,0.7,225,13,3.0,4.9,0.7,223,10,2.8,4.4,0.7,225,13,329,29.82,,0,0,0,67.3,69.1,68.5,0.29,0.32,0.36
WALL,2017-08-21 08:35:00 EDT,41.63409,-74.15370,354,,68.1,,85.2,,0.000,0.000,0.00,0.000,2.5,3.8,0.6,223,13,2.4,4.1,0.6,220,12,2.5,3.8,0.6,223,13,265,29.82,,0,0,0,67.4,69.0,68.5,0.29,0.32,0.37
WALL,2017-08-21 08:40:00 EDT,41.63409,-74.15370,354,,68.7,,85.9,,0.000,0.000,0.00,0.000,3.0,4.9,0.8,230,13,3.2,5.1,0.8,224,11,3.0,4.9,0.8,230,13,306,29.81,,0,0,0,67.5,69.0,68.5,0.29,0.32,0.37
WALL,2017-08-21 08:45:00 EDT,41.63409,-74.15370,354,,69.4,,83.9,,0.000,0.000,0.00,0.000,2.8,4.5,0.9,223,17,3.1,4.9,1.0,219,16,2.8,4.5,0.9,223,17,366,29.81,,0,0,0,67.5,69.0,68.5,0.29,0.32,0.36
WALL,2017-08-21 08:50:00 EDT,41.63409,-74.15370,354,,70.0,,81.8,,0.000,0.000,0.00,0.000,3.4,5.0,0.7,225,12,3.5,5.3,0.8,222,12,3.4,5.0,0.7,225,12,406,29.81,,0,0,0,67.5,68.9,68.5,0.29,0.32,0.37
WALL,2017-08-21 08:55:00 EDT,41.63409,-74.15370,354,,70.5,,81.1,,0.000,0.000,0.00,0.000,3.1,5.2,0.6,220,21,3.6,6.4,1.0,217,19,3.1,5.2,0.6,220,21,422,29.81,,0,0,0,67.5,68.9,68.5,0.29,0.32,0.36
WALL,2017-08-21 09:00:00 EDT,41.63409,-74.15370,354,,70.8,,79.1,,0.000,0.000,0.00,0.000,3.5,6.4,1.0,212,19,4.0,7.5,1.2,207,18,3.5,6.4,1.0,212,19,392,29.81,,0,0,0,67.5,68.9,68.5,0.29,0.32,0.37
WALL,2017-08-21 09:05:00 EDT,41.63409,-74.15370,354,,71.0,,78.5,,0.000,0.000,0.00,0.000,4.5,8.0,1.5,200,24,4.9,9.4,1.8,197,22,4.5,8.0,1.5,200,24,285,29.81,,0,0,0,67.5,68.9,68.5,0.29,0.32,0.37
WALL,2017-08-21 09:10:00 EDT,41.63409,-74.15370,354,,71.3,,78.0,,0.000,0.000,0.00,0.000,4.1,7.4,1.4,192,14,4.6,8.5,1.6,188,13,4.1,7.4,1.4,192,14,437,29.81,,0,0,0,67.5,68.9,68.5,0.29,0.32,0.36
WALL,2017-08-21 09:15:00 EDT,41.63409,-74.15370,354,,71.7,,75.1,,0.000,0.000,0.00,0.000,4.3,7.3,1.5,204,18,4.7,8.0,1.5,199,16,4.3,7.3,1.5,204,18,476,29.80,,0,0,0,67.5,68.9,68.5,0.29,0.32,0.37
WALL,2017-08-21 09:20:00 EDT,41.63409,-74.15370,354,,72.0,,76.5,,0.000,0.000,0.00,0.000,4.4,7.5,1.6,193,18,5.0,8.3,1.7,189,17,4.4,7.5,1.6,193,18,486,29.80,,0,0,0,67.5,68.9,68.5,0.29,0.32,0.36
WALL,2017-08-21 09:25:00 EDT,41.63409,-74.15370,354,,72.2,,75.9,,0.000,0.000,0.00,0.000,4.0,7.1,1.4,193,20,4.5,8.0,1.6,189,20,4.0,7.1,1.4,193,20,468,29.80,,0,0,0,67.7,68.9,68.5,0.29,0.32,0.37
WALL,2017-08-21 09:30:00 EDT,41.63409,-74.15370,354,,72.7,,74.3,,0.000,0.000,0.00,0.000,4.0,8.3,2.0,220,17,4.4,9.7,1.8,216,17,4.0,8.3,2.0,220,17,473,29.80,,0,0,0,67.8,68.9,68.5,0.29,0.32,0.36
WALL,2017-08-21 09:35:00 EDT,41.63409,-74.15370,354,,72.4,,74.8,,0.000,0.000,0.00,0.000,4.4,7.7,2.1,194,17,5.1,9.0,2.1,190,17,4.4,7.7,2.1,194,17,488,29.81,,0,0,0,67.8,68.9,68.5,0.29,0.32,0.36
WALL,2017-08-21 09:40:00 EDT,41.63409,-74.15370,354,,72.9,,74.1,,0.000,0.000,0.00,0.000,5.2,8.2,1.7,218,14,5.5,8.5,1.7,215,14,5.2,8.2,1.7,218,14,528,29.81,,0,0,0,67.8,68.9,68.5,0.29,0.32,0.37
WALL,2017-08-21 09:45:00 EDT,41.63409,-74.15370,354,,73.1,,74.5,,0.000,0.000,0.00,0.000,3.7,8.3,1.7,212,24,4.4,10.1,1.7,206,23,3.7,8.3,1.7,212,24,567,29.80,,0,0,0,67.8,68.9,68.5,0.29,0.32,0.36
WALL,2017-08-21 09:50:00 EDT,41.63409,-74.15370,354,,72.9,,73.2,,0.000,0.000,0.00,0.000,5.0,9.1,1.5,222,17,5.4,9.5,1.7,218,17,5.0,9.1,1.5,222,17,473,29.81,,0,0,0,67.8,68.9,68.5,0.29,0.32,0.36
WALL,2017-08-21 09:55:00 EDT,41.63409,-74.15370,354,,73.0,,73.0,,0.000,0.000,0.00,0.000,4.5,7.2,1.3,198,18,5.1,8.3,1.5,193,16,4.5,7.2,1.3,198,18,488,29.80,,0,0,0,67.8,68.9,68.5,0.29,0.32,0.36
WALL,2017-08-21 10:00:00 EDT,41.63409,-74.15370,354,,73.3,,73.0,,0.000,0.000,0.00,0.000,4.5,7.7,1.2,213,21,4.8,7.8,1.3,209,18,4.5,7.7,1.2,213,21,502,29.81,,0,0,0,67.8,68.9,68.5,0.29,0.32,0.37
WALL,2017-08-21 10:05:00 EDT,41.63409,-74.15370,354,,73.6,,73.2,,0.000,0.000,0.00,0.000,4.5,6.2,0.9,206,19,4.9,8.2,1.2,201,18,4.5,6.2,0.9,206,19,513,29.81,,0,0,0,68.1,68.9,68.5,0.29,0.32,0.37
WALL,2017-08-21 10:10:00 EDT,41.63409,-74.15370,354,,73.7,,72.5,,0.000,0.000,0.00,0.000,2.9,5.8,1.3,214,25,3.4,6.3,1.3,211,25,2.9,5.8,1.3,214,25,375,29.81,,0,0,0,68.2,68.9,68.5,0.29,0.32,0.37
WALL,2017-08-21 10:15:00 EDT,41.63409,-74.15370,354,,73.4,,72.7,,0.000,0.000,0.00,0.000,5.1,7.4,0.9,247,15,5.4,7.8,1.0,244,14,5.1,7.4,0.9,247,15,414,29.81,,0,0,0,68.2,68.9,68.5,0.29,0.32,0.37
WALL,2017-08-21 10:20:00 EDT,41.63409,-74.15370,354,,73.7,,73.3,,0.000,0.000,0.00,0.000,3.9,6.6,1.1,233,12,4.1,6.8,1.2,228,11,3.9,6.6,1.1,233,12,475,29.81,,0,0,0,68.2,68.9,68.5,0.29,0.32,0.36
WALL,2017-08-21 10:25:00 EDT,41.63409,-74.15370,354,,74.0,,72.5,,0.000,0.000,0.00,0.000,2.5,5.0,1.1,230,23,2.9,5.6,1.0,226,23,2.5,5.0,1.1,230,23,384,29.81,,0,0,0,68.2,68.9,68.5,0.29,0.31,0.36
WALL,2017-08-21 10:30:00 EDT,41.63409,-74.15370,354,,74.0,,71.6,,0.000,0.000,0.00,0.000,2.9,5.3,1.2,233,25,3.2,5.9,1.2,229,26,2.9,5.3,1.2,233,25,585,29.81,,0,0,0,68.4,68.9,68.5,0.29,0.31,0.36
WALL,2017-08-21 10:35:00 EDT,41.63409,-74.15370,354,,74.8,,71.4,,0.000,0.000,0.00,0.000,3.4,6.6,1.4,218,13,3.7,6.6,1.2,213,16,3.4,6.6,1.4,218,13,509,29.81,,0,0,0,68.5,68.9,68.5,0.29,0.32,0.37
WALL,2017-08-21 10:40:00 EDT,41.63409,-74.15370,354,,74.6,,71.2,,0.000,0.000,0.00,0.000,3.0,5.0,0.9,241,27,3.3,5.6,0.9,238,28,3.0,5.0,0.9,241,27,628,29.81,,0,0,0,68.5,68.9,68.5,0.29,0.31,0.36
WALL,2017-08-21 10:45:00 EDT,41.63409,-74.15370,354,,75.1,,71.2,,0.000,0.000,0.00,0.000,3.4,5.8,1.3,257,25,3.9,7.0,1.4,255,24,3.4,5.8,1.3,257,25,626,29.81,,0,0,0,68.5,68.9,68.5,0.29,0.32,0.36
WALL,2017-08-21 10:50:00 EDT,41.63409,-74.15370,354,,75.5,,70.6,,0.000,0.000,0.00,0.000,3.8,6.6,1.2,171,26,4.3,6.4,1.2,167,25,3.8,6.6,1.2,171,26,663,29.81,,0,0,0,68.5,68.9,68.5,0.29,0.32,0.37
WALL,2017-08-21 10:55:00 EDT,41.63409,-74.15370,354,,75.7,,68.2,,0.000,0.000,0.00,0.000,2.4,5.4,1.4,195,22,2.9,6.3,1.4,191,24,2.4,5.4,1.4,195,22,687,29.81,,0,0,0,68.5,68.9,68.5,0.29,0.32,0.37
WALL,2017-08-21 11:00:00 EDT,41.63409,-74.15370,354,,76.0,,68.7,,0.000,0.000,0.00,0.000,3.2,6.2,1.3,217,25,3.3,6.8,1.3,211,25,3.2,6.2,1.3,217,25,693,29.81,,0,0,0,68.8,68.9,68.5,0.29,0.32,0.36
WALL,2017-08-21 11:05:00 EDT,41.63409,-74.15370,354,,76.8,,69.0,,0.000,0.000,0.00,0.000,3.0,6.7,2.0,198,29,3.8,8.5,2.3,196,29,3.0,6.7,2.0,198,29,702,29.81,,0,0,0,68.9,68.9,68.5,0.29,0.32,0.36
WALL,2017-08-21 11:10:00 EDT,41.63409,-74.15370,354,,76.6,,67.4,,0.000,0.000,0.00,0.000,3.2,6.1,1.8,191,13,3.7,6.9,1.8,186,15,3.2,6.1,1.8,191,13,708,29.81,,0,0,0,68.9,68.8,68.5,0.29,0.32,0.36
WALL,2017-08-21 11:15:00 EDT,41.63409,-74.15370,354,,77.8,,65.7,,0.000,0.000,0.00,0.000,1.3,2.8,0.8,179,42,2.0,4.8,1.1,172,43,1.3,2.8,0.8,179,42,717,29.80,,0,0,0,68.9,68.8,68.5,0.29,0.32,0.36
WALL,2017-08-21 11:20:00 EDT,41.63409,-74.15370,354,,77.7,,65.8,,0.000,0.000,0.00,0.000,1.7,4.1,1.0,253,39,2.3,5.2,1.0,250,41,1.7,4.1,1.0,253,39,725,29.81,,0,0,0,69.2,68.8,68.5,0.29,0.31,0.36
WALL,2017-08-21 11:25:00 EDT,41.63409,-74.15370,354,,78.5,,65.8,,0.000,0.000,0.00,0.000,2.6,4.2,1.0,211,50,3.1,5.2,1.1,206,49,2.6,4.2,1.0,211,50,729,29.80,,0,0,0,69.3,68.7,68.5,0.29,0.31,0.36
WALL,2017-08-21 11:30:00 EDT,41.63409,-74.15370,354,,78.9,,65.0,,0.000,0.000,0.00,0.000,3.8,7.0,1.0,183,37,4.3,7.3,1.1,178,36,3.8,7.0,1.0,183,37,736,29.80,,0,0,0,69.3,68.7,68.5,0.29,0.31,0.36
WALL,2017-08-21 11:35:00 EDT,41.63409,-74.15370,354,,79.0,,62.8,,0.000,0.000,0.00,0.000,4.2,7.7,2.0,248,18,4.6,8.4,1.9,247,20,4.2,7.7,2.0,248,18,741,29.80,,0,0,0,69.3,68.6,68.5,0.29,0.31,0.36
WALL,2017-08-21 11:40:00 EDT,41.63409,-74.15370,354,,79.5,,62.4,,0.000,0.000,0.00,0.000,4.5,7.5,1.7,246,18,4.8,8.7,1.7,244,17,4.5,7.5,1.7,246,18,750,29.80,,0,0,0,69.6,68.6,68.5,0.29,0.31,0.36
WALL,2017-08-21 11:45:00 EDT,41.63409,-74.15370,354,,80.0,,62.9,,0.000,0.000,0.00,0.000,2.9,6.1,1.6,201,23,3.5,7.1,1.7,194,23,2.9,6.1,1.6,201,23,764,29.79,,0,0,0,69.6,68.6,68.5,0.29,0.31,0.36
WALL,2017-08-21 11:50:00 EDT,41.63409,-74.15370,354,,79.9,,61.7,,0.000,0.000,0.00,0.000,3.5,6.8,1.6,192,27,4.1,7.6,1.6,187,28,3.5,6.8,1.6,192,27,708,29.79,,0,0,0,69.6,68.6,68.5,0.29,0.31,0.36
WALL,2017-08-21 11:55:00 EDT,41.63409,-74.15370,354,,79.9,,61.3,,0.000,0.000,0.00,0.000,3.2,5.3,0.9,244,36,3.6,6.8,1.2,241,35,3.2,5.3,0.9,244,36,771,29.79,,0,0,0,69.9,68.6,68.5,0.29,0.31,0.37
WALL,2017-08-21 12:00:00 EDT,41.63409,-74.15370,354,,80.7,,63.0,,0.000,0.000,0.00,0.000,3.5,6.0,1.2,189,27,4.2,6.6,1.2,188,28,3.5,6.0,1.2,189,27,785,29.79,,0,0,0,70.0,68.6,68.5,0.29,0.31,0.36
WALL,2017-08-21 12:05:00 EDT,41.63409,-74.15370,354,,80.5,,59.8,,0.000,0.000,0.00,0.000,4.2,7.5,1.6,180,16,4.8,9.5,1.9,173,14,4.2,7.5,1.6,180,16,801,29.78,,0,0,0,70.0,68.6,68.5,0.29,0.31,0.36
WALL,2017-08-21 12:10:00 EDT,41.63409,-74.15370,354,,81.2,,57.0,,0.000,0.000,0.00,0.000,6.3,10.1,1.9,218,20,6.7,11.3,1.8,213,18,6.3,10.1,1.9,218,20,837,29.78,,0,0,0,70.0,68.6,68.5,0.29,0.31,0.36
WALL,2017-08-21 12:15:00 EDT,41.63409,-74.15370,354,,81.8,,55.1,,0.000,0.000,0.00,0.000,5.1,9.4,1.9,226,22,5.7,9.4,1.8,220,22,5.1,9.4,1.9,226,22,858,29.78,,0,0,0,70.2,68.5,68.5,0.29,0.31,0.36
WALL,2017-08-21 12:20:00 EDT,41.63409,-74.15370,354,,81.8,,54.1,,0.000,0.000,0.00,0.000,5.8,9.3,1.7,207,27,6.6,11.0,1.7,202,27,5.8,9.3,1.7,207,27,476,29.78,,0,0,0,70.3,68.5,68.5,0.29,0.31,0.36
WALL,2017-08-21 12:25:00 EDT,41.63409,-74.15370,354,,81.2,,51.6,,0.000,0.000,0.00,0.000,7.2,11.5,1.9,233,14,7.7,11.6,1.8,228,12,7.2,11.5,1.9,233,14,395,29.78,,0,0,0,70.3,68.5,68.5,0.29,0.31,0.36
WALL,2017-08-21 12:30:00 EDT,41.63409,-74.15370,354,,81.1,,53.6,,0.000,0.000,0.00,0.000,5.7,8.8,1.3,232,14,6.2,10.0,1.3,228,12,5.7,8.8,1.3,232,14,550,29.78,,0,0,0,70.4,68.5,68.5,0.29,0.30,0.36
WALL,2017-08-21 12:35:00 EDT,41.63409,-74.15370,354,,81.7,,53.6,,0.000,0.000,0.00,0.000,6.5,10.3,2.0,224,17,7.0,10.5,1.8,221,14,6.5,10.3,2.0,224,17,580,29.78,,0,0,0,70.7,68.5,68.5,0.29,0.31,0.37
WALL,2017-08-21 12:40:00 EDT,41.63409,-74.15370,354,,81.8,,50.8,,0.000,0.000,0.00,0.000,7.6,13.3,2.2,236,15,8.0,13.4,2.2,231,14,7.6,13.3,2.2,236,15,548,29.77,,0,0,0,70.7,68.5,68.5,0.28,0.31,0.36
WALL,2017-08-21 12:45:00 EDT,41.63409,-74.15370,354,,81.4,,52.1,,0.000,0.000,0.00,0.000,8.0,10.7,1.2,251,13,8.6,11.9,1.4,248,12,8.0,10.7,1.2,251,13,362,29.77,,0,0,0,70.7,68.5,68.5,0.29,0.31,0.36
WALL,2017-08-21 12:50:00 EDT,41.63409,-74.15370,354,,81.1,,54.5,,0.000,0.000,0.00,0.000,6.2,9.6,1.4,243,15,6.6,10.3,1.4,239,15,6.2,9.6,1.4,243,15,471,29.77,,0,0,0,70.7,68.5,68.5,0.29,0.31,0.37
WALL,2017-08-21 12:55:00 EDT,41.63409,-74.15370,354,,81.4,,56.2,,0.000,0.000,0.00,0.000,5.1,9.0,1.8,211,20,5.8,9.8,1.8,208,18,5.1,9.0,1.8,211,20,506,29.77,,0,0,0,71.0,68.5,68.5,0.29,0.31,0.36
WALL,2017-08-21 13:00:00 EDT,41.63409,-74.15370,354,,81.3,,57.1,,0.000,0.000,0.00,0.000,5.2,8.7,1.7,196,20,6.0,12.2,1.9,192,17,5.2,8.7,1.7,196,20,600,29.77,,0,0,0,71.1,68.5,68.5,0.29,0.31,0.36
WALL,2017-08-21 13:05:00 EDT,41.63409,-74.15370,354,,81.2,,57.5,,0.000,0.000,0.00,0.000,5.3,9.1,1.9,193,16,5.9,11.3,2.2,188,14,5.3,9.1,1.9,193,16,451,29.77,,0,0,0,71.1,68.5,68.5,0.29,0.30,0.36
WALL,2017-08-21 13:10:00 EDT,41.63409,-74.15370,354,,80.7,,57.2,,0.000,0.000,0.00,0.000,5.7,9.1,1.7,196,19,6.4,11.0,2.0,191,15,5.7,9.1,1.7,196,19,513,29.77,,0,0,0,71.1,68.5,68.5,0.29,0.31,0.36
WALL,2017-08-21 13:15:00 EDT,41.63409,-74.15370,354,,80.9,,59.3,,0.000,0.000,0.00,0.000,6.6,10.9,1.7,193,16,7.6,11.9,1.9,189,15,6.6,10.9,1.7,193,16,700,29.77,,0,0,0,71.1,68.5,68.5,0.29,0.30,0.36
WALL,2017-08-21 13:20:00 EDT,41.63409,-74.15370,354,,82.0,,59.6,,0.000,0.000,0.00,0.000,4.0,8.0,1.6,191,21,4.8,8.9,1.6,188,19,4.0,8.0,1.6,191,21,720,29.77,,0,0,0,71.4,68.5,68.5,0.29,0.31,0.36
WALL,2017-08-21 13:25:00 EDT,41.63409,-74.15370,354,,81.7,,57.8,,0.000,0.000,0.00,0.000,6.9,13.5,2.0,216,20,7.5,13.1,2.0,211,19,6.9,13.5,2.0,216,20,594,29.77,,0,0,0,71.4,68.5,68.4,0.29,0.31,0.36
WALL,2017-08-21 13:30:00 EDT,41.63409,-74.15370,354,,81.5,,59.7,,0.000,0.000,0.00,0.000,5.5,9.4,1.7,205,19,6.3,10.9,1.8,199,18,5.5,9.4,1.7,205,19,755,29.77,,0,0,0,71.4,68.5,68.4,0.29,0.30,0.36
WALL,2017-08-21 13:35:00 EDT,41.63409,-74.15370,354,,81.7,,57.6,,0.000,0.000,0.00,0.000,7.5,11.9,1.9,219,18,8.2,11.9,1.9,214,16,7.5,11.9,1.9,219,18,604,29.77,,0,0,0,71.4,68.5,68.4,0.28,0.30,0.36
WALL,2017-08-21 13:40:00 EDT,41.63409,-74.15370,354,,81.1,,58.7,,0.000,0.000,0.00,0.000,6.7,12.7,2.1,217,16,7.2,13.0,2.2,210,16,6.7,12.7,2.1,217,16,461,29.77,,0,0,0,71.4,68.5,68.4,0.28,0.30,0.36
WALL,2017-08-21 13:45:00 EDT,41.63409,-74.15370,354,,80.9,,58.9,,0.000,0.000,0.00,0.000,6.4,10.5,1.5,198,15,7.0,12.8,1.9,193,12,6.4,10.5,1.5,198,15,468,29.76,,0,0,0,71.4,68.5,68.4,0.28,0.30,0.36
WALL,2017-08-21 13:50:00 EDT,41.63409,-74.15370,354,,81.5,,59.7,,0.000,0.000,0.00,0.000,4.4,8.6,1.8,218,17,4.8,8.5,1.7,215,17,4.4,8.6,1.8,218,17,682,29.76,,0,0,0,71.5,68.5,68.4,0.28,0.30,0.36
WALL,2017-08-21 13:55:00 EDT,41.63409,-74.15370,354,,81.9,,58.0,,0.000,0.000,0.00,0.000,6.1,9.8,1.7,211,28,7.1,12.9,1.9,206,26,6.1,9.8,1.7,211,28,586,29.76,,0,0,0,71.7,68.5,68.3,0.28,0.30,0.36
WALL,2017-08-21 14:00:00 EDT,41.63409,-74.15370,354,,81.8,,58.0,,0.000,0.000,0.00,0.000,5.6,11.5,2.2,230,19,5.9,11.4,2.1,225,19,5.6,11.5,2.2,230,19,381,29.76,,0,0,0,71.8,68.5,68.4,0.28,0.30,0.36
WALL,2017-08-21 14:05:00 EDT,41.63409,-74.15370,354,,81.0,,59.0,,0.000,0.000,0.00,0.000,4.3,9.1,1.6,218,21,4.6,9.7,1.9,214,19,4.3,9.1,1.6,218,21,140,29.76,,0,0,0,71.8,68.5,68.3,0.28,0.30,0.36
WALL,2017-08-21 14:10:00 EDT,41.63409,-74.15370,354,,80.7,,60.6,,0.000,0.000,0.00,0.000,3.9,7.4,1.5,214,19,4.4,8.3,1.5,209,19,3.9,7.4,1.5,214,19,374,29.76,,0,0,0,71.8,68.5,68.2,0.28,0.30,0.36
WALL,2017-08-21 14:15:00 EDT,41.63409,-74.15370,354,,81.2,,61.1,,0.000,0.000,0.00,0.000,4.6,10.2,1.9,236,18,5.0,11.2,1.9,232,17,4.6,10.2,1.9,236,18,316,29.76,,0,0,0,71.8,68.5,68.2,0.28,0.30,0.36
WALL,2017-08-21 14:20:00 EDT,41.63409,-74.15370,354,,81.5,,58.4,,0.000,0.000,0.00,0.000,6.1,9.4,1.7,223,13,6.4,10.5,1.6,218,11,6.1,9.4,1.7,223,13,353,29.76,,0,0,0,72.0,68.5,68.2,0.28,0.30,0.36
WALL,2017-08-21 14:25:00 EDT,41.63409,-74.15370,354,,81.6,,58.2,,0.000,0.000,0.00,0.000,4.5,8.7,1.7,221,15,4.7,9.5,1.8,217,14,4.5,8.7,1.7,221,15,318,29.75,,0,0,0,72.3,68.5,68.2,0.28,0.30,0.36
WALL,2017-08-21 14:30:00 EDT,41.63409,-74.15370,354,,81.3,,59.8,,0.000,0.000,0.00,0.000,4.0,5.9,1.2,214,15,4.3,6.7,1.3,212,14,4.0,5.9,1.2,214,15,219,29.75,,0,0,0,72.3,68.6,68.2,0.28,0.30,0.36
WALL,2017-08-21 14:35:00 EDT,41.63409,-74.15370,354,,81.0,,61.2,,0.000,0.000,0.00,0.000,2.9,6.4,1.0,227,23,3.4,6.2,1.1,222,22,2.9,6.4,1.0,227,23,186,29.75,,0,0,0,72.3,68.6,68.2,0.28,0.30,0.36
WALL,2017-08-21 14:40:00 EDT,41.63409,-74.15370,354,,81.0,,62.0,,0.000,0.000,0.00,0.000,2.5,5.1,0.9,219,17,2.9,5.9,1.0,215,17,2.5,5.1,0.9,219,17,211,29.74,,0,0,0,72.3,68.5,68.2,0.28,0.30,0.36
WALL,2017-08-21 14:45:00 EDT,41.63409,-74.15370,354,,80.9,,63.6,,0.000,0.000,0.00,0.000,2.3,4.0,0.7,207,19,2.6,5.0,0.8,204,18,2.3,4.0,0.7,207,19,195,29.74,,0,0,0,72.3,68.5,68.2,0.28,0.30,0.36
WALL,2017-08-21 14:50:00 EDT,41.63409,-74.15370,354,,80.8,,65.6,,0.000,0.000,0.00,0.000,3.2,5.2,1.0,191,14,3.5,5.5,1.0,186,12,3.2,5.2,1.0,191,14,200,29.74,,0,0,0,72.3,68.6,68.2,0.28,0.30,0.36
WALL,2017-08-21 14:55:00 EDT,41.63409,-74.15370,354,,80.6,,64.8,,0.000,0.000,0.00,0.000,2.2,3.8,0.8,197,13,2.4,4.1,0.8,194,15,2.2,3.8,0.8,197,13,210,29.74,,0,0,0,72.3,68.5,68.2,0.29,0.30,0.36
WALL,2017-08-21 15:00:00 EDT,41.63409,-74.15370,354,,80.6,,67.6,,0.000,0.000,0.00,0.000,1.5,3.0,0.8,200,18,1.8,3.7,0.9,195,17,1.5,3.0,0.8,200,18,236,29.74,,0,0,0,72.3,68.6,68.2,0.29,0.30,0.36
WALL,2017-08-21 15:05:00 EDT,41.63409,-74.15370,354,,80.9,,66.9,,0.000,0.000,0.00,0.000,1.7,3.4,0.9,187,16,2.3,4.1,0.9,182,17,1.7,3.4,0.9,187,16,268,29.74,,0,0,0,72.3,68.5,68.2,0.28,0.30,0.36
WALL,2017-08-21 15:10:00 EDT,41.63409,-74.15370,354,,81.1,,65.7,,0.000,0.000,0.00,0.000,2.6,3.9,0.9,183,20,3.1,5.1,1.0,177,18,2.6,3.9,0.9,183,20,305,29.74,,0,0,0,72.3,68.6,68.2,0.28,0.30,0.36
WALL,2017-08-21 15:15:00 EDT,41.63409,-74.15370,354,,81.5,,66.5,,0.000,0.000,0.00,0.000,2.0,5.8,0.9,178,21,2.6,6.3,1.2,171,18,2.0,5.8,0.9,178,21,316,29.74,,0,0,0,72.3,68.6,68.2,0.29,0.30,0.36
WALL,2017-08-21 15:20:00 EDT,41.63409,-74.15370,354,,81.2,,64.8,,0.000,0.000,0.00,0.000,4.7,7.2,1.0,195,16,5.3,8.4,1.1,189,14,4.7,7.2,1.0,195,16,339,29.74,,0,0,0,72.3,68.6,68.2,0.28,0.30,0.36
WALL,2017-08-21 15:25:00 EDT,41.63409,-74.15370,354,,81.4,,65.3,,0.000,0.000,0.00,0.000,3.6,6.2,1.0,192,16,4.1,7.1,1.2,187,16,3.6,6.2,1.0,192,16,296,29.74,,0,0,0,72.3,68.7,68.2,0.29,0.30,0.36
WALL,2017-08-21 15:30:00 EDT,41.63409,-74.15370,354,,81.4,,65.2,,0.000,0.000,0.00,0.000,3.1,5.6,1.1,203,18,3.4,6.0,1.1,201,19,3.1,5.6,1.1,203,18,300,29.73,,0,0,0,72.3,68.7,68.2,0.29,0.30,0.36
WALL,2017-08-21 15:35:00 EDT,41.63409,-74.15370,354,,81.7,,66.0,,0.000,0.000,0.00,0.000,2.5,5.9,1.2,207,19,3.0,6.4,1.2,205,18,2.5,5.9,1.2,207,19,283,29.73,,0,0,0,72.3,68.8,68.2,0.29,0.30,0.36
WALL,2017-08-21 15:40:00 EDT,41.63409,-74.15370,354,,81.7,,64.1,,0.000,0.000,0.00,0.000,5.2,8.5,1.6,222,14,5.5,8.3,1.7,217,13,5.2,8.5,1.6,222,14,297,29.74,,0,0,0,72.3,68.8,68.2,0.29,0.30,0.36
WALL,2017-08-21 15:45:00 EDT,41.63409,-74.15370,354,,81.8,,63.7,,0.000,0.000,0.00,0.000,4.7,7.7,1.5,221,18,5.1,8.7,1.6,217,16,4.7,7.7,1.5,221,18,521,29.74,,0,0,0,72.3,68.8,68.2,0.29,0.30,0.36
WALL,2017-08-21 15:50:00 EDT,41.63409,-74.15370,354,,82.7,,62.7,,0.000,0.000,0.00,0.000,3.9,8.1,1.5,211,20,4.4,7.5,1.5,209,19,3.9,8.1,1.5,211,20,599,29.74,,0,0,0,72.3,68.8,68.2,0.29,0.30,0.36
WALL,2017-08-21 15:55:00 EDT,41.63409,-74.15370,354,,83.3,,61.5,,0.000,0.000,0.00,0.000,5.1,8.9,1.6,209,24,5.7,11.7,1.8,205,22,5.1,8.9,1.6,209,24,651,29.74,,0,0,0,72.3,68.9,68.2,0.28,0.30,0.36
WALL,2017-08-21 16:00:00 EDT,41.63409,-74.15370,354,,82.8,,59.8,,0.000,0.000,0.00,0.000,6.2,9.9,1.8,213,17,6.7,11.3,2.0,210,16,6.2,9.9,1.8,213,17,643,29.73,,0,0,0,72.4,68.9,68.2,0.28,0.30,0.36
WALL,2017-08-21 16:05:00 EDT,41.63409,-74.15370,354,,82.9,,61.5,,0.000,0.000,0.00,0.000,5.1,9.8,1.9,206,18,5.8,11.9,2.1,199,16,5.1,9.8,1.9,206,18,632,29.73,,0,0,0,72.4,68.9,68.2,0.28,0.30,0.36
WALL,2017-08-21 16:10:00 EDT,41.63409,-74.15370,354,,83.0,,61.9,,0.000,0.000,0.00,0.000,5.7,8.8,1.7,201,20,6.4,10.7,2.0,198,19,5.7,8.8,1.7,201,20,643,29.73,,0,0,0,72.6,68.9,68.2,0.28,0.30,0.36
WALL,2017-08-21 16:15:00 EDT,41.63409,-74.15370,354,,82.8,,61.9,,0.000,0.000,0.00,0.000,4.9,9.8,1.7,198,20,5.6,13.0,2.1,196,20,4.9,9.8,1.7,198,20,464,29.73,,0,0,0,72.7,68.9,68.2,0.28,0.30,0.36
WALL,2017-08-21 16:20:00 EDT,41.63409,-74.15370,354,,82.3,,61.6,,0.000,0.000,0.00,0.000,5.8,12.1,2.3,205,20,6.8,14.8,2.7,201,18,5.8,12.1,2.3,205,20,320,29.72,,0,0,0,72.7,68.9,68.2,0.28,0.30,0.36
WALL,2017-08-21 16:25:00 EDT,41.63409,-74.15370,354,,82.1,,62.9,,0.000,0.000,0.00,0.000,5.3,9.4,1.6,209,21,6.1,11.5,1.8,202,19,5.3,9.4,1.6,209,21,365,29.72,,0,0,0,72.7,68.9,68.2,0.28,0.29,0.36
WALL,2017-08-21 16:30:00 EDT,41.63409,-74.15370,354,,82.7,,63.4,,0.000,0.000,0.00,0.000,5.5,9.0,1.4,210,25,6.1,9.6,1.6,205,23,5.5,9.0,1.4,210,25,479,29.72,,0,0,0,72.7,68.9,68.2,0.28,0.30,0.36
WALL,2017-08-21 16:35:00 EDT,41.63409,-74.15370,354,,82.9,,61.3,,0.000,0.000,0.00,0.000,6.6,11.3,2.0,202,17,7.2,13.1,2.1,196,15,6.6,11.3,2.0,202,17,496,29.72,,0,0,0,72.7,68.9,68.2,0.28,0.29,0.36
WALL,2017-08-21 16:40:00 EDT,41.63409,-74.15370,354,,82.9,,61.3,,0.000,0.000,0.00,0.000,5.7,10.2,2.0,216,20,6.3,12.3,2.2,209,19,5.7,10.2,2.0,216,20,464,29.72,,0,0,0,72.7,68.9,68.2,0.28,0.29,0.36
WALL,2017-08-21 16:45:00 EDT,41.63409,-74.15370,354,,83.0,,62.5,,0.000,0.000,0.00,0.000,5.4,9.6,2.0,216,17,6.0,10.9,2.0,211,16,5.4,9.6,2.0,216,17,445,29.72,,0,0,0,72.7,68.9,68.2,0.28,0.29,0.36
WALL,2017-08-21 16:50:00 EDT,41.63409,-74.15370,354,,82.9,,62.3,,0.000,0.000,0.00,0.000,5.8,9.4,1.6,217,17,6.4,9.8,1.7,212,15,5.8,9.4,1.6,217,17,435,29.72,,0,0,0,72.7,68.9,68.2,0.28,0.29,0.36
WALL,2017-08-21 16:55:00 EDT,41.63409,-74.15370,354,,83.0,,62.4,,0.000,0.000,0.00,0.000,5.8,12.6,2.7,204,23,6.6,14.4,2.7,199,23,5.8,12.6,2.7,204,23,416,29.72,,0,0,0,72.7,68.9,68.2,0.28,0.29,0.36
WALL,2017-08-21 17:00:00 EDT,41.63409,-74.15370,354,,83.1,,62.1,,0.000,0.000,0.00,0.000,4.5,9.0,1.7,205,22,5.3,9.5,1.6,202,20,4.5,9.0,1.7,205,22,343,29.72,,0,0,0,72.7,68.9,68.2,0.28,0.29,0.36
WALL,2017-08-21 17:05:00 EDT,41.63409,-74.15370,354,,82.6,,63.0,,0.000,0.000,0.00,0.000,7.6,12.3,1.9,230,13,8.1,11.9,1.9,225,12,7.6,12.3,1.9,230,13,346,29.72,,0,0,0,72.7,68.9,68.2,0.28,0.29,0.36
WALL,2017-08-21 17:10:00 EDT,41.63409,-74.15370,354,,82.9,,63.5,,0.000,0.000,0.00,0.000,6.4,10.4,1.7,217,16,7.0,11.8,1.9,212,15,6.4,10.4,1.7,217,16,366,29.72,,0,0,0,72.7,68.9,68.2,0.28,0.29,0.36
WALL,2017-08-21 17:15:00 EDT,41.63409,-74.15370,354,,82.8,,64.7,,0.000,0.000,0.00,0.000,5.2,9.6,1.9,220,17,6.0,10.3,1.7,214,16,5.2,9.6,1.9,220,17,307,29.72,,0,0,0,72.7,68.9,68.2,0.28,0.29,0.36
WALL,2017-08-21 17:20:00 EDT,41.63409,-74.15370,354,,82.5,,65.4,,0.000,0.000,0.00,0.000,5.3,10.1,2.0,222,14,5.9,10.2,2.0,217,13,5.3,10.1,2.0,222,14,245,29.72,,0,0,0,72.7,68.9,68.2,0.28,0.29,0.36
WALL,2017-08-21 17:25:00 EDT,41.63409,-74.15370,354,,82.3,,66.4,,0.000,0.000,0.00,0.000,5.9,11.7,2.2,215,17,6.5,12.2,2.4,211,15,5.9,11.7,2.2,215,17,165,29.72,,0,0,0,72.7,68.9,68.2,0.28,0.29,0.36
WALL,2017-08-21 17:30:00 EDT,41.63409,-74.15370,354,,81.9,,67.0,,0.000,0.000,0.00,0.000,6.2,12.2,2.2,210,19,6.7,14.2,2.4,203,15,6.2,12.2,2.2,210,19,223,29.72,,0,0,0,72.7,68.9,68.2,0.28,0.29,0.36
WALL,2017-08-21 17:35:00 EDT,41.63409,-74.15370,354,,82.2,,67.1,,0.000,0.000,0.00,0.000,6.1,9.6,1.4,220,15,6.7,10.0,1.6,216,14,6.1,9.6,1.4,220,15,210,29.72,,0,0,0,72.7,68.9,68.2,0.28,0.29,0.36
WALL,2017-08-21 17:40:00 EDT,41.63409,-74.15370,354,,81.9,,68.4,,0.000,0.000,0.00,0.000,4.9,8.7,1.4,219,17,5.4,9.3,1.4,215,14,4.9,8.7,1.4,219,17,275,29.72,,0,0,0,72.7,68.9,68.2,0.28,0.29,0.36
WALL,2017-08-21 17:45:00 EDT,41.63409,-74.15370,354,,82.3,,68.1,,0.000,0.000,0.00,0.000,4.8,8.6,1.5,217,19,5.4,9.6,1.8,211,19,4.8,8.6,1.5,217,19,261,29.72,,0,0,0,72.7,68.9,68.2,0.28,0.29,0.36
WALL,2017-08-21 17:50:00 EDT,41.63409,-74.15370,354,,82.3,,67.2,,0.000,0.000,0.00,0.000,6.3,11.0,2.2,218,16,6.9,11.7,2.2,213,14,6.3,11.0,2.2,218,16,273,29.72,,0,0,0,72.7,68.9,68.2,0.28,0.29,0.36
WALL,2017-08-21 17:55:00 EDT,41.63409,-74.15370,354,,82.4,,67.7,,0.000,0.000,0.00,0.000,3.7,7.2,1.3,205,18,4.1,7.9,1.3,199,18,3.7,7.2,1.3,205,18,242,29.71,,0,0,0,72.7,68.9,68.2,0.28,0.29,0.36
WALL,2017-08-21 18:00:00 EDT,41.63409,-74.15370,354,,82.2,,67.2,,0.000,0.000,0.00,0.000,4.6,8.5,1.6,211,17,5.1,9.0,1.6,206,17,4.6,8.5,1.6,211,17,228,29.71,,0,0,0,72.7,68.9,68.2,0.28,0.29,0.36
WALL,2017-08-21 18:05:00 EDT,41.63409,-74.15370,354,,82.1,,68.2,,0.000,0.000,0.00,0.000,3.9,7.1,1.2,210,19,4.4,8.0,1.3,204,17,3.9,7.1,1.2,210,19,214,29.71,,0,0,0,72.7,68.9,68.2,0.28,0.29,0.36
WALL,2017-08-21 18:10:00 EDT,41.63409,-74.15370,354,,82.0,,68.1,,0.000,0.000,0.00,0.000,3.9,6.4,1.2,211,21,4.5,7.8,1.3,206,21,3.9,6.4,1.2,211,21,188,29.71,,0,0,0,72.7,68.9,68.2,0.28,0.29,0.36
WALL,2017-08-21 18:15:00 EDT,41.63409,-74.15370,354,,81.9,,67.9,,0.000,0.000,0.00,0.000,4.7,8.6,1.7,217,18,5.2,9.3,1.7,212,17,4.7,8.6,1.7,217,18,172,29.70,,0,0,0,72.7,68.9,68.2,0.28,0.29,0.36
WALL,2017-08-21 18:20:00 EDT,41.63409,-74.15370,354,,81.8,,68.3,,0.000,0.000,0.00,0.000,4.3,8.2,1.7,210,22,4.9,9.3,1.9,205,20,4.3,8.2,1.7,210,22,89,29.70,,0,0,0,72.7,68.9,68.2,0.28,0.29,0.36
WALL,2017-08-21 18:25:00 EDT,41.63409,-74.15370,354,,81.3,,70.0,,0.000,0.000,0.00,0.000,4.8,9.1,1.7,213,16,5.6,9.0,1.6,208,15,4.8,9.1,1.7,213,16,46,29.70,,0,0,0,72.7,68.9,68.2,0.28,0.29,0.36
WALL,2017-08-21 18:30:00 EDT,41.63409,-74.15370,354,,80.8,,71.6,,0.000,0.000,0.00,0.000,4.1,6.8,1.0,216,13,4.3,7.4,1.2,212,11,4.1,6.8,1.0,216,13,46,29.70,,0,0,0,72.7,68.9,68.2,0.28,0.29,0.36
WALL,2017-08-21 18:35:00 EDT,41.63409,-74.15370,354,,80.6,,72.6,,0.000,0.000,0.00,0.000,3.1,7.4,1.4,210,17,3.5,7.8,1.4,206,16,3.1,7.4,1.4,210,17,48,29.70,,0,0,0,72.7,68.9,68.2,0.28,0.29,0.36
WALL,2017-08-21 18:40:00 EDT,41.63409,-74.15370,354,,80.4,,73.8,,0.000,0.000,0.00,0.000,3.6,6.8,1.4,205,18,4.2,8.1,1.5,202,16,3.6,6.8,1.4,205,18,44,29.70,,0,0,0,72.7,68.9,68.2,0.28,0.29,0.36
WALL,2017-08-21 18:45:00 EDT,41.63409,-74.15370,354,,80.5,,74.0,,0.000,0.000,0.00,0.000,4.2,7.2,1.4,195,17,4.7,8.1,1.5,189,15,4.2,7.2,1.4,195,17,38,29.70,,0,0,0,72.7,69.0,68.2,0.28,0.29,0.36
WALL,2017-08-21 18:50:00 EDT,41.63409,-74.15370,354,,80.3,,74.0,,0.000,0.000,0.00,0.000,3.9,6.6,1.1,191,15,4.5,7.1,1.1,186,13,3.9,6.6,1.1,191,15,34,29.70,,0,0,0,72.7,69.0,68.2,0.28,0.29,0.36
WALL,2017-08-21 18:55:00 EDT,41.63409,-74.15370,354,,80.1,,74.3,,0.000,0.000,0.00,0.000,3.4,7.0,1.2,201,19,3.8,8.3,1.4,197,18,3.4,7.0,1.2,201,19,32,29.70,,0,0,0,72.7,69.0,68.2,0.28,0.29,0.36
WALL,2017-08-21 19:00:00 EDT,41.63409,-74.15370,354,,79.8,,75.2,,0.000,0.000,0.00,0.000,3.0,5.4,1.2,180,17,3.5,6.4,1.3,177,15,3.0,5.4,1.2,180,17,31,29.70,,0,0,0,72.7,69.1,68.2,0.28,0.29,0.36
WALL,2017-08-21 19:05:00 EDT,41.63409,-74.15370,354,,79.6,,76.8,,0.000,0.000,0.00,0.000,2.2,4.5,0.8,175,17,2.6,5.8,0.9,170,16,2.2,4.5,0.8,175,17,28,29.70,,0,0,0,72.7,69.2,68.2,0.28,0.29,0.36
WALL,2017-08-21 19:10:00 EDT,41.63409,-74.15370,354,,79.4,,79.1,,0.000,0.000,0.00,0.000,2.0,4.2,0.8,165,16,2.4,5.1,0.8,159,16,2.0,4.2,0.8,165,16,26,29.70,,0,0,0,72.7,69.2,68.2,0.28,0.29,0.36
WALL,2017-08-21 19:15:00 EDT,41.63409,-74.15370,354,,79.2,,79.5,,0.000,0.000,0.00,0.000,2.5,4.4,0.9,157,15,2.9,5.4,1.0,151,15,2.5,4.4,0.9,157,15,23,29.70,,0,0,0,72.7,69.2,68.2,0.28,0.29,0.36
WALL,2017-08-21 19:20:00 EDT,41.63409,-74.15370,354,,79.2,,79.7,,0.000,0.000,0.00,0.000,2.8,4.8,1.0,166,15,3.2,5.4,0.9,160,15,2.8,4.8,1.0,166,15,22,29.70,,0,0,0,72.7,69.3,68.2,0.28,0.29,0.36
WALL,2017-08-21 19:25:00 EDT,41.63409,-74.15370,354,,78.7,,81.0,,0.000,0.000,0.00,0.000,1.8,3.4,0.6,175,17,2.2,4.4,0.7,170,17,1.8,3.4,0.6,175,17,21,29.70,,0,0,0,72.7,69.3,68.2,0.28,0.29,0.36
WALL,2017-08-21 19:30:00 EDT,41.63409,-74.15370,354,,78.2,,83.4,,0.000,0.000,0.00,0.000,1.3,2.6,0.5,180,11,1.7,3.0,0.5,177,14,1.3,2.6,0.5,180,11,20,29.70,,0,0,0,72.7,69.3,68.2,0.28,0.29,0.36
WALL,2017-08-21 19:35:00 EDT,41.63409,-74.15370,354,,77.8,,84.7,,0.000,0.000,0.00,0.000,1.0,2.0,0.5,183,16,1.3,2.8,0.6,179,18,1.0,2.0,0.5,183,16,15,29.71,,0,0,0,72.7,69.3,68.2,0.28,0.29,0.36
WALL,2017-08-21 19:40:00 EDT,41.63409,-74.15370,354,,77.7,,85.3,,0.000,0.000,0.00,0.000,1.1,2.7,0.6,172,17,1.5,3.1,0.6,169,18,1.1,2.7,0.6,172,17,11,29.71,,0,0,0,72.7,69.3,68.2,0.28,0.29,0.36
WALL,2017-08-21 19:45:00 EDT,41.63409,-74.15370,354,,77.6,,86.6,,0.000,0.000,0.00,0.000,1.5,2.8,0.5,177,19,2.0,3.6,0.6,174,18,1.5,2.8,0.5,177,19,7,29.71,,0,0,0,72.7,69.3,68.2,0.28,0.29,0.36
WALL,2017-08-21 19:50:00 EDT,41.63409,-74.15370,354,,77.5,,87.1,,0.000,0.000,0.00,0.000,1.6,2.6,0.5,180,20,1.9,3.4,0.6,173,20,1.6,2.6,0.5,180,20,5,29.71,,0,0,0,72.7,69.3,68.2,0.28,0.29,0.36
WALL,2017-08-21 19:55:00 EDT,41.63409,-74.15370,354,,77.6,,87.7,,0.000,0.000,0.00,0.000,1.4,2.0,0.4,168,17,1.8,3.2,0.5,163,16,1.4,2.0,0.4,168,17,2,29.71,,0,0,0,72.7,69.3,68.2,0.28,0.29,0.36
WALL,2017-08-21 20:00:00 EDT,41.63409,-74.15370,354,,77.4,,88.0,,0.000,0.000,0.00,0.000,1.2,2.8,0.7,185,15,1.7,3.3,0.7,182,16,1.2,2.8,0.7,185,15,1,29.71,,0,0,0,72.7,69.3,68.2,0.28,0.29,0.36
WALL,2017-08-21 20:05:00 EDT,41.63409,-74.15370,354,,76.8,,87.4,,0.000,0.000,0.00,0.000,0.7,1.8,0.5,178,20,1.3,2.5,0.4,176,24,0.7,1.8,0.5,178,20,0,29.71,,0,0,0,72.6,69.3,68.2,0.28,0.29,0.36
WALL,2017-08-21 20:10:00 EDT,41.63409,-74.15370,354,,76.7,,88.1,,0.000,0.000,0.00,0.000,0.4,2.0,0.6,187,11,0.8,2.4,0.6,178,20,0.4,2.0,0.6,187,11,0,29.71,,0,0,0,72.4,69.3,68.2,0.28,0.29,0.36
WALL,2017-08-21 20:15:00 EDT,41.63409,-74.15370,354,,76.7,,89.0,,0.000,0.000,0.00,0.000,0.2,1.1,0.3,138,14,0.8,2.0,0.5,133,20,0.2,1.1,0.3,138,14,0,29.71,,0,0,0,72.3,69.3,68.2,0.28,0.29,0.36
WALL,2017-08-21 20:20:00 EDT,41.63409,-74.15370,354,,76.2,,90.6,,0.000,0.000,0.00,0.000,0.4,2.0,0.6,190,16,0.8,2.9,0.7,171,22,0.4,2.0,0.6,190,16,0,29.71,,0,0,0,72.3,69.3,68.2,0.28,0.29,0.36
WALL,2017-08-21 20:25:00 EDT,41.63409,-74.15370,354,,76.2,,90.8,,0.000,0.000,0.00,0.000,0.6,2.1,0.5,147,13,1.2,2.4,0.5,143,17,0.6,2.1,0.5,147,13,0,29.71,,0,0,0,72.3,69.3,68.2,0.28,0.29,0.36
WALL,2017-08-21 20:30:00 EDT,41.63409,-74.15370,354,,76.3,,90.4,,0.000,0.000,0.00,0.000,1.1,2.6,0.6,165,22,1.6,3.5,0.6,161,21,1.1,2.6,0.6,165,22,0,29.71,,0,0,0,72.3,69.3,68.2,0.28,0.29,0.36
WALL,2017-08-21 20:35:00 EDT,41.63409,-74.15370,354,,76.4,,90.9,,0.000,0.000,0.00,0.000,2.0,5.8,0.8,182,15,2.5,5.3,0.7,176,18,2.0,5.8,0.8,182,15,0,29.71,,0,0,0,72.3,69.3,68.2,0.28,0.29,0.36
WALL,2017-08-21 20:40:00 EDT,41.63409,-74.15370,354,,76.6,,89.9,,0.000,0.000,0.00,0.000,2.8,5.7,0.9,186,14,3.2,5.8,0.9,182,15,2.8,5.7,0.9,186,14,0,29.71,,0,0,0,72.3,69.3,68.2,0.28,0.29,0.36
WALL,2017-08-21 20:45:00 EDT,41.63409,-74.15370,354,,76.6,,90.2,,0.000,0.000,0.00,0.000,2.6,4.6,0.7,182,14,3.1,5.2,0.9,180,15,2.6,4.6,0.7,182,14,0,29.71,,0,0,0,72.3,69.3,68.2,0.28,0.29,0.36
WALL,2017-08-21 20:50:00 EDT,41.63409,-74.15370,354,,76.5,,89.6,,0.000,0.000,0.00,0.000,3.3,4.8,0.7,191,12,3.7,5.3,0.7,186,11,3.3,4.8,0.7,191,12,0,29.71,,0,0,0,72.3,69.3,68.2,0.28,0.29,0.36
WALL,2017-08-21 20:55:00 EDT,41.63409,-74.15370,354,,76.5,,89.3,,0.000,0.000,0.00,0.000,4.0,5.9,0.9,191,11,4.3,6.7,1.0,186,10,4.0,5.9,0.9,191,11,0,29.71,,0,0,0,72.3,69.3,68.2,0.28,0.29,0.36
WALL,2017-08-21 21:00:00 EDT,41.63409,-74.15370,354,,75.8,,89.1,,0.000,0.000,0.00,0.000,1.8,3.7,0.7,179,25,2.2,5.1,0.8,174,21,1.8,3.7,0.7,179,25,0,29.71,,0,0,0,72.3,69.3,68.2,0.28,0.29,0.36
WALL,2017-08-21 21:05:00 EDT,41.63409,-74.15370,354,,75.4,,89.1,,0.000,0.000,0.00,0.000,1.6,3.7,0.9,182,16,2.0,5.3,1.0,178,17,1.6,3.7,0.9,182,16,0,29.71,,0,0,0,72.3,69.3,68.2,0.28,0.29,0.36
WALL,2017-08-21 21:10:00 EDT,41.63409,-74.15370,354,,75.2,,88.9,,0.000,0.000,0.00,0.000,0.7,3.1,0.6,221,24,1.1,2.6,0.6,214,31,0.7,3.1,0.6,221,24,0,29.71,,0,0,0,72.3,69.3,68.2,0.28,0.29,0.36
WALL,2017-08-21 21:15:00 EDT,41.63409,-74.15370,354,,75.0,,89.4,,0.000,0.000,0.00,0.000,1.2,2.3,0.4,204,23,1.5,3.3,0.5,199,19,1.2,2.3,0.4,204,23,0,29.71,,0,0,0,72.3,69.3,68.2,0.28,0.29,0.36
WALL,2017-08-21 21:20:00 EDT,41.63409,-74.15370,354,,74.9,,92.2,,0.000,0.000,0.00,0.000,1.5,2.9,0.6,177,16,2.0,3.6,0.6,174,20,1.5,2.9,0.6,177,16,0,29.71,,0,0,0,72.2,69.3,68.2,0.28,0.29,0.36
WALL,2017-08-21 21:25:00 EDT,41.63409,-74.15370,354,,75.3,,93.3,,0.000,0.000,0.00,0.000,2.2,3.5,0.7,191,17,2.6,4.6,0.8,188,15,2.2,3.5,0.7,191,17,0,29.71,,0,0,0,71.9,69.3,68.2,0.28,0.29,0.36
WALL,2017-08-21 21:30:00 EDT,41.63409,-74.15370,354,,75.2,,92.3,,0.000,0.000,0.00,0.000,1.7,3.2,0.6,200,10,1.9,4.2,0.6,199,11,1.7,3.2,0.6,200,10,0,29.71,,0,0,0,71.8,69.3,68.2,0.28,0.29,0.36
WALL,2017-08-21 21:35:00 EDT,41.63409,-74.15370,354,,74.8,,93.1,,0.000,0.000,0.00,0.000,2.0,4.2,0.8,196,10,2.3,4.7,0.9,193,10,2.0,4.2,0.8,196,10,0,29.71,,0,0,0,71.8,69.3,68.2,0.28,0.29,0.36
WALL,2017-08-21 21:40:00 EDT,41.63409,-74.15370,354,,74.7,,93.0,,0.000,0.000,0.00,0.000,2.2,3.7,0.5,183,16,2.5,4.1,0.6,179,15,2.2,3.7,0.5,183,16,0,29.71,,0,0,0,71.8,69.3,68.2,0.28,0.29,0.36
WALL,2017-08-21 21:45:00 EDT,41.63409,-74.15370,354,,74.5,,92.4,,0.000,0.000,0.00,0.000,0.6,2.5,0.6,154,27,1.1,3.8,0.8,148,26,0.6,2.5,0.6,154,27,0,29.71,,0,0,0,71.8,69.3,68.2,0.28,0.29,0.36
WALL,2017-08-21 21:50:00 EDT,41.63409,-74.15370,354,,74.6,,91.9,,0.000,0.000,0.00,0.000,1.5,3.1,0.5,168,14,1.8,3.0,0.4,160,17,1.5,3.1,0.5,168,14,0,29.71,,0,0,0,71.8,69.3,68.2,0.28,0.29,0.36
WALL,2017-08-21 21:55:00 EDT,41.63409,-74.15370,354,,74.1,,93.2,,0.000,0.000,0.00,0.000,1.0,2.0,0.5,171,15,1.5,2.5,0.4,166,17,1.0,2.0,0.5,171,15,0,29.71,,0,0,0,71.8,69.3,68.2,0.28,0.29,0.36
WALL,2017-08-21 22:00:00 EDT,41.63409,-74.15370,354,,73.9,,93.9,,0.000,0.000,0.00,0.000,1.6,2.7,0.6,174,15,2.0,4.1,0.6,168,17,1.6,2.7,0.6,174,15,0,29.71,,0,0,0,71.8,69.3,68.2,0.28,0.29,0.36
WALL,2017-08-21 22:05:00 EDT,41.63409,-74.15370,354,,73.8,,94.2,,0.000,0.000,0.00,0.000,1.6,3.7,0.9,188,17,2.0,4.3,1.0,186,19,1.6,3.7,0.9,188,17,0,29.71,,0,0,0,71.8,69.3,68.2,0.28,0.29,0.36
WALL,2017-08-21 22:10:00 EDT,41.63409,-74.15370,354,,73.2,,93.5,,0.000,0.000,0.00,0.000,0.1,0.9,0.2,168,10,0.6,1.9,0.6,186,50,0.1,0.9,0.2,168,10,0,29.71,,0,0,0,71.8,69.3,68.2,0.28,0.29,0.36
WALL,2017-08-21 22:15:00 EDT,41.63409,-74.15370,354,,73.2,,93.5,,0.000,0.000,0.00,0.000,0.8,1.5,0.5,24,10,1.1,1.9,0.4,17,12,0.8,1.5,0.5,24,10,0,29.71,,0,0,0,71.7,69.3,68.2,0.28,0.29,0.36
WALL,2017-08-21 22:20:00 EDT,41.63409,-74.15370,354,,72.5,,95.7,,0.000,0.000,0.00,0.000,1.7,2.3,0.3,36,4,1.8,2.5,0.3,31,5,1.7,2.3,0.3,36,4,0,29.71,,0,0,0,71.5,69.3,68.2,0.28,0.29,0.36
WALL,2017-08-21 22:25:00 EDT,41.63409,-74.15370,354,,72.5,,96.6,,0.000,0.000,0.00,0.000,2.0,2.5,0.2,47,7,2.1,2.5,0.2,41,6,2.0,2.5,0.2,47,7,0,29.71,,0,0,0,71.4,69.3,68.2,0.28,0.29,0.36
WALL,2017-08-21 22:30:00 EDT,41.63409,-74.15370,354,,72.1,,97.3,,0.000,0.000,0.00,0.000,2.0,2.4,0.2,70,7,2.5,3.1,0.3,61,7,2.0,2.4,0.2,70,7,0,29.71,,0,0,0,71.4,69.3,68.2,0.28,0.29,0.36
WALL,2017-08-21 22:35:00 EDT,41.63409,-74.15370,354,,72.1,,97.1,,0.000,0.000,0.00,0.000,1.6,2.0,0.2,86,2,2.0,2.5,0.3,80,5,1.6,2.0,0.2,86,2,0,29.71,,0,0,0,71.4,69.3,68.2,0.28,0.29,0.36
WALL,2017-08-21 22:40:00 EDT,41.63409,-74.15370,354,,72.0,,96.9,,0.000,0.000,0.00,0.000,1.0,1.6,0.5,100,11,1.4,2.1,0.5,100,16,1.0,1.6,0.5,100,11,0,29.71,,0,0,0,71.4,69.3,68.2,0.28,0.29,0.36
WALL,2017-08-21 22:45:00 EDT,41.63409,-74.15370,354,,71.8,,96.9,,0.000,0.000,0.00,0.000,0.9,1.3,0.4,137,4,1.3,1.7,0.2,132,4,0.9,1.3,0.4,137,4,0,29.71,,0,0,0,71.4,69.3,68.2,0.28,0.29,0.36
WALL,2017-08-21 22:50:00 EDT,41.63409,-74.15370,354,,71.9,,96.9,,0.000,0.000,0.00,0.000,1.2,1.6,0.2,155,9,1.6,2.1,0.2,147,9,1.2,1.6,0.2,155,9,0,29.71,,0,0,0,71.4,69.3,68.2,0.28,0.29,0.36
WALL,2017-08-21 22:55:00 EDT,41.63409,-74.15370,354,,71.8,,96.8,,0.000,0.000,0.00,0.000,1.6,2.3,0.4,112,19,1.9,2.8,0.5,104,15,1.6,2.3,0.4,112,19,0,29.71,,0,0,0,71.4,69.3,68.2,0.28,0.29,0.36
WALL,2017-08-21 23:00:00 EDT,41.63409,-74.15370,354,,70.9,,96.6,,0.000,0.000,0.00,0.000,1.0,2.0,0.5,110,15,1.3,2.4,0.4,103,16,1.0,2.0,0.5,110,15,0,29.71,,0,0,0,71.4,69.3,68.2,0.28,0.29,0.36
WALL,2017-08-21 23:05:00 EDT,41.63409,-74.15370,354,,71.9,,96.8,,0.000,0.000,0.00,0.000,2.0,2.6,0.3,114,12,2.2,2.9,0.3,108,11,2.0,2.6,0.3,114,12,0,29.71,,0,0,0,71.4,69.3,68.2,0.28,0.29,0.36
WALL,2017-08-21 23:10:00 EDT,41.63409,-74.15370,354,,72.6,,97.0,,0.000,0.000,0.00,0.000,2.0,4.5,0.6,148,23,2.3,4.3,0.7,142,21,2.0,4.5,0.6,148,23,0,29.71,,0,0,0,71.4,69.3,68.2,0.28,0.29,0.36
WALL,2017-08-21 23:15:00 EDT,41.63409,-74.15370,354,,72.5,,96.9,,0.000,0.000,0.00,0.000,1.6,3.8,0.6,158,18,1.9,4.2,0.7,152,17,1.6,3.8,0.6,158,18,0,29.71,,0,0,0,71.4,69.3,68.2,0.28,0.29,0.36
WALL,2017-08-21 23:20:00 EDT,41.63409,-74.15370,354,,72.3,,96.5,,0.000,0.000,0.00,0.000,1.5,2.6,0.5,140,20,1.8,3.6,0.5,133,19,1.5,2.6,0.5,140,20,0,29.71,,0,0,0,71.4,69.3,68.2,0.28,0.29,0.36
WALL,2017-08-21 23:25:00 EDT,41.63409,-74.15370,354,,72.4,,96.4,,0.000,0.000,0.00,0.000,0.7,2.9,0.7,176,26,1.2,3.4,0.7,171,35,0.7,2.9,0.7,176,26,0,29.71,,0,0,0,71.4,69.3,68.2,0.28,0.29,0.36
WALL,2017-08-21 23:30:00 EDT,41.63409,-74.15370,354,,72.5,,96.3,,0.000,0.000,0.00,0.000,1.0,2.6,0.8,152,28,1.3,3.0,0.8,142,33,1.0,2.6,0.8,152,28,0,29.71,,0,0,0,71.2,69.3,68.2,0.28,0.29,0.36
WALL,2017-08-21 23:35:00 EDT,41.63409,-74.15370,354,,72.1,,95.8,,0.000,0.000,0.00,0.000,0.7,2.0,0.5,107,52,1.0,2.8,0.7,101,49,0.7,2.0,0.5,107,52,0,29.71,,0,0,0,71.1,69.3,68.2,0.28,0.29,0.36
WALL,2017-08-21 23:40:00 EDT,41.63409,-74.15370,354,,72.0,,96.3,,0.000,0.000,0.00,0.000,0.6,1.5,0.4,93,35,0.9,2.4,0.6,89,33,0.6,1.5,0.4,93,35,0,29.71,,0,0,0,71.1,69.3,68.2,0.28,0.29,0.36
WALL,2017-08-21 23:45:00 EDT,41.63409,-74.15370,354,,72.3,,96.1,,0.000,0.000,0.00,0.000,1.6,2.2,0.4,126,15,1.8,2.7,0.4,120,14,1.6,2.2,0.4,126,15,0,29.70,,0,0,0,71.1,69.3,68.2,0.28,0.29,0.36
WALL,2017-08-21 23:50:00 EDT,41.63409,-74.15370,354,,71.8,,96.2,,0.000,0.000,0.00,0.000,0.3,1.2,0.4,133,10,0.6,1.7,0.6,125,18,0.3,1.2,0.4,133,10,0,29.71,,0,0,0,71.1,69.3,68.2,0.28,0.29,0.36
WALL,2017-08-21 23:55:00 EDT,41.63409,-74.15370,354,,70.9,,96.0,,0.000,0.000,0.00,0.000,0.4,1.1,0.4,98,13,0.7,1.5,0.5,89,14,0.4,1.1,0.4,98,13,0,29.71,,0,0,0,71.1,69.3,68.2,0.28,0.29,0.36
WALT,2017-08-21 00:00:00 EDT,42.23950,-75.17879,1837,55.5,57.2,55.5,99.1,55.2,0.000,0.000,0.00,0.000,0.7,1.8,0.5,2,45,1.2,2.7,0.5,3,59,0.7,1.8,0.5,2,45,0,28.27,,0,0,0,65.3,65.1,63.1,0.44,0.44,0.35
WALT,2017-08-21 00:05:00 EDT,42.23950,-75.17879,1837,56.2,57.1,56.2,99.4,56.0,0.000,0.000,0.00,0.000,0.6,1.3,0.4,12,5,0.9,1.8,0.4,15,22,0.6,1.3,0.4,12,5,0,28.27,,0,0,0,65.2,65.1,63.1,0.44,0.44,0.35
WALT,2017-08-21 00:10:00 EDT,42.23950,-75.17879,1837,56.8,57.4,56.8,99.6,56.7,0.000,0.000,0.00,0.000,0.0,0.5,0.1,15,0,0.5,1.2,0.3,251,60,0.0,0.5,0.1,15,0,0,28.27,,0,0,0,65.2,65.1,63.1,0.44,0.44,0.35
WALT,2017-08-21 00:15:00 EDT,42.23950,-75.17879,1837,56.7,57.3,56.7,99.6,56.6,0.000,0.000,0.00,0.000,0.0,0.0,0.0,0,0,0.5,1.1,0.2,14,53,0.0,0.0,0.0,0,0,0,28.27,,0,0,0,65.2,65.1,63.1,0.44,0.44,0.35
WALT,2017-08-21 00:20:00 EDT,42.23950,-75.17879,1837,56.3,57.0,56.3,99.5,56.1,0.000,0.000,0.00,0.000,0.0,0.0,0.0,0,0,0.4,1.0,0.2,309,56,0.0,0.0,0.0,0,0,0,28.27,,0,0,0,65.2,65.1,63.1,0.44,0.44,0.35
WALT,2017-08-21 00:25:00 EDT,42.23950,-75.17879,1837,56.0,56.7,56.0,99.6,55.9,0.000,0.000,0.00,0.000,0.0,0.0,0.0,0,0,0.6,1.1,0.3,242,44,0.0,0.0,0.0,0,0,0,28.27,,0,0,0,65.1,65.1,63.1,0.44,0.44,0.35
WALT,2017-08-21 00:30:00 EDT,42.23950,-75.17879,1837,55.6,56.6,55.6,99.5,55.5,0.000,0.000,0.00,0.000,0.5,0.9,0.3,234,46,0.8,1.5,0.2,219,8,0.5,0.9,0.3,234,46,0,28.27,,0,0,0,65.0,65.1,63.1,0.44,0.44,0.35
WALT,2017-08-21 00:35:00 EDT,42.23950,-75.17879,1837,56.2,56.6,56.2,99.7,56.1,0.000,0.000,0.00,0.000,0.0,0.0,0.0,0,0,0.4,0.8,0.1,156,42,0.0,0.0,0.0,0,0,0,28.27,,0,0,0,65.0,65.1,63.1,0.44,0.44,0.35
WALT,2017-08-21 00:40:00 EDT,42.23950,-75.17879,1837,56.2,56.8,56.2,99.7,56.1,0.000,0.000,0.00,0.000,0.0,0.0,0.0,0,0,0.5,2.4,0.4,53,63,0.0,0.0,0.0,0,0,0,28.28,,0,0,0,64.9,65.1,63.1,0.44,0.44,0.35
WALT,2017-08-21 00:45:00 EDT,42.23950,-75.17879,1837,56.2,57.1,56.2,99.7,56.1,0.000,0.000,0.00,0.000,0.4,1.8,0.6,238,43,0.9,2.0,0.5,47,15,0.4,1.8,0.6,238,43,0,28.28,,0,0,0,64.9,65.1,63.1,0.44,0.44,0.35
WALT,2017-08-21 00:50:00 EDT,42.23950,-75.17879,1837,56.8,58.1,56.8,99.9,56.8,0.000,0.000,0.00,0.000,1.4,2.3,0.5,22,21,1.6,2.3,0.4,23,23,1.4,2.3,0.5,22,21,0,28.28,,0,0,0,64.8,65.1,63.1,0.44,0.44,0.35
WALT,2017-08-21 00:55:00 EDT,42.23950,-75.17879,1837,56.6,57.3,56.6,99.7,56.5,0.000,0.000,0.00,0.000,1.1,1.9,0.4,256,32,1.3,2.1,0.3,263,33,1.1,1.9,0.4,256,32,0,28.28,,0,0,0,64.8,65.1,63.1,0.44,0.44,0.35
WALT,2017-08-21 01:00:00 EDT,42.23950,-75.17879,1837,55.2,56.2,55.2,99.6,55.1,0.000,0.000,0.00,0.000,0.1,1.2,0.3,268,1,0.5,1.6,0.3,288,54,0.1,1.2,0.3,268,1,0,28.27,,0,0,0,64.8,65.1,63.1,0.44,0.44,0.35
WALT,2017-08-21 01:05:00 EDT,42.23950,-75.17879,1837,55.5,56.2,55.5,99.7,55.4,0.000,0.000,0.00,0.000,1.0,1.5,0.2,250,18,1.2,1.9,0.2,251,21,1.0,1.5,0.2,250,18,0,28.27,,0,0,0,64.7,65.1,63.1,0.44,0.44,0.35
WALT,2017-08-21 01:10:00 EDT,42.23950,-75.17879,1837,55.6,56.0,55.6,99.7,55.6,0.000,0.000,0.00,0.000,0.8,1.3,0.4,280,16,1.1,1.7,0.3,293,20,0.8,1.3,0.4,280,16,0,28.27,,0,0,0,64.6,65.1,63.1,0.44,0.44,0.35
WALT,2017-08-21 01:15:00 EDT,42.23950,-75.17879,1837,55.7,56.0,55.7,99.8,55.7,0.000,0.000,0.00,0.000,0.2,1.2,0.4,315,5,0.7,1.4,0.4,354,61,0.2,1.2,0.4,315,5,0,28.27,,0,0,0,64.6,65.1,63.1,0.44,0.44,0.35
WALT,2017-08-21 01:20:00 EDT,42.23950,-75.17879,1837,56.2,56.5,56.2,99.9,56.2,0.000,0.000,0.00,0.000,0.2,0.8,0.3,258,14,0.7,2.1,0.3,243,59,0.2,0.8,0.3,258,14,0,28.27,,0,0,0,64.6,65.1,63.1,0.44,0.44,0.35
WALT,2017-08-21 01:25:00 EDT,42.23950,-75.17879,1837,55.8,56.1,55.8,99.8,55.7,0.000,0.000,0.00,0.000,0.6,1.5,0.5,227,6,0.8,1.8,0.5,222,26,0.6,1.5,0.5,227,6,0,28.27,,0,0,0,64.6,65.1,63.1,0.44,0.44,0.35
WALT,2017-08-21 01:30:00 EDT,42.23950,-75.17879,1837,55.1,55.9,55.1,99.7,55.1,0.000,0.000,0.00,0.000,0.0,0.0,0.0,0,0,0.4,1.7,0.3,120,65,0.0,0.0,0.0,0,0,0,28.27,,0,0,0,64.6,65.1,63.1,0.44,0.44,0.35
WALT,2017-08-21 01:35:00 EDT,42.23950,-75.17879,1837,55.7,56.1,55.7,99.9,55.7,0.000,0.000,0.00,0.000,0.1,0.7,0.2,181,7,0.6,1.1,0.2,146,42,0.1,0.7,0.2,181,7,0,28.27,,0,0,0,64.5,65.1,63.1,0.44,0.44,0.35
WALT,2017-08-21 01:40:00 EDT,42.23950,-75.17879,1837,55.7,56.1,55.7,99.8,55.7,0.000,0.000,0.00,0.000,0.4,1.2,0.4,210,4,0.7,1.4,0.3,214,26,0.4,1.2,0.4,210,4,0,28.27,,0,0,0,64.5,65.1,63.1,0.44,0.44,0.35
WALT,2017-08-21 01:45:00 EDT,42.23950,-75.17879,1837,55.5,56.1,55.5,99.8,55.4,0.000,0.000,0.00,0.000,0.0,0.0,0.0,0,0,0.4,2.0,0.3,130,78,0.0,0.0,0.0,0,0,0,28.27,,0,0,0,64.5,65.1,63.1,0.44,0.44,0.35
WALT,2017-08-21 01:50:00 EDT,42.23950,-75.17879,1837,55.7,56.5,55.7,99.9,55.7,0.000,0.000,0.00,0.000,0.0,0.0,0.0,0,0,0.5,1.4,0.3,41,52,0.0,0.0,0.0,0,0,0,28.27,,0,0,0,64.5,65.1,63.1,0.44,0.44,0.35
WALT,2017-08-21 01:55:00 EDT,42.23950,-75.17879,1837,56.3,56.8,56.3,100.0,56.3,0.000,0.000,0.00,0.000,0.0,0.0,0.0,0,0,0.4,0.7,0.2,9,33,0.0,0.0,0.0,0,0,0,28.27,,0,0,0,64.5,65.1,63.1,0.44,0.44,0.35
WALT,2017-08-21 02:00:00 EDT,42.23950,-75.17879,1837,56.3,56.7,56.3,99.9,56.3,0.000,0.000,0.00,0.000,0.0,0.0,0.0,0,0,0.4,0.9,0.1,354,40,0.0,0.0,0.0,0,0,0,28.27,,0,0,0,64.5,65.1,63.1,0.44,0.44,0.35
WALT,2017-08-21 02:05:00 EDT,42.23950,-75.17879,1837,55.3,56.5,55.3,99.9,55.2,0.000,0.000,0.00,0.000,0.0,0.0,0.0,0,0,0.3,1.1,0.2,189,76,0.0,0.0,0.0,0,0,0,28.27,,0,0,0,64.4,65.1,63.1,0.44,0.44,0.35
WALT,2017-08-21 02:10:00 EDT,42.23950,-75.17879,1837,54.6,56.0,54.6,99.7,54.5,0.000,0.000,0.00,0.000,0.0,0.0,0.0,0,0,0.6,1.2,0.3,79,44,0.0,0.0,0.0,0,0,0,28.27,,0,0,0,64.4,65.1,63.1,0.44,0.44,0.35
WALT,2017-08-21 02:15:00 EDT,42.23950,-75.17879,1837,54.5,55.9,54.5,99.8,54.4,0.000,0.000,0.00,0.000,0.1,0.7,0.2,57,0,0.8,1.5,0.2,22,27,0.1,0.7,0.2,57,0,0,28.27,,0,0,0,64.3,65.1,63.1,0.44,0.44,0.35
WALT,2017-08-21 02:20:00 EDT,42.23950,-75.17879,1837,54.5,55.2,54.5,99.9,54.5,0.000,0.000,0.00,0.000,0.0,0.0,0.0,0,0,0.4,1.2,0.2,351,49,0.0,0.0,0.0,0,0,0,28.27,,0,0,0,64.3,65.1,63.1,0.44,0.44,0.35
WALT,2017-08-21 02:25:00 EDT,42.23950,-75.17879,1837,54.8,55.4,54.8,99.9,54.7,0.000,0.000,0.00,0.000,0.0,0.0,0.0,0,0,0.4,0.9,0.2,69,52,0.0,0.0,0.0,0,0,0,28.27,,0,0,0,64.3,65.1,63.1,0.44,0.44,0.35
WALT,2017-08-21 02:30:00 EDT,42.23950,-75.17879,1837,55.2,55.7,55.2,100.0,55.1,0.000,0.000,0.00,0.000,0.0,0.0,0.0,0,0,0.8,1.1,0.2,28,14,0.0,0.0,0.0,0,0,0,28.27,,0,0,0,64.2,65.1,63.1,0.44,0.44,0.35
WALT,2017-08-21 02:35:00 EDT,42.23950,-75.17879,1837,54.6,55.4,54.6,99.9,54.6,0.000,0.000,0.00,0.000,0.0,0.0,0.0,0,0,0.6,1.2,0.3,20,29,0.0,0.0,0.0,0,0,0,28.27,,0,0,0,64.2,65.1,63.1,0.44,0.44,0.35
WALT,2017-08-21 02:40:00 EDT,42.23950,-75.17879,1837,54.5,55.4,54.5,99.9,54.5,0.000,0.000,0.00,0.000,0.0,0.0,0.0,0,0,0.7,1.0,0.1,351,16,0.0,0.0,0.0,0,0,0,28.27,,0,0,0,64.2,65.1,63.1,0.44,0.44,0.35
WALT,2017-08-21 02:45:00 EDT,42.23950,-75.17879,1837,54.6,55.2,54.6,99.9,54.6,0.000,0.000,0.00,0.000,0.0,0.0,0.0,0,0,0.7,1.2,0.3,6,23,0.0,0.0,0.0,0,0,0,28.27,,0,0,0,64.2,65.1,63.1,0.44,0.44,0.35
WALT,2017-08-21 02:50:00 EDT,42.23950,-75.17879,1837,54.8,55.5,54.8,100.0,54.8,0.000,0.000,0.00,0.000,0.0,0.0,0.0,0,0,0.4,1.3,0.2,270,72,0.0,0.0,0.0,0,0,0,28.27,,0,0,0,64.2,65.1,63.1,0.44,0.44,0.35
WALT,2017-08-21 02:55:00 EDT,42.23950,-75.17879,1837,54.9,55.4,54.9,100.0,54.9,0.000,0.000,0.00,0.000,0.0,0.0,0.0,0,0,0.4,1.0,0.3,207,28,0.0,0.0,0.0,0,0,0,28.27,,0,0,0,64.2,65.1,63.1,0.44,0.44,0.35
WALT,2017-08-21 03:00:00 EDT,42.23950,-75.17879,1837,54.5,55.1,54.5,99.9,54.5,0.000,0.000,0.00,0.000,0.0,0.6,0.1,24,0,0.7,1.3,0.3,204,21,0.0,0.6,0.1,24,0,0,28.28,,0,0,0,64.2,65.1,63.1,0.44,0.44,0.35
WALT,2017-08-21 03:05:00 EDT,42.23950,-75.17879,1837,54.5,55.3,54.5,100.0,54.5,0.000,0.000,0.00,0.000,0.0,0.0,0.0,0,0,0.5,1.0,0.3,214,28,0.0,0.0,0.0,0,0,0,28.28,,0,0,0,64.1,65.1,63.1,0.44,0.44,0.35
WALT,2017-08-21 03:10:00 EDT,42.23950,-75.17879,1837,54.4,55.1,54.4,100.0,54.4,0.000,0.000,0.00,0.000,0.0,0.0,0.0,0,0,0.5,0.8,0.2,182,19,0.0,0.0,0.0,0,0,0,28.28,,0,0,0,64.1,65.1,63.1,0.44,0.44,0.35
WALT,2017-08-21 03:15:00 EDT,42.23950,-75.17879,1837,54.5,55.2,54.5,100.0,54.5,0.000,0.000,0.00,0.000,0.8,1.4,0.5,201,0,1.3,1.6,0.3,200,7,0.8,1.4,0.5,201,0,0,28.28,,0,0,0,64.1,65.1,63.1,0.44,0.44,0.35
WALT,2017-08-21 03:20:00 EDT,42.23950,-75.17879,1837,54.0,54.6,54.0,99.9,54.0,0.000,0.000,0.00,0.000,0.1,0.9,0.2,201,0,0.7,1.0,0.2,215,29,0.1,0.9,0.2,201,0,0,28.28,,0,0,0,64.0,65.1,63.1,0.44,0.44,0.35
WALT,2017-08-21 03:25:00 EDT,42.23950,-75.17879,1837,53.6,54.1,53.6,99.9,53.6,0.000,0.000,0.00,0.000,0.0,0.0,0.0,0,0,0.5,0.9,0.2,233,34,0.0,0.0,0.0,0,0,0,28.28,,0,0,0,64.1,65.1,63.1,0.44,0.44,0.35
WALT,2017-08-21 03:30:00 EDT,42.23950,-75.17879,1837,53.8,54.1,53.8,100.0,53.8,0.000,0.000,0.00,0.000,0.0,0.0,0.0,0,0,0.3,0.6,0.2,276,50,0.0,0.0,0.0,0,0,0,28.28,,0,0,0,64.0,65.1,63.1,0.44,0.44,0.35
WALT,2017-08-21 03:35:00 EDT,42.23950,-75.17879,1837,53.9,54.1,53.9,100.0,53.9,0.000,0.000,0.00,0.000,0.0,0.0,0.0,0,0,0.8,1.4,0.3,16,17,0.0,0.0,0.0,0,0,0,28.28,,0,0,0,64.0,65.1,63.1,0.44,0.44,0.35
WALT,2017-08-21 03:40:00 EDT,42.23950,-75.17879,1837,53.8,54.3,53.8,100.0,53.8,0.000,0.000,0.00,0.000,0.0,0.0,0.0,0,0,1.1,1.6,0.2,2,13,0.0,0.0,0.0,0,0,0,28.28,,0,0,0,64.0,65.1,63.1,0.44,0.44,0.35
WALT,2017-08-21 03:45:00 EDT,42.23950,-75.17879,1837,53.9,54.4,53.9,100.0,53.9,0.000,0.000,0.00,0.000,0.0,0.0,0.0,0,0,0.6,0.9,0.1,346,27,0.0,0.0,0.0,0,0,0,28.27,,0,0,0,64.1,65.1,63.1,0.44,0.44,0.35
WALT,2017-08-21 03:50:00 EDT,42.23950,-75.17879,1837,54.1,54.4,54.1,100.0,54.1,0.000,0.000,0.00,0.000,0.0,0.0,0.0,0,0,0.4,1.2,0.2,304,41,0.0,0.0,0.0,0,0,0,28.27,,0,0,0,64.0,65.1,63.1,0.44,0.44,0.35
WALT,2017-08-21 03:55:00 EDT,42.23950,-75.17879,1837,53.8,53.9,53.8,100.0,53.8,0.000,0.000,0.00,0.000,0.0,0.0,0.0,0,0,0.7,1.2,0.3,337,25,0.0,0.0,0.0,0,0,0,28.27,,0,0,0,63.9,65.1,63.1,0.44,0.44,0.35
WALT,2017-08-21 04:00:00 EDT,42.23950,-75.17879,1837,53.2,53.6,53.2,100.0,53.1,0.000,0.000,0.00,0.000,0.0,0.0,0.0,0,0,0.6,0.9,0.1,20,11,0.0,0.0,0.0,0,0,0,28.27,,0,0,0,64.0,65.1,63.1,0.44,0.44,0.35
WALT,2017-08-21 04:05:00 EDT,42.23950,-75.17879,1837,53.4,54.2,53.4,100.0,53.4,0.000,0.000,0.00,0.000,0.0,0.0,0.0,0,0,0.7,1.2,0.2,39,9,0.0,0.0,0.0,0,0,0,28.27,,0,0,0,63.9,65.1,63.1,0.44,0.44,0.35
WALT,2017-08-21 04:10:00 EDT,42.23950,-75.17879,1837,54.2,54.8,54.2,100.0,54.2,0.000,0.000,0.00,0.000,0.0,0.0,0.0,0,0,0.5,1.1,0.2,113,61,0.0,0.0,0.0,0,0,0,28.27,,0,0,0,63.9,65.1,63.1,0.44,0.44,0.35
WALT,2017-08-21 04:15:00 EDT,42.23950,-75.17879,1837,54.6,54.9,54.6,100.0,54.6,0.000,0.000,0.00,0.000,0.0,0.0,0.0,0,0,0.6,2.5,0.3,17,72,0.0,0.0,0.0,0,0,0,28.27,,0,0,0,63.9,65.1,63.1,0.44,0.44,0.35
WALT,2017-08-21 04:20:00 EDT,42.23950,-75.17879,1837,53.2,53.6,53.2,100.0,53.2,0.000,0.000,0.00,0.000,0.0,0.4,0.0,350,0,0.9,1.9,0.4,306,40,0.0,0.4,0.0,350,0,0,28.27,,0,0,0,63.9,65.1,63.1,0.44,0.44,0.35
WALT,2017-08-21 04:25:00 EDT,42.23950,-75.17879,1837,52.8,53.6,52.8,99.9,52.8,0.000,0.000,0.00,0.000,0.2,1.0,0.3,359,4,0.8,1.8,0.4,358,28,0.2,1.0,0.3,359,4,0,28.27,,0,0,0,63.8,65.1,63.1,0.44,0.44,0.35
WALT,2017-08-21 04:30:00 EDT,42.23950,-75.17879,1837,53.3,53.8,53.3,100.0,53.3,0.000,0.000,0.00,0.000,0.0,0.0,0.0,0,0,0.6,1.3,0.3,351,38,0.0,0.0,0.0,0,0,0,28.28,,0,0,0,63.8,65.0,63.1,0.44,0.44,0.35
WALT,2017-08-21 04:35:00 EDT,42.23950,-75.17879,1837,52.9,53.2,52.9,100.0,52.9,0.000,0.000,0.00,0.000,0.0,0.0,0.0,0,0,0.6,1.1,0.2,19,37,0.0,0.0,0.0,0,0,0,28.28,,0,0,0,63.8,65.0,63.1,0.44,0.44,0.35
WALT,2017-08-21 04:40:00 EDT,42.23950,-75.17879,1837,53.1,53.7,53.1,100.0,53.1,0.000,0.000,0.00,0.000,0.0,0.0,0.0,0,0,0.4,0.9,0.2,63,46,0.0,0.0,0.0,0,0,0,28.28,,0,0,0,63.7,64.9,63.1,0.44,0.44,0.35
WALT,2017-08-21 04:45:00 EDT,42.23950,-75.17879,1837,53.6,54.1,53.6,100.0,53.6,0.000,0.000,0.00,0.000,0.0,0.0,0.0,0,0,0.5,1.0,0.2,293,58,0.0,0.0,0.0,0,0,0,28.28,,0,0,0,63.6,64.8,63.1,0.44,0.44,0.35
WALT,2017-08-21 04:50:00 EDT,42.23950,-75.17879,1837,53.0,53.3,53.0,100.0,53.0,0.000,0.000,0.00,0.000,0.0,0.0,0.0,0,0,0.3,1.2,0.2,94,57,0.0,0.0,0.0,0,0,0,28.28,,0,0,0,63.7,64.8,63.1,0.44,0.44,0.35
WALT,2017-08-21 04:55:00 EDT,42.23950,-75.17879,1837,53.0,53.9,53.0,100.0,53.0,0.000,0.000,0.00,0.000,0.0,0.0,0.0,0,0,0.4,0.8,0.1,346,53,0.0,0.0,0.0,0,0,0,28.28,,0,0,0,63.6,64.8,63.1,0.44,0.44,0.35
WALT,2017-08-21 05:00:00 EDT,42.23950,-75.17879,1837,53.4,53.8,53.4,100.0,53.4,0.000,0.000,0.00,0.000,0.0,0.0,0.0,0,0,0.5,1.1,0.2,202,42,0.0,0.0,0.0,0,0,0,28.28,,0,0,0,63.5,64.8,63.1,0.44,0.44,0.35
WALT,2017-08-21 05:05:00 EDT,42.23950,-75.17879,1837,53.3,54.0,53.3,100.0,53.3,0.000,0.000,0.00,0.000,0.4,1.2,0.3,173,38,0.9,1.6,0.3,182,15,0.4,1.2,0.3,173,38,0,28.28,,0,0,0,63.5,64.8,63.1,0.44,0.44,0.35
WALT,2017-08-21 05:10:00 EDT,42.23950,-75.17879,1837,52.7,53.7,52.7,100.0,52.7,0.000,0.000,0.00,0.000,0.3,1.4,0.5,215,9,0.8,1.6,0.3,230,21,0.3,1.4,0.5,215,9,0,28.28,,0,0,0,63.5,64.8,63.1,0.44,0.44,0.35
WALT,2017-08-21 05:15:00 EDT,42.23950,-75.17879,1837,53.0,53.9,53.0,100.0,53.0,0.000,0.000,0.00,0.000,0.4,1.6,0.5,217,18,1.0,2.0,0.4,234,26,0.4,1.6,0.5,217,18,0,28.28,,0,0,0,63.5,64.8,63.1,0.44,0.44,0.35
WALT,2017-08-21 05:20:00 EDT,42.23950,-75.17879,1837,53.1,53.5,53.1,100.0,53.1,0.000,0.000,0.00,0.000,0.1,0.7,0.2,279,2,0.7,1.2,0.3,292,38,0.1,0.7,0.2,279,2,0,28.28,,0,0,0,63.4,64.8,63.1,0.44,0.44,0.35
WALT,2017-08-21 05:25:00 EDT,42.23950,-75.17879,1837,52.6,53.2,52.6,100.0,52.6,0.000,0.000,0.00,0.000,0.0,0.0,0.0,0,0,0.3,2.4,0.3,306,65,0.0,0.0,0.0,0,0,0,28.28,,0,0,0,63.4,64.8,63.1,0.44,0.44,0.35
WALT,2017-08-21 05:30:00 EDT,42.23950,-75.17879,1837,52.4,53.3,52.4,100.0,52.4,0.000,0.000,0.00,0.000,0.0,0.0,0.0,0,0,0.4,0.9,0.2,231,43,0.0,0.0,0.0,0,0,0,28.28,,0,0,0,63.4,64.8,63.1,0.44,0.44,0.35
WALT,2017-08-21 05:35:00 EDT,42.23950,-75.17879,1837,53.0,53.4,53.0,100.0,53.0,0.000,0.000,0.00,0.000,0.0,0.0,0.0,0,0,0.5,1.2,0.3,52,33,0.0,0.0,0.0,0,0,0,28.28,,0,0,0,63.4,64.8,63.1,0.44,0.44,0.35
WALT,2017-08-21 05:40:00 EDT,42.23950,-75.17879,1837,52.7,53.5,52.7,100.0,52.7,0.000,0.000,0.00,0.000,0.0,0.0,0.0,0,0,0.5,1.1,0.3,36,64,0.0,0.0,0.0,0,0,0,28.28,,0,0,0,63.4,64.8,63.1,0.44,0.44,0.35
WALT,2017-08-21 05:45:00 EDT,42.23950,-75.17879,1837,53.2,53.6,53.2,100.0,53.2,0.000,0.000,0.00,0.000,0.0,0.0,0.0,0,0,0.4,1.1,0.2,305,75,0.0,0.0,0.0,0,0,0,28.28,,0,0,0,63.3,64.8,63.1,0.44,0.44,0.35
WALT,2017-08-21 05:50:00 EDT,42.23950,-75.17879,1837,53.0,53.4,53.0,100.0,53.0,0.000,0.000,0.00,0.000,0.0,0.0,0.0,0,0,0.6,1.3,0.3,47,52,0.0,0.0,0.0,0,0,0,28.28,,0,0,0,63.3,64.8,63.1,0.44,0.44,0.35
WALT,2017-08-21 05:55:00 EDT,42.23950,-75.17879,1837,52.3,53.3,52.3,100.0,52.3,0.000,0.000,0.00,0.000,0.1,1.0,0.3,112,0,0.6,1.6,0.4,89,45,0.1,1.0,0.3,112,0,0,28.28,,0,0,0,63.3,64.8,63.1,0.44,0.44,0.35
WALT,2017-08-21 06:00:00 EDT,42.23950,-75.17879,1837,52.1,52.9,52.1,100.0,52.1,0.000,0.000,0.00,0.000,0.2,1.3,0.4,253,26,0.8,1.7,0.4,263,44,0.2,1.3,0.4,253,26,1,28.28,,0,0,0,63.4,64.8,63.1,0.44,0.44,0.35
WALT,2017-08-21 06:05:00 EDT,42.23950,-75.17879,1837,52.0,52.5,52.0,100.0,52.0,0.000,0.000,0.00,0.000,0.0,0.0,0.0,0,0,0.3,0.6,0.1,51,52,0.0,0.0,0.0,0,0,1,28.29,,0,0,0,63.3,64.8,63.1,0.44,0.44,0.35
WALT,2017-08-21 06:10:00 EDT,42.23950,-75.17879,1837,52.5,53.0,52.5,100.0,52.5,0.000,0.000,0.00,0.000,0.0,0.0,0.0,0,0,0.3,1.5,0.2,95,59,0.0,0.0,0.0,0,0,2,28.29,,0,0,0,63.3,64.8,63.1,0.44,0.44,0.35
WALT,2017-08-21 06:15:00 EDT,42.23950,-75.17879,1837,52.1,52.5,52.1,100.0,52.1,0.000,0.000,0.00,0.000,0.0,0.0,0.0,0,0,0.6,1.7,0.3,355,35,0.0,0.0,0.0,0,0,3,28.29,,0,0,0,63.2,64.8,63.1,0.44,0.44,0.35
WALT,2017-08-21 06:20:00 EDT,42.23950,-75.17879,1837,52.2,52.8,52.2,100.0,52.2,0.000,0.000,0.00,0.000,0.0,0.0,0.0,0,0,0.5,0.9,0.2,105,34,0.0,0.0,0.0,0,0,4,28.29,,0,0,0,63.2,64.8,63.1,0.44,0.44,0.35
WALT,2017-08-21 06:25:00 EDT,42.23950,-75.17879,1837,51.9,52.8,51.9,100.0,51.9,0.000,0.000,0.00,0.000,0.0,0.0,0.0,0,0,0.6,1.2,0.3,270,44,0.0,0.0,0.0,0,0,7,28.29,,0,0,0,63.2,64.8,63.1,0.44,0.44,0.35
WALT,2017-08-21 06:30:00 EDT,42.23950,-75.17879,1837,51.7,52.0,51.7,100.0,51.7,0.000,0.000,0.00,0.000,0.0,0.0,0.0,0,0,0.6,1.9,0.3,1,31,0.0,0.0,0.0,0,0,9,28.29,,0,0,0,63.2,64.8,63.1,0.44,0.44,0.35
WALT,2017-08-21 06:35:00 EDT,42.23950,-75.17879,1837,51.6,52.0,51.6,100.0,51.6,0.000,0.000,0.00,0.000,0.0,0.0,0.0,0,0,0.4,1.1,0.2,12,36,0.0,0.0,0.0,0,0,12,28.29,,0,0,0,63.2,64.8,63.1,0.44,0.44,0.35
WALT,2017-08-21 06:40:00 EDT,42.23950,-75.17879,1837,51.8,52.2,51.8,100.0,51.8,0.000,0.000,0.00,0.000,0.0,0.0,0.0,0,0,0.5,1.1,0.3,7,26,0.0,0.0,0.0,0,0,14,28.29,,0,0,0,63.1,64.8,63.1,0.44,0.44,0.35
WALT,2017-08-21 06:45:00 EDT,42.23950,-75.17879,1837,51.7,51.9,51.7,100.0,51.7,0.000,0.000,0.00,0.000,0.0,0.0,0.0,0,0,0.5,1.9,0.3,7,40,0.0,0.0,0.0,0,0,17,28.29,,0,0,0,63.1,64.8,63.1,0.44,0.44,0.35
WALT,2017-08-21 06:50:00 EDT,42.23950,-75.17879,1837,51.5,51.7,51.5,100.0,51.5,0.000,0.000,0.00,0.000,0.0,0.0,0.0,0,0,0.4,0.8,0.1,0,51,0.0,0.0,0.0,0,0,19,28.29,,0,0,0,63.1,64.8,63.1,0.44,0.44,0.35
WALT,2017-08-21 06:55:00 EDT,42.23950,-75.17879,1837,51.2,51.6,51.2,100.0,51.2,0.000,0.000,0.00,0.000,0.0,0.0,0.0,0,0,0.4,0.8,0.2,223,27,0.0,0.0,0.0,0,0,23,28.29,,0,0,0,63.1,64.8,63.1,0.44,0.44,0.35
WALT,2017-08-21 07:00:00 EDT,42.23950,-75.17879,1837,51.4,51.7,51.4,100.0,51.4,0.000,0.000,0.00,0.000,0.0,0.0,0.0,0,0,0.5,1.1,0.2,160,55,0.0,0.0,0.0,0,0,31,28.29,,0,0,0,63.1,64.8,63.1,0.44,0.44,0.35
WALT,2017-08-21 07:05:00 EDT,42.23950,-75.17879,1837,51.6,52.0,51.6,100.0,51.6,0.000,0.000,0.00,0.000,0.4,1.6,0.6,33,4,1.1,1.8,0.3,11,50,0.4,1.6,0.6,33,4,36,28.29,,0,0,0,63.1,64.7,63.1,0.44,0.44,0.35
WALT,2017-08-21 07:10:00 EDT,42.23950,-75.17879,1837,51.6,52.0,51.6,100.0,51.6,0.000,0.000,0.00,0.000,0.3,1.1,0.4,210,9,0.9,1.8,0.3,204,22,0.3,1.1,0.4,210,9,43,28.29,,0,0,0,63.1,64.7,63.1,0.44,0.44,0.35
WALT,2017-08-21 07:15:00 EDT,42.23950,-75.17879,1837,51.9,51.8,51.9,100.0,51.9,0.000,0.000,0.00,0.000,0.4,1.5,0.5,240,5,1.0,1.9,0.3,297,47,0.4,1.5,0.5,240,5,55,28.29,,0,0,0,63.1,64.7,63.1,0.44,0.44,0.35
WALT,2017-08-21 07:20:00 EDT,42.23950,-75.17879,1837,52.1,51.8,52.1,100.0,52.1,0.000,0.000,0.00,0.000,0.0,0.0,0.0,0,0,0.7,1.5,0.3,4,23,0.0,0.0,0.0,0,0,71,28.29,,0,0,0,63.0,64.6,63.1,0.44,0.44,0.35
WALT,2017-08-21 07:25:00 EDT,42.23950,-75.17879,1837,52.5,52.1,52.5,100.0,52.5,0.000,0.000,0.00,0.000,0.1,1.6,0.3,14,2,0.7,2.1,0.4,11,42,0.1,1.6,0.3,14,2,84,28.29,,0,0,0,63.0,64.6,63.1,0.44,0.44,0.35
WALT,2017-08-21 07:30:00 EDT,42.23950,-75.17879,1837,52.8,52.5,52.8,100.0,52.8,0.000,0.000,0.00,0.000,0.8,1.8,0.4,10,15,1.2,2.2,0.3,13,21,0.8,1.8,0.4,10,15,89,28.29,,0,0,0,63.0,64.5,63.1,0.44,0.44,0.35
WALT,2017-08-21 07:35:00 EDT,42.23950,-75.17879,1837,52.8,52.6,52.8,100.0,52.8,0.000,0.000,0.00,0.000,0.0,0.1,0.0,347,0,0.5,2.9,0.3,302,44,0.0,0.1,0.0,347,0,116,28.29,,0,0,0,63.0,64.5,63.1,0.44,0.44,0.35
WALT,2017-08-21 07:40:00 EDT,42.23950,-75.17879,1837,53.5,53.1,53.5,100.0,53.5,0.000,0.000,0.00,0.000,0.0,0.0,0.0,0,0,0.7,1.3,0.3,51,39,0.0,0.0,0.0,0,0,131,28.30,,0,0,0,63.0,64.5,63.1,0.44,0.44,0.35
WALT,2017-08-21 07:45:00 EDT,42.23950,-75.17879,1837,53.7,53.3,53.7,100.0,53.7,0.000,0.000,0.00,0.000,0.6,2.0,0.7,42,5,1.1,2.2,0.4,31,22,0.6,2.0,0.7,42,5,119,28.29,,0,0,0,63.0,64.4,63.1,0.44,0.44,0.35
WALT,2017-08-21 07:50:00 EDT,42.23950,-75.17879,1837,53.6,53.4,53.6,100.0,53.6,0.000,0.000,0.00,0.000,0.6,1.5,0.6,214,10,1.1,2.1,0.5,227,34,0.6,1.5,0.6,214,10,75,28.29,,0,0,0,63.0,64.4,63.1,0.44,0.44,0.35
WALT,2017-08-21 07:55:00 EDT,42.23950,-75.17879,1837,53.7,53.4,53.7,100.0,53.7,0.000,0.000,0.00,0.000,0.0,0.0,0.0,0,0,0.7,1.6,0.2,267,36,0.0,0.0,0.0,0,0,114,28.29,,0,0,0,63.0,64.4,63.1,0.44,0.44,0.35
WALT,2017-08-21 08:00:00 EDT,42.23950,-75.17879,1837,54.1,53.8,54.1,100.0,54.1,0.000,0.000,0.00,0.000,0.0,0.0,0.0,0,0,0.8,1.9,0.3,40,27,0.0,0.0,0.0,0,0,171,28.29,,0,0,0,62.9,64.4,63.1,0.44,0.44,0.35
WALT,2017-08-21 08:05:00 EDT,42.23950,-75.17879,1837,54.6,54.3,54.6,99.9,54.6,0.000,0.000,0.00,0.000,0.1,0.8,0.2,25,1,0.7,1.7,0.3,33,43,0.1,0.8,0.2,25,1,221,28.29,,0,0,0,62.9,64.4,63.1,0.44,0.44,0.35
WALT,2017-08-21 08:10:00 EDT,42.23950,-75.17879,1837,55.1,54.7,55.1,99.9,55.1,0.000,0.000,0.00,0.000,0.0,0.0,0.0,0,0,0.8,2.5,0.4,58,46,0.0,0.0,0.0,0,0,260,28.29,,0,0,0,62.9,64.4,63.1,0.44,0.44,0.35
WALT,2017-08-21 08:15:00 EDT,42.23950,-75.17879,1837,55.5,55.2,55.5,99.8,55.5,0.000,0.000,0.00,0.000,0.0,0.7,0.1,72,14,0.7,2.2,0.4,102,65,0.0,0.7,0.1,72,14,282,28.29,,0,0,0,62.9,64.4,63.1,0.44,0.44,0.35
WALT,2017-08-21 08:20:00 EDT,42.23950,-75.17879,1837,56.1,55.8,56.1,99.7,56.0,0.000,0.000,0.00,0.000,0.1,0.8,0.2,328,6,0.7,1.9,0.4,358,60,0.1,0.8,0.2,328,6,293,28.29,,0,0,0,62.9,64.4,63.1,0.44,0.44,0.35
WALT,2017-08-21 08:25:00 EDT,42.23950,-75.17879,1837,56.7,56.4,56.7,99.7,56.6,0.000,0.000,0.00,0.000,0.0,0.6,0.1,54,0,0.6,1.6,0.3,4,71,0.0,0.6,0.1,54,0,310,28.29,,0,0,0,62.9,64.4,63.1,0.44,0.44,0.35
WALT,2017-08-21 08:30:00 EDT,42.23950,-75.17879,1837,57.5,57.3,57.5,99.7,57.4,0.000,0.000,0.00,0.000,0.6,1.6,0.5,30,15,1.1,2.1,0.4,29,38,0.6,1.6,0.5,30,15,340,28.29,,0,0,0,62.9,64.4,63.1,0.44,0.44,0.35
WALT,2017-08-21 08:35:00 EDT,42.23950,-75.17879,1837,58.4,58.3,58.4,99.6,58.3,0.000,0.000,0.00,0.000,0.1,0.9,0.3,175,7,0.7,1.6,0.4,165,53,0.1,0.9,0.3,175,7,360,28.29,,0,0,0,62.9,64.4,63.1,0.44,0.44,0.35
WALT,2017-08-21 08:40:00 EDT,42.23950,-75.17879,1837,59.6,59.4,59.6,99.5,59.5,0.000,0.000,0.00,0.000,1.1,2.1,0.4,220,15,1.3,2.1,0.3,219,18,1.1,2.1,0.4,220,15,365,28.29,,0,0,0,62.9,64.4,63.1,0.44,0.44,0.35
WALT,2017-08-21 08:45:00 EDT,42.23950,-75.17879,1837,59.5,59.3,59.5,99.4,59.3,0.000,0.000,0.00,0.000,0.7,1.7,0.4,275,20,1.2,2.0,0.3,281,25,0.7,1.7,0.4,275,20,246,28.29,,0,0,0,62.9,64.4,63.1,0.43,0.44,0.35
WALT,2017-08-21 08:50:00 EDT,42.23950,-75.17879,1837,59.7,59.6,59.7,99.2,59.5,0.000,0.000,0.00,0.000,0.5,1.5,0.5,302,40,0.9,2.1,0.5,328,60,0.5,1.5,0.5,302,40,360,28.29,,0,0,0,62.8,64.4,63.1,0.44,0.44,0.35
WALT,2017-08-21 08:55:00 EDT,42.23950,-75.17879,1837,61.0,61.0,61.0,99.3,60.8,0.000,0.000,0.00,0.000,0.5,1.5,0.4,7,25,1.0,2.4,0.4,10,36,0.5,1.5,0.4,7,25,378,28.29,,0,0,0,62.8,64.4,63.1,0.44,0.44,0.35
WALT,2017-08-21 09:00:00 EDT,42.23950,-75.17879,1837,62.5,62.2,62.5,99.2,62.3,0.000,0.000,0.00,0.000,0.6,2.0,0.7,103,45,1.2,2.8,0.6,77,59,0.6,2.0,0.7,103,45,419,28.28,,0,0,0,62.8,64.4,63.1,0.44,0.44,0.35
WALT,2017-08-21 09:05:00 EDT,42.23950,-75.17879,1837,63.3,62.8,63.3,98.1,62.7,0.000,0.000,0.00,0.000,0.6,1.5,0.5,286,29,1.1,2.5,0.5,300,41,0.6,1.5,0.5,286,29,412,28.28,,0,0,0,62.9,64.4,63.1,0.44,0.44,0.35
WALT,2017-08-21 09:10:00 EDT,42.23950,-75.17879,1837,63.3,63.2,63.3,94.3,61.6,0.000,0.000,0.00,0.000,0.5,1.6,0.5,186,30,1.1,2.3,0.6,179,45,0.5,1.6,0.5,186,30,443,28.28,,0,0,0,62.8,64.4,63.1,0.44,0.44,0.35
WALT,2017-08-21 09:15:00 EDT,42.23950,-75.17879,1837,63.4,63.5,63.4,88.9,60.0,0.000,0.000,0.00,0.000,1.2,3.1,0.9,184,20,1.7,3.3,0.7,188,25,1.2,3.1,0.9,184,20,468,28.29,,0,0,0,62.8,64.4,63.1,0.44,0.44,0.35
WALT,2017-08-21 09:20:00 EDT,42.23950,-75.17879,1837,65.3,63.4,65.3,83.9,60.3,0.000,0.000,0.00,0.000,2.1,3.2,0.6,166,22,2.6,4.7,0.8,168,22,2.1,3.2,0.6,166,22,453,28.28,,0,0,0,62.9,64.4,63.1,0.44,0.44,0.35
WALT,2017-08-21 09:25:00 EDT,42.23950,-75.17879,1837,67.0,63.6,67.0,82.6,61.6,0.000,0.000,0.00,0.000,2.7,4.2,0.9,184,24,3.3,5.3,1.0,189,24,2.7,4.2,0.9,184,24,500,28.28,,0,0,0,62.9,64.4,63.1,0.44,0.44,0.35
WALT,2017-08-21 09:30:00 EDT,42.23950,-75.17879,1837,67.8,64.1,67.8,80.6,61.6,0.000,0.000,0.00,0.000,2.7,5.0,0.9,196,24,3.2,7.9,1.2,200,22,2.7,5.0,0.9,196,24,513,28.28,,0,0,0,62.9,64.4,63.1,0.44,0.44,0.35
WALT,2017-08-21 09:35:00 EDT,42.23950,-75.17879,1837,68.4,64.8,68.4,79.3,61.8,0.000,0.000,0.00,0.000,3.4,5.2,1.1,183,21,3.8,6.4,1.2,188,22,3.4,5.2,1.1,183,21,523,28.28,,0,0,0,62.9,64.4,63.1,0.44,0.44,0.35
WALT,2017-08-21 09:40:00 EDT,42.23950,-75.17879,1837,69.3,68.6,69.3,79.0,62.6,0.000,0.000,0.00,0.000,3.1,5.0,0.9,161,27,3.4,6.2,1.2,166,28,3.1,5.0,0.9,161,27,539,28.28,,0,0,0,63.0,64.4,63.1,0.44,0.44,0.35
WALT,2017-08-21 09:45:00 EDT,42.23950,-75.17879,1837,69.6,69.2,69.6,75.2,61.4,0.000,0.000,0.00,0.000,4.6,7.0,1.1,189,16,4.9,7.6,1.3,193,15,4.6,7.0,1.1,189,16,562,28.28,,0,0,0,62.9,64.4,63.1,0.44,0.44,0.35
WALT,2017-08-21 09:50:00 EDT,42.23950,-75.17879,1837,70.4,69.9,70.4,74.3,61.8,0.000,0.000,0.00,0.000,3.3,6.1,1.3,212,19,3.7,7.4,1.4,215,18,3.3,6.1,1.3,212,19,586,28.29,,0,0,0,63.0,64.4,63.1,0.44,0.44,0.35
WALT,2017-08-21 09:55:00 EDT,42.23950,-75.17879,1837,70.9,70.2,70.9,73.3,61.9,0.000,0.000,0.00,0.000,2.6,6.2,1.5,213,29,2.9,6.6,1.5,216,31,2.6,6.2,1.5,213,29,617,28.29,,0,0,0,63.0,64.4,63.1,0.44,0.44,0.35
WALT,2017-08-21 10:00:00 EDT,42.23950,-75.17879,1837,71.3,70.7,71.3,72.2,61.9,0.000,0.000,0.00,0.000,2.3,5.1,1.4,191,24,2.6,5.6,1.3,193,28,2.3,5.1,1.4,191,24,653,28.29,,0,0,0,63.0,64.4,63.1,0.44,0.44,0.35
WALT,2017-08-21 10:05:00 EDT,42.23950,-75.17879,1837,71.9,71.4,71.9,72.1,62.4,0.000,0.000,0.00,0.000,2.5,4.6,1.4,185,31,3.2,5.2,1.3,188,33,2.5,4.6,1.4,185,31,589,28.29,,0,0,0,63.0,64.4,63.1,0.44,0.44,0.35
WALT,2017-08-21 10:10:00 EDT,42.23950,-75.17879,1837,72.3,71.7,72.3,69.8,61.9,0.000,0.000,0.00,0.000,4.1,10.7,2.0,221,30,4.4,11.0,2.4,224,30,4.1,10.7,2.0,221,30,682,28.29,,0,0,0,63.1,64.4,63.1,0.44,0.44,0.35
WALT,2017-08-21 10:15:00 EDT,42.23950,-75.17879,1837,72.5,71.9,72.5,67.4,61.1,0.000,0.000,0.00,0.000,7.2,11.0,1.7,236,14,7.6,11.8,1.8,241,14,7.2,11.0,1.7,236,14,596,28.29,,0,0,0,63.1,64.3,63.1,0.43,0.44,0.35
WALT,2017-08-21 10:20:00 EDT,42.23950,-75.17879,1837,72.9,72.2,72.9,68.0,61.8,0.000,0.000,0.00,0.000,5.8,8.3,1.3,237,16,6.4,11.0,1.4,242,17,5.8,8.3,1.3,237,16,633,28.29,,0,0,0,63.0,64.3,63.1,0.44,0.44,0.35
WALT,2017-08-21 10:25:00 EDT,42.23950,-75.17879,1837,72.9,72.2,72.9,66.2,60.9,0.000,0.000,0.00,0.000,7.7,12.5,2.1,241,10,8.2,12.7,2.2,246,10,7.7,12.5,2.1,241,10,519,28.29,,0,0,0,63.1,64.3,63.1,0.43,0.44,0.35
WALT,2017-08-21 10:30:00 EDT,42.23950,-75.17879,1837,73.0,72.4,73.0,65.5,60.7,0.000,0.000,0.00,0.000,5.8,10.3,2.3,232,15,6.2,11.6,2.5,236,15,5.8,10.3,2.3,232,15,626,28.29,,0,0,0,63.1,64.3,63.1,0.43,0.44,0.35
WALT,2017-08-21 10:35:00 EDT,42.23950,-75.17879,1837,73.6,72.6,73.6,66.3,61.7,0.000,0.000,0.00,0.000,5.6,11.1,2.5,240,13,5.9,11.9,2.7,245,13,5.6,11.1,2.5,240,13,753,28.28,,0,0,0,63.2,64.3,63.1,0.43,0.44,0.35
WALT,2017-08-21 10:40:00 EDT,42.23950,-75.17879,1837,74.3,73.3,74.3,67.2,62.7,0.000,0.000,0.00,0.000,4.3,10.4,2.3,193,18,4.7,11.8,2.5,196,17,4.3,10.4,2.3,193,18,817,28.28,,0,0,0,63.2,64.3,63.1,0.43,0.44,0.35
WALT,2017-08-21 10:45:00 EDT,42.23950,-75.17879,1837,74.1,73.2,74.1,66.1,62.0,0.000,0.000,0.00,0.000,6.3,9.9,2.0,203,22,6.8,12.2,2.3,204,20,6.3,9.9,2.0,203,22,503,28.28,,0,0,0,63.2,64.2,63.1,0.43,0.44,0.34
WALT,2017-08-21 10:50:00 EDT,42.23950,-75.17879,1837,73.6,72.9,73.6,65.6,61.4,0.000,0.000,0.00,0.000,5.7,9.1,1.6,212,23,6.4,9.5,1.8,215,21,5.7,9.1,1.6,212,23,600,28.28,,0,0,0,63.3,64.2,63.1,0.43,0.44,0.34
WALT,2017-08-21 10:55:00 EDT,42.23950,-75.17879,1837,73.2,72.9,73.2,65.9,61.2,0.000,0.000,0.00,0.000,6.6,10.4,1.3,211,29,7.3,12.0,1.5,214,30,6.6,10.4,1.3,211,29,361,28.29,,0,0,0,63.3,64.2,63.1,0.43,0.44,0.34
WALT,2017-08-21 11:00:00 EDT,42.23950,-75.17879,1837,72.9,72.6,72.9,66.4,61.1,0.000,0.000,0.00,0.000,7.3,10.8,2.0,186,14,7.8,12.3,2.2,190,12,7.3,10.8,2.0,186,14,443,28.28,,0,0,0,63.3,64.2,63.1,0.44,0.44,0.34
WALT,2017-08-21 11:05:00 EDT,42.23950,-75.17879,1837,73.5,72.9,73.5,67.1,61.9,0.000,0.000,0.00,0.000,5.4,11.3,2.0,209,18,5.9,13.2,2.0,213,17,5.4,11.3,2.0,209,18,552,28.28,,0,0,0,63.4,64.2,63.1,0.43,0.44,0.34
WALT,2017-08-21 11:10:00 EDT,42.23950,-75.17879,1837,73.9,73.1,73.9,67.3,62.4,0.000,0.000,0.00,0.000,7.0,10.7,1.8,174,17,7.6,11.8,1.9,178,17,7.0,10.7,1.8,174,17,666,28.28,,0,0,0,63.4,64.2,63.1,0.44,0.44,0.34
WALT,2017-08-21 11:15:00 EDT,42.23950,-75.17879,1837,73.5,73.0,73.5,66.5,61.7,0.000,0.000,0.00,0.000,7.0,12.6,2.6,199,19,7.6,13.6,2.8,203,19,7.0,12.6,2.6,199,19,487,28.28,,0,0,0,63.5,64.2,63.1,0.43,0.44,0.34
WALT,2017-08-21 11:20:00 EDT,42.23950,-75.17879,1837,73.9,73.3,73.9,67.1,62.3,0.000,0.000,0.00,0.000,5.9,10.8,2.4,197,25,6.3,12.5,2.6,201,23,5.9,10.8,2.4,197,25,696,28.28,,0,0,0,63.5,64.2,63.1,0.44,0.44,0.34
WALT,2017-08-21 11:25:00 EDT,42.23950,-75.17879,1837,74.1,73.2,74.1,65.7,61.9,0.000,0.000,0.00,0.000,7.4,11.6,2.4,207,21,7.8,13.5,2.7,211,20,7.4,11.6,2.4,207,21,788,28.28,,0,0,0,63.6,64.2,63.1,0.43,0.44,0.34
WALT,2017-08-21 11:30:00 EDT,42.23950,-75.17879,1837,74.8,73.8,74.8,67.3,63.2,0.000,0.000,0.00,0.000,5.6,10.6,2.2,202,29,6.3,11.8,2.4,205,28,5.6,10.6,2.2,202,29,789,28.27,,0,0,0,63.6,64.2,63.1,0.43,0.44,0.34
WALT,2017-08-21 11:35:00 EDT,42.23950,-75.17879,1837,74.6,73.7,74.6,66.6,62.7,0.000,0.000,0.00,0.000,9.3,14.1,1.8,198,20,10.2,15.3,2.2,201,18,9.3,14.1,1.8,198,20,797,28.27,,0,0,0,63.8,64.2,63.1,0.44,0.44,0.34
WALT,2017-08-21 11:40:00 EDT,42.23950,-75.17879,1837,74.7,73.7,74.7,67.6,63.2,0.000,0.000,0.00,0.000,7.1,12.6,2.1,203,19,7.7,13.8,2.4,206,19,7.1,12.6,2.1,203,19,801,28.27,,0,0,0,63.8,64.2,63.1,0.43,0.44,0.34
WALT,2017-08-21 11:45:00 EDT,42.23950,-75.17879,1837,74.7,73.8,74.7,67.5,63.2,0.000,0.000,0.00,0.000,6.8,12.6,2.1,196,23,7.7,12.1,2.3,200,20,6.8,12.6,2.1,196,23,696,28.27,,0,0,0,63.9,64.2,63.1,0.43,0.44,0.34
WALT,2017-08-21 11:50:00 EDT,42.23950,-75.17879,1837,74.5,73.6,74.5,67.3,62.9,0.000,0.000,0.00,0.000,9.8,15.3,2.0,196,15,10.6,17.5,2.5,199,14,9.8,15.3,2.0,196,15,727,28.27,,0,0,0,63.9,64.2,63.1,0.43,0.44,0.34
WALT,2017-08-21 11:55:00 EDT,42.23950,-75.17879,1837,74.3,73.6,74.3,68.0,63.0,0.000,0.000,0.00,0.000,8.1,14.7,2.2,200,17,8.8,14.1,2.2,205,16,8.1,14.7,2.2,200,17,657,28.26,,0,0,0,64.0,64.2,63.1,0.43,0.44,0.34
WALT,2017-08-21 12:00:00 EDT,42.23950,-75.17879,1837,74.5,73.8,74.5,68.3,63.4,0.000,0.000,0.00,0.000,9.1,16.0,2.5,197,16,10.0,17.9,2.8,201,12,9.1,16.0,2.5,197,16,623,28.26,,0,0,0,64.0,64.2,63.1,0.43,0.44,0.34
WALT,2017-08-21 12:05:00 EDT,42.23950,-75.17879,1837,74.8,74.1,74.8,67.4,63.3,0.000,0.000,0.00,0.000,8.4,12.9,2.1,217,17,8.7,13.5,2.0,220,17,8.4,12.9,2.1,217,17,783,28.26,,0,0,0,64.0,64.2,63.1,0.43,0.44,0.34
WALT,2017-08-21 12:10:00 EDT,42.23950,-75.17879,1837,75.5,74.5,75.5,66.8,63.7,0.000,0.000,0.00,0.000,6.9,10.7,1.9,209,18,7.3,11.6,1.9,213,17,6.9,10.7,1.9,209,18,909,28.26,,0,0,0,64.0,64.2,63.1,0.43,0.44,0.34
WALT,2017-08-21 12:15:00 EDT,42.23950,-75.17879,1837,77.0,75.7,77.0,67.5,65.4,0.000,0.000,0.00,0.000,5.5,13.3,2.5,246,29,6.4,14.1,2.9,255,27,5.5,13.3,2.5,246,29,926,28.26,,0,0,0,64.1,64.2,63.1,0.43,0.44,0.34
WALT,2017-08-21 12:20:00 EDT,42.23950,-75.17879,1837,77.3,75.9,77.3,62.5,63.5,0.000,0.000,0.00,0.000,7.1,11.8,1.9,236,20,7.9,13.1,1.9,241,20,7.1,11.8,1.9,236,20,893,28.26,,0,0,0,64.1,64.2,63.1,0.43,0.44,0.34
WALT,2017-08-21 12:25:00 EDT,42.23950,-75.17879,1837,77.0,75.6,77.0,61.4,62.7,0.000,0.000,0.00,0.000,7.6,10.8,1.7,242,15,8.3,12.6,1.9,247,15,7.6,10.8,1.7,242,15,885,28.26,,0,0,0,64.2,64.2,63.1,0.43,0.44,0.34
WALT,2017-08-21 12:30:00 EDT,42.23950,-75.17879,1837,77.0,76.0,77.0,63.0,63.5,0.000,0.000,0.00,0.000,7.6,12.3,2.1,207,18,8.3,13.9,2.3,211,18,7.6,12.3,2.1,207,18,863,28.26,,0,0,0,64.2,64.2,63.1,0.43,0.44,0.34
WALT,2017-08-21 12:35:00 EDT,42.23950,-75.17879,1837,76.6,75.7,76.6,64.5,63.8,0.000,0.000,0.00,0.000,5.7,11.1,2.1,221,23,6.2,11.8,2.1,224,23,5.7,11.1,2.1,221,23,846,28.26,,0,0,0,64.2,64.2,63.1,0.43,0.44,0.34
WALT,2017-08-21 12:40:00 EDT,42.23950,-75.17879,1837,76.6,75.7,76.6,63.4,63.2,0.000,0.000,0.00,0.000,4.1,11.8,2.9,228,40,4.7,11.9,2.8,232,42,4.1,11.8,2.9,228,40,841,28.25,,0,0,0,64.3,64.2,63.1,0.43,0.44,0.34
WALT,2017-08-21 12:45:00 EDT,42.23950,-75.17879,1837,77.2,76.2,77.2,64.8,64.4,0.000,0.000,0.00,0.000,6.6,18.9,2.9,225,30,7.3,20.3,3.4,232,30,6.6,18.9,2.9,225,30,835,28.25,,0,0,0,64.3,64.2,63.1,0.43,0.44,0.34
WALT,2017-08-21 12:50:00 EDT,42.23950,-75.17879,1837,77.0,75.9,77.0,63.4,63.7,0.000,0.000,0.00,0.000,7.4,15.2,3.4,224,18,7.9,17.4,3.3,229,18,7.4,15.2,3.4,224,18,664,28.25,,0,0,0,64.4,64.2,63.1,0.43,0.44,0.34
WALT,2017-08-21 12:55:00 EDT,42.23950,-75.17879,1837,76.8,75.8,76.8,65.1,64.2,0.000,0.000,0.00,0.000,7.4,14.4,2.2,188,19,8.1,15.5,2.3,194,18,7.4,14.4,2.2,188,19,716,28.25,,0,0,0,64.5,64.2,63.1,0.43,0.44,0.34
WALT,2017-08-21 13:00:00 EDT,42.23950,-75.17879,1837,76.8,75.9,76.8,63.4,63.4,0.000,0.000,0.00,0.000,7.7,15.9,3.1,200,16,8.2,16.6,3.2,203,15,7.7,15.9,3.1,200,16,833,28.25,,0,0,0,64.6,64.2,63.1,0.43,0.44,0.34
WALT,2017-08-21 13:05:00 EDT,42.23950,-75.17879,1837,77.5,76.7,77.5,61.9,63.4,0.000,0.000,0.00,0.000,6.4,13.4,2.8,236,16,6.8,13.7,3.0,242,15,6.4,13.4,2.8,236,16,804,28.25,,0,0,0,64.5,64.2,63.1,0.43,0.44,0.34
WALT,2017-08-21 13:10:00 EDT,42.23950,-75.17879,1837,77.7,76.6,77.7,60.8,63.1,0.000,0.000,0.00,0.000,6.2,11.2,1.9,239,20,6.7,12.1,2.2,245,19,6.2,11.2,1.9,239,20,851,28.25,,0,0,0,64.6,64.2,63.1,0.43,0.44,0.34
WALT,2017-08-21 13:15:00 EDT,42.23950,-75.17879,1837,78.7,77.6,78.7,62.9,65.0,0.000,0.000,0.00,0.000,6.3,13.9,3.1,188,24,6.9,15.5,3.4,193,23,6.3,13.9,3.1,188,24,915,28.25,,0,0,0,64.6,64.2,63.1,0.43,0.44,0.34
WALT,2017-08-21 13:20:00 EDT,42.23950,-75.17879,1837,78.7,77.5,78.7,61.6,64.4,0.000,0.000,0.00,0.000,7.3,12.6,2.2,206,24,7.8,14.1,2.3,210,24,7.3,12.6,2.2,206,24,933,28.25,,0,0,0,64.7,64.2,63.1,0.43,0.44,0.34
WALT,2017-08-21 13:25:00 EDT,42.23950,-75.17879,1837,77.8,76.9,77.8,60.7,63.2,0.000,0.000,0.00,0.000,7.3,12.6,2.1,207,18,8.0,13.7,2.3,210,17,7.3,12.6,2.1,207,18,753,28.25,,0,0,0,64.8,64.2,63.1,0.43,0.44,0.34
WALT,2017-08-21 13:30:00 EDT,42.23950,-75.17879,1837,77.6,76.8,77.6,61.0,63.1,0.000,0.000,0.00,0.000,7.4,13.3,2.9,210,14,7.8,14.5,2.8,213,12,7.4,13.3,2.9,210,14,633,28.25,,0,0,0,64.9,64.2,63.1,0.43,0.44,0.34
WALT,2017-08-21 13:35:00 EDT,42.23950,-75.17879,1837,77.2,76.6,77.2,61.7,63.0,0.000,0.000,0.00,0.000,7.8,12.3,2.5,204,20,8.3,14.1,2.8,206,19,7.8,12.3,2.5,204,20,489,28.25,,0,0,0,65.0,64.2,63.1,0.43,0.44,0.34
WALT,2017-08-21 13:40:00 EDT,42.23950,-75.17879,1837,76.9,76.5,76.9,61.9,62.8,0.000,0.000,0.00,0.000,7.2,12.3,2.2,200,23,7.7,12.7,2.4,207,23,7.2,12.3,2.2,200,23,412,28.25,,0,0,0,65.1,64.2,63.1,0.43,0.44,0.34
WALT,2017-08-21 13:45:00 EDT,42.23950,-75.17879,1837,76.5,76.2,76.5,62.0,62.5,0.000,0.000,0.00,0.000,7.2,10.7,2.1,198,17,7.8,12.3,2.1,203,15,7.2,10.7,2.1,198,17,432,28.25,,0,0,0,65.2,64.2,63.1,0.43,0.44,0.34
WALT,2017-08-21 13:50:00 EDT,42.23950,-75.17879,1837,76.3,76.0,76.3,64.8,63.6,0.000,0.000,0.00,0.000,5.7,8.8,1.3,182,22,6.2,8.5,1.4,185,21,5.7,8.8,1.3,182,22,334,28.25,,0,0,0,65.2,64.2,63.1,0.43,0.44,0.34
WALT,2017-08-21 13:55:00 EDT,42.23950,-75.17879,1837,76.0,75.8,76.0,64.7,63.3,0.000,0.000,0.00,0.000,5.8,8.7,1.6,193,23,6.2,9.9,1.8,197,23,5.8,8.7,1.6,193,23,264,28.25,,0,0,0,65.2,64.2,63.1,0.43,0.44,0.34
WALT,2017-08-21 14:00:00 EDT,42.23950,-75.17879,1837,76.0,75.9,76.0,64.2,63.1,0.000,0.000,0.00,0.000,5.2,12.8,2.1,196,28,5.7,14.8,2.5,197,28,5.2,12.8,2.1,196,28,293,28.24,,0,0,0,65.4,64.2,63.1,0.43,0.44,0.34
WALT,2017-08-21 14:05:00 EDT,42.23950,-75.17879,1837,76.3,76.0,76.3,61.6,62.1,0.000,0.000,0.00,0.000,7.3,10.3,1.3,199,22,7.9,11.5,1.7,204,20,7.3,10.3,1.3,199,22,444,28.24,,0,0,0,65.4,64.2,63.1,0.43,0.44,0.34
WALT,2017-08-21 14:10:00 EDT,42.23950,-75.17879,1837,76.4,76.2,76.4,62.2,62.5,0.000,0.000,0.00,0.000,5.1,10.6,2.0,213,18,5.4,10.7,1.9,216,18,5.1,10.6,2.0,213,18,308,28.24,,0,0,0,65.5,64.2,63.1,0.43,0.44,0.34
WALT,2017-08-21 14:15:00 EDT,42.23950,-75.17879,1837,75.8,75.8,75.8,62.7,62.2,0.000,0.000,0.00,0.000,6.7,11.2,1.7,220,13,7.2,12.3,1.6,222,13,6.7,11.2,1.7,220,13,246,28.24,,0,0,0,65.5,64.2,63.1,0.43,0.44,0.34
WALT,2017-08-21 14:20:00 EDT,42.23950,-75.17879,1837,75.9,75.8,75.9,59.9,61.0,0.000,0.000,0.00,0.000,5.1,7.5,1.0,218,13,5.1,7.9,1.1,220,13,5.1,7.5,1.0,218,13,364,28.24,,0,0,0,65.6,64.2,63.1,0.43,0.44,0.34
WALT,2017-08-21 14:25:00 EDT,42.23950,-75.17879,1837,75.8,75.7,75.8,59.9,60.9,0.000,0.000,0.00,0.000,4.8,7.2,1.3,220,24,5.3,8.2,1.5,225,23,4.8,7.2,1.3,220,24,293,28.24,,0,0,0,65.6,64.2,63.1,0.43,0.44,0.34
WALT,2017-08-21 14:30:00 EDT,42.23950,-75.17879,1837,75.4,75.5,75.4,60.8,61.0,0.000,0.000,0.00,0.000,3.5,5.8,1.0,213,19,3.7,6.1,1.0,218,19,3.5,5.8,1.0,213,19,164,28.24,,0,0,0,65.7,64.2,63.1,0.43,0.44,0.34
WALT,2017-08-21 14:35:00 EDT,42.23950,-75.17879,1837,74.7,75.1,74.7,63.9,61.7,0.000,0.000,0.00,0.000,4.1,7.0,1.1,223,11,4.1,7.6,1.1,226,10,4.1,7.0,1.1,223,11,120,28.23,,0,0,0,65.6,64.2,63.1,0.43,0.44,0.34
WALT,2017-08-21 14:40:00 EDT,42.23950,-75.17879,1837,74.4,74.7,74.4,66.9,62.7,0.000,0.000,0.00,0.000,2.6,4.3,0.7,197,21,2.7,4.7,0.7,200,21,2.6,4.3,0.7,197,21,119,28.23,,0,0,0,65.7,64.2,63.1,0.43,0.44,0.34
WALT,2017-08-21 14:45:00 EDT,42.23950,-75.17879,1837,74.5,74.7,74.5,68.6,63.5,0.000,0.000,0.00,0.000,2.9,5.3,1.1,179,22,3.4,6.4,1.1,184,22,2.9,5.3,1.1,179,22,156,28.23,,0,0,0,65.7,64.2,63.1,0.43,0.44,0.34
WALT,2017-08-21 14:50:00 EDT,42.23950,-75.17879,1837,74.5,74.6,74.5,68.5,63.4,0.000,0.000,0.00,0.000,4.5,7.2,1.0,209,19,4.7,8.0,1.1,211,17,4.5,7.2,1.0,209,19,109,28.23,,0,0,0,65.7,64.2,63.1,0.43,0.44,0.34
WALT,2017-08-21 14:55:00 EDT,42.23950,-75.17879,1837,74.2,74.4,74.2,70.8,64.1,0.000,0.000,0.00,0.000,2.6,3.9,0.6,198,19,2.9,4.5,0.7,202,20,2.6,3.9,0.6,198,19,128,28.23,,0,0,0,65.8,64.2,63.1,0.43,0.44,0.34
WALT,2017-08-21 15:00:00 EDT,42.23950,-75.17879,1837,74.4,74.4,74.4,71.3,64.5,0.000,0.000,0.00,0.000,1.8,3.1,0.9,190,18,2.0,3.8,0.9,194,20,1.8,3.1,0.9,190,18,213,28.23,,0,0,0,65.7,64.2,63.1,0.43,0.44,0.34
WALT,2017-08-21 15:05:00 EDT,42.23950,-75.17879,1837,74.7,74.5,74.7,72.2,65.1,0.000,0.000,0.00,0.000,2.7,4.9,1.1,233,18,3.0,6.0,1.0,238,18,2.7,4.9,1.1,233,18,152,28.23,,0,0,0,65.8,64.2,63.1,0.43,0.44,0.34
WALT,2017-08-21 15:10:00 EDT,42.23950,-75.17879,1837,74.4,74.3,74.4,72.4,64.9,0.000,0.000,0.00,0.000,2.5,5.0,1.1,232,14,2.7,5.4,1.2,234,14,2.5,5.0,1.1,232,14,136,28.23,,0,0,0,65.9,64.2,63.1,0.43,0.44,0.34
WALT,2017-08-21 15:15:00 EDT,42.23950,-75.17879,1837,74.4,74.4,74.4,72.1,64.8,0.000,0.000,0.00,0.000,2.7,4.2,0.9,201,29,2.9,4.5,0.9,203,27,2.7,4.2,0.9,201,29,132,28.23,,0,0,0,65.9,64.2,63.1,0.43,0.44,0.34
WALT,2017-08-21 15:20:00 EDT,42.23950,-75.17879,1837,74.5,74.4,74.5,71.5,64.7,0.000,0.000,0.00,0.000,3.1,4.4,0.7,189,15,3.5,5.6,0.9,194,15,3.1,4.4,0.7,189,15,197,28.23,,0,0,0,65.9,64.2,63.1,0.43,0.44,0.34
WALT,2017-08-21 15:25:00 EDT,42.23950,-75.17879,1837,74.8,74.5,74.8,72.2,65.2,0.000,0.000,0.00,0.000,3.2,7.6,1.6,209,20,3.6,8.5,1.7,213,19,3.2,7.6,1.6,209,20,251,28.23,,0,0,0,65.9,64.2,63.1,0.43,0.44,0.34
WALT,2017-08-21 15:30:00 EDT,42.23950,-75.17879,1837,75.0,74.7,75.0,69.9,64.5,0.000,0.000,0.00,0.000,5.2,8.3,1.3,194,21,5.6,9.4,1.6,198,19,5.2,8.3,1.3,194,21,289,28.23,,0,0,0,65.9,64.2,63.1,0.43,0.44,0.34
WALT,2017-08-21 15:35:00 EDT,42.23950,-75.17879,1837,75.3,74.9,75.3,68.7,64.3,0.000,0.000,0.00,0.000,5.7,9.8,1.8,205,19,6.1,10.8,2.0,209,18,5.7,9.8,1.8,205,19,460,28.23,,0,0,0,65.9,64.2,63.1,0.43,0.44,0.34
WALT,2017-08-21 15:40:00 EDT,42.23950,-75.17879,1837,76.3,75.5,76.3,68.8,65.3,0.000,0.000,0.00,0.000,4.6,10.7,2.0,207,19,5.0,11.5,2.2,211,18,4.6,10.7,2.0,207,19,587,28.23,,0,0,0,66.0,64.2,63.1,0.43,0.44,0.34
WALT,2017-08-21 15:45:00 EDT,42.23950,-75.17879,1837,76.5,75.8,76.5,67.2,64.8,0.000,0.000,0.00,0.000,5.4,9.4,1.4,214,26,6.0,10.4,1.5,219,25,5.4,9.4,1.4,214,26,587,28.22,,0,0,0,65.9,64.2,63.1,0.43,0.44,0.34
WALT,2017-08-21 15:50:00 EDT,42.23950,-75.17879,1837,77.0,76.1,77.0,67.0,65.2,0.000,0.000,0.00,0.000,5.9,11.7,2.4,195,18,6.5,13.2,2.5,200,16,5.9,11.7,2.4,195,18,598,28.22,,0,0,0,65.9,64.2,63.1,0.43,0.44,0.34
WALT,2017-08-21 15:55:00 EDT,42.23950,-75.17879,1837,77.0,76.2,77.0,66.2,64.8,0.000,0.000,0.00,0.000,4.8,9.2,1.2,202,26,5.3,11.4,1.5,207,27,4.8,9.2,1.2,202,26,605,28.22,,0,0,0,65.9,64.2,63.1,0.43,0.44,0.34
WALT,2017-08-21 16:00:00 EDT,42.23950,-75.17879,1837,77.5,76.6,77.5,66.1,65.3,0.000,0.000,0.00,0.000,6.1,13.8,3.3,238,16,6.8,15.1,3.2,243,16,6.1,13.8,3.3,238,16,593,28.22,,0,0,0,66.0,64.2,63.1,0.43,0.44,0.34
WALT,2017-08-21 16:05:00 EDT,42.23950,-75.17879,1837,78.1,77.1,78.1,67.3,66.3,0.000,0.000,0.00,0.000,3.7,6.1,1.3,171,19,4.2,7.1,1.5,175,21,3.7,6.1,1.3,171,19,586,28.22,,0,0,0,65.9,64.2,63.1,0.43,0.44,0.34
WALT,2017-08-21 16:10:00 EDT,42.23950,-75.17879,1837,78.2,77.4,78.2,66.6,66.1,0.000,0.000,0.00,0.000,6.6,12.4,2.4,181,24,7.1,14.4,2.7,184,23,6.6,12.4,2.4,181,24,569,28.22,,0,0,0,66.0,64.2,63.1,0.43,0.44,0.34
WALT,2017-08-21 16:15:00 EDT,42.23950,-75.17879,1837,78.2,77.4,78.2,65.4,65.7,0.000,0.000,0.00,0.000,5.8,10.2,2.0,201,26,6.2,12.0,2.2,204,26,5.8,10.2,2.0,201,26,552,28.22,,0,0,0,66.0,64.2,63.1,0.43,0.44,0.34
WALT,2017-08-21 16:20:00 EDT,42.23950,-75.17879,1837,78.0,77.3,78.0,63.1,64.4,0.000,0.000,0.00,0.000,6.1,10.0,1.8,219,23,6.7,11.7,1.9,224,22,6.1,10.0,1.8,219,23,541,28.22,,0,0,0,66.0,64.2,63.1,0.43,0.44,0.34
WALT,2017-08-21 16:25:00 EDT,42.23950,-75.17879,1837,78.0,77.2,78.0,63.9,64.8,0.000,0.000,0.00,0.000,6.5,10.5,1.6,217,24,7.0,12.1,1.8,220,24,6.5,10.5,1.6,217,24,531,28.22,,0,0,0,66.0,64.2,63.1,0.43,0.44,0.34
WALT,2017-08-21 16:30:00 EDT,42.23950,-75.17879,1837,78.0,77.3,78.0,63.6,64.6,0.000,0.000,0.00,0.000,5.3,9.3,1.7,215,19,5.8,12.2,2.0,218,18,5.3,9.3,1.7,215,19,516,28.21,,0,0,0,66.0,64.2,63.1,0.43,0.44,0.34
WALT,2017-08-21 16:35:00 EDT,42.23950,-75.17879,1837,78.2,77.4,78.2,63.7,64.9,0.000,0.000,0.00,0.000,5.7,9.1,1.7,223,19,6.1,9.8,1.7,227,20,5.7,9.1,1.7,223,19,508,28.21,,0,0,0,66.1,64.2,63.1,0.43,0.44,0.34
WALT,2017-08-21 16:40:00 EDT,42.23950,-75.17879,1837,78.1,77.4,78.1,65.2,65.4,0.000,0.000,0.00,0.000,6.8,10.7,1.7,194,16,7.3,12.3,2.0,196,15,6.8,10.7,1.7,194,16,497,28.21,,0,0,0,66.1,64.2,63.1,0.43,0.44,0.34
WALT,2017-08-21 16:45:00 EDT,42.23950,-75.17879,1837,77.9,77.2,77.9,64.8,65.1,0.000,0.000,0.00,0.000,6.9,10.5,2.0,227,14,7.1,11.9,1.9,230,12,6.9,10.5,2.0,227,14,468,28.21,,0,0,0,66.1,64.2,63.1,0.43,0.44,0.34
WALT,2017-08-21 16:50:00 EDT,42.23950,-75.17879,1837,78.2,77.4,78.2,65.6,65.8,0.000,0.000,0.00,0.000,7.8,13.7,2.6,232,17,8.3,13.4,2.6,237,18,7.8,13.7,2.6,232,17,485,28.21,,0,0,0,66.2,64.2,63.1,0.43,0.44,0.34
WALT,2017-08-21 16:55:00 EDT,42.23950,-75.17879,1837,78.0,77.3,78.0,65.3,65.4,0.000,0.000,0.00,0.000,8.6,13.2,2.1,228,13,8.8,13.4,2.2,232,14,8.6,13.2,2.1,228,13,482,28.21,,0,0,0,66.2,64.2,63.1,0.43,0.44,0.34
WALT,2017-08-21 17:00:00 EDT,42.23950,-75.17879,1837,78.3,77.5,78.3,65.8,65.9,0.000,0.000,0.00,0.000,6.6,14.0,2.0,215,29,7.2,14.2,2.4,220,29,6.6,14.0,2.0,215,29,472,28.21,,0,0,0,66.2,64.3,63.1,0.43,0.44,0.34
WALT,2017-08-21 17:05:00 EDT,42.23950,-75.17879,1837,78.3,77.6,78.3,65.3,65.7,0.000,0.000,0.00,0.000,6.8,11.0,2.2,229,17,7.2,11.3,2.2,232,16,6.8,11.0,2.2,229,17,461,28.21,,0,0,0,66.4,64.3,63.1,0.43,0.44,0.34
WALT,2017-08-21 17:10:00 EDT,42.23950,-75.17879,1837,78.4,77.8,78.4,65.4,65.9,0.000,0.000,0.00,0.000,5.3,10.0,1.9,238,16,5.9,10.8,2.0,243,16,5.3,10.0,1.9,238,16,376,28.21,,0,0,0,66.4,64.4,63.1,0.43,0.44,0.34
WALT,2017-08-21 17:15:00 EDT,42.23950,-75.17879,1837,77.5,77.3,77.5,66.1,65.3,0.000,0.000,0.00,0.000,6.4,9.0,1.6,219,19,6.7,10.4,1.6,223,18,6.4,9.0,1.6,219,19,192,28.21,,0,0,0,66.4,64.4,63.1,0.43,0.44,0.34
WALT,2017-08-21 17:20:00 EDT,42.23950,-75.17879,1837,77.3,77.1,77.3,68.2,66.0,0.000,0.000,0.00,0.000,4.7,9.6,1.7,225,23,5.1,10.0,1.8,230,24,4.7,9.6,1.7,225,23,240,28.21,,0,0,0,66.4,64.4,63.1,0.43,0.44,0.34
WALT,2017-08-21 17:25:00 EDT,42.23950,-75.17879,1837,78.0,77.5,78.0,68.6,66.8,0.000,0.000,0.00,0.000,3.7,6.4,1.1,245,23,4.2,7.4,1.2,250,23,3.7,6.4,1.1,245,23,398,28.21,,0,0,0,66.5,64.4,63.1,0.43,0.44,0.34
WALT,2017-08-21 17:30:00 EDT,42.23950,-75.17879,1837,78.4,77.8,78.4,67.2,66.6,0.000,0.000,0.00,0.000,4.4,8.6,1.7,216,28,4.7,8.9,1.9,222,27,4.4,8.6,1.7,216,28,358,28.21,,0,0,0,66.5,64.4,63.0,0.42,0.44,0.34
WALT,2017-08-21 17:35:00 EDT,42.23950,-75.17879,1837,78.1,77.7,78.1,66.0,65.8,0.000,0.000,0.00,0.000,5.6,9.0,1.5,214,19,6.0,8.8,1.4,218,18,5.6,9.0,1.5,214,19,335,28.21,,0,0,0,66.5,64.4,63.1,0.43,0.44,0.34
WALT,2017-08-21 17:40:00 EDT,42.23950,-75.17879,1837,78.3,77.8,78.3,68.3,67.0,0.000,0.000,0.00,0.000,4.1,7.0,1.8,240,15,4.7,7.9,1.8,244,13,4.1,7.0,1.8,240,15,345,28.21,,0,0,0,66.5,64.4,63.0,0.43,0.44,0.34
WALT,2017-08-21 17:45:00 EDT,42.23950,-75.17879,1837,78.5,77.9,78.5,67.5,66.8,0.000,0.000,0.00,0.000,4.8,8.4,1.5,230,18,5.4,9.7,1.6,234,18,4.8,8.4,1.5,230,18,308,28.20,,0,0,0,66.5,64.4,63.1,0.43,0.44,0.34
WALT,2017-08-21 17:50:00 EDT,42.23950,-75.17879,1837,77.9,77.7,77.9,67.5,66.3,0.000,0.000,0.00,0.000,4.4,7.0,1.4,204,19,4.7,8.9,1.5,209,15,4.4,7.0,1.4,204,19,246,28.20,,0,0,0,66.6,64.4,63.0,0.43,0.44,0.34
WALT,2017-08-21 17:55:00 EDT,42.23950,-75.17879,1837,77.8,77.6,77.8,68.9,66.8,0.000,0.000,0.00,0.000,5.1,7.3,1.1,200,17,5.6,10.0,1.1,203,14,5.1,7.3,1.1,200,17,176,28.20,,0,0,0,66.6,64.4,63.1,0.43,0.44,0.34
WALT,2017-08-21 18:00:00 EDT,42.23950,-75.17879,1837,77.1,77.2,77.1,70.1,66.6,0.000,0.000,0.00,0.000,4.6,9.7,1.8,232,18,5.1,10.3,1.7,236,18,4.6,9.7,1.8,232,18,123,28.20,,0,0,0,66.6,64.4,63.1,0.43,0.44,0.34
WALT,2017-08-21 18:05:00 EDT,42.23950,-75.17879,1837,76.5,76.8,76.5,70.9,66.4,0.000,0.000,0.00,0.000,5.1,11.3,2.0,216,19,5.4,10.8,2.0,218,18,5.1,11.3,2.0,216,19,58,28.20,,0,0,0,66.6,64.4,63.1,0.42,0.44,0.34
WALT,2017-08-21 18:10:00 EDT,42.23950,-75.17879,1837,76.0,76.4,76.0,72.2,66.4,0.000,0.000,0.00,0.000,3.7,6.2,1.1,217,22,4.0,6.4,1.1,222,23,3.7,6.2,1.1,217,22,27,28.20,,0,0,0,66.7,64.4,63.1,0.43,0.44,0.34
WALT,2017-08-21 18:15:00 EDT,42.23950,-75.17879,1837,75.5,76.1,75.5,73.9,66.6,0.000,0.000,0.00,0.000,2.8,5.3,1.1,207,23,2.8,5.4,1.0,209,22,2.8,5.3,1.1,207,23,36,28.20,,0,0,0,66.6,64.4,63.0,0.42,0.44,0.34
WALT,2017-08-21 18:20:00 EDT,42.23950,-75.17879,1837,75.5,76.1,75.5,74.6,66.8,0.000,0.000,0.00,0.000,2.5,4.7,1.0,209,16,2.7,5.2,1.1,212,15,2.5,4.7,1.0,209,16,49,28.20,,0,0,0,66.6,64.4,63.1,0.43,0.44,0.34
WALT,2017-08-21 18:25:00 EDT,42.23950,-75.17879,1837,75.2,75.9,75.2,74.9,66.7,0.000,0.000,0.00,0.000,2.8,4.9,0.9,201,14,3.1,5.3,1.0,204,13,2.8,4.9,0.9,201,14,61,28.20,,0,0,0,66.6,64.4,63.1,0.42,0.44,0.34
WALT,2017-08-21 18:30:00 EDT,42.23950,-75.17879,1837,74.7,75.6,74.7,76.6,66.9,0.000,0.000,0.00,0.000,2.8,4.6,0.6,194,19,2.9,4.8,0.8,196,18,2.8,4.6,0.6,194,19,63,28.20,,0,0,0,66.6,64.4,63.0,0.43,0.44,0.34
WALT,2017-08-21 18:35:00 EDT,42.23950,-75.17879,1837,75.1,75.8,75.1,76.3,67.2,0.000,0.000,0.00,0.000,2.7,4.2,0.9,192,13,2.9,4.7,0.9,196,13,2.7,4.2,0.9,192,13,55,28.20,,0,0,0,66.6,64.4,63.0,0.43,0.44,0.34
WALT,2017-08-21 18:40:00 EDT,42.23950,-75.17879,1837,75.0,75.6,75.0,76.7,67.2,0.000,0.000,0.00,0.000,3.0,4.9,0.8,192,21,3.2,5.5,1.0,196,22,3.0,4.9,0.8,192,21,54,28.20,,0,0,0,66.6,64.4,63.1,0.43,0.44,0.34
WALT,2017-08-21 18:45:00 EDT,42.23950,-75.17879,1837,74.7,75.3,74.7,77.6,67.2,0.000,0.000,0.00,0.000,3.0,5.4,1.0,200,17,3.3,5.8,1.1,202,16,3.0,5.4,1.0,200,17,55,28.20,,0,0,0,66.6,64.4,63.1,0.43,0.44,0.34
WALT,2017-08-21 18:50:00 EDT,42.23950,-75.17879,1837,74.9,75.5,74.9,76.5,67.0,0.000,0.000,0.00,0.000,3.1,6.8,1.5,194,14,3.3,7.0,1.6,200,13,3.1,6.8,1.5,194,14,42,28.20,,0,0,0,66.6,64.4,63.1,0.43,0.44,0.34
WALT,2017-08-21 18:55:00 EDT,42.23950,-75.17879,1837,74.4,74.9,74.4,77.4,66.9,0.000,0.000,0.00,0.000,2.3,4.5,0.8,212,18,2.4,4.6,0.8,214,17,2.3,4.5,0.8,212,18,30,28.20,,0,0,0,66.7,64.4,63.0,0.43,0.44,0.34
WALT,2017-08-21 19:00:00 EDT,42.23950,-75.17879,1837,73.6,74.4,73.6,79.6,66.9,0.000,0.000,0.00,0.000,2.1,3.8,0.8,194,14,2.3,4.5,0.9,198,14,2.1,3.8,0.8,194,14,25,28.20,,0,0,0,66.6,64.4,63.0,0.43,0.44,0.34
WALT,2017-08-21 19:05:00 EDT,42.23950,-75.17879,1837,73.5,74.6,73.5,80.3,67.1,0.000,0.000,0.00,0.000,2.6,4.0,0.6,187,11,2.9,4.5,0.6,191,13,2.6,4.0,0.6,187,11,18,28.20,,0,0,0,66.7,64.4,63.0,0.43,0.44,0.34
WALT,2017-08-21 19:10:00 EDT,42.23950,-75.17879,1837,73.8,74.8,73.8,80.0,67.2,0.000,0.000,0.00,0.000,3.9,6.1,0.8,178,12,4.4,6.7,0.9,182,11,3.9,6.1,0.8,178,12,14,28.19,,0,0,0,66.7,64.4,63.0,0.43,0.44,0.34
WALT,2017-08-21 19:15:00 EDT,42.23950,-75.17879,1837,73.1,74.2,73.1,81.0,66.9,0.000,0.000,0.00,0.000,2.3,4.5,1.1,197,18,2.5,4.5,1.0,199,17,2.3,4.5,1.1,197,18,14,28.20,,0,0,0,66.7,64.4,63.0,0.42,0.44,0.34
WALT,2017-08-21 19:20:00 EDT,42.23950,-75.17879,1837,72.8,74.2,72.8,82.2,67.1,0.000,0.000,0.00,0.000,2.3,3.9,0.7,186,15,2.4,4.4,0.7,189,18,2.3,3.9,0.7,186,15,14,28.20,,0,0,0,66.6,64.4,63.0,0.43,0.44,0.34
WALT,2017-08-21 19:25:00 EDT,42.23950,-75.17879,1837,71.6,73.0,71.6,84.3,66.6,0.000,0.000,0.00,0.000,0.9,1.4,0.2,270,12,1.2,1.8,0.2,277,13,0.9,1.4,0.2,270,12,16,28.20,,0,0,0,66.6,64.4,63.1,0.43,0.44,0.34
WALT,2017-08-21 19:30:00 EDT,42.23950,-75.17879,1837,70.7,72.0,70.7,89.0,67.3,0.000,0.000,0.00,0.000,0.1,0.7,0.2,277,1,0.7,1.1,0.2,211,37,0.1,0.7,0.2,277,1,16,28.20,,0,0,0,66.6,64.4,63.1,0.43,0.44,0.34
WALT,2017-08-21 19:35:00 EDT,42.23950,-75.17879,1837,71.8,72.3,71.8,88.1,68.1,0.000,0.000,0.00,0.000,0.6,3.1,0.9,267,9,1.1,3.8,0.8,253,35,0.6,3.1,0.9,267,9,13,28.20,,0,0,0,66.6,64.4,63.0,0.43,0.44,0.34
WALT,2017-08-21 19:40:00 EDT,42.23950,-75.17879,1837,70.6,71.4,70.6,89.2,67.3,0.000,0.000,0.00,0.000,6.1,11.8,1.6,292,16,6.6,12.2,1.6,294,13,6.1,11.8,1.6,292,16,10,28.21,,0,0,0,66.6,64.4,63.1,0.43,0.44,0.34
WALT,2017-08-21 19:45:00 EDT,42.23950,-75.17879,1837,71.8,72.4,71.8,84.5,66.9,0.000,0.000,0.00,0.000,4.5,6.8,1.2,237,15,4.8,7.2,1.2,240,16,4.5,6.8,1.2,237,15,9,28.20,,0,0,0,66.6,64.4,63.1,0.43,0.44,0.34
WALT,2017-08-21 19:50:00 EDT,42.23950,-75.17879,1837,72.0,72.5,72.0,83.0,66.5,0.000,0.000,0.00,0.000,4.7,7.0,0.9,254,14,5.2,7.5,1.0,258,13,4.7,7.0,0.9,254,14,8,28.20,,0,0,0,66.6,64.4,63.1,0.43,0.44,0.34
WALT,2017-08-21 19:55:00 EDT,42.23950,-75.17879,1837,71.5,72.2,71.5,83.3,66.2,0.000,0.000,0.00,0.000,3.8,5.4,0.7,268,12,4.1,5.9,0.8,273,12,3.8,5.4,0.7,268,12,7,28.20,,0,0,0,66.6,64.4,63.1,0.43,0.44,0.34
WALT,2017-08-21 20:00:00 EDT,42.23950,-75.17879,1837,70.9,71.6,70.9,85.0,66.2,0.000,0.000,0.00,0.000,2.7,4.5,0.8,241,25,2.9,5.1,0.9,247,25,2.7,4.5,0.8,241,25,3,28.20,,0,0,0,66.6,64.5,63.1,0.43,0.44,0.34
WALT,2017-08-21 20:05:00 EDT,42.23950,-75.17879,1837,70.8,71.3,70.8,86.9,66.8,0.013,0.013,0.00,0.013,2.8,5.9,0.9,223,18,3.0,6.6,1.0,227,17,2.8,5.9,0.9,223,18,1,28.19,,0,0,0,66.6,64.4,63.1,0.43,0.44,0.34
WALT,2017-08-21 20:10:00 EDT,42.23950,-75.17879,1837,70.5,70.8,70.5,89.0,67.1,0.002,0.015,0.00,0.015,1.8,3.9,1.0,229,15,2.1,4.2,1.0,234,24,1.8,3.9,1.0,229,15,1,28.19,,0,0,0,66.6,64.5,63.1,0.43,0.44,0.34
WALT,2017-08-21 20:15:00 EDT,42.23950,-75.17879,1837,69.8,70.5,69.8,90.5,66.9,0.000,0.015,0.00,0.015,1.3,1.8,0.5,39,20,1.6,2.5,0.3,41,22,1.3,1.8,0.5,39,20,1,28.19,,0,0,0,66.6,64.6,63.1,0.43,0.44,0.34
WALT,2017-08-21 20:20:00 EDT,42.23950,-75.17879,1837,69.2,70.8,69.2,91.9,66.8,0.000,0.015,0.00,0.015,2.0,2.8,0.3,69,9,2.5,3.3,0.4,72,9,2.0,2.8,0.3,69,9,1,28.19,,0,0,0,66.6,64.7,63.1,0.43,0.44,0.34
WALT,2017-08-21 20:25:00 EDT,42.23950,-75.17879,1837,68.9,71.1,68.9,92.8,66.8,0.000,0.015,0.00,0.015,1.4,2.1,0.4,47,14,1.5,2.5,0.4,50,13,1.4,2.1,0.4,47,14,0,28.19,,0,0,0,66.6,64.7,63.1,0.43,0.44,0.34
WALT,2017-08-21 20:30:00 EDT,42.23950,-75.17879,1837,69.1,71.1,69.1,92.5,66.8,0.000,0.015,0.00,0.015,1.5,2.3,0.2,70,6,1.9,2.9,0.3,72,8,1.5,2.3,0.2,70,6,1,28.19,,0,0,0,66.6,64.8,63.1,0.43,0.44,0.34
WALT,2017-08-21 20:35:00 EDT,42.23950,-75.17879,1837,68.2,70.7,68.2,92.7,66.0,0.000,0.015,0.00,0.015,1.8,3.1,0.6,140,59,2.1,4.0,0.6,141,58,1.8,3.1,0.6,140,59,1,28.19,,0,0,0,66.5,64.8,63.1,0.43,0.44,0.34
WALT,2017-08-21 20:40:00 EDT,42.23950,-75.17879,1837,67.2,67.8,67.2,96.5,66.2,0.000,0.015,0.00,0.015,2.0,3.1,0.4,233,11,2.1,2.7,0.4,235,11,2.0,3.1,0.4,233,11,1,28.20,,0,0,0,66.5,64.8,63.1,0.43,0.44,0.34
WALT,2017-08-21 20:45:00 EDT,42.23950,-75.17879,1837,67.1,67.6,67.1,97.7,66.4,0.000,0.015,0.00,0.015,0.0,0.6,0.1,215,0,0.4,0.8,0.2,184,54,0.0,0.6,0.1,215,0,1,28.20,,0,0,0,66.5,64.8,63.1,0.43,0.44,0.34
WALT,2017-08-21 20:50:00 EDT,42.23950,-75.17879,1837,67.2,67.7,67.2,98.2,66.7,0.000,0.015,0.00,0.015,0.0,0.1,0.0,77,0,0.6,1.1,0.2,108,43,0.0,0.1,0.0,77,0,0,28.20,,0,0,0,66.5,64.8,63.1,0.43,0.44,0.34
WALT,2017-08-21 20:55:00 EDT,42.23950,-75.17879,1837,67.2,67.8,67.2,98.1,66.6,0.000,0.015,0.00,0.015,0.0,0.0,0.0,0,0,0.3,0.7,0.1,144,49,0.0,0.0,0.0,0,0,1,28.20,,0,0,0,66.5,64.8,63.1,0.43,0.44,0.34
WALT,2017-08-21 21:00:00 EDT,42.23950,-75.17879,1837,66.9,67.6,66.9,97.4,66.1,0.000,0.015,0.00,0.015,0.2,0.9,0.3,224,5,0.7,1.4,0.3,229,56,0.2,0.9,0.3,224,5,1,28.20,,0,0,0,66.5,64.8,63.1,0.43,0.44,0.34
WALT,2017-08-21 21:05:00 EDT,42.23950,-75.17879,1837,66.8,67.4,66.8,98.3,66.4,0.000,0.015,0.00,0.002,0.0,0.0,0.0,0,0,0.4,0.8,0.2,226,29,0.0,0.0,0.0,0,0,0,28.20,,0,0,0,66.5,64.8,63.1,0.43,0.44,0.34
WALT,2017-08-21 21:10:00 EDT,42.23950,-75.17879,1837,66.7,67.2,66.7,98.7,66.4,0.000,0.015,0.00,0.000,0.0,0.0,0.0,0,0,0.4,0.8,0.2,210,32,0.0,0.0,0.0,0,0,1,28.20,,0,0,0,66.5,64.8,63.1,0.43,0.44,0.34
WALT,2017-08-21 21:15:00 EDT,42.23950,-75.17879,1837,66.5,66.9,66.5,98.9,66.1,0.000,0.015,0.00,0.000,0.0,0.0,0.0,0,0,0.4,0.7,0.1,186,34,0.0,0.0,0.0,0,0,0,28.20,,0,0,0,66.5,64.8,63.1,0.43,0.44,0.34
WALT,2017-08-21 21:20:00 EDT,42.23950,-75.17879,1837,66.8,67.0,66.8,99.2,66.6,0.000,0.015,0.00,0.000,0.0,0.0,0.0,0,0,0.6,0.8,0.1,132,18,0.0,0.0,0.0,0,0,0,28.20,,0,0,0,66.5,64.8,63.1,0.43,0.44,0.34
WALT,2017-08-21 21:25:00 EDT,42.23950,-75.17879,1837,66.5,67.0,66.5,99.1,66.2,0.000,0.015,0.00,0.000,0.2,1.6,0.5,235,1,0.6,2.0,0.5,220,28,0.2,1.6,0.5,235,1,0,28.20,,0,0,0,66.5,64.8,63.1,0.43,0.44,0.34
WALT,2017-08-21 21:30:00 EDT,42.23950,-75.17879,1837,65.6,66.2,65.6,99.0,65.3,0.000,0.015,0.00,0.000,1.3,1.8,0.2,229,9,1.4,1.8,0.2,227,12,1.3,1.8,0.2,229,9,0,28.20,,0,0,0,66.5,64.8,63.1,0.43,0.44,0.34
WALT,2017-08-21 21:35:00 EDT,42.23950,-75.17879,1837,65.6,66.2,65.6,98.9,65.3,0.000,0.015,0.00,0.000,1.0,2.1,0.4,179,18,1.3,2.6,0.4,179,15,1.0,2.1,0.4,179,18,0,28.20,,0,0,0,66.5,64.8,63.1,0.43,0.44,0.34
WALT,2017-08-21 21:40:00 EDT,42.23950,-75.17879,1837,65.3,66.0,65.3,99.2,65.1,0.000,0.015,0.00,0.000,0.8,1.9,0.8,236,22,1.2,2.3,0.6,243,44,0.8,1.9,0.8,236,22,0,28.20,,0,0,0,66.5,64.8,63.1,0.43,0.44,0.34
WALT,2017-08-21 21:45:00 EDT,42.23950,-75.17879,1837,65.1,65.4,65.1,99.2,64.8,0.000,0.015,0.00,0.000,0.1,0.7,0.2,305,23,0.7,1.4,0.3,307,59,0.1,0.7,0.2,305,23,0,28.20,,0,0,0,66.4,64.8,63.1,0.43,0.44,0.34
WALT,2017-08-21 21:50:00 EDT,42.23950,-75.17879,1837,65.0,65.5,65.0,99.2,64.8,0.000,0.015,0.00,0.000,0.4,0.9,0.4,21,31,0.8,1.4,0.3,356,50,0.4,0.9,0.4,21,31,0,28.21,,0,0,0,66.4,64.8,63.1,0.43,0.44,0.34
WALT,2017-08-21 21:55:00 EDT,42.23950,-75.17879,1837,65.0,65.5,65.0,99.4,64.8,0.000,0.015,0.00,0.000,0.0,0.0,0.0,0,0,0.5,1.2,0.3,341,64,0.0,0.0,0.0,0,0,0,28.21,,0,0,0,66.3,64.8,63.1,0.43,0.44,0.34
WALT,2017-08-21 22:00:00 EDT,42.23950,-75.17879,1837,65.2,65.4,65.2,99.5,65.0,0.000,0.015,0.00,0.000,0.2,1.5,0.4,274,0,0.7,1.8,0.4,283,21,0.2,1.5,0.4,274,0,0,28.21,,0,0,0,66.2,64.8,63.1,0.43,0.44,0.34
WALT,2017-08-21 22:05:00 EDT,42.23950,-75.17879,1837,64.6,64.8,64.6,99.4,64.4,0.000,0.015,0.00,0.000,0.1,1.5,0.4,244,1,0.5,1.7,0.4,284,43,0.1,1.5,0.4,244,1,0,28.21,,0,0,0,66.3,64.8,63.1,0.43,0.44,0.34
WALT,2017-08-21 22:10:00 EDT,42.23950,-75.17879,1837,64.2,64.6,64.2,99.4,64.0,0.000,0.015,0.00,0.000,0.1,1.2,0.3,47,0,0.5,1.3,0.3,44,44,0.1,1.2,0.3,47,0,0,28.21,,0,0,0,66.2,64.8,63.1,0.43,0.44,0.34
WALT,2017-08-21 22:15:00 EDT,42.23950,-75.17879,1837,65.1,65.8,65.1,99.6,65.0,0.000,0.015,0.00,0.000,1.2,1.7,0.3,10,21,1.6,2.3,0.3,12,16,1.2,1.7,0.3,10,21,0,28.21,,0,0,0,66.2,64.8,63.1,0.43,0.44,0.34
WALT,2017-08-21 22:20:00 EDT,42.23950,-75.17879,1837,65.5,66.2,65.5,99.7,65.4,0.000,0.015,0.00,0.000,0.6,1.3,0.4,349,5,1.2,2.0,0.4,1,12,0.6,1.3,0.4,349,5,0,28.20,,0,0,0,66.2,64.8,63.1,0.43,0.44,0.34
WALT,2017-08-21 22:25:00 EDT,42.23950,-75.17879,1837,64.5,66.1,64.5,99.6,64.4,0.000,0.015,0.00,0.000,0.6,1.5,0.5,356,5,1.1,2.1,0.5,10,20,0.6,1.5,0.5,356,5,0,28.20,,0,0,0,66.1,64.8,63.1,0.43,0.44,0.34
WALT,2017-08-21 22:30:00 EDT,42.23950,-75.17879,1837,64.1,65.3,64.1,99.4,63.9,0.000,0.015,0.00,0.000,0.2,1.3,0.3,17,4,0.7,1.7,0.4,43,31,0.2,1.3,0.3,17,4,0,28.20,,0,0,0,66.1,64.8,63.1,0.43,0.44,0.34
WALT,2017-08-21 22:35:00 EDT,42.23950,-75.17879,1837,64.4,65.5,64.4,99.6,64.3,0.000,0.015,0.00,0.000,0.4,1.5,0.5,333,45,0.7,1.7,0.5,274,67,0.4,1.5,0.5,333,45,0,28.20,,0,0,0,66.1,64.8,63.1,0.43,0.44,0.34
WALT,2017-08-21 22:40:00 EDT,42.23950,-75.17879,1837,64.5,64.9,64.5,99.6,64.4,0.000,0.015,0.00,0.000,0.1,0.9,0.2,243,0,0.4,1.1,0.3,283,45,0.1,0.9,0.2,243,0,0,28.20,,0,0,0,66.0,64.8,63.1,0.43,0.44,0.34
WALT,2017-08-21 22:45:00 EDT,42.23950,-75.17879,1837,64.6,65.2,64.6,99.7,64.5,0.000,0.015,0.00,0.000,0.2,1.1,0.3,52,9,0.6,1.7,0.4,55,26,0.2,1.1,0.3,52,9,0,28.20,,0,0,0,66.0,64.8,63.1,0.43,0.44,0.34
WALT,2017-08-21 22:50:00 EDT,42.23950,-75.17879,1837,64.8,65.1,64.8,99.7,64.7,0.000,0.015,0.00,0.000,0.2,1.3,0.4,242,1,0.6,1.7,0.4,213,61,0.2,1.3,0.4,242,1,0,28.20,,0,0,0,66.0,64.8,63.1,0.43,0.44,0.34
WALT,2017-08-21 22:55:00 EDT,42.23950,-75.17879,1837,64.9,65.5,64.9,99.7,64.9,0.000,0.015,0.00,0.000,0.0,0.0,0.0,0,0,0.4,0.9,0.2,68,59,0.0,0.0,0.0,0,0,0,28.20,,0,0,0,66.0,64.8,63.1,0.43,0.44,0.34
WALT,2017-08-21 23:00:00 EDT,42.23950,-75.17879,1837,64.7,66.1,64.7,99.7,64.6,0.000,0.015,0.00,0.000,0.1,1.1,0.3,234,9,0.6,1.6,0.4,237,55,0.1,1.1,0.3,234,9,0,28.20,,0,0,0,66.0,64.8,63.1,0.43,0.44,0.34
WALT,2017-08-21 23:05:00 EDT,42.23950,-75.17879,1837,63.7,64.6,63.7,99.6,63.6,0.000,0.015,0.00,0.000,0.3,1.8,0.6,242,2,0.8,1.9,0.5,245,45,0.3,1.8,0.6,242,2,0,28.20,,0,0,0,65.9,64.8,63.1,0.43,0.44,0.34
WALT,2017-08-21 23:10:00 EDT,42.23950,-75.17879,1837,64.0,64.9,64.0,99.7,63.9,0.000,0.015,0.00,0.000,0.2,1.2,0.4,20,5,0.7,1.5,0.4,28,24,0.2,1.2,0.4,20,5,0,28.20,,0,0,0,65.9,64.8,63.1,0.43,0.44,0.34
WALT,2017-08-21 23:15:00 EDT,42.23950,-75.17879,1837,63.8,64.7,63.8,99.7,63.7,0.000,0.015,0.00,0.000,0.2,1.1,0.3,360,7,0.7,1.8,0.4,7,31,0.2,1.1,0.3,360,7,0,28.20,,0,0,0,65.9,64.8,63.1,0.43,0.44,0.34
WALT,2017-08-21 23:20:00 EDT,42.23950,-75.17879,1837,64.5,65.7,64.5,99.8,64.4,0.000,0.015,0.00,0.000,0.3,1.2,0.4,26,4,0.8,1.4,0.3,36,39,0.3,1.2,0.4,26,4,0,28.20,,0,0,0,65.9,64.8,63.1,0.43,0.44,0.34
WALT,2017-08-21 23:25:00 EDT,42.23950,-75.17879,1837,64.1,64.9,64.1,99.8,64.0,0.000,0.015,0.00,0.000,0.0,0.6,0.1,320,0,0.5,1.3,0.3,2,58,0.0,0.6,0.1,320,0,0,28.20,,0,0,0,65.9,64.8,63.1,0.43,0.44,0.34
WALT,2017-08-21 23:30:00 EDT,42.23950,-75.17879,1837,64.9,65.6,64.9,99.8,64.8,0.000,0.015,0.00,0.000,0.6,1.2,0.5,73,11,1.1,1.7,0.4,68,27,0.6,1.2,0.5,73,11,0,28.20,,0,0,0,65.9,64.9,63.1,0.43,0.44,0.34
WALT,2017-08-21 23:35:00 EDT,42.23950,-75.17879,1837,63.7,65.3,63.7,99.7,63.7,0.000,0.015,0.00,0.000,0.1,1.1,0.3,357,26,0.6,1.6,0.3,276,70,0.1,1.1,0.3,357,26,0,28.20,,0,0,0,65.9,64.9,63.1,0.43,0.44,0.34
WALT,2017-08-21 23:40:00 EDT,42.23950,-75.17879,1837,64.2,65.7,64.2,99.8,64.2,0.000,0.015,0.00,0.000,0.0,0.6,0.1,108,3,0.5,1.2,0.3,137,55,0.0,0.6,0.1,108,3,0,28.20,,0,0,0,65.8,64.8,63.1,0.43,0.44,0.34
WALT,2017-08-21 23:45:00 EDT,42.23950,-75.17879,1837,63.9,65.1,63.9,99.8,63.9,0.000,0.015,0.00,0.000,0.1,0.8,0.2,277,1,0.7,1.3,0.2,292,36,0.1,0.8,0.2,277,1,0,28.19,,0,0,0,65.8,64.8,63.1,0.43,0.44,0.34
WALT,2017-08-21 23:50:00 EDT,42.23950,-75.17879,1837,63.4,64.4,63.4,99.8,63.3,0.000,0.015,0.00,0.000,0.0,0.0,0.0,0,0,0.6,1.1,0.2,8,35,0.0,0.0,0.0,0,0,0,28.19,,0,0,0,65.7,64.9,63.1,0.43,0.44,0.34
WALT,2017-08-21 23:55:00 EDT,42.23950,-75.17879,1837,64.8,65.8,64.8,99.9,64.8,0.000,0.015,0.00,0.000,1.0,2.0,0.5,39,9,1.3,2.1,0.4,43,9,1.0,2.0,0.5,39,9,0,28.19,,0,0,0,65.7,65.0,63.1,0.43,0.44,0.34
WANT,2017-08-21 00:00:00 EDT,40.65510,-73.50616,28,71.6,73.7,71.6,75.0,63.2,0.000,0.000,0.00,0.000,3.3,4.1,0.3,228,5,3.3,4.3,0.4,234,5,3.3,4.1,0.3,228,5,0,30.13,,0,0,0,77.7,78.1,75.6,0.04,0.00,0.01
WANT,2017-08-21 00:05:00 EDT,40.65510,-73.50616,28,71.2,73.8,71.2,75.8,63.2,0.000,0.000,0.00,0.000,3.1,3.6,0.2,237,2,3.2,3.7,0.2,243,3,3.1,3.6,0.2,237,2,0,30.13,,0,0,0,77.7,78.1,75.6,0.04,0.00,0.01
WANT,2017-08-21 00:10:00 EDT,40.65510,-73.50616,28,71.6,73.6,71.6,76.6,63.9,0.000,0.000,0.00,0.000,2.8,3.1,0.1,234,6,2.9,3.3,0.2,239,7,2.8,3.1,0.1,234,6,0,30.13,,0,0,0,77.7,78.1,75.6,0.04,0.00,0.01
WANT,2017-08-21 00:15:00 EDT,40.65510,-73.50616,28,72.5,73.8,72.5,75.8,64.4,0.000,0.000,0.00,0.000,2.2,2.7,0.3,213,8,2.2,2.8,0.2,221,7,2.2,2.7,0.3,213,8,0,30.13,,0,0,0,77.5,78.1,75.6,0.04,0.00,0.01
WANT,2017-08-21 00:20:00 EDT,40.65510,-73.50616,28,72.3,73.7,72.3,73.8,63.5,0.000,0.000,0.00,0.000,2.0,2.6,0.3,203,5,2.0,2.6,0.2,212,5,2.0,2.6,0.3,203,5,0,30.13,,0,0,0,77.2,78.1,75.6,0.04,0.00,0.01
WANT,2017-08-21 00:25:00 EDT,40.65510,-73.50616,28,71.7,73.6,71.7,73.9,63.0,0.000,0.000,0.00,0.000,2.7,4.6,0.8,194,9,3.0,5.1,0.9,200,9,2.7,4.6,0.8,194,9,0,30.13,,0,0,0,77.2,78.1,75.6,0.04,0.00,0.01
WANT,2017-08-21 00:30:00 EDT,40.65510,-73.50616,28,71.6,73.7,71.6,76.0,63.6,0.000,0.000,0.00,0.000,3.4,4.2,0.5,194,4,3.7,4.7,0.7,200,6,3.4,4.2,0.5,194,4,0,30.13,,0,0,0,77.2,78.1,75.6,0.04,0.00,0.01
WANT,2017-08-21 00:35:00 EDT,40.65510,-73.50616,28,71.4,73.5,71.4,76.1,63.5,0.000,0.000,0.00,0.000,3.0,3.7,0.4,198,4,3.1,3.9,0.4,205,5,3.0,3.7,0.4,198,4,0,30.13,,0,0,0,77.2,78.1,75.6,0.04,0.00,0.01
WANT,2017-08-21 00:40:00 EDT,40.65510,-73.50616,28,71.3,73.3,71.3,77.6,63.9,0.000,0.000,0.00,0.000,3.0,3.4,0.2,200,3,3.1,3.8,0.3,207,4,3.0,3.4,0.2,200,3,0,30.13,,0,0,0,77.2,78.1,75.6,0.04,0.00,0.01
WANT,2017-08-21 00:45:00 EDT,40.65510,-73.50616,28,70.7,73.3,70.7,78.5,63.7,0.000,0.000,0.00,0.000,3.7,4.7,0.5,197,3,3.9,5.1,0.6,203,4,3.7,4.7,0.5,197,3,0,30.13,,0,0,0,77.2,78.1,75.6,0.04,0.00,0.01
WANT,2017-08-21 00:50:00 EDT,40.65510,-73.50616,28,70.6,72.9,70.6,80.9,64.5,0.000,0.000,0.00,0.000,3.9,4.7,0.4,216,8,4.1,5.1,0.5,224,8,3.9,4.7,0.4,216,8,0,30.13,,0,0,0,77.2,78.1,75.6,0.04,0.00,0.01
WANT,2017-08-21 00:55:00 EDT,40.65510,-73.50616,28,70.4,72.9,70.4,82.0,64.6,0.000,0.000,0.00,0.000,3.4,3.9,0.2,230,5,3.5,4.4,0.3,236,5,3.4,3.9,0.2,230,5,0,30.13,,0,0,0,77.1,78.1,75.6,0.04,0.00,0.01
WANT,2017-08-21 01:00:00 EDT,40.65510,-73.50616,28,70.8,73.0,70.8,83.4,65.5,0.000,0.000,0.00,0.000,2.6,3.4,0.4,220,12,2.6,3.5,0.4,226,11,2.6,3.4,0.4,220,12,0,30.13,,0,0,0,76.8,78.1,75.6,0.04,0.00,0.01
WANT,2017-08-21 01:05:00 EDT,40.65510,-73.50616,28,71.4,72.7,71.4,83.2,66.1,0.000,0.000,0.00,0.000,3.1,3.9,0.4,206,4,3.1,4.0,0.5,214,5,3.1,3.9,0.4,206,4,0,30.13,,0,0,0,76.8,78.1,75.6,0.04,0.00,0.01
WANT,2017-08-21 01:10:00 EDT,40.65510,-73.50616,28,71.5,72.6,71.5,82.1,65.8,0.000,0.000,0.00,0.000,3.5,3.9,0.2,209,4,3.5,4.3,0.3,216,4,3.5,3.9,0.2,209,4,0,30.13,,0,0,0,76.8,78.1,75.6,0.04,0.00,0.01
WANT,2017-08-21 01:15:00 EDT,40.65510,-73.50616,28,70.6,72.3,70.6,82.3,65.0,0.000,0.000,0.00,0.000,3.3,4.5,0.5,228,10,3.4,4.7,0.5,235,10,3.3,4.5,0.5,228,10,0,30.13,,0,0,0,76.8,78.1,75.6,0.04,0.00,0.01
WANT,2017-08-21 01:20:00 EDT,40.65510,-73.50616,28,69.8,72.1,69.8,83.4,64.5,0.000,0.000,0.00,0.000,2.5,3.0,0.3,243,4,2.7,3.2,0.3,251,5,2.5,3.0,0.3,243,4,0,30.13,,0,0,0,76.8,78.1,75.6,0.04,0.00,0.01
WANT,2017-08-21 01:25:00 EDT,40.65510,-73.50616,28,70.1,71.9,70.1,84.7,65.3,0.000,0.000,0.00,0.000,2.2,2.6,0.2,262,4,2.5,3.0,0.2,272,5,2.2,2.6,0.2,262,4,0,30.13,,0,0,0,76.8,78.1,75.6,0.04,0.00,0.01
WANT,2017-08-21 01:30:00 EDT,40.65510,-73.50616,28,70.5,71.8,70.5,84.8,65.7,0.000,0.000,0.00,0.000,2.1,2.5,0.2,267,3,2.5,2.9,0.2,275,5,2.1,2.5,0.2,267,3,0,30.13,,0,0,0,76.7,78.0,75.6,0.04,0.00,0.01
WANT,2017-08-21 01:35:00 EDT,40.65510,-73.50616,28,70.6,71.7,70.6,83.9,65.5,0.000,0.000,0.00,0.000,1.9,2.2,0.1,263,1,2.2,2.6,0.2,270,4,1.9,2.2,0.1,263,1,0,30.13,,0,0,0,76.5,78.0,75.6,0.04,0.00,0.01
WANT,2017-08-21 01:40:00 EDT,40.65510,-73.50616,28,70.8,71.8,70.8,83.3,65.4,0.000,0.000,0.00,0.000,2.0,2.2,0.1,247,4,2.2,2.6,0.2,252,6,2.0,2.2,0.1,247,4,0,30.13,,0,0,0,76.5,77.9,75.6,0.04,0.00,0.01
WANT,2017-08-21 01:45:00 EDT,40.65510,-73.50616,28,71.1,72.2,71.1,83.0,65.7,0.000,0.000,0.00,0.000,2.2,2.6,0.2,238,1,2.3,2.9,0.2,246,3,2.2,2.6,0.2,238,1,0,30.13,,0,0,0,76.5,77.9,75.6,0.04,0.00,0.01
WANT,2017-08-21 01:50:00 EDT,40.65510,-73.50616,28,70.4,72.1,70.4,82.4,64.8,0.000,0.000,0.00,0.000,2.2,2.8,0.2,240,4,2.4,3.4,0.3,249,4,2.2,2.8,0.2,240,4,0,30.13,,0,0,0,76.5,77.8,75.6,0.04,0.00,0.01
WANT,2017-08-21 01:55:00 EDT,40.65510,-73.50616,28,69.0,72.0,69.0,82.7,63.6,0.000,0.000,0.00,0.000,2.5,3.1,0.2,251,2,2.8,3.7,0.2,258,4,2.5,3.1,0.2,251,2,0,30.13,,0,0,0,76.5,77.7,75.6,0.04,0.00,0.01
WANT,2017-08-21 02:00:00 EDT,40.65510,-73.50616,28,69.8,72.0,69.8,83.3,64.5,0.000,0.000,0.00,0.000,2.3,2.7,0.2,251,0,2.6,3.1,0.2,258,3,2.3,2.7,0.2,251,0,0,30.13,,0,0,0,76.5,77.7,75.6,0.03,0.00,0.01
WANT,2017-08-21 02:05:00 EDT,40.65510,-73.50616,28,70.3,71.9,70.3,82.8,64.8,0.000,0.000,0.00,0.000,2.2,2.5,0.2,254,3,2.5,2.9,0.2,263,6,2.2,2.5,0.2,254,3,0,30.14,,0,0,0,76.5,77.7,75.6,0.04,0.00,0.01
WANT,2017-08-21 02:10:00 EDT,40.65510,-73.50616,28,70.0,71.8,70.0,82.4,64.4,0.000,0.000,0.00,0.000,2.1,2.3,0.1,259,2,2.3,2.7,0.1,271,3,2.1,2.3,0.1,259,2,0,30.14,,0,0,0,76.5,77.7,75.6,0.04,0.00,0.01
WANT,2017-08-21 02:15:00 EDT,40.65510,-73.50616,28,70.3,71.9,70.3,81.9,64.5,0.000,0.000,0.00,0.000,1.6,2.0,0.2,265,1,1.9,2.5,0.2,276,3,1.6,2.0,0.2,265,1,0,30.13,,0,0,0,76.5,77.7,75.6,0.03,0.00,0.01
WANT,2017-08-21 02:20:00 EDT,40.65510,-73.50616,28,70.3,71.7,70.3,81.5,64.4,0.000,0.000,0.00,0.000,1.0,1.5,0.2,264,3,1.3,1.7,0.2,262,6,1.0,1.5,0.2,264,3,0,30.14,,0,0,0,76.4,77.7,75.6,0.04,0.00,0.01
WANT,2017-08-21 02:25:00 EDT,40.65510,-73.50616,28,70.0,71.6,70.0,81.5,64.1,0.000,0.000,0.00,0.000,1.5,1.7,0.1,259,0,1.8,2.0,0.1,262,4,1.5,1.7,0.1,259,0,0,30.14,,0,0,0,76.0,77.7,75.6,0.04,0.00,0.01
WANT,2017-08-21 02:30:00 EDT,40.65510,-73.50616,28,70.0,71.6,70.0,81.3,64.0,0.000,0.000,0.00,0.000,1.8,1.9,0.1,249,6,1.9,2.2,0.1,245,6,1.8,1.9,0.1,249,6,0,30.14,,0,0,0,75.9,77.7,75.6,0.04,0.00,0.01
WANT,2017-08-21 02:35:00 EDT,40.65510,-73.50616,28,70.2,71.6,70.2,80.7,64.0,0.000,0.000,0.00,0.000,1.3,1.8,0.3,240,0,1.4,1.9,0.2,238,2,1.3,1.8,0.3,240,0,0,30.14,,0,0,0,75.9,77.7,75.6,0.04,0.00,0.01
WANT,2017-08-21 02:40:00 EDT,40.65510,-73.50616,28,70.2,71.7,70.2,80.3,63.8,0.000,0.000,0.00,0.000,0.4,0.9,0.2,240,0,0.7,1.1,0.3,238,7,0.4,0.9,0.2,240,0,0,30.13,,0,0,0,75.9,77.7,75.6,0.04,0.00,0.01
WANT,2017-08-21 02:45:00 EDT,40.65510,-73.50616,28,68.6,71.7,68.6,81.4,62.7,0.000,0.000,0.00,0.000,0.0,0.1,0.0,240,0,0.0,0.0,0.0,0,0,0.0,0.1,0.0,240,0,0,30.13,,0,0,0,75.9,77.7,75.6,0.04,0.00,0.01
WANT,2017-08-21 02:50:00 EDT,40.65510,-73.50616,28,67.6,71.0,67.6,84.5,62.8,0.000,0.000,0.00,0.000,0.0,0.0,0.0,0,0,0.2,0.9,0.3,336,5,0.0,0.0,0.0,0,0,0,30.13,,0,0,0,75.9,77.7,75.6,0.04,0.00,0.01
WANT,2017-08-21 02:55:00 EDT,40.65510,-73.50616,28,67.7,70.9,67.7,85.4,63.1,0.000,0.000,0.00,0.000,0.0,0.0,0.0,0,0,0.1,1.0,0.2,353,2,0.0,0.0,0.0,0,0,0,30.13,,0,0,0,75.9,77.7,75.6,0.04,0.00,0.01
WANT,2017-08-21 03:00:00 EDT,40.65510,-73.50616,28,67.6,71.3,67.6,86.0,63.3,0.000,0.000,0.00,0.000,0.0,0.0,0.0,0,0,0.1,0.9,0.3,332,2,0.0,0.0,0.0,0,0,0,30.13,,0,0,0,75.9,77.7,75.6,0.04,0.00,0.01
WANT,2017-08-21 03:05:00 EDT,40.65510,-73.50616,28,67.8,71.4,67.8,85.8,63.4,0.000,0.000,0.00,0.000,0.0,0.0,0.0,0,0,0.7,0.9,0.3,319,15,0.0,0.0,0.0,0,0,0,30.13,,0,0,0,75.8,77.7,75.6,0.03,0.00,0.01
WANT,2017-08-21 03:10:00 EDT,40.65510,-73.50616,28,67.5,71.3,67.5,85.6,63.0,0.000,0.000,0.00,0.000,1.3,2.8,1.0,235,5,1.6,2.8,0.7,247,19,1.3,2.8,1.0,235,5,0,30.13,,0,0,0,75.6,77.7,75.6,0.04,0.00,0.01
WANT,2017-08-21 03:15:00 EDT,40.65510,-73.50616,28,67.3,71.1,67.3,85.6,62.8,0.000,0.000,0.00,0.000,2.0,2.8,0.3,234,11,2.1,2.7,0.2,243,11,2.0,2.8,0.3,234,11,0,30.13,,0,0,0,75.6,77.7,75.6,0.04,0.00,0.01
WANT,2017-08-21 03:20:00 EDT,40.65510,-73.50616,28,67.1,71.2,67.1,86.0,62.8,0.000,0.000,0.00,0.000,2.4,2.7,0.2,245,6,2.5,2.8,0.1,253,8,2.4,2.7,0.2,245,6,0,30.13,,0,0,0,75.6,77.7,75.6,0.04,0.00,0.01
WANT,2017-08-21 03:25:00 EDT,40.65510,-73.50616,28,67.7,71.6,67.7,86.2,63.4,0.000,0.000,0.00,0.000,2.2,2.5,0.1,254,2,2.5,2.8,0.1,264,4,2.2,2.5,0.1,254,2,0,30.13,,0,0,0,75.6,77.7,75.6,0.04,0.00,0.01
WANT,2017-08-21 03:30:00 EDT,40.65510,-73.50616,28,67.5,71.9,67.5,85.2,62.9,0.000,0.000,0.00,0.000,2.3,2.5,0.1,256,2,2.5,2.8,0.1,263,5,2.3,2.5,0.1,256,2,0,30.13,,0,0,0,75.6,77.5,75.6,0.04,0.00,0.01
WANT,2017-08-21 03:35:00 EDT,40.65510,-73.50616,28,67.4,71.6,67.4,85.1,62.8,0.000,0.000,0.00,0.000,2.2,2.3,0.1,259,0,2.4,2.7,0.1,263,3,2.2,2.3,0.1,259,0,0,30.13,,0,0,0,75.6,77.3,75.6,0.04,0.00,0.01
WANT,2017-08-21 03:40:00 EDT,40.65510,-73.50616,28,67.3,71.1,67.3,85.3,62.7,0.000,0.000,0.00,0.000,1.8,2.3,0.4,257,2,2.1,2.6,0.4,260,4,1.8,2.3,0.4,257,2,0,30.13,,0,0,0,75.6,77.3,75.6,0.04,0.00,0.01
WANT,2017-08-21 03:45:00 EDT,40.65510,-73.50616,28,67.2,70.1,67.2,85.8,62.8,0.000,0.000,0.00,0.000,0.8,1.8,0.4,233,26,1.3,1.9,0.2,226,20,0.8,1.8,0.4,233,26,0,30.13,,0,0,0,75.6,77.2,75.6,0.03,0.00,0.01
WANT,2017-08-21 03:50:00 EDT,40.65510,-73.50616,28,67.6,70.2,67.6,86.0,63.3,0.000,0.000,0.00,0.000,0.8,1.6,0.4,198,18,1.1,1.7,0.3,211,19,0.8,1.6,0.4,198,18,0,30.13,,0,0,0,75.6,77.2,75.6,0.04,0.00,0.01
WANT,2017-08-21 03:55:00 EDT,40.65510,-73.50616,28,67.4,70.2,67.4,85.8,63.0,0.000,0.000,0.00,0.000,0.6,1.4,0.5,215,2,0.9,1.4,0.3,234,14,0.6,1.4,0.5,215,2,0,30.13,,0,0,0,75.6,77.2,75.6,0.04,0.00,0.01
WANT,2017-08-21 04:00:00 EDT,40.65510,-73.50616,28,66.9,70.2,66.9,86.4,62.7,0.000,0.000,0.00,0.000,0.2,1.0,0.3,315,3,0.5,1.3,0.5,306,19,0.2,1.0,0.3,315,3,0,30.13,,0,0,0,75.5,77.2,75.6,0.04,0.00,0.01
WANT,2017-08-21 04:05:00 EDT,40.65510,-73.50616,28,66.6,69.8,66.6,87.0,62.6,0.000,0.000,0.00,0.000,0.2,0.7,0.3,314,0,0.3,0.9,0.4,330,6,0.2,0.7,0.3,314,0,0,30.13,,0,0,0,75.3,77.2,75.6,0.03,0.00,0.01
WANT,2017-08-21 04:10:00 EDT,40.65510,-73.50616,28,66.3,69.5,66.3,87.5,62.5,0.000,0.000,0.00,0.000,0.1,0.7,0.2,340,0,0.3,1.3,0.4,355,10,0.1,0.7,0.2,340,0,0,30.13,,0,0,0,75.1,77.2,75.6,0.03,0.00,0.01
WANT,2017-08-21 04:15:00 EDT,40.65510,-73.50616,28,66.7,69.7,66.7,88.2,63.1,0.000,0.000,0.00,0.000,0.3,0.9,0.3,326,2,0.6,1.3,0.4,297,21,0.3,0.9,0.3,326,2,0,30.13,,0,0,0,75.0,77.2,75.6,0.03,0.00,0.01
WANT,2017-08-21 04:20:00 EDT,40.65510,-73.50616,28,67.0,70.0,67.0,87.7,63.2,0.000,0.000,0.00,0.000,0.0,0.6,0.1,322,0,0.2,0.9,0.3,307,7,0.0,0.6,0.1,322,0,0,30.14,,0,0,0,75.0,77.2,75.6,0.03,0.00,0.01
WANT,2017-08-21 04:25:00 EDT,40.65510,-73.50616,28,66.3,69.8,66.3,87.4,62.5,0.000,0.000,0.00,0.000,1.0,1.7,0.6,350,14,1.5,2.2,0.6,1,8,1.0,1.7,0.6,350,14,0,30.14,,0,0,0,75.0,77.2,75.6,0.03,0.00,0.01
WANT,2017-08-21 04:30:00 EDT,40.65510,-73.50616,28,66.2,69.5,66.2,88.2,62.6,0.000,0.000,0.00,0.000,1.7,2.5,0.3,352,10,2.2,3.1,0.3,355,10,1.7,2.5,0.3,352,10,0,30.14,,0,0,0,75.0,77.2,75.6,0.04,0.00,0.01
WANT,2017-08-21 04:35:00 EDT,40.65510,-73.50616,28,66.2,69.9,66.2,88.6,62.8,0.000,0.000,0.00,0.000,1.6,2.4,0.4,342,7,2.1,3.4,0.6,349,11,1.6,2.4,0.4,342,7,0,30.14,,0,0,0,75.0,77.2,75.6,0.04,0.00,0.01
WANT,2017-08-21 04:40:00 EDT,40.65510,-73.50616,28,66.3,69.8,66.3,88.7,62.9,0.000,0.000,0.00,0.000,2.0,2.3,0.2,339,3,2.4,3.3,0.3,344,7,2.0,2.3,0.2,339,3,0,30.14,,0,0,0,75.0,77.2,75.6,0.03,0.00,0.01
WANT,2017-08-21 04:45:00 EDT,40.65510,-73.50616,28,66.2,69.3,66.2,88.9,62.8,0.000,0.000,0.00,0.000,1.9,2.3,0.2,346,5,2.5,3.2,0.3,354,8,1.9,2.3,0.2,346,5,0,30.14,,0,0,0,75.0,77.2,75.6,0.04,0.00,0.01
WANT,2017-08-21 04:50:00 EDT,40.65510,-73.50616,28,66.3,68.6,66.3,89.0,63.0,0.000,0.000,0.00,0.000,1.9,2.3,0.3,344,3,2.4,3.1,0.4,350,8,1.9,2.3,0.3,344,3,0,30.14,,0,0,0,75.0,77.2,75.6,0.03,0.00,0.01
WANT,2017-08-21 04:55:00 EDT,40.65510,-73.50616,28,66.2,68.6,66.2,88.9,62.9,0.000,0.000,0.00,0.000,1.2,1.8,0.3,359,8,1.6,2.1,0.3,5,9,1.2,1.8,0.3,359,8,0,30.14,,0,0,0,74.9,77.2,75.6,0.03,0.00,0.01
WANT,2017-08-21 05:00:00 EDT,40.65510,-73.50616,28,66.3,68.4,66.3,88.9,62.9,0.000,0.000,0.00,0.000,1.0,1.8,0.4,354,6,1.3,2.1,0.6,352,12,1.0,1.8,0.4,354,6,0,30.14,,0,0,0,74.7,77.2,75.6,0.03,0.00,0.01
WANT,2017-08-21 05:05:00 EDT,40.65510,-73.50616,28,67.1,69.2,67.1,89.0,63.8,0.000,0.000,0.00,0.000,0.0,0.0,0.0,0,0,0.3,1.0,0.4,263,7,0.0,0.0,0.0,0,0,0,30.14,,0,0,0,74.7,77.2,75.6,0.03,0.00,0.01
WANT,2017-08-21 05:10:00 EDT,40.65510,-73.50616,28,67.1,69.8,67.1,88.9,63.7,0.000,0.000,0.00,0.000,0.0,0.0,0.0,0,0,0.6,1.1,0.3,264,12,0.0,0.0,0.0,0,0,0,30.14,,0,0,0,74.7,77.2,75.6,0.03,0.00,0.01
WANT,2017-08-21 05:15:00 EDT,40.65510,-73.50616,28,66.8,69.9,66.8,88.4,63.3,0.000,0.000,0.00,0.000,0.0,0.4,0.1,274,0,0.5,1.2,0.4,261,10,0.0,0.4,0.1,274,0,0,30.14,,0,0,0,74.7,77.2,75.6,0.03,0.00,0.01
WANT,2017-08-21 05:20:00 EDT,40.65510,-73.50616,28,66.4,69.5,66.4,88.2,62.8,0.000,0.000,0.00,0.000,0.0,0.0,0.0,0,0,0.0,0.0,0.0,0,0,0.0,0.0,0.0,0,0,0,30.14,,0,0,0,74.7,77.2,75.6,0.03,0.00,0.01
WANT,2017-08-21 05:25:00 EDT,40.65510,-73.50616,28,66.1,69.4,66.1,88.4,62.5,0.000,0.000,0.00,0.000,0.1,0.7,0.2,274,0,0.3,1.2,0.4,305,7,0.1,0.7,0.2,274,0,0,30.15,,0,0,0,74.7,77.2,75.6,0.03,0.00,0.01
WANT,2017-08-21 05:30:00 EDT,40.65510,-73.50616,28,66.0,69.9,66.0,88.8,62.6,0.000,0.000,0.00,0.000,0.1,0.6,0.1,274,0,0.7,1.3,0.4,319,10,0.1,0.6,0.1,274,0,0,30.15,,0,0,0,74.7,77.2,75.6,0.03,0.00,0.01
WANT,2017-08-21 05:35:00 EDT,40.65510,-73.50616,28,66.1,69.9,66.1,89.0,62.8,0.000,0.000,0.00,0.000,1.0,1.7,0.6,322,14,1.4,1.8,0.2,324,6,1.0,1.7,0.6,322,14,0,30.15,,0,0,0,74.7,77.2,75.6,0.03,0.00,0.01
WANT,2017-08-21 05:40:00 EDT,40.65510,-73.50616,28,66.2,70.1,66.2,88.9,62.8,0.000,0.000,0.00,0.000,1.4,1.6,0.1,307,2,1.5,1.7,0.1,311,5,1.4,1.6,0.1,307,2,0,30.15,,0,0,0,74.7,77.2,75.6,0.03,0.00,0.01
WANT,2017-08-21 05:45:00 EDT,40.65510,-73.50616,28,66.0,70.1,66.0,88.8,62.6,0.000,0.000,0.00,0.000,1.7,2.1,0.2,304,3,1.7,2.3,0.2,311,5,1.7,2.1,0.2,304,3,0,30.15,,0,0,0,74.7,77.0,75.6,0.03,0.00,0.01
WANT,2017-08-21 05:50:00 EDT,40.65510,-73.50616,28,65.6,70.0,65.6,88.9,62.2,0.000,0.000,0.00,0.000,2.3,2.9,0.3,279,7,2.5,3.7,0.4,289,9,2.3,2.9,0.3,279,7,0,30.15,,0,0,0,74.7,77.0,75.6,0.03,0.00,0.01
WANT,2017-08-21 05:55:00 EDT,40.65510,-73.50616,28,66.4,70.2,66.4,89.7,63.2,0.000,0.000,0.00,0.000,2.2,2.6,0.2,268,5,2.5,3.1,0.3,276,6,2.2,2.6,0.2,268,5,0,30.15,,0,0,0,74.7,77.0,75.6,0.03,0.00,0.01
WANT,2017-08-21 06:00:00 EDT,40.65510,-73.50616,28,66.2,69.8,66.2,89.7,63.1,0.000,0.000,0.00,0.000,2.3,2.6,0.1,265,4,2.6,3.0,0.1,275,6,2.3,2.6,0.1,265,4,1,30.15,,0,0,0,74.7,76.9,75.6,0.03,0.00,0.01
WANT,2017-08-21 06:05:00 EDT,40.65510,-73.50616,28,65.9,69.4,65.9,89.8,62.8,0.000,0.000,0.00,0.000,2.2,2.4,0.1,274,3,2.5,3.0,0.2,284,6,2.2,2.4,0.1,274,3,2,30.15,,0,0,0,74.6,76.8,75.6,0.03,0.00,0.01
WANT,2017-08-21 06:10:00 EDT,40.65510,-73.50616,28,66.2,69.4,66.2,89.9,63.1,0.000,0.000,0.00,0.000,2.0,2.3,0.1,271,4,2.3,2.8,0.1,283,7,2.0,2.3,0.1,271,4,3,30.16,,0,0,0,74.5,76.8,75.6,0.03,0.00,0.01
WANT,2017-08-21 06:15:00 EDT,40.65510,-73.50616,28,65.8,69.4,65.8,89.5,62.6,0.000,0.000,0.00,0.000,2.2,2.5,0.2,287,4,2.3,2.9,0.2,300,3,2.2,2.5,0.2,287,4,4,30.16,,0,0,0,74.4,76.8,75.6,0.03,0.00,0.01
WANT,2017-08-21 06:20:00 EDT,40.65510,-73.50616,28,65.6,69.1,65.6,89.9,62.6,0.000,0.000,0.00,0.000,1.6,1.8,0.1,291,0,1.7,2.0,0.1,302,2,1.6,1.8,0.1,291,0,7,30.16,,0,0,0,74.3,76.8,75.6,0.03,0.00,0.01
WANT,2017-08-21 06:25:00 EDT,40.65510,-73.50616,28,65.9,69.1,65.9,90.1,63.0,0.000,0.000,0.00,0.000,1.9,2.1,0.1,286,4,2.2,2.5,0.1,293,5,1.9,2.1,0.1,286,4,12,30.16,,0,0,0,74.3,76.8,75.6,0.03,0.00,0.01
WANT,2017-08-21 06:30:00 EDT,40.65510,-73.50616,28,66.3,69.3,66.3,90.3,63.4,0.000,0.000,0.00,0.000,2.2,2.3,0.1,276,1,2.5,2.8,0.1,283,3,2.2,2.3,0.1,276,1,16,30.16,,0,0,0,74.3,76.8,75.6,0.03,0.00,0.01
WANT,2017-08-21 06:35:00 EDT,40.65510,-73.50616,28,66.9,69.1,66.9,90.6,64.1,0.000,0.000,0.00,0.000,2.1,2.3,0.1,273,2,2.4,2.8,0.2,282,4,2.1,2.3,0.1,273,2,20,30.16,,0,0,0,74.3,76.8,75.6,0.03,0.00,0.01
WANT,2017-08-21 06:40:00 EDT,40.65510,-73.50616,28,67.0,68.7,67.0,90.7,64.2,0.000,0.000,0.00,0.000,1.5,2.0,0.3,269,0,1.7,2.4,0.3,274,3,1.5,2.0,0.3,269,0,25,30.16,,0,0,0,74.3,76.8,75.6,0.03,0.00,0.01
WANT,2017-08-21 06:45:00 EDT,40.65510,-73.50616,28,67.1,68.7,67.1,90.5,64.2,0.000,0.000,0.00,0.000,1.1,1.3,0.1,269,0,1.3,1.4,0.1,278,2,1.1,1.3,0.1,269,0,30,30.16,,0,0,0,74.3,76.8,75.6,0.03,0.00,0.01
WANT,2017-08-21 06:50:00 EDT,40.65510,-73.50616,28,67.6,68.7,67.6,90.6,64.8,0.000,0.000,0.00,0.000,1.2,1.7,0.2,256,9,1.5,2.0,0.2,251,10,1.2,1.7,0.2,256,9,35,30.16,,0,0,0,74.3,76.8,75.6,0.03,0.00,0.01
WANT,2017-08-21 06:55:00 EDT,40.65510,-73.50616,28,67.8,69.0,67.8,89.4,64.5,0.000,0.000,0.00,0.000,2.0,2.1,0.1,248,0,2.2,2.5,0.1,253,2,2.0,2.1,0.1,248,0,41,30.16,,0,0,0,74.3,76.8,75.6,0.03,0.00,0.01
WANT,2017-08-21 07:00:00 EDT,40.65510,-73.50616,28,67.4,69.0,67.4,88.5,63.9,0.000,0.000,0.00,0.000,2.5,2.8,0.2,251,2,2.8,3.1,0.2,261,2,2.5,2.8,0.2,251,2,69,30.16,,0,0,0,74.1,76.8,75.6,0.03,0.00,0.01
WANT,2017-08-21 07:05:00 EDT,40.65510,-73.50616,28,67.5,69.1,67.5,88.0,63.9,0.000,0.000,0.00,0.000,2.9,4.1,0.5,236,10,3.0,4.4,0.6,239,9,2.9,4.1,0.5,236,10,102,30.17,,0,0,0,74.0,76.8,75.6,0.03,0.00,0.01
WANT,2017-08-21 07:10:00 EDT,40.65510,-73.50616,28,68.5,69.5,68.5,87.8,64.7,0.000,0.000,0.00,0.000,3.4,4.7,0.6,222,6,3.5,5.1,0.8,229,5,3.4,4.7,0.6,222,6,110,30.17,,0,0,0,73.9,76.8,75.6,0.03,0.00,0.01
WANT,2017-08-21 07:15:00 EDT,40.65510,-73.50616,28,69.2,70.1,69.2,87.4,65.3,0.000,0.000,0.00,0.000,3.0,4.1,0.4,210,9,2.7,4.5,0.5,217,9,3.0,4.1,0.4,210,9,110,30.17,,0,0,0,73.9,76.8,75.6,0.03,0.00,0.01
WANT,2017-08-21 07:20:00 EDT,40.65510,-73.50616,28,70.1,70.6,70.1,86.5,65.9,0.000,0.000,0.00,0.000,3.0,4.3,0.5,209,7,2.9,4.7,0.7,217,9,3.0,4.3,0.5,209,7,110,30.17,,0,0,0,73.9,76.8,75.6,0.03,0.00,0.01
WANT,2017-08-21 07:25:00 EDT,40.65510,-73.50616,28,70.8,71.1,70.8,86.0,66.4,0.000,0.000,0.00,0.000,3.2,4.6,0.7,203,8,3.2,4.8,0.7,209,9,3.2,4.6,0.7,203,8,123,30.17,,0,0,0,73.9,76.8,75.6,0.03,0.00,0.01
WANT,2017-08-21 07:30:00 EDT,40.65510,-73.50616,28,71.6,71.6,71.6,85.8,67.1,0.000,0.000,0.00,0.000,3.1,4.7,0.7,210,12,3.1,5.2,0.8,217,13,3.1,4.7,0.7,210,12,152,30.17,,0,0,0,73.9,76.8,75.6,0.03,0.00,0.01
WANT,2017-08-21 07:35:00 EDT,40.65510,-73.50616,28,72.1,72.0,72.1,85.1,67.3,0.000,0.000,0.00,0.000,3.4,6.1,1.1,217,12,3.4,6.9,1.2,224,13,3.4,6.1,1.1,217,12,161,30.17,,0,0,0,73.9,76.8,75.6,0.04,0.00,0.01
WANT,2017-08-21 07:40:00 EDT,40.65510,-73.50616,28,72.7,72.5,72.7,83.8,67.5,0.000,0.000,0.00,0.000,3.5,7.6,1.3,211,13,3.5,7.4,1.2,218,12,3.5,7.6,1.3,211,13,189,30.17,,0,0,0,73.9,76.8,75.6,0.03,0.00,0.01
WANT,2017-08-21 07:45:00 EDT,40.65510,-73.50616,28,73.1,72.8,73.1,83.1,67.7,0.000,0.000,0.00,0.000,3.6,5.6,0.8,208,12,3.9,6.2,0.8,215,12,3.6,5.6,0.8,208,12,209,30.17,,0,0,0,73.9,76.7,75.6,0.03,0.00,0.01
WANT,2017-08-21 07:50:00 EDT,40.65510,-73.50616,28,73.2,72.9,73.2,81.8,67.3,0.000,0.000,0.00,0.000,4.3,7.2,1.2,213,12,4.6,8.1,1.3,220,13,4.3,7.2,1.2,213,12,212,30.17,,0,0,0,73.9,76.5,75.6,0.03,0.00,0.01
WANT,2017-08-21 07:55:00 EDT,40.65510,-73.50616,28,73.5,73.2,73.5,81.9,67.7,0.000,0.000,0.00,0.000,3.8,5.7,0.8,218,15,3.9,6.0,0.9,225,13,3.8,5.7,0.8,218,15,234,30.17,,0,0,0,73.9,76.5,75.6,0.03,0.00,0.01
WANT,2017-08-21 08:00:00 EDT,40.65510,-73.50616,28,73.4,73.1,73.4,81.7,67.5,0.000,0.000,0.00,0.000,5.5,8.6,1.2,236,11,5.9,10.0,1.4,241,11,5.5,8.6,1.2,236,11,248,30.17,,0,0,0,73.9,76.5,75.6,0.03,0.00,0.01
WANT,2017-08-21 08:05:00 EDT,40.65510,-73.50616,28,73.7,73.3,73.7,82.4,68.0,0.000,0.000,0.00,0.000,4.7,6.9,1.2,225,13,4.9,7.5,1.3,232,14,4.7,6.9,1.2,225,13,260,30.17,,0,0,0,73.9,76.5,75.6,0.03,0.00,0.01
WANT,2017-08-21 08:10:00 EDT,40.65510,-73.50616,28,74.1,73.6,74.1,81.5,68.1,0.000,0.000,0.00,0.000,4.5,7.1,0.9,228,14,4.9,8.0,1.2,234,15,4.5,7.1,0.9,228,14,268,30.17,,0,0,0,73.9,76.5,75.6,0.03,0.00,0.01
WANT,2017-08-21 08:15:00 EDT,40.65510,-73.50616,28,74.3,73.9,74.3,79.8,67.7,0.000,0.000,0.00,0.000,4.3,7.5,1.6,225,14,4.7,8.3,1.5,233,13,4.3,7.5,1.6,225,14,271,30.17,,0,0,0,73.9,76.5,75.6,0.03,0.00,0.01
WANT,2017-08-21 08:20:00 EDT,40.65510,-73.50616,28,74.6,74.2,74.6,77.5,67.1,0.000,0.000,0.00,0.000,4.4,7.0,1.2,225,13,4.6,6.8,1.2,232,13,4.4,7.0,1.2,225,13,309,30.17,,0,0,0,73.9,76.5,75.6,0.03,0.00,0.01
WANT,2017-08-21 08:25:00 EDT,40.65510,-73.50616,28,75.3,74.8,75.3,76.6,67.4,0.000,0.000,0.00,0.000,3.1,5.1,0.8,222,14,3.4,6.0,0.9,230,15,3.1,5.1,0.8,222,14,339,30.17,,0,0,0,73.9,76.5,75.6,0.03,0.00,0.01
WANT,2017-08-21 08:30:00 EDT,40.65510,-73.50616,28,75.7,75.3,75.7,72.4,66.3,0.000,0.000,0.00,0.000,3.9,6.0,1.1,238,13,4.3,7.2,1.2,246,13,3.9,6.0,1.1,238,13,306,30.17,,0,0,0,73.9,76.5,75.6,0.03,0.00,0.01
WANT,2017-08-21 08:35:00 EDT,40.65510,-73.50616,28,76.3,75.8,76.3,69.8,65.7,0.000,0.000,0.00,0.000,4.3,6.1,0.6,230,12,4.7,6.7,0.7,237,13,4.3,6.1,0.6,230,12,333,30.17,,0,0,0,73.9,76.5,75.6,0.03,0.00,0.01
WANT,2017-08-21 08:40:00 EDT,40.65510,-73.50616,28,76.7,76.3,76.7,67.5,65.1,0.000,0.000,0.00,0.000,4.7,6.9,1.0,244,12,5.1,7.6,1.1,252,12,4.7,6.9,1.0,244,12,336,30.17,,0,0,0,73.9,76.5,75.6,0.03,0.00,0.01
WANT,2017-08-21 08:45:00 EDT,40.65510,-73.50616,28,77.1,76.6,77.1,65.8,64.8,0.000,0.000,0.00,0.000,5.2,7.6,1.0,248,11,5.6,8.5,1.1,255,11,5.2,7.6,1.0,248,11,361,30.17,,0,0,0,73.9,76.5,75.6,0.03,0.00,0.01
WANT,2017-08-21 08:50:00 EDT,40.65510,-73.50616,28,77.4,76.9,77.4,64.8,64.6,0.000,0.000,0.00,0.000,4.7,7.1,1.1,248,12,5.2,8.0,1.2,255,11,4.7,7.1,1.1,248,12,373,30.17,,0,0,0,73.9,76.5,75.6,0.03,0.00,0.01
WANT,2017-08-21 08:55:00 EDT,40.65510,-73.50616,28,77.9,77.2,77.9,63.6,64.5,0.000,0.000,0.00,0.000,5.0,7.4,1.1,235,11,5.5,8.0,1.2,243,11,5.0,7.4,1.1,235,11,407,30.17,,0,0,0,73.9,76.5,75.6,0.03,0.00,0.01
WANT,2017-08-21 09:00:00 EDT,40.65510,-73.50616,28,78.1,77.5,78.1,62.8,64.4,0.000,0.000,0.00,0.000,5.7,8.4,1.4,254,15,6.3,9.6,1.4,262,14,5.7,8.4,1.4,254,15,400,30.17,,0,0,0,73.9,76.5,75.6,0.03,0.00,0.01
WANT,2017-08-21 09:05:00 EDT,40.65510,-73.50616,28,78.2,77.6,78.2,62.0,64.1,0.000,0.000,0.00,0.000,5.9,8.3,1.1,244,11,6.4,9.6,1.3,252,11,5.9,8.3,1.1,244,11,430,30.17,,0,0,0,73.9,76.5,75.6,0.03,0.00,0.01
WANT,2017-08-21 09:10:00 EDT,40.65510,-73.50616,28,78.8,78.1,78.8,60.8,64.1,0.000,0.000,0.00,0.000,6.8,10.0,1.8,241,15,7.3,11.4,1.9,249,15,6.8,10.0,1.8,241,15,442,30.17,,0,0,0,73.9,76.5,75.6,0.03,0.00,0.01
WANT,2017-08-21 09:15:00 EDT,40.65510,-73.50616,28,78.9,78.2,78.9,59.8,63.7,0.000,0.000,0.00,0.000,6.7,9.9,1.6,245,14,7.2,11.0,1.8,253,14,6.7,9.9,1.6,245,14,476,30.17,,0,0,0,73.9,76.5,75.6,0.03,0.00,0.01
WANT,2017-08-21 09:20:00 EDT,40.65510,-73.50616,28,79.4,78.7,79.4,58.4,63.5,0.000,0.000,0.00,0.000,6.7,9.9,1.6,247,14,7.2,11.1,1.8,255,14,6.7,9.9,1.6,247,14,493,30.16,,0,0,0,74.0,76.5,75.6,0.03,0.00,0.01
WANT,2017-08-21 09:25:00 EDT,40.65510,-73.50616,28,79.8,79.1,79.8,57.8,63.6,0.000,0.000,0.00,0.000,6.9,9.9,1.8,246,15,7.6,12.5,2.0,253,15,6.9,9.9,1.8,246,15,427,30.16,,0,0,0,74.2,76.5,75.6,0.03,0.00,0.01
WANT,2017-08-21 09:30:00 EDT,40.65510,-73.50616,28,79.7,79.1,79.7,58.1,63.6,0.000,0.000,0.00,0.000,5.8,8.9,1.4,245,17,6.3,9.8,1.6,252,17,5.8,8.9,1.4,245,17,434,30.16,,0,0,0,74.3,76.5,75.6,0.03,0.00,0.01
WANT,2017-08-21 09:35:00 EDT,40.65510,-73.50616,28,80.0,79.3,81.8,59.7,64.8,0.000,0.000,0.00,0.000,4.8,9.5,2.1,215,20,5.1,9.6,2.1,223,22,4.8,9.5,2.1,215,20,474,30.16,,0,0,0,74.3,76.5,75.6,0.03,0.00,0.01
WANT,2017-08-21 09:40:00 EDT,40.65510,-73.50616,28,80.1,79.2,81.9,59.5,64.7,0.000,0.000,0.00,0.000,5.4,8.3,1.6,208,15,5.7,9.3,1.6,211,16,5.4,8.3,1.6,208,15,544,30.16,,0,0,0,74.3,76.5,75.6,0.03,0.00,0.01
WANT,2017-08-21 09:45:00 EDT,40.65510,-73.50616,28,80.5,79.5,82.3,58.7,64.7,0.000,0.000,0.00,0.000,5.9,8.1,0.9,229,13,6.2,8.8,1.0,236,12,5.9,8.1,0.9,229,13,564,30.16,,0,0,0,74.3,76.5,75.6,0.03,0.00,0.01
WANT,2017-08-21 09:50:00 EDT,40.65510,-73.50616,28,80.6,79.5,82.3,57.5,64.3,0.000,0.000,0.00,0.000,5.6,8.8,1.7,226,11,5.9,9.9,1.6,234,11,5.6,8.8,1.7,226,11,574,30.16,,0,0,0,74.4,76.5,75.6,0.03,0.00,0.01
WANT,2017-08-21 09:55:00 EDT,40.65510,-73.50616,28,81.2,80.3,82.9,56.5,64.3,0.000,0.000,0.00,0.000,4.1,8.4,1.5,226,20,4.4,8.6,1.5,235,19,4.1,8.4,1.5,226,20,583,30.16,,0,0,0,74.7,76.4,75.6,0.03,0.00,0.01
WANT,2017-08-21 10:00:00 EDT,40.65510,-73.50616,28,81.9,80.9,83.3,54.6,63.9,0.000,0.000,0.00,0.000,4.9,9.7,1.8,257,32,5.3,9.7,1.9,266,31,4.9,9.7,1.8,257,32,627,30.16,,0,0,0,74.7,76.4,75.6,0.03,0.00,0.01
WANT,2017-08-21 10:05:00 EDT,40.65510,-73.50616,28,82.1,81.2,83.0,50.9,62.1,0.000,0.000,0.00,0.000,5.9,9.0,1.7,272,15,6.6,11.0,1.8,280,12,5.9,9.0,1.7,272,15,578,30.16,,0,0,0,74.7,76.2,75.6,0.03,0.00,0.01
WANT,2017-08-21 10:10:00 EDT,40.65510,-73.50616,28,82.1,81.2,83.1,51.5,62.5,0.000,0.000,0.00,0.000,5.9,8.9,1.5,262,18,6.6,10.2,1.7,270,15,5.9,8.9,1.5,262,18,598,30.16,,0,0,0,74.7,76.2,75.6,0.03,0.00,0.01
WANT,2017-08-21 10:15:00 EDT,40.65510,-73.50616,28,82.4,81.4,83.3,50.8,62.3,0.000,0.000,0.00,0.000,6.9,11.8,2.4,240,19,7.3,12.5,2.4,249,20,6.9,11.8,2.4,240,19,645,30.16,,0,0,0,74.7,76.3,75.6,0.03,0.00,0.01
WANT,2017-08-21 10:20:00 EDT,40.65510,-73.50616,28,82.8,81.8,83.6,49.4,62.0,0.000,0.000,0.00,0.000,7.9,11.8,2.1,245,16,8.6,12.6,2.1,254,15,7.9,11.8,2.1,245,16,816,30.15,,0,0,0,74.8,76.1,75.6,0.03,0.00,0.01
WANT,2017-08-21 10:25:00 EDT,40.65510,-73.50616,28,82.7,81.5,83.4,49.1,61.7,0.000,0.000,0.00,0.000,6.9,11.5,2.8,230,12,7.1,12.4,2.8,237,13,6.9,11.5,2.8,230,12,526,30.15,,0,0,0,75.0,76.0,75.6,0.03,0.00,0.01
WANT,2017-08-21 10:30:00 EDT,40.65510,-73.50616,28,82.9,81.9,83.9,50.5,62.7,0.000,0.000,0.00,0.000,5.4,9.7,1.8,216,20,6.0,10.2,1.9,222,21,5.4,9.7,1.8,216,20,405,30.15,,0,0,0,75.0,75.9,75.6,0.03,0.00,0.01
WANT,2017-08-21 10:35:00 EDT,40.65510,-73.50616,28,82.3,81.4,83.1,50.4,62.0,0.000,0.000,0.00,0.000,5.3,9.4,1.6,226,20,5.7,10.4,1.8,232,21,5.3,9.4,1.6,226,20,427,30.16,,0,0,0,75.1,75.9,75.6,0.03,0.00,0.01
WANT,2017-08-21 10:40:00 EDT,40.65510,-73.50616,28,82.6,81.5,83.6,51.3,62.8,0.000,0.000,0.00,0.000,6.9,10.7,1.9,218,13,7.2,11.2,1.9,223,12,6.9,10.7,1.9,218,13,454,30.16,,0,0,0,75.5,75.9,75.6,0.03,0.00,0.01
WANT,2017-08-21 10:45:00 EDT,40.65510,-73.50616,28,82.6,81.7,83.6,51.2,62.7,0.000,0.000,0.00,0.000,5.1,8.0,1.3,219,18,5.6,9.6,1.5,226,19,5.1,8.0,1.3,219,18,338,30.16,,0,0,0,75.6,75.9,75.6,0.03,0.00,0.01
WANT,2017-08-21 10:50:00 EDT,40.65510,-73.50616,28,82.4,81.6,83.1,49.5,61.6,0.000,0.000,0.00,0.000,5.6,9.9,1.8,216,17,6.1,10.3,1.6,221,19,5.6,9.9,1.8,216,17,307,30.16,,0,0,0,75.6,75.9,75.6,0.03,0.00,0.01
WANT,2017-08-21 10:55:00 EDT,40.65510,-73.50616,28,81.6,80.8,83.1,55.0,63.9,0.000,0.000,0.00,0.000,5.1,7.5,1.1,211,18,5.5,8.0,1.1,217,17,5.1,7.5,1.1,211,18,365,30.17,,0,0,0,75.6,75.9,75.6,0.03,0.00,0.01
WANT,2017-08-21 11:00:00 EDT,40.65510,-73.50616,28,81.0,80.1,83.2,61.0,66.3,0.000,0.000,0.00,0.000,7.0,9.7,1.2,197,11,7.5,10.3,1.4,201,11,7.0,9.7,1.2,197,11,487,30.17,,0,0,0,75.9,75.9,75.6,0.03,0.00,0.01
WANT,2017-08-21 11:05:00 EDT,40.65510,-73.50616,28,80.6,79.6,83.3,65.3,67.9,0.000,0.000,0.00,0.000,6.9,10.4,1.6,196,12,7.4,11.0,1.7,200,11,6.9,10.4,1.6,196,12,548,30.17,,0,0,0,75.9,75.9,75.6,0.03,0.00,0.01
WANT,2017-08-21 11:10:00 EDT,40.65510,-73.50616,28,80.5,79.3,83.1,65.5,67.8,0.000,0.000,0.00,0.000,7.4,10.8,1.7,199,11,7.7,11.4,1.7,205,13,7.4,10.8,1.7,199,11,558,30.17,,0,0,0,76.0,75.9,75.6,0.03,0.00,0.01
WANT,2017-08-21 11:15:00 EDT,40.65510,-73.50616,28,81.4,80.1,84.0,62.9,67.5,0.000,0.000,0.00,0.000,7.0,12.4,2.2,207,16,7.6,12.8,2.0,212,15,7.0,12.4,2.2,207,16,634,30.16,,0,0,0,76.4,75.9,75.6,0.03,0.00,0.01
WANT,2017-08-21 11:20:00 EDT,40.65510,-73.50616,28,81.8,80.5,84.2,60.0,66.6,0.000,0.000,0.00,0.000,7.4,11.7,1.7,211,13,7.8,12.3,1.8,216,12,7.4,11.7,1.7,211,13,658,30.16,,0,0,0,76.5,75.9,75.6,0.03,0.00,0.01
WANT,2017-08-21 11:25:00 EDT,40.65510,-73.50616,28,82.4,80.9,84.6,58.0,66.2,0.000,0.000,0.00,0.000,7.2,10.7,1.9,205,14,7.9,11.9,2.0,211,15,7.2,10.7,1.9,205,14,792,30.16,,0,0,0,76.5,75.9,75.6,0.03,0.00,0.01
WANT,2017-08-21 11:30:00 EDT,40.65510,-73.50616,28,82.5,80.9,84.5,56.8,65.6,0.000,0.000,0.00,0.000,9.2,12.3,1.7,201,10,9.8,13.5,1.9,206,9,9.2,12.3,1.7,201,10,830,30.16,,0,0,0,76.5,75.9,75.6,0.03,0.00,0.01
WANT,2017-08-21 11:35:00 EDT,40.65510,-73.50616,28,82.9,81.2,85.0,56.0,65.6,0.000,0.000,0.00,0.000,8.6,12.3,2.0,203,13,9.2,12.9,2.1,208,12,8.6,12.3,2.0,203,13,850,30.16,,0,0,0,76.5,75.9,75.6,0.03,0.00,0.01
WANT,2017-08-21 11:40:00 EDT,40.65510,-73.50616,28,83.1,81.7,85.2,56.2,65.9,0.000,0.000,0.00,0.000,8.2,12.2,1.4,199,14,8.6,12.5,1.5,204,13,8.2,12.2,1.4,199,14,818,30.16,,0,0,0,76.8,75.9,75.6,0.03,0.00,0.01
WANT,2017-08-21 11:45:00 EDT,40.65510,-73.50616,28,83.4,81.5,85.4,55.0,65.5,0.000,0.000,0.00,0.000,8.9,13.2,2.2,197,11,9.4,14.5,2.3,200,10,8.9,13.2,2.2,197,11,824,30.16,,0,0,0,76.8,75.9,75.6,0.04,0.00,0.01
WANT,2017-08-21 11:50:00 EDT,40.65510,-73.50616,28,82.9,81.1,84.4,53.7,64.4,0.000,0.000,0.00,0.000,8.6,12.2,1.8,210,16,9.2,12.8,1.8,216,15,8.6,12.2,1.8,210,16,827,30.16,,0,0,0,76.8,75.9,75.6,0.04,0.00,0.01
WANT,2017-08-21 11:55:00 EDT,40.65510,-73.50616,28,83.0,81.5,84.1,50.6,62.8,0.000,0.000,0.00,0.000,9.0,12.3,1.7,204,12,9.5,13.2,1.8,209,12,9.0,12.3,1.7,204,12,837,30.16,,0,0,0,76.9,75.9,75.6,0.03,0.00,0.01
WANT,2017-08-21 12:00:00 EDT,40.65510,-73.50616,28,84.0,82.3,85.3,51.2,64.0,0.000,0.000,0.00,0.000,7.5,14.2,2.0,215,12,7.9,14.2,2.0,222,12,7.5,14.2,2.0,215,12,848,30.16,,0,0,0,77.2,75.9,75.6,0.04,0.00,0.01
WANT,2017-08-21 12:05:00 EDT,40.65510,-73.50616,28,83.9,82.2,85.0,50.2,63.3,0.000,0.000,0.00,0.000,9.0,13.9,2.0,207,12,9.4,13.9,1.9,212,12,9.0,13.9,2.0,207,12,854,30.16,,0,0,0,77.2,75.9,75.6,0.04,0.00,0.01
WANT,2017-08-21 12:10:00 EDT,40.65510,-73.50616,28,83.5,81.8,84.8,51.6,63.8,0.000,0.000,0.00,0.000,9.3,12.8,1.9,204,12,9.7,14.1,1.9,209,12,9.3,12.8,1.9,204,12,822,30.15,,0,0,0,77.2,75.9,75.6,0.04,0.00,0.01
WANT,2017-08-21 12:15:00 EDT,40.65510,-73.50616,28,83.7,82.1,85.2,51.9,64.2,0.000,0.000,0.00,0.000,8.9,13.3,2.1,204,12,9.4,14.4,2.1,208,11,8.9,13.3,2.1,204,12,768,30.16,,0,0,0,77.3,75.9,75.6,0.03,0.00,0.01
WANT,2017-08-21 12:20:00 EDT,40.65510,-73.50616,28,83.6,81.8,85.0,51.6,64.0,0.000,0.000,0.00,0.000,9.0,13.1,2.2,209,11,9.4,14.3,2.1,216,11,9.0,13.1,2.2,209,11,852,30.15,,0,0,0,77.7,75.9,75.6,0.03,0.00,0.01
WANT,2017-08-21 12:25:00 EDT,40.65510,-73.50616,28,84.5,82.5,86.0,50.7,64.2,0.000,0.000,0.00,0.000,8.4,13.2,2.0,206,14,8.9,14.6,2.0,212,14,8.4,13.2,2.0,206,14,848,30.15,,0,0,0,77.8,75.9,75.6,0.03,0.00,0.01
WANT,2017-08-21 12:30:00 EDT,40.65510,-73.50616,28,83.8,82.0,84.8,50.1,63.2,0.000,0.000,0.00,0.000,10.0,14.0,2.1,204,12,10.5,14.7,2.1,209,12,10.0,14.0,2.1,204,12,846,30.15,,0,0,0,78.1,75.9,75.6,0.03,0.00,0.01
WANT,2017-08-21 12:35:00 EDT,40.65510,-73.50616,28,83.7,82.3,85.3,52.5,64.5,0.000,0.000,0.00,0.000,8.2,11.3,1.9,200,13,8.8,13.3,2.2,203,13,8.2,11.3,1.9,200,13,849,30.14,,0,0,0,78.1,75.9,75.6,0.03,0.00,0.01
WANT,2017-08-21 12:40:00 EDT,40.65510,-73.50616,28,83.7,82.4,85.2,52.3,64.3,0.000,0.000,0.00,0.000,8.8,12.3,1.8,195,16,9.6,13.3,2.1,199,13,8.8,12.3,1.8,195,16,850,30.14,,0,0,0,78.1,75.9,75.6,0.03,0.00,0.01
WANT,2017-08-21 12:45:00 EDT,40.65510,-73.50616,28,83.8,82.2,85.3,51.8,64.2,0.000,0.000,0.00,0.000,9.8,14.0,2.0,206,15,10.6,14.6,2.0,210,15,9.8,14.0,2.0,206,15,849,30.14,,0,0,0,78.3,75.9,75.6,0.03,0.00,0.01
WANT,2017-08-21 12:50:00 EDT,40.65510,-73.50616,28,83.2,81.6,84.1,49.7,62.5,0.000,0.000,0.00,0.000,11.4,15.9,2.2,201,12,11.9,16.9,2.4,206,11,11.4,15.9,2.2,201,12,852,30.14,,0,0,0,78.6,75.9,75.6,0.03,0.00,0.01
WANT,2017-08-21 12:55:00 EDT,40.65510,-73.50616,28,83.6,82.0,84.5,49.4,62.7,0.000,0.000,0.00,0.000,9.9,15.6,3.0,207,13,10.6,16.8,2.9,213,14,9.9,15.6,3.0,207,13,854,30.14,,0,0,0,78.6,75.9,75.6,0.03,0.00,0.01
WANT,2017-08-21 13:00:00 EDT,40.65510,-73.50616,28,83.8,82.1,84.7,49.0,62.6,0.000,0.000,0.00,0.000,9.0,15.3,2.2,207,15,9.5,15.6,2.2,213,14,9.0,15.3,2.2,207,15,857,30.14,,0,0,0,79.1,75.9,75.6,0.03,0.00,0.01
WANT,2017-08-21 13:05:00 EDT,40.65510,-73.50616,28,84.0,82.3,85.0,49.3,63.0,0.000,0.000,0.00,0.000,9.7,16.1,2.8,203,12,10.1,15.8,2.8,207,11,9.7,16.1,2.8,203,12,865,30.14,,0,0,0,79.2,75.9,75.6,0.03,0.00,0.01
WANT,2017-08-21 13:10:00 EDT,40.65510,-73.50616,28,83.7,82.0,85.0,50.8,63.6,0.000,0.000,0.00,0.000,10.1,14.0,2.2,204,14,10.7,15.7,2.2,211,12,10.1,14.0,2.2,204,14,874,30.14,,0,0,0,79.2,75.9,75.6,0.03,0.00,0.01
WANT,2017-08-21 13:15:00 EDT,40.65510,-73.50616,28,83.3,81.6,84.6,51.7,63.7,0.000,0.000,0.00,0.000,10.4,15.5,2.3,206,13,10.9,16.3,2.3,210,13,10.4,15.5,2.3,206,13,807,30.14,,0,0,0,79.5,75.9,75.6,0.03,0.00,0.01
WANT,2017-08-21 13:20:00 EDT,40.65510,-73.50616,28,82.9,81.4,83.8,50.1,62.4,0.000,0.000,0.00,0.000,11.3,15.3,2.0,210,15,11.7,15.8,2.2,214,14,11.3,15.3,2.0,210,15,691,30.14,,0,0,0,79.5,75.9,75.6,0.03,0.00,0.01
WANT,2017-08-21 13:25:00 EDT,40.65510,-73.50616,28,83.4,81.7,84.9,52.2,64.1,0.000,0.000,0.00,0.000,9.0,14.9,3.3,202,13,9.7,16.3,3.2,208,15,9.0,14.9,3.3,202,13,843,30.14,,0,0,0,79.7,75.9,75.6,0.03,0.00,0.01
WANT,2017-08-21 13:30:00 EDT,40.65510,-73.50616,28,83.2,81.4,84.6,52.0,63.8,0.000,0.000,0.00,0.000,10.3,15.6,2.6,211,16,10.9,16.3,2.7,217,15,10.3,15.6,2.6,211,16,789,30.14,,0,0,0,80.1,75.9,75.6,0.03,0.00,0.01
WANT,2017-08-21 13:35:00 EDT,40.65510,-73.50616,28,82.4,80.7,83.7,52.6,63.4,0.000,0.000,0.00,0.000,11.1,15.3,2.1,212,9,11.6,16.2,2.0,217,10,11.1,15.3,2.1,212,9,745,30.14,,0,0,0,80.1,75.9,75.6,0.03,0.00,0.01
WANT,2017-08-21 13:40:00 EDT,40.65510,-73.50616,28,82.4,81.0,84.1,55.4,64.8,0.000,0.000,0.00,0.000,10.4,14.8,2.1,202,13,10.9,15.8,2.1,206,11,10.4,14.8,2.1,202,13,735,30.13,,0,0,0,80.1,75.9,75.6,0.03,0.00,0.01
WANT,2017-08-21 13:45:00 EDT,40.65510,-73.50616,28,82.4,80.9,84.4,57.0,65.7,0.000,0.000,0.00,0.000,9.9,15.9,2.4,200,11,10.6,16.5,2.5,205,10,9.9,15.9,2.4,200,11,738,30.13,,0,0,0,80.4,75.9,75.6,0.03,0.00,0.01
WANT,2017-08-21 13:50:00 EDT,40.65510,-73.50616,28,82.2,80.6,84.1,56.2,65.1,0.000,0.000,0.00,0.000,10.4,14.9,2.2,201,12,11.1,15.6,2.4,205,11,10.4,14.9,2.2,201,12,563,30.13,,0,0,0,80.4,75.9,75.5,0.03,0.00,0.01
WANT,2017-08-21 13:55:00 EDT,40.65510,-73.50616,28,81.6,80.5,83.3,56.2,64.5,0.000,0.000,0.00,0.000,9.7,14.7,2.0,191,13,10.8,15.8,2.4,196,11,9.7,14.7,2.0,191,13,548,30.13,,0,0,0,80.5,75.9,75.5,0.03,0.00,0.01
WANT,2017-08-21 14:00:00 EDT,40.65510,-73.50616,28,81.1,80.1,82.8,57.1,64.5,0.000,0.000,0.00,0.000,11.2,14.4,1.4,193,11,12.0,15.1,1.5,198,10,11.2,14.4,1.4,193,11,401,30.13,,0,0,0,80.9,75.9,75.5,0.03,0.00,0.01
WANT,2017-08-21 14:05:00 EDT,40.65510,-73.50616,28,81.7,80.6,83.4,55.9,64.4,0.000,0.000,0.00,0.000,9.3,13.4,2.3,197,15,9.9,14.6,2.3,202,11,9.3,13.4,2.3,197,15,581,30.13,,0,0,0,81.0,75.9,75.5,0.03,0.00,0.01
WANT,2017-08-21 14:10:00 EDT,40.65510,-73.50616,28,81.8,80.7,83.6,56.8,65.0,0.000,0.000,0.00,0.000,9.3,14.5,2.5,193,13,10.1,15.9,2.8,199,11,9.3,14.5,2.5,193,13,535,30.13,,0,0,0,81.0,75.9,75.5,0.03,0.00,0.01
WANT,2017-08-21 14:15:00 EDT,40.65510,-73.50616,28,81.5,80.4,83.2,57.3,64.9,0.000,0.000,0.00,0.000,9.5,14.0,1.8,195,11,10.2,14.7,1.9,201,10,9.5,14.0,1.8,195,11,469,30.13,,0,0,0,81.0,75.9,75.5,0.04,0.00,0.01
WANT,2017-08-21 14:20:00 EDT,40.65510,-73.50616,28,80.8,79.8,82.6,57.8,64.6,0.000,0.000,0.00,0.000,10.2,14.0,2.1,200,10,10.5,16.2,2.4,205,9,10.2,14.0,2.1,200,10,395,30.13,,0,0,0,81.1,75.9,75.4,0.04,0.00,0.01
WANT,2017-08-21 14:25:00 EDT,40.65510,-73.50616,28,80.7,79.7,82.6,59.3,65.2,0.000,0.000,0.00,0.000,9.8,14.9,2.2,195,12,10.5,15.3,2.4,199,11,9.8,14.9,2.2,195,12,256,30.13,,0,0,0,81.5,75.9,75.4,0.04,0.00,0.01
WANT,2017-08-21 14:30:00 EDT,40.65510,-73.50616,28,80.1,79.2,82.1,61.3,65.6,0.000,0.000,0.00,0.000,8.7,13.3,1.4,206,12,9.4,13.2,1.6,211,12,8.7,13.3,1.4,206,12,282,30.13,,0,0,0,81.5,76.0,75.3,0.04,0.00,0.01
WANT,2017-08-21 14:35:00 EDT,40.65510,-73.50616,28,80.3,79.5,82.6,62.8,66.5,0.000,0.000,0.00,0.000,6.9,10.6,1.6,198,13,7.6,11.9,1.8,202,10,6.9,10.6,1.6,198,13,259,30.13,,0,0,0,81.5,76.0,75.3,0.04,0.00,0.01
WANT,2017-08-21 14:40:00 EDT,40.65510,-73.50616,28,80.0,79.4,82.4,64.6,67.0,0.000,0.000,0.00,0.000,6.1,10.2,1.8,185,20,7.2,11.8,2.0,188,19,6.1,10.2,1.8,185,20,216,30.12,,0,0,0,81.5,76.1,75.3,0.04,0.00,0.01
WANT,2017-08-21 14:45:00 EDT,40.65510,-73.50616,28,79.8,79.1,79.8,64.5,66.8,0.000,0.000,0.00,0.000,6.9,12.1,2.1,185,18,7.9,13.9,2.5,190,14,6.9,12.1,2.1,185,18,202,30.12,,0,0,0,81.5,76.3,75.4,0.04,0.00,0.01
WANT,2017-08-21 14:50:00 EDT,40.65510,-73.50616,28,79.7,79.2,79.7,64.9,66.9,0.000,0.000,0.00,0.000,5.9,11.0,2.0,178,18,6.8,12.0,2.1,183,14,5.9,11.0,2.0,178,18,194,30.12,,0,0,0,81.8,76.5,75.3,0.04,0.00,0.01
WANT,2017-08-21 14:55:00 EDT,40.65510,-73.50616,28,79.4,79.0,79.4,66.6,67.3,0.000,0.000,0.00,0.000,6.4,10.7,2.0,183,17,7.3,12.5,2.3,185,15,6.4,10.7,2.0,183,17,204,30.12,,0,0,0,82.0,76.4,75.3,0.04,0.00,0.01
WANT,2017-08-21 15:00:00 EDT,40.65510,-73.50616,28,78.8,78.2,78.8,67.7,67.2,0.000,0.000,0.00,0.000,7.1,10.4,1.9,192,14,7.9,12.3,2.0,198,12,7.1,10.4,1.9,192,14,226,30.12,,0,0,0,82.0,76.5,75.1,0.04,0.00,0.01
WANT,2017-08-21 15:05:00 EDT,40.65510,-73.50616,28,78.9,78.2,78.9,67.9,67.4,0.000,0.000,0.00,0.000,7.8,11.6,1.4,193,15,8.3,12.8,1.8,196,13,7.8,11.6,1.4,193,15,258,30.12,,0,0,0,82.0,76.5,75.2,0.04,0.00,0.01
WANT,2017-08-21 15:10:00 EDT,40.65510,-73.50616,28,78.8,78.3,78.8,66.2,66.6,0.000,0.000,0.00,0.000,8.9,12.5,1.8,191,10,9.7,14.2,2.0,196,9,8.9,12.5,1.8,191,10,284,30.12,,0,0,0,82.0,76.5,75.2,0.04,0.00,0.01
WANT,2017-08-21 15:15:00 EDT,40.65510,-73.50616,28,79.2,78.6,79.2,66.5,67.1,0.000,0.000,0.00,0.000,7.0,11.6,2.1,183,18,7.9,15.3,2.4,187,15,7.0,11.6,2.1,183,18,341,30.11,,0,0,0,82.0,76.5,75.2,0.04,0.00,0.01
WANT,2017-08-21 15:20:00 EDT,40.65510,-73.50616,28,79.9,79.1,79.9,64.5,66.8,0.000,0.000,0.00,0.000,6.3,11.7,1.9,174,17,7.2,13.0,2.2,182,15,6.3,11.7,1.9,174,17,286,30.11,,0,0,0,82.0,76.5,75.2,0.04,0.00,0.01
WANT,2017-08-21 15:25:00 EDT,40.65510,-73.50616,28,79.7,79.0,79.7,64.0,66.5,0.000,0.000,0.00,0.000,7.4,12.1,1.8,179,18,8.0,13.5,2.3,185,15,7.4,12.1,1.8,179,18,272,30.11,,0,0,0,82.0,76.5,75.2,0.04,0.00,0.01
WANT,2017-08-21 15:30:00 EDT,40.65510,-73.50616,28,79.8,79.0,79.8,63.4,66.3,0.000,0.000,0.00,0.000,7.1,14.3,2.3,183,18,8.3,15.4,2.7,188,14,7.1,14.3,2.3,183,18,337,30.11,,0,0,0,82.0,76.5,75.0,0.04,0.00,0.01
WANT,2017-08-21 15:35:00 EDT,40.65510,-73.50616,28,80.0,79.2,82.2,63.0,66.3,0.000,0.000,0.00,0.000,7.2,11.7,2.1,180,17,8.2,13.7,2.2,186,15,7.2,11.7,2.1,180,17,342,30.11,,0,0,0,82.0,76.5,75.2,0.04,0.00,0.01
WANT,2017-08-21 15:40:00 EDT,40.65510,-73.50616,28,80.7,79.8,82.9,62.0,66.4,0.000,0.000,0.00,0.000,6.9,11.5,1.8,177,19,8.0,14.4,2.0,185,16,6.9,11.5,1.8,177,19,453,30.11,,0,0,0,82.0,76.5,75.1,0.04,0.00,0.01
WANT,2017-08-21 15:45:00 EDT,40.65510,-73.50616,28,80.7,79.7,82.9,61.8,66.3,0.000,0.000,0.00,0.000,7.8,16.1,2.7,188,17,9.1,20.0,3.2,192,15,7.8,16.1,2.7,188,17,508,30.11,,0,0,0,82.0,76.5,75.1,0.04,0.00,0.01
WANT,2017-08-21 15:50:00 EDT,40.65510,-73.50616,28,80.9,80.0,83.3,62.3,66.9,0.000,0.000,0.00,0.000,8.3,16.7,2.3,181,19,9.2,19.0,2.9,187,15,8.3,16.7,2.3,181,19,485,30.11,,0,0,0,82.0,76.5,75.2,0.04,0.00,0.01
WANT,2017-08-21 15:55:00 EDT,40.65510,-73.50616,28,81.0,80.1,83.3,61.3,66.5,0.000,0.000,0.00,0.000,8.3,13.3,2.2,181,18,9.5,16.0,2.4,186,15,8.3,13.3,2.2,181,18,604,30.11,,0,0,0,82.0,76.5,75.1,0.04,0.00,0.01
WANT,2017-08-21 16:00:00 EDT,40.65510,-73.50616,28,80.7,79.8,83.0,61.9,66.5,0.000,0.000,0.00,0.000,9.4,18.0,3.2,188,17,10.7,17.4,3.4,193,13,9.4,18.0,3.2,188,17,506,30.11,,0,0,0,82.0,76.5,75.0,0.04,0.00,0.01
WANT,2017-08-21 16:05:00 EDT,40.65510,-73.50616,28,80.9,79.9,83.1,60.8,66.1,0.000,0.000,0.00,0.000,9.8,17.1,2.8,190,19,11.0,18.7,2.8,195,16,9.8,17.1,2.8,190,19,588,30.11,,0,0,0,81.7,76.5,75.0,0.04,0.00,0.01
WANT,2017-08-21 16:10:00 EDT,40.65510,-73.50616,28,81.4,80.4,83.6,59.6,66.0,0.000,0.000,0.00,0.000,8.8,14.2,2.7,191,16,10.5,16.4,2.7,195,14,8.8,14.2,2.7,191,16,565,30.12,,0,0,0,81.5,76.5,75.1,0.04,0.00,0.01
WANT,2017-08-21 16:15:00 EDT,40.65510,-73.50616,28,80.9,80.0,82.9,60.2,65.8,0.000,0.000,0.00,0.000,10.8,14.3,2.2,194,15,12.1,16.4,2.4,197,12,10.8,14.3,2.2,194,15,555,30.11,,0,0,0,81.5,76.5,75.0,0.04,0.00,0.01
WANT,2017-08-21 16:20:00 EDT,40.65510,-73.50616,28,80.9,79.9,83.1,61.7,66.5,0.000,0.000,0.00,0.000,10.6,15.5,2.4,195,13,11.5,19.1,2.7,200,12,10.6,15.5,2.4,195,13,487,30.11,,0,0,0,81.5,76.5,75.0,0.03,0.00,0.01
WANT,2017-08-21 16:25:00 EDT,40.65510,-73.50616,28,80.7,79.7,82.9,61.9,66.4,0.000,0.000,0.00,0.000,11.8,18.3,2.5,193,14,13.0,21.4,3.1,199,11,11.8,18.3,2.5,193,14,501,30.11,,0,0,0,81.5,76.5,75.0,0.03,0.00,0.01
WANT,2017-08-21 16:30:00 EDT,40.65510,-73.50616,28,80.9,79.9,83.2,61.6,66.5,0.000,0.000,0.00,0.000,11.7,18.1,2.6,203,14,12.4,19.1,2.8,206,13,11.7,18.1,2.6,203,14,504,30.11,,0,0,0,81.5,76.6,75.0,0.04,0.00,0.01
WANT,2017-08-21 16:35:00 EDT,40.65510,-73.50616,28,80.9,79.8,83.2,61.7,66.5,0.000,0.000,0.00,0.000,11.3,17.2,2.7,203,15,12.1,18.5,2.9,209,10,11.3,17.2,2.7,203,15,490,30.11,,0,0,0,81.5,76.8,75.0,0.03,0.00,0.01
WANT,2017-08-21 16:40:00 EDT,40.65510,-73.50616,28,80.8,79.6,83.0,61.9,66.5,0.000,0.000,0.00,0.000,11.8,19.1,3.5,202,13,12.5,22.1,3.5,209,11,11.8,19.1,3.5,202,13,478,30.11,,0,0,0,81.5,76.8,75.1,0.03,0.00,0.01
WANT,2017-08-21 16:45:00 EDT,40.65510,-73.50616,28,80.4,79.4,82.8,63.4,66.9,0.000,0.000,0.00,0.000,12.9,19.7,3.6,198,14,14.0,21.1,3.8,202,13,12.9,19.7,3.6,198,14,445,30.11,,0,0,0,81.5,76.8,75.0,0.03,0.00,0.01
WANT,2017-08-21 16:50:00 EDT,40.65510,-73.50616,28,80.1,79.1,82.4,64.3,66.9,0.000,0.000,0.00,0.000,12.7,19.2,3.2,192,15,14.0,21.7,3.4,198,11,12.7,19.2,3.2,192,15,441,30.11,,0,0,0,81.5,76.8,75.0,0.03,0.00,0.01
WANT,2017-08-21 16:55:00 EDT,40.65510,-73.50616,28,80.2,79.4,82.6,64.1,67.0,0.000,0.000,0.00,0.000,12.5,18.7,2.9,191,14,13.8,23.1,3.2,196,11,12.5,18.7,2.9,191,14,433,30.10,,0,0,0,81.5,76.8,75.0,0.03,0.00,0.01
WANT,2017-08-21 17:00:00 EDT,40.65510,-73.50616,28,80.2,79.3,82.7,65.5,67.6,0.000,0.000,0.00,0.000,12.3,18.0,2.2,194,11,13.2,20.6,2.7,199,10,12.3,18.0,2.2,194,11,418,30.10,,0,0,0,81.6,76.8,75.0,0.03,0.00,0.01
WANT,2017-08-21 17:05:00 EDT,40.65510,-73.50616,28,80.2,79.3,82.8,65.6,67.7,0.000,0.000,0.00,0.000,11.7,18.3,3.8,187,15,13.0,21.7,4.5,194,11,11.7,18.3,3.8,187,15,402,30.10,,0,0,0,81.5,76.8,75.0,0.03,0.00,0.01
WANT,2017-08-21 17:10:00 EDT,40.65510,-73.50616,28,80.5,79.5,83.0,64.5,67.4,0.000,0.000,0.00,0.000,10.7,17.8,3.4,187,21,12.4,21.1,4.0,190,13,10.7,17.8,3.4,187,21,386,30.10,,0,0,0,81.5,76.8,75.0,0.03,0.00,0.01
WANT,2017-08-21 17:15:00 EDT,40.65510,-73.50616,28,80.0,79.3,82.5,65.8,67.6,0.000,0.000,0.00,0.000,11.4,18.6,3.2,190,15,12.7,21.3,3.9,195,13,11.4,18.6,3.2,190,15,369,30.10,,0,0,0,81.7,76.8,75.0,0.03,0.00,0.01
WANT,2017-08-21 17:20:00 EDT,40.65510,-73.50616,28,79.7,79.0,79.7,67.5,68.0,0.000,0.000,0.00,0.000,11.5,17.3,2.9,191,18,12.9,22.6,3.5,195,13,11.5,17.3,2.9,191,18,350,30.10,,0,0,0,81.8,76.8,75.0,0.03,0.00,0.01
WANT,2017-08-21 17:25:00 EDT,40.65510,-73.50616,28,79.7,79.1,79.7,68.2,68.3,0.000,0.000,0.00,0.000,11.4,18.9,3.0,190,16,12.7,20.7,3.6,197,13,11.4,18.9,3.0,190,16,336,30.10,,0,0,0,81.8,76.8,75.0,0.03,0.00,0.01
WANT,2017-08-21 17:30:00 EDT,40.65510,-73.50616,28,79.6,78.9,79.6,68.3,68.3,0.000,0.000,0.00,0.000,12.7,20.5,3.5,190,13,13.9,22.3,3.8,197,11,12.7,20.5,3.5,190,13,323,30.10,,0,0,0,81.8,76.8,75.0,0.03,0.00,0.01
WANT,2017-08-21 17:35:00 EDT,40.65510,-73.50616,28,79.7,78.8,79.7,68.8,68.5,0.000,0.000,0.00,0.000,9.7,16.0,2.8,189,17,11.3,20.7,3.3,194,14,9.7,16.0,2.8,189,17,310,30.10,,0,0,0,81.8,76.8,75.0,0.03,0.00,0.01
WANT,2017-08-21 17:40:00 EDT,40.65510,-73.50616,28,79.5,78.9,79.5,68.9,68.4,0.000,0.000,0.00,0.000,10.2,17.2,3.2,190,14,11.8,21.8,3.8,195,10,10.2,17.2,3.2,190,14,294,30.10,,0,0,0,81.8,76.8,75.0,0.03,0.00,0.01
WANT,2017-08-21 17:45:00 EDT,40.65510,-73.50616,28,79.5,78.8,79.5,68.8,68.4,0.000,0.000,0.00,0.000,10.7,18.9,2.5,197,11,11.8,21.3,3.1,200,9,10.7,18.9,2.5,197,11,279,30.10,,0,0,0,81.8,76.8,75.0,0.03,0.00,0.01
WANT,2017-08-21 17:50:00 EDT,40.65510,-73.50616,28,79.6,78.9,79.6,69.3,68.7,0.000,0.000,0.00,0.000,10.1,16.3,2.3,200,17,10.6,15.8,2.6,203,13,10.1,16.3,2.3,200,17,265,30.10,,0,0,0,81.7,76.9,75.0,0.03,0.00,0.01
WANT,2017-08-21 17:55:00 EDT,40.65510,-73.50616,28,79.0,78.3,79.0,69.6,68.2,0.000,0.000,0.00,0.000,14.9,20.0,2.7,196,11,15.8,22.3,3.0,201,8,14.9,20.0,2.7,196,11,250,30.10,,0,0,0,81.5,77.0,75.0,0.03,0.00,0.01
WANT,2017-08-21 18:00:00 EDT,40.65510,-73.50616,28,79.2,78.5,79.2,70.7,68.9,0.000,0.000,0.00,0.000,10.5,17.2,2.8,197,15,11.5,18.6,3.0,200,12,10.5,17.2,2.8,197,15,232,30.10,,0,0,0,81.5,77.1,75.0,0.03,0.00,0.01
WANT,2017-08-21 18:05:00 EDT,40.65510,-73.50616,28,79.0,78.3,79.0,70.9,68.7,0.000,0.000,0.00,0.000,12.4,18.5,2.8,194,13,13.4,19.5,3.1,198,11,12.4,18.5,2.8,194,13,217,30.10,,0,0,0,81.5,77.1,75.0,0.03,0.00,0.01
WANT,2017-08-21 18:10:00 EDT,40.65510,-73.50616,28,78.7,78.1,78.7,72.2,69.0,0.000,0.000,0.00,0.000,11.7,17.8,3.4,192,13,12.8,20.2,3.7,196,11,11.7,17.8,3.4,192,13,199,30.09,,0,0,0,81.5,77.2,75.0,0.03,0.00,0.01
WANT,2017-08-21 18:15:00 EDT,40.65510,-73.50616,28,78.8,78.2,78.8,71.8,68.9,0.000,0.000,0.00,0.000,9.9,17.3,2.7,190,19,11.4,19.8,3.0,194,14,9.9,17.3,2.7,190,19,187,30.09,,0,0,0,81.5,77.2,75.0,0.03,0.00,0.01
WANT,2017-08-21 18:20:00 EDT,40.65510,-73.50616,28,78.5,78.0,78.5,72.1,68.8,0.000,0.000,0.00,0.000,11.4,19.7,3.4,192,17,12.6,21.7,3.7,199,14,11.4,19.7,3.4,192,17,151,30.09,,0,0,0,81.5,77.2,75.0,0.03,0.00,0.01
WANT,2017-08-21 18:25:00 EDT,40.65510,-73.50616,28,78.1,77.6,78.1,74.3,69.2,0.000,0.000,0.00,0.000,10.1,18.3,2.9,187,18,11.2,18.9,3.6,193,15,10.1,18.3,2.9,187,18,55,30.08,,0,0,0,81.5,77.2,75.0,0.03,0.00,0.01
WANT,2017-08-21 18:30:00 EDT,40.65510,-73.50616,28,77.9,77.5,77.9,75.3,69.4,0.000,0.000,0.00,0.000,7.5,14.2,2.6,185,18,8.9,16.4,3.0,192,13,7.5,14.2,2.6,185,18,54,30.08,,0,0,0,81.5,77.2,75.0,0.03,0.00,0.01
WANT,2017-08-21 18:35:00 EDT,40.65510,-73.50616,28,77.5,77.1,77.5,75.9,69.3,0.000,0.000,0.00,0.000,9.8,15.4,2.6,188,17,11.1,19.0,3.0,196,13,9.8,15.4,2.6,188,17,50,30.08,,0,0,0,81.5,77.2,75.0,0.03,0.00,0.01
WANT,2017-08-21 18:40:00 EDT,40.65510,-73.50616,28,77.4,77.0,77.4,76.8,69.5,0.000,0.000,0.00,0.000,9.0,15.8,2.8,188,17,10.0,17.8,3.4,193,14,9.0,15.8,2.8,188,17,71,30.08,,0,0,0,81.5,77.2,75.0,0.03,0.00,0.01
WANT,2017-08-21 18:45:00 EDT,40.65510,-73.50616,28,77.4,77.1,77.4,77.0,69.7,0.000,0.000,0.00,0.000,8.6,16.4,2.2,192,16,9.6,18.6,2.4,196,12,8.6,16.4,2.2,192,16,81,30.08,,0,0,0,81.5,77.2,75.0,0.03,0.00,0.01
WANT,2017-08-21 18:50:00 EDT,40.65510,-73.50616,28,77.5,77.2,77.5,76.7,69.6,0.000,0.000,0.00,0.000,8.6,17.2,3.0,186,18,10.1,22.6,3.5,191,13,8.6,17.2,3.0,186,18,96,30.08,,0,0,0,81.5,77.2,75.0,0.03,0.00,0.01
WANT,2017-08-21 18:55:00 EDT,40.65510,-73.50616,28,77.8,77.4,77.8,76.3,69.7,0.000,0.000,0.00,0.000,8.3,15.2,2.6,186,19,9.4,16.6,3.0,190,15,8.3,15.2,2.6,186,19,95,30.07,,0,0,0,81.5,77.2,75.0,0.03,0.00,0.01
WANT,2017-08-21 19:00:00 EDT,40.65510,-73.50616,28,77.6,77.2,77.6,76.6,69.6,0.000,0.000,0.00,0.000,8.7,13.9,2.4,194,16,9.9,16.9,2.7,196,14,8.7,13.9,2.4,194,16,83,30.07,,0,0,0,81.5,77.2,75.0,0.03,0.00,0.01
WANT,2017-08-21 19:05:00 EDT,40.65510,-73.50616,28,77.4,77.0,77.4,77.0,69.6,0.000,0.000,0.00,0.000,10.1,17.0,2.8,191,16,11.3,20.5,3.5,196,12,10.1,17.0,2.8,191,16,71,30.07,,0,0,0,81.5,77.2,75.0,0.03,0.00,0.01
WANT,2017-08-21 19:10:00 EDT,40.65510,-73.50616,28,77.3,77.0,77.3,77.7,69.8,0.000,0.000,0.00,0.000,9.2,15.0,2.6,185,15,10.5,19.1,3.2,192,12,9.2,15.0,2.6,185,15,40,30.07,,0,0,0,81.4,77.2,75.0,0.03,0.00,0.01
WANT,2017-08-21 19:15:00 EDT,40.65510,-73.50616,28,77.0,76.7,77.0,78.8,69.9,0.000,0.000,0.00,0.000,9.1,15.1,2.4,189,19,10.7,18.2,3.0,195,13,9.1,15.1,2.4,189,19,16,30.08,,0,0,0,81.1,77.2,75.0,0.03,0.00,0.01
WANT,2017-08-21 19:20:00 EDT,40.65510,-73.50616,28,76.8,76.5,76.8,80.1,70.2,0.000,0.000,0.00,0.000,10.3,18.8,2.9,188,15,11.8,21.2,3.6,195,11,10.3,18.8,2.9,188,15,19,30.08,,0,0,0,81.0,77.2,75.0,0.03,0.00,0.01
WANT,2017-08-21 19:25:00 EDT,40.65510,-73.50616,28,76.7,76.4,76.7,80.9,70.4,0.000,0.000,0.00,0.000,11.0,16.2,2.7,193,13,12.0,19.8,3.0,197,10,11.0,16.2,2.7,193,13,15,30.08,,0,0,0,81.0,77.2,75.0,0.03,0.00,0.01
WANT,2017-08-21 19:30:00 EDT,40.65510,-73.50616,28,76.5,76.3,76.5,81.8,70.6,0.000,0.000,0.00,0.000,10.4,16.3,2.4,196,12,11.3,18.4,2.4,200,10,10.4,16.3,2.4,196,12,9,30.08,,0,0,0,81.0,77.2,75.0,0.03,0.00,0.01
WANT,2017-08-21 19:35:00 EDT,40.65510,-73.50616,28,76.4,76.1,76.4,82.7,70.7,0.000,0.000,0.00,0.000,10.7,16.5,2.1,192,12,11.6,17.2,2.5,197,10,10.7,16.5,2.1,192,12,5,30.08,,0,0,0,81.0,77.2,75.0,0.03,0.00,0.01
WANT,2017-08-21 19:40:00 EDT,40.65510,-73.50616,28,76.3,76.1,76.3,82.8,70.7,0.000,0.000,0.00,0.000,10.4,15.3,2.2,197,13,11.2,16.7,2.5,201,12,10.4,15.3,2.2,197,13,4,30.08,,0,0,0,81.0,77.2,75.1,0.03,0.00,0.01
WANT,2017-08-21 19:45:00 EDT,40.65510,-73.50616,28,76.4,76.1,76.4,82.5,70.6,0.000,0.000,0.00,0.000,10.5,15.1,1.8,194,13,11.0,17.1,2.1,199,10,10.5,15.1,1.8,194,13,3,30.08,,0,0,0,81.0,77.2,75.0,0.03,0.00,0.01
WANT,2017-08-21 19:50:00 EDT,40.65510,-73.50616,28,76.3,76.0,76.3,82.9,70.7,0.000,0.000,0.00,0.000,9.3,14.0,2.2,193,13,10.0,15.3,2.5,198,9,9.3,14.0,2.2,193,13,2,30.08,,0,0,0,81.0,77.2,75.0,0.03,0.00,0.01
WANT,2017-08-21 19:55:00 EDT,40.65510,-73.50616,28,76.2,76.0,76.2,83.8,70.9,0.000,0.000,0.00,0.000,7.2,12.1,1.8,190,17,8.5,15.6,2.4,195,13,7.2,12.1,1.8,190,17,1,30.08,,0,0,0,81.0,77.2,75.1,0.03,0.00,0.01
WANT,2017-08-21 20:00:00 EDT,40.65510,-73.50616,28,76.1,75.9,76.1,84.7,71.1,0.000,0.000,0.00,0.000,8.9,13.4,2.0,188,14,10.1,15.8,2.5,194,12,8.9,13.4,2.0,188,14,1,30.08,,0,0,0,81.0,77.4,75.1,0.03,0.00,0.01
WANT,2017-08-21 20:05:00 EDT,40.65510,-73.50616,28,76.1,75.8,76.1,85.4,71.4,0.000,0.000,0.00,0.000,10.1,15.4,2.0,196,13,11.1,18.6,2.4,200,12,10.1,15.4,2.0,196,13,0,30.08,,0,0,0,81.0,77.5,75.1,0.03,0.00,0.01
WANT,2017-08-21 20:10:00 EDT,40.65510,-73.50616,28,76.1,75.9,76.1,85.8,71.6,0.000,0.000,0.00,0.000,9.6,16.5,2.4,201,12,10.2,19.5,2.8,206,11,9.6,16.5,2.4,201,12,0,30.08,,0,0,0,80.6,77.6,75.0,0.03,0.00,0.01
WANT,2017-08-21 20:15:00 EDT,40.65510,-73.50616,28,76.1,75.9,76.1,86.0,71.6,0.000,0.000,0.00,0.000,8.6,16.1,2.4,205,13,9.3,17.3,2.4,208,12,8.6,16.1,2.4,205,13,0,30.08,,0,0,0,80.4,77.7,75.1,0.03,0.00,0.01
WANT,2017-08-21 20:20:00 EDT,40.65510,-73.50616,28,76.2,76.0,76.2,86.0,71.7,0.000,0.000,0.00,0.000,10.4,16.7,2.5,199,10,11.0,18.3,2.8,205,10,10.4,16.7,2.5,199,10,0,30.08,,0,0,0,80.4,77.7,75.1,0.03,0.00,0.01
WANT,2017-08-21 20:25:00 EDT,40.65510,-73.50616,28,76.2,76.0,76.2,86.0,71.7,0.000,0.000,0.00,0.000,9.5,16.4,2.4,204,14,9.9,16.6,2.6,207,12,9.5,16.4,2.4,204,14,0,30.08,,0,0,0,80.4,77.7,75.1,0.03,0.00,0.01
WANT,2017-08-21 20:30:00 EDT,40.65510,-73.50616,28,76.3,76.1,76.3,85.8,71.7,0.000,0.000,0.00,0.000,9.0,14.5,2.5,202,14,9.9,16.7,2.8,208,13,9.0,14.5,2.5,202,14,0,30.08,,0,0,0,80.4,77.7,75.1,0.03,0.00,0.01
WANT,2017-08-21 20:35:00 EDT,40.65510,-73.50616,28,76.2,76.0,76.2,85.9,71.7,0.000,0.000,0.00,0.000,9.1,15.1,2.5,201,13,9.7,17.2,2.8,206,12,9.1,15.1,2.5,201,13,0,30.09,,0,0,0,80.4,77.7,75.2,0.03,0.00,0.01
WANT,2017-08-21 20:40:00 EDT,40.65510,-73.50616,28,76.2,76.0,76.2,85.8,71.6,0.000,0.000,0.00,0.000,10.1,16.4,2.3,203,11,10.5,21.1,2.7,207,11,10.1,16.4,2.3,203,11,0,30.09,,0,0,0,80.4,77.7,75.1,0.03,0.00,0.01
WANT,2017-08-21 20:45:00 EDT,40.65510,-73.50616,28,76.1,75.9,76.1,85.7,71.5,0.000,0.000,0.00,0.000,10.4,15.0,2.4,201,11,10.9,16.8,2.6,206,11,10.4,15.0,2.4,201,11,0,30.09,,0,0,0,80.2,77.7,75.3,0.03,0.00,0.01
WANT,2017-08-21 20:50:00 EDT,40.65510,-73.50616,28,76.0,75.8,76.0,85.9,71.5,0.000,0.000,0.00,0.000,9.5,14.0,1.7,198,11,10.0,15.9,2.1,203,10,9.5,14.0,1.7,198,11,0,30.09,,0,0,0,80.2,77.7,75.1,0.03,0.00,0.01
WANT,2017-08-21 20:55:00 EDT,40.65510,-73.50616,28,76.0,75.8,76.0,86.0,71.5,0.000,0.000,0.00,0.000,9.0,14.5,2.2,198,13,9.4,14.0,2.3,204,11,9.0,14.5,2.2,198,13,0,30.09,,0,0,0,80.1,77.7,75.2,0.03,0.00,0.01
WANT,2017-08-21 21:00:00 EDT,40.65510,-73.50616,28,75.9,75.7,75.9,86.4,71.6,0.000,0.000,0.00,0.000,8.8,14.0,2.5,202,14,9.4,14.5,2.6,207,12,8.8,14.0,2.5,202,14,0,30.09,,0,0,0,80.1,77.7,75.2,0.03,0.00,0.01
WANT,2017-08-21 21:05:00 EDT,40.65510,-73.50616,28,75.9,75.7,75.9,86.7,71.6,0.000,0.000,0.00,0.000,7.7,12.9,1.9,199,15,8.2,15.3,2.1,207,12,7.7,12.9,1.9,199,15,0,30.09,,0,0,0,80.1,77.7,75.1,0.03,0.00,0.01
WANT,2017-08-21 21:10:00 EDT,40.65510,-73.50616,28,75.9,75.7,75.9,86.8,71.7,0.000,0.000,0.00,0.000,8.2,13.1,2.3,203,14,8.8,13.8,2.3,207,13,8.2,13.1,2.3,203,14,0,30.09,,0,0,0,80.1,77.7,75.2,0.03,0.00,0.01
WANT,2017-08-21 21:15:00 EDT,40.65510,-73.50616,28,75.9,75.7,75.9,86.8,71.7,0.000,0.000,0.00,0.000,8.7,13.5,1.7,202,14,9.2,13.2,1.9,208,13,8.7,13.5,1.7,202,14,0,30.09,,0,0,0,80.1,77.7,75.1,0.03,0.00,0.01
WANT,2017-08-21 21:20:00 EDT,40.65510,-73.50616,28,75.9,75.7,75.9,86.7,71.6,0.000,0.000,0.00,0.000,8.6,14.5,2.5,205,14,9.1,15.3,2.5,211,12,8.6,14.5,2.5,205,14,0,30.09,,0,0,0,80.1,77.7,75.2,0.03,0.00,0.01
WANT,2017-08-21 21:25:00 EDT,40.65510,-73.50616,28,75.9,75.7,75.9,86.4,71.5,0.000,0.000,0.00,0.000,8.9,14.2,2.4,202,16,9.6,15.8,2.5,209,12,8.9,14.2,2.4,202,16,0,30.09,,0,0,0,80.1,77.7,75.3,0.03,0.00,0.01
WANT,2017-08-21 21:30:00 EDT,40.65510,-73.50616,28,75.9,75.7,75.9,86.0,71.4,0.000,0.000,0.00,0.000,9.0,15.6,2.5,202,14,9.8,15.9,2.5,208,14,9.0,15.6,2.5,202,14,0,30.09,,0,0,0,80.0,77.7,75.4,0.03,0.00,0.01
WANT,2017-08-21 21:35:00 EDT,40.65510,-73.50616,28,75.9,75.7,75.9,85.8,71.4,0.000,0.000,0.00,0.000,10.1,15.8,2.3,204,11,10.7,17.2,2.4,210,10,10.1,15.8,2.3,204,11,0,30.09,,0,0,0,79.8,77.7,75.4,0.03,0.00,0.01
WANT,2017-08-21 21:40:00 EDT,40.65510,-73.50616,28,75.9,75.7,75.9,85.9,71.3,0.000,0.000,0.00,0.000,10.2,16.7,2.6,203,13,10.7,16.8,2.5,208,11,10.2,16.7,2.6,203,13,0,30.09,,0,0,0,79.5,77.7,75.4,0.03,0.00,0.01
WANT,2017-08-21 21:45:00 EDT,40.65510,-73.50616,28,75.7,75.6,75.7,86.1,71.3,0.000,0.000,0.00,0.000,8.6,15.1,2.4,209,14,9.3,15.1,2.4,214,13,8.6,15.1,2.4,209,14,0,30.09,,0,0,0,79.5,77.7,75.4,0.03,0.00,0.01
WANT,2017-08-21 21:50:00 EDT,40.65510,-73.50616,28,75.7,75.6,75.7,86.1,71.3,0.000,0.000,0.00,0.000,9.5,15.7,2.5,208,12,10.0,16.3,2.5,215,10,9.5,15.7,2.5,208,12,0,30.09,,0,0,0,79.5,77.7,75.4,0.03,0.00,0.01
WANT,2017-08-21 21:55:00 EDT,40.65510,-73.50616,28,75.7,75.6,75.7,86.0,71.2,0.000,0.000,0.00,0.000,9.1,14.9,2.4,211,12,9.7,15.2,2.2,216,12,9.1,14.9,2.4,211,12,0,30.09,,0,0,0,79.5,77.7,75.5,0.03,0.00,0.01
WANT,2017-08-21 22:00:00 EDT,40.65510,-73.50616,28,75.7,75.6,75.7,86.1,71.2,0.000,0.000,0.00,0.000,7.9,13.3,2.3,214,13,8.3,14.4,2.3,218,13,7.9,13.3,2.3,214,13,0,30.09,,0,0,0,79.5,77.7,75.5,0.03,0.00,0.01
WANT,2017-08-21 22:05:00 EDT,40.65510,-73.50616,28,75.7,75.6,75.7,86.2,71.2,0.000,0.000,0.00,0.000,8.9,17.1,2.5,214,14,9.6,16.6,2.5,218,13,8.9,17.1,2.5,214,14,0,30.08,,0,0,0,79.5,77.7,75.5,0.03,0.00,0.01
WANT,2017-08-21 22:10:00 EDT,40.65510,-73.50616,28,75.8,75.7,75.8,85.4,71.1,0.000,0.000,0.00,0.000,8.9,14.2,1.8,212,16,9.8,15.6,2.1,217,14,8.9,14.2,1.8,212,16,0,30.08,,0,0,0,79.5,77.7,75.5,0.03,0.00,0.01
WANT,2017-08-21 22:15:00 EDT,40.65510,-73.50616,28,75.9,75.8,75.9,84.9,71.0,0.000,0.000,0.00,0.000,8.4,17.1,2.3,209,13,8.9,18.4,2.3,215,14,8.4,17.1,2.3,209,13,0,30.08,,0,0,0,79.5,77.8,75.5,0.03,0.00,0.01
WANT,2017-08-21 22:20:00 EDT,40.65510,-73.50616,28,75.8,75.7,75.8,85.6,71.2,0.000,0.000,0.00,0.000,8.5,14.7,2.1,206,14,8.9,15.4,2.3,209,12,8.5,14.7,2.1,206,14,0,30.08,,0,0,0,79.3,77.8,75.6,0.03,0.00,0.01
WANT,2017-08-21 22:25:00 EDT,40.65510,-73.50616,28,75.7,75.6,75.7,86.5,71.4,0.000,0.000,0.00,0.000,7.7,13.2,2.2,202,12,8.3,13.2,2.1,208,12,7.7,13.2,2.2,202,12,0,30.08,,0,0,0,79.2,77.8,75.6,0.03,0.00,0.01
WANT,2017-08-21 22:30:00 EDT,40.65510,-73.50616,28,75.6,75.5,75.6,86.9,71.4,0.000,0.000,0.00,0.000,8.1,13.5,1.9,202,13,8.6,13.1,2.0,207,11,8.1,13.5,1.9,202,13,0,30.08,,0,0,0,79.2,77.9,75.6,0.03,0.00,0.01
WANT,2017-08-21 22:35:00 EDT,40.65510,-73.50616,28,75.5,75.4,75.5,87.3,71.4,0.000,0.000,0.00,0.000,6.7,10.3,1.6,201,13,7.4,12.5,2.0,207,12,6.7,10.3,1.6,201,13,0,30.08,,0,0,0,79.2,77.8,75.6,0.03,0.00,0.01
WANT,2017-08-21 22:40:00 EDT,40.65510,-73.50616,28,75.5,75.4,75.5,87.5,71.6,0.000,0.000,0.00,0.000,8.5,14.1,2.0,198,10,8.9,17.6,2.3,203,10,8.5,14.1,2.0,198,10,0,30.08,,0,0,0,79.2,77.8,75.6,0.03,0.00,0.01
WANT,2017-08-21 22:45:00 EDT,40.65510,-73.50616,28,75.5,75.3,75.5,88.2,71.8,0.000,0.000,0.00,0.000,9.0,12.4,1.4,198,9,9.2,13.5,1.8,203,10,9.0,12.4,1.4,198,9,0,30.08,,0,0,0,79.2,77.8,75.6,0.03,0.00,0.01
WANT,2017-08-21 22:50:00 EDT,40.65510,-73.50616,28,75.4,75.2,75.4,88.8,71.9,0.000,0.000,0.00,0.000,7.7,12.5,2.0,200,14,8.2,13.4,2.2,206,11,7.7,12.5,2.0,200,14,0,30.07,,0,0,0,79.2,77.8,75.6,0.03,0.00,0.01
WANT,2017-08-21 22:55:00 EDT,40.65510,-73.50616,28,75.2,75.1,75.2,89.4,71.9,0.000,0.000,0.00,0.000,7.0,11.0,2.0,210,14,7.5,11.9,2.0,214,13,7.0,11.0,2.0,210,14,0,30.07,,0,0,0,79.2,77.9,75.6,0.03,0.00,0.01
WANT,2017-08-21 23:00:00 EDT,40.65510,-73.50616,28,75.2,75.1,75.2,89.5,71.9,0.000,0.000,0.00,0.000,7.6,12.9,2.0,208,14,8.1,13.3,2.2,213,12,7.6,12.9,2.0,208,14,0,30.07,,0,0,0,79.2,77.8,75.6,0.03,0.00,0.01
WANT,2017-08-21 23:05:00 EDT,40.65510,-73.50616,28,75.3,75.2,75.3,89.7,72.1,0.000,0.000,0.00,0.000,7.9,13.3,2.1,207,12,8.3,14.5,2.3,211,11,7.9,13.3,2.1,207,12,0,30.07,,0,0,0,79.2,77.8,75.6,0.03,0.00,0.01
WANT,2017-08-21 23:10:00 EDT,40.65510,-73.50616,28,75.3,75.1,75.3,89.9,72.1,0.000,0.000,0.00,0.000,7.7,12.9,1.8,211,15,8.0,13.4,2.0,216,12,7.7,12.9,1.8,211,15,0,30.07,,0,0,0,79.2,77.9,75.6,0.03,0.00,0.01
WANT,2017-08-21 23:15:00 EDT,40.65510,-73.50616,28,75.2,75.0,75.2,89.8,71.9,0.000,0.000,0.00,0.000,7.0,12.1,2.0,209,14,7.3,12.3,2.0,215,13,7.0,12.1,2.0,209,14,0,30.07,,0,0,0,79.1,77.9,75.6,0.03,0.00,0.01
WANT,2017-08-21 23:20:00 EDT,40.65510,-73.50616,28,75.0,74.9,75.0,89.3,71.7,0.000,0.000,0.00,0.000,7.0,11.5,2.0,212,14,7.5,12.4,2.0,217,15,7.0,11.5,2.0,212,14,0,30.07,,0,0,0,78.8,77.9,75.6,0.03,0.00,0.01
WANT,2017-08-21 23:25:00 EDT,40.65510,-73.50616,28,75.0,74.9,75.0,88.7,71.4,0.000,0.000,0.00,0.000,7.6,13.9,2.1,217,15,8.0,13.6,2.1,223,15,7.6,13.9,2.1,217,15,0,30.07,,0,0,0,78.6,77.8,75.6,0.03,0.00,0.01
WANT,2017-08-21 23:30:00 EDT,40.65510,-73.50616,28,75.1,75.0,75.1,87.8,71.2,0.000,0.000,0.00,0.000,8.1,12.0,1.8,220,12,8.3,12.5,1.8,227,11,8.1,12.0,1.8,220,12,0,30.07,,0,0,0,78.6,77.9,75.6,0.03,0.00,0.01
WANT,2017-08-21 23:35:00 EDT,40.65510,-73.50616,28,75.0,75.0,75.0,87.5,71.0,0.000,0.000,0.00,0.000,7.2,11.7,1.6,222,12,7.7,11.9,1.5,228,12,7.2,11.7,1.6,222,12,0,30.08,,0,0,0,78.6,77.9,75.6,0.03,0.00,0.01
WANT,2017-08-21 23:40:00 EDT,40.65510,-73.50616,28,75.0,75.0,75.0,87.2,70.9,0.000,0.000,0.00,0.000,6.0,12.3,1.9,220,15,6.5,14.7,1.9,226,14,6.0,12.3,1.9,220,15,0,30.08,,0,0,0,78.6,77.9,75.6,0.03,0.00,0.01
WANT,2017-08-21 23:45:00 EDT,40.65510,-73.50616,28,74.9,75.0,74.9,87.2,70.9,0.000,0.000,0.00,0.000,5.2,7.8,1.3,220,13,5.6,8.9,1.5,228,13,5.2,7.8,1.3,220,13,0,30.07,,0,0,0,78.6,78.0,75.6,0.03,0.00,0.01
WANT,2017-08-21 23:50:00 EDT,40.65510,-73.50616,28,75.0,75.0,75.0,87.3,71.0,0.000,0.000,0.00,0.000,4.9,8.2,1.4,215,16,5.4,9.4,1.4,223,15,4.9,8.2,1.4,215,16,0,30.07,,0,0,0,78.6,77.9,75.6,0.03,0.00,0.01
WANT,2017-08-21 23:55:00 EDT,40.65510,-73.50616,28,75.0,75.0,75.0,87.6,71.0,0.000,0.000,0.00,0.000,6.1,10.6,2.0,210,12,6.7,12.0,1.9,215,12,6.1,10.6,2.0,210,12,0,30.07,,0,0,0,78.6,77.9,75.6,0.03,0.00,0.01
WARS,2017-08-21 00:00:00 EDT,42.77993,-78.20889,1774,65.9,67.7,65.9,74.3,57.5,0.000,0.000,0.00,0.000,7.4,9.1,0.8,231,6,7.8,9.3,0.8,238,6,7.4,9.1,0.8,231,6,0,28.30,,0,0,0,66.7,65.1,63.1,0.44,0.37,0.35
WARS,2017-08-21 00:05:00 EDT,42.77993,-78.20889,1774,66.0,67.7,66.0,74.5,57.7,0.000,0.000,0.00,0.000,7.5,9.4,0.7,232,5,8.0,10.0,0.8,238,6,7.5,9.4,0.7,232,5,0,28.30,,0,0,0,66.7,65.1,63.1,0.44,0.37,0.35
WARS,2017-08-21 00:10:00 EDT,42.77993,-78.20889,1774,65.9,67.6,65.9,74.5,57.6,0.000,0.000,0.00,0.000,6.8,9.0,0.8,230,6,7.2,9.6,1.0,238,6,6.8,9.0,0.8,230,6,0,28.30,,0,0,0,66.7,65.1,63.1,0.44,0.37,0.35
WARS,2017-08-21 00:15:00 EDT,42.77993,-78.20889,1774,65.9,67.9,65.9,74.8,57.7,0.000,0.000,0.00,0.000,7.9,9.7,0.9,234,6,8.3,10.9,1.0,240,6,7.9,9.7,0.9,234,6,0,28.30,,0,0,0,66.6,65.1,63.1,0.44,0.37,0.35
WARS,2017-08-21 00:20:00 EDT,42.77993,-78.20889,1774,66.0,67.8,66.0,74.3,57.6,0.000,0.000,0.00,0.000,7.7,9.9,0.9,237,6,8.3,11.1,1.0,243,6,7.7,9.9,0.9,237,6,0,28.30,,0,0,0,66.4,65.1,63.1,0.44,0.37,0.35
WARS,2017-08-21 00:25:00 EDT,42.77993,-78.20889,1774,65.8,67.7,65.8,74.5,57.5,0.000,0.000,0.00,0.000,7.4,10.0,1.0,238,8,7.9,10.2,1.0,246,7,7.4,10.0,1.0,238,8,0,28.30,,0,0,0,66.4,65.1,63.1,0.44,0.37,0.35
WARS,2017-08-21 00:30:00 EDT,42.77993,-78.20889,1774,65.8,67.4,65.8,74.8,57.6,0.000,0.000,0.00,0.000,7.1,8.9,0.8,242,7,7.7,9.8,1.0,249,6,7.1,8.9,0.8,242,7,0,28.30,,0,0,0,66.4,65.1,63.1,0.44,0.37,0.35
WARS,2017-08-21 00:35:00 EDT,42.77993,-78.20889,1774,65.5,67.2,65.5,75.3,57.5,0.000,0.000,0.00,0.000,7.1,10.0,0.9,242,7,7.8,10.7,1.0,251,6,7.1,10.0,0.9,242,7,0,28.30,,0,0,0,66.4,65.1,63.1,0.44,0.37,0.35
WARS,2017-08-21 00:40:00 EDT,42.77993,-78.20889,1774,65.6,67.2,65.6,75.5,57.6,0.000,0.000,0.00,0.000,7.6,10.3,0.9,243,7,8.3,11.6,1.0,252,6,7.6,10.3,0.9,243,7,0,28.30,,0,0,0,66.4,65.1,63.1,0.44,0.37,0.35
WARS,2017-08-21 00:45:00 EDT,42.77993,-78.20889,1774,65.4,67.1,65.4,76.0,57.6,0.000,0.000,0.00,0.000,7.1,8.5,0.6,245,7,7.8,9.7,0.8,254,6,7.1,8.5,0.6,245,7,0,28.30,,0,0,0,66.4,65.1,63.1,0.44,0.37,0.35
WARS,2017-08-21 00:50:00 EDT,42.77993,-78.20889,1774,65.6,67.4,65.6,76.0,57.8,0.000,0.000,0.00,0.000,7.1,9.1,0.7,241,6,7.7,10.2,0.9,250,6,7.1,9.1,0.7,241,6,0,28.30,,0,0,0,66.4,65.1,63.1,0.44,0.37,0.35
WARS,2017-08-21 00:55:00 EDT,42.77993,-78.20889,1774,65.3,67.4,65.3,76.6,57.8,0.000,0.000,0.00,0.000,6.9,9.1,0.9,238,7,7.5,10.0,1.1,247,7,6.9,9.1,0.9,238,7,0,28.30,,0,0,0,66.4,65.1,63.1,0.44,0.37,0.35
WARS,2017-08-21 01:00:00 EDT,42.77993,-78.20889,1774,65.4,67.2,65.4,77.3,58.1,0.000,0.000,0.00,0.000,7.0,9.4,0.9,242,7,7.6,10.0,1.0,250,6,7.0,9.4,0.9,242,7,0,28.30,,0,0,0,66.4,65.1,63.1,0.44,0.37,0.35
WARS,2017-08-21 01:05:00 EDT,42.77993,-78.20889,1774,65.2,67.0,65.2,77.7,58.1,0.000,0.000,0.00,0.000,6.6,8.8,0.7,243,8,7.1,9.1,0.8,252,7,6.6,8.8,0.7,243,8,0,28.30,,0,0,0,66.4,65.1,63.1,0.44,0.37,0.35
WARS,2017-08-21 01:10:00 EDT,42.77993,-78.20889,1774,65.7,67.5,65.7,77.3,58.4,0.000,0.000,0.00,0.000,7.9,10.3,0.8,244,6,8.6,11.5,1.0,252,5,7.9,10.3,0.8,244,6,0,28.30,,0,0,0,66.4,65.1,63.1,0.44,0.37,0.35
WARS,2017-08-21 01:15:00 EDT,42.77993,-78.20889,1774,66.1,67.9,66.1,75.8,58.3,0.000,0.000,0.00,0.000,8.1,10.2,0.9,244,7,8.8,11.6,1.1,252,6,8.1,10.2,0.9,244,7,0,28.30,,0,0,0,66.4,65.1,63.1,0.44,0.37,0.35
WARS,2017-08-21 01:20:00 EDT,42.77993,-78.20889,1774,65.9,67.6,65.9,75.5,57.9,0.000,0.000,0.00,0.000,7.3,9.1,0.8,240,6,7.9,10.4,1.0,249,6,7.3,9.1,0.8,240,6,0,28.30,,0,0,0,66.4,65.1,63.1,0.44,0.37,0.35
WARS,2017-08-21 01:25:00 EDT,42.77993,-78.20889,1774,66.0,67.8,66.0,75.4,58.0,0.000,0.000,0.00,0.000,7.8,9.7,0.9,238,6,8.3,10.6,1.0,245,6,7.8,9.7,0.9,238,6,0,28.30,,0,0,0,66.4,65.1,63.1,0.44,0.37,0.35
WARS,2017-08-21 01:30:00 EDT,42.77993,-78.20889,1774,66.3,68.1,66.3,74.4,57.9,0.000,0.000,0.00,0.000,8.4,9.9,0.7,236,6,8.8,10.9,0.7,243,5,8.4,9.9,0.7,236,6,0,28.30,,0,0,0,66.4,65.1,63.1,0.44,0.37,0.35
WARS,2017-08-21 01:35:00 EDT,42.77993,-78.20889,1774,66.7,68.5,66.7,73.3,57.9,0.000,0.000,0.00,0.000,8.9,11.8,1.1,235,5,9.3,12.0,1.1,241,5,8.9,11.8,1.1,235,5,0,28.30,,0,0,0,66.4,65.1,63.1,0.44,0.37,0.35
WARS,2017-08-21 01:40:00 EDT,42.77993,-78.20889,1774,66.4,68.3,66.4,73.1,57.6,0.000,0.000,0.00,0.000,8.2,10.4,0.8,234,6,8.5,10.7,0.9,241,6,8.2,10.4,0.8,234,6,0,28.30,,0,0,0,66.4,65.1,63.1,0.44,0.37,0.34
WARS,2017-08-21 01:45:00 EDT,42.77993,-78.20889,1774,66.2,68.3,66.2,73.6,57.5,0.000,0.000,0.00,0.000,8.3,10.9,0.9,233,6,8.7,11.5,1.0,241,5,8.3,10.9,0.9,233,6,0,28.30,,0,0,0,66.3,65.1,63.1,0.44,0.37,0.35
WARS,2017-08-21 01:50:00 EDT,42.77993,-78.20889,1774,66.6,68.3,66.6,73.1,57.7,0.000,0.000,0.00,0.000,8.7,11.1,1.0,226,7,9.0,12.0,1.1,233,7,8.7,11.1,1.0,226,7,0,28.30,,0,0,0,66.1,65.1,63.1,0.44,0.37,0.35
WARS,2017-08-21 01:55:00 EDT,42.77993,-78.20889,1774,67.0,68.7,67.0,70.9,57.3,0.000,0.000,0.00,0.000,9.0,13.0,1.5,232,9,9.3,12.8,1.4,239,9,9.0,13.0,1.5,232,9,0,28.30,,0,0,0,66.0,65.1,63.1,0.44,0.37,0.35
WARS,2017-08-21 02:00:00 EDT,42.77993,-78.20889,1774,67.4,69.0,67.4,69.2,57.0,0.000,0.000,0.00,0.000,9.7,12.9,1.4,231,7,10.0,12.8,1.4,238,8,9.7,12.9,1.4,231,7,0,28.30,,0,0,0,66.0,65.1,63.1,0.44,0.37,0.35
WARS,2017-08-21 02:05:00 EDT,42.77993,-78.20889,1774,67.4,68.9,67.4,68.5,56.7,0.000,0.000,0.00,0.000,9.3,11.5,1.0,228,7,9.6,12.8,1.2,234,6,9.3,11.5,1.0,228,7,0,28.30,,0,0,0,66.0,65.1,63.1,0.44,0.37,0.35
WARS,2017-08-21 02:10:00 EDT,42.77993,-78.20889,1774,67.0,68.7,67.0,69.6,56.7,0.000,0.000,0.00,0.000,8.3,11.3,1.2,227,7,8.6,11.3,1.2,234,6,8.3,11.3,1.2,227,7,0,28.30,,0,0,0,66.0,65.1,63.1,0.44,0.37,0.35
WARS,2017-08-21 02:15:00 EDT,42.77993,-78.20889,1774,67.1,68.7,67.1,69.8,56.9,0.000,0.000,0.00,0.000,8.3,11.9,1.1,228,7,8.6,11.7,1.1,235,6,8.3,11.9,1.1,228,7,0,28.29,,0,0,0,66.0,65.1,63.1,0.44,0.37,0.34
WARS,2017-08-21 02:20:00 EDT,42.77993,-78.20889,1774,67.0,68.7,67.0,69.9,56.8,0.000,0.000,0.00,0.000,7.7,10.2,0.9,226,8,8.2,10.8,0.9,233,7,7.7,10.2,0.9,226,8,0,28.29,,0,0,0,66.0,65.1,63.1,0.44,0.37,0.35
WARS,2017-08-21 02:25:00 EDT,42.77993,-78.20889,1774,67.2,68.8,67.2,69.5,56.8,0.000,0.000,0.00,0.000,8.4,11.0,1.1,227,7,8.7,11.8,1.2,234,7,8.4,11.0,1.1,227,7,0,28.29,,0,0,0,66.0,65.1,63.1,0.44,0.37,0.35
WARS,2017-08-21 02:30:00 EDT,42.77993,-78.20889,1774,67.1,68.9,67.1,69.6,56.8,0.000,0.000,0.00,0.000,8.1,10.8,1.2,229,7,8.5,11.9,1.2,235,7,8.1,10.8,1.2,229,7,0,28.29,,0,0,0,66.0,65.1,63.1,0.44,0.37,0.35
WARS,2017-08-21 02:35:00 EDT,42.77993,-78.20889,1774,67.5,69.1,67.5,68.6,56.8,0.000,0.000,0.00,0.000,9.3,12.6,1.2,230,8,9.6,13.8,1.2,237,8,9.3,12.6,1.2,230,8,0,28.29,,0,0,0,66.0,65.1,63.1,0.44,0.37,0.35
WARS,2017-08-21 02:40:00 EDT,42.77993,-78.20889,1774,67.3,68.9,67.3,68.8,56.7,0.000,0.000,0.00,0.000,9.3,13.4,1.5,228,7,9.7,14.6,1.5,234,7,9.3,13.4,1.5,228,7,0,28.29,,0,0,0,66.0,65.1,63.1,0.44,0.37,0.35
WARS,2017-08-21 02:45:00 EDT,42.77993,-78.20889,1774,67.5,69.0,67.5,68.2,56.7,0.000,0.000,0.00,0.000,9.6,13.4,1.3,227,7,10.0,13.4,1.3,234,6,9.6,13.4,1.3,227,7,0,28.29,,0,0,0,66.0,65.1,63.1,0.44,0.37,0.35
WARS,2017-08-21 02:50:00 EDT,42.77993,-78.20889,1774,67.9,69.3,67.9,67.2,56.6,0.000,0.000,0.00,0.000,10.3,13.4,1.2,232,7,10.5,13.7,1.2,238,7,10.3,13.4,1.2,232,7,0,28.30,,0,0,0,66.0,65.1,63.1,0.44,0.37,0.35
WARS,2017-08-21 02:55:00 EDT,42.77993,-78.20889,1774,68.0,69.3,68.0,66.8,56.5,0.000,0.000,0.00,0.000,10.7,15.3,1.4,230,7,11.0,15.7,1.5,237,7,10.7,15.3,1.4,230,7,0,28.30,,0,0,0,66.0,65.1,63.1,0.44,0.37,0.35
WARS,2017-08-21 03:00:00 EDT,42.77993,-78.20889,1774,67.9,69.3,67.9,67.0,56.5,0.000,0.000,0.00,0.000,10.3,14.5,1.4,231,8,10.7,15.6,1.6,237,8,10.3,14.5,1.4,231,8,0,28.30,,0,0,0,66.0,65.1,63.1,0.44,0.37,0.35
WARS,2017-08-21 03:05:00 EDT,42.77993,-78.20889,1774,67.7,69.3,67.7,67.3,56.5,0.000,0.000,0.00,0.000,9.8,15.1,1.5,229,8,10.2,15.1,1.5,235,7,9.8,15.1,1.5,229,8,0,28.30,,0,0,0,66.0,65.1,63.1,0.44,0.37,0.35
WARS,2017-08-21 03:10:00 EDT,42.77993,-78.20889,1774,68.0,69.5,68.0,66.2,56.3,0.000,0.000,0.00,0.000,9.9,13.5,1.5,227,7,10.1,14.0,1.5,233,6,9.9,13.5,1.5,227,7,0,28.30,,0,0,0,66.0,65.1,63.1,0.44,0.37,0.35
WARS,2017-08-21 03:15:00 EDT,42.77993,-78.20889,1774,68.1,69.7,68.1,66.3,56.4,0.000,0.000,0.00,0.000,10.4,14.5,1.5,228,8,10.7,15.3,1.5,233,7,10.4,14.5,1.5,228,8,0,28.30,,0,0,0,66.0,65.1,63.1,0.44,0.37,0.35
WARS,2017-08-21 03:20:00 EDT,42.77993,-78.20889,1774,68.9,70.2,68.9,64.0,56.2,0.000,0.000,0.00,0.000,11.5,14.5,1.3,228,6,11.7,14.4,1.4,234,6,11.5,14.5,1.3,228,6,0,28.30,,0,0,0,66.0,65.1,63.1,0.44,0.37,0.35
WARS,2017-08-21 03:25:00 EDT,42.77993,-78.20889,1774,68.9,70.1,68.9,63.1,55.8,0.000,0.000,0.00,0.000,11.9,14.9,1.3,228,7,12.1,15.2,1.5,234,7,11.9,14.9,1.3,228,7,0,28.30,,0,0,0,65.9,65.1,63.1,0.44,0.37,0.35
WARS,2017-08-21 03:30:00 EDT,42.77993,-78.20889,1774,68.6,69.9,68.6,63.4,55.7,0.000,0.000,0.00,0.000,10.5,13.4,1.2,230,8,10.8,14.5,1.4,236,7,10.5,13.4,1.2,230,8,0,28.30,,0,0,0,65.9,65.1,63.1,0.44,0.37,0.35
WARS,2017-08-21 03:35:00 EDT,42.77993,-78.20889,1774,68.4,69.7,68.4,63.9,55.7,0.000,0.000,0.00,0.000,10.5,14.0,1.2,230,7,10.8,14.1,1.2,236,7,10.5,14.0,1.2,230,7,0,28.30,,0,0,0,65.8,65.1,63.1,0.44,0.37,0.35
WARS,2017-08-21 03:40:00 EDT,42.77993,-78.20889,1774,68.2,69.7,68.2,64.4,55.7,0.000,0.000,0.00,0.000,9.2,12.1,1.2,230,6,9.6,12.5,1.2,237,6,9.2,12.1,1.2,230,6,0,28.29,,0,0,0,65.8,65.1,63.1,0.44,0.37,0.35
WARS,2017-08-21 03:45:00 EDT,42.77993,-78.20889,1774,68.0,69.5,68.0,64.9,55.8,0.000,0.000,0.00,0.000,9.0,11.3,1.0,229,7,9.4,11.7,0.9,235,7,9.0,11.3,1.0,229,7,0,28.29,,0,0,0,65.8,65.1,63.1,0.44,0.37,0.35
WARS,2017-08-21 03:50:00 EDT,42.77993,-78.20889,1774,68.1,69.7,68.1,64.4,55.6,0.000,0.000,0.00,0.000,8.8,11.8,1.1,229,6,9.1,13.3,1.1,235,6,8.8,11.8,1.1,229,6,0,28.29,,0,0,0,65.8,65.1,63.1,0.44,0.37,0.35
WARS,2017-08-21 03:55:00 EDT,42.77993,-78.20889,1774,68.3,70.0,68.3,63.2,55.4,0.000,0.000,0.00,0.000,9.8,14.0,1.4,230,7,10.2,14.3,1.4,235,6,9.8,14.0,1.4,230,7,0,28.29,,0,0,0,65.8,65.1,63.2,0.44,0.37,0.35
WARS,2017-08-21 04:00:00 EDT,42.77993,-78.20889,1774,68.9,70.1,68.9,61.1,54.9,0.000,0.000,0.00,0.000,9.5,12.6,1.4,229,7,9.9,13.4,1.4,235,7,9.5,12.6,1.4,229,7,0,28.29,,0,0,0,65.8,65.1,63.1,0.44,0.37,0.35
WARS,2017-08-21 04:05:00 EDT,42.77993,-78.20889,1774,68.6,70.3,68.6,61.5,54.8,0.000,0.000,0.00,0.000,9.7,12.1,1.1,226,6,10.1,12.9,1.2,233,5,9.7,12.1,1.1,226,6,0,28.29,,0,0,0,65.8,65.1,63.1,0.44,0.37,0.35
WARS,2017-08-21 04:10:00 EDT,42.77993,-78.20889,1774,68.6,70.2,68.6,60.8,54.5,0.000,0.000,0.00,0.000,8.7,11.2,0.9,226,7,9.0,11.4,1.0,233,7,8.7,11.2,0.9,226,7,0,28.29,,0,0,0,65.8,65.1,63.1,0.44,0.37,0.35
WARS,2017-08-21 04:15:00 EDT,42.77993,-78.20889,1774,68.4,70.3,68.4,60.6,54.2,0.000,0.000,0.00,0.000,8.6,11.0,1.0,226,8,9.0,11.9,1.2,232,7,8.6,11.0,1.0,226,8,0,28.29,,0,0,0,65.8,65.1,63.2,0.44,0.37,0.35
WARS,2017-08-21 04:20:00 EDT,42.77993,-78.20889,1774,68.3,70.3,68.3,60.7,54.1,0.000,0.000,0.00,0.000,8.4,10.8,1.0,223,7,8.5,11.3,0.9,229,5,8.4,10.8,1.0,223,7,0,28.29,,0,0,0,65.8,65.1,63.1,0.44,0.37,0.35
WARS,2017-08-21 04:25:00 EDT,42.77993,-78.20889,1774,68.2,70.3,68.2,60.7,54.1,0.000,0.000,0.00,0.000,8.1,11.0,0.9,223,6,8.5,11.7,1.0,229,5,8.1,11.0,0.9,223,6,0,28.29,,0,0,0,65.8,65.1,63.1,0.44,0.37,0.35
WARS,2017-08-21 04:30:00 EDT,42.77993,-78.20889,1774,68.1,70.4,68.1,60.8,54.0,0.000,0.000,0.00,0.000,9.3,13.2,1.5,226,8,9.7,14.4,1.6,232,8,9.3,13.2,1.5,226,8,0,28.29,,0,0,0,65.8,65.1,63.1,0.44,0.37,0.35
WARS,2017-08-21 04:35:00 EDT,42.77993,-78.20889,1774,68.4,70.3,68.4,60.3,54.1,0.000,0.000,0.00,0.000,10.2,13.7,1.4,227,6,10.4,14.7,1.4,232,6,10.2,13.7,1.4,227,6,0,28.29,,0,0,0,65.8,65.1,63.1,0.44,0.37,0.35
WARS,2017-08-21 04:40:00 EDT,42.77993,-78.20889,1774,68.8,70.5,68.8,60.2,54.4,0.000,0.000,0.00,0.000,9.8,12.3,1.3,228,7,10.2,13.6,1.3,235,7,9.8,12.3,1.3,228,7,0,28.29,,0,0,0,65.8,65.1,63.2,0.44,0.37,0.35
WARS,2017-08-21 04:45:00 EDT,42.77993,-78.20889,1774,68.8,70.4,68.8,60.0,54.4,0.000,0.000,0.00,0.000,9.9,13.2,1.3,225,7,10.1,13.8,1.4,231,6,9.9,13.2,1.3,225,7,0,28.29,,0,0,0,65.8,65.1,63.2,0.44,0.37,0.35
WARS,2017-08-21 04:50:00 EDT,42.77993,-78.20889,1774,69.2,70.7,69.2,60.1,54.7,0.000,0.000,0.00,0.000,10.6,14.7,1.7,228,8,10.8,16.2,1.6,233,7,10.6,14.7,1.7,228,8,0,28.29,,0,0,0,65.8,65.1,63.1,0.44,0.37,0.35
WARS,2017-08-21 04:55:00 EDT,42.77993,-78.20889,1774,69.4,70.8,69.4,60.3,55.0,0.000,0.000,0.00,0.000,10.1,14.0,1.6,227,8,10.4,14.7,1.6,233,8,10.1,14.0,1.6,227,8,0,28.29,,0,0,0,65.8,65.1,63.1,0.44,0.37,0.35
WARS,2017-08-21 05:00:00 EDT,42.77993,-78.20889,1774,69.4,70.8,69.4,61.0,55.4,0.000,0.000,0.00,0.000,10.3,13.7,1.4,226,8,10.5,14.6,1.5,232,7,10.3,13.7,1.4,226,8,0,28.30,,0,0,0,65.8,65.1,63.1,0.44,0.37,0.35
WARS,2017-08-21 05:05:00 EDT,42.77993,-78.20889,1774,69.6,71.0,69.6,61.1,55.6,0.000,0.000,0.00,0.000,11.1,13.9,1.5,227,9,11.5,16.7,1.6,233,8,11.1,13.9,1.5,227,9,0,28.30,,0,0,0,65.8,65.1,63.1,0.44,0.37,0.35
WARS,2017-08-21 05:10:00 EDT,42.77993,-78.20889,1774,69.7,71.0,69.7,61.2,55.7,0.000,0.000,0.00,0.000,9.9,13.1,1.4,227,8,10.1,13.8,1.5,233,7,9.9,13.1,1.4,227,8,0,28.30,,0,0,0,65.8,65.1,63.1,0.44,0.37,0.35
WARS,2017-08-21 05:15:00 EDT,42.77993,-78.20889,1774,69.4,70.9,69.4,62.2,55.9,0.000,0.000,0.00,0.000,9.5,12.6,1.3,226,8,9.8,13.1,1.3,231,7,9.5,12.6,1.3,226,8,0,28.29,,0,0,0,65.8,65.1,63.2,0.44,0.37,0.35
WARS,2017-08-21 05:20:00 EDT,42.77993,-78.20889,1774,69.0,70.7,69.0,62.7,55.7,0.000,0.000,0.00,0.000,8.9,12.6,1.3,224,7,9.2,13.0,1.4,229,6,8.9,12.6,1.3,224,7,0,28.29,,0,0,0,65.8,65.1,63.2,0.44,0.37,0.35
WARS,2017-08-21 05:25:00 EDT,42.77993,-78.20889,1774,69.1,70.7,69.1,63.1,56.0,0.000,0.000,0.00,0.000,8.8,11.9,1.2,224,8,9.1,12.7,1.3,231,9,8.8,11.9,1.2,224,8,0,28.29,,0,0,0,65.8,65.1,63.1,0.44,0.37,0.35
WARS,2017-08-21 05:30:00 EDT,42.77993,-78.20889,1774,69.2,70.6,69.2,62.8,55.9,0.000,0.000,0.00,0.000,8.7,14.1,1.3,221,8,9.0,15.1,1.4,228,8,8.7,14.1,1.3,221,8,0,28.29,,0,0,0,65.8,65.1,63.1,0.44,0.37,0.35
WARS,2017-08-21 05:35:00 EDT,42.77993,-78.20889,1774,68.1,70.1,68.1,65.0,55.9,0.000,0.000,0.00,0.000,6.9,10.8,1.5,216,9,7.3,11.6,1.5,222,7,6.9,10.8,1.5,216,9,0,28.29,,0,0,0,65.8,65.1,63.2,0.44,0.37,0.35
WARS,2017-08-21 05:40:00 EDT,42.77993,-78.20889,1774,67.6,69.9,67.6,66.6,56.1,0.000,0.000,0.00,0.000,6.5,8.1,0.8,217,6,6.6,8.5,1.0,224,5,6.5,8.1,0.8,217,6,0,28.29,,0,0,0,65.8,65.1,63.2,0.44,0.37,0.35
WARS,2017-08-21 05:45:00 EDT,42.77993,-78.20889,1774,67.3,69.9,67.3,67.6,56.2,0.000,0.000,0.00,0.000,7.1,8.5,0.8,216,8,7.3,9.0,0.8,223,6,7.1,8.5,0.8,216,8,0,28.29,,0,0,0,65.8,65.1,63.2,0.44,0.37,0.35
WARS,2017-08-21 05:50:00 EDT,42.77993,-78.20889,1774,67.6,69.9,67.6,67.4,56.5,0.000,0.000,0.00,0.000,6.7,8.3,0.6,215,9,7.0,8.9,0.7,222,7,6.7,8.3,0.6,215,9,0,28.29,,0,0,0,65.8,65.1,63.1,0.44,0.37,0.35
WARS,2017-08-21 05:55:00 EDT,42.77993,-78.20889,1774,67.0,69.5,67.0,68.8,56.4,0.000,0.000,0.00,0.000,5.9,7.7,0.6,207,9,6.3,8.8,0.7,215,8,5.9,7.7,0.6,207,9,0,28.29,,0,0,0,65.8,65.1,63.2,0.44,0.37,0.35
WARS,2017-08-21 06:00:00 EDT,42.77993,-78.20889,1774,66.5,68.9,66.5,71.8,57.1,0.000,0.000,0.00,0.000,6.7,8.1,0.6,197,5,7.1,8.8,0.6,204,5,6.7,8.1,0.6,197,5,0,28.29,,0,0,0,65.8,65.1,63.2,0.44,0.37,0.35
WARS,2017-08-21 06:05:00 EDT,42.77993,-78.20889,1774,66.1,68.7,66.1,72.8,57.1,0.000,0.000,0.00,0.000,5.7,8.0,0.7,192,7,6.0,8.4,0.7,199,6,5.7,8.0,0.7,192,7,0,28.29,,0,0,0,65.8,65.1,63.2,0.44,0.37,0.35
WARS,2017-08-21 06:10:00 EDT,42.77993,-78.20889,1774,65.8,68.4,65.8,74.5,57.4,0.000,0.000,0.00,0.000,5.4,6.9,0.5,187,11,5.8,7.5,0.6,194,11,5.4,6.9,0.5,187,11,1,28.29,,0,0,0,65.8,65.1,63.2,0.44,0.37,0.34
WARS,2017-08-21 06:15:00 EDT,42.77993,-78.20889,1774,66.2,68.4,66.2,75.6,58.2,0.000,0.000,0.00,0.000,6.1,7.7,0.7,181,5,6.6,8.5,0.8,188,5,6.1,7.7,0.7,181,5,1,28.29,,0,0,0,65.8,65.1,63.1,0.44,0.37,0.35
WARS,2017-08-21 06:20:00 EDT,42.77993,-78.20889,1774,66.3,68.3,66.3,74.4,57.9,0.000,0.000,0.00,0.000,7.5,9.0,0.6,191,5,7.9,9.7,0.7,198,5,7.5,9.0,0.6,191,5,1,28.29,,0,0,0,65.8,65.1,63.1,0.44,0.37,0.35
WARS,2017-08-21 06:25:00 EDT,42.77993,-78.20889,1774,65.9,67.9,65.9,71.7,56.5,0.000,0.000,0.00,0.000,8.1,10.1,0.8,201,5,8.4,10.9,0.9,208,5,8.1,10.1,0.8,201,5,2,28.29,,0,0,0,65.8,65.1,63.1,0.44,0.37,0.34
WARS,2017-08-21 06:30:00 EDT,42.77993,-78.20889,1774,66.0,67.8,66.0,71.0,56.3,0.000,0.000,0.00,0.000,7.4,9.4,0.8,203,7,7.6,9.9,1.0,209,6,7.4,9.4,0.8,203,7,4,28.29,,0,0,0,65.8,65.1,63.2,0.44,0.37,0.35
WARS,2017-08-21 06:35:00 EDT,42.77993,-78.20889,1774,66.1,68.0,66.1,71.0,56.4,0.000,0.000,0.00,0.000,6.7,10.3,1.0,206,7,6.9,11.7,1.1,213,6,6.7,10.3,1.0,206,7,7,28.29,,0,0,0,65.8,65.1,63.2,0.44,0.37,0.35
WARS,2017-08-21 06:40:00 EDT,42.77993,-78.20889,1774,66.3,68.1,66.3,70.4,56.4,0.000,0.000,0.00,0.000,6.0,8.6,0.8,208,7,6.4,8.6,0.8,216,6,6.0,8.6,0.8,208,7,10,28.29,,0,0,0,65.8,65.1,63.1,0.44,0.37,0.35
WARS,2017-08-21 06:45:00 EDT,42.77993,-78.20889,1774,66.2,68.4,66.2,71.2,56.6,0.000,0.000,0.00,0.000,6.5,9.4,0.9,206,8,6.8,10.3,0.9,214,8,6.5,9.4,0.9,206,8,12,28.29,,0,0,0,65.8,65.1,63.1,0.44,0.37,0.35
WARS,2017-08-21 06:50:00 EDT,42.77993,-78.20889,1774,66.8,68.5,66.8,70.8,57.0,0.000,0.000,0.00,0.000,7.2,9.9,1.2,202,7,7.4,10.0,1.2,209,7,7.2,9.9,1.2,202,7,13,28.29,,0,0,0,65.8,65.1,63.2,0.44,0.37,0.35
WARS,2017-08-21 06:55:00 EDT,42.77993,-78.20889,1774,67.1,68.8,67.1,69.7,56.8,0.000,0.000,0.00,0.000,6.0,7.9,0.7,212,6,6.4,8.0,0.8,220,5,6.0,7.9,0.7,212,6,13,28.29,,0,0,0,65.8,65.1,63.2,0.44,0.37,0.35
WARS,2017-08-21 07:00:00 EDT,42.77993,-78.20889,1774,67.9,69.7,67.9,68.5,57.1,0.000,0.000,0.00,0.000,6.8,10.6,1.2,222,9,7.2,10.7,1.2,229,8,6.8,10.6,1.2,222,9,13,28.30,,0,0,0,65.8,65.1,63.2,0.44,0.37,0.35
WARS,2017-08-21 07:05:00 EDT,42.77993,-78.20889,1774,69.3,70.7,69.3,65.5,57.2,0.000,0.000,0.00,0.000,6.8,10.8,1.2,225,8,7.2,11.7,1.4,231,7,6.8,10.8,1.2,225,8,22,28.29,,0,0,0,65.8,65.1,63.2,0.44,0.37,0.35
WARS,2017-08-21 07:10:00 EDT,42.77993,-78.20889,1774,68.7,70.4,68.7,66.4,57.0,0.000,0.000,0.00,0.000,3.7,7.6,1.6,210,22,4.0,8.7,1.7,217,22,3.7,7.6,1.6,210,22,31,28.29,,0,0,0,65.8,65.1,63.2,0.44,0.37,0.35
WARS,2017-08-21 07:15:00 EDT,42.77993,-78.20889,1774,67.4,69.6,67.4,69.8,57.2,0.000,0.000,0.00,0.000,1.4,2.6,0.7,159,18,1.8,3.0,0.7,165,21,1.4,2.6,0.7,159,18,26,28.28,,0,0,0,65.8,65.1,63.2,0.44,0.37,0.35
WARS,2017-08-21 07:20:00 EDT,42.77993,-78.20889,1774,66.4,69.3,66.4,75.6,58.4,0.000,0.000,0.00,0.000,4.4,7.5,1.1,198,8,4.7,8.4,1.2,206,8,4.4,7.5,1.1,198,8,38,28.29,,0,0,0,65.8,65.1,63.2,0.44,0.37,0.35
WARS,2017-08-21 07:25:00 EDT,42.77993,-78.20889,1774,67.4,68.8,67.4,74.9,59.1,0.000,0.000,0.00,0.000,6.7,9.1,1.1,206,13,7.1,9.9,1.2,214,11,6.7,9.1,1.1,206,13,48,28.30,,0,0,0,65.8,65.1,63.2,0.44,0.37,0.35
WARS,2017-08-21 07:30:00 EDT,42.77993,-78.20889,1774,68.3,69.6,68.3,71.1,58.6,0.000,0.000,0.00,0.000,7.2,10.8,1.4,212,10,7.5,11.7,1.4,219,9,7.2,10.8,1.4,212,10,48,28.30,,0,0,0,65.8,65.1,63.2,0.44,0.37,0.35
WARS,2017-08-21 07:35:00 EDT,42.77993,-78.20889,1774,68.8,70.0,68.8,69.1,58.3,0.000,0.000,0.00,0.000,7.8,11.3,1.5,215,8,8.3,11.9,1.4,223,7,7.8,11.3,1.5,215,8,55,28.30,,0,0,0,65.8,65.1,63.2,0.44,0.37,0.35
WARS,2017-08-21 07:40:00 EDT,42.77993,-78.20889,1774,68.7,69.9,68.7,68.9,58.1,0.000,0.000,0.00,0.000,7.8,10.1,0.9,213,6,8.1,10.4,0.9,221,5,7.8,10.1,0.9,213,6,41,28.30,,0,0,0,65.8,65.1,63.2,0.44,0.37,0.35
WARS,2017-08-21 07:45:00 EDT,42.77993,-78.20889,1774,68.7,69.9,68.7,69.2,58.2,0.000,0.000,0.00,0.000,6.9,9.8,1.2,214,10,7.1,10.7,1.3,222,9,6.9,9.8,1.2,214,10,37,28.30,,0,0,0,65.8,65.1,63.2,0.44,0.37,0.35
WARS,2017-08-21 07:50:00 EDT,42.77993,-78.20889,1774,69.1,70.2,69.1,68.5,58.3,0.000,0.000,0.00,0.000,6.2,9.6,1.4,213,8,6.5,10.7,1.5,221,8,6.2,9.6,1.4,213,8,43,28.29,,0,0,0,65.8,65.1,63.2,0.44,0.37,0.35
WARS,2017-08-21 07:55:00 EDT,42.77993,-78.20889,1774,68.6,69.9,68.6,70.0,58.4,0.000,0.000,0.00,0.000,5.9,7.8,0.7,211,7,6.2,9.9,0.9,219,5,5.9,7.8,0.7,211,7,46,28.29,,0,0,0,65.8,65.1,63.1,0.44,0.37,0.35
WARS,2017-08-21 08:00:00 EDT,42.77993,-78.20889,1774,68.9,70.1,68.9,69.5,58.5,0.000,0.000,0.00,0.000,6.0,11.8,1.5,210,11,6.3,11.8,1.6,218,10,6.0,11.8,1.5,210,11,52,28.29,,0,0,0,65.8,65.1,63.1,0.44,0.37,0.35
WARS,2017-08-21 08:05:00 EDT,42.77993,-78.20889,1774,69.1,70.2,69.1,69.1,58.5,0.000,0.000,0.00,0.000,7.2,10.7,1.4,219,10,7.6,11.6,1.5,226,9,7.2,10.7,1.4,219,10,63,28.29,,0,0,0,65.8,65.1,63.2,0.44,0.37,0.35
WARS,2017-08-21 08:10:00 EDT,42.77993,-78.20889,1774,69.9,70.6,69.9,66.9,58.4,0.000,0.000,0.00,0.000,10.0,16.7,2.7,224,12,10.4,18.9,2.8,229,11,10.0,16.7,2.7,224,12,67,28.29,,0,0,0,65.8,65.1,63.1,0.44,0.37,0.35
WARS,2017-08-21 08:15:00 EDT,42.77993,-78.20889,1774,69.6,70.3,69.6,67.6,58.4,0.000,0.000,0.00,0.000,8.4,13.0,1.5,224,11,8.7,12.9,1.6,231,10,8.4,13.0,1.5,224,11,69,28.29,,0,0,0,65.8,65.1,63.1,0.44,0.37,0.35
WARS,2017-08-21 08:20:00 EDT,42.77993,-78.20889,1774,69.7,70.3,69.7,67.6,58.5,0.000,0.000,0.00,0.000,10.2,15.6,1.7,228,8,10.6,16.0,1.8,235,9,10.2,15.6,1.7,228,8,72,28.30,,0,0,0,65.8,65.1,63.1,0.44,0.37,0.35
WARS,2017-08-21 08:25:00 EDT,42.77993,-78.20889,1774,69.5,70.1,69.5,68.8,58.8,0.000,0.000,0.00,0.000,10.4,14.0,1.4,229,6,10.7,15.6,1.6,234,7,10.4,14.0,1.4,229,6,84,28.30,,0,0,0,65.8,65.1,63.1,0.44,0.37,0.35
WARS,2017-08-21 08:30:00 EDT,42.77993,-78.20889,1774,69.6,70.0,69.6,69.8,59.3,0.000,0.000,0.00,0.000,10.4,14.3,1.7,229,9,10.9,14.3,1.7,235,9,10.4,14.3,1.7,229,9,134,28.30,,0,0,0,65.8,65.1,63.2,0.44,0.37,0.35
WARS,2017-08-21 08:35:00 EDT,42.77993,-78.20889,1774,69.8,69.9,69.8,70.1,59.6,0.000,0.000,0.00,0.000,11.0,16.0,1.7,229,9,11.3,17.6,2.0,237,9,11.0,16.0,1.7,229,9,183,28.31,,0,0,0,65.8,65.1,63.2,0.44,0.37,0.35
WARS,2017-08-21 08:40:00 EDT,42.77993,-78.20889,1774,69.3,69.5,69.3,70.9,59.4,0.000,0.000,0.00,0.000,11.8,16.9,1.9,230,8,11.9,18.7,2.2,236,7,11.8,16.9,1.9,230,8,98,28.31,,0,0,0,65.8,65.1,63.2,0.44,0.37,0.35
WARS,2017-08-21 08:45:00 EDT,42.77993,-78.20889,1774,69.0,69.2,69.0,72.2,59.7,0.000,0.000,0.00,0.000,9.8,14.0,1.4,227,11,10.3,15.0,1.6,234,11,9.8,14.0,1.4,227,11,129,28.31,,0,0,0,65.8,65.1,63.1,0.44,0.37,0.35
WARS,2017-08-21 08:50:00 EDT,42.77993,-78.20889,1774,69.5,69.4,69.5,72.8,60.3,0.000,0.000,0.00,0.000,10.4,14.2,2.1,228,9,10.9,16.8,2.2,236,9,10.4,14.2,2.1,228,9,281,28.31,,0,0,0,65.8,65.1,63.2,0.44,0.37,0.35
WARS,2017-08-21 08:55:00 EDT,42.77993,-78.20889,1774,70.6,70.1,70.6,71.5,60.9,0.000,0.000,0.00,0.000,9.9,14.8,1.8,229,9,10.1,15.1,1.8,235,8,9.9,14.8,1.8,229,9,404,28.31,,0,0,0,65.8,65.1,63.2,0.44,0.37,0.35
WARS,2017-08-21 09:00:00 EDT,42.77993,-78.20889,1774,71.2,70.8,71.2,70.3,61.1,0.000,0.000,0.00,0.000,10.0,14.1,1.6,227,8,10.2,15.5,1.8,234,9,10.0,14.1,1.6,227,8,325,28.30,,0,0,0,65.8,65.1,63.2,0.44,0.37,0.35
WARS,2017-08-21 09:05:00 EDT,42.77993,-78.20889,1774,70.8,70.6,70.8,71.0,61.0,0.000,0.000,0.00,0.000,11.5,15.9,2.0,230,8,12.0,16.3,2.0,236,8,11.5,15.9,2.0,230,8,174,28.31,,0,0,0,65.8,65.1,63.2,0.44,0.37,0.35
WARS,2017-08-21 09:10:00 EDT,42.77993,-78.20889,1774,70.2,70.2,70.2,72.1,60.8,0.000,0.000,0.00,0.000,11.0,14.4,1.5,226,9,11.2,16.2,1.8,233,8,11.0,14.4,1.5,226,9,117,28.31,,0,0,0,65.8,65.1,63.2,0.44,0.37,0.35
WARS,2017-08-21 09:15:00 EDT,42.77993,-78.20889,1774,69.8,69.8,69.8,73.6,61.0,0.000,0.000,0.00,0.000,10.4,16.3,1.8,224,11,10.9,15.0,1.9,230,11,10.4,16.3,1.8,224,11,116,28.31,,0,0,0,65.8,65.1,63.2,0.44,0.37,0.35
WARS,2017-08-21 09:20:00 EDT,42.77993,-78.20889,1774,69.6,69.6,69.6,74.3,61.1,0.000,0.000,0.00,0.000,11.5,18.9,2.7,231,12,12.0,19.0,3.0,237,12,11.5,18.9,2.7,231,12,123,28.31,,0,0,0,65.8,65.1,63.2,0.44,0.37,0.35
WARS,2017-08-21 09:25:00 EDT,42.77993,-78.20889,1774,69.4,69.3,69.4,74.6,61.0,0.000,0.000,0.00,0.000,9.7,13.7,1.7,233,8,10.2,14.7,1.9,241,8,9.7,13.7,1.7,233,8,142,28.31,,0,0,0,65.8,65.1,63.2,0.44,0.37,0.35
WARS,2017-08-21 09:30:00 EDT,42.77993,-78.20889,1774,69.4,69.1,69.4,75.1,61.2,0.000,0.000,0.00,0.000,8.7,13.7,1.8,237,10,9.2,15.0,1.8,244,10,8.7,13.7,1.8,237,10,169,28.31,,0,0,0,65.8,65.1,63.2,0.44,0.37,0.35
WARS,2017-08-21 09:35:00 EDT,42.77993,-78.20889,1774,69.3,69.1,69.3,74.4,60.8,0.000,0.000,0.00,0.000,8.4,11.8,1.3,239,12,9.0,12.3,1.5,247,12,8.4,11.8,1.3,239,12,157,28.31,,0,0,0,65.8,65.1,63.2,0.44,0.37,0.35
WARS,2017-08-21 09:40:00 EDT,42.77993,-78.20889,1774,69.2,69.0,69.2,73.5,60.4,0.000,0.000,0.00,0.000,8.0,11.8,1.2,229,9,8.3,13.0,1.5,236,9,8.0,11.8,1.2,229,9,172,28.30,,0,0,0,65.8,65.1,63.2,0.44,0.37,0.35
WARS,2017-08-21 09:45:00 EDT,42.77993,-78.20889,1774,69.4,69.1,69.4,73.2,60.4,0.000,0.000,0.00,0.000,8.1,11.1,1.4,230,10,8.5,11.6,1.5,236,10,8.1,11.1,1.4,230,10,226,28.30,,0,0,0,65.8,65.1,63.2,0.44,0.37,0.35
WARS,2017-08-21 09:50:00 EDT,42.77993,-78.20889,1774,70.1,69.6,70.1,72.3,60.8,0.000,0.000,0.00,0.000,7.8,10.4,1.2,220,7,8.0,11.1,1.4,227,6,7.8,10.4,1.2,220,7,388,28.30,,0,0,0,65.8,65.1,63.1,0.44,0.37,0.35
WARS,2017-08-21 09:55:00 EDT,42.77993,-78.20889,1774,71.4,70.5,71.4,70.8,61.4,0.000,0.000,0.00,0.000,7.4,10.4,1.4,219,12,7.7,11.2,1.5,226,11,7.4,10.4,1.4,219,12,405,28.30,,0,0,0,65.8,65.1,63.2,0.44,0.37,0.35
WARS,2017-08-21 10:00:00 EDT,42.77993,-78.20889,1774,71.1,70.8,71.1,68.5,60.2,0.000,0.000,0.00,0.000,8.3,12.8,1.7,226,12,8.8,13.6,1.9,233,11,8.3,12.8,1.7,226,12,174,28.29,,0,0,0,65.8,65.1,63.2,0.44,0.37,0.35
WARS,2017-08-21 10:05:00 EDT,42.77993,-78.20889,1774,70.5,70.3,70.5,69.0,59.8,0.000,0.000,0.00,0.000,8.3,12.1,1.5,227,11,8.7,12.2,1.6,233,10,8.3,12.1,1.5,227,11,231,28.29,,0,0,0,65.8,65.1,63.1,0.44,0.37,0.35
WARS,2017-08-21 10:10:00 EDT,42.77993,-78.20889,1774,71.2,70.4,71.2,69.2,60.6,0.000,0.000,0.00,0.000,7.1,10.7,1.4,219,11,7.4,11.0,1.4,226,11,7.1,10.7,1.4,219,11,481,28.29,,0,0,0,65.8,65.1,63.2,0.44,0.37,0.35
WARS,2017-08-21 10:15:00 EDT,42.77993,-78.20889,1774,72.3,71.0,72.3,68.6,61.4,0.000,0.000,0.00,0.000,8.4,13.3,1.7,223,14,8.7,13.5,1.8,230,13,8.4,13.3,1.7,223,14,532,28.29,,0,0,0,65.8,65.1,63.2,0.44,0.37,0.35
WARS,2017-08-21 10:20:00 EDT,42.77993,-78.20889,1774,72.2,71.3,72.2,68.5,61.3,0.000,0.000,0.00,0.000,8.6,14.0,2.2,229,12,8.9,14.6,2.2,236,12,8.6,14.0,2.2,229,12,521,28.29,,0,0,0,65.8,65.1,63.1,0.44,0.37,0.35
WARS,2017-08-21 10:25:00 EDT,42.77993,-78.20889,1774,73.4,72.1,73.4,68.9,62.5,0.000,0.000,0.00,0.000,8.4,12.1,1.6,230,12,8.8,12.7,1.6,238,12,8.4,12.1,1.6,230,12,587,28.29,,0,0,0,65.8,65.1,63.2,0.44,0.37,0.35
WARS,2017-08-21 10:30:00 EDT,42.77993,-78.20889,1774,73.5,72.2,73.5,68.3,62.4,0.000,0.000,0.00,0.000,9.5,14.1,1.9,221,12,9.8,15.3,1.9,227,13,9.5,14.1,1.9,221,12,585,28.29,,0,0,0,65.8,65.1,63.2,0.44,0.37,0.35
WARS,2017-08-21 10:35:00 EDT,42.77993,-78.20889,1774,74.2,72.8,74.2,66.7,62.4,0.000,0.000,0.00,0.000,8.3,15.5,2.3,229,14,8.7,15.9,2.2,235,13,8.3,15.5,2.3,229,14,650,28.29,,0,0,0,65.8,65.1,63.2,0.44,0.37,0.35
WARS,2017-08-21 10:40:00 EDT,42.77993,-78.20889,1774,74.5,73.1,74.5,65.4,62.1,0.000,0.000,0.00,0.000,9.1,12.0,1.3,224,14,9.3,12.9,1.5,231,14,9.1,12.0,1.3,224,14,632,28.29,,0,0,0,65.8,65.0,63.1,0.44,0.37,0.35
WARS,2017-08-21 10:45:00 EDT,42.77993,-78.20889,1774,74.9,73.7,74.9,64.8,62.2,0.000,0.000,0.00,0.000,8.0,10.6,1.2,225,13,8.4,11.5,1.4,232,14,8.0,10.6,1.2,225,13,618,28.29,,0,0,0,65.8,65.0,63.2,0.44,0.37,0.35
WARS,2017-08-21 10:50:00 EDT,42.77993,-78.20889,1774,75.4,74.0,75.4,63.7,62.2,0.000,0.000,0.00,0.000,9.8,13.8,2.2,221,13,10.3,14.6,2.1,228,13,9.8,13.8,2.2,221,13,622,28.28,,0,0,0,65.8,65.0,63.2,0.44,0.37,0.35
WARS,2017-08-21 10:55:00 EDT,42.77993,-78.20889,1774,75.8,74.2,75.8,64.4,62.9,0.000,0.000,0.00,0.000,8.0,12.9,1.7,228,14,8.4,13.6,1.7,235,14,8.0,12.9,1.7,228,14,628,28.28,,0,0,0,65.8,64.9,63.2,0.44,0.37,0.35
WARS,2017-08-21 11:00:00 EDT,42.77993,-78.20889,1774,75.5,74.1,75.5,64.9,62.8,0.000,0.000,0.00,0.000,10.2,13.6,1.5,230,10,10.6,14.5,1.6,236,10,10.2,13.6,1.5,230,10,582,28.28,,0,0,0,65.8,64.9,63.2,0.44,0.37,0.35
WARS,2017-08-21 11:05:00 EDT,42.77993,-78.20889,1774,75.9,74.4,75.9,65.4,63.5,0.000,0.000,0.00,0.000,8.9,13.4,1.9,227,12,9.3,13.9,1.8,235,12,8.9,13.4,1.9,227,12,648,28.28,,0,0,0,65.8,64.8,63.2,0.44,0.37,0.35
WARS,2017-08-21 11:10:00 EDT,42.77993,-78.20889,1774,76.1,74.6,76.1,65.5,63.7,0.000,0.000,0.00,0.000,9.2,14.1,2.5,228,11,9.4,15.0,2.5,234,11,9.2,14.1,2.5,228,11,662,28.28,,0,0,0,65.8,64.9,63.1,0.44,0.37,0.35
WARS,2017-08-21 11:15:00 EDT,42.77993,-78.20889,1774,76.4,74.8,76.4,65.9,64.1,0.000,0.000,0.00,0.000,9.3,15.9,2.9,225,21,9.8,16.6,2.8,233,21,9.3,15.9,2.9,225,21,668,28.28,,0,0,0,65.8,64.8,63.2,0.44,0.37,0.35
WARS,2017-08-21 11:20:00 EDT,42.77993,-78.20889,1774,77.0,75.4,77.0,65.9,64.8,0.000,0.000,0.00,0.000,8.6,11.2,1.4,240,21,9.5,12.7,1.5,248,22,8.6,11.2,1.4,240,21,685,28.28,,0,0,0,66.0,64.8,63.2,0.44,0.37,0.34
WARS,2017-08-21 11:25:00 EDT,42.77993,-78.20889,1774,76.9,75.5,76.9,65.2,64.3,0.000,0.000,0.00,0.000,8.1,13.2,2.1,244,15,8.9,14.5,2.4,252,15,8.1,13.2,2.1,244,15,742,28.29,,0,0,0,66.0,64.9,63.1,0.44,0.37,0.35
WARS,2017-08-21 11:30:00 EDT,42.77993,-78.20889,1774,77.6,75.8,77.6,65.5,65.1,0.000,0.000,0.00,0.000,8.8,13.7,2.0,226,15,9.4,14.3,2.0,233,15,8.8,13.7,2.0,226,15,745,28.29,,0,0,0,66.0,64.8,63.1,0.44,0.37,0.35
WARS,2017-08-21 11:35:00 EDT,42.77993,-78.20889,1774,77.5,75.5,77.5,64.7,64.7,0.000,0.000,0.00,0.000,7.5,10.2,1.5,226,22,8.1,11.1,1.6,233,23,7.5,10.2,1.5,226,22,712,28.28,,0,0,0,66.0,64.8,63.2,0.44,0.37,0.35
WARS,2017-08-21 11:40:00 EDT,42.77993,-78.20889,1774,76.8,75.2,76.8,65.3,64.2,0.000,0.000,0.00,0.000,8.5,13.9,2.3,237,20,9.4,16.1,2.5,244,19,8.5,13.9,2.3,237,20,717,28.28,,0,0,0,66.0,64.8,63.2,0.44,0.37,0.35
WARS,2017-08-21 11:45:00 EDT,42.77993,-78.20889,1774,76.7,75.1,76.7,65.7,64.4,0.000,0.000,0.00,0.000,8.9,14.2,2.1,237,13,9.5,15.6,2.3,244,13,8.9,14.2,2.1,237,13,730,28.28,,0,0,0,66.0,64.8,63.2,0.44,0.37,0.35
WARS,2017-08-21 11:50:00 EDT,42.77993,-78.20889,1774,76.5,74.5,76.5,66.8,64.7,0.000,0.000,0.00,0.000,10.3,14.7,2.6,237,20,10.9,15.4,2.4,244,20,10.3,14.7,2.6,237,20,738,28.29,,0,0,0,66.0,64.8,63.2,0.44,0.37,0.35
WARS,2017-08-21 11:55:00 EDT,42.77993,-78.20889,1774,76.8,75.0,76.8,67.6,65.3,0.000,0.000,0.00,0.000,7.6,11.2,1.5,243,18,8.4,11.9,1.6,253,18,7.6,11.2,1.5,243,18,746,28.29,,0,0,0,66.0,64.8,63.2,0.44,0.37,0.35
WARS,2017-08-21 12:00:00 EDT,42.77993,-78.20889,1774,76.8,74.9,76.8,67.2,65.2,0.000,0.000,0.00,0.000,7.6,10.6,1.5,251,9,8.3,11.4,1.7,259,8,7.6,10.6,1.5,251,9,751,28.28,,0,0,0,66.2,64.8,63.1,0.44,0.37,0.35
WARS,2017-08-21 12:05:00 EDT,42.77993,-78.20889,1774,77.2,75.3,77.2,67.1,65.4,0.000,0.000,0.00,0.000,9.1,13.1,1.9,255,12,9.9,14.6,2.2,264,10,9.1,13.1,1.9,255,12,754,28.28,,0,0,0,66.4,64.8,63.1,0.44,0.37,0.35
WARS,2017-08-21 12:10:00 EDT,42.77993,-78.20889,1774,76.8,75.1,76.8,67.0,65.0,0.000,0.000,0.00,0.000,7.8,11.5,2.1,237,17,8.5,12.6,2.2,246,17,7.8,11.5,2.1,237,17,760,28.28,,0,0,0,66.4,64.8,63.1,0.44,0.37,0.35
WARS,2017-08-21 12:15:00 EDT,42.77993,-78.20889,1774,77.4,75.5,77.4,67.1,65.6,0.000,0.000,0.00,0.000,10.2,14.7,2.4,250,14,11.1,16.7,2.6,258,15,10.2,14.7,2.4,250,14,764,28.28,,0,0,0,66.4,64.8,63.1,0.44,0.37,0.35
WARS,2017-08-21 12:20:00 EDT,42.77993,-78.20889,1774,77.3,75.2,77.3,67.8,65.8,0.000,0.000,0.00,0.000,10.4,16.1,2.0,257,13,11.2,17.5,2.1,265,12,10.4,16.1,2.0,257,13,769,28.28,,0,0,0,66.4,64.8,63.1,0.44,0.37,0.35
WARS,2017-08-21 12:25:00 EDT,42.77993,-78.20889,1774,77.7,75.4,77.7,68.2,66.4,0.000,0.000,0.00,0.000,9.6,13.2,2.4,258,12,10.4,14.5,2.6,266,11,9.6,13.2,2.4,258,12,773,28.28,,0,0,0,66.4,64.8,63.2,0.44,0.37,0.35
WARS,2017-08-21 12:30:00 EDT,42.77993,-78.20889,1774,77.3,75.3,77.3,67.9,65.9,0.000,0.000,0.00,0.000,10.1,16.2,2.6,256,12,10.9,17.0,2.7,264,12,10.1,16.2,2.6,256,12,780,28.28,,0,0,0,66.4,64.8,63.2,0.44,0.37,0.35
WARS,2017-08-21 12:35:00 EDT,42.77993,-78.20889,1774,77.7,75.8,77.7,68.6,66.6,0.000,0.000,0.00,0.000,8.7,14.4,1.9,245,16,9.4,15.4,1.9,254,16,8.7,14.4,1.9,245,16,785,28.28,,0,0,0,66.4,64.8,63.1,0.44,0.37,0.35
WARS,2017-08-21 12:40:00 EDT,42.77993,-78.20889,1774,78.4,76.3,78.4,68.1,67.0,0.000,0.000,0.00,0.000,8.1,12.9,2.2,254,11,9.1,14.7,2.4,262,10,8.1,12.9,2.2,254,11,787,28.27,,0,0,0,66.4,64.8,63.2,0.44,0.37,0.35
WARS,2017-08-21 12:45:00 EDT,42.77993,-78.20889,1774,77.4,75.3,77.4,67.9,66.0,0.000,0.000,0.00,0.000,9.6,15.6,2.6,260,13,10.4,17.3,2.9,268,12,9.6,15.6,2.6,260,13,796,28.27,,0,0,0,66.7,64.8,63.1,0.44,0.37,0.35
WARS,2017-08-21 12:50:00 EDT,42.77993,-78.20889,1774,77.6,75.6,77.6,68.8,66.5,0.000,0.000,0.00,0.000,9.8,14.0,2.0,254,13,10.7,16.1,2.2,262,12,9.8,14.0,2.0,254,13,801,28.27,,0,0,0,66.7,64.8,63.2,0.44,0.37,0.35
WARS,2017-08-21 12:55:00 EDT,42.77993,-78.20889,1774,77.9,76.2,77.9,69.3,67.1,0.000,0.000,0.00,0.000,9.1,13.0,1.8,245,14,9.9,13.9,2.0,253,13,9.1,13.0,1.8,245,14,799,28.27,,0,0,0,66.7,64.8,63.1,0.44,0.37,0.35
WARS,2017-08-21 13:00:00 EDT,42.77993,-78.20889,1774,78.4,76.5,78.4,68.4,67.1,0.000,0.000,0.00,0.000,8.1,13.1,2.4,249,12,9.0,14.1,2.5,258,11,8.1,13.1,2.4,249,12,804,28.27,,0,0,0,66.7,64.8,63.2,0.44,0.37,0.35
WARS,2017-08-21 13:05:00 EDT,42.77993,-78.20889,1774,78.5,76.4,78.5,69.0,67.4,0.000,0.000,0.00,0.000,7.8,14.5,3.0,246,16,8.3,15.9,3.2,254,16,7.8,14.5,3.0,246,16,806,28.27,,0,0,0,66.7,64.8,63.1,0.44,0.37,0.35
WARS,2017-08-21 13:10:00 EDT,42.77993,-78.20889,1774,78.5,77.0,78.5,68.0,67.0,0.000,0.000,0.00,0.000,7.3,11.7,1.8,270,18,8.1,13.0,1.8,277,17,7.3,11.7,1.8,270,18,806,28.27,,0,0,0,66.8,64.8,63.1,0.44,0.37,0.35
WARS,2017-08-21 13:15:00 EDT,42.77993,-78.20889,1774,78.7,76.7,78.7,67.3,67.0,0.000,0.000,0.00,0.000,10.4,15.8,2.3,252,12,11.2,17.0,2.5,260,10,10.4,15.8,2.3,252,12,820,28.27,,0,0,0,67.0,64.8,63.1,0.44,0.37,0.35
WARS,2017-08-21 13:20:00 EDT,42.77993,-78.20889,1774,78.4,76.5,78.4,67.5,66.7,0.000,0.000,0.00,0.000,8.6,14.0,2.5,255,11,9.2,14.4,2.6,263,10,8.6,14.0,2.5,255,11,791,28.27,,0,0,0,67.1,64.8,63.1,0.44,0.37,0.35
WARS,2017-08-21 13:25:00 EDT,42.77993,-78.20889,1774,79.0,77.3,79.0,67.6,67.4,0.000,0.000,0.00,0.000,9.7,15.0,2.7,263,12,10.6,16.4,2.9,271,11,9.7,15.0,2.7,263,12,809,28.27,,0,0,0,67.1,64.8,63.2,0.44,0.37,0.35
WARS,2017-08-21 13:30:00 EDT,42.77993,-78.20889,1774,78.9,76.8,78.9,67.1,67.0,0.000,0.000,0.00,0.000,11.3,15.5,2.1,263,17,12.1,16.6,2.3,272,17,11.3,15.5,2.1,263,17,778,28.27,,0,0,0,67.1,64.8,63.2,0.44,0.37,0.35
WARS,2017-08-21 13:35:00 EDT,42.77993,-78.20889,1774,78.6,77.2,78.6,67.4,66.9,0.000,0.000,0.00,0.000,9.2,14.1,2.2,270,11,10.0,16.3,2.3,278,10,9.2,14.1,2.2,270,11,531,28.27,,0,0,0,67.1,64.8,63.1,0.44,0.37,0.35
WARS,2017-08-21 13:40:00 EDT,42.77993,-78.20889,1774,78.0,76.8,78.0,68.2,66.7,0.000,0.000,0.00,0.000,9.2,15.2,2.5,280,16,10.0,15.7,2.4,288,15,9.2,15.2,2.5,280,16,654,28.27,,0,0,0,67.1,64.8,63.2,0.44,0.37,0.35
WARS,2017-08-21 13:45:00 EDT,42.77993,-78.20889,1774,78.4,76.9,78.4,68.4,67.2,0.000,0.000,0.00,0.000,10.5,14.9,1.9,265,15,11.4,16.2,2.1,273,14,10.5,14.9,1.9,265,15,674,28.27,,0,0,0,67.1,64.8,63.2,0.44,0.37,0.35
WARS,2017-08-21 13:50:00 EDT,42.77993,-78.20889,1774,78.4,76.9,78.4,68.0,66.9,0.000,0.000,0.00,0.000,10.9,15.8,1.8,260,10,12.0,17.1,2.1,268,8,10.9,15.8,1.8,260,10,539,28.27,,0,0,0,67.3,64.8,63.1,0.44,0.37,0.35
WARS,2017-08-21 13:55:00 EDT,42.77993,-78.20889,1774,77.5,76.6,77.5,69.2,66.7,0.000,0.000,0.00,0.000,7.7,14.6,1.9,273,14,8.5,16.2,2.1,281,13,7.7,14.6,1.9,273,14,571,28.27,,0,0,0,67.5,64.8,63.1,0.44,0.37,0.35
WARS,2017-08-21 14:00:00 EDT,42.77993,-78.20889,1774,77.6,76.6,77.6,70.2,67.2,0.000,0.000,0.00,0.000,6.9,10.0,1.5,277,17,7.6,12.6,1.6,284,16,6.9,10.0,1.5,277,17,443,28.27,,0,0,0,67.5,64.8,63.1,0.44,0.37,0.35
WARS,2017-08-21 14:05:00 EDT,42.77993,-78.20889,1774,77.3,76.6,77.3,70.8,67.0,0.000,0.000,0.00,0.000,6.3,9.1,1.2,273,15,6.9,10.6,1.4,281,13,6.3,9.1,1.2,273,15,325,28.27,,0,0,0,67.5,64.8,63.1,0.44,0.37,0.35
WARS,2017-08-21 14:10:00 EDT,42.77993,-78.20889,1774,76.9,76.4,76.9,72.4,67.3,0.000,0.000,0.00,0.000,7.3,10.3,1.4,262,12,8.0,12.4,1.6,270,11,7.3,10.3,1.4,262,12,272,28.27,,0,0,0,67.5,64.8,63.1,0.44,0.37,0.35
WARS,2017-08-21 14:15:00 EDT,42.77993,-78.20889,1774,76.8,76.3,76.8,71.9,67.1,0.000,0.000,0.00,0.000,6.2,9.2,1.1,275,15,6.9,10.0,1.1,282,14,6.2,9.2,1.1,275,15,336,28.27,,0,0,0,67.5,64.8,63.1,0.44,0.37,0.35
WARS,2017-08-21 14:20:00 EDT,42.77993,-78.20889,1774,76.2,75.9,76.2,73.3,67.0,0.000,0.000,0.00,0.000,5.6,8.2,1.3,274,14,6.2,10.1,1.4,281,13,5.6,8.2,1.3,274,14,173,28.27,,0,0,0,67.5,64.8,63.1,0.44,0.37,0.35
WARS,2017-08-21 14:25:00 EDT,42.77993,-78.20889,1774,76.1,75.8,76.1,73.4,67.0,0.000,0.000,0.00,0.000,5.8,9.9,1.6,264,13,6.4,10.4,1.8,272,12,5.8,9.9,1.6,264,13,187,28.27,,0,0,0,67.8,64.8,63.2,0.44,0.37,0.35
WARS,2017-08-21 14:30:00 EDT,42.77993,-78.20889,1774,76.0,75.8,76.0,73.4,66.8,0.000,0.000,0.00,0.000,5.6,9.0,1.7,266,13,6.0,9.6,1.8,274,12,5.6,9.0,1.7,266,13,142,28.27,,0,0,0,67.8,64.8,63.1,0.44,0.37,0.35
WARS,2017-08-21 14:35:00 EDT,42.77993,-78.20889,1774,75.8,75.6,75.8,73.9,66.9,0.000,0.000,0.00,0.000,5.8,9.4,1.4,270,14,6.4,10.2,1.6,278,14,5.8,9.4,1.4,270,14,185,28.27,,0,0,0,67.8,64.8,63.1,0.44,0.37,0.35
WARS,2017-08-21 14:40:00 EDT,42.77993,-78.20889,1774,75.6,75.4,75.6,74.4,66.8,0.000,0.000,0.00,0.000,5.2,8.2,1.1,279,17,5.7,9.4,1.2,288,17,5.2,8.2,1.1,279,17,188,28.27,,0,0,0,67.8,64.8,63.1,0.44,0.37,0.35
WARS,2017-08-21 14:45:00 EDT,42.77993,-78.20889,1774,75.5,75.4,75.5,74.5,66.9,0.000,0.000,0.00,0.000,5.1,7.1,1.0,282,19,5.6,8.5,1.1,290,17,5.1,7.1,1.0,282,19,199,28.27,,0,0,0,67.8,64.8,63.1,0.44,0.37,0.35
WARS,2017-08-21 14:50:00 EDT,42.77993,-78.20889,1774,75.5,75.3,75.5,75.6,67.3,0.000,0.000,0.00,0.000,4.9,8.2,1.0,278,12,5.3,8.3,1.0,286,10,4.9,8.2,1.0,278,12,231,28.26,,0,0,0,67.8,64.8,63.1,0.44,0.37,0.35
WARS,2017-08-21 14:55:00 EDT,42.77993,-78.20889,1774,75.7,75.3,75.7,76.2,67.6,0.000,0.000,0.00,0.000,4.2,7.1,1.0,282,16,4.6,7.5,1.2,291,14,4.2,7.1,1.0,282,16,270,28.26,,0,0,0,67.8,64.8,63.1,0.44,0.37,0.35
WARS,2017-08-21 15:00:00 EDT,42.77993,-78.20889,1774,75.6,75.1,75.6,74.9,67.1,0.000,0.000,0.00,0.000,6.3,10.2,1.7,276,8,6.9,11.0,1.8,284,7,6.3,10.2,1.7,276,8,307,28.26,,0,0,0,67.8,64.8,63.1,0.44,0.37,0.35
WARS,2017-08-21 15:05:00 EDT,42.77993,-78.20889,1774,75.8,75.2,75.8,74.9,67.3,0.000,0.000,0.00,0.000,5.3,7.6,1.1,269,13,5.8,7.9,1.1,278,10,5.3,7.6,1.1,269,13,346,28.26,,0,0,0,67.8,64.8,63.1,0.44,0.37,0.35
WARS,2017-08-21 15:10:00 EDT,42.77993,-78.20889,1774,76.2,75.5,76.2,74.7,67.5,0.000,0.000,0.00,0.000,5.3,7.0,1.0,272,13,5.8,7.9,1.1,280,11,5.3,7.0,1.0,272,13,391,28.26,,0,0,0,67.8,64.8,63.2,0.44,0.37,0.35
WARS,2017-08-21 15:15:00 EDT,42.77993,-78.20889,1774,76.5,75.5,76.5,74.9,68.0,0.000,0.000,0.00,0.000,5.5,8.3,1.1,269,12,6.0,9.0,1.2,277,12,5.5,8.3,1.1,269,12,424,28.26,,0,0,0,67.8,64.8,63.1,0.44,0.37,0.35
WARS,2017-08-21 15:20:00 EDT,42.77993,-78.20889,1774,76.4,75.5,76.4,73.5,67.3,0.000,0.000,0.00,0.000,6.8,9.2,1.3,269,15,7.4,10.6,1.5,277,15,6.8,9.2,1.3,269,15,477,28.26,,0,0,0,67.8,64.8,63.1,0.44,0.37,0.35
WARS,2017-08-21 15:25:00 EDT,42.77993,-78.20889,1774,76.5,75.7,76.5,74.2,67.7,0.000,0.000,0.00,0.000,6.5,10.2,1.6,276,12,7.1,11.4,1.7,285,11,6.5,10.2,1.6,276,12,471,28.26,,0,0,0,67.8,64.8,63.1,0.44,0.37,0.35
WARS,2017-08-21 15:30:00 EDT,42.77993,-78.20889,1774,77.1,75.8,77.1,73.7,68.0,0.000,0.000,0.00,0.000,7.3,11.0,1.2,266,11,8.0,12.9,1.5,274,11,7.3,11.0,1.2,266,11,574,28.26,,0,0,0,68.1,64.8,63.1,0.44,0.37,0.35
WARS,2017-08-21 15:35:00 EDT,42.77993,-78.20889,1774,77.6,76.1,77.6,73.1,68.2,0.000,0.000,0.00,0.000,7.1,11.2,2.0,260,12,7.8,12.5,2.1,268,11,7.1,11.2,2.0,260,12,597,28.26,,0,0,0,68.2,64.8,63.1,0.44,0.37,0.35
WARS,2017-08-21 15:40:00 EDT,42.77993,-78.20889,1774,77.6,76.2,77.6,72.0,67.8,0.000,0.000,0.00,0.000,7.1,10.7,1.8,258,11,7.8,12.2,2.0,268,10,7.1,10.7,1.8,258,11,629,28.26,,0,0,0,68.2,64.8,63.1,0.44,0.37,0.35
WARS,2017-08-21 15:45:00 EDT,42.77993,-78.20889,1774,78.1,76.8,78.1,72.1,68.4,0.000,0.000,0.00,0.000,6.1,10.9,1.9,261,14,6.7,11.8,2.0,269,14,6.1,10.9,1.9,261,14,668,28.26,,0,0,0,68.2,64.8,63.1,0.44,0.37,0.35
WARS,2017-08-21 15:50:00 EDT,42.77993,-78.20889,1774,77.7,76.6,77.7,70.1,67.2,0.000,0.000,0.00,0.000,6.8,11.3,2.2,253,15,7.4,12.5,2.3,262,14,6.8,11.3,2.2,253,15,390,28.26,,0,0,0,68.2,64.9,63.1,0.44,0.37,0.35
WARS,2017-08-21 15:55:00 EDT,42.77993,-78.20889,1774,77.4,76.4,77.4,71.8,67.5,0.000,0.000,0.00,0.000,7.5,12.6,2.2,272,20,8.2,13.2,2.5,280,18,7.5,12.6,2.2,272,20,503,28.25,,0,0,0,68.2,64.9,63.1,0.44,0.37,0.35
WARS,2017-08-21 16:00:00 EDT,42.77993,-78.20889,1774,77.2,76.4,77.2,72.5,67.7,0.000,0.000,0.00,0.000,6.3,11.4,2.5,275,22,7.0,12.5,2.5,284,23,6.3,11.4,2.5,275,22,377,28.25,,0,0,0,68.2,64.9,63.1,0.44,0.37,0.35
WARS,2017-08-21 16:05:00 EDT,42.77993,-78.20889,1774,77.4,76.4,77.4,72.2,67.8,0.000,0.000,0.00,0.000,8.4,11.2,1.4,266,13,9.1,12.9,1.6,273,12,8.4,11.2,1.4,266,13,353,28.25,,0,0,0,68.2,65.0,63.1,0.44,0.37,0.35
WARS,2017-08-21 16:10:00 EDT,42.77993,-78.20889,1774,77.1,76.4,77.1,72.2,67.5,0.000,0.000,0.00,0.000,5.8,9.6,1.6,265,16,6.3,10.0,1.7,273,16,5.8,9.6,1.6,265,16,376,28.25,,0,0,0,68.2,65.0,63.1,0.44,0.37,0.35
WARS,2017-08-21 16:15:00 EDT,42.77993,-78.20889,1774,77.1,76.3,77.1,71.4,67.1,0.000,0.000,0.00,0.000,7.8,12.3,1.7,274,6,8.4,13.8,1.8,282,5,7.8,12.3,1.7,274,6,283,28.25,,0,0,0,68.2,65.0,63.1,0.44,0.37,0.35
WARS,2017-08-21 16:20:00 EDT,42.77993,-78.20889,1774,76.8,76.5,76.8,72.8,67.4,0.000,0.000,0.00,0.000,6.1,10.0,1.7,263,13,6.8,10.9,1.8,271,12,6.1,10.0,1.7,263,13,309,28.25,,0,0,0,68.2,65.0,63.1,0.44,0.37,0.35
WARS,2017-08-21 16:25:00 EDT,42.77993,-78.20889,1774,77.7,76.6,77.7,72.3,68.1,0.000,0.000,0.00,0.000,6.8,10.2,1.2,276,13,7.4,11.0,1.3,284,11,6.8,10.2,1.2,276,13,472,28.25,,0,0,0,68.2,65.1,63.1,0.44,0.37,0.35
WARS,2017-08-21 16:30:00 EDT,42.77993,-78.20889,1774,78.1,76.9,78.1,71.8,68.3,0.000,0.000,0.00,0.000,5.6,8.7,1.2,255,14,6.3,10.6,1.4,264,14,5.6,8.7,1.2,255,14,602,28.25,,0,0,0,68.2,65.1,63.1,0.44,0.37,0.35
WARS,2017-08-21 16:35:00 EDT,42.77993,-78.20889,1774,78.5,77.2,78.5,69.0,67.5,0.000,0.000,0.00,0.000,8.3,11.8,1.4,258,13,9.1,13.7,1.6,267,12,8.3,11.8,1.4,258,13,550,28.25,,0,0,0,68.2,65.1,63.1,0.44,0.37,0.35
WARS,2017-08-21 16:40:00 EDT,42.77993,-78.20889,1774,77.9,77.1,77.9,68.2,66.6,0.000,0.000,0.00,0.000,8.2,12.2,1.9,272,14,8.9,13.5,2.1,280,12,8.2,12.2,1.9,272,14,522,28.25,,0,0,0,68.2,65.1,63.2,0.44,0.37,0.35
WARS,2017-08-21 16:45:00 EDT,42.77993,-78.20889,1774,78.9,77.7,78.9,67.9,67.4,0.000,0.000,0.00,0.000,8.4,12.9,1.6,270,13,9.3,13.7,1.9,279,11,8.4,12.9,1.6,270,13,555,28.25,,0,0,0,68.2,65.1,63.1,0.44,0.37,0.35
WARS,2017-08-21 16:50:00 EDT,42.77993,-78.20889,1774,77.7,77.2,77.7,68.0,66.3,0.000,0.000,0.00,0.000,8.1,11.0,1.4,252,13,8.7,11.7,1.6,261,12,8.1,11.0,1.4,252,13,183,28.25,,0,0,0,68.2,65.1,63.1,0.44,0.37,0.35
WARS,2017-08-21 16:55:00 EDT,42.77993,-78.20889,1774,77.2,76.7,77.2,70.3,66.7,0.000,0.000,0.00,0.000,6.3,9.1,1.3,275,13,6.8,9.9,1.5,283,10,6.3,9.1,1.3,275,13,278,28.25,,0,0,0,68.2,65.1,63.2,0.44,0.37,0.35
WARS,2017-08-21 17:00:00 EDT,42.77993,-78.20889,1774,77.9,77.2,77.9,70.4,67.5,0.000,0.000,0.00,0.000,7.1,11.7,2.1,271,14,7.9,13.0,2.3,278,11,7.1,11.7,2.1,271,14,527,28.25,,0,0,0,68.2,65.1,63.1,0.44,0.37,0.35
WARS,2017-08-21 17:05:00 EDT,42.77993,-78.20889,1774,78.4,77.3,78.4,68.9,67.3,0.000,0.000,0.00,0.000,8.5,11.3,1.5,261,13,9.3,12.6,1.6,269,12,8.5,11.3,1.5,261,13,431,28.25,,0,0,0,68.2,65.1,63.1,0.44,0.37,0.34
WARS,2017-08-21 17:10:00 EDT,42.77993,-78.20889,1774,78.3,77.1,78.3,68.6,67.1,0.000,0.000,0.00,0.000,6.4,9.9,1.5,272,12,7.0,10.8,1.6,281,12,6.4,9.9,1.5,272,12,515,28.25,,0,0,0,68.2,65.1,63.1,0.44,0.37,0.35
WARS,2017-08-21 17:15:00 EDT,42.77993,-78.20889,1774,78.4,77.4,78.4,68.8,67.3,0.000,0.000,0.00,0.000,5.9,9.2,1.3,267,13,6.7,10.4,1.4,275,12,5.9,9.2,1.3,267,13,513,28.25,,0,0,0,68.3,65.1,63.1,0.44,0.37,0.35
WARS,2017-08-21 17:20:00 EDT,42.77993,-78.20889,1774,78.9,77.6,78.9,67.8,67.3,0.000,0.000,0.00,0.000,7.4,11.6,1.8,256,15,8.0,12.8,2.0,265,15,7.4,11.6,1.8,256,15,485,28.25,,0,0,0,68.5,65.1,63.1,0.44,0.37,0.35
WARS,2017-08-21 17:25:00 EDT,42.77993,-78.20889,1774,78.6,77.7,78.6,65.8,66.2,0.000,0.000,0.00,0.000,6.3,10.6,1.8,272,25,6.8,12.0,2.1,280,26,6.3,10.6,1.8,272,25,481,28.25,,0,0,0,68.5,65.1,63.1,0.44,0.37,0.35
WARS,2017-08-21 17:30:00 EDT,42.77993,-78.20889,1774,78.2,77.5,78.2,67.4,66.5,0.000,0.000,0.00,0.000,4.9,7.5,1.8,283,19,5.5,9.1,1.8,288,19,4.9,7.5,1.8,283,19,441,28.25,,0,0,0,68.5,65.1,63.1,0.44,0.37,0.35
WARS,2017-08-21 17:35:00 EDT,42.77993,-78.20889,1774,78.2,77.5,78.2,68.5,67.0,0.000,0.000,0.00,0.000,6.5,8.9,1.2,273,23,7.1,10.0,1.3,280,22,6.5,8.9,1.2,273,23,384,28.25,,0,0,0,68.5,65.1,63.1,0.44,0.37,0.35
WARS,2017-08-21 17:40:00 EDT,42.77993,-78.20889,1774,78.6,77.8,78.6,66.2,66.4,0.000,0.000,0.00,0.000,8.0,10.9,1.6,258,9,8.9,13.4,1.7,267,8,8.0,10.9,1.6,258,9,436,28.25,,0,0,0,68.5,65.1,63.1,0.44,0.37,0.35
WARS,2017-08-21 17:45:00 EDT,42.77993,-78.20889,1774,78.7,77.8,78.7,65.0,65.9,0.000,0.000,0.00,0.000,9.2,12.1,1.2,256,11,10.0,12.9,1.4,265,9,9.2,12.1,1.2,256,11,415,28.24,,0,0,0,68.5,65.1,63.1,0.44,0.37,0.35
WARS,2017-08-21 17:50:00 EDT,42.77993,-78.20889,1774,78.3,77.5,78.3,65.2,65.7,0.000,0.000,0.00,0.000,8.6,12.4,1.6,261,15,9.3,13.3,1.8,269,13,8.6,12.4,1.6,261,15,340,28.24,,0,0,0,68.5,65.1,63.1,0.44,0.37,0.35
WARS,2017-08-21 17:55:00 EDT,42.77993,-78.20889,1774,78.1,77.4,78.1,65.9,65.8,0.000,0.000,0.00,0.000,7.9,10.3,1.2,257,15,8.6,11.4,1.3,265,14,7.9,10.3,1.2,257,15,347,28.24,,0,0,0,68.5,65.1,63.1,0.44,0.37,0.35
WARS,2017-08-21 18:00:00 EDT,42.77993,-78.20889,1774,77.8,77.4,77.8,66.2,65.6,0.000,0.000,0.00,0.000,7.7,12.6,1.7,279,14,8.3,14.1,1.9,285,13,7.7,12.6,1.7,279,14,333,28.24,,0,0,0,68.5,65.1,63.1,0.44,0.37,0.34
WARS,2017-08-21 18:05:00 EDT,42.77993,-78.20889,1774,77.7,77.3,77.7,66.5,65.7,0.000,0.000,0.00,0.000,6.6,9.2,1.3,273,15,7.1,9.9,1.5,281,14,6.6,9.2,1.3,273,15,318,28.24,,0,0,0,68.5,65.1,63.1,0.44,0.37,0.35
WARS,2017-08-21 18:10:00 EDT,42.77993,-78.20889,1774,77.6,77.2,77.6,67.4,66.0,0.000,0.000,0.00,0.000,6.3,9.6,1.6,268,10,6.9,10.8,1.6,276,10,6.3,9.6,1.6,268,10,303,28.24,,0,0,0,68.5,65.1,63.1,0.44,0.37,0.35
WARS,2017-08-21 18:15:00 EDT,42.77993,-78.20889,1774,77.8,77.5,77.8,65.6,65.3,0.000,0.000,0.00,0.000,5.1,7.2,1.0,280,12,5.6,7.7,1.1,288,11,5.1,7.2,1.0,280,12,292,28.24,,0,0,0,68.5,65.1,63.1,0.44,0.37,0.35
WARS,2017-08-21 18:20:00 EDT,42.77993,-78.20889,1774,77.5,77.2,77.5,67.1,65.7,0.000,0.000,0.00,0.000,5.9,10.9,1.7,278,20,6.5,12.2,2.0,285,20,5.9,10.9,1.7,278,20,271,28.24,,0,0,0,68.5,65.1,63.1,0.44,0.37,0.35
WARS,2017-08-21 18:25:00 EDT,42.77993,-78.20889,1774,77.3,77.0,77.3,66.9,65.5,0.000,0.000,0.00,0.000,7.1,9.1,0.9,264,11,7.7,9.8,1.1,271,11,7.1,9.1,0.9,264,11,249,28.24,,0,0,0,68.5,65.1,63.1,0.44,0.37,0.35
WARS,2017-08-21 18:30:00 EDT,42.77993,-78.20889,1774,77.3,77.0,77.3,66.6,65.3,0.000,0.000,0.00,0.000,7.5,9.7,1.1,254,9,8.1,10.6,1.2,262,8,7.5,9.7,1.1,254,9,238,28.24,,0,0,0,68.5,65.1,63.1,0.44,0.37,0.35
WARS,2017-08-21 18:35:00 EDT,42.77993,-78.20889,1774,77.2,77.0,77.2,66.3,65.1,0.000,0.000,0.00,0.000,6.7,9.4,1.1,258,9,7.4,10.3,1.1,266,8,6.7,9.4,1.1,258,9,224,28.24,,0,0,0,68.5,65.1,63.1,0.44,0.37,0.35
WARS,2017-08-21 18:40:00 EDT,42.77993,-78.20889,1774,77.1,77.0,77.1,64.2,64.0,0.000,0.000,0.00,0.000,6.2,9.2,1.0,265,10,6.8,10.2,1.2,274,10,6.2,9.2,1.0,265,10,205,28.24,,0,0,0,68.5,65.1,63.1,0.44,0.37,0.35
WARS,2017-08-21 18:45:00 EDT,42.77993,-78.20889,1774,76.9,76.9,76.9,65.0,64.3,0.000,0.000,0.00,0.000,6.0,9.1,1.1,255,8,6.5,9.6,1.1,264,7,6.0,9.1,1.1,255,8,189,28.23,,0,0,0,68.5,65.1,63.1,0.44,0.37,0.35
WARS,2017-08-21 18:50:00 EDT,42.77993,-78.20889,1774,76.7,76.7,76.7,65.5,64.3,0.000,0.000,0.00,0.000,6.8,8.7,0.9,255,9,7.4,9.7,1.1,264,8,6.8,8.7,0.9,255,9,174,28.23,,0,0,0,68.5,65.1,63.1,0.44,0.37,0.35
WARS,2017-08-21 18:55:00 EDT,42.77993,-78.20889,1774,76.5,76.6,76.5,66.0,64.3,0.000,0.000,0.00,0.000,6.3,9.6,1.3,253,7,6.9,11.7,1.4,261,6,6.3,9.6,1.3,253,7,158,28.24,,0,0,0,68.5,65.1,63.1,0.44,0.37,0.35
WARS,2017-08-21 19:00:00 EDT,42.77993,-78.20889,1774,76.3,76.4,76.3,66.8,64.4,0.000,0.000,0.00,0.000,6.0,8.1,1.1,257,9,6.5,8.9,1.2,266,8,6.0,8.1,1.1,257,9,139,28.24,,0,0,0,68.5,65.1,63.1,0.44,0.37,0.35
WARS,2017-08-21 19:05:00 EDT,42.77993,-78.20889,1774,76.1,76.2,76.1,67.9,64.7,0.000,0.000,0.00,0.000,5.2,7.0,0.8,253,9,5.8,7.9,0.9,261,8,5.2,7.0,0.8,253,9,128,28.24,,0,0,0,68.5,65.1,63.1,0.44,0.37,0.35
WARS,2017-08-21 19:10:00 EDT,42.77993,-78.20889,1774,75.8,76.0,75.8,68.6,64.7,0.000,0.000,0.00,0.000,5.1,7.1,0.8,250,9,5.6,8.6,0.9,258,7,5.1,7.1,0.8,250,9,110,28.24,,0,0,0,68.5,65.1,63.1,0.44,0.37,0.35
WARS,2017-08-21 19:15:00 EDT,42.77993,-78.20889,1774,75.5,75.8,75.5,69.6,64.9,0.000,0.000,0.00,0.000,5.2,7.8,0.9,255,10,5.7,7.7,1.0,264,9,5.2,7.8,0.9,255,10,102,28.24,,0,0,0,68.5,65.1,63.1,0.44,0.37,0.35
WARS,2017-08-21 19:20:00 EDT,42.77993,-78.20889,1774,75.2,75.5,75.2,70.8,65.1,0.000,0.000,0.00,0.000,4.7,6.8,0.7,252,10,5.1,7.5,0.9,261,8,4.7,6.8,0.7,252,10,91,28.23,,0,0,0,68.5,65.1,63.1,0.44,0.37,0.35
WARS,2017-08-21 19:25:00 EDT,42.77993,-78.20889,1774,74.9,75.4,74.9,71.2,65.0,0.000,0.000,0.00,0.000,4.9,6.7,0.7,246,8,5.3,7.8,0.9,255,8,4.9,6.7,0.7,246,8,79,28.23,,0,0,0,68.5,65.1,63.1,0.44,0.37,0.35
WARS,2017-08-21 19:30:00 EDT,42.77993,-78.20889,1774,74.6,75.0,74.6,72.3,65.1,0.000,0.000,0.00,0.000,4.1,6.1,1.0,247,8,4.6,7.1,1.0,256,8,4.1,6.1,1.0,247,8,67,28.23,,0,0,0,68.5,65.1,63.1,0.44,0.37,0.35
WARS,2017-08-21 19:35:00 EDT,42.77993,-78.20889,1774,74.3,74.8,74.3,73.0,65.1,0.000,0.000,0.00,0.000,4.5,6.8,0.6,243,8,4.9,7.6,0.8,251,7,4.5,6.8,0.6,243,8,54,28.23,,0,0,0,68.5,65.1,63.1,0.44,0.37,0.35
WARS,2017-08-21 19:40:00 EDT,42.77993,-78.20889,1774,74.0,74.6,74.0,73.4,65.0,0.000,0.000,0.00,0.000,4.1,5.5,0.5,234,6,4.4,6.0,0.6,242,7,4.1,5.5,0.5,234,6,40,28.23,,0,0,0,68.5,65.1,63.1,0.44,0.37,0.35
WARS,2017-08-21 19:45:00 EDT,42.77993,-78.20889,1774,73.7,74.3,73.7,74.0,64.9,0.000,0.000,0.00,0.000,3.0,4.5,0.5,239,9,3.4,5.5,0.7,246,10,3.0,4.5,0.5,239,9,26,28.23,,0,0,0,68.5,65.1,63.1,0.44,0.37,0.35
WARS,2017-08-21 19:50:00 EDT,42.77993,-78.20889,1774,73.1,73.8,73.1,75.3,64.9,0.000,0.000,0.00,0.000,3.3,4.2,0.4,244,6,3.7,4.9,0.6,252,7,3.3,4.2,0.4,244,6,15,28.24,,0,0,0,68.5,65.1,63.1,0.44,0.37,0.35
WARS,2017-08-21 19:55:00 EDT,42.77993,-78.20889,1774,72.6,73.6,72.6,76.4,64.8,0.000,0.000,0.00,0.000,4.1,5.8,0.6,244,7,4.6,6.8,0.7,253,6,4.1,5.8,0.6,244,7,9,28.23,,0,0,0,68.5,65.1,63.1,0.44,0.37,0.35
WARS,2017-08-21 20:00:00 EDT,42.77993,-78.20889,1774,72.3,73.4,72.3,77.2,64.7,0.000,0.000,0.00,0.000,4.7,7.8,1.2,239,6,5.1,8.2,1.3,247,7,4.7,7.8,1.2,239,6,6,28.24,,0,0,0,68.5,65.1,63.1,0.44,0.37,0.35
WARS,2017-08-21 20:05:00 EDT,42.77993,-78.20889,1774,72.6,73.7,72.6,75.9,64.5,0.000,0.000,0.00,0.000,5.1,6.2,0.4,233,6,5.4,7.0,0.5,240,6,5.1,6.2,0.4,233,6,4,28.24,,0,0,0,68.5,65.1,63.1,0.44,0.37,0.35
WARS,2017-08-21 20:10:00 EDT,42.77993,-78.20889,1774,72.1,73.2,72.1,77.2,64.5,0.000,0.000,0.00,0.000,5.4,7.6,0.6,232,6,5.7,8.5,0.7,240,5,5.4,7.6,0.6,232,6,2,28.24,,0,0,0,68.5,65.1,63.2,0.44,0.37,0.35
WARS,2017-08-21 20:15:00 EDT,42.77993,-78.20889,1774,71.8,72.9,71.8,77.9,64.5,0.000,0.000,0.00,0.000,5.3,6.5,0.5,229,6,5.5,6.9,0.5,236,6,5.3,6.5,0.5,229,6,1,28.23,,0,0,0,68.5,65.1,63.1,0.44,0.37,0.35
WARS,2017-08-21 20:20:00 EDT,42.77993,-78.20889,1774,71.4,72.6,71.4,79.0,64.6,0.000,0.000,0.00,0.000,5.4,7.7,0.7,225,6,5.7,8.1,0.6,232,6,5.4,7.7,0.7,225,6,1,28.23,,0,0,0,68.5,65.1,63.1,0.44,0.37,0.35
WARS,2017-08-21 20:25:00 EDT,42.77993,-78.20889,1774,71.4,72.6,71.4,78.6,64.4,0.000,0.000,0.00,0.000,5.6,6.9,0.5,233,7,5.9,7.9,0.6,241,8,5.6,6.9,0.5,233,7,1,28.23,,0,0,0,68.5,65.1,63.1,0.44,0.37,0.35
WARS,2017-08-21 20:30:00 EDT,42.77993,-78.20889,1774,70.9,72.1,70.9,79.0,64.1,0.000,0.000,0.00,0.000,4.5,5.9,0.6,241,6,4.9,6.2,0.6,249,6,4.5,5.9,0.6,241,6,1,28.23,,0,0,0,68.5,65.1,63.1,0.44,0.37,0.35
WARS,2017-08-21 20:35:00 EDT,42.77993,-78.20889,1774,70.4,71.6,70.4,80.2,64.0,0.000,0.000,0.00,0.000,4.2,5.2,0.4,243,6,4.7,6.1,0.5,250,7,4.2,5.2,0.4,243,6,1,28.23,,0,0,0,68.4,65.1,63.1,0.44,0.37,0.35
WARS,2017-08-21 20:40:00 EDT,42.77993,-78.20889,1774,70.4,71.7,70.4,79.7,63.8,0.000,0.000,0.00,0.000,5.1,6.8,0.7,235,6,5.5,7.6,0.7,244,5,5.1,6.8,0.7,235,6,1,28.23,,0,0,0,68.2,65.1,63.1,0.44,0.37,0.35
WARS,2017-08-21 20:45:00 EDT,42.77993,-78.20889,1774,70.4,71.7,70.4,78.4,63.3,0.000,0.000,0.00,0.000,4.9,6.5,0.7,228,6,5.2,6.9,0.7,235,7,4.9,6.5,0.7,228,6,1,28.23,,0,0,0,68.2,65.1,63.1,0.44,0.37,0.35
WARS,2017-08-21 20:50:00 EDT,42.77993,-78.20889,1774,70.1,71.7,70.1,78.5,63.1,0.000,0.000,0.00,0.000,6.3,8.0,0.6,227,5,6.6,8.2,0.7,233,6,6.3,8.0,0.6,227,5,1,28.23,,0,0,0,68.2,65.1,63.1,0.44,0.37,0.35
WARS,2017-08-21 20:55:00 EDT,42.77993,-78.20889,1774,70.2,71.6,70.2,78.4,63.2,0.000,0.000,0.00,0.000,5.3,7.1,0.7,239,8,5.6,7.6,0.7,248,8,5.3,7.1,0.7,239,8,1,28.23,,0,0,0,68.2,65.2,63.1,0.44,0.37,0.35
WARS,2017-08-21 21:00:00 EDT,42.77993,-78.20889,1774,69.7,71.2,69.7,79.3,63.0,0.000,0.000,0.00,0.000,4.3,5.9,0.5,246,9,4.7,7.0,0.6,255,8,4.3,5.9,0.5,246,9,1,28.23,,0,0,0,68.2,65.2,63.1,0.44,0.37,0.35
WARS,2017-08-21 21:05:00 EDT,42.77993,-78.20889,1774,69.8,71.2,69.8,79.3,63.0,0.000,0.000,0.00,0.000,4.6,5.9,0.6,237,7,4.9,7.0,0.7,246,7,4.6,5.9,0.6,237,7,1,28.23,,0,0,0,68.2,65.3,63.1,0.44,0.37,0.35
WARS,2017-08-21 21:10:00 EDT,42.77993,-78.20889,1774,69.2,70.9,69.2,80.0,62.8,0.000,0.000,0.00,0.000,4.6,6.3,0.5,246,6,5.1,6.6,0.6,255,6,4.6,6.3,0.5,246,6,1,28.23,,0,0,0,68.2,65.3,63.1,0.44,0.36,0.35
WARS,2017-08-21 21:15:00 EDT,42.77993,-78.20889,1774,69.2,70.7,69.2,80.5,63.0,0.000,0.000,0.00,0.000,4.2,5.4,0.4,243,8,4.6,6.4,0.6,251,7,4.2,5.4,0.4,243,8,1,28.23,,0,0,0,68.2,65.3,63.1,0.44,0.37,0.35
WARS,2017-08-21 21:20:00 EDT,42.77993,-78.20889,1774,69.4,71.1,69.4,80.0,62.9,0.000,0.000,0.00,0.000,4.3,5.8,0.6,231,7,4.5,5.9,0.7,239,7,4.3,5.8,0.6,231,7,1,28.23,,0,0,0,68.2,65.4,63.1,0.44,0.36,0.35
WARS,2017-08-21 21:25:00 EDT,42.77993,-78.20889,1774,69.6,71.3,69.6,79.4,62.9,0.000,0.000,0.00,0.000,4.8,5.8,0.4,234,7,5.1,6.3,0.5,241,7,4.8,5.8,0.4,234,7,1,28.23,,0,0,0,68.2,65.4,63.1,0.44,0.37,0.35
WARS,2017-08-21 21:30:00 EDT,42.77993,-78.20889,1774,69.7,71.3,69.7,79.0,62.9,0.000,0.000,0.00,0.000,5.0,6.6,0.6,232,7,5.2,7.1,0.7,240,8,5.0,6.6,0.6,232,7,1,28.23,,0,0,0,68.2,65.4,63.1,0.44,0.36,0.35
WARS,2017-08-21 21:35:00 EDT,42.77993,-78.20889,1774,69.8,71.3,69.8,78.8,62.9,0.000,0.000,0.00,0.000,4.8,6.1,0.7,230,6,5.0,6.7,0.7,238,7,4.8,6.1,0.7,230,6,1,28.23,,0,0,0,68.2,65.5,63.1,0.44,0.37,0.35
WARS,2017-08-21 21:40:00 EDT,42.77993,-78.20889,1774,69.5,71.2,69.5,78.9,62.7,0.000,0.000,0.00,0.000,4.7,7.3,0.8,231,8,5.0,7.6,0.8,239,8,4.7,7.3,0.8,231,8,1,28.23,,0,0,0,68.2,65.5,63.1,0.44,0.36,0.35
WARS,2017-08-21 21:45:00 EDT,42.77993,-78.20889,1774,69.7,71.3,69.7,78.4,62.7,0.000,0.000,0.00,0.000,5.4,7.0,0.6,233,8,5.8,7.9,0.7,242,8,5.4,7.0,0.6,233,8,1,28.23,,0,0,0,68.1,65.5,63.1,0.44,0.37,0.35
WARS,2017-08-21 21:50:00 EDT,42.77993,-78.20889,1774,69.8,71.5,69.8,77.2,62.4,0.000,0.000,0.00,0.000,6.0,8.1,0.8,236,7,6.3,8.7,0.9,245,7,6.0,8.1,0.8,236,7,1,28.23,,0,0,0,67.8,65.5,63.1,0.44,0.36,0.35
WARS,2017-08-21 21:55:00 EDT,42.77993,-78.20889,1774,69.6,71.3,69.6,77.0,62.1,0.000,0.000,0.00,0.000,5.5,7.5,0.8,237,6,5.9,8.0,0.9,245,7,5.5,7.5,0.8,237,6,1,28.23,,0,0,0,67.8,65.5,63.1,0.44,0.36,0.35
WARS,2017-08-21 22:00:00 EDT,42.77993,-78.20889,1774,70.0,71.7,70.0,76.3,62.2,0.000,0.000,0.00,0.000,6.5,8.5,0.8,232,7,6.8,9.2,0.8,239,7,6.5,8.5,0.8,232,7,1,28.23,,0,0,0,67.8,65.5,63.1,0.44,0.36,0.35
WARS,2017-08-21 22:05:00 EDT,42.77993,-78.20889,1774,70.1,71.7,70.1,76.0,62.2,0.000,0.000,0.00,0.000,6.8,10.0,0.9,232,6,7.1,10.0,0.9,240,7,6.8,10.0,0.9,232,6,1,28.23,,0,0,0,67.8,65.5,63.1,0.44,0.36,0.35
WARS,2017-08-21 22:10:00 EDT,42.77993,-78.20889,1774,70.3,71.9,70.3,76.0,62.4,0.000,0.000,0.00,0.000,7.6,10.0,1.2,234,7,7.8,10.3,1.2,242,8,7.6,10.0,1.2,234,7,1,28.23,,0,0,0,67.8,65.5,63.1,0.44,0.37,0.35
WARS,2017-08-21 22:15:00 EDT,42.77993,-78.20889,1774,70.3,71.9,70.3,75.8,62.3,0.000,0.000,0.00,0.000,7.1,10.5,1.1,231,7,7.3,10.1,1.1,238,7,7.1,10.5,1.1,231,7,1,28.23,,0,0,0,67.8,65.5,63.1,0.44,0.36,0.35
WARS,2017-08-21 22:20:00 EDT,42.77993,-78.20889,1774,70.6,72.2,70.6,75.0,62.3,0.000,0.000,0.00,0.000,7.6,9.7,0.9,230,7,7.8,9.8,1.0,237,7,7.6,9.7,0.9,230,7,1,28.23,,0,0,0,67.8,65.5,63.1,0.44,0.36,0.35
WARS,2017-08-21 22:25:00 EDT,42.77993,-78.20889,1774,70.6,72.2,70.6,74.3,62.0,0.000,0.000,0.00,0.000,7.7,10.0,0.8,228,7,7.9,10.0,0.9,234,7,7.7,10.0,0.8,228,7,1,28.23,,0,0,0,67.8,65.5,63.1,0.44,0.36,0.35
WARS,2017-08-21 22:30:00 EDT,42.77993,-78.20889,1774,70.3,71.9,70.3,74.4,61.7,0.000,0.000,0.00,0.000,7.1,10.4,1.2,226,7,7.3,10.8,1.2,233,7,7.1,10.4,1.2,226,7,1,28.23,,0,0,0,67.8,65.5,63.2,0.44,0.36,0.35
WARS,2017-08-21 22:35:00 EDT,42.77993,-78.20889,1774,70.2,71.9,70.2,74.5,61.7,0.000,0.000,0.00,0.000,7.6,10.0,0.9,223,6,7.8,10.2,1.0,230,6,7.6,10.0,0.9,223,6,1,28.22,,0,0,0,67.8,65.5,63.1,0.44,0.36,0.35
WARS,2017-08-21 22:40:00 EDT,42.77993,-78.20889,1774,70.0,72.0,70.0,73.7,61.2,0.000,0.000,0.00,0.000,7.4,10.4,1.0,218,6,7.6,9.8,0.9,225,5,7.4,10.4,1.0,218,6,1,28.22,,0,0,0,67.8,65.5,63.1,0.44,0.36,0.35
WARS,2017-08-21 22:45:00 EDT,42.77993,-78.20889,1774,69.8,71.9,69.8,73.2,60.8,0.000,0.000,0.00,0.000,8.3,10.7,0.8,220,6,8.4,10.9,0.9,226,6,8.3,10.7,0.8,220,6,1,28.22,,0,0,0,67.8,65.5,63.1,0.44,0.36,0.35
WARS,2017-08-21 22:50:00 EDT,42.77993,-78.20889,1774,70.1,72.1,70.1,71.8,60.5,0.000,0.000,0.00,0.000,8.8,12.2,1.0,221,6,8.9,12.4,1.0,227,6,8.8,12.2,1.0,221,6,0,28.22,,0,0,0,67.8,65.5,63.1,0.43,0.36,0.35
WARS,2017-08-21 22:55:00 EDT,42.77993,-78.20889,1774,70.7,72.6,70.7,69.7,60.3,0.000,0.000,0.00,0.000,9.0,11.0,0.9,222,6,9.1,11.1,0.9,228,5,9.0,11.0,0.9,222,6,0,28.22,,0,0,0,67.8,65.5,63.2,0.44,0.36,0.35
WARS,2017-08-21 23:00:00 EDT,42.77993,-78.20889,1774,71.0,72.8,71.0,69.2,60.4,0.000,0.000,0.00,0.000,8.9,11.5,1.1,222,6,9.1,11.6,1.0,227,6,8.9,11.5,1.1,222,6,1,28.22,,0,0,0,67.8,65.5,63.1,0.44,0.36,0.35
WARS,2017-08-21 23:05:00 EDT,42.77993,-78.20889,1774,71.1,72.9,71.1,69.5,60.7,0.000,0.000,0.00,0.000,8.1,12.8,1.8,221,8,8.4,12.4,1.7,227,7,8.1,12.8,1.8,221,8,1,28.21,,0,0,0,67.7,65.5,63.2,0.44,0.36,0.35
WARS,2017-08-21 23:10:00 EDT,42.77993,-78.20889,1774,69.5,71.4,69.5,74.3,61.0,0.000,0.000,0.00,0.000,7.7,10.6,1.6,213,7,8.0,10.8,1.6,219,5,7.7,10.6,1.6,213,7,1,28.21,,0,0,0,67.5,65.5,63.1,0.43,0.36,0.35
WARS,2017-08-21 23:15:00 EDT,42.77993,-78.20889,1774,69.9,71.7,69.9,75.9,61.9,0.000,0.000,0.00,0.000,9.1,11.1,0.9,215,4,9.4,11.6,0.9,221,3,9.1,11.1,0.9,215,4,1,28.21,,0,0,0,67.5,65.5,63.1,0.43,0.36,0.35
WARS,2017-08-21 23:20:00 EDT,42.77993,-78.20889,1774,70.1,72.1,70.1,76.3,62.3,0.000,0.000,0.00,0.000,9.2,11.8,0.9,213,5,9.5,12.1,1.0,220,3,9.2,11.8,0.9,213,5,0,28.21,,0,0,0,67.5,65.5,63.2,0.43,0.36,0.35
WARS,2017-08-21 23:25:00 EDT,42.77993,-78.20889,1774,70.4,72.4,70.4,76.4,62.6,0.000,0.000,0.00,0.000,8.4,11.8,1.4,212,6,8.7,12.0,1.4,219,4,8.4,11.8,1.4,212,6,0,28.21,,0,0,0,67.5,65.5,63.2,0.44,0.36,0.35
WARS,2017-08-21 23:30:00 EDT,42.77993,-78.20889,1774,70.5,72.5,70.5,76.5,62.7,0.000,0.000,0.00,0.000,7.9,10.4,1.2,213,7,8.4,11.9,1.4,219,6,7.9,10.4,1.2,213,7,1,28.21,,0,0,0,67.5,65.5,63.2,0.43,0.36,0.35
WARS,2017-08-21 23:35:00 EDT,42.77993,-78.20889,1774,70.1,72.2,70.1,77.7,62.9,0.000,0.000,0.00,0.000,7.5,13.5,1.5,204,11,7.9,13.1,1.7,210,10,7.5,13.5,1.5,204,11,1,28.21,,0,0,0,67.5,65.5,63.2,0.44,0.36,0.35
WARS,2017-08-21 23:40:00 EDT,42.77993,-78.20889,1774,69.9,72.1,69.9,79.8,63.4,0.000,0.000,0.00,0.000,7.2,9.7,0.8,200,6,7.5,10.9,0.9,208,7,7.2,9.7,0.8,200,6,0,28.21,,0,0,0,67.5,65.5,63.2,0.44,0.36,0.35
WARS,2017-08-21 23:45:00 EDT,42.77993,-78.20889,1774,70.9,72.9,70.9,77.2,63.4,0.000,0.000,0.00,0.000,8.7,10.8,1.0,206,6,9.1,11.5,1.0,213,6,8.7,10.8,1.0,206,6,1,28.21,,0,0,0,67.5,65.5,63.2,0.44,0.36,0.35
WARS,2017-08-21 23:50:00 EDT,42.77993,-78.20889,1774,70.6,72.5,70.6,76.2,62.7,0.000,0.000,0.00,0.000,7.7,9.9,1.0,214,7,8.0,10.1,1.0,220,6,7.7,9.9,1.0,214,7,1,28.21,,0,0,0,67.5,65.5,63.1,0.44,0.36,0.35
WARS,2017-08-21 23:55:00 EDT,42.77993,-78.20889,1774,70.5,72.7,70.5,76.5,62.8,0.000,0.000,0.00,0.000,7.7,9.6,0.8,216,10,8.1,10.5,0.9,223,11,7.7,9.6,0.8,216,10,1,28.20,,0,0,0,67.5,65.5,63.2,0.44,0.36,0.35
WARW,2017-08-21 00:00:00 EDT,41.24036,-74.39056,539,60.6,62.7,60.6,98.0,60.1,0.000,0.000,0.00,0.000,0.0,0.0,0.0,0,0,0.4,1.2,0.2,62,52,0.0,0.0,0.0,0,0,0,29.60,,0,0,0,70.5,71.1,69.3,0.22,0.22,0.21
WARW,2017-08-21 00:05:00 EDT,41.24036,-74.39056,539,60.1,62.4,60.1,98.0,59.5,0.000,0.000,0.00,0.000,0.8,1.3,0.4,130,2,1.0,1.4,0.3,135,6,0.8,1.3,0.4,130,2,0,29.60,,0,0,0,70.5,71.1,69.3,0.22,0.22,0.20
WARW,2017-08-21 00:10:00 EDT,41.24036,-74.39056,539,59.8,62.5,59.8,98.1,59.2,0.000,0.000,0.00,0.000,1.4,2.1,0.4,110,13,1.7,2.5,0.5,118,14,1.4,2.1,0.4,110,13,0,29.60,,0,0,0,70.5,71.1,69.3,0.22,0.22,0.20
WARW,2017-08-21 00:15:00 EDT,41.24036,-74.39056,539,59.6,62.6,59.6,98.1,59.0,0.000,0.000,0.00,0.000,1.9,2.2,0.2,83,8,2.2,2.7,0.3,84,10,1.9,2.2,0.2,83,8,0,29.60,,0,0,0,70.5,71.1,69.3,0.22,0.22,0.20
WARW,2017-08-21 00:20:00 EDT,41.24036,-74.39056,539,60.1,62.3,60.1,98.3,59.7,0.000,0.000,0.00,0.000,1.0,1.6,0.3,40,18,1.2,1.9,0.3,42,15,1.0,1.6,0.3,40,18,0,29.60,,0,0,0,70.5,71.1,69.3,0.22,0.22,0.20
WARW,2017-08-21 00:25:00 EDT,41.24036,-74.39056,539,60.6,61.7,60.6,98.5,60.1,0.000,0.000,0.00,0.000,1.2,1.6,0.2,21,6,1.3,1.9,0.3,26,9,1.2,1.6,0.2,21,6,0,29.60,,0,0,0,70.3,71.1,69.3,0.22,0.22,0.20
WARW,2017-08-21 00:30:00 EDT,41.24036,-74.39056,539,59.8,61.5,59.8,98.1,59.3,0.000,0.000,0.00,0.000,0.5,1.2,0.4,84,30,0.9,1.5,0.3,92,31,0.5,1.2,0.4,84,30,0,29.60,,0,0,0,70.3,71.0,69.3,0.21,0.22,0.20
WARW,2017-08-21 00:35:00 EDT,41.24036,-74.39056,539,59.8,61.6,59.8,98.2,59.3,0.000,0.000,0.00,0.000,0.1,0.5,0.2,280,13,0.5,1.0,0.2,288,54,0.1,0.5,0.2,280,13,0,29.60,,0,0,0,70.3,71.1,69.3,0.21,0.22,0.20
WARW,2017-08-21 00:40:00 EDT,41.24036,-74.39056,539,60.2,61.8,60.2,98.5,59.8,0.000,0.000,0.00,0.000,0.7,1.5,0.6,111,6,1.0,1.9,0.6,114,22,0.7,1.5,0.6,111,6,0,29.60,,0,0,0,70.2,71.1,69.3,0.21,0.22,0.20
WARW,2017-08-21 00:45:00 EDT,41.24036,-74.39056,539,59.3,61.8,59.3,98.2,58.8,0.000,0.000,0.00,0.000,1.4,1.7,0.1,136,13,1.5,1.8,0.1,142,13,1.4,1.7,0.1,136,13,0,29.60,,0,0,0,70.1,71.0,69.3,0.21,0.22,0.20
WARW,2017-08-21 00:50:00 EDT,41.24036,-74.39056,539,59.2,62.6,59.2,98.3,58.8,0.000,0.000,0.00,0.000,1.5,1.9,0.2,144,14,1.6,1.8,0.2,148,17,1.5,1.9,0.2,144,14,0,29.60,,0,0,0,70.1,71.0,69.3,0.21,0.22,0.20
WARW,2017-08-21 00:55:00 EDT,41.24036,-74.39056,539,59.1,62.4,59.1,98.3,58.7,0.000,0.000,0.00,0.000,0.3,1.4,0.4,150,26,0.8,1.5,0.3,164,35,0.3,1.4,0.4,150,26,0,29.60,,0,0,0,70.0,71.0,69.3,0.21,0.22,0.20
WARW,2017-08-21 01:00:00 EDT,41.24036,-74.39056,539,59.4,61.7,59.4,98.5,59.0,0.000,0.000,0.00,0.000,1.3,2.5,0.9,143,6,1.4,2.4,0.7,150,18,1.3,2.5,0.9,143,6,0,29.60,,0,0,0,70.0,71.0,69.3,0.22,0.22,0.20
WARW,2017-08-21 01:05:00 EDT,41.24036,-74.39056,539,58.9,61.8,58.9,98.3,58.4,0.000,0.000,0.00,0.000,2.0,2.4,0.3,156,4,2.3,2.8,0.3,158,5,2.0,2.4,0.3,156,4,0,29.60,,0,0,0,69.9,71.0,69.3,0.22,0.22,0.20
WARW,2017-08-21 01:10:00 EDT,41.24036,-74.39056,539,58.9,61.6,58.9,98.3,58.4,0.000,0.000,0.00,0.000,1.1,1.8,0.5,159,4,1.4,2.0,0.4,163,8,1.1,1.8,0.5,159,4,0,29.60,,0,0,0,69.9,71.0,69.3,0.22,0.22,0.20
WARW,2017-08-21 01:15:00 EDT,41.24036,-74.39056,539,59.4,61.4,59.4,98.5,59.0,0.000,0.000,0.00,0.000,0.6,1.2,0.4,146,3,0.9,1.3,0.3,161,14,0.6,1.2,0.4,146,3,0,29.60,,0,0,0,69.9,71.0,69.3,0.22,0.22,0.20
WARW,2017-08-21 01:20:00 EDT,41.24036,-74.39056,539,59.9,61.3,59.9,98.6,59.5,0.000,0.000,0.00,0.000,0.1,0.5,0.1,2,27,0.6,1.0,0.2,342,28,0.1,0.5,0.1,2,27,0,29.61,,0,0,0,69.9,70.9,69.3,0.22,0.22,0.20
WARW,2017-08-21 01:25:00 EDT,41.24036,-74.39056,539,59.6,60.9,59.6,98.6,59.2,0.000,0.000,0.00,0.000,0.4,1.5,0.4,108,6,0.7,1.9,0.5,113,35,0.4,1.5,0.4,108,6,0,29.61,,0,0,0,69.8,70.8,69.3,0.22,0.22,0.20
WARW,2017-08-21 01:30:00 EDT,41.24036,-74.39056,539,58.8,60.9,58.8,98.3,58.4,0.000,0.000,0.00,0.000,2.2,2.5,0.2,115,3,2.2,2.7,0.2,122,4,2.2,2.5,0.2,115,3,0,29.60,,0,0,0,69.8,70.8,69.3,0.22,0.22,0.20
WARW,2017-08-21 01:35:00 EDT,41.24036,-74.39056,539,58.6,61.8,58.6,98.4,58.1,0.000,0.000,0.00,0.000,0.9,2.3,0.7,112,10,1.1,2.3,0.5,113,18,0.9,2.3,0.7,112,10,0,29.60,,0,0,0,69.8,70.9,69.3,0.22,0.22,0.20
WARW,2017-08-21 01:40:00 EDT,41.24036,-74.39056,539,59.4,61.5,59.4,98.7,59.0,0.000,0.000,0.00,0.000,0.9,1.8,0.6,64,13,1.2,2.3,0.5,61,21,0.9,1.8,0.6,64,13,0,29.60,,0,0,0,69.8,70.9,69.3,0.22,0.22,0.20
WARW,2017-08-21 01:45:00 EDT,41.24036,-74.39056,539,59.4,61.5,59.4,98.6,59.0,0.000,0.000,0.00,0.000,1.0,1.5,0.2,1,23,1.3,1.9,0.3,7,22,1.0,1.5,0.2,1,23,0,29.60,,0,0,0,69.7,70.8,69.3,0.22,0.22,0.20
WARW,2017-08-21 01:50:00 EDT,41.24036,-74.39056,539,59.3,61.2,59.3,98.5,58.8,0.000,0.000,0.00,0.000,0.3,1.0,0.4,312,16,0.7,1.5,0.3,327,38,0.3,1.0,0.4,312,16,0,29.60,,0,0,0,69.7,70.8,69.3,0.22,0.22,0.20
WARW,2017-08-21 01:55:00 EDT,41.24036,-74.39056,539,59.2,61.0,59.2,98.5,58.7,0.000,0.000,0.00,0.000,0.5,1.4,0.6,94,7,0.9,1.7,0.5,90,30,0.5,1.4,0.6,94,7,0,29.60,,0,0,0,69.6,70.8,69.3,0.22,0.22,0.20
WARW,2017-08-21 02:00:00 EDT,41.24036,-74.39056,539,58.4,61.2,58.4,98.4,58.0,0.000,0.000,0.00,0.000,1.2,1.7,0.3,103,7,1.5,2.1,0.3,108,9,1.2,1.7,0.3,103,7,0,29.60,,0,0,0,69.5,70.8,69.3,0.22,0.22,0.20
WARW,2017-08-21 02:05:00 EDT,41.24036,-74.39056,539,58.4,61.1,58.4,98.5,58.0,0.000,0.000,0.00,0.000,1.7,2.0,0.2,105,5,2.0,2.4,0.2,111,6,1.7,2.0,0.2,105,5,0,29.60,,0,0,0,69.4,70.8,69.3,0.22,0.22,0.21
WARW,2017-08-21 02:10:00 EDT,41.24036,-74.39056,539,58.4,61.2,58.4,98.5,58.0,0.000,0.000,0.00,0.000,2.1,2.4,0.2,110,5,2.2,2.6,0.2,117,5,2.1,2.4,0.2,110,5,0,29.60,,0,0,0,69.4,70.8,69.3,0.22,0.22,0.20
WARW,2017-08-21 02:15:00 EDT,41.24036,-74.39056,539,58.2,60.7,58.2,98.5,57.8,0.000,0.000,0.00,0.000,0.8,1.5,0.3,129,13,1.0,1.5,0.2,129,17,0.8,1.5,0.3,129,13,0,29.60,,0,0,0,69.4,70.8,69.3,0.21,0.22,0.20
WARW,2017-08-21 02:20:00 EDT,41.24036,-74.39056,539,59.0,61.0,59.0,98.7,58.7,0.000,0.000,0.00,0.000,1.3,2.1,0.5,86,7,1.6,2.5,0.5,87,7,1.3,2.1,0.5,86,7,0,29.60,,0,0,0,69.4,70.7,69.3,0.21,0.22,0.20
WARW,2017-08-21 02:25:00 EDT,41.24036,-74.39056,539,59.3,61.0,59.3,98.8,59.0,0.000,0.000,0.00,0.000,0.6,1.3,0.5,79,4,0.9,1.7,0.5,74,25,0.6,1.3,0.5,79,4,0,29.60,,0,0,0,69.2,70.7,69.3,0.21,0.22,0.20
WARW,2017-08-21 02:30:00 EDT,41.24036,-74.39056,539,59.3,60.8,59.3,98.7,58.9,0.000,0.000,0.00,0.000,0.3,0.8,0.3,8,34,0.7,1.2,0.3,359,44,0.3,0.8,0.3,8,34,0,29.60,,0,0,0,69.2,70.7,69.3,0.21,0.22,0.20
WARW,2017-08-21 02:35:00 EDT,41.24036,-74.39056,539,58.9,60.7,58.9,98.6,58.5,0.000,0.000,0.00,0.000,0.4,0.9,0.3,63,16,0.8,1.3,0.2,58,21,0.4,0.9,0.3,63,16,0,29.60,,0,0,0,69.2,70.7,69.3,0.21,0.22,0.20
WARW,2017-08-21 02:40:00 EDT,41.24036,-74.39056,539,58.2,60.6,58.2,98.5,57.7,0.000,0.000,0.00,0.000,0.1,0.6,0.2,74,9,0.6,1.0,0.2,102,20,0.1,0.6,0.2,74,9,0,29.60,,0,0,0,69.1,70.7,69.3,0.22,0.22,0.20
WARW,2017-08-21 02:45:00 EDT,41.24036,-74.39056,539,58.4,60.5,58.4,98.6,58.0,0.000,0.000,0.00,0.000,0.4,1.0,0.4,94,3,0.9,1.5,0.3,103,18,0.4,1.0,0.4,94,3,0,29.60,,0,0,0,69.2,70.7,69.3,0.22,0.22,0.20
WARW,2017-08-21 02:50:00 EDT,41.24036,-74.39056,539,58.0,60.5,58.0,98.6,57.6,0.000,0.000,0.00,0.000,1.5,2.1,0.3,121,5,1.5,2.0,0.2,127,5,1.5,2.1,0.3,121,5,0,29.60,,0,0,0,69.1,70.7,69.3,0.22,0.22,0.20
WARW,2017-08-21 02:55:00 EDT,41.24036,-74.39056,539,57.9,60.8,57.9,98.6,57.5,0.000,0.000,0.00,0.000,1.9,2.5,0.4,117,7,1.9,2.4,0.3,121,8,1.9,2.5,0.4,117,7,0,29.60,,0,0,0,69.1,70.7,69.3,0.22,0.22,0.20
WARW,2017-08-21 03:00:00 EDT,41.24036,-74.39056,539,58.1,60.6,58.1,98.7,57.7,0.000,0.000,0.00,0.000,1.1,2.0,0.5,88,15,1.4,2.4,0.5,87,27,1.1,2.0,0.5,88,15,0,29.60,,0,0,0,69.2,70.7,69.3,0.22,0.22,0.20
WARW,2017-08-21 03:05:00 EDT,41.24036,-74.39056,539,58.9,60.7,58.9,98.9,58.6,0.000,0.000,0.00,0.000,0.4,1.2,0.4,19,52,0.8,1.8,0.4,69,63,0.4,1.2,0.4,19,52,0,29.60,,0,0,0,69.0,70.7,69.3,0.22,0.22,0.20
WARW,2017-08-21 03:10:00 EDT,41.24036,-74.39056,539,58.1,60.5,58.1,98.6,57.7,0.000,0.000,0.00,0.000,1.3,2.0,0.5,103,9,1.6,2.5,0.5,109,10,1.3,2.0,0.5,103,9,0,29.60,,0,0,0,68.9,70.7,69.3,0.22,0.22,0.21
WARW,2017-08-21 03:15:00 EDT,41.24036,-74.39056,539,57.9,60.3,57.9,98.8,57.6,0.000,0.000,0.00,0.000,0.9,1.8,0.4,118,6,1.1,2.0,0.3,124,8,0.9,1.8,0.4,118,6,0,29.60,,0,0,0,69.0,70.7,69.3,0.22,0.22,0.20
WARW,2017-08-21 03:20:00 EDT,41.24036,-74.39056,539,58.8,60.7,58.8,98.9,58.5,0.000,0.000,0.00,0.000,0.7,1.2,0.2,133,6,0.9,1.2,0.2,137,10,0.7,1.2,0.2,133,6,0,29.60,,0,0,0,68.8,70.7,69.3,0.22,0.22,0.20
WARW,2017-08-21 03:25:00 EDT,41.24036,-74.39056,539,58.8,60.8,58.8,98.8,58.5,0.000,0.000,0.00,0.000,1.1,1.6,0.3,84,35,1.3,1.8,0.2,83,35,1.1,1.6,0.3,84,35,0,29.60,,0,0,0,68.9,70.7,69.3,0.22,0.22,0.20
WARW,2017-08-21 03:30:00 EDT,41.24036,-74.39056,539,58.1,60.6,58.1,98.6,57.7,0.000,0.000,0.00,0.000,0.9,1.2,0.1,58,6,1.1,1.4,0.1,57,8,0.9,1.2,0.1,58,6,0,29.60,,0,0,0,68.8,70.7,69.3,0.22,0.22,0.20
WARW,2017-08-21 03:35:00 EDT,41.24036,-74.39056,539,58.0,60.7,58.0,98.6,57.6,0.000,0.000,0.00,0.000,0.8,1.2,0.2,31,14,1.1,1.6,0.2,27,16,0.8,1.2,0.2,31,14,0,29.60,,0,0,0,68.8,70.7,69.3,0.21,0.22,0.20
WARW,2017-08-21 03:40:00 EDT,41.24036,-74.39056,539,57.9,60.3,57.9,98.7,57.5,0.000,0.000,0.00,0.000,0.5,1.5,0.5,338,7,0.8,2.0,0.6,346,20,0.5,1.5,0.5,338,7,0,29.60,,0,0,0,68.7,70.7,69.3,0.21,0.22,0.20
WARW,2017-08-21 03:45:00 EDT,41.24036,-74.39056,539,57.9,60.0,57.9,98.6,57.6,0.000,0.000,0.00,0.000,0.0,0.0,0.0,0,0,0.4,0.9,0.2,324,60,0.0,0.0,0.0,0,0,0,29.60,,0,0,0,68.7,70.7,69.3,0.23,0.22,0.20
WARW,2017-08-21 03:50:00 EDT,41.24036,-74.39056,539,57.8,60.0,57.8,98.7,57.4,0.000,0.000,0.00,0.000,0.2,0.8,0.3,81,0,0.6,1.3,0.4,72,19,0.2,0.8,0.3,81,0,0,29.60,,0,0,0,68.5,70.7,69.3,0.23,0.22,0.20
WARW,2017-08-21 03:55:00 EDT,41.24036,-74.39056,539,57.3,59.8,57.3,98.6,57.0,0.000,0.000,0.00,0.000,1.1,1.3,0.1,91,8,1.4,1.8,0.2,95,11,1.1,1.3,0.1,91,8,0,29.60,,0,0,0,68.5,70.7,69.3,0.22,0.22,0.20
WARW,2017-08-21 04:00:00 EDT,41.24036,-74.39056,539,57.7,59.6,57.7,98.8,57.3,0.000,0.000,0.00,0.000,0.6,1.5,0.5,93,11,1.1,1.9,0.4,101,22,0.6,1.5,0.5,93,11,0,29.60,,0,0,0,68.5,70.7,69.3,0.22,0.22,0.20
WARW,2017-08-21 04:05:00 EDT,41.24036,-74.39056,539,57.7,59.9,57.7,98.8,57.3,0.000,0.000,0.00,0.000,1.0,1.4,0.2,132,9,1.2,1.6,0.2,134,9,1.0,1.4,0.2,132,9,0,29.60,,0,0,0,68.5,70.7,69.3,0.22,0.22,0.20
WARW,2017-08-21 04:10:00 EDT,41.24036,-74.39056,539,57.6,59.9,57.6,98.8,57.2,0.000,0.000,0.00,0.000,1.6,2.7,0.6,122,9,1.7,2.7,0.5,126,8,1.6,2.7,0.6,122,9,0,29.60,,0,0,0,68.5,70.7,69.3,0.22,0.22,0.20
WARW,2017-08-21 04:15:00 EDT,41.24036,-74.39056,539,57.5,60.3,57.5,98.8,57.2,0.000,0.000,0.00,0.000,2.3,3.0,0.5,120,7,2.1,3.1,0.5,126,7,2.3,3.0,0.5,120,7,0,29.60,,0,0,0,68.5,70.6,69.3,0.22,0.22,0.20
WARW,2017-08-21 04:20:00 EDT,41.24036,-74.39056,539,57.8,60.3,57.8,98.7,57.4,0.000,0.000,0.00,0.000,1.3,1.8,0.2,138,5,1.5,2.0,0.2,141,8,1.3,1.8,0.2,138,5,0,29.61,,0,0,0,68.4,70.6,69.3,0.21,0.22,0.20
WARW,2017-08-21 04:25:00 EDT,41.24036,-74.39056,539,58.3,60.5,58.3,99.0,58.0,0.000,0.000,0.00,0.000,1.1,1.8,0.3,120,14,1.3,2.0,0.2,122,19,1.1,1.8,0.3,120,14,0,29.60,,0,0,0,68.4,70.5,69.3,0.21,0.22,0.20
WARW,2017-08-21 04:30:00 EDT,41.24036,-74.39056,539,57.8,60.6,57.8,98.8,57.5,0.000,0.000,0.00,0.000,1.1,1.6,0.5,75,4,1.5,2.0,0.5,73,10,1.1,1.6,0.5,75,4,0,29.60,,0,0,0,68.4,70.4,69.3,0.21,0.22,0.20
WARW,2017-08-21 04:35:00 EDT,41.24036,-74.39056,539,57.3,60.1,57.3,98.6,56.9,0.000,0.000,0.00,0.000,1.7,2.9,0.8,48,14,2.0,3.3,0.6,50,13,1.7,2.9,0.8,48,14,0,29.61,,0,0,0,68.4,70.5,69.3,0.21,0.22,0.20
WARW,2017-08-21 04:40:00 EDT,41.24036,-74.39056,539,56.8,59.4,56.8,98.6,56.4,0.000,0.000,0.00,0.000,1.2,2.6,0.7,66,6,1.6,2.8,0.6,69,11,1.2,2.6,0.7,66,6,0,29.61,,0,0,0,68.4,70.4,69.3,0.21,0.22,0.20
WARW,2017-08-21 04:45:00 EDT,41.24036,-74.39056,539,56.5,58.8,56.5,98.6,56.1,0.000,0.000,0.00,0.000,1.6,2.4,0.4,67,17,1.8,2.7,0.4,70,18,1.6,2.4,0.4,67,17,0,29.60,,0,0,0,68.4,70.3,69.3,0.21,0.22,0.21
WARW,2017-08-21 04:50:00 EDT,41.24036,-74.39056,539,57.2,58.8,57.2,98.9,56.9,0.000,0.000,0.00,0.000,1.5,2.4,0.3,52,8,1.7,2.5,0.3,53,8,1.5,2.4,0.3,52,8,0,29.60,,0,0,0,68.4,70.4,69.3,0.22,0.22,0.20
WARW,2017-08-21 04:55:00 EDT,41.24036,-74.39056,539,57.3,59.0,57.3,98.8,57.0,0.000,0.000,0.00,0.000,0.4,1.2,0.3,54,24,0.9,1.3,0.3,40,31,0.4,1.2,0.3,54,24,0,29.61,,0,0,0,68.3,70.4,69.3,0.22,0.22,0.20
WARW,2017-08-21 05:00:00 EDT,41.24036,-74.39056,539,57.7,59.5,57.7,98.9,57.4,0.000,0.000,0.00,0.000,0.2,0.9,0.3,51,3,0.6,1.2,0.3,39,33,0.2,0.9,0.3,51,3,0,29.61,,0,0,0,68.3,70.3,69.3,0.21,0.22,0.20
WARW,2017-08-21 05:05:00 EDT,41.24036,-74.39056,539,57.9,59.8,57.9,99.0,57.6,0.000,0.000,0.00,0.000,0.1,1.2,0.3,69,6,0.6,1.4,0.3,56,53,0.1,1.2,0.3,69,6,0,29.61,,0,0,0,68.2,70.3,69.3,0.21,0.22,0.20
WARW,2017-08-21 05:10:00 EDT,41.24036,-74.39056,539,57.3,59.5,57.3,98.8,57.0,0.000,0.000,0.00,0.000,0.9,1.4,0.2,47,9,1.1,1.6,0.2,47,11,0.9,1.4,0.2,47,9,0,29.61,,0,0,0,68.1,70.3,69.3,0.21,0.22,0.20
WARW,2017-08-21 05:15:00 EDT,41.24036,-74.39056,539,57.3,59.6,57.3,98.8,57.0,0.000,0.000,0.00,0.000,0.6,1.5,0.4,57,14,0.9,1.7,0.4,70,27,0.6,1.5,0.4,57,14,0,29.61,,0,0,0,68.2,70.3,69.3,0.21,0.22,0.21
WARW,2017-08-21 05:20:00 EDT,41.24036,-74.39056,539,57.3,59.5,57.3,98.9,57.0,0.000,0.000,0.00,0.000,0.2,1.3,0.3,141,5,0.7,1.6,0.3,129,23,0.2,1.3,0.3,141,5,0,29.61,,0,0,0,68.0,70.3,69.3,0.21,0.22,0.20
WARW,2017-08-21 05:25:00 EDT,41.24036,-74.39056,539,56.9,59.4,56.9,98.8,56.5,0.000,0.000,0.00,0.000,1.7,2.2,0.3,135,8,1.6,2.1,0.2,136,8,1.7,2.2,0.3,135,8,0,29.61,,0,0,0,68.1,70.3,69.3,0.21,0.22,0.20
WARW,2017-08-21 05:30:00 EDT,41.24036,-74.39056,539,56.6,59.2,56.6,98.7,56.2,0.000,0.000,0.00,0.000,1.3,1.8,0.2,134,4,1.3,1.9,0.3,137,6,1.3,1.8,0.2,134,4,0,29.61,,0,0,0,67.9,70.3,69.3,0.21,0.22,0.20
WARW,2017-08-21 05:35:00 EDT,41.24036,-74.39056,539,56.9,59.7,56.9,98.9,56.6,0.000,0.000,0.00,0.000,1.4,1.5,0.1,125,7,1.3,1.8,0.2,129,8,1.4,1.5,0.1,125,7,0,29.62,,0,0,0,67.8,70.3,69.3,0.22,0.22,0.20
WARW,2017-08-21 05:40:00 EDT,41.24036,-74.39056,539,56.9,60.0,56.9,98.9,56.6,0.000,0.000,0.00,0.000,1.6,2.0,0.3,110,10,1.7,2.4,0.4,113,11,1.6,2.0,0.3,110,10,0,29.62,,0,0,0,67.8,70.3,69.3,0.22,0.22,0.20
WARW,2017-08-21 05:45:00 EDT,41.24036,-74.39056,539,56.9,59.9,56.9,98.9,56.6,0.000,0.000,0.00,0.000,0.9,1.6,0.5,116,5,1.2,1.7,0.3,121,15,0.9,1.6,0.5,116,5,0,29.62,,0,0,0,67.8,70.3,69.3,0.22,0.21,0.20
WARW,2017-08-21 05:50:00 EDT,41.24036,-74.39056,539,56.6,59.5,56.6,98.9,56.3,0.000,0.000,0.00,0.000,0.4,0.9,0.3,108,3,0.9,1.2,0.2,115,16,0.4,0.9,0.3,108,3,0,29.62,,0,0,0,67.8,70.3,69.3,0.22,0.22,0.20
WARW,2017-08-21 05:55:00 EDT,41.24036,-74.39056,539,57.3,59.4,57.3,99.0,57.0,0.000,0.000,0.00,0.000,0.2,0.7,0.2,33,17,0.7,1.2,0.2,51,29,0.2,0.7,0.2,33,17,0,29.62,,0,0,0,67.8,70.3,69.3,0.22,0.22,0.20
WARW,2017-08-21 06:00:00 EDT,41.24036,-74.39056,539,57.1,59.3,57.1,99.0,56.9,0.000,0.000,0.00,0.000,0.4,1.1,0.4,33,2,0.9,1.3,0.2,20,16,0.4,1.1,0.4,33,2,1,29.62,,0,0,0,67.7,70.3,69.3,0.21,0.22,0.20
WARW,2017-08-21 06:05:00 EDT,41.24036,-74.39056,539,57.0,59.0,57.0,98.9,56.7,0.000,0.000,0.00,0.000,0.1,0.8,0.3,15,9,0.6,1.2,0.2,49,37,0.1,0.8,0.3,15,9,2,29.62,,0,0,0,67.7,70.3,69.3,0.22,0.22,0.20
WARW,2017-08-21 06:10:00 EDT,41.24036,-74.39056,539,56.4,59.2,56.4,98.8,56.1,0.000,0.000,0.00,0.000,0.8,1.7,0.4,93,15,1.1,2.2,0.4,97,22,0.8,1.7,0.4,93,15,3,29.62,,0,0,0,67.7,70.3,69.3,0.21,0.22,0.21
WARW,2017-08-21 06:15:00 EDT,41.24036,-74.39056,539,56.4,59.4,56.4,98.9,56.1,0.000,0.000,0.00,0.000,0.6,1.5,0.5,61,10,1.0,1.8,0.4,62,15,0.6,1.5,0.5,61,10,4,29.63,,0,0,0,67.7,70.2,69.3,0.21,0.21,0.20
WARW,2017-08-21 06:20:00 EDT,41.24036,-74.39056,539,57.0,59.1,57.0,99.0,56.7,0.000,0.000,0.00,0.000,1.0,1.5,0.5,343,17,1.4,2.0,0.4,352,15,1.0,1.5,0.5,343,17,6,29.63,,0,0,0,67.6,70.2,69.3,0.21,0.22,0.20
WARW,2017-08-21 06:25:00 EDT,41.24036,-74.39056,539,57.5,58.9,57.5,99.1,57.3,0.000,0.000,0.00,0.000,0.1,0.8,0.2,12,4,0.6,1.2,0.2,9,37,0.1,0.8,0.2,12,4,11,29.63,,0,0,0,67.5,70.1,69.3,0.22,0.22,0.20
WARW,2017-08-21 06:30:00 EDT,41.24036,-74.39056,539,57.2,58.5,57.2,99.0,56.9,0.000,0.000,0.00,0.000,0.1,0.7,0.2,319,8,0.5,1.0,0.2,300,48,0.1,0.7,0.2,319,8,18,29.63,,0,0,0,67.6,70.1,69.3,0.21,0.22,0.20
WARW,2017-08-21 06:35:00 EDT,41.24036,-74.39056,539,56.7,58.5,56.7,98.8,56.4,0.000,0.000,0.00,0.000,0.6,1.5,0.6,126,14,0.8,1.5,0.5,128,15,0.6,1.5,0.6,126,14,24,29.63,,0,0,0,67.5,70.1,69.3,0.21,0.22,0.20
WARW,2017-08-21 06:40:00 EDT,41.24036,-74.39056,539,56.6,59.0,56.6,98.9,56.3,0.000,0.000,0.00,0.000,0.8,1.9,0.6,100,5,1.2,2.4,0.6,102,9,0.8,1.9,0.6,100,5,33,29.63,,0,0,0,67.5,70.1,69.3,0.22,0.22,0.20
WARW,2017-08-21 06:45:00 EDT,41.24036,-74.39056,539,56.8,59.9,56.8,98.8,56.5,0.000,0.000,0.00,0.000,1.2,1.9,0.3,110,3,1.5,2.2,0.3,114,5,1.2,1.9,0.3,110,3,38,29.63,,0,0,0,67.4,70.0,69.3,0.22,0.22,0.20
WARW,2017-08-21 06:50:00 EDT,41.24036,-74.39056,539,56.9,59.8,56.9,98.8,56.5,0.000,0.000,0.00,0.000,1.5,2.1,0.3,105,3,1.8,2.4,0.3,111,5,1.5,2.1,0.3,105,3,39,29.63,,0,0,0,67.4,70.1,69.3,0.22,0.22,0.20
WARW,2017-08-21 06:55:00 EDT,41.24036,-74.39056,539,56.9,59.0,56.9,98.8,56.5,0.000,0.000,0.00,0.000,1.4,2.3,0.5,99,8,1.7,2.9,0.5,101,12,1.4,2.3,0.5,99,8,50,29.63,,0,0,0,67.4,70.0,69.3,0.22,0.22,0.20
WARW,2017-08-21 07:00:00 EDT,41.24036,-74.39056,539,57.3,60.0,57.3,98.7,56.9,0.000,0.000,0.00,0.000,1.4,2.6,0.8,81,7,1.8,3.2,0.8,82,8,1.4,2.6,0.8,81,7,75,29.63,,0,0,0,67.4,70.1,69.3,0.21,0.22,0.20
WARW,2017-08-21 07:05:00 EDT,41.24036,-74.39056,539,57.9,59.4,57.9,98.7,57.6,0.000,0.000,0.00,0.000,1.0,2.6,0.8,48,26,1.5,2.8,0.6,42,32,1.0,2.6,0.8,48,26,79,29.63,,0,0,0,67.4,70.0,69.3,0.21,0.22,0.20
WARW,2017-08-21 07:10:00 EDT,41.24036,-74.39056,539,58.7,59.7,58.7,98.8,58.4,0.000,0.000,0.00,0.000,1.2,2.6,0.7,37,32,1.6,3.0,0.7,37,33,1.2,2.6,0.7,37,32,79,29.63,,0,0,0,67.3,70.0,69.3,0.22,0.22,0.20
WARW,2017-08-21 07:15:00 EDT,41.24036,-74.39056,539,59.3,60.1,59.3,98.7,58.9,0.000,0.000,0.00,0.000,0.7,1.5,0.4,21,42,1.0,2.0,0.4,29,43,0.7,1.5,0.4,21,42,98,29.63,,0,0,0,67.3,70.0,69.3,0.22,0.22,0.20
WARW,2017-08-21 07:20:00 EDT,41.24036,-74.39056,539,59.9,60.1,59.9,98.7,59.5,0.000,0.000,0.00,0.000,0.1,0.7,0.2,110,3,0.6,1.3,0.3,87,47,0.1,0.7,0.2,110,3,108,29.63,,0,0,0,67.4,70.0,69.3,0.22,0.22,0.21
WARW,2017-08-21 07:25:00 EDT,41.24036,-74.39056,539,60.2,60.2,60.2,98.5,59.7,0.000,0.000,0.00,0.000,0.0,0.5,0.1,73,0,0.4,1.1,0.3,71,66,0.0,0.5,0.1,73,0,126,29.63,,0,0,0,67.3,70.0,69.3,0.22,0.22,0.20
WARW,2017-08-21 07:30:00 EDT,41.24036,-74.39056,539,60.3,60.8,60.3,98.0,59.8,0.000,0.000,0.00,0.000,0.6,1.8,0.7,121,3,1.0,1.9,0.5,130,28,0.6,1.8,0.7,121,3,144,29.63,,0,0,0,67.3,70.0,69.3,0.22,0.22,0.20
WARW,2017-08-21 07:35:00 EDT,41.24036,-74.39056,539,60.7,60.9,60.7,97.6,60.0,0.000,0.000,0.00,0.000,2.1,2.9,0.3,117,10,2.2,2.8,0.3,121,10,2.1,2.9,0.3,117,10,160,29.63,,0,0,0,67.3,70.0,69.3,0.22,0.22,0.20
WARW,2017-08-21 07:40:00 EDT,41.24036,-74.39056,539,61.4,62.1,61.4,97.2,60.6,0.000,0.000,0.00,0.000,2.0,2.6,0.3,133,4,1.9,2.7,0.3,136,5,2.0,2.6,0.3,133,4,189,29.63,,0,0,0,67.3,70.0,69.3,0.22,0.22,0.20
WARW,2017-08-21 07:45:00 EDT,41.24036,-74.39056,539,62.7,63.1,62.7,96.4,61.6,0.000,0.000,0.00,0.000,1.6,2.0,0.2,124,10,1.6,2.4,0.3,129,10,1.6,2.0,0.2,124,10,188,29.63,,0,0,0,67.3,70.0,69.3,0.22,0.22,0.20
WARW,2017-08-21 07:50:00 EDT,41.24036,-74.39056,539,63.4,63.4,63.4,93.7,61.5,0.000,0.000,0.00,0.000,1.2,2.0,0.4,109,9,1.5,2.4,0.3,113,11,1.2,2.0,0.4,109,9,167,29.63,,0,0,0,67.3,70.0,69.3,0.22,0.22,0.20
WARW,2017-08-21 07:55:00 EDT,41.24036,-74.39056,539,64.0,63.7,64.0,91.7,61.5,0.000,0.000,0.00,0.000,0.5,1.4,0.4,79,11,0.9,1.9,0.4,80,24,0.5,1.4,0.4,79,11,183,29.64,,0,0,0,67.3,70.0,69.3,0.22,0.22,0.20
WARW,2017-08-21 08:00:00 EDT,41.24036,-74.39056,539,64.1,64.1,64.1,90.8,61.4,0.000,0.000,0.00,0.000,1.2,1.9,0.4,356,26,1.4,2.5,0.4,2,27,1.2,1.9,0.4,356,26,182,29.64,,0,0,0,67.4,70.0,69.3,0.22,0.22,0.20
WARW,2017-08-21 08:05:00 EDT,41.24036,-74.39056,539,64.3,64.3,64.3,90.8,61.5,0.000,0.000,0.00,0.000,0.6,1.2,0.4,330,15,0.9,1.6,0.3,339,30,0.6,1.2,0.4,330,15,192,29.64,,0,0,0,67.3,70.0,69.3,0.22,0.22,0.20
WARW,2017-08-21 08:10:00 EDT,41.24036,-74.39056,539,64.4,64.6,64.4,91.4,61.9,0.000,0.000,0.00,0.000,0.4,1.4,0.5,139,12,0.8,2.3,0.4,156,43,0.4,1.4,0.5,139,12,80,29.63,,0,0,0,67.3,70.0,69.3,0.22,0.22,0.20
WARW,2017-08-21 08:15:00 EDT,41.24036,-74.39056,539,64.6,64.7,64.6,92.6,62.3,0.000,0.000,0.00,0.000,0.7,1.6,0.4,129,8,1.0,1.8,0.3,132,15,0.7,1.6,0.4,129,8,73,29.63,,0,0,0,67.4,70.0,69.3,0.21,0.22,0.20
WARW,2017-08-21 08:20:00 EDT,41.24036,-74.39056,539,64.5,64.8,64.5,92.6,62.3,0.000,0.000,0.00,0.000,0.0,0.0,0.0,0,0,0.3,1.1,0.2,94,60,0.0,0.0,0.0,0,0,72,29.63,,0,0,0,67.3,70.0,69.3,0.21,0.22,0.20
WARW,2017-08-21 08:25:00 EDT,41.24036,-74.39056,539,64.6,64.8,64.6,92.9,62.5,0.000,0.000,0.00,0.000,0.0,0.0,0.0,0,0,0.4,1.6,0.2,227,46,0.0,0.0,0.0,0,0,85,29.64,,0,0,0,67.4,70.0,69.3,0.21,0.22,0.20
WARW,2017-08-21 08:30:00 EDT,41.24036,-74.39056,539,64.8,65.0,64.8,93.0,62.7,0.000,0.000,0.00,0.000,0.0,0.0,0.0,0,0,0.7,1.2,0.3,104,37,0.0,0.0,0.0,0,0,96,29.63,,0,0,0,67.4,69.9,69.3,0.21,0.22,0.20
WARW,2017-08-21 08:35:00 EDT,41.24036,-74.39056,539,64.9,65.0,64.9,92.1,62.6,0.000,0.000,0.00,0.000,0.1,0.7,0.3,152,14,0.6,1.2,0.3,159,39,0.1,0.7,0.3,152,14,105,29.63,,0,0,0,67.5,69.9,69.3,0.21,0.22,0.20
WARW,2017-08-21 08:40:00 EDT,41.24036,-74.39056,539,65.3,65.7,65.3,91.5,62.7,0.000,0.000,0.00,0.000,0.7,1.0,0.2,158,10,1.0,1.4,0.2,157,16,0.7,1.0,0.2,158,10,188,29.63,,0,0,0,67.6,69.9,69.3,0.21,0.22,0.20
WARW,2017-08-21 08:45:00 EDT,41.24036,-74.39056,539,66.5,66.7,66.5,90.0,63.5,0.000,0.000,0.00,0.000,0.5,1.1,0.4,126,15,0.9,1.7,0.3,125,26,0.5,1.1,0.4,126,15,364,29.63,,0,0,0,67.7,69.9,69.3,0.21,0.22,0.20
WARW,2017-08-21 08:50:00 EDT,41.24036,-74.39056,539,67.9,67.7,67.9,84.0,62.9,0.000,0.000,0.00,0.000,0.5,1.2,0.4,87,24,1.0,2.7,0.4,90,43,0.5,1.2,0.4,87,24,395,29.63,,0,0,0,67.7,69.7,69.3,0.21,0.22,0.20
WARW,2017-08-21 08:55:00 EDT,41.24036,-74.39056,539,68.5,68.2,68.5,81.7,62.6,0.000,0.000,0.00,0.000,0.9,2.3,0.8,332,14,1.5,3.0,0.7,340,23,0.9,2.3,0.8,332,14,358,29.63,,0,0,0,67.6,69.7,69.3,0.21,0.22,0.20
WARW,2017-08-21 09:00:00 EDT,41.24036,-74.39056,539,68.7,68.4,68.7,82.5,63.2,0.000,0.000,0.00,0.000,1.3,2.2,0.5,283,16,1.5,2.6,0.5,292,14,1.3,2.2,0.5,283,16,415,29.63,,0,0,0,67.7,69.6,69.3,0.23,0.22,0.20
WARW,2017-08-21 09:05:00 EDT,41.24036,-74.39056,539,69.4,69.0,69.4,81.4,63.4,0.000,0.000,0.00,0.000,0.2,1.4,0.4,275,6,0.8,2.1,0.5,271,64,0.2,1.4,0.4,275,6,420,29.63,,0,0,0,67.7,69.6,69.3,0.22,0.22,0.20
WARW,2017-08-21 09:10:00 EDT,41.24036,-74.39056,539,69.9,69.7,69.9,79.7,63.4,0.000,0.000,0.00,0.000,0.1,0.9,0.2,4,3,0.7,1.8,0.4,6,51,0.1,0.9,0.2,4,3,396,29.62,,0,0,0,67.8,69.6,69.3,0.22,0.22,0.20
WARW,2017-08-21 09:15:00 EDT,41.24036,-74.39056,539,70.9,70.3,70.9,80.0,64.4,0.000,0.000,0.00,0.000,1.0,2.4,0.8,317,22,1.4,2.8,0.6,330,34,1.0,2.4,0.8,317,22,406,29.62,,0,0,0,67.8,69.6,69.3,0.22,0.22,0.21
WARW,2017-08-21 09:20:00 EDT,41.24036,-74.39056,539,70.8,70.4,70.8,79.1,64.1,0.000,0.000,0.00,0.000,1.6,2.6,0.5,316,11,1.7,3.4,0.5,323,13,1.6,2.6,0.5,316,11,438,29.62,,0,0,0,67.8,69.6,69.3,0.21,0.22,0.20
WARW,2017-08-21 09:25:00 EDT,41.24036,-74.39056,539,71.2,71.0,71.2,77.9,63.9,0.000,0.000,0.00,0.000,0.7,1.6,0.4,312,19,1.0,2.0,0.4,317,24,0.7,1.6,0.4,312,19,417,29.62,,0,0,0,68.0,69.6,69.3,0.21,0.22,0.20
WARW,2017-08-21 09:30:00 EDT,41.24036,-74.39056,539,71.9,71.4,71.9,77.7,64.6,0.000,0.000,0.00,0.000,0.7,1.8,0.6,315,24,1.1,3.0,0.5,322,32,0.7,1.8,0.6,315,24,441,29.62,,0,0,0,68.1,69.6,69.3,0.21,0.22,0.20
WARW,2017-08-21 09:35:00 EDT,41.24036,-74.39056,539,72.2,71.7,72.2,76.3,64.3,0.000,0.000,0.00,0.000,1.9,2.9,0.4,325,17,2.1,3.7,0.6,333,16,1.9,2.9,0.4,325,17,468,29.62,,0,0,0,68.1,69.6,69.3,0.21,0.22,0.21
WARW,2017-08-21 09:40:00 EDT,41.24036,-74.39056,539,72.6,72.3,72.6,74.8,64.2,0.000,0.000,0.00,0.000,1.3,2.0,0.4,303,32,1.6,3.3,0.5,313,34,1.3,2.0,0.4,303,32,501,29.62,,0,0,0,68.2,69.6,69.3,0.21,0.22,0.21
WARW,2017-08-21 09:45:00 EDT,41.24036,-74.39056,539,73.2,72.8,73.2,74.2,64.5,0.000,0.000,0.00,0.000,0.9,1.8,0.5,303,24,1.3,2.5,0.5,312,31,0.9,1.8,0.5,303,24,513,29.62,,0,0,0,68.3,69.6,69.3,0.22,0.22,0.21
WARW,2017-08-21 09:50:00 EDT,41.24036,-74.39056,539,73.6,73.3,73.6,71.8,63.9,0.000,0.000,0.00,0.000,0.3,1.3,0.5,252,10,0.9,2.2,0.5,256,34,0.3,1.3,0.5,252,10,471,29.62,,0,0,0,68.4,69.6,69.3,0.22,0.22,0.20
WARW,2017-08-21 09:55:00 EDT,41.24036,-74.39056,539,74.3,73.8,74.3,71.4,64.4,0.000,0.000,0.00,0.000,1.6,3.7,0.9,235,41,2.0,4.6,0.9,242,43,1.6,3.7,0.9,235,41,456,29.61,,0,0,0,68.4,69.6,69.3,0.22,0.22,0.20
WARW,2017-08-21 10:00:00 EDT,41.24036,-74.39056,539,74.4,74.0,74.4,71.4,64.6,0.000,0.000,0.00,0.000,2.2,4.5,0.8,237,24,2.4,5.3,0.8,249,26,2.2,4.5,0.8,237,24,464,29.61,,0,0,0,68.5,69.6,69.3,0.21,0.22,0.20
WARW,2017-08-21 10:05:00 EDT,41.24036,-74.39056,539,75.3,74.5,75.3,73.4,66.2,0.000,0.000,0.00,0.000,1.9,3.9,0.8,244,32,2.3,5.0,0.9,257,32,1.9,3.9,0.8,244,32,550,29.61,,0,0,0,68.5,69.6,69.3,0.21,0.22,0.20
WARW,2017-08-21 10:10:00 EDT,41.24036,-74.39056,539,75.5,74.7,75.5,71.2,65.6,0.000,0.000,0.00,0.000,3.2,5.2,1.1,282,16,3.5,5.8,1.2,291,15,3.2,5.2,1.1,282,16,570,29.62,,0,0,0,68.7,69.6,69.3,0.21,0.22,0.20
WARW,2017-08-21 10:15:00 EDT,41.24036,-74.39056,539,76.3,75.6,76.3,70.6,66.1,0.000,0.000,0.00,0.000,2.1,5.5,1.2,271,26,2.4,6.4,1.3,282,27,2.1,5.5,1.2,271,26,549,29.62,,0,0,0,68.8,69.6,69.3,0.22,0.22,0.20
WARW,2017-08-21 10:20:00 EDT,41.24036,-74.39056,539,76.2,75.7,76.2,67.3,64.6,0.000,0.000,0.00,0.000,3.8,8.0,1.9,276,24,4.2,8.7,2.0,285,22,3.8,8.0,1.9,276,24,452,29.62,,0,0,0,68.9,69.6,69.3,0.22,0.22,0.21
WARW,2017-08-21 10:25:00 EDT,41.24036,-74.39056,539,76.5,75.8,76.5,67.5,65.0,0.000,0.000,0.00,0.000,5.9,9.3,1.6,278,19,6.3,10.1,1.7,288,18,5.9,9.3,1.6,278,19,558,29.62,,0,0,0,69.1,69.5,69.3,0.21,0.22,0.21
WARW,2017-08-21 10:30:00 EDT,41.24036,-74.39056,539,76.9,75.9,76.9,67.0,65.1,0.000,0.000,0.00,0.000,6.2,10.1,1.7,287,17,6.8,11.1,2.0,296,15,6.2,10.1,1.7,287,17,644,29.63,,0,0,0,69.2,69.5,69.3,0.22,0.22,0.20
WARW,2017-08-21 10:35:00 EDT,41.24036,-74.39056,539,77.2,76.3,77.2,65.4,64.7,0.000,0.000,0.00,0.000,6.4,9.4,1.4,272,16,6.8,10.4,1.5,281,15,6.4,9.4,1.4,272,16,649,29.63,,0,0,0,69.1,69.4,69.3,0.22,0.22,0.20
WARW,2017-08-21 10:40:00 EDT,41.24036,-74.39056,539,77.4,76.7,77.4,64.9,64.7,0.000,0.000,0.00,0.000,5.1,7.7,1.2,264,23,5.7,8.9,1.3,273,22,5.1,7.7,1.2,264,23,649,29.63,,0,0,0,69.3,69.4,69.3,0.22,0.22,0.21
WARW,2017-08-21 10:45:00 EDT,41.24036,-74.39056,539,77.7,76.8,77.7,63.9,64.5,0.000,0.000,0.00,0.000,8.2,13.3,2.6,265,13,8.9,16.0,2.8,273,12,8.2,13.3,2.6,265,13,646,29.63,,0,0,0,69.4,69.5,69.3,0.22,0.22,0.20
WARW,2017-08-21 10:50:00 EDT,41.24036,-74.39056,539,77.6,76.8,77.6,64.4,64.7,0.000,0.000,0.00,0.000,7.3,12.4,2.0,265,17,7.9,13.3,2.1,273,15,7.3,12.4,2.0,265,17,665,29.63,,0,0,0,69.6,69.4,69.3,0.22,0.22,0.21
WARW,2017-08-21 10:55:00 EDT,41.24036,-74.39056,539,77.7,76.9,77.7,64.0,64.6,0.000,0.000,0.00,0.000,9.0,13.5,1.7,261,13,9.6,14.8,2.0,270,12,9.0,13.5,1.7,261,13,682,29.63,,0,0,0,69.7,69.3,69.3,0.22,0.22,0.20
WARW,2017-08-21 11:00:00 EDT,41.24036,-74.39056,539,77.8,77.0,77.8,64.0,64.6,0.000,0.000,0.00,0.000,8.0,11.6,1.6,259,16,8.6,12.7,1.7,267,14,8.0,11.6,1.6,259,16,689,29.63,,0,0,0,69.8,69.4,69.3,0.22,0.22,0.20
WARW,2017-08-21 11:05:00 EDT,41.24036,-74.39056,539,77.9,77.0,77.9,64.9,65.1,0.000,0.000,0.00,0.000,7.7,10.0,1.1,267,16,8.1,10.7,1.3,277,15,7.7,10.0,1.1,267,16,696,29.63,,0,0,0,69.9,69.4,69.3,0.22,0.22,0.20
WARW,2017-08-21 11:10:00 EDT,41.24036,-74.39056,539,77.9,77.1,77.9,63.8,64.6,0.000,0.000,0.00,0.000,8.1,12.0,1.8,272,11,8.7,14.1,2.0,281,10,8.1,12.0,1.8,272,11,699,29.63,,0,0,0,69.9,69.4,69.3,0.22,0.22,0.20
WARW,2017-08-21 11:15:00 EDT,41.24036,-74.39056,539,78.5,77.5,78.5,65.2,65.8,0.000,0.000,0.00,0.000,6.7,10.1,1.6,264,18,7.3,10.5,1.7,273,16,6.7,10.1,1.6,264,18,700,29.63,,0,0,0,70.1,69.3,69.3,0.22,0.22,0.21
WARW,2017-08-21 11:20:00 EDT,41.24036,-74.39056,539,78.7,77.9,78.7,63.7,65.4,0.000,0.000,0.00,0.000,6.4,12.1,1.6,256,20,7.1,12.8,1.7,267,21,6.4,12.1,1.6,256,20,704,29.62,,0,0,0,70.2,69.4,69.3,0.22,0.22,0.20
WARW,2017-08-21 11:25:00 EDT,41.24036,-74.39056,539,78.9,77.9,78.9,62.7,65.1,0.000,0.000,0.00,0.000,8.7,11.4,1.4,274,15,9.2,13.0,1.6,282,12,8.7,11.4,1.4,274,15,715,29.62,,0,0,0,70.4,69.3,69.3,0.22,0.22,0.20
WARW,2017-08-21 11:30:00 EDT,41.24036,-74.39056,539,78.9,77.9,78.9,63.5,65.5,0.000,0.000,0.00,0.000,8.8,12.7,1.6,280,15,9.3,13.8,1.7,288,14,8.8,12.7,1.6,280,15,724,29.62,,0,0,0,70.6,69.3,69.3,0.22,0.22,0.20
WARW,2017-08-21 11:35:00 EDT,41.24036,-74.39056,539,79.1,78.3,79.1,61.6,64.8,0.000,0.000,0.00,0.000,6.4,12.3,2.4,266,15,6.9,13.7,2.6,276,15,6.4,12.3,2.4,266,15,733,29.62,,0,0,0,70.6,69.4,69.3,0.22,0.22,0.20
WARW,2017-08-21 11:40:00 EDT,41.24036,-74.39056,539,79.7,78.8,79.7,61.9,65.5,0.000,0.000,0.00,0.000,5.6,10.4,2.1,258,15,6.2,11.4,2.1,266,15,5.6,10.4,2.1,258,15,748,29.61,,0,0,0,70.7,69.3,69.3,0.21,0.22,0.20
WARW,2017-08-21 11:45:00 EDT,41.24036,-74.39056,539,80.0,78.9,80.0,61.8,65.7,0.000,0.000,0.00,0.000,7.8,11.8,1.8,266,14,8.5,13.1,2.1,275,11,7.8,11.8,1.8,266,14,777,29.61,,0,0,0,70.7,69.3,69.3,0.22,0.22,0.20
WARW,2017-08-21 11:50:00 EDT,41.24036,-74.39056,539,80.1,79.1,82.1,61.4,65.6,0.000,0.000,0.00,0.000,6.2,9.3,1.3,268,14,6.7,10.6,1.5,277,12,6.2,9.3,1.3,268,14,635,29.61,,0,0,0,71.0,69.3,69.3,0.22,0.22,0.20
WARW,2017-08-21 11:55:00 EDT,41.24036,-74.39056,539,80.1,79.1,82.1,61.8,65.8,0.000,0.000,0.00,0.000,7.8,11.8,1.8,263,21,8.4,13.4,1.9,272,20,7.8,11.8,1.8,263,21,800,29.61,,0,0,0,71.1,69.3,69.3,0.22,0.22,0.20
WARW,2017-08-21 12:00:00 EDT,41.24036,-74.39056,539,80.5,79.5,82.7,61.5,66.1,0.000,0.000,0.00,0.000,8.2,12.6,1.8,255,16,8.8,14.2,1.8,265,16,8.2,12.6,1.8,255,16,784,29.61,,0,0,0,71.3,69.3,69.3,0.22,0.22,0.20
WARW,2017-08-21 12:05:00 EDT,41.24036,-74.39056,539,80.7,79.8,83.0,61.6,66.3,0.000,0.000,0.00,0.000,6.0,13.1,2.4,260,20,6.5,14.3,2.5,270,19,6.0,13.1,2.4,260,20,787,29.60,,0,0,0,71.3,69.3,69.2,0.22,0.22,0.20
WARW,2017-08-21 12:10:00 EDT,41.24036,-74.39056,539,80.7,79.7,82.9,61.2,66.1,0.000,0.000,0.00,0.000,6.8,10.5,2.3,264,15,7.3,12.1,2.5,273,14,6.8,10.5,2.3,264,15,781,29.60,,0,0,0,71.3,69.3,69.3,0.21,0.22,0.20
WARW,2017-08-21 12:15:00 EDT,41.24036,-74.39056,539,80.9,79.8,82.9,60.4,65.9,0.000,0.000,0.00,0.000,8.0,13.3,2.0,274,12,8.6,14.6,2.3,282,11,8.0,13.3,2.0,274,12,725,29.60,,0,0,0,71.6,69.3,69.3,0.21,0.22,0.21
WARW,2017-08-21 12:20:00 EDT,41.24036,-74.39056,539,80.8,79.9,82.7,59.6,65.4,0.000,0.000,0.00,0.000,8.5,11.7,1.8,261,15,9.0,13.3,2.0,270,14,8.5,11.7,1.8,261,15,685,29.60,,0,0,0,71.7,69.3,69.3,0.21,0.22,0.20
WARW,2017-08-21 12:25:00 EDT,41.24036,-74.39056,539,80.7,79.9,82.6,59.3,65.2,0.000,0.000,0.00,0.000,9.8,12.9,2.2,247,13,10.4,13.9,2.1,256,13,9.8,12.9,2.2,247,13,795,29.60,,0,0,0,71.9,69.3,69.3,0.21,0.22,0.21
WARW,2017-08-21 12:30:00 EDT,41.24036,-74.39056,539,81.2,80.3,83.1,58.6,65.3,0.000,0.000,0.00,0.000,8.4,12.8,2.2,250,14,9.0,14.6,2.4,259,12,8.4,12.8,2.2,250,14,807,29.60,,0,0,0,72.1,69.3,69.3,0.21,0.22,0.20
WARW,2017-08-21 12:35:00 EDT,41.24036,-74.39056,539,81.2,80.3,83.0,57.4,64.8,0.000,0.000,0.00,0.000,9.0,13.7,2.0,259,12,9.8,14.9,2.3,268,10,9.0,13.7,2.0,259,12,778,29.59,,0,0,0,72.2,69.3,69.3,0.21,0.22,0.20
WARW,2017-08-21 12:40:00 EDT,41.24036,-74.39056,539,81.4,80.5,83.1,56.4,64.4,0.000,0.000,0.00,0.000,7.7,12.5,1.8,258,15,8.2,13.1,2.0,267,13,7.7,12.5,1.8,258,15,760,29.59,,0,0,0,72.4,69.3,69.3,0.21,0.22,0.20
WARW,2017-08-21 12:45:00 EDT,41.24036,-74.39056,539,81.1,80.4,82.5,55.2,63.5,0.000,0.000,0.00,0.000,8.2,13.3,2.5,259,13,8.9,14.7,2.8,268,11,8.2,13.3,2.5,259,13,619,29.59,,0,0,0,72.5,69.3,69.3,0.21,0.22,0.20
WARW,2017-08-21 12:50:00 EDT,41.24036,-74.39056,539,80.5,80.1,81.8,54.9,62.8,0.000,0.000,0.00,0.000,8.0,12.3,2.3,262,11,8.6,14.1,2.6,271,11,8.0,12.3,2.3,262,11,452,29.59,,0,0,0,72.7,69.3,69.2,0.21,0.22,0.20
WARW,2017-08-21 12:55:00 EDT,41.24036,-74.39056,539,80.3,80.0,81.7,56.2,63.3,0.000,0.000,0.00,0.000,7.6,10.7,1.3,266,16,8.3,13.1,1.7,275,15,7.6,10.7,1.3,266,16,545,29.59,,0,0,0,72.8,69.3,69.2,0.21,0.22,0.20
WARW,2017-08-21 13:00:00 EDT,41.24036,-74.39056,539,81.1,80.4,82.8,57.1,64.5,0.000,0.000,0.00,0.000,7.7,10.4,1.3,256,13,8.3,12.1,1.5,265,11,7.7,10.4,1.3,256,13,770,29.59,,0,0,0,72.9,69.3,69.3,0.21,0.22,0.20
WARW,2017-08-21 13:05:00 EDT,41.24036,-74.39056,539,81.6,80.6,83.3,56.3,64.5,0.000,0.000,0.00,0.000,7.7,10.4,1.3,258,10,8.3,11.5,1.4,267,9,7.7,10.4,1.3,258,10,814,29.58,,0,0,0,73.1,69.3,69.2,0.21,0.22,0.20
WARW,2017-08-21 13:10:00 EDT,41.24036,-74.39056,539,82.1,81.0,84.1,57.3,65.5,0.000,0.000,0.00,0.000,7.4,11.0,1.8,261,18,8.0,12.2,1.9,270,17,7.4,11.0,1.8,261,18,745,29.58,,0,0,0,73.2,69.3,69.2,0.21,0.22,0.20
WARW,2017-08-21 13:15:00 EDT,41.24036,-74.39056,539,81.7,80.9,83.6,57.5,65.2,0.000,0.000,0.00,0.000,7.5,11.8,2.4,260,15,8.0,12.6,2.6,268,13,7.5,11.8,2.4,260,15,658,29.58,,0,0,0,73.2,69.3,69.3,0.21,0.22,0.20
WARW,2017-08-21 13:20:00 EDT,41.24036,-74.39056,539,81.9,81.0,83.8,57.5,65.4,0.000,0.000,0.00,0.000,9.7,13.7,2.3,260,12,10.4,15.0,2.6,269,11,9.7,13.7,2.3,260,12,762,29.59,,0,0,0,73.5,69.3,69.2,0.22,0.22,0.20
WARW,2017-08-21 13:25:00 EDT,41.24036,-74.39056,539,82.0,81.3,84.0,57.7,65.6,0.000,0.000,0.00,0.000,7.9,13.7,2.4,256,12,8.7,15.1,2.4,266,13,7.9,13.7,2.4,256,12,755,29.59,,0,0,0,73.7,69.3,69.2,0.21,0.22,0.20
WARW,2017-08-21 13:30:00 EDT,41.24036,-74.39056,539,82.1,81.3,84.1,57.6,65.6,0.000,0.000,0.00,0.000,9.6,14.7,2.2,258,16,10.2,15.6,2.5,267,14,9.6,14.7,2.2,258,16,665,29.58,,0,0,0,73.6,69.4,69.2,0.21,0.22,0.20
WARW,2017-08-21 13:35:00 EDT,41.24036,-74.39056,539,82.3,81.4,84.6,58.8,66.4,0.000,0.000,0.00,0.000,8.5,13.2,1.8,260,17,9.1,15.2,2.1,268,16,8.5,13.2,1.8,260,17,749,29.58,,0,0,0,73.7,69.3,69.2,0.22,0.22,0.20
WARW,2017-08-21 13:40:00 EDT,41.24036,-74.39056,539,82.3,81.5,84.6,58.6,66.4,0.000,0.000,0.00,0.000,7.3,11.8,1.9,262,19,7.8,13.2,2.1,271,19,7.3,11.8,1.9,262,19,706,29.58,,0,0,0,74.0,69.3,69.2,0.22,0.22,0.20
WARW,2017-08-21 13:45:00 EDT,41.24036,-74.39056,539,82.6,81.8,85.2,59.0,66.9,0.000,0.000,0.00,0.000,6.6,10.5,1.6,258,17,7.2,11.3,1.8,268,16,6.6,10.5,1.6,258,17,607,29.58,,0,0,0,74.1,69.3,69.2,0.21,0.22,0.20
WARW,2017-08-21 13:50:00 EDT,41.24036,-74.39056,539,82.3,81.7,84.7,59.0,66.6,0.000,0.000,0.00,0.000,7.6,11.6,1.6,275,14,8.0,13.0,1.8,283,13,7.6,11.6,1.6,275,14,589,29.58,,0,0,0,74.2,69.3,69.2,0.21,0.22,0.20
WARW,2017-08-21 13:55:00 EDT,41.24036,-74.39056,539,82.2,81.6,84.5,59.1,66.5,0.000,0.000,0.00,0.000,7.9,13.4,1.7,262,19,8.6,15.0,1.9,270,18,7.9,13.4,1.7,262,19,579,29.58,,0,0,0,74.4,69.3,69.2,0.22,0.22,0.20
WARW,2017-08-21 14:00:00 EDT,41.24036,-74.39056,539,82.1,81.7,84.5,59.2,66.5,0.000,0.000,0.00,0.000,7.8,11.4,1.7,253,20,8.4,14.6,2.0,261,20,7.8,11.4,1.7,253,20,538,29.58,,0,0,0,74.4,69.3,69.1,0.22,0.21,0.20
WARW,2017-08-21 14:05:00 EDT,41.24036,-74.39056,539,82.5,81.9,85.3,61.1,67.7,0.000,0.000,0.00,0.000,6.1,9.9,1.8,259,26,6.8,10.6,2.0,269,27,6.1,9.9,1.8,259,26,485,29.58,,0,0,0,74.5,69.4,69.1,0.22,0.22,0.21
WARW,2017-08-21 14:10:00 EDT,41.24036,-74.39056,539,82.2,81.7,84.8,60.9,67.3,0.000,0.000,0.00,0.000,6.8,10.0,1.6,248,16,7.3,10.8,1.7,257,16,6.8,10.0,1.6,248,16,441,29.58,,0,0,0,74.6,69.4,69.1,0.22,0.21,0.20
WARW,2017-08-21 14:15:00 EDT,41.24036,-74.39056,539,81.6,81.4,83.9,60.0,66.4,0.000,0.000,0.00,0.000,9.3,13.6,1.9,254,15,9.9,15.0,2.0,262,14,9.3,13.6,1.9,254,15,379,29.57,,0,0,0,74.6,69.3,69.1,0.22,0.22,0.20
WARW,2017-08-21 14:20:00 EDT,41.24036,-74.39056,539,81.1,81.1,83.3,60.5,66.1,0.000,0.000,0.00,0.000,8.0,12.4,2.0,258,10,8.5,13.8,2.2,269,9,8.0,12.4,2.0,258,10,332,29.57,,0,0,0,74.8,69.3,69.1,0.22,0.22,0.20
WARW,2017-08-21 14:25:00 EDT,41.24036,-74.39056,539,81.0,80.9,83.3,61.6,66.6,0.000,0.000,0.00,0.000,5.4,8.0,1.2,264,15,5.9,8.9,1.4,275,12,5.4,8.0,1.2,264,15,293,29.57,,0,0,0,74.8,69.4,69.1,0.22,0.22,0.20
WARW,2017-08-21 14:30:00 EDT,41.24036,-74.39056,539,80.9,81.0,83.2,61.5,66.4,0.000,0.000,0.00,0.000,6.9,10.7,1.7,249,17,7.3,13.2,2.0,260,17,6.9,10.7,1.7,249,17,258,29.57,,0,0,0,74.8,69.5,69.1,0.21,0.22,0.20
WARW,2017-08-21 14:35:00 EDT,41.24036,-74.39056,539,80.7,80.8,83.1,63.0,66.9,0.000,0.000,0.00,0.000,5.2,9.1,1.4,240,17,5.6,9.7,1.6,250,19,5.2,9.1,1.4,240,17,226,29.56,,0,0,0,74.8,69.4,69.1,0.20,0.22,0.20
WARW,2017-08-21 14:40:00 EDT,41.24036,-74.39056,539,80.5,80.8,83.0,63.9,67.2,0.000,0.000,0.00,0.000,6.3,8.8,1.2,226,16,6.5,9.6,1.4,233,16,6.3,8.8,1.2,226,16,202,29.56,,0,0,0,75.0,69.4,69.1,0.21,0.22,0.20
WARW,2017-08-21 14:45:00 EDT,41.24036,-74.39056,539,80.4,80.6,82.8,64.3,67.2,0.000,0.000,0.00,0.000,5.8,8.3,1.2,219,15,6.0,8.3,1.2,227,15,5.8,8.3,1.2,219,15,195,29.56,,0,0,0,74.9,69.5,69.0,0.20,0.22,0.20
WARW,2017-08-21 14:50:00 EDT,41.24036,-74.39056,539,80.3,80.5,82.9,65.8,67.8,0.000,0.000,0.00,0.000,4.6,7.0,1.3,219,10,4.8,7.6,1.2,227,10,4.6,7.0,1.3,219,10,202,29.56,,0,0,0,75.0,69.5,69.1,0.21,0.21,0.20
WARW,2017-08-21 14:55:00 EDT,41.24036,-74.39056,539,80.2,80.2,82.9,67.3,68.4,0.000,0.000,0.00,0.000,2.9,4.3,0.7,215,15,2.9,4.7,0.8,223,14,2.9,4.3,0.7,215,15,222,29.56,,0,0,0,74.9,69.5,69.0,0.20,0.22,0.20
WARW,2017-08-21 15:00:00 EDT,41.24036,-74.39056,539,80.4,80.3,83.3,67.3,68.6,0.000,0.000,0.00,0.000,3.1,5.0,0.8,211,12,3.1,4.9,0.8,219,11,3.1,5.0,0.8,211,12,255,29.56,,0,0,0,74.8,69.6,69.1,0.20,0.22,0.20
WARW,2017-08-21 15:05:00 EDT,41.24036,-74.39056,539,80.6,80.4,83.5,66.9,68.6,0.000,0.000,0.00,0.000,2.4,3.9,0.7,209,11,2.3,4.4,0.7,217,12,2.4,3.9,0.7,209,11,262,29.55,,0,0,0,74.9,69.6,69.0,0.21,0.21,0.21
WARW,2017-08-21 15:10:00 EDT,41.24036,-74.39056,539,80.7,80.5,83.7,67.2,68.8,0.000,0.000,0.00,0.000,3.7,6.4,1.2,204,15,3.8,6.8,1.3,212,15,3.7,6.4,1.2,204,15,281,29.56,,0,0,0,75.0,69.6,69.0,0.21,0.21,0.20
WARW,2017-08-21 15:15:00 EDT,41.24036,-74.39056,539,80.7,80.5,83.6,66.7,68.6,0.000,0.000,0.00,0.000,4.7,7.3,1.1,218,17,4.9,7.8,1.2,226,17,4.7,7.3,1.1,218,17,179,29.55,,0,0,0,74.9,69.6,69.0,0.21,0.22,0.20
WARW,2017-08-21 15:20:00 EDT,41.24036,-74.39056,539,80.1,80.3,83.0,68.3,68.8,0.000,0.000,0.00,0.000,4.0,5.2,0.7,197,10,4.1,5.3,0.9,205,10,4.0,5.2,0.7,197,10,164,29.55,,0,0,0,74.8,69.6,69.0,0.21,0.22,0.20
WARW,2017-08-21 15:25:00 EDT,41.24036,-74.39056,539,80.3,80.2,83.2,68.7,69.0,0.000,0.000,0.00,0.000,3.8,5.2,0.6,198,10,3.9,5.6,0.8,207,11,3.8,5.2,0.6,198,10,197,29.55,,0,0,0,74.8,69.6,69.0,0.21,0.22,0.20
WARW,2017-08-21 15:30:00 EDT,41.24036,-74.39056,539,80.3,80.2,83.3,69.0,69.2,0.000,0.000,0.00,0.000,4.0,5.7,0.8,191,9,4.3,6.6,0.9,198,9,4.0,5.7,0.8,191,9,208,29.55,,0,0,0,74.9,69.6,68.9,0.21,0.22,0.20
WARW,2017-08-21 15:35:00 EDT,41.24036,-74.39056,539,80.6,80.4,84.0,70.0,70.0,0.000,0.000,0.00,0.000,3.7,5.0,0.7,186,18,4.1,5.5,0.7,194,16,3.7,5.0,0.7,186,18,357,29.55,,0,0,0,74.8,69.6,68.9,0.21,0.21,0.21
WARW,2017-08-21 15:40:00 EDT,41.24036,-74.39056,539,81.5,80.9,85.2,68.4,70.1,0.000,0.000,0.00,0.000,3.9,6.9,1.5,187,15,4.2,7.4,1.5,195,15,3.9,6.9,1.5,187,15,554,29.55,,0,0,0,74.8,69.6,68.9,0.21,0.21,0.20
WARW,2017-08-21 15:45:00 EDT,41.24036,-74.39056,539,81.9,81.4,85.8,67.5,70.1,0.000,0.000,0.00,0.000,4.6,9.0,1.1,207,24,4.9,10.2,1.1,215,24,4.6,9.0,1.1,207,24,533,29.55,,0,0,0,74.8,69.6,68.9,0.21,0.21,0.20
WARW,2017-08-21 15:50:00 EDT,41.24036,-74.39056,539,82.0,81.3,85.5,65.7,69.4,0.000,0.000,0.00,0.000,6.2,9.6,1.2,223,13,6.1,10.6,1.2,231,13,6.2,9.6,1.2,223,13,548,29.55,,0,0,0,74.8,69.6,69.0,0.21,0.22,0.20
WARW,2017-08-21 15:55:00 EDT,41.24036,-74.39056,539,82.3,81.8,86.3,67.1,70.2,0.000,0.000,0.00,0.000,4.6,7.0,1.0,206,23,5.0,7.9,1.2,216,23,4.6,7.0,1.0,206,23,331,29.55,,0,0,0,74.8,69.6,69.0,0.21,0.22,0.20
WARW,2017-08-21 16:00:00 EDT,41.24036,-74.39056,539,82.3,81.8,86.2,66.0,69.9,0.000,0.000,0.00,0.000,6.1,9.3,1.4,205,21,6.4,9.4,1.5,213,22,6.1,9.3,1.4,205,21,515,29.55,,0,0,0,74.8,69.6,68.9,0.21,0.22,0.20
WARW,2017-08-21 16:05:00 EDT,41.24036,-74.39056,539,82.3,81.8,86.1,66.2,69.9,0.000,0.000,0.00,0.000,6.0,9.5,1.9,221,17,6.3,9.8,2.0,228,16,6.0,9.5,1.9,221,17,383,29.55,,0,0,0,74.8,69.6,69.0,0.21,0.22,0.20
WARW,2017-08-21 16:10:00 EDT,41.24036,-74.39056,539,82.5,82.0,86.4,66.0,70.0,0.000,0.000,0.00,0.000,4.4,8.0,1.5,223,29,4.9,8.7,1.6,233,31,4.4,8.0,1.5,223,29,389,29.55,,0,0,0,74.8,69.7,68.9,0.21,0.22,0.21
WARW,2017-08-21 16:15:00 EDT,41.24036,-74.39056,539,82.5,82.0,86.5,66.5,70.2,0.000,0.000,0.00,0.000,6.3,13.0,2.6,223,23,6.8,14.5,2.6,230,24,6.3,13.0,2.6,223,23,338,29.54,,0,0,0,74.9,69.7,69.0,0.21,0.22,0.20
WARW,2017-08-21 16:20:00 EDT,41.24036,-74.39056,539,82.7,82.1,86.8,66.4,70.3,0.000,0.000,0.00,0.000,5.3,8.6,1.5,220,15,5.6,8.8,1.5,228,15,5.3,8.6,1.5,220,15,498,29.54,,0,0,0,74.8,69.9,68.9,0.20,0.22,0.20
WARW,2017-08-21 16:25:00 EDT,41.24036,-74.39056,539,82.6,82.2,86.7,66.3,70.2,0.000,0.000,0.00,0.000,5.6,9.2,1.3,215,28,6.0,9.1,1.5,222,30,5.6,9.2,1.3,215,28,411,29.54,,0,0,0,74.8,69.9,68.9,0.21,0.22,0.20
WARW,2017-08-21 16:30:00 EDT,41.24036,-74.39056,539,82.7,82.2,86.8,65.8,70.1,0.000,0.000,0.00,0.000,7.1,11.4,1.9,216,16,7.3,12.3,2.0,223,16,7.1,11.4,1.9,216,16,423,29.54,,0,0,0,74.8,70.0,68.9,0.20,0.22,0.20
WARW,2017-08-21 16:35:00 EDT,41.24036,-74.39056,539,83.0,82.4,87.0,65.0,70.0,0.000,0.000,0.00,0.000,8.7,14.2,2.1,237,14,9.0,15.3,2.1,245,15,8.7,14.2,2.1,237,14,484,29.54,,0,0,0,74.8,70.0,68.9,0.21,0.22,0.20
WARW,2017-08-21 16:40:00 EDT,41.24036,-74.39056,539,82.8,82.4,86.5,64.1,69.4,0.000,0.000,0.00,0.000,8.1,11.3,1.4,233,21,8.5,12.5,1.6,242,20,8.1,11.3,1.4,233,21,454,29.54,,0,0,0,74.9,70.0,68.9,0.21,0.22,0.21
WARW,2017-08-21 16:45:00 EDT,41.24036,-74.39056,539,83.1,82.5,87.1,64.3,69.8,0.000,0.000,0.00,0.000,6.9,10.2,1.7,231,15,7.1,11.1,1.9,237,16,6.9,10.2,1.7,231,15,505,29.54,,0,0,0,74.9,70.0,68.9,0.21,0.22,0.20
WARW,2017-08-21 16:50:00 EDT,41.24036,-74.39056,539,83.3,82.8,87.8,65.3,70.5,0.000,0.000,0.00,0.000,6.4,10.4,1.7,224,15,6.8,10.9,1.7,232,15,6.4,10.4,1.7,224,15,464,29.54,,0,0,0,74.8,70.0,68.9,0.21,0.22,0.20
WARW,2017-08-21 16:55:00 EDT,41.24036,-74.39056,539,83.4,82.8,87.9,65.6,70.7,0.000,0.000,0.00,0.000,6.2,8.8,1.1,190,16,6.7,9.2,1.1,197,14,6.2,8.8,1.1,190,16,490,29.54,,0,0,0,74.8,70.0,68.9,0.21,0.21,0.20
WARW,2017-08-21 17:00:00 EDT,41.24036,-74.39056,539,83.1,82.4,87.4,65.6,70.4,0.000,0.000,0.00,0.000,7.2,11.5,1.2,191,12,7.6,12.2,1.3,198,11,7.2,11.5,1.2,191,12,446,29.54,,0,0,0,74.8,70.0,68.9,0.20,0.22,0.20
WARW,2017-08-21 17:05:00 EDT,41.24036,-74.39056,539,82.5,82.2,86.6,66.9,70.4,0.000,0.000,0.00,0.000,6.8,11.3,1.5,197,15,7.3,11.5,1.6,205,15,6.8,11.3,1.5,197,15,372,29.54,,0,0,0,74.9,70.0,68.9,0.20,0.22,0.20
WARW,2017-08-21 17:10:00 EDT,41.24036,-74.39056,539,82.6,82.1,86.8,66.6,70.4,0.000,0.000,0.00,0.000,6.7,10.0,1.2,180,13,7.1,11.0,1.4,188,11,6.7,10.0,1.2,180,13,370,29.54,,0,0,0,74.8,70.0,68.9,0.20,0.22,0.20
WARW,2017-08-21 17:15:00 EDT,41.24036,-74.39056,539,82.5,82.1,86.8,67.2,70.6,0.000,0.000,0.00,0.000,5.9,9.3,1.2,186,13,6.3,9.8,1.3,193,13,5.9,9.3,1.2,186,13,435,29.54,,0,0,0,74.9,70.0,68.9,0.20,0.22,0.20
WARW,2017-08-21 17:20:00 EDT,41.24036,-74.39056,539,82.6,82.2,87.0,67.3,70.7,0.000,0.000,0.00,0.000,6.1,8.7,1.3,192,13,6.6,9.9,1.4,200,13,6.1,8.7,1.3,192,13,372,29.54,,0,0,0,74.8,70.0,68.9,0.20,0.21,0.20
WARW,2017-08-21 17:25:00 EDT,41.24036,-74.39056,539,82.8,82.4,87.2,67.2,70.8,0.000,0.000,0.00,0.000,5.5,8.3,1.1,202,18,6.0,9.9,1.3,209,17,5.5,8.3,1.1,202,18,359,29.54,,0,0,0,74.8,70.0,68.9,0.20,0.22,0.20
WARW,2017-08-21 17:30:00 EDT,41.24036,-74.39056,539,82.4,82.1,86.4,66.5,70.1,0.000,0.000,0.00,0.000,8.7,13.1,2.0,192,14,9.3,13.5,2.1,199,13,8.7,13.1,2.0,192,14,332,29.54,,0,0,0,74.9,70.0,68.9,0.20,0.22,0.21
WARW,2017-08-21 17:35:00 EDT,41.24036,-74.39056,539,82.3,82.1,86.1,66.2,69.8,0.000,0.000,0.00,0.000,8.4,11.8,1.9,192,15,8.9,13.2,2.1,200,15,8.4,11.8,1.9,192,15,332,29.54,,0,0,0,74.8,70.0,69.0,0.20,0.21,0.21
WARW,2017-08-21 17:40:00 EDT,41.24036,-74.39056,539,82.3,82.1,86.2,66.5,70.0,0.000,0.000,0.00,0.000,7.3,11.6,1.8,191,13,7.8,13.7,1.9,199,11,7.3,11.6,1.8,191,13,307,29.53,,0,0,0,74.9,70.0,68.9,0.20,0.22,0.20
WARW,2017-08-21 17:45:00 EDT,41.24036,-74.39056,539,82.2,82.1,86.3,67.3,70.3,0.000,0.000,0.00,0.000,6.5,9.7,1.6,190,12,7.0,11.1,1.6,197,11,6.5,9.7,1.6,190,12,281,29.53,,0,0,0,74.9,70.0,68.9,0.20,0.21,0.20
WARW,2017-08-21 17:50:00 EDT,41.24036,-74.39056,539,81.9,81.9,85.9,68.1,70.4,0.000,0.000,0.00,0.000,5.2,7.8,1.2,191,19,5.4,8.1,1.3,200,19,5.2,7.8,1.2,191,19,209,29.53,,0,0,0,74.8,70.0,68.9,0.20,0.22,0.20
WARW,2017-08-21 17:55:00 EDT,41.24036,-74.39056,539,82.1,82.0,86.2,67.9,70.4,0.000,0.000,0.00,0.000,4.2,7.8,1.6,197,18,4.4,8.2,1.7,205,17,4.2,7.8,1.6,197,18,247,29.53,,0,0,0,74.8,70.1,68.9,0.20,0.22,0.20
WARW,2017-08-21 18:00:00 EDT,41.24036,-74.39056,539,82.1,82.0,86.2,67.9,70.5,0.000,0.000,0.00,0.000,4.5,7.5,1.3,188,13,4.8,8.4,1.3,195,12,4.5,7.5,1.3,188,13,209,29.53,,0,0,0,74.8,70.0,68.9,0.20,0.22,0.21
WARW,2017-08-21 18:05:00 EDT,41.24036,-74.39056,539,81.7,81.8,85.5,68.0,70.1,0.000,0.000,0.00,0.000,5.6,9.2,1.1,207,19,5.9,9.1,1.1,214,18,5.6,9.2,1.1,207,19,124,29.52,,0,0,0,74.8,70.1,68.9,0.20,0.21,0.20
WARW,2017-08-21 18:10:00 EDT,41.24036,-74.39056,539,81.3,81.5,84.9,68.9,70.1,0.000,0.000,0.00,0.000,5.1,11.3,1.9,223,22,5.4,11.4,2.2,234,21,5.1,11.3,1.9,223,22,117,29.52,,0,0,0,74.8,70.0,68.9,0.21,0.21,0.20
WARW,2017-08-21 18:15:00 EDT,41.24036,-74.39056,539,81.2,81.5,84.7,68.1,69.7,0.000,0.000,0.00,0.000,5.2,8.9,1.7,210,21,5.4,10.3,1.7,218,22,5.2,8.9,1.7,210,21,118,29.52,,0,0,0,74.7,70.2,68.9,0.21,0.21,0.20
WARW,2017-08-21 18:20:00 EDT,41.24036,-74.39056,539,81.1,81.4,84.7,69.0,70.0,0.000,0.000,0.00,0.000,4.6,7.2,1.1,199,11,4.9,8.9,1.3,207,11,4.6,7.2,1.1,199,11,150,29.52,,0,0,0,74.7,70.1,68.9,0.21,0.21,0.20
WARW,2017-08-21 18:25:00 EDT,41.24036,-74.39056,539,80.9,81.1,84.5,70.4,70.4,0.000,0.000,0.00,0.000,2.9,4.3,0.6,194,16,3.2,4.6,0.7,202,15,2.9,4.3,0.6,194,16,110,29.52,,0,0,0,74.8,70.1,68.9,0.21,0.21,0.20
WARW,2017-08-21 18:30:00 EDT,41.24036,-74.39056,539,80.7,81.0,84.3,71.2,70.5,0.000,0.000,0.00,0.000,2.4,3.7,0.6,197,15,2.5,4.9,0.6,205,15,2.4,3.7,0.6,197,15,100,29.52,,0,0,0,74.7,70.2,68.9,0.20,0.21,0.20
WARW,2017-08-21 18:35:00 EDT,41.24036,-74.39056,539,80.6,80.8,84.0,71.0,70.3,0.000,0.000,0.00,0.000,3.5,5.2,0.8,205,13,3.7,5.5,0.8,214,13,3.5,5.2,0.8,205,13,81,29.52,,0,0,0,74.8,70.2,68.9,0.21,0.21,0.20
WARW,2017-08-21 18:40:00 EDT,41.24036,-74.39056,539,80.2,80.7,83.6,72.6,70.6,0.000,0.000,0.00,0.000,3.8,6.3,0.7,181,15,4.0,6.7,0.8,189,14,3.8,6.3,0.7,181,15,97,29.52,,0,0,0,74.7,70.3,68.9,0.21,0.22,0.20
WARW,2017-08-21 18:45:00 EDT,41.24036,-74.39056,539,80.2,80.6,83.6,72.8,70.7,0.000,0.000,0.00,0.000,4.0,7.5,1.5,190,13,4.3,7.4,1.5,197,12,4.0,7.5,1.5,190,13,133,29.52,,0,0,0,74.6,70.3,68.9,0.21,0.21,0.20
WARW,2017-08-21 18:50:00 EDT,41.24036,-74.39056,539,80.3,80.6,83.7,71.7,70.3,0.000,0.000,0.00,0.000,3.8,7.2,0.9,188,11,4.1,7.5,0.9,195,11,3.8,7.2,0.9,188,11,108,29.52,,0,0,0,74.5,70.3,68.9,0.21,0.21,0.20
WARW,2017-08-21 18:55:00 EDT,41.24036,-74.39056,539,80.1,80.5,83.4,72.7,70.5,0.000,0.000,0.00,0.000,4.0,5.8,0.7,178,9,4.3,6.4,0.8,185,9,4.0,5.8,0.7,178,9,87,29.52,,0,0,0,74.5,70.3,68.9,0.21,0.21,0.21
WARW,2017-08-21 19:00:00 EDT,41.24036,-74.39056,539,79.7,80.1,79.7,73.7,70.6,0.000,0.000,0.00,0.000,3.6,4.7,0.5,179,10,3.9,5.2,0.6,187,9,3.6,4.7,0.5,179,10,72,29.52,,0,0,0,74.6,70.3,68.9,0.21,0.21,0.20
WARW,2017-08-21 19:05:00 EDT,41.24036,-74.39056,539,79.5,80.0,79.5,74.0,70.5,0.000,0.000,0.00,0.000,4.4,6.9,1.0,178,10,4.9,7.5,1.1,185,9,4.4,6.9,1.0,178,10,89,29.52,,0,0,0,74.5,70.3,68.9,0.20,0.21,0.20
WARW,2017-08-21 19:10:00 EDT,41.24036,-74.39056,539,79.5,80.0,79.5,74.4,70.6,0.000,0.000,0.00,0.000,3.9,5.6,0.7,179,12,4.2,5.9,0.7,186,12,3.9,5.6,0.7,179,12,76,29.52,,0,0,0,74.5,70.3,68.9,0.20,0.21,0.20
WARW,2017-08-21 19:15:00 EDT,41.24036,-74.39056,539,79.3,79.7,79.3,74.3,70.4,0.000,0.000,0.00,0.000,3.8,6.1,0.7,188,10,4.1,6.2,0.8,196,11,3.8,6.1,0.7,188,10,54,29.52,,0,0,0,74.5,70.3,68.9,0.20,0.21,0.20
WARW,2017-08-21 19:20:00 EDT,41.24036,-74.39056,539,78.8,79.3,78.8,75.5,70.4,0.000,0.000,0.00,0.000,2.9,4.0,0.5,192,10,3.2,4.3,0.6,201,10,2.9,4.0,0.5,192,10,36,29.53,,0,0,0,74.5,70.3,68.9,0.20,0.21,0.20
WARW,2017-08-21 19:25:00 EDT,41.24036,-74.39056,539,78.5,79.0,78.5,76.4,70.4,0.000,0.000,0.00,0.000,2.6,4.4,0.5,184,12,2.9,5.4,0.6,193,12,2.6,4.4,0.5,184,12,25,29.53,,0,0,0,74.4,70.3,68.9,0.20,0.21,0.20
WARW,2017-08-21 19:30:00 EDT,41.24036,-74.39056,539,78.2,78.9,78.2,77.0,70.4,0.000,0.000,0.00,0.000,3.0,5.2,0.7,179,15,3.3,5.6,0.8,187,15,3.0,5.2,0.7,179,15,17,29.53,,0,0,0,74.4,70.3,68.9,0.20,0.21,0.20
WARW,2017-08-21 19:35:00 EDT,41.24036,-74.39056,539,77.9,78.6,77.9,77.9,70.5,0.000,0.000,0.00,0.000,3.3,5.6,0.7,173,11,3.6,6.7,0.8,180,11,3.3,5.6,0.7,173,11,11,29.53,,0,0,0,74.5,70.3,68.9,0.20,0.21,0.21
WARW,2017-08-21 19:40:00 EDT,41.24036,-74.39056,539,77.4,78.4,77.4,79.0,70.4,0.000,0.000,0.00,0.000,4.1,5.7,0.7,170,11,4.4,6.7,0.8,177,9,4.1,5.7,0.7,170,11,8,29.53,,0,0,0,74.4,70.3,68.9,0.20,0.21,0.20
WARW,2017-08-21 19:45:00 EDT,41.24036,-74.39056,539,77.3,78.2,77.3,79.6,70.6,0.000,0.000,0.00,0.000,4.0,6.6,1.2,169,12,4.3,7.2,1.2,176,12,4.0,6.6,1.2,169,12,5,29.53,,0,0,0,74.3,70.3,68.9,0.20,0.21,0.20
WARW,2017-08-21 19:50:00 EDT,41.24036,-74.39056,539,76.9,77.9,76.9,79.4,70.1,0.000,0.000,0.00,0.000,3.0,5.6,0.9,164,14,3.4,6.6,1.0,171,15,3.0,5.6,0.9,164,14,3,29.53,,0,0,0,74.3,70.3,68.9,0.20,0.21,0.20
WARW,2017-08-21 19:55:00 EDT,41.24036,-74.39056,539,76.4,77.6,76.4,80.3,69.9,0.000,0.000,0.00,0.000,1.9,3.1,0.5,157,17,2.1,4.2,0.6,163,19,1.9,3.1,0.5,157,17,2,29.53,,0,0,0,74.3,70.4,68.9,0.20,0.21,0.20
WARW,2017-08-21 20:00:00 EDT,41.24036,-74.39056,539,76.4,77.4,76.4,80.6,70.0,0.000,0.000,0.00,0.000,2.4,5.8,1.2,173,16,2.7,6.2,1.3,181,15,2.4,5.8,1.2,173,16,1,29.53,,0,0,0,74.3,70.4,68.9,0.20,0.21,0.20
WARW,2017-08-21 20:05:00 EDT,41.24036,-74.39056,539,76.2,77.3,76.2,80.8,69.8,0.000,0.000,0.00,0.000,3.4,5.3,0.8,184,12,3.7,6.5,0.9,190,11,3.4,5.3,0.8,184,12,1,29.53,,0,0,0,74.3,70.3,68.9,0.20,0.22,0.20
WARW,2017-08-21 20:10:00 EDT,41.24036,-74.39056,539,76.2,77.1,76.2,81.1,70.0,0.000,0.000,0.00,0.000,4.4,7.1,1.2,187,9,4.6,8.0,1.2,194,8,4.4,7.1,1.2,187,9,0,29.53,,0,0,0,74.3,70.3,68.9,0.20,0.21,0.20
WARW,2017-08-21 20:15:00 EDT,41.24036,-74.39056,539,76.4,77.2,76.4,80.4,69.9,0.000,0.000,0.00,0.000,4.1,6.0,0.8,190,11,4.4,6.7,1.0,199,12,4.1,6.0,0.8,190,11,0,29.53,,0,0,0,74.1,70.4,68.9,0.20,0.22,0.20
WARW,2017-08-21 20:20:00 EDT,41.24036,-74.39056,539,76.4,77.1,76.4,80.3,69.9,0.000,0.000,0.00,0.000,4.2,7.0,0.9,187,13,4.5,7.8,1.0,195,11,4.2,7.0,0.9,187,13,0,29.53,,0,0,0,74.1,70.4,68.9,0.20,0.21,0.20
WARW,2017-08-21 20:25:00 EDT,41.24036,-74.39056,539,76.5,77.0,76.5,80.1,69.9,0.000,0.000,0.00,0.000,3.8,7.7,1.1,187,15,4.3,9.8,1.4,195,13,3.8,7.7,1.1,187,15,0,29.53,,0,0,0,74.0,70.4,68.9,0.20,0.21,0.20
WARW,2017-08-21 20:30:00 EDT,41.24036,-74.39056,539,76.1,77.0,76.1,80.1,69.5,0.000,0.000,0.00,0.000,3.3,4.7,0.9,177,14,3.6,5.9,0.9,185,15,3.3,4.7,0.9,177,14,0,29.53,,0,0,0,73.9,70.5,68.9,0.20,0.21,0.20
WARW,2017-08-21 20:35:00 EDT,41.24036,-74.39056,539,75.9,76.8,75.9,80.8,69.5,0.000,0.000,0.00,0.000,3.1,5.0,0.8,190,21,3.5,5.4,1.0,199,20,3.1,5.0,0.8,190,21,0,29.53,,0,0,0,74.0,70.5,68.9,0.20,0.21,0.20
WARW,2017-08-21 20:40:00 EDT,41.24036,-74.39056,539,76.0,76.8,76.0,80.7,69.6,0.000,0.000,0.00,0.000,4.8,7.9,1.5,188,15,5.2,9.2,1.7,196,15,4.8,7.9,1.5,188,15,0,29.53,,0,0,0,73.9,70.5,68.9,0.22,0.22,0.20
WARW,2017-08-21 20:45:00 EDT,41.24036,-74.39056,539,76.0,76.7,76.0,80.5,69.5,0.000,0.000,0.00,0.000,4.4,8.5,1.4,189,12,4.8,9.7,1.7,198,11,4.4,8.5,1.4,189,12,0,29.53,,0,0,0,73.6,70.5,68.9,0.20,0.21,0.20
WARW,2017-08-21 20:50:00 EDT,41.24036,-74.39056,539,76.1,76.8,76.1,80.4,69.6,0.000,0.000,0.00,0.000,5.3,8.3,1.2,194,14,5.6,9.3,1.3,201,13,5.3,8.3,1.2,194,14,0,29.53,,0,0,0,73.6,70.6,68.9,0.21,0.21,0.20
WARW,2017-08-21 20:55:00 EDT,41.24036,-74.39056,539,76.0,76.6,76.0,80.2,69.5,0.000,0.000,0.00,0.000,5.5,8.5,1.3,197,13,5.8,8.9,1.4,205,13,5.5,8.5,1.3,197,13,0,29.53,,0,0,0,73.7,70.6,68.9,0.21,0.21,0.20
WARW,2017-08-21 21:00:00 EDT,41.24036,-74.39056,539,76.2,76.7,76.2,79.9,69.5,0.000,0.000,0.00,0.000,6.0,9.3,1.2,194,11,6.4,10.7,1.4,201,10,6.0,9.3,1.2,194,11,0,29.53,,0,0,0,73.6,70.7,68.9,0.21,0.22,0.20
WARW,2017-08-21 21:05:00 EDT,41.24036,-74.39056,539,76.0,76.5,76.0,80.4,69.5,0.000,0.000,0.00,0.000,4.7,8.3,1.2,188,18,5.0,9.2,1.3,197,17,4.7,8.3,1.2,188,18,0,29.53,,0,0,0,73.6,70.7,68.9,0.20,0.21,0.21
WARW,2017-08-21 21:10:00 EDT,41.24036,-74.39056,539,76.1,76.5,76.1,80.4,69.7,0.000,0.000,0.00,0.000,5.5,8.5,1.1,196,12,5.9,9.6,1.3,203,10,5.5,8.5,1.1,196,12,0,29.53,,0,0,0,73.6,70.7,68.9,0.21,0.21,0.20
WARW,2017-08-21 21:15:00 EDT,41.24036,-74.39056,539,75.9,76.3,75.9,80.5,69.5,0.000,0.000,0.00,0.000,5.0,9.0,1.8,208,16,5.4,9.4,1.8,216,14,5.0,9.0,1.8,208,16,0,29.54,,0,0,0,73.5,70.7,68.9,0.21,0.21,0.20
WARW,2017-08-21 21:20:00 EDT,41.24036,-74.39056,539,75.8,76.3,75.8,80.7,69.5,0.000,0.000,0.00,0.000,4.8,8.1,1.2,200,17,5.3,9.7,1.3,207,16,4.8,8.1,1.2,200,17,0,29.54,,0,0,0,73.4,70.7,68.9,0.21,0.21,0.20
WARW,2017-08-21 21:25:00 EDT,41.24036,-74.39056,539,75.5,76.1,75.5,81.5,69.5,0.000,0.000,0.00,0.000,5.1,8.9,1.6,199,14,5.6,10.6,1.6,206,14,5.1,8.9,1.6,199,14,0,29.54,,0,0,0,73.3,70.7,68.9,0.21,0.21,0.20
WARW,2017-08-21 21:30:00 EDT,41.24036,-74.39056,539,75.7,76.3,75.7,81.6,69.6,0.000,0.000,0.00,0.000,6.6,11.8,2.2,205,15,6.9,13.1,2.4,211,15,6.6,11.8,2.2,205,15,0,29.54,,0,0,0,73.4,70.7,68.9,0.22,0.22,0.20
WARW,2017-08-21 21:35:00 EDT,41.24036,-74.39056,539,75.9,76.6,75.9,80.6,69.5,0.000,0.000,0.00,0.000,6.5,10.4,1.7,200,14,6.8,11.6,1.8,208,12,6.5,10.4,1.7,200,14,0,29.53,,0,0,0,73.4,70.7,68.9,0.21,0.22,0.20
WARW,2017-08-21 21:40:00 EDT,41.24036,-74.39056,539,76.2,76.7,76.2,79.9,69.5,0.000,0.000,0.00,0.000,6.6,11.8,1.7,205,17,7.2,12.3,1.8,213,16,6.6,11.8,1.7,205,17,0,29.53,,0,0,0,73.3,70.7,68.9,0.21,0.21,0.20
WARW,2017-08-21 21:45:00 EDT,41.24036,-74.39056,539,76.4,77.0,76.4,79.2,69.5,0.000,0.000,0.00,0.000,8.4,13.4,1.9,212,13,8.8,13.6,1.9,219,13,8.4,13.4,1.9,212,13,0,29.53,,0,0,0,73.2,70.7,68.9,0.21,0.21,0.20
WARW,2017-08-21 21:50:00 EDT,41.24036,-74.39056,539,76.6,77.1,76.6,78.4,69.4,0.000,0.000,0.00,0.000,8.6,15.6,2.5,213,12,8.9,14.5,2.3,219,10,8.6,15.6,2.5,213,12,0,29.53,,0,0,0,73.2,70.7,68.9,0.22,0.21,0.20
WARW,2017-08-21 21:55:00 EDT,41.24036,-74.39056,539,76.6,77.1,76.6,78.4,69.4,0.000,0.000,0.00,0.000,7.8,11.8,1.8,216,12,8.1,12.6,1.6,223,13,7.8,11.8,1.8,216,12,0,29.52,,0,0,0,73.1,70.7,68.9,0.22,0.22,0.20
WARW,2017-08-21 22:00:00 EDT,41.24036,-74.39056,539,76.5,77.0,76.5,78.5,69.3,0.000,0.000,0.00,0.000,7.1,11.6,1.5,217,14,7.5,12.8,1.6,226,13,7.1,11.6,1.5,217,14,0,29.52,,0,0,0,73.2,70.7,68.9,0.22,0.21,0.20
WARW,2017-08-21 22:05:00 EDT,41.24036,-74.39056,539,76.5,77.0,76.5,78.5,69.3,0.000,0.000,0.00,0.000,7.0,10.3,1.4,216,15,7.4,11.8,1.6,225,15,7.0,10.3,1.4,216,15,0,29.52,,0,0,0,73.1,70.7,68.9,0.22,0.21,0.20
WARW,2017-08-21 22:10:00 EDT,41.24036,-74.39056,539,76.4,77.0,76.4,78.5,69.2,0.000,0.000,0.00,0.000,8.2,14.3,2.5,210,16,8.4,14.8,2.6,217,15,8.2,14.3,2.5,210,16,0,29.52,,0,0,0,73.1,70.7,68.9,0.22,0.21,0.20
WARW,2017-08-21 22:15:00 EDT,41.24036,-74.39056,539,76.0,76.5,76.0,79.6,69.2,0.000,0.000,0.00,0.000,6.1,8.8,1.3,247,15,6.5,9.3,1.5,256,15,6.1,8.8,1.3,247,15,0,29.52,,0,0,0,73.1,70.7,69.0,0.21,0.21,0.20
WARW,2017-08-21 22:20:00 EDT,41.24036,-74.39056,539,75.6,76.2,75.6,80.5,69.2,0.000,0.000,0.00,0.000,4.7,6.6,0.8,251,16,5.1,7.6,1.1,261,15,4.7,6.6,0.8,251,16,0,29.52,,0,0,0,73.0,70.7,69.0,0.21,0.21,0.20
WARW,2017-08-21 22:25:00 EDT,41.24036,-74.39056,539,74.8,75.7,74.8,82.0,68.9,0.000,0.000,0.00,0.000,2.3,3.9,0.8,284,13,2.4,4.3,0.8,295,11,2.3,3.9,0.8,284,13,0,29.53,,0,0,0,73.0,70.7,68.9,0.21,0.21,0.20
WARW,2017-08-21 22:30:00 EDT,41.24036,-74.39056,539,74.6,75.2,74.6,83.4,69.3,0.000,0.000,0.00,0.000,2.7,3.9,0.6,279,13,2.9,4.5,0.8,290,12,2.7,3.9,0.6,279,13,0,29.53,,0,0,0,72.9,70.7,68.9,0.21,0.22,0.20
WARW,2017-08-21 22:35:00 EDT,41.24036,-74.39056,539,74.2,75.0,74.2,84.5,69.2,0.000,0.000,0.00,0.000,4.6,6.8,1.1,262,10,5.0,7.3,1.3,272,10,4.6,6.8,1.1,262,10,0,29.53,,0,0,0,72.9,70.7,68.9,0.21,0.21,0.20
WARW,2017-08-21 22:40:00 EDT,41.24036,-74.39056,539,74.3,74.9,74.3,84.9,69.5,0.000,0.000,0.00,0.000,4.3,5.9,0.8,238,14,4.5,6.3,0.9,246,13,4.3,5.9,0.8,238,14,0,29.53,,0,0,0,73.0,70.7,68.9,0.21,0.21,0.20
WARW,2017-08-21 22:45:00 EDT,41.24036,-74.39056,539,74.3,75.1,74.3,84.9,69.4,0.000,0.000,0.00,0.000,3.7,5.8,1.0,225,8,3.7,6.2,1.0,233,8,3.7,5.8,1.0,225,8,0,29.53,,0,0,0,72.8,70.7,69.0,0.21,0.21,0.20
WARW,2017-08-21 22:50:00 EDT,41.24036,-74.39056,539,74.3,75.0,74.3,84.8,69.5,0.000,0.000,0.00,0.000,1.2,2.8,0.7,214,22,1.4,2.7,0.5,218,33,1.2,2.8,0.7,214,22,0,29.53,,0,0,0,72.9,70.7,69.0,0.21,0.21,0.20
WARW,2017-08-21 22:55:00 EDT,41.24036,-74.39056,539,73.3,74.9,73.3,85.6,68.7,0.000,0.000,0.00,0.000,0.3,1.8,0.5,33,23,0.7,2.3,0.5,58,48,0.3,1.8,0.5,33,23,0,29.53,,0,0,0,72.9,70.7,69.0,0.21,0.21,0.20
WARW,2017-08-21 23:00:00 EDT,41.24036,-74.39056,539,72.8,74.7,72.8,87.4,68.9,0.000,0.000,0.00,0.000,2.5,4.2,0.8,13,18,2.8,4.6,0.9,19,19,2.5,4.2,0.8,13,18,0,29.53,,0,0,0,72.7,70.7,69.0,0.22,0.22,0.20
WARW,2017-08-21 23:05:00 EDT,41.24036,-74.39056,539,73.1,74.4,73.1,86.4,68.8,0.000,0.000,0.00,0.000,1.3,3.5,0.9,14,44,1.8,4.7,0.8,20,44,1.3,3.5,0.9,14,44,0,29.53,,0,0,0,72.8,70.7,69.0,0.21,0.21,0.20
WARW,2017-08-21 23:10:00 EDT,41.24036,-74.39056,539,71.6,73.7,71.6,88.9,68.2,0.000,0.000,0.00,0.000,2.3,2.9,0.3,36,8,2.3,3.1,0.3,42,8,2.3,2.9,0.3,36,8,0,29.53,,0,0,0,72.7,70.7,69.0,0.20,0.21,0.20
WARW,2017-08-21 23:15:00 EDT,41.24036,-74.39056,539,71.7,73.6,71.7,90.9,68.9,0.000,0.000,0.00,0.000,3.4,4.2,0.4,36,11,3.5,4.4,0.6,41,9,3.4,4.2,0.4,36,11,0,29.53,,0,0,0,72.8,70.7,69.0,0.21,0.22,0.20
WARW,2017-08-21 23:20:00 EDT,41.24036,-74.39056,539,71.5,73.2,71.5,91.4,68.9,0.000,0.000,0.00,0.000,2.2,3.2,0.5,34,16,2.2,3.3,0.5,39,14,2.2,3.2,0.5,34,16,0,29.53,,0,0,0,72.8,70.7,69.0,0.21,0.21,0.20
WARW,2017-08-21 23:25:00 EDT,41.24036,-74.39056,539,71.8,72.9,71.8,91.3,69.1,0.000,0.000,0.00,0.000,2.0,2.8,0.4,39,16,1.9,3.0,0.4,44,14,2.0,2.8,0.4,39,16,0,29.52,,0,0,0,72.6,70.7,69.0,0.21,0.21,0.20
WARW,2017-08-21 23:30:00 EDT,41.24036,-74.39056,539,71.5,73.5,71.5,91.8,69.0,0.000,0.000,0.00,0.000,1.3,3.4,0.8,9,40,1.7,4.1,0.9,20,42,1.3,3.4,0.8,9,40,0,29.52,,0,0,0,72.7,70.7,69.0,0.20,0.21,0.20
WARW,2017-08-21 23:35:00 EDT,41.24036,-74.39056,539,71.3,73.6,71.3,92.1,68.9,0.000,0.000,0.00,0.000,0.8,4.2,0.7,101,51,1.3,4.5,0.8,102,61,0.8,4.2,0.7,101,51,0,29.52,,0,0,0,72.6,70.7,69.0,0.20,0.21,0.20
WARW,2017-08-21 23:40:00 EDT,41.24036,-74.39056,539,71.8,74.1,71.8,91.6,69.2,0.000,0.000,0.00,0.000,0.7,2.5,0.7,190,29,1.2,3.4,0.7,197,39,0.7,2.5,0.7,190,29,0,29.52,,0,0,0,72.6,70.7,69.1,0.21,0.21,0.20
WARW,2017-08-21 23:45:00 EDT,41.24036,-74.39056,539,71.4,74.2,71.4,91.5,68.8,0.000,0.000,0.00,0.000,1.3,4.5,1.2,216,27,1.6,5.6,1.1,223,29,1.3,4.5,1.2,216,27,0,29.52,,0,0,0,72.6,70.7,69.0,0.20,0.22,0.20
WARW,2017-08-21 23:50:00 EDT,41.24036,-74.39056,539,72.0,74.1,72.0,91.3,69.4,0.000,0.000,0.00,0.000,0.9,2.3,0.6,220,29,1.3,2.8,0.5,224,32,0.9,2.3,0.6,220,29,0,29.52,,0,0,0,72.6,70.7,69.1,0.20,0.22,0.20
WARW,2017-08-21 23:55:00 EDT,41.24036,-74.39056,539,72.8,74.3,72.8,90.4,69.9,0.000,0.000,0.00,0.000,1.6,4.2,0.9,214,21,1.7,4.2,0.9,222,21,1.6,4.2,0.9,214,21,0,29.52,,0,0,0,72.5,70.7,69.0,0.20,0.21,0.20
WATE,2017-08-21 00:00:00 EDT,42.87966,-76.81255,478,66.2,67.4,66.2,89.9,63.1,0.000,0.000,0.00,0.000,4.2,5.6,0.5,186,5,4.6,6.0,0.7,188,6,4.2,5.6,0.5,186,5,0,29.62,,0,0,0,69.6,68.2,66.3,0.29,0.49,0.45
WATE,2017-08-21 00:05:00 EDT,42.87966,-76.81255,478,66.2,67.6,66.2,90.0,63.2,0.000,0.000,0.00,0.000,4.7,5.9,0.4,184,6,5.1,6.6,0.5,186,5,4.7,5.9,0.4,184,6,0,29.62,,0,0,0,69.6,68.2,66.4,0.29,0.49,0.45
WATE,2017-08-21 00:10:00 EDT,42.87966,-76.81255,478,66.4,67.9,66.4,90.4,63.5,0.000,0.000,0.00,0.000,4.8,6.2,0.6,179,6,5.2,6.9,0.7,181,6,4.8,6.2,0.6,179,6,0,29.62,,0,0,0,69.6,68.2,66.4,0.29,0.49,0.45
WATE,2017-08-21 00:15:00 EDT,42.87966,-76.81255,478,66.6,67.9,66.6,90.1,63.6,0.000,0.000,0.00,0.000,4.3,6.1,0.6,174,6,4.7,6.5,0.6,176,5,4.3,6.1,0.6,174,6,0,29.62,,0,0,0,69.6,68.2,66.4,0.29,0.49,0.45
WATE,2017-08-21 00:20:00 EDT,42.87966,-76.81255,478,66.3,67.3,66.3,89.8,63.2,0.000,0.000,0.00,0.000,4.5,5.6,0.4,182,5,4.9,6.0,0.5,185,5,4.5,5.6,0.4,182,5,0,29.63,,0,0,0,69.6,68.2,66.3,0.29,0.49,0.45
WATE,2017-08-21 00:25:00 EDT,42.87966,-76.81255,478,65.9,67.2,65.9,89.9,62.9,0.000,0.000,0.00,0.000,5.2,6.1,0.4,186,4,5.6,7.0,0.5,188,4,5.2,6.1,0.4,186,4,0,29.63,,0,0,0,69.6,68.2,66.3,0.29,0.49,0.45
WATE,2017-08-21 00:30:00 EDT,42.87966,-76.81255,478,65.9,67.2,65.9,90.1,62.9,0.000,0.000,0.00,0.000,4.9,5.8,0.4,184,5,5.5,7.6,0.6,186,4,4.9,5.8,0.4,184,5,0,29.63,,0,0,0,69.6,68.2,66.4,0.29,0.49,0.45
WATE,2017-08-21 00:35:00 EDT,42.87966,-76.81255,478,65.8,67.1,65.8,90.3,62.9,0.000,0.000,0.00,0.000,4.9,6.2,0.5,182,6,5.2,7.0,0.7,184,6,4.9,6.2,0.5,182,6,0,29.63,,0,0,0,69.6,68.2,66.4,0.29,0.49,0.45
WATE,2017-08-21 00:40:00 EDT,42.87966,-76.81255,478,65.7,67.0,65.7,90.3,62.8,0.000,0.000,0.00,0.000,4.6,6.3,0.8,183,8,5.1,7.5,0.9,186,6,4.6,6.3,0.8,183,8,0,29.63,,0,0,0,69.6,68.2,66.4,0.29,0.49,0.45
WATE,2017-08-21 00:45:00 EDT,42.87966,-76.81255,478,66.0,67.1,66.0,90.3,63.1,0.000,0.000,0.00,0.000,4.9,7.3,0.8,181,7,5.2,7.6,0.9,183,6,4.9,7.3,0.8,181,7,0,29.63,,0,0,0,69.6,68.2,66.3,0.29,0.49,0.45
WATE,2017-08-21 00:50:00 EDT,42.87966,-76.81255,478,66.2,67.1,66.2,89.9,63.1,0.000,0.000,0.00,0.000,4.7,6.6,0.7,186,8,5.2,6.9,0.8,188,6,4.7,6.6,0.7,186,8,0,29.63,,0,0,0,69.4,68.2,66.4,0.29,0.49,0.45
WATE,2017-08-21 00:55:00 EDT,42.87966,-76.81255,478,65.8,66.8,65.8,89.9,62.8,0.000,0.000,0.00,0.000,3.6,5.4,0.7,193,8,3.9,5.4,0.7,196,7,3.6,5.4,0.7,193,8,0,29.63,,0,0,0,69.3,68.2,66.4,0.29,0.49,0.45
WATE,2017-08-21 01:00:00 EDT,42.87966,-76.81255,478,65.9,66.7,65.9,90.0,62.8,0.000,0.000,0.00,0.000,3.7,4.9,0.5,186,7,4.2,5.6,0.7,188,7,3.7,4.9,0.5,186,7,0,29.63,,0,0,0,69.3,68.2,66.5,0.29,0.49,0.45
WATE,2017-08-21 01:05:00 EDT,42.87966,-76.81255,478,65.8,66.7,65.8,90.0,62.8,0.000,0.000,0.00,0.000,3.2,4.7,0.7,188,13,3.5,5.3,0.8,192,10,3.2,4.7,0.7,188,13,0,29.62,,0,0,0,69.3,68.2,66.4,0.29,0.49,0.45
WATE,2017-08-21 01:10:00 EDT,42.87966,-76.81255,478,65.8,66.7,65.8,89.8,62.7,0.000,0.000,0.00,0.000,3.0,6.4,0.9,190,14,3.3,6.9,1.1,193,12,3.0,6.4,0.9,190,14,0,29.62,,0,0,0,69.3,68.2,66.4,0.29,0.49,0.45
WATE,2017-08-21 01:15:00 EDT,42.87966,-76.81255,478,65.9,66.8,65.9,89.3,62.6,0.000,0.000,0.00,0.000,3.4,4.7,0.5,185,10,3.9,5.4,0.6,188,9,3.4,4.7,0.5,185,10,0,29.62,,0,0,0,69.3,68.2,66.5,0.29,0.49,0.45
WATE,2017-08-21 01:20:00 EDT,42.87966,-76.81255,478,65.7,66.5,65.7,88.9,62.3,0.000,0.000,0.00,0.000,3.1,5.0,0.7,195,11,3.3,5.4,0.9,198,10,3.1,5.0,0.7,195,11,0,29.63,,0,0,0,69.3,68.2,66.4,0.29,0.49,0.45
WATE,2017-08-21 01:25:00 EDT,42.87966,-76.81255,478,65.4,66.2,65.4,88.8,62.0,0.000,0.000,0.00,0.000,3.4,4.8,0.5,203,10,3.7,5.6,0.7,206,9,3.4,4.8,0.5,203,10,0,29.63,,0,0,0,69.3,68.2,66.4,0.29,0.49,0.45
WATE,2017-08-21 01:30:00 EDT,42.87966,-76.81255,478,65.4,66.3,65.4,88.6,62.0,0.000,0.000,0.00,0.000,3.4,4.6,0.4,207,10,3.7,5.4,0.7,211,9,3.4,4.6,0.4,207,10,0,29.63,,0,0,0,69.3,68.2,66.4,0.29,0.49,0.45
WATE,2017-08-21 01:35:00 EDT,42.87966,-76.81255,478,65.3,66.1,65.3,88.2,61.8,0.000,0.000,0.00,0.000,3.4,5.3,0.6,196,12,3.7,6.7,0.9,198,12,3.4,5.3,0.6,196,12,0,29.63,,0,0,0,69.3,68.2,66.3,0.29,0.49,0.45
WATE,2017-08-21 01:40:00 EDT,42.87966,-76.81255,478,65.0,65.8,65.0,88.8,61.6,0.000,0.000,0.00,0.000,2.8,4.7,0.7,185,10,3.0,5.0,0.8,188,11,2.8,4.7,0.7,185,10,0,29.62,,0,0,0,69.3,68.2,66.4,0.29,0.49,0.45
WATE,2017-08-21 01:45:00 EDT,42.87966,-76.81255,478,64.8,65.6,64.8,89.2,61.5,0.000,0.000,0.00,0.000,2.0,4.2,0.7,197,17,2.0,4.8,1.1,201,15,2.0,4.2,0.7,197,17,0,29.62,,0,0,0,69.3,68.2,66.3,0.29,0.49,0.45
WATE,2017-08-21 01:50:00 EDT,42.87966,-76.81255,478,64.6,65.5,64.6,89.5,61.5,0.000,0.000,0.00,0.000,2.8,3.6,0.6,197,11,3.1,4.8,0.7,201,10,2.8,3.6,0.6,197,11,0,29.63,,0,0,0,69.3,68.2,66.4,0.29,0.49,0.45
WATE,2017-08-21 01:55:00 EDT,42.87966,-76.81255,478,64.8,65.7,64.8,89.2,61.6,0.000,0.000,0.00,0.000,3.1,4.2,0.4,201,7,3.4,5.3,0.6,205,7,3.1,4.2,0.4,201,7,0,29.63,,0,0,0,69.3,68.2,66.4,0.29,0.49,0.45
WATE,2017-08-21 02:00:00 EDT,42.87966,-76.81255,478,64.8,65.6,64.8,88.6,61.3,0.000,0.000,0.00,0.000,2.6,3.7,0.5,203,11,2.9,4.8,0.7,206,10,2.6,3.7,0.5,203,11,0,29.63,,0,0,0,69.3,68.2,66.4,0.29,0.49,0.45
WATE,2017-08-21 02:05:00 EDT,42.87966,-76.81255,478,64.9,65.5,64.9,88.6,61.5,0.000,0.000,0.00,0.000,1.7,2.8,0.5,218,14,1.7,3.4,0.6,221,15,1.7,2.8,0.5,218,14,0,29.63,,0,0,0,69.2,68.2,66.4,0.29,0.49,0.45
WATE,2017-08-21 02:10:00 EDT,42.87966,-76.81255,478,64.9,65.6,64.9,88.2,61.3,0.000,0.000,0.00,0.000,1.5,3.0,0.5,231,21,1.7,3.4,0.6,234,20,1.5,3.0,0.5,231,21,0,29.63,,0,0,0,69.0,68.2,66.4,0.29,0.49,0.45
WATE,2017-08-21 02:15:00 EDT,42.87966,-76.81255,478,64.3,65.9,64.3,88.5,60.8,0.000,0.000,0.00,0.000,1.3,2.6,0.8,244,19,1.5,3.3,0.8,249,26,1.3,2.6,0.8,244,19,0,29.63,,0,0,0,68.9,68.2,66.4,0.29,0.49,0.45
WATE,2017-08-21 02:20:00 EDT,42.87966,-76.81255,478,64.7,66.0,64.7,89.0,61.4,0.000,0.000,0.00,0.000,1.9,3.2,0.4,215,12,1.9,4.0,0.5,218,11,1.9,3.2,0.4,215,12,0,29.63,,0,0,0,68.9,68.2,66.6,0.29,0.49,0.45
WATE,2017-08-21 02:25:00 EDT,42.87966,-76.81255,478,64.9,66.0,64.9,88.9,61.5,0.000,0.000,0.00,0.000,2.8,4.7,0.8,199,13,3.0,5.7,0.9,202,14,2.8,4.7,0.8,199,13,0,29.63,,0,0,0,68.9,68.2,66.4,0.29,0.49,0.45
WATE,2017-08-21 02:30:00 EDT,42.87966,-76.81255,478,65.1,65.8,65.1,88.4,61.6,0.000,0.000,0.00,0.000,2.9,4.7,0.7,197,11,3.2,5.3,0.7,200,9,2.9,4.7,0.7,197,11,0,29.63,,0,0,0,68.9,68.2,66.4,0.29,0.49,0.45
WATE,2017-08-21 02:35:00 EDT,42.87966,-76.81255,478,64.9,65.6,64.9,88.6,61.4,0.000,0.000,0.00,0.000,2.0,3.4,0.7,204,13,2.3,4.5,0.8,205,12,2.0,3.4,0.7,204,13,0,29.62,,0,0,0,68.9,68.2,66.5,0.29,0.49,0.45
WATE,2017-08-21 02:40:00 EDT,42.87966,-76.81255,478,65.0,65.7,65.0,89.4,61.8,0.000,0.000,0.00,0.000,1.6,2.6,0.4,202,18,1.9,3.5,0.5,203,19,1.6,2.6,0.4,202,18,0,29.63,,0,0,0,68.9,68.2,66.4,0.29,0.49,0.45
WATE,2017-08-21 02:45:00 EDT,42.87966,-76.81255,478,64.8,65.5,64.8,89.4,61.6,0.000,0.000,0.00,0.000,1.4,3.1,0.7,207,19,1.7,3.8,0.7,210,22,1.4,3.1,0.7,207,19,0,29.63,,0,0,0,68.9,68.2,66.4,0.29,0.49,0.45
WATE,2017-08-21 02:50:00 EDT,42.87966,-76.81255,478,64.3,65.5,64.3,89.8,61.3,0.000,0.000,0.00,0.000,0.6,2.0,0.5,181,22,1.3,2.8,0.7,180,24,0.6,2.0,0.5,181,22,0,29.63,,0,0,0,68.9,68.2,66.3,0.29,0.49,0.45
WATE,2017-08-21 02:55:00 EDT,42.87966,-76.81255,478,64.6,65.4,64.6,91.1,62.0,0.000,0.000,0.00,0.000,2.2,3.9,0.7,184,16,2.7,4.8,0.8,188,16,2.2,3.9,0.7,184,16,0,29.63,,0,0,0,68.9,68.2,66.4,0.29,0.49,0.45
WATE,2017-08-21 03:00:00 EDT,42.87966,-76.81255,478,64.7,65.2,64.7,91.1,62.1,0.000,0.000,0.00,0.000,1.6,4.5,1.4,201,17,1.9,6.8,1.6,207,21,1.6,4.5,1.4,201,17,0,29.63,,0,0,0,68.9,68.2,66.5,0.29,0.49,0.45
WATE,2017-08-21 03:05:00 EDT,42.87966,-76.81255,478,64.8,65.2,64.8,91.3,62.2,0.000,0.000,0.00,0.000,2.3,5.0,1.1,185,21,2.5,5.0,1.1,190,22,2.3,5.0,1.1,185,21,0,29.63,,0,0,0,68.9,68.2,66.4,0.29,0.49,0.45
WATE,2017-08-21 03:10:00 EDT,42.87966,-76.81255,478,64.7,65.3,64.7,91.9,62.3,0.000,0.000,0.00,0.000,3.8,5.9,0.9,179,12,4.3,7.3,1.0,181,10,3.8,5.9,0.9,179,12,0,29.63,,0,0,0,68.9,68.2,66.3,0.29,0.49,0.45
WATE,2017-08-21 03:15:00 EDT,42.87966,-76.81255,478,64.8,65.6,64.8,92.5,62.6,0.000,0.000,0.00,0.000,3.4,5.8,0.9,166,14,3.7,6.8,1.1,168,14,3.4,5.8,0.9,166,14,0,29.63,,0,0,0,68.8,68.2,66.4,0.29,0.49,0.45
WATE,2017-08-21 03:20:00 EDT,42.87966,-76.81255,478,64.9,65.7,64.9,92.1,62.6,0.000,0.000,0.00,0.000,2.2,5.3,1.6,162,13,2.6,6.7,1.8,163,15,2.2,5.3,1.6,162,13,0,29.63,,0,0,0,68.6,68.2,66.4,0.29,0.49,0.45
WATE,2017-08-21 03:25:00 EDT,42.87966,-76.81255,478,64.4,65.4,64.4,91.2,61.8,0.000,0.000,0.00,0.000,0.5,2.0,0.6,168,33,0.9,3.1,0.8,161,39,0.5,2.0,0.6,168,33,0,29.63,,0,0,0,68.5,68.2,66.4,0.29,0.49,0.45
WATE,2017-08-21 03:30:00 EDT,42.87966,-76.81255,478,64.0,65.2,64.0,91.1,61.3,0.000,0.000,0.00,0.000,0.3,1.7,0.4,197,34,0.7,2.6,0.7,163,55,0.3,1.7,0.4,197,34,0,29.63,,0,0,0,68.5,68.2,66.5,0.29,0.49,0.45
WATE,2017-08-21 03:35:00 EDT,42.87966,-76.81255,478,64.3,65.2,64.3,92.1,62.0,0.000,0.000,0.00,0.000,3.7,7.3,1.3,192,10,4.1,7.7,1.4,194,10,3.7,7.3,1.3,192,10,0,29.63,,0,0,0,68.5,68.2,66.4,0.29,0.49,0.45
WATE,2017-08-21 03:40:00 EDT,42.87966,-76.81255,478,64.7,65.5,64.7,92.0,62.3,0.000,0.000,0.00,0.000,6.6,10.0,1.1,189,8,7.2,11.3,1.2,191,6,6.6,10.0,1.1,189,8,0,29.63,,0,0,0,68.5,68.2,66.4,0.29,0.49,0.45
WATE,2017-08-21 03:45:00 EDT,42.87966,-76.81255,478,65.3,66.0,65.3,90.9,62.6,0.000,0.000,0.00,0.000,8.3,10.7,1.3,193,6,8.9,11.4,1.5,194,5,8.3,10.7,1.3,193,6,0,29.63,,0,0,0,68.5,68.2,66.4,0.29,0.49,0.45
WATE,2017-08-21 03:50:00 EDT,42.87966,-76.81255,478,65.1,65.8,65.1,90.1,62.2,0.000,0.000,0.00,0.000,7.2,10.2,1.1,193,7,7.8,11.3,1.3,196,6,7.2,10.2,1.1,193,7,0,29.63,,0,0,0,68.5,68.2,66.5,0.29,0.49,0.45
WATE,2017-08-21 03:55:00 EDT,42.87966,-76.81255,478,64.9,65.6,64.9,90.1,62.0,0.000,0.000,0.00,0.000,5.8,9.6,1.4,193,7,6.2,11.2,1.6,196,6,5.8,9.6,1.4,193,7,0,29.63,,0,0,0,68.5,68.2,66.5,0.29,0.49,0.45
WATE,2017-08-21 04:00:00 EDT,42.87966,-76.81255,478,64.7,65.5,64.7,90.7,62.0,0.000,0.000,0.00,0.000,5.2,7.7,1.0,190,11,5.7,8.2,1.2,192,10,5.2,7.7,1.0,190,11,0,29.63,,0,0,0,68.5,68.2,66.4,0.29,0.49,0.45
WATE,2017-08-21 04:05:00 EDT,42.87966,-76.81255,478,64.9,65.6,64.9,91.4,62.3,0.000,0.000,0.00,0.000,5.2,8.0,1.0,193,9,5.7,8.2,1.1,194,8,5.2,8.0,1.0,193,9,0,29.63,,0,0,0,68.5,68.2,66.5,0.29,0.49,0.45
WATE,2017-08-21 04:10:00 EDT,42.87966,-76.81255,478,65.0,65.8,65.0,91.8,62.6,0.000,0.000,0.00,0.000,4.9,7.5,1.0,188,10,5.4,8.0,1.1,190,8,4.9,7.5,1.0,188,10,0,29.63,,0,0,0,68.5,68.2,66.4,0.29,0.49,0.45
WATE,2017-08-21 04:15:00 EDT,42.87966,-76.81255,478,65.2,65.8,65.2,91.7,62.7,0.000,0.000,0.00,0.000,4.9,7.7,1.1,190,12,5.3,8.2,1.3,193,11,4.9,7.7,1.1,190,12,0,29.63,,0,0,0,68.5,68.2,66.5,0.29,0.49,0.45
WATE,2017-08-21 04:20:00 EDT,42.87966,-76.81255,478,65.2,65.8,65.2,91.6,62.7,0.000,0.000,0.00,0.000,3.7,6.1,1.4,170,15,4.1,7.3,1.4,173,14,3.7,6.1,1.4,170,15,0,29.63,,0,0,0,68.5,68.2,66.6,0.29,0.49,0.45
WATE,2017-08-21 04:25:00 EDT,42.87966,-76.81255,478,64.8,65.4,64.8,91.5,62.3,0.000,0.000,0.00,0.000,1.2,4.1,0.9,167,25,1.6,4.3,0.9,165,31,1.2,4.1,0.9,167,25,0,29.63,,0,0,0,68.5,68.2,66.5,0.29,0.49,0.45
WATE,2017-08-21 04:30:00 EDT,42.87966,-76.81255,478,64.4,65.0,64.4,91.6,61.9,0.000,0.000,0.00,0.000,1.0,2.2,0.7,55,36,1.3,2.2,0.5,56,44,1.0,2.2,0.7,55,36,0,29.63,,0,0,0,68.5,68.2,66.4,0.29,0.49,0.45
WATE,2017-08-21 04:35:00 EDT,42.87966,-76.81255,478,63.9,64.9,63.9,91.5,61.4,0.000,0.000,0.00,0.000,1.6,2.6,0.4,71,17,1.9,3.0,0.5,71,19,1.6,2.6,0.4,71,17,0,29.63,,0,0,0,68.5,68.2,66.4,0.29,0.49,0.45
WATE,2017-08-21 04:40:00 EDT,42.87966,-76.81255,478,63.5,65.0,63.5,92.5,61.3,0.000,0.000,0.00,0.000,2.4,3.1,0.4,114,14,2.5,3.8,0.4,117,13,2.4,3.1,0.4,114,14,0,29.63,,0,0,0,68.5,68.2,66.4,0.29,0.49,0.45
WATE,2017-08-21 04:45:00 EDT,42.87966,-76.81255,478,63.7,64.8,63.7,92.9,61.6,0.000,0.000,0.00,0.000,3.1,3.6,0.2,143,5,3.2,4.0,0.3,142,5,3.1,3.6,0.2,143,5,0,29.63,,0,0,0,68.5,68.2,66.5,0.29,0.49,0.45
WATE,2017-08-21 04:50:00 EDT,42.87966,-76.81255,478,63.5,64.8,63.5,92.8,61.4,0.000,0.000,0.00,0.000,2.9,4.5,0.6,160,10,3.1,5.2,0.8,161,11,2.9,4.5,0.6,160,10,0,29.63,,0,0,0,68.5,68.2,66.3,0.29,0.49,0.45
WATE,2017-08-21 04:55:00 EDT,42.87966,-76.81255,478,63.7,64.8,63.7,93.0,61.6,0.000,0.000,0.00,0.000,2.8,4.5,0.8,146,14,3.0,5.3,1.0,147,13,2.8,4.5,0.8,146,14,0,29.63,,0,0,0,68.5,68.2,66.5,0.29,0.49,0.45
WATE,2017-08-21 05:00:00 EDT,42.87966,-76.81255,478,63.6,64.7,63.6,93.0,61.5,0.000,0.000,0.00,0.000,3.0,4.8,0.7,137,12,3.0,5.1,0.8,137,10,3.0,4.8,0.7,137,12,0,29.62,,0,0,0,68.5,68.2,66.4,0.29,0.49,0.45
WATE,2017-08-21 05:05:00 EDT,42.87966,-76.81255,478,63.6,64.7,63.6,93.5,61.7,0.000,0.000,0.00,0.000,3.1,6.9,1.2,152,15,3.3,8.1,1.5,154,15,3.1,6.9,1.2,152,15,0,29.63,,0,0,0,68.5,68.2,66.5,0.29,0.49,0.45
WATE,2017-08-21 05:10:00 EDT,42.87966,-76.81255,478,63.8,64.5,63.8,93.3,61.8,0.000,0.000,0.00,0.000,1.5,3.7,0.8,126,19,1.8,4.1,0.8,124,19,1.5,3.7,0.8,126,19,0,29.63,,0,0,0,68.5,68.2,66.5,0.29,0.49,0.45
WATE,2017-08-21 05:15:00 EDT,42.87966,-76.81255,478,63.5,64.5,63.5,92.9,61.5,0.000,0.000,0.00,0.000,0.7,3.2,0.8,126,41,1.2,4.4,0.9,120,46,0.7,3.2,0.8,126,41,0,29.63,,0,0,0,68.5,68.2,66.5,0.29,0.49,0.45
WATE,2017-08-21 05:20:00 EDT,42.87966,-76.81255,478,63.3,64.5,63.3,92.9,61.3,0.000,0.000,0.00,0.000,0.4,2.6,0.6,109,19,0.9,3.0,0.7,105,31,0.4,2.6,0.6,109,19,0,29.63,,0,0,0,68.5,68.2,66.3,0.29,0.49,0.45
WATE,2017-08-21 05:25:00 EDT,42.87966,-76.81255,478,63.6,64.6,63.6,93.4,61.6,0.000,0.000,0.00,0.000,0.8,3.6,1.0,206,23,1.3,4.1,1.1,202,33,0.8,3.6,1.0,206,23,0,29.63,,0,0,0,68.3,68.2,66.5,0.29,0.49,0.45
WATE,2017-08-21 05:30:00 EDT,42.87966,-76.81255,478,63.8,64.7,63.8,93.0,61.8,0.000,0.000,0.00,0.000,1.1,3.1,0.8,202,19,1.4,3.2,0.7,204,25,1.1,3.1,0.8,202,19,0,29.63,,0,0,0,68.2,68.2,66.4,0.29,0.49,0.45
WATE,2017-08-21 05:35:00 EDT,42.87966,-76.81255,478,63.0,64.3,63.0,92.8,60.9,0.000,0.000,0.00,0.000,1.7,5.7,1.4,180,11,2.2,6.4,1.5,182,18,1.7,5.7,1.4,180,11,0,29.63,,0,0,0,68.2,68.2,66.5,0.29,0.49,0.45
WATE,2017-08-21 05:40:00 EDT,42.87966,-76.81255,478,63.5,64.6,63.5,93.1,61.5,0.000,0.000,0.00,0.000,3.2,4.9,0.9,170,13,3.5,5.5,1.0,172,14,3.2,4.9,0.9,170,13,0,29.63,,0,0,0,68.2,68.2,66.2,0.29,0.49,0.45
WATE,2017-08-21 05:45:00 EDT,42.87966,-76.81255,478,63.5,64.4,63.5,92.9,61.4,0.000,0.000,0.00,0.000,0.6,2.0,0.6,163,19,1.0,3.2,0.8,163,20,0.6,2.0,0.6,163,19,0,29.63,,0,0,0,68.2,68.2,66.4,0.29,0.49,0.45
WATE,2017-08-21 05:50:00 EDT,42.87966,-76.81255,478,63.5,64.4,63.5,92.9,61.5,0.000,0.000,0.00,0.000,2.3,3.2,0.5,174,10,2.7,3.7,0.5,175,11,2.3,3.2,0.5,174,10,0,29.63,,0,0,0,68.2,68.2,66.4,0.29,0.49,0.45
WATE,2017-08-21 05:55:00 EDT,42.87966,-76.81255,478,63.7,64.4,63.7,92.8,61.5,0.000,0.000,0.00,0.000,1.7,3.1,0.7,173,14,2.1,3.7,0.8,174,15,1.7,3.1,0.7,173,14,0,29.63,,0,0,0,68.2,68.2,66.4,0.29,0.49,0.45
WATE,2017-08-21 06:00:00 EDT,42.87966,-76.81255,478,63.3,64.3,63.3,92.5,61.1,0.000,0.000,0.00,0.000,1.3,1.8,0.3,166,14,1.6,2.8,0.3,168,15,1.3,1.8,0.3,166,14,0,29.63,,0,0,0,68.2,68.2,66.5,0.29,0.49,0.45
WATE,2017-08-21 06:05:00 EDT,42.87966,-76.81255,478,63.2,64.1,63.2,92.1,60.9,0.000,0.000,0.00,0.000,1.2,1.8,0.3,176,10,1.5,2.9,0.4,177,14,1.2,1.8,0.3,176,10,0,29.63,,0,0,0,68.2,68.2,66.3,0.29,0.49,0.45
WATE,2017-08-21 06:10:00 EDT,42.87966,-76.81255,478,63.1,64.1,63.1,92.3,60.8,0.000,0.000,0.00,0.000,2.6,4.7,0.7,177,9,2.9,5.6,0.9,180,10,2.6,4.7,0.7,177,9,1,29.63,,0,0,0,68.2,68.2,66.5,0.29,0.49,0.45
WATE,2017-08-21 06:15:00 EDT,42.87966,-76.81255,478,62.6,63.9,62.6,92.4,60.4,0.000,0.000,0.00,0.000,1.5,2.5,0.6,167,10,1.7,2.8,0.7,170,14,1.5,2.5,0.6,167,10,3,29.63,,0,0,0,68.2,68.2,66.4,0.29,0.49,0.45
WATE,2017-08-21 06:20:00 EDT,42.87966,-76.81255,478,62.4,63.7,62.4,92.6,60.2,0.000,0.000,0.00,0.000,0.2,1.2,0.4,182,10,0.5,1.5,0.5,156,30,0.2,1.2,0.4,182,10,2,29.63,,0,0,0,68.2,68.2,66.5,0.29,0.49,0.45
WATE,2017-08-21 06:25:00 EDT,42.87966,-76.81255,478,62.7,63.8,62.7,92.6,60.5,0.000,0.000,0.00,0.000,0.3,1.5,0.4,168,16,0.7,2.6,0.7,167,28,0.3,1.5,0.4,168,16,4,29.63,,0,0,0,68.2,68.2,66.4,0.29,0.49,0.45
WATE,2017-08-21 06:30:00 EDT,42.87966,-76.81255,478,62.8,64.0,62.8,92.6,60.7,0.000,0.000,0.00,0.000,0.5,2.3,0.7,193,19,0.8,2.8,0.7,183,33,0.5,2.3,0.7,193,19,8,29.63,,0,0,0,68.2,68.2,66.4,0.29,0.49,0.45
WATE,2017-08-21 06:35:00 EDT,42.87966,-76.81255,478,63.0,64.2,63.0,92.8,60.9,0.000,0.000,0.00,0.000,2.8,5.4,1.1,199,14,3.2,6.9,1.3,200,14,2.8,5.4,1.1,199,14,11,29.63,,0,0,0,68.2,68.2,66.5,0.29,0.49,0.45
WATE,2017-08-21 06:40:00 EDT,42.87966,-76.81255,478,64.0,64.9,64.0,92.0,61.7,0.000,0.000,0.00,0.000,4.8,7.5,0.9,187,9,5.3,9.5,1.2,189,8,4.8,7.5,0.9,187,9,18,29.63,,0,0,0,68.1,68.2,66.5,0.29,0.49,0.45
WATE,2017-08-21 06:45:00 EDT,42.87966,-76.81255,478,64.5,65.2,64.5,90.7,61.7,0.000,0.000,0.00,0.000,5.4,7.7,0.9,183,9,5.9,8.0,0.9,184,7,5.4,7.7,0.9,183,9,26,29.63,,0,0,0,68.0,68.2,66.4,0.29,0.49,0.45
WATE,2017-08-21 06:50:00 EDT,42.87966,-76.81255,478,65.0,65.6,65.0,89.6,61.9,0.000,0.000,0.00,0.000,6.4,10.7,1.3,179,11,7.0,10.8,1.5,180,9,6.4,10.7,1.3,179,11,35,29.63,,0,0,0,67.9,68.2,66.5,0.29,0.49,0.45
WATE,2017-08-21 06:55:00 EDT,42.87966,-76.81255,478,65.3,65.9,65.3,88.7,61.9,0.000,0.000,0.00,0.000,6.7,10.5,1.2,177,9,7.2,11.1,1.4,178,7,6.7,10.5,1.2,177,9,41,29.63,,0,0,0,67.9,68.1,66.3,0.29,0.49,0.45
WATE,2017-08-21 07:00:00 EDT,42.87966,-76.81255,478,65.5,66.0,65.5,88.0,61.8,0.000,0.000,0.00,0.000,7.4,11.8,1.5,174,11,8.0,12.4,1.5,176,9,7.4,11.8,1.5,174,11,35,29.63,,0,0,0,67.9,68.1,66.4,0.29,0.49,0.45
WATE,2017-08-21 07:05:00 EDT,42.87966,-76.81255,478,65.5,66.0,65.5,87.9,61.8,0.000,0.000,0.00,0.000,6.5,9.5,1.0,170,10,7.2,10.6,1.1,173,9,6.5,9.5,1.0,170,10,37,29.63,,0,0,0,67.9,68.2,66.5,0.29,0.49,0.45
WATE,2017-08-21 07:10:00 EDT,42.87966,-76.81255,478,65.6,66.0,65.6,88.1,62.0,0.000,0.000,0.00,0.000,6.2,9.4,1.5,171,11,6.9,10.2,1.5,174,9,6.2,9.4,1.5,171,11,41,29.63,,0,0,0,67.9,68.1,66.5,0.29,0.49,0.45
WATE,2017-08-21 07:15:00 EDT,42.87966,-76.81255,478,65.6,66.1,65.6,88.2,62.1,0.000,0.000,0.00,0.000,5.8,9.3,2.0,178,10,6.4,9.6,2.0,181,9,5.8,9.3,2.0,178,10,53,29.63,,0,0,0,67.8,68.1,66.5,0.29,0.49,0.45
WATE,2017-08-21 07:20:00 EDT,42.87966,-76.81255,478,65.7,66.2,65.7,88.1,62.1,0.000,0.000,0.00,0.000,3.2,5.8,1.2,170,13,3.5,6.0,1.1,174,12,3.2,5.8,1.2,170,13,58,29.63,,0,0,0,67.8,68.1,66.4,0.29,0.49,0.45
WATE,2017-08-21 07:25:00 EDT,42.87966,-76.81255,478,65.8,66.2,65.8,87.2,61.9,0.000,0.000,0.00,0.000,2.2,3.7,0.5,169,11,2.6,4.3,0.6,172,13,2.2,3.7,0.5,169,11,68,29.63,,0,0,0,67.8,68.1,66.4,0.29,0.49,0.45
WATE,2017-08-21 07:30:00 EDT,42.87966,-76.81255,478,65.9,66.3,65.9,86.6,61.8,0.000,0.000,0.00,0.000,3.9,5.9,0.8,159,12,4.3,6.6,0.9,160,12,3.9,5.9,0.8,159,12,103,29.63,,0,0,0,67.8,68.0,66.5,0.29,0.49,0.45
WATE,2017-08-21 07:35:00 EDT,42.87966,-76.81255,478,66.3,66.6,66.3,84.9,61.6,0.000,0.000,0.00,0.000,5.6,8.7,1.2,159,11,6.1,10.0,1.5,161,10,5.6,8.7,1.2,159,11,180,29.63,,0,0,0,67.8,68.0,66.5,0.29,0.49,0.45
WATE,2017-08-21 07:40:00 EDT,42.87966,-76.81255,478,66.7,66.8,66.7,84.0,61.7,0.000,0.000,0.00,0.000,5.0,7.0,0.9,166,11,5.5,8.5,1.1,167,10,5.0,7.0,0.9,166,11,186,29.63,,0,0,0,67.9,68.0,66.5,0.29,0.49,0.45
WATE,2017-08-21 07:45:00 EDT,42.87966,-76.81255,478,67.1,67.2,67.1,83.9,62.1,0.000,0.000,0.00,0.000,5.3,9.1,1.4,171,13,5.9,9.9,1.3,173,11,5.3,9.1,1.4,171,13,197,29.63,,0,0,0,67.9,67.9,66.6,0.29,0.49,0.45
WATE,2017-08-21 07:50:00 EDT,42.87966,-76.81255,478,67.4,67.4,67.4,82.9,62.0,0.000,0.000,0.00,0.000,5.8,9.7,1.6,172,12,6.4,11.9,1.8,175,11,5.8,9.7,1.6,172,12,177,29.63,,0,0,0,67.9,67.9,66.5,0.29,0.49,0.45
WATE,2017-08-21 07:55:00 EDT,42.87966,-76.81255,478,67.7,67.7,67.7,82.6,62.2,0.000,0.000,0.00,0.000,6.9,9.1,1.0,177,8,7.4,9.9,1.1,179,8,6.9,9.1,1.0,177,8,204,29.63,,0,0,0,67.9,67.9,66.5,0.29,0.49,0.45
WATE,2017-08-21 08:00:00 EDT,42.87966,-76.81255,478,67.8,67.7,67.8,81.9,62.1,0.000,0.000,0.00,0.000,7.4,9.9,1.3,172,7,7.9,11.8,1.4,174,6,7.4,9.9,1.3,172,7,223,29.63,,0,0,0,68.0,67.8,66.4,0.29,0.49,0.45
WATE,2017-08-21 08:05:00 EDT,42.87966,-76.81255,478,68.2,68.1,68.2,81.7,62.3,0.000,0.000,0.00,0.000,5.6,9.0,1.6,171,12,6.1,10.1,1.8,173,12,5.6,9.0,1.6,171,12,232,29.63,,0,0,0,68.0,67.8,66.5,0.29,0.49,0.45
WATE,2017-08-21 08:10:00 EDT,42.87966,-76.81255,478,69.0,68.8,69.0,81.1,62.9,0.000,0.000,0.00,0.000,4.9,7.5,0.9,155,13,5.3,8.0,1.1,157,14,4.9,7.5,0.9,155,13,302,29.63,,0,0,0,68.1,67.8,66.4,0.29,0.49,0.45
WATE,2017-08-21 08:15:00 EDT,42.87966,-76.81255,478,69.2,69.0,69.2,80.7,63.1,0.000,0.000,0.00,0.000,4.8,8.2,1.0,163,13,5.2,9.1,1.2,165,13,4.8,8.2,1.0,163,13,164,29.63,,0,0,0,68.1,67.8,66.6,0.29,0.49,0.45
WATE,2017-08-21 08:20:00 EDT,42.87966,-76.81255,478,68.8,68.7,68.8,80.2,62.4,0.000,0.000,0.00,0.000,5.2,8.5,1.2,162,15,5.8,10.1,1.2,163,13,5.2,8.5,1.2,162,15,157,29.63,,0,0,0,68.1,67.8,66.5,0.29,0.49,0.45
WATE,2017-08-21 08:25:00 EDT,42.87966,-76.81255,478,68.9,68.7,68.9,81.0,62.8,0.000,0.000,0.00,0.000,5.2,7.8,1.2,164,14,5.8,9.1,1.2,167,14,5.2,7.8,1.2,164,14,174,29.62,,0,0,0,68.2,67.8,66.5,0.29,0.49,0.45
WATE,2017-08-21 08:30:00 EDT,42.87966,-76.81255,478,69.0,68.8,69.0,81.7,63.2,0.000,0.000,0.00,0.000,4.6,8.4,1.1,162,13,4.9,10.0,1.2,164,14,4.6,8.4,1.1,162,13,202,29.62,,0,0,0,68.2,67.8,66.5,0.29,0.49,0.45
WATE,2017-08-21 08:35:00 EDT,42.87966,-76.81255,478,69.2,69.0,69.2,80.8,63.0,0.000,0.000,0.00,0.000,5.1,8.4,1.2,154,11,5.4,9.1,1.3,155,11,5.1,8.4,1.2,154,11,163,29.62,,0,0,0,68.2,67.8,66.5,0.29,0.49,0.45
WATE,2017-08-21 08:40:00 EDT,42.87966,-76.81255,478,69.1,68.9,69.1,80.4,62.8,0.000,0.000,0.00,0.000,5.1,7.2,1.0,167,12,5.6,8.2,1.1,170,12,5.1,7.2,1.0,167,12,176,29.62,,0,0,0,68.2,67.8,66.4,0.29,0.49,0.45
WATE,2017-08-21 08:45:00 EDT,42.87966,-76.81255,478,69.3,69.1,69.3,80.6,63.1,0.000,0.000,0.00,0.000,4.8,6.4,0.7,168,13,5.3,7.4,0.8,170,12,4.8,6.4,0.7,168,13,209,29.62,,0,0,0,68.2,67.8,66.3,0.29,0.49,0.45
WATE,2017-08-21 08:50:00 EDT,42.87966,-76.81255,478,69.8,69.4,69.8,79.5,63.2,0.000,0.000,0.00,0.000,6.5,10.0,1.4,169,11,7.2,11.4,1.6,171,10,6.5,10.0,1.4,169,11,219,29.62,,0,0,0,68.2,67.8,66.4,0.29,0.49,0.45
WATE,2017-08-21 08:55:00 EDT,42.87966,-76.81255,478,70.1,69.7,70.1,78.3,63.0,0.000,0.000,0.00,0.000,7.4,10.0,1.3,176,9,8.0,10.6,1.4,178,8,7.4,10.0,1.3,176,9,201,29.62,,0,0,0,68.2,67.8,66.4,0.29,0.49,0.45
WATE,2017-08-21 09:00:00 EDT,42.87966,-76.81255,478,70.2,69.9,70.2,77.7,62.9,0.000,0.000,0.00,0.000,6.1,9.1,1.2,173,8,6.5,9.6,1.3,174,8,6.1,9.1,1.2,173,8,174,29.62,,0,0,0,68.2,67.8,66.4,0.29,0.49,0.45
WATE,2017-08-21 09:05:00 EDT,42.87966,-76.81255,478,70.3,70.0,70.3,76.7,62.6,0.000,0.000,0.00,0.000,6.1,9.1,1.4,178,10,6.7,10.2,1.4,180,9,6.1,9.1,1.4,178,10,155,29.63,,0,0,0,68.2,67.8,66.4,0.29,0.49,0.45
WATE,2017-08-21 09:10:00 EDT,42.87966,-76.81255,478,70.3,70.0,70.3,76.1,62.4,0.000,0.000,0.00,0.000,6.2,9.1,1.3,180,12,6.7,9.8,1.4,182,12,6.2,9.1,1.3,180,12,147,29.63,,0,0,0,68.2,67.8,66.4,0.29,0.49,0.45
WATE,2017-08-21 09:15:00 EDT,42.87966,-76.81255,478,70.4,70.1,70.4,76.5,62.7,0.000,0.000,0.00,0.000,4.7,7.6,1.5,188,15,5.4,9.4,1.5,191,13,4.7,7.6,1.5,188,15,146,29.63,,0,0,0,68.2,67.8,66.4,0.29,0.49,0.45
WATE,2017-08-21 09:20:00 EDT,42.87966,-76.81255,478,70.3,69.9,70.3,76.4,62.5,0.000,0.000,0.00,0.000,5.9,9.1,1.5,187,12,6.5,10.1,1.6,189,11,5.9,9.1,1.5,187,12,154,29.63,,0,0,0,68.2,67.8,66.5,0.29,0.49,0.45
WATE,2017-08-21 09:25:00 EDT,42.87966,-76.81255,478,70.3,69.9,70.3,76.6,62.6,0.000,0.000,0.00,0.000,5.7,8.6,1.2,186,9,6.2,9.1,1.3,188,8,5.7,8.6,1.2,186,9,172,29.63,,0,0,0,68.2,67.8,66.5,0.29,0.49,0.45
WATE,2017-08-21 09:30:00 EDT,42.87966,-76.81255,478,70.5,70.0,70.5,76.8,62.9,0.000,0.000,0.00,0.000,4.9,7.5,0.9,182,11,5.4,7.8,1.0,186,10,4.9,7.5,0.9,182,11,188,29.63,,0,0,0,68.2,67.8,66.4,0.29,0.49,0.45
WATE,2017-08-21 09:35:00 EDT,42.87966,-76.81255,478,70.9,70.3,70.9,76.5,63.1,0.000,0.000,0.00,0.000,5.7,7.9,0.9,187,12,6.3,9.0,1.2,189,11,5.7,7.9,0.9,187,12,196,29.63,,0,0,0,68.2,67.8,66.5,0.29,0.49,0.45
WATE,2017-08-21 09:40:00 EDT,42.87966,-76.81255,478,71.2,70.5,71.2,76.5,63.4,0.000,0.000,0.00,0.000,5.1,8.5,1.4,178,15,5.6,9.9,1.6,179,16,5.1,8.5,1.4,178,15,235,29.63,,0,0,0,68.2,67.8,66.5,0.29,0.49,0.45
WATE,2017-08-21 09:45:00 EDT,42.87966,-76.81255,478,71.6,70.9,71.6,75.7,63.6,0.000,0.000,0.00,0.000,7.0,10.4,1.3,179,15,7.4,11.8,1.5,181,15,7.0,10.4,1.3,179,15,279,29.63,,0,0,0,68.3,67.8,66.5,0.29,0.49,0.45
WATE,2017-08-21 09:50:00 EDT,42.87966,-76.81255,478,72.2,71.1,72.2,74.7,63.7,0.000,0.000,0.00,0.000,6.8,9.2,1.4,182,10,7.4,11.8,1.6,183,10,6.8,9.2,1.4,182,10,356,29.63,,0,0,0,68.4,67.8,66.5,0.29,0.49,0.45
WATE,2017-08-21 09:55:00 EDT,42.87966,-76.81255,478,72.9,71.5,72.9,73.3,63.8,0.000,0.000,0.00,0.000,6.8,9.9,1.1,189,14,7.5,10.4,1.2,191,14,6.8,9.9,1.1,189,14,551,29.63,,0,0,0,68.5,67.8,66.4,0.29,0.49,0.45
WATE,2017-08-21 10:00:00 EDT,42.87966,-76.81255,478,73.2,72.3,73.2,72.7,63.9,0.000,0.000,0.00,0.000,5.1,9.1,1.5,184,18,5.6,9.4,1.5,187,17,5.1,9.1,1.5,184,18,359,29.62,,0,0,0,68.5,67.8,66.6,0.29,0.49,0.45
WATE,2017-08-21 10:05:00 EDT,42.87966,-76.81255,478,73.3,72.4,73.3,71.9,63.7,0.000,0.000,0.00,0.000,7.0,10.4,1.4,175,14,7.7,12.1,1.6,178,13,7.0,10.4,1.4,175,14,260,29.62,,0,0,0,68.5,67.8,66.4,0.29,0.49,0.45
WATE,2017-08-21 10:10:00 EDT,42.87966,-76.81255,478,72.9,72.0,72.9,72.0,63.3,0.000,0.000,0.00,0.000,6.6,9.9,1.7,178,11,7.1,11.2,1.7,180,11,6.6,9.9,1.7,178,11,218,29.62,,0,0,0,68.5,67.8,66.6,0.29,0.49,0.45
WATE,2017-08-21 10:15:00 EDT,42.87966,-76.81255,478,72.8,72.1,72.8,72.4,63.4,0.000,0.000,0.00,0.000,5.6,10.2,1.6,173,10,6.1,10.9,1.7,176,7,5.6,10.2,1.6,173,10,264,29.62,,0,0,0,68.5,67.8,66.4,0.29,0.49,0.45
WATE,2017-08-21 10:20:00 EDT,42.87966,-76.81255,478,73.1,72.3,73.1,72.3,63.6,0.000,0.000,0.00,0.000,5.6,7.7,0.9,182,14,6.2,8.9,1.1,184,13,5.6,7.7,0.9,182,14,296,29.62,,0,0,0,68.5,67.8,66.5,0.29,0.49,0.45
WATE,2017-08-21 10:25:00 EDT,42.87966,-76.81255,478,73.2,72.3,73.2,72.9,64.0,0.000,0.000,0.00,0.000,5.8,9.9,1.7,180,11,6.5,10.7,1.9,182,11,5.8,9.9,1.7,180,11,334,29.62,,0,0,0,68.5,67.8,66.4,0.29,0.49,0.45
WATE,2017-08-21 10:30:00 EDT,42.87966,-76.81255,478,74.1,73.1,74.1,72.5,64.7,0.000,0.000,0.00,0.000,5.2,7.6,1.3,182,15,6.0,8.5,1.3,186,13,5.2,7.6,1.3,182,15,441,29.62,,0,0,0,68.5,67.8,66.4,0.29,0.49,0.45
WATE,2017-08-21 10:35:00 EDT,42.87966,-76.81255,478,74.0,72.9,74.0,71.2,64.1,0.000,0.000,0.00,0.000,6.8,9.6,1.6,175,10,7.3,10.6,1.7,177,11,6.8,9.6,1.6,175,10,253,29.62,,0,0,0,68.5,67.8,66.5,0.29,0.49,0.45
WATE,2017-08-21 10:40:00 EDT,42.87966,-76.81255,478,73.9,73.0,73.9,71.7,64.2,0.000,0.000,0.00,0.000,6.0,8.4,0.9,193,14,6.6,9.0,1.0,194,13,6.0,8.4,0.9,193,14,403,29.62,,0,0,0,68.6,67.8,66.4,0.29,0.49,0.45
WATE,2017-08-21 10:45:00 EDT,42.87966,-76.81255,478,75.8,74.1,75.8,69.5,65.1,0.000,0.000,0.00,0.000,6.8,9.2,1.6,192,11,7.4,10.3,1.7,194,11,6.8,9.2,1.6,192,11,669,29.62,,0,0,0,68.6,67.8,66.5,0.29,0.49,0.45
WATE,2017-08-21 10:50:00 EDT,42.87966,-76.81255,478,76.3,74.9,76.3,66.9,64.6,0.000,0.000,0.00,0.000,8.2,13.3,2.0,195,12,8.7,13.6,2.1,197,12,8.2,13.3,2.0,195,12,592,29.61,,0,0,0,68.8,67.8,66.4,0.29,0.49,0.45
WATE,2017-08-21 10:55:00 EDT,42.87966,-76.81255,478,77.5,75.5,77.5,64.3,64.5,0.000,0.000,0.00,0.000,9.8,15.1,2.2,200,11,10.5,15.9,2.2,202,11,9.8,15.1,2.2,200,11,640,29.61,,0,0,0,68.9,67.8,66.4,0.29,0.49,0.45
WATE,2017-08-21 11:00:00 EDT,42.87966,-76.81255,478,78.3,76.2,78.3,63.8,65.0,0.000,0.000,0.00,0.000,9.4,13.2,1.7,208,12,10.1,14.4,1.8,210,11,9.4,13.2,1.7,208,12,493,29.62,,0,0,0,68.9,67.8,66.5,0.29,0.49,0.45
WATE,2017-08-21 11:05:00 EDT,42.87966,-76.81255,478,77.4,76.0,77.4,64.7,64.6,0.000,0.000,0.00,0.000,9.3,12.6,1.8,213,17,9.9,13.6,1.8,213,16,9.3,12.6,1.8,213,17,570,29.62,,0,0,0,68.9,67.8,66.4,0.29,0.49,0.45
WATE,2017-08-21 11:10:00 EDT,42.87966,-76.81255,478,78.6,76.6,78.6,61.2,64.1,0.000,0.000,0.00,0.000,9.7,15.6,2.1,196,15,10.6,16.3,2.2,197,14,9.7,15.6,2.1,196,15,690,29.61,,0,0,0,68.9,67.8,66.5,0.29,0.49,0.45
WATE,2017-08-21 11:15:00 EDT,42.87966,-76.81255,478,78.4,76.5,78.4,60.6,63.7,0.000,0.000,0.00,0.000,10.5,13.7,1.4,186,12,11.2,14.9,1.6,188,10,10.5,13.7,1.4,186,12,681,29.61,,0,0,0,68.9,67.8,66.4,0.29,0.49,0.45
WATE,2017-08-21 11:20:00 EDT,42.87966,-76.81255,478,78.7,76.5,78.7,59.1,63.2,0.000,0.000,0.00,0.000,9.8,13.2,1.4,192,11,10.4,14.7,1.4,194,10,9.8,13.2,1.4,192,11,711,29.61,,0,0,0,68.9,67.8,66.4,0.29,0.49,0.45
WATE,2017-08-21 11:25:00 EDT,42.87966,-76.81255,478,78.5,76.8,78.5,59.3,63.1,0.000,0.000,0.00,0.000,7.7,11.2,1.5,187,10,8.3,11.9,1.7,189,10,7.7,11.2,1.5,187,10,590,29.60,,0,0,0,68.9,67.8,66.4,0.29,0.49,0.45
WATE,2017-08-21 11:30:00 EDT,42.87966,-76.81255,478,79.1,77.6,79.1,58.9,63.6,0.000,0.000,0.00,0.000,6.3,9.6,1.4,195,14,7.0,10.9,1.6,198,14,6.3,9.6,1.4,195,14,664,29.60,,0,0,0,69.0,67.8,66.4,0.29,0.49,0.45
WATE,2017-08-21 11:35:00 EDT,42.87966,-76.81255,478,79.8,78.0,79.8,59.3,64.3,0.000,0.000,0.00,0.000,5.4,8.8,1.7,164,25,6.0,10.5,1.7,168,26,5.4,8.8,1.7,164,25,712,29.60,,0,0,0,69.2,67.8,66.5,0.29,0.49,0.45
WATE,2017-08-21 11:40:00 EDT,42.87966,-76.81255,478,80.3,78.8,82.0,57.6,64.0,0.000,0.000,0.00,0.000,4.8,9.6,1.9,174,20,5.7,10.7,2.0,176,18,4.8,9.6,1.9,174,20,737,29.60,,0,0,0,69.3,67.8,66.4,0.29,0.49,0.45
WATE,2017-08-21 11:45:00 EDT,42.87966,-76.81255,478,80.7,79.1,82.3,57.5,64.3,0.000,0.000,0.00,0.000,5.5,9.0,1.5,186,27,6.2,11.5,1.6,187,27,5.5,9.0,1.5,186,27,736,29.60,,0,0,0,69.3,67.8,66.5,0.29,0.49,0.45
WATE,2017-08-21 11:50:00 EDT,42.87966,-76.81255,478,80.7,79.1,82.4,57.8,64.5,0.000,0.000,0.00,0.000,6.7,12.1,1.9,212,21,7.4,12.5,1.9,214,21,6.7,12.1,1.9,212,21,734,29.60,,0,0,0,69.3,67.8,66.4,0.29,0.49,0.45
WATE,2017-08-21 11:55:00 EDT,42.87966,-76.81255,478,81.6,79.4,83.5,57.6,65.2,0.000,0.000,0.00,0.000,7.8,12.3,1.9,209,15,8.4,14.3,1.9,210,13,7.8,12.3,1.9,209,15,734,29.60,,0,0,0,69.3,67.8,66.5,0.29,0.49,0.45
WATE,2017-08-21 12:00:00 EDT,42.87966,-76.81255,478,81.5,79.5,83.3,57.2,64.9,0.000,0.000,0.00,0.000,7.5,9.6,1.1,212,13,7.9,10.8,1.4,214,12,7.5,9.6,1.1,212,13,742,29.60,,0,0,0,69.3,67.8,66.6,0.29,0.49,0.45
WATE,2017-08-21 12:05:00 EDT,42.87966,-76.81255,478,81.4,79.8,83.5,59.2,65.8,0.000,0.000,0.00,0.000,6.2,11.5,1.8,210,24,6.9,12.0,1.9,213,23,6.2,11.5,1.8,210,24,737,29.60,,0,0,0,69.5,67.8,66.3,0.29,0.49,0.45
WATE,2017-08-21 12:10:00 EDT,42.87966,-76.81255,478,82.7,80.7,84.6,55.6,65.2,0.000,0.000,0.00,0.000,7.4,11.3,2.2,203,26,8.1,13.0,2.1,204,25,7.4,11.3,2.2,203,26,741,29.60,,0,0,0,69.6,67.8,66.4,0.29,0.49,0.45
WATE,2017-08-21 12:15:00 EDT,42.87966,-76.81255,478,81.4,80.0,83.2,57.0,64.7,0.000,0.000,0.00,0.000,6.5,9.7,1.6,223,15,6.8,10.4,1.7,225,16,6.5,9.7,1.6,223,15,742,29.60,,0,0,0,69.6,67.8,66.4,0.29,0.49,0.45
WATE,2017-08-21 12:20:00 EDT,42.87966,-76.81255,478,81.7,79.9,83.6,57.3,65.2,0.000,0.000,0.00,0.000,6.8,9.7,1.4,180,13,7.6,11.4,1.6,182,11,6.8,9.7,1.4,180,13,744,29.60,,0,0,0,69.6,67.8,66.4,0.29,0.49,0.45
WATE,2017-08-21 12:25:00 EDT,42.87966,-76.81255,478,82.1,80.3,84.0,56.6,65.2,0.000,0.000,0.00,0.000,7.3,12.0,2.4,184,16,7.9,12.9,2.5,187,17,7.3,12.0,2.4,184,16,749,29.60,,0,0,0,69.6,67.8,66.5,0.29,0.49,0.45
WATE,2017-08-21 12:30:00 EDT,42.87966,-76.81255,478,82.2,80.3,84.2,57.1,65.5,0.000,0.000,0.00,0.000,7.0,10.1,1.7,184,15,7.6,11.9,1.9,186,14,7.0,10.1,1.7,184,15,743,29.59,,0,0,0,69.7,67.8,66.4,0.29,0.49,0.45
WATE,2017-08-21 12:35:00 EDT,42.87966,-76.81255,478,82.2,80.5,84.4,58.4,66.1,0.000,0.000,0.00,0.000,7.3,11.5,1.9,199,18,7.9,12.2,1.9,201,17,7.3,11.5,1.9,199,18,744,29.59,,0,0,0,69.9,67.8,66.4,0.29,0.49,0.45
WATE,2017-08-21 12:40:00 EDT,42.87966,-76.81255,478,82.0,80.2,84.1,57.9,65.8,0.000,0.000,0.00,0.000,7.9,12.2,1.6,196,17,8.5,13.6,1.7,198,16,7.9,12.2,1.6,196,17,746,29.59,,0,0,0,70.0,67.8,66.4,0.29,0.49,0.45
WATE,2017-08-21 12:45:00 EDT,42.87966,-76.81255,478,82.7,80.7,85.2,58.3,66.6,0.000,0.000,0.00,0.000,7.6,11.3,1.5,179,21,8.3,11.9,1.7,182,19,7.6,11.3,1.5,179,21,751,29.59,,0,0,0,70.0,67.8,66.4,0.29,0.49,0.45
WATE,2017-08-21 12:50:00 EDT,42.87966,-76.81255,478,83.2,81.1,85.5,56.6,66.2,0.000,0.000,0.00,0.000,8.3,11.7,1.9,192,11,8.9,13.1,1.9,194,10,8.3,11.7,1.9,192,11,755,29.59,,0,0,0,70.0,67.8,66.4,0.29,0.49,0.45
WATE,2017-08-21 12:55:00 EDT,42.87966,-76.81255,478,82.9,80.6,85.1,56.9,66.1,0.000,0.000,0.00,0.000,8.8,11.5,1.1,184,13,9.4,12.6,1.3,186,12,8.8,11.5,1.1,184,13,757,29.59,,0,0,0,70.0,67.8,66.3,0.29,0.49,0.45
WATE,2017-08-21 13:00:00 EDT,42.87966,-76.81255,478,83.0,81.0,85.1,56.4,65.9,0.000,0.000,0.00,0.000,7.6,11.2,1.6,167,13,8.3,12.2,1.7,170,11,7.6,11.2,1.6,167,13,760,29.58,,0,0,0,70.2,67.8,66.4,0.29,0.48,0.45
WATE,2017-08-21 13:05:00 EDT,42.87966,-76.81255,478,83.4,81.6,85.9,56.8,66.5,0.000,0.000,0.00,0.000,6.8,9.7,1.3,165,16,7.6,11.2,1.3,167,15,6.8,9.7,1.3,165,16,767,29.58,,0,0,0,70.3,67.8,66.3,0.29,0.48,0.45
WATE,2017-08-21 13:10:00 EDT,42.87966,-76.81255,478,83.2,81.4,85.4,56.4,66.0,0.000,0.000,0.00,0.000,5.9,9.9,1.4,186,27,6.4,10.9,1.6,189,27,5.9,9.9,1.4,186,27,768,29.58,,0,0,0,70.3,67.8,66.4,0.29,0.49,0.45
WATE,2017-08-21 13:15:00 EDT,42.87966,-76.81255,478,83.9,81.8,86.1,55.1,66.0,0.000,0.000,0.00,0.000,7.8,11.5,1.5,188,12,8.4,12.4,1.6,189,11,7.8,11.5,1.5,188,12,779,29.58,,0,0,0,70.3,67.8,66.3,0.29,0.49,0.45
WATE,2017-08-21 13:20:00 EDT,42.87966,-76.81255,478,83.5,82.0,86.0,56.6,66.5,0.000,0.000,0.00,0.000,5.3,9.1,1.8,170,19,6.0,10.4,1.9,173,19,5.3,9.1,1.8,170,19,771,29.58,,0,0,0,70.3,67.8,66.3,0.29,0.49,0.45
WATE,2017-08-21 13:25:00 EDT,42.87966,-76.81255,478,84.2,82.2,86.5,54.6,66.1,0.000,0.000,0.00,0.000,7.2,10.7,1.6,189,22,8.1,11.5,1.6,191,20,7.2,10.7,1.6,189,22,761,29.58,,0,0,0,70.3,67.8,66.5,0.29,0.48,0.45
WATE,2017-08-21 13:30:00 EDT,42.87966,-76.81255,478,84.4,82.6,86.7,54.6,66.3,0.000,0.000,0.00,0.000,6.2,9.6,1.7,170,14,6.9,10.8,1.8,172,14,6.2,9.6,1.7,170,14,736,29.58,,0,0,0,70.5,67.8,66.5,0.29,0.49,0.45
WATE,2017-08-21 13:35:00 EDT,42.87966,-76.81255,478,84.2,82.2,86.3,54.3,65.9,0.000,0.000,0.00,0.000,6.6,9.2,1.4,200,12,7.1,10.5,1.5,202,12,6.6,9.2,1.4,200,12,711,29.58,,0,0,0,70.7,67.8,66.4,0.29,0.48,0.45
WATE,2017-08-21 13:40:00 EDT,42.87966,-76.81255,478,84.2,82.4,86.6,55.4,66.5,0.000,0.000,0.00,0.000,6.6,11.0,1.8,194,20,6.9,11.5,2.2,196,20,6.6,11.0,1.8,194,20,677,29.58,,0,0,0,70.7,67.8,66.5,0.29,0.48,0.45
WATE,2017-08-21 13:45:00 EDT,42.87966,-76.81255,478,84.3,82.2,86.4,54.0,65.8,0.000,0.000,0.00,0.000,7.1,10.2,1.4,189,12,7.9,11.2,1.5,191,12,7.1,10.2,1.4,189,12,646,29.58,,0,0,0,70.7,67.8,66.4,0.29,0.48,0.45
WATE,2017-08-21 13:50:00 EDT,42.87966,-76.81255,478,83.8,82.1,86.1,55.2,66.1,0.000,0.000,0.00,0.000,6.0,9.6,1.3,213,18,6.6,10.5,1.4,216,18,6.0,9.6,1.3,213,18,610,29.58,,0,0,0,70.7,67.8,66.4,0.29,0.48,0.45
WATE,2017-08-21 13:55:00 EDT,42.87966,-76.81255,478,83.6,82.3,86.0,56.4,66.4,0.000,0.000,0.00,0.000,6.8,10.0,1.3,206,14,7.3,10.9,1.5,208,13,6.8,10.0,1.3,206,14,570,29.57,,0,0,0,70.8,67.8,66.4,0.29,0.49,0.45
WATE,2017-08-21 14:00:00 EDT,42.87966,-76.81255,478,83.7,81.6,86.5,57.8,67.3,0.000,0.000,0.00,0.000,7.5,10.2,1.6,160,15,8.0,10.9,1.7,163,15,7.5,10.2,1.6,160,15,512,29.57,,0,0,0,70.9,67.8,66.5,0.29,0.48,0.45
WATE,2017-08-21 14:05:00 EDT,42.87966,-76.81255,478,83.3,81.8,86.1,58.6,67.3,0.000,0.000,0.00,0.000,6.6,9.4,1.1,150,14,7.0,10.7,1.3,152,15,6.6,9.4,1.1,150,14,444,29.57,,0,0,0,71.1,67.8,66.4,0.29,0.49,0.45
WATE,2017-08-21 14:10:00 EDT,42.87966,-76.81255,478,83.2,81.8,85.8,58.4,67.1,0.000,0.000,0.00,0.000,5.7,8.3,1.4,159,11,6.3,8.9,1.4,161,11,5.7,8.3,1.4,159,11,387,29.57,,0,0,0,71.1,67.7,66.4,0.29,0.48,0.45
WATE,2017-08-21 14:15:00 EDT,42.87966,-76.81255,478,83.0,81.8,85.7,59.1,67.2,0.000,0.000,0.00,0.000,4.5,6.7,1.0,157,16,4.9,7.4,1.3,159,16,4.5,6.7,1.0,157,16,337,29.57,,0,0,0,71.1,67.8,66.3,0.29,0.49,0.45
WATE,2017-08-21 14:20:00 EDT,42.87966,-76.81255,478,82.5,81.5,85.3,60.6,67.5,0.000,0.000,0.00,0.000,4.6,6.6,1.0,151,14,4.9,7.5,1.0,153,15,4.6,6.6,1.0,151,14,295,29.57,,0,0,0,71.1,67.8,66.3,0.29,0.48,0.45
WATE,2017-08-21 14:25:00 EDT,42.87966,-76.81255,478,82.2,81.2,85.0,61.5,67.7,0.000,0.000,0.00,0.000,6.6,8.5,0.8,153,9,7.0,9.0,0.9,156,9,6.6,8.5,0.8,153,9,256,29.57,,0,0,0,71.1,67.7,66.3,0.29,0.49,0.45
WATE,2017-08-21 14:30:00 EDT,42.87966,-76.81255,478,82.0,81.1,84.9,62.3,67.9,0.000,0.000,0.00,0.000,5.6,7.2,1.0,160,10,6.2,8.3,1.1,163,10,5.6,7.2,1.0,160,10,224,29.56,,0,0,0,71.1,67.8,66.5,0.29,0.49,0.45
WATE,2017-08-21 14:35:00 EDT,42.87966,-76.81255,478,81.6,80.8,84.5,63.0,67.8,0.000,0.000,0.00,0.000,6.0,7.9,0.8,157,9,6.5,8.9,0.9,160,9,6.0,7.9,0.8,157,9,204,29.56,,0,0,0,71.1,67.7,66.4,0.29,0.48,0.45
WATE,2017-08-21 14:40:00 EDT,42.87966,-76.81255,478,81.3,80.5,84.0,63.2,67.6,0.000,0.000,0.00,0.000,5.9,7.3,0.8,158,11,6.4,8.4,0.9,161,11,5.9,7.3,0.8,158,11,197,29.56,,0,0,0,71.1,67.7,66.4,0.29,0.49,0.45
WATE,2017-08-21 14:45:00 EDT,42.87966,-76.81255,478,81.2,80.5,83.9,63.4,67.6,0.000,0.000,0.00,0.000,5.9,7.0,0.5,150,9,6.2,7.7,0.7,151,10,5.9,7.0,0.5,150,9,213,29.56,,0,0,0,71.3,67.7,66.4,0.29,0.48,0.45
WATE,2017-08-21 14:50:00 EDT,42.87966,-76.81255,478,81.1,80.3,83.7,63.2,67.4,0.000,0.000,0.00,0.000,5.3,7.2,0.9,155,12,5.7,7.8,1.0,156,13,5.3,7.2,0.9,155,12,238,29.56,,0,0,0,71.4,67.6,66.4,0.29,0.48,0.45
WATE,2017-08-21 14:55:00 EDT,42.87966,-76.81255,478,81.2,80.2,83.9,63.9,67.8,0.000,0.000,0.00,0.000,5.0,7.1,1.0,164,9,5.6,7.8,1.1,167,8,5.0,7.1,1.0,164,9,256,29.56,,0,0,0,71.4,67.7,66.5,0.29,0.48,0.45
WATE,2017-08-21 15:00:00 EDT,42.87966,-76.81255,478,81.3,80.5,84.0,63.0,67.5,0.000,0.000,0.00,0.000,5.3,6.9,1.0,161,10,5.9,7.6,1.1,163,10,5.3,6.9,1.0,161,10,289,29.56,,0,0,0,71.4,67.7,66.4,0.29,0.49,0.45
WATE,2017-08-21 15:05:00 EDT,42.87966,-76.81255,478,81.9,80.8,84.7,62.1,67.7,0.000,0.000,0.00,0.000,5.0,7.2,0.9,164,11,5.5,8.2,1.0,167,11,5.0,7.2,0.9,164,11,295,29.56,,0,0,0,71.4,67.7,66.4,0.29,0.48,0.45
WATE,2017-08-21 15:10:00 EDT,42.87966,-76.81255,478,81.6,80.7,84.2,61.7,67.2,0.000,0.000,0.00,0.000,6.4,8.3,0.9,169,9,7.0,9.2,0.9,171,8,6.4,8.3,0.9,169,9,210,29.56,,0,0,0,71.4,67.7,66.5,0.29,0.48,0.45
WATE,2017-08-21 15:15:00 EDT,42.87966,-76.81255,478,81.6,80.7,84.2,61.4,67.1,0.000,0.000,0.00,0.000,5.6,8.0,1.2,161,13,6.2,8.9,1.2,164,12,5.6,8.0,1.2,161,13,374,29.56,,0,0,0,71.4,67.7,66.4,0.29,0.48,0.45
WATE,2017-08-21 15:20:00 EDT,42.87966,-76.81255,478,82.9,81.6,85.9,60.7,67.9,0.000,0.000,0.00,0.000,5.3,8.5,1.0,154,14,5.8,9.1,1.1,157,13,5.3,8.5,1.0,154,14,467,29.56,,0,0,0,71.4,67.7,66.3,0.29,0.48,0.46
WATE,2017-08-21 15:25:00 EDT,42.87966,-76.81255,478,83.3,81.8,86.2,59.2,67.6,0.000,0.000,0.00,0.000,5.6,7.7,1.3,155,13,6.1,8.2,1.3,157,14,5.6,7.7,1.3,155,13,501,29.55,,0,0,0,71.4,67.7,66.3,0.29,0.48,0.45
WATE,2017-08-21 15:30:00 EDT,42.87966,-76.81255,478,83.5,81.9,86.4,58.9,67.6,0.000,0.000,0.00,0.000,5.7,7.2,0.8,149,11,6.0,8.7,0.8,150,13,5.7,7.2,0.8,149,11,510,29.55,,0,0,0,71.4,67.7,66.3,0.29,0.49,0.45
WATE,2017-08-21 15:35:00 EDT,42.87966,-76.81255,478,83.7,82.2,86.7,58.9,67.8,0.000,0.000,0.00,0.000,4.5,6.0,0.6,193,35,4.9,6.8,0.9,194,34,4.5,6.0,0.6,193,35,408,29.55,,0,0,0,71.4,67.7,66.3,0.29,0.48,0.45
WATE,2017-08-21 15:40:00 EDT,42.87966,-76.81255,478,83.6,82.3,86.2,57.5,67.0,0.000,0.000,0.00,0.000,4.5,10.0,1.5,219,19,4.6,9.8,1.6,221,19,4.5,10.0,1.5,219,19,554,29.55,,0,0,0,71.4,67.7,66.3,0.29,0.48,0.45
WATE,2017-08-21 15:45:00 EDT,42.87966,-76.81255,478,83.5,82.6,86.0,57.3,66.8,0.000,0.000,0.00,0.000,3.4,7.7,1.3,199,22,3.8,8.0,1.5,200,22,3.4,7.7,1.3,199,22,605,29.55,,0,0,0,71.4,67.7,66.3,0.29,0.49,0.45
WATE,2017-08-21 15:50:00 EDT,42.87966,-76.81255,478,84.2,83.2,87.4,58.1,67.9,0.000,0.000,0.00,0.000,4.1,6.9,1.5,128,15,4.5,8.4,1.6,130,13,4.1,6.9,1.5,128,15,593,29.55,,0,0,0,71.4,67.7,66.4,0.29,0.49,0.45
WATE,2017-08-21 15:55:00 EDT,42.87966,-76.81255,478,84.3,83.1,87.7,58.7,68.2,0.000,0.000,0.00,0.000,3.0,5.3,1.3,151,35,3.3,5.8,1.4,155,36,3.0,5.3,1.3,151,35,595,29.55,,0,0,0,71.4,67.7,66.4,0.29,0.49,0.45
WATE,2017-08-21 16:00:00 EDT,42.87966,-76.81255,478,85.1,84.2,87.9,55.0,67.1,0.000,0.000,0.00,0.000,3.2,5.6,1.3,206,29,3.7,6.5,1.3,211,30,3.2,5.6,1.3,206,29,589,29.54,,0,0,0,71.4,67.7,66.3,0.29,0.48,0.45
WATE,2017-08-21 16:05:00 EDT,42.87966,-76.81255,478,84.7,83.8,86.8,53.1,65.7,0.000,0.000,0.00,0.000,3.7,5.6,1.0,246,23,4.2,6.6,1.1,251,23,3.7,5.6,1.0,246,23,575,29.55,,0,0,0,71.4,67.8,66.3,0.29,0.49,0.45
WATE,2017-08-21 16:10:00 EDT,42.87966,-76.81255,478,84.4,83.7,86.4,53.3,65.5,0.000,0.000,0.00,0.000,1.5,5.3,1.5,258,18,2.1,5.5,1.5,265,31,1.5,5.3,1.5,258,18,563,29.55,,0,0,0,71.4,67.7,66.3,0.29,0.49,0.45
WATE,2017-08-21 16:15:00 EDT,42.87966,-76.81255,478,85.2,84.3,87.7,53.8,66.5,0.000,0.000,0.00,0.000,2.6,5.3,1.1,228,30,3.0,6.3,1.2,233,34,2.6,5.3,1.1,228,30,547,29.55,,0,0,0,71.4,67.8,66.4,0.29,0.48,0.45
WATE,2017-08-21 16:20:00 EDT,42.87966,-76.81255,478,85.4,84.7,87.6,52.5,66.0,0.000,0.000,0.00,0.000,3.6,6.4,1.5,208,23,4.0,7.4,1.7,211,23,3.6,6.4,1.5,208,23,540,29.55,,0,0,0,71.4,67.8,66.2,0.29,0.48,0.45
WATE,2017-08-21 16:25:00 EDT,42.87966,-76.81255,478,85.5,84.4,87.8,52.3,66.1,0.000,0.000,0.00,0.000,3.6,6.3,1.5,229,24,3.9,7.1,1.5,234,23,3.6,6.3,1.5,229,24,532,29.55,,0,0,0,71.5,67.8,66.4,0.29,0.48,0.45
WATE,2017-08-21 16:30:00 EDT,42.87966,-76.81255,478,85.6,84.6,87.7,51.6,65.7,0.000,0.000,0.00,0.000,4.6,7.6,1.4,212,25,5.1,8.6,1.6,215,26,4.6,7.6,1.4,212,25,520,29.55,,0,0,0,71.7,67.8,66.4,0.29,0.48,0.45
WATE,2017-08-21 16:35:00 EDT,42.87966,-76.81255,478,85.6,84.5,88.1,52.5,66.3,0.000,0.000,0.00,0.000,5.3,7.6,1.3,232,18,5.8,8.3,1.2,236,18,5.3,7.6,1.3,232,18,501,29.55,,0,0,0,71.8,67.8,66.6,0.29,0.48,0.45
WATE,2017-08-21 16:40:00 EDT,42.87966,-76.81255,478,85.3,84.4,87.2,51.3,65.3,0.000,0.000,0.00,0.000,2.8,5.7,1.4,259,17,3.3,6.3,1.5,264,19,2.8,5.7,1.4,259,17,494,29.54,,0,0,0,71.8,67.8,66.4,0.29,0.48,0.45
WATE,2017-08-21 16:45:00 EDT,42.87966,-76.81255,478,85.3,84.6,87.3,51.6,65.5,0.000,0.000,0.00,0.000,3.6,7.1,1.5,259,23,4.1,8.1,1.8,265,23,3.6,7.1,1.5,259,23,451,29.54,,0,0,0,71.8,67.7,66.4,0.29,0.49,0.45
WATE,2017-08-21 16:50:00 EDT,42.87966,-76.81255,478,85.2,84.5,87.3,52.5,65.8,0.000,0.000,0.00,0.000,2.5,4.7,1.4,255,22,2.9,5.2,1.3,261,27,2.5,4.7,1.4,255,22,404,29.54,,0,0,0,71.8,67.8,66.3,0.29,0.48,0.45
WATE,2017-08-21 16:55:00 EDT,42.87966,-76.81255,478,85.3,84.5,87.2,51.3,65.3,0.000,0.000,0.00,0.000,3.5,5.6,1.1,271,17,4.0,6.7,1.3,274,18,3.5,5.6,1.1,271,17,442,29.54,,0,0,0,71.8,67.8,66.4,0.29,0.48,0.45
WATE,2017-08-21 17:00:00 EDT,42.87966,-76.81255,478,85.6,84.6,87.9,52.3,66.1,0.000,0.000,0.00,0.000,4.4,6.4,1.2,251,22,4.9,7.6,1.2,256,21,4.4,6.4,1.2,251,22,451,29.54,,0,0,0,71.8,67.8,66.4,0.29,0.48,0.45
WATE,2017-08-21 17:05:00 EDT,42.87966,-76.81255,478,85.4,84.5,87.1,50.2,64.8,0.000,0.000,0.00,0.000,3.9,6.1,1.0,266,14,4.2,6.6,1.1,271,14,3.9,6.1,1.0,266,14,432,29.54,,0,0,0,71.8,67.8,66.4,0.29,0.48,0.45
WATE,2017-08-21 17:10:00 EDT,42.87966,-76.81255,478,85.3,84.3,87.1,50.8,65.0,0.000,0.000,0.00,0.000,4.1,5.9,1.0,267,14,4.5,6.7,1.2,272,14,4.1,5.9,1.0,267,14,413,29.54,,0,0,0,71.8,67.8,66.4,0.29,0.48,0.45
WATE,2017-08-21 17:15:00 EDT,42.87966,-76.81255,478,85.1,84.5,86.8,50.8,64.8,0.000,0.000,0.00,0.000,2.4,4.5,1.0,295,24,2.8,5.4,1.1,300,25,2.4,4.5,1.0,295,24,399,29.53,,0,0,0,71.8,67.8,66.3,0.29,0.49,0.45
WATE,2017-08-21 17:20:00 EDT,42.87966,-76.81255,478,85.2,84.8,87.2,51.5,65.4,0.000,0.000,0.00,0.000,2.8,4.4,0.8,270,19,3.3,5.3,0.9,276,18,2.8,4.4,0.8,270,19,385,29.54,,0,0,0,71.8,67.8,66.3,0.29,0.49,0.45
WATE,2017-08-21 17:25:00 EDT,42.87966,-76.81255,478,85.5,84.7,87.8,52.3,66.0,0.000,0.000,0.00,0.000,3.7,7.9,1.2,244,18,4.1,8.5,1.5,247,18,3.7,7.9,1.2,244,18,369,29.54,,0,0,0,71.8,67.8,66.3,0.29,0.49,0.45
WATE,2017-08-21 17:30:00 EDT,42.87966,-76.81255,478,85.2,84.3,87.3,52.2,65.7,0.000,0.000,0.00,0.000,4.9,7.9,1.2,248,13,5.2,8.1,1.2,251,12,4.9,7.9,1.2,248,13,352,29.53,,0,0,0,71.8,67.8,66.3,0.29,0.48,0.45
WATE,2017-08-21 17:35:00 EDT,42.87966,-76.81255,478,85.2,84.5,87.6,53.4,66.3,0.000,0.000,0.00,0.000,2.9,4.7,1.0,260,20,3.5,5.9,1.1,266,20,2.9,4.7,1.0,260,20,337,29.53,,0,0,0,71.8,67.8,66.4,0.29,0.48,0.45
WATE,2017-08-21 17:40:00 EDT,42.87966,-76.81255,478,85.2,84.9,87.7,53.3,66.4,0.000,0.000,0.00,0.000,2.2,4.0,1.1,249,20,3.0,5.3,1.0,255,21,2.2,4.0,1.1,249,20,322,29.53,,0,0,0,71.8,67.8,66.3,0.29,0.48,0.45
WATE,2017-08-21 17:45:00 EDT,42.87966,-76.81255,478,85.3,84.8,87.8,53.7,66.6,0.000,0.000,0.00,0.000,2.6,4.0,0.7,267,30,3.1,4.6,0.6,271,30,2.6,4.0,0.7,267,30,309,29.53,,0,0,0,71.8,67.8,66.3,0.29,0.48,0.45
WATE,2017-08-21 17:50:00 EDT,42.87966,-76.81255,478,84.7,84.1,87.4,55.1,66.9,0.000,0.000,0.00,0.000,3.6,4.7,0.6,311,11,3.7,5.6,0.8,314,8,3.6,4.7,0.6,311,11,293,29.53,,0,0,0,71.8,67.8,66.3,0.29,0.48,0.45
WATE,2017-08-21 17:55:00 EDT,42.87966,-76.81255,478,84.6,83.9,87.6,56.4,67.4,0.000,0.000,0.00,0.000,3.2,4.6,0.7,317,20,3.5,5.2,0.7,323,19,3.2,4.6,0.7,317,20,270,29.53,,0,0,0,71.8,67.8,66.4,0.29,0.49,0.45
WATE,2017-08-21 18:00:00 EDT,42.87966,-76.81255,478,84.7,84.2,87.8,57.1,67.8,0.000,0.000,0.00,0.000,2.7,3.8,0.6,318,16,3.0,4.2,0.6,324,14,2.7,3.8,0.6,318,16,256,29.53,,0,0,0,71.8,67.8,66.3,0.28,0.48,0.45
WATE,2017-08-21 18:05:00 EDT,42.87966,-76.81255,478,84.4,83.9,86.9,55.3,66.6,0.000,0.000,0.00,0.000,2.8,3.5,0.4,319,14,2.6,3.9,0.6,323,12,2.8,3.5,0.4,319,14,226,29.53,,0,0,0,71.8,67.8,66.4,0.29,0.48,0.45
WATE,2017-08-21 18:10:00 EDT,42.87966,-76.81255,478,84.3,83.9,86.9,56.1,66.9,0.000,0.000,0.00,0.000,2.9,4.7,0.9,313,12,3.1,5.0,0.8,317,11,2.9,4.7,0.9,313,12,196,29.53,,0,0,0,71.8,67.8,66.5,0.28,0.49,0.45
WATE,2017-08-21 18:15:00 EDT,42.87966,-76.81255,478,84.1,83.6,86.9,56.8,67.1,0.000,0.000,0.00,0.000,3.3,4.2,0.6,307,10,3.2,4.8,0.7,311,9,3.3,4.2,0.6,307,10,213,29.53,,0,0,0,71.8,67.8,66.3,0.28,0.49,0.45
WATE,2017-08-21 18:20:00 EDT,42.87966,-76.81255,478,84.1,83.6,86.8,56.3,66.9,0.000,0.000,0.00,0.000,3.5,4.4,0.6,307,7,3.3,4.7,0.7,313,5,3.5,4.4,0.6,307,7,205,29.53,,0,0,0,71.8,67.8,66.3,0.29,0.49,0.45
WATE,2017-08-21 18:25:00 EDT,42.87966,-76.81255,478,84.2,83.7,87.0,56.9,67.2,0.000,0.000,0.00,0.000,2.5,3.7,0.6,314,12,2.5,4.3,0.6,319,10,2.5,3.7,0.6,314,12,193,29.53,,0,0,0,71.8,67.8,66.4,0.28,0.48,0.45
WATE,2017-08-21 18:30:00 EDT,42.87966,-76.81255,478,84.0,83.5,86.8,56.9,67.1,0.000,0.000,0.00,0.000,2.8,3.8,0.6,311,10,2.7,4.3,0.7,315,8,2.8,3.8,0.6,311,10,177,29.53,,0,0,0,71.8,67.8,66.4,0.29,0.49,0.45
WATE,2017-08-21 18:35:00 EDT,42.87966,-76.81255,478,83.9,83.5,86.9,57.9,67.5,0.000,0.000,0.00,0.000,2.7,3.7,0.5,318,9,2.7,4.0,0.5,320,9,2.7,3.7,0.5,318,9,166,29.53,,0,0,0,71.8,67.8,66.3,0.29,0.48,0.45
WATE,2017-08-21 18:40:00 EDT,42.87966,-76.81255,478,83.7,83.4,87.1,60.4,68.5,0.000,0.000,0.00,0.000,2.1,3.3,0.4,325,12,2.4,3.5,0.5,329,13,2.1,3.3,0.4,325,12,156,29.53,,0,0,0,71.8,67.8,66.3,0.29,0.48,0.45
WATE,2017-08-21 18:45:00 EDT,42.87966,-76.81255,478,83.6,83.4,86.7,59.5,68.0,0.000,0.000,0.00,0.000,2.0,3.0,0.5,312,15,2.0,3.7,0.5,315,15,2.0,3.0,0.5,312,15,146,29.53,,0,0,0,71.8,67.8,66.4,0.29,0.48,0.45
WATE,2017-08-21 18:50:00 EDT,42.87966,-76.81255,478,83.6,83.4,86.5,58.1,67.3,0.000,0.000,0.00,0.000,2.4,3.4,0.5,306,12,2.3,3.8,0.6,312,12,2.4,3.4,0.5,306,12,131,29.53,,0,0,0,71.8,67.8,66.3,0.29,0.48,0.45
WATE,2017-08-21 18:55:00 EDT,42.87966,-76.81255,478,83.6,83.3,86.5,58.7,67.6,0.000,0.000,0.00,0.000,1.9,2.8,0.4,295,16,2.0,2.9,0.3,300,13,1.9,2.8,0.4,295,16,125,29.53,,0,0,0,71.8,67.8,66.3,0.28,0.48,0.45
WATE,2017-08-21 19:00:00 EDT,42.87966,-76.81255,478,83.4,83.2,86.1,58.0,67.1,0.000,0.000,0.00,0.000,1.6,2.2,0.3,289,9,1.8,2.6,0.4,296,10,1.6,2.2,0.3,289,9,113,29.53,,0,0,0,71.8,67.8,66.3,0.28,0.48,0.45
WATE,2017-08-21 19:05:00 EDT,42.87966,-76.81255,478,83.3,83.1,86.1,58.6,67.3,0.000,0.000,0.00,0.000,1.1,1.6,0.2,278,15,1.4,2.1,0.3,282,15,1.1,1.6,0.2,278,15,101,29.53,,0,0,0,71.8,67.8,66.2,0.28,0.48,0.45
WATE,2017-08-21 19:10:00 EDT,42.87966,-76.81255,478,83.2,83.0,86.1,59.4,67.6,0.000,0.000,0.00,0.000,1.2,1.8,0.3,275,7,1.5,2.4,0.3,281,9,1.2,1.8,0.3,275,7,88,29.53,,0,0,0,71.8,67.8,66.3,0.29,0.49,0.45
WATE,2017-08-21 19:15:00 EDT,42.87966,-76.81255,478,82.8,82.7,85.8,60.4,67.7,0.000,0.000,0.00,0.000,0.3,0.9,0.3,257,10,0.6,1.3,0.5,264,17,0.3,0.9,0.3,257,10,73,29.53,,0,0,0,71.8,67.8,66.4,0.28,0.48,0.45
WATE,2017-08-21 19:20:00 EDT,42.87966,-76.81255,478,81.5,81.9,84.3,63.8,68.0,0.000,0.000,0.00,0.000,1.3,1.6,0.2,239,3,1.4,1.9,0.2,239,4,1.3,1.6,0.2,239,3,54,29.53,,0,0,0,71.8,67.8,66.3,0.29,0.48,0.45
WATE,2017-08-21 19:25:00 EDT,42.87966,-76.81255,478,80.3,81.5,83.1,67.3,68.5,0.000,0.000,0.00,0.000,1.1,1.4,0.2,247,3,1.4,1.7,0.2,253,6,1.1,1.4,0.2,247,3,39,29.53,,0,0,0,71.8,67.8,66.3,0.29,0.49,0.45
WATE,2017-08-21 19:30:00 EDT,42.87966,-76.81255,478,79.8,80.7,79.8,69.1,68.7,0.000,0.000,0.00,0.000,0.8,1.1,0.2,239,4,0.9,1.4,0.3,243,9,0.8,1.1,0.2,239,4,29,29.53,,0,0,0,71.8,67.8,66.4,0.29,0.49,0.45
WATE,2017-08-21 19:35:00 EDT,42.87966,-76.81255,478,79.4,80.0,79.4,72.2,69.6,0.000,0.000,0.00,0.000,0.0,0.0,0.0,0,0,0.0,0.0,0.0,0,0,0.0,0.0,0.0,0,0,26,29.53,,0,0,0,71.8,67.8,66.3,0.28,0.49,0.45
WATE,2017-08-21 19:40:00 EDT,42.87966,-76.81255,478,79.0,79.9,79.0,74.1,70.1,0.000,0.000,0.00,0.000,0.1,0.7,0.2,222,2,0.3,1.1,0.4,216,10,0.1,0.7,0.2,222,2,21,29.53,,0,0,0,71.8,67.8,66.4,0.29,0.49,0.45
WATE,2017-08-21 19:45:00 EDT,42.87966,-76.81255,478,78.1,79.0,78.1,76.3,70.0,0.000,0.000,0.00,0.000,1.4,2.0,0.3,196,7,1.7,2.5,0.4,198,8,1.4,2.0,0.3,196,7,11,29.53,,0,0,0,71.8,67.8,66.3,0.29,0.49,0.45
WATE,2017-08-21 19:50:00 EDT,42.87966,-76.81255,478,77.2,79.0,77.2,77.7,69.7,0.000,0.000,0.00,0.000,2.2,2.6,0.2,200,4,2.3,2.8,0.3,205,5,2.2,2.6,0.2,200,4,7,29.53,,0,0,0,71.8,67.8,66.5,0.29,0.48,0.45
WATE,2017-08-21 19:55:00 EDT,42.87966,-76.81255,478,76.6,78.9,76.6,80.1,69.9,0.000,0.000,0.00,0.000,1.8,3.0,0.5,191,6,2.1,3.4,0.6,194,7,1.8,3.0,0.5,191,6,5,29.52,,0,0,0,71.8,67.8,66.3,0.28,0.48,0.45
WATE,2017-08-21 20:00:00 EDT,42.87966,-76.81255,478,76.4,78.2,76.4,79.9,69.7,0.000,0.000,0.00,0.000,3.6,3.9,0.2,180,1,4.0,4.4,0.2,182,2,3.6,3.9,0.2,180,1,3,29.52,,0,0,0,71.8,67.8,66.3,0.29,0.49,0.45
WATE,2017-08-21 20:05:00 EDT,42.87966,-76.81255,478,75.3,76.6,75.3,82.6,69.6,0.000,0.000,0.00,0.000,3.0,3.7,0.6,173,8,3.4,4.1,0.7,175,10,3.0,3.7,0.6,173,8,2,29.52,,0,0,0,71.8,67.8,66.3,0.29,0.49,0.45
WATE,2017-08-21 20:10:00 EDT,42.87966,-76.81255,478,74.9,76.0,74.9,84.2,69.8,0.000,0.000,0.00,0.000,3.0,3.9,0.6,185,6,3.4,4.4,0.7,189,6,3.0,3.9,0.6,185,6,1,29.52,,0,0,0,71.8,67.8,66.4,0.28,0.49,0.45
WATE,2017-08-21 20:15:00 EDT,42.87966,-76.81255,478,74.5,75.9,74.5,85.5,69.8,0.000,0.000,0.00,0.000,5.3,8.5,1.2,177,9,5.7,9.5,1.3,179,9,5.3,8.5,1.2,177,9,1,29.53,,0,0,0,71.8,67.8,66.4,0.29,0.49,0.45
WATE,2017-08-21 20:20:00 EDT,42.87966,-76.81255,478,76.5,78.0,76.5,80.8,70.2,0.000,0.000,0.00,0.000,7.3,9.7,1.0,171,7,7.8,10.2,1.1,173,6,7.3,9.7,1.0,171,7,1,29.53,,0,0,0,71.8,67.8,66.3,0.29,0.49,0.45
WATE,2017-08-21 20:25:00 EDT,42.87966,-76.81255,478,76.7,77.7,76.7,76.5,68.8,0.000,0.000,0.00,0.000,7.0,10.3,1.2,177,8,7.5,11.0,1.4,179,8,7.0,10.3,1.2,177,8,1,29.53,,0,0,0,71.8,67.8,66.3,0.29,0.49,0.45
WATE,2017-08-21 20:30:00 EDT,42.87966,-76.81255,478,76.6,77.6,76.6,75.2,68.2,0.000,0.000,0.00,0.000,7.6,9.5,0.8,180,6,8.1,10.1,0.9,182,5,7.6,9.5,0.8,180,6,0,29.53,,0,0,0,71.8,67.8,66.3,0.29,0.49,0.45
WATE,2017-08-21 20:35:00 EDT,42.87966,-76.81255,478,76.3,77.2,76.3,75.2,67.9,0.000,0.000,0.00,0.000,7.2,8.8,0.8,177,5,7.7,9.4,0.8,179,5,7.2,8.8,0.8,177,5,0,29.53,,0,0,0,71.8,67.8,66.2,0.29,0.48,0.45
WATE,2017-08-21 20:40:00 EDT,42.87966,-76.81255,478,76.1,77.1,76.1,75.6,67.8,0.000,0.000,0.00,0.000,8.4,11.3,1.1,169,6,8.8,12.4,1.3,172,5,8.4,11.3,1.1,169,6,0,29.53,,0,0,0,71.8,67.8,66.3,0.29,0.48,0.45
WATE,2017-08-21 20:45:00 EDT,42.87966,-76.81255,478,76.1,76.9,76.1,75.2,67.7,0.000,0.000,0.00,0.000,7.4,9.6,0.9,171,8,8.0,10.5,1.1,174,5,7.4,9.6,0.9,171,8,0,29.53,,0,0,0,71.8,67.8,66.2,0.29,0.48,0.45
WATE,2017-08-21 20:50:00 EDT,42.87966,-76.81255,478,75.8,76.6,75.8,75.8,67.7,0.000,0.000,0.00,0.000,7.3,9.3,0.9,169,6,7.9,10.7,1.1,171,5,7.3,9.3,0.9,169,6,0,29.53,,0,0,0,71.8,67.8,66.4,0.29,0.49,0.45
WATE,2017-08-21 20:55:00 EDT,42.87966,-76.81255,478,75.3,76.2,75.3,76.9,67.6,0.000,0.000,0.00,0.000,6.5,8.5,0.9,172,7,7.0,9.3,0.9,174,6,6.5,8.5,0.9,172,7,0,29.53,,0,0,0,71.8,67.8,66.2,0.29,0.48,0.45
WATE,2017-08-21 21:00:00 EDT,42.87966,-76.81255,478,75.1,75.9,75.1,78.1,67.8,0.000,0.000,0.00,0.000,6.7,8.6,1.0,173,5,7.2,9.6,1.1,175,5,6.7,8.6,1.0,173,5,0,29.53,,0,0,0,71.8,67.8,66.3,0.29,0.49,0.45
WATE,2017-08-21 21:05:00 EDT,42.87966,-76.81255,478,74.9,75.8,74.9,78.6,67.9,0.000,0.000,0.00,0.000,6.7,8.5,1.0,175,6,7.0,9.6,1.1,178,5,6.7,8.5,1.0,175,6,0,29.53,,0,0,0,71.8,67.8,66.4,0.29,0.48,0.45
WATE,2017-08-21 21:10:00 EDT,42.87966,-76.81255,478,74.9,75.6,74.9,79.1,67.9,0.000,0.000,0.00,0.000,6.8,8.9,1.0,168,7,7.4,10.3,1.1,171,6,6.8,8.9,1.0,168,7,0,29.53,,0,0,0,71.7,67.8,66.2,0.29,0.49,0.45
WATE,2017-08-21 21:15:00 EDT,42.87966,-76.81255,478,74.8,75.5,74.8,79.8,68.1,0.000,0.000,0.00,0.000,7.9,11.3,1.2,161,8,8.6,12.8,1.3,164,6,7.9,11.3,1.2,161,8,0,29.52,,0,0,0,71.7,67.8,66.3,0.29,0.48,0.45
WATE,2017-08-21 21:20:00 EDT,42.87966,-76.81255,478,74.5,75.1,74.5,80.5,68.1,0.000,0.000,0.00,0.000,7.4,9.6,1.2,164,10,8.2,11.4,1.3,167,9,7.4,9.6,1.2,164,10,0,29.53,,0,0,0,71.6,67.8,66.3,0.29,0.49,0.45
WATE,2017-08-21 21:25:00 EDT,42.87966,-76.81255,478,74.2,74.8,74.2,81.3,68.1,0.000,0.000,0.00,0.000,6.4,8.1,0.9,162,9,7.0,9.5,1.1,165,8,6.4,8.1,0.9,162,9,0,29.53,,0,0,0,71.5,67.8,66.2,0.29,0.49,0.45
WATE,2017-08-21 21:30:00 EDT,42.87966,-76.81255,478,74.0,74.6,74.0,82.1,68.2,0.000,0.000,0.00,0.000,7.0,9.9,1.2,164,9,7.6,11.5,1.3,167,8,7.0,9.9,1.2,164,9,0,29.53,,0,0,0,71.4,67.8,66.4,0.29,0.49,0.45
WATE,2017-08-21 21:35:00 EDT,42.87966,-76.81255,478,73.8,74.4,73.8,82.8,68.3,0.000,0.000,0.00,0.000,6.9,10.2,1.1,169,8,7.5,11.2,1.2,171,7,6.9,10.2,1.1,169,8,0,29.53,,0,0,0,71.4,67.8,66.3,0.29,0.48,0.45
WATE,2017-08-21 21:40:00 EDT,42.87966,-76.81255,478,73.6,74.1,73.6,83.5,68.3,0.000,0.000,0.00,0.000,7.5,9.7,1.0,167,8,8.2,11.5,1.1,170,6,7.5,9.7,1.0,167,8,0,29.53,,0,0,0,71.4,67.8,66.3,0.29,0.48,0.45
WATE,2017-08-21 21:45:00 EDT,42.87966,-76.81255,478,73.5,73.9,73.5,84.0,68.3,0.000,0.000,0.00,0.000,7.1,10.1,1.3,169,8,7.8,12.6,1.4,171,7,7.1,10.1,1.3,169,8,0,29.53,,0,0,0,71.4,67.8,66.4,0.29,0.49,0.45
WATE,2017-08-21 21:50:00 EDT,42.87966,-76.81255,478,73.5,73.9,73.5,83.9,68.3,0.000,0.000,0.00,0.000,7.7,10.7,1.2,169,9,8.2,11.3,1.3,172,8,7.7,10.7,1.2,169,9,0,29.53,,0,0,0,71.4,67.8,66.3,0.29,0.48,0.45
WATE,2017-08-21 21:55:00 EDT,42.87966,-76.81255,478,73.3,73.7,73.3,84.0,68.2,0.000,0.000,0.00,0.000,7.7,10.7,1.3,171,7,8.2,11.4,1.4,173,6,7.7,10.7,1.3,171,7,0,29.53,,0,0,0,71.4,67.8,66.3,0.29,0.48,0.45
WATE,2017-08-21 22:00:00 EDT,42.87966,-76.81255,478,73.2,73.7,73.2,84.1,68.1,0.000,0.000,0.00,0.000,7.9,11.9,1.2,171,9,8.4,13.0,1.5,173,8,7.9,11.9,1.2,171,9,0,29.53,,0,0,0,71.4,67.8,66.2,0.29,0.48,0.45
WATE,2017-08-21 22:05:00 EDT,42.87966,-76.81255,478,73.2,73.7,73.2,83.7,68.0,0.000,0.000,0.00,0.000,7.9,12.0,1.4,176,8,8.4,12.6,1.6,178,5,7.9,12.0,1.4,176,8,0,29.53,,0,0,0,71.4,67.8,66.4,0.29,0.48,0.45
WATE,2017-08-21 22:10:00 EDT,42.87966,-76.81255,478,73.2,73.7,73.2,83.5,67.9,0.000,0.000,0.00,0.000,8.6,12.5,1.6,176,9,9.2,13.4,1.7,177,7,8.6,12.5,1.6,176,9,0,29.53,,0,0,0,71.4,67.8,66.4,0.29,0.49,0.45
WATE,2017-08-21 22:15:00 EDT,42.87966,-76.81255,478,73.2,73.6,73.2,83.4,67.8,0.000,0.000,0.00,0.000,8.8,12.1,1.4,177,8,9.5,13.1,1.6,180,6,8.8,12.1,1.4,177,8,0,29.53,,0,0,0,71.4,67.8,66.3,0.29,0.49,0.45
WATE,2017-08-21 22:20:00 EDT,42.87966,-76.81255,478,73.3,73.7,73.3,82.6,67.7,0.000,0.000,0.00,0.000,10.2,13.4,1.7,179,8,10.9,15.5,1.9,181,7,10.2,13.4,1.7,179,8,0,29.53,,0,0,0,71.4,67.8,66.4,0.29,0.48,0.45
WATE,2017-08-21 22:25:00 EDT,42.87966,-76.81255,478,73.3,73.6,73.3,82.3,67.6,0.000,0.000,0.00,0.000,9.7,12.9,1.4,178,6,10.4,14.5,1.6,180,5,9.7,12.9,1.4,178,6,0,29.53,,0,0,0,71.4,67.8,66.3,0.29,0.49,0.45
WATE,2017-08-21 22:30:00 EDT,42.87966,-76.81255,478,73.0,73.4,73.0,82.7,67.5,0.000,0.000,0.00,0.000,8.1,11.3,1.4,177,7,8.7,12.4,1.5,178,6,8.1,11.3,1.4,177,7,0,29.53,,0,0,0,71.4,67.9,66.2,0.29,0.49,0.45
WATE,2017-08-21 22:35:00 EDT,42.87966,-76.81255,478,72.8,73.3,72.8,83.5,67.5,0.000,0.000,0.00,0.000,8.1,10.6,1.0,176,7,8.6,11.5,1.1,179,6,8.1,10.6,1.0,176,7,0,29.53,,0,0,0,71.4,67.9,66.3,0.29,0.48,0.45
WATE,2017-08-21 22:40:00 EDT,42.87966,-76.81255,478,72.6,73.1,72.6,84.0,67.5,0.000,0.000,0.00,0.000,6.6,8.8,0.9,180,8,7.1,10.0,1.1,182,6,6.6,8.8,0.9,180,8,0,29.53,,0,0,0,71.4,67.8,66.5,0.29,0.48,0.45
WATE,2017-08-21 22:45:00 EDT,42.87966,-76.81255,478,72.6,73.0,72.6,84.1,67.5,0.000,0.000,0.00,0.000,6.2,8.8,1.5,182,8,6.6,9.6,1.6,184,7,6.2,8.8,1.5,182,8,0,29.53,,0,0,0,71.4,67.9,66.3,0.29,0.48,0.45
WATE,2017-08-21 22:50:00 EDT,42.87966,-76.81255,478,72.4,72.8,72.4,84.6,67.5,0.000,0.000,0.00,0.000,5.2,9.3,1.4,177,11,5.6,10.2,1.6,180,9,5.2,9.3,1.4,177,11,0,29.53,,0,0,0,71.4,67.9,66.3,0.29,0.48,0.45
WATE,2017-08-21 22:55:00 EDT,42.87966,-76.81255,478,72.3,72.7,72.3,84.8,67.5,0.000,0.000,0.00,0.000,4.7,8.0,1.0,185,11,5.2,8.5,1.2,187,10,4.7,8.0,1.0,185,11,0,29.53,,0,0,0,71.4,67.9,66.4,0.29,0.48,0.45
WATE,2017-08-21 23:00:00 EDT,42.87966,-76.81255,478,72.0,72.4,72.0,85.3,67.3,0.000,0.000,0.00,0.000,3.9,5.7,0.8,188,10,4.4,7.0,0.9,191,9,3.9,5.7,0.8,188,10,0,29.53,,0,0,0,71.4,67.9,66.4,0.29,0.49,0.45
WATE,2017-08-21 23:05:00 EDT,42.87966,-76.81255,478,71.7,72.2,71.7,86.1,67.3,0.000,0.000,0.00,0.000,4.5,7.1,0.9,193,12,5.0,7.7,1.1,194,10,4.5,7.1,0.9,193,12,0,29.53,,0,0,0,71.4,68.0,66.3,0.29,0.49,0.45
WATE,2017-08-21 23:10:00 EDT,42.87966,-76.81255,478,71.6,72.1,71.6,86.6,67.4,0.000,0.000,0.00,0.000,5.2,8.3,1.1,184,11,5.7,8.5,1.1,186,8,5.2,8.3,1.1,184,11,0,29.53,,0,0,0,71.3,68.0,66.4,0.29,0.49,0.45
WATE,2017-08-21 23:15:00 EDT,42.87966,-76.81255,478,71.8,72.3,71.8,86.9,67.7,0.000,0.000,0.00,0.000,7.1,9.4,1.0,179,8,7.6,10.6,1.1,180,7,7.1,9.4,1.0,179,8,0,29.52,,0,0,0,71.2,68.0,66.3,0.29,0.49,0.45
WATE,2017-08-21 23:20:00 EDT,42.87966,-76.81255,478,71.8,72.3,71.8,87.0,67.7,0.000,0.000,0.00,0.000,7.8,10.6,1.1,177,7,8.4,10.6,1.3,179,5,7.8,10.6,1.1,177,7,0,29.52,,0,0,0,71.1,68.1,66.3,0.29,0.49,0.45
WATE,2017-08-21 23:25:00 EDT,42.87966,-76.81255,478,71.9,72.4,71.9,87.0,67.8,0.000,0.000,0.00,0.000,8.2,10.4,1.1,177,6,9.0,14.0,1.2,179,5,8.2,10.4,1.1,177,6,0,29.52,,0,0,0,71.1,68.1,66.4,0.29,0.49,0.45
WATE,2017-08-21 23:30:00 EDT,42.87966,-76.81255,478,72.0,72.4,72.0,87.0,67.9,0.000,0.000,0.00,0.000,8.4,11.1,1.1,180,5,9.0,12.4,1.3,181,4,8.4,11.1,1.1,180,5,0,29.52,,0,0,0,71.1,68.1,66.4,0.29,0.48,0.45
WATE,2017-08-21 23:35:00 EDT,42.87966,-76.81255,478,71.8,72.3,71.8,86.9,67.7,0.000,0.000,0.00,0.000,7.0,9.4,0.9,178,7,7.4,9.5,1.0,180,6,7.0,9.4,0.9,178,7,0,29.52,,0,0,0,71.1,68.2,66.3,0.29,0.48,0.45
WATE,2017-08-21 23:40:00 EDT,42.87966,-76.81255,478,71.7,72.2,71.7,87.4,67.8,0.000,0.000,0.00,0.000,7.5,9.7,0.8,175,6,7.9,11.1,1.0,177,6,7.5,9.7,0.8,175,6,0,29.52,,0,0,0,71.1,68.1,66.5,0.29,0.49,0.45
WATE,2017-08-21 23:45:00 EDT,42.87966,-76.81255,478,71.8,72.4,71.8,87.5,67.9,0.000,0.000,0.00,0.000,8.7,12.3,1.3,169,7,9.3,13.3,1.4,172,5,8.7,12.3,1.3,169,7,0,29.52,,0,0,0,71.1,68.1,66.3,0.29,0.48,0.45
WATE,2017-08-21 23:50:00 EDT,42.87966,-76.81255,478,71.7,72.1,71.7,87.4,67.8,0.000,0.000,0.00,0.000,7.4,9.7,1.0,171,9,8.0,10.4,1.1,174,7,7.4,9.7,1.0,171,9,0,29.52,,0,0,0,71.1,68.2,66.3,0.29,0.48,0.45
WATE,2017-08-21 23:55:00 EDT,42.87966,-76.81255,478,71.6,72.0,71.6,87.7,67.8,0.000,0.000,0.00,0.000,7.9,11.1,1.0,170,7,8.5,11.6,1.1,173,6,7.9,11.1,1.0,170,7,0,29.52,,0,0,0,71.1,68.2,66.4,0.29,0.48,0.45
WBOU,2017-08-21 00:00:00 EDT,41.74505,-74.58833,1421,61.5,62.3,61.5,95.0,60.1,0.000,0.000,0.00,0.000,1.4,2.0,0.3,333,8,1.7,2.8,0.3,333,10,1.4,2.0,0.3,333,8,0,28.69,,0,0,0,68.5,70.0,69.3,0.25,0.23,0.20
WBOU,2017-08-21 00:05:00 EDT,41.74505,-74.58833,1421,60.6,61.9,60.6,92.8,58.5,0.000,0.000,0.00,0.000,0.8,2.0,0.5,325,36,1.3,2.1,0.4,319,36,0.8,2.0,0.5,325,36,0,28.69,,0,0,0,68.5,70.0,69.3,0.25,0.23,0.20
WBOU,2017-08-21 00:10:00 EDT,41.74505,-74.58833,1421,60.7,61.6,60.7,93.5,58.8,0.000,0.000,0.00,0.000,1.9,3.1,0.5,324,12,2.1,3.7,0.6,324,12,1.9,3.1,0.5,324,12,0,28.69,,0,0,0,68.5,70.0,69.3,0.25,0.23,0.20
WBOU,2017-08-21 00:15:00 EDT,41.74505,-74.58833,1421,61.0,61.3,61.0,94.4,59.4,0.000,0.000,0.00,0.000,2.4,3.7,0.5,322,10,2.3,3.7,0.4,322,9,2.4,3.7,0.5,322,10,0,28.69,,0,0,0,68.5,70.0,69.3,0.25,0.23,0.20
WBOU,2017-08-21 00:20:00 EDT,41.74505,-74.58833,1421,60.6,61.1,60.6,94.1,58.9,0.000,0.000,0.00,0.000,1.3,2.3,0.5,325,14,1.5,2.9,0.4,324,16,1.3,2.3,0.5,325,14,0,28.70,,0,0,0,68.5,70.0,69.3,0.25,0.23,0.20
WBOU,2017-08-21 00:25:00 EDT,41.74505,-74.58833,1421,59.3,60.5,59.3,94.3,57.6,0.000,0.000,0.00,0.000,0.4,2.2,0.7,333,9,0.7,3.3,0.8,334,15,0.4,2.2,0.7,333,9,0,28.70,,0,0,0,68.2,70.0,69.3,0.25,0.23,0.20
WBOU,2017-08-21 00:30:00 EDT,41.74505,-74.58833,1421,59.7,61.1,59.7,96.0,58.6,0.000,0.000,0.00,0.000,1.8,3.4,0.6,349,15,2.2,4.8,0.8,349,15,1.8,3.4,0.6,349,15,0,28.70,,0,0,0,68.2,70.0,69.3,0.25,0.23,0.20
WBOU,2017-08-21 00:35:00 EDT,41.74505,-74.58833,1421,61.2,61.6,61.2,96.5,60.2,0.000,0.000,0.00,0.000,2.6,5.3,1.2,340,19,3.2,6.7,1.5,342,18,2.6,5.3,1.2,340,19,0,28.70,,0,0,0,68.2,70.0,69.3,0.25,0.23,0.20
WBOU,2017-08-21 00:40:00 EDT,41.74505,-74.58833,1421,61.3,61.3,61.3,94.7,59.8,0.000,0.000,0.00,0.000,2.6,4.4,0.7,334,17,3.0,5.4,1.0,335,17,2.6,4.4,0.7,334,17,0,28.70,,0,0,0,68.2,70.0,69.3,0.25,0.23,0.20
WBOU,2017-08-21 00:45:00 EDT,41.74505,-74.58833,1421,61.1,61.5,61.1,94.2,59.4,0.000,0.000,0.00,0.000,2.9,4.8,0.7,343,15,3.5,5.7,1.0,346,12,2.9,4.8,0.7,343,15,0,28.70,,0,0,0,68.2,69.9,69.3,0.25,0.23,0.20
WBOU,2017-08-21 00:50:00 EDT,41.74505,-74.58833,1421,61.5,61.8,61.5,93.1,59.5,0.000,0.000,0.00,0.000,2.9,4.1,0.7,338,16,3.3,5.2,0.9,339,14,2.9,4.1,0.7,338,16,0,28.70,,0,0,0,68.2,69.9,69.3,0.25,0.23,0.20
WBOU,2017-08-21 00:55:00 EDT,41.74505,-74.58833,1421,61.5,61.6,61.5,92.7,59.4,0.000,0.000,0.00,0.000,3.5,5.4,0.7,337,17,4.1,6.5,0.9,339,13,3.5,5.4,0.7,337,17,0,28.70,,0,0,0,68.1,69.8,69.3,0.25,0.23,0.20
WBOU,2017-08-21 01:00:00 EDT,41.74505,-74.58833,1421,61.1,61.0,61.1,93.3,59.1,0.000,0.000,0.00,0.000,3.1,5.1,0.8,322,13,3.2,5.4,1.0,324,12,3.1,5.1,0.8,322,13,0,28.70,,0,0,0,67.9,69.9,69.3,0.25,0.23,0.20
WBOU,2017-08-21 01:05:00 EDT,41.74505,-74.58833,1421,60.6,60.6,60.6,94.2,58.9,0.000,0.000,0.00,0.000,2.9,4.4,0.5,323,12,3.0,4.6,0.7,322,12,2.9,4.4,0.5,323,12,0,28.70,,0,0,0,67.8,69.8,69.3,0.25,0.23,0.20
WBOU,2017-08-21 01:10:00 EDT,41.74505,-74.58833,1421,60.5,60.7,60.5,95.1,59.1,0.000,0.000,0.00,0.000,3.0,4.6,0.7,325,15,3.1,5.5,0.8,328,13,3.0,4.6,0.7,325,15,0,28.70,,0,0,0,67.8,69.7,69.3,0.25,0.23,0.20
WBOU,2017-08-21 01:15:00 EDT,41.74505,-74.58833,1421,60.6,60.8,60.6,95.4,59.3,0.000,0.000,0.00,0.000,1.9,3.1,0.7,323,13,2.0,3.9,0.8,325,13,1.9,3.1,0.7,323,13,0,28.70,,0,0,0,67.8,69.6,69.3,0.25,0.23,0.20
WBOU,2017-08-21 01:20:00 EDT,41.74505,-74.58833,1421,59.2,60.1,59.2,94.1,57.5,0.000,0.000,0.00,0.000,0.4,1.2,0.5,209,4,0.7,1.5,0.5,228,29,0.4,1.2,0.5,209,4,0,28.70,,0,0,0,67.8,69.6,69.3,0.25,0.23,0.20
WBOU,2017-08-21 01:25:00 EDT,41.74505,-74.58833,1421,59.2,60.1,59.2,95.4,57.9,0.000,0.000,0.00,0.000,0.4,1.1,0.5,224,2,0.6,1.3,0.5,237,17,0.4,1.1,0.5,224,2,0,28.70,,0,0,0,67.8,69.6,69.3,0.25,0.23,0.20
WBOU,2017-08-21 01:30:00 EDT,41.74505,-74.58833,1421,59.2,60.3,59.2,95.9,58.0,0.000,0.000,0.00,0.000,0.4,0.6,0.2,338,0,0.9,1.3,0.2,322,11,0.4,0.6,0.2,338,0,0,28.69,,0,0,0,67.8,69.6,69.3,0.25,0.23,0.20
WBOU,2017-08-21 01:35:00 EDT,41.74505,-74.58833,1421,59.4,60.2,59.4,96.5,58.3,0.000,0.000,0.00,0.000,0.7,1.3,0.4,260,11,1.2,1.7,0.3,263,14,0.7,1.3,0.4,260,11,0,28.69,,0,0,0,67.8,69.6,69.3,0.25,0.23,0.20
WBOU,2017-08-21 01:40:00 EDT,41.74505,-74.58833,1421,58.9,60.2,58.9,96.6,58.0,0.000,0.000,0.00,0.000,0.6,1.1,0.3,309,4,1.0,1.4,0.2,310,11,0.6,1.1,0.3,309,4,0,28.69,,0,0,0,67.8,69.6,69.3,0.25,0.23,0.20
WBOU,2017-08-21 01:45:00 EDT,41.74505,-74.58833,1421,58.6,59.9,58.6,96.7,57.7,0.000,0.000,0.00,0.000,0.0,0.9,0.2,311,0,0.5,1.3,0.5,260,15,0.0,0.9,0.2,311,0,0,28.69,,0,0,0,67.8,69.6,69.3,0.25,0.23,0.20
WBOU,2017-08-21 01:50:00 EDT,41.74505,-74.58833,1421,58.7,60.2,58.7,97.1,57.9,0.000,0.000,0.00,0.000,1.0,1.5,0.3,253,7,1.2,2.0,0.3,248,10,1.0,1.5,0.3,253,7,0,28.69,,0,0,0,67.6,69.6,69.3,0.25,0.23,0.20
WBOU,2017-08-21 01:55:00 EDT,41.74505,-74.58833,1421,58.5,60.2,58.5,97.3,57.8,0.000,0.000,0.00,0.000,0.3,1.2,0.4,256,0,0.8,1.6,0.4,265,9,0.3,1.2,0.4,256,0,0,28.69,,0,0,0,67.5,69.6,69.3,0.25,0.23,0.20
WBOU,2017-08-21 02:00:00 EDT,41.74505,-74.58833,1421,58.6,60.3,58.6,97.5,57.9,0.000,0.000,0.00,0.000,0.7,1.0,0.2,256,0,1.0,1.4,0.3,255,7,0.7,1.0,0.2,256,0,0,28.69,,0,0,0,67.5,69.6,69.3,0.25,0.23,0.20
WBOU,2017-08-21 02:05:00 EDT,41.74505,-74.58833,1421,58.2,60.0,58.2,97.6,57.5,0.000,0.000,0.00,0.000,0.3,0.8,0.3,256,0,0.7,1.2,0.4,254,13,0.3,0.8,0.3,256,0,0,28.69,,0,0,0,67.5,69.6,69.3,0.25,0.23,0.20
WBOU,2017-08-21 02:10:00 EDT,41.74505,-74.58833,1421,58.2,60.0,58.2,97.7,57.6,0.000,0.000,0.00,0.000,0.5,1.3,0.4,274,14,1.0,1.7,0.3,273,21,0.5,1.3,0.4,274,14,0,28.69,,0,0,0,67.5,69.6,69.3,0.25,0.23,0.20
WBOU,2017-08-21 02:15:00 EDT,41.74505,-74.58833,1421,58.2,59.7,58.2,97.9,57.6,0.000,0.000,0.00,0.000,0.4,1.0,0.4,307,12,0.7,1.6,0.5,302,14,0.4,1.0,0.4,307,12,0,28.69,,0,0,0,67.5,69.6,69.3,0.25,0.23,0.20
WBOU,2017-08-21 02:20:00 EDT,41.74505,-74.58833,1421,58.4,59.9,58.4,98.1,57.9,0.000,0.000,0.00,0.000,1.0,3.6,0.8,303,21,1.5,4.3,0.9,301,20,1.0,3.6,0.8,303,21,0,28.69,,0,0,0,67.4,69.6,69.3,0.25,0.23,0.20
WBOU,2017-08-21 02:25:00 EDT,41.74505,-74.58833,1421,59.0,59.8,59.0,98.1,58.5,0.000,0.000,0.00,0.000,2.0,3.4,0.6,330,22,2.3,4.6,0.8,331,21,2.0,3.4,0.6,330,22,0,28.69,,0,0,0,67.3,69.6,69.3,0.25,0.23,0.20
WBOU,2017-08-21 02:30:00 EDT,41.74505,-74.58833,1421,59.1,59.8,59.1,97.6,58.5,0.000,0.000,0.00,0.000,2.1,3.7,0.9,339,23,2.6,4.8,1.0,339,23,2.1,3.7,0.9,339,23,0,28.69,,0,0,0,67.1,69.6,69.3,0.25,0.23,0.20
WBOU,2017-08-21 02:35:00 EDT,41.74505,-74.58833,1421,59.5,60.1,59.5,96.9,58.6,0.000,0.000,0.00,0.000,2.3,5.7,1.1,341,28,2.9,5.8,1.2,343,20,2.3,5.7,1.1,341,28,0,28.69,,0,0,0,67.1,69.6,69.3,0.25,0.23,0.20
WBOU,2017-08-21 02:40:00 EDT,41.74505,-74.58833,1421,59.7,60.1,59.7,95.6,58.5,0.000,0.000,0.00,0.000,1.8,4.4,1.0,334,25,2.3,5.9,1.2,335,25,1.8,4.4,1.0,334,25,0,28.69,,0,0,0,67.1,69.6,69.3,0.25,0.23,0.20
WBOU,2017-08-21 02:45:00 EDT,41.74505,-74.58833,1421,59.9,60.1,59.9,94.5,58.3,0.000,0.000,0.00,0.000,1.7,5.1,1.2,337,27,2.2,7.0,1.5,338,26,1.7,5.1,1.2,337,27,0,28.69,,0,0,0,67.1,69.6,69.3,0.25,0.23,0.20
WBOU,2017-08-21 02:50:00 EDT,41.74505,-74.58833,1421,59.9,59.9,59.9,94.3,58.2,0.000,0.000,0.00,0.000,1.1,2.7,0.5,356,41,1.5,3.6,0.8,356,41,1.1,2.7,0.5,356,41,0,28.69,,0,0,0,67.1,69.6,69.3,0.25,0.23,0.20
WBOU,2017-08-21 02:55:00 EDT,41.74505,-74.58833,1421,59.9,59.9,59.9,94.4,58.3,0.000,0.000,0.00,0.000,1.7,4.5,1.0,329,33,2.3,5.0,1.0,335,29,1.7,4.5,1.0,329,33,0,28.69,,0,0,0,67.1,69.6,69.3,0.25,0.23,0.20
WBOU,2017-08-21 03:00:00 EDT,41.74505,-74.58833,1421,60.0,60.0,60.0,94.2,58.4,0.000,0.000,0.00,0.000,0.9,3.1,0.9,341,24,1.4,4.2,1.1,346,25,0.9,3.1,0.9,341,24,0,28.69,,0,0,0,67.1,69.5,69.3,0.25,0.23,0.20
WBOU,2017-08-21 03:05:00 EDT,41.74505,-74.58833,1421,60.2,60.1,60.2,94.1,58.5,0.000,0.000,0.00,0.000,1.3,3.3,1.0,341,17,1.7,4.2,1.1,342,19,1.3,3.3,1.0,341,17,0,28.69,,0,0,0,67.1,69.5,69.3,0.25,0.23,0.20
WBOU,2017-08-21 03:10:00 EDT,41.74505,-74.58833,1421,60.2,60.1,60.2,93.8,58.4,0.000,0.000,0.00,0.000,0.8,3.1,0.8,352,39,1.4,4.4,1.0,9,44,0.8,3.1,0.8,352,39,0,28.69,,0,0,0,67.1,69.5,69.3,0.25,0.23,0.20
WBOU,2017-08-21 03:15:00 EDT,41.74505,-74.58833,1421,59.9,60.0,59.9,93.7,58.1,0.000,0.000,0.00,0.000,0.7,2.3,0.6,27,42,1.3,4.0,0.8,20,42,0.7,2.3,0.6,27,42,0,28.69,,0,0,0,67.1,69.3,69.3,0.25,0.23,0.20
WBOU,2017-08-21 03:20:00 EDT,41.74505,-74.58833,1421,59.9,60.0,59.9,94.0,58.2,0.000,0.000,0.00,0.000,0.3,1.2,0.4,328,26,0.6,2.1,0.6,318,30,0.3,1.2,0.4,328,26,0,28.69,,0,0,0,67.1,69.3,69.3,0.25,0.23,0.20
WBOU,2017-08-21 03:25:00 EDT,41.74505,-74.58833,1421,59.8,60.0,59.8,94.0,58.1,0.000,0.000,0.00,0.000,0.7,1.8,0.5,359,31,1.3,3.0,0.6,2,35,0.7,1.8,0.5,359,31,0,28.69,,0,0,0,67.0,69.3,69.3,0.25,0.23,0.20
WBOU,2017-08-21 03:30:00 EDT,41.74505,-74.58833,1421,59.7,59.9,59.7,94.1,58.0,0.000,0.000,0.00,0.000,1.4,2.3,0.4,12,24,1.9,4.0,0.6,10,24,1.4,2.3,0.4,12,24,0,28.69,,0,0,0,66.9,69.3,69.3,0.25,0.23,0.20
WBOU,2017-08-21 03:35:00 EDT,41.74505,-74.58833,1421,59.6,59.6,59.6,94.0,57.9,0.000,0.000,0.00,0.000,0.3,1.6,0.4,28,21,0.6,2.5,0.7,28,38,0.3,1.6,0.4,28,21,0,28.69,,0,0,0,66.8,69.3,69.3,0.25,0.23,0.20
WBOU,2017-08-21 03:40:00 EDT,41.74505,-74.58833,1421,59.4,59.6,59.4,94.0,57.7,0.000,0.000,0.00,0.000,0.6,1.9,0.5,341,19,1.0,2.7,0.7,340,23,0.6,1.9,0.5,341,19,0,28.69,,0,0,0,66.7,69.3,69.3,0.25,0.23,0.20
WBOU,2017-08-21 03:45:00 EDT,41.74505,-74.58833,1421,58.8,59.3,58.8,94.2,57.1,0.000,0.000,0.00,0.000,0.0,0.5,0.1,340,0,0.5,1.3,0.5,313,28,0.0,0.5,0.1,340,0,0,28.69,,0,0,0,66.7,69.3,69.3,0.25,0.23,0.20
WBOU,2017-08-21 03:50:00 EDT,41.74505,-74.58833,1421,58.0,58.7,58.0,94.2,56.4,0.000,0.000,0.00,0.000,0.0,0.0,0.0,0,0,0.0,0.9,0.2,168,10,0.0,0.0,0.0,0,0,0,28.69,,0,0,0,66.7,69.3,69.3,0.25,0.23,0.20
WBOU,2017-08-21 03:55:00 EDT,41.74505,-74.58833,1421,57.6,58.6,57.6,95.2,56.3,0.000,0.000,0.00,0.000,0.0,0.0,0.0,0,0,0.4,1.0,0.4,35,8,0.0,0.0,0.0,0,0,0,28.69,,0,0,0,66.7,69.3,69.3,0.25,0.23,0.20
WBOU,2017-08-21 04:00:00 EDT,41.74505,-74.58833,1421,57.5,58.5,57.5,96.4,56.5,0.000,0.000,0.00,0.000,0.0,0.0,0.0,0,0,0.3,1.5,0.4,59,8,0.0,0.0,0.0,0,0,0,28.69,,0,0,0,66.7,69.3,69.3,0.25,0.23,0.20
WBOU,2017-08-21 04:05:00 EDT,41.74505,-74.58833,1421,57.5,58.4,57.5,96.7,56.5,0.000,0.000,0.00,0.000,0.0,0.0,0.0,0,0,0.2,1.4,0.4,102,6,0.0,0.0,0.0,0,0,0,28.69,,0,0,0,66.7,69.3,69.3,0.25,0.23,0.20
WBOU,2017-08-21 04:10:00 EDT,41.74505,-74.58833,1421,57.0,58.5,57.0,96.7,56.1,0.000,0.000,0.00,0.000,0.0,0.0,0.0,0,0,0.5,1.3,0.5,166,11,0.0,0.0,0.0,0,0,0,28.69,,0,0,0,66.7,69.3,69.3,0.25,0.23,0.20
WBOU,2017-08-21 04:15:00 EDT,41.74505,-74.58833,1421,56.9,58.2,56.9,97.0,56.0,0.000,0.000,0.00,0.000,0.1,0.7,0.2,325,29,0.6,1.2,0.5,179,8,0.1,0.7,0.2,325,29,0,28.69,,0,0,0,66.7,69.3,69.3,0.25,0.23,0.20
WBOU,2017-08-21 04:20:00 EDT,41.74505,-74.58833,1421,57.4,58.0,57.4,97.6,56.7,0.000,0.000,0.00,0.000,0.2,1.0,0.3,168,7,0.4,1.5,0.5,167,10,0.2,1.0,0.3,168,7,0,28.69,,0,0,0,66.7,69.3,69.3,0.25,0.23,0.20
WBOU,2017-08-21 04:25:00 EDT,41.74505,-74.58833,1421,57.6,58.3,57.6,97.9,57.0,0.000,0.000,0.00,0.000,0.0,0.0,0.0,0,0,0.2,1.2,0.4,114,30,0.0,0.0,0.0,0,0,0,28.69,,0,0,0,66.6,69.3,69.3,0.25,0.23,0.20
WBOU,2017-08-21 04:30:00 EDT,41.74505,-74.58833,1421,57.9,58.5,57.9,98.1,57.4,0.000,0.000,0.00,0.000,0.0,0.6,0.1,87,12,0.4,1.5,0.5,67,35,0.0,0.6,0.1,87,12,0,28.69,,0,0,0,66.4,69.3,69.3,0.25,0.23,0.20
WBOU,2017-08-21 04:35:00 EDT,41.74505,-74.58833,1421,58.2,58.8,58.2,98.1,57.7,0.000,0.000,0.00,0.000,0.6,2.0,0.6,240,24,1.0,2.5,0.7,231,29,0.6,2.0,0.6,240,24,0,28.69,,0,0,0,66.4,69.3,69.3,0.25,0.23,0.20
WBOU,2017-08-21 04:40:00 EDT,41.74505,-74.58833,1421,57.7,58.8,57.7,97.6,57.0,0.000,0.000,0.00,0.000,0.3,1.5,0.5,279,5,0.6,2.0,0.6,284,33,0.3,1.5,0.5,279,5,0,28.69,,0,0,0,66.4,69.3,69.3,0.25,0.23,0.20
WBOU,2017-08-21 04:45:00 EDT,41.74505,-74.58833,1421,57.8,58.5,57.8,97.7,57.1,0.000,0.000,0.00,0.000,0.0,0.0,0.0,0,0,0.2,1.1,0.3,65,14,0.0,0.0,0.0,0,0,0,28.69,,0,0,0,66.4,69.3,69.3,0.25,0.23,0.20
WBOU,2017-08-21 04:50:00 EDT,41.74505,-74.58833,1421,57.2,59.0,57.2,97.5,56.5,0.000,0.000,0.00,0.000,0.5,1.6,0.4,22,22,1.0,2.2,0.6,32,26,0.5,1.6,0.4,22,22,0,28.69,,0,0,0,66.4,69.3,69.3,0.25,0.23,0.20
WBOU,2017-08-21 04:55:00 EDT,41.74505,-74.58833,1421,57.9,59.1,57.9,97.9,57.3,0.000,0.000,0.00,0.000,0.3,1.4,0.4,359,20,0.6,1.8,0.6,3,23,0.3,1.4,0.4,359,20,0,28.69,,0,0,0,66.4,69.3,69.3,0.25,0.23,0.20
WBOU,2017-08-21 05:00:00 EDT,41.74505,-74.58833,1421,57.4,59.1,57.4,97.7,56.8,0.000,0.000,0.00,0.000,0.8,2.6,0.6,32,33,1.2,3.6,0.8,27,35,0.8,2.6,0.6,32,33,0,28.69,,0,0,0,66.4,69.3,69.3,0.25,0.23,0.20
WBOU,2017-08-21 05:05:00 EDT,41.74505,-74.58833,1421,58.2,59.6,58.2,98.1,57.7,0.000,0.000,0.00,0.000,1.3,2.3,0.7,51,28,1.7,2.9,0.7,48,27,1.3,2.3,0.7,51,28,0,28.69,,0,0,0,66.2,69.3,69.3,0.25,0.23,0.20
WBOU,2017-08-21 05:10:00 EDT,41.74505,-74.58833,1421,57.8,60.1,57.8,97.6,57.1,0.000,0.000,0.00,0.000,0.9,2.2,0.5,63,23,1.4,2.8,0.6,67,23,0.9,2.2,0.5,63,23,0,28.69,,0,0,0,66.0,69.2,69.3,0.25,0.23,0.20
WBOU,2017-08-21 05:15:00 EDT,41.74505,-74.58833,1421,58.3,60.0,58.3,97.6,57.6,0.000,0.000,0.00,0.000,0.4,1.3,0.4,53,31,0.8,2.0,0.6,63,40,0.4,1.3,0.4,53,31,0,28.69,,0,0,0,66.0,69.1,69.3,0.25,0.23,0.20
WBOU,2017-08-21 05:20:00 EDT,41.74505,-74.58833,1421,58.3,59.9,58.3,97.3,57.5,0.000,0.000,0.00,0.000,0.4,1.2,0.4,55,34,0.8,2.5,0.6,64,42,0.4,1.2,0.4,55,34,0,28.70,,0,0,0,66.0,69.0,69.3,0.25,0.23,0.20
WBOU,2017-08-21 05:25:00 EDT,41.74505,-74.58833,1421,58.7,60.0,58.7,97.5,58.0,0.000,0.000,0.00,0.000,0.3,1.4,0.4,43,30,0.9,2.0,0.5,52,50,0.3,1.4,0.4,43,30,0,28.70,,0,0,0,66.0,69.0,69.3,0.25,0.23,0.20
WBOU,2017-08-21 05:30:00 EDT,41.74505,-74.58833,1421,59.2,60.3,59.2,97.7,58.6,0.000,0.000,0.00,0.000,1.0,2.2,0.6,39,35,1.5,3.2,0.7,31,35,1.0,2.2,0.6,39,35,0,28.70,,0,0,0,66.0,68.9,69.3,0.25,0.23,0.20
WBOU,2017-08-21 05:35:00 EDT,41.74505,-74.58833,1421,59.5,60.7,59.5,97.4,58.7,0.000,0.000,0.00,0.000,0.9,2.3,0.6,27,34,1.5,4.3,0.8,36,41,0.9,2.3,0.6,27,34,0,28.70,,0,0,0,66.0,68.9,69.3,0.25,0.23,0.20
WBOU,2017-08-21 05:40:00 EDT,41.74505,-74.58833,1421,59.4,60.3,59.4,96.4,58.4,0.000,0.000,0.00,0.000,0.3,1.9,0.5,30,19,0.6,2.7,0.7,35,28,0.3,1.9,0.5,30,19,0,28.70,,0,0,0,66.0,68.9,69.3,0.25,0.23,0.20
WBOU,2017-08-21 05:45:00 EDT,41.74505,-74.58833,1421,59.9,60.8,59.9,96.5,58.9,0.000,0.000,0.00,0.000,0.7,1.9,0.6,346,22,1.2,3.1,0.7,339,34,0.7,1.9,0.6,346,22,0,28.70,,0,0,0,66.0,68.9,69.3,0.25,0.23,0.20
WBOU,2017-08-21 05:50:00 EDT,41.74505,-74.58833,1421,59.9,60.9,59.9,96.1,58.8,0.000,0.000,0.00,0.000,0.6,2.2,0.6,341,19,1.1,2.9,0.7,342,21,0.6,2.2,0.6,341,19,0,28.70,,0,0,0,66.0,68.9,69.3,0.25,0.23,0.20
WBOU,2017-08-21 05:55:00 EDT,41.74505,-74.58833,1421,60.4,61.0,60.4,95.7,59.2,0.000,0.000,0.00,0.000,1.8,3.1,0.5,348,14,2.3,4.4,0.7,349,14,1.8,3.1,0.5,348,14,0,28.70,,0,0,0,65.9,68.9,69.3,0.25,0.23,0.20
WBOU,2017-08-21 06:00:00 EDT,41.74505,-74.58833,1421,60.2,61.0,60.2,94.7,58.7,0.000,0.000,0.00,0.000,1.4,2.6,0.6,352,13,1.8,3.4,0.8,352,13,1.4,2.6,0.6,352,13,1,28.71,,0,0,0,65.8,68.9,69.3,0.25,0.23,0.20
WBOU,2017-08-21 06:05:00 EDT,41.74505,-74.58833,1421,59.2,60.5,59.2,94.3,57.6,0.000,0.000,0.00,0.000,0.5,1.6,0.4,345,7,1.0,2.2,0.5,348,15,0.5,1.6,0.4,345,7,2,28.71,,0,0,0,65.8,68.9,69.3,0.25,0.23,0.20
WBOU,2017-08-21 06:10:00 EDT,41.74505,-74.58833,1421,58.8,59.7,58.8,94.7,57.3,0.000,0.000,0.00,0.000,0.2,1.2,0.4,28,12,0.5,1.6,0.6,84,42,0.2,1.2,0.4,28,12,3,28.71,,0,0,0,65.8,68.9,69.3,0.25,0.23,0.20
WBOU,2017-08-21 06:15:00 EDT,41.74505,-74.58833,1421,58.8,59.8,58.8,95.8,57.6,0.000,0.000,0.00,0.000,0.0,0.0,0.0,0,0,0.1,1.1,0.3,85,7,0.0,0.0,0.0,0,0,3,28.71,,0,0,0,65.8,68.9,69.3,0.25,0.23,0.20
WBOU,2017-08-21 06:20:00 EDT,41.74505,-74.58833,1421,58.3,59.8,58.3,96.1,57.2,0.000,0.000,0.00,0.000,0.0,0.0,0.0,0,0,0.4,1.3,0.5,101,20,0.0,0.0,0.0,0,0,4,28.71,,0,0,0,65.8,68.9,69.3,0.25,0.23,0.20
WBOU,2017-08-21 06:25:00 EDT,41.74505,-74.58833,1421,58.2,59.8,58.2,96.6,57.3,0.000,0.000,0.00,0.000,0.0,0.0,0.0,0,0,0.3,1.1,0.4,19,26,0.0,0.0,0.0,0,0,8,28.71,,0,0,0,65.8,68.9,69.2,0.25,0.23,0.20
WBOU,2017-08-21 06:30:00 EDT,41.74505,-74.58833,1421,59.0,60.2,59.0,97.4,58.3,0.000,0.000,0.00,0.000,1.1,3.7,1.0,278,19,1.5,4.9,1.2,281,26,1.1,3.7,1.0,278,19,11,28.71,,0,0,0,65.8,68.9,69.3,0.25,0.23,0.20
WBOU,2017-08-21 06:35:00 EDT,41.74505,-74.58833,1421,59.6,61.5,59.6,97.4,58.8,0.000,0.000,0.00,0.000,1.4,2.3,0.6,269,24,1.8,3.6,0.7,269,24,1.4,2.3,0.6,269,24,12,28.71,,0,0,0,65.8,68.9,69.3,0.25,0.23,0.20
WBOU,2017-08-21 06:40:00 EDT,41.74505,-74.58833,1421,59.2,61.5,59.2,96.6,58.2,0.000,0.000,0.00,0.000,2.6,4.8,1.2,250,23,3.2,6.8,1.5,251,24,2.6,4.8,1.2,250,23,12,28.71,,0,0,0,65.8,68.9,69.3,0.25,0.23,0.20
WBOU,2017-08-21 06:45:00 EDT,41.74505,-74.58833,1421,58.9,61.0,58.9,95.4,57.6,0.000,0.000,0.00,0.000,1.8,4.3,1.0,237,27,2.1,5.8,1.2,239,25,1.8,4.3,1.0,237,27,14,28.71,,0,0,0,65.8,68.9,69.2,0.25,0.23,0.20
WBOU,2017-08-21 06:50:00 EDT,41.74505,-74.58833,1421,58.7,60.7,58.7,95.5,57.4,0.000,0.000,0.00,0.000,1.6,3.6,0.7,247,25,2.0,4.9,0.8,243,26,1.6,3.6,0.7,247,25,24,28.71,,0,0,0,65.8,68.9,69.2,0.25,0.23,0.20
WBOU,2017-08-21 06:55:00 EDT,41.74505,-74.58833,1421,58.8,60.8,58.8,95.8,57.6,0.000,0.000,0.00,0.000,1.1,2.4,0.6,241,16,1.5,3.2,0.7,241,18,1.1,2.4,0.6,241,16,29,28.71,,0,0,0,65.8,68.8,69.2,0.25,0.23,0.20
WBOU,2017-08-21 07:00:00 EDT,41.74505,-74.58833,1421,58.9,60.9,58.9,95.7,57.7,0.000,0.000,0.00,0.000,1.7,4.3,0.9,260,25,2.0,5.2,0.9,258,25,1.7,4.3,0.9,260,25,19,28.71,,0,0,0,65.8,68.7,69.1,0.25,0.23,0.20
WBOU,2017-08-21 07:05:00 EDT,41.74505,-74.58833,1421,58.9,60.4,58.9,95.7,57.6,0.000,0.000,0.00,0.000,1.9,3.2,0.5,225,15,2.0,4.5,0.5,222,17,1.9,3.2,0.5,225,15,20,28.71,,0,0,0,65.8,68.7,69.0,0.25,0.23,0.20
WBOU,2017-08-21 07:10:00 EDT,41.74505,-74.58833,1421,58.5,59.9,58.5,95.7,57.2,0.000,0.000,0.00,0.000,1.4,1.9,0.3,209,10,1.6,2.3,0.4,207,10,1.4,1.9,0.3,209,10,21,28.71,,0,0,0,65.8,68.6,68.9,0.25,0.23,0.20
WBOU,2017-08-21 07:15:00 EDT,41.74505,-74.58833,1421,58.3,60.5,58.3,95.9,57.2,0.000,0.000,0.00,0.000,0.9,2.1,0.5,247,18,1.1,2.8,0.7,250,18,0.9,2.1,0.5,247,18,24,28.72,,0,0,0,65.8,68.6,68.9,0.25,0.23,0.20
WBOU,2017-08-21 07:20:00 EDT,41.74505,-74.58833,1421,58.8,60.9,58.8,96.5,57.8,0.000,0.000,0.00,0.000,0.9,2.4,0.7,268,22,1.4,2.9,0.6,266,21,0.9,2.4,0.7,268,22,61,28.72,,0,0,0,65.8,68.5,68.9,0.25,0.23,0.20
WBOU,2017-08-21 07:25:00 EDT,41.74505,-74.58833,1421,59.8,61.4,59.8,96.8,58.9,0.000,0.000,0.00,0.000,0.9,3.3,0.8,275,21,1.3,3.8,0.8,273,26,0.9,3.3,0.8,275,21,136,28.72,,0,0,0,65.7,68.5,68.9,0.25,0.23,0.20
WBOU,2017-08-21 07:30:00 EDT,41.74505,-74.58833,1421,61.8,62.0,61.8,95.9,60.7,0.000,0.000,0.00,0.000,1.8,3.1,0.6,299,22,2.1,3.5,0.6,298,23,1.8,3.1,0.6,299,22,142,28.72,,0,0,0,65.8,68.5,68.9,0.25,0.23,0.20
WBOU,2017-08-21 07:35:00 EDT,41.74505,-74.58833,1421,62.4,62.1,62.4,91.4,59.8,0.000,0.000,0.00,0.000,2.3,3.3,0.6,294,25,2.3,4.2,0.7,295,26,2.3,3.3,0.6,294,25,166,28.72,,0,0,0,65.6,68.5,68.9,0.25,0.23,0.20
WBOU,2017-08-21 07:40:00 EDT,41.74505,-74.58833,1421,62.6,62.2,62.6,89.9,59.6,0.000,0.000,0.00,0.000,2.1,3.5,0.8,297,25,2.4,4.0,0.7,298,24,2.1,3.5,0.8,297,25,182,28.72,,0,0,0,65.7,68.5,68.9,0.25,0.23,0.20
WBOU,2017-08-21 07:45:00 EDT,41.74505,-74.58833,1421,62.7,62.2,62.7,88.8,59.4,0.000,0.000,0.00,0.000,2.1,3.7,0.8,295,21,2.2,3.9,0.8,297,26,2.1,3.7,0.8,295,21,195,28.72,,0,0,0,65.8,68.5,68.9,0.25,0.23,0.20
WBOU,2017-08-21 07:50:00 EDT,41.74505,-74.58833,1421,62.7,62.2,62.7,87.6,58.9,0.000,0.000,0.00,0.000,1.9,3.5,0.8,293,17,2.0,4.3,0.9,295,17,1.9,3.5,0.8,293,17,208,28.72,,0,0,0,65.8,68.5,68.9,0.25,0.23,0.20
WBOU,2017-08-21 07:55:00 EDT,41.74505,-74.58833,1421,63.2,62.7,63.2,87.5,59.4,0.000,0.000,0.00,0.000,1.0,2.7,0.8,280,28,1.4,3.9,0.7,274,36,1.0,2.7,0.8,280,28,218,28.72,,0,0,0,65.8,68.5,68.9,0.25,0.23,0.20
WBOU,2017-08-21 08:00:00 EDT,41.74505,-74.58833,1421,63.9,63.3,63.9,86.3,59.7,0.000,0.000,0.00,0.000,1.3,2.8,0.7,255,16,1.8,3.2,0.6,252,17,1.3,2.8,0.7,255,16,243,28.72,,0,0,0,65.8,68.5,68.9,0.25,0.23,0.20
WBOU,2017-08-21 08:05:00 EDT,41.74505,-74.58833,1421,63.8,63.3,63.8,85.1,59.3,0.000,0.000,0.00,0.000,1.7,2.7,0.6,278,18,2.1,3.3,0.6,281,19,1.7,2.7,0.6,278,18,258,28.72,,0,0,0,65.8,68.5,68.9,0.25,0.23,0.20
WBOU,2017-08-21 08:10:00 EDT,41.74505,-74.58833,1421,64.1,63.4,64.1,85.1,59.5,0.000,0.000,0.00,0.000,1.2,3.0,0.8,288,26,1.6,3.5,0.7,286,32,1.2,3.0,0.8,288,26,284,28.72,,0,0,0,65.8,68.5,68.9,0.25,0.23,0.20
WBOU,2017-08-21 08:15:00 EDT,41.74505,-74.58833,1421,64.5,63.9,64.5,84.0,59.6,0.000,0.000,0.00,0.000,1.7,3.2,0.8,245,13,2.0,3.9,0.7,242,16,1.7,3.2,0.8,245,13,299,28.72,,0,0,0,65.8,68.5,68.9,0.25,0.23,0.20
WBOU,2017-08-21 08:20:00 EDT,41.74505,-74.58833,1421,65.0,64.5,65.0,84.5,60.2,0.000,0.000,0.00,0.000,2.3,3.4,0.5,246,12,2.6,4.0,0.6,246,11,2.3,3.4,0.5,246,12,322,28.72,,0,0,0,65.8,68.5,68.9,0.25,0.23,0.20
WBOU,2017-08-21 08:25:00 EDT,41.74505,-74.58833,1421,65.7,65.0,65.7,83.3,60.5,0.000,0.000,0.00,0.000,2.1,3.1,0.4,237,15,2.4,3.8,0.6,237,15,2.1,3.1,0.4,237,15,299,28.72,,0,0,0,65.9,68.5,68.9,0.25,0.23,0.20
WBOU,2017-08-21 08:30:00 EDT,41.74505,-74.58833,1421,66.3,65.7,66.3,83.6,61.2,0.000,0.000,0.00,0.000,2.3,3.7,0.6,233,17,2.4,4.2,0.6,232,16,2.3,3.7,0.6,233,17,240,28.71,,0,0,0,66.0,68.5,68.9,0.24,0.23,0.20
WBOU,2017-08-21 08:35:00 EDT,41.74505,-74.58833,1421,65.9,65.8,65.9,84.8,61.2,0.000,0.000,0.00,0.000,2.9,4.5,0.7,214,17,3.2,5.1,0.8,213,17,2.9,4.5,0.7,214,17,261,28.71,,0,0,0,66.0,68.5,68.9,0.24,0.23,0.20
WBOU,2017-08-21 08:40:00 EDT,41.74505,-74.58833,1421,66.7,66.2,66.7,83.4,61.5,0.000,0.000,0.00,0.000,2.8,4.1,0.5,229,18,3.0,4.8,0.7,231,18,2.8,4.1,0.5,229,18,299,28.71,,0,0,0,66.0,68.5,68.9,0.24,0.23,0.20
WBOU,2017-08-21 08:45:00 EDT,41.74505,-74.58833,1421,67.3,66.8,67.3,82.1,61.6,0.000,0.000,0.00,0.000,3.1,4.5,0.6,227,13,3.3,5.4,0.7,227,14,3.1,4.5,0.6,227,13,356,28.71,,0,0,0,66.0,68.5,68.9,0.24,0.23,0.20
WBOU,2017-08-21 08:50:00 EDT,41.74505,-74.58833,1421,67.9,67.3,67.9,80.6,61.8,0.000,0.000,0.00,0.000,2.8,3.8,0.4,240,13,3.1,5.0,0.7,240,13,2.8,3.8,0.4,240,13,374,28.71,,0,0,0,66.4,68.5,68.9,0.24,0.23,0.20
WBOU,2017-08-21 08:55:00 EDT,41.74505,-74.58833,1421,68.5,67.8,68.5,79.8,62.0,0.000,0.000,0.00,0.000,3.1,4.9,0.8,228,13,3.3,5.5,0.9,229,14,3.1,4.9,0.8,228,13,363,28.71,,0,0,0,66.4,68.5,68.9,0.25,0.23,0.20
WBOU,2017-08-21 09:00:00 EDT,41.74505,-74.58833,1421,68.6,67.9,68.6,78.8,61.7,0.000,0.000,0.00,0.000,3.9,5.6,0.8,231,11,3.9,5.9,0.8,230,12,3.9,5.6,0.8,231,11,383,28.71,,0,0,0,66.4,68.5,68.9,0.24,0.23,0.20
WBOU,2017-08-21 09:05:00 EDT,41.74505,-74.58833,1421,69.1,68.4,69.1,77.4,61.8,0.000,0.000,0.00,0.000,3.7,5.7,0.8,236,17,4.1,6.7,1.0,238,14,3.7,5.7,0.8,236,17,411,28.71,,0,0,0,66.4,68.5,68.9,0.24,0.23,0.20
WBOU,2017-08-21 09:10:00 EDT,41.74505,-74.58833,1421,69.4,68.7,69.4,76.0,61.5,0.000,0.000,0.00,0.000,4.3,6.1,0.9,244,13,4.9,7.3,1.0,245,13,4.3,6.1,0.9,244,13,405,28.71,,0,0,0,66.7,68.5,68.9,0.24,0.23,0.20
WBOU,2017-08-21 09:15:00 EDT,41.74505,-74.58833,1421,70.0,69.2,70.0,74.5,61.5,0.000,0.000,0.00,0.000,5.0,8.3,1.4,247,16,5.6,9.1,1.6,249,15,5.0,8.3,1.4,247,16,458,28.71,,0,0,0,66.7,68.5,68.9,0.24,0.23,0.20
WBOU,2017-08-21 09:20:00 EDT,41.74505,-74.58833,1421,70.4,69.7,70.4,71.7,60.9,0.000,0.000,0.00,0.000,4.4,7.2,1.2,251,14,5.1,8.7,1.4,250,14,4.4,7.2,1.2,251,14,477,28.71,,0,0,0,66.7,68.5,68.9,0.24,0.23,0.20
WBOU,2017-08-21 09:25:00 EDT,41.74505,-74.58833,1421,71.0,70.2,71.0,71.6,61.4,0.000,0.000,0.00,0.000,4.0,6.2,1.1,249,19,4.6,7.1,1.3,249,17,4.0,6.2,1.1,249,19,489,28.71,,0,0,0,66.8,68.4,68.9,0.24,0.23,0.20
WBOU,2017-08-21 09:30:00 EDT,41.74505,-74.58833,1421,71.3,70.6,71.3,69.2,60.7,0.000,0.000,0.00,0.000,4.4,7.7,1.3,248,16,4.9,8.2,1.5,250,14,4.4,7.7,1.3,248,16,426,28.71,,0,0,0,67.1,68.3,68.9,0.24,0.23,0.20
WBOU,2017-08-21 09:35:00 EDT,41.74505,-74.58833,1421,71.5,70.9,71.5,69.6,61.0,0.000,0.000,0.00,0.000,3.9,6.6,1.2,245,16,4.4,8.5,1.3,247,15,3.9,6.6,1.2,245,16,403,28.71,,0,0,0,67.1,68.3,68.9,0.24,0.23,0.20
WBOU,2017-08-21 09:40:00 EDT,41.74505,-74.58833,1421,72.2,71.4,72.2,68.7,61.3,0.000,0.000,0.00,0.000,4.9,7.2,1.2,245,18,5.6,8.4,1.3,248,18,4.9,7.2,1.2,245,18,512,28.71,,0,0,0,67.1,68.2,68.9,0.24,0.23,0.20
WBOU,2017-08-21 09:45:00 EDT,41.74505,-74.58833,1421,72.8,72.0,72.8,67.8,61.5,0.000,0.000,0.00,0.000,4.3,8.4,1.3,246,17,4.8,7.7,1.5,246,16,4.3,8.4,1.3,246,17,531,28.71,,0,0,0,67.4,68.2,68.9,0.24,0.23,0.20
WBOU,2017-08-21 09:50:00 EDT,41.74505,-74.58833,1421,73.1,72.4,73.1,65.1,60.7,0.000,0.000,0.00,0.000,6.1,9.9,1.7,247,16,6.9,11.4,1.7,248,15,6.1,9.9,1.7,247,16,534,28.71,,0,0,0,67.5,68.2,68.9,0.24,0.23,0.20
WBOU,2017-08-21 09:55:00 EDT,41.74505,-74.58833,1421,73.5,72.7,73.5,65.2,61.1,0.000,0.000,0.00,0.000,5.3,8.9,1.2,241,19,5.9,10.0,1.4,242,20,5.3,8.9,1.2,241,19,551,28.71,,0,0,0,67.5,68.2,68.9,0.24,0.23,0.20
WBOU,2017-08-21 10:00:00 EDT,41.74505,-74.58833,1421,73.9,73.1,73.9,63.2,60.6,0.000,0.000,0.00,0.000,5.6,9.1,1.3,240,15,6.1,9.1,1.3,242,14,5.6,9.1,1.3,240,15,518,28.71,,0,0,0,67.7,68.2,68.9,0.25,0.23,0.20
WBOU,2017-08-21 10:05:00 EDT,41.74505,-74.58833,1421,73.8,73.1,73.8,63.6,60.7,0.000,0.000,0.00,0.000,5.1,8.2,1.3,247,19,5.8,10.4,1.7,250,18,5.1,8.2,1.3,247,19,574,28.71,,0,0,0,67.8,68.2,68.9,0.25,0.23,0.20
WBOU,2017-08-21 10:10:00 EDT,41.74505,-74.58833,1421,73.8,73.3,73.8,61.8,59.9,0.000,0.000,0.00,0.000,5.5,9.4,1.6,259,21,6.2,10.4,1.8,261,18,5.5,9.4,1.6,259,21,548,28.71,,0,0,0,67.8,68.2,68.9,0.24,0.23,0.20
WBOU,2017-08-21 10:15:00 EDT,41.74505,-74.58833,1421,74.1,73.5,74.1,62.6,60.6,0.000,0.000,0.00,0.000,6.0,10.5,1.5,244,17,6.5,12.7,1.6,245,17,6.0,10.5,1.5,244,17,589,28.72,,0,0,0,68.0,68.2,68.9,0.24,0.23,0.20
WBOU,2017-08-21 10:20:00 EDT,41.74505,-74.58833,1421,74.7,73.9,74.7,61.9,60.8,0.000,0.000,0.00,0.000,5.2,8.0,1.3,249,17,5.9,9.3,1.5,251,18,5.2,8.0,1.3,249,17,600,28.71,,0,0,0,68.2,68.2,68.9,0.24,0.23,0.20
WBOU,2017-08-21 10:25:00 EDT,41.74505,-74.58833,1421,75.2,74.3,75.2,62.2,61.4,0.000,0.000,0.00,0.000,5.1,8.4,1.5,248,16,5.8,9.9,1.8,248,16,5.1,8.4,1.5,248,16,610,28.72,,0,0,0,68.2,68.2,68.9,0.24,0.23,0.20
WBOU,2017-08-21 10:30:00 EDT,41.74505,-74.58833,1421,75.4,74.5,75.4,61.9,61.4,0.000,0.000,0.00,0.000,4.8,8.1,1.6,242,20,5.3,8.9,1.9,243,19,4.8,8.1,1.6,242,20,621,28.72,,0,0,0,68.5,68.2,68.9,0.24,0.23,0.20
WBOU,2017-08-21 10:35:00 EDT,41.74505,-74.58833,1421,75.6,74.9,75.6,60.2,60.8,0.000,0.000,0.00,0.000,4.9,8.3,1.3,254,15,5.5,9.5,1.6,255,14,4.9,8.3,1.3,254,15,621,28.71,,0,0,0,68.5,68.2,68.9,0.24,0.23,0.20
WBOU,2017-08-21 10:40:00 EDT,41.74505,-74.58833,1421,75.9,75.1,75.9,58.2,60.2,0.000,0.000,0.00,0.000,4.8,7.5,1.4,248,18,5.4,8.8,1.7,249,18,4.8,7.5,1.4,248,18,645,28.71,,0,0,0,68.6,68.2,68.9,0.24,0.23,0.20
WBOU,2017-08-21 10:45:00 EDT,41.74505,-74.58833,1421,76.3,75.5,76.3,58.6,60.7,0.000,0.000,0.00,0.000,4.9,8.2,1.2,248,20,5.3,9.0,1.6,249,21,4.9,8.2,1.2,248,20,663,28.71,,0,0,0,68.9,68.2,68.9,0.24,0.23,0.20
WBOU,2017-08-21 10:50:00 EDT,41.74505,-74.58833,1421,76.7,75.8,76.7,57.8,60.7,0.000,0.000,0.00,0.000,6.3,9.7,1.7,240,17,6.8,11.0,1.9,242,19,6.3,9.7,1.7,240,17,681,28.71,,0,0,0,68.9,68.2,68.9,0.24,0.23,0.20
WBOU,2017-08-21 10:55:00 EDT,41.74505,-74.58833,1421,76.5,75.6,76.5,57.5,60.3,0.000,0.000,0.00,0.000,5.9,9.4,1.8,257,20,6.8,12.2,2.3,261,18,5.9,9.4,1.8,257,20,701,28.71,,0,0,0,69.1,68.2,68.9,0.24,0.23,0.20
WBOU,2017-08-21 11:00:00 EDT,41.74505,-74.58833,1421,76.9,75.9,76.9,58.9,61.4,0.000,0.000,0.00,0.000,4.8,10.9,2.2,242,33,5.3,11.7,2.4,244,33,4.8,10.9,2.2,242,33,715,28.71,,0,0,0,69.3,68.2,68.9,0.24,0.23,0.20
WBOU,2017-08-21 11:05:00 EDT,41.74505,-74.58833,1421,77.2,76.3,77.2,55.6,60.1,0.000,0.000,0.00,0.000,6.6,9.7,1.8,247,17,7.3,12.1,1.9,248,16,6.6,9.7,1.8,247,17,666,28.71,,0,0,0,69.3,68.2,68.9,0.24,0.23,0.20
WBOU,2017-08-21 11:10:00 EDT,41.74505,-74.58833,1421,76.9,76.2,76.9,55.9,60.0,0.000,0.000,0.00,0.000,6.5,11.3,1.9,251,16,7.3,13.1,2.3,253,15,6.5,11.3,1.9,251,16,690,28.71,,0,0,0,69.6,68.2,68.9,0.24,0.23,0.20
WBOU,2017-08-21 11:15:00 EDT,41.74505,-74.58833,1421,77.1,76.2,77.1,55.4,59.9,0.000,0.000,0.00,0.000,6.9,12.4,2.2,232,20,7.3,13.6,2.2,230,19,6.9,12.4,2.2,232,20,686,28.71,,0,0,0,69.6,68.2,68.9,0.24,0.23,0.20
WBOU,2017-08-21 11:20:00 EDT,41.74505,-74.58833,1421,77.6,76.7,77.6,54.8,60.1,0.000,0.000,0.00,0.000,6.4,10.5,1.7,242,16,7.0,11.5,1.8,242,16,6.4,10.5,1.7,242,16,705,28.71,,0,0,0,69.9,68.2,68.9,0.24,0.23,0.20
WBOU,2017-08-21 11:25:00 EDT,41.74505,-74.58833,1421,77.5,76.6,77.5,54.3,59.7,0.000,0.000,0.00,0.000,6.3,9.5,1.6,243,22,7.0,12.0,1.7,243,22,6.3,9.5,1.6,243,22,701,28.71,,0,0,0,70.0,68.2,68.9,0.24,0.23,0.20
WBOU,2017-08-21 11:30:00 EDT,41.74505,-74.58833,1421,77.8,76.8,77.8,54.2,60.0,0.000,0.000,0.00,0.000,7.4,13.9,2.5,238,20,8.1,14.3,2.4,238,21,7.4,13.9,2.5,238,20,729,28.71,,0,0,0,70.0,68.2,68.9,0.24,0.23,0.20
WBOU,2017-08-21 11:35:00 EDT,41.74505,-74.58833,1421,78.0,77.1,78.0,54.6,60.3,0.000,0.000,0.00,0.000,6.4,12.3,2.1,223,22,6.7,12.0,2.0,223,23,6.4,12.3,2.1,223,22,706,28.71,,0,0,0,70.3,68.2,68.9,0.24,0.23,0.20
WBOU,2017-08-21 11:40:00 EDT,41.74505,-74.58833,1421,78.3,77.4,78.3,54.6,60.7,0.000,0.000,0.00,0.000,7.0,13.7,2.3,218,21,7.6,14.8,2.4,218,22,7.0,13.7,2.3,218,21,755,28.70,,0,0,0,70.3,68.2,68.9,0.24,0.23,0.20
WBOU,2017-08-21 11:45:00 EDT,41.74505,-74.58833,1421,78.5,77.5,78.5,53.5,60.2,0.000,0.000,0.00,0.000,7.5,11.8,1.8,219,18,7.7,12.2,1.9,218,17,7.5,11.8,1.8,219,18,804,28.70,,0,0,0,70.4,68.2,68.9,0.24,0.23,0.20
WBOU,2017-08-21 11:50:00 EDT,41.74505,-74.58833,1421,78.9,77.8,78.9,54.8,61.3,0.000,0.000,0.00,0.000,7.5,12.1,2.2,216,14,8.0,13.6,2.2,214,15,7.5,12.1,2.2,216,14,852,28.70,,0,0,0,70.6,68.3,68.9,0.24,0.23,0.20
WBOU,2017-08-21 11:55:00 EDT,41.74505,-74.58833,1421,78.3,77.5,78.3,54.9,60.8,0.000,0.000,0.00,0.000,6.5,11.2,1.6,210,14,7.0,12.0,1.7,209,14,6.5,11.2,1.6,210,14,789,28.70,,0,0,0,70.7,68.2,68.9,0.24,0.23,0.20
WBOU,2017-08-21 12:00:00 EDT,41.74505,-74.58833,1421,78.5,77.7,78.5,54.6,60.8,0.000,0.000,0.00,0.000,7.2,12.1,2.2,218,20,7.7,12.3,2.0,215,21,7.2,12.1,2.2,218,20,682,28.69,,0,0,0,70.7,68.4,68.9,0.24,0.23,0.20
WBOU,2017-08-21 12:05:00 EDT,41.74505,-74.58833,1421,78.2,77.2,78.2,54.4,60.4,0.000,0.000,0.00,0.000,6.3,10.7,2.2,263,23,7.2,11.4,2.3,264,22,6.3,10.7,2.2,263,23,774,28.69,,0,0,0,70.7,68.5,68.9,0.24,0.23,0.20
WBOU,2017-08-21 12:10:00 EDT,41.74505,-74.58833,1421,78.3,77.5,78.3,54.9,60.8,0.000,0.000,0.00,0.000,4.6,7.8,1.8,230,40,5.0,9.1,1.9,227,40,4.6,7.8,1.8,230,40,679,28.69,,0,0,0,71.1,68.5,68.9,0.24,0.23,0.20
WBOU,2017-08-21 12:15:00 EDT,41.74505,-74.58833,1421,78.3,77.6,78.3,54.9,60.8,0.000,0.000,0.00,0.000,6.9,9.9,1.4,255,21,7.7,11.8,1.7,254,20,6.9,9.9,1.4,255,21,566,28.69,,0,0,0,71.1,68.5,68.9,0.24,0.23,0.20
WBOU,2017-08-21 12:20:00 EDT,41.74505,-74.58833,1421,78.1,77.4,78.1,54.9,60.6,0.000,0.000,0.00,0.000,6.4,11.4,1.5,250,16,7.1,13.2,1.9,251,14,6.4,11.4,1.5,250,16,600,28.69,,0,0,0,71.1,68.5,68.9,0.24,0.23,0.20
WBOU,2017-08-21 12:25:00 EDT,41.74505,-74.58833,1421,78.6,77.8,78.6,55.4,61.3,0.000,0.000,0.00,0.000,5.3,8.6,1.7,244,20,6.0,10.1,1.9,245,19,5.3,8.6,1.7,244,20,598,28.69,,0,0,0,71.4,68.5,68.9,0.24,0.23,0.20
WBOU,2017-08-21 12:30:00 EDT,41.74505,-74.58833,1421,78.6,77.8,78.6,55.8,61.5,0.000,0.000,0.00,0.000,6.9,13.8,1.7,219,21,7.4,14.7,1.8,219,21,6.9,13.8,1.7,219,21,636,28.69,,0,0,0,71.4,68.5,68.9,0.24,0.23,0.20
WBOU,2017-08-21 12:35:00 EDT,41.74505,-74.58833,1421,78.7,77.8,78.7,55.4,61.4,0.000,0.000,0.00,0.000,6.3,10.1,1.5,225,13,6.4,11.0,1.6,225,13,6.3,10.1,1.5,225,13,727,28.69,,0,0,0,71.4,68.5,68.9,0.24,0.23,0.20
WBOU,2017-08-21 12:40:00 EDT,41.74505,-74.58833,1421,79.0,78.3,79.0,56.0,62.0,0.000,0.000,0.00,0.000,5.5,9.0,1.8,255,17,6.3,10.8,2.1,258,17,5.5,9.0,1.8,255,17,728,28.68,,0,0,0,71.6,68.5,68.8,0.24,0.23,0.20
WBOU,2017-08-21 12:45:00 EDT,41.74505,-74.58833,1421,78.8,77.8,78.8,54.8,61.1,0.000,0.000,0.00,0.000,5.8,10.6,1.9,244,19,6.4,11.7,2.1,246,20,5.8,10.6,1.9,244,19,786,28.68,,0,0,0,71.8,68.5,68.8,0.24,0.23,0.20
WBOU,2017-08-21 12:50:00 EDT,41.74505,-74.58833,1421,79.3,78.4,79.3,55.3,61.9,0.000,0.000,0.00,0.000,6.1,12.1,2.0,231,27,6.7,13.5,2.0,231,28,6.1,12.1,2.0,231,27,734,28.68,,0,0,0,71.8,68.5,68.8,0.24,0.23,0.20
WBOU,2017-08-21 12:55:00 EDT,41.74505,-74.58833,1421,79.4,78.5,79.4,54.1,61.3,0.000,0.000,0.00,0.000,7.9,11.6,1.7,236,16,8.7,13.8,1.7,235,15,7.9,11.6,1.7,236,16,742,28.68,,0,0,0,71.9,68.5,68.7,0.24,0.23,0.20
WBOU,2017-08-21 13:00:00 EDT,41.74505,-74.58833,1421,78.6,77.8,78.6,54.3,60.7,0.000,0.000,0.00,0.000,6.1,9.7,1.9,216,18,6.5,10.3,2.1,216,18,6.1,9.7,1.9,216,18,506,28.68,,0,0,0,72.3,68.5,68.6,0.24,0.23,0.20
WBOU,2017-08-21 13:05:00 EDT,41.74505,-74.58833,1421,78.8,78.0,78.8,56.6,62.1,0.000,0.000,0.00,0.000,8.2,12.7,2.0,207,15,8.7,14.4,2.3,206,14,8.2,12.7,2.0,207,15,673,28.68,,0,0,0,72.3,68.5,68.6,0.24,0.23,0.20
WBOU,2017-08-21 13:10:00 EDT,41.74505,-74.58833,1421,78.7,78.1,78.7,55.9,61.7,0.000,0.000,0.00,0.000,8.5,11.7,1.7,216,19,9.1,13.3,1.9,214,19,8.5,11.7,1.7,216,19,488,28.68,,0,0,0,72.3,68.5,68.6,0.24,0.23,0.20
WBOU,2017-08-21 13:15:00 EDT,41.74505,-74.58833,1421,78.3,77.7,78.3,57.7,62.2,0.000,0.000,0.00,0.000,7.5,10.6,1.5,234,23,8.3,12.6,1.8,236,23,7.5,10.6,1.5,234,23,417,28.68,,0,0,0,72.6,68.5,68.6,0.24,0.23,0.20
WBOU,2017-08-21 13:20:00 EDT,41.74505,-74.58833,1421,78.4,77.6,78.4,58.3,62.5,0.000,0.000,0.00,0.000,8.2,12.6,1.8,245,15,8.9,13.6,1.9,244,15,8.2,12.6,1.8,245,15,554,28.68,,0,0,0,72.7,68.5,68.5,0.24,0.23,0.20
WBOU,2017-08-21 13:25:00 EDT,41.74505,-74.58833,1421,78.4,77.7,78.4,59.0,62.9,0.000,0.000,0.00,0.000,6.5,10.4,1.5,230,17,6.8,10.7,1.7,227,16,6.5,10.4,1.5,230,17,504,28.68,,0,0,0,72.7,68.5,68.5,0.24,0.23,0.20
WBOU,2017-08-21 13:30:00 EDT,41.74505,-74.58833,1421,79.1,78.2,79.1,59.3,63.7,0.000,0.000,0.00,0.000,6.7,10.2,1.5,225,15,6.9,11.3,1.6,224,16,6.7,10.2,1.5,225,15,819,28.68,,0,0,0,72.7,68.5,68.6,0.24,0.23,0.20
WBOU,2017-08-21 13:35:00 EDT,41.74505,-74.58833,1421,79.0,78.2,79.0,59.5,63.7,0.000,0.000,0.00,0.000,7.8,12.1,2.2,206,18,8.4,14.3,2.3,204,19,7.8,12.1,2.2,206,18,699,28.68,,0,0,0,72.7,68.5,68.5,0.24,0.23,0.20
WBOU,2017-08-21 13:40:00 EDT,41.74505,-74.58833,1421,79.9,79.1,79.9,60.4,65.0,0.000,0.000,0.00,0.000,5.9,10.0,2.1,221,31,6.7,12.1,2.2,222,31,5.9,10.0,2.1,221,31,885,28.68,,0,0,0,72.7,68.5,68.5,0.24,0.23,0.20
WBOU,2017-08-21 13:45:00 EDT,41.74505,-74.58833,1421,80.1,79.1,81.7,57.8,63.9,0.000,0.000,0.00,0.000,6.6,12.3,2.6,242,17,7.1,12.6,2.5,241,17,6.6,12.3,2.6,242,17,640,28.68,,0,0,0,72.9,68.5,68.5,0.24,0.23,0.20
WBOU,2017-08-21 13:50:00 EDT,41.74505,-74.58833,1421,78.8,78.2,78.8,58.8,63.2,0.000,0.000,0.00,0.000,7.0,12.0,2.1,250,23,7.9,14.1,2.5,252,25,7.0,12.0,2.1,250,23,388,28.68,,0,0,0,73.0,68.6,68.5,0.24,0.23,0.20
WBOU,2017-08-21 13:55:00 EDT,41.74505,-74.58833,1421,78.2,77.6,78.2,59.5,63.0,0.000,0.000,0.00,0.000,5.4,9.9,1.8,256,24,6.3,11.8,2.1,257,26,5.4,9.9,1.8,256,24,457,28.68,,0,0,0,73.0,68.6,68.5,0.24,0.23,0.20
WBOU,2017-08-21 14:00:00 EDT,41.74505,-74.58833,1421,78.8,78.0,78.8,59.0,63.2,0.000,0.000,0.00,0.000,7.8,12.3,1.6,246,16,8.5,14.0,2.2,248,16,7.8,12.3,1.6,246,16,389,28.68,,0,0,0,73.0,68.7,68.5,0.24,0.23,0.20
WBOU,2017-08-21 14:05:00 EDT,41.74505,-74.58833,1421,78.6,78.0,78.6,59.1,63.1,0.000,0.000,0.00,0.000,6.2,10.4,1.4,237,18,6.7,11.2,1.7,239,19,6.2,10.4,1.4,237,18,400,28.67,,0,0,0,73.0,68.9,68.5,0.23,0.23,0.20
WBOU,2017-08-21 14:10:00 EDT,41.74505,-74.58833,1421,79.0,78.5,79.0,59.4,63.7,0.000,0.000,0.00,0.000,6.7,11.2,2.2,216,17,7.1,12.7,2.4,214,17,6.7,11.2,2.2,216,17,409,28.67,,0,0,0,73.0,68.9,68.5,0.24,0.23,0.20
WBOU,2017-08-21 14:15:00 EDT,41.74505,-74.58833,1421,78.5,78.0,78.5,58.6,62.8,0.000,0.000,0.00,0.000,7.0,12.5,1.9,240,18,7.5,13.8,2.1,241,19,7.0,12.5,1.9,240,18,255,28.67,,0,0,0,73.3,68.9,68.5,0.24,0.23,0.20
WBOU,2017-08-21 14:20:00 EDT,41.74505,-74.58833,1421,77.8,77.4,77.8,60.3,62.9,0.000,0.000,0.00,0.000,5.4,8.3,1.3,239,19,5.9,8.8,1.4,239,18,5.4,8.3,1.3,239,19,118,28.66,,0,0,0,73.4,68.9,68.5,0.24,0.23,0.20
WBOU,2017-08-21 14:25:00 EDT,41.74505,-74.58833,1421,77.7,77.4,77.7,60.7,63.0,0.000,0.000,0.00,0.000,5.6,8.0,1.3,219,16,6.0,9.7,1.3,218,16,5.6,8.0,1.3,219,16,137,28.66,,0,0,0,73.4,68.9,68.5,0.24,0.23,0.20
WBOU,2017-08-21 14:30:00 EDT,41.74505,-74.58833,1421,77.9,77.6,77.9,61.1,63.4,0.000,0.000,0.00,0.000,6.1,9.1,1.3,219,21,6.5,10.0,1.4,218,21,6.1,9.1,1.3,219,21,227,28.66,,0,0,0,73.4,68.9,68.5,0.24,0.23,0.20
WBOU,2017-08-21 14:35:00 EDT,41.74505,-74.58833,1421,78.0,77.6,78.0,60.8,63.4,0.000,0.000,0.00,0.000,5.4,9.2,1.4,228,17,5.9,10.2,1.7,227,18,5.4,9.2,1.4,228,17,194,28.66,,0,0,0,73.4,68.9,68.5,0.24,0.23,0.20
WBOU,2017-08-21 14:40:00 EDT,41.74505,-74.58833,1421,77.9,77.6,77.9,61.5,63.6,0.000,0.000,0.00,0.000,4.8,9.3,1.6,233,14,5.3,9.7,1.5,234,13,4.8,9.3,1.6,233,14,196,28.66,,0,0,0,73.4,68.9,68.5,0.24,0.23,0.20
WBOU,2017-08-21 14:45:00 EDT,41.74505,-74.58833,1421,77.8,77.5,77.8,61.7,63.6,0.000,0.000,0.00,0.000,6.2,8.5,1.1,224,16,6.6,10.6,1.3,222,15,6.2,8.5,1.1,224,16,204,28.66,,0,0,0,73.4,68.9,68.5,0.24,0.23,0.20
WBOU,2017-08-21 14:50:00 EDT,41.74505,-74.58833,1421,77.8,77.4,77.8,61.7,63.6,0.000,0.000,0.00,0.000,6.1,9.6,1.5,226,15,6.4,10.1,1.5,225,15,6.1,9.6,1.5,226,15,202,28.66,,0,0,0,73.3,68.9,68.5,0.24,0.23,0.20
WBOU,2017-08-21 14:55:00 EDT,41.74505,-74.58833,1421,77.8,77.4,77.8,62.3,63.8,0.000,0.000,0.00,0.000,4.9,7.6,1.2,226,13,5.4,9.0,1.2,226,14,4.9,7.6,1.2,226,13,225,28.66,,0,0,0,73.1,68.9,68.5,0.24,0.23,0.20
WBOU,2017-08-21 15:00:00 EDT,41.74505,-74.58833,1421,78.0,77.5,78.0,62.6,64.1,0.000,0.000,0.00,0.000,4.5,7.4,1.1,231,15,4.8,8.2,1.2,230,15,4.5,7.4,1.1,231,15,257,28.65,,0,0,0,73.0,68.9,68.5,0.24,0.23,0.20
WBOU,2017-08-21 15:05:00 EDT,41.74505,-74.58833,1421,78.0,77.6,78.0,62.4,64.1,0.000,0.000,0.00,0.000,5.2,9.0,1.5,241,17,5.7,9.8,1.7,242,17,5.2,9.0,1.5,241,17,283,28.65,,0,0,0,73.0,69.1,68.5,0.24,0.23,0.20
WBOU,2017-08-21 15:10:00 EDT,41.74505,-74.58833,1421,78.1,77.6,78.1,62.7,64.4,0.000,0.000,0.00,0.000,4.7,8.0,1.0,244,17,5.1,8.9,1.2,245,15,4.7,8.0,1.0,244,17,312,28.65,,0,0,0,73.0,69.1,68.5,0.24,0.23,0.20
WBOU,2017-08-21 15:15:00 EDT,41.74505,-74.58833,1421,78.1,77.6,78.1,62.2,64.1,0.000,0.000,0.00,0.000,5.1,9.1,1.4,248,16,5.6,10.8,1.6,249,15,5.1,9.1,1.4,248,16,242,28.65,,0,0,0,73.0,69.2,68.5,0.24,0.23,0.20
WBOU,2017-08-21 15:20:00 EDT,41.74505,-74.58833,1421,78.1,77.6,78.1,62.6,64.3,0.000,0.000,0.00,0.000,5.0,7.2,1.1,233,18,5.2,8.4,1.3,232,19,5.0,7.2,1.1,233,18,240,28.65,,0,0,0,73.0,69.3,68.5,0.24,0.23,0.20
WBOU,2017-08-21 15:25:00 EDT,41.74505,-74.58833,1421,78.3,77.7,78.3,63.2,64.8,0.000,0.000,0.00,0.000,5.2,7.5,1.2,245,14,5.6,9.1,1.5,246,15,5.2,7.5,1.2,245,14,305,28.65,,0,0,0,73.0,69.3,68.5,0.24,0.23,0.20
WBOU,2017-08-21 15:30:00 EDT,41.74505,-74.58833,1421,78.5,77.9,78.5,63.5,65.1,0.000,0.000,0.00,0.000,5.3,8.1,1.8,209,19,5.9,9.7,1.7,207,19,5.3,8.1,1.8,209,19,295,28.65,,0,0,0,73.0,69.3,68.5,0.23,0.23,0.20
WBOU,2017-08-21 15:35:00 EDT,41.74505,-74.58833,1421,78.3,77.9,78.3,64.0,65.2,0.000,0.000,0.00,0.000,6.1,8.3,1.1,200,15,6.4,10.0,1.3,199,15,6.1,8.3,1.1,200,15,289,28.65,,0,0,0,73.0,69.3,68.5,0.24,0.23,0.20
WBOU,2017-08-21 15:40:00 EDT,41.74505,-74.58833,1421,78.4,77.8,78.4,64.0,65.2,0.000,0.000,0.00,0.000,5.4,8.2,1.3,223,16,5.7,8.5,1.3,222,17,5.4,8.2,1.3,223,16,329,28.65,,0,0,0,73.0,69.3,68.5,0.24,0.23,0.20
WBOU,2017-08-21 15:45:00 EDT,41.74505,-74.58833,1421,78.6,78.1,78.6,63.7,65.3,0.000,0.000,0.00,0.000,6.5,10.4,1.4,207,15,6.8,12.0,1.7,205,15,6.5,10.4,1.4,207,15,331,28.65,,0,0,0,73.0,69.3,68.5,0.24,0.23,0.20
WBOU,2017-08-21 15:50:00 EDT,41.74505,-74.58833,1421,79.3,78.7,79.3,63.4,65.8,0.000,0.000,0.00,0.000,7.6,11.6,1.4,207,16,8.0,12.1,1.6,204,16,7.6,11.6,1.4,207,16,557,28.65,,0,0,0,73.0,69.3,68.5,0.23,0.23,0.20
WBOU,2017-08-21 15:55:00 EDT,41.74505,-74.58833,1421,79.7,79.0,79.7,62.1,65.6,0.000,0.000,0.00,0.000,9.0,13.4,2.2,202,12,9.7,14.1,2.5,201,11,9.0,13.4,2.2,202,12,557,28.64,,0,0,0,73.0,69.3,68.5,0.23,0.23,0.20
WBOU,2017-08-21 16:00:00 EDT,41.74505,-74.58833,1421,79.9,79.1,79.9,61.5,65.5,0.000,0.000,0.00,0.000,6.3,11.0,2.3,228,18,6.9,11.7,2.2,227,19,6.3,11.0,2.3,228,18,556,28.64,,0,0,0,73.0,69.3,68.5,0.23,0.23,0.20
WBOU,2017-08-21 16:05:00 EDT,41.74505,-74.58833,1421,80.1,79.2,82.1,61.5,65.7,0.000,0.000,0.00,0.000,7.0,11.4,1.8,210,19,7.4,11.5,2.0,207,18,7.0,11.4,1.8,210,19,555,28.64,,0,0,0,73.0,69.3,68.5,0.23,0.23,0.20
WBOU,2017-08-21 16:10:00 EDT,41.74505,-74.58833,1421,79.7,79.0,79.7,62.9,65.9,0.000,0.000,0.00,0.000,6.5,10.4,2.0,179,22,7.4,12.3,2.1,178,20,6.5,10.4,2.0,179,22,562,28.64,,0,0,0,73.0,69.3,68.5,0.23,0.23,0.20
WBOU,2017-08-21 16:15:00 EDT,41.74505,-74.58833,1421,79.1,78.5,79.1,64.4,66.1,0.000,0.000,0.00,0.000,5.3,10.8,1.9,171,23,6.3,11.9,2.2,170,19,5.3,10.8,1.9,171,23,243,28.64,,0,0,0,73.0,69.3,68.5,0.23,0.23,0.20
WBOU,2017-08-21 16:20:00 EDT,41.74505,-74.58833,1421,79.0,78.4,79.0,66.4,66.8,0.000,0.000,0.00,0.000,6.3,12.5,2.7,194,22,7.3,14.2,2.8,192,19,6.3,12.5,2.7,194,22,425,28.64,,0,0,0,73.0,69.3,68.5,0.23,0.23,0.20
WBOU,2017-08-21 16:25:00 EDT,41.74505,-74.58833,1421,79.4,78.8,79.4,65.4,66.8,0.000,0.000,0.00,0.000,7.4,12.1,1.9,204,13,7.9,14.2,2.2,201,13,7.4,12.1,1.9,204,13,374,28.64,,0,0,0,73.0,69.3,68.5,0.23,0.23,0.20
WBOU,2017-08-21 16:30:00 EDT,41.74505,-74.58833,1421,79.7,79.0,79.7,64.7,66.8,0.000,0.000,0.00,0.000,9.0,13.5,2.2,191,11,9.9,15.0,2.4,190,11,9.0,13.5,2.2,191,11,485,28.64,,0,0,0,73.0,69.3,68.5,0.23,0.23,0.20
WBOU,2017-08-21 16:35:00 EDT,41.74505,-74.58833,1421,79.0,78.5,79.0,65.8,66.6,0.000,0.000,0.00,0.000,7.5,13.2,2.2,210,16,8.0,14.1,2.2,207,15,7.5,13.2,2.2,210,16,176,28.64,,0,0,0,73.0,69.4,68.5,0.23,0.23,0.20
WBOU,2017-08-21 16:40:00 EDT,41.74505,-74.58833,1421,78.7,78.2,78.7,67.0,66.8,0.000,0.000,0.00,0.000,7.2,10.2,1.5,227,15,7.4,11.0,1.4,226,16,7.2,10.2,1.5,227,15,225,28.64,,0,0,0,73.0,69.4,68.5,0.23,0.23,0.20
WBOU,2017-08-21 16:45:00 EDT,41.74505,-74.58833,1421,79.1,78.5,79.1,68.0,67.6,0.000,0.000,0.00,0.000,6.7,11.4,2.0,196,24,7.5,13.3,2.2,193,23,6.7,11.4,2.0,196,24,343,28.64,,0,0,0,73.0,69.5,68.5,0.23,0.23,0.20
WBOU,2017-08-21 16:50:00 EDT,41.74505,-74.58833,1421,79.2,78.7,79.2,68.7,68.0,0.000,0.000,0.00,0.000,6.4,10.8,2.0,191,19,7.3,12.5,2.2,190,17,6.4,10.8,2.0,191,19,437,28.64,,0,0,0,73.0,69.6,68.5,0.23,0.23,0.20
WBOU,2017-08-21 16:55:00 EDT,41.74505,-74.58833,1421,79.6,78.9,79.6,67.7,67.9,0.000,0.000,0.00,0.000,7.8,10.6,1.2,193,13,8.6,12.9,1.5,190,12,7.8,10.6,1.2,193,13,356,28.64,,0,0,0,73.0,69.6,68.5,0.23,0.23,0.20
WBOU,2017-08-21 17:00:00 EDT,41.74505,-74.58833,1421,79.1,78.5,79.1,68.2,67.7,0.000,0.000,0.00,0.000,7.2,9.7,1.3,199,11,7.9,10.6,1.5,197,9,7.2,9.7,1.3,199,11,366,28.64,,0,0,0,73.0,69.6,68.5,0.23,0.23,0.20
WBOU,2017-08-21 17:05:00 EDT,41.74505,-74.58833,1421,79.4,78.8,79.4,68.6,68.2,0.000,0.000,0.00,0.000,5.9,9.1,1.2,204,12,6.5,10.0,1.3,202,11,5.9,9.1,1.2,204,12,396,28.64,,0,0,0,73.0,69.6,68.5,0.23,0.23,0.20
WBOU,2017-08-21 17:10:00 EDT,41.74505,-74.58833,1421,79.6,78.9,79.6,67.6,67.9,0.000,0.000,0.00,0.000,7.4,10.5,1.6,219,12,7.7,11.2,1.6,217,11,7.4,10.5,1.6,219,12,351,28.64,,0,0,0,73.0,69.6,68.5,0.23,0.23,0.20
WBOU,2017-08-21 17:15:00 EDT,41.74505,-74.58833,1421,79.4,78.8,79.4,68.2,68.0,0.000,0.000,0.00,0.000,6.8,10.7,1.9,198,16,7.7,12.3,2.0,197,15,6.8,10.7,1.9,198,16,304,28.64,,0,0,0,73.0,69.6,68.5,0.23,0.23,0.20
WBOU,2017-08-21 17:20:00 EDT,41.74505,-74.58833,1421,79.1,78.7,79.1,69.2,68.1,0.000,0.000,0.00,0.000,6.1,11.1,1.8,214,13,6.6,11.2,1.8,211,12,6.1,11.1,1.8,214,13,236,28.63,,0,0,0,73.0,69.6,68.5,0.23,0.23,0.20
WBOU,2017-08-21 17:25:00 EDT,41.74505,-74.58833,1421,79.6,78.9,79.6,69.1,68.6,0.000,0.000,0.00,0.000,5.7,8.0,1.0,221,9,6.0,8.0,0.8,220,10,5.7,8.0,1.0,221,9,351,28.64,,0,0,0,73.0,69.6,68.5,0.23,0.23,0.20
WBOU,2017-08-21 17:30:00 EDT,41.74505,-74.58833,1421,79.7,79.1,79.7,68.2,68.2,0.000,0.000,0.00,0.000,8.2,11.8,1.5,222,17,8.6,12.2,1.6,221,17,8.2,11.8,1.5,222,17,273,28.64,,0,0,0,73.0,69.6,68.5,0.23,0.23,0.20
WBOU,2017-08-21 17:35:00 EDT,41.74505,-74.58833,1421,79.1,78.7,79.1,68.2,67.7,0.000,0.000,0.00,0.000,7.0,11.0,1.7,229,15,7.3,11.6,2.0,230,17,7.0,11.0,1.7,229,15,123,28.63,,0,0,0,73.0,69.6,68.5,0.23,0.23,0.20
WBOU,2017-08-21 17:40:00 EDT,41.74505,-74.58833,1421,79.0,78.6,79.0,70.0,68.4,0.000,0.000,0.00,0.000,5.9,10.5,2.1,200,18,6.5,11.2,2.3,199,16,5.9,10.5,2.1,200,18,298,28.63,,0,0,0,73.0,69.6,68.5,0.23,0.23,0.20
WBOU,2017-08-21 17:45:00 EDT,41.74505,-74.58833,1421,79.2,78.7,79.2,70.4,68.7,0.000,0.000,0.00,0.000,6.9,10.5,1.9,209,12,7.4,11.9,2.0,207,12,6.9,10.5,1.9,209,12,247,28.63,,0,0,0,73.0,69.6,68.5,0.23,0.23,0.20
WBOU,2017-08-21 17:50:00 EDT,41.74505,-74.58833,1421,79.0,78.5,79.0,70.6,68.6,0.000,0.000,0.00,0.000,7.6,11.6,1.5,214,11,8.0,11.8,1.5,212,9,7.6,11.6,1.5,214,11,145,28.63,,0,0,0,73.0,69.6,68.5,0.23,0.23,0.20
WBOU,2017-08-21 17:55:00 EDT,41.74505,-74.58833,1421,78.6,78.3,78.6,71.6,68.6,0.000,0.000,0.00,0.000,6.0,9.1,1.3,207,14,6.5,9.4,1.3,205,14,6.0,9.1,1.3,207,14,130,28.63,,0,0,0,73.0,69.6,68.5,0.23,0.23,0.20
WBOU,2017-08-21 18:00:00 EDT,41.74505,-74.58833,1421,78.5,78.2,78.5,71.8,68.6,0.000,0.000,0.00,0.000,6.4,8.9,1.4,208,12,6.9,10.0,1.7,205,11,6.4,8.9,1.4,208,12,96,28.63,,0,0,0,73.0,69.6,68.5,0.23,0.23,0.20
WBOU,2017-08-21 18:05:00 EDT,41.74505,-74.58833,1421,78.4,78.2,78.4,72.2,68.7,0.000,0.000,0.00,0.000,5.6,8.8,1.2,203,12,6.0,9.0,1.4,202,11,5.6,8.8,1.2,203,12,68,28.62,,0,0,0,73.0,69.6,68.5,0.23,0.23,0.20
WBOU,2017-08-21 18:10:00 EDT,41.74505,-74.58833,1421,78.1,78.0,78.1,73.0,68.8,0.000,0.000,0.00,0.000,6.3,9.1,1.2,201,12,6.8,10.0,1.3,199,10,6.3,9.1,1.2,201,12,52,28.62,,0,0,0,73.0,69.6,68.5,0.23,0.23,0.20
WBOU,2017-08-21 18:15:00 EDT,41.74505,-74.58833,1421,77.9,77.7,77.9,73.7,68.8,0.000,0.000,0.00,0.000,5.5,9.0,1.2,207,12,5.8,10.1,1.2,207,12,5.5,9.0,1.2,207,12,57,28.62,,0,0,0,73.0,69.6,68.5,0.23,0.23,0.20
WBOU,2017-08-21 18:20:00 EDT,41.74505,-74.58833,1421,77.6,77.5,77.6,74.7,68.9,0.000,0.000,0.00,0.000,4.7,7.2,1.2,207,15,5.1,8.1,1.2,205,15,4.7,7.2,1.2,207,15,64,28.62,,0,0,0,73.0,69.6,68.5,0.23,0.23,0.20
WBOU,2017-08-21 18:25:00 EDT,41.74505,-74.58833,1421,77.4,77.3,77.4,75.5,69.1,0.000,0.000,0.00,0.000,4.5,6.8,1.0,204,11,4.9,8.3,1.1,202,10,4.5,6.8,1.0,204,11,63,28.62,,0,0,0,73.0,69.7,68.5,0.23,0.23,0.20
WBOU,2017-08-21 18:30:00 EDT,41.74505,-74.58833,1421,77.3,77.1,77.3,76.0,69.1,0.000,0.000,0.00,0.000,4.6,6.8,0.8,208,16,5.2,7.9,1.0,206,14,4.6,6.8,0.8,208,16,57,28.62,,0,0,0,73.0,69.7,68.5,0.23,0.23,0.20
WBOU,2017-08-21 18:35:00 EDT,41.74505,-74.58833,1421,77.2,77.0,77.2,76.3,69.1,0.000,0.000,0.00,0.000,5.2,7.1,1.0,214,12,5.5,8.5,1.1,212,12,5.2,7.1,1.0,214,12,53,28.62,,0,0,0,73.0,69.9,68.5,0.23,0.23,0.20
WBOU,2017-08-21 18:40:00 EDT,41.74505,-74.58833,1421,77.1,76.9,77.1,76.6,69.2,0.000,0.000,0.00,0.000,5.3,7.2,0.8,203,10,5.7,7.4,0.9,201,9,5.3,7.2,0.8,203,10,52,28.62,,0,0,0,72.9,69.9,68.6,0.23,0.23,0.20
WBOU,2017-08-21 18:45:00 EDT,41.74505,-74.58833,1421,76.5,76.5,76.5,78.3,69.2,0.000,0.000,0.00,0.000,4.0,7.5,1.4,194,18,4.5,8.4,1.6,193,16,4.0,7.5,1.4,194,18,47,28.62,,0,0,0,72.8,70.0,68.6,0.23,0.23,0.20
WBOU,2017-08-21 18:50:00 EDT,41.74505,-74.58833,1421,76.5,76.4,76.5,78.9,69.5,0.000,0.000,0.00,0.000,4.8,7.4,1.2,197,14,5.2,8.8,1.4,195,11,4.8,7.4,1.2,197,14,43,28.61,,0,0,0,72.7,70.0,68.6,0.23,0.23,0.20
WBOU,2017-08-21 18:55:00 EDT,41.74505,-74.58833,1421,76.4,76.3,76.4,79.4,69.6,0.000,0.000,0.00,0.000,5.1,8.8,1.5,197,13,5.9,9.4,1.5,196,12,5.1,8.8,1.5,197,13,40,28.61,,0,0,0,72.7,70.0,68.7,0.23,0.23,0.20
WBOU,2017-08-21 19:00:00 EDT,41.74505,-74.58833,1421,76.3,76.2,76.3,80.0,69.7,0.000,0.000,0.00,0.000,5.3,8.1,1.3,198,14,5.9,8.8,1.3,196,12,5.3,8.1,1.3,198,14,38,28.61,,0,0,0,72.7,70.0,68.7,0.23,0.23,0.20
WBOU,2017-08-21 19:05:00 EDT,41.74505,-74.58833,1421,76.3,76.1,76.3,80.1,69.7,0.000,0.000,0.00,0.000,5.4,8.8,1.2,205,11,5.7,9.4,1.4,204,11,5.4,8.8,1.2,205,11,34,28.62,,0,0,0,72.7,70.0,68.8,0.23,0.23,0.20
WBOU,2017-08-21 19:10:00 EDT,41.74505,-74.58833,1421,76.1,76.0,76.1,80.4,69.7,0.000,0.000,0.00,0.000,5.2,9.4,1.2,210,14,5.6,10.1,1.5,209,12,5.2,9.4,1.2,210,14,29,28.62,,0,0,0,72.7,70.0,68.7,0.23,0.23,0.20
WBOU,2017-08-21 19:15:00 EDT,41.74505,-74.58833,1421,76.2,76.0,76.2,80.1,69.6,0.000,0.000,0.00,0.000,5.4,8.2,1.0,209,13,5.7,9.4,1.3,209,14,5.4,8.2,1.0,209,13,28,28.62,,0,0,0,72.7,70.0,68.8,0.23,0.23,0.20
WBOU,2017-08-21 19:20:00 EDT,41.74505,-74.58833,1421,76.0,75.8,76.0,80.6,69.6,0.000,0.000,0.00,0.000,5.4,7.7,0.9,201,13,5.8,7.9,1.0,199,13,5.4,7.7,0.9,201,13,33,28.62,,0,0,0,72.7,70.0,68.8,0.23,0.23,0.20
WBOU,2017-08-21 19:25:00 EDT,41.74505,-74.58833,1421,75.8,75.6,75.8,81.5,69.7,0.000,0.000,0.00,0.000,3.7,5.7,0.9,203,14,4.0,6.3,1.1,201,12,3.7,5.7,0.9,203,14,34,28.62,,0,0,0,72.7,70.0,68.8,0.23,0.23,0.20
WBOU,2017-08-21 19:30:00 EDT,41.74505,-74.58833,1421,75.7,75.5,75.7,81.4,69.6,0.000,0.000,0.00,0.000,4.0,6.1,0.9,206,14,4.3,6.6,1.1,204,13,4.0,6.1,0.9,206,14,32,28.62,,0,0,0,72.7,70.0,68.8,0.23,0.23,0.20
WBOU,2017-08-21 19:35:00 EDT,41.74505,-74.58833,1421,75.7,75.4,75.7,81.4,69.6,0.000,0.000,0.00,0.000,5.0,7.8,1.1,209,12,5.3,9.0,1.1,206,10,5.0,7.8,1.1,209,12,29,28.62,,0,0,0,72.7,70.0,68.8,0.23,0.23,0.20
WBOU,2017-08-21 19:40:00 EDT,41.74505,-74.58833,1421,75.5,75.3,75.5,81.7,69.6,0.000,0.000,0.00,0.000,4.1,6.1,0.7,209,12,4.4,6.3,0.9,208,11,4.1,6.1,0.7,209,12,25,28.62,,0,0,0,72.7,70.0,68.9,0.23,0.23,0.20
WBOU,2017-08-21 19:45:00 EDT,41.74505,-74.58833,1421,75.3,75.2,75.3,82.1,69.5,0.000,0.000,0.00,0.000,3.5,5.6,0.8,206,12,3.7,6.3,0.9,204,12,3.5,5.6,0.8,206,12,21,28.62,,0,0,0,72.7,70.0,68.9,0.23,0.23,0.20
WBOU,2017-08-21 19:50:00 EDT,41.74505,-74.58833,1421,75.3,75.2,75.3,82.1,69.5,0.000,0.000,0.00,0.000,4.9,6.7,0.8,211,13,5.2,7.8,1.0,210,12,4.9,6.7,0.8,211,13,14,28.62,,0,0,0,72.6,70.0,68.9,0.23,0.23,0.20
WBOU,2017-08-21 19:55:00 EDT,41.74505,-74.58833,1421,75.2,75.1,75.2,82.3,69.4,0.000,0.000,0.00,0.000,6.1,9.5,1.2,220,11,6.3,10.2,1.2,219,11,6.1,9.5,1.2,220,11,5,28.62,,0,0,0,72.4,70.0,68.9,0.23,0.23,0.20
WBOU,2017-08-21 20:00:00 EDT,41.74505,-74.58833,1421,75.0,74.9,75.0,82.7,69.4,0.000,0.000,0.00,0.000,5.9,8.6,1.2,215,10,6.1,8.7,1.1,213,9,5.9,8.6,1.2,215,10,1,28.62,,0,0,0,72.3,70.0,68.9,0.23,0.23,0.20
WBOU,2017-08-21 20:05:00 EDT,41.74505,-74.58833,1421,74.9,74.7,74.9,83.0,69.4,0.000,0.000,0.00,0.000,5.5,7.4,0.9,217,12,5.9,8.5,1.1,215,10,5.5,7.4,0.9,217,12,0,28.63,,0,0,0,72.3,70.0,68.9,0.23,0.23,0.20
WBOU,2017-08-21 20:10:00 EDT,41.74505,-74.58833,1421,74.6,74.5,74.6,83.5,69.3,0.000,0.000,0.00,0.000,4.9,8.9,1.2,215,11,5.3,9.3,1.2,214,11,4.9,8.9,1.2,215,11,0,28.63,,0,0,0,72.3,70.0,68.9,0.23,0.23,0.20
WBOU,2017-08-21 20:15:00 EDT,41.74505,-74.58833,1421,74.4,74.4,74.4,83.8,69.2,0.000,0.000,0.00,0.000,5.1,8.0,1.0,211,11,5.4,8.1,1.1,210,10,5.1,8.0,1.0,211,11,0,28.63,,0,0,0,72.3,70.0,68.9,0.23,0.23,0.20
WBOU,2017-08-21 20:20:00 EDT,41.74505,-74.58833,1421,74.1,74.1,74.1,84.4,69.1,0.000,0.000,0.00,0.000,4.8,7.5,1.0,209,13,5.0,7.9,1.2,209,12,4.8,7.5,1.0,209,13,0,28.62,,0,0,0,72.3,70.0,68.9,0.23,0.23,0.20
WBOU,2017-08-21 20:25:00 EDT,41.74505,-74.58833,1421,74.0,74.0,74.0,84.7,69.1,0.000,0.000,0.00,0.000,4.7,7.1,0.9,219,12,5.0,7.7,0.9,217,12,4.7,7.1,0.9,219,12,0,28.62,,0,0,0,72.3,70.0,68.9,0.23,0.23,0.20
WBOU,2017-08-21 20:30:00 EDT,41.74505,-74.58833,1421,74.1,74.0,74.1,84.3,69.1,0.000,0.000,0.00,0.000,5.1,7.6,0.9,210,13,5.4,8.9,1.1,210,13,5.1,7.6,0.9,210,13,0,28.62,,0,0,0,72.3,70.0,68.9,0.23,0.23,0.20
WBOU,2017-08-21 20:35:00 EDT,41.74505,-74.58833,1421,73.9,73.8,73.9,84.6,69.0,0.000,0.000,0.00,0.000,4.7,6.9,0.8,219,11,4.9,7.3,0.9,217,9,4.7,6.9,0.8,219,11,0,28.62,,0,0,0,72.3,70.0,68.9,0.23,0.23,0.20
WBOU,2017-08-21 20:40:00 EDT,41.74505,-74.58833,1421,73.8,73.6,73.8,85.1,69.0,0.000,0.000,0.00,0.000,4.5,6.9,0.9,219,11,4.9,8.3,1.1,218,10,4.5,6.9,0.9,219,11,0,28.62,,0,0,0,72.3,70.0,68.9,0.23,0.23,0.20
WBOU,2017-08-21 20:45:00 EDT,41.74505,-74.58833,1421,73.6,73.5,73.6,85.3,68.9,0.000,0.000,0.00,0.000,4.2,6.6,0.9,219,15,4.5,7.4,1.1,217,13,4.2,6.6,0.9,219,15,0,28.62,,0,0,0,72.3,70.0,68.9,0.23,0.23,0.20
WBOU,2017-08-21 20:50:00 EDT,41.74505,-74.58833,1421,73.4,73.2,73.4,86.0,69.0,0.000,0.000,0.00,0.000,3.6,5.5,0.6,217,12,3.7,6.1,0.9,215,13,3.6,5.5,0.6,217,12,0,28.63,,0,0,0,72.3,70.0,68.9,0.23,0.23,0.20
WBOU,2017-08-21 20:55:00 EDT,41.74505,-74.58833,1421,73.1,73.0,73.1,86.6,68.9,0.000,0.000,0.00,0.000,3.9,7.2,0.7,215,11,4.0,7.1,0.8,214,10,3.9,7.2,0.7,215,11,0,28.63,,0,0,0,72.0,70.0,68.9,0.23,0.23,0.20
WBOU,2017-08-21 21:00:00 EDT,41.74505,-74.58833,1421,73.0,72.9,73.0,87.3,69.0,0.000,0.000,0.00,0.000,5.1,7.2,0.9,217,11,5.3,7.8,1.1,216,12,5.1,7.2,0.9,217,11,0,28.63,,0,0,0,71.8,70.0,68.9,0.23,0.23,0.20
WBOU,2017-08-21 21:05:00 EDT,41.74505,-74.58833,1421,72.7,72.6,72.7,87.6,68.8,0.000,0.000,0.00,0.000,4.0,5.8,0.8,212,10,4.4,6.1,0.9,211,9,4.0,5.8,0.8,212,10,0,28.63,,0,0,0,71.8,70.0,68.9,0.23,0.23,0.20
WBOU,2017-08-21 21:10:00 EDT,41.74505,-74.58833,1421,72.8,72.7,72.8,87.9,69.0,0.000,0.000,0.00,0.000,5.2,6.6,0.7,220,9,5.4,7.9,0.8,219,8,5.2,6.6,0.7,220,9,0,28.63,,0,0,0,71.8,70.0,68.9,0.23,0.23,0.20
WBOU,2017-08-21 21:15:00 EDT,41.74505,-74.58833,1421,72.8,72.7,72.8,87.7,69.0,0.000,0.000,0.00,0.000,6.3,8.2,0.9,219,9,6.5,8.9,1.1,218,8,6.3,8.2,0.9,219,9,0,28.63,,0,0,0,71.8,70.0,68.9,0.23,0.23,0.20
WBOU,2017-08-21 21:20:00 EDT,41.74505,-74.58833,1421,72.8,72.7,72.8,87.6,69.0,0.000,0.000,0.00,0.000,6.2,10.7,1.5,219,13,6.6,11.5,1.6,218,11,6.2,10.7,1.5,219,13,0,28.63,,0,0,0,71.8,70.0,68.9,0.23,0.23,0.20
WBOU,2017-08-21 21:25:00 EDT,41.74505,-74.58833,1421,72.6,72.5,72.6,88.2,68.9,0.000,0.000,0.00,0.000,6.2,9.1,1.0,220,10,6.5,9.6,1.1,220,8,6.2,9.1,1.0,220,10,0,28.63,,0,0,0,71.8,70.0,68.9,0.23,0.23,0.20
WBOU,2017-08-21 21:30:00 EDT,41.74505,-74.58833,1421,72.4,72.2,72.4,88.9,68.9,0.000,0.000,0.00,0.000,6.2,9.4,0.9,220,12,6.5,10.0,1.1,219,9,6.2,9.4,0.9,220,12,0,28.63,,0,0,0,71.8,70.0,68.9,0.23,0.23,0.20
WBOU,2017-08-21 21:35:00 EDT,41.74505,-74.58833,1421,72.3,72.1,72.3,89.4,69.0,0.000,0.000,0.00,0.000,6.7,9.2,1.0,223,12,6.8,9.6,1.1,221,10,6.7,9.2,1.0,223,12,0,28.63,,0,0,0,71.8,70.0,68.9,0.23,0.23,0.20
WBOU,2017-08-21 21:40:00 EDT,41.74505,-74.58833,1421,72.3,72.1,72.3,89.5,69.1,0.000,0.000,0.00,0.000,6.1,8.3,0.9,222,12,6.3,8.4,0.9,220,11,6.1,8.3,0.9,222,12,0,28.63,,0,0,0,71.8,70.0,68.9,0.23,0.23,0.20
WBOU,2017-08-21 21:45:00 EDT,41.74505,-74.58833,1421,72.2,72.0,72.2,89.7,69.0,0.000,0.000,0.00,0.000,5.7,8.0,1.0,219,12,5.8,8.4,1.1,218,12,5.7,8.0,1.0,219,12,0,28.63,,0,0,0,71.8,70.0,68.9,0.23,0.23,0.20
WBOU,2017-08-21 21:50:00 EDT,41.74505,-74.58833,1421,72.1,71.9,72.1,90.2,69.0,0.000,0.000,0.00,0.000,5.1,9.6,1.1,227,11,5.2,9.2,1.2,228,11,5.1,9.6,1.1,227,11,0,28.63,,0,0,0,71.7,70.0,68.9,0.23,0.23,0.20
WBOU,2017-08-21 21:55:00 EDT,41.74505,-74.58833,1421,72.2,72.0,72.2,90.2,69.1,0.000,0.000,0.00,0.000,5.3,7.7,1.1,230,14,5.6,8.1,1.1,231,13,5.3,7.7,1.1,230,14,0,28.63,,0,0,0,71.5,70.0,68.9,0.23,0.23,0.20
WBOU,2017-08-21 22:00:00 EDT,41.74505,-74.58833,1421,72.1,71.9,72.1,90.2,69.1,0.000,0.000,0.00,0.000,4.7,6.6,0.8,230,14,4.8,7.8,1.0,231,13,4.7,6.6,0.8,230,14,0,28.63,,0,0,0,71.4,70.0,68.9,0.23,0.23,0.20
WBOU,2017-08-21 22:05:00 EDT,41.74505,-74.58833,1421,72.1,71.8,72.1,90.4,69.1,0.000,0.000,0.00,0.000,4.0,6.2,0.9,240,13,4.3,6.9,1.1,242,12,4.0,6.2,0.9,240,13,0,28.63,,0,0,0,71.4,70.0,68.9,0.23,0.23,0.20
WBOU,2017-08-21 22:10:00 EDT,41.74505,-74.58833,1421,71.6,71.4,71.6,91.0,68.9,0.000,0.000,0.00,0.000,2.3,4.7,0.6,241,13,2.5,5.5,0.8,241,13,2.3,4.7,0.6,241,13,0,28.63,,0,0,0,71.4,70.0,68.9,0.23,0.23,0.20
WBOU,2017-08-21 22:15:00 EDT,41.74505,-74.58833,1421,71.5,71.5,71.5,91.5,68.9,0.000,0.000,0.00,0.000,3.5,5.6,1.0,241,14,3.8,6.1,1.1,241,13,3.5,5.6,1.0,241,14,0,28.63,,0,0,0,71.4,70.0,68.9,0.23,0.23,0.20
WBOU,2017-08-21 22:20:00 EDT,41.74505,-74.58833,1421,71.6,71.5,71.6,91.2,68.9,0.000,0.000,0.00,0.000,3.9,5.5,0.7,245,15,4.2,6.0,0.8,246,14,3.9,5.5,0.7,245,15,0,28.63,,0,0,0,71.4,70.0,68.9,0.23,0.23,0.20
WBOU,2017-08-21 22:25:00 EDT,41.74505,-74.58833,1421,71.5,71.3,71.5,91.2,68.8,0.000,0.000,0.00,0.000,4.2,6.4,1.0,233,13,4.4,7.2,1.1,234,14,4.2,6.4,1.0,233,13,0,28.63,,0,0,0,71.4,70.0,68.9,0.23,0.23,0.20
WBOU,2017-08-21 22:30:00 EDT,41.74505,-74.58833,1421,71.4,71.3,71.4,91.1,68.7,0.000,0.000,0.00,0.000,4.2,6.5,0.8,234,13,4.4,7.6,0.9,235,12,4.2,6.5,0.8,234,13,0,28.62,,0,0,0,71.4,70.0,68.9,0.23,0.23,0.20
WBOU,2017-08-21 22:35:00 EDT,41.74505,-74.58833,1421,71.4,71.3,71.4,90.8,68.6,0.000,0.000,0.00,0.000,4.0,6.7,0.9,243,14,4.6,6.8,1.0,244,13,4.0,6.7,0.9,243,14,0,28.62,,0,0,0,71.4,70.0,68.9,0.23,0.23,0.20
WBOU,2017-08-21 22:40:00 EDT,41.74505,-74.58833,1421,71.3,71.1,71.3,90.7,68.4,0.000,0.000,0.00,0.000,4.7,7.6,1.2,245,14,5.1,8.4,1.4,247,12,4.7,7.6,1.2,245,14,0,28.62,,0,0,0,71.4,70.0,68.9,0.23,0.23,0.20
WBOU,2017-08-21 22:45:00 EDT,41.74505,-74.58833,1421,71.1,70.9,71.1,90.8,68.3,0.000,0.000,0.00,0.000,4.2,6.9,1.1,240,15,4.6,7.1,1.2,243,14,4.2,6.9,1.1,240,15,0,28.62,,0,0,0,71.4,70.0,68.9,0.23,0.23,0.20
WBOU,2017-08-21 22:50:00 EDT,41.74505,-74.58833,1421,71.0,71.0,71.0,90.3,68.0,0.000,0.000,0.00,0.000,3.3,5.5,0.9,229,13,3.5,6.1,0.9,229,12,3.3,5.5,0.9,229,13,0,28.62,,0,0,0,71.4,70.0,68.9,0.23,0.23,0.20
WBOU,2017-08-21 22:55:00 EDT,41.74505,-74.58833,1421,71.0,70.9,71.0,90.1,68.0,0.000,0.000,0.00,0.000,3.1,5.1,0.8,238,14,3.3,5.8,0.9,239,13,3.1,5.1,0.8,238,14,0,28.63,,0,0,0,71.4,70.0,68.9,0.23,0.23,0.20
WBOU,2017-08-21 23:00:00 EDT,41.74505,-74.58833,1421,71.0,70.9,71.0,89.9,67.9,0.000,0.000,0.00,0.000,4.2,6.1,0.9,236,14,4.5,7.3,1.1,236,13,4.2,6.1,0.9,236,14,0,28.63,,0,0,0,71.4,70.0,68.9,0.23,0.23,0.20
WBOU,2017-08-21 23:05:00 EDT,41.74505,-74.58833,1421,70.9,70.8,70.9,89.7,67.8,0.000,0.000,0.00,0.000,4.3,6.9,0.9,232,14,4.6,7.3,1.0,233,14,4.3,6.9,0.9,232,14,0,28.63,,0,0,0,71.4,70.0,68.9,0.23,0.23,0.20
WBOU,2017-08-21 23:10:00 EDT,41.74505,-74.58833,1421,70.8,70.7,70.8,89.4,67.5,0.000,0.000,0.00,0.000,3.5,5.4,0.5,228,14,3.8,5.5,0.7,228,14,3.5,5.4,0.5,228,14,0,28.63,,0,0,0,71.3,70.0,68.9,0.23,0.23,0.20
WBOU,2017-08-21 23:15:00 EDT,41.74505,-74.58833,1421,70.7,70.6,70.7,89.2,67.4,0.000,0.000,0.00,0.000,4.5,6.7,1.0,229,11,4.6,6.8,1.0,229,11,4.5,6.7,1.0,229,11,0,28.63,,0,0,0,71.1,70.0,68.9,0.23,0.23,0.20
WBOU,2017-08-21 23:20:00 EDT,41.74505,-74.58833,1421,70.6,70.6,70.6,88.9,67.2,0.000,0.000,0.00,0.000,5.7,7.2,0.8,223,10,5.9,8.4,1.0,222,9,5.7,7.2,0.8,223,10,0,28.63,,0,0,0,71.1,70.0,68.9,0.23,0.23,0.20
WBOU,2017-08-21 23:25:00 EDT,41.74505,-74.58833,1421,70.7,70.6,70.7,88.4,67.1,0.000,0.000,0.00,0.000,6.4,10.1,1.3,228,12,6.5,10.5,1.3,227,10,6.4,10.1,1.3,228,12,0,28.63,,0,0,0,71.1,70.0,68.9,0.23,0.23,0.20
WBOU,2017-08-21 23:30:00 EDT,41.74505,-74.58833,1421,70.6,70.5,70.6,87.9,66.8,0.000,0.000,0.00,0.000,6.0,8.4,1.2,225,10,6.0,8.3,1.2,224,9,6.0,8.4,1.2,225,10,0,28.62,,0,0,0,71.1,70.0,68.9,0.23,0.23,0.20
WBOU,2017-08-21 23:35:00 EDT,41.74505,-74.58833,1421,70.7,70.7,70.7,86.3,66.4,0.000,0.000,0.00,0.000,5.8,8.5,0.9,227,10,6.0,8.8,0.9,226,10,5.8,8.5,0.9,227,10,0,28.62,,0,0,0,71.1,70.0,68.9,0.23,0.23,0.20
WBOU,2017-08-21 23:40:00 EDT,41.74505,-74.58833,1421,70.8,70.7,70.8,85.3,66.2,0.000,0.000,0.00,0.000,5.5,7.7,1.0,228,12,5.7,8.7,1.0,228,10,5.5,7.7,1.0,228,12,0,28.62,,0,0,0,71.1,70.0,68.9,0.23,0.23,0.20
WBOU,2017-08-21 23:45:00 EDT,41.74505,-74.58833,1421,70.6,70.5,70.6,85.7,66.2,0.000,0.000,0.00,0.000,5.6,8.1,1.1,228,11,5.7,8.5,1.2,228,10,5.6,8.1,1.1,228,11,0,28.62,,0,0,0,71.1,70.0,68.9,0.23,0.23,0.20
WBOU,2017-08-21 23:50:00 EDT,41.74505,-74.58833,1421,70.5,70.3,70.5,86.4,66.2,0.000,0.000,0.00,0.000,5.0,7.4,1.1,233,12,5.2,7.6,1.3,233,12,5.0,7.4,1.1,233,12,0,28.62,,0,0,0,71.1,70.0,68.9,0.23,0.23,0.20
WBOU,2017-08-21 23:55:00 EDT,41.74505,-74.58833,1421,70.2,70.1,70.2,87.1,66.2,0.000,0.000,0.00,0.000,4.5,7.5,1.0,232,11,4.7,7.6,1.1,233,12,4.5,7.5,1.0,232,11,0,28.62,,0,0,0,71.1,70.0,68.9,0.23,0.23,0.20
WELL,2017-08-21 00:00:00 EDT,44.30782,-76.00858,285,66.8,67.6,66.8,95.2,65.3,0.000,0.000,0.00,0.000,3.6,6.4,0.9,201,17,3.8,6.5,1.0,210,14,3.6,6.4,0.9,201,17,0,29.78,,0,0,0,68.0,67.0,64.4,0.39,0.44,0.50
WELL,2017-08-21 00:05:00 EDT,44.30782,-76.00858,285,66.7,67.5,66.7,94.9,65.2,0.000,0.000,0.00,0.000,3.4,6.5,1.1,203,14,3.5,7.4,1.2,212,13,3.4,6.5,1.1,203,14,0,29.78,,0,0,0,67.7,67.1,64.4,0.39,0.44,0.51
WELL,2017-08-21 00:10:00 EDT,44.30782,-76.00858,285,66.5,67.4,66.5,95.2,65.1,0.000,0.000,0.00,0.000,3.3,5.0,0.6,209,12,3.4,5.4,0.8,217,11,3.3,5.0,0.6,209,12,0,29.78,,0,0,0,67.7,67.1,64.4,0.39,0.44,0.50
WELL,2017-08-21 00:15:00 EDT,44.30782,-76.00858,285,66.6,67.5,66.6,95.0,65.2,0.000,0.000,0.00,0.000,3.1,4.1,0.4,199,7,3.2,4.7,0.5,209,7,3.1,4.1,0.4,199,7,0,29.79,,0,0,0,67.8,67.1,64.4,0.39,0.44,0.50
WELL,2017-08-21 00:20:00 EDT,44.30782,-76.00858,285,66.6,67.5,66.6,95.3,65.2,0.000,0.000,0.00,0.000,2.8,5.0,0.9,196,8,3.0,5.4,1.0,206,9,2.8,5.0,0.9,196,8,0,29.79,,0,0,0,67.8,67.1,64.4,0.39,0.44,0.50
WELL,2017-08-21 00:25:00 EDT,44.30782,-76.00858,285,66.8,67.5,66.8,95.3,65.4,0.000,0.000,0.00,0.000,2.2,4.0,0.7,207,16,2.4,4.1,0.7,217,15,2.2,4.0,0.7,207,16,0,29.79,,0,0,0,67.7,67.1,64.4,0.39,0.44,0.50
WELL,2017-08-21 00:30:00 EDT,44.30782,-76.00858,285,66.8,67.5,66.8,94.9,65.3,0.000,0.000,0.00,0.000,1.9,3.3,0.7,195,14,2.2,4.0,0.7,203,13,1.9,3.3,0.7,195,14,0,29.79,,0,0,0,67.7,67.1,64.4,0.39,0.44,0.49
WELL,2017-08-21 00:35:00 EDT,44.30782,-76.00858,285,66.6,67.4,66.6,94.9,65.1,0.000,0.000,0.00,0.000,2.1,3.5,0.4,204,12,2.4,4.5,0.6,214,11,2.1,3.5,0.4,204,12,0,29.79,,0,0,0,67.8,67.1,64.4,0.39,0.44,0.50
WELL,2017-08-21 00:40:00 EDT,44.30782,-76.00858,285,66.6,67.3,66.6,95.1,65.1,0.000,0.000,0.00,0.000,2.1,3.1,0.5,200,11,2.2,3.8,0.5,210,10,2.1,3.1,0.5,200,11,0,29.79,,0,0,0,67.6,67.1,64.4,0.39,0.44,0.50
WELL,2017-08-21 00:45:00 EDT,44.30782,-76.00858,285,66.5,67.3,66.5,95.2,65.1,0.000,0.000,0.00,0.000,2.6,4.3,0.6,192,14,2.8,5.1,0.8,201,13,2.6,4.3,0.6,192,14,0,29.79,,0,0,0,67.6,67.1,64.4,0.39,0.44,0.50
WELL,2017-08-21 00:50:00 EDT,44.30782,-76.00858,285,66.5,67.2,66.5,95.2,65.0,0.000,0.000,0.00,0.000,2.1,3.7,0.5,200,14,2.4,4.5,0.6,207,14,2.1,3.7,0.5,200,14,0,29.79,,0,0,0,67.6,67.1,64.4,0.39,0.44,0.50
WELL,2017-08-21 00:55:00 EDT,44.30782,-76.00858,285,66.4,67.2,66.4,95.1,65.0,0.000,0.000,0.00,0.000,3.1,4.3,0.6,192,8,3.3,5.3,0.7,201,9,3.1,4.3,0.6,192,8,0,29.79,,0,0,0,67.6,67.1,64.4,0.39,0.44,0.50
WELL,2017-08-21 01:00:00 EDT,44.30782,-76.00858,285,66.2,67.2,66.2,95.2,64.8,0.000,0.000,0.00,0.000,3.0,4.7,0.7,194,11,3.3,5.3,0.8,204,9,3.0,4.7,0.7,194,11,0,29.79,,0,0,0,67.6,67.1,64.4,0.39,0.44,0.50
WELL,2017-08-21 01:05:00 EDT,44.30782,-76.00858,285,66.3,67.1,66.3,95.2,64.8,0.000,0.000,0.00,0.000,2.6,5.1,0.8,190,10,2.9,6.3,0.9,200,10,2.6,5.1,0.8,190,10,0,29.79,,0,0,0,67.5,67.0,64.4,0.39,0.44,0.49
WELL,2017-08-21 01:10:00 EDT,44.30782,-76.00858,285,66.2,67.0,66.2,95.2,64.8,0.000,0.000,0.00,0.000,2.4,3.7,0.5,195,9,2.7,4.1,0.6,205,9,2.4,3.7,0.5,195,9,0,29.79,,0,0,0,67.6,67.1,64.4,0.39,0.44,0.50
WELL,2017-08-21 01:15:00 EDT,44.30782,-76.00858,285,66.1,67.2,66.1,95.4,64.8,0.000,0.000,0.00,0.000,2.7,4.2,0.4,200,9,2.8,4.6,0.5,209,8,2.7,4.2,0.4,200,9,0,29.79,,0,0,0,67.5,67.1,64.4,0.39,0.44,0.50
WELL,2017-08-21 01:20:00 EDT,44.30782,-76.00858,285,66.1,67.3,66.1,95.3,64.7,0.000,0.000,0.00,0.000,2.3,4.3,0.6,196,12,2.6,4.3,0.6,207,12,2.3,4.3,0.6,196,12,0,29.79,,0,0,0,67.6,67.1,64.4,0.39,0.44,0.50
WELL,2017-08-21 01:25:00 EDT,44.30782,-76.00858,285,66.3,67.6,66.3,94.7,64.7,0.000,0.000,0.00,0.000,2.8,4.7,0.6,193,12,3.1,5.6,0.7,201,11,2.8,4.7,0.6,193,12,0,29.79,,0,0,0,67.5,67.1,64.4,0.39,0.44,0.50
WELL,2017-08-21 01:30:00 EDT,44.30782,-76.00858,285,66.2,67.6,66.2,94.1,64.4,0.000,0.000,0.00,0.000,2.8,3.6,0.3,183,8,3.2,4.4,0.4,192,8,2.8,3.6,0.3,183,8,0,29.79,,0,0,0,67.5,67.1,64.4,0.39,0.44,0.50
WELL,2017-08-21 01:35:00 EDT,44.30782,-76.00858,285,65.8,67.6,65.8,95.2,64.4,0.000,0.000,0.00,0.000,2.2,2.9,0.4,171,9,2.6,3.8,0.4,178,10,2.2,2.9,0.4,171,9,0,29.79,,0,0,0,67.5,67.0,64.4,0.39,0.44,0.50
WELL,2017-08-21 01:40:00 EDT,44.30782,-76.00858,285,65.6,67.7,65.6,95.5,64.3,0.000,0.000,0.00,0.000,3.1,4.2,0.4,169,6,3.4,4.6,0.5,176,6,3.1,4.2,0.4,169,6,0,29.79,,0,0,0,67.4,67.1,64.4,0.39,0.44,0.50
WELL,2017-08-21 01:45:00 EDT,44.30782,-76.00858,285,65.9,67.7,65.9,95.9,64.7,0.000,0.000,0.00,0.000,3.4,4.7,0.6,184,12,3.6,5.2,0.7,192,13,3.4,4.7,0.6,184,12,0,29.79,,0,0,0,67.4,67.1,64.4,0.39,0.44,0.50
WELL,2017-08-21 01:50:00 EDT,44.30782,-76.00858,285,66.1,67.9,66.1,94.7,64.5,0.000,0.000,0.00,0.000,3.7,5.2,0.5,201,6,4.0,5.3,0.6,210,6,3.7,5.2,0.5,201,6,0,29.79,,0,0,0,67.4,67.1,64.4,0.39,0.44,0.50
WELL,2017-08-21 01:55:00 EDT,44.30782,-76.00858,285,65.5,67.7,65.5,93.9,63.7,0.000,0.000,0.00,0.000,4.4,6.4,0.6,200,7,4.8,7.1,0.7,208,6,4.4,6.4,0.6,200,7,0,29.80,,0,0,0,67.5,67.1,64.4,0.39,0.44,0.50
WELL,2017-08-21 02:00:00 EDT,44.30782,-76.00858,285,66.1,67.7,66.1,94.1,64.4,0.000,0.000,0.00,0.000,4.7,7.0,0.9,207,8,5.0,7.3,1.0,214,7,4.7,7.0,0.9,207,8,0,29.79,,0,0,0,67.3,67.1,64.4,0.39,0.44,0.50
WELL,2017-08-21 02:05:00 EDT,44.30782,-76.00858,285,66.0,67.4,66.0,93.7,64.1,0.000,0.000,0.00,0.000,3.4,5.6,0.9,207,11,3.6,6.7,1.0,215,10,3.4,5.6,0.9,207,11,0,29.79,,0,0,0,67.4,67.1,64.4,0.39,0.44,0.50
WELL,2017-08-21 02:10:00 EDT,44.30782,-76.00858,285,66.3,67.3,66.3,94.2,64.6,0.000,0.000,0.00,0.000,3.4,4.9,0.5,222,10,3.5,6.0,0.7,228,9,3.4,4.9,0.5,222,10,0,29.79,,0,0,0,67.3,67.1,64.4,0.39,0.44,0.50
WELL,2017-08-21 02:15:00 EDT,44.30782,-76.00858,285,66.4,67.5,66.4,93.5,64.4,0.000,0.000,0.00,0.000,2.8,5.5,0.8,214,14,2.8,5.6,0.9,222,10,2.8,5.5,0.8,214,14,0,29.79,,0,0,0,67.3,67.1,64.4,0.39,0.44,0.50
WELL,2017-08-21 02:20:00 EDT,44.30782,-76.00858,285,66.1,67.2,66.1,94.2,64.4,0.000,0.000,0.00,0.000,2.9,3.5,0.3,201,8,3.2,4.0,0.4,211,7,2.9,3.5,0.3,201,8,0,29.79,,0,0,0,67.3,67.1,64.4,0.39,0.44,0.50
WELL,2017-08-21 02:25:00 EDT,44.30782,-76.00858,285,65.8,67.0,65.8,94.6,64.2,0.000,0.000,0.00,0.000,2.2,3.4,0.4,199,5,2.4,3.5,0.5,210,5,2.2,3.4,0.4,199,5,0,29.79,,0,0,0,67.3,67.1,64.4,0.39,0.44,0.50
WELL,2017-08-21 02:30:00 EDT,44.30782,-76.00858,285,65.8,67.0,65.8,95.2,64.4,0.000,0.000,0.00,0.000,2.2,3.5,0.3,207,7,2.3,4.2,0.4,216,6,2.2,3.5,0.3,207,7,0,29.79,,0,0,0,67.4,67.1,64.4,0.39,0.44,0.50
WELL,2017-08-21 02:35:00 EDT,44.30782,-76.00858,285,65.7,66.9,65.7,95.3,64.3,0.000,0.000,0.00,0.000,2.6,3.4,0.4,212,11,2.6,3.8,0.4,220,9,2.6,3.4,0.4,212,11,0,29.79,,0,0,0,67.3,67.0,64.4,0.39,0.44,0.50
WELL,2017-08-21 02:40:00 EDT,44.30782,-76.00858,285,65.2,66.9,65.2,95.6,63.9,0.000,0.000,0.00,0.000,2.0,3.0,0.4,219,10,2.0,3.3,0.4,227,8,2.0,3.0,0.4,219,10,0,29.79,,0,0,0,67.3,67.1,64.4,0.39,0.44,0.50
WELL,2017-08-21 02:45:00 EDT,44.30782,-76.00858,285,65.5,67.2,65.5,96.5,64.5,0.000,0.000,0.00,0.000,1.7,2.8,0.5,222,12,1.7,2.8,0.4,230,11,1.7,2.8,0.5,222,12,0,29.79,,0,0,0,67.2,67.0,64.4,0.39,0.44,0.50
WELL,2017-08-21 02:50:00 EDT,44.30782,-76.00858,285,64.7,66.9,64.7,96.8,63.8,0.000,0.000,0.00,0.000,0.5,1.2,0.4,212,9,1.0,2.1,0.3,212,23,0.5,1.2,0.4,212,9,0,29.79,,0,0,0,67.2,67.1,64.4,0.39,0.44,0.50
WELL,2017-08-21 02:55:00 EDT,44.30782,-76.00858,285,63.9,66.6,63.9,97.0,63.0,0.000,0.000,0.00,0.000,0.1,1.2,0.3,164,3,0.6,1.8,0.3,147,45,0.1,1.2,0.3,164,3,0,29.79,,0,0,0,67.1,67.1,64.4,0.39,0.44,0.50
WELL,2017-08-21 03:00:00 EDT,44.30782,-76.00858,285,64.5,66.7,64.5,98.4,64.1,0.000,0.000,0.00,0.000,0.0,0.0,0.0,0,0,0.6,1.5,0.3,224,68,0.0,0.0,0.0,0,0,0,29.79,,0,0,0,67.0,67.1,64.4,0.39,0.44,0.50
WELL,2017-08-21 03:05:00 EDT,44.30782,-76.00858,285,64.1,66.7,64.1,98.8,63.8,0.000,0.000,0.00,0.000,0.8,2.4,0.7,210,15,1.2,3.2,0.5,224,20,0.8,2.4,0.7,210,15,0,29.79,,0,0,0,66.9,67.1,64.4,0.39,0.44,0.50
WELL,2017-08-21 03:10:00 EDT,44.30782,-76.00858,285,63.9,66.7,63.9,98.8,63.6,0.000,0.000,0.00,0.000,2.1,2.8,0.3,209,9,2.1,3.0,0.3,217,7,2.1,2.8,0.3,209,9,0,29.79,,0,0,0,66.8,67.1,64.4,0.39,0.44,0.50
WELL,2017-08-21 03:15:00 EDT,44.30782,-76.00858,285,62.7,66.8,62.7,98.4,62.2,0.000,0.000,0.00,0.000,2.2,3.1,0.3,218,10,2.3,3.4,0.4,225,8,2.2,3.1,0.3,218,10,0,29.79,,0,0,0,66.8,67.1,64.4,0.39,0.44,0.50
WELL,2017-08-21 03:20:00 EDT,44.30782,-76.00858,285,63.3,66.6,63.3,99.7,63.2,0.000,0.000,0.00,0.000,2.3,3.9,0.4,223,7,2.2,4.1,0.4,230,6,2.3,3.9,0.4,223,7,0,29.79,,0,0,0,66.8,67.0,64.4,0.39,0.44,0.50
WELL,2017-08-21 03:25:00 EDT,44.30782,-76.00858,285,63.8,67.0,63.8,100.0,63.8,0.000,0.000,0.00,0.000,3.3,5.4,0.5,217,8,3.4,5.9,0.7,224,7,3.3,5.4,0.5,217,8,0,29.79,,0,0,0,66.9,67.1,64.4,0.39,0.44,0.50
WELL,2017-08-21 03:30:00 EDT,44.30782,-76.00858,285,64.2,67.2,64.2,99.9,64.2,0.000,0.000,0.00,0.000,3.5,4.5,0.5,226,9,3.6,4.9,0.6,232,7,3.5,4.5,0.5,226,9,0,29.79,,0,0,0,66.8,67.0,64.4,0.39,0.44,0.50
WELL,2017-08-21 03:35:00 EDT,44.30782,-76.00858,285,65.2,67.6,65.2,99.7,65.1,0.000,0.000,0.00,0.000,4.0,5.8,0.7,219,11,4.2,6.8,1.0,226,9,4.0,5.8,0.7,219,11,0,29.79,,0,0,0,66.7,67.1,64.4,0.39,0.44,0.50
WELL,2017-08-21 03:40:00 EDT,44.30782,-76.00858,285,66.2,67.9,66.2,97.3,65.4,0.000,0.000,0.00,0.000,4.5,7.0,0.8,210,8,4.7,7.2,0.9,218,7,4.5,7.0,0.8,210,8,0,29.79,,0,0,0,66.8,67.1,64.4,0.39,0.44,0.50
WELL,2017-08-21 03:45:00 EDT,44.30782,-76.00858,285,66.2,67.9,66.2,95.1,64.7,0.000,0.000,0.00,0.000,3.4,5.3,0.8,220,9,3.4,5.7,0.9,227,8,3.4,5.3,0.8,220,9,0,29.79,,0,0,0,66.7,67.1,64.4,0.39,0.44,0.50
WELL,2017-08-21 03:50:00 EDT,44.30782,-76.00858,285,66.5,68.0,66.5,95.1,65.0,0.000,0.000,0.00,0.000,3.9,6.3,0.7,214,8,4.2,7.5,0.8,221,7,3.9,6.3,0.7,214,8,0,29.79,,0,0,0,66.7,67.1,64.4,0.39,0.44,0.50
WELL,2017-08-21 03:55:00 EDT,44.30782,-76.00858,285,66.5,67.9,66.5,94.4,64.9,0.000,0.000,0.00,0.000,3.6,5.5,0.7,210,11,3.8,6.0,0.9,218,8,3.6,5.5,0.7,210,11,0,29.80,,0,0,0,66.8,67.1,64.4,0.39,0.44,0.50
WELL,2017-08-21 04:00:00 EDT,44.30782,-76.00858,285,66.7,68.1,66.7,94.2,65.0,0.000,0.000,0.00,0.000,4.4,6.8,0.8,207,10,4.7,7.5,0.9,216,7,4.4,6.8,0.8,207,10,0,29.79,,0,0,0,66.7,67.1,64.4,0.39,0.44,0.50
WELL,2017-08-21 04:05:00 EDT,44.30782,-76.00858,285,66.7,68.1,66.7,93.9,64.9,0.000,0.000,0.00,0.000,4.2,6.0,0.8,217,11,4.5,6.6,0.9,223,9,4.2,6.0,0.8,217,11,0,29.80,,0,0,0,66.7,67.0,64.4,0.39,0.44,0.50
WELL,2017-08-21 04:10:00 EDT,44.30782,-76.00858,285,66.8,68.4,66.8,94.2,65.1,0.000,0.000,0.00,0.000,4.4,5.9,0.6,217,8,4.7,6.9,0.8,223,7,4.4,5.9,0.6,217,8,0,29.80,,0,0,0,66.7,67.1,64.4,0.39,0.44,0.50
WELL,2017-08-21 04:15:00 EDT,44.30782,-76.00858,285,66.9,68.5,66.9,94.1,65.2,0.000,0.000,0.00,0.000,4.1,6.7,0.9,216,10,4.3,7.3,1.0,224,8,4.1,6.7,0.9,216,10,0,29.80,,0,0,0,66.7,67.1,64.4,0.39,0.44,0.50
WELL,2017-08-21 04:20:00 EDT,44.30782,-76.00858,285,67.1,68.6,67.1,93.9,65.3,0.000,0.000,0.00,0.000,3.7,4.9,0.5,209,8,4.0,5.5,0.6,217,7,3.7,4.9,0.5,209,8,0,29.80,,0,0,0,66.7,67.1,64.4,0.39,0.44,0.50
WELL,2017-08-21 04:25:00 EDT,44.30782,-76.00858,285,66.7,68.4,66.7,94.1,64.9,0.000,0.000,0.00,0.000,3.3,4.2,0.4,189,10,3.6,4.6,0.5,198,10,3.3,4.2,0.4,189,10,0,29.80,,0,0,0,66.7,67.1,64.4,0.39,0.44,0.50
WELL,2017-08-21 04:30:00 EDT,44.30782,-76.00858,285,66.7,68.0,66.7,94.7,65.1,0.000,0.000,0.00,0.000,3.4,5.4,0.7,196,8,3.7,5.9,0.9,205,7,3.4,5.4,0.7,196,8,0,29.80,,0,0,0,66.7,67.0,64.4,0.39,0.44,0.49
WELL,2017-08-21 04:35:00 EDT,44.30782,-76.00858,285,66.5,67.8,66.5,94.3,64.8,0.000,0.000,0.00,0.000,4.7,5.6,0.5,192,5,5.1,6.4,0.5,199,4,4.7,5.6,0.5,192,5,0,29.80,,0,0,0,66.7,67.1,64.4,0.39,0.44,0.50
WELL,2017-08-21 04:40:00 EDT,44.30782,-76.00858,285,66.3,67.4,66.3,94.7,64.7,0.000,0.000,0.00,0.000,3.9,5.6,0.7,195,9,4.2,6.3,0.8,204,8,3.9,5.6,0.7,195,9,0,29.80,,0,0,0,66.7,67.1,64.4,0.39,0.44,0.49
WELL,2017-08-21 04:45:00 EDT,44.30782,-76.00858,285,65.8,67.3,65.8,95.1,64.3,0.000,0.000,0.00,0.000,3.8,5.5,0.7,202,8,4.0,6.3,0.9,211,7,3.8,5.5,0.7,202,8,0,29.80,,0,0,0,66.8,67.1,64.4,0.39,0.44,0.49
WELL,2017-08-21 04:50:00 EDT,44.30782,-76.00858,285,65.8,67.2,65.8,96.1,64.7,0.000,0.000,0.00,0.000,3.3,4.5,0.4,216,8,3.4,5.1,0.6,223,6,3.3,4.5,0.4,216,8,0,29.80,,0,0,0,66.7,67.1,64.4,0.39,0.44,0.49
WELL,2017-08-21 04:55:00 EDT,44.30782,-76.00858,285,65.7,67.2,65.7,96.4,64.7,0.000,0.000,0.00,0.000,3.5,4.6,0.4,219,8,3.6,4.9,0.6,225,6,3.5,4.6,0.4,219,8,0,29.80,,0,0,0,66.7,67.1,64.4,0.39,0.44,0.50
WELL,2017-08-21 05:00:00 EDT,44.30782,-76.00858,285,65.6,67.3,65.6,96.8,64.6,0.000,0.000,0.00,0.000,4.0,5.3,0.6,207,8,4.3,6.3,0.7,215,6,4.0,5.3,0.6,207,8,0,29.80,,0,0,0,66.7,67.0,64.4,0.39,0.44,0.50
WELL,2017-08-21 05:05:00 EDT,44.30782,-76.00858,285,65.9,67.6,65.9,96.7,64.9,0.000,0.000,0.00,0.000,3.8,5.9,0.8,205,7,4.1,7.0,1.0,213,7,3.8,5.9,0.8,205,7,0,29.80,,0,0,0,66.6,67.1,64.4,0.39,0.44,0.50
WELL,2017-08-21 05:10:00 EDT,44.30782,-76.00858,285,66.1,67.5,66.1,96.5,65.0,0.000,0.000,0.00,0.000,3.7,5.3,0.5,212,8,3.9,5.8,0.6,220,5,3.7,5.3,0.5,212,8,0,29.80,,0,0,0,66.6,67.1,64.4,0.39,0.44,0.50
WELL,2017-08-21 05:15:00 EDT,44.30782,-76.00858,285,66.1,67.5,66.1,96.4,65.0,0.000,0.000,0.00,0.000,3.3,4.7,0.5,215,6,3.5,5.0,0.7,223,5,3.3,4.7,0.5,215,6,0,29.80,,0,0,0,66.6,67.1,64.4,0.39,0.44,0.49
WELL,2017-08-21 05:20:00 EDT,44.30782,-76.00858,285,66.2,67.7,66.2,96.8,65.3,0.000,0.000,0.00,0.000,3.9,5.8,0.8,215,9,4.1,6.0,1.0,222,8,3.9,5.8,0.8,215,9,0,29.80,,0,0,0,66.7,67.1,64.4,0.39,0.44,0.49
WELL,2017-08-21 05:25:00 EDT,44.30782,-76.00858,285,65.8,67.5,65.8,96.2,64.7,0.000,0.000,0.00,0.000,3.6,5.9,0.9,204,11,3.8,6.5,0.9,212,10,3.6,5.9,0.9,204,11,0,29.80,,0,0,0,66.7,67.1,64.4,0.39,0.44,0.49
WELL,2017-08-21 05:30:00 EDT,44.30782,-76.00858,285,65.9,67.4,65.9,96.7,64.9,0.000,0.000,0.00,0.000,3.8,4.7,0.5,191,8,4.1,5.2,0.5,199,7,3.8,4.7,0.5,191,8,0,29.80,,0,0,0,66.7,67.0,64.4,0.39,0.44,0.49
WELL,2017-08-21 05:35:00 EDT,44.30782,-76.00858,285,66.0,67.4,66.0,97.0,65.2,0.000,0.000,0.00,0.000,3.1,4.5,0.5,193,9,3.5,5.3,0.6,202,8,3.1,4.5,0.5,193,9,0,29.80,,0,0,0,66.7,67.0,64.4,0.39,0.44,0.49
WELL,2017-08-21 05:40:00 EDT,44.30782,-76.00858,285,66.0,67.1,66.0,96.9,65.0,0.000,0.000,0.00,0.000,3.4,6.0,0.9,184,9,3.7,7.4,1.0,193,8,3.4,6.0,0.9,184,9,0,29.80,,0,0,0,66.7,67.1,64.4,0.39,0.44,0.49
WELL,2017-08-21 05:45:00 EDT,44.30782,-76.00858,285,66.0,66.9,66.0,96.7,65.0,0.000,0.000,0.00,0.000,3.8,6.3,1.0,196,12,4.2,6.8,1.2,204,10,3.8,6.3,1.0,196,12,0,29.80,,0,0,0,66.7,67.1,64.4,0.39,0.44,0.50
WELL,2017-08-21 05:50:00 EDT,44.30782,-76.00858,285,66.0,66.7,66.0,96.5,65.0,0.000,0.000,0.00,0.000,3.3,5.3,0.8,200,11,3.5,6.1,0.9,209,10,3.3,5.3,0.8,200,11,0,29.80,,0,0,0,66.6,67.0,64.4,0.39,0.44,0.50
WELL,2017-08-21 05:55:00 EDT,44.30782,-76.00858,285,65.9,66.7,65.9,96.3,64.8,0.000,0.000,0.00,0.000,3.9,5.8,0.9,214,12,4.3,6.0,1.1,221,10,3.9,5.8,0.9,214,12,0,29.80,,0,0,0,66.6,67.1,64.4,0.39,0.44,0.50
WELL,2017-08-21 06:00:00 EDT,44.30782,-76.00858,285,65.6,66.6,65.6,96.3,64.5,0.000,0.000,0.00,0.000,4.5,6.6,0.8,211,10,4.7,6.9,1.0,218,9,4.5,6.6,0.8,211,10,0,29.80,,0,0,0,66.7,67.1,64.4,0.39,0.44,0.49
WELL,2017-08-21 06:05:00 EDT,44.30782,-76.00858,285,65.5,66.4,65.5,96.8,64.6,0.000,0.000,0.00,0.000,3.0,4.0,0.7,211,10,3.2,4.5,0.7,219,9,3.0,4.0,0.7,211,10,1,29.80,,0,0,0,66.7,67.1,64.4,0.39,0.44,0.49
WELL,2017-08-21 06:10:00 EDT,44.30782,-76.00858,285,65.5,66.5,65.5,97.1,64.7,0.000,0.000,0.00,0.000,3.1,4.7,0.5,209,11,3.3,5.2,0.7,218,9,3.1,4.7,0.5,209,11,3,29.80,,0,0,0,66.6,67.1,64.5,0.39,0.44,0.50
WELL,2017-08-21 06:15:00 EDT,44.30782,-76.00858,285,65.3,66.4,65.3,96.9,64.4,0.000,0.000,0.00,0.000,3.3,5.2,0.7,217,10,3.6,6.1,0.9,224,8,3.3,5.2,0.7,217,10,3,29.80,,0,0,0,66.6,67.1,64.4,0.39,0.44,0.49
WELL,2017-08-21 06:20:00 EDT,44.30782,-76.00858,285,65.2,66.4,65.2,97.0,64.3,0.000,0.000,0.00,0.000,3.8,5.2,0.7,218,8,4.0,5.5,0.7,226,7,3.8,5.2,0.7,218,8,3,29.80,,0,0,0,66.7,67.1,64.4,0.39,0.44,0.50
WELL,2017-08-21 06:25:00 EDT,44.30782,-76.00858,285,65.2,66.3,65.2,97.2,64.4,0.000,0.000,0.00,0.000,3.9,5.2,0.4,222,7,4.0,5.9,0.6,228,7,3.9,5.2,0.4,222,7,4,29.80,,0,0,0,66.6,67.1,64.5,0.39,0.44,0.50
WELL,2017-08-21 06:30:00 EDT,44.30782,-76.00858,285,65.2,66.3,65.2,97.2,64.4,0.000,0.000,0.00,0.000,3.9,5.6,0.6,219,8,4.1,5.9,0.6,226,7,3.9,5.6,0.6,219,8,6,29.80,,0,0,0,66.6,67.1,64.4,0.39,0.44,0.50
WELL,2017-08-21 06:35:00 EDT,44.30782,-76.00858,285,65.3,66.3,65.3,97.2,64.4,0.000,0.000,0.00,0.000,3.7,5.6,0.6,220,9,3.9,5.4,0.7,227,8,3.7,5.6,0.6,220,9,9,29.80,,0,0,0,66.6,67.1,64.5,0.39,0.44,0.50
WELL,2017-08-21 06:40:00 EDT,44.30782,-76.00858,285,65.6,66.4,65.6,96.5,64.5,0.000,0.000,0.00,0.000,3.5,5.2,0.7,211,10,3.6,5.9,0.8,219,8,3.5,5.2,0.7,211,10,11,29.80,,0,0,0,66.7,67.0,64.4,0.39,0.44,0.50
WELL,2017-08-21 06:45:00 EDT,44.30782,-76.00858,285,65.6,66.4,65.6,95.9,64.4,0.000,0.000,0.00,0.000,2.4,3.8,0.5,215,11,2.4,4.2,0.6,223,9,2.4,3.8,0.5,215,11,17,29.80,,0,0,0,66.6,67.0,64.4,0.39,0.44,0.50
WELL,2017-08-21 06:50:00 EDT,44.30782,-76.00858,285,65.3,66.3,65.3,95.5,64.0,0.000,0.000,0.00,0.000,2.9,4.5,0.6,206,11,3.0,4.6,0.8,214,9,2.9,4.5,0.6,206,11,28,29.80,,0,0,0,66.7,67.0,64.5,0.39,0.44,0.49
WELL,2017-08-21 06:55:00 EDT,44.30782,-76.00858,285,65.1,66.0,65.1,95.8,63.9,0.000,0.000,0.00,0.000,2.8,7.7,0.9,213,14,3.1,8.1,1.1,220,12,2.8,7.7,0.9,213,14,37,29.80,,0,0,0,66.7,67.1,64.4,0.39,0.44,0.49
WELL,2017-08-21 07:00:00 EDT,44.30782,-76.00858,285,65.7,66.3,65.7,95.0,64.2,0.000,0.000,0.00,0.000,5.4,8.1,1.2,214,11,5.7,8.7,1.3,222,11,5.4,8.1,1.2,214,11,39,29.80,,0,0,0,66.7,67.0,64.4,0.39,0.44,0.49
WELL,2017-08-21 07:05:00 EDT,44.30782,-76.00858,285,65.8,66.4,65.8,93.6,63.9,0.000,0.000,0.00,0.000,5.3,9.1,1.5,213,12,5.7,9.9,1.7,219,9,5.3,9.1,1.5,213,12,46,29.80,,0,0,0,66.7,67.1,64.4,0.39,0.44,0.49
WELL,2017-08-21 07:10:00 EDT,44.30782,-76.00858,285,65.9,66.5,65.9,93.0,63.8,0.000,0.000,0.00,0.000,4.8,7.3,1.0,208,10,5.0,7.6,1.0,216,9,4.8,7.3,1.0,208,10,55,29.80,,0,0,0,66.6,67.1,64.4,0.39,0.44,0.49
WELL,2017-08-21 07:15:00 EDT,44.30782,-76.00858,285,66.0,66.5,66.0,92.4,63.7,0.000,0.000,0.00,0.000,4.6,6.9,0.9,207,11,5.0,7.4,1.1,214,10,4.6,6.9,0.9,207,11,86,29.80,,0,0,0,66.6,67.1,64.5,0.39,0.44,0.49
WELL,2017-08-21 07:20:00 EDT,44.30782,-76.00858,285,66.1,66.6,66.1,92.1,63.7,0.000,0.000,0.00,0.000,5.0,8.4,1.2,199,10,5.5,8.8,1.4,207,9,5.0,8.4,1.2,199,10,71,29.80,,0,0,0,66.6,67.0,64.4,0.39,0.44,0.50
WELL,2017-08-21 07:25:00 EDT,44.30782,-76.00858,285,66.2,66.8,66.2,91.3,63.6,0.000,0.000,0.00,0.000,6.0,8.8,1.4,200,12,6.4,11.1,1.4,208,9,6.0,8.8,1.4,200,12,45,29.81,,0,0,0,66.6,67.0,64.5,0.39,0.44,0.49
WELL,2017-08-21 07:30:00 EDT,44.30782,-76.00858,285,66.3,66.8,66.3,90.8,63.5,0.000,0.000,0.00,0.000,5.3,8.3,1.1,200,13,5.7,9.4,1.3,209,10,5.3,8.3,1.1,200,13,77,29.81,,0,0,0,66.6,67.1,64.4,0.39,0.44,0.50
WELL,2017-08-21 07:35:00 EDT,44.30782,-76.00858,285,66.6,67.0,66.6,90.0,63.6,0.000,0.000,0.00,0.000,5.3,9.9,1.3,197,13,5.6,10.8,1.5,205,11,5.3,9.9,1.3,197,13,133,29.81,,0,0,0,66.6,67.1,64.4,0.39,0.44,0.49
WELL,2017-08-21 07:40:00 EDT,44.30782,-76.00858,285,67.1,67.4,67.1,89.0,63.7,0.000,0.000,0.00,0.000,4.9,8.3,1.2,199,13,5.4,9.8,1.4,206,11,4.9,8.3,1.2,199,13,167,29.81,,0,0,0,66.7,67.1,64.5,0.39,0.44,0.49
WELL,2017-08-21 07:45:00 EDT,44.30782,-76.00858,285,67.4,67.7,67.4,88.4,63.8,0.000,0.000,0.00,0.000,5.9,8.6,1.4,196,16,6.5,9.8,1.5,203,14,5.9,8.6,1.4,196,16,172,29.81,,0,0,0,66.7,67.0,64.5,0.39,0.44,0.49
WELL,2017-08-21 07:50:00 EDT,44.30782,-76.00858,285,67.7,68.0,67.7,86.8,63.6,0.000,0.000,0.00,0.000,5.7,9.5,1.5,197,12,6.2,11.2,1.7,204,10,5.7,9.5,1.5,197,12,205,29.80,,0,0,0,66.7,67.0,64.5,0.39,0.44,0.50
WELL,2017-08-21 07:55:00 EDT,44.30782,-76.00858,285,67.9,68.2,67.9,85.6,63.4,0.000,0.000,0.00,0.000,5.8,9.3,1.5,195,13,6.3,10.5,1.6,202,11,5.8,9.3,1.5,195,13,143,29.80,,0,0,0,66.6,67.0,64.4,0.39,0.44,0.49
WELL,2017-08-21 08:00:00 EDT,44.30782,-76.00858,285,67.9,68.2,67.9,85.5,63.4,0.000,0.000,0.00,0.000,5.4,8.4,1.5,195,15,5.9,10.3,1.7,201,13,5.4,8.4,1.5,195,15,134,29.80,,0,0,0,66.6,67.0,64.4,0.39,0.44,0.50
WELL,2017-08-21 08:05:00 EDT,44.30782,-76.00858,285,67.9,68.2,67.9,85.5,63.3,0.000,0.000,0.00,0.000,5.2,8.2,1.2,199,16,5.6,10.2,1.4,206,13,5.2,8.2,1.2,199,16,118,29.80,,0,0,0,66.7,67.0,64.4,0.39,0.44,0.49
WELL,2017-08-21 08:10:00 EDT,44.30782,-76.00858,285,68.1,68.5,68.1,84.7,63.3,0.000,0.000,0.00,0.000,5.9,9.5,1.5,195,17,6.3,10.6,1.8,202,15,5.9,9.5,1.5,195,17,215,29.80,,0,0,0,66.7,67.0,64.4,0.39,0.44,0.50
WELL,2017-08-21 08:15:00 EDT,44.30782,-76.00858,285,68.7,68.9,68.7,83.1,63.3,0.000,0.000,0.00,0.000,6.4,10.1,1.5,194,14,6.7,10.6,1.7,202,11,6.4,10.1,1.5,194,14,236,29.80,,0,0,0,66.7,67.0,64.5,0.39,0.44,0.50
WELL,2017-08-21 08:20:00 EDT,44.30782,-76.00858,285,68.9,69.2,68.9,83.0,63.5,0.000,0.000,0.00,0.000,5.0,9.4,1.7,196,17,5.5,10.9,1.8,204,15,5.0,9.4,1.7,196,17,218,29.80,,0,0,0,66.7,67.0,64.4,0.39,0.44,0.49
WELL,2017-08-21 08:25:00 EDT,44.30782,-76.00858,285,69.1,69.2,69.1,82.1,63.4,0.000,0.000,0.00,0.000,5.3,8.2,1.3,203,13,5.9,8.7,1.3,209,11,5.3,8.2,1.3,203,13,274,29.80,,0,0,0,66.7,67.0,64.5,0.39,0.44,0.49
WELL,2017-08-21 08:30:00 EDT,44.30782,-76.00858,285,69.4,69.6,69.4,81.9,63.7,0.000,0.000,0.00,0.000,5.8,11.9,2.5,198,13,6.1,12.9,2.5,204,11,5.8,11.9,2.5,198,13,294,29.80,,0,0,0,66.6,67.0,64.5,0.39,0.44,0.49
WELL,2017-08-21 08:35:00 EDT,44.30782,-76.00858,285,69.8,69.9,69.8,81.0,63.7,0.000,0.000,0.00,0.000,7.0,9.9,1.5,197,13,7.5,10.9,1.7,204,10,7.0,9.9,1.5,197,13,286,29.80,,0,0,0,66.8,67.0,64.4,0.39,0.44,0.49
WELL,2017-08-21 08:40:00 EDT,44.30782,-76.00858,285,69.8,70.0,69.8,79.9,63.3,0.000,0.000,0.00,0.000,8.3,12.1,1.3,200,9,8.7,12.9,1.5,207,8,8.3,12.1,1.3,200,9,277,29.80,,0,0,0,66.7,67.0,64.5,0.39,0.44,0.50
WELL,2017-08-21 08:45:00 EDT,44.30782,-76.00858,285,70.1,70.3,70.1,80.1,63.7,0.000,0.000,0.00,0.000,6.6,9.6,1.3,192,13,7.2,10.7,1.4,200,11,6.6,9.6,1.3,192,13,327,29.79,,0,0,0,66.7,67.0,64.4,0.39,0.44,0.49
WELL,2017-08-21 08:50:00 EDT,44.30782,-76.00858,285,70.5,70.6,70.5,79.9,63.9,0.000,0.000,0.00,0.000,6.6,10.5,1.8,196,11,7.0,10.8,1.9,203,9,6.6,10.5,1.8,196,11,341,29.80,,0,0,0,66.7,67.0,64.4,0.39,0.44,0.49
WELL,2017-08-21 08:55:00 EDT,44.30782,-76.00858,285,71.0,71.0,71.0,80.1,64.6,0.000,0.000,0.00,0.000,5.2,7.8,1.1,196,16,5.5,8.3,1.2,205,14,5.2,7.8,1.1,196,16,352,29.80,,0,0,0,66.7,66.9,64.5,0.39,0.44,0.50
WELL,2017-08-21 09:00:00 EDT,44.30782,-76.00858,285,71.4,71.4,71.4,78.7,64.4,0.000,0.000,0.00,0.000,6.1,9.5,2.1,198,13,6.7,10.1,1.9,206,11,6.1,9.5,2.1,198,13,364,29.80,,0,0,0,66.7,66.9,64.4,0.39,0.44,0.49
WELL,2017-08-21 09:05:00 EDT,44.30782,-76.00858,285,71.5,71.6,71.5,77.5,64.1,0.000,0.000,0.00,0.000,6.7,11.4,1.9,193,13,7.2,12.3,2.1,200,10,6.7,11.4,1.9,193,13,378,29.80,,0,0,0,66.7,66.9,64.4,0.39,0.44,0.49
WELL,2017-08-21 09:10:00 EDT,44.30782,-76.00858,285,71.8,71.8,71.8,77.2,64.3,0.000,0.000,0.00,0.000,6.7,9.9,1.2,207,12,7.2,10.9,1.4,213,10,6.7,9.9,1.2,207,12,392,29.80,,0,0,0,66.8,66.9,64.4,0.39,0.44,0.49
WELL,2017-08-21 09:15:00 EDT,44.30782,-76.00858,285,72.3,72.3,72.3,76.9,64.6,0.000,0.000,0.00,0.000,6.9,9.6,1.4,198,15,7.5,11.1,1.7,205,15,6.9,9.6,1.4,198,15,403,29.80,,0,0,0,66.8,66.9,64.4,0.39,0.44,0.49
WELL,2017-08-21 09:20:00 EDT,44.30782,-76.00858,285,72.4,72.4,72.4,75.6,64.3,0.000,0.000,0.00,0.000,7.2,10.2,1.6,200,15,7.7,11.7,1.8,206,13,7.2,10.2,1.6,200,15,413,29.80,,0,0,0,66.8,66.9,64.5,0.39,0.44,0.49
WELL,2017-08-21 09:25:00 EDT,44.30782,-76.00858,285,72.6,72.5,72.6,75.6,64.4,0.000,0.000,0.00,0.000,7.2,10.9,1.7,189,13,7.8,11.4,1.8,197,11,7.2,10.9,1.7,189,13,423,29.80,,0,0,0,66.8,66.9,64.5,0.39,0.44,0.49
WELL,2017-08-21 09:30:00 EDT,44.30782,-76.00858,285,72.9,72.8,72.9,75.2,64.6,0.000,0.000,0.00,0.000,7.5,11.4,1.4,196,13,8.1,11.9,1.4,202,12,7.5,11.4,1.4,196,13,433,29.80,,0,0,0,66.9,66.9,64.4,0.39,0.44,0.49
WELL,2017-08-21 09:35:00 EDT,44.30782,-76.00858,285,73.3,73.2,73.3,75.9,65.3,0.000,0.000,0.00,0.000,6.0,10.2,1.5,201,16,6.6,10.6,1.6,208,13,6.0,10.2,1.5,201,16,448,29.80,,0,0,0,66.9,66.9,64.4,0.39,0.44,0.49
WELL,2017-08-21 09:40:00 EDT,44.30782,-76.00858,285,73.6,73.4,73.6,74.4,64.9,0.000,0.000,0.00,0.000,7.0,12.3,2.5,206,13,7.4,12.3,2.4,213,12,7.0,12.3,2.5,206,13,460,29.80,,0,0,0,66.8,66.9,64.5,0.39,0.44,0.49
WELL,2017-08-21 09:45:00 EDT,44.30782,-76.00858,285,74.0,73.8,74.0,75.0,65.6,0.000,0.000,0.00,0.000,6.7,9.6,1.4,224,13,7.0,10.5,1.5,231,14,6.7,9.6,1.4,224,13,467,29.80,,0,0,0,67.0,66.9,64.4,0.39,0.44,0.49
WELL,2017-08-21 09:50:00 EDT,44.30782,-76.00858,285,74.2,73.9,74.2,73.9,65.4,0.000,0.000,0.00,0.000,7.4,11.6,2.4,215,13,7.8,12.4,2.4,222,12,7.4,11.6,2.4,215,13,479,29.79,,0,0,0,67.1,66.8,64.4,0.38,0.44,0.49
WELL,2017-08-21 09:55:00 EDT,44.30782,-76.00858,285,74.3,74.0,74.3,73.7,65.4,0.000,0.000,0.00,0.000,7.9,10.9,1.7,223,10,8.2,11.5,1.7,229,9,7.9,10.9,1.7,223,10,495,29.79,,0,0,0,67.1,66.8,64.5,0.38,0.44,0.49
WELL,2017-08-21 10:00:00 EDT,44.30782,-76.00858,285,74.7,74.4,74.7,73.6,65.7,0.000,0.000,0.00,0.000,7.5,10.9,1.3,226,11,7.7,11.2,1.3,233,11,7.5,10.9,1.3,226,11,508,29.80,,0,0,0,67.1,66.8,64.5,0.38,0.44,0.49
WELL,2017-08-21 10:05:00 EDT,44.30782,-76.00858,285,74.6,74.3,74.6,72.6,65.2,0.000,0.000,0.00,0.000,8.7,11.8,1.4,224,10,8.9,13.0,1.5,230,9,8.7,11.8,1.4,224,10,517,29.79,,0,0,0,67.2,66.8,64.5,0.38,0.44,0.49
WELL,2017-08-21 10:10:00 EDT,44.30782,-76.00858,285,74.9,74.5,74.9,73.1,65.7,0.000,0.000,0.00,0.000,7.9,11.0,1.5,222,10,8.1,12.1,1.6,228,9,7.9,11.0,1.5,222,10,520,29.79,,0,0,0,67.2,66.8,64.4,0.38,0.44,0.49
WELL,2017-08-21 10:15:00 EDT,44.30782,-76.00858,285,75.0,74.7,75.0,71.9,65.3,0.000,0.000,0.00,0.000,9.5,12.9,1.8,225,9,9.8,14.2,1.7,232,8,9.5,12.9,1.8,225,9,541,29.79,,0,0,0,67.3,66.7,64.5,0.38,0.44,0.49
WELL,2017-08-21 10:20:00 EDT,44.30782,-76.00858,285,75.2,74.8,75.2,71.7,65.4,0.000,0.000,0.00,0.000,8.8,11.8,1.6,223,10,9.1,12.4,1.6,230,10,8.8,11.8,1.6,223,10,556,29.79,,0,0,0,67.3,66.8,64.5,0.38,0.44,0.49
WELL,2017-08-21 10:25:00 EDT,44.30782,-76.00858,285,75.6,75.2,75.6,73.3,66.5,0.000,0.000,0.00,0.000,6.0,10.4,1.6,219,17,6.6,12.1,1.7,226,15,6.0,10.4,1.6,219,17,568,29.79,,0,0,0,67.5,66.7,64.4,0.38,0.44,0.49
WELL,2017-08-21 10:30:00 EDT,44.30782,-76.00858,285,75.9,75.2,75.9,71.3,65.9,0.000,0.000,0.00,0.000,6.7,9.9,1.1,223,10,7.1,10.5,1.2,230,9,6.7,9.9,1.1,223,10,577,29.79,,0,0,0,67.4,66.7,64.5,0.38,0.44,0.49
WELL,2017-08-21 10:35:00 EDT,44.30782,-76.00858,285,76.3,75.6,76.3,71.8,66.5,0.000,0.000,0.00,0.000,5.2,7.9,1.4,226,18,5.8,8.9,1.3,235,17,5.2,7.9,1.4,226,18,585,29.79,,0,0,0,67.4,66.7,64.4,0.38,0.44,0.48
WELL,2017-08-21 10:40:00 EDT,44.30782,-76.00858,285,76.3,75.6,76.3,70.4,65.9,0.000,0.000,0.00,0.000,7.1,12.9,1.9,229,13,7.5,12.7,1.8,237,13,7.1,12.9,1.9,229,13,595,29.79,,0,0,0,67.6,66.7,64.5,0.38,0.44,0.49
WELL,2017-08-21 10:45:00 EDT,44.30782,-76.00858,285,76.2,75.7,76.2,70.1,65.8,0.000,0.000,0.00,0.000,7.8,11.8,2.0,215,12,8.1,12.4,2.0,222,12,7.8,11.8,2.0,215,12,602,29.79,,0,0,0,67.6,66.8,64.5,0.38,0.44,0.49
WELL,2017-08-21 10:50:00 EDT,44.30782,-76.00858,285,76.3,75.7,76.3,70.1,65.9,0.000,0.000,0.00,0.000,8.9,12.1,1.5,220,8,9.3,13.3,1.6,226,8,8.9,12.1,1.5,220,8,612,29.79,,0,0,0,67.7,66.8,64.5,0.38,0.44,0.49
WELL,2017-08-21 10:55:00 EDT,44.30782,-76.00858,285,76.5,76.0,76.5,69.7,65.8,0.000,0.000,0.00,0.000,8.2,11.3,1.8,216,11,8.5,12.1,1.6,222,11,8.2,11.3,1.8,216,11,618,29.79,,0,0,0,67.7,66.8,64.5,0.38,0.44,0.49
WELL,2017-08-21 11:00:00 EDT,44.30782,-76.00858,285,76.7,76.2,76.7,70.2,66.2,0.000,0.000,0.00,0.000,7.9,12.7,1.7,217,14,8.4,15.1,1.9,224,15,7.9,12.7,1.7,217,14,624,29.78,,0,0,0,67.8,66.7,64.4,0.38,0.44,0.48
WELL,2017-08-21 11:05:00 EDT,44.30782,-76.00858,285,77.0,76.4,77.0,70.7,66.8,0.000,0.000,0.00,0.000,7.7,13.1,2.0,223,14,8.1,14.2,2.0,231,14,7.7,13.1,2.0,223,14,628,29.78,,0,0,0,67.9,66.7,64.4,0.38,0.44,0.49
WELL,2017-08-21 11:10:00 EDT,44.30782,-76.00858,285,77.1,76.5,77.1,69.7,66.4,0.000,0.000,0.00,0.000,9.1,14.0,2.2,224,11,9.5,13.9,2.1,230,10,9.1,14.0,2.2,224,11,634,29.79,,0,0,0,67.8,66.8,64.5,0.38,0.44,0.49
WELL,2017-08-21 11:15:00 EDT,44.30782,-76.00858,285,76.8,76.4,76.8,69.2,65.9,0.000,0.000,0.00,0.000,9.7,14.1,1.8,221,11,9.9,14.2,1.9,227,9,9.7,14.1,1.8,221,11,641,29.78,,0,0,0,67.9,66.7,64.5,0.38,0.44,0.49
WELL,2017-08-21 11:20:00 EDT,44.30782,-76.00858,285,77.0,76.5,77.0,68.7,65.9,0.000,0.000,0.00,0.000,10.1,15.2,2.2,222,11,10.6,16.5,2.2,229,10,10.1,15.2,2.2,222,11,656,29.78,,0,0,0,68.1,66.7,64.5,0.38,0.44,0.48
WELL,2017-08-21 11:25:00 EDT,44.30782,-76.00858,285,77.3,76.7,77.3,69.0,66.4,0.000,0.000,0.00,0.000,8.9,14.2,2.4,225,10,9.4,14.3,2.2,232,10,8.9,14.2,2.4,225,10,662,29.78,,0,0,0,68.1,66.7,64.4,0.38,0.44,0.48
WELL,2017-08-21 11:30:00 EDT,44.30782,-76.00858,285,77.3,76.7,77.3,68.3,66.0,0.000,0.000,0.00,0.000,8.8,13.4,1.7,213,12,9.2,13.4,1.6,218,12,8.8,13.4,1.7,213,12,668,29.78,,0,0,0,68.1,66.7,64.5,0.38,0.44,0.49
WELL,2017-08-21 11:35:00 EDT,44.30782,-76.00858,285,77.1,76.5,77.1,67.6,65.6,0.000,0.000,0.00,0.000,9.1,12.7,1.7,216,10,9.5,13.5,1.7,222,8,9.1,12.7,1.7,216,10,674,29.78,,0,0,0,68.1,66.7,64.5,0.38,0.44,0.49
WELL,2017-08-21 11:40:00 EDT,44.30782,-76.00858,285,77.6,76.9,77.6,68.5,66.4,0.000,0.000,0.00,0.000,7.3,14.7,2.1,223,13,7.7,14.3,2.0,229,13,7.3,14.7,2.1,223,13,681,29.78,,0,0,0,68.1,66.7,64.5,0.38,0.44,0.49
WELL,2017-08-21 11:45:00 EDT,44.30782,-76.00858,285,77.4,76.9,77.4,66.3,65.3,0.000,0.000,0.00,0.000,8.6,11.5,1.7,212,12,9.0,13.1,1.8,219,11,8.6,11.5,1.7,212,12,688,29.78,,0,0,0,68.2,66.7,64.5,0.38,0.44,0.49
WELL,2017-08-21 11:50:00 EDT,44.30782,-76.00858,285,77.6,77.0,77.6,66.8,65.7,0.000,0.000,0.00,0.000,8.7,12.6,1.7,228,18,9.2,13.3,1.9,236,18,8.7,12.6,1.7,228,18,695,29.78,,0,0,0,68.2,66.7,64.5,0.38,0.44,0.49
WELL,2017-08-21 11:55:00 EDT,44.30782,-76.00858,285,77.8,77.1,77.8,65.8,65.5,0.000,0.000,0.00,0.000,8.9,13.1,1.8,218,12,9.3,13.2,1.9,225,12,8.9,13.1,1.8,218,12,706,29.78,,0,0,0,68.2,66.7,64.5,0.38,0.44,0.49
WELL,2017-08-21 12:00:00 EDT,44.30782,-76.00858,285,77.8,77.2,77.8,66.4,65.7,0.000,0.000,0.00,0.000,8.9,14.0,2.5,219,11,9.3,14.0,2.3,226,9,8.9,14.0,2.5,219,11,700,29.78,,0,0,0,68.2,66.7,64.5,0.38,0.44,0.49
WELL,2017-08-21 12:05:00 EDT,44.30782,-76.00858,285,77.7,77.2,77.7,64.6,64.8,0.000,0.000,0.00,0.000,9.3,13.1,1.5,219,12,9.6,13.0,1.4,225,10,9.3,13.1,1.5,219,12,702,29.78,,0,0,0,68.2,66.7,64.5,0.38,0.44,0.49
WELL,2017-08-21 12:10:00 EDT,44.30782,-76.00858,285,78.1,77.6,78.1,64.5,65.2,0.000,0.000,0.00,0.000,9.5,14.0,2.3,223,16,10.1,14.3,2.2,230,16,9.5,14.0,2.3,223,16,711,29.78,,0,0,0,68.3,66.7,64.5,0.38,0.44,0.49
WELL,2017-08-21 12:15:00 EDT,44.30782,-76.00858,285,78.3,77.8,78.3,64.2,65.2,0.000,0.000,0.00,0.000,9.2,14.2,2.0,221,11,9.5,14.8,1.9,227,11,9.2,14.2,2.0,221,11,717,29.78,,0,0,0,68.5,66.7,64.5,0.38,0.44,0.49
WELL,2017-08-21 12:20:00 EDT,44.30782,-76.00858,285,78.1,77.6,78.1,63.6,64.8,0.000,0.000,0.00,0.000,10.1,15.3,2.2,223,10,10.5,15.4,2.1,229,10,10.1,15.3,2.2,223,10,704,29.77,,0,0,0,68.7,66.7,64.5,0.38,0.44,0.49
WELL,2017-08-21 12:25:00 EDT,44.30782,-76.00858,285,78.1,77.6,78.1,63.8,64.9,0.000,0.000,0.00,0.000,9.5,13.7,1.9,227,16,9.9,13.9,1.9,234,17,9.5,13.7,1.9,227,16,729,29.77,,0,0,0,68.8,66.7,64.5,0.38,0.44,0.49
WELL,2017-08-21 12:30:00 EDT,44.30782,-76.00858,285,78.3,77.7,78.3,64.6,65.4,0.000,0.000,0.00,0.000,8.3,12.3,1.5,227,14,8.6,11.8,1.4,235,14,8.3,12.3,1.5,227,14,710,29.77,,0,0,0,68.9,66.7,64.5,0.38,0.44,0.49
WELL,2017-08-21 12:35:00 EDT,44.30782,-76.00858,285,78.2,77.5,78.2,65.1,65.5,0.000,0.000,0.00,0.000,9.9,14.1,2.0,218,10,10.4,14.3,2.0,224,9,9.9,14.1,2.0,218,10,724,29.77,,0,0,0,68.8,66.7,64.5,0.38,0.44,0.49
WELL,2017-08-21 12:40:00 EDT,44.30782,-76.00858,285,78.3,77.7,78.3,64.9,65.5,0.000,0.000,0.00,0.000,9.7,14.7,2.3,224,12,10.1,15.9,2.1,230,11,9.7,14.7,2.3,224,12,703,29.77,,0,0,0,69.0,66.7,64.5,0.38,0.44,0.49
WELL,2017-08-21 12:45:00 EDT,44.30782,-76.00858,285,78.3,77.8,78.3,64.9,65.5,0.000,0.000,0.00,0.000,11.1,14.4,1.9,217,10,11.5,14.9,1.9,225,9,11.1,14.4,1.9,217,10,720,29.77,,0,0,0,69.0,66.7,64.4,0.38,0.44,0.49
WELL,2017-08-21 12:50:00 EDT,44.30782,-76.00858,285,78.5,77.9,78.5,65.6,66.0,0.000,0.000,0.00,0.000,9.1,12.6,1.5,220,12,9.7,13.1,1.6,226,12,9.1,12.6,1.5,220,12,735,29.77,,0,0,0,69.0,66.7,64.5,0.38,0.44,0.49
WELL,2017-08-21 12:55:00 EDT,44.30782,-76.00858,285,78.7,78.1,78.7,65.7,66.3,0.000,0.000,0.00,0.000,9.1,13.7,2.0,230,16,9.7,15.9,2.1,238,16,9.1,13.7,2.0,230,16,736,29.77,,0,0,0,69.0,66.7,64.5,0.38,0.44,0.49
WELL,2017-08-21 13:00:00 EDT,44.30782,-76.00858,285,78.6,78.0,78.6,66.4,66.4,0.000,0.000,0.00,0.000,10.1,14.2,2.2,228,12,10.6,15.4,2.2,234,13,10.1,14.2,2.2,228,12,736,29.77,,0,0,0,69.0,66.7,64.5,0.38,0.44,0.48
WELL,2017-08-21 13:05:00 EDT,44.30782,-76.00858,285,78.3,77.7,78.3,66.3,66.1,0.000,0.000,0.00,0.000,10.6,17.7,2.6,221,12,11.0,18.8,2.8,228,12,10.6,17.7,2.6,221,12,734,29.77,,0,0,0,69.0,66.7,64.5,0.38,0.44,0.48
WELL,2017-08-21 13:10:00 EDT,44.30782,-76.00858,285,78.1,77.4,78.1,67.7,66.5,0.000,0.000,0.00,0.000,11.1,14.4,2.3,223,11,11.3,16.0,2.3,230,11,11.1,14.4,2.3,223,11,733,29.77,,0,0,0,69.2,66.7,64.5,0.38,0.44,0.49
WELL,2017-08-21 13:15:00 EDT,44.30782,-76.00858,285,77.8,77.1,77.8,67.9,66.3,0.000,0.000,0.00,0.000,11.1,15.5,2.2,226,10,11.5,15.9,2.2,232,10,11.1,15.5,2.2,226,10,731,29.77,,0,0,0,69.2,66.7,64.5,0.38,0.44,0.49
WELL,2017-08-21 13:20:00 EDT,44.30782,-76.00858,285,77.8,77.1,77.8,68.0,66.4,0.000,0.000,0.00,0.000,11.2,15.3,1.9,220,9,11.6,17.2,1.8,226,7,11.2,15.3,1.9,220,9,726,29.77,,0,0,0,69.3,66.7,64.5,0.38,0.44,0.48
WELL,2017-08-21 13:25:00 EDT,44.30782,-76.00858,285,78.2,77.4,78.2,68.2,66.8,0.000,0.000,0.00,0.000,9.7,14.3,2.0,224,10,10.0,16.2,2.0,230,9,9.7,14.3,2.0,224,10,717,29.77,,0,0,0,69.4,66.7,64.5,0.38,0.44,0.48
WELL,2017-08-21 13:30:00 EDT,44.30782,-76.00858,285,78.0,77.3,78.0,67.7,66.4,0.000,0.000,0.00,0.000,10.4,13.5,1.4,221,7,10.6,13.7,1.4,227,7,10.4,13.5,1.4,221,7,698,29.77,,0,0,0,69.4,66.7,64.5,0.38,0.44,0.48
WELL,2017-08-21 13:35:00 EDT,44.30782,-76.00858,285,78.0,77.4,78.0,67.4,66.3,0.000,0.000,0.00,0.000,10.9,14.5,1.2,225,9,11.0,15.2,1.3,231,8,10.9,14.5,1.2,225,9,674,29.77,,0,0,0,69.6,66.7,64.4,0.38,0.44,0.48
WELL,2017-08-21 13:40:00 EDT,44.30782,-76.00858,285,78.1,77.6,78.1,67.0,66.3,0.000,0.000,0.00,0.000,10.2,14.0,1.8,221,8,10.5,14.9,2.0,228,8,10.2,14.0,1.8,221,8,643,29.76,,0,0,0,69.5,66.8,64.5,0.38,0.44,0.49
WELL,2017-08-21 13:45:00 EDT,44.30782,-76.00858,285,78.1,77.7,78.1,66.1,65.8,0.000,0.000,0.00,0.000,10.9,14.6,1.8,225,8,11.1,15.7,1.8,231,7,10.9,14.6,1.8,225,8,610,29.76,,0,0,0,69.6,66.7,64.5,0.38,0.44,0.48
WELL,2017-08-21 13:50:00 EDT,44.30782,-76.00858,285,78.4,78.0,78.4,66.9,66.5,0.000,0.000,0.00,0.000,8.1,11.9,1.9,226,12,8.7,12.4,1.7,233,14,8.1,11.9,1.9,226,12,571,29.76,,0,0,0,69.6,66.7,64.5,0.38,0.44,0.48
WELL,2017-08-21 13:55:00 EDT,44.30782,-76.00858,285,78.2,77.8,78.2,65.8,65.8,0.000,0.000,0.00,0.000,9.6,14.2,1.8,230,13,10.2,15.7,1.9,237,13,9.6,14.2,1.8,230,13,528,29.76,,0,0,0,69.5,66.7,64.4,0.38,0.44,0.49
WELL,2017-08-21 14:00:00 EDT,44.30782,-76.00858,285,77.9,77.7,77.9,66.4,65.7,0.000,0.000,0.00,0.000,8.9,14.2,2.7,226,11,9.1,14.8,2.6,234,12,8.9,14.2,2.7,226,11,482,29.76,,0,0,0,69.6,66.7,64.5,0.38,0.44,0.48
WELL,2017-08-21 14:05:00 EDT,44.30782,-76.00858,285,77.9,77.7,77.9,67.3,66.2,0.000,0.000,0.00,0.000,9.1,13.6,2.0,218,10,9.5,14.3,2.0,225,9,9.1,13.6,2.0,218,10,437,29.76,,0,0,0,69.6,66.7,64.5,0.38,0.44,0.48
WELL,2017-08-21 14:10:00 EDT,44.30782,-76.00858,285,77.6,77.5,77.6,66.9,65.7,0.000,0.000,0.00,0.000,9.7,14.7,2.1,224,11,10.0,15.5,2.0,231,10,9.7,14.7,2.1,224,11,391,29.76,,0,0,0,69.7,66.8,64.5,0.38,0.44,0.48
WELL,2017-08-21 14:15:00 EDT,44.30782,-76.00858,285,77.3,77.3,77.3,67.6,65.8,0.000,0.000,0.00,0.000,9.2,13.7,1.9,224,11,9.7,14.6,1.9,230,11,9.2,13.7,1.9,224,11,348,29.75,,0,0,0,69.7,66.8,64.5,0.38,0.44,0.48
WELL,2017-08-21 14:20:00 EDT,44.30782,-76.00858,285,77.0,77.1,77.0,69.0,66.1,0.000,0.000,0.00,0.000,8.6,12.2,1.6,221,9,9.0,13.2,1.8,227,9,8.6,12.2,1.6,221,9,309,29.75,,0,0,0,69.7,66.8,64.5,0.38,0.44,0.48
WELL,2017-08-21 14:25:00 EDT,44.30782,-76.00858,285,76.7,76.8,76.7,70.5,66.4,0.000,0.000,0.00,0.000,6.8,12.1,1.6,216,14,7.3,13.0,1.7,224,13,6.8,12.1,1.6,216,14,276,29.75,,0,0,0,69.7,66.8,64.5,0.38,0.44,0.48
WELL,2017-08-21 14:30:00 EDT,44.30782,-76.00858,285,76.4,76.6,76.4,71.5,66.6,0.000,0.000,0.00,0.000,6.9,10.3,1.3,223,12,7.2,11.5,1.4,231,12,6.9,10.3,1.3,223,12,249,29.75,,0,0,0,69.7,66.8,64.5,0.38,0.44,0.48
WELL,2017-08-21 14:35:00 EDT,44.30782,-76.00858,285,76.2,76.4,76.2,72.3,66.7,0.000,0.000,0.00,0.000,6.4,10.4,1.5,226,9,6.8,10.7,1.5,233,8,6.4,10.4,1.5,226,9,233,29.75,,0,0,0,69.8,66.8,64.5,0.38,0.44,0.48
WELL,2017-08-21 14:40:00 EDT,44.30782,-76.00858,285,76.0,76.3,76.0,72.8,66.7,0.000,0.000,0.00,0.000,7.2,10.2,1.3,223,9,7.5,10.1,1.3,230,8,7.2,10.2,1.3,223,9,227,29.75,,0,0,0,69.8,66.7,64.5,0.38,0.44,0.48
WELL,2017-08-21 14:45:00 EDT,44.30782,-76.00858,285,75.9,76.1,75.9,74.6,67.3,0.000,0.000,0.00,0.000,6.4,10.1,1.3,224,12,6.7,10.0,1.4,231,11,6.4,10.1,1.3,224,12,233,29.75,,0,0,0,69.9,66.7,64.5,0.38,0.44,0.48
WELL,2017-08-21 14:50:00 EDT,44.30782,-76.00858,285,75.8,75.9,75.8,75.1,67.3,0.000,0.000,0.00,0.000,7.2,12.1,2.0,220,9,7.5,12.9,1.9,228,7,7.2,12.1,2.0,220,9,249,29.75,,0,0,0,69.9,66.8,64.5,0.38,0.44,0.48
WELL,2017-08-21 14:55:00 EDT,44.30782,-76.00858,285,76.0,76.1,76.0,75.6,67.8,0.000,0.000,0.00,0.000,6.1,9.1,1.2,221,11,6.5,10.0,1.3,228,11,6.1,9.1,1.2,221,11,274,29.75,,0,0,0,69.8,66.7,64.5,0.38,0.44,0.48
WELL,2017-08-21 15:00:00 EDT,44.30782,-76.00858,285,76.4,76.4,76.4,74.3,67.6,0.000,0.000,0.00,0.000,5.8,9.1,1.5,214,15,6.2,9.7,1.5,221,14,5.8,9.1,1.5,214,15,305,29.74,,0,0,0,69.8,66.8,64.5,0.38,0.44,0.49
WELL,2017-08-21 15:05:00 EDT,44.30782,-76.00858,285,76.7,76.5,76.7,75.4,68.3,0.000,0.000,0.00,0.000,4.9,8.0,1.2,216,14,5.2,8.8,1.3,223,12,4.9,8.0,1.2,216,14,339,29.74,,0,0,0,69.8,66.8,64.5,0.38,0.44,0.49
WELL,2017-08-21 15:10:00 EDT,44.30782,-76.00858,285,77.1,76.9,77.1,73.0,67.8,0.000,0.000,0.00,0.000,6.3,11.3,1.8,212,16,6.8,11.4,1.8,221,13,6.3,11.3,1.8,212,16,374,29.74,,0,0,0,69.7,66.8,64.5,0.37,0.44,0.48
WELL,2017-08-21 15:15:00 EDT,44.30782,-76.00858,285,77.4,77.3,77.4,72.5,67.9,0.000,0.000,0.00,0.000,6.3,9.4,1.6,201,18,6.9,10.6,1.5,209,16,6.3,9.4,1.6,201,18,412,29.74,,0,0,0,69.8,66.8,64.5,0.37,0.44,0.49
WELL,2017-08-21 15:20:00 EDT,44.30782,-76.00858,285,77.6,77.4,77.6,71.1,67.5,0.000,0.000,0.00,0.000,7.5,11.9,1.8,201,13,8.0,13.3,1.8,209,12,7.5,11.9,1.8,201,13,449,29.74,,0,0,0,69.8,66.9,64.5,0.37,0.44,0.49
WELL,2017-08-21 15:25:00 EDT,44.30782,-76.00858,285,77.6,77.3,77.6,71.8,67.8,0.000,0.000,0.00,0.000,6.9,9.7,1.3,216,13,7.3,10.7,1.6,223,11,6.9,9.7,1.3,216,13,480,29.74,,0,0,0,69.9,66.9,64.5,0.37,0.44,0.47
WELL,2017-08-21 15:30:00 EDT,44.30782,-76.00858,285,77.7,77.4,77.7,69.0,66.7,0.000,0.000,0.00,0.000,8.6,13.2,1.8,197,15,9.1,14.0,1.8,203,13,8.6,13.2,1.8,197,15,506,29.74,,0,0,0,70.0,66.9,64.5,0.37,0.44,0.48
WELL,2017-08-21 15:35:00 EDT,44.30782,-76.00858,285,77.6,77.4,77.6,69.0,66.6,0.000,0.000,0.00,0.000,8.4,11.8,1.8,202,13,8.9,12.0,1.7,209,12,8.4,11.8,1.8,202,13,515,29.74,,0,0,0,69.9,67.0,64.5,0.38,0.44,0.49
WELL,2017-08-21 15:40:00 EDT,44.30782,-76.00858,285,77.5,77.2,77.5,68.0,66.1,0.000,0.000,0.00,0.000,9.3,12.6,1.7,208,11,9.8,13.8,1.9,215,10,9.3,12.6,1.7,208,11,557,29.74,,0,0,0,70.1,66.9,64.5,0.38,0.44,0.49
WELL,2017-08-21 15:45:00 EDT,44.30782,-76.00858,285,77.5,77.3,77.5,68.7,66.4,0.000,0.000,0.00,0.000,8.7,13.6,2.1,200,14,9.3,14.7,2.2,204,13,8.7,13.6,2.1,200,14,565,29.74,,0,0,0,70.1,67.0,64.5,0.38,0.44,0.49
WELL,2017-08-21 15:50:00 EDT,44.30782,-76.00858,285,77.7,77.3,77.7,67.7,66.2,0.000,0.000,0.00,0.000,9.7,14.8,1.7,218,11,10.3,14.8,1.9,224,11,9.7,14.8,1.7,218,11,583,29.73,,0,0,0,70.2,66.8,64.5,0.38,0.44,0.49
WELL,2017-08-21 15:55:00 EDT,44.30782,-76.00858,285,78.3,77.8,78.3,69.4,67.4,0.000,0.000,0.00,0.000,7.0,12.4,2.2,211,15,7.6,12.5,2.1,218,14,7.0,12.4,2.2,211,15,570,29.73,,0,0,0,70.2,66.9,64.6,0.37,0.44,0.48
WELL,2017-08-21 16:00:00 EDT,44.30782,-76.00858,285,77.7,77.4,77.7,67.8,66.2,0.000,0.000,0.00,0.000,9.8,13.3,1.5,200,11,10.4,13.6,1.6,206,10,9.8,13.3,1.5,200,11,563,29.73,,0,0,0,70.2,66.9,64.5,0.37,0.44,0.49
WELL,2017-08-21 16:05:00 EDT,44.30782,-76.00858,285,77.8,77.5,77.8,68.3,66.5,0.000,0.000,0.00,0.000,9.0,13.5,2.3,205,11,9.7,13.8,2.2,212,9,9.0,13.5,2.3,205,11,543,29.73,,0,0,0,70.3,67.0,64.5,0.37,0.44,0.48
WELL,2017-08-21 16:10:00 EDT,44.30782,-76.00858,285,78.4,78.2,78.4,69.8,67.8,0.000,0.000,0.00,0.000,6.0,9.9,1.7,196,13,6.8,10.9,1.8,204,11,6.0,9.9,1.7,196,13,526,29.73,,0,0,0,70.3,67.1,64.5,0.37,0.44,0.49
WELL,2017-08-21 16:15:00 EDT,44.30782,-76.00858,285,78.3,78.0,78.3,68.4,67.0,0.000,0.000,0.00,0.000,9.3,12.9,1.6,181,10,10.2,13.9,1.8,189,8,9.3,12.9,1.6,181,10,515,29.73,,0,0,0,70.3,67.0,64.5,0.37,0.44,0.48
WELL,2017-08-21 16:20:00 EDT,44.30782,-76.00858,285,78.7,78.4,78.7,68.2,67.3,0.000,0.000,0.00,0.000,7.6,13.4,2.7,190,15,8.3,15.0,2.9,198,14,7.6,13.4,2.7,190,15,508,29.73,,0,0,0,70.4,67.0,64.5,0.37,0.44,0.48
WELL,2017-08-21 16:25:00 EDT,44.30782,-76.00858,285,78.4,78.3,78.4,66.8,66.5,0.000,0.000,0.00,0.000,10.1,14.5,2.1,180,11,10.8,15.5,2.3,188,9,10.1,14.5,2.1,180,11,505,29.72,,0,0,0,70.3,66.9,64.5,0.37,0.44,0.49
WELL,2017-08-21 16:30:00 EDT,44.30782,-76.00858,285,78.7,78.6,78.7,67.4,67.0,0.000,0.000,0.00,0.000,7.6,12.4,2.2,189,14,8.4,13.5,2.3,196,13,7.6,12.4,2.2,189,14,489,29.72,,0,0,0,70.5,67.0,64.5,0.37,0.44,0.48
WELL,2017-08-21 16:35:00 EDT,44.30782,-76.00858,285,78.7,78.6,78.7,67.0,66.8,0.000,0.000,0.00,0.000,8.3,12.5,1.8,191,15,8.8,13.5,1.8,200,13,8.3,12.5,1.8,191,15,473,29.72,,0,0,0,70.4,67.1,64.5,0.37,0.44,0.49
WELL,2017-08-21 16:40:00 EDT,44.30782,-76.00858,285,78.8,78.7,78.8,65.5,66.2,0.000,0.000,0.00,0.000,9.0,15.3,2.2,189,12,9.5,15.7,2.4,196,9,9.0,15.3,2.2,189,12,462,29.72,,0,0,0,70.5,67.0,64.5,0.37,0.44,0.48
WELL,2017-08-21 16:45:00 EDT,44.30782,-76.00858,285,78.8,78.8,78.8,64.1,65.7,0.000,0.000,0.00,0.000,9.3,15.9,2.7,209,10,9.8,16.0,2.8,216,9,9.3,15.9,2.7,209,10,453,29.72,,0,0,0,70.5,67.0,64.6,0.37,0.44,0.48
WELL,2017-08-21 16:50:00 EDT,44.30782,-76.00858,285,79.0,78.9,79.0,65.3,66.3,0.000,0.000,0.00,0.000,6.6,12.8,1.9,205,16,6.9,12.4,1.8,213,16,6.6,12.8,1.9,205,16,443,29.72,,0,0,0,70.5,67.1,64.5,0.37,0.44,0.48
WELL,2017-08-21 16:55:00 EDT,44.30782,-76.00858,285,79.2,79.1,79.2,63.5,65.7,0.000,0.000,0.00,0.000,8.9,12.3,1.9,205,14,9.4,14.2,2.0,212,13,8.9,12.3,1.9,205,14,434,29.72,,0,0,0,70.5,67.0,64.5,0.37,0.44,0.48
WELL,2017-08-21 17:00:00 EDT,44.30782,-76.00858,285,79.1,79.1,79.1,63.1,65.5,0.000,0.000,0.00,0.000,8.3,14.5,2.1,210,18,8.9,15.3,2.2,215,15,8.3,14.5,2.1,210,18,424,29.72,,0,0,0,70.5,67.1,64.5,0.37,0.44,0.48
WELL,2017-08-21 17:05:00 EDT,44.30782,-76.00858,285,79.0,79.1,79.0,62.5,65.1,0.000,0.000,0.00,0.000,9.4,13.3,2.3,205,14,9.9,14.3,2.3,211,12,9.4,13.3,2.3,205,14,411,29.72,,0,0,0,70.6,67.1,64.5,0.37,0.44,0.49
WELL,2017-08-21 17:10:00 EDT,44.30782,-76.00858,285,79.2,79.2,79.2,64.9,66.3,0.000,0.000,0.00,0.000,6.9,12.6,2.4,216,15,7.6,13.7,2.4,224,14,6.9,12.6,2.4,216,15,395,29.72,,0,0,0,70.5,67.0,64.5,0.37,0.44,0.48
WELL,2017-08-21 17:15:00 EDT,44.30782,-76.00858,285,79.1,79.1,79.1,63.9,65.8,0.000,0.000,0.00,0.000,8.4,11.3,1.5,213,14,8.8,12.3,1.6,220,13,8.4,11.3,1.5,213,14,379,29.72,,0,0,0,70.7,67.1,64.5,0.37,0.44,0.48
WELL,2017-08-21 17:20:00 EDT,44.30782,-76.00858,285,78.9,79.0,78.9,65.0,66.2,0.000,0.000,0.00,0.000,8.3,11.3,1.2,225,9,8.8,11.6,1.2,231,9,8.3,11.3,1.2,225,9,369,29.72,,0,0,0,70.6,67.0,64.5,0.37,0.44,0.48
WELL,2017-08-21 17:25:00 EDT,44.30782,-76.00858,285,78.9,79.0,78.9,64.4,65.9,0.000,0.000,0.00,0.000,8.2,12.6,1.5,217,12,8.8,13.0,1.6,224,11,8.2,12.6,1.5,217,12,354,29.72,,0,0,0,70.6,67.0,64.6,0.37,0.44,0.47
WELL,2017-08-21 17:30:00 EDT,44.30782,-76.00858,285,78.9,79.0,78.9,64.6,65.9,0.000,0.000,0.00,0.000,8.0,10.9,1.5,214,12,8.4,14.1,1.7,222,12,8.0,10.9,1.5,214,12,339,29.72,,0,0,0,70.7,67.1,64.5,0.37,0.44,0.48
WELL,2017-08-21 17:35:00 EDT,44.30782,-76.00858,285,78.8,78.9,78.8,65.4,66.2,0.000,0.000,0.00,0.000,7.9,11.0,1.5,219,10,8.3,12.2,1.6,226,9,7.9,11.0,1.5,219,10,322,29.72,,0,0,0,70.8,67.1,64.5,0.37,0.44,0.48
WELL,2017-08-21 17:40:00 EDT,44.30782,-76.00858,285,78.6,78.8,78.6,65.8,66.2,0.000,0.000,0.00,0.000,8.0,11.1,1.4,220,10,8.4,11.6,1.5,227,10,8.0,11.1,1.4,220,10,309,29.72,,0,0,0,70.8,67.1,64.5,0.37,0.44,0.47
WELL,2017-08-21 17:45:00 EDT,44.30782,-76.00858,285,78.5,78.7,78.5,66.1,66.3,0.000,0.000,0.00,0.000,8.7,11.5,1.2,217,15,9.2,12.4,1.3,224,14,8.7,11.5,1.2,217,15,288,29.72,,0,0,0,70.8,67.0,64.5,0.37,0.44,0.48
WELL,2017-08-21 17:50:00 EDT,44.30782,-76.00858,285,78.4,78.6,78.4,67.0,66.5,0.000,0.000,0.00,0.000,6.8,10.4,1.4,219,14,7.2,12.6,1.5,225,13,6.8,10.4,1.4,219,14,285,29.72,,0,0,0,70.8,67.1,64.6,0.37,0.44,0.47
WELL,2017-08-21 17:55:00 EDT,44.30782,-76.00858,285,78.4,78.5,78.4,67.2,66.6,0.000,0.000,0.00,0.000,6.5,10.8,1.6,226,12,6.8,11.4,1.6,233,11,6.5,10.8,1.6,226,12,271,29.72,,0,0,0,70.7,67.0,64.5,0.37,0.44,0.47
WELL,2017-08-21 18:00:00 EDT,44.30782,-76.00858,285,78.1,78.3,78.1,66.7,66.1,0.000,0.000,0.00,0.000,7.6,12.6,2.2,228,14,8.0,13.4,2.2,235,12,7.6,12.6,2.2,228,14,257,29.72,,0,0,0,70.9,67.1,64.5,0.37,0.44,0.48
WELL,2017-08-21 18:05:00 EDT,44.30782,-76.00858,285,77.9,78.2,77.9,67.7,66.4,0.000,0.000,0.00,0.000,6.4,10.5,1.1,228,14,6.8,10.7,1.3,236,13,6.4,10.5,1.1,228,14,236,29.72,,0,0,0,70.9,67.1,64.5,0.37,0.44,0.47
WELL,2017-08-21 18:10:00 EDT,44.30782,-76.00858,285,77.7,77.9,77.7,68.8,66.6,0.000,0.000,0.00,0.000,6.2,9.1,1.1,238,12,6.8,10.8,1.3,246,12,6.2,9.1,1.1,238,12,227,29.72,,0,0,0,71.0,67.0,64.5,0.37,0.44,0.47
WELL,2017-08-21 18:15:00 EDT,44.30782,-76.00858,285,77.4,77.6,77.4,70.0,66.8,0.000,0.000,0.00,0.000,6.2,8.6,1.2,224,12,6.5,9.2,1.1,230,11,6.2,8.6,1.2,224,12,212,29.72,,0,0,0,70.9,67.0,64.5,0.37,0.44,0.48
WELL,2017-08-21 18:20:00 EDT,44.30782,-76.00858,285,77.3,77.5,77.3,71.2,67.3,0.000,0.000,0.00,0.000,5.5,8.0,1.1,208,11,5.9,8.4,1.2,216,9,5.5,8.0,1.1,208,11,190,29.72,,0,0,0,70.9,67.1,64.5,0.37,0.44,0.47
WELL,2017-08-21 18:25:00 EDT,44.30782,-76.00858,285,77.2,77.4,77.2,72.0,67.4,0.000,0.000,0.00,0.000,5.2,8.4,1.2,213,11,5.4,9.6,1.3,220,8,5.2,8.4,1.2,213,11,181,29.71,,0,0,0,71.0,67.1,64.5,0.37,0.44,0.47
WELL,2017-08-21 18:30:00 EDT,44.30782,-76.00858,285,76.9,77.2,76.9,73.4,67.8,0.000,0.000,0.00,0.000,4.9,7.0,1.0,216,14,5.1,7.5,1.1,224,13,4.9,7.0,1.0,216,14,172,29.71,,0,0,0,70.9,67.1,64.5,0.37,0.44,0.47
WELL,2017-08-21 18:35:00 EDT,44.30782,-76.00858,285,76.9,77.2,76.9,73.5,67.8,0.000,0.000,0.00,0.000,4.6,7.1,0.9,212,14,4.7,7.6,1.0,220,12,4.6,7.1,0.9,212,14,151,29.71,,0,0,0,71.0,67.1,64.5,0.37,0.44,0.47
WELL,2017-08-21 18:40:00 EDT,44.30782,-76.00858,285,76.5,77.0,76.5,74.2,67.7,0.000,0.000,0.00,0.000,5.3,7.6,0.9,222,13,5.7,8.7,1.1,229,12,5.3,7.6,0.9,222,13,132,29.71,,0,0,0,70.9,67.0,64.5,0.37,0.44,0.47
WELL,2017-08-21 18:45:00 EDT,44.30782,-76.00858,285,76.3,76.7,76.3,74.3,67.5,0.000,0.000,0.00,0.000,5.1,6.9,1.0,218,12,5.3,7.6,1.1,225,11,5.1,6.9,1.0,218,12,119,29.71,,0,0,0,70.9,67.1,64.6,0.37,0.44,0.47
WELL,2017-08-21 18:50:00 EDT,44.30782,-76.00858,285,75.9,76.4,75.9,75.7,67.7,0.000,0.000,0.00,0.000,4.3,6.4,0.7,212,10,4.7,7.8,1.0,220,9,4.3,6.4,0.7,212,10,80,29.71,,0,0,0,70.9,67.1,64.5,0.37,0.44,0.47
WELL,2017-08-21 18:55:00 EDT,44.30782,-76.00858,285,75.6,76.2,75.6,75.9,67.5,0.000,0.000,0.00,0.000,3.9,6.0,0.8,211,14,4.2,7.7,0.9,219,12,3.9,6.0,0.8,211,14,88,29.71,,0,0,0,70.9,67.1,64.6,0.37,0.44,0.47
WELL,2017-08-21 19:00:00 EDT,44.30782,-76.00858,285,75.3,76.0,75.3,76.2,67.3,0.000,0.000,0.00,0.000,3.4,5.0,0.7,216,12,3.6,6.1,0.9,223,10,3.4,5.0,0.7,216,12,77,29.71,,0,0,0,70.9,67.1,64.5,0.37,0.44,0.47
WELL,2017-08-21 19:05:00 EDT,44.30782,-76.00858,285,75.2,75.8,75.2,76.1,67.1,0.000,0.000,0.00,0.000,4.0,6.6,1.1,207,11,4.4,6.9,1.2,215,10,4.0,6.6,1.1,207,11,64,29.71,,0,0,0,70.9,67.0,64.5,0.37,0.44,0.47
WELL,2017-08-21 19:10:00 EDT,44.30782,-76.00858,285,75.2,75.8,75.2,75.1,66.7,0.000,0.000,0.00,0.000,5.3,9.1,1.2,209,12,5.7,10.9,1.4,216,11,5.3,9.1,1.2,209,12,62,29.71,,0,0,0,70.9,67.1,64.6,0.37,0.44,0.47
WELL,2017-08-21 19:15:00 EDT,44.30782,-76.00858,285,75.2,75.9,75.2,73.9,66.3,0.000,0.000,0.00,0.000,6.0,8.1,1.0,211,13,6.4,9.1,1.0,218,11,6.0,8.1,1.0,211,13,61,29.71,,0,0,0,70.9,67.1,64.5,0.37,0.44,0.48
WELL,2017-08-21 19:20:00 EDT,44.30782,-76.00858,285,74.8,75.7,74.8,74.6,66.2,0.000,0.000,0.00,0.000,5.1,8.4,1.2,211,11,5.3,8.6,1.2,218,11,5.1,8.4,1.2,211,11,56,29.71,,0,0,0,70.8,67.0,64.5,0.37,0.44,0.47
WELL,2017-08-21 19:25:00 EDT,44.30782,-76.00858,285,74.8,75.6,74.8,74.9,66.3,0.000,0.000,0.00,0.000,4.6,6.9,1.0,202,12,5.0,7.4,1.1,211,10,4.6,6.9,1.0,202,12,40,29.71,,0,0,0,70.9,67.1,64.5,0.37,0.44,0.47
WELL,2017-08-21 19:30:00 EDT,44.30782,-76.00858,285,74.5,75.4,74.5,75.3,66.2,0.000,0.000,0.00,0.000,5.4,8.1,1.1,195,12,5.8,8.8,1.3,204,11,5.4,8.1,1.1,195,12,29,29.70,,0,0,0,70.9,67.1,64.5,0.37,0.44,0.47
WELL,2017-08-21 19:35:00 EDT,44.30782,-76.00858,285,74.3,75.1,74.3,75.4,66.1,0.000,0.000,0.00,0.000,4.9,8.1,1.3,197,10,5.3,9.5,1.4,205,9,4.9,8.1,1.3,197,10,25,29.70,,0,0,0,70.8,67.1,64.5,0.37,0.44,0.47
WELL,2017-08-21 19:40:00 EDT,44.30782,-76.00858,285,74.1,74.9,74.1,76.1,66.0,0.000,0.000,0.00,0.000,4.5,7.5,1.0,197,10,4.7,8.4,1.2,205,9,4.5,7.5,1.0,197,10,21,29.71,,0,0,0,70.7,67.1,64.5,0.37,0.44,0.48
WELL,2017-08-21 19:45:00 EDT,44.30782,-76.00858,285,73.7,74.7,73.7,77.2,66.1,0.000,0.000,0.00,0.000,4.3,8.5,1.3,197,12,4.8,9.0,1.3,204,10,4.3,8.5,1.3,197,12,15,29.71,,0,0,0,70.7,67.1,64.5,0.37,0.44,0.47
WELL,2017-08-21 19:50:00 EDT,44.30782,-76.00858,285,73.5,74.4,73.5,77.8,66.2,0.000,0.000,0.00,0.000,4.2,7.5,1.0,195,12,4.4,7.9,1.1,202,10,4.2,7.5,1.0,195,12,10,29.71,,0,0,0,70.6,67.1,64.6,0.37,0.44,0.47
WELL,2017-08-21 19:55:00 EDT,44.30782,-76.00858,285,73.2,74.3,73.2,79.0,66.3,0.000,0.000,0.00,0.000,4.2,7.5,1.0,192,12,4.7,7.8,1.1,199,10,4.2,7.5,1.0,192,12,6,29.70,,0,0,0,70.6,67.1,64.5,0.37,0.44,0.47
WELL,2017-08-21 20:00:00 EDT,44.30782,-76.00858,285,72.9,74.0,72.9,80.2,66.5,0.000,0.000,0.00,0.000,4.4,7.2,1.0,194,12,4.9,7.8,1.1,202,11,4.4,7.2,1.0,194,12,4,29.70,,0,0,0,70.6,67.1,64.6,0.37,0.44,0.47
WELL,2017-08-21 20:05:00 EDT,44.30782,-76.00858,285,73.0,73.9,73.0,80.2,66.5,0.000,0.000,0.00,0.000,4.8,6.9,1.0,199,12,5.3,8.8,1.1,206,10,4.8,6.9,1.0,199,12,3,29.71,,0,0,0,70.5,67.1,64.5,0.37,0.44,0.47
WELL,2017-08-21 20:10:00 EDT,44.30782,-76.00858,285,72.7,73.7,72.7,80.6,66.4,0.000,0.000,0.00,0.000,4.9,6.6,0.9,195,11,5.3,7.4,1.0,202,9,4.9,6.6,0.9,195,11,1,29.71,,0,0,0,70.4,67.1,64.5,0.37,0.44,0.48
WELL,2017-08-21 20:15:00 EDT,44.30782,-76.00858,285,72.6,73.6,72.6,81.4,66.6,0.000,0.000,0.00,0.000,4.6,7.3,1.0,199,11,4.9,7.6,1.0,207,10,4.6,7.3,1.0,199,11,1,29.71,,0,0,0,70.5,67.1,64.5,0.37,0.44,0.47
WELL,2017-08-21 20:20:00 EDT,44.30782,-76.00858,285,72.5,73.4,72.5,81.7,66.6,0.000,0.000,0.00,0.000,4.7,7.9,1.2,199,12,5.1,8.9,1.3,206,10,4.7,7.9,1.2,199,12,1,29.71,,0,0,0,70.5,67.1,64.5,0.37,0.44,0.47
WELL,2017-08-21 20:25:00 EDT,44.30782,-76.00858,285,72.5,73.3,72.5,81.8,66.6,0.000,0.000,0.00,0.000,4.8,7.6,1.2,200,12,5.3,8.2,1.3,208,10,4.8,7.6,1.2,200,12,0,29.71,,0,0,0,70.4,67.1,64.5,0.37,0.44,0.48
WELL,2017-08-21 20:30:00 EDT,44.30782,-76.00858,285,72.3,73.2,72.3,82.0,66.5,0.000,0.000,0.00,0.000,4.5,7.0,0.9,199,9,4.8,7.4,1.0,207,9,4.5,7.0,0.9,199,9,0,29.71,,0,0,0,70.4,67.2,64.5,0.37,0.44,0.47
WELL,2017-08-21 20:35:00 EDT,44.30782,-76.00858,285,71.9,73.0,71.9,82.6,66.4,0.000,0.000,0.00,0.000,4.2,7.5,1.1,193,11,4.7,8.4,1.1,200,9,4.2,7.5,1.1,193,11,0,29.71,,0,0,0,70.5,67.2,64.5,0.37,0.44,0.47
WELL,2017-08-21 20:40:00 EDT,44.30782,-76.00858,285,72.0,73.0,72.0,83.2,66.6,0.000,0.000,0.00,0.000,4.9,8.2,0.9,189,12,5.4,9.5,1.1,197,10,4.9,8.2,0.9,189,12,0,29.71,,0,0,0,70.5,67.2,64.5,0.37,0.44,0.47
WELL,2017-08-21 20:45:00 EDT,44.30782,-76.00858,285,71.9,72.9,71.9,83.3,66.6,0.000,0.000,0.00,0.000,4.1,5.8,0.6,190,10,4.6,7.0,0.7,198,8,4.1,5.8,0.6,190,10,0,29.71,,0,0,0,70.4,67.1,64.5,0.37,0.44,0.47
WELL,2017-08-21 20:50:00 EDT,44.30782,-76.00858,285,71.6,72.6,71.6,84.1,66.5,0.000,0.000,0.00,0.000,4.1,5.8,0.8,192,9,4.4,6.5,0.9,201,7,4.1,5.8,0.8,192,9,0,29.70,,0,0,0,70.3,67.2,64.5,0.37,0.44,0.47
WELL,2017-08-21 20:55:00 EDT,44.30782,-76.00858,285,71.3,72.5,71.3,84.7,66.5,0.000,0.000,0.00,0.000,4.5,6.1,0.6,199,9,4.8,7.3,0.8,208,9,4.5,6.1,0.6,199,9,0,29.70,,0,0,0,70.3,67.2,64.5,0.37,0.44,0.47
WELL,2017-08-21 21:00:00 EDT,44.30782,-76.00858,285,71.4,72.4,71.4,84.9,66.6,0.000,0.000,0.00,0.000,4.3,6.2,0.7,209,11,4.6,6.8,0.8,217,10,4.3,6.2,0.7,209,11,0,29.70,,0,0,0,70.3,67.3,64.6,0.37,0.44,0.47
WELL,2017-08-21 21:05:00 EDT,44.30782,-76.00858,285,71.1,72.3,71.1,85.4,66.5,0.000,0.000,0.00,0.000,3.6,5.3,0.9,207,10,3.9,6.1,1.0,214,7,3.6,5.3,0.9,207,10,0,29.70,,0,0,0,70.3,67.2,64.6,0.37,0.44,0.47
WELL,2017-08-21 21:10:00 EDT,44.30782,-76.00858,285,70.7,72.1,70.7,86.6,66.5,0.000,0.000,0.00,0.000,3.2,4.7,0.6,193,11,3.5,5.5,0.6,202,10,3.2,4.7,0.6,193,11,0,29.70,,0,0,0,70.2,67.3,64.6,0.37,0.44,0.47
WELL,2017-08-21 21:15:00 EDT,44.30782,-76.00858,285,70.7,71.9,70.7,88.0,66.9,0.000,0.000,0.00,0.000,2.4,4.0,0.6,200,14,2.5,4.2,0.7,209,15,2.4,4.0,0.6,200,14,0,29.70,,0,0,0,70.0,67.3,64.5,0.37,0.44,0.47
WELL,2017-08-21 21:20:00 EDT,44.30782,-76.00858,285,69.9,71.5,69.9,88.6,66.4,0.000,0.000,0.00,0.000,1.2,2.0,0.5,233,12,1.5,2.8,0.5,242,14,1.2,2.0,0.5,233,12,0,29.71,,0,0,0,70.0,67.4,64.5,0.37,0.44,0.47
WELL,2017-08-21 21:25:00 EDT,44.30782,-76.00858,285,69.6,71.6,69.6,90.5,66.6,0.000,0.000,0.00,0.000,1.4,2.6,0.4,219,14,1.7,3.6,0.5,227,12,1.4,2.6,0.4,219,14,0,29.71,,0,0,0,69.8,67.3,64.5,0.37,0.44,0.47
WELL,2017-08-21 21:30:00 EDT,44.30782,-76.00858,285,69.6,71.3,69.6,90.8,66.8,0.000,0.000,0.00,0.000,1.1,2.1,0.4,220,7,1.2,2.0,0.3,227,9,1.1,2.1,0.4,220,7,0,29.71,,0,0,0,69.8,67.3,64.5,0.37,0.44,0.47
WELL,2017-08-21 21:35:00 EDT,44.30782,-76.00858,285,69.2,71.3,69.2,91.5,66.6,0.000,0.000,0.00,0.000,0.9,1.5,0.3,206,8,1.2,1.9,0.3,212,12,0.9,1.5,0.3,206,8,0,29.72,,0,0,0,69.7,67.4,64.6,0.37,0.44,0.47
WELL,2017-08-21 21:40:00 EDT,44.30782,-76.00858,285,67.4,71.0,67.4,92.1,65.0,0.000,0.000,0.00,0.000,1.9,2.6,0.4,179,7,2.2,3.1,0.4,187,7,1.9,2.6,0.4,179,7,0,29.72,,0,0,0,69.7,67.4,64.6,0.37,0.44,0.47
WELL,2017-08-21 21:45:00 EDT,44.30782,-76.00858,285,67.6,70.7,67.6,94.8,66.1,0.000,0.000,0.00,0.000,0.3,1.3,0.4,188,15,1.0,1.8,0.4,212,35,0.3,1.3,0.4,188,15,0,29.72,,0,0,0,69.7,67.4,64.6,0.37,0.44,0.47
WELL,2017-08-21 21:50:00 EDT,44.30782,-76.00858,285,68.6,70.5,68.6,95.4,67.2,0.000,0.000,0.00,0.000,1.2,2.1,0.4,229,15,1.4,2.2,0.3,238,19,1.2,2.1,0.4,229,15,0,29.72,,0,0,0,69.6,67.4,64.6,0.37,0.44,0.47
WELL,2017-08-21 21:55:00 EDT,44.30782,-76.00858,285,68.5,70.7,68.5,94.4,66.8,0.000,0.000,0.00,0.000,1.2,2.1,0.3,208,12,1.4,2.1,0.3,217,13,1.2,2.1,0.3,208,12,0,29.72,,0,0,0,69.6,67.4,64.6,0.37,0.44,0.47
WELL,2017-08-21 22:00:00 EDT,44.30782,-76.00858,285,67.6,70.5,67.6,93.9,65.8,0.000,0.000,0.00,0.000,1.1,1.6,0.3,213,13,1.3,1.9,0.3,223,16,1.1,1.6,0.3,213,13,0,29.72,,0,0,0,69.6,67.4,64.6,0.37,0.44,0.47
WELL,2017-08-21 22:05:00 EDT,44.30782,-76.00858,285,67.1,70.3,67.1,95.4,65.7,0.000,0.000,0.00,0.000,0.1,1.3,0.3,245,2,0.7,2.0,0.3,261,39,0.1,1.3,0.3,245,2,0,29.72,,0,0,0,69.5,67.5,64.6,0.37,0.44,0.47
WELL,2017-08-21 22:10:00 EDT,44.30782,-76.00858,285,66.2,69.9,66.2,95.9,65.0,0.000,0.000,0.00,0.000,0.0,0.0,0.0,0,0,0.5,1.0,0.2,69,49,0.0,0.0,0.0,0,0,0,29.72,,0,0,0,69.5,67.4,64.5,0.37,0.44,0.47
WELL,2017-08-21 22:15:00 EDT,44.30782,-76.00858,285,66.2,70.1,66.2,97.4,65.4,0.000,0.000,0.00,0.000,0.0,0.0,0.0,0,0,0.6,1.1,0.3,173,29,0.0,0.0,0.0,0,0,0,29.71,,0,0,0,69.5,67.4,64.5,0.37,0.44,0.47
WELL,2017-08-21 22:20:00 EDT,44.30782,-76.00858,285,66.1,69.6,66.1,98.0,65.5,0.000,0.000,0.00,0.000,0.0,0.0,0.0,0,0,0.4,0.9,0.2,61,24,0.0,0.0,0.0,0,0,0,29.72,,0,0,0,69.5,67.4,64.6,0.37,0.44,0.47
WELL,2017-08-21 22:25:00 EDT,44.30782,-76.00858,285,65.9,69.3,65.9,98.6,65.6,0.000,0.000,0.00,0.000,0.0,0.0,0.0,0,0,0.5,1.3,0.3,96,33,0.0,0.0,0.0,0,0,0,29.71,,0,0,0,69.3,67.4,64.6,0.37,0.44,0.47
WELL,2017-08-21 22:30:00 EDT,44.30782,-76.00858,285,65.7,69.1,65.7,99.0,65.4,0.000,0.000,0.00,0.000,0.3,1.3,0.3,158,17,1.0,2.1,0.3,150,33,0.3,1.3,0.3,158,17,0,29.71,,0,0,0,69.3,67.4,64.6,0.37,0.44,0.47
WELL,2017-08-21 22:35:00 EDT,44.30782,-76.00858,285,66.0,69.3,66.0,99.6,65.9,0.000,0.000,0.00,0.000,0.2,1.0,0.3,185,13,0.7,2.0,0.4,217,49,0.2,1.0,0.3,185,13,0,29.71,,0,0,0,69.2,67.4,64.6,0.37,0.44,0.47
WELL,2017-08-21 22:40:00 EDT,44.30782,-76.00858,285,67.5,69.5,67.5,100.0,67.5,0.000,0.000,0.00,0.000,1.1,2.4,0.7,210,13,1.4,2.7,0.5,221,19,1.1,2.4,0.7,210,13,0,29.71,,0,0,0,69.2,67.5,64.6,0.37,0.44,0.47
WELL,2017-08-21 22:45:00 EDT,44.30782,-76.00858,285,67.8,69.6,67.8,99.9,67.7,0.000,0.000,0.00,0.000,0.4,1.6,0.5,206,3,0.7,2.1,0.4,233,40,0.4,1.6,0.5,206,3,0,29.71,,0,0,0,69.1,67.4,64.6,0.37,0.44,0.47
WELL,2017-08-21 22:50:00 EDT,44.30782,-76.00858,285,66.9,69.5,66.9,99.4,66.7,0.000,0.000,0.00,0.000,0.0,0.0,0.0,0,0,0.5,0.9,0.2,44,24,0.0,0.0,0.0,0,0,0,29.71,,0,0,0,69.1,67.4,64.6,0.37,0.44,0.47
WELL,2017-08-21 22:55:00 EDT,44.30782,-76.00858,285,65.9,69.3,65.9,98.8,65.6,0.000,0.000,0.00,0.000,0.0,0.0,0.0,0,0,0.3,0.8,0.2,69,36,0.0,0.0,0.0,0,0,0,29.71,,0,0,0,69.0,67.4,64.6,0.37,0.44,0.47
WELL,2017-08-21 23:00:00 EDT,44.30782,-76.00858,285,65.5,69.2,65.5,98.9,65.2,0.000,0.000,0.00,0.000,0.0,0.0,0.0,0,0,0.4,0.9,0.2,3,48,0.0,0.0,0.0,0,0,0,29.71,,0,0,0,69.0,67.4,64.6,0.37,0.44,0.47
WELL,2017-08-21 23:05:00 EDT,44.30782,-76.00858,285,65.1,69.1,65.1,99.1,64.9,0.000,0.000,0.00,0.000,0.0,0.6,0.1,169,1,0.4,1.4,0.2,142,70,0.0,0.6,0.1,169,1,0,29.71,,0,0,0,68.9,67.4,64.6,0.37,0.44,0.47
WELL,2017-08-21 23:10:00 EDT,44.30782,-76.00858,285,65.0,68.9,65.0,99.6,64.9,0.000,0.000,0.00,0.000,0.1,0.7,0.2,160,0,0.6,1.1,0.2,154,21,0.1,0.7,0.2,160,0,0,29.71,,0,0,0,69.0,67.4,64.6,0.37,0.44,0.47
WELL,2017-08-21 23:15:00 EDT,44.30782,-76.00858,285,65.4,68.7,65.4,100.0,65.4,0.000,0.000,0.00,0.000,0.0,0.0,0.0,0,0,0.4,2.0,0.3,105,64,0.0,0.0,0.0,0,0,0,29.70,,0,0,0,68.9,67.4,64.6,0.37,0.44,0.47
WELL,2017-08-21 23:20:00 EDT,44.30782,-76.00858,285,65.6,68.9,65.6,100.0,65.6,0.000,0.000,0.00,0.000,0.0,0.0,0.0,0,0,0.5,1.0,0.2,190,18,0.0,0.0,0.0,0,0,0,29.70,,0,0,0,68.8,67.4,64.6,0.37,0.44,0.47
WELL,2017-08-21 23:25:00 EDT,44.30782,-76.00858,285,64.9,69.0,64.9,100.0,64.9,0.000,0.000,0.00,0.000,0.4,1.5,0.5,164,12,0.9,2.2,0.5,178,26,0.4,1.5,0.5,164,12,0,29.70,,0,0,0,68.9,67.4,64.6,0.37,0.44,0.48
WELL,2017-08-21 23:30:00 EDT,44.30782,-76.00858,285,64.9,68.8,64.9,100.0,64.9,0.000,0.000,0.00,0.000,0.1,0.9,0.2,198,7,0.8,1.4,0.2,191,25,0.1,0.9,0.2,198,7,0,29.70,,0,0,0,68.8,67.4,64.5,0.37,0.44,0.47
WELL,2017-08-21 23:35:00 EDT,44.30782,-76.00858,285,65.1,68.9,65.1,100.0,65.1,0.000,0.000,0.00,0.000,0.0,0.0,0.0,0,0,0.5,1.2,0.2,227,39,0.0,0.0,0.0,0,0,0,29.70,,0,0,0,68.7,67.4,64.6,0.37,0.44,0.47
WELL,2017-08-21 23:40:00 EDT,44.30782,-76.00858,285,65.2,69.0,65.2,100.0,65.2,0.000,0.000,0.00,0.000,0.2,1.0,0.3,274,3,0.9,1.4,0.2,277,16,0.2,1.0,0.3,274,3,0,29.70,,0,0,0,68.7,67.4,64.5,0.37,0.44,0.47
WELL,2017-08-21 23:45:00 EDT,44.30782,-76.00858,285,65.1,68.8,65.1,100.0,65.1,0.000,0.000,0.00,0.000,0.7,1.2,0.3,271,8,1.1,1.7,0.2,279,13,0.7,1.2,0.3,271,8,0,29.70,,0,0,0,68.4,67.4,64.6,0.37,0.44,0.47
WELL,2017-08-21 23:50:00 EDT,44.30782,-76.00858,285,64.4,68.6,64.4,100.0,64.4,0.000,0.000,0.00,0.000,0.1,1.0,0.2,235,7,0.7,1.5,0.2,232,27,0.1,1.0,0.2,235,7,0,29.70,,0,0,0,68.4,67.4,64.6,0.37,0.44,0.47
WELL,2017-08-21 23:55:00 EDT,44.30782,-76.00858,285,64.5,68.5,64.5,100.0,64.5,0.000,0.000,0.00,0.000,0.0,0.0,0.0,0,0,0.7,1.0,0.2,114,15,0.0,0.0,0.0,0,0,0,29.69,,0,0,0,68.3,67.4,64.6,0.37,0.44,0.47
WEST,2017-08-21 00:00:00 EDT,43.10647,-75.46146,655,59.8,61.8,59.8,99.9,59.7,0.000,0.029,0.00,0.000,1.2,1.8,0.4,178,9,1.6,2.2,0.3,169,10,1.2,1.8,0.4,178,9,0,29.45,,0,0,0,67.5,67.0,65.5,0.19,0.22,0.27
WEST,2017-08-21 00:05:00 EDT,43.10647,-75.46146,655,59.5,61.5,59.5,100.0,59.5,0.000,0.000,0.00,0.000,1.8,2.3,0.2,119,18,2.1,2.8,0.3,114,15,1.8,2.3,0.2,119,18,0,29.45,,0,0,0,67.5,67.0,65.5,0.19,0.22,0.27
WEST,2017-08-21 00:10:00 EDT,43.10647,-75.46146,655,59.9,61.5,59.9,100.0,59.9,0.000,0.000,0.00,0.000,1.3,1.9,0.3,106,5,1.7,2.4,0.3,103,8,1.3,1.9,0.3,106,5,0,29.45,,0,0,0,67.4,67.0,65.5,0.19,0.22,0.27
WEST,2017-08-21 00:15:00 EDT,43.10647,-75.46146,655,60.0,61.7,60.0,100.0,60.0,0.000,0.000,0.00,0.000,1.0,1.3,0.1,103,3,1.4,1.8,0.2,101,8,1.0,1.3,0.1,103,3,0,29.45,,0,0,0,67.2,67.0,65.5,0.19,0.22,0.27
WEST,2017-08-21 00:20:00 EDT,43.10647,-75.46146,655,60.6,62.1,60.6,100.0,60.6,0.000,0.000,0.00,0.000,1.1,1.5,0.2,89,9,1.5,2.2,0.3,84,10,1.1,1.5,0.2,89,9,0,29.45,,0,0,0,67.1,67.0,65.5,0.19,0.22,0.27
WEST,2017-08-21 00:25:00 EDT,43.10647,-75.46146,655,59.9,62.5,59.9,99.6,59.8,0.000,0.000,0.00,0.000,1.3,1.6,0.1,97,6,1.6,2.1,0.2,94,8,1.3,1.6,0.1,97,6,0,29.45,,0,0,0,67.1,67.0,65.5,0.19,0.22,0.27
WEST,2017-08-21 00:30:00 EDT,43.10647,-75.46146,655,59.8,62.4,59.8,99.4,59.6,0.000,0.000,0.00,0.000,1.0,1.4,0.1,103,2,1.4,1.8,0.1,100,5,1.0,1.4,0.1,103,2,0,29.45,,0,0,0,67.1,67.0,65.5,0.19,0.22,0.27
WEST,2017-08-21 00:35:00 EDT,43.10647,-75.46146,655,59.4,61.8,59.4,99.4,59.2,0.000,0.000,0.00,0.000,1.2,1.6,0.3,103,4,1.5,2.0,0.3,99,6,1.2,1.6,0.3,103,4,0,29.45,,0,0,0,67.1,66.9,65.5,0.19,0.22,0.27
WEST,2017-08-21 00:40:00 EDT,43.10647,-75.46146,655,59.3,61.0,59.3,99.6,59.2,0.000,0.000,0.00,0.000,0.5,1.1,0.3,143,28,1.1,1.5,0.2,157,29,0.5,1.1,0.3,143,28,0,29.45,,0,0,0,67.1,66.9,65.5,0.19,0.22,0.27
WEST,2017-08-21 00:45:00 EDT,43.10647,-75.46146,655,59.7,60.9,59.7,99.9,59.7,0.000,0.000,0.00,0.000,0.4,1.2,0.3,166,9,1.1,1.6,0.1,145,19,0.4,1.2,0.3,166,9,0,29.45,,0,0,0,67.1,66.8,65.5,0.19,0.22,0.27
WEST,2017-08-21 00:50:00 EDT,43.10647,-75.46146,655,59.6,60.8,59.6,100.0,59.6,0.000,0.000,0.00,0.000,0.3,0.9,0.4,137,2,0.7,1.3,0.3,127,20,0.3,0.9,0.4,137,2,0,29.45,,0,0,0,67.1,66.8,65.5,0.19,0.22,0.27
WEST,2017-08-21 00:55:00 EDT,43.10647,-75.46146,655,59.8,60.5,59.8,100.0,59.8,0.000,0.000,0.00,0.000,0.0,0.0,0.0,0,0,0.3,0.8,0.2,287,74,0.0,0.0,0.0,0,0,0,29.45,,0,0,0,67.1,66.8,65.5,0.19,0.22,0.27
WEST,2017-08-21 01:00:00 EDT,43.10647,-75.46146,655,58.9,60.6,58.9,99.9,58.9,0.000,0.000,0.00,0.000,0.0,0.0,0.0,0,0,1.0,1.5,0.3,190,8,0.0,0.0,0.0,0,0,0,29.45,,0,0,0,66.9,66.8,65.5,0.19,0.22,0.27
WEST,2017-08-21 01:05:00 EDT,43.10647,-75.46146,655,58.9,60.3,58.9,99.8,58.8,0.000,0.000,0.00,0.000,0.0,0.0,0.0,0,0,0.7,1.3,0.3,164,16,0.0,0.0,0.0,0,0,0,29.45,,0,0,0,66.7,66.7,65.5,0.19,0.22,0.27
WEST,2017-08-21 01:10:00 EDT,43.10647,-75.46146,655,59.2,60.3,59.2,100.0,59.2,0.000,0.000,0.00,0.000,0.0,0.0,0.0,0,0,0.5,0.8,0.2,219,14,0.0,0.0,0.0,0,0,0,29.45,,0,0,0,66.7,66.7,65.5,0.19,0.22,0.27
WEST,2017-08-21 01:15:00 EDT,43.10647,-75.46146,655,59.2,60.3,59.2,100.0,59.2,0.000,0.000,0.00,0.000,0.0,0.2,0.0,137,0,0.8,1.2,0.3,267,17,0.0,0.2,0.0,137,0,0,29.45,,0,0,0,66.7,66.7,65.5,0.19,0.22,0.27
WEST,2017-08-21 01:20:00 EDT,43.10647,-75.46146,655,58.2,60.2,58.2,99.9,58.2,0.000,0.000,0.00,0.000,0.0,0.0,0.0,0,0,0.3,0.6,0.1,297,25,0.0,0.0,0.0,0,0,0,29.45,,0,0,0,66.7,66.7,65.5,0.19,0.22,0.27
WEST,2017-08-21 01:25:00 EDT,43.10647,-75.46146,655,58.0,60.1,58.0,100.0,58.0,0.000,0.000,0.00,0.000,0.0,0.0,0.0,0,0,0.2,0.7,0.1,321,51,0.0,0.0,0.0,0,0,0,29.45,,0,0,0,66.7,66.7,65.5,0.19,0.22,0.27
WEST,2017-08-21 01:30:00 EDT,43.10647,-75.46146,655,58.1,60.0,58.1,99.9,58.0,0.000,0.000,0.00,0.000,0.0,0.0,0.0,0,0,0.2,0.4,0.1,253,20,0.0,0.0,0.0,0,0,0,29.45,,0,0,0,66.7,66.7,65.5,0.19,0.22,0.27
WEST,2017-08-21 01:35:00 EDT,43.10647,-75.46146,655,58.4,59.9,58.4,100.0,58.4,0.000,0.000,0.00,0.000,0.0,0.0,0.0,0,0,0.2,0.5,0.1,233,31,0.0,0.0,0.0,0,0,0,29.44,,0,0,0,66.6,66.7,65.5,0.19,0.22,0.27
WEST,2017-08-21 01:40:00 EDT,43.10647,-75.46146,655,58.8,59.9,58.8,100.0,58.8,0.000,0.000,0.00,0.000,0.0,0.0,0.0,0,0,0.5,0.7,0.1,280,14,0.0,0.0,0.0,0,0,0,29.44,,0,0,0,66.5,66.7,65.5,0.19,0.22,0.27
WEST,2017-08-21 01:45:00 EDT,43.10647,-75.46146,655,57.8,59.9,57.8,100.0,57.8,0.000,0.000,0.00,0.000,0.0,0.0,0.0,0,0,0.2,0.6,0.1,356,38,0.0,0.0,0.0,0,0,0,29.45,,0,0,0,66.4,66.7,65.5,0.19,0.22,0.27
WEST,2017-08-21 01:50:00 EDT,43.10647,-75.46146,655,58.6,60.1,58.6,100.0,58.6,0.000,0.000,0.00,0.000,0.0,0.0,0.0,0,0,0.8,1.2,0.2,6,10,0.0,0.0,0.0,0,0,0,29.45,,0,0,0,66.4,66.7,65.5,0.19,0.22,0.27
WEST,2017-08-21 01:55:00 EDT,43.10647,-75.46146,655,58.5,60.5,58.5,100.0,58.5,0.000,0.000,0.00,0.000,0.2,0.9,0.3,345,0,0.9,1.6,0.3,339,24,0.2,0.9,0.3,345,0,0,29.45,,0,0,0,66.4,66.7,65.5,0.19,0.22,0.27
WEST,2017-08-21 02:00:00 EDT,43.10647,-75.46146,655,57.2,60.4,57.2,99.8,57.2,0.000,0.000,0.00,0.000,0.2,0.9,0.3,315,24,0.9,1.7,0.4,321,47,0.2,0.9,0.3,315,24,0,29.45,,0,0,0,66.4,66.7,65.5,0.19,0.22,0.27
WEST,2017-08-21 02:05:00 EDT,43.10647,-75.46146,655,57.1,60.2,57.1,99.9,57.1,0.000,0.000,0.00,0.000,0.0,0.0,0.0,0,0,0.6,0.9,0.2,35,34,0.0,0.0,0.0,0,0,0,29.45,,0,0,0,66.4,66.7,65.5,0.19,0.22,0.27
WEST,2017-08-21 02:10:00 EDT,43.10647,-75.46146,655,57.1,59.9,57.1,100.0,57.1,0.000,0.000,0.00,0.000,0.5,0.9,0.3,62,10,1.0,1.5,0.2,51,14,0.5,0.9,0.3,62,10,0,29.45,,0,0,0,66.4,66.7,65.5,0.19,0.22,0.27
WEST,2017-08-21 02:15:00 EDT,43.10647,-75.46146,655,57.4,59.4,57.4,100.0,57.4,0.000,0.000,0.00,0.000,0.1,0.7,0.2,67,0,0.8,1.2,0.2,52,17,0.1,0.7,0.2,67,0,0,29.45,,0,0,0,66.4,66.7,65.5,0.19,0.22,0.27
WEST,2017-08-21 02:20:00 EDT,43.10647,-75.46146,655,57.7,59.4,57.7,100.0,57.7,0.000,0.000,0.00,0.000,0.3,1.1,0.4,44,3,0.9,1.5,0.2,48,12,0.3,1.1,0.4,44,3,0,29.45,,0,0,0,66.3,66.7,65.5,0.19,0.22,0.27
WEST,2017-08-21 02:25:00 EDT,43.10647,-75.46146,655,56.9,59.6,56.9,99.9,56.9,0.000,0.000,0.00,0.000,0.1,0.7,0.2,34,3,0.6,1.3,0.3,28,38,0.1,0.7,0.2,34,3,0,29.45,,0,0,0,66.1,66.7,65.5,0.19,0.22,0.27
WEST,2017-08-21 02:30:00 EDT,43.10647,-75.46146,655,57.0,59.5,57.0,100.0,57.0,0.000,0.000,0.00,0.000,0.0,0.0,0.0,0,0,0.5,1.2,0.2,330,50,0.0,0.0,0.0,0,0,0,29.45,,0,0,0,66.0,66.7,65.5,0.19,0.22,0.27
WEST,2017-08-21 02:35:00 EDT,43.10647,-75.46146,655,57.2,59.4,57.2,100.0,57.2,0.000,0.000,0.00,0.000,0.0,0.0,0.0,0,0,0.4,0.9,0.2,320,42,0.0,0.0,0.0,0,0,0,29.45,,0,0,0,66.0,66.7,65.5,0.19,0.22,0.27
WEST,2017-08-21 02:40:00 EDT,43.10647,-75.46146,655,56.8,59.4,56.8,100.0,56.8,0.000,0.000,0.00,0.000,0.0,0.0,0.0,0,0,0.6,1.1,0.1,28,26,0.0,0.0,0.0,0,0,0,29.45,,0,0,0,66.0,66.7,65.5,0.19,0.22,0.27
WEST,2017-08-21 02:45:00 EDT,43.10647,-75.46146,655,57.0,59.3,57.0,100.0,57.0,0.000,0.000,0.00,0.000,0.0,0.0,0.0,0,0,0.7,1.2,0.3,99,36,0.0,0.0,0.0,0,0,0,29.45,,0,0,0,66.0,66.7,65.5,0.19,0.22,0.27
WEST,2017-08-21 02:50:00 EDT,43.10647,-75.46146,655,57.3,59.3,57.3,100.0,57.3,0.000,0.000,0.00,0.000,0.0,0.0,0.0,0,0,0.4,0.8,0.1,93,30,0.0,0.0,0.0,0,0,0,29.45,,0,0,0,66.0,66.7,65.5,0.19,0.22,0.27
WEST,2017-08-21 02:55:00 EDT,43.10647,-75.46146,655,56.8,59.0,56.8,100.0,56.8,0.000,0.000,0.00,0.000,0.0,0.0,0.0,0,0,0.5,1.2,0.3,84,62,0.0,0.0,0.0,0,0,0,29.45,,0,0,0,66.0,66.7,65.5,0.19,0.22,0.27
WEST,2017-08-21 03:00:00 EDT,43.10647,-75.46146,655,55.9,59.0,55.9,100.0,55.9,0.000,0.000,0.00,0.000,0.0,0.0,0.0,0,0,0.6,1.2,0.3,275,67,0.0,0.0,0.0,0,0,0,29.46,,0,0,0,65.8,66.7,65.5,0.19,0.22,0.27
WEST,2017-08-21 03:05:00 EDT,43.10647,-75.46146,655,56.2,59.3,56.2,100.0,56.2,0.000,0.000,0.00,0.000,0.6,2.8,0.8,31,42,1.1,3.0,0.7,346,69,0.6,2.8,0.8,31,42,0,29.46,,0,0,0,65.8,66.7,65.5,0.19,0.22,0.27
WEST,2017-08-21 03:10:00 EDT,43.10647,-75.46146,655,57.2,59.5,57.2,100.0,57.2,0.000,0.000,0.00,0.000,0.9,2.9,0.9,55,37,1.3,3.1,0.8,47,50,0.9,2.9,0.9,55,37,0,29.46,,0,0,0,65.8,66.7,65.5,0.19,0.22,0.27
WEST,2017-08-21 03:15:00 EDT,43.10647,-75.46146,655,56.6,59.0,56.6,100.0,56.6,0.000,0.000,0.00,0.000,0.0,0.4,0.1,301,9,0.7,1.2,0.2,304,40,0.0,0.4,0.1,301,9,0,29.46,,0,0,0,65.8,66.7,65.5,0.19,0.22,0.27
WEST,2017-08-21 03:20:00 EDT,43.10647,-75.46146,655,56.7,59.2,56.7,100.0,56.7,0.000,0.000,0.00,0.000,0.0,0.0,0.0,0,0,0.8,1.1,0.2,302,34,0.0,0.0,0.0,0,0,0,29.46,,0,0,0,65.8,66.7,65.5,0.19,0.22,0.27
WEST,2017-08-21 03:25:00 EDT,43.10647,-75.46146,655,56.0,58.8,56.0,100.0,56.0,0.000,0.000,0.00,0.000,0.0,0.0,0.0,0,0,0.7,1.2,0.2,6,58,0.0,0.0,0.0,0,0,0,29.46,,0,0,0,65.8,66.7,65.5,0.19,0.22,0.27
WEST,2017-08-21 03:30:00 EDT,43.10647,-75.46146,655,56.8,59.6,56.8,100.0,56.8,0.000,0.000,0.00,0.000,0.6,1.3,0.4,40,10,1.1,1.6,0.3,39,17,0.6,1.3,0.4,40,10,0,29.46,,0,0,0,65.8,66.7,65.5,0.19,0.22,0.27
WEST,2017-08-21 03:35:00 EDT,43.10647,-75.46146,655,56.0,59.2,56.0,100.0,56.0,0.000,0.000,0.00,0.000,0.0,0.0,0.0,0,0,0.5,1.0,0.2,97,66,0.0,0.0,0.0,0,0,0,29.46,,0,0,0,65.8,66.6,65.5,0.19,0.22,0.27
WEST,2017-08-21 03:40:00 EDT,43.10647,-75.46146,655,55.8,59.0,55.8,100.0,55.8,0.000,0.000,0.00,0.000,0.3,1.2,0.5,67,0,0.8,1.8,0.5,71,21,0.3,1.2,0.5,67,0,0,29.46,,0,0,0,65.8,66.4,65.5,0.19,0.22,0.27
WEST,2017-08-21 03:45:00 EDT,43.10647,-75.46146,655,56.1,58.6,56.1,100.0,56.1,0.000,0.000,0.00,0.000,0.5,1.4,0.4,109,24,1.0,1.9,0.3,110,31,0.5,1.4,0.4,109,24,0,29.46,,0,0,0,65.8,66.5,65.5,0.19,0.22,0.27
WEST,2017-08-21 03:50:00 EDT,43.10647,-75.46146,655,56.4,59.1,56.4,100.0,56.4,0.000,0.000,0.00,0.000,0.3,1.6,0.5,178,11,1.0,2.0,0.4,148,41,0.3,1.6,0.5,178,11,0,29.46,,0,0,0,65.8,66.4,65.5,0.19,0.22,0.27
WEST,2017-08-21 03:55:00 EDT,43.10647,-75.46146,655,56.2,59.0,56.2,100.0,56.2,0.000,0.000,0.00,0.000,0.7,1.9,0.5,170,31,1.2,2.3,0.4,160,36,0.7,1.9,0.5,170,31,0,29.46,,0,0,0,65.6,66.4,65.5,0.18,0.22,0.27
WEST,2017-08-21 04:00:00 EDT,43.10647,-75.46146,655,56.8,59.0,56.8,100.0,56.8,0.000,0.000,0.00,0.000,0.0,0.9,0.2,147,3,0.6,1.2,0.3,158,22,0.0,0.9,0.2,147,3,0,29.46,,0,0,0,65.5,66.4,65.5,0.18,0.22,0.27
WEST,2017-08-21 04:05:00 EDT,43.10647,-75.46146,655,55.5,58.9,55.5,100.0,55.5,0.000,0.000,0.00,0.000,0.4,1.2,0.4,154,8,1.0,1.5,0.3,152,25,0.4,1.2,0.4,154,8,0,29.46,,0,0,0,65.5,66.4,65.5,0.19,0.22,0.27
WEST,2017-08-21 04:10:00 EDT,43.10647,-75.46146,655,56.0,58.7,56.0,100.0,56.0,0.000,0.000,0.00,0.000,0.1,0.7,0.2,111,4,0.6,1.5,0.3,147,38,0.1,0.7,0.2,111,4,0,29.46,,0,0,0,65.5,66.4,65.5,0.18,0.22,0.27
WEST,2017-08-21 04:15:00 EDT,43.10647,-75.46146,655,56.4,58.8,56.4,100.0,56.4,0.000,0.000,0.00,0.000,0.0,0.0,0.0,0,0,0.4,0.9,0.2,186,46,0.0,0.0,0.0,0,0,0,29.46,,0,0,0,65.5,66.4,65.5,0.19,0.22,0.27
WEST,2017-08-21 04:20:00 EDT,43.10647,-75.46146,655,55.5,58.7,55.5,100.0,55.5,0.000,0.000,0.00,0.000,0.0,0.0,0.0,0,0,0.3,0.7,0.1,176,43,0.0,0.0,0.0,0,0,0,29.46,,0,0,0,65.4,66.4,65.5,0.19,0.22,0.27
WEST,2017-08-21 04:25:00 EDT,43.10647,-75.46146,655,55.8,58.8,55.8,100.0,55.8,0.000,0.000,0.00,0.000,0.0,0.0,0.0,0,0,0.6,1.0,0.2,118,30,0.0,0.0,0.0,0,0,0,29.46,,0,0,0,65.2,66.4,65.5,0.19,0.22,0.27
WEST,2017-08-21 04:30:00 EDT,43.10647,-75.46146,655,55.8,58.8,55.8,100.0,55.8,0.000,0.000,0.00,0.000,0.3,0.7,0.3,126,0,0.9,1.4,0.3,110,7,0.3,0.7,0.3,126,0,0,29.46,,0,0,0,65.1,66.4,65.5,0.19,0.22,0.27
WEST,2017-08-21 04:35:00 EDT,43.10647,-75.46146,655,56.0,58.6,56.0,100.0,56.0,0.000,0.000,0.00,0.000,0.0,0.0,0.0,0,0,0.6,1.2,0.3,108,37,0.0,0.0,0.0,0,0,0,29.46,,0,0,0,65.1,66.4,65.5,0.19,0.22,0.27
WEST,2017-08-21 04:40:00 EDT,43.10647,-75.46146,655,56.1,58.7,56.1,100.0,56.1,0.000,0.000,0.00,0.000,0.4,1.9,0.6,82,7,1.0,2.6,0.5,126,54,0.4,1.9,0.6,82,7,0,29.45,,0,0,0,65.1,66.4,65.5,0.19,0.22,0.27
WEST,2017-08-21 04:45:00 EDT,43.10647,-75.46146,655,55.5,59.0,55.5,100.0,55.5,0.000,0.000,0.00,0.000,0.3,1.5,0.5,82,25,0.9,2.2,0.5,81,39,0.3,1.5,0.5,82,25,0,29.45,,0,0,0,65.1,66.4,65.5,0.19,0.22,0.27
WEST,2017-08-21 04:50:00 EDT,43.10647,-75.46146,655,56.3,58.8,56.3,100.0,56.3,0.000,0.000,0.00,0.000,0.2,1.5,0.4,76,3,0.8,2.2,0.5,111,55,0.2,1.5,0.4,76,3,0,29.46,,0,0,0,65.1,66.4,65.5,0.19,0.22,0.27
WEST,2017-08-21 04:55:00 EDT,43.10647,-75.46146,655,56.9,59.0,56.9,100.0,56.9,0.000,0.000,0.00,0.000,0.0,0.4,0.1,94,2,0.5,1.5,0.3,83,55,0.0,0.4,0.1,94,2,0,29.46,,0,0,0,65.1,66.4,65.5,0.19,0.22,0.27
WEST,2017-08-21 05:00:00 EDT,43.10647,-75.46146,655,56.8,58.9,56.8,100.0,56.8,0.000,0.000,0.00,0.000,0.0,0.0,0.0,0,0,0.5,1.0,0.2,122,26,0.0,0.0,0.0,0,0,0,29.46,,0,0,0,65.1,66.4,65.5,0.19,0.22,0.27
WEST,2017-08-21 05:05:00 EDT,43.10647,-75.46146,655,56.9,59.1,56.9,100.0,56.9,0.000,0.000,0.00,0.000,0.2,1.2,0.4,99,4,0.7,1.8,0.5,93,26,0.2,1.2,0.4,99,4,0,29.46,,0,0,0,65.1,66.4,65.5,0.19,0.22,0.27
WEST,2017-08-21 05:10:00 EDT,43.10647,-75.46146,655,56.7,59.2,56.7,100.0,56.7,0.000,0.000,0.00,0.000,0.0,0.0,0.0,0,0,0.4,0.9,0.2,18,33,0.0,0.0,0.0,0,0,0,29.46,,0,0,0,65.0,66.4,65.5,0.19,0.22,0.27
WEST,2017-08-21 05:15:00 EDT,43.10647,-75.46146,655,55.4,59.0,55.4,100.0,55.4,0.000,0.000,0.00,0.000,0.1,0.8,0.2,110,5,0.7,1.6,0.3,100,24,0.1,0.8,0.2,110,5,0,29.46,,0,0,0,64.8,66.4,65.5,0.19,0.22,0.27
WEST,2017-08-21 05:20:00 EDT,43.10647,-75.46146,655,55.7,59.1,55.7,100.0,55.7,0.000,0.000,0.00,0.000,0.1,1.2,0.2,116,3,0.7,1.8,0.3,126,22,0.1,1.2,0.2,116,3,0,29.46,,0,0,0,64.8,66.4,65.5,0.19,0.22,0.27
WEST,2017-08-21 05:25:00 EDT,43.10647,-75.46146,655,55.9,58.8,55.9,100.0,55.9,0.000,0.000,0.00,0.000,0.6,1.1,0.4,141,14,1.2,2.0,0.2,136,23,0.6,1.1,0.4,141,14,0,29.46,,0,0,0,64.8,66.4,65.5,0.18,0.22,0.27
WEST,2017-08-21 05:30:00 EDT,43.10647,-75.46146,655,56.3,58.8,56.3,100.0,56.3,0.000,0.000,0.00,0.000,0.8,1.8,0.5,122,23,1.3,2.0,0.3,115,25,0.8,1.8,0.5,122,23,0,29.46,,0,0,0,64.8,66.4,65.5,0.19,0.22,0.27
WEST,2017-08-21 05:35:00 EDT,43.10647,-75.46146,655,56.8,59.0,56.8,100.0,56.8,0.000,0.000,0.00,0.000,0.1,0.9,0.2,101,3,0.9,1.6,0.2,88,13,0.1,0.9,0.2,101,3,0,29.46,,0,0,0,64.8,66.4,65.5,0.19,0.22,0.27
WEST,2017-08-21 05:40:00 EDT,43.10647,-75.46146,655,56.7,59.1,56.7,100.0,56.7,0.000,0.000,0.00,0.000,0.3,1.5,0.5,94,4,1.0,2.1,0.5,99,18,0.3,1.5,0.5,94,4,0,29.46,,0,0,0,64.8,66.4,65.5,0.19,0.22,0.27
WEST,2017-08-21 05:45:00 EDT,43.10647,-75.46146,655,56.4,59.1,56.4,100.0,56.4,0.000,0.000,0.00,0.000,0.5,1.4,0.5,84,9,1.1,2.1,0.4,81,14,0.5,1.4,0.5,84,9,0,29.46,,0,0,0,64.8,66.4,65.5,0.19,0.22,0.27
WEST,2017-08-21 05:50:00 EDT,43.10647,-75.46146,655,55.6,59.1,55.6,100.0,55.6,0.000,0.000,0.00,0.000,0.6,2.2,0.7,106,9,1.1,2.8,0.6,104,18,0.6,2.2,0.7,106,9,0,29.46,,0,0,0,64.7,66.4,65.5,0.19,0.22,0.27
WEST,2017-08-21 05:55:00 EDT,43.10647,-75.46146,655,56.0,58.9,56.0,100.0,56.0,0.000,0.000,0.00,0.000,0.4,1.8,0.5,104,7,1.1,2.5,0.5,105,27,0.4,1.8,0.5,104,7,0,29.46,,0,0,0,64.6,66.4,65.5,0.19,0.22,0.27
WEST,2017-08-21 06:00:00 EDT,43.10647,-75.46146,655,56.3,59.0,56.3,100.0,56.3,0.000,0.000,0.00,0.000,0.5,1.5,0.5,112,10,1.1,2.3,0.5,111,17,0.5,1.5,0.5,112,10,1,29.46,,0,0,0,64.4,66.4,65.5,0.19,0.22,0.27
WEST,2017-08-21 06:05:00 EDT,43.10647,-75.46146,655,56.8,59.1,56.8,100.0,56.8,0.000,0.000,0.00,0.000,0.9,1.4,0.3,122,18,1.3,2.2,0.4,120,19,0.9,1.4,0.3,122,18,2,29.46,,0,0,0,64.4,66.4,65.5,0.19,0.22,0.27
WEST,2017-08-21 06:10:00 EDT,43.10647,-75.46146,655,56.5,59.0,56.5,100.0,56.5,0.000,0.000,0.00,0.000,1.3,2.4,0.5,112,14,1.6,2.9,0.5,107,18,1.3,2.4,0.5,112,14,3,29.46,,0,0,0,64.4,66.3,65.5,0.19,0.22,0.27
WEST,2017-08-21 06:15:00 EDT,43.10647,-75.46146,655,56.7,58.7,56.7,100.0,56.7,0.000,0.000,0.00,0.000,1.1,1.8,0.4,103,10,1.5,2.5,0.4,100,12,1.1,1.8,0.4,103,10,3,29.46,,0,0,0,64.4,66.2,65.5,0.19,0.22,0.27
WEST,2017-08-21 06:20:00 EDT,43.10647,-75.46146,655,56.7,58.7,56.7,100.0,56.7,0.000,0.000,0.00,0.000,0.2,1.0,0.3,89,4,0.7,1.5,0.3,91,33,0.2,1.0,0.3,89,4,5,29.47,,0,0,0,64.4,66.1,65.5,0.19,0.22,0.27
WEST,2017-08-21 06:25:00 EDT,43.10647,-75.46146,655,56.3,58.5,56.3,100.0,56.3,0.000,0.000,0.00,0.000,0.0,0.0,0.0,0,0,0.6,1.2,0.3,138,46,0.0,0.0,0.0,0,0,8,29.47,,0,0,0,64.4,66.1,65.5,0.19,0.22,0.27
WEST,2017-08-21 06:30:00 EDT,43.10647,-75.46146,655,56.6,58.5,56.6,100.0,56.6,0.000,0.000,0.00,0.000,0.0,0.0,0.0,0,0,0.6,1.2,0.2,85,20,0.0,0.0,0.0,0,0,11,29.46,,0,0,0,64.4,66.0,65.5,0.19,0.22,0.27
WEST,2017-08-21 06:35:00 EDT,43.10647,-75.46146,655,56.2,58.6,56.2,100.0,56.2,0.000,0.000,0.00,0.000,0.1,0.9,0.2,96,0,0.8,1.4,0.3,100,13,0.1,0.9,0.2,96,0,13,29.46,,0,0,0,64.4,66.0,65.5,0.19,0.22,0.27
WEST,2017-08-21 06:40:00 EDT,43.10647,-75.46146,655,55.3,58.5,55.3,100.0,55.3,0.000,0.000,0.00,0.000,0.0,0.0,0.0,0,0,0.5,1.0,0.2,103,17,0.0,0.0,0.0,0,0,15,29.46,,0,0,0,64.4,66.0,65.4,0.19,0.22,0.27
WEST,2017-08-21 06:45:00 EDT,43.10647,-75.46146,655,56.0,58.5,56.0,100.0,56.0,0.000,0.000,0.00,0.000,0.0,0.7,0.1,72,5,0.6,1.5,0.3,70,27,0.0,0.7,0.1,72,5,18,29.46,,0,0,0,64.3,66.0,65.4,0.19,0.22,0.27
WEST,2017-08-21 06:50:00 EDT,43.10647,-75.46146,655,56.0,58.4,56.0,100.0,56.0,0.000,0.000,0.00,0.000,0.4,1.4,0.5,91,13,1.0,2.0,0.4,98,28,0.4,1.4,0.5,91,13,25,29.46,,0,0,0,64.2,66.0,65.4,0.19,0.22,0.27
WEST,2017-08-21 06:55:00 EDT,43.10647,-75.46146,655,57.0,58.6,57.0,100.0,57.0,0.000,0.000,0.00,0.000,1.2,1.6,0.3,66,11,1.5,2.1,0.3,64,11,1.2,1.6,0.3,66,11,42,29.46,,0,0,0,64.2,66.0,65.4,0.19,0.22,0.27
WEST,2017-08-21 07:00:00 EDT,43.10647,-75.46146,655,56.7,58.8,56.7,100.0,56.7,0.000,0.000,0.00,0.000,1.5,2.8,0.7,73,8,1.9,3.6,0.6,69,11,1.5,2.8,0.7,73,8,73,29.46,,0,0,0,64.2,66.0,65.4,0.19,0.22,0.27
WEST,2017-08-21 07:05:00 EDT,43.10647,-75.46146,655,56.7,59.0,56.7,100.0,56.7,0.000,0.000,0.00,0.000,0.5,1.4,0.5,55,7,1.0,1.8,0.4,52,21,0.5,1.4,0.5,55,7,92,29.46,,0,0,0,64.2,66.0,65.3,0.19,0.22,0.27
WEST,2017-08-21 07:10:00 EDT,43.10647,-75.46146,655,57.4,59.1,57.4,100.0,57.4,0.000,0.000,0.00,0.000,0.5,1.7,0.5,62,13,1.0,2.4,0.5,64,36,0.5,1.7,0.5,62,13,111,29.46,,0,0,0,64.2,66.0,65.4,0.19,0.22,0.27
WEST,2017-08-21 07:15:00 EDT,43.10647,-75.46146,655,58.5,59.2,58.5,100.0,58.5,0.000,0.000,0.00,0.000,0.5,1.5,0.5,108,15,1.0,1.9,0.4,110,28,0.5,1.5,0.5,108,15,131,29.46,,0,0,0,64.2,66.0,65.3,0.19,0.22,0.27
WEST,2017-08-21 07:20:00 EDT,43.10647,-75.46146,655,59.1,59.6,59.1,100.0,59.1,0.000,0.000,0.00,0.000,1.1,2.0,0.4,109,15,1.5,2.4,0.4,105,15,1.1,2.0,0.4,109,15,150,29.46,,0,0,0,64.2,66.0,65.3,0.19,0.22,0.27
WEST,2017-08-21 07:25:00 EDT,43.10647,-75.46146,655,59.9,60.2,59.9,100.0,59.9,0.000,0.000,0.00,0.000,1.7,2.8,0.5,105,15,2.0,3.4,0.6,102,15,1.7,2.8,0.5,105,15,165,29.46,,0,0,0,64.2,66.0,65.2,0.19,0.22,0.27
WEST,2017-08-21 07:30:00 EDT,43.10647,-75.46146,655,60.4,60.8,60.4,100.0,60.4,0.000,0.000,0.00,0.000,1.6,3.3,0.7,98,18,2.0,3.8,0.7,94,18,1.6,3.3,0.7,98,18,156,29.47,,0,0,0,64.2,66.0,65.3,0.19,0.22,0.27
WEST,2017-08-21 07:35:00 EDT,43.10647,-75.46146,655,60.5,61.1,60.5,100.0,60.5,0.000,0.000,0.00,0.000,2.6,4.3,0.7,96,14,3.1,5.2,0.9,94,14,2.6,4.3,0.7,96,14,165,29.47,,0,0,0,64.2,66.0,65.2,0.19,0.22,0.27
WEST,2017-08-21 07:40:00 EDT,43.10647,-75.46146,655,60.8,61.4,60.8,100.0,60.8,0.000,0.000,0.00,0.000,2.4,3.5,0.6,77,13,2.8,4.2,0.8,75,13,2.4,3.5,0.6,77,13,159,29.47,,0,0,0,64.2,66.0,65.1,0.19,0.22,0.27
WEST,2017-08-21 07:45:00 EDT,43.10647,-75.46146,655,61.0,61.6,61.0,99.6,60.9,0.000,0.000,0.00,0.000,2.7,3.7,0.5,71,10,3.0,4.6,0.6,68,10,2.7,3.7,0.5,71,10,139,29.47,,0,0,0,64.2,66.0,65.1,0.19,0.22,0.27
WEST,2017-08-21 07:50:00 EDT,43.10647,-75.46146,655,61.2,61.8,61.2,99.0,60.9,0.000,0.000,0.00,0.000,2.9,4.7,0.8,73,11,3.3,5.9,1.0,71,11,2.9,4.7,0.8,73,11,131,29.47,,0,0,0,64.2,66.0,65.1,0.19,0.22,0.27
WEST,2017-08-21 07:55:00 EDT,43.10647,-75.46146,655,61.5,62.0,61.5,98.3,61.0,0.000,0.000,0.00,0.000,3.0,4.4,0.6,75,11,3.5,5.7,0.9,73,10,3.0,4.4,0.6,75,11,176,29.47,,0,0,0,64.2,66.0,65.1,0.19,0.22,0.27
WEST,2017-08-21 08:00:00 EDT,43.10647,-75.46146,655,61.8,62.4,61.8,97.2,61.0,0.000,0.000,0.00,0.000,2.2,3.2,0.5,87,11,2.6,4.0,0.6,84,11,2.2,3.2,0.5,87,11,197,29.47,,0,0,0,64.2,66.0,65.1,0.19,0.22,0.27
WEST,2017-08-21 08:05:00 EDT,43.10647,-75.46146,655,62.1,62.8,62.1,95.8,60.9,0.000,0.000,0.00,0.000,2.3,3.7,0.5,104,14,2.7,4.5,0.7,102,15,2.3,3.7,0.5,104,14,245,29.47,,0,0,0,64.2,65.9,65.1,0.19,0.22,0.27
WEST,2017-08-21 08:10:00 EDT,43.10647,-75.46146,655,62.6,63.3,62.6,94.3,60.9,0.000,0.000,0.00,0.000,2.1,3.6,0.6,90,20,2.5,4.5,0.7,88,20,2.1,3.6,0.6,90,20,255,29.47,,0,0,0,64.2,65.9,65.1,0.19,0.22,0.27
WEST,2017-08-21 08:15:00 EDT,43.10647,-75.46146,655,62.8,63.6,62.8,92.9,60.7,0.000,0.000,0.00,0.000,2.5,3.9,0.6,76,12,3.0,5.2,0.7,73,11,2.5,3.9,0.6,76,12,227,29.47,,0,0,0,64.2,65.9,65.1,0.19,0.22,0.27
WEST,2017-08-21 08:20:00 EDT,43.10647,-75.46146,655,63.5,64.1,63.5,92.6,61.3,0.000,0.000,0.00,0.000,3.3,4.4,0.4,75,13,3.8,5.3,0.6,73,12,3.3,4.4,0.4,75,13,300,29.47,,0,0,0,64.3,65.8,65.1,0.19,0.22,0.27
WEST,2017-08-21 08:25:00 EDT,43.10647,-75.46146,655,63.6,64.3,63.6,91.6,61.1,0.000,0.000,0.00,0.000,3.8,5.0,0.6,79,9,4.5,6.4,0.8,77,8,3.8,5.0,0.6,79,9,269,29.47,,0,0,0,64.3,65.8,65.1,0.19,0.22,0.27
WEST,2017-08-21 08:30:00 EDT,43.10647,-75.46146,655,63.7,64.6,63.7,91.1,61.0,0.000,0.000,0.00,0.000,3.4,4.7,0.6,94,15,3.9,5.7,0.8,91,15,3.4,4.7,0.6,94,15,267,29.46,,0,0,0,64.4,65.8,65.1,0.19,0.22,0.27
WEST,2017-08-21 08:35:00 EDT,43.10647,-75.46146,655,64.1,65.2,64.1,90.4,61.2,0.000,0.000,0.00,0.000,2.2,3.3,0.5,85,19,2.6,3.9,0.6,82,19,2.2,3.3,0.5,85,19,287,29.46,,0,0,0,64.4,65.8,65.1,0.19,0.22,0.27
WEST,2017-08-21 08:40:00 EDT,43.10647,-75.46146,655,65.3,65.5,65.3,90.2,62.4,0.000,0.000,0.00,0.000,2.8,4.1,0.6,78,13,3.3,5.1,0.8,76,12,2.8,4.1,0.6,78,13,354,29.46,,0,0,0,64.4,65.8,65.1,0.19,0.22,0.27
WEST,2017-08-21 08:45:00 EDT,43.10647,-75.46146,655,66.5,66.0,66.5,89.5,63.3,0.000,0.000,0.00,0.000,2.9,4.4,0.6,82,11,3.5,5.9,0.8,80,11,2.9,4.4,0.6,82,11,437,29.46,,0,0,0,64.4,65.8,65.1,0.19,0.22,0.27
WEST,2017-08-21 08:50:00 EDT,43.10647,-75.46146,655,67.4,66.6,67.4,89.5,64.2,0.000,0.000,0.00,0.000,2.9,4.7,0.6,92,14,3.4,5.6,0.8,90,13,2.9,4.7,0.6,92,14,372,29.46,,0,0,0,64.4,65.8,65.1,0.19,0.22,0.27
WEST,2017-08-21 08:55:00 EDT,43.10647,-75.46146,655,67.5,66.8,67.5,88.7,64.0,0.000,0.000,0.00,0.000,3.8,5.3,0.8,82,14,4.4,6.3,0.9,80,13,3.8,5.3,0.8,82,14,354,29.46,,0,0,0,64.4,65.8,65.1,0.19,0.22,0.27
WEST,2017-08-21 09:00:00 EDT,43.10647,-75.46146,655,67.7,67.1,67.7,87.3,63.8,0.000,0.000,0.00,0.000,3.1,4.6,1.0,84,16,3.6,5.6,1.2,81,15,3.1,4.6,1.0,84,16,362,29.46,,0,0,0,64.4,65.8,65.1,0.19,0.22,0.27
WEST,2017-08-21 09:05:00 EDT,43.10647,-75.46146,655,68.0,67.4,68.0,87.9,64.2,0.000,0.000,0.00,0.000,3.7,4.9,0.8,76,9,4.3,6.1,1.0,74,8,3.7,4.9,0.8,76,9,247,29.46,,0,0,0,64.5,65.8,65.1,0.19,0.22,0.27
WEST,2017-08-21 09:10:00 EDT,43.10647,-75.46146,655,68.1,67.6,68.1,87.8,64.3,0.000,0.000,0.00,0.000,3.1,4.7,0.9,93,18,3.7,6.0,1.1,91,18,3.1,4.7,0.9,93,18,364,29.46,,0,0,0,64.7,65.8,65.1,0.19,0.22,0.27
WEST,2017-08-21 09:15:00 EDT,43.10647,-75.46146,655,68.9,68.2,68.9,86.4,64.7,0.000,0.000,0.00,0.000,2.8,3.9,0.5,100,10,3.3,4.9,0.7,98,10,2.8,3.9,0.5,100,10,463,29.46,,0,0,0,64.8,65.8,65.1,0.19,0.22,0.27
WEST,2017-08-21 09:20:00 EDT,43.10647,-75.46146,655,69.4,68.6,69.4,86.2,65.1,0.000,0.000,0.00,0.000,2.6,4.2,0.6,94,16,3.0,5.1,0.8,91,16,2.6,4.2,0.6,94,16,380,29.46,,0,0,0,64.8,65.8,65.1,0.19,0.22,0.27
WEST,2017-08-21 09:25:00 EDT,43.10647,-75.46146,655,70.0,69.0,70.0,85.6,65.5,0.000,0.000,0.00,0.000,3.1,4.4,0.6,90,13,3.6,5.8,0.8,87,12,3.1,4.4,0.6,90,13,391,29.46,,0,0,0,64.8,65.8,65.1,0.19,0.22,0.27
WEST,2017-08-21 09:30:00 EDT,43.10647,-75.46146,655,70.5,69.7,70.5,84.9,65.7,0.000,0.000,0.00,0.000,1.5,2.9,0.9,91,20,1.9,3.5,0.9,88,23,1.5,2.9,0.9,91,20,414,29.46,,0,0,0,64.8,65.8,65.1,0.19,0.22,0.27
WEST,2017-08-21 09:35:00 EDT,43.10647,-75.46146,655,71.0,70.1,71.0,84.3,66.0,0.000,0.000,0.00,0.000,1.9,3.4,0.6,86,19,2.3,3.9,0.7,84,19,1.9,3.4,0.6,86,19,302,29.46,,0,0,0,64.9,65.8,65.1,0.19,0.22,0.27
WEST,2017-08-21 09:40:00 EDT,43.10647,-75.46146,655,71.7,70.6,71.7,83.4,66.4,0.000,0.000,0.00,0.000,1.5,2.6,0.6,78,20,1.9,3.0,0.5,76,20,1.5,2.6,0.6,78,20,501,29.46,,0,0,0,65.1,65.8,65.1,0.19,0.22,0.27
WEST,2017-08-21 09:45:00 EDT,43.10647,-75.46146,655,72.0,71.4,72.0,80.9,65.9,0.000,0.000,0.00,0.000,1.2,2.6,0.7,121,13,1.7,3.3,0.6,118,17,1.2,2.6,0.7,121,13,560,29.46,,0,0,0,65.1,65.8,65.1,0.19,0.22,0.27
WEST,2017-08-21 09:50:00 EDT,43.10647,-75.46146,655,72.6,72.0,72.6,78.3,65.4,0.000,0.000,0.00,0.000,0.7,2.1,0.7,89,25,1.3,3.1,0.6,93,35,0.7,2.1,0.7,89,25,496,29.46,,0,0,0,65.1,65.8,65.1,0.19,0.22,0.27
WEST,2017-08-21 09:55:00 EDT,43.10647,-75.46146,655,73.4,72.3,73.4,78.4,66.2,0.000,0.000,0.00,0.000,1.3,3.5,0.7,53,23,1.8,4.5,0.8,54,23,1.3,3.5,0.7,53,23,579,29.46,,0,0,0,65.1,65.8,65.1,0.19,0.22,0.27
WEST,2017-08-21 10:00:00 EDT,43.10647,-75.46146,655,74.2,73.0,74.2,77.7,66.8,0.000,0.000,0.00,0.000,2.2,5.5,1.4,106,17,2.9,7.1,1.4,104,21,2.2,5.5,1.4,106,17,723,29.46,,0,0,0,65.1,65.8,65.1,0.19,0.22,0.27
WEST,2017-08-21 10:05:00 EDT,43.10647,-75.46146,655,73.8,73.4,73.8,75.8,65.7,0.000,0.000,0.00,0.000,1.6,3.8,1.2,202,17,2.3,4.8,1.1,199,28,1.6,3.8,1.2,202,17,574,29.47,,0,0,0,65.2,65.8,65.1,0.19,0.22,0.27
WEST,2017-08-21 10:10:00 EDT,43.10647,-75.46146,655,73.9,73.6,73.9,77.0,66.2,0.000,0.000,0.00,0.000,2.9,5.3,1.0,154,16,3.2,5.4,0.9,152,17,2.9,5.3,1.0,154,16,361,29.47,,0,0,0,65.5,65.8,65.1,0.19,0.22,0.27
WEST,2017-08-21 10:15:00 EDT,43.10647,-75.46146,655,74.2,74.0,74.2,76.9,66.5,0.000,0.000,0.00,0.000,2.0,3.7,0.7,169,16,2.5,4.3,0.8,166,19,2.0,3.7,0.7,169,16,338,29.46,,0,0,0,65.5,65.8,65.1,0.19,0.22,0.27
WEST,2017-08-21 10:20:00 EDT,43.10647,-75.46146,655,74.6,74.0,74.6,75.5,66.3,0.000,0.000,0.00,0.000,1.3,3.1,0.9,109,24,1.8,3.7,0.8,112,32,1.3,3.1,0.9,109,24,399,29.46,,0,0,0,65.5,65.8,65.1,0.19,0.22,0.27
WEST,2017-08-21 10:25:00 EDT,43.10647,-75.46146,655,74.9,74.5,74.9,75.2,66.5,0.000,0.000,0.00,0.000,1.0,1.9,0.5,198,40,1.5,2.6,0.5,195,48,1.0,1.9,0.5,198,40,514,29.46,,0,0,0,65.8,65.8,65.1,0.19,0.22,0.27
WEST,2017-08-21 10:30:00 EDT,43.10647,-75.46146,655,75.5,75.2,75.5,70.8,65.4,0.000,0.000,0.00,0.000,2.8,5.8,1.4,184,16,3.5,7.1,1.6,181,15,2.8,5.8,1.4,184,16,447,29.46,,0,0,0,65.8,65.8,65.1,0.19,0.22,0.27
WEST,2017-08-21 10:35:00 EDT,43.10647,-75.46146,655,75.6,75.4,75.6,69.9,65.1,0.000,0.000,0.00,0.000,2.5,4.4,1.2,172,18,3.0,5.1,1.2,169,19,2.5,4.4,1.2,172,18,388,29.46,,0,0,0,65.8,65.8,65.1,0.19,0.22,0.27
WEST,2017-08-21 10:40:00 EDT,43.10647,-75.46146,655,75.7,75.6,75.7,70.2,65.3,0.000,0.000,0.00,0.000,2.9,4.9,0.9,161,11,3.3,5.5,1.0,156,10,2.9,4.9,0.9,161,11,333,29.46,,0,0,0,65.8,65.8,65.1,0.19,0.22,0.27
WEST,2017-08-21 10:45:00 EDT,43.10647,-75.46146,655,76.1,75.8,76.1,70.5,65.8,0.000,0.000,0.00,0.000,2.9,4.2,0.7,172,11,3.4,5.2,0.7,168,12,2.9,4.2,0.7,172,11,520,29.45,,0,0,0,65.8,65.8,65.1,0.19,0.22,0.27
WEST,2017-08-21 10:50:00 EDT,43.10647,-75.46146,655,76.8,76.2,76.8,70.1,66.4,0.000,0.000,0.00,0.000,2.3,3.7,0.8,127,28,2.7,4.2,0.8,124,28,2.3,3.7,0.8,127,28,510,29.45,,0,0,0,65.8,65.8,65.1,0.19,0.22,0.27
WEST,2017-08-21 10:55:00 EDT,43.10647,-75.46146,655,77.4,76.2,77.4,68.2,66.1,0.000,0.000,0.00,0.000,1.7,2.8,0.7,108,18,2.3,3.5,0.6,110,24,1.7,2.8,0.7,108,18,543,29.45,,0,0,0,65.9,65.8,65.1,0.19,0.22,0.27
WEST,2017-08-21 11:00:00 EDT,43.10647,-75.46146,655,77.8,77.0,77.8,69.5,67.0,0.000,0.000,0.00,0.000,2.4,4.2,0.8,138,21,2.8,5.8,0.9,135,19,2.4,4.2,0.8,138,21,639,29.45,,0,0,0,66.0,65.8,65.1,0.19,0.22,0.27
WEST,2017-08-21 11:05:00 EDT,43.10647,-75.46146,655,78.3,76.9,78.3,69.6,67.5,0.000,0.000,0.00,0.000,2.9,4.5,1.0,108,16,3.4,5.5,1.0,104,15,2.9,4.5,1.0,108,16,721,29.45,,0,0,0,66.0,65.8,65.1,0.19,0.22,0.27
WEST,2017-08-21 11:10:00 EDT,43.10647,-75.46146,655,78.3,76.8,78.3,71.4,68.3,0.000,0.000,0.00,0.000,4.1,6.4,1.0,98,12,4.7,7.6,1.1,97,11,4.1,6.4,1.0,98,12,630,29.44,,0,0,0,66.0,65.7,65.1,0.19,0.22,0.27
WEST,2017-08-21 11:15:00 EDT,43.10647,-75.46146,655,78.5,77.6,78.5,66.4,66.3,0.000,0.000,0.00,0.000,3.3,5.1,1.0,174,22,3.8,6.1,1.1,171,22,3.3,5.1,1.0,174,22,674,29.44,,0,0,0,66.0,65.6,65.1,0.19,0.22,0.27
WEST,2017-08-21 11:20:00 EDT,43.10647,-75.46146,655,79.0,78.3,79.0,63.6,65.6,0.000,0.000,0.00,0.000,3.7,5.3,0.6,178,14,4.4,6.0,0.8,175,14,3.7,5.3,0.6,178,14,778,29.44,,0,0,0,66.2,65.6,65.1,0.19,0.22,0.27
WEST,2017-08-21 11:25:00 EDT,43.10647,-75.46146,655,79.0,78.5,79.0,62.4,65.1,0.000,0.000,0.00,0.000,3.8,5.1,0.9,177,13,4.4,6.2,1.0,174,11,3.8,5.1,0.9,177,13,727,29.44,,0,0,0,66.4,65.6,65.1,0.19,0.22,0.27
WEST,2017-08-21 11:30:00 EDT,43.10647,-75.46146,655,79.7,79.0,79.7,62.0,65.5,0.000,0.000,0.00,0.000,5.3,9.9,2.5,174,19,5.9,11.4,2.6,171,18,5.3,9.9,2.5,174,19,740,29.43,,0,0,0,66.4,65.5,65.1,0.19,0.22,0.27
WEST,2017-08-21 11:35:00 EDT,43.10647,-75.46146,655,79.7,79.2,79.7,57.4,63.3,0.000,0.000,0.00,0.000,7.5,11.8,2.2,192,17,8.3,13.4,2.3,188,16,7.5,11.8,2.2,192,17,857,29.43,,0,0,0,66.4,65.5,65.1,0.19,0.22,0.27
WEST,2017-08-21 11:40:00 EDT,43.10647,-75.46146,655,79.5,79.2,79.5,57.8,63.3,0.000,0.000,0.00,0.000,6.3,10.9,2.3,189,16,6.9,12.9,2.4,187,16,6.3,10.9,2.3,189,16,478,29.43,,0,0,0,66.4,65.5,65.1,0.19,0.22,0.27
WEST,2017-08-21 11:45:00 EDT,43.10647,-75.46146,655,78.6,78.8,78.6,59.3,63.2,0.000,0.000,0.00,0.000,5.1,8.4,1.4,183,15,5.6,9.4,1.6,180,13,5.1,8.4,1.4,183,15,262,29.43,,0,0,0,66.6,65.5,65.1,0.19,0.22,0.27
WEST,2017-08-21 11:50:00 EDT,43.10647,-75.46146,655,78.2,78.5,78.2,60.6,63.4,0.000,0.000,0.00,0.000,4.7,7.1,1.3,184,16,5.1,7.9,1.6,183,15,4.7,7.1,1.3,184,16,313,29.43,,0,0,0,66.7,65.5,65.1,0.19,0.22,0.27
WEST,2017-08-21 11:55:00 EDT,43.10647,-75.46146,655,78.3,78.5,78.3,59.7,63.1,0.000,0.000,0.00,0.000,4.4,6.4,0.8,193,13,4.9,7.4,1.0,190,12,4.4,6.4,0.8,193,13,332,29.43,,0,0,0,66.7,65.5,65.1,0.19,0.22,0.27
WEST,2017-08-21 12:00:00 EDT,43.10647,-75.46146,655,78.3,78.6,78.3,60.5,63.5,0.000,0.000,0.00,0.000,3.9,5.9,0.8,180,11,4.4,6.7,0.8,178,10,3.9,5.9,0.8,180,11,235,29.43,,0,0,0,66.7,65.5,65.1,0.19,0.22,0.27
WEST,2017-08-21 12:05:00 EDT,43.10647,-75.46146,655,78.5,78.6,78.5,62.8,64.8,0.000,0.000,0.00,0.000,2.5,4.7,0.8,197,14,2.8,5.2,1.0,195,14,2.5,4.7,0.8,197,14,722,29.43,,0,0,0,66.8,65.5,65.1,0.19,0.22,0.27
WEST,2017-08-21 12:10:00 EDT,43.10647,-75.46146,655,79.9,79.5,79.9,61.2,65.4,0.000,0.000,0.00,0.000,4.4,7.4,1.5,192,19,5.0,8.6,1.6,190,17,4.4,7.4,1.5,192,19,862,29.43,,0,0,0,67.0,65.5,65.1,0.19,0.22,0.27
WEST,2017-08-21 12:15:00 EDT,43.10647,-75.46146,655,80.7,79.9,82.6,58.9,65.0,0.000,0.000,0.00,0.000,5.5,8.3,1.7,178,19,6.3,9.9,1.8,175,17,5.5,8.3,1.7,178,19,847,29.43,,0,0,0,67.1,65.5,65.1,0.19,0.22,0.27
WEST,2017-08-21 12:20:00 EDT,43.10647,-75.46146,655,80.9,80.1,82.9,59.6,65.5,0.000,0.000,0.00,0.000,5.1,8.1,1.0,175,17,5.8,9.3,1.3,171,17,5.1,8.1,1.0,175,17,839,29.43,,0,0,0,67.1,65.5,65.1,0.19,0.22,0.27
WEST,2017-08-21 12:25:00 EDT,43.10647,-75.46146,655,81.2,80.4,83.2,58.9,65.5,0.000,0.000,0.00,0.000,5.5,8.8,1.3,179,14,6.0,9.3,1.4,177,14,5.5,8.8,1.3,179,14,835,29.43,,0,0,0,67.1,65.5,65.1,0.19,0.22,0.27
WEST,2017-08-21 12:30:00 EDT,43.10647,-75.46146,655,81.1,80.7,82.4,54.5,63.1,0.000,0.000,0.00,0.000,7.2,10.3,1.4,227,16,7.8,10.6,1.3,225,16,7.2,10.3,1.4,227,16,838,29.43,,0,0,0,67.1,65.5,65.1,0.19,0.22,0.27
WEST,2017-08-21 12:35:00 EDT,43.10647,-75.46146,655,81.8,81.2,83.6,57.0,65.1,0.000,0.000,0.00,0.000,5.9,11.8,3.0,200,32,6.9,13.2,3.2,197,34,5.9,11.8,3.0,200,32,839,29.43,,0,0,0,67.1,65.5,65.1,0.19,0.22,0.27
WEST,2017-08-21 12:40:00 EDT,43.10647,-75.46146,655,81.5,81.0,82.5,52.5,62.4,0.000,0.000,0.00,0.000,7.5,10.7,1.5,194,15,8.2,11.4,1.6,191,12,7.5,10.7,1.5,194,15,838,29.43,,0,0,0,67.4,65.5,65.1,0.19,0.22,0.27
WEST,2017-08-21 12:45:00 EDT,43.10647,-75.46146,655,82.0,81.4,83.4,54.3,63.9,0.000,0.000,0.00,0.000,7.2,13.7,2.2,172,18,7.9,15.8,2.3,169,19,7.2,13.7,2.2,172,18,841,29.42,,0,0,0,67.5,65.5,65.1,0.19,0.22,0.27
WEST,2017-08-21 12:50:00 EDT,43.10647,-75.46146,655,81.5,81.2,82.5,51.4,61.9,0.000,0.000,0.00,0.000,8.7,14.2,2.5,194,15,9.6,15.7,2.7,191,14,8.7,14.2,2.5,194,15,842,29.42,,0,0,0,67.5,65.5,65.1,0.19,0.22,0.27
WEST,2017-08-21 12:55:00 EDT,43.10647,-75.46146,655,82.0,81.5,83.1,51.9,62.6,0.000,0.000,0.00,0.000,7.3,11.9,2.1,188,21,8.0,12.7,2.2,186,20,7.3,11.9,2.1,188,21,841,29.42,,0,0,0,67.6,65.5,65.1,0.19,0.22,0.27
WEST,2017-08-21 13:00:00 EDT,43.10647,-75.46146,655,81.9,81.6,82.8,50.3,61.6,0.000,0.000,0.00,0.000,8.1,12.1,1.7,182,14,8.8,14.8,1.9,181,12,8.1,12.1,1.7,182,14,838,29.42,,0,0,0,67.8,65.5,65.1,0.19,0.22,0.27
WEST,2017-08-21 13:05:00 EDT,43.10647,-75.46146,655,82.3,81.9,83.1,50.0,61.8,0.000,0.000,0.00,0.000,5.5,9.9,1.5,202,28,6.0,10.9,1.8,199,29,5.5,9.9,1.5,202,28,840,29.42,,0,0,0,67.8,65.5,65.1,0.19,0.22,0.27
WEST,2017-08-21 13:10:00 EDT,43.10647,-75.46146,655,82.7,82.3,83.5,50.0,62.2,0.000,0.000,0.00,0.000,5.1,9.9,1.8,227,23,5.7,12.0,2.0,224,23,5.1,9.9,1.8,227,23,844,29.42,,0,0,0,67.8,65.5,65.1,0.19,0.22,0.27
WEST,2017-08-21 13:15:00 EDT,43.10647,-75.46146,655,82.6,82.1,83.3,49.0,61.5,0.000,0.000,0.00,0.000,5.9,11.5,2.5,179,17,6.5,12.0,2.7,176,16,5.9,11.5,2.5,179,17,845,29.42,,0,0,0,67.9,65.5,65.1,0.19,0.22,0.27
WEST,2017-08-21 13:20:00 EDT,43.10647,-75.46146,655,82.7,82.2,83.7,50.4,62.5,0.000,0.000,0.00,0.000,7.6,12.3,1.7,179,15,8.4,13.4,2.0,176,14,7.6,12.3,1.7,179,15,841,29.42,,0,0,0,68.2,65.5,65.1,0.19,0.22,0.27
WEST,2017-08-21 13:25:00 EDT,43.10647,-75.46146,655,82.5,82.1,83.2,49.2,61.5,0.000,0.000,0.00,0.000,6.3,9.9,1.4,210,21,7.0,12.0,1.8,207,21,6.3,9.9,1.4,210,21,827,29.42,,0,0,0,68.2,65.5,65.1,0.19,0.22,0.27
WEST,2017-08-21 13:30:00 EDT,43.10647,-75.46146,655,82.9,82.5,83.8,50.0,62.4,0.000,0.000,0.00,0.000,5.1,9.0,1.7,233,25,5.8,10.4,1.9,231,24,5.1,9.0,1.7,233,25,815,29.42,,0,0,0,68.2,65.5,65.1,0.19,0.22,0.27
WEST,2017-08-21 13:35:00 EDT,43.10647,-75.46146,655,83.1,82.8,83.1,44.9,59.5,0.000,0.000,0.00,0.000,5.2,10.7,2.3,248,15,5.6,11.6,2.4,248,16,5.2,10.7,2.3,248,15,786,29.41,,0,0,0,68.5,65.5,65.1,0.19,0.22,0.27
WEST,2017-08-21 13:40:00 EDT,43.10647,-75.46146,655,83.1,82.8,83.2,45.0,59.6,0.000,0.000,0.00,0.000,4.3,8.3,1.2,262,16,5.0,9.0,1.2,261,15,4.3,8.3,1.2,262,16,738,29.41,,0,0,0,68.5,65.5,65.1,0.19,0.22,0.27
WEST,2017-08-21 13:45:00 EDT,43.10647,-75.46146,655,83.3,82.9,83.6,46.2,60.5,0.000,0.000,0.00,0.000,4.8,8.8,2.5,225,29,5.6,11.9,2.4,223,30,4.8,8.8,2.5,225,29,704,29.41,,0,0,0,68.5,65.5,65.1,0.19,0.22,0.27
WEST,2017-08-21 13:50:00 EDT,43.10647,-75.46146,655,83.0,82.9,82.4,41.0,56.9,0.000,0.000,0.00,0.000,6.6,10.2,1.6,224,18,7.0,11.2,1.6,221,20,6.6,10.2,1.6,224,18,659,29.41,,0,0,0,68.5,65.5,65.1,0.19,0.22,0.27
WEST,2017-08-21 13:55:00 EDT,43.10647,-75.46146,655,82.7,82.8,82.2,40.6,56.3,0.000,0.000,0.00,0.000,6.4,11.3,2.0,204,14,7.0,13.3,2.2,201,12,6.4,11.3,2.0,204,14,604,29.41,,0,0,0,68.5,65.5,65.0,0.19,0.22,0.27
WEST,2017-08-21 14:00:00 EDT,43.10647,-75.46146,655,82.8,82.8,82.5,43.1,58.0,0.000,0.000,0.00,0.000,4.2,6.3,0.8,219,12,4.6,7.0,0.9,215,12,4.2,6.3,0.8,219,12,562,29.41,,0,0,0,68.7,65.6,65.1,0.19,0.22,0.27
WEST,2017-08-21 14:05:00 EDT,43.10647,-75.46146,655,82.5,82.6,82.2,42.8,57.6,0.000,0.000,0.00,0.000,6.1,8.8,1.5,234,12,6.4,10.7,1.6,233,14,6.1,8.8,1.5,234,12,454,29.41,,0,0,0,68.9,65.5,65.0,0.19,0.22,0.27
WEST,2017-08-21 14:10:00 EDT,43.10647,-75.46146,655,81.8,82.2,82.0,45.8,58.9,0.000,0.000,0.00,0.000,5.5,9.6,1.6,248,11,6.1,11.0,1.7,248,10,5.5,9.6,1.6,248,11,310,29.41,,0,0,0,68.9,65.6,64.9,0.19,0.22,0.27
WEST,2017-08-21 14:15:00 EDT,43.10647,-75.46146,655,81.2,82.0,81.4,45.6,58.2,0.000,0.000,0.00,0.000,5.8,9.0,1.3,240,11,6.1,9.5,1.4,237,12,5.8,9.0,1.3,240,11,190,29.40,,0,0,0,68.9,65.6,65.0,0.19,0.22,0.27
WEST,2017-08-21 14:20:00 EDT,43.10647,-75.46146,655,80.6,81.5,81.2,48.3,59.3,0.000,0.000,0.00,0.000,4.0,7.2,1.3,241,17,4.3,7.9,1.3,238,19,4.0,7.2,1.3,241,17,161,29.40,,0,0,0,68.9,65.7,65.0,0.19,0.22,0.27
WEST,2017-08-21 14:25:00 EDT,43.10647,-75.46146,655,80.4,81.2,81.2,49.7,59.9,0.000,0.000,0.00,0.000,2.9,3.9,0.5,230,12,3.0,4.2,0.5,227,11,2.9,3.9,0.5,230,12,138,29.40,,0,0,0,68.9,65.7,64.9,0.19,0.22,0.27
WEST,2017-08-21 14:30:00 EDT,43.10647,-75.46146,655,80.2,81.3,81.3,52.6,61.3,0.000,0.000,0.00,0.000,2.8,3.7,0.4,228,8,2.9,3.9,0.5,225,7,2.8,3.7,0.4,228,8,143,29.39,,0,0,0,69.2,65.8,64.8,0.19,0.22,0.27
WEST,2017-08-21 14:35:00 EDT,43.10647,-75.46146,655,80.2,81.2,82.0,59.1,64.6,0.000,0.000,0.00,0.000,1.9,2.9,0.4,204,8,2.2,3.4,0.4,203,10,1.9,2.9,0.4,204,8,189,29.39,,0,0,0,69.3,65.8,64.9,0.19,0.22,0.27
WEST,2017-08-21 14:40:00 EDT,43.10647,-75.46146,655,80.4,80.9,81.8,55.4,63.0,0.000,0.000,0.00,0.000,2.2,3.4,0.5,210,10,2.4,3.4,0.5,207,10,2.2,3.4,0.5,210,10,187,29.39,,0,0,0,69.3,65.8,64.8,0.19,0.22,0.27
WEST,2017-08-21 14:45:00 EDT,43.10647,-75.46146,655,80.0,80.6,80.0,60.0,64.8,0.000,0.000,0.00,0.000,1.8,2.9,0.4,191,14,2.2,3.2,0.4,190,14,1.8,2.9,0.4,191,14,137,29.39,,0,0,0,69.3,65.8,64.8,0.19,0.22,0.27
WEST,2017-08-21 14:50:00 EDT,43.10647,-75.46146,655,79.8,80.5,79.8,58.5,64.0,0.000,0.000,0.00,0.000,2.7,5.5,1.3,211,14,3.0,6.0,1.3,208,13,2.7,5.5,1.3,211,14,219,29.39,,0,0,0,69.3,65.8,64.8,0.19,0.22,0.27
WEST,2017-08-21 14:55:00 EDT,43.10647,-75.46146,655,80.1,80.5,81.9,59.9,64.9,0.000,0.000,0.00,0.000,1.7,3.4,0.8,194,17,2.2,4.4,0.8,192,16,1.7,3.4,0.8,194,17,194,29.39,,0,0,0,69.3,65.8,64.8,0.19,0.22,0.27
WEST,2017-08-21 15:00:00 EDT,43.10647,-75.46146,655,79.8,80.2,79.8,61.0,65.1,0.000,0.000,0.00,0.000,2.3,3.7,1.0,191,11,2.7,4.8,0.9,189,11,2.3,3.7,1.0,191,11,266,29.39,,0,0,0,69.3,65.8,64.8,0.19,0.22,0.27
WEST,2017-08-21 15:05:00 EDT,43.10647,-75.46146,655,80.3,80.4,82.0,59.1,64.7,0.000,0.000,0.00,0.000,2.1,3.9,0.7,186,11,2.4,4.4,0.7,184,11,2.1,3.9,0.7,186,11,285,29.39,,0,0,0,69.3,65.8,64.8,0.19,0.22,0.27
WEST,2017-08-21 15:10:00 EDT,43.10647,-75.46146,655,80.2,80.4,81.9,59.0,64.6,0.000,0.000,0.00,0.000,2.3,4.2,0.7,182,14,2.7,4.6,0.8,178,15,2.3,4.2,0.7,182,14,248,29.39,,0,0,0,69.3,65.8,64.8,0.19,0.22,0.27
WEST,2017-08-21 15:15:00 EDT,43.10647,-75.46146,655,80.2,80.4,82.3,61.9,66.0,0.000,0.000,0.00,0.000,2.0,3.4,0.6,186,15,2.4,4.0,0.7,183,15,2.0,3.4,0.6,186,15,260,29.39,,0,0,0,69.3,65.8,64.8,0.19,0.22,0.27
WEST,2017-08-21 15:20:00 EDT,43.10647,-75.46146,655,80.3,80.4,82.3,61.3,65.8,0.000,0.000,0.00,0.000,1.3,2.8,0.6,180,19,1.8,3.5,0.6,179,21,1.3,2.8,0.6,180,19,271,29.39,,0,0,0,69.3,65.8,64.8,0.19,0.22,0.27
WEST,2017-08-21 15:25:00 EDT,43.10647,-75.46146,655,80.4,80.4,82.5,62.4,66.3,0.000,0.000,0.00,0.000,1.8,3.1,0.5,179,17,2.2,3.7,0.6,175,17,1.8,3.1,0.5,179,17,247,29.39,,0,0,0,69.3,65.8,64.8,0.19,0.22,0.27
WEST,2017-08-21 15:30:00 EDT,43.10647,-75.46146,655,80.3,80.5,82.5,62.0,66.2,0.000,0.000,0.00,0.000,1.8,3.0,0.4,161,14,2.2,3.2,0.4,157,16,1.8,3.0,0.4,161,14,268,29.39,,0,0,0,69.3,65.8,64.8,0.19,0.22,0.27
WEST,2017-08-21 15:35:00 EDT,43.10647,-75.46146,655,80.6,80.7,82.9,62.0,66.4,0.000,0.000,0.00,0.000,2.7,3.8,0.6,168,11,3.1,4.4,0.6,164,12,2.7,3.8,0.6,168,11,353,29.39,,0,0,0,69.3,65.8,64.8,0.19,0.22,0.27
WEST,2017-08-21 15:40:00 EDT,43.10647,-75.46146,655,81.1,81.0,83.4,61.3,66.5,0.000,0.000,0.00,0.000,2.0,3.4,0.6,166,15,2.4,3.6,0.6,162,16,2.0,3.4,0.6,166,15,448,29.39,,0,0,0,69.3,65.8,64.8,0.19,0.22,0.27
WEST,2017-08-21 15:45:00 EDT,43.10647,-75.46146,655,81.9,81.7,84.4,60.6,66.9,0.000,0.000,0.00,0.000,2.1,4.8,1.0,164,13,2.5,5.5,1.0,159,16,2.1,4.8,1.0,164,13,678,29.39,,0,0,0,69.3,65.8,64.8,0.19,0.22,0.27
WEST,2017-08-21 15:50:00 EDT,43.10647,-75.46146,655,82.6,82.1,84.8,57.3,66.0,0.000,0.000,0.00,0.000,4.4,6.8,1.2,174,16,4.9,8.5,1.4,171,15,4.4,6.8,1.2,174,16,584,29.39,,0,0,0,69.3,65.8,64.8,0.19,0.22,0.27
WEST,2017-08-21 15:55:00 EDT,43.10647,-75.46146,655,82.3,82.1,84.0,54.9,64.5,0.000,0.000,0.00,0.000,3.1,5.9,1.1,190,22,3.7,7.0,1.3,188,22,3.1,5.9,1.1,190,22,675,29.38,,0,0,0,69.3,65.8,64.8,0.19,0.22,0.27
WEST,2017-08-21 16:00:00 EDT,43.10647,-75.46146,655,82.8,82.5,84.6,54.7,64.9,0.000,0.000,0.00,0.000,4.6,7.6,1.3,177,14,5.3,8.5,1.3,175,13,4.6,7.6,1.3,177,14,631,29.38,,0,0,0,69.3,65.8,64.8,0.19,0.22,0.27
WEST,2017-08-21 16:05:00 EDT,43.10647,-75.46146,655,82.7,82.4,84.4,54.7,64.7,0.000,0.000,0.00,0.000,5.0,8.0,1.1,175,12,5.8,8.9,1.2,173,11,5.0,8.0,1.1,175,12,613,29.38,,0,0,0,69.3,65.8,64.8,0.19,0.22,0.27
WEST,2017-08-21 16:10:00 EDT,43.10647,-75.46146,655,82.8,82.6,84.8,55.8,65.4,0.000,0.000,0.00,0.000,5.2,8.4,1.6,166,17,5.7,8.6,1.6,163,18,5.2,8.4,1.6,166,17,588,29.38,,0,0,0,69.5,65.8,64.8,0.19,0.22,0.27
WEST,2017-08-21 16:15:00 EDT,43.10647,-75.46146,655,82.8,82.5,84.8,56.1,65.5,0.000,0.000,0.00,0.000,4.3,7.6,1.6,201,18,4.8,8.5,1.7,197,16,4.3,7.6,1.6,201,18,574,29.38,,0,0,0,69.6,65.8,64.8,0.19,0.22,0.27
WEST,2017-08-21 16:20:00 EDT,43.10647,-75.46146,655,82.8,82.6,85.1,57.2,66.1,0.000,0.000,0.00,0.000,4.4,7.6,1.3,196,25,5.0,8.4,1.4,192,25,4.4,7.6,1.3,196,25,559,29.38,,0,0,0,69.6,65.8,64.8,0.19,0.22,0.27
WEST,2017-08-21 16:25:00 EDT,43.10647,-75.46146,655,82.8,82.6,85.0,56.9,65.9,0.000,0.000,0.00,0.000,4.5,6.9,0.9,206,25,5.0,7.3,1.0,202,26,4.5,6.9,0.9,206,25,550,29.37,,0,0,0,69.6,65.8,64.8,0.19,0.22,0.27
WEST,2017-08-21 16:30:00 EDT,43.10647,-75.46146,655,83.1,82.9,85.4,57.0,66.3,0.000,0.000,0.00,0.000,4.6,7.2,1.3,169,14,5.4,8.5,1.4,167,12,4.6,7.2,1.3,169,14,535,29.37,,0,0,0,69.6,65.8,64.8,0.19,0.22,0.27
WEST,2017-08-21 16:35:00 EDT,43.10647,-75.46146,655,83.0,82.9,84.9,54.9,65.2,0.000,0.000,0.00,0.000,4.9,8.3,1.6,209,21,5.3,8.9,1.7,208,22,4.9,8.3,1.6,209,21,524,29.37,,0,0,0,69.6,65.8,64.8,0.19,0.22,0.27
WEST,2017-08-21 16:40:00 EDT,43.10647,-75.46146,655,82.9,82.8,84.6,54.7,64.9,0.000,0.000,0.00,0.000,5.3,9.2,1.6,195,30,5.8,10.3,1.6,195,30,5.3,9.2,1.6,195,30,512,29.37,,0,0,0,69.6,65.8,64.8,0.19,0.22,0.27
WEST,2017-08-21 16:45:00 EDT,43.10647,-75.46146,655,82.7,82.7,84.5,54.9,64.9,0.000,0.000,0.00,0.000,6.0,9.4,1.8,211,18,6.3,10.4,1.8,208,18,6.0,9.4,1.8,211,18,499,29.37,,0,0,0,69.6,65.8,64.8,0.19,0.22,0.27
WEST,2017-08-21 16:50:00 EDT,43.10647,-75.46146,655,82.8,82.8,84.7,55.4,65.2,0.000,0.000,0.00,0.000,4.1,7.3,1.3,195,23,4.6,8.5,1.6,193,22,4.1,7.3,1.3,195,23,483,29.37,,0,0,0,69.6,65.8,64.8,0.19,0.22,0.27
WEST,2017-08-21 16:55:00 EDT,43.10647,-75.46146,655,82.7,82.7,84.4,54.3,64.6,0.000,0.000,0.00,0.000,5.4,10.0,1.7,207,16,5.9,11.4,1.9,203,14,5.4,10.0,1.7,207,16,464,29.37,,0,0,0,69.9,65.8,64.8,0.19,0.22,0.27
WEST,2017-08-21 17:00:00 EDT,43.10647,-75.46146,655,82.8,82.7,84.6,55.3,65.1,0.000,0.000,0.00,0.000,3.5,5.0,0.7,217,20,4.0,5.4,0.8,216,20,3.5,5.0,0.7,217,20,448,29.37,,0,0,0,70.0,65.8,64.8,0.19,0.22,0.27
WEST,2017-08-21 17:05:00 EDT,43.10647,-75.46146,655,82.7,82.7,84.3,54.6,64.7,0.000,0.000,0.00,0.000,4.6,7.4,1.3,217,16,5.0,8.2,1.5,215,16,4.6,7.4,1.3,217,16,432,29.37,,0,0,0,70.0,65.8,64.8,0.19,0.22,0.27
WEST,2017-08-21 17:10:00 EDT,43.10647,-75.46146,655,82.5,82.5,84.2,55.1,64.7,0.000,0.000,0.00,0.000,5.3,7.3,1.1,207,15,5.8,9.1,1.2,203,16,5.3,7.3,1.1,207,15,421,29.37,,0,0,0,70.0,65.8,64.8,0.19,0.22,0.27
WEST,2017-08-21 17:15:00 EDT,43.10647,-75.46146,655,82.3,82.4,84.0,55.5,64.8,0.000,0.000,0.00,0.000,4.4,8.8,1.4,209,13,4.9,8.2,1.3,206,11,4.4,8.8,1.4,209,13,402,29.37,,0,0,0,70.0,65.8,64.8,0.19,0.22,0.27
WEST,2017-08-21 17:20:00 EDT,43.10647,-75.46146,655,82.4,82.5,84.2,55.9,65.1,0.000,0.000,0.00,0.000,4.4,6.3,0.8,195,17,4.8,7.7,1.0,191,15,4.4,6.3,0.8,195,17,377,29.37,,0,0,0,70.0,65.8,64.8,0.19,0.22,0.27
WEST,2017-08-21 17:25:00 EDT,43.10647,-75.46146,655,82.3,82.4,84.2,56.4,65.3,0.000,0.000,0.00,0.000,4.2,6.0,0.9,226,18,4.6,7.1,1.0,224,20,4.2,6.0,0.9,226,18,384,29.37,,0,0,0,70.0,65.8,64.8,0.19,0.22,0.27
WEST,2017-08-21 17:30:00 EDT,43.10647,-75.46146,655,82.2,82.4,83.8,54.7,64.3,0.000,0.000,0.00,0.000,6.4,9.6,1.6,220,15,6.6,10.2,1.6,217,14,6.4,9.6,1.6,220,15,369,29.37,,0,0,0,70.0,65.9,64.8,0.19,0.22,0.27
WEST,2017-08-21 17:35:00 EDT,43.10647,-75.46146,655,81.9,82.1,83.8,56.8,65.1,0.000,0.000,0.00,0.000,3.1,5.9,1.4,226,19,3.4,6.4,1.3,225,17,3.1,5.9,1.4,226,19,343,29.37,,0,0,0,70.0,65.9,64.8,0.19,0.22,0.27
WEST,2017-08-21 17:40:00 EDT,43.10647,-75.46146,655,82.1,82.1,84.2,58.3,66.0,0.000,0.000,0.00,0.000,2.8,7.2,1.4,195,22,3.2,8.0,1.5,192,19,2.8,7.2,1.4,195,22,329,29.37,,0,0,0,70.0,65.9,64.8,0.19,0.22,0.27
WEST,2017-08-21 17:45:00 EDT,43.10647,-75.46146,655,81.9,82.1,83.8,57.0,65.2,0.000,0.000,0.00,0.000,5.6,9.8,1.6,208,19,6.0,11.6,1.9,203,18,5.6,9.8,1.6,208,19,303,29.36,,0,0,0,70.0,66.0,64.8,0.19,0.22,0.27
WEST,2017-08-21 17:50:00 EDT,43.10647,-75.46146,655,81.7,82.0,83.7,57.6,65.3,0.000,0.000,0.00,0.000,3.9,6.4,1.4,221,15,4.2,7.0,1.4,220,15,3.9,6.4,1.4,221,15,296,29.36,,0,0,0,70.0,66.0,64.8,0.19,0.22,0.27
WEST,2017-08-21 17:55:00 EDT,43.10647,-75.46146,655,81.8,82.0,83.9,58.5,65.8,0.000,0.000,0.00,0.000,4.4,7.2,1.6,243,14,4.9,7.9,1.8,243,15,4.4,7.2,1.6,243,14,290,29.36,,0,0,0,70.0,66.0,64.8,0.19,0.22,0.27
WEST,2017-08-21 18:00:00 EDT,43.10647,-75.46146,655,81.7,82.0,83.8,58.9,65.9,0.000,0.000,0.00,0.000,4.5,6.8,1.0,240,16,4.9,7.6,1.1,239,16,4.5,6.8,1.0,240,16,275,29.36,,0,0,0,70.0,66.0,64.8,0.19,0.22,0.27
WEST,2017-08-21 18:05:00 EDT,43.10647,-75.46146,655,81.5,81.9,83.7,59.5,66.1,0.000,0.000,0.00,0.000,4.3,6.9,1.1,234,14,4.6,7.4,1.2,233,13,4.3,6.9,1.1,234,14,262,29.36,,0,0,0,70.0,66.0,64.8,0.19,0.22,0.27
WEST,2017-08-21 18:10:00 EDT,43.10647,-75.46146,655,81.5,81.8,83.6,59.3,65.9,0.000,0.000,0.00,0.000,4.1,7.2,1.1,228,13,4.3,7.1,1.0,225,14,4.1,7.2,1.1,228,13,240,29.36,,0,0,0,70.0,66.0,64.8,0.19,0.22,0.27
WEST,2017-08-21 18:15:00 EDT,43.10647,-75.46146,655,81.5,81.8,83.7,59.9,66.2,0.000,0.000,0.00,0.000,2.9,4.2,0.7,229,9,3.1,4.7,0.7,227,9,2.9,4.2,0.7,229,9,231,29.36,,0,0,0,70.0,66.0,64.8,0.19,0.22,0.27
WEST,2017-08-21 18:20:00 EDT,43.10647,-75.46146,655,81.2,81.5,83.3,60.5,66.2,0.000,0.000,0.00,0.000,5.2,9.4,1.8,250,13,5.7,10.1,2.0,248,12,5.2,9.4,1.8,250,13,214,29.36,,0,0,0,70.0,66.0,64.8,0.19,0.22,0.27
WEST,2017-08-21 18:25:00 EDT,43.10647,-75.46146,655,80.5,81.0,82.6,62.0,66.2,0.000,0.000,0.00,0.000,5.0,6.9,0.8,241,10,5.5,8.1,0.9,241,10,5.0,6.9,0.8,241,10,201,29.36,,0,0,0,70.0,66.0,64.8,0.19,0.22,0.27
WEST,2017-08-21 18:30:00 EDT,43.10647,-75.46146,655,80.4,80.9,82.5,62.2,66.2,0.000,0.000,0.00,0.000,4.3,6.4,1.0,234,14,4.5,7.1,1.0,233,14,4.3,6.4,1.0,234,14,185,29.36,,0,0,0,70.0,66.0,64.8,0.19,0.22,0.27
WEST,2017-08-21 18:35:00 EDT,43.10647,-75.46146,655,80.3,80.9,82.5,62.8,66.4,0.000,0.000,0.00,0.000,4.0,6.7,0.9,235,12,4.3,8.4,1.0,233,12,4.0,6.7,0.9,235,12,170,29.36,,0,0,0,70.0,66.0,64.8,0.19,0.22,0.27
WEST,2017-08-21 18:40:00 EDT,43.10647,-75.46146,655,80.1,80.7,82.3,62.8,66.3,0.000,0.000,0.00,0.000,3.7,5.8,0.8,238,11,4.0,6.4,0.8,235,12,3.7,5.8,0.8,238,11,155,29.36,,0,0,0,70.0,66.0,64.8,0.19,0.22,0.27
WEST,2017-08-21 18:45:00 EDT,43.10647,-75.46146,655,79.8,80.5,79.8,63.3,66.2,0.000,0.000,0.00,0.000,3.1,4.6,0.6,256,12,3.5,5.0,0.6,255,12,3.1,4.6,0.6,256,12,146,29.36,,0,0,0,70.0,66.0,64.8,0.19,0.22,0.27
WEST,2017-08-21 18:50:00 EDT,43.10647,-75.46146,655,79.6,80.5,79.6,63.8,66.3,0.000,0.000,0.00,0.000,2.4,3.3,0.4,269,11,2.8,4.3,0.5,268,12,2.4,3.3,0.4,269,11,120,29.36,,0,0,0,70.0,66.0,64.8,0.19,0.22,0.27
WEST,2017-08-21 18:55:00 EDT,43.10647,-75.46146,655,79.2,80.4,79.2,65.1,66.5,0.000,0.000,0.00,0.000,1.5,2.6,0.5,274,13,2.0,3.1,0.5,274,14,1.5,2.6,0.5,274,13,99,29.36,,0,0,0,70.0,66.0,64.8,0.19,0.22,0.27
WEST,2017-08-21 19:00:00 EDT,43.10647,-75.46146,655,78.8,80.0,78.8,68.2,67.4,0.000,0.000,0.00,0.000,0.4,1.4,0.4,258,6,1.0,1.7,0.3,252,15,0.4,1.4,0.4,258,6,91,29.36,,0,0,0,70.0,66.0,64.8,0.19,0.22,0.27
WEST,2017-08-21 19:05:00 EDT,43.10647,-75.46146,655,78.6,80.0,78.6,68.3,67.3,0.000,0.000,0.00,0.000,0.3,0.9,0.4,290,5,1.1,1.6,0.2,282,18,0.3,0.9,0.4,290,5,46,29.36,,0,0,0,70.0,66.0,64.8,0.19,0.22,0.27
WEST,2017-08-21 19:10:00 EDT,43.10647,-75.46146,655,78.4,79.9,78.4,66.9,66.5,0.000,0.000,0.00,0.000,0.6,0.9,0.2,306,5,1.1,1.4,0.1,311,7,0.6,0.9,0.2,306,5,41,29.36,,0,0,0,70.0,66.0,64.8,0.19,0.22,0.27
WEST,2017-08-21 19:15:00 EDT,43.10647,-75.46146,655,75.5,78.9,75.5,78.0,68.1,0.000,0.000,0.00,0.000,0.2,0.9,0.3,334,7,1.0,1.6,0.2,330,18,0.2,0.9,0.3,334,7,39,29.36,,0,0,0,70.0,66.0,64.8,0.19,0.22,0.27
WEST,2017-08-21 19:20:00 EDT,43.10647,-75.46146,655,74.8,76.9,74.8,82.7,69.1,0.000,0.000,0.00,0.000,0.0,0.0,0.0,0,0,0.4,0.7,0.1,248,37,0.0,0.0,0.0,0,0,30,29.36,,0,0,0,70.0,66.0,64.8,0.19,0.22,0.27
WEST,2017-08-21 19:25:00 EDT,43.10647,-75.46146,655,73.9,75.8,73.9,86.5,69.6,0.000,0.000,0.00,0.000,0.0,0.1,0.0,250,0,0.5,1.1,0.2,236,7,0.0,0.1,0.0,250,0,27,29.36,,0,0,0,70.0,66.0,64.8,0.19,0.22,0.27
WEST,2017-08-21 19:30:00 EDT,43.10647,-75.46146,655,73.9,75.6,73.9,87.3,69.9,0.000,0.000,0.00,0.000,0.0,0.0,0.0,0,0,0.2,0.4,0.1,208,44,0.0,0.0,0.0,0,0,24,29.36,,0,0,0,70.0,66.0,64.8,0.19,0.22,0.27
WEST,2017-08-21 19:35:00 EDT,43.10647,-75.46146,655,73.7,75.4,73.7,87.3,69.7,0.000,0.000,0.00,0.000,0.0,0.0,0.0,0,0,0.5,1.1,0.2,261,8,0.0,0.0,0.0,0,0,19,29.36,,0,0,0,70.0,66.0,64.8,0.19,0.22,0.27
WEST,2017-08-21 19:40:00 EDT,43.10647,-75.46146,655,73.0,75.0,73.0,85.9,68.5,0.000,0.000,0.00,0.000,0.0,0.0,0.0,0,0,0.8,1.1,0.1,237,10,0.0,0.0,0.0,0,0,15,29.36,,0,0,0,70.0,66.1,64.9,0.19,0.22,0.27
WEST,2017-08-21 19:45:00 EDT,43.10647,-75.46146,655,71.8,74.2,71.8,89.2,68.4,0.000,0.000,0.00,0.000,0.5,1.7,0.6,190,6,1.2,2.1,0.4,190,10,0.5,1.7,0.6,190,6,11,29.36,,0,0,0,70.0,66.1,64.9,0.19,0.22,0.27
WEST,2017-08-21 19:50:00 EDT,43.10647,-75.46146,655,71.7,73.8,71.7,93.7,69.8,0.000,0.000,0.00,0.000,1.5,2.0,0.2,156,14,1.8,2.2,0.2,151,14,1.5,2.0,0.2,156,14,6,29.36,,0,0,0,70.0,66.1,64.9,0.19,0.22,0.27
WEST,2017-08-21 19:55:00 EDT,43.10647,-75.46146,655,71.6,73.8,71.6,96.0,70.4,0.000,0.000,0.00,0.000,1.3,1.9,0.3,144,7,1.6,2.1,0.3,140,7,1.3,1.9,0.3,144,7,4,29.36,,0,0,0,70.0,66.2,64.9,0.19,0.22,0.27
WEST,2017-08-21 20:00:00 EDT,43.10647,-75.46146,655,71.5,73.6,71.5,97.0,70.6,0.000,0.000,0.00,0.000,1.0,1.8,0.3,127,6,1.3,1.8,0.2,123,7,1.0,1.8,0.3,127,6,2,29.36,,0,0,0,70.0,66.2,64.9,0.19,0.22,0.27
WEST,2017-08-21 20:05:00 EDT,43.10647,-75.46146,655,71.5,73.1,71.5,95.3,70.1,0.000,0.000,0.00,0.000,0.2,1.0,0.3,114,5,0.6,1.5,0.4,102,53,0.2,1.0,0.3,114,5,2,29.36,,0,0,0,70.0,66.3,65.0,0.19,0.22,0.27
WEST,2017-08-21 20:10:00 EDT,43.10647,-75.46146,655,71.1,73.0,71.1,93.7,69.2,0.000,0.000,0.00,0.000,0.0,0.0,0.0,0,0,0.2,0.6,0.1,20,37,0.0,0.0,0.0,0,0,1,29.36,,0,0,0,69.9,66.4,65.1,0.19,0.22,0.27
WEST,2017-08-21 20:15:00 EDT,43.10647,-75.46146,655,70.3,72.8,70.3,93.2,68.2,0.000,0.000,0.00,0.000,0.0,0.0,0.0,0,0,0.3,1.1,0.2,315,56,0.0,0.0,0.0,0,0,1,29.36,,0,0,0,69.8,66.4,65.0,0.19,0.22,0.27
WEST,2017-08-21 20:20:00 EDT,43.10647,-75.46146,655,69.7,71.9,69.7,95.9,68.5,0.000,0.000,0.00,0.000,0.1,0.7,0.2,288,2,1.0,1.3,0.2,292,23,0.1,0.7,0.2,288,2,1,29.36,,0,0,0,69.6,66.4,65.0,0.19,0.22,0.27
WEST,2017-08-21 20:25:00 EDT,43.10647,-75.46146,655,69.2,72.5,69.2,97.8,68.5,0.000,0.000,0.00,0.000,0.7,2.6,0.8,256,19,1.2,3.1,0.7,258,33,0.7,2.6,0.8,256,19,1,29.36,,0,0,0,69.6,66.4,65.1,0.19,0.22,0.27
WEST,2017-08-21 20:30:00 EDT,43.10647,-75.46146,655,69.0,71.5,69.0,98.9,68.7,0.000,0.000,0.00,0.000,0.5,1.2,0.4,272,15,1.1,1.7,0.4,278,24,0.5,1.2,0.4,272,15,1,29.36,,0,0,0,69.6,66.4,65.1,0.19,0.22,0.27
WEST,2017-08-21 20:35:00 EDT,43.10647,-75.46146,655,68.9,71.4,68.9,99.2,68.7,0.000,0.000,0.00,0.000,0.6,1.8,0.6,283,9,1.2,2.2,0.5,279,16,0.6,1.8,0.6,283,9,1,29.36,,0,0,0,69.6,66.4,65.1,0.19,0.22,0.27
WEST,2017-08-21 20:40:00 EDT,43.10647,-75.46146,655,68.8,71.4,68.8,99.4,68.7,0.000,0.000,0.00,0.000,0.2,0.8,0.3,292,1,0.8,1.3,0.3,274,25,0.2,0.8,0.3,292,1,1,29.36,,0,0,0,69.6,66.4,65.1,0.19,0.22,0.27
WEST,2017-08-21 20:45:00 EDT,43.10647,-75.46146,655,68.1,70.7,68.1,98.2,67.6,0.000,0.000,0.00,0.000,0.2,1.1,0.4,249,3,0.9,1.5,0.2,243,14,0.2,1.1,0.4,249,3,1,29.36,,0,0,0,69.6,66.4,65.1,0.19,0.22,0.27
WEST,2017-08-21 20:50:00 EDT,43.10647,-75.46146,655,68.6,71.0,68.6,99.3,68.4,0.000,0.000,0.00,0.000,0.4,1.0,0.4,242,3,1.0,1.5,0.3,237,15,0.4,1.0,0.4,242,3,1,29.36,,0,0,0,69.6,66.4,65.1,0.19,0.22,0.27
WEST,2017-08-21 20:55:00 EDT,43.10647,-75.46146,655,68.6,70.4,68.6,99.6,68.5,0.000,0.000,0.00,0.000,0.0,0.0,0.0,0,0,0.7,1.1,0.2,222,22,0.0,0.0,0.0,0,0,1,29.36,,0,0,0,69.6,66.4,65.1,0.19,0.22,0.27
WEST,2017-08-21 21:00:00 EDT,43.10647,-75.46146,655,68.7,70.5,68.7,99.7,68.6,0.000,0.000,0.00,0.000,0.2,1.1,0.3,292,1,0.8,1.8,0.4,297,24,0.2,1.1,0.3,292,1,0,29.36,,0,0,0,69.5,66.4,65.1,0.19,0.22,0.27
WEST,2017-08-21 21:05:00 EDT,43.10647,-75.46146,655,67.8,70.4,67.8,98.8,67.4,0.000,0.000,0.00,0.000,1.0,1.8,0.4,258,14,1.5,2.3,0.3,256,15,1.0,1.8,0.4,258,14,0,29.36,,0,0,0,69.3,66.4,65.1,0.19,0.22,0.27
WEST,2017-08-21 21:10:00 EDT,43.10647,-75.46146,655,67.5,70.9,67.5,98.1,66.9,0.000,0.000,0.00,0.000,2.1,3.8,0.5,233,20,2.4,4.7,0.6,230,20,2.1,3.8,0.5,233,20,0,29.36,,0,0,0,69.3,66.4,65.1,0.19,0.22,0.27
WEST,2017-08-21 21:15:00 EDT,43.10647,-75.46146,655,67.4,73.1,67.4,98.8,67.0,0.000,0.000,0.00,0.000,1.9,2.8,0.4,212,11,2.2,3.0,0.4,211,12,1.9,2.8,0.4,212,11,0,29.36,,0,0,0,69.3,66.4,65.1,0.19,0.22,0.27
WEST,2017-08-21 21:20:00 EDT,43.10647,-75.46146,655,67.8,73.5,67.8,99.7,67.7,0.000,0.000,0.00,0.000,2.1,3.9,0.6,213,14,2.2,4.0,0.7,211,15,2.1,3.9,0.6,213,14,0,29.35,,0,0,0,69.3,66.4,65.1,0.19,0.22,0.27
WEST,2017-08-21 21:25:00 EDT,43.10647,-75.46146,655,67.1,73.7,67.1,99.2,66.9,0.000,0.000,0.00,0.000,3.5,5.5,0.7,209,8,3.8,6.2,0.8,205,7,3.5,5.5,0.7,209,8,0,29.35,,0,0,0,69.3,66.4,65.1,0.19,0.22,0.27
WEST,2017-08-21 21:30:00 EDT,43.10647,-75.46146,655,68.7,73.7,68.7,99.2,68.5,0.000,0.000,0.00,0.000,2.8,4.4,0.6,211,11,3.0,4.6,0.7,209,11,2.8,4.4,0.6,211,11,0,29.35,,0,0,0,69.3,66.4,65.1,0.19,0.22,0.27
WEST,2017-08-21 21:35:00 EDT,43.10647,-75.46146,655,70.9,73.7,70.9,91.6,68.3,0.000,0.000,0.00,0.000,2.6,4.5,0.7,235,16,2.9,5.4,0.9,233,17,2.6,4.5,0.7,235,16,0,29.35,,0,0,0,69.3,66.4,65.1,0.19,0.22,0.27
WEST,2017-08-21 21:40:00 EDT,43.10647,-75.46146,655,70.2,73.3,70.2,88.1,66.5,0.000,0.000,0.00,0.000,2.9,4.7,0.6,244,12,3.1,5.2,0.6,242,12,2.9,4.7,0.6,244,12,0,29.35,,0,0,0,69.3,66.4,65.1,0.19,0.22,0.27
WEST,2017-08-21 21:45:00 EDT,43.10647,-75.46146,655,68.2,73.0,68.2,89.3,64.9,0.000,0.000,0.00,0.000,2.8,4.2,0.4,220,22,3.1,4.8,0.6,217,22,2.8,4.2,0.4,220,22,0,29.35,,0,0,0,69.3,66.4,65.1,0.19,0.22,0.27
WEST,2017-08-21 21:50:00 EDT,43.10647,-75.46146,655,68.6,73.1,68.6,92.3,66.3,0.000,0.000,0.00,0.000,3.0,4.5,0.4,179,12,3.4,5.8,0.5,176,13,3.0,4.5,0.4,179,12,0,29.35,,0,0,0,69.3,66.4,65.1,0.19,0.22,0.27
WEST,2017-08-21 21:55:00 EDT,43.10647,-75.46146,655,67.6,73.0,67.6,95.3,66.2,0.000,0.000,0.00,0.000,3.3,5.0,0.6,189,7,3.7,5.4,0.7,187,7,3.3,5.0,0.6,189,7,0,29.36,,0,0,0,69.0,66.4,65.1,0.19,0.22,0.27
WEST,2017-08-21 22:00:00 EDT,43.10647,-75.46146,655,69.7,73.2,69.7,92.9,67.5,0.000,0.000,0.00,0.000,3.6,5.6,0.9,212,12,3.8,6.0,0.9,208,12,3.6,5.6,0.9,212,12,0,29.36,,0,0,0,68.9,66.4,65.1,0.19,0.22,0.27
WEST,2017-08-21 22:05:00 EDT,43.10647,-75.46146,655,71.0,73.3,71.0,85.3,66.4,0.000,0.000,0.00,0.000,2.7,4.3,0.7,218,13,2.8,5.4,0.8,215,14,2.7,4.3,0.7,218,13,0,29.36,,0,0,0,68.9,66.4,65.1,0.19,0.22,0.27
WEST,2017-08-21 22:10:00 EDT,43.10647,-75.46146,655,69.9,73.2,69.9,84.6,65.0,0.000,0.000,0.00,0.000,2.8,5.3,0.9,219,16,3.0,5.9,1.0,217,14,2.8,5.3,0.9,219,16,0,29.36,,0,0,0,68.9,66.4,65.1,0.19,0.22,0.27
WEST,2017-08-21 22:15:00 EDT,43.10647,-75.46146,655,70.7,73.0,70.7,83.1,65.3,0.000,0.000,0.00,0.000,3.1,5.1,0.9,226,18,3.3,6.0,1.0,225,17,3.1,5.1,0.9,226,18,0,29.36,,0,0,0,68.9,66.4,65.1,0.18,0.22,0.27
WEST,2017-08-21 22:20:00 EDT,43.10647,-75.46146,655,70.1,72.6,70.1,82.9,64.6,0.000,0.000,0.00,0.000,2.3,4.5,0.6,221,16,2.5,4.2,0.6,217,16,2.3,4.5,0.6,221,16,0,29.36,,0,0,0,68.9,66.4,65.1,0.18,0.22,0.27
WEST,2017-08-21 22:25:00 EDT,43.10647,-75.46146,655,70.3,72.4,70.3,83.6,65.2,0.000,0.000,0.00,0.000,2.5,5.3,0.8,211,13,2.7,6.4,1.0,208,12,2.5,5.3,0.8,211,13,0,29.36,,0,0,0,68.9,66.4,65.1,0.18,0.22,0.27
WEST,2017-08-21 22:30:00 EDT,43.10647,-75.46146,655,70.3,72.2,70.3,83.3,65.0,0.000,0.000,0.00,0.000,2.6,4.2,0.8,216,16,2.7,4.8,0.8,214,14,2.6,4.2,0.8,216,16,0,29.36,,0,0,0,68.9,66.4,65.1,0.18,0.22,0.27
WEST,2017-08-21 22:35:00 EDT,43.10647,-75.46146,655,70.2,72.0,70.2,82.8,64.8,0.000,0.000,0.00,0.000,2.3,3.8,0.6,208,17,2.5,4.5,0.6,205,19,2.3,3.8,0.6,208,17,0,29.36,,0,0,0,68.9,66.4,65.1,0.18,0.22,0.27
WEST,2017-08-21 22:40:00 EDT,43.10647,-75.46146,655,70.9,72.1,70.9,82.2,65.2,0.000,0.000,0.00,0.000,2.5,5.0,0.9,208,15,2.8,6.4,1.1,206,12,2.5,5.0,0.9,208,15,0,29.36,,0,0,0,68.8,66.4,65.1,0.18,0.22,0.27
WEST,2017-08-21 22:45:00 EDT,43.10647,-75.46146,655,70.7,71.9,70.7,80.8,64.6,0.000,0.000,0.00,0.000,2.0,3.6,0.8,208,15,2.3,4.3,0.8,205,15,2.0,3.6,0.8,208,15,0,29.36,,0,0,0,68.5,66.4,65.1,0.18,0.22,0.27
WEST,2017-08-21 22:50:00 EDT,43.10647,-75.46146,655,70.3,71.8,70.3,81.5,64.4,0.000,0.000,0.00,0.000,3.0,5.3,0.9,198,16,3.4,5.8,1.0,195,15,3.0,5.3,0.9,198,16,0,29.36,,0,0,0,68.6,66.4,65.1,0.18,0.22,0.27
WEST,2017-08-21 22:55:00 EDT,43.10647,-75.46146,655,70.6,71.9,70.6,81.4,64.7,0.000,0.000,0.00,0.000,3.3,5.7,0.9,210,15,3.4,5.9,1.1,206,16,3.3,5.7,0.9,210,15,0,29.36,,0,0,0,68.5,66.4,65.1,0.18,0.22,0.27
WEST,2017-08-21 23:00:00 EDT,43.10647,-75.46146,655,70.1,71.7,70.1,81.4,64.1,0.000,0.000,0.00,0.000,2.3,3.7,0.5,221,12,2.5,4.1,0.5,219,11,2.3,3.7,0.5,221,12,0,29.36,,0,0,0,68.5,66.4,65.1,0.18,0.22,0.27
WEST,2017-08-21 23:05:00 EDT,43.10647,-75.46146,655,69.2,71.6,69.2,82.7,63.7,0.000,0.000,0.00,0.000,3.0,5.9,0.9,220,16,3.2,6.8,1.0,217,15,3.0,5.9,0.9,220,16,0,29.36,,0,0,0,68.5,66.4,65.1,0.18,0.22,0.27
WEST,2017-08-21 23:10:00 EDT,43.10647,-75.46146,655,69.5,71.7,69.5,83.6,64.3,0.000,0.000,0.00,0.000,2.9,4.3,0.6,225,16,3.0,5.1,0.7,223,15,2.9,4.3,0.6,225,16,0,29.36,,0,0,0,68.5,66.4,65.1,0.18,0.22,0.27
WEST,2017-08-21 23:15:00 EDT,43.10647,-75.46146,655,69.2,71.6,69.2,83.2,63.9,0.000,0.000,0.00,0.000,2.4,3.7,0.6,216,15,2.7,5.0,0.7,213,13,2.4,3.7,0.6,216,15,0,29.36,,0,0,0,68.5,66.5,65.1,0.18,0.22,0.27
WEST,2017-08-21 23:20:00 EDT,43.10647,-75.46146,655,69.3,71.6,69.3,83.3,64.0,0.000,0.000,0.00,0.000,2.2,3.8,0.6,207,12,2.5,4.5,0.6,205,12,2.2,3.8,0.6,207,12,0,29.36,,0,0,0,68.5,66.5,65.1,0.19,0.22,0.27
WEST,2017-08-21 23:25:00 EDT,43.10647,-75.46146,655,69.7,71.4,69.7,82.9,64.3,0.000,0.000,0.00,0.000,3.6,6.6,1.0,191,11,3.9,7.1,1.1,189,10,3.6,6.6,1.0,191,11,0,29.36,,0,0,0,68.5,66.4,65.1,0.18,0.22,0.27
WEST,2017-08-21 23:30:00 EDT,43.10647,-75.46146,655,70.0,71.3,70.0,83.0,64.6,0.000,0.000,0.00,0.000,4.1,5.6,0.8,190,10,4.5,6.9,0.9,188,9,4.1,5.6,0.8,190,10,0,29.36,,0,0,0,68.5,66.4,65.1,0.19,0.22,0.27
WEST,2017-08-21 23:35:00 EDT,43.10647,-75.46146,655,70.3,71.4,70.3,82.1,64.6,0.000,0.000,0.00,0.000,4.2,6.5,1.0,195,11,4.6,7.0,1.1,193,10,4.2,6.5,1.0,195,11,0,29.36,,0,0,0,68.5,66.4,65.1,0.19,0.22,0.27
WEST,2017-08-21 23:40:00 EDT,43.10647,-75.46146,655,70.1,71.2,70.1,82.0,64.3,0.000,0.000,0.00,0.000,3.6,5.3,0.7,198,14,3.9,6.1,0.9,196,13,3.6,5.3,0.7,198,14,0,29.36,,0,0,0,68.5,66.4,65.1,0.19,0.22,0.27
WEST,2017-08-21 23:45:00 EDT,43.10647,-75.46146,655,70.3,71.3,70.3,82.1,64.5,0.000,0.000,0.00,0.000,3.5,7.5,1.4,198,15,3.8,7.8,1.3,196,14,3.5,7.5,1.4,198,15,0,29.35,,0,0,0,68.5,66.4,65.1,0.19,0.22,0.27
WEST,2017-08-21 23:50:00 EDT,43.10647,-75.46146,655,70.3,71.2,70.3,81.5,64.3,0.000,0.000,0.00,0.000,2.6,5.1,1.0,201,15,2.9,6.2,1.2,198,13,2.6,5.1,1.0,201,15,0,29.35,,0,0,0,68.5,66.4,65.1,0.19,0.22,0.27
WEST,2017-08-21 23:55:00 EDT,43.10647,-75.46146,655,70.3,71.1,70.3,81.7,64.4,0.000,0.000,0.00,0.000,3.3,6.6,1.0,195,14,3.7,7.8,1.2,192,12,3.3,6.6,1.0,195,14,0,29.35,,0,0,0,68.5,66.4,65.1,0.19,0.22,0.27
WFMB,2017-08-21 00:00:00 EDT,44.39323,-73.85883,2016,65.2,66.3,65.2,69.9,55.1,0.000,0.021,0.00,0.000,1.9,5.5,1.3,339,47,2.5,6.4,1.5,348,47,1.9,5.5,1.3,339,47,0,28.02,,0,0,0,68.5,69.3,66.8,0.18,0.23,0.25
WFMB,2017-08-21 00:05:00 EDT,44.39323,-73.85883,2016,64.9,66.0,64.9,71.0,55.3,0.000,0.000,0.00,0.000,1.6,6.1,1.2,307,66,2.3,8.0,1.4,300,67,1.6,6.1,1.2,307,66,0,28.02,,0,0,0,68.5,69.3,66.8,0.18,0.23,0.25
WFMB,2017-08-21 00:10:00 EDT,44.39323,-73.85883,2016,65.5,66.2,65.5,69.8,55.3,0.000,0.000,0.00,0.000,2.6,7.8,2.0,295,51,3.2,7.7,1.9,303,57,2.6,7.8,2.0,295,51,0,28.02,,0,0,0,68.5,69.3,66.8,0.18,0.23,0.25
WFMB,2017-08-21 00:15:00 EDT,44.39323,-73.85883,2016,64.5,66.2,64.5,72.3,55.4,0.000,0.000,0.00,0.000,1.9,8.5,1.6,320,45,2.5,10.3,1.7,332,49,1.9,8.5,1.6,320,45,0,28.02,,0,0,0,68.5,69.3,66.8,0.18,0.23,0.25
WFMB,2017-08-21 00:20:00 EDT,44.39323,-73.85883,2016,64.5,65.9,64.5,72.8,55.6,0.000,0.000,0.00,0.000,2.6,6.3,1.4,357,63,3.3,7.9,1.4,356,64,2.6,6.3,1.4,357,63,0,28.02,,0,0,0,68.5,69.3,66.9,0.18,0.23,0.25
WFMB,2017-08-21 00:25:00 EDT,44.39323,-73.85883,2016,64.1,65.5,64.1,75.1,56.1,0.000,0.000,0.00,0.000,3.1,9.3,1.9,305,52,3.6,12.9,2.2,309,58,3.1,9.3,1.9,305,52,0,28.02,,0,0,0,68.5,69.3,66.8,0.18,0.23,0.25
WFMB,2017-08-21 00:30:00 EDT,44.39323,-73.85883,2016,64.3,65.7,64.3,75.4,56.3,0.000,0.000,0.00,0.000,2.2,7.3,1.6,310,60,2.9,14.2,2.0,315,59,2.2,7.3,1.6,310,60,0,28.02,,0,0,0,68.5,69.3,66.8,0.18,0.23,0.25
WFMB,2017-08-21 00:35:00 EDT,44.39323,-73.85883,2016,64.4,65.8,64.4,74.9,56.3,0.000,0.000,0.00,0.000,2.2,5.1,1.0,331,64,2.8,6.8,1.4,336,63,2.2,5.1,1.0,331,64,0,28.02,,0,0,0,68.3,69.3,66.9,0.18,0.23,0.25
WFMB,2017-08-21 00:40:00 EDT,44.39323,-73.85883,2016,64.1,65.7,64.1,77.1,56.8,0.000,0.000,0.00,0.000,2.6,9.7,1.9,283,51,3.4,11.3,2.2,292,52,2.6,9.7,1.9,283,51,0,28.02,,0,0,0,68.2,69.3,66.9,0.18,0.23,0.25
WFMB,2017-08-21 00:45:00 EDT,44.39323,-73.85883,2016,64.3,66.0,64.3,76.7,56.8,0.000,0.000,0.00,0.000,2.4,8.0,1.7,313,57,3.2,9.1,2.0,310,62,2.4,8.0,1.7,313,57,0,28.02,,0,0,0,68.2,69.3,66.8,0.18,0.23,0.25
WFMB,2017-08-21 00:50:00 EDT,44.39323,-73.85883,2016,64.4,66.0,64.4,78.0,57.4,0.000,0.000,0.00,0.000,3.1,12.1,2.6,257,59,3.7,15.0,2.9,259,64,3.1,12.1,2.6,257,59,0,28.02,,0,0,0,68.2,69.3,66.8,0.18,0.23,0.25
WFMB,2017-08-21 00:55:00 EDT,44.39323,-73.85883,2016,64.6,65.9,64.6,76.3,57.0,0.000,0.000,0.00,0.000,2.3,7.7,1.7,268,62,2.9,7.7,1.9,277,67,2.3,7.7,1.7,268,62,0,28.02,,0,0,0,68.2,69.3,66.9,0.18,0.23,0.25
WFMB,2017-08-21 01:00:00 EDT,44.39323,-73.85883,2016,64.5,65.9,64.5,77.6,57.3,0.000,0.000,0.00,0.000,1.9,5.0,1.0,254,63,2.5,6.0,1.3,264,74,1.9,5.0,1.0,254,63,0,28.03,,0,0,0,68.2,69.3,66.8,0.18,0.23,0.25
WFMB,2017-08-21 01:05:00 EDT,44.39323,-73.85883,2016,64.9,66.1,64.9,78.4,58.0,0.000,0.000,0.00,0.000,2.2,8.2,1.6,298,45,3.1,9.5,2.0,301,48,2.2,8.2,1.6,298,45,0,28.03,,0,0,0,68.1,69.3,66.9,0.18,0.23,0.25
WFMB,2017-08-21 01:10:00 EDT,44.39323,-73.85883,2016,65.3,66.3,65.3,77.7,58.1,0.000,0.000,0.00,0.000,2.8,9.9,1.4,298,46,3.3,10.5,1.6,300,49,2.8,9.9,1.4,298,46,0,28.03,,0,0,0,67.8,69.3,66.8,0.18,0.23,0.25
WFMB,2017-08-21 01:15:00 EDT,44.39323,-73.85883,2016,65.1,66.5,65.1,78.3,58.2,0.000,0.000,0.00,0.000,3.1,10.7,2.6,284,38,3.9,12.3,3.0,289,45,3.1,10.7,2.6,284,38,0,28.03,,0,0,0,67.8,69.3,66.9,0.18,0.23,0.25
WFMB,2017-08-21 01:20:00 EDT,44.39323,-73.85883,2016,65.5,66.6,65.5,77.8,58.4,0.000,0.000,0.00,0.000,2.3,6.3,1.5,301,57,2.8,8.2,1.6,317,55,2.3,6.3,1.5,301,57,0,28.03,,0,0,0,67.8,69.3,66.9,0.18,0.23,0.25
WFMB,2017-08-21 01:25:00 EDT,44.39323,-73.85883,2016,65.0,66.5,65.0,78.3,58.1,0.000,0.000,0.00,0.000,1.6,9.1,1.9,304,26,2.1,8.1,1.8,318,45,1.6,9.1,1.9,304,26,0,28.03,,0,0,0,67.8,69.3,66.8,0.18,0.23,0.25
WFMB,2017-08-21 01:30:00 EDT,44.39323,-73.85883,2016,64.7,66.1,64.7,80.1,58.4,0.000,0.000,0.00,0.000,1.7,4.7,1.1,306,50,2.4,6.5,1.3,311,48,1.7,4.7,1.1,306,50,0,28.03,,0,0,0,67.8,69.3,66.8,0.18,0.23,0.25
WFMB,2017-08-21 01:35:00 EDT,44.39323,-73.85883,2016,65.5,66.5,65.5,78.9,58.8,0.000,0.000,0.00,0.000,2.0,6.0,1.5,343,47,2.6,6.8,1.6,346,53,2.0,6.0,1.5,343,47,0,28.03,,0,0,0,67.8,69.3,66.8,0.18,0.23,0.25
WFMB,2017-08-21 01:40:00 EDT,44.39323,-73.85883,2016,64.5,66.2,64.5,80.9,58.5,0.000,0.000,0.00,0.000,1.9,13.7,2.2,360,55,2.6,14.0,2.2,5,58,1.9,13.7,2.2,360,55,0,28.03,,0,0,0,67.8,69.3,66.9,0.18,0.23,0.25
WFMB,2017-08-21 01:45:00 EDT,44.39323,-73.85883,2016,64.8,66.2,64.8,81.5,59.0,0.000,0.000,0.00,0.000,2.7,8.2,1.8,317,50,3.4,9.9,2.0,318,55,2.7,8.2,1.8,317,50,0,28.03,,0,0,0,67.8,69.3,66.9,0.18,0.23,0.25
WFMB,2017-08-21 01:50:00 EDT,44.39323,-73.85883,2016,65.5,66.3,65.5,79.2,58.8,0.000,0.000,0.00,0.000,1.6,5.1,1.3,334,59,2.4,6.5,1.5,347,71,1.6,5.1,1.3,334,59,0,28.03,,0,0,0,67.8,69.3,66.9,0.18,0.23,0.25
WFMB,2017-08-21 01:55:00 EDT,44.39323,-73.85883,2016,64.9,65.9,64.9,79.6,58.4,0.000,0.000,0.00,0.000,1.4,5.9,1.4,342,32,2.1,9.2,1.7,342,42,1.4,5.9,1.4,342,32,0,28.03,,0,0,0,67.6,69.3,66.8,0.18,0.23,0.25
WFMB,2017-08-21 02:00:00 EDT,44.39323,-73.85883,2016,64.5,66.0,64.5,81.1,58.5,0.000,0.000,0.00,0.000,1.1,4.2,0.7,291,65,1.8,4.9,0.9,322,72,1.1,4.2,0.7,291,65,0,28.03,,0,0,0,67.5,69.3,66.9,0.18,0.23,0.25
WFMB,2017-08-21 02:05:00 EDT,44.39323,-73.85883,2016,65.1,66.1,65.1,80.0,58.8,0.000,0.000,0.00,0.000,1.7,3.6,0.8,312,52,2.1,5.9,1.0,317,47,1.7,3.6,0.8,312,52,0,28.03,,0,0,0,67.5,69.3,66.9,0.18,0.23,0.25
WFMB,2017-08-21 02:10:00 EDT,44.39323,-73.85883,2016,64.9,66.2,64.9,80.1,58.6,0.000,0.000,0.00,0.000,1.6,5.6,1.2,293,54,2.4,8.7,1.2,301,59,1.6,5.6,1.2,293,54,0,28.03,,0,0,0,67.5,69.3,67.0,0.18,0.23,0.25
WFMB,2017-08-21 02:15:00 EDT,44.39323,-73.85883,2016,64.3,65.9,64.3,81.3,58.5,0.000,0.000,0.00,0.000,1.5,5.0,0.8,336,56,2.0,5.1,0.9,342,52,1.5,5.0,0.8,336,56,0,28.03,,0,0,0,67.5,69.3,66.9,0.18,0.23,0.25
WFMB,2017-08-21 02:20:00 EDT,44.39323,-73.85883,2016,65.4,66.4,65.4,78.7,58.6,0.000,0.000,0.00,0.000,2.8,6.4,1.3,266,37,3.1,8.4,1.7,268,36,2.8,6.4,1.3,266,37,0,28.03,,0,0,0,67.5,69.3,66.9,0.18,0.23,0.25
WFMB,2017-08-21 02:25:00 EDT,44.39323,-73.85883,2016,64.6,65.9,64.6,79.2,58.1,0.000,0.000,0.00,0.000,1.2,4.6,1.1,290,44,1.8,4.8,1.0,300,55,1.2,4.6,1.1,290,44,0,28.03,,0,0,0,67.5,69.3,67.0,0.18,0.23,0.25
WFMB,2017-08-21 02:30:00 EDT,44.39323,-73.85883,2016,64.8,66.1,64.8,80.1,58.5,0.000,0.000,0.00,0.000,2.6,7.8,1.5,302,42,3.2,8.7,1.9,305,44,2.6,7.8,1.5,302,42,0,28.03,,0,0,0,67.5,69.3,67.0,0.18,0.23,0.25
WFMB,2017-08-21 02:35:00 EDT,44.39323,-73.85883,2016,64.5,66.1,64.5,80.2,58.3,0.000,0.000,0.00,0.000,1.2,5.2,1.1,268,50,2.0,7.5,1.3,278,59,1.2,5.2,1.1,268,50,0,28.03,,0,0,0,67.4,69.3,67.1,0.18,0.23,0.25
WFMB,2017-08-21 02:40:00 EDT,44.39323,-73.85883,2016,65.3,66.6,65.3,77.8,58.2,0.000,0.000,0.00,0.000,4.2,11.9,2.5,231,44,5.0,15.9,2.7,232,51,4.2,11.9,2.5,231,44,0,28.03,,0,0,0,67.4,69.3,67.1,0.18,0.23,0.25
WFMB,2017-08-21 02:45:00 EDT,44.39323,-73.85883,2016,65.6,66.7,65.6,76.9,58.2,0.000,0.000,0.00,0.000,3.1,9.9,2.0,290,47,3.8,12.9,2.6,294,47,3.1,9.9,2.0,290,47,0,28.03,,0,0,0,67.2,69.3,67.1,0.18,0.23,0.25
WFMB,2017-08-21 02:50:00 EDT,44.39323,-73.85883,2016,64.8,66.2,64.8,79.8,58.4,0.000,0.000,0.00,0.000,1.9,7.9,1.5,287,66,2.7,10.8,1.8,304,69,1.9,7.9,1.5,287,66,0,28.02,,0,0,0,67.1,69.3,67.1,0.18,0.23,0.25
WFMB,2017-08-21 02:55:00 EDT,44.39323,-73.85883,2016,65.7,66.7,65.7,81.4,59.9,0.000,0.000,0.00,0.000,2.8,7.1,1.6,317,42,3.5,9.1,1.8,319,38,2.8,7.1,1.6,317,42,0,28.02,,0,0,0,67.1,69.3,67.1,0.18,0.23,0.25
WFMB,2017-08-21 03:00:00 EDT,44.39323,-73.85883,2016,65.9,66.7,65.9,83.9,60.9,0.000,0.000,0.00,0.000,2.8,15.8,2.8,297,63,3.6,17.4,3.0,302,63,2.8,15.8,2.8,297,63,0,28.02,,0,0,0,67.1,69.3,67.1,0.18,0.23,0.25
WFMB,2017-08-21 03:05:00 EDT,44.39323,-73.85883,2016,65.8,66.7,65.8,84.9,61.1,0.000,0.000,0.00,0.000,2.7,5.8,1.4,247,59,3.3,7.5,1.6,249,65,2.7,5.8,1.4,247,59,0,28.02,,0,0,0,67.1,69.3,67.1,0.18,0.23,0.25
WFMB,2017-08-21 03:10:00 EDT,44.39323,-73.85883,2016,65.8,66.8,65.8,85.5,61.4,0.000,0.000,0.00,0.000,3.0,12.9,2.8,262,56,4.0,18.0,3.2,267,60,3.0,12.9,2.8,262,56,0,28.03,,0,0,0,67.1,69.2,67.1,0.18,0.23,0.25
WFMB,2017-08-21 03:15:00 EDT,44.39323,-73.85883,2016,65.9,66.8,65.9,86.0,61.6,0.000,0.000,0.00,0.000,3.2,6.6,1.6,276,49,3.9,9.0,1.9,288,54,3.2,6.6,1.6,276,49,0,28.03,,0,0,0,67.1,69.0,67.1,0.18,0.23,0.25
WFMB,2017-08-21 03:20:00 EDT,44.39323,-73.85883,2016,66.3,67.1,66.3,85.2,61.8,0.000,0.000,0.00,0.000,4.6,10.4,2.5,255,47,5.5,14.9,3.0,257,48,4.6,10.4,2.5,255,47,0,28.03,,0,0,0,67.1,68.9,67.1,0.18,0.23,0.25
WFMB,2017-08-21 03:25:00 EDT,44.39323,-73.85883,2016,65.9,66.8,65.9,85.1,61.3,0.000,0.000,0.00,0.000,3.0,10.1,2.2,263,47,3.7,13.6,2.7,267,51,3.0,10.1,2.2,263,47,0,28.03,,0,0,0,67.1,68.9,67.1,0.18,0.23,0.25
WFMB,2017-08-21 03:30:00 EDT,44.39323,-73.85883,2016,65.7,66.7,65.7,86.1,61.4,0.000,0.000,0.00,0.000,3.6,12.1,2.3,262,52,4.2,14.5,2.7,261,54,3.6,12.1,2.3,262,52,0,28.03,,0,0,0,67.1,68.9,67.0,0.18,0.23,0.25
WFMB,2017-08-21 03:35:00 EDT,44.39323,-73.85883,2016,65.8,66.7,65.8,85.7,61.4,0.000,0.000,0.00,0.000,3.6,10.8,2.4,262,44,4.2,12.8,2.6,263,50,3.6,10.8,2.4,262,44,0,28.03,,0,0,0,67.1,68.9,67.1,0.18,0.23,0.25
WFMB,2017-08-21 03:40:00 EDT,44.39323,-73.85883,2016,66.0,66.9,66.0,83.6,60.9,0.000,0.000,0.00,0.000,2.6,8.2,2.0,255,46,3.5,11.0,2.5,264,46,2.6,8.2,2.0,255,46,0,28.03,,0,0,0,67.1,68.9,67.1,0.18,0.23,0.25
WFMB,2017-08-21 03:45:00 EDT,44.39323,-73.85883,2016,66.0,67.0,66.0,84.2,61.1,0.000,0.000,0.00,0.000,3.9,14.2,2.6,253,45,4.6,15.9,2.8,255,49,3.9,14.2,2.6,253,45,0,28.03,,0,0,0,67.1,68.9,67.1,0.18,0.23,0.25
WFMB,2017-08-21 03:50:00 EDT,44.39323,-73.85883,2016,66.0,66.8,66.0,84.1,61.0,0.000,0.000,0.00,0.000,3.1,12.3,2.4,261,51,3.7,11.9,2.6,267,48,3.1,12.3,2.4,261,51,0,28.03,,0,0,0,67.1,68.9,67.1,0.18,0.23,0.25
WFMB,2017-08-21 03:55:00 EDT,44.39323,-73.85883,2016,66.3,67.2,66.3,84.3,61.5,0.000,0.000,0.00,0.000,4.5,14.0,2.7,251,46,5.5,15.1,3.3,254,44,4.5,14.0,2.7,251,46,0,28.03,,0,0,0,67.0,68.9,67.1,0.18,0.23,0.25
WFMB,2017-08-21 04:00:00 EDT,44.39323,-73.85883,2016,66.4,67.2,66.4,83.3,61.1,0.000,0.000,0.00,0.000,4.0,11.0,2.3,218,50,4.9,12.6,2.6,222,53,4.0,11.0,2.3,218,50,0,28.03,,0,0,0,66.9,68.9,67.1,0.18,0.23,0.25
WFMB,2017-08-21 04:05:00 EDT,44.39323,-73.85883,2016,66.3,67.2,66.3,83.2,61.1,0.000,0.000,0.00,0.000,4.3,10.1,2.4,228,50,5.1,10.8,2.2,225,50,4.3,10.1,2.4,228,50,0,28.03,,0,0,0,66.8,68.9,67.1,0.18,0.23,0.25
WFMB,2017-08-21 04:10:00 EDT,44.39323,-73.85883,2016,66.2,67.1,66.2,83.0,60.9,0.000,0.000,0.00,0.000,3.0,9.8,2.1,267,53,3.7,11.9,2.3,263,52,3.0,9.8,2.1,267,53,0,28.03,,0,0,0,66.8,68.9,67.1,0.18,0.23,0.25
WFMB,2017-08-21 04:15:00 EDT,44.39323,-73.85883,2016,66.4,67.3,66.4,82.7,61.0,0.000,0.000,0.00,0.000,3.8,10.9,2.1,237,53,4.4,10.1,2.2,239,57,3.8,10.9,2.1,237,53,0,28.03,,0,0,0,66.7,68.9,67.1,0.18,0.23,0.25
WFMB,2017-08-21 04:20:00 EDT,44.39323,-73.85883,2016,66.0,67.0,66.0,82.9,60.7,0.000,0.000,0.00,0.000,2.5,6.0,1.3,253,39,3.2,7.7,1.6,263,42,2.5,6.0,1.3,253,39,0,28.03,,0,0,0,66.7,68.9,67.1,0.18,0.23,0.25
WFMB,2017-08-21 04:25:00 EDT,44.39323,-73.85883,2016,66.2,67.1,66.2,82.9,60.8,0.000,0.000,0.00,0.000,4.0,11.3,2.1,227,51,4.5,11.1,2.4,220,49,4.0,11.3,2.1,227,51,0,28.03,,0,0,0,66.7,68.9,67.1,0.18,0.23,0.26
WFMB,2017-08-21 04:30:00 EDT,44.39323,-73.85883,2016,66.5,67.3,66.5,82.5,61.0,0.000,0.000,0.00,0.000,3.4,9.1,1.7,241,53,4.0,9.7,2.3,238,52,3.4,9.1,1.7,241,53,0,28.03,,0,0,0,66.7,68.9,67.1,0.18,0.23,0.25
WFMB,2017-08-21 04:35:00 EDT,44.39323,-73.85883,2016,66.4,67.2,66.4,82.2,60.9,0.000,0.000,0.00,0.000,2.9,9.2,2.0,278,65,3.5,10.2,2.0,280,67,2.9,9.2,2.0,278,65,0,28.03,,0,0,0,66.7,68.9,67.1,0.18,0.23,0.25
WFMB,2017-08-21 04:40:00 EDT,44.39323,-73.85883,2016,66.6,67.4,66.6,81.7,60.8,0.000,0.000,0.00,0.000,3.2,15.6,2.2,259,52,4.1,15.4,2.4,263,55,3.2,15.6,2.2,259,52,0,28.04,,0,0,0,66.7,68.9,67.1,0.18,0.23,0.25
WFMB,2017-08-21 04:45:00 EDT,44.39323,-73.85883,2016,66.5,67.4,66.5,81.1,60.5,0.000,0.000,0.00,0.000,3.1,13.8,2.4,217,52,3.9,17.1,2.6,213,59,3.1,13.8,2.4,217,52,0,28.04,,0,0,0,66.7,68.9,67.1,0.18,0.23,0.25
WFMB,2017-08-21 04:50:00 EDT,44.39323,-73.85883,2016,66.6,67.3,66.6,81.2,60.6,0.000,0.000,0.00,0.000,3.2,11.1,2.1,172,71,3.9,10.6,2.2,182,73,3.2,11.1,2.1,172,71,0,28.04,,0,0,0,66.7,68.9,67.1,0.18,0.23,0.25
WFMB,2017-08-21 04:55:00 EDT,44.39323,-73.85883,2016,65.9,67.2,65.9,81.6,60.1,0.000,0.000,0.00,0.000,3.1,8.8,1.9,223,51,3.7,14.6,2.4,219,51,3.1,8.8,1.9,223,51,0,28.04,,0,0,0,66.7,68.9,67.1,0.18,0.23,0.25
WFMB,2017-08-21 05:00:00 EDT,44.39323,-73.85883,2016,66.6,67.7,66.6,81.0,60.5,0.000,0.000,0.00,0.000,1.8,5.8,1.2,298,55,2.2,6.1,1.3,297,62,1.8,5.8,1.2,298,55,0,28.04,,0,0,0,66.7,68.9,67.1,0.18,0.23,0.25
WFMB,2017-08-21 05:05:00 EDT,44.39323,-73.85883,2016,65.8,67.2,65.8,82.6,60.4,0.000,0.000,0.00,0.000,2.5,5.9,1.3,268,41,2.9,7.9,1.4,261,41,2.5,5.9,1.3,268,41,0,28.04,,0,0,0,66.7,68.9,67.1,0.18,0.23,0.25
WFMB,2017-08-21 05:10:00 EDT,44.39323,-73.85883,2016,66.7,67.7,66.7,80.1,60.4,0.000,0.000,0.00,0.000,2.1,4.9,1.0,245,51,2.6,6.1,1.2,247,53,2.1,4.9,1.0,245,51,0,28.04,,0,0,0,66.7,68.9,67.1,0.18,0.23,0.25
WFMB,2017-08-21 05:15:00 EDT,44.39323,-73.85883,2016,66.2,67.1,66.2,80.2,60.0,0.000,0.000,0.00,0.000,1.7,4.7,1.0,229,64,2.2,5.6,1.2,219,66,1.7,4.7,1.0,229,64,0,28.04,,0,0,0,66.7,68.9,67.1,0.18,0.23,0.25
WFMB,2017-08-21 05:20:00 EDT,44.39323,-73.85883,2016,66.3,67.4,66.3,80.1,60.0,0.000,0.000,0.00,0.000,2.2,5.3,1.3,264,53,2.8,6.1,1.3,269,57,2.2,5.3,1.3,264,53,0,28.04,,0,0,0,66.7,68.9,67.1,0.18,0.23,0.26
WFMB,2017-08-21 05:25:00 EDT,44.39323,-73.85883,2016,66.4,67.5,66.4,78.8,59.6,0.000,0.000,0.00,0.000,4.3,12.8,2.5,237,51,4.8,13.9,2.7,236,56,4.3,12.8,2.5,237,51,0,28.04,,0,0,0,66.7,68.9,67.1,0.18,0.23,0.25
WFMB,2017-08-21 05:30:00 EDT,44.39323,-73.85883,2016,66.4,67.2,66.4,79.2,59.7,0.000,0.000,0.00,0.000,2.0,6.8,1.5,274,42,2.6,9.9,1.9,278,45,2.0,6.8,1.5,274,42,0,28.04,,0,0,0,66.7,68.9,67.1,0.18,0.23,0.25
WFMB,2017-08-21 05:35:00 EDT,44.39323,-73.85883,2016,65.7,67.2,65.7,80.6,59.5,0.000,0.000,0.00,0.000,0.8,2.4,0.6,186,65,1.5,3.4,0.7,169,69,0.8,2.4,0.6,186,65,0,28.04,,0,0,0,66.7,68.8,67.1,0.18,0.23,0.25
WFMB,2017-08-21 05:40:00 EDT,44.39323,-73.85883,2016,65.4,66.9,65.4,80.7,59.3,0.000,0.000,0.00,0.000,2.1,7.2,1.5,208,58,2.6,8.0,1.7,209,64,2.1,7.2,1.5,208,58,0,28.04,,0,0,0,66.6,68.7,67.1,0.18,0.23,0.25
WFMB,2017-08-21 05:45:00 EDT,44.39323,-73.85883,2016,65.8,67.2,65.8,80.7,59.7,0.000,0.000,0.00,0.000,1.9,6.3,1.1,272,61,2.6,8.0,1.4,264,63,1.9,6.3,1.1,272,61,0,28.04,,0,0,0,66.5,68.6,67.1,0.18,0.23,0.25
WFMB,2017-08-21 05:50:00 EDT,44.39323,-73.85883,2016,65.7,66.8,65.7,79.8,59.3,0.000,0.000,0.00,0.000,4.4,10.0,1.9,208,50,5.1,14.5,2.5,208,51,4.4,10.0,1.9,208,50,1,28.04,,0,0,0,66.4,68.6,67.1,0.18,0.23,0.25
WFMB,2017-08-21 05:55:00 EDT,44.39323,-73.85883,2016,66.1,67.2,66.1,78.7,59.3,0.000,0.000,0.00,0.000,2.1,4.5,1.3,202,55,2.4,5.6,1.4,208,59,2.1,4.5,1.3,202,55,2,28.04,,0,0,0,66.4,68.6,67.1,0.18,0.23,0.25
WFMB,2017-08-21 06:00:00 EDT,44.39323,-73.85883,2016,65.0,65.5,65.0,80.5,58.8,0.000,0.000,0.00,0.000,2.6,5.0,1.1,173,48,3.1,6.1,1.1,171,45,2.6,5.0,1.1,173,48,3,28.04,,0,0,0,66.4,68.6,67.1,0.18,0.23,0.25
WFMB,2017-08-21 06:05:00 EDT,44.39323,-73.85883,2016,64.4,65.3,64.4,82.9,59.0,0.000,0.000,0.00,0.000,2.9,5.6,0.8,96,31,3.2,5.8,0.9,95,31,2.9,5.6,0.8,96,31,4,28.04,,0,0,0,66.4,68.6,67.1,0.18,0.23,0.25
WFMB,2017-08-21 06:10:00 EDT,44.39323,-73.85883,2016,63.5,64.1,63.5,85.0,58.9,0.000,0.000,0.00,0.000,1.3,4.5,1.4,156,53,1.7,4.6,1.2,177,73,1.3,4.5,1.4,156,53,4,28.04,,0,0,0,66.4,68.5,67.1,0.18,0.23,0.25
WFMB,2017-08-21 06:15:00 EDT,44.39323,-73.85883,2016,64.5,65.1,64.5,84.5,59.7,0.000,0.000,0.00,0.000,1.0,3.3,0.8,117,48,1.5,4.2,0.8,104,55,1.0,3.3,0.8,117,48,7,28.04,,0,0,0,66.4,68.5,67.1,0.18,0.23,0.25
WFMB,2017-08-21 06:20:00 EDT,44.39323,-73.85883,2016,63.3,63.7,63.3,86.8,59.3,0.000,0.000,0.00,0.000,1.4,2.6,0.7,316,72,1.7,2.9,0.5,353,75,1.4,2.6,0.7,316,72,12,28.04,,0,0,0,66.4,68.5,67.1,0.18,0.23,0.25
WFMB,2017-08-21 06:25:00 EDT,44.39323,-73.85883,2016,62.8,63.2,62.8,88.7,59.4,0.000,0.000,0.00,0.000,1.6,2.8,0.6,14,59,1.8,3.0,0.6,4,60,1.6,2.8,0.6,14,59,19,28.04,,0,0,0,66.4,68.5,67.1,0.18,0.23,0.26
WFMB,2017-08-21 06:30:00 EDT,44.39323,-73.85883,2016,63.8,64.6,63.8,88.1,60.2,0.000,0.000,0.00,0.000,0.7,3.1,0.7,352,50,1.3,3.9,0.7,4,63,0.7,3.1,0.7,352,50,28,28.04,,0,0,0,66.4,68.5,67.1,0.18,0.23,0.25
WFMB,2017-08-21 06:35:00 EDT,44.39323,-73.85883,2016,63.1,63.7,63.1,89.4,60.0,0.000,0.000,0.00,0.000,1.3,3.0,0.7,204,61,1.6,3.3,0.7,202,65,1.3,3.0,0.7,204,61,33,28.04,,0,0,0,66.4,68.5,67.1,0.18,0.23,0.26
WFMB,2017-08-21 06:40:00 EDT,44.39323,-73.85883,2016,63.3,64.3,63.3,89.2,60.1,0.000,0.000,0.00,0.000,1.9,6.4,1.7,131,34,2.2,7.6,1.7,131,41,1.9,6.4,1.7,131,34,37,28.04,,0,0,0,66.4,68.5,67.1,0.18,0.23,0.26
WFMB,2017-08-21 06:45:00 EDT,44.39323,-73.85883,2016,62.9,63.4,62.9,88.7,59.5,0.000,0.000,0.00,0.000,0.6,2.3,0.7,52,36,1.2,2.7,0.6,41,52,0.6,2.3,0.7,52,36,39,28.04,,0,0,0,66.4,68.5,67.1,0.18,0.23,0.26
WFMB,2017-08-21 06:50:00 EDT,44.39323,-73.85883,2016,62.7,63.1,62.7,90.3,59.8,0.000,0.000,0.00,0.000,1.3,3.1,0.9,52,33,1.6,3.7,0.9,55,41,1.3,3.1,0.9,52,33,41,28.04,,0,0,0,66.4,68.5,67.1,0.18,0.23,0.25
WFMB,2017-08-21 06:55:00 EDT,44.39323,-73.85883,2016,62.5,63.0,62.5,90.0,59.5,0.000,0.000,0.00,0.000,1.2,2.7,0.8,104,51,1.5,2.6,0.6,104,63,1.2,2.7,0.8,104,51,45,28.04,,0,0,0,66.4,68.5,67.1,0.18,0.23,0.26
WFMB,2017-08-21 07:00:00 EDT,44.39323,-73.85883,2016,62.4,62.9,62.4,91.5,59.8,0.000,0.000,0.00,0.000,0.9,3.6,0.9,135,36,1.3,3.7,0.8,137,53,0.9,3.6,0.9,135,36,55,28.04,,0,0,0,66.4,68.5,67.1,0.18,0.23,0.25
WFMB,2017-08-21 07:05:00 EDT,44.39323,-73.85883,2016,62.4,63.0,62.4,93.8,60.6,0.000,0.000,0.00,0.000,1.1,2.1,0.4,314,66,1.4,2.3,0.4,328,61,1.1,2.1,0.4,314,66,64,28.04,,0,0,0,66.4,68.5,67.1,0.18,0.23,0.25
WFMB,2017-08-21 07:10:00 EDT,44.39323,-73.85883,2016,62.7,63.1,62.7,94.0,60.9,0.000,0.000,0.00,0.000,0.9,2.4,0.7,181,62,1.2,2.8,0.5,222,69,0.9,2.4,0.7,181,62,80,28.04,,0,0,0,66.4,68.5,67.1,0.18,0.23,0.25
WFMB,2017-08-21 07:15:00 EDT,44.39323,-73.85883,2016,63.0,63.6,63.0,93.6,61.1,0.000,0.000,0.00,0.000,1.1,2.8,0.6,251,43,1.4,3.0,0.6,250,46,1.1,2.8,0.6,251,43,90,28.04,,0,0,0,66.4,68.5,67.1,0.18,0.23,0.25
WFMB,2017-08-21 07:20:00 EDT,44.39323,-73.85883,2016,63.6,64.2,63.6,90.3,60.7,0.000,0.000,0.00,0.000,2.0,3.6,0.7,129,43,2.2,4.1,0.7,131,45,2.0,3.6,0.7,129,43,134,28.05,,0,0,0,66.4,68.5,67.1,0.18,0.23,0.26
WFMB,2017-08-21 07:25:00 EDT,44.39323,-73.85883,2016,64.6,64.8,64.6,88.1,61.0,0.000,0.000,0.00,0.000,0.9,2.5,0.7,234,67,1.4,3.1,0.6,123,76,0.9,2.5,0.7,234,67,186,28.05,,0,0,0,66.4,68.5,67.1,0.18,0.23,0.25
WFMB,2017-08-21 07:30:00 EDT,44.39323,-73.85883,2016,65.0,64.9,65.0,85.3,60.4,0.000,0.000,0.00,0.000,2.2,5.3,1.4,110,15,2.5,5.2,1.3,107,17,2.2,5.3,1.4,110,15,236,28.05,,0,0,0,66.4,68.5,67.1,0.18,0.23,0.25
WFMB,2017-08-21 07:35:00 EDT,44.39323,-73.85883,2016,65.0,65.1,65.0,83.2,59.8,0.000,0.000,0.00,0.000,1.7,3.9,1.1,109,21,2.1,4.0,1.0,102,24,1.7,3.9,1.1,109,21,260,28.05,,0,0,0,66.4,68.5,67.1,0.18,0.23,0.25
WFMB,2017-08-21 07:40:00 EDT,44.39323,-73.85883,2016,65.8,65.7,65.8,81.1,59.8,0.000,0.000,0.00,0.000,2.1,4.5,0.9,98,37,2.2,5.0,0.9,95,35,2.1,4.5,0.9,98,37,270,28.05,,0,0,0,66.4,68.5,67.1,0.18,0.23,0.25
WFMB,2017-08-21 07:45:00 EDT,44.39323,-73.85883,2016,65.6,65.6,65.6,79.5,59.1,0.000,0.000,0.00,0.000,1.5,3.8,1.0,55,36,1.9,4.8,0.9,47,35,1.5,3.8,1.0,55,36,225,28.05,,0,0,0,66.4,68.5,67.1,0.18,0.23,0.25
WFMB,2017-08-21 07:50:00 EDT,44.39323,-73.85883,2016,65.2,65.3,65.2,79.9,58.9,0.000,0.000,0.00,0.000,0.8,2.3,0.6,83,37,1.4,2.7,0.5,78,50,0.8,2.3,0.6,83,37,130,28.05,,0,0,0,66.4,68.5,67.1,0.18,0.23,0.25
WFMB,2017-08-21 07:55:00 EDT,44.39323,-73.85883,2016,64.9,65.0,64.9,82.8,59.5,0.000,0.000,0.00,0.000,0.4,1.8,0.5,2,28,0.9,3.0,0.6,8,55,0.4,1.8,0.5,2,28,113,28.05,,0,0,0,66.4,68.5,67.1,0.18,0.23,0.25
WFMB,2017-08-21 08:00:00 EDT,44.39323,-73.85883,2016,64.8,64.9,64.8,84.5,60.1,0.000,0.000,0.00,0.000,0.8,2.0,0.5,61,35,1.3,2.5,0.5,54,37,0.8,2.0,0.5,61,35,112,28.05,,0,0,0,66.4,68.5,67.1,0.18,0.23,0.25
WFMB,2017-08-21 08:05:00 EDT,44.39323,-73.85883,2016,65.0,65.0,65.0,85.1,60.5,0.000,0.000,0.00,0.000,0.2,1.4,0.4,31,36,0.9,2.0,0.4,328,70,0.2,1.4,0.4,31,36,247,28.05,,0,0,0,66.4,68.5,67.1,0.18,0.23,0.25
WFMB,2017-08-21 08:10:00 EDT,44.39323,-73.85883,2016,65.7,65.8,65.7,81.5,59.9,0.000,0.000,0.00,0.000,0.9,2.6,0.7,236,62,1.4,3.2,0.6,227,71,0.9,2.6,0.7,236,62,192,28.05,,0,0,0,66.4,68.5,67.1,0.18,0.23,0.25
WFMB,2017-08-21 08:15:00 EDT,44.39323,-73.85883,2016,65.7,66.0,65.7,81.5,59.9,0.000,0.000,0.00,0.000,1.3,2.7,0.9,211,49,1.8,3.6,0.8,228,59,1.3,2.7,0.9,211,49,216,28.05,,0,0,0,66.4,68.5,67.1,0.18,0.23,0.25
WFMB,2017-08-21 08:20:00 EDT,44.39323,-73.85883,2016,66.6,66.3,66.6,79.4,60.0,0.000,0.000,0.00,0.000,2.1,4.7,1.2,79,30,2.4,5.2,1.1,79,30,2.1,4.7,1.2,79,30,228,28.04,,0,0,0,66.4,68.5,67.1,0.18,0.23,0.25
WFMB,2017-08-21 08:25:00 EDT,44.39323,-73.85883,2016,66.2,66.2,66.2,79.3,59.6,0.000,0.000,0.00,0.000,1.2,3.3,0.8,48,23,1.5,4.0,0.7,50,35,1.2,3.3,0.8,48,23,323,28.04,,0,0,0,66.5,68.5,67.1,0.18,0.23,0.25
WFMB,2017-08-21 08:30:00 EDT,44.39323,-73.85883,2016,66.8,66.7,66.8,78.3,59.8,0.000,0.000,0.00,0.000,2.6,4.9,1.1,118,58,3.0,5.9,1.1,122,59,2.6,4.9,1.1,118,58,284,28.04,,0,0,0,66.7,68.5,67.1,0.18,0.23,0.25
WFMB,2017-08-21 08:35:00 EDT,44.39323,-73.85883,2016,67.3,67.1,67.3,78.2,60.3,0.000,0.000,0.00,0.000,1.6,5.2,1.6,94,38,2.1,5.6,1.4,85,52,1.6,5.2,1.6,94,38,366,28.04,,0,0,0,66.7,68.5,67.1,0.18,0.23,0.25
WFMB,2017-08-21 08:40:00 EDT,44.39323,-73.85883,2016,68.1,67.4,68.1,77.4,60.7,0.000,0.000,0.00,0.000,2.6,4.2,1.1,120,30,3.0,5.6,1.2,121,29,2.6,4.2,1.1,120,30,387,28.04,,0,0,0,66.7,68.5,67.1,0.18,0.23,0.25
WFMB,2017-08-21 08:45:00 EDT,44.39323,-73.85883,2016,68.3,67.6,68.3,76.1,60.5,0.000,0.000,0.00,0.000,2.0,4.2,0.7,78,31,2.4,4.6,0.8,76,30,2.0,4.2,0.7,78,31,340,28.04,,0,0,0,66.7,68.5,67.1,0.18,0.23,0.25
WFMB,2017-08-21 08:50:00 EDT,44.39323,-73.85883,2016,68.4,67.4,68.4,76.0,60.5,0.000,0.000,0.00,0.000,2.2,5.2,1.0,75,30,2.6,6.3,1.1,72,32,2.2,5.2,1.0,75,30,388,28.04,,0,0,0,67.0,68.5,67.1,0.18,0.23,0.25
WFMB,2017-08-21 08:55:00 EDT,44.39323,-73.85883,2016,68.3,67.6,68.3,75.7,60.3,0.000,0.000,0.00,0.000,1.9,3.1,0.8,66,53,2.2,3.7,0.8,71,52,1.9,3.1,0.8,66,53,418,28.04,,0,0,0,67.1,68.3,67.1,0.18,0.23,0.25
WFMB,2017-08-21 09:00:00 EDT,44.39323,-73.85883,2016,68.8,68.0,68.8,76.4,61.1,0.000,0.000,0.00,0.000,2.1,4.5,1.1,27,34,2.7,5.5,1.0,26,34,2.1,4.5,1.1,27,34,458,28.04,,0,0,0,67.1,68.3,67.1,0.18,0.23,0.25
WFMB,2017-08-21 09:05:00 EDT,44.39323,-73.85883,2016,68.5,68.1,68.5,74.9,60.2,0.000,0.000,0.00,0.000,1.3,4.0,0.8,45,49,1.9,5.1,0.9,27,56,1.3,4.0,0.8,45,49,457,28.04,,0,0,0,67.1,68.2,67.1,0.18,0.23,0.25
WFMB,2017-08-21 09:10:00 EDT,44.39323,-73.85883,2016,68.5,68.2,68.5,73.6,59.8,0.000,0.000,0.00,0.000,1.8,3.9,1.0,76,26,2.1,4.6,1.0,74,28,1.8,3.9,1.0,76,26,485,28.04,,0,0,0,67.3,68.2,67.1,0.18,0.23,0.25
WFMB,2017-08-21 09:15:00 EDT,44.39323,-73.85883,2016,69.6,69.0,69.6,73.8,60.8,0.000,0.000,0.00,0.000,2.1,4.7,1.0,91,32,2.4,5.3,0.9,90,33,2.1,4.7,1.0,91,32,476,28.03,,0,0,0,67.5,68.2,67.1,0.18,0.23,0.25
WFMB,2017-08-21 09:20:00 EDT,44.39323,-73.85883,2016,70.0,69.4,70.0,75.5,61.9,0.000,0.000,0.00,0.000,3.1,5.7,1.2,117,33,3.5,5.7,1.2,120,34,3.1,5.7,1.2,117,33,494,28.03,,0,0,0,67.5,68.2,67.1,0.18,0.23,0.25
WFMB,2017-08-21 09:25:00 EDT,44.39323,-73.85883,2016,70.8,70.1,70.8,70.1,60.6,0.000,0.000,0.00,0.000,2.2,5.2,1.4,131,46,2.9,5.7,1.3,132,47,2.2,5.2,1.4,131,46,431,28.03,,0,0,0,67.8,68.2,67.1,0.18,0.23,0.25
WFMB,2017-08-21 09:30:00 EDT,44.39323,-73.85883,2016,71.4,71.0,71.4,67.7,60.2,0.000,0.000,0.00,0.000,2.3,9.1,1.9,41,58,2.7,8.8,1.8,40,59,2.3,9.1,1.9,41,58,555,28.03,,0,0,0,67.8,68.2,67.1,0.18,0.23,0.25
WFMB,2017-08-21 09:35:00 EDT,44.39323,-73.85883,2016,71.9,71.2,71.9,68.9,61.1,0.000,0.000,0.00,0.000,2.1,6.0,1.3,84,52,2.7,7.2,1.6,82,54,2.1,6.0,1.3,84,52,553,28.03,,0,0,0,67.8,68.2,67.1,0.18,0.23,0.25
WFMB,2017-08-21 09:40:00 EDT,44.39323,-73.85883,2016,72.2,71.3,72.2,66.3,60.3,0.000,0.000,0.00,0.000,1.1,3.8,1.0,42,40,1.7,5.1,1.1,33,56,1.1,3.8,1.0,42,40,477,28.03,,0,0,0,68.2,68.2,67.1,0.18,0.23,0.25
WFMB,2017-08-21 09:45:00 EDT,44.39323,-73.85883,2016,71.5,71.0,71.5,65.4,59.3,0.000,0.000,0.00,0.000,3.3,5.8,1.2,161,43,4.0,7.4,1.3,160,42,3.3,5.8,1.2,161,43,408,28.03,,0,0,0,68.3,68.2,67.1,0.18,0.23,0.25
WFMB,2017-08-21 09:50:00 EDT,44.39323,-73.85883,2016,71.4,71.2,71.4,65.4,59.2,0.000,0.000,0.00,0.000,1.5,6.2,1.5,107,50,1.9,6.8,1.5,108,61,1.5,6.2,1.5,107,50,519,28.03,,0,0,0,68.5,68.2,67.1,0.18,0.23,0.25
WFMB,2017-08-21 09:55:00 EDT,44.39323,-73.85883,2016,72.1,71.6,72.1,61.0,57.9,0.000,0.000,0.00,0.000,2.1,9.3,2.0,209,60,2.8,10.7,2.2,217,63,2.1,9.3,2.0,209,60,457,28.04,,0,0,0,68.5,68.2,67.1,0.18,0.23,0.25
WFMB,2017-08-21 10:00:00 EDT,44.39323,-73.85883,2016,71.3,71.1,71.3,62.4,57.8,0.000,0.000,0.00,0.000,1.9,5.0,1.0,192,69,2.5,7.0,1.2,206,70,1.9,5.0,1.0,192,69,458,28.03,,0,0,0,68.7,68.2,67.1,0.18,0.23,0.25
WFMB,2017-08-21 10:05:00 EDT,44.39323,-73.85883,2016,72.4,72.2,72.4,61.9,58.6,0.000,0.000,0.00,0.000,1.3,3.7,0.8,87,67,2.0,4.7,1.0,83,71,1.3,3.7,0.8,87,67,624,28.03,,0,0,0,68.9,68.2,67.1,0.18,0.23,0.25
WFMB,2017-08-21 10:10:00 EDT,44.39323,-73.85883,2016,72.9,72.5,72.9,57.1,56.9,0.000,0.000,0.00,0.000,2.0,5.8,1.3,146,51,2.6,9.0,1.4,145,53,2.0,5.8,1.3,146,51,662,28.04,,0,0,0,69.0,68.2,67.1,0.18,0.23,0.25
WFMB,2017-08-21 10:15:00 EDT,44.39323,-73.85883,2016,74.2,72.9,74.2,60.3,59.6,0.000,0.000,0.00,0.000,3.1,8.1,1.9,112,14,3.4,8.3,1.9,109,22,3.1,8.1,1.9,112,14,662,28.03,,0,0,0,69.3,68.2,67.1,0.18,0.23,0.25
WFMB,2017-08-21 10:20:00 EDT,44.39323,-73.85883,2016,73.5,72.5,73.5,55.7,56.7,0.000,0.000,0.00,0.000,3.2,7.9,1.7,325,56,3.9,8.4,1.8,320,57,3.2,7.9,1.7,325,56,589,28.04,,0,0,0,69.3,68.2,67.1,0.18,0.23,0.25
WFMB,2017-08-21 10:25:00 EDT,44.39323,-73.85883,2016,74.0,73.4,74.0,58.1,58.3,0.000,0.000,0.00,0.000,3.3,10.2,1.8,292,55,3.6,9.8,1.9,295,57,3.3,10.2,1.8,292,55,674,28.04,,0,0,0,69.5,68.2,67.1,0.18,0.23,0.25
WFMB,2017-08-21 10:30:00 EDT,44.39323,-73.85883,2016,73.9,73.4,73.9,57.5,58.0,0.000,0.000,0.00,0.000,2.7,8.8,1.6,238,57,3.2,9.1,1.7,234,60,2.7,8.8,1.6,238,57,691,28.04,,0,0,0,69.6,68.2,67.1,0.18,0.23,0.25
WFMB,2017-08-21 10:35:00 EDT,44.39323,-73.85883,2016,74.3,73.5,74.3,56.1,57.6,0.000,0.000,0.00,0.000,3.1,10.9,2.6,260,51,3.8,12.1,2.6,258,57,3.1,10.9,2.6,260,51,687,28.04,,0,0,0,69.9,68.2,67.1,0.18,0.23,0.25
WFMB,2017-08-21 10:40:00 EDT,44.39323,-73.85883,2016,74.0,73.3,74.0,54.3,56.4,0.000,0.000,0.00,0.000,2.4,7.0,1.5,215,71,2.9,8.9,1.7,227,75,2.4,7.0,1.5,215,71,689,28.04,,0,0,0,70.0,68.2,67.1,0.18,0.23,0.25
WFMB,2017-08-21 10:45:00 EDT,44.39323,-73.85883,2016,74.7,73.6,74.7,55.2,57.5,0.000,0.000,0.00,0.000,2.2,6.1,1.2,192,53,3.0,7.0,1.4,187,55,2.2,6.1,1.2,192,53,726,28.04,,0,0,0,70.0,68.2,67.1,0.18,0.23,0.25
WFMB,2017-08-21 10:50:00 EDT,44.39323,-73.85883,2016,74.0,73.2,74.0,53.7,56.1,0.000,0.000,0.00,0.000,2.7,8.3,1.5,347,59,3.3,12.2,1.8,352,58,2.7,8.3,1.5,347,59,734,28.04,,0,0,0,70.3,68.2,67.1,0.18,0.23,0.25
WFMB,2017-08-21 10:55:00 EDT,44.39323,-73.85883,2016,74.9,73.9,74.9,54.2,57.2,0.000,0.000,0.00,0.000,3.0,9.8,1.8,153,64,3.4,12.7,1.9,139,65,3.0,9.8,1.8,153,64,755,28.04,,0,0,0,70.5,68.2,67.1,0.18,0.23,0.25
WFMB,2017-08-21 11:00:00 EDT,44.39323,-73.85883,2016,74.8,73.7,74.8,52.3,56.2,0.000,0.000,0.00,0.000,3.4,7.8,1.5,170,37,4.1,9.1,1.8,166,37,3.4,7.8,1.5,170,37,690,28.04,,0,0,0,70.7,68.2,67.1,0.18,0.23,0.25
WFMB,2017-08-21 11:05:00 EDT,44.39323,-73.85883,2016,74.7,73.8,74.7,53.8,56.8,0.000,0.000,0.00,0.000,1.8,5.0,1.3,358,70,2.6,7.3,1.6,8,73,1.8,5.0,1.3,358,70,758,28.04,,0,0,0,70.7,68.2,67.1,0.18,0.23,0.25
WFMB,2017-08-21 11:10:00 EDT,44.39323,-73.85883,2016,74.4,73.7,74.4,53.9,56.7,0.000,0.000,0.00,0.000,2.8,7.2,1.6,185,50,3.6,9.2,1.9,173,50,2.8,7.2,1.6,185,50,621,28.04,,0,0,0,71.0,68.2,67.1,0.18,0.23,0.25
WFMB,2017-08-21 11:15:00 EDT,44.39323,-73.85883,2016,74.1,73.3,74.1,53.8,56.3,0.000,0.000,0.00,0.000,2.4,4.6,1.2,172,75,2.8,5.6,1.3,205,79,2.4,4.6,1.2,172,75,540,28.04,,0,0,0,71.2,68.2,67.1,0.18,0.23,0.25
WFMB,2017-08-21 11:20:00 EDT,44.39323,-73.85883,2016,74.4,73.6,74.4,56.0,57.7,0.000,0.000,0.00,0.000,2.5,9.0,1.7,203,62,3.4,11.0,1.9,192,64,2.5,9.0,1.7,203,62,756,28.04,,0,0,0,71.4,68.2,67.1,0.18,0.23,0.25
WFMB,2017-08-21 11:25:00 EDT,44.39323,-73.85883,2016,74.8,74.0,74.8,54.6,57.4,0.000,0.000,0.00,0.000,2.3,5.7,1.1,185,40,3.0,6.6,1.3,180,42,2.3,5.7,1.1,185,40,793,28.04,,0,0,0,71.4,68.2,67.1,0.18,0.23,0.25
WFMB,2017-08-21 11:30:00 EDT,44.39323,-73.85883,2016,75.5,74.1,75.5,53.9,57.6,0.000,0.000,0.00,0.000,2.9,6.4,1.5,115,45,3.4,7.1,1.4,111,42,2.9,6.4,1.5,115,45,804,28.04,,0,0,0,71.5,68.2,67.1,0.18,0.23,0.25
WFMB,2017-08-21 11:35:00 EDT,44.39323,-73.85883,2016,74.7,73.9,74.7,52.2,56.0,0.000,0.000,0.00,0.000,2.4,8.0,1.8,346,62,3.2,8.7,1.9,356,65,2.4,8.0,1.8,346,62,798,28.03,,0,0,0,71.8,68.2,67.1,0.18,0.23,0.25
WFMB,2017-08-21 11:40:00 EDT,44.39323,-73.85883,2016,75.0,74.5,75.0,51.9,56.2,0.000,0.000,0.00,0.000,0.9,3.7,1.0,308,55,1.6,6.3,1.1,283,70,0.9,3.7,1.0,308,55,811,28.03,,0,0,0,71.8,68.2,67.1,0.18,0.23,0.25
WFMB,2017-08-21 11:45:00 EDT,44.39323,-73.85883,2016,76.0,75.1,76.0,51.5,56.8,0.000,0.000,0.00,0.000,2.3,7.6,2.0,326,44,3.1,9.6,2.1,323,53,2.3,7.6,2.0,326,44,817,28.03,,0,0,0,72.3,68.2,67.1,0.18,0.23,0.25
WFMB,2017-08-21 11:50:00 EDT,44.39323,-73.85883,2016,75.6,74.6,75.6,49.3,55.3,0.000,0.000,0.00,0.000,3.3,8.5,2.1,300,59,4.4,10.1,2.5,299,63,3.3,8.5,2.1,300,59,807,28.03,,0,0,0,72.3,68.2,67.1,0.18,0.23,0.25
WFMB,2017-08-21 11:55:00 EDT,44.39323,-73.85883,2016,74.8,74.1,74.8,49.5,54.7,0.000,0.000,0.00,0.000,2.6,10.1,2.2,345,64,3.3,10.1,2.3,344,64,2.6,10.1,2.2,345,64,771,28.03,,0,0,0,72.5,68.2,67.1,0.18,0.23,0.25
WFMB,2017-08-21 12:00:00 EDT,44.39323,-73.85883,2016,75.3,74.7,75.3,51.6,56.3,0.000,0.000,0.00,0.000,1.9,5.9,1.4,161,45,2.3,6.6,1.3,159,47,1.9,5.9,1.4,161,45,824,28.03,,0,0,0,72.7,68.2,67.1,0.18,0.23,0.25
WFMB,2017-08-21 12:05:00 EDT,44.39323,-73.85883,2016,75.7,75.1,75.7,50.9,56.2,0.000,0.000,0.00,0.000,2.8,8.8,1.9,199,57,3.4,11.3,2.1,198,64,2.8,8.8,1.9,199,57,826,28.03,,0,0,0,72.8,68.2,67.1,0.18,0.23,0.25
WFMB,2017-08-21 12:10:00 EDT,44.39323,-73.85883,2016,75.7,74.9,75.7,48.4,54.9,0.000,0.000,0.00,0.000,2.2,6.1,1.4,292,65,2.8,7.6,1.5,288,68,2.2,6.1,1.4,292,65,824,28.03,,0,0,0,73.0,68.2,67.1,0.18,0.23,0.25
WFMB,2017-08-21 12:15:00 EDT,44.39323,-73.85883,2016,76.1,74.8,76.1,50.1,56.1,0.000,0.000,0.00,0.000,2.0,5.4,1.2,44,49,2.6,5.8,1.3,38,52,2.0,5.4,1.2,44,49,823,28.02,,0,0,0,73.0,68.2,67.1,0.18,0.23,0.25
WFMB,2017-08-21 12:20:00 EDT,44.39323,-73.85883,2016,76.5,75.4,76.5,50.2,56.6,0.000,0.000,0.00,0.000,1.5,4.3,1.1,324,53,2.1,5.9,1.2,335,56,1.5,4.3,1.1,324,53,821,28.03,,0,0,0,73.2,68.2,67.1,0.18,0.23,0.25
WFMB,2017-08-21 12:25:00 EDT,44.39323,-73.85883,2016,75.8,75.1,75.8,49.5,55.6,0.000,0.000,0.00,0.000,2.6,7.3,1.7,178,61,3.3,8.0,1.7,168,66,2.6,7.3,1.7,178,61,821,28.02,,0,0,0,73.4,68.2,67.1,0.18,0.23,0.25
WFMB,2017-08-21 12:30:00 EDT,44.39323,-73.85883,2016,76.2,75.3,76.2,50.4,56.4,0.000,0.000,0.00,0.000,1.8,7.3,1.5,235,61,2.8,7.8,1.6,222,67,1.8,7.3,1.5,235,61,822,28.02,,0,0,0,73.5,68.2,67.1,0.18,0.23,0.25
WFMB,2017-08-21 12:35:00 EDT,44.39323,-73.85883,2016,76.2,75.3,76.2,50.6,56.5,0.000,0.000,0.00,0.000,2.1,8.5,2.0,157,62,2.7,11.2,2.2,160,69,2.1,8.5,2.0,157,62,829,28.02,,0,0,0,73.9,68.2,67.1,0.18,0.23,0.25
WFMB,2017-08-21 12:40:00 EDT,44.39323,-73.85883,2016,76.8,75.9,76.8,51.9,57.8,0.000,0.000,0.00,0.000,2.4,8.5,1.8,260,59,3.2,8.2,1.6,246,63,2.4,8.5,1.8,260,59,835,28.02,,0,0,0,73.9,68.2,67.1,0.18,0.23,0.25
WFMB,2017-08-21 12:45:00 EDT,44.39323,-73.85883,2016,76.7,75.7,76.7,53.0,58.4,0.000,0.000,0.00,0.000,2.7,7.0,1.6,173,66,3.5,7.3,1.6,173,72,2.7,7.0,1.6,173,66,864,28.02,,0,0,0,74.1,68.2,67.0,0.18,0.23,0.25
WFMB,2017-08-21 12:50:00 EDT,44.39323,-73.85883,2016,76.7,75.6,76.7,53.1,58.3,0.000,0.000,0.00,0.000,2.4,5.7,1.3,125,57,2.9,6.6,1.4,121,59,2.4,5.7,1.3,125,57,808,28.02,,0,0,0,74.3,68.2,67.0,0.18,0.23,0.25
WFMB,2017-08-21 12:55:00 EDT,44.39323,-73.85883,2016,76.2,75.8,76.2,52.1,57.4,0.000,0.000,0.00,0.000,1.9,4.2,1.2,205,57,2.6,5.4,1.2,188,62,1.9,4.2,1.2,205,57,809,28.02,,0,0,0,74.4,68.2,67.1,0.18,0.23,0.25
WFMB,2017-08-21 13:00:00 EDT,44.39323,-73.85883,2016,76.1,75.5,76.1,51.0,56.6,0.000,0.000,0.00,0.000,2.5,10.7,2.1,197,54,3.2,11.6,2.3,190,58,2.5,10.7,2.1,197,54,770,28.02,,0,0,0,74.6,68.2,67.1,0.18,0.23,0.25
WFMB,2017-08-21 13:05:00 EDT,44.39323,-73.85883,2016,76.6,75.7,76.6,53.5,58.5,0.000,0.000,0.00,0.000,2.1,7.2,1.4,142,71,2.7,7.3,1.3,111,72,2.1,7.2,1.4,142,71,571,28.02,,0,0,0,74.7,68.2,67.0,0.18,0.23,0.25
WFMB,2017-08-21 13:10:00 EDT,44.39323,-73.85883,2016,76.8,75.9,76.8,53.7,58.7,0.000,0.000,0.00,0.000,2.4,6.7,1.6,81,63,3.4,10.9,1.7,83,67,2.4,6.7,1.6,81,63,821,28.02,,0,0,0,74.7,68.2,67.0,0.17,0.23,0.25
WFMB,2017-08-21 13:15:00 EDT,44.39323,-73.85883,2016,76.5,75.9,76.5,51.0,57.0,0.000,0.000,0.00,0.000,2.0,7.0,1.6,152,53,2.8,7.6,1.6,135,60,2.0,7.0,1.6,152,53,842,28.02,,0,0,0,74.7,68.2,67.0,0.18,0.23,0.25
WFMB,2017-08-21 13:20:00 EDT,44.39323,-73.85883,2016,77.6,76.3,77.6,53.7,59.5,0.000,0.000,0.00,0.000,2.1,7.0,1.6,184,39,2.6,7.8,1.6,183,45,2.1,7.0,1.6,184,39,857,28.02,,0,0,0,75.0,68.2,67.0,0.18,0.23,0.25
WFMB,2017-08-21 13:25:00 EDT,44.39323,-73.85883,2016,76.9,76.2,76.9,50.0,56.9,0.000,0.000,0.00,0.000,1.6,9.9,1.7,167,41,2.4,10.9,2.0,170,52,1.6,9.9,1.7,167,41,873,28.02,,0,0,0,75.0,68.2,67.0,0.18,0.23,0.25
WFMB,2017-08-21 13:30:00 EDT,44.39323,-73.85883,2016,77.4,76.4,77.4,51.4,58.1,0.000,0.000,0.00,0.000,2.3,6.4,1.4,166,69,3.0,9.1,1.5,150,70,2.3,6.4,1.4,166,69,847,28.02,,0,0,0,75.0,68.2,67.0,0.18,0.23,0.25
WFMB,2017-08-21 13:35:00 EDT,44.39323,-73.85883,2016,77.4,76.3,77.4,51.1,57.9,0.000,0.000,0.00,0.000,2.0,7.7,1.6,182,52,3.0,9.8,1.7,182,60,2.0,7.7,1.6,182,52,811,28.01,,0,0,0,75.3,68.2,67.0,0.18,0.23,0.25
WFMB,2017-08-21 13:40:00 EDT,44.39323,-73.85883,2016,77.5,76.8,77.5,53.6,59.3,0.000,0.000,0.00,0.000,2.6,15.8,2.7,236,53,3.4,19.8,2.9,239,56,2.6,15.8,2.7,236,53,787,28.01,,0,0,0,75.6,68.2,67.0,0.18,0.23,0.25
WFMB,2017-08-21 13:45:00 EDT,44.39323,-73.85883,2016,77.1,76.4,77.1,51.8,58.1,0.000,0.000,0.00,0.000,1.7,4.0,1.0,247,55,2.3,4.5,1.1,235,52,1.7,4.0,1.0,247,55,748,28.01,,0,0,0,75.6,68.2,67.1,0.18,0.23,0.25
WFMB,2017-08-21 13:50:00 EDT,44.39323,-73.85883,2016,77.3,76.5,77.3,53.2,58.9,0.000,0.000,0.00,0.000,2.3,8.5,1.6,211,47,3.0,8.9,1.7,210,52,2.3,8.5,1.6,211,47,675,28.01,,0,0,0,75.6,68.2,67.0,0.18,0.23,0.25
WFMB,2017-08-21 13:55:00 EDT,44.39323,-73.85883,2016,76.6,75.9,76.6,50.9,57.0,0.000,0.000,0.00,0.000,2.2,6.6,1.3,326,54,2.7,8.8,1.5,332,58,2.2,6.6,1.3,326,54,618,28.01,,0,0,0,75.7,68.2,67.0,0.18,0.23,0.25
WFMB,2017-08-21 14:00:00 EDT,44.39323,-73.85883,2016,76.6,75.8,76.6,52.4,57.9,0.000,0.000,0.00,0.000,1.8,6.1,1.3,34,45,2.2,7.4,1.4,30,50,1.8,6.1,1.3,34,45,497,28.01,,0,0,0,75.9,68.2,67.0,0.18,0.23,0.25
WFMB,2017-08-21 14:05:00 EDT,44.39323,-73.85883,2016,76.1,76.1,76.1,56.7,59.6,0.000,0.000,0.00,0.000,0.8,3.3,0.7,276,55,1.4,3.1,0.6,281,69,0.8,3.3,0.7,276,55,500,28.01,,0,0,0,75.9,68.2,67.0,0.18,0.23,0.25
WFMB,2017-08-21 14:10:00 EDT,44.39323,-73.85883,2016,76.1,75.5,76.1,54.5,58.5,0.000,0.000,0.00,0.000,2.7,7.7,1.4,353,40,3.5,12.8,2.0,355,36,2.7,7.7,1.4,353,40,433,28.01,,0,0,0,75.9,68.2,67.0,0.18,0.23,0.25
WFMB,2017-08-21 14:15:00 EDT,44.39323,-73.85883,2016,75.5,74.9,75.5,57.4,59.4,0.000,0.000,0.00,0.000,2.7,12.4,1.9,274,42,3.1,11.8,1.9,280,44,2.7,12.4,1.9,274,42,357,28.01,,0,0,0,76.0,68.2,66.8,0.18,0.23,0.25
WFMB,2017-08-21 14:20:00 EDT,44.39323,-73.85883,2016,74.8,74.4,74.8,58.6,59.3,0.000,0.000,0.00,0.000,0.9,3.3,0.9,336,52,1.5,3.6,0.8,343,73,0.9,3.3,0.9,336,52,358,28.01,,0,0,0,76.3,68.2,66.8,0.18,0.23,0.25
WFMB,2017-08-21 14:25:00 EDT,44.39323,-73.85883,2016,74.7,74.6,74.7,59.9,59.8,0.000,0.000,0.00,0.000,0.7,1.8,0.6,196,67,1.3,4.0,0.6,86,79,0.7,1.8,0.6,196,67,324,28.00,,0,0,0,76.4,68.3,66.8,0.18,0.23,0.25
WFMB,2017-08-21 14:30:00 EDT,44.39323,-73.85883,2016,74.4,74.4,74.4,59.5,59.4,0.000,0.000,0.00,0.000,1.2,2.1,0.6,251,43,1.7,3.2,0.6,248,51,1.2,2.1,0.6,251,43,269,28.00,,0,0,0,76.5,68.3,66.8,0.18,0.23,0.25
WFMB,2017-08-21 14:35:00 EDT,44.39323,-73.85883,2016,73.9,73.8,73.9,61.2,59.7,0.000,0.000,0.00,0.000,1.9,4.8,1.3,279,50,2.4,6.3,1.4,284,54,1.9,4.8,1.3,279,50,270,28.00,,0,0,0,76.5,68.4,66.8,0.18,0.23,0.25
WFMB,2017-08-21 14:40:00 EDT,44.39323,-73.85883,2016,74.4,74.4,74.4,56.5,57.9,0.000,0.000,0.00,0.000,0.9,4.3,1.2,149,24,1.3,5.3,1.0,156,43,0.9,4.3,1.2,149,24,251,28.00,,0,0,0,76.5,68.4,66.8,0.18,0.23,0.25
WFMB,2017-08-21 14:45:00 EDT,44.39323,-73.85883,2016,73.3,73.6,73.3,64.5,60.6,0.000,0.000,0.00,0.000,1.2,3.4,1.2,45,27,1.6,3.4,0.9,40,46,1.2,3.4,1.2,45,27,252,28.00,,0,0,0,76.5,68.4,66.8,0.18,0.23,0.25
WFMB,2017-08-21 14:50:00 EDT,44.39323,-73.85883,2016,73.1,73.2,73.1,65.3,60.7,0.000,0.000,0.00,0.000,0.8,3.0,0.8,337,34,1.3,4.5,0.9,335,51,0.8,3.0,0.8,337,34,260,28.00,,0,0,0,76.5,68.5,66.8,0.18,0.23,0.25
WFMB,2017-08-21 14:55:00 EDT,44.39323,-73.85883,2016,74.0,73.9,74.0,59.4,58.9,0.000,0.000,0.00,0.000,0.4,1.3,0.4,34,26,0.9,2.4,0.5,28,49,0.4,1.3,0.4,34,26,278,28.00,,0,0,0,76.5,68.5,66.8,0.18,0.23,0.25
WFMB,2017-08-21 15:00:00 EDT,44.39323,-73.85883,2016,73.4,73.7,73.4,60.8,59.0,0.000,0.000,0.00,0.000,0.6,2.1,0.7,48,24,1.1,2.3,0.5,37,64,0.6,2.1,0.7,48,24,302,28.00,,0,0,0,76.5,68.5,66.8,0.18,0.23,0.25
WFMB,2017-08-21 15:05:00 EDT,44.39323,-73.85883,2016,72.8,73.2,72.8,65.6,60.6,0.000,0.000,0.00,0.000,1.1,3.4,0.8,117,24,1.6,4.1,0.7,123,29,1.1,3.4,0.8,117,24,331,27.99,,0,0,0,76.5,68.5,66.8,0.18,0.23,0.25
WFMB,2017-08-21 15:10:00 EDT,44.39323,-73.85883,2016,73.1,73.4,73.1,68.7,62.2,0.000,0.000,0.00,0.000,1.5,2.6,0.5,59,20,1.9,3.6,0.5,54,19,1.5,2.6,0.5,59,20,364,27.99,,0,0,0,76.1,68.5,66.7,0.18,0.23,0.25
WFMB,2017-08-21 15:15:00 EDT,44.39323,-73.85883,2016,74.0,74.0,74.0,61.7,60.1,0.000,0.000,0.00,0.000,1.6,4.4,1.3,27,27,2.1,5.0,1.1,28,46,1.6,4.4,1.3,27,27,401,27.99,,0,0,0,76.0,68.5,66.7,0.18,0.23,0.25
WFMB,2017-08-21 15:20:00 EDT,44.39323,-73.85883,2016,75.2,74.4,75.2,58.1,59.5,0.000,0.000,0.00,0.000,1.7,4.7,1.0,62,25,2.1,5.7,1.0,64,25,1.7,4.7,1.0,62,25,434,27.99,,0,0,0,75.9,68.5,66.8,0.18,0.23,0.25
WFMB,2017-08-21 15:25:00 EDT,44.39323,-73.85883,2016,75.6,74.7,75.6,56.3,59.0,0.000,0.000,0.00,0.000,2.1,6.4,1.3,76,34,2.4,7.0,1.4,72,32,2.1,6.4,1.3,76,34,468,27.99,,0,0,0,75.9,68.5,66.8,0.18,0.23,0.25
WFMB,2017-08-21 15:30:00 EDT,44.39323,-73.85883,2016,75.1,74.6,75.1,59.2,59.9,0.000,0.000,0.00,0.000,1.2,2.8,0.7,65,38,1.8,4.1,0.7,70,39,1.2,2.8,0.7,65,38,501,27.99,,0,0,0,75.9,68.5,66.8,0.18,0.23,0.25
WFMB,2017-08-21 15:35:00 EDT,44.39323,-73.85883,2016,75.4,75.1,75.4,55.8,58.5,0.000,0.000,0.00,0.000,2.1,6.3,1.4,106,54,2.7,6.3,1.3,102,55,2.1,6.3,1.4,106,54,526,27.99,,0,0,0,75.9,68.5,66.8,0.18,0.23,0.25
WFMB,2017-08-21 15:40:00 EDT,44.39323,-73.85883,2016,74.9,75.1,74.9,57.7,59.1,0.000,0.000,0.00,0.000,2.0,4.2,0.9,26,52,2.3,5.0,0.9,19,59,2.0,4.2,0.9,26,52,545,27.99,,0,0,0,75.9,68.5,66.8,0.18,0.23,0.25
WFMB,2017-08-21 15:45:00 EDT,44.39323,-73.85883,2016,76.1,75.5,76.1,53.9,58.2,0.000,0.000,0.00,0.000,2.5,5.0,0.9,131,64,2.8,5.6,0.9,123,64,2.5,5.0,0.9,131,64,558,27.99,,0,0,0,75.9,68.5,66.8,0.18,0.23,0.25
WFMB,2017-08-21 15:50:00 EDT,44.39323,-73.85883,2016,75.5,75.4,75.5,56.4,58.9,0.000,0.000,0.00,0.000,2.1,7.2,1.3,354,62,2.5,8.0,1.5,342,60,2.1,7.2,1.3,354,62,565,27.99,,0,0,0,75.9,68.5,66.8,0.17,0.23,0.25
WFMB,2017-08-21 15:55:00 EDT,44.39323,-73.85883,2016,75.5,75.4,75.5,53.9,57.6,0.000,0.000,0.00,0.000,2.4,6.3,1.4,237,57,3.0,9.1,1.7,248,62,2.4,6.3,1.4,237,57,558,27.99,,0,0,0,75.9,68.5,66.8,0.18,0.23,0.25
WFMB,2017-08-21 16:00:00 EDT,44.39323,-73.85883,2016,75.3,75.0,75.3,57.2,59.0,0.000,0.000,0.00,0.000,2.4,9.4,1.6,315,46,2.8,9.2,1.8,321,43,2.4,9.4,1.6,315,46,550,27.98,,0,0,0,75.9,68.5,66.8,0.18,0.23,0.25
WFMB,2017-08-21 16:05:00 EDT,44.39323,-73.85883,2016,75.5,75.3,75.5,54.0,57.7,0.000,0.000,0.00,0.000,4.0,9.4,2.1,353,53,4.6,11.5,2.4,354,56,4.0,9.4,2.1,353,53,546,27.98,,0,0,0,75.9,68.5,66.7,0.18,0.23,0.25
WFMB,2017-08-21 16:10:00 EDT,44.39323,-73.85883,2016,75.8,75.5,75.8,52.8,57.3,0.000,0.000,0.00,0.000,1.8,4.5,1.2,338,47,2.4,5.6,1.2,341,50,1.8,4.5,1.2,338,47,381,27.99,,0,0,0,75.9,68.5,66.8,0.18,0.23,0.25
WFMB,2017-08-21 16:15:00 EDT,44.39323,-73.85883,2016,75.0,75.2,75.0,57.0,58.7,0.000,0.000,0.00,0.000,2.0,6.6,1.3,346,77,2.4,7.4,1.3,1,78,2.0,6.6,1.3,346,77,393,27.99,,0,0,0,75.9,68.5,66.8,0.18,0.23,0.25
WFMB,2017-08-21 16:20:00 EDT,44.39323,-73.85883,2016,76.0,75.7,76.0,54.9,58.6,0.000,0.000,0.00,0.000,1.2,3.6,0.9,126,66,1.7,4.0,0.9,114,78,1.2,3.6,0.9,126,66,396,27.98,,0,0,0,75.8,68.5,66.7,0.17,0.23,0.25
WFMB,2017-08-21 16:25:00 EDT,44.39323,-73.85883,2016,76.1,75.9,76.1,54.3,58.5,0.000,0.000,0.00,0.000,1.3,3.7,1.0,147,53,1.9,4.3,0.9,140,64,1.3,3.7,1.0,147,53,453,27.98,,0,0,0,75.7,68.5,66.7,0.18,0.23,0.25
WFMB,2017-08-21 16:30:00 EDT,44.39323,-73.85883,2016,75.1,75.6,75.1,57.8,59.2,0.000,0.000,0.00,0.000,1.7,4.1,0.9,243,28,2.1,4.9,1.0,242,36,1.7,4.1,0.9,243,28,465,27.98,,0,0,0,75.7,68.6,66.7,0.17,0.23,0.25
WFMB,2017-08-21 16:35:00 EDT,44.39323,-73.85883,2016,74.9,75.6,74.9,57.5,58.8,0.000,0.000,0.00,0.000,2.6,5.9,1.2,217,52,3.2,7.4,1.5,217,53,2.6,5.9,1.2,217,52,196,27.98,,0,0,0,75.6,68.7,66.7,0.18,0.23,0.25
WFMB,2017-08-21 16:40:00 EDT,44.39323,-73.85883,2016,74.7,75.5,74.7,58.8,59.3,0.000,0.000,0.00,0.000,2.3,4.8,1.2,132,49,2.7,5.9,1.2,128,52,2.3,4.8,1.2,132,49,228,27.98,,0,0,0,75.6,68.9,66.7,0.17,0.23,0.25
WFMB,2017-08-21 16:45:00 EDT,44.39323,-73.85883,2016,73.8,75.1,73.8,62.2,60.1,0.000,0.000,0.00,0.000,1.1,6.0,1.1,245,57,1.6,5.6,1.1,243,74,1.1,6.0,1.1,245,57,200,27.98,,0,0,0,75.6,68.9,66.7,0.17,0.23,0.25
WFMB,2017-08-21 16:50:00 EDT,44.39323,-73.85883,2016,74.6,75.2,74.6,59.4,59.5,0.000,0.000,0.00,0.000,2.3,7.2,1.6,288,56,2.9,9.7,1.8,284,61,2.3,7.2,1.6,288,56,112,27.98,,0,0,0,75.6,68.9,66.7,0.17,0.23,0.25
WFMB,2017-08-21 16:55:00 EDT,44.39323,-73.85883,2016,74.6,75.2,74.6,57.2,58.5,0.000,0.000,0.00,0.000,2.8,8.8,1.8,208,59,3.6,9.7,2.0,206,62,2.8,8.8,1.8,208,59,95,27.98,,0,0,0,75.6,68.9,66.7,0.17,0.23,0.25
WFMB,2017-08-21 17:00:00 EDT,44.39323,-73.85883,2016,74.1,75.2,74.1,59.5,59.1,0.000,0.000,0.00,0.000,2.6,5.5,1.2,232,51,3.2,7.0,1.5,229,53,2.6,5.5,1.2,232,51,94,27.98,,0,0,0,75.6,68.9,66.7,0.17,0.23,0.25
WFMB,2017-08-21 17:05:00 EDT,44.39323,-73.85883,2016,74.3,75.1,74.3,58.1,58.6,0.000,0.000,0.00,0.000,1.7,9.1,1.7,296,60,2.3,10.1,2.0,292,61,1.7,9.1,1.7,296,60,88,27.97,,0,0,0,75.6,68.9,66.7,0.17,0.23,0.25
WFMB,2017-08-21 17:10:00 EDT,44.39323,-73.85883,2016,74.0,74.8,74.0,58.9,58.7,0.000,0.000,0.00,0.000,1.9,5.1,1.2,244,73,2.4,5.5,1.3,269,76,1.9,5.1,1.2,244,73,89,27.98,,0,0,0,75.6,68.9,66.7,0.17,0.23,0.25
WFMB,2017-08-21 17:15:00 EDT,44.39323,-73.85883,2016,73.1,74.6,73.1,63.9,60.1,0.000,0.000,0.00,0.000,2.5,6.4,1.1,200,56,3.0,8.6,1.6,206,55,2.5,6.4,1.1,200,56,93,27.98,,0,0,0,75.6,68.9,66.7,0.18,0.23,0.25
WFMB,2017-08-21 17:20:00 EDT,44.39323,-73.85883,2016,74.2,74.9,74.2,58.9,58.9,0.000,0.000,0.00,0.000,1.7,4.2,1.0,15,60,2.3,5.3,1.1,8,68,1.7,4.2,1.0,15,60,86,27.98,,0,0,0,75.6,68.9,66.7,0.17,0.23,0.25
WFMB,2017-08-21 17:25:00 EDT,44.39323,-73.85883,2016,74.1,75.0,74.1,57.8,58.3,0.000,0.000,0.00,0.000,2.9,7.9,1.7,177,40,3.6,10.0,2.1,176,44,2.9,7.9,1.7,177,40,72,27.98,,0,0,0,75.6,68.9,66.7,0.17,0.23,0.25
WFMB,2017-08-21 17:30:00 EDT,44.39323,-73.85883,2016,74.5,75.0,74.5,56.5,58.0,0.000,0.000,0.00,0.000,2.2,4.5,1.0,17,66,2.9,5.4,1.0,22,64,2.2,4.5,1.0,17,66,68,27.98,,0,0,0,75.6,68.9,66.7,0.17,0.23,0.25
WFMB,2017-08-21 17:35:00 EDT,44.39323,-73.85883,2016,73.9,74.7,73.9,58.9,58.6,0.000,0.000,0.00,0.000,1.8,6.4,1.6,142,51,2.3,6.9,1.5,140,56,1.8,6.4,1.6,142,51,64,27.97,,0,0,0,75.5,68.9,66.7,0.17,0.23,0.25
WFMB,2017-08-21 17:40:00 EDT,44.39323,-73.85883,2016,72.6,74.1,72.6,63.4,59.5,0.000,0.000,0.00,0.000,0.9,3.3,1.0,328,55,1.3,2.9,0.7,2,69,0.9,3.3,1.0,328,55,63,27.97,,0,0,0,75.2,68.9,66.7,0.18,0.23,0.25
WFMB,2017-08-21 17:45:00 EDT,44.39323,-73.85883,2016,73.4,74.7,73.4,60.4,58.9,0.000,0.000,0.00,0.000,3.1,7.6,1.6,348,56,3.6,8.8,1.8,343,53,3.1,7.6,1.6,348,56,58,27.97,,0,0,0,75.0,68.9,66.7,0.17,0.23,0.25
WFMB,2017-08-21 17:50:00 EDT,44.39323,-73.85883,2016,72.4,73.6,72.4,62.9,59.1,0.000,0.000,0.00,0.000,1.7,4.7,1.0,38,78,2.2,6.8,1.1,46,77,1.7,4.7,1.0,38,78,56,27.97,,0,0,0,75.0,68.9,66.7,0.17,0.23,0.25
WFMB,2017-08-21 17:55:00 EDT,44.39323,-73.85883,2016,72.5,73.5,72.5,63.7,59.5,0.000,0.000,0.00,0.000,1.3,3.8,0.9,69,68,2.0,4.7,0.9,58,73,1.3,3.8,0.9,69,68,54,27.97,,0,0,0,75.0,69.0,66.7,0.17,0.23,0.25
WFMB,2017-08-21 18:00:00 EDT,44.39323,-73.85883,2016,73.0,74.1,73.0,62.6,59.5,0.000,0.000,0.00,0.000,2.7,9.9,2.6,34,52,3.5,12.3,2.9,27,61,2.7,9.9,2.6,34,52,53,27.97,,0,0,0,75.0,69.2,66.7,0.17,0.23,0.25
WFMB,2017-08-21 18:05:00 EDT,44.39323,-73.85883,2016,73.4,74.4,73.4,59.7,58.5,0.000,0.000,0.00,0.000,2.8,12.1,2.3,232,60,3.3,15.0,2.6,224,61,2.8,12.1,2.3,232,60,51,27.97,,0,0,0,74.9,69.3,66.7,0.17,0.23,0.25
WFMB,2017-08-21 18:10:00 EDT,44.39323,-73.85883,2016,73.3,74.0,73.3,60.4,58.7,0.000,0.000,0.00,0.000,2.3,6.7,1.5,216,49,2.9,7.7,1.5,205,50,2.3,6.7,1.5,216,49,50,27.97,,0,0,0,74.7,69.3,66.7,0.17,0.23,0.25
WFMB,2017-08-21 18:15:00 EDT,44.39323,-73.85883,2016,72.2,73.2,72.2,64.2,59.4,0.000,0.000,0.00,0.000,1.4,6.0,1.5,330,27,1.9,5.7,1.4,332,41,1.4,6.0,1.5,330,27,48,27.97,,0,0,0,74.7,69.3,66.7,0.17,0.23,0.25
WFMB,2017-08-21 18:20:00 EDT,44.39323,-73.85883,2016,71.9,73.5,71.9,64.8,59.4,0.000,0.000,0.00,0.000,1.5,4.6,1.1,291,51,2.2,6.7,1.5,288,52,1.5,4.6,1.1,291,51,45,27.97,,0,0,0,74.7,69.3,66.7,0.17,0.23,0.25
WFMB,2017-08-21 18:25:00 EDT,44.39323,-73.85883,2016,71.6,73.1,71.6,65.5,59.5,0.000,0.000,0.00,0.000,2.2,7.3,1.6,246,52,2.5,6.9,1.6,251,60,2.2,7.3,1.6,246,52,43,27.97,,0,0,0,74.7,69.3,66.7,0.17,0.23,0.25
WFMB,2017-08-21 18:30:00 EDT,44.39323,-73.85883,2016,71.6,73.5,71.6,65.4,59.4,0.000,0.000,0.00,0.000,2.6,5.4,1.2,105,35,3.0,5.8,1.2,99,32,2.6,5.4,1.2,105,35,40,27.97,,0,0,0,74.7,69.3,66.7,0.17,0.23,0.25
WFMB,2017-08-21 18:35:00 EDT,44.39323,-73.85883,2016,71.6,72.9,71.6,66.7,60.0,0.000,0.000,0.00,0.000,1.4,4.2,0.9,299,43,1.9,5.1,1.1,303,45,1.4,4.2,0.9,299,43,38,27.97,,0,0,0,74.7,69.3,66.7,0.17,0.23,0.25
WFMB,2017-08-21 18:40:00 EDT,44.39323,-73.85883,2016,71.3,73.0,71.3,68.2,60.3,0.000,0.000,0.00,0.000,0.8,3.9,0.8,286,44,1.4,4.7,0.7,297,59,0.8,3.9,0.8,286,44,36,27.97,,0,0,0,74.6,69.3,66.7,0.17,0.23,0.25
WFMB,2017-08-21 18:45:00 EDT,44.39323,-73.85883,2016,70.6,72.7,70.6,68.6,59.8,0.000,0.000,0.00,0.000,1.3,4.1,1.0,315,45,1.9,4.9,0.8,323,60,1.3,4.1,1.0,315,45,34,27.97,,0,0,0,74.4,69.3,66.7,0.17,0.23,0.25
WFMB,2017-08-21 18:50:00 EDT,44.39323,-73.85883,2016,69.8,71.9,69.8,71.7,60.3,0.000,0.000,0.00,0.000,1.4,3.8,0.9,237,64,1.9,4.9,1.0,256,70,1.4,3.8,0.9,237,64,31,27.97,,0,0,0,74.3,69.3,66.7,0.17,0.23,0.25
WFMB,2017-08-21 18:55:00 EDT,44.39323,-73.85883,2016,69.6,71.8,69.6,72.0,60.2,0.000,0.000,0.00,0.000,1.3,4.7,1.1,252,56,1.9,5.8,1.2,259,60,1.3,4.7,1.1,252,56,29,27.97,,0,0,0,74.3,69.3,66.7,0.17,0.23,0.25
WFMB,2017-08-21 19:00:00 EDT,44.39323,-73.85883,2016,70.9,72.5,70.9,67.9,59.7,0.000,0.000,0.00,0.000,2.3,6.3,1.4,244,41,2.7,8.2,1.4,248,43,2.3,6.3,1.4,244,41,26,27.96,,0,0,0,74.2,69.3,66.7,0.17,0.23,0.25
WFMB,2017-08-21 19:05:00 EDT,44.39323,-73.85883,2016,70.3,72.0,70.3,68.8,59.5,0.000,0.000,0.00,0.000,1.3,3.2,0.7,279,67,1.6,3.7,0.7,275,72,1.3,3.2,0.7,279,67,24,27.97,,0,0,0,74.0,69.3,66.7,0.17,0.23,0.25
WFMB,2017-08-21 19:10:00 EDT,44.39323,-73.85883,2016,70.9,72.2,70.9,67.1,59.4,0.000,0.000,0.00,0.000,1.6,6.6,1.5,245,47,2.3,9.2,1.7,250,61,1.6,6.6,1.5,245,47,22,27.96,,0,0,0,73.9,69.3,66.7,0.17,0.23,0.25
WFMB,2017-08-21 19:15:00 EDT,44.39323,-73.85883,2016,71.6,72.8,71.6,64.9,59.2,0.000,0.000,0.00,0.000,2.1,6.4,1.5,253,49,2.7,7.4,1.5,258,53,2.1,6.4,1.5,253,49,19,27.96,,0,0,0,73.9,69.3,66.7,0.17,0.23,0.25
WFMB,2017-08-21 19:20:00 EDT,44.39323,-73.85883,2016,70.9,72.3,70.9,66.0,59.0,0.000,0.000,0.00,0.000,1.1,4.9,1.1,252,56,1.9,6.8,1.2,288,69,1.1,4.9,1.1,252,56,17,27.96,,0,0,0,73.9,69.3,66.7,0.17,0.23,0.25
WFMB,2017-08-21 19:25:00 EDT,44.39323,-73.85883,2016,70.9,72.4,70.9,65.9,58.9,0.000,0.000,0.00,0.000,2.3,6.8,1.4,291,61,2.9,10.4,1.7,297,65,2.3,6.8,1.4,291,61,15,27.96,,0,0,0,73.9,69.3,66.7,0.18,0.23,0.25
WFMB,2017-08-21 19:30:00 EDT,44.39323,-73.85883,2016,71.4,72.2,71.4,64.7,58.9,0.000,0.000,0.00,0.000,2.1,7.6,1.4,207,64,2.9,7.5,1.6,203,71,2.1,7.6,1.4,207,64,12,27.96,,0,0,0,73.9,69.3,66.7,0.18,0.23,0.25
WFMB,2017-08-21 19:35:00 EDT,44.39323,-73.85883,2016,71.0,72.0,71.0,65.3,58.8,0.000,0.000,0.00,0.000,2.3,8.4,1.6,256,63,2.7,8.4,1.5,277,62,2.3,8.4,1.6,256,63,10,27.96,,0,0,0,73.5,69.3,66.7,0.17,0.23,0.25
WFMB,2017-08-21 19:40:00 EDT,44.39323,-73.85883,2016,71.2,72.2,71.2,65.0,58.8,0.000,0.000,0.00,0.000,2.4,6.8,1.3,243,52,2.6,8.1,1.5,246,54,2.4,6.8,1.3,243,52,8,27.96,,0,0,0,73.4,69.3,66.7,0.17,0.23,0.25
WFMB,2017-08-21 19:45:00 EDT,44.39323,-73.85883,2016,71.1,72.0,71.1,65.2,58.8,0.000,0.000,0.00,0.000,2.3,6.1,1.6,284,61,3.2,9.9,1.8,284,62,2.3,6.1,1.6,284,61,6,27.96,,0,0,0,73.4,69.3,66.7,0.18,0.23,0.25
WFMB,2017-08-21 19:50:00 EDT,44.39323,-73.85883,2016,71.5,72.3,71.5,63.8,58.6,0.000,0.000,0.00,0.000,2.6,12.1,2.1,241,61,3.2,11.8,2.3,240,63,2.6,12.1,2.1,241,61,4,27.96,,0,0,0,73.4,69.3,66.7,0.17,0.23,0.25
WFMB,2017-08-21 19:55:00 EDT,44.39323,-73.85883,2016,71.0,71.8,71.0,65.5,58.8,0.000,0.000,0.00,0.000,2.0,7.0,1.7,269,49,2.9,14.6,2.2,280,53,2.0,7.0,1.7,269,49,2,27.96,,0,0,0,73.2,69.4,66.7,0.18,0.23,0.25
WFMB,2017-08-21 20:00:00 EDT,44.39323,-73.85883,2016,71.2,72.2,71.2,64.8,58.7,0.000,0.000,0.00,0.000,2.9,10.6,2.0,260,60,3.7,12.8,2.2,280,64,2.9,10.6,2.0,260,60,2,27.95,,0,0,0,73.0,69.4,66.7,0.18,0.23,0.25
WFMB,2017-08-21 20:05:00 EDT,44.39323,-73.85883,2016,71.4,72.2,71.4,64.3,58.7,0.000,0.000,0.00,0.000,2.4,8.9,1.8,276,65,3.3,11.0,2.0,291,71,2.4,8.9,1.8,276,65,1,27.95,,0,0,0,73.0,69.3,66.7,0.18,0.23,0.25
WFMB,2017-08-21 20:10:00 EDT,44.39323,-73.85883,2016,71.7,72.3,71.7,63.8,58.8,0.000,0.000,0.00,0.000,4.2,10.9,2.3,262,46,4.8,12.9,2.5,269,49,4.2,10.9,2.3,262,46,1,27.95,,0,0,0,73.0,69.4,66.7,0.18,0.23,0.25
WFMB,2017-08-21 20:15:00 EDT,44.39323,-73.85883,2016,70.8,71.9,70.8,65.0,58.5,0.000,0.000,0.00,0.000,2.5,9.3,1.9,253,61,3.4,12.7,2.4,274,63,2.5,9.3,1.9,253,61,0,27.95,,0,0,0,73.0,69.5,66.7,0.18,0.23,0.25
WFMB,2017-08-21 20:20:00 EDT,44.39323,-73.85883,2016,71.3,72.1,71.3,64.3,58.6,0.000,0.000,0.00,0.000,2.8,10.9,2.4,275,53,3.8,14.0,2.7,265,55,2.8,10.9,2.4,275,53,0,27.95,,0,0,0,72.9,69.5,66.7,0.18,0.23,0.25
WFMB,2017-08-21 20:25:00 EDT,44.39323,-73.85883,2016,70.8,72.1,70.8,64.4,58.2,0.000,0.000,0.00,0.000,2.5,6.8,1.4,272,46,2.9,7.6,1.6,282,48,2.5,6.8,1.4,272,46,0,27.96,,0,0,0,72.7,69.6,66.7,0.18,0.23,0.25
WFMB,2017-08-21 20:30:00 EDT,44.39323,-73.85883,2016,71.2,72.4,71.2,63.9,58.4,0.000,0.000,0.00,0.000,2.4,6.7,1.7,243,52,3.2,11.1,2.1,240,59,2.4,6.7,1.7,243,52,0,27.96,,0,0,0,72.7,69.6,66.7,0.18,0.23,0.25
WFMB,2017-08-21 20:35:00 EDT,44.39323,-73.85883,2016,71.8,72.7,71.8,61.9,58.1,0.000,0.000,0.00,0.000,2.8,11.2,2.6,255,68,3.9,13.7,2.8,264,73,2.8,11.2,2.6,255,68,0,27.96,,0,0,0,72.7,69.6,66.7,0.18,0.23,0.25
WFMB,2017-08-21 20:40:00 EDT,44.39323,-73.85883,2016,71.1,72.0,71.1,63.3,58.0,0.000,0.000,0.00,0.000,2.1,8.4,1.8,302,62,3.0,11.8,2.2,301,65,2.1,8.4,1.8,302,62,0,27.96,,0,0,0,72.7,69.6,66.7,0.18,0.23,0.25
WFMB,2017-08-21 20:45:00 EDT,44.39323,-73.85883,2016,71.3,72.1,71.3,63.1,58.1,0.000,0.000,0.00,0.000,2.8,12.6,2.5,283,52,3.6,12.5,2.6,300,51,2.8,12.6,2.5,283,52,0,27.96,,0,0,0,72.4,69.6,66.7,0.18,0.23,0.25
WFMB,2017-08-21 20:50:00 EDT,44.39323,-73.85883,2016,71.7,72.5,71.7,62.5,58.2,0.000,0.000,0.00,0.000,3.2,11.3,2.3,237,66,4.2,11.9,2.4,226,69,3.2,11.3,2.3,237,66,0,27.95,,0,0,0,72.3,69.6,66.7,0.18,0.23,0.25
WFMB,2017-08-21 20:55:00 EDT,44.39323,-73.85883,2016,71.5,72.5,71.5,62.8,58.2,0.000,0.000,0.00,0.000,2.9,9.1,2.2,264,50,3.8,11.3,2.4,276,52,2.9,9.1,2.2,264,50,0,27.96,,0,0,0,72.3,69.6,66.7,0.18,0.23,0.25
WFMB,2017-08-21 21:00:00 EDT,44.39323,-73.85883,2016,71.5,72.3,71.5,62.6,58.0,0.000,0.000,0.00,0.000,3.5,18.5,2.9,249,55,4.2,16.7,3.0,253,55,3.5,18.5,2.9,249,55,0,27.96,,0,0,0,72.3,69.6,66.7,0.18,0.23,0.25
WFMB,2017-08-21 21:05:00 EDT,44.39323,-73.85883,2016,71.9,72.6,71.9,61.8,58.1,0.000,0.000,0.00,0.000,4.5,13.5,2.8,248,45,5.7,18.5,3.6,249,46,4.5,13.5,2.8,248,45,0,27.96,,0,0,0,72.3,69.6,66.7,0.18,0.23,0.25
WFMB,2017-08-21 21:10:00 EDT,44.39323,-73.85883,2016,71.8,72.7,71.8,62.4,58.2,0.000,0.000,0.00,0.000,4.0,10.3,2.6,271,54,4.8,16.8,3.0,272,54,4.0,10.3,2.6,271,54,0,27.96,,0,0,0,72.2,69.6,66.7,0.18,0.23,0.25
WFMB,2017-08-21 21:15:00 EDT,44.39323,-73.85883,2016,71.8,72.6,71.8,62.1,58.2,0.000,0.000,0.00,0.000,3.9,12.8,2.6,273,52,5.0,14.6,3.1,274,55,3.9,12.8,2.6,273,52,0,27.96,,0,0,0,71.9,69.6,66.7,0.18,0.23,0.25
WFMB,2017-08-21 21:20:00 EDT,44.39323,-73.85883,2016,71.3,72.3,71.3,63.4,58.2,0.000,0.000,0.00,0.000,2.8,7.2,1.6,292,50,3.5,11.0,1.8,302,52,2.8,7.2,1.6,292,50,0,27.96,,0,0,0,71.8,69.6,66.7,0.18,0.23,0.25
WFMB,2017-08-21 21:25:00 EDT,44.39323,-73.85883,2016,71.7,72.5,71.7,62.9,58.4,0.000,0.000,0.00,0.000,3.5,9.9,2.1,264,54,4.5,12.3,2.7,263,53,3.5,9.9,2.1,264,54,0,27.95,,0,0,0,71.8,69.6,66.8,0.18,0.23,0.25
WFMB,2017-08-21 21:30:00 EDT,44.39323,-73.85883,2016,71.9,72.5,71.9,62.5,58.4,0.000,0.000,0.00,0.000,3.3,9.2,2.1,258,55,4.0,12.4,2.3,261,54,3.3,9.2,2.1,258,55,0,27.95,,0,0,0,71.8,69.6,66.8,0.17,0.23,0.25
WFMB,2017-08-21 21:35:00 EDT,44.39323,-73.85883,2016,71.8,72.3,71.8,62.8,58.4,0.000,0.000,0.00,0.000,3.3,9.7,1.9,263,39,4.2,10.6,2.1,264,40,3.3,9.7,1.9,263,39,0,27.95,,0,0,0,71.7,69.6,66.8,0.18,0.23,0.25
WFMB,2017-08-21 21:40:00 EDT,44.39323,-73.85883,2016,71.8,72.4,71.8,62.9,58.5,0.000,0.000,0.00,0.000,3.8,9.2,2.0,246,45,4.3,13.3,2.7,248,45,3.8,9.2,2.0,246,45,0,27.96,,0,0,0,71.4,69.6,66.7,0.18,0.23,0.25
WFMB,2017-08-21 21:45:00 EDT,44.39323,-73.85883,2016,71.7,72.4,71.7,63.4,58.7,0.000,0.000,0.00,0.000,2.2,6.1,1.4,302,51,2.8,8.2,1.6,301,61,2.2,6.1,1.4,302,51,0,27.96,,0,0,0,71.4,69.6,66.7,0.18,0.23,0.25
WFMB,2017-08-21 21:50:00 EDT,44.39323,-73.85883,2016,71.3,72.2,71.3,64.3,58.7,0.000,0.000,0.00,0.000,2.7,8.2,1.7,232,53,3.5,10.2,2.1,236,59,2.7,8.2,1.7,232,53,0,27.96,,0,0,0,71.4,69.6,66.7,0.18,0.23,0.25
WFMB,2017-08-21 21:55:00 EDT,44.39323,-73.85883,2016,71.4,72.4,71.4,64.4,58.8,0.000,0.000,0.00,0.000,3.1,12.7,2.3,239,56,3.9,12.2,2.6,233,58,3.1,12.7,2.3,239,56,0,27.96,,0,0,0,71.4,69.6,66.8,0.18,0.23,0.25
WFMB,2017-08-21 22:00:00 EDT,44.39323,-73.85883,2016,71.7,72.4,71.7,63.8,58.8,0.000,0.000,0.00,0.000,2.6,9.9,2.5,245,41,3.5,10.7,2.7,246,49,2.6,9.9,2.5,245,41,0,27.96,,0,0,0,71.4,69.6,66.7,0.17,0.23,0.25
WFMB,2017-08-21 22:05:00 EDT,44.39323,-73.85883,2016,71.5,72.1,71.5,64.4,58.9,0.000,0.000,0.00,0.000,2.7,8.6,2.0,255,63,3.6,9.7,2.3,252,66,2.7,8.6,2.0,255,63,0,27.96,,0,0,0,71.4,69.6,66.8,0.17,0.23,0.25
WFMB,2017-08-21 22:10:00 EDT,44.39323,-73.85883,2016,71.6,72.1,71.6,64.6,59.1,0.000,0.000,0.00,0.000,1.9,5.3,1.4,223,57,2.7,7.7,1.7,223,66,1.9,5.3,1.4,223,57,0,27.96,,0,0,0,71.4,69.6,66.8,0.18,0.23,0.25
WFMB,2017-08-21 22:15:00 EDT,44.39323,-73.85883,2016,71.7,72.4,71.7,64.6,59.1,0.000,0.000,0.00,0.000,3.1,9.1,1.7,163,71,3.7,11.2,2.0,166,74,3.1,9.1,1.7,163,71,0,27.97,,0,0,0,71.4,69.6,66.7,0.18,0.23,0.25
WFMB,2017-08-21 22:20:00 EDT,44.39323,-73.85883,2016,71.8,72.5,71.8,64.5,59.2,0.000,0.000,0.00,0.000,1.7,4.9,1.1,167,68,2.4,6.1,1.2,150,73,1.7,4.9,1.1,167,68,0,27.97,,0,0,0,71.1,69.6,66.7,0.18,0.23,0.25
WFMB,2017-08-21 22:25:00 EDT,44.39323,-73.85883,2016,71.6,72.4,71.6,64.6,59.0,0.000,0.000,0.00,0.000,2.2,5.8,1.3,260,77,2.7,8.2,1.5,303,79,2.2,5.8,1.3,260,77,0,27.97,,0,0,0,71.1,69.6,66.7,0.17,0.23,0.25
WFMB,2017-08-21 22:30:00 EDT,44.39323,-73.85883,2016,71.3,72.2,71.3,65.9,59.3,0.000,0.000,0.00,0.000,2.8,6.4,1.6,207,53,3.3,7.9,1.7,203,56,2.8,6.4,1.6,207,53,0,27.96,,0,0,0,71.1,69.6,66.8,0.18,0.23,0.25
WFMB,2017-08-21 22:35:00 EDT,44.39323,-73.85883,2016,70.4,71.8,70.4,68.3,59.5,0.000,0.000,0.00,0.000,1.8,6.8,1.1,245,64,2.3,8.6,1.4,263,68,1.8,6.8,1.1,245,64,0,27.96,,0,0,0,71.1,69.6,66.7,0.17,0.23,0.25
WFMB,2017-08-21 22:40:00 EDT,44.39323,-73.85883,2016,70.8,71.9,70.8,68.6,59.9,0.000,0.000,0.00,0.000,2.9,8.7,1.4,224,56,3.6,7.9,1.6,228,55,2.9,8.7,1.4,224,56,0,27.96,,0,0,0,71.1,69.6,66.8,0.17,0.23,0.25
WFMB,2017-08-21 22:45:00 EDT,44.39323,-73.85883,2016,71.4,72.3,71.4,67.1,60.0,0.000,0.000,0.00,0.000,3.8,13.7,2.5,214,51,4.5,14.6,2.9,212,56,3.8,13.7,2.5,214,51,0,27.96,,0,0,0,70.9,69.6,66.8,0.17,0.23,0.25
WFMB,2017-08-21 22:50:00 EDT,44.39323,-73.85883,2016,70.4,71.7,70.4,69.2,59.9,0.000,0.000,0.00,0.000,2.5,9.5,2.0,282,59,3.4,11.7,2.4,297,60,2.5,9.5,2.0,282,59,0,27.96,,0,0,0,70.7,69.6,66.7,0.17,0.23,0.25
WFMB,2017-08-21 22:55:00 EDT,44.39323,-73.85883,2016,71.1,72.0,71.1,68.4,60.2,0.000,0.000,0.00,0.000,3.4,10.4,2.1,260,59,4.2,15.0,2.4,261,60,3.4,10.4,2.1,260,59,0,27.96,,0,0,0,70.7,69.6,66.8,0.17,0.23,0.25
WFMB,2017-08-21 23:00:00 EDT,44.39323,-73.85883,2016,70.5,71.5,70.5,69.7,60.1,0.000,0.000,0.00,0.000,2.6,11.8,1.8,306,60,3.3,13.4,1.9,307,63,2.6,11.8,1.8,306,60,0,27.96,,0,0,0,70.7,69.6,66.8,0.17,0.23,0.25
WFMB,2017-08-21 23:05:00 EDT,44.39323,-73.85883,2016,70.4,71.6,70.4,70.2,60.2,0.000,0.000,0.00,0.000,3.7,10.5,2.3,251,55,4.4,12.8,2.5,248,56,3.7,10.5,2.3,251,55,0,27.96,,0,0,0,70.7,69.6,66.8,0.17,0.23,0.25
WFMB,2017-08-21 23:10:00 EDT,44.39323,-73.85883,2016,71.1,71.9,71.1,68.7,60.3,0.000,0.000,0.00,0.000,2.7,7.7,1.6,268,41,3.3,8.3,1.8,268,40,2.7,7.7,1.6,268,41,0,27.96,,0,0,0,70.7,69.6,66.8,0.17,0.23,0.25
WFMB,2017-08-21 23:15:00 EDT,44.39323,-73.85883,2016,70.7,71.6,70.7,69.5,60.3,0.000,0.000,0.00,0.000,2.5,5.3,1.1,296,58,3.1,7.9,1.7,304,58,2.5,5.3,1.1,296,58,0,27.96,,0,0,0,70.7,69.6,66.9,0.18,0.23,0.25
WFMB,2017-08-21 23:20:00 EDT,44.39323,-73.85883,2016,71.0,71.9,71.0,69.1,60.3,0.000,0.000,0.00,0.000,2.2,5.6,1.5,247,67,2.8,7.6,1.8,229,74,2.2,5.6,1.5,247,67,0,27.96,,0,0,0,70.7,69.6,66.9,0.18,0.23,0.25
WFMB,2017-08-21 23:25:00 EDT,44.39323,-73.85883,2016,70.7,71.6,70.7,69.0,60.0,0.000,0.000,0.00,0.000,2.7,6.3,1.3,324,62,3.5,8.8,1.4,330,58,2.7,6.3,1.3,324,62,0,27.96,,0,0,0,70.7,69.6,66.9,0.17,0.23,0.25
WFMB,2017-08-21 23:30:00 EDT,44.39323,-73.85883,2016,69.9,71.2,69.9,71.6,60.3,0.000,0.000,0.00,0.000,3.2,9.1,1.9,297,55,3.9,9.3,2.0,305,55,3.2,9.1,1.9,297,55,0,27.96,,0,0,0,70.4,69.6,67.0,0.18,0.23,0.25
WFMB,2017-08-21 23:35:00 EDT,44.39323,-73.85883,2016,70.8,71.6,70.8,69.9,60.5,0.000,0.000,0.00,0.000,3.6,14.7,2.2,300,51,4.1,14.4,2.6,304,52,3.6,14.7,2.2,300,51,0,27.96,,0,0,0,70.3,69.6,66.9,0.18,0.23,0.25
WFMB,2017-08-21 23:40:00 EDT,44.39323,-73.85883,2016,70.4,71.4,70.4,70.7,60.4,0.000,0.000,0.00,0.000,2.5,6.6,1.5,304,48,2.9,10.1,1.6,308,48,2.5,6.6,1.5,304,48,0,27.96,,0,0,0,70.3,69.6,67.0,0.18,0.23,0.25
WFMB,2017-08-21 23:45:00 EDT,44.39323,-73.85883,2016,70.5,71.5,70.5,70.7,60.6,0.000,0.000,0.00,0.000,3.3,11.1,2.1,292,49,3.9,15.1,2.6,294,51,3.3,11.1,2.1,292,49,0,27.96,,0,0,0,70.3,69.6,67.0,0.18,0.23,0.25
WFMB,2017-08-21 23:50:00 EDT,44.39323,-73.85883,2016,70.3,71.2,70.3,71.0,60.5,0.000,0.000,0.00,0.000,4.4,12.8,2.3,305,53,5.2,13.6,2.5,310,55,4.4,12.8,2.3,305,53,0,27.96,,0,0,0,70.3,69.6,67.0,0.18,0.23,0.25
WFMB,2017-08-21 23:55:00 EDT,44.39323,-73.85883,2016,70.3,71.4,70.3,72.0,60.8,0.000,0.000,0.00,0.000,3.1,8.0,1.6,290,41,4.0,12.2,2.0,288,41,3.1,8.0,1.6,290,41,0,27.96,,0,0,0,70.3,69.6,67.0,0.18,0.23,0.25
WGAT,2017-08-21 00:00:00 EDT,43.53241,-75.15860,1453,56.6,57.0,56.6,98.5,56.2,0.000,0.047,0.00,0.000,0.0,0.0,0.0,0,0,0.0,0.0,0.0,0,0,0.0,0.0,0.0,0,0,0,28.62,,0,0,0,68.5,72.7,70.0,0.17,0.25,0.08
WGAT,2017-08-21 00:05:00 EDT,43.53241,-75.15860,1453,56.5,57.0,56.5,98.5,56.0,0.000,0.000,0.00,0.000,0.0,0.0,0.0,0,0,0.0,0.0,0.0,0,0,0.0,0.0,0.0,0,0,0,28.63,,0,0,0,68.5,72.7,70.0,0.17,0.25,0.08
WGAT,2017-08-21 00:10:00 EDT,43.53241,-75.15860,1453,56.3,56.8,56.3,98.4,55.9,0.000,0.000,0.00,0.000,0.0,0.0,0.0,0,0,0.0,0.0,0.0,0,0,0.0,0.0,0.0,0,0,0,28.63,,0,0,0,68.5,72.7,70.0,0.17,0.25,0.08
WGAT,2017-08-21 00:15:00 EDT,43.53241,-75.15860,1453,56.3,56.8,56.3,98.3,55.8,0.000,0.000,0.00,0.000,0.1,0.6,0.2,96,0,0.1,1.1,0.3,110,4,0.1,0.6,0.2,96,0,0,28.63,,0,0,0,68.5,72.7,70.0,0.17,0.25,0.08
WGAT,2017-08-21 00:20:00 EDT,43.53241,-75.15860,1453,56.2,56.7,56.2,98.3,55.8,0.000,0.000,0.00,0.000,0.0,0.4,0.1,96,0,0.3,1.1,0.4,110,14,0.0,0.4,0.1,96,0,0,28.63,,0,0,0,68.2,72.7,70.0,0.17,0.25,0.08
WGAT,2017-08-21 00:25:00 EDT,43.53241,-75.15860,1453,56.1,56.6,56.1,98.3,55.7,0.000,0.000,0.00,0.000,0.0,0.0,0.0,0,0,0.0,0.0,0.0,0,0,0.0,0.0,0.0,0,0,0,28.63,,0,0,0,68.2,72.7,70.0,0.17,0.25,0.08
WGAT,2017-08-21 00:30:00 EDT,43.53241,-75.15860,1453,56.1,56.5,56.1,98.5,55.7,0.000,0.000,0.00,0.000,0.0,0.0,0.0,0,0,0.0,0.0,0.0,0,0,0.0,0.0,0.0,0,0,0,28.63,,0,0,0,68.2,72.7,70.0,0.17,0.25,0.08
WGAT,2017-08-21 00:35:00 EDT,43.53241,-75.15860,1453,56.0,56.3,56.0,98.5,55.6,0.000,0.000,0.00,0.000,0.0,0.0,0.0,0,0,0.0,0.7,0.2,48,1,0.0,0.0,0.0,0,0,0,28.63,,0,0,0,68.1,72.7,70.0,0.17,0.25,0.08
WGAT,2017-08-21 00:40:00 EDT,43.53241,-75.15860,1453,56.0,56.2,56.0,98.5,55.6,0.000,0.000,0.00,0.000,0.0,0.6,0.1,71,0,0.5,1.1,0.4,50,15,0.0,0.6,0.1,71,0,0,28.63,,0,0,0,67.8,72.7,70.0,0.17,0.25,0.08
WGAT,2017-08-21 00:45:00 EDT,43.53241,-75.15860,1453,56.1,56.4,56.1,98.6,55.7,0.000,0.000,0.00,0.000,0.3,0.7,0.3,45,2,0.6,1.1,0.4,47,15,0.3,0.7,0.3,45,2,0,28.63,,0,0,0,67.8,72.6,70.0,0.17,0.25,0.08
WGAT,2017-08-21 00:50:00 EDT,43.53241,-75.15860,1453,56.2,56.7,56.2,98.9,55.9,0.000,0.000,0.00,0.000,0.0,0.0,0.0,0,0,0.1,0.9,0.2,10,4,0.0,0.0,0.0,0,0,0,28.63,,0,0,0,67.8,72.4,70.0,0.17,0.25,0.08
WGAT,2017-08-21 00:55:00 EDT,43.53241,-75.15860,1453,56.2,56.5,56.2,99.0,55.9,0.000,0.000,0.00,0.000,0.2,1.2,0.4,79,8,0.9,1.7,0.4,81,11,0.2,1.2,0.4,79,8,0,28.63,,0,0,0,67.8,72.4,70.0,0.17,0.25,0.08
WGAT,2017-08-21 01:00:00 EDT,43.53241,-75.15860,1453,56.2,56.3,56.2,99.1,56.0,0.000,0.000,0.00,0.000,0.4,1.0,0.3,84,5,0.7,1.5,0.5,78,19,0.4,1.0,0.3,84,5,0,28.63,,0,0,0,67.8,72.3,70.0,0.17,0.25,0.08
WGAT,2017-08-21 01:05:00 EDT,43.53241,-75.15860,1453,56.2,56.4,56.2,99.0,56.0,0.000,0.000,0.00,0.000,0.0,0.4,0.1,52,0,0.2,1.0,0.4,48,12,0.0,0.4,0.1,52,0,0,28.63,,0,0,0,67.6,72.3,70.0,0.17,0.25,0.08
WGAT,2017-08-21 01:10:00 EDT,43.53241,-75.15860,1453,56.2,56.4,56.2,99.0,55.9,0.000,0.000,0.00,0.000,0.0,0.0,0.0,0,0,0.0,0.0,0.0,0,0,0.0,0.0,0.0,0,0,0,28.63,,0,0,0,67.5,72.3,70.0,0.17,0.25,0.08
WGAT,2017-08-21 01:15:00 EDT,43.53241,-75.15860,1453,55.8,56.3,55.8,98.9,55.5,0.000,0.000,0.00,0.000,0.0,0.0,0.0,0,0,0.3,1.0,0.4,81,3,0.0,0.0,0.0,0,0,0,28.63,,0,0,0,67.5,72.3,70.0,0.17,0.25,0.08
WGAT,2017-08-21 01:20:00 EDT,43.53241,-75.15860,1453,55.8,56.2,55.8,98.9,55.5,0.000,0.000,0.00,0.000,0.0,0.0,0.0,0,0,0.2,0.9,0.4,90,6,0.0,0.0,0.0,0,0,0,28.63,,0,0,0,67.5,72.3,70.0,0.17,0.25,0.08
WGAT,2017-08-21 01:25:00 EDT,43.53241,-75.15860,1453,55.6,56.1,55.6,98.8,55.3,0.000,0.000,0.00,0.000,0.0,0.0,0.0,0,0,0.2,1.0,0.4,89,4,0.0,0.0,0.0,0,0,0,28.63,,0,0,0,67.5,72.3,70.0,0.17,0.25,0.08
WGAT,2017-08-21 01:30:00 EDT,43.53241,-75.15860,1453,55.6,56.1,55.6,98.8,55.3,0.000,0.000,0.00,0.000,0.0,0.0,0.0,0,0,0.1,0.8,0.3,85,4,0.0,0.0,0.0,0,0,0,28.63,,0,0,0,67.3,72.3,70.0,0.17,0.25,0.08
WGAT,2017-08-21 01:35:00 EDT,43.53241,-75.15860,1453,55.6,56.0,55.6,98.9,55.3,0.000,0.000,0.00,0.000,0.1,0.6,0.2,52,0,0.3,0.9,0.4,49,7,0.1,0.6,0.2,52,0,0,28.63,,0,0,0,67.1,72.3,70.0,0.17,0.25,0.08
WGAT,2017-08-21 01:40:00 EDT,43.53241,-75.15860,1453,55.6,56.0,55.6,98.9,55.3,0.000,0.000,0.00,0.000,0.4,1.1,0.4,58,6,0.6,1.6,0.6,62,7,0.4,1.1,0.4,58,6,0,28.63,,0,0,0,67.1,72.3,70.0,0.17,0.25,0.08
WGAT,2017-08-21 01:45:00 EDT,43.53241,-75.15860,1453,55.6,56.1,55.6,99.0,55.3,0.000,0.000,0.00,0.000,0.0,0.4,0.1,64,0,0.3,1.1,0.4,63,7,0.0,0.4,0.1,64,0,0,28.63,,0,0,0,67.1,72.3,70.0,0.17,0.25,0.08
WGAT,2017-08-21 01:50:00 EDT,43.53241,-75.15860,1453,55.6,56.1,55.6,99.0,55.3,0.000,0.000,0.00,0.000,0.0,0.0,0.0,0,0,0.1,0.9,0.2,69,2,0.0,0.0,0.0,0,0,0,28.63,,0,0,0,67.1,72.2,70.0,0.17,0.25,0.08
WGAT,2017-08-21 01:55:00 EDT,43.53241,-75.15860,1453,55.6,56.1,55.6,99.0,55.3,0.000,0.000,0.00,0.000,0.1,0.7,0.1,67,5,0.6,1.1,0.4,77,15,0.1,0.7,0.1,67,5,0,28.63,,0,0,0,67.1,71.9,70.0,0.17,0.25,0.08
WGAT,2017-08-21 02:00:00 EDT,43.53241,-75.15860,1453,55.5,56.0,55.5,99.0,55.3,0.000,0.000,0.00,0.000,0.3,0.7,0.2,44,3,0.3,1.1,0.4,46,5,0.3,0.7,0.2,44,3,0,28.63,,0,0,0,67.0,71.8,70.0,0.17,0.25,0.08
WGAT,2017-08-21 02:05:00 EDT,43.53241,-75.15860,1453,55.6,56.2,55.6,99.0,55.3,0.000,0.000,0.00,0.000,0.0,0.4,0.1,71,9,0.2,1.1,0.4,60,13,0.0,0.4,0.1,71,9,0,28.63,,0,0,0,66.8,71.8,70.0,0.17,0.25,0.08
WGAT,2017-08-21 02:10:00 EDT,43.53241,-75.15860,1453,55.6,56.2,55.6,99.1,55.3,0.000,0.000,0.00,0.000,0.0,0.0,0.0,0,0,0.4,1.0,0.4,71,5,0.0,0.0,0.0,0,0,0,28.62,,0,0,0,66.7,71.8,70.0,0.17,0.25,0.08
WGAT,2017-08-21 02:15:00 EDT,43.53241,-75.15860,1453,55.5,56.0,55.5,99.1,55.3,0.000,0.000,0.00,0.000,0.0,0.0,0.0,0,0,0.1,0.9,0.3,68,3,0.0,0.0,0.0,0,0,0,28.62,,0,0,0,66.7,71.8,70.0,0.17,0.25,0.08
WGAT,2017-08-21 02:20:00 EDT,43.53241,-75.15860,1453,55.7,56.3,55.7,99.1,55.5,0.000,0.000,0.00,0.000,0.0,0.0,0.0,0,0,0.0,0.0,0.0,0,0,0.0,0.0,0.0,0,0,0,28.62,,0,0,0,66.7,71.8,70.0,0.17,0.25,0.08
WGAT,2017-08-21 02:25:00 EDT,43.53241,-75.15860,1453,55.4,56.3,55.4,99.1,55.2,0.000,0.000,0.00,0.000,0.0,0.4,0.1,95,81,0.3,1.0,0.4,103,2,0.0,0.4,0.1,95,81,0,28.63,,0,0,0,66.7,71.8,70.0,0.17,0.25,0.08
WGAT,2017-08-21 02:30:00 EDT,43.53241,-75.15860,1453,55.2,56.1,55.2,98.9,54.9,0.000,0.000,0.00,0.000,0.4,0.7,0.2,95,0,0.9,1.2,0.1,104,6,0.4,0.7,0.2,95,0,0,28.63,,0,0,0,66.4,71.8,70.0,0.17,0.25,0.08
WGAT,2017-08-21 02:35:00 EDT,43.53241,-75.15860,1453,55.0,56.0,55.0,98.8,54.7,0.000,0.000,0.00,0.000,0.0,0.3,0.1,95,0,0.7,1.1,0.4,76,9,0.0,0.3,0.1,95,0,0,28.63,,0,0,0,66.4,71.8,70.0,0.17,0.25,0.08
WGAT,2017-08-21 02:40:00 EDT,43.53241,-75.15860,1453,55.0,55.7,55.0,98.9,54.7,0.000,0.000,0.00,0.000,0.3,0.8,0.2,95,0,1.0,1.4,0.2,76,10,0.3,0.8,0.2,95,0,0,28.62,,0,0,0,66.4,71.8,70.0,0.17,0.25,0.08
WGAT,2017-08-21 02:45:00 EDT,43.53241,-75.15860,1453,55.2,55.6,55.2,99.1,54.9,0.000,0.000,0.00,0.000,0.0,0.0,0.0,0,0,0.3,1.1,0.4,65,5,0.0,0.0,0.0,0,0,0,28.62,,0,0,0,66.4,71.8,70.0,0.17,0.25,0.08
WGAT,2017-08-21 02:50:00 EDT,43.53241,-75.15860,1453,55.3,55.7,55.3,99.1,55.0,0.000,0.000,0.00,0.000,0.0,0.0,0.0,0,0,0.1,0.8,0.2,68,2,0.0,0.0,0.0,0,0,0,28.62,,0,0,0,66.4,71.8,70.0,0.17,0.25,0.08
WGAT,2017-08-21 02:55:00 EDT,43.53241,-75.15860,1453,55.3,55.9,55.3,99.1,55.0,0.002,0.002,0.00,0.002,0.2,0.7,0.3,95,0,0.5,1.3,0.5,84,4,0.2,0.7,0.3,95,0,0,28.63,,0,0,0,66.4,71.8,70.0,0.17,0.25,0.08
WGAT,2017-08-21 03:00:00 EDT,43.53241,-75.15860,1453,55.1,55.9,55.1,99.0,54.8,0.000,0.002,0.00,0.002,0.1,0.7,0.2,95,0,0.6,1.5,0.5,81,7,0.1,0.7,0.2,95,0,0,28.63,,0,0,0,66.1,71.7,70.0,0.17,0.25,0.08
WGAT,2017-08-21 03:05:00 EDT,43.53241,-75.15860,1453,55.1,55.7,55.1,99.0,54.8,0.000,0.002,0.00,0.002,0.4,0.9,0.3,73,6,0.8,1.5,0.4,67,6,0.4,0.9,0.3,73,6,0,28.63,,0,0,0,66.0,71.5,70.0,0.17,0.25,0.08
WGAT,2017-08-21 03:10:00 EDT,43.53241,-75.15860,1453,54.8,55.6,54.8,99.0,54.6,0.000,0.002,0.00,0.002,0.3,0.9,0.3,70,0,0.7,1.4,0.5,73,9,0.3,0.9,0.3,70,0,0,28.63,,0,0,0,66.0,71.4,70.0,0.17,0.25,0.08
WGAT,2017-08-21 03:15:00 EDT,43.53241,-75.15860,1453,55.0,55.5,55.0,99.1,54.7,0.000,0.002,0.00,0.002,0.2,0.7,0.2,70,0,0.5,1.2,0.4,82,8,0.2,0.7,0.2,70,0,0,28.63,,0,0,0,66.0,71.4,70.0,0.17,0.25,0.08
WGAT,2017-08-21 03:20:00 EDT,43.53241,-75.15860,1453,55.2,55.7,55.2,99.1,54.9,0.000,0.002,0.00,0.002,0.0,0.5,0.1,70,0,0.2,1.0,0.4,83,4,0.0,0.5,0.1,70,0,0,28.63,,0,0,0,66.0,71.4,70.0,0.17,0.25,0.08
WGAT,2017-08-21 03:25:00 EDT,43.53241,-75.15860,1453,54.5,55.5,54.5,98.9,54.2,0.000,0.002,0.00,0.002,0.4,0.9,0.3,70,0,1.1,1.9,0.3,91,8,0.4,0.9,0.3,70,0,0,28.63,,0,0,0,65.9,71.4,70.0,0.17,0.25,0.08
WGAT,2017-08-21 03:30:00 EDT,43.53241,-75.15860,1453,54.3,55.2,54.3,98.8,54.0,0.000,0.002,0.00,0.002,0.8,1.5,0.4,74,7,1.5,2.9,0.6,78,10,0.8,1.5,0.4,74,7,0,28.63,,0,0,0,65.8,71.4,70.0,0.17,0.25,0.08
WGAT,2017-08-21 03:35:00 EDT,43.53241,-75.15860,1453,54.4,55.3,54.4,99.0,54.1,0.000,0.002,0.00,0.002,0.3,0.7,0.2,61,9,0.8,2.3,0.5,73,13,0.3,0.7,0.2,61,9,0,28.63,,0,0,0,65.8,71.4,70.0,0.17,0.25,0.08
WGAT,2017-08-21 03:40:00 EDT,43.53241,-75.15860,1453,54.6,55.1,54.6,99.1,54.4,0.000,0.002,0.00,0.002,0.0,0.0,0.0,0,0,0.3,2.0,0.5,91,14,0.0,0.0,0.0,0,0,0,28.64,,0,0,0,65.8,71.4,70.0,0.17,0.25,0.08
WGAT,2017-08-21 03:45:00 EDT,43.53241,-75.15860,1453,54.6,55.4,54.6,99.2,54.4,0.000,0.002,0.00,0.002,0.0,0.0,0.0,0,0,0.1,1.3,0.3,131,17,0.0,0.0,0.0,0,0,0,28.64,,0,0,0,65.8,71.4,70.0,0.17,0.25,0.08
WGAT,2017-08-21 03:50:00 EDT,43.53241,-75.15860,1453,54.3,55.3,54.3,99.0,54.1,0.000,0.002,0.00,0.002,0.0,0.0,0.0,0,0,0.1,1.7,0.3,49,7,0.0,0.0,0.0,0,0,0,28.64,,0,0,0,65.8,71.4,70.0,0.17,0.25,0.08
WGAT,2017-08-21 03:55:00 EDT,43.53241,-75.15860,1453,53.9,55.0,53.9,99.0,53.7,0.000,0.002,0.00,0.000,0.1,0.8,0.2,66,0,0.4,1.5,0.5,69,10,0.1,0.8,0.2,66,0,0,28.63,,0,0,0,65.8,71.4,70.0,0.17,0.25,0.08
WGAT,2017-08-21 04:00:00 EDT,43.53241,-75.15860,1453,54.3,54.9,54.3,99.2,54.1,0.000,0.002,0.00,0.000,0.0,0.0,0.0,0,0,0.3,1.7,0.4,80,4,0.0,0.0,0.0,0,0,0,28.63,,0,0,0,65.8,71.4,70.0,0.17,0.25,0.08
WGAT,2017-08-21 04:05:00 EDT,43.53241,-75.15860,1453,54.4,55.0,54.4,99.3,54.2,0.000,0.002,0.00,0.000,0.1,0.8,0.2,66,0,0.6,2.3,0.6,62,8,0.1,0.8,0.2,66,0,0,28.63,,0,0,0,65.6,71.4,70.0,0.17,0.25,0.08
WGAT,2017-08-21 04:10:00 EDT,43.53241,-75.15860,1453,54.4,55.2,54.4,99.2,54.2,0.000,0.002,0.00,0.000,0.1,0.7,0.2,66,0,0.5,1.9,0.6,56,10,0.1,0.7,0.2,66,0,0,28.63,,0,0,0,65.5,71.3,70.0,0.17,0.25,0.08
WGAT,2017-08-21 04:15:00 EDT,43.53241,-75.15860,1453,54.5,55.1,54.5,99.2,54.3,0.000,0.002,0.00,0.000,0.0,0.0,0.0,0,0,0.2,1.7,0.5,83,27,0.0,0.0,0.0,0,0,0,28.63,,0,0,0,65.5,71.3,70.0,0.17,0.25,0.08
WGAT,2017-08-21 04:20:00 EDT,43.53241,-75.15860,1453,54.4,55.0,54.4,99.2,54.2,0.000,0.002,0.00,0.000,0.0,0.0,0.0,0,0,0.4,1.7,0.5,60,22,0.0,0.0,0.0,0,0,0,28.63,,0,0,0,65.4,71.1,70.0,0.17,0.25,0.08
WGAT,2017-08-21 04:25:00 EDT,43.53241,-75.15860,1453,54.3,55.3,54.3,99.2,54.0,0.000,0.002,0.00,0.000,0.0,0.0,0.0,0,0,0.2,1.8,0.5,62,5,0.0,0.0,0.0,0,0,0,28.64,,0,0,0,65.1,71.1,70.0,0.17,0.25,0.08
WGAT,2017-08-21 04:30:00 EDT,43.53241,-75.15860,1453,54.4,55.3,54.4,99.2,54.1,0.000,0.002,0.00,0.000,0.0,0.0,0.0,0,0,0.3,1.7,0.6,61,8,0.0,0.0,0.0,0,0,0,28.64,,0,0,0,65.1,71.1,70.0,0.17,0.25,0.08
WGAT,2017-08-21 04:35:00 EDT,43.53241,-75.15860,1453,54.5,55.4,54.5,99.3,54.3,0.000,0.002,0.00,0.000,0.1,0.9,0.2,75,2,0.5,2.7,0.6,61,33,0.1,0.9,0.2,75,2,0,28.64,,0,0,0,65.1,71.1,70.0,0.17,0.25,0.08
WGAT,2017-08-21 04:40:00 EDT,43.53241,-75.15860,1453,54.6,55.4,54.6,99.4,54.5,0.000,0.002,0.00,0.000,0.0,0.0,0.0,0,0,0.3,1.2,0.4,63,14,0.0,0.0,0.0,0,0,0,28.64,,0,0,0,65.1,71.1,70.0,0.17,0.25,0.08
WGAT,2017-08-21 04:45:00 EDT,43.53241,-75.15860,1453,54.6,55.5,54.6,99.4,54.5,0.000,0.002,0.00,0.000,0.1,0.7,0.2,81,0,0.4,1.4,0.5,83,4,0.1,0.7,0.2,81,0,0,28.64,,0,0,0,65.1,71.1,70.0,0.17,0.25,0.08
WGAT,2017-08-21 04:50:00 EDT,43.53241,-75.15860,1453,54.5,55.4,54.5,99.4,54.3,0.000,0.002,0.00,0.000,0.0,0.1,0.0,81,0,0.3,1.3,0.4,88,8,0.0,0.1,0.0,81,0,0,28.64,,0,0,0,65.1,71.1,70.0,0.17,0.25,0.08
WGAT,2017-08-21 04:55:00 EDT,43.53241,-75.15860,1453,54.4,55.5,54.4,99.3,54.2,0.000,0.002,0.00,0.000,0.0,0.4,0.1,74,10,0.4,1.4,0.5,54,27,0.0,0.4,0.1,74,10,0,28.64,,0,0,0,65.1,71.1,70.0,0.17,0.25,0.08
WGAT,2017-08-21 05:00:00 EDT,43.53241,-75.15860,1453,54.4,55.5,54.4,99.4,54.3,0.000,0.002,0.00,0.000,0.0,0.5,0.1,5,1,0.2,1.3,0.4,77,35,0.0,0.5,0.1,5,1,0,28.64,,0,0,0,64.8,71.1,70.0,0.17,0.25,0.08
WGAT,2017-08-21 05:05:00 EDT,43.53241,-75.15860,1453,54.3,55.5,54.3,99.4,54.1,0.000,0.002,0.00,0.000,0.0,0.5,0.1,75,0,0.2,1.7,0.4,76,14,0.0,0.5,0.1,75,0,0,28.64,,0,0,0,64.8,71.0,70.0,0.17,0.25,0.08
WGAT,2017-08-21 05:10:00 EDT,43.53241,-75.15860,1453,54.4,55.7,54.4,99.3,54.2,0.000,0.002,0.00,0.000,0.1,0.7,0.2,253,35,0.2,1.3,0.4,47,36,0.1,0.7,0.2,253,35,0,28.64,,0,0,0,64.8,70.8,70.0,0.17,0.25,0.08
WGAT,2017-08-21 05:15:00 EDT,43.53241,-75.15860,1453,54.5,56.1,54.5,99.5,54.4,0.000,0.002,0.00,0.000,0.7,1.9,0.5,94,15,1.2,2.7,0.7,94,15,0.7,1.9,0.5,94,15,0,28.64,,0,0,0,64.8,70.7,70.0,0.17,0.25,0.08
WGAT,2017-08-21 05:20:00 EDT,43.53241,-75.15860,1453,54.6,55.6,54.6,99.5,54.4,0.000,0.002,0.00,0.000,0.1,0.7,0.2,82,0,0.2,1.3,0.4,86,7,0.1,0.7,0.2,82,0,0,28.64,,0,0,0,64.8,70.7,70.0,0.17,0.25,0.08
WGAT,2017-08-21 05:25:00 EDT,43.53241,-75.15860,1453,54.3,55.5,54.3,99.5,54.2,0.000,0.002,0.00,0.000,0.0,0.0,0.0,0,0,0.1,1.0,0.3,92,3,0.0,0.0,0.0,0,0,0,28.64,,0,0,0,64.7,70.7,70.0,0.17,0.25,0.08
WGAT,2017-08-21 05:30:00 EDT,43.53241,-75.15860,1453,54.4,55.7,54.4,99.5,54.2,0.000,0.002,0.00,0.000,0.4,1.0,0.3,82,0,0.8,1.5,0.4,94,9,0.4,1.0,0.3,82,0,0,28.64,,0,0,0,64.4,70.7,70.0,0.17,0.25,0.08
WGAT,2017-08-21 05:35:00 EDT,43.53241,-75.15860,1453,54.4,55.7,54.4,99.5,54.3,0.000,0.002,0.00,0.000,0.1,0.7,0.2,82,0,0.4,1.3,0.5,86,7,0.1,0.7,0.2,82,0,0,28.64,,0,0,0,64.4,70.7,70.0,0.17,0.25,0.08
WGAT,2017-08-21 05:40:00 EDT,43.53241,-75.15860,1453,54.2,55.6,54.2,99.5,54.1,0.000,0.002,0.00,0.000,0.0,0.0,0.0,0,0,0.0,0.0,0.0,0,0,0.0,0.0,0.0,0,0,0,28.64,,0,0,0,64.4,70.7,70.0,0.17,0.25,0.08
WGAT,2017-08-21 05:45:00 EDT,43.53241,-75.15860,1453,54.2,55.7,54.2,99.4,54.1,0.000,0.002,0.00,0.000,0.0,0.0,0.0,0,0,0.1,0.9,0.3,94,3,0.0,0.0,0.0,0,0,0,28.64,,0,0,0,64.4,70.7,70.0,0.17,0.25,0.08
WGAT,2017-08-21 05:50:00 EDT,43.53241,-75.15860,1453,54.4,55.6,54.4,99.5,54.2,0.000,0.002,0.00,0.000,0.0,0.0,0.0,0,0,0.4,1.4,0.4,47,12,0.0,0.0,0.0,0,0,0,28.64,,0,0,0,64.4,70.7,70.0,0.17,0.25,0.08
WGAT,2017-08-21 05:55:00 EDT,43.53241,-75.15860,1453,54.7,56.0,54.7,99.6,54.6,0.000,0.002,0.00,0.000,0.3,1.3,0.5,66,11,0.8,2.8,0.8,75,15,0.3,1.3,0.5,66,11,0,28.64,,0,0,0,64.4,70.7,70.0,0.17,0.25,0.08
WGAT,2017-08-21 06:00:00 EDT,43.53241,-75.15860,1453,54.9,56.4,54.9,99.6,54.8,0.000,0.002,0.00,0.000,0.5,1.5,0.5,82,8,1.0,2.4,0.7,83,11,0.5,1.5,0.5,82,8,0,28.64,,0,0,0,64.4,70.7,70.0,0.17,0.25,0.08
WGAT,2017-08-21 06:05:00 EDT,43.53241,-75.15860,1453,55.2,56.5,55.2,99.7,55.1,0.000,0.002,0.00,0.000,0.5,0.9,0.4,66,6,0.9,1.6,0.6,70,10,0.5,0.9,0.4,66,6,2,28.64,,0,0,0,64.4,70.5,70.0,0.17,0.25,0.08
WGAT,2017-08-21 06:10:00 EDT,43.53241,-75.15860,1453,54.9,56.0,54.9,99.5,54.8,0.000,0.002,0.00,0.000,0.5,0.9,0.3,59,10,0.9,1.3,0.3,66,15,0.5,0.9,0.3,59,10,2,28.64,,0,0,0,64.3,70.4,70.0,0.17,0.25,0.08
WGAT,2017-08-21 06:15:00 EDT,43.53241,-75.15860,1453,55.2,56.0,55.2,99.6,55.1,0.000,0.002,0.00,0.000,0.1,0.8,0.3,98,4,0.8,1.3,0.4,96,9,0.1,0.8,0.3,98,4,2,28.64,,0,0,0,64.2,70.3,70.0,0.17,0.25,0.08
WGAT,2017-08-21 06:20:00 EDT,43.53241,-75.15860,1453,54.7,56.0,54.7,99.4,54.6,0.000,0.002,0.00,0.000,0.0,0.0,0.0,0,0,0.8,1.2,0.3,89,8,0.0,0.0,0.0,0,0,3,28.64,,0,0,0,64.2,70.3,70.0,0.17,0.25,0.08
WGAT,2017-08-21 06:25:00 EDT,43.53241,-75.15860,1453,54.6,55.9,54.6,99.3,54.4,0.000,0.002,0.00,0.000,0.0,0.0,0.0,0,0,0.5,1.1,0.5,73,8,0.0,0.0,0.0,0,0,5,28.64,,0,0,0,64.2,70.3,70.0,0.17,0.25,0.08
WGAT,2017-08-21 06:30:00 EDT,43.53241,-75.15860,1453,54.6,55.8,54.6,99.3,54.4,0.000,0.002,0.00,0.000,0.0,0.0,0.0,0,0,0.1,0.9,0.2,77,2,0.0,0.0,0.0,0,0,8,28.64,,0,0,0,64.2,70.3,70.0,0.17,0.25,0.08
WGAT,2017-08-21 06:35:00 EDT,43.53241,-75.15860,1453,54.3,55.7,54.3,99.3,54.1,0.000,0.002,0.00,0.000,0.0,0.0,0.0,0,0,0.0,0.8,0.2,82,0,0.0,0.0,0.0,0,0,11,28.64,,0,0,0,64.2,70.3,70.0,0.17,0.25,0.08
WGAT,2017-08-21 06:40:00 EDT,43.53241,-75.15860,1453,54.5,55.6,54.5,99.3,54.3,0.000,0.002,0.00,0.000,0.0,0.0,0.0,0,0,0.3,1.3,0.4,107,6,0.0,0.0,0.0,0,0,14,28.64,,0,0,0,64.2,70.3,70.0,0.17,0.25,0.08
WGAT,2017-08-21 06:45:00 EDT,43.53241,-75.15860,1453,54.4,55.7,54.4,99.3,54.2,0.002,0.004,0.00,0.002,0.0,0.0,0.0,0,0,0.6,1.2,0.4,87,16,0.0,0.0,0.0,0,0,18,28.65,,0,0,0,64.2,70.3,70.0,0.17,0.25,0.08
WGAT,2017-08-21 06:50:00 EDT,43.53241,-75.15860,1453,54.4,55.6,54.4,99.3,54.2,0.000,0.004,0.00,0.002,0.0,0.0,0.0,0,0,0.3,1.1,0.4,81,7,0.0,0.0,0.0,0,0,21,28.65,,0,0,0,64.0,70.3,70.0,0.17,0.25,0.08
WGAT,2017-08-21 06:55:00 EDT,43.53241,-75.15860,1453,54.5,55.5,54.5,99.3,54.3,0.000,0.004,0.00,0.002,0.0,0.0,0.0,0,0,0.1,1.6,0.4,115,4,0.0,0.0,0.0,0,0,25,28.65,,0,0,0,63.9,70.3,70.0,0.17,0.25,0.08
WGAT,2017-08-21 07:00:00 EDT,43.53241,-75.15860,1453,54.5,55.7,54.5,99.3,54.4,0.000,0.004,0.00,0.002,0.0,0.0,0.0,0,0,0.1,0.9,0.3,94,5,0.0,0.0,0.0,0,0,30,28.64,,0,0,0,63.9,70.3,70.0,0.17,0.25,0.08
WGAT,2017-08-21 07:05:00 EDT,43.53241,-75.15860,1453,54.6,55.8,54.6,99.4,54.5,0.000,0.004,0.00,0.002,0.0,0.0,0.0,0,0,0.6,1.2,0.5,64,13,0.0,0.0,0.0,0,0,43,28.64,,0,0,0,63.9,70.1,70.0,0.17,0.25,0.08
WGAT,2017-08-21 07:10:00 EDT,43.53241,-75.15860,1453,55.1,55.8,55.1,99.4,55.0,0.000,0.004,0.00,0.002,0.1,0.8,0.2,63,0,0.9,1.5,0.4,67,11,0.1,0.8,0.2,63,0,77,28.64,,0,0,0,63.9,70.0,70.0,0.17,0.25,0.08
WGAT,2017-08-21 07:15:00 EDT,43.53241,-75.15860,1453,55.6,56.2,55.6,99.2,55.4,0.000,0.004,0.00,0.002,0.2,1.0,0.3,63,81,0.5,1.5,0.6,67,7,0.2,1.0,0.3,63,81,92,28.64,,0,0,0,63.9,70.0,70.0,0.17,0.25,0.08
WGAT,2017-08-21 07:20:00 EDT,43.53241,-75.15860,1453,56.1,56.7,56.1,98.9,55.8,0.000,0.004,0.00,0.002,0.1,0.8,0.2,67,3,0.6,1.6,0.5,76,7,0.1,0.8,0.2,67,3,85,28.64,,0,0,0,63.9,70.0,70.0,0.17,0.25,0.08
WGAT,2017-08-21 07:25:00 EDT,43.53241,-75.15860,1453,56.5,57.1,56.5,98.3,56.1,0.000,0.004,0.00,0.002,0.1,0.9,0.2,86,0,0.4,1.4,0.5,99,9,0.1,0.9,0.2,86,0,129,28.64,,0,0,0,63.9,70.0,70.0,0.17,0.25,0.08
WGAT,2017-08-21 07:30:00 EDT,43.53241,-75.15860,1453,56.8,57.2,56.8,97.4,56.1,0.000,0.004,0.00,0.002,0.1,0.8,0.2,55,1,0.6,1.5,0.5,64,10,0.1,0.8,0.2,55,1,140,28.64,,0,0,0,63.9,70.0,70.0,0.17,0.25,0.08
WGAT,2017-08-21 07:35:00 EDT,43.53241,-75.15860,1453,57.7,58.0,57.7,96.6,56.8,0.000,0.004,0.00,0.002,0.3,1.2,0.4,71,2,0.7,1.9,0.7,71,8,0.3,1.2,0.4,71,2,185,28.64,,0,0,0,63.9,70.0,70.0,0.17,0.25,0.08
WGAT,2017-08-21 07:40:00 EDT,43.53241,-75.15860,1453,58.4,59.1,58.4,94.9,57.0,0.000,0.004,0.00,0.002,0.0,0.6,0.1,124,0,0.4,2.3,0.5,109,17,0.0,0.6,0.1,124,0,202,28.64,,0,0,0,63.9,70.0,70.0,0.17,0.25,0.08
WGAT,2017-08-21 07:45:00 EDT,43.53241,-75.15860,1453,59.0,59.8,59.0,93.5,57.1,0.000,0.004,0.00,0.000,0.3,2.3,0.5,108,17,0.7,2.9,0.7,118,25,0.3,2.3,0.5,108,17,211,28.64,,0,0,0,63.9,70.0,70.0,0.17,0.25,0.08
WGAT,2017-08-21 07:50:00 EDT,43.53241,-75.15860,1453,59.5,60.0,59.5,91.8,57.1,0.000,0.004,0.00,0.000,0.4,1.2,0.4,148,23,0.8,2.2,0.5,151,34,0.4,1.2,0.4,148,23,221,28.64,,0,0,0,63.9,70.0,70.0,0.17,0.25,0.08
WGAT,2017-08-21 07:55:00 EDT,43.53241,-75.15860,1453,60.1,60.1,60.1,92.0,57.8,0.000,0.004,0.00,0.000,0.2,1.5,0.4,104,10,0.4,2.0,0.6,116,19,0.2,1.5,0.4,104,10,232,28.64,,0,0,0,63.9,70.0,70.0,0.17,0.25,0.08
WGAT,2017-08-21 08:00:00 EDT,43.53241,-75.15860,1453,60.6,61.3,60.6,91.2,58.0,0.000,0.004,0.00,0.000,1.0,2.3,0.8,111,18,1.4,3.1,0.8,112,22,1.0,2.3,0.8,111,18,243,28.64,,0,0,0,64.0,70.0,70.0,0.17,0.25,0.08
WGAT,2017-08-21 08:05:00 EDT,43.53241,-75.15860,1453,61.4,62.2,61.4,91.0,58.7,0.000,0.004,0.00,0.000,0.8,2.7,0.8,130,30,1.2,3.6,0.9,135,32,0.8,2.7,0.8,130,30,257,28.64,,0,0,0,64.2,70.0,70.0,0.17,0.25,0.08
WGAT,2017-08-21 08:10:00 EDT,43.53241,-75.15860,1453,62.3,62.8,62.3,90.2,59.4,0.000,0.004,0.00,0.000,0.9,3.4,0.7,115,24,1.4,4.9,0.9,119,30,0.9,3.4,0.7,115,24,264,28.64,,0,0,0,64.2,69.7,70.0,0.17,0.25,0.08
WGAT,2017-08-21 08:15:00 EDT,43.53241,-75.15860,1453,63.2,63.3,63.2,88.2,59.7,0.000,0.004,0.00,0.000,0.8,2.4,0.6,141,27,1.2,3.5,0.7,143,30,0.8,2.4,0.6,141,27,273,28.64,,0,0,0,64.2,69.6,70.0,0.17,0.25,0.08
WGAT,2017-08-21 08:20:00 EDT,43.53241,-75.15860,1453,63.9,63.7,63.9,86.0,59.7,0.000,0.004,0.00,0.000,1.1,3.1,1.0,162,24,1.7,5.0,1.2,164,27,1.1,3.1,1.0,162,24,272,28.64,,0,0,0,64.2,69.6,70.0,0.17,0.25,0.08
WGAT,2017-08-21 08:25:00 EDT,43.53241,-75.15860,1453,64.3,64.2,64.3,85.3,59.8,0.000,0.004,0.00,0.000,1.5,3.5,0.8,165,18,2.1,4.4,1.0,167,21,1.5,3.5,0.8,165,18,306,28.64,,0,0,0,64.3,69.6,70.0,0.17,0.25,0.08
WGAT,2017-08-21 08:30:00 EDT,43.53241,-75.15860,1453,64.9,64.7,64.9,84.1,60.0,0.000,0.004,0.00,0.000,1.8,3.7,1.1,169,25,2.6,5.5,1.3,175,27,1.8,3.7,1.1,169,25,345,28.64,,0,0,0,64.4,69.6,70.0,0.17,0.25,0.08
WGAT,2017-08-21 08:35:00 EDT,43.53241,-75.15860,1453,65.3,65.0,65.3,83.4,60.1,0.000,0.004,0.00,0.000,3.3,6.1,1.2,167,16,4.1,9.3,1.6,171,16,3.3,6.1,1.2,167,16,311,28.64,,0,0,0,64.4,69.6,70.0,0.17,0.25,0.08
WGAT,2017-08-21 08:40:00 EDT,43.53241,-75.15860,1453,65.5,65.1,65.5,83.5,60.4,0.000,0.004,0.00,0.000,2.7,6.6,1.3,163,25,3.3,8.0,1.6,169,23,2.7,6.6,1.3,163,25,310,28.64,,0,0,0,64.4,69.6,70.0,0.17,0.25,0.08
WGAT,2017-08-21 08:45:00 EDT,43.53241,-75.15860,1453,65.6,65.3,65.6,84.6,60.8,0.000,0.004,0.00,0.000,1.4,3.6,0.9,165,28,2.0,5.4,1.0,169,28,1.4,3.6,0.9,165,28,201,28.64,,0,0,0,64.6,69.6,70.0,0.17,0.25,0.08
WGAT,2017-08-21 08:50:00 EDT,43.53241,-75.15860,1453,65.4,65.2,65.4,85.8,61.0,0.000,0.004,0.00,0.000,2.2,5.5,1.2,168,25,2.8,6.9,1.5,177,24,2.2,5.5,1.2,168,25,161,28.64,,0,0,0,64.8,69.6,70.0,0.17,0.25,0.08
WGAT,2017-08-21 08:55:00 EDT,43.53241,-75.15860,1453,65.5,65.2,65.5,85.8,61.2,0.000,0.004,0.00,0.000,2.5,4.4,0.8,178,19,3.1,5.3,0.9,183,19,2.5,4.4,0.8,178,19,213,28.64,,0,0,0,65.0,69.6,70.0,0.17,0.25,0.08
WGAT,2017-08-21 09:00:00 EDT,43.53241,-75.15860,1453,65.6,65.4,65.6,85.0,61.0,0.000,0.004,0.00,0.000,2.5,5.4,1.2,168,22,3.1,6.6,1.5,172,21,2.5,5.4,1.2,168,22,221,28.64,,0,0,0,65.1,69.6,70.0,0.17,0.25,0.08
WGAT,2017-08-21 09:05:00 EDT,43.53241,-75.15860,1453,66.1,65.6,66.1,84.2,61.2,0.000,0.004,0.00,0.000,1.8,3.4,0.6,176,33,2.5,4.5,0.7,182,32,1.8,3.4,0.6,176,33,250,28.64,,0,0,0,65.3,69.4,70.0,0.17,0.25,0.08
WGAT,2017-08-21 09:10:00 EDT,43.53241,-75.15860,1453,66.8,66.3,66.8,83.4,61.6,0.000,0.004,0.00,0.000,1.9,5.0,1.2,166,23,2.3,5.5,1.3,164,27,1.9,5.0,1.2,166,23,399,28.64,,0,0,0,65.5,69.3,70.0,0.17,0.25,0.08
WGAT,2017-08-21 09:15:00 EDT,43.53241,-75.15860,1453,67.7,67.1,67.7,81.8,61.9,0.000,0.004,0.00,0.000,0.9,3.1,0.8,140,35,1.8,4.1,0.9,142,42,0.9,3.1,0.8,140,35,370,28.64,,0,0,0,65.8,69.3,70.0,0.17,0.25,0.08
WGAT,2017-08-21 09:20:00 EDT,43.53241,-75.15860,1453,68.0,67.4,68.0,79.8,61.5,0.000,0.004,0.00,0.000,1.8,4.9,1.2,154,42,2.4,6.5,1.5,162,37,1.8,4.9,1.2,154,42,434,28.63,,0,0,0,65.8,69.3,70.0,0.17,0.25,0.08
WGAT,2017-08-21 09:25:00 EDT,43.53241,-75.15860,1453,68.3,67.8,68.3,77.8,61.1,0.000,0.004,0.00,0.000,2.0,3.8,0.9,172,25,2.7,5.7,1.0,176,22,2.0,3.8,0.9,172,25,272,28.63,,0,0,0,65.9,69.3,70.0,0.17,0.25,0.08
WGAT,2017-08-21 09:30:00 EDT,43.53241,-75.15860,1453,68.4,67.8,68.4,77.6,61.2,0.000,0.004,0.00,0.000,2.6,4.7,1.0,170,38,3.1,5.4,1.0,173,40,2.6,4.7,1.0,170,38,305,28.64,,0,0,0,66.0,69.3,70.0,0.17,0.25,0.08
WGAT,2017-08-21 09:35:00 EDT,43.53241,-75.15860,1453,69.3,68.5,69.3,78.0,62.2,0.000,0.004,0.00,0.000,0.7,2.3,0.7,141,40,1.3,3.8,0.8,138,48,0.7,2.3,0.7,141,40,438,28.64,,0,0,0,66.3,69.3,70.0,0.17,0.25,0.08
WGAT,2017-08-21 09:40:00 EDT,43.53241,-75.15860,1453,70.0,69.1,70.0,74.9,61.6,0.000,0.004,0.00,0.000,1.3,2.5,0.6,180,31,1.7,3.8,0.9,184,32,1.3,2.5,0.6,180,31,430,28.63,,0,0,0,66.4,69.3,70.0,0.17,0.25,0.08
WGAT,2017-08-21 09:45:00 EDT,43.53241,-75.15860,1453,70.2,69.6,70.2,73.1,61.2,0.000,0.004,0.00,0.000,1.4,4.2,1.0,158,34,1.9,4.4,1.0,165,40,1.4,4.2,1.0,158,34,462,28.63,,0,0,0,66.7,69.3,70.0,0.17,0.25,0.08
WGAT,2017-08-21 09:50:00 EDT,43.53241,-75.15860,1453,70.6,70.0,70.6,70.7,60.6,0.000,0.004,0.00,0.000,1.0,2.9,0.6,165,37,1.6,4.0,0.9,171,32,1.0,2.9,0.6,165,37,503,28.64,,0,0,0,67.1,69.3,70.0,0.17,0.25,0.08
WGAT,2017-08-21 09:55:00 EDT,43.53241,-75.15860,1453,71.6,70.7,71.6,68.0,60.5,0.000,0.004,0.00,0.000,2.7,5.0,1.1,167,25,3.3,6.8,1.4,171,25,2.7,5.0,1.1,167,25,586,28.64,,0,0,0,67.2,69.3,70.0,0.17,0.25,0.08
WGAT,2017-08-21 10:00:00 EDT,43.53241,-75.15860,1453,72.4,71.5,72.4,68.4,61.4,0.000,0.004,0.00,0.000,1.9,5.9,1.0,189,26,2.3,7.8,1.4,191,26,1.9,5.9,1.0,189,26,596,28.64,,0,0,0,67.5,69.3,70.0,0.17,0.25,0.08
WGAT,2017-08-21 10:05:00 EDT,43.53241,-75.15860,1453,72.6,71.6,72.6,66.0,60.6,0.000,0.004,0.00,0.000,2.4,5.4,1.2,178,34,3.0,7.4,1.5,185,32,2.4,5.4,1.2,178,34,551,28.64,,0,0,0,67.8,69.3,70.0,0.17,0.25,0.08
WGAT,2017-08-21 10:10:00 EDT,43.53241,-75.15860,1453,72.7,71.7,72.7,64.4,59.9,0.000,0.004,0.00,0.000,3.6,6.1,1.2,176,24,4.3,7.3,1.6,181,23,3.6,6.1,1.2,176,24,565,28.64,,0,0,0,68.1,69.3,70.0,0.17,0.25,0.08
WGAT,2017-08-21 10:15:00 EDT,43.53241,-75.15860,1453,73.1,72.2,73.1,64.6,60.5,0.000,0.004,0.00,0.000,3.0,6.4,1.5,182,25,3.5,8.3,1.9,184,26,3.0,6.4,1.5,182,25,520,28.64,,0,0,0,68.5,69.2,70.0,0.17,0.25,0.08
WGAT,2017-08-21 10:20:00 EDT,43.53241,-75.15860,1453,72.9,72.3,72.9,64.8,60.4,0.000,0.004,0.00,0.000,2.0,6.4,1.2,186,37,2.6,8.5,1.5,188,36,2.0,6.4,1.2,186,37,487,28.64,,0,0,0,68.8,69.0,70.0,0.17,0.25,0.08
WGAT,2017-08-21 10:25:00 EDT,43.53241,-75.15860,1453,73.6,72.8,73.6,64.8,61.0,0.000,0.004,0.00,0.000,3.3,7.9,1.5,191,30,3.9,9.5,1.9,195,28,3.3,7.9,1.5,191,30,570,28.64,,0,0,0,69.1,69.0,70.0,0.17,0.25,0.08
WGAT,2017-08-21 10:30:00 EDT,43.53241,-75.15860,1453,74.4,73.4,74.4,63.2,61.1,0.000,0.004,0.00,0.000,2.7,7.0,1.9,191,38,3.4,8.2,1.9,201,37,2.7,7.0,1.9,191,38,614,28.64,,0,0,0,69.4,68.9,70.0,0.17,0.25,0.08
WGAT,2017-08-21 10:35:00 EDT,43.53241,-75.15860,1453,74.8,73.8,74.8,62.6,61.2,0.000,0.004,0.00,0.000,2.7,6.7,1.4,195,39,3.2,7.7,1.7,198,38,2.7,6.7,1.4,195,39,628,28.64,,0,0,0,69.7,68.9,70.0,0.17,0.25,0.08
WGAT,2017-08-21 10:40:00 EDT,43.53241,-75.15860,1453,75.3,74.0,75.3,61.7,61.3,0.000,0.004,0.00,0.000,2.0,6.2,1.6,195,23,2.7,8.6,1.9,199,29,2.0,6.2,1.6,195,23,638,28.64,,0,0,0,70.0,68.9,70.0,0.17,0.25,0.08
WGAT,2017-08-21 10:45:00 EDT,43.53241,-75.15860,1453,75.7,74.5,75.7,61.2,61.4,0.000,0.004,0.00,0.000,2.0,5.6,1.3,191,40,2.7,7.3,1.5,197,39,2.0,5.6,1.3,191,40,638,28.63,,0,0,0,70.3,68.9,70.0,0.17,0.25,0.08
WGAT,2017-08-21 10:50:00 EDT,43.53241,-75.15860,1453,76.1,74.6,76.1,60.4,61.4,0.000,0.004,0.00,0.000,2.1,5.9,1.4,214,38,2.7,7.4,1.6,218,37,2.1,5.9,1.4,214,38,586,28.63,,0,0,0,70.7,68.9,70.0,0.17,0.25,0.08
WGAT,2017-08-21 10:55:00 EDT,43.53241,-75.15860,1453,75.9,74.9,75.9,59.8,60.9,0.000,0.004,0.00,0.000,1.8,6.0,1.0,233,31,2.3,5.9,1.1,245,31,1.8,6.0,1.0,233,31,503,28.63,,0,0,0,70.9,68.9,70.0,0.17,0.25,0.08
WGAT,2017-08-21 11:00:00 EDT,43.53241,-75.15860,1453,76.1,74.8,76.1,59.9,61.2,0.000,0.004,0.00,0.000,3.4,6.7,1.5,202,37,4.1,10.4,1.8,211,35,3.4,6.7,1.5,202,37,661,28.63,,0,0,0,71.3,68.9,70.0,0.17,0.25,0.08
WGAT,2017-08-21 11:05:00 EDT,43.53241,-75.15860,1453,76.3,75.0,76.3,61.0,61.9,0.000,0.004,0.00,0.000,2.7,8.2,1.5,201,34,3.0,7.5,1.5,209,33,2.7,8.2,1.5,201,34,676,28.63,,0,0,0,71.4,68.9,70.0,0.17,0.25,0.08
WGAT,2017-08-21 11:10:00 EDT,43.53241,-75.15860,1453,76.7,75.1,76.7,61.0,62.3,0.000,0.004,0.00,0.000,2.2,5.8,1.3,207,43,2.8,10.4,1.6,212,43,2.2,5.8,1.3,207,43,660,28.63,,0,0,0,71.8,68.9,70.0,0.16,0.25,0.08
WGAT,2017-08-21 11:15:00 EDT,43.53241,-75.15860,1453,77.1,75.5,77.1,61.4,62.8,0.000,0.004,0.00,0.000,2.0,7.9,1.6,229,40,2.5,9.5,1.5,240,42,2.0,7.9,1.6,229,40,688,28.63,,0,0,0,72.3,68.9,70.0,0.16,0.25,0.08
WGAT,2017-08-21 11:20:00 EDT,43.53241,-75.15860,1453,77.0,75.6,77.0,60.0,62.0,0.000,0.004,0.00,0.000,2.4,5.6,1.2,232,42,3.0,6.9,1.3,237,42,2.4,5.6,1.2,232,42,688,28.62,,0,0,0,72.5,68.9,70.0,0.16,0.25,0.08
WGAT,2017-08-21 11:25:00 EDT,43.53241,-75.15860,1453,77.2,75.8,77.2,59.5,62.0,0.000,0.004,0.00,0.000,1.7,4.9,1.0,244,28,2.4,7.6,1.3,251,33,1.7,4.9,1.0,244,28,696,28.62,,0,0,0,72.8,68.9,69.9,0.17,0.25,0.08
WGAT,2017-08-21 11:30:00 EDT,43.53241,-75.15860,1453,77.6,76.2,77.6,58.3,61.9,0.000,0.004,0.00,0.000,2.8,9.9,1.7,222,49,3.4,10.4,1.9,241,48,2.8,9.9,1.7,222,49,705,28.62,,0,0,0,73.1,68.9,69.9,0.16,0.25,0.08
WGAT,2017-08-21 11:35:00 EDT,43.53241,-75.15860,1453,77.5,76.2,77.5,58.0,61.5,0.000,0.004,0.00,0.000,2.2,3.9,0.9,240,34,2.9,4.9,1.0,251,32,2.2,3.9,0.9,240,34,713,28.62,,0,0,0,73.4,68.9,69.9,0.16,0.25,0.08
WGAT,2017-08-21 11:40:00 EDT,43.53241,-75.15860,1453,77.8,76.3,77.8,57.8,61.7,0.000,0.004,0.00,0.000,1.5,3.5,0.9,254,56,2.0,4.8,1.2,257,59,1.5,3.5,0.9,254,56,718,28.62,,0,0,0,73.8,68.9,69.9,0.16,0.25,0.08
WGAT,2017-08-21 11:45:00 EDT,43.53241,-75.15860,1453,78.0,76.4,78.0,57.1,61.5,0.000,0.004,0.00,0.000,3.6,8.4,1.7,178,34,4.3,9.0,2.0,180,34,3.6,8.4,1.7,178,34,726,28.62,,0,0,0,73.9,68.9,69.9,0.16,0.25,0.08
WGAT,2017-08-21 11:50:00 EDT,43.53241,-75.15860,1453,78.0,76.6,78.0,58.0,62.1,0.000,0.004,0.00,0.000,2.2,7.7,1.3,174,49,2.8,9.5,1.6,185,50,2.2,7.7,1.3,174,49,731,28.61,,0,0,0,74.1,68.9,69.8,0.16,0.25,0.08
WGAT,2017-08-21 11:55:00 EDT,43.53241,-75.15860,1453,78.1,76.9,78.1,57.3,61.8,0.000,0.004,0.00,0.000,1.8,3.9,0.8,200,35,2.1,4.6,1.0,208,35,1.8,3.9,0.8,200,35,734,28.61,,0,0,0,74.3,68.9,69.7,0.16,0.25,0.08
WGAT,2017-08-21 12:00:00 EDT,43.53241,-75.15860,1453,78.2,76.9,78.2,55.6,61.0,0.000,0.004,0.00,0.000,2.6,6.1,1.2,238,47,3.2,7.5,1.5,249,44,2.6,6.1,1.2,238,47,740,28.61,,0,0,0,74.6,68.9,69.7,0.16,0.25,0.08
WGAT,2017-08-21 12:05:00 EDT,43.53241,-75.15860,1453,79.0,77.3,79.0,54.4,61.2,0.000,0.004,0.00,0.000,2.4,7.5,1.4,259,47,3.1,8.1,1.5,263,48,2.4,7.5,1.4,259,47,742,28.61,,0,0,0,74.7,68.9,69.6,0.16,0.25,0.08
WGAT,2017-08-21 12:10:00 EDT,43.53241,-75.15860,1453,78.6,76.9,78.6,55.0,61.1,0.000,0.004,0.00,0.000,3.1,7.7,1.5,216,34,3.9,8.9,1.7,218,32,3.1,7.7,1.5,216,34,748,28.61,,0,0,0,74.8,68.9,69.6,0.16,0.25,0.08
WGAT,2017-08-21 12:15:00 EDT,43.53241,-75.15860,1453,78.8,77.1,78.8,55.7,61.7,0.000,0.004,0.00,0.000,3.7,7.9,1.7,191,37,4.3,9.0,1.8,201,39,3.7,7.9,1.7,191,37,751,28.61,,0,0,0,75.0,68.9,69.6,0.16,0.25,0.08
WGAT,2017-08-21 12:20:00 EDT,43.53241,-75.15860,1453,78.7,77.1,78.7,55.8,61.6,0.000,0.004,0.00,0.000,2.9,7.2,1.4,209,37,3.8,9.1,1.8,219,35,2.9,7.2,1.4,209,37,756,28.61,,0,0,0,75.5,68.9,69.6,0.16,0.25,0.08
WGAT,2017-08-21 12:25:00 EDT,43.53241,-75.15860,1453,78.6,77.0,78.6,54.6,60.9,0.000,0.004,0.00,0.000,3.0,9.5,2.0,169,34,3.9,9.5,2.2,174,34,3.0,9.5,2.0,169,34,756,28.61,,0,0,0,75.6,68.9,69.6,0.16,0.25,0.08
WGAT,2017-08-21 12:30:00 EDT,43.53241,-75.15860,1453,78.8,77.2,78.8,54.9,61.2,0.000,0.004,0.00,0.000,4.3,10.2,2.1,175,25,5.2,11.7,2.3,178,23,4.3,10.2,2.1,175,25,724,28.61,,0,0,0,75.9,68.9,69.6,0.16,0.25,0.08
WGAT,2017-08-21 12:35:00 EDT,43.53241,-75.15860,1453,78.6,77.4,78.6,54.6,60.9,0.000,0.004,0.00,0.000,2.1,5.3,1.3,181,35,2.7,6.3,1.4,184,39,2.1,5.3,1.3,181,35,758,28.61,,0,0,0,76.4,69.0,69.6,0.16,0.25,0.08
WGAT,2017-08-21 12:40:00 EDT,43.53241,-75.15860,1453,79.4,77.9,79.4,51.7,60.1,0.000,0.004,0.00,0.000,1.7,4.5,1.0,214,40,2.5,6.9,1.2,220,39,1.7,4.5,1.0,214,40,759,28.61,,0,0,0,76.5,69.0,69.6,0.16,0.25,0.08
WGAT,2017-08-21 12:45:00 EDT,43.53241,-75.15860,1453,79.8,78.2,79.8,53.1,61.3,0.000,0.004,0.00,0.000,2.0,7.1,1.7,188,26,2.8,7.9,1.8,200,37,2.0,7.1,1.7,188,26,762,28.61,,0,0,0,76.8,69.2,69.6,0.16,0.25,0.08
WGAT,2017-08-21 12:50:00 EDT,43.53241,-75.15860,1453,80.3,78.9,81.3,51.6,60.9,0.000,0.004,0.00,0.000,1.7,4.5,0.9,254,46,2.3,4.5,1.0,262,44,1.7,4.5,0.9,254,46,766,28.61,,0,0,0,77.0,69.3,69.6,0.16,0.25,0.08
WGAT,2017-08-21 12:55:00 EDT,43.53241,-75.15860,1453,80.2,78.5,81.1,51.0,60.4,0.000,0.004,0.00,0.000,2.1,7.7,1.5,195,42,3.0,8.3,1.9,195,41,2.1,7.7,1.5,195,42,765,28.61,,0,0,0,77.2,69.3,69.6,0.16,0.25,0.08
WGAT,2017-08-21 13:00:00 EDT,43.53241,-75.15860,1453,80.2,78.9,81.3,53.1,61.6,0.000,0.004,0.00,0.000,2.5,13.4,2.8,192,41,3.2,14.2,2.7,212,40,2.5,13.4,2.8,192,41,760,28.61,,0,0,0,77.5,69.3,69.6,0.16,0.25,0.08
WGAT,2017-08-21 13:05:00 EDT,43.53241,-75.15860,1453,80.0,78.8,80.0,48.7,58.9,0.000,0.004,0.00,0.000,2.8,6.6,1.7,228,30,3.4,9.1,1.6,232,38,2.8,6.6,1.7,228,30,763,28.61,,0,0,0,77.9,69.3,69.6,0.16,0.25,0.08
WGAT,2017-08-21 13:10:00 EDT,43.53241,-75.15860,1453,80.3,78.8,81.0,49.3,59.6,0.000,0.004,0.00,0.000,2.0,6.1,1.2,206,38,2.8,8.7,1.4,211,39,2.0,6.1,1.2,206,38,752,28.60,,0,0,0,78.1,69.3,69.6,0.16,0.25,0.08
WGAT,2017-08-21 13:15:00 EDT,43.53241,-75.15860,1453,80.3,78.7,81.2,51.4,60.7,0.000,0.004,0.00,0.000,2.3,4.9,1.2,230,42,2.8,5.4,1.4,236,43,2.3,4.9,1.2,230,42,752,28.60,,0,0,0,78.1,69.3,69.6,0.16,0.25,0.08
WGAT,2017-08-21 13:20:00 EDT,43.53241,-75.15860,1453,80.8,79.2,81.5,49.7,60.2,0.000,0.004,0.00,0.000,1.3,3.9,1.0,228,46,2.0,5.3,1.3,235,51,1.3,3.9,1.0,228,46,764,28.60,,0,0,0,78.3,69.3,69.6,0.16,0.25,0.08
WGAT,2017-08-21 13:25:00 EDT,43.53241,-75.15860,1453,80.7,79.4,81.5,50.0,60.4,0.000,0.004,0.00,0.000,1.8,6.0,1.5,220,36,2.3,7.7,1.7,223,41,1.8,6.0,1.5,220,36,767,28.60,,0,0,0,78.6,69.3,69.6,0.16,0.25,0.08
WGAT,2017-08-21 13:30:00 EDT,43.53241,-75.15860,1453,80.9,79.3,81.4,47.5,59.1,0.000,0.004,0.00,0.000,1.6,3.6,1.0,230,52,2.3,4.7,1.1,236,52,1.6,3.6,1.0,230,52,746,28.60,,0,0,0,78.6,69.3,69.6,0.16,0.25,0.08
WGAT,2017-08-21 13:35:00 EDT,43.53241,-75.15860,1453,80.7,79.3,81.2,47.5,58.9,0.000,0.004,0.00,0.000,1.8,6.9,1.5,215,38,2.5,8.5,1.6,224,39,1.8,6.9,1.5,215,38,711,28.60,,0,0,0,78.8,69.3,69.6,0.16,0.25,0.08
WGAT,2017-08-21 13:40:00 EDT,43.53241,-75.15860,1453,80.4,79.1,81.4,52.7,61.5,0.000,0.004,0.00,0.000,3.5,8.8,2.0,191,35,4.3,12.7,2.3,193,33,3.5,8.8,2.0,191,35,675,28.60,,0,0,0,79.2,69.5,69.6,0.16,0.25,0.08
WGAT,2017-08-21 13:45:00 EDT,43.53241,-75.15860,1453,79.9,78.6,79.9,51.9,60.7,0.000,0.004,0.00,0.000,3.1,8.5,1.6,174,37,4.0,10.2,2.0,176,36,3.1,8.5,1.6,174,37,606,28.60,,0,0,0,79.2,69.6,69.6,0.16,0.25,0.08
WGAT,2017-08-21 13:50:00 EDT,43.53241,-75.15860,1453,80.1,78.8,81.2,53.2,61.5,0.000,0.004,0.00,0.000,2.9,8.2,1.9,203,32,3.6,10.6,2.1,208,33,2.9,8.2,1.9,203,32,604,28.60,,0,0,0,79.4,69.6,69.6,0.16,0.25,0.08
WGAT,2017-08-21 13:55:00 EDT,43.53241,-75.15860,1453,80.2,79.1,81.1,51.5,60.7,0.000,0.004,0.00,0.000,2.8,7.5,1.4,217,32,3.2,8.5,1.6,224,31,2.8,7.5,1.4,217,32,559,28.60,,0,0,0,79.5,69.6,69.6,0.16,0.25,0.08
WGAT,2017-08-21 14:00:00 EDT,43.53241,-75.15860,1453,79.7,78.6,79.7,49.2,59.0,0.000,0.004,0.00,0.000,1.3,3.8,0.9,225,35,1.6,5.5,1.1,232,34,1.3,3.8,0.9,225,35,507,28.60,,0,0,0,79.6,69.6,69.6,0.16,0.25,0.08
WGAT,2017-08-21 14:05:00 EDT,43.53241,-75.15860,1453,79.1,78.3,79.1,50.2,59.0,0.000,0.004,0.00,0.000,2.5,9.5,1.9,187,25,3.3,11.0,2.1,195,27,2.5,9.5,1.9,187,25,458,28.60,,0,0,0,80.1,69.6,69.6,0.16,0.25,0.08
WGAT,2017-08-21 14:10:00 EDT,43.53241,-75.15860,1453,78.8,78.0,78.8,51.3,59.3,0.000,0.004,0.00,0.000,2.6,7.2,1.5,199,28,3.2,8.8,1.7,207,28,2.6,7.2,1.5,199,28,389,28.59,,0,0,0,80.1,69.6,69.6,0.16,0.25,0.08
WGAT,2017-08-21 14:15:00 EDT,43.53241,-75.15860,1453,78.2,77.6,78.2,52.2,59.3,0.000,0.004,0.00,0.000,2.3,6.2,1.4,218,33,2.8,6.4,1.4,221,36,2.3,6.2,1.4,218,33,362,28.59,,0,0,0,80.1,69.6,69.6,0.16,0.25,0.08
WGAT,2017-08-21 14:20:00 EDT,43.53241,-75.15860,1453,77.7,77.3,77.7,53.8,59.6,0.000,0.004,0.00,0.000,2.8,8.7,1.5,217,35,3.3,10.6,1.6,221,37,2.8,8.7,1.5,217,35,271,28.59,,0,0,0,80.1,69.8,69.6,0.16,0.25,0.08
WGAT,2017-08-21 14:25:00 EDT,43.53241,-75.15860,1453,77.1,76.8,77.1,57.3,60.8,0.000,0.004,0.00,0.000,1.4,5.3,1.0,212,26,1.7,6.3,1.2,213,29,1.4,5.3,1.0,212,26,275,28.59,,0,0,0,80.1,70.0,69.6,0.16,0.25,0.08
WGAT,2017-08-21 14:30:00 EDT,43.53241,-75.15860,1453,76.8,76.5,76.8,58.6,61.2,0.000,0.004,0.00,0.000,1.4,4.4,0.9,198,28,1.8,5.4,1.1,205,31,1.4,4.4,0.9,198,28,247,28.59,,0,0,0,80.1,70.0,69.6,0.16,0.25,0.08
WGAT,2017-08-21 14:35:00 EDT,43.53241,-75.15860,1453,76.5,76.4,76.5,57.1,60.2,0.000,0.004,0.00,0.000,1.1,4.1,1.1,198,27,1.5,4.8,1.2,204,27,1.1,4.1,1.1,198,27,227,28.59,,0,0,0,80.1,70.0,69.6,0.16,0.25,0.08
WGAT,2017-08-21 14:40:00 EDT,43.53241,-75.15860,1453,76.4,76.1,76.4,60.0,61.5,0.000,0.004,0.00,0.000,0.9,4.2,0.9,217,38,1.2,4.1,1.0,220,37,0.9,4.2,0.9,217,38,215,28.58,,0,0,0,80.1,70.0,69.6,0.16,0.25,0.08
WGAT,2017-08-21 14:45:00 EDT,43.53241,-75.15860,1453,75.6,75.7,75.6,61.3,61.4,0.000,0.004,0.00,0.000,1.2,3.4,0.9,211,32,1.5,4.6,1.1,219,33,1.2,3.4,0.9,211,32,216,28.58,,0,0,0,80.1,70.0,69.6,0.16,0.25,0.08
WGAT,2017-08-21 14:50:00 EDT,43.53241,-75.15860,1453,75.6,75.7,75.6,61.7,61.6,0.000,0.004,0.00,0.000,1.1,2.9,0.8,197,26,1.3,3.7,0.8,206,31,1.1,2.9,0.8,197,26,228,28.58,,0,0,0,80.1,70.0,69.6,0.16,0.25,0.08
WGAT,2017-08-21 14:55:00 EDT,43.53241,-75.15860,1453,75.6,75.5,75.6,63.7,62.5,0.000,0.004,0.00,0.000,0.7,2.8,0.6,203,35,1.1,3.9,0.7,209,45,0.7,2.8,0.6,203,35,250,28.58,,0,0,0,80.1,70.0,69.6,0.16,0.25,0.08
WGAT,2017-08-21 15:00:00 EDT,43.53241,-75.15860,1453,75.7,75.7,75.7,63.7,62.5,0.000,0.004,0.00,0.000,0.3,1.2,0.4,211,18,0.6,3.8,0.7,211,21,0.3,1.2,0.4,211,18,277,28.58,,0,0,0,79.7,70.2,69.6,0.16,0.25,0.08
WGAT,2017-08-21 15:05:00 EDT,43.53241,-75.15860,1453,75.9,75.7,75.9,63.3,62.6,0.000,0.004,0.00,0.000,0.9,2.9,0.7,222,34,1.3,3.7,0.8,234,37,0.9,2.9,0.7,222,34,310,28.58,,0,0,0,79.5,70.3,69.6,0.16,0.25,0.08
WGAT,2017-08-21 15:10:00 EDT,43.53241,-75.15860,1453,76.1,76.0,76.1,63.1,62.7,0.000,0.004,0.00,0.000,1.2,4.2,1.1,189,29,1.7,4.8,1.1,199,30,1.2,4.2,1.1,189,29,345,28.58,,0,0,0,79.5,70.3,69.6,0.16,0.25,0.08
WGAT,2017-08-21 15:15:00 EDT,43.53241,-75.15860,1453,77.0,76.5,77.0,62.1,63.1,0.000,0.004,0.00,0.000,1.5,3.9,1.0,207,36,2.1,5.1,1.1,215,34,1.5,3.9,1.0,207,36,386,28.58,,0,0,0,79.5,70.3,69.6,0.16,0.25,0.08
WGAT,2017-08-21 15:20:00 EDT,43.53241,-75.15860,1453,77.8,76.9,77.8,61.2,63.3,0.000,0.004,0.00,0.000,1.3,3.6,1.0,212,34,1.5,5.2,1.0,221,34,1.3,3.6,1.0,212,34,417,28.58,,0,0,0,79.5,70.3,69.5,0.16,0.25,0.08
WGAT,2017-08-21 15:25:00 EDT,43.53241,-75.15860,1453,78.0,77.2,78.0,59.2,62.6,0.000,0.004,0.00,0.000,1.5,2.7,0.7,241,33,1.9,4.2,0.8,245,30,1.5,2.7,0.7,241,33,448,28.58,,0,0,0,79.5,70.3,69.5,0.16,0.25,0.08
WGAT,2017-08-21 15:30:00 EDT,43.53241,-75.15860,1453,78.5,77.6,78.5,57.9,62.4,0.000,0.004,0.00,0.000,1.7,5.0,1.1,206,29,2.2,5.8,1.1,212,32,1.7,5.0,1.1,206,29,478,28.58,,0,0,0,79.5,70.5,69.5,0.16,0.25,0.08
WGAT,2017-08-21 15:35:00 EDT,43.53241,-75.15860,1453,78.8,77.9,78.8,57.4,62.5,0.000,0.004,0.00,0.000,3.6,6.9,1.8,183,23,3.9,8.0,2.1,186,23,3.6,6.9,1.8,183,23,507,28.58,,0,0,0,79.4,70.6,69.4,0.16,0.25,0.08
WGAT,2017-08-21 15:40:00 EDT,43.53241,-75.15860,1453,78.9,78.0,78.9,57.4,62.6,0.000,0.004,0.00,0.000,1.7,5.6,1.2,185,35,2.2,5.9,1.2,192,40,1.7,5.6,1.2,185,35,523,28.58,,0,0,0,79.5,70.7,69.4,0.16,0.25,0.08
WGAT,2017-08-21 15:45:00 EDT,43.53241,-75.15860,1453,79.2,78.5,79.2,56.4,62.4,0.000,0.004,0.00,0.000,1.8,6.9,1.3,179,45,2.4,6.3,1.5,180,41,1.8,6.9,1.3,179,45,512,28.58,,0,0,0,79.5,70.7,69.4,0.16,0.25,0.08
WGAT,2017-08-21 15:50:00 EDT,43.53241,-75.15860,1453,79.4,78.5,79.4,55.6,62.1,0.000,0.004,0.00,0.000,2.9,7.3,1.3,198,30,3.4,9.1,1.6,202,28,2.9,7.3,1.3,198,30,550,28.58,,0,0,0,79.5,70.7,69.4,0.16,0.25,0.08
WGAT,2017-08-21 15:55:00 EDT,43.53241,-75.15860,1453,79.4,78.5,79.4,55.2,62.0,0.000,0.004,0.00,0.000,1.5,5.8,1.1,228,40,2.0,6.7,1.3,240,39,1.5,5.8,1.1,228,40,562,28.58,,0,0,0,79.5,70.7,69.4,0.16,0.25,0.08
WGAT,2017-08-21 16:00:00 EDT,43.53241,-75.15860,1453,79.6,78.5,79.6,53.7,61.4,0.000,0.004,0.00,0.000,1.4,5.7,1.3,232,38,1.8,6.6,1.3,236,48,1.4,5.7,1.3,232,38,543,28.57,,0,0,0,79.5,70.7,69.3,0.16,0.25,0.08
WGAT,2017-08-21 16:05:00 EDT,43.53241,-75.15860,1453,79.2,78.4,79.2,53.6,60.9,0.000,0.004,0.00,0.000,3.2,7.5,2.2,182,28,3.8,8.7,2.3,191,33,3.2,7.5,2.2,182,28,342,28.57,,0,0,0,79.5,70.8,69.3,0.16,0.25,0.08
WGAT,2017-08-21 16:10:00 EDT,43.53241,-75.15860,1453,77.9,77.7,77.9,54.9,60.4,0.000,0.004,0.00,0.000,1.7,4.0,1.1,203,32,2.1,5.6,1.2,212,38,1.7,4.0,1.1,203,32,206,28.57,,0,0,0,79.6,71.0,69.3,0.16,0.25,0.08
WGAT,2017-08-21 16:15:00 EDT,43.53241,-75.15860,1453,77.5,77.3,77.5,57.5,61.3,0.000,0.004,0.00,0.000,1.7,4.4,0.9,229,44,2.2,5.5,1.0,236,43,1.7,4.4,0.9,229,44,262,28.57,,0,0,0,80.0,71.1,69.3,0.16,0.25,0.08
WGAT,2017-08-21 16:20:00 EDT,43.53241,-75.15860,1453,77.9,77.5,77.9,58.6,62.2,0.000,0.004,0.00,0.000,1.3,4.2,0.8,229,35,1.8,5.0,1.0,233,40,1.3,4.2,0.8,229,35,385,28.57,,0,0,0,80.1,71.1,69.3,0.16,0.25,0.08
WGAT,2017-08-21 16:25:00 EDT,43.53241,-75.15860,1453,79.0,78.3,79.0,56.0,62.0,0.000,0.004,0.00,0.000,1.1,3.9,0.8,226,29,1.8,4.9,1.0,229,35,1.1,3.9,0.8,226,29,588,28.57,,0,0,0,80.1,71.1,69.3,0.16,0.25,0.08
WGAT,2017-08-21 16:30:00 EDT,43.53241,-75.15860,1453,80.3,79.3,81.4,53.1,61.7,0.000,0.004,0.00,0.000,2.8,8.6,1.8,164,31,3.7,10.2,2.1,169,32,2.8,8.6,1.8,164,31,529,28.57,,0,0,0,80.1,71.1,69.3,0.16,0.25,0.08
WGAT,2017-08-21 16:35:00 EDT,43.53241,-75.15860,1453,79.5,78.9,79.5,55.2,62.0,0.000,0.004,0.00,0.000,1.9,6.6,1.4,217,40,2.5,7.9,1.6,221,43,1.9,6.6,1.4,217,40,503,28.56,,0,0,0,80.1,71.1,69.3,0.16,0.25,0.08
WGAT,2017-08-21 16:40:00 EDT,43.53241,-75.15860,1453,78.6,78.8,78.6,58.4,62.8,0.000,0.004,0.00,0.000,2.5,8.5,1.5,223,40,3.0,9.4,1.7,230,41,2.5,8.5,1.5,223,40,470,28.56,,0,0,0,80.1,71.3,69.3,0.16,0.25,0.08
WGAT,2017-08-21 16:45:00 EDT,43.53241,-75.15860,1453,78.5,78.5,78.5,56.7,61.9,0.000,0.004,0.00,0.000,1.6,4.1,0.8,227,39,2.1,5.7,1.0,238,36,1.6,4.1,0.8,227,39,422,28.56,,0,0,0,80.1,71.4,69.3,0.16,0.25,0.07
WGAT,2017-08-21 16:50:00 EDT,43.53241,-75.15860,1453,78.4,78.4,78.4,54.3,60.5,0.000,0.004,0.00,0.000,1.7,4.8,1.0,223,42,1.9,5.5,1.2,227,45,1.7,4.8,1.0,223,42,339,28.56,,0,0,0,80.1,71.4,69.3,0.16,0.25,0.08
WGAT,2017-08-21 16:55:00 EDT,43.53241,-75.15860,1453,78.8,78.6,78.8,53.1,60.3,0.000,0.004,0.00,0.000,1.0,2.8,0.8,196,37,1.5,5.0,1.0,201,38,1.0,2.8,0.8,196,37,221,28.56,,0,0,0,80.1,71.4,69.3,0.16,0.25,0.08
WGAT,2017-08-21 17:00:00 EDT,43.53241,-75.15860,1453,78.3,78.6,78.3,54.1,60.3,0.000,0.004,0.00,0.000,3.2,7.2,1.5,195,34,3.9,9.7,1.8,201,35,3.2,7.2,1.5,195,34,114,28.56,,0,0,0,80.1,71.4,69.3,0.16,0.25,0.08
WGAT,2017-08-21 17:05:00 EDT,43.53241,-75.15860,1453,77.5,78.4,77.5,56.8,61.0,0.000,0.004,0.00,0.000,2.9,7.6,1.5,202,31,3.4,9.2,1.7,206,33,2.9,7.6,1.5,202,31,132,28.56,,0,0,0,80.1,71.4,69.3,0.16,0.25,0.08
WGAT,2017-08-21 17:10:00 EDT,43.53241,-75.15860,1453,77.5,78.4,77.5,55.8,60.5,0.000,0.004,0.00,0.000,2.9,6.2,1.2,204,33,3.3,6.7,1.2,211,36,2.9,6.2,1.2,204,33,274,28.56,,0,0,0,79.7,71.4,69.3,0.16,0.25,0.08
WGAT,2017-08-21 17:15:00 EDT,43.53241,-75.15860,1453,76.6,78.0,76.6,59.9,61.6,0.000,0.004,0.00,0.000,1.7,4.7,0.9,224,35,2.2,6.7,1.1,229,41,1.7,4.7,0.9,224,35,75,28.56,,0,0,0,79.5,71.4,69.3,0.16,0.25,0.08
WGAT,2017-08-21 17:20:00 EDT,43.53241,-75.15860,1453,76.4,77.8,76.4,60.7,61.9,0.000,0.004,0.00,0.000,1.5,3.4,0.8,215,38,1.9,4.0,0.9,227,37,1.5,3.4,0.8,215,38,67,28.56,,0,0,0,79.5,71.4,69.3,0.16,0.25,0.07
WGAT,2017-08-21 17:25:00 EDT,43.53241,-75.15860,1453,76.6,77.9,76.6,59.6,61.5,0.000,0.004,0.00,0.000,1.4,3.4,0.9,214,35,1.7,4.7,0.9,230,34,1.4,3.4,0.9,214,35,64,28.56,,0,0,0,79.3,71.5,69.3,0.16,0.25,0.07
WGAT,2017-08-21 17:30:00 EDT,43.53241,-75.15860,1453,76.2,77.6,76.2,60.9,61.8,0.000,0.004,0.00,0.000,1.1,2.3,0.6,231,26,1.5,3.2,0.7,232,34,1.1,2.3,0.6,231,26,57,28.56,,0,0,0,79.2,71.8,69.3,0.16,0.25,0.08
WGAT,2017-08-21 17:35:00 EDT,43.53241,-75.15860,1453,75.9,77.6,75.9,62.0,62.0,0.000,0.004,0.00,0.000,1.4,3.5,0.9,205,41,1.8,4.2,1.0,204,42,1.4,3.5,0.9,205,41,55,28.56,,0,0,0,79.2,71.8,69.3,0.16,0.25,0.07
WGAT,2017-08-21 17:40:00 EDT,43.53241,-75.15860,1453,76.0,77.3,76.0,62.0,62.0,0.000,0.004,0.00,0.000,1.6,3.8,0.9,218,43,2.0,6.0,1.1,225,45,1.6,3.8,0.9,218,43,52,28.56,,0,0,0,79.0,71.8,69.3,0.16,0.25,0.08
WGAT,2017-08-21 17:45:00 EDT,43.53241,-75.15860,1453,75.7,77.3,75.7,61.5,61.5,0.000,0.004,0.00,0.000,1.6,3.3,0.7,193,37,2.0,4.7,0.8,196,34,1.6,3.3,0.7,193,37,51,28.56,,0,0,0,78.6,71.8,69.3,0.16,0.25,0.07
WGAT,2017-08-21 17:50:00 EDT,43.53241,-75.15860,1453,75.8,77.2,75.8,63.5,62.6,0.000,0.004,0.00,0.000,1.3,4.2,1.0,204,28,1.6,6.4,1.2,207,32,1.3,4.2,1.0,204,28,55,28.56,,0,0,0,78.6,71.8,69.3,0.16,0.25,0.07
WGAT,2017-08-21 17:55:00 EDT,43.53241,-75.15860,1453,75.1,77.1,75.1,65.6,62.8,0.000,0.004,0.00,0.000,1.3,4.5,0.9,203,26,1.7,5.7,0.9,209,24,1.3,4.5,0.9,203,26,56,28.56,,0,0,0,78.4,71.8,69.3,0.16,0.25,0.07
WGAT,2017-08-21 18:00:00 EDT,43.53241,-75.15860,1453,74.9,76.8,74.9,66.5,63.0,0.000,0.004,0.00,0.000,2.0,5.9,1.3,209,32,2.3,6.2,1.3,217,27,2.0,5.9,1.3,209,32,71,28.56,,0,0,0,78.1,71.8,69.3,0.16,0.25,0.08
WGAT,2017-08-21 18:05:00 EDT,43.53241,-75.15860,1453,75.1,76.3,75.1,65.2,62.7,0.000,0.004,0.00,0.000,1.0,3.3,0.8,193,32,1.4,3.5,0.9,189,48,1.0,3.3,0.8,193,32,47,28.55,,0,0,0,78.1,71.8,69.3,0.16,0.25,0.08
WGAT,2017-08-21 18:10:00 EDT,43.53241,-75.15860,1453,74.6,76.2,74.6,67.3,63.1,0.000,0.004,0.00,0.000,0.7,2.8,0.5,210,30,1.0,2.8,0.6,218,33,0.7,2.8,0.5,210,30,46,28.55,,0,0,0,78.1,71.9,69.3,0.16,0.25,0.07
WGAT,2017-08-21 18:15:00 EDT,43.53241,-75.15860,1453,74.8,76.4,74.8,64.9,62.2,0.000,0.004,0.00,0.000,1.5,3.2,0.8,202,24,1.9,4.1,0.9,201,22,1.5,3.2,0.8,202,24,52,28.55,,0,0,0,78.1,72.3,69.3,0.16,0.25,0.07
WGAT,2017-08-21 18:20:00 EDT,43.53241,-75.15860,1453,74.5,76.1,74.5,66.6,62.7,0.000,0.004,0.00,0.000,1.6,5.7,1.2,200,29,1.8,6.6,1.3,207,28,1.6,5.7,1.2,200,29,43,28.55,,0,0,0,77.8,72.3,69.3,0.16,0.25,0.07
WGAT,2017-08-21 18:25:00 EDT,43.53241,-75.15860,1453,74.1,76.0,74.1,66.9,62.5,0.000,0.004,0.00,0.000,0.4,1.8,0.5,192,19,0.7,2.6,0.6,198,16,0.4,1.8,0.5,192,19,40,28.55,,0,0,0,77.7,72.3,69.3,0.16,0.25,0.07
WGAT,2017-08-21 18:30:00 EDT,43.53241,-75.15860,1453,73.2,75.5,73.2,69.7,62.7,0.000,0.004,0.00,0.000,0.6,2.0,0.5,183,16,0.8,2.4,0.7,188,20,0.6,2.0,0.5,183,16,42,28.55,,0,0,0,77.4,72.3,69.3,0.16,0.25,0.07
WGAT,2017-08-21 18:35:00 EDT,43.53241,-75.15860,1453,73.0,75.3,73.0,69.7,62.5,0.000,0.004,0.00,0.000,0.8,1.8,0.5,185,17,1.1,2.3,0.5,187,23,0.8,1.8,0.5,185,17,48,28.55,,0,0,0,77.2,72.3,69.3,0.16,0.25,0.07
WGAT,2017-08-21 18:40:00 EDT,43.53241,-75.15860,1453,72.9,75.2,72.9,69.9,62.5,0.000,0.004,0.00,0.000,0.8,3.0,0.8,196,16,1.1,3.8,0.8,198,21,0.8,3.0,0.8,196,16,34,28.55,,0,0,0,77.2,72.3,69.3,0.16,0.25,0.07
WGAT,2017-08-21 18:45:00 EDT,43.53241,-75.15860,1453,73.0,75.1,73.0,70.3,62.7,0.000,0.004,0.00,0.000,0.9,2.0,0.7,194,23,0.9,2.3,0.7,198,26,0.9,2.0,0.7,194,23,31,28.55,,0,0,0,77.2,72.3,69.3,0.16,0.25,0.07
WGAT,2017-08-21 18:50:00 EDT,43.53241,-75.15860,1453,72.3,74.5,72.3,73.8,63.5,0.000,0.004,0.00,0.000,0.1,1.2,0.3,224,13,0.5,1.8,0.5,234,17,0.1,1.2,0.3,224,13,25,28.55,,0,0,0,76.9,72.3,69.3,0.16,0.25,0.07
WGAT,2017-08-21 18:55:00 EDT,43.53241,-75.15860,1453,71.9,74.1,71.9,76.3,64.1,0.000,0.004,0.00,0.000,0.0,0.6,0.1,227,0,0.2,1.0,0.3,241,4,0.0,0.6,0.1,227,0,25,28.55,,0,0,0,76.8,72.3,69.3,0.16,0.25,0.07
WGAT,2017-08-21 19:00:00 EDT,43.53241,-75.15860,1453,72.1,73.6,72.1,74.4,63.5,0.000,0.004,0.00,0.000,0.0,0.0,0.0,0,0,0.1,1.1,0.3,162,6,0.0,0.0,0.0,0,0,23,28.55,,0,0,0,76.8,72.4,69.3,0.16,0.25,0.07
WGAT,2017-08-21 19:05:00 EDT,43.53241,-75.15860,1453,71.9,73.1,71.9,75.0,63.6,0.000,0.004,0.00,0.000,0.0,0.0,0.0,0,0,0.0,0.8,0.1,184,0,0.0,0.0,0.0,0,0,22,28.55,,0,0,0,76.6,72.6,69.3,0.16,0.25,0.07
WGAT,2017-08-21 19:10:00 EDT,43.53241,-75.15860,1453,71.1,72.6,71.1,76.6,63.4,0.000,0.004,0.00,0.000,0.0,0.0,0.0,0,0,0.0,0.0,0.0,0,0,0.0,0.0,0.0,0,0,19,28.55,,0,0,0,76.5,72.7,69.3,0.16,0.25,0.07
WGAT,2017-08-21 19:15:00 EDT,43.53241,-75.15860,1453,70.7,72.2,70.7,79.3,64.0,0.000,0.004,0.00,0.000,0.0,0.0,0.0,0,0,0.0,0.0,0.0,0,0,0.0,0.0,0.0,0,0,17,28.55,,0,0,0,76.5,72.7,69.3,0.16,0.25,0.07
WGAT,2017-08-21 19:20:00 EDT,43.53241,-75.15860,1453,70.7,72.0,70.7,79.3,64.0,0.000,0.004,0.00,0.000,0.0,0.0,0.0,0,0,0.0,0.0,0.0,0,0,0.0,0.0,0.0,0,0,16,28.55,,0,0,0,76.5,72.7,69.3,0.16,0.25,0.07
WGAT,2017-08-21 19:25:00 EDT,43.53241,-75.15860,1453,70.0,71.3,70.0,79.4,63.3,0.000,0.004,0.00,0.000,0.0,0.0,0.0,0,0,0.0,0.0,0.0,0,0,0.0,0.0,0.0,0,0,15,28.55,,0,0,0,76.0,72.7,69.3,0.16,0.25,0.07
WGAT,2017-08-21 19:30:00 EDT,43.53241,-75.15860,1453,70.1,70.9,70.1,81.1,64.0,0.000,0.004,0.00,0.000,0.0,0.9,0.2,164,0,0.4,1.5,0.5,167,5,0.0,0.9,0.2,164,0,14,28.55,,0,0,0,75.9,72.7,69.3,0.16,0.25,0.07
WGAT,2017-08-21 19:35:00 EDT,43.53241,-75.15860,1453,69.7,70.7,69.7,83.6,64.5,0.000,0.004,0.00,0.000,0.4,1.0,0.3,147,11,0.6,1.3,0.5,148,15,0.4,1.0,0.3,147,11,12,28.55,,0,0,0,75.9,72.7,69.3,0.16,0.25,0.07
WGAT,2017-08-21 19:40:00 EDT,43.53241,-75.15860,1453,69.4,70.5,69.4,85.3,64.8,0.000,0.004,0.00,0.000,0.0,0.0,0.0,0,0,0.1,1.0,0.3,192,4,0.0,0.0,0.0,0,0,10,28.55,,0,0,0,75.6,72.7,69.3,0.16,0.25,0.07
WGAT,2017-08-21 19:45:00 EDT,43.53241,-75.15860,1453,68.9,70.2,68.9,86.1,64.6,0.000,0.004,0.00,0.000,0.0,0.0,0.0,0,0,0.1,0.9,0.3,162,4,0.0,0.0,0.0,0,0,9,28.55,,0,0,0,75.6,72.7,69.3,0.16,0.25,0.07
WGAT,2017-08-21 19:50:00 EDT,43.53241,-75.15860,1453,68.8,69.8,68.8,87.0,64.7,0.000,0.004,0.00,0.000,0.0,0.0,0.0,0,0,0.1,0.9,0.2,180,4,0.0,0.0,0.0,0,0,7,28.55,,0,0,0,75.6,72.7,69.3,0.16,0.25,0.07
WGAT,2017-08-21 19:55:00 EDT,43.53241,-75.15860,1453,68.1,69.1,68.1,88.1,64.5,0.000,0.004,0.00,0.000,0.0,0.0,0.0,0,0,0.1,0.8,0.2,177,6,0.0,0.0,0.0,0,0,4,28.55,,0,0,0,75.4,72.7,69.3,0.16,0.25,0.07
WGAT,2017-08-21 20:00:00 EDT,43.53241,-75.15860,1453,68.0,69.1,68.0,88.5,64.4,0.000,0.004,0.00,0.000,0.0,0.0,0.0,0,0,0.0,0.8,0.2,172,1,0.0,0.0,0.0,0,0,2,28.55,,0,0,0,75.0,72.7,69.3,0.16,0.25,0.07
WGAT,2017-08-21 20:05:00 EDT,43.53241,-75.15860,1453,67.5,68.9,67.5,89.2,64.2,0.000,0.004,0.00,0.000,0.0,0.0,0.0,0,0,0.2,0.9,0.3,92,3,0.0,0.0,0.0,0,0,1,28.55,,0,0,0,75.0,72.7,69.3,0.16,0.25,0.07
WGAT,2017-08-21 20:10:00 EDT,43.53241,-75.15860,1453,67.4,68.2,67.4,90.9,64.6,0.000,0.004,0.00,0.000,0.0,0.0,0.0,0,0,0.1,0.8,0.3,86,3,0.0,0.0,0.0,0,0,0,28.55,,0,0,0,74.8,72.7,69.3,0.16,0.25,0.07
WGAT,2017-08-21 20:15:00 EDT,43.53241,-75.15860,1453,67.5,68.0,67.5,92.1,65.1,0.000,0.004,0.00,0.000,0.0,0.0,0.0,0,0,0.0,0.0,0.0,0,0,0.0,0.0,0.0,0,0,0,28.55,,0,0,0,74.7,72.7,69.3,0.16,0.25,0.07
WGAT,2017-08-21 20:20:00 EDT,43.53241,-75.15860,1453,67.1,67.6,67.1,91.4,64.5,0.000,0.004,0.00,0.000,0.0,0.0,0.0,0,0,0.0,0.7,0.1,83,0,0.0,0.0,0.0,0,0,0,28.55,,0,0,0,74.7,72.7,69.3,0.16,0.25,0.07
WGAT,2017-08-21 20:25:00 EDT,43.53241,-75.15860,1453,66.6,67.3,66.6,91.9,64.2,0.000,0.004,0.00,0.000,0.0,0.0,0.0,0,0,0.1,0.8,0.3,49,4,0.0,0.0,0.0,0,0,0,28.55,,0,0,0,74.7,72.8,69.4,0.16,0.25,0.07
WGAT,2017-08-21 20:30:00 EDT,43.53241,-75.15860,1453,66.5,67.3,66.5,91.5,64.0,0.000,0.004,0.00,0.000,0.1,0.5,0.2,33,0,0.3,1.1,0.4,23,7,0.1,0.5,0.2,33,0,0,28.55,,0,0,0,74.4,72.9,69.5,0.16,0.25,0.07
WGAT,2017-08-21 20:35:00 EDT,43.53241,-75.15860,1453,66.2,67.4,66.2,91.8,63.8,0.000,0.004,0.00,0.000,0.0,0.0,0.0,0,0,0.0,0.8,0.1,14,1,0.0,0.0,0.0,0,0,0,28.55,,0,0,0,74.3,73.0,69.4,0.16,0.25,0.07
WGAT,2017-08-21 20:40:00 EDT,43.53241,-75.15860,1453,66.1,67.1,66.1,91.5,63.6,0.000,0.004,0.00,0.000,0.0,0.0,0.0,0,0,0.0,0.0,0.0,0,0,0.0,0.0,0.0,0,0,0,28.55,,0,0,0,74.2,73.0,69.5,0.16,0.25,0.08
WGAT,2017-08-21 20:45:00 EDT,43.53241,-75.15860,1453,65.9,66.6,65.9,91.8,63.4,0.000,0.004,0.00,0.000,0.0,0.0,0.0,0,0,0.0,0.0,0.0,0,0,0.0,0.0,0.0,0,0,0,28.55,,0,0,0,73.9,73.0,69.5,0.16,0.25,0.07
WGAT,2017-08-21 20:50:00 EDT,43.53241,-75.15860,1453,65.6,66.3,65.6,92.5,63.3,0.000,0.004,0.00,0.000,0.0,0.0,0.0,0,0,0.0,0.0,0.0,0,0,0.0,0.0,0.0,0,0,0,28.55,,0,0,0,73.9,73.0,69.4,0.16,0.25,0.07
WGAT,2017-08-21 20:55:00 EDT,43.53241,-75.15860,1453,65.5,66.3,65.5,92.8,63.4,0.000,0.004,0.00,0.000,0.0,0.0,0.0,0,0,0.0,0.0,0.0,0,0,0.0,0.0,0.0,0,0,0,28.55,,0,0,0,73.9,73.0,69.5,0.16,0.25,0.07
WGAT,2017-08-21 21:00:00 EDT,43.53241,-75.15860,1453,64.9,66.0,64.9,93.7,63.0,0.000,0.004,0.00,0.000,0.0,0.0,0.0,0,0,0.0,0.7,0.1,7,0,0.0,0.0,0.0,0,0,0,28.55,,0,0,0,73.5,73.0,69.5,0.16,0.25,0.07
WGAT,2017-08-21 21:05:00 EDT,43.53241,-75.15860,1453,64.8,65.6,64.8,94.4,63.2,0.000,0.004,0.00,0.000,0.0,0.0,0.0,0,0,0.0,0.7,0.1,58,0,0.0,0.0,0.0,0,0,0,28.55,,0,0,0,73.4,73.0,69.5,0.16,0.25,0.07
WGAT,2017-08-21 21:10:00 EDT,43.53241,-75.15860,1453,64.8,65.5,64.8,94.7,63.2,0.000,0.004,0.00,0.000,0.1,0.7,0.2,34,0,0.6,1.1,0.4,57,6,0.1,0.7,0.2,34,0,0,28.55,,0,0,0,73.4,73.0,69.6,0.16,0.25,0.07
WGAT,2017-08-21 21:15:00 EDT,43.53241,-75.15860,1453,64.6,65.3,64.6,94.7,63.1,0.000,0.004,0.00,0.000,0.6,1.2,0.2,25,11,0.9,1.6,0.3,24,12,0.6,1.2,0.2,25,11,0,28.55,,0,0,0,73.1,73.0,69.6,0.16,0.25,0.07
WGAT,2017-08-21 21:20:00 EDT,43.53241,-75.15860,1453,64.6,65.7,64.6,95.0,63.1,0.000,0.004,0.00,0.000,0.5,1.0,0.3,27,14,0.9,1.7,0.4,34,16,0.5,1.0,0.3,27,14,0,28.55,,0,0,0,73.0,73.0,69.6,0.16,0.25,0.08
WGAT,2017-08-21 21:25:00 EDT,43.53241,-75.15860,1453,64.3,65.8,64.3,95.3,63.0,0.000,0.004,0.00,0.000,0.4,0.8,0.2,33,3,0.8,1.3,0.3,37,8,0.4,0.8,0.2,33,3,0,28.55,,0,0,0,73.0,73.0,69.6,0.16,0.25,0.07
WGAT,2017-08-21 21:30:00 EDT,43.53241,-75.15860,1453,64.3,65.6,64.3,95.8,63.1,0.000,0.004,0.00,0.000,0.0,0.1,0.0,40,0,0.2,1.1,0.4,14,7,0.0,0.1,0.0,40,0,0,28.55,,0,0,0,73.0,73.0,69.6,0.16,0.25,0.08
WGAT,2017-08-21 21:35:00 EDT,43.53241,-75.15860,1453,64.3,65.4,64.3,96.4,63.3,0.000,0.004,0.00,0.000,0.0,0.3,0.1,44,0,0.1,0.9,0.3,64,2,0.0,0.3,0.1,44,0,0,28.55,,0,0,0,72.7,73.0,69.6,0.16,0.25,0.08
WGAT,2017-08-21 21:40:00 EDT,43.53241,-75.15860,1453,64.3,65.1,64.3,96.3,63.2,0.000,0.004,0.00,0.000,0.0,0.0,0.0,0,0,0.0,0.7,0.1,73,81,0.0,0.0,0.0,0,0,0,28.55,,0,0,0,72.7,73.0,69.6,0.16,0.25,0.08
WGAT,2017-08-21 21:45:00 EDT,43.53241,-75.15860,1453,63.9,64.9,63.9,96.2,62.8,0.000,0.004,0.00,0.000,0.0,0.0,0.0,0,0,0.0,0.0,0.0,0,0,0.0,0.0,0.0,0,0,0,28.54,,0,0,0,72.7,73.0,69.6,0.16,0.25,0.08
WGAT,2017-08-21 21:50:00 EDT,43.53241,-75.15860,1453,64.0,64.8,64.0,96.5,63.0,0.000,0.004,0.00,0.000,0.0,0.0,0.0,0,0,0.2,0.9,0.4,3,6,0.0,0.0,0.0,0,0,0,28.54,,0,0,0,72.4,73.0,69.6,0.16,0.25,0.08
WGAT,2017-08-21 21:55:00 EDT,43.53241,-75.15860,1453,63.8,64.6,63.8,96.8,62.9,0.000,0.004,0.00,0.000,0.0,0.0,0.0,0,0,0.3,0.9,0.4,107,7,0.0,0.0,0.0,0,0,0,28.54,,0,0,0,72.3,73.0,69.6,0.16,0.25,0.08
WGAT,2017-08-21 22:00:00 EDT,43.53241,-75.15860,1453,63.6,64.3,63.6,96.5,62.6,0.000,0.004,0.00,0.000,0.0,0.0,0.0,0,0,0.0,0.0,0.0,0,0,0.0,0.0,0.0,0,0,0,28.54,,0,0,0,72.3,73.0,69.6,0.16,0.25,0.08
WGAT,2017-08-21 22:05:00 EDT,43.53241,-75.15860,1453,63.3,64.3,63.3,96.4,62.3,0.000,0.004,0.00,0.000,0.0,0.0,0.0,0,0,0.1,0.9,0.2,351,1,0.0,0.0,0.0,0,0,0,28.55,,0,0,0,72.3,73.0,69.6,0.16,0.25,0.08
WGAT,2017-08-21 22:10:00 EDT,43.53241,-75.15860,1453,63.3,64.2,63.3,96.9,62.4,0.000,0.004,0.00,0.000,0.0,0.0,0.0,0,0,0.1,0.8,0.3,120,2,0.0,0.0,0.0,0,0,0,28.55,,0,0,0,71.9,73.0,69.6,0.16,0.25,0.08
WGAT,2017-08-21 22:15:00 EDT,43.53241,-75.15860,1453,63.2,64.0,63.2,96.6,62.2,0.000,0.004,0.00,0.000,0.3,0.9,0.4,113,2,0.8,1.3,0.3,124,7,0.3,0.9,0.4,113,2,0,28.54,,0,0,0,71.8,73.0,69.6,0.16,0.25,0.08
WGAT,2017-08-21 22:20:00 EDT,43.53241,-75.15860,1453,63.1,64.0,63.1,96.7,62.1,0.000,0.004,0.00,0.000,0.1,0.7,0.2,119,0,0.2,1.0,0.3,123,3,0.1,0.7,0.2,119,0,0,28.54,,0,0,0,71.8,73.0,69.6,0.16,0.25,0.08
WGAT,2017-08-21 22:25:00 EDT,43.53241,-75.15860,1453,62.7,63.7,62.7,96.7,61.8,0.000,0.004,0.00,0.000,0.0,0.0,0.0,0,0,0.2,0.8,0.3,34,2,0.0,0.0,0.0,0,0,0,28.54,,0,0,0,71.7,73.0,69.6,0.16,0.25,0.08
WGAT,2017-08-21 22:30:00 EDT,43.53241,-75.15860,1453,62.8,63.6,62.8,97.2,62.0,0.000,0.004,0.00,0.000,0.0,0.0,0.0,0,0,0.2,0.9,0.4,49,12,0.0,0.0,0.0,0,0,0,28.54,,0,0,0,71.4,73.0,69.6,0.16,0.25,0.08
WGAT,2017-08-21 22:35:00 EDT,43.53241,-75.15860,1453,62.9,63.8,62.9,97.6,62.2,0.000,0.004,0.00,0.000,0.0,0.0,0.0,0,0,0.4,1.0,0.4,60,24,0.0,0.0,0.0,0,0,0,28.54,,0,0,0,71.4,73.0,69.6,0.16,0.25,0.08
WGAT,2017-08-21 22:40:00 EDT,43.53241,-75.15860,1453,63.0,63.6,63.0,97.6,62.3,0.000,0.004,0.00,0.000,0.7,1.1,0.2,132,16,1.1,1.6,0.2,134,22,0.7,1.1,0.2,132,16,0,28.54,,0,0,0,71.4,73.0,69.6,0.16,0.25,0.08
WGAT,2017-08-21 22:45:00 EDT,43.53241,-75.15860,1453,62.6,63.3,62.6,97.3,61.8,0.000,0.004,0.00,0.000,0.6,1.3,0.4,159,8,0.9,1.8,0.6,163,11,0.6,1.3,0.4,159,8,0,28.54,,0,0,0,71.4,73.0,69.6,0.16,0.25,0.07
WGAT,2017-08-21 22:50:00 EDT,43.53241,-75.15860,1453,62.3,63.1,62.3,97.2,61.5,0.000,0.004,0.00,0.000,0.0,0.0,0.0,0,0,0.1,0.8,0.3,78,4,0.0,0.0,0.0,0,0,0,28.54,,0,0,0,71.4,73.0,69.6,0.16,0.25,0.08
WGAT,2017-08-21 22:55:00 EDT,43.53241,-75.15860,1453,62.4,62.9,62.4,97.6,61.7,0.000,0.004,0.00,0.000,0.1,0.5,0.2,63,3,0.5,1.1,0.4,64,8,0.1,0.5,0.2,63,3,0,28.54,,0,0,0,71.1,73.0,69.6,0.16,0.25,0.07
WGAT,2017-08-21 23:00:00 EDT,43.53241,-75.15860,1453,62.3,62.8,62.3,97.7,61.7,0.000,0.004,0.00,0.000,0.1,0.5,0.2,50,0,0.1,0.9,0.3,39,1,0.1,0.5,0.2,50,0,0,28.54,,0,0,0,71.1,73.0,69.6,0.16,0.25,0.07
WGAT,2017-08-21 23:05:00 EDT,43.53241,-75.15860,1453,62.3,62.7,62.3,97.8,61.7,0.000,0.004,0.00,0.000,0.0,0.0,0.0,0,0,0.4,1.1,0.4,96,8,0.0,0.0,0.0,0,0,0,28.54,,0,0,0,71.1,72.9,69.6,0.16,0.25,0.07
WGAT,2017-08-21 23:10:00 EDT,43.53241,-75.15860,1453,62.1,62.6,62.1,97.6,61.4,0.000,0.004,0.00,0.000,0.2,0.7,0.2,127,5,0.4,1.1,0.4,129,7,0.2,0.7,0.2,127,5,0,28.54,,0,0,0,70.9,72.8,69.6,0.16,0.25,0.07
WGAT,2017-08-21 23:15:00 EDT,43.53241,-75.15860,1453,61.9,62.6,61.9,97.4,61.2,0.000,0.004,0.00,0.000,0.0,0.3,0.1,29,0,0.2,1.0,0.3,12,13,0.0,0.3,0.1,29,0,0,28.55,,0,0,0,70.7,72.8,69.6,0.16,0.25,0.07
WGAT,2017-08-21 23:20:00 EDT,43.53241,-75.15860,1453,62.0,62.4,62.0,97.8,61.4,0.000,0.004,0.00,0.000,0.4,1.2,0.4,20,3,0.7,1.7,0.6,24,9,0.4,1.2,0.4,20,3,0,28.54,,0,0,0,70.7,72.7,69.6,0.16,0.25,0.07
WGAT,2017-08-21 23:25:00 EDT,43.53241,-75.15860,1453,62.1,62.6,62.1,98.0,61.5,0.000,0.004,0.00,0.000,1.0,1.4,0.2,16,6,1.2,1.9,0.3,19,10,1.0,1.4,0.2,16,6,0,28.55,,0,0,0,70.7,72.7,69.6,0.16,0.25,0.07
WGAT,2017-08-21 23:30:00 EDT,43.53241,-75.15860,1453,62.1,62.6,62.1,98.2,61.6,0.000,0.004,0.00,0.000,0.6,1.5,0.5,19,5,1.0,1.9,0.5,34,20,0.6,1.5,0.5,19,5,0,28.55,,0,0,0,70.7,72.7,69.6,0.16,0.25,0.07
WGAT,2017-08-21 23:35:00 EDT,43.53241,-75.15860,1453,61.8,62.7,61.8,98.1,61.2,0.000,0.004,0.00,0.000,0.6,1.2,0.3,61,2,1.0,1.7,0.3,67,9,0.6,1.2,0.3,61,2,0,28.55,,0,0,0,70.4,72.7,69.6,0.16,0.25,0.07
WGAT,2017-08-21 23:40:00 EDT,43.53241,-75.15860,1453,61.7,62.3,61.7,98.1,61.2,0.000,0.004,0.00,0.000,0.2,0.7,0.2,77,5,0.5,1.1,0.4,82,11,0.2,0.7,0.2,77,5,0,28.55,,0,0,0,70.3,72.7,69.6,0.16,0.25,0.07
WGAT,2017-08-21 23:45:00 EDT,43.53241,-75.15860,1453,62.0,62.2,62.0,98.2,61.5,0.000,0.004,0.00,0.000,0.1,0.7,0.2,15,0,0.4,1.1,0.4,12,9,0.1,0.7,0.2,15,0,0,28.54,,0,0,0,70.3,72.7,69.6,0.16,0.25,0.07
WGAT,2017-08-21 23:50:00 EDT,43.53241,-75.15860,1453,61.8,62.3,61.8,98.3,61.3,0.000,0.004,0.00,0.000,0.5,1.1,0.2,36,14,0.8,1.5,0.3,38,15,0.5,1.1,0.2,36,14,0,28.54,,0,0,0,70.3,72.7,69.6,0.16,0.25,0.07
WGAT,2017-08-21 23:55:00 EDT,43.53241,-75.15860,1453,61.8,62.4,61.8,98.5,61.4,0.000,0.004,0.00,0.000,0.7,1.9,0.6,21,26,1.0,2.2,0.5,43,38,0.7,1.9,0.6,21,26,0,28.54,,0,0,0,70.1,72.7,69.6,0.16,0.25,0.07
WHIT,2017-08-21 00:00:00 EDT,43.48507,-73.42307,120,57.9,59.8,57.9,100.0,57.9,0.000,0.000,0.00,0.000,1.1,1.8,0.5,244,7,1.3,2.3,0.4,255,14,1.1,1.8,0.5,244,7,0,29.98,,0,0,0,69.3,70.7,67.1,0.31,0.49,0.52
WHIT,2017-08-21 00:05:00 EDT,43.48507,-73.42307,120,57.4,59.9,57.4,100.0,57.4,0.000,0.000,0.00,0.000,0.0,0.0,0.0,0,0,0.5,1.1,0.2,71,63,0.0,0.0,0.0,0,0,0,29.99,,0,0,0,69.3,70.7,67.1,0.31,0.50,0.52
WHIT,2017-08-21 00:10:00 EDT,43.48507,-73.42307,120,57.9,59.8,57.9,100.0,57.9,0.000,0.000,0.00,0.000,0.7,1.5,0.6,124,7,1.1,1.9,0.4,126,9,0.7,1.5,0.6,124,7,0,29.99,,0,0,0,69.1,70.7,67.1,0.31,0.50,0.52
WHIT,2017-08-21 00:15:00 EDT,43.48507,-73.42307,120,57.2,59.8,57.2,100.0,57.2,0.000,0.000,0.00,0.000,0.6,1.1,0.3,115,13,1.0,1.6,0.2,108,20,0.6,1.1,0.3,115,13,0,29.99,,0,0,0,68.9,70.7,67.1,0.31,0.50,0.52
WHIT,2017-08-21 00:20:00 EDT,43.48507,-73.42307,120,56.8,59.6,56.8,100.0,56.8,0.000,0.000,0.00,0.000,1.0,1.6,0.5,95,8,1.3,1.8,0.3,96,9,1.0,1.6,0.5,95,8,0,29.99,,0,0,0,68.9,70.7,67.1,0.31,0.49,0.52
WHIT,2017-08-21 00:25:00 EDT,43.48507,-73.42307,120,56.6,59.4,56.6,100.0,56.6,0.000,0.000,0.00,0.000,0.6,1.1,0.4,120,14,1.0,1.6,0.3,119,17,0.6,1.1,0.4,120,14,0,29.99,,0,0,0,68.9,70.7,67.1,0.31,0.49,0.52
WHIT,2017-08-21 00:30:00 EDT,43.48507,-73.42307,120,57.3,59.0,57.3,100.0,57.3,0.000,0.000,0.00,0.000,0.9,1.5,0.6,129,1,1.2,1.8,0.4,124,11,0.9,1.5,0.6,129,1,0,30.00,,0,0,0,68.9,70.7,67.1,0.31,0.50,0.52
WHIT,2017-08-21 00:35:00 EDT,43.48507,-73.42307,120,56.9,58.7,56.9,100.0,56.9,0.000,0.000,0.00,0.000,0.3,1.2,0.5,133,3,0.9,1.5,0.3,148,16,0.3,1.2,0.5,133,3,0,30.00,,0,0,0,68.9,70.7,67.1,0.31,0.49,0.52
WHIT,2017-08-21 00:40:00 EDT,43.48507,-73.42307,120,57.3,58.9,57.3,100.0,57.3,0.000,0.000,0.00,0.000,0.2,0.9,0.3,184,3,0.7,1.2,0.2,181,18,0.2,0.9,0.3,184,3,0,30.00,,0,0,0,68.7,70.7,67.1,0.31,0.49,0.52
WHIT,2017-08-21 00:45:00 EDT,43.48507,-73.42307,120,57.8,59.2,57.8,100.0,57.8,0.000,0.000,0.00,0.000,0.2,0.7,0.2,211,1,0.8,1.1,0.1,248,31,0.2,0.7,0.2,211,1,0,30.00,,0,0,0,68.5,70.7,67.1,0.31,0.49,0.52
WHIT,2017-08-21 00:50:00 EDT,43.48507,-73.42307,120,57.3,59.5,57.3,100.0,57.3,0.000,0.000,0.00,0.000,0.0,0.3,0.0,303,0,0.5,1.2,0.3,176,72,0.0,0.3,0.0,303,0,0,30.00,,0,0,0,68.5,70.7,67.1,0.31,0.49,0.52
WHIT,2017-08-21 00:55:00 EDT,43.48507,-73.42307,120,57.8,59.9,57.8,100.0,57.8,0.000,0.000,0.00,0.000,2.2,3.1,0.6,155,4,2.5,3.6,0.6,156,6,2.2,3.1,0.6,155,4,0,30.00,,0,0,0,68.5,70.7,67.1,0.31,0.50,0.52
WHIT,2017-08-21 01:00:00 EDT,43.48507,-73.42307,120,57.6,59.7,57.6,100.0,57.6,0.000,0.000,0.00,0.000,2.4,3.0,0.4,150,3,2.5,3.1,0.4,149,3,2.4,3.0,0.4,150,3,0,30.00,,0,0,0,68.5,70.7,67.1,0.31,0.49,0.52
WHIT,2017-08-21 01:05:00 EDT,43.48507,-73.42307,120,56.9,59.4,56.9,100.0,56.9,0.000,0.000,0.00,0.000,1.2,1.6,0.2,159,11,1.5,1.9,0.2,163,13,1.2,1.6,0.2,159,11,0,30.00,,0,0,0,68.5,70.7,67.1,0.31,0.50,0.52
WHIT,2017-08-21 01:10:00 EDT,43.48507,-73.42307,120,57.2,59.3,57.2,100.0,57.2,0.000,0.000,0.00,0.000,1.1,1.4,0.2,150,12,1.3,1.6,0.1,147,14,1.1,1.4,0.2,150,12,0,30.00,,0,0,0,68.5,70.7,67.1,0.31,0.50,0.52
WHIT,2017-08-21 01:15:00 EDT,43.48507,-73.42307,120,56.3,59.2,56.3,100.0,56.3,0.000,0.000,0.00,0.000,1.3,1.8,0.3,114,5,1.6,2.2,0.3,114,6,1.3,1.8,0.3,114,5,0,30.00,,0,0,0,68.4,70.7,67.1,0.31,0.49,0.52
WHIT,2017-08-21 01:20:00 EDT,43.48507,-73.42307,120,56.0,58.2,56.0,100.0,56.0,0.000,0.000,0.00,0.000,0.3,1.1,0.4,121,1,0.6,1.4,0.4,103,40,0.3,1.1,0.4,121,1,0,30.00,,0,0,0,68.2,70.7,67.1,0.31,0.50,0.52
WHIT,2017-08-21 01:25:00 EDT,43.48507,-73.42307,120,57.2,58.2,57.2,100.0,57.2,0.000,0.000,0.00,0.000,0.0,0.0,0.0,0,0,0.4,1.0,0.2,357,25,0.0,0.0,0.0,0,0,0,30.00,,0,0,0,68.2,70.7,67.1,0.31,0.50,0.52
WHIT,2017-08-21 01:30:00 EDT,43.48507,-73.42307,120,56.6,58.4,56.6,100.0,56.6,0.000,0.000,0.00,0.000,1.0,1.8,0.7,74,4,1.6,2.3,0.5,73,9,1.0,1.8,0.7,74,4,0,30.00,,0,0,0,68.2,70.7,67.1,0.31,0.50,0.52
WHIT,2017-08-21 01:35:00 EDT,43.48507,-73.42307,120,55.8,58.2,55.8,100.0,55.8,0.000,0.000,0.00,0.000,1.5,1.9,0.2,79,7,1.9,2.3,0.2,81,9,1.5,1.9,0.2,79,7,0,30.00,,0,0,0,68.2,70.7,67.1,0.31,0.50,0.52
WHIT,2017-08-21 01:40:00 EDT,43.48507,-73.42307,120,56.3,57.8,56.3,100.0,56.3,0.000,0.000,0.00,0.000,0.5,1.8,0.6,111,5,0.9,2.2,0.5,114,17,0.5,1.8,0.6,111,5,0,30.00,,0,0,0,68.2,70.7,67.1,0.31,0.50,0.52
WHIT,2017-08-21 01:45:00 EDT,43.48507,-73.42307,120,56.5,57.7,56.5,100.0,56.5,0.000,0.000,0.00,0.000,0.9,1.9,0.5,135,9,1.1,2.0,0.4,137,15,0.9,1.9,0.5,135,9,0,30.00,,0,0,0,67.9,70.7,67.1,0.31,0.50,0.52
WHIT,2017-08-21 01:50:00 EDT,43.48507,-73.42307,120,56.6,58.1,56.6,100.0,56.6,0.000,0.000,0.00,0.000,0.8,1.9,0.7,146,5,1.2,2.2,0.6,146,13,0.8,1.9,0.7,146,5,0,30.00,,0,0,0,67.8,70.7,67.1,0.31,0.49,0.52
WHIT,2017-08-21 01:55:00 EDT,43.48507,-73.42307,120,56.7,58.0,56.7,100.0,56.7,0.000,0.000,0.00,0.000,0.9,1.7,0.3,155,4,1.2,2.2,0.4,157,11,0.9,1.7,0.3,155,4,0,30.00,,0,0,0,67.8,70.7,67.1,0.31,0.50,0.52
WHIT,2017-08-21 02:00:00 EDT,43.48507,-73.42307,120,57.2,57.9,57.2,100.0,57.2,0.000,0.000,0.00,0.000,0.5,1.0,0.4,158,10,1.0,1.7,0.3,156,17,0.5,1.0,0.4,158,10,0,30.00,,0,0,0,67.8,70.7,67.1,0.31,0.50,0.52
WHIT,2017-08-21 02:05:00 EDT,43.48507,-73.42307,120,56.8,57.8,56.8,100.0,56.8,0.000,0.000,0.00,0.000,0.1,0.9,0.3,102,9,0.8,1.4,0.2,99,21,0.1,0.9,0.3,102,9,0,30.00,,0,0,0,67.8,70.7,67.1,0.31,0.50,0.52
WHIT,2017-08-21 02:10:00 EDT,43.48507,-73.42307,120,57.3,58.0,57.3,100.0,57.3,0.000,0.000,0.00,0.000,0.3,1.2,0.4,176,21,0.8,1.6,0.3,187,32,0.3,1.2,0.4,176,21,0,30.00,,0,0,0,67.8,70.7,67.1,0.31,0.50,0.52
WHIT,2017-08-21 02:15:00 EDT,43.48507,-73.42307,120,56.9,58.4,56.9,100.0,56.9,0.000,0.000,0.00,0.000,0.5,1.2,0.4,200,6,0.9,1.5,0.3,214,12,0.5,1.2,0.4,200,6,0,30.00,,0,0,0,67.8,70.7,67.1,0.31,0.49,0.52
WHIT,2017-08-21 02:20:00 EDT,43.48507,-73.42307,120,56.8,58.5,56.8,100.0,56.8,0.000,0.000,0.00,0.000,0.0,0.4,0.1,215,0,0.6,1.0,0.2,212,34,0.0,0.4,0.1,215,0,0,30.00,,0,0,0,67.6,70.7,67.1,0.31,0.50,0.52
WHIT,2017-08-21 02:25:00 EDT,43.48507,-73.42307,120,56.5,58.7,56.5,100.0,56.5,0.000,0.000,0.00,0.000,0.1,0.8,0.2,207,0,0.6,1.1,0.2,221,19,0.1,0.8,0.2,207,0,0,30.00,,0,0,0,67.5,70.7,67.1,0.31,0.50,0.52
WHIT,2017-08-21 02:30:00 EDT,43.48507,-73.42307,120,56.6,58.5,56.6,100.0,56.6,0.000,0.000,0.00,0.000,0.7,1.7,0.6,153,6,1.1,2.0,0.4,156,12,0.7,1.7,0.6,153,6,0,30.00,,0,0,0,67.5,70.7,67.1,0.31,0.50,0.52
WHIT,2017-08-21 02:35:00 EDT,43.48507,-73.42307,120,56.2,58.6,56.2,100.0,56.2,0.000,0.000,0.00,0.000,1.6,1.9,0.2,168,12,1.9,2.3,0.3,169,15,1.6,1.9,0.2,168,12,0,30.00,,0,0,0,67.5,70.7,67.1,0.31,0.50,0.52
WHIT,2017-08-21 02:40:00 EDT,43.48507,-73.42307,120,55.8,58.3,55.8,100.0,55.8,0.000,0.000,0.00,0.000,0.5,1.8,0.6,156,4,1.0,2.0,0.4,161,14,0.5,1.8,0.6,156,4,0,30.00,,0,0,0,67.5,70.7,67.1,0.31,0.50,0.52
WHIT,2017-08-21 02:45:00 EDT,43.48507,-73.42307,120,55.4,58.1,55.4,100.0,55.4,0.000,0.000,0.00,0.000,1.0,1.7,0.7,146,6,1.4,2.6,0.5,145,9,1.0,1.7,0.7,146,6,0,30.00,,0,0,0,67.5,70.7,67.1,0.31,0.50,0.52
WHIT,2017-08-21 02:50:00 EDT,43.48507,-73.42307,120,55.8,57.7,55.8,100.0,55.8,0.000,0.000,0.00,0.000,1.9,2.4,0.2,174,6,2.2,2.7,0.3,179,7,1.9,2.4,0.2,174,6,0,30.00,,0,0,0,67.5,70.7,67.1,0.31,0.50,0.52
WHIT,2017-08-21 02:55:00 EDT,43.48507,-73.42307,120,56.6,58.2,56.6,100.0,56.6,0.000,0.000,0.00,0.000,1.1,1.8,0.2,164,21,1.4,2.0,0.2,166,24,1.1,1.8,0.2,164,21,0,30.00,,0,0,0,67.2,70.7,67.1,0.31,0.50,0.52
WHIT,2017-08-21 03:00:00 EDT,43.48507,-73.42307,120,56.4,58.5,56.4,100.0,56.4,0.000,0.000,0.00,0.000,1.5,2.1,0.3,192,20,1.7,2.3,0.3,198,23,1.5,2.1,0.3,192,20,0,30.01,,0,0,0,67.1,70.6,67.1,0.31,0.50,0.52
WHIT,2017-08-21 03:05:00 EDT,43.48507,-73.42307,120,56.7,58.5,56.7,100.0,56.7,0.000,0.000,0.00,0.000,0.8,1.3,0.2,196,8,1.2,1.6,0.2,203,12,0.8,1.3,0.2,196,8,0,30.01,,0,0,0,67.1,70.6,67.1,0.31,0.50,0.52
WHIT,2017-08-21 03:10:00 EDT,43.48507,-73.42307,120,56.1,58.5,56.1,100.0,56.1,0.000,0.000,0.00,0.000,0.7,1.8,0.7,307,29,1.2,2.1,0.5,303,39,0.7,1.8,0.7,307,29,0,30.01,,0,0,0,67.1,70.5,67.1,0.31,0.49,0.52
WHIT,2017-08-21 03:15:00 EDT,43.48507,-73.42307,120,56.0,58.2,56.0,100.0,56.0,0.000,0.000,0.00,0.000,0.4,1.1,0.3,340,22,1.0,1.4,0.2,352,19,0.4,1.1,0.3,340,22,0,30.01,,0,0,0,67.1,70.4,67.1,0.32,0.50,0.52
WHIT,2017-08-21 03:20:00 EDT,43.48507,-73.42307,120,55.6,57.9,55.6,100.0,55.6,0.000,0.000,0.00,0.000,0.7,1.3,0.5,85,4,1.2,1.7,0.3,78,17,0.7,1.3,0.5,85,4,0,30.01,,0,0,0,67.1,70.4,67.1,0.32,0.49,0.52
WHIT,2017-08-21 03:25:00 EDT,43.48507,-73.42307,120,55.2,58.0,55.2,100.0,55.2,0.000,0.000,0.00,0.000,0.4,1.2,0.4,74,3,1.1,1.7,0.3,63,18,0.4,1.2,0.4,74,3,0,30.01,,0,0,0,67.1,70.3,67.1,0.32,0.49,0.52
WHIT,2017-08-21 03:30:00 EDT,43.48507,-73.42307,120,55.1,57.5,55.1,100.0,55.1,0.000,0.000,0.00,0.000,0.2,0.9,0.3,98,6,0.9,1.4,0.2,78,31,0.2,0.9,0.3,98,6,0,30.01,,0,0,0,67.1,70.4,67.1,0.32,0.49,0.52
WHIT,2017-08-21 03:35:00 EDT,43.48507,-73.42307,120,55.3,57.3,55.3,100.0,55.3,0.000,0.000,0.00,0.000,0.8,1.8,0.8,146,5,1.2,2.0,0.6,144,12,0.8,1.8,0.8,146,5,0,30.01,,0,0,0,67.1,70.3,67.1,0.32,0.49,0.52
WHIT,2017-08-21 03:40:00 EDT,43.48507,-73.42307,120,55.1,57.5,55.1,100.0,55.1,0.000,0.000,0.00,0.000,1.1,1.7,0.3,173,14,1.4,2.1,0.3,177,19,1.1,1.7,0.3,173,14,0,30.01,,0,0,0,67.0,70.3,67.1,0.32,0.49,0.52
WHIT,2017-08-21 03:45:00 EDT,43.48507,-73.42307,120,55.1,57.0,55.1,100.0,55.1,0.000,0.000,0.00,0.000,1.4,2.4,0.6,152,16,1.6,2.6,0.5,155,19,1.4,2.4,0.6,152,16,0,30.01,,0,0,0,66.7,70.3,67.1,0.32,0.50,0.52
WHIT,2017-08-21 03:50:00 EDT,43.48507,-73.42307,120,55.0,56.7,55.0,100.0,55.0,0.000,0.000,0.00,0.000,0.4,1.3,0.5,137,15,0.9,1.5,0.3,139,26,0.4,1.3,0.5,137,15,0,30.01,,0,0,0,66.7,70.3,67.1,0.32,0.49,0.52
WHIT,2017-08-21 03:55:00 EDT,43.48507,-73.42307,120,54.8,56.8,54.8,100.0,54.8,0.000,0.000,0.00,0.000,0.6,1.1,0.2,125,14,1.0,1.4,0.2,120,13,0.6,1.1,0.2,125,14,0,30.01,,0,0,0,66.7,70.3,67.1,0.32,0.49,0.52
WHIT,2017-08-21 04:00:00 EDT,43.48507,-73.42307,120,54.5,56.3,54.5,100.0,54.5,0.000,0.000,0.00,0.000,0.3,1.5,0.5,145,6,0.9,1.7,0.4,159,20,0.3,1.5,0.5,145,6,0,30.01,,0,0,0,66.7,70.3,67.1,0.32,0.50,0.52
WHIT,2017-08-21 04:05:00 EDT,43.48507,-73.42307,120,54.6,56.5,54.6,100.0,54.6,0.000,0.000,0.00,0.000,1.3,1.7,0.2,157,11,1.6,2.0,0.2,158,14,1.3,1.7,0.2,157,11,0,30.01,,0,0,0,66.7,70.3,67.1,0.32,0.49,0.52
WHIT,2017-08-21 04:10:00 EDT,43.48507,-73.42307,120,54.6,56.4,54.6,100.0,54.6,0.000,0.000,0.00,0.000,0.4,1.4,0.5,119,8,0.6,1.6,0.5,115,30,0.4,1.4,0.5,119,8,0,30.01,,0,0,0,66.7,70.3,67.1,0.32,0.49,0.52
WHIT,2017-08-21 04:15:00 EDT,43.48507,-73.42307,120,55.4,57.1,55.4,100.0,55.4,0.000,0.000,0.00,0.000,0.2,1.1,0.4,204,0,0.8,1.5,0.4,177,27,0.2,1.1,0.4,204,0,0,30.01,,0,0,0,66.7,70.3,67.1,0.32,0.49,0.52
WHIT,2017-08-21 04:20:00 EDT,43.48507,-73.42307,120,55.2,57.6,55.2,100.0,55.2,0.000,0.000,0.00,0.000,1.2,1.5,0.2,178,13,1.5,1.9,0.2,180,14,1.2,1.5,0.2,178,13,0,30.02,,0,0,0,66.5,70.3,67.1,0.32,0.49,0.52
WHIT,2017-08-21 04:25:00 EDT,43.48507,-73.42307,120,54.5,57.2,54.5,100.0,54.5,0.000,0.000,0.00,0.000,0.5,1.3,0.5,203,13,0.9,1.6,0.3,199,24,0.5,1.3,0.5,203,13,0,30.02,,0,0,0,66.4,70.3,67.1,0.32,0.49,0.52
WHIT,2017-08-21 04:30:00 EDT,43.48507,-73.42307,120,55.0,57.3,55.0,100.0,55.0,0.000,0.000,0.00,0.000,1.6,2.8,0.8,153,7,1.9,3.5,0.8,153,10,1.6,2.8,0.8,153,7,0,30.02,,0,0,0,66.4,70.3,67.1,0.32,0.49,0.52
WHIT,2017-08-21 04:35:00 EDT,43.48507,-73.42307,120,54.9,57.7,54.9,100.0,54.9,0.000,0.000,0.00,0.000,1.5,2.1,0.3,187,12,1.8,2.6,0.3,194,14,1.5,2.1,0.3,187,12,0,30.02,,0,0,0,66.4,70.3,67.1,0.32,0.49,0.52
WHIT,2017-08-21 04:40:00 EDT,43.48507,-73.42307,120,54.8,57.4,54.8,100.0,54.8,0.000,0.000,0.00,0.000,0.5,1.3,0.5,190,7,1.0,1.8,0.3,185,25,0.5,1.3,0.5,190,7,0,30.02,,0,0,0,66.4,70.3,67.1,0.32,0.49,0.52
WHIT,2017-08-21 04:45:00 EDT,43.48507,-73.42307,120,54.8,56.9,54.8,100.0,54.8,0.000,0.000,0.00,0.000,0.6,1.2,0.4,132,9,1.1,1.6,0.2,135,12,0.6,1.2,0.4,132,9,0,30.02,,0,0,0,66.4,70.3,67.1,0.31,0.50,0.52
WHIT,2017-08-21 04:50:00 EDT,43.48507,-73.42307,120,54.7,56.5,54.7,100.0,54.7,0.000,0.000,0.00,0.000,0.4,0.9,0.3,124,11,0.8,1.4,0.3,123,21,0.4,0.9,0.3,124,11,0,30.02,,0,0,0,66.4,70.3,67.1,0.31,0.49,0.52
WHIT,2017-08-21 04:55:00 EDT,43.48507,-73.42307,120,54.9,56.2,54.9,100.0,54.9,0.000,0.000,0.00,0.000,0.0,0.0,0.0,0,0,0.5,0.9,0.2,165,21,0.0,0.0,0.0,0,0,0,30.02,,0,0,0,66.4,70.3,67.1,0.31,0.49,0.52
WHIT,2017-08-21 05:00:00 EDT,43.48507,-73.42307,120,54.7,56.5,54.7,100.0,54.7,0.000,0.000,0.00,0.000,0.2,1.0,0.4,116,4,0.7,1.5,0.3,124,17,0.2,1.0,0.4,116,4,0,30.02,,0,0,0,66.4,70.3,67.1,0.31,0.49,0.52
WHIT,2017-08-21 05:05:00 EDT,43.48507,-73.42307,120,54.7,56.4,54.7,100.0,54.7,0.000,0.000,0.00,0.000,0.1,1.2,0.3,116,1,0.9,1.7,0.4,116,9,0.1,1.2,0.3,116,1,0,30.02,,0,0,0,66.4,70.3,67.1,0.31,0.49,0.52
WHIT,2017-08-21 05:10:00 EDT,43.48507,-73.42307,120,54.7,56.3,54.7,100.0,54.7,0.000,0.000,0.00,0.000,1.3,2.1,0.4,92,13,1.7,2.5,0.4,91,17,1.3,2.1,0.4,92,13,0,30.02,,0,0,0,66.4,70.3,67.1,0.31,0.49,0.52
WHIT,2017-08-21 05:15:00 EDT,43.48507,-73.42307,120,54.6,56.3,54.6,100.0,54.6,0.000,0.000,0.00,0.000,1.4,2.1,0.5,131,19,1.6,2.6,0.5,134,17,1.4,2.1,0.5,131,19,0,30.02,,0,0,0,66.4,70.3,67.1,0.31,0.49,0.52
WHIT,2017-08-21 05:20:00 EDT,43.48507,-73.42307,120,54.6,56.5,54.6,100.0,54.6,0.000,0.000,0.00,0.000,2.1,2.7,0.4,154,4,2.4,3.1,0.4,156,5,2.1,2.7,0.4,154,4,0,30.03,,0,0,0,66.4,70.3,67.1,0.31,0.49,0.52
WHIT,2017-08-21 05:25:00 EDT,43.48507,-73.42307,120,54.7,56.7,54.7,100.0,54.7,0.000,0.000,0.00,0.000,1.3,2.3,0.5,153,14,1.5,2.5,0.4,156,18,1.3,2.3,0.5,153,14,0,30.03,,0,0,0,66.3,70.3,67.1,0.32,0.49,0.52
WHIT,2017-08-21 05:30:00 EDT,43.48507,-73.42307,120,54.8,56.7,54.8,100.0,54.8,0.000,0.000,0.00,0.000,1.1,1.7,0.3,135,2,1.3,1.8,0.2,133,4,1.1,1.7,0.3,135,2,0,30.03,,0,0,0,66.0,70.1,67.1,0.32,0.49,0.52
WHIT,2017-08-21 05:35:00 EDT,43.48507,-73.42307,120,55.1,56.8,55.1,100.0,55.1,0.000,0.000,0.00,0.000,0.9,1.3,0.2,131,12,1.1,1.5,0.2,130,14,0.9,1.3,0.2,131,12,0,30.03,,0,0,0,66.0,70.0,67.1,0.31,0.50,0.52
WHIT,2017-08-21 05:40:00 EDT,43.48507,-73.42307,120,55.4,56.8,55.4,100.0,55.4,0.000,0.000,0.00,0.000,1.3,1.8,0.3,156,10,1.6,2.1,0.3,156,12,1.3,1.8,0.3,156,10,0,30.03,,0,0,0,66.0,70.0,67.1,0.31,0.49,0.52
WHIT,2017-08-21 05:45:00 EDT,43.48507,-73.42307,120,54.8,56.3,54.8,100.0,54.8,0.000,0.000,0.00,0.000,1.3,2.0,0.4,101,12,1.6,2.5,0.4,103,13,1.3,2.0,0.4,101,12,0,30.03,,0,0,0,66.0,70.0,67.1,0.31,0.49,0.52
WHIT,2017-08-21 05:50:00 EDT,43.48507,-73.42307,120,54.6,55.9,54.6,100.0,54.6,0.000,0.000,0.00,0.000,0.9,1.5,0.4,93,5,1.3,1.9,0.3,96,6,0.9,1.5,0.4,93,5,1,30.03,,0,0,0,66.0,70.0,67.1,0.31,0.49,0.52
WHIT,2017-08-21 05:55:00 EDT,43.48507,-73.42307,120,54.6,56.2,54.6,100.0,54.6,0.000,0.000,0.00,0.000,1.0,2.1,0.7,151,9,1.5,2.4,0.5,146,18,1.0,2.1,0.7,151,9,1,30.03,,0,0,0,66.0,70.0,67.1,0.31,0.49,0.54
WHIT,2017-08-21 06:00:00 EDT,43.48507,-73.42307,120,54.7,57.0,54.7,100.0,54.7,0.000,0.000,0.00,0.000,1.6,2.3,0.3,164,10,1.9,2.5,0.3,166,13,1.6,2.3,0.3,164,10,1,30.03,,0,0,0,66.0,70.0,67.1,0.31,0.49,0.52
WHIT,2017-08-21 06:05:00 EDT,43.48507,-73.42307,120,54.8,57.0,54.8,100.0,54.8,0.000,0.000,0.00,0.000,1.8,2.3,0.2,133,7,1.9,2.6,0.2,135,6,1.8,2.3,0.2,133,7,3,30.03,,0,0,0,66.0,70.0,67.1,0.31,0.49,0.52
WHIT,2017-08-21 06:10:00 EDT,43.48507,-73.42307,120,54.5,56.6,54.5,100.0,54.5,0.000,0.000,0.00,0.000,1.6,2.1,0.3,137,3,1.8,2.3,0.3,138,4,1.6,2.1,0.3,137,3,3,30.03,,0,0,0,66.0,70.0,67.1,0.31,0.49,0.52
WHIT,2017-08-21 06:15:00 EDT,43.48507,-73.42307,120,55.0,56.0,55.0,100.0,55.0,0.000,0.000,0.00,0.000,0.5,0.9,0.3,152,6,0.9,1.2,0.2,157,11,0.5,0.9,0.3,152,6,4,30.03,,0,0,0,66.0,70.0,67.1,0.31,0.49,0.52
WHIT,2017-08-21 06:20:00 EDT,43.48507,-73.42307,120,55.3,56.6,55.3,100.0,55.3,0.000,0.000,0.00,0.000,0.0,0.0,0.0,0,0,0.6,1.1,0.3,214,32,0.0,0.0,0.0,0,0,6,30.03,,0,0,0,65.9,70.0,67.1,0.31,0.49,0.52
WHIT,2017-08-21 06:25:00 EDT,43.48507,-73.42307,120,54.8,56.7,54.8,100.0,54.8,0.000,0.000,0.00,0.000,0.5,1.3,0.6,154,6,1.2,1.7,0.3,155,12,0.5,1.3,0.6,154,6,7,30.03,,0,0,0,65.9,70.0,67.1,0.31,0.49,0.52
WHIT,2017-08-21 06:30:00 EDT,43.48507,-73.42307,120,55.1,57.0,55.1,100.0,55.1,0.000,0.000,0.00,0.000,1.3,2.0,0.4,166,10,1.7,2.5,0.3,169,12,1.3,2.0,0.4,166,10,9,30.03,,0,0,0,65.9,70.0,67.1,0.32,0.50,0.52
WHIT,2017-08-21 06:35:00 EDT,43.48507,-73.42307,120,54.9,56.9,54.9,100.0,54.9,0.000,0.000,0.00,0.000,1.4,2.6,0.7,115,33,1.7,3.0,0.7,112,37,1.4,2.6,0.7,115,33,14,30.03,,0,0,0,65.8,70.0,67.1,0.31,0.50,0.52
WHIT,2017-08-21 06:40:00 EDT,43.48507,-73.42307,120,55.0,56.5,55.0,100.0,55.0,0.000,0.000,0.00,0.000,0.2,1.5,0.4,160,27,0.9,2.2,0.4,167,51,0.2,1.5,0.4,160,27,22,30.03,,0,0,0,65.8,70.0,67.1,0.31,0.50,0.52
WHIT,2017-08-21 06:45:00 EDT,43.48507,-73.42307,120,55.7,57.0,55.7,100.0,55.7,0.000,0.000,0.00,0.000,1.7,2.5,0.4,212,24,2.0,2.8,0.4,219,25,1.7,2.5,0.4,212,24,33,30.03,,0,0,0,65.8,70.0,67.1,0.31,0.50,0.52
WHIT,2017-08-21 06:50:00 EDT,43.48507,-73.42307,120,57.2,57.6,57.2,100.0,57.2,0.000,0.000,0.00,0.000,1.3,2.2,0.4,232,12,1.4,2.6,0.5,239,14,1.3,2.2,0.4,232,12,33,30.03,,0,0,0,65.8,70.0,67.1,0.31,0.50,0.52
WHIT,2017-08-21 06:55:00 EDT,43.48507,-73.42307,120,57.6,58.1,57.6,100.0,57.6,0.000,0.000,0.00,0.000,1.5,2.8,0.4,221,5,1.5,2.5,0.4,226,6,1.5,2.8,0.4,221,5,27,30.03,,0,0,0,65.8,70.0,67.1,0.31,0.50,0.52
WHIT,2017-08-21 07:00:00 EDT,43.48507,-73.42307,120,57.7,58.5,57.7,100.0,57.7,0.000,0.000,0.00,0.000,1.5,2.3,0.3,209,9,1.7,2.4,0.3,216,9,1.5,2.3,0.3,209,9,42,30.03,,0,0,0,65.8,70.0,67.1,0.31,0.50,0.52
WHIT,2017-08-21 07:05:00 EDT,43.48507,-73.42307,120,58.0,58.9,58.0,100.0,58.0,0.000,0.000,0.00,0.000,2.4,3.4,0.5,200,11,2.6,3.9,0.6,206,12,2.4,3.4,0.5,200,11,77,30.03,,0,0,0,65.8,70.0,67.1,0.31,0.50,0.54
WHIT,2017-08-21 07:10:00 EDT,43.48507,-73.42307,120,59.0,59.5,59.0,100.0,59.0,0.000,0.000,0.00,0.000,3.1,3.7,0.4,179,8,3.3,4.9,0.5,182,8,3.1,3.7,0.4,179,8,66,30.03,,0,0,0,65.8,70.0,67.1,0.31,0.50,0.52
WHIT,2017-08-21 07:15:00 EDT,43.48507,-73.42307,120,59.0,59.7,59.0,100.0,59.0,0.000,0.000,0.00,0.000,2.3,2.8,0.3,166,7,2.7,3.2,0.3,169,8,2.3,2.8,0.3,166,7,62,30.04,,0,0,0,65.8,70.0,67.1,0.31,0.50,0.52
WHIT,2017-08-21 07:20:00 EDT,43.48507,-73.42307,120,59.2,59.7,59.2,100.0,59.2,0.000,0.000,0.00,0.000,2.0,2.6,0.2,162,9,2.3,2.9,0.3,166,10,2.0,2.6,0.2,162,9,71,30.04,,0,0,0,65.9,70.0,67.1,0.32,0.50,0.52
WHIT,2017-08-21 07:25:00 EDT,43.48507,-73.42307,120,59.4,59.8,59.4,100.0,59.4,0.000,0.000,0.00,0.000,2.0,2.6,0.3,147,9,2.2,3.2,0.4,149,9,2.0,2.6,0.3,147,9,71,30.04,,0,0,0,66.0,70.0,67.1,0.31,0.49,0.54
WHIT,2017-08-21 07:30:00 EDT,43.48507,-73.42307,120,59.7,60.0,59.7,100.0,59.7,0.000,0.000,0.00,0.000,2.0,2.7,0.3,161,8,2.2,3.1,0.4,163,9,2.0,2.7,0.3,161,8,146,30.04,,0,0,0,66.0,70.0,67.1,0.32,0.50,0.52
WHIT,2017-08-21 07:35:00 EDT,43.48507,-73.42307,120,60.3,60.5,60.3,100.0,60.3,0.000,0.000,0.00,0.000,1.9,2.4,0.2,169,12,2.2,2.9,0.3,173,13,1.9,2.4,0.2,169,12,163,30.04,,0,0,0,66.0,70.0,67.1,0.32,0.49,0.52
WHIT,2017-08-21 07:40:00 EDT,43.48507,-73.42307,120,60.6,60.8,60.6,100.0,60.6,0.000,0.000,0.00,0.000,2.5,3.0,0.2,190,6,2.7,3.5,0.3,196,7,2.5,3.0,0.2,190,6,173,30.04,,0,0,0,66.0,70.0,67.1,0.32,0.49,0.54
WHIT,2017-08-21 07:45:00 EDT,43.48507,-73.42307,120,61.3,61.5,61.3,100.0,61.3,0.000,0.000,0.00,0.000,2.8,4.3,0.6,177,9,3.2,4.8,0.7,181,9,2.8,4.3,0.6,177,9,194,30.04,,0,0,0,66.0,70.0,67.1,0.32,0.50,0.52
WHIT,2017-08-21 07:50:00 EDT,43.48507,-73.42307,120,61.8,62.0,61.8,100.0,61.8,0.000,0.000,0.00,0.000,3.4,4.5,0.5,180,9,3.7,4.8,0.6,184,10,3.4,4.5,0.5,180,9,200,30.04,,0,0,0,66.2,70.0,67.1,0.32,0.50,0.52
WHIT,2017-08-21 07:55:00 EDT,43.48507,-73.42307,120,62.4,62.6,62.4,100.0,62.4,0.000,0.000,0.00,0.000,2.6,4.1,0.6,182,11,2.9,4.8,0.6,185,10,2.6,4.1,0.6,182,11,205,30.03,,0,0,0,66.4,69.8,67.1,0.32,0.50,0.52
WHIT,2017-08-21 08:00:00 EDT,43.48507,-73.42307,120,63.0,63.2,63.0,100.0,63.0,0.000,0.000,0.00,0.000,2.8,4.5,0.7,172,12,3.1,5.8,0.9,176,10,2.8,4.5,0.7,172,12,219,30.03,,0,0,0,66.4,69.7,67.1,0.32,0.50,0.52
WHIT,2017-08-21 08:05:00 EDT,43.48507,-73.42307,120,64.1,64.1,64.1,100.0,64.1,0.000,0.000,0.00,0.000,3.1,4.8,0.6,177,15,3.6,6.1,0.6,181,13,3.1,4.8,0.6,177,15,215,30.03,,0,0,0,66.4,69.7,67.1,0.32,0.50,0.52
WHIT,2017-08-21 08:10:00 EDT,43.48507,-73.42307,120,64.7,64.6,64.7,100.0,64.7,0.000,0.000,0.00,0.000,4.9,7.1,1.1,172,17,5.3,7.6,1.3,176,16,4.9,7.1,1.1,172,17,248,30.03,,0,0,0,66.4,69.6,67.1,0.32,0.50,0.52
WHIT,2017-08-21 08:15:00 EDT,43.48507,-73.42307,120,65.1,65.1,65.1,97.0,64.2,0.000,0.000,0.00,0.000,5.4,8.8,1.3,160,13,6.1,9.8,1.6,165,12,5.4,8.8,1.3,160,13,273,30.03,,0,0,0,66.6,69.6,67.1,0.32,0.50,0.52
WHIT,2017-08-21 08:20:00 EDT,43.48507,-73.42307,120,65.3,65.3,65.3,93.1,63.3,0.000,0.000,0.00,0.000,6.8,9.9,1.4,162,15,7.4,11.0,1.6,167,13,6.8,9.9,1.4,162,15,290,30.03,,0,0,0,66.7,69.6,67.1,0.32,0.50,0.52
WHIT,2017-08-21 08:25:00 EDT,43.48507,-73.42307,120,65.7,65.6,65.7,93.7,63.8,0.000,0.000,0.00,0.000,5.5,8.7,1.2,165,12,6.2,10.0,1.6,170,10,5.5,8.7,1.2,165,12,304,30.03,,0,0,0,66.7,69.6,67.1,0.32,0.50,0.52
WHIT,2017-08-21 08:30:00 EDT,43.48507,-73.42307,120,66.0,65.9,66.0,90.8,63.3,0.000,0.000,0.00,0.000,6.1,9.6,1.3,173,14,6.8,11.4,1.5,177,12,6.1,9.6,1.3,173,14,311,30.03,,0,0,0,66.7,69.6,67.1,0.32,0.49,0.52
WHIT,2017-08-21 08:35:00 EDT,43.48507,-73.42307,120,66.3,66.1,66.3,89.1,63.0,0.000,0.000,0.00,0.000,5.8,9.3,1.5,167,13,6.5,10.6,1.7,171,12,5.8,9.3,1.5,167,13,328,30.03,,0,0,0,66.7,69.6,67.1,0.32,0.50,0.52
WHIT,2017-08-21 08:40:00 EDT,43.48507,-73.42307,120,66.5,66.2,66.5,87.8,62.8,0.000,0.000,0.00,0.000,6.7,9.1,1.2,167,12,7.4,10.3,1.4,171,9,6.7,9.1,1.2,167,12,343,30.03,,0,0,0,66.7,69.6,67.1,0.32,0.50,0.52
WHIT,2017-08-21 08:45:00 EDT,43.48507,-73.42307,120,66.9,66.6,66.9,86.7,62.8,0.000,0.000,0.00,0.000,4.4,8.5,1.3,163,20,5.0,9.4,1.4,167,20,4.4,8.5,1.3,163,20,357,30.03,,0,0,0,67.0,69.6,67.1,0.32,0.50,0.52
WHIT,2017-08-21 08:50:00 EDT,43.48507,-73.42307,120,67.1,66.7,67.1,85.5,62.6,0.000,0.000,0.00,0.000,5.7,8.2,1.0,172,13,6.4,9.9,1.3,176,11,5.7,8.2,1.0,172,13,374,30.02,,0,0,0,67.1,69.6,67.1,0.32,0.51,0.52
WHIT,2017-08-21 08:55:00 EDT,43.48507,-73.42307,120,67.8,67.1,67.8,87.4,64.0,0.000,0.000,0.00,0.000,4.0,6.3,1.1,188,18,4.5,7.0,1.3,192,16,4.0,6.3,1.1,188,18,392,30.03,,0,0,0,67.1,69.6,67.1,0.31,0.50,0.52
WHIT,2017-08-21 09:00:00 EDT,43.48507,-73.42307,120,68.3,67.5,68.3,83.8,63.2,0.000,0.000,0.00,0.000,5.2,10.4,2.2,184,17,5.9,11.2,2.3,187,16,5.2,10.4,2.2,184,17,406,30.02,,0,0,0,67.1,69.6,67.1,0.32,0.50,0.52
WHIT,2017-08-21 09:05:00 EDT,43.48507,-73.42307,120,68.0,67.5,68.0,81.9,62.3,0.000,0.000,0.00,0.000,8.9,12.4,2.0,185,14,9.6,14.8,2.3,189,13,8.9,12.4,2.0,185,14,378,30.02,,0,0,0,67.4,69.6,67.1,0.31,0.49,0.52
WHIT,2017-08-21 09:10:00 EDT,43.48507,-73.42307,120,67.9,67.4,67.9,82.4,62.4,0.000,0.000,0.00,0.000,8.0,12.6,1.9,183,14,8.7,13.3,2.1,187,13,8.0,12.6,1.9,183,14,349,30.02,,0,0,0,67.5,69.6,67.1,0.31,0.50,0.52
WHIT,2017-08-21 09:15:00 EDT,43.48507,-73.42307,120,68.2,67.5,68.2,83.3,63.0,0.000,0.000,0.00,0.000,6.9,10.1,1.4,185,14,7.5,11.2,1.5,187,12,6.9,10.1,1.4,185,14,423,30.02,,0,0,0,67.5,69.6,67.1,0.31,0.50,0.52
WHIT,2017-08-21 09:20:00 EDT,43.48507,-73.42307,120,68.6,67.9,68.6,82.3,63.0,0.000,0.000,0.00,0.000,7.7,12.5,1.5,184,12,8.2,14.2,1.8,188,11,7.7,12.5,1.5,184,12,436,30.02,,0,0,0,67.8,69.6,67.1,0.31,0.50,0.52
WHIT,2017-08-21 09:25:00 EDT,43.48507,-73.42307,120,69.0,68.2,69.0,82.5,63.5,0.000,0.000,0.00,0.000,8.1,12.9,2.0,192,14,8.6,12.8,1.9,194,12,8.1,12.9,2.0,192,14,474,30.02,,0,0,0,67.8,69.6,67.1,0.32,0.50,0.52
WHIT,2017-08-21 09:30:00 EDT,43.48507,-73.42307,120,69.4,68.6,69.4,82.5,63.9,0.000,0.000,0.00,0.000,7.6,10.9,1.6,185,11,8.0,12.6,2.0,188,10,7.6,10.9,1.6,185,11,484,30.02,,0,0,0,67.8,69.6,67.1,0.32,0.50,0.52
WHIT,2017-08-21 09:35:00 EDT,43.48507,-73.42307,120,69.9,69.0,69.9,81.7,64.0,0.000,0.000,0.00,0.000,6.8,12.2,1.7,194,15,7.3,12.9,1.9,197,14,6.8,12.2,1.7,194,15,496,30.02,,0,0,0,68.1,69.6,67.1,0.32,0.50,0.52
WHIT,2017-08-21 09:40:00 EDT,43.48507,-73.42307,120,70.2,69.3,70.2,81.0,64.1,0.000,0.000,0.00,0.000,6.7,13.3,2.1,183,15,7.3,14.9,2.3,186,14,6.7,13.3,2.1,183,15,516,30.02,,0,0,0,68.2,69.6,67.1,0.31,0.50,0.54
WHIT,2017-08-21 09:45:00 EDT,43.48507,-73.42307,120,70.7,69.7,70.7,80.8,64.5,0.000,0.000,0.00,0.000,6.9,11.5,2.1,181,16,7.4,12.5,2.3,186,16,6.9,11.5,2.1,181,16,517,30.02,,0,0,0,68.4,69.6,67.1,0.32,0.50,0.52
WHIT,2017-08-21 09:50:00 EDT,43.48507,-73.42307,120,70.8,69.9,70.8,78.9,64.0,0.000,0.000,0.00,0.000,7.1,10.7,1.6,189,13,7.7,11.7,1.7,193,12,7.1,10.7,1.6,189,13,561,30.02,,0,0,0,68.5,69.6,67.1,0.32,0.50,0.52
WHIT,2017-08-21 09:55:00 EDT,43.48507,-73.42307,120,71.2,70.2,71.2,79.2,64.5,0.000,0.000,0.00,0.000,8.3,13.5,1.7,193,16,8.9,14.0,1.7,196,14,8.3,13.5,1.7,193,16,554,30.02,,0,0,0,68.5,69.6,67.1,0.32,0.50,0.52
WHIT,2017-08-21 10:00:00 EDT,43.48507,-73.42307,120,71.9,70.8,71.9,79.2,65.1,0.000,0.000,0.00,0.000,5.9,11.4,1.7,192,20,6.2,13.7,2.0,195,17,5.9,11.4,1.7,192,20,549,30.01,,0,0,0,68.7,69.6,67.1,0.32,0.50,0.52
WHIT,2017-08-21 10:05:00 EDT,43.48507,-73.42307,120,71.8,70.8,71.8,77.1,64.2,0.000,0.000,0.00,0.000,9.0,14.3,1.8,187,16,9.7,16.2,2.1,189,14,9.0,14.3,1.8,187,16,512,30.02,,0,0,0,68.9,69.4,67.1,0.32,0.50,0.52
WHIT,2017-08-21 10:10:00 EDT,43.48507,-73.42307,120,71.3,70.6,71.3,77.7,64.0,0.000,0.000,0.00,0.000,9.2,12.0,1.6,180,10,10.0,13.3,1.7,183,9,9.2,12.0,1.6,180,10,408,30.02,,0,0,0,69.1,69.4,67.1,0.32,0.50,0.52
WHIT,2017-08-21 10:15:00 EDT,43.48507,-73.42307,120,72.1,71.1,72.1,77.9,64.8,0.000,0.000,0.00,0.000,7.2,10.7,1.6,189,15,7.7,12.5,1.8,192,13,7.2,10.7,1.6,189,15,592,30.02,,0,0,0,69.3,69.3,67.1,0.32,0.50,0.52
WHIT,2017-08-21 10:20:00 EDT,43.48507,-73.42307,120,72.7,71.6,72.7,75.8,64.6,0.000,0.000,0.00,0.000,8.3,11.3,1.6,184,13,8.9,12.1,1.7,187,11,8.3,11.3,1.6,184,13,667,30.02,,0,0,0,69.3,69.3,67.1,0.32,0.50,0.52
WHIT,2017-08-21 10:25:00 EDT,43.48507,-73.42307,120,73.2,72.2,73.2,76.1,65.2,0.000,0.000,0.00,0.000,6.4,9.6,1.3,203,20,6.7,9.9,1.5,206,21,6.4,9.6,1.3,203,20,621,30.02,,0,0,0,69.4,69.3,67.1,0.32,0.50,0.52
WHIT,2017-08-21 10:30:00 EDT,43.48507,-73.42307,120,73.4,72.5,73.4,74.3,64.7,0.000,0.000,0.00,0.000,7.4,13.0,1.8,209,18,7.6,13.2,1.9,212,16,7.4,13.0,1.8,209,18,548,30.02,,0,0,0,69.6,69.3,67.1,0.32,0.50,0.52
WHIT,2017-08-21 10:35:00 EDT,43.48507,-73.42307,120,73.6,72.8,73.6,72.9,64.4,0.000,0.000,0.00,0.000,8.8,13.2,2.1,199,14,9.6,14.1,2.3,201,11,8.8,13.2,2.1,199,14,653,30.02,,0,0,0,69.7,69.3,67.1,0.32,0.50,0.52
WHIT,2017-08-21 10:40:00 EDT,43.48507,-73.42307,120,73.9,73.0,73.9,71.9,64.3,0.000,0.000,0.00,0.000,8.7,14.4,2.0,202,13,9.1,16.1,2.1,204,10,8.7,14.4,2.0,202,13,645,30.02,,0,0,0,70.0,69.3,67.1,0.32,0.50,0.52
WHIT,2017-08-21 10:45:00 EDT,43.48507,-73.42307,120,74.0,73.2,74.0,71.8,64.4,0.000,0.000,0.00,0.000,8.1,13.3,1.8,208,18,8.4,15.0,2.0,210,17,8.1,13.3,1.8,208,18,589,30.02,,0,0,0,70.0,69.3,67.1,0.32,0.50,0.52
WHIT,2017-08-21 10:50:00 EDT,43.48507,-73.42307,120,74.2,73.5,74.2,71.7,64.5,0.000,0.000,0.00,0.000,7.3,11.2,1.5,209,18,7.7,11.4,1.5,212,16,7.3,11.2,1.5,209,18,492,30.02,,0,0,0,70.2,69.3,67.1,0.32,0.50,0.52
WHIT,2017-08-21 10:55:00 EDT,43.48507,-73.42307,120,74.8,73.9,74.8,72.7,65.5,0.000,0.000,0.00,0.000,6.5,9.7,1.4,195,15,7.1,11.5,1.5,197,14,6.5,9.7,1.4,195,15,694,30.02,,0,0,0,70.3,69.3,67.1,0.32,0.50,0.52
WHIT,2017-08-21 11:00:00 EDT,43.48507,-73.42307,120,75.6,74.4,75.6,71.1,65.5,0.000,0.000,0.00,0.000,6.6,11.5,2.0,188,12,7.0,13.2,2.2,191,12,6.6,11.5,2.0,188,12,721,30.02,,0,0,0,70.4,69.3,67.1,0.31,0.50,0.52
WHIT,2017-08-21 11:05:00 EDT,43.48507,-73.42307,120,75.7,74.4,75.7,70.2,65.3,0.000,0.000,0.00,0.000,6.7,10.8,1.7,189,16,7.1,11.7,1.8,193,15,6.7,10.8,1.7,189,16,666,30.02,,0,0,0,70.7,69.3,67.1,0.32,0.50,0.52
WHIT,2017-08-21 11:10:00 EDT,43.48507,-73.42307,120,75.7,74.6,75.7,70.2,65.4,0.000,0.000,0.00,0.000,5.6,8.9,1.5,187,17,6.0,10.0,1.5,192,16,5.6,8.9,1.5,187,17,692,30.02,,0,0,0,70.7,69.3,67.1,0.32,0.50,0.52
WHIT,2017-08-21 11:15:00 EDT,43.48507,-73.42307,120,76.1,75.0,76.1,70.0,65.6,0.000,0.000,0.00,0.000,6.6,11.5,2.1,191,14,7.1,11.9,2.1,195,14,6.6,11.5,2.1,191,14,700,30.01,,0,0,0,70.9,69.3,67.1,0.32,0.50,0.52
WHIT,2017-08-21 11:20:00 EDT,43.48507,-73.42307,120,75.9,75.0,75.9,69.4,65.2,0.000,0.000,0.00,0.000,5.3,9.6,2.2,197,16,5.6,10.1,2.3,200,14,5.3,9.6,2.2,197,16,704,30.01,,0,0,0,71.1,69.3,67.1,0.32,0.50,0.52
WHIT,2017-08-21 11:25:00 EDT,43.48507,-73.42307,120,76.7,75.6,76.7,69.0,65.8,0.000,0.000,0.00,0.000,5.4,9.1,1.9,168,12,5.9,9.5,1.9,173,12,5.4,9.1,1.9,168,12,713,30.01,,0,0,0,71.1,69.3,67.1,0.32,0.50,0.52
WHIT,2017-08-21 11:30:00 EDT,43.48507,-73.42307,120,76.7,75.7,76.7,68.2,65.5,0.000,0.000,0.00,0.000,5.0,8.8,1.9,179,25,5.5,10.2,2.1,183,23,5.0,8.8,1.9,179,25,721,30.01,,0,0,0,71.1,69.3,67.1,0.32,0.50,0.52
WHIT,2017-08-21 11:35:00 EDT,43.48507,-73.42307,120,77.3,76.2,77.3,68.9,66.3,0.000,0.000,0.00,0.000,5.2,11.2,2.0,195,16,5.5,12.8,2.2,199,16,5.2,11.2,2.0,195,16,730,30.00,,0,0,0,71.4,69.3,67.1,0.32,0.50,0.52
WHIT,2017-08-21 11:40:00 EDT,43.48507,-73.42307,120,77.3,76.2,77.3,68.7,66.2,0.000,0.000,0.00,0.000,6.3,9.1,1.6,190,19,6.7,11.0,1.8,195,18,6.3,9.1,1.6,190,19,735,30.00,,0,0,0,71.4,69.3,67.1,0.32,0.50,0.52
WHIT,2017-08-21 11:45:00 EDT,43.48507,-73.42307,120,77.5,76.4,77.5,67.3,65.8,0.000,0.000,0.00,0.000,6.9,11.0,1.6,194,13,7.3,12.6,1.9,196,12,6.9,11.0,1.6,194,13,738,30.00,,0,0,0,71.4,69.3,67.1,0.32,0.50,0.52
WHIT,2017-08-21 11:50:00 EDT,43.48507,-73.42307,120,77.5,76.4,77.5,67.5,65.9,0.000,0.000,0.00,0.000,7.4,11.8,2.2,184,17,7.9,14.2,2.3,186,16,7.4,11.8,2.2,184,17,737,30.00,,0,0,0,71.6,69.3,67.1,0.32,0.50,0.52
WHIT,2017-08-21 11:55:00 EDT,43.48507,-73.42307,120,78.1,77.0,78.1,66.7,66.1,0.000,0.000,0.00,0.000,7.2,11.3,1.6,179,20,7.7,11.9,1.6,183,16,7.2,11.3,1.6,179,20,741,30.00,,0,0,0,71.8,69.3,67.1,0.32,0.50,0.52
WHIT,2017-08-21 12:00:00 EDT,43.48507,-73.42307,120,78.2,77.0,78.2,66.6,66.1,0.000,0.000,0.00,0.000,8.1,13.3,2.2,188,17,8.9,13.9,2.2,190,14,8.1,13.3,2.2,188,17,750,29.99,,0,0,0,71.8,69.3,67.1,0.32,0.50,0.52
WHIT,2017-08-21 12:05:00 EDT,43.48507,-73.42307,120,78.2,77.2,78.2,65.9,65.9,0.000,0.000,0.00,0.000,7.3,12.0,2.1,181,17,7.9,13.0,2.1,184,17,7.3,12.0,2.1,181,17,751,29.99,,0,0,0,72.3,69.3,67.1,0.31,0.50,0.52
WHIT,2017-08-21 12:10:00 EDT,43.48507,-73.42307,120,78.7,77.6,78.7,64.8,65.8,0.000,0.000,0.00,0.000,8.2,12.5,1.6,182,15,8.9,12.8,1.7,186,13,8.2,12.5,1.6,182,15,756,29.99,,0,0,0,72.3,69.3,67.1,0.32,0.50,0.52
WHIT,2017-08-21 12:15:00 EDT,43.48507,-73.42307,120,78.8,77.8,78.8,64.4,65.8,0.000,0.000,0.00,0.000,8.7,13.2,2.1,181,16,9.3,13.9,2.2,185,14,8.7,13.2,2.1,181,16,759,29.99,,0,0,0,72.4,69.3,67.1,0.31,0.50,0.52
WHIT,2017-08-21 12:20:00 EDT,43.48507,-73.42307,120,78.9,78.0,78.9,63.8,65.6,0.000,0.000,0.00,0.000,8.6,14.5,2.5,174,15,9.4,15.3,2.4,177,15,8.6,14.5,2.5,174,15,761,29.98,,0,0,0,72.7,69.3,67.1,0.31,0.50,0.52
WHIT,2017-08-21 12:25:00 EDT,43.48507,-73.42307,120,79.5,78.5,79.5,63.8,66.2,0.000,0.000,0.00,0.000,7.1,11.5,1.7,170,17,7.8,14.1,2.1,174,17,7.1,11.5,1.7,170,17,767,29.98,,0,0,0,72.7,69.3,67.1,0.31,0.50,0.52
WHIT,2017-08-21 12:30:00 EDT,43.48507,-73.42307,120,79.6,78.6,79.6,62.5,65.7,0.000,0.000,0.00,0.000,7.0,11.6,1.9,172,18,7.6,12.7,2.0,176,15,7.0,11.6,1.9,172,18,772,29.98,,0,0,0,73.0,69.3,67.1,0.31,0.50,0.52
WHIT,2017-08-21 12:35:00 EDT,43.48507,-73.42307,120,79.6,78.7,79.6,62.7,65.8,0.000,0.000,0.00,0.000,8.0,13.5,2.4,189,21,8.6,14.2,2.4,191,20,8.0,13.5,2.4,189,21,776,29.98,,0,0,0,73.0,69.3,67.1,0.31,0.50,0.52
WHIT,2017-08-21 12:40:00 EDT,43.48507,-73.42307,120,79.6,78.8,79.6,63.2,66.0,0.000,0.000,0.00,0.000,6.7,12.1,1.9,202,15,7.3,13.3,2.1,207,14,6.7,12.1,1.9,202,15,772,29.97,,0,0,0,73.1,69.3,67.1,0.31,0.50,0.52
WHIT,2017-08-21 12:45:00 EDT,43.48507,-73.42307,120,80.1,79.1,82.3,63.3,66.5,0.000,0.000,0.00,0.000,6.9,11.5,1.7,192,21,7.4,11.7,1.9,195,19,6.9,11.5,1.7,192,21,772,29.97,,0,0,0,73.4,69.3,67.1,0.31,0.50,0.52
WHIT,2017-08-21 12:50:00 EDT,43.48507,-73.42307,120,80.5,79.4,82.8,62.9,66.7,0.000,0.000,0.00,0.000,7.1,12.1,1.9,192,18,7.4,12.1,2.0,194,16,7.1,12.1,1.9,192,18,775,29.97,,0,0,0,73.4,69.3,67.1,0.31,0.50,0.52
WHIT,2017-08-21 12:55:00 EDT,43.48507,-73.42307,120,80.3,79.3,82.4,61.8,66.0,0.000,0.000,0.00,0.000,7.4,11.8,1.6,180,18,7.9,12.9,1.9,182,16,7.4,11.8,1.6,180,18,771,29.97,,0,0,0,73.9,69.3,67.1,0.31,0.50,0.52
WHIT,2017-08-21 13:00:00 EDT,43.48507,-73.42307,120,80.5,79.7,82.7,61.3,66.0,0.000,0.000,0.00,0.000,7.1,11.6,2.3,182,13,7.7,12.4,2.5,186,12,7.1,11.6,2.3,182,13,767,29.97,,0,0,0,73.9,69.3,67.1,0.31,0.50,0.52
WHIT,2017-08-21 13:05:00 EDT,43.48507,-73.42307,120,80.8,79.9,83.1,61.7,66.4,0.000,0.000,0.00,0.000,7.2,10.6,1.8,175,16,7.7,11.3,2.0,179,16,7.2,10.6,1.8,175,16,763,29.97,,0,0,0,73.9,69.3,67.1,0.31,0.49,0.52
WHIT,2017-08-21 13:10:00 EDT,43.48507,-73.42307,120,80.9,79.9,83.3,63.1,67.1,0.000,0.000,0.00,0.000,5.9,10.7,1.7,172,26,6.6,12.9,2.0,176,24,5.9,10.7,1.7,172,26,765,29.97,,0,0,0,74.3,69.3,67.1,0.31,0.49,0.52
WHIT,2017-08-21 13:15:00 EDT,43.48507,-73.42307,120,81.0,80.0,83.3,61.7,66.6,0.000,0.000,0.00,0.000,7.8,11.6,1.9,171,14,8.4,14.1,2.0,176,13,7.8,11.6,1.9,171,14,765,29.96,,0,0,0,74.3,69.3,67.1,0.31,0.49,0.52
WHIT,2017-08-21 13:20:00 EDT,43.48507,-73.42307,120,81.1,80.2,83.5,62.4,67.0,0.000,0.000,0.00,0.000,8.2,13.4,1.8,180,15,8.9,14.7,2.1,183,12,8.2,13.4,1.8,180,15,761,29.96,,0,0,0,74.5,69.3,67.1,0.31,0.49,0.52
WHIT,2017-08-21 13:25:00 EDT,43.48507,-73.42307,120,81.3,80.5,83.7,61.9,67.0,0.000,0.000,0.00,0.000,6.2,11.4,1.7,168,19,6.7,12.6,2.1,172,17,6.2,11.4,1.7,168,19,757,29.96,,0,0,0,74.7,69.3,67.1,0.31,0.49,0.52
WHIT,2017-08-21 13:30:00 EDT,43.48507,-73.42307,120,81.6,80.8,84.2,61.4,67.1,0.000,0.000,0.00,0.000,7.8,13.3,2.4,196,14,8.5,14.3,2.4,198,14,7.8,13.3,2.4,196,14,746,29.96,,0,0,0,74.7,69.3,67.1,0.31,0.49,0.52
WHIT,2017-08-21 13:35:00 EDT,43.48507,-73.42307,120,81.3,80.4,83.6,61.2,66.7,0.000,0.000,0.00,0.000,8.6,12.7,2.1,179,10,9.3,14.2,2.2,183,10,8.6,12.7,2.1,179,10,730,29.96,,0,0,0,74.7,69.3,67.1,0.31,0.49,0.52
WHIT,2017-08-21 13:40:00 EDT,43.48507,-73.42307,120,81.5,80.9,84.1,61.8,67.2,0.000,0.000,0.00,0.000,6.4,11.2,1.5,174,17,6.8,11.8,1.7,177,17,6.4,11.2,1.5,174,17,698,29.96,,0,0,0,74.7,69.3,67.1,0.31,0.49,0.52
WHIT,2017-08-21 13:45:00 EDT,43.48507,-73.42307,120,81.5,80.8,84.1,61.6,67.1,0.000,0.000,0.00,0.000,7.4,11.0,1.9,191,15,8.1,12.5,2.3,194,13,7.4,11.0,1.9,191,15,664,29.96,,0,0,0,75.0,69.3,67.1,0.31,0.49,0.52
WHIT,2017-08-21 13:50:00 EDT,43.48507,-73.42307,120,81.6,80.9,84.1,61.5,67.1,0.000,0.000,0.00,0.000,8.0,12.2,1.5,175,13,8.5,13.6,1.8,178,11,8.0,12.2,1.5,175,13,623,29.96,,0,0,0,75.0,69.3,67.1,0.31,0.49,0.52
WHIT,2017-08-21 13:55:00 EDT,43.48507,-73.42307,120,81.5,81.0,83.9,61.2,66.8,0.000,0.000,0.00,0.000,6.3,11.9,2.0,173,16,7.0,14.1,2.2,175,16,6.3,11.9,2.0,173,16,577,29.96,,0,0,0,75.0,69.3,67.1,0.31,0.49,0.52
WHIT,2017-08-21 14:00:00 EDT,43.48507,-73.42307,120,81.3,80.9,83.7,60.9,66.6,0.000,0.000,0.00,0.000,7.7,12.9,1.9,186,19,8.2,14.0,2.1,189,19,7.7,12.9,1.9,186,19,534,29.95,,0,0,0,75.0,69.3,67.1,0.31,0.50,0.52
WHIT,2017-08-21 14:05:00 EDT,43.48507,-73.42307,120,81.3,80.9,83.9,62.4,67.2,0.000,0.000,0.00,0.000,6.1,12.0,1.9,191,21,6.6,13.0,2.0,196,19,6.1,12.0,1.9,191,21,484,29.95,,0,0,0,75.0,69.3,67.1,0.31,0.49,0.52
WHIT,2017-08-21 14:10:00 EDT,43.48507,-73.42307,120,81.1,80.8,83.4,61.7,66.7,0.000,0.000,0.00,0.000,8.5,13.8,2.5,184,14,9.1,16.0,2.8,188,13,8.5,13.8,2.5,184,14,437,29.95,,0,0,0,75.0,69.3,67.1,0.31,0.49,0.52
WHIT,2017-08-21 14:15:00 EDT,43.48507,-73.42307,120,80.6,80.5,82.9,62.6,66.7,0.000,0.000,0.00,0.000,8.1,13.4,2.2,183,15,8.5,14.2,2.2,186,13,8.1,13.4,2.2,183,15,388,29.95,,0,0,0,75.1,69.3,67.1,0.31,0.49,0.52
WHIT,2017-08-21 14:20:00 EDT,43.48507,-73.42307,120,80.6,80.6,82.9,63.0,66.8,0.000,0.000,0.00,0.000,8.1,12.3,1.9,178,16,8.6,14.0,2.1,182,14,8.1,12.3,1.9,178,16,342,29.94,,0,0,0,75.0,69.3,67.1,0.31,0.49,0.52
WHIT,2017-08-21 14:25:00 EDT,43.48507,-73.42307,120,80.5,80.5,82.8,62.9,66.7,0.000,0.000,0.00,0.000,7.1,11.2,1.7,186,15,7.6,12.5,1.9,190,12,7.1,11.2,1.7,186,15,300,29.94,,0,0,0,75.0,69.3,67.1,0.31,0.49,0.52
WHIT,2017-08-21 14:30:00 EDT,43.48507,-73.42307,120,80.2,80.4,82.4,62.8,66.4,0.000,0.000,0.00,0.000,6.8,11.9,1.7,189,15,7.4,12.1,2.0,192,14,6.8,11.9,1.7,189,15,266,29.94,,0,0,0,75.0,69.3,67.1,0.31,0.49,0.52
WHIT,2017-08-21 14:35:00 EDT,43.48507,-73.42307,120,80.2,80.3,82.5,64.3,67.0,0.000,0.000,0.00,0.000,4.4,8.3,1.6,189,17,4.7,9.9,1.9,193,16,4.4,8.3,1.6,189,17,237,29.94,,0,0,0,75.0,69.3,67.1,0.31,0.49,0.52
WHIT,2017-08-21 14:40:00 EDT,43.48507,-73.42307,120,80.2,80.3,82.5,63.8,66.8,0.000,0.000,0.00,0.000,5.6,11.4,2.1,187,16,6.1,12.0,2.2,192,14,5.6,11.4,2.1,187,16,221,29.94,,0,0,0,75.0,69.3,67.1,0.31,0.50,0.52
WHIT,2017-08-21 14:45:00 EDT,43.48507,-73.42307,120,80.0,80.3,80.0,63.3,66.4,0.000,0.000,0.00,0.000,6.8,11.1,1.6,192,16,7.3,12.4,1.7,194,15,6.8,11.1,1.6,192,16,214,29.94,,0,0,0,75.0,69.3,67.1,0.31,0.49,0.52
WHIT,2017-08-21 14:50:00 EDT,43.48507,-73.42307,120,79.8,80.2,79.8,63.9,66.5,0.000,0.000,0.00,0.000,6.8,10.2,1.6,199,14,7.2,10.9,1.6,202,13,6.8,10.2,1.6,199,14,218,29.94,,0,0,0,75.0,69.3,67.1,0.31,0.49,0.52
WHIT,2017-08-21 14:55:00 EDT,43.48507,-73.42307,120,79.8,80.1,79.8,63.9,66.5,0.000,0.000,0.00,0.000,6.5,10.6,1.4,193,12,7.1,10.5,1.5,197,11,6.5,10.6,1.4,193,12,233,29.94,,0,0,0,74.7,69.3,67.1,0.31,0.49,0.52
WHIT,2017-08-21 15:00:00 EDT,43.48507,-73.42307,120,79.8,80.1,79.8,64.1,66.5,0.000,0.000,0.00,0.000,6.2,11.0,1.4,189,16,6.6,12.2,1.7,193,14,6.2,11.0,1.4,189,16,256,29.94,,0,0,0,74.7,69.3,67.1,0.31,0.49,0.52
WHIT,2017-08-21 15:05:00 EDT,43.48507,-73.42307,120,79.9,80.0,79.9,63.7,66.5,0.000,0.000,0.00,0.000,7.0,11.7,2.2,187,13,7.6,14.0,2.5,190,12,7.0,11.7,2.2,187,13,284,29.94,,0,0,0,74.7,69.3,67.1,0.31,0.50,0.52
WHIT,2017-08-21 15:10:00 EDT,43.48507,-73.42307,120,80.0,80.1,82.3,63.7,66.6,0.000,0.000,0.00,0.000,7.8,13.5,2.1,191,11,8.3,14.4,2.2,195,9,7.8,13.5,2.1,191,11,317,29.93,,0,0,0,74.7,69.3,67.1,0.31,0.49,0.52
WHIT,2017-08-21 15:15:00 EDT,43.48507,-73.42307,120,80.2,80.2,82.6,64.2,67.0,0.000,0.000,0.00,0.000,5.2,8.5,1.2,209,15,5.7,9.2,1.4,211,14,5.2,8.5,1.2,209,15,354,29.93,,0,0,0,74.7,69.3,67.1,0.31,0.49,0.52
WHIT,2017-08-21 15:20:00 EDT,43.48507,-73.42307,120,80.6,80.4,83.2,65.0,67.7,0.000,0.000,0.00,0.000,4.7,8.6,1.8,206,16,5.3,11.0,2.0,210,15,4.7,8.6,1.8,206,16,387,29.93,,0,0,0,74.7,69.3,67.1,0.31,0.49,0.52
WHIT,2017-08-21 15:25:00 EDT,43.48507,-73.42307,120,81.0,80.7,83.6,63.7,67.5,0.000,0.000,0.00,0.000,5.8,9.4,1.5,192,18,6.0,10.0,1.7,196,18,5.8,9.4,1.5,192,18,419,29.92,,0,0,0,74.7,69.3,67.1,0.31,0.49,0.52
WHIT,2017-08-21 15:30:00 EDT,43.48507,-73.42307,120,81.3,80.9,83.9,62.8,67.4,0.000,0.000,0.00,0.000,5.0,7.3,0.9,206,16,5.4,8.6,1.1,210,16,5.0,7.3,0.9,206,16,447,29.92,,0,0,0,74.7,69.4,67.1,0.31,0.50,0.52
WHIT,2017-08-21 15:35:00 EDT,43.48507,-73.42307,120,81.6,81.2,84.3,62.8,67.7,0.000,0.000,0.00,0.000,5.4,9.3,1.3,196,15,5.7,9.4,1.5,199,14,5.4,9.3,1.3,196,15,471,29.92,,0,0,0,74.7,69.4,67.1,0.31,0.50,0.52
WHIT,2017-08-21 15:40:00 EDT,43.48507,-73.42307,120,82.0,81.5,85.2,63.8,68.5,0.000,0.000,0.00,0.000,5.0,7.4,1.2,196,18,5.3,8.5,1.3,198,17,5.0,7.4,1.2,196,18,494,29.92,,0,0,0,74.7,69.6,67.1,0.31,0.49,0.52
WHIT,2017-08-21 15:45:00 EDT,43.48507,-73.42307,120,82.2,81.8,85.3,63.1,68.4,0.000,0.000,0.00,0.000,5.9,9.6,1.4,184,14,6.5,10.4,1.6,188,12,5.9,9.6,1.4,184,14,509,29.92,,0,0,0,74.7,69.6,67.1,0.31,0.49,0.52
WHIT,2017-08-21 15:50:00 EDT,43.48507,-73.42307,120,82.4,81.9,85.4,62.1,68.1,0.000,0.000,0.00,0.000,6.3,10.7,1.8,189,20,6.9,13.0,1.9,195,19,6.3,10.7,1.8,189,20,517,29.92,,0,0,0,74.7,69.6,67.1,0.31,0.49,0.52
WHIT,2017-08-21 15:55:00 EDT,43.48507,-73.42307,120,82.6,82.1,85.7,62.1,68.3,0.000,0.000,0.00,0.000,6.0,11.0,1.9,198,20,6.7,11.2,1.9,201,18,6.0,11.0,1.9,198,20,522,29.93,,0,0,0,74.7,69.6,67.1,0.31,0.49,0.52
WHIT,2017-08-21 16:00:00 EDT,43.48507,-73.42307,120,82.7,82.3,85.6,60.7,67.7,0.000,0.000,0.00,0.000,8.5,16.5,2.8,186,18,8.9,16.8,2.8,188,17,8.5,16.5,2.8,186,18,518,29.92,,0,0,0,74.7,69.6,67.1,0.31,0.49,0.52
WHIT,2017-08-21 16:05:00 EDT,43.48507,-73.42307,120,82.7,82.4,85.1,58.5,66.6,0.000,0.000,0.00,0.000,9.4,16.6,2.2,186,12,10.1,17.5,2.4,190,11,9.4,16.6,2.2,186,12,513,29.92,,0,0,0,74.7,69.6,67.1,0.31,0.49,0.52
WHIT,2017-08-21 16:10:00 EDT,43.48507,-73.42307,120,82.9,82.6,85.7,60.0,67.6,0.000,0.000,0.00,0.000,7.7,12.6,1.9,183,14,8.4,15.0,2.1,187,13,7.7,12.6,1.9,183,14,505,29.92,,0,0,0,74.7,69.6,67.1,0.31,0.49,0.52
WHIT,2017-08-21 16:15:00 EDT,43.48507,-73.42307,120,82.8,82.6,85.3,58.4,66.7,0.000,0.000,0.00,0.000,9.0,15.3,2.3,183,14,9.6,15.7,2.4,187,13,9.0,15.3,2.3,183,14,494,29.92,,0,0,0,74.7,69.6,67.1,0.31,0.50,0.52
WHIT,2017-08-21 16:20:00 EDT,43.48507,-73.42307,120,82.9,82.8,85.6,59.0,67.1,0.000,0.000,0.00,0.000,6.8,11.5,2.4,191,17,7.4,12.3,2.5,195,16,6.8,11.5,2.4,191,17,478,29.92,,0,0,0,74.7,69.6,67.1,0.31,0.49,0.52
WHIT,2017-08-21 16:25:00 EDT,43.48507,-73.42307,120,83.1,82.9,85.7,58.5,67.0,0.000,0.000,0.00,0.000,6.6,12.2,1.6,195,22,7.0,11.9,1.5,199,22,6.6,12.2,1.6,195,22,467,29.92,,0,0,0,74.7,69.6,67.1,0.30,0.49,0.52
WHIT,2017-08-21 16:30:00 EDT,43.48507,-73.42307,120,83.3,83.1,86.1,58.3,67.2,0.000,0.000,0.00,0.000,6.1,11.8,2.3,196,21,6.6,14.2,2.5,200,19,6.1,11.8,2.3,196,21,455,29.92,,0,0,0,74.7,69.6,67.1,0.31,0.49,0.52
WHIT,2017-08-21 16:35:00 EDT,43.48507,-73.42307,120,83.5,83.4,85.7,55.8,66.0,0.000,0.000,0.00,0.000,7.1,11.8,2.2,190,18,7.6,14.0,2.3,195,18,7.1,11.8,2.2,190,18,443,29.92,,0,0,0,74.7,69.6,67.1,0.30,0.50,0.52
WHIT,2017-08-21 16:40:00 EDT,43.48507,-73.42307,120,83.4,83.3,85.3,54.6,65.3,0.000,0.000,0.00,0.000,7.1,12.6,1.6,185,17,7.7,14.0,1.9,188,16,7.1,12.6,1.6,185,17,430,29.92,,0,0,0,74.7,69.6,67.1,0.31,0.49,0.52
WHIT,2017-08-21 16:45:00 EDT,43.48507,-73.42307,120,83.4,83.5,85.2,54.2,65.1,0.000,0.000,0.00,0.000,9.4,13.6,2.0,200,17,9.9,15.4,2.1,202,16,9.4,13.6,2.0,200,17,422,29.92,,0,0,0,74.7,69.6,67.1,0.30,0.49,0.52
WHIT,2017-08-21 16:50:00 EDT,43.48507,-73.42307,120,83.6,83.7,85.0,51.8,64.0,0.000,0.000,0.00,0.000,9.2,13.6,2.4,200,13,9.8,15.3,2.6,202,12,9.2,13.6,2.4,200,13,413,29.92,,0,0,0,74.7,69.6,67.1,0.31,0.49,0.52
WHIT,2017-08-21 16:55:00 EDT,43.48507,-73.42307,120,83.7,84.0,84.5,48.6,62.3,0.000,0.000,0.00,0.000,8.8,14.1,2.4,208,15,9.3,15.1,2.5,210,14,8.8,14.1,2.4,208,15,403,29.91,,0,0,0,74.7,69.6,67.1,0.30,0.49,0.52
WHIT,2017-08-21 17:00:00 EDT,43.48507,-73.42307,120,84.0,84.2,84.5,47.0,61.6,0.000,0.000,0.00,0.000,7.1,12.8,2.1,215,12,7.3,13.6,2.0,218,12,7.1,12.8,2.1,215,12,391,29.91,,0,0,0,74.7,69.6,67.1,0.31,0.49,0.52
WHIT,2017-08-21 17:05:00 EDT,43.48507,-73.42307,120,83.8,84.1,84.3,47.0,61.5,0.000,0.000,0.00,0.000,8.1,11.8,1.9,204,15,8.6,12.9,2.1,208,14,8.1,11.8,1.9,204,15,376,29.91,,0,0,0,74.7,69.6,67.1,0.30,0.49,0.52
WHIT,2017-08-21 17:10:00 EDT,43.48507,-73.42307,120,83.7,84.0,84.3,47.4,61.6,0.000,0.000,0.00,0.000,7.3,15.9,2.4,216,20,7.6,15.7,2.5,219,19,7.3,15.9,2.4,216,20,363,29.91,,0,0,0,74.7,69.6,67.1,0.30,0.49,0.52
WHIT,2017-08-21 17:15:00 EDT,43.48507,-73.42307,120,84.0,84.2,84.5,46.9,61.5,0.000,0.000,0.00,0.000,6.4,12.1,2.4,223,17,6.7,12.6,2.4,230,18,6.4,12.1,2.4,223,17,349,29.91,,0,0,0,74.6,69.6,67.1,0.30,0.50,0.52
WHIT,2017-08-21 17:20:00 EDT,43.48507,-73.42307,120,83.8,83.9,85.2,51.5,64.0,0.000,0.000,0.00,0.000,5.1,10.3,2.1,204,20,5.3,11.3,2.1,208,19,5.1,10.3,2.1,204,20,334,29.91,,0,0,0,74.4,69.6,67.1,0.31,0.50,0.52
WHIT,2017-08-21 17:25:00 EDT,43.48507,-73.42307,120,83.9,84.1,84.8,48.7,62.5,0.000,0.000,0.00,0.000,5.2,11.1,1.7,218,27,5.8,14.7,1.8,223,28,5.2,11.1,1.7,218,27,317,29.91,,0,0,0,74.3,69.6,67.1,0.31,0.49,0.52
WHIT,2017-08-21 17:30:00 EDT,43.48507,-73.42307,120,83.3,83.4,85.5,56.2,66.0,0.000,0.000,0.00,0.000,6.0,11.8,1.9,192,20,6.5,12.9,2.1,196,19,6.0,11.8,1.9,192,20,301,29.91,,0,0,0,74.3,69.6,67.1,0.30,0.49,0.52
WHIT,2017-08-21 17:35:00 EDT,43.48507,-73.42307,120,82.7,82.9,85.1,58.8,66.8,0.000,0.000,0.00,0.000,7.8,12.1,2.0,192,13,8.3,14.3,2.0,195,12,7.8,12.1,2.0,192,13,287,29.91,,0,0,0,74.3,69.6,67.1,0.30,0.49,0.52
WHIT,2017-08-21 17:40:00 EDT,43.48507,-73.42307,120,82.6,82.8,85.3,59.9,67.3,0.000,0.000,0.00,0.000,6.8,11.5,2.4,194,19,7.4,12.1,2.6,197,19,6.8,11.5,2.4,194,19,268,29.91,,0,0,0,74.3,69.7,67.1,0.30,0.50,0.52
WHIT,2017-08-21 17:45:00 EDT,43.48507,-73.42307,120,82.6,82.7,85.1,59.1,66.9,0.000,0.000,0.00,0.000,7.2,11.0,1.7,201,13,7.6,11.3,1.8,205,12,7.2,11.0,1.7,201,13,251,29.90,,0,0,0,74.3,69.8,67.1,0.30,0.49,0.52
WHIT,2017-08-21 17:50:00 EDT,43.48507,-73.42307,120,82.3,82.7,84.8,59.5,66.8,0.000,0.000,0.00,0.000,8.9,13.7,2.3,184,13,9.5,16.2,2.9,187,12,8.9,13.7,2.3,184,13,236,29.90,,0,0,0,74.3,69.8,67.1,0.31,0.49,0.52
WHIT,2017-08-21 17:55:00 EDT,43.48507,-73.42307,120,82.3,82.6,84.8,60.0,67.0,0.000,0.000,0.00,0.000,7.1,10.4,1.5,186,17,7.7,11.4,1.5,190,16,7.1,10.4,1.5,186,17,223,29.90,,0,0,0,74.3,70.0,67.1,0.31,0.50,0.52
WHIT,2017-08-21 18:00:00 EDT,43.48507,-73.42307,120,82.1,82.5,84.7,60.6,67.2,0.000,0.000,0.00,0.000,6.6,11.8,2.1,186,15,7.1,12.5,2.2,188,16,6.6,11.8,2.1,186,15,204,29.90,,0,0,0,74.3,70.0,67.1,0.31,0.49,0.52
WHIT,2017-08-21 18:05:00 EDT,43.48507,-73.42307,120,81.9,82.3,84.6,61.5,67.4,0.000,0.000,0.00,0.000,6.0,10.9,1.6,186,14,6.6,11.9,1.7,190,12,6.0,10.9,1.6,186,14,194,29.90,,0,0,0,74.2,70.0,67.1,0.31,0.49,0.52
WHIT,2017-08-21 18:10:00 EDT,43.48507,-73.42307,120,81.6,82.2,84.4,62.6,67.6,0.000,0.000,0.00,0.000,5.2,8.0,1.0,182,12,5.7,9.7,1.2,186,10,5.2,8.0,1.0,182,12,181,29.90,,0,0,0,73.9,70.0,67.1,0.30,0.49,0.52
WHIT,2017-08-21 18:15:00 EDT,43.48507,-73.42307,120,81.5,82.1,84.2,62.8,67.6,0.000,0.000,0.00,0.000,5.5,8.8,1.2,184,18,6.0,9.3,1.3,187,17,5.5,8.8,1.2,184,18,168,29.90,,0,0,0,73.9,70.0,67.1,0.30,0.50,0.52
WHIT,2017-08-21 18:20:00 EDT,43.48507,-73.42307,120,81.6,82.0,84.3,62.5,67.5,0.000,0.000,0.00,0.000,4.5,7.2,1.1,185,15,4.8,7.1,1.2,188,14,4.5,7.2,1.1,185,15,155,29.89,,0,0,0,73.9,70.0,67.1,0.30,0.48,0.52
WHIT,2017-08-21 18:25:00 EDT,43.48507,-73.42307,120,81.2,81.8,83.9,63.7,67.7,0.000,0.000,0.00,0.000,3.8,5.8,0.9,192,14,4.1,6.1,1.1,196,14,3.8,5.8,0.9,192,14,141,29.90,,0,0,0,73.9,70.0,67.1,0.30,0.49,0.52
WHIT,2017-08-21 18:30:00 EDT,43.48507,-73.42307,120,81.1,81.9,83.7,62.9,67.3,0.000,0.000,0.00,0.000,5.1,8.4,1.3,184,12,5.5,8.8,1.3,187,12,5.1,8.4,1.3,184,12,130,29.90,,0,0,0,73.9,70.0,67.1,0.30,0.49,0.52
WHIT,2017-08-21 18:35:00 EDT,43.48507,-73.42307,120,81.0,81.7,83.6,63.1,67.3,0.000,0.000,0.00,0.000,4.7,8.0,1.0,173,12,5.0,8.7,1.1,176,11,4.7,8.0,1.0,173,12,118,29.90,,0,0,0,73.9,70.0,67.1,0.30,0.48,0.52
WHIT,2017-08-21 18:40:00 EDT,43.48507,-73.42307,120,80.9,81.6,83.4,63.5,67.3,0.000,0.000,0.00,0.000,4.6,6.9,0.9,187,13,5.1,8.3,1.1,190,12,4.6,6.9,0.9,187,13,103,29.90,,0,0,0,73.9,70.0,67.1,0.30,0.48,0.48
WHIT,2017-08-21 18:45:00 EDT,43.48507,-73.42307,120,80.6,81.4,83.2,64.6,67.6,0.000,0.000,0.00,0.000,4.1,7.5,1.1,179,15,4.4,8.7,1.3,183,14,4.1,7.5,1.1,179,15,43,29.90,,0,0,0,73.9,70.0,67.1,0.30,0.49,0.49
WHIT,2017-08-21 18:50:00 EDT,43.48507,-73.42307,120,80.4,81.3,82.8,64.4,67.3,0.000,0.000,0.00,0.000,4.1,5.7,0.8,183,11,4.5,6.6,0.8,187,10,4.1,5.7,0.8,183,11,48,29.90,,0,0,0,73.9,70.0,67.1,0.30,0.50,0.47
WHIT,2017-08-21 18:55:00 EDT,43.48507,-73.42307,120,79.9,81.1,79.9,65.3,67.2,0.000,0.000,0.00,0.000,3.8,5.2,0.8,186,13,4.2,6.1,0.8,190,12,3.8,5.2,0.8,186,13,61,29.90,,0,0,0,73.9,70.0,67.1,0.30,0.49,0.47
WHIT,2017-08-21 19:00:00 EDT,43.48507,-73.42307,120,79.4,80.8,79.4,66.8,67.3,0.000,0.000,0.00,0.000,2.5,4.0,0.5,176,7,2.8,4.4,0.6,180,7,2.5,4.0,0.5,176,7,47,29.90,,0,0,0,73.7,70.0,67.1,0.30,0.50,0.48
WHIT,2017-08-21 19:05:00 EDT,43.48507,-73.42307,120,79.3,80.6,79.3,67.4,67.6,0.000,0.000,0.00,0.000,3.0,4.5,0.8,175,10,3.3,5.0,0.8,179,10,3.0,4.5,0.8,175,10,41,29.90,,0,0,0,73.4,70.0,67.1,0.30,0.49,0.48
WHIT,2017-08-21 19:10:00 EDT,43.48507,-73.42307,120,78.0,79.7,78.0,71.7,68.1,0.000,0.000,0.00,0.000,1.5,2.9,0.6,199,25,1.6,3.0,0.7,205,31,1.5,2.9,0.6,199,25,32,29.90,,0,0,0,73.4,70.0,67.1,0.30,0.49,0.48
WHIT,2017-08-21 19:15:00 EDT,43.48507,-73.42307,120,76.3,78.0,76.3,76.8,68.4,0.000,0.000,0.00,0.000,1.3,2.3,0.6,268,12,1.7,2.8,0.5,276,12,1.3,2.3,0.6,268,12,21,29.90,,0,0,0,73.4,70.0,67.1,0.30,0.49,0.48
WHIT,2017-08-21 19:20:00 EDT,43.48507,-73.42307,120,75.1,77.2,75.1,80.4,68.6,0.000,0.000,0.00,0.000,1.3,1.8,0.4,265,9,1.5,2.2,0.4,274,12,1.3,1.8,0.4,265,9,16,29.90,,0,0,0,73.4,70.0,67.1,0.30,0.49,0.48
WHIT,2017-08-21 19:25:00 EDT,43.48507,-73.42307,120,74.4,75.7,74.4,82.2,68.6,0.000,0.000,0.00,0.000,0.3,0.9,0.3,294,10,0.8,1.2,0.2,311,13,0.3,0.9,0.3,294,10,14,29.90,,0,0,0,73.4,70.0,67.1,0.30,0.50,0.48
WHIT,2017-08-21 19:30:00 EDT,43.48507,-73.42307,120,73.2,75.3,73.2,84.0,68.1,0.000,0.000,0.00,0.000,0.1,0.7,0.2,331,4,0.7,1.2,0.2,9,23,0.1,0.7,0.2,331,4,11,29.90,,0,0,0,73.3,70.0,67.1,0.30,0.50,0.48
WHIT,2017-08-21 19:35:00 EDT,43.48507,-73.42307,120,73.0,75.1,73.0,86.5,68.7,0.000,0.000,0.00,0.000,0.0,0.0,0.0,0,0,0.2,0.4,0.1,307,61,0.0,0.0,0.0,0,0,8,29.91,,0,0,0,73.0,70.0,67.1,0.30,0.49,0.49
WHIT,2017-08-21 19:40:00 EDT,43.48507,-73.42307,120,72.4,74.6,72.4,92.3,70.0,0.000,0.000,0.00,0.000,0.9,1.8,0.7,138,5,1.3,2.0,0.5,141,9,0.9,1.8,0.7,138,5,6,29.91,,0,0,0,73.0,70.0,67.1,0.30,0.50,0.49
WHIT,2017-08-21 19:45:00 EDT,43.48507,-73.42307,120,71.2,73.7,71.2,94.0,69.4,0.000,0.000,0.00,0.000,1.1,1.5,0.2,82,22,1.4,1.8,0.2,80,23,1.1,1.5,0.2,82,22,5,29.91,,0,0,0,73.0,70.0,67.1,0.30,0.49,0.47
WHIT,2017-08-21 19:50:00 EDT,43.48507,-73.42307,120,70.5,73.1,70.5,95.9,69.3,0.000,0.000,0.00,0.000,1.4,1.8,0.3,71,8,1.7,2.3,0.3,74,11,1.4,1.8,0.3,71,8,3,29.91,,0,0,0,73.0,70.0,67.1,0.30,0.49,0.47
WHIT,2017-08-21 19:55:00 EDT,43.48507,-73.42307,120,70.2,72.9,70.2,98.9,69.8,0.000,0.000,0.00,0.000,0.4,1.2,0.4,90,0,0.8,1.5,0.3,116,49,0.4,1.2,0.4,90,0,2,29.91,,0,0,0,73.0,70.0,67.1,0.30,0.50,0.47
WHIT,2017-08-21 20:00:00 EDT,43.48507,-73.42307,120,70.6,72.3,70.6,100.0,70.6,0.000,0.000,0.00,0.000,0.6,1.5,0.6,186,11,1.1,1.9,0.4,203,22,0.6,1.5,0.6,186,11,1,29.91,,0,0,0,72.7,70.0,67.1,0.30,0.49,0.47
WHIT,2017-08-21 20:05:00 EDT,43.48507,-73.42307,120,69.2,72.5,69.2,98.5,68.7,0.000,0.000,0.00,0.000,1.4,1.8,0.2,154,7,1.6,2.0,0.2,155,10,1.4,1.8,0.2,154,7,1,29.90,,0,0,0,72.7,70.0,67.1,0.30,0.49,0.47
WHIT,2017-08-21 20:10:00 EDT,43.48507,-73.42307,120,69.4,71.9,69.4,100.0,69.4,0.000,0.000,0.00,0.000,0.9,1.9,0.5,161,13,1.2,2.4,0.5,168,17,0.9,1.9,0.5,161,13,1,29.90,,0,0,0,72.7,70.0,67.1,0.30,0.49,0.47
WHIT,2017-08-21 20:15:00 EDT,43.48507,-73.42307,120,68.6,72.0,68.6,100.0,68.6,0.000,0.000,0.00,0.000,0.0,0.1,0.0,194,0,0.5,1.0,0.2,228,29,0.0,0.1,0.0,194,0,1,29.90,,0,0,0,72.6,70.0,67.1,0.30,0.50,0.47
WHIT,2017-08-21 20:20:00 EDT,43.48507,-73.42307,120,69.2,71.5,69.2,100.0,69.2,0.000,0.000,0.00,0.000,0.7,1.4,0.6,175,4,1.1,1.8,0.5,181,14,0.7,1.4,0.6,175,4,1,29.90,,0,0,0,72.3,70.0,67.1,0.30,0.50,0.47
WHIT,2017-08-21 20:25:00 EDT,43.48507,-73.42307,120,68.1,71.1,68.1,100.0,68.1,0.000,0.000,0.00,0.000,0.8,1.7,0.6,165,6,1.2,2.1,0.5,157,21,0.8,1.7,0.6,165,6,1,29.91,,0,0,0,72.3,70.0,67.1,0.30,0.50,0.48
WHIT,2017-08-21 20:30:00 EDT,43.48507,-73.42307,120,67.9,70.3,67.9,100.0,67.9,0.000,0.000,0.00,0.000,0.0,0.0,0.0,0,0,0.6,1.2,0.2,172,16,0.0,0.0,0.0,0,0,1,29.91,,0,0,0,72.3,70.0,67.1,0.30,0.50,0.47
WHIT,2017-08-21 20:35:00 EDT,43.48507,-73.42307,120,67.9,70.1,67.9,100.0,67.9,0.000,0.000,0.00,0.000,0.3,0.9,0.3,177,5,0.9,1.2,0.2,180,15,0.3,0.9,0.3,177,5,1,29.91,,0,0,0,72.3,70.0,67.1,0.30,0.50,0.47
WHIT,2017-08-21 20:40:00 EDT,43.48507,-73.42307,120,67.7,69.8,67.7,100.0,67.7,0.000,0.000,0.00,0.000,0.9,1.1,0.1,176,5,1.2,1.5,0.1,180,9,0.9,1.1,0.1,176,5,1,29.91,,0,0,0,72.0,70.0,67.1,0.30,0.49,0.48
WHIT,2017-08-21 20:45:00 EDT,43.48507,-73.42307,120,67.3,69.5,67.3,100.0,67.3,0.000,0.000,0.00,0.000,0.4,0.9,0.2,168,10,0.9,1.5,0.2,165,17,0.4,0.9,0.2,168,10,1,29.91,,0,0,0,71.8,70.0,67.1,0.30,0.50,0.48
WHIT,2017-08-21 20:50:00 EDT,43.48507,-73.42307,120,67.3,69.3,67.3,100.0,67.3,0.000,0.000,0.00,0.000,0.5,1.1,0.3,148,14,1.0,1.5,0.2,160,26,0.5,1.1,0.3,148,14,1,29.91,,0,0,0,71.8,70.1,67.1,0.30,0.50,0.48
WHIT,2017-08-21 20:55:00 EDT,43.48507,-73.42307,120,67.7,69.3,67.7,100.0,67.7,0.000,0.000,0.00,0.000,1.0,1.5,0.2,228,19,1.3,2.0,0.3,234,18,1.0,1.5,0.2,228,19,1,29.91,,0,0,0,71.8,70.0,67.1,0.30,0.50,0.49
WHIT,2017-08-21 21:00:00 EDT,43.48507,-73.42307,120,67.4,69.3,67.4,100.0,67.4,0.000,0.000,0.00,0.000,1.1,1.2,0.1,213,14,1.3,1.7,0.1,217,14,1.1,1.2,0.1,213,14,1,29.91,,0,0,0,71.4,70.2,67.1,0.30,0.49,0.47
WHIT,2017-08-21 21:05:00 EDT,43.48507,-73.42307,120,67.3,69.4,67.3,100.0,67.3,0.000,0.000,0.00,0.000,1.3,1.8,0.2,180,8,1.6,2.1,0.2,185,10,1.3,1.8,0.2,180,8,1,29.91,,0,0,0,71.4,70.1,67.1,0.30,0.49,0.47
WHIT,2017-08-21 21:10:00 EDT,43.48507,-73.42307,120,66.4,69.1,66.4,100.0,66.4,0.000,0.000,0.00,0.000,1.0,1.8,0.4,126,29,1.4,2.3,0.4,123,31,1.0,1.8,0.4,126,29,1,29.91,,0,0,0,71.4,70.2,67.1,0.30,0.49,0.47
WHIT,2017-08-21 21:15:00 EDT,43.48507,-73.42307,120,66.3,68.5,66.3,100.0,66.3,0.000,0.000,0.00,0.000,0.0,0.0,0.0,0,0,0.5,0.9,0.2,143,41,0.0,0.0,0.0,0,0,1,29.91,,0,0,0,71.4,70.3,67.1,0.30,0.49,0.47
WHIT,2017-08-21 21:20:00 EDT,43.48507,-73.42307,120,66.6,68.5,66.6,100.0,66.6,0.000,0.000,0.00,0.000,0.8,1.2,0.4,189,5,1.2,1.7,0.2,193,10,0.8,1.2,0.4,189,5,1,29.91,,0,0,0,71.4,70.3,67.1,0.30,0.49,0.47
WHIT,2017-08-21 21:25:00 EDT,43.48507,-73.42307,120,65.9,68.1,65.9,100.0,65.9,0.000,0.000,0.00,0.000,0.7,1.1,0.3,172,7,1.0,1.7,0.2,175,13,0.7,1.1,0.3,172,7,1,29.91,,0,0,0,71.4,70.3,67.1,0.30,0.49,0.47
WHIT,2017-08-21 21:30:00 EDT,43.48507,-73.42307,120,65.4,68.0,65.4,100.0,65.4,0.000,0.000,0.00,0.000,0.2,0.8,0.3,189,1,0.7,1.2,0.2,221,34,0.2,0.8,0.3,189,1,1,29.90,,0,0,0,71.2,70.3,67.1,0.30,0.49,0.47
WHIT,2017-08-21 21:35:00 EDT,43.48507,-73.42307,120,65.4,67.8,65.4,100.0,65.4,0.000,0.000,0.00,0.000,0.0,0.0,0.0,0,0,0.2,0.4,0.1,114,66,0.0,0.0,0.0,0,0,1,29.90,,0,0,0,71.1,70.3,67.1,0.30,0.49,0.47
WHIT,2017-08-21 21:40:00 EDT,43.48507,-73.42307,120,65.1,67.5,65.1,100.0,65.1,0.000,0.000,0.00,0.000,0.1,0.9,0.2,112,1,0.7,1.4,0.2,113,14,0.1,0.9,0.2,112,1,1,29.90,,0,0,0,71.1,70.3,67.1,0.30,0.49,0.47
WHIT,2017-08-21 21:45:00 EDT,43.48507,-73.42307,120,65.3,67.3,65.3,100.0,65.3,0.000,0.000,0.00,0.000,0.0,0.0,0.0,0,0,0.5,1.0,0.2,97,21,0.0,0.0,0.0,0,0,1,29.91,,0,0,0,71.1,70.3,67.1,0.30,0.49,0.47
WHIT,2017-08-21 21:50:00 EDT,43.48507,-73.42307,120,64.8,67.0,64.8,100.0,64.8,0.000,0.000,0.00,0.000,0.2,0.7,0.3,151,5,0.8,1.1,0.2,153,16,0.2,0.7,0.3,151,5,1,29.91,,0,0,0,71.0,70.3,67.1,0.30,0.50,0.47
WHIT,2017-08-21 21:55:00 EDT,43.48507,-73.42307,120,64.9,66.6,64.9,100.0,64.9,0.000,0.000,0.00,0.000,0.1,0.6,0.2,169,0,0.5,1.1,0.3,174,24,0.1,0.6,0.2,169,0,1,29.90,,0,0,0,70.8,70.3,67.1,0.30,0.49,0.47
WHIT,2017-08-21 22:00:00 EDT,43.48507,-73.42307,120,65.2,66.9,65.2,100.0,65.2,0.000,0.000,0.00,0.000,0.1,0.9,0.2,189,3,0.7,1.7,0.3,194,18,0.1,0.9,0.2,189,3,1,29.90,,0,0,0,70.7,70.3,67.1,0.30,0.50,0.48
WHIT,2017-08-21 22:05:00 EDT,43.48507,-73.42307,120,65.2,67.4,65.2,100.0,65.2,0.000,0.000,0.00,0.000,0.7,0.9,0.2,185,9,1.1,1.4,0.2,191,12,0.7,0.9,0.2,185,9,1,29.90,,0,0,0,70.7,70.3,67.1,0.30,0.49,0.48
WHIT,2017-08-21 22:10:00 EDT,43.48507,-73.42307,120,64.6,67.5,64.6,100.0,64.6,0.000,0.000,0.00,0.000,0.2,0.7,0.3,199,3,0.8,1.1,0.1,207,14,0.2,0.7,0.3,199,3,1,29.90,,0,0,0,70.7,70.3,67.1,0.30,0.49,0.48
WHIT,2017-08-21 22:15:00 EDT,43.48507,-73.42307,120,65.4,67.1,65.4,100.0,65.4,0.000,0.000,0.00,0.000,1.2,1.8,0.4,164,10,1.5,2.2,0.3,165,11,1.2,1.8,0.4,164,10,1,29.90,,0,0,0,70.7,70.3,67.1,0.30,0.49,0.48
WHIT,2017-08-21 22:20:00 EDT,43.48507,-73.42307,120,65.0,66.9,65.0,100.0,65.0,0.000,0.000,0.00,0.000,0.4,1.1,0.3,152,9,0.9,1.4,0.2,132,22,0.4,1.1,0.3,152,9,1,29.90,,0,0,0,70.7,70.3,67.1,0.30,0.49,0.48
WHIT,2017-08-21 22:25:00 EDT,43.48507,-73.42307,120,64.2,66.2,64.2,100.0,64.2,0.000,0.000,0.00,0.000,0.6,1.3,0.3,100,16,1.1,1.6,0.1,95,16,0.6,1.3,0.3,100,16,1,29.90,,0,0,0,70.7,70.3,67.1,0.30,0.50,0.48
WHIT,2017-08-21 22:30:00 EDT,43.48507,-73.42307,120,63.6,65.9,63.6,100.0,63.6,0.000,0.000,0.00,0.000,0.6,1.2,0.4,123,4,0.9,1.4,0.3,127,11,0.6,1.2,0.4,123,4,1,29.90,,0,0,0,70.4,70.3,67.1,0.30,0.50,0.48
WHIT,2017-08-21 22:35:00 EDT,43.48507,-73.42307,120,63.7,65.8,63.7,100.0,63.7,0.000,0.000,0.00,0.000,0.5,1.1,0.4,164,6,1.0,1.5,0.3,170,10,0.5,1.1,0.4,164,6,1,29.90,,0,0,0,70.3,70.3,67.1,0.30,0.50,0.48
WHIT,2017-08-21 22:40:00 EDT,43.48507,-73.42307,120,64.5,66.1,64.5,100.0,64.5,0.000,0.000,0.00,0.000,1.1,1.4,0.2,196,9,1.3,1.8,0.2,202,12,1.1,1.4,0.2,196,9,1,29.90,,0,0,0,70.3,70.3,67.1,0.30,0.49,0.48
WHIT,2017-08-21 22:45:00 EDT,43.48507,-73.42307,120,64.3,66.2,64.3,100.0,64.3,0.000,0.000,0.00,0.000,0.5,1.3,0.4,199,8,0.8,1.4,0.3,212,19,0.5,1.3,0.4,199,8,1,29.90,,0,0,0,70.3,70.3,67.1,0.30,0.49,0.47
WHIT,2017-08-21 22:50:00 EDT,43.48507,-73.42307,120,64.5,66.1,64.5,100.0,64.5,0.000,0.000,0.00,0.000,0.3,1.7,0.5,137,3,0.8,1.8,0.4,157,26,0.3,1.7,0.5,137,3,1,29.90,,0,0,0,70.3,70.3,67.1,0.30,0.49,0.47
WHIT,2017-08-21 22:55:00 EDT,43.48507,-73.42307,120,63.9,66.4,63.9,100.0,63.9,0.000,0.000,0.00,0.000,3.0,4.0,0.7,130,4,3.2,5.0,0.8,133,3,3.0,4.0,0.7,130,4,0,29.90,,0,0,0,70.3,70.3,67.1,0.30,0.49,0.47
WHIT,2017-08-21 23:00:00 EDT,43.48507,-73.42307,120,63.6,66.3,63.6,100.0,63.6,0.000,0.000,0.00,0.000,2.2,3.8,0.9,121,10,2.3,4.3,1.0,126,10,2.2,3.8,0.9,121,10,0,29.90,,0,0,0,70.1,70.3,67.1,0.30,0.49,0.47
WHIT,2017-08-21 23:05:00 EDT,43.48507,-73.42307,120,64.4,65.8,64.4,100.0,64.4,0.000,0.000,0.00,0.000,1.0,1.8,0.4,209,49,1.3,1.9,0.3,210,49,1.0,1.8,0.4,209,49,1,29.90,,0,0,0,70.0,70.3,67.1,0.30,0.49,0.47
WHIT,2017-08-21 23:10:00 EDT,43.48507,-73.42307,120,64.4,65.6,64.4,100.0,64.4,0.000,0.000,0.00,0.000,0.8,1.8,0.6,307,7,1.1,2.0,0.5,312,12,0.8,1.8,0.6,307,7,1,29.90,,0,0,0,70.0,70.3,67.1,0.30,0.49,0.47
WHIT,2017-08-21 23:15:00 EDT,43.48507,-73.42307,120,64.0,65.7,64.0,100.0,64.0,0.000,0.000,0.00,0.000,0.0,0.4,0.1,264,2,0.4,0.9,0.1,285,72,0.0,0.4,0.1,264,2,1,29.90,,0,0,0,70.0,70.3,67.1,0.30,0.49,0.47
WHIT,2017-08-21 23:20:00 EDT,43.48507,-73.42307,120,63.8,65.8,63.8,100.0,63.8,0.000,0.000,0.00,0.000,0.0,0.0,0.0,0,0,0.7,1.2,0.2,88,16,0.0,0.0,0.0,0,0,0,29.90,,0,0,0,70.0,70.3,67.1,0.30,0.49,0.47
WHIT,2017-08-21 23:25:00 EDT,43.48507,-73.42307,120,63.4,65.6,63.4,100.0,63.4,0.000,0.000,0.00,0.000,0.0,0.0,0.0,0,0,0.5,0.9,0.2,108,26,0.0,0.0,0.0,0,0,1,29.90,,0,0,0,70.0,70.3,67.1,0.30,0.49,0.47
WHIT,2017-08-21 23:30:00 EDT,43.48507,-73.42307,120,64.2,65.4,64.2,100.0,64.2,0.000,0.000,0.00,0.000,0.0,0.0,0.0,0,0,0.6,0.9,0.2,277,11,0.0,0.0,0.0,0,0,0,29.90,,0,0,0,70.0,70.3,67.1,0.30,0.49,0.47
WHIT,2017-08-21 23:35:00 EDT,43.48507,-73.42307,120,64.9,65.4,64.9,100.0,64.9,0.000,0.000,0.00,0.000,0.6,1.2,0.4,282,13,1.0,1.6,0.3,291,18,0.6,1.2,0.4,282,13,0,29.90,,0,0,0,70.0,70.3,67.1,0.30,0.49,0.47
WHIT,2017-08-21 23:40:00 EDT,43.48507,-73.42307,120,63.6,65.5,63.6,100.0,63.6,0.000,0.000,0.00,0.000,0.0,0.0,0.0,0,0,0.7,1.1,0.1,71,36,0.0,0.0,0.0,0,0,1,29.90,,0,0,0,70.0,70.3,67.1,0.30,0.49,0.47
WHIT,2017-08-21 23:45:00 EDT,43.48507,-73.42307,120,63.6,65.8,63.6,100.0,63.6,0.000,0.000,0.00,0.000,0.4,0.8,0.3,112,12,0.9,1.4,0.2,104,18,0.4,0.8,0.3,112,12,0,29.90,,0,0,0,69.7,70.3,67.1,0.30,0.49,0.47
WHIT,2017-08-21 23:50:00 EDT,43.48507,-73.42307,120,62.9,65.1,62.9,100.0,62.9,0.000,0.000,0.00,0.000,1.0,1.5,0.2,127,18,1.3,1.9,0.2,127,17,1.0,1.5,0.2,127,18,1,29.90,,0,0,0,69.6,70.3,67.1,0.30,0.49,0.47
WHIT,2017-08-21 23:55:00 EDT,43.48507,-73.42307,120,62.8,65.0,62.8,100.0,62.8,0.000,0.000,0.00,0.000,1.0,1.3,0.2,144,9,1.2,1.8,0.2,143,10,1.0,1.3,0.2,144,9,0,29.90,,0,0,0,69.6,70.3,67.1,0.30,0.49,0.47
WOLC,2017-08-21 00:00:00 EDT,43.22868,-76.84261,398,64.4,65.7,64.4,95.5,63.1,0.000,0.043,0.00,0.000,1.7,2.6,0.3,195,10,2.0,3.3,0.4,199,12,1.7,2.6,0.3,195,10,1,29.69,,0,0,0,74.7,77.2,75.0,0.04,0.04,0.18
WOLC,2017-08-21 00:05:00 EDT,43.22868,-76.84261,398,64.4,65.6,64.4,95.6,63.1,0.000,0.000,0.00,0.000,1.8,3.7,0.7,185,13,1.9,3.6,0.6,188,15,1.8,3.7,0.7,185,13,1,29.69,,0,0,0,74.7,77.2,75.0,0.04,0.04,0.18
WOLC,2017-08-21 00:10:00 EDT,43.22868,-76.84261,398,64.5,65.6,64.5,95.8,63.3,0.000,0.000,0.00,0.000,1.2,2.4,0.4,198,16,1.4,2.9,0.4,201,17,1.2,2.4,0.4,198,16,1,29.69,,0,0,0,74.6,77.2,75.0,0.04,0.04,0.18
WOLC,2017-08-21 00:15:00 EDT,43.22868,-76.84261,398,64.6,65.6,64.6,95.2,63.2,0.000,0.000,0.00,0.000,1.8,3.2,0.7,203,11,2.0,3.7,0.6,205,12,1.8,3.2,0.7,203,11,1,29.69,,0,0,0,74.3,77.2,75.0,0.05,0.04,0.18
WOLC,2017-08-21 00:20:00 EDT,43.22868,-76.84261,398,64.7,65.6,64.7,94.5,63.0,0.000,0.000,0.00,0.000,2.7,3.7,0.3,205,8,2.9,4.3,0.5,209,7,2.7,3.7,0.3,205,8,1,29.69,,0,0,0,74.3,77.2,75.0,0.05,0.04,0.18
WOLC,2017-08-21 00:25:00 EDT,43.22868,-76.84261,398,64.6,65.3,64.6,93.9,62.8,0.000,0.000,0.00,0.000,2.5,3.9,0.4,204,12,2.6,4.0,0.5,208,10,2.5,3.9,0.4,204,12,1,29.69,,0,0,0,74.3,77.2,75.0,0.05,0.04,0.18
WOLC,2017-08-21 00:30:00 EDT,43.22868,-76.84261,398,64.4,65.2,64.4,94.0,62.6,0.000,0.000,0.00,0.000,2.4,3.9,0.6,196,8,2.6,4.2,0.7,199,10,2.4,3.9,0.6,196,8,1,29.69,,0,0,0,74.1,77.1,75.0,0.05,0.04,0.18
WOLC,2017-08-21 00:35:00 EDT,43.22868,-76.84261,398,64.4,65.5,64.4,94.1,62.7,0.000,0.000,0.00,0.000,2.7,3.7,0.5,191,13,3.0,4.8,0.7,195,13,2.7,3.7,0.5,191,13,1,29.69,,0,0,0,73.9,77.0,75.0,0.05,0.04,0.18
WOLC,2017-08-21 00:40:00 EDT,43.22868,-76.84261,398,64.2,65.4,64.2,94.1,62.5,0.000,0.000,0.00,0.000,2.5,3.7,0.4,204,9,2.7,4.0,0.5,208,8,2.5,3.7,0.4,204,9,1,29.70,,0,0,0,73.9,76.9,75.0,0.05,0.04,0.18
WOLC,2017-08-21 00:45:00 EDT,43.22868,-76.84261,398,64.2,65.1,64.2,94.1,62.5,0.000,0.000,0.00,0.000,2.8,3.9,0.4,201,11,3.1,4.8,0.6,205,10,2.8,3.9,0.4,201,11,1,29.70,,0,0,0,73.9,76.8,75.0,0.05,0.04,0.18
WOLC,2017-08-21 00:50:00 EDT,43.22868,-76.84261,398,64.3,65.1,64.3,94.1,62.5,0.000,0.000,0.00,0.000,2.4,3.9,0.6,196,14,2.6,4.9,0.8,199,13,2.4,3.9,0.6,196,14,1,29.70,,0,0,0,73.9,76.8,75.0,0.05,0.04,0.18
WOLC,2017-08-21 00:55:00 EDT,43.22868,-76.84261,398,64.2,65.2,64.2,94.1,62.4,0.000,0.000,0.00,0.000,3.1,5.3,0.6,195,14,3.3,5.6,0.7,197,12,3.1,5.3,0.6,195,14,1,29.70,,0,0,0,73.9,76.8,75.0,0.05,0.04,0.18
WOLC,2017-08-21 01:00:00 EDT,43.22868,-76.84261,398,64.2,65.3,64.2,94.1,62.5,0.000,0.000,0.00,0.000,3.8,7.2,1.1,193,15,4.0,7.8,1.2,196,12,3.8,7.2,1.1,193,15,1,29.70,,0,0,0,73.6,76.8,75.0,0.05,0.04,0.18
WOLC,2017-08-21 01:05:00 EDT,43.22868,-76.84261,398,64.4,65.3,64.4,93.6,62.5,0.000,0.000,0.00,0.000,3.8,5.6,0.8,192,13,4.2,6.3,1.0,194,10,3.8,5.6,0.8,192,13,1,29.70,,0,0,0,73.4,76.8,75.0,0.04,0.04,0.18
WOLC,2017-08-21 01:10:00 EDT,43.22868,-76.84261,398,64.3,65.1,64.3,93.4,62.4,0.000,0.000,0.00,0.000,3.4,5.9,1.0,192,14,3.7,6.2,1.1,193,12,3.4,5.9,1.0,192,14,1,29.70,,0,0,0,73.4,76.8,75.0,0.05,0.04,0.18
WOLC,2017-08-21 01:15:00 EDT,43.22868,-76.84261,398,64.4,65.1,64.4,93.2,62.4,0.000,0.000,0.00,0.000,4.0,6.0,0.8,194,13,4.5,6.9,1.0,196,11,4.0,6.0,0.8,194,13,1,29.70,,0,0,0,73.4,76.8,75.0,0.05,0.04,0.18
WOLC,2017-08-21 01:20:00 EDT,43.22868,-76.84261,398,64.5,65.1,64.5,92.7,62.3,0.000,0.000,0.00,0.000,3.5,5.3,0.7,193,13,3.8,6.1,1.0,197,12,3.5,5.3,0.7,193,13,1,29.70,,0,0,0,73.4,76.7,75.0,0.05,0.04,0.18
WOLC,2017-08-21 01:25:00 EDT,43.22868,-76.84261,398,64.3,65.0,64.3,92.4,62.1,0.000,0.000,0.00,0.000,3.0,5.6,1.0,194,14,3.4,6.5,1.0,197,14,3.0,5.6,1.0,194,14,1,29.70,,0,0,0,73.4,76.7,75.0,0.05,0.04,0.18
WOLC,2017-08-21 01:30:00 EDT,43.22868,-76.84261,398,64.4,65.0,64.4,92.2,62.1,0.000,0.000,0.00,0.000,3.5,5.2,0.8,189,12,3.8,6.0,0.9,192,11,3.5,5.2,0.8,189,12,1,29.70,,0,0,0,73.3,76.5,75.0,0.05,0.04,0.18
WOLC,2017-08-21 01:35:00 EDT,43.22868,-76.84261,398,64.1,64.8,64.1,92.2,61.8,0.000,0.000,0.00,0.000,3.3,5.7,1.1,186,14,3.6,6.1,1.1,189,13,3.3,5.7,1.1,186,14,1,29.70,,0,0,0,73.1,76.5,75.0,0.04,0.04,0.18
WOLC,2017-08-21 01:40:00 EDT,43.22868,-76.84261,398,64.0,64.7,64.0,92.2,61.7,0.000,0.000,0.00,0.000,2.7,5.6,0.9,192,16,3.1,5.9,0.9,196,15,2.7,5.6,0.9,192,16,1,29.69,,0,0,0,73.0,76.5,75.0,0.05,0.04,0.18
WOLC,2017-08-21 01:45:00 EDT,43.22868,-76.84261,398,64.0,64.9,64.0,91.9,61.6,0.000,0.000,0.00,0.000,3.0,4.7,0.7,188,16,3.3,6.2,0.9,190,15,3.0,4.7,0.7,188,16,1,29.69,,0,0,0,73.0,76.5,75.0,0.05,0.04,0.18
WOLC,2017-08-21 01:50:00 EDT,43.22868,-76.84261,398,63.9,64.7,63.9,92.0,61.5,0.000,0.000,0.00,0.000,3.3,5.1,0.6,195,15,3.6,6.1,0.9,195,14,3.3,5.1,0.6,195,15,1,29.69,,0,0,0,73.0,76.5,75.0,0.05,0.04,0.18
WOLC,2017-08-21 01:55:00 EDT,43.22868,-76.84261,398,63.9,64.6,63.9,91.8,61.5,0.000,0.000,0.00,0.000,3.8,6.0,0.8,192,13,4.2,8.0,0.9,195,12,3.8,6.0,0.8,192,13,1,29.69,,0,0,0,73.0,76.5,75.0,0.05,0.04,0.18
WOLC,2017-08-21 02:00:00 EDT,43.22868,-76.84261,398,63.7,64.5,63.7,92.2,61.4,0.000,0.000,0.00,0.000,3.6,5.8,0.9,200,13,4.0,6.6,1.0,201,11,3.6,5.8,0.9,200,13,1,29.70,,0,0,0,73.0,76.5,75.0,0.05,0.04,0.18
WOLC,2017-08-21 02:05:00 EDT,43.22868,-76.84261,398,63.6,64.3,63.6,92.7,61.4,0.000,0.000,0.00,0.000,3.8,6.1,0.6,193,13,4.1,7.1,0.8,196,11,3.8,6.1,0.6,193,13,1,29.70,,0,0,0,73.0,76.5,75.0,0.05,0.04,0.18
WOLC,2017-08-21 02:10:00 EDT,43.22868,-76.84261,398,63.4,64.1,63.4,93.3,61.5,0.000,0.000,0.00,0.000,3.2,5.4,0.8,190,15,3.5,6.1,0.9,193,12,3.2,5.4,0.8,190,15,1,29.70,,0,0,0,72.9,76.5,75.0,0.05,0.04,0.18
WOLC,2017-08-21 02:15:00 EDT,43.22868,-76.84261,398,63.2,64.1,63.2,93.8,61.4,0.000,0.000,0.00,0.000,3.2,5.1,0.7,192,14,3.3,5.9,0.8,194,14,3.2,5.1,0.7,192,14,1,29.70,,0,0,0,72.7,76.5,75.0,0.05,0.04,0.18
WOLC,2017-08-21 02:20:00 EDT,43.22868,-76.84261,398,63.4,64.0,63.4,94.2,61.7,0.000,0.000,0.00,0.000,3.5,5.6,0.9,192,13,3.9,6.7,1.2,193,11,3.5,5.6,0.9,192,13,1,29.70,,0,0,0,72.7,76.5,75.0,0.05,0.04,0.18
WOLC,2017-08-21 02:25:00 EDT,43.22868,-76.84261,398,63.2,63.9,63.2,94.7,61.6,0.000,0.000,0.00,0.000,3.5,6.6,1.0,191,15,3.9,7.2,1.3,194,11,3.5,6.6,1.0,191,15,1,29.70,,0,0,0,72.7,76.5,75.0,0.05,0.04,0.18
WOLC,2017-08-21 02:30:00 EDT,43.22868,-76.84261,398,63.3,63.9,63.3,95.0,61.9,0.000,0.000,0.00,0.000,3.4,5.9,1.1,187,13,3.8,7.3,1.2,191,12,3.4,5.9,1.1,187,13,1,29.70,,0,0,0,72.7,76.3,75.0,0.05,0.04,0.18
WOLC,2017-08-21 02:35:00 EDT,43.22868,-76.84261,398,63.3,63.9,63.3,95.2,61.9,0.000,0.000,0.00,0.000,3.6,6.0,0.8,186,16,3.9,7.0,1.1,188,14,3.6,6.0,0.8,186,16,1,29.70,,0,0,0,72.7,76.0,75.0,0.04,0.04,0.18
WOLC,2017-08-21 02:40:00 EDT,43.22868,-76.84261,398,63.4,64.0,63.4,95.7,62.1,0.000,0.000,0.00,0.000,3.5,6.1,1.0,184,13,3.9,6.4,1.0,187,13,3.5,6.1,1.0,184,13,1,29.70,,0,0,0,72.7,76.0,75.0,0.05,0.04,0.18
WOLC,2017-08-21 02:45:00 EDT,43.22868,-76.84261,398,63.4,64.0,63.4,95.9,62.2,0.000,0.000,0.00,0.000,3.5,5.6,0.7,183,15,3.7,6.0,0.9,185,14,3.5,5.6,0.7,183,15,1,29.70,,0,0,0,72.6,75.9,75.0,0.04,0.04,0.18
WOLC,2017-08-21 02:50:00 EDT,43.22868,-76.84261,398,63.4,64.0,63.4,96.1,62.3,0.000,0.000,0.00,0.000,3.4,6.1,0.9,193,15,3.8,7.5,1.2,194,13,3.4,6.1,0.9,193,15,1,29.70,,0,0,0,72.4,75.9,75.0,0.04,0.04,0.18
WOLC,2017-08-21 02:55:00 EDT,43.22868,-76.84261,398,63.3,63.9,63.3,96.1,62.2,0.000,0.000,0.00,0.000,3.1,5.2,1.0,192,15,3.4,6.3,1.2,193,14,3.1,5.2,1.0,192,15,1,29.70,,0,0,0,72.3,75.9,75.0,0.04,0.04,0.18
WOLC,2017-08-21 03:00:00 EDT,43.22868,-76.84261,398,63.4,63.9,63.4,96.4,62.3,0.000,0.000,0.00,0.000,3.0,5.2,0.9,195,13,3.4,5.4,0.9,196,11,3.0,5.2,0.9,195,13,1,29.70,,0,0,0,72.3,75.9,75.0,0.04,0.04,0.18
WOLC,2017-08-21 03:05:00 EDT,43.22868,-76.84261,398,63.4,63.9,63.4,96.2,62.3,0.000,0.000,0.00,0.000,2.7,5.3,0.9,190,14,3.1,6.1,1.0,193,13,2.7,5.3,0.9,190,14,1,29.70,,0,0,0,72.3,75.9,75.0,0.04,0.04,0.18
WOLC,2017-08-21 03:10:00 EDT,43.22868,-76.84261,398,63.4,63.9,63.4,96.4,62.3,0.000,0.000,0.00,0.000,2.8,5.0,0.9,189,13,3.2,6.5,1.1,194,10,2.8,5.0,0.9,189,13,1,29.70,,0,0,0,72.3,75.9,75.0,0.04,0.04,0.18
WOLC,2017-08-21 03:15:00 EDT,43.22868,-76.84261,398,63.4,63.9,63.4,96.4,62.3,0.000,0.000,0.00,0.000,3.3,5.6,0.9,189,13,3.7,6.2,1.0,192,11,3.3,5.6,0.9,189,13,1,29.70,,0,0,0,72.3,75.9,75.0,0.04,0.04,0.18
WOLC,2017-08-21 03:20:00 EDT,43.22868,-76.84261,398,63.4,64.0,63.4,96.4,62.4,0.000,0.000,0.00,0.000,2.9,4.5,0.8,187,15,3.3,6.4,0.8,188,14,2.9,4.5,0.8,187,15,1,29.70,,0,0,0,72.3,75.9,75.0,0.04,0.04,0.18
WOLC,2017-08-21 03:25:00 EDT,43.22868,-76.84261,398,63.4,64.1,63.4,96.1,62.3,0.000,0.000,0.00,0.000,2.5,3.9,0.7,185,16,2.8,5.1,0.7,187,14,2.5,3.9,0.7,185,16,1,29.70,,0,0,0,72.3,75.8,75.0,0.04,0.04,0.18
WOLC,2017-08-21 03:30:00 EDT,43.22868,-76.84261,398,63.5,64.2,63.5,96.3,62.5,0.000,0.000,0.00,0.000,3.0,4.9,0.7,182,11,3.3,5.9,0.8,184,10,3.0,4.9,0.7,182,11,1,29.70,,0,0,0,72.1,75.7,75.0,0.05,0.04,0.18
WOLC,2017-08-21 03:35:00 EDT,43.22868,-76.84261,398,63.5,64.1,63.5,96.1,62.4,0.000,0.000,0.00,0.000,2.9,4.6,0.7,186,12,3.2,5.2,0.8,188,11,2.9,4.6,0.7,186,12,1,29.70,,0,0,0,72.0,75.6,75.0,0.04,0.04,0.18
WOLC,2017-08-21 03:40:00 EDT,43.22868,-76.84261,398,63.2,63.9,63.2,96.1,62.1,0.006,0.006,0.26,0.006,2.4,5.3,0.8,190,15,2.7,5.1,0.8,194,15,2.4,5.3,0.8,190,15,1,29.70,,0,0,0,71.8,75.6,75.0,0.05,0.04,0.18
WOLC,2017-08-21 03:45:00 EDT,43.22868,-76.84261,398,63.1,63.8,63.1,96.2,62.0,0.006,0.012,1.49,0.012,3.3,5.1,0.8,188,16,3.7,6.7,0.9,191,13,3.3,5.1,0.8,188,16,1,29.70,,0,0,0,71.8,75.6,75.0,0.04,0.04,0.18
WOLC,2017-08-21 03:50:00 EDT,43.22868,-76.84261,398,63.1,63.6,63.1,96.3,62.0,0.000,0.012,0.59,0.012,2.6,5.3,0.9,187,14,3.0,6.2,1.1,188,14,2.6,5.3,0.9,187,14,1,29.70,,0,0,0,71.8,75.6,75.0,0.04,0.04,0.18
WOLC,2017-08-21 03:55:00 EDT,43.22868,-76.84261,398,63.1,63.6,63.1,96.5,62.1,0.000,0.012,0.90,0.012,2.9,5.3,1.0,185,17,3.1,6.0,1.1,185,14,2.9,5.3,1.0,185,17,1,29.70,,0,0,0,71.8,75.6,75.0,0.04,0.04,0.18
WOLC,2017-08-21 04:00:00 EDT,43.22868,-76.84261,398,63.0,63.7,63.0,96.7,62.0,0.000,0.012,0.00,0.012,2.9,5.4,1.1,193,15,3.0,5.5,1.1,196,14,2.9,5.4,1.1,193,15,1,29.70,,0,0,0,71.8,75.6,75.0,0.04,0.04,0.18
WOLC,2017-08-21 04:05:00 EDT,43.22868,-76.84261,398,63.1,63.6,63.1,96.7,62.1,0.000,0.012,0.00,0.012,2.9,5.8,1.2,190,18,3.2,6.7,1.2,194,15,2.9,5.8,1.2,190,18,1,29.70,,0,0,0,71.8,75.6,75.0,0.04,0.04,0.18
WOLC,2017-08-21 04:10:00 EDT,43.22868,-76.84261,398,62.9,63.5,62.9,96.6,62.0,0.000,0.012,0.00,0.012,2.9,4.7,0.7,186,14,3.2,6.1,1.0,189,13,2.9,4.7,0.7,186,14,1,29.70,,0,0,0,71.7,75.6,75.0,0.04,0.04,0.18
WOLC,2017-08-21 04:15:00 EDT,43.22868,-76.84261,398,62.9,63.6,62.9,96.8,62.0,0.000,0.012,0.43,0.012,2.8,4.9,1.0,189,18,3.1,6.8,1.1,192,15,2.8,4.9,1.0,189,18,1,29.70,,0,0,0,71.4,75.6,75.0,0.04,0.04,0.18
WOLC,2017-08-21 04:20:00 EDT,43.22868,-76.84261,398,62.9,63.5,62.9,96.8,62.0,0.000,0.012,0.00,0.012,3.1,5.8,1.0,181,15,3.4,6.5,1.2,184,15,3.1,5.8,1.0,181,15,1,29.70,,0,0,0,71.4,75.6,75.0,0.04,0.04,0.18
WOLC,2017-08-21 04:25:00 EDT,43.22868,-76.84261,398,62.9,63.4,62.9,96.9,62.0,0.000,0.012,0.00,0.012,2.3,5.3,0.9,191,15,2.7,6.2,1.0,195,15,2.3,5.3,0.9,191,15,1,29.70,,0,0,0,71.4,75.6,75.0,0.04,0.04,0.18
WOLC,2017-08-21 04:30:00 EDT,43.22868,-76.84261,398,63.0,63.5,63.0,97.1,62.1,0.000,0.012,0.00,0.012,3.6,6.4,0.9,190,16,4.1,8.7,1.2,192,13,3.6,6.4,0.9,190,16,1,29.70,,0,0,0,71.4,75.6,75.0,0.05,0.04,0.18
WOLC,2017-08-21 04:35:00 EDT,43.22868,-76.84261,398,62.9,63.5,62.9,97.2,62.1,0.000,0.012,0.00,0.012,3.4,5.8,0.8,198,13,3.9,6.0,0.9,199,10,3.4,5.8,0.8,198,13,1,29.70,,0,0,0,71.4,75.5,75.0,0.04,0.04,0.18
WOLC,2017-08-21 04:40:00 EDT,43.22868,-76.84261,398,63.0,63.5,63.0,97.0,62.2,0.000,0.012,0.00,0.006,3.3,5.8,0.9,184,16,3.7,6.4,1.2,186,14,3.3,5.8,0.9,184,16,1,29.70,,0,0,0,71.4,75.5,75.0,0.05,0.04,0.18
WOLC,2017-08-21 04:45:00 EDT,43.22868,-76.84261,398,63.0,63.4,63.0,96.7,62.1,0.000,0.012,0.26,0.000,3.1,6.9,1.1,182,15,3.4,8.3,1.4,182,14,3.1,6.9,1.1,182,15,1,29.70,,0,0,0,71.4,75.4,75.0,0.04,0.04,0.18
WOLC,2017-08-21 04:50:00 EDT,43.22868,-76.84261,398,63.1,63.6,63.1,96.6,62.1,0.000,0.012,0.33,0.000,3.9,6.4,1.1,172,12,4.1,7.2,1.4,176,10,3.9,6.4,1.1,172,12,1,29.70,,0,0,0,71.4,75.1,75.0,0.04,0.04,0.18
WOLC,2017-08-21 04:55:00 EDT,43.22868,-76.84261,398,63.2,63.7,63.2,96.3,62.1,0.000,0.012,0.00,0.000,3.3,5.1,0.9,167,15,3.8,6.7,1.0,168,13,3.3,5.1,0.9,167,15,1,29.70,,0,0,0,71.4,75.0,75.0,0.04,0.04,0.18
WOLC,2017-08-21 05:00:00 EDT,43.22868,-76.84261,398,63.2,63.7,63.2,96.2,62.1,0.005,0.017,0.71,0.005,4.2,6.4,1.0,165,13,4.8,7.0,1.2,168,10,4.2,6.4,1.0,165,13,1,29.70,,0,0,0,71.4,75.0,75.0,0.04,0.04,0.18
WOLC,2017-08-21 05:05:00 EDT,43.22868,-76.84261,398,63.3,63.7,63.3,95.9,62.1,0.000,0.017,0.00,0.005,3.6,6.1,1.1,182,16,4.1,7.3,1.4,184,13,3.6,6.1,1.1,182,16,1,29.70,,0,0,0,71.4,75.0,75.0,0.04,0.04,0.18
WOLC,2017-08-21 05:10:00 EDT,43.22868,-76.84261,398,63.1,63.5,63.1,95.7,61.8,0.000,0.017,0.00,0.005,3.2,6.7,1.2,189,20,3.6,8.1,1.4,191,19,3.2,6.7,1.2,189,20,1,29.70,,0,0,0,71.4,75.0,75.0,0.04,0.04,0.18
WOLC,2017-08-21 05:15:00 EDT,43.22868,-76.84261,398,63.0,63.4,63.0,95.8,61.8,0.000,0.017,0.00,0.005,4.1,6.3,1.1,186,14,4.6,7.5,1.4,189,13,4.1,6.3,1.1,186,14,1,29.70,,0,0,0,71.4,75.0,75.0,0.05,0.04,0.18
WOLC,2017-08-21 05:20:00 EDT,43.22868,-76.84261,398,63.0,63.4,63.0,96.0,61.9,0.000,0.017,0.00,0.005,4.4,7.5,0.9,186,15,4.8,8.2,1.1,189,13,4.4,7.5,0.9,186,15,1,29.70,,0,0,0,71.2,75.0,75.0,0.05,0.04,0.18
WOLC,2017-08-21 05:25:00 EDT,43.22868,-76.84261,398,63.0,63.3,63.0,96.0,61.9,0.000,0.017,0.00,0.005,3.7,5.7,0.9,187,18,4.3,7.5,1.3,188,15,3.7,5.7,0.9,187,18,1,29.70,,0,0,0,71.1,75.0,75.0,0.05,0.04,0.18
WOLC,2017-08-21 05:30:00 EDT,43.22868,-76.84261,398,62.9,63.2,62.9,96.1,61.7,0.000,0.017,0.00,0.005,3.2,6.2,1.1,194,16,3.7,7.4,1.3,195,13,3.2,6.2,1.1,194,16,1,29.70,,0,0,0,71.1,75.0,75.0,0.05,0.04,0.18
WOLC,2017-08-21 05:35:00 EDT,43.22868,-76.84261,398,62.8,63.3,62.8,96.1,61.7,0.000,0.017,0.00,0.005,3.0,5.8,1.0,188,15,3.5,7.1,1.2,190,13,3.0,5.8,1.0,188,15,1,29.70,,0,0,0,71.1,75.0,75.0,0.05,0.04,0.18
WOLC,2017-08-21 05:40:00 EDT,43.22868,-76.84261,398,62.9,63.4,62.9,95.9,61.7,0.000,0.017,0.00,0.005,3.7,6.2,1.1,178,10,4.0,7.4,1.3,180,10,3.7,6.2,1.1,178,10,1,29.70,,0,0,0,71.1,75.0,75.0,0.05,0.04,0.18
WOLC,2017-08-21 05:45:00 EDT,43.22868,-76.84261,398,63.1,63.5,63.1,95.7,61.8,0.000,0.017,0.00,0.005,2.7,5.5,0.9,178,15,3.2,6.1,1.0,178,13,2.7,5.5,0.9,178,15,1,29.69,,0,0,0,71.1,74.9,75.0,0.05,0.04,0.18
WOLC,2017-08-21 05:50:00 EDT,43.22868,-76.84261,398,63.0,63.5,63.0,95.2,61.6,0.000,0.017,0.00,0.005,1.9,4.2,0.9,177,17,2.2,5.0,1.0,179,20,1.9,4.2,0.9,177,17,1,29.70,,0,0,0,71.1,74.7,75.0,0.05,0.04,0.18
WOLC,2017-08-21 05:55:00 EDT,43.22868,-76.84261,398,63.1,63.5,63.1,95.1,61.7,0.000,0.017,0.00,0.005,3.6,6.7,1.2,179,15,4.0,7.5,1.4,182,14,3.6,6.7,1.2,179,15,1,29.70,,0,0,0,71.1,74.7,75.0,0.04,0.04,0.18
WOLC,2017-08-21 06:00:00 EDT,43.22868,-76.84261,398,63.1,63.6,63.1,95.1,61.7,0.000,0.017,0.00,0.000,4.9,8.0,1.9,181,15,5.5,9.7,2.2,182,12,4.9,8.0,1.9,181,15,1,29.70,,0,0,0,71.1,74.7,75.0,0.04,0.04,0.18
WOLC,2017-08-21 06:05:00 EDT,43.22868,-76.84261,398,63.3,63.7,63.3,95.0,61.8,0.000,0.017,0.00,0.000,6.1,10.1,1.4,180,11,6.6,12.5,1.7,182,9,6.1,10.1,1.4,180,11,1,29.70,,0,0,0,71.1,74.7,75.0,0.04,0.04,0.18
WOLC,2017-08-21 06:10:00 EDT,43.22868,-76.84261,398,63.3,63.6,63.3,94.7,61.7,0.000,0.017,0.00,0.000,4.7,8.5,1.7,187,15,4.9,10.2,2.1,188,12,4.7,8.5,1.7,187,15,1,29.70,,0,0,0,71.1,74.7,75.0,0.05,0.04,0.18
WOLC,2017-08-21 06:15:00 EDT,43.22868,-76.84261,398,63.5,63.8,63.5,94.3,61.8,0.000,0.017,0.00,0.000,4.4,8.3,1.3,182,18,5.0,9.8,1.6,185,14,4.4,8.3,1.3,182,18,2,29.70,,0,0,0,71.1,74.7,75.0,0.04,0.04,0.18
WOLC,2017-08-21 06:20:00 EDT,43.22868,-76.84261,398,63.3,63.8,63.3,94.0,61.6,0.000,0.017,0.00,0.000,3.7,6.9,1.5,188,17,4.3,8.7,1.6,190,15,3.7,6.9,1.5,188,17,2,29.70,,0,0,0,71.1,74.7,75.0,0.05,0.04,0.18
WOLC,2017-08-21 06:25:00 EDT,43.22868,-76.84261,398,63.4,63.7,63.4,94.5,61.7,0.000,0.017,0.00,0.000,4.0,7.7,1.4,190,15,4.6,10.2,1.7,192,12,4.0,7.7,1.4,190,15,3,29.70,,0,0,0,71.1,74.7,75.0,0.05,0.04,0.18
WOLC,2017-08-21 06:30:00 EDT,43.22868,-76.84261,398,63.3,63.6,63.3,94.4,61.7,0.000,0.017,0.00,0.000,4.3,7.1,1.1,190,15,4.9,8.9,1.4,191,12,4.3,7.1,1.1,190,15,5,29.70,,0,0,0,71.1,74.7,75.0,0.05,0.04,0.18
WOLC,2017-08-21 06:35:00 EDT,43.22868,-76.84261,398,63.2,63.6,63.2,94.7,61.6,0.000,0.017,0.00,0.000,3.8,7.2,1.3,189,15,4.2,8.3,1.5,191,13,3.8,7.2,1.3,189,15,9,29.70,,0,0,0,71.1,74.7,75.0,0.05,0.04,0.18
WOLC,2017-08-21 06:40:00 EDT,43.22868,-76.84261,398,63.2,63.5,63.2,94.8,61.7,0.000,0.017,0.00,0.000,3.6,6.5,1.2,186,17,4.0,7.6,1.3,189,16,3.6,6.5,1.2,186,17,15,29.70,,0,0,0,71.1,74.7,75.0,0.05,0.04,0.18
WOLC,2017-08-21 06:45:00 EDT,43.22868,-76.84261,398,63.1,63.5,63.1,94.9,61.6,0.003,0.020,0.69,0.003,4.0,6.9,1.2,188,16,4.2,7.4,1.4,190,14,4.0,6.9,1.2,188,16,26,29.70,,0,0,0,71.1,74.7,75.0,0.05,0.04,0.18
WOLC,2017-08-21 06:50:00 EDT,43.22868,-76.84261,398,63.2,63.5,63.2,94.9,61.7,0.000,0.020,0.43,0.003,3.3,6.3,1.2,185,16,3.8,7.9,1.6,189,16,3.3,6.3,1.2,185,16,32,29.70,,0,0,0,71.1,74.7,75.0,0.05,0.04,0.18
WOLC,2017-08-21 06:55:00 EDT,43.22868,-76.84261,398,63.2,63.5,63.2,95.3,61.8,0.000,0.020,0.00,0.003,3.8,7.7,1.5,192,15,4.4,8.9,1.7,191,12,3.8,7.7,1.5,192,15,38,29.70,,0,0,0,71.1,74.7,75.0,0.05,0.04,0.18
WOLC,2017-08-21 07:00:00 EDT,43.22868,-76.84261,398,63.3,63.6,63.3,95.1,61.9,0.000,0.020,0.00,0.003,3.4,7.2,1.4,191,16,3.8,8.2,1.5,192,15,3.4,7.2,1.4,191,16,56,29.70,,0,0,0,71.1,74.7,75.0,0.05,0.04,0.18
WOLC,2017-08-21 07:05:00 EDT,43.22868,-76.84261,398,63.5,63.8,63.5,94.9,62.0,0.000,0.020,0.00,0.003,3.5,6.4,1.2,194,14,4.1,7.5,1.2,195,12,3.5,6.4,1.2,194,14,73,29.70,,0,0,0,71.1,74.7,75.0,0.05,0.04,0.18
WOLC,2017-08-21 07:10:00 EDT,43.22868,-76.84261,398,63.7,64.0,63.7,94.6,62.2,0.000,0.020,0.00,0.003,3.5,8.5,1.4,185,20,4.1,9.5,1.6,188,19,3.5,8.5,1.4,185,20,105,29.70,,0,0,0,71.1,74.7,75.0,0.05,0.04,0.18
WOLC,2017-08-21 07:15:00 EDT,43.22868,-76.84261,398,64.2,64.4,64.2,93.6,62.3,0.000,0.020,1.04,0.003,4.1,9.6,1.8,185,16,4.5,10.9,2.0,188,13,4.1,9.6,1.8,185,16,90,29.70,,0,0,0,71.1,74.7,75.0,0.05,0.04,0.18
WOLC,2017-08-21 07:20:00 EDT,43.22868,-76.84261,398,64.4,64.6,64.4,93.1,62.4,0.000,0.020,0.52,0.003,3.8,6.7,1.4,185,18,4.3,8.6,1.6,188,16,3.8,6.7,1.4,185,18,80,29.70,,0,0,0,71.0,74.7,75.0,0.05,0.04,0.18
WOLC,2017-08-21 07:25:00 EDT,43.22868,-76.84261,398,64.5,64.7,64.5,93.1,62.4,0.000,0.020,0.00,0.003,4.7,8.5,1.2,182,14,5.1,10.0,1.5,184,12,4.7,8.5,1.2,182,14,98,29.70,,0,0,0,71.1,74.6,74.9,0.04,0.04,0.18
WOLC,2017-08-21 07:30:00 EDT,43.22868,-76.84261,398,64.7,64.9,64.7,92.9,62.6,0.000,0.020,0.00,0.003,4.5,7.7,1.4,184,14,5.1,8.9,1.5,185,12,4.5,7.7,1.4,184,14,108,29.70,,0,0,0,71.1,74.4,74.9,0.04,0.04,0.18
WOLC,2017-08-21 07:35:00 EDT,43.22868,-76.84261,398,65.0,65.2,65.0,92.0,62.6,0.000,0.020,0.00,0.003,4.9,8.7,1.3,177,13,5.6,10.1,1.6,180,11,4.9,8.7,1.3,177,13,109,29.70,,0,0,0,71.1,74.3,74.9,0.04,0.04,0.18
WOLC,2017-08-21 07:40:00 EDT,43.22868,-76.84261,398,65.2,65.3,65.2,91.7,62.7,0.000,0.020,0.00,0.003,3.9,7.2,1.5,179,15,4.5,8.5,1.7,180,14,3.9,7.2,1.5,179,15,98,29.70,,0,0,0,71.1,74.3,74.8,0.04,0.04,0.18
WOLC,2017-08-21 07:45:00 EDT,43.22868,-76.84261,398,65.2,65.4,65.2,91.4,62.6,0.000,0.020,0.00,0.000,4.4,6.8,1.1,172,13,5.0,8.5,1.4,174,11,4.4,6.8,1.1,172,13,123,29.70,,0,0,0,71.1,74.3,74.8,0.04,0.04,0.18
WOLC,2017-08-21 07:50:00 EDT,43.22868,-76.84261,398,65.4,65.7,65.4,90.8,62.7,0.000,0.020,0.00,0.000,4.8,8.4,1.3,174,15,5.5,10.6,1.7,176,12,4.8,8.4,1.3,174,15,176,29.70,,0,0,0,71.1,74.3,74.8,0.04,0.04,0.18
WOLC,2017-08-21 07:55:00 EDT,43.22868,-76.84261,398,65.7,65.9,65.7,90.1,62.7,0.000,0.020,0.00,0.000,5.3,10.6,2.3,172,16,5.9,11.6,2.6,175,13,5.3,10.6,2.3,172,16,142,29.70,,0,0,0,71.1,74.3,74.8,0.04,0.04,0.18
WOLC,2017-08-21 08:00:00 EDT,43.22868,-76.84261,398,65.7,65.9,65.7,89.7,62.6,0.000,0.020,0.00,0.000,5.4,11.0,1.7,183,14,5.8,12.2,1.9,186,11,5.4,11.0,1.7,183,14,130,29.70,,0,0,0,71.3,74.3,74.7,0.04,0.04,0.18
WOLC,2017-08-21 08:05:00 EDT,43.22868,-76.84261,398,65.9,66.0,65.9,89.5,62.7,0.000,0.020,0.00,0.000,6.0,10.1,1.6,177,16,6.6,11.1,1.8,180,12,6.0,10.1,1.6,177,16,208,29.70,,0,0,0,71.4,74.3,74.7,0.04,0.04,0.18
WOLC,2017-08-21 08:10:00 EDT,43.22868,-76.84261,398,66.2,66.4,66.2,89.0,62.9,0.000,0.020,0.00,0.000,6.0,9.4,1.5,176,14,6.5,10.2,1.7,179,12,6.0,9.4,1.5,176,14,249,29.70,,0,0,0,71.4,74.3,74.7,0.04,0.04,0.18
WOLC,2017-08-21 08:15:00 EDT,43.22868,-76.84261,398,66.6,66.7,66.6,88.1,63.0,0.000,0.020,0.00,0.000,6.7,11.1,1.7,183,13,7.4,12.2,2.1,184,11,6.7,11.1,1.7,183,13,264,29.70,,0,0,0,71.4,74.3,74.7,0.05,0.04,0.18
WOLC,2017-08-21 08:20:00 EDT,43.22868,-76.84261,398,67.0,67.0,67.0,87.0,63.0,0.000,0.020,0.00,0.000,6.3,11.3,1.6,180,14,7.1,13.3,1.9,182,12,6.3,11.3,1.6,180,14,276,29.70,,0,0,0,71.4,74.3,74.7,0.04,0.04,0.18
WOLC,2017-08-21 08:25:00 EDT,43.22868,-76.84261,398,67.4,67.4,67.4,86.8,63.3,0.000,0.020,0.00,0.000,5.3,8.8,1.5,175,14,6.1,9.8,1.6,178,11,5.3,8.8,1.5,175,14,289,29.69,,0,0,0,71.4,74.3,74.7,0.05,0.04,0.18
WOLC,2017-08-21 08:30:00 EDT,43.22868,-76.84261,398,67.9,67.9,67.9,85.3,63.3,0.000,0.020,0.00,0.000,5.2,10.7,2.1,168,15,5.7,12.4,2.3,172,13,5.2,10.7,2.1,168,15,307,29.69,,0,0,0,71.4,74.3,74.7,0.05,0.04,0.18
WOLC,2017-08-21 08:35:00 EDT,43.22868,-76.84261,398,68.2,68.2,68.2,84.0,63.2,0.000,0.020,0.00,0.000,6.7,10.1,1.6,169,15,7.4,12.2,2.0,173,14,6.7,10.1,1.6,169,15,328,29.69,,0,0,0,71.4,74.2,74.7,0.05,0.04,0.18
WOLC,2017-08-21 08:40:00 EDT,43.22868,-76.84261,398,68.7,68.6,68.7,84.4,63.8,0.000,0.020,0.00,0.000,5.4,11.5,2.3,175,17,6.2,13.0,2.5,178,14,5.4,11.5,2.3,175,17,347,29.69,,0,0,0,71.7,74.2,74.7,0.05,0.04,0.18
WOLC,2017-08-21 08:45:00 EDT,43.22868,-76.84261,398,68.8,68.7,68.8,82.9,63.4,0.000,0.020,0.00,0.000,6.6,10.0,1.9,184,15,7.4,11.1,2.1,185,13,6.6,10.0,1.9,184,15,292,29.69,,0,0,0,71.8,74.2,74.7,0.05,0.04,0.18
WOLC,2017-08-21 08:50:00 EDT,43.22868,-76.84261,398,69.3,69.1,69.3,81.9,63.5,0.000,0.020,0.00,0.000,5.9,9.7,1.4,186,13,6.4,11.9,1.6,187,12,5.9,9.7,1.4,186,13,383,29.69,,0,0,0,71.8,74.0,74.7,0.05,0.04,0.18
WOLC,2017-08-21 08:55:00 EDT,43.22868,-76.84261,398,69.9,69.7,69.9,80.9,63.7,0.000,0.020,0.00,0.000,4.8,8.5,1.6,177,14,5.5,9.2,1.6,180,13,4.8,8.5,1.6,177,14,393,29.69,,0,0,0,72.1,73.9,74.7,0.05,0.04,0.18
WOLC,2017-08-21 09:00:00 EDT,43.22868,-76.84261,398,70.4,70.2,70.4,79.5,63.7,0.000,0.020,0.00,0.000,4.8,7.5,1.4,188,14,5.5,9.4,1.6,191,13,4.8,7.5,1.4,188,14,410,29.70,,0,0,0,72.3,73.9,74.7,0.04,0.04,0.18
WOLC,2017-08-21 09:05:00 EDT,43.22868,-76.84261,398,70.7,70.4,70.7,79.1,63.9,0.000,0.020,0.00,0.000,6.7,10.1,1.6,184,12,7.3,10.5,1.8,185,10,6.7,10.1,1.6,184,12,426,29.70,,0,0,0,72.3,73.9,74.7,0.05,0.04,0.18
WOLC,2017-08-21 09:10:00 EDT,43.22868,-76.84261,398,71.1,70.8,71.1,78.9,64.2,0.000,0.020,0.00,0.000,5.5,9.1,1.8,188,15,6.0,10.0,1.8,190,13,5.5,9.1,1.8,188,15,443,29.70,,0,0,0,72.7,73.9,74.7,0.04,0.04,0.18
WOLC,2017-08-21 09:15:00 EDT,43.22868,-76.84261,398,71.4,71.0,71.4,77.4,63.9,0.000,0.020,0.00,0.000,5.6,9.4,1.6,190,16,6.3,11.4,1.8,192,14,5.6,9.4,1.6,190,16,390,29.70,,0,0,0,72.7,73.9,74.7,0.04,0.04,0.18
WOLC,2017-08-21 09:20:00 EDT,43.22868,-76.84261,398,71.6,71.2,71.6,76.6,63.9,0.000,0.020,0.00,0.000,4.7,9.0,1.6,192,16,5.3,10.8,2.0,194,12,4.7,9.0,1.6,192,16,339,29.70,,0,0,0,73.0,73.9,74.7,0.04,0.04,0.18
WOLC,2017-08-21 09:25:00 EDT,43.22868,-76.84261,398,71.2,70.9,71.2,78.2,64.1,0.000,0.020,0.00,0.000,5.5,9.8,1.8,176,13,6.0,10.8,1.9,179,11,5.5,9.8,1.8,176,13,387,29.70,,0,0,0,73.2,73.9,74.7,0.04,0.04,0.18
WOLC,2017-08-21 09:30:00 EDT,43.22868,-76.84261,398,71.4,70.8,71.4,77.2,63.9,0.000,0.020,0.00,0.000,6.9,10.7,1.5,177,13,7.5,11.1,1.5,179,11,6.9,10.7,1.5,177,13,442,29.70,,0,0,0,73.4,73.9,74.7,0.04,0.04,0.18
WOLC,2017-08-21 09:35:00 EDT,43.22868,-76.84261,398,71.0,70.6,71.0,77.4,63.6,0.000,0.020,0.00,0.000,6.8,11.0,1.7,192,15,7.7,12.7,2.1,193,13,6.8,11.0,1.7,192,15,403,29.70,,0,0,0,73.8,73.9,74.7,0.05,0.04,0.18
WOLC,2017-08-21 09:40:00 EDT,43.22868,-76.84261,398,71.3,70.7,71.3,78.0,64.0,0.000,0.020,0.00,0.000,7.8,13.2,2.1,185,15,8.7,15.6,2.3,188,14,7.8,13.2,2.1,185,15,485,29.70,,0,0,0,73.9,73.9,74.7,0.04,0.04,0.18
WOLC,2017-08-21 09:45:00 EDT,43.22868,-76.84261,398,71.2,70.7,71.2,77.8,63.9,0.000,0.020,0.00,0.000,7.8,11.8,2.0,185,16,8.6,13.5,2.3,186,12,7.8,11.8,2.0,185,16,298,29.70,,0,0,0,74.2,73.9,74.7,0.05,0.04,0.18
WOLC,2017-08-21 09:50:00 EDT,43.22868,-76.84261,398,70.8,70.6,70.8,79.3,64.1,0.000,0.020,0.00,0.000,7.5,11.4,1.8,197,18,8.2,12.5,2.0,199,16,7.5,11.4,1.8,197,18,237,29.71,,0,0,0,74.3,73.9,74.7,0.05,0.04,0.18
WOLC,2017-08-21 09:55:00 EDT,43.22868,-76.84261,398,71.0,70.7,71.0,80.2,64.6,0.000,0.020,0.00,0.000,5.3,10.4,1.8,172,14,5.9,12.9,2.0,175,12,5.3,10.4,1.8,172,14,342,29.70,,0,0,0,74.6,73.9,74.7,0.05,0.04,0.18
WOLC,2017-08-21 10:00:00 EDT,43.22868,-76.84261,398,71.6,71.2,71.6,79.3,64.9,0.000,0.020,0.00,0.000,5.5,9.9,1.9,176,13,6.0,11.6,2.1,178,12,5.5,9.9,1.9,176,13,485,29.70,,0,0,0,74.7,73.9,74.7,0.05,0.04,0.18
WOLC,2017-08-21 10:05:00 EDT,43.22868,-76.84261,398,72.7,72.0,72.7,76.9,65.0,0.000,0.020,0.00,0.000,5.2,9.5,1.5,180,17,5.9,10.8,1.6,182,16,5.2,9.5,1.5,180,17,572,29.70,,0,0,0,74.8,73.9,74.7,0.04,0.04,0.18
WOLC,2017-08-21 10:10:00 EDT,43.22868,-76.84261,398,73.1,72.5,73.1,73.4,64.1,0.000,0.020,0.00,0.000,6.3,11.3,1.7,189,15,7.2,13.2,1.7,191,12,6.3,11.3,1.7,189,15,580,29.69,,0,0,0,75.0,73.9,74.7,0.05,0.04,0.18
WOLC,2017-08-21 10:15:00 EDT,43.22868,-76.84261,398,73.5,72.9,73.5,73.2,64.3,0.000,0.020,0.00,0.000,7.7,13.4,2.2,179,12,8.7,14.2,2.2,182,11,7.7,13.4,2.2,179,12,589,29.69,,0,0,0,75.4,73.9,74.7,0.05,0.04,0.18
WOLC,2017-08-21 10:20:00 EDT,43.22868,-76.84261,398,74.0,73.3,74.0,72.9,64.7,0.000,0.020,0.00,0.000,7.5,12.6,2.0,178,14,8.1,14.5,2.1,180,10,7.5,12.6,2.0,178,14,596,29.69,,0,0,0,75.6,73.9,74.7,0.05,0.04,0.18
WOLC,2017-08-21 10:25:00 EDT,43.22868,-76.84261,398,74.6,73.9,74.6,72.3,65.1,0.000,0.020,0.00,0.000,6.0,10.6,2.4,175,19,6.8,12.8,2.6,178,17,6.0,10.6,2.4,175,19,606,29.69,,0,0,0,75.9,73.9,74.7,0.04,0.04,0.18
WOLC,2017-08-21 10:30:00 EDT,43.22868,-76.84261,398,74.8,74.2,74.8,71.1,64.8,0.000,0.020,0.00,0.000,7.5,10.9,1.6,180,13,8.2,12.6,1.9,182,11,7.5,10.9,1.6,180,13,617,29.69,,0,0,0,76.4,73.9,74.7,0.05,0.04,0.18
WOLC,2017-08-21 10:35:00 EDT,43.22868,-76.84261,398,75.1,74.4,75.1,71.2,65.1,0.000,0.020,0.00,0.000,6.8,9.4,1.3,175,11,7.5,11.5,1.4,177,12,6.8,9.4,1.3,175,11,627,29.69,,0,0,0,76.6,73.9,74.7,0.05,0.04,0.18
WOLC,2017-08-21 10:40:00 EDT,43.22868,-76.84261,398,75.5,74.7,75.5,70.2,65.1,0.000,0.020,0.00,0.000,7.2,11.1,1.7,182,18,8.0,12.2,1.8,184,17,7.2,11.1,1.7,182,18,637,29.69,,0,0,0,77.0,73.9,74.7,0.05,0.04,0.18
WOLC,2017-08-21 10:45:00 EDT,43.22868,-76.84261,398,76.1,75.2,76.1,69.9,65.5,0.000,0.020,0.00,0.000,5.4,8.4,1.4,182,15,6.1,10.2,1.7,184,14,5.4,8.4,1.4,182,15,647,29.68,,0,0,0,77.3,73.9,74.7,0.05,0.04,0.18
WOLC,2017-08-21 10:50:00 EDT,43.22868,-76.84261,398,76.8,76.0,76.8,69.5,66.1,0.000,0.020,0.00,0.000,3.7,8.2,1.5,173,25,4.3,8.7,1.5,177,25,3.7,8.2,1.5,173,25,660,29.68,,0,0,0,77.8,73.9,74.7,0.05,0.04,0.18
WOLC,2017-08-21 10:55:00 EDT,43.22868,-76.84261,398,77.1,76.2,77.1,66.6,65.1,0.000,0.020,0.00,0.000,5.1,8.1,1.6,198,19,5.7,8.9,1.6,199,17,5.1,8.1,1.6,198,19,670,29.68,,0,0,0,78.1,73.9,74.7,0.05,0.04,0.18
WOLC,2017-08-21 11:00:00 EDT,43.22868,-76.84261,398,77.1,76.1,77.1,66.4,65.0,0.000,0.020,0.00,0.000,5.9,9.1,1.6,216,19,6.7,10.4,1.5,216,17,5.9,9.1,1.6,216,19,675,29.68,,0,0,0,78.4,73.9,74.7,0.05,0.04,0.18
WOLC,2017-08-21 11:05:00 EDT,43.22868,-76.84261,398,77.5,76.5,77.5,66.8,65.6,0.000,0.020,0.00,0.000,5.6,9.6,1.4,181,16,6.2,10.4,1.6,183,14,5.6,9.6,1.4,181,16,682,29.68,,0,0,0,79.0,73.9,74.7,0.05,0.04,0.18
WOLC,2017-08-21 11:10:00 EDT,43.22868,-76.84261,398,77.8,76.7,77.8,65.4,65.2,0.000,0.020,0.00,0.000,5.8,9.1,1.2,204,18,6.6,9.7,1.4,206,15,5.8,9.1,1.2,204,18,688,29.68,,0,0,0,79.3,73.9,74.7,0.05,0.04,0.18
WOLC,2017-08-21 11:15:00 EDT,43.22868,-76.84261,398,77.5,76.6,77.5,65.5,65.1,0.000,0.020,0.00,0.000,6.2,9.2,1.3,189,17,7.0,11.0,1.4,188,14,6.2,9.2,1.3,189,17,696,29.68,,0,0,0,79.7,73.9,74.7,0.05,0.04,0.18
WOLC,2017-08-21 11:20:00 EDT,43.22868,-76.84261,398,77.8,77.0,77.8,65.0,65.1,0.000,0.020,0.00,0.000,5.4,10.5,1.7,194,17,6.2,10.3,1.6,196,16,5.4,10.5,1.7,194,17,702,29.68,,0,0,0,80.1,74.0,74.7,0.05,0.04,0.18
WOLC,2017-08-21 11:25:00 EDT,43.22868,-76.84261,398,78.4,77.7,78.4,66.1,66.2,0.000,0.020,0.00,0.000,4.5,7.9,1.3,193,21,5.3,9.1,1.3,195,21,4.5,7.9,1.3,193,21,709,29.68,,0,0,0,80.4,73.9,74.7,0.05,0.04,0.18
WOLC,2017-08-21 11:30:00 EDT,43.22868,-76.84261,398,78.4,77.4,78.4,64.6,65.5,0.000,0.020,0.00,0.000,6.6,11.0,1.6,201,17,7.1,11.8,1.7,202,15,6.6,11.0,1.6,201,17,715,29.68,,0,0,0,80.9,74.0,74.7,0.05,0.04,0.18
WOLC,2017-08-21 11:35:00 EDT,43.22868,-76.84261,398,78.0,77.2,78.0,65.1,65.3,0.000,0.020,0.00,0.000,7.0,11.4,1.8,183,15,7.8,13.8,2.0,186,11,7.0,11.4,1.8,183,15,720,29.68,,0,0,0,81.2,74.2,74.7,0.05,0.04,0.18
WOLC,2017-08-21 11:40:00 EDT,43.22868,-76.84261,398,78.2,77.2,78.2,63.7,64.9,0.000,0.020,0.00,0.000,6.1,8.8,1.4,204,13,6.8,9.9,1.4,204,12,6.1,8.8,1.4,204,13,727,29.68,,0,0,0,81.5,74.3,74.7,0.05,0.04,0.18
WOLC,2017-08-21 11:45:00 EDT,43.22868,-76.84261,398,78.8,77.7,78.8,65.0,66.1,0.000,0.020,0.00,0.000,5.3,7.5,1.2,176,9,6.0,9.1,1.4,178,8,5.3,7.5,1.2,176,9,734,29.68,,0,0,0,82.0,74.3,74.7,0.05,0.04,0.18
WOLC,2017-08-21 11:50:00 EDT,43.22868,-76.84261,398,78.9,77.9,78.9,63.5,65.5,0.000,0.020,0.00,0.000,5.4,8.5,1.5,186,14,5.8,9.3,1.8,187,12,5.4,8.5,1.5,186,14,744,29.67,,0,0,0,82.0,74.3,74.7,0.05,0.04,0.18
WOLC,2017-08-21 11:55:00 EDT,43.22868,-76.84261,398,79.5,78.4,79.5,63.5,66.1,0.000,0.020,0.00,0.000,5.3,7.8,1.4,176,16,6.0,8.8,1.5,179,15,5.3,7.8,1.4,176,16,750,29.68,,0,0,0,82.3,74.3,74.7,0.05,0.03,0.18
WOLC,2017-08-21 12:00:00 EDT,43.22868,-76.84261,398,79.9,78.7,79.9,62.2,65.8,0.000,0.020,0.00,0.000,5.9,8.7,1.1,199,23,6.4,10.5,1.5,200,22,5.9,8.7,1.1,199,23,755,29.68,,0,0,0,82.4,74.3,74.7,0.05,0.04,0.18
WOLC,2017-08-21 12:05:00 EDT,43.22868,-76.84261,398,80.1,79.5,82.2,62.1,66.0,0.000,0.020,0.00,0.000,4.0,7.1,1.6,216,21,4.6,8.0,1.7,218,20,4.0,7.1,1.6,216,21,756,29.68,,0,0,0,82.9,74.3,74.6,0.05,0.03,0.18
WOLC,2017-08-21 12:10:00 EDT,43.22868,-76.84261,398,80.5,79.5,82.6,61.2,65.9,0.000,0.020,0.00,0.000,5.8,8.7,1.4,205,13,6.4,9.9,1.5,206,13,5.8,8.7,1.4,205,13,755,29.68,,0,0,0,83.0,74.3,74.7,0.05,0.04,0.18
WOLC,2017-08-21 12:15:00 EDT,43.22868,-76.84261,398,80.6,79.5,82.8,61.9,66.3,0.000,0.020,0.00,0.000,6.4,9.4,1.4,202,30,6.9,10.8,1.7,202,28,6.4,9.4,1.4,202,30,753,29.68,,0,0,0,83.5,74.3,74.6,0.05,0.03,0.18
WOLC,2017-08-21 12:20:00 EDT,43.22868,-76.84261,398,81.1,79.8,83.6,62.7,67.2,0.000,0.020,0.00,0.000,6.3,10.4,1.6,204,25,7.2,12.2,1.9,205,24,6.3,10.4,1.6,204,25,770,29.68,,0,0,0,83.9,74.5,74.6,0.05,0.03,0.18
WOLC,2017-08-21 12:25:00 EDT,43.22868,-76.84261,398,81.2,79.9,83.5,61.4,66.7,0.000,0.020,0.00,0.000,6.5,10.9,2.1,212,13,7.1,11.6,2.1,212,13,6.5,10.9,2.1,212,13,787,29.68,,0,0,0,84.2,74.6,74.5,0.05,0.04,0.18
WOLC,2017-08-21 12:30:00 EDT,43.22868,-76.84261,398,80.8,80.0,83.0,61.2,66.2,0.000,0.020,0.00,0.000,4.1,6.9,1.4,207,22,4.6,7.9,1.6,208,21,4.1,6.9,1.4,207,22,689,29.67,,0,0,0,84.6,74.7,74.4,0.05,0.03,0.18
WOLC,2017-08-21 12:35:00 EDT,43.22868,-76.84261,398,80.9,80.1,83.3,62.5,66.9,0.000,0.020,0.00,0.000,4.4,7.2,1.1,201,20,5.0,8.3,1.3,202,18,4.4,7.2,1.1,201,20,724,29.67,,0,0,0,85.1,74.7,74.4,0.05,0.03,0.18
WOLC,2017-08-21 12:40:00 EDT,43.22868,-76.84261,398,81.3,80.3,84.0,62.8,67.4,0.000,0.020,0.00,0.000,2.3,4.9,1.0,187,29,2.9,5.4,1.1,191,29,2.3,4.9,1.0,187,29,774,29.67,,0,0,0,85.5,74.7,74.4,0.05,0.03,0.18
WOLC,2017-08-21 12:45:00 EDT,43.22868,-76.84261,398,81.9,80.8,84.7,62.5,67.8,0.000,0.020,0.00,0.000,4.6,7.1,1.1,137,14,5.1,8.2,1.2,140,15,4.6,7.1,1.1,137,14,780,29.67,,0,0,0,85.7,74.7,74.4,0.05,0.03,0.17
WOLC,2017-08-21 12:50:00 EDT,43.22868,-76.84261,398,81.6,80.5,84.5,63.4,68.0,0.000,0.020,0.00,0.000,5.6,8.1,1.4,152,19,6.2,9.4,1.4,155,19,5.6,8.1,1.4,152,19,786,29.67,,0,0,0,86.2,74.7,74.4,0.05,0.03,0.18
WOLC,2017-08-21 12:55:00 EDT,43.22868,-76.84261,398,81.7,80.4,84.4,62.1,67.5,0.000,0.020,0.00,0.000,3.1,5.8,1.4,138,14,3.6,7.0,1.5,140,14,3.1,5.8,1.4,138,14,790,29.66,,0,0,0,86.5,74.7,74.4,0.05,0.03,0.17
WOLC,2017-08-21 13:00:00 EDT,43.22868,-76.84261,398,81.8,80.6,84.4,61.1,67.1,0.000,0.020,0.00,0.000,3.2,5.8,1.4,140,21,3.6,6.7,1.5,140,20,3.2,5.8,1.4,140,21,788,29.66,,0,0,0,86.8,74.7,74.3,0.05,0.04,0.18
WOLC,2017-08-21 13:05:00 EDT,43.22868,-76.84261,398,82.5,81.4,85.1,60.1,67.2,0.000,0.020,2.69,0.000,1.6,4.3,1.1,103,33,2.3,5.1,1.2,120,43,1.6,4.3,1.1,103,33,784,29.66,,0,0,0,87.3,74.7,74.3,0.05,0.03,0.18
WOLC,2017-08-21 13:10:00 EDT,43.22868,-76.84261,398,82.8,81.1,85.8,60.5,67.8,0.000,0.020,0.54,0.000,2.9,4.8,0.9,134,35,3.4,6.3,1.0,133,34,2.9,4.8,0.9,134,35,791,29.66,,0,0,0,87.5,74.8,74.3,0.05,0.04,0.17
WOLC,2017-08-21 13:15:00 EDT,43.22868,-76.84261,398,82.5,81.4,84.7,58.1,66.2,0.000,0.020,0.00,0.000,2.8,6.1,1.4,216,30,3.1,6.3,1.4,218,30,2.8,6.1,1.4,216,30,793,29.66,,0,0,0,88.0,75.0,74.3,0.05,0.04,0.18
WOLC,2017-08-21 13:20:00 EDT,43.22868,-76.84261,398,82.6,81.2,84.8,57.2,65.9,0.000,0.020,0.40,0.000,1.5,3.3,0.9,110,48,2.1,4.4,1.0,111,45,1.5,3.3,0.9,110,48,794,29.66,,0,0,0,88.3,75.0,74.3,0.05,0.04,0.18
WOLC,2017-08-21 13:25:00 EDT,43.22868,-76.84261,398,82.6,81.8,85.2,59.2,66.9,0.000,0.020,0.00,0.000,1.5,4.4,1.1,159,34,2.0,4.5,1.1,162,31,1.5,4.4,1.1,159,34,780,29.66,,0,0,0,88.5,75.0,74.3,0.05,0.04,0.18
WOLC,2017-08-21 13:30:00 EDT,43.22868,-76.84261,398,82.9,81.8,85.6,59.6,67.4,0.000,0.020,0.00,0.000,3.1,5.7,0.9,163,16,3.7,7.5,1.3,168,16,3.1,5.7,0.9,163,16,760,29.66,,0,0,0,89.0,75.0,74.3,0.05,0.04,0.18
WOLC,2017-08-21 13:35:00 EDT,43.22868,-76.84261,398,83.2,81.9,86.0,59.4,67.6,0.000,0.020,0.00,0.000,2.5,5.7,1.6,158,23,3.1,6.4,1.7,159,24,2.5,5.7,1.6,158,23,739,29.66,,0,0,0,89.1,75.0,74.3,0.05,0.04,0.18
WOLC,2017-08-21 13:40:00 EDT,43.22868,-76.84261,398,83.1,81.8,86.2,60.7,68.1,0.000,0.020,0.00,0.000,3.5,5.2,0.8,125,32,3.9,6.2,1.0,127,32,3.5,5.2,0.8,125,32,712,29.66,,0,0,0,89.6,75.4,74.3,0.05,0.04,0.18
WOLC,2017-08-21 13:45:00 EDT,43.22868,-76.84261,398,83.1,82.0,86.4,61.0,68.3,0.000,0.020,0.00,0.000,4.8,6.6,0.8,156,13,5.3,7.1,1.0,158,12,4.8,6.6,0.8,156,13,678,29.65,,0,0,0,89.8,75.6,74.3,0.05,0.04,0.17
WOLC,2017-08-21 13:50:00 EDT,43.22868,-76.84261,398,82.8,81.6,85.8,60.5,67.8,0.000,0.020,0.00,0.000,4.1,6.7,1.2,108,27,4.7,7.7,1.3,108,26,4.1,6.7,1.2,108,27,650,29.65,,0,0,0,89.9,75.6,74.3,0.05,0.04,0.17
WOLC,2017-08-21 13:55:00 EDT,43.22868,-76.84261,398,82.9,81.6,86.1,61.3,68.2,0.004,0.024,0.40,0.004,3.8,7.5,1.5,110,18,4.4,7.9,1.7,113,17,3.8,7.5,1.5,110,18,593,29.65,,0,0,0,90.3,75.6,74.3,0.05,0.04,0.18
WOLC,2017-08-21 14:00:00 EDT,43.22868,-76.84261,398,82.9,81.7,86.1,61.3,68.2,0.000,0.024,0.33,0.004,2.4,6.9,1.5,7,51,3.2,7.2,1.6,16,57,2.4,6.9,1.5,7,51,548,29.65,,0,0,0,90.3,75.6,74.3,0.05,0.04,0.18
WOLC,2017-08-21 14:05:00 EDT,43.22868,-76.84261,398,81.2,80.1,83.8,62.9,67.4,0.003,0.027,0.26,0.007,5.1,8.7,1.4,310,21,5.5,9.0,1.3,314,22,5.1,8.7,1.4,310,21,471,29.65,,0,0,0,90.4,75.6,74.3,0.05,0.04,0.18
WOLC,2017-08-21 14:10:00 EDT,43.22868,-76.84261,398,80.4,79.6,82.9,64.6,67.4,0.000,0.027,0.28,0.007,4.2,7.5,1.5,331,24,4.8,9.2,1.7,337,20,4.2,7.5,1.5,331,24,425,29.65,,0,0,0,90.7,75.7,74.3,0.05,0.04,0.18
WOLC,2017-08-21 14:15:00 EDT,43.22868,-76.84261,398,80.0,79.3,80.0,66.0,67.6,0.000,0.027,0.00,0.007,5.0,8.4,1.3,340,21,5.7,9.3,1.8,343,19,5.0,8.4,1.3,340,21,351,29.65,,0,0,0,90.8,75.9,74.3,0.05,0.04,0.18
WOLC,2017-08-21 14:20:00 EDT,43.22868,-76.84261,398,79.6,78.9,79.6,66.8,67.6,0.050,0.077,2.48,0.057,4.2,6.8,1.1,348,18,5.1,8.6,1.3,353,17,4.2,6.8,1.1,348,18,275,29.65,,0,0,0,90.9,75.9,74.3,0.05,0.04,0.18
WOLC,2017-08-21 14:25:00 EDT,43.22868,-76.84261,398,79.0,78.6,79.0,68.3,67.7,0.016,0.093,2.15,0.073,3.9,6.7,1.1,352,18,4.8,7.5,1.2,357,16,3.9,6.7,1.1,352,18,178,29.64,,0,0,0,90.8,75.9,74.3,0.05,0.04,0.17
WOLC,2017-08-21 14:30:00 EDT,43.22868,-76.84261,398,78.8,78.4,78.8,70.7,68.5,0.000,0.093,0.28,0.073,2.8,5.5,0.9,3,17,3.3,6.4,1.0,6,16,2.8,5.5,0.9,3,17,204,29.65,,0,0,0,90.4,75.9,74.3,0.05,0.04,0.18
WOLC,2017-08-21 14:35:00 EDT,43.22868,-76.84261,398,78.4,78.2,78.4,71.0,68.2,0.055,0.148,0.87,0.128,3.5,6.8,1.3,345,25,4.0,8.5,1.6,350,16,3.5,6.8,1.3,345,25,79,29.65,,0,0,0,90.3,76.4,74.3,0.05,0.04,0.17
WOLC,2017-08-21 14:40:00 EDT,43.22868,-76.84261,398,77.7,77.7,77.7,70.1,67.2,0.000,0.148,0.35,0.128,2.5,5.2,1.1,339,19,3.0,6.0,1.2,346,18,2.5,5.2,1.1,339,19,75,29.65,,0,0,0,90.3,76.5,74.3,0.05,0.03,0.17
WOLC,2017-08-21 14:45:00 EDT,43.22868,-76.84261,398,77.7,77.5,77.7,69.7,67.0,0.000,0.148,0.00,0.128,2.7,5.2,0.7,343,20,3.2,5.2,0.8,346,17,2.7,5.2,0.7,343,20,235,29.64,,0,0,0,89.9,76.5,74.3,0.05,0.04,0.17
WOLC,2017-08-21 14:50:00 EDT,43.22868,-76.84261,398,78.0,77.6,78.0,69.3,67.1,0.000,0.148,0.71,0.128,1.9,3.9,0.9,338,21,2.4,5.1,1.0,342,20,1.9,3.9,0.9,338,21,132,29.64,,0,0,0,89.8,76.5,74.3,0.05,0.04,0.17
WOLC,2017-08-21 14:55:00 EDT,43.22868,-76.84261,398,78.0,77.7,78.0,68.5,66.8,0.000,0.148,0.00,0.124,2.6,5.3,0.9,346,24,3.2,6.4,1.0,352,17,2.6,5.3,0.9,346,24,261,29.64,,0,0,0,89.5,76.5,74.3,0.05,0.04,0.17
WOLC,2017-08-21 15:00:00 EDT,43.22868,-76.84261,398,78.4,78.0,78.4,68.5,67.2,0.000,0.148,0.00,0.124,2.8,5.3,1.1,341,20,3.3,6.5,1.2,346,18,2.8,5.3,1.1,341,20,294,29.64,,0,0,0,89.1,76.5,74.3,0.05,0.04,0.17
WOLC,2017-08-21 15:05:00 EDT,43.22868,-76.84261,398,79.0,78.4,79.0,67.2,67.2,0.000,0.148,0.00,0.121,1.6,4.6,1.0,348,25,2.2,5.2,1.1,354,26,1.6,4.6,1.0,348,25,333,29.64,,0,0,0,88.7,76.8,74.3,0.05,0.04,0.17
WOLC,2017-08-21 15:10:00 EDT,43.22868,-76.84261,398,79.2,78.5,79.2,66.8,67.2,0.000,0.148,0.00,0.121,2.7,5.1,0.9,13,21,3.2,6.3,1.0,16,19,2.7,5.1,0.9,13,21,373,29.64,,0,0,0,88.5,76.8,74.3,0.05,0.04,0.17
WOLC,2017-08-21 15:15:00 EDT,43.22868,-76.84261,398,79.5,78.7,79.5,66.9,67.5,0.000,0.148,0.00,0.121,2.3,4.5,1.1,17,19,2.8,5.6,1.2,23,20,2.3,4.5,1.1,17,19,413,29.64,,0,0,0,88.5,76.8,74.3,0.05,0.04,0.17
WOLC,2017-08-21 15:20:00 EDT,43.22868,-76.84261,398,79.7,78.7,79.7,65.3,67.0,0.000,0.148,0.00,0.071,3.4,5.5,1.0,12,21,3.9,6.8,1.2,16,21,3.4,5.5,1.0,12,21,451,29.64,,0,0,0,88.1,76.8,74.3,0.05,0.04,0.17
WOLC,2017-08-21 15:25:00 EDT,43.22868,-76.84261,398,80.1,79.0,82.6,66.0,67.7,0.000,0.148,0.00,0.055,2.5,5.3,1.3,51,27,3.1,6.5,1.2,50,28,2.5,5.3,1.3,51,27,484,29.64,,0,0,0,88.0,76.8,74.3,0.05,0.04,0.17
WOLC,2017-08-21 15:30:00 EDT,43.22868,-76.84261,398,80.7,79.1,83.5,65.5,68.1,0.000,0.148,0.00,0.055,2.4,5.4,1.3,42,31,2.9,6.3,1.3,46,31,2.4,5.4,1.3,42,31,513,29.64,,0,0,0,88.0,77.0,74.3,0.05,0.03,0.17
WOLC,2017-08-21 15:35:00 EDT,43.22868,-76.84261,398,81.0,79.5,83.8,65.1,68.2,0.000,0.148,0.00,0.000,2.1,3.4,0.6,47,26,2.5,4.5,0.7,52,23,2.1,3.4,0.6,47,26,552,29.64,,0,0,0,88.0,77.2,74.3,0.05,0.03,0.17
WOLC,2017-08-21 15:40:00 EDT,43.22868,-76.84261,398,81.3,79.5,84.2,64.4,68.1,0.000,0.148,0.00,0.000,2.6,4.6,1.1,50,16,2.9,5.1,1.1,54,15,2.6,4.6,1.1,50,16,575,29.64,,0,0,0,88.0,77.2,74.3,0.05,0.04,0.17
WOLC,2017-08-21 15:45:00 EDT,43.22868,-76.84261,398,81.1,79.4,83.8,64.1,67.8,0.000,0.148,0.00,0.000,3.1,5.1,0.9,6,35,3.5,6.2,1.1,8,33,3.1,5.1,0.9,6,35,587,29.63,,0,0,0,88.0,77.2,74.3,0.05,0.04,0.18
WOLC,2017-08-21 15:50:00 EDT,43.22868,-76.84261,398,80.5,79.2,82.8,62.6,66.6,0.000,0.148,0.00,0.000,3.0,5.2,1.3,25,16,3.3,5.4,1.4,27,16,3.0,5.2,1.3,25,16,590,29.63,,0,0,0,88.0,77.2,74.3,0.05,0.04,0.17
WOLC,2017-08-21 15:55:00 EDT,43.22868,-76.84261,398,80.9,79.6,83.3,62.8,67.0,0.000,0.148,0.00,0.000,2.9,4.9,1.1,347,18,3.7,6.7,1.1,353,16,2.9,4.9,1.1,347,18,595,29.63,,0,0,0,88.0,77.2,74.3,0.05,0.04,0.17
WOLC,2017-08-21 16:00:00 EDT,43.22868,-76.84261,398,81.3,80.1,84.0,63.2,67.6,0.000,0.148,0.00,0.000,2.1,4.1,0.9,339,24,2.7,4.7,1.0,341,30,2.1,4.1,0.9,339,24,597,29.63,,0,0,0,88.0,77.2,74.3,0.05,0.04,0.17
WOLC,2017-08-21 16:05:00 EDT,43.22868,-76.84261,398,81.3,80.3,84.0,62.9,67.5,0.000,0.148,0.00,0.000,2.4,4.5,1.0,336,22,3.0,5.5,1.1,341,20,2.4,4.5,1.0,336,22,581,29.63,,0,0,0,88.0,77.2,74.3,0.05,0.04,0.17
WOLC,2017-08-21 16:10:00 EDT,43.22868,-76.84261,398,81.3,80.3,83.9,62.8,67.4,0.000,0.148,0.00,0.000,2.4,3.4,0.6,339,22,3.1,4.8,0.9,344,20,2.4,3.4,0.6,339,22,554,29.63,,0,0,0,88.0,77.2,74.3,0.04,0.04,0.17
WOLC,2017-08-21 16:15:00 EDT,43.22868,-76.84261,398,81.6,80.5,84.4,63.2,67.9,0.000,0.148,0.00,0.000,2.4,4.5,1.0,341,19,3.1,5.3,1.1,346,18,2.4,4.5,1.0,341,19,540,29.63,,0,0,0,88.0,77.5,74.3,0.04,0.04,0.17
WOLC,2017-08-21 16:20:00 EDT,43.22868,-76.84261,398,81.7,80.4,84.7,63.8,68.3,0.000,0.148,0.00,0.000,2.9,4.7,1.2,325,28,3.4,5.8,1.2,331,28,2.9,4.7,1.2,325,28,540,29.63,,0,0,0,88.0,77.5,74.3,0.04,0.04,0.17
WOLC,2017-08-21 16:25:00 EDT,43.22868,-76.84261,398,82.1,80.4,85.4,64.2,68.8,0.000,0.148,0.00,0.000,2.8,5.7,0.9,39,27,3.3,5.7,1.1,43,24,2.8,5.7,0.9,39,27,527,29.63,,0,0,0,88.2,77.7,74.3,0.05,0.04,0.17
WOLC,2017-08-21 16:30:00 EDT,43.22868,-76.84261,398,82.2,80.8,85.4,63.0,68.4,0.000,0.148,0.00,0.000,2.2,5.7,1.3,12,34,2.8,6.2,1.3,13,36,2.2,5.7,1.3,12,34,522,29.63,,0,0,0,88.1,77.7,74.3,0.04,0.04,0.17
WOLC,2017-08-21 16:35:00 EDT,43.22868,-76.84261,398,81.4,80.3,84.1,63.3,67.7,0.000,0.148,0.00,0.000,3.4,5.0,0.7,24,15,3.7,6.6,0.8,27,13,3.4,5.0,0.7,24,15,502,29.63,,0,0,0,88.0,77.7,74.3,0.04,0.04,0.17
WOLC,2017-08-21 16:40:00 EDT,43.22868,-76.84261,398,81.5,80.4,84.6,64.5,68.4,0.000,0.148,0.00,0.000,3.2,6.0,1.1,3,28,4.0,6.7,1.3,8,25,3.2,6.0,1.1,3,28,480,29.63,,0,0,0,88.0,77.7,74.3,0.05,0.04,0.17
WOLC,2017-08-21 16:45:00 EDT,43.22868,-76.84261,398,81.7,80.5,84.9,64.9,68.7,0.012,0.160,0.76,0.012,3.3,6.1,1.3,3,30,3.8,7.1,1.6,6,27,3.3,6.1,1.3,3,30,467,29.63,,0,0,0,88.0,77.8,74.3,0.05,0.04,0.17
WOLC,2017-08-21 16:50:00 EDT,43.22868,-76.84261,398,81.5,80.4,84.4,64.3,68.3,0.067,0.228,1.65,0.080,2.8,5.1,1.0,11,21,3.4,6.1,1.1,14,20,2.8,5.1,1.0,11,21,457,29.63,,0,0,0,88.0,77.9,74.3,0.05,0.04,0.17
WOLC,2017-08-21 16:55:00 EDT,43.22868,-76.84261,398,81.7,80.4,84.9,64.8,68.7,0.022,0.250,1.09,0.102,3.3,5.3,1.2,36,17,3.7,5.7,1.1,38,14,3.3,5.3,1.2,36,17,452,29.63,,0,0,0,88.0,78.1,74.4,0.05,0.04,0.17
WOLC,2017-08-21 17:00:00 EDT,43.22868,-76.84261,398,81.9,80.6,85.3,65.4,69.2,0.045,0.295,0.76,0.147,3.2,5.2,1.0,28,20,3.5,5.8,1.0,33,20,3.2,5.2,1.0,28,20,428,29.63,,0,0,0,88.0,78.1,74.5,0.05,0.04,0.17
WOLC,2017-08-21 17:05:00 EDT,43.22868,-76.84261,398,81.2,80.3,84.2,65.0,68.4,0.069,0.364,1.51,0.216,3.6,6.1,1.0,20,17,4.3,6.9,1.0,22,16,3.6,6.1,1.0,20,17,435,29.62,,0,0,0,88.0,78.1,74.5,0.05,0.04,0.17
WOLC,2017-08-21 17:10:00 EDT,43.22868,-76.84261,398,80.7,79.9,83.4,65.4,68.0,0.035,0.399,0.87,0.251,4.4,6.9,1.3,18,17,4.9,8.2,1.4,22,15,4.4,6.9,1.3,18,17,426,29.62,,0,0,0,88.0,78.1,74.5,0.05,0.04,0.17
WOLC,2017-08-21 17:15:00 EDT,43.22868,-76.84261,398,81.0,79.9,83.8,65.2,68.2,0.006,0.406,0.69,0.257,3.3,6.0,1.2,14,18,4.1,7.8,1.5,19,15,3.3,6.0,1.2,14,18,412,29.62,,0,0,0,87.8,78.1,74.5,0.05,0.04,0.17
WOLC,2017-08-21 17:20:00 EDT,43.22868,-76.84261,398,80.9,79.9,83.7,65.1,68.1,0.000,0.406,0.00,0.257,2.9,5.5,0.9,6,25,3.4,6.7,1.1,6,22,2.9,5.5,0.9,6,25,383,29.62,,0,0,0,87.3,78.1,74.6,0.05,0.04,0.17
WOLC,2017-08-21 17:25:00 EDT,43.22868,-76.84261,398,80.9,80.1,83.8,65.7,68.4,0.000,0.406,0.00,0.257,2.4,4.9,0.9,27,18,2.7,5.1,1.0,29,18,2.4,4.9,0.9,27,18,362,29.62,,0,0,0,87.3,78.1,74.6,0.05,0.04,0.17
WOLC,2017-08-21 17:30:00 EDT,43.22868,-76.84261,398,80.7,79.8,83.5,65.8,68.2,0.000,0.406,0.00,0.257,3.3,5.1,0.9,354,23,3.8,6.2,1.0,360,21,3.3,5.1,0.9,354,23,374,29.62,,0,0,0,87.3,78.1,74.6,0.05,0.04,0.17
WOLC,2017-08-21 17:35:00 EDT,43.22868,-76.84261,398,80.9,80.0,83.8,65.8,68.4,0.000,0.406,0.00,0.257,2.8,5.3,0.8,341,25,3.2,6.0,1.0,344,23,2.8,5.3,0.8,341,25,358,29.62,,0,0,0,87.3,78.1,74.6,0.05,0.04,0.17
WOLC,2017-08-21 17:40:00 EDT,43.22868,-76.84261,398,80.7,79.9,83.5,65.6,68.1,0.000,0.406,0.00,0.257,2.4,4.1,1.0,359,31,3.0,5.4,1.2,3,27,2.4,4.1,1.0,359,31,319,29.62,,0,0,0,87.2,78.1,74.6,0.05,0.04,0.17
WOLC,2017-08-21 17:45:00 EDT,43.22868,-76.84261,398,80.6,79.8,83.4,66.0,68.2,0.000,0.406,0.00,0.245,2.6,4.2,0.7,10,21,3.0,4.5,0.8,13,20,2.6,4.2,0.7,10,21,316,29.62,,0,0,0,86.8,78.1,74.7,0.05,0.04,0.17
WOLC,2017-08-21 17:50:00 EDT,43.22868,-76.84261,398,80.5,79.7,83.1,65.9,68.0,0.000,0.406,0.43,0.178,2.8,4.1,0.4,25,19,3.0,4.8,0.7,29,18,2.8,4.1,0.4,25,19,303,29.61,,0,0,0,86.7,78.1,74.7,0.05,0.04,0.17
WOLC,2017-08-21 17:55:00 EDT,43.22868,-76.84261,398,80.3,79.6,82.9,66.1,67.9,0.017,0.422,0.40,0.172,3.2,4.2,0.4,23,9,3.3,4.8,0.6,28,9,3.2,4.2,0.4,23,9,296,29.61,,0,0,0,86.7,78.1,74.7,0.05,0.04,0.17
WOLC,2017-08-21 18:00:00 EDT,43.22868,-76.84261,398,80.5,79.9,83.4,67.1,68.6,0.078,0.500,1.23,0.204,1.8,3.1,0.7,22,26,2.2,4.2,0.9,25,24,1.8,3.1,0.7,22,26,287,29.61,,0,0,0,86.5,78.1,74.7,0.05,0.04,0.17
WOLC,2017-08-21 18:05:00 EDT,43.22868,-76.84261,398,80.5,79.9,83.4,67.1,68.6,0.106,0.606,1.58,0.242,1.7,3.4,0.9,16,25,2.2,4.6,1.1,13,29,1.7,3.4,0.9,16,25,229,29.61,,0,0,0,86.2,78.1,74.7,0.05,0.04,0.17
WOLC,2017-08-21 18:10:00 EDT,43.22868,-76.84261,398,80.6,79.7,83.5,67.3,68.7,0.028,0.634,0.87,0.235,1.4,3.2,0.7,18,23,1.8,5.1,0.7,23,22,1.4,3.2,0.7,18,23,233,29.61,,0,0,0,86.2,78.1,74.7,0.05,0.04,0.17
WOLC,2017-08-21 18:15:00 EDT,43.22868,-76.84261,398,79.7,79.2,79.7,67.1,67.8,0.000,0.634,0.00,0.228,2.9,4.6,0.8,18,11,3.2,5.1,0.9,21,11,2.9,4.6,0.8,18,11,155,29.61,,0,0,0,86.2,78.3,74.7,0.05,0.04,0.17
WOLC,2017-08-21 18:20:00 EDT,43.22868,-76.84261,398,79.6,78.9,79.6,68.2,68.2,0.000,0.634,0.00,0.228,1.6,2.9,0.5,38,17,1.9,3.4,0.5,43,16,1.6,2.9,0.5,38,17,177,29.61,,0,0,0,85.9,78.6,74.7,0.05,0.04,0.17
WOLC,2017-08-21 18:25:00 EDT,43.22868,-76.84261,398,79.8,78.9,79.8,68.5,68.6,0.000,0.634,0.00,0.228,0.7,1.4,0.4,58,17,1.1,1.9,0.5,63,18,0.7,1.4,0.4,58,17,145,29.61,,0,0,0,85.6,78.6,74.7,0.05,0.04,0.17
WOLC,2017-08-21 18:30:00 EDT,43.22868,-76.84261,398,80.1,78.8,83.1,69.8,69.3,0.000,0.634,0.31,0.228,0.9,1.3,0.2,50,16,1.2,1.9,0.3,54,14,0.9,1.3,0.2,50,16,194,29.61,,0,0,0,85.6,78.6,74.7,0.05,0.04,0.17
WOLC,2017-08-21 18:35:00 EDT,43.22868,-76.84261,398,79.6,78.8,79.6,69.3,68.7,0.000,0.634,0.00,0.228,1.4,2.0,0.3,34,8,1.4,2.3,0.2,37,9,1.4,2.0,0.3,34,8,153,29.61,,0,0,0,85.5,78.6,74.7,0.05,0.04,0.17
WOLC,2017-08-21 18:40:00 EDT,43.22868,-76.84261,398,78.3,78.5,78.3,72.1,68.6,0.000,0.634,0.00,0.228,1.6,2.3,0.3,6,19,2.0,3.1,0.4,10,16,1.6,2.3,0.3,6,19,114,29.61,,0,0,0,85.1,78.6,74.7,0.05,0.04,0.17
WOLC,2017-08-21 18:45:00 EDT,43.22868,-76.84261,398,77.5,78.3,77.5,75.7,69.3,0.026,0.660,1.13,0.254,1.4,1.9,0.2,353,12,2.0,2.7,0.3,359,7,1.4,1.9,0.2,353,12,143,29.61,,0,0,0,85.1,78.6,74.7,0.05,0.04,0.17
WOLC,2017-08-21 18:50:00 EDT,43.22868,-76.84261,398,78.3,78.4,78.3,75.2,69.8,0.000,0.660,0.00,0.254,1.1,1.4,0.2,352,16,1.6,2.4,0.3,360,10,1.1,1.4,0.2,352,16,158,29.61,,0,0,0,85.1,78.6,74.7,0.05,0.04,0.17
WOLC,2017-08-21 18:55:00 EDT,43.22868,-76.84261,398,78.3,78.2,78.3,75.2,69.8,0.000,0.660,0.00,0.238,1.0,1.8,0.3,360,12,1.5,2.6,0.4,5,13,1.0,1.8,0.3,360,12,152,29.61,,0,0,0,84.8,78.6,74.7,0.04,0.04,0.17
WOLC,2017-08-21 19:00:00 EDT,43.22868,-76.84261,398,78.1,78.0,78.1,75.3,69.7,0.000,0.660,0.00,0.160,0.7,2.2,0.5,19,13,1.1,2.3,0.4,21,15,0.7,2.2,0.5,19,13,124,29.61,,0,0,0,84.6,78.6,74.7,0.05,0.04,0.17
WOLC,2017-08-21 19:05:00 EDT,43.22868,-76.84261,398,77.7,78.0,77.7,75.4,69.3,0.015,0.675,0.40,0.069,0.8,2.2,0.6,21,8,1.2,2.5,0.5,25,10,0.8,2.2,0.6,21,8,93,29.61,,0,0,0,84.6,78.6,74.7,0.05,0.04,0.17
WOLC,2017-08-21 19:10:00 EDT,43.22868,-76.84261,398,76.8,77.7,76.8,78.4,69.6,0.015,0.689,0.43,0.056,0.3,0.7,0.2,359,4,0.9,1.4,0.3,16,8,0.3,0.7,0.2,359,4,63,29.61,,0,0,0,84.3,78.6,74.7,0.04,0.04,0.17
WOLC,2017-08-21 19:15:00 EDT,43.22868,-76.84261,398,76.2,77.4,76.2,78.0,68.8,0.012,0.702,0.24,0.068,0.8,1.3,0.2,15,3,1.2,1.7,0.2,22,5,0.8,1.3,0.2,15,3,40,29.61,,0,0,0,84.0,78.6,74.7,0.04,0.04,0.17
WOLC,2017-08-21 19:20:00 EDT,43.22868,-76.84261,398,74.9,76.8,74.9,80.5,68.5,0.015,0.717,0.35,0.083,1.4,1.8,0.3,349,9,2.0,2.6,0.5,352,8,1.4,1.8,0.3,349,9,31,29.61,,0,0,0,84.0,78.6,74.7,0.04,0.04,0.17
WOLC,2017-08-21 19:25:00 EDT,43.22868,-76.84261,398,74.3,76.9,74.3,82.8,68.7,0.000,0.717,0.00,0.083,1.5,2.2,0.2,357,6,2.0,2.8,0.3,2,5,1.5,2.2,0.2,357,6,26,29.61,,0,0,0,84.0,78.6,74.7,0.04,0.04,0.17
WOLC,2017-08-21 19:30:00 EDT,43.22868,-76.84261,398,74.3,76.8,74.3,82.8,68.7,0.000,0.717,0.00,0.083,1.4,2.0,0.2,358,9,1.8,2.6,0.3,2,5,1.4,2.0,0.2,358,9,23,29.61,,0,0,0,83.6,78.6,74.7,0.04,0.04,0.17
WOLC,2017-08-21 19:35:00 EDT,43.22868,-76.84261,398,74.0,76.4,74.0,83.6,68.7,0.000,0.717,0.00,0.083,1.3,1.9,0.2,356,7,1.7,2.5,0.3,2,6,1.3,1.9,0.2,356,7,21,29.61,,0,0,0,83.5,78.6,74.7,0.04,0.04,0.17
WOLC,2017-08-21 19:40:00 EDT,43.22868,-76.84261,398,73.4,75.6,73.4,85.4,68.7,0.000,0.717,0.00,0.083,0.9,1.2,0.1,350,5,1.3,1.7,0.2,357,7,0.9,1.2,0.1,350,5,18,29.61,,0,0,0,83.5,78.6,74.7,0.04,0.04,0.17
WOLC,2017-08-21 19:45:00 EDT,43.22868,-76.84261,398,73.1,74.3,73.1,87.2,69.0,0.000,0.717,0.00,0.057,0.5,1.0,0.4,347,0,0.7,1.5,0.6,1,3,0.5,1.0,0.4,347,0,14,29.61,,0,0,0,83.0,78.6,74.7,0.04,0.04,0.17
WOLC,2017-08-21 19:50:00 EDT,43.22868,-76.84261,398,73.1,74.1,73.1,87.4,69.1,0.000,0.717,0.00,0.057,0.0,0.0,0.0,0,0,0.0,0.0,0.0,0,0,0.0,0.0,0.0,0,0,11,29.61,,0,0,0,82.9,78.6,74.7,0.05,0.04,0.17
WOLC,2017-08-21 19:55:00 EDT,43.22868,-76.84261,398,73.1,74.3,73.1,87.2,69.1,0.000,0.717,0.00,0.057,0.0,0.0,0.0,0,0,0.0,0.7,0.1,36,0,0.0,0.0,0.0,0,0,7,29.61,,0,0,0,82.9,78.6,74.7,0.04,0.04,0.17
WOLC,2017-08-21 20:00:00 EDT,43.22868,-76.84261,398,72.8,74.4,72.8,86.3,68.4,0.000,0.717,0.00,0.057,0.0,0.0,0.0,0,0,0.1,0.8,0.2,21,2,0.0,0.0,0.0,0,0,4,29.60,,0,0,0,82.5,78.6,74.7,0.05,0.04,0.17
WOLC,2017-08-21 20:05:00 EDT,43.22868,-76.84261,398,72.4,74.8,72.4,87.6,68.5,0.000,0.717,0.00,0.042,0.0,0.0,0.0,0,0,0.1,0.8,0.2,21,1,0.0,0.0,0.0,0,0,3,29.60,,0,0,0,82.4,78.6,74.7,0.05,0.04,0.17
WOLC,2017-08-21 20:10:00 EDT,43.22868,-76.84261,398,72.0,74.8,72.0,87.9,68.2,0.000,0.717,0.00,0.027,0.5,1.1,0.4,2,7,1.0,1.8,0.4,8,12,0.5,1.1,0.4,2,7,2,29.60,,0,0,0,82.3,78.6,74.7,0.04,0.04,0.17
WOLC,2017-08-21 20:15:00 EDT,43.22868,-76.84261,398,71.4,74.6,71.4,90.0,68.3,0.000,0.717,0.00,0.015,0.3,0.9,0.3,0,0,0.9,1.4,0.4,2,5,0.3,0.9,0.3,0,0,1,29.60,,0,0,0,82.0,78.6,74.7,0.05,0.04,0.17
WOLC,2017-08-21 20:20:00 EDT,43.22868,-76.84261,398,71.4,73.7,71.4,91.3,68.7,0.000,0.717,0.00,0.000,1.1,1.4,0.1,351,4,1.6,2.0,0.1,357,5,1.1,1.4,0.1,351,4,1,29.60,,0,0,0,82.0,78.6,74.7,0.05,0.04,0.17
WOLC,2017-08-21 20:25:00 EDT,43.22868,-76.84261,398,71.1,73.9,71.1,92.1,68.7,0.000,0.717,0.00,0.000,0.6,1.4,0.4,355,0,1.0,1.8,0.5,5,4,0.6,1.4,0.4,355,0,1,29.61,,0,0,0,81.9,78.6,74.7,0.04,0.04,0.17
WOLC,2017-08-21 20:30:00 EDT,43.22868,-76.84261,398,70.9,73.0,70.9,92.0,68.4,0.000,0.717,0.00,0.000,0.0,0.0,0.0,0,0,0.3,1.0,0.4,35,25,0.0,0.0,0.0,0,0,1,29.61,,0,0,0,81.5,78.6,74.7,0.04,0.04,0.17
WOLC,2017-08-21 20:35:00 EDT,43.22868,-76.84261,398,71.0,73.0,71.0,91.2,68.3,0.000,0.717,0.00,0.000,0.0,0.0,0.0,0,0,0.1,0.8,0.3,113,6,0.0,0.0,0.0,0,0,1,29.61,,0,0,0,81.5,78.6,74.7,0.05,0.04,0.17
WOLC,2017-08-21 20:40:00 EDT,43.22868,-76.84261,398,71.0,73.1,71.0,89.9,67.9,0.000,0.717,0.00,0.000,0.0,0.0,0.0,0,0,0.2,1.0,0.4,75,3,0.0,0.0,0.0,0,0,1,29.60,,0,0,0,81.1,78.6,74.9,0.04,0.04,0.17
WOLC,2017-08-21 20:45:00 EDT,43.22868,-76.84261,398,71.0,72.8,71.0,89.1,67.6,0.000,0.717,0.00,0.000,0.0,0.0,0.0,0,0,0.1,0.8,0.2,96,4,0.0,0.0,0.0,0,0,1,29.60,,0,0,0,81.0,78.6,74.9,0.04,0.04,0.17
WOLC,2017-08-21 20:50:00 EDT,43.22868,-76.84261,398,70.7,72.2,70.7,90.6,67.8,0.000,0.717,0.00,0.000,0.6,0.9,0.3,139,7,0.8,1.4,0.4,140,6,0.6,0.9,0.3,139,7,1,29.60,,0,0,0,81.0,78.6,75.0,0.04,0.04,0.17
WOLC,2017-08-21 20:55:00 EDT,43.22868,-76.84261,398,70.7,71.5,70.7,91.0,67.9,0.000,0.717,0.00,0.000,0.1,0.8,0.2,135,1,0.2,1.1,0.4,124,5,0.1,0.8,0.2,135,1,1,29.60,,0,0,0,80.4,78.6,75.0,0.04,0.04,0.17
WOLC,2017-08-21 21:00:00 EDT,43.22868,-76.84261,398,70.1,71.5,70.1,91.5,67.6,0.000,0.717,0.00,0.000,0.0,0.0,0.0,0,0,0.0,0.8,0.2,90,3,0.0,0.0,0.0,0,0,1,29.60,,0,0,0,80.4,78.6,75.0,0.04,0.04,0.17
WOLC,2017-08-21 21:05:00 EDT,43.22868,-76.84261,398,70.2,71.7,70.2,92.0,67.8,0.000,0.717,0.00,0.000,0.0,0.0,0.0,0,0,0.1,0.9,0.3,93,4,0.0,0.0,0.0,0,0,1,29.60,,0,0,0,80.2,78.6,75.0,0.04,0.04,0.17
WOLC,2017-08-21 21:10:00 EDT,43.22868,-76.84261,398,70.3,71.6,70.3,92.0,67.9,0.000,0.717,0.00,0.000,0.0,0.0,0.0,0,0,0.0,0.8,0.1,78,0,0.0,0.0,0.0,0,0,1,29.60,,0,0,0,80.1,78.6,75.0,0.04,0.04,0.17
WOLC,2017-08-21 21:15:00 EDT,43.22868,-76.84261,398,70.2,72.1,70.2,91.8,67.7,0.000,0.717,0.00,0.000,0.0,0.0,0.0,0,0,0.0,0.0,0.0,0,0,0.0,0.0,0.0,0,0,1,29.61,,0,0,0,80.1,78.6,75.0,0.04,0.04,0.17
WOLC,2017-08-21 21:20:00 EDT,43.22868,-76.84261,398,70.1,72.5,70.1,92.8,67.9,0.000,0.717,0.00,0.000,0.0,0.0,0.0,0,0,0.0,0.0,0.0,0,0,0.0,0.0,0.0,0,0,1,29.61,,0,0,0,79.8,78.6,75.0,0.04,0.04,0.17
WOLC,2017-08-21 21:25:00 EDT,43.22868,-76.84261,398,70.0,72.3,70.0,92.9,67.8,0.000,0.717,0.00,0.000,0.0,0.0,0.0,0,0,0.0,0.0,0.0,0,0,0.0,0.0,0.0,0,0,1,29.61,,0,0,0,79.5,78.6,75.0,0.04,0.04,0.17
WOLC,2017-08-21 21:30:00 EDT,43.22868,-76.84261,398,69.8,71.8,69.8,93.5,67.9,0.000,0.717,0.00,0.000,0.0,0.0,0.0,0,0,0.0,0.7,0.1,110,0,0.0,0.0,0.0,0,0,1,29.61,,0,0,0,79.5,78.6,75.0,0.04,0.04,0.17
WOLC,2017-08-21 21:35:00 EDT,43.22868,-76.84261,398,69.9,71.5,69.9,95.0,68.4,0.000,0.717,0.00,0.000,0.0,0.0,0.0,0,0,0.7,1.1,0.3,116,10,0.0,0.0,0.0,0,0,1,29.60,,0,0,0,79.4,78.6,75.0,0.04,0.04,0.17
WOLC,2017-08-21 21:40:00 EDT,43.22868,-76.84261,398,69.1,70.7,69.1,94.8,67.5,0.007,0.724,0.28,0.007,1.5,2.4,0.8,164,5,1.9,3.0,0.6,164,10,1.5,2.4,0.8,164,5,1,29.60,,0,0,0,79.2,78.6,75.0,0.04,0.04,0.17
WOLC,2017-08-21 21:45:00 EDT,43.22868,-76.84261,398,68.1,70.4,68.1,94.5,66.4,0.003,0.726,0.24,0.010,2.2,2.5,0.2,152,3,2.3,2.9,0.2,151,4,2.2,2.5,0.2,152,3,1,29.60,,0,0,0,79.2,78.6,75.0,0.04,0.04,0.17
WOLC,2017-08-21 21:50:00 EDT,43.22868,-76.84261,398,68.5,70.7,68.5,95.8,67.2,0.000,0.726,0.00,0.010,1.6,2.4,0.5,159,4,1.8,2.6,0.4,159,6,1.6,2.4,0.5,159,4,1,29.61,,0,0,0,79.1,78.6,75.0,0.04,0.04,0.17
WOLC,2017-08-21 21:55:00 EDT,43.22868,-76.84261,398,68.7,70.5,68.7,96.9,67.8,0.000,0.726,0.00,0.010,0.7,1.5,0.4,190,9,1.0,1.6,0.4,193,12,0.7,1.5,0.4,190,9,1,29.60,,0,0,0,78.7,78.6,75.0,0.04,0.04,0.17
WOLC,2017-08-21 22:00:00 EDT,43.22868,-76.84261,398,69.3,70.8,69.3,97.7,68.6,0.038,0.764,1.51,0.048,0.8,2.5,0.6,189,13,1.0,3.5,0.6,188,14,0.8,2.5,0.6,189,13,1,29.60,,0,0,0,78.6,78.6,75.0,0.04,0.04,0.17
WOLC,2017-08-21 22:05:00 EDT,43.22868,-76.84261,398,70.1,70.9,70.1,97.6,69.4,0.019,0.783,5.39,0.067,0.5,1.2,0.4,184,9,0.8,1.8,0.5,183,15,0.5,1.2,0.4,184,9,1,29.60,,0,0,0,78.6,78.6,75.0,0.04,0.04,0.17
WOLC,2017-08-21 22:10:00 EDT,43.22868,-76.84261,398,70.4,71.1,70.4,96.8,69.4,0.003,0.786,1.20,0.069,0.4,1.5,0.4,172,11,0.8,2.0,0.5,173,20,0.4,1.5,0.4,172,11,1,29.60,,0,0,0,78.2,78.6,75.0,0.04,0.04,0.17
WOLC,2017-08-21 22:15:00 EDT,43.22868,-76.84261,398,70.2,71.0,70.2,96.4,69.1,0.000,0.786,5.46,0.069,1.4,2.2,0.4,162,14,1.5,2.7,0.4,161,17,1.4,2.2,0.4,162,14,1,29.60,,0,0,0,78.1,78.5,75.0,0.04,0.04,0.17
WOLC,2017-08-21 22:20:00 EDT,43.22868,-76.84261,398,70.1,70.8,70.1,96.6,69.1,0.000,0.786,0.00,0.069,1.2,3.4,0.9,180,14,1.7,3.5,0.9,181,14,1.2,3.4,0.9,180,14,1,29.60,,0,0,0,78.1,78.2,75.0,0.04,0.04,0.17
WOLC,2017-08-21 22:25:00 EDT,43.22868,-76.84261,398,70.0,70.7,70.0,96.5,69.0,0.000,0.786,0.00,0.069,1.5,3.4,0.7,194,21,1.8,4.3,0.7,200,24,1.5,3.4,0.7,194,21,1,29.60,,0,0,0,78.1,78.1,75.0,0.05,0.04,0.17
WOLC,2017-08-21 22:30:00 EDT,43.22868,-76.84261,398,69.9,70.9,69.9,96.4,68.8,0.000,0.786,0.54,0.069,2.3,4.4,0.7,203,11,2.5,5.2,0.8,205,11,2.3,4.4,0.7,203,11,1,29.60,,0,0,0,78.1,78.1,75.0,0.04,0.04,0.17
WOLC,2017-08-21 22:35:00 EDT,43.22868,-76.84261,398,69.8,71.0,69.8,96.3,68.7,0.000,0.786,0.28,0.069,2.4,3.9,0.6,194,15,2.5,4.4,0.7,195,14,2.4,3.9,0.6,194,15,1,29.60,,0,0,0,77.7,78.1,75.0,0.05,0.04,0.17
WOLC,2017-08-21 22:40:00 EDT,43.22868,-76.84261,398,70.0,71.2,70.0,96.1,68.8,0.000,0.786,0.00,0.062,2.4,4.2,0.7,189,14,2.7,4.7,0.8,192,13,2.4,4.2,0.7,189,14,1,29.60,,0,0,0,77.7,78.1,75.0,0.05,0.04,0.17
WOLC,2017-08-21 22:45:00 EDT,43.22868,-76.84261,398,70.1,71.3,70.1,95.3,68.7,0.000,0.786,0.00,0.059,3.1,4.3,0.6,197,15,3.4,5.5,0.9,200,14,3.1,4.3,0.6,197,15,1,29.60,,0,0,0,77.7,78.1,75.0,0.05,0.04,0.17
WOLC,2017-08-21 22:50:00 EDT,43.22868,-76.84261,398,70.2,71.3,70.2,95.0,68.7,0.000,0.786,0.00,0.059,3.3,5.3,0.8,195,12,3.8,6.4,1.0,198,11,3.3,5.3,0.8,195,12,1,29.60,,0,0,0,77.5,78.1,75.0,0.05,0.04,0.17
WOLC,2017-08-21 22:55:00 EDT,43.22868,-76.84261,398,70.3,71.3,70.3,94.5,68.7,0.000,0.786,0.00,0.059,2.7,4.1,0.6,194,13,3.1,4.8,0.8,197,12,2.7,4.1,0.6,194,13,1,29.60,,0,0,0,77.2,78.1,75.0,0.05,0.04,0.17
WOLC,2017-08-21 23:00:00 EDT,43.22868,-76.84261,398,70.4,71.3,70.4,93.9,68.6,0.000,0.786,0.00,0.022,3.1,4.7,0.7,193,11,3.4,6.5,0.9,196,11,3.1,4.7,0.7,193,11,1,29.60,,0,0,0,77.2,78.1,75.0,0.05,0.04,0.17
WOLC,2017-08-21 23:05:00 EDT,43.22868,-76.84261,398,70.3,71.1,70.3,93.8,68.5,0.000,0.786,0.00,0.003,2.5,4.1,0.7,191,16,2.9,4.9,0.9,193,14,2.5,4.1,0.7,191,16,1,29.60,,0,0,0,77.2,78.1,75.0,0.05,0.04,0.17
WOLC,2017-08-21 23:10:00 EDT,43.22868,-76.84261,398,70.3,71.0,70.3,93.5,68.3,0.000,0.786,0.00,0.000,2.4,3.5,0.6,189,15,2.7,4.6,0.7,193,14,2.4,3.5,0.6,189,15,1,29.60,,0,0,0,77.2,78.1,75.0,0.05,0.04,0.17
WOLC,2017-08-21 23:15:00 EDT,43.22868,-76.84261,398,70.3,71.3,70.3,93.2,68.3,0.000,0.786,0.00,0.000,2.9,4.6,0.7,194,15,3.2,5.2,0.9,195,14,2.9,4.6,0.7,194,15,1,29.60,,0,0,0,77.2,78.1,75.0,0.05,0.04,0.17
WOLC,2017-08-21 23:20:00 EDT,43.22868,-76.84261,398,70.3,71.2,70.3,93.0,68.2,0.000,0.786,0.00,0.000,2.8,4.5,0.9,198,11,3.2,5.6,1.0,201,11,2.8,4.5,0.9,198,11,1,29.60,,0,0,0,77.1,78.1,75.1,0.05,0.04,0.17
WOLC,2017-08-21 23:25:00 EDT,43.22868,-76.84261,398,70.4,71.2,70.4,92.8,68.2,0.000,0.786,0.00,0.000,2.8,4.0,0.5,203,8,3.1,4.6,0.6,206,8,2.8,4.0,0.5,203,8,1,29.60,,0,0,0,76.8,78.1,75.1,0.05,0.04,0.17
WOLC,2017-08-21 23:30:00 EDT,43.22868,-76.84261,398,70.4,71.1,70.4,92.4,68.1,0.000,0.786,0.00,0.000,2.8,4.3,0.5,189,13,3.1,4.7,0.7,193,12,2.8,4.3,0.5,189,13,1,29.60,,0,0,0,76.8,78.1,75.1,0.05,0.04,0.17
WOLC,2017-08-21 23:35:00 EDT,43.22868,-76.84261,398,70.2,71.0,70.2,92.8,68.0,0.000,0.786,0.00,0.000,2.7,4.1,0.6,181,8,2.9,4.4,0.7,183,8,2.7,4.1,0.6,181,8,1,29.60,,0,0,0,76.8,78.1,75.1,0.05,0.04,0.17
WOLC,2017-08-21 23:40:00 EDT,43.22868,-76.84261,398,70.3,71.0,70.3,92.9,68.1,0.000,0.786,0.00,0.000,2.2,3.5,0.6,187,13,2.5,4.1,0.6,191,14,2.2,3.5,0.6,187,13,1,29.60,,0,0,0,76.8,78.1,75.1,0.05,0.04,0.17
WOLC,2017-08-21 23:45:00 EDT,43.22868,-76.84261,398,70.1,70.9,70.1,92.5,67.8,0.000,0.786,0.00,0.000,2.2,3.7,0.6,176,15,2.6,4.7,0.7,177,14,2.2,3.7,0.6,176,15,1,29.59,,0,0,0,76.8,78.1,75.1,0.04,0.04,0.17
WOLC,2017-08-21 23:50:00 EDT,43.22868,-76.84261,398,69.6,70.7,69.6,92.9,67.5,0.000,0.786,0.00,0.000,2.8,4.2,0.7,172,11,3.2,5.1,0.8,173,10,2.8,4.2,0.7,172,11,1,29.59,,0,0,0,76.7,78.1,75.2,0.05,0.04,0.17
WOLC,2017-08-21 23:55:00 EDT,43.22868,-76.84261,398,69.7,70.5,69.7,93.4,67.7,0.000,0.786,0.00,0.000,2.5,5.1,0.6,182,12,2.6,4.8,0.6,184,11,2.5,5.1,0.6,182,12,1,29.59,,0,0,0,76.6,78.1,75.3,0.05,0.04,0.17
YORK,2017-08-21 00:00:00 EDT,42.85504,-77.84776,584,62.3,63.5,62.3,92.8,60.2,0.000,0.000,0.00,0.000,3.2,5.0,0.6,220,9,3.2,5.7,0.7,217,8,3.2,5.0,0.6,220,9,0,29.51,,0,0,0,71.8,73.0,70.4,0.29,0.28,0.27
YORK,2017-08-21 00:05:00 EDT,42.85504,-77.84776,584,62.3,63.4,62.3,92.8,60.2,0.000,0.000,0.00,0.000,3.2,5.0,0.6,223,9,3.3,5.3,0.8,220,8,3.2,5.0,0.6,223,9,0,29.51,,0,0,0,71.7,73.0,70.4,0.29,0.28,0.27
YORK,2017-08-21 00:10:00 EDT,42.85504,-77.84776,584,62.3,63.4,62.3,93.1,60.2,0.000,0.000,0.00,0.000,3.7,5.0,0.6,216,10,3.8,5.4,0.8,214,8,3.7,5.0,0.6,216,10,0,29.52,,0,0,0,71.4,73.0,70.4,0.29,0.28,0.28
YORK,2017-08-21 00:15:00 EDT,42.85504,-77.84776,584,62.4,63.6,62.4,93.1,60.3,0.000,0.000,0.00,0.000,3.9,6.1,0.7,217,12,4.1,6.9,0.9,214,9,3.9,6.1,0.7,217,12,0,29.52,,0,0,0,71.4,73.0,70.4,0.29,0.28,0.27
YORK,2017-08-21 00:20:00 EDT,42.85504,-77.84776,584,62.3,63.3,62.3,92.8,60.2,0.000,0.000,0.00,0.000,3.4,4.6,0.5,220,12,3.3,5.0,0.7,218,9,3.4,4.6,0.5,220,12,0,29.52,,0,0,0,71.4,73.0,70.4,0.29,0.28,0.28
YORK,2017-08-21 00:25:00 EDT,42.85504,-77.84776,584,62.3,63.2,62.3,92.6,60.1,0.000,0.000,0.00,0.000,3.7,5.9,0.8,213,10,4.0,6.5,1.0,209,10,3.7,5.9,0.8,213,10,0,29.52,,0,0,0,71.4,73.0,70.5,0.29,0.28,0.28
YORK,2017-08-21 00:30:00 EDT,42.85504,-77.84776,584,62.3,63.3,62.3,92.6,60.1,0.000,0.000,0.00,0.000,4.4,7.2,0.9,213,12,4.5,7.4,1.0,209,10,4.4,7.2,0.9,213,12,0,29.52,,0,0,0,71.4,73.0,70.5,0.29,0.28,0.27
YORK,2017-08-21 00:35:00 EDT,42.85504,-77.84776,584,62.3,63.3,62.3,92.1,60.0,0.000,0.000,0.00,0.000,4.3,6.9,1.1,215,11,4.6,7.2,1.2,211,9,4.3,6.9,1.1,215,11,0,29.52,,0,0,0,71.4,73.0,70.5,0.29,0.28,0.28
YORK,2017-08-21 00:40:00 EDT,42.85504,-77.84776,584,62.4,63.3,62.4,92.0,60.0,0.000,0.000,0.00,0.000,4.0,5.5,0.6,214,13,4.3,6.7,0.9,212,11,4.0,5.5,0.6,214,13,0,29.52,,0,0,0,71.4,73.0,70.5,0.29,0.28,0.28
YORK,2017-08-21 00:45:00 EDT,42.85504,-77.84776,584,62.3,63.2,62.3,91.9,59.9,0.000,0.000,0.00,0.000,3.5,5.2,0.7,216,11,3.6,5.7,0.9,214,9,3.5,5.2,0.7,216,11,0,29.52,,0,0,0,71.4,73.0,70.5,0.29,0.28,0.28
YORK,2017-08-21 00:50:00 EDT,42.85504,-77.84776,584,62.1,62.9,62.1,92.2,59.8,0.000,0.000,0.00,0.000,3.3,6.1,0.8,215,14,3.5,6.2,1.0,213,12,3.3,6.1,0.8,215,14,0,29.52,,0,0,0,71.4,73.0,70.5,0.29,0.28,0.27
YORK,2017-08-21 00:55:00 EDT,42.85504,-77.84776,584,62.1,63.0,62.1,92.2,59.8,0.000,0.000,0.00,0.000,4.2,6.8,0.8,208,10,4.5,7.1,1.1,205,10,4.2,6.8,0.8,208,10,0,29.52,,0,0,0,71.4,73.0,70.6,0.29,0.28,0.28
YORK,2017-08-21 01:00:00 EDT,42.85504,-77.84776,584,62.2,63.0,62.2,92.0,59.8,0.000,0.000,0.00,0.000,4.3,6.4,0.9,207,10,4.5,7.0,1.0,203,9,4.3,6.4,0.9,207,10,0,29.52,,0,0,0,71.4,73.0,70.6,0.29,0.28,0.28
YORK,2017-08-21 01:05:00 EDT,42.85504,-77.84776,584,62.1,62.9,62.1,91.8,59.7,0.000,0.000,0.00,0.000,4.1,6.9,0.9,206,9,4.5,7.1,1.1,202,10,4.1,6.9,0.9,206,9,0,29.52,,0,0,0,71.4,73.0,70.6,0.29,0.28,0.28
YORK,2017-08-21 01:10:00 EDT,42.85504,-77.84776,584,62.1,62.9,62.1,91.7,59.6,0.000,0.000,0.00,0.000,4.1,5.9,0.7,213,12,4.5,6.8,0.9,209,11,4.1,5.9,0.7,213,12,0,29.52,,0,0,0,71.4,73.0,70.6,0.29,0.28,0.28
YORK,2017-08-21 01:15:00 EDT,42.85504,-77.84776,584,62.0,62.8,62.0,92.2,59.7,0.000,0.000,0.00,0.000,4.0,6.1,0.7,215,11,4.1,6.2,0.7,212,10,4.0,6.1,0.7,215,11,0,29.52,,0,0,0,71.4,73.0,70.6,0.29,0.28,0.27
YORK,2017-08-21 01:20:00 EDT,42.85504,-77.84776,584,62.0,62.9,62.0,91.9,59.6,0.000,0.000,0.00,0.000,4.6,6.7,0.8,207,12,4.8,8.1,1.0,202,11,4.6,6.7,0.8,207,12,0,29.52,,0,0,0,71.3,73.0,70.7,0.29,0.28,0.28
YORK,2017-08-21 01:25:00 EDT,42.85504,-77.84776,584,61.9,62.7,61.9,91.9,59.5,0.000,0.000,0.00,0.000,4.2,6.2,0.7,210,11,4.5,7.0,0.9,207,9,4.2,6.2,0.7,210,11,0,29.52,,0,0,0,71.3,72.8,70.7,0.29,0.28,0.28
YORK,2017-08-21 01:30:00 EDT,42.85504,-77.84776,584,61.9,62.7,61.9,92.0,59.6,0.000,0.000,0.00,0.000,4.2,6.1,0.9,207,12,4.5,6.7,1.0,202,11,4.2,6.1,0.9,207,12,0,29.52,,0,0,0,71.1,72.7,70.7,0.29,0.28,0.27
YORK,2017-08-21 01:35:00 EDT,42.85504,-77.84776,584,61.7,62.4,61.7,92.0,59.3,0.000,0.000,0.00,0.000,3.4,5.7,0.9,202,12,3.5,5.9,0.9,198,11,3.4,5.7,0.9,202,12,0,29.52,,0,0,0,71.1,72.7,70.6,0.29,0.28,0.28
YORK,2017-08-21 01:40:00 EDT,42.85504,-77.84776,584,61.4,62.3,61.4,92.4,59.1,0.000,0.000,0.00,0.000,3.5,5.3,0.6,208,11,3.7,5.7,0.8,204,10,3.5,5.3,0.6,208,11,0,29.52,,0,0,0,71.1,72.7,70.7,0.29,0.28,0.28
YORK,2017-08-21 01:45:00 EDT,42.85504,-77.84776,584,61.2,62.1,61.2,93.0,59.1,0.000,0.000,0.00,0.000,4.7,7.7,1.0,205,10,5.1,8.1,1.2,201,10,4.7,7.7,1.0,205,10,0,29.52,,0,0,0,71.1,72.7,70.7,0.29,0.28,0.28
YORK,2017-08-21 01:50:00 EDT,42.85504,-77.84776,584,61.7,62.5,61.7,93.0,59.7,0.000,0.000,0.00,0.000,5.1,7.4,1.2,209,13,5.4,8.2,1.4,204,11,5.1,7.4,1.2,209,13,0,29.52,,0,0,0,71.1,72.7,70.7,0.29,0.28,0.28
YORK,2017-08-21 01:55:00 EDT,42.85504,-77.84776,584,61.6,62.3,61.6,92.2,59.3,0.000,0.000,0.00,0.000,4.8,6.6,0.7,203,12,5.1,7.2,0.9,198,10,4.8,6.6,0.7,203,12,0,29.52,,0,0,0,71.1,72.7,70.7,0.29,0.28,0.28
YORK,2017-08-21 02:00:00 EDT,42.85504,-77.84776,584,61.4,62.2,61.4,92.5,59.2,0.000,0.000,0.00,0.000,4.6,7.6,1.1,204,10,5.0,8.6,1.3,201,8,4.6,7.6,1.1,204,10,0,29.52,,0,0,0,71.1,72.7,70.7,0.29,0.28,0.28
YORK,2017-08-21 02:05:00 EDT,42.85504,-77.84776,584,61.6,62.1,61.6,92.5,59.4,0.000,0.000,0.00,0.000,4.4,7.3,1.0,202,13,4.8,7.9,1.1,199,11,4.4,7.3,1.0,202,13,0,29.52,,0,0,0,71.1,72.7,70.7,0.29,0.28,0.28
YORK,2017-08-21 02:10:00 EDT,42.85504,-77.84776,584,61.5,62.0,61.5,92.5,59.3,0.000,0.000,0.00,0.000,4.5,6.1,0.8,208,12,4.8,7.8,1.0,203,11,4.5,6.1,0.8,208,12,0,29.52,,0,0,0,71.1,72.7,70.7,0.29,0.28,0.28
YORK,2017-08-21 02:15:00 EDT,42.85504,-77.84776,584,61.4,62.0,61.4,92.7,59.2,0.000,0.000,0.00,0.000,5.2,7.5,1.1,206,11,5.6,8.3,1.2,201,9,5.2,7.5,1.1,206,11,0,29.52,,0,0,0,71.0,72.7,70.7,0.29,0.28,0.28
YORK,2017-08-21 02:20:00 EDT,42.85504,-77.84776,584,61.4,61.9,61.4,92.7,59.3,0.000,0.000,0.00,0.000,5.0,6.6,0.8,205,12,5.4,8.4,1.2,202,11,5.0,6.6,0.8,205,12,0,29.52,,0,0,0,70.9,72.7,70.7,0.29,0.28,0.28
YORK,2017-08-21 02:25:00 EDT,42.85504,-77.84776,584,61.3,61.8,61.3,92.8,59.2,0.000,0.000,0.00,0.000,5.1,8.6,1.7,201,14,5.6,9.6,1.8,197,11,5.1,8.6,1.7,201,14,0,29.51,,0,0,0,70.8,72.7,70.7,0.29,0.28,0.27
YORK,2017-08-21 02:30:00 EDT,42.85504,-77.84776,584,61.3,61.7,61.3,93.0,59.3,0.000,0.000,0.00,0.000,5.3,9.3,1.3,198,14,5.8,9.8,1.6,195,11,5.3,9.3,1.3,198,14,0,29.51,,0,0,0,70.7,72.7,70.7,0.29,0.28,0.28
YORK,2017-08-21 02:35:00 EDT,42.85504,-77.84776,584,61.4,61.7,61.4,93.0,59.3,0.000,0.000,0.00,0.000,5.5,8.5,1.4,196,16,6.0,10.9,1.6,194,11,5.5,8.5,1.4,196,16,0,29.51,,0,0,0,70.7,72.7,70.7,0.29,0.28,0.28
YORK,2017-08-21 02:40:00 EDT,42.85504,-77.84776,584,61.4,61.7,61.4,92.8,59.3,0.000,0.000,0.00,0.000,5.0,7.6,1.2,201,15,5.6,8.6,1.3,199,12,5.0,7.6,1.2,201,15,0,29.51,,0,0,0,70.7,72.7,70.7,0.29,0.28,0.28
YORK,2017-08-21 02:45:00 EDT,42.85504,-77.84776,584,61.4,61.8,61.4,92.8,59.3,0.000,0.000,0.00,0.000,5.2,8.2,1.3,202,13,5.8,8.8,1.4,200,10,5.2,8.2,1.3,202,13,0,29.51,,0,0,0,70.7,72.7,70.7,0.29,0.28,0.28
YORK,2017-08-21 02:50:00 EDT,42.85504,-77.84776,584,61.3,61.8,61.3,92.8,59.2,0.000,0.000,0.00,0.000,4.9,7.7,1.3,205,11,5.3,8.7,1.3,200,11,4.9,7.7,1.3,205,11,0,29.51,,0,0,0,70.7,72.7,70.7,0.29,0.28,0.28
YORK,2017-08-21 02:55:00 EDT,42.85504,-77.84776,584,61.2,61.7,61.2,92.8,59.1,0.000,0.000,0.00,0.000,5.2,8.5,1.2,207,11,5.5,9.0,1.2,202,10,5.2,8.5,1.2,207,11,0,29.52,,0,0,0,70.7,72.7,70.7,0.29,0.28,0.28
YORK,2017-08-21 03:00:00 EDT,42.85504,-77.84776,584,61.1,61.6,61.1,92.9,59.1,0.000,0.000,0.00,0.000,5.0,7.2,1.1,203,15,5.5,8.5,1.4,201,12,5.0,7.2,1.1,203,15,0,29.52,,0,0,0,70.7,72.7,70.7,0.29,0.28,0.28
YORK,2017-08-21 03:05:00 EDT,42.85504,-77.84776,584,61.2,61.6,61.2,92.9,59.1,0.000,0.000,0.00,0.000,5.1,8.1,1.1,203,13,5.6,8.4,1.3,201,12,5.1,8.1,1.1,203,13,0,29.52,,0,0,0,70.7,72.7,70.7,0.29,0.28,0.28
YORK,2017-08-21 03:10:00 EDT,42.85504,-77.84776,584,61.2,61.6,61.2,92.6,59.1,0.000,0.000,0.00,0.000,4.6,7.2,1.2,207,13,4.9,7.7,1.3,204,13,4.6,7.2,1.2,207,13,0,29.52,,0,0,0,70.7,72.7,70.7,0.29,0.28,0.28
YORK,2017-08-21 03:15:00 EDT,42.85504,-77.84776,584,61.0,61.6,61.0,92.7,58.9,0.000,0.000,0.00,0.000,4.0,7.3,1.1,211,14,4.2,8.0,1.3,206,13,4.0,7.3,1.1,211,14,0,29.52,,0,0,0,70.7,72.7,70.7,0.29,0.28,0.28
YORK,2017-08-21 03:20:00 EDT,42.85504,-77.84776,584,60.9,61.6,60.9,92.8,58.8,0.000,0.000,0.00,0.000,3.9,6.9,1.0,202,14,4.1,6.9,1.1,200,10,3.9,6.9,1.0,202,14,0,29.52,,0,0,0,70.7,72.7,70.7,0.29,0.28,0.27
YORK,2017-08-21 03:25:00 EDT,42.85504,-77.84776,584,60.8,61.5,60.8,92.9,58.8,0.000,0.000,0.00,0.000,3.5,5.3,0.7,205,10,3.7,5.5,0.9,201,11,3.5,5.3,0.7,205,10,0,29.52,,0,0,0,70.7,72.7,70.7,0.29,0.28,0.28
YORK,2017-08-21 03:30:00 EDT,42.85504,-77.84776,584,60.6,61.4,60.6,93.0,58.6,0.000,0.000,0.00,0.000,3.9,6.4,0.9,208,10,4.2,7.2,1.0,203,10,3.9,6.4,0.9,208,10,0,29.52,,0,0,0,70.7,72.7,70.7,0.29,0.28,0.28
YORK,2017-08-21 03:35:00 EDT,42.85504,-77.84776,584,60.1,60.9,60.1,93.6,58.2,0.000,0.000,0.00,0.000,3.4,4.5,0.4,206,8,3.6,4.7,0.5,203,7,3.4,4.5,0.4,206,8,0,29.52,,0,0,0,70.7,72.7,70.7,0.29,0.28,0.28
YORK,2017-08-21 03:40:00 EDT,42.85504,-77.84776,584,60.0,60.9,60.0,94.5,58.4,0.000,0.000,0.00,0.000,4.1,7.2,1.0,203,12,4.4,7.5,1.2,199,10,4.1,7.2,1.0,203,12,0,29.52,,0,0,0,70.7,72.7,70.7,0.29,0.28,0.28
YORK,2017-08-21 03:45:00 EDT,42.85504,-77.84776,584,60.1,61.0,60.1,94.6,58.6,0.000,0.000,0.00,0.000,3.4,6.7,1.0,205,11,3.7,7.0,1.1,203,10,3.4,6.7,1.0,205,11,0,29.52,,0,0,0,70.7,72.7,70.7,0.29,0.28,0.28
YORK,2017-08-21 03:50:00 EDT,42.85504,-77.84776,584,60.3,60.9,60.3,94.4,58.7,0.000,0.000,0.00,0.000,3.3,5.0,0.6,202,11,3.7,6.7,0.9,199,9,3.3,5.0,0.6,202,11,0,29.52,,0,0,0,70.7,72.7,70.7,0.29,0.28,0.28
YORK,2017-08-21 03:55:00 EDT,42.85504,-77.84776,584,60.3,60.9,60.3,94.3,58.7,0.000,0.000,0.00,0.000,4.2,6.3,1.0,197,12,4.6,7.3,1.0,194,10,4.2,6.3,1.0,197,12,0,29.51,,0,0,0,70.5,72.7,70.7,0.29,0.28,0.28
YORK,2017-08-21 04:00:00 EDT,42.85504,-77.84776,584,60.2,60.8,60.2,94.2,58.5,0.000,0.000,0.00,0.000,3.9,5.6,0.9,203,12,4.4,6.3,1.0,200,10,3.9,5.6,0.9,203,12,0,29.51,,0,0,0,70.4,72.6,70.7,0.29,0.28,0.28
YORK,2017-08-21 04:05:00 EDT,42.85504,-77.84776,584,60.2,60.6,60.2,94.3,58.5,0.000,0.000,0.00,0.000,3.9,5.5,0.8,205,12,4.3,6.6,1.0,201,10,3.9,5.5,0.8,205,12,0,29.51,,0,0,0,70.3,72.6,70.7,0.29,0.28,0.28
YORK,2017-08-21 04:10:00 EDT,42.85504,-77.84776,584,60.1,60.5,60.1,94.6,58.5,0.000,0.000,0.00,0.000,3.8,5.7,0.7,211,11,4.1,5.6,0.8,207,9,3.8,5.7,0.7,211,11,0,29.51,,0,0,0,70.3,72.5,70.7,0.29,0.28,0.28
YORK,2017-08-21 04:15:00 EDT,42.85504,-77.84776,584,60.1,60.7,60.1,94.7,58.6,0.000,0.000,0.00,0.000,4.0,6.2,0.8,203,12,4.5,6.8,0.9,200,10,4.0,6.2,0.8,203,12,0,29.51,,0,0,0,70.3,72.5,70.7,0.29,0.28,0.28
YORK,2017-08-21 04:20:00 EDT,42.85504,-77.84776,584,60.2,60.8,60.2,94.5,58.6,0.000,0.000,0.00,0.000,4.0,5.6,0.8,197,11,4.4,6.4,0.9,194,7,4.0,5.6,0.8,197,11,0,29.51,,0,0,0,70.3,72.4,70.7,0.29,0.28,0.28
YORK,2017-08-21 04:25:00 EDT,42.85504,-77.84776,584,60.3,60.9,60.3,94.3,58.6,0.000,0.000,0.00,0.000,4.0,5.6,0.9,203,8,4.5,6.3,1.0,197,7,4.0,5.6,0.9,203,8,0,29.51,,0,0,0,70.3,72.3,70.7,0.29,0.28,0.28
YORK,2017-08-21 04:30:00 EDT,42.85504,-77.84776,584,60.3,60.9,60.3,94.1,58.6,0.000,0.000,0.00,0.000,4.1,5.7,0.7,203,8,4.4,5.9,0.8,199,8,4.1,5.7,0.7,203,8,0,29.51,,0,0,0,70.3,72.3,70.7,0.29,0.28,0.28
YORK,2017-08-21 04:35:00 EDT,42.85504,-77.84776,584,60.4,61.0,60.4,93.8,58.6,0.000,0.000,0.00,0.000,4.6,7.7,1.1,198,15,5.1,7.3,1.2,193,10,4.6,7.7,1.1,198,15,0,29.51,,0,0,0,70.3,72.3,70.7,0.29,0.28,0.28
YORK,2017-08-21 04:40:00 EDT,42.85504,-77.84776,584,60.4,60.9,60.4,93.6,58.6,0.000,0.000,0.00,0.000,4.4,6.9,1.3,194,15,4.9,8.0,1.5,191,10,4.4,6.9,1.3,194,15,0,29.51,,0,0,0,70.3,72.3,70.7,0.29,0.28,0.28
YORK,2017-08-21 04:45:00 EDT,42.85504,-77.84776,584,60.5,60.9,60.5,93.5,58.6,0.000,0.000,0.00,0.000,4.8,8.3,1.3,196,12,5.2,9.5,1.5,193,10,4.8,8.3,1.3,196,12,0,29.51,,0,0,0,70.3,72.3,70.7,0.29,0.28,0.28
YORK,2017-08-21 04:50:00 EDT,42.85504,-77.84776,584,60.5,60.9,60.5,93.4,58.6,0.000,0.000,0.00,0.000,5.1,7.2,0.8,205,10,5.7,7.9,0.9,200,9,5.1,7.2,0.8,205,10,0,29.51,,0,0,0,70.3,72.3,70.7,0.29,0.28,0.28
YORK,2017-08-21 04:55:00 EDT,42.85504,-77.84776,584,60.4,60.8,60.4,93.4,58.5,0.000,0.000,0.00,0.000,5.0,7.9,1.2,206,15,5.5,8.4,1.3,204,10,5.0,7.9,1.2,206,15,0,29.51,,0,0,0,70.1,72.3,70.7,0.29,0.28,0.28
YORK,2017-08-21 05:00:00 EDT,42.85504,-77.84776,584,60.6,60.9,60.6,93.3,58.6,0.000,0.000,0.00,0.000,5.3,8.0,1.2,207,13,5.6,8.6,1.4,201,10,5.3,8.0,1.2,207,13,0,29.52,,0,0,0,70.0,72.3,70.7,0.29,0.28,0.28
YORK,2017-08-21 05:05:00 EDT,42.85504,-77.84776,584,60.6,61.0,60.6,92.9,58.6,0.000,0.000,0.00,0.000,5.5,9.6,1.4,200,13,6.0,10.7,1.6,196,11,5.5,9.6,1.4,200,13,0,29.52,,0,0,0,70.0,72.3,70.7,0.29,0.28,0.28
YORK,2017-08-21 05:10:00 EDT,42.85504,-77.84776,584,60.6,61.0,60.6,92.9,58.6,0.000,0.000,0.00,0.000,5.8,9.4,1.6,199,15,6.4,9.8,1.5,194,12,5.8,9.4,1.6,199,15,0,29.51,,0,0,0,70.0,72.3,70.7,0.29,0.28,0.28
YORK,2017-08-21 05:15:00 EDT,42.85504,-77.84776,584,60.7,61.0,60.7,92.8,58.6,0.000,0.000,0.00,0.000,5.8,8.8,1.3,202,19,6.3,9.6,1.4,197,14,5.8,8.8,1.3,202,19,0,29.51,,0,0,0,70.0,72.3,70.7,0.29,0.28,0.28
YORK,2017-08-21 05:20:00 EDT,42.85504,-77.84776,584,60.7,61.0,60.7,92.7,58.6,0.000,0.000,0.00,0.000,6.0,9.5,1.5,202,13,6.4,10.4,1.8,199,10,6.0,9.5,1.5,202,13,0,29.52,,0,0,0,70.0,72.3,70.7,0.29,0.28,0.28
YORK,2017-08-21 05:25:00 EDT,42.85504,-77.84776,584,60.5,60.8,60.5,92.9,58.5,0.000,0.000,0.00,0.000,4.3,6.6,0.9,195,15,4.8,7.1,1.1,190,12,4.3,6.6,0.9,195,15,0,29.52,,0,0,0,70.0,72.3,70.7,0.29,0.28,0.28
YORK,2017-08-21 05:30:00 EDT,42.85504,-77.84776,584,60.6,60.9,60.6,93.2,58.6,0.000,0.000,0.00,0.000,4.9,8.3,1.4,192,13,5.2,9.0,1.5,191,11,4.9,8.3,1.4,192,13,0,29.52,,0,0,0,70.0,72.3,70.7,0.29,0.28,0.28
YORK,2017-08-21 05:35:00 EDT,42.85504,-77.84776,584,60.6,60.9,60.6,93.0,58.5,0.000,0.000,0.00,0.000,4.7,6.9,1.2,193,12,5.1,8.2,1.3,189,11,4.7,6.9,1.2,193,12,0,29.51,,0,0,0,70.0,72.3,70.7,0.29,0.28,0.28
YORK,2017-08-21 05:40:00 EDT,42.85504,-77.84776,584,60.5,60.9,60.5,93.0,58.5,0.000,0.000,0.00,0.000,4.6,8.3,1.2,196,16,5.0,9.1,1.3,191,15,4.6,8.3,1.2,196,16,0,29.51,,0,0,0,70.0,72.3,70.7,0.29,0.28,0.28
YORK,2017-08-21 05:45:00 EDT,42.85504,-77.84776,584,60.6,61.0,60.6,93.0,58.6,0.000,0.000,0.00,0.000,5.3,7.5,0.9,200,13,5.6,8.2,1.1,195,11,5.3,7.5,0.9,200,13,0,29.51,,0,0,0,70.0,72.3,70.7,0.29,0.28,0.28
YORK,2017-08-21 05:50:00 EDT,42.85504,-77.84776,584,60.7,61.1,60.7,92.7,58.5,0.000,0.000,0.00,0.000,4.7,6.6,1.0,205,11,5.1,7.1,1.1,201,11,4.7,6.6,1.0,205,11,0,29.51,,0,0,0,70.0,72.3,70.7,0.29,0.28,0.28
YORK,2017-08-21 05:55:00 EDT,42.85504,-77.84776,584,60.6,61.0,60.6,92.5,58.4,0.000,0.000,0.00,0.000,3.9,6.8,1.0,218,13,4.0,7.1,1.1,214,13,3.9,6.8,1.0,218,13,0,29.51,,0,0,0,70.0,72.3,70.7,0.29,0.28,0.28
YORK,2017-08-21 06:00:00 EDT,42.85504,-77.84776,584,60.3,60.8,60.3,92.9,58.3,0.000,0.000,0.00,0.000,3.7,8.0,0.9,211,12,3.9,9.1,1.3,208,11,3.7,8.0,0.9,211,12,0,29.51,,0,0,0,70.0,72.3,70.7,0.29,0.28,0.28
YORK,2017-08-21 06:05:00 EDT,42.85504,-77.84776,584,60.3,60.9,60.3,93.3,58.3,0.000,0.000,0.00,0.000,4.3,6.8,1.2,203,15,4.6,8.1,1.4,199,13,4.3,6.8,1.2,203,15,0,29.52,,0,0,0,70.0,72.3,70.7,0.29,0.28,0.28
YORK,2017-08-21 06:10:00 EDT,42.85504,-77.84776,584,60.6,61.1,60.6,93.0,58.6,0.000,0.000,0.00,0.000,4.8,7.7,1.1,199,13,5.3,9.4,1.4,195,10,4.8,7.7,1.1,199,13,0,29.51,,0,0,0,70.0,72.3,70.7,0.29,0.28,0.28
YORK,2017-08-21 06:15:00 EDT,42.85504,-77.84776,584,60.8,61.3,60.8,92.4,58.6,0.000,0.000,0.00,0.000,5.8,9.8,1.3,191,14,6.4,11.8,1.6,190,11,5.8,9.8,1.3,191,14,1,29.51,,0,0,0,70.0,72.3,70.7,0.29,0.28,0.28
YORK,2017-08-21 06:20:00 EDT,42.85504,-77.84776,584,61.0,61.4,61.0,91.7,58.5,0.000,0.000,0.00,0.000,5.9,8.1,1.0,199,13,6.5,9.7,1.3,196,10,5.9,8.1,1.0,199,13,1,29.51,,0,0,0,70.0,72.3,70.7,0.29,0.28,0.28
YORK,2017-08-21 06:25:00 EDT,42.85504,-77.84776,584,60.9,61.4,60.9,91.6,58.4,0.000,0.000,0.00,0.000,5.2,8.3,1.1,197,14,5.8,11.2,1.6,192,10,5.2,8.3,1.1,197,14,2,29.51,,0,0,0,70.0,72.3,70.7,0.29,0.28,0.28
YORK,2017-08-21 06:30:00 EDT,42.85504,-77.84776,584,61.1,61.5,61.1,91.1,58.5,0.000,0.000,0.00,0.000,5.0,8.1,1.1,203,14,5.4,9.2,1.4,199,13,5.0,8.1,1.1,203,14,4,29.51,,0,0,0,70.0,72.3,70.7,0.29,0.28,0.28
YORK,2017-08-21 06:35:00 EDT,42.85504,-77.84776,584,60.9,61.4,60.9,91.2,58.3,0.000,0.000,0.00,0.000,3.7,6.2,0.9,210,17,4.0,6.6,1.0,207,15,3.7,6.2,0.9,210,17,9,29.51,,0,0,0,70.0,72.3,70.7,0.29,0.28,0.28
YORK,2017-08-21 06:40:00 EDT,42.85504,-77.84776,584,60.9,61.4,60.9,91.6,58.4,0.000,0.000,0.00,0.000,4.6,6.7,1.0,205,14,5.1,7.5,1.2,201,11,4.6,6.7,1.0,205,14,15,29.51,,0,0,0,70.0,72.3,70.7,0.29,0.28,0.28
YORK,2017-08-21 06:45:00 EDT,42.85504,-77.84776,584,61.2,61.7,61.2,91.2,58.6,0.000,0.000,0.00,0.000,5.7,7.9,0.9,198,10,6.3,9.3,1.2,195,8,5.7,7.9,0.9,198,10,19,29.51,,0,0,0,69.9,72.3,70.7,0.29,0.28,0.28
YORK,2017-08-21 06:50:00 EDT,42.85504,-77.84776,584,61.5,62.0,61.5,90.2,58.6,0.000,0.000,0.00,0.000,5.8,9.6,1.6,210,12,6.1,10.6,1.8,204,11,5.8,9.6,1.6,210,12,23,29.52,,0,0,0,69.7,72.2,70.7,0.29,0.28,0.28
YORK,2017-08-21 06:55:00 EDT,42.85504,-77.84776,584,61.7,62.2,61.7,89.7,58.7,0.000,0.000,0.00,0.000,5.2,7.5,1.0,196,13,5.5,8.5,1.4,192,10,5.2,7.5,1.0,196,13,28,29.51,,0,0,0,69.6,72.1,70.7,0.29,0.28,0.28
YORK,2017-08-21 07:00:00 EDT,42.85504,-77.84776,584,61.8,62.3,61.8,89.1,58.6,0.000,0.000,0.00,0.000,4.6,7.7,1.3,195,13,5.1,8.5,1.4,193,9,4.6,7.7,1.3,195,13,33,29.51,,0,0,0,69.6,72.0,70.7,0.29,0.28,0.28
YORK,2017-08-21 07:05:00 EDT,42.85504,-77.84776,584,61.9,62.4,61.9,89.1,58.6,0.000,0.000,0.00,0.000,5.2,10.8,1.8,199,16,5.9,11.7,2.0,196,13,5.2,10.8,1.8,199,16,39,29.51,,0,0,0,69.6,71.8,70.7,0.29,0.28,0.28
YORK,2017-08-21 07:10:00 EDT,42.85504,-77.84776,584,61.9,62.3,61.9,88.8,58.6,0.000,0.000,0.00,0.000,5.8,9.1,1.5,197,15,6.3,11.1,1.8,196,12,5.8,9.1,1.5,197,15,42,29.51,,0,0,0,69.6,71.8,70.7,0.29,0.28,0.28
YORK,2017-08-21 07:15:00 EDT,42.85504,-77.84776,584,61.9,62.2,61.9,89.0,58.6,0.000,0.000,0.00,0.000,4.7,7.3,1.1,194,13,5.2,8.6,1.3,192,9,4.7,7.3,1.1,194,13,38,29.51,,0,0,0,69.6,71.8,70.7,0.29,0.28,0.28
YORK,2017-08-21 07:20:00 EDT,42.85504,-77.84776,584,61.8,62.1,61.8,89.2,58.6,0.000,0.000,0.00,0.000,4.2,6.9,1.3,192,12,4.7,8.4,1.3,189,9,4.2,6.9,1.3,192,12,41,29.51,,0,0,0,69.6,71.8,70.7,0.29,0.28,0.28
YORK,2017-08-21 07:25:00 EDT,42.85504,-77.84776,584,61.8,62.1,61.8,89.6,58.7,0.000,0.000,0.00,0.000,4.8,7.2,1.1,198,14,5.1,8.1,1.3,195,11,4.8,7.2,1.1,198,14,49,29.51,,0,0,0,69.6,71.8,70.7,0.29,0.28,0.28
YORK,2017-08-21 07:30:00 EDT,42.85504,-77.84776,584,61.7,62.0,61.7,90.1,58.8,0.000,0.000,0.00,0.000,3.5,6.4,0.9,197,13,4.0,7.5,1.1,194,10,3.5,6.4,0.9,197,13,54,29.51,,0,0,0,69.6,71.8,70.7,0.29,0.28,0.28
YORK,2017-08-21 07:35:00 EDT,42.85504,-77.84776,584,61.8,62.1,61.8,90.2,58.9,0.000,0.000,0.00,0.000,3.5,6.3,1.1,204,15,3.8,7.0,1.3,202,12,3.5,6.3,1.1,204,15,72,29.51,,0,0,0,69.6,71.8,70.7,0.29,0.28,0.28
YORK,2017-08-21 07:40:00 EDT,42.85504,-77.84776,584,62.1,62.4,62.1,90.2,59.2,0.000,0.000,0.00,0.000,3.9,5.8,0.8,208,12,4.2,6.5,0.9,205,11,3.9,5.8,0.8,208,12,81,29.51,,0,0,0,69.6,71.8,70.7,0.29,0.28,0.28
YORK,2017-08-21 07:45:00 EDT,42.85504,-77.84776,584,62.4,62.6,62.4,90.3,59.5,0.000,0.000,0.00,0.000,4.6,7.7,1.2,201,11,5.2,8.3,1.2,197,9,4.6,7.7,1.2,201,11,105,29.51,,0,0,0,69.6,71.8,70.7,0.29,0.28,0.28
YORK,2017-08-21 07:50:00 EDT,42.85504,-77.84776,584,63.0,63.1,63.0,89.2,59.8,0.000,0.000,0.00,0.000,4.9,8.4,1.3,201,13,5.4,8.8,1.5,198,11,4.9,8.4,1.3,201,13,146,29.51,,0,0,0,69.6,71.8,70.7,0.29,0.28,0.28
YORK,2017-08-21 07:55:00 EDT,42.85504,-77.84776,584,63.4,63.5,63.4,88.4,59.9,0.000,0.000,0.00,0.000,4.2,7.3,1.1,200,14,4.5,8.0,1.4,196,12,4.2,7.3,1.1,200,14,122,29.51,,0,0,0,69.6,71.8,70.7,0.29,0.28,0.28
YORK,2017-08-21 08:00:00 EDT,42.85504,-77.84776,584,63.7,63.9,63.7,87.6,60.0,0.000,0.000,0.00,0.000,4.4,7.3,1.4,200,14,4.9,8.5,1.5,196,12,4.4,7.3,1.4,200,14,101,29.51,,0,0,0,69.6,71.8,70.7,0.29,0.28,0.28
YORK,2017-08-21 08:05:00 EDT,42.85504,-77.84776,584,64.0,64.1,64.0,87.1,60.0,0.000,0.000,0.00,0.000,3.5,5.4,0.8,190,18,3.8,5.9,0.9,187,18,3.5,5.4,0.8,190,18,70,29.51,,0,0,0,69.6,71.8,70.7,0.29,0.28,0.28
YORK,2017-08-21 08:10:00 EDT,42.85504,-77.84776,584,64.1,64.2,64.1,86.5,60.0,0.000,0.000,0.00,0.000,3.4,5.8,1.0,189,14,3.9,7.3,1.2,185,13,3.4,5.8,1.0,189,14,53,29.51,,0,0,0,69.6,71.8,70.7,0.29,0.28,0.28
YORK,2017-08-21 08:15:00 EDT,42.85504,-77.84776,584,63.9,64.1,63.9,87.1,60.0,0.000,0.000,0.00,0.000,3.6,6.4,1.2,198,18,3.9,7.5,1.3,194,13,3.6,6.4,1.2,198,18,43,29.51,,0,0,0,69.6,71.8,70.7,0.29,0.28,0.28
YORK,2017-08-21 08:20:00 EDT,42.85504,-77.84776,584,63.9,64.1,63.9,87.1,60.0,0.000,0.000,0.00,0.000,3.7,7.9,1.6,197,14,4.2,8.3,1.6,195,13,3.7,7.9,1.6,197,14,49,29.51,,0,0,0,69.6,71.8,70.7,0.29,0.28,0.28
YORK,2017-08-21 08:25:00 EDT,42.85504,-77.84776,584,63.9,64.1,63.9,86.7,59.9,0.000,0.000,0.00,0.000,4.8,7.0,1.1,199,14,5.2,8.0,1.4,196,11,4.8,7.0,1.1,199,14,56,29.51,,0,0,0,69.6,71.8,70.7,0.29,0.28,0.28
YORK,2017-08-21 08:30:00 EDT,42.85504,-77.84776,584,64.0,64.2,64.0,86.6,59.9,0.000,0.000,0.00,0.000,4.5,7.2,1.0,200,14,4.9,7.4,1.2,196,11,4.5,7.2,1.0,200,14,73,29.51,,0,0,0,69.6,71.8,70.7,0.29,0.28,0.28
YORK,2017-08-21 08:35:00 EDT,42.85504,-77.84776,584,64.2,64.5,64.2,86.8,60.2,0.000,0.000,0.00,0.000,4.7,7.2,1.0,194,12,5.3,7.6,1.0,191,8,4.7,7.2,1.0,194,12,98,29.51,,0,0,0,69.6,71.8,70.7,0.29,0.28,0.28
YORK,2017-08-21 08:40:00 EDT,42.85504,-77.84776,584,64.5,64.7,64.5,86.4,60.4,0.000,0.000,0.00,0.000,4.9,8.3,1.3,190,13,5.4,9.9,1.5,188,13,4.9,8.3,1.3,190,13,132,29.52,,0,0,0,69.6,71.8,70.7,0.29,0.28,0.28
YORK,2017-08-21 08:45:00 EDT,42.85504,-77.84776,584,65.1,65.1,65.1,85.6,60.6,0.000,0.000,0.00,0.000,4.6,9.4,1.7,200,17,5.2,10.4,1.8,198,14,4.6,9.4,1.7,200,17,207,29.52,,0,0,0,69.6,71.8,70.7,0.29,0.28,0.28
YORK,2017-08-21 08:50:00 EDT,42.85504,-77.84776,584,65.5,65.5,65.5,84.1,60.6,0.000,0.000,0.00,0.000,5.2,7.6,1.2,202,13,5.7,8.6,1.4,198,11,5.2,7.6,1.2,202,13,216,29.52,,0,0,0,69.6,71.8,70.7,0.29,0.28,0.28
YORK,2017-08-21 08:55:00 EDT,42.85504,-77.84776,584,65.8,65.9,65.8,83.3,60.7,0.000,0.000,0.00,0.000,5.1,7.3,1.1,200,14,5.4,8.2,1.2,196,12,5.1,7.3,1.1,200,14,144,29.52,,0,0,0,69.6,71.8,70.7,0.29,0.28,0.28
YORK,2017-08-21 09:00:00 EDT,42.85504,-77.84776,584,66.0,66.1,66.0,83.3,60.7,0.000,0.000,0.00,0.000,4.5,8.0,1.4,183,17,5.1,9.8,1.6,180,15,4.5,8.0,1.4,183,17,121,29.52,,0,0,0,69.6,71.8,70.7,0.29,0.28,0.28
YORK,2017-08-21 09:05:00 EDT,42.85504,-77.84776,584,66.2,66.4,66.2,82.0,60.5,0.000,0.000,0.00,0.000,5.3,10.0,2.1,183,15,5.8,11.4,2.2,180,12,5.3,10.0,2.1,183,15,101,29.52,,0,0,0,69.6,71.7,70.7,0.29,0.28,0.28
YORK,2017-08-21 09:10:00 EDT,42.85504,-77.84776,584,66.2,66.4,66.2,81.9,60.5,0.000,0.000,0.00,0.000,3.7,6.8,1.3,181,18,4.3,7.8,1.5,177,16,3.7,6.8,1.3,181,18,114,29.52,,0,0,0,69.6,71.7,70.7,0.29,0.28,0.28
YORK,2017-08-21 09:15:00 EDT,42.85504,-77.84776,584,66.5,66.6,66.5,81.7,60.7,0.000,0.000,0.00,0.000,6.2,10.1,1.3,184,16,6.9,10.4,1.4,181,12,6.2,10.1,1.3,184,16,205,29.51,,0,0,0,69.7,71.6,70.7,0.29,0.28,0.28
YORK,2017-08-21 09:20:00 EDT,42.85504,-77.84776,584,67.3,67.2,67.3,81.5,61.5,0.000,0.000,0.00,0.000,5.3,9.6,1.4,187,16,6.1,10.9,1.7,184,13,5.3,9.6,1.4,187,16,423,29.51,,0,0,0,69.8,71.5,70.7,0.29,0.28,0.28
YORK,2017-08-21 09:25:00 EDT,42.85504,-77.84776,584,68.3,68.0,68.3,79.3,61.7,0.000,0.000,0.00,0.000,7.2,11.5,2.0,186,16,8.2,14.0,2.1,184,15,7.2,11.5,2.0,186,16,429,29.52,,0,0,0,69.9,71.5,70.7,0.29,0.28,0.28
YORK,2017-08-21 09:30:00 EDT,42.85504,-77.84776,584,68.3,68.1,68.3,77.8,61.1,0.000,0.000,0.00,0.000,7.1,11.5,2.0,185,15,7.9,13.1,2.1,182,13,7.1,11.5,2.0,185,15,286,29.52,,0,0,0,69.9,71.5,70.7,0.29,0.28,0.28
YORK,2017-08-21 09:35:00 EDT,42.85504,-77.84776,584,68.0,68.0,68.0,77.4,60.6,0.000,0.000,0.00,0.000,7.9,12.2,1.6,190,16,8.7,13.6,2.0,187,14,7.9,12.2,1.6,190,16,158,29.52,,0,0,0,70.0,71.4,70.7,0.29,0.28,0.28
YORK,2017-08-21 09:40:00 EDT,42.85504,-77.84776,584,67.9,67.9,67.9,77.4,60.5,0.000,0.000,0.00,0.000,7.8,13.6,2.2,195,15,8.7,16.1,2.6,192,14,7.8,13.6,2.2,195,15,168,29.52,,0,0,0,70.0,71.4,70.7,0.29,0.28,0.28
YORK,2017-08-21 09:45:00 EDT,42.85504,-77.84776,584,67.8,67.9,67.8,77.8,60.6,0.000,0.000,0.00,0.000,6.5,9.9,1.4,177,18,7.5,12.1,1.8,176,14,6.5,9.9,1.4,177,18,166,29.52,,0,0,0,70.0,71.4,70.7,0.29,0.28,0.28
YORK,2017-08-21 09:50:00 EDT,42.85504,-77.84776,584,67.8,67.8,67.8,78.1,60.7,0.000,0.000,0.00,0.000,6.3,11.0,2.3,181,17,7.1,12.6,2.4,180,13,6.3,11.0,2.3,181,17,269,29.52,,0,0,0,70.0,71.4,70.7,0.29,0.28,0.28
YORK,2017-08-21 09:55:00 EDT,42.85504,-77.84776,584,68.5,68.1,68.5,77.6,61.2,0.000,0.000,0.00,0.000,7.0,11.7,2.1,188,17,7.8,13.0,2.2,185,11,7.0,11.7,2.1,188,17,461,29.51,,0,0,0,70.0,71.4,70.7,0.29,0.28,0.28
YORK,2017-08-21 10:00:00 EDT,42.85504,-77.84776,584,69.8,69.2,69.8,76.6,62.1,0.000,0.000,0.00,0.000,6.0,13.1,2.3,191,20,6.7,15.3,2.8,190,18,6.0,13.1,2.3,191,20,518,29.51,,0,0,0,70.0,71.4,70.6,0.29,0.28,0.28
YORK,2017-08-21 10:05:00 EDT,42.85504,-77.84776,584,70.1,69.6,70.1,75.3,62.0,0.000,0.000,0.00,0.000,6.4,12.1,2.3,192,17,7.1,15.0,2.5,189,16,6.4,12.1,2.3,192,17,583,29.51,,0,0,0,70.0,71.4,70.7,0.29,0.28,0.28
YORK,2017-08-21 10:10:00 EDT,42.85504,-77.84776,584,70.5,70.1,70.5,74.6,62.1,0.000,0.000,0.00,0.000,6.9,11.3,2.3,196,19,7.7,13.2,2.5,192,16,6.9,11.3,2.3,196,19,540,29.51,,0,0,0,70.0,71.4,70.6,0.29,0.28,0.28
YORK,2017-08-21 10:15:00 EDT,42.85504,-77.84776,584,71.3,70.7,71.3,73.8,62.5,0.000,0.000,0.00,0.000,6.4,12.1,2.0,183,20,7.1,14.0,2.2,182,18,6.4,12.1,2.0,183,20,613,29.50,,0,0,0,70.0,71.4,70.7,0.29,0.28,0.28
YORK,2017-08-21 10:20:00 EDT,42.85504,-77.84776,584,71.4,70.6,71.4,71.8,61.8,0.000,0.000,0.00,0.000,7.5,14.9,2.4,175,18,8.4,16.9,2.6,171,14,7.5,14.9,2.4,175,18,585,29.50,,0,0,0,70.0,71.4,70.7,0.29,0.28,0.28
YORK,2017-08-21 10:25:00 EDT,42.85504,-77.84776,584,71.5,70.7,71.5,71.5,61.8,0.000,0.000,0.00,0.000,8.6,13.0,1.8,180,17,9.8,15.7,2.2,178,13,8.6,13.0,1.8,180,17,500,29.50,,0,0,0,70.0,71.4,70.6,0.29,0.28,0.28
YORK,2017-08-21 10:30:00 EDT,42.85504,-77.84776,584,71.8,71.1,71.8,72.0,62.3,0.000,0.000,0.00,0.000,7.4,12.5,2.5,191,21,8.0,13.2,2.8,187,17,7.4,12.5,2.5,191,21,665,29.50,,0,0,0,70.0,71.4,70.6,0.29,0.28,0.28
YORK,2017-08-21 10:35:00 EDT,42.85504,-77.84776,584,71.7,71.0,71.7,71.2,61.9,0.000,0.000,0.00,0.000,8.3,13.7,2.5,200,14,8.9,15.5,2.7,196,11,8.3,13.7,2.5,200,14,611,29.50,,0,0,0,70.0,71.4,70.6,0.29,0.28,0.28
YORK,2017-08-21 10:40:00 EDT,42.85504,-77.84776,584,71.9,71.0,71.9,71.6,62.3,0.000,0.000,0.00,0.000,7.6,11.7,2.3,206,17,8.5,13.7,2.5,201,13,7.6,11.7,2.3,206,17,626,29.50,,0,0,0,70.1,71.4,70.6,0.29,0.28,0.28
YORK,2017-08-21 10:45:00 EDT,42.85504,-77.84776,584,71.9,71.1,71.9,72.0,62.3,0.000,0.000,0.00,0.000,7.6,11.3,2.0,202,16,8.3,12.5,2.1,200,12,7.6,11.3,2.0,202,16,616,29.50,,0,0,0,70.3,71.4,70.5,0.29,0.28,0.28
YORK,2017-08-21 10:50:00 EDT,42.85504,-77.84776,584,72.1,71.3,72.1,72.2,62.7,0.000,0.000,0.00,0.000,8.0,11.9,2.1,202,17,9.0,15.6,2.2,198,13,8.0,11.9,2.1,202,17,627,29.50,,0,0,0,70.3,71.4,70.5,0.29,0.28,0.28
YORK,2017-08-21 10:55:00 EDT,42.85504,-77.84776,584,72.6,71.7,72.6,72.3,63.2,0.000,0.000,0.00,0.000,8.0,12.7,2.2,182,18,8.7,14.1,2.5,179,14,8.0,12.7,2.2,182,18,635,29.50,,0,0,0,70.3,71.4,70.5,0.29,0.28,0.28
YORK,2017-08-21 11:00:00 EDT,42.85504,-77.84776,584,72.7,71.9,72.7,72.1,63.2,0.000,0.000,0.00,0.000,6.2,9.9,1.8,177,17,7.2,11.9,2.0,174,15,6.2,9.9,1.8,177,17,657,29.50,,0,0,0,70.3,71.4,70.5,0.29,0.28,0.28
YORK,2017-08-21 11:05:00 EDT,42.85504,-77.84776,584,73.6,72.7,73.6,71.6,63.9,0.000,0.000,0.00,0.000,6.7,14.0,3.1,178,16,7.7,15.9,3.4,175,15,6.7,14.0,3.1,178,16,658,29.50,,0,0,0,70.5,71.4,70.4,0.29,0.28,0.28
YORK,2017-08-21 11:10:00 EDT,42.85504,-77.84776,584,73.5,72.4,73.5,71.2,63.6,0.000,0.000,0.00,0.000,6.4,10.1,1.6,179,21,7.1,10.7,1.9,176,18,6.4,10.1,1.6,179,21,668,29.50,,0,0,0,70.7,71.4,70.5,0.29,0.28,0.28
YORK,2017-08-21 11:15:00 EDT,42.85504,-77.84776,584,73.6,72.8,73.6,71.3,63.7,0.000,0.000,0.00,0.000,5.3,9.9,1.9,166,20,6.0,11.1,2.1,163,17,5.3,9.9,1.9,166,20,686,29.50,,0,0,0,70.7,71.4,70.4,0.29,0.28,0.28
YORK,2017-08-21 11:20:00 EDT,42.85504,-77.84776,584,74.6,73.3,74.6,71.4,64.7,0.000,0.000,0.00,0.000,4.4,7.4,1.7,176,25,4.9,8.7,1.8,174,23,4.4,7.4,1.7,176,25,705,29.50,,0,0,0,70.7,71.4,70.4,0.29,0.28,0.28
YORK,2017-08-21 11:25:00 EDT,42.85504,-77.84776,584,75.2,74.0,75.2,69.9,64.7,0.000,0.000,0.00,0.000,3.7,7.2,1.8,171,26,4.2,7.5,1.8,169,24,3.7,7.2,1.8,171,26,678,29.49,,0,0,0,70.7,71.4,70.4,0.29,0.28,0.28
YORK,2017-08-21 11:30:00 EDT,42.85504,-77.84776,584,75.4,74.3,75.4,69.6,64.8,0.000,0.000,0.00,0.000,3.8,6.9,1.3,189,22,4.5,7.5,1.4,186,19,3.8,6.9,1.3,189,22,668,29.49,,0,0,0,70.9,71.4,70.4,0.29,0.28,0.28
YORK,2017-08-21 11:35:00 EDT,42.85504,-77.84776,584,75.5,74.6,75.5,69.5,64.9,0.000,0.000,0.00,0.000,4.5,9.3,2.2,180,23,5.2,10.2,2.3,175,24,4.5,9.3,2.2,180,23,700,29.49,,0,0,0,71.1,71.4,70.4,0.29,0.28,0.28
YORK,2017-08-21 11:40:00 EDT,42.85504,-77.84776,584,75.8,74.7,75.8,68.5,64.7,0.000,0.000,0.00,0.000,4.9,7.7,1.8,196,19,5.5,8.5,1.8,195,20,4.9,7.7,1.8,196,19,707,29.49,,0,0,0,71.1,71.4,70.4,0.29,0.28,0.28
YORK,2017-08-21 11:45:00 EDT,42.85504,-77.84776,584,76.3,75.3,76.3,68.7,65.3,0.000,0.000,0.00,0.000,6.0,10.2,1.8,181,19,6.5,11.5,2.1,179,18,6.0,10.2,1.8,181,19,707,29.49,,0,0,0,71.2,71.4,70.4,0.29,0.28,0.28
YORK,2017-08-21 11:50:00 EDT,42.85504,-77.84776,584,76.8,75.8,76.8,67.8,65.4,0.000,0.000,0.00,0.000,4.6,9.1,1.6,190,21,5.2,9.4,1.7,187,19,4.6,9.1,1.6,190,21,706,29.49,,0,0,0,71.4,71.4,70.3,0.29,0.28,0.28
YORK,2017-08-21 11:55:00 EDT,42.85504,-77.84776,584,76.8,75.5,76.8,67.3,65.1,0.000,0.000,0.00,0.000,4.9,8.4,1.7,169,19,5.5,9.3,1.8,165,19,4.9,8.4,1.7,169,19,713,29.49,,0,0,0,71.4,71.4,70.3,0.29,0.28,0.28
YORK,2017-08-21 12:00:00 EDT,42.85504,-77.84776,584,77.0,75.8,77.0,67.6,65.4,0.000,0.000,0.00,0.000,4.2,7.2,1.6,163,20,4.7,8.1,1.7,162,20,4.2,7.2,1.6,163,20,727,29.49,,0,0,0,71.4,71.4,70.4,0.29,0.28,0.28
YORK,2017-08-21 12:05:00 EDT,42.85504,-77.84776,584,77.3,75.9,77.3,67.4,65.7,0.000,0.000,0.00,0.000,5.3,8.6,1.5,154,19,5.9,9.4,1.6,152,15,5.3,8.6,1.5,154,19,728,29.49,,0,0,0,71.4,71.4,70.3,0.29,0.28,0.28
YORK,2017-08-21 12:10:00 EDT,42.85504,-77.84776,584,77.8,76.4,77.8,68.2,66.5,0.000,0.000,0.00,0.000,4.1,7.1,1.3,182,25,4.8,8.0,1.4,180,24,4.1,7.1,1.3,182,25,732,29.49,,0,0,0,71.4,71.4,70.3,0.29,0.28,0.28
YORK,2017-08-21 12:15:00 EDT,42.85504,-77.84776,584,77.9,76.9,77.9,67.8,66.3,0.000,0.000,0.00,0.000,4.9,8.7,1.4,180,20,5.5,9.1,1.5,176,20,4.9,8.7,1.4,180,20,736,29.48,,0,0,0,71.7,71.4,70.3,0.29,0.28,0.28
YORK,2017-08-21 12:20:00 EDT,42.85504,-77.84776,584,78.9,77.5,78.9,67.5,67.2,0.000,0.000,0.00,0.000,3.9,7.3,1.5,174,21,4.3,8.0,1.6,172,18,3.9,7.3,1.5,174,21,738,29.48,,0,0,0,71.8,71.4,70.4,0.29,0.28,0.28
YORK,2017-08-21 12:25:00 EDT,42.85504,-77.84776,584,78.8,77.7,78.8,66.6,66.7,0.000,0.000,0.00,0.000,4.8,7.7,1.2,185,25,5.3,8.3,1.4,181,24,4.8,7.7,1.2,185,25,744,29.48,,0,0,0,71.8,71.4,70.3,0.29,0.28,0.28
YORK,2017-08-21 12:30:00 EDT,42.85504,-77.84776,584,79.6,78.3,79.6,67.3,67.8,0.000,0.000,0.00,0.000,3.8,6.6,1.4,190,19,4.5,7.6,1.5,186,15,3.8,6.6,1.4,190,19,748,29.47,,0,0,0,71.8,71.4,70.3,0.29,0.28,0.28
YORK,2017-08-21 12:35:00 EDT,42.85504,-77.84776,584,79.4,78.1,79.4,66.1,67.1,0.000,0.000,0.00,0.000,5.0,9.0,1.7,173,19,5.8,10.6,1.8,169,16,5.0,9.0,1.7,173,19,755,29.47,,0,0,0,72.3,71.4,70.3,0.29,0.28,0.28
YORK,2017-08-21 12:40:00 EDT,42.85504,-77.84776,584,79.8,78.4,79.8,66.7,67.8,0.000,0.000,0.00,0.000,5.5,9.2,1.4,183,23,6.1,9.9,1.7,178,21,5.5,9.2,1.4,183,23,751,29.47,,0,0,0,72.3,71.4,70.3,0.29,0.28,0.28
YORK,2017-08-21 12:45:00 EDT,42.85504,-77.84776,584,80.2,78.9,82.8,66.7,68.1,0.000,0.000,0.00,0.000,5.0,8.5,1.9,199,26,5.7,9.0,1.7,196,25,5.0,8.5,1.9,199,26,746,29.47,,0,0,0,72.3,71.4,70.3,0.29,0.28,0.27
YORK,2017-08-21 12:50:00 EDT,42.85504,-77.84776,584,80.7,79.4,83.5,65.7,68.2,0.000,0.000,0.00,0.000,4.6,8.3,2.0,154,21,5.0,10.0,2.2,149,19,4.6,8.3,2.0,154,21,750,29.47,,0,0,0,72.5,71.4,70.3,0.29,0.28,0.28
YORK,2017-08-21 12:55:00 EDT,42.85504,-77.84776,584,81.0,79.8,84.0,66.2,68.7,0.000,0.000,0.00,0.000,3.5,8.3,1.4,173,28,3.9,10.1,1.6,170,27,3.5,8.3,1.4,173,28,759,29.47,,0,0,0,72.7,71.4,70.3,0.29,0.28,0.28
YORK,2017-08-21 13:00:00 EDT,42.85504,-77.84776,584,81.3,79.7,84.3,65.3,68.5,0.000,0.000,0.00,0.000,4.6,8.4,1.4,150,18,5.0,9.1,1.5,146,17,4.6,8.4,1.4,150,18,764,29.47,,0,0,0,72.7,71.4,70.3,0.29,0.28,0.28
YORK,2017-08-21 13:05:00 EDT,42.85504,-77.84776,584,81.3,80.0,84.3,65.5,68.6,0.000,0.000,0.00,0.000,3.3,6.6,1.6,172,22,4.0,7.5,1.7,169,23,3.3,6.6,1.6,172,22,765,29.47,,0,0,0,72.9,71.4,70.3,0.29,0.28,0.28
YORK,2017-08-21 13:10:00 EDT,42.85504,-77.84776,584,81.6,80.5,84.9,65.4,68.9,0.000,0.000,0.00,0.000,3.7,6.2,1.4,167,23,4.3,7.6,1.6,164,21,3.7,6.2,1.4,167,23,767,29.47,,0,0,0,73.0,71.4,70.3,0.29,0.28,0.28
YORK,2017-08-21 13:15:00 EDT,42.85504,-77.84776,584,81.6,80.4,84.8,65.0,68.7,0.000,0.000,0.00,0.000,4.0,6.6,1.3,178,18,4.5,7.2,1.4,174,16,4.0,6.6,1.3,178,18,778,29.47,,0,0,0,73.0,71.4,70.3,0.29,0.28,0.28
YORK,2017-08-21 13:20:00 EDT,42.85504,-77.84776,584,82.0,80.7,85.2,64.1,68.7,0.000,0.000,0.00,0.000,2.9,6.1,1.3,149,25,3.3,6.1,1.5,146,26,2.9,6.1,1.3,149,25,715,29.46,,0,0,0,73.2,71.4,70.3,0.29,0.28,0.28
YORK,2017-08-21 13:25:00 EDT,42.85504,-77.84776,584,82.1,80.7,85.4,64.5,68.9,0.000,0.000,0.00,0.000,4.1,6.7,1.1,147,18,4.4,7.5,1.1,143,18,4.1,6.7,1.1,147,18,677,29.46,,0,0,0,73.4,71.4,70.3,0.29,0.28,0.28
YORK,2017-08-21 13:30:00 EDT,42.85504,-77.84776,584,82.5,81.0,86.4,65.4,69.8,0.000,0.000,0.00,0.000,3.5,5.7,1.2,141,19,4.0,7.5,1.2,136,18,3.5,5.7,1.2,141,19,530,29.46,,0,0,0,73.4,71.4,70.3,0.29,0.28,0.27
YORK,2017-08-21 13:35:00 EDT,42.85504,-77.84776,584,81.6,80.8,84.9,65.8,69.1,0.000,0.000,0.00,0.000,4.5,6.5,1.0,180,19,4.9,7.2,1.1,176,17,4.5,6.5,1.0,180,19,623,29.46,,0,0,0,73.6,71.4,70.3,0.29,0.28,0.28
YORK,2017-08-21 13:40:00 EDT,42.85504,-77.84776,584,82.7,81.6,86.7,65.6,70.0,0.000,0.000,0.00,0.000,3.1,6.5,1.2,164,15,3.5,7.2,1.3,162,15,3.1,6.5,1.2,164,15,681,29.46,,0,0,0,73.9,71.4,70.3,0.29,0.28,0.28
YORK,2017-08-21 13:45:00 EDT,42.85504,-77.84776,584,81.9,81.2,85.0,63.8,68.4,0.000,0.000,0.00,0.000,2.8,4.9,0.8,163,16,3.2,5.1,0.9,161,16,2.8,4.9,0.8,163,16,381,29.46,,0,0,0,73.9,71.4,70.3,0.29,0.28,0.28
YORK,2017-08-21 13:50:00 EDT,42.85504,-77.84776,584,82.1,81.4,85.7,65.4,69.4,0.000,0.000,0.00,0.000,3.2,4.3,0.7,152,18,3.4,5.0,0.9,149,19,3.2,4.3,0.7,152,18,377,29.46,,0,0,0,73.9,71.4,70.3,0.29,0.28,0.27
YORK,2017-08-21 13:55:00 EDT,42.85504,-77.84776,584,81.7,81.1,85.2,66.3,69.4,0.000,0.000,0.00,0.000,2.2,4.0,1.0,141,25,2.6,4.5,1.0,139,24,2.2,4.0,1.0,141,25,413,29.46,,0,0,0,73.9,71.4,70.3,0.29,0.28,0.27
YORK,2017-08-21 14:00:00 EDT,42.85504,-77.84776,584,81.8,81.2,85.3,66.6,69.5,0.000,0.000,0.00,0.000,2.8,4.3,0.8,142,15,3.0,5.1,0.8,139,15,2.8,4.3,0.8,142,15,346,29.46,,0,0,0,74.2,71.4,70.3,0.29,0.28,0.28
YORK,2017-08-21 14:05:00 EDT,42.85504,-77.84776,584,81.8,81.3,85.2,65.5,69.1,0.000,0.000,0.00,0.000,2.8,4.8,0.9,190,21,3.1,5.8,1.1,187,21,2.8,4.8,0.9,190,21,387,29.46,,0,0,0,74.3,71.4,70.3,0.29,0.28,0.28
YORK,2017-08-21 14:10:00 EDT,42.85504,-77.84776,584,81.9,81.2,85.6,67.1,69.9,0.000,0.000,0.00,0.000,2.9,5.1,1.0,151,24,3.1,5.3,0.9,149,23,2.9,5.1,1.0,151,24,382,29.45,,0,0,0,74.3,71.4,70.3,0.29,0.28,0.28
YORK,2017-08-21 14:15:00 EDT,42.85504,-77.84776,584,81.4,80.8,84.9,67.7,69.7,0.000,0.000,0.00,0.000,2.7,4.7,1.2,144,20,2.9,5.3,1.1,143,24,2.7,4.7,1.2,144,20,314,29.46,,0,0,0,74.3,71.4,70.3,0.29,0.28,0.28
YORK,2017-08-21 14:20:00 EDT,42.85504,-77.84776,584,80.9,80.6,84.4,69.9,70.1,0.000,0.000,0.00,0.000,2.4,4.7,1.0,202,26,2.7,5.5,1.1,202,26,2.4,4.7,1.0,202,26,253,29.46,,0,0,0,74.3,71.4,70.3,0.29,0.28,0.28
YORK,2017-08-21 14:25:00 EDT,42.85504,-77.84776,584,80.7,80.6,84.0,69.8,69.9,0.000,0.000,0.00,0.000,2.9,3.8,0.6,209,18,3.0,4.6,0.8,205,17,2.9,3.8,0.6,209,18,171,29.46,,0,0,0,74.5,71.4,70.3,0.29,0.28,0.27
YORK,2017-08-21 14:30:00 EDT,42.85504,-77.84776,584,80.5,80.8,83.8,70.3,69.9,0.000,0.000,0.00,0.000,2.9,3.9,0.6,168,13,3.2,4.9,0.7,167,13,2.9,3.9,0.6,168,13,176,29.46,,0,0,0,74.6,71.4,70.3,0.29,0.28,0.28
YORK,2017-08-21 14:35:00 EDT,42.85504,-77.84776,584,80.8,80.8,84.3,70.2,70.1,0.000,0.000,0.00,0.000,1.0,2.6,0.5,166,23,1.1,3.1,0.7,159,20,1.0,2.6,0.5,166,23,181,29.46,,0,0,0,74.6,71.4,70.3,0.29,0.28,0.28
YORK,2017-08-21 14:40:00 EDT,42.85504,-77.84776,584,80.5,80.2,84.1,72.0,70.7,0.000,0.000,0.00,0.000,1.0,2.8,1.0,49,23,1.1,3.0,0.8,50,29,1.0,2.8,1.0,49,23,195,29.46,,0,0,0,74.7,71.4,70.3,0.29,0.28,0.28
YORK,2017-08-21 14:45:00 EDT,42.85504,-77.84776,584,80.8,80.2,84.9,73.9,71.7,0.000,0.000,0.00,0.000,2.9,4.0,0.5,80,15,3.3,4.6,0.7,75,15,2.9,4.0,0.5,80,15,222,29.45,,0,0,0,74.7,71.5,70.3,0.29,0.28,0.28
YORK,2017-08-21 14:50:00 EDT,42.85504,-77.84776,584,80.9,80.4,85.2,73.7,71.8,0.000,0.000,0.00,0.000,2.9,4.4,0.8,106,9,3.2,5.1,0.9,103,9,2.9,4.4,0.8,106,9,239,29.45,,0,0,0,74.7,71.7,70.3,0.29,0.28,0.28
YORK,2017-08-21 14:55:00 EDT,42.85504,-77.84776,584,80.9,80.5,85.0,73.4,71.6,0.000,0.000,0.00,0.000,0.5,1.5,0.4,11,45,1.0,2.1,0.5,351,43,0.5,1.5,0.4,11,45,241,29.45,,0,0,0,74.7,71.7,70.3,0.29,0.28,0.27
YORK,2017-08-21 15:00:00 EDT,42.85504,-77.84776,584,81.0,80.7,84.6,69.5,70.1,0.000,0.000,0.00,0.000,1.4,2.3,0.7,36,32,1.7,2.7,0.6,27,31,1.4,2.3,0.7,36,32,304,29.45,,0,0,0,74.7,71.8,70.3,0.29,0.28,0.28
YORK,2017-08-21 15:05:00 EDT,42.85504,-77.84776,584,81.7,80.7,86.0,70.6,71.2,0.000,0.000,0.00,0.000,1.7,2.3,0.3,62,17,1.9,3.3,0.5,58,16,1.7,2.3,0.3,62,17,331,29.45,,0,0,0,74.7,71.8,70.3,0.29,0.28,0.28
YORK,2017-08-21 15:10:00 EDT,42.85504,-77.84776,584,82.2,81.0,86.9,70.7,71.7,0.000,0.000,0.00,0.000,1.6,2.6,0.6,70,20,1.9,3.3,0.6,64,21,1.6,2.6,0.6,70,20,372,29.45,,0,0,0,74.7,71.8,70.3,0.29,0.28,0.27
YORK,2017-08-21 15:15:00 EDT,42.85504,-77.84776,584,82.4,81.5,86.8,68.8,71.1,0.000,0.000,0.00,0.000,1.6,3.1,0.7,118,14,1.9,4.0,0.8,114,15,1.6,3.1,0.7,118,14,416,29.44,,0,0,0,74.7,71.8,70.3,0.29,0.28,0.28
YORK,2017-08-21 15:20:00 EDT,42.85504,-77.84776,584,82.6,81.5,87.2,68.1,71.0,0.000,0.000,0.00,0.000,0.7,2.8,0.8,93,26,1.1,3.2,0.9,81,42,0.7,2.8,0.8,93,26,452,29.44,,0,0,0,74.7,71.8,70.3,0.29,0.28,0.27
YORK,2017-08-21 15:25:00 EDT,42.85504,-77.84776,584,82.7,81.7,86.9,66.0,70.2,0.000,0.000,0.00,0.000,1.2,3.2,0.5,104,34,1.4,3.4,0.6,104,32,1.2,3.2,0.5,104,34,456,29.44,,0,0,0,74.7,71.8,70.3,0.29,0.28,0.27
YORK,2017-08-21 15:30:00 EDT,42.85504,-77.84776,584,83.2,82.3,87.7,66.4,70.8,0.000,0.000,0.00,0.000,1.8,5.7,1.2,326,30,2.1,6.6,1.4,324,26,1.8,5.7,1.2,326,30,528,29.44,,0,0,0,74.7,71.8,70.3,0.29,0.28,0.27
YORK,2017-08-21 15:35:00 EDT,42.85504,-77.84776,584,82.8,82.2,86.9,65.2,69.9,0.000,0.000,0.00,0.000,5.3,10.7,1.9,263,23,5.8,11.3,2.1,261,21,5.3,10.7,1.9,263,23,580,29.45,,0,0,0,74.7,71.8,70.3,0.29,0.28,0.28
YORK,2017-08-21 15:40:00 EDT,42.85504,-77.84776,584,83.3,82.5,87.0,62.6,69.2,0.000,0.000,0.00,0.000,4.1,6.6,1.0,279,18,4.7,8.1,1.1,278,18,4.1,6.6,1.0,279,18,590,29.45,,0,0,0,74.7,71.8,70.3,0.29,0.28,0.27
YORK,2017-08-21 15:45:00 EDT,42.85504,-77.84776,584,83.7,82.7,87.4,61.6,69.1,0.000,0.000,0.00,0.000,5.7,8.8,1.6,282,14,6.4,10.2,1.8,280,12,5.7,8.8,1.6,282,14,607,29.45,,0,0,0,74.7,71.8,70.3,0.29,0.28,0.27
YORK,2017-08-21 15:50:00 EDT,42.85504,-77.84776,584,83.3,82.5,86.8,61.7,68.8,0.000,0.000,0.00,0.000,4.7,7.1,0.9,254,14,5.2,7.9,1.0,253,14,4.7,7.1,0.9,254,14,609,29.45,,0,0,0,74.7,71.8,70.3,0.29,0.28,0.27
YORK,2017-08-21 15:55:00 EDT,42.85504,-77.84776,584,83.8,82.8,87.9,62.7,69.7,0.000,0.000,0.00,0.000,6.0,9.8,1.7,287,15,6.7,10.9,1.8,285,13,6.0,9.8,1.7,287,15,630,29.45,,0,0,0,74.7,71.8,70.3,0.29,0.28,0.27
YORK,2017-08-21 16:00:00 EDT,42.85504,-77.84776,584,83.2,82.6,86.4,60.4,68.1,0.000,0.000,0.00,0.000,7.5,9.9,1.3,276,13,8.3,11.7,1.5,274,12,7.5,9.9,1.3,276,13,603,29.44,,0,0,0,74.7,71.8,70.3,0.29,0.28,0.27
YORK,2017-08-21 16:05:00 EDT,42.85504,-77.84776,584,83.7,82.7,87.3,61.4,69.0,0.000,0.000,0.00,0.000,5.9,10.1,1.8,278,15,6.6,11.6,1.9,276,12,5.9,10.1,1.8,278,15,592,29.44,,0,0,0,74.9,71.8,70.3,0.29,0.28,0.28
YORK,2017-08-21 16:10:00 EDT,42.85504,-77.84776,584,83.7,82.8,87.3,60.6,68.7,0.000,0.000,0.00,0.000,6.5,8.9,1.2,284,11,7.1,9.8,1.3,281,11,6.5,8.9,1.2,284,11,582,29.44,,0,0,0,75.0,71.8,70.3,0.29,0.28,0.27
YORK,2017-08-21 16:15:00 EDT,42.85504,-77.84776,584,83.7,82.9,87.4,61.7,69.1,0.000,0.000,0.00,0.000,5.7,10.2,1.4,272,13,6.3,11.3,1.5,269,13,5.7,10.2,1.4,272,13,577,29.44,,0,0,0,75.0,71.9,70.3,0.29,0.28,0.27
YORK,2017-08-21 16:20:00 EDT,42.85504,-77.84776,584,83.6,82.8,87.5,62.3,69.4,0.000,0.000,0.00,0.000,6.3,9.8,1.5,287,12,6.9,11.2,1.5,287,11,6.3,9.8,1.5,287,12,443,29.44,,0,0,0,75.0,72.1,70.3,0.29,0.28,0.27
YORK,2017-08-21 16:25:00 EDT,42.85504,-77.84776,584,83.3,82.7,86.8,61.6,68.7,0.000,0.000,0.00,0.000,5.4,9.2,1.9,274,16,6.0,10.8,2.1,271,15,5.4,9.2,1.9,274,16,464,29.44,,0,0,0,75.0,72.3,70.3,0.29,0.28,0.28
YORK,2017-08-21 16:30:00 EDT,42.85504,-77.84776,584,83.4,82.7,87.1,62.0,69.0,0.000,0.000,0.00,0.000,5.2,7.1,0.9,267,19,5.7,8.0,1.0,265,17,5.2,7.1,0.9,267,19,429,29.44,,0,0,0,75.0,72.3,70.3,0.29,0.28,0.27
YORK,2017-08-21 16:35:00 EDT,42.85504,-77.84776,584,83.1,82.6,87.0,63.8,69.6,0.000,0.000,0.00,0.000,3.6,6.6,1.2,262,13,4.1,8.0,1.1,260,14,3.6,6.6,1.2,262,13,559,29.44,,0,0,0,75.0,72.3,70.3,0.29,0.28,0.27
YORK,2017-08-21 16:40:00 EDT,42.85504,-77.84776,584,83.3,82.7,87.1,63.1,69.4,0.000,0.000,0.00,0.000,5.5,8.8,1.4,254,12,6.0,9.2,1.5,253,12,5.5,8.8,1.4,254,12,394,29.44,,0,0,0,75.1,72.3,70.3,0.29,0.28,0.28
YORK,2017-08-21 16:45:00 EDT,42.85504,-77.84776,584,83.1,82.6,87.0,63.4,69.4,0.000,0.000,0.00,0.000,4.5,7.1,1.2,255,14,4.9,7.8,1.3,253,14,4.5,7.1,1.2,255,14,524,29.44,,0,0,0,75.4,72.3,70.3,0.28,0.28,0.27
YORK,2017-08-21 16:50:00 EDT,42.85504,-77.84776,584,83.5,82.7,87.3,62.6,69.4,0.000,0.000,0.00,0.000,4.9,7.9,1.3,294,12,5.4,8.4,1.4,292,11,4.9,7.9,1.3,294,12,309,29.44,,0,0,0,75.6,72.3,70.3,0.28,0.28,0.28
YORK,2017-08-21 16:55:00 EDT,42.85504,-77.84776,584,83.1,82.5,86.7,62.6,69.0,0.000,0.000,0.00,0.000,4.8,8.3,1.4,283,18,5.3,8.9,1.5,282,16,4.8,8.3,1.4,283,18,465,29.44,,0,0,0,75.6,72.3,70.3,0.28,0.28,0.27
YORK,2017-08-21 17:00:00 EDT,42.85504,-77.84776,584,83.0,82.6,86.3,62.1,68.7,0.000,0.000,0.00,0.000,3.5,6.2,1.3,303,21,3.8,6.6,1.3,302,21,3.5,6.2,1.3,303,21,320,29.44,,0,0,0,75.6,72.3,70.3,0.28,0.28,0.27
YORK,2017-08-21 17:05:00 EDT,42.85504,-77.84776,584,82.8,82.1,86.7,64.7,69.7,0.000,0.000,0.00,0.000,2.7,4.5,0.9,314,17,2.7,5.0,0.9,312,15,2.7,4.5,0.9,314,17,257,29.43,,0,0,0,75.6,72.3,70.3,0.28,0.28,0.27
YORK,2017-08-21 17:10:00 EDT,42.85504,-77.84776,584,82.0,81.7,85.5,65.4,69.3,0.000,0.000,0.00,0.000,3.7,5.1,0.9,287,21,4.0,5.6,1.1,285,21,3.7,5.1,0.9,287,21,149,29.43,,0,0,0,75.6,72.3,70.3,0.28,0.28,0.27
YORK,2017-08-21 17:15:00 EDT,42.85504,-77.84776,584,81.9,81.9,85.1,65.0,68.9,0.000,0.000,0.00,0.000,3.1,4.3,0.9,270,14,3.5,5.1,1.0,269,14,3.1,4.3,0.9,270,14,213,29.43,,0,0,0,75.6,72.3,70.3,0.28,0.28,0.27
YORK,2017-08-21 17:20:00 EDT,42.85504,-77.84776,584,82.2,81.9,86.2,66.9,70.1,0.000,0.000,0.00,0.000,2.6,3.9,0.5,288,12,3.0,4.6,0.6,287,11,2.6,3.9,0.5,288,12,345,29.43,,0,0,0,75.6,72.3,70.3,0.28,0.28,0.27
YORK,2017-08-21 17:25:00 EDT,42.85504,-77.84776,584,83.1,82.6,87.2,64.6,69.9,0.000,0.000,0.00,0.000,3.9,6.6,1.4,270,19,4.4,7.5,1.5,268,17,3.9,6.6,1.4,270,19,395,29.43,,0,0,0,75.6,72.3,70.3,0.28,0.28,0.27
YORK,2017-08-21 17:30:00 EDT,42.85504,-77.84776,584,83.0,82.6,86.7,63.8,69.5,0.000,0.000,0.00,0.000,3.5,5.3,0.8,258,16,3.8,6.1,1.0,256,15,3.5,5.3,0.8,258,16,375,29.43,,0,0,0,75.6,72.3,70.3,0.29,0.28,0.27
YORK,2017-08-21 17:35:00 EDT,42.85504,-77.84776,584,82.9,82.7,86.3,62.1,68.6,0.000,0.000,0.00,0.000,5.1,7.5,1.2,265,13,5.6,8.4,1.4,264,13,5.1,7.5,1.2,265,13,357,29.43,,0,0,0,75.6,72.3,70.3,0.28,0.28,0.27
YORK,2017-08-21 17:40:00 EDT,42.85504,-77.84776,584,83.1,82.7,86.5,62.3,68.8,0.000,0.000,0.00,0.000,4.8,6.6,0.9,288,14,5.4,7.6,1.0,287,13,4.8,6.6,0.9,288,14,340,29.43,,0,0,0,75.6,72.3,70.3,0.28,0.28,0.27
YORK,2017-08-21 17:45:00 EDT,42.85504,-77.84776,584,83.0,82.6,86.7,63.1,69.2,0.000,0.000,0.00,0.000,3.6,6.4,0.9,268,16,4.0,7.1,1.0,267,13,3.6,6.4,0.9,268,16,327,29.43,,0,0,0,75.6,72.3,70.3,0.28,0.28,0.27
YORK,2017-08-21 17:50:00 EDT,42.85504,-77.84776,584,82.8,82.7,86.1,61.9,68.4,0.000,0.000,0.00,0.000,3.7,5.7,0.8,252,16,4.0,6.3,0.9,251,17,3.7,5.7,0.8,252,16,312,29.43,,0,0,0,75.6,72.3,70.3,0.28,0.28,0.27
YORK,2017-08-21 17:55:00 EDT,42.85504,-77.84776,584,82.8,82.7,86.4,63.2,69.1,0.000,0.000,0.00,0.000,4.0,6.6,0.8,276,22,4.5,7.5,1.0,275,21,4.0,6.6,0.8,276,22,298,29.43,,0,0,0,75.6,72.3,70.3,0.28,0.28,0.27
YORK,2017-08-21 18:00:00 EDT,42.85504,-77.84776,584,82.9,82.6,86.3,62.5,68.7,0.000,0.000,0.00,0.000,4.5,6.1,0.9,281,12,5.1,7.2,1.0,279,11,4.5,6.1,0.9,281,12,285,29.43,,0,0,0,75.6,72.4,70.3,0.28,0.28,0.27
YORK,2017-08-21 18:05:00 EDT,42.85504,-77.84776,584,82.7,82.6,86.3,63.7,69.2,0.000,0.000,0.00,0.000,3.3,5.4,0.9,284,16,3.8,6.5,1.0,282,14,3.3,5.4,0.9,284,16,267,29.43,,0,0,0,75.6,72.6,70.3,0.28,0.28,0.27
YORK,2017-08-21 18:10:00 EDT,42.85504,-77.84776,584,82.6,82.5,86.1,63.6,69.0,0.000,0.000,0.00,0.000,4.1,6.7,0.9,276,10,4.6,7.3,1.0,274,10,4.1,6.7,0.9,276,10,256,29.42,,0,0,0,75.6,72.7,70.3,0.28,0.28,0.27
YORK,2017-08-21 18:15:00 EDT,42.85504,-77.84776,584,82.4,82.4,85.9,63.9,69.0,0.000,0.000,0.00,0.000,3.7,6.4,1.4,285,16,4.2,6.8,1.5,283,14,3.7,6.4,1.4,285,16,243,29.42,,0,0,0,75.6,72.7,70.3,0.28,0.28,0.27
YORK,2017-08-21 18:20:00 EDT,42.85504,-77.84776,584,82.2,82.2,85.7,64.7,69.2,0.000,0.000,0.00,0.000,2.5,4.7,1.0,270,15,2.8,5.2,1.1,269,16,2.5,4.7,1.0,270,15,228,29.42,,0,0,0,75.6,72.7,70.3,0.28,0.28,0.27
YORK,2017-08-21 18:25:00 EDT,42.85504,-77.84776,584,82.2,82.3,85.6,64.2,68.9,0.000,0.000,0.00,0.000,2.5,3.3,0.5,264,14,2.8,3.8,0.5,263,16,2.5,3.3,0.5,264,14,217,29.42,,0,0,0,75.6,72.7,70.3,0.28,0.28,0.27
YORK,2017-08-21 18:30:00 EDT,42.85504,-77.84776,584,82.2,82.3,85.6,64.7,69.1,0.000,0.000,0.00,0.000,2.1,3.6,0.6,252,14,2.4,4.8,0.7,249,14,2.1,3.6,0.6,252,14,206,29.42,,0,0,0,75.6,72.7,70.3,0.28,0.28,0.27
YORK,2017-08-21 18:35:00 EDT,42.85504,-77.84776,584,81.9,82.1,85.5,66.4,69.6,0.000,0.000,0.00,0.000,2.2,3.4,0.6,267,14,2.6,4.1,0.6,267,14,2.2,3.4,0.6,267,14,191,29.42,,0,0,0,75.6,72.7,70.3,0.28,0.28,0.27
YORK,2017-08-21 18:40:00 EDT,42.85504,-77.84776,584,81.7,81.9,85.1,66.2,69.3,0.000,0.000,0.00,0.000,2.2,3.7,0.6,273,11,2.6,4.3,0.6,273,12,2.2,3.7,0.6,273,11,177,29.42,,0,0,0,75.6,72.7,70.3,0.28,0.28,0.27
YORK,2017-08-21 18:45:00 EDT,42.85504,-77.84776,584,81.4,81.9,84.7,66.4,69.2,0.000,0.000,0.00,0.000,2.2,3.3,0.5,259,8,2.5,3.8,0.6,256,10,2.2,3.3,0.5,259,8,160,29.42,,0,0,0,75.6,72.7,70.3,0.28,0.28,0.27
YORK,2017-08-21 18:50:00 EDT,42.85504,-77.84776,584,81.0,81.9,84.4,68.4,69.7,0.000,0.000,0.00,0.000,2.2,3.0,0.3,251,7,2.4,3.0,0.3,247,8,2.2,3.0,0.3,251,7,144,29.42,,0,0,0,75.6,72.7,70.3,0.28,0.28,0.27
YORK,2017-08-21 18:55:00 EDT,42.85504,-77.84776,584,80.5,81.6,83.8,70.3,70.0,0.000,0.000,0.00,0.000,1.6,2.1,0.3,251,8,1.8,3.1,0.3,246,10,1.6,2.1,0.3,251,8,118,29.42,,0,0,0,75.6,72.7,70.3,0.28,0.28,0.27
YORK,2017-08-21 19:00:00 EDT,42.85504,-77.84776,584,80.0,81.3,80.0,72.0,70.1,0.000,0.000,0.00,0.000,1.5,2.4,0.3,237,12,1.6,2.8,0.4,231,12,1.5,2.4,0.3,237,12,117,29.42,,0,0,0,75.6,72.7,70.3,0.28,0.28,0.27
YORK,2017-08-21 19:05:00 EDT,42.85504,-77.84776,584,79.2,81.2,79.2,73.2,69.8,0.000,0.000,0.00,0.000,1.4,2.3,0.3,223,5,1.5,2.3,0.3,219,5,1.4,2.3,0.3,223,5,101,29.42,,0,0,0,75.6,72.7,70.3,0.28,0.28,0.27
YORK,2017-08-21 19:10:00 EDT,42.85504,-77.84776,584,78.6,81.0,78.6,76.5,70.5,0.000,0.000,0.00,0.000,1.8,2.1,0.2,217,6,1.8,2.2,0.2,214,5,1.8,2.1,0.2,217,6,83,29.42,,0,0,0,75.6,72.7,70.3,0.28,0.28,0.27
YORK,2017-08-21 19:15:00 EDT,42.85504,-77.84776,584,77.7,80.6,77.7,79.4,70.8,0.000,0.000,0.00,0.000,1.6,2.6,0.4,216,13,1.7,3.4,0.5,213,12,1.6,2.6,0.4,216,13,64,29.42,,0,0,0,75.6,72.7,70.3,0.29,0.28,0.27
YORK,2017-08-21 19:20:00 EDT,42.85504,-77.84776,584,76.8,80.4,76.8,82.1,70.9,0.000,0.000,0.00,0.000,1.6,2.3,0.3,244,7,1.7,2.5,0.3,241,9,1.6,2.3,0.3,244,7,55,29.42,,0,0,0,75.6,72.7,70.3,0.28,0.28,0.27
YORK,2017-08-21 19:25:00 EDT,42.85504,-77.84776,584,75.9,80.3,75.9,83.8,70.6,0.000,0.000,0.00,0.000,1.9,2.1,0.2,253,3,2.1,2.5,0.2,248,5,1.9,2.1,0.2,253,3,47,29.42,,0,0,0,75.6,72.7,70.3,0.28,0.28,0.27
YORK,2017-08-21 19:30:00 EDT,42.85504,-77.84776,584,75.6,79.1,75.6,83.5,70.3,0.000,0.000,0.00,0.000,2.3,2.9,0.3,282,15,2.5,3.3,0.4,281,17,2.3,2.9,0.3,282,15,47,29.42,,0,0,0,75.5,72.7,70.3,0.28,0.28,0.27
YORK,2017-08-21 19:35:00 EDT,42.85504,-77.84776,584,75.0,78.1,75.0,84.9,70.1,0.000,0.000,0.00,0.000,2.5,3.0,0.2,290,5,2.8,3.4,0.2,291,5,2.5,3.0,0.2,290,5,38,29.42,,0,0,0,75.4,72.7,70.3,0.28,0.28,0.27
YORK,2017-08-21 19:40:00 EDT,42.85504,-77.84776,584,74.5,78.2,74.5,86.3,70.1,0.000,0.000,0.00,0.000,2.4,2.9,0.2,292,7,2.7,3.2,0.2,292,8,2.4,2.9,0.2,292,7,31,29.42,,0,0,0,75.1,72.7,70.3,0.28,0.28,0.27
YORK,2017-08-21 19:45:00 EDT,42.85504,-77.84776,584,74.0,77.7,74.0,87.7,70.1,0.000,0.000,0.00,0.000,1.9,2.2,0.2,269,5,2.2,2.9,0.3,269,8,1.9,2.2,0.2,269,5,24,29.42,,0,0,0,75.0,72.7,70.3,0.29,0.28,0.27
YORK,2017-08-21 19:50:00 EDT,42.85504,-77.84776,584,73.5,75.9,73.5,88.8,70.0,0.000,0.000,0.00,0.000,0.3,0.9,0.4,245,0,0.5,1.3,0.5,238,15,0.3,0.9,0.4,245,0,17,29.42,,0,0,0,75.0,72.8,70.3,0.29,0.28,0.27
YORK,2017-08-21 19:55:00 EDT,42.85504,-77.84776,584,72.8,75.8,72.8,89.7,69.6,0.000,0.000,0.00,0.000,1.7,3.1,0.7,274,13,2.0,3.6,0.7,275,10,1.7,3.1,0.7,274,13,11,29.42,,0,0,0,75.0,72.9,70.3,0.28,0.28,0.27
YORK,2017-08-21 20:00:00 EDT,42.85504,-77.84776,584,72.5,76.3,72.5,90.5,69.6,0.000,0.000,0.00,0.000,3.3,3.7,0.2,298,5,3.5,4.1,0.2,297,5,3.3,3.7,0.2,298,5,6,29.42,,0,0,0,75.0,73.0,70.3,0.29,0.28,0.27
YORK,2017-08-21 20:05:00 EDT,42.85504,-77.84776,584,72.1,75.5,72.1,91.2,69.4,0.000,0.000,0.00,0.000,2.7,3.4,0.6,287,13,2.9,3.9,0.7,285,16,2.7,3.4,0.6,287,13,3,29.42,,0,0,0,75.0,73.0,70.3,0.29,0.28,0.27
YORK,2017-08-21 20:10:00 EDT,42.85504,-77.84776,584,71.6,73.6,71.6,92.2,69.2,0.000,0.000,0.00,0.000,0.9,1.5,0.2,234,17,1.2,1.8,0.2,230,15,0.9,1.5,0.2,234,17,2,29.42,,0,0,0,75.0,73.0,70.3,0.29,0.28,0.27
YORK,2017-08-21 20:15:00 EDT,42.85504,-77.84776,584,71.2,73.3,71.2,92.7,68.9,0.000,0.000,0.00,0.000,1.5,2.0,0.2,245,2,1.6,2.2,0.2,240,4,1.5,2.0,0.2,245,2,1,29.42,,0,0,0,75.0,73.0,70.3,0.29,0.28,0.27
YORK,2017-08-21 20:20:00 EDT,42.85504,-77.84776,584,70.8,73.3,70.8,93.3,68.7,0.000,0.000,0.00,0.000,1.6,2.8,0.8,238,6,1.7,3.0,0.8,233,8,1.6,2.8,0.8,238,6,0,29.42,,0,0,0,75.0,73.0,70.3,0.29,0.28,0.27
YORK,2017-08-21 20:25:00 EDT,42.85504,-77.84776,584,70.6,72.5,70.6,94.2,68.8,0.000,0.000,0.00,0.000,1.0,1.5,0.4,280,17,1.3,1.8,0.4,275,17,1.0,1.5,0.4,280,17,0,29.42,,0,0,0,74.7,73.0,70.3,0.29,0.28,0.27
YORK,2017-08-21 20:30:00 EDT,42.85504,-77.84776,584,70.1,73.3,70.1,94.2,68.3,0.000,0.000,0.00,0.000,2.3,2.9,0.4,282,5,2.6,3.3,0.4,281,6,2.3,2.9,0.4,282,5,0,29.42,,0,0,0,74.7,73.0,70.3,0.29,0.28,0.27
YORK,2017-08-21 20:35:00 EDT,42.85504,-77.84776,584,70.1,72.1,70.1,94.4,68.4,0.000,0.000,0.00,0.000,1.9,2.7,0.3,287,5,2.2,3.1,0.4,288,7,1.9,2.7,0.3,287,5,0,29.42,,0,0,0,74.7,73.0,70.3,0.29,0.28,0.27
YORK,2017-08-21 20:40:00 EDT,42.85504,-77.84776,584,69.7,71.9,69.7,94.3,68.0,0.000,0.000,0.00,0.000,1.9,2.6,0.4,293,6,2.2,3.1,0.4,294,7,1.9,2.6,0.4,293,6,0,29.42,,0,0,0,74.7,73.0,70.3,0.29,0.28,0.27
YORK,2017-08-21 20:45:00 EDT,42.85504,-77.84776,584,69.1,71.7,69.1,94.2,67.4,0.000,0.000,0.00,0.000,1.2,2.3,0.4,252,42,1.5,2.8,0.5,242,45,1.2,2.3,0.4,252,42,0,29.42,,0,0,0,74.7,73.0,70.3,0.29,0.28,0.27
YORK,2017-08-21 20:50:00 EDT,42.85504,-77.84776,584,68.8,72.2,68.8,95.2,67.4,0.000,0.000,0.00,0.000,2.0,2.6,0.3,185,5,2.4,3.1,0.3,185,5,2.0,2.6,0.3,185,5,0,29.42,,0,0,0,74.7,73.0,70.3,0.29,0.28,0.27
YORK,2017-08-21 20:55:00 EDT,42.85504,-77.84776,584,69.4,72.8,69.4,96.4,68.4,0.000,0.000,0.00,0.000,2.3,3.0,0.4,226,16,2.3,3.1,0.4,223,15,2.3,3.0,0.4,226,16,0,29.42,,0,0,0,74.7,73.0,70.3,0.29,0.28,0.27
YORK,2017-08-21 21:00:00 EDT,42.85504,-77.84776,584,69.2,72.8,69.2,95.9,68.0,0.000,0.000,0.00,0.000,1.8,3.0,0.6,249,6,2.0,3.4,0.7,242,9,1.8,3.0,0.6,249,6,0,29.42,,0,0,0,74.7,73.0,70.3,0.29,0.28,0.27
YORK,2017-08-21 21:05:00 EDT,42.85504,-77.84776,584,68.9,72.9,68.9,95.7,67.6,0.000,0.000,0.00,0.000,1.1,1.8,0.4,240,7,1.3,1.9,0.4,234,10,1.1,1.8,0.4,240,7,0,29.43,,0,0,0,74.7,73.0,70.3,0.29,0.28,0.27
YORK,2017-08-21 21:10:00 EDT,42.85504,-77.84776,584,68.6,72.8,68.6,95.5,67.2,0.000,0.000,0.00,0.000,2.1,3.1,0.6,237,4,2.2,3.4,0.6,233,6,2.1,3.1,0.6,237,4,0,29.43,,0,0,0,74.6,73.0,70.3,0.29,0.28,0.27
YORK,2017-08-21 21:15:00 EDT,42.85504,-77.84776,584,68.2,72.6,68.2,95.6,66.9,0.000,0.000,0.00,0.000,1.9,2.1,0.1,232,3,1.8,2.3,0.1,226,4,1.9,2.1,0.1,232,3,0,29.43,,0,0,0,74.3,73.0,70.3,0.29,0.28,0.27
YORK,2017-08-21 21:20:00 EDT,42.85504,-77.84776,584,68.0,72.3,68.0,95.7,66.7,0.000,0.000,0.00,0.000,2.1,2.8,0.3,233,9,2.2,3.2,0.3,227,10,2.1,2.8,0.3,233,9,0,29.42,,0,0,0,74.3,73.0,70.3,0.29,0.28,0.27
YORK,2017-08-21 21:25:00 EDT,42.85504,-77.84776,584,67.7,70.0,67.7,95.7,66.4,0.000,0.000,0.00,0.000,2.2,2.6,0.2,191,6,2.6,3.1,0.3,190,6,2.2,2.6,0.2,191,6,0,29.43,,0,0,0,74.3,73.0,70.3,0.29,0.28,0.27
YORK,2017-08-21 21:30:00 EDT,42.85504,-77.84776,584,67.6,71.0,67.6,96.3,66.5,0.000,0.000,0.00,0.000,1.7,2.3,0.2,192,10,2.0,2.5,0.2,191,10,1.7,2.3,0.2,192,10,0,29.43,,0,0,0,74.3,73.0,70.3,0.29,0.28,0.27
YORK,2017-08-21 21:35:00 EDT,42.85504,-77.84776,584,67.7,71.1,67.7,96.6,66.7,0.000,0.000,0.00,0.000,2.8,3.9,0.6,206,10,3.0,4.1,0.6,203,9,2.8,3.9,0.6,206,10,0,29.43,,0,0,0,74.3,73.0,70.3,0.29,0.28,0.27
YORK,2017-08-21 21:40:00 EDT,42.85504,-77.84776,584,67.7,71.2,67.7,96.5,66.7,0.000,0.000,0.00,0.000,2.6,3.4,0.3,209,9,2.7,3.5,0.3,207,9,2.6,3.4,0.3,209,9,0,29.43,,0,0,0,74.2,73.0,70.3,0.29,0.28,0.27
YORK,2017-08-21 21:45:00 EDT,42.85504,-77.84776,584,67.3,70.5,67.3,96.5,66.2,0.000,0.000,0.00,0.000,2.4,2.9,0.3,209,4,2.6,3.2,0.3,208,4,2.4,2.9,0.3,209,4,0,29.43,,0,0,0,73.9,73.0,70.3,0.29,0.28,0.27
YORK,2017-08-21 21:50:00 EDT,42.85504,-77.84776,584,67.3,70.6,67.3,96.8,66.4,0.000,0.000,0.00,0.000,2.7,2.9,0.1,216,6,2.7,3.2,0.3,214,5,2.7,2.9,0.1,216,6,0,29.43,,0,0,0,73.9,73.0,70.3,0.29,0.28,0.27
YORK,2017-08-21 21:55:00 EDT,42.85504,-77.84776,584,67.2,70.2,67.2,96.8,66.3,0.000,0.000,0.00,0.000,2.2,3.1,0.4,235,7,2.1,3.3,0.4,231,7,2.2,3.1,0.4,235,7,0,29.43,,0,0,0,73.9,73.0,70.3,0.29,0.28,0.27
YORK,2017-08-21 22:00:00 EDT,42.85504,-77.84776,584,67.2,69.8,67.2,96.9,66.3,0.000,0.000,0.00,0.000,2.5,3.1,0.4,225,21,2.6,3.7,0.4,220,20,2.5,3.1,0.4,225,21,0,29.43,,0,0,0,73.9,73.0,70.3,0.29,0.28,0.27
YORK,2017-08-21 22:05:00 EDT,42.85504,-77.84776,584,66.8,68.8,66.8,96.7,65.9,0.000,0.000,0.00,0.000,2.4,2.8,0.2,196,14,2.6,3.1,0.2,194,14,2.4,2.8,0.2,196,14,0,29.43,,0,0,0,73.9,73.0,70.3,0.29,0.28,0.27
YORK,2017-08-21 22:10:00 EDT,42.85504,-77.84776,584,66.6,69.3,66.6,96.8,65.7,0.000,0.000,0.00,0.000,2.6,4.2,0.4,222,4,2.5,4.5,0.5,218,4,2.6,4.2,0.4,222,4,0,29.43,,0,0,0,73.9,73.0,70.3,0.29,0.28,0.27
YORK,2017-08-21 22:15:00 EDT,42.85504,-77.84776,584,66.9,70.2,66.9,97.0,66.1,0.000,0.000,0.00,0.000,3.7,5.2,0.6,236,8,3.7,4.9,0.6,232,7,3.7,5.2,0.6,236,8,0,29.43,,0,0,0,73.9,73.0,70.3,0.29,0.28,0.27
YORK,2017-08-21 22:20:00 EDT,42.85504,-77.84776,584,67.4,70.0,67.4,96.9,66.5,0.000,0.000,0.00,0.000,2.5,3.4,0.4,222,12,2.5,3.9,0.4,218,10,2.5,3.4,0.4,222,12,0,29.43,,0,0,0,73.9,73.0,70.3,0.29,0.28,0.27
YORK,2017-08-21 22:25:00 EDT,42.85504,-77.84776,584,67.3,70.2,67.3,96.8,66.3,0.000,0.000,0.00,0.000,2.6,3.8,0.4,224,9,2.5,4.2,0.5,220,9,2.6,3.8,0.4,224,9,0,29.43,,0,0,0,73.8,73.0,70.3,0.29,0.28,0.27
YORK,2017-08-21 22:30:00 EDT,42.85504,-77.84776,584,67.4,70.3,67.4,96.7,66.5,0.000,0.000,0.00,0.000,2.5,3.3,0.3,225,7,2.4,3.3,0.4,221,7,2.5,3.3,0.3,225,7,0,29.42,,0,0,0,73.5,73.0,70.3,0.29,0.28,0.27
YORK,2017-08-21 22:35:00 EDT,42.85504,-77.84776,584,66.8,69.9,66.8,96.2,65.7,0.000,0.000,0.00,0.000,2.9,3.9,0.3,226,7,2.8,4.2,0.4,222,6,2.9,3.9,0.3,226,7,0,29.42,,0,0,0,73.4,73.0,70.3,0.29,0.28,0.27
YORK,2017-08-21 22:40:00 EDT,42.85504,-77.84776,584,66.7,69.9,66.7,96.1,65.6,0.000,0.000,0.00,0.000,2.4,3.4,0.4,224,9,2.2,3.2,0.4,221,8,2.4,3.4,0.4,224,9,0,29.42,,0,0,0,73.4,73.0,70.3,0.29,0.28,0.27
YORK,2017-08-21 22:45:00 EDT,42.85504,-77.84776,584,66.0,69.9,66.0,95.8,64.7,0.000,0.000,0.00,0.000,1.8,2.8,0.4,203,5,1.9,2.8,0.4,201,8,1.8,2.8,0.4,203,5,0,29.42,,0,0,0,73.4,73.0,70.3,0.29,0.28,0.27
YORK,2017-08-21 22:50:00 EDT,42.85504,-77.84776,584,65.8,69.7,65.8,95.8,64.5,0.000,0.000,0.00,0.000,1.8,2.8,0.3,181,7,2.1,3.4,0.4,179,8,1.8,2.8,0.3,181,7,0,29.42,,0,0,0,73.4,73.0,70.3,0.29,0.28,0.27
YORK,2017-08-21 22:55:00 EDT,42.85504,-77.84776,584,65.3,69.6,65.3,95.7,64.0,0.000,0.000,0.00,0.000,2.3,3.0,0.3,191,6,2.6,3.6,0.4,190,5,2.3,3.0,0.3,191,6,0,29.42,,0,0,0,73.4,73.0,70.3,0.29,0.28,0.27
YORK,2017-08-21 23:00:00 EDT,42.85504,-77.84776,584,65.4,69.2,65.4,96.2,64.3,0.000,0.000,0.00,0.000,2.3,3.4,0.3,181,7,2.6,3.5,0.4,181,7,2.3,3.4,0.3,181,7,0,29.41,,0,0,0,73.4,73.0,70.3,0.29,0.28,0.27
YORK,2017-08-21 23:05:00 EDT,42.85504,-77.84776,584,65.8,69.3,65.8,96.8,64.9,0.000,0.000,0.00,0.000,3.1,4.2,0.5,198,5,3.4,4.8,0.6,195,5,3.1,4.2,0.5,198,5,0,29.41,,0,0,0,73.1,73.0,70.3,0.29,0.28,0.27
YORK,2017-08-21 23:10:00 EDT,42.85504,-77.84776,584,66.0,68.8,66.0,97.0,65.1,0.000,0.000,0.00,0.000,2.5,3.2,0.3,222,9,2.5,3.5,0.4,219,7,2.5,3.2,0.3,222,9,0,29.41,,0,0,0,73.0,73.0,70.3,0.29,0.28,0.27
YORK,2017-08-21 23:15:00 EDT,42.85504,-77.84776,584,66.0,69.0,66.0,96.8,65.1,0.000,0.000,0.00,0.000,2.9,3.9,0.4,236,9,3.0,4.2,0.5,232,8,2.9,3.9,0.4,236,9,0,29.41,,0,0,0,73.0,73.0,70.3,0.29,0.28,0.27
YORK,2017-08-21 23:20:00 EDT,42.85504,-77.84776,584,66.2,68.4,66.2,96.9,65.3,0.000,0.000,0.00,0.000,2.5,4.5,0.5,228,8,2.4,4.4,0.6,223,6,2.5,4.5,0.5,228,8,0,29.41,,0,0,0,73.0,73.0,70.3,0.29,0.28,0.27
YORK,2017-08-21 23:25:00 EDT,42.85504,-77.84776,584,66.1,68.7,66.1,96.8,65.2,0.000,0.000,0.00,0.000,2.8,3.9,0.4,223,10,2.8,4.4,0.6,220,8,2.8,3.9,0.4,223,10,0,29.41,,0,0,0,73.0,73.0,70.3,0.29,0.28,0.27
YORK,2017-08-21 23:30:00 EDT,42.85504,-77.84776,584,65.9,68.4,65.9,96.5,64.8,0.000,0.000,0.00,0.000,2.7,3.4,0.4,220,6,2.6,4.1,0.5,217,5,2.7,3.4,0.4,220,6,0,29.41,,0,0,0,73.0,73.0,70.3,0.29,0.28,0.27
YORK,2017-08-21 23:35:00 EDT,42.85504,-77.84776,584,65.5,68.1,65.5,96.2,64.4,0.000,0.000,0.00,0.000,2.5,3.1,0.3,217,7,2.4,3.4,0.4,214,6,2.5,3.1,0.3,217,7,0,29.41,,0,0,0,73.0,73.0,70.3,0.29,0.28,0.27
YORK,2017-08-21 23:40:00 EDT,42.85504,-77.84776,584,65.7,68.3,65.7,96.4,64.6,0.000,0.000,0.00,0.000,2.8,4.0,0.5,220,10,2.8,4.6,0.7,217,10,2.8,4.0,0.5,220,10,0,29.41,,0,0,0,73.0,73.0,70.4,0.29,0.28,0.27
YORK,2017-08-21 23:45:00 EDT,42.85504,-77.84776,584,66.5,68.4,66.5,96.9,65.6,0.000,0.000,0.00,0.000,2.5,4.3,0.5,222,11,2.5,4.5,0.6,219,9,2.5,4.3,0.5,222,11,0,29.40,,0,0,0,73.0,73.0,70.3,0.29,0.28,0.27
YORK,2017-08-21 23:50:00 EDT,42.85504,-77.84776,584,66.5,68.4,66.5,96.7,65.5,0.000,0.000,0.00,0.000,3.1,5.0,0.6,215,11,3.3,5.4,0.7,211,11,3.1,5.0,0.6,215,11,0,29.41,,0,0,0,72.9,73.0,70.3,0.29,0.28,0.27
YORK,2017-08-21 23:55:00 EDT,42.85504,-77.84776,584,66.8,68.3,66.8,96.6,65.8,0.000,0.000,0.00,0.000,3.4,6.5,1.1,201,14,3.7,7.0,1.2,197,12,3.4,6.5,1.1,201,14,0,29.40,,0,0,0,72.7,73.0,70.4,0.29,0.28,0.27
